snapshot_utc,station_id,num_bikes_available,num_ebikes_available,num_docks_available,num_bikes_disabled,num_docks_disabled,is_installed,is_renting,is_returning,last_reported
2026-07-31T00:01:36Z,1,9,4,14,0,0,1,1,1,1785456091
2026-07-31T00:01:36Z,2,24,0,1,2,0,1,1,1,1785456072
2026-07-31T00:01:36Z,3,11,1,1,2,0,1,1,1,1785455803
2026-07-31T00:01:36Z,4,21,1,0,1,0,1,1,1,1785455202
2026-07-31T00:01:36Z,5,8,3,14,1,0,1,1,1,1785453320
2026-07-31T00:01:36Z,6,9,0,6,0,0,1,1,1,1785455344
2026-07-31T00:01:36Z,7,7,0,31,1,0,1,1,1,1785456089
2026-07-31T00:01:36Z,8,3,0,40,0,0,1,1,1,1785455298
2026-07-31T00:01:36Z,9,10,0,11,2,0,1,1,1,1785456075
2026-07-31T00:01:36Z,10,0,0,20,3,0,1,1,1,1785452766
2026-07-31T00:01:36Z,11,5,0,12,2,0,1,1,1,1785455592
2026-07-31T00:01:36Z,12,14,1,9,0,0,1,1,1,1785456009
2026-07-31T00:01:36Z,13,18,2,12,0,0,1,1,1,1785455563
2026-07-31T00:01:36Z,14,26,1,16,0,1,1,1,1,1785455961
2026-07-31T00:01:36Z,15,13,1,2,0,0,1,1,1,1785456017
2026-07-31T00:01:36Z,16,4,0,20,2,1,1,1,1,1785455266
2026-07-31T00:01:36Z,17,7,0,19,1,0,1,1,1,1785455845
2026-07-31T00:01:36Z,18,12,0,4,2,0,1,1,1,1785456032
2026-07-31T00:01:36Z,19,10,2,16,1,0,1,1,1,1785456064
2026-07-31T00:01:36Z,20,21,1,14,0,0,1,1,1,1785456008
2026-07-31T00:01:36Z,21,16,2,3,0,0,1,1,1,1785455999
2026-07-31T00:01:36Z,22,21,0,43,1,0,1,1,1,1785456091
2026-07-31T00:01:36Z,23,29,2,2,0,0,1,1,1,1785456000
2026-07-31T00:01:36Z,24,10,2,0,1,0,1,1,1,1785456090
2026-07-31T00:01:36Z,25,73,5,4,4,0,1,1,1,1785456089
2026-07-31T00:01:36Z,26,6,0,21,0,0,1,1,1,1785455878
2026-07-31T00:01:36Z,28,5,0,10,0,0,1,1,1,1785455937
2026-07-31T00:01:36Z,30,11,3,17,1,0,1,1,1,1785456068
2026-07-31T00:01:36Z,31,2,0,15,2,0,1,1,1,1785456092
2026-07-31T00:01:36Z,32,18,3,8,1,0,1,1,1,1785455973
2026-07-31T00:01:36Z,34,20,1,17,0,0,1,1,1,1785455740
2026-07-31T00:01:36Z,35,47,1,0,0,0,1,1,1,1785456080
2026-07-31T00:01:36Z,36,0,0,0,0,0,0,1,1,86400
2026-07-31T00:01:36Z,37,19,0,4,0,0,1,1,1,1785456078
2026-07-31T00:01:36Z,38,1,0,22,0,0,1,1,1,1785455819
2026-07-31T00:01:36Z,39,20,1,19,0,0,1,1,1,1785455902
2026-07-31T00:01:36Z,40,7,2,12,2,0,1,1,1,1785456080
2026-07-31T00:01:36Z,41,12,0,30,1,0,1,1,1,1785455728
2026-07-31T00:01:36Z,42,18,2,13,0,0,1,1,1,1785454613
2026-07-31T00:01:36Z,43,2,0,21,0,0,1,1,1,1785455417
2026-07-31T00:01:36Z,45,2,1,26,1,0,1,1,1,1785454667
2026-07-31T00:01:36Z,46,3,0,28,0,0,1,1,1,1785455953
2026-07-31T00:01:36Z,47,13,2,1,1,0,1,1,1,1785454697
2026-07-31T00:01:36Z,48,10,0,17,0,0,1,1,1,1785455949
2026-07-31T00:01:36Z,49,2,0,17,4,0,1,1,1,1785456091
2026-07-31T00:01:36Z,50,3,0,15,1,0,1,1,1,1785455470
2026-07-31T00:01:36Z,51,30,0,47,0,0,1,1,1,1785456085
2026-07-31T00:01:36Z,52,9,1,15,3,0,1,1,1,1785456036
2026-07-31T00:01:36Z,55,0,0,22,1,0,1,1,1,1785455945
2026-07-31T00:01:36Z,56,5,2,38,0,0,1,1,1,1785456006
2026-07-31T00:01:36Z,57,13,2,14,0,0,1,1,1,1785455997
2026-07-31T00:01:36Z,58,4,4,24,0,0,1,1,1,1785454203
2026-07-31T00:01:36Z,59,2,1,23,2,0,1,1,1,1785456050
2026-07-31T00:01:36Z,61,27,0,11,1,0,1,1,1,1785455885
2026-07-31T00:01:36Z,62,19,15,29,1,0,1,1,1,1785455903
2026-07-31T00:01:36Z,63,5,1,14,0,0,1,1,1,1785456092
2026-07-31T00:01:36Z,64,14,0,3,2,0,1,1,1,1785454572
2026-07-31T00:01:36Z,65,10,4,8,1,0,1,1,1,1785455468
2026-07-31T00:01:36Z,67,1,0,38,0,0,1,1,1,1785455981
2026-07-31T00:01:36Z,68,7,0,30,0,0,1,1,1,1785455985
2026-07-31T00:01:36Z,69,11,1,2,2,0,1,1,1,1785455722
2026-07-31T00:01:36Z,71,1,1,25,1,0,1,1,1,1785455889
2026-07-31T00:01:36Z,72,12,4,18,1,0,1,1,1,1785456086
2026-07-31T00:01:36Z,73,2,0,29,0,0,1,1,1,1785456050
2026-07-31T00:01:36Z,74,4,1,15,0,0,1,1,1,1785455961
2026-07-31T00:01:36Z,75,1,1,29,2,0,1,1,1,1785455880
2026-07-31T00:01:36Z,76,0,0,18,1,0,1,1,1,1785456087
2026-07-31T00:01:36Z,77,15,0,11,1,0,1,1,1,1785455392
2026-07-31T00:01:36Z,78,0,0,23,0,0,1,1,1,1785455010
2026-07-31T00:01:36Z,79,0,0,15,2,0,1,1,1,1785455879
2026-07-31T00:01:36Z,80,18,0,2,3,0,1,1,1,1785455986
2026-07-31T00:01:36Z,81,12,0,19,0,0,1,1,1,1785456010
2026-07-31T00:01:36Z,82,1,1,22,0,0,1,1,1,1785455160
2026-07-31T00:01:36Z,83,16,3,17,1,0,1,1,1,1785456018
2026-07-31T00:01:36Z,84,7,4,20,0,0,1,1,1,1785455956
2026-07-31T00:01:36Z,85,4,0,11,0,0,1,1,1,1785455392
2026-07-31T00:01:36Z,86,2,2,24,1,0,1,1,1,1785455616
2026-07-31T00:01:36Z,87,2,0,17,0,0,1,1,1,1785455009
2026-07-31T00:01:36Z,88,0,0,42,1,0,1,1,1,1785455992
2026-07-31T00:01:36Z,89,34,0,1,0,0,1,1,1,1785455932
2026-07-31T00:01:36Z,90,10,0,7,1,0,1,1,1,1785456028
2026-07-31T00:01:36Z,91,9,1,8,0,0,1,1,1,1785456055
2026-07-31T00:01:36Z,92,5,0,12,2,0,1,1,1,1785456004
2026-07-31T00:01:36Z,93,15,2,7,1,0,1,1,1,1785455866
2026-07-31T00:01:36Z,94,1,0,17,1,0,1,1,1,1785455027
2026-07-31T00:01:36Z,95,13,2,20,1,1,1,1,1,1785456084
2026-07-31T00:01:36Z,96,2,1,28,1,0,1,1,1,1785456006
2026-07-31T00:01:36Z,97,16,1,0,1,0,1,1,1,1785455931
2026-07-31T00:01:36Z,98,16,6,19,0,0,1,1,1,1785455721
2026-07-31T00:01:36Z,99,13,0,2,0,0,1,1,1,1785456061
2026-07-31T00:01:36Z,100,26,1,1,0,0,1,1,1,1785456086
2026-07-31T00:01:36Z,101,14,0,0,1,0,1,1,1,1785455267
2026-07-31T00:01:36Z,102,21,2,2,0,0,1,1,1,1785455958
2026-07-31T00:01:36Z,103,28,1,0,2,0,1,1,1,1785455863
2026-07-31T00:01:36Z,104,23,0,2,2,0,1,1,1,1785456085
2026-07-31T00:01:36Z,105,17,0,2,0,0,1,1,1,1785455744
2026-07-31T00:01:36Z,106,4,0,17,0,0,1,1,1,1785456009
2026-07-31T00:01:36Z,107,36,0,1,0,0,1,1,1,1785455651
2026-07-31T00:01:36Z,108,23,1,11,1,0,1,1,1,1785456089
2026-07-31T00:01:36Z,109,23,1,0,0,0,1,1,1,1785455418
2026-07-31T00:01:36Z,110,8,0,15,0,0,1,1,1,1785455991
2026-07-31T00:01:36Z,111,7,0,29,0,0,1,1,1,1785456054
2026-07-31T00:01:36Z,112,13,0,1,1,0,1,1,1,1785455854
2026-07-31T00:01:36Z,113,15,1,3,1,0,1,1,1,1785456086
2026-07-31T00:01:36Z,114,3,3,26,1,1,1,1,1,1785455782
2026-07-31T00:01:36Z,115,4,2,22,2,0,1,1,1,1785455884
2026-07-31T00:01:36Z,116,6,6,21,0,0,1,1,1,1785456023
2026-07-31T00:01:36Z,118,19,12,1,3,0,1,1,1,1785456041
2026-07-31T00:01:36Z,119,6,1,30,2,0,1,1,1,1785455703
2026-07-31T00:01:36Z,120,8,4,18,1,0,1,1,1,1785455370
2026-07-31T00:01:36Z,121,1,0,17,0,1,1,1,1,1785455877
2026-07-31T00:01:36Z,122,5,0,15,1,0,1,1,1,1785455952
2026-07-31T00:01:36Z,123,1,1,46,0,0,1,1,1,1785455492
2026-07-31T00:01:36Z,124,21,14,13,1,0,1,1,1,1785456061
2026-07-31T00:01:36Z,125,4,2,19,0,0,1,1,1,1785456087
2026-07-31T00:01:36Z,126,13,2,18,0,0,1,1,1,1785454123
2026-07-31T00:01:36Z,127,5,5,27,3,0,1,1,1,1785456090
2026-07-31T00:01:36Z,128,6,5,12,1,0,1,1,1,1785455934
2026-07-31T00:01:36Z,129,8,1,10,1,0,1,1,1,1785455805
2026-07-31T00:01:36Z,130,5,0,12,0,0,1,1,1,1785454644
2026-07-31T00:01:36Z,131,6,3,3,2,0,1,1,1,1785455813
2026-07-31T00:01:36Z,132,1,0,13,0,1,1,1,1,1785456025
2026-07-31T00:01:36Z,134,8,6,13,2,0,1,1,1,1785456089
2026-07-31T00:01:36Z,135,4,4,15,0,0,1,1,1,1785455215
2026-07-31T00:01:36Z,136,17,3,6,0,0,1,1,1,1785455131
2026-07-31T00:01:36Z,137,9,8,10,0,0,1,1,1,1785455940
2026-07-31T00:01:36Z,138,26,5,10,1,0,1,1,1,1785454989
2026-07-31T00:01:36Z,139,7,4,10,2,0,1,1,1,1785456027
2026-07-31T00:01:36Z,140,6,3,15,2,0,1,1,1,1785456091
2026-07-31T00:01:36Z,141,20,9,15,1,0,1,1,1,1785456082
2026-07-31T00:01:36Z,142,11,3,12,0,0,1,1,1,1785455948
2026-07-31T00:01:36Z,143,17,2,14,0,0,1,1,1,1785455775
2026-07-31T00:01:36Z,144,21,1,6,0,0,1,1,1,1785455884
2026-07-31T00:01:36Z,145,24,4,4,1,0,1,1,1,1785455890
2026-07-31T00:01:36Z,146,16,2,6,1,0,1,1,1,1785455925
2026-07-31T00:01:36Z,147,0,0,17,2,0,1,1,1,1785455550
2026-07-31T00:01:36Z,148,5,2,20,2,0,1,1,1,1785456083
2026-07-31T00:01:36Z,149,2,0,25,0,0,1,1,1,1785456077
2026-07-31T00:01:36Z,150,25,7,8,2,0,1,1,1,1785455912
2026-07-31T00:01:36Z,151,14,1,9,0,0,1,1,1,1785455903
2026-07-31T00:01:36Z,152,20,3,4,3,0,1,1,1,1785456087
2026-07-31T00:01:36Z,153,0,0,0,30,1,1,1,1,1785456093
2026-07-31T00:01:36Z,154,13,1,7,3,0,1,1,1,1785456062
2026-07-31T00:01:36Z,155,11,4,2,1,0,1,1,1,1785455965
2026-07-31T00:01:36Z,156,15,0,4,0,0,1,1,1,1785456083
2026-07-31T00:01:36Z,157,9,4,16,2,0,1,1,1,1785456092
2026-07-31T00:01:36Z,158,1,1,15,0,0,1,1,1,1785455369
2026-07-31T00:01:36Z,159,5,1,14,0,0,1,1,1,1785455334
2026-07-31T00:01:36Z,160,7,3,12,0,0,1,1,1,1785455964
2026-07-31T00:01:36Z,161,21,1,1,0,0,1,1,1,1785455971
2026-07-31T00:01:36Z,162,6,5,18,3,0,1,1,1,1785455643
2026-07-31T00:01:36Z,163,7,0,23,0,1,1,1,1,1785456088
2026-07-31T00:01:36Z,164,17,1,10,0,0,1,1,1,1785455977
2026-07-31T00:01:36Z,165,26,3,4,1,0,1,1,1,1785456006
2026-07-31T00:01:36Z,166,27,5,9,3,0,1,1,1,1785456088
2026-07-31T00:01:36Z,167,8,6,14,1,0,1,1,1,1785455599
2026-07-31T00:01:36Z,168,1,1,23,3,0,1,1,1,1785456085
2026-07-31T00:01:36Z,169,20,6,2,0,1,1,1,1,1785456091
2026-07-31T00:01:36Z,170,3,1,15,1,0,1,1,1,1785455783
2026-07-31T00:01:36Z,171,6,1,5,2,0,1,1,1,1785455840
2026-07-31T00:01:36Z,173,35,4,4,0,0,1,1,1,1785455949
2026-07-31T00:01:36Z,174,8,2,15,3,0,1,1,1,1785455856
2026-07-31T00:01:36Z,175,29,0,1,1,0,1,1,1,1785455961
2026-07-31T00:01:36Z,176,11,1,1,2,1,1,1,1,1785455906
2026-07-31T00:01:36Z,177,25,9,2,0,0,1,1,1,1785456055
2026-07-31T00:01:36Z,178,8,4,4,2,1,1,1,1,1785456091
2026-07-31T00:01:36Z,179,10,0,3,2,0,1,1,1,1785456079
2026-07-31T00:01:36Z,180,18,0,12,0,0,1,1,1,1785455828
2026-07-31T00:01:36Z,181,10,5,4,1,0,1,1,1,1785456017
2026-07-31T00:01:36Z,182,3,3,14,0,0,1,1,1,1785455580
2026-07-31T00:01:36Z,183,16,4,7,0,0,1,1,1,1785456009
2026-07-31T00:01:36Z,184,3,0,19,1,0,1,1,1,1785455484
2026-07-31T00:01:36Z,185,5,0,8,1,1,1,1,1,1785455936
2026-07-31T00:01:36Z,186,1,1,18,0,0,1,1,1,1785455620
2026-07-31T00:01:36Z,187,26,3,1,1,0,1,1,1,1785456089
2026-07-31T00:01:36Z,188,19,1,0,8,0,1,1,1,1785456003
2026-07-31T00:01:36Z,189,1,0,14,0,0,1,1,1,1785454630
2026-07-31T00:01:36Z,190,6,6,17,0,0,1,1,1,1785456087
2026-07-31T00:01:36Z,191,1,0,38,0,0,1,1,1,1785455572
2026-07-31T00:01:36Z,192,8,3,20,3,0,1,1,1,1785455555
2026-07-31T00:01:36Z,193,10,5,2,3,0,1,1,1,1785455932
2026-07-31T00:01:36Z,194,7,0,19,1,0,1,1,1,1785455707
2026-07-31T00:01:36Z,195,3,2,16,0,0,1,1,1,1785455952
2026-07-31T00:01:36Z,196,17,5,7,3,0,1,1,1,1785456069
2026-07-31T00:01:36Z,197,0,0,18,0,1,1,1,1,1785455720
2026-07-31T00:01:36Z,198,18,16,5,0,0,1,1,1,1785455964
2026-07-31T00:01:36Z,199,13,12,0,2,0,1,1,1,1785455726
2026-07-31T00:01:36Z,200,18,7,8,0,0,1,1,1,1785456014
2026-07-31T00:01:36Z,201,2,1,21,0,0,1,1,1,1785455593
2026-07-31T00:01:36Z,202,26,1,1,0,0,1,1,1,1785455836
2026-07-31T00:01:36Z,203,20,0,9,2,0,1,1,1,1785455845
2026-07-31T00:01:36Z,204,15,2,18,2,0,1,1,1,1785455987
2026-07-31T00:01:36Z,205,8,0,19,0,0,1,1,1,1785455966
2026-07-31T00:01:36Z,206,11,7,2,2,0,1,1,1,1785456008
2026-07-31T00:01:36Z,207,1,1,20,0,0,1,1,1,1785455131
2026-07-31T00:01:36Z,208,2,0,26,1,0,1,1,1,1785456072
2026-07-31T00:01:36Z,209,26,3,4,1,0,1,1,1,1785456041
2026-07-31T00:01:36Z,210,2,2,25,0,0,1,1,1,1785455939
2026-07-31T00:01:36Z,211,3,2,19,1,0,1,1,1,1785456062
2026-07-31T00:01:36Z,212,26,1,8,1,0,1,1,1,1785455949
2026-07-31T00:01:36Z,213,22,2,0,1,0,1,1,1,1785456088
2026-07-31T00:01:36Z,214,14,13,25,8,0,1,1,1,1785456084
2026-07-31T00:01:36Z,215,0,0,23,0,0,1,1,1,1785455894
2026-07-31T00:01:36Z,216,9,0,9,1,0,1,1,1,1785455854
2026-07-31T00:01:36Z,217,20,0,8,1,0,1,1,1,1785455786
2026-07-31T00:01:36Z,218,10,10,25,4,0,1,1,1,1785456045
2026-07-31T00:01:36Z,219,25,0,1,0,0,1,1,1,1785456069
2026-07-31T00:01:36Z,220,22,21,18,2,1,1,1,1,1785455876
2026-07-31T00:01:36Z,221,13,11,1,1,0,1,1,1,1785455840
2026-07-31T00:01:36Z,222,13,8,5,1,0,1,1,1,1785456006
2026-07-31T00:01:36Z,223,5,1,28,2,0,1,1,1,1785455891
2026-07-31T00:01:36Z,224,13,13,7,2,0,1,1,1,1785455714
2026-07-31T00:01:36Z,225,14,0,1,4,0,1,1,1,1785455720
2026-07-31T00:01:36Z,226,22,7,9,0,0,1,1,1,1785455724
2026-07-31T00:01:36Z,227,9,9,16,1,1,1,1,1,1785456013
2026-07-31T00:01:36Z,228,15,11,4,0,0,1,1,1,1785456005
2026-07-31T00:01:36Z,230,23,3,3,0,0,1,1,1,1785456028
2026-07-31T00:01:36Z,232,5,1,11,1,0,1,1,1,1785454296
2026-07-31T00:01:36Z,233,9,3,21,1,0,1,1,1,1785456051
2026-07-31T00:01:36Z,234,4,2,9,5,1,1,1,1,1785456077
2026-07-31T00:01:36Z,236,4,1,14,1,0,1,1,1,1785456021
2026-07-31T00:01:36Z,237,9,1,13,1,0,1,1,1,1785455763
2026-07-31T00:01:36Z,239,20,11,5,2,0,1,1,1,1785455944
2026-07-31T00:01:36Z,241,7,2,16,0,0,1,1,1,1785455837
2026-07-31T00:01:36Z,242,1,1,21,1,0,1,1,1,1785454911
2026-07-31T00:01:36Z,243,14,6,14,3,0,1,1,1,1785456086
2026-07-31T00:01:36Z,244,3,2,23,1,0,1,1,1,1785456054
2026-07-31T00:01:36Z,245,17,13,4,2,0,1,1,1,1785455944
2026-07-31T00:01:36Z,246,5,2,18,0,0,1,1,1,1785456091
2026-07-31T00:01:36Z,247,19,10,4,0,0,1,1,1,1785455698
2026-07-31T00:01:36Z,248,1,1,19,3,0,1,1,1,1785455695
2026-07-31T00:01:36Z,249,4,3,15,0,0,1,1,1,1785455893
2026-07-31T00:01:36Z,250,1,0,25,1,0,1,1,1,1785455650
2026-07-31T00:01:36Z,251,17,13,8,2,0,1,1,1,1785456063
2026-07-31T00:01:36Z,253,4,3,13,2,0,1,1,1,1785455700
2026-07-31T00:01:36Z,254,15,11,27,1,0,1,1,1,1785455659
2026-07-31T00:01:36Z,255,2,0,20,0,1,1,1,1,1785456062
2026-07-31T00:01:36Z,256,12,6,10,1,0,1,1,1,1785456065
2026-07-31T00:01:36Z,257,11,7,7,1,0,1,1,1,1785455479
2026-07-31T00:01:36Z,258,14,10,4,1,0,1,1,1,1785456091
2026-07-31T00:01:36Z,259,15,1,7,0,1,1,1,1,1785456018
2026-07-31T00:01:36Z,260,0,0,18,1,0,1,1,1,1785456012
2026-07-31T00:01:36Z,261,14,0,4,0,1,1,1,1,1785455655
2026-07-31T00:01:36Z,262,16,2,7,0,0,1,1,1,1785455908
2026-07-31T00:01:36Z,263,14,5,1,0,0,1,1,1,1785455100
2026-07-31T00:01:36Z,264,7,0,11,1,0,1,1,1,1785455887
2026-07-31T00:01:36Z,265,9,1,6,0,0,1,1,1,1785455611
2026-07-31T00:01:36Z,266,8,5,11,0,0,1,1,1,1785455799
2026-07-31T00:01:36Z,267,3,0,10,2,0,1,1,1,1785456011
2026-07-31T00:01:36Z,268,15,6,8,0,0,1,1,1,1785454374
2026-07-31T00:01:36Z,269,8,2,15,0,0,1,1,1,1785455572
2026-07-31T00:01:36Z,270,9,0,17,1,0,1,1,1,1785456090
2026-07-31T00:01:36Z,271,0,0,17,2,0,1,1,1,1785453671
2026-07-31T00:01:36Z,272,10,9,13,0,0,1,1,1,1785455749
2026-07-31T00:01:36Z,273,6,3,9,0,0,1,1,1,1785455662
2026-07-31T00:01:36Z,274,7,1,12,0,0,1,1,1,1785454551
2026-07-31T00:01:36Z,275,3,0,20,0,0,1,1,1,1785455957
2026-07-31T00:01:36Z,276,0,0,27,0,0,1,1,1,1785455880
2026-07-31T00:01:36Z,277,0,0,19,4,0,1,1,1,1785455960
2026-07-31T00:01:36Z,278,2,2,27,1,1,1,1,1,1785455467
2026-07-31T00:01:36Z,279,6,5,13,0,0,1,1,1,1785455579
2026-07-31T00:01:36Z,280,3,0,26,2,0,1,1,1,1785456035
2026-07-31T00:01:36Z,281,19,1,0,0,0,1,1,1,1785455600
2026-07-31T00:01:36Z,282,1,0,16,1,0,1,1,1,1785454029
2026-07-31T00:01:36Z,283,22,1,13,0,0,1,1,1,1785456041
2026-07-31T00:01:36Z,284,20,1,13,2,0,1,1,1,1785455815
2026-07-31T00:01:36Z,285,3,1,20,0,0,1,1,1,1785456051
2026-07-31T00:01:36Z,286,14,8,6,3,0,1,1,1,1785456037
2026-07-31T00:01:36Z,287,13,0,8,2,0,1,1,1,1785456065
2026-07-31T00:01:36Z,288,5,3,13,1,0,1,1,1,1785455783
2026-07-31T00:01:36Z,289,3,2,22,2,0,1,1,1,1785455537
2026-07-31T00:01:36Z,290,26,0,12,1,0,1,1,1,1785455976
2026-07-31T00:01:36Z,291,10,0,12,1,0,1,1,1,1785456089
2026-07-31T00:01:36Z,292,2,2,20,1,0,1,1,1,1785455802
2026-07-31T00:01:36Z,293,12,8,11,0,0,1,1,1,1785455731
2026-07-31T00:01:36Z,294,10,5,8,4,0,1,1,1,1785455947
2026-07-31T00:01:36Z,297,12,0,5,1,1,1,1,1,1785455902
2026-07-31T00:01:36Z,301,15,0,3,1,0,1,1,1,1785456072
2026-07-31T00:01:36Z,302,10,0,13,0,0,1,1,1,1785456061
2026-07-31T00:01:36Z,303,4,0,15,0,0,1,1,1,1785456074
2026-07-31T00:01:36Z,304,0,0,0,0,0,0,1,1,86400
2026-07-31T00:01:36Z,305,17,0,1,1,0,1,1,1,1785456083
2026-07-31T00:01:36Z,306,8,0,24,0,0,1,1,1,1785456005
2026-07-31T00:01:36Z,307,20,4,3,0,0,1,1,1,1785456090
2026-07-31T00:01:36Z,308,8,0,8,3,0,1,1,1,1785456063
2026-07-31T00:01:36Z,309,2,0,11,1,0,1,1,1,1785455795
2026-07-31T00:01:36Z,311,6,0,9,0,0,1,1,1,1785455930
2026-07-31T00:01:36Z,312,2,1,17,3,1,1,1,1,1785455878
2026-07-31T00:01:36Z,313,4,0,10,1,0,1,1,1,1785455767
2026-07-31T00:01:36Z,314,4,4,11,3,0,1,1,1,1785455462
2026-07-31T00:01:36Z,315,21,12,7,3,0,1,1,1,1785455317
2026-07-31T00:01:36Z,316,12,0,12,6,1,1,1,1,1785456014
2026-07-31T00:01:36Z,317,0,0,28,2,1,1,1,1,1785456016
2026-07-31T00:01:36Z,318,14,1,5,0,0,1,1,1,1785456033
2026-07-31T00:01:36Z,319,7,1,15,1,0,1,1,1,1785455837
2026-07-31T00:01:36Z,320,2,0,16,1,0,1,1,1,1785455409
2026-07-31T00:01:36Z,321,8,0,9,2,0,1,1,1,1785454648
2026-07-31T00:01:36Z,322,3,0,25,1,0,1,1,1,1785455929
2026-07-31T00:01:36Z,323,12,0,7,0,0,1,1,1,1785456081
2026-07-31T00:01:36Z,324,9,0,16,2,0,1,1,1,1785456084
2026-07-31T00:01:36Z,325,7,0,18,2,0,1,1,1,1785456019
2026-07-31T00:01:36Z,327,27,3,0,0,0,1,1,1,1785456002
2026-07-31T00:01:36Z,328,21,1,0,1,0,1,1,1,1785455668
2026-07-31T00:01:36Z,329,5,1,13,1,0,1,1,1,1785455255
2026-07-31T00:01:36Z,330,21,2,1,0,0,1,1,1,1785455860
2026-07-31T00:01:36Z,331,20,1,2,1,0,1,1,1,1785455205
2026-07-31T00:01:36Z,332,7,2,10,2,0,1,1,1,1785455851
2026-07-31T00:01:36Z,333,10,5,12,1,0,1,1,1,1785455990
2026-07-31T00:01:36Z,334,9,0,14,0,0,1,1,1,1785455833
2026-07-31T00:01:36Z,335,3,3,18,1,1,1,1,1,1785456092
2026-07-31T00:01:36Z,336,4,0,15,0,0,1,1,1,1785455337
2026-07-31T00:01:36Z,337,11,0,8,4,0,1,1,1,1785456034
2026-07-31T00:01:36Z,338,2,2,17,0,0,1,1,1,1785455702
2026-07-31T00:01:36Z,339,5,1,17,1,0,1,1,1,1785456051
2026-07-31T00:01:36Z,340,1,0,13,1,0,1,1,1,1785454530
2026-07-31T00:01:36Z,341,1,0,17,1,0,1,1,1,1785454962
2026-07-31T00:01:36Z,342,7,5,7,1,0,1,1,1,1785455770
2026-07-31T00:01:36Z,343,1,1,21,1,0,1,1,1,1785455289
2026-07-31T00:01:36Z,344,13,5,10,0,0,1,1,1,1785455723
2026-07-31T00:01:36Z,345,12,2,7,0,0,1,1,1,1785455839
2026-07-31T00:01:36Z,346,2,2,21,0,0,1,1,1,1785455960
2026-07-31T00:01:36Z,347,35,8,4,5,0,1,1,1,1785456081
2026-07-31T00:01:36Z,348,0,0,22,0,1,1,1,1,1785456011
2026-07-31T00:01:36Z,349,3,0,15,1,0,1,1,1,1785455923
2026-07-31T00:01:36Z,350,15,0,9,2,1,1,1,1,1785455664
2026-07-31T00:01:36Z,351,7,1,13,3,0,1,1,1,1785455968
2026-07-31T00:01:36Z,355,2,1,21,0,0,1,1,1,1785455848
2026-07-31T00:01:36Z,356,13,1,6,0,0,1,1,1,1785455923
2026-07-31T00:01:36Z,357,2,2,16,1,0,1,1,1,1785456088
2026-07-31T00:01:36Z,358,8,0,18,1,0,1,1,1,1785455935
2026-07-31T00:01:36Z,359,24,1,2,1,0,1,1,1,1785455785
2026-07-31T00:01:36Z,360,6,4,13,0,0,1,1,1,1785455886
2026-07-31T00:01:36Z,362,2,2,16,1,0,1,1,1,1785456011
2026-07-31T00:01:36Z,363,10,0,17,0,0,1,1,1,1785456040
2026-07-31T00:01:36Z,364,6,2,13,0,0,1,1,1,1785455952
2026-07-31T00:01:36Z,365,2,2,18,3,0,1,1,1,1785455686
2026-07-31T00:01:36Z,366,9,3,10,4,0,1,1,1,1785456082
2026-07-31T00:01:36Z,367,16,8,1,2,0,1,1,1,1785455691
2026-07-31T00:01:36Z,368,5,4,17,1,0,1,1,1,1785456079
2026-07-31T00:01:36Z,370,5,4,22,0,0,1,1,1,1785455980
2026-07-31T00:01:36Z,371,8,4,10,1,0,1,1,1,1785456067
2026-07-31T00:01:36Z,372,6,0,9,0,0,1,1,1,1785455121
2026-07-31T00:01:36Z,373,15,7,12,0,0,1,1,1,1785454643
2026-07-31T00:01:36Z,374,5,3,12,2,0,1,1,1,1785455995
2026-07-31T00:01:36Z,375,19,2,5,3,0,1,1,1,1785455972
2026-07-31T00:01:36Z,376,26,1,10,3,0,1,1,1,1785456023
2026-07-31T00:01:36Z,377,2,0,21,4,0,1,1,1,1785455706
2026-07-31T00:01:36Z,378,12,2,9,2,1,1,1,1,1785455962
2026-07-31T00:01:36Z,379,16,0,11,0,0,1,1,1,1785456051
2026-07-31T00:01:36Z,380,9,4,14,0,0,1,1,1,1785455690
2026-07-31T00:01:36Z,381,21,0,2,0,0,1,1,1,1785456041
2026-07-31T00:01:36Z,383,12,1,1,2,0,1,1,1,1785455303
2026-07-31T00:01:36Z,384,20,2,6,1,0,1,1,1,1785456041
2026-07-31T00:01:36Z,385,1,0,15,2,0,1,1,1,1785455480
2026-07-31T00:01:36Z,387,4,1,19,0,0,1,1,1,1785455531
2026-07-31T00:01:36Z,388,6,1,41,2,0,1,1,1,1785455846
2026-07-31T00:01:36Z,389,6,5,9,0,0,1,1,1,1785455963
2026-07-31T00:01:36Z,390,25,3,10,0,0,1,1,1,1785456026
2026-07-31T00:01:36Z,391,7,1,8,0,0,1,1,1,1785453383
2026-07-31T00:01:36Z,392,2,1,16,1,0,1,1,1,1785455879
2026-07-31T00:01:36Z,393,0,0,9,2,0,1,1,1,1785453551
2026-07-31T00:01:36Z,394,0,0,11,2,0,1,1,1,1785454721
2026-07-31T00:01:36Z,396,15,14,24,3,0,1,1,1,1785455776
2026-07-31T00:01:36Z,397,3,3,28,0,0,1,1,1,1785455734
2026-07-31T00:01:36Z,399,7,0,8,2,0,1,1,1,1785455965
2026-07-31T00:01:36Z,400,10,6,11,2,0,1,1,1,1785454716
2026-07-31T00:01:36Z,401,2,1,29,8,0,1,1,1,1785455816
2026-07-31T00:01:36Z,403,5,0,24,2,0,1,1,1,1785456031
2026-07-31T00:01:36Z,404,6,3,17,0,0,1,1,1,1785455981
2026-07-31T00:01:36Z,406,32,3,3,0,0,1,1,1,1785456074
2026-07-31T00:01:36Z,407,7,0,26,1,0,1,1,1,1785455204
2026-07-31T00:01:36Z,408,3,1,30,0,0,1,1,1,1785455963
2026-07-31T00:01:36Z,409,17,2,0,6,0,1,1,1,1785455909
2026-07-31T00:01:36Z,413,5,2,17,1,0,1,1,1,1785455569
2026-07-31T00:01:36Z,414,13,2,1,1,0,1,1,1,1785455904
2026-07-31T00:01:36Z,417,4,3,15,0,0,1,1,1,1785455796
2026-07-31T00:01:36Z,418,2,1,12,1,0,1,1,1,1785455066
2026-07-31T00:01:36Z,419,12,0,10,1,0,1,1,1,1785454798
2026-07-31T00:01:36Z,421,15,1,4,0,0,1,1,1,1785455620
2026-07-31T00:01:36Z,422,5,3,22,0,0,1,1,1,1785455843
2026-07-31T00:01:36Z,423,1,0,21,1,0,1,1,1,1785455980
2026-07-31T00:01:36Z,424,1,0,12,2,0,1,1,1,1785456087
2026-07-31T00:01:36Z,425,2,0,19,0,1,1,1,1,1785455931
2026-07-31T00:01:36Z,426,16,0,19,2,0,1,1,1,1785455686
2026-07-31T00:01:36Z,427,0,0,14,1,0,1,1,1,1785455800
2026-07-31T00:01:36Z,428,14,1,4,1,0,1,1,1,1785456088
2026-07-31T00:01:36Z,429,2,0,17,4,0,1,1,1,1785455950
2026-07-31T00:01:36Z,430,6,1,24,1,0,1,1,1,1785455943
2026-07-31T00:01:36Z,431,14,3,15,4,0,1,1,1,1785455581
2026-07-31T00:01:36Z,432,2,0,28,1,0,1,1,1,1785455900
2026-07-31T00:01:36Z,433,10,2,12,1,0,1,1,1,1785455572
2026-07-31T00:01:36Z,437,17,4,1,1,0,1,1,1,1785456013
2026-07-31T00:01:36Z,438,3,0,15,1,0,1,1,1,1785455855
2026-07-31T00:01:36Z,439,10,1,5,0,0,1,1,1,1785455682
2026-07-31T00:01:36Z,440,1,1,12,2,0,1,1,1,1785455958
2026-07-31T00:01:36Z,441,0,0,15,0,0,1,1,1,1785455928
2026-07-31T00:01:36Z,442,11,4,7,1,0,1,1,1,1785456014
2026-07-31T00:01:36Z,443,3,0,23,1,0,1,1,1,1785455347
2026-07-31T00:01:36Z,444,2,1,21,0,0,1,1,1,1785455134
2026-07-31T00:01:36Z,445,7,2,15,1,0,1,1,1,1785456076
2026-07-31T00:01:36Z,446,2,0,19,2,0,1,1,1,1785455547
2026-07-31T00:01:36Z,447,1,0,20,1,1,1,1,1,1785441257
2026-07-31T00:01:36Z,448,10,2,3,1,1,1,1,1,1785456054
2026-07-31T00:01:36Z,452,2,2,17,0,0,1,1,1,1785455711
2026-07-31T00:01:36Z,453,5,0,9,1,0,1,1,1,1785455934
2026-07-31T00:01:36Z,454,7,1,11,1,0,1,1,1,1785455952
2026-07-31T00:01:36Z,455,1,0,38,0,0,1,1,1,1785456024
2026-07-31T00:01:36Z,456,17,6,2,1,0,1,1,1,1785455983
2026-07-31T00:01:36Z,457,0,0,25,2,0,1,1,1,1785454988
2026-07-31T00:01:36Z,458,8,4,14,1,0,1,1,1,1785456037
2026-07-31T00:01:36Z,459,9,0,6,0,0,1,1,1,1785455753
2026-07-31T00:01:36Z,460,12,2,10,1,0,1,1,1,1785456064
2026-07-31T00:01:36Z,461,11,1,8,0,0,1,1,1,1785455932
2026-07-31T00:01:36Z,462,2,1,19,0,0,1,1,1,1785455913
2026-07-31T00:01:36Z,463,9,2,10,0,0,1,1,1,1785456048
2026-07-31T00:01:36Z,464,0,0,14,0,0,1,1,1,1785451928
2026-07-31T00:01:36Z,465,7,7,8,0,0,1,1,1,1785456073
2026-07-31T00:01:36Z,466,7,3,7,1,0,1,1,1,1785455352
2026-07-31T00:01:36Z,467,4,0,15,0,0,1,1,1,1785454704
2026-07-31T00:01:36Z,468,17,1,2,0,0,1,1,1,1785453288
2026-07-31T00:01:36Z,469,4,0,17,2,0,1,1,1,1785455333
2026-07-31T00:01:36Z,470,6,0,8,1,0,1,1,1,1785456085
2026-07-31T00:01:36Z,471,22,1,5,0,0,1,1,1,1785455630
2026-07-31T00:01:36Z,472,8,3,10,1,0,1,1,1,1785455975
2026-07-31T00:01:36Z,473,5,3,11,3,0,1,1,1,1785455844
2026-07-31T00:01:36Z,474,11,1,7,1,0,1,1,1,1785455917
2026-07-31T00:01:36Z,475,1,0,18,0,0,1,1,1,1785455940
2026-07-31T00:01:36Z,477,5,1,10,0,0,1,1,1,1785455110
2026-07-31T00:01:36Z,478,29,0,1,1,0,1,1,1,1785456011
2026-07-31T00:01:36Z,479,9,0,17,1,0,1,1,1,1785455992
2026-07-31T00:01:36Z,480,4,1,9,2,0,1,1,1,1785456057
2026-07-31T00:01:36Z,481,18,1,16,1,0,1,1,1,1785455928
2026-07-31T00:01:36Z,482,3,1,16,0,0,1,1,1,1785456046
2026-07-31T00:01:36Z,483,11,1,14,2,0,1,1,1,1785456052
2026-07-31T00:01:36Z,484,3,0,16,0,0,1,1,1,1785456077
2026-07-31T00:01:36Z,485,9,6,7,2,1,1,1,1,1785455864
2026-07-31T00:01:36Z,486,2,0,23,2,0,1,1,1,1785456083
2026-07-31T00:01:36Z,487,3,1,15,1,0,1,1,1,1785455530
2026-07-31T00:01:36Z,489,2,1,12,1,0,1,1,1,1785456037
2026-07-31T00:01:36Z,490,6,2,10,0,0,1,1,1,1785455514
2026-07-31T00:01:36Z,491,19,2,2,0,0,1,1,1,1785453065
2026-07-31T00:01:36Z,492,3,3,5,3,0,1,1,1,1785456090
2026-07-31T00:01:36Z,493,1,0,25,1,0,1,1,1,1785455445
2026-07-31T00:01:36Z,495,11,3,3,1,0,1,1,1,1785456085
2026-07-31T00:01:36Z,496,18,2,7,2,0,1,1,1,1785455685
2026-07-31T00:01:36Z,497,2,2,16,1,0,1,1,1,1785455097
2026-07-31T00:01:36Z,498,5,5,18,0,0,1,1,1,1785456024
2026-07-31T00:01:36Z,499,7,2,12,0,0,1,1,1,1785455318
2026-07-31T00:01:36Z,500,4,4,7,4,0,1,1,1,1785455917
2026-07-31T00:01:36Z,501,1,0,19,1,0,1,1,1,1785455939
2026-07-31T00:01:36Z,502,1,0,18,0,0,1,1,1,1785455864
2026-07-31T00:01:36Z,503,21,0,8,2,0,1,1,1,1785456053
2026-07-31T00:01:36Z,504,20,0,18,1,0,1,1,1,1785455967
2026-07-31T00:01:36Z,505,2,1,9,1,0,1,1,1,1785456020
2026-07-31T00:01:36Z,511,1,0,22,0,0,1,1,1,1785455287
2026-07-31T00:01:36Z,512,3,0,24,0,0,1,1,1,1785453961
2026-07-31T00:01:36Z,514,8,1,1,2,0,1,1,1,1785455487
2026-07-31T00:01:36Z,515,5,0,14,0,0,1,1,1,1785455381
2026-07-31T00:01:36Z,516,1,0,26,0,0,1,1,1,1785454843
2026-07-31T00:01:36Z,517,7,0,15,1,0,1,1,1,1785455982
2026-07-31T00:01:36Z,518,12,4,2,1,0,1,1,1,1785455362
2026-07-31T00:01:36Z,519,3,2,15,1,0,1,1,1,1785456090
2026-07-31T00:01:36Z,520,9,3,13,4,1,1,1,1,1785456089
2026-07-31T00:01:36Z,521,3,2,20,0,0,1,1,1,1785454566
2026-07-31T00:01:36Z,522,23,0,0,0,0,1,1,1,1785455936
2026-07-31T00:01:36Z,523,4,1,18,1,0,1,1,1,1785456001
2026-07-31T00:01:36Z,524,22,1,0,1,0,1,1,1,1785454504
2026-07-31T00:01:36Z,525,10,0,9,0,0,1,1,1,1785456048
2026-07-31T00:01:36Z,526,12,2,2,1,0,1,1,1,1785455838
2026-07-31T00:01:36Z,527,2,1,21,3,0,1,1,1,1785456053
2026-07-31T00:01:36Z,528,16,0,6,1,0,1,1,1,1785455718
2026-07-31T00:01:36Z,529,0,0,14,6,0,1,1,1,1785456092
2026-07-31T00:01:36Z,530,8,0,9,4,0,1,1,1,1785456084
2026-07-31T00:01:36Z,531,6,2,15,1,1,1,1,1,1785455938
2026-07-31T00:01:36Z,532,3,3,26,1,1,1,1,1,1785454954
2026-07-31T00:01:36Z,533,5,1,13,1,0,1,1,1,1785455527
2026-07-31T00:01:36Z,534,0,0,23,0,0,1,1,1,1785455222
2026-07-31T00:01:36Z,535,1,1,13,1,0,1,1,1,1785455811
2026-07-31T00:01:36Z,536,3,1,20,0,0,1,1,1,1785456001
2026-07-31T00:01:36Z,537,14,1,6,0,0,1,1,1,1785456078
2026-07-31T00:01:36Z,538,5,1,16,0,2,1,1,1,1785455970
2026-07-31T00:01:36Z,539,5,5,26,0,0,1,1,1,1785455381
2026-07-31T00:01:36Z,540,3,2,16,0,0,1,1,1,1785455682
2026-07-31T00:01:36Z,541,10,5,17,0,0,1,1,1,1785456015
2026-07-31T00:01:36Z,542,0,0,23,0,0,1,1,1,1785455168
2026-07-31T00:01:36Z,543,2,0,17,0,0,1,1,1,1785456013
2026-07-31T00:01:36Z,544,13,2,5,4,0,1,1,1,1785455927
2026-07-31T00:01:36Z,545,12,1,1,6,0,1,1,1,1785455716
2026-07-31T00:01:36Z,546,0,0,19,0,0,1,1,1,1785455963
2026-07-31T00:01:36Z,547,2,1,23,0,0,1,1,1,1785455658
2026-07-31T00:01:36Z,548,15,1,8,0,0,1,1,1,1785456091
2026-07-31T00:01:36Z,549,20,0,2,1,0,1,1,1,1785456075
2026-07-31T00:01:36Z,550,1,1,18,0,0,1,1,1,1785455404
2026-07-31T00:01:36Z,551,12,3,11,0,0,1,1,1,1785455805
2026-07-31T00:01:36Z,552,7,0,20,0,0,1,1,1,1785455995
2026-07-31T00:01:36Z,553,3,1,19,0,1,1,1,1,1785455893
2026-07-31T00:01:36Z,554,1,1,18,0,0,1,1,1,1785455798
2026-07-31T00:01:36Z,555,11,5,3,1,0,1,1,1,1785454850
2026-07-31T00:01:36Z,556,2,1,20,1,0,1,1,1,1785456040
2026-07-31T00:01:36Z,557,1,1,17,5,0,1,1,1,1785455439
2026-07-31T00:01:36Z,558,5,5,28,4,0,1,1,1,1785456077
2026-07-31T00:01:36Z,559,1,0,17,1,0,1,1,1,1785453703
2026-07-31T00:01:36Z,560,12,0,15,0,0,1,1,1,1785456071
2026-07-31T00:01:36Z,561,14,2,8,1,0,1,1,1,1785455338
2026-07-31T00:01:36Z,562,5,0,26,4,0,1,1,1,1785455973
2026-07-31T00:01:36Z,563,14,0,0,0,0,1,1,1,1785455902
2026-07-31T00:01:36Z,564,7,1,11,1,0,1,1,1,1785455039
2026-07-31T00:01:36Z,565,3,0,15,1,0,1,1,1,1785456077
2026-07-31T00:01:36Z,566,15,1,3,1,0,1,1,1,1785455821
2026-07-31T00:01:36Z,567,6,0,19,2,0,1,1,1,1785455887
2026-07-31T00:01:36Z,568,4,0,13,2,0,1,1,1,1785455962
2026-07-31T00:01:36Z,569,14,0,5,0,0,1,1,1,1785455701
2026-07-31T00:01:36Z,570,5,0,14,0,0,1,1,1,1785456047
2026-07-31T00:01:36Z,571,6,0,17,0,0,1,1,1,1785455452
2026-07-31T00:01:36Z,572,15,2,2,2,0,1,1,1,1785456023
2026-07-31T00:01:36Z,573,6,0,9,0,0,1,1,1,1785456088
2026-07-31T00:01:36Z,574,9,2,6,0,0,1,1,1,1785455960
2026-07-31T00:01:36Z,575,5,0,15,1,0,1,1,1,1785455448
2026-07-31T00:01:36Z,576,2,0,17,0,0,1,1,1,1785456072
2026-07-31T00:01:36Z,577,25,0,6,0,0,1,1,1,1785456058
2026-07-31T00:01:36Z,578,20,5,2,1,0,1,1,1,1785455978
2026-07-31T00:01:36Z,579,33,2,10,0,0,1,1,1,1785455633
2026-07-31T00:01:36Z,580,7,0,22,0,0,1,1,1,1785455954
2026-07-31T00:01:36Z,581,17,0,2,0,0,1,1,1,1785455948
2026-07-31T00:01:36Z,582,8,0,51,2,0,1,1,1,1785456020
2026-07-31T00:01:36Z,583,14,0,9,0,0,1,1,1,1785455185
2026-07-31T00:01:36Z,584,2,1,12,5,0,1,1,1,1785455176
2026-07-31T00:01:36Z,585,10,0,15,1,1,1,1,1,1785455949
2026-07-31T00:01:36Z,586,30,3,4,1,0,1,1,1,1785456045
2026-07-31T00:01:36Z,587,22,0,1,1,0,1,1,1,1785455832
2026-07-31T00:01:36Z,588,2,0,13,4,0,1,1,1,1785456062
2026-07-31T00:01:36Z,589,0,0,0,23,0,1,1,1,1785456092
2026-07-31T00:01:36Z,590,5,1,24,2,0,1,1,1,1785456057
2026-07-31T00:01:36Z,591,1,0,27,2,0,1,1,1,1785456084
2026-07-31T00:01:36Z,592,7,1,16,0,0,1,1,1,1785455707
2026-07-31T00:01:36Z,593,11,0,26,1,0,1,1,1,1785456080
2026-07-31T00:01:36Z,594,13,0,8,0,0,1,1,1,1785455963
2026-07-31T00:01:36Z,595,0,0,3,0,0,0,1,1,1784046673
2026-07-31T00:01:36Z,605,0,0,2,1,0,0,1,1,1783975843
2026-07-31T00:01:36Z,606,0,0,0,0,0,0,1,1,86400
2026-07-31T00:01:36Z,607,16,1,15,1,0,1,1,1,1785456068
2026-07-31T00:01:36Z,608,2,2,48,0,0,1,1,1,1785455588
2026-07-31T00:01:36Z,609,0,0,23,0,0,1,1,1,1785456083
2026-07-31T00:01:36Z,610,21,0,14,0,0,1,1,1,1785456029
2026-07-31T00:01:36Z,611,21,0,5,1,0,1,1,1,1785455658
2026-07-31T00:01:36Z,612,7,1,8,0,0,1,1,1,1785455780
2026-07-31T00:01:36Z,613,10,0,1,4,0,1,1,1,1785455457
2026-07-31T00:01:36Z,614,7,7,18,1,1,1,1,1,1785455966
2026-07-31T00:01:36Z,617,5,1,8,2,0,1,1,1,1785453701
2026-07-31T00:01:36Z,618,14,3,1,4,0,1,1,1,1785454572
2026-07-31T00:01:36Z,619,5,4,14,0,0,1,1,1,1785455633
2026-07-31T00:01:36Z,620,11,0,15,1,0,1,1,1,1785455880
2026-07-31T00:01:36Z,621,3,3,19,1,0,1,1,1,1785455941
2026-07-31T00:01:36Z,622,14,9,7,2,0,1,1,1,1785456030
2026-07-31T00:01:36Z,623,9,2,20,1,0,1,1,1,1785455850
2026-07-31T00:01:36Z,624,4,0,11,0,0,1,1,1,1785454533
2026-07-31T00:01:36Z,625,3,1,17,1,0,1,1,1,1785455940
2026-07-31T00:01:36Z,626,7,0,35,3,2,1,1,1,1785455832
2026-07-31T00:01:36Z,627,16,6,3,0,0,1,1,1,1785455294
2026-07-31T00:01:36Z,628,4,4,14,0,1,1,1,1,1785455145
2026-07-31T00:01:36Z,629,7,2,2,2,0,1,1,1,1785456078
2026-07-31T00:01:36Z,630,1,0,23,3,0,1,1,1,1785455853
2026-07-31T00:01:36Z,631,16,0,7,0,0,1,1,1,1785456082
2026-07-31T00:01:36Z,632,22,2,0,1,0,1,1,1,1785455012
2026-07-31T00:01:36Z,633,12,2,0,3,0,1,1,1,1785455947
2026-07-31T00:01:36Z,634,8,1,10,1,0,1,1,1,1785455111
2026-07-31T00:01:36Z,635,11,1,8,0,0,1,1,1,1785455818
2026-07-31T00:01:36Z,636,7,0,8,0,0,1,1,1,1785454299
2026-07-31T00:01:36Z,637,7,0,12,0,0,1,1,1,1785455663
2026-07-31T00:01:36Z,638,8,2,8,3,0,1,1,1,1785455929
2026-07-31T00:01:36Z,639,4,1,13,2,0,1,1,1,1785455668
2026-07-31T00:01:36Z,640,2,2,19,2,0,1,1,1,1785456092
2026-07-31T00:01:36Z,641,5,0,20,1,0,1,1,1,1785455970
2026-07-31T00:01:36Z,642,0,0,11,8,0,1,1,1,1785456090
2026-07-31T00:01:36Z,643,9,1,10,8,0,1,1,1,1785455872
2026-07-31T00:01:36Z,644,8,0,6,1,0,1,1,1,1785455565
2026-07-31T00:01:36Z,645,12,1,10,0,1,1,1,1,1785453410
2026-07-31T00:01:36Z,646,1,0,18,0,0,1,1,1,1785455575
2026-07-31T00:01:36Z,647,0,0,31,0,0,1,1,1,1785454617
2026-07-31T00:01:36Z,648,6,1,11,1,1,1,1,1,1785455818
2026-07-31T00:01:36Z,649,1,1,29,1,0,1,1,1,1785455971
2026-07-31T00:01:36Z,650,4,1,10,0,0,1,1,1,1785453435
2026-07-31T00:01:36Z,651,4,0,19,0,0,1,1,1,1785455803
2026-07-31T00:01:36Z,652,2,0,19,2,0,1,1,1,1785455854
2026-07-31T00:01:36Z,653,1,1,17,1,0,1,1,1,1785455902
2026-07-31T00:01:36Z,654,8,4,7,0,0,1,1,1,1785455453
2026-07-31T00:01:36Z,655,5,2,3,4,1,1,1,1,1785455901
2026-07-31T00:01:36Z,656,14,6,5,0,0,1,1,1,1785456041
2026-07-31T00:01:36Z,657,12,6,2,2,1,1,1,1,1785455834
2026-07-31T00:01:36Z,658,6,0,4,0,0,1,1,1,1785453591
2026-07-31T00:01:36Z,659,10,4,4,1,0,1,1,1,1785455225
2026-07-31T00:01:36Z,660,1,1,27,3,0,1,1,1,1785455846
2026-07-31T00:01:36Z,661,4,1,15,0,0,1,1,1,1785455895
2026-07-31T00:01:36Z,662,7,3,13,3,0,1,1,1,1785455721
2026-07-31T00:01:36Z,663,4,1,10,1,0,1,1,1,1785456061
2026-07-31T00:01:36Z,664,3,1,24,0,0,1,1,1,1785455519
2026-07-31T00:01:36Z,665,9,2,6,0,0,1,1,1,1785455754
2026-07-31T00:01:36Z,666,4,2,9,2,0,1,1,1,1785455354
2026-07-31T00:01:36Z,667,18,1,1,0,0,1,1,1,1785456034
2026-07-31T00:01:36Z,668,18,0,0,1,0,1,1,1,1785455559
2026-07-31T00:01:36Z,669,8,2,6,0,0,1,1,1,1785454525
2026-07-31T00:01:36Z,670,3,2,24,0,0,1,1,1,1785454291
2026-07-31T00:01:36Z,671,18,0,8,1,0,1,1,1,1785455073
2026-07-31T00:01:36Z,672,3,1,16,3,1,1,1,1,1785455986
2026-07-31T00:01:36Z,673,4,1,17,2,0,1,1,1,1785456051
2026-07-31T00:01:36Z,674,4,2,14,5,0,1,1,1,1785456020
2026-07-31T00:01:36Z,675,4,0,9,2,0,1,1,1,1785455777
2026-07-31T00:01:36Z,676,9,2,13,0,0,1,1,1,1785455178
2026-07-31T00:01:36Z,681,0,0,12,3,0,1,1,1,1785456091
2026-07-31T00:01:36Z,682,4,1,14,1,0,1,1,1,1785387864
2026-07-31T00:01:36Z,683,2,1,17,0,0,1,1,1,1785453008
2026-07-31T00:01:36Z,684,1,0,26,0,0,1,1,1,1785451894
2026-07-31T00:01:36Z,685,5,0,20,1,1,1,1,1,1785455460
2026-07-31T00:01:36Z,686,11,0,14,1,1,1,1,1,1785455958
2026-07-31T00:01:36Z,687,13,0,16,1,1,1,1,1,1785455848
2026-07-31T00:01:36Z,688,8,0,4,7,0,1,1,1,1785455880
2026-07-31T00:01:36Z,692,2,1,19,0,0,1,1,1,1785454981
2026-07-31T00:01:36Z,693,7,0,1,3,0,1,1,1,1785454587
2026-07-31T00:01:36Z,694,8,5,12,1,0,1,1,1,1785456064
2026-07-31T00:01:36Z,695,9,6,14,0,0,1,1,1,1785454985
2026-07-31T00:01:36Z,696,15,9,8,0,0,1,1,1,1785456054
2026-07-31T00:01:36Z,697,11,0,12,0,0,1,1,1,1785456060
2026-07-31T00:01:36Z,698,27,2,0,0,0,1,1,1,1785455592
2026-07-31T00:01:36Z,699,6,0,8,1,0,1,1,1,1785454812
2026-07-31T00:01:36Z,700,18,3,1,0,0,1,1,1,1785454886
2026-07-31T00:01:36Z,701,10,2,8,1,0,1,1,1,1785455838
2026-07-31T00:01:36Z,702,1,1,22,0,0,1,1,1,1785455518
2026-07-31T00:01:36Z,704,7,1,8,0,0,1,1,1,1785455588
2026-07-31T00:01:36Z,705,2,2,12,1,0,1,1,1,1785455552
2026-07-31T00:01:36Z,706,9,0,3,3,0,1,1,1,1785454859
2026-07-31T00:01:36Z,707,3,2,10,2,0,1,1,1,1785455377
2026-07-31T00:01:36Z,708,16,0,3,0,0,1,1,1,1785456018
2026-07-31T00:01:36Z,709,10,1,2,3,0,1,1,1,1785455291
2026-07-31T00:01:36Z,710,8,1,11,0,0,1,1,1,1785455096
2026-07-31T00:01:36Z,711,12,4,10,1,0,1,1,1,1785455722
2026-07-31T00:01:36Z,712,5,3,10,0,0,1,1,1,1785456008
2026-07-31T00:01:36Z,713,0,0,23,0,0,1,1,1,1785455388
2026-07-31T00:01:36Z,716,2,1,13,0,0,1,1,1,1785454689
2026-07-31T00:01:36Z,717,2,0,20,3,0,1,1,1,1785455162
2026-07-31T00:01:36Z,718,4,1,10,1,0,1,1,1,1785455879
2026-07-31T00:01:36Z,719,5,1,24,0,0,1,1,1,1785455680
2026-07-31T00:01:36Z,720,2,1,17,0,0,1,1,1,1785455073
2026-07-31T00:01:36Z,721,2,0,19,2,0,1,1,1,1785456040
2026-07-31T00:01:36Z,722,2,0,13,0,0,1,1,1,1785454739
2026-07-31T00:01:36Z,723,12,2,11,0,0,1,1,1,1785454680
2026-07-31T00:01:36Z,724,16,5,7,0,0,1,1,1,1785455866
2026-07-31T00:01:36Z,725,5,0,18,0,0,1,1,1,1785455974
2026-07-31T00:01:36Z,726,9,1,10,0,0,1,1,1,1785455734
2026-07-31T00:01:36Z,727,9,4,12,2,0,1,1,1,1785455662
2026-07-31T00:01:36Z,728,10,1,5,0,0,1,1,1,1785455302
2026-07-31T00:01:36Z,729,18,1,0,1,0,1,1,1,1785455644
2026-07-31T00:01:36Z,730,3,2,10,2,0,1,1,1,1785455891
2026-07-31T00:01:36Z,731,7,2,8,0,0,1,1,1,1785455743
2026-07-31T00:01:36Z,732,2,2,13,0,0,1,1,1,1785456041
2026-07-31T00:01:36Z,733,18,1,8,1,0,1,1,1,1785455730
2026-07-31T00:01:36Z,734,3,1,11,0,0,1,1,1,1785456054
2026-07-31T00:01:36Z,735,1,1,26,0,0,1,1,1,1785455301
2026-07-31T00:01:36Z,736,5,0,14,0,0,1,1,1,1785455411
2026-07-31T00:01:36Z,737,1,0,11,2,1,1,1,1,1785455340
2026-07-31T00:01:36Z,738,3,0,14,2,0,1,1,1,1785455937
2026-07-31T00:01:36Z,739,18,2,8,1,0,1,1,1,1785454900
2026-07-31T00:01:36Z,741,4,1,19,0,0,1,1,1,1785455288
2026-07-31T00:01:36Z,742,21,9,12,2,0,1,1,1,1785456059
2026-07-31T00:01:36Z,743,2,1,16,1,0,1,1,1,1785455153
2026-07-31T00:01:36Z,744,3,1,11,1,0,1,1,1,1785455904
2026-07-31T00:01:36Z,745,14,4,4,1,0,1,1,1,1785455665
2026-07-31T00:01:36Z,746,9,3,11,3,0,1,1,1,1785456080
2026-07-31T00:01:36Z,747,0,0,4,0,0,0,1,1,1783446606
2026-07-31T00:01:36Z,748,7,1,16,0,0,1,1,1,1785454574
2026-07-31T00:01:36Z,749,4,1,19,0,0,1,1,1,1785455533
2026-07-31T00:01:36Z,750,5,2,6,0,0,1,1,1,1785455592
2026-07-31T00:01:36Z,751,9,5,13,1,0,1,1,1,1785456074
2026-07-31T00:01:36Z,752,7,0,9,1,0,1,1,1,1785455186
2026-07-31T00:01:36Z,753,15,1,0,0,0,1,1,1,1785455910
2026-07-31T00:01:36Z,754,2,1,12,1,0,1,1,1,1785454480
2026-07-31T00:01:36Z,755,5,1,17,1,0,1,1,1,1785456022
2026-07-31T00:01:36Z,756,1,0,34,2,0,1,1,1,1785455806
2026-07-31T00:01:36Z,757,3,1,16,0,0,1,1,1,1785456046
2026-07-31T00:01:36Z,758,8,8,15,0,0,1,1,1,1785456026
2026-07-31T00:01:36Z,759,5,3,10,0,0,1,1,1,1785455809
2026-07-31T00:01:36Z,760,7,2,11,1,0,1,1,1,1785444055
2026-07-31T00:01:36Z,761,6,1,17,0,0,1,1,1,1785455918
2026-07-31T00:01:36Z,762,6,4,5,4,0,1,1,1,1785454889
2026-07-31T00:01:36Z,768,9,0,8,2,0,1,1,1,1785455927
2026-07-31T00:01:36Z,769,16,8,3,0,0,1,1,1,1785455554
2026-07-31T00:01:36Z,770,10,2,7,2,0,1,1,1,1785455455
2026-07-31T00:01:36Z,771,13,3,1,1,0,1,1,1,1785454869
2026-07-31T00:01:36Z,772,4,2,10,1,0,1,1,1,1785455865
2026-07-31T00:01:36Z,773,7,4,11,1,0,1,1,1,1785455313
2026-07-31T00:01:36Z,774,0,0,11,4,0,1,1,1,1785455843
2026-07-31T00:01:36Z,775,9,0,8,1,1,1,1,1,1785453201
2026-07-31T00:01:36Z,776,3,1,17,1,0,1,1,1,1785455617
2026-07-31T00:01:36Z,777,9,2,3,3,0,1,1,1,1785455418
2026-07-31T00:01:36Z,778,13,0,3,3,0,1,1,1,1785455506
2026-07-31T00:01:36Z,779,9,1,9,1,0,1,1,1,1785456043
2026-07-31T00:01:36Z,780,12,3,6,1,0,1,1,1,1785456085
2026-07-31T00:01:36Z,781,3,1,6,2,0,1,1,1,1785455192
2026-07-31T00:01:36Z,782,1,0,15,3,0,1,1,1,1785455174
2026-07-31T00:01:36Z,783,4,0,15,0,0,1,1,1,1785454483
2026-07-31T00:01:36Z,784,2,0,17,0,0,1,1,1,1785455273
2026-07-31T00:01:36Z,785,9,0,4,6,0,1,1,1,1785454633
2026-07-31T00:01:36Z,786,8,2,11,0,0,1,1,1,1785456072
2026-07-31T00:01:36Z,787,10,5,3,2,0,1,1,1,1785455756
2026-07-31T00:01:36Z,788,6,0,9,0,0,1,1,1,1785454975
2026-07-31T00:01:36Z,789,5,2,6,4,0,1,1,1,1785455992
2026-07-31T00:01:36Z,790,4,0,19,0,0,1,1,1,1785455540
2026-07-31T00:01:36Z,791,6,0,12,0,1,1,1,1,1785454979
2026-07-31T00:01:36Z,793,4,0,10,1,0,1,1,1,1785455392
2026-07-31T00:01:36Z,794,14,3,14,1,0,1,1,1,1785455938
2026-07-31T00:01:36Z,796,6,4,12,1,0,1,1,1,1785455539
2026-07-31T00:01:36Z,797,1,0,14,0,0,1,1,1,1785456023
2026-07-31T00:01:36Z,798,4,0,20,1,0,1,1,1,1785456075
2026-07-31T00:01:36Z,799,12,4,3,4,0,1,1,1,1785455689
2026-07-31T00:01:36Z,800,10,2,10,1,0,1,1,1,1785455636
2026-07-31T00:01:36Z,801,1,1,19,1,0,1,1,1,1785455772
2026-07-31T00:01:36Z,802,13,2,18,0,0,1,1,1,1785455268
2026-07-31T00:01:36Z,803,0,0,14,1,0,1,1,1,1785454941
2026-07-31T00:01:36Z,806,5,5,7,3,0,1,1,1,1785455655
2026-07-31T00:01:36Z,807,2,1,22,1,0,1,1,1,1785455976
2026-07-31T00:01:36Z,808,3,0,21,1,0,1,1,1,1785454239
2026-07-31T00:01:36Z,809,5,1,17,1,0,1,1,1,1785455057
2026-07-31T00:01:36Z,810,4,0,11,4,0,1,1,1,1785455594
2026-07-31T00:01:36Z,815,10,2,0,4,1,1,1,1,1785455080
2026-07-31T00:01:36Z,817,4,1,11,0,0,1,1,1,1785455116
2026-07-31T00:01:36Z,818,7,0,16,0,0,1,1,1,1785455576
2026-07-31T00:01:36Z,819,6,4,9,0,0,1,1,1,1785455226
2026-07-31T00:01:36Z,820,7,1,10,0,0,1,1,1,1785454406
2026-07-31T00:01:36Z,821,2,2,13,0,0,1,1,1,1785455339
2026-07-31T00:01:36Z,822,20,0,1,2,0,1,1,1,1785455947
2026-07-31T00:01:36Z,823,9,0,5,1,0,1,1,1,1785455985
2026-07-31T00:01:36Z,824,13,5,5,1,0,1,1,1,1785456042
2026-07-31T00:01:36Z,825,11,5,4,0,0,1,1,1,1785447766
2026-07-31T00:01:36Z,826,6,0,11,2,0,1,1,1,1785456001
2026-07-31T00:01:36Z,827,11,5,9,1,0,1,1,1,1785455457
2026-07-31T00:01:36Z,828,8,2,9,1,0,1,1,1,1785455291
2026-07-31T00:01:36Z,829,13,6,14,0,0,1,1,1,1785455660
2026-07-31T00:01:36Z,830,18,1,4,1,0,1,1,1,1785455766
2026-07-31T00:01:36Z,831,4,3,10,1,0,1,1,1,1785454784
2026-07-31T00:01:36Z,832,11,5,4,3,0,1,1,1,1785455355
2026-07-31T00:01:36Z,833,2,2,16,1,0,1,1,1,1785454557
2026-07-31T00:01:36Z,834,4,0,17,3,0,1,1,1,1785456020
2026-07-31T00:01:36Z,835,0,0,16,2,0,1,1,1,1785456093
2026-07-31T00:01:36Z,837,5,1,0,10,0,1,1,1,1785454780
2026-07-31T00:01:36Z,838,13,1,1,1,0,1,1,1,1785455823
2026-07-31T00:01:36Z,839,16,2,13,0,0,1,1,1,1785456073
2026-07-31T00:01:36Z,840,1,0,26,2,0,1,1,1,1785455837
2026-07-31T00:01:36Z,841,8,1,7,0,0,1,1,1,1785454783
2026-07-31T00:01:36Z,842,5,0,18,0,0,1,1,1,1785455672
2026-07-31T00:01:36Z,843,9,0,21,1,0,1,1,1,1785454587
2026-07-31T00:01:36Z,844,5,1,18,0,0,1,1,1,1785454516
2026-07-31T00:01:36Z,845,5,3,12,2,0,1,1,1,1785454882
2026-07-31T00:01:36Z,846,5,1,12,2,0,1,1,1,1785455837
2026-07-31T00:01:36Z,847,4,1,23,0,0,1,1,1,1785455525
2026-07-31T00:01:36Z,848,7,0,11,1,0,1,1,1,1785454449
2026-07-31T00:01:36Z,849,9,2,5,1,0,1,1,1,1785455710
2026-07-31T00:01:36Z,850,10,0,1,0,0,1,1,1,1785455913
2026-07-31T00:01:36Z,851,0,0,35,2,0,1,1,1,1785455617
2026-07-31T00:01:36Z,852,10,3,8,1,0,1,1,1,1785455383
2026-07-31T00:01:36Z,853,8,4,15,0,0,1,1,1,1785455428
2026-07-31T00:01:36Z,854,2,2,13,0,0,1,1,1,1785455581
2026-07-31T00:01:36Z,855,12,1,15,0,0,1,1,1,1785455534
2026-07-31T00:01:36Z,857,3,2,15,1,0,1,1,1,1785455219
2026-07-31T00:01:36Z,858,4,1,14,1,0,1,1,1,1785455230
2026-07-31T00:01:36Z,859,3,0,17,1,0,1,1,1,1785455473
2026-07-31T00:01:36Z,861,8,1,2,1,0,1,1,1,1785455675
2026-07-31T00:01:36Z,862,1,1,14,0,0,1,1,1,1785454805
2026-07-31T00:01:36Z,863,9,0,9,1,0,1,1,1,1785455983
2026-07-31T00:01:36Z,866,6,0,12,1,0,1,1,1,1785455038
2026-07-31T00:01:36Z,867,12,0,3,0,0,1,1,1,1785454942
2026-07-31T00:01:36Z,868,13,2,2,0,0,1,1,1,1785454595
2026-07-31T00:01:36Z,870,7,5,7,1,0,1,1,1,1785454807
2026-07-31T00:01:36Z,871,0,0,10,1,0,1,1,1,1785456046
2026-07-31T00:01:36Z,872,0,0,14,1,0,1,1,1,1785454740
2026-07-31T00:01:36Z,873,0,0,32,1,0,1,1,1,1785455921
2026-07-31T00:01:36Z,874,5,0,7,3,0,1,1,1,1785455996
2026-07-31T00:01:36Z,875,15,11,0,0,0,1,1,1,1785455745
2026-07-31T00:01:36Z,877,12,11,6,1,0,1,1,1,1785456088
2026-07-31T00:01:36Z,878,5,4,13,1,0,1,1,1,1785454856
2026-07-31T00:01:36Z,879,2,0,17,0,0,1,1,1,1785455737
2026-07-31T00:01:36Z,880,2,0,20,1,0,1,1,1,1785455743
2026-07-31T00:01:36Z,881,5,1,14,0,0,1,1,1,1785454716
2026-07-31T00:01:36Z,882,9,0,7,3,0,1,1,1,1785454008
2026-07-31T00:01:36Z,883,10,6,9,0,0,1,1,1,1785455034
2026-07-31T00:01:36Z,884,11,7,10,0,0,1,1,1,1785456063
2026-07-31T00:01:36Z,885,1,0,18,0,0,1,1,1,1785454589
2026-07-31T00:01:36Z,886,1,1,27,1,0,1,1,1,1785455536
2026-07-31T00:01:36Z,887,1,1,13,3,0,1,1,1,1785455360
2026-07-31T00:01:36Z,888,39,0,0,2,0,1,1,1,1785455998
2026-07-31T00:01:36Z,889,11,1,6,2,0,1,1,1,1785455449
2026-07-31T00:01:36Z,890,4,1,10,1,0,1,1,1,1785455867
2026-07-31T00:01:36Z,891,11,0,11,1,0,1,1,1,1785456041
2026-07-31T00:01:36Z,892,11,1,4,0,0,1,1,1,1785452249
2026-07-31T00:01:36Z,895,1,0,17,1,0,1,1,1,1785449127
2026-07-31T00:01:36Z,896,21,3,14,0,0,1,1,1,1785456040
2026-07-31T00:01:36Z,897,10,2,11,0,0,1,1,1,1785455281
2026-07-31T00:01:36Z,898,0,0,19,0,0,1,1,1,1785454517
2026-07-31T00:01:36Z,899,19,1,0,0,0,1,1,1,1785455553
2026-07-31T00:01:36Z,900,23,2,4,0,0,1,1,1,1785456089
2026-07-31T00:01:36Z,901,14,1,4,1,0,1,1,1,1785456042
2026-07-31T00:01:36Z,902,12,1,2,1,0,1,1,1,1785455587
2026-07-31T00:01:36Z,903,5,0,14,0,0,1,1,1,1785455623
2026-07-31T00:01:36Z,904,11,5,8,0,0,1,1,1,1785454891
2026-07-31T00:01:36Z,905,1,0,25,1,0,1,1,1,1785455595
2026-07-31T00:01:36Z,906,9,9,18,0,0,1,1,1,1785455653
2026-07-31T00:01:36Z,907,8,1,23,0,0,1,1,1,1785456042
2026-07-31T00:01:36Z,908,7,2,16,0,0,1,1,1,1785455545
2026-07-31T00:01:36Z,909,5,5,18,0,0,1,1,1,1785455481
2026-07-31T00:01:36Z,910,18,1,13,0,0,1,1,1,1785456067
2026-07-31T00:01:36Z,911,8,0,11,0,0,1,1,1,1785455755
2026-07-31T00:01:36Z,912,8,1,13,2,0,1,1,1,1785455924
2026-07-31T00:01:36Z,913,3,0,15,1,0,1,1,1,1785455842
2026-07-31T00:01:36Z,914,10,0,9,0,0,1,1,1,1785456089
2026-07-31T00:01:36Z,915,19,0,3,1,0,1,1,1,1785455943
2026-07-31T00:01:36Z,916,5,3,18,0,0,1,1,1,1785455305
2026-07-31T00:01:36Z,917,4,0,30,1,0,1,1,1,1785455906
2026-07-31T00:01:36Z,918,2,2,15,2,0,1,1,1,1785455975
2026-07-31T00:01:36Z,919,16,1,23,0,0,1,1,1,1785456087
2026-07-31T00:01:36Z,920,3,1,16,0,0,1,1,1,1785455264
2026-07-31T00:01:36Z,921,17,1,3,1,0,1,1,1,1785455956
2026-07-31T00:01:36Z,922,3,0,18,0,0,1,1,1,1785455315
2026-07-31T00:01:36Z,923,19,12,0,0,0,1,1,1,1785456060
2026-07-31T00:01:36Z,924,8,0,13,0,0,1,1,1,1785455576
2026-07-31T00:01:36Z,925,16,2,5,0,0,1,1,1,1785455693
2026-07-31T00:01:36Z,926,3,2,18,0,0,1,1,1,1785455189
2026-07-31T00:01:36Z,927,30,1,5,0,0,1,1,1,1785455939
2026-07-31T00:01:36Z,928,10,1,9,0,0,1,1,1,1785456071
2026-07-31T00:01:36Z,929,2,0,21,0,0,1,1,1,1785455992
2026-07-31T00:01:36Z,930,27,0,1,3,0,1,1,1,1785455955
2026-07-31T00:01:36Z,931,5,3,18,0,0,1,1,1,1785455933
2026-07-31T00:01:36Z,932,15,1,1,3,0,1,1,1,1785455857
2026-07-31T00:01:36Z,933,13,0,9,1,0,1,1,1,1785455988
2026-07-31T00:01:36Z,934,3,0,28,0,0,1,1,1,1785455560
2026-07-31T00:01:36Z,935,17,1,0,2,0,1,1,1,1785455983
2026-07-31T00:01:36Z,936,4,1,15,0,0,1,1,1,1785455717
2026-07-31T00:01:36Z,940,10,3,1,0,0,1,1,1,1785455989
2026-07-31T00:01:36Z,941,5,0,18,2,0,1,1,1,1785455293
2026-07-31T00:01:36Z,942,12,1,9,0,0,1,1,1,1785455670
2026-07-31T00:01:36Z,943,9,8,6,0,0,1,1,1,1785454872
2026-07-31T00:01:36Z,944,9,8,6,0,0,1,1,1,1785454661
2026-07-31T00:01:36Z,945,10,8,5,0,0,1,1,1,1785455983
2026-07-31T00:01:36Z,946,7,5,12,0,0,1,1,1,1785424152
2026-07-31T00:01:36Z,947,7,5,10,0,0,1,1,1,1785454672
2026-07-31T00:01:36Z,948,4,4,23,4,0,1,1,1,1785456000
2026-07-31T00:01:36Z,949,0,0,15,0,0,1,1,1,1785455002
2026-07-31T00:01:36Z,950,0,0,16,1,0,1,1,1,1785454699
2026-07-31T00:01:36Z,951,7,0,15,1,0,1,1,1,1785455798
2026-07-31T00:01:36Z,952,36,3,18,1,0,1,1,1,1785456089
2026-07-31T00:01:36Z,953,12,0,3,0,0,1,1,1,1785455810
2026-07-31T00:01:36Z,954,16,1,3,0,0,1,1,1,1785455815
2026-07-31T00:01:36Z,955,0,0,22,5,0,1,1,1,1785455498
2026-07-31T00:01:36Z,956,19,0,3,1,0,1,1,1,1785455771
2026-07-31T00:01:36Z,957,20,1,9,0,0,1,1,1,1785455771
2026-07-31T00:01:36Z,958,13,0,18,0,0,1,1,1,1785456081
2026-07-31T00:01:36Z,959,12,2,10,1,0,1,1,1,1785456068
2026-07-31T00:01:36Z,960,18,6,5,0,0,1,1,1,1785456046
2026-07-31T00:01:36Z,961,1,1,19,3,0,1,1,1,1785455981
2026-07-31T00:01:36Z,962,5,1,27,3,0,1,1,1,1785455516
2026-07-31T00:01:36Z,963,14,1,8,1,0,1,1,1,1785455898
2026-07-31T00:01:36Z,964,11,6,11,1,0,1,1,1,1785456042
2026-07-31T00:01:36Z,965,2,1,24,1,0,1,1,1,1785455624
2026-07-31T00:01:36Z,966,18,0,13,0,0,1,1,1,1785455649
2026-07-31T00:01:36Z,967,19,1,0,2,0,1,1,1,1785455452
2026-07-31T00:01:36Z,968,6,3,13,0,0,1,1,1,1785455628
2026-07-31T00:01:36Z,969,6,6,19,2,0,1,1,1,1785455843
2026-07-31T00:01:36Z,970,9,2,9,1,0,1,1,1,1785455706
2026-07-31T00:01:36Z,971,15,0,7,1,0,1,1,1,1785456030
2026-07-31T00:01:36Z,972,7,0,15,1,0,1,1,1,1785454570
2026-07-31T00:01:36Z,973,10,8,12,1,0,1,1,1,1785455875
2026-07-31T00:01:36Z,974,11,0,16,0,0,1,1,1,1785455937
2026-07-31T00:01:36Z,977,1,1,16,4,0,1,1,1,1785454875
2026-07-31T00:01:36Z,978,11,1,10,2,0,1,1,1,1785455797
2026-07-31T00:01:36Z,979,0,0,17,0,0,1,1,1,1785455502
2026-07-31T00:01:36Z,980,2,0,18,1,0,1,1,1,1785455998
2026-07-31T00:01:36Z,981,3,0,16,2,0,1,1,1,1785455809
2026-07-31T00:01:36Z,982,3,1,14,2,0,1,1,1,1785455362
2026-07-31T00:01:36Z,983,2,2,20,1,0,1,1,1,1785455059
2026-07-31T00:01:36Z,984,5,0,18,0,0,1,1,1,1785455953
2026-07-31T00:01:36Z,985,24,0,7,0,0,1,1,1,1785456083
2026-07-31T00:01:36Z,986,2,1,17,0,0,1,1,1,1785454676
2026-07-31T00:01:36Z,987,5,0,17,1,0,1,1,1,1785455180
2026-07-31T00:01:36Z,988,6,2,12,1,0,1,1,1,1785455790
2026-07-31T00:01:36Z,989,8,4,11,0,0,1,1,1,1785455629
2026-07-31T00:01:36Z,990,13,1,0,2,0,1,1,1,1785454908
2026-07-31T00:01:36Z,991,8,1,10,1,0,1,1,1,1785454505
2026-07-31T00:01:36Z,992,8,6,14,1,0,1,1,1,1785455370
2026-07-31T00:01:36Z,993,3,0,24,0,0,1,1,1,1785455997
2026-07-31T00:01:36Z,994,2,1,19,0,0,1,1,1,1785455568
2026-07-31T00:01:36Z,995,7,0,20,0,0,1,1,1,1785454785
2026-07-31T00:01:36Z,996,9,1,14,0,0,1,1,1,1785454607
2026-07-31T00:01:36Z,997,11,4,9,3,0,1,1,1,1785456010
2026-07-31T00:01:36Z,998,3,0,19,1,0,1,1,1,1785454930
2026-07-31T00:01:36Z,999,4,2,15,1,1,1,1,1,1785454711
2026-07-31T00:01:36Z,1000,3,0,18,0,0,1,1,1,1785456088
2026-07-31T00:01:36Z,1001,1,0,26,0,0,1,1,1,1785454926
2026-07-31T00:01:36Z,1002,0,0,27,4,0,1,1,1,1785455771
2026-07-31T00:01:36Z,1003,0,0,23,0,0,1,1,1,1785454586
2026-07-31T00:01:36Z,1004,6,0,17,0,0,1,1,1,1785455958
2026-07-31T00:01:36Z,1005,20,1,3,0,0,1,1,1,1785454771
2026-07-31T00:01:36Z,1006,7,4,11,1,0,1,1,1,1785454630
2026-07-31T00:01:36Z,1007,4,1,17,0,0,1,1,1,1785456073
2026-07-31T00:01:36Z,1008,6,5,15,2,0,1,1,1,1785455542
2026-07-31T00:01:36Z,1009,21,4,8,2,0,1,1,1,1785455427
2026-07-31T00:01:36Z,1010,7,2,20,0,0,1,1,1,1785454410
2026-07-31T00:01:36Z,1011,6,1,11,2,0,1,1,1,1785455487
2026-07-31T00:01:36Z,1012,4,3,18,1,0,1,1,1,1785455969
2026-07-31T00:01:36Z,1013,5,1,17,1,0,1,1,1,1785455164
2026-07-31T00:01:36Z,1014,8,3,13,2,0,1,1,1,1785455046
2026-07-31T00:01:36Z,1015,5,4,25,1,0,1,1,1,1785455258
2026-07-31T00:01:36Z,1016,10,5,21,0,0,1,1,1,1785454324
2026-07-31T00:01:36Z,1017,14,5,7,0,0,1,1,1,1785455768
2026-07-31T00:01:36Z,1018,8,2,14,0,0,1,1,1,1785455776
2026-07-31T00:01:36Z,1019,7,5,8,0,0,1,1,1,1785454608
2026-07-31T00:01:36Z,1020,17,3,4,0,0,1,1,1,1785455645
2026-07-31T00:01:36Z,1021,8,3,6,1,0,1,1,1,1785455415
2026-07-31T00:01:36Z,1022,14,0,13,0,0,1,1,1,1785454686
2026-07-31T00:01:36Z,1023,12,1,10,1,0,1,1,1,1785454353
2026-07-31T00:01:36Z,1024,6,3,13,0,0,1,1,1,1785456087
2026-07-31T00:01:36Z,1025,4,1,14,0,1,1,1,1,1785454643
2026-07-31T00:01:36Z,1026,8,4,18,5,0,1,1,1,1785455483
2026-07-31T00:01:36Z,1028,2,0,20,1,0,1,1,1,1785454719
2026-07-31T00:01:36Z,1029,10,9,5,0,0,1,1,1,1785455699
2026-07-31T00:01:36Z,1030,13,5,10,0,0,1,1,1,1785455387
2026-07-31T00:01:36Z,1031,11,0,8,0,0,1,1,1,1785455803
2026-07-31T00:01:36Z,1032,7,1,12,0,0,1,1,1,1785454642
2026-07-31T00:01:36Z,1033,8,5,10,1,0,1,1,1,1785455448
2026-07-31T00:01:36Z,1034,1,0,14,0,0,1,1,1,1785454693
2026-07-31T00:01:36Z,1035,4,0,14,1,0,1,1,1,1785454661
2026-07-31T00:01:36Z,1036,15,1,0,0,0,1,1,1,1785455264
2026-07-31T00:01:36Z,1037,4,1,14,1,0,1,1,1,1785454933
2026-07-31T00:01:36Z,1038,2,2,13,0,0,1,1,1,1785454391
2026-07-31T00:01:36Z,1039,3,2,16,0,0,1,1,1,1785455733
2026-07-31T00:01:36Z,1040,8,4,10,1,0,1,1,1,1785455960
2026-07-31T00:01:36Z,1041,8,2,10,1,0,1,1,1,1785455310
2026-07-31T00:01:36Z,1042,10,0,3,2,0,1,1,1,1785454671
2026-07-31T00:01:36Z,1043,10,1,7,2,0,1,1,1,1785454714
2026-07-31T00:01:36Z,1044,1,1,14,0,0,1,1,1,1785454446
2026-07-31T00:01:36Z,1045,10,0,9,0,0,1,1,1,1785454631
2026-07-31T00:01:36Z,1046,8,0,7,0,0,1,1,1,1785455887
2026-07-31T00:01:36Z,1047,0,0,21,0,0,1,1,1,1785455379
2026-07-31T00:01:36Z,1048,5,1,14,0,0,1,1,1,1785455970
2026-07-31T00:01:36Z,1049,2,0,19,0,0,1,1,1,1785455645
2026-07-31T00:01:36Z,1050,16,5,4,1,0,1,1,1,1785455397
2026-07-31T00:01:36Z,1051,6,3,14,1,0,1,1,1,1785455898
2026-07-31T00:01:36Z,1052,20,2,2,0,0,1,1,1,1785455961
2026-07-31T00:01:36Z,1053,1,1,14,0,0,1,1,1,1785454568
2026-07-31T00:01:36Z,1054,14,1,1,0,0,1,1,1,1785455406
2026-07-31T00:01:36Z,1055,6,1,13,0,0,1,1,1,1785454915
2026-07-31T00:01:36Z,1057,6,1,13,0,0,1,1,1,1785456028
2026-07-31T00:01:36Z,1058,46,1,7,3,0,1,1,1,1785456023
2026-07-31T00:01:36Z,1059,3,0,14,2,0,1,1,1,1785454704
2026-07-31T00:01:36Z,1060,12,0,25,0,0,1,1,1,1785455584
2026-07-31T00:01:36Z,1061,7,0,30,0,0,1,1,1,1785455881
2026-07-31T00:01:36Z,1062,8,0,9,0,0,1,1,1,1785456091
2026-07-31T00:01:36Z,1063,13,2,5,1,0,1,1,1,1785455437
2026-07-31T00:01:36Z,1064,6,2,16,1,0,1,1,1,1785454953
2026-07-31T00:01:36Z,1065,15,3,8,0,0,1,1,1,1785455220
2026-07-31T00:01:36Z,1066,10,1,13,0,0,1,1,1,1785455050
2026-07-31T00:01:36Z,1067,7,1,15,1,0,1,1,1,1785455314
2026-07-31T00:01:36Z,1068,8,2,13,2,0,1,1,1,1785454765
2026-07-31T00:01:36Z,1069,12,3,11,0,0,1,1,1,1785454856
2026-07-31T00:01:36Z,1070,11,2,12,0,0,1,1,1,1785454945
2026-07-31T00:01:36Z,1071,7,4,16,0,0,1,1,1,1785454988
2026-07-31T00:01:36Z,1072,11,1,11,1,0,1,1,1,1785455287
2026-07-31T00:01:36Z,1073,14,4,12,1,0,1,1,1,1785456054
2026-07-31T00:01:36Z,1074,53,0,0,0,0,1,1,1,1785455686
2026-07-31T00:01:36Z,1075,10,8,11,0,0,1,1,1,1785454359
2026-07-31T00:01:36Z,1076,13,11,8,0,0,1,1,1,1785455604
2026-07-31T00:01:36Z,1077,8,5,13,0,0,1,1,1,1785454568
2026-07-31T00:01:36Z,1078,13,10,8,0,0,1,1,1,1785455650
2026-07-31T00:01:36Z,1079,12,9,9,0,0,1,1,1,1785454474
2026-07-31T00:01:36Z,1080,9,7,11,1,0,1,1,1,1785455069
2026-07-31T00:01:36Z,1081,13,9,6,0,0,1,1,1,1785455509
2026-07-31T00:01:36Z,1082,4,4,4,0,0,1,1,1,1785455091
2026-07-31T00:01:36Z,1083,12,10,9,0,0,1,1,1,1785454781
2026-07-31T00:01:36Z,1084,8,7,13,0,0,1,1,1,1785455099
2026-07-31T00:01:36Z,1085,10,10,11,0,0,1,1,1,1785455756
2026-07-31T00:01:36Z,1086,7,7,13,1,0,1,1,1,1785454664
2026-07-31T00:01:36Z,1087,10,9,5,0,0,1,1,1,1785455762
2026-07-31T00:01:36Z,1088,10,7,5,0,0,1,1,1,1785454696
2026-07-31T00:01:36Z,1089,6,4,9,0,0,1,1,1,1785455075
2026-07-31T00:01:36Z,1090,8,7,7,0,0,1,1,1,1785455593
2026-07-31T00:01:36Z,1091,10,5,5,0,0,1,1,1,1785455886
2026-07-31T00:01:36Z,1092,9,9,5,1,0,1,1,1,1785455049
2026-07-31T00:01:36Z,1093,7,6,8,0,0,1,1,1,1785455421
2026-07-31T00:01:36Z,1094,10,8,8,1,0,1,1,1,1785455489
2026-07-31T00:01:36Z,1095,9,8,6,0,0,1,1,1,1785455387
2026-07-31T00:01:36Z,1096,6,3,12,1,0,1,1,1,1785455008
2026-07-31T00:01:36Z,1097,8,8,7,0,0,1,1,1,1785455233
2026-07-31T00:01:36Z,1098,9,7,10,0,0,1,1,1,1785455545
2026-07-31T00:01:36Z,1099,7,6,8,0,0,1,1,1,1785454481
2026-07-31T00:01:36Z,1100,5,1,24,0,0,1,1,1,1785452920
2026-07-31T00:01:36Z,1101,10,5,11,0,0,1,1,1,1785454345
2026-07-31T00:01:36Z,1102,9,4,4,0,0,1,1,1,1785455518
2026-07-31T00:01:36Z,1103,11,5,10,0,0,1,1,1,1785435100
2026-07-31T00:01:36Z,1104,10,5,11,0,0,1,1,1,1785455912
2026-07-31T00:01:36Z,1105,7,3,6,0,0,1,1,1,1785455413
2026-07-31T00:01:36Z,1106,13,7,8,0,0,1,1,1,1785455786
2026-07-31T00:01:36Z,1107,9,5,6,0,0,1,1,1,1785454786
2026-07-31T00:01:36Z,1108,8,3,16,3,0,1,1,1,1785455164
2026-07-31T00:01:36Z,1109,3,1,12,0,0,1,1,1,1785454749
2026-07-31T00:01:36Z,1110,8,0,13,0,0,1,1,1,1785456081
2026-07-31T00:01:36Z,1111,4,0,17,0,0,1,1,1,1785456066
2026-07-31T00:01:36Z,1112,53,0,0,0,0,1,1,1,1785456055
2026-07-31T00:01:36Z,1113,2,1,19,0,0,1,1,1,1785455785
2026-07-31T00:01:36Z,1115,20,7,2,1,0,1,1,1,1785455934
2026-07-31T00:01:36Z,1116,4,1,15,0,0,1,1,1,1785455936
2026-07-31T00:01:36Z,1117,3,0,20,0,0,1,1,1,1785455959
2026-07-31T00:01:36Z,1118,18,1,2,1,0,1,1,1,1785456009
2026-07-31T00:01:36Z,1119,13,2,4,0,0,1,1,1,1785455692
2026-07-31T00:01:36Z,1120,16,2,1,2,0,1,1,1,1785455896
2026-07-31T00:01:36Z,1121,14,5,6,1,0,1,1,1,1785456070
2026-07-31T00:01:36Z,1122,10,8,10,1,0,1,1,1,1785455825
2026-07-31T00:01:36Z,1123,2,0,19,2,0,1,1,1,1785455911
2026-07-31T00:01:36Z,1124,8,0,2,5,0,1,1,1,1785455689
2026-07-31T00:01:36Z,1125,16,1,7,0,0,1,1,1,1785455231
2026-07-31T00:01:36Z,1126,5,5,14,2,0,1,1,1,1785456034
2026-07-31T00:01:36Z,1127,4,2,15,0,0,1,1,1,1785456047
2026-07-31T00:01:36Z,1128,11,0,3,1,0,1,1,1,1785454694
2026-07-31T00:01:36Z,1129,1,0,20,0,0,1,1,1,1785454401
2026-07-31T00:01:36Z,1130,12,2,3,0,0,1,1,1,1785455925
2026-07-31T00:01:36Z,1131,0,0,48,1,0,1,1,1,1785455929
2026-07-31T00:01:36Z,1132,13,5,7,1,0,1,1,1,1785456053
2026-07-31T00:01:36Z,1133,8,5,11,2,0,1,1,1,1785455960
2026-07-31T00:01:36Z,1134,11,6,8,0,0,1,1,1,1785455155
2026-07-31T00:01:36Z,1135,10,5,11,0,0,1,1,1,1785456055
2026-07-31T00:01:36Z,1136,11,0,12,0,0,1,1,1,1785455771
2026-07-31T00:01:36Z,1137,7,0,8,0,0,1,1,1,1785455147
2026-07-31T00:01:36Z,1138,7,0,12,0,0,1,1,1,1785454625
2026-07-31T00:01:36Z,1139,12,2,7,2,0,1,1,1,1785455454
2026-07-31T00:01:36Z,1140,18,3,4,1,0,1,1,1,1785456092
2026-07-31T00:01:36Z,1141,2,2,19,0,0,1,1,1,1785455863
2026-07-31T00:01:36Z,1142,20,1,1,0,0,1,1,1,1785456018
2026-07-31T00:01:36Z,1143,29,1,0,0,0,1,1,1,1785455923
2026-07-31T00:01:36Z,1144,8,4,11,2,0,1,1,1,1785455759
2026-07-31T00:01:36Z,1145,12,6,8,1,0,1,1,1,1785455013
2026-07-31T00:01:36Z,1146,16,11,1,2,0,1,1,1,1785456082
2026-07-31T00:01:36Z,1147,6,1,13,0,0,1,1,1,1785456090
2026-07-31T00:01:36Z,1148,2,2,26,3,0,1,1,1,1785455978
2026-07-31T00:01:36Z,1149,3,2,18,4,0,1,1,1,1785456064
2026-07-31T00:01:36Z,1150,0,0,19,0,0,1,1,1,1785454893
2026-07-31T00:01:36Z,1151,0,0,21,0,0,1,1,1,1785455294
2026-07-31T00:01:36Z,1152,4,1,25,0,0,1,1,1,1785454585
2026-07-31T00:01:36Z,1153,10,0,12,1,0,1,1,1,1785455659
2026-07-31T00:01:36Z,1154,13,1,6,0,0,1,1,1,1785455940
2026-07-31T00:01:36Z,1155,17,9,3,1,0,1,1,1,1785455975
2026-07-31T00:01:36Z,1158,3,0,16,0,0,1,1,1,1785454554
2026-07-31T00:01:36Z,1159,11,0,8,0,0,1,1,1,1785454906
2026-07-31T00:01:36Z,1160,9,1,9,1,0,1,1,1,1785454389
2026-07-31T00:01:36Z,1161,5,1,13,1,0,1,1,1,1785455035
2026-07-31T00:01:36Z,1162,0,0,19,0,0,1,1,1,1785455292
2026-07-31T00:01:36Z,1163,1,1,17,1,0,1,1,1,1785454672
2026-07-31T00:01:36Z,1164,4,1,15,0,0,1,1,1,1785454732
2026-07-31T00:01:36Z,1165,8,1,13,0,0,1,1,1,1785455448
2026-07-31T00:01:36Z,1166,9,4,12,0,0,1,1,1,1785455828
2026-07-31T00:01:36Z,1167,4,0,11,0,0,1,1,1,1785455352
2026-07-31T00:01:36Z,1168,1,0,22,0,0,1,1,1,1785456062
2026-07-31T00:01:36Z,1169,3,0,15,1,0,1,1,1,1785454577
2026-07-31T00:01:36Z,1170,6,0,14,1,0,1,1,1,1785454928
2026-07-31T00:01:36Z,1171,6,6,16,1,0,1,1,1,1785454566
2026-07-31T00:01:36Z,1172,7,2,6,2,0,1,1,1,1785454862
2026-07-31T00:01:36Z,1173,10,3,9,0,0,1,1,1,1785454816
2026-07-31T00:01:36Z,1174,5,2,9,1,0,1,1,1,1785455586
2026-07-31T00:01:36Z,1175,6,3,13,0,0,1,1,1,1785452066
2026-07-31T00:01:36Z,1176,18,1,3,0,0,1,1,1,1785455825
2026-07-31T00:01:36Z,1177,3,1,18,0,0,1,1,1,1785455748
2026-07-31T00:01:36Z,1178,1,0,14,0,0,1,1,1,1785454869
2026-07-31T00:01:36Z,1181,13,0,1,1,0,1,1,1,1785455640
2026-07-31T00:01:36Z,1182,11,5,9,0,0,1,1,1,1785455889
2026-07-31T00:01:36Z,1183,4,1,39,2,0,1,1,1,1785455595
2026-07-31T00:01:36Z,1184,2,2,17,2,0,1,1,1,1785455923
2026-07-31T00:01:36Z,1185,10,5,11,0,0,1,1,1,1785455983
2026-07-31T00:01:36Z,1186,9,5,10,0,0,1,1,1,1785455085
2026-07-31T00:01:36Z,1187,11,6,9,1,0,1,1,1,1785455537
2026-07-31T00:01:36Z,1188,9,3,6,0,0,1,1,1,1785454992
2026-07-31T00:01:36Z,1189,10,5,9,0,0,1,1,1,1785454841
2026-07-31T00:01:36Z,1190,10,5,11,0,0,1,1,1,1785456032
2026-07-31T00:01:36Z,1191,10,5,5,0,0,1,1,1,1785454804
2026-07-31T00:01:36Z,1192,11,7,10,0,0,1,1,1,1785454583
2026-07-31T00:01:36Z,1193,6,4,5,2,0,1,1,1,1785455704
2026-07-31T00:01:36Z,1197,7,4,9,1,0,1,1,1,1785455830
2026-07-31T00:01:36Z,1198,14,4,5,2,0,1,1,1,1785455111
2026-07-31T00:01:36Z,1199,2,0,17,0,0,1,1,1,1785455145
2026-07-31T00:01:36Z,1200,10,5,5,0,0,1,1,1,1785454841
2026-07-31T00:01:36Z,1201,9,4,6,0,0,1,1,1,1785454819
2026-07-31T00:01:36Z,1202,10,5,5,0,0,1,1,1,1785454913
2026-07-31T00:01:36Z,1203,10,5,5,0,0,1,1,1,1785454808
2026-07-31T00:01:36Z,1204,7,3,11,1,0,1,1,1,1785454521
2026-07-31T00:01:36Z,1206,11,5,10,0,0,1,1,1,1785455538
2026-07-31T00:01:36Z,1207,10,5,5,0,0,1,1,1,1785455128
2026-07-31T00:01:36Z,1208,7,2,11,1,0,1,1,1,1785455003
2026-07-31T00:01:36Z,1216,7,0,13,1,0,1,1,1,1785455775
2026-07-31T00:01:36Z,1218,5,0,16,0,0,1,1,1,1785454853
2026-07-31T00:01:36Z,1219,7,2,7,1,0,1,1,1,1785456084
2026-07-31T00:01:36Z,1220,13,7,5,1,0,1,1,1,1785455880
2026-07-31T00:01:36Z,1221,2,2,19,0,0,1,1,1,1785455478
2026-07-31T00:01:36Z,1222,20,0,9,0,0,1,1,1,1785455522
2026-07-31T00:01:36Z,1223,18,1,9,2,0,1,1,1,1785455476
2026-07-31T00:01:36Z,1226,0,0,3,0,0,0,1,1,1781868931
2026-07-31T00:01:36Z,1227,15,2,10,0,0,1,1,1,1785455034
2026-07-31T00:01:36Z,1228,0,0,29,0,0,1,1,1,1785455562
2026-07-31T00:01:36Z,1229,38,0,7,0,0,1,1,1,1785456057
2026-07-31T00:06:36Z,1,7,2,16,0,0,1,1,1,1785456201
2026-07-31T00:06:36Z,2,24,0,1,2,0,1,1,1,1785456391
2026-07-31T00:06:36Z,3,8,1,4,2,0,1,1,1,1785456245
2026-07-31T00:06:36Z,4,21,1,0,1,0,1,1,1,1785455202
2026-07-31T00:06:36Z,5,8,3,15,0,0,1,1,1,1785456282
2026-07-31T00:06:36Z,6,9,0,6,0,0,1,1,1,1785456378
2026-07-31T00:06:36Z,7,7,0,32,0,0,1,1,1,1785456169
2026-07-31T00:06:36Z,8,3,0,40,0,0,1,1,1,1785455298
2026-07-31T00:06:36Z,9,11,1,10,2,0,1,1,1,1785456318
2026-07-31T00:06:36Z,10,0,0,20,3,0,1,1,1,1785452766
2026-07-31T00:06:36Z,11,7,0,10,2,0,1,1,1,1785456326
2026-07-31T00:06:36Z,12,12,1,11,0,0,1,1,1,1785456383
2026-07-31T00:06:36Z,13,18,2,12,0,0,1,1,1,1785455563
2026-07-31T00:06:36Z,14,30,1,12,0,1,1,1,1,1785456323
2026-07-31T00:06:36Z,15,13,0,2,0,0,1,1,1,1785456166
2026-07-31T00:06:36Z,16,4,0,20,2,1,1,1,1,1785455266
2026-07-31T00:06:36Z,17,10,1,16,1,0,1,1,1,1785456369
2026-07-31T00:06:36Z,18,14,0,2,2,0,1,1,1,1785456106
2026-07-31T00:06:36Z,19,12,3,14,1,0,1,1,1,1785456385
2026-07-31T00:06:36Z,20,21,1,14,0,0,1,1,1,1785456008
2026-07-31T00:06:36Z,21,9,2,10,0,0,1,1,1,1785456390
2026-07-31T00:06:36Z,22,20,0,44,1,0,1,1,1,1785456190
2026-07-31T00:06:36Z,23,28,2,3,0,0,1,1,1,1785456126
2026-07-31T00:06:36Z,24,10,2,0,1,0,1,1,1,1785456390
2026-07-31T00:06:36Z,25,74,2,3,4,0,1,1,1,1785456362
2026-07-31T00:06:36Z,26,6,0,21,0,0,1,1,1,1785456391
2026-07-31T00:06:36Z,28,2,0,13,0,0,1,1,1,1785456274
2026-07-31T00:06:36Z,30,12,3,16,1,0,1,1,1,1785456286
2026-07-31T00:06:36Z,31,1,0,16,2,0,1,1,1,1785456306
2026-07-31T00:06:36Z,32,22,4,5,0,0,1,1,1,1785456389
2026-07-31T00:06:36Z,34,21,1,16,0,0,1,1,1,1785456255
2026-07-31T00:06:36Z,35,46,0,1,0,0,1,1,1,1785456393
2026-07-31T00:06:36Z,36,0,0,0,0,0,0,1,1,86400
2026-07-31T00:06:36Z,37,19,0,4,0,0,1,1,1,1785456311
2026-07-31T00:06:36Z,38,1,0,22,0,0,1,1,1,1785455819
2026-07-31T00:06:36Z,39,21,1,18,0,0,1,1,1,1785456132
2026-07-31T00:06:36Z,40,6,2,13,2,0,1,1,1,1785456362
2026-07-31T00:06:36Z,41,12,0,30,1,0,1,1,1,1785455728
2026-07-31T00:06:36Z,42,20,4,11,0,0,1,1,1,1785456380
2026-07-31T00:06:36Z,43,3,0,20,0,0,1,1,1,1785456365
2026-07-31T00:06:36Z,45,2,1,26,1,0,1,1,1,1785454667
2026-07-31T00:06:36Z,46,5,0,26,0,0,1,1,1,1785456244
2026-07-31T00:06:36Z,47,13,2,1,1,0,1,1,1,1785454697
2026-07-31T00:06:36Z,48,12,0,15,0,0,1,1,1,1785456300
2026-07-31T00:06:36Z,49,2,0,17,4,0,1,1,1,1785456387
2026-07-31T00:06:36Z,50,3,0,15,1,0,1,1,1,1785455470
2026-07-31T00:06:36Z,51,32,0,45,0,0,1,1,1,1785456377
2026-07-31T00:06:36Z,52,6,0,18,3,0,1,1,1,1785456351
2026-07-31T00:06:36Z,55,0,0,23,0,0,1,1,1,1785456194
2026-07-31T00:06:36Z,56,6,2,37,0,0,1,1,1,1785456316
2026-07-31T00:06:36Z,57,12,2,15,0,0,1,1,1,1785456199
2026-07-31T00:06:36Z,58,4,4,24,0,0,1,1,1,1785454203
2026-07-31T00:06:36Z,59,3,1,22,2,0,1,1,1,1785456358
2026-07-31T00:06:36Z,61,27,0,11,1,0,1,1,1,1785455885
2026-07-31T00:06:36Z,62,16,15,32,1,0,1,1,1,1785456202
2026-07-31T00:06:36Z,63,3,1,16,0,0,1,1,1,1785456391
2026-07-31T00:06:36Z,64,14,0,1,4,0,1,1,1,1785456096
2026-07-31T00:06:36Z,65,10,4,8,1,0,1,1,1,1785455468
2026-07-31T00:06:36Z,67,1,0,38,0,0,1,1,1,1785455981
2026-07-31T00:06:36Z,68,7,1,30,0,0,1,1,1,1785456283
2026-07-31T00:06:36Z,69,11,1,2,2,0,1,1,1,1785455722
2026-07-31T00:06:36Z,71,1,1,25,1,0,1,1,1,1785455889
2026-07-31T00:06:36Z,72,11,4,19,1,0,1,1,1,1785456141
2026-07-31T00:06:36Z,73,1,0,30,0,0,1,1,1,1785456313
2026-07-31T00:06:36Z,74,4,1,15,0,0,1,1,1,1785455961
2026-07-31T00:06:36Z,75,1,1,29,2,0,1,1,1,1785455880
2026-07-31T00:06:36Z,76,0,0,18,1,0,1,1,1,1785456387
2026-07-31T00:06:36Z,77,15,0,11,1,0,1,1,1,1785455392
2026-07-31T00:06:36Z,78,0,0,23,0,0,1,1,1,1785455010
2026-07-31T00:06:36Z,79,0,0,15,2,0,1,1,1,1785455879
2026-07-31T00:06:36Z,80,18,0,2,3,0,1,1,1,1785456386
2026-07-31T00:06:36Z,81,11,0,20,0,0,1,1,1,1785456113
2026-07-31T00:06:36Z,82,0,0,23,0,0,1,1,1,1785456357
2026-07-31T00:06:36Z,83,14,3,19,1,0,1,1,1,1785456389
2026-07-31T00:06:36Z,84,9,5,18,0,0,1,1,1,1785456135
2026-07-31T00:06:36Z,85,4,0,11,0,0,1,1,1,1785456152
2026-07-31T00:06:36Z,86,2,2,24,1,0,1,1,1,1785455616
2026-07-31T00:06:36Z,87,2,0,17,0,0,1,1,1,1785455009
2026-07-31T00:06:36Z,88,1,0,40,2,0,1,1,1,1785456384
2026-07-31T00:06:36Z,89,34,0,1,0,0,1,1,1,1785455932
2026-07-31T00:06:36Z,90,9,1,8,1,0,1,1,1,1785456234
2026-07-31T00:06:36Z,91,11,3,6,0,0,1,1,1,1785456332
2026-07-31T00:06:36Z,92,5,0,12,2,0,1,1,1,1785456105
2026-07-31T00:06:36Z,93,14,2,8,1,0,1,1,1,1785456245
2026-07-31T00:06:36Z,94,1,0,17,1,0,1,1,1,1785455027
2026-07-31T00:06:36Z,95,15,2,18,1,1,1,1,1,1785456384
2026-07-31T00:06:36Z,96,2,1,28,1,0,1,1,1,1785456006
2026-07-31T00:06:36Z,97,15,0,1,1,0,1,1,1,1785456246
2026-07-31T00:06:36Z,98,16,7,19,0,0,1,1,1,1785456240
2026-07-31T00:06:36Z,99,11,0,4,0,0,1,1,1,1785456130
2026-07-31T00:06:36Z,100,27,1,0,0,0,1,1,1,1785456103
2026-07-31T00:06:36Z,101,14,0,0,1,0,1,1,1,1785455267
2026-07-31T00:06:36Z,102,22,2,1,0,0,1,1,1,1785456116
2026-07-31T00:06:36Z,103,28,1,0,2,0,1,1,1,1785456127
2026-07-31T00:06:36Z,104,22,0,3,2,0,1,1,1,1785456382
2026-07-31T00:06:36Z,105,17,0,2,0,0,1,1,1,1785455744
2026-07-31T00:06:36Z,106,3,0,18,0,0,1,1,1,1785456133
2026-07-31T00:06:36Z,107,36,0,1,0,0,1,1,1,1785455651
2026-07-31T00:06:36Z,108,25,1,8,2,0,1,1,1,1785456262
2026-07-31T00:06:36Z,109,22,1,1,0,0,1,1,1,1785456337
2026-07-31T00:06:36Z,110,8,0,15,0,0,1,1,1,1785456281
2026-07-31T00:06:36Z,111,7,0,29,0,0,1,1,1,1785456054
2026-07-31T00:06:36Z,112,13,0,1,1,0,1,1,1,1785456380
2026-07-31T00:06:36Z,113,12,2,6,1,0,1,1,1,1785456386
2026-07-31T00:06:36Z,114,3,3,26,1,1,1,1,1,1785456097
2026-07-31T00:06:36Z,115,2,2,23,3,0,1,1,1,1785456210
2026-07-31T00:06:36Z,116,8,7,19,0,0,1,1,1,1785456239
2026-07-31T00:06:36Z,118,19,12,1,3,0,1,1,1,1785456041
2026-07-31T00:06:36Z,119,7,1,29,2,0,1,1,1,1785456165
2026-07-31T00:06:36Z,120,7,4,19,1,0,1,1,1,1785456232
2026-07-31T00:06:36Z,121,3,0,15,0,1,1,1,1,1785456204
2026-07-31T00:06:36Z,122,2,0,18,1,0,1,1,1,1785456193
2026-07-31T00:06:36Z,123,1,1,46,0,0,1,1,1,1785455492
2026-07-31T00:06:36Z,124,26,14,8,1,0,1,1,1,1785456332
2026-07-31T00:06:36Z,125,2,2,21,0,0,1,1,1,1785456351
2026-07-31T00:06:36Z,126,13,2,18,0,0,1,1,1,1785454123
2026-07-31T00:06:36Z,127,5,5,29,1,0,1,1,1,1785456329
2026-07-31T00:06:36Z,128,8,6,10,1,0,1,1,1,1785456381
2026-07-31T00:06:36Z,129,8,1,10,1,0,1,1,1,1785455805
2026-07-31T00:06:36Z,130,5,0,12,0,0,1,1,1,1785454644
2026-07-31T00:06:36Z,131,6,3,3,2,0,1,1,1,1785455813
2026-07-31T00:06:36Z,132,1,0,13,0,1,1,1,1,1785456025
2026-07-31T00:06:36Z,134,9,6,12,2,0,1,1,1,1785456387
2026-07-31T00:06:36Z,135,3,3,16,0,0,1,1,1,1785456344
2026-07-31T00:06:36Z,136,17,3,6,0,0,1,1,1,1785455131
2026-07-31T00:06:36Z,137,7,7,12,0,0,1,1,1,1785456236
2026-07-31T00:06:36Z,138,26,5,10,1,0,1,1,1,1785454989
2026-07-31T00:06:36Z,139,6,3,11,2,0,1,1,1,1785456147
2026-07-31T00:06:36Z,140,5,3,16,2,0,1,1,1,1785456390
2026-07-31T00:06:36Z,141,16,6,19,1,0,1,1,1,1785456369
2026-07-31T00:06:36Z,142,9,3,14,0,0,1,1,1,1785456341
2026-07-31T00:06:36Z,143,18,3,13,0,0,1,1,1,1785456385
2026-07-31T00:06:36Z,144,22,1,5,0,0,1,1,1,1785456148
2026-07-31T00:06:36Z,145,24,5,4,1,0,1,1,1,1785456140
2026-07-31T00:06:36Z,146,18,2,4,1,0,1,1,1,1785456391
2026-07-31T00:06:36Z,147,0,0,17,2,0,1,1,1,1785456368
2026-07-31T00:06:36Z,148,5,2,19,3,0,1,1,1,1785456275
2026-07-31T00:06:36Z,149,2,0,25,0,0,1,1,1,1785456372
2026-07-31T00:06:36Z,150,25,7,8,2,0,1,1,1,1785456117
2026-07-31T00:06:36Z,151,12,0,11,0,0,1,1,1,1785456379
2026-07-31T00:06:36Z,152,19,2,5,3,0,1,1,1,1785456336
2026-07-31T00:06:36Z,153,0,0,0,30,1,1,1,1,1785456387
2026-07-31T00:06:36Z,154,18,1,2,3,0,1,1,1,1785456360
2026-07-31T00:06:36Z,155,13,4,0,1,0,1,1,1,1785456335
2026-07-31T00:06:36Z,156,14,0,5,0,0,1,1,1,1785456284
2026-07-31T00:06:36Z,157,7,4,18,2,0,1,1,1,1785456376
2026-07-31T00:06:36Z,158,1,1,15,0,0,1,1,1,1785455369
2026-07-31T00:06:36Z,159,5,1,14,0,0,1,1,1,1785455334
2026-07-31T00:06:36Z,160,7,3,12,0,0,1,1,1,1785456353
2026-07-31T00:06:36Z,161,21,1,1,0,0,1,1,1,1785456390
2026-07-31T00:06:36Z,162,7,4,17,3,0,1,1,1,1785456299
2026-07-31T00:06:36Z,163,7,0,23,0,1,1,1,1,1785456268
2026-07-31T00:06:36Z,164,21,2,6,0,0,1,1,1,1785456322
2026-07-31T00:06:36Z,165,25,4,5,1,0,1,1,1,1785456355
2026-07-31T00:06:36Z,166,27,6,9,3,0,1,1,1,1785456383
2026-07-31T00:06:36Z,167,8,5,14,1,0,1,1,1,1785456375
2026-07-31T00:06:36Z,168,3,2,21,3,0,1,1,1,1785456385
2026-07-31T00:06:36Z,169,22,7,0,0,1,1,1,1,1785456299
2026-07-31T00:06:36Z,170,2,1,16,1,0,1,1,1,1785456293
2026-07-31T00:06:36Z,171,6,1,5,2,0,1,1,1,1785456155
2026-07-31T00:06:36Z,173,37,4,2,0,0,1,1,1,1785456185
2026-07-31T00:06:36Z,174,7,1,16,3,0,1,1,1,1785456132
2026-07-31T00:06:36Z,175,29,0,0,2,0,1,1,1,1785456376
2026-07-31T00:06:36Z,176,11,1,1,3,0,1,1,1,1785456380
2026-07-31T00:06:36Z,177,25,9,2,0,0,1,1,1,1785456251
2026-07-31T00:06:36Z,178,7,4,5,2,1,1,1,1,1785456389
2026-07-31T00:06:36Z,179,10,1,3,2,0,1,1,1,1785456309
2026-07-31T00:06:36Z,180,19,0,11,0,0,1,1,1,1785456140
2026-07-31T00:06:36Z,181,9,6,5,1,0,1,1,1,1785456363
2026-07-31T00:06:36Z,182,3,3,14,0,0,1,1,1,1785455580
2026-07-31T00:06:36Z,183,15,4,8,0,0,1,1,1,1785456191
2026-07-31T00:06:36Z,184,2,0,20,1,0,1,1,1,1785456154
2026-07-31T00:06:36Z,185,5,0,8,1,1,1,1,1,1785455936
2026-07-31T00:06:36Z,186,1,1,18,0,0,1,1,1,1785455620
2026-07-31T00:06:36Z,187,27,3,0,1,0,1,1,1,1785456301
2026-07-31T00:06:36Z,188,19,1,0,8,0,1,1,1,1785456243
2026-07-31T00:06:36Z,189,1,0,14,0,0,1,1,1,1785454630
2026-07-31T00:06:36Z,190,7,6,16,0,0,1,1,1,1785456258
2026-07-31T00:06:36Z,191,1,0,38,0,0,1,1,1,1785456184
2026-07-31T00:06:36Z,192,8,3,20,3,0,1,1,1,1785455555
2026-07-31T00:06:36Z,193,10,5,2,3,0,1,1,1,1785456389
2026-07-31T00:06:36Z,194,5,0,21,1,0,1,1,1,1785456327
2026-07-31T00:06:36Z,195,3,3,16,0,0,1,1,1,1785456281
2026-07-31T00:06:36Z,196,15,5,9,3,0,1,1,1,1785456327
2026-07-31T00:06:36Z,197,1,0,17,0,1,1,1,1,1785456301
2026-07-31T00:06:36Z,198,17,16,6,0,0,1,1,1,1785456270
2026-07-31T00:06:36Z,199,13,12,0,2,0,1,1,1,1785455726
2026-07-31T00:06:36Z,200,19,7,7,0,0,1,1,1,1785456389
2026-07-31T00:06:36Z,201,2,1,21,0,0,1,1,1,1785455593
2026-07-31T00:06:36Z,202,25,1,2,0,0,1,1,1,1785456156
2026-07-31T00:06:36Z,203,19,0,11,1,0,1,1,1,1785456359
2026-07-31T00:06:36Z,204,15,1,18,2,0,1,1,1,1785456336
2026-07-31T00:06:36Z,205,9,1,18,0,0,1,1,1,1785456125
2026-07-31T00:06:36Z,206,13,10,0,2,0,1,1,1,1785456257
2026-07-31T00:06:36Z,207,14,1,7,0,0,1,1,1,1785456391
2026-07-31T00:06:36Z,208,1,0,28,0,0,1,1,1,1785456363
2026-07-31T00:06:36Z,209,22,3,8,1,0,1,1,1,1785456382
2026-07-31T00:06:36Z,210,3,1,22,2,0,1,1,1,1785456270
2026-07-31T00:06:36Z,211,3,2,19,1,0,1,1,1,1785456062
2026-07-31T00:06:36Z,212,26,1,8,1,0,1,1,1,1785456131
2026-07-31T00:06:36Z,213,22,2,0,1,0,1,1,1,1785456088
2026-07-31T00:06:36Z,214,14,13,25,8,0,1,1,1,1785456084
2026-07-31T00:06:36Z,215,0,0,23,0,0,1,1,1,1785455894
2026-07-31T00:06:36Z,216,9,0,9,1,0,1,1,1,1785455854
2026-07-31T00:06:36Z,217,21,0,7,1,0,1,1,1,1785456228
2026-07-31T00:06:36Z,218,9,9,27,3,0,1,1,1,1785456382
2026-07-31T00:06:36Z,219,26,0,0,0,0,1,1,1,1785456349
2026-07-31T00:06:36Z,220,22,21,18,2,1,1,1,1,1785456155
2026-07-31T00:06:36Z,221,12,10,2,1,0,1,1,1,1785456178
2026-07-31T00:06:36Z,222,12,8,6,1,0,1,1,1,1785456249
2026-07-31T00:06:36Z,223,5,1,28,2,0,1,1,1,1785456206
2026-07-31T00:06:36Z,224,13,13,7,2,0,1,1,1,1785455714
2026-07-31T00:06:36Z,225,14,0,1,4,0,1,1,1,1785455720
2026-07-31T00:06:36Z,226,23,7,8,0,0,1,1,1,1785456388
2026-07-31T00:06:36Z,227,7,7,18,1,1,1,1,1,1785456294
2026-07-31T00:06:36Z,228,15,11,4,0,0,1,1,1,1785456300
2026-07-31T00:06:36Z,230,23,3,3,0,0,1,1,1,1785456028
2026-07-31T00:06:36Z,232,5,1,11,1,0,1,1,1,1785454296
2026-07-31T00:06:36Z,233,7,3,23,1,0,1,1,1,1785456163
2026-07-31T00:06:36Z,234,4,3,10,4,1,1,1,1,1785456128
2026-07-31T00:06:36Z,236,4,1,14,1,0,1,1,1,1785456021
2026-07-31T00:06:36Z,237,7,0,15,1,0,1,1,1,1785456384
2026-07-31T00:06:36Z,239,19,11,6,2,0,1,1,1,1785456354
2026-07-31T00:06:36Z,241,6,2,17,0,0,1,1,1,1785456112
2026-07-31T00:06:36Z,242,1,1,21,1,0,1,1,1,1785454911
2026-07-31T00:06:36Z,243,15,6,14,2,0,1,1,1,1785456272
2026-07-31T00:06:36Z,244,4,3,22,1,0,1,1,1,1785456224
2026-07-31T00:06:36Z,245,17,13,4,2,0,1,1,1,1785456148
2026-07-31T00:06:36Z,246,4,0,19,0,0,1,1,1,1785456335
2026-07-31T00:06:36Z,247,19,10,4,0,0,1,1,1,1785455698
2026-07-31T00:06:36Z,248,1,1,19,3,0,1,1,1,1785455695
2026-07-31T00:06:36Z,249,5,3,14,0,0,1,1,1,1785456328
2026-07-31T00:06:36Z,250,1,0,24,2,0,1,1,1,1785456263
2026-07-31T00:06:36Z,251,17,13,8,2,0,1,1,1,1785456305
2026-07-31T00:06:36Z,253,5,4,12,2,0,1,1,1,1785456335
2026-07-31T00:06:36Z,254,15,11,27,1,0,1,1,1,1785455659
2026-07-31T00:06:36Z,255,2,0,20,0,1,1,1,1,1785456377
2026-07-31T00:06:36Z,256,12,6,10,1,0,1,1,1,1785456226
2026-07-31T00:06:36Z,257,12,8,6,1,0,1,1,1,1785456124
2026-07-31T00:06:36Z,258,14,12,4,1,0,1,1,1,1785456374
2026-07-31T00:06:36Z,259,15,1,7,0,1,1,1,1,1785456018
2026-07-31T00:06:36Z,260,0,0,18,1,0,1,1,1,1785456012
2026-07-31T00:06:36Z,261,14,0,4,0,1,1,1,1,1785455655
2026-07-31T00:06:36Z,262,14,2,9,0,0,1,1,1,1785456386
2026-07-31T00:06:36Z,263,14,5,1,0,0,1,1,1,1785455100
2026-07-31T00:06:36Z,264,8,0,10,1,0,1,1,1,1785456125
2026-07-31T00:06:36Z,265,8,1,7,0,0,1,1,1,1785456318
2026-07-31T00:06:36Z,266,8,5,11,0,0,1,1,1,1785455799
2026-07-31T00:06:36Z,267,4,0,9,2,0,1,1,1,1785456188
2026-07-31T00:06:36Z,268,15,6,8,0,0,1,1,1,1785454374
2026-07-31T00:06:36Z,269,7,1,16,0,0,1,1,1,1785456219
2026-07-31T00:06:36Z,270,22,0,4,1,0,1,1,1,1785456390
2026-07-31T00:06:36Z,271,0,0,17,2,0,1,1,1,1785453671
2026-07-31T00:06:36Z,272,13,9,10,0,0,1,1,1,1785456245
2026-07-31T00:06:36Z,273,6,3,9,0,0,1,1,1,1785456093
2026-07-31T00:06:36Z,274,8,2,11,0,0,1,1,1,1785456181
2026-07-31T00:06:36Z,275,3,0,20,0,0,1,1,1,1785455957
2026-07-31T00:06:36Z,276,1,0,26,0,0,1,1,1,1785456169
2026-07-31T00:06:36Z,277,0,0,19,4,0,1,1,1,1785455960
2026-07-31T00:06:36Z,278,2,2,27,1,1,1,1,1,1785456196
2026-07-31T00:06:36Z,279,9,6,10,0,0,1,1,1,1785456239
2026-07-31T00:06:36Z,280,5,0,24,2,0,1,1,1,1785456371
2026-07-31T00:06:36Z,281,19,1,0,0,0,1,1,1,1785455600
2026-07-31T00:06:36Z,282,1,0,16,1,0,1,1,1,1785454029
2026-07-31T00:06:36Z,283,21,1,14,0,0,1,1,1,1785456241
2026-07-31T00:06:36Z,284,19,1,14,2,0,1,1,1,1785456342
2026-07-31T00:06:36Z,285,3,1,20,0,0,1,1,1,1785456051
2026-07-31T00:06:36Z,286,13,8,8,2,0,1,1,1,1785456247
2026-07-31T00:06:36Z,287,13,0,8,2,0,1,1,1,1785456065
2026-07-31T00:06:36Z,288,6,4,12,1,0,1,1,1,1785456307
2026-07-31T00:06:36Z,289,8,3,17,2,0,1,1,1,1785456338
2026-07-31T00:06:36Z,290,26,0,12,1,0,1,1,1,1785456336
2026-07-31T00:06:36Z,291,2,0,20,1,0,1,1,1,1785456309
2026-07-31T00:06:36Z,292,2,2,20,1,0,1,1,1,1785455802
2026-07-31T00:06:36Z,293,12,8,11,0,0,1,1,1,1785455731
2026-07-31T00:06:36Z,294,14,5,4,4,0,1,1,1,1785456207
2026-07-31T00:06:36Z,297,11,0,6,1,1,1,1,1,1785456391
2026-07-31T00:06:36Z,301,16,0,2,1,0,1,1,1,1785456254
2026-07-31T00:06:36Z,302,9,0,13,1,0,1,1,1,1785456319
2026-07-31T00:06:36Z,303,4,0,15,0,0,1,1,1,1785456221
2026-07-31T00:06:36Z,304,0,0,0,0,0,0,1,1,86400
2026-07-31T00:06:36Z,305,17,0,1,1,0,1,1,1,1785456383
2026-07-31T00:06:36Z,306,8,0,24,0,0,1,1,1,1785456005
2026-07-31T00:06:36Z,307,16,4,7,0,0,1,1,1,1785456141
2026-07-31T00:06:36Z,308,6,0,10,3,0,1,1,1,1785456310
2026-07-31T00:06:36Z,309,2,0,11,1,0,1,1,1,1785455795
2026-07-31T00:06:36Z,311,6,0,9,0,0,1,1,1,1785455930
2026-07-31T00:06:36Z,312,2,1,17,3,1,1,1,1,1785456194
2026-07-31T00:06:36Z,313,4,0,11,0,0,1,1,1,1785456260
2026-07-31T00:06:36Z,314,4,4,11,3,0,1,1,1,1785455462
2026-07-31T00:06:36Z,315,22,12,6,3,0,1,1,1,1785456131
2026-07-31T00:06:36Z,316,12,0,13,5,1,1,1,1,1785456148
2026-07-31T00:06:36Z,317,0,0,29,1,1,1,1,1,1785456332
2026-07-31T00:06:36Z,318,13,0,6,0,0,1,1,1,1785456267
2026-07-31T00:06:36Z,319,7,1,15,1,0,1,1,1,1785455837
2026-07-31T00:06:36Z,320,2,0,16,1,0,1,1,1,1785455409
2026-07-31T00:06:36Z,321,8,0,9,2,0,1,1,1,1785454648
2026-07-31T00:06:36Z,322,5,0,23,1,0,1,1,1,1785456360
2026-07-31T00:06:36Z,323,12,0,7,0,0,1,1,1,1785456081
2026-07-31T00:06:36Z,324,10,1,15,2,0,1,1,1,1785456393
2026-07-31T00:06:36Z,325,6,0,19,2,0,1,1,1,1785456114
2026-07-31T00:06:36Z,327,27,3,0,0,0,1,1,1,1785456336
2026-07-31T00:06:36Z,328,21,1,0,1,0,1,1,1,1785456159
2026-07-31T00:06:36Z,329,5,1,13,1,0,1,1,1,1785456356
2026-07-31T00:06:36Z,330,22,2,0,0,0,1,1,1,1785456306
2026-07-31T00:06:36Z,331,20,1,2,1,0,1,1,1,1785455205
2026-07-31T00:06:36Z,332,7,2,10,2,0,1,1,1,1785455851
2026-07-31T00:06:36Z,333,11,5,11,1,0,1,1,1,1785456268
2026-07-31T00:06:36Z,334,9,0,14,0,0,1,1,1,1785456350
2026-07-31T00:06:36Z,335,3,2,17,2,1,1,1,1,1785456383
2026-07-31T00:06:36Z,336,6,0,13,0,0,1,1,1,1785456172
2026-07-31T00:06:36Z,337,11,0,8,4,0,1,1,1,1785456349
2026-07-31T00:06:36Z,338,2,2,17,0,0,1,1,1,1785455702
2026-07-31T00:06:36Z,339,6,1,17,0,0,1,1,1,1785456355
2026-07-31T00:06:36Z,340,1,0,13,1,0,1,1,1,1785454530
2026-07-31T00:06:36Z,341,4,1,15,0,0,1,1,1,1785456345
2026-07-31T00:06:36Z,342,7,5,7,1,0,1,1,1,1785455770
2026-07-31T00:06:36Z,343,1,1,21,1,0,1,1,1,1785455289
2026-07-31T00:06:36Z,344,14,5,9,0,0,1,1,1,1785456122
2026-07-31T00:06:36Z,345,12,2,7,0,0,1,1,1,1785455839
2026-07-31T00:06:36Z,346,3,2,20,0,0,1,1,1,1785456139
2026-07-31T00:06:36Z,347,35,8,4,5,0,1,1,1,1785456391
2026-07-31T00:06:36Z,348,0,0,22,0,1,1,1,1,1785456326
2026-07-31T00:06:36Z,349,2,0,16,1,0,1,1,1,1785456351
2026-07-31T00:06:36Z,350,14,0,10,2,1,1,1,1,1785456318
2026-07-31T00:06:36Z,351,6,1,14,3,0,1,1,1,1785456283
2026-07-31T00:06:36Z,355,3,1,20,0,0,1,1,1,1785456202
2026-07-31T00:06:36Z,356,14,1,5,0,0,1,1,1,1785456231
2026-07-31T00:06:36Z,357,1,1,17,1,0,1,1,1,1785456180
2026-07-31T00:06:36Z,358,10,1,17,0,0,1,1,1,1785456338
2026-07-31T00:06:36Z,359,24,1,2,1,0,1,1,1,1785455785
2026-07-31T00:06:36Z,360,6,4,13,0,0,1,1,1,1785455886
2026-07-31T00:06:36Z,362,3,2,15,1,0,1,1,1,1785456160
2026-07-31T00:06:36Z,363,12,0,15,0,0,1,1,1,1785456340
2026-07-31T00:06:36Z,364,7,2,12,0,0,1,1,1,1785456383
2026-07-31T00:06:36Z,365,1,1,19,3,0,1,1,1,1785456294
2026-07-31T00:06:36Z,366,10,3,9,4,0,1,1,1,1785456388
2026-07-31T00:06:36Z,367,16,8,1,2,0,1,1,1,1785455691
2026-07-31T00:06:36Z,368,5,4,17,1,0,1,1,1,1785456079
2026-07-31T00:06:36Z,370,3,3,24,0,0,1,1,1,1785456174
2026-07-31T00:06:36Z,371,8,4,10,1,0,1,1,1,1785456067
2026-07-31T00:06:36Z,372,6,0,9,0,0,1,1,1,1785455121
2026-07-31T00:06:36Z,373,15,7,12,0,0,1,1,1,1785456246
2026-07-31T00:06:36Z,374,7,4,10,2,0,1,1,1,1785456309
2026-07-31T00:06:36Z,375,19,2,5,3,0,1,1,1,1785455972
2026-07-31T00:06:36Z,376,26,1,10,3,0,1,1,1,1785456023
2026-07-31T00:06:36Z,377,2,0,21,4,0,1,1,1,1785455706
2026-07-31T00:06:36Z,378,13,3,9,1,1,1,1,1,1785456243
2026-07-31T00:06:36Z,379,17,0,10,0,0,1,1,1,1785456299
2026-07-31T00:06:36Z,380,9,3,14,0,0,1,1,1,1785456240
2026-07-31T00:06:36Z,381,21,1,2,0,0,1,1,1,1785456391
2026-07-31T00:06:36Z,383,13,1,0,2,0,1,1,1,1785456246
2026-07-31T00:06:36Z,384,21,2,5,1,0,1,1,1,1785456339
2026-07-31T00:06:36Z,385,0,0,16,2,0,1,1,1,1785456203
2026-07-31T00:06:36Z,387,3,1,20,0,0,1,1,1,1785456166
2026-07-31T00:06:36Z,388,10,1,37,2,0,1,1,1,1785456246
2026-07-31T00:06:36Z,389,6,5,9,0,0,1,1,1,1785455963
2026-07-31T00:06:36Z,390,25,3,10,0,0,1,1,1,1785456026
2026-07-31T00:06:36Z,391,6,1,9,0,0,1,1,1,1785456099
2026-07-31T00:06:36Z,392,2,1,16,1,0,1,1,1,1785456194
2026-07-31T00:06:36Z,393,0,0,9,2,0,1,1,1,1785453551
2026-07-31T00:06:36Z,394,0,0,11,2,0,1,1,1,1785454721
2026-07-31T00:06:36Z,396,14,14,25,3,0,1,1,1,1785456375
2026-07-31T00:06:36Z,397,2,2,29,0,0,1,1,1,1785456156
2026-07-31T00:06:36Z,399,7,0,8,2,0,1,1,1,1785455965
2026-07-31T00:06:36Z,400,11,6,10,2,0,1,1,1,1785456348
2026-07-31T00:06:36Z,401,2,1,29,8,0,1,1,1,1785455816
2026-07-31T00:06:36Z,403,6,1,23,2,0,1,1,1,1785456300
2026-07-31T00:06:36Z,404,6,3,17,0,0,1,1,1,1785455981
2026-07-31T00:06:36Z,406,33,3,2,0,0,1,1,1,1785456157
2026-07-31T00:06:36Z,407,7,0,26,1,0,1,1,1,1785455204
2026-07-31T00:06:36Z,408,2,1,31,0,0,1,1,1,1785456140
2026-07-31T00:06:36Z,409,16,2,1,6,0,1,1,1,1785456364
2026-07-31T00:06:36Z,413,6,2,16,1,0,1,1,1,1785456250
2026-07-31T00:06:36Z,414,13,2,2,0,0,1,1,1,1785456203
2026-07-31T00:06:36Z,417,3,3,16,0,0,1,1,1,1785456224
2026-07-31T00:06:36Z,418,0,0,14,1,0,1,1,1,1785456376
2026-07-31T00:06:36Z,419,12,0,10,1,0,1,1,1,1785454798
2026-07-31T00:06:36Z,421,17,1,2,0,0,1,1,1,1785456164
2026-07-31T00:06:36Z,422,6,4,21,0,0,1,1,1,1785456368
2026-07-31T00:06:36Z,423,1,0,21,1,0,1,1,1,1785455980
2026-07-31T00:06:36Z,424,1,0,12,2,0,1,1,1,1785456178
2026-07-31T00:06:36Z,425,2,0,19,0,1,1,1,1,1785455931
2026-07-31T00:06:36Z,426,13,0,22,2,0,1,1,1,1785456379
2026-07-31T00:06:36Z,427,0,0,14,0,0,1,1,1,1785455362
2026-07-31T00:06:36Z,428,13,1,5,1,0,1,1,1,1785456358
2026-07-31T00:06:36Z,429,3,1,16,4,0,1,1,1,1785456112
2026-07-31T00:06:36Z,430,6,1,23,2,0,1,1,1,1785456230
2026-07-31T00:06:36Z,431,14,3,15,4,0,1,1,1,1785455581
2026-07-31T00:06:36Z,432,3,1,27,1,0,1,1,1,1785456340
2026-07-31T00:06:36Z,433,10,2,12,1,0,1,1,1,1785455572
2026-07-31T00:06:36Z,437,17,4,1,1,0,1,1,1,1785456286
2026-07-31T00:06:36Z,438,3,0,15,1,0,1,1,1,1785456171
2026-07-31T00:06:36Z,439,10,1,5,0,0,1,1,1,1785455682
2026-07-31T00:06:36Z,440,1,1,12,2,0,1,1,1,1785456268
2026-07-31T00:06:36Z,441,0,0,15,0,0,1,1,1,1785455928
2026-07-31T00:06:36Z,442,12,4,6,1,0,1,1,1,1785456392
2026-07-31T00:06:36Z,443,3,0,23,1,0,1,1,1,1785455347
2026-07-31T00:06:36Z,444,2,1,21,0,0,1,1,1,1785455134
2026-07-31T00:06:36Z,445,7,2,15,1,0,1,1,1,1785456391
2026-07-31T00:06:36Z,446,2,0,19,2,0,1,1,1,1785455547
2026-07-31T00:06:36Z,447,1,0,20,1,1,1,1,1,1785441257
2026-07-31T00:06:36Z,448,10,2,3,1,1,1,1,1,1785456369
2026-07-31T00:06:36Z,452,2,2,17,0,0,1,1,1,1785455711
2026-07-31T00:06:36Z,453,5,0,9,1,0,1,1,1,1785455934
2026-07-31T00:06:36Z,454,5,1,14,0,0,1,1,1,1785456195
2026-07-31T00:06:36Z,455,1,0,38,0,0,1,1,1,1785456024
2026-07-31T00:06:36Z,456,18,6,1,1,0,1,1,1,1785456325
2026-07-31T00:06:36Z,457,1,0,24,2,0,1,1,1,1785456332
2026-07-31T00:06:36Z,458,9,4,13,1,0,1,1,1,1785456289
2026-07-31T00:06:36Z,459,9,0,6,0,0,1,1,1,1785455753
2026-07-31T00:06:36Z,460,12,2,10,1,0,1,1,1,1785456064
2026-07-31T00:06:36Z,461,11,1,8,0,0,1,1,1,1785455932
2026-07-31T00:06:36Z,462,3,1,18,0,0,1,1,1,1785456222
2026-07-31T00:06:36Z,463,9,2,10,0,0,1,1,1,1785456048
2026-07-31T00:06:36Z,464,1,0,13,0,0,1,1,1,1785456155
2026-07-31T00:06:36Z,465,5,5,10,0,0,1,1,1,1785456384
2026-07-31T00:06:36Z,466,7,3,7,1,0,1,1,1,1785455352
2026-07-31T00:06:36Z,467,4,0,15,0,0,1,1,1,1785454704
2026-07-31T00:06:36Z,468,17,1,2,0,0,1,1,1,1785453288
2026-07-31T00:06:36Z,469,3,0,19,1,0,1,1,1,1785456262
2026-07-31T00:06:36Z,470,6,0,8,1,0,1,1,1,1785456316
2026-07-31T00:06:36Z,471,22,1,5,0,0,1,1,1,1785455630
2026-07-31T00:06:36Z,472,9,3,9,1,0,1,1,1,1785456133
2026-07-31T00:06:36Z,473,6,3,11,2,0,1,1,1,1785456351
2026-07-31T00:06:36Z,474,10,1,7,2,0,1,1,1,1785456200
2026-07-31T00:06:36Z,475,1,0,18,0,0,1,1,1,1785455940
2026-07-31T00:06:36Z,477,6,1,9,0,0,1,1,1,1785456242
2026-07-31T00:06:36Z,478,27,0,3,1,0,1,1,1,1785456205
2026-07-31T00:06:36Z,479,9,0,17,1,0,1,1,1,1785455992
2026-07-31T00:06:36Z,480,4,1,9,2,0,1,1,1,1785456057
2026-07-31T00:06:36Z,481,18,1,15,2,0,1,1,1,1785456187
2026-07-31T00:06:36Z,482,2,1,17,0,0,1,1,1,1785456157
2026-07-31T00:06:36Z,483,13,1,12,2,0,1,1,1,1785456367
2026-07-31T00:06:36Z,484,3,0,16,0,0,1,1,1,1785456077
2026-07-31T00:06:36Z,485,9,6,7,2,1,1,1,1,1785456179
2026-07-31T00:06:36Z,486,2,0,23,2,0,1,1,1,1785456083
2026-07-31T00:06:36Z,487,3,1,15,1,0,1,1,1,1785455530
2026-07-31T00:06:36Z,489,2,1,12,1,0,1,1,1,1785456037
2026-07-31T00:06:36Z,490,5,1,11,0,0,1,1,1,1785456392
2026-07-31T00:06:36Z,491,19,2,2,0,0,1,1,1,1785453065
2026-07-31T00:06:36Z,492,3,3,5,3,0,1,1,1,1785456388
2026-07-31T00:06:36Z,493,1,0,25,1,0,1,1,1,1785455445
2026-07-31T00:06:36Z,495,12,3,2,1,0,1,1,1,1785456387
2026-07-31T00:06:36Z,496,15,1,9,3,0,1,1,1,1785456368
2026-07-31T00:06:36Z,497,2,2,16,1,0,1,1,1,1785455097
2026-07-31T00:06:36Z,498,5,5,18,0,0,1,1,1,1785456024
2026-07-31T00:06:36Z,499,7,2,12,0,0,1,1,1,1785455318
2026-07-31T00:06:36Z,500,4,4,7,4,0,1,1,1,1785455917
2026-07-31T00:06:36Z,501,2,0,18,2,0,1,1,1,1785456365
2026-07-31T00:06:36Z,502,1,0,18,0,0,1,1,1,1785455864
2026-07-31T00:06:36Z,503,22,1,8,1,0,1,1,1,1785456354
2026-07-31T00:06:36Z,504,18,1,20,1,0,1,1,1,1785456389
2026-07-31T00:06:36Z,505,3,1,8,1,0,1,1,1,1785456188
2026-07-31T00:06:36Z,511,0,0,23,0,0,1,1,1,1785456292
2026-07-31T00:06:36Z,512,3,0,24,0,0,1,1,1,1785453961
2026-07-31T00:06:36Z,514,8,1,1,2,0,1,1,1,1785455487
2026-07-31T00:06:36Z,515,5,0,14,0,0,1,1,1,1785455381
2026-07-31T00:06:36Z,516,1,0,26,0,0,1,1,1,1785454843
2026-07-31T00:06:36Z,517,7,0,15,1,0,1,1,1,1785455982
2026-07-31T00:06:36Z,518,12,4,2,1,0,1,1,1,1785455362
2026-07-31T00:06:36Z,519,3,2,15,1,0,1,1,1,1785456090
2026-07-31T00:06:36Z,520,9,3,13,4,1,1,1,1,1785456392
2026-07-31T00:06:36Z,521,3,2,20,0,0,1,1,1,1785454566
2026-07-31T00:06:36Z,522,23,0,0,0,0,1,1,1,1785455936
2026-07-31T00:06:36Z,523,3,1,19,1,0,1,1,1,1785456187
2026-07-31T00:06:36Z,524,22,1,0,1,0,1,1,1,1785454504
2026-07-31T00:06:36Z,525,11,0,8,0,0,1,1,1,1785456219
2026-07-31T00:06:36Z,526,11,2,2,2,0,1,1,1,1785456378
2026-07-31T00:06:36Z,527,2,1,21,3,0,1,1,1,1785456225
2026-07-31T00:06:36Z,528,16,0,6,1,0,1,1,1,1785455718
2026-07-31T00:06:36Z,529,1,0,13,5,0,1,1,1,1785456390
2026-07-31T00:06:36Z,530,3,0,14,4,0,1,1,1,1785456374
2026-07-31T00:06:36Z,531,6,2,15,1,1,1,1,1,1785455938
2026-07-31T00:06:36Z,532,4,3,25,1,1,1,1,1,1785456387
2026-07-31T00:06:36Z,533,5,1,13,1,0,1,1,1,1785455527
2026-07-31T00:06:36Z,534,0,0,23,0,0,1,1,1,1785455222
2026-07-31T00:06:36Z,535,1,1,13,1,0,1,1,1,1785455811
2026-07-31T00:06:36Z,536,0,0,22,1,0,1,1,1,1785456372
2026-07-31T00:06:36Z,537,17,2,3,0,0,1,1,1,1785456389
2026-07-31T00:06:36Z,538,4,0,16,1,2,1,1,1,1785456285
2026-07-31T00:06:36Z,539,5,5,26,0,0,1,1,1,1785455381
2026-07-31T00:06:36Z,540,2,1,17,0,0,1,1,1,1785456339
2026-07-31T00:06:36Z,541,11,4,15,1,0,1,1,1,1785456322
2026-07-31T00:06:36Z,542,0,0,23,0,0,1,1,1,1785455168
2026-07-31T00:06:36Z,543,3,0,16,0,0,1,1,1,1785456315
2026-07-31T00:06:36Z,544,14,2,4,4,0,1,1,1,1785456244
2026-07-31T00:06:36Z,545,13,0,0,6,0,1,1,1,1785456257
2026-07-31T00:06:36Z,546,0,0,19,0,0,1,1,1,1785455963
2026-07-31T00:06:36Z,547,2,0,23,0,0,1,1,1,1785456393
2026-07-31T00:06:36Z,548,13,1,10,0,0,1,1,1,1785456204
2026-07-31T00:06:36Z,549,19,0,3,1,0,1,1,1,1785456377
2026-07-31T00:06:36Z,550,1,1,18,0,0,1,1,1,1785455404
2026-07-31T00:06:36Z,551,12,3,11,0,0,1,1,1,1785455805
2026-07-31T00:06:36Z,552,7,0,20,0,0,1,1,1,1785455995
2026-07-31T00:06:36Z,553,3,1,19,0,1,1,1,1,1785456208
2026-07-31T00:06:36Z,554,1,1,18,0,0,1,1,1,1785455798
2026-07-31T00:06:36Z,555,11,5,3,1,0,1,1,1,1785454850
2026-07-31T00:06:36Z,556,2,1,20,1,0,1,1,1,1785456355
2026-07-31T00:06:36Z,557,1,1,17,5,0,1,1,1,1785456373
2026-07-31T00:06:36Z,558,6,5,27,4,0,1,1,1,1785456271
2026-07-31T00:06:36Z,559,1,0,17,1,0,1,1,1,1785453703
2026-07-31T00:06:36Z,560,11,0,16,0,0,1,1,1,1785456236
2026-07-31T00:06:36Z,561,15,2,7,1,0,1,1,1,1785456286
2026-07-31T00:06:36Z,562,5,0,26,4,0,1,1,1,1785455973
2026-07-31T00:06:36Z,563,13,0,1,0,0,1,1,1,1785456159
2026-07-31T00:06:36Z,564,6,1,12,1,0,1,1,1,1785456194
2026-07-31T00:06:36Z,565,4,0,14,1,0,1,1,1,1785456231
2026-07-31T00:06:36Z,566,15,1,3,1,0,1,1,1,1785456185
2026-07-31T00:06:36Z,567,6,0,19,2,0,1,1,1,1785455887
2026-07-31T00:06:36Z,568,4,0,13,2,0,1,1,1,1785455962
2026-07-31T00:06:36Z,569,14,0,5,0,0,1,1,1,1785455701
2026-07-31T00:06:36Z,570,4,0,15,0,0,1,1,1,1785456375
2026-07-31T00:06:36Z,571,8,0,15,0,0,1,1,1,1785456263
2026-07-31T00:06:36Z,572,15,2,2,2,0,1,1,1,1785456023
2026-07-31T00:06:36Z,573,6,0,9,0,0,1,1,1,1785456088
2026-07-31T00:06:36Z,574,9,2,6,0,0,1,1,1,1785455960
2026-07-31T00:06:36Z,575,6,0,14,1,0,1,1,1,1785456262
2026-07-31T00:06:36Z,576,2,0,17,0,0,1,1,1,1785456072
2026-07-31T00:06:36Z,577,25,0,6,0,0,1,1,1,1785456165
2026-07-31T00:06:36Z,578,20,5,2,1,0,1,1,1,1785455978
2026-07-31T00:06:36Z,579,31,2,12,0,0,1,1,1,1785456371
2026-07-31T00:06:36Z,580,8,0,21,0,0,1,1,1,1785456213
2026-07-31T00:06:36Z,581,17,0,2,0,0,1,1,1,1785455948
2026-07-31T00:06:36Z,582,10,1,49,2,0,1,1,1,1785456379
2026-07-31T00:06:36Z,583,14,0,9,0,0,1,1,1,1785455185
2026-07-31T00:06:36Z,584,2,1,12,5,0,1,1,1,1785455176
2026-07-31T00:06:36Z,585,11,1,14,1,1,1,1,1,1785456307
2026-07-31T00:06:36Z,586,32,3,2,1,0,1,1,1,1785456269
2026-07-31T00:06:36Z,587,22,0,1,1,0,1,1,1,1785455832
2026-07-31T00:06:36Z,588,1,0,14,4,0,1,1,1,1785456377
2026-07-31T00:06:36Z,589,0,0,0,23,0,1,1,1,1785456092
2026-07-31T00:06:36Z,590,8,1,22,1,0,1,1,1,1785456383
2026-07-31T00:06:36Z,591,1,0,27,2,0,1,1,1,1785456335
2026-07-31T00:06:36Z,592,9,1,14,0,0,1,1,1,1785456181
2026-07-31T00:06:36Z,593,10,0,27,1,0,1,1,1,1785456390
2026-07-31T00:06:36Z,594,14,0,7,0,0,1,1,1,1785456213
2026-07-31T00:06:36Z,595,0,0,3,0,0,0,1,1,1784046673
2026-07-31T00:06:36Z,605,0,0,2,1,0,0,1,1,1783975843
2026-07-31T00:06:36Z,606,0,0,0,0,0,0,1,1,86400
2026-07-31T00:06:36Z,607,17,1,14,2,0,1,1,1,1785456388
2026-07-31T00:06:36Z,608,2,2,48,0,0,1,1,1,1785455588
2026-07-31T00:06:36Z,609,1,0,22,0,0,1,1,1,1785456187
2026-07-31T00:06:36Z,610,21,0,14,0,0,1,1,1,1785456029
2026-07-31T00:06:36Z,611,23,0,3,1,0,1,1,1,1785456225
2026-07-31T00:06:36Z,612,7,1,8,0,0,1,1,1,1785455780
2026-07-31T00:06:36Z,613,10,0,1,4,0,1,1,1,1785455457
2026-07-31T00:06:36Z,614,6,6,19,1,1,1,1,1,1785456270
2026-07-31T00:06:36Z,617,6,1,7,2,0,1,1,1,1785456224
2026-07-31T00:06:36Z,618,14,3,1,4,0,1,1,1,1785454572
2026-07-31T00:06:36Z,619,4,4,15,0,0,1,1,1,1785456182
2026-07-31T00:06:36Z,620,11,0,15,1,0,1,1,1,1785456389
2026-07-31T00:06:36Z,621,6,3,15,2,0,1,1,1,1785456390
2026-07-31T00:06:36Z,622,15,10,6,2,0,1,1,1,1785456303
2026-07-31T00:06:36Z,623,9,1,20,1,0,1,1,1,1785456237
2026-07-31T00:06:36Z,624,5,0,10,0,0,1,1,1,1785456313
2026-07-31T00:06:36Z,625,3,1,17,1,0,1,1,1,1785455940
2026-07-31T00:06:36Z,626,5,0,39,1,2,1,1,1,1785456385
2026-07-31T00:06:36Z,627,16,6,3,0,0,1,1,1,1785455294
2026-07-31T00:06:36Z,628,4,4,14,0,1,1,1,1,1785455145
2026-07-31T00:06:36Z,629,7,2,2,2,0,1,1,1,1785456393
2026-07-31T00:06:36Z,630,1,0,23,3,0,1,1,1,1785456168
2026-07-31T00:06:36Z,631,13,0,10,0,0,1,1,1,1785456392
2026-07-31T00:06:36Z,632,22,2,0,1,0,1,1,1,1785455012
2026-07-31T00:06:36Z,633,12,2,0,3,0,1,1,1,1785456250
2026-07-31T00:06:36Z,634,4,1,14,1,0,1,1,1,1785456259
2026-07-31T00:06:36Z,635,11,1,8,0,0,1,1,1,1785455818
2026-07-31T00:06:36Z,636,7,0,8,0,0,1,1,1,1785454299
2026-07-31T00:06:36Z,637,7,0,12,0,0,1,1,1,1785455663
2026-07-31T00:06:36Z,638,8,2,8,3,0,1,1,1,1785455929
2026-07-31T00:06:36Z,639,4,1,13,2,0,1,1,1,1785455668
2026-07-31T00:06:36Z,640,2,2,20,1,0,1,1,1,1785456392
2026-07-31T00:06:36Z,641,5,0,20,1,0,1,1,1,1785456361
2026-07-31T00:06:36Z,642,0,0,11,8,0,1,1,1,1785456390
2026-07-31T00:06:36Z,643,7,1,12,8,0,1,1,1,1785456290
2026-07-31T00:06:36Z,644,8,0,6,1,0,1,1,1,1785455565
2026-07-31T00:06:36Z,645,12,1,10,0,1,1,1,1,1785453410
2026-07-31T00:06:36Z,646,1,0,18,0,0,1,1,1,1785455575
2026-07-31T00:06:36Z,647,0,0,31,0,0,1,1,1,1785454617
2026-07-31T00:06:36Z,648,6,1,11,1,1,1,1,1,1785456133
2026-07-31T00:06:36Z,649,1,1,29,1,0,1,1,1,1785455971
2026-07-31T00:06:36Z,650,4,1,10,0,0,1,1,1,1785453435
2026-07-31T00:06:36Z,651,4,0,19,0,0,1,1,1,1785455803
2026-07-31T00:06:36Z,652,2,0,19,2,0,1,1,1,1785456160
2026-07-31T00:06:36Z,653,1,1,17,1,0,1,1,1,1785455902
2026-07-31T00:06:36Z,654,8,4,6,1,0,1,1,1,1785456385
2026-07-31T00:06:36Z,655,5,2,3,4,1,1,1,1,1785456218
2026-07-31T00:06:36Z,656,14,6,5,0,0,1,1,1,1785456041
2026-07-31T00:06:36Z,657,12,6,2,2,1,1,1,1,1785456148
2026-07-31T00:06:36Z,658,6,0,4,0,0,1,1,1,1785453591
2026-07-31T00:06:36Z,659,10,4,4,1,0,1,1,1,1785455225
2026-07-31T00:06:36Z,660,1,1,27,3,0,1,1,1,1785456190
2026-07-31T00:06:36Z,661,5,1,14,0,0,1,1,1,1785456251
2026-07-31T00:06:36Z,662,7,3,13,3,0,1,1,1,1785455721
2026-07-31T00:06:36Z,663,4,1,10,1,0,1,1,1,1785456201
2026-07-31T00:06:36Z,664,4,1,23,0,0,1,1,1,1785456388
2026-07-31T00:06:36Z,665,9,2,6,0,0,1,1,1,1785455754
2026-07-31T00:06:36Z,666,5,3,8,2,0,1,1,1,1785456224
2026-07-31T00:06:36Z,667,18,1,1,0,0,1,1,1,1785456368
2026-07-31T00:06:36Z,668,18,0,0,1,0,1,1,1,1785455559
2026-07-31T00:06:36Z,669,7,1,7,0,0,1,1,1,1785456242
2026-07-31T00:06:36Z,670,3,2,24,0,0,1,1,1,1785454291
2026-07-31T00:06:36Z,671,18,0,8,1,0,1,1,1,1785456353
2026-07-31T00:06:36Z,672,4,1,15,3,1,1,1,1,1785456310
2026-07-31T00:06:36Z,673,3,1,19,1,0,1,1,1,1785456327
2026-07-31T00:06:36Z,674,4,2,14,5,0,1,1,1,1785456298
2026-07-31T00:06:36Z,675,4,0,9,2,0,1,1,1,1785455777
2026-07-31T00:06:36Z,676,12,2,10,0,0,1,1,1,1785456387
2026-07-31T00:06:36Z,681,1,1,12,2,0,1,1,1,1785456169
2026-07-31T00:06:36Z,682,4,1,14,1,0,1,1,1,1785387864
2026-07-31T00:06:36Z,683,2,1,17,0,0,1,1,1,1785453008
2026-07-31T00:06:36Z,684,1,0,26,0,0,1,1,1,1785451894
2026-07-31T00:06:36Z,685,5,0,20,1,1,1,1,1,1785455460
2026-07-31T00:06:36Z,686,11,0,14,1,1,1,1,1,1785456274
2026-07-31T00:06:36Z,687,13,0,16,1,1,1,1,1,1785456162
2026-07-31T00:06:36Z,688,8,0,4,7,0,1,1,1,1785456195
2026-07-31T00:06:36Z,692,2,1,19,0,0,1,1,1,1785454981
2026-07-31T00:06:36Z,693,7,0,1,3,0,1,1,1,1785454587
2026-07-31T00:06:36Z,694,8,5,12,1,0,1,1,1,1785456064
2026-07-31T00:06:36Z,695,9,6,14,0,0,1,1,1,1785456154
2026-07-31T00:06:36Z,696,15,9,8,0,0,1,1,1,1785456054
2026-07-31T00:06:36Z,697,10,0,13,0,0,1,1,1,1785456351
2026-07-31T00:06:36Z,698,27,2,0,0,0,1,1,1,1785456206
2026-07-31T00:06:36Z,699,6,0,8,1,0,1,1,1,1785454812
2026-07-31T00:06:36Z,700,16,3,3,0,0,1,1,1,1785456364
2026-07-31T00:06:36Z,701,11,3,7,1,0,1,1,1,1785456224
2026-07-31T00:06:36Z,702,1,1,22,0,0,1,1,1,1785455518
2026-07-31T00:06:36Z,704,7,1,8,0,0,1,1,1,1785455588
2026-07-31T00:06:36Z,705,2,2,12,1,0,1,1,1,1785455552
2026-07-31T00:06:36Z,706,9,0,3,3,0,1,1,1,1785456135
2026-07-31T00:06:36Z,707,3,2,10,2,0,1,1,1,1785455377
2026-07-31T00:06:36Z,708,16,0,3,0,0,1,1,1,1785456018
2026-07-31T00:06:36Z,709,10,1,2,3,0,1,1,1,1785455291
2026-07-31T00:06:36Z,710,8,1,11,0,0,1,1,1,1785456197
2026-07-31T00:06:36Z,711,12,4,10,1,0,1,1,1,1785456238
2026-07-31T00:06:36Z,712,6,3,9,0,0,1,1,1,1785456156
2026-07-31T00:06:36Z,713,0,0,23,0,0,1,1,1,1785455388
2026-07-31T00:06:36Z,716,1,1,14,0,0,1,1,1,1785456317
2026-07-31T00:06:36Z,717,2,0,20,3,0,1,1,1,1785455162
2026-07-31T00:06:36Z,718,4,1,10,1,0,1,1,1,1785456374
2026-07-31T00:06:36Z,719,5,1,24,0,0,1,1,1,1785455680
2026-07-31T00:06:36Z,720,2,1,17,0,0,1,1,1,1785455073
2026-07-31T00:06:36Z,721,0,0,21,2,0,1,1,1,1785456163
2026-07-31T00:06:36Z,722,2,0,13,0,0,1,1,1,1785454739
2026-07-31T00:06:36Z,723,12,2,11,0,0,1,1,1,1785454680
2026-07-31T00:06:36Z,724,16,5,7,0,0,1,1,1,1785455866
2026-07-31T00:06:36Z,725,5,0,18,0,0,1,1,1,1785455974
2026-07-31T00:06:36Z,726,9,1,10,0,0,1,1,1,1785455734
2026-07-31T00:06:36Z,727,9,4,12,2,0,1,1,1,1785455662
2026-07-31T00:06:36Z,728,10,1,5,0,0,1,1,1,1785455302
2026-07-31T00:06:36Z,729,18,2,1,0,0,1,1,1,1785456371
2026-07-31T00:06:36Z,730,3,2,10,2,0,1,1,1,1785455891
2026-07-31T00:06:36Z,731,8,2,7,0,0,1,1,1,1785456262
2026-07-31T00:06:36Z,732,2,2,13,0,0,1,1,1,1785456041
2026-07-31T00:06:36Z,733,19,1,6,2,0,1,1,1,1785456262
2026-07-31T00:06:36Z,734,3,1,11,0,0,1,1,1,1785456054
2026-07-31T00:06:36Z,735,1,1,26,0,0,1,1,1,1785455301
2026-07-31T00:06:36Z,736,5,0,14,0,0,1,1,1,1785456347
2026-07-31T00:06:36Z,737,1,0,11,2,1,1,1,1,1785455340
2026-07-31T00:06:36Z,738,4,0,13,2,0,1,1,1,1785456146
2026-07-31T00:06:36Z,739,18,2,8,1,0,1,1,1,1785454900
2026-07-31T00:06:36Z,741,4,1,19,0,0,1,1,1,1785455288
2026-07-31T00:06:36Z,742,18,7,15,2,0,1,1,1,1785456364
2026-07-31T00:06:36Z,743,2,1,16,1,0,1,1,1,1785455153
2026-07-31T00:06:36Z,744,4,1,10,1,0,1,1,1,1785456289
2026-07-31T00:06:36Z,745,14,4,4,1,0,1,1,1,1785455665
2026-07-31T00:06:36Z,746,9,3,11,3,0,1,1,1,1785456080
2026-07-31T00:06:36Z,747,0,0,4,0,0,0,1,1,1783446606
2026-07-31T00:06:36Z,748,7,1,16,0,0,1,1,1,1785456393
2026-07-31T00:06:36Z,749,3,1,20,0,0,1,1,1,1785456322
2026-07-31T00:06:36Z,750,4,2,7,0,0,1,1,1,1785456381
2026-07-31T00:06:36Z,751,9,5,13,1,0,1,1,1,1785456209
2026-07-31T00:06:36Z,752,7,0,9,1,0,1,1,1,1785455186
2026-07-31T00:06:36Z,753,15,2,0,0,0,1,1,1,1785456382
2026-07-31T00:06:36Z,754,2,1,12,1,0,1,1,1,1785456292
2026-07-31T00:06:36Z,755,4,1,18,1,0,1,1,1,1785456179
2026-07-31T00:06:36Z,756,0,0,35,2,0,1,1,1,1785456146
2026-07-31T00:06:36Z,757,3,1,16,0,0,1,1,1,1785456046
2026-07-31T00:06:36Z,758,8,8,15,0,0,1,1,1,1785456026
2026-07-31T00:06:36Z,759,5,3,10,0,0,1,1,1,1785455809
2026-07-31T00:06:36Z,760,7,2,11,1,0,1,1,1,1785444055
2026-07-31T00:06:36Z,761,7,1,16,0,0,1,1,1,1785456354
2026-07-31T00:06:36Z,762,6,4,5,4,0,1,1,1,1785454889
2026-07-31T00:06:36Z,768,9,0,8,2,0,1,1,1,1785455927
2026-07-31T00:06:36Z,769,18,8,1,0,0,1,1,1,1785456375
2026-07-31T00:06:36Z,770,10,2,7,2,0,1,1,1,1785456301
2026-07-31T00:06:36Z,771,13,3,1,1,0,1,1,1,1785454869
2026-07-31T00:06:36Z,772,4,2,10,1,0,1,1,1,1785455865
2026-07-31T00:06:36Z,773,7,4,11,1,0,1,1,1,1785455313
2026-07-31T00:06:36Z,774,0,0,11,4,0,1,1,1,1785455843
2026-07-31T00:06:36Z,775,9,0,8,1,1,1,1,1,1785453201
2026-07-31T00:06:36Z,776,3,1,17,1,0,1,1,1,1785455617
2026-07-31T00:06:36Z,777,10,2,2,3,0,1,1,1,1785456344
2026-07-31T00:06:36Z,778,13,0,3,3,0,1,1,1,1785455506
2026-07-31T00:06:36Z,779,9,1,9,1,0,1,1,1,1785456043
2026-07-31T00:06:36Z,780,12,3,6,1,0,1,1,1,1785456165
2026-07-31T00:06:36Z,781,3,1,6,2,0,1,1,1,1785456304
2026-07-31T00:06:36Z,782,1,0,15,3,0,1,1,1,1785455174
2026-07-31T00:06:36Z,783,4,0,15,0,0,1,1,1,1785456298
2026-07-31T00:06:36Z,784,2,0,17,0,0,1,1,1,1785455273
2026-07-31T00:06:36Z,785,10,0,4,5,0,1,1,1,1785456392
2026-07-31T00:06:36Z,786,8,2,11,0,0,1,1,1,1785456072
2026-07-31T00:06:36Z,787,10,5,3,2,0,1,1,1,1785455756
2026-07-31T00:06:36Z,788,5,0,10,0,0,1,1,1,1785456326
2026-07-31T00:06:36Z,789,5,2,6,4,0,1,1,1,1785455992
2026-07-31T00:06:36Z,790,3,0,20,0,0,1,1,1,1785456238
2026-07-31T00:06:36Z,791,6,0,12,0,1,1,1,1,1785454979
2026-07-31T00:06:36Z,793,4,0,10,1,0,1,1,1,1785455392
2026-07-31T00:06:36Z,794,13,2,15,1,0,1,1,1,1785456137
2026-07-31T00:06:36Z,796,7,4,11,1,0,1,1,1,1785456301
2026-07-31T00:06:36Z,797,1,0,14,0,0,1,1,1,1785456023
2026-07-31T00:06:36Z,798,3,0,21,1,0,1,1,1,1785456093
2026-07-31T00:06:36Z,799,12,4,3,4,0,1,1,1,1785455689
2026-07-31T00:06:36Z,800,10,2,10,1,0,1,1,1,1785455636
2026-07-31T00:06:36Z,801,1,1,19,1,0,1,1,1,1785455772
2026-07-31T00:06:36Z,802,13,2,18,0,0,1,1,1,1785455268
2026-07-31T00:06:36Z,803,0,0,14,1,0,1,1,1,1785454941
2026-07-31T00:06:36Z,806,5,5,7,3,0,1,1,1,1785455655
2026-07-31T00:06:36Z,807,1,1,23,1,0,1,1,1,1785456363
2026-07-31T00:06:36Z,808,3,0,21,1,0,1,1,1,1785454239
2026-07-31T00:06:36Z,809,5,1,17,1,0,1,1,1,1785455057
2026-07-31T00:06:36Z,810,2,0,13,4,0,1,1,1,1785456322
2026-07-31T00:06:36Z,815,10,2,0,4,1,1,1,1,1785455080
2026-07-31T00:06:36Z,817,4,1,11,0,0,1,1,1,1785456264
2026-07-31T00:06:36Z,818,7,0,16,0,0,1,1,1,1785455576
2026-07-31T00:06:36Z,819,6,4,9,0,0,1,1,1,1785455226
2026-07-31T00:06:36Z,820,6,1,11,0,0,1,1,1,1785456219
2026-07-31T00:06:36Z,821,2,2,13,0,0,1,1,1,1785455339
2026-07-31T00:06:36Z,822,18,0,3,2,0,1,1,1,1785456174
2026-07-31T00:06:36Z,823,10,1,4,1,0,1,1,1,1785456235
2026-07-31T00:06:36Z,824,13,5,5,1,0,1,1,1,1785456322
2026-07-31T00:06:36Z,825,11,5,4,0,0,1,1,1,1785447766
2026-07-31T00:06:36Z,826,5,0,12,2,0,1,1,1,1785456351
2026-07-31T00:06:36Z,827,11,5,9,1,0,1,1,1,1785455457
2026-07-31T00:06:36Z,828,8,2,9,1,0,1,1,1,1785455291
2026-07-31T00:06:36Z,829,13,6,14,0,0,1,1,1,1785456180
2026-07-31T00:06:36Z,830,18,1,4,1,0,1,1,1,1785455766
2026-07-31T00:06:36Z,831,4,3,10,1,0,1,1,1,1785454784
2026-07-31T00:06:36Z,832,11,5,4,3,0,1,1,1,1785455355
2026-07-31T00:06:36Z,833,2,2,16,1,0,1,1,1,1785456373
2026-07-31T00:06:36Z,834,2,0,19,3,0,1,1,1,1785456368
2026-07-31T00:06:36Z,835,0,0,16,2,0,1,1,1,1785456095
2026-07-31T00:06:36Z,837,5,1,0,10,0,1,1,1,1785454780
2026-07-31T00:06:36Z,838,14,1,0,1,0,1,1,1,1785456393
2026-07-31T00:06:36Z,839,17,2,12,0,0,1,1,1,1785456341
2026-07-31T00:06:36Z,840,1,0,26,2,0,1,1,1,1785455837
2026-07-31T00:06:36Z,841,8,1,7,0,0,1,1,1,1785454783
2026-07-31T00:06:36Z,842,5,0,18,0,0,1,1,1,1785456288
2026-07-31T00:06:36Z,843,9,0,21,1,0,1,1,1,1785454587
2026-07-31T00:06:36Z,844,5,1,18,0,0,1,1,1,1785456335
2026-07-31T00:06:36Z,845,5,3,12,2,0,1,1,1,1785454882
2026-07-31T00:06:36Z,846,5,1,12,2,0,1,1,1,1785455837
2026-07-31T00:06:36Z,847,4,1,23,0,0,1,1,1,1785455525
2026-07-31T00:06:36Z,848,7,0,11,1,0,1,1,1,1785454449
2026-07-31T00:06:36Z,849,9,2,5,1,0,1,1,1,1785455710
2026-07-31T00:06:36Z,850,9,0,1,1,0,1,1,1,1785456110
2026-07-31T00:06:36Z,851,0,0,35,2,0,1,1,1,1785455617
2026-07-31T00:06:36Z,852,10,3,8,1,0,1,1,1,1785455383
2026-07-31T00:06:36Z,853,8,4,15,0,0,1,1,1,1785455428
2026-07-31T00:06:36Z,854,2,2,13,0,0,1,1,1,1785455581
2026-07-31T00:06:36Z,855,10,1,17,0,0,1,1,1,1785456346
2026-07-31T00:06:36Z,857,3,2,15,1,0,1,1,1,1785455219
2026-07-31T00:06:36Z,858,4,1,14,1,0,1,1,1,1785455230
2026-07-31T00:06:36Z,859,3,0,17,1,0,1,1,1,1785455473
2026-07-31T00:06:36Z,861,8,1,2,1,0,1,1,1,1785455675
2026-07-31T00:06:36Z,862,1,1,14,0,0,1,1,1,1785454805
2026-07-31T00:06:36Z,863,9,0,9,1,0,1,1,1,1785455983
2026-07-31T00:06:36Z,866,6,0,12,1,0,1,1,1,1785455038
2026-07-31T00:06:36Z,867,12,0,3,0,0,1,1,1,1785456240
2026-07-31T00:06:36Z,868,13,2,2,0,0,1,1,1,1785454595
2026-07-31T00:06:36Z,870,7,5,7,1,0,1,1,1,1785454807
2026-07-31T00:06:36Z,871,0,0,10,1,0,1,1,1,1785456046
2026-07-31T00:06:36Z,872,0,0,14,1,0,1,1,1,1785454740
2026-07-31T00:06:36Z,873,0,0,32,1,0,1,1,1,1785456379
2026-07-31T00:06:36Z,874,5,0,7,3,0,1,1,1,1785455996
2026-07-31T00:06:36Z,875,15,11,0,0,0,1,1,1,1785455745
2026-07-31T00:06:36Z,877,12,11,6,1,0,1,1,1,1785456088
2026-07-31T00:06:36Z,878,5,4,13,1,0,1,1,1,1785454856
2026-07-31T00:06:36Z,879,2,0,17,0,0,1,1,1,1785455737
2026-07-31T00:06:36Z,880,2,0,20,1,0,1,1,1,1785455743
2026-07-31T00:06:36Z,881,5,1,14,0,0,1,1,1,1785454716
2026-07-31T00:06:36Z,882,9,0,7,3,0,1,1,1,1785454008
2026-07-31T00:06:36Z,883,10,6,9,0,0,1,1,1,1785455034
2026-07-31T00:06:36Z,884,11,7,10,0,0,1,1,1,1785456063
2026-07-31T00:06:36Z,885,1,0,18,0,0,1,1,1,1785454589
2026-07-31T00:06:36Z,886,1,1,27,1,0,1,1,1,1785455536
2026-07-31T00:06:36Z,887,1,1,13,3,0,1,1,1,1785455360
2026-07-31T00:06:36Z,888,39,0,0,2,0,1,1,1,1785456351
2026-07-31T00:06:36Z,889,10,1,7,2,0,1,1,1,1785456164
2026-07-31T00:06:36Z,890,4,1,10,1,0,1,1,1,1785455867
2026-07-31T00:06:36Z,891,11,0,11,1,0,1,1,1,1785456041
2026-07-31T00:06:36Z,892,11,1,4,0,0,1,1,1,1785452249
2026-07-31T00:06:36Z,895,1,0,17,1,0,1,1,1,1785449127
2026-07-31T00:06:36Z,896,21,3,14,0,0,1,1,1,1785456040
2026-07-31T00:06:36Z,897,10,2,11,0,0,1,1,1,1785455281
2026-07-31T00:06:36Z,898,0,0,19,0,0,1,1,1,1785456332
2026-07-31T00:06:36Z,899,15,1,4,0,0,1,1,1,1785456385
2026-07-31T00:06:36Z,900,22,2,5,0,0,1,1,1,1785456296
2026-07-31T00:06:36Z,901,16,3,2,1,0,1,1,1,1785456339
2026-07-31T00:06:36Z,902,12,1,2,1,0,1,1,1,1785456297
2026-07-31T00:06:36Z,903,5,0,14,0,0,1,1,1,1785455623
2026-07-31T00:06:36Z,904,11,5,8,0,0,1,1,1,1785454891
2026-07-31T00:06:36Z,905,1,1,24,2,0,1,1,1,1785456372
2026-07-31T00:06:36Z,906,10,10,17,0,0,1,1,1,1785456237
2026-07-31T00:06:36Z,907,8,1,23,0,0,1,1,1,1785456245
2026-07-31T00:06:36Z,908,7,2,16,0,0,1,1,1,1785455545
2026-07-31T00:06:36Z,909,5,5,18,0,0,1,1,1,1785456230
2026-07-31T00:06:36Z,910,15,1,16,0,0,1,1,1,1785456391
2026-07-31T00:06:36Z,911,8,0,11,0,0,1,1,1,1785456264
2026-07-31T00:06:36Z,912,7,0,14,2,0,1,1,1,1785456167
2026-07-31T00:06:36Z,913,3,0,15,1,0,1,1,1,1785455842
2026-07-31T00:06:36Z,914,9,0,10,0,0,1,1,1,1785456321
2026-07-31T00:06:36Z,915,19,0,3,1,0,1,1,1,1785455943
2026-07-31T00:06:36Z,916,5,3,18,0,0,1,1,1,1785455305
2026-07-31T00:06:36Z,917,8,1,26,1,0,1,1,1,1785456374
2026-07-31T00:06:36Z,918,2,2,15,2,0,1,1,1,1785455975
2026-07-31T00:06:36Z,919,6,1,33,0,0,1,1,1,1785456324
2026-07-31T00:06:36Z,920,3,1,16,0,0,1,1,1,1785455264
2026-07-31T00:06:36Z,921,18,1,3,0,0,1,1,1,1785456372
2026-07-31T00:06:36Z,922,2,0,18,1,0,1,1,1,1785456371
2026-07-31T00:06:36Z,923,18,11,0,1,0,1,1,1,1785456351
2026-07-31T00:06:36Z,924,8,0,13,0,0,1,1,1,1785455576
2026-07-31T00:06:36Z,925,16,2,5,0,0,1,1,1,1785455693
2026-07-31T00:06:36Z,926,3,2,18,0,0,1,1,1,1785455189
2026-07-31T00:06:36Z,927,30,1,5,0,0,1,1,1,1785455939
2026-07-31T00:06:36Z,928,8,0,11,0,0,1,1,1,1785456289
2026-07-31T00:06:36Z,929,2,0,21,0,0,1,1,1,1785455992
2026-07-31T00:06:36Z,930,27,0,1,3,0,1,1,1,1785455955
2026-07-31T00:06:36Z,931,6,4,17,0,0,1,1,1,1785456121
2026-07-31T00:06:36Z,932,15,1,0,4,0,1,1,1,1785456390
2026-07-31T00:06:36Z,933,13,1,8,2,0,1,1,1,1785456361
2026-07-31T00:06:36Z,934,4,0,27,0,0,1,1,1,1785456276
2026-07-31T00:06:36Z,935,16,1,1,2,0,1,1,1,1785456303
2026-07-31T00:06:36Z,936,4,1,15,0,0,1,1,1,1785456374
2026-07-31T00:06:36Z,940,10,3,1,0,0,1,1,1,1785455989
2026-07-31T00:06:36Z,941,5,0,18,2,0,1,1,1,1785455293
2026-07-31T00:06:36Z,942,12,1,9,0,0,1,1,1,1785456374
2026-07-31T00:06:36Z,943,9,8,6,0,0,1,1,1,1785454872
2026-07-31T00:06:36Z,944,9,8,6,0,0,1,1,1,1785454661
2026-07-31T00:06:36Z,945,10,8,5,0,0,1,1,1,1785455983
2026-07-31T00:06:36Z,946,7,5,12,0,0,1,1,1,1785424152
2026-07-31T00:06:36Z,947,7,5,10,0,0,1,1,1,1785454672
2026-07-31T00:06:36Z,948,4,4,23,4,0,1,1,1,1785456000
2026-07-31T00:06:36Z,949,0,0,15,0,0,1,1,1,1785455002
2026-07-31T00:06:36Z,950,0,0,16,1,0,1,1,1,1785454699
2026-07-31T00:06:36Z,951,7,0,15,1,0,1,1,1,1785455798
2026-07-31T00:06:36Z,952,33,2,21,1,0,1,1,1,1785456319
2026-07-31T00:06:36Z,953,14,1,1,0,0,1,1,1,1785456241
2026-07-31T00:06:36Z,954,16,1,3,0,0,1,1,1,1785455815
2026-07-31T00:06:36Z,955,0,0,22,5,0,1,1,1,1785455498
2026-07-31T00:06:36Z,956,18,0,4,1,0,1,1,1,1785456344
2026-07-31T00:06:36Z,957,21,2,8,0,0,1,1,1,1785456339
2026-07-31T00:06:36Z,958,10,0,21,0,0,1,1,1,1785456335
2026-07-31T00:06:36Z,959,11,2,11,1,0,1,1,1,1785456381
2026-07-31T00:06:36Z,960,20,8,2,1,0,1,1,1,1785456357
2026-07-31T00:06:36Z,961,1,1,19,3,0,1,1,1,1785455981
2026-07-31T00:06:36Z,962,5,1,27,3,0,1,1,1,1785455516
2026-07-31T00:06:36Z,963,12,1,10,1,0,1,1,1,1785456391
2026-07-31T00:06:36Z,964,9,6,13,1,0,1,1,1,1785456283
2026-07-31T00:06:36Z,965,2,1,24,1,0,1,1,1,1785455624
2026-07-31T00:06:36Z,966,18,0,13,0,0,1,1,1,1785455649
2026-07-31T00:06:36Z,967,20,1,0,1,0,1,1,1,1785456276
2026-07-31T00:06:36Z,968,6,3,13,0,0,1,1,1,1785455628
2026-07-31T00:06:36Z,969,6,6,19,2,0,1,1,1,1785456306
2026-07-31T00:06:36Z,970,9,2,9,1,0,1,1,1,1785455706
2026-07-31T00:06:36Z,971,14,0,8,1,0,1,1,1,1785456193
2026-07-31T00:06:36Z,972,7,0,15,1,0,1,1,1,1785456388
2026-07-31T00:06:36Z,973,10,8,12,1,0,1,1,1,1785455875
2026-07-31T00:06:36Z,974,11,0,16,0,0,1,1,1,1785455937
2026-07-31T00:06:36Z,977,3,2,15,3,0,1,1,1,1785456353
2026-07-31T00:06:36Z,978,11,1,10,2,0,1,1,1,1785456390
2026-07-31T00:06:36Z,979,0,0,17,0,0,1,1,1,1785455502
2026-07-31T00:06:36Z,980,3,0,17,1,0,1,1,1,1785456373
2026-07-31T00:06:36Z,981,4,0,15,2,0,1,1,1,1785456167
2026-07-31T00:06:36Z,982,3,1,14,2,0,1,1,1,1785455362
2026-07-31T00:06:36Z,983,2,2,20,1,0,1,1,1,1785455059
2026-07-31T00:06:36Z,984,5,0,18,0,0,1,1,1,1785455953
2026-07-31T00:06:36Z,985,23,0,8,0,0,1,1,1,1785456280
2026-07-31T00:06:36Z,986,2,1,17,0,0,1,1,1,1785454676
2026-07-31T00:06:36Z,987,5,0,17,1,0,1,1,1,1785455180
2026-07-31T00:06:36Z,988,6,2,12,1,0,1,1,1,1785455790
2026-07-31T00:06:36Z,989,8,4,11,0,0,1,1,1,1785455629
2026-07-31T00:06:36Z,990,13,1,0,2,0,1,1,1,1785454908
2026-07-31T00:06:36Z,991,8,1,10,1,0,1,1,1,1785456323
2026-07-31T00:06:36Z,992,8,6,14,1,0,1,1,1,1785455370
2026-07-31T00:06:36Z,993,3,0,24,0,0,1,1,1,1785456205
2026-07-31T00:06:36Z,994,1,1,20,0,0,1,1,1,1785456335
2026-07-31T00:06:36Z,995,7,0,20,0,0,1,1,1,1785454785
2026-07-31T00:06:36Z,996,9,1,14,0,0,1,1,1,1785454607
2026-07-31T00:06:36Z,997,11,4,9,3,0,1,1,1,1785456317
2026-07-31T00:06:36Z,998,3,0,19,1,0,1,1,1,1785454930
2026-07-31T00:06:36Z,999,4,2,15,1,1,1,1,1,1785454711
2026-07-31T00:06:36Z,1000,2,0,19,0,0,1,1,1,1785456120
2026-07-31T00:06:36Z,1001,1,0,26,0,0,1,1,1,1785454926
2026-07-31T00:06:36Z,1002,0,0,27,4,0,1,1,1,1785455771
2026-07-31T00:06:36Z,1003,0,0,23,0,0,1,1,1,1785454586
2026-07-31T00:06:36Z,1004,5,0,18,0,0,1,1,1,1785456117
2026-07-31T00:06:36Z,1005,20,1,3,0,0,1,1,1,1785454771
2026-07-31T00:06:36Z,1006,7,4,11,1,0,1,1,1,1785454630
2026-07-31T00:06:36Z,1007,4,1,17,0,0,1,1,1,1785456073
2026-07-31T00:06:36Z,1008,6,5,15,2,0,1,1,1,1785455542
2026-07-31T00:06:36Z,1009,21,4,8,2,0,1,1,1,1785455427
2026-07-31T00:06:36Z,1010,7,2,20,0,0,1,1,1,1785456229
2026-07-31T00:06:36Z,1011,6,1,11,2,0,1,1,1,1785455487
2026-07-31T00:06:36Z,1012,4,3,18,1,0,1,1,1,1785456354
2026-07-31T00:06:36Z,1013,5,1,17,1,0,1,1,1,1785455164
2026-07-31T00:06:36Z,1014,8,3,13,2,0,1,1,1,1785455046
2026-07-31T00:06:36Z,1015,5,4,25,1,0,1,1,1,1785455258
2026-07-31T00:06:36Z,1016,10,5,21,0,0,1,1,1,1785456144
2026-07-31T00:06:36Z,1017,14,5,7,0,0,1,1,1,1785455768
2026-07-31T00:06:36Z,1018,8,2,14,0,0,1,1,1,1785455776
2026-07-31T00:06:36Z,1019,7,5,8,0,0,1,1,1,1785454608
2026-07-31T00:06:36Z,1020,17,3,4,0,0,1,1,1,1785455645
2026-07-31T00:06:36Z,1021,8,3,6,1,0,1,1,1,1785455415
2026-07-31T00:06:36Z,1022,14,0,13,0,0,1,1,1,1785454686
2026-07-31T00:06:36Z,1023,12,1,10,1,0,1,1,1,1785456171
2026-07-31T00:06:36Z,1024,6,3,13,0,0,1,1,1,1785456087
2026-07-31T00:06:36Z,1025,4,1,14,0,1,1,1,1,1785454643
2026-07-31T00:06:36Z,1026,8,4,18,5,0,1,1,1,1785455483
2026-07-31T00:06:36Z,1028,2,0,20,1,0,1,1,1,1785454719
2026-07-31T00:06:36Z,1029,10,9,5,0,0,1,1,1,1785455699
2026-07-31T00:06:36Z,1030,13,5,10,0,0,1,1,1,1785455387
2026-07-31T00:06:36Z,1031,11,0,8,0,0,1,1,1,1785455803
2026-07-31T00:06:36Z,1032,7,1,12,0,0,1,1,1,1785454642
2026-07-31T00:06:36Z,1033,8,5,10,1,0,1,1,1,1785455448
2026-07-31T00:06:36Z,1034,1,0,14,0,0,1,1,1,1785454693
2026-07-31T00:06:36Z,1035,3,0,15,1,0,1,1,1,1785456213
2026-07-31T00:06:36Z,1036,15,1,0,0,0,1,1,1,1785455264
2026-07-31T00:06:36Z,1037,4,1,14,1,0,1,1,1,1785454933
2026-07-31T00:06:36Z,1038,3,1,11,1,0,1,1,1,1785456305
2026-07-31T00:06:36Z,1039,3,2,16,0,0,1,1,1,1785455733
2026-07-31T00:06:36Z,1040,8,4,10,1,0,1,1,1,1785455960
2026-07-31T00:06:36Z,1041,9,2,10,0,0,1,1,1,1785456372
2026-07-31T00:06:36Z,1042,10,0,3,2,0,1,1,1,1785454671
2026-07-31T00:06:36Z,1043,10,1,7,2,0,1,1,1,1785454714
2026-07-31T00:06:36Z,1044,2,1,13,0,0,1,1,1,1785456260
2026-07-31T00:06:36Z,1045,10,0,9,0,0,1,1,1,1785454631
2026-07-31T00:06:36Z,1046,8,0,7,0,0,1,1,1,1785455887
2026-07-31T00:06:36Z,1047,1,0,20,0,0,1,1,1,1785456158
2026-07-31T00:06:36Z,1048,5,1,14,0,0,1,1,1,1785455970
2026-07-31T00:06:36Z,1049,2,0,19,0,0,1,1,1,1785455645
2026-07-31T00:06:36Z,1050,16,5,4,1,0,1,1,1,1785455397
2026-07-31T00:06:36Z,1051,6,3,14,1,0,1,1,1,1785455898
2026-07-31T00:06:36Z,1052,20,2,2,0,0,1,1,1,1785456262
2026-07-31T00:06:36Z,1053,1,1,14,0,0,1,1,1,1785456382
2026-07-31T00:06:36Z,1054,14,1,1,0,0,1,1,1,1785455406
2026-07-31T00:06:36Z,1055,6,1,13,0,0,1,1,1,1785454915
2026-07-31T00:06:36Z,1057,6,1,13,0,0,1,1,1,1785456307
2026-07-31T00:06:36Z,1058,49,2,4,3,0,1,1,1,1785456262
2026-07-31T00:06:36Z,1059,3,0,14,2,0,1,1,1,1785454704
2026-07-31T00:06:36Z,1060,12,0,25,0,0,1,1,1,1785455584
2026-07-31T00:06:36Z,1061,6,0,31,0,0,1,1,1,1785456319
2026-07-31T00:06:36Z,1062,9,0,8,0,0,1,1,1,1785456345
2026-07-31T00:06:36Z,1063,13,2,5,1,0,1,1,1,1785455437
2026-07-31T00:06:36Z,1064,6,2,16,1,0,1,1,1,1785454953
2026-07-31T00:06:36Z,1065,15,3,8,0,0,1,1,1,1785455220
2026-07-31T00:06:36Z,1066,10,1,13,0,0,1,1,1,1785455050
2026-07-31T00:06:36Z,1067,7,1,15,1,0,1,1,1,1785455314
2026-07-31T00:06:36Z,1068,8,2,13,2,0,1,1,1,1785454765
2026-07-31T00:06:36Z,1069,12,3,11,0,0,1,1,1,1785454856
2026-07-31T00:06:36Z,1070,11,2,12,0,0,1,1,1,1785454945
2026-07-31T00:06:36Z,1071,7,4,16,0,0,1,1,1,1785454988
2026-07-31T00:06:36Z,1072,11,1,11,1,0,1,1,1,1785455287
2026-07-31T00:06:36Z,1073,15,4,11,1,0,1,1,1,1785456316
2026-07-31T00:06:36Z,1074,53,0,0,0,0,1,1,1,1785456260
2026-07-31T00:06:36Z,1075,10,8,11,0,0,1,1,1,1785456176
2026-07-31T00:06:36Z,1076,13,11,8,0,0,1,1,1,1785455604
2026-07-31T00:06:36Z,1077,8,5,13,0,0,1,1,1,1785456384
2026-07-31T00:06:36Z,1078,13,10,8,0,0,1,1,1,1785455650
2026-07-31T00:06:36Z,1079,12,9,9,0,0,1,1,1,1785456292
2026-07-31T00:06:36Z,1080,9,7,11,1,0,1,1,1,1785455069
2026-07-31T00:06:36Z,1081,14,9,5,0,0,1,1,1,1785456132
2026-07-31T00:06:36Z,1082,4,4,4,0,0,1,1,1,1785455091
2026-07-31T00:06:36Z,1083,12,10,9,0,0,1,1,1,1785454781
2026-07-31T00:06:36Z,1084,8,7,13,0,0,1,1,1,1785456175
2026-07-31T00:06:36Z,1085,10,10,11,0,0,1,1,1,1785455756
2026-07-31T00:06:36Z,1086,7,7,13,1,0,1,1,1,1785454664
2026-07-31T00:06:36Z,1087,10,9,5,0,0,1,1,1,1785455762
2026-07-31T00:06:36Z,1088,10,7,5,0,0,1,1,1,1785454696
2026-07-31T00:06:36Z,1089,6,4,9,0,0,1,1,1,1785455075
2026-07-31T00:06:36Z,1090,8,7,7,0,0,1,1,1,1785455593
2026-07-31T00:06:36Z,1091,10,5,5,0,0,1,1,1,1785455886
2026-07-31T00:06:36Z,1092,9,9,5,1,0,1,1,1,1785455049
2026-07-31T00:06:36Z,1093,7,6,8,0,0,1,1,1,1785455421
2026-07-31T00:06:36Z,1094,10,8,8,1,0,1,1,1,1785455489
2026-07-31T00:06:36Z,1095,9,8,6,0,0,1,1,1,1785455387
2026-07-31T00:06:36Z,1096,6,3,12,1,0,1,1,1,1785455008
2026-07-31T00:06:36Z,1097,8,8,7,0,0,1,1,1,1785455233
2026-07-31T00:06:36Z,1098,9,7,10,0,0,1,1,1,1785455545
2026-07-31T00:06:36Z,1099,7,6,8,0,0,1,1,1,1785456297
2026-07-31T00:06:36Z,1100,5,1,24,0,0,1,1,1,1785452920
2026-07-31T00:06:36Z,1101,10,5,11,0,0,1,1,1,1785456162
2026-07-31T00:06:36Z,1102,9,4,4,0,0,1,1,1,1785455518
2026-07-31T00:06:36Z,1103,11,5,10,0,0,1,1,1,1785435100
2026-07-31T00:06:36Z,1104,10,5,11,0,0,1,1,1,1785455912
2026-07-31T00:06:36Z,1105,7,3,6,0,0,1,1,1,1785455413
2026-07-31T00:06:36Z,1106,13,7,8,0,0,1,1,1,1785456246
2026-07-31T00:06:36Z,1107,9,5,6,0,0,1,1,1,1785454786
2026-07-31T00:06:36Z,1108,8,3,16,3,0,1,1,1,1785455164
2026-07-31T00:06:36Z,1109,5,3,10,0,0,1,1,1,1785456291
2026-07-31T00:06:36Z,1110,8,0,13,0,0,1,1,1,1785456081
2026-07-31T00:06:36Z,1111,2,0,19,0,0,1,1,1,1785456279
2026-07-31T00:06:36Z,1112,52,0,1,0,0,1,1,1,1785456326
2026-07-31T00:06:36Z,1113,2,1,19,0,0,1,1,1,1785455785
2026-07-31T00:06:36Z,1115,20,7,2,1,0,1,1,1,1785455934
2026-07-31T00:06:36Z,1116,4,1,15,0,0,1,1,1,1785455936
2026-07-31T00:06:36Z,1117,2,0,21,0,0,1,1,1,1785456139
2026-07-31T00:06:36Z,1118,18,1,2,1,0,1,1,1,1785456009
2026-07-31T00:06:36Z,1119,13,2,4,0,0,1,1,1,1785455692
2026-07-31T00:06:36Z,1120,16,2,1,2,0,1,1,1,1785456302
2026-07-31T00:06:36Z,1121,5,5,15,1,0,1,1,1,1785456361
2026-07-31T00:06:36Z,1122,11,9,9,1,0,1,1,1,1785456210
2026-07-31T00:06:36Z,1123,2,0,19,2,0,1,1,1,1785455911
2026-07-31T00:06:36Z,1124,9,0,1,5,0,1,1,1,1785456284
2026-07-31T00:06:36Z,1125,16,1,7,0,0,1,1,1,1785455231
2026-07-31T00:06:36Z,1126,8,4,11,2,0,1,1,1,1785456368
2026-07-31T00:06:36Z,1127,4,2,15,0,0,1,1,1,1785456047
2026-07-31T00:06:36Z,1128,11,0,3,1,0,1,1,1,1785454694
2026-07-31T00:06:36Z,1129,0,0,21,0,0,1,1,1,1785456301
2026-07-31T00:06:36Z,1130,13,2,2,0,0,1,1,1,1785456380
2026-07-31T00:06:36Z,1131,0,0,48,1,0,1,1,1,1785455929
2026-07-31T00:06:36Z,1132,13,5,7,1,0,1,1,1,1785456190
2026-07-31T00:06:36Z,1133,8,4,11,2,0,1,1,1,1785456385
2026-07-31T00:06:36Z,1134,11,6,8,0,0,1,1,1,1785455155
2026-07-31T00:06:36Z,1135,10,5,11,0,0,1,1,1,1785456055
2026-07-31T00:06:36Z,1136,11,0,12,0,0,1,1,1,1785455771
2026-07-31T00:06:36Z,1137,7,0,8,0,0,1,1,1,1785455147
2026-07-31T00:06:36Z,1138,7,0,12,0,0,1,1,1,1785454625
2026-07-31T00:06:36Z,1139,11,2,8,2,0,1,1,1,1785456255
2026-07-31T00:06:36Z,1140,18,3,4,1,0,1,1,1,1785456095
2026-07-31T00:06:36Z,1141,1,1,20,0,0,1,1,1,1785456238
2026-07-31T00:06:36Z,1142,21,1,0,0,0,1,1,1,1785456136
2026-07-31T00:06:36Z,1143,27,1,2,0,0,1,1,1,1785456322
2026-07-31T00:06:36Z,1144,8,4,11,2,0,1,1,1,1785455759
2026-07-31T00:06:36Z,1145,12,6,8,1,0,1,1,1,1785455013
2026-07-31T00:06:36Z,1146,17,12,0,2,0,1,1,1,1785456308
2026-07-31T00:06:36Z,1147,6,0,13,0,0,1,1,1,1785456199
2026-07-31T00:06:36Z,1148,2,2,26,3,0,1,1,1,1785455978
2026-07-31T00:06:36Z,1149,5,4,16,4,0,1,1,1,1785456204
2026-07-31T00:06:36Z,1150,0,0,19,0,0,1,1,1,1785456243
2026-07-31T00:06:36Z,1151,0,0,21,0,0,1,1,1,1785455294
2026-07-31T00:06:36Z,1152,3,0,26,0,0,1,1,1,1785456390
2026-07-31T00:06:36Z,1153,9,0,12,2,0,1,1,1,1785456275
2026-07-31T00:06:36Z,1154,13,1,6,0,0,1,1,1,1785455940
2026-07-31T00:06:36Z,1155,17,9,3,1,0,1,1,1,1785456304
2026-07-31T00:06:36Z,1158,3,0,16,0,0,1,1,1,1785456369
2026-07-31T00:06:36Z,1159,11,0,8,0,0,1,1,1,1785454906
2026-07-31T00:06:36Z,1160,9,1,9,1,0,1,1,1,1785456261
2026-07-31T00:06:36Z,1161,5,1,13,1,0,1,1,1,1785455035
2026-07-31T00:06:36Z,1162,0,0,19,0,0,1,1,1,1785455292
2026-07-31T00:06:36Z,1163,1,1,17,1,0,1,1,1,1785454672
2026-07-31T00:06:36Z,1164,4,1,15,0,0,1,1,1,1785454732
2026-07-31T00:06:36Z,1165,8,1,13,0,0,1,1,1,1785455448
2026-07-31T00:06:36Z,1166,8,4,13,0,0,1,1,1,1785456220
2026-07-31T00:06:36Z,1167,4,0,11,0,0,1,1,1,1785456288
2026-07-31T00:06:36Z,1168,1,0,22,0,0,1,1,1,1785456062
2026-07-31T00:06:36Z,1169,3,0,15,1,0,1,1,1,1785456393
2026-07-31T00:06:36Z,1170,6,0,14,1,0,1,1,1,1785454928
2026-07-31T00:06:36Z,1171,6,6,16,1,0,1,1,1,1785456385
2026-07-31T00:06:36Z,1172,7,2,6,2,0,1,1,1,1785454862
2026-07-31T00:06:36Z,1173,10,3,9,0,0,1,1,1,1785454816
2026-07-31T00:06:36Z,1174,5,2,9,1,0,1,1,1,1785456370
2026-07-31T00:06:36Z,1175,6,3,13,0,0,1,1,1,1785452066
2026-07-31T00:06:36Z,1176,18,1,3,0,0,1,1,1,1785455825
2026-07-31T00:06:36Z,1177,3,1,18,0,0,1,1,1,1785455748
2026-07-31T00:06:36Z,1178,1,0,14,0,0,1,1,1,1785456358
2026-07-31T00:06:36Z,1181,13,0,1,1,0,1,1,1,1785455640
2026-07-31T00:06:36Z,1182,13,5,7,0,0,1,1,1,1785456387
2026-07-31T00:06:36Z,1183,5,2,38,2,0,1,1,1,1785456336
2026-07-31T00:06:36Z,1184,2,2,18,1,0,1,1,1,1785456322
2026-07-31T00:06:36Z,1185,10,5,11,0,0,1,1,1,1785455983
2026-07-31T00:06:36Z,1186,9,5,10,0,0,1,1,1,1785455085
2026-07-31T00:06:36Z,1187,11,6,9,1,0,1,1,1,1785455537
2026-07-31T00:06:36Z,1188,9,3,6,0,0,1,1,1,1785454992
2026-07-31T00:06:36Z,1189,10,5,9,0,0,1,1,1,1785454841
2026-07-31T00:06:36Z,1190,10,5,11,0,0,1,1,1,1785456032
2026-07-31T00:06:36Z,1191,10,5,5,0,0,1,1,1,1785454804
2026-07-31T00:06:36Z,1192,11,7,10,0,0,1,1,1,1785454583
2026-07-31T00:06:36Z,1193,6,4,5,2,0,1,1,1,1785455704
2026-07-31T00:06:36Z,1197,7,4,9,1,0,1,1,1,1785455830
2026-07-31T00:06:36Z,1198,14,4,5,2,0,1,1,1,1785455111
2026-07-31T00:06:36Z,1199,2,0,17,0,0,1,1,1,1785455145
2026-07-31T00:06:36Z,1200,10,5,5,0,0,1,1,1,1785454841
2026-07-31T00:06:36Z,1201,9,4,6,0,0,1,1,1,1785454819
2026-07-31T00:06:36Z,1202,10,5,5,0,0,1,1,1,1785454913
2026-07-31T00:06:36Z,1203,10,5,5,0,0,1,1,1,1785454808
2026-07-31T00:06:36Z,1204,7,3,11,1,0,1,1,1,1785456337
2026-07-31T00:06:36Z,1206,11,5,10,0,0,1,1,1,1785455538
2026-07-31T00:06:36Z,1207,10,5,5,0,0,1,1,1,1785455128
2026-07-31T00:06:36Z,1208,7,2,11,1,0,1,1,1,1785455003
2026-07-31T00:06:36Z,1216,7,0,13,1,0,1,1,1,1785455775
2026-07-31T00:06:36Z,1218,5,0,16,0,0,1,1,1,1785456170
2026-07-31T00:06:36Z,1219,7,2,7,1,0,1,1,1,1785456084
2026-07-31T00:06:36Z,1220,13,7,5,1,0,1,1,1,1785455880
2026-07-31T00:06:36Z,1221,2,2,19,0,0,1,1,1,1785455478
2026-07-31T00:06:36Z,1222,20,0,9,0,0,1,1,1,1785456337
2026-07-31T00:06:36Z,1223,18,1,9,2,0,1,1,1,1785456127
2026-07-31T00:06:36Z,1226,0,0,3,0,0,0,1,1,1781868931
2026-07-31T00:06:36Z,1227,15,2,10,0,0,1,1,1,1785456368
2026-07-31T00:06:36Z,1228,0,0,29,0,0,1,1,1,1785455562
2026-07-31T00:06:36Z,1229,39,0,6,0,0,1,1,1,1785456253
2026-07-31T00:11:36Z,1,4,2,19,0,0,1,1,1,1785456657
2026-07-31T00:11:36Z,2,25,0,0,2,0,1,1,1,1785456692
2026-07-31T00:11:36Z,3,7,1,6,1,0,1,1,1,1785456597
2026-07-31T00:11:36Z,4,21,1,0,1,0,1,1,1,1785456637
2026-07-31T00:11:36Z,5,8,3,15,0,0,1,1,1,1785456282
2026-07-31T00:11:36Z,6,8,0,7,0,0,1,1,1,1785456683
2026-07-31T00:11:36Z,7,6,0,33,0,0,1,1,1,1785456422
2026-07-31T00:11:36Z,8,3,0,40,0,0,1,1,1,1785455298
2026-07-31T00:11:36Z,9,12,1,9,2,0,1,1,1,1785456497
2026-07-31T00:11:36Z,10,1,1,20,2,0,1,1,1,1785456543
2026-07-31T00:11:36Z,11,8,1,10,1,0,1,1,1,1785456579
2026-07-31T00:11:36Z,12,12,1,11,0,0,1,1,1,1785456383
2026-07-31T00:11:36Z,13,18,2,12,0,0,1,1,1,1785455563
2026-07-31T00:11:36Z,14,33,1,9,0,1,1,1,1,1785456693
2026-07-31T00:11:36Z,15,14,0,1,0,0,1,1,1,1785456524
2026-07-31T00:11:36Z,16,4,0,20,2,1,1,1,1,1785455266
2026-07-31T00:11:36Z,17,11,1,15,1,0,1,1,1,1785456677
2026-07-31T00:11:36Z,18,13,0,3,2,0,1,1,1,1785456648
2026-07-31T00:11:36Z,19,11,3,15,1,0,1,1,1,1785456678
2026-07-31T00:11:36Z,20,21,1,14,0,0,1,1,1,1785456008
2026-07-31T00:11:36Z,21,6,1,13,0,0,1,1,1,1785456557
2026-07-31T00:11:36Z,22,22,1,42,1,0,1,1,1,1785456691
2026-07-31T00:11:36Z,23,27,2,4,0,0,1,1,1,1785456482
2026-07-31T00:11:36Z,24,10,2,0,1,0,1,1,1,1785456690
2026-07-31T00:11:36Z,25,73,2,3,5,0,1,1,1,1785456694
2026-07-31T00:11:36Z,26,5,0,22,0,0,1,1,1,1785456396
2026-07-31T00:11:36Z,28,2,0,13,0,0,1,1,1,1785456274
2026-07-31T00:11:36Z,30,8,0,18,3,0,1,1,1,1785456694
2026-07-31T00:11:36Z,31,1,0,16,2,0,1,1,1,1785456621
2026-07-31T00:11:36Z,32,23,5,4,0,0,1,1,1,1785456551
2026-07-31T00:11:36Z,34,22,1,15,0,0,1,1,1,1785456668
2026-07-31T00:11:36Z,35,47,0,0,1,0,1,1,1,1785456623
2026-07-31T00:11:36Z,36,0,0,0,0,0,0,1,1,86400
2026-07-31T00:11:36Z,37,19,0,4,0,0,1,1,1,1785456634
2026-07-31T00:11:36Z,38,2,0,21,0,0,1,1,1,1785456420
2026-07-31T00:11:36Z,39,20,0,19,0,0,1,1,1,1785456679
2026-07-31T00:11:36Z,40,8,2,11,2,0,1,1,1,1785456691
2026-07-31T00:11:36Z,41,12,0,30,1,0,1,1,1,1785455728
2026-07-31T00:11:36Z,42,20,4,11,0,0,1,1,1,1785456380
2026-07-31T00:11:36Z,43,3,0,20,0,0,1,1,1,1785456365
2026-07-31T00:11:36Z,45,6,3,22,1,0,1,1,1,1785456637
2026-07-31T00:11:36Z,46,6,0,25,0,0,1,1,1,1785456496
2026-07-31T00:11:36Z,47,13,2,1,1,0,1,1,1,1785454697
2026-07-31T00:11:36Z,48,10,0,17,0,0,1,1,1,1785456654
2026-07-31T00:11:36Z,49,2,0,17,4,0,1,1,1,1785456694
2026-07-31T00:11:36Z,50,3,0,16,0,0,1,1,1,1785456661
2026-07-31T00:11:36Z,51,33,0,44,0,0,1,1,1,1785456649
2026-07-31T00:11:36Z,52,6,0,18,3,0,1,1,1,1785456666
2026-07-31T00:11:36Z,55,0,0,23,0,0,1,1,1,1785456194
2026-07-31T00:11:36Z,56,5,2,38,0,0,1,1,1,1785456654
2026-07-31T00:11:36Z,57,13,2,14,0,0,1,1,1,1785456487
2026-07-31T00:11:36Z,58,4,4,24,0,0,1,1,1,1785454203
2026-07-31T00:11:36Z,59,2,1,23,2,0,1,1,1,1785456617
2026-07-31T00:11:36Z,61,25,0,13,1,0,1,1,1,1785456572
2026-07-31T00:11:36Z,62,21,15,27,1,0,1,1,1,1785456505
2026-07-31T00:11:36Z,63,3,1,16,0,0,1,1,1,1785456391
2026-07-31T00:11:36Z,64,14,0,1,4,0,1,1,1,1785456096
2026-07-31T00:11:36Z,65,12,4,6,1,0,1,1,1,1785456494
2026-07-31T00:11:36Z,67,1,0,38,0,0,1,1,1,1785455981
2026-07-31T00:11:36Z,68,7,1,30,0,0,1,1,1,1785456283
2026-07-31T00:11:36Z,69,10,1,3,2,0,1,1,1,1785456579
2026-07-31T00:11:36Z,71,0,0,26,1,0,1,1,1,1785456466
2026-07-31T00:11:36Z,72,11,4,19,1,0,1,1,1,1785456141
2026-07-31T00:11:36Z,73,5,1,26,0,0,1,1,1,1785456665
2026-07-31T00:11:36Z,74,5,1,14,0,0,1,1,1,1785456659
2026-07-31T00:11:36Z,75,0,0,30,2,0,1,1,1,1785456645
2026-07-31T00:11:36Z,76,0,0,18,1,0,1,1,1,1785456687
2026-07-31T00:11:36Z,77,15,0,11,1,0,1,1,1,1785456563
2026-07-31T00:11:36Z,78,0,0,23,0,0,1,1,1,1785455010
2026-07-31T00:11:36Z,79,0,0,15,2,0,1,1,1,1785455879
2026-07-31T00:11:36Z,80,18,0,2,3,0,1,1,1,1785456617
2026-07-31T00:11:36Z,81,12,0,19,0,0,1,1,1,1785456602
2026-07-31T00:11:36Z,82,0,0,23,0,0,1,1,1,1785456357
2026-07-31T00:11:36Z,83,13,3,20,1,0,1,1,1,1785456687
2026-07-31T00:11:36Z,84,7,4,20,0,0,1,1,1,1785456570
2026-07-31T00:11:36Z,85,4,0,11,0,0,1,1,1,1785456525
2026-07-31T00:11:36Z,86,2,2,24,1,0,1,1,1,1785455616
2026-07-31T00:11:36Z,87,2,0,17,0,0,1,1,1,1785455009
2026-07-31T00:11:36Z,88,3,0,39,1,0,1,1,1,1785456611
2026-07-31T00:11:36Z,89,34,0,1,0,0,1,1,1,1785455932
2026-07-31T00:11:36Z,90,11,1,6,1,0,1,1,1,1785456561
2026-07-31T00:11:36Z,91,11,3,6,0,0,1,1,1,1785456332
2026-07-31T00:11:36Z,92,5,0,12,2,0,1,1,1,1785456420
2026-07-31T00:11:36Z,93,18,2,5,0,0,1,1,1,1785456686
2026-07-31T00:11:36Z,94,3,0,15,1,0,1,1,1,1785456546
2026-07-31T00:11:36Z,95,15,3,17,2,1,1,1,1,1785456685
2026-07-31T00:11:36Z,96,2,0,28,1,0,1,1,1,1785456655
2026-07-31T00:11:36Z,97,16,0,0,1,0,1,1,1,1785456590
2026-07-31T00:11:36Z,98,16,7,19,0,0,1,1,1,1785456240
2026-07-31T00:11:36Z,99,12,1,3,0,0,1,1,1,1785456688
2026-07-31T00:11:36Z,100,27,1,0,0,0,1,1,1,1785456103
2026-07-31T00:11:36Z,101,14,0,0,1,0,1,1,1,1785455267
2026-07-31T00:11:36Z,102,22,2,1,0,0,1,1,1,1785456116
2026-07-31T00:11:36Z,103,28,2,0,2,0,1,1,1,1785456616
2026-07-31T00:11:36Z,104,23,0,2,2,0,1,1,1,1785456694
2026-07-31T00:11:36Z,105,16,0,3,0,0,1,1,1,1785456474
2026-07-31T00:11:36Z,106,3,0,18,0,0,1,1,1,1785456133
2026-07-31T00:11:36Z,107,36,0,1,0,0,1,1,1,1785455651
2026-07-31T00:11:36Z,108,25,1,9,1,0,1,1,1,1785456646
2026-07-31T00:11:36Z,109,20,1,3,0,0,1,1,1,1785456686
2026-07-31T00:11:36Z,110,8,0,15,0,0,1,1,1,1785456600
2026-07-31T00:11:36Z,111,7,0,29,0,0,1,1,1,1785456577
2026-07-31T00:11:36Z,112,13,0,1,1,0,1,1,1,1785456426
2026-07-31T00:11:36Z,113,13,2,5,1,0,1,1,1,1785456430
2026-07-31T00:11:36Z,114,2,2,27,1,1,1,1,1,1785456655
2026-07-31T00:11:36Z,115,2,2,23,3,0,1,1,1,1785456210
2026-07-31T00:11:36Z,116,7,7,20,0,0,1,1,1,1785456478
2026-07-31T00:11:36Z,118,20,12,0,3,0,1,1,1,1785456465
2026-07-31T00:11:36Z,119,5,1,31,2,0,1,1,1,1785456671
2026-07-31T00:11:36Z,120,7,4,19,1,0,1,1,1,1785456232
2026-07-31T00:11:36Z,121,5,0,13,0,1,1,1,1,1785456649
2026-07-31T00:11:36Z,122,14,0,6,1,0,1,1,1,1785456673
2026-07-31T00:11:36Z,123,1,1,46,0,0,1,1,1,1785455492
2026-07-31T00:11:36Z,124,25,13,9,1,0,1,1,1,1785456674
2026-07-31T00:11:36Z,125,2,2,21,0,0,1,1,1,1785456351
2026-07-31T00:11:36Z,126,12,2,19,0,0,1,1,1,1785456480
2026-07-31T00:11:36Z,127,6,5,28,1,0,1,1,1,1785456642
2026-07-31T00:11:36Z,128,9,6,9,1,0,1,1,1,1785456398
2026-07-31T00:11:36Z,129,9,1,9,1,0,1,1,1,1785456602
2026-07-31T00:11:36Z,130,2,0,15,0,0,1,1,1,1785456635
2026-07-31T00:11:36Z,131,5,3,4,2,0,1,1,1,1785456472
2026-07-31T00:11:36Z,132,1,0,13,0,1,1,1,1,1785456025
2026-07-31T00:11:36Z,134,6,3,15,2,0,1,1,1,1785456672
2026-07-31T00:11:36Z,135,2,2,17,0,0,1,1,1,1785456639
2026-07-31T00:11:36Z,136,17,3,6,0,0,1,1,1,1785456630
2026-07-31T00:11:36Z,137,7,7,12,0,0,1,1,1,1785456236
2026-07-31T00:11:36Z,138,25,5,11,1,0,1,1,1,1785456532
2026-07-31T00:11:36Z,139,6,4,11,2,0,1,1,1,1785456599
2026-07-31T00:11:36Z,140,5,3,15,3,0,1,1,1,1785456694
2026-07-31T00:11:36Z,141,17,7,18,1,0,1,1,1,1785456648
2026-07-31T00:11:36Z,142,13,2,10,0,0,1,1,1,1785456616
2026-07-31T00:11:36Z,143,15,3,16,0,0,1,1,1,1785456673
2026-07-31T00:11:36Z,144,22,1,5,0,0,1,1,1,1785456148
2026-07-31T00:11:36Z,145,23,4,4,2,0,1,1,1,1785456545
2026-07-31T00:11:36Z,146,15,1,7,1,0,1,1,1,1785456588
2026-07-31T00:11:36Z,147,0,0,17,2,0,1,1,1,1785456676
2026-07-31T00:11:36Z,148,3,2,23,1,0,1,1,1,1785456642
2026-07-31T00:11:36Z,149,0,0,27,0,0,1,1,1,1785456512
2026-07-31T00:11:36Z,150,24,7,9,2,0,1,1,1,1785456490
2026-07-31T00:11:36Z,151,11,1,11,1,0,1,1,1,1785456642
2026-07-31T00:11:36Z,152,19,2,5,3,0,1,1,1,1785456543
2026-07-31T00:11:36Z,153,1,0,0,29,1,1,1,1,1785456614
2026-07-31T00:11:36Z,154,17,2,3,3,0,1,1,1,1785456643
2026-07-31T00:11:36Z,155,13,4,0,1,0,1,1,1,1785456595
2026-07-31T00:11:36Z,156,15,1,4,0,0,1,1,1,1785456476
2026-07-31T00:11:36Z,157,7,4,18,2,0,1,1,1,1785456439
2026-07-31T00:11:36Z,158,0,0,16,0,0,1,1,1,1785456615
2026-07-31T00:11:36Z,159,4,0,14,1,0,1,1,1,1785456604
2026-07-31T00:11:36Z,160,6,3,13,0,0,1,1,1,1785456580
2026-07-31T00:11:36Z,161,20,1,2,0,0,1,1,1,1785456691
2026-07-31T00:11:36Z,162,9,6,15,3,0,1,1,1,1785456609
2026-07-31T00:11:36Z,163,6,0,24,0,1,1,1,1,1785456563
2026-07-31T00:11:36Z,164,21,3,6,0,0,1,1,1,1785456619
2026-07-31T00:11:36Z,165,26,6,4,1,0,1,1,1,1785456638
2026-07-31T00:11:36Z,166,27,7,9,3,0,1,1,1,1785456694
2026-07-31T00:11:36Z,167,10,5,12,1,0,1,1,1,1785456459
2026-07-31T00:11:36Z,168,3,2,21,3,0,1,1,1,1785456549
2026-07-31T00:11:36Z,169,21,7,1,0,1,1,1,1,1785456662
2026-07-31T00:11:36Z,170,1,1,17,1,0,1,1,1,1785456569
2026-07-31T00:11:36Z,171,6,1,5,2,0,1,1,1,1785456469
2026-07-31T00:11:36Z,173,37,5,2,0,0,1,1,1,1785456440
2026-07-31T00:11:36Z,174,11,1,12,3,0,1,1,1,1785456509
2026-07-31T00:11:36Z,175,29,0,0,2,0,1,1,1,1785456686
2026-07-31T00:11:36Z,176,12,1,0,2,1,1,1,1,1785456588
2026-07-31T00:11:36Z,177,24,9,3,0,0,1,1,1,1785456590
2026-07-31T00:11:36Z,178,7,4,5,2,1,1,1,1,1785456694
2026-07-31T00:11:36Z,179,9,2,5,1,0,1,1,1,1785456667
2026-07-31T00:11:36Z,180,23,0,7,0,0,1,1,1,1785456658
2026-07-31T00:11:36Z,181,7,5,7,1,0,1,1,1,1785456627
2026-07-31T00:11:36Z,182,3,3,14,0,0,1,1,1,1785455580
2026-07-31T00:11:36Z,183,13,3,10,0,0,1,1,1,1785456672
2026-07-31T00:11:36Z,184,3,1,19,1,0,1,1,1,1785456559
2026-07-31T00:11:36Z,185,5,0,8,1,1,1,1,1,1785455936
2026-07-31T00:11:36Z,186,10,1,9,0,0,1,1,1,1785456679
2026-07-31T00:11:36Z,187,27,3,0,1,0,1,1,1,1785456301
2026-07-31T00:11:36Z,188,18,0,1,8,0,1,1,1,1785456688
2026-07-31T00:11:36Z,189,1,0,14,0,0,1,1,1,1785454630
2026-07-31T00:11:36Z,190,7,6,16,0,0,1,1,1,1785456258
2026-07-31T00:11:36Z,191,1,0,38,0,0,1,1,1,1785456184
2026-07-31T00:11:36Z,192,7,2,21,3,0,1,1,1,1785456543
2026-07-31T00:11:36Z,193,11,4,1,3,0,1,1,1,1785456464
2026-07-31T00:11:36Z,194,5,0,21,1,0,1,1,1,1785456327
2026-07-31T00:11:36Z,195,4,3,15,0,0,1,1,1,1785456575
2026-07-31T00:11:36Z,196,14,5,10,3,0,1,1,1,1785456645
2026-07-31T00:11:36Z,197,0,0,18,0,1,1,1,1,1785456445
2026-07-31T00:11:36Z,198,17,16,6,0,0,1,1,1,1785456270
2026-07-31T00:11:36Z,199,12,12,1,2,0,1,1,1,1785456594
2026-07-31T00:11:36Z,200,19,6,7,0,0,1,1,1,1785456598
2026-07-31T00:11:36Z,201,1,0,22,0,0,1,1,1,1785456421
2026-07-31T00:11:36Z,202,25,1,2,0,0,1,1,1,1785456156
2026-07-31T00:11:36Z,203,20,1,10,1,0,1,1,1,1785456458
2026-07-31T00:11:36Z,204,14,1,19,2,0,1,1,1,1785456677
2026-07-31T00:11:36Z,205,9,1,18,0,0,1,1,1,1785456125
2026-07-31T00:11:36Z,206,12,10,1,2,0,1,1,1,1785456483
2026-07-31T00:11:36Z,207,16,0,5,0,0,1,1,1,1785456526
2026-07-31T00:11:36Z,208,1,0,28,0,0,1,1,1,1785456363
2026-07-31T00:11:36Z,209,19,3,10,2,0,1,1,1,1785456686
2026-07-31T00:11:36Z,210,1,1,24,2,0,1,1,1,1785456693
2026-07-31T00:11:36Z,211,3,3,19,1,0,1,1,1,1785456490
2026-07-31T00:11:36Z,212,27,1,7,1,0,1,1,1,1785456529
2026-07-31T00:11:36Z,213,22,2,0,1,0,1,1,1,1785456403
2026-07-31T00:11:36Z,214,14,13,26,7,0,1,1,1,1785456672
2026-07-31T00:11:36Z,215,1,1,22,0,0,1,1,1,1785456457
2026-07-31T00:11:36Z,216,8,0,10,1,0,1,1,1,1785456490
2026-07-31T00:11:36Z,217,22,0,6,1,0,1,1,1,1785456428
2026-07-31T00:11:36Z,218,7,7,28,4,0,1,1,1,1785456611
2026-07-31T00:11:36Z,219,25,0,1,0,0,1,1,1,1785456559
2026-07-31T00:11:36Z,220,21,20,19,2,1,1,1,1,1785456658
2026-07-31T00:11:36Z,221,11,9,3,1,0,1,1,1,1785456692
2026-07-31T00:11:36Z,222,13,9,5,1,0,1,1,1,1785456442
2026-07-31T00:11:36Z,223,7,2,26,2,0,1,1,1,1785456570
2026-07-31T00:11:36Z,224,14,14,6,2,0,1,1,1,1785456534
2026-07-31T00:11:36Z,225,12,0,3,4,0,1,1,1,1785456619
2026-07-31T00:11:36Z,226,22,7,9,0,0,1,1,1,1785456648
2026-07-31T00:11:36Z,227,8,8,17,1,1,1,1,1,1785456585
2026-07-31T00:11:36Z,228,15,11,4,0,0,1,1,1,1785456300
2026-07-31T00:11:36Z,230,22,3,4,0,0,1,1,1,1785456685
2026-07-31T00:11:36Z,232,6,2,10,1,0,1,1,1,1785456693
2026-07-31T00:11:36Z,233,7,3,23,1,0,1,1,1,1785456686
2026-07-31T00:11:36Z,234,5,3,9,4,1,1,1,1,1785456691
2026-07-31T00:11:36Z,236,2,1,16,1,0,1,1,1,1785456481
2026-07-31T00:11:36Z,237,7,0,15,1,0,1,1,1,1785456384
2026-07-31T00:11:36Z,239,18,12,7,2,0,1,1,1,1785456674
2026-07-31T00:11:36Z,241,7,3,16,0,0,1,1,1,1785456525
2026-07-31T00:11:36Z,242,3,2,19,1,0,1,1,1,1785456666
2026-07-31T00:11:36Z,243,14,6,15,2,0,1,1,1,1785456631
2026-07-31T00:11:36Z,244,5,4,21,1,0,1,1,1,1785456650
2026-07-31T00:11:36Z,245,16,13,5,2,0,1,1,1,1785456493
2026-07-31T00:11:36Z,246,3,0,20,0,0,1,1,1,1785456557
2026-07-31T00:11:36Z,247,18,10,5,0,0,1,1,1,1785456520
2026-07-31T00:11:36Z,248,0,0,20,3,0,1,1,1,1785456524
2026-07-31T00:11:36Z,249,5,3,14,0,0,1,1,1,1785456527
2026-07-31T00:11:36Z,250,0,0,25,2,0,1,1,1,1785456476
2026-07-31T00:11:36Z,251,19,13,6,2,0,1,1,1,1785456693
2026-07-31T00:11:36Z,253,5,4,12,2,0,1,1,1,1785456335
2026-07-31T00:11:36Z,254,18,11,24,1,0,1,1,1,1785456453
2026-07-31T00:11:36Z,255,2,0,20,0,1,1,1,1,1785456692
2026-07-31T00:11:36Z,256,12,6,10,1,0,1,1,1,1785456541
2026-07-31T00:11:36Z,257,10,7,8,1,0,1,1,1,1785456661
2026-07-31T00:11:36Z,258,11,11,7,1,0,1,1,1,1785456688
2026-07-31T00:11:36Z,259,16,1,6,0,1,1,1,1,1785456652
2026-07-31T00:11:36Z,260,1,0,17,1,0,1,1,1,1785456429
2026-07-31T00:11:36Z,261,13,0,5,0,1,1,1,1,1785456624
2026-07-31T00:11:36Z,262,13,2,10,0,0,1,1,1,1785456644
2026-07-31T00:11:36Z,263,13,5,2,0,0,1,1,1,1785456561
2026-07-31T00:11:36Z,264,9,0,9,1,0,1,1,1,1785456496
2026-07-31T00:11:36Z,265,9,2,6,0,0,1,1,1,1785456552
2026-07-31T00:11:36Z,266,9,5,10,0,0,1,1,1,1785456597
2026-07-31T00:11:36Z,267,4,0,9,2,0,1,1,1,1785456188
2026-07-31T00:11:36Z,268,15,6,8,0,0,1,1,1,1785454374
2026-07-31T00:11:36Z,269,7,1,16,0,0,1,1,1,1785456219
2026-07-31T00:11:36Z,270,23,1,3,1,0,1,1,1,1785456457
2026-07-31T00:11:36Z,271,0,0,17,2,0,1,1,1,1785453671
2026-07-31T00:11:36Z,272,10,9,13,0,0,1,1,1,1785456667
2026-07-31T00:11:36Z,273,5,3,10,0,0,1,1,1,1785456423
2026-07-31T00:11:36Z,274,8,2,11,0,0,1,1,1,1785456181
2026-07-31T00:11:36Z,275,3,0,20,0,0,1,1,1,1785455957
2026-07-31T00:11:36Z,276,1,0,26,0,0,1,1,1,1785456169
2026-07-31T00:11:36Z,277,0,0,19,4,0,1,1,1,1785455960
2026-07-31T00:11:36Z,278,2,2,27,1,1,1,1,1,1785456196
2026-07-31T00:11:36Z,279,6,6,13,0,0,1,1,1,1785456570
2026-07-31T00:11:36Z,280,5,0,24,2,0,1,1,1,1785456665
2026-07-31T00:11:36Z,281,19,1,0,0,0,1,1,1,1785455600
2026-07-31T00:11:36Z,282,1,0,16,1,0,1,1,1,1785454029
2026-07-31T00:11:36Z,283,20,1,15,0,0,1,1,1,1785456681
2026-07-31T00:11:36Z,284,18,2,15,2,0,1,1,1,1785456613
2026-07-31T00:11:36Z,285,4,1,19,0,0,1,1,1,1785456652
2026-07-31T00:11:36Z,286,14,8,7,2,0,1,1,1,1785456596
2026-07-31T00:11:36Z,287,13,0,8,2,0,1,1,1,1785456065
2026-07-31T00:11:36Z,288,6,4,12,1,0,1,1,1,1785456307
2026-07-31T00:11:36Z,289,8,3,17,2,0,1,1,1,1785456338
2026-07-31T00:11:36Z,290,25,0,13,1,0,1,1,1,1785456514
2026-07-31T00:11:36Z,291,3,0,19,1,0,1,1,1,1785456559
2026-07-31T00:11:36Z,292,2,2,20,1,0,1,1,1,1785455802
2026-07-31T00:11:36Z,293,12,8,11,0,0,1,1,1,1785455731
2026-07-31T00:11:36Z,294,14,5,4,4,0,1,1,1,1785456207
2026-07-31T00:11:36Z,297,9,1,8,1,1,1,1,1,1785456663
2026-07-31T00:11:36Z,301,16,0,2,1,0,1,1,1,1785456479
2026-07-31T00:11:36Z,302,9,0,13,1,0,1,1,1,1785456319
2026-07-31T00:11:36Z,303,4,0,15,0,0,1,1,1,1785456537
2026-07-31T00:11:36Z,304,0,0,0,0,0,0,1,1,86400
2026-07-31T00:11:36Z,305,17,0,1,1,0,1,1,1,1785456694
2026-07-31T00:11:36Z,306,7,0,25,0,0,1,1,1,1785456651
2026-07-31T00:11:36Z,307,17,3,6,0,0,1,1,1,1785456576
2026-07-31T00:11:36Z,308,8,0,8,3,0,1,1,1,1785456599
2026-07-31T00:11:36Z,309,2,0,11,1,0,1,1,1,1785455795
2026-07-31T00:11:36Z,311,5,0,10,0,0,1,1,1,1785456618
2026-07-31T00:11:36Z,312,0,0,19,3,1,1,1,1,1785456592
2026-07-31T00:11:36Z,313,4,0,11,0,0,1,1,1,1785456260
2026-07-31T00:11:36Z,314,4,4,11,3,0,1,1,1,1785455462
2026-07-31T00:11:36Z,315,24,13,4,3,0,1,1,1,1785456656
2026-07-31T00:11:36Z,316,13,0,12,5,1,1,1,1,1785456480
2026-07-31T00:11:36Z,317,0,0,29,1,1,1,1,1,1785456647
2026-07-31T00:11:36Z,318,13,0,6,0,0,1,1,1,1785456267
2026-07-31T00:11:36Z,319,7,1,15,1,0,1,1,1,1785455837
2026-07-31T00:11:36Z,320,2,0,16,1,0,1,1,1,1785455409
2026-07-31T00:11:36Z,321,8,0,9,2,0,1,1,1,1785454648
2026-07-31T00:11:36Z,322,6,0,22,1,0,1,1,1,1785456676
2026-07-31T00:11:36Z,323,11,0,8,0,0,1,1,1,1785456556
2026-07-31T00:11:36Z,324,8,0,17,2,0,1,1,1,1785456689
2026-07-31T00:11:36Z,325,6,0,19,2,0,1,1,1,1785456114
2026-07-31T00:11:36Z,327,26,2,1,0,0,1,1,1,1785456665
2026-07-31T00:11:36Z,328,21,1,0,1,0,1,1,1,1785456159
2026-07-31T00:11:36Z,329,5,1,13,1,0,1,1,1,1785456356
2026-07-31T00:11:36Z,330,22,2,0,0,0,1,1,1,1785456306
2026-07-31T00:11:36Z,331,20,1,2,1,0,1,1,1,1785456569
2026-07-31T00:11:36Z,332,6,2,11,2,0,1,1,1,1785456534
2026-07-31T00:11:36Z,333,11,5,11,1,0,1,1,1,1785456268
2026-07-31T00:11:36Z,334,8,0,15,0,0,1,1,1,1785456503
2026-07-31T00:11:36Z,335,3,1,17,2,1,1,1,1,1785456691
2026-07-31T00:11:36Z,336,6,1,13,0,0,1,1,1,1785456541
2026-07-31T00:11:36Z,337,10,0,9,4,0,1,1,1,1785456664
2026-07-31T00:11:36Z,338,4,4,15,0,0,1,1,1,1785456452
2026-07-31T00:11:36Z,339,7,3,16,0,0,1,1,1,1785456652
2026-07-31T00:11:36Z,340,1,0,13,1,0,1,1,1,1785454530
2026-07-31T00:11:36Z,341,4,1,15,0,0,1,1,1,1785456345
2026-07-31T00:11:36Z,342,5,4,9,1,0,1,1,1,1785456661
2026-07-31T00:11:36Z,343,3,2,19,1,0,1,1,1,1785456559
2026-07-31T00:11:36Z,344,14,5,9,0,0,1,1,1,1785456122
2026-07-31T00:11:36Z,345,12,2,7,0,0,1,1,1,1785456669
2026-07-31T00:11:36Z,346,3,2,20,0,0,1,1,1,1785456139
2026-07-31T00:11:36Z,347,32,9,8,4,0,1,1,1,1785456687
2026-07-31T00:11:36Z,348,0,0,22,0,1,1,1,1,1785456640
2026-07-31T00:11:36Z,349,3,0,15,1,0,1,1,1,1785456540
2026-07-31T00:11:36Z,350,14,0,10,2,1,1,1,1,1785456318
2026-07-31T00:11:36Z,351,6,1,14,3,0,1,1,1,1785456598
2026-07-31T00:11:36Z,355,2,1,21,0,0,1,1,1,1785456574
2026-07-31T00:11:36Z,356,12,1,7,0,0,1,1,1,1785456497
2026-07-31T00:11:36Z,357,1,1,17,1,0,1,1,1,1785456180
2026-07-31T00:11:36Z,358,9,0,18,0,0,1,1,1,1785456640
2026-07-31T00:11:36Z,359,24,1,2,1,0,1,1,1,1785455785
2026-07-31T00:11:36Z,360,6,4,13,0,0,1,1,1,1785455886
2026-07-31T00:11:36Z,362,3,2,15,1,0,1,1,1,1785456160
2026-07-31T00:11:36Z,363,14,0,13,0,0,1,1,1,1785456639
2026-07-31T00:11:36Z,364,7,2,12,0,0,1,1,1,1785456607
2026-07-31T00:11:36Z,365,0,0,20,3,0,1,1,1,1785456400
2026-07-31T00:11:36Z,366,9,3,10,4,0,1,1,1,1785456401
2026-07-31T00:11:36Z,367,15,8,2,2,0,1,1,1,1785456624
2026-07-31T00:11:36Z,368,5,4,17,1,0,1,1,1,1785456079
2026-07-31T00:11:36Z,370,3,3,24,0,0,1,1,1,1785456174
2026-07-31T00:11:36Z,371,8,4,10,1,0,1,1,1,1785456067
2026-07-31T00:11:36Z,372,6,0,9,0,0,1,1,1,1785455121
2026-07-31T00:11:36Z,373,14,6,13,0,0,1,1,1,1785456608
2026-07-31T00:11:36Z,374,5,4,11,3,0,1,1,1,1785456626
2026-07-31T00:11:36Z,375,17,1,6,4,0,1,1,1,1785456555
2026-07-31T00:11:36Z,376,26,2,10,3,0,1,1,1,1785456661
2026-07-31T00:11:36Z,377,2,0,21,4,0,1,1,1,1785455706
2026-07-31T00:11:36Z,378,13,3,9,1,1,1,1,1,1785456558
2026-07-31T00:11:36Z,379,15,0,12,0,0,1,1,1,1785456635
2026-07-31T00:11:36Z,380,7,3,16,0,0,1,1,1,1785456577
2026-07-31T00:11:36Z,381,21,1,2,0,0,1,1,1,1785456652
2026-07-31T00:11:36Z,383,13,1,0,2,0,1,1,1,1785456246
2026-07-31T00:11:36Z,384,24,2,2,1,0,1,1,1,1785456433
2026-07-31T00:11:36Z,385,1,0,15,2,0,1,1,1,1785456430
2026-07-31T00:11:36Z,387,4,1,19,0,0,1,1,1,1785456676
2026-07-31T00:11:36Z,388,10,1,37,2,0,1,1,1,1785456246
2026-07-31T00:11:36Z,389,4,4,11,0,0,1,1,1,1785456661
2026-07-31T00:11:36Z,390,23,3,12,0,0,1,1,1,1785456655
2026-07-31T00:11:36Z,391,7,1,8,0,0,1,1,1,1785456447
2026-07-31T00:11:36Z,392,2,1,16,1,0,1,1,1,1785456669
2026-07-31T00:11:36Z,393,0,0,9,2,0,1,1,1,1785453551
2026-07-31T00:11:36Z,394,0,0,11,2,0,1,1,1,1785454721
2026-07-31T00:11:36Z,396,16,14,23,3,0,1,1,1,1785456430
2026-07-31T00:11:36Z,397,2,2,29,0,0,1,1,1,1785456156
2026-07-31T00:11:36Z,399,7,0,8,2,0,1,1,1,1785455965
2026-07-31T00:11:36Z,400,11,6,10,2,0,1,1,1,1785456534
2026-07-31T00:11:36Z,401,2,1,29,8,0,1,1,1,1785455816
2026-07-31T00:11:36Z,403,6,1,23,2,0,1,1,1,1785456615
2026-07-31T00:11:36Z,404,6,3,17,0,0,1,1,1,1785456691
2026-07-31T00:11:36Z,406,32,1,2,1,0,1,1,1,1785456681
2026-07-31T00:11:36Z,407,7,0,26,1,0,1,1,1,1785455204
2026-07-31T00:11:36Z,408,1,1,32,0,0,1,1,1,1785456547
2026-07-31T00:11:36Z,409,16,2,2,5,0,1,1,1,1785456435
2026-07-31T00:11:36Z,413,5,2,17,1,0,1,1,1,1785456595
2026-07-31T00:11:36Z,414,13,2,1,1,0,1,1,1,1785456503
2026-07-31T00:11:36Z,417,3,3,16,0,0,1,1,1,1785456224
2026-07-31T00:11:36Z,418,0,0,14,1,0,1,1,1,1785456376
2026-07-31T00:11:36Z,419,13,0,9,1,0,1,1,1,1785456624
2026-07-31T00:11:36Z,421,17,1,2,0,0,1,1,1,1785456164
2026-07-31T00:11:36Z,422,6,4,21,0,0,1,1,1,1785456368
2026-07-31T00:11:36Z,423,2,0,20,1,0,1,1,1,1785456599
2026-07-31T00:11:36Z,424,1,0,12,2,0,1,1,1,1785456692
2026-07-31T00:11:36Z,425,2,0,19,0,1,1,1,1,1785455931
2026-07-31T00:11:36Z,426,12,0,23,2,0,1,1,1,1785456406
2026-07-31T00:11:36Z,427,2,0,12,1,0,1,1,1,1785456655
2026-07-31T00:11:36Z,428,12,1,6,1,0,1,1,1,1785456613
2026-07-31T00:11:36Z,429,4,1,15,4,0,1,1,1,1785456653
2026-07-31T00:11:36Z,430,6,1,24,1,0,1,1,1,1785456690
2026-07-31T00:11:36Z,431,14,3,15,4,0,1,1,1,1785455581
2026-07-31T00:11:36Z,432,4,1,26,1,0,1,1,1,1785456562
2026-07-31T00:11:36Z,433,10,2,12,1,0,1,1,1,1785455572
2026-07-31T00:11:36Z,437,15,3,3,1,0,1,1,1,1785456546
2026-07-31T00:11:36Z,438,2,0,16,1,0,1,1,1,1785456485
2026-07-31T00:11:36Z,439,10,1,5,0,0,1,1,1,1785455682
2026-07-31T00:11:36Z,440,1,1,12,2,0,1,1,1,1785456268
2026-07-31T00:11:36Z,441,0,0,15,0,0,1,1,1,1785455928
2026-07-31T00:11:36Z,442,12,4,6,1,0,1,1,1,1785456508
2026-07-31T00:11:36Z,443,3,0,23,1,0,1,1,1,1785455347
2026-07-31T00:11:36Z,444,2,1,21,0,0,1,1,1,1785455134
2026-07-31T00:11:36Z,445,7,2,15,1,0,1,1,1,1785456391
2026-07-31T00:11:36Z,446,1,0,20,2,0,1,1,1,1785456519
2026-07-31T00:11:36Z,447,1,0,20,1,1,1,1,1,1785441257
2026-07-31T00:11:36Z,448,10,2,3,1,1,1,1,1,1785456684
2026-07-31T00:11:36Z,452,5,3,14,0,0,1,1,1,1785456467
2026-07-31T00:11:36Z,453,5,0,9,1,0,1,1,1,1785455934
2026-07-31T00:11:36Z,454,3,0,16,0,0,1,1,1,1785456672
2026-07-31T00:11:36Z,455,3,0,36,0,0,1,1,1,1785456667
2026-07-31T00:11:36Z,456,17,6,2,1,0,1,1,1,1785456613
2026-07-31T00:11:36Z,457,1,0,24,2,0,1,1,1,1785456672
2026-07-31T00:11:36Z,458,7,4,15,1,0,1,1,1,1785456479
2026-07-31T00:11:36Z,459,9,0,6,0,0,1,1,1,1785456631
2026-07-31T00:11:36Z,460,12,2,10,1,0,1,1,1,1785456064
2026-07-31T00:11:36Z,461,11,1,8,0,0,1,1,1,1785455932
2026-07-31T00:11:36Z,462,2,1,19,0,0,1,1,1,1785456455
2026-07-31T00:11:36Z,463,8,2,11,0,0,1,1,1,1785456523
2026-07-31T00:11:36Z,464,1,0,13,0,0,1,1,1,1785456155
2026-07-31T00:11:36Z,465,5,5,10,0,0,1,1,1,1785456384
2026-07-31T00:11:36Z,466,6,3,8,1,0,1,1,1,1785456560
2026-07-31T00:11:36Z,467,3,0,16,0,0,1,1,1,1785456597
2026-07-31T00:11:36Z,468,16,1,3,0,0,1,1,1,1785456599
2026-07-31T00:11:36Z,469,3,0,19,1,0,1,1,1,1785456262
2026-07-31T00:11:36Z,470,8,0,6,1,0,1,1,1,1785456590
2026-07-31T00:11:36Z,471,21,1,6,0,0,1,1,1,1785456564
2026-07-31T00:11:36Z,472,9,3,9,1,0,1,1,1,1785456448
2026-07-31T00:11:36Z,473,5,3,12,2,0,1,1,1,1785456508
2026-07-31T00:11:36Z,474,10,1,7,2,0,1,1,1,1785456200
2026-07-31T00:11:36Z,475,1,0,18,0,0,1,1,1,1785455940
2026-07-31T00:11:36Z,477,6,1,9,0,0,1,1,1,1785456242
2026-07-31T00:11:36Z,478,25,0,5,1,0,1,1,1,1785456520
2026-07-31T00:11:36Z,479,8,0,18,1,0,1,1,1,1785456628
2026-07-31T00:11:36Z,480,4,1,9,2,0,1,1,1,1785456057
2026-07-31T00:11:36Z,481,18,0,15,2,0,1,1,1,1785456692
2026-07-31T00:11:36Z,482,2,1,17,0,0,1,1,1,1785456157
2026-07-31T00:11:36Z,483,10,1,15,2,0,1,1,1,1785456685
2026-07-31T00:11:36Z,484,3,0,16,0,0,1,1,1,1785456077
2026-07-31T00:11:36Z,485,9,6,7,2,1,1,1,1,1785456494
2026-07-31T00:11:36Z,486,3,0,22,2,0,1,1,1,1785456645
2026-07-31T00:11:36Z,487,3,1,15,1,0,1,1,1,1785456598
2026-07-31T00:11:36Z,489,2,1,13,0,0,1,1,1,1785456427
2026-07-31T00:11:36Z,490,5,1,11,0,0,1,1,1,1785456392
2026-07-31T00:11:36Z,491,19,2,2,0,0,1,1,1,1785453065
2026-07-31T00:11:36Z,492,3,3,5,3,0,1,1,1,1785456694
2026-07-31T00:11:36Z,493,1,0,25,1,0,1,1,1,1785455445
2026-07-31T00:11:36Z,495,11,3,3,1,0,1,1,1,1785456430
2026-07-31T00:11:36Z,496,15,1,9,3,0,1,1,1,1785456584
2026-07-31T00:11:36Z,497,2,2,16,1,0,1,1,1,1785455097
2026-07-31T00:11:36Z,498,7,4,16,0,0,1,1,1,1785456659
2026-07-31T00:11:36Z,499,7,2,12,0,0,1,1,1,1785455318
2026-07-31T00:11:36Z,500,4,4,7,4,0,1,1,1,1785455917
2026-07-31T00:11:36Z,501,1,0,19,1,0,1,1,1,1785456589
2026-07-31T00:11:36Z,502,1,0,18,0,0,1,1,1,1785455864
2026-07-31T00:11:36Z,503,22,0,8,1,0,1,1,1,1785456619
2026-07-31T00:11:36Z,504,15,1,23,1,0,1,1,1,1785456498
2026-07-31T00:11:36Z,505,3,1,8,1,0,1,1,1,1785456188
2026-07-31T00:11:36Z,511,0,0,23,0,0,1,1,1,1785456292
2026-07-31T00:11:36Z,512,5,0,22,0,0,1,1,1,1785456560
2026-07-31T00:11:36Z,514,8,1,1,2,0,1,1,1,1785455487
2026-07-31T00:11:36Z,515,5,0,14,0,0,1,1,1,1785455381
2026-07-31T00:11:36Z,516,1,0,26,0,0,1,1,1,1785454843
2026-07-31T00:11:36Z,517,6,0,16,1,0,1,1,1,1785456465
2026-07-31T00:11:36Z,518,12,3,2,1,0,1,1,1,1785456621
2026-07-31T00:11:36Z,519,3,2,15,1,0,1,1,1,1785456090
2026-07-31T00:11:36Z,520,9,3,13,4,1,1,1,1,1785456693
2026-07-31T00:11:36Z,521,3,2,20,0,0,1,1,1,1785454566
2026-07-31T00:11:36Z,522,23,0,0,0,0,1,1,1,1785455936
2026-07-31T00:11:36Z,523,3,1,19,1,0,1,1,1,1785456187
2026-07-31T00:11:36Z,524,23,2,0,0,0,1,1,1,1785456674
2026-07-31T00:11:36Z,525,11,0,8,0,0,1,1,1,1785456219
2026-07-31T00:11:36Z,526,11,2,2,2,0,1,1,1,1785456378
2026-07-31T00:11:36Z,527,1,1,22,3,0,1,1,1,1785456541
2026-07-31T00:11:36Z,528,14,0,8,1,0,1,1,1,1785456675
2026-07-31T00:11:36Z,529,1,0,13,5,0,1,1,1,1785456690
2026-07-31T00:11:36Z,530,1,0,19,1,0,1,1,1,1785456570
2026-07-31T00:11:36Z,531,8,2,13,1,1,1,1,1,1785456685
2026-07-31T00:11:36Z,532,4,3,25,1,1,1,1,1,1785456410
2026-07-31T00:11:36Z,533,7,1,10,2,0,1,1,1,1785456642
2026-07-31T00:11:36Z,534,0,0,23,0,0,1,1,1,1785455222
2026-07-31T00:11:36Z,535,1,1,13,1,0,1,1,1,1785455811
2026-07-31T00:11:36Z,536,0,0,23,0,0,1,1,1,1785456518
2026-07-31T00:11:36Z,537,17,2,3,0,0,1,1,1,1785456389
2026-07-31T00:11:36Z,538,4,0,16,1,2,1,1,1,1785456601
2026-07-31T00:11:36Z,539,5,5,26,0,0,1,1,1,1785455381
2026-07-31T00:11:36Z,540,1,1,18,0,0,1,1,1,1785456568
2026-07-31T00:11:36Z,541,12,3,14,1,0,1,1,1,1785456658
2026-07-31T00:11:36Z,542,0,0,23,0,0,1,1,1,1785455168
2026-07-31T00:11:36Z,543,2,0,17,0,0,1,1,1,1785456672
2026-07-31T00:11:36Z,544,14,2,4,4,0,1,1,1,1785456562
2026-07-31T00:11:36Z,545,13,0,0,6,0,1,1,1,1785456564
2026-07-31T00:11:36Z,546,1,0,18,0,0,1,1,1,1785456598
2026-07-31T00:11:36Z,547,2,0,23,0,0,1,1,1,1785456393
2026-07-31T00:11:36Z,548,13,1,10,0,0,1,1,1,1785456204
2026-07-31T00:11:36Z,549,20,0,2,1,0,1,1,1,1785456669
2026-07-31T00:11:36Z,550,1,1,18,0,0,1,1,1,1785455404
2026-07-31T00:11:36Z,551,12,3,11,0,0,1,1,1,1785455805
2026-07-31T00:11:36Z,552,8,1,19,0,0,1,1,1,1785456683
2026-07-31T00:11:36Z,553,2,1,20,0,1,1,1,1,1785456552
2026-07-31T00:11:36Z,554,1,1,18,0,0,1,1,1,1785455798
2026-07-31T00:11:36Z,555,11,5,3,1,0,1,1,1,1785454850
2026-07-31T00:11:36Z,556,2,1,20,1,0,1,1,1,1785456669
2026-07-31T00:11:36Z,557,0,0,17,6,0,1,1,1,1785456506
2026-07-31T00:11:36Z,558,7,7,26,4,0,1,1,1,1785456662
2026-07-31T00:11:36Z,559,1,0,17,1,0,1,1,1,1785453703
2026-07-31T00:11:36Z,560,11,0,16,0,0,1,1,1,1785456236
2026-07-31T00:11:36Z,561,15,2,7,1,0,1,1,1,1785456286
2026-07-31T00:11:36Z,562,5,0,26,4,0,1,1,1,1785456694
2026-07-31T00:11:36Z,563,13,0,1,0,0,1,1,1,1785456159
2026-07-31T00:11:36Z,564,6,1,12,1,0,1,1,1,1785456194
2026-07-31T00:11:36Z,565,5,0,13,1,0,1,1,1,1785456520
2026-07-31T00:11:36Z,566,14,0,4,1,0,1,1,1,1785456452
2026-07-31T00:11:36Z,567,7,1,19,1,0,1,1,1,1785456497
2026-07-31T00:11:36Z,568,4,0,13,2,0,1,1,1,1785455962
2026-07-31T00:11:36Z,569,15,0,4,0,0,1,1,1,1785456497
2026-07-31T00:11:36Z,570,3,0,16,0,0,1,1,1,1785456681
2026-07-31T00:11:36Z,571,8,0,15,0,0,1,1,1,1785456648
2026-07-31T00:11:36Z,572,15,2,2,2,0,1,1,1,1785456023
2026-07-31T00:11:36Z,573,6,0,9,0,0,1,1,1,1785456088
2026-07-31T00:11:36Z,574,9,2,6,0,0,1,1,1,1785455960
2026-07-31T00:11:36Z,575,6,0,14,1,0,1,1,1,1785456262
2026-07-31T00:11:36Z,576,2,1,17,0,0,1,1,1,1785456564
2026-07-31T00:11:36Z,577,25,0,6,0,0,1,1,1,1785456165
2026-07-31T00:11:36Z,578,19,5,3,1,0,1,1,1,1785456623
2026-07-31T00:11:36Z,579,30,1,13,0,0,1,1,1,1785456645
2026-07-31T00:11:36Z,580,8,0,21,0,0,1,1,1,1785456213
2026-07-31T00:11:36Z,581,15,0,4,0,0,1,1,1,1785456580
2026-07-31T00:11:36Z,582,10,1,49,2,0,1,1,1,1785456658
2026-07-31T00:11:36Z,583,14,0,9,0,0,1,1,1,1785455185
2026-07-31T00:11:36Z,584,1,1,13,5,0,1,1,1,1785456445
2026-07-31T00:11:36Z,585,11,1,14,1,1,1,1,1,1785456307
2026-07-31T00:11:36Z,586,32,2,2,1,0,1,1,1,1785456668
2026-07-31T00:11:36Z,587,22,0,1,1,0,1,1,1,1785455832
2026-07-31T00:11:36Z,588,1,0,14,4,0,1,1,1,1785456692
2026-07-31T00:11:36Z,589,0,0,0,23,0,1,1,1,1785456422
2026-07-31T00:11:36Z,590,5,2,25,1,0,1,1,1,1785456563
2026-07-31T00:11:36Z,591,0,0,28,2,0,1,1,1,1785456644
2026-07-31T00:11:36Z,592,8,1,15,0,0,1,1,1,1785456417
2026-07-31T00:11:36Z,593,10,0,27,1,0,1,1,1,1785456686
2026-07-31T00:11:36Z,594,15,0,6,0,0,1,1,1,1785456423
2026-07-31T00:11:36Z,595,0,0,3,0,0,0,1,1,1784046673
2026-07-31T00:11:36Z,605,0,0,2,1,0,0,1,1,1783975843
2026-07-31T00:11:36Z,606,0,0,0,0,0,0,1,1,86400
2026-07-31T00:11:36Z,607,15,0,16,1,0,1,1,1,1785456559
2026-07-31T00:11:36Z,608,3,3,47,0,0,1,1,1,1785456672
2026-07-31T00:11:36Z,609,1,1,22,0,0,1,1,1,1785456631
2026-07-31T00:11:36Z,610,20,0,15,0,0,1,1,1,1785456649
2026-07-31T00:11:36Z,611,23,0,3,1,0,1,1,1,1785456225
2026-07-31T00:11:36Z,612,7,1,8,0,0,1,1,1,1785455780
2026-07-31T00:11:36Z,613,10,0,1,4,0,1,1,1,1785455457
2026-07-31T00:11:36Z,614,5,5,20,1,1,1,1,1,1785456651
2026-07-31T00:11:36Z,617,6,1,7,2,0,1,1,1,1785456224
2026-07-31T00:11:36Z,618,13,3,2,4,0,1,1,1,1785456543
2026-07-31T00:11:36Z,619,4,4,15,0,0,1,1,1,1785456182
2026-07-31T00:11:36Z,620,8,0,18,1,0,1,1,1,1785456469
2026-07-31T00:11:36Z,621,7,3,15,1,0,1,1,1,1785456429
2026-07-31T00:11:36Z,622,17,10,4,2,0,1,1,1,1785456636
2026-07-31T00:11:36Z,623,8,0,21,1,0,1,1,1,1785456551
2026-07-31T00:11:36Z,624,6,1,9,0,0,1,1,1,1785456429
2026-07-31T00:11:36Z,625,3,1,17,1,0,1,1,1,1785455940
2026-07-31T00:11:36Z,626,5,0,39,1,2,1,1,1,1785456528
2026-07-31T00:11:36Z,627,16,6,3,0,0,1,1,1,1785455294
2026-07-31T00:11:36Z,628,4,4,14,0,1,1,1,1,1785455145
2026-07-31T00:11:36Z,629,8,3,1,2,0,1,1,1,1785456631
2026-07-31T00:11:36Z,630,1,0,23,3,0,1,1,1,1785456483
2026-07-31T00:11:36Z,631,12,0,11,0,0,1,1,1,1785456596
2026-07-31T00:11:36Z,632,22,2,0,1,0,1,1,1,1785455012
2026-07-31T00:11:36Z,633,12,2,0,3,0,1,1,1,1785456554
2026-07-31T00:11:36Z,634,4,1,14,1,0,1,1,1,1785456259
2026-07-31T00:11:36Z,635,11,1,8,0,0,1,1,1,1785455818
2026-07-31T00:11:36Z,636,8,1,6,1,0,1,1,1,1785456459
2026-07-31T00:11:36Z,637,8,1,11,0,0,1,1,1,1785456458
2026-07-31T00:11:36Z,638,8,2,8,3,0,1,1,1,1785455929
2026-07-31T00:11:36Z,639,4,1,13,2,0,1,1,1,1785455668
2026-07-31T00:11:36Z,640,1,1,21,1,0,1,1,1,1785456494
2026-07-31T00:11:36Z,641,5,1,20,1,0,1,1,1,1785456493
2026-07-31T00:11:36Z,642,0,0,11,8,0,1,1,1,1785456690
2026-07-31T00:11:36Z,643,6,0,13,8,0,1,1,1,1785456429
2026-07-31T00:11:36Z,644,8,0,6,1,0,1,1,1,1785455565
2026-07-31T00:11:36Z,645,11,1,11,0,1,1,1,1,1785456688
2026-07-31T00:11:36Z,646,1,0,18,0,0,1,1,1,1785455575
2026-07-31T00:11:36Z,647,0,0,31,0,0,1,1,1,1785454617
2026-07-31T00:11:36Z,648,6,1,11,1,1,1,1,1,1785456449
2026-07-31T00:11:36Z,649,2,2,28,1,0,1,1,1,1785456601
2026-07-31T00:11:36Z,650,4,1,10,0,0,1,1,1,1785453435
2026-07-31T00:11:36Z,651,3,0,20,0,0,1,1,1,1785456438
2026-07-31T00:11:36Z,652,2,0,19,2,0,1,1,1,1785456476
2026-07-31T00:11:36Z,653,1,1,17,1,0,1,1,1,1785455902
2026-07-31T00:11:36Z,654,8,4,6,1,0,1,1,1,1785456673
2026-07-31T00:11:36Z,655,5,2,3,4,1,1,1,1,1785456535
2026-07-31T00:11:36Z,656,13,6,6,0,0,1,1,1,1785456628
2026-07-31T00:11:36Z,657,12,6,2,2,1,1,1,1,1785456463
2026-07-31T00:11:36Z,658,6,0,4,0,0,1,1,1,1785453591
2026-07-31T00:11:36Z,659,10,4,4,1,0,1,1,1,1785455225
2026-07-31T00:11:36Z,660,1,1,27,3,0,1,1,1,1785456534
2026-07-31T00:11:36Z,661,6,1,13,0,0,1,1,1,1785456466
2026-07-31T00:11:36Z,662,7,3,13,3,0,1,1,1,1785455721
2026-07-31T00:11:36Z,663,2,1,12,1,0,1,1,1,1785456628
2026-07-31T00:11:36Z,664,3,1,24,0,0,1,1,1,1785456393
2026-07-31T00:11:36Z,665,9,2,6,0,0,1,1,1,1785455754
2026-07-31T00:11:36Z,666,5,3,8,2,0,1,1,1,1785456224
2026-07-31T00:11:36Z,667,18,1,1,0,0,1,1,1,1785456634
2026-07-31T00:11:36Z,668,16,0,2,1,0,1,1,1,1785456674
2026-07-31T00:11:36Z,669,9,2,5,0,0,1,1,1,1785456624
2026-07-31T00:11:36Z,670,4,2,23,0,0,1,1,1,1785456672
2026-07-31T00:11:36Z,671,18,0,7,2,0,1,1,1,1785456631
2026-07-31T00:11:36Z,672,4,1,15,3,1,1,1,1,1785456310
2026-07-31T00:11:36Z,673,2,1,20,1,0,1,1,1,1785456661
2026-07-31T00:11:36Z,674,6,4,12,5,0,1,1,1,1785456619
2026-07-31T00:11:36Z,675,4,0,9,2,0,1,1,1,1785455777
2026-07-31T00:11:36Z,676,12,2,10,0,0,1,1,1,1785456387
2026-07-31T00:11:36Z,681,1,1,12,2,0,1,1,1,1785456524
2026-07-31T00:11:36Z,682,4,1,14,1,0,1,1,1,1785387864
2026-07-31T00:11:36Z,683,2,1,17,0,0,1,1,1,1785453008
2026-07-31T00:11:36Z,684,2,0,25,0,0,1,1,1,1785456431
2026-07-31T00:11:36Z,685,5,0,20,1,1,1,1,1,1785455460
2026-07-31T00:11:36Z,686,11,0,14,1,1,1,1,1,1785456589
2026-07-31T00:11:36Z,687,13,0,16,1,1,1,1,1,1785456478
2026-07-31T00:11:36Z,688,7,0,5,7,0,1,1,1,1785456509
2026-07-31T00:11:36Z,692,1,0,20,0,0,1,1,1,1785456616
2026-07-31T00:11:36Z,693,7,0,1,3,0,1,1,1,1785456398
2026-07-31T00:11:36Z,694,8,5,12,1,0,1,1,1,1785456064
2026-07-31T00:11:36Z,695,10,6,13,0,0,1,1,1,1785456515
2026-07-31T00:11:36Z,696,16,10,7,0,0,1,1,1,1785456507
2026-07-31T00:11:36Z,697,13,0,10,0,0,1,1,1,1785456598
2026-07-31T00:11:36Z,698,24,2,3,0,0,1,1,1,1785456690
2026-07-31T00:11:36Z,699,6,0,8,1,0,1,1,1,1785456626
2026-07-31T00:11:36Z,700,16,3,3,0,0,1,1,1,1785456364
2026-07-31T00:11:36Z,701,11,3,7,1,0,1,1,1,1785456224
2026-07-31T00:11:36Z,702,0,0,23,0,0,1,1,1,1785456443
2026-07-31T00:11:36Z,704,7,1,8,0,0,1,1,1,1785455588
2026-07-31T00:11:36Z,705,2,2,12,1,0,1,1,1,1785455552
2026-07-31T00:11:36Z,706,9,0,3,3,0,1,1,1,1785456135
2026-07-31T00:11:36Z,707,3,2,10,2,0,1,1,1,1785455377
2026-07-31T00:11:36Z,708,18,0,1,0,0,1,1,1,1785456477
2026-07-31T00:11:36Z,709,10,1,2,3,0,1,1,1,1785455291
2026-07-31T00:11:36Z,710,10,1,9,0,0,1,1,1,1785456507
2026-07-31T00:11:36Z,711,12,4,10,1,0,1,1,1,1785456238
2026-07-31T00:11:36Z,712,6,2,9,0,0,1,1,1,1785456602
2026-07-31T00:11:36Z,713,0,0,23,0,0,1,1,1,1785455388
2026-07-31T00:11:36Z,716,1,1,14,0,0,1,1,1,1785456504
2026-07-31T00:11:36Z,717,2,0,20,3,0,1,1,1,1785456534
2026-07-31T00:11:36Z,718,5,1,9,1,0,1,1,1,1785456396
2026-07-31T00:11:36Z,719,5,1,24,0,0,1,1,1,1785455680
2026-07-31T00:11:36Z,720,2,1,17,0,0,1,1,1,1785455073
2026-07-31T00:11:36Z,721,4,0,17,2,0,1,1,1,1785456673
2026-07-31T00:11:36Z,722,2,0,13,0,0,1,1,1,1785456554
2026-07-31T00:11:36Z,723,12,2,11,0,0,1,1,1,1785456499
2026-07-31T00:11:36Z,724,15,5,8,0,0,1,1,1,1785456469
2026-07-31T00:11:36Z,725,5,0,18,0,0,1,1,1,1785455974
2026-07-31T00:11:36Z,726,9,1,10,0,0,1,1,1,1785456692
2026-07-31T00:11:36Z,727,9,4,12,2,0,1,1,1,1785455662
2026-07-31T00:11:36Z,728,10,1,5,0,0,1,1,1,1785455302
2026-07-31T00:11:36Z,729,19,3,0,0,0,1,1,1,1785456500
2026-07-31T00:11:36Z,730,3,2,10,2,0,1,1,1,1785455891
2026-07-31T00:11:36Z,731,8,2,7,0,0,1,1,1,1785456262
2026-07-31T00:11:36Z,732,2,2,13,0,0,1,1,1,1785456041
2026-07-31T00:11:36Z,733,18,0,7,2,0,1,1,1,1785456584
2026-07-31T00:11:36Z,734,4,1,10,0,0,1,1,1,1785456681
2026-07-31T00:11:36Z,735,1,1,26,0,0,1,1,1,1785456636
2026-07-31T00:11:36Z,736,5,0,14,0,0,1,1,1,1785456347
2026-07-31T00:11:36Z,737,1,0,11,2,1,1,1,1,1785455340
2026-07-31T00:11:36Z,738,4,0,13,2,0,1,1,1,1785456146
2026-07-31T00:11:36Z,739,18,2,8,1,0,1,1,1,1785454900
2026-07-31T00:11:36Z,741,4,1,19,0,0,1,1,1,1785455288
2026-07-31T00:11:36Z,742,18,7,15,2,0,1,1,1,1785456621
2026-07-31T00:11:36Z,743,2,1,16,1,0,1,1,1,1785455153
2026-07-31T00:11:36Z,744,4,1,10,1,0,1,1,1,1785456289
2026-07-31T00:11:36Z,745,14,4,4,1,0,1,1,1,1785455665
2026-07-31T00:11:36Z,746,7,3,13,3,0,1,1,1,1785456516
2026-07-31T00:11:36Z,747,0,0,4,0,0,0,1,1,1783446606
2026-07-31T00:11:36Z,748,10,1,13,0,0,1,1,1,1785456547
2026-07-31T00:11:36Z,749,3,1,20,0,0,1,1,1,1785456322
2026-07-31T00:11:36Z,750,6,3,5,0,0,1,1,1,1785456662
2026-07-31T00:11:36Z,751,8,5,14,1,0,1,1,1,1785456656
2026-07-31T00:11:36Z,752,6,0,10,1,0,1,1,1,1785456668
2026-07-31T00:11:36Z,753,15,2,0,0,0,1,1,1,1785456382
2026-07-31T00:11:36Z,754,2,1,12,1,0,1,1,1,1785456292
2026-07-31T00:11:36Z,755,5,1,17,1,0,1,1,1,1785456678
2026-07-31T00:11:36Z,756,0,0,35,2,0,1,1,1,1785456146
2026-07-31T00:11:36Z,757,3,1,16,0,0,1,1,1,1785456460
2026-07-31T00:11:36Z,758,7,7,16,0,0,1,1,1,1785456640
2026-07-31T00:11:36Z,759,5,3,10,0,0,1,1,1,1785455809
2026-07-31T00:11:36Z,760,6,2,12,1,0,1,1,1,1785456620
2026-07-31T00:11:36Z,761,7,1,16,0,0,1,1,1,1785456354
2026-07-31T00:11:36Z,762,6,4,5,4,0,1,1,1,1785454889
2026-07-31T00:11:36Z,768,9,0,8,2,0,1,1,1,1785455927
2026-07-31T00:11:36Z,769,16,7,3,0,0,1,1,1,1785456432
2026-07-31T00:11:36Z,770,10,2,7,2,0,1,1,1,1785456301
2026-07-31T00:11:36Z,771,13,3,1,1,0,1,1,1,1785456685
2026-07-31T00:11:36Z,772,2,2,12,1,0,1,1,1,1785456464
2026-07-31T00:11:36Z,773,7,4,12,0,0,1,1,1,1785456597
2026-07-31T00:11:36Z,774,0,0,11,4,0,1,1,1,1785456672
2026-07-31T00:11:36Z,775,7,0,10,1,1,1,1,1,1785456579
2026-07-31T00:11:36Z,776,3,1,17,1,0,1,1,1,1785455617
2026-07-31T00:11:36Z,777,9,2,3,3,0,1,1,1,1785456546
2026-07-31T00:11:36Z,778,14,1,3,2,0,1,1,1,1785456609
2026-07-31T00:11:36Z,779,9,1,9,1,0,1,1,1,1785456043
2026-07-31T00:11:36Z,780,9,3,9,1,0,1,1,1,1785456693
2026-07-31T00:11:36Z,781,2,0,7,2,0,1,1,1,1785456677
2026-07-31T00:11:36Z,782,1,0,15,3,0,1,1,1,1785455174
2026-07-31T00:11:36Z,783,4,0,15,0,0,1,1,1,1785456298
2026-07-31T00:11:36Z,784,2,0,17,0,0,1,1,1,1785455273
2026-07-31T00:11:36Z,785,9,0,4,6,0,1,1,1,1785456448
2026-07-31T00:11:36Z,786,8,2,11,0,0,1,1,1,1785456072
2026-07-31T00:11:36Z,787,10,5,3,2,0,1,1,1,1785455756
2026-07-31T00:11:36Z,788,5,0,10,0,0,1,1,1,1785456682
2026-07-31T00:11:36Z,789,5,2,6,4,0,1,1,1,1785455992
2026-07-31T00:11:36Z,790,3,0,20,0,0,1,1,1,1785456238
2026-07-31T00:11:36Z,791,6,0,12,0,1,1,1,1,1785454979
2026-07-31T00:11:36Z,793,4,0,10,1,0,1,1,1,1785455392
2026-07-31T00:11:36Z,794,13,2,15,1,0,1,1,1,1785456137
2026-07-31T00:11:36Z,796,7,4,11,1,0,1,1,1,1785456301
2026-07-31T00:11:36Z,797,1,0,14,0,0,1,1,1,1785456023
2026-07-31T00:11:36Z,798,6,0,18,1,0,1,1,1,1785456677
2026-07-31T00:11:36Z,799,12,4,3,4,0,1,1,1,1785455689
2026-07-31T00:11:36Z,800,11,2,9,1,0,1,1,1,1785456659
2026-07-31T00:11:36Z,801,1,1,19,1,0,1,1,1,1785455772
2026-07-31T00:11:36Z,802,12,1,19,0,0,1,1,1,1785456632
2026-07-31T00:11:36Z,803,0,0,14,1,0,1,1,1,1785454941
2026-07-31T00:11:36Z,806,5,5,7,3,0,1,1,1,1785455655
2026-07-31T00:11:36Z,807,1,1,23,1,0,1,1,1,1785456363
2026-07-31T00:11:36Z,808,3,0,21,1,0,1,1,1,1785454239
2026-07-31T00:11:36Z,809,5,1,17,1,0,1,1,1,1785455057
2026-07-31T00:11:36Z,810,2,0,13,4,0,1,1,1,1785456322
2026-07-31T00:11:36Z,815,10,2,0,4,1,1,1,1,1785455080
2026-07-31T00:11:36Z,817,7,3,8,0,0,1,1,1,1785456467
2026-07-31T00:11:36Z,818,7,0,16,0,0,1,1,1,1785455576
2026-07-31T00:11:36Z,819,6,4,9,0,0,1,1,1,1785455226
2026-07-31T00:11:36Z,820,6,1,11,0,0,1,1,1,1785456219
2026-07-31T00:11:36Z,821,2,2,13,0,0,1,1,1,1785455339
2026-07-31T00:11:36Z,822,18,1,3,2,0,1,1,1,1785456662
2026-07-31T00:11:36Z,823,12,1,2,1,0,1,1,1,1785456689
2026-07-31T00:11:36Z,824,13,5,5,1,0,1,1,1,1785456322
2026-07-31T00:11:36Z,825,11,5,4,0,0,1,1,1,1785447766
2026-07-31T00:11:36Z,826,5,0,12,2,0,1,1,1,1785456351
2026-07-31T00:11:36Z,827,11,5,9,1,0,1,1,1,1785455457
2026-07-31T00:11:36Z,828,9,2,7,2,0,1,1,1,1785456475
2026-07-31T00:11:36Z,829,13,6,14,0,0,1,1,1,1785456180
2026-07-31T00:11:36Z,830,17,0,5,1,0,1,1,1,1785456569
2026-07-31T00:11:36Z,831,4,3,10,1,0,1,1,1,1785456596
2026-07-31T00:11:36Z,832,11,5,4,3,0,1,1,1,1785456609
2026-07-31T00:11:36Z,833,2,2,16,1,0,1,1,1,1785456373
2026-07-31T00:11:36Z,834,4,1,17,3,0,1,1,1,1785456686
2026-07-31T00:11:36Z,835,0,0,16,2,0,1,1,1,1785456095
2026-07-31T00:11:36Z,837,5,1,0,10,0,1,1,1,1785456595
2026-07-31T00:11:36Z,838,14,1,0,1,0,1,1,1,1785456393
2026-07-31T00:11:36Z,839,19,2,10,0,0,1,1,1,1785456626
2026-07-31T00:11:36Z,840,3,0,24,2,0,1,1,1,1785456658
2026-07-31T00:11:36Z,841,8,1,7,0,0,1,1,1,1785456595
2026-07-31T00:11:36Z,842,5,0,18,0,0,1,1,1,1785456288
2026-07-31T00:11:36Z,843,9,0,21,1,0,1,1,1,1785456411
2026-07-31T00:11:36Z,844,5,1,18,0,0,1,1,1,1785456335
2026-07-31T00:11:36Z,845,5,3,12,2,0,1,1,1,1785454882
2026-07-31T00:11:36Z,846,5,1,12,2,0,1,1,1,1785455837
2026-07-31T00:11:36Z,847,4,1,23,0,0,1,1,1,1785455525
2026-07-31T00:11:36Z,848,7,0,11,1,0,1,1,1,1785454449
2026-07-31T00:11:36Z,849,9,2,5,1,0,1,1,1,1785455710
2026-07-31T00:11:36Z,850,9,0,1,1,0,1,1,1,1785456110
2026-07-31T00:11:36Z,851,0,0,35,2,0,1,1,1,1785455617
2026-07-31T00:11:36Z,852,10,3,8,1,0,1,1,1,1785456445
2026-07-31T00:11:36Z,853,8,4,15,0,0,1,1,1,1785455428
2026-07-31T00:11:36Z,854,2,2,13,0,0,1,1,1,1785455581
2026-07-31T00:11:36Z,855,11,1,16,0,0,1,1,1,1785456553
2026-07-31T00:11:36Z,857,4,2,14,1,0,1,1,1,1785456644
2026-07-31T00:11:36Z,858,4,1,14,1,0,1,1,1,1785455230
2026-07-31T00:11:36Z,859,3,0,17,1,0,1,1,1,1785455473
2026-07-31T00:11:36Z,861,8,1,2,1,0,1,1,1,1785455675
2026-07-31T00:11:36Z,862,1,1,14,0,0,1,1,1,1785456618
2026-07-31T00:11:36Z,863,9,0,9,1,0,1,1,1,1785455983
2026-07-31T00:11:36Z,866,6,0,12,1,0,1,1,1,1785455038
2026-07-31T00:11:36Z,867,12,0,3,0,0,1,1,1,1785456240
2026-07-31T00:11:36Z,868,13,2,2,0,0,1,1,1,1785456409
2026-07-31T00:11:36Z,870,7,5,7,1,0,1,1,1,1785456621
2026-07-31T00:11:36Z,871,0,0,10,1,0,1,1,1,1785456046
2026-07-31T00:11:36Z,872,0,0,14,1,0,1,1,1,1785456554
2026-07-31T00:11:36Z,873,0,0,32,1,0,1,1,1,1785456379
2026-07-31T00:11:36Z,874,5,0,7,3,0,1,1,1,1785455996
2026-07-31T00:11:36Z,875,14,10,0,1,0,1,1,1,1785456634
2026-07-31T00:11:36Z,877,12,11,6,1,0,1,1,1,1785456088
2026-07-31T00:11:36Z,878,5,4,13,1,0,1,1,1,1785456674
2026-07-31T00:11:36Z,879,2,0,17,0,0,1,1,1,1785455737
2026-07-31T00:11:36Z,880,2,0,20,1,0,1,1,1,1785456636
2026-07-31T00:11:36Z,881,5,1,14,0,0,1,1,1,1785456533
2026-07-31T00:11:36Z,882,9,0,7,3,0,1,1,1,1785454008
2026-07-31T00:11:36Z,883,10,6,9,0,0,1,1,1,1785455034
2026-07-31T00:11:36Z,884,11,7,10,0,0,1,1,1,1785456063
2026-07-31T00:11:36Z,885,1,0,18,0,0,1,1,1,1785456403
2026-07-31T00:11:36Z,886,0,0,28,1,0,1,1,1,1785456504
2026-07-31T00:11:36Z,887,1,1,13,3,0,1,1,1,1785455360
2026-07-31T00:11:36Z,888,37,0,2,2,0,1,1,1,1785456637
2026-07-31T00:11:36Z,889,9,0,8,2,0,1,1,1,1785456412
2026-07-31T00:11:36Z,890,4,1,10,1,0,1,1,1,1785455867
2026-07-31T00:11:36Z,891,11,0,11,1,0,1,1,1,1785456041
2026-07-31T00:11:36Z,892,12,1,3,0,0,1,1,1,1785456450
2026-07-31T00:11:36Z,895,1,0,17,1,0,1,1,1,1785449127
2026-07-31T00:11:36Z,896,21,3,14,0,0,1,1,1,1785456040
2026-07-31T00:11:36Z,897,10,2,11,0,0,1,1,1,1785456565
2026-07-31T00:11:36Z,898,0,0,19,0,0,1,1,1,1785456332
2026-07-31T00:11:36Z,899,9,1,10,0,0,1,1,1,1785456642
2026-07-31T00:11:36Z,900,23,1,4,0,0,1,1,1,1785456655
2026-07-31T00:11:36Z,901,17,3,1,1,0,1,1,1,1785456666
2026-07-31T00:11:36Z,902,12,1,2,1,0,1,1,1,1785456297
2026-07-31T00:11:36Z,903,5,0,14,0,0,1,1,1,1785455623
2026-07-31T00:11:36Z,904,11,5,8,0,0,1,1,1,1785454891
2026-07-31T00:11:36Z,905,1,1,24,2,0,1,1,1,1785456372
2026-07-31T00:11:36Z,906,10,10,17,0,0,1,1,1,1785456237
2026-07-31T00:11:36Z,907,12,2,19,0,0,1,1,1,1785456675
2026-07-31T00:11:36Z,908,7,2,16,0,0,1,1,1,1785456668
2026-07-31T00:11:36Z,909,5,5,18,0,0,1,1,1,1785456230
2026-07-31T00:11:36Z,910,16,1,15,0,0,1,1,1,1785456676
2026-07-31T00:11:36Z,911,9,0,10,0,0,1,1,1,1785456690
2026-07-31T00:11:36Z,912,6,0,15,2,0,1,1,1,1785456490
2026-07-31T00:11:36Z,913,3,0,15,1,0,1,1,1,1785455842
2026-07-31T00:11:36Z,914,8,0,11,0,0,1,1,1,1785456663
2026-07-31T00:11:36Z,915,15,1,7,1,0,1,1,1,1785456658
2026-07-31T00:11:36Z,916,5,3,18,0,0,1,1,1,1785455305
2026-07-31T00:11:36Z,917,13,1,21,1,0,1,1,1,1785456692
2026-07-31T00:11:36Z,918,1,1,16,2,0,1,1,1,1785456623
2026-07-31T00:11:36Z,919,8,1,31,0,0,1,1,1,1785456602
2026-07-31T00:11:36Z,920,3,1,16,0,0,1,1,1,1785455264
2026-07-31T00:11:36Z,921,17,0,4,0,0,1,1,1,1785456505
2026-07-31T00:11:36Z,922,2,0,18,1,0,1,1,1,1785456371
2026-07-31T00:11:36Z,923,16,11,2,1,0,1,1,1,1785456664
2026-07-31T00:11:36Z,924,8,0,13,0,0,1,1,1,1785455576
2026-07-31T00:11:36Z,925,16,2,5,0,0,1,1,1,1785455693
2026-07-31T00:11:36Z,926,3,2,18,0,0,1,1,1,1785455189
2026-07-31T00:11:36Z,927,28,1,7,0,0,1,1,1,1785456582
2026-07-31T00:11:36Z,928,9,0,10,0,0,1,1,1,1785456665
2026-07-31T00:11:36Z,929,1,0,22,0,0,1,1,1,1785456683
2026-07-31T00:11:36Z,930,28,0,1,2,0,1,1,1,1785456531
2026-07-31T00:11:36Z,931,5,3,18,0,0,1,1,1,1785456691
2026-07-31T00:11:36Z,932,15,1,1,3,0,1,1,1,1785456667
2026-07-31T00:11:36Z,933,15,1,6,2,0,1,1,1,1785456581
2026-07-31T00:11:36Z,934,4,0,27,0,0,1,1,1,1785456624
2026-07-31T00:11:36Z,935,17,1,0,2,0,1,1,1,1785456479
2026-07-31T00:11:36Z,936,4,1,15,0,0,1,1,1,1785456416
2026-07-31T00:11:36Z,940,10,3,1,0,0,1,1,1,1785455989
2026-07-31T00:11:36Z,941,5,0,18,2,0,1,1,1,1785455293
2026-07-31T00:11:36Z,942,13,1,8,0,0,1,1,1,1785456615
2026-07-31T00:11:36Z,943,9,8,6,0,0,1,1,1,1785456685
2026-07-31T00:11:36Z,944,9,8,6,0,0,1,1,1,1785456475
2026-07-31T00:11:36Z,945,10,8,5,0,0,1,1,1,1785455983
2026-07-31T00:11:36Z,946,7,5,12,0,0,1,1,1,1785424152
2026-07-31T00:11:36Z,947,7,5,10,0,0,1,1,1,1785456485
2026-07-31T00:11:36Z,948,3,3,24,4,0,1,1,1,1785456526
2026-07-31T00:11:36Z,949,0,0,15,0,0,1,1,1,1785456598
2026-07-31T00:11:36Z,950,1,0,15,1,0,1,1,1,1785456595
2026-07-31T00:11:36Z,951,8,1,15,0,0,1,1,1,1785456638
2026-07-31T00:11:36Z,952,32,1,21,2,0,1,1,1,1785456635
2026-07-31T00:11:36Z,953,13,1,2,0,0,1,1,1,1785456556
2026-07-31T00:11:36Z,954,16,1,3,0,0,1,1,1,1785456574
2026-07-31T00:11:36Z,955,0,0,22,5,0,1,1,1,1785455498
2026-07-31T00:11:36Z,956,18,0,4,1,0,1,1,1,1785456496
2026-07-31T00:11:36Z,957,20,2,8,1,0,1,1,1,1785456643
2026-07-31T00:11:36Z,958,10,0,20,1,0,1,1,1,1785456692
2026-07-31T00:11:36Z,959,11,2,11,1,0,1,1,1,1785456381
2026-07-31T00:11:36Z,960,20,8,2,1,0,1,1,1,1785456668
2026-07-31T00:11:36Z,961,1,0,19,3,0,1,1,1,1785456614
2026-07-31T00:11:36Z,962,5,1,27,3,0,1,1,1,1785455516
2026-07-31T00:11:36Z,963,14,1,8,1,0,1,1,1,1785456592
2026-07-31T00:11:36Z,964,9,6,13,1,0,1,1,1,1785456283
2026-07-31T00:11:36Z,965,2,1,24,1,0,1,1,1,1785456590
2026-07-31T00:11:36Z,966,18,0,13,0,0,1,1,1,1785455649
2026-07-31T00:11:36Z,967,19,1,1,1,0,1,1,1,1785456678
2026-07-31T00:11:36Z,968,5,3,14,0,0,1,1,1,1785456602
2026-07-31T00:11:36Z,969,7,7,18,2,0,1,1,1,1785456548
2026-07-31T00:11:36Z,970,9,2,9,1,0,1,1,1,1785455706
2026-07-31T00:11:36Z,971,17,0,5,1,0,1,1,1,1785456688
2026-07-31T00:11:36Z,972,8,0,14,1,0,1,1,1,1785456445
2026-07-31T00:11:36Z,973,10,8,12,1,0,1,1,1,1785455875
2026-07-31T00:11:36Z,974,10,0,17,0,0,1,1,1,1785456413
2026-07-31T00:11:36Z,977,3,2,15,3,0,1,1,1,1785456690
2026-07-31T00:11:36Z,978,12,2,9,2,0,1,1,1,1785456535
2026-07-31T00:11:36Z,979,0,0,17,0,0,1,1,1,1785455502
2026-07-31T00:11:36Z,980,3,0,17,1,0,1,1,1,1785456373
2026-07-31T00:11:36Z,981,4,0,15,2,0,1,1,1,1785456167
2026-07-31T00:11:36Z,982,3,1,14,2,0,1,1,1,1785456494
2026-07-31T00:11:36Z,983,2,2,20,1,0,1,1,1,1785455059
2026-07-31T00:11:36Z,984,5,0,18,0,0,1,1,1,1785455953
2026-07-31T00:11:36Z,985,21,0,10,0,0,1,1,1,1785456491
2026-07-31T00:11:36Z,986,2,1,17,0,0,1,1,1,1785456491
2026-07-31T00:11:36Z,987,5,0,17,1,0,1,1,1,1785455180
2026-07-31T00:11:36Z,988,6,2,12,1,0,1,1,1,1785456683
2026-07-31T00:11:36Z,989,8,4,11,0,0,1,1,1,1785455629
2026-07-31T00:11:36Z,990,13,1,0,2,0,1,1,1,1785454908
2026-07-31T00:11:36Z,991,8,1,10,1,0,1,1,1,1785456323
2026-07-31T00:11:36Z,992,8,6,14,1,0,1,1,1,1785455370
2026-07-31T00:11:36Z,993,3,0,24,0,0,1,1,1,1785456629
2026-07-31T00:11:36Z,994,1,1,20,0,0,1,1,1,1785456335
2026-07-31T00:11:36Z,995,7,0,20,0,0,1,1,1,1785456603
2026-07-31T00:11:36Z,996,9,1,14,0,0,1,1,1,1785456424
2026-07-31T00:11:36Z,997,11,4,10,2,0,1,1,1,1785456646
2026-07-31T00:11:36Z,998,3,0,19,1,0,1,1,1,1785454930
2026-07-31T00:11:36Z,999,4,2,15,1,1,1,1,1,1785456535
2026-07-31T00:11:36Z,1000,2,0,19,0,0,1,1,1,1785456120
2026-07-31T00:11:36Z,1001,1,0,26,0,0,1,1,1,1785454926
2026-07-31T00:11:36Z,1002,0,0,27,4,0,1,1,1,1785455771
2026-07-31T00:11:36Z,1003,0,0,23,0,0,1,1,1,1785456403
2026-07-31T00:11:36Z,1004,5,0,18,0,0,1,1,1,1785456117
2026-07-31T00:11:36Z,1005,20,1,3,0,0,1,1,1,1785456588
2026-07-31T00:11:36Z,1006,7,4,11,1,0,1,1,1,1785456445
2026-07-31T00:11:36Z,1007,4,1,17,0,0,1,1,1,1785456073
2026-07-31T00:11:36Z,1008,6,5,15,2,0,1,1,1,1785455542
2026-07-31T00:11:36Z,1009,21,4,8,2,0,1,1,1,1785455427
2026-07-31T00:11:36Z,1010,7,2,20,0,0,1,1,1,1785456229
2026-07-31T00:11:36Z,1011,6,1,11,2,0,1,1,1,1785455487
2026-07-31T00:11:36Z,1012,4,3,18,1,0,1,1,1,1785456354
2026-07-31T00:11:36Z,1013,5,1,17,1,0,1,1,1,1785455164
2026-07-31T00:11:36Z,1014,8,3,13,2,0,1,1,1,1785455046
2026-07-31T00:11:36Z,1015,5,4,25,1,0,1,1,1,1785455258
2026-07-31T00:11:36Z,1016,10,5,21,0,0,1,1,1,1785456144
2026-07-31T00:11:36Z,1017,14,5,7,0,0,1,1,1,1785455768
2026-07-31T00:11:36Z,1018,8,2,14,0,0,1,1,1,1785456444
2026-07-31T00:11:36Z,1019,7,5,8,0,0,1,1,1,1785456422
2026-07-31T00:11:36Z,1020,17,3,4,0,0,1,1,1,1785455645
2026-07-31T00:11:36Z,1021,8,3,6,1,0,1,1,1,1785455415
2026-07-31T00:11:36Z,1022,14,0,13,0,0,1,1,1,1785456504
2026-07-31T00:11:36Z,1023,12,1,10,1,0,1,1,1,1785456171
2026-07-31T00:11:36Z,1024,6,3,13,0,0,1,1,1,1785456087
2026-07-31T00:11:36Z,1025,4,1,14,0,1,1,1,1,1785456463
2026-07-31T00:11:36Z,1026,8,4,18,5,0,1,1,1,1785455483
2026-07-31T00:11:36Z,1028,2,0,20,1,0,1,1,1,1785456536
2026-07-31T00:11:36Z,1029,10,9,5,0,0,1,1,1,1785455699
2026-07-31T00:11:36Z,1030,13,5,10,0,0,1,1,1,1785455387
2026-07-31T00:11:36Z,1031,11,0,8,0,0,1,1,1,1785455803
2026-07-31T00:11:36Z,1032,7,1,12,0,0,1,1,1,1785456458
2026-07-31T00:11:36Z,1033,8,5,10,1,0,1,1,1,1785455448
2026-07-31T00:11:36Z,1034,1,0,14,0,0,1,1,1,1785456508
2026-07-31T00:11:36Z,1035,3,0,15,1,0,1,1,1,1785456478
2026-07-31T00:11:36Z,1036,15,1,0,0,0,1,1,1,1785455264
2026-07-31T00:11:36Z,1037,5,2,14,0,0,1,1,1,1785456670
2026-07-31T00:11:36Z,1038,4,2,10,1,0,1,1,1,1785456683
2026-07-31T00:11:36Z,1039,3,2,16,0,0,1,1,1,1785456613
2026-07-31T00:11:36Z,1040,8,4,10,1,0,1,1,1,1785456488
2026-07-31T00:11:36Z,1041,9,2,10,0,0,1,1,1,1785456372
2026-07-31T00:11:36Z,1042,10,0,3,2,0,1,1,1,1785456561
2026-07-31T00:11:36Z,1043,10,1,7,2,0,1,1,1,1785456529
2026-07-31T00:11:36Z,1044,2,1,13,0,0,1,1,1,1785456260
2026-07-31T00:11:36Z,1045,10,0,9,0,0,1,1,1,1785456447
2026-07-31T00:11:36Z,1046,8,0,7,0,0,1,1,1,1785455887
2026-07-31T00:11:36Z,1047,1,0,20,0,0,1,1,1,1785456158
2026-07-31T00:11:36Z,1048,5,1,14,0,0,1,1,1,1785456425
2026-07-31T00:11:36Z,1049,2,0,19,0,0,1,1,1,1785456449
2026-07-31T00:11:36Z,1050,16,5,4,1,0,1,1,1,1785455397
2026-07-31T00:11:36Z,1051,6,3,14,1,0,1,1,1,1785455898
2026-07-31T00:11:36Z,1052,19,2,3,0,0,1,1,1,1785456615
2026-07-31T00:11:36Z,1053,1,1,14,0,0,1,1,1,1785456382
2026-07-31T00:11:36Z,1054,14,1,1,0,0,1,1,1,1785456627
2026-07-31T00:11:36Z,1055,6,1,13,0,0,1,1,1,1785456585
2026-07-31T00:11:36Z,1057,9,1,10,0,0,1,1,1,1785456626
2026-07-31T00:11:36Z,1058,53,2,0,3,0,1,1,1,1785456640
2026-07-31T00:11:36Z,1059,3,0,14,2,0,1,1,1,1785456517
2026-07-31T00:11:36Z,1060,10,0,27,0,0,1,1,1,1785456657
2026-07-31T00:11:36Z,1061,6,0,31,0,0,1,1,1,1785456429
2026-07-31T00:11:36Z,1062,6,0,11,0,0,1,1,1,1785456575
2026-07-31T00:11:36Z,1063,13,2,5,1,0,1,1,1,1785456505
2026-07-31T00:11:36Z,1064,6,2,16,1,0,1,1,1,1785454953
2026-07-31T00:11:36Z,1065,15,3,8,0,0,1,1,1,1785455220
2026-07-31T00:11:36Z,1066,10,1,13,0,0,1,1,1,1785455050
2026-07-31T00:11:36Z,1067,7,1,15,1,0,1,1,1,1785455314
2026-07-31T00:11:36Z,1068,8,2,13,2,0,1,1,1,1785456584
2026-07-31T00:11:36Z,1069,12,3,11,0,0,1,1,1,1785456673
2026-07-31T00:11:36Z,1070,11,2,12,0,0,1,1,1,1785454945
2026-07-31T00:11:36Z,1071,7,4,16,0,0,1,1,1,1785454988
2026-07-31T00:11:36Z,1072,11,1,11,1,0,1,1,1,1785455287
2026-07-31T00:11:36Z,1073,14,3,12,1,0,1,1,1,1785456558
2026-07-31T00:11:36Z,1074,51,0,2,0,0,1,1,1,1785456656
2026-07-31T00:11:36Z,1075,9,8,12,0,0,1,1,1,1785456481
2026-07-31T00:11:36Z,1076,13,11,8,0,0,1,1,1,1785455604
2026-07-31T00:11:36Z,1077,8,5,13,0,0,1,1,1,1785456384
2026-07-31T00:11:36Z,1078,13,10,8,0,0,1,1,1,1785455650
2026-07-31T00:11:36Z,1079,12,9,9,0,0,1,1,1,1785456292
2026-07-31T00:11:36Z,1080,9,7,11,1,0,1,1,1,1785455069
2026-07-31T00:11:36Z,1081,14,9,5,0,0,1,1,1,1785456132
2026-07-31T00:11:36Z,1082,4,4,4,0,0,1,1,1,1785455091
2026-07-31T00:11:36Z,1083,12,10,9,0,0,1,1,1,1785456538
2026-07-31T00:11:36Z,1084,8,7,13,0,0,1,1,1,1785456175
2026-07-31T00:11:36Z,1085,10,10,11,0,0,1,1,1,1785455756
2026-07-31T00:11:36Z,1086,7,7,13,1,0,1,1,1,1785456483
2026-07-31T00:11:36Z,1087,10,9,5,0,0,1,1,1,1785455762
2026-07-31T00:11:36Z,1088,10,7,5,0,0,1,1,1,1785456511
2026-07-31T00:11:36Z,1089,6,4,9,0,0,1,1,1,1785455075
2026-07-31T00:11:36Z,1090,8,7,7,0,0,1,1,1,1785455593
2026-07-31T00:11:36Z,1091,10,5,5,0,0,1,1,1,1785455886
2026-07-31T00:11:36Z,1092,9,9,5,1,0,1,1,1,1785455049
2026-07-31T00:11:36Z,1093,7,6,8,0,0,1,1,1,1785455421
2026-07-31T00:11:36Z,1094,10,8,8,1,0,1,1,1,1785456463
2026-07-31T00:11:36Z,1095,9,8,6,0,0,1,1,1,1785455387
2026-07-31T00:11:36Z,1096,6,3,12,1,0,1,1,1,1785455008
2026-07-31T00:11:36Z,1097,8,8,7,0,0,1,1,1,1785455233
2026-07-31T00:11:36Z,1098,9,7,10,0,0,1,1,1,1785455545
2026-07-31T00:11:36Z,1099,7,6,8,0,0,1,1,1,1785456297
2026-07-31T00:11:36Z,1100,5,1,24,0,0,1,1,1,1785452920
2026-07-31T00:11:36Z,1101,10,5,11,0,0,1,1,1,1785456162
2026-07-31T00:11:36Z,1102,9,4,4,0,0,1,1,1,1785456692
2026-07-31T00:11:36Z,1103,11,5,10,0,0,1,1,1,1785435100
2026-07-31T00:11:36Z,1104,10,5,11,0,0,1,1,1,1785455912
2026-07-31T00:11:36Z,1105,7,3,6,0,0,1,1,1,1785455413
2026-07-31T00:11:36Z,1106,13,7,8,0,0,1,1,1,1785456246
2026-07-31T00:11:36Z,1107,9,5,6,0,0,1,1,1,1785456600
2026-07-31T00:11:36Z,1108,8,3,16,3,0,1,1,1,1785455164
2026-07-31T00:11:36Z,1109,5,3,10,0,0,1,1,1,1785456563
2026-07-31T00:11:36Z,1110,7,0,14,0,0,1,1,1,1785456581
2026-07-31T00:11:36Z,1111,2,0,19,0,0,1,1,1,1785456279
2026-07-31T00:11:36Z,1112,53,0,0,0,0,1,1,1,1785456661
2026-07-31T00:11:36Z,1113,1,1,20,0,0,1,1,1,1785456693
2026-07-31T00:11:36Z,1115,20,7,2,1,0,1,1,1,1785455934
2026-07-31T00:11:36Z,1116,4,1,15,0,0,1,1,1,1785456475
2026-07-31T00:11:36Z,1117,3,0,20,0,0,1,1,1,1785456543
2026-07-31T00:11:36Z,1118,19,1,1,1,0,1,1,1,1785456564
2026-07-31T00:11:36Z,1119,13,2,4,0,0,1,1,1,1785455692
2026-07-31T00:11:36Z,1120,18,3,0,1,0,1,1,1,1785456693
2026-07-31T00:11:36Z,1121,5,5,15,1,0,1,1,1,1785456361
2026-07-31T00:11:36Z,1122,12,10,8,1,0,1,1,1,1785456665
2026-07-31T00:11:36Z,1123,3,0,18,2,0,1,1,1,1785456504
2026-07-31T00:11:36Z,1124,9,0,1,5,0,1,1,1,1785456284
2026-07-31T00:11:36Z,1125,15,0,8,0,0,1,1,1,1785456651
2026-07-31T00:11:36Z,1126,8,4,11,2,0,1,1,1,1785456368
2026-07-31T00:11:36Z,1127,5,2,14,0,0,1,1,1,1785456628
2026-07-31T00:11:36Z,1128,11,0,3,1,0,1,1,1,1785456507
2026-07-31T00:11:36Z,1129,0,0,21,0,0,1,1,1,1785456301
2026-07-31T00:11:36Z,1130,12,2,3,0,0,1,1,1,1785456484
2026-07-31T00:11:36Z,1131,0,0,48,1,0,1,1,1,1785455929
2026-07-31T00:11:36Z,1132,13,5,7,1,0,1,1,1,1785456190
2026-07-31T00:11:36Z,1133,9,5,10,2,0,1,1,1,1785456481
2026-07-31T00:11:36Z,1134,11,6,8,0,0,1,1,1,1785455155
2026-07-31T00:11:36Z,1135,10,5,11,0,0,1,1,1,1785456055
2026-07-31T00:11:36Z,1136,11,0,12,0,0,1,1,1,1785456618
2026-07-31T00:11:36Z,1137,7,0,8,0,0,1,1,1,1785456429
2026-07-31T00:11:36Z,1138,7,0,12,0,0,1,1,1,1785456440
2026-07-31T00:11:36Z,1139,11,2,8,2,0,1,1,1,1785456255
2026-07-31T00:11:36Z,1140,18,3,4,1,0,1,1,1,1785456095
2026-07-31T00:11:36Z,1141,1,1,20,0,0,1,1,1,1785456592
2026-07-31T00:11:36Z,1142,21,1,0,0,0,1,1,1,1785456136
2026-07-31T00:11:36Z,1143,24,0,5,0,0,1,1,1,1785456646
2026-07-31T00:11:36Z,1144,8,4,11,2,0,1,1,1,1785456682
2026-07-31T00:11:36Z,1145,12,6,8,1,0,1,1,1,1785455013
2026-07-31T00:11:36Z,1146,12,11,5,2,0,1,1,1,1785456688
2026-07-31T00:11:36Z,1147,4,0,15,0,0,1,1,1,1785456642
2026-07-31T00:11:36Z,1148,3,2,28,0,0,1,1,1,1785456620
2026-07-31T00:11:36Z,1149,5,4,16,4,0,1,1,1,1785456204
2026-07-31T00:11:36Z,1150,2,0,17,0,0,1,1,1,1785456554
2026-07-31T00:11:36Z,1151,0,0,21,0,0,1,1,1,1785455294
2026-07-31T00:11:36Z,1152,3,0,26,0,0,1,1,1,1785456590
2026-07-31T00:11:36Z,1153,9,0,12,2,0,1,1,1,1785456275
2026-07-31T00:11:36Z,1154,13,1,6,0,0,1,1,1,1785455940
2026-07-31T00:11:36Z,1155,16,9,4,1,0,1,1,1,1785456440
2026-07-31T00:11:36Z,1158,3,0,16,0,0,1,1,1,1785456369
2026-07-31T00:11:36Z,1159,11,0,8,0,0,1,1,1,1785454906
2026-07-31T00:11:36Z,1160,9,1,9,1,0,1,1,1,1785456261
2026-07-31T00:11:36Z,1161,5,1,13,1,0,1,1,1,1785455035
2026-07-31T00:11:36Z,1162,0,0,19,0,0,1,1,1,1785455292
2026-07-31T00:11:36Z,1163,1,1,17,1,0,1,1,1,1785456488
2026-07-31T00:11:36Z,1164,4,1,15,0,0,1,1,1,1785456547
2026-07-31T00:11:36Z,1165,8,1,13,0,0,1,1,1,1785455448
2026-07-31T00:11:36Z,1166,9,4,12,0,0,1,1,1,1785456515
2026-07-31T00:11:36Z,1167,4,0,11,0,0,1,1,1,1785456288
2026-07-31T00:11:36Z,1168,1,0,22,0,0,1,1,1,1785456062
2026-07-31T00:11:36Z,1169,3,0,15,1,0,1,1,1,1785456393
2026-07-31T00:11:36Z,1170,6,0,14,1,0,1,1,1,1785454928
2026-07-31T00:11:36Z,1171,6,6,16,1,0,1,1,1,1785456385
2026-07-31T00:11:36Z,1172,7,2,6,2,0,1,1,1,1785456680
2026-07-31T00:11:36Z,1173,10,3,9,0,0,1,1,1,1785456631
2026-07-31T00:11:36Z,1174,5,2,9,1,0,1,1,1,1785456370
2026-07-31T00:11:36Z,1175,6,3,13,0,0,1,1,1,1785452066
2026-07-31T00:11:36Z,1176,18,1,3,0,0,1,1,1,1785455825
2026-07-31T00:11:36Z,1177,3,1,18,0,0,1,1,1,1785455748
2026-07-31T00:11:36Z,1178,1,0,14,0,0,1,1,1,1785456358
2026-07-31T00:11:36Z,1181,13,0,1,1,0,1,1,1,1785455640
2026-07-31T00:11:36Z,1182,12,5,7,1,0,1,1,1,1785456687
2026-07-31T00:11:36Z,1183,5,2,38,2,0,1,1,1,1785456592
2026-07-31T00:11:36Z,1184,2,2,18,1,0,1,1,1,1785456529
2026-07-31T00:11:36Z,1185,10,5,11,0,0,1,1,1,1785455983
2026-07-31T00:11:36Z,1186,9,5,10,0,0,1,1,1,1785455085
2026-07-31T00:11:36Z,1187,11,6,9,1,0,1,1,1,1785455537
2026-07-31T00:11:36Z,1188,9,3,6,0,0,1,1,1,1785456610
2026-07-31T00:11:36Z,1189,10,5,9,0,0,1,1,1,1785456656
2026-07-31T00:11:36Z,1190,10,5,11,0,0,1,1,1,1785456032
2026-07-31T00:11:36Z,1191,10,5,5,0,0,1,1,1,1785456618
2026-07-31T00:11:36Z,1192,11,7,10,0,0,1,1,1,1785456400
2026-07-31T00:11:36Z,1193,6,4,5,2,0,1,1,1,1785455704
2026-07-31T00:11:36Z,1197,7,4,9,1,0,1,1,1,1785455830
2026-07-31T00:11:36Z,1198,14,4,5,2,0,1,1,1,1785455111
2026-07-31T00:11:36Z,1199,2,0,17,0,0,1,1,1,1785455145
2026-07-31T00:11:36Z,1200,10,5,5,0,0,1,1,1,1785456655
2026-07-31T00:11:36Z,1201,9,4,6,0,0,1,1,1,1785456632
2026-07-31T00:11:36Z,1202,10,5,5,0,0,1,1,1,1785454913
2026-07-31T00:11:36Z,1203,10,5,5,0,0,1,1,1,1785456622
2026-07-31T00:11:36Z,1204,7,3,11,1,0,1,1,1,1785456337
2026-07-31T00:11:36Z,1206,11,5,10,0,0,1,1,1,1785455538
2026-07-31T00:11:36Z,1207,10,5,5,0,0,1,1,1,1785455128
2026-07-31T00:11:36Z,1208,7,2,11,1,0,1,1,1,1785455003
2026-07-31T00:11:36Z,1216,7,0,13,1,0,1,1,1,1785455775
2026-07-31T00:11:36Z,1218,5,0,16,0,0,1,1,1,1785456170
2026-07-31T00:11:36Z,1219,7,2,7,1,0,1,1,1,1785456084
2026-07-31T00:11:36Z,1220,13,7,5,1,0,1,1,1,1785455880
2026-07-31T00:11:36Z,1221,2,2,19,0,0,1,1,1,1785455478
2026-07-31T00:11:36Z,1222,20,0,9,0,0,1,1,1,1785456337
2026-07-31T00:11:36Z,1223,18,1,9,2,0,1,1,1,1785456127
2026-07-31T00:11:36Z,1226,0,0,3,0,0,0,1,1,1781868931
2026-07-31T00:11:36Z,1227,15,2,10,0,0,1,1,1,1785456368
2026-07-31T00:11:36Z,1228,0,0,29,0,0,1,1,1,1785455562
2026-07-31T00:11:36Z,1229,38,0,6,1,0,1,1,1,1785456672
2026-07-31T00:16:35Z,1,2,1,21,0,0,1,1,1,1785456903
2026-07-31T00:16:35Z,2,25,0,0,2,0,1,1,1,1785456922
2026-07-31T00:16:35Z,3,6,1,7,1,0,1,1,1,1785456917
2026-07-31T00:16:35Z,4,21,1,0,1,0,1,1,1,1785456637
2026-07-31T00:16:35Z,5,8,3,15,0,0,1,1,1,1785456282
2026-07-31T00:16:35Z,6,7,0,8,0,0,1,1,1,1785456832
2026-07-31T00:16:35Z,7,6,0,33,0,0,1,1,1,1785456422
2026-07-31T00:16:35Z,8,3,0,40,0,0,1,1,1,1785455298
2026-07-31T00:16:35Z,9,12,1,9,2,0,1,1,1,1785456862
2026-07-31T00:16:35Z,10,2,1,19,2,0,1,1,1,1785456733
2026-07-31T00:16:35Z,11,8,1,10,1,0,1,1,1,1785456579
2026-07-31T00:16:35Z,12,12,1,11,0,0,1,1,1,1785456383
2026-07-31T00:16:35Z,13,18,2,12,0,0,1,1,1,1785456969
2026-07-31T00:16:35Z,14,33,1,9,0,1,1,1,1,1785456905
2026-07-31T00:16:35Z,15,14,0,1,0,0,1,1,1,1785456524
2026-07-31T00:16:35Z,16,6,0,18,2,1,1,1,1,1785456843
2026-07-31T00:16:35Z,17,14,0,12,1,0,1,1,1,1785456983
2026-07-31T00:16:35Z,18,12,0,4,2,0,1,1,1,1785456724
2026-07-31T00:16:35Z,19,8,2,18,1,0,1,1,1,1785456767
2026-07-31T00:16:35Z,20,22,1,13,0,0,1,1,1,1785456855
2026-07-31T00:16:35Z,21,8,1,11,0,0,1,1,1,1785456981
2026-07-31T00:16:35Z,22,23,1,41,1,0,1,1,1,1785456982
2026-07-31T00:16:35Z,23,26,2,5,0,0,1,1,1,1785456846
2026-07-31T00:16:35Z,24,10,2,0,1,0,1,1,1,1785456980
2026-07-31T00:16:35Z,25,74,2,3,4,0,1,1,1,1785456954
2026-07-31T00:16:35Z,26,7,0,20,0,0,1,1,1,1785456754
2026-07-31T00:16:35Z,28,1,0,14,0,0,1,1,1,1785456908
2026-07-31T00:16:35Z,30,8,0,18,3,0,1,1,1,1785456797
2026-07-31T00:16:35Z,31,1,0,16,2,0,1,1,1,1785456936
2026-07-31T00:16:35Z,32,23,5,4,0,0,1,1,1,1785456551
2026-07-31T00:16:35Z,34,23,1,14,0,0,1,1,1,1785456947
2026-07-31T00:16:35Z,35,47,0,0,0,0,1,1,1,1785456936
2026-07-31T00:16:35Z,36,0,0,0,0,0,0,1,1,86400
2026-07-31T00:16:35Z,37,19,0,4,0,0,1,1,1,1785456836
2026-07-31T00:16:35Z,38,1,0,22,0,0,1,1,1,1785456933
2026-07-31T00:16:35Z,39,19,0,20,0,0,1,1,1,1785456839
2026-07-31T00:16:35Z,40,7,1,12,2,0,1,1,1,1785456983
2026-07-31T00:16:35Z,41,11,0,31,1,0,1,1,1,1785456891
2026-07-31T00:16:35Z,42,20,4,11,0,0,1,1,1,1785456380
2026-07-31T00:16:35Z,43,3,0,20,0,0,1,1,1,1785456772
2026-07-31T00:16:35Z,45,6,3,22,1,0,1,1,1,1785456637
2026-07-31T00:16:35Z,46,7,0,24,0,0,1,1,1,1785456860
2026-07-31T00:16:35Z,47,13,2,1,1,0,1,1,1,1785454697
2026-07-31T00:16:35Z,48,11,2,16,0,0,1,1,1,1785456866
2026-07-31T00:16:35Z,49,1,0,18,4,0,1,1,1,1785456982
2026-07-31T00:16:35Z,50,2,0,17,0,0,1,1,1,1785456857
2026-07-31T00:16:35Z,51,34,0,43,0,0,1,1,1,1785456904
2026-07-31T00:16:35Z,52,6,0,18,3,0,1,1,1,1785456981
2026-07-31T00:16:35Z,55,0,0,23,0,0,1,1,1,1785456194
2026-07-31T00:16:35Z,56,3,1,40,0,0,1,1,1,1785456919
2026-07-31T00:16:35Z,57,13,2,14,0,0,1,1,1,1785456487
2026-07-31T00:16:35Z,58,4,4,24,0,0,1,1,1,1785454203
2026-07-31T00:16:35Z,59,0,0,25,2,0,1,1,1,1785456984
2026-07-31T00:16:35Z,61,23,0,15,1,0,1,1,1,1785456933
2026-07-31T00:16:35Z,62,21,15,27,1,0,1,1,1,1785456505
2026-07-31T00:16:35Z,63,1,0,18,0,0,1,1,1,1785456919
2026-07-31T00:16:35Z,64,15,1,0,4,0,1,1,1,1785456742
2026-07-31T00:16:35Z,65,13,5,5,1,0,1,1,1,1785456857
2026-07-31T00:16:35Z,67,2,0,37,0,0,1,1,1,1785456906
2026-07-31T00:16:35Z,68,6,1,31,0,0,1,1,1,1785456881
2026-07-31T00:16:35Z,69,6,2,6,3,0,1,1,1,1785456972
2026-07-31T00:16:35Z,71,0,0,26,1,0,1,1,1,1785456775
2026-07-31T00:16:35Z,72,11,5,19,1,0,1,1,1,1785456932
2026-07-31T00:16:35Z,73,6,2,25,0,0,1,1,1,1785456945
2026-07-31T00:16:35Z,74,5,1,14,0,0,1,1,1,1785456979
2026-07-31T00:16:35Z,75,0,0,30,2,0,1,1,1,1785456645
2026-07-31T00:16:35Z,76,1,0,17,1,0,1,1,1,1785456977
2026-07-31T00:16:35Z,77,6,0,20,1,0,1,1,1,1785456958
2026-07-31T00:16:35Z,78,0,0,23,0,0,1,1,1,1785455010
2026-07-31T00:16:35Z,79,1,0,14,2,0,1,1,1,1785456920
2026-07-31T00:16:35Z,80,18,0,2,3,0,1,1,1,1785456933
2026-07-31T00:16:35Z,81,12,0,19,0,0,1,1,1,1785456602
2026-07-31T00:16:35Z,82,1,1,22,0,0,1,1,1,1785456840
2026-07-31T00:16:35Z,83,12,3,21,1,0,1,1,1,1785456828
2026-07-31T00:16:35Z,84,8,4,19,0,0,1,1,1,1785456755
2026-07-31T00:16:35Z,85,6,2,9,0,0,1,1,1,1785456849
2026-07-31T00:16:35Z,86,1,1,25,1,0,1,1,1,1785456753
2026-07-31T00:16:35Z,87,2,0,17,0,0,1,1,1,1785455009
2026-07-31T00:16:35Z,88,1,0,41,1,0,1,1,1,1785456984
2026-07-31T00:16:35Z,89,35,0,0,0,0,1,1,1,1785456716
2026-07-31T00:16:35Z,90,11,1,6,1,0,1,1,1,1785456561
2026-07-31T00:16:35Z,91,12,3,5,0,0,1,1,1,1785456963
2026-07-31T00:16:35Z,92,5,0,12,2,0,1,1,1,1785456736
2026-07-31T00:16:35Z,93,21,2,2,0,0,1,1,1,1785456979
2026-07-31T00:16:35Z,94,5,0,13,1,0,1,1,1,1785456733
2026-07-31T00:16:35Z,95,13,2,19,2,1,1,1,1,1785456974
2026-07-31T00:16:35Z,96,2,0,28,1,0,1,1,1,1785456655
2026-07-31T00:16:35Z,97,16,0,0,1,0,1,1,1,1785456876
2026-07-31T00:16:35Z,98,16,7,19,0,0,1,1,1,1785456936
2026-07-31T00:16:35Z,99,12,1,3,0,0,1,1,1,1785456975
2026-07-31T00:16:35Z,100,27,1,0,0,0,1,1,1,1785456103
2026-07-31T00:16:35Z,101,14,0,0,1,0,1,1,1,1785455267
2026-07-31T00:16:35Z,102,22,2,1,0,0,1,1,1,1785456116
2026-07-31T00:16:35Z,103,28,2,0,2,0,1,1,1,1785456616
2026-07-31T00:16:35Z,104,23,0,2,2,0,1,1,1,1785456977
2026-07-31T00:16:35Z,105,15,0,4,0,0,1,1,1,1785456805
2026-07-31T00:16:35Z,106,5,0,16,0,0,1,1,1,1785456971
2026-07-31T00:16:35Z,107,36,0,1,0,0,1,1,1,1785455651
2026-07-31T00:16:35Z,108,24,0,10,1,0,1,1,1,1785456910
2026-07-31T00:16:35Z,109,21,1,2,0,0,1,1,1,1785456950
2026-07-31T00:16:35Z,110,8,0,15,0,0,1,1,1,1785456600
2026-07-31T00:16:35Z,111,6,0,30,0,0,1,1,1,1785456976
2026-07-31T00:16:35Z,112,13,0,1,1,0,1,1,1,1785456823
2026-07-31T00:16:35Z,113,18,2,0,1,0,1,1,1,1785456983
2026-07-31T00:16:35Z,114,1,1,28,1,1,1,1,1,1785456891
2026-07-31T00:16:35Z,115,2,2,23,3,0,1,1,1,1785456210
2026-07-31T00:16:35Z,116,7,7,20,0,0,1,1,1,1785456813
2026-07-31T00:16:35Z,118,20,12,0,3,0,1,1,1,1785456465
2026-07-31T00:16:35Z,119,5,1,31,2,0,1,1,1,1785456671
2026-07-31T00:16:35Z,120,7,4,19,1,0,1,1,1,1785456232
2026-07-31T00:16:35Z,121,5,0,13,0,1,1,1,1,1785456822
2026-07-31T00:16:35Z,122,14,0,6,1,0,1,1,1,1785456673
2026-07-31T00:16:35Z,123,11,1,36,0,0,1,1,1,1785456955
2026-07-31T00:16:35Z,124,24,12,10,1,0,1,1,1,1785456910
2026-07-31T00:16:35Z,125,1,1,22,0,0,1,1,1,1785456937
2026-07-31T00:16:35Z,126,11,2,20,0,0,1,1,1,1785456972
2026-07-31T00:16:35Z,127,4,4,30,1,0,1,1,1,1785456920
2026-07-31T00:16:35Z,128,9,6,9,1,0,1,1,1,1785456398
2026-07-31T00:16:35Z,129,9,1,9,1,0,1,1,1,1785456602
2026-07-31T00:16:35Z,130,2,0,15,0,0,1,1,1,1785456635
2026-07-31T00:16:35Z,131,5,3,4,2,0,1,1,1,1785456847
2026-07-31T00:16:35Z,132,1,0,13,0,1,1,1,1,1785456025
2026-07-31T00:16:35Z,134,4,3,17,2,0,1,1,1,1785456900
2026-07-31T00:16:35Z,135,1,1,18,0,0,1,1,1,1785456926
2026-07-31T00:16:35Z,136,18,3,5,0,0,1,1,1,1785456784
2026-07-31T00:16:35Z,137,7,7,12,0,0,1,1,1,1785456236
2026-07-31T00:16:35Z,138,24,4,12,1,0,1,1,1,1785456819
2026-07-31T00:16:35Z,139,8,4,9,2,0,1,1,1,1785456886
2026-07-31T00:16:35Z,140,6,3,14,3,0,1,1,1,1785456981
2026-07-31T00:16:35Z,141,13,7,22,1,0,1,1,1,1785456980
2026-07-31T00:16:35Z,142,12,3,11,0,0,1,1,1,1785456908
2026-07-31T00:16:35Z,143,16,5,15,0,0,1,1,1,1785456951
2026-07-31T00:16:35Z,144,20,1,7,0,0,1,1,1,1785456949
2026-07-31T00:16:35Z,145,22,5,5,2,0,1,1,1,1785456983
2026-07-31T00:16:35Z,146,14,1,8,1,0,1,1,1,1785456769
2026-07-31T00:16:35Z,147,0,0,17,2,0,1,1,1,1785456982
2026-07-31T00:16:35Z,148,4,2,22,1,0,1,1,1,1785456832
2026-07-31T00:16:35Z,149,0,0,27,0,0,1,1,1,1785456512
2026-07-31T00:16:35Z,150,23,7,10,2,0,1,1,1,1785456948
2026-07-31T00:16:35Z,151,8,1,14,1,0,1,1,1,1785456977
2026-07-31T00:16:35Z,152,18,2,6,3,0,1,1,1,1785456885
2026-07-31T00:16:35Z,153,1,0,0,29,1,1,1,1,1785456886
2026-07-31T00:16:35Z,154,17,2,3,3,0,1,1,1,1785456779
2026-07-31T00:16:35Z,155,13,4,0,1,0,1,1,1,1785456909
2026-07-31T00:16:35Z,156,16,1,3,0,0,1,1,1,1785456888
2026-07-31T00:16:35Z,157,6,4,19,2,0,1,1,1,1785456868
2026-07-31T00:16:35Z,158,0,0,16,0,0,1,1,1,1785456615
2026-07-31T00:16:35Z,159,5,1,13,1,0,1,1,1,1785456887
2026-07-31T00:16:35Z,160,6,3,13,0,0,1,1,1,1785456580
2026-07-31T00:16:35Z,161,19,1,3,0,0,1,1,1,1785456948
2026-07-31T00:16:35Z,162,6,6,18,3,0,1,1,1,1785456910
2026-07-31T00:16:35Z,163,8,0,22,0,1,1,1,1,1785456842
2026-07-31T00:16:35Z,164,19,2,8,0,0,1,1,1,1785456884
2026-07-31T00:16:35Z,165,28,7,2,1,0,1,1,1,1785456971
2026-07-31T00:16:35Z,166,27,7,9,3,0,1,1,1,1785456974
2026-07-31T00:16:35Z,167,11,5,11,1,0,1,1,1,1785456928
2026-07-31T00:16:35Z,168,2,2,22,3,0,1,1,1,1785456864
2026-07-31T00:16:35Z,169,20,7,2,0,1,1,1,1,1785456976
2026-07-31T00:16:35Z,170,1,1,17,1,0,1,1,1,1785456569
2026-07-31T00:16:35Z,171,6,1,5,2,0,1,1,1,1785456784
2026-07-31T00:16:35Z,173,37,5,2,0,0,1,1,1,1785456982
2026-07-31T00:16:35Z,174,11,1,12,3,0,1,1,1,1785456509
2026-07-31T00:16:35Z,175,29,0,1,1,0,1,1,1,1785456714
2026-07-31T00:16:35Z,176,13,2,0,1,1,1,1,1,1785456856
2026-07-31T00:16:35Z,177,24,9,3,0,0,1,1,1,1785456884
2026-07-31T00:16:35Z,178,12,5,0,2,1,1,1,1,1785456981
2026-07-31T00:16:35Z,179,8,2,6,1,0,1,1,1,1785456896
2026-07-31T00:16:35Z,180,22,1,8,0,0,1,1,1,1785456847
2026-07-31T00:16:35Z,181,5,2,9,1,0,1,1,1,1785456921
2026-07-31T00:16:35Z,182,6,3,11,0,0,1,1,1,1785456977
2026-07-31T00:16:35Z,183,14,3,9,0,0,1,1,1,1785456960
2026-07-31T00:16:35Z,184,7,3,15,1,0,1,1,1,1785456969
2026-07-31T00:16:35Z,185,5,0,8,1,1,1,1,1,1785455936
2026-07-31T00:16:35Z,186,9,1,10,0,0,1,1,1,1785456889
2026-07-31T00:16:35Z,187,27,3,0,1,0,1,1,1,1785456301
2026-07-31T00:16:35Z,188,19,0,0,8,0,1,1,1,1785456876
2026-07-31T00:16:35Z,189,1,0,14,0,0,1,1,1,1785454630
2026-07-31T00:16:35Z,190,9,6,14,0,0,1,1,1,1785456862
2026-07-31T00:16:35Z,191,0,0,39,0,0,1,1,1,1785456817
2026-07-31T00:16:35Z,192,7,2,21,3,0,1,1,1,1785456543
2026-07-31T00:16:35Z,193,12,5,0,3,0,1,1,1,1785456925
2026-07-31T00:16:35Z,194,4,0,22,1,0,1,1,1,1785456973
2026-07-31T00:16:35Z,195,4,3,15,0,0,1,1,1,1785456575
2026-07-31T00:16:35Z,196,14,5,10,3,0,1,1,1,1785456923
2026-07-31T00:16:35Z,197,0,0,18,0,1,1,1,1,1785456445
2026-07-31T00:16:35Z,198,14,14,9,0,0,1,1,1,1785456919
2026-07-31T00:16:35Z,199,12,12,1,2,0,1,1,1,1785456594
2026-07-31T00:16:35Z,200,21,8,5,0,0,1,1,1,1785456949
2026-07-31T00:16:35Z,201,1,0,22,0,0,1,1,1,1785456421
2026-07-31T00:16:35Z,202,23,1,4,0,0,1,1,1,1785456909
2026-07-31T00:16:35Z,203,17,0,13,1,0,1,1,1,1785456957
2026-07-31T00:16:35Z,204,14,1,19,2,0,1,1,1,1785456907
2026-07-31T00:16:35Z,205,9,1,18,0,0,1,1,1,1785456125
2026-07-31T00:16:35Z,206,11,10,2,2,0,1,1,1,1785456805
2026-07-31T00:16:35Z,207,16,0,5,0,0,1,1,1,1785456526
2026-07-31T00:16:35Z,208,1,0,28,0,0,1,1,1,1785456363
2026-07-31T00:16:35Z,209,19,3,10,2,0,1,1,1,1785456983
2026-07-31T00:16:35Z,210,0,0,26,1,0,1,1,1,1785456837
2026-07-31T00:16:35Z,211,3,3,19,1,0,1,1,1,1785456490
2026-07-31T00:16:35Z,212,28,2,6,1,0,1,1,1,1785456833
2026-07-31T00:16:35Z,213,22,2,0,1,0,1,1,1,1785456718
2026-07-31T00:16:35Z,214,22,14,17,8,0,1,1,1,1785456970
2026-07-31T00:16:35Z,215,1,1,22,0,0,1,1,1,1785456457
2026-07-31T00:16:35Z,216,8,0,10,1,0,1,1,1,1785456490
2026-07-31T00:16:35Z,217,25,0,3,1,0,1,1,1,1785456976
2026-07-31T00:16:35Z,218,8,8,27,4,0,1,1,1,1785456891
2026-07-31T00:16:35Z,219,25,0,0,1,0,1,1,1,1785456704
2026-07-31T00:16:35Z,220,19,19,21,2,1,1,1,1,1785456850
2026-07-31T00:16:35Z,221,11,9,3,1,0,1,1,1,1785456864
2026-07-31T00:16:35Z,222,14,10,4,1,0,1,1,1,1785456979
2026-07-31T00:16:35Z,223,5,1,28,2,0,1,1,1,1785456927
2026-07-31T00:16:35Z,224,15,14,5,2,0,1,1,1,1785456939
2026-07-31T00:16:35Z,225,12,0,3,4,0,1,1,1,1785456972
2026-07-31T00:16:35Z,226,21,7,10,0,0,1,1,1,1785456967
2026-07-31T00:16:35Z,227,9,9,16,1,1,1,1,1,1785456954
2026-07-31T00:16:35Z,228,15,11,4,0,0,1,1,1,1785456725
2026-07-31T00:16:35Z,230,22,3,4,0,0,1,1,1,1785456685
2026-07-31T00:16:35Z,232,6,2,10,1,0,1,1,1,1785456693
2026-07-31T00:16:35Z,233,7,3,23,1,0,1,1,1,1785456867
2026-07-31T00:16:35Z,234,5,3,9,4,1,1,1,1,1785456723
2026-07-31T00:16:35Z,236,1,0,17,1,0,1,1,1,1785456968
2026-07-31T00:16:35Z,237,7,0,15,1,0,1,1,1,1785456384
2026-07-31T00:16:35Z,239,17,12,8,2,0,1,1,1,1785456979
2026-07-31T00:16:35Z,241,8,3,15,0,0,1,1,1,1785456806
2026-07-31T00:16:35Z,242,0,0,22,1,0,1,1,1,1785456899
2026-07-31T00:16:35Z,243,13,6,16,2,0,1,1,1,1785456803
2026-07-31T00:16:35Z,244,4,4,22,1,0,1,1,1,1785456894
2026-07-31T00:16:35Z,245,16,13,5,2,0,1,1,1,1785456493
2026-07-31T00:16:35Z,246,3,0,20,0,0,1,1,1,1785456557
2026-07-31T00:16:35Z,247,19,10,4,0,0,1,1,1,1785456855
2026-07-31T00:16:35Z,248,0,0,20,3,0,1,1,1,1785456524
2026-07-31T00:16:35Z,249,4,4,15,0,0,1,1,1,1785456922
2026-07-31T00:16:35Z,250,2,1,23,2,0,1,1,1,1785456981
2026-07-31T00:16:35Z,251,15,10,9,3,0,1,1,1,1785456930
2026-07-31T00:16:35Z,253,5,4,12,2,0,1,1,1,1785456335
2026-07-31T00:16:35Z,254,18,11,24,1,0,1,1,1,1785456453
2026-07-31T00:16:35Z,255,1,0,21,0,1,1,1,1,1785456902
2026-07-31T00:16:35Z,256,12,6,10,1,0,1,1,1,1785456856
2026-07-31T00:16:35Z,257,10,7,8,1,0,1,1,1,1785456661
2026-07-31T00:16:35Z,258,13,11,5,1,0,1,1,1,1785456734
2026-07-31T00:16:35Z,259,16,1,6,0,1,1,1,1,1785456652
2026-07-31T00:16:35Z,260,5,1,13,1,0,1,1,1,1785456971
2026-07-31T00:16:35Z,261,12,0,6,0,1,1,1,1,1785456715
2026-07-31T00:16:35Z,262,13,2,10,0,0,1,1,1,1785456644
2026-07-31T00:16:35Z,263,9,5,6,0,0,1,1,1,1785456840
2026-07-31T00:16:35Z,264,8,0,10,1,0,1,1,1,1785456912
2026-07-31T00:16:35Z,265,10,2,5,0,0,1,1,1,1785456865
2026-07-31T00:16:35Z,266,10,5,9,0,0,1,1,1,1785456755
2026-07-31T00:16:35Z,267,4,0,9,2,0,1,1,1,1785456188
2026-07-31T00:16:35Z,268,15,6,8,0,0,1,1,1,1785454374
2026-07-31T00:16:35Z,269,7,1,16,0,0,1,1,1,1785456219
2026-07-31T00:16:35Z,270,23,1,3,1,0,1,1,1,1785456457
2026-07-31T00:16:35Z,271,1,1,16,2,0,1,1,1,1785456792
2026-07-31T00:16:35Z,272,11,9,12,0,0,1,1,1,1785456898
2026-07-31T00:16:35Z,273,5,3,10,0,0,1,1,1,1785456423
2026-07-31T00:16:35Z,274,8,2,11,0,0,1,1,1,1785456181
2026-07-31T00:16:35Z,275,4,0,19,0,0,1,1,1,1785456877
2026-07-31T00:16:35Z,276,1,0,26,0,0,1,1,1,1785456169
2026-07-31T00:16:35Z,277,0,0,19,4,0,1,1,1,1785455960
2026-07-31T00:16:35Z,278,2,2,27,1,1,1,1,1,1785456898
2026-07-31T00:16:35Z,279,6,6,13,0,0,1,1,1,1785456570
2026-07-31T00:16:35Z,280,4,0,25,2,0,1,1,1,1785456980
2026-07-31T00:16:35Z,281,19,1,0,0,0,1,1,1,1785455600
2026-07-31T00:16:35Z,282,1,0,16,1,0,1,1,1,1785454029
2026-07-31T00:16:35Z,283,17,0,18,0,0,1,1,1,1785456975
2026-07-31T00:16:35Z,284,18,2,15,2,0,1,1,1,1785456832
2026-07-31T00:16:35Z,285,4,1,19,0,0,1,1,1,1785456652
2026-07-31T00:16:35Z,286,16,9,5,2,0,1,1,1,1785456834
2026-07-31T00:16:35Z,287,13,0,8,2,0,1,1,1,1785456065
2026-07-31T00:16:35Z,288,6,4,12,1,0,1,1,1,1785456307
2026-07-31T00:16:35Z,289,10,3,15,2,0,1,1,1,1785456962
2026-07-31T00:16:35Z,290,23,0,15,1,0,1,1,1,1785456707
2026-07-31T00:16:35Z,291,7,0,15,1,0,1,1,1,1785456973
2026-07-31T00:16:35Z,292,2,2,21,0,0,1,1,1,1785456922
2026-07-31T00:16:35Z,293,12,8,11,0,0,1,1,1,1785455731
2026-07-31T00:16:35Z,294,14,5,4,4,0,1,1,1,1785456207
2026-07-31T00:16:35Z,297,10,1,6,2,1,1,1,1,1785456956
2026-07-31T00:16:35Z,301,16,0,2,1,0,1,1,1,1785456479
2026-07-31T00:16:35Z,302,9,0,13,1,0,1,1,1,1785456319
2026-07-31T00:16:35Z,303,4,0,15,0,0,1,1,1,1785456537
2026-07-31T00:16:35Z,304,0,0,0,0,0,0,1,1,86400
2026-07-31T00:16:35Z,305,17,0,1,1,0,1,1,1,1785456973
2026-07-31T00:16:35Z,306,7,0,25,0,0,1,1,1,1785456651
2026-07-31T00:16:35Z,307,17,3,6,0,0,1,1,1,1785456576
2026-07-31T00:16:35Z,308,8,0,8,3,0,1,1,1,1785456599
2026-07-31T00:16:35Z,309,4,0,9,1,0,1,1,1,1785456904
2026-07-31T00:16:35Z,311,5,0,10,0,0,1,1,1,1785456618
2026-07-31T00:16:35Z,312,1,1,18,3,1,1,1,1,1785456824
2026-07-31T00:16:35Z,313,5,0,10,0,0,1,1,1,1785456889
2026-07-31T00:16:35Z,314,5,4,10,3,0,1,1,1,1785456835
2026-07-31T00:16:35Z,315,26,13,2,3,0,1,1,1,1785456922
2026-07-31T00:16:35Z,316,12,0,12,6,1,1,1,1,1785456837
2026-07-31T00:16:35Z,317,0,0,29,1,1,1,1,1,1785456962
2026-07-31T00:16:35Z,318,13,0,6,0,0,1,1,1,1785456267
2026-07-31T00:16:35Z,319,6,1,16,1,0,1,1,1,1785456977
2026-07-31T00:16:35Z,320,2,0,16,1,0,1,1,1,1785455409
2026-07-31T00:16:35Z,321,9,0,8,2,0,1,1,1,1785456753
2026-07-31T00:16:35Z,322,4,0,23,2,0,1,1,1,1785456723
2026-07-31T00:16:35Z,323,11,0,8,0,0,1,1,1,1785456556
2026-07-31T00:16:35Z,324,7,0,18,2,0,1,1,1,1785456983
2026-07-31T00:16:35Z,325,5,0,20,2,0,1,1,1,1785456769
2026-07-31T00:16:35Z,327,24,2,3,0,0,1,1,1,1785456873
2026-07-31T00:16:35Z,328,21,1,0,1,0,1,1,1,1785456159
2026-07-31T00:16:35Z,329,8,1,11,0,0,1,1,1,1785456953
2026-07-31T00:16:35Z,330,15,2,7,0,0,1,1,1,1785456974
2026-07-31T00:16:35Z,331,18,1,4,1,0,1,1,1,1785456954
2026-07-31T00:16:35Z,332,6,2,12,1,0,1,1,1,1785456911
2026-07-31T00:16:35Z,333,12,5,10,1,0,1,1,1,1785456721
2026-07-31T00:16:35Z,334,11,0,12,0,0,1,1,1,1785456958
2026-07-31T00:16:35Z,335,1,0,20,1,1,1,1,1,1785456929
2026-07-31T00:16:35Z,336,6,1,13,0,0,1,1,1,1785456541
2026-07-31T00:16:35Z,337,11,0,8,4,0,1,1,1,1785456980
2026-07-31T00:16:35Z,338,5,4,14,0,0,1,1,1,1785456820
2026-07-31T00:16:35Z,339,7,2,16,0,0,1,1,1,1785456980
2026-07-31T00:16:35Z,340,0,0,14,1,0,1,1,1,1785456734
2026-07-31T00:16:35Z,341,7,1,12,0,0,1,1,1,1785456971
2026-07-31T00:16:35Z,342,6,5,8,1,0,1,1,1,1785456845
2026-07-31T00:16:35Z,343,4,2,18,1,0,1,1,1,1785456743
2026-07-31T00:16:35Z,344,14,5,9,0,0,1,1,1,1785456122
2026-07-31T00:16:35Z,345,18,3,1,0,0,1,1,1,1785456953
2026-07-31T00:16:35Z,346,3,2,20,0,0,1,1,1,1785456139
2026-07-31T00:16:35Z,347,33,9,7,4,0,1,1,1,1785456982
2026-07-31T00:16:35Z,348,1,0,21,0,1,1,1,1,1785456956
2026-07-31T00:16:35Z,349,3,0,15,1,0,1,1,1,1785456939
2026-07-31T00:16:35Z,350,13,1,11,2,1,1,1,1,1785456802
2026-07-31T00:16:35Z,351,7,1,13,3,0,1,1,1,1785456975
2026-07-31T00:16:35Z,355,3,1,20,0,0,1,1,1,1785456960
2026-07-31T00:16:35Z,356,12,1,7,0,0,1,1,1,1785456497
2026-07-31T00:16:35Z,357,2,2,17,0,0,1,1,1,1785456881
2026-07-31T00:16:35Z,358,8,0,19,0,0,1,1,1,1785456889
2026-07-31T00:16:35Z,359,24,1,2,1,0,1,1,1,1785455785
2026-07-31T00:16:35Z,360,6,4,13,0,0,1,1,1,1785455886
2026-07-31T00:16:35Z,362,4,3,14,1,0,1,1,1,1785456895
2026-07-31T00:16:35Z,363,12,0,15,0,0,1,1,1,1785456968
2026-07-31T00:16:35Z,364,7,2,12,0,0,1,1,1,1785456607
2026-07-31T00:16:35Z,365,1,1,19,3,0,1,1,1,1785456897
2026-07-31T00:16:35Z,366,9,3,10,4,0,1,1,1,1785456712
2026-07-31T00:16:35Z,367,15,8,2,2,0,1,1,1,1785456624
2026-07-31T00:16:35Z,368,6,4,16,1,0,1,1,1,1785456835
2026-07-31T00:16:35Z,370,3,3,24,0,0,1,1,1,1785456174
2026-07-31T00:16:35Z,371,8,4,10,1,0,1,1,1,1785456067
2026-07-31T00:16:35Z,372,5,0,10,0,0,1,1,1,1785456818
2026-07-31T00:16:35Z,373,15,6,12,0,0,1,1,1,1785456947
2026-07-31T00:16:35Z,374,5,3,11,3,0,1,1,1,1785456939
2026-07-31T00:16:35Z,375,16,0,6,5,0,1,1,1,1785456955
2026-07-31T00:16:35Z,376,27,2,9,3,0,1,1,1,1785456959
2026-07-31T00:16:35Z,377,3,0,20,4,0,1,1,1,1785456953
2026-07-31T00:16:35Z,378,13,3,9,1,1,1,1,1,1785456873
2026-07-31T00:16:35Z,379,15,0,12,0,0,1,1,1,1785456635
2026-07-31T00:16:35Z,380,6,3,17,0,0,1,1,1,1785456891
2026-07-31T00:16:35Z,381,22,1,1,0,0,1,1,1,1785456875
2026-07-31T00:16:35Z,383,13,1,0,2,0,1,1,1,1785456246
2026-07-31T00:16:35Z,384,24,2,2,1,0,1,1,1,1785456433
2026-07-31T00:16:35Z,385,1,0,15,2,0,1,1,1,1785456430
2026-07-31T00:16:35Z,387,5,1,18,0,0,1,1,1,1785456809
2026-07-31T00:16:35Z,388,10,1,37,2,0,1,1,1,1785456246
2026-07-31T00:16:35Z,389,4,4,11,0,0,1,1,1,1785456661
2026-07-31T00:16:35Z,390,22,2,13,0,0,1,1,1,1785456947
2026-07-31T00:16:35Z,391,6,1,9,0,0,1,1,1,1785456737
2026-07-31T00:16:35Z,392,2,1,16,1,0,1,1,1,1785456824
2026-07-31T00:16:35Z,393,1,0,8,2,0,1,1,1,1785456803
2026-07-31T00:16:35Z,394,0,0,11,2,0,1,1,1,1785454721
2026-07-31T00:16:35Z,396,14,13,25,3,0,1,1,1,1785456974
2026-07-31T00:16:35Z,397,2,2,29,0,0,1,1,1,1785456763
2026-07-31T00:16:35Z,399,6,0,9,2,0,1,1,1,1785456814
2026-07-31T00:16:35Z,400,11,6,10,2,0,1,1,1,1785456534
2026-07-31T00:16:35Z,401,2,1,29,8,0,1,1,1,1785455816
2026-07-31T00:16:35Z,403,7,1,22,2,0,1,1,1,1785456982
2026-07-31T00:16:35Z,404,4,3,19,0,0,1,1,1,1785456702
2026-07-31T00:16:35Z,406,31,1,3,1,0,1,1,1,1785456835
2026-07-31T00:16:35Z,407,9,0,24,1,0,1,1,1,1785456965
2026-07-31T00:16:35Z,408,1,1,32,0,0,1,1,1,1785456977
2026-07-31T00:16:35Z,409,16,2,2,5,0,1,1,1,1785456435
2026-07-31T00:16:35Z,413,7,2,15,1,0,1,1,1,1785456767
2026-07-31T00:16:35Z,414,13,2,1,1,0,1,1,1,1785456750
2026-07-31T00:16:35Z,417,6,5,13,0,0,1,1,1,1785456861
2026-07-31T00:16:35Z,418,0,0,14,1,0,1,1,1,1785456376
2026-07-31T00:16:35Z,419,12,0,10,1,0,1,1,1,1785456812
2026-07-31T00:16:35Z,421,16,1,3,0,0,1,1,1,1785456834
2026-07-31T00:16:35Z,422,8,4,19,0,0,1,1,1,1785456963
2026-07-31T00:16:35Z,423,4,0,18,1,0,1,1,1,1785456867
2026-07-31T00:16:35Z,424,1,0,11,3,0,1,1,1,1785456943
2026-07-31T00:16:35Z,425,5,2,16,0,1,1,1,1,1785456889
2026-07-31T00:16:35Z,426,13,0,22,2,0,1,1,1,1785456874
2026-07-31T00:16:35Z,427,2,0,12,1,0,1,1,1,1785456761
2026-07-31T00:16:35Z,428,14,4,4,1,0,1,1,1,1785456914
2026-07-31T00:16:35Z,429,5,1,14,4,0,1,1,1,1785456834
2026-07-31T00:16:35Z,430,5,1,25,1,0,1,1,1,1785456973
2026-07-31T00:16:35Z,431,12,2,18,3,0,1,1,1,1785456952
2026-07-31T00:16:35Z,432,3,1,27,1,0,1,1,1,1785456717
2026-07-31T00:16:35Z,433,9,2,13,1,0,1,1,1,1785456956
2026-07-31T00:16:35Z,437,14,4,4,1,0,1,1,1,1785456909
2026-07-31T00:16:35Z,438,1,0,17,1,0,1,1,1,1785456896
2026-07-31T00:16:35Z,439,9,1,6,0,0,1,1,1,1785456780
2026-07-31T00:16:35Z,440,2,1,11,2,0,1,1,1,1785456974
2026-07-31T00:16:35Z,441,0,0,15,0,0,1,1,1,1785455928
2026-07-31T00:16:35Z,442,10,4,8,1,0,1,1,1,1785456722
2026-07-31T00:16:35Z,443,3,0,24,0,0,1,1,1,1785456698
2026-07-31T00:16:35Z,444,2,1,21,0,0,1,1,1,1785455134
2026-07-31T00:16:35Z,445,7,2,15,1,0,1,1,1,1785456706
2026-07-31T00:16:35Z,446,1,0,20,2,0,1,1,1,1785456519
2026-07-31T00:16:35Z,447,1,0,20,1,1,1,1,1,1785441257
2026-07-31T00:16:35Z,448,10,2,3,1,1,1,1,1,1785456684
2026-07-31T00:16:35Z,452,5,3,13,1,0,1,1,1,1785456843
2026-07-31T00:16:35Z,453,5,0,9,1,0,1,1,1,1785455934
2026-07-31T00:16:35Z,454,1,0,18,0,0,1,1,1,1785456768
2026-07-31T00:16:35Z,455,3,0,36,0,0,1,1,1,1785456667
2026-07-31T00:16:35Z,456,17,6,2,1,0,1,1,1,1785456928
2026-07-31T00:16:35Z,457,0,0,25,2,0,1,1,1,1785456885
2026-07-31T00:16:35Z,458,7,4,15,1,0,1,1,1,1785456479
2026-07-31T00:16:35Z,459,9,0,6,0,0,1,1,1,1785456631
2026-07-31T00:16:35Z,460,12,2,10,1,0,1,1,1,1785456814
2026-07-31T00:16:35Z,461,6,1,11,2,0,1,1,1,1785456905
2026-07-31T00:16:35Z,462,2,1,19,0,0,1,1,1,1785456455
2026-07-31T00:16:35Z,463,8,2,11,0,0,1,1,1,1785456523
2026-07-31T00:16:35Z,464,1,0,13,0,0,1,1,1,1785456155
2026-07-31T00:16:35Z,465,3,3,12,0,0,1,1,1,1785456983
2026-07-31T00:16:35Z,466,8,3,6,1,0,1,1,1,1785456800
2026-07-31T00:16:35Z,467,3,0,16,0,0,1,1,1,1785456597
2026-07-31T00:16:35Z,468,16,1,3,0,0,1,1,1,1785456599
2026-07-31T00:16:35Z,469,2,0,20,1,0,1,1,1,1785456820
2026-07-31T00:16:35Z,470,8,0,6,1,0,1,1,1,1785456716
2026-07-31T00:16:35Z,471,21,1,6,0,0,1,1,1,1785456564
2026-07-31T00:16:35Z,472,9,3,9,1,0,1,1,1,1785456764
2026-07-31T00:16:35Z,473,5,3,12,2,0,1,1,1,1785456508
2026-07-31T00:16:35Z,474,10,1,7,2,0,1,1,1,1785456200
2026-07-31T00:16:35Z,475,1,0,18,0,0,1,1,1,1785455940
2026-07-31T00:16:35Z,477,6,1,9,0,0,1,1,1,1785456242
2026-07-31T00:16:35Z,478,30,0,0,1,0,1,1,1,1785456926
2026-07-31T00:16:35Z,479,7,0,19,1,0,1,1,1,1785456790
2026-07-31T00:16:35Z,480,4,1,9,2,0,1,1,1,1785456057
2026-07-31T00:16:35Z,481,16,0,17,2,0,1,1,1,1785456973
2026-07-31T00:16:35Z,482,2,0,17,0,0,1,1,1,1785456908
2026-07-31T00:16:35Z,483,11,2,14,2,0,1,1,1,1785456972
2026-07-31T00:16:35Z,484,3,0,16,0,0,1,1,1,1785456077
2026-07-31T00:16:35Z,485,8,6,8,2,1,1,1,1,1785456837
2026-07-31T00:16:35Z,486,3,0,22,2,0,1,1,1,1785456715
2026-07-31T00:16:35Z,487,3,1,15,1,0,1,1,1,1785456598
2026-07-31T00:16:35Z,489,5,3,10,0,0,1,1,1,1785456965
2026-07-31T00:16:35Z,490,4,1,12,0,0,1,1,1,1785456773
2026-07-31T00:16:35Z,491,19,2,2,0,0,1,1,1,1785453065
2026-07-31T00:16:35Z,492,3,3,5,3,0,1,1,1,1785456979
2026-07-31T00:16:35Z,493,1,0,25,1,0,1,1,1,1785455445
2026-07-31T00:16:35Z,495,11,3,3,1,0,1,1,1,1785456976
2026-07-31T00:16:35Z,496,18,1,7,2,0,1,1,1,1785456948
2026-07-31T00:16:35Z,497,2,2,16,1,0,1,1,1,1785455097
2026-07-31T00:16:35Z,498,5,4,18,0,0,1,1,1,1785456932
2026-07-31T00:16:35Z,499,7,2,12,0,0,1,1,1,1785455318
2026-07-31T00:16:35Z,500,5,5,6,4,0,1,1,1,1785456712
2026-07-31T00:16:35Z,501,1,0,19,1,0,1,1,1,1785456589
2026-07-31T00:16:35Z,502,1,0,18,0,0,1,1,1,1785455864
2026-07-31T00:16:35Z,503,22,0,8,1,0,1,1,1,1785456619
2026-07-31T00:16:35Z,504,16,2,22,1,0,1,1,1,1785456853
2026-07-31T00:16:35Z,505,4,1,7,1,0,1,1,1,1785456924
2026-07-31T00:16:35Z,511,0,0,23,0,0,1,1,1,1785456292
2026-07-31T00:16:35Z,512,5,0,22,0,0,1,1,1,1785456560
2026-07-31T00:16:35Z,514,9,1,0,2,0,1,1,1,1785456975
2026-07-31T00:16:35Z,515,5,0,14,0,0,1,1,1,1785455381
2026-07-31T00:16:35Z,516,1,0,26,0,0,1,1,1,1785454843
2026-07-31T00:16:35Z,517,6,0,16,1,0,1,1,1,1785456465
2026-07-31T00:16:35Z,518,12,3,2,1,0,1,1,1,1785456621
2026-07-31T00:16:35Z,519,3,2,15,1,0,1,1,1,1785456090
2026-07-31T00:16:35Z,520,9,3,13,4,1,1,1,1,1785456983
2026-07-31T00:16:35Z,521,2,2,21,0,0,1,1,1,1785456957
2026-07-31T00:16:35Z,522,23,0,0,0,0,1,1,1,1785455936
2026-07-31T00:16:35Z,523,3,1,19,1,0,1,1,1,1785456187
2026-07-31T00:16:35Z,524,23,2,0,0,0,1,1,1,1785456855
2026-07-31T00:16:35Z,525,11,0,8,0,0,1,1,1,1785456219
2026-07-31T00:16:35Z,526,12,2,2,1,0,1,1,1,1785456769
2026-07-31T00:16:35Z,527,0,0,23,3,0,1,1,1,1785456959
2026-07-31T00:16:35Z,528,14,0,8,1,0,1,1,1,1785456675
2026-07-31T00:16:35Z,529,1,0,13,5,0,1,1,1,1785456975
2026-07-31T00:16:35Z,530,2,0,18,1,0,1,1,1,1785456729
2026-07-31T00:16:35Z,531,8,1,14,0,1,1,1,1,1785456970
2026-07-31T00:16:35Z,532,4,3,25,1,1,1,1,1,1785456410
2026-07-31T00:16:35Z,533,8,1,9,2,0,1,1,1,1785456872
2026-07-31T00:16:35Z,534,0,0,23,0,0,1,1,1,1785455222
2026-07-31T00:16:35Z,535,1,1,13,1,0,1,1,1,1785455811
2026-07-31T00:16:35Z,536,0,0,23,0,0,1,1,1,1785456518
2026-07-31T00:16:35Z,537,18,2,2,0,0,1,1,1,1785456900
2026-07-31T00:16:35Z,538,4,0,16,1,2,1,1,1,1785456949
2026-07-31T00:16:35Z,539,5,5,26,0,0,1,1,1,1785455381
2026-07-31T00:16:35Z,540,1,1,18,0,0,1,1,1,1785456568
2026-07-31T00:16:35Z,541,13,3,13,1,0,1,1,1,1785456968
2026-07-31T00:16:35Z,542,0,0,23,0,0,1,1,1,1785456936
2026-07-31T00:16:35Z,543,6,0,13,0,0,1,1,1,1785456959
2026-07-31T00:16:35Z,544,12,2,6,4,0,1,1,1,1785456877
2026-07-31T00:16:35Z,545,9,0,4,6,0,1,1,1,1785456951
2026-07-31T00:16:35Z,546,0,0,19,0,0,1,1,1,1785456974
2026-07-31T00:16:35Z,547,1,0,24,0,0,1,1,1,1785456796
2026-07-31T00:16:35Z,548,15,0,8,0,0,1,1,1,1785456933
2026-07-31T00:16:35Z,549,19,0,3,1,0,1,1,1,1785456927
2026-07-31T00:16:35Z,550,1,1,18,0,0,1,1,1,1785455404
2026-07-31T00:16:35Z,551,12,3,11,0,0,1,1,1,1785455805
2026-07-31T00:16:35Z,552,7,1,20,0,0,1,1,1,1785456929
2026-07-31T00:16:35Z,553,1,1,21,0,1,1,1,1,1785456853
2026-07-31T00:16:35Z,554,1,1,18,0,0,1,1,1,1785455798
2026-07-31T00:16:35Z,555,11,5,3,1,0,1,1,1,1785454850
2026-07-31T00:16:35Z,556,2,1,20,1,0,1,1,1,1785456983
2026-07-31T00:16:35Z,557,1,1,16,6,0,1,1,1,1785456737
2026-07-31T00:16:35Z,558,7,7,26,4,0,1,1,1,1785456969
2026-07-31T00:16:35Z,559,1,0,17,1,0,1,1,1,1785453703
2026-07-31T00:16:35Z,560,11,0,16,0,0,1,1,1,1785456236
2026-07-31T00:16:35Z,561,15,2,7,1,0,1,1,1,1785456286
2026-07-31T00:16:35Z,562,4,0,27,4,0,1,1,1,1785456756
2026-07-31T00:16:35Z,563,13,0,1,0,0,1,1,1,1785456159
2026-07-31T00:16:35Z,564,6,1,12,1,0,1,1,1,1785456194
2026-07-31T00:16:35Z,565,5,0,13,1,0,1,1,1,1785456520
2026-07-31T00:16:35Z,566,15,0,3,1,0,1,1,1,1785456905
2026-07-31T00:16:35Z,567,7,1,19,1,0,1,1,1,1785456497
2026-07-31T00:16:35Z,568,4,0,13,2,0,1,1,1,1785455962
2026-07-31T00:16:35Z,569,14,0,5,0,0,1,1,1,1785456967
2026-07-31T00:16:35Z,570,1,0,18,0,0,1,1,1,1785456900
2026-07-31T00:16:35Z,571,7,0,16,0,0,1,1,1,1785456912
2026-07-31T00:16:35Z,572,15,2,2,2,0,1,1,1,1785456023
2026-07-31T00:16:35Z,573,8,0,7,0,0,1,1,1,1785456885
2026-07-31T00:16:35Z,574,9,2,6,0,0,1,1,1,1785455960
2026-07-31T00:16:35Z,575,6,0,14,1,0,1,1,1,1785456262
2026-07-31T00:16:35Z,576,2,1,17,0,0,1,1,1,1785456564
2026-07-31T00:16:35Z,577,23,0,8,0,0,1,1,1,1785456897
2026-07-31T00:16:35Z,578,17,5,5,1,0,1,1,1,1785456935
2026-07-31T00:16:35Z,579,31,1,12,0,0,1,1,1,1785456943
2026-07-31T00:16:35Z,580,8,0,21,0,0,1,1,1,1785456213
2026-07-31T00:16:35Z,581,15,0,4,0,0,1,1,1,1785456580
2026-07-31T00:16:35Z,582,8,1,51,2,0,1,1,1,1785456956
2026-07-31T00:16:35Z,583,14,0,9,0,0,1,1,1,1785456921
2026-07-31T00:16:35Z,584,1,1,13,5,0,1,1,1,1785456445
2026-07-31T00:16:35Z,585,12,1,13,1,1,1,1,1,1785456715
2026-07-31T00:16:35Z,586,32,2,2,1,0,1,1,1,1785456940
2026-07-31T00:16:35Z,587,23,0,0,1,0,1,1,1,1785456767
2026-07-31T00:16:35Z,588,0,0,15,4,0,1,1,1,1785456763
2026-07-31T00:16:35Z,589,0,0,0,23,0,1,1,1,1785456768
2026-07-31T00:16:35Z,590,6,3,24,1,0,1,1,1,1785456983
2026-07-31T00:16:35Z,591,0,0,28,2,0,1,1,1,1785456644
2026-07-31T00:16:35Z,592,7,1,16,0,0,1,1,1,1785456878
2026-07-31T00:16:35Z,593,9,0,28,1,0,1,1,1,1785456983
2026-07-31T00:16:35Z,594,15,0,6,0,0,1,1,1,1785456423
2026-07-31T00:16:35Z,595,0,0,3,0,0,0,1,1,1784046673
2026-07-31T00:16:35Z,605,0,0,2,1,0,0,1,1,1783975843
2026-07-31T00:16:35Z,606,0,0,0,0,0,0,1,1,86400
2026-07-31T00:16:35Z,607,19,0,12,1,0,1,1,1,1785456955
2026-07-31T00:16:35Z,608,4,4,46,0,0,1,1,1,1785456927
2026-07-31T00:16:35Z,609,2,2,21,0,0,1,1,1,1785456841
2026-07-31T00:16:35Z,610,18,0,17,0,0,1,1,1,1785456743
2026-07-31T00:16:35Z,611,23,0,3,1,0,1,1,1,1785456225
2026-07-31T00:16:35Z,612,7,1,8,0,0,1,1,1,1785455780
2026-07-31T00:16:35Z,613,10,0,1,4,0,1,1,1,1785455457
2026-07-31T00:16:35Z,614,4,4,20,2,1,1,1,1,1785456980
2026-07-31T00:16:35Z,617,5,1,8,2,0,1,1,1,1785456747
2026-07-31T00:16:35Z,618,12,3,3,4,0,1,1,1,1785456760
2026-07-31T00:16:35Z,619,4,4,15,0,0,1,1,1,1785456182
2026-07-31T00:16:35Z,620,8,0,18,1,0,1,1,1,1785456469
2026-07-31T00:16:35Z,621,9,3,13,1,0,1,1,1,1785456913
2026-07-31T00:16:35Z,622,17,10,4,2,0,1,1,1,1785456636
2026-07-31T00:16:35Z,623,6,0,23,1,0,1,1,1,1785456980
2026-07-31T00:16:35Z,624,6,1,9,0,0,1,1,1,1785456845
2026-07-31T00:16:35Z,625,2,0,18,1,0,1,1,1,1785456708
2026-07-31T00:16:35Z,626,5,0,39,1,2,1,1,1,1785456528
2026-07-31T00:16:35Z,627,16,6,3,0,0,1,1,1,1785455294
2026-07-31T00:16:35Z,628,4,4,14,0,1,1,1,1,1785455145
2026-07-31T00:16:35Z,629,8,3,1,2,0,1,1,1,1785456708
2026-07-31T00:16:35Z,630,1,0,23,3,0,1,1,1,1785456798
2026-07-31T00:16:35Z,631,10,0,13,0,0,1,1,1,1785456922
2026-07-31T00:16:35Z,632,22,2,0,1,0,1,1,1,1785455012
2026-07-31T00:16:35Z,633,12,2,0,3,0,1,1,1,1785456858
2026-07-31T00:16:35Z,634,4,1,14,1,0,1,1,1,1785456259
2026-07-31T00:16:35Z,635,11,1,8,0,0,1,1,1,1785455818
2026-07-31T00:16:35Z,636,8,1,6,1,0,1,1,1,1785456459
2026-07-31T00:16:35Z,637,8,1,11,0,0,1,1,1,1785456458
2026-07-31T00:16:35Z,638,8,2,8,3,0,1,1,1,1785455929
2026-07-31T00:16:35Z,639,4,1,13,2,0,1,1,1,1785455668
2026-07-31T00:16:35Z,640,2,2,20,1,0,1,1,1,1785456952
2026-07-31T00:16:35Z,641,3,1,22,1,0,1,1,1,1785456962
2026-07-31T00:16:35Z,642,0,0,11,8,0,1,1,1,1785456980
2026-07-31T00:16:35Z,643,6,0,15,7,0,1,1,1,1785456952
2026-07-31T00:16:35Z,644,7,0,7,1,0,1,1,1,1785456775
2026-07-31T00:16:35Z,645,11,1,11,0,1,1,1,1,1785456688
2026-07-31T00:16:35Z,646,1,0,18,0,0,1,1,1,1785455575
2026-07-31T00:16:35Z,647,1,0,30,0,0,1,1,1,1785456853
2026-07-31T00:16:35Z,648,6,1,11,1,1,1,1,1,1785456764
2026-07-31T00:16:35Z,649,3,2,27,1,0,1,1,1,1785456789
2026-07-31T00:16:35Z,650,4,1,10,0,0,1,1,1,1785453435
2026-07-31T00:16:35Z,651,3,0,20,0,0,1,1,1,1785456980
2026-07-31T00:16:35Z,652,2,0,19,2,0,1,1,1,1785456791
2026-07-31T00:16:35Z,653,1,1,17,1,0,1,1,1,1785455902
2026-07-31T00:16:35Z,654,7,4,7,1,0,1,1,1,1785456905
2026-07-31T00:16:35Z,655,5,2,3,4,1,1,1,1,1785456852
2026-07-31T00:16:35Z,656,12,6,7,0,0,1,1,1,1785456870
2026-07-31T00:16:35Z,657,12,6,2,2,1,1,1,1,1785456778
2026-07-31T00:16:35Z,658,6,0,4,0,0,1,1,1,1785453591
2026-07-31T00:16:35Z,659,10,4,4,1,0,1,1,1,1785455225
2026-07-31T00:16:35Z,660,1,1,27,3,0,1,1,1,1785456947
2026-07-31T00:16:35Z,661,6,1,13,0,0,1,1,1,1785456979
2026-07-31T00:16:35Z,662,7,3,13,3,0,1,1,1,1785455721
2026-07-31T00:16:35Z,663,2,1,12,1,0,1,1,1,1785456628
2026-07-31T00:16:35Z,664,2,1,25,0,0,1,1,1,1785456799
2026-07-31T00:16:35Z,665,9,2,6,0,0,1,1,1,1785455754
2026-07-31T00:16:35Z,666,5,3,8,2,0,1,1,1,1785456224
2026-07-31T00:16:35Z,667,17,1,2,0,0,1,1,1,1785456814
2026-07-31T00:16:35Z,668,14,0,4,1,0,1,1,1,1785456900
2026-07-31T00:16:35Z,669,9,2,5,0,0,1,1,1,1785456624
2026-07-31T00:16:35Z,670,4,2,23,0,0,1,1,1,1785456672
2026-07-31T00:16:35Z,671,18,0,8,1,0,1,1,1,1785456939
2026-07-31T00:16:35Z,672,4,1,15,3,1,1,1,1,1785456954
2026-07-31T00:16:35Z,673,2,1,20,1,0,1,1,1,1785456661
2026-07-31T00:16:35Z,674,4,4,16,3,0,1,1,1,1785456940
2026-07-31T00:16:35Z,675,4,0,9,2,0,1,1,1,1785455777
2026-07-31T00:16:35Z,676,13,2,9,0,0,1,1,1,1785456774
2026-07-31T00:16:35Z,681,1,1,12,2,0,1,1,1,1785456900
2026-07-31T00:16:35Z,682,4,1,14,1,0,1,1,1,1785387864
2026-07-31T00:16:35Z,683,4,1,15,0,0,1,1,1,1785456759
2026-07-31T00:16:35Z,684,2,0,25,0,0,1,1,1,1785456431
2026-07-31T00:16:35Z,685,5,0,20,1,1,1,1,1,1785455460
2026-07-31T00:16:35Z,686,11,0,14,1,1,1,1,1,1785456904
2026-07-31T00:16:35Z,687,13,0,16,1,1,1,1,1,1785456793
2026-07-31T00:16:35Z,688,7,0,5,7,0,1,1,1,1785456982
2026-07-31T00:16:35Z,692,0,0,21,0,0,1,1,1,1785456750
2026-07-31T00:16:35Z,693,7,0,1,3,0,1,1,1,1785456398
2026-07-31T00:16:35Z,694,8,5,12,1,0,1,1,1,1785456064
2026-07-31T00:16:35Z,695,9,5,14,0,0,1,1,1,1785456984
2026-07-31T00:16:35Z,696,17,10,6,0,0,1,1,1,1785456700
2026-07-31T00:16:35Z,697,13,0,10,0,0,1,1,1,1785456948
2026-07-31T00:16:35Z,698,24,2,3,0,0,1,1,1,1785456840
2026-07-31T00:16:35Z,699,6,0,8,1,0,1,1,1,1785456626
2026-07-31T00:16:35Z,700,16,3,3,0,0,1,1,1,1785456704
2026-07-31T00:16:35Z,701,11,3,7,1,0,1,1,1,1785456224
2026-07-31T00:16:35Z,702,1,0,22,0,0,1,1,1,1785456749
2026-07-31T00:16:35Z,704,7,1,8,0,0,1,1,1,1785455588
2026-07-31T00:16:35Z,705,2,2,12,1,0,1,1,1,1785456867
2026-07-31T00:16:35Z,706,9,0,3,3,0,1,1,1,1785456135
2026-07-31T00:16:35Z,707,3,2,10,2,0,1,1,1,1785456833
2026-07-31T00:16:35Z,708,17,0,2,0,0,1,1,1,1785456980
2026-07-31T00:16:35Z,709,9,0,2,4,0,1,1,1,1785456966
2026-07-31T00:16:35Z,710,11,1,8,0,0,1,1,1,1785456783
2026-07-31T00:16:35Z,711,12,4,10,1,0,1,1,1,1785456238
2026-07-31T00:16:35Z,712,7,2,8,0,0,1,1,1,1785456911
2026-07-31T00:16:35Z,713,0,0,23,0,0,1,1,1,1785455388
2026-07-31T00:16:35Z,716,1,1,14,0,0,1,1,1,1785456504
2026-07-31T00:16:35Z,717,2,0,20,3,0,1,1,1,1785456534
2026-07-31T00:16:35Z,718,5,1,9,1,0,1,1,1,1785456396
2026-07-31T00:16:35Z,719,5,1,24,0,0,1,1,1,1785455680
2026-07-31T00:16:35Z,720,2,1,17,0,0,1,1,1,1785456810
2026-07-31T00:16:35Z,721,1,0,20,2,0,1,1,1,1785456787
2026-07-31T00:16:35Z,722,2,0,13,0,0,1,1,1,1785456554
2026-07-31T00:16:35Z,723,12,2,11,0,0,1,1,1,1785456499
2026-07-31T00:16:35Z,724,15,5,8,0,0,1,1,1,1785456469
2026-07-31T00:16:35Z,725,5,0,18,0,0,1,1,1,1785455974
2026-07-31T00:16:35Z,726,8,1,11,0,0,1,1,1,1785456697
2026-07-31T00:16:35Z,727,9,4,12,2,0,1,1,1,1785455662
2026-07-31T00:16:35Z,728,10,1,5,0,0,1,1,1,1785455302
2026-07-31T00:16:35Z,729,19,3,0,0,0,1,1,1,1785456926
2026-07-31T00:16:35Z,730,3,2,10,2,0,1,1,1,1785455891
2026-07-31T00:16:35Z,731,7,1,8,0,0,1,1,1,1785456847
2026-07-31T00:16:35Z,732,2,2,13,0,0,1,1,1,1785456041
2026-07-31T00:16:35Z,733,19,0,6,2,0,1,1,1,1785456750
2026-07-31T00:16:35Z,734,4,1,10,0,0,1,1,1,1785456937
2026-07-31T00:16:35Z,735,0,0,27,0,0,1,1,1,1785456868
2026-07-31T00:16:35Z,736,5,0,14,0,0,1,1,1,1785456347
2026-07-31T00:16:35Z,737,1,0,11,2,1,1,1,1,1785455340
2026-07-31T00:16:35Z,738,4,0,13,2,0,1,1,1,1785456146
2026-07-31T00:16:35Z,739,18,2,8,1,0,1,1,1,1785456721
2026-07-31T00:16:35Z,741,5,1,18,0,0,1,1,1,1785456741
2026-07-31T00:16:35Z,742,16,7,17,2,0,1,1,1,1785456902
2026-07-31T00:16:35Z,743,2,1,16,1,0,1,1,1,1785456969
2026-07-31T00:16:35Z,744,5,1,10,0,0,1,1,1,1785456952
2026-07-31T00:16:35Z,745,14,4,4,1,0,1,1,1,1785455665
2026-07-31T00:16:35Z,746,6,2,14,3,0,1,1,1,1785456923
2026-07-31T00:16:35Z,747,0,0,4,0,0,0,1,1,1783446606
2026-07-31T00:16:35Z,748,10,1,13,0,0,1,1,1,1785456547
2026-07-31T00:16:35Z,749,1,1,22,0,0,1,1,1,1785456792
2026-07-31T00:16:35Z,750,4,3,7,0,0,1,1,1,1785456891
2026-07-31T00:16:35Z,751,7,6,15,1,0,1,1,1,1785456928
2026-07-31T00:16:35Z,752,6,0,10,1,0,1,1,1,1785456668
2026-07-31T00:16:35Z,753,15,2,0,0,0,1,1,1,1785456382
2026-07-31T00:16:35Z,754,2,1,12,1,0,1,1,1,1785456292
2026-07-31T00:16:35Z,755,5,1,17,1,0,1,1,1,1785456678
2026-07-31T00:16:35Z,756,0,0,35,2,0,1,1,1,1785456913
2026-07-31T00:16:35Z,757,3,0,16,0,0,1,1,1,1785456942
2026-07-31T00:16:35Z,758,7,7,16,0,0,1,1,1,1785456921
2026-07-31T00:16:35Z,759,5,3,10,0,0,1,1,1,1785455809
2026-07-31T00:16:35Z,760,6,2,12,1,0,1,1,1,1785456620
2026-07-31T00:16:35Z,761,7,1,16,0,0,1,1,1,1785456876
2026-07-31T00:16:35Z,762,6,4,5,4,0,1,1,1,1785456703
2026-07-31T00:16:35Z,768,9,0,8,2,0,1,1,1,1785455927
2026-07-31T00:16:35Z,769,18,7,1,0,0,1,1,1,1785456970
2026-07-31T00:16:35Z,770,10,2,7,2,0,1,1,1,1785456301
2026-07-31T00:16:35Z,771,13,3,1,1,0,1,1,1,1785456685
2026-07-31T00:16:35Z,772,2,2,12,1,0,1,1,1,1785456464
2026-07-31T00:16:35Z,773,7,4,12,0,0,1,1,1,1785456597
2026-07-31T00:16:35Z,774,0,0,11,4,0,1,1,1,1785456672
2026-07-31T00:16:35Z,775,7,0,10,1,1,1,1,1,1785456579
2026-07-31T00:16:35Z,776,3,1,17,1,0,1,1,1,1785455617
2026-07-31T00:16:35Z,777,9,2,3,3,0,1,1,1,1785456546
2026-07-31T00:16:35Z,778,13,0,3,3,0,1,1,1,1785456704
2026-07-31T00:16:35Z,779,9,1,9,1,0,1,1,1,1785456980
2026-07-31T00:16:35Z,780,9,3,9,1,0,1,1,1,1785456693
2026-07-31T00:16:35Z,781,2,0,7,2,0,1,1,1,1785456677
2026-07-31T00:16:35Z,782,1,0,15,3,0,1,1,1,1785455174
2026-07-31T00:16:35Z,783,4,0,15,0,0,1,1,1,1785456298
2026-07-31T00:16:35Z,784,3,0,15,1,0,1,1,1,1785456843
2026-07-31T00:16:35Z,785,9,0,4,6,0,1,1,1,1785456448
2026-07-31T00:16:35Z,786,8,2,11,0,0,1,1,1,1785456072
2026-07-31T00:16:35Z,787,10,5,3,2,0,1,1,1,1785455756
2026-07-31T00:16:35Z,788,4,0,11,0,0,1,1,1,1785456789
2026-07-31T00:16:35Z,789,5,2,6,4,0,1,1,1,1785455992
2026-07-31T00:16:35Z,790,4,0,19,0,0,1,1,1,1785456878
2026-07-31T00:16:35Z,791,6,0,12,0,1,1,1,1,1785456797
2026-07-31T00:16:35Z,793,4,0,10,1,0,1,1,1,1785455392
2026-07-31T00:16:35Z,794,13,2,15,1,0,1,1,1,1785456137
2026-07-31T00:16:35Z,796,7,4,11,1,0,1,1,1,1785456928
2026-07-31T00:16:35Z,797,1,0,14,0,0,1,1,1,1785456023
2026-07-31T00:16:35Z,798,6,0,18,1,0,1,1,1,1785456677
2026-07-31T00:16:35Z,799,12,4,3,4,0,1,1,1,1785456896
2026-07-31T00:16:35Z,800,11,2,9,1,0,1,1,1,1785456916
2026-07-31T00:16:35Z,801,3,1,17,1,0,1,1,1,1785456972
2026-07-31T00:16:35Z,802,12,1,19,0,0,1,1,1,1785456963
2026-07-31T00:16:35Z,803,0,0,14,1,0,1,1,1,1785456754
2026-07-31T00:16:35Z,806,5,5,7,3,0,1,1,1,1785456957
2026-07-31T00:16:35Z,807,1,1,23,1,0,1,1,1,1785456363
2026-07-31T00:16:35Z,808,3,0,21,1,0,1,1,1,1785454239
2026-07-31T00:16:35Z,809,5,1,17,1,0,1,1,1,1785456874
2026-07-31T00:16:35Z,810,2,0,13,4,0,1,1,1,1785456322
2026-07-31T00:16:35Z,815,10,2,0,4,1,1,1,1,1785456899
2026-07-31T00:16:35Z,817,7,3,8,0,0,1,1,1,1785456467
2026-07-31T00:16:35Z,818,6,0,16,1,0,1,1,1,1785456757
2026-07-31T00:16:35Z,819,6,4,9,0,0,1,1,1,1785455226
2026-07-31T00:16:35Z,820,6,1,11,0,0,1,1,1,1785456219
2026-07-31T00:16:35Z,821,2,2,13,0,0,1,1,1,1785455339
2026-07-31T00:16:35Z,822,17,0,3,3,0,1,1,1,1785456943
2026-07-31T00:16:35Z,823,10,0,4,1,0,1,1,1,1785456939
2026-07-31T00:16:35Z,824,13,5,5,1,0,1,1,1,1785456322
2026-07-31T00:16:35Z,825,11,5,4,0,0,1,1,1,1785447766
2026-07-31T00:16:35Z,826,5,0,12,2,0,1,1,1,1785456351
2026-07-31T00:16:35Z,827,11,5,9,1,0,1,1,1,1785456906
2026-07-31T00:16:35Z,828,9,2,7,2,0,1,1,1,1785456475
2026-07-31T00:16:35Z,829,13,6,14,0,0,1,1,1,1785456180
2026-07-31T00:16:35Z,830,17,0,5,1,0,1,1,1,1785456569
2026-07-31T00:16:35Z,831,4,3,10,1,0,1,1,1,1785456596
2026-07-31T00:16:35Z,832,11,5,4,3,0,1,1,1,1785456609
2026-07-31T00:16:35Z,833,2,2,16,1,0,1,1,1,1785456373
2026-07-31T00:16:35Z,834,7,1,14,3,0,1,1,1,1785456893
2026-07-31T00:16:35Z,835,1,0,15,2,0,1,1,1,1785456930
2026-07-31T00:16:35Z,837,5,1,0,10,0,1,1,1,1785456595
2026-07-31T00:16:35Z,838,14,1,0,1,0,1,1,1,1785456393
2026-07-31T00:16:35Z,839,19,2,10,0,0,1,1,1,1785456626
2026-07-31T00:16:35Z,840,2,0,25,2,0,1,1,1,1785456767
2026-07-31T00:16:35Z,841,8,1,7,0,0,1,1,1,1785456595
2026-07-31T00:16:35Z,842,5,0,18,0,0,1,1,1,1785456288
2026-07-31T00:16:35Z,843,9,0,21,1,0,1,1,1,1785456411
2026-07-31T00:16:35Z,844,5,1,18,0,0,1,1,1,1785456335
2026-07-31T00:16:35Z,845,5,3,12,2,0,1,1,1,1785456698
2026-07-31T00:16:35Z,846,5,1,12,2,0,1,1,1,1785455837
2026-07-31T00:16:35Z,847,4,1,23,0,0,1,1,1,1785455525
2026-07-31T00:16:35Z,848,7,0,11,1,0,1,1,1,1785454449
2026-07-31T00:16:35Z,849,9,2,5,1,0,1,1,1,1785455710
2026-07-31T00:16:35Z,850,9,0,1,1,0,1,1,1,1785456110
2026-07-31T00:16:35Z,851,0,0,35,2,0,1,1,1,1785455617
2026-07-31T00:16:35Z,852,9,3,9,1,0,1,1,1,1785456834
2026-07-31T00:16:35Z,853,8,4,15,0,0,1,1,1,1785455428
2026-07-31T00:16:35Z,854,2,2,13,0,0,1,1,1,1785455581
2026-07-31T00:16:35Z,855,11,1,16,0,0,1,1,1,1785456553
2026-07-31T00:16:35Z,857,2,1,16,1,0,1,1,1,1785456742
2026-07-31T00:16:35Z,858,4,1,14,1,0,1,1,1,1785456979
2026-07-31T00:16:35Z,859,3,0,17,1,0,1,1,1,1785455473
2026-07-31T00:16:35Z,861,8,1,2,1,0,1,1,1,1785455675
2026-07-31T00:16:35Z,862,1,1,14,0,0,1,1,1,1785456618
2026-07-31T00:16:35Z,863,9,0,9,1,0,1,1,1,1785455983
2026-07-31T00:16:35Z,866,6,0,12,1,0,1,1,1,1785456853
2026-07-31T00:16:35Z,867,12,0,3,0,0,1,1,1,1785456240
2026-07-31T00:16:35Z,868,13,2,2,0,0,1,1,1,1785456409
2026-07-31T00:16:35Z,870,7,5,7,1,0,1,1,1,1785456621
2026-07-31T00:16:35Z,871,0,0,10,1,0,1,1,1,1785456046
2026-07-31T00:16:35Z,872,0,0,14,1,0,1,1,1,1785456554
2026-07-31T00:16:35Z,873,0,0,32,1,0,1,1,1,1785456379
2026-07-31T00:16:35Z,874,5,0,7,3,0,1,1,1,1785456732
2026-07-31T00:16:35Z,875,14,10,0,1,0,1,1,1,1785456634
2026-07-31T00:16:35Z,877,12,11,6,1,0,1,1,1,1785456088
2026-07-31T00:16:35Z,878,5,4,13,1,0,1,1,1,1785456674
2026-07-31T00:16:35Z,879,2,0,17,0,0,1,1,1,1785455737
2026-07-31T00:16:35Z,880,2,0,20,1,0,1,1,1,1785456636
2026-07-31T00:16:35Z,881,5,1,14,0,0,1,1,1,1785456533
2026-07-31T00:16:35Z,882,9,0,7,3,0,1,1,1,1785454008
2026-07-31T00:16:35Z,883,10,6,9,0,0,1,1,1,1785456849
2026-07-31T00:16:35Z,884,11,7,10,0,0,1,1,1,1785456063
2026-07-31T00:16:35Z,885,1,0,18,0,0,1,1,1,1785456403
2026-07-31T00:16:35Z,886,2,0,26,1,0,1,1,1,1785456974
2026-07-31T00:16:35Z,887,1,1,13,3,0,1,1,1,1785455360
2026-07-31T00:16:35Z,888,39,1,0,2,0,1,1,1,1785456951
2026-07-31T00:16:35Z,889,9,0,8,2,0,1,1,1,1785456739
2026-07-31T00:16:35Z,890,4,1,10,1,0,1,1,1,1785455867
2026-07-31T00:16:35Z,891,11,0,11,1,0,1,1,1,1785456041
2026-07-31T00:16:35Z,892,12,1,3,0,0,1,1,1,1785456450
2026-07-31T00:16:35Z,895,1,0,17,1,0,1,1,1,1785449127
2026-07-31T00:16:35Z,896,21,2,14,0,0,1,1,1,1785456966
2026-07-31T00:16:35Z,897,10,2,11,0,0,1,1,1,1785456565
2026-07-31T00:16:35Z,898,0,0,19,0,0,1,1,1,1785456332
2026-07-31T00:16:35Z,899,5,1,14,0,0,1,1,1,1785456963
2026-07-31T00:16:35Z,900,21,1,6,0,0,1,1,1,1785456850
2026-07-31T00:16:35Z,901,15,3,3,1,0,1,1,1,1785456983
2026-07-31T00:16:35Z,902,12,1,2,1,0,1,1,1,1785456297
2026-07-31T00:16:35Z,903,5,0,14,0,0,1,1,1,1785455623
2026-07-31T00:16:35Z,904,11,5,8,0,0,1,1,1,1785456708
2026-07-31T00:16:35Z,905,3,2,23,1,0,1,1,1,1785456812
2026-07-31T00:16:35Z,906,10,10,17,0,0,1,1,1,1785456237
2026-07-31T00:16:35Z,907,15,3,16,0,0,1,1,1,1785456900
2026-07-31T00:16:35Z,908,7,2,16,0,0,1,1,1,1785456668
2026-07-31T00:16:35Z,909,5,5,18,0,0,1,1,1,1785456230
2026-07-31T00:16:35Z,910,16,0,15,0,0,1,1,1,1785456980
2026-07-31T00:16:35Z,911,9,0,10,0,0,1,1,1,1785456690
2026-07-31T00:16:35Z,912,5,0,15,3,0,1,1,1,1785456860
2026-07-31T00:16:35Z,913,2,0,16,1,0,1,1,1,1785456849
2026-07-31T00:16:35Z,914,7,0,12,0,0,1,1,1,1785456979
2026-07-31T00:16:35Z,915,15,1,7,1,0,1,1,1,1785456785
2026-07-31T00:16:35Z,916,5,3,18,0,0,1,1,1,1785456781
2026-07-31T00:16:35Z,917,19,1,15,1,0,1,1,1,1785456914
2026-07-31T00:16:35Z,918,2,1,15,2,0,1,1,1,1785456727
2026-07-31T00:16:35Z,919,9,2,30,0,0,1,1,1,1785456936
2026-07-31T00:16:35Z,920,3,1,16,0,0,1,1,1,1785455264
2026-07-31T00:16:35Z,921,16,0,4,1,0,1,1,1,1785456744
2026-07-31T00:16:35Z,922,2,0,18,1,0,1,1,1,1785456371
2026-07-31T00:16:35Z,923,17,11,1,1,0,1,1,1,1785456975
2026-07-31T00:16:35Z,924,8,0,13,0,0,1,1,1,1785455576
2026-07-31T00:16:35Z,925,16,2,5,0,0,1,1,1,1785456823
2026-07-31T00:16:35Z,926,3,2,18,0,0,1,1,1,1785455189
2026-07-31T00:16:35Z,927,28,1,7,0,0,1,1,1,1785456582
2026-07-31T00:16:35Z,928,10,0,9,0,0,1,1,1,1785456749
2026-07-31T00:16:35Z,929,2,0,21,0,0,1,1,1,1785456809
2026-07-31T00:16:35Z,930,27,0,1,3,0,1,1,1,1785456866
2026-07-31T00:16:35Z,931,2,2,21,0,0,1,1,1,1785456908
2026-07-31T00:16:35Z,932,15,1,0,4,0,1,1,1,1785456893
2026-07-31T00:16:35Z,933,18,1,5,0,0,1,1,1,1785456956
2026-07-31T00:16:35Z,934,4,0,26,1,0,1,1,1,1785456923
2026-07-31T00:16:35Z,935,9,1,8,2,0,1,1,1,1785456967
2026-07-31T00:16:35Z,936,4,1,15,0,0,1,1,1,1785456801
2026-07-31T00:16:35Z,940,10,3,1,0,0,1,1,1,1785456764
2026-07-31T00:16:35Z,941,5,0,18,2,0,1,1,1,1785455293
2026-07-31T00:16:35Z,942,12,1,9,0,0,1,1,1,1785456889
2026-07-31T00:16:35Z,943,9,8,6,0,0,1,1,1,1785456685
2026-07-31T00:16:35Z,944,9,8,6,0,0,1,1,1,1785456475
2026-07-31T00:16:35Z,945,10,8,5,0,0,1,1,1,1785455983
2026-07-31T00:16:35Z,946,7,5,12,0,0,1,1,1,1785424152
2026-07-31T00:16:35Z,947,7,5,10,0,0,1,1,1,1785456485
2026-07-31T00:16:35Z,948,3,3,24,4,0,1,1,1,1785456887
2026-07-31T00:16:35Z,949,0,0,15,0,0,1,1,1,1785456598
2026-07-31T00:16:35Z,950,2,0,14,1,0,1,1,1,1785456969
2026-07-31T00:16:35Z,951,7,1,16,0,0,1,1,1,1785456830
2026-07-31T00:16:35Z,952,33,1,20,2,0,1,1,1,1785456874
2026-07-31T00:16:35Z,953,13,1,2,0,0,1,1,1,1785456556
2026-07-31T00:16:35Z,954,16,1,3,0,0,1,1,1,1785456983
2026-07-31T00:16:35Z,955,0,0,22,5,0,1,1,1,1785455498
2026-07-31T00:16:35Z,956,18,0,4,1,0,1,1,1,1785456496
2026-07-31T00:16:35Z,957,21,2,7,1,0,1,1,1,1785456828
2026-07-31T00:16:35Z,958,11,1,20,0,0,1,1,1,1785456812
2026-07-31T00:16:35Z,959,11,2,11,1,0,1,1,1,1785456381
2026-07-31T00:16:35Z,960,17,9,6,0,0,1,1,1,1785456981
2026-07-31T00:16:35Z,961,1,0,19,3,0,1,1,1,1785456614
2026-07-31T00:16:35Z,962,5,1,27,3,0,1,1,1,1785455516
2026-07-31T00:16:35Z,963,13,1,9,1,0,1,1,1,1785456853
2026-07-31T00:16:35Z,964,8,6,14,1,0,1,1,1,1785456753
2026-07-31T00:16:35Z,965,2,1,24,1,0,1,1,1,1785456590
2026-07-31T00:16:35Z,966,17,0,14,0,0,1,1,1,1785456885
2026-07-31T00:16:35Z,967,20,1,0,1,0,1,1,1,1785456945
2026-07-31T00:16:35Z,968,4,3,15,0,0,1,1,1,1785456741
2026-07-31T00:16:35Z,969,7,7,18,2,0,1,1,1,1785456548
2026-07-31T00:16:35Z,970,10,2,8,1,0,1,1,1,1785456783
2026-07-31T00:16:35Z,971,16,0,6,1,0,1,1,1,1785456724
2026-07-31T00:16:35Z,972,8,0,14,1,0,1,1,1,1785456445
2026-07-31T00:16:35Z,973,10,8,12,1,0,1,1,1,1785455875
2026-07-31T00:16:35Z,974,11,0,16,0,0,1,1,1,1785456915
2026-07-31T00:16:35Z,977,3,2,15,3,0,1,1,1,1785456690
2026-07-31T00:16:35Z,978,13,3,9,1,0,1,1,1,1785456920
2026-07-31T00:16:35Z,979,0,0,17,0,0,1,1,1,1785455502
2026-07-31T00:16:35Z,980,5,0,15,1,0,1,1,1,1785456749
2026-07-31T00:16:35Z,981,8,2,12,1,0,1,1,1,1785456966
2026-07-31T00:16:35Z,982,3,1,14,2,0,1,1,1,1785456494
2026-07-31T00:16:35Z,983,2,2,20,1,0,1,1,1,1785456877
2026-07-31T00:16:35Z,984,5,0,18,0,0,1,1,1,1785455953
2026-07-31T00:16:35Z,985,20,0,11,0,0,1,1,1,1785456934
2026-07-31T00:16:35Z,986,2,1,17,0,0,1,1,1,1785456491
2026-07-31T00:16:35Z,987,5,0,17,1,0,1,1,1,1785455180
2026-07-31T00:16:35Z,988,5,1,13,1,0,1,1,1,1785456736
2026-07-31T00:16:35Z,989,8,4,11,0,0,1,1,1,1785455629
2026-07-31T00:16:35Z,990,13,1,0,2,0,1,1,1,1785456723
2026-07-31T00:16:35Z,991,8,1,10,1,0,1,1,1,1785456323
2026-07-31T00:16:35Z,992,8,6,14,1,0,1,1,1,1785455370
2026-07-31T00:16:35Z,993,4,0,23,0,0,1,1,1,1785456943
2026-07-31T00:16:35Z,994,1,1,20,0,0,1,1,1,1785456335
2026-07-31T00:16:35Z,995,7,0,20,0,0,1,1,1,1785456603
2026-07-31T00:16:35Z,996,9,1,14,0,0,1,1,1,1785456424
2026-07-31T00:16:35Z,997,11,4,10,2,0,1,1,1,1785456646
2026-07-31T00:16:35Z,998,2,0,20,1,0,1,1,1,1785456829
2026-07-31T00:16:35Z,999,4,2,15,1,1,1,1,1,1785456535
2026-07-31T00:16:35Z,1000,2,0,19,0,0,1,1,1,1785456120
2026-07-31T00:16:35Z,1001,1,0,26,0,0,1,1,1,1785456745
2026-07-31T00:16:35Z,1002,0,0,27,4,0,1,1,1,1785456709
2026-07-31T00:16:35Z,1003,0,0,23,0,0,1,1,1,1785456403
2026-07-31T00:16:35Z,1004,5,0,18,0,0,1,1,1,1785456117
2026-07-31T00:16:35Z,1005,20,1,3,0,0,1,1,1,1785456588
2026-07-31T00:16:35Z,1006,7,4,11,1,0,1,1,1,1785456445
2026-07-31T00:16:35Z,1007,4,1,17,0,0,1,1,1,1785456073
2026-07-31T00:16:35Z,1008,6,5,15,2,0,1,1,1,1785455542
2026-07-31T00:16:35Z,1009,21,4,8,2,0,1,1,1,1785455427
2026-07-31T00:16:35Z,1010,7,2,20,0,0,1,1,1,1785456229
2026-07-31T00:16:35Z,1011,6,1,11,2,0,1,1,1,1785456826
2026-07-31T00:16:35Z,1012,4,3,18,1,0,1,1,1,1785456354
2026-07-31T00:16:35Z,1013,5,1,17,1,0,1,1,1,1785456978
2026-07-31T00:16:35Z,1014,8,3,13,2,0,1,1,1,1785456863
2026-07-31T00:16:35Z,1015,5,4,25,1,0,1,1,1,1785455258
2026-07-31T00:16:35Z,1016,10,5,21,0,0,1,1,1,1785456144
2026-07-31T00:16:35Z,1017,14,5,7,0,0,1,1,1,1785455768
2026-07-31T00:16:35Z,1018,8,2,14,0,0,1,1,1,1785456444
2026-07-31T00:16:35Z,1019,7,5,8,0,0,1,1,1,1785456422
2026-07-31T00:16:35Z,1020,17,3,4,0,0,1,1,1,1785455645
2026-07-31T00:16:35Z,1021,8,3,6,1,0,1,1,1,1785455415
2026-07-31T00:16:35Z,1022,14,0,13,0,0,1,1,1,1785456504
2026-07-31T00:16:35Z,1023,12,1,10,1,0,1,1,1,1785456171
2026-07-31T00:16:35Z,1024,6,3,13,0,0,1,1,1,1785456087
2026-07-31T00:16:35Z,1025,4,1,14,0,1,1,1,1,1785456463
2026-07-31T00:16:35Z,1026,8,4,18,5,0,1,1,1,1785455483
2026-07-31T00:16:35Z,1028,2,0,20,1,0,1,1,1,1785456536
2026-07-31T00:16:35Z,1029,10,9,5,0,0,1,1,1,1785455699
2026-07-31T00:16:35Z,1030,13,5,10,0,0,1,1,1,1785455387
2026-07-31T00:16:35Z,1031,11,0,8,0,0,1,1,1,1785455803
2026-07-31T00:16:35Z,1032,7,1,12,0,0,1,1,1,1785456458
2026-07-31T00:16:35Z,1033,8,5,10,1,0,1,1,1,1785455448
2026-07-31T00:16:35Z,1034,1,0,14,0,0,1,1,1,1785456508
2026-07-31T00:16:35Z,1035,3,0,15,1,0,1,1,1,1785456478
2026-07-31T00:16:35Z,1036,15,1,0,0,0,1,1,1,1785455264
2026-07-31T00:16:35Z,1037,4,1,14,1,0,1,1,1,1785456824
2026-07-31T00:16:35Z,1038,4,2,10,1,0,1,1,1,1785456787
2026-07-31T00:16:35Z,1039,3,2,16,0,0,1,1,1,1785456613
2026-07-31T00:16:35Z,1040,8,4,10,1,0,1,1,1,1785456488
2026-07-31T00:16:35Z,1041,9,2,10,0,0,1,1,1,1785456372
2026-07-31T00:16:35Z,1042,10,0,3,2,0,1,1,1,1785456561
2026-07-31T00:16:35Z,1043,10,1,7,2,0,1,1,1,1785456529
2026-07-31T00:16:35Z,1044,2,1,13,0,0,1,1,1,1785456260
2026-07-31T00:16:35Z,1045,10,0,9,0,0,1,1,1,1785456447
2026-07-31T00:16:35Z,1046,8,0,7,0,0,1,1,1,1785455887
2026-07-31T00:16:35Z,1047,2,0,19,0,0,1,1,1,1785456760
2026-07-31T00:16:35Z,1048,5,1,14,0,0,1,1,1,1785456425
2026-07-31T00:16:35Z,1049,2,0,19,0,0,1,1,1,1785456449
2026-07-31T00:16:35Z,1050,16,5,4,1,0,1,1,1,1785456977
2026-07-31T00:16:35Z,1051,6,3,14,1,0,1,1,1,1785455898
2026-07-31T00:16:35Z,1052,19,2,3,0,0,1,1,1,1785456615
2026-07-31T00:16:35Z,1053,1,1,14,0,0,1,1,1,1785456382
2026-07-31T00:16:35Z,1054,14,1,1,0,0,1,1,1,1785456627
2026-07-31T00:16:35Z,1055,6,1,13,0,0,1,1,1,1785456585
2026-07-31T00:16:35Z,1057,9,1,10,0,0,1,1,1,1785456626
2026-07-31T00:16:35Z,1058,50,0,3,3,0,1,1,1,1785456923
2026-07-31T00:16:35Z,1059,3,0,14,2,0,1,1,1,1785456517
2026-07-31T00:16:35Z,1060,11,1,26,0,0,1,1,1,1785456785
2026-07-31T00:16:35Z,1061,6,0,31,0,0,1,1,1,1785456429
2026-07-31T00:16:35Z,1062,10,1,7,0,0,1,1,1,1785456981
2026-07-31T00:16:35Z,1063,13,2,5,1,0,1,1,1,1785456505
2026-07-31T00:16:35Z,1064,6,2,16,1,0,1,1,1,1785456772
2026-07-31T00:16:35Z,1065,15,3,8,0,0,1,1,1,1785455220
2026-07-31T00:16:35Z,1066,10,1,13,0,0,1,1,1,1785456867
2026-07-31T00:16:35Z,1067,7,1,15,1,0,1,1,1,1785455314
2026-07-31T00:16:35Z,1068,8,2,13,2,0,1,1,1,1785456584
2026-07-31T00:16:35Z,1069,12,3,11,0,0,1,1,1,1785456673
2026-07-31T00:16:35Z,1070,11,2,12,0,0,1,1,1,1785456764
2026-07-31T00:16:35Z,1071,7,4,16,0,0,1,1,1,1785456805
2026-07-31T00:16:35Z,1072,11,1,11,1,0,1,1,1,1785455287
2026-07-31T00:16:35Z,1073,14,3,12,1,0,1,1,1,1785456558
2026-07-31T00:16:35Z,1074,53,0,0,0,0,1,1,1,1785456843
2026-07-31T00:16:35Z,1075,9,8,12,0,0,1,1,1,1785456481
2026-07-31T00:16:35Z,1076,13,11,8,0,0,1,1,1,1785455604
2026-07-31T00:16:35Z,1077,8,5,13,0,0,1,1,1,1785456384
2026-07-31T00:16:35Z,1078,13,10,8,0,0,1,1,1,1785455650
2026-07-31T00:16:35Z,1079,12,9,9,0,0,1,1,1,1785456292
2026-07-31T00:16:35Z,1080,9,7,11,1,0,1,1,1,1785456886
2026-07-31T00:16:35Z,1081,14,9,5,0,0,1,1,1,1785456132
2026-07-31T00:16:35Z,1082,4,4,4,0,0,1,1,1,1785456903
2026-07-31T00:16:35Z,1083,12,10,9,0,0,1,1,1,1785456538
2026-07-31T00:16:35Z,1084,8,7,13,0,0,1,1,1,1785456175
2026-07-31T00:16:35Z,1085,10,10,11,0,0,1,1,1,1785455756
2026-07-31T00:16:35Z,1086,7,7,13,1,0,1,1,1,1785456483
2026-07-31T00:16:35Z,1087,10,9,5,0,0,1,1,1,1785455762
2026-07-31T00:16:35Z,1088,10,7,5,0,0,1,1,1,1785456511
2026-07-31T00:16:35Z,1089,6,4,9,0,0,1,1,1,1785456889
2026-07-31T00:16:35Z,1090,8,7,7,0,0,1,1,1,1785455593
2026-07-31T00:16:35Z,1091,10,5,5,0,0,1,1,1,1785455886
2026-07-31T00:16:35Z,1092,9,9,5,1,0,1,1,1,1785456864
2026-07-31T00:16:35Z,1093,7,6,8,0,0,1,1,1,1785455421
2026-07-31T00:16:35Z,1094,10,8,8,1,0,1,1,1,1785456463
2026-07-31T00:16:35Z,1095,9,8,6,0,0,1,1,1,1785455387
2026-07-31T00:16:35Z,1096,6,3,12,1,0,1,1,1,1785456823
2026-07-31T00:16:35Z,1097,8,8,7,0,0,1,1,1,1785455233
2026-07-31T00:16:35Z,1098,9,7,10,0,0,1,1,1,1785455545
2026-07-31T00:16:35Z,1099,7,6,8,0,0,1,1,1,1785456297
2026-07-31T00:16:35Z,1100,5,1,24,0,0,1,1,1,1785452920
2026-07-31T00:16:35Z,1101,10,5,11,0,0,1,1,1,1785456162
2026-07-31T00:16:35Z,1102,8,3,5,0,0,1,1,1,1785456694
2026-07-31T00:16:35Z,1103,11,5,10,0,0,1,1,1,1785435100
2026-07-31T00:16:35Z,1104,10,5,11,0,0,1,1,1,1785455912
2026-07-31T00:16:35Z,1105,7,3,6,0,0,1,1,1,1785455413
2026-07-31T00:16:35Z,1106,13,7,8,0,0,1,1,1,1785456246
2026-07-31T00:16:35Z,1107,9,5,6,0,0,1,1,1,1785456600
2026-07-31T00:16:35Z,1108,8,3,16,3,0,1,1,1,1785456983
2026-07-31T00:16:35Z,1109,5,3,10,0,0,1,1,1,1785456563
2026-07-31T00:16:35Z,1110,8,0,13,0,0,1,1,1,1785456795
2026-07-31T00:16:35Z,1111,2,0,19,0,0,1,1,1,1785456279
2026-07-31T00:16:35Z,1112,53,0,0,0,0,1,1,1,1785456661
2026-07-31T00:16:35Z,1113,1,1,20,0,0,1,1,1,1785456693
2026-07-31T00:16:35Z,1115,20,7,2,1,0,1,1,1,1785456931
2026-07-31T00:16:35Z,1116,4,1,15,0,0,1,1,1,1785456475
2026-07-31T00:16:35Z,1117,3,0,20,0,0,1,1,1,1785456819
2026-07-31T00:16:35Z,1118,20,1,0,1,0,1,1,1,1785456882
2026-07-31T00:16:35Z,1119,12,2,4,1,0,1,1,1,1785456950
2026-07-31T00:16:35Z,1120,17,3,1,1,0,1,1,1,1785456961
2026-07-31T00:16:35Z,1121,6,5,14,1,0,1,1,1,1785456719
2026-07-31T00:16:35Z,1122,13,10,7,1,0,1,1,1,1785456890
2026-07-31T00:16:35Z,1123,3,0,18,2,0,1,1,1,1785456504
2026-07-31T00:16:35Z,1124,9,0,1,5,0,1,1,1,1785456284
2026-07-31T00:16:35Z,1125,15,0,8,0,0,1,1,1,1785456725
2026-07-31T00:16:35Z,1126,7,3,12,2,0,1,1,1,1785456976
2026-07-31T00:16:35Z,1127,5,2,14,0,0,1,1,1,1785456798
2026-07-31T00:16:35Z,1128,11,0,3,1,0,1,1,1,1785456507
2026-07-31T00:16:35Z,1129,0,0,21,0,0,1,1,1,1785456301
2026-07-31T00:16:35Z,1130,12,2,3,0,0,1,1,1,1785456484
2026-07-31T00:16:35Z,1131,0,0,48,1,0,1,1,1,1785455929
2026-07-31T00:16:35Z,1132,13,5,7,1,0,1,1,1,1785456190
2026-07-31T00:16:35Z,1133,11,5,8,2,0,1,1,1,1785456872
2026-07-31T00:16:35Z,1134,11,6,8,0,0,1,1,1,1785456971
2026-07-31T00:16:35Z,1135,10,5,11,0,0,1,1,1,1785456055
2026-07-31T00:16:35Z,1136,13,0,10,0,0,1,1,1,1785456822
2026-07-31T00:16:35Z,1137,7,0,8,0,0,1,1,1,1785456429
2026-07-31T00:16:35Z,1138,7,0,12,0,0,1,1,1,1785456440
2026-07-31T00:16:35Z,1139,11,2,8,2,0,1,1,1,1785456936
2026-07-31T00:16:35Z,1140,17,3,5,1,0,1,1,1,1785456826
2026-07-31T00:16:35Z,1141,1,1,19,1,0,1,1,1,1785456739
2026-07-31T00:16:35Z,1142,21,1,0,0,0,1,1,1,1785456136
2026-07-31T00:16:35Z,1143,19,0,10,0,0,1,1,1,1785456967
2026-07-31T00:16:35Z,1144,8,4,11,2,0,1,1,1,1785456743
2026-07-31T00:16:35Z,1145,12,6,8,1,0,1,1,1,1785456830
2026-07-31T00:16:35Z,1146,12,9,5,2,0,1,1,1,1785456950
2026-07-31T00:16:35Z,1147,4,0,15,0,0,1,1,1,1785456642
2026-07-31T00:16:35Z,1148,3,2,28,0,0,1,1,1,1785456972
2026-07-31T00:16:35Z,1149,5,4,16,4,0,1,1,1,1785456204
2026-07-31T00:16:35Z,1150,3,0,16,0,0,1,1,1,1785456969
2026-07-31T00:16:35Z,1151,1,0,20,0,0,1,1,1,1785456801
2026-07-31T00:16:35Z,1152,3,0,26,0,0,1,1,1,1785456590
2026-07-31T00:16:35Z,1153,9,0,12,2,0,1,1,1,1785456275
2026-07-31T00:16:35Z,1154,13,1,6,0,0,1,1,1,1785455940
2026-07-31T00:16:35Z,1155,17,9,3,1,0,1,1,1,1785456965
2026-07-31T00:16:35Z,1158,3,0,16,0,0,1,1,1,1785456369
2026-07-31T00:16:35Z,1159,11,0,8,0,0,1,1,1,1785456722
2026-07-31T00:16:35Z,1160,9,1,9,1,0,1,1,1,1785456261
2026-07-31T00:16:35Z,1161,5,1,13,1,0,1,1,1,1785456852
2026-07-31T00:16:35Z,1162,0,0,19,0,0,1,1,1,1785455292
2026-07-31T00:16:35Z,1163,1,1,17,1,0,1,1,1,1785456488
2026-07-31T00:16:35Z,1164,4,1,15,0,0,1,1,1,1785456547
2026-07-31T00:16:35Z,1165,8,1,13,0,0,1,1,1,1785455448
2026-07-31T00:16:35Z,1166,9,4,12,0,0,1,1,1,1785456765
2026-07-31T00:16:35Z,1167,4,0,11,0,0,1,1,1,1785456288
2026-07-31T00:16:35Z,1168,1,0,22,0,0,1,1,1,1785456704
2026-07-31T00:16:35Z,1169,3,0,15,1,0,1,1,1,1785456393
2026-07-31T00:16:35Z,1170,6,0,14,1,0,1,1,1,1785456746
2026-07-31T00:16:35Z,1171,6,6,16,1,0,1,1,1,1785456385
2026-07-31T00:16:35Z,1172,7,2,6,2,0,1,1,1,1785456680
2026-07-31T00:16:35Z,1173,10,3,9,0,0,1,1,1,1785456631
2026-07-31T00:16:35Z,1174,5,2,9,1,0,1,1,1,1785456370
2026-07-31T00:16:35Z,1175,7,3,12,0,0,1,1,1,1785456851
2026-07-31T00:16:35Z,1176,19,1,2,0,0,1,1,1,1785456895
2026-07-31T00:16:35Z,1177,3,1,18,0,0,1,1,1,1785455748
2026-07-31T00:16:35Z,1178,1,0,14,0,0,1,1,1,1785456358
2026-07-31T00:16:35Z,1181,13,0,0,2,0,1,1,1,1785456848
2026-07-31T00:16:35Z,1182,15,5,5,0,0,1,1,1,1785456894
2026-07-31T00:16:35Z,1183,5,2,38,2,0,1,1,1,1785456592
2026-07-31T00:16:35Z,1184,2,2,18,1,0,1,1,1,1785456529
2026-07-31T00:16:35Z,1185,10,5,11,0,0,1,1,1,1785455983
2026-07-31T00:16:35Z,1186,9,5,10,0,0,1,1,1,1785456902
2026-07-31T00:16:35Z,1187,10,5,9,2,0,1,1,1,1785456789
2026-07-31T00:16:35Z,1188,9,3,6,0,0,1,1,1,1785456610
2026-07-31T00:16:35Z,1189,10,5,9,0,0,1,1,1,1785456656
2026-07-31T00:16:35Z,1190,10,5,11,0,0,1,1,1,1785456032
2026-07-31T00:16:35Z,1191,10,5,5,0,0,1,1,1,1785456618
2026-07-31T00:16:35Z,1192,11,7,10,0,0,1,1,1,1785456400
2026-07-31T00:16:35Z,1193,6,4,5,2,0,1,1,1,1785455704
2026-07-31T00:16:35Z,1197,9,6,7,1,0,1,1,1,1785456882
2026-07-31T00:16:35Z,1198,14,4,5,2,0,1,1,1,1785456927
2026-07-31T00:16:35Z,1199,2,0,17,0,0,1,1,1,1785456960
2026-07-31T00:16:35Z,1200,10,5,5,0,0,1,1,1,1785456655
2026-07-31T00:16:35Z,1201,9,4,6,0,0,1,1,1,1785456632
2026-07-31T00:16:35Z,1202,10,5,5,0,0,1,1,1,1785456727
2026-07-31T00:16:35Z,1203,10,5,5,0,0,1,1,1,1785456622
2026-07-31T00:16:35Z,1204,7,3,11,1,0,1,1,1,1785456337
2026-07-31T00:16:35Z,1206,11,5,10,0,0,1,1,1,1785455538
2026-07-31T00:16:35Z,1207,10,5,5,0,0,1,1,1,1785456941
2026-07-31T00:16:35Z,1208,7,2,11,1,0,1,1,1,1785456819
2026-07-31T00:16:35Z,1216,7,0,13,1,0,1,1,1,1785455775
2026-07-31T00:16:35Z,1218,5,0,16,0,0,1,1,1,1785456170
2026-07-31T00:16:35Z,1219,7,2,7,1,0,1,1,1,1785456084
2026-07-31T00:16:35Z,1220,13,7,5,1,0,1,1,1,1785455880
2026-07-31T00:16:35Z,1221,2,2,19,0,0,1,1,1,1785455478
2026-07-31T00:16:35Z,1222,17,0,12,0,0,1,1,1,1785456781
2026-07-31T00:16:35Z,1223,19,2,8,2,0,1,1,1,1785456791
2026-07-31T00:16:35Z,1226,0,0,3,0,0,0,1,1,1781868931
2026-07-31T00:16:35Z,1227,15,2,10,0,0,1,1,1,1785456368
2026-07-31T00:16:35Z,1228,1,1,28,0,0,1,1,1,1785456846
2026-07-31T00:16:35Z,1229,40,1,5,0,0,1,1,1,1785456940
2026-07-31T00:21:35Z,1,2,0,21,0,0,1,1,1,1785457186
2026-07-31T00:21:35Z,2,25,0,0,2,0,1,1,1,1785456922
2026-07-31T00:21:35Z,3,5,1,8,1,0,1,1,1,1785457278
2026-07-31T00:21:35Z,4,21,1,0,1,0,1,1,1,1785456637
2026-07-31T00:21:35Z,5,8,3,15,0,0,1,1,1,1785456282
2026-07-31T00:21:35Z,6,10,0,5,0,0,1,1,1,1785457198
2026-07-31T00:21:35Z,7,6,0,33,0,0,1,1,1,1785456422
2026-07-31T00:21:35Z,8,3,0,40,0,0,1,1,1,1785455298
2026-07-31T00:21:35Z,9,11,1,10,2,0,1,1,1,1785457126
2026-07-31T00:21:35Z,10,2,1,19,2,0,1,1,1,1785456733
2026-07-31T00:21:35Z,11,7,0,11,1,0,1,1,1,1785457279
2026-07-31T00:21:35Z,12,12,1,11,0,0,1,1,1,1785456383
2026-07-31T00:21:35Z,13,18,2,12,0,0,1,1,1,1785456969
2026-07-31T00:21:35Z,14,35,1,7,0,1,1,1,1,1785457151
2026-07-31T00:21:35Z,15,13,0,2,0,0,1,1,1,1785457115
2026-07-31T00:21:35Z,16,6,0,18,2,1,1,1,1,1785456843
2026-07-31T00:21:35Z,17,13,0,13,1,0,1,1,1,1785457263
2026-07-31T00:21:35Z,18,13,0,3,2,0,1,1,1,1785457085
2026-07-31T00:21:35Z,19,8,3,18,1,0,1,1,1,1785457186
2026-07-31T00:21:35Z,20,22,1,13,0,0,1,1,1,1785456855
2026-07-31T00:21:35Z,21,9,0,10,0,0,1,1,1,1785457249
2026-07-31T00:21:35Z,22,25,0,39,1,0,1,1,1,1785457059
2026-07-31T00:21:35Z,23,24,2,7,0,0,1,1,1,1785457274
2026-07-31T00:21:35Z,24,10,2,0,1,0,1,1,1,1785457281
2026-07-31T00:21:35Z,25,74,2,3,4,0,1,1,1,1785457185
2026-07-31T00:21:35Z,26,7,0,20,0,0,1,1,1,1785456754
2026-07-31T00:21:35Z,28,0,0,15,0,0,1,1,1,1785457007
2026-07-31T00:21:35Z,30,8,0,18,3,0,1,1,1,1785456797
2026-07-31T00:21:35Z,31,1,0,16,2,0,1,1,1,1785457251
2026-07-31T00:21:35Z,32,22,5,5,0,0,1,1,1,1785457141
2026-07-31T00:21:35Z,34,24,1,13,0,0,1,1,1,1785457237
2026-07-31T00:21:35Z,35,47,0,0,0,0,1,1,1,1785457184
2026-07-31T00:21:35Z,36,0,0,0,0,0,0,1,1,86400
2026-07-31T00:21:35Z,37,18,0,5,0,0,1,1,1,1785457223
2026-07-31T00:21:35Z,38,1,0,22,0,0,1,1,1,1785456933
2026-07-31T00:21:35Z,39,18,0,21,0,0,1,1,1,1785457163
2026-07-31T00:21:35Z,40,7,0,11,3,0,1,1,1,1785457161
2026-07-31T00:21:35Z,41,11,0,30,2,0,1,1,1,1785457136
2026-07-31T00:21:35Z,42,20,4,11,0,0,1,1,1,1785456380
2026-07-31T00:21:35Z,43,3,0,20,0,0,1,1,1,1785456772
2026-07-31T00:21:35Z,45,5,3,22,2,0,1,1,1,1785457281
2026-07-31T00:21:35Z,46,7,0,24,0,0,1,1,1,1785457236
2026-07-31T00:21:35Z,47,13,2,1,1,0,1,1,1,1785454697
2026-07-31T00:21:35Z,48,11,1,16,0,0,1,1,1,1785457071
2026-07-31T00:21:35Z,49,1,0,18,4,0,1,1,1,1785457282
2026-07-31T00:21:35Z,50,3,0,16,0,0,1,1,1,1785457012
2026-07-31T00:21:35Z,51,35,0,42,0,0,1,1,1,1785457197
2026-07-31T00:21:35Z,52,5,1,19,3,0,1,1,1,1785457257
2026-07-31T00:21:35Z,55,0,0,23,0,0,1,1,1,1785456194
2026-07-31T00:21:35Z,56,3,1,40,0,0,1,1,1,1785456919
2026-07-31T00:21:35Z,57,12,2,15,0,0,1,1,1,1785457031
2026-07-31T00:21:35Z,58,4,4,24,0,0,1,1,1,1785454203
2026-07-31T00:21:35Z,59,1,0,24,2,0,1,1,1,1785457257
2026-07-31T00:21:35Z,61,22,1,17,0,0,1,1,1,1785457227
2026-07-31T00:21:35Z,62,19,15,29,1,0,1,1,1,1785457099
2026-07-31T00:21:35Z,63,1,0,18,0,0,1,1,1,1785456919
2026-07-31T00:21:35Z,64,15,1,0,4,0,1,1,1,1785456742
2026-07-31T00:21:35Z,65,14,5,4,1,0,1,1,1,1785457144
2026-07-31T00:21:35Z,67,0,0,39,0,0,1,1,1,1785457134
2026-07-31T00:21:35Z,68,7,1,30,0,0,1,1,1,1785456994
2026-07-31T00:21:35Z,69,2,0,10,3,0,1,1,1,1785457129
2026-07-31T00:21:35Z,71,0,0,26,1,0,1,1,1,1785457194
2026-07-31T00:21:35Z,72,12,5,18,1,0,1,1,1,1785457231
2026-07-31T00:21:35Z,73,2,2,29,0,0,1,1,1,1785457145
2026-07-31T00:21:35Z,74,3,1,16,0,0,1,1,1,1785457025
2026-07-31T00:21:35Z,75,0,0,30,2,0,1,1,1,1785456645
2026-07-31T00:21:35Z,76,1,0,17,1,0,1,1,1,1785457278
2026-07-31T00:21:35Z,77,8,0,18,1,0,1,1,1,1785457268
2026-07-31T00:21:35Z,78,1,0,22,0,0,1,1,1,1785457269
2026-07-31T00:21:35Z,79,2,0,13,2,0,1,1,1,1785457120
2026-07-31T00:21:35Z,80,18,0,2,3,0,1,1,1,1785457249
2026-07-31T00:21:35Z,81,12,0,19,0,0,1,1,1,1785457238
2026-07-31T00:21:35Z,82,1,1,22,0,0,1,1,1,1785456840
2026-07-31T00:21:35Z,83,11,2,22,1,0,1,1,1,1785457283
2026-07-31T00:21:35Z,84,7,4,20,0,0,1,1,1,1785457214
2026-07-31T00:21:35Z,85,6,2,9,0,0,1,1,1,1785456849
2026-07-31T00:21:35Z,86,1,1,25,1,0,1,1,1,1785456753
2026-07-31T00:21:35Z,87,2,0,17,0,0,1,1,1,1785455009
2026-07-31T00:21:35Z,88,0,0,42,1,0,1,1,1,1785456985
2026-07-31T00:21:35Z,89,35,0,0,0,0,1,1,1,1785456716
2026-07-31T00:21:35Z,90,13,1,4,1,0,1,1,1,1785457272
2026-07-31T00:21:35Z,91,12,3,5,0,0,1,1,1,1785456963
2026-07-31T00:21:35Z,92,5,0,12,2,0,1,1,1,1785457052
2026-07-31T00:21:35Z,93,20,1,3,0,0,1,1,1,1785457283
2026-07-31T00:21:35Z,94,4,0,14,1,0,1,1,1,1785457258
2026-07-31T00:21:35Z,95,11,2,21,2,1,1,1,1,1785457281
2026-07-31T00:21:35Z,96,2,0,28,1,0,1,1,1,1785456655
2026-07-31T00:21:35Z,97,16,0,0,1,0,1,1,1,1785457190
2026-07-31T00:21:35Z,98,16,7,19,0,0,1,1,1,1785456936
2026-07-31T00:21:35Z,99,15,1,0,0,0,1,1,1,1785457190
2026-07-31T00:21:35Z,100,27,1,0,0,0,1,1,1,1785456103
2026-07-31T00:21:35Z,101,13,0,1,1,0,1,1,1,1785457198
2026-07-31T00:21:35Z,102,22,2,1,0,0,1,1,1,1785456116
2026-07-31T00:21:35Z,103,28,2,0,2,0,1,1,1,1785456616
2026-07-31T00:21:35Z,104,23,0,2,2,0,1,1,1,1785457274
2026-07-31T00:21:35Z,105,16,0,3,0,0,1,1,1,1785457091
2026-07-31T00:21:35Z,106,4,0,17,0,0,1,1,1,1785457000
2026-07-31T00:21:35Z,107,36,0,1,0,0,1,1,1,1785457224
2026-07-31T00:21:35Z,108,25,0,9,1,0,1,1,1,1785457264
2026-07-31T00:21:35Z,109,19,1,4,0,0,1,1,1,1785457175
2026-07-31T00:21:35Z,110,8,0,15,0,0,1,1,1,1785456600
2026-07-31T00:21:35Z,111,6,0,30,0,0,1,1,1,1785456976
2026-07-31T00:21:35Z,112,11,0,3,1,0,1,1,1,1785457202
2026-07-31T00:21:35Z,113,18,2,0,1,0,1,1,1,1785457192
2026-07-31T00:21:35Z,114,1,1,28,1,1,1,1,1,1785457044
2026-07-31T00:21:35Z,115,2,2,22,4,0,1,1,1,1785457230
2026-07-31T00:21:35Z,116,8,8,19,0,0,1,1,1,1785457169
2026-07-31T00:21:35Z,118,20,12,0,3,0,1,1,1,1785456465
2026-07-31T00:21:35Z,119,5,2,31,2,0,1,1,1,1785457081
2026-07-31T00:21:35Z,120,8,4,18,1,0,1,1,1,1785457167
2026-07-31T00:21:35Z,121,6,0,12,0,1,1,1,1,1785457214
2026-07-31T00:21:35Z,122,14,0,6,1,0,1,1,1,1785457045
2026-07-31T00:21:35Z,123,19,1,28,0,0,1,1,1,1785457272
2026-07-31T00:21:35Z,124,25,12,9,1,0,1,1,1,1785457136
2026-07-31T00:21:35Z,125,1,1,22,0,0,1,1,1,1785456937
2026-07-31T00:21:35Z,126,11,2,20,0,0,1,1,1,1785456972
2026-07-31T00:21:35Z,127,2,2,31,2,0,1,1,1,1785457203
2026-07-31T00:21:35Z,128,12,8,6,1,0,1,1,1,1785457257
2026-07-31T00:21:35Z,129,8,1,10,1,0,1,1,1,1785457194
2026-07-31T00:21:35Z,130,2,0,15,0,0,1,1,1,1785456635
2026-07-31T00:21:35Z,131,5,3,4,2,0,1,1,1,1785456847
2026-07-31T00:21:35Z,132,1,0,13,0,1,1,1,1,1785456025
2026-07-31T00:21:35Z,134,6,4,14,3,0,1,1,1,1785457276
2026-07-31T00:21:35Z,135,1,1,18,0,0,1,1,1,1785456926
2026-07-31T00:21:35Z,136,19,4,4,0,0,1,1,1,1785457272
2026-07-31T00:21:35Z,137,7,7,12,0,0,1,1,1,1785457152
2026-07-31T00:21:35Z,138,24,4,12,1,0,1,1,1,1785457280
2026-07-31T00:21:35Z,139,8,5,9,2,0,1,1,1,1785457184
2026-07-31T00:21:35Z,140,6,3,14,3,0,1,1,1,1785457279
2026-07-31T00:21:35Z,141,12,8,24,0,0,1,1,1,1785457283
2026-07-31T00:21:35Z,142,9,2,14,0,0,1,1,1,1785457174
2026-07-31T00:21:35Z,143,15,5,16,0,0,1,1,1,1785457199
2026-07-31T00:21:35Z,144,20,1,7,0,0,1,1,1,1785456949
2026-07-31T00:21:35Z,145,23,5,4,2,0,1,1,1,1785457137
2026-07-31T00:21:35Z,146,15,1,7,1,0,1,1,1,1785457220
2026-07-31T00:21:35Z,147,0,0,17,2,0,1,1,1,1785457261
2026-07-31T00:21:35Z,148,4,2,22,1,0,1,1,1,1785456832
2026-07-31T00:21:35Z,149,0,0,27,0,0,1,1,1,1785456512
2026-07-31T00:21:35Z,150,24,7,9,2,0,1,1,1,1785457268
2026-07-31T00:21:35Z,151,8,1,14,1,0,1,1,1,1785456977
2026-07-31T00:21:35Z,152,19,1,5,3,0,1,1,1,1785457271
2026-07-31T00:21:35Z,153,1,0,0,29,1,1,1,1,1785457263
2026-07-31T00:21:35Z,154,17,2,2,4,0,1,1,1,1785457142
2026-07-31T00:21:35Z,155,13,4,0,1,0,1,1,1,1785457224
2026-07-31T00:21:35Z,156,16,1,3,0,0,1,1,1,1785456888
2026-07-31T00:21:35Z,157,6,4,19,2,0,1,1,1,1785457071
2026-07-31T00:21:35Z,158,0,0,16,0,0,1,1,1,1785456615
2026-07-31T00:21:35Z,159,5,1,13,1,0,1,1,1,1785457155
2026-07-31T00:21:35Z,160,6,3,13,0,0,1,1,1,1785456580
2026-07-31T00:21:35Z,161,18,1,4,0,0,1,1,1,1785457279
2026-07-31T00:21:35Z,162,6,6,18,3,0,1,1,1,1785456910
2026-07-31T00:21:35Z,163,9,0,21,0,1,1,1,1,1785457202
2026-07-31T00:21:35Z,164,19,3,7,1,0,1,1,1,1785457282
2026-07-31T00:21:35Z,165,30,5,0,1,0,1,1,1,1785457244
2026-07-31T00:21:35Z,166,24,6,11,4,0,1,1,1,1785457284
2026-07-31T00:21:35Z,167,11,5,11,1,0,1,1,1,1785457264
2026-07-31T00:21:35Z,168,0,0,24,3,0,1,1,1,1785457282
2026-07-31T00:21:35Z,169,15,3,7,0,1,1,1,1,1785457235
2026-07-31T00:21:35Z,170,1,1,17,1,0,1,1,1,1785457203
2026-07-31T00:21:35Z,171,6,1,5,2,0,1,1,1,1785457099
2026-07-31T00:21:35Z,173,36,5,3,0,0,1,1,1,1785456988
2026-07-31T00:21:35Z,174,13,1,10,3,0,1,1,1,1785457142
2026-07-31T00:21:35Z,175,30,1,1,0,0,1,1,1,1785457229
2026-07-31T00:21:35Z,176,13,2,0,2,0,1,1,1,1785457067
2026-07-31T00:21:35Z,177,24,9,3,0,0,1,1,1,1785456884
2026-07-31T00:21:35Z,178,12,5,0,2,1,1,1,1,1785457283
2026-07-31T00:21:35Z,179,8,2,6,1,0,1,1,1,1785456896
2026-07-31T00:21:35Z,180,23,1,7,0,0,1,1,1,1785457014
2026-07-31T00:21:35Z,181,1,1,13,1,0,1,1,1,1785457216
2026-07-31T00:21:35Z,182,4,3,13,0,0,1,1,1,1785457270
2026-07-31T00:21:35Z,183,14,3,9,0,0,1,1,1,1785457226
2026-07-31T00:21:35Z,184,6,3,16,1,0,1,1,1,1785457276
2026-07-31T00:21:35Z,185,5,0,8,1,1,1,1,1,1785455936
2026-07-31T00:21:35Z,186,6,1,12,1,0,1,1,1,1785457277
2026-07-31T00:21:35Z,187,27,3,0,1,0,1,1,1,1785456301
2026-07-31T00:21:35Z,188,19,0,0,8,0,1,1,1,1785457259
2026-07-31T00:21:35Z,189,1,0,14,0,0,1,1,1,1785454630
2026-07-31T00:21:35Z,190,10,6,13,0,0,1,1,1,1785457254
2026-07-31T00:21:35Z,191,0,0,39,0,0,1,1,1,1785456817
2026-07-31T00:21:35Z,192,8,3,20,3,0,1,1,1,1785456999
2026-07-31T00:21:35Z,193,12,5,0,3,0,1,1,1,1785456925
2026-07-31T00:21:35Z,194,2,0,24,1,0,1,1,1,1785457096
2026-07-31T00:21:35Z,195,4,3,15,0,0,1,1,1,1785456575
2026-07-31T00:21:35Z,196,15,5,9,3,0,1,1,1,1785457146
2026-07-31T00:21:35Z,197,0,0,18,0,1,1,1,1,1785457170
2026-07-31T00:21:35Z,198,16,14,7,0,0,1,1,1,1785457186
2026-07-31T00:21:35Z,199,12,12,1,2,0,1,1,1,1785456594
2026-07-31T00:21:35Z,200,20,8,6,0,0,1,1,1,1785457077
2026-07-31T00:21:35Z,201,3,0,20,0,0,1,1,1,1785457111
2026-07-31T00:21:35Z,202,23,1,4,0,0,1,1,1,1785456909
2026-07-31T00:21:35Z,203,17,0,13,1,0,1,1,1,1785456957
2026-07-31T00:21:35Z,204,10,1,23,3,0,1,1,1,1785457238
2026-07-31T00:21:35Z,205,8,1,19,0,0,1,1,1,1785457278
2026-07-31T00:21:35Z,206,10,9,3,2,0,1,1,1,1785457225
2026-07-31T00:21:35Z,207,16,0,5,0,0,1,1,1,1785456526
2026-07-31T00:21:35Z,208,1,0,28,0,0,1,1,1,1785456363
2026-07-31T00:21:35Z,209,21,3,9,1,0,1,1,1,1785457279
2026-07-31T00:21:35Z,210,0,0,26,1,0,1,1,1,1785456837
2026-07-31T00:21:35Z,211,3,2,19,1,0,1,1,1,1785457185
2026-07-31T00:21:35Z,212,24,2,10,1,0,1,1,1,1785457273
2026-07-31T00:21:35Z,213,22,2,0,1,0,1,1,1,1785457034
2026-07-31T00:21:35Z,214,18,13,20,9,0,1,1,1,1785457282
2026-07-31T00:21:35Z,215,2,1,21,0,0,1,1,1,1785457268
2026-07-31T00:21:35Z,216,8,0,10,1,0,1,1,1,1785457157
2026-07-31T00:21:35Z,217,25,0,3,1,0,1,1,1,1785457046
2026-07-31T00:21:35Z,218,10,10,25,4,0,1,1,1,1785457168
2026-07-31T00:21:35Z,219,25,0,0,1,0,1,1,1,1785456704
2026-07-31T00:21:35Z,220,20,20,20,2,1,1,1,1,1785457249
2026-07-31T00:21:35Z,221,8,6,6,1,0,1,1,1,1785457260
2026-07-31T00:21:35Z,222,16,11,2,1,0,1,1,1,1785457111
2026-07-31T00:21:35Z,223,5,1,28,2,0,1,1,1,1785457278
2026-07-31T00:21:35Z,224,18,15,3,1,0,1,1,1,1785457188
2026-07-31T00:21:35Z,225,11,0,3,5,0,1,1,1,1785457258
2026-07-31T00:21:35Z,226,22,7,9,0,0,1,1,1,1785457080
2026-07-31T00:21:35Z,227,8,8,17,1,1,1,1,1,1785457157
2026-07-31T00:21:35Z,228,14,8,5,0,0,1,1,1,1785457271
2026-07-31T00:21:35Z,230,21,3,5,0,0,1,1,1,1785457231
2026-07-31T00:21:35Z,232,6,2,10,1,0,1,1,1,1785456693
2026-07-31T00:21:35Z,233,23,5,7,1,0,1,1,1,1785457271
2026-07-31T00:21:35Z,234,7,3,7,4,1,1,1,1,1785457133
2026-07-31T00:21:35Z,236,1,0,17,1,0,1,1,1,1785456968
2026-07-31T00:21:35Z,237,7,0,15,1,0,1,1,1,1785457241
2026-07-31T00:21:35Z,239,18,12,7,2,0,1,1,1,1785457005
2026-07-31T00:21:35Z,241,8,3,15,0,0,1,1,1,1785457283
2026-07-31T00:21:35Z,242,1,0,21,1,0,1,1,1,1785457200
2026-07-31T00:21:35Z,243,12,7,16,3,0,1,1,1,1785457263
2026-07-31T00:21:35Z,244,4,4,22,1,0,1,1,1,1785456894
2026-07-31T00:21:35Z,245,17,13,4,2,0,1,1,1,1785457090
2026-07-31T00:21:35Z,246,3,0,20,0,0,1,1,1,1785456557
2026-07-31T00:21:35Z,247,18,10,5,0,0,1,1,1,1785457095
2026-07-31T00:21:35Z,248,0,0,20,3,0,1,1,1,1785456524
2026-07-31T00:21:35Z,249,4,4,15,0,0,1,1,1,1785456922
2026-07-31T00:21:35Z,250,3,0,22,2,0,1,1,1,1785457242
2026-07-31T00:21:35Z,251,15,10,10,2,0,1,1,1,1785457156
2026-07-31T00:21:35Z,253,6,5,11,2,0,1,1,1,1785457217
2026-07-31T00:21:35Z,254,17,11,25,1,0,1,1,1,1785457035
2026-07-31T00:21:35Z,255,2,1,20,0,1,1,1,1,1785457041
2026-07-31T00:21:35Z,256,12,7,10,1,0,1,1,1,1785457172
2026-07-31T00:21:35Z,257,10,7,8,1,0,1,1,1,1785456661
2026-07-31T00:21:35Z,258,11,10,7,1,0,1,1,1,1785457197
2026-07-31T00:21:35Z,259,16,1,6,0,1,1,1,1,1785456652
2026-07-31T00:21:35Z,260,5,1,13,1,0,1,1,1,1785456971
2026-07-31T00:21:35Z,261,12,0,6,0,1,1,1,1,1785456715
2026-07-31T00:21:35Z,262,13,2,10,0,0,1,1,1,1785456644
2026-07-31T00:21:35Z,263,9,5,6,0,0,1,1,1,1785456840
2026-07-31T00:21:35Z,264,8,0,10,1,0,1,1,1,1785456912
2026-07-31T00:21:35Z,265,10,2,5,0,0,1,1,1,1785456865
2026-07-31T00:21:35Z,266,12,7,6,1,0,1,1,1,1785457271
2026-07-31T00:21:35Z,267,4,0,9,2,0,1,1,1,1785456188
2026-07-31T00:21:35Z,268,15,6,8,0,0,1,1,1,1785454374
2026-07-31T00:21:35Z,269,7,1,16,0,0,1,1,1,1785456219
2026-07-31T00:21:35Z,270,22,1,4,1,0,1,1,1,1785457263
2026-07-31T00:21:35Z,271,2,1,15,2,0,1,1,1,1785457119
2026-07-31T00:21:35Z,272,10,9,13,0,0,1,1,1,1785457197
2026-07-31T00:21:35Z,273,7,3,8,0,0,1,1,1,1785457158
2026-07-31T00:21:35Z,274,9,2,10,0,0,1,1,1,1785457251
2026-07-31T00:21:35Z,275,6,0,17,0,0,1,1,1,1785457240
2026-07-31T00:21:35Z,276,1,0,26,0,0,1,1,1,1785456169
2026-07-31T00:21:35Z,277,0,0,19,4,0,1,1,1,1785455960
2026-07-31T00:21:35Z,278,2,2,27,1,1,1,1,1,1785457229
2026-07-31T00:21:35Z,279,7,6,12,0,0,1,1,1,1785457121
2026-07-31T00:21:35Z,280,4,0,25,2,0,1,1,1,1785456980
2026-07-31T00:21:35Z,281,19,1,0,0,0,1,1,1,1785455600
2026-07-31T00:21:35Z,282,1,0,16,1,0,1,1,1,1785454029
2026-07-31T00:21:35Z,283,16,0,19,0,0,1,1,1,1785457208
2026-07-31T00:21:35Z,284,17,2,16,2,0,1,1,1,1785457023
2026-07-31T00:21:35Z,285,4,2,19,0,0,1,1,1,1785457072
2026-07-31T00:21:35Z,286,16,9,5,2,0,1,1,1,1785456834
2026-07-31T00:21:35Z,287,13,0,8,2,0,1,1,1,1785456065
2026-07-31T00:21:35Z,288,10,5,9,0,0,1,1,1,1785457111
2026-07-31T00:21:35Z,289,10,2,15,2,0,1,1,1,1785457061
2026-07-31T00:21:35Z,290,23,0,15,1,0,1,1,1,1785457111
2026-07-31T00:21:35Z,291,4,0,18,1,0,1,1,1,1785457230
2026-07-31T00:21:35Z,292,1,1,22,0,0,1,1,1,1785457237
2026-07-31T00:21:35Z,293,14,8,9,0,0,1,1,1,1785457007
2026-07-31T00:21:35Z,294,13,4,5,4,0,1,1,1,1785457218
2026-07-31T00:21:35Z,297,11,1,5,2,1,1,1,1,1785457231
2026-07-31T00:21:35Z,301,16,0,2,1,0,1,1,1,1785457142
2026-07-31T00:21:35Z,302,11,0,11,1,0,1,1,1,1785457101
2026-07-31T00:21:35Z,303,4,0,15,0,0,1,1,1,1785456537
2026-07-31T00:21:35Z,304,0,0,0,0,0,0,1,1,86400
2026-07-31T00:21:35Z,305,15,0,3,1,0,1,1,1,1785457274
2026-07-31T00:21:35Z,306,7,0,25,0,0,1,1,1,1785456651
2026-07-31T00:21:35Z,307,17,3,6,0,0,1,1,1,1785456576
2026-07-31T00:21:35Z,308,8,0,8,3,0,1,1,1,1785456599
2026-07-31T00:21:35Z,309,2,0,11,1,0,1,1,1,1785457151
2026-07-31T00:21:35Z,311,6,0,9,0,0,1,1,1,1785457205
2026-07-31T00:21:35Z,312,1,1,18,3,1,1,1,1,1785457139
2026-07-31T00:21:35Z,313,5,0,10,0,0,1,1,1,1785456889
2026-07-31T00:21:35Z,314,5,4,10,3,0,1,1,1,1785456835
2026-07-31T00:21:35Z,315,26,13,2,3,0,1,1,1,1785456922
2026-07-31T00:21:35Z,316,12,0,12,6,1,1,1,1,1785457071
2026-07-31T00:21:35Z,317,0,0,29,1,1,1,1,1,1785457276
2026-07-31T00:21:35Z,318,13,0,6,0,0,1,1,1,1785456267
2026-07-31T00:21:35Z,319,3,1,19,1,0,1,1,1,1785457052
2026-07-31T00:21:35Z,320,3,0,15,1,0,1,1,1,1785456989
2026-07-31T00:21:35Z,321,9,0,8,2,0,1,1,1,1785456753
2026-07-31T00:21:35Z,322,5,0,22,2,0,1,1,1,1785457047
2026-07-31T00:21:35Z,323,10,0,9,0,0,1,1,1,1785457200
2026-07-31T00:21:35Z,324,5,0,20,2,0,1,1,1,1785457280
2026-07-31T00:21:35Z,325,5,0,20,2,0,1,1,1,1785456769
2026-07-31T00:21:35Z,327,23,2,4,0,0,1,1,1,1785457263
2026-07-31T00:21:35Z,328,21,1,0,1,0,1,1,1,1785456159
2026-07-31T00:21:35Z,329,8,1,11,0,0,1,1,1,1785456953
2026-07-31T00:21:35Z,330,5,2,17,0,0,1,1,1,1785457270
2026-07-31T00:21:35Z,331,20,1,2,1,0,1,1,1,1785457119
2026-07-31T00:21:35Z,332,5,2,13,1,0,1,1,1,1785457143
2026-07-31T00:21:35Z,333,11,4,11,1,0,1,1,1,1785457058
2026-07-31T00:21:35Z,334,12,1,11,0,0,1,1,1,1785457128
2026-07-31T00:21:35Z,335,0,0,22,0,1,1,1,1,1785457097
2026-07-31T00:21:35Z,336,5,1,14,0,0,1,1,1,1785457122
2026-07-31T00:21:35Z,337,11,0,8,4,0,1,1,1,1785457238
2026-07-31T00:21:35Z,338,6,4,13,0,0,1,1,1,1785457209
2026-07-31T00:21:35Z,339,7,2,16,0,0,1,1,1,1785457282
2026-07-31T00:21:35Z,340,0,0,14,1,0,1,1,1,1785456734
2026-07-31T00:21:35Z,341,7,1,12,0,0,1,1,1,1785456971
2026-07-31T00:21:35Z,342,6,5,8,1,0,1,1,1,1785457207
2026-07-31T00:21:35Z,343,4,1,18,1,0,1,1,1,1785457226
2026-07-31T00:21:35Z,344,16,4,7,0,0,1,1,1,1785457281
2026-07-31T00:21:35Z,345,18,3,1,0,0,1,1,1,1785456953
2026-07-31T00:21:35Z,346,2,2,21,0,0,1,1,1,1785457143
2026-07-31T00:21:35Z,347,23,6,17,4,0,1,1,1,1785457278
2026-07-31T00:21:35Z,348,12,0,10,0,1,1,1,1,1785457279
2026-07-31T00:21:35Z,349,2,0,17,0,0,1,1,1,1785457087
2026-07-31T00:21:35Z,350,13,1,11,2,1,1,1,1,1785456802
2026-07-31T00:21:35Z,351,6,1,14,3,0,1,1,1,1785457228
2026-07-31T00:21:35Z,355,4,1,19,0,0,1,1,1,1785457230
2026-07-31T00:21:35Z,356,12,1,7,0,0,1,1,1,1785456497
2026-07-31T00:21:35Z,357,2,2,17,0,0,1,1,1,1785457279
2026-07-31T00:21:35Z,358,10,1,17,0,0,1,1,1,1785457257
2026-07-31T00:21:35Z,359,24,1,2,1,0,1,1,1,1785455785
2026-07-31T00:21:35Z,360,7,4,12,0,0,1,1,1,1785457227
2026-07-31T00:21:35Z,362,3,3,15,1,0,1,1,1,1785457231
2026-07-31T00:21:35Z,363,14,1,13,0,0,1,1,1,1785457041
2026-07-31T00:21:35Z,364,7,2,12,0,0,1,1,1,1785456607
2026-07-31T00:21:35Z,365,2,1,17,4,0,1,1,1,1785457135
2026-07-31T00:21:35Z,366,10,3,9,4,0,1,1,1,1785457172
2026-07-31T00:21:35Z,367,15,8,2,2,0,1,1,1,1785456624
2026-07-31T00:21:35Z,368,8,4,14,1,0,1,1,1,1785457068
2026-07-31T00:21:35Z,370,3,3,24,0,0,1,1,1,1785456174
2026-07-31T00:21:35Z,371,8,4,10,1,0,1,1,1,1785456067
2026-07-31T00:21:35Z,372,5,0,10,0,0,1,1,1,1785456818
2026-07-31T00:21:35Z,373,15,6,12,0,0,1,1,1,1785456947
2026-07-31T00:21:35Z,374,5,3,12,2,0,1,1,1,1785457254
2026-07-31T00:21:35Z,375,16,0,7,4,0,1,1,1,1785457110
2026-07-31T00:21:35Z,376,27,2,9,3,0,1,1,1,1785456959
2026-07-31T00:21:35Z,377,4,0,19,4,0,1,1,1,1785457016
2026-07-31T00:21:35Z,378,13,3,9,1,1,1,1,1,1785457188
2026-07-31T00:21:35Z,379,16,0,11,0,0,1,1,1,1785457165
2026-07-31T00:21:35Z,380,6,3,17,0,0,1,1,1,1785457205
2026-07-31T00:21:35Z,381,20,1,3,0,0,1,1,1,1785457255
2026-07-31T00:21:35Z,383,13,1,0,2,0,1,1,1,1785456246
2026-07-31T00:21:35Z,384,26,3,0,1,0,1,1,1,1785457193
2026-07-31T00:21:35Z,385,2,1,14,2,0,1,1,1,1785457003
2026-07-31T00:21:35Z,387,5,1,18,0,0,1,1,1,1785456809
2026-07-31T00:21:35Z,388,12,1,35,2,0,1,1,1,1785457214
2026-07-31T00:21:35Z,389,4,4,11,0,0,1,1,1,1785456661
2026-07-31T00:21:35Z,390,22,2,13,0,0,1,1,1,1785456947
2026-07-31T00:21:35Z,391,6,1,9,0,0,1,1,1,1785456737
2026-07-31T00:21:35Z,392,2,1,16,1,0,1,1,1,1785457138
2026-07-31T00:21:35Z,393,1,0,8,2,0,1,1,1,1785456803
2026-07-31T00:21:35Z,394,0,0,11,2,0,1,1,1,1785454721
2026-07-31T00:21:35Z,396,14,13,25,3,0,1,1,1,1785456974
2026-07-31T00:21:35Z,397,4,3,27,0,0,1,1,1,1785457161
2026-07-31T00:21:35Z,399,9,0,6,2,0,1,1,1,1785457215
2026-07-31T00:21:35Z,400,11,6,10,2,0,1,1,1,1785456534
2026-07-31T00:21:35Z,401,2,1,29,8,0,1,1,1,1785455816
2026-07-31T00:21:35Z,403,9,1,20,2,0,1,1,1,1785457245
2026-07-31T00:21:35Z,404,4,3,19,0,0,1,1,1,1785456702
2026-07-31T00:21:35Z,406,29,1,5,1,0,1,1,1,1785457281
2026-07-31T00:21:35Z,407,9,0,24,1,0,1,1,1,1785456965
2026-07-31T00:21:35Z,408,2,2,31,0,0,1,1,1,1785457008
2026-07-31T00:21:35Z,409,17,2,1,5,0,1,1,1,1785457248
2026-07-31T00:21:35Z,413,6,1,16,1,0,1,1,1,1785457038
2026-07-31T00:21:35Z,414,12,2,3,0,0,1,1,1,1785457090
2026-07-31T00:21:35Z,417,6,5,13,0,0,1,1,1,1785456861
2026-07-31T00:21:35Z,418,0,0,14,1,0,1,1,1,1785456376
2026-07-31T00:21:35Z,419,12,0,10,1,0,1,1,1,1785456812
2026-07-31T00:21:35Z,421,16,1,3,0,0,1,1,1,1785457211
2026-07-31T00:21:35Z,422,8,4,19,0,0,1,1,1,1785457195
2026-07-31T00:21:35Z,423,4,0,18,1,0,1,1,1,1785457106
2026-07-31T00:21:35Z,424,1,0,10,4,0,1,1,1,1785457269
2026-07-31T00:21:35Z,425,5,2,16,0,1,1,1,1,1785456889
2026-07-31T00:21:35Z,426,13,0,22,2,0,1,1,1,1785456874
2026-07-31T00:21:35Z,427,2,0,12,1,0,1,1,1,1785457081
2026-07-31T00:21:35Z,428,14,4,4,1,0,1,1,1,1785456914
2026-07-31T00:21:35Z,429,6,1,13,4,0,1,1,1,1785457017
2026-07-31T00:21:35Z,430,6,1,24,1,0,1,1,1,1785457223
2026-07-31T00:21:35Z,431,14,3,18,1,0,1,1,1,1785457215
2026-07-31T00:21:35Z,432,17,1,13,1,0,1,1,1,1785457284
2026-07-31T00:21:35Z,433,8,2,14,1,0,1,1,1,1785457264
2026-07-31T00:21:35Z,437,13,5,5,1,0,1,1,1,1785457268
2026-07-31T00:21:35Z,438,1,0,17,1,0,1,1,1,1785457116
2026-07-31T00:21:35Z,439,9,2,6,0,0,1,1,1,1785457157
2026-07-31T00:21:35Z,440,3,1,10,2,0,1,1,1,1785457090
2026-07-31T00:21:35Z,441,1,0,14,0,0,1,1,1,1785457146
2026-07-31T00:21:35Z,442,10,4,8,1,0,1,1,1,1785456722
2026-07-31T00:21:35Z,443,3,0,24,0,0,1,1,1,1785456698
2026-07-31T00:21:35Z,444,2,1,21,0,0,1,1,1,1785455134
2026-07-31T00:21:35Z,445,7,2,15,1,0,1,1,1,1785457021
2026-07-31T00:21:35Z,446,1,0,20,2,0,1,1,1,1785456519
2026-07-31T00:21:35Z,447,1,0,20,1,1,1,1,1,1785441257
2026-07-31T00:21:35Z,448,10,2,3,1,1,1,1,1,1785456999
2026-07-31T00:21:35Z,452,5,3,13,1,0,1,1,1,1785456843
2026-07-31T00:21:35Z,453,2,0,12,1,0,1,1,1,1785457190
2026-07-31T00:21:35Z,454,1,0,18,0,0,1,1,1,1785456768
2026-07-31T00:21:35Z,455,3,0,36,0,0,1,1,1,1785456667
2026-07-31T00:21:35Z,456,15,6,4,1,0,1,1,1,1785457243
2026-07-31T00:21:35Z,457,0,0,25,2,0,1,1,1,1785456885
2026-07-31T00:21:35Z,458,7,4,15,1,0,1,1,1,1785456479
2026-07-31T00:21:35Z,459,9,0,6,0,0,1,1,1,1785456631
2026-07-31T00:21:35Z,460,12,2,10,1,0,1,1,1,1785456814
2026-07-31T00:21:35Z,461,5,1,12,2,0,1,1,1,1785457273
2026-07-31T00:21:35Z,462,1,1,20,0,0,1,1,1,1785457051
2026-07-31T00:21:35Z,463,8,2,11,0,0,1,1,1,1785456523
2026-07-31T00:21:35Z,464,1,0,13,0,0,1,1,1,1785456155
2026-07-31T00:21:35Z,465,3,3,12,0,0,1,1,1,1785456983
2026-07-31T00:21:35Z,466,8,3,6,1,0,1,1,1,1785456800
2026-07-31T00:21:35Z,467,3,0,16,0,0,1,1,1,1785456597
2026-07-31T00:21:35Z,468,16,1,3,0,0,1,1,1,1785456599
2026-07-31T00:21:35Z,469,3,0,19,1,0,1,1,1,1785457000
2026-07-31T00:21:35Z,470,9,0,5,1,0,1,1,1,1785457063
2026-07-31T00:21:35Z,471,21,1,6,0,0,1,1,1,1785456564
2026-07-31T00:21:35Z,472,8,3,10,1,0,1,1,1,1785457078
2026-07-31T00:21:35Z,473,7,4,10,2,0,1,1,1,1785457159
2026-07-31T00:21:35Z,474,9,1,8,2,0,1,1,1,1785457214
2026-07-31T00:21:35Z,475,1,0,18,0,0,1,1,1,1785455940
2026-07-31T00:21:35Z,477,5,1,10,0,0,1,1,1,1785457196
2026-07-31T00:21:35Z,478,29,1,2,0,0,1,1,1,1785457244
2026-07-31T00:21:35Z,479,8,0,18,1,0,1,1,1,1785457064
2026-07-31T00:21:35Z,480,4,1,9,2,0,1,1,1,1785456057
2026-07-31T00:21:35Z,481,15,0,18,2,0,1,1,1,1785457276
2026-07-31T00:21:35Z,482,2,0,17,0,0,1,1,1,1785456908
2026-07-31T00:21:35Z,483,11,2,13,3,0,1,1,1,1785457067
2026-07-31T00:21:35Z,484,2,0,17,0,0,1,1,1,1785457281
2026-07-31T00:21:35Z,485,8,6,8,2,1,1,1,1,1785457124
2026-07-31T00:21:35Z,486,4,0,21,2,0,1,1,1,1785457031
2026-07-31T00:21:35Z,487,3,1,15,1,0,1,1,1,1785456598
2026-07-31T00:21:35Z,489,5,3,10,0,0,1,1,1,1785456965
2026-07-31T00:21:35Z,490,5,1,11,0,0,1,1,1,1785457213
2026-07-31T00:21:35Z,491,19,2,2,0,0,1,1,1,1785453065
2026-07-31T00:21:35Z,492,3,3,4,4,0,1,1,1,1785457282
2026-07-31T00:21:35Z,493,1,0,25,1,0,1,1,1,1785455445
2026-07-31T00:21:35Z,495,11,3,3,1,0,1,1,1,1785457121
2026-07-31T00:21:35Z,496,17,1,8,2,0,1,1,1,1785457272
2026-07-31T00:21:35Z,497,4,1,14,1,0,1,1,1,1785457158
2026-07-31T00:21:35Z,498,4,4,19,0,0,1,1,1,1785457012
2026-07-31T00:21:35Z,499,7,2,12,0,0,1,1,1,1785455318
2026-07-31T00:21:35Z,500,5,5,6,4,0,1,1,1,1785456712
2026-07-31T00:21:35Z,501,1,0,19,1,0,1,1,1,1785456589
2026-07-31T00:21:35Z,502,1,0,18,0,0,1,1,1,1785455864
2026-07-31T00:21:35Z,503,21,0,9,1,0,1,1,1,1785457251
2026-07-31T00:21:35Z,504,12,2,26,1,0,1,1,1,1785457251
2026-07-31T00:21:35Z,505,4,1,7,1,0,1,1,1,1785456924
2026-07-31T00:21:35Z,511,0,0,23,0,0,1,1,1,1785456292
2026-07-31T00:21:35Z,512,6,0,21,0,0,1,1,1,1785457271
2026-07-31T00:21:35Z,514,9,1,0,2,0,1,1,1,1785456975
2026-07-31T00:21:35Z,515,4,0,15,0,0,1,1,1,1785457241
2026-07-31T00:21:35Z,516,1,0,26,0,0,1,1,1,1785454843
2026-07-31T00:21:35Z,517,6,0,16,1,0,1,1,1,1785456465
2026-07-31T00:21:35Z,518,11,2,3,1,0,1,1,1,1785457116
2026-07-31T00:21:35Z,519,3,2,15,1,0,1,1,1,1785456090
2026-07-31T00:21:35Z,520,9,3,13,4,1,1,1,1,1785457281
2026-07-31T00:21:35Z,521,2,2,21,0,0,1,1,1,1785456957
2026-07-31T00:21:35Z,522,23,0,0,0,0,1,1,1,1785457100
2026-07-31T00:21:35Z,523,3,1,19,1,0,1,1,1,1785456187
2026-07-31T00:21:35Z,524,23,2,0,0,0,1,1,1,1785456855
2026-07-31T00:21:35Z,525,12,0,7,0,0,1,1,1,1785456993
2026-07-31T00:21:35Z,526,13,3,1,1,0,1,1,1,1785457032
2026-07-31T00:21:35Z,527,0,0,23,3,0,1,1,1,1785457170
2026-07-31T00:21:35Z,528,17,0,5,1,0,1,1,1,1785457231
2026-07-31T00:21:35Z,529,1,0,13,5,0,1,1,1,1785457281
2026-07-31T00:21:35Z,530,2,0,18,1,0,1,1,1,1785456729
2026-07-31T00:21:35Z,531,9,1,13,0,1,1,1,1,1785457137
2026-07-31T00:21:35Z,532,4,3,25,1,1,1,1,1,1785456410
2026-07-31T00:21:35Z,533,9,0,8,2,0,1,1,1,1785457238
2026-07-31T00:21:35Z,534,0,0,23,0,0,1,1,1,1785455222
2026-07-31T00:21:35Z,535,1,1,13,1,0,1,1,1,1785455811
2026-07-31T00:21:35Z,536,0,0,23,0,0,1,1,1,1785456518
2026-07-31T00:21:35Z,537,17,2,3,0,0,1,1,1,1785457263
2026-07-31T00:21:35Z,538,4,0,16,1,2,1,1,1,1785457230
2026-07-31T00:21:35Z,539,5,5,26,0,0,1,1,1,1785455381
2026-07-31T00:21:35Z,540,1,1,18,0,0,1,1,1,1785456568
2026-07-31T00:21:35Z,541,12,3,14,1,0,1,1,1,1785457277
2026-07-31T00:21:35Z,542,0,0,23,0,0,1,1,1,1785456936
2026-07-31T00:21:35Z,543,5,0,14,0,0,1,1,1,1785457234
2026-07-31T00:21:35Z,544,13,2,5,4,0,1,1,1,1785457247
2026-07-31T00:21:35Z,545,9,0,4,6,0,1,1,1,1785456951
2026-07-31T00:21:35Z,546,0,0,19,0,0,1,1,1,1785456974
2026-07-31T00:21:35Z,547,0,0,25,0,0,1,1,1,1785457105
2026-07-31T00:21:35Z,548,14,0,9,0,0,1,1,1,1785457033
2026-07-31T00:21:35Z,549,18,1,4,1,0,1,1,1,1785457280
2026-07-31T00:21:35Z,550,1,1,18,0,0,1,1,1,1785455404
2026-07-31T00:21:35Z,551,12,3,11,0,0,1,1,1,1785455805
2026-07-31T00:21:35Z,552,5,1,22,0,0,1,1,1,1785457156
2026-07-31T00:21:35Z,553,1,1,21,0,1,1,1,1,1785457152
2026-07-31T00:21:35Z,554,1,1,18,0,0,1,1,1,1785455798
2026-07-31T00:21:35Z,555,11,5,3,1,0,1,1,1,1785454850
2026-07-31T00:21:35Z,556,2,1,20,1,0,1,1,1,1785456983
2026-07-31T00:21:35Z,557,2,1,15,6,0,1,1,1,1785457188
2026-07-31T00:21:35Z,558,6,6,27,4,0,1,1,1,1785457092
2026-07-31T00:21:35Z,559,1,0,17,1,0,1,1,1,1785453703
2026-07-31T00:21:35Z,560,11,0,16,0,0,1,1,1,1785456236
2026-07-31T00:21:35Z,561,15,2,7,1,0,1,1,1,1785456286
2026-07-31T00:21:35Z,562,4,0,27,4,0,1,1,1,1785456756
2026-07-31T00:21:35Z,563,9,0,5,0,0,1,1,1,1785457277
2026-07-31T00:21:35Z,564,6,1,12,1,0,1,1,1,1785456194
2026-07-31T00:21:35Z,565,5,0,13,1,0,1,1,1,1785456520
2026-07-31T00:21:35Z,566,14,0,4,1,0,1,1,1,1785457174
2026-07-31T00:21:35Z,567,7,1,19,1,0,1,1,1,1785457107
2026-07-31T00:21:35Z,568,5,0,12,2,0,1,1,1,1785457071
2026-07-31T00:21:35Z,569,14,0,5,0,0,1,1,1,1785456967
2026-07-31T00:21:35Z,570,0,0,19,0,0,1,1,1,1785457229
2026-07-31T00:21:35Z,571,9,0,14,0,0,1,1,1,1785457256
2026-07-31T00:21:35Z,572,15,2,2,2,0,1,1,1,1785456023
2026-07-31T00:21:35Z,573,8,0,7,0,0,1,1,1,1785456885
2026-07-31T00:21:35Z,574,9,2,6,0,0,1,1,1,1785455960
2026-07-31T00:21:35Z,575,8,1,12,1,0,1,1,1,1785457280
2026-07-31T00:21:35Z,576,2,1,17,0,0,1,1,1,1785456564
2026-07-31T00:21:35Z,577,24,0,7,0,0,1,1,1,1785457004
2026-07-31T00:21:35Z,578,14,4,8,1,0,1,1,1,1785457261
2026-07-31T00:21:35Z,579,31,1,12,0,0,1,1,1,1785456943
2026-07-31T00:21:35Z,580,7,0,22,0,0,1,1,1,1785457002
2026-07-31T00:21:35Z,581,14,0,5,0,0,1,1,1,1785457220
2026-07-31T00:21:35Z,582,8,1,51,2,0,1,1,1,1785457281
2026-07-31T00:21:35Z,583,14,0,9,0,0,1,1,1,1785456921
2026-07-31T00:21:35Z,584,1,1,13,5,0,1,1,1,1785456445
2026-07-31T00:21:35Z,585,12,1,13,1,1,1,1,1,1785456715
2026-07-31T00:21:35Z,586,31,1,3,1,0,1,1,1,1785457096
2026-07-31T00:21:35Z,587,23,0,0,1,0,1,1,1,1785456767
2026-07-31T00:21:35Z,588,0,0,15,4,0,1,1,1,1785457007
2026-07-31T00:21:35Z,589,0,0,0,23,0,1,1,1,1785457097
2026-07-31T00:21:35Z,590,3,2,28,0,0,1,1,1,1785457270
2026-07-31T00:21:35Z,591,3,0,25,2,0,1,1,1,1785457223
2026-07-31T00:21:35Z,592,6,1,17,0,0,1,1,1,1785457262
2026-07-31T00:21:35Z,593,9,0,28,1,0,1,1,1,1785457278
2026-07-31T00:21:35Z,594,15,0,6,0,0,1,1,1,1785456423
2026-07-31T00:21:35Z,595,0,0,3,0,0,0,1,1,1784046673
2026-07-31T00:21:35Z,605,0,0,2,1,0,0,1,1,1783975843
2026-07-31T00:21:35Z,606,0,0,0,0,0,0,1,1,86400
2026-07-31T00:21:35Z,607,18,0,13,1,0,1,1,1,1785457221
2026-07-31T00:21:35Z,608,7,4,43,0,0,1,1,1,1785457195
2026-07-31T00:21:35Z,609,3,3,20,0,0,1,1,1,1785457112
2026-07-31T00:21:35Z,610,15,0,20,0,0,1,1,1,1785457282
2026-07-31T00:21:35Z,611,23,0,3,1,0,1,1,1,1785456225
2026-07-31T00:21:35Z,612,7,1,8,0,0,1,1,1,1785455780
2026-07-31T00:21:35Z,613,10,0,1,4,0,1,1,1,1785455457
2026-07-31T00:21:35Z,614,1,1,23,2,1,1,1,1,1785457105
2026-07-31T00:21:35Z,617,5,1,8,2,0,1,1,1,1785456747
2026-07-31T00:21:35Z,618,12,3,3,4,0,1,1,1,1785456760
2026-07-31T00:21:35Z,619,4,4,15,0,0,1,1,1,1785456182
2026-07-31T00:21:35Z,620,8,0,18,1,0,1,1,1,1785456469
2026-07-31T00:21:35Z,621,9,3,13,1,0,1,1,1,1785457261
2026-07-31T00:21:35Z,622,17,10,4,2,0,1,1,1,1785456636
2026-07-31T00:21:35Z,623,6,1,23,1,0,1,1,1,1785457042
2026-07-31T00:21:35Z,624,6,1,9,0,0,1,1,1,1785456845
2026-07-31T00:21:35Z,625,2,0,18,1,0,1,1,1,1785456708
2026-07-31T00:21:35Z,626,5,0,39,1,2,1,1,1,1785456528
2026-07-31T00:21:35Z,627,15,6,4,0,0,1,1,1,1785457203
2026-07-31T00:21:35Z,628,4,4,14,0,1,1,1,1,1785455145
2026-07-31T00:21:35Z,629,8,3,1,2,0,1,1,1,1785457023
2026-07-31T00:21:35Z,630,1,0,23,3,0,1,1,1,1785457113
2026-07-31T00:21:35Z,631,10,0,13,0,0,1,1,1,1785457222
2026-07-31T00:21:35Z,632,22,2,0,1,0,1,1,1,1785455012
2026-07-31T00:21:35Z,633,12,2,0,3,0,1,1,1,1785457162
2026-07-31T00:21:35Z,634,4,1,14,1,0,1,1,1,1785456259
2026-07-31T00:21:35Z,635,11,1,8,0,0,1,1,1,1785455818
2026-07-31T00:21:35Z,636,8,1,6,1,0,1,1,1,1785456459
2026-07-31T00:21:35Z,637,8,1,11,0,0,1,1,1,1785456458
2026-07-31T00:21:35Z,638,8,2,8,3,0,1,1,1,1785455929
2026-07-31T00:21:35Z,639,4,1,13,2,0,1,1,1,1785455668
2026-07-31T00:21:35Z,640,2,2,20,1,0,1,1,1,1785457124
2026-07-31T00:21:35Z,641,4,0,21,1,0,1,1,1,1785457263
2026-07-31T00:21:35Z,642,0,0,11,8,0,1,1,1,1785457283
2026-07-31T00:21:35Z,643,6,0,15,6,0,1,1,1,1785457118
2026-07-31T00:21:35Z,644,7,0,7,1,0,1,1,1,1785456775
2026-07-31T00:21:35Z,645,11,1,11,0,1,1,1,1,1785456688
2026-07-31T00:21:35Z,646,1,0,18,0,0,1,1,1,1785455575
2026-07-31T00:21:35Z,647,0,0,31,0,0,1,1,1,1785457215
2026-07-31T00:21:35Z,648,6,1,11,1,1,1,1,1,1785457078
2026-07-31T00:21:35Z,649,3,2,27,1,0,1,1,1,1785456789
2026-07-31T00:21:35Z,650,4,1,10,0,0,1,1,1,1785453435
2026-07-31T00:21:35Z,651,3,1,20,0,0,1,1,1,1785457215
2026-07-31T00:21:35Z,652,2,0,19,2,0,1,1,1,1785457105
2026-07-31T00:21:35Z,653,1,1,17,1,0,1,1,1,1785455902
2026-07-31T00:21:35Z,654,5,4,10,0,0,1,1,1,1785457262
2026-07-31T00:21:35Z,655,5,2,3,4,1,1,1,1,1785457168
2026-07-31T00:21:35Z,656,13,6,6,0,0,1,1,1,1785457000
2026-07-31T00:21:35Z,657,12,6,2,2,1,1,1,1,1785457093
2026-07-31T00:21:35Z,658,6,0,4,0,0,1,1,1,1785453591
2026-07-31T00:21:35Z,659,10,4,4,1,0,1,1,1,1785455225
2026-07-31T00:21:35Z,660,1,1,27,3,0,1,1,1,1785457230
2026-07-31T00:21:35Z,661,3,1,16,0,0,1,1,1,1785457196
2026-07-31T00:21:35Z,662,7,3,13,3,0,1,1,1,1785455721
2026-07-31T00:21:35Z,663,3,1,11,1,0,1,1,1,1785457137
2026-07-31T00:21:35Z,664,2,1,25,0,0,1,1,1,1785456799
2026-07-31T00:21:35Z,665,9,2,6,0,0,1,1,1,1785455754
2026-07-31T00:21:35Z,666,5,3,8,2,0,1,1,1,1785456224
2026-07-31T00:21:35Z,667,14,1,5,0,0,1,1,1,1785457201
2026-07-31T00:21:35Z,668,12,0,6,1,0,1,1,1,1785457028
2026-07-31T00:21:35Z,669,8,2,6,0,0,1,1,1,1785457010
2026-07-31T00:21:35Z,670,5,2,22,0,0,1,1,1,1785457180
2026-07-31T00:21:35Z,671,17,0,9,1,0,1,1,1,1785457192
2026-07-31T00:21:35Z,672,3,1,16,3,1,1,1,1,1785457096
2026-07-31T00:21:35Z,673,2,1,20,1,0,1,1,1,1785456661
2026-07-31T00:21:35Z,674,5,5,16,2,0,1,1,1,1785457261
2026-07-31T00:21:35Z,675,5,0,8,2,0,1,1,1,1785457281
2026-07-31T00:21:35Z,676,12,2,10,0,0,1,1,1,1785457014
2026-07-31T00:21:35Z,681,3,1,10,2,0,1,1,1,1785457238
2026-07-31T00:21:35Z,682,4,1,14,1,0,1,1,1,1785387864
2026-07-31T00:21:35Z,683,4,1,15,0,0,1,1,1,1785456759
2026-07-31T00:21:35Z,684,2,0,25,0,0,1,1,1,1785456431
2026-07-31T00:21:35Z,685,5,0,20,1,1,1,1,1,1785455460
2026-07-31T00:21:35Z,686,11,0,14,1,1,1,1,1,1785457219
2026-07-31T00:21:35Z,687,14,0,15,1,1,1,1,1,1785457195
2026-07-31T00:21:35Z,688,8,0,4,7,0,1,1,1,1785457140
2026-07-31T00:21:35Z,692,0,0,21,0,0,1,1,1,1785456750
2026-07-31T00:21:35Z,693,7,0,1,3,0,1,1,1,1785456398
2026-07-31T00:21:35Z,694,8,5,12,1,0,1,1,1,1785456064
2026-07-31T00:21:35Z,695,9,5,14,0,0,1,1,1,1785456984
2026-07-31T00:21:35Z,696,17,10,6,0,0,1,1,1,1785456700
2026-07-31T00:21:35Z,697,12,0,11,0,0,1,1,1,1785457255
2026-07-31T00:21:35Z,698,27,2,0,0,0,1,1,1,1785457267
2026-07-31T00:21:35Z,699,6,0,8,1,0,1,1,1,1785456626
2026-07-31T00:21:35Z,700,16,3,3,0,0,1,1,1,1785456704
2026-07-31T00:21:35Z,701,11,4,7,1,0,1,1,1,1785457123
2026-07-31T00:21:35Z,702,2,1,21,0,0,1,1,1,1785457177
2026-07-31T00:21:35Z,704,7,1,8,0,0,1,1,1,1785455588
2026-07-31T00:21:35Z,705,2,2,12,1,0,1,1,1,1785456867
2026-07-31T00:21:35Z,706,9,0,3,3,0,1,1,1,1785456135
2026-07-31T00:21:35Z,707,3,2,10,2,0,1,1,1,1785456833
2026-07-31T00:21:35Z,708,16,0,3,0,0,1,1,1,1785457076
2026-07-31T00:21:35Z,709,7,0,4,4,0,1,1,1,1785457161
2026-07-31T00:21:35Z,710,11,1,8,0,0,1,1,1,1785456783
2026-07-31T00:21:35Z,711,12,4,10,1,0,1,1,1,1785456238
2026-07-31T00:21:35Z,712,7,2,8,0,0,1,1,1,1785456911
2026-07-31T00:21:35Z,713,0,0,23,0,0,1,1,1,1785457206
2026-07-31T00:21:35Z,716,1,1,14,0,0,1,1,1,1785456504
2026-07-31T00:21:35Z,717,2,0,20,3,0,1,1,1,1785456534
2026-07-31T00:21:35Z,718,5,1,9,1,0,1,1,1,1785456396
2026-07-31T00:21:35Z,719,5,1,24,0,0,1,1,1,1785455680
2026-07-31T00:21:35Z,720,2,1,17,0,0,1,1,1,1785456810
2026-07-31T00:21:35Z,721,1,0,20,2,0,1,1,1,1785456787
2026-07-31T00:21:35Z,722,2,0,13,0,0,1,1,1,1785456554
2026-07-31T00:21:35Z,723,12,2,11,0,0,1,1,1,1785456499
2026-07-31T00:21:35Z,724,15,5,8,0,0,1,1,1,1785456469
2026-07-31T00:21:35Z,725,5,0,18,0,0,1,1,1,1785457249
2026-07-31T00:21:35Z,726,8,1,11,0,0,1,1,1,1785456697
2026-07-31T00:21:35Z,727,9,4,12,2,0,1,1,1,1785455662
2026-07-31T00:21:35Z,728,10,1,5,0,0,1,1,1,1785457116
2026-07-31T00:21:35Z,729,19,3,0,0,0,1,1,1,1785456926
2026-07-31T00:21:35Z,730,3,2,10,2,0,1,1,1,1785455891
2026-07-31T00:21:35Z,731,7,1,8,0,0,1,1,1,1785456847
2026-07-31T00:21:35Z,732,2,2,13,0,0,1,1,1,1785456041
2026-07-31T00:21:35Z,733,21,0,4,2,0,1,1,1,1785457282
2026-07-31T00:21:35Z,734,4,1,10,0,0,1,1,1,1785456937
2026-07-31T00:21:35Z,735,0,0,27,0,0,1,1,1,1785456868
2026-07-31T00:21:35Z,736,5,0,14,0,0,1,1,1,1785457227
2026-07-31T00:21:35Z,737,1,0,11,2,1,1,1,1,1785457159
2026-07-31T00:21:35Z,738,7,0,10,2,0,1,1,1,1785457275
2026-07-31T00:21:35Z,739,18,2,8,1,0,1,1,1,1785456721
2026-07-31T00:21:35Z,741,5,1,18,0,0,1,1,1,1785457106
2026-07-31T00:21:35Z,742,17,7,16,2,0,1,1,1,1785457075
2026-07-31T00:21:35Z,743,2,1,16,1,0,1,1,1,1785456969
2026-07-31T00:21:35Z,744,5,1,10,0,0,1,1,1,1785456952
2026-07-31T00:21:35Z,745,14,4,4,1,0,1,1,1,1785455665
2026-07-31T00:21:35Z,746,6,2,14,3,0,1,1,1,1785456923
2026-07-31T00:21:35Z,747,0,0,4,0,0,0,1,1,1783446606
2026-07-31T00:21:35Z,748,10,1,13,0,0,1,1,1,1785456547
2026-07-31T00:21:35Z,749,1,1,22,0,0,1,1,1,1785456792
2026-07-31T00:21:35Z,750,4,3,7,0,0,1,1,1,1785456891
2026-07-31T00:21:35Z,751,5,5,17,1,0,1,1,1,1785457172
2026-07-31T00:21:35Z,752,6,0,10,1,0,1,1,1,1785456668
2026-07-31T00:21:35Z,753,15,2,0,0,0,1,1,1,1785456382
2026-07-31T00:21:35Z,754,2,1,12,1,0,1,1,1,1785456292
2026-07-31T00:21:35Z,755,4,0,18,1,0,1,1,1,1785457154
2026-07-31T00:21:35Z,756,0,0,35,2,0,1,1,1,1785456913
2026-07-31T00:21:35Z,757,3,0,16,0,0,1,1,1,1785456942
2026-07-31T00:21:35Z,758,9,8,14,0,0,1,1,1,1785457274
2026-07-31T00:21:35Z,759,5,3,10,0,0,1,1,1,1785455809
2026-07-31T00:21:35Z,760,6,2,12,1,0,1,1,1,1785456620
2026-07-31T00:21:35Z,761,6,1,17,0,0,1,1,1,1785457003
2026-07-31T00:21:35Z,762,6,4,5,4,0,1,1,1,1785456703
2026-07-31T00:21:35Z,768,9,0,8,2,0,1,1,1,1785455927
2026-07-31T00:21:35Z,769,18,7,1,0,0,1,1,1,1785457270
2026-07-31T00:21:35Z,770,10,2,7,2,0,1,1,1,1785457271
2026-07-31T00:21:35Z,771,13,3,1,1,0,1,1,1,1785456685
2026-07-31T00:21:35Z,772,2,2,12,1,0,1,1,1,1785456464
2026-07-31T00:21:35Z,773,5,4,14,0,0,1,1,1,1785457221
2026-07-31T00:21:35Z,774,0,0,11,4,0,1,1,1,1785457258
2026-07-31T00:21:35Z,775,7,0,10,1,1,1,1,1,1785456579
2026-07-31T00:21:35Z,776,3,1,17,1,0,1,1,1,1785455617
2026-07-31T00:21:35Z,777,9,2,3,3,0,1,1,1,1785457238
2026-07-31T00:21:35Z,778,13,0,3,3,0,1,1,1,1785457174
2026-07-31T00:21:35Z,779,8,1,10,1,0,1,1,1,1785456984
2026-07-31T00:21:35Z,780,7,2,11,1,0,1,1,1,1785457270
2026-07-31T00:21:35Z,781,2,0,7,2,0,1,1,1,1785456677
2026-07-31T00:21:35Z,782,1,0,15,3,0,1,1,1,1785456991
2026-07-31T00:21:35Z,783,4,0,15,0,0,1,1,1,1785456298
2026-07-31T00:21:35Z,784,3,0,15,1,0,1,1,1,1785457087
2026-07-31T00:21:35Z,785,9,0,4,6,0,1,1,1,1785456448
2026-07-31T00:21:35Z,786,8,2,11,0,0,1,1,1,1785456072
2026-07-31T00:21:35Z,787,10,5,3,2,0,1,1,1,1785455756
2026-07-31T00:21:35Z,788,4,0,11,0,0,1,1,1,1785456789
2026-07-31T00:21:35Z,789,5,2,6,4,0,1,1,1,1785457046
2026-07-31T00:21:35Z,790,4,0,19,0,0,1,1,1,1785456878
2026-07-31T00:21:35Z,791,6,0,12,0,1,1,1,1,1785456797
2026-07-31T00:21:35Z,793,4,0,10,1,0,1,1,1,1785457203
2026-07-31T00:21:35Z,794,12,2,16,1,0,1,1,1,1785457192
2026-07-31T00:21:35Z,796,7,4,11,1,0,1,1,1,1785456928
2026-07-31T00:21:35Z,797,0,0,15,0,0,1,1,1,1785457272
2026-07-31T00:21:35Z,798,6,0,18,1,0,1,1,1,1785456677
2026-07-31T00:21:35Z,799,12,4,3,4,0,1,1,1,1785456896
2026-07-31T00:21:35Z,800,11,2,9,1,0,1,1,1,1785457275
2026-07-31T00:21:35Z,801,1,1,19,1,0,1,1,1,1785457206
2026-07-31T00:21:35Z,802,12,1,19,0,0,1,1,1,1785456963
2026-07-31T00:21:35Z,803,0,0,14,1,0,1,1,1,1785456754
2026-07-31T00:21:35Z,806,6,6,7,2,0,1,1,1,1785457066
2026-07-31T00:21:35Z,807,0,0,24,1,0,1,1,1,1785457279
2026-07-31T00:21:35Z,808,3,0,21,1,0,1,1,1,1785454239
2026-07-31T00:21:35Z,809,5,1,17,1,0,1,1,1,1785456874
2026-07-31T00:21:35Z,810,2,0,13,4,0,1,1,1,1785456322
2026-07-31T00:21:35Z,815,10,2,0,4,1,1,1,1,1785456899
2026-07-31T00:21:35Z,817,8,4,7,0,0,1,1,1,1785457069
2026-07-31T00:21:35Z,818,6,0,16,1,0,1,1,1,1785456757
2026-07-31T00:21:35Z,819,6,4,9,0,0,1,1,1,1785455226
2026-07-31T00:21:35Z,820,6,1,11,0,0,1,1,1,1785456219
2026-07-31T00:21:35Z,821,2,2,13,0,0,1,1,1,1785457151
2026-07-31T00:21:35Z,822,17,1,4,2,0,1,1,1,1785457260
2026-07-31T00:21:35Z,823,8,0,6,1,0,1,1,1,1785457122
2026-07-31T00:21:35Z,824,14,5,4,1,0,1,1,1,1785457040
2026-07-31T00:21:35Z,825,10,5,5,0,0,1,1,1,1785457075
2026-07-31T00:21:35Z,826,5,0,12,2,0,1,1,1,1785456351
2026-07-31T00:21:35Z,827,11,5,9,1,0,1,1,1,1785457277
2026-07-31T00:21:35Z,828,8,2,8,2,0,1,1,1,1785457187
2026-07-31T00:21:35Z,829,13,6,14,0,0,1,1,1,1785456180
2026-07-31T00:21:35Z,830,17,0,5,1,0,1,1,1,1785457279
2026-07-31T00:21:35Z,831,4,3,10,1,0,1,1,1,1785456596
2026-07-31T00:21:35Z,832,11,5,4,3,0,1,1,1,1785456609
2026-07-31T00:21:35Z,833,2,2,16,1,0,1,1,1,1785456373
2026-07-31T00:21:35Z,834,2,0,19,3,0,1,1,1,1785457246
2026-07-31T00:21:35Z,835,1,0,15,2,0,1,1,1,1785456930
2026-07-31T00:21:35Z,837,5,1,0,10,0,1,1,1,1785456595
2026-07-31T00:21:35Z,838,14,1,0,1,0,1,1,1,1785457218
2026-07-31T00:21:35Z,839,27,1,2,0,0,1,1,1,1785457258
2026-07-31T00:21:35Z,840,3,0,24,2,0,1,1,1,1785457131
2026-07-31T00:21:35Z,841,8,1,7,0,0,1,1,1,1785456595
2026-07-31T00:21:35Z,842,6,1,17,0,0,1,1,1,1785457151
2026-07-31T00:21:35Z,843,9,0,21,1,0,1,1,1,1785456411
2026-07-31T00:21:35Z,844,5,1,18,0,0,1,1,1,1785456335
2026-07-31T00:21:35Z,845,5,3,12,2,0,1,1,1,1785456698
2026-07-31T00:21:35Z,846,5,1,12,2,0,1,1,1,1785455837
2026-07-31T00:21:35Z,847,4,1,23,0,0,1,1,1,1785455525
2026-07-31T00:21:35Z,848,7,0,11,1,0,1,1,1,1785454449
2026-07-31T00:21:35Z,849,9,2,5,1,0,1,1,1,1785455710
2026-07-31T00:21:35Z,850,9,0,1,1,0,1,1,1,1785456110
2026-07-31T00:21:35Z,851,0,0,35,2,0,1,1,1,1785455617
2026-07-31T00:21:35Z,852,9,3,9,1,0,1,1,1,1785456834
2026-07-31T00:21:35Z,853,8,4,15,0,0,1,1,1,1785457245
2026-07-31T00:21:35Z,854,2,2,13,0,0,1,1,1,1785455581
2026-07-31T00:21:35Z,855,11,1,16,0,0,1,1,1,1785456553
2026-07-31T00:21:35Z,857,1,1,17,1,0,1,1,1,1785457100
2026-07-31T00:21:35Z,858,4,1,14,1,0,1,1,1,1785457047
2026-07-31T00:21:35Z,859,4,0,17,0,0,1,1,1,1785457272
2026-07-31T00:21:35Z,861,8,1,2,1,0,1,1,1,1785455675
2026-07-31T00:21:35Z,862,1,1,14,0,0,1,1,1,1785456618
2026-07-31T00:21:35Z,863,9,0,9,1,0,1,1,1,1785455983
2026-07-31T00:21:35Z,866,6,0,12,1,0,1,1,1,1785456853
2026-07-31T00:21:35Z,867,12,0,3,0,0,1,1,1,1785456240
2026-07-31T00:21:35Z,868,13,2,2,0,0,1,1,1,1785456409
2026-07-31T00:21:35Z,870,7,5,7,1,0,1,1,1,1785456621
2026-07-31T00:21:35Z,871,0,0,10,1,0,1,1,1,1785456046
2026-07-31T00:21:35Z,872,0,0,14,1,0,1,1,1,1785456554
2026-07-31T00:21:35Z,873,0,0,32,1,0,1,1,1,1785456379
2026-07-31T00:21:35Z,874,5,0,7,3,0,1,1,1,1785456732
2026-07-31T00:21:35Z,875,14,10,0,1,0,1,1,1,1785456634
2026-07-31T00:21:35Z,877,12,11,6,1,0,1,1,1,1785456088
2026-07-31T00:21:35Z,878,5,4,13,1,0,1,1,1,1785456674
2026-07-31T00:21:35Z,879,2,0,17,0,0,1,1,1,1785455737
2026-07-31T00:21:35Z,880,2,0,20,1,0,1,1,1,1785456636
2026-07-31T00:21:35Z,881,3,0,16,0,0,1,1,1,1785457265
2026-07-31T00:21:35Z,882,9,0,7,3,0,1,1,1,1785454008
2026-07-31T00:21:35Z,883,10,6,9,0,0,1,1,1,1785456849
2026-07-31T00:21:35Z,884,11,7,10,0,0,1,1,1,1785456063
2026-07-31T00:21:35Z,885,1,0,18,0,0,1,1,1,1785456403
2026-07-31T00:21:35Z,886,2,0,26,1,0,1,1,1,1785457103
2026-07-31T00:21:35Z,887,1,1,13,3,0,1,1,1,1785457173
2026-07-31T00:21:35Z,888,39,1,0,2,0,1,1,1,1785457191
2026-07-31T00:21:35Z,889,9,0,8,2,0,1,1,1,1785456739
2026-07-31T00:21:35Z,890,4,1,10,1,0,1,1,1,1785455867
2026-07-31T00:21:35Z,891,11,0,11,1,0,1,1,1,1785456041
2026-07-31T00:21:35Z,892,12,1,3,0,0,1,1,1,1785456450
2026-07-31T00:21:35Z,895,1,0,17,1,0,1,1,1,1785449127
2026-07-31T00:21:35Z,896,21,2,14,0,0,1,1,1,1785456966
2026-07-31T00:21:35Z,897,10,2,11,0,0,1,1,1,1785456565
2026-07-31T00:21:35Z,898,0,0,19,0,0,1,1,1,1785456332
2026-07-31T00:21:35Z,899,7,2,12,0,0,1,1,1,1785457130
2026-07-31T00:21:35Z,900,21,1,6,0,0,1,1,1,1785457212
2026-07-31T00:21:35Z,901,16,2,2,1,0,1,1,1,1785457115
2026-07-31T00:21:35Z,902,11,1,3,1,0,1,1,1,1785456998
2026-07-31T00:21:35Z,903,5,0,14,0,0,1,1,1,1785455623
2026-07-31T00:21:35Z,904,11,5,8,0,0,1,1,1,1785456708
2026-07-31T00:21:35Z,905,3,2,23,1,0,1,1,1,1785456812
2026-07-31T00:21:35Z,906,9,9,18,0,0,1,1,1,1785457284
2026-07-31T00:21:35Z,907,17,3,14,0,0,1,1,1,1785457190
2026-07-31T00:21:35Z,908,7,2,16,0,0,1,1,1,1785456668
2026-07-31T00:21:35Z,909,5,5,18,0,0,1,1,1,1785456230
2026-07-31T00:21:35Z,910,17,0,14,0,0,1,1,1,1785457256
2026-07-31T00:21:35Z,911,9,0,10,0,0,1,1,1,1785456690
2026-07-31T00:21:35Z,912,5,1,15,3,0,1,1,1,1785457185
2026-07-31T00:21:35Z,913,2,0,16,1,0,1,1,1,1785457226
2026-07-31T00:21:35Z,914,9,1,10,0,0,1,1,1,1785457281
2026-07-31T00:21:35Z,915,15,1,7,1,0,1,1,1,1785456785
2026-07-31T00:21:35Z,916,5,3,18,0,0,1,1,1,1785456781
2026-07-31T00:21:35Z,917,24,1,10,1,0,1,1,1,1785457265
2026-07-31T00:21:35Z,918,2,1,15,2,0,1,1,1,1785456727
2026-07-31T00:21:35Z,919,3,1,36,0,0,1,1,1,1785457280
2026-07-31T00:21:35Z,920,3,1,16,0,0,1,1,1,1785457078
2026-07-31T00:21:35Z,921,16,0,4,1,0,1,1,1,1785456744
2026-07-31T00:21:35Z,922,4,0,17,0,0,1,1,1,1785457244
2026-07-31T00:21:35Z,923,17,11,1,1,0,1,1,1,1785456975
2026-07-31T00:21:35Z,924,8,0,13,0,0,1,1,1,1785455576
2026-07-31T00:21:35Z,925,16,2,5,0,0,1,1,1,1785456823
2026-07-31T00:21:35Z,926,3,2,18,0,0,1,1,1,1785457004
2026-07-31T00:21:35Z,927,27,1,8,0,0,1,1,1,1785457078
2026-07-31T00:21:35Z,928,10,0,9,0,0,1,1,1,1785457280
2026-07-31T00:21:35Z,929,2,0,21,0,0,1,1,1,1785456809
2026-07-31T00:21:35Z,930,26,0,2,3,0,1,1,1,1785457146
2026-07-31T00:21:35Z,931,4,3,19,0,0,1,1,1,1785457282
2026-07-31T00:21:35Z,932,13,0,2,4,0,1,1,1,1785457269
2026-07-31T00:21:35Z,933,21,1,1,1,0,1,1,1,1785457271
2026-07-31T00:21:35Z,934,5,0,25,1,0,1,1,1,1785457274
2026-07-31T00:21:35Z,935,7,1,10,2,0,1,1,1,1785457136
2026-07-31T00:21:35Z,936,4,1,15,0,0,1,1,1,1785456801
2026-07-31T00:21:35Z,940,11,3,0,0,0,1,1,1,1785457273
2026-07-31T00:21:35Z,941,4,0,19,2,0,1,1,1,1785457280
2026-07-31T00:21:35Z,942,12,1,9,0,0,1,1,1,1785456889
2026-07-31T00:21:35Z,943,8,8,7,0,0,1,1,1,1785457150
2026-07-31T00:21:35Z,944,9,8,6,0,0,1,1,1,1785456475
2026-07-31T00:21:35Z,945,10,8,5,0,0,1,1,1,1785455983
2026-07-31T00:21:35Z,946,7,5,12,0,0,1,1,1,1785424152
2026-07-31T00:21:35Z,947,7,5,10,0,0,1,1,1,1785456485
2026-07-31T00:21:35Z,948,2,2,25,4,0,1,1,1,1785457251
2026-07-31T00:21:35Z,949,0,0,15,0,0,1,1,1,1785456598
2026-07-31T00:21:35Z,950,3,1,13,1,0,1,1,1,1785457127
2026-07-31T00:21:35Z,951,8,1,15,0,0,1,1,1,1785457230
2026-07-31T00:21:35Z,952,34,2,19,2,0,1,1,1,1785457202
2026-07-31T00:21:35Z,953,12,1,3,0,0,1,1,1,1785457254
2026-07-31T00:21:35Z,954,15,0,4,0,0,1,1,1,1785456992
2026-07-31T00:21:35Z,955,0,0,22,5,0,1,1,1,1785455498
2026-07-31T00:21:35Z,956,18,0,4,1,0,1,1,1,1785457106
2026-07-31T00:21:35Z,957,24,2,4,1,0,1,1,1,1785457056
2026-07-31T00:21:35Z,958,12,0,19,0,0,1,1,1,1785457267
2026-07-31T00:21:35Z,959,11,2,11,1,0,1,1,1,1785456381
2026-07-31T00:21:35Z,960,15,8,7,1,0,1,1,1,1785457082
2026-07-31T00:21:35Z,961,1,0,19,3,0,1,1,1,1785457167
2026-07-31T00:21:35Z,962,5,1,27,3,0,1,1,1,1785455516
2026-07-31T00:21:35Z,963,12,1,10,1,0,1,1,1,1785457092
2026-07-31T00:21:35Z,964,9,6,13,1,0,1,1,1,1785457226
2026-07-31T00:21:35Z,965,2,1,24,1,0,1,1,1,1785456590
2026-07-31T00:21:35Z,966,15,0,16,0,0,1,1,1,1785457125
2026-07-31T00:21:35Z,967,19,1,0,2,0,1,1,1,1785456990
2026-07-31T00:21:35Z,968,4,3,15,0,0,1,1,1,1785456741
2026-07-31T00:21:35Z,969,6,6,18,3,0,1,1,1,1785457257
2026-07-31T00:21:35Z,970,11,3,7,1,0,1,1,1,1785457120
2026-07-31T00:21:35Z,971,15,0,7,1,0,1,1,1,1785457113
2026-07-31T00:21:35Z,972,6,0,16,1,0,1,1,1,1785457210
2026-07-31T00:21:35Z,973,11,8,11,1,0,1,1,1,1785457132
2026-07-31T00:21:35Z,974,12,0,15,0,0,1,1,1,1785457116
2026-07-31T00:21:35Z,977,4,3,14,3,0,1,1,1,1785457170
2026-07-31T00:21:35Z,978,12,3,10,1,0,1,1,1,1785457247
2026-07-31T00:21:35Z,979,0,0,17,0,0,1,1,1,1785457153
2026-07-31T00:21:35Z,980,5,0,15,1,0,1,1,1,1785456749
2026-07-31T00:21:35Z,981,8,2,12,1,0,1,1,1,1785456966
2026-07-31T00:21:35Z,982,3,1,14,2,0,1,1,1,1785456494
2026-07-31T00:21:35Z,983,2,2,20,1,0,1,1,1,1785456877
2026-07-31T00:21:35Z,984,5,0,18,0,0,1,1,1,1785455953
2026-07-31T00:21:35Z,985,21,0,10,0,0,1,1,1,1785457121
2026-07-31T00:21:35Z,986,2,0,17,0,0,1,1,1,1785457136
2026-07-31T00:21:35Z,987,5,0,17,1,0,1,1,1,1785456997
2026-07-31T00:21:35Z,988,5,1,13,1,0,1,1,1,1785456736
2026-07-31T00:21:35Z,989,8,4,11,0,0,1,1,1,1785455629
2026-07-31T00:21:35Z,990,13,1,0,2,0,1,1,1,1785456723
2026-07-31T00:21:35Z,991,8,1,10,1,0,1,1,1,1785456323
2026-07-31T00:21:35Z,992,8,6,14,1,0,1,1,1,1785457187
2026-07-31T00:21:35Z,993,4,0,23,0,0,1,1,1,1785456943
2026-07-31T00:21:35Z,994,1,1,20,0,0,1,1,1,1785456335
2026-07-31T00:21:35Z,995,7,0,20,0,0,1,1,1,1785456603
2026-07-31T00:21:35Z,996,9,1,14,0,0,1,1,1,1785456424
2026-07-31T00:21:35Z,997,11,4,10,2,0,1,1,1,1785457250
2026-07-31T00:21:35Z,998,2,0,20,1,0,1,1,1,1785456829
2026-07-31T00:21:35Z,999,4,2,15,1,1,1,1,1,1785456535
2026-07-31T00:21:35Z,1000,2,0,19,0,0,1,1,1,1785456120
2026-07-31T00:21:35Z,1001,1,0,26,0,0,1,1,1,1785456745
2026-07-31T00:21:35Z,1002,0,0,27,4,0,1,1,1,1785456709
2026-07-31T00:21:35Z,1003,0,0,23,0,0,1,1,1,1785456403
2026-07-31T00:21:35Z,1004,5,0,18,0,0,1,1,1,1785456117
2026-07-31T00:21:35Z,1005,20,1,3,0,0,1,1,1,1785456588
2026-07-31T00:21:35Z,1006,7,4,11,1,0,1,1,1,1785456445
2026-07-31T00:21:35Z,1007,4,1,17,0,0,1,1,1,1785456073
2026-07-31T00:21:35Z,1008,5,4,16,2,0,1,1,1,1785457178
2026-07-31T00:21:35Z,1009,21,4,8,2,0,1,1,1,1785457244
2026-07-31T00:21:35Z,1010,7,2,20,0,0,1,1,1,1785456229
2026-07-31T00:21:35Z,1011,6,1,11,2,0,1,1,1,1785456826
2026-07-31T00:21:35Z,1012,4,3,18,1,0,1,1,1,1785456354
2026-07-31T00:21:35Z,1013,5,1,17,1,0,1,1,1,1785456978
2026-07-31T00:21:35Z,1014,8,3,13,2,0,1,1,1,1785456863
2026-07-31T00:21:35Z,1015,5,4,25,1,0,1,1,1,1785457080
2026-07-31T00:21:35Z,1016,10,5,21,0,0,1,1,1,1785456144
2026-07-31T00:21:35Z,1017,14,5,7,0,0,1,1,1,1785455768
2026-07-31T00:21:35Z,1018,8,2,14,0,0,1,1,1,1785456444
2026-07-31T00:21:35Z,1019,7,5,8,0,0,1,1,1,1785456422
2026-07-31T00:21:35Z,1020,17,3,4,0,0,1,1,1,1785455645
2026-07-31T00:21:35Z,1021,8,3,6,1,0,1,1,1,1785457229
2026-07-31T00:21:35Z,1022,14,0,13,0,0,1,1,1,1785456504
2026-07-31T00:21:35Z,1023,12,1,10,1,0,1,1,1,1785456171
2026-07-31T00:21:35Z,1024,6,3,13,0,0,1,1,1,1785457201
2026-07-31T00:21:35Z,1025,4,1,14,0,1,1,1,1,1785456463
2026-07-31T00:21:35Z,1026,8,4,18,5,0,1,1,1,1785455483
2026-07-31T00:21:35Z,1028,2,0,20,1,0,1,1,1,1785456536
2026-07-31T00:21:35Z,1029,10,9,5,0,0,1,1,1,1785455699
2026-07-31T00:21:35Z,1030,13,5,10,0,0,1,1,1,1785457204
2026-07-31T00:21:35Z,1031,11,0,8,0,0,1,1,1,1785455803
2026-07-31T00:21:35Z,1032,7,1,12,0,0,1,1,1,1785456458
2026-07-31T00:21:35Z,1033,8,5,10,1,0,1,1,1,1785457263
2026-07-31T00:21:35Z,1034,1,0,14,0,0,1,1,1,1785456508
2026-07-31T00:21:35Z,1035,3,0,15,1,0,1,1,1,1785456478
2026-07-31T00:21:35Z,1036,15,1,0,0,0,1,1,1,1785457078
2026-07-31T00:21:35Z,1037,4,1,14,1,0,1,1,1,1785456824
2026-07-31T00:21:35Z,1038,3,1,11,1,0,1,1,1,1785457101
2026-07-31T00:21:35Z,1039,3,2,16,0,0,1,1,1,1785456613
2026-07-31T00:21:35Z,1040,8,4,10,1,0,1,1,1,1785456488
2026-07-31T00:21:35Z,1041,8,2,10,1,0,1,1,1,1785457129
2026-07-31T00:21:35Z,1042,12,0,1,2,0,1,1,1,1785457199
2026-07-31T00:21:35Z,1043,10,1,7,2,0,1,1,1,1785456529
2026-07-31T00:21:35Z,1044,2,1,13,0,0,1,1,1,1785456260
2026-07-31T00:21:35Z,1045,10,0,9,0,0,1,1,1,1785456447
2026-07-31T00:21:35Z,1046,8,0,7,0,0,1,1,1,1785455887
2026-07-31T00:21:35Z,1047,2,0,19,0,0,1,1,1,1785457195
2026-07-31T00:21:35Z,1048,5,1,14,0,0,1,1,1,1785456425
2026-07-31T00:21:35Z,1049,2,0,19,0,0,1,1,1,1785456449
2026-07-31T00:21:35Z,1050,16,5,4,1,0,1,1,1,1785457243
2026-07-31T00:21:35Z,1051,6,3,14,1,0,1,1,1,1785455898
2026-07-31T00:21:35Z,1052,18,2,4,0,0,1,1,1,1785457234
2026-07-31T00:21:35Z,1053,1,1,14,0,0,1,1,1,1785456382
2026-07-31T00:21:35Z,1054,14,1,1,0,0,1,1,1,1785456627
2026-07-31T00:21:35Z,1055,6,1,13,0,0,1,1,1,1785456585
2026-07-31T00:21:35Z,1057,11,1,8,0,0,1,1,1,1785457278
2026-07-31T00:21:35Z,1058,53,0,0,3,0,1,1,1,1785457180
2026-07-31T00:21:35Z,1059,3,0,14,2,0,1,1,1,1785456517
2026-07-31T00:21:35Z,1060,9,1,28,0,0,1,1,1,1785457206
2026-07-31T00:21:35Z,1061,4,0,33,0,0,1,1,1,1785457182
2026-07-31T00:21:35Z,1062,16,5,1,0,0,1,1,1,1785457268
2026-07-31T00:21:35Z,1063,13,2,5,1,0,1,1,1,1785456505
2026-07-31T00:21:35Z,1064,6,2,16,1,0,1,1,1,1785456772
2026-07-31T00:21:35Z,1065,15,3,8,0,0,1,1,1,1785457037
2026-07-31T00:21:35Z,1066,10,1,13,0,0,1,1,1,1785456867
2026-07-31T00:21:35Z,1067,7,1,15,1,0,1,1,1,1785457132
2026-07-31T00:21:35Z,1068,8,2,13,2,0,1,1,1,1785456584
2026-07-31T00:21:35Z,1069,12,3,11,0,0,1,1,1,1785456673
2026-07-31T00:21:35Z,1070,11,2,12,0,0,1,1,1,1785456764
2026-07-31T00:21:35Z,1071,7,4,16,0,0,1,1,1,1785456805
2026-07-31T00:21:35Z,1072,11,1,11,1,0,1,1,1,1785457110
2026-07-31T00:21:35Z,1073,11,3,15,1,0,1,1,1,1785457110
2026-07-31T00:21:35Z,1074,53,0,0,0,0,1,1,1,1785456843
2026-07-31T00:21:35Z,1075,9,8,12,0,0,1,1,1,1785456481
2026-07-31T00:21:35Z,1076,13,11,8,0,0,1,1,1,1785455604
2026-07-31T00:21:35Z,1077,8,5,13,0,0,1,1,1,1785456384
2026-07-31T00:21:35Z,1078,13,10,8,0,0,1,1,1,1785455650
2026-07-31T00:21:35Z,1079,12,9,9,0,0,1,1,1,1785456292
2026-07-31T00:21:35Z,1080,9,7,11,1,0,1,1,1,1785456886
2026-07-31T00:21:35Z,1081,14,9,5,0,0,1,1,1,1785456132
2026-07-31T00:21:35Z,1082,4,4,4,0,0,1,1,1,1785456903
2026-07-31T00:21:35Z,1083,12,10,9,0,0,1,1,1,1785456538
2026-07-31T00:21:35Z,1084,8,7,13,0,0,1,1,1,1785456175
2026-07-31T00:21:35Z,1085,10,10,11,0,0,1,1,1,1785455756
2026-07-31T00:21:35Z,1086,8,7,12,1,0,1,1,1,1785457109
2026-07-31T00:21:35Z,1087,10,9,5,0,0,1,1,1,1785455762
2026-07-31T00:21:35Z,1088,10,7,5,0,0,1,1,1,1785456511
2026-07-31T00:21:35Z,1089,6,4,9,0,0,1,1,1,1785456889
2026-07-31T00:21:35Z,1090,8,7,7,0,0,1,1,1,1785455593
2026-07-31T00:21:35Z,1091,10,5,5,0,0,1,1,1,1785455886
2026-07-31T00:21:35Z,1092,9,9,5,1,0,1,1,1,1785456864
2026-07-31T00:21:35Z,1093,7,6,8,0,0,1,1,1,1785457235
2026-07-31T00:21:35Z,1094,10,8,8,1,0,1,1,1,1785456463
2026-07-31T00:21:35Z,1095,9,8,6,0,0,1,1,1,1785457200
2026-07-31T00:21:35Z,1096,6,3,12,1,0,1,1,1,1785456823
2026-07-31T00:21:35Z,1097,8,8,7,0,0,1,1,1,1785457048
2026-07-31T00:21:35Z,1098,9,7,10,0,0,1,1,1,1785455545
2026-07-31T00:21:35Z,1099,7,6,8,0,0,1,1,1,1785456297
2026-07-31T00:21:35Z,1100,5,1,24,0,0,1,1,1,1785452920
2026-07-31T00:21:35Z,1101,10,5,11,0,0,1,1,1,1785456162
2026-07-31T00:21:35Z,1102,8,3,5,0,0,1,1,1,1785456694
2026-07-31T00:21:35Z,1103,11,5,10,0,0,1,1,1,1785435100
2026-07-31T00:21:35Z,1104,10,5,11,0,0,1,1,1,1785455912
2026-07-31T00:21:35Z,1105,7,3,6,0,0,1,1,1,1785457226
2026-07-31T00:21:35Z,1106,13,7,8,0,0,1,1,1,1785456246
2026-07-31T00:21:35Z,1107,9,5,6,0,0,1,1,1,1785456600
2026-07-31T00:21:35Z,1108,8,3,16,3,0,1,1,1,1785456983
2026-07-31T00:21:35Z,1109,5,3,10,0,0,1,1,1,1785456563
2026-07-31T00:21:35Z,1110,8,0,13,0,0,1,1,1,1785456795
2026-07-31T00:21:35Z,1111,2,0,19,0,0,1,1,1,1785456279
2026-07-31T00:21:35Z,1112,50,0,3,0,0,1,1,1,1785457260
2026-07-31T00:21:35Z,1113,1,1,20,0,0,1,1,1,1785456693
2026-07-31T00:21:35Z,1115,20,7,2,1,0,1,1,1,1785456931
2026-07-31T00:21:35Z,1116,4,1,15,0,0,1,1,1,1785456475
2026-07-31T00:21:35Z,1117,3,0,20,0,0,1,1,1,1785456819
2026-07-31T00:21:35Z,1118,20,1,0,1,0,1,1,1,1785456882
2026-07-31T00:21:35Z,1119,12,2,4,1,0,1,1,1,1785456950
2026-07-31T00:21:35Z,1120,16,2,1,2,0,1,1,1,1785457040
2026-07-31T00:21:35Z,1121,5,5,15,1,0,1,1,1,1785457052
2026-07-31T00:21:35Z,1122,13,10,7,1,0,1,1,1,1785456890
2026-07-31T00:21:35Z,1123,4,0,17,2,0,1,1,1,1785457084
2026-07-31T00:21:35Z,1124,9,0,1,5,0,1,1,1,1785456284
2026-07-31T00:21:35Z,1125,14,0,9,0,0,1,1,1,1785457241
2026-07-31T00:21:35Z,1126,6,4,13,2,0,1,1,1,1785457279
2026-07-31T00:21:35Z,1127,5,2,14,0,0,1,1,1,1785456798
2026-07-31T00:21:35Z,1128,9,0,5,1,0,1,1,1,1785457274
2026-07-31T00:21:35Z,1129,0,0,21,0,0,1,1,1,1785456301
2026-07-31T00:21:35Z,1130,12,2,3,0,0,1,1,1,1785457133
2026-07-31T00:21:35Z,1131,0,0,48,1,0,1,1,1,1785456994
2026-07-31T00:21:35Z,1132,13,5,7,1,0,1,1,1,1785456190
2026-07-31T00:21:35Z,1133,11,5,8,2,0,1,1,1,1785456872
2026-07-31T00:21:35Z,1134,11,6,8,0,0,1,1,1,1785456971
2026-07-31T00:21:35Z,1135,10,5,11,0,0,1,1,1,1785456055
2026-07-31T00:21:35Z,1136,13,0,10,0,0,1,1,1,1785456822
2026-07-31T00:21:35Z,1137,7,0,8,0,0,1,1,1,1785456429
2026-07-31T00:21:35Z,1138,9,1,10,0,0,1,1,1,1785457231
2026-07-31T00:21:35Z,1139,11,2,8,2,0,1,1,1,1785456936
2026-07-31T00:21:35Z,1140,17,2,5,1,0,1,1,1,1785457136
2026-07-31T00:21:35Z,1141,1,1,19,1,0,1,1,1,1785456739
2026-07-31T00:21:35Z,1142,21,1,0,0,0,1,1,1,1785457106
2026-07-31T00:21:35Z,1143,19,0,10,0,0,1,1,1,1785457275
2026-07-31T00:21:35Z,1144,9,4,10,2,0,1,1,1,1785457064
2026-07-31T00:21:35Z,1145,12,6,8,1,0,1,1,1,1785456830
2026-07-31T00:21:35Z,1146,6,6,11,2,0,1,1,1,1785457238
2026-07-31T00:21:35Z,1147,5,0,14,0,0,1,1,1,1785457279
2026-07-31T00:21:35Z,1148,3,3,28,0,0,1,1,1,1785457151
2026-07-31T00:21:35Z,1149,5,4,16,4,0,1,1,1,1785456204
2026-07-31T00:21:35Z,1150,4,0,15,0,0,1,1,1,1785457201
2026-07-31T00:21:35Z,1151,1,0,20,0,0,1,1,1,1785457109
2026-07-31T00:21:35Z,1152,3,0,26,0,0,1,1,1,1785456590
2026-07-31T00:21:35Z,1153,10,0,12,1,0,1,1,1,1785456993
2026-07-31T00:21:35Z,1154,13,1,6,0,0,1,1,1,1785455940
2026-07-31T00:21:35Z,1155,15,7,5,1,0,1,1,1,1785457263
2026-07-31T00:21:35Z,1158,3,0,16,0,0,1,1,1,1785456369
2026-07-31T00:21:35Z,1159,11,0,8,0,0,1,1,1,1785456722
2026-07-31T00:21:35Z,1160,9,1,9,1,0,1,1,1,1785456261
2026-07-31T00:21:35Z,1161,5,1,13,1,0,1,1,1,1785456852
2026-07-31T00:21:35Z,1162,0,0,19,0,0,1,1,1,1785457108
2026-07-31T00:21:35Z,1163,1,1,17,1,0,1,1,1,1785456488
2026-07-31T00:21:35Z,1164,4,1,15,0,0,1,1,1,1785456547
2026-07-31T00:21:35Z,1165,8,1,13,0,0,1,1,1,1785457263
2026-07-31T00:21:35Z,1166,9,4,12,0,0,1,1,1,1785456765
2026-07-31T00:21:35Z,1167,4,0,11,0,0,1,1,1,1785456288
2026-07-31T00:21:35Z,1168,1,0,22,0,0,1,1,1,1785456704
2026-07-31T00:21:35Z,1169,3,0,15,1,0,1,1,1,1785456393
2026-07-31T00:21:35Z,1170,6,0,14,1,0,1,1,1,1785456746
2026-07-31T00:21:35Z,1171,6,6,16,1,0,1,1,1,1785456385
2026-07-31T00:21:35Z,1172,7,2,6,2,0,1,1,1,1785456680
2026-07-31T00:21:35Z,1173,10,3,9,0,0,1,1,1,1785456631
2026-07-31T00:21:35Z,1174,5,2,9,1,0,1,1,1,1785456370
2026-07-31T00:21:35Z,1175,7,3,12,0,0,1,1,1,1785456851
2026-07-31T00:21:35Z,1176,19,1,2,0,0,1,1,1,1785456895
2026-07-31T00:21:35Z,1177,3,1,18,0,0,1,1,1,1785455748
2026-07-31T00:21:35Z,1178,1,0,14,0,0,1,1,1,1785456358
2026-07-31T00:21:35Z,1181,11,0,2,2,0,1,1,1,1785457083
2026-07-31T00:21:35Z,1182,15,5,5,0,0,1,1,1,1785456894
2026-07-31T00:21:35Z,1183,6,3,37,2,0,1,1,1,1785457070
2026-07-31T00:21:35Z,1184,2,2,18,1,0,1,1,1,1785456529
2026-07-31T00:21:35Z,1185,10,5,11,0,0,1,1,1,1785455983
2026-07-31T00:21:35Z,1186,9,5,10,0,0,1,1,1,1785456902
2026-07-31T00:21:35Z,1187,10,5,9,2,0,1,1,1,1785456789
2026-07-31T00:21:35Z,1188,9,3,6,0,0,1,1,1,1785456610
2026-07-31T00:21:35Z,1189,10,5,9,0,0,1,1,1,1785456656
2026-07-31T00:21:35Z,1190,10,5,11,0,0,1,1,1,1785456032
2026-07-31T00:21:35Z,1191,10,5,5,0,0,1,1,1,1785456618
2026-07-31T00:21:35Z,1192,11,7,10,0,0,1,1,1,1785456400
2026-07-31T00:21:35Z,1193,6,4,5,2,0,1,1,1,1785455704
2026-07-31T00:21:35Z,1197,9,6,7,1,0,1,1,1,1785456882
2026-07-31T00:21:35Z,1198,14,4,5,2,0,1,1,1,1785456927
2026-07-31T00:21:35Z,1199,2,0,17,0,0,1,1,1,1785456960
2026-07-31T00:21:35Z,1200,10,5,5,0,0,1,1,1,1785456655
2026-07-31T00:21:35Z,1201,9,4,6,0,0,1,1,1,1785456632
2026-07-31T00:21:35Z,1202,10,5,5,0,0,1,1,1,1785456727
2026-07-31T00:21:35Z,1203,10,5,5,0,0,1,1,1,1785456622
2026-07-31T00:21:35Z,1204,7,3,11,1,0,1,1,1,1785456337
2026-07-31T00:21:35Z,1206,11,5,10,0,0,1,1,1,1785455538
2026-07-31T00:21:35Z,1207,10,5,5,0,0,1,1,1,1785456941
2026-07-31T00:21:35Z,1208,7,2,11,1,0,1,1,1,1785456819
2026-07-31T00:21:35Z,1216,7,0,13,1,0,1,1,1,1785455775
2026-07-31T00:21:35Z,1218,5,0,16,0,0,1,1,1,1785456170
2026-07-31T00:21:35Z,1219,7,2,7,1,0,1,1,1,1785456084
2026-07-31T00:21:35Z,1220,14,7,4,1,0,1,1,1,1785457032
2026-07-31T00:21:35Z,1221,2,2,19,0,0,1,1,1,1785455478
2026-07-31T00:21:35Z,1222,17,0,12,0,0,1,1,1,1785456781
2026-07-31T00:21:35Z,1223,19,2,8,2,0,1,1,1,1785456791
2026-07-31T00:21:35Z,1226,0,0,3,0,0,0,1,1,1781868931
2026-07-31T00:21:35Z,1227,15,2,10,0,0,1,1,1,1785456368
2026-07-31T00:21:35Z,1228,1,1,28,0,0,1,1,1,1785456846
2026-07-31T00:21:35Z,1229,39,1,5,1,0,1,1,1,1785457232
2026-07-31T00:26:36Z,1,2,0,21,0,0,1,1,1,1785457186
2026-07-31T00:26:36Z,2,25,0,0,2,0,1,1,1,1785457480
2026-07-31T00:26:36Z,3,5,1,8,1,0,1,1,1,1785457278
2026-07-31T00:26:36Z,4,21,1,0,1,0,1,1,1,1785456637
2026-07-31T00:26:36Z,5,8,3,15,0,0,1,1,1,1785456282
2026-07-31T00:26:36Z,6,10,0,5,0,0,1,1,1,1785457198
2026-07-31T00:26:36Z,7,6,0,33,0,0,1,1,1,1785456422
2026-07-31T00:26:36Z,8,3,0,40,0,0,1,1,1,1785455298
2026-07-31T00:26:36Z,9,10,1,11,2,0,1,1,1,1785457520
2026-07-31T00:26:36Z,10,2,1,19,2,0,1,1,1,1785456733
2026-07-31T00:26:36Z,11,6,0,12,1,0,1,1,1,1785457421
2026-07-31T00:26:36Z,12,14,1,9,0,0,1,1,1,1785457544
2026-07-31T00:26:36Z,13,18,2,12,0,0,1,1,1,1785456969
2026-07-31T00:26:36Z,14,36,1,6,0,1,1,1,1,1785457534
2026-07-31T00:26:36Z,15,10,0,5,0,0,1,1,1,1785457533
2026-07-31T00:26:36Z,16,8,0,16,2,1,1,1,1,1785457409
2026-07-31T00:26:36Z,17,14,0,12,1,0,1,1,1,1785457571
2026-07-31T00:26:36Z,18,15,0,1,2,0,1,1,1,1785457484
2026-07-31T00:26:36Z,19,6,2,20,1,0,1,1,1,1785457562
2026-07-31T00:26:36Z,20,22,1,13,0,0,1,1,1,1785456855
2026-07-31T00:26:36Z,21,9,0,10,0,0,1,1,1,1785457249
2026-07-31T00:26:36Z,22,27,0,37,1,0,1,1,1,1785457504
2026-07-31T00:26:36Z,23,26,4,5,0,0,1,1,1,1785457488
2026-07-31T00:26:36Z,24,9,2,1,1,0,1,1,1,1785457581
2026-07-31T00:26:36Z,25,73,2,3,5,0,1,1,1,1785457577
2026-07-31T00:26:36Z,26,7,0,20,0,0,1,1,1,1785456754
2026-07-31T00:26:36Z,28,0,0,15,0,0,1,1,1,1785457007
2026-07-31T00:26:36Z,30,10,1,16,3,0,1,1,1,1785457457
2026-07-31T00:26:36Z,31,0,0,17,2,0,1,1,1,1785457566
2026-07-31T00:26:36Z,32,21,4,6,0,0,1,1,1,1785457493
2026-07-31T00:26:36Z,34,24,1,13,0,0,1,1,1,1785457237
2026-07-31T00:26:36Z,35,47,0,0,0,0,1,1,1,1785457548
2026-07-31T00:26:36Z,36,0,0,0,0,0,0,1,1,86400
2026-07-31T00:26:36Z,37,18,0,5,0,0,1,1,1,1785457470
2026-07-31T00:26:36Z,38,4,0,19,0,0,1,1,1,1785457571
2026-07-31T00:26:36Z,39,19,0,20,0,0,1,1,1,1785457500
2026-07-31T00:26:36Z,40,8,0,11,2,0,1,1,1,1785457352
2026-07-31T00:26:36Z,41,10,0,31,2,0,1,1,1,1785457524
2026-07-31T00:26:36Z,42,24,4,7,0,0,1,1,1,1785457507
2026-07-31T00:26:36Z,43,1,0,22,0,0,1,1,1,1785457423
2026-07-31T00:26:36Z,45,7,3,20,2,0,1,1,1,1785457472
2026-07-31T00:26:36Z,46,6,2,25,0,0,1,1,1,1785457495
2026-07-31T00:26:36Z,47,12,1,2,1,0,1,1,1,1785457480
2026-07-31T00:26:36Z,48,14,1,13,0,0,1,1,1,1785457528
2026-07-31T00:26:36Z,49,0,0,19,4,0,1,1,1,1785457582
2026-07-31T00:26:36Z,50,2,0,17,0,0,1,1,1,1785457577
2026-07-31T00:26:36Z,51,37,0,40,0,0,1,1,1,1785457512
2026-07-31T00:26:36Z,52,6,1,18,3,0,1,1,1,1785457485
2026-07-31T00:26:36Z,55,0,0,23,0,0,1,1,1,1785456194
2026-07-31T00:26:36Z,56,2,1,41,0,0,1,1,1,1785457421
2026-07-31T00:26:36Z,57,12,2,15,0,0,1,1,1,1785457031
2026-07-31T00:26:36Z,58,2,2,26,0,0,1,1,1,1785457458
2026-07-31T00:26:36Z,59,1,0,24,2,0,1,1,1,1785457449
2026-07-31T00:26:36Z,61,21,1,18,0,0,1,1,1,1785457539
2026-07-31T00:26:36Z,62,19,17,28,2,0,1,1,1,1785457554
2026-07-31T00:26:36Z,63,1,0,18,0,0,1,1,1,1785456919
2026-07-31T00:26:36Z,64,15,1,0,4,0,1,1,1,1785456742
2026-07-31T00:26:36Z,65,14,5,4,1,0,1,1,1,1785457144
2026-07-31T00:26:36Z,67,1,1,38,0,0,1,1,1,1785457309
2026-07-31T00:26:36Z,68,7,1,30,0,0,1,1,1,1785457581
2026-07-31T00:26:36Z,69,1,0,11,3,0,1,1,1,1785457499
2026-07-31T00:26:36Z,71,0,0,26,1,0,1,1,1,1785457194
2026-07-31T00:26:36Z,72,12,5,18,1,0,1,1,1,1785457231
2026-07-31T00:26:36Z,73,2,2,29,0,0,1,1,1,1785457540
2026-07-31T00:26:36Z,74,3,1,16,0,0,1,1,1,1785457025
2026-07-31T00:26:36Z,75,0,0,30,2,0,1,1,1,1785456645
2026-07-31T00:26:36Z,76,2,0,16,1,0,1,1,1,1785457578
2026-07-31T00:26:36Z,77,7,0,19,1,0,1,1,1,1785457509
2026-07-31T00:26:36Z,78,2,0,20,1,0,1,1,1,1785457499
2026-07-31T00:26:36Z,79,1,0,14,2,0,1,1,1,1785457347
2026-07-31T00:26:36Z,80,18,0,2,3,0,1,1,1,1785457564
2026-07-31T00:26:36Z,81,13,0,18,0,0,1,1,1,1785457535
2026-07-31T00:26:36Z,82,3,1,20,0,0,1,1,1,1785457566
2026-07-31T00:26:36Z,83,9,2,24,1,0,1,1,1,1785457562
2026-07-31T00:26:36Z,84,7,5,20,0,0,1,1,1,1785457572
2026-07-31T00:26:36Z,85,6,2,9,0,0,1,1,1,1785456849
2026-07-31T00:26:36Z,86,2,1,24,1,0,1,1,1,1785457388
2026-07-31T00:26:36Z,87,3,0,16,0,0,1,1,1,1785457315
2026-07-31T00:26:36Z,88,1,0,41,1,0,1,1,1,1785457339
2026-07-31T00:26:36Z,89,35,0,0,0,0,1,1,1,1785456716
2026-07-31T00:26:36Z,90,12,1,5,1,0,1,1,1,1785457411
2026-07-31T00:26:36Z,91,12,3,5,0,0,1,1,1,1785456963
2026-07-31T00:26:36Z,92,7,0,10,2,0,1,1,1,1785457475
2026-07-31T00:26:36Z,93,22,1,1,0,0,1,1,1,1785457563
2026-07-31T00:26:36Z,94,4,0,14,1,0,1,1,1,1785457352
2026-07-31T00:26:36Z,95,11,2,22,1,1,1,1,1,1785457575
2026-07-31T00:26:36Z,96,2,0,28,1,0,1,1,1,1785456655
2026-07-31T00:26:36Z,97,16,0,0,1,0,1,1,1,1785457506
2026-07-31T00:26:36Z,98,17,8,18,0,0,1,1,1,1785457327
2026-07-31T00:26:36Z,99,15,1,0,0,0,1,1,1,1785457190
2026-07-31T00:26:36Z,100,27,1,0,0,0,1,1,1,1785456103
2026-07-31T00:26:36Z,101,13,0,1,1,0,1,1,1,1785457352
2026-07-31T00:26:36Z,102,22,2,1,0,0,1,1,1,1785456116
2026-07-31T00:26:36Z,103,28,2,0,2,0,1,1,1,1785456616
2026-07-31T00:26:36Z,104,23,0,2,2,0,1,1,1,1785457572
2026-07-31T00:26:36Z,105,16,0,3,0,0,1,1,1,1785457091
2026-07-31T00:26:36Z,106,5,0,16,0,0,1,1,1,1785457543
2026-07-31T00:26:36Z,107,36,0,1,0,0,1,1,1,1785457224
2026-07-31T00:26:36Z,108,28,1,5,2,0,1,1,1,1785457578
2026-07-31T00:26:36Z,109,18,1,5,0,0,1,1,1,1785457581
2026-07-31T00:26:36Z,110,8,0,15,0,0,1,1,1,1785456600
2026-07-31T00:26:36Z,111,6,0,30,0,0,1,1,1,1785456976
2026-07-31T00:26:36Z,112,13,0,1,1,0,1,1,1,1785457260
2026-07-31T00:26:36Z,113,18,2,0,1,0,1,1,1,1785457343
2026-07-31T00:26:36Z,114,1,1,28,1,1,1,1,1,1785457360
2026-07-31T00:26:36Z,115,2,2,24,2,0,1,1,1,1785457521
2026-07-31T00:26:36Z,116,6,6,21,0,0,1,1,1,1785457483
2026-07-31T00:26:36Z,118,20,12,0,3,0,1,1,1,1785456465
2026-07-31T00:26:36Z,119,5,2,31,2,0,1,1,1,1785457579
2026-07-31T00:26:36Z,120,8,4,18,1,0,1,1,1,1785457167
2026-07-31T00:26:36Z,121,6,0,12,0,1,1,1,1,1785457451
2026-07-31T00:26:36Z,122,15,0,5,1,0,1,1,1,1785457289
2026-07-31T00:26:36Z,123,27,1,20,0,0,1,1,1,1785457567
2026-07-31T00:26:36Z,124,21,12,13,1,0,1,1,1,1785457513
2026-07-31T00:26:36Z,125,2,1,21,0,0,1,1,1,1785457465
2026-07-31T00:26:36Z,126,11,2,20,0,0,1,1,1,1785456972
2026-07-31T00:26:36Z,127,3,2,30,2,0,1,1,1,1785457547
2026-07-31T00:26:36Z,128,12,8,6,1,0,1,1,1,1785457257
2026-07-31T00:26:36Z,129,7,2,11,1,0,1,1,1,1785457557
2026-07-31T00:26:36Z,130,2,0,15,0,0,1,1,1,1785456635
2026-07-31T00:26:36Z,131,5,3,4,2,0,1,1,1,1785456847
2026-07-31T00:26:36Z,132,1,0,13,0,1,1,1,1,1785456025
2026-07-31T00:26:36Z,134,4,4,16,3,0,1,1,1,1785457499
2026-07-31T00:26:36Z,135,2,1,17,0,0,1,1,1,1785457470
2026-07-31T00:26:36Z,136,19,4,4,0,0,1,1,1,1785457272
2026-07-31T00:26:36Z,137,6,6,13,0,0,1,1,1,1785457547
2026-07-31T00:26:36Z,138,22,4,15,0,0,1,1,1,1785457548
2026-07-31T00:26:36Z,139,8,5,9,2,0,1,1,1,1785457184
2026-07-31T00:26:36Z,140,4,4,17,2,0,1,1,1,1785457579
2026-07-31T00:26:36Z,141,11,7,25,0,0,1,1,1,1785457579
2026-07-31T00:26:36Z,142,10,2,13,0,0,1,1,1,1785457521
2026-07-31T00:26:36Z,143,15,5,16,0,0,1,1,1,1785457199
2026-07-31T00:26:36Z,144,21,2,6,0,0,1,1,1,1785457330
2026-07-31T00:26:36Z,145,23,5,5,1,0,1,1,1,1785457545
2026-07-31T00:26:36Z,146,15,1,7,1,0,1,1,1,1785457545
2026-07-31T00:26:36Z,147,0,0,17,2,0,1,1,1,1785457568
2026-07-31T00:26:36Z,148,5,2,22,0,0,1,1,1,1785457570
2026-07-31T00:26:36Z,149,0,0,27,0,0,1,1,1,1785456512
2026-07-31T00:26:36Z,150,26,7,7,2,0,1,1,1,1785457551
2026-07-31T00:26:36Z,151,8,1,14,1,0,1,1,1,1785456977
2026-07-31T00:26:36Z,152,19,1,5,3,0,1,1,1,1785457347
2026-07-31T00:26:36Z,153,1,0,0,29,1,1,1,1,1785457416
2026-07-31T00:26:36Z,154,17,2,3,3,0,1,1,1,1785457492
2026-07-31T00:26:36Z,155,13,4,0,1,0,1,1,1,1785457539
2026-07-31T00:26:36Z,156,15,1,4,0,0,1,1,1,1785457553
2026-07-31T00:26:36Z,157,9,3,16,2,0,1,1,1,1785457418
2026-07-31T00:26:36Z,158,1,0,15,0,0,1,1,1,1785457417
2026-07-31T00:26:36Z,159,6,1,12,1,0,1,1,1,1785457342
2026-07-31T00:26:36Z,160,6,3,13,0,0,1,1,1,1785456580
2026-07-31T00:26:36Z,161,18,1,4,0,0,1,1,1,1785457560
2026-07-31T00:26:36Z,162,6,6,18,3,0,1,1,1,1785456910
2026-07-31T00:26:36Z,163,10,0,20,0,1,1,1,1,1785457349
2026-07-31T00:26:36Z,164,23,4,4,0,0,1,1,1,1785457512
2026-07-31T00:26:36Z,165,30,5,0,1,0,1,1,1,1785457472
2026-07-31T00:26:36Z,166,22,6,13,4,0,1,1,1,1785457580
2026-07-31T00:26:36Z,167,11,5,11,1,0,1,1,1,1785457264
2026-07-31T00:26:36Z,168,1,1,24,2,0,1,1,1,1785457517
2026-07-31T00:26:36Z,169,14,2,8,0,1,1,1,1,1785457545
2026-07-31T00:26:36Z,170,1,1,17,1,0,1,1,1,1785457203
2026-07-31T00:26:36Z,171,7,1,4,2,0,1,1,1,1785457413
2026-07-31T00:26:36Z,173,35,5,4,0,0,1,1,1,1785457481
2026-07-31T00:26:36Z,174,13,0,10,3,0,1,1,1,1785457539
2026-07-31T00:26:36Z,175,30,1,1,0,0,1,1,1,1785457535
2026-07-31T00:26:36Z,176,9,2,2,3,1,1,1,1,1785457573
2026-07-31T00:26:36Z,177,25,10,2,0,0,1,1,1,1785457319
2026-07-31T00:26:36Z,178,12,5,0,2,1,1,1,1,1785457582
2026-07-31T00:26:36Z,179,10,2,4,1,0,1,1,1,1785457552
2026-07-31T00:26:36Z,180,25,1,5,0,0,1,1,1,1785457560
2026-07-31T00:26:36Z,181,1,1,13,1,0,1,1,1,1785457469
2026-07-31T00:26:36Z,182,3,3,14,0,0,1,1,1,1785457290
2026-07-31T00:26:36Z,183,12,3,11,0,0,1,1,1,1785457535
2026-07-31T00:26:36Z,184,8,3,14,1,0,1,1,1,1785457395
2026-07-31T00:26:36Z,185,5,0,8,1,1,1,1,1,1785455936
2026-07-31T00:26:36Z,186,6,1,12,1,0,1,1,1,1785457277
2026-07-31T00:26:36Z,187,26,2,1,1,0,1,1,1,1785457506
2026-07-31T00:26:36Z,188,19,0,0,8,0,1,1,1,1785457508
2026-07-31T00:26:36Z,189,1,0,14,0,0,1,1,1,1785454630
2026-07-31T00:26:36Z,190,10,5,13,0,0,1,1,1,1785457582
2026-07-31T00:26:36Z,191,0,0,39,0,0,1,1,1,1785456817
2026-07-31T00:26:36Z,192,9,4,18,4,0,1,1,1,1785457535
2026-07-31T00:26:36Z,193,12,5,0,3,0,1,1,1,1785456925
2026-07-31T00:26:36Z,194,0,0,25,2,0,1,1,1,1785457484
2026-07-31T00:26:36Z,195,4,3,15,0,0,1,1,1,1785456575
2026-07-31T00:26:36Z,196,15,6,9,3,0,1,1,1,1785457421
2026-07-31T00:26:36Z,197,0,0,18,0,1,1,1,1,1785457170
2026-07-31T00:26:36Z,198,15,14,8,0,0,1,1,1,1785457439
2026-07-31T00:26:36Z,199,13,12,0,2,0,1,1,1,1785457347
2026-07-31T00:26:36Z,200,19,8,7,0,0,1,1,1,1785457459
2026-07-31T00:26:36Z,201,3,0,20,0,0,1,1,1,1785457111
2026-07-31T00:26:36Z,202,23,1,4,0,0,1,1,1,1785456909
2026-07-31T00:26:36Z,203,17,0,13,1,0,1,1,1,1785456957
2026-07-31T00:26:36Z,204,14,1,19,2,0,1,1,1,1785457582
2026-07-31T00:26:36Z,205,7,1,20,0,0,1,1,1,1785457584
2026-07-31T00:26:36Z,206,10,9,3,2,0,1,1,1,1785457513
2026-07-31T00:26:36Z,207,16,0,5,0,0,1,1,1,1785456526
2026-07-31T00:26:36Z,208,2,0,27,0,0,1,1,1,1785457571
2026-07-31T00:26:36Z,209,19,3,10,2,0,1,1,1,1785457548
2026-07-31T00:26:36Z,210,1,0,25,1,0,1,1,1,1785457469
2026-07-31T00:26:36Z,211,2,2,20,1,0,1,1,1,1785457394
2026-07-31T00:26:36Z,212,23,2,11,1,0,1,1,1,1785457392
2026-07-31T00:26:36Z,213,22,2,0,1,0,1,1,1,1785457349
2026-07-31T00:26:36Z,214,13,12,25,9,0,1,1,1,1785457493
2026-07-31T00:26:36Z,215,3,2,20,0,0,1,1,1,1785457354
2026-07-31T00:26:36Z,216,6,0,12,1,0,1,1,1,1785457505
2026-07-31T00:26:36Z,217,25,0,3,1,0,1,1,1,1785457461
2026-07-31T00:26:36Z,218,8,8,27,4,0,1,1,1,1785457561
2026-07-31T00:26:36Z,219,25,0,0,1,0,1,1,1,1785456704
2026-07-31T00:26:36Z,220,23,20,17,2,1,1,1,1,1785457564
2026-07-31T00:26:36Z,221,9,7,5,1,0,1,1,1,1785457575
2026-07-31T00:26:36Z,222,17,11,1,1,0,1,1,1,1785457296
2026-07-31T00:26:36Z,223,5,0,28,2,0,1,1,1,1785457550
2026-07-31T00:26:36Z,224,16,15,5,1,0,1,1,1,1785457464
2026-07-31T00:26:36Z,225,10,0,4,5,0,1,1,1,1785457455
2026-07-31T00:26:36Z,226,20,7,11,0,0,1,1,1,1785457584
2026-07-31T00:26:36Z,227,11,8,14,1,1,1,1,1,1785457565
2026-07-31T00:26:36Z,228,15,9,4,0,0,1,1,1,1785457473
2026-07-31T00:26:36Z,230,22,4,4,0,0,1,1,1,1785457390
2026-07-31T00:26:36Z,232,6,2,10,1,0,1,1,1,1785456693
2026-07-31T00:26:36Z,233,24,5,6,1,0,1,1,1,1785457468
2026-07-31T00:26:36Z,234,7,3,7,4,1,1,1,1,1785457133
2026-07-31T00:26:36Z,236,2,1,16,1,0,1,1,1,1785457370
2026-07-31T00:26:36Z,237,6,0,16,1,0,1,1,1,1785457322
2026-07-31T00:26:36Z,239,18,12,7,2,0,1,1,1,1785457005
2026-07-31T00:26:36Z,241,8,5,15,0,0,1,1,1,1785457559
2026-07-31T00:26:36Z,242,1,0,21,1,0,1,1,1,1785457200
2026-07-31T00:26:36Z,243,8,8,20,3,0,1,1,1,1785457577
2026-07-31T00:26:36Z,244,3,3,23,1,0,1,1,1,1785457549
2026-07-31T00:26:36Z,245,15,12,7,1,0,1,1,1,1785457544
2026-07-31T00:26:36Z,246,5,0,18,0,0,1,1,1,1785457510
2026-07-31T00:26:36Z,247,18,10,5,0,0,1,1,1,1785457095
2026-07-31T00:26:36Z,248,1,0,19,3,0,1,1,1,1785457578
2026-07-31T00:26:36Z,249,4,4,15,0,0,1,1,1,1785456922
2026-07-31T00:26:36Z,250,3,0,22,2,0,1,1,1,1785457563
2026-07-31T00:26:36Z,251,14,10,11,2,0,1,1,1,1785457565
2026-07-31T00:26:36Z,253,5,5,12,2,0,1,1,1,1785457386
2026-07-31T00:26:36Z,254,16,11,26,1,0,1,1,1,1785457474
2026-07-31T00:26:36Z,255,2,1,20,0,1,1,1,1,1785457322
2026-07-31T00:26:36Z,256,11,7,11,1,0,1,1,1,1785457489
2026-07-31T00:26:36Z,257,9,6,9,1,0,1,1,1,1785457509
2026-07-31T00:26:36Z,258,10,10,8,1,0,1,1,1,1785457525
2026-07-31T00:26:36Z,259,15,1,7,0,1,1,1,1,1785457483
2026-07-31T00:26:36Z,260,5,1,13,1,0,1,1,1,1785456971
2026-07-31T00:26:36Z,261,11,0,6,1,1,1,1,1,1785457557
2026-07-31T00:26:36Z,262,13,2,10,0,0,1,1,1,1785456644
2026-07-31T00:26:36Z,263,10,5,5,0,0,1,1,1,1785457524
2026-07-31T00:26:36Z,264,8,0,10,1,0,1,1,1,1785456912
2026-07-31T00:26:36Z,265,10,2,5,0,0,1,1,1,1785456865
2026-07-31T00:26:36Z,266,13,7,6,0,0,1,1,1,1785457284
2026-07-31T00:26:36Z,267,4,0,9,2,0,1,1,1,1785456188
2026-07-31T00:26:36Z,268,15,6,8,0,0,1,1,1,1785454374
2026-07-31T00:26:36Z,269,6,1,17,0,0,1,1,1,1785457470
2026-07-31T00:26:36Z,270,23,1,3,1,0,1,1,1,1785457554
2026-07-31T00:26:36Z,271,2,1,15,2,0,1,1,1,1785457119
2026-07-31T00:26:36Z,272,9,8,14,0,0,1,1,1,1785457380
2026-07-31T00:26:36Z,273,7,3,8,0,0,1,1,1,1785457158
2026-07-31T00:26:36Z,274,10,3,9,0,0,1,1,1,1785457392
2026-07-31T00:26:36Z,275,6,0,17,0,0,1,1,1,1785457240
2026-07-31T00:26:36Z,276,3,0,24,0,0,1,1,1,1785457434
2026-07-31T00:26:36Z,277,0,0,19,4,0,1,1,1,1785455960
2026-07-31T00:26:36Z,278,2,2,27,1,1,1,1,1,1785457229
2026-07-31T00:26:36Z,279,3,3,16,0,0,1,1,1,1785457583
2026-07-31T00:26:36Z,280,4,0,25,2,0,1,1,1,1785457295
2026-07-31T00:26:36Z,281,19,1,0,0,0,1,1,1,1785457487
2026-07-31T00:26:36Z,282,1,0,16,1,0,1,1,1,1785454029
2026-07-31T00:26:36Z,283,18,0,17,0,0,1,1,1,1785457454
2026-07-31T00:26:36Z,284,18,3,15,2,0,1,1,1,1785457543
2026-07-31T00:26:36Z,285,4,2,19,0,0,1,1,1,1785457072
2026-07-31T00:26:36Z,286,16,9,5,2,0,1,1,1,1785456834
2026-07-31T00:26:36Z,287,13,0,8,2,0,1,1,1,1785456065
2026-07-31T00:26:36Z,288,10,5,9,0,0,1,1,1,1785457111
2026-07-31T00:26:36Z,289,10,3,15,2,0,1,1,1,1785457321
2026-07-31T00:26:36Z,290,24,0,14,1,0,1,1,1,1785457467
2026-07-31T00:26:36Z,291,4,0,18,1,0,1,1,1,1785457580
2026-07-31T00:26:36Z,292,0,0,23,0,0,1,1,1,1785457343
2026-07-31T00:26:36Z,293,14,8,7,2,0,1,1,1,1785457342
2026-07-31T00:26:36Z,294,10,3,8,4,0,1,1,1,1785457579
2026-07-31T00:26:36Z,297,12,1,4,2,1,1,1,1,1785457374
2026-07-31T00:26:36Z,301,16,0,2,1,0,1,1,1,1785457142
2026-07-31T00:26:36Z,302,11,0,11,1,0,1,1,1,1785457101
2026-07-31T00:26:36Z,303,3,0,16,0,0,1,1,1,1785457344
2026-07-31T00:26:36Z,304,0,0,0,0,0,0,1,1,86400
2026-07-31T00:26:36Z,305,16,0,2,1,0,1,1,1,1785457574
2026-07-31T00:26:36Z,306,7,0,25,0,0,1,1,1,1785456651
2026-07-31T00:26:36Z,307,16,3,7,0,0,1,1,1,1785457357
2026-07-31T00:26:36Z,308,11,0,5,3,0,1,1,1,1785457584
2026-07-31T00:26:36Z,309,4,0,9,1,0,1,1,1,1785457569
2026-07-31T00:26:36Z,311,5,0,10,0,0,1,1,1,1785457424
2026-07-31T00:26:36Z,312,1,1,18,3,1,1,1,1,1785457454
2026-07-31T00:26:36Z,313,5,0,10,0,0,1,1,1,1785456889
2026-07-31T00:26:36Z,314,6,4,9,3,0,1,1,1,1785457420
2026-07-31T00:26:36Z,315,26,13,2,3,0,1,1,1,1785457407
2026-07-31T00:26:36Z,316,15,2,9,6,1,1,1,1,1785457510
2026-07-31T00:26:36Z,317,0,0,29,1,1,1,1,1,1785457276
2026-07-31T00:26:36Z,318,13,0,6,0,0,1,1,1,1785456267
2026-07-31T00:26:36Z,319,1,1,21,1,0,1,1,1,1785457443
2026-07-31T00:26:36Z,320,3,0,15,1,0,1,1,1,1785456989
2026-07-31T00:26:36Z,321,9,0,8,2,0,1,1,1,1785456753
2026-07-31T00:26:36Z,322,7,0,20,2,0,1,1,1,1785457485
2026-07-31T00:26:36Z,323,12,1,7,0,0,1,1,1,1785457490
2026-07-31T00:26:36Z,324,2,0,23,2,0,1,1,1,1785457575
2026-07-31T00:26:36Z,325,5,0,20,2,0,1,1,1,1785456769
2026-07-31T00:26:36Z,327,23,2,4,0,0,1,1,1,1785457513
2026-07-31T00:26:36Z,328,21,1,0,1,0,1,1,1,1785456159
2026-07-31T00:26:36Z,329,8,1,11,0,0,1,1,1,1785456953
2026-07-31T00:26:36Z,330,1,1,21,0,0,1,1,1,1785457418
2026-07-31T00:26:36Z,331,18,1,4,1,0,1,1,1,1785457579
2026-07-31T00:26:36Z,332,5,2,13,1,0,1,1,1,1785457143
2026-07-31T00:26:36Z,333,9,4,13,1,0,1,1,1,1785457557
2026-07-31T00:26:36Z,334,10,1,13,0,0,1,1,1,1785457543
2026-07-31T00:26:36Z,335,0,0,22,0,1,1,1,1,1785457097
2026-07-31T00:26:36Z,336,4,0,15,0,0,1,1,1,1785457362
2026-07-31T00:26:36Z,337,13,0,6,4,0,1,1,1,1785457375
2026-07-31T00:26:36Z,338,7,5,12,0,0,1,1,1,1785457517
2026-07-31T00:26:36Z,339,5,1,18,0,0,1,1,1,1785457578
2026-07-31T00:26:36Z,340,0,0,14,1,0,1,1,1,1785456734
2026-07-31T00:26:36Z,341,6,1,13,0,0,1,1,1,1785457554
2026-07-31T00:26:36Z,342,7,5,8,0,0,1,1,1,1785457499
2026-07-31T00:26:36Z,343,2,1,20,1,0,1,1,1,1785457487
2026-07-31T00:26:36Z,344,15,3,8,0,0,1,1,1,1785457546
2026-07-31T00:26:36Z,345,17,3,1,1,0,1,1,1,1785457500
2026-07-31T00:26:36Z,346,3,2,20,0,0,1,1,1,1785457387
2026-07-31T00:26:36Z,347,15,4,25,4,0,1,1,1,1785457573
2026-07-31T00:26:36Z,348,16,0,7,0,0,1,1,1,1785457575
2026-07-31T00:26:36Z,349,1,0,18,0,0,1,1,1,1785457323
2026-07-31T00:26:36Z,350,13,1,11,2,1,1,1,1,1785456802
2026-07-31T00:26:36Z,351,5,1,14,4,0,1,1,1,1785457546
2026-07-31T00:26:36Z,355,3,1,20,0,0,1,1,1,1785457361
2026-07-31T00:26:36Z,356,12,1,7,0,0,1,1,1,1785457572
2026-07-31T00:26:36Z,357,2,2,17,0,0,1,1,1,1785457515
2026-07-31T00:26:36Z,358,9,1,18,0,0,1,1,1,1785457373
2026-07-31T00:26:36Z,359,26,1,0,1,0,1,1,1,1785457450
2026-07-31T00:26:36Z,360,7,4,12,0,0,1,1,1,1785457227
2026-07-31T00:26:36Z,362,3,3,15,1,0,1,1,1,1785457480
2026-07-31T00:26:36Z,363,14,1,13,0,0,1,1,1,1785457041
2026-07-31T00:26:36Z,364,7,2,12,0,0,1,1,1,1785456607
2026-07-31T00:26:36Z,365,2,1,17,4,0,1,1,1,1785457135
2026-07-31T00:26:36Z,366,9,3,10,4,0,1,1,1,1785457577
2026-07-31T00:26:36Z,367,15,8,2,2,0,1,1,1,1785456624
2026-07-31T00:26:36Z,368,8,4,14,1,0,1,1,1,1785457068
2026-07-31T00:26:36Z,370,3,3,24,0,0,1,1,1,1785456174
2026-07-31T00:26:36Z,371,10,5,8,1,0,1,1,1,1785457518
2026-07-31T00:26:36Z,372,5,0,10,0,0,1,1,1,1785456818
2026-07-31T00:26:36Z,373,14,5,13,0,0,1,1,1,1785457540
2026-07-31T00:26:36Z,374,6,3,11,2,0,1,1,1,1785457575
2026-07-31T00:26:36Z,375,15,0,9,3,0,1,1,1,1785457372
2026-07-31T00:26:36Z,376,26,2,10,3,0,1,1,1,1785457314
2026-07-31T00:26:36Z,377,4,0,19,4,0,1,1,1,1785457016
2026-07-31T00:26:36Z,378,13,3,9,1,1,1,1,1,1785457503
2026-07-31T00:26:36Z,379,17,0,10,0,0,1,1,1,1785457301
2026-07-31T00:26:36Z,380,7,3,16,0,0,1,1,1,1785457340
2026-07-31T00:26:36Z,381,20,1,3,0,0,1,1,1,1785457255
2026-07-31T00:26:36Z,383,13,1,0,2,0,1,1,1,1785456246
2026-07-31T00:26:36Z,384,26,3,0,1,0,1,1,1,1785457193
2026-07-31T00:26:36Z,385,0,0,15,3,0,1,1,1,1785457487
2026-07-31T00:26:36Z,387,5,1,18,0,0,1,1,1,1785456809
2026-07-31T00:26:36Z,388,13,1,34,2,0,1,1,1,1785457393
2026-07-31T00:26:36Z,389,4,4,11,0,0,1,1,1,1785456661
2026-07-31T00:26:36Z,390,19,2,16,0,0,1,1,1,1785457527
2026-07-31T00:26:36Z,391,5,0,10,0,0,1,1,1,1785457364
2026-07-31T00:26:36Z,392,3,2,15,1,0,1,1,1,1785457536
2026-07-31T00:26:36Z,393,0,0,9,2,0,1,1,1,1785457581
2026-07-31T00:26:36Z,394,0,0,11,2,0,1,1,1,1785454721
2026-07-31T00:26:36Z,396,15,14,24,3,0,1,1,1,1785457423
2026-07-31T00:26:36Z,397,4,3,27,0,0,1,1,1,1785457161
2026-07-31T00:26:36Z,399,10,0,4,3,0,1,1,1,1785457580
2026-07-31T00:26:36Z,400,11,6,10,2,0,1,1,1,1785456534
2026-07-31T00:26:36Z,401,3,1,28,8,0,1,1,1,1785457442
2026-07-31T00:26:36Z,403,9,1,20,2,0,1,1,1,1785457560
2026-07-31T00:26:36Z,404,5,3,18,0,0,1,1,1,1785457563
2026-07-31T00:26:36Z,406,32,1,2,1,0,1,1,1,1785457493
2026-07-31T00:26:36Z,407,9,0,24,1,0,1,1,1,1785456965
2026-07-31T00:26:36Z,408,1,1,32,0,0,1,1,1,1785457318
2026-07-31T00:26:36Z,409,18,2,0,5,0,1,1,1,1785457391
2026-07-31T00:26:36Z,413,6,1,16,1,0,1,1,1,1785457038
2026-07-31T00:26:36Z,414,13,2,2,0,0,1,1,1,1785457468
2026-07-31T00:26:36Z,417,6,5,13,0,0,1,1,1,1785456861
2026-07-31T00:26:36Z,418,0,0,14,1,0,1,1,1,1785456376
2026-07-31T00:26:36Z,419,12,0,10,1,0,1,1,1,1785456812
2026-07-31T00:26:36Z,421,15,1,4,0,0,1,1,1,1785457379
2026-07-31T00:26:36Z,422,8,4,19,0,0,1,1,1,1785457195
2026-07-31T00:26:36Z,423,4,0,18,1,0,1,1,1,1785457402
2026-07-31T00:26:36Z,424,1,0,12,2,0,1,1,1,1785457540
2026-07-31T00:26:36Z,425,3,2,18,0,1,1,1,1,1785457582
2026-07-31T00:26:36Z,426,13,0,22,2,0,1,1,1,1785457435
2026-07-31T00:26:36Z,427,2,0,12,1,0,1,1,1,1785457402
2026-07-31T00:26:36Z,428,12,4,6,1,0,1,1,1,1785457468
2026-07-31T00:26:36Z,429,9,1,10,4,0,1,1,1,1785457582
2026-07-31T00:26:36Z,430,6,1,24,1,0,1,1,1,1785457223
2026-07-31T00:26:36Z,431,15,3,17,1,0,1,1,1,1785457465
2026-07-31T00:26:36Z,432,23,1,7,1,0,1,1,1,1785457396
2026-07-31T00:26:36Z,433,7,2,14,2,0,1,1,1,1785457294
2026-07-31T00:26:36Z,437,13,6,5,1,0,1,1,1,1785457539
2026-07-31T00:26:36Z,438,1,0,17,1,0,1,1,1,1785457431
2026-07-31T00:26:36Z,439,8,2,7,0,0,1,1,1,1785457581
2026-07-31T00:26:36Z,440,4,1,9,2,0,1,1,1,1785457572
2026-07-31T00:26:36Z,441,2,0,13,0,0,1,1,1,1785457559
2026-07-31T00:26:36Z,442,12,5,6,1,0,1,1,1,1785457358
2026-07-31T00:26:36Z,443,3,0,24,0,0,1,1,1,1785456698
2026-07-31T00:26:36Z,444,2,1,21,0,0,1,1,1,1785455134
2026-07-31T00:26:36Z,445,7,2,15,1,0,1,1,1,1785457336
2026-07-31T00:26:36Z,446,1,1,21,1,0,1,1,1,1785457561
2026-07-31T00:26:36Z,447,1,0,20,1,1,1,1,1,1785441257
2026-07-31T00:26:36Z,448,10,2,3,1,1,1,1,1,1785457314
2026-07-31T00:26:36Z,452,5,3,13,1,0,1,1,1,1785456843
2026-07-31T00:26:36Z,453,2,0,12,1,0,1,1,1,1785457190
2026-07-31T00:26:36Z,454,1,0,18,0,0,1,1,1,1785456768
2026-07-31T00:26:36Z,455,0,0,39,0,0,1,1,1,1785457539
2026-07-31T00:26:36Z,456,17,6,2,1,0,1,1,1,1785457558
2026-07-31T00:26:36Z,457,0,0,25,2,0,1,1,1,1785457566
2026-07-31T00:26:36Z,458,6,4,16,1,0,1,1,1,1785457428
2026-07-31T00:26:36Z,459,9,0,6,0,0,1,1,1,1785456631
2026-07-31T00:26:36Z,460,10,1,12,1,0,1,1,1,1785457353
2026-07-31T00:26:36Z,461,5,1,13,1,0,1,1,1,1785457431
2026-07-31T00:26:36Z,462,2,1,19,0,0,1,1,1,1785457524
2026-07-31T00:26:36Z,463,10,2,9,0,0,1,1,1,1785457510
2026-07-31T00:26:36Z,464,1,0,13,0,0,1,1,1,1785456155
2026-07-31T00:26:36Z,465,3,3,12,0,0,1,1,1,1785456983
2026-07-31T00:26:36Z,466,9,3,5,1,0,1,1,1,1785457468
2026-07-31T00:26:36Z,467,3,0,16,0,0,1,1,1,1785456597
2026-07-31T00:26:36Z,468,16,1,3,0,0,1,1,1,1785456599
2026-07-31T00:26:36Z,469,3,0,19,1,0,1,1,1,1785457000
2026-07-31T00:26:36Z,470,9,0,5,1,0,1,1,1,1785457347
2026-07-31T00:26:36Z,471,20,1,7,0,0,1,1,1,1785457291
2026-07-31T00:26:36Z,472,8,3,10,1,0,1,1,1,1785457393
2026-07-31T00:26:36Z,473,7,4,10,2,0,1,1,1,1785457159
2026-07-31T00:26:36Z,474,9,1,8,2,0,1,1,1,1785457214
2026-07-31T00:26:36Z,475,1,0,18,0,0,1,1,1,1785455940
2026-07-31T00:26:36Z,477,5,1,10,0,0,1,1,1,1785457196
2026-07-31T00:26:36Z,478,31,2,0,0,0,1,1,1,1785457553
2026-07-31T00:26:36Z,479,8,0,18,1,0,1,1,1,1785457064
2026-07-31T00:26:36Z,480,4,1,9,2,0,1,1,1,1785456057
2026-07-31T00:26:36Z,481,17,0,16,2,0,1,1,1,1785457448
2026-07-31T00:26:36Z,482,2,0,17,0,0,1,1,1,1785456908
2026-07-31T00:26:36Z,483,13,2,11,3,0,1,1,1,1785457577
2026-07-31T00:26:36Z,484,3,0,16,0,0,1,1,1,1785457551
2026-07-31T00:26:36Z,485,8,6,8,2,1,1,1,1,1785457439
2026-07-31T00:26:36Z,486,4,0,21,2,0,1,1,1,1785457347
2026-07-31T00:26:36Z,487,3,1,15,1,0,1,1,1,1785456598
2026-07-31T00:26:36Z,489,7,4,8,0,0,1,1,1,1785457383
2026-07-31T00:26:36Z,490,4,1,12,0,0,1,1,1,1785457408
2026-07-31T00:26:36Z,491,18,2,3,0,0,1,1,1,1785457382
2026-07-31T00:26:36Z,492,3,3,4,4,0,1,1,1,1785457582
2026-07-31T00:26:36Z,493,0,0,26,1,0,1,1,1,1785457299
2026-07-31T00:26:36Z,495,11,3,3,1,0,1,1,1,1785457121
2026-07-31T00:26:36Z,496,20,2,4,3,0,1,1,1,1785457466
2026-07-31T00:26:36Z,497,3,1,15,1,0,1,1,1,1785457551
2026-07-31T00:26:36Z,498,4,4,18,1,0,1,1,1,1785457421
2026-07-31T00:26:36Z,499,6,2,13,0,0,1,1,1,1785457573
2026-07-31T00:26:36Z,500,5,5,6,4,0,1,1,1,1785456712
2026-07-31T00:26:36Z,501,1,0,19,1,0,1,1,1,1785456589
2026-07-31T00:26:36Z,502,1,0,18,0,0,1,1,1,1785455864
2026-07-31T00:26:36Z,503,20,0,10,1,0,1,1,1,1785457330
2026-07-31T00:26:36Z,504,10,1,28,1,0,1,1,1,1785457555
2026-07-31T00:26:36Z,505,3,0,8,1,0,1,1,1,1785457583
2026-07-31T00:26:36Z,511,0,0,23,0,0,1,1,1,1785456292
2026-07-31T00:26:36Z,512,6,0,21,0,0,1,1,1,1785457271
2026-07-31T00:26:36Z,514,9,1,0,2,0,1,1,1,1785456975
2026-07-31T00:26:36Z,515,4,0,15,0,0,1,1,1,1785457241
2026-07-31T00:26:36Z,516,1,0,26,0,0,1,1,1,1785454843
2026-07-31T00:26:36Z,517,7,0,15,1,0,1,1,1,1785457583
2026-07-31T00:26:36Z,518,12,2,2,1,0,1,1,1,1785457532
2026-07-31T00:26:36Z,519,3,2,15,1,0,1,1,1,1785456090
2026-07-31T00:26:36Z,520,8,3,14,4,1,1,1,1,1785457584
2026-07-31T00:26:36Z,521,3,2,20,0,0,1,1,1,1785457294
2026-07-31T00:26:36Z,522,22,0,1,0,0,1,1,1,1785457538
2026-07-31T00:26:36Z,523,2,1,20,1,0,1,1,1,1785457565
2026-07-31T00:26:36Z,524,22,2,1,0,0,1,1,1,1785457379
2026-07-31T00:26:36Z,525,12,0,7,0,0,1,1,1,1785456993
2026-07-31T00:26:36Z,526,13,3,1,1,0,1,1,1,1785457032
2026-07-31T00:26:36Z,527,0,0,23,3,0,1,1,1,1785457488
2026-07-31T00:26:36Z,528,17,0,5,1,0,1,1,1,1785457231
2026-07-31T00:26:36Z,529,1,0,13,5,0,1,1,1,1785457579
2026-07-31T00:26:36Z,530,2,0,18,1,0,1,1,1,1785456729
2026-07-31T00:26:36Z,531,11,1,11,0,1,1,1,1,1785457382
2026-07-31T00:26:36Z,532,5,3,24,1,1,1,1,1,1785457478
2026-07-31T00:26:36Z,533,9,0,8,2,0,1,1,1,1785457313
2026-07-31T00:26:36Z,534,0,0,23,0,0,1,1,1,1785455222
2026-07-31T00:26:36Z,535,1,1,13,1,0,1,1,1,1785455811
2026-07-31T00:26:36Z,536,0,0,23,0,0,1,1,1,1785456518
2026-07-31T00:26:36Z,537,14,1,6,0,0,1,1,1,1785457369
2026-07-31T00:26:36Z,538,4,0,16,1,2,1,1,1,1785457546
2026-07-31T00:26:36Z,539,4,4,27,0,0,1,1,1,1785457388
2026-07-31T00:26:36Z,540,1,1,18,0,0,1,1,1,1785456568
2026-07-31T00:26:36Z,541,11,3,15,1,0,1,1,1,1785457566
2026-07-31T00:26:36Z,542,0,0,23,0,0,1,1,1,1785456936
2026-07-31T00:26:36Z,543,5,0,14,0,0,1,1,1,1785457234
2026-07-31T00:26:36Z,544,14,2,4,4,0,1,1,1,1785457509
2026-07-31T00:26:36Z,545,10,0,3,6,0,1,1,1,1785457451
2026-07-31T00:26:36Z,546,0,0,19,0,0,1,1,1,1785456974
2026-07-31T00:26:36Z,547,0,0,25,0,0,1,1,1,1785457105
2026-07-31T00:26:36Z,548,14,0,9,0,0,1,1,1,1785457033
2026-07-31T00:26:36Z,549,18,1,4,1,0,1,1,1,1785457280
2026-07-31T00:26:36Z,550,2,1,17,0,0,1,1,1,1785457484
2026-07-31T00:26:36Z,551,12,3,11,0,0,1,1,1,1785455805
2026-07-31T00:26:36Z,552,5,1,22,0,0,1,1,1,1785457156
2026-07-31T00:26:36Z,553,3,2,19,0,1,1,1,1,1785457554
2026-07-31T00:26:36Z,554,1,1,18,0,0,1,1,1,1785455798
2026-07-31T00:26:36Z,555,11,5,3,1,0,1,1,1,1785454850
2026-07-31T00:26:36Z,556,2,1,20,1,0,1,1,1,1785457298
2026-07-31T00:26:36Z,557,2,1,15,6,0,1,1,1,1785457188
2026-07-31T00:26:36Z,558,7,6,26,4,0,1,1,1,1785457583
2026-07-31T00:26:36Z,559,0,0,18,1,0,1,1,1,1785457401
2026-07-31T00:26:36Z,560,8,0,19,0,0,1,1,1,1785457386
2026-07-31T00:26:36Z,561,15,2,7,1,0,1,1,1,1785456286
2026-07-31T00:26:36Z,562,4,0,27,4,0,1,1,1,1785456756
2026-07-31T00:26:36Z,563,4,0,10,0,0,1,1,1,1785457502
2026-07-31T00:26:36Z,564,7,1,11,1,0,1,1,1,1785457470
2026-07-31T00:26:36Z,565,5,0,13,1,0,1,1,1,1785456520
2026-07-31T00:26:36Z,566,10,0,8,1,0,1,1,1,1785457532
2026-07-31T00:26:36Z,567,8,1,18,1,0,1,1,1,1785457353
2026-07-31T00:26:36Z,568,5,0,12,2,0,1,1,1,1785457071
2026-07-31T00:26:36Z,569,14,0,5,0,0,1,1,1,1785456967
2026-07-31T00:26:36Z,570,0,0,19,0,0,1,1,1,1785457229
2026-07-31T00:26:36Z,571,9,0,14,0,0,1,1,1,1785457256
2026-07-31T00:26:36Z,572,16,2,1,2,0,1,1,1,1785457380
2026-07-31T00:26:36Z,573,7,0,8,0,0,1,1,1,1785457580
2026-07-31T00:26:36Z,574,9,2,6,0,0,1,1,1,1785455960
2026-07-31T00:26:36Z,575,9,2,11,1,0,1,1,1,1785457333
2026-07-31T00:26:36Z,576,1,1,17,1,0,1,1,1,1785457372
2026-07-31T00:26:36Z,577,24,0,7,0,0,1,1,1,1785457004
2026-07-31T00:26:36Z,578,12,4,10,1,0,1,1,1,1785457345
2026-07-31T00:26:36Z,579,30,1,13,0,0,1,1,1,1785457446
2026-07-31T00:26:36Z,580,7,0,22,0,0,1,1,1,1785457002
2026-07-31T00:26:36Z,581,14,0,5,0,0,1,1,1,1785457220
2026-07-31T00:26:36Z,582,8,1,51,2,0,1,1,1,1785457412
2026-07-31T00:26:36Z,583,13,0,10,0,0,1,1,1,1785457317
2026-07-31T00:26:36Z,584,1,1,13,5,0,1,1,1,1785456445
2026-07-31T00:26:36Z,585,11,0,14,1,1,1,1,1,1785457331
2026-07-31T00:26:36Z,586,31,0,3,1,0,1,1,1,1785457368
2026-07-31T00:26:36Z,587,23,0,0,1,0,1,1,1,1785456767
2026-07-31T00:26:36Z,588,0,0,15,4,0,1,1,1,1785457322
2026-07-31T00:26:36Z,589,0,0,0,23,0,1,1,1,1785457493
2026-07-31T00:26:36Z,590,2,0,29,0,0,1,1,1,1785457580
2026-07-31T00:26:36Z,591,3,0,25,2,0,1,1,1,1785457223
2026-07-31T00:26:36Z,592,5,0,18,0,0,1,1,1,1785457293
2026-07-31T00:26:36Z,593,9,0,29,0,0,1,1,1,1785457468
2026-07-31T00:26:36Z,594,16,0,5,0,0,1,1,1,1785457380
2026-07-31T00:26:36Z,595,0,0,3,0,0,0,1,1,1784046673
2026-07-31T00:26:36Z,605,0,0,2,1,0,0,1,1,1783975843
2026-07-31T00:26:36Z,606,0,0,0,0,0,0,1,1,86400
2026-07-31T00:26:36Z,607,18,0,13,1,0,1,1,1,1785457540
2026-07-31T00:26:36Z,608,7,3,43,0,0,1,1,1,1785457421
2026-07-31T00:26:36Z,609,3,3,20,0,0,1,1,1,1785457553
2026-07-31T00:26:36Z,610,16,0,19,0,0,1,1,1,1785457478
2026-07-31T00:26:36Z,611,25,0,1,1,0,1,1,1,1785457465
2026-07-31T00:26:36Z,612,7,1,8,0,0,1,1,1,1785455780
2026-07-31T00:26:36Z,613,10,0,1,4,0,1,1,1,1785455457
2026-07-31T00:26:36Z,614,1,1,23,2,1,1,1,1,1785457105
2026-07-31T00:26:36Z,617,3,1,10,2,0,1,1,1,1785457518
2026-07-31T00:26:36Z,618,13,3,2,4,0,1,1,1,1785457502
2026-07-31T00:26:36Z,619,4,4,15,0,0,1,1,1,1785456182
2026-07-31T00:26:36Z,620,7,0,19,1,0,1,1,1,1785457422
2026-07-31T00:26:36Z,621,10,3,12,1,0,1,1,1,1785457452
2026-07-31T00:26:36Z,622,13,7,6,4,0,1,1,1,1785457439
2026-07-31T00:26:36Z,623,6,1,23,1,0,1,1,1,1785457042
2026-07-31T00:26:36Z,624,6,1,9,0,0,1,1,1,1785456845
2026-07-31T00:26:36Z,625,2,0,18,1,0,1,1,1,1785456708
2026-07-31T00:26:36Z,626,5,0,39,1,2,1,1,1,1785456528
2026-07-31T00:26:36Z,627,15,6,4,0,0,1,1,1,1785457203
2026-07-31T00:26:36Z,628,4,4,14,0,1,1,1,1,1785455145
2026-07-31T00:26:36Z,629,8,3,1,2,0,1,1,1,1785457337
2026-07-31T00:26:36Z,630,1,0,23,3,0,1,1,1,1785457429
2026-07-31T00:26:36Z,631,8,0,15,0,0,1,1,1,1785457438
2026-07-31T00:26:36Z,632,22,2,0,1,0,1,1,1,1785455012
2026-07-31T00:26:36Z,633,12,2,0,3,0,1,1,1,1785457466
2026-07-31T00:26:36Z,634,4,1,14,1,0,1,1,1,1785456259
2026-07-31T00:26:36Z,635,11,1,7,1,0,1,1,1,1785457381
2026-07-31T00:26:36Z,636,9,1,5,1,0,1,1,1,1785457377
2026-07-31T00:26:36Z,637,8,1,11,0,0,1,1,1,1785456458
2026-07-31T00:26:36Z,638,8,2,8,3,0,1,1,1,1785455929
2026-07-31T00:26:36Z,639,4,1,13,2,0,1,1,1,1785455668
2026-07-31T00:26:36Z,640,2,2,20,1,0,1,1,1,1785457439
2026-07-31T00:26:36Z,641,5,0,20,1,0,1,1,1,1785457555
2026-07-31T00:26:36Z,642,0,0,11,8,0,1,1,1,1785457579
2026-07-31T00:26:36Z,643,6,0,15,6,0,1,1,1,1785457118
2026-07-31T00:26:36Z,644,7,0,7,1,0,1,1,1,1785456775
2026-07-31T00:26:36Z,645,11,1,11,0,1,1,1,1,1785456688
2026-07-31T00:26:36Z,646,2,0,17,0,0,1,1,1,1785457519
2026-07-31T00:26:36Z,647,0,0,31,0,0,1,1,1,1785457215
2026-07-31T00:26:36Z,648,6,1,11,1,1,1,1,1,1785457393
2026-07-31T00:26:36Z,649,3,2,27,1,0,1,1,1,1785456789
2026-07-31T00:26:36Z,650,4,1,10,0,0,1,1,1,1785453435
2026-07-31T00:26:36Z,651,4,2,19,0,0,1,1,1,1785457408
2026-07-31T00:26:36Z,652,4,0,17,2,0,1,1,1,1785457568
2026-07-31T00:26:36Z,653,3,1,15,1,0,1,1,1,1785457453
2026-07-31T00:26:36Z,654,6,4,9,0,0,1,1,1,1785457478
2026-07-31T00:26:36Z,655,5,2,3,4,1,1,1,1,1785457484
2026-07-31T00:26:36Z,656,13,6,6,0,0,1,1,1,1785457000
2026-07-31T00:26:36Z,657,12,6,2,2,1,1,1,1,1785457408
2026-07-31T00:26:36Z,658,6,0,4,0,0,1,1,1,1785453591
2026-07-31T00:26:36Z,659,8,3,6,1,0,1,1,1,1785457539
2026-07-31T00:26:36Z,660,1,1,27,3,0,1,1,1,1785457565
2026-07-31T00:26:36Z,661,3,1,16,0,0,1,1,1,1785457196
2026-07-31T00:26:36Z,662,7,3,13,3,0,1,1,1,1785455721
2026-07-31T00:26:36Z,663,2,1,12,1,0,1,1,1,1785457581
2026-07-31T00:26:36Z,664,3,1,24,0,0,1,1,1,1785457466
2026-07-31T00:26:36Z,665,8,1,7,0,0,1,1,1,1785457576
2026-07-31T00:26:36Z,666,6,4,7,2,0,1,1,1,1785457342
2026-07-31T00:26:36Z,667,14,1,5,0,0,1,1,1,1785457500
2026-07-31T00:26:36Z,668,12,1,5,2,0,1,1,1,1785457517
2026-07-31T00:26:36Z,669,8,2,6,0,0,1,1,1,1785457010
2026-07-31T00:26:36Z,670,5,2,22,0,0,1,1,1,1785457180
2026-07-31T00:26:36Z,671,21,0,5,1,0,1,1,1,1785457517
2026-07-31T00:26:36Z,672,3,1,16,3,1,1,1,1,1785457096
2026-07-31T00:26:36Z,673,2,1,20,1,0,1,1,1,1785456661
2026-07-31T00:26:36Z,674,5,5,15,3,0,1,1,1,1785457581
2026-07-31T00:26:36Z,675,5,0,8,2,0,1,1,1,1785457424
2026-07-31T00:26:36Z,676,13,3,9,0,0,1,1,1,1785457462
2026-07-31T00:26:36Z,681,2,1,11,2,0,1,1,1,1785457490
2026-07-31T00:26:36Z,682,4,1,14,1,0,1,1,1,1785387864
2026-07-31T00:26:36Z,683,4,1,15,0,0,1,1,1,1785457397
2026-07-31T00:26:36Z,684,2,0,25,0,0,1,1,1,1785456431
2026-07-31T00:26:36Z,685,5,0,20,1,1,1,1,1,1785455460
2026-07-31T00:26:36Z,686,11,0,14,1,1,1,1,1,1785457534
2026-07-31T00:26:36Z,687,13,0,16,1,1,1,1,1,1785457476
2026-07-31T00:26:36Z,688,8,0,4,7,0,1,1,1,1785457570
2026-07-31T00:26:36Z,692,0,0,21,0,0,1,1,1,1785456750
2026-07-31T00:26:36Z,693,7,0,1,3,0,1,1,1,1785456398
2026-07-31T00:26:36Z,694,8,5,12,1,0,1,1,1,1785456064
2026-07-31T00:26:36Z,695,11,5,12,0,0,1,1,1,1785457354
2026-07-31T00:26:36Z,696,17,10,6,0,0,1,1,1,1785456700
2026-07-31T00:26:36Z,697,14,0,9,0,0,1,1,1,1785457547
2026-07-31T00:26:36Z,698,27,2,0,0,0,1,1,1,1785457267
2026-07-31T00:26:36Z,699,6,0,8,1,0,1,1,1,1785456626
2026-07-31T00:26:36Z,700,16,3,3,0,0,1,1,1,1785456704
2026-07-31T00:26:36Z,701,12,5,6,1,0,1,1,1,1785457427
2026-07-31T00:26:36Z,702,1,1,22,0,0,1,1,1,1785457513
2026-07-31T00:26:36Z,704,7,1,8,0,0,1,1,1,1785457402
2026-07-31T00:26:36Z,705,4,4,10,1,0,1,1,1,1785457344
2026-07-31T00:26:36Z,706,10,1,2,3,0,1,1,1,1785457526
2026-07-31T00:26:36Z,707,3,2,10,2,0,1,1,1,1785456833
2026-07-31T00:26:36Z,708,15,0,4,0,0,1,1,1,1785457460
2026-07-31T00:26:36Z,709,8,0,3,4,0,1,1,1,1785457285
2026-07-31T00:26:36Z,710,11,1,8,0,0,1,1,1,1785457572
2026-07-31T00:26:36Z,711,12,4,10,1,0,1,1,1,1785456238
2026-07-31T00:26:36Z,712,7,2,8,0,0,1,1,1,1785456911
2026-07-31T00:26:36Z,713,0,0,23,0,0,1,1,1,1785457206
2026-07-31T00:26:36Z,716,1,1,14,0,0,1,1,1,1785456504
2026-07-31T00:26:36Z,717,2,0,20,3,0,1,1,1,1785456534
2026-07-31T00:26:36Z,718,5,1,9,1,0,1,1,1,1785456396
2026-07-31T00:26:36Z,719,5,1,24,0,0,1,1,1,1785457498
2026-07-31T00:26:36Z,720,2,1,17,0,0,1,1,1,1785456810
2026-07-31T00:26:36Z,721,1,0,20,2,0,1,1,1,1785457541
2026-07-31T00:26:36Z,722,2,0,13,0,0,1,1,1,1785456554
2026-07-31T00:26:36Z,723,12,2,11,0,0,1,1,1,1785456499
2026-07-31T00:26:36Z,724,15,6,7,1,0,1,1,1,1785457480
2026-07-31T00:26:36Z,725,5,0,18,0,0,1,1,1,1785457249
2026-07-31T00:26:36Z,726,8,1,11,0,0,1,1,1,1785457506
2026-07-31T00:26:36Z,727,9,4,12,2,0,1,1,1,1785457481
2026-07-31T00:26:36Z,728,10,1,5,0,0,1,1,1,1785457116
2026-07-31T00:26:36Z,729,19,3,0,0,0,1,1,1,1785456926
2026-07-31T00:26:36Z,730,3,2,10,2,0,1,1,1,1785455891
2026-07-31T00:26:36Z,731,10,2,5,0,0,1,1,1,1785457583
2026-07-31T00:26:36Z,732,2,2,13,0,0,1,1,1,1785456041
2026-07-31T00:26:36Z,733,21,0,4,2,0,1,1,1,1785457282
2026-07-31T00:26:36Z,734,4,1,10,0,0,1,1,1,1785456937
2026-07-31T00:26:36Z,735,0,0,27,0,0,1,1,1,1785456868
2026-07-31T00:26:36Z,736,5,0,14,0,0,1,1,1,1785457566
2026-07-31T00:26:36Z,737,1,0,11,2,1,1,1,1,1785457159
2026-07-31T00:26:36Z,738,6,0,11,2,0,1,1,1,1785457512
2026-07-31T00:26:36Z,739,18,2,8,1,0,1,1,1,1785456721
2026-07-31T00:26:36Z,741,5,1,18,0,0,1,1,1,1785457106
2026-07-31T00:26:36Z,742,17,7,16,2,0,1,1,1,1785457075
2026-07-31T00:26:36Z,743,2,1,16,1,0,1,1,1,1785456969
2026-07-31T00:26:36Z,744,5,1,9,1,0,1,1,1,1785457506
2026-07-31T00:26:36Z,745,14,4,4,1,0,1,1,1,1785457482
2026-07-31T00:26:36Z,746,6,2,14,3,0,1,1,1,1785456923
2026-07-31T00:26:36Z,747,0,0,4,0,0,0,1,1,1783446606
2026-07-31T00:26:36Z,748,10,1,13,0,0,1,1,1,1785456547
2026-07-31T00:26:36Z,749,1,1,22,0,0,1,1,1,1785456792
2026-07-31T00:26:36Z,750,5,4,6,0,0,1,1,1,1785457458
2026-07-31T00:26:36Z,751,5,5,17,1,0,1,1,1,1785457544
2026-07-31T00:26:36Z,752,6,0,10,1,0,1,1,1,1785456668
2026-07-31T00:26:36Z,753,15,2,0,0,0,1,1,1,1785456382
2026-07-31T00:26:36Z,754,2,1,12,1,0,1,1,1,1785456292
2026-07-31T00:26:36Z,755,4,0,18,1,0,1,1,1,1785457154
2026-07-31T00:26:36Z,756,1,1,34,2,0,1,1,1,1785457576
2026-07-31T00:26:36Z,757,3,0,16,0,0,1,1,1,1785456942
2026-07-31T00:26:36Z,758,9,8,14,0,0,1,1,1,1785457274
2026-07-31T00:26:36Z,759,5,3,10,0,0,1,1,1,1785455809
2026-07-31T00:26:36Z,760,6,2,12,1,0,1,1,1,1785456620
2026-07-31T00:26:36Z,761,6,1,17,0,0,1,1,1,1785457003
2026-07-31T00:26:36Z,762,6,4,5,4,0,1,1,1,1785456703
2026-07-31T00:26:36Z,768,9,0,8,2,0,1,1,1,1785455927
2026-07-31T00:26:36Z,769,17,7,2,0,0,1,1,1,1785457580
2026-07-31T00:26:36Z,770,10,2,7,2,0,1,1,1,1785457271
2026-07-31T00:26:36Z,771,13,3,1,1,0,1,1,1,1785456685
2026-07-31T00:26:36Z,772,3,2,12,0,0,1,1,1,1785457364
2026-07-31T00:26:36Z,773,6,3,13,0,0,1,1,1,1785457460
2026-07-31T00:26:36Z,774,0,0,11,4,0,1,1,1,1785457258
2026-07-31T00:26:36Z,775,5,0,12,2,1,1,1,1,1785457583
2026-07-31T00:26:36Z,776,3,1,17,1,0,1,1,1,1785457436
2026-07-31T00:26:36Z,777,9,2,3,3,0,1,1,1,1785457238
2026-07-31T00:26:36Z,778,13,0,3,3,0,1,1,1,1785457397
2026-07-31T00:26:36Z,779,8,1,10,1,0,1,1,1,1785456984
2026-07-31T00:26:36Z,780,7,2,11,1,0,1,1,1,1785457370
2026-07-31T00:26:36Z,781,2,0,7,2,0,1,1,1,1785456677
2026-07-31T00:26:36Z,782,1,0,15,3,0,1,1,1,1785456991
2026-07-31T00:26:36Z,783,4,0,15,0,0,1,1,1,1785456298
2026-07-31T00:26:36Z,784,3,0,15,1,0,1,1,1,1785457087
2026-07-31T00:26:36Z,785,9,0,4,6,0,1,1,1,1785456448
2026-07-31T00:26:36Z,786,8,2,11,0,0,1,1,1,1785456072
2026-07-31T00:26:36Z,787,10,5,3,2,0,1,1,1,1785457570
2026-07-31T00:26:36Z,788,4,0,11,0,0,1,1,1,1785456789
2026-07-31T00:26:36Z,789,5,2,6,4,0,1,1,1,1785457046
2026-07-31T00:26:36Z,790,7,0,16,0,0,1,1,1,1785457487
2026-07-31T00:26:36Z,791,7,0,11,0,1,1,1,1,1785457387
2026-07-31T00:26:36Z,793,4,0,10,1,0,1,1,1,1785457203
2026-07-31T00:26:36Z,794,10,2,18,1,0,1,1,1,1785457555
2026-07-31T00:26:36Z,796,6,3,12,1,0,1,1,1,1785457539
2026-07-31T00:26:36Z,797,0,0,15,0,0,1,1,1,1785457272
2026-07-31T00:26:36Z,798,9,0,15,1,0,1,1,1,1785457549
2026-07-31T00:26:36Z,799,12,4,3,4,0,1,1,1,1785456896
2026-07-31T00:26:36Z,800,11,2,9,1,0,1,1,1,1785457275
2026-07-31T00:26:36Z,801,1,1,19,1,0,1,1,1,1785457206
2026-07-31T00:26:36Z,802,12,1,19,0,0,1,1,1,1785456963
2026-07-31T00:26:36Z,803,0,0,14,1,0,1,1,1,1785456754
2026-07-31T00:26:36Z,806,7,7,6,2,0,1,1,1,1785457307
2026-07-31T00:26:36Z,807,0,0,24,1,0,1,1,1,1785457279
2026-07-31T00:26:36Z,808,3,0,21,1,0,1,1,1,1785454239
2026-07-31T00:26:36Z,809,5,1,17,1,0,1,1,1,1785456874
2026-07-31T00:26:36Z,810,2,0,13,4,0,1,1,1,1785457407
2026-07-31T00:26:36Z,815,9,1,1,4,1,1,1,1,1785457486
2026-07-31T00:26:36Z,817,8,4,7,0,0,1,1,1,1785457069
2026-07-31T00:26:36Z,818,6,0,16,1,0,1,1,1,1785457396
2026-07-31T00:26:36Z,819,6,4,9,0,0,1,1,1,1785455226
2026-07-31T00:26:36Z,820,6,1,11,0,0,1,1,1,1785456219
2026-07-31T00:26:36Z,821,2,2,13,0,0,1,1,1,1785457151
2026-07-31T00:26:36Z,822,18,1,3,2,0,1,1,1,1785457382
2026-07-31T00:26:36Z,823,8,0,6,1,0,1,1,1,1785457122
2026-07-31T00:26:36Z,824,15,5,3,1,0,1,1,1,1785457333
2026-07-31T00:26:36Z,825,9,5,6,0,0,1,1,1,1785457432
2026-07-31T00:26:36Z,826,4,1,14,1,0,1,1,1,1785457530
2026-07-31T00:26:36Z,827,13,5,7,1,0,1,1,1,1785457305
2026-07-31T00:26:36Z,828,8,2,8,2,0,1,1,1,1785457187
2026-07-31T00:26:36Z,829,13,6,14,0,0,1,1,1,1785456180
2026-07-31T00:26:36Z,830,16,0,6,1,0,1,1,1,1785457494
2026-07-31T00:26:36Z,831,4,3,10,1,0,1,1,1,1785456596
2026-07-31T00:26:36Z,832,10,4,5,3,0,1,1,1,1785457322
2026-07-31T00:26:36Z,833,2,2,16,1,0,1,1,1,1785456373
2026-07-31T00:26:36Z,834,3,2,18,3,0,1,1,1,1785457512
2026-07-31T00:26:36Z,835,2,0,13,3,0,1,1,1,1785457528
2026-07-31T00:26:36Z,837,5,1,0,10,0,1,1,1,1785456595
2026-07-31T00:26:36Z,838,14,1,0,1,0,1,1,1,1785457300
2026-07-31T00:26:36Z,839,29,1,0,0,0,1,1,1,1785457418
2026-07-31T00:26:36Z,840,3,0,24,2,0,1,1,1,1785457131
2026-07-31T00:26:36Z,841,8,1,7,0,0,1,1,1,1785456595
2026-07-31T00:26:36Z,842,6,1,17,0,0,1,1,1,1785457151
2026-07-31T00:26:36Z,843,9,0,21,1,0,1,1,1,1785456411
2026-07-31T00:26:36Z,844,5,1,18,0,0,1,1,1,1785456335
2026-07-31T00:26:36Z,845,5,3,12,2,0,1,1,1,1785456698
2026-07-31T00:26:36Z,846,5,1,12,2,0,1,1,1,1785455837
2026-07-31T00:26:36Z,847,4,1,23,0,0,1,1,1,1785457346
2026-07-31T00:26:36Z,848,7,0,11,1,0,1,1,1,1785454449
2026-07-31T00:26:36Z,849,9,2,5,1,0,1,1,1,1785457525
2026-07-31T00:26:36Z,850,9,0,1,1,0,1,1,1,1785456110
2026-07-31T00:26:36Z,851,0,0,35,2,0,1,1,1,1785457440
2026-07-31T00:26:36Z,852,9,3,9,1,0,1,1,1,1785456834
2026-07-31T00:26:36Z,853,8,4,15,0,0,1,1,1,1785457245
2026-07-31T00:26:36Z,854,2,2,13,0,0,1,1,1,1785457395
2026-07-31T00:26:36Z,855,12,1,15,0,0,1,1,1,1785457474
2026-07-31T00:26:36Z,857,1,1,17,1,0,1,1,1,1785457100
2026-07-31T00:26:36Z,858,4,1,14,1,0,1,1,1,1785457047
2026-07-31T00:26:36Z,859,3,0,17,1,0,1,1,1,1785457294
2026-07-31T00:26:36Z,861,8,1,2,1,0,1,1,1,1785455675
2026-07-31T00:26:36Z,862,1,1,14,0,0,1,1,1,1785456618
2026-07-31T00:26:36Z,863,9,0,9,1,0,1,1,1,1785455983
2026-07-31T00:26:36Z,866,6,0,12,1,0,1,1,1,1785456853
2026-07-31T00:26:36Z,867,12,0,3,0,0,1,1,1,1785456240
2026-07-31T00:26:36Z,868,13,2,2,0,0,1,1,1,1785456409
2026-07-31T00:26:36Z,870,7,5,7,1,0,1,1,1,1785456621
2026-07-31T00:26:36Z,871,0,0,10,1,0,1,1,1,1785456046
2026-07-31T00:26:36Z,872,0,0,14,1,0,1,1,1,1785456554
2026-07-31T00:26:36Z,873,0,0,32,1,0,1,1,1,1785456379
2026-07-31T00:26:36Z,874,6,0,6,3,0,1,1,1,1785457513
2026-07-31T00:26:36Z,875,15,11,0,0,0,1,1,1,1785457561
2026-07-31T00:26:36Z,877,12,11,6,1,0,1,1,1,1785456088
2026-07-31T00:26:36Z,878,5,4,13,1,0,1,1,1,1785456674
2026-07-31T00:26:36Z,879,2,0,17,0,0,1,1,1,1785457553
2026-07-31T00:26:36Z,880,2,0,20,1,0,1,1,1,1785457559
2026-07-31T00:26:36Z,881,3,0,16,0,0,1,1,1,1785457265
2026-07-31T00:26:36Z,882,9,0,7,3,0,1,1,1,1785454008
2026-07-31T00:26:36Z,883,10,6,9,0,0,1,1,1,1785456849
2026-07-31T00:26:36Z,884,11,7,10,0,0,1,1,1,1785456063
2026-07-31T00:26:36Z,885,1,0,18,0,0,1,1,1,1785456403
2026-07-31T00:26:36Z,886,2,0,26,1,0,1,1,1,1785457103
2026-07-31T00:26:36Z,887,1,1,13,3,0,1,1,1,1785457173
2026-07-31T00:26:36Z,888,39,1,0,2,0,1,1,1,1785457511
2026-07-31T00:26:36Z,889,9,0,8,2,0,1,1,1,1785456739
2026-07-31T00:26:36Z,890,4,1,10,1,0,1,1,1,1785455867
2026-07-31T00:26:36Z,891,11,0,11,1,0,1,1,1,1785456041
2026-07-31T00:26:36Z,892,12,1,3,0,0,1,1,1,1785456450
2026-07-31T00:26:36Z,895,1,0,17,1,0,1,1,1,1785449127
2026-07-31T00:26:36Z,896,20,2,15,0,0,1,1,1,1785457468
2026-07-31T00:26:36Z,897,10,2,11,0,0,1,1,1,1785456565
2026-07-31T00:26:36Z,898,0,0,19,0,0,1,1,1,1785456332
2026-07-31T00:26:36Z,899,13,2,6,0,0,1,1,1,1785457584
2026-07-31T00:26:36Z,900,20,1,7,0,0,1,1,1,1785457483
2026-07-31T00:26:36Z,901,18,2,0,1,0,1,1,1,1785457367
2026-07-31T00:26:36Z,902,11,1,3,1,0,1,1,1,1785456998
2026-07-31T00:26:36Z,903,5,0,14,0,0,1,1,1,1785457442
2026-07-31T00:26:36Z,904,11,5,8,0,0,1,1,1,1785456708
2026-07-31T00:26:36Z,905,3,2,23,1,0,1,1,1,1785456812
2026-07-31T00:26:36Z,906,9,9,18,0,0,1,1,1,1785457474
2026-07-31T00:26:36Z,907,19,4,12,0,0,1,1,1,1785457572
2026-07-31T00:26:36Z,908,7,2,16,0,0,1,1,1,1785456668
2026-07-31T00:26:36Z,909,6,5,17,0,0,1,1,1,1785457386
2026-07-31T00:26:36Z,910,21,0,10,0,0,1,1,1,1785457556
2026-07-31T00:26:36Z,911,9,0,10,0,0,1,1,1,1785456690
2026-07-31T00:26:36Z,912,5,1,15,3,0,1,1,1,1785457185
2026-07-31T00:26:36Z,913,2,0,16,1,0,1,1,1,1785457226
2026-07-31T00:26:36Z,914,9,1,10,0,0,1,1,1,1785457402
2026-07-31T00:26:36Z,915,15,1,7,1,0,1,1,1,1785456785
2026-07-31T00:26:36Z,916,5,3,18,0,0,1,1,1,1785456781
2026-07-31T00:26:36Z,917,26,1,8,1,0,1,1,1,1785457493
2026-07-31T00:26:36Z,918,2,1,15,2,0,1,1,1,1785457549
2026-07-31T00:26:36Z,919,3,0,36,0,0,1,1,1,1785457427
2026-07-31T00:26:36Z,920,3,1,16,0,0,1,1,1,1785457078
2026-07-31T00:26:36Z,921,16,0,4,1,0,1,1,1,1785456744
2026-07-31T00:26:36Z,922,4,0,17,0,0,1,1,1,1785457244
2026-07-31T00:26:36Z,923,17,11,1,1,0,1,1,1,1785456975
2026-07-31T00:26:36Z,924,8,0,13,0,0,1,1,1,1785457392
2026-07-31T00:26:36Z,925,16,2,5,0,0,1,1,1,1785456823
2026-07-31T00:26:36Z,926,3,2,18,0,0,1,1,1,1785457004
2026-07-31T00:26:36Z,927,27,1,8,0,0,1,1,1,1785457289
2026-07-31T00:26:36Z,928,10,0,9,0,0,1,1,1,1785457280
2026-07-31T00:26:36Z,929,0,0,23,0,0,1,1,1,1785457425
2026-07-31T00:26:36Z,930,24,0,4,3,0,1,1,1,1785457561
2026-07-31T00:26:36Z,931,3,3,20,0,0,1,1,1,1785457422
2026-07-31T00:26:36Z,932,15,0,0,4,0,1,1,1,1785457579
2026-07-31T00:26:36Z,933,22,1,0,1,0,1,1,1,1785457361
2026-07-31T00:26:36Z,934,3,0,27,1,0,1,1,1,1785457357
2026-07-31T00:26:36Z,935,7,1,11,1,0,1,1,1,1785457579
2026-07-31T00:26:36Z,936,4,1,15,0,0,1,1,1,1785456801
2026-07-31T00:26:36Z,940,11,3,0,0,0,1,1,1,1785457273
2026-07-31T00:26:36Z,941,4,0,19,2,0,1,1,1,1785457280
2026-07-31T00:26:36Z,942,9,0,12,0,0,1,1,1,1785457487
2026-07-31T00:26:36Z,943,8,8,7,0,0,1,1,1,1785457150
2026-07-31T00:26:36Z,944,9,8,6,0,0,1,1,1,1785456475
2026-07-31T00:26:36Z,945,10,8,5,0,0,1,1,1,1785455983
2026-07-31T00:26:36Z,946,7,5,12,0,0,1,1,1,1785424152
2026-07-31T00:26:36Z,947,7,5,10,0,0,1,1,1,1785456485
2026-07-31T00:26:36Z,948,2,2,25,4,0,1,1,1,1785457251
2026-07-31T00:26:36Z,949,1,0,14,0,0,1,1,1,1785457359
2026-07-31T00:26:36Z,950,3,1,13,1,0,1,1,1,1785457127
2026-07-31T00:26:36Z,951,7,0,15,1,0,1,1,1,1785457395
2026-07-31T00:26:36Z,952,34,3,20,1,0,1,1,1,1785457443
2026-07-31T00:26:36Z,953,12,1,3,0,0,1,1,1,1785457578
2026-07-31T00:26:36Z,954,15,0,4,0,0,1,1,1,1785456992
2026-07-31T00:26:36Z,955,0,0,22,5,0,1,1,1,1785457316
2026-07-31T00:26:36Z,956,20,0,2,1,0,1,1,1,1785457572
2026-07-31T00:26:36Z,957,20,2,8,1,0,1,1,1,1785457415
2026-07-31T00:26:36Z,958,14,0,17,0,0,1,1,1,1785457490
2026-07-31T00:26:36Z,959,10,2,12,1,0,1,1,1,1785457375
2026-07-31T00:26:36Z,960,16,8,6,1,0,1,1,1,1785457522
2026-07-31T00:26:36Z,961,1,0,19,3,0,1,1,1,1785457167
2026-07-31T00:26:36Z,962,5,1,27,3,0,1,1,1,1785457317
2026-07-31T00:26:36Z,963,12,0,10,1,0,1,1,1,1785457505
2026-07-31T00:26:36Z,964,8,6,14,1,0,1,1,1,1785457374
2026-07-31T00:26:36Z,965,2,1,24,1,0,1,1,1,1785456590
2026-07-31T00:26:36Z,966,14,0,17,0,0,1,1,1,1785457566
2026-07-31T00:26:36Z,967,19,2,1,1,0,1,1,1,1785457525
2026-07-31T00:26:36Z,968,3,3,16,0,0,1,1,1,1785457429
2026-07-31T00:26:36Z,969,6,6,18,3,0,1,1,1,1785457257
2026-07-31T00:26:36Z,970,11,3,7,1,0,1,1,1,1785457120
2026-07-31T00:26:36Z,971,17,0,5,1,0,1,1,1,1785457344
2026-07-31T00:26:36Z,972,6,0,16,1,0,1,1,1,1785457210
2026-07-31T00:26:36Z,973,12,8,10,1,0,1,1,1,1785457482
2026-07-31T00:26:36Z,974,10,0,17,0,0,1,1,1,1785457483
2026-07-31T00:26:36Z,977,4,3,14,3,0,1,1,1,1785457170
2026-07-31T00:26:36Z,978,12,3,10,1,0,1,1,1,1785457522
2026-07-31T00:26:36Z,979,1,0,16,0,0,1,1,1,1785457583
2026-07-31T00:26:36Z,980,3,0,17,1,0,1,1,1,1785457323
2026-07-31T00:26:36Z,981,6,0,14,1,0,1,1,1,1785457530
2026-07-31T00:26:36Z,982,3,1,14,2,0,1,1,1,1785456494
2026-07-31T00:26:36Z,983,2,2,20,1,0,1,1,1,1785456877
2026-07-31T00:26:36Z,984,5,0,18,0,0,1,1,1,1785455953
2026-07-31T00:26:36Z,985,20,0,11,0,0,1,1,1,1785457293
2026-07-31T00:26:36Z,986,2,0,17,0,0,1,1,1,1785457136
2026-07-31T00:26:36Z,987,5,0,17,1,0,1,1,1,1785456997
2026-07-31T00:26:36Z,988,5,1,13,1,0,1,1,1,1785456736
2026-07-31T00:26:36Z,989,8,4,11,0,0,1,1,1,1785457445
2026-07-31T00:26:36Z,990,13,1,0,2,0,1,1,1,1785456723
2026-07-31T00:26:36Z,991,8,1,10,1,0,1,1,1,1785456323
2026-07-31T00:26:36Z,992,8,6,14,1,0,1,1,1,1785457187
2026-07-31T00:26:36Z,993,4,0,23,0,0,1,1,1,1785456943
2026-07-31T00:26:36Z,994,1,1,20,0,0,1,1,1,1785457387
2026-07-31T00:26:36Z,995,7,0,20,0,0,1,1,1,1785456603
2026-07-31T00:26:36Z,996,9,1,14,0,0,1,1,1,1785456424
2026-07-31T00:26:36Z,997,11,4,10,2,0,1,1,1,1785457557
2026-07-31T00:26:36Z,998,2,0,20,1,0,1,1,1,1785456829
2026-07-31T00:26:36Z,999,4,2,15,1,1,1,1,1,1785456535
2026-07-31T00:26:36Z,1000,2,0,19,0,0,1,1,1,1785457335
2026-07-31T00:26:36Z,1001,1,0,26,0,0,1,1,1,1785456745
2026-07-31T00:26:36Z,1002,0,0,27,4,0,1,1,1,1785456709
2026-07-31T00:26:36Z,1003,0,0,23,0,0,1,1,1,1785456403
2026-07-31T00:26:36Z,1004,5,0,18,0,0,1,1,1,1785456117
2026-07-31T00:26:36Z,1005,20,1,3,0,0,1,1,1,1785456588
2026-07-31T00:26:36Z,1006,7,4,11,1,0,1,1,1,1785456445
2026-07-31T00:26:36Z,1007,4,1,17,0,0,1,1,1,1785456073
2026-07-31T00:26:36Z,1008,5,4,16,2,0,1,1,1,1785457360
2026-07-31T00:26:36Z,1009,21,4,8,2,0,1,1,1,1785457244
2026-07-31T00:26:36Z,1010,7,2,20,0,0,1,1,1,1785456229
2026-07-31T00:26:36Z,1011,6,1,11,2,0,1,1,1,1785456826
2026-07-31T00:26:36Z,1012,4,3,18,1,0,1,1,1,1785456354
2026-07-31T00:26:36Z,1013,5,1,17,1,0,1,1,1,1785456978
2026-07-31T00:26:36Z,1014,7,3,14,2,0,1,1,1,1785457445
2026-07-31T00:26:36Z,1015,5,4,25,1,0,1,1,1,1785457080
2026-07-31T00:26:36Z,1016,10,5,21,0,0,1,1,1,1785456144
2026-07-31T00:26:36Z,1017,14,5,7,0,0,1,1,1,1785457583
2026-07-31T00:26:36Z,1018,8,2,14,0,0,1,1,1,1785456444
2026-07-31T00:26:36Z,1019,7,5,8,0,0,1,1,1,1785456422
2026-07-31T00:26:36Z,1020,17,3,4,0,0,1,1,1,1785457462
2026-07-31T00:26:36Z,1021,8,3,6,1,0,1,1,1,1785457229
2026-07-31T00:26:36Z,1022,14,0,13,0,0,1,1,1,1785456504
2026-07-31T00:26:36Z,1023,12,1,10,1,0,1,1,1,1785456171
2026-07-31T00:26:36Z,1024,6,3,13,0,0,1,1,1,1785457201
2026-07-31T00:26:36Z,1025,4,1,14,0,1,1,1,1,1785456463
2026-07-31T00:26:36Z,1026,8,4,18,5,0,1,1,1,1785457299
2026-07-31T00:26:36Z,1028,2,0,20,1,0,1,1,1,1785456536
2026-07-31T00:26:36Z,1029,10,9,5,0,0,1,1,1,1785457514
2026-07-31T00:26:36Z,1030,13,5,10,0,0,1,1,1,1785457204
2026-07-31T00:26:36Z,1031,11,0,8,0,0,1,1,1,1785455803
2026-07-31T00:26:36Z,1032,7,1,12,0,0,1,1,1,1785456458
2026-07-31T00:26:36Z,1033,8,5,10,1,0,1,1,1,1785457263
2026-07-31T00:26:36Z,1034,1,0,14,0,0,1,1,1,1785456508
2026-07-31T00:26:36Z,1035,3,0,15,1,0,1,1,1,1785456478
2026-07-31T00:26:36Z,1036,15,1,0,0,0,1,1,1,1785457078
2026-07-31T00:26:36Z,1037,4,1,14,1,0,1,1,1,1785456824
2026-07-31T00:26:36Z,1038,3,1,11,1,0,1,1,1,1785457101
2026-07-31T00:26:36Z,1039,3,2,16,0,0,1,1,1,1785456613
2026-07-31T00:26:36Z,1040,8,4,10,1,0,1,1,1,1785456488
2026-07-31T00:26:36Z,1041,8,2,10,1,0,1,1,1,1785457129
2026-07-31T00:26:36Z,1042,12,0,1,2,0,1,1,1,1785457199
2026-07-31T00:26:36Z,1043,10,1,7,2,0,1,1,1,1785456529
2026-07-31T00:26:36Z,1044,2,1,13,0,0,1,1,1,1785456260
2026-07-31T00:26:36Z,1045,10,0,9,0,0,1,1,1,1785456447
2026-07-31T00:26:36Z,1046,8,0,7,0,0,1,1,1,1785455887
2026-07-31T00:26:36Z,1047,3,0,18,0,0,1,1,1,1785457452
2026-07-31T00:26:36Z,1048,5,1,14,0,0,1,1,1,1785456425
2026-07-31T00:26:36Z,1049,2,0,19,0,0,1,1,1,1785456449
2026-07-31T00:26:36Z,1050,16,5,4,1,0,1,1,1,1785457243
2026-07-31T00:26:36Z,1051,7,3,14,0,0,1,1,1,1785457459
2026-07-31T00:26:36Z,1052,18,2,4,0,0,1,1,1,1785457234
2026-07-31T00:26:36Z,1053,1,1,14,0,0,1,1,1,1785456382
2026-07-31T00:26:36Z,1054,14,1,1,0,0,1,1,1,1785456627
2026-07-31T00:26:36Z,1055,6,1,13,0,0,1,1,1,1785456585
2026-07-31T00:26:36Z,1057,12,1,7,0,0,1,1,1,1785457332
2026-07-31T00:26:36Z,1058,53,0,0,3,0,1,1,1,1785457529
2026-07-31T00:26:36Z,1059,3,0,14,2,0,1,1,1,1785456517
2026-07-31T00:26:36Z,1060,9,1,28,0,0,1,1,1,1785457206
2026-07-31T00:26:36Z,1061,4,0,33,0,0,1,1,1,1785457182
2026-07-31T00:26:36Z,1062,17,5,0,0,0,1,1,1,1785457531
2026-07-31T00:26:36Z,1063,13,2,5,1,0,1,1,1,1785456505
2026-07-31T00:26:36Z,1064,6,2,16,1,0,1,1,1,1785456772
2026-07-31T00:26:36Z,1065,15,3,8,0,0,1,1,1,1785457037
2026-07-31T00:26:36Z,1066,10,1,13,0,0,1,1,1,1785456867
2026-07-31T00:26:36Z,1067,7,1,15,1,0,1,1,1,1785457132
2026-07-31T00:26:36Z,1068,8,2,13,2,0,1,1,1,1785456584
2026-07-31T00:26:36Z,1069,12,3,11,0,0,1,1,1,1785456673
2026-07-31T00:26:36Z,1070,11,2,12,0,0,1,1,1,1785456764
2026-07-31T00:26:36Z,1071,7,4,16,0,0,1,1,1,1785456805
2026-07-31T00:26:36Z,1072,11,1,11,1,0,1,1,1,1785457110
2026-07-31T00:26:36Z,1073,12,3,14,1,0,1,1,1,1785457481
2026-07-31T00:26:36Z,1074,53,0,0,0,0,1,1,1,1785457537
2026-07-31T00:26:36Z,1075,9,8,12,0,0,1,1,1,1785456481
2026-07-31T00:26:36Z,1076,13,11,8,0,0,1,1,1,1785457422
2026-07-31T00:26:36Z,1077,8,5,13,0,0,1,1,1,1785456384
2026-07-31T00:26:36Z,1078,13,10,8,0,0,1,1,1,1785457469
2026-07-31T00:26:36Z,1079,12,9,9,0,0,1,1,1,1785456292
2026-07-31T00:26:36Z,1080,9,7,11,1,0,1,1,1,1785456886
2026-07-31T00:26:36Z,1081,14,9,5,0,0,1,1,1,1785457324
2026-07-31T00:26:36Z,1082,4,4,4,0,0,1,1,1,1785456903
2026-07-31T00:26:36Z,1083,12,10,9,0,0,1,1,1,1785456538
2026-07-31T00:26:36Z,1084,8,7,13,0,0,1,1,1,1785456175
2026-07-31T00:26:36Z,1085,10,10,11,0,0,1,1,1,1785457576
2026-07-31T00:26:36Z,1086,8,7,12,1,0,1,1,1,1785457109
2026-07-31T00:26:36Z,1087,10,9,5,0,0,1,1,1,1785457577
2026-07-31T00:26:36Z,1088,10,7,5,0,0,1,1,1,1785456511
2026-07-31T00:26:36Z,1089,6,4,9,0,0,1,1,1,1785456889
2026-07-31T00:26:36Z,1090,8,7,7,0,0,1,1,1,1785457408
2026-07-31T00:26:36Z,1091,10,5,5,0,0,1,1,1,1785457320
2026-07-31T00:26:36Z,1092,9,9,5,1,0,1,1,1,1785456864
2026-07-31T00:26:36Z,1093,7,6,8,0,0,1,1,1,1785457235
2026-07-31T00:26:36Z,1094,10,8,8,1,0,1,1,1,1785457449
2026-07-31T00:26:36Z,1095,9,8,6,0,0,1,1,1,1785457200
2026-07-31T00:26:36Z,1096,6,3,12,1,0,1,1,1,1785456823
2026-07-31T00:26:36Z,1097,8,8,7,0,0,1,1,1,1785457048
2026-07-31T00:26:36Z,1098,9,7,10,0,0,1,1,1,1785457361
2026-07-31T00:26:36Z,1099,7,6,8,0,0,1,1,1,1785456297
2026-07-31T00:26:36Z,1100,5,1,24,0,0,1,1,1,1785452920
2026-07-31T00:26:36Z,1101,10,5,11,0,0,1,1,1,1785456162
2026-07-31T00:26:36Z,1102,8,3,5,0,0,1,1,1,1785457332
2026-07-31T00:26:36Z,1103,11,5,10,0,0,1,1,1,1785435100
2026-07-31T00:26:36Z,1104,10,5,11,0,0,1,1,1,1785455912
2026-07-31T00:26:36Z,1105,7,3,6,0,0,1,1,1,1785457226
2026-07-31T00:26:36Z,1106,13,7,8,0,0,1,1,1,1785456246
2026-07-31T00:26:36Z,1107,9,5,6,0,0,1,1,1,1785456600
2026-07-31T00:26:36Z,1108,8,3,16,3,0,1,1,1,1785456983
2026-07-31T00:26:36Z,1109,5,3,10,0,0,1,1,1,1785456563
2026-07-31T00:26:36Z,1110,8,0,13,0,0,1,1,1,1785456795
2026-07-31T00:26:36Z,1111,3,1,18,0,0,1,1,1,1785457580
2026-07-31T00:26:36Z,1112,50,0,3,0,0,1,1,1,1785457556
2026-07-31T00:26:36Z,1113,1,1,20,0,0,1,1,1,1785456693
2026-07-31T00:26:36Z,1115,20,7,2,1,0,1,1,1,1785456931
2026-07-31T00:26:36Z,1116,4,1,15,0,0,1,1,1,1785456475
2026-07-31T00:26:36Z,1117,3,0,20,0,0,1,1,1,1785456819
2026-07-31T00:26:36Z,1118,21,1,0,0,0,1,1,1,1785457521
2026-07-31T00:26:36Z,1119,13,2,4,0,0,1,1,1,1785457507
2026-07-31T00:26:36Z,1120,16,2,1,2,0,1,1,1,1785457040
2026-07-31T00:26:36Z,1121,5,5,14,2,0,1,1,1,1785457507
2026-07-31T00:26:36Z,1122,15,10,5,1,0,1,1,1,1785457460
2026-07-31T00:26:36Z,1123,4,0,17,2,0,1,1,1,1785457084
2026-07-31T00:26:36Z,1124,9,0,1,5,0,1,1,1,1785457505
2026-07-31T00:26:36Z,1125,14,0,9,0,0,1,1,1,1785457241
2026-07-31T00:26:36Z,1126,6,4,13,2,0,1,1,1,1785457570
2026-07-31T00:26:36Z,1127,5,2,14,0,0,1,1,1,1785456798
2026-07-31T00:26:36Z,1128,9,0,5,1,0,1,1,1,1785457274
2026-07-31T00:26:36Z,1129,0,0,21,0,0,1,1,1,1785456301
2026-07-31T00:26:36Z,1130,12,2,3,0,0,1,1,1,1785457133
2026-07-31T00:26:36Z,1131,1,0,47,1,0,1,1,1,1785457339
2026-07-31T00:26:36Z,1132,13,5,7,1,0,1,1,1,1785456190
2026-07-31T00:26:36Z,1133,11,5,8,2,0,1,1,1,1785456872
2026-07-31T00:26:36Z,1134,11,6,8,0,0,1,1,1,1785456971
2026-07-31T00:26:36Z,1135,10,5,11,0,0,1,1,1,1785456055
2026-07-31T00:26:36Z,1136,15,0,8,0,0,1,1,1,1785457407
2026-07-31T00:26:36Z,1137,7,0,8,0,0,1,1,1,1785456429
2026-07-31T00:26:36Z,1138,9,1,10,0,0,1,1,1,1785457231
2026-07-31T00:26:36Z,1139,11,2,8,2,0,1,1,1,1785456936
2026-07-31T00:26:36Z,1140,17,2,5,1,0,1,1,1,1785457136
2026-07-31T00:26:36Z,1141,1,1,19,1,0,1,1,1,1785456739
2026-07-31T00:26:36Z,1142,21,1,0,0,0,1,1,1,1785457106
2026-07-31T00:26:36Z,1143,19,0,10,0,0,1,1,1,1785457549
2026-07-31T00:26:36Z,1144,9,4,10,2,0,1,1,1,1785457064
2026-07-31T00:26:36Z,1145,12,6,8,1,0,1,1,1,1785456830
2026-07-31T00:26:36Z,1146,8,7,9,2,0,1,1,1,1785457574
2026-07-31T00:26:36Z,1147,4,0,15,0,0,1,1,1,1785457392
2026-07-31T00:26:36Z,1148,3,3,28,0,0,1,1,1,1785457151
2026-07-31T00:26:36Z,1149,4,3,17,4,0,1,1,1,1785457578
2026-07-31T00:26:36Z,1150,4,0,15,0,0,1,1,1,1785457201
2026-07-31T00:26:36Z,1151,1,0,20,0,0,1,1,1,1785457109
2026-07-31T00:26:36Z,1152,3,0,26,0,0,1,1,1,1785456590
2026-07-31T00:26:36Z,1153,9,0,12,2,0,1,1,1,1785457322
2026-07-31T00:26:36Z,1154,13,1,6,0,0,1,1,1,1785455940
2026-07-31T00:26:36Z,1155,15,7,5,1,0,1,1,1,1785457263
2026-07-31T00:26:36Z,1158,3,0,16,0,0,1,1,1,1785456369
2026-07-31T00:26:36Z,1159,11,0,8,0,0,1,1,1,1785456722
2026-07-31T00:26:36Z,1160,9,1,9,1,0,1,1,1,1785456261
2026-07-31T00:26:36Z,1161,5,1,13,1,0,1,1,1,1785456852
2026-07-31T00:26:36Z,1162,0,0,19,0,0,1,1,1,1785457108
2026-07-31T00:26:36Z,1163,1,1,17,1,0,1,1,1,1785456488
2026-07-31T00:26:36Z,1164,4,1,15,0,0,1,1,1,1785456547
2026-07-31T00:26:36Z,1165,8,1,13,0,0,1,1,1,1785457263
2026-07-31T00:26:36Z,1166,9,4,12,0,0,1,1,1,1785456765
2026-07-31T00:26:36Z,1167,4,0,11,0,0,1,1,1,1785456288
2026-07-31T00:26:36Z,1168,1,0,22,0,0,1,1,1,1785456704
2026-07-31T00:26:36Z,1169,3,0,15,1,0,1,1,1,1785456393
2026-07-31T00:26:36Z,1170,6,0,14,1,0,1,1,1,1785456746
2026-07-31T00:26:36Z,1171,6,6,16,1,0,1,1,1,1785456385
2026-07-31T00:26:36Z,1172,7,2,6,2,0,1,1,1,1785456680
2026-07-31T00:26:36Z,1173,10,3,9,0,0,1,1,1,1785456631
2026-07-31T00:26:36Z,1174,5,2,9,1,0,1,1,1,1785456370
2026-07-31T00:26:36Z,1175,7,3,12,0,0,1,1,1,1785456851
2026-07-31T00:26:36Z,1176,19,1,2,0,0,1,1,1,1785456895
2026-07-31T00:26:36Z,1177,3,1,18,0,0,1,1,1,1785457564
2026-07-31T00:26:36Z,1178,1,0,14,0,0,1,1,1,1785456358
2026-07-31T00:26:36Z,1181,11,0,2,2,0,1,1,1,1785457083
2026-07-31T00:26:36Z,1182,15,5,5,0,0,1,1,1,1785456894
2026-07-31T00:26:36Z,1183,7,3,36,2,0,1,1,1,1785457325
2026-07-31T00:26:36Z,1184,3,2,17,1,0,1,1,1,1785457298
2026-07-31T00:26:36Z,1185,10,5,11,0,0,1,1,1,1785455983
2026-07-31T00:26:36Z,1186,9,5,10,0,0,1,1,1,1785456902
2026-07-31T00:26:36Z,1187,10,5,9,2,0,1,1,1,1785457348
2026-07-31T00:26:36Z,1188,9,3,6,0,0,1,1,1,1785456610
2026-07-31T00:26:36Z,1189,10,5,9,0,0,1,1,1,1785456656
2026-07-31T00:26:36Z,1190,10,5,11,0,0,1,1,1,1785456032
2026-07-31T00:26:36Z,1191,10,5,5,0,0,1,1,1,1785456618
2026-07-31T00:26:36Z,1192,11,7,10,0,0,1,1,1,1785456400
2026-07-31T00:26:36Z,1193,6,4,5,2,0,1,1,1,1785457521
2026-07-31T00:26:36Z,1197,9,6,7,1,0,1,1,1,1785457396
2026-07-31T00:26:36Z,1198,14,4,5,2,0,1,1,1,1785456927
2026-07-31T00:26:36Z,1199,2,0,17,0,0,1,1,1,1785456960
2026-07-31T00:26:36Z,1200,10,5,5,0,0,1,1,1,1785456655
2026-07-31T00:26:36Z,1201,9,4,6,0,0,1,1,1,1785456632
2026-07-31T00:26:36Z,1202,10,5,5,0,0,1,1,1,1785456727
2026-07-31T00:26:36Z,1203,10,5,5,0,0,1,1,1,1785456622
2026-07-31T00:26:36Z,1204,7,3,11,1,0,1,1,1,1785456337
2026-07-31T00:26:36Z,1206,11,5,10,0,0,1,1,1,1785457354
2026-07-31T00:26:36Z,1207,10,5,5,0,0,1,1,1,1785456941
2026-07-31T00:26:36Z,1208,7,2,11,1,0,1,1,1,1785456819
2026-07-31T00:26:36Z,1216,7,0,13,1,0,1,1,1,1785455775
2026-07-31T00:26:36Z,1218,5,0,16,0,0,1,1,1,1785456170
2026-07-31T00:26:36Z,1219,7,2,7,1,0,1,1,1,1785456084
2026-07-31T00:26:36Z,1220,14,7,4,1,0,1,1,1,1785457032
2026-07-31T00:26:36Z,1221,2,2,19,0,0,1,1,1,1785457294
2026-07-31T00:26:36Z,1222,19,0,10,0,0,1,1,1,1785457431
2026-07-31T00:26:36Z,1223,20,2,7,2,0,1,1,1,1785457432
2026-07-31T00:26:36Z,1226,0,0,3,0,0,0,1,1,1781868931
2026-07-31T00:26:36Z,1227,15,2,10,0,0,1,1,1,1785456368
2026-07-31T00:26:36Z,1228,1,1,28,0,0,1,1,1,1785457376
2026-07-31T00:26:36Z,1229,41,1,4,0,0,1,1,1,1785457489
2026-07-31T00:31:36Z,1,2,0,21,0,0,1,1,1,1785457723
2026-07-31T00:31:36Z,2,23,0,2,2,0,1,1,1,1785457869
2026-07-31T00:31:36Z,3,4,0,9,1,0,1,1,1,1785457766
2026-07-31T00:31:36Z,4,21,1,0,1,0,1,1,1,1785456637
2026-07-31T00:31:36Z,5,8,3,15,0,0,1,1,1,1785456282
2026-07-31T00:31:36Z,6,11,1,4,0,0,1,1,1,1785457771
2026-07-31T00:31:36Z,7,6,0,33,0,0,1,1,1,1785456422
2026-07-31T00:31:36Z,8,3,0,40,0,0,1,1,1,1785455298
2026-07-31T00:31:36Z,9,10,1,11,2,0,1,1,1,1785457520
2026-07-31T00:31:36Z,10,2,1,19,2,0,1,1,1,1785456733
2026-07-31T00:31:36Z,11,6,0,12,1,0,1,1,1,1785457816
2026-07-31T00:31:36Z,12,15,1,8,0,0,1,1,1,1785457753
2026-07-31T00:31:36Z,13,18,2,12,0,0,1,1,1,1785456969
2026-07-31T00:31:36Z,14,35,0,7,0,1,1,1,1,1785457854
2026-07-31T00:31:36Z,15,10,0,5,0,0,1,1,1,1785457533
2026-07-31T00:31:36Z,16,8,0,16,2,1,1,1,1,1785457766
2026-07-31T00:31:36Z,17,17,0,9,1,0,1,1,1,1785457877
2026-07-31T00:31:36Z,18,15,0,0,3,0,1,1,1,1785457793
2026-07-31T00:31:36Z,19,6,2,20,1,0,1,1,1,1785457562
2026-07-31T00:31:36Z,20,22,1,13,0,0,1,1,1,1785456855
2026-07-31T00:31:36Z,21,10,0,9,0,0,1,1,1,1785457789
2026-07-31T00:31:36Z,22,32,0,32,1,0,1,1,1,1785457754
2026-07-31T00:31:36Z,23,25,4,6,0,0,1,1,1,1785457737
2026-07-31T00:31:36Z,24,10,2,0,1,0,1,1,1,1785457881
2026-07-31T00:31:36Z,25,73,1,3,5,0,1,1,1,1785457882
2026-07-31T00:31:36Z,26,7,0,20,0,0,1,1,1,1785456754
2026-07-31T00:31:36Z,28,0,0,15,0,0,1,1,1,1785457007
2026-07-31T00:31:36Z,30,12,1,15,2,0,1,1,1,1785457780
2026-07-31T00:31:36Z,31,0,0,17,2,0,1,1,1,1785457881
2026-07-31T00:31:36Z,32,21,4,6,0,0,1,1,1,1785457493
2026-07-31T00:31:36Z,34,24,1,13,0,0,1,1,1,1785457237
2026-07-31T00:31:36Z,35,47,0,0,0,0,1,1,1,1785457797
2026-07-31T00:31:36Z,36,0,0,0,0,0,0,1,1,86400
2026-07-31T00:31:36Z,37,17,0,6,0,0,1,1,1,1785457735
2026-07-31T00:31:36Z,38,6,0,17,0,0,1,1,1,1785457812
2026-07-31T00:31:36Z,39,19,0,20,0,0,1,1,1,1785457500
2026-07-31T00:31:36Z,40,8,0,11,2,0,1,1,1,1785457352
2026-07-31T00:31:36Z,41,8,0,33,2,0,1,1,1,1785457883
2026-07-31T00:31:36Z,42,24,4,7,0,0,1,1,1,1785457507
2026-07-31T00:31:36Z,43,1,0,22,0,0,1,1,1,1785457423
2026-07-31T00:31:36Z,45,8,3,20,1,0,1,1,1,1785457818
2026-07-31T00:31:36Z,46,7,2,24,0,0,1,1,1,1785457749
2026-07-31T00:31:36Z,47,13,1,1,1,0,1,1,1,1785457720
2026-07-31T00:31:36Z,48,14,1,13,0,0,1,1,1,1785457528
2026-07-31T00:31:36Z,49,0,0,19,4,0,1,1,1,1785457883
2026-07-31T00:31:36Z,50,1,0,18,0,0,1,1,1,1785457612
2026-07-31T00:31:36Z,51,39,0,38,0,0,1,1,1,1785457870
2026-07-31T00:31:36Z,52,5,1,19,3,0,1,1,1,1785457861
2026-07-31T00:31:36Z,55,0,0,23,0,0,1,1,1,1785456194
2026-07-31T00:31:36Z,56,1,1,42,0,0,1,1,1,1785457606
2026-07-31T00:31:36Z,57,12,2,15,0,0,1,1,1,1785457031
2026-07-31T00:31:36Z,58,1,1,26,1,0,1,1,1,1785457863
2026-07-31T00:31:36Z,59,1,0,24,2,0,1,1,1,1785457867
2026-07-31T00:31:36Z,61,21,1,18,0,0,1,1,1,1785457539
2026-07-31T00:31:36Z,62,20,17,27,2,0,1,1,1,1785457714
2026-07-31T00:31:36Z,63,2,0,17,0,0,1,1,1,1785457783
2026-07-31T00:31:36Z,64,14,0,1,4,0,1,1,1,1785457870
2026-07-31T00:31:36Z,65,14,5,4,1,0,1,1,1,1785457144
2026-07-31T00:31:36Z,67,2,1,37,0,0,1,1,1,1785457841
2026-07-31T00:31:36Z,68,6,0,31,0,0,1,1,1,1785457864
2026-07-31T00:31:36Z,69,1,0,12,2,0,1,1,1,1785457864
2026-07-31T00:31:36Z,71,2,2,24,1,0,1,1,1,1785457698
2026-07-31T00:31:36Z,72,12,5,18,1,0,1,1,1,1785457605
2026-07-31T00:31:36Z,73,2,2,29,0,0,1,1,1,1785457540
2026-07-31T00:31:36Z,74,4,2,15,0,0,1,1,1,1785457773
2026-07-31T00:31:36Z,75,0,0,30,2,0,1,1,1,1785456645
2026-07-31T00:31:36Z,76,2,0,16,1,0,1,1,1,1785457882
2026-07-31T00:31:36Z,77,7,0,19,1,0,1,1,1,1785457509
2026-07-31T00:31:36Z,78,1,0,21,1,0,1,1,1,1785457673
2026-07-31T00:31:36Z,79,2,1,14,1,0,1,1,1,1785457720
2026-07-31T00:31:36Z,80,18,0,2,3,0,1,1,1,1785457879
2026-07-31T00:31:36Z,81,11,0,20,0,0,1,1,1,1785457833
2026-07-31T00:31:36Z,82,3,1,20,0,0,1,1,1,1785457566
2026-07-31T00:31:36Z,83,8,2,24,2,0,1,1,1,1785457780
2026-07-31T00:31:36Z,84,8,5,19,0,0,1,1,1,1785457748
2026-07-31T00:31:36Z,85,5,1,10,0,0,1,1,1,1785457842
2026-07-31T00:31:36Z,86,2,1,24,1,0,1,1,1,1785457388
2026-07-31T00:31:36Z,87,3,0,16,0,0,1,1,1,1785457315
2026-07-31T00:31:36Z,88,4,1,38,1,0,1,1,1,1785457787
2026-07-31T00:31:36Z,89,35,0,0,0,0,1,1,1,1785456716
2026-07-31T00:31:36Z,90,14,1,3,1,0,1,1,1,1785457654
2026-07-31T00:31:36Z,91,12,3,5,0,0,1,1,1,1785456963
2026-07-31T00:31:36Z,92,6,0,11,2,0,1,1,1,1785457682
2026-07-31T00:31:36Z,93,22,1,1,0,0,1,1,1,1785457563
2026-07-31T00:31:36Z,94,4,0,14,1,0,1,1,1,1785457831
2026-07-31T00:31:36Z,95,11,2,22,1,1,1,1,1,1785457875
2026-07-31T00:31:36Z,96,0,0,30,1,0,1,1,1,1785457756
2026-07-31T00:31:36Z,97,16,0,0,1,0,1,1,1,1785457820
2026-07-31T00:31:36Z,98,17,8,18,0,0,1,1,1,1785457327
2026-07-31T00:31:36Z,99,15,1,0,0,0,1,1,1,1785457881
2026-07-31T00:31:36Z,100,27,1,0,0,0,1,1,1,1785456103
2026-07-31T00:31:36Z,101,13,0,1,1,0,1,1,1,1785457352
2026-07-31T00:31:36Z,102,21,2,2,0,0,1,1,1,1785457812
2026-07-31T00:31:36Z,103,28,2,0,2,0,1,1,1,1785457678
2026-07-31T00:31:36Z,104,22,0,3,2,0,1,1,1,1785457883
2026-07-31T00:31:36Z,105,16,0,3,0,0,1,1,1,1785457091
2026-07-31T00:31:36Z,106,1,0,20,0,0,1,1,1,1785457730
2026-07-31T00:31:36Z,107,36,0,1,0,0,1,1,1,1785457224
2026-07-31T00:31:36Z,108,29,1,4,2,0,1,1,1,1785457848
2026-07-31T00:31:36Z,109,15,2,8,0,0,1,1,1,1785457866
2026-07-31T00:31:36Z,110,8,0,15,0,0,1,1,1,1785456600
2026-07-31T00:31:36Z,111,8,0,28,0,0,1,1,1,1785457621
2026-07-31T00:31:36Z,112,13,0,1,1,0,1,1,1,1785457260
2026-07-31T00:31:36Z,113,17,2,1,1,0,1,1,1,1785457884
2026-07-31T00:31:36Z,114,1,1,28,1,1,1,1,1,1785457675
2026-07-31T00:31:36Z,115,2,2,24,2,0,1,1,1,1785457521
2026-07-31T00:31:36Z,116,8,6,19,0,0,1,1,1,1785457867
2026-07-31T00:31:36Z,118,19,12,1,3,0,1,1,1,1785457695
2026-07-31T00:31:36Z,119,5,2,31,2,0,1,1,1,1785457579
2026-07-31T00:31:36Z,120,10,4,16,1,0,1,1,1,1785457767
2026-07-31T00:31:36Z,121,6,0,12,0,1,1,1,1,1785457767
2026-07-31T00:31:36Z,122,11,0,9,1,0,1,1,1,1785457826
2026-07-31T00:31:36Z,123,22,1,25,0,0,1,1,1,1785457824
2026-07-31T00:31:36Z,124,22,12,12,1,0,1,1,1,1785457715
2026-07-31T00:31:36Z,125,1,1,22,0,0,1,1,1,1785457733
2026-07-31T00:31:36Z,126,12,2,19,0,0,1,1,1,1785457880
2026-07-31T00:31:36Z,127,6,2,28,1,0,1,1,1,1785457825
2026-07-31T00:31:36Z,128,12,8,6,1,0,1,1,1,1785457257
2026-07-31T00:31:36Z,129,7,2,11,1,0,1,1,1,1785457557
2026-07-31T00:31:36Z,130,4,0,13,0,0,1,1,1,1785457733
2026-07-31T00:31:36Z,131,5,3,4,2,0,1,1,1,1785456847
2026-07-31T00:31:36Z,132,1,0,13,0,1,1,1,1,1785456025
2026-07-31T00:31:36Z,134,5,4,15,3,0,1,1,1,1785457815
2026-07-31T00:31:36Z,135,3,1,15,1,0,1,1,1,1785457798
2026-07-31T00:31:36Z,136,20,5,3,0,0,1,1,1,1785457755
2026-07-31T00:31:36Z,137,7,6,12,0,0,1,1,1,1785457819
2026-07-31T00:31:36Z,138,21,4,16,0,0,1,1,1,1785457719
2026-07-31T00:31:36Z,139,9,5,8,2,0,1,1,1,1785457714
2026-07-31T00:31:36Z,140,5,5,16,2,0,1,1,1,1785457880
2026-07-31T00:31:36Z,141,10,7,26,0,0,1,1,1,1785457871
2026-07-31T00:31:36Z,142,10,2,13,0,0,1,1,1,1785457521
2026-07-31T00:31:36Z,143,14,5,17,0,0,1,1,1,1785457883
2026-07-31T00:31:36Z,144,21,2,6,0,0,1,1,1,1785457330
2026-07-31T00:31:36Z,145,24,6,4,1,0,1,1,1,1785457637
2026-07-31T00:31:36Z,146,15,1,7,1,0,1,1,1,1785457621
2026-07-31T00:31:36Z,147,0,0,17,2,0,1,1,1,1785457875
2026-07-31T00:31:36Z,148,4,2,23,0,0,1,1,1,1785457810
2026-07-31T00:31:36Z,149,1,0,26,0,0,1,1,1,1785457686
2026-07-31T00:31:36Z,150,25,7,8,2,0,1,1,1,1785457841
2026-07-31T00:31:36Z,151,8,1,14,1,0,1,1,1,1785456977
2026-07-31T00:31:36Z,152,21,1,3,3,0,1,1,1,1785457772
2026-07-31T00:31:36Z,153,0,0,0,30,1,1,1,1,1785457830
2026-07-31T00:31:36Z,154,15,2,5,3,0,1,1,1,1785457782
2026-07-31T00:31:36Z,155,13,4,0,1,0,1,1,1,1785457853
2026-07-31T00:31:36Z,156,16,1,3,0,0,1,1,1,1785457680
2026-07-31T00:31:36Z,157,10,3,15,2,0,1,1,1,1785457872
2026-07-31T00:31:36Z,158,1,0,15,0,0,1,1,1,1785457417
2026-07-31T00:31:36Z,159,7,1,12,0,0,1,1,1,1785457716
2026-07-31T00:31:36Z,160,9,3,10,0,0,1,1,1,1785457730
2026-07-31T00:31:36Z,161,16,1,6,0,0,1,1,1,1785457707
2026-07-31T00:31:36Z,162,7,7,17,3,0,1,1,1,1785457693
2026-07-31T00:31:36Z,163,11,0,19,0,1,1,1,1,1785457763
2026-07-31T00:31:36Z,164,26,5,1,0,0,1,1,1,1785457733
2026-07-31T00:31:36Z,165,28,5,2,1,0,1,1,1,1785457881
2026-07-31T00:31:36Z,166,21,5,14,4,0,1,1,1,1785457883
2026-07-31T00:31:36Z,167,10,5,12,1,0,1,1,1,1785457861
2026-07-31T00:31:36Z,168,3,1,22,2,0,1,1,1,1785457877
2026-07-31T00:31:36Z,169,14,2,8,0,1,1,1,1,1785457798
2026-07-31T00:31:36Z,170,2,2,16,1,0,1,1,1,1785457785
2026-07-31T00:31:36Z,171,7,1,4,2,0,1,1,1,1785457728
2026-07-31T00:31:36Z,173,35,4,4,0,0,1,1,1,1785457726
2026-07-31T00:31:36Z,174,15,0,8,3,0,1,1,1,1785457692
2026-07-31T00:31:36Z,175,30,0,1,0,0,1,1,1,1785457828
2026-07-31T00:31:36Z,176,5,2,6,3,1,1,1,1,1785457845
2026-07-31T00:31:36Z,177,24,10,3,0,0,1,1,1,1785457718
2026-07-31T00:31:36Z,178,9,3,3,2,1,1,1,1,1785457880
2026-07-31T00:31:36Z,179,12,4,2,1,0,1,1,1,1785457841
2026-07-31T00:31:36Z,180,25,1,5,0,0,1,1,1,1785457560
2026-07-31T00:31:36Z,181,0,0,14,1,0,1,1,1,1785457618
2026-07-31T00:31:36Z,182,3,2,14,0,0,1,1,1,1785457861
2026-07-31T00:31:36Z,183,14,3,9,0,0,1,1,1,1785457852
2026-07-31T00:31:36Z,184,9,3,13,1,0,1,1,1,1785457597
2026-07-31T00:31:36Z,185,5,0,8,1,1,1,1,1,1785455936
2026-07-31T00:31:36Z,186,4,1,15,0,0,1,1,1,1785457849
2026-07-31T00:31:36Z,187,26,2,1,1,0,1,1,1,1785457506
2026-07-31T00:31:36Z,188,19,0,0,8,0,1,1,1,1785457825
2026-07-31T00:31:36Z,189,1,0,14,0,0,1,1,1,1785454630
2026-07-31T00:31:36Z,190,9,5,14,0,0,1,1,1,1785457746
2026-07-31T00:31:36Z,191,1,1,38,0,0,1,1,1,1785457874
2026-07-31T00:31:36Z,192,9,4,18,4,0,1,1,1,1785457535
2026-07-31T00:31:36Z,193,12,5,0,3,0,1,1,1,1785457880
2026-07-31T00:31:36Z,194,1,1,24,2,0,1,1,1,1785457649
2026-07-31T00:31:36Z,195,3,2,16,0,0,1,1,1,1785457856
2026-07-31T00:31:36Z,196,15,7,9,3,0,1,1,1,1785457696
2026-07-31T00:31:36Z,197,1,0,17,0,1,1,1,1,1785457655
2026-07-31T00:31:36Z,198,15,14,8,0,0,1,1,1,1785457439
2026-07-31T00:31:36Z,199,10,10,3,2,0,1,1,1,1785457879
2026-07-31T00:31:36Z,200,15,6,11,0,0,1,1,1,1785457847
2026-07-31T00:31:36Z,201,4,0,19,0,0,1,1,1,1785457873
2026-07-31T00:31:36Z,202,22,1,5,0,0,1,1,1,1785457837
2026-07-31T00:31:36Z,203,18,0,12,1,0,1,1,1,1785457761
2026-07-31T00:31:36Z,204,14,1,18,3,0,1,1,1,1785457777
2026-07-31T00:31:36Z,205,9,2,18,0,0,1,1,1,1785457770
2026-07-31T00:31:36Z,206,9,9,5,1,0,1,1,1,1785457818
2026-07-31T00:31:36Z,207,15,0,6,0,0,1,1,1,1785457841
2026-07-31T00:31:36Z,208,2,0,27,0,0,1,1,1,1785457571
2026-07-31T00:31:36Z,209,20,3,10,1,0,1,1,1,1785457875
2026-07-31T00:31:36Z,210,2,1,24,1,0,1,1,1,1785457730
2026-07-31T00:31:36Z,211,2,2,20,1,0,1,1,1,1785457394
2026-07-31T00:31:36Z,212,25,2,9,1,0,1,1,1,1785457806
2026-07-31T00:31:36Z,213,22,2,0,1,0,1,1,1,1785457664
2026-07-31T00:31:36Z,214,13,12,26,8,0,1,1,1,1785457882
2026-07-31T00:31:36Z,215,2,1,21,0,0,1,1,1,1785457793
2026-07-31T00:31:36Z,216,6,0,12,1,0,1,1,1,1785457505
2026-07-31T00:31:36Z,217,25,0,3,1,0,1,1,1,1785457676
2026-07-31T00:31:36Z,218,7,7,27,5,0,1,1,1,1785457840
2026-07-31T00:31:36Z,219,25,0,0,1,0,1,1,1,1785456704
2026-07-31T00:31:36Z,220,18,17,22,2,1,1,1,1,1785457780
2026-07-31T00:31:36Z,221,10,8,4,1,0,1,1,1,1785457784
2026-07-31T00:31:36Z,222,16,10,2,1,0,1,1,1,1785457794
2026-07-31T00:31:36Z,223,4,0,29,2,0,1,1,1,1785457810
2026-07-31T00:31:36Z,224,16,16,5,1,0,1,1,1,1785457719
2026-07-31T00:31:36Z,225,10,0,4,5,0,1,1,1,1785457455
2026-07-31T00:31:36Z,226,20,8,11,0,0,1,1,1,1785457652
2026-07-31T00:31:36Z,227,13,8,12,1,1,1,1,1,1785457711
2026-07-31T00:31:36Z,228,11,8,8,0,0,1,1,1,1785457814
2026-07-31T00:31:36Z,230,24,3,2,0,0,1,1,1,1785457872
2026-07-31T00:31:36Z,232,7,2,9,1,0,1,1,1,1785457852
2026-07-31T00:31:36Z,233,24,5,6,1,0,1,1,1,1785457468
2026-07-31T00:31:36Z,234,8,3,6,4,1,1,1,1,1785457762
2026-07-31T00:31:36Z,236,2,1,16,1,0,1,1,1,1785457370
2026-07-31T00:31:36Z,237,4,0,18,1,0,1,1,1,1785457620
2026-07-31T00:31:36Z,239,18,12,7,2,0,1,1,1,1785457677
2026-07-31T00:31:36Z,241,9,5,14,0,0,1,1,1,1785457883
2026-07-31T00:31:36Z,242,1,1,21,1,0,1,1,1,1785457858
2026-07-31T00:31:36Z,243,7,7,21,3,0,1,1,1,1785457837
2026-07-31T00:31:36Z,244,3,3,23,1,0,1,1,1,1785457549
2026-07-31T00:31:36Z,245,14,12,8,1,0,1,1,1,1785457684
2026-07-31T00:31:36Z,246,7,1,16,0,0,1,1,1,1785457821
2026-07-31T00:31:36Z,247,18,10,5,0,0,1,1,1,1785457095
2026-07-31T00:31:36Z,248,1,1,19,3,0,1,1,1,1785457791
2026-07-31T00:31:36Z,249,6,4,13,0,0,1,1,1,1785457856
2026-07-31T00:31:36Z,250,4,1,21,2,0,1,1,1,1785457716
2026-07-31T00:31:36Z,251,14,10,11,2,0,1,1,1,1785457760
2026-07-31T00:31:36Z,253,5,5,12,2,0,1,1,1,1785457386
2026-07-31T00:31:36Z,254,16,10,26,1,0,1,1,1,1785457822
2026-07-31T00:31:36Z,255,2,1,20,0,1,1,1,1,1785457636
2026-07-31T00:31:36Z,256,9,7,13,1,0,1,1,1,1785457803
2026-07-31T00:31:36Z,257,5,4,13,1,0,1,1,1,1785457812
2026-07-31T00:31:36Z,258,11,11,7,1,0,1,1,1,1785457618
2026-07-31T00:31:36Z,259,15,1,7,0,1,1,1,1,1785457483
2026-07-31T00:31:36Z,260,5,1,13,1,0,1,1,1,1785457711
2026-07-31T00:31:36Z,261,10,0,7,1,1,1,1,1,1785457670
2026-07-31T00:31:36Z,262,14,2,9,0,0,1,1,1,1785457790
2026-07-31T00:31:36Z,263,8,3,7,0,0,1,1,1,1785457875
2026-07-31T00:31:36Z,264,8,0,10,1,0,1,1,1,1785456912
2026-07-31T00:31:36Z,265,9,2,6,0,0,1,1,1,1785457768
2026-07-31T00:31:36Z,266,12,6,7,0,0,1,1,1,1785457616
2026-07-31T00:31:36Z,267,4,0,9,2,0,1,1,1,1785456188
2026-07-31T00:31:36Z,268,16,6,7,0,0,1,1,1,1785457866
2026-07-31T00:31:36Z,269,6,1,17,0,0,1,1,1,1785457470
2026-07-31T00:31:36Z,270,23,1,3,1,0,1,1,1,1785457554
2026-07-31T00:31:36Z,271,3,1,14,2,0,1,1,1,1785457753
2026-07-31T00:31:36Z,272,10,10,13,0,0,1,1,1,1785457776
2026-07-31T00:31:36Z,273,7,3,8,0,0,1,1,1,1785457158
2026-07-31T00:31:36Z,274,11,4,8,0,0,1,1,1,1785457856
2026-07-31T00:31:36Z,275,6,0,17,0,0,1,1,1,1785457240
2026-07-31T00:31:36Z,276,2,0,25,0,0,1,1,1,1785457834
2026-07-31T00:31:36Z,277,0,0,19,4,0,1,1,1,1785455960
2026-07-31T00:31:36Z,278,2,2,27,1,1,1,1,1,1785457229
2026-07-31T00:31:36Z,279,3,3,16,0,0,1,1,1,1785457583
2026-07-31T00:31:36Z,280,4,0,25,2,0,1,1,1,1785457610
2026-07-31T00:31:36Z,281,19,1,0,0,0,1,1,1,1785457487
2026-07-31T00:31:36Z,282,1,0,16,1,0,1,1,1,1785454029
2026-07-31T00:31:36Z,283,18,0,17,0,0,1,1,1,1785457873
2026-07-31T00:31:36Z,284,17,1,15,3,0,1,1,1,1785457768
2026-07-31T00:31:36Z,285,4,2,19,0,0,1,1,1,1785457072
2026-07-31T00:31:36Z,286,16,9,5,2,0,1,1,1,1785457848
2026-07-31T00:31:36Z,287,13,0,8,2,0,1,1,1,1785456065
2026-07-31T00:31:36Z,288,11,6,8,0,0,1,1,1,1785457607
2026-07-31T00:31:36Z,289,10,3,15,2,0,1,1,1,1785457795
2026-07-31T00:31:36Z,290,24,0,14,1,0,1,1,1,1785457467
2026-07-31T00:31:36Z,291,4,0,18,1,0,1,1,1,1785457580
2026-07-31T00:31:36Z,292,0,0,23,0,0,1,1,1,1785457343
2026-07-31T00:31:36Z,293,14,8,7,2,0,1,1,1,1785457342
2026-07-31T00:31:36Z,294,10,3,8,4,0,1,1,1,1785457579
2026-07-31T00:31:36Z,297,12,1,4,2,1,1,1,1,1785457691
2026-07-31T00:31:36Z,301,15,0,3,1,0,1,1,1,1785457640
2026-07-31T00:31:36Z,302,11,0,11,1,0,1,1,1,1785457101
2026-07-31T00:31:36Z,303,2,0,17,0,0,1,1,1,1785457798
2026-07-31T00:31:36Z,304,0,0,0,0,0,0,1,1,86400
2026-07-31T00:31:36Z,305,16,0,2,1,0,1,1,1,1785457874
2026-07-31T00:31:36Z,306,5,0,26,1,0,1,1,1,1785457844
2026-07-31T00:31:36Z,307,16,3,7,0,0,1,1,1,1785457357
2026-07-31T00:31:36Z,308,11,0,5,3,0,1,1,1,1785457584
2026-07-31T00:31:36Z,309,3,0,10,1,0,1,1,1,1785457626
2026-07-31T00:31:36Z,311,5,0,10,0,0,1,1,1,1785457424
2026-07-31T00:31:36Z,312,1,1,18,3,1,1,1,1,1785457769
2026-07-31T00:31:36Z,313,6,0,9,0,0,1,1,1,1785457649
2026-07-31T00:31:36Z,314,6,4,9,3,0,1,1,1,1785457420
2026-07-31T00:31:36Z,315,25,14,3,3,0,1,1,1,1785457824
2026-07-31T00:31:36Z,316,13,1,9,8,1,1,1,1,1785457858
2026-07-31T00:31:36Z,317,0,0,29,1,1,1,1,1,1785457591
2026-07-31T00:31:36Z,318,13,0,6,0,0,1,1,1,1785456267
2026-07-31T00:31:36Z,319,4,1,18,1,0,1,1,1,1785457726
2026-07-31T00:31:36Z,320,3,0,15,1,0,1,1,1,1785456989
2026-07-31T00:31:36Z,321,9,0,8,2,0,1,1,1,1785456753
2026-07-31T00:31:36Z,322,7,0,20,2,0,1,1,1,1785457485
2026-07-31T00:31:36Z,323,12,1,7,0,0,1,1,1,1785457490
2026-07-31T00:31:36Z,324,1,0,24,2,0,1,1,1,1785457884
2026-07-31T00:31:36Z,325,5,0,20,2,0,1,1,1,1785456769
2026-07-31T00:31:36Z,327,19,2,8,0,0,1,1,1,1785457744
2026-07-31T00:31:36Z,328,20,1,1,1,0,1,1,1,1785457860
2026-07-31T00:31:36Z,329,8,1,11,0,0,1,1,1,1785456953
2026-07-31T00:31:36Z,330,1,1,21,0,0,1,1,1,1785457636
2026-07-31T00:31:36Z,331,19,1,2,2,0,1,1,1,1785457881
2026-07-31T00:31:36Z,332,5,2,13,1,0,1,1,1,1785457143
2026-07-31T00:31:36Z,333,11,4,11,1,0,1,1,1,1785457732
2026-07-31T00:31:36Z,334,10,1,13,0,0,1,1,1,1785457801
2026-07-31T00:31:36Z,335,0,0,22,0,1,1,1,1,1785457097
2026-07-31T00:31:36Z,336,3,0,16,0,0,1,1,1,1785457696
2026-07-31T00:31:36Z,337,14,0,5,4,0,1,1,1,1785457663
2026-07-31T00:31:36Z,338,4,3,15,0,0,1,1,1,1785457823
2026-07-31T00:31:36Z,339,5,1,18,0,0,1,1,1,1785457785
2026-07-31T00:31:36Z,340,1,1,13,1,0,1,1,1,1785457722
2026-07-31T00:31:36Z,341,6,1,13,0,0,1,1,1,1785457554
2026-07-31T00:31:36Z,342,7,5,8,0,0,1,1,1,1785457499
2026-07-31T00:31:36Z,343,2,1,20,1,0,1,1,1,1785457487
2026-07-31T00:31:36Z,344,15,3,8,0,0,1,1,1,1785457546
2026-07-31T00:31:36Z,345,17,3,2,0,0,1,1,1,1785457818
2026-07-31T00:31:36Z,346,2,2,21,0,0,1,1,1,1785457796
2026-07-31T00:31:36Z,347,16,4,24,4,0,1,1,1,1785457883
2026-07-31T00:31:36Z,348,18,0,5,0,0,1,1,1,1785457791
2026-07-31T00:31:36Z,349,1,0,18,0,0,1,1,1,1785457323
2026-07-31T00:31:36Z,350,12,1,12,2,1,1,1,1,1785457820
2026-07-31T00:31:36Z,351,5,1,14,4,0,1,1,1,1785457857
2026-07-31T00:31:36Z,355,3,1,20,0,0,1,1,1,1785457361
2026-07-31T00:31:36Z,356,9,0,10,0,0,1,1,1,1785457729
2026-07-31T00:31:36Z,357,2,2,17,0,0,1,1,1,1785457515
2026-07-31T00:31:36Z,358,10,1,17,0,0,1,1,1,1785457874
2026-07-31T00:31:36Z,359,26,1,0,1,0,1,1,1,1785457450
2026-07-31T00:31:36Z,360,7,4,12,0,0,1,1,1,1785457227
2026-07-31T00:31:36Z,362,3,3,15,1,0,1,1,1,1785457480
2026-07-31T00:31:36Z,363,11,0,16,0,0,1,1,1,1785457825
2026-07-31T00:31:36Z,364,6,2,13,0,0,1,1,1,1785457673
2026-07-31T00:31:36Z,365,2,1,17,4,0,1,1,1,1785457135
2026-07-31T00:31:36Z,366,9,3,10,4,0,1,1,1,1785457657
2026-07-31T00:31:36Z,367,15,8,2,2,0,1,1,1,1785456624
2026-07-31T00:31:36Z,368,10,4,12,1,0,1,1,1,1785457607
2026-07-31T00:31:36Z,370,4,4,23,0,0,1,1,1,1785457728
2026-07-31T00:31:36Z,371,10,5,8,1,0,1,1,1,1785457518
2026-07-31T00:31:36Z,372,0,0,15,0,0,1,1,1,1785457707
2026-07-31T00:31:36Z,373,14,5,13,0,0,1,1,1,1785457540
2026-07-31T00:31:36Z,374,3,3,14,2,0,1,1,1,1785457752
2026-07-31T00:31:36Z,375,13,0,11,3,0,1,1,1,1785457655
2026-07-31T00:31:36Z,376,26,2,10,3,0,1,1,1,1785457838
2026-07-31T00:31:36Z,377,4,0,19,4,0,1,1,1,1785457016
2026-07-31T00:31:36Z,378,13,3,9,1,1,1,1,1,1785457818
2026-07-31T00:31:36Z,379,16,0,10,1,0,1,1,1,1785457798
2026-07-31T00:31:36Z,380,7,3,16,0,0,1,1,1,1785457340
2026-07-31T00:31:36Z,381,19,1,4,0,0,1,1,1,1785457788
2026-07-31T00:31:36Z,383,13,1,0,2,0,1,1,1,1785456246
2026-07-31T00:31:36Z,384,26,3,0,1,0,1,1,1,1785457193
2026-07-31T00:31:36Z,385,2,0,13,3,0,1,1,1,1785457877
2026-07-31T00:31:36Z,387,3,0,20,0,0,1,1,1,1785457674
2026-07-31T00:31:36Z,388,14,1,33,2,0,1,1,1,1785457763
2026-07-31T00:31:36Z,389,4,4,11,0,0,1,1,1,1785456661
2026-07-31T00:31:36Z,390,21,2,14,0,0,1,1,1,1785457813
2026-07-31T00:31:36Z,391,4,0,11,0,0,1,1,1,1785457615
2026-07-31T00:31:36Z,392,2,2,16,1,0,1,1,1,1785457768
2026-07-31T00:31:36Z,393,0,0,9,2,0,1,1,1,1785457581
2026-07-31T00:31:36Z,394,0,0,11,2,0,1,1,1,1785454721
2026-07-31T00:31:36Z,396,16,15,23,3,0,1,1,1,1785457871
2026-07-31T00:31:36Z,397,3,3,28,0,0,1,1,1,1785457663
2026-07-31T00:31:36Z,399,10,0,4,3,0,1,1,1,1785457580
2026-07-31T00:31:36Z,400,11,6,10,2,0,1,1,1,1785456534
2026-07-31T00:31:36Z,401,3,1,28,8,0,1,1,1,1785457442
2026-07-31T00:31:36Z,403,10,2,19,2,0,1,1,1,1785457876
2026-07-31T00:31:36Z,404,6,3,17,0,0,1,1,1,1785457752
2026-07-31T00:31:36Z,406,32,1,2,1,0,1,1,1,1785457493
2026-07-31T00:31:36Z,407,6,0,27,1,0,1,1,1,1785457767
2026-07-31T00:31:36Z,408,0,0,33,0,0,1,1,1,1785457659
2026-07-31T00:31:36Z,409,18,2,0,5,0,1,1,1,1785457391
2026-07-31T00:31:36Z,413,7,1,15,1,0,1,1,1,1785457730
2026-07-31T00:31:36Z,414,13,2,2,0,0,1,1,1,1785457468
2026-07-31T00:31:36Z,417,4,3,15,0,0,1,1,1,1785457816
2026-07-31T00:31:36Z,418,0,0,14,1,0,1,1,1,1785456376
2026-07-31T00:31:36Z,419,13,1,9,1,0,1,1,1,1785457606
2026-07-31T00:31:36Z,421,14,1,5,0,0,1,1,1,1785457803
2026-07-31T00:31:36Z,422,7,3,19,1,0,1,1,1,1785457883
2026-07-31T00:31:36Z,423,5,0,17,1,0,1,1,1,1785457706
2026-07-31T00:31:36Z,424,0,0,13,2,0,1,1,1,1785457743
2026-07-31T00:31:36Z,425,0,0,21,0,1,1,1,1,1785457769
2026-07-31T00:31:36Z,426,12,2,21,4,0,1,1,1,1785457877
2026-07-31T00:31:36Z,427,2,0,12,1,0,1,1,1,1785457723
2026-07-31T00:31:36Z,428,12,4,6,1,0,1,1,1,1785457816
2026-07-31T00:31:36Z,429,10,1,9,4,0,1,1,1,1785457851
2026-07-31T00:31:36Z,430,8,1,22,1,0,1,1,1,1785457839
2026-07-31T00:31:36Z,431,14,2,18,1,0,1,1,1,1785457812
2026-07-31T00:31:36Z,432,24,2,6,1,0,1,1,1,1785457763
2026-07-31T00:31:36Z,433,8,3,13,2,0,1,1,1,1785457682
2026-07-31T00:31:36Z,437,18,8,0,1,0,1,1,1,1785457744
2026-07-31T00:31:36Z,438,1,0,17,1,0,1,1,1,1785457746
2026-07-31T00:31:36Z,439,7,2,8,0,0,1,1,1,1785457814
2026-07-31T00:31:36Z,440,3,1,10,2,0,1,1,1,1785457820
2026-07-31T00:31:36Z,441,2,0,13,0,0,1,1,1,1785457559
2026-07-31T00:31:36Z,442,11,5,7,1,0,1,1,1,1785457724
2026-07-31T00:31:36Z,443,3,0,24,0,0,1,1,1,1785456698
2026-07-31T00:31:36Z,444,2,1,21,0,0,1,1,1,1785455134
2026-07-31T00:31:36Z,445,7,2,15,1,0,1,1,1,1785457651
2026-07-31T00:31:36Z,446,2,2,20,1,0,1,1,1,1785457589
2026-07-31T00:31:36Z,447,1,0,20,1,1,1,1,1,1785441257
2026-07-31T00:31:36Z,448,10,2,3,1,1,1,1,1,1785457629
2026-07-31T00:31:36Z,452,5,3,13,1,0,1,1,1,1785456843
2026-07-31T00:31:36Z,453,2,0,12,1,0,1,1,1,1785457190
2026-07-31T00:31:36Z,454,1,0,18,0,0,1,1,1,1785456768
2026-07-31T00:31:36Z,455,0,0,39,0,0,1,1,1,1785457539
2026-07-31T00:31:36Z,456,17,7,2,1,0,1,1,1,1785457873
2026-07-31T00:31:36Z,457,0,0,25,2,0,1,1,1,1785457566
2026-07-31T00:31:36Z,458,7,3,16,0,0,1,1,1,1785457812
2026-07-31T00:31:36Z,459,10,0,5,0,0,1,1,1,1785457598
2026-07-31T00:31:36Z,460,11,1,11,1,0,1,1,1,1785457757
2026-07-31T00:31:36Z,461,5,1,13,1,0,1,1,1,1785457431
2026-07-31T00:31:36Z,462,5,0,16,0,0,1,1,1,1785457874
2026-07-31T00:31:36Z,463,10,2,9,0,0,1,1,1,1785457510
2026-07-31T00:31:36Z,464,1,0,13,0,0,1,1,1,1785456155
2026-07-31T00:31:36Z,465,2,2,13,0,0,1,1,1,1785457644
2026-07-31T00:31:36Z,466,9,3,5,1,0,1,1,1,1785457468
2026-07-31T00:31:36Z,467,3,0,16,0,0,1,1,1,1785456597
2026-07-31T00:31:36Z,468,16,1,3,0,0,1,1,1,1785456599
2026-07-31T00:31:36Z,469,3,0,19,1,0,1,1,1,1785457000
2026-07-31T00:31:36Z,470,8,0,6,1,0,1,1,1,1785457764
2026-07-31T00:31:36Z,471,21,1,6,0,0,1,1,1,1785457867
2026-07-31T00:31:36Z,472,7,3,11,1,0,1,1,1,1785457830
2026-07-31T00:31:36Z,473,7,4,10,2,0,1,1,1,1785457159
2026-07-31T00:31:36Z,474,4,1,14,1,0,1,1,1,1785457840
2026-07-31T00:31:36Z,475,1,0,18,0,0,1,1,1,1785455940
2026-07-31T00:31:36Z,477,5,1,10,0,0,1,1,1,1785457196
2026-07-31T00:31:36Z,478,29,2,2,0,0,1,1,1,1785457689
2026-07-31T00:31:36Z,479,8,0,18,1,0,1,1,1,1785457064
2026-07-31T00:31:36Z,480,3,0,9,3,0,1,1,1,1785457824
2026-07-31T00:31:36Z,481,14,0,19,2,0,1,1,1,1785457882
2026-07-31T00:31:36Z,482,3,0,16,0,0,1,1,1,1785457655
2026-07-31T00:31:36Z,483,12,2,12,3,0,1,1,1,1785457860
2026-07-31T00:31:36Z,484,2,0,17,0,0,1,1,1,1785457829
2026-07-31T00:31:36Z,485,8,6,8,2,1,1,1,1,1785457755
2026-07-31T00:31:36Z,486,4,0,21,2,0,1,1,1,1785457662
2026-07-31T00:31:36Z,487,2,1,16,1,0,1,1,1,1785457873
2026-07-31T00:31:36Z,489,6,4,9,0,0,1,1,1,1785457851
2026-07-31T00:31:36Z,490,5,2,11,0,0,1,1,1,1785457772
2026-07-31T00:31:36Z,491,19,2,2,0,0,1,1,1,1785457774
2026-07-31T00:31:36Z,492,3,3,4,4,0,1,1,1,1785457883
2026-07-31T00:31:36Z,493,0,0,26,1,0,1,1,1,1785457299
2026-07-31T00:31:36Z,495,11,3,3,1,0,1,1,1,1785457121
2026-07-31T00:31:36Z,496,21,2,3,3,0,1,1,1,1785457780
2026-07-31T00:31:36Z,497,3,0,15,1,0,1,1,1,1785457840
2026-07-31T00:31:36Z,498,5,4,17,1,0,1,1,1,1785457882
2026-07-31T00:31:36Z,499,5,2,13,1,0,1,1,1,1785457596
2026-07-31T00:31:36Z,500,5,5,6,4,0,1,1,1,1785456712
2026-07-31T00:31:36Z,501,0,0,20,2,0,1,1,1,1785457841
2026-07-31T00:31:36Z,502,1,0,18,0,0,1,1,1,1785455864
2026-07-31T00:31:36Z,503,19,0,11,1,0,1,1,1,1785457880
2026-07-31T00:31:36Z,504,10,1,28,1,0,1,1,1,1785457555
2026-07-31T00:31:36Z,505,3,0,8,1,0,1,1,1,1785457583
2026-07-31T00:31:36Z,511,0,0,23,0,0,1,1,1,1785456292
2026-07-31T00:31:36Z,512,6,0,21,0,0,1,1,1,1785457271
2026-07-31T00:31:36Z,514,9,1,0,2,0,1,1,1,1785456975
2026-07-31T00:31:36Z,515,4,0,15,0,0,1,1,1,1785457241
2026-07-31T00:31:36Z,516,2,0,25,0,0,1,1,1,1785457728
2026-07-31T00:31:36Z,517,7,0,15,1,0,1,1,1,1785457583
2026-07-31T00:31:36Z,518,11,2,3,1,0,1,1,1,1785457834
2026-07-31T00:31:36Z,519,3,2,15,1,0,1,1,1,1785456090
2026-07-31T00:31:36Z,520,7,2,15,4,1,1,1,1,1785457884
2026-07-31T00:31:36Z,521,3,2,20,0,0,1,1,1,1785457294
2026-07-31T00:31:36Z,522,23,0,0,0,0,1,1,1,1785457654
2026-07-31T00:31:36Z,523,2,1,20,1,0,1,1,1,1785457834
2026-07-31T00:31:36Z,524,21,2,2,0,0,1,1,1,1785457848
2026-07-31T00:31:36Z,525,11,0,8,0,0,1,1,1,1785457843
2026-07-31T00:31:36Z,526,13,3,1,1,0,1,1,1,1785457032
2026-07-31T00:31:36Z,527,1,1,22,3,0,1,1,1,1785457867
2026-07-31T00:31:36Z,528,17,0,5,1,0,1,1,1,1785457845
2026-07-31T00:31:36Z,529,4,0,10,5,0,1,1,1,1785457879
2026-07-31T00:31:36Z,530,3,0,17,1,0,1,1,1,1785457651
2026-07-31T00:31:36Z,531,12,1,10,0,1,1,1,1,1785457814
2026-07-31T00:31:36Z,532,5,3,24,1,1,1,1,1,1785457478
2026-07-31T00:31:36Z,533,9,0,8,2,0,1,1,1,1785457313
2026-07-31T00:31:36Z,534,0,0,23,0,0,1,1,1,1785455222
2026-07-31T00:31:36Z,535,1,1,13,1,0,1,1,1,1785455811
2026-07-31T00:31:36Z,536,0,0,23,0,0,1,1,1,1785456518
2026-07-31T00:31:36Z,537,14,1,6,0,0,1,1,1,1785457369
2026-07-31T00:31:36Z,538,4,0,16,1,2,1,1,1,1785457860
2026-07-31T00:31:36Z,539,4,4,27,0,0,1,1,1,1785457388
2026-07-31T00:31:36Z,540,1,1,18,0,0,1,1,1,1785456568
2026-07-31T00:31:36Z,541,13,4,14,0,0,1,1,1,1785457773
2026-07-31T00:31:36Z,542,0,0,23,0,0,1,1,1,1785456936
2026-07-31T00:31:36Z,543,3,0,16,0,0,1,1,1,1785457767
2026-07-31T00:31:36Z,544,14,2,4,4,0,1,1,1,1785457825
2026-07-31T00:31:36Z,545,9,0,4,6,0,1,1,1,1785457676
2026-07-31T00:31:36Z,546,0,0,19,0,0,1,1,1,1785456974
2026-07-31T00:31:36Z,547,0,0,25,0,0,1,1,1,1785457105
2026-07-31T00:31:36Z,548,14,0,9,0,0,1,1,1,1785457033
2026-07-31T00:31:36Z,549,19,1,3,1,0,1,1,1,1785457667
2026-07-31T00:31:36Z,550,2,1,17,0,0,1,1,1,1785457484
2026-07-31T00:31:36Z,551,12,3,11,0,0,1,1,1,1785455805
2026-07-31T00:31:36Z,552,5,1,22,0,0,1,1,1,1785457156
2026-07-31T00:31:36Z,553,1,1,21,0,1,1,1,1,1785457823
2026-07-31T00:31:36Z,554,1,1,18,0,0,1,1,1,1785455798
2026-07-31T00:31:36Z,555,11,5,3,1,0,1,1,1,1785454850
2026-07-31T00:31:36Z,556,2,1,20,1,0,1,1,1,1785457614
2026-07-31T00:31:36Z,557,2,1,15,6,0,1,1,1,1785457188
2026-07-31T00:31:36Z,558,6,4,27,4,0,1,1,1,1785457839
2026-07-31T00:31:36Z,559,0,0,18,1,0,1,1,1,1785457401
2026-07-31T00:31:36Z,560,8,0,19,0,0,1,1,1,1785457386
2026-07-31T00:31:36Z,561,15,2,7,1,0,1,1,1,1785456286
2026-07-31T00:31:36Z,562,4,0,27,4,0,1,1,1,1785456756
2026-07-31T00:31:36Z,563,4,0,10,0,0,1,1,1,1785457502
2026-07-31T00:31:36Z,564,6,1,12,1,0,1,1,1,1785457766
2026-07-31T00:31:36Z,565,6,0,12,1,0,1,1,1,1785457655
2026-07-31T00:31:36Z,566,8,0,10,1,0,1,1,1,1785457878
2026-07-31T00:31:36Z,567,10,3,16,1,0,1,1,1,1785457843
2026-07-31T00:31:36Z,568,5,0,12,2,0,1,1,1,1785457071
2026-07-31T00:31:36Z,569,12,0,7,0,0,1,1,1,1785457733
2026-07-31T00:31:36Z,570,1,0,18,0,0,1,1,1,1785457688
2026-07-31T00:31:36Z,571,8,0,14,1,0,1,1,1,1785457710
2026-07-31T00:31:36Z,572,17,3,0,2,0,1,1,1,1785457866
2026-07-31T00:31:36Z,573,6,0,9,0,0,1,1,1,1785457585
2026-07-31T00:31:36Z,574,7,2,8,0,0,1,1,1,1785457644
2026-07-31T00:31:36Z,575,10,1,10,1,0,1,1,1,1785457874
2026-07-31T00:31:36Z,576,1,1,16,2,0,1,1,1,1785457830
2026-07-31T00:31:36Z,577,24,0,7,0,0,1,1,1,1785457004
2026-07-31T00:31:36Z,578,11,4,11,1,0,1,1,1,1785457626
2026-07-31T00:31:36Z,579,32,1,11,0,0,1,1,1,1785457732
2026-07-31T00:31:36Z,580,7,0,22,0,0,1,1,1,1785457002
2026-07-31T00:31:36Z,581,16,0,3,0,0,1,1,1,1785457817
2026-07-31T00:31:36Z,582,9,1,50,2,0,1,1,1,1785457713
2026-07-31T00:31:36Z,583,14,0,9,0,0,1,1,1,1785457750
2026-07-31T00:31:36Z,584,1,1,13,5,0,1,1,1,1785456445
2026-07-31T00:31:36Z,585,12,0,13,1,1,1,1,1,1785457643
2026-07-31T00:31:36Z,586,29,1,5,1,0,1,1,1,1785457821
2026-07-31T00:31:36Z,587,23,0,0,1,0,1,1,1,1785456767
2026-07-31T00:31:36Z,588,0,0,15,4,0,1,1,1,1785457637
2026-07-31T00:31:36Z,589,0,0,0,23,0,1,1,1,1785457771
2026-07-31T00:31:36Z,590,6,0,25,0,0,1,1,1,1785457866
2026-07-31T00:31:36Z,591,4,0,24,2,0,1,1,1,1785457684
2026-07-31T00:31:36Z,592,6,0,17,0,0,1,1,1,1785457736
2026-07-31T00:31:36Z,593,10,0,28,0,0,1,1,1,1785457778
2026-07-31T00:31:36Z,594,16,0,5,0,0,1,1,1,1785457380
2026-07-31T00:31:36Z,595,0,0,3,0,0,0,1,1,1784046673
2026-07-31T00:31:36Z,605,0,0,2,1,0,0,1,1,1783975843
2026-07-31T00:31:36Z,606,0,0,0,0,0,0,1,1,86400
2026-07-31T00:31:36Z,607,18,0,13,1,0,1,1,1,1785457540
2026-07-31T00:31:36Z,608,8,3,42,0,0,1,1,1,1785457883
2026-07-31T00:31:36Z,609,4,4,19,0,0,1,1,1,1785457852
2026-07-31T00:31:36Z,610,15,0,20,0,0,1,1,1,1785457687
2026-07-31T00:31:36Z,611,25,0,1,1,0,1,1,1,1785457465
2026-07-31T00:31:36Z,612,7,1,8,0,0,1,1,1,1785455780
2026-07-31T00:31:36Z,613,10,0,1,4,0,1,1,1,1785455457
2026-07-31T00:31:36Z,614,1,1,23,2,1,1,1,1,1785457105
2026-07-31T00:31:36Z,617,3,1,10,2,0,1,1,1,1785457518
2026-07-31T00:31:36Z,618,13,3,2,4,0,1,1,1,1785457502
2026-07-31T00:31:36Z,619,5,5,14,0,0,1,1,1,1785457751
2026-07-31T00:31:36Z,620,7,0,19,1,0,1,1,1,1785457422
2026-07-31T00:31:36Z,621,10,3,13,0,0,1,1,1,1785457718
2026-07-31T00:31:36Z,622,14,7,5,4,0,1,1,1,1785457878
2026-07-31T00:31:36Z,623,7,1,22,1,0,1,1,1,1785457619
2026-07-31T00:31:36Z,624,7,1,8,0,0,1,1,1,1785457743
2026-07-31T00:31:36Z,625,5,2,15,1,0,1,1,1,1785457882
2026-07-31T00:31:36Z,626,5,0,39,1,2,1,1,1,1785456528
2026-07-31T00:31:36Z,627,15,6,4,0,0,1,1,1,1785457203
2026-07-31T00:31:36Z,628,4,4,14,0,1,1,1,1,1785455145
2026-07-31T00:31:36Z,629,8,3,1,2,0,1,1,1,1785457652
2026-07-31T00:31:36Z,630,1,0,23,3,0,1,1,1,1785457744
2026-07-31T00:31:36Z,631,8,0,15,0,0,1,1,1,1785457438
2026-07-31T00:31:36Z,632,22,2,0,1,0,1,1,1,1785455012
2026-07-31T00:31:36Z,633,12,2,0,3,0,1,1,1,1785457770
2026-07-31T00:31:36Z,634,4,1,14,1,0,1,1,1,1785456259
2026-07-31T00:31:36Z,635,11,1,7,1,0,1,1,1,1785457381
2026-07-31T00:31:36Z,636,9,1,5,1,0,1,1,1,1785457377
2026-07-31T00:31:36Z,637,8,1,11,0,0,1,1,1,1785456458
2026-07-31T00:31:36Z,638,8,2,8,3,0,1,1,1,1785455929
2026-07-31T00:31:36Z,639,4,1,13,2,0,1,1,1,1785455668
2026-07-31T00:31:36Z,640,2,2,20,1,0,1,1,1,1785457754
2026-07-31T00:31:36Z,641,3,0,22,1,0,1,1,1,1785457704
2026-07-31T00:31:36Z,642,0,0,11,8,0,1,1,1,1785457879
2026-07-31T00:31:36Z,643,5,0,16,6,0,1,1,1,1785457644
2026-07-31T00:31:36Z,644,7,0,7,1,0,1,1,1,1785456775
2026-07-31T00:31:36Z,645,11,1,11,0,1,1,1,1,1785456688
2026-07-31T00:31:36Z,646,0,0,18,1,0,1,1,1,1785457884
2026-07-31T00:31:36Z,647,0,0,31,0,0,1,1,1,1785457215
2026-07-31T00:31:36Z,648,6,1,11,1,1,1,1,1,1785457708
2026-07-31T00:31:36Z,649,2,2,28,1,0,1,1,1,1785457689
2026-07-31T00:31:36Z,650,4,1,10,0,0,1,1,1,1785453435
2026-07-31T00:31:36Z,651,4,2,19,0,0,1,1,1,1785457408
2026-07-31T00:31:36Z,652,1,0,20,2,0,1,1,1,1785457870
2026-07-31T00:31:36Z,653,3,1,15,1,0,1,1,1,1785457453
2026-07-31T00:31:36Z,654,6,4,9,0,0,1,1,1,1785457478
2026-07-31T00:31:36Z,655,5,2,3,4,1,1,1,1,1785457802
2026-07-31T00:31:36Z,656,13,6,6,0,0,1,1,1,1785457000
2026-07-31T00:31:36Z,657,12,6,2,2,1,1,1,1,1785457723
2026-07-31T00:31:36Z,658,6,0,4,0,0,1,1,1,1785453591
2026-07-31T00:31:36Z,659,8,3,6,1,0,1,1,1,1785457539
2026-07-31T00:31:36Z,660,1,1,27,3,0,1,1,1,1785457565
2026-07-31T00:31:36Z,661,3,1,16,0,0,1,1,1,1785457196
2026-07-31T00:31:36Z,662,6,3,14,3,0,1,1,1,1785457616
2026-07-31T00:31:36Z,663,2,1,12,1,0,1,1,1,1785457581
2026-07-31T00:31:36Z,664,3,1,24,0,0,1,1,1,1785457466
2026-07-31T00:31:36Z,665,10,1,4,1,0,1,1,1,1785457876
2026-07-31T00:31:36Z,666,6,4,7,2,0,1,1,1,1785457342
2026-07-31T00:31:36Z,667,14,1,5,0,0,1,1,1,1785457754
2026-07-31T00:31:36Z,668,12,1,5,2,0,1,1,1,1785457880
2026-07-31T00:31:36Z,669,9,2,5,0,0,1,1,1,1785457584
2026-07-31T00:31:36Z,670,4,2,23,0,0,1,1,1,1785457760
2026-07-31T00:31:36Z,671,24,0,2,1,0,1,1,1,1785457629
2026-07-31T00:31:36Z,672,3,1,16,3,1,1,1,1,1785457096
2026-07-31T00:31:36Z,673,2,1,20,1,0,1,1,1,1785456661
2026-07-31T00:31:36Z,674,5,5,15,3,0,1,1,1,1785457581
2026-07-31T00:31:36Z,675,5,0,8,2,0,1,1,1,1785457424
2026-07-31T00:31:36Z,676,12,2,10,0,0,1,1,1,1785457657
2026-07-31T00:31:36Z,681,1,1,11,3,0,1,1,1,1785457882
2026-07-31T00:31:36Z,682,4,1,14,1,0,1,1,1,1785387864
2026-07-31T00:31:36Z,683,4,1,15,0,0,1,1,1,1785457397
2026-07-31T00:31:36Z,684,2,0,25,0,0,1,1,1,1785456431
2026-07-31T00:31:36Z,685,5,0,20,1,1,1,1,1,1785455460
2026-07-31T00:31:36Z,686,11,0,14,1,1,1,1,1,1785457850
2026-07-31T00:31:36Z,687,15,0,14,1,1,1,1,1,1785457738
2026-07-31T00:31:36Z,688,8,0,4,7,0,1,1,1,1785457771
2026-07-31T00:31:36Z,692,0,0,21,0,0,1,1,1,1785456750
2026-07-31T00:31:36Z,693,7,0,1,3,0,1,1,1,1785456398
2026-07-31T00:31:36Z,694,8,5,12,1,0,1,1,1,1785457882
2026-07-31T00:31:36Z,695,11,5,12,0,0,1,1,1,1785457354
2026-07-31T00:31:36Z,696,17,10,6,0,0,1,1,1,1785457872
2026-07-31T00:31:36Z,697,15,0,8,0,0,1,1,1,1785457795
2026-07-31T00:31:36Z,698,26,2,1,0,0,1,1,1,1785457787
2026-07-31T00:31:36Z,699,6,0,8,1,0,1,1,1,1785456626
2026-07-31T00:31:36Z,700,16,3,3,0,0,1,1,1,1785456704
2026-07-31T00:31:36Z,701,12,5,6,1,0,1,1,1,1785457427
2026-07-31T00:31:36Z,702,0,0,23,0,0,1,1,1,1785457834
2026-07-31T00:31:36Z,704,7,1,8,0,0,1,1,1,1785457402
2026-07-31T00:31:36Z,705,4,4,10,1,0,1,1,1,1785457344
2026-07-31T00:31:36Z,706,10,1,2,3,0,1,1,1,1785457526
2026-07-31T00:31:36Z,707,3,1,10,2,0,1,1,1,1785457670
2026-07-31T00:31:36Z,708,15,0,4,0,0,1,1,1,1785457460
2026-07-31T00:31:36Z,709,8,0,3,4,0,1,1,1,1785457285
2026-07-31T00:31:36Z,710,11,1,8,0,0,1,1,1,1785457572
2026-07-31T00:31:36Z,711,10,3,12,1,0,1,1,1,1785457678
2026-07-31T00:31:36Z,712,7,2,8,0,0,1,1,1,1785456911
2026-07-31T00:31:36Z,713,0,0,23,0,0,1,1,1,1785457206
2026-07-31T00:31:36Z,716,2,1,13,0,0,1,1,1,1785457764
2026-07-31T00:31:36Z,717,2,0,20,3,0,1,1,1,1785456534
2026-07-31T00:31:36Z,718,4,1,10,1,0,1,1,1,1785457741
2026-07-31T00:31:36Z,719,4,1,25,0,0,1,1,1,1785457880
2026-07-31T00:31:36Z,720,2,1,17,0,0,1,1,1,1785456810
2026-07-31T00:31:36Z,721,1,0,20,2,0,1,1,1,1785457541
2026-07-31T00:31:36Z,722,2,0,13,0,0,1,1,1,1785456554
2026-07-31T00:31:36Z,723,12,2,11,0,0,1,1,1,1785456499
2026-07-31T00:31:36Z,724,15,5,8,0,0,1,1,1,1785457835
2026-07-31T00:31:36Z,725,5,0,18,0,0,1,1,1,1785457249
2026-07-31T00:31:36Z,726,8,1,11,0,0,1,1,1,1785457506
2026-07-31T00:31:36Z,727,9,4,12,2,0,1,1,1,1785457481
2026-07-31T00:31:36Z,728,10,1,5,0,0,1,1,1,1785457116
2026-07-31T00:31:36Z,729,19,4,0,0,0,1,1,1,1785457880
2026-07-31T00:31:36Z,730,3,2,10,2,0,1,1,1,1785457705
2026-07-31T00:31:36Z,731,10,2,5,0,0,1,1,1,1785457583
2026-07-31T00:31:36Z,732,2,2,13,0,0,1,1,1,1785457855
2026-07-31T00:31:36Z,733,20,0,5,2,0,1,1,1,1785457853
2026-07-31T00:31:36Z,734,4,1,10,0,0,1,1,1,1785457866
2026-07-31T00:31:36Z,735,0,0,27,0,0,1,1,1,1785456868
2026-07-31T00:31:36Z,736,3,0,16,0,0,1,1,1,1785457629
2026-07-31T00:31:36Z,737,2,0,10,2,1,1,1,1,1785457863
2026-07-31T00:31:36Z,738,6,0,11,2,0,1,1,1,1785457512
2026-07-31T00:31:36Z,739,18,2,8,1,0,1,1,1,1785456721
2026-07-31T00:31:36Z,741,5,1,18,0,0,1,1,1,1785457106
2026-07-31T00:31:36Z,742,18,7,15,2,0,1,1,1,1785457765
2026-07-31T00:31:36Z,743,1,0,17,1,0,1,1,1,1785457779
2026-07-31T00:31:36Z,744,5,1,9,1,0,1,1,1,1785457506
2026-07-31T00:31:36Z,745,14,4,4,1,0,1,1,1,1785457482
2026-07-31T00:31:36Z,746,6,2,14,3,0,1,1,1,1785456923
2026-07-31T00:31:36Z,747,0,0,4,0,0,0,1,1,1783446606
2026-07-31T00:31:36Z,748,10,1,13,0,0,1,1,1,1785456547
2026-07-31T00:31:36Z,749,1,1,22,0,0,1,1,1,1785456792
2026-07-31T00:31:36Z,750,6,4,5,0,0,1,1,1,1785457608
2026-07-31T00:31:36Z,751,3,3,19,1,0,1,1,1,1785457863
2026-07-31T00:31:36Z,752,5,0,11,1,0,1,1,1,1785457698
2026-07-31T00:31:36Z,753,15,2,0,0,0,1,1,1,1785457660
2026-07-31T00:31:36Z,754,2,1,12,1,0,1,1,1,1785456292
2026-07-31T00:31:36Z,755,4,0,18,1,0,1,1,1,1785457154
2026-07-31T00:31:36Z,756,2,2,33,2,0,1,1,1,1785457655
2026-07-31T00:31:36Z,757,3,0,16,0,0,1,1,1,1785456942
2026-07-31T00:31:36Z,758,10,8,13,0,0,1,1,1,1785457844
2026-07-31T00:31:36Z,759,5,3,10,0,0,1,1,1,1785457624
2026-07-31T00:31:36Z,760,6,2,12,1,0,1,1,1,1785456620
2026-07-31T00:31:36Z,761,6,1,17,0,0,1,1,1,1785457003
2026-07-31T00:31:36Z,762,6,4,5,4,0,1,1,1,1785456703
2026-07-31T00:31:36Z,768,9,0,8,2,0,1,1,1,1785457742
2026-07-31T00:31:36Z,769,19,8,0,0,0,1,1,1,1785457718
2026-07-31T00:31:36Z,770,10,2,7,2,0,1,1,1,1785457271
2026-07-31T00:31:36Z,771,13,3,1,1,0,1,1,1,1785456685
2026-07-31T00:31:36Z,772,2,2,12,1,0,1,1,1,1785457683
2026-07-31T00:31:36Z,773,6,3,13,0,0,1,1,1,1785457460
2026-07-31T00:31:36Z,774,0,0,11,4,0,1,1,1,1785457258
2026-07-31T00:31:36Z,775,4,0,13,1,1,1,1,1,1785457708
2026-07-31T00:31:36Z,776,3,1,17,1,0,1,1,1,1785457436
2026-07-31T00:31:36Z,777,9,2,3,3,0,1,1,1,1785457238
2026-07-31T00:31:36Z,778,13,0,3,3,0,1,1,1,1785457397
2026-07-31T00:31:36Z,779,8,1,10,1,0,1,1,1,1785457863
2026-07-31T00:31:36Z,780,8,2,10,1,0,1,1,1,1785457755
2026-07-31T00:31:36Z,781,2,0,7,2,0,1,1,1,1785456677
2026-07-31T00:31:36Z,782,1,0,15,3,0,1,1,1,1785456991
2026-07-31T00:31:36Z,783,4,0,15,0,0,1,1,1,1785456298
2026-07-31T00:31:36Z,784,3,0,15,1,0,1,1,1,1785457087
2026-07-31T00:31:36Z,785,9,0,4,6,0,1,1,1,1785456448
2026-07-31T00:31:36Z,786,8,2,11,0,0,1,1,1,1785456072
2026-07-31T00:31:36Z,787,10,5,3,2,0,1,1,1,1785457689
2026-07-31T00:31:36Z,788,4,0,11,0,0,1,1,1,1785456789
2026-07-31T00:31:36Z,789,5,2,6,4,0,1,1,1,1785457046
2026-07-31T00:31:36Z,790,7,0,16,0,0,1,1,1,1785457487
2026-07-31T00:31:36Z,791,8,0,10,0,1,1,1,1,1785457740
2026-07-31T00:31:36Z,793,4,0,10,1,0,1,1,1,1785457203
2026-07-31T00:31:36Z,794,12,3,16,1,0,1,1,1,1785457790
2026-07-31T00:31:36Z,796,6,3,12,1,0,1,1,1,1785457539
2026-07-31T00:31:36Z,797,0,0,15,0,0,1,1,1,1785457272
2026-07-31T00:31:36Z,798,10,0,14,1,0,1,1,1,1785457871
2026-07-31T00:31:36Z,799,12,4,3,4,0,1,1,1,1785456896
2026-07-31T00:31:36Z,800,11,2,9,1,0,1,1,1,1785457275
2026-07-31T00:31:36Z,801,2,2,18,1,0,1,1,1,1785457629
2026-07-31T00:31:36Z,802,12,1,19,0,0,1,1,1,1785456963
2026-07-31T00:31:36Z,803,0,0,14,1,0,1,1,1,1785456754
2026-07-31T00:31:36Z,806,7,7,6,2,0,1,1,1,1785457307
2026-07-31T00:31:36Z,807,0,0,24,1,0,1,1,1,1785457279
2026-07-31T00:31:36Z,808,3,0,21,1,0,1,1,1,1785454239
2026-07-31T00:31:36Z,809,5,1,17,1,0,1,1,1,1785456874
2026-07-31T00:31:36Z,810,2,0,13,4,0,1,1,1,1785457407
2026-07-31T00:31:36Z,815,9,1,1,4,1,1,1,1,1785457486
2026-07-31T00:31:36Z,817,8,4,7,0,0,1,1,1,1785457069
2026-07-31T00:31:36Z,818,6,0,16,1,0,1,1,1,1785457396
2026-07-31T00:31:36Z,819,6,4,9,0,0,1,1,1,1785455226
2026-07-31T00:31:36Z,820,6,1,11,0,0,1,1,1,1785456219
2026-07-31T00:31:36Z,821,2,2,13,0,0,1,1,1,1785457151
2026-07-31T00:31:36Z,822,19,2,2,2,0,1,1,1,1785457883
2026-07-31T00:31:36Z,823,9,0,5,1,0,1,1,1,1785457783
2026-07-31T00:31:36Z,824,15,5,3,1,0,1,1,1,1785457856
2026-07-31T00:31:36Z,825,9,5,6,0,0,1,1,1,1785457432
2026-07-31T00:31:36Z,826,4,1,14,1,0,1,1,1,1785457818
2026-07-31T00:31:36Z,827,13,5,7,1,0,1,1,1,1785457305
2026-07-31T00:31:36Z,828,5,1,11,2,0,1,1,1,1785457758
2026-07-31T00:31:36Z,829,13,6,14,0,0,1,1,1,1785456180
2026-07-31T00:31:36Z,830,15,0,7,1,0,1,1,1,1785457739
2026-07-31T00:31:36Z,831,4,3,10,1,0,1,1,1,1785456596
2026-07-31T00:31:36Z,832,11,4,4,3,0,1,1,1,1785457721
2026-07-31T00:31:36Z,833,2,2,16,1,0,1,1,1,1785456373
2026-07-31T00:31:36Z,834,3,2,18,3,0,1,1,1,1785457677
2026-07-31T00:31:36Z,835,3,1,12,3,0,1,1,1,1785457763
2026-07-31T00:31:36Z,837,5,1,0,10,0,1,1,1,1785456595
2026-07-31T00:31:36Z,838,14,1,0,1,0,1,1,1,1785457300
2026-07-31T00:31:36Z,839,29,1,0,0,0,1,1,1,1785457845
2026-07-31T00:31:36Z,840,3,0,24,2,0,1,1,1,1785457658
2026-07-31T00:31:36Z,841,8,1,7,0,0,1,1,1,1785456595
2026-07-31T00:31:36Z,842,6,1,17,0,0,1,1,1,1785457151
2026-07-31T00:31:36Z,843,9,0,21,1,0,1,1,1,1785456411
2026-07-31T00:31:36Z,844,6,1,17,0,0,1,1,1,1785457851
2026-07-31T00:31:36Z,845,5,3,12,2,0,1,1,1,1785456698
2026-07-31T00:31:36Z,846,5,1,12,2,0,1,1,1,1785457653
2026-07-31T00:31:36Z,847,4,1,23,0,0,1,1,1,1785457346
2026-07-31T00:31:36Z,848,7,0,11,1,0,1,1,1,1785454449
2026-07-31T00:31:36Z,849,9,2,5,1,0,1,1,1,1785457525
2026-07-31T00:31:36Z,850,9,0,1,1,0,1,1,1,1785457726
2026-07-31T00:31:36Z,851,0,0,35,2,0,1,1,1,1785457440
2026-07-31T00:31:36Z,852,9,3,9,1,0,1,1,1,1785456834
2026-07-31T00:31:36Z,853,8,4,15,0,0,1,1,1,1785457245
2026-07-31T00:31:36Z,854,2,2,13,0,0,1,1,1,1785457395
2026-07-31T00:31:36Z,855,16,2,11,0,0,1,1,1,1785457836
2026-07-31T00:31:36Z,857,1,1,17,1,0,1,1,1,1785457100
2026-07-31T00:31:36Z,858,4,1,14,1,0,1,1,1,1785457047
2026-07-31T00:31:36Z,859,3,0,17,1,0,1,1,1,1785457294
2026-07-31T00:31:36Z,861,8,1,2,1,0,1,1,1,1785455675
2026-07-31T00:31:36Z,862,1,1,14,0,0,1,1,1,1785456618
2026-07-31T00:31:36Z,863,10,0,8,1,0,1,1,1,1785457872
2026-07-31T00:31:36Z,866,6,0,12,1,0,1,1,1,1785456853
2026-07-31T00:31:36Z,867,12,0,3,0,0,1,1,1,1785456240
2026-07-31T00:31:36Z,868,13,2,2,0,0,1,1,1,1785456409
2026-07-31T00:31:36Z,870,7,5,7,1,0,1,1,1,1785456621
2026-07-31T00:31:36Z,871,0,0,10,1,0,1,1,1,1785457857
2026-07-31T00:31:36Z,872,0,0,14,1,0,1,1,1,1785456554
2026-07-31T00:31:36Z,873,0,0,32,1,0,1,1,1,1785456379
2026-07-31T00:31:36Z,874,5,0,7,3,0,1,1,1,1785457802
2026-07-31T00:31:36Z,875,15,11,0,0,0,1,1,1,1785457561
2026-07-31T00:31:36Z,877,12,11,6,1,0,1,1,1,1785456088
2026-07-31T00:31:36Z,878,5,4,13,1,0,1,1,1,1785456674
2026-07-31T00:31:36Z,879,2,0,17,0,0,1,1,1,1785457553
2026-07-31T00:31:36Z,880,2,0,20,1,0,1,1,1,1785457559
2026-07-31T00:31:36Z,881,3,0,16,0,0,1,1,1,1785457265
2026-07-31T00:31:36Z,882,11,0,6,2,0,1,1,1,1785457778
2026-07-31T00:31:36Z,883,10,6,9,0,0,1,1,1,1785456849
2026-07-31T00:31:36Z,884,11,7,10,0,0,1,1,1,1785457881
2026-07-31T00:31:36Z,885,1,0,18,0,0,1,1,1,1785456403
2026-07-31T00:31:36Z,886,3,0,25,1,0,1,1,1,1785457850
2026-07-31T00:31:36Z,887,1,1,13,3,0,1,1,1,1785457173
2026-07-31T00:31:36Z,888,33,1,6,2,0,1,1,1,1785457884
2026-07-31T00:31:36Z,889,9,0,8,2,0,1,1,1,1785456739
2026-07-31T00:31:36Z,890,4,1,10,1,0,1,1,1,1785455867
2026-07-31T00:31:36Z,891,11,0,11,1,0,1,1,1,1785457667
2026-07-31T00:31:36Z,892,12,1,3,0,0,1,1,1,1785456450
2026-07-31T00:31:36Z,895,1,0,17,1,0,1,1,1,1785449127
2026-07-31T00:31:36Z,896,20,2,15,0,0,1,1,1,1785457468
2026-07-31T00:31:36Z,897,10,2,11,0,0,1,1,1,1785456565
2026-07-31T00:31:36Z,898,0,0,19,0,0,1,1,1,1785456332
2026-07-31T00:31:36Z,899,12,2,7,0,0,1,1,1,1785457790
2026-07-31T00:31:36Z,900,20,1,7,0,0,1,1,1,1785457828
2026-07-31T00:31:36Z,901,18,1,0,1,0,1,1,1,1785457731
2026-07-31T00:31:36Z,902,11,1,3,1,0,1,1,1,1785456998
2026-07-31T00:31:36Z,903,6,0,13,0,0,1,1,1,1785457811
2026-07-31T00:31:36Z,904,11,5,8,0,0,1,1,1,1785456708
2026-07-31T00:31:36Z,905,3,2,23,1,0,1,1,1,1785457731
2026-07-31T00:31:36Z,906,9,9,18,0,0,1,1,1,1785457474
2026-07-31T00:31:36Z,907,19,4,12,0,0,1,1,1,1785457782
2026-07-31T00:31:36Z,908,7,2,16,0,0,1,1,1,1785456668
2026-07-31T00:31:36Z,909,6,5,17,0,0,1,1,1,1785457386
2026-07-31T00:31:36Z,910,18,0,13,0,0,1,1,1,1785457846
2026-07-31T00:31:36Z,911,9,0,10,0,0,1,1,1,1785456690
2026-07-31T00:31:36Z,912,7,1,13,3,0,1,1,1,1785457856
2026-07-31T00:31:36Z,913,4,2,15,0,0,1,1,1,1785457742
2026-07-31T00:31:36Z,914,9,1,10,0,0,1,1,1,1785457875
2026-07-31T00:31:36Z,915,18,1,4,1,0,1,1,1,1785457869
2026-07-31T00:31:36Z,916,5,3,18,0,0,1,1,1,1785456781
2026-07-31T00:31:36Z,917,27,1,7,1,0,1,1,1,1785457670
2026-07-31T00:31:36Z,918,3,1,14,2,0,1,1,1,1785457768
2026-07-31T00:31:36Z,919,4,0,35,0,0,1,1,1,1785457878
2026-07-31T00:31:36Z,920,3,1,16,0,0,1,1,1,1785457078
2026-07-31T00:31:36Z,921,16,0,4,1,0,1,1,1,1785456744
2026-07-31T00:31:36Z,922,4,0,17,0,0,1,1,1,1785457244
2026-07-31T00:31:36Z,923,18,11,0,1,0,1,1,1,1785457876
2026-07-31T00:31:36Z,924,8,0,13,0,0,1,1,1,1785457392
2026-07-31T00:31:36Z,925,16,2,5,0,0,1,1,1,1785456823
2026-07-31T00:31:36Z,926,3,2,18,0,0,1,1,1,1785457004
2026-07-31T00:31:36Z,927,27,1,8,0,0,1,1,1,1785457289
2026-07-31T00:31:36Z,928,11,0,8,0,0,1,1,1,1785457884
2026-07-31T00:31:36Z,929,0,0,23,0,0,1,1,1,1785457809
2026-07-31T00:31:36Z,930,18,0,10,3,0,1,1,1,1785457839
2026-07-31T00:31:36Z,931,3,3,20,0,0,1,1,1,1785457782
2026-07-31T00:31:36Z,932,15,1,0,4,0,1,1,1,1785457870
2026-07-31T00:31:36Z,933,20,1,2,1,0,1,1,1,1785457820
2026-07-31T00:31:36Z,934,3,0,27,1,0,1,1,1,1785457357
2026-07-31T00:31:36Z,935,4,0,14,1,0,1,1,1,1785457754
2026-07-31T00:31:36Z,936,4,1,15,0,0,1,1,1,1785456801
2026-07-31T00:31:36Z,940,11,3,0,0,0,1,1,1,1785457273
2026-07-31T00:31:36Z,941,4,0,19,2,0,1,1,1,1785457280
2026-07-31T00:31:36Z,942,13,1,8,0,0,1,1,1,1785457787
2026-07-31T00:31:36Z,943,8,8,7,0,0,1,1,1,1785457150
2026-07-31T00:31:36Z,944,9,8,6,0,0,1,1,1,1785456475
2026-07-31T00:31:36Z,945,10,8,5,0,0,1,1,1,1785457797
2026-07-31T00:31:36Z,946,7,5,12,0,0,1,1,1,1785424152
2026-07-31T00:31:36Z,947,7,5,10,0,0,1,1,1,1785456485
2026-07-31T00:31:36Z,948,2,2,25,4,0,1,1,1,1785457833
2026-07-31T00:31:36Z,949,1,1,14,0,0,1,1,1,1785457740
2026-07-31T00:31:36Z,950,3,1,13,1,0,1,1,1,1785457127
2026-07-31T00:31:36Z,951,7,0,15,1,0,1,1,1,1785457880
2026-07-31T00:31:36Z,952,33,3,21,1,0,1,1,1,1785457595
2026-07-31T00:31:36Z,953,14,1,1,0,0,1,1,1,1785457839
2026-07-31T00:31:36Z,954,15,0,4,0,0,1,1,1,1785456992
2026-07-31T00:31:36Z,955,1,0,21,5,0,1,1,1,1785457679
2026-07-31T00:31:36Z,956,19,0,3,1,0,1,1,1,1785457811
2026-07-31T00:31:36Z,957,18,2,10,1,0,1,1,1,1785457768
2026-07-31T00:31:36Z,958,18,1,13,0,0,1,1,1,1785457855
2026-07-31T00:31:36Z,959,10,2,12,1,0,1,1,1,1785457375
2026-07-31T00:31:36Z,960,15,8,7,1,0,1,1,1,1785457679
2026-07-31T00:31:36Z,961,3,0,16,4,0,1,1,1,1785457883
2026-07-31T00:31:36Z,962,4,0,28,3,0,1,1,1,1785457882
2026-07-31T00:31:36Z,963,13,0,9,1,0,1,1,1,1785457820
2026-07-31T00:31:36Z,964,9,6,13,1,0,1,1,1,1785457871
2026-07-31T00:31:36Z,965,2,1,24,1,0,1,1,1,1785456590
2026-07-31T00:31:36Z,966,14,0,17,0,0,1,1,1,1785457566
2026-07-31T00:31:36Z,967,20,2,0,1,0,1,1,1,1785457652
2026-07-31T00:31:36Z,968,2,2,17,0,0,1,1,1,1785457866
2026-07-31T00:31:36Z,969,6,6,18,3,0,1,1,1,1785457257
2026-07-31T00:31:36Z,970,11,3,7,1,0,1,1,1,1785457120
2026-07-31T00:31:36Z,971,19,0,3,1,0,1,1,1,1785457834
2026-07-31T00:31:36Z,972,6,0,16,1,0,1,1,1,1785457210
2026-07-31T00:31:36Z,973,11,8,11,1,0,1,1,1,1785457694
2026-07-31T00:31:36Z,974,10,0,17,0,0,1,1,1,1785457483
2026-07-31T00:31:36Z,977,4,3,14,3,0,1,1,1,1785457170
2026-07-31T00:31:36Z,978,12,3,10,1,0,1,1,1,1785457522
2026-07-31T00:31:36Z,979,1,0,16,0,0,1,1,1,1785457583
2026-07-31T00:31:36Z,980,3,0,17,1,0,1,1,1,1785457815
2026-07-31T00:31:36Z,981,5,0,15,1,0,1,1,1,1785457846
2026-07-31T00:31:36Z,982,3,1,14,2,0,1,1,1,1785456494
2026-07-31T00:31:36Z,983,2,2,20,1,0,1,1,1,1785456877
2026-07-31T00:31:36Z,984,5,0,18,0,0,1,1,1,1785457776
2026-07-31T00:31:36Z,985,20,0,11,0,0,1,1,1,1785457862
2026-07-31T00:31:36Z,986,2,0,17,0,0,1,1,1,1785457136
2026-07-31T00:31:36Z,987,5,0,17,1,0,1,1,1,1785456997
2026-07-31T00:31:36Z,988,5,1,13,1,0,1,1,1,1785456736
2026-07-31T00:31:36Z,989,8,4,11,0,0,1,1,1,1785457445
2026-07-31T00:31:36Z,990,13,1,0,2,0,1,1,1,1785456723
2026-07-31T00:31:36Z,991,8,1,10,1,0,1,1,1,1785456323
2026-07-31T00:31:36Z,992,8,6,14,1,0,1,1,1,1785457187
2026-07-31T00:31:36Z,993,4,0,23,0,0,1,1,1,1785457815
2026-07-31T00:31:36Z,994,1,1,20,0,0,1,1,1,1785457387
2026-07-31T00:31:36Z,995,7,0,20,0,0,1,1,1,1785456603
2026-07-31T00:31:36Z,996,9,1,14,0,0,1,1,1,1785456424
2026-07-31T00:31:36Z,997,11,4,10,2,0,1,1,1,1785457878
2026-07-31T00:31:36Z,998,3,1,19,1,0,1,1,1,1785457592
2026-07-31T00:31:36Z,999,4,2,15,1,1,1,1,1,1785456535
2026-07-31T00:31:36Z,1000,2,0,19,0,0,1,1,1,1785457335
2026-07-31T00:31:36Z,1001,1,0,26,0,0,1,1,1,1785456745
2026-07-31T00:31:36Z,1002,0,0,27,4,0,1,1,1,1785456709
2026-07-31T00:31:36Z,1003,0,0,23,0,0,1,1,1,1785456403
2026-07-31T00:31:36Z,1004,5,0,18,0,0,1,1,1,1785457654
2026-07-31T00:31:36Z,1005,20,1,3,0,0,1,1,1,1785456588
2026-07-31T00:31:36Z,1006,7,4,11,1,0,1,1,1,1785456445
2026-07-31T00:31:36Z,1007,4,1,17,0,0,1,1,1,1785456073
2026-07-31T00:31:36Z,1008,5,4,16,2,0,1,1,1,1785457360
2026-07-31T00:31:36Z,1009,21,4,8,2,0,1,1,1,1785457244
2026-07-31T00:31:36Z,1010,7,2,20,0,0,1,1,1,1785456229
2026-07-31T00:31:36Z,1011,6,1,11,2,0,1,1,1,1785456826
2026-07-31T00:31:36Z,1012,4,3,18,1,0,1,1,1,1785456354
2026-07-31T00:31:36Z,1013,5,1,17,1,0,1,1,1,1785456978
2026-07-31T00:31:36Z,1014,7,3,14,2,0,1,1,1,1785457445
2026-07-31T00:31:36Z,1015,5,4,25,1,0,1,1,1,1785457080
2026-07-31T00:31:36Z,1016,10,5,21,0,0,1,1,1,1785456144
2026-07-31T00:31:36Z,1017,14,5,7,0,0,1,1,1,1785457584
2026-07-31T00:31:36Z,1018,8,2,14,0,0,1,1,1,1785456444
2026-07-31T00:31:36Z,1019,7,5,8,0,0,1,1,1,1785456422
2026-07-31T00:31:36Z,1020,17,3,4,0,0,1,1,1,1785457462
2026-07-31T00:31:36Z,1021,8,3,6,1,0,1,1,1,1785457229
2026-07-31T00:31:36Z,1022,14,0,13,0,0,1,1,1,1785456504
2026-07-31T00:31:36Z,1023,12,1,10,1,0,1,1,1,1785456171
2026-07-31T00:31:36Z,1024,6,3,13,0,0,1,1,1,1785457201
2026-07-31T00:31:36Z,1025,4,1,14,0,1,1,1,1,1785456463
2026-07-31T00:31:36Z,1026,8,4,18,5,0,1,1,1,1785457299
2026-07-31T00:31:36Z,1028,2,0,20,1,0,1,1,1,1785456536
2026-07-31T00:31:36Z,1029,10,9,5,0,0,1,1,1,1785457514
2026-07-31T00:31:36Z,1030,13,5,10,0,0,1,1,1,1785457204
2026-07-31T00:31:36Z,1031,10,0,9,0,0,1,1,1,1785457747
2026-07-31T00:31:36Z,1032,7,1,12,0,0,1,1,1,1785456458
2026-07-31T00:31:36Z,1033,8,5,10,1,0,1,1,1,1785457263
2026-07-31T00:31:36Z,1034,1,0,14,0,0,1,1,1,1785456508
2026-07-31T00:31:36Z,1035,3,0,15,1,0,1,1,1,1785456478
2026-07-31T00:31:36Z,1036,15,1,0,0,0,1,1,1,1785457078
2026-07-31T00:31:36Z,1037,4,1,14,1,0,1,1,1,1785456824
2026-07-31T00:31:36Z,1038,3,1,11,1,0,1,1,1,1785457101
2026-07-31T00:31:36Z,1039,3,2,16,0,0,1,1,1,1785456613
2026-07-31T00:31:36Z,1040,9,4,9,1,0,1,1,1,1785457731
2026-07-31T00:31:36Z,1041,8,2,10,1,0,1,1,1,1785457129
2026-07-31T00:31:36Z,1042,12,0,1,2,0,1,1,1,1785457199
2026-07-31T00:31:36Z,1043,10,1,7,2,0,1,1,1,1785456529
2026-07-31T00:31:36Z,1044,2,1,13,0,0,1,1,1,1785456260
2026-07-31T00:31:36Z,1045,10,0,9,0,0,1,1,1,1785456447
2026-07-31T00:31:36Z,1046,7,0,8,0,0,1,1,1,1785457701
2026-07-31T00:31:36Z,1047,3,0,18,0,0,1,1,1,1785457452
2026-07-31T00:31:36Z,1048,5,1,14,0,0,1,1,1,1785456425
2026-07-31T00:31:36Z,1049,2,0,19,0,0,1,1,1,1785456449
2026-07-31T00:31:36Z,1050,17,5,4,0,0,1,1,1,1785457544
2026-07-31T00:31:36Z,1051,7,3,14,0,0,1,1,1,1785457459
2026-07-31T00:31:36Z,1052,18,2,4,0,0,1,1,1,1785457883
2026-07-31T00:31:36Z,1053,1,1,14,0,0,1,1,1,1785456382
2026-07-31T00:31:36Z,1054,14,1,1,0,0,1,1,1,1785456627
2026-07-31T00:31:36Z,1055,6,1,13,0,0,1,1,1,1785456585
2026-07-31T00:31:36Z,1057,7,0,12,0,0,1,1,1,1785457831
2026-07-31T00:31:36Z,1058,53,0,0,3,0,1,1,1,1785457529
2026-07-31T00:31:36Z,1059,3,0,14,2,0,1,1,1,1785456517
2026-07-31T00:31:36Z,1060,9,1,28,0,0,1,1,1,1785457206
2026-07-31T00:31:36Z,1061,6,1,31,0,0,1,1,1,1785457850
2026-07-31T00:31:36Z,1062,17,5,0,0,0,1,1,1,1785457531
2026-07-31T00:31:36Z,1063,13,2,5,1,0,1,1,1,1785456505
2026-07-31T00:31:36Z,1064,6,2,16,1,0,1,1,1,1785456772
2026-07-31T00:31:36Z,1065,15,3,8,0,0,1,1,1,1785457037
2026-07-31T00:31:36Z,1066,10,1,13,0,0,1,1,1,1785456867
2026-07-31T00:31:36Z,1067,7,1,15,1,0,1,1,1,1785457132
2026-07-31T00:31:36Z,1068,8,2,13,2,0,1,1,1,1785456584
2026-07-31T00:31:36Z,1069,12,3,11,0,0,1,1,1,1785456673
2026-07-31T00:31:36Z,1070,11,2,12,0,0,1,1,1,1785456764
2026-07-31T00:31:36Z,1071,7,4,16,0,0,1,1,1,1785456805
2026-07-31T00:31:36Z,1072,11,1,11,1,0,1,1,1,1785457110
2026-07-31T00:31:36Z,1073,11,3,15,1,0,1,1,1,1785457877
2026-07-31T00:31:36Z,1074,52,0,1,0,0,1,1,1,1785457871
2026-07-31T00:31:36Z,1075,9,8,12,0,0,1,1,1,1785456481
2026-07-31T00:31:36Z,1076,13,11,8,0,0,1,1,1,1785457422
2026-07-31T00:31:36Z,1077,8,5,13,0,0,1,1,1,1785456384
2026-07-31T00:31:36Z,1078,13,10,8,0,0,1,1,1,1785457469
2026-07-31T00:31:36Z,1079,12,9,9,0,0,1,1,1,1785456292
2026-07-31T00:31:36Z,1080,9,7,11,1,0,1,1,1,1785456886
2026-07-31T00:31:36Z,1081,14,9,5,0,0,1,1,1,1785457324
2026-07-31T00:31:36Z,1082,4,4,4,0,0,1,1,1,1785456903
2026-07-31T00:31:36Z,1083,12,10,9,0,0,1,1,1,1785456538
2026-07-31T00:31:36Z,1084,8,7,13,0,0,1,1,1,1785456175
2026-07-31T00:31:36Z,1085,10,10,11,0,0,1,1,1,1785457576
2026-07-31T00:31:36Z,1086,8,7,12,1,0,1,1,1,1785457109
2026-07-31T00:31:36Z,1087,10,9,5,0,0,1,1,1,1785457577
2026-07-31T00:31:36Z,1088,10,7,5,0,0,1,1,1,1785456511
2026-07-31T00:31:36Z,1089,6,4,9,0,0,1,1,1,1785456889
2026-07-31T00:31:36Z,1090,8,7,7,0,0,1,1,1,1785457408
2026-07-31T00:31:36Z,1091,10,5,5,0,0,1,1,1,1785457320
2026-07-31T00:31:36Z,1092,9,9,5,1,0,1,1,1,1785456864
2026-07-31T00:31:36Z,1093,7,6,8,0,0,1,1,1,1785457235
2026-07-31T00:31:36Z,1094,10,8,8,1,0,1,1,1,1785457449
2026-07-31T00:31:36Z,1095,9,8,6,0,0,1,1,1,1785457200
2026-07-31T00:31:36Z,1096,6,3,12,1,0,1,1,1,1785456823
2026-07-31T00:31:36Z,1097,8,8,7,0,0,1,1,1,1785457048
2026-07-31T00:31:36Z,1098,9,7,10,0,0,1,1,1,1785457361
2026-07-31T00:31:36Z,1099,7,6,8,0,0,1,1,1,1785456297
2026-07-31T00:31:36Z,1100,5,1,24,0,0,1,1,1,1785452920
2026-07-31T00:31:36Z,1101,10,5,11,0,0,1,1,1,1785456162
2026-07-31T00:31:36Z,1102,8,3,5,0,0,1,1,1,1785457332
2026-07-31T00:31:36Z,1103,11,5,10,0,0,1,1,1,1785435100
2026-07-31T00:31:36Z,1104,10,5,11,0,0,1,1,1,1785457729
2026-07-31T00:31:36Z,1105,7,3,6,0,0,1,1,1,1785457226
2026-07-31T00:31:36Z,1106,13,7,8,0,0,1,1,1,1785456246
2026-07-31T00:31:36Z,1107,9,5,6,0,0,1,1,1,1785456600
2026-07-31T00:31:36Z,1108,8,3,16,3,0,1,1,1,1785456983
2026-07-31T00:31:36Z,1109,5,3,10,0,0,1,1,1,1785456563
2026-07-31T00:31:36Z,1110,8,0,13,0,0,1,1,1,1785457609
2026-07-31T00:31:36Z,1111,3,1,18,0,0,1,1,1,1785457580
2026-07-31T00:31:36Z,1112,48,0,5,0,0,1,1,1,1785457883
2026-07-31T00:31:36Z,1113,1,1,20,0,0,1,1,1,1785457600
2026-07-31T00:31:36Z,1115,20,7,2,1,0,1,1,1,1785456931
2026-07-31T00:31:36Z,1116,4,1,15,0,0,1,1,1,1785456475
2026-07-31T00:31:36Z,1117,3,0,20,0,0,1,1,1,1785456819
2026-07-31T00:31:36Z,1118,19,1,1,1,0,1,1,1,1785457809
2026-07-31T00:31:36Z,1119,13,2,4,0,0,1,1,1,1785457507
2026-07-31T00:31:36Z,1120,15,1,2,2,0,1,1,1,1785457741
2026-07-31T00:31:36Z,1121,6,5,13,2,0,1,1,1,1785457844
2026-07-31T00:31:36Z,1122,16,10,4,1,0,1,1,1,1785457722
2026-07-31T00:31:36Z,1123,4,0,17,2,0,1,1,1,1785457729
2026-07-31T00:31:36Z,1124,9,0,1,5,0,1,1,1,1785457505
2026-07-31T00:31:36Z,1125,14,0,9,0,0,1,1,1,1785457241
2026-07-31T00:31:36Z,1126,6,4,13,2,0,1,1,1,1785457770
2026-07-31T00:31:36Z,1127,5,2,14,0,0,1,1,1,1785456798
2026-07-31T00:31:36Z,1128,9,0,5,1,0,1,1,1,1785457274
2026-07-31T00:31:36Z,1129,0,0,21,0,0,1,1,1,1785456301
2026-07-31T00:31:36Z,1130,11,1,4,0,0,1,1,1,1785457708
2026-07-31T00:31:36Z,1131,2,0,46,1,0,1,1,1,1785457689
2026-07-31T00:31:36Z,1132,13,5,7,1,0,1,1,1,1785457870
2026-07-31T00:31:36Z,1133,8,4,11,2,0,1,1,1,1785457874
2026-07-31T00:31:36Z,1134,11,6,8,0,0,1,1,1,1785456971
2026-07-31T00:31:36Z,1135,10,5,11,0,0,1,1,1,1785457872
2026-07-31T00:31:36Z,1136,15,0,8,0,0,1,1,1,1785457407
2026-07-31T00:31:36Z,1137,7,0,8,0,0,1,1,1,1785456429
2026-07-31T00:31:36Z,1138,10,2,9,0,0,1,1,1,1785457860
2026-07-31T00:31:36Z,1139,11,2,8,2,0,1,1,1,1785456936
2026-07-31T00:31:36Z,1140,18,2,4,1,0,1,1,1,1785457783
2026-07-31T00:31:36Z,1141,5,3,15,1,0,1,1,1,1785457769
2026-07-31T00:31:36Z,1142,21,1,0,0,0,1,1,1,1785457106
2026-07-31T00:31:36Z,1143,17,0,12,0,0,1,1,1,1785457866
2026-07-31T00:31:36Z,1144,9,4,10,2,0,1,1,1,1785457064
2026-07-31T00:31:36Z,1145,12,6,8,1,0,1,1,1,1785456830
2026-07-31T00:31:36Z,1146,10,8,8,1,0,1,1,1,1785457828
2026-07-31T00:31:36Z,1147,4,0,15,0,0,1,1,1,1785457392
2026-07-31T00:31:36Z,1148,4,3,27,0,0,1,1,1,1785457758
2026-07-31T00:31:36Z,1149,3,3,18,4,0,1,1,1,1785457882
2026-07-31T00:31:36Z,1150,5,0,14,0,0,1,1,1,1785457673
2026-07-31T00:31:36Z,1151,1,0,20,0,0,1,1,1,1785457109
2026-07-31T00:31:36Z,1152,3,0,26,0,0,1,1,1,1785456590
2026-07-31T00:31:36Z,1153,9,0,12,2,0,1,1,1,1785457862
2026-07-31T00:31:36Z,1154,13,1,6,0,0,1,1,1,1785457753
2026-07-31T00:31:36Z,1155,15,7,5,1,0,1,1,1,1785457670
2026-07-31T00:31:36Z,1158,3,0,16,0,0,1,1,1,1785456369
2026-07-31T00:31:36Z,1159,11,0,8,0,0,1,1,1,1785456722
2026-07-31T00:31:36Z,1160,9,1,9,1,0,1,1,1,1785456261
2026-07-31T00:31:36Z,1161,5,1,13,1,0,1,1,1,1785456852
2026-07-31T00:31:36Z,1162,0,0,19,0,0,1,1,1,1785457108
2026-07-31T00:31:36Z,1163,1,1,17,1,0,1,1,1,1785456488
2026-07-31T00:31:36Z,1164,4,1,15,0,0,1,1,1,1785456547
2026-07-31T00:31:36Z,1165,8,1,13,0,0,1,1,1,1785457263
2026-07-31T00:31:36Z,1166,9,4,12,0,0,1,1,1,1785456765
2026-07-31T00:31:36Z,1167,4,0,11,0,0,1,1,1,1785456288
2026-07-31T00:31:36Z,1168,1,0,22,0,0,1,1,1,1785456704
2026-07-31T00:31:36Z,1169,3,0,15,1,0,1,1,1,1785456393
2026-07-31T00:31:36Z,1170,6,0,14,1,0,1,1,1,1785456746
2026-07-31T00:31:36Z,1171,6,6,16,1,0,1,1,1,1785456385
2026-07-31T00:31:36Z,1172,7,2,6,2,0,1,1,1,1785456680
2026-07-31T00:31:36Z,1173,10,3,9,0,0,1,1,1,1785456631
2026-07-31T00:31:36Z,1174,5,2,9,1,0,1,1,1,1785456370
2026-07-31T00:31:36Z,1175,7,3,12,0,0,1,1,1,1785456851
2026-07-31T00:31:36Z,1176,19,1,2,0,0,1,1,1,1785457642
2026-07-31T00:31:36Z,1177,3,1,18,0,0,1,1,1,1785457564
2026-07-31T00:31:36Z,1178,1,0,14,0,0,1,1,1,1785456358
2026-07-31T00:31:36Z,1181,11,0,2,2,0,1,1,1,1785457083
2026-07-31T00:31:36Z,1182,15,5,5,0,0,1,1,1,1785457704
2026-07-31T00:31:36Z,1183,5,1,38,2,0,1,1,1,1785457877
2026-07-31T00:31:36Z,1184,2,2,18,1,0,1,1,1,1785457740
2026-07-31T00:31:36Z,1185,10,5,11,0,0,1,1,1,1785457667
2026-07-31T00:31:36Z,1186,9,5,10,0,0,1,1,1,1785456902
2026-07-31T00:31:36Z,1187,11,6,9,1,0,1,1,1,1785457840
2026-07-31T00:31:36Z,1188,9,3,6,0,0,1,1,1,1785456610
2026-07-31T00:31:36Z,1189,10,5,9,0,0,1,1,1,1785456656
2026-07-31T00:31:36Z,1190,10,5,11,0,0,1,1,1,1785457849
2026-07-31T00:31:36Z,1191,10,5,5,0,0,1,1,1,1785456618
2026-07-31T00:31:36Z,1192,11,7,10,0,0,1,1,1,1785456400
2026-07-31T00:31:36Z,1193,6,4,5,2,0,1,1,1,1785457521
2026-07-31T00:31:36Z,1197,9,6,7,1,0,1,1,1,1785457396
2026-07-31T00:31:36Z,1198,14,4,5,2,0,1,1,1,1785456927
2026-07-31T00:31:36Z,1199,2,0,17,0,0,1,1,1,1785456960
2026-07-31T00:31:36Z,1200,10,5,5,0,0,1,1,1,1785456655
2026-07-31T00:31:36Z,1201,9,4,6,0,0,1,1,1,1785456632
2026-07-31T00:31:36Z,1202,10,5,5,0,0,1,1,1,1785456727
2026-07-31T00:31:36Z,1203,10,5,5,0,0,1,1,1,1785456622
2026-07-31T00:31:36Z,1204,7,3,11,1,0,1,1,1,1785456337
2026-07-31T00:31:36Z,1206,11,5,10,0,0,1,1,1,1785457354
2026-07-31T00:31:36Z,1207,10,5,5,0,0,1,1,1,1785456941
2026-07-31T00:31:36Z,1208,7,2,11,1,0,1,1,1,1785456819
2026-07-31T00:31:36Z,1216,7,0,13,1,0,1,1,1,1785457590
2026-07-31T00:31:36Z,1218,5,0,16,0,0,1,1,1,1785456170
2026-07-31T00:31:36Z,1219,7,2,7,1,0,1,1,1,1785456084
2026-07-31T00:31:36Z,1220,14,7,4,1,0,1,1,1,1785457771
2026-07-31T00:31:36Z,1221,2,2,19,0,0,1,1,1,1785457294
2026-07-31T00:31:36Z,1222,20,1,9,0,0,1,1,1,1785457747
2026-07-31T00:31:36Z,1223,20,2,7,2,0,1,1,1,1785457432
2026-07-31T00:31:36Z,1226,0,0,3,0,0,0,1,1,1781868931
2026-07-31T00:31:36Z,1227,15,2,10,0,0,1,1,1,1785456368
2026-07-31T00:31:36Z,1228,1,1,28,0,0,1,1,1,1785457376
2026-07-31T00:31:36Z,1229,42,1,3,0,0,1,1,1,1785457883
2026-07-31T00:36:35Z,1,1,0,22,0,0,1,1,1,1785458176
2026-07-31T00:36:35Z,2,23,0,2,2,0,1,1,1,1785457869
2026-07-31T00:36:35Z,3,3,0,10,1,0,1,1,1,1785458063
2026-07-31T00:36:35Z,4,21,1,0,1,0,1,1,1,1785456637
2026-07-31T00:36:35Z,5,8,3,15,0,0,1,1,1,1785456282
2026-07-31T00:36:35Z,6,11,1,4,0,0,1,1,1,1785457771
2026-07-31T00:36:35Z,7,8,0,31,0,0,1,1,1,1785457904
2026-07-31T00:36:35Z,8,3,0,40,0,0,1,1,1,1785455298
2026-07-31T00:36:35Z,9,10,1,11,2,0,1,1,1,1785457520
2026-07-31T00:36:35Z,10,2,1,19,3,0,1,1,1,1785458173
2026-07-31T00:36:35Z,11,5,0,13,1,0,1,1,1,1785458081
2026-07-31T00:36:35Z,12,15,1,8,0,0,1,1,1,1785457753
2026-07-31T00:36:35Z,13,18,2,12,0,0,1,1,1,1785456969
2026-07-31T00:36:35Z,14,35,0,7,0,1,1,1,1,1785457854
2026-07-31T00:36:35Z,15,7,0,8,0,0,1,1,1,1785458086
2026-07-31T00:36:35Z,16,7,0,16,3,1,1,1,1,1785458021
2026-07-31T00:36:35Z,17,20,0,6,1,0,1,1,1,1785458181
2026-07-31T00:36:35Z,18,15,0,1,2,0,1,1,1,1785457977
2026-07-31T00:36:35Z,19,5,2,21,1,0,1,1,1,1785458084
2026-07-31T00:36:35Z,20,22,0,13,0,0,1,1,1,1785458146
2026-07-31T00:36:35Z,21,12,0,7,0,0,1,1,1,1785457942
2026-07-31T00:36:35Z,22,38,0,26,1,0,1,1,1,1785458126
2026-07-31T00:36:35Z,23,23,3,8,0,0,1,1,1,1785458082
2026-07-31T00:36:35Z,24,10,2,0,1,0,1,1,1,1785458182
2026-07-31T00:36:35Z,25,75,1,3,3,0,1,1,1,1785457990
2026-07-31T00:36:35Z,26,7,0,20,0,0,1,1,1,1785456754
2026-07-31T00:36:35Z,28,0,0,15,0,0,1,1,1,1785457007
2026-07-31T00:36:35Z,30,12,1,15,2,0,1,1,1,1785457780
2026-07-31T00:36:35Z,31,1,0,16,2,0,1,1,1,1785458084
2026-07-31T00:36:35Z,32,20,4,7,0,0,1,1,1,1785458069
2026-07-31T00:36:35Z,34,23,1,14,0,0,1,1,1,1785458121
2026-07-31T00:36:35Z,35,46,0,1,0,0,1,1,1,1785458168
2026-07-31T00:36:35Z,36,0,0,0,0,0,0,1,1,86400
2026-07-31T00:36:35Z,37,19,1,4,0,0,1,1,1,1785458155
2026-07-31T00:36:35Z,38,7,0,16,0,0,1,1,1,1785458025
2026-07-31T00:36:35Z,39,20,0,19,0,0,1,1,1,1785458125
2026-07-31T00:36:35Z,40,7,0,12,2,0,1,1,1,1785458081
2026-07-31T00:36:35Z,41,6,0,36,1,0,1,1,1,1785458087
2026-07-31T00:36:35Z,42,24,4,7,0,0,1,1,1,1785457507
2026-07-31T00:36:35Z,43,3,0,19,1,0,1,1,1,1785458181
2026-07-31T00:36:35Z,45,7,2,21,1,0,1,1,1,1785457989
2026-07-31T00:36:35Z,46,6,2,25,0,0,1,1,1,1785458106
2026-07-31T00:36:35Z,47,12,1,2,1,0,1,1,1,1785458165
2026-07-31T00:36:35Z,48,15,0,12,0,0,1,1,1,1785458181
2026-07-31T00:36:35Z,49,0,0,19,4,0,1,1,1,1785458183
2026-07-31T00:36:35Z,50,1,0,18,0,0,1,1,1,1785457612
2026-07-31T00:36:35Z,51,41,1,36,0,0,1,1,1,1785458029
2026-07-31T00:36:35Z,52,2,0,22,3,0,1,1,1,1785458163
2026-07-31T00:36:35Z,55,0,0,23,0,0,1,1,1,1785456194
2026-07-31T00:36:35Z,56,1,1,42,0,0,1,1,1,1785457606
2026-07-31T00:36:35Z,57,10,1,17,0,0,1,1,1,1785458028
2026-07-31T00:36:35Z,58,0,0,27,1,0,1,1,1,1785457909
2026-07-31T00:36:35Z,59,1,0,24,2,0,1,1,1,1785458119
2026-07-31T00:36:35Z,61,20,1,19,0,0,1,1,1,1785457913
2026-07-31T00:36:35Z,62,16,15,31,2,0,1,1,1,1785458012
2026-07-31T00:36:35Z,63,2,0,17,0,0,1,1,1,1785457783
2026-07-31T00:36:35Z,64,14,0,1,4,0,1,1,1,1785457870
2026-07-31T00:36:35Z,65,14,5,4,1,0,1,1,1,1785457144
2026-07-31T00:36:35Z,67,2,1,37,0,0,1,1,1,1785457841
2026-07-31T00:36:35Z,68,5,0,32,0,0,1,1,1,1785458041
2026-07-31T00:36:35Z,69,1,0,12,2,0,1,1,1,1785457864
2026-07-31T00:36:35Z,71,1,1,25,1,0,1,1,1,1785458148
2026-07-31T00:36:35Z,72,12,5,18,1,0,1,1,1,1785458087
2026-07-31T00:36:35Z,73,3,1,28,0,0,1,1,1,1785458182
2026-07-31T00:36:35Z,74,5,2,14,0,0,1,1,1,1785458146
2026-07-31T00:36:35Z,75,0,0,30,2,0,1,1,1,1785456645
2026-07-31T00:36:35Z,76,1,0,17,1,0,1,1,1,1785458179
2026-07-31T00:36:35Z,77,7,0,19,1,0,1,1,1,1785457509
2026-07-31T00:36:35Z,78,1,0,21,1,0,1,1,1,1785457673
2026-07-31T00:36:35Z,79,3,1,13,1,0,1,1,1,1785458167
2026-07-31T00:36:35Z,80,16,0,4,3,0,1,1,1,1785458150
2026-07-31T00:36:35Z,81,10,0,21,0,0,1,1,1,1785457980
2026-07-31T00:36:35Z,82,2,1,21,0,0,1,1,1,1785457946
2026-07-31T00:36:35Z,83,8,2,24,2,0,1,1,1,1785457780
2026-07-31T00:36:35Z,84,7,5,20,0,0,1,1,1,1785457957
2026-07-31T00:36:35Z,85,6,1,9,0,0,1,1,1,1785458038
2026-07-31T00:36:35Z,86,2,1,24,1,0,1,1,1,1785457388
2026-07-31T00:36:35Z,87,3,0,16,0,0,1,1,1,1785457315
2026-07-31T00:36:35Z,88,4,1,38,1,0,1,1,1,1785457787
2026-07-31T00:36:35Z,89,35,0,0,0,0,1,1,1,1785456716
2026-07-31T00:36:35Z,90,12,1,5,1,0,1,1,1,1785458127
2026-07-31T00:36:35Z,91,9,1,7,1,0,1,1,1,1785458064
2026-07-31T00:36:35Z,92,6,0,11,2,0,1,1,1,1785457997
2026-07-31T00:36:35Z,93,20,0,3,0,0,1,1,1,1785458169
2026-07-31T00:36:35Z,94,4,0,14,1,0,1,1,1,1785457831
2026-07-31T00:36:35Z,95,11,1,22,1,1,1,1,1,1785458176
2026-07-31T00:36:35Z,96,0,0,30,1,0,1,1,1,1785457756
2026-07-31T00:36:35Z,97,16,0,0,1,0,1,1,1,1785458135
2026-07-31T00:36:35Z,98,18,8,17,0,0,1,1,1,1785458049
2026-07-31T00:36:35Z,99,14,0,1,0,0,1,1,1,1785458017
2026-07-31T00:36:35Z,100,27,1,0,0,0,1,1,1,1785456103
2026-07-31T00:36:35Z,101,14,1,0,1,0,1,1,1,1785457984
2026-07-31T00:36:35Z,102,22,1,1,0,0,1,1,1,1785458155
2026-07-31T00:36:35Z,103,28,2,0,2,0,1,1,1,1785457678
2026-07-31T00:36:35Z,104,23,0,2,2,0,1,1,1,1785458179
2026-07-31T00:36:35Z,105,15,0,4,0,0,1,1,1,1785457962
2026-07-31T00:36:35Z,106,1,0,20,0,0,1,1,1,1785457730
2026-07-31T00:36:35Z,107,37,0,0,0,0,1,1,1,1785457987
2026-07-31T00:36:35Z,108,31,1,3,1,0,1,1,1,1785458087
2026-07-31T00:36:35Z,109,15,2,8,0,0,1,1,1,1785458067
2026-07-31T00:36:35Z,110,6,0,17,0,0,1,1,1,1785458028
2026-07-31T00:36:35Z,111,7,0,29,0,0,1,1,1,1785458065
2026-07-31T00:36:35Z,112,10,0,4,1,0,1,1,1,1785458118
2026-07-31T00:36:35Z,113,18,2,0,1,0,1,1,1,1785457997
2026-07-31T00:36:35Z,114,1,1,28,1,1,1,1,1,1785458055
2026-07-31T00:36:35Z,115,0,0,25,3,0,1,1,1,1785458090
2026-07-31T00:36:35Z,116,9,6,18,0,0,1,1,1,1785458114
2026-07-31T00:36:35Z,118,19,12,1,3,0,1,1,1,1785457695
2026-07-31T00:36:35Z,119,3,1,32,3,0,1,1,1,1785458142
2026-07-31T00:36:35Z,120,9,3,17,1,0,1,1,1,1785458011
2026-07-31T00:36:35Z,121,7,0,11,0,1,1,1,1,1785458096
2026-07-31T00:36:35Z,122,10,0,10,1,0,1,1,1,1785458069
2026-07-31T00:36:35Z,123,22,1,25,0,0,1,1,1,1785457824
2026-07-31T00:36:35Z,124,25,12,9,1,0,1,1,1,1785458148
2026-07-31T00:36:35Z,125,2,1,21,0,0,1,1,1,1785457949
2026-07-31T00:36:35Z,126,11,1,20,0,0,1,1,1,1785458171
2026-07-31T00:36:35Z,127,6,2,28,1,0,1,1,1,1785458135
2026-07-31T00:36:35Z,128,10,8,8,1,0,1,1,1,1785458097
2026-07-31T00:36:35Z,129,9,3,9,1,0,1,1,1,1785458123
2026-07-31T00:36:35Z,130,4,0,13,0,0,1,1,1,1785457733
2026-07-31T00:36:35Z,131,5,3,4,2,0,1,1,1,1785456847
2026-07-31T00:36:35Z,132,0,0,14,0,1,1,1,1,1785457962
2026-07-31T00:36:35Z,134,6,5,15,2,0,1,1,1,1785458129
2026-07-31T00:36:35Z,135,5,1,13,1,0,1,1,1,1785457936
2026-07-31T00:36:35Z,136,19,4,4,0,0,1,1,1,1785458175
2026-07-31T00:36:35Z,137,7,7,12,0,0,1,1,1,1785458105
2026-07-31T00:36:35Z,138,21,4,16,0,0,1,1,1,1785457719
2026-07-31T00:36:35Z,139,9,5,8,2,0,1,1,1,1785458013
2026-07-31T00:36:35Z,140,8,6,14,1,0,1,1,1,1785458180
2026-07-31T00:36:35Z,141,11,7,25,0,0,1,1,1,1785457983
2026-07-31T00:36:35Z,142,10,2,13,0,0,1,1,1,1785458127
2026-07-31T00:36:35Z,143,14,5,17,0,0,1,1,1,1785457883
2026-07-31T00:36:35Z,144,21,2,6,0,0,1,1,1,1785457330
2026-07-31T00:36:35Z,145,22,6,6,1,0,1,1,1,1785458184
2026-07-31T00:36:35Z,146,16,2,6,1,0,1,1,1,1785458136
2026-07-31T00:36:35Z,147,1,0,16,2,0,1,1,1,1785458180
2026-07-31T00:36:35Z,148,4,3,23,0,0,1,1,1,1785458110
2026-07-31T00:36:35Z,149,1,0,26,0,0,1,1,1,1785457686
2026-07-31T00:36:35Z,150,24,7,9,2,0,1,1,1,1785458011
2026-07-31T00:36:35Z,151,11,2,12,0,0,1,1,1,1785458106
2026-07-31T00:36:35Z,152,20,1,4,3,0,1,1,1,1785457980
2026-07-31T00:36:35Z,153,0,0,0,30,1,1,1,1,1785458083
2026-07-31T00:36:35Z,154,17,1,3,3,0,1,1,1,1785458088
2026-07-31T00:36:35Z,155,11,4,2,1,0,1,1,1,1785458168
2026-07-31T00:36:35Z,156,16,1,3,0,0,1,1,1,1785457680
2026-07-31T00:36:35Z,157,8,1,17,2,0,1,1,1,1785458049
2026-07-31T00:36:35Z,158,1,0,15,0,0,1,1,1,1785457417
2026-07-31T00:36:35Z,159,7,1,12,0,0,1,1,1,1785457950
2026-07-31T00:36:35Z,160,7,2,12,0,0,1,1,1,1785458099
2026-07-31T00:36:35Z,161,13,1,9,0,0,1,1,1,1785458002
2026-07-31T00:36:35Z,162,7,7,17,3,0,1,1,1,1785457693
2026-07-31T00:36:35Z,163,10,0,20,0,1,1,1,1,1785458075
2026-07-31T00:36:35Z,164,25,5,2,0,0,1,1,1,1785458071
2026-07-31T00:36:35Z,165,29,6,1,1,0,1,1,1,1785457988
2026-07-31T00:36:35Z,166,22,6,13,4,0,1,1,1,1785458185
2026-07-31T00:36:35Z,167,11,5,11,1,0,1,1,1,1785458090
2026-07-31T00:36:35Z,168,8,2,18,1,0,1,1,1,1785458158
2026-07-31T00:36:35Z,169,14,2,8,0,1,1,1,1,1785458182
2026-07-31T00:36:35Z,170,3,3,15,1,0,1,1,1,1785458080
2026-07-31T00:36:35Z,171,7,1,4,2,0,1,1,1,1785458043
2026-07-31T00:36:35Z,173,36,4,3,0,0,1,1,1,1785457888
2026-07-31T00:36:35Z,174,15,0,8,3,0,1,1,1,1785457692
2026-07-31T00:36:35Z,175,30,0,1,0,0,1,1,1,1785457828
2026-07-31T00:36:35Z,176,4,3,7,3,1,1,1,1,1785458135
2026-07-31T00:36:35Z,177,24,10,3,0,0,1,1,1,1785458182
2026-07-31T00:36:35Z,178,12,3,0,2,1,1,1,1,1785458173
2026-07-31T00:36:35Z,179,9,4,5,1,0,1,1,1,1785458134
2026-07-31T00:36:35Z,180,26,1,4,0,0,1,1,1,1785458146
2026-07-31T00:36:35Z,181,1,1,13,1,0,1,1,1,1785458133
2026-07-31T00:36:35Z,182,3,2,14,0,0,1,1,1,1785457861
2026-07-31T00:36:35Z,183,13,3,10,0,0,1,1,1,1785458173
2026-07-31T00:36:35Z,184,9,3,13,1,0,1,1,1,1785457597
2026-07-31T00:36:35Z,185,5,0,8,1,1,1,1,1,1785455936
2026-07-31T00:36:35Z,186,3,2,16,0,0,1,1,1,1785457978
2026-07-31T00:36:35Z,187,27,2,0,1,0,1,1,1,1785458105
2026-07-31T00:36:35Z,188,19,0,0,8,0,1,1,1,1785458139
2026-07-31T00:36:35Z,189,2,0,13,0,0,1,1,1,1785458034
2026-07-31T00:36:35Z,190,9,5,14,0,0,1,1,1,1785457746
2026-07-31T00:36:35Z,191,1,1,38,0,0,1,1,1,1785457874
2026-07-31T00:36:35Z,192,9,5,18,4,0,1,1,1,1785458149
2026-07-31T00:36:35Z,193,11,5,2,2,0,1,1,1,1785458064
2026-07-31T00:36:35Z,194,0,0,26,1,0,1,1,1,1785458148
2026-07-31T00:36:35Z,195,4,3,15,0,0,1,1,1,1785458174
2026-07-31T00:36:35Z,196,13,6,11,3,0,1,1,1,1785458026
2026-07-31T00:36:35Z,197,2,0,16,0,1,1,1,1,1785458035
2026-07-31T00:36:35Z,198,14,13,9,0,0,1,1,1,1785457924
2026-07-31T00:36:35Z,199,11,10,2,2,0,1,1,1,1785458096
2026-07-31T00:36:35Z,200,14,6,12,0,0,1,1,1,1785457914
2026-07-31T00:36:35Z,201,5,0,18,0,0,1,1,1,1785458178
2026-07-31T00:36:35Z,202,21,1,6,0,0,1,1,1,1785458060
2026-07-31T00:36:35Z,203,18,0,12,1,0,1,1,1,1785458112
2026-07-31T00:36:35Z,204,18,1,14,3,0,1,1,1,1785457943
2026-07-31T00:36:35Z,205,8,2,19,0,0,1,1,1,1785458113
2026-07-31T00:36:35Z,206,8,8,6,1,0,1,1,1,1785458184
2026-07-31T00:36:35Z,207,20,0,1,0,0,1,1,1,1785458140
2026-07-31T00:36:35Z,208,1,0,28,0,0,1,1,1,1785458145
2026-07-31T00:36:35Z,209,17,3,12,2,0,1,1,1,1785458171
2026-07-31T00:36:35Z,210,1,1,25,1,0,1,1,1,1785457941
2026-07-31T00:36:35Z,211,2,2,20,1,0,1,1,1,1785457394
2026-07-31T00:36:35Z,212,25,2,9,1,0,1,1,1,1785458022
2026-07-31T00:36:35Z,213,22,2,0,1,0,1,1,1,1785457979
2026-07-31T00:36:35Z,214,12,12,28,7,0,1,1,1,1785458183
2026-07-31T00:36:35Z,215,2,2,21,0,0,1,1,1,1785458158
2026-07-31T00:36:35Z,216,5,0,13,1,0,1,1,1,1785458135
2026-07-31T00:36:35Z,217,23,0,5,1,0,1,1,1,1785458165
2026-07-31T00:36:35Z,218,7,6,27,5,0,1,1,1,1785458175
2026-07-31T00:36:35Z,219,25,0,0,1,0,1,1,1,1785456704
2026-07-31T00:36:35Z,220,17,16,23,2,1,1,1,1,1785458114
2026-07-31T00:36:35Z,221,10,8,4,1,0,1,1,1,1785457784
2026-07-31T00:36:35Z,222,17,10,1,1,0,1,1,1,1785457891
2026-07-31T00:36:35Z,223,4,0,29,2,0,1,1,1,1785458147
2026-07-31T00:36:35Z,224,17,17,4,1,0,1,1,1,1785457938
2026-07-31T00:36:35Z,225,10,0,4,5,0,1,1,1,1785458007
2026-07-31T00:36:35Z,226,18,7,13,0,0,1,1,1,1785457980
2026-07-31T00:36:35Z,227,14,8,11,1,1,1,1,1,1785457976
2026-07-31T00:36:35Z,228,11,8,8,0,0,1,1,1,1785458134
2026-07-31T00:36:35Z,230,25,3,1,0,0,1,1,1,1785458012
2026-07-31T00:36:35Z,232,7,2,9,1,0,1,1,1,1785457852
2026-07-31T00:36:35Z,233,25,5,5,1,0,1,1,1,1785457933
2026-07-31T00:36:35Z,234,8,3,6,4,1,1,1,1,1785457762
2026-07-31T00:36:35Z,236,2,1,16,1,0,1,1,1,1785457370
2026-07-31T00:36:35Z,237,4,0,18,1,0,1,1,1,1785457620
2026-07-31T00:36:35Z,239,18,12,7,2,0,1,1,1,1785457677
2026-07-31T00:36:35Z,241,8,5,15,0,0,1,1,1,1785458181
2026-07-31T00:36:35Z,242,1,1,21,1,0,1,1,1,1785457858
2026-07-31T00:36:35Z,243,8,7,20,3,0,1,1,1,1785458143
2026-07-31T00:36:35Z,244,5,4,21,1,0,1,1,1,1785458083
2026-07-31T00:36:35Z,245,13,13,9,1,0,1,1,1,1785458158
2026-07-31T00:36:35Z,246,7,1,16,0,0,1,1,1,1785457821
2026-07-31T00:36:35Z,247,17,10,6,0,0,1,1,1,1785458097
2026-07-31T00:36:35Z,248,1,1,19,3,0,1,1,1,1785457791
2026-07-31T00:36:35Z,249,6,3,13,0,0,1,1,1,1785457994
2026-07-31T00:36:35Z,250,4,1,21,2,0,1,1,1,1785457716
2026-07-31T00:36:35Z,251,10,9,16,1,0,1,1,1,1785458121
2026-07-31T00:36:35Z,253,2,2,16,1,0,1,1,1,1785458094
2026-07-31T00:36:35Z,254,15,10,27,1,0,1,1,1,1785458030
2026-07-31T00:36:35Z,255,1,1,21,0,1,1,1,1,1785458058
2026-07-31T00:36:35Z,256,9,7,13,1,0,1,1,1,1785458150
2026-07-31T00:36:35Z,257,6,5,12,1,0,1,1,1,1785457970
2026-07-31T00:36:35Z,258,8,8,10,1,0,1,1,1,1785458140
2026-07-31T00:36:35Z,259,15,1,7,0,1,1,1,1,1785457483
2026-07-31T00:36:35Z,260,5,1,13,1,0,1,1,1,1785457711
2026-07-31T00:36:35Z,261,11,1,6,1,1,1,1,1,1785458033
2026-07-31T00:36:35Z,262,15,2,8,0,0,1,1,1,1785458059
2026-07-31T00:36:35Z,263,11,3,4,0,0,1,1,1,1785458164
2026-07-31T00:36:35Z,264,8,0,10,1,0,1,1,1,1785456912
2026-07-31T00:36:35Z,265,10,2,5,0,0,1,1,1,1785457978
2026-07-31T00:36:35Z,266,11,6,8,0,0,1,1,1,1785458008
2026-07-31T00:36:35Z,267,4,0,9,2,0,1,1,1,1785456188
2026-07-31T00:36:35Z,268,16,6,7,0,0,1,1,1,1785457866
2026-07-31T00:36:35Z,269,6,1,17,0,0,1,1,1,1785457470
2026-07-31T00:36:35Z,270,23,1,3,1,0,1,1,1,1785457554
2026-07-31T00:36:35Z,271,3,1,14,2,0,1,1,1,1785457753
2026-07-31T00:36:35Z,272,12,9,11,0,0,1,1,1,1785458182
2026-07-31T00:36:35Z,273,7,3,8,0,0,1,1,1,1785457158
2026-07-31T00:36:35Z,274,12,4,7,0,0,1,1,1,1785457909
2026-07-31T00:36:35Z,275,7,0,16,0,0,1,1,1,1785458169
2026-07-31T00:36:35Z,276,2,0,25,0,0,1,1,1,1785457834
2026-07-31T00:36:35Z,277,0,0,19,4,0,1,1,1,1785455960
2026-07-31T00:36:35Z,278,2,2,27,1,1,1,1,1,1785458181
2026-07-31T00:36:35Z,279,5,3,14,0,0,1,1,1,1785458089
2026-07-31T00:36:35Z,280,4,0,25,2,0,1,1,1,1785457925
2026-07-31T00:36:35Z,281,19,1,0,0,0,1,1,1,1785457487
2026-07-31T00:36:35Z,282,1,0,16,1,0,1,1,1,1785454029
2026-07-31T00:36:35Z,283,19,0,16,0,0,1,1,1,1785458165
2026-07-31T00:36:35Z,284,17,1,15,3,0,1,1,1,1785457768
2026-07-31T00:36:35Z,285,4,2,19,0,0,1,1,1,1785457072
2026-07-31T00:36:35Z,286,17,10,4,2,0,1,1,1,1785458092
2026-07-31T00:36:35Z,287,13,0,8,2,0,1,1,1,1785456065
2026-07-31T00:36:35Z,288,10,6,9,0,0,1,1,1,1785458133
2026-07-31T00:36:35Z,289,9,3,16,2,0,1,1,1,1785458084
2026-07-31T00:36:35Z,290,23,0,14,2,0,1,1,1,1785457996
2026-07-31T00:36:35Z,291,2,0,20,1,0,1,1,1,1785458131
2026-07-31T00:36:35Z,292,0,0,23,0,0,1,1,1,1785457343
2026-07-31T00:36:35Z,293,16,8,5,2,0,1,1,1,1785458122
2026-07-31T00:36:35Z,294,10,4,8,4,0,1,1,1,1785458173
2026-07-31T00:36:35Z,297,11,1,5,2,1,1,1,1,1785457926
2026-07-31T00:36:35Z,301,15,0,3,1,0,1,1,1,1785457640
2026-07-31T00:36:35Z,302,11,0,11,1,0,1,1,1,1785457101
2026-07-31T00:36:35Z,303,3,0,16,0,0,1,1,1,1785458153
2026-07-31T00:36:35Z,304,0,0,0,0,0,0,1,1,86400
2026-07-31T00:36:35Z,305,16,0,1,2,0,1,1,1,1785458175
2026-07-31T00:36:35Z,306,6,0,26,0,0,1,1,1,1785458118
2026-07-31T00:36:35Z,307,16,3,7,0,0,1,1,1,1785457357
2026-07-31T00:36:35Z,308,12,0,5,2,0,1,1,1,1785458181
2026-07-31T00:36:35Z,309,2,0,11,1,0,1,1,1,1785458111
2026-07-31T00:36:35Z,311,6,0,9,0,0,1,1,1,1785457931
2026-07-31T00:36:35Z,312,1,1,18,3,1,1,1,1,1785458084
2026-07-31T00:36:35Z,313,6,0,9,0,0,1,1,1,1785457649
2026-07-31T00:36:35Z,314,4,4,11,3,0,1,1,1,1785458082
2026-07-31T00:36:35Z,315,25,14,3,3,0,1,1,1,1785457824
2026-07-31T00:36:35Z,316,13,2,11,6,1,1,1,1,1785458156
2026-07-31T00:36:35Z,317,0,0,29,1,1,1,1,1,1785457907
2026-07-31T00:36:35Z,318,13,0,6,0,0,1,1,1,1785456267
2026-07-31T00:36:35Z,319,4,1,18,1,0,1,1,1,1785457726
2026-07-31T00:36:35Z,320,3,0,15,1,0,1,1,1,1785456989
2026-07-31T00:36:35Z,321,9,0,8,2,0,1,1,1,1785456753
2026-07-31T00:36:35Z,322,8,0,19,2,0,1,1,1,1785458022
2026-07-31T00:36:35Z,323,12,1,7,0,0,1,1,1,1785457490
2026-07-31T00:36:35Z,324,0,0,25,2,0,1,1,1,1785458181
2026-07-31T00:36:35Z,325,3,0,22,2,0,1,1,1,1785457932
2026-07-31T00:36:35Z,327,19,2,8,0,0,1,1,1,1785457744
2026-07-31T00:36:35Z,328,20,1,1,1,0,1,1,1,1785457860
2026-07-31T00:36:35Z,329,8,1,11,0,0,1,1,1,1785456953
2026-07-31T00:36:35Z,330,4,1,18,0,0,1,1,1,1785458180
2026-07-31T00:36:35Z,331,19,1,2,2,0,1,1,1,1785457881
2026-07-31T00:36:35Z,332,5,2,13,1,0,1,1,1,1785457143
2026-07-31T00:36:35Z,333,12,4,10,1,0,1,1,1,1785458033
2026-07-31T00:36:35Z,334,11,2,12,0,0,1,1,1,1785458056
2026-07-31T00:36:35Z,335,0,0,21,1,1,1,1,1,1785458070
2026-07-31T00:36:35Z,336,3,0,16,0,0,1,1,1,1785457696
2026-07-31T00:36:35Z,337,14,0,5,4,0,1,1,1,1785457925
2026-07-31T00:36:35Z,338,3,2,16,0,0,1,1,1,1785458044
2026-07-31T00:36:35Z,339,3,2,19,1,0,1,1,1,1785458123
2026-07-31T00:36:35Z,340,1,1,13,1,0,1,1,1,1785457722
2026-07-31T00:36:35Z,341,6,1,13,0,0,1,1,1,1785457554
2026-07-31T00:36:35Z,342,8,5,7,0,0,1,1,1,1785457917
2026-07-31T00:36:35Z,343,2,1,20,1,0,1,1,1,1785457487
2026-07-31T00:36:35Z,344,16,3,7,0,0,1,1,1,1785457962
2026-07-31T00:36:35Z,345,17,2,2,0,0,1,1,1,1785458014
2026-07-31T00:36:35Z,346,3,2,20,0,0,1,1,1,1785457902
2026-07-31T00:36:35Z,347,16,3,24,4,0,1,1,1,1785458178
2026-07-31T00:36:35Z,348,15,0,8,0,0,1,1,1,1785457939
2026-07-31T00:36:35Z,349,1,0,18,0,0,1,1,1,1785457323
2026-07-31T00:36:35Z,350,10,1,14,2,1,1,1,1,1785457900
2026-07-31T00:36:35Z,351,6,1,13,4,0,1,1,1,1785458172
2026-07-31T00:36:35Z,355,3,1,20,0,0,1,1,1,1785457361
2026-07-31T00:36:35Z,356,9,0,10,0,0,1,1,1,1785457949
2026-07-31T00:36:35Z,357,2,2,17,0,0,1,1,1,1785457515
2026-07-31T00:36:35Z,358,11,1,16,0,0,1,1,1,1785457934
2026-07-31T00:36:35Z,359,25,1,1,1,0,1,1,1,1785458143
2026-07-31T00:36:35Z,360,6,3,13,0,0,1,1,1,1785458011
2026-07-31T00:36:35Z,362,3,3,15,1,0,1,1,1,1785457480
2026-07-31T00:36:35Z,363,13,0,14,0,0,1,1,1,1785457924
2026-07-31T00:36:35Z,364,8,2,11,0,0,1,1,1,1785458077
2026-07-31T00:36:35Z,365,2,1,17,4,0,1,1,1,1785457135
2026-07-31T00:36:35Z,366,9,2,10,4,0,1,1,1,1785458144
2026-07-31T00:36:35Z,367,15,8,2,2,0,1,1,1,1785456624
2026-07-31T00:36:35Z,368,10,4,12,1,0,1,1,1,1785457607
2026-07-31T00:36:35Z,370,5,5,22,0,0,1,1,1,1785458122
2026-07-31T00:36:35Z,371,10,5,8,1,0,1,1,1,1785457518
2026-07-31T00:36:35Z,372,1,1,14,0,0,1,1,1,1785458091
2026-07-31T00:36:35Z,373,14,5,13,0,0,1,1,1,1785457540
2026-07-31T00:36:35Z,374,4,3,13,2,0,1,1,1,1785458099
2026-07-31T00:36:35Z,375,13,0,11,3,0,1,1,1,1785457655
2026-07-31T00:36:35Z,376,26,2,10,3,0,1,1,1,1785457838
2026-07-31T00:36:35Z,377,4,0,19,4,0,1,1,1,1785457016
2026-07-31T00:36:35Z,378,13,3,9,1,1,1,1,1,1785458133
2026-07-31T00:36:35Z,379,16,0,10,1,0,1,1,1,1785457798
2026-07-31T00:36:35Z,380,7,2,16,0,0,1,1,1,1785458100
2026-07-31T00:36:35Z,381,19,1,4,0,0,1,1,1,1785457788
2026-07-31T00:36:35Z,383,13,1,0,2,0,1,1,1,1785458184
2026-07-31T00:36:35Z,384,26,3,0,1,0,1,1,1,1785457193
2026-07-31T00:36:35Z,385,0,0,15,3,0,1,1,1,1785457940
2026-07-31T00:36:35Z,387,5,0,18,0,0,1,1,1,1785458052
2026-07-31T00:36:35Z,388,15,1,32,2,0,1,1,1,1785458146
2026-07-31T00:36:35Z,389,5,5,10,0,0,1,1,1,1785458136
2026-07-31T00:36:35Z,390,21,2,14,0,0,1,1,1,1785458012
2026-07-31T00:36:35Z,391,4,0,11,0,0,1,1,1,1785457615
2026-07-31T00:36:35Z,392,1,1,17,1,0,1,1,1,1785458084
2026-07-31T00:36:35Z,393,0,0,9,2,0,1,1,1,1785457581
2026-07-31T00:36:35Z,394,0,0,11,2,0,1,1,1,1785454721
2026-07-31T00:36:35Z,396,16,14,23,3,0,1,1,1,1785458035
2026-07-31T00:36:35Z,397,3,3,28,0,0,1,1,1,1785457663
2026-07-31T00:36:35Z,399,10,0,4,3,0,1,1,1,1785457580
2026-07-31T00:36:35Z,400,11,6,10,2,0,1,1,1,1785456534
2026-07-31T00:36:35Z,401,2,0,28,9,0,1,1,1,1785457900
2026-07-31T00:36:35Z,403,9,2,20,2,0,1,1,1,1785457978
2026-07-31T00:36:35Z,404,6,3,17,0,0,1,1,1,1785457752
2026-07-31T00:36:35Z,406,32,1,2,1,0,1,1,1,1785458117
2026-07-31T00:36:35Z,407,6,0,27,1,0,1,1,1,1785457767
2026-07-31T00:36:35Z,408,1,0,32,0,0,1,1,1,1785458177
2026-07-31T00:36:35Z,409,18,2,1,4,0,1,1,1,1785458140
2026-07-31T00:36:35Z,413,8,2,14,1,0,1,1,1,1785457906
2026-07-31T00:36:35Z,414,13,2,2,0,0,1,1,1,1785457468
2026-07-31T00:36:35Z,417,3,3,16,0,0,1,1,1,1785457927
2026-07-31T00:36:35Z,418,0,0,14,1,0,1,1,1,1785456376
2026-07-31T00:36:35Z,419,14,2,8,1,0,1,1,1,1785458102
2026-07-31T00:36:35Z,421,17,1,2,0,0,1,1,1,1785458015
2026-07-31T00:36:35Z,422,6,2,20,1,0,1,1,1,1785458171
2026-07-31T00:36:35Z,423,5,0,17,1,0,1,1,1,1785458010
2026-07-31T00:36:35Z,424,0,0,13,2,0,1,1,1,1785457743
2026-07-31T00:36:35Z,425,0,0,21,0,1,1,1,1,1785457769
2026-07-31T00:36:35Z,426,11,2,23,3,0,1,1,1,1785458074
2026-07-31T00:36:35Z,427,2,0,12,1,0,1,1,1,1785458042
2026-07-31T00:36:35Z,428,13,4,5,1,0,1,1,1,1785458023
2026-07-31T00:36:35Z,429,4,1,15,4,0,1,1,1,1785458160
2026-07-31T00:36:35Z,430,8,1,22,1,0,1,1,1,1785457839
2026-07-31T00:36:35Z,431,17,2,15,1,0,1,1,1,1785457990
2026-07-31T00:36:35Z,432,23,2,7,1,0,1,1,1,1785458094
2026-07-31T00:36:35Z,433,8,3,13,2,0,1,1,1,1785457682
2026-07-31T00:36:35Z,437,18,9,0,1,0,1,1,1,1785458041
2026-07-31T00:36:35Z,438,1,0,17,1,0,1,1,1,1785458061
2026-07-31T00:36:35Z,439,7,2,8,0,0,1,1,1,1785457814
2026-07-31T00:36:35Z,440,3,1,10,2,0,1,1,1,1785457820
2026-07-31T00:36:35Z,441,3,0,12,0,0,1,1,1,1785457993
2026-07-31T00:36:35Z,442,12,5,6,1,0,1,1,1,1785458169
2026-07-31T00:36:35Z,443,3,0,24,0,0,1,1,1,1785456698
2026-07-31T00:36:35Z,444,2,1,21,0,0,1,1,1,1785455134
2026-07-31T00:36:35Z,445,7,2,15,1,0,1,1,1,1785457966
2026-07-31T00:36:35Z,446,2,2,20,1,0,1,1,1,1785457589
2026-07-31T00:36:35Z,447,1,0,20,1,1,1,1,1,1785441257
2026-07-31T00:36:35Z,448,10,2,3,1,1,1,1,1,1785457944
2026-07-31T00:36:35Z,452,5,3,13,1,0,1,1,1,1785456843
2026-07-31T00:36:35Z,453,3,0,11,1,0,1,1,1,1785458184
2026-07-31T00:36:35Z,454,1,0,18,0,0,1,1,1,1785456768
2026-07-31T00:36:35Z,455,0,0,39,0,0,1,1,1,1785457539
2026-07-31T00:36:35Z,456,17,7,2,1,0,1,1,1,1785457873
2026-07-31T00:36:35Z,457,10,1,14,3,0,1,1,1,1785458181
2026-07-31T00:36:35Z,458,7,3,16,0,0,1,1,1,1785458160
2026-07-31T00:36:35Z,459,10,0,5,0,0,1,1,1,1785457598
2026-07-31T00:36:35Z,460,11,1,11,1,0,1,1,1,1785457757
2026-07-31T00:36:35Z,461,5,1,13,1,0,1,1,1,1785457431
2026-07-31T00:36:35Z,462,5,0,16,0,0,1,1,1,1785458183
2026-07-31T00:36:35Z,463,11,2,8,0,0,1,1,1,1785458037
2026-07-31T00:36:35Z,464,1,0,13,0,0,1,1,1,1785456155
2026-07-31T00:36:35Z,465,2,2,13,0,0,1,1,1,1785457644
2026-07-31T00:36:35Z,466,9,3,5,1,0,1,1,1,1785458161
2026-07-31T00:36:35Z,467,2,0,17,0,0,1,1,1,1785458107
2026-07-31T00:36:35Z,468,16,1,3,0,0,1,1,1,1785456599
2026-07-31T00:36:35Z,469,2,0,20,1,0,1,1,1,1785458104
2026-07-31T00:36:35Z,470,8,0,6,1,0,1,1,1,1785457980
2026-07-31T00:36:35Z,471,20,1,7,0,0,1,1,1,1785458052
2026-07-31T00:36:35Z,472,8,3,10,1,0,1,1,1,1785458063
2026-07-31T00:36:35Z,473,7,4,10,2,0,1,1,1,1785458166
2026-07-31T00:36:35Z,474,3,1,15,1,0,1,1,1,1785458184
2026-07-31T00:36:35Z,475,1,0,18,0,0,1,1,1,1785455940
2026-07-31T00:36:35Z,477,5,1,10,0,0,1,1,1,1785458038
2026-07-31T00:36:35Z,478,23,2,7,1,0,1,1,1,1785458112
2026-07-31T00:36:35Z,479,8,0,18,1,0,1,1,1,1785457064
2026-07-31T00:36:35Z,480,3,0,9,3,0,1,1,1,1785457824
2026-07-31T00:36:35Z,481,14,0,19,2,0,1,1,1,1785458132
2026-07-31T00:36:35Z,482,3,0,16,0,0,1,1,1,1785457655
2026-07-31T00:36:35Z,483,14,2,10,3,0,1,1,1,1785458098
2026-07-31T00:36:35Z,484,3,0,16,0,0,1,1,1,1785457934
2026-07-31T00:36:35Z,485,8,6,8,2,1,1,1,1,1785458069
2026-07-31T00:36:35Z,486,4,0,21,2,0,1,1,1,1785457980
2026-07-31T00:36:35Z,487,2,1,16,1,0,1,1,1,1785457873
2026-07-31T00:36:35Z,489,6,4,9,0,0,1,1,1,1785457851
2026-07-31T00:36:35Z,490,5,2,11,0,0,1,1,1,1785457772
2026-07-31T00:36:35Z,491,18,2,3,0,0,1,1,1,1785458133
2026-07-31T00:36:35Z,492,3,3,4,4,0,1,1,1,1785458181
2026-07-31T00:36:35Z,493,0,0,26,1,0,1,1,1,1785457299
2026-07-31T00:36:35Z,495,11,3,3,1,0,1,1,1,1785457121
2026-07-31T00:36:35Z,496,22,3,5,0,0,1,1,1,1785458133
2026-07-31T00:36:35Z,497,3,0,15,1,0,1,1,1,1785457840
2026-07-31T00:36:35Z,498,5,4,17,1,0,1,1,1,1785457882
2026-07-31T00:36:35Z,499,5,2,13,1,0,1,1,1,1785457596
2026-07-31T00:36:35Z,500,10,7,1,4,0,1,1,1,1785458133
2026-07-31T00:36:35Z,501,1,1,19,1,0,1,1,1,1785457973
2026-07-31T00:36:35Z,502,1,0,18,0,0,1,1,1,1785455864
2026-07-31T00:36:35Z,503,18,0,12,1,0,1,1,1,1785457886
2026-07-31T00:36:35Z,504,9,1,29,1,0,1,1,1,1785458164
2026-07-31T00:36:35Z,505,3,0,8,1,0,1,1,1,1785457583
2026-07-31T00:36:35Z,511,1,0,22,0,0,1,1,1,1785458170
2026-07-31T00:36:35Z,512,6,0,21,0,0,1,1,1,1785457271
2026-07-31T00:36:35Z,514,9,1,0,2,0,1,1,1,1785457909
2026-07-31T00:36:35Z,515,4,0,15,0,0,1,1,1,1785457241
2026-07-31T00:36:35Z,516,2,0,25,0,0,1,1,1,1785457728
2026-07-31T00:36:35Z,517,8,0,14,1,0,1,1,1,1785458053
2026-07-31T00:36:35Z,518,11,2,3,1,0,1,1,1,1785457834
2026-07-31T00:36:35Z,519,3,2,15,1,0,1,1,1,1785456090
2026-07-31T00:36:35Z,520,7,2,15,4,1,1,1,1,1785458185
2026-07-31T00:36:35Z,521,3,2,20,0,0,1,1,1,1785457294
2026-07-31T00:36:35Z,522,22,0,1,0,0,1,1,1,1785458167
2026-07-31T00:36:35Z,523,2,1,20,1,0,1,1,1,1785457834
2026-07-31T00:36:35Z,524,21,1,2,0,0,1,1,1,1785457960
2026-07-31T00:36:35Z,525,16,0,3,0,0,1,1,1,1785457969
2026-07-31T00:36:35Z,526,13,3,1,1,0,1,1,1,1785457032
2026-07-31T00:36:35Z,527,0,0,23,3,0,1,1,1,1785458117
2026-07-31T00:36:35Z,528,17,0,6,0,0,1,1,1,1785458073
2026-07-31T00:36:35Z,529,4,0,10,5,0,1,1,1,1785458182
2026-07-31T00:36:35Z,530,3,0,17,1,0,1,1,1,1785457651
2026-07-31T00:36:35Z,531,12,1,10,0,1,1,1,1,1785458183
2026-07-31T00:36:35Z,532,5,3,24,1,1,1,1,1,1785457478
2026-07-31T00:36:35Z,533,10,0,7,2,0,1,1,1,1785457939
2026-07-31T00:36:35Z,534,1,1,22,0,0,1,1,1,1785457967
2026-07-31T00:36:35Z,535,1,1,13,1,0,1,1,1,1785455811
2026-07-31T00:36:35Z,536,0,0,23,0,0,1,1,1,1785456518
2026-07-31T00:36:35Z,537,14,1,6,0,0,1,1,1,1785457369
2026-07-31T00:36:35Z,538,4,0,16,1,2,1,1,1,1785458176
2026-07-31T00:36:35Z,539,4,4,27,0,0,1,1,1,1785457388
2026-07-31T00:36:35Z,540,0,0,19,0,0,1,1,1,1785457945
2026-07-31T00:36:35Z,541,12,4,15,0,0,1,1,1,1785458015
2026-07-31T00:36:35Z,542,0,0,23,0,0,1,1,1,1785456936
2026-07-31T00:36:35Z,543,3,0,16,0,0,1,1,1,1785457767
2026-07-31T00:36:35Z,544,11,0,7,4,0,1,1,1,1785458124
2026-07-31T00:36:35Z,545,9,0,4,6,0,1,1,1,1785457676
2026-07-31T00:36:35Z,546,1,1,18,0,0,1,1,1,1785457900
2026-07-31T00:36:35Z,547,2,1,23,0,0,1,1,1,1785458110
2026-07-31T00:36:35Z,548,15,0,8,0,0,1,1,1,1785458083
2026-07-31T00:36:35Z,549,18,1,4,1,0,1,1,1,1785458082
2026-07-31T00:36:35Z,550,1,0,18,0,0,1,1,1,1785457957
2026-07-31T00:36:35Z,551,12,3,11,0,0,1,1,1,1785455805
2026-07-31T00:36:35Z,552,4,1,23,0,0,1,1,1,1785458023
2026-07-31T00:36:35Z,553,2,2,20,0,1,1,1,1,1785458097
2026-07-31T00:36:35Z,554,1,1,18,0,0,1,1,1,1785455798
2026-07-31T00:36:35Z,555,13,6,1,1,0,1,1,1,1785458067
2026-07-31T00:36:35Z,556,2,1,20,1,0,1,1,1,1785457928
2026-07-31T00:36:35Z,557,3,1,14,6,0,1,1,1,1785458061
2026-07-31T00:36:35Z,558,6,4,27,4,0,1,1,1,1785458077
2026-07-31T00:36:35Z,559,0,0,18,1,0,1,1,1,1785457401
2026-07-31T00:36:35Z,560,9,0,18,0,0,1,1,1,1785457984
2026-07-31T00:36:35Z,561,16,2,6,1,0,1,1,1,1785457915
2026-07-31T00:36:35Z,562,8,0,23,4,0,1,1,1,1785458167
2026-07-31T00:36:35Z,563,4,0,10,0,0,1,1,1,1785457502
2026-07-31T00:36:35Z,564,5,1,13,1,0,1,1,1,1785458012
2026-07-31T00:36:35Z,565,7,0,11,1,0,1,1,1,1785458092
2026-07-31T00:36:35Z,566,9,0,9,1,0,1,1,1,1785458139
2026-07-31T00:36:35Z,567,9,3,17,1,0,1,1,1,1785458024
2026-07-31T00:36:35Z,568,4,0,13,2,0,1,1,1,1785457975
2026-07-31T00:36:35Z,569,10,0,9,0,0,1,1,1,1785458003
2026-07-31T00:36:35Z,570,2,0,17,0,0,1,1,1,1785458093
2026-07-31T00:36:35Z,571,9,0,13,1,0,1,1,1,1785458148
2026-07-31T00:36:35Z,572,17,3,0,2,0,1,1,1,1785457866
2026-07-31T00:36:35Z,573,6,0,9,0,0,1,1,1,1785457585
2026-07-31T00:36:35Z,574,7,2,8,0,0,1,1,1,1785457644
2026-07-31T00:36:35Z,575,9,1,11,1,0,1,1,1,1785458143
2026-07-31T00:36:35Z,576,1,1,16,2,0,1,1,1,1785457830
2026-07-31T00:36:35Z,577,27,0,4,0,0,1,1,1,1785458043
2026-07-31T00:36:35Z,578,10,4,12,1,0,1,1,1,1785458050
2026-07-31T00:36:35Z,579,31,1,12,0,0,1,1,1,1785458082
2026-07-31T00:36:35Z,580,7,0,22,0,0,1,1,1,1785457002
2026-07-31T00:36:35Z,581,16,0,3,0,0,1,1,1,1785457817
2026-07-31T00:36:35Z,582,13,3,46,2,0,1,1,1,1785458125
2026-07-31T00:36:35Z,583,14,0,9,0,0,1,1,1,1785457750
2026-07-31T00:36:35Z,584,0,0,14,5,0,1,1,1,1785458113
2026-07-31T00:36:35Z,585,8,0,17,1,1,1,1,1,1785458001
2026-07-31T00:36:35Z,586,28,1,6,1,0,1,1,1,1785458040
2026-07-31T00:36:35Z,587,22,0,1,1,0,1,1,1,1785458184
2026-07-31T00:36:35Z,588,0,0,15,4,0,1,1,1,1785457952
2026-07-31T00:36:35Z,589,0,0,0,23,0,1,1,1,1785458169
2026-07-31T00:36:35Z,590,2,0,29,0,0,1,1,1,1785458158
2026-07-31T00:36:35Z,591,3,0,25,2,0,1,1,1,1785458048
2026-07-31T00:36:35Z,592,7,1,16,0,0,1,1,1,1785457981
2026-07-31T00:36:35Z,593,9,0,29,0,0,1,1,1,1785458153
2026-07-31T00:36:35Z,594,16,0,5,0,0,1,1,1,1785457380
2026-07-31T00:36:35Z,595,0,0,3,0,0,0,1,1,1784046673
2026-07-31T00:36:35Z,605,0,0,2,1,0,0,1,1,1783975843
2026-07-31T00:36:35Z,606,0,0,0,0,0,0,1,1,86400
2026-07-31T00:36:35Z,607,19,1,12,1,0,1,1,1,1785458174
2026-07-31T00:36:35Z,608,3,3,47,0,0,1,1,1,1785458144
2026-07-31T00:36:35Z,609,4,4,19,0,0,1,1,1,1785457852
2026-07-31T00:36:35Z,610,16,0,19,0,0,1,1,1,1785458048
2026-07-31T00:36:35Z,611,25,0,1,1,0,1,1,1,1785457465
2026-07-31T00:36:35Z,612,7,1,8,0,0,1,1,1,1785455780
2026-07-31T00:36:35Z,613,10,0,1,4,0,1,1,1,1785455457
2026-07-31T00:36:35Z,614,1,1,23,2,1,1,1,1,1785457105
2026-07-31T00:36:35Z,617,4,1,10,1,0,1,1,1,1785458048
2026-07-31T00:36:35Z,618,14,3,1,4,0,1,1,1,1785458110
2026-07-31T00:36:35Z,619,6,5,13,0,0,1,1,1,1785458076
2026-07-31T00:36:35Z,620,6,0,20,1,0,1,1,1,1785457896
2026-07-31T00:36:35Z,621,10,3,13,0,0,1,1,1,1785458156
2026-07-31T00:36:35Z,622,14,7,4,5,0,1,1,1,1785458064
2026-07-31T00:36:35Z,623,8,1,21,1,0,1,1,1,1785457964
2026-07-31T00:36:35Z,624,7,1,8,0,0,1,1,1,1785457743
2026-07-31T00:36:35Z,625,4,2,16,1,0,1,1,1,1785457990
2026-07-31T00:36:35Z,626,5,0,39,1,2,1,1,1,1785456528
2026-07-31T00:36:35Z,627,14,6,5,0,0,1,1,1,1785458008
2026-07-31T00:36:35Z,628,4,4,14,0,1,1,1,1,1785455145
2026-07-31T00:36:35Z,629,8,3,1,2,0,1,1,1,1785457967
2026-07-31T00:36:35Z,630,1,0,23,3,0,1,1,1,1785458059
2026-07-31T00:36:35Z,631,6,0,17,0,0,1,1,1,1785458164
2026-07-31T00:36:35Z,632,22,2,0,1,0,1,1,1,1785455012
2026-07-31T00:36:35Z,633,12,2,0,3,0,1,1,1,1785458074
2026-07-31T00:36:35Z,634,6,1,12,1,0,1,1,1,1785457964
2026-07-31T00:36:35Z,635,11,1,7,1,0,1,1,1,1785458027
2026-07-31T00:36:35Z,636,9,1,5,1,0,1,1,1,1785457377
2026-07-31T00:36:35Z,637,8,1,11,0,0,1,1,1,1785456458
2026-07-31T00:36:35Z,638,8,2,8,3,0,1,1,1,1785455929
2026-07-31T00:36:35Z,639,4,1,13,2,0,1,1,1,1785455668
2026-07-31T00:36:35Z,640,3,2,19,1,0,1,1,1,1785458068
2026-07-31T00:36:35Z,641,1,0,24,1,0,1,1,1,1785458130
2026-07-31T00:36:35Z,642,0,0,11,8,0,1,1,1,1785458184
2026-07-31T00:36:35Z,643,5,0,16,6,0,1,1,1,1785457644
2026-07-31T00:36:35Z,644,7,0,7,1,0,1,1,1,1785456775
2026-07-31T00:36:35Z,645,11,1,11,0,1,1,1,1,1785456688
2026-07-31T00:36:35Z,646,0,0,19,0,0,1,1,1,1785457895
2026-07-31T00:36:35Z,647,0,0,31,0,0,1,1,1,1785457215
2026-07-31T00:36:35Z,648,6,1,11,1,1,1,1,1,1785458024
2026-07-31T00:36:35Z,649,6,2,24,1,0,1,1,1,1785458085
2026-07-31T00:36:35Z,650,4,1,10,0,0,1,1,1,1785453435
2026-07-31T00:36:35Z,651,4,2,19,0,0,1,1,1,1785457408
2026-07-31T00:36:35Z,652,2,0,19,2,0,1,1,1,1785458076
2026-07-31T00:36:35Z,653,1,0,17,1,0,1,1,1,1785458071
2026-07-31T00:36:35Z,654,3,3,12,0,0,1,1,1,1785457993
2026-07-31T00:36:35Z,655,5,2,3,4,1,1,1,1,1785458118
2026-07-31T00:36:35Z,656,13,6,6,0,0,1,1,1,1785457000
2026-07-31T00:36:35Z,657,12,6,2,2,1,1,1,1,1785458038
2026-07-31T00:36:35Z,658,6,0,4,0,0,1,1,1,1785453591
2026-07-31T00:36:35Z,659,8,3,6,1,0,1,1,1,1785457539
2026-07-31T00:36:35Z,660,1,1,27,3,0,1,1,1,1785457909
2026-07-31T00:36:35Z,661,3,1,16,0,0,1,1,1,1785457196
2026-07-31T00:36:35Z,662,6,3,14,3,0,1,1,1,1785457616
2026-07-31T00:36:35Z,663,5,1,9,1,0,1,1,1,1785458108
2026-07-31T00:36:35Z,664,6,2,21,0,0,1,1,1,1785458150
2026-07-31T00:36:35Z,665,9,1,5,1,0,1,1,1,1785457953
2026-07-31T00:36:35Z,666,6,4,7,2,0,1,1,1,1785457342
2026-07-31T00:36:35Z,667,15,2,4,0,0,1,1,1,1785457964
2026-07-31T00:36:35Z,668,12,1,5,2,0,1,1,1,1785457962
2026-07-31T00:36:35Z,669,10,3,4,0,0,1,1,1,1785457996
2026-07-31T00:36:35Z,670,4,2,23,0,0,1,1,1,1785457760
2026-07-31T00:36:35Z,671,26,0,0,1,0,1,1,1,1785458053
2026-07-31T00:36:35Z,672,4,1,15,3,1,1,1,1,1785458121
2026-07-31T00:36:35Z,673,2,1,20,1,0,1,1,1,1785456661
2026-07-31T00:36:35Z,674,6,5,14,3,0,1,1,1,1785458164
2026-07-31T00:36:35Z,675,5,0,8,2,0,1,1,1,1785457424
2026-07-31T00:36:35Z,676,14,2,8,0,0,1,1,1,1785458175
2026-07-31T00:36:35Z,681,3,1,10,2,0,1,1,1,1785458086
2026-07-31T00:36:35Z,682,4,1,14,1,0,1,1,1,1785387864
2026-07-31T00:36:35Z,683,4,1,15,0,0,1,1,1,1785457397
2026-07-31T00:36:35Z,684,2,0,25,0,0,1,1,1,1785456431
2026-07-31T00:36:35Z,685,5,0,20,1,1,1,1,1,1785455460
2026-07-31T00:36:35Z,686,11,0,14,1,1,1,1,1,1785458164
2026-07-31T00:36:35Z,687,13,0,16,1,1,1,1,1,1785458053
2026-07-31T00:36:35Z,688,8,0,4,7,0,1,1,1,1785458087
2026-07-31T00:36:35Z,692,0,0,21,0,0,1,1,1,1785456750
2026-07-31T00:36:35Z,693,7,0,1,3,0,1,1,1,1785456398
2026-07-31T00:36:35Z,694,8,5,12,1,0,1,1,1,1785457882
2026-07-31T00:36:35Z,695,11,5,12,0,0,1,1,1,1785457973
2026-07-31T00:36:35Z,696,17,10,6,0,0,1,1,1,1785457872
2026-07-31T00:36:35Z,697,15,0,8,0,0,1,1,1,1785457795
2026-07-31T00:36:35Z,698,26,2,1,0,0,1,1,1,1785457787
2026-07-31T00:36:35Z,699,6,0,8,1,0,1,1,1,1785456626
2026-07-31T00:36:35Z,700,16,3,3,0,0,1,1,1,1785456704
2026-07-31T00:36:35Z,701,12,5,6,1,0,1,1,1,1785457962
2026-07-31T00:36:35Z,702,0,0,23,0,0,1,1,1,1785457834
2026-07-31T00:36:35Z,704,7,1,8,0,0,1,1,1,1785457402
2026-07-31T00:36:35Z,705,4,4,10,1,0,1,1,1,1785457344
2026-07-31T00:36:35Z,706,11,1,1,3,0,1,1,1,1785457961
2026-07-31T00:36:35Z,707,3,1,10,2,0,1,1,1,1785457670
2026-07-31T00:36:35Z,708,15,0,4,0,0,1,1,1,1785457460
2026-07-31T00:36:35Z,709,8,0,3,4,0,1,1,1,1785457285
2026-07-31T00:36:35Z,710,11,1,8,0,0,1,1,1,1785458013
2026-07-31T00:36:35Z,711,9,2,11,3,0,1,1,1,1785458159
2026-07-31T00:36:35Z,712,8,2,7,0,0,1,1,1,1785458058
2026-07-31T00:36:35Z,713,0,0,23,0,0,1,1,1,1785457206
2026-07-31T00:36:35Z,716,2,1,13,0,0,1,1,1,1785457764
2026-07-31T00:36:35Z,717,2,0,20,3,0,1,1,1,1785456534
2026-07-31T00:36:35Z,718,4,1,10,1,0,1,1,1,1785458185
2026-07-31T00:36:35Z,719,4,1,25,0,0,1,1,1,1785457880
2026-07-31T00:36:35Z,720,2,1,17,0,0,1,1,1,1785456810
2026-07-31T00:36:35Z,721,1,0,20,2,0,1,1,1,1785457541
2026-07-31T00:36:35Z,722,2,0,13,0,0,1,1,1,1785456554
2026-07-31T00:36:35Z,723,12,2,11,0,0,1,1,1,1785456499
2026-07-31T00:36:35Z,724,16,5,7,0,0,1,1,1,1785458020
2026-07-31T00:36:35Z,725,5,0,18,0,0,1,1,1,1785457249
2026-07-31T00:36:35Z,726,7,1,12,0,0,1,1,1,1785458090
2026-07-31T00:36:35Z,727,9,4,12,2,0,1,1,1,1785457481
2026-07-31T00:36:35Z,728,10,1,5,0,0,1,1,1,1785457116
2026-07-31T00:36:35Z,729,19,4,0,0,0,1,1,1,1785457963
2026-07-31T00:36:35Z,730,1,1,12,2,0,1,1,1,1785457984
2026-07-31T00:36:35Z,731,10,2,5,0,0,1,1,1,1785457583
2026-07-31T00:36:35Z,732,4,4,11,0,0,1,1,1,1785458170
2026-07-31T00:36:35Z,733,20,0,5,2,0,1,1,1,1785457853
2026-07-31T00:36:35Z,734,4,1,10,0,0,1,1,1,1785457866
2026-07-31T00:36:35Z,735,0,0,27,0,0,1,1,1,1785456868
2026-07-31T00:36:35Z,736,3,0,16,0,0,1,1,1,1785457629
2026-07-31T00:36:35Z,737,2,0,10,2,1,1,1,1,1785457863
2026-07-31T00:36:35Z,738,6,0,11,2,0,1,1,1,1785457512
2026-07-31T00:36:35Z,739,18,2,8,1,0,1,1,1,1785456721
2026-07-31T00:36:35Z,741,5,1,18,0,0,1,1,1,1785457106
2026-07-31T00:36:35Z,742,18,7,15,2,0,1,1,1,1785457765
2026-07-31T00:36:35Z,743,1,0,17,1,0,1,1,1,1785457779
2026-07-31T00:36:35Z,744,5,1,9,1,0,1,1,1,1785457506
2026-07-31T00:36:35Z,745,14,4,4,1,0,1,1,1,1785457482
2026-07-31T00:36:35Z,746,6,2,14,3,0,1,1,1,1785456923
2026-07-31T00:36:35Z,747,0,0,4,0,0,0,1,1,1783446606
2026-07-31T00:36:35Z,748,10,1,13,0,0,1,1,1,1785456547
2026-07-31T00:36:35Z,749,1,1,22,0,0,1,1,1,1785458140
2026-07-31T00:36:35Z,750,5,4,6,0,0,1,1,1,1785458149
2026-07-31T00:36:35Z,751,3,3,19,1,0,1,1,1,1785458176
2026-07-31T00:36:35Z,752,5,0,11,1,0,1,1,1,1785457698
2026-07-31T00:36:35Z,753,14,2,1,0,0,1,1,1,1785458149
2026-07-31T00:36:35Z,754,2,1,12,1,0,1,1,1,1785458104
2026-07-31T00:36:35Z,755,3,0,19,1,0,1,1,1,1785458094
2026-07-31T00:36:35Z,756,3,3,32,2,0,1,1,1,1785458167
2026-07-31T00:36:35Z,757,3,0,16,0,0,1,1,1,1785456942
2026-07-31T00:36:35Z,758,8,8,15,0,0,1,1,1,1785458021
2026-07-31T00:36:35Z,759,5,3,10,0,0,1,1,1,1785457624
2026-07-31T00:36:35Z,760,6,2,12,1,0,1,1,1,1785456620
2026-07-31T00:36:35Z,761,7,1,16,0,0,1,1,1,1785458040
2026-07-31T00:36:35Z,762,6,4,5,4,0,1,1,1,1785456703
2026-07-31T00:36:35Z,768,9,0,8,2,0,1,1,1,1785457742
2026-07-31T00:36:35Z,769,19,8,0,0,0,1,1,1,1785457718
2026-07-31T00:36:35Z,770,10,2,7,2,0,1,1,1,1785457271
2026-07-31T00:36:35Z,771,13,3,1,1,0,1,1,1,1785456685
2026-07-31T00:36:35Z,772,2,2,12,1,0,1,1,1,1785457683
2026-07-31T00:36:35Z,773,6,3,13,0,0,1,1,1,1785457460
2026-07-31T00:36:35Z,774,1,0,10,4,0,1,1,1,1785458164
2026-07-31T00:36:35Z,775,4,0,13,1,1,1,1,1,1785457708
2026-07-31T00:36:35Z,776,3,1,17,1,0,1,1,1,1785457436
2026-07-31T00:36:35Z,777,9,2,3,3,0,1,1,1,1785457238
2026-07-31T00:36:35Z,778,13,0,3,3,0,1,1,1,1785457397
2026-07-31T00:36:35Z,779,8,1,10,1,0,1,1,1,1785457863
2026-07-31T00:36:35Z,780,8,2,10,1,0,1,1,1,1785458178
2026-07-31T00:36:35Z,781,2,0,7,2,0,1,1,1,1785458114
2026-07-31T00:36:35Z,782,1,0,15,3,0,1,1,1,1785456991
2026-07-31T00:36:35Z,783,4,0,15,0,0,1,1,1,1785458112
2026-07-31T00:36:35Z,784,3,0,15,1,0,1,1,1,1785457087
2026-07-31T00:36:35Z,785,9,0,4,6,0,1,1,1,1785456448
2026-07-31T00:36:35Z,786,8,2,11,0,0,1,1,1,1785457888
2026-07-31T00:36:35Z,787,10,5,3,2,0,1,1,1,1785457689
2026-07-31T00:36:35Z,788,4,0,11,0,0,1,1,1,1785456789
2026-07-31T00:36:35Z,789,5,2,6,4,0,1,1,1,1785457046
2026-07-31T00:36:35Z,790,7,0,16,0,0,1,1,1,1785457487
2026-07-31T00:36:35Z,791,8,0,10,0,1,1,1,1,1785457740
2026-07-31T00:36:35Z,793,4,0,10,1,0,1,1,1,1785457203
2026-07-31T00:36:35Z,794,12,3,16,1,0,1,1,1,1785457790
2026-07-31T00:36:35Z,796,6,3,12,1,0,1,1,1,1785457539
2026-07-31T00:36:35Z,797,0,0,15,0,0,1,1,1,1785457272
2026-07-31T00:36:35Z,798,11,0,13,1,0,1,1,1,1785458178
2026-07-31T00:36:35Z,799,11,3,4,4,0,1,1,1,1785458045
2026-07-31T00:36:35Z,800,11,2,9,1,0,1,1,1,1785457275
2026-07-31T00:36:35Z,801,3,2,17,1,0,1,1,1,1785458167
2026-07-31T00:36:35Z,802,12,1,19,0,0,1,1,1,1785456963
2026-07-31T00:36:35Z,803,0,0,14,1,0,1,1,1,1785456754
2026-07-31T00:36:35Z,806,7,7,7,1,0,1,1,1,1785457907
2026-07-31T00:36:35Z,807,0,0,24,1,0,1,1,1,1785457279
2026-07-31T00:36:35Z,808,3,0,21,1,0,1,1,1,1785454239
2026-07-31T00:36:35Z,809,5,1,17,1,0,1,1,1,1785456874
2026-07-31T00:36:35Z,810,2,0,13,4,0,1,1,1,1785457407
2026-07-31T00:36:35Z,815,10,1,0,4,1,1,1,1,1785458022
2026-07-31T00:36:35Z,817,8,4,7,0,0,1,1,1,1785458078
2026-07-31T00:36:35Z,818,6,0,16,1,0,1,1,1,1785457396
2026-07-31T00:36:35Z,819,6,4,9,0,0,1,1,1,1785455226
2026-07-31T00:36:35Z,820,6,1,11,0,0,1,1,1,1785458031
2026-07-31T00:36:35Z,821,2,2,13,0,0,1,1,1,1785457151
2026-07-31T00:36:35Z,822,17,2,4,2,0,1,1,1,1785458042
2026-07-31T00:36:35Z,823,9,0,5,1,0,1,1,1,1785457783
2026-07-31T00:36:35Z,824,16,5,2,1,0,1,1,1,1785457901
2026-07-31T00:36:35Z,825,9,5,6,0,0,1,1,1,1785457432
2026-07-31T00:36:35Z,826,4,1,14,1,0,1,1,1,1785457818
2026-07-31T00:36:35Z,827,13,5,7,1,0,1,1,1,1785457305
2026-07-31T00:36:35Z,828,5,1,11,2,0,1,1,1,1785457758
2026-07-31T00:36:35Z,829,12,6,15,0,0,1,1,1,1785458004
2026-07-31T00:36:35Z,830,15,0,7,1,0,1,1,1,1785457739
2026-07-31T00:36:35Z,831,4,3,10,1,0,1,1,1,1785456596
2026-07-31T00:36:35Z,832,12,4,3,3,0,1,1,1,1785458153
2026-07-31T00:36:35Z,833,2,2,16,1,0,1,1,1,1785456373
2026-07-31T00:36:35Z,834,5,2,16,3,0,1,1,1,1785458025
2026-07-31T00:36:35Z,835,5,2,10,3,0,1,1,1,1785458087
2026-07-31T00:36:35Z,837,5,1,0,10,0,1,1,1,1785456595
2026-07-31T00:36:35Z,838,14,1,0,1,0,1,1,1,1785457300
2026-07-31T00:36:35Z,839,29,1,0,0,0,1,1,1,1785457845
2026-07-31T00:36:35Z,840,2,0,25,2,0,1,1,1,1785457987
2026-07-31T00:36:35Z,841,8,1,7,0,0,1,1,1,1785456595
2026-07-31T00:36:35Z,842,6,1,17,0,0,1,1,1,1785458105
2026-07-31T00:36:35Z,843,9,0,21,1,0,1,1,1,1785456411
2026-07-31T00:36:35Z,844,6,1,17,0,0,1,1,1,1785458155
2026-07-31T00:36:35Z,845,5,3,12,2,0,1,1,1,1785456698
2026-07-31T00:36:35Z,846,5,1,12,2,0,1,1,1,1785457653
2026-07-31T00:36:35Z,847,4,1,23,0,0,1,1,1,1785457346
2026-07-31T00:36:35Z,848,7,0,11,1,0,1,1,1,1785454449
2026-07-31T00:36:35Z,849,9,2,5,1,0,1,1,1,1785457525
2026-07-31T00:36:35Z,850,9,0,1,1,0,1,1,1,1785457726
2026-07-31T00:36:35Z,851,0,0,35,2,0,1,1,1,1785457440
2026-07-31T00:36:35Z,852,9,3,9,1,0,1,1,1,1785456834
2026-07-31T00:36:35Z,853,8,4,15,0,0,1,1,1,1785457245
2026-07-31T00:36:35Z,854,2,2,13,0,0,1,1,1,1785457395
2026-07-31T00:36:35Z,855,16,2,11,0,0,1,1,1,1785458102
2026-07-31T00:36:35Z,857,1,1,17,1,0,1,1,1,1785457100
2026-07-31T00:36:35Z,858,4,1,14,1,0,1,1,1,1785457047
2026-07-31T00:36:35Z,859,3,0,17,1,0,1,1,1,1785457294
2026-07-31T00:36:35Z,861,8,1,2,1,0,1,1,1,1785455675
2026-07-31T00:36:35Z,862,1,1,14,0,0,1,1,1,1785456618
2026-07-31T00:36:35Z,863,10,0,8,1,0,1,1,1,1785457872
2026-07-31T00:36:35Z,866,6,0,12,1,0,1,1,1,1785456853
2026-07-31T00:36:35Z,867,12,0,3,0,0,1,1,1,1785458052
2026-07-31T00:36:35Z,868,13,2,2,0,0,1,1,1,1785456409
2026-07-31T00:36:35Z,870,7,5,7,1,0,1,1,1,1785456621
2026-07-31T00:36:35Z,871,0,0,10,1,0,1,1,1,1785457857
2026-07-31T00:36:35Z,872,0,0,14,1,0,1,1,1,1785456554
2026-07-31T00:36:35Z,873,0,0,32,1,0,1,1,1,1785456379
2026-07-31T00:36:35Z,874,4,0,8,3,0,1,1,1,1785458149
2026-07-31T00:36:35Z,875,15,11,0,0,0,1,1,1,1785457561
2026-07-31T00:36:35Z,877,12,11,6,1,0,1,1,1,1785457905
2026-07-31T00:36:35Z,878,5,4,13,1,0,1,1,1,1785456674
2026-07-31T00:36:35Z,879,2,0,17,0,0,1,1,1,1785457553
2026-07-31T00:36:35Z,880,2,0,20,1,0,1,1,1,1785457559
2026-07-31T00:36:35Z,881,3,0,16,0,0,1,1,1,1785457265
2026-07-31T00:36:35Z,882,11,0,6,2,0,1,1,1,1785457778
2026-07-31T00:36:35Z,883,10,6,9,0,0,1,1,1,1785456849
2026-07-31T00:36:35Z,884,11,7,10,0,0,1,1,1,1785457881
2026-07-31T00:36:35Z,885,1,0,18,0,0,1,1,1,1785456403
2026-07-31T00:36:35Z,886,2,0,25,2,0,1,1,1,1785458121
2026-07-31T00:36:35Z,887,0,0,14,3,0,1,1,1,1785458000
2026-07-31T00:36:35Z,888,26,2,13,2,0,1,1,1,1785458164
2026-07-31T00:36:35Z,889,8,0,9,2,0,1,1,1,1785458163
2026-07-31T00:36:35Z,890,4,1,10,1,0,1,1,1,1785455867
2026-07-31T00:36:35Z,891,11,0,11,1,0,1,1,1,1785457667
2026-07-31T00:36:35Z,892,12,1,3,0,0,1,1,1,1785456450
2026-07-31T00:36:35Z,895,1,0,17,1,0,1,1,1,1785449127
2026-07-31T00:36:35Z,896,19,2,16,0,0,1,1,1,1785457998
2026-07-31T00:36:35Z,897,10,2,11,0,0,1,1,1,1785456565
2026-07-31T00:36:35Z,898,0,0,19,0,0,1,1,1,1785458147
2026-07-31T00:36:35Z,899,13,2,6,0,0,1,1,1,1785458056
2026-07-31T00:36:35Z,900,20,1,7,0,0,1,1,1,1785458160
2026-07-31T00:36:35Z,901,18,1,0,1,0,1,1,1,1785457731
2026-07-31T00:36:35Z,902,11,1,3,1,0,1,1,1,1785458110
2026-07-31T00:36:35Z,903,6,0,13,0,0,1,1,1,1785457811
2026-07-31T00:36:35Z,904,11,5,8,0,0,1,1,1,1785456708
2026-07-31T00:36:35Z,905,2,2,24,1,0,1,1,1,1785457942
2026-07-31T00:36:35Z,906,10,10,17,0,0,1,1,1,1785458040
2026-07-31T00:36:35Z,907,23,4,8,0,0,1,1,1,1785458139
2026-07-31T00:36:35Z,908,7,2,16,0,0,1,1,1,1785456668
2026-07-31T00:36:35Z,909,6,5,17,0,0,1,1,1,1785458048
2026-07-31T00:36:35Z,910,19,0,12,0,0,1,1,1,1785457940
2026-07-31T00:36:35Z,911,9,0,10,0,0,1,1,1,1785458079
2026-07-31T00:36:35Z,912,8,1,12,3,0,1,1,1,1785458152
2026-07-31T00:36:35Z,913,4,2,15,0,0,1,1,1,1785457742
2026-07-31T00:36:35Z,914,8,1,11,0,0,1,1,1,1785458153
2026-07-31T00:36:35Z,915,18,1,4,1,0,1,1,1,1785457869
2026-07-31T00:36:35Z,916,3,1,20,0,0,1,1,1,1785458163
2026-07-31T00:36:35Z,917,28,1,5,2,0,1,1,1,1785458033
2026-07-31T00:36:35Z,918,3,1,14,2,0,1,1,1,1785457768
2026-07-31T00:36:35Z,919,5,1,34,0,0,1,1,1,1785458179
2026-07-31T00:36:35Z,920,3,1,16,0,0,1,1,1,1785457078
2026-07-31T00:36:35Z,921,16,0,4,1,0,1,1,1,1785456744
2026-07-31T00:36:35Z,922,4,0,17,0,0,1,1,1,1785457244
2026-07-31T00:36:35Z,923,17,11,1,1,0,1,1,1,1785458110
2026-07-31T00:36:35Z,924,8,0,13,0,0,1,1,1,1785457392
2026-07-31T00:36:35Z,925,16,2,5,0,0,1,1,1,1785456823
2026-07-31T00:36:35Z,926,1,1,20,0,0,1,1,1,1785458014
2026-07-31T00:36:35Z,927,28,1,7,0,0,1,1,1,1785457884
2026-07-31T00:36:35Z,928,12,0,7,0,0,1,1,1,1785458035
2026-07-31T00:36:35Z,929,0,0,23,0,0,1,1,1,1785457809
2026-07-31T00:36:35Z,930,13,0,16,2,0,1,1,1,1785458111
2026-07-31T00:36:35Z,931,2,2,21,0,0,1,1,1,1785458156
2026-07-31T00:36:35Z,932,14,0,1,4,0,1,1,1,1785458049
2026-07-31T00:36:35Z,933,20,1,2,1,0,1,1,1,1785458052
2026-07-31T00:36:35Z,934,3,0,27,1,0,1,1,1,1785458056
2026-07-31T00:36:35Z,935,5,0,13,1,0,1,1,1,1785458171
2026-07-31T00:36:35Z,936,4,1,15,0,0,1,1,1,1785456801
2026-07-31T00:36:35Z,940,11,3,0,0,0,1,1,1,1785457273
2026-07-31T00:36:35Z,941,4,0,19,2,0,1,1,1,1785457280
2026-07-31T00:36:35Z,942,13,1,8,0,0,1,1,1,1785457787
2026-07-31T00:36:35Z,943,8,8,7,0,0,1,1,1,1785457150
2026-07-31T00:36:35Z,944,9,8,6,0,0,1,1,1,1785456475
2026-07-31T00:36:35Z,945,10,8,5,0,0,1,1,1,1785457797
2026-07-31T00:36:35Z,946,7,5,12,0,0,1,1,1,1785424152
2026-07-31T00:36:35Z,947,7,5,10,0,0,1,1,1,1785456485
2026-07-31T00:36:35Z,948,2,1,25,4,0,1,1,1,1785458175
2026-07-31T00:36:35Z,949,0,0,15,0,0,1,1,1,1785458055
2026-07-31T00:36:35Z,950,4,1,12,1,0,1,1,1,1785458180
2026-07-31T00:36:35Z,951,6,0,16,1,0,1,1,1,1785457965
2026-07-31T00:36:35Z,952,33,3,21,1,0,1,1,1,1785457595
2026-07-31T00:36:35Z,953,13,1,2,0,0,1,1,1,1785458049
2026-07-31T00:36:35Z,954,15,0,4,0,0,1,1,1,1785456992
2026-07-31T00:36:35Z,955,1,0,21,5,0,1,1,1,1785458182
2026-07-31T00:36:35Z,956,17,0,5,1,0,1,1,1,1785458141
2026-07-31T00:36:35Z,957,21,3,8,0,0,1,1,1,1785458089
2026-07-31T00:36:35Z,958,17,0,14,0,0,1,1,1,1785457922
2026-07-31T00:36:35Z,959,12,2,10,1,0,1,1,1,1785458138
2026-07-31T00:36:35Z,960,13,8,9,1,0,1,1,1,1785458180
2026-07-31T00:36:35Z,961,3,0,17,3,0,1,1,1,1785457905
2026-07-31T00:36:35Z,962,4,0,28,3,0,1,1,1,1785457882
2026-07-31T00:36:35Z,963,11,0,11,1,0,1,1,1,1785458122
2026-07-31T00:36:35Z,964,8,7,14,1,0,1,1,1,1785458072
2026-07-31T00:36:35Z,965,2,1,24,1,0,1,1,1,1785456590
2026-07-31T00:36:35Z,966,14,0,17,0,0,1,1,1,1785457566
2026-07-31T00:36:35Z,967,18,0,2,1,0,1,1,1,1785458155
2026-07-31T00:36:35Z,968,2,2,17,0,0,1,1,1,1785457866
2026-07-31T00:36:35Z,969,7,7,18,2,0,1,1,1,1785458084
2026-07-31T00:36:35Z,970,12,3,6,1,0,1,1,1,1785458131
2026-07-31T00:36:35Z,971,22,0,0,1,0,1,1,1,1785458181
2026-07-31T00:36:35Z,972,7,0,16,0,0,1,1,1,1785458142
2026-07-31T00:36:35Z,973,9,6,13,1,0,1,1,1,1785458180
2026-07-31T00:36:35Z,974,10,0,17,0,0,1,1,1,1785457483
2026-07-31T00:36:35Z,977,4,3,14,3,0,1,1,1,1785457170
2026-07-31T00:36:35Z,978,12,3,10,1,0,1,1,1,1785457522
2026-07-31T00:36:35Z,979,1,0,16,0,0,1,1,1,1785457583
2026-07-31T00:36:35Z,980,3,0,17,1,0,1,1,1,1785457815
2026-07-31T00:36:35Z,981,5,0,15,1,0,1,1,1,1785458094
2026-07-31T00:36:35Z,982,3,1,14,2,0,1,1,1,1785456494
2026-07-31T00:36:35Z,983,2,2,20,1,0,1,1,1,1785456877
2026-07-31T00:36:35Z,984,5,0,18,0,0,1,1,1,1785457776
2026-07-31T00:36:35Z,985,23,0,8,0,0,1,1,1,1785458152
2026-07-31T00:36:35Z,986,2,0,17,0,0,1,1,1,1785457136
2026-07-31T00:36:35Z,987,5,0,17,1,0,1,1,1,1785456997
2026-07-31T00:36:35Z,988,5,1,13,1,0,1,1,1,1785456736
2026-07-31T00:36:35Z,989,8,4,11,0,0,1,1,1,1785457445
2026-07-31T00:36:35Z,990,13,1,0,2,0,1,1,1,1785456723
2026-07-31T00:36:35Z,991,8,1,10,1,0,1,1,1,1785458140
2026-07-31T00:36:35Z,992,8,6,14,1,0,1,1,1,1785457187
2026-07-31T00:36:35Z,993,2,0,25,0,0,1,1,1,1785458180
2026-07-31T00:36:35Z,994,1,1,20,0,0,1,1,1,1785457387
2026-07-31T00:36:35Z,995,7,0,20,0,0,1,1,1,1785456603
2026-07-31T00:36:35Z,996,9,1,14,0,0,1,1,1,1785456424
2026-07-31T00:36:35Z,997,10,4,11,2,0,1,1,1,1785458005
2026-07-31T00:36:35Z,998,3,1,19,1,0,1,1,1,1785457592
2026-07-31T00:36:35Z,999,4,2,15,1,1,1,1,1,1785456535
2026-07-31T00:36:35Z,1000,2,0,19,0,0,1,1,1,1785457335
2026-07-31T00:36:35Z,1001,1,0,26,0,0,1,1,1,1785456745
2026-07-31T00:36:35Z,1002,0,0,27,4,0,1,1,1,1785456709
2026-07-31T00:36:35Z,1003,0,0,23,0,0,1,1,1,1785456403
2026-07-31T00:36:35Z,1004,5,0,18,0,0,1,1,1,1785457654
2026-07-31T00:36:35Z,1005,20,1,3,0,0,1,1,1,1785456588
2026-07-31T00:36:35Z,1006,7,4,11,1,0,1,1,1,1785456445
2026-07-31T00:36:35Z,1007,4,1,17,0,0,1,1,1,1785457889
2026-07-31T00:36:35Z,1008,5,4,16,2,0,1,1,1,1785457360
2026-07-31T00:36:35Z,1009,21,4,8,2,0,1,1,1,1785457244
2026-07-31T00:36:35Z,1010,7,2,20,0,0,1,1,1,1785458048
2026-07-31T00:36:35Z,1011,6,1,11,2,0,1,1,1,1785456826
2026-07-31T00:36:35Z,1012,4,3,18,1,0,1,1,1,1785458171
2026-07-31T00:36:35Z,1013,5,1,17,1,0,1,1,1,1785456978
2026-07-31T00:36:35Z,1014,7,3,14,2,0,1,1,1,1785457445
2026-07-31T00:36:35Z,1015,5,4,25,1,0,1,1,1,1785457080
2026-07-31T00:36:35Z,1016,10,5,21,0,0,1,1,1,1785457967
2026-07-31T00:36:35Z,1017,14,5,7,0,0,1,1,1,1785457584
2026-07-31T00:36:35Z,1018,8,2,14,0,0,1,1,1,1785456444
2026-07-31T00:36:35Z,1019,7,5,8,0,0,1,1,1,1785456422
2026-07-31T00:36:35Z,1020,17,3,4,0,0,1,1,1,1785457462
2026-07-31T00:36:35Z,1021,8,3,6,1,0,1,1,1,1785457229
2026-07-31T00:36:35Z,1022,14,0,13,0,0,1,1,1,1785456504
2026-07-31T00:36:35Z,1023,12,1,10,1,0,1,1,1,1785457988
2026-07-31T00:36:35Z,1024,6,3,13,0,0,1,1,1,1785457201
2026-07-31T00:36:35Z,1025,4,1,14,0,1,1,1,1,1785456463
2026-07-31T00:36:35Z,1026,8,4,18,5,0,1,1,1,1785457299
2026-07-31T00:36:35Z,1028,2,0,20,1,0,1,1,1,1785456536
2026-07-31T00:36:35Z,1029,10,9,5,0,0,1,1,1,1785457514
2026-07-31T00:36:35Z,1030,13,5,10,0,0,1,1,1,1785457204
2026-07-31T00:36:35Z,1031,10,0,9,0,0,1,1,1,1785457747
2026-07-31T00:36:35Z,1032,7,1,12,0,0,1,1,1,1785456458
2026-07-31T00:36:35Z,1033,8,5,10,1,0,1,1,1,1785457263
2026-07-31T00:36:35Z,1034,1,0,14,0,0,1,1,1,1785456508
2026-07-31T00:36:35Z,1035,4,0,14,1,0,1,1,1,1785457950
2026-07-31T00:36:35Z,1036,15,1,0,0,0,1,1,1,1785457078
2026-07-31T00:36:35Z,1037,4,1,14,1,0,1,1,1,1785456824
2026-07-31T00:36:35Z,1038,3,1,11,1,0,1,1,1,1785458020
2026-07-31T00:36:35Z,1039,3,2,16,0,0,1,1,1,1785456613
2026-07-31T00:36:35Z,1040,9,4,9,1,0,1,1,1,1785457731
2026-07-31T00:36:35Z,1041,8,2,9,2,0,1,1,1,1785458180
2026-07-31T00:36:35Z,1042,12,0,1,2,0,1,1,1,1785457199
2026-07-31T00:36:35Z,1043,10,1,7,2,0,1,1,1,1785456529
2026-07-31T00:36:35Z,1044,2,1,13,0,0,1,1,1,1785458073
2026-07-31T00:36:35Z,1045,10,0,9,0,0,1,1,1,1785456447
2026-07-31T00:36:35Z,1046,7,0,8,0,0,1,1,1,1785457701
2026-07-31T00:36:35Z,1047,3,0,18,0,0,1,1,1,1785457452
2026-07-31T00:36:35Z,1048,5,1,14,0,0,1,1,1,1785456425
2026-07-31T00:36:35Z,1049,2,0,19,0,0,1,1,1,1785456449
2026-07-31T00:36:35Z,1050,17,5,4,0,0,1,1,1,1785457544
2026-07-31T00:36:35Z,1051,7,3,14,0,0,1,1,1,1785457459
2026-07-31T00:36:35Z,1052,17,2,5,0,0,1,1,1,1785458079
2026-07-31T00:36:35Z,1053,1,1,14,0,0,1,1,1,1785456382
2026-07-31T00:36:35Z,1054,14,1,1,0,0,1,1,1,1785456627
2026-07-31T00:36:35Z,1055,6,1,13,0,0,1,1,1,1785456585
2026-07-31T00:36:35Z,1057,8,1,11,0,0,1,1,1,1785458121
2026-07-31T00:36:35Z,1058,53,0,0,3,0,1,1,1,1785458063
2026-07-31T00:36:35Z,1059,3,0,14,2,0,1,1,1,1785456517
2026-07-31T00:36:35Z,1060,6,1,31,0,0,1,1,1,1785457959
2026-07-31T00:36:35Z,1061,9,2,28,0,0,1,1,1,1785458138
2026-07-31T00:36:35Z,1062,17,5,0,0,0,1,1,1,1785457531
2026-07-31T00:36:35Z,1063,12,1,6,1,0,1,1,1,1785458112
2026-07-31T00:36:35Z,1064,6,2,16,1,0,1,1,1,1785456772
2026-07-31T00:36:35Z,1065,15,3,8,0,0,1,1,1,1785457037
2026-07-31T00:36:35Z,1066,10,1,13,0,0,1,1,1,1785456867
2026-07-31T00:36:35Z,1067,7,1,15,1,0,1,1,1,1785457132
2026-07-31T00:36:35Z,1068,8,2,13,2,0,1,1,1,1785456584
2026-07-31T00:36:35Z,1069,12,3,11,0,0,1,1,1,1785456673
2026-07-31T00:36:35Z,1070,11,2,12,0,0,1,1,1,1785456764
2026-07-31T00:36:35Z,1071,7,4,16,0,0,1,1,1,1785456805
2026-07-31T00:36:35Z,1072,11,1,11,1,0,1,1,1,1785457110
2026-07-31T00:36:35Z,1073,11,3,15,1,0,1,1,1,1785457877
2026-07-31T00:36:35Z,1074,49,0,4,0,0,1,1,1,1785458179
2026-07-31T00:36:35Z,1075,9,8,12,0,0,1,1,1,1785457993
2026-07-31T00:36:35Z,1076,13,11,8,0,0,1,1,1,1785457422
2026-07-31T00:36:35Z,1077,8,5,13,0,0,1,1,1,1785456384
2026-07-31T00:36:35Z,1078,13,10,8,0,0,1,1,1,1785457469
2026-07-31T00:36:35Z,1079,12,9,9,0,0,1,1,1,1785458109
2026-07-31T00:36:35Z,1080,9,7,11,1,0,1,1,1,1785456886
2026-07-31T00:36:35Z,1081,14,9,5,0,0,1,1,1,1785457324
2026-07-31T00:36:35Z,1082,4,4,4,0,0,1,1,1,1785456903
2026-07-31T00:36:35Z,1083,12,10,9,0,0,1,1,1,1785456538
2026-07-31T00:36:35Z,1084,8,7,13,0,0,1,1,1,1785457992
2026-07-31T00:36:35Z,1085,10,10,11,0,0,1,1,1,1785457576
2026-07-31T00:36:35Z,1086,8,7,12,1,0,1,1,1,1785457109
2026-07-31T00:36:35Z,1087,10,9,5,0,0,1,1,1,1785457577
2026-07-31T00:36:35Z,1088,10,7,5,0,0,1,1,1,1785456511
2026-07-31T00:36:35Z,1089,6,4,9,0,0,1,1,1,1785456889
2026-07-31T00:36:35Z,1090,8,7,7,0,0,1,1,1,1785457408
2026-07-31T00:36:35Z,1091,10,5,5,0,0,1,1,1,1785457320
2026-07-31T00:36:35Z,1092,9,9,5,1,0,1,1,1,1785456864
2026-07-31T00:36:35Z,1093,7,6,8,0,0,1,1,1,1785457235
2026-07-31T00:36:35Z,1094,11,9,8,0,0,1,1,1,1785458037
2026-07-31T00:36:35Z,1095,9,8,6,0,0,1,1,1,1785457200
2026-07-31T00:36:35Z,1096,6,3,12,1,0,1,1,1,1785456823
2026-07-31T00:36:35Z,1097,8,8,7,0,0,1,1,1,1785457048
2026-07-31T00:36:35Z,1098,9,7,10,0,0,1,1,1,1785457361
2026-07-31T00:36:35Z,1099,7,6,8,0,0,1,1,1,1785458111
2026-07-31T00:36:35Z,1100,5,1,24,0,0,1,1,1,1785452920
2026-07-31T00:36:35Z,1101,10,5,11,0,0,1,1,1,1785457979
2026-07-31T00:36:35Z,1102,8,3,5,0,0,1,1,1,1785457332
2026-07-31T00:36:35Z,1103,10,5,11,0,0,1,1,1,1785458054
2026-07-31T00:36:35Z,1104,10,5,11,0,0,1,1,1,1785457729
2026-07-31T00:36:35Z,1105,7,3,6,0,0,1,1,1,1785457226
2026-07-31T00:36:35Z,1106,13,7,8,0,0,1,1,1,1785458063
2026-07-31T00:36:35Z,1107,9,5,6,0,0,1,1,1,1785456600
2026-07-31T00:36:35Z,1108,7,3,17,3,0,1,1,1,1785457946
2026-07-31T00:36:35Z,1109,5,3,10,0,0,1,1,1,1785456563
2026-07-31T00:36:35Z,1110,8,0,13,0,0,1,1,1,1785457609
2026-07-31T00:36:35Z,1111,2,0,19,0,0,1,1,1,1785458157
2026-07-31T00:36:35Z,1112,48,0,5,0,0,1,1,1,1785457885
2026-07-31T00:36:35Z,1113,1,1,20,0,0,1,1,1,1785457600
2026-07-31T00:36:35Z,1115,20,7,2,1,0,1,1,1,1785456931
2026-07-31T00:36:35Z,1116,4,1,15,0,0,1,1,1,1785456475
2026-07-31T00:36:35Z,1117,3,0,20,0,0,1,1,1,1785456819
2026-07-31T00:36:35Z,1118,18,1,2,1,0,1,1,1,1785458046
2026-07-31T00:36:35Z,1119,13,2,4,0,0,1,1,1,1785457507
2026-07-31T00:36:35Z,1120,16,2,2,1,0,1,1,1,1785458145
2026-07-31T00:36:35Z,1121,7,5,12,2,0,1,1,1,1785458006
2026-07-31T00:36:35Z,1122,16,10,4,1,0,1,1,1,1785458180
2026-07-31T00:36:35Z,1123,4,0,17,2,0,1,1,1,1785457925
2026-07-31T00:36:35Z,1124,9,0,1,5,0,1,1,1,1785457505
2026-07-31T00:36:35Z,1125,14,0,9,0,0,1,1,1,1785457241
2026-07-31T00:36:35Z,1126,7,4,12,2,0,1,1,1,1785458036
2026-07-31T00:36:35Z,1127,5,2,14,0,0,1,1,1,1785456798
2026-07-31T00:36:35Z,1128,9,0,5,1,0,1,1,1,1785457274
2026-07-31T00:36:35Z,1129,0,0,21,0,0,1,1,1,1785458031
2026-07-31T00:36:35Z,1130,9,1,6,0,0,1,1,1,1785458119
2026-07-31T00:36:35Z,1131,3,0,45,1,0,1,1,1,1785457935
2026-07-31T00:36:35Z,1132,13,5,7,1,0,1,1,1,1785458079
2026-07-31T00:36:35Z,1133,8,4,11,2,0,1,1,1,1785458103
2026-07-31T00:36:35Z,1134,11,6,8,0,0,1,1,1,1785456971
2026-07-31T00:36:35Z,1135,10,5,11,0,0,1,1,1,1785457872
2026-07-31T00:36:35Z,1136,16,0,7,0,0,1,1,1,1785458098
2026-07-31T00:36:35Z,1137,7,0,8,0,0,1,1,1,1785456429
2026-07-31T00:36:35Z,1138,10,2,9,0,0,1,1,1,1785457860
2026-07-31T00:36:35Z,1139,11,3,9,1,0,1,1,1,1785458148
2026-07-31T00:36:35Z,1140,18,2,4,1,0,1,1,1,1785457915
2026-07-31T00:36:35Z,1141,4,3,16,1,0,1,1,1,1785458183
2026-07-31T00:36:35Z,1142,21,1,0,0,0,1,1,1,1785457106
2026-07-31T00:36:35Z,1143,16,0,13,0,0,1,1,1,1785458172
2026-07-31T00:36:35Z,1144,9,4,10,2,0,1,1,1,1785457064
2026-07-31T00:36:35Z,1145,12,6,8,1,0,1,1,1,1785456830
2026-07-31T00:36:35Z,1146,11,8,8,0,0,1,1,1,1785458112
2026-07-31T00:36:35Z,1147,2,0,17,0,0,1,1,1,1785457942
2026-07-31T00:36:35Z,1148,4,3,27,0,0,1,1,1,1785457758
2026-07-31T00:36:35Z,1149,3,3,18,4,0,1,1,1,1785457882
2026-07-31T00:36:35Z,1150,5,0,14,0,0,1,1,1,1785458060
2026-07-31T00:36:35Z,1151,1,0,20,0,0,1,1,1,1785457109
2026-07-31T00:36:35Z,1152,3,0,26,0,0,1,1,1,1785458139
2026-07-31T00:36:35Z,1153,11,0,10,2,0,1,1,1,1785458150
2026-07-31T00:36:35Z,1154,13,1,6,0,0,1,1,1,1785457753
2026-07-31T00:36:35Z,1155,11,6,8,2,0,1,1,1,1785458183
2026-07-31T00:36:35Z,1158,3,0,16,0,0,1,1,1,1785458185
2026-07-31T00:36:35Z,1159,11,0,8,0,0,1,1,1,1785456722
2026-07-31T00:36:35Z,1160,9,1,9,1,0,1,1,1,1785458133
2026-07-31T00:36:35Z,1161,5,1,13,1,0,1,1,1,1785456852
2026-07-31T00:36:35Z,1162,0,0,19,0,0,1,1,1,1785457108
2026-07-31T00:36:35Z,1163,1,1,17,1,0,1,1,1,1785456488
2026-07-31T00:36:35Z,1164,4,1,15,0,0,1,1,1,1785456547
2026-07-31T00:36:35Z,1165,8,1,13,0,0,1,1,1,1785457263
2026-07-31T00:36:35Z,1166,9,4,12,0,0,1,1,1,1785456765
2026-07-31T00:36:35Z,1167,4,0,11,0,0,1,1,1,1785458101
2026-07-31T00:36:35Z,1168,1,0,22,0,0,1,1,1,1785456704
2026-07-31T00:36:35Z,1169,3,0,15,1,0,1,1,1,1785456393
2026-07-31T00:36:35Z,1170,6,0,14,1,0,1,1,1,1785456746
2026-07-31T00:36:35Z,1171,6,6,16,1,0,1,1,1,1785456385
2026-07-31T00:36:35Z,1172,7,2,6,2,0,1,1,1,1785456680
2026-07-31T00:36:35Z,1173,10,3,9,0,0,1,1,1,1785456631
2026-07-31T00:36:35Z,1174,6,3,9,0,0,1,1,1,1785458165
2026-07-31T00:36:35Z,1175,7,3,12,0,0,1,1,1,1785456851
2026-07-31T00:36:35Z,1176,19,1,2,0,0,1,1,1,1785457642
2026-07-31T00:36:35Z,1177,3,1,18,0,0,1,1,1,1785457564
2026-07-31T00:36:35Z,1178,1,0,14,0,0,1,1,1,1785458170
2026-07-31T00:36:35Z,1181,11,0,2,2,0,1,1,1,1785457083
2026-07-31T00:36:35Z,1182,14,5,5,1,0,1,1,1,1785457915
2026-07-31T00:36:35Z,1183,4,0,39,2,0,1,1,1,1785458105
2026-07-31T00:36:35Z,1184,2,2,18,1,0,1,1,1,1785457740
2026-07-31T00:36:35Z,1185,10,5,11,0,0,1,1,1,1785457667
2026-07-31T00:36:35Z,1186,9,5,10,0,0,1,1,1,1785456902
2026-07-31T00:36:35Z,1187,11,6,9,1,0,1,1,1,1785457840
2026-07-31T00:36:35Z,1188,9,3,6,0,0,1,1,1,1785456610
2026-07-31T00:36:35Z,1189,10,5,9,0,0,1,1,1,1785456656
2026-07-31T00:36:35Z,1190,10,5,11,0,0,1,1,1,1785457849
2026-07-31T00:36:35Z,1191,10,5,5,0,0,1,1,1,1785456618
2026-07-31T00:36:35Z,1192,11,7,10,0,0,1,1,1,1785456400
2026-07-31T00:36:35Z,1193,6,4,5,2,0,1,1,1,1785457521
2026-07-31T00:36:35Z,1197,9,6,7,1,0,1,1,1,1785457396
2026-07-31T00:36:35Z,1198,14,4,5,2,0,1,1,1,1785456927
2026-07-31T00:36:35Z,1199,2,0,17,0,0,1,1,1,1785456960
2026-07-31T00:36:35Z,1200,10,5,5,0,0,1,1,1,1785456655
2026-07-31T00:36:35Z,1201,9,4,6,0,0,1,1,1,1785456632
2026-07-31T00:36:35Z,1202,10,5,5,0,0,1,1,1,1785456727
2026-07-31T00:36:35Z,1203,10,5,5,0,0,1,1,1,1785456622
2026-07-31T00:36:35Z,1204,7,3,11,1,0,1,1,1,1785458153
2026-07-31T00:36:35Z,1206,11,5,10,0,0,1,1,1,1785457354
2026-07-31T00:36:35Z,1207,10,5,5,0,0,1,1,1,1785456941
2026-07-31T00:36:35Z,1208,7,2,11,1,0,1,1,1,1785456819
2026-07-31T00:36:35Z,1216,7,0,13,1,0,1,1,1,1785457590
2026-07-31T00:36:35Z,1218,5,0,16,0,0,1,1,1,1785457986
2026-07-31T00:36:35Z,1219,7,2,7,1,0,1,1,1,1785457898
2026-07-31T00:36:35Z,1220,14,7,4,1,0,1,1,1,1785457771
2026-07-31T00:36:35Z,1221,2,2,19,0,0,1,1,1,1785457294
2026-07-31T00:36:35Z,1222,20,1,9,0,0,1,1,1,1785458156
2026-07-31T00:36:35Z,1223,19,2,8,2,0,1,1,1,1785458034
2026-07-31T00:36:35Z,1226,0,0,3,0,0,0,1,1,1781868931
2026-07-31T00:36:35Z,1227,15,2,10,0,0,1,1,1,1785458180
2026-07-31T00:36:35Z,1228,3,1,26,0,0,1,1,1,1785458174
2026-07-31T00:36:35Z,1229,45,1,0,0,0,1,1,1,1785458033
2026-07-31T00:41:35Z,1,1,0,22,0,0,1,1,1,1785458176
2026-07-31T00:41:35Z,2,22,0,3,2,0,1,1,1,1785458297
2026-07-31T00:41:35Z,3,3,0,10,1,0,1,1,1,1785458063
2026-07-31T00:41:35Z,4,21,1,0,1,0,1,1,1,1785456637
2026-07-31T00:41:35Z,5,8,3,15,0,0,1,1,1,1785456282
2026-07-31T00:41:35Z,6,11,1,4,0,0,1,1,1,1785457771
2026-07-31T00:41:35Z,7,8,0,31,0,0,1,1,1,1785457904
2026-07-31T00:41:35Z,8,3,0,40,0,0,1,1,1,1785455298
2026-07-31T00:41:35Z,9,10,1,11,2,0,1,1,1,1785458390
2026-07-31T00:41:35Z,10,0,0,21,2,0,1,1,1,1785458259
2026-07-31T00:41:35Z,11,5,0,13,1,0,1,1,1,1785458453
2026-07-31T00:41:35Z,12,16,0,7,0,0,1,1,1,1785458392
2026-07-31T00:41:35Z,13,18,2,12,0,0,1,1,1,1785456969
2026-07-31T00:41:35Z,14,35,0,7,0,1,1,1,1,1785457854
2026-07-31T00:41:35Z,15,7,0,8,0,0,1,1,1,1785458086
2026-07-31T00:41:35Z,16,8,0,15,3,1,1,1,1,1785458410
2026-07-31T00:41:35Z,17,24,0,2,1,0,1,1,1,1785458474
2026-07-31T00:41:35Z,18,14,0,2,2,0,1,1,1,1785458480
2026-07-31T00:41:35Z,19,5,2,21,1,0,1,1,1,1785458084
2026-07-31T00:41:35Z,20,22,0,13,0,0,1,1,1,1785458146
2026-07-31T00:41:35Z,21,14,0,5,0,0,1,1,1,1785458421
2026-07-31T00:41:35Z,22,39,0,25,1,0,1,1,1,1785458484
2026-07-31T00:41:35Z,23,23,4,8,0,0,1,1,1,1785458325
2026-07-31T00:41:35Z,24,10,2,0,1,0,1,1,1,1785458482
2026-07-31T00:41:35Z,25,75,1,3,3,0,1,1,1,1785458449
2026-07-31T00:41:35Z,26,7,0,20,0,0,1,1,1,1785456754
2026-07-31T00:41:35Z,28,2,0,13,0,0,1,1,1,1785458424
2026-07-31T00:41:35Z,30,11,1,16,2,0,1,1,1,1785458357
2026-07-31T00:41:35Z,31,2,0,15,2,0,1,1,1,1785458242
2026-07-31T00:41:35Z,32,19,4,8,0,0,1,1,1,1785458405
2026-07-31T00:41:35Z,34,23,1,14,0,0,1,1,1,1785458121
2026-07-31T00:41:35Z,35,47,0,0,0,0,1,1,1,1785458199
2026-07-31T00:41:35Z,36,0,0,0,0,0,0,1,1,86400
2026-07-31T00:41:35Z,37,18,1,5,0,0,1,1,1,1785458474
2026-07-31T00:41:35Z,38,7,0,16,0,0,1,1,1,1785458025
2026-07-31T00:41:35Z,39,21,0,18,0,0,1,1,1,1785458195
2026-07-31T00:41:35Z,40,10,1,9,2,0,1,1,1,1785458310
2026-07-31T00:41:35Z,41,7,1,35,1,0,1,1,1,1785458465
2026-07-31T00:41:35Z,42,25,4,6,0,0,1,1,1,1785458380
2026-07-31T00:41:35Z,43,2,0,20,1,0,1,1,1,1785458186
2026-07-31T00:41:35Z,45,6,1,22,1,0,1,1,1,1785458210
2026-07-31T00:41:35Z,46,6,2,25,0,0,1,1,1,1785458474
2026-07-31T00:41:35Z,47,13,2,1,1,0,1,1,1,1785458335
2026-07-31T00:41:35Z,48,13,0,14,0,0,1,1,1,1785458301
2026-07-31T00:41:35Z,49,0,0,19,4,0,1,1,1,1785458483
2026-07-31T00:41:35Z,50,1,0,18,0,0,1,1,1,1785457612
2026-07-31T00:41:35Z,51,44,2,33,0,0,1,1,1,1785458482
2026-07-31T00:41:35Z,52,4,0,20,3,0,1,1,1,1785458295
2026-07-31T00:41:35Z,55,1,0,22,0,0,1,1,1,1785458343
2026-07-31T00:41:35Z,56,1,1,42,0,0,1,1,1,1785457606
2026-07-31T00:41:35Z,57,8,1,19,0,0,1,1,1,1785458308
2026-07-31T00:41:35Z,58,0,0,27,1,0,1,1,1,1785457909
2026-07-31T00:41:35Z,59,2,1,23,2,0,1,1,1,1785458395
2026-07-31T00:41:35Z,61,17,1,22,0,0,1,1,1,1785458290
2026-07-31T00:41:35Z,62,15,15,32,2,0,1,1,1,1785458197
2026-07-31T00:41:35Z,63,1,0,18,0,0,1,1,1,1785458456
2026-07-31T00:41:35Z,64,15,0,0,4,0,1,1,1,1785458251
2026-07-31T00:41:35Z,65,14,5,4,1,0,1,1,1,1785457144
2026-07-31T00:41:35Z,67,1,1,38,0,0,1,1,1,1785458310
2026-07-31T00:41:35Z,68,5,0,32,0,0,1,1,1,1785458041
2026-07-31T00:41:35Z,69,1,0,12,2,0,1,1,1,1785457864
2026-07-31T00:41:35Z,71,5,2,21,1,0,1,1,1,1785458332
2026-07-31T00:41:35Z,72,12,5,18,1,0,1,1,1,1785458087
2026-07-31T00:41:35Z,73,5,1,26,0,0,1,1,1,1785458423
2026-07-31T00:41:35Z,74,5,2,14,0,0,1,1,1,1785458146
2026-07-31T00:41:35Z,75,0,0,30,2,0,1,1,1,1785456645
2026-07-31T00:41:35Z,76,1,0,17,1,0,1,1,1,1785458479
2026-07-31T00:41:35Z,77,8,0,18,1,0,1,1,1,1785458439
2026-07-31T00:41:35Z,78,2,1,21,0,0,1,1,1,1785458463
2026-07-31T00:41:35Z,79,2,1,14,1,0,1,1,1,1785458399
2026-07-31T00:41:35Z,80,18,1,2,3,0,1,1,1,1785458360
2026-07-31T00:41:35Z,81,9,0,22,0,0,1,1,1,1785458238
2026-07-31T00:41:35Z,82,1,1,22,0,0,1,1,1,1785458366
2026-07-31T00:41:35Z,83,8,2,24,2,0,1,1,1,1785458475
2026-07-31T00:41:35Z,84,9,5,18,0,0,1,1,1,1785458389
2026-07-31T00:41:35Z,85,6,1,9,0,0,1,1,1,1785458038
2026-07-31T00:41:35Z,86,2,1,24,1,0,1,1,1,1785458483
2026-07-31T00:41:35Z,87,3,0,16,0,0,1,1,1,1785457315
2026-07-31T00:41:35Z,88,4,1,38,1,0,1,1,1,1785458279
2026-07-31T00:41:35Z,89,35,0,0,0,0,1,1,1,1785456716
2026-07-31T00:41:35Z,90,12,1,5,1,0,1,1,1,1785458127
2026-07-31T00:41:35Z,91,9,1,8,0,0,1,1,1,1785458287
2026-07-31T00:41:35Z,92,6,0,11,2,0,1,1,1,1785458312
2026-07-31T00:41:35Z,93,22,0,1,0,0,1,1,1,1785458451
2026-07-31T00:41:35Z,94,6,0,12,1,0,1,1,1,1785458346
2026-07-31T00:41:35Z,95,11,1,22,1,1,1,1,1,1785458476
2026-07-31T00:41:35Z,96,0,0,30,1,0,1,1,1,1785457756
2026-07-31T00:41:35Z,97,16,0,0,1,0,1,1,1,1785458450
2026-07-31T00:41:35Z,98,18,8,17,0,0,1,1,1,1785458049
2026-07-31T00:41:35Z,99,15,0,0,0,0,1,1,1,1785458366
2026-07-31T00:41:35Z,100,27,1,0,0,0,1,1,1,1785456103
2026-07-31T00:41:35Z,101,14,1,0,1,0,1,1,1,1785457984
2026-07-31T00:41:35Z,102,22,1,1,0,0,1,1,1,1785458155
2026-07-31T00:41:35Z,103,28,2,0,2,0,1,1,1,1785457678
2026-07-31T00:41:35Z,104,23,0,2,2,0,1,1,1,1785458485
2026-07-31T00:41:35Z,105,15,0,4,0,0,1,1,1,1785457962
2026-07-31T00:41:35Z,106,1,0,20,0,0,1,1,1,1785457730
2026-07-31T00:41:35Z,107,37,0,0,0,0,1,1,1,1785457987
2026-07-31T00:41:35Z,108,32,1,2,1,0,1,1,1,1785458447
2026-07-31T00:41:35Z,109,17,2,6,0,0,1,1,1,1785458194
2026-07-31T00:41:35Z,110,7,1,16,0,0,1,1,1,1785458201
2026-07-31T00:41:35Z,111,8,0,28,0,0,1,1,1,1785458311
2026-07-31T00:41:35Z,112,11,0,3,1,0,1,1,1,1785458463
2026-07-31T00:41:35Z,113,18,2,0,1,0,1,1,1,1785458288
2026-07-31T00:41:35Z,114,1,1,28,1,1,1,1,1,1785458306
2026-07-31T00:41:35Z,115,1,0,24,3,0,1,1,1,1785458479
2026-07-31T00:41:35Z,116,9,6,18,0,0,1,1,1,1785458114
2026-07-31T00:41:35Z,118,19,12,1,3,0,1,1,1,1785457695
2026-07-31T00:41:35Z,119,2,0,33,3,0,1,1,1,1785458331
2026-07-31T00:41:35Z,120,9,3,17,1,0,1,1,1,1785458011
2026-07-31T00:41:35Z,121,2,0,16,0,1,1,1,1,1785458410
2026-07-31T00:41:35Z,122,9,0,11,1,0,1,1,1,1785458392
2026-07-31T00:41:35Z,123,21,1,26,0,0,1,1,1,1785458372
2026-07-31T00:41:35Z,124,26,13,8,1,0,1,1,1,1785458228
2026-07-31T00:41:35Z,125,1,0,22,0,0,1,1,1,1785458236
2026-07-31T00:41:35Z,126,9,1,22,0,0,1,1,1,1785458475
2026-07-31T00:41:35Z,127,4,2,30,1,0,1,1,1,1785458450
2026-07-31T00:41:35Z,128,11,10,6,2,0,1,1,1,1785458336
2026-07-31T00:41:35Z,129,9,3,9,1,0,1,1,1,1785458123
2026-07-31T00:41:35Z,130,4,0,13,0,0,1,1,1,1785457733
2026-07-31T00:41:35Z,131,5,3,4,2,0,1,1,1,1785456847
2026-07-31T00:41:35Z,132,1,0,13,0,1,1,1,1,1785458305
2026-07-31T00:41:35Z,134,6,5,15,2,0,1,1,1,1785458445
2026-07-31T00:41:35Z,135,6,1,12,1,0,1,1,1,1785458265
2026-07-31T00:41:35Z,136,19,4,4,0,0,1,1,1,1785458175
2026-07-31T00:41:35Z,137,4,4,14,1,0,1,1,1,1785458469
2026-07-31T00:41:35Z,138,21,4,16,0,0,1,1,1,1785457719
2026-07-31T00:41:35Z,139,10,5,7,2,0,1,1,1,1785458482
2026-07-31T00:41:35Z,140,9,6,13,1,0,1,1,1,1785458481
2026-07-31T00:41:35Z,141,11,7,25,0,0,1,1,1,1785457983
2026-07-31T00:41:35Z,142,10,2,13,0,0,1,1,1,1785458127
2026-07-31T00:41:35Z,143,13,5,18,0,0,1,1,1,1785458265
2026-07-31T00:41:35Z,144,21,2,6,0,0,1,1,1,1785457330
2026-07-31T00:41:35Z,145,23,7,5,1,0,1,1,1,1785458416
2026-07-31T00:41:35Z,146,6,2,16,1,0,1,1,1,1785458476
2026-07-31T00:41:35Z,147,1,0,16,2,0,1,1,1,1785458235
2026-07-31T00:41:35Z,148,5,3,22,0,0,1,1,1,1785458349
2026-07-31T00:41:35Z,149,0,0,27,0,0,1,1,1,1785458232
2026-07-31T00:41:35Z,150,24,7,9,2,0,1,1,1,1785458474
2026-07-31T00:41:35Z,151,10,2,13,0,0,1,1,1,1785458287
2026-07-31T00:41:35Z,152,19,1,5,3,0,1,1,1,1785458479
2026-07-31T00:41:35Z,153,0,0,0,30,1,1,1,1,1785458474
2026-07-31T00:41:35Z,154,15,1,5,3,0,1,1,1,1785458362
2026-07-31T00:41:35Z,155,11,4,2,1,0,1,1,1,1785458483
2026-07-31T00:41:35Z,156,16,1,3,0,0,1,1,1,1785457680
2026-07-31T00:41:35Z,157,7,1,18,2,0,1,1,1,1785458364
2026-07-31T00:41:35Z,158,1,0,15,0,0,1,1,1,1785457417
2026-07-31T00:41:35Z,159,6,0,13,0,0,1,1,1,1785458485
2026-07-31T00:41:35Z,160,5,2,14,0,0,1,1,1,1785458240
2026-07-31T00:41:35Z,161,12,1,10,0,0,1,1,1,1785458327
2026-07-31T00:41:35Z,162,8,7,16,3,0,1,1,1,1785458323
2026-07-31T00:41:35Z,163,10,0,20,0,1,1,1,1,1785458296
2026-07-31T00:41:35Z,164,26,5,1,0,0,1,1,1,1785458287
2026-07-31T00:41:35Z,165,30,6,0,1,0,1,1,1,1785458270
2026-07-31T00:41:35Z,166,20,7,15,4,0,1,1,1,1785458479
2026-07-31T00:41:35Z,167,11,5,11,1,0,1,1,1,1785458090
2026-07-31T00:41:35Z,168,7,2,19,1,0,1,1,1,1785458476
2026-07-31T00:41:35Z,169,16,4,6,0,1,1,1,1,1785458460
2026-07-31T00:41:35Z,170,3,3,15,1,0,1,1,1,1785458080
2026-07-31T00:41:35Z,171,7,1,4,2,0,1,1,1,1785458358
2026-07-31T00:41:35Z,173,36,4,3,0,0,1,1,1,1785458412
2026-07-31T00:41:35Z,174,15,0,8,3,0,1,1,1,1785457692
2026-07-31T00:41:35Z,175,29,0,2,0,0,1,1,1,1785458280
2026-07-31T00:41:35Z,176,10,3,1,4,0,1,1,1,1785458339
2026-07-31T00:41:35Z,177,22,10,5,0,0,1,1,1,1785458219
2026-07-31T00:41:35Z,178,12,3,0,2,1,1,1,1,1785458483
2026-07-31T00:41:35Z,179,12,4,2,1,0,1,1,1,1785458463
2026-07-31T00:41:35Z,180,28,1,2,0,0,1,1,1,1785458479
2026-07-31T00:41:35Z,181,2,1,12,1,0,1,1,1,1785458352
2026-07-31T00:41:35Z,182,4,2,13,0,0,1,1,1,1785458466
2026-07-31T00:41:35Z,183,10,3,13,0,0,1,1,1,1785458423
2026-07-31T00:41:35Z,184,8,2,14,1,0,1,1,1,1785458309
2026-07-31T00:41:35Z,185,3,0,10,1,1,1,1,1,1785458374
2026-07-31T00:41:35Z,186,3,2,16,0,0,1,1,1,1785458429
2026-07-31T00:41:35Z,187,24,2,3,1,0,1,1,1,1785458480
2026-07-31T00:41:35Z,188,19,0,0,8,0,1,1,1,1785458455
2026-07-31T00:41:35Z,189,1,0,14,0,0,1,1,1,1785458372
2026-07-31T00:41:35Z,190,9,5,14,0,0,1,1,1,1785458236
2026-07-31T00:41:35Z,191,1,0,38,0,0,1,1,1,1785458334
2026-07-31T00:41:35Z,192,8,5,19,4,0,1,1,1,1785458198
2026-07-31T00:41:35Z,193,10,5,3,2,0,1,1,1,1785458318
2026-07-31T00:41:35Z,194,0,0,26,1,0,1,1,1,1785458148
2026-07-31T00:41:35Z,195,4,3,15,0,0,1,1,1,1785458174
2026-07-31T00:41:35Z,196,15,7,9,3,0,1,1,1,1785458311
2026-07-31T00:41:35Z,197,1,0,17,0,1,1,1,1,1785458215
2026-07-31T00:41:35Z,198,15,13,8,0,0,1,1,1,1785458444
2026-07-31T00:41:35Z,199,11,8,3,1,0,1,1,1,1785458394
2026-07-31T00:41:35Z,200,14,7,12,0,0,1,1,1,1785458322
2026-07-31T00:41:35Z,201,5,1,18,0,0,1,1,1,1785458473
2026-07-31T00:41:35Z,202,21,1,6,0,0,1,1,1,1785458060
2026-07-31T00:41:35Z,203,18,0,12,1,0,1,1,1,1785458112
2026-07-31T00:41:35Z,204,18,1,14,3,0,1,1,1,1785457943
2026-07-31T00:41:35Z,205,8,2,19,0,0,1,1,1,1785458113
2026-07-31T00:41:35Z,206,6,6,8,1,0,1,1,1,1785458418
2026-07-31T00:41:35Z,207,21,0,0,0,0,1,1,1,1785458185
2026-07-31T00:41:35Z,208,2,1,27,0,0,1,1,1,1785458321
2026-07-31T00:41:35Z,209,15,3,14,2,0,1,1,1,1785458476
2026-07-31T00:41:35Z,210,1,1,25,1,0,1,1,1,1785457941
2026-07-31T00:41:35Z,211,2,2,20,1,0,1,1,1,1785457394
2026-07-31T00:41:35Z,212,25,2,9,1,0,1,1,1,1785458338
2026-07-31T00:41:35Z,213,22,2,0,1,0,1,1,1,1785458294
2026-07-31T00:41:35Z,214,9,8,30,8,0,1,1,1,1785458480
2026-07-31T00:41:35Z,215,3,2,20,0,0,1,1,1,1785458434
2026-07-31T00:41:35Z,216,4,0,14,1,0,1,1,1,1785458341
2026-07-31T00:41:35Z,217,23,0,5,1,0,1,1,1,1785458306
2026-07-31T00:41:35Z,218,7,7,27,5,0,1,1,1,1785458374
2026-07-31T00:41:35Z,219,25,0,0,1,0,1,1,1,1785456704
2026-07-31T00:41:35Z,220,20,17,20,2,1,1,1,1,1785458480
2026-07-31T00:41:35Z,221,9,7,5,1,0,1,1,1,1785458447
2026-07-31T00:41:35Z,222,17,10,1,1,0,1,1,1,1785458425
2026-07-31T00:41:35Z,223,3,0,30,2,0,1,1,1,1785458414
2026-07-31T00:41:35Z,224,17,16,4,1,0,1,1,1,1785458450
2026-07-31T00:41:35Z,225,10,0,4,5,0,1,1,1,1785458007
2026-07-31T00:41:35Z,226,18,7,13,0,0,1,1,1,1785457980
2026-07-31T00:41:35Z,227,13,8,12,1,1,1,1,1,1785458467
2026-07-31T00:41:35Z,228,11,8,8,0,0,1,1,1,1785458291
2026-07-31T00:41:35Z,230,25,3,1,0,0,1,1,1,1785458012
2026-07-31T00:41:35Z,232,7,2,9,1,0,1,1,1,1785457852
2026-07-31T00:41:35Z,233,24,5,6,1,0,1,1,1,1785458217
2026-07-31T00:41:35Z,234,6,3,8,4,1,1,1,1,1785458476
2026-07-31T00:41:35Z,236,2,0,17,0,0,1,1,1,1785458427
2026-07-31T00:41:35Z,237,4,0,18,1,0,1,1,1,1785457620
2026-07-31T00:41:35Z,239,18,11,7,2,0,1,1,1,1785458251
2026-07-31T00:41:35Z,241,8,5,15,0,0,1,1,1,1785458181
2026-07-31T00:41:35Z,242,2,2,20,1,0,1,1,1,1785458195
2026-07-31T00:41:35Z,243,8,6,20,3,0,1,1,1,1785458453
2026-07-31T00:41:35Z,244,1,1,25,1,0,1,1,1,1785458377
2026-07-31T00:41:35Z,245,13,13,9,1,0,1,1,1,1785458158
2026-07-31T00:41:35Z,246,6,1,17,0,0,1,1,1,1785458439
2026-07-31T00:41:35Z,247,14,10,9,0,0,1,1,1,1785458457
2026-07-31T00:41:35Z,248,1,1,19,3,0,1,1,1,1785457791
2026-07-31T00:41:35Z,249,6,3,13,0,0,1,1,1,1785457994
2026-07-31T00:41:35Z,250,5,1,20,2,0,1,1,1,1785458391
2026-07-31T00:41:35Z,251,10,9,16,1,0,1,1,1,1785458121
2026-07-31T00:41:35Z,253,2,2,16,1,0,1,1,1,1785458094
2026-07-31T00:41:35Z,254,16,10,26,1,0,1,1,1,1785458242
2026-07-31T00:41:35Z,255,2,1,20,0,1,1,1,1,1785458311
2026-07-31T00:41:35Z,256,9,7,13,1,0,1,1,1,1785458433
2026-07-31T00:41:35Z,257,8,5,9,2,0,1,1,1,1785458368
2026-07-31T00:41:35Z,258,7,7,11,1,0,1,1,1,1785458214
2026-07-31T00:41:35Z,259,14,1,8,0,1,1,1,1,1785458391
2026-07-31T00:41:35Z,260,5,1,13,1,0,1,1,1,1785458354
2026-07-31T00:41:35Z,261,11,1,6,1,1,1,1,1,1785458033
2026-07-31T00:41:35Z,262,16,2,7,0,0,1,1,1,1785458215
2026-07-31T00:41:35Z,263,12,3,3,0,0,1,1,1,1785458306
2026-07-31T00:41:35Z,264,7,0,11,1,0,1,1,1,1785458324
2026-07-31T00:41:35Z,265,11,2,4,0,0,1,1,1,1785458218
2026-07-31T00:41:35Z,266,10,6,9,0,0,1,1,1,1785458480
2026-07-31T00:41:35Z,267,4,0,9,2,0,1,1,1,1785456188
2026-07-31T00:41:35Z,268,17,7,6,0,0,1,1,1,1785458423
2026-07-31T00:41:35Z,269,7,1,16,0,0,1,1,1,1785458464
2026-07-31T00:41:35Z,270,24,2,2,1,0,1,1,1,1785458385
2026-07-31T00:41:35Z,271,3,1,14,2,0,1,1,1,1785457753
2026-07-31T00:41:35Z,272,12,8,11,0,0,1,1,1,1785458259
2026-07-31T00:41:35Z,273,7,3,8,0,0,1,1,1,1785457158
2026-07-31T00:41:35Z,274,12,4,7,0,0,1,1,1,1785457909
2026-07-31T00:41:35Z,275,8,0,15,0,0,1,1,1,1785458377
2026-07-31T00:41:35Z,276,1,0,26,0,0,1,1,1,1785458333
2026-07-31T00:41:35Z,277,0,0,19,4,0,1,1,1,1785458483
2026-07-31T00:41:35Z,278,3,2,26,1,1,1,1,1,1785458326
2026-07-31T00:41:35Z,279,6,6,13,0,0,1,1,1,1785458447
2026-07-31T00:41:35Z,280,1,0,28,2,0,1,1,1,1785458386
2026-07-31T00:41:35Z,281,18,1,1,0,0,1,1,1,1785458482
2026-07-31T00:41:35Z,282,1,0,16,1,0,1,1,1,1785454029
2026-07-31T00:41:35Z,283,21,0,14,0,0,1,1,1,1785458460
2026-07-31T00:41:35Z,284,17,1,15,3,0,1,1,1,1785457768
2026-07-31T00:41:35Z,285,2,0,21,0,0,1,1,1,1785458471
2026-07-31T00:41:35Z,286,17,10,4,2,0,1,1,1,1785458481
2026-07-31T00:41:35Z,287,15,2,6,2,0,1,1,1,1785458235
2026-07-31T00:41:35Z,288,9,6,10,0,0,1,1,1,1785458439
2026-07-31T00:41:35Z,289,8,3,17,2,0,1,1,1,1785458213
2026-07-31T00:41:35Z,290,24,1,13,2,0,1,1,1,1785458231
2026-07-31T00:41:35Z,291,5,0,17,1,0,1,1,1,1785458394
2026-07-31T00:41:35Z,292,0,0,23,0,0,1,1,1,1785457343
2026-07-31T00:41:35Z,293,15,8,6,2,0,1,1,1,1785458406
2026-07-31T00:41:35Z,294,8,3,10,4,0,1,1,1,1785458391
2026-07-31T00:41:35Z,297,9,0,7,2,1,1,1,1,1785458364
2026-07-31T00:41:35Z,301,13,0,5,1,0,1,1,1,1785458463
2026-07-31T00:41:35Z,302,11,0,11,1,0,1,1,1,1785457101
2026-07-31T00:41:35Z,303,4,0,15,0,0,1,1,1,1785458446
2026-07-31T00:41:35Z,304,0,0,0,0,0,0,1,1,86400
2026-07-31T00:41:35Z,305,17,0,0,2,0,1,1,1,1785458482
2026-07-31T00:41:35Z,306,3,0,29,0,0,1,1,1,1785458314
2026-07-31T00:41:35Z,307,17,3,6,0,0,1,1,1,1785458337
2026-07-31T00:41:35Z,308,13,1,4,2,0,1,1,1,1785458292
2026-07-31T00:41:35Z,309,2,0,11,1,0,1,1,1,1785458111
2026-07-31T00:41:35Z,311,10,0,5,0,0,1,1,1,1785458360
2026-07-31T00:41:35Z,312,2,2,17,3,1,1,1,1,1785458398
2026-07-31T00:41:35Z,313,6,0,9,0,0,1,1,1,1785457649
2026-07-31T00:41:35Z,314,4,4,11,3,0,1,1,1,1785458082
2026-07-31T00:41:35Z,315,25,14,3,3,0,1,1,1,1785457824
2026-07-31T00:41:35Z,316,13,2,11,6,1,1,1,1,1785458463
2026-07-31T00:41:35Z,317,1,0,28,1,1,1,1,1,1785458422
2026-07-31T00:41:35Z,318,13,0,6,0,0,1,1,1,1785456267
2026-07-31T00:41:35Z,319,7,2,15,1,0,1,1,1,1785458431
2026-07-31T00:41:35Z,320,3,0,15,1,0,1,1,1,1785456989
2026-07-31T00:41:35Z,321,9,0,8,2,0,1,1,1,1785456753
2026-07-31T00:41:35Z,322,10,0,17,2,0,1,1,1,1785458463
2026-07-31T00:41:35Z,323,12,1,7,0,0,1,1,1,1785457490
2026-07-31T00:41:35Z,324,0,0,25,2,0,1,1,1,1785458476
2026-07-31T00:41:35Z,325,4,1,21,2,0,1,1,1,1785458330
2026-07-31T00:41:35Z,327,20,2,7,0,0,1,1,1,1785458355
2026-07-31T00:41:35Z,328,20,1,1,1,0,1,1,1,1785457860
2026-07-31T00:41:35Z,329,8,1,11,0,0,1,1,1,1785456953
2026-07-31T00:41:35Z,330,1,0,21,0,0,1,1,1,1785458347
2026-07-31T00:41:35Z,331,19,1,2,2,0,1,1,1,1785457881
2026-07-31T00:41:35Z,332,5,2,13,1,0,1,1,1,1785457143
2026-07-31T00:41:35Z,333,10,4,12,1,0,1,1,1,1785458480
2026-07-31T00:41:35Z,334,9,3,14,0,0,1,1,1,1785458360
2026-07-31T00:41:35Z,335,0,0,21,1,1,1,1,1,1785458070
2026-07-31T00:41:35Z,336,3,0,16,0,0,1,1,1,1785457696
2026-07-31T00:41:35Z,337,14,0,5,4,0,1,1,1,1785458240
2026-07-31T00:41:35Z,338,3,2,16,0,0,1,1,1,1785458044
2026-07-31T00:41:35Z,339,4,3,19,0,0,1,1,1,1785458353
2026-07-31T00:41:35Z,340,2,1,12,1,0,1,1,1,1785458243
2026-07-31T00:41:35Z,341,6,1,13,0,0,1,1,1,1785457554
2026-07-31T00:41:35Z,342,8,5,7,0,0,1,1,1,1785457917
2026-07-31T00:41:35Z,343,1,0,21,1,0,1,1,1,1785458251
2026-07-31T00:41:35Z,344,16,3,7,0,0,1,1,1,1785457962
2026-07-31T00:41:35Z,345,15,2,4,0,0,1,1,1,1785458457
2026-07-31T00:41:35Z,346,5,4,18,0,0,1,1,1,1785458479
2026-07-31T00:41:35Z,347,14,3,25,5,0,1,1,1,1785458474
2026-07-31T00:41:35Z,348,14,0,8,0,1,1,1,1,1785458247
2026-07-31T00:41:35Z,349,4,0,15,0,0,1,1,1,1785458420
2026-07-31T00:41:35Z,350,10,1,14,2,1,1,1,1,1785458480
2026-07-31T00:41:35Z,351,6,1,13,4,0,1,1,1,1785458172
2026-07-31T00:41:35Z,355,2,1,21,0,0,1,1,1,1785458362
2026-07-31T00:41:35Z,356,10,0,9,0,0,1,1,1,1785458446
2026-07-31T00:41:35Z,357,2,2,17,0,0,1,1,1,1785457515
2026-07-31T00:41:35Z,358,9,0,18,0,0,1,1,1,1785458373
2026-07-31T00:41:35Z,359,20,1,6,1,0,1,1,1,1785458445
2026-07-31T00:41:35Z,360,6,3,13,0,0,1,1,1,1785458011
2026-07-31T00:41:35Z,362,7,4,11,1,0,1,1,1,1785458483
2026-07-31T00:41:35Z,363,13,0,14,0,0,1,1,1,1785457924
2026-07-31T00:41:35Z,364,9,2,10,0,0,1,1,1,1785458302
2026-07-31T00:41:35Z,365,3,1,16,4,0,1,1,1,1785458435
2026-07-31T00:41:35Z,366,8,2,11,4,0,1,1,1,1785458455
2026-07-31T00:41:35Z,367,15,8,2,2,0,1,1,1,1785456624
2026-07-31T00:41:35Z,368,11,4,11,1,0,1,1,1,1785458227
2026-07-31T00:41:35Z,370,5,5,22,0,0,1,1,1,1785458122
2026-07-31T00:41:35Z,371,10,5,7,2,0,1,1,1,1785458237
2026-07-31T00:41:35Z,372,1,1,14,0,0,1,1,1,1785458091
2026-07-31T00:41:35Z,373,14,5,13,0,0,1,1,1,1785457540
2026-07-31T00:41:35Z,374,4,3,13,2,0,1,1,1,1785458199
2026-07-31T00:41:35Z,375,13,0,11,3,0,1,1,1,1785457655
2026-07-31T00:41:35Z,376,26,1,10,3,0,1,1,1,1785458396
2026-07-31T00:41:35Z,377,4,0,19,4,0,1,1,1,1785457016
2026-07-31T00:41:35Z,378,12,2,9,2,1,1,1,1,1785458448
2026-07-31T00:41:35Z,379,15,0,11,1,0,1,1,1,1785458394
2026-07-31T00:41:35Z,380,6,2,17,0,0,1,1,1,1785458207
2026-07-31T00:41:35Z,381,19,1,4,1,0,1,1,1,1785458467
2026-07-31T00:41:35Z,383,13,1,1,1,0,1,1,1,1785458333
2026-07-31T00:41:35Z,384,26,3,0,1,0,1,1,1,1785457193
2026-07-31T00:41:35Z,385,1,0,14,3,0,1,1,1,1785458393
2026-07-31T00:41:35Z,387,5,0,18,0,0,1,1,1,1785458052
2026-07-31T00:41:35Z,388,16,1,32,1,0,1,1,1,1785458436
2026-07-31T00:41:35Z,389,5,5,10,0,0,1,1,1,1785458136
2026-07-31T00:41:35Z,390,21,2,14,0,0,1,1,1,1785458012
2026-07-31T00:41:35Z,391,5,0,10,0,0,1,1,1,1785458226
2026-07-31T00:41:35Z,392,1,1,17,1,0,1,1,1,1785458399
2026-07-31T00:41:35Z,393,0,0,9,2,0,1,1,1,1785457581
2026-07-31T00:41:35Z,394,0,0,11,2,0,1,1,1,1785454721
2026-07-31T00:41:35Z,396,17,14,22,3,0,1,1,1,1785458483
2026-07-31T00:41:35Z,397,3,3,28,0,0,1,1,1,1785457663
2026-07-31T00:41:35Z,399,12,0,3,2,0,1,1,1,1785458340
2026-07-31T00:41:35Z,400,11,6,10,2,0,1,1,1,1785458352
2026-07-31T00:41:35Z,401,2,0,28,9,0,1,1,1,1785457900
2026-07-31T00:41:35Z,403,9,2,20,2,0,1,1,1,1785458191
2026-07-31T00:41:35Z,404,8,3,15,0,0,1,1,1,1785458413
2026-07-31T00:41:35Z,406,32,1,2,1,0,1,1,1,1785458368
2026-07-31T00:41:35Z,407,6,0,27,1,0,1,1,1,1785457767
2026-07-31T00:41:35Z,408,0,0,33,0,0,1,1,1,1785458253
2026-07-31T00:41:35Z,409,15,1,5,3,0,1,1,1,1785458465
2026-07-31T00:41:35Z,413,8,2,14,1,0,1,1,1,1785457906
2026-07-31T00:41:35Z,414,13,2,2,0,0,1,1,1,1785457468
2026-07-31T00:41:35Z,417,3,3,16,0,0,1,1,1,1785457927
2026-07-31T00:41:35Z,418,0,0,14,1,0,1,1,1,1785456376
2026-07-31T00:41:35Z,419,14,2,8,1,0,1,1,1,1785458102
2026-07-31T00:41:35Z,421,17,1,2,0,0,1,1,1,1785458015
2026-07-31T00:41:35Z,422,6,1,20,1,0,1,1,1,1785458483
2026-07-31T00:41:35Z,423,5,0,17,1,0,1,1,1,1785458315
2026-07-31T00:41:35Z,424,0,0,13,2,0,1,1,1,1785457743
2026-07-31T00:41:35Z,425,0,0,21,0,1,1,1,1,1785457769
2026-07-31T00:41:35Z,426,11,2,23,3,0,1,1,1,1785458074
2026-07-31T00:41:35Z,427,2,0,12,1,0,1,1,1,1785458362
2026-07-31T00:41:35Z,428,16,4,2,1,0,1,1,1,1785458386
2026-07-31T00:41:35Z,429,5,1,14,4,0,1,1,1,1785458483
2026-07-31T00:41:35Z,430,8,1,22,1,0,1,1,1,1785457839
2026-07-31T00:41:35Z,431,15,2,16,2,0,1,1,1,1785458440
2026-07-31T00:41:35Z,432,26,2,4,1,0,1,1,1,1785458451
2026-07-31T00:41:35Z,433,8,3,13,2,0,1,1,1,1785457682
2026-07-31T00:41:35Z,437,18,9,0,1,0,1,1,1,1785458041
2026-07-31T00:41:35Z,438,1,0,17,1,0,1,1,1,1785458376
2026-07-31T00:41:35Z,439,7,2,8,0,0,1,1,1,1785457814
2026-07-31T00:41:35Z,440,3,1,10,2,0,1,1,1,1785458290
2026-07-31T00:41:35Z,441,1,0,14,0,0,1,1,1,1785458319
2026-07-31T00:41:35Z,442,12,5,6,1,0,1,1,1,1785458169
2026-07-31T00:41:35Z,443,3,0,24,0,0,1,1,1,1785456698
2026-07-31T00:41:35Z,444,2,1,21,0,0,1,1,1,1785455134
2026-07-31T00:41:35Z,445,7,2,15,1,0,1,1,1,1785458281
2026-07-31T00:41:35Z,446,2,2,20,1,0,1,1,1,1785457589
2026-07-31T00:41:35Z,447,1,0,20,1,1,1,1,1,1785441257
2026-07-31T00:41:35Z,448,10,2,3,1,1,1,1,1,1785458258
2026-07-31T00:41:35Z,452,3,1,15,1,0,1,1,1,1785458482
2026-07-31T00:41:35Z,453,2,0,12,1,0,1,1,1,1785458221
2026-07-31T00:41:35Z,454,1,0,18,0,0,1,1,1,1785456768
2026-07-31T00:41:35Z,455,0,0,39,0,0,1,1,1,1785457539
2026-07-31T00:41:35Z,456,16,7,3,1,0,1,1,1,1785458290
2026-07-31T00:41:35Z,457,16,1,9,2,0,1,1,1,1785458311
2026-07-31T00:41:35Z,458,7,3,16,0,0,1,1,1,1785458160
2026-07-31T00:41:35Z,459,11,0,4,0,0,1,1,1,1785458362
2026-07-31T00:41:35Z,460,11,1,11,1,0,1,1,1,1785457757
2026-07-31T00:41:35Z,461,5,1,13,1,0,1,1,1,1785457431
2026-07-31T00:41:35Z,462,4,0,17,0,0,1,1,1,1785458443
2026-07-31T00:41:35Z,463,12,2,7,0,0,1,1,1,1785458228
2026-07-31T00:41:35Z,464,0,0,14,0,0,1,1,1,1785458318
2026-07-31T00:41:35Z,465,1,1,14,0,0,1,1,1,1785458247
2026-07-31T00:41:35Z,466,9,3,5,1,0,1,1,1,1785458161
2026-07-31T00:41:35Z,467,2,0,17,0,0,1,1,1,1785458107
2026-07-31T00:41:35Z,468,15,0,3,1,0,1,1,1,1785458470
2026-07-31T00:41:35Z,469,2,0,20,1,0,1,1,1,1785458104
2026-07-31T00:41:35Z,470,8,0,6,1,0,1,1,1,1785458296
2026-07-31T00:41:35Z,471,21,1,6,0,0,1,1,1,1785458417
2026-07-31T00:41:35Z,472,8,3,10,1,0,1,1,1,1785458338
2026-07-31T00:41:35Z,473,6,3,11,2,0,1,1,1,1785458466
2026-07-31T00:41:35Z,474,4,1,14,1,0,1,1,1,1785458476
2026-07-31T00:41:35Z,475,1,0,18,0,0,1,1,1,1785458467
2026-07-31T00:41:35Z,477,5,1,10,0,0,1,1,1,1785458038
2026-07-31T00:41:35Z,478,22,2,8,1,0,1,1,1,1785458331
2026-07-31T00:41:35Z,479,10,1,16,1,0,1,1,1,1785458455
2026-07-31T00:41:35Z,480,3,0,9,3,0,1,1,1,1785457824
2026-07-31T00:41:35Z,481,14,0,19,2,0,1,1,1,1785458394
2026-07-31T00:41:35Z,482,3,0,15,1,0,1,1,1,1785458280
2026-07-31T00:41:35Z,483,15,2,9,3,0,1,1,1,1785458258
2026-07-31T00:41:35Z,484,3,0,16,0,0,1,1,1,1785457934
2026-07-31T00:41:35Z,485,9,6,7,2,1,1,1,1,1785458385
2026-07-31T00:41:35Z,486,4,0,21,2,0,1,1,1,1785458295
2026-07-31T00:41:35Z,487,2,0,16,1,0,1,1,1,1785458331
2026-07-31T00:41:35Z,489,5,4,10,0,0,1,1,1,1785458352
2026-07-31T00:41:35Z,490,3,1,13,0,0,1,1,1,1785458352
2026-07-31T00:41:35Z,491,18,2,3,0,0,1,1,1,1785458133
2026-07-31T00:41:35Z,492,3,3,4,4,0,1,1,1,1785458481
2026-07-31T00:41:35Z,493,0,0,26,1,0,1,1,1,1785457299
2026-07-31T00:41:35Z,495,11,3,3,1,0,1,1,1,1785457121
2026-07-31T00:41:35Z,496,23,4,4,0,0,1,1,1,1785458195
2026-07-31T00:41:35Z,497,2,0,16,1,0,1,1,1,1785458484
2026-07-31T00:41:35Z,498,5,4,17,1,0,1,1,1,1785457882
2026-07-31T00:41:35Z,499,5,2,13,1,0,1,1,1,1785457596
2026-07-31T00:41:35Z,500,9,7,2,4,0,1,1,1,1785458375
2026-07-31T00:41:35Z,501,1,1,19,1,0,1,1,1,1785457973
2026-07-31T00:41:35Z,502,0,0,19,0,0,1,1,1,1785458234
2026-07-31T00:41:35Z,503,18,0,12,1,0,1,1,1,1785457886
2026-07-31T00:41:35Z,504,10,1,28,1,0,1,1,1,1785458268
2026-07-31T00:41:35Z,505,3,0,8,1,0,1,1,1,1785457583
2026-07-31T00:41:35Z,511,1,0,22,0,0,1,1,1,1785458170
2026-07-31T00:41:35Z,512,6,0,21,0,0,1,1,1,1785457271
2026-07-31T00:41:35Z,514,9,1,0,2,0,1,1,1,1785457909
2026-07-31T00:41:35Z,515,4,0,15,0,0,1,1,1,1785457241
2026-07-31T00:41:35Z,516,7,1,20,0,0,1,1,1,1785458358
2026-07-31T00:41:35Z,517,9,0,13,1,0,1,1,1,1785458374
2026-07-31T00:41:35Z,518,12,3,2,1,0,1,1,1,1785458312
2026-07-31T00:41:35Z,519,3,2,15,1,0,1,1,1,1785456090
2026-07-31T00:41:35Z,520,7,2,15,4,1,1,1,1,1785458480
2026-07-31T00:41:35Z,521,3,2,20,0,0,1,1,1,1785457294
2026-07-31T00:41:35Z,522,23,1,0,0,0,1,1,1,1785458386
2026-07-31T00:41:35Z,523,2,1,20,1,0,1,1,1,1785457834
2026-07-31T00:41:35Z,524,22,1,1,0,0,1,1,1,1785458448
2026-07-31T00:41:35Z,525,14,0,5,0,0,1,1,1,1785458427
2026-07-31T00:41:35Z,526,13,3,1,1,0,1,1,1,1785457032
2026-07-31T00:41:35Z,527,0,0,23,3,0,1,1,1,1785458432
2026-07-31T00:41:35Z,528,16,0,7,0,0,1,1,1,1785458246
2026-07-31T00:41:35Z,529,4,0,10,5,0,1,1,1,1785458480
2026-07-31T00:41:35Z,530,3,0,17,1,0,1,1,1,1785457651
2026-07-31T00:41:35Z,531,9,0,13,0,1,1,1,1,1785458406
2026-07-31T00:41:35Z,532,5,3,24,1,1,1,1,1,1785457478
2026-07-31T00:41:35Z,533,10,0,7,2,0,1,1,1,1785457939
2026-07-31T00:41:35Z,534,1,1,22,0,0,1,1,1,1785457967
2026-07-31T00:41:35Z,535,1,1,13,1,0,1,1,1,1785458289
2026-07-31T00:41:35Z,536,0,0,23,0,0,1,1,1,1785456518
2026-07-31T00:41:35Z,537,13,2,7,0,0,1,1,1,1785458302
2026-07-31T00:41:35Z,538,6,0,14,1,2,1,1,1,1785458368
2026-07-31T00:41:35Z,539,5,4,26,0,0,1,1,1,1785458435
2026-07-31T00:41:35Z,540,0,0,19,0,0,1,1,1,1785457945
2026-07-31T00:41:35Z,541,14,4,13,0,0,1,1,1,1785458423
2026-07-31T00:41:35Z,542,0,0,23,0,0,1,1,1,1785456936
2026-07-31T00:41:35Z,543,2,0,17,0,0,1,1,1,1785458291
2026-07-31T00:41:35Z,544,11,0,6,5,0,1,1,1,1785458283
2026-07-31T00:41:35Z,545,8,0,5,6,0,1,1,1,1785458456
2026-07-31T00:41:35Z,546,2,2,17,0,0,1,1,1,1785458274
2026-07-31T00:41:35Z,547,3,1,22,0,0,1,1,1,1785458442
2026-07-31T00:41:35Z,548,13,0,10,0,0,1,1,1,1785458310
2026-07-31T00:41:35Z,549,20,1,2,1,0,1,1,1,1785458470
2026-07-31T00:41:35Z,550,1,0,18,0,0,1,1,1,1785457957
2026-07-31T00:41:35Z,551,12,3,11,0,0,1,1,1,1785455805
2026-07-31T00:41:35Z,552,4,1,23,0,0,1,1,1,1785458023
2026-07-31T00:41:35Z,553,1,1,21,0,1,1,1,1,1785458469
2026-07-31T00:41:35Z,554,1,1,18,0,0,1,1,1,1785455798
2026-07-31T00:41:35Z,555,13,6,1,1,0,1,1,1,1785458067
2026-07-31T00:41:35Z,556,2,1,20,1,0,1,1,1,1785458243
2026-07-31T00:41:35Z,557,3,1,14,6,0,1,1,1,1785458396
2026-07-31T00:41:35Z,558,5,3,28,4,0,1,1,1,1785458414
2026-07-31T00:41:35Z,559,0,0,18,1,0,1,1,1,1785457401
2026-07-31T00:41:35Z,560,5,0,21,1,0,1,1,1,1785458401
2026-07-31T00:41:35Z,561,17,2,5,1,0,1,1,1,1785458295
2026-07-31T00:41:35Z,562,9,0,22,4,0,1,1,1,1785458410
2026-07-31T00:41:35Z,563,4,0,10,0,0,1,1,1,1785457502
2026-07-31T00:41:35Z,564,4,1,14,1,0,1,1,1,1785458455
2026-07-31T00:41:35Z,565,4,0,14,1,0,1,1,1,1785458481
2026-07-31T00:41:35Z,566,9,0,9,1,0,1,1,1,1785458477
2026-07-31T00:41:35Z,567,10,3,16,1,0,1,1,1,1785458405
2026-07-31T00:41:35Z,568,4,0,13,2,0,1,1,1,1785457975
2026-07-31T00:41:35Z,569,10,0,9,0,0,1,1,1,1785458003
2026-07-31T00:41:35Z,570,2,0,17,0,0,1,1,1,1785458093
2026-07-31T00:41:35Z,571,9,0,13,1,0,1,1,1,1785458148
2026-07-31T00:41:35Z,572,17,3,0,2,0,1,1,1,1785457866
2026-07-31T00:41:35Z,573,8,0,7,0,0,1,1,1,1785458375
2026-07-31T00:41:35Z,574,7,2,8,0,0,1,1,1,1785457644
2026-07-31T00:41:35Z,575,6,1,14,1,0,1,1,1,1785458414
2026-07-31T00:41:35Z,576,2,2,16,1,0,1,1,1,1785458371
2026-07-31T00:41:35Z,577,26,0,5,0,0,1,1,1,1785458206
2026-07-31T00:41:35Z,578,10,4,12,1,0,1,1,1,1785458050
2026-07-31T00:41:35Z,579,32,1,11,0,0,1,1,1,1785458242
2026-07-31T00:41:35Z,580,7,0,22,0,0,1,1,1,1785457002
2026-07-31T00:41:35Z,581,18,0,1,0,0,1,1,1,1785458435
2026-07-31T00:41:35Z,582,12,3,47,2,0,1,1,1,1785458377
2026-07-31T00:41:35Z,583,15,0,8,0,0,1,1,1,1785458362
2026-07-31T00:41:35Z,584,0,0,14,5,0,1,1,1,1785458113
2026-07-31T00:41:35Z,585,8,0,17,1,1,1,1,1,1785458001
2026-07-31T00:41:35Z,586,28,0,6,1,0,1,1,1,1785458259
2026-07-31T00:41:35Z,587,23,1,0,1,0,1,1,1,1785458450
2026-07-31T00:41:35Z,588,0,0,15,4,0,1,1,1,1785458267
2026-07-31T00:41:35Z,589,0,0,0,23,0,1,1,1,1785458430
2026-07-31T00:41:35Z,590,5,2,26,0,0,1,1,1,1785458479
2026-07-31T00:41:35Z,591,4,0,24,2,0,1,1,1,1785458484
2026-07-31T00:41:35Z,592,7,1,16,0,0,1,1,1,1785457981
2026-07-31T00:41:35Z,593,8,0,30,0,0,1,1,1,1785458340
2026-07-31T00:41:35Z,594,16,0,5,0,0,1,1,1,1785457380
2026-07-31T00:41:35Z,595,0,0,3,0,0,0,1,1,1784046673
2026-07-31T00:41:35Z,605,0,0,2,1,0,0,1,1,1783975843
2026-07-31T00:41:35Z,606,0,0,0,0,0,0,1,1,86400
2026-07-31T00:41:35Z,607,18,1,13,1,0,1,1,1,1785458400
2026-07-31T00:41:35Z,608,3,3,47,0,0,1,1,1,1785458144
2026-07-31T00:41:35Z,609,2,2,21,0,0,1,1,1,1785458405
2026-07-31T00:41:35Z,610,16,0,19,0,0,1,1,1,1785458048
2026-07-31T00:41:35Z,611,25,0,1,1,0,1,1,1,1785458262
2026-07-31T00:41:35Z,612,7,1,8,0,0,1,1,1,1785455780
2026-07-31T00:41:35Z,613,10,0,1,4,0,1,1,1,1785455457
2026-07-31T00:41:35Z,614,13,3,11,2,1,1,1,1,1785458483
2026-07-31T00:41:35Z,617,4,1,10,1,0,1,1,1,1785458048
2026-07-31T00:41:35Z,618,14,3,1,4,0,1,1,1,1785458110
2026-07-31T00:41:35Z,619,6,5,13,0,0,1,1,1,1785458076
2026-07-31T00:41:35Z,620,6,0,20,1,0,1,1,1,1785457896
2026-07-31T00:41:35Z,621,9,2,14,0,0,1,1,1,1785458451
2026-07-31T00:41:35Z,622,14,7,4,5,0,1,1,1,1785458064
2026-07-31T00:41:35Z,623,8,1,21,1,0,1,1,1,1785457964
2026-07-31T00:41:35Z,624,6,1,9,0,0,1,1,1,1785458401
2026-07-31T00:41:35Z,625,5,2,15,1,0,1,1,1,1785458341
2026-07-31T00:41:35Z,626,5,0,39,1,2,1,1,1,1785456528
2026-07-31T00:41:35Z,627,14,6,5,0,0,1,1,1,1785458008
2026-07-31T00:41:35Z,628,4,4,14,0,1,1,1,1,1785455145
2026-07-31T00:41:35Z,629,8,3,1,2,0,1,1,1,1785458281
2026-07-31T00:41:35Z,630,1,0,23,3,0,1,1,1,1785458374
2026-07-31T00:41:35Z,631,5,0,18,0,0,1,1,1,1785458198
2026-07-31T00:41:35Z,632,22,2,0,1,0,1,1,1,1785458363
2026-07-31T00:41:35Z,633,12,2,0,3,0,1,1,1,1785458379
2026-07-31T00:41:35Z,634,7,1,11,1,0,1,1,1,1785458397
2026-07-31T00:41:35Z,635,11,1,7,1,0,1,1,1,1785458027
2026-07-31T00:41:35Z,636,9,1,5,1,0,1,1,1,1785457377
2026-07-31T00:41:35Z,637,8,1,11,0,0,1,1,1,1785456458
2026-07-31T00:41:35Z,638,8,2,8,3,0,1,1,1,1785455929
2026-07-31T00:41:35Z,639,4,1,13,2,0,1,1,1,1785455668
2026-07-31T00:41:35Z,640,2,2,20,1,0,1,1,1,1785458412
2026-07-31T00:41:35Z,641,1,0,24,1,0,1,1,1,1785458130
2026-07-31T00:41:35Z,642,1,1,10,8,0,1,1,1,1785458481
2026-07-31T00:41:35Z,643,5,0,16,6,0,1,1,1,1785457644
2026-07-31T00:41:35Z,644,8,0,6,1,0,1,1,1,1785458309
2026-07-31T00:41:35Z,645,11,1,11,0,1,1,1,1,1785456688
2026-07-31T00:41:35Z,646,0,0,19,0,0,1,1,1,1785457895
2026-07-31T00:41:35Z,647,0,0,31,0,0,1,1,1,1785457215
2026-07-31T00:41:35Z,648,7,1,10,1,1,1,1,1,1785458339
2026-07-31T00:41:35Z,649,15,2,15,1,0,1,1,1,1785458478
2026-07-31T00:41:35Z,650,4,1,10,0,0,1,1,1,1785453435
2026-07-31T00:41:35Z,651,4,2,19,0,0,1,1,1,1785457408
2026-07-31T00:41:35Z,652,2,0,19,2,0,1,1,1,1785458367
2026-07-31T00:41:35Z,653,1,0,17,1,0,1,1,1,1785458071
2026-07-31T00:41:35Z,654,4,3,11,0,0,1,1,1,1785458462
2026-07-31T00:41:35Z,655,5,2,3,4,1,1,1,1,1785458435
2026-07-31T00:41:35Z,656,13,6,6,0,0,1,1,1,1785457000
2026-07-31T00:41:35Z,657,12,6,2,2,1,1,1,1,1785458352
2026-07-31T00:41:35Z,658,6,0,4,0,0,1,1,1,1785453591
2026-07-31T00:41:35Z,659,8,3,6,1,0,1,1,1,1785457539
2026-07-31T00:41:35Z,660,0,0,28,3,0,1,1,1,1785458253
2026-07-31T00:41:35Z,661,2,1,17,0,0,1,1,1,1785458343
2026-07-31T00:41:35Z,662,6,3,14,3,0,1,1,1,1785457616
2026-07-31T00:41:35Z,663,5,1,9,1,0,1,1,1,1785458323
2026-07-31T00:41:35Z,664,5,1,22,0,0,1,1,1,1785458304
2026-07-31T00:41:35Z,665,9,1,5,1,0,1,1,1,1785457953
2026-07-31T00:41:35Z,666,6,4,7,2,0,1,1,1,1785457342
2026-07-31T00:41:35Z,667,13,2,6,0,0,1,1,1,1785458333
2026-07-31T00:41:35Z,668,12,1,5,2,0,1,1,1,1785457962
2026-07-31T00:41:35Z,669,10,3,4,0,0,1,1,1,1785457996
2026-07-31T00:41:35Z,670,5,3,22,0,0,1,1,1,1785458233
2026-07-31T00:41:35Z,671,26,0,0,1,0,1,1,1,1785458053
2026-07-31T00:41:35Z,672,6,1,13,3,1,1,1,1,1785458349
2026-07-31T00:41:35Z,673,4,1,19,0,0,1,1,1,1785458435
2026-07-31T00:41:35Z,674,6,5,14,3,0,1,1,1,1785458223
2026-07-31T00:41:35Z,675,5,0,8,2,0,1,1,1,1785457424
2026-07-31T00:41:35Z,676,11,2,11,0,0,1,1,1,1785458245
2026-07-31T00:41:35Z,681,3,1,10,2,0,1,1,1,1785458474
2026-07-31T00:41:35Z,682,4,1,14,1,0,1,1,1,1785387864
2026-07-31T00:41:35Z,683,4,1,15,0,0,1,1,1,1785457397
2026-07-31T00:41:35Z,684,2,0,25,0,0,1,1,1,1785456431
2026-07-31T00:41:35Z,685,5,0,20,1,1,1,1,1,1785455460
2026-07-31T00:41:35Z,686,11,0,14,1,1,1,1,1,1785458479
2026-07-31T00:41:35Z,687,13,0,16,1,1,1,1,1,1785458368
2026-07-31T00:41:35Z,688,7,0,5,7,0,1,1,1,1785458401
2026-07-31T00:41:35Z,692,0,0,21,0,0,1,1,1,1785456750
2026-07-31T00:41:35Z,693,7,0,1,3,0,1,1,1,1785458209
2026-07-31T00:41:35Z,694,8,5,12,1,0,1,1,1,1785457882
2026-07-31T00:41:35Z,695,12,6,11,0,0,1,1,1,1785458323
2026-07-31T00:41:35Z,696,17,10,6,0,0,1,1,1,1785457872
2026-07-31T00:41:35Z,697,12,0,11,0,0,1,1,1,1785458429
2026-07-31T00:41:35Z,698,26,2,1,0,0,1,1,1,1785457787
2026-07-31T00:41:35Z,699,6,0,8,1,0,1,1,1,1785458440
2026-07-31T00:41:35Z,700,15,2,4,0,0,1,1,1,1785458239
2026-07-31T00:41:35Z,701,11,4,7,1,0,1,1,1,1785458352
2026-07-31T00:41:35Z,702,0,0,23,0,0,1,1,1,1785457834
2026-07-31T00:41:35Z,704,7,1,8,0,0,1,1,1,1785457402
2026-07-31T00:41:35Z,705,4,4,10,1,0,1,1,1,1785457344
2026-07-31T00:41:35Z,706,11,1,1,3,0,1,1,1,1785457961
2026-07-31T00:41:35Z,707,3,1,10,2,0,1,1,1,1785457670
2026-07-31T00:41:35Z,708,15,0,4,0,0,1,1,1,1785457460
2026-07-31T00:41:35Z,709,5,0,6,4,0,1,1,1,1785458405
2026-07-31T00:41:35Z,710,9,0,10,0,0,1,1,1,1785458457
2026-07-31T00:41:35Z,711,9,2,11,3,0,1,1,1,1785458159
2026-07-31T00:41:35Z,712,8,2,7,0,0,1,1,1,1785458058
2026-07-31T00:41:35Z,713,0,0,23,0,0,1,1,1,1785457206
2026-07-31T00:41:35Z,716,2,1,13,0,0,1,1,1,1785458318
2026-07-31T00:41:35Z,717,2,0,20,3,0,1,1,1,1785458351
2026-07-31T00:41:35Z,718,4,1,10,1,0,1,1,1,1785458187
2026-07-31T00:41:35Z,719,4,1,25,0,0,1,1,1,1785457880
2026-07-31T00:41:35Z,720,2,1,17,0,0,1,1,1,1785456810
2026-07-31T00:41:35Z,721,1,0,20,2,0,1,1,1,1785457541
2026-07-31T00:41:35Z,722,2,0,13,0,0,1,1,1,1785458369
2026-07-31T00:41:35Z,723,12,2,11,0,0,1,1,1,1785458319
2026-07-31T00:41:35Z,724,16,5,7,0,0,1,1,1,1785458020
2026-07-31T00:41:35Z,725,5,0,18,0,0,1,1,1,1785457249
2026-07-31T00:41:35Z,726,7,1,12,0,0,1,1,1,1785458090
2026-07-31T00:41:35Z,727,9,4,12,2,0,1,1,1,1785457481
2026-07-31T00:41:35Z,728,10,1,5,0,0,1,1,1,1785457116
2026-07-31T00:41:35Z,729,19,4,0,0,0,1,1,1,1785457963
2026-07-31T00:41:35Z,730,1,1,12,2,0,1,1,1,1785457984
2026-07-31T00:41:35Z,731,10,2,5,0,0,1,1,1,1785457583
2026-07-31T00:41:35Z,732,5,4,10,0,0,1,1,1,1785458250
2026-07-31T00:41:35Z,733,21,0,4,2,0,1,1,1,1785458340
2026-07-31T00:41:35Z,734,4,1,10,0,0,1,1,1,1785457866
2026-07-31T00:41:35Z,735,0,0,27,0,0,1,1,1,1785458453
2026-07-31T00:41:35Z,736,3,0,16,0,0,1,1,1,1785457629
2026-07-31T00:41:35Z,737,2,0,10,2,1,1,1,1,1785457863
2026-07-31T00:41:35Z,738,7,1,10,2,0,1,1,1,1785458234
2026-07-31T00:41:35Z,739,18,2,8,1,0,1,1,1,1785456721
2026-07-31T00:41:35Z,741,5,1,18,0,0,1,1,1,1785457106
2026-07-31T00:41:35Z,742,17,7,16,2,0,1,1,1,1785458390
2026-07-31T00:41:35Z,743,1,0,17,1,0,1,1,1,1785457779
2026-07-31T00:41:35Z,744,5,1,9,1,0,1,1,1,1785457506
2026-07-31T00:41:35Z,745,14,4,4,1,0,1,1,1,1785457482
2026-07-31T00:41:35Z,746,6,2,14,3,0,1,1,1,1785458245
2026-07-31T00:41:35Z,747,0,0,4,0,0,0,1,1,1783446606
2026-07-31T00:41:35Z,748,10,1,13,0,0,1,1,1,1785458213
2026-07-31T00:41:35Z,749,1,1,22,0,0,1,1,1,1785458140
2026-07-31T00:41:35Z,750,8,4,3,0,0,1,1,1,1785458426
2026-07-31T00:41:35Z,751,5,4,17,1,0,1,1,1,1785458407
2026-07-31T00:41:35Z,752,5,0,11,1,0,1,1,1,1785457698
2026-07-31T00:41:35Z,753,5,2,10,0,0,1,1,1,1785458482
2026-07-31T00:41:35Z,754,2,1,12,1,0,1,1,1,1785458104
2026-07-31T00:41:35Z,755,3,0,19,1,0,1,1,1,1785458094
2026-07-31T00:41:35Z,756,3,3,32,2,0,1,1,1,1785458361
2026-07-31T00:41:35Z,757,2,0,17,0,0,1,1,1,1785458275
2026-07-31T00:41:35Z,758,8,8,15,0,0,1,1,1,1785458021
2026-07-31T00:41:35Z,759,5,3,10,0,0,1,1,1,1785457624
2026-07-31T00:41:35Z,760,6,2,12,1,0,1,1,1,1785456620
2026-07-31T00:41:35Z,761,7,1,16,0,0,1,1,1,1785458040
2026-07-31T00:41:35Z,762,6,4,5,4,0,1,1,1,1785456703
2026-07-31T00:41:35Z,768,9,0,8,2,0,1,1,1,1785457742
2026-07-31T00:41:35Z,769,19,8,0,0,0,1,1,1,1785457718
2026-07-31T00:41:35Z,770,10,2,7,2,0,1,1,1,1785457271
2026-07-31T00:41:35Z,771,13,3,1,1,0,1,1,1,1785456685
2026-07-31T00:41:35Z,772,2,2,12,1,0,1,1,1,1785457683
2026-07-31T00:41:35Z,773,6,3,13,0,0,1,1,1,1785457460
2026-07-31T00:41:35Z,774,1,0,10,4,0,1,1,1,1785458164
2026-07-31T00:41:35Z,775,4,0,13,1,1,1,1,1,1785457708
2026-07-31T00:41:35Z,776,3,1,17,1,0,1,1,1,1785457436
2026-07-31T00:41:35Z,777,9,2,3,3,0,1,1,1,1785458441
2026-07-31T00:41:35Z,778,13,0,3,3,0,1,1,1,1785457397
2026-07-31T00:41:35Z,779,8,1,10,1,0,1,1,1,1785457863
2026-07-31T00:41:35Z,780,8,2,10,1,0,1,1,1,1785458178
2026-07-31T00:41:35Z,781,2,0,7,2,0,1,1,1,1785458114
2026-07-31T00:41:35Z,782,1,0,15,3,0,1,1,1,1785456991
2026-07-31T00:41:35Z,783,4,0,15,0,0,1,1,1,1785458112
2026-07-31T00:41:35Z,784,7,2,10,2,0,1,1,1,1785458460
2026-07-31T00:41:35Z,785,9,0,4,6,0,1,1,1,1785458263
2026-07-31T00:41:35Z,786,8,2,11,0,0,1,1,1,1785457888
2026-07-31T00:41:35Z,787,10,5,3,2,0,1,1,1,1785457689
2026-07-31T00:41:35Z,788,4,0,11,0,0,1,1,1,1785456789
2026-07-31T00:41:35Z,789,5,2,6,4,0,1,1,1,1785457046
2026-07-31T00:41:35Z,790,7,0,16,0,0,1,1,1,1785457487
2026-07-31T00:41:35Z,791,8,0,10,0,1,1,1,1,1785457740
2026-07-31T00:41:35Z,793,4,0,10,1,0,1,1,1,1785457203
2026-07-31T00:41:35Z,794,9,2,19,1,0,1,1,1,1785458479
2026-07-31T00:41:35Z,796,6,3,12,1,0,1,1,1,1785457539
2026-07-31T00:41:35Z,797,0,0,15,0,0,1,1,1,1785457272
2026-07-31T00:41:35Z,798,11,0,13,1,0,1,1,1,1785458382
2026-07-31T00:41:35Z,799,11,3,4,4,0,1,1,1,1785458384
2026-07-31T00:41:35Z,800,14,2,6,1,0,1,1,1,1785458249
2026-07-31T00:41:35Z,801,3,2,17,1,0,1,1,1,1785458167
2026-07-31T00:41:35Z,802,12,1,19,0,0,1,1,1,1785456963
2026-07-31T00:41:35Z,803,0,0,14,1,0,1,1,1,1785456754
2026-07-31T00:41:35Z,806,6,6,8,1,0,1,1,1,1785458467
2026-07-31T00:41:35Z,807,0,0,24,1,0,1,1,1,1785457279
2026-07-31T00:41:35Z,808,3,0,21,1,0,1,1,1,1785454239
2026-07-31T00:41:35Z,809,5,1,17,1,0,1,1,1,1785456874
2026-07-31T00:41:35Z,810,2,0,13,4,0,1,1,1,1785457407
2026-07-31T00:41:35Z,815,10,1,0,4,1,1,1,1,1785458022
2026-07-31T00:41:35Z,817,8,4,7,0,0,1,1,1,1785458078
2026-07-31T00:41:35Z,818,5,0,17,1,0,1,1,1,1785458383
2026-07-31T00:41:35Z,819,6,4,9,0,0,1,1,1,1785455226
2026-07-31T00:41:35Z,820,7,1,10,0,0,1,1,1,1785458222
2026-07-31T00:41:35Z,821,2,2,13,0,0,1,1,1,1785457151
2026-07-31T00:41:35Z,822,17,2,4,2,0,1,1,1,1785458480
2026-07-31T00:41:35Z,823,9,0,5,1,0,1,1,1,1785458404
2026-07-31T00:41:35Z,824,16,5,2,1,0,1,1,1,1785457901
2026-07-31T00:41:35Z,825,9,5,6,0,0,1,1,1,1785457432
2026-07-31T00:41:35Z,826,4,1,14,1,0,1,1,1,1785457818
2026-07-31T00:41:35Z,827,13,5,7,1,0,1,1,1,1785457305
2026-07-31T00:41:35Z,828,5,1,11,2,0,1,1,1,1785457758
2026-07-31T00:41:35Z,829,12,6,15,0,0,1,1,1,1785458004
2026-07-31T00:41:35Z,830,15,0,7,1,0,1,1,1,1785457739
2026-07-31T00:41:35Z,831,4,3,10,1,0,1,1,1,1785458408
2026-07-31T00:41:35Z,832,12,4,3,3,0,1,1,1,1785458426
2026-07-31T00:41:35Z,833,2,2,16,1,0,1,1,1,1785458190
2026-07-31T00:41:35Z,834,3,1,18,3,0,1,1,1,1785458358
2026-07-31T00:41:35Z,835,4,2,11,3,0,1,1,1,1785458482
2026-07-31T00:41:35Z,837,4,1,1,10,0,1,1,1,1785458410
2026-07-31T00:41:35Z,838,13,1,1,1,0,1,1,1,1785458475
2026-07-31T00:41:35Z,839,29,1,0,0,0,1,1,1,1785457845
2026-07-31T00:41:35Z,840,0,0,27,2,0,1,1,1,1785458484
2026-07-31T00:41:35Z,841,8,1,7,0,0,1,1,1,1785458407
2026-07-31T00:41:35Z,842,6,1,17,0,0,1,1,1,1785458105
2026-07-31T00:41:35Z,843,9,0,21,1,0,1,1,1,1785458237
2026-07-31T00:41:35Z,844,6,1,17,0,0,1,1,1,1785458155
2026-07-31T00:41:35Z,845,5,3,12,2,0,1,1,1,1785456698
2026-07-31T00:41:35Z,846,5,1,12,2,0,1,1,1,1785457653
2026-07-31T00:41:35Z,847,4,1,23,0,0,1,1,1,1785457346
2026-07-31T00:41:35Z,848,7,0,11,1,0,1,1,1,1785454449
2026-07-31T00:41:35Z,849,9,2,5,1,0,1,1,1,1785457525
2026-07-31T00:41:35Z,850,9,0,1,1,0,1,1,1,1785457726
2026-07-31T00:41:35Z,851,0,0,35,2,0,1,1,1,1785457440
2026-07-31T00:41:35Z,852,9,3,9,1,0,1,1,1,1785458259
2026-07-31T00:41:35Z,853,8,4,15,0,0,1,1,1,1785457245
2026-07-31T00:41:35Z,854,2,2,13,0,0,1,1,1,1785457395
2026-07-31T00:41:35Z,855,16,2,11,0,0,1,1,1,1785458102
2026-07-31T00:41:35Z,857,1,1,17,1,0,1,1,1,1785458458
2026-07-31T00:41:35Z,858,4,1,14,1,0,1,1,1,1785457047
2026-07-31T00:41:35Z,859,3,0,17,1,0,1,1,1,1785457294
2026-07-31T00:41:35Z,861,8,1,2,1,0,1,1,1,1785455675
2026-07-31T00:41:35Z,862,1,1,14,0,0,1,1,1,1785458430
2026-07-31T00:41:35Z,863,10,0,8,1,0,1,1,1,1785457872
2026-07-31T00:41:35Z,866,6,0,12,1,0,1,1,1,1785456853
2026-07-31T00:41:35Z,867,12,0,3,0,0,1,1,1,1785458052
2026-07-31T00:41:35Z,868,13,2,2,0,0,1,1,1,1785458222
2026-07-31T00:41:35Z,870,7,5,7,1,0,1,1,1,1785458436
2026-07-31T00:41:35Z,871,0,0,10,1,0,1,1,1,1785457857
2026-07-31T00:41:35Z,872,0,0,14,1,0,1,1,1,1785458367
2026-07-31T00:41:35Z,873,0,0,32,1,0,1,1,1,1785458202
2026-07-31T00:41:35Z,874,4,0,8,3,0,1,1,1,1785458149
2026-07-31T00:41:35Z,875,14,10,0,1,0,1,1,1,1785458451
2026-07-31T00:41:35Z,877,12,11,6,1,0,1,1,1,1785457905
2026-07-31T00:41:35Z,878,5,4,13,1,0,1,1,1,1785456674
2026-07-31T00:41:35Z,879,2,0,17,0,0,1,1,1,1785457553
2026-07-31T00:41:35Z,880,3,0,19,1,0,1,1,1,1785458453
2026-07-31T00:41:35Z,881,3,0,16,0,0,1,1,1,1785458350
2026-07-31T00:41:35Z,882,11,0,6,2,0,1,1,1,1785457778
2026-07-31T00:41:35Z,883,10,6,9,0,0,1,1,1,1785456849
2026-07-31T00:41:35Z,884,11,7,10,0,0,1,1,1,1785457881
2026-07-31T00:41:35Z,885,1,0,18,0,0,1,1,1,1785458221
2026-07-31T00:41:35Z,886,0,0,27,2,0,1,1,1,1785458405
2026-07-31T00:41:35Z,887,0,0,14,3,0,1,1,1,1785458000
2026-07-31T00:41:35Z,888,14,2,25,2,0,1,1,1,1785458478
2026-07-31T00:41:35Z,889,8,0,9,2,0,1,1,1,1785458163
2026-07-31T00:41:35Z,890,4,1,10,1,0,1,1,1,1785455867
2026-07-31T00:41:35Z,891,11,0,11,1,0,1,1,1,1785457667
2026-07-31T00:41:35Z,892,12,1,3,0,0,1,1,1,1785456450
2026-07-31T00:41:35Z,895,1,0,17,1,0,1,1,1,1785449127
2026-07-31T00:41:35Z,896,19,2,16,0,0,1,1,1,1785457998
2026-07-31T00:41:35Z,897,10,2,11,0,0,1,1,1,1785458382
2026-07-31T00:41:35Z,898,0,0,19,0,0,1,1,1,1785458147
2026-07-31T00:41:35Z,899,14,3,5,0,0,1,1,1,1785458317
2026-07-31T00:41:35Z,900,23,2,4,0,0,1,1,1,1785458478
2026-07-31T00:41:35Z,901,18,1,0,1,0,1,1,1,1785457731
2026-07-31T00:41:35Z,902,11,1,3,1,0,1,1,1,1785458110
2026-07-31T00:41:35Z,903,6,0,13,0,0,1,1,1,1785457811
2026-07-31T00:41:35Z,904,11,5,8,0,0,1,1,1,1785456708
2026-07-31T00:41:35Z,905,2,2,24,1,0,1,1,1,1785457942
2026-07-31T00:41:35Z,906,11,10,16,0,0,1,1,1,1785458238
2026-07-31T00:41:35Z,907,22,4,9,0,0,1,1,1,1785458442
2026-07-31T00:41:35Z,908,7,2,16,0,0,1,1,1,1785458485
2026-07-31T00:41:35Z,909,7,5,16,0,0,1,1,1,1785458282
2026-07-31T00:41:35Z,910,22,0,9,0,0,1,1,1,1785458452
2026-07-31T00:41:35Z,911,9,0,10,0,0,1,1,1,1785458079
2026-07-31T00:41:35Z,912,8,1,12,3,0,1,1,1,1785458152
2026-07-31T00:41:35Z,913,5,2,14,0,0,1,1,1,1785458438
2026-07-31T00:41:35Z,914,9,1,10,0,0,1,1,1,1785458478
2026-07-31T00:41:35Z,915,18,1,4,1,0,1,1,1,1785457869
2026-07-31T00:41:35Z,916,3,1,20,0,0,1,1,1,1785458163
2026-07-31T00:41:35Z,917,31,1,2,2,0,1,1,1,1785458342
2026-07-31T00:41:35Z,918,1,1,16,2,0,1,1,1,1785458439
2026-07-31T00:41:35Z,919,4,1,34,1,0,1,1,1,1785458420
2026-07-31T00:41:35Z,920,3,1,16,0,0,1,1,1,1785457078
2026-07-31T00:41:35Z,921,16,0,5,0,0,1,1,1,1785458397
2026-07-31T00:41:35Z,922,3,0,17,1,0,1,1,1,1785458187
2026-07-31T00:41:35Z,923,13,10,5,1,0,1,1,1,1785458423
2026-07-31T00:41:35Z,924,8,0,13,0,0,1,1,1,1785457392
2026-07-31T00:41:35Z,925,16,2,5,0,0,1,1,1,1785456823
2026-07-31T00:41:35Z,926,1,1,20,0,0,1,1,1,1785458014
2026-07-31T00:41:35Z,927,28,1,7,0,0,1,1,1,1785457884
2026-07-31T00:41:35Z,928,12,0,7,0,0,1,1,1,1785458035
2026-07-31T00:41:35Z,929,0,0,23,0,0,1,1,1,1785457809
2026-07-31T00:41:35Z,930,4,0,25,2,0,1,1,1,1785458475
2026-07-31T00:41:35Z,931,2,2,21,0,0,1,1,1,1785458156
2026-07-31T00:41:35Z,932,14,0,1,4,0,1,1,1,1785458485
2026-07-31T00:41:35Z,933,21,2,1,1,0,1,1,1,1785458271
2026-07-31T00:41:35Z,934,2,0,28,1,0,1,1,1,1785458310
2026-07-31T00:41:35Z,935,10,0,8,1,0,1,1,1,1785458395
2026-07-31T00:41:35Z,936,4,1,15,0,0,1,1,1,1785456801
2026-07-31T00:41:35Z,940,11,3,0,0,0,1,1,1,1785457273
2026-07-31T00:41:35Z,941,4,0,19,2,0,1,1,1,1785457280
2026-07-31T00:41:35Z,942,14,2,7,0,0,1,1,1,1785458264
2026-07-31T00:41:35Z,943,8,8,7,0,0,1,1,1,1785457150
2026-07-31T00:41:35Z,944,9,8,6,0,0,1,1,1,1785458289
2026-07-31T00:41:35Z,945,10,8,5,0,0,1,1,1,1785457797
2026-07-31T00:41:35Z,946,7,5,12,0,0,1,1,1,1785424152
2026-07-31T00:41:35Z,947,7,5,10,0,0,1,1,1,1785458298
2026-07-31T00:41:35Z,948,1,0,26,4,0,1,1,1,1785458263
2026-07-31T00:41:35Z,949,0,0,15,0,0,1,1,1,1785458411
2026-07-31T00:41:35Z,950,4,1,12,1,0,1,1,1,1785458326
2026-07-31T00:41:35Z,951,8,1,15,0,0,1,1,1,1785458454
2026-07-31T00:41:35Z,952,31,2,22,2,0,1,1,1,1785458452
2026-07-31T00:41:35Z,953,13,1,2,0,0,1,1,1,1785458049
2026-07-31T00:41:35Z,954,15,0,4,0,0,1,1,1,1785458389
2026-07-31T00:41:35Z,955,0,0,22,5,0,1,1,1,1785458187
2026-07-31T00:41:35Z,956,16,0,6,1,0,1,1,1,1785458397
2026-07-31T00:41:35Z,957,19,2,9,1,0,1,1,1,1785458388
2026-07-31T00:41:35Z,958,18,0,13,0,0,1,1,1,1785458286
2026-07-31T00:41:35Z,959,15,3,7,1,0,1,1,1,1785458467
2026-07-31T00:41:35Z,960,12,8,10,1,0,1,1,1,1785458446
2026-07-31T00:41:35Z,961,5,1,15,3,0,1,1,1,1785458320
2026-07-31T00:41:35Z,962,3,0,29,3,0,1,1,1,1785458362
2026-07-31T00:41:35Z,963,9,0,13,1,0,1,1,1,1785458344
2026-07-31T00:41:35Z,964,7,6,15,1,0,1,1,1,1785458394
2026-07-31T00:41:35Z,965,2,1,24,1,0,1,1,1,1785458405
2026-07-31T00:41:35Z,966,13,0,18,0,0,1,1,1,1785458264
2026-07-31T00:41:35Z,967,14,0,6,1,0,1,1,1,1785458462
2026-07-31T00:41:35Z,968,1,1,18,0,0,1,1,1,1785458477
2026-07-31T00:41:35Z,969,6,6,18,3,0,1,1,1,1785458196
2026-07-31T00:41:35Z,970,12,3,6,1,0,1,1,1,1785458415
2026-07-31T00:41:35Z,971,22,0,0,1,0,1,1,1,1785458181
2026-07-31T00:41:35Z,972,6,0,16,1,0,1,1,1,1785458206
2026-07-31T00:41:35Z,973,8,5,14,1,0,1,1,1,1785458447
2026-07-31T00:41:35Z,974,9,0,18,0,0,1,1,1,1785458318
2026-07-31T00:41:35Z,977,5,4,13,3,0,1,1,1,1785458383
2026-07-31T00:41:35Z,978,12,3,10,1,0,1,1,1,1785457522
2026-07-31T00:41:35Z,979,2,0,15,0,0,1,1,1,1785458283
2026-07-31T00:41:35Z,980,3,0,17,1,0,1,1,1,1785457815
2026-07-31T00:41:35Z,981,6,0,14,1,0,1,1,1,1785458245
2026-07-31T00:41:35Z,982,3,1,14,2,0,1,1,1,1785458309
2026-07-31T00:41:35Z,983,2,2,20,1,0,1,1,1,1785456877
2026-07-31T00:41:35Z,984,5,0,18,0,0,1,1,1,1785457776
2026-07-31T00:41:35Z,985,24,0,7,0,0,1,1,1,1785458321
2026-07-31T00:41:35Z,986,2,0,17,0,0,1,1,1,1785458306
2026-07-31T00:41:35Z,987,5,0,17,1,0,1,1,1,1785456997
2026-07-31T00:41:35Z,988,5,1,13,1,0,1,1,1,1785458444
2026-07-31T00:41:35Z,989,8,4,11,0,0,1,1,1,1785457445
2026-07-31T00:41:35Z,990,13,1,0,2,0,1,1,1,1785456723
2026-07-31T00:41:35Z,991,8,1,10,1,0,1,1,1,1785458140
2026-07-31T00:41:35Z,992,8,6,14,1,0,1,1,1,1785457187
2026-07-31T00:41:35Z,993,1,0,26,0,0,1,1,1,1785458205
2026-07-31T00:41:35Z,994,1,1,20,0,0,1,1,1,1785457387
2026-07-31T00:41:35Z,995,7,0,20,0,0,1,1,1,1785458422
2026-07-31T00:41:35Z,996,9,1,14,0,0,1,1,1,1785458241
2026-07-31T00:41:35Z,997,10,4,11,2,0,1,1,1,1785458315
2026-07-31T00:41:35Z,998,3,1,19,1,0,1,1,1,1785457592
2026-07-31T00:41:35Z,999,4,2,15,1,1,1,1,1,1785458356
2026-07-31T00:41:35Z,1000,2,0,19,0,0,1,1,1,1785457335
2026-07-31T00:41:35Z,1001,1,0,26,0,0,1,1,1,1785456745
2026-07-31T00:41:35Z,1002,0,0,27,4,0,1,1,1,1785456709
2026-07-31T00:41:35Z,1003,0,0,23,0,0,1,1,1,1785458220
2026-07-31T00:41:35Z,1004,5,0,18,0,0,1,1,1,1785457654
2026-07-31T00:41:35Z,1005,20,1,3,0,0,1,1,1,1785458405
2026-07-31T00:41:35Z,1006,7,4,11,1,0,1,1,1,1785458261
2026-07-31T00:41:35Z,1007,4,1,17,0,0,1,1,1,1785457889
2026-07-31T00:41:35Z,1008,6,5,15,2,0,1,1,1,1785458252
2026-07-31T00:41:35Z,1009,21,4,8,2,0,1,1,1,1785457244
2026-07-31T00:41:35Z,1010,7,2,20,0,0,1,1,1,1785458048
2026-07-31T00:41:35Z,1011,6,1,11,2,0,1,1,1,1785456826
2026-07-31T00:41:35Z,1012,4,3,18,1,0,1,1,1,1785458171
2026-07-31T00:41:35Z,1013,5,1,17,1,0,1,1,1,1785456978
2026-07-31T00:41:35Z,1014,7,3,14,2,0,1,1,1,1785457445
2026-07-31T00:41:35Z,1015,5,4,25,1,0,1,1,1,1785457080
2026-07-31T00:41:35Z,1016,10,5,21,0,0,1,1,1,1785457967
2026-07-31T00:41:35Z,1017,14,5,7,0,0,1,1,1,1785457584
2026-07-31T00:41:35Z,1018,8,2,14,0,0,1,1,1,1785458261
2026-07-31T00:41:35Z,1019,7,5,8,0,0,1,1,1,1785458237
2026-07-31T00:41:35Z,1020,17,3,4,0,0,1,1,1,1785457462
2026-07-31T00:41:35Z,1021,8,3,6,1,0,1,1,1,1785457229
2026-07-31T00:41:35Z,1022,14,0,13,0,0,1,1,1,1785458323
2026-07-31T00:41:35Z,1023,12,1,10,1,0,1,1,1,1785457988
2026-07-31T00:41:35Z,1024,6,3,13,0,0,1,1,1,1785457201
2026-07-31T00:41:35Z,1025,5,1,13,0,1,1,1,1,1785458282
2026-07-31T00:41:35Z,1026,8,4,18,5,0,1,1,1,1785457299
2026-07-31T00:41:35Z,1028,2,0,20,1,0,1,1,1,1785458353
2026-07-31T00:41:35Z,1029,10,9,5,0,0,1,1,1,1785457514
2026-07-31T00:41:35Z,1030,13,5,10,0,0,1,1,1,1785457204
2026-07-31T00:41:35Z,1031,10,0,9,0,0,1,1,1,1785457747
2026-07-31T00:41:35Z,1032,7,1,12,0,0,1,1,1,1785458274
2026-07-31T00:41:35Z,1033,8,5,10,1,0,1,1,1,1785457263
2026-07-31T00:41:35Z,1034,1,0,14,0,0,1,1,1,1785458322
2026-07-31T00:41:35Z,1035,4,0,14,1,0,1,1,1,1785458295
2026-07-31T00:41:35Z,1036,15,1,0,0,0,1,1,1,1785457078
2026-07-31T00:41:35Z,1037,4,1,14,1,0,1,1,1,1785458485
2026-07-31T00:41:35Z,1038,3,1,11,1,0,1,1,1,1785458020
2026-07-31T00:41:35Z,1039,4,2,15,0,0,1,1,1,1785458429
2026-07-31T00:41:35Z,1040,9,4,9,1,0,1,1,1,1785458304
2026-07-31T00:41:35Z,1041,10,3,9,0,0,1,1,1,1785458188
2026-07-31T00:41:35Z,1042,12,0,1,2,0,1,1,1,1785458450
2026-07-31T00:41:35Z,1043,10,1,7,2,0,1,1,1,1785458345
2026-07-31T00:41:35Z,1044,2,1,13,0,0,1,1,1,1785458073
2026-07-31T00:41:35Z,1045,10,0,9,0,0,1,1,1,1785458264
2026-07-31T00:41:35Z,1046,7,0,8,0,0,1,1,1,1785457701
2026-07-31T00:41:35Z,1047,3,0,18,0,0,1,1,1,1785457452
2026-07-31T00:41:35Z,1048,5,1,14,0,0,1,1,1,1785458240
2026-07-31T00:41:35Z,1049,2,0,19,0,0,1,1,1,1785458266
2026-07-31T00:41:35Z,1050,17,5,4,0,0,1,1,1,1785457544
2026-07-31T00:41:35Z,1051,8,3,13,0,0,1,1,1,1785458356
2026-07-31T00:41:35Z,1052,17,2,5,0,0,1,1,1,1785458079
2026-07-31T00:41:35Z,1053,1,1,14,0,0,1,1,1,1785458196
2026-07-31T00:41:35Z,1054,14,1,1,0,0,1,1,1,1785458440
2026-07-31T00:41:35Z,1055,6,1,13,0,0,1,1,1,1785458400
2026-07-31T00:41:35Z,1057,8,1,11,0,0,1,1,1,1785458121
2026-07-31T00:41:35Z,1058,53,0,0,3,0,1,1,1,1785458063
2026-07-31T00:41:35Z,1059,3,0,14,2,0,1,1,1,1785458331
2026-07-31T00:41:35Z,1060,6,1,31,0,0,1,1,1,1785457959
2026-07-31T00:41:35Z,1061,12,2,25,0,0,1,1,1,1785458281
2026-07-31T00:41:35Z,1062,17,5,0,0,0,1,1,1,1785458484
2026-07-31T00:41:35Z,1063,12,1,6,1,0,1,1,1,1785458320
2026-07-31T00:41:35Z,1064,6,2,16,1,0,1,1,1,1785456772
2026-07-31T00:41:35Z,1065,15,3,8,0,0,1,1,1,1785457037
2026-07-31T00:41:35Z,1066,10,1,13,0,0,1,1,1,1785456867
2026-07-31T00:41:35Z,1067,7,1,15,1,0,1,1,1,1785457132
2026-07-31T00:41:35Z,1068,8,2,13,2,0,1,1,1,1785458405
2026-07-31T00:41:35Z,1069,12,3,11,0,0,1,1,1,1785456673
2026-07-31T00:41:35Z,1070,11,2,12,0,0,1,1,1,1785456764
2026-07-31T00:41:35Z,1071,7,4,16,0,0,1,1,1,1785456805
2026-07-31T00:41:35Z,1072,11,1,11,1,0,1,1,1,1785457110
2026-07-31T00:41:35Z,1073,11,3,15,1,0,1,1,1,1785457877
2026-07-31T00:41:35Z,1074,51,0,2,0,0,1,1,1,1785458483
2026-07-31T00:41:35Z,1075,9,8,12,0,0,1,1,1,1785457993
2026-07-31T00:41:35Z,1076,13,11,8,0,0,1,1,1,1785457422
2026-07-31T00:41:35Z,1077,8,5,13,0,0,1,1,1,1785458201
2026-07-31T00:41:35Z,1078,13,10,8,0,0,1,1,1,1785457469
2026-07-31T00:41:35Z,1079,12,9,9,0,0,1,1,1,1785458109
2026-07-31T00:41:35Z,1080,9,7,11,1,0,1,1,1,1785456886
2026-07-31T00:41:35Z,1081,14,9,5,0,0,1,1,1,1785457324
2026-07-31T00:41:35Z,1082,4,4,4,0,0,1,1,1,1785456903
2026-07-31T00:41:35Z,1083,12,10,9,0,0,1,1,1,1785458357
2026-07-31T00:41:35Z,1084,8,7,13,0,0,1,1,1,1785457992
2026-07-31T00:41:35Z,1085,10,10,11,0,0,1,1,1,1785457576
2026-07-31T00:41:35Z,1086,8,7,12,1,0,1,1,1,1785458302
2026-07-31T00:41:35Z,1087,10,9,5,0,0,1,1,1,1785457577
2026-07-31T00:41:35Z,1088,10,7,5,0,0,1,1,1,1785458326
2026-07-31T00:41:35Z,1089,6,4,9,0,0,1,1,1,1785456889
2026-07-31T00:41:35Z,1090,8,7,7,0,0,1,1,1,1785457408
2026-07-31T00:41:35Z,1091,10,5,5,0,0,1,1,1,1785457320
2026-07-31T00:41:35Z,1092,9,9,5,1,0,1,1,1,1785456864
2026-07-31T00:41:35Z,1093,7,6,8,0,0,1,1,1,1785457235
2026-07-31T00:41:35Z,1094,10,8,8,1,0,1,1,1,1785458301
2026-07-31T00:41:35Z,1095,9,8,6,0,0,1,1,1,1785457200
2026-07-31T00:41:35Z,1096,6,3,12,1,0,1,1,1,1785456823
2026-07-31T00:41:35Z,1097,8,8,7,0,0,1,1,1,1785457048
2026-07-31T00:41:35Z,1098,9,7,10,0,0,1,1,1,1785457361
2026-07-31T00:41:35Z,1099,7,6,8,0,0,1,1,1,1785458111
2026-07-31T00:41:35Z,1100,5,1,24,0,0,1,1,1,1785452920
2026-07-31T00:41:35Z,1101,10,5,11,0,0,1,1,1,1785457979
2026-07-31T00:41:35Z,1102,8,3,5,0,0,1,1,1,1785457332
2026-07-31T00:41:35Z,1103,10,5,11,0,0,1,1,1,1785458054
2026-07-31T00:41:35Z,1104,10,5,11,0,0,1,1,1,1785457729
2026-07-31T00:41:35Z,1105,7,3,6,0,0,1,1,1,1785457226
2026-07-31T00:41:35Z,1106,13,7,8,0,0,1,1,1,1785458063
2026-07-31T00:41:35Z,1107,9,5,6,0,0,1,1,1,1785458414
2026-07-31T00:41:35Z,1108,7,3,17,3,0,1,1,1,1785457946
2026-07-31T00:41:35Z,1109,5,3,10,0,0,1,1,1,1785458377
2026-07-31T00:41:35Z,1110,8,0,13,0,0,1,1,1,1785457609
2026-07-31T00:41:35Z,1111,2,0,19,0,0,1,1,1,1785458157
2026-07-31T00:41:35Z,1112,48,0,5,0,0,1,1,1,1785457885
2026-07-31T00:41:35Z,1113,0,0,21,0,0,1,1,1,1785458406
2026-07-31T00:41:35Z,1115,20,7,2,1,0,1,1,1,1785456931
2026-07-31T00:41:35Z,1116,4,1,15,0,0,1,1,1,1785458291
2026-07-31T00:41:35Z,1117,3,0,20,0,0,1,1,1,1785458301
2026-07-31T00:41:35Z,1118,17,1,3,1,0,1,1,1,1785458210
2026-07-31T00:41:35Z,1119,12,1,5,0,0,1,1,1,1785458432
2026-07-31T00:41:35Z,1120,14,2,4,1,0,1,1,1,1785458404
2026-07-31T00:41:35Z,1121,8,5,11,2,0,1,1,1,1785458195
2026-07-31T00:41:35Z,1122,14,8,5,2,0,1,1,1,1785458448
2026-07-31T00:41:35Z,1123,4,0,17,2,0,1,1,1,1785457925
2026-07-31T00:41:35Z,1124,8,0,2,5,0,1,1,1,1785458330
2026-07-31T00:41:35Z,1125,14,0,9,0,0,1,1,1,1785457241
2026-07-31T00:41:35Z,1126,7,4,12,2,0,1,1,1,1785458036
2026-07-31T00:41:35Z,1127,7,2,12,0,0,1,1,1,1785458274
2026-07-31T00:41:35Z,1128,9,0,5,1,0,1,1,1,1785458322
2026-07-31T00:41:35Z,1129,1,0,20,0,0,1,1,1,1785458217
2026-07-31T00:41:35Z,1130,9,1,6,0,0,1,1,1,1785458119
2026-07-31T00:41:35Z,1131,3,0,45,1,0,1,1,1,1785457935
2026-07-31T00:41:35Z,1132,13,5,7,1,0,1,1,1,1785458079
2026-07-31T00:41:35Z,1133,8,4,11,2,0,1,1,1,1785458103
2026-07-31T00:41:35Z,1134,11,6,8,0,0,1,1,1,1785456971
2026-07-31T00:41:35Z,1135,10,5,11,0,0,1,1,1,1785457872
2026-07-31T00:41:35Z,1136,16,0,7,0,0,1,1,1,1785458438
2026-07-31T00:41:35Z,1137,7,0,8,0,0,1,1,1,1785458242
2026-07-31T00:41:35Z,1138,10,2,9,0,0,1,1,1,1785458255
2026-07-31T00:41:35Z,1139,10,2,9,2,0,1,1,1,1785458190
2026-07-31T00:41:35Z,1140,18,2,4,1,0,1,1,1,1785457915
2026-07-31T00:41:35Z,1141,4,3,16,1,0,1,1,1,1785458246
2026-07-31T00:41:35Z,1142,21,1,0,0,0,1,1,1,1785457106
2026-07-31T00:41:35Z,1143,19,1,10,0,0,1,1,1,1785458482
2026-07-31T00:41:35Z,1144,9,4,10,2,0,1,1,1,1785457064
2026-07-31T00:41:35Z,1145,12,6,8,1,0,1,1,1,1785456830
2026-07-31T00:41:35Z,1146,8,6,10,1,0,1,1,1,1785458484
2026-07-31T00:41:35Z,1147,2,0,17,0,0,1,1,1,1785458220
2026-07-31T00:41:35Z,1148,4,3,27,0,0,1,1,1,1785457758
2026-07-31T00:41:35Z,1149,3,3,18,4,0,1,1,1,1785457882
2026-07-31T00:41:35Z,1150,5,0,14,0,0,1,1,1,1785458060
2026-07-31T00:41:35Z,1151,1,0,20,0,0,1,1,1,1785457109
2026-07-31T00:41:35Z,1152,3,0,26,0,0,1,1,1,1785458139
2026-07-31T00:41:35Z,1153,11,0,10,2,0,1,1,1,1785458150
2026-07-31T00:41:35Z,1154,13,1,6,0,0,1,1,1,1785457753
2026-07-31T00:41:35Z,1155,12,6,8,1,0,1,1,1,1785458441
2026-07-31T00:41:35Z,1158,3,0,16,0,0,1,1,1,1785458185
2026-07-31T00:41:35Z,1159,11,0,8,0,0,1,1,1,1785456722
2026-07-31T00:41:35Z,1160,9,1,9,1,0,1,1,1,1785458133
2026-07-31T00:41:35Z,1161,5,1,13,1,0,1,1,1,1785456852
2026-07-31T00:41:35Z,1162,0,0,19,0,0,1,1,1,1785457108
2026-07-31T00:41:35Z,1163,1,1,17,1,0,1,1,1,1785458303
2026-07-31T00:41:35Z,1164,4,1,15,0,0,1,1,1,1785458362
2026-07-31T00:41:35Z,1165,8,1,13,0,0,1,1,1,1785457263
2026-07-31T00:41:35Z,1166,9,4,12,0,0,1,1,1,1785456765
2026-07-31T00:41:35Z,1167,4,0,11,0,0,1,1,1,1785458101
2026-07-31T00:41:35Z,1168,1,0,22,0,0,1,1,1,1785456704
2026-07-31T00:41:35Z,1169,3,0,15,1,0,1,1,1,1785458208
2026-07-31T00:41:35Z,1170,6,0,14,1,0,1,1,1,1785456746
2026-07-31T00:41:35Z,1171,6,6,16,1,0,1,1,1,1785458203
2026-07-31T00:41:35Z,1172,7,2,6,2,0,1,1,1,1785458405
2026-07-31T00:41:35Z,1173,10,3,9,0,0,1,1,1,1785458447
2026-07-31T00:41:35Z,1174,5,2,9,1,0,1,1,1,1785458186
2026-07-31T00:41:35Z,1175,7,3,12,0,0,1,1,1,1785456851
2026-07-31T00:41:35Z,1176,19,1,2,0,0,1,1,1,1785457642
2026-07-31T00:41:35Z,1177,3,1,18,0,0,1,1,1,1785457564
2026-07-31T00:41:35Z,1178,1,0,14,0,0,1,1,1,1785458170
2026-07-31T00:41:35Z,1181,11,0,2,2,0,1,1,1,1785457083
2026-07-31T00:41:35Z,1182,13,5,6,1,0,1,1,1,1785458360
2026-07-31T00:41:35Z,1183,4,0,39,2,0,1,1,1,1785458105
2026-07-31T00:41:35Z,1184,1,1,19,1,0,1,1,1,1785458306
2026-07-31T00:41:35Z,1185,10,5,11,0,0,1,1,1,1785457667
2026-07-31T00:41:35Z,1186,9,5,10,0,0,1,1,1,1785456902
2026-07-31T00:41:35Z,1187,11,6,9,1,0,1,1,1,1785457840
2026-07-31T00:41:35Z,1188,9,3,6,0,0,1,1,1,1785458427
2026-07-31T00:41:35Z,1189,10,5,9,0,0,1,1,1,1785458472
2026-07-31T00:41:35Z,1190,10,5,11,0,0,1,1,1,1785457849
2026-07-31T00:41:35Z,1191,10,5,5,0,0,1,1,1,1785458432
2026-07-31T00:41:35Z,1192,11,7,10,0,0,1,1,1,1785458217
2026-07-31T00:41:35Z,1193,6,4,5,2,0,1,1,1,1785457521
2026-07-31T00:41:35Z,1197,9,6,7,1,0,1,1,1,1785457396
2026-07-31T00:41:35Z,1198,14,4,5,2,0,1,1,1,1785456927
2026-07-31T00:41:35Z,1199,2,0,17,0,0,1,1,1,1785456960
2026-07-31T00:41:35Z,1200,10,5,5,0,0,1,1,1,1785458470
2026-07-31T00:41:35Z,1201,9,4,6,0,0,1,1,1,1785458446
2026-07-31T00:41:35Z,1202,10,5,5,0,0,1,1,1,1785456727
2026-07-31T00:41:35Z,1203,10,5,5,0,0,1,1,1,1785458436
2026-07-31T00:41:35Z,1204,7,3,11,1,0,1,1,1,1785458153
2026-07-31T00:41:35Z,1206,11,5,10,0,0,1,1,1,1785457354
2026-07-31T00:41:35Z,1207,10,5,5,0,0,1,1,1,1785456941
2026-07-31T00:41:35Z,1208,7,2,11,1,0,1,1,1,1785456819
2026-07-31T00:41:35Z,1216,7,0,13,1,0,1,1,1,1785457590
2026-07-31T00:41:35Z,1218,5,0,16,0,0,1,1,1,1785457986
2026-07-31T00:41:35Z,1219,7,2,7,1,0,1,1,1,1785457898
2026-07-31T00:41:35Z,1220,14,7,4,1,0,1,1,1,1785457771
2026-07-31T00:41:35Z,1221,2,2,19,0,0,1,1,1,1785457294
2026-07-31T00:41:35Z,1222,21,1,8,0,0,1,1,1,1785458235
2026-07-31T00:41:35Z,1223,21,2,6,2,0,1,1,1,1785458474
2026-07-31T00:41:35Z,1226,0,0,3,0,0,0,1,1,1781868931
2026-07-31T00:41:35Z,1227,15,2,10,0,0,1,1,1,1785458180
2026-07-31T00:41:35Z,1228,15,1,14,0,0,1,1,1,1785458464
2026-07-31T00:41:35Z,1229,45,1,0,0,0,1,1,1,1785458433
2026-07-31T00:46:35Z,1,1,0,22,0,0,1,1,1,1785458176
2026-07-31T00:46:35Z,2,22,0,3,2,0,1,1,1,1785458297
2026-07-31T00:46:35Z,3,3,0,10,1,0,1,1,1,1785458746
2026-07-31T00:46:35Z,4,21,1,0,1,0,1,1,1,1785456637
2026-07-31T00:46:35Z,5,8,3,15,0,0,1,1,1,1785456282
2026-07-31T00:46:35Z,6,15,1,0,0,0,1,1,1,1785458684
2026-07-31T00:46:35Z,7,9,0,30,0,0,1,1,1,1785458727
2026-07-31T00:46:35Z,8,3,0,40,0,0,1,1,1,1785455298
2026-07-31T00:46:35Z,9,8,0,13,2,0,1,1,1,1785458773
2026-07-31T00:46:35Z,10,0,0,21,2,0,1,1,1,1785458259
2026-07-31T00:46:35Z,11,5,0,13,1,0,1,1,1,1785458453
2026-07-31T00:46:35Z,12,15,0,8,0,0,1,1,1,1785458646
2026-07-31T00:46:35Z,13,19,2,11,0,0,1,1,1,1785458737
2026-07-31T00:46:35Z,14,36,0,6,0,1,1,1,1,1785458731
2026-07-31T00:46:35Z,15,7,0,8,0,0,1,1,1,1785458086
2026-07-31T00:46:35Z,16,9,0,14,3,1,1,1,1,1785458698
2026-07-31T00:46:35Z,17,22,0,4,1,0,1,1,1,1785458727
2026-07-31T00:46:35Z,18,14,0,2,2,0,1,1,1,1785458480
2026-07-31T00:46:35Z,19,7,2,19,1,0,1,1,1,1785458627
2026-07-31T00:46:35Z,20,23,0,12,0,0,1,1,1,1785458538
2026-07-31T00:46:35Z,21,18,0,1,0,0,1,1,1,1785458786
2026-07-31T00:46:35Z,22,43,0,21,1,0,1,1,1,1785458669
2026-07-31T00:46:35Z,23,21,4,10,0,0,1,1,1,1785458760
2026-07-31T00:46:35Z,24,10,2,0,1,0,1,1,1,1785458782
2026-07-31T00:46:35Z,25,75,1,3,3,0,1,1,1,1785458742
2026-07-31T00:46:35Z,26,7,0,20,0,0,1,1,1,1785456754
2026-07-31T00:46:35Z,28,2,0,13,0,0,1,1,1,1785458424
2026-07-31T00:46:35Z,30,11,1,16,2,0,1,1,1,1785458357
2026-07-31T00:46:35Z,31,1,0,16,2,0,1,1,1,1785458550
2026-07-31T00:46:35Z,32,20,4,7,0,0,1,1,1,1785458516
2026-07-31T00:46:35Z,34,24,1,13,0,0,1,1,1,1785458681
2026-07-31T00:46:35Z,35,47,0,0,0,0,1,1,1,1785458199
2026-07-31T00:46:35Z,36,0,0,0,0,0,0,1,1,86400
2026-07-31T00:46:35Z,37,19,1,4,0,0,1,1,1,1785458598
2026-07-31T00:46:35Z,38,7,0,16,0,0,1,1,1,1785458025
2026-07-31T00:46:35Z,39,23,1,16,0,0,1,1,1,1785458577
2026-07-31T00:46:35Z,40,10,1,9,2,0,1,1,1,1785458310
2026-07-31T00:46:35Z,41,7,1,35,1,0,1,1,1,1785458465
2026-07-31T00:46:35Z,42,26,4,5,0,0,1,1,1,1785458740
2026-07-31T00:46:35Z,43,3,0,19,1,0,1,1,1,1785458673
2026-07-31T00:46:35Z,45,6,1,22,1,0,1,1,1,1785458210
2026-07-31T00:46:35Z,46,4,2,27,0,0,1,1,1,1785458779
2026-07-31T00:46:35Z,47,13,2,1,1,0,1,1,1,1785458335
2026-07-31T00:46:35Z,48,13,0,14,0,0,1,1,1,1785458301
2026-07-31T00:46:35Z,49,0,0,19,4,0,1,1,1,1785458784
2026-07-31T00:46:35Z,50,1,0,18,0,0,1,1,1,1785457612
2026-07-31T00:46:35Z,51,45,1,32,0,0,1,1,1,1785458595
2026-07-31T00:46:35Z,52,4,0,20,3,0,1,1,1,1785458555
2026-07-31T00:46:35Z,55,0,0,23,0,0,1,1,1,1785458682
2026-07-31T00:46:35Z,56,2,1,41,0,0,1,1,1,1785458732
2026-07-31T00:46:35Z,57,7,1,20,0,0,1,1,1,1785458615
2026-07-31T00:46:35Z,58,2,2,25,1,0,1,1,1,1785458504
2026-07-31T00:46:35Z,59,0,0,25,2,0,1,1,1,1785458711
2026-07-31T00:46:35Z,61,17,2,22,0,0,1,1,1,1785458756
2026-07-31T00:46:35Z,62,14,14,33,2,0,1,1,1,1785458692
2026-07-31T00:46:35Z,63,1,0,18,0,0,1,1,1,1785458773
2026-07-31T00:46:35Z,64,15,0,0,4,0,1,1,1,1785458251
2026-07-31T00:46:35Z,65,14,5,4,1,0,1,1,1,1785457144
2026-07-31T00:46:35Z,67,1,1,38,0,0,1,1,1,1785458310
2026-07-31T00:46:35Z,68,5,0,32,0,0,1,1,1,1785458041
2026-07-31T00:46:35Z,69,1,0,12,2,0,1,1,1,1785457864
2026-07-31T00:46:35Z,71,3,2,23,1,0,1,1,1,1785458703
2026-07-31T00:46:35Z,72,12,5,18,1,0,1,1,1,1785458087
2026-07-31T00:46:35Z,73,2,1,29,0,0,1,1,1,1785458783
2026-07-31T00:46:35Z,74,5,2,14,0,0,1,1,1,1785458146
2026-07-31T00:46:35Z,75,0,0,30,2,0,1,1,1,1785456645
2026-07-31T00:46:35Z,76,1,0,17,1,0,1,1,1,1785458779
2026-07-31T00:46:35Z,77,10,1,16,1,0,1,1,1,1785458669
2026-07-31T00:46:35Z,78,3,2,20,0,0,1,1,1,1785458527
2026-07-31T00:46:35Z,79,2,1,14,1,0,1,1,1,1785458399
2026-07-31T00:46:35Z,80,17,1,3,3,0,1,1,1,1785458715
2026-07-31T00:46:35Z,81,9,0,22,0,0,1,1,1,1785458681
2026-07-31T00:46:35Z,82,1,1,22,0,0,1,1,1,1785458366
2026-07-31T00:46:35Z,83,8,2,24,2,0,1,1,1,1785458745
2026-07-31T00:46:35Z,84,9,5,18,0,0,1,1,1,1785458785
2026-07-31T00:46:35Z,85,5,0,10,0,0,1,1,1,1785458753
2026-07-31T00:46:35Z,86,0,0,26,1,0,1,1,1,1785458696
2026-07-31T00:46:35Z,87,3,0,16,0,0,1,1,1,1785457315
2026-07-31T00:46:35Z,88,3,0,39,1,0,1,1,1,1785458758
2026-07-31T00:46:35Z,89,34,0,1,0,0,1,1,1,1785458636
2026-07-31T00:46:35Z,90,13,1,4,1,0,1,1,1,1785458701
2026-07-31T00:46:35Z,91,9,1,8,0,0,1,1,1,1785458287
2026-07-31T00:46:35Z,92,6,0,11,2,0,1,1,1,1785458628
2026-07-31T00:46:35Z,93,21,0,2,0,0,1,1,1,1785458717
2026-07-31T00:46:35Z,94,16,1,2,1,0,1,1,1,1785458749
2026-07-31T00:46:35Z,95,10,2,23,1,1,1,1,1,1785458779
2026-07-31T00:46:35Z,96,2,0,28,1,0,1,1,1,1785458785
2026-07-31T00:46:35Z,97,16,0,0,1,0,1,1,1,1785458765
2026-07-31T00:46:35Z,98,16,6,18,1,0,1,1,1,1785458762
2026-07-31T00:46:35Z,99,15,0,0,0,0,1,1,1,1785458366
2026-07-31T00:46:35Z,100,27,1,0,0,0,1,1,1,1785456103
2026-07-31T00:46:35Z,101,14,1,0,1,0,1,1,1,1785457984
2026-07-31T00:46:35Z,102,22,1,1,0,0,1,1,1,1785458155
2026-07-31T00:46:35Z,103,29,2,0,1,0,1,1,1,1785458768
2026-07-31T00:46:35Z,104,23,0,2,2,0,1,1,1,1785458785
2026-07-31T00:46:35Z,105,16,0,3,0,0,1,1,1,1785458519
2026-07-31T00:46:35Z,106,0,0,21,0,0,1,1,1,1785458543
2026-07-31T00:46:35Z,107,36,0,1,0,0,1,1,1,1785458779
2026-07-31T00:46:35Z,108,33,1,2,0,0,1,1,1,1785458726
2026-07-31T00:46:35Z,109,20,3,3,0,0,1,1,1,1785458767
2026-07-31T00:46:35Z,110,8,1,15,0,0,1,1,1,1785458631
2026-07-31T00:46:35Z,111,6,0,30,0,0,1,1,1,1785458677
2026-07-31T00:46:35Z,112,13,0,1,1,0,1,1,1,1785458582
2026-07-31T00:46:35Z,113,17,2,1,1,0,1,1,1,1785458747
2026-07-31T00:46:35Z,114,1,1,28,1,1,1,1,1,1785458622
2026-07-31T00:46:35Z,115,0,0,24,4,0,1,1,1,1785458689
2026-07-31T00:46:35Z,116,9,6,18,0,0,1,1,1,1785458114
2026-07-31T00:46:35Z,118,18,12,2,3,0,1,1,1,1785458522
2026-07-31T00:46:35Z,119,2,0,33,3,0,1,1,1,1785458331
2026-07-31T00:46:35Z,120,9,2,17,1,0,1,1,1,1785458652
2026-07-31T00:46:35Z,121,3,0,15,0,1,1,1,1,1785458711
2026-07-31T00:46:35Z,122,8,0,12,1,0,1,1,1,1785458603
2026-07-31T00:46:35Z,123,20,0,27,0,0,1,1,1,1785458678
2026-07-31T00:46:35Z,124,19,11,15,1,0,1,1,1,1785458746
2026-07-31T00:46:35Z,125,2,1,21,0,0,1,1,1,1785458775
2026-07-31T00:46:35Z,126,8,1,23,0,0,1,1,1,1785458612
2026-07-31T00:46:35Z,127,1,1,33,1,0,1,1,1,1785458765
2026-07-31T00:46:35Z,128,14,12,4,1,0,1,1,1,1785458776
2026-07-31T00:46:35Z,129,8,2,10,1,0,1,1,1,1785458749
2026-07-31T00:46:35Z,130,4,0,13,0,0,1,1,1,1785457733
2026-07-31T00:46:35Z,131,5,3,4,2,0,1,1,1,1785456847
2026-07-31T00:46:35Z,132,1,0,13,0,1,1,1,1,1785458305
2026-07-31T00:46:35Z,134,8,6,13,2,0,1,1,1,1785458761
2026-07-31T00:46:35Z,135,8,1,10,1,0,1,1,1,1785458651
2026-07-31T00:46:35Z,136,19,4,4,0,0,1,1,1,1785458175
2026-07-31T00:46:35Z,137,4,4,14,1,0,1,1,1,1785458769
2026-07-31T00:46:35Z,138,22,4,15,0,0,1,1,1,1785458656
2026-07-31T00:46:35Z,139,11,5,6,2,0,1,1,1,1785458537
2026-07-31T00:46:35Z,140,9,6,13,1,0,1,1,1,1785458781
2026-07-31T00:46:35Z,141,12,8,24,0,0,1,1,1,1785458775
2026-07-31T00:46:35Z,142,10,2,13,0,0,1,1,1,1785458671
2026-07-31T00:46:35Z,143,14,5,17,0,0,1,1,1,1785458704
2026-07-31T00:46:35Z,144,25,1,2,0,0,1,1,1,1785458631
2026-07-31T00:46:35Z,145,22,7,6,1,0,1,1,1,1785458525
2026-07-31T00:46:35Z,146,5,2,17,1,0,1,1,1,1785458515
2026-07-31T00:46:35Z,147,2,0,15,2,0,1,1,1,1785458557
2026-07-31T00:46:35Z,148,4,3,23,0,0,1,1,1,1785458547
2026-07-31T00:46:35Z,149,2,2,25,0,0,1,1,1,1785458760
2026-07-31T00:46:35Z,150,23,7,10,2,0,1,1,1,1785458642
2026-07-31T00:46:35Z,151,12,4,11,0,0,1,1,1,1785458692
2026-07-31T00:46:35Z,152,20,3,3,4,0,1,1,1,1785458733
2026-07-31T00:46:35Z,153,1,1,0,29,1,1,1,1,1785458747
2026-07-31T00:46:35Z,154,15,1,5,3,0,1,1,1,1785458708
2026-07-31T00:46:35Z,155,13,6,0,1,0,1,1,1,1785458497
2026-07-31T00:46:35Z,156,16,1,3,0,0,1,1,1,1785457680
2026-07-31T00:46:35Z,157,9,1,15,3,0,1,1,1,1785458785
2026-07-31T00:46:35Z,158,1,0,15,0,0,1,1,1,1785457417
2026-07-31T00:46:35Z,159,11,2,8,0,0,1,1,1,1785458640
2026-07-31T00:46:35Z,160,6,2,13,0,0,1,1,1,1785458497
2026-07-31T00:46:35Z,161,11,0,11,0,0,1,1,1,1785458784
2026-07-31T00:46:35Z,162,8,7,16,3,0,1,1,1,1785458323
2026-07-31T00:46:35Z,163,11,0,19,0,1,1,1,1,1785458612
2026-07-31T00:46:35Z,164,26,5,1,0,0,1,1,1,1785458287
2026-07-31T00:46:35Z,165,29,6,1,1,0,1,1,1,1785458603
2026-07-31T00:46:35Z,166,15,7,20,4,0,1,1,1,1785458785
2026-07-31T00:46:35Z,167,12,5,10,1,0,1,1,1,1785458739
2026-07-31T00:46:35Z,168,7,2,19,1,0,1,1,1,1785458755
2026-07-31T00:46:35Z,169,14,3,8,0,1,1,1,1,1785458615
2026-07-31T00:46:35Z,170,3,3,15,1,0,1,1,1,1785458080
2026-07-31T00:46:35Z,171,7,1,4,2,0,1,1,1,1785458672
2026-07-31T00:46:35Z,173,35,4,4,0,0,1,1,1,1785458780
2026-07-31T00:46:35Z,174,14,0,9,3,0,1,1,1,1785458500
2026-07-31T00:46:35Z,175,28,0,3,0,0,1,1,1,1785458732
2026-07-31T00:46:35Z,176,5,2,6,3,1,1,1,1,1785458732
2026-07-31T00:46:35Z,177,21,10,6,0,0,1,1,1,1785458712
2026-07-31T00:46:35Z,178,12,3,0,2,1,1,1,1,1785458781
2026-07-31T00:46:35Z,179,11,6,3,1,0,1,1,1,1785458756
2026-07-31T00:46:35Z,180,28,1,2,0,0,1,1,1,1785458479
2026-07-31T00:46:35Z,181,2,2,12,1,0,1,1,1,1785458782
2026-07-31T00:46:35Z,182,4,2,13,0,0,1,1,1,1785458466
2026-07-31T00:46:35Z,183,13,3,10,0,0,1,1,1,1785458581
2026-07-31T00:46:35Z,184,10,1,11,2,0,1,1,1,1785458730
2026-07-31T00:46:35Z,185,3,0,10,1,1,1,1,1,1785458374
2026-07-31T00:46:35Z,186,3,2,16,0,0,1,1,1,1785458429
2026-07-31T00:46:35Z,187,17,2,10,1,0,1,1,1,1785458750
2026-07-31T00:46:35Z,188,19,0,0,8,0,1,1,1,1785458770
2026-07-31T00:46:35Z,189,1,0,14,0,0,1,1,1,1785458372
2026-07-31T00:46:35Z,190,7,5,16,0,0,1,1,1,1785458689
2026-07-31T00:46:35Z,191,0,0,39,0,0,1,1,1,1785458545
2026-07-31T00:46:35Z,192,7,5,20,4,0,1,1,1,1785458700
2026-07-31T00:46:35Z,193,11,6,2,2,0,1,1,1,1785458699
2026-07-31T00:46:35Z,194,0,0,26,1,0,1,1,1,1785458148
2026-07-31T00:46:35Z,195,4,3,15,0,0,1,1,1,1785458174
2026-07-31T00:46:35Z,196,15,7,9,3,0,1,1,1,1785458311
2026-07-31T00:46:35Z,197,3,0,15,0,1,1,1,1,1785458767
2026-07-31T00:46:35Z,198,14,13,9,0,0,1,1,1,1785458679
2026-07-31T00:46:35Z,199,8,8,6,1,0,1,1,1,1785458739
2026-07-31T00:46:35Z,200,16,7,10,0,0,1,1,1,1785458763
2026-07-31T00:46:35Z,201,3,1,20,0,0,1,1,1,1785458764
2026-07-31T00:46:35Z,202,20,1,7,0,0,1,1,1,1785458762
2026-07-31T00:46:35Z,203,18,0,12,1,0,1,1,1,1785458112
2026-07-31T00:46:35Z,204,15,0,17,3,0,1,1,1,1785458757
2026-07-31T00:46:35Z,205,8,2,19,0,0,1,1,1,1785458516
2026-07-31T00:46:35Z,206,6,6,8,1,0,1,1,1,1785458418
2026-07-31T00:46:35Z,207,21,0,0,0,0,1,1,1,1785458185
2026-07-31T00:46:35Z,208,2,1,27,0,0,1,1,1,1785458321
2026-07-31T00:46:35Z,209,12,3,18,1,0,1,1,1,1785458771
2026-07-31T00:46:35Z,210,1,1,25,1,0,1,1,1,1785457941
2026-07-31T00:46:35Z,211,2,2,20,1,0,1,1,1,1785457394
2026-07-31T00:46:35Z,212,24,2,10,1,0,1,1,1,1785458653
2026-07-31T00:46:35Z,213,22,2,0,1,0,1,1,1,1785458610
2026-07-31T00:46:35Z,214,9,7,30,8,0,1,1,1,1785458774
2026-07-31T00:46:35Z,215,3,2,20,0,0,1,1,1,1785458434
2026-07-31T00:46:35Z,216,4,0,14,1,0,1,1,1,1785458341
2026-07-31T00:46:35Z,217,22,0,6,1,0,1,1,1,1785458681
2026-07-31T00:46:35Z,218,10,8,24,5,0,1,1,1,1785458704
2026-07-31T00:46:35Z,219,24,0,1,1,0,1,1,1,1785458740
2026-07-31T00:46:35Z,220,18,17,22,2,1,1,1,1,1785458656
2026-07-31T00:46:35Z,221,6,6,8,1,0,1,1,1,1785458718
2026-07-31T00:46:35Z,222,15,9,3,1,0,1,1,1,1785458748
2026-07-31T00:46:35Z,223,2,0,31,2,0,1,1,1,1785458729
2026-07-31T00:46:35Z,224,16,16,5,1,0,1,1,1,1785458673
2026-07-31T00:46:35Z,225,10,0,4,5,0,1,1,1,1785458746
2026-07-31T00:46:35Z,226,16,5,15,0,0,1,1,1,1785458649
2026-07-31T00:46:35Z,227,15,9,10,1,1,1,1,1,1785458740
2026-07-31T00:46:35Z,228,13,8,6,0,0,1,1,1,1785458725
2026-07-31T00:46:35Z,230,26,4,0,0,0,1,1,1,1785458549
2026-07-31T00:46:35Z,232,7,2,9,1,0,1,1,1,1785457852
2026-07-31T00:46:35Z,233,22,5,8,1,0,1,1,1,1785458534
2026-07-31T00:46:35Z,234,7,3,7,4,1,1,1,1,1785458731
2026-07-31T00:46:35Z,236,2,0,17,0,0,1,1,1,1785458427
2026-07-31T00:46:35Z,237,4,0,18,1,0,1,1,1,1785457620
2026-07-31T00:46:35Z,239,17,10,8,2,0,1,1,1,1785458741
2026-07-31T00:46:35Z,241,8,5,15,0,0,1,1,1,1785458181
2026-07-31T00:46:35Z,242,1,1,21,1,0,1,1,1,1785458722
2026-07-31T00:46:35Z,243,6,6,22,3,0,1,1,1,1785458700
2026-07-31T00:46:35Z,244,0,0,26,1,0,1,1,1,1785458536
2026-07-31T00:46:35Z,245,12,12,10,1,0,1,1,1,1785458635
2026-07-31T00:46:35Z,246,6,2,17,0,0,1,1,1,1785458620
2026-07-31T00:46:35Z,247,14,10,9,0,0,1,1,1,1785458457
2026-07-31T00:46:35Z,248,0,0,20,3,0,1,1,1,1785458513
2026-07-31T00:46:35Z,249,5,3,14,0,0,1,1,1,1785458684
2026-07-31T00:46:35Z,250,5,1,20,2,0,1,1,1,1785458391
2026-07-31T00:46:35Z,251,10,9,16,1,0,1,1,1,1785458121
2026-07-31T00:46:35Z,253,5,2,13,1,0,1,1,1,1785458719
2026-07-31T00:46:35Z,254,15,10,27,1,0,1,1,1,1785458643
2026-07-31T00:46:35Z,255,2,1,20,0,1,1,1,1,1785458582
2026-07-31T00:46:35Z,256,9,7,13,1,0,1,1,1,1785458748
2026-07-31T00:46:35Z,257,8,5,9,2,0,1,1,1,1785458368
2026-07-31T00:46:35Z,258,6,6,12,1,0,1,1,1,1785458617
2026-07-31T00:46:35Z,259,14,1,8,0,1,1,1,1,1785458391
2026-07-31T00:46:35Z,260,5,1,13,1,0,1,1,1,1785458354
2026-07-31T00:46:35Z,261,11,1,6,1,1,1,1,1,1785458033
2026-07-31T00:46:35Z,262,17,2,6,0,0,1,1,1,1785458709
2026-07-31T00:46:35Z,263,12,3,3,0,0,1,1,1,1785458672
2026-07-31T00:46:35Z,264,7,0,11,1,0,1,1,1,1785458324
2026-07-31T00:46:35Z,265,11,2,4,0,0,1,1,1,1785458218
2026-07-31T00:46:35Z,266,12,7,6,1,0,1,1,1,1785458715
2026-07-31T00:46:35Z,267,4,0,9,2,0,1,1,1,1785456188
2026-07-31T00:46:35Z,268,17,7,6,0,0,1,1,1,1785458423
2026-07-31T00:46:35Z,269,7,1,16,0,0,1,1,1,1785458464
2026-07-31T00:46:35Z,270,24,2,2,1,0,1,1,1,1785458385
2026-07-31T00:46:35Z,271,2,0,15,2,0,1,1,1,1785458652
2026-07-31T00:46:35Z,272,12,7,11,0,0,1,1,1,1785458769
2026-07-31T00:46:35Z,273,8,3,7,0,0,1,1,1,1785458532
2026-07-31T00:46:35Z,274,11,4,8,0,0,1,1,1,1785458649
2026-07-31T00:46:35Z,275,9,0,14,0,0,1,1,1,1785458537
2026-07-31T00:46:35Z,276,1,0,26,0,0,1,1,1,1785458333
2026-07-31T00:46:35Z,277,0,0,19,4,0,1,1,1,1785458483
2026-07-31T00:46:35Z,278,2,1,27,1,1,1,1,1,1785458737
2026-07-31T00:46:35Z,279,6,6,13,0,0,1,1,1,1785458447
2026-07-31T00:46:35Z,280,1,0,28,2,0,1,1,1,1785458556
2026-07-31T00:46:35Z,281,19,1,0,0,0,1,1,1,1785458720
2026-07-31T00:46:35Z,282,1,0,16,1,0,1,1,1,1785454029
2026-07-31T00:46:35Z,283,22,0,13,0,0,1,1,1,1785458707
2026-07-31T00:46:35Z,284,17,1,15,3,0,1,1,1,1785457768
2026-07-31T00:46:35Z,285,2,0,21,0,0,1,1,1,1785458471
2026-07-31T00:46:35Z,286,17,10,4,2,0,1,1,1,1785458553
2026-07-31T00:46:35Z,287,12,0,9,2,0,1,1,1,1785458670
2026-07-31T00:46:35Z,288,10,6,9,0,0,1,1,1,1785458641
2026-07-31T00:46:35Z,289,7,3,18,2,0,1,1,1,1785458733
2026-07-31T00:46:35Z,290,24,1,13,2,0,1,1,1,1785458231
2026-07-31T00:46:35Z,291,6,0,16,1,0,1,1,1,1785458632
2026-07-31T00:46:35Z,292,0,0,23,0,0,1,1,1,1785457343
2026-07-31T00:46:35Z,293,14,7,8,1,0,1,1,1,1785458606
2026-07-31T00:46:35Z,294,6,3,12,4,0,1,1,1,1785458786
2026-07-31T00:46:35Z,297,10,0,6,2,1,1,1,1,1785458743
2026-07-31T00:46:35Z,301,14,0,4,1,0,1,1,1,1785458629
2026-07-31T00:46:35Z,302,11,0,11,1,0,1,1,1,1785457101
2026-07-31T00:46:35Z,303,4,0,15,0,0,1,1,1,1785458446
2026-07-31T00:46:35Z,304,0,0,0,0,0,0,1,1,86400
2026-07-31T00:46:35Z,305,18,0,0,1,0,1,1,1,1785458503
2026-07-31T00:46:35Z,306,3,0,29,0,0,1,1,1,1785458314
2026-07-31T00:46:35Z,307,15,3,8,0,0,1,1,1,1785458779
2026-07-31T00:46:35Z,308,13,1,4,2,0,1,1,1,1785458610
2026-07-31T00:46:35Z,309,2,0,11,1,0,1,1,1,1785458111
2026-07-31T00:46:35Z,311,10,0,5,0,0,1,1,1,1785458360
2026-07-31T00:46:35Z,312,1,1,18,3,1,1,1,1,1785458781
2026-07-31T00:46:35Z,313,6,0,9,0,0,1,1,1,1785457649
2026-07-31T00:46:35Z,314,4,4,11,3,0,1,1,1,1785458082
2026-07-31T00:46:35Z,315,23,13,5,3,0,1,1,1,1785458614
2026-07-31T00:46:35Z,316,12,3,12,6,1,1,1,1,1785458756
2026-07-31T00:46:35Z,317,0,0,29,1,1,1,1,1,1785458760
2026-07-31T00:46:35Z,318,13,0,6,0,0,1,1,1,1785456267
2026-07-31T00:46:35Z,319,7,2,15,1,0,1,1,1,1785458687
2026-07-31T00:46:35Z,320,3,0,15,1,0,1,1,1,1785456989
2026-07-31T00:46:35Z,321,9,0,8,2,0,1,1,1,1785456753
2026-07-31T00:46:35Z,322,15,0,12,2,0,1,1,1,1785458607
2026-07-31T00:46:35Z,323,12,1,7,0,0,1,1,1,1785457490
2026-07-31T00:46:35Z,324,0,0,25,2,0,1,1,1,1785458786
2026-07-31T00:46:35Z,325,5,1,20,2,0,1,1,1,1785458764
2026-07-31T00:46:35Z,327,22,2,5,0,0,1,1,1,1785458756
2026-07-31T00:46:35Z,328,21,1,0,1,0,1,1,1,1785458694
2026-07-31T00:46:35Z,329,8,1,11,0,0,1,1,1,1785456953
2026-07-31T00:46:35Z,330,3,0,19,0,0,1,1,1,1785458618
2026-07-31T00:46:35Z,331,19,1,2,2,0,1,1,1,1785457881
2026-07-31T00:46:35Z,332,5,2,13,1,0,1,1,1,1785457143
2026-07-31T00:46:35Z,333,10,4,12,1,0,1,1,1,1785458480
2026-07-31T00:46:35Z,334,6,3,17,0,0,1,1,1,1785458777
2026-07-31T00:46:35Z,335,0,0,22,0,1,1,1,1,1785458699
2026-07-31T00:46:35Z,336,4,0,15,0,0,1,1,1,1785458489
2026-07-31T00:46:35Z,337,14,0,5,4,0,1,1,1,1785458555
2026-07-31T00:46:35Z,338,2,2,17,0,0,1,1,1,1785458770
2026-07-31T00:46:35Z,339,3,1,20,0,0,1,1,1,1785458725
2026-07-31T00:46:35Z,340,2,1,12,1,0,1,1,1,1785458243
2026-07-31T00:46:35Z,341,6,1,13,0,0,1,1,1,1785457554
2026-07-31T00:46:35Z,342,8,5,7,0,0,1,1,1,1785457917
2026-07-31T00:46:35Z,343,1,0,21,1,0,1,1,1,1785458251
2026-07-31T00:46:35Z,344,16,3,7,0,0,1,1,1,1785457962
2026-07-31T00:46:35Z,345,15,2,4,0,0,1,1,1,1785458779
2026-07-31T00:46:35Z,346,5,4,18,0,0,1,1,1,1785458479
2026-07-31T00:46:35Z,347,12,2,27,5,0,1,1,1,1785458784
2026-07-31T00:46:35Z,348,13,0,8,1,1,1,1,1,1785458531
2026-07-31T00:46:35Z,349,5,1,14,0,0,1,1,1,1785458646
2026-07-31T00:46:35Z,350,8,1,16,2,1,1,1,1,1785458740
2026-07-31T00:46:35Z,351,6,1,13,4,0,1,1,1,1785458487
2026-07-31T00:46:35Z,355,2,1,21,0,0,1,1,1,1785458362
2026-07-31T00:46:35Z,356,10,0,9,0,0,1,1,1,1785458446
2026-07-31T00:46:35Z,357,3,3,16,0,0,1,1,1,1785458744
2026-07-31T00:46:35Z,358,10,1,17,0,0,1,1,1,1785458610
2026-07-31T00:46:35Z,359,7,0,20,0,0,1,1,1,1785458727
2026-07-31T00:46:35Z,360,7,3,12,0,0,1,1,1,1785458570
2026-07-31T00:46:35Z,362,7,4,11,1,0,1,1,1,1785458500
2026-07-31T00:46:35Z,363,12,0,15,0,0,1,1,1,1785458758
2026-07-31T00:46:35Z,364,9,2,10,0,0,1,1,1,1785458302
2026-07-31T00:46:35Z,365,3,1,16,4,0,1,1,1,1785458435
2026-07-31T00:46:35Z,366,8,3,10,5,0,1,1,1,1785458707
2026-07-31T00:46:35Z,367,16,8,1,2,0,1,1,1,1785458671
2026-07-31T00:46:35Z,368,10,3,12,1,0,1,1,1,1785458740
2026-07-31T00:46:35Z,370,4,4,23,0,0,1,1,1,1785458732
2026-07-31T00:46:35Z,371,10,5,7,2,0,1,1,1,1785458237
2026-07-31T00:46:35Z,372,1,1,14,0,0,1,1,1,1785458091
2026-07-31T00:46:35Z,373,13,5,14,0,0,1,1,1,1785458552
2026-07-31T00:46:35Z,374,3,2,14,2,0,1,1,1,1785458760
2026-07-31T00:46:35Z,375,14,0,10,3,0,1,1,1,1785458672
2026-07-31T00:46:35Z,376,27,1,9,3,0,1,1,1,1785458619
2026-07-31T00:46:35Z,377,6,0,19,2,0,1,1,1,1785458732
2026-07-31T00:46:35Z,378,13,3,9,1,1,1,1,1,1785458763
2026-07-31T00:46:35Z,379,14,0,13,0,0,1,1,1,1785458774
2026-07-31T00:46:35Z,380,7,1,16,0,0,1,1,1,1785458682
2026-07-31T00:46:35Z,381,16,1,7,0,0,1,1,1,1785458624
2026-07-31T00:46:35Z,383,13,1,1,1,0,1,1,1,1785458333
2026-07-31T00:46:35Z,384,26,3,0,1,0,1,1,1,1785457193
2026-07-31T00:46:35Z,385,1,0,14,3,0,1,1,1,1785458393
2026-07-31T00:46:35Z,387,5,0,18,0,0,1,1,1,1785458052
2026-07-31T00:46:35Z,388,15,1,33,1,0,1,1,1,1785458732
2026-07-31T00:46:35Z,389,5,5,10,0,0,1,1,1,1785458136
2026-07-31T00:46:35Z,390,22,2,13,0,0,1,1,1,1785458691
2026-07-31T00:46:35Z,391,5,0,10,0,0,1,1,1,1785458226
2026-07-31T00:46:35Z,392,2,2,16,1,0,1,1,1,1785458766
2026-07-31T00:46:35Z,393,0,0,9,2,0,1,1,1,1785457581
2026-07-31T00:46:35Z,394,0,0,11,2,0,1,1,1,1785454721
2026-07-31T00:46:35Z,396,17,14,22,3,0,1,1,1,1785458675
2026-07-31T00:46:35Z,397,3,3,28,0,0,1,1,1,1785457663
2026-07-31T00:46:35Z,399,12,0,3,2,0,1,1,1,1785458687
2026-07-31T00:46:35Z,400,11,6,10,2,0,1,1,1,1785458352
2026-07-31T00:46:35Z,401,2,0,28,9,0,1,1,1,1785457900
2026-07-31T00:46:35Z,403,8,2,21,2,0,1,1,1,1785458583
2026-07-31T00:46:35Z,404,6,3,17,0,0,1,1,1,1785458695
2026-07-31T00:46:35Z,406,32,1,2,1,0,1,1,1,1785458368
2026-07-31T00:46:35Z,407,6,0,27,1,0,1,1,1,1785457767
2026-07-31T00:46:35Z,408,1,0,32,0,0,1,1,1,1785458554
2026-07-31T00:46:35Z,409,16,1,4,3,0,1,1,1,1785458718
2026-07-31T00:46:35Z,413,8,2,14,1,0,1,1,1,1785457906
2026-07-31T00:46:35Z,414,13,2,2,0,0,1,1,1,1785457468
2026-07-31T00:46:35Z,417,4,3,15,0,0,1,1,1,1785458531
2026-07-31T00:46:35Z,418,0,0,14,1,0,1,1,1,1785456376
2026-07-31T00:46:35Z,419,15,2,8,0,0,1,1,1,1785458624
2026-07-31T00:46:35Z,421,17,1,2,0,0,1,1,1,1785458015
2026-07-31T00:46:35Z,422,4,1,22,1,0,1,1,1,1785458582
2026-07-31T00:46:35Z,423,5,0,17,1,0,1,1,1,1785458618
2026-07-31T00:46:35Z,424,1,0,12,2,0,1,1,1,1785458498
2026-07-31T00:46:35Z,425,0,0,21,0,1,1,1,1,1785457769
2026-07-31T00:46:35Z,426,11,2,23,3,0,1,1,1,1785458775
2026-07-31T00:46:35Z,427,1,0,13,1,0,1,1,1,1785458734
2026-07-31T00:46:35Z,428,15,4,3,1,0,1,1,1,1785458782
2026-07-31T00:46:35Z,429,7,1,13,3,0,1,1,1,1785458628
2026-07-31T00:46:35Z,430,5,1,25,1,0,1,1,1,1785458653
2026-07-31T00:46:35Z,431,15,2,16,2,0,1,1,1,1785458778
2026-07-31T00:46:35Z,432,27,2,3,1,0,1,1,1,1785458760
2026-07-31T00:46:35Z,433,6,3,15,2,0,1,1,1,1785458546
2026-07-31T00:46:35Z,437,15,8,3,1,0,1,1,1,1785458740
2026-07-31T00:46:35Z,438,1,0,17,1,0,1,1,1,1785458690
2026-07-31T00:46:35Z,439,6,2,9,0,0,1,1,1,1785458526
2026-07-31T00:46:35Z,440,2,1,11,2,0,1,1,1,1785458593
2026-07-31T00:46:35Z,441,0,0,15,0,0,1,1,1,1785458641
2026-07-31T00:46:35Z,442,12,5,6,1,0,1,1,1,1785458530
2026-07-31T00:46:35Z,443,3,0,24,0,0,1,1,1,1785456698
2026-07-31T00:46:35Z,444,2,1,21,0,0,1,1,1,1785455134
2026-07-31T00:46:35Z,445,7,2,15,1,0,1,1,1,1785458597
2026-07-31T00:46:35Z,446,2,2,20,1,0,1,1,1,1785457589
2026-07-31T00:46:35Z,447,1,0,20,1,1,1,1,1,1785441257
2026-07-31T00:46:35Z,448,10,2,3,1,1,1,1,1,1785458573
2026-07-31T00:46:35Z,452,3,1,15,1,0,1,1,1,1785458482
2026-07-31T00:46:35Z,453,2,0,12,1,0,1,1,1,1785458221
2026-07-31T00:46:35Z,454,2,0,17,0,0,1,1,1,1785458724
2026-07-31T00:46:35Z,455,0,0,39,0,0,1,1,1,1785457539
2026-07-31T00:46:35Z,456,15,7,4,1,0,1,1,1,1785458676
2026-07-31T00:46:35Z,457,15,1,10,2,0,1,1,1,1785458756
2026-07-31T00:46:35Z,458,7,3,16,0,0,1,1,1,1785458160
2026-07-31T00:46:35Z,459,11,0,4,0,0,1,1,1,1785458362
2026-07-31T00:46:35Z,460,12,2,10,1,0,1,1,1,1785458703
2026-07-31T00:46:35Z,461,5,1,14,0,0,1,1,1,1785458675
2026-07-31T00:46:35Z,462,5,1,16,0,0,1,1,1,1785458764
2026-07-31T00:46:35Z,463,11,2,8,0,0,1,1,1,1785458560
2026-07-31T00:46:35Z,464,0,0,14,0,0,1,1,1,1785458318
2026-07-31T00:46:35Z,465,1,1,14,0,0,1,1,1,1785458247
2026-07-31T00:46:35Z,466,9,3,5,1,0,1,1,1,1785458161
2026-07-31T00:46:35Z,467,2,0,17,0,0,1,1,1,1785458107
2026-07-31T00:46:35Z,468,15,0,3,1,0,1,1,1,1785458470
2026-07-31T00:46:35Z,469,3,0,19,1,0,1,1,1,1785458771
2026-07-31T00:46:35Z,470,8,0,6,1,0,1,1,1,1785458611
2026-07-31T00:46:35Z,471,19,1,8,0,0,1,1,1,1785458732
2026-07-31T00:46:35Z,472,8,3,10,1,0,1,1,1,1785458765
2026-07-31T00:46:35Z,473,5,3,11,3,0,1,1,1,1785458783
2026-07-31T00:46:35Z,474,5,1,13,1,0,1,1,1,1785458658
2026-07-31T00:46:35Z,475,2,0,17,0,0,1,1,1,1785458629
2026-07-31T00:46:35Z,477,4,1,11,0,0,1,1,1,1785458777
2026-07-31T00:46:35Z,478,22,3,8,1,0,1,1,1,1785458777
2026-07-31T00:46:35Z,479,10,1,16,1,0,1,1,1,1785458455
2026-07-31T00:46:35Z,480,3,0,9,3,0,1,1,1,1785457824
2026-07-31T00:46:35Z,481,14,0,19,2,0,1,1,1,1785458710
2026-07-31T00:46:35Z,482,3,0,15,1,0,1,1,1,1785458280
2026-07-31T00:46:35Z,483,15,2,9,3,0,1,1,1,1785458581
2026-07-31T00:46:35Z,484,3,0,16,0,0,1,1,1,1785457934
2026-07-31T00:46:35Z,485,9,6,7,2,1,1,1,1,1785458700
2026-07-31T00:46:35Z,486,3,0,22,2,0,1,1,1,1785458677
2026-07-31T00:46:35Z,487,3,0,15,1,0,1,1,1,1785458685
2026-07-31T00:46:35Z,489,5,4,10,0,0,1,1,1,1785458352
2026-07-31T00:46:35Z,490,3,1,13,0,0,1,1,1,1785458352
2026-07-31T00:46:35Z,491,17,2,4,0,0,1,1,1,1785458559
2026-07-31T00:46:35Z,492,3,3,4,4,0,1,1,1,1785458782
2026-07-31T00:46:35Z,493,0,0,26,1,0,1,1,1,1785457299
2026-07-31T00:46:35Z,495,11,3,3,1,0,1,1,1,1785457121
2026-07-31T00:46:35Z,496,23,4,4,0,0,1,1,1,1785458585
2026-07-31T00:46:35Z,497,2,0,16,1,0,1,1,1,1785458487
2026-07-31T00:46:35Z,498,4,3,18,1,0,1,1,1,1785458768
2026-07-31T00:46:35Z,499,5,2,13,1,0,1,1,1,1785457596
2026-07-31T00:46:35Z,500,9,7,2,4,0,1,1,1,1785458375
2026-07-31T00:46:35Z,501,1,1,19,1,0,1,1,1,1785457973
2026-07-31T00:46:35Z,502,0,0,19,0,0,1,1,1,1785458234
2026-07-31T00:46:35Z,503,19,0,11,1,0,1,1,1,1785458728
2026-07-31T00:46:35Z,504,10,1,28,1,0,1,1,1,1785458268
2026-07-31T00:46:35Z,505,3,0,8,1,0,1,1,1,1785457583
2026-07-31T00:46:35Z,511,1,0,22,0,0,1,1,1,1785458170
2026-07-31T00:46:35Z,512,6,0,21,0,0,1,1,1,1785457271
2026-07-31T00:46:35Z,514,9,0,0,2,0,1,1,1,1785458664
2026-07-31T00:46:35Z,515,4,0,15,0,0,1,1,1,1785457241
2026-07-31T00:46:35Z,516,6,1,21,0,0,1,1,1,1785458685
2026-07-31T00:46:35Z,517,9,0,13,1,0,1,1,1,1785458374
2026-07-31T00:46:35Z,518,11,2,3,1,0,1,1,1,1785458701
2026-07-31T00:46:35Z,519,5,3,14,0,0,1,1,1,1785458769
2026-07-31T00:46:35Z,520,7,2,15,4,1,1,1,1,1785458785
2026-07-31T00:46:35Z,521,3,2,20,0,0,1,1,1,1785457294
2026-07-31T00:46:35Z,522,23,1,0,0,0,1,1,1,1785458386
2026-07-31T00:46:35Z,523,2,1,20,1,0,1,1,1,1785457834
2026-07-31T00:46:35Z,524,23,1,0,0,0,1,1,1,1785458656
2026-07-31T00:46:35Z,525,15,0,4,0,0,1,1,1,1785458496
2026-07-31T00:46:35Z,526,13,3,1,1,0,1,1,1,1785457032
2026-07-31T00:46:35Z,527,0,0,23,3,0,1,1,1,1785458747
2026-07-31T00:46:35Z,528,17,0,6,0,0,1,1,1,1785458529
2026-07-31T00:46:35Z,529,4,0,10,5,0,1,1,1,1785458786
2026-07-31T00:46:35Z,530,3,0,17,1,0,1,1,1,1785458590
2026-07-31T00:46:35Z,531,7,0,15,0,1,1,1,1,1785458514
2026-07-31T00:46:35Z,532,5,3,24,1,1,1,1,1,1785457478
2026-07-31T00:46:35Z,533,11,0,6,2,0,1,1,1,1785458521
2026-07-31T00:46:35Z,534,2,2,21,0,0,1,1,1,1785458730
2026-07-31T00:46:35Z,535,1,1,13,1,0,1,1,1,1785458289
2026-07-31T00:46:35Z,536,1,0,22,0,0,1,1,1,1785458696
2026-07-31T00:46:35Z,537,15,4,5,0,0,1,1,1,1785458630
2026-07-31T00:46:35Z,538,8,1,12,1,2,1,1,1,1785458599
2026-07-31T00:46:35Z,539,5,4,26,0,0,1,1,1,1785458435
2026-07-31T00:46:35Z,540,1,1,18,0,0,1,1,1,1785458701
2026-07-31T00:46:35Z,541,15,4,12,0,0,1,1,1,1785458785
2026-07-31T00:46:35Z,542,0,0,23,0,0,1,1,1,1785456936
2026-07-31T00:46:35Z,543,3,0,16,0,0,1,1,1,1785458573
2026-07-31T00:46:35Z,544,12,0,6,4,0,1,1,1,1785458781
2026-07-31T00:46:35Z,545,8,0,6,5,0,1,1,1,1785458781
2026-07-31T00:46:35Z,546,1,1,18,0,0,1,1,1,1785458690
2026-07-31T00:46:35Z,547,3,1,22,0,0,1,1,1,1785458442
2026-07-31T00:46:35Z,548,13,0,10,0,0,1,1,1,1785458310
2026-07-31T00:46:35Z,549,19,1,3,1,0,1,1,1,1785458596
2026-07-31T00:46:35Z,550,1,0,18,0,0,1,1,1,1785457957
2026-07-31T00:46:35Z,551,12,3,11,0,0,1,1,1,1785455805
2026-07-31T00:46:35Z,552,4,1,23,0,0,1,1,1,1785458023
2026-07-31T00:46:35Z,553,1,1,21,0,1,1,1,1,1785458727
2026-07-31T00:46:35Z,554,1,1,18,0,0,1,1,1,1785455798
2026-07-31T00:46:35Z,555,13,6,1,1,0,1,1,1,1785458067
2026-07-31T00:46:35Z,556,2,1,20,1,0,1,1,1,1785458558
2026-07-31T00:46:35Z,557,2,2,15,6,0,1,1,1,1785458770
2026-07-31T00:46:35Z,558,4,3,29,4,0,1,1,1,1785458730
2026-07-31T00:46:35Z,559,0,0,18,1,0,1,1,1,1785457401
2026-07-31T00:46:35Z,560,3,0,23,1,0,1,1,1,1785458744
2026-07-31T00:46:35Z,561,18,2,4,1,0,1,1,1,1785458618
2026-07-31T00:46:35Z,562,11,0,20,4,0,1,1,1,1785458615
2026-07-31T00:46:35Z,563,5,0,9,0,0,1,1,1,1785458559
2026-07-31T00:46:35Z,564,4,1,14,1,0,1,1,1,1785458455
2026-07-31T00:46:35Z,565,4,1,15,0,0,1,1,1,1785458674
2026-07-31T00:46:35Z,566,7,0,11,1,0,1,1,1,1785458656
2026-07-31T00:46:35Z,567,11,3,15,1,0,1,1,1,1785458540
2026-07-31T00:46:35Z,568,4,0,13,2,0,1,1,1,1785457975
2026-07-31T00:46:35Z,569,9,0,10,0,0,1,1,1,1785458714
2026-07-31T00:46:35Z,570,2,1,17,0,0,1,1,1,1785458671
2026-07-31T00:46:35Z,571,10,0,12,1,0,1,1,1,1785458507
2026-07-31T00:46:35Z,572,17,3,0,2,0,1,1,1,1785457866
2026-07-31T00:46:35Z,573,9,0,6,0,0,1,1,1,1785458692
2026-07-31T00:46:35Z,574,7,2,8,0,0,1,1,1,1785457644
2026-07-31T00:46:35Z,575,6,1,14,1,0,1,1,1,1785458414
2026-07-31T00:46:35Z,576,1,1,17,1,0,1,1,1,1785458556
2026-07-31T00:46:35Z,577,27,0,4,0,0,1,1,1,1785458533
2026-07-31T00:46:35Z,578,11,4,11,1,0,1,1,1,1785458761
2026-07-31T00:46:35Z,579,34,1,9,0,0,1,1,1,1785458495
2026-07-31T00:46:35Z,580,7,0,22,0,0,1,1,1,1785457002
2026-07-31T00:46:35Z,581,17,0,1,1,0,1,1,1,1785458785
2026-07-31T00:46:35Z,582,13,3,45,3,0,1,1,1,1785458709
2026-07-31T00:46:35Z,583,14,0,9,0,0,1,1,1,1785458751
2026-07-31T00:46:35Z,584,0,0,14,5,0,1,1,1,1785458113
2026-07-31T00:46:35Z,585,6,0,19,1,1,1,1,1,1785458645
2026-07-31T00:46:35Z,586,30,0,4,1,0,1,1,1,1785458781
2026-07-31T00:46:35Z,587,23,1,0,1,0,1,1,1,1785458450
2026-07-31T00:46:35Z,588,0,0,15,4,0,1,1,1,1785458582
2026-07-31T00:46:35Z,589,0,0,0,24,0,1,1,1,1785458775
2026-07-31T00:46:35Z,590,2,0,29,0,0,1,1,1,1785458766
2026-07-31T00:46:35Z,591,4,0,24,2,0,1,1,1,1785458485
2026-07-31T00:46:35Z,592,7,1,16,0,0,1,1,1,1785457981
2026-07-31T00:46:35Z,593,7,0,31,0,0,1,1,1,1785458754
2026-07-31T00:46:35Z,594,16,0,5,0,0,1,1,1,1785457380
2026-07-31T00:46:35Z,595,0,0,3,0,0,0,1,1,1784046673
2026-07-31T00:46:35Z,605,0,0,2,1,0,0,1,1,1783975843
2026-07-31T00:46:35Z,606,0,0,0,0,0,0,1,1,86400
2026-07-31T00:46:35Z,607,20,2,12,0,0,1,1,1,1785458631
2026-07-31T00:46:35Z,608,3,3,47,0,0,1,1,1,1785458144
2026-07-31T00:46:35Z,609,2,1,21,0,0,1,1,1,1785458640
2026-07-31T00:46:35Z,610,13,0,21,1,0,1,1,1,1785458764
2026-07-31T00:46:35Z,611,25,0,1,1,0,1,1,1,1785458262
2026-07-31T00:46:35Z,612,7,1,8,0,0,1,1,1,1785455780
2026-07-31T00:46:35Z,613,10,0,1,4,0,1,1,1,1785455457
2026-07-31T00:46:35Z,614,17,3,7,2,1,1,1,1,1785458572
2026-07-31T00:46:35Z,617,4,1,10,1,0,1,1,1,1785458048
2026-07-31T00:46:35Z,618,14,3,1,4,0,1,1,1,1785458110
2026-07-31T00:46:35Z,619,6,5,13,0,0,1,1,1,1785458076
2026-07-31T00:46:35Z,620,6,0,20,1,0,1,1,1,1785457896
2026-07-31T00:46:35Z,621,7,0,16,0,0,1,1,1,1785458589
2026-07-31T00:46:35Z,622,12,7,6,5,0,1,1,1,1785458785
2026-07-31T00:46:35Z,623,9,2,20,1,0,1,1,1,1785458680
2026-07-31T00:46:35Z,624,5,1,10,0,0,1,1,1,1785458538
2026-07-31T00:46:35Z,625,6,2,14,1,0,1,1,1,1785458656
2026-07-31T00:46:35Z,626,5,0,39,1,2,1,1,1,1785456528
2026-07-31T00:46:35Z,627,14,6,5,0,0,1,1,1,1785458008
2026-07-31T00:46:35Z,628,4,4,14,0,1,1,1,1,1785455145
2026-07-31T00:46:35Z,629,9,3,0,2,0,1,1,1,1785458645
2026-07-31T00:46:35Z,630,1,0,23,3,0,1,1,1,1785458689
2026-07-31T00:46:35Z,631,4,0,19,0,0,1,1,1,1785458752
2026-07-31T00:46:35Z,632,22,2,0,1,0,1,1,1,1785458363
2026-07-31T00:46:35Z,633,12,2,0,3,0,1,1,1,1785458682
2026-07-31T00:46:35Z,634,7,1,11,1,0,1,1,1,1785458397
2026-07-31T00:46:35Z,635,11,1,7,1,0,1,1,1,1785458027
2026-07-31T00:46:35Z,636,9,1,5,1,0,1,1,1,1785457377
2026-07-31T00:46:35Z,637,8,1,11,0,0,1,1,1,1785456458
2026-07-31T00:46:35Z,638,8,2,8,3,0,1,1,1,1785455929
2026-07-31T00:46:35Z,639,4,1,13,2,0,1,1,1,1785455668
2026-07-31T00:46:35Z,640,2,2,20,1,0,1,1,1,1785458698
2026-07-31T00:46:35Z,641,1,0,24,1,0,1,1,1,1785458130
2026-07-31T00:46:35Z,642,1,1,10,8,0,1,1,1,1785458783
2026-07-31T00:46:35Z,643,9,1,12,6,0,1,1,1,1785458704
2026-07-31T00:46:35Z,644,8,0,6,1,0,1,1,1,1785458309
2026-07-31T00:46:35Z,645,11,1,11,0,1,1,1,1,1785456688
2026-07-31T00:46:35Z,646,0,0,19,0,0,1,1,1,1785457895
2026-07-31T00:46:35Z,647,0,0,31,0,0,1,1,1,1785457215
2026-07-31T00:46:35Z,648,7,1,10,1,1,1,1,1,1785458654
2026-07-31T00:46:35Z,649,30,2,0,1,0,1,1,1,1785458776
2026-07-31T00:46:35Z,650,4,1,10,0,0,1,1,1,1785453435
2026-07-31T00:46:35Z,651,2,2,21,0,0,1,1,1,1785458556
2026-07-31T00:46:35Z,652,2,0,19,2,0,1,1,1,1785458683
2026-07-31T00:46:35Z,653,1,0,17,1,0,1,1,1,1785458071
2026-07-31T00:46:35Z,654,3,3,12,0,0,1,1,1,1785458495
2026-07-31T00:46:35Z,655,5,2,3,4,1,1,1,1,1785458752
2026-07-31T00:46:35Z,656,12,6,7,0,0,1,1,1,1785458713
2026-07-31T00:46:35Z,657,12,6,1,2,2,1,1,1,1785458731
2026-07-31T00:46:35Z,658,6,0,4,0,0,1,1,1,1785453591
2026-07-31T00:46:35Z,659,8,3,6,1,0,1,1,1,1785457539
2026-07-31T00:46:35Z,660,0,0,28,3,0,1,1,1,1785458596
2026-07-31T00:46:35Z,661,2,2,17,0,0,1,1,1,1785458605
2026-07-31T00:46:35Z,662,6,3,14,3,0,1,1,1,1785457616
2026-07-31T00:46:35Z,663,5,1,9,1,0,1,1,1,1785458323
2026-07-31T00:46:35Z,664,5,1,22,0,0,1,1,1,1785458304
2026-07-31T00:46:35Z,665,9,1,6,0,0,1,1,1,1785458696
2026-07-31T00:46:35Z,666,6,4,7,2,0,1,1,1,1785457342
2026-07-31T00:46:35Z,667,13,4,6,0,0,1,1,1,1785458759
2026-07-31T00:46:35Z,668,12,1,5,2,0,1,1,1,1785457962
2026-07-31T00:46:35Z,669,10,3,4,0,0,1,1,1,1785457996
2026-07-31T00:46:35Z,670,5,3,22,0,0,1,1,1,1785458233
2026-07-31T00:46:35Z,671,26,0,0,1,0,1,1,1,1785458053
2026-07-31T00:46:35Z,672,6,1,13,3,1,1,1,1,1785458349
2026-07-31T00:46:35Z,673,3,0,20,0,0,1,1,1,1785458527
2026-07-31T00:46:35Z,674,6,5,14,3,0,1,1,1,1785458544
2026-07-31T00:46:35Z,675,5,0,8,2,0,1,1,1,1785457424
2026-07-31T00:46:35Z,676,12,2,10,0,0,1,1,1,1785458511
2026-07-31T00:46:35Z,681,3,1,10,2,0,1,1,1,1785458765
2026-07-31T00:46:35Z,682,4,1,14,1,0,1,1,1,1785387864
2026-07-31T00:46:35Z,683,4,1,15,0,0,1,1,1,1785457397
2026-07-31T00:46:35Z,684,2,0,25,0,0,1,1,1,1785456431
2026-07-31T00:46:35Z,685,5,0,20,1,1,1,1,1,1785455460
2026-07-31T00:46:35Z,686,11,0,14,1,1,1,1,1,1785458479
2026-07-31T00:46:35Z,687,13,0,16,1,1,1,1,1,1785458682
2026-07-31T00:46:35Z,688,8,1,4,7,0,1,1,1,1785458716
2026-07-31T00:46:35Z,692,0,0,21,0,0,1,1,1,1785458565
2026-07-31T00:46:35Z,693,7,0,1,3,0,1,1,1,1785458209
2026-07-31T00:46:35Z,694,8,5,12,1,0,1,1,1,1785457882
2026-07-31T00:46:35Z,695,11,5,12,0,0,1,1,1,1785458571
2026-07-31T00:46:35Z,696,17,10,6,0,0,1,1,1,1785457872
2026-07-31T00:46:35Z,697,13,0,10,0,0,1,1,1,1785458505
2026-07-31T00:46:35Z,698,27,2,0,0,0,1,1,1,1785458602
2026-07-31T00:46:35Z,699,7,0,7,1,0,1,1,1,1785458583
2026-07-31T00:46:35Z,700,15,2,4,0,0,1,1,1,1785458520
2026-07-31T00:46:35Z,701,11,4,7,1,0,1,1,1,1785458352
2026-07-31T00:46:35Z,702,0,0,23,0,0,1,1,1,1785458559
2026-07-31T00:46:35Z,704,7,1,8,0,0,1,1,1,1785457402
2026-07-31T00:46:35Z,705,4,4,10,1,0,1,1,1,1785458682
2026-07-31T00:46:35Z,706,11,1,1,3,0,1,1,1,1785457961
2026-07-31T00:46:35Z,707,4,1,10,1,0,1,1,1,1785458644
2026-07-31T00:46:35Z,708,16,0,3,0,0,1,1,1,1785458785
2026-07-31T00:46:35Z,709,4,0,7,4,0,1,1,1,1785458725
2026-07-31T00:46:35Z,710,9,0,10,0,0,1,1,1,1785458457
2026-07-31T00:46:35Z,711,9,2,11,3,0,1,1,1,1785458159
2026-07-31T00:46:35Z,712,8,2,7,0,0,1,1,1,1785458058
2026-07-31T00:46:35Z,713,0,0,23,0,0,1,1,1,1785457206
2026-07-31T00:46:35Z,716,2,1,13,0,0,1,1,1,1785458318
2026-07-31T00:46:35Z,717,3,0,19,3,0,1,1,1,1785458614
2026-07-31T00:46:35Z,718,4,1,10,1,0,1,1,1,1785458187
2026-07-31T00:46:35Z,719,4,1,25,0,0,1,1,1,1785457880
2026-07-31T00:46:35Z,720,2,1,17,0,0,1,1,1,1785458623
2026-07-31T00:46:35Z,721,1,0,20,2,0,1,1,1,1785457541
2026-07-31T00:46:35Z,722,2,0,13,0,0,1,1,1,1785458369
2026-07-31T00:46:35Z,723,12,2,11,0,0,1,1,1,1785458319
2026-07-31T00:46:35Z,724,17,5,6,0,0,1,1,1,1785458756
2026-07-31T00:46:35Z,725,5,0,18,0,0,1,1,1,1785457249
2026-07-31T00:46:35Z,726,10,2,9,0,0,1,1,1,1785458654
2026-07-31T00:46:35Z,727,9,4,12,2,0,1,1,1,1785457481
2026-07-31T00:46:35Z,728,10,1,5,0,0,1,1,1,1785457116
2026-07-31T00:46:35Z,729,19,4,0,0,0,1,1,1,1785458737
2026-07-31T00:46:35Z,730,1,1,12,2,0,1,1,1,1785457984
2026-07-31T00:46:35Z,731,10,2,5,0,0,1,1,1,1785458613
2026-07-31T00:46:35Z,732,5,4,10,0,0,1,1,1,1785458250
2026-07-31T00:46:35Z,733,24,0,1,2,0,1,1,1,1785458746
2026-07-31T00:46:35Z,734,4,1,10,0,0,1,1,1,1785457866
2026-07-31T00:46:35Z,735,0,0,27,0,0,1,1,1,1785458453
2026-07-31T00:46:35Z,736,3,0,16,0,0,1,1,1,1785457629
2026-07-31T00:46:35Z,737,2,0,10,2,1,1,1,1,1785457863
2026-07-31T00:46:35Z,738,7,1,10,2,0,1,1,1,1785458234
2026-07-31T00:46:35Z,739,18,2,8,1,0,1,1,1,1785458543
2026-07-31T00:46:35Z,741,5,0,18,0,0,1,1,1,1785458770
2026-07-31T00:46:35Z,742,18,7,15,2,0,1,1,1,1785458703
2026-07-31T00:46:35Z,743,1,0,17,1,0,1,1,1,1785458786
2026-07-31T00:46:35Z,744,6,1,9,0,0,1,1,1,1785458769
2026-07-31T00:46:35Z,745,14,4,4,1,0,1,1,1,1785457482
2026-07-31T00:46:35Z,746,5,1,15,3,0,1,1,1,1785458729
2026-07-31T00:46:35Z,747,0,0,4,0,0,0,1,1,1783446606
2026-07-31T00:46:35Z,748,10,1,13,0,0,1,1,1,1785458213
2026-07-31T00:46:35Z,749,1,1,22,0,0,1,1,1,1785458140
2026-07-31T00:46:35Z,750,8,4,2,1,0,1,1,1,1785458762
2026-07-31T00:46:35Z,751,4,4,18,1,0,1,1,1,1785458603
2026-07-31T00:46:35Z,752,6,0,10,1,0,1,1,1,1785458722
2026-07-31T00:46:35Z,753,4,2,11,0,0,1,1,1,1785458649
2026-07-31T00:46:35Z,754,2,1,12,1,0,1,1,1,1785458104
2026-07-31T00:46:35Z,755,3,0,19,1,0,1,1,1,1785458784
2026-07-31T00:46:35Z,756,1,1,34,2,0,1,1,1,1785458738
2026-07-31T00:46:35Z,757,1,0,18,0,0,1,1,1,1785458778
2026-07-31T00:46:35Z,758,8,8,15,0,0,1,1,1,1785458021
2026-07-31T00:46:35Z,759,5,3,10,0,0,1,1,1,1785457624
2026-07-31T00:46:35Z,760,6,2,12,1,0,1,1,1,1785456620
2026-07-31T00:46:35Z,761,7,1,16,0,0,1,1,1,1785458696
2026-07-31T00:46:35Z,762,6,4,5,4,0,1,1,1,1785458518
2026-07-31T00:46:35Z,768,9,0,8,2,0,1,1,1,1785457742
2026-07-31T00:46:35Z,769,19,8,0,0,0,1,1,1,1785458673
2026-07-31T00:46:35Z,770,10,2,7,2,0,1,1,1,1785457271
2026-07-31T00:46:35Z,771,13,3,1,1,0,1,1,1,1785458502
2026-07-31T00:46:35Z,772,2,2,12,1,0,1,1,1,1785457683
2026-07-31T00:46:35Z,773,7,4,12,0,0,1,1,1,1785458523
2026-07-31T00:46:35Z,774,3,2,9,3,0,1,1,1,1785458701
2026-07-31T00:46:35Z,775,4,0,13,1,1,1,1,1,1785457708
2026-07-31T00:46:35Z,776,3,1,17,1,0,1,1,1,1785457436
2026-07-31T00:46:35Z,777,10,2,2,3,0,1,1,1,1785458694
2026-07-31T00:46:35Z,778,13,0,3,3,0,1,1,1,1785457397
2026-07-31T00:46:35Z,779,8,1,10,1,0,1,1,1,1785457863
2026-07-31T00:46:35Z,780,10,3,8,1,0,1,1,1,1785458668
2026-07-31T00:46:35Z,781,2,0,7,2,0,1,1,1,1785458114
2026-07-31T00:46:35Z,782,2,1,14,3,0,1,1,1,1785458493
2026-07-31T00:46:35Z,783,4,0,15,0,0,1,1,1,1785458112
2026-07-31T00:46:35Z,784,6,1,10,3,0,1,1,1,1785458548
2026-07-31T00:46:35Z,785,9,0,4,6,0,1,1,1,1785458263
2026-07-31T00:46:35Z,786,8,2,11,0,0,1,1,1,1785457888
2026-07-31T00:46:35Z,787,9,5,4,2,0,1,1,1,1785458663
2026-07-31T00:46:35Z,788,4,0,11,0,0,1,1,1,1785458603
2026-07-31T00:46:35Z,789,5,2,6,4,0,1,1,1,1785457046
2026-07-31T00:46:35Z,790,7,0,16,0,0,1,1,1,1785457487
2026-07-31T00:46:35Z,791,8,0,10,0,1,1,1,1,1785458615
2026-07-31T00:46:35Z,793,4,0,10,1,0,1,1,1,1785457203
2026-07-31T00:46:35Z,794,10,2,18,1,0,1,1,1,1785458743
2026-07-31T00:46:35Z,796,6,3,12,1,0,1,1,1,1785458744
2026-07-31T00:46:35Z,797,0,0,15,0,0,1,1,1,1785457272
2026-07-31T00:46:35Z,798,12,0,12,1,0,1,1,1,1785458667
2026-07-31T00:46:35Z,799,11,3,4,4,0,1,1,1,1785458712
2026-07-31T00:46:35Z,800,14,2,6,1,0,1,1,1,1785458249
2026-07-31T00:46:35Z,801,0,0,20,1,0,1,1,1,1785458752
2026-07-31T00:46:35Z,802,12,1,19,0,0,1,1,1,1785458784
2026-07-31T00:46:35Z,803,0,0,14,1,0,1,1,1,1785458569
2026-07-31T00:46:35Z,806,6,6,9,0,0,1,1,1,1785458772
2026-07-31T00:46:35Z,807,0,0,24,1,0,1,1,1,1785457279
2026-07-31T00:46:35Z,808,3,0,21,1,0,1,1,1,1785454239
2026-07-31T00:46:35Z,809,5,1,17,1,0,1,1,1,1785458693
2026-07-31T00:46:35Z,810,2,0,13,4,0,1,1,1,1785457407
2026-07-31T00:46:35Z,815,10,1,0,4,1,1,1,1,1785458736
2026-07-31T00:46:35Z,817,8,4,7,0,0,1,1,1,1785458078
2026-07-31T00:46:35Z,818,5,0,17,1,0,1,1,1,1785458383
2026-07-31T00:46:35Z,819,6,4,9,0,0,1,1,1,1785455226
2026-07-31T00:46:35Z,820,7,1,10,0,0,1,1,1,1785458222
2026-07-31T00:46:35Z,821,2,2,13,0,0,1,1,1,1785457151
2026-07-31T00:46:35Z,822,19,2,2,2,0,1,1,1,1785458528
2026-07-31T00:46:35Z,823,11,0,3,1,0,1,1,1,1785458526
2026-07-31T00:46:35Z,824,15,4,3,1,0,1,1,1,1785458757
2026-07-31T00:46:35Z,825,9,5,6,0,0,1,1,1,1785457432
2026-07-31T00:46:35Z,826,4,1,14,1,0,1,1,1,1785457818
2026-07-31T00:46:35Z,827,13,5,7,1,0,1,1,1,1785457305
2026-07-31T00:46:35Z,828,5,1,11,2,0,1,1,1,1785457758
2026-07-31T00:46:35Z,829,12,6,15,0,0,1,1,1,1785458004
2026-07-31T00:46:35Z,830,15,0,7,1,0,1,1,1,1785457739
2026-07-31T00:46:35Z,831,4,3,10,1,0,1,1,1,1785458408
2026-07-31T00:46:35Z,832,12,4,3,3,0,1,1,1,1785458426
2026-07-31T00:46:35Z,833,2,2,16,1,0,1,1,1,1785458190
2026-07-31T00:46:35Z,834,6,1,15,3,0,1,1,1,1785458786
2026-07-31T00:46:35Z,835,6,2,9,3,0,1,1,1,1785458520
2026-07-31T00:46:35Z,837,5,1,0,10,0,1,1,1,1785458604
2026-07-31T00:46:35Z,838,13,1,1,1,0,1,1,1,1785458475
2026-07-31T00:46:35Z,839,28,0,1,0,0,1,1,1,1785458664
2026-07-31T00:46:35Z,840,0,0,27,2,0,1,1,1,1785458484
2026-07-31T00:46:35Z,841,8,1,7,0,0,1,1,1,1785458407
2026-07-31T00:46:35Z,842,6,1,17,0,0,1,1,1,1785458105
2026-07-31T00:46:35Z,843,9,0,21,1,0,1,1,1,1785458237
2026-07-31T00:46:35Z,844,6,1,17,0,0,1,1,1,1785458155
2026-07-31T00:46:35Z,845,5,3,12,2,0,1,1,1,1785458516
2026-07-31T00:46:35Z,846,5,1,12,2,0,1,1,1,1785457653
2026-07-31T00:46:35Z,847,4,1,23,0,0,1,1,1,1785457346
2026-07-31T00:46:35Z,848,7,0,11,1,0,1,1,1,1785454449
2026-07-31T00:46:35Z,849,9,2,5,1,0,1,1,1,1785457525
2026-07-31T00:46:35Z,850,9,0,1,1,0,1,1,1,1785457726
2026-07-31T00:46:35Z,851,0,0,35,2,0,1,1,1,1785457440
2026-07-31T00:46:35Z,852,9,3,9,1,0,1,1,1,1785458259
2026-07-31T00:46:35Z,853,8,4,15,0,0,1,1,1,1785457245
2026-07-31T00:46:35Z,854,2,2,13,0,0,1,1,1,1785457395
2026-07-31T00:46:35Z,855,16,2,11,0,0,1,1,1,1785458102
2026-07-31T00:46:35Z,857,3,3,15,1,0,1,1,1,1785458665
2026-07-31T00:46:35Z,858,4,1,14,1,0,1,1,1,1785457047
2026-07-31T00:46:35Z,859,3,0,17,1,0,1,1,1,1785457294
2026-07-31T00:46:35Z,861,8,1,2,1,0,1,1,1,1785455675
2026-07-31T00:46:35Z,862,1,1,14,0,0,1,1,1,1785458430
2026-07-31T00:46:35Z,863,11,0,7,1,0,1,1,1,1785458591
2026-07-31T00:46:35Z,866,6,0,12,1,0,1,1,1,1785458669
2026-07-31T00:46:35Z,867,12,0,3,0,0,1,1,1,1785458052
2026-07-31T00:46:35Z,868,13,2,2,0,0,1,1,1,1785458222
2026-07-31T00:46:35Z,870,7,5,7,1,0,1,1,1,1785458436
2026-07-31T00:46:35Z,871,0,0,10,1,0,1,1,1,1785457857
2026-07-31T00:46:35Z,872,0,0,14,1,0,1,1,1,1785458367
2026-07-31T00:46:35Z,873,0,0,32,1,0,1,1,1,1785458202
2026-07-31T00:46:35Z,874,4,0,8,3,0,1,1,1,1785458544
2026-07-31T00:46:35Z,875,14,10,0,1,0,1,1,1,1785458451
2026-07-31T00:46:35Z,877,12,11,6,1,0,1,1,1,1785457905
2026-07-31T00:46:35Z,878,4,4,14,1,0,1,1,1,1785458562
2026-07-31T00:46:35Z,879,2,0,17,0,0,1,1,1,1785457553
2026-07-31T00:46:35Z,880,3,0,19,1,0,1,1,1,1785458453
2026-07-31T00:46:35Z,881,3,0,16,0,0,1,1,1,1785458350
2026-07-31T00:46:35Z,882,11,0,6,2,0,1,1,1,1785457778
2026-07-31T00:46:35Z,883,10,6,9,0,0,1,1,1,1785458663
2026-07-31T00:46:35Z,884,11,7,10,0,0,1,1,1,1785457881
2026-07-31T00:46:35Z,885,1,0,18,0,0,1,1,1,1785458221
2026-07-31T00:46:35Z,886,0,0,27,2,0,1,1,1,1785458405
2026-07-31T00:46:35Z,887,0,0,14,3,0,1,1,1,1785458000
2026-07-31T00:46:35Z,888,8,2,31,2,0,1,1,1,1785458777
2026-07-31T00:46:35Z,889,9,0,8,2,0,1,1,1,1785458553
2026-07-31T00:46:35Z,890,4,1,10,1,0,1,1,1,1785455867
2026-07-31T00:46:35Z,891,11,0,11,1,0,1,1,1,1785457667
2026-07-31T00:46:35Z,892,12,1,3,0,0,1,1,1,1785456450
2026-07-31T00:46:35Z,895,1,0,17,1,0,1,1,1,1785449127
2026-07-31T00:46:35Z,896,19,2,16,0,0,1,1,1,1785457998
2026-07-31T00:46:35Z,897,10,2,11,0,0,1,1,1,1785458382
2026-07-31T00:46:35Z,898,0,0,19,0,0,1,1,1,1785458147
2026-07-31T00:46:35Z,899,14,3,5,0,0,1,1,1,1785458317
2026-07-31T00:46:35Z,900,21,1,5,1,0,1,1,1,1785458561
2026-07-31T00:46:35Z,901,18,1,0,1,0,1,1,1,1785457731
2026-07-31T00:46:35Z,902,12,1,2,1,0,1,1,1,1785458645
2026-07-31T00:46:35Z,903,6,0,13,0,0,1,1,1,1785457811
2026-07-31T00:46:35Z,904,11,5,8,0,0,1,1,1,1785458524
2026-07-31T00:46:35Z,905,2,2,24,1,0,1,1,1,1785458568
2026-07-31T00:46:35Z,906,13,11,14,0,0,1,1,1,1785458711
2026-07-31T00:46:35Z,907,23,5,8,0,0,1,1,1,1785458767
2026-07-31T00:46:35Z,908,7,2,16,0,0,1,1,1,1785458485
2026-07-31T00:46:35Z,909,7,5,16,0,0,1,1,1,1785458282
2026-07-31T00:46:35Z,910,19,0,12,0,0,1,1,1,1785458649
2026-07-31T00:46:35Z,911,9,0,10,0,0,1,1,1,1785458079
2026-07-31T00:46:35Z,912,5,1,15,3,0,1,1,1,1785458736
2026-07-31T00:46:35Z,913,5,2,14,0,0,1,1,1,1785458438
2026-07-31T00:46:35Z,914,8,1,11,0,0,1,1,1,1785458703
2026-07-31T00:46:35Z,915,18,1,4,1,0,1,1,1,1785458602
2026-07-31T00:46:35Z,916,2,0,21,0,0,1,1,1,1785458717
2026-07-31T00:46:35Z,917,33,2,0,2,0,1,1,1,1785458507
2026-07-31T00:46:35Z,918,2,1,15,2,0,1,1,1,1785458718
2026-07-31T00:46:35Z,919,6,2,31,2,0,1,1,1,1785458775
2026-07-31T00:46:35Z,920,3,1,16,0,0,1,1,1,1785457078
2026-07-31T00:46:35Z,921,16,0,5,0,0,1,1,1,1785458397
2026-07-31T00:46:35Z,922,3,0,17,1,0,1,1,1,1785458187
2026-07-31T00:46:35Z,923,14,10,4,1,0,1,1,1,1785458779
2026-07-31T00:46:35Z,924,8,0,13,0,0,1,1,1,1785457392
2026-07-31T00:46:35Z,925,16,2,5,0,0,1,1,1,1785458641
2026-07-31T00:46:35Z,926,1,1,20,0,0,1,1,1,1785458014
2026-07-31T00:46:35Z,927,26,1,9,0,0,1,1,1,1785458698
2026-07-31T00:46:35Z,928,12,0,7,0,0,1,1,1,1785458035
2026-07-31T00:46:35Z,929,1,1,22,0,0,1,1,1,1785458763
2026-07-31T00:46:35Z,930,2,0,28,1,0,1,1,1,1785458664
2026-07-31T00:46:35Z,931,0,0,23,0,0,1,1,1,1785458711
2026-07-31T00:46:35Z,932,15,0,0,4,0,1,1,1,1785458697
2026-07-31T00:46:35Z,933,22,2,0,1,0,1,1,1,1785458773
2026-07-31T00:46:35Z,934,2,0,28,1,0,1,1,1,1785458310
2026-07-31T00:46:35Z,935,10,0,8,1,0,1,1,1,1785458782
2026-07-31T00:46:35Z,936,4,1,15,0,0,1,1,1,1785456801
2026-07-31T00:46:35Z,940,11,3,0,0,0,1,1,1,1785458580
2026-07-31T00:46:35Z,941,3,0,20,2,0,1,1,1,1785458552
2026-07-31T00:46:35Z,942,14,2,7,0,0,1,1,1,1785458264
2026-07-31T00:46:35Z,943,8,8,7,0,0,1,1,1,1785458498
2026-07-31T00:46:35Z,944,9,8,6,0,0,1,1,1,1785458289
2026-07-31T00:46:35Z,945,10,8,5,0,0,1,1,1,1785457797
2026-07-31T00:46:35Z,946,7,5,12,0,0,1,1,1,1785424152
2026-07-31T00:46:35Z,947,7,5,10,0,0,1,1,1,1785458298
2026-07-31T00:46:35Z,948,0,0,27,4,0,1,1,1,1785458708
2026-07-31T00:46:35Z,949,0,0,15,0,0,1,1,1,1785458411
2026-07-31T00:46:35Z,950,4,1,12,1,0,1,1,1,1785458326
2026-07-31T00:46:35Z,951,8,1,15,0,0,1,1,1,1785458454
2026-07-31T00:46:35Z,952,30,2,23,2,0,1,1,1,1785458591
2026-07-31T00:46:35Z,953,13,1,2,0,0,1,1,1,1785458049
2026-07-31T00:46:35Z,954,15,0,4,0,0,1,1,1,1785458389
2026-07-31T00:46:35Z,955,0,0,22,5,0,1,1,1,1785458187
2026-07-31T00:46:35Z,956,16,0,6,1,0,1,1,1,1785458748
2026-07-31T00:46:35Z,957,18,2,10,1,0,1,1,1,1785458516
2026-07-31T00:46:35Z,958,21,0,10,0,0,1,1,1,1785458726
2026-07-31T00:46:35Z,959,15,3,7,1,0,1,1,1,1785458467
2026-07-31T00:46:35Z,960,15,8,7,1,0,1,1,1,1785458783
2026-07-31T00:46:35Z,961,5,1,15,3,0,1,1,1,1785458320
2026-07-31T00:46:35Z,962,3,0,29,3,0,1,1,1,1785458362
2026-07-31T00:46:35Z,963,10,0,12,1,0,1,1,1,1785458758
2026-07-31T00:46:35Z,964,5,5,17,1,0,1,1,1,1785458549
2026-07-31T00:46:35Z,965,2,1,24,1,0,1,1,1,1785458405
2026-07-31T00:46:35Z,966,12,0,19,0,0,1,1,1,1785458728
2026-07-31T00:46:35Z,967,10,0,10,1,0,1,1,1,1785458769
2026-07-31T00:46:35Z,968,2,1,17,0,0,1,1,1,1785458741
2026-07-31T00:46:35Z,969,7,7,18,2,0,1,1,1,1785458760
2026-07-31T00:46:35Z,970,11,3,7,1,0,1,1,1,1785458698
2026-07-31T00:46:35Z,971,22,0,0,1,0,1,1,1,1785458541
2026-07-31T00:46:35Z,972,6,0,16,1,0,1,1,1,1785458206
2026-07-31T00:46:35Z,973,8,4,14,1,0,1,1,1,1785458634
2026-07-31T00:46:35Z,974,10,0,17,0,0,1,1,1,1785458539
2026-07-31T00:46:35Z,977,4,3,13,4,0,1,1,1,1785458690
2026-07-31T00:46:35Z,978,12,3,10,1,0,1,1,1,1785457522
2026-07-31T00:46:35Z,979,2,0,15,0,0,1,1,1,1785458283
2026-07-31T00:46:35Z,980,3,0,17,1,0,1,1,1,1785457815
2026-07-31T00:46:35Z,981,5,0,15,1,0,1,1,1,1785458671
2026-07-31T00:46:35Z,982,3,1,14,2,0,1,1,1,1785458309
2026-07-31T00:46:35Z,983,2,2,20,1,0,1,1,1,1785458696
2026-07-31T00:46:35Z,984,5,0,18,0,0,1,1,1,1785457776
2026-07-31T00:46:35Z,985,24,0,7,0,0,1,1,1,1785458321
2026-07-31T00:46:35Z,986,2,0,17,0,0,1,1,1,1785458306
2026-07-31T00:46:35Z,987,5,0,17,1,0,1,1,1,1785456997
2026-07-31T00:46:35Z,988,6,2,12,1,0,1,1,1,1785458597
2026-07-31T00:46:35Z,989,8,4,11,0,0,1,1,1,1785457445
2026-07-31T00:46:35Z,990,13,1,0,2,0,1,1,1,1785458537
2026-07-31T00:46:35Z,991,8,1,10,1,0,1,1,1,1785458140
2026-07-31T00:46:35Z,992,8,6,14,1,0,1,1,1,1785457187
2026-07-31T00:46:35Z,993,1,0,26,0,0,1,1,1,1785458205
2026-07-31T00:46:35Z,994,1,1,20,0,0,1,1,1,1785457387
2026-07-31T00:46:35Z,995,7,0,20,0,0,1,1,1,1785458422
2026-07-31T00:46:35Z,996,9,1,14,0,0,1,1,1,1785458241
2026-07-31T00:46:35Z,997,10,4,11,2,0,1,1,1,1785458622
2026-07-31T00:46:35Z,998,3,1,19,1,0,1,1,1,1785458783
2026-07-31T00:46:35Z,999,4,2,15,1,1,1,1,1,1785458356
2026-07-31T00:46:35Z,1000,2,0,19,0,0,1,1,1,1785457335
2026-07-31T00:46:35Z,1001,1,0,26,0,0,1,1,1,1785458563
2026-07-31T00:46:35Z,1002,0,0,27,4,0,1,1,1,1785458530
2026-07-31T00:46:35Z,1003,0,0,23,0,0,1,1,1,1785458220
2026-07-31T00:46:35Z,1004,5,0,18,0,0,1,1,1,1785457654
2026-07-31T00:46:35Z,1005,20,1,3,0,0,1,1,1,1785458405
2026-07-31T00:46:35Z,1006,7,4,11,1,0,1,1,1,1785458261
2026-07-31T00:46:35Z,1007,5,2,16,0,0,1,1,1,1785458603
2026-07-31T00:46:35Z,1008,6,5,15,2,0,1,1,1,1785458252
2026-07-31T00:46:35Z,1009,21,4,8,2,0,1,1,1,1785457244
2026-07-31T00:46:35Z,1010,7,2,20,0,0,1,1,1,1785458048
2026-07-31T00:46:35Z,1011,6,1,11,2,0,1,1,1,1785458641
2026-07-31T00:46:35Z,1012,4,3,18,1,0,1,1,1,1785458171
2026-07-31T00:46:35Z,1013,5,1,17,1,0,1,1,1,1785458587
2026-07-31T00:46:35Z,1014,7,3,14,2,0,1,1,1,1785458681
2026-07-31T00:46:35Z,1015,5,4,25,1,0,1,1,1,1785457080
2026-07-31T00:46:35Z,1016,10,5,21,0,0,1,1,1,1785457967
2026-07-31T00:46:35Z,1017,14,5,7,0,0,1,1,1,1785457584
2026-07-31T00:46:35Z,1018,8,2,14,0,0,1,1,1,1785458261
2026-07-31T00:46:35Z,1019,7,5,8,0,0,1,1,1,1785458237
2026-07-31T00:46:35Z,1020,18,3,3,0,0,1,1,1,1785458616
2026-07-31T00:46:35Z,1021,8,3,6,1,0,1,1,1,1785457229
2026-07-31T00:46:35Z,1022,14,0,13,0,0,1,1,1,1785458323
2026-07-31T00:46:35Z,1023,12,1,10,1,0,1,1,1,1785457988
2026-07-31T00:46:35Z,1024,6,3,13,0,0,1,1,1,1785457201
2026-07-31T00:46:35Z,1025,5,1,13,0,1,1,1,1,1785458282
2026-07-31T00:46:35Z,1026,8,4,18,5,0,1,1,1,1785457299
2026-07-31T00:46:35Z,1028,2,0,20,1,0,1,1,1,1785458353
2026-07-31T00:46:35Z,1029,10,9,5,0,0,1,1,1,1785457514
2026-07-31T00:46:35Z,1030,13,5,10,0,0,1,1,1,1785457204
2026-07-31T00:46:35Z,1031,10,0,9,0,0,1,1,1,1785457747
2026-07-31T00:46:35Z,1032,7,1,12,0,0,1,1,1,1785458274
2026-07-31T00:46:35Z,1033,8,5,10,1,0,1,1,1,1785457263
2026-07-31T00:46:35Z,1034,1,0,14,0,0,1,1,1,1785458322
2026-07-31T00:46:35Z,1035,4,0,14,1,0,1,1,1,1785458784
2026-07-31T00:46:35Z,1036,15,1,0,0,0,1,1,1,1785457078
2026-07-31T00:46:35Z,1037,4,1,14,1,0,1,1,1,1785458714
2026-07-31T00:46:35Z,1038,3,1,11,1,0,1,1,1,1785458020
2026-07-31T00:46:35Z,1039,4,2,15,0,0,1,1,1,1785458429
2026-07-31T00:46:35Z,1040,9,4,9,1,0,1,1,1,1785458304
2026-07-31T00:46:35Z,1041,10,3,9,0,0,1,1,1,1785458188
2026-07-31T00:46:35Z,1042,12,0,1,2,0,1,1,1,1785458450
2026-07-31T00:46:35Z,1043,10,1,7,2,0,1,1,1,1785458345
2026-07-31T00:46:35Z,1044,2,1,13,0,0,1,1,1,1785458073
2026-07-31T00:46:35Z,1045,10,0,9,0,0,1,1,1,1785458264
2026-07-31T00:46:35Z,1046,7,0,8,0,0,1,1,1,1785457701
2026-07-31T00:46:35Z,1047,3,0,18,0,0,1,1,1,1785457452
2026-07-31T00:46:35Z,1048,6,1,13,0,0,1,1,1,1785458628
2026-07-31T00:46:35Z,1049,2,0,19,0,0,1,1,1,1785458266
2026-07-31T00:46:35Z,1050,17,5,4,0,0,1,1,1,1785457544
2026-07-31T00:46:35Z,1051,8,3,13,0,0,1,1,1,1785458356
2026-07-31T00:46:35Z,1052,17,2,5,0,0,1,1,1,1785458079
2026-07-31T00:46:35Z,1053,1,1,14,0,0,1,1,1,1785458196
2026-07-31T00:46:35Z,1054,14,1,1,0,0,1,1,1,1785458440
2026-07-31T00:46:35Z,1055,6,1,13,0,0,1,1,1,1785458400
2026-07-31T00:46:35Z,1057,9,1,10,0,0,1,1,1,1785458610
2026-07-31T00:46:35Z,1058,53,0,0,3,0,1,1,1,1785458754
2026-07-31T00:46:35Z,1059,3,0,14,2,0,1,1,1,1785458331
2026-07-31T00:46:35Z,1060,6,1,31,0,0,1,1,1,1785457959
2026-07-31T00:46:35Z,1061,14,2,23,0,0,1,1,1,1785458705
2026-07-31T00:46:35Z,1062,17,3,0,0,0,1,1,1,1785458702
2026-07-31T00:46:35Z,1063,12,1,6,1,0,1,1,1,1785458320
2026-07-31T00:46:35Z,1064,6,2,16,1,0,1,1,1,1785458593
2026-07-31T00:46:35Z,1065,15,3,8,0,0,1,1,1,1785457037
2026-07-31T00:46:35Z,1066,10,1,13,0,0,1,1,1,1785458684
2026-07-31T00:46:35Z,1067,7,1,15,1,0,1,1,1,1785457132
2026-07-31T00:46:35Z,1068,8,2,13,2,0,1,1,1,1785458405
2026-07-31T00:46:35Z,1069,12,3,11,0,0,1,1,1,1785458490
2026-07-31T00:46:35Z,1070,11,2,12,0,0,1,1,1,1785458583
2026-07-31T00:46:35Z,1071,7,4,16,0,0,1,1,1,1785458623
2026-07-31T00:46:35Z,1072,11,1,11,1,0,1,1,1,1785457110
2026-07-31T00:46:35Z,1073,10,3,16,1,0,1,1,1,1785458717
2026-07-31T00:46:35Z,1074,53,0,0,0,0,1,1,1,1785458568
2026-07-31T00:46:35Z,1075,9,8,12,0,0,1,1,1,1785457993
2026-07-31T00:46:35Z,1076,13,11,8,0,0,1,1,1,1785457422
2026-07-31T00:46:35Z,1077,8,5,13,0,0,1,1,1,1785458201
2026-07-31T00:46:35Z,1078,13,10,8,0,0,1,1,1,1785457469
2026-07-31T00:46:35Z,1079,12,9,9,0,0,1,1,1,1785458109
2026-07-31T00:46:35Z,1080,9,7,11,1,0,1,1,1,1785456886
2026-07-31T00:46:35Z,1081,14,9,5,0,0,1,1,1,1785457324
2026-07-31T00:46:35Z,1082,4,4,4,0,0,1,1,1,1785458712
2026-07-31T00:46:35Z,1083,12,10,9,0,0,1,1,1,1785458357
2026-07-31T00:46:35Z,1084,8,7,13,0,0,1,1,1,1785457992
2026-07-31T00:46:35Z,1085,10,10,11,0,0,1,1,1,1785457576
2026-07-31T00:46:35Z,1086,8,7,12,1,0,1,1,1,1785458302
2026-07-31T00:46:35Z,1087,8,7,7,0,0,1,1,1,1785458690
2026-07-31T00:46:35Z,1088,10,7,5,0,0,1,1,1,1785458326
2026-07-31T00:46:35Z,1089,6,4,9,0,0,1,1,1,1785458702
2026-07-31T00:46:35Z,1090,8,7,7,0,0,1,1,1,1785457408
2026-07-31T00:46:35Z,1091,10,5,5,0,0,1,1,1,1785457320
2026-07-31T00:46:35Z,1092,9,9,5,1,0,1,1,1,1785458679
2026-07-31T00:46:35Z,1093,7,6,8,0,0,1,1,1,1785457235
2026-07-31T00:46:35Z,1094,10,8,8,1,0,1,1,1,1785458301
2026-07-31T00:46:35Z,1095,9,8,6,0,0,1,1,1,1785457200
2026-07-31T00:46:35Z,1096,6,3,12,1,0,1,1,1,1785458638
2026-07-31T00:46:35Z,1097,8,8,7,0,0,1,1,1,1785457048
2026-07-31T00:46:35Z,1098,9,7,10,0,0,1,1,1,1785457361
2026-07-31T00:46:35Z,1099,7,6,8,0,0,1,1,1,1785458111
2026-07-31T00:46:35Z,1100,5,1,24,0,0,1,1,1,1785452920
2026-07-31T00:46:35Z,1101,10,5,11,0,0,1,1,1,1785457979
2026-07-31T00:46:35Z,1102,9,4,4,0,0,1,1,1,1785458521
2026-07-31T00:46:35Z,1103,10,5,11,0,0,1,1,1,1785458054
2026-07-31T00:46:35Z,1104,10,5,11,0,0,1,1,1,1785457729
2026-07-31T00:46:35Z,1105,7,3,6,0,0,1,1,1,1785457226
2026-07-31T00:46:35Z,1106,13,7,8,0,0,1,1,1,1785458063
2026-07-31T00:46:35Z,1107,9,5,6,0,0,1,1,1,1785458414
2026-07-31T00:46:35Z,1108,7,3,17,3,0,1,1,1,1785457946
2026-07-31T00:46:35Z,1109,5,3,10,0,0,1,1,1,1785458377
2026-07-31T00:46:35Z,1110,8,0,13,0,0,1,1,1,1785457609
2026-07-31T00:46:35Z,1111,2,0,19,0,0,1,1,1,1785458157
2026-07-31T00:46:35Z,1112,48,0,5,0,0,1,1,1,1785457885
2026-07-31T00:46:35Z,1113,0,0,21,0,0,1,1,1,1785458406
2026-07-31T00:46:35Z,1115,20,7,2,1,0,1,1,1,1785458749
2026-07-31T00:46:35Z,1116,4,1,15,0,0,1,1,1,1785458291
2026-07-31T00:46:35Z,1117,2,0,21,0,0,1,1,1,1785458637
2026-07-31T00:46:35Z,1118,13,1,7,1,0,1,1,1,1785458657
2026-07-31T00:46:35Z,1119,11,1,5,1,0,1,1,1,1785458767
2026-07-31T00:46:35Z,1120,14,2,4,1,0,1,1,1,1785458404
2026-07-31T00:46:35Z,1121,7,4,12,2,0,1,1,1,1785458686
2026-07-31T00:46:35Z,1122,15,9,4,2,0,1,1,1,1785458536
2026-07-31T00:46:35Z,1123,4,0,17,2,0,1,1,1,1785457925
2026-07-31T00:46:35Z,1124,8,0,2,5,0,1,1,1,1785458330
2026-07-31T00:46:35Z,1125,14,0,9,0,0,1,1,1,1785458542
2026-07-31T00:46:35Z,1126,9,5,10,2,0,1,1,1,1785458511
2026-07-31T00:46:35Z,1127,7,2,12,0,0,1,1,1,1785458614
2026-07-31T00:46:35Z,1128,9,0,5,1,0,1,1,1,1785458322
2026-07-31T00:46:35Z,1129,2,0,19,0,0,1,1,1,1785458758
2026-07-31T00:46:35Z,1130,10,1,5,0,0,1,1,1,1785458678
2026-07-31T00:46:35Z,1131,3,0,45,1,0,1,1,1,1785457935
2026-07-31T00:46:35Z,1132,13,5,7,1,0,1,1,1,1785458079
2026-07-31T00:46:35Z,1133,8,4,11,2,0,1,1,1,1785458103
2026-07-31T00:46:35Z,1134,11,6,8,0,0,1,1,1,1785458786
2026-07-31T00:46:35Z,1135,10,5,11,0,0,1,1,1,1785457872
2026-07-31T00:46:35Z,1136,16,0,7,0,0,1,1,1,1785458438
2026-07-31T00:46:35Z,1137,7,0,8,0,0,1,1,1,1785458242
2026-07-31T00:46:35Z,1138,10,2,9,0,0,1,1,1,1785458255
2026-07-31T00:46:35Z,1139,10,2,9,2,0,1,1,1,1785458753
2026-07-31T00:46:35Z,1140,18,2,4,1,0,1,1,1,1785457915
2026-07-31T00:46:35Z,1141,3,3,17,1,0,1,1,1,1785458520
2026-07-31T00:46:35Z,1142,21,1,0,0,0,1,1,1,1785457106
2026-07-31T00:46:35Z,1143,22,3,7,0,0,1,1,1,1785458772
2026-07-31T00:46:35Z,1144,9,4,10,2,0,1,1,1,1785458557
2026-07-31T00:46:35Z,1145,12,6,8,1,0,1,1,1,1785458647
2026-07-31T00:46:35Z,1146,10,7,8,1,0,1,1,1,1785458785
2026-07-31T00:46:35Z,1147,2,0,17,0,0,1,1,1,1785458220
2026-07-31T00:46:35Z,1148,3,3,28,0,0,1,1,1,1785458532
2026-07-31T00:46:35Z,1149,3,3,18,4,0,1,1,1,1785457882
2026-07-31T00:46:35Z,1150,5,0,14,0,0,1,1,1,1785458060
2026-07-31T00:46:35Z,1151,2,1,19,0,0,1,1,1,1785458605
2026-07-31T00:46:35Z,1152,3,0,26,0,0,1,1,1,1785458139
2026-07-31T00:46:35Z,1153,10,0,11,2,0,1,1,1,1785458780
2026-07-31T00:46:35Z,1154,13,1,6,0,0,1,1,1,1785457753
2026-07-31T00:46:35Z,1155,14,7,6,1,0,1,1,1,1785458653
2026-07-31T00:46:35Z,1158,3,0,16,0,0,1,1,1,1785458185
2026-07-31T00:46:35Z,1159,11,0,8,0,0,1,1,1,1785458538
2026-07-31T00:46:35Z,1160,9,1,9,1,0,1,1,1,1785458133
2026-07-31T00:46:35Z,1161,5,1,13,1,0,1,1,1,1785458667
2026-07-31T00:46:35Z,1162,0,0,19,0,0,1,1,1,1785457108
2026-07-31T00:46:35Z,1163,1,1,17,1,0,1,1,1,1785458303
2026-07-31T00:46:35Z,1164,4,1,15,0,0,1,1,1,1785458362
2026-07-31T00:46:35Z,1165,8,1,13,0,0,1,1,1,1785457263
2026-07-31T00:46:35Z,1166,9,4,12,0,0,1,1,1,1785458582
2026-07-31T00:46:35Z,1167,4,0,11,0,0,1,1,1,1785458101
2026-07-31T00:46:35Z,1168,1,0,22,0,0,1,1,1,1785458521
2026-07-31T00:46:35Z,1169,3,0,15,1,0,1,1,1,1785458208
2026-07-31T00:46:35Z,1170,6,0,14,1,0,1,1,1,1785458562
2026-07-31T00:46:35Z,1171,6,6,16,1,0,1,1,1,1785458203
2026-07-31T00:46:35Z,1172,7,2,6,2,0,1,1,1,1785458496
2026-07-31T00:46:35Z,1173,10,3,9,0,0,1,1,1,1785458447
2026-07-31T00:46:35Z,1174,5,2,9,1,0,1,1,1,1785458186
2026-07-31T00:46:35Z,1175,7,3,12,0,0,1,1,1,1785456851
2026-07-31T00:46:35Z,1176,19,1,2,0,0,1,1,1,1785457642
2026-07-31T00:46:35Z,1177,3,1,18,0,0,1,1,1,1785457564
2026-07-31T00:46:35Z,1178,1,0,14,0,0,1,1,1,1785458170
2026-07-31T00:46:35Z,1181,11,0,3,1,0,1,1,1,1785458741
2026-07-31T00:46:35Z,1182,12,4,8,0,0,1,1,1,1785458686
2026-07-31T00:46:35Z,1183,6,0,37,2,0,1,1,1,1785458508
2026-07-31T00:46:35Z,1184,1,1,19,1,0,1,1,1,1785458306
2026-07-31T00:46:35Z,1185,10,5,11,0,0,1,1,1,1785457667
2026-07-31T00:46:35Z,1186,9,5,10,0,0,1,1,1,1785458718
2026-07-31T00:46:35Z,1187,11,6,9,1,0,1,1,1,1785457840
2026-07-31T00:46:35Z,1188,9,3,6,0,0,1,1,1,1785458427
2026-07-31T00:46:35Z,1189,10,5,9,0,0,1,1,1,1785458472
2026-07-31T00:46:35Z,1190,10,5,11,0,0,1,1,1,1785457849
2026-07-31T00:46:35Z,1191,10,5,5,0,0,1,1,1,1785458432
2026-07-31T00:46:35Z,1192,11,7,10,0,0,1,1,1,1785458217
2026-07-31T00:46:35Z,1193,6,4,5,2,0,1,1,1,1785457521
2026-07-31T00:46:35Z,1197,9,6,7,1,0,1,1,1,1785457396
2026-07-31T00:46:35Z,1198,14,4,5,2,0,1,1,1,1785458745
2026-07-31T00:46:35Z,1199,2,0,17,0,0,1,1,1,1785458775
2026-07-31T00:46:35Z,1200,10,5,5,0,0,1,1,1,1785458470
2026-07-31T00:46:35Z,1201,9,4,6,0,0,1,1,1,1785458446
2026-07-31T00:46:35Z,1202,10,5,5,0,0,1,1,1,1785458540
2026-07-31T00:46:35Z,1203,10,5,5,0,0,1,1,1,1785458436
2026-07-31T00:46:35Z,1204,7,3,11,1,0,1,1,1,1785458153
2026-07-31T00:46:35Z,1206,11,5,10,0,0,1,1,1,1785457354
2026-07-31T00:46:35Z,1207,10,5,5,0,0,1,1,1,1785458755
2026-07-31T00:46:35Z,1208,7,2,11,1,0,1,1,1,1785458635
2026-07-31T00:46:35Z,1216,7,0,13,1,0,1,1,1,1785457590
2026-07-31T00:46:35Z,1218,5,0,16,0,0,1,1,1,1785457986
2026-07-31T00:46:35Z,1219,7,2,7,1,0,1,1,1,1785457898
2026-07-31T00:46:35Z,1220,14,7,4,1,0,1,1,1,1785457771
2026-07-31T00:46:35Z,1221,2,2,19,0,0,1,1,1,1785457294
2026-07-31T00:46:35Z,1222,23,2,6,0,0,1,1,1,1785458660
2026-07-31T00:46:35Z,1223,21,2,6,2,0,1,1,1,1785458474
2026-07-31T00:46:35Z,1226,0,0,3,0,0,0,1,1,1781868931
2026-07-31T00:46:35Z,1227,15,2,10,0,0,1,1,1,1785458180
2026-07-31T00:46:35Z,1228,28,2,1,0,0,1,1,1,1785458736
2026-07-31T00:46:35Z,1229,45,1,0,0,0,1,1,1,1785458433
2026-07-31T00:51:36Z,1,1,0,22,0,0,1,1,1,1785458176
2026-07-31T00:51:36Z,2,21,0,4,2,0,1,1,1,1785458853
2026-07-31T00:51:36Z,3,3,0,10,1,0,1,1,1,1785458746
2026-07-31T00:51:36Z,4,21,1,0,1,0,1,1,1,1785456637
2026-07-31T00:51:36Z,5,8,3,15,0,0,1,1,1,1785456282
2026-07-31T00:51:36Z,6,14,0,1,0,0,1,1,1,1785459039
2026-07-31T00:51:36Z,7,10,0,29,0,0,1,1,1,1785458867
2026-07-31T00:51:36Z,8,3,0,40,0,0,1,1,1,1785455298
2026-07-31T00:51:36Z,9,7,1,14,2,0,1,1,1,1785459088
2026-07-31T00:51:36Z,10,1,0,20,2,0,1,1,1,1785458949
2026-07-31T00:51:36Z,11,5,0,13,1,0,1,1,1,1785458453
2026-07-31T00:51:36Z,12,14,0,9,0,0,1,1,1,1785458978
2026-07-31T00:51:36Z,13,19,2,11,0,0,1,1,1,1785458737
2026-07-31T00:51:36Z,14,36,0,6,0,1,1,1,1,1785458731
2026-07-31T00:51:36Z,15,7,0,8,0,0,1,1,1,1785458086
2026-07-31T00:51:36Z,16,9,0,15,2,1,1,1,1,1785459025
2026-07-31T00:51:36Z,17,20,0,6,1,0,1,1,1,1785459087
2026-07-31T00:51:36Z,18,15,0,1,2,0,1,1,1,1785459078
2026-07-31T00:51:36Z,19,5,2,21,1,0,1,1,1,1785459077
2026-07-31T00:51:36Z,20,24,0,11,0,0,1,1,1,1785459050
2026-07-31T00:51:36Z,21,18,0,1,0,0,1,1,1,1785459081
2026-07-31T00:51:36Z,22,43,0,21,1,0,1,1,1,1785458865
2026-07-31T00:51:36Z,23,20,3,11,0,0,1,1,1,1785458935
2026-07-31T00:51:36Z,24,10,2,0,1,0,1,1,1,1785459083
2026-07-31T00:51:36Z,25,74,1,3,4,0,1,1,1,1785459022
2026-07-31T00:51:36Z,26,7,0,20,0,0,1,1,1,1785456754
2026-07-31T00:51:36Z,28,2,0,13,0,0,1,1,1,1785458424
2026-07-31T00:51:36Z,30,12,1,15,2,0,1,1,1,1785459058
2026-07-31T00:51:36Z,31,0,0,17,2,0,1,1,1,1785458910
2026-07-31T00:51:36Z,32,19,4,8,0,0,1,1,1,1785459041
2026-07-31T00:51:36Z,34,24,1,13,0,0,1,1,1,1785458681
2026-07-31T00:51:36Z,35,47,0,0,0,0,1,1,1,1785458199
2026-07-31T00:51:36Z,36,0,0,0,0,0,0,1,1,86400
2026-07-31T00:51:36Z,37,17,1,6,0,0,1,1,1,1785459015
2026-07-31T00:51:36Z,38,9,0,14,0,0,1,1,1,1785459042
2026-07-31T00:51:36Z,39,23,1,16,0,0,1,1,1,1785458577
2026-07-31T00:51:36Z,40,10,1,10,1,0,1,1,1,1785458921
2026-07-31T00:51:36Z,41,6,1,36,1,0,1,1,1,1785458924
2026-07-31T00:51:36Z,42,25,4,6,0,0,1,1,1,1785459050
2026-07-31T00:51:36Z,43,3,0,19,1,0,1,1,1,1785458805
2026-07-31T00:51:36Z,45,7,1,21,1,0,1,1,1,1785458922
2026-07-31T00:51:36Z,46,2,2,28,1,0,1,1,1,1785459063
2026-07-31T00:51:36Z,47,14,2,0,1,0,1,1,1,1785459088
2026-07-31T00:51:36Z,48,14,0,13,0,0,1,1,1,1785458879
2026-07-31T00:51:36Z,49,1,0,18,4,0,1,1,1,1785459084
2026-07-31T00:51:36Z,50,0,0,18,1,0,1,1,1,1785459029
2026-07-31T00:51:36Z,51,49,1,28,0,0,1,1,1,1785458892
2026-07-31T00:51:36Z,52,5,0,19,3,0,1,1,1,1785459083
2026-07-31T00:51:36Z,55,0,0,23,0,0,1,1,1,1785458682
2026-07-31T00:51:36Z,56,2,1,41,0,0,1,1,1,1785458732
2026-07-31T00:51:36Z,57,8,1,19,0,0,1,1,1,1785458954
2026-07-31T00:51:36Z,58,1,1,26,1,0,1,1,1,1785458873
2026-07-31T00:51:36Z,59,3,1,22,2,0,1,1,1,1785459026
2026-07-31T00:51:36Z,61,14,0,25,0,0,1,1,1,1785459034
2026-07-31T00:51:36Z,62,14,14,33,2,0,1,1,1,1785458692
2026-07-31T00:51:36Z,63,1,0,18,0,0,1,1,1,1785459043
2026-07-31T00:51:36Z,64,15,0,0,4,0,1,1,1,1785458251
2026-07-31T00:51:36Z,65,13,5,5,1,0,1,1,1,1785458978
2026-07-31T00:51:36Z,67,1,1,38,0,0,1,1,1,1785458310
2026-07-31T00:51:36Z,68,4,0,33,0,0,1,1,1,1785459079
2026-07-31T00:51:36Z,69,1,0,12,2,0,1,1,1,1785457864
2026-07-31T00:51:36Z,71,3,2,23,1,0,1,1,1,1785458703
2026-07-31T00:51:36Z,72,13,6,17,1,0,1,1,1,1785459005
2026-07-31T00:51:36Z,73,3,1,28,0,0,1,1,1,1785459080
2026-07-31T00:51:36Z,74,5,2,14,0,0,1,1,1,1785458146
2026-07-31T00:51:36Z,75,0,0,30,2,0,1,1,1,1785456645
2026-07-31T00:51:36Z,76,1,0,17,1,0,1,1,1,1785459080
2026-07-31T00:51:36Z,77,9,1,17,1,0,1,1,1,1785459006
2026-07-31T00:51:36Z,78,4,2,19,0,0,1,1,1,1785458882
2026-07-31T00:51:36Z,79,1,1,15,1,0,1,1,1,1785458927
2026-07-31T00:51:36Z,80,12,1,8,3,0,1,1,1,1785459071
2026-07-31T00:51:36Z,81,9,1,22,0,0,1,1,1,1785458860
2026-07-31T00:51:36Z,82,1,1,22,0,0,1,1,1,1785458366
2026-07-31T00:51:36Z,83,3,2,29,2,0,1,1,1,1785459012
2026-07-31T00:51:36Z,84,8,5,19,0,0,1,1,1,1785459056
2026-07-31T00:51:36Z,85,4,0,11,0,0,1,1,1,1785459060
2026-07-31T00:51:36Z,86,0,0,26,1,0,1,1,1,1785459076
2026-07-31T00:51:36Z,87,3,0,16,0,0,1,1,1,1785457315
2026-07-31T00:51:36Z,88,1,0,41,1,0,1,1,1,1785458824
2026-07-31T00:51:36Z,89,34,1,1,0,0,1,1,1,1785459006
2026-07-31T00:51:36Z,90,12,1,5,1,0,1,1,1,1785458874
2026-07-31T00:51:36Z,91,9,1,8,0,0,1,1,1,1785458287
2026-07-31T00:51:36Z,92,5,0,11,3,0,1,1,1,1785458943
2026-07-31T00:51:36Z,93,21,0,2,0,0,1,1,1,1785458717
2026-07-31T00:51:36Z,94,18,1,0,1,0,1,1,1,1785458905
2026-07-31T00:51:36Z,95,8,3,25,1,1,1,1,1,1785459087
2026-07-31T00:51:36Z,96,4,0,26,1,0,1,1,1,1785458985
2026-07-31T00:51:36Z,97,16,0,0,1,0,1,1,1,1785459079
2026-07-31T00:51:36Z,98,13,4,19,3,0,1,1,1,1785459087
2026-07-31T00:51:36Z,99,14,0,1,0,0,1,1,1,1785458993
2026-07-31T00:51:36Z,100,27,1,0,0,0,1,1,1,1785459002
2026-07-31T00:51:36Z,101,14,2,0,1,0,1,1,1,1785458935
2026-07-31T00:51:36Z,102,22,1,1,0,0,1,1,1,1785458947
2026-07-31T00:51:36Z,103,29,2,0,1,0,1,1,1,1785458768
2026-07-31T00:51:36Z,104,23,0,2,2,0,1,1,1,1785459083
2026-07-31T00:51:36Z,105,16,0,3,0,0,1,1,1,1785458519
2026-07-31T00:51:36Z,106,0,0,21,0,0,1,1,1,1785458543
2026-07-31T00:51:36Z,107,34,0,3,0,0,1,1,1,1785458926
2026-07-31T00:51:36Z,108,35,1,0,0,0,1,1,1,1785459014
2026-07-31T00:51:36Z,109,20,3,3,0,0,1,1,1,1785459065
2026-07-31T00:51:36Z,110,9,1,14,0,0,1,1,1,1785459004
2026-07-31T00:51:36Z,111,6,0,30,0,0,1,1,1,1785458677
2026-07-31T00:51:36Z,112,13,0,1,1,0,1,1,1,1785458861
2026-07-31T00:51:36Z,113,18,3,0,1,0,1,1,1,1785458918
2026-07-31T00:51:36Z,114,1,1,28,1,1,1,1,1,1785458938
2026-07-31T00:51:36Z,115,0,0,24,4,0,1,1,1,1785458689
2026-07-31T00:51:36Z,116,9,6,18,0,0,1,1,1,1785458114
2026-07-31T00:51:36Z,118,18,12,2,3,0,1,1,1,1785458522
2026-07-31T00:51:36Z,119,1,0,34,3,0,1,1,1,1785459009
2026-07-31T00:51:36Z,120,10,2,16,1,0,1,1,1,1785458916
2026-07-31T00:51:36Z,121,3,0,15,0,1,1,1,1,1785459073
2026-07-31T00:51:36Z,122,7,0,13,1,0,1,1,1,1785458986
2026-07-31T00:51:36Z,123,20,0,27,0,0,1,1,1,1785458904
2026-07-31T00:51:36Z,124,19,12,15,1,0,1,1,1,1785458942
2026-07-31T00:51:36Z,125,0,0,23,0,0,1,1,1,1785459022
2026-07-31T00:51:36Z,126,8,1,23,0,0,1,1,1,1785458612
2026-07-31T00:51:36Z,127,1,1,33,1,0,1,1,1,1785459080
2026-07-31T00:51:36Z,128,12,12,6,1,0,1,1,1,1785459023
2026-07-31T00:51:36Z,129,8,2,10,1,0,1,1,1,1785458749
2026-07-31T00:51:36Z,130,4,0,13,0,0,1,1,1,1785457733
2026-07-31T00:51:36Z,131,5,3,4,2,0,1,1,1,1785456847
2026-07-31T00:51:36Z,132,1,0,13,0,1,1,1,1,1785458305
2026-07-31T00:51:36Z,134,7,5,14,2,0,1,1,1,1785459076
2026-07-31T00:51:36Z,135,7,1,11,1,0,1,1,1,1785458975
2026-07-31T00:51:36Z,136,18,4,5,0,0,1,1,1,1785458919
2026-07-31T00:51:36Z,137,4,4,14,1,0,1,1,1,1785458769
2026-07-31T00:51:36Z,138,23,4,14,0,0,1,1,1,1785458908
2026-07-31T00:51:36Z,139,12,5,5,2,0,1,1,1,1785459066
2026-07-31T00:51:36Z,140,9,6,13,1,0,1,1,1,1785459084
2026-07-31T00:51:36Z,141,16,8,20,0,0,1,1,1,1785459044
2026-07-31T00:51:36Z,142,11,2,12,0,0,1,1,1,1785458794
2026-07-31T00:51:36Z,143,14,5,17,0,0,1,1,1,1785458704
2026-07-31T00:51:36Z,144,25,1,2,0,0,1,1,1,1785458631
2026-07-31T00:51:36Z,145,19,7,9,1,0,1,1,1,1785459081
2026-07-31T00:51:36Z,146,6,2,16,1,0,1,1,1,1785458906
2026-07-31T00:51:36Z,147,4,1,13,2,0,1,1,1,1785458996
2026-07-31T00:51:36Z,148,3,3,24,0,0,1,1,1,1785459056
2026-07-31T00:51:36Z,149,2,2,25,0,0,1,1,1,1785458760
2026-07-31T00:51:36Z,150,22,7,11,2,0,1,1,1,1785459011
2026-07-31T00:51:36Z,151,12,4,11,0,0,1,1,1,1785459013
2026-07-31T00:51:36Z,152,19,3,4,4,0,1,1,1,1785458961
2026-07-31T00:51:36Z,153,1,1,0,29,1,1,1,1,1785459081
2026-07-31T00:51:36Z,154,14,0,6,3,0,1,1,1,1785458968
2026-07-31T00:51:36Z,155,13,6,0,1,0,1,1,1,1785458798
2026-07-31T00:51:36Z,156,16,1,3,0,0,1,1,1,1785457680
2026-07-31T00:51:36Z,157,11,1,14,2,0,1,1,1,1785458995
2026-07-31T00:51:36Z,158,1,0,15,0,0,1,1,1,1785457417
2026-07-31T00:51:36Z,159,9,2,10,0,0,1,1,1,1785459079
2026-07-31T00:51:36Z,160,9,2,10,0,0,1,1,1,1785459062
2026-07-31T00:51:36Z,161,6,0,16,0,0,1,1,1,1785459077
2026-07-31T00:51:36Z,162,8,7,16,3,0,1,1,1,1785458323
2026-07-31T00:51:36Z,163,11,0,19,0,1,1,1,1,1785458926
2026-07-31T00:51:36Z,164,26,5,1,0,0,1,1,1,1785458931
2026-07-31T00:51:36Z,165,30,6,0,1,0,1,1,1,1785459001
2026-07-31T00:51:36Z,166,14,7,21,4,0,1,1,1,1785459083
2026-07-31T00:51:36Z,167,12,5,10,1,0,1,1,1,1785458739
2026-07-31T00:51:36Z,168,8,2,18,1,0,1,1,1,1785459069
2026-07-31T00:51:36Z,169,11,2,11,0,1,1,1,1,1785459053
2026-07-31T00:51:36Z,170,3,3,15,1,0,1,1,1,1785458080
2026-07-31T00:51:36Z,171,7,1,4,2,0,1,1,1,1785458987
2026-07-31T00:51:36Z,173,35,5,4,0,0,1,1,1,1785459027
2026-07-31T00:51:36Z,174,14,0,9,3,0,1,1,1,1785458500
2026-07-31T00:51:36Z,175,29,0,2,0,0,1,1,1,1785458946
2026-07-31T00:51:36Z,176,5,2,6,3,1,1,1,1,1785458732
2026-07-31T00:51:36Z,177,19,10,8,0,0,1,1,1,1785459064
2026-07-31T00:51:36Z,178,11,2,1,2,1,1,1,1,1785459087
2026-07-31T00:51:36Z,179,10,6,4,1,0,1,1,1,1785459028
2026-07-31T00:51:36Z,180,23,0,7,0,0,1,1,1,1785459033
2026-07-31T00:51:36Z,181,1,1,13,1,0,1,1,1,1785459081
2026-07-31T00:51:36Z,182,2,2,15,0,0,1,1,1,1785458815
2026-07-31T00:51:36Z,183,14,3,9,0,0,1,1,1,1785458842
2026-07-31T00:51:36Z,184,9,1,12,2,0,1,1,1,1785458921
2026-07-31T00:51:36Z,185,3,0,10,1,1,1,1,1,1785458374
2026-07-31T00:51:36Z,186,3,2,16,0,0,1,1,1,1785458923
2026-07-31T00:51:36Z,187,9,2,18,1,0,1,1,1,1785459085
2026-07-31T00:51:36Z,188,19,0,0,8,0,1,1,1,1785459086
2026-07-31T00:51:36Z,189,2,0,13,0,0,1,1,1,1785458993
2026-07-31T00:51:36Z,190,6,4,17,0,0,1,1,1,1785459069
2026-07-31T00:51:36Z,191,0,0,39,0,0,1,1,1,1785458545
2026-07-31T00:51:36Z,192,7,5,20,4,0,1,1,1,1785458700
2026-07-31T00:51:36Z,193,12,7,2,1,0,1,1,1,1785458843
2026-07-31T00:51:36Z,194,0,0,26,1,0,1,1,1,1785458148
2026-07-31T00:51:36Z,195,5,3,14,0,0,1,1,1,1785458902
2026-07-31T00:51:36Z,196,13,7,11,3,0,1,1,1,1785458915
2026-07-31T00:51:36Z,197,3,0,15,0,1,1,1,1,1785458767
2026-07-31T00:51:36Z,198,14,13,9,0,0,1,1,1,1785458679
2026-07-31T00:51:36Z,199,7,6,7,1,0,1,1,1,1785459021
2026-07-31T00:51:36Z,200,16,7,10,0,0,1,1,1,1785458928
2026-07-31T00:51:36Z,201,1,1,22,0,0,1,1,1,1785459076
2026-07-31T00:51:36Z,202,20,1,7,0,0,1,1,1,1785458762
2026-07-31T00:51:36Z,203,18,0,12,1,0,1,1,1,1785459017
2026-07-31T00:51:36Z,204,15,0,17,3,0,1,1,1,1785458757
2026-07-31T00:51:36Z,205,8,2,19,0,0,1,1,1,1785459060
2026-07-31T00:51:36Z,206,6,6,8,1,0,1,1,1,1785459031
2026-07-31T00:51:36Z,207,19,0,2,0,0,1,1,1,1785458991
2026-07-31T00:51:36Z,208,2,1,27,0,0,1,1,1,1785459087
2026-07-31T00:51:36Z,209,11,2,19,1,0,1,1,1,1785459083
2026-07-31T00:51:36Z,210,0,0,26,1,0,1,1,1,1785458807
2026-07-31T00:51:36Z,211,2,1,20,1,0,1,1,1,1785458932
2026-07-31T00:51:36Z,212,22,1,12,1,0,1,1,1,1785459062
2026-07-31T00:51:36Z,213,22,2,0,1,0,1,1,1,1785458925
2026-07-31T00:51:36Z,214,7,6,32,8,0,1,1,1,1785459088
2026-07-31T00:51:36Z,215,2,2,21,0,0,1,1,1,1785459086
2026-07-31T00:51:36Z,216,3,0,15,1,0,1,1,1,1785458802
2026-07-31T00:51:36Z,217,22,0,6,1,0,1,1,1,1785458961
2026-07-31T00:51:36Z,218,4,4,30,5,0,1,1,1,1785459069
2026-07-31T00:51:36Z,219,22,0,3,1,0,1,1,1,1785459074
2026-07-31T00:51:36Z,220,19,17,21,2,1,1,1,1,1785459007
2026-07-31T00:51:36Z,221,7,7,7,1,0,1,1,1,1785458829
2026-07-31T00:51:36Z,222,13,9,4,2,0,1,1,1,1785459078
2026-07-31T00:51:36Z,223,2,0,31,2,0,1,1,1,1785459045
2026-07-31T00:51:36Z,224,15,15,6,1,0,1,1,1,1785459043
2026-07-31T00:51:36Z,225,10,0,4,5,0,1,1,1,1785458746
2026-07-31T00:51:36Z,226,17,5,14,0,0,1,1,1,1785458847
2026-07-31T00:51:36Z,227,16,10,9,1,1,1,1,1,1785458981
2026-07-31T00:51:36Z,228,14,8,5,0,0,1,1,1,1785459082
2026-07-31T00:51:36Z,230,25,4,1,0,0,1,1,1,1785458888
2026-07-31T00:51:36Z,232,8,4,8,1,0,1,1,1,1785458947
2026-07-31T00:51:36Z,233,23,6,7,1,0,1,1,1,1785459037
2026-07-31T00:51:36Z,234,8,4,6,4,1,1,1,1,1785459056
2026-07-31T00:51:36Z,236,2,0,17,0,0,1,1,1,1785458938
2026-07-31T00:51:36Z,237,4,0,18,1,0,1,1,1,1785457620
2026-07-31T00:51:36Z,239,19,10,6,2,0,1,1,1,1785458817
2026-07-31T00:51:36Z,241,7,5,16,0,0,1,1,1,1785458841
2026-07-31T00:51:36Z,242,1,1,21,1,0,1,1,1,1785458722
2026-07-31T00:51:36Z,243,3,3,25,3,0,1,1,1,1785459031
2026-07-31T00:51:36Z,244,0,0,26,1,0,1,1,1,1785458536
2026-07-31T00:51:36Z,245,12,12,10,1,0,1,1,1,1785458635
2026-07-31T00:51:36Z,246,5,2,18,0,0,1,1,1,1785458839
2026-07-31T00:51:36Z,247,14,10,9,0,0,1,1,1,1785458457
2026-07-31T00:51:36Z,248,0,0,20,3,0,1,1,1,1785458513
2026-07-31T00:51:36Z,249,3,3,16,0,0,1,1,1,1785458935
2026-07-31T00:51:36Z,250,6,1,19,2,0,1,1,1,1785459048
2026-07-31T00:51:36Z,251,9,9,17,1,0,1,1,1,1785459085
2026-07-31T00:51:36Z,253,3,3,15,1,0,1,1,1,1785459074
2026-07-31T00:51:36Z,254,15,10,27,1,0,1,1,1,1785458643
2026-07-31T00:51:36Z,255,3,1,19,0,1,1,1,1,1785458912
2026-07-31T00:51:36Z,256,7,7,15,1,0,1,1,1,1785459063
2026-07-31T00:51:36Z,257,7,5,11,1,0,1,1,1,1785458854
2026-07-31T00:51:36Z,258,6,6,12,1,0,1,1,1,1785458617
2026-07-31T00:51:36Z,259,14,1,8,0,1,1,1,1,1785458391
2026-07-31T00:51:36Z,260,7,1,11,1,0,1,1,1,1785458965
2026-07-31T00:51:36Z,261,10,1,7,1,1,1,1,1,1785458956
2026-07-31T00:51:36Z,262,17,2,6,0,0,1,1,1,1785458709
2026-07-31T00:51:36Z,263,13,3,2,0,0,1,1,1,1785458987
2026-07-31T00:51:36Z,264,8,0,10,1,0,1,1,1,1785458801
2026-07-31T00:51:36Z,265,12,2,3,0,0,1,1,1,1785458819
2026-07-31T00:51:36Z,266,12,7,6,1,0,1,1,1,1785458715
2026-07-31T00:51:36Z,267,4,0,9,2,0,1,1,1,1785456188
2026-07-31T00:51:36Z,268,19,7,4,0,0,1,1,1,1785458952
2026-07-31T00:51:36Z,269,7,1,16,0,0,1,1,1,1785458464
2026-07-31T00:51:36Z,270,23,1,3,1,0,1,1,1,1785458997
2026-07-31T00:51:36Z,271,2,0,15,2,0,1,1,1,1785458652
2026-07-31T00:51:36Z,272,14,7,9,0,0,1,1,1,1785458959
2026-07-31T00:51:36Z,273,10,4,5,0,0,1,1,1,1785459073
2026-07-31T00:51:36Z,274,11,4,8,0,0,1,1,1,1785458649
2026-07-31T00:51:36Z,275,9,0,14,0,0,1,1,1,1785458835
2026-07-31T00:51:36Z,276,0,0,27,0,0,1,1,1,1785458967
2026-07-31T00:51:36Z,277,0,0,19,4,0,1,1,1,1785458483
2026-07-31T00:51:36Z,278,1,1,28,1,1,1,1,1,1785458845
2026-07-31T00:51:36Z,279,6,6,13,0,0,1,1,1,1785458447
2026-07-31T00:51:36Z,280,1,0,28,2,0,1,1,1,1785458871
2026-07-31T00:51:36Z,281,18,1,1,0,0,1,1,1,1785458930
2026-07-31T00:51:36Z,282,1,0,16,1,0,1,1,1,1785454029
2026-07-31T00:51:36Z,283,21,0,14,0,0,1,1,1,1785458800
2026-07-31T00:51:36Z,284,17,1,15,3,0,1,1,1,1785457768
2026-07-31T00:51:36Z,285,1,0,22,0,0,1,1,1,1785459079
2026-07-31T00:51:36Z,286,18,10,3,2,0,1,1,1,1785458843
2026-07-31T00:51:36Z,287,12,0,9,2,0,1,1,1,1785458978
2026-07-31T00:51:36Z,288,10,7,9,0,0,1,1,1,1785459062
2026-07-31T00:51:36Z,289,7,3,18,2,0,1,1,1,1785458733
2026-07-31T00:51:36Z,290,24,0,13,2,0,1,1,1,1785459077
2026-07-31T00:51:36Z,291,6,0,16,1,0,1,1,1,1785458876
2026-07-31T00:51:36Z,292,0,0,23,0,0,1,1,1,1785457343
2026-07-31T00:51:36Z,293,14,7,8,1,0,1,1,1,1785458606
2026-07-31T00:51:36Z,294,9,3,9,4,0,1,1,1,1785458997
2026-07-31T00:51:36Z,297,13,0,3,2,1,1,1,1,1785459082
2026-07-31T00:51:36Z,301,12,0,6,1,0,1,1,1,1785459016
2026-07-31T00:51:36Z,302,11,0,11,1,0,1,1,1,1785457101
2026-07-31T00:51:36Z,303,4,0,15,0,0,1,1,1,1785458446
2026-07-31T00:51:36Z,304,0,0,0,0,0,0,1,1,86400
2026-07-31T00:51:36Z,305,18,0,0,1,0,1,1,1,1785458503
2026-07-31T00:51:36Z,306,4,1,28,0,0,1,1,1,1785458866
2026-07-31T00:51:36Z,307,17,3,6,0,0,1,1,1,1785459031
2026-07-31T00:51:36Z,308,14,2,2,3,0,1,1,1,1785458922
2026-07-31T00:51:36Z,309,2,0,11,1,0,1,1,1,1785458111
2026-07-31T00:51:36Z,311,10,0,5,0,0,1,1,1,1785458360
2026-07-31T00:51:36Z,312,3,3,16,3,1,1,1,1,1785459028
2026-07-31T00:51:36Z,313,6,0,9,0,0,1,1,1,1785457649
2026-07-31T00:51:36Z,314,4,4,11,3,0,1,1,1,1785458082
2026-07-31T00:51:36Z,315,23,13,5,3,0,1,1,1,1785458614
2026-07-31T00:51:36Z,316,12,3,12,6,1,1,1,1,1785458975
2026-07-31T00:51:36Z,317,0,0,29,1,1,1,1,1,1785458852
2026-07-31T00:51:36Z,318,13,0,6,0,0,1,1,1,1785456267
2026-07-31T00:51:36Z,319,6,2,16,1,0,1,1,1,1785458855
2026-07-31T00:51:36Z,320,3,0,15,1,0,1,1,1,1785456989
2026-07-31T00:51:36Z,321,9,0,8,2,0,1,1,1,1785456753
2026-07-31T00:51:36Z,322,15,0,12,2,0,1,1,1,1785458607
2026-07-31T00:51:36Z,323,11,1,8,0,0,1,1,1,1785458997
2026-07-31T00:51:36Z,324,0,0,25,2,0,1,1,1,1785459081
2026-07-31T00:51:36Z,325,3,1,22,2,0,1,1,1,1785458980
2026-07-31T00:51:36Z,327,23,2,4,0,0,1,1,1,1785458875
2026-07-31T00:51:36Z,328,20,1,1,1,0,1,1,1,1785459046
2026-07-31T00:51:36Z,329,9,1,10,0,0,1,1,1,1785458916
2026-07-31T00:51:36Z,330,4,0,18,0,0,1,1,1,1785459010
2026-07-31T00:51:36Z,331,19,1,2,2,0,1,1,1,1785458819
2026-07-31T00:51:36Z,332,5,2,13,1,0,1,1,1,1785457143
2026-07-31T00:51:36Z,333,11,4,11,1,0,1,1,1,1785458934
2026-07-31T00:51:36Z,334,4,2,19,0,0,1,1,1,1785458958
2026-07-31T00:51:36Z,335,1,0,21,0,1,1,1,1,1785458956
2026-07-31T00:51:36Z,336,5,0,14,0,0,1,1,1,1785458817
2026-07-31T00:51:36Z,337,14,0,5,4,0,1,1,1,1785458870
2026-07-31T00:51:36Z,338,2,2,17,0,0,1,1,1,1785458770
2026-07-31T00:51:36Z,339,7,3,16,0,0,1,1,1,1785459070
2026-07-31T00:51:36Z,340,3,2,11,1,0,1,1,1,1785458845
2026-07-31T00:51:36Z,341,6,1,13,0,0,1,1,1,1785457554
2026-07-31T00:51:36Z,342,8,5,7,0,0,1,1,1,1785457917
2026-07-31T00:51:36Z,343,2,0,20,1,0,1,1,1,1785458808
2026-07-31T00:51:36Z,344,16,3,7,0,0,1,1,1,1785457962
2026-07-31T00:51:36Z,345,15,2,4,0,0,1,1,1,1785458779
2026-07-31T00:51:36Z,346,5,4,18,0,0,1,1,1,1785458479
2026-07-31T00:51:36Z,347,12,2,28,4,0,1,1,1,1785459087
2026-07-31T00:51:36Z,348,13,0,8,1,1,1,1,1,1785458813
2026-07-31T00:51:36Z,349,5,1,14,0,0,1,1,1,1785458646
2026-07-31T00:51:36Z,350,8,1,17,1,1,1,1,1,1785459080
2026-07-31T00:51:36Z,351,6,1,13,4,0,1,1,1,1785458802
2026-07-31T00:51:36Z,355,0,0,23,0,0,1,1,1,1785458830
2026-07-31T00:51:36Z,356,9,0,10,0,0,1,1,1,1785458917
2026-07-31T00:51:36Z,357,4,4,15,0,0,1,1,1,1785458956
2026-07-31T00:51:36Z,358,8,1,19,0,0,1,1,1,1785459040
2026-07-31T00:51:36Z,359,4,0,23,0,0,1,1,1,1785459037
2026-07-31T00:51:36Z,360,7,3,12,0,0,1,1,1,1785458570
2026-07-31T00:51:36Z,362,6,3,12,1,0,1,1,1,1785458902
2026-07-31T00:51:36Z,363,11,0,16,0,0,1,1,1,1785458833
2026-07-31T00:51:36Z,364,9,2,10,0,0,1,1,1,1785458302
2026-07-31T00:51:36Z,365,3,1,16,4,0,1,1,1,1785458435
2026-07-31T00:51:36Z,366,7,2,11,5,0,1,1,1,1785459013
2026-07-31T00:51:36Z,367,16,8,1,2,0,1,1,1,1785458671
2026-07-31T00:51:36Z,368,10,3,12,1,0,1,1,1,1785458740
2026-07-31T00:51:36Z,370,3,3,24,0,0,1,1,1,1785458907
2026-07-31T00:51:36Z,371,10,5,7,2,0,1,1,1,1785459048
2026-07-31T00:51:36Z,372,1,1,14,0,0,1,1,1,1785458091
2026-07-31T00:51:36Z,373,12,5,15,0,0,1,1,1,1785458883
2026-07-31T00:51:36Z,374,3,2,14,2,0,1,1,1,1785458850
2026-07-31T00:51:36Z,375,14,0,10,3,0,1,1,1,1785458672
2026-07-31T00:51:36Z,376,28,1,7,4,0,1,1,1,1785459084
2026-07-31T00:51:36Z,377,5,0,20,2,0,1,1,1,1785458859
2026-07-31T00:51:36Z,378,12,2,10,1,1,1,1,1,1785459087
2026-07-31T00:51:36Z,379,14,0,13,0,0,1,1,1,1785458774
2026-07-31T00:51:36Z,380,8,1,15,0,0,1,1,1,1785459003
2026-07-31T00:51:36Z,381,15,1,8,1,0,1,1,1,1785459075
2026-07-31T00:51:36Z,383,7,1,7,1,0,1,1,1,1785459088
2026-07-31T00:51:36Z,384,26,3,0,1,0,1,1,1,1785457193
2026-07-31T00:51:36Z,385,2,0,13,3,0,1,1,1,1785459012
2026-07-31T00:51:36Z,387,4,0,19,0,0,1,1,1,1785458909
2026-07-31T00:51:36Z,388,15,1,33,1,0,1,1,1,1785459060
2026-07-31T00:51:36Z,389,5,5,10,0,0,1,1,1,1785458136
2026-07-31T00:51:36Z,390,25,2,10,0,0,1,1,1,1785458986
2026-07-31T00:51:36Z,391,5,0,10,0,0,1,1,1,1785458226
2026-07-31T00:51:36Z,392,2,2,16,1,0,1,1,1,1785459029
2026-07-31T00:51:36Z,393,0,0,9,2,0,1,1,1,1785457581
2026-07-31T00:51:36Z,394,0,0,11,2,0,1,1,1,1785454721
2026-07-31T00:51:36Z,396,17,14,22,3,0,1,1,1,1785458675
2026-07-31T00:51:36Z,397,3,3,28,0,0,1,1,1,1785457663
2026-07-31T00:51:36Z,399,10,0,5,2,0,1,1,1,1785458827
2026-07-31T00:51:36Z,400,11,6,10,2,0,1,1,1,1785458352
2026-07-31T00:51:36Z,401,2,0,28,9,0,1,1,1,1785457900
2026-07-31T00:51:36Z,403,10,2,19,2,0,1,1,1,1785458875
2026-07-31T00:51:36Z,404,6,3,17,0,0,1,1,1,1785458695
2026-07-31T00:51:36Z,406,30,1,4,1,0,1,1,1,1785458963
2026-07-31T00:51:36Z,407,5,0,28,1,0,1,1,1,1785458975
2026-07-31T00:51:36Z,408,1,0,32,0,0,1,1,1,1785458554
2026-07-31T00:51:36Z,409,19,2,2,2,0,1,1,1,1785458963
2026-07-31T00:51:36Z,413,9,2,13,1,0,1,1,1,1785458854
2026-07-31T00:51:36Z,414,13,2,1,1,0,1,1,1,1785459067
2026-07-31T00:51:36Z,417,4,3,15,0,0,1,1,1,1785458531
2026-07-31T00:51:36Z,418,0,0,14,1,0,1,1,1,1785456376
2026-07-31T00:51:36Z,419,15,2,8,0,0,1,1,1,1785458624
2026-07-31T00:51:36Z,421,17,1,2,0,0,1,1,1,1785458015
2026-07-31T00:51:36Z,422,2,1,24,1,0,1,1,1,1785458920
2026-07-31T00:51:36Z,423,5,0,17,1,0,1,1,1,1785458923
2026-07-31T00:51:36Z,424,1,0,12,2,0,1,1,1,1785458498
2026-07-31T00:51:36Z,425,0,0,21,0,1,1,1,1,1785457769
2026-07-31T00:51:36Z,426,6,2,28,3,0,1,1,1,1785458978
2026-07-31T00:51:36Z,427,1,0,13,1,0,1,1,1,1785459003
2026-07-31T00:51:36Z,428,14,3,4,1,0,1,1,1,1785458918
2026-07-31T00:51:36Z,429,7,0,12,4,0,1,1,1,1785459085
2026-07-31T00:51:36Z,430,10,1,20,1,0,1,1,1,1785459024
2026-07-31T00:51:36Z,431,15,2,16,2,0,1,1,1,1785458778
2026-07-31T00:51:36Z,432,25,3,4,2,0,1,1,1,1785458973
2026-07-31T00:51:36Z,433,6,3,15,2,0,1,1,1,1785458546
2026-07-31T00:51:36Z,437,12,8,6,1,0,1,1,1,1785459018
2026-07-31T00:51:36Z,438,1,0,17,1,0,1,1,1,1785459006
2026-07-31T00:51:36Z,439,6,2,9,0,0,1,1,1,1785458526
2026-07-31T00:51:36Z,440,0,0,13,2,0,1,1,1,1785459056
2026-07-31T00:51:36Z,441,0,0,15,0,0,1,1,1,1785458641
2026-07-31T00:51:36Z,442,12,5,6,1,0,1,1,1,1785458530
2026-07-31T00:51:36Z,443,3,0,24,0,0,1,1,1,1785456698
2026-07-31T00:51:36Z,444,2,1,21,0,0,1,1,1,1785455134
2026-07-31T00:51:36Z,445,7,2,15,1,0,1,1,1,1785458912
2026-07-31T00:51:36Z,446,2,2,20,1,0,1,1,1,1785457589
2026-07-31T00:51:36Z,447,1,0,20,1,1,1,1,1,1785441257
2026-07-31T00:51:36Z,448,10,2,3,1,1,1,1,1,1785458888
2026-07-31T00:51:36Z,452,3,1,15,1,0,1,1,1,1785458482
2026-07-31T00:51:36Z,453,2,0,12,1,0,1,1,1,1785458221
2026-07-31T00:51:36Z,454,3,0,16,0,0,1,1,1,1785458896
2026-07-31T00:51:36Z,455,0,0,39,0,0,1,1,1,1785457539
2026-07-31T00:51:36Z,456,14,5,5,1,0,1,1,1,1785459025
2026-07-31T00:51:36Z,457,14,1,11,2,0,1,1,1,1785458795
2026-07-31T00:51:36Z,458,9,4,14,0,0,1,1,1,1785458827
2026-07-31T00:51:36Z,459,11,0,4,0,0,1,1,1,1785458362
2026-07-31T00:51:36Z,460,13,2,10,0,0,1,1,1,1785458871
2026-07-31T00:51:36Z,461,5,1,14,0,0,1,1,1,1785458675
2026-07-31T00:51:36Z,462,5,1,16,0,0,1,1,1,1785458764
2026-07-31T00:51:36Z,463,11,2,8,0,0,1,1,1,1785458560
2026-07-31T00:51:36Z,464,1,1,13,0,0,1,1,1,1785459017
2026-07-31T00:51:36Z,465,1,1,14,0,0,1,1,1,1785458247
2026-07-31T00:51:36Z,466,9,3,5,1,0,1,1,1,1785458161
2026-07-31T00:51:36Z,467,2,0,17,0,0,1,1,1,1785458107
2026-07-31T00:51:36Z,468,15,0,3,1,0,1,1,1,1785458950
2026-07-31T00:51:36Z,469,3,0,19,1,0,1,1,1,1785458771
2026-07-31T00:51:36Z,470,9,0,5,1,0,1,1,1,1785458927
2026-07-31T00:51:36Z,471,19,1,8,0,0,1,1,1,1785458732
2026-07-31T00:51:36Z,472,8,3,10,1,0,1,1,1,1785458968
2026-07-31T00:51:36Z,473,5,2,12,2,0,1,1,1,1785458897
2026-07-31T00:51:36Z,474,6,1,12,1,0,1,1,1,1785459084
2026-07-31T00:51:36Z,475,2,0,17,0,0,1,1,1,1785458629
2026-07-31T00:51:36Z,477,4,1,11,0,0,1,1,1,1785458777
2026-07-31T00:51:36Z,478,18,1,13,0,0,1,1,1,1785459084
2026-07-31T00:51:36Z,479,10,1,16,1,0,1,1,1,1785458455
2026-07-31T00:51:36Z,480,3,0,9,3,0,1,1,1,1785457824
2026-07-31T00:51:36Z,481,14,1,20,1,0,1,1,1,1785459058
2026-07-31T00:51:36Z,482,3,0,15,1,0,1,1,1,1785458280
2026-07-31T00:51:36Z,483,18,2,7,2,0,1,1,1,1785459006
2026-07-31T00:51:36Z,484,3,0,16,0,0,1,1,1,1785457934
2026-07-31T00:51:36Z,485,11,6,5,2,1,1,1,1,1785459015
2026-07-31T00:51:36Z,486,4,0,21,2,0,1,1,1,1785458958
2026-07-31T00:51:36Z,487,3,0,15,1,0,1,1,1,1785458685
2026-07-31T00:51:36Z,489,5,4,10,0,0,1,1,1,1785458352
2026-07-31T00:51:36Z,490,4,2,12,0,0,1,1,1,1785458904
2026-07-31T00:51:36Z,491,17,2,4,0,0,1,1,1,1785458559
2026-07-31T00:51:36Z,492,4,3,3,4,0,1,1,1,1785459087
2026-07-31T00:51:36Z,493,0,0,26,1,0,1,1,1,1785457299
2026-07-31T00:51:36Z,495,10,3,4,1,0,1,1,1,1785458836
2026-07-31T00:51:36Z,496,23,4,4,0,0,1,1,1,1785458585
2026-07-31T00:51:36Z,497,2,0,16,1,0,1,1,1,1785458487
2026-07-31T00:51:36Z,498,4,3,18,1,0,1,1,1,1785458768
2026-07-31T00:51:36Z,499,5,2,14,0,0,1,1,1,1785458884
2026-07-31T00:51:36Z,500,9,7,2,4,0,1,1,1,1785458375
2026-07-31T00:51:36Z,501,2,2,18,1,0,1,1,1,1785458822
2026-07-31T00:51:36Z,502,1,0,17,1,0,1,1,1,1785458814
2026-07-31T00:51:36Z,503,21,0,9,1,0,1,1,1,1785459039
2026-07-31T00:51:36Z,504,10,1,28,1,0,1,1,1,1785458996
2026-07-31T00:51:36Z,505,2,0,8,2,0,1,1,1,1785458892
2026-07-31T00:51:36Z,511,2,0,21,0,0,1,1,1,1785458870
2026-07-31T00:51:36Z,512,6,0,21,0,0,1,1,1,1785457271
2026-07-31T00:51:36Z,514,9,0,0,2,0,1,1,1,1785458664
2026-07-31T00:51:36Z,515,4,0,15,0,0,1,1,1,1785457241
2026-07-31T00:51:36Z,516,6,1,21,0,0,1,1,1,1785458685
2026-07-31T00:51:36Z,517,8,0,14,1,0,1,1,1,1785458899
2026-07-31T00:51:36Z,518,10,1,3,2,0,1,1,1,1785459066
2026-07-31T00:51:36Z,519,5,3,14,0,0,1,1,1,1785458843
2026-07-31T00:51:36Z,520,7,2,15,4,1,1,1,1,1785459086
2026-07-31T00:51:36Z,521,3,2,20,0,0,1,1,1,1785457294
2026-07-31T00:51:36Z,522,23,1,0,0,0,1,1,1,1785458386
2026-07-31T00:51:36Z,523,3,1,19,1,0,1,1,1,1785458987
2026-07-31T00:51:36Z,524,23,1,0,0,0,1,1,1,1785459000
2026-07-31T00:51:36Z,525,16,0,3,0,0,1,1,1,1785459020
2026-07-31T00:51:36Z,526,13,3,1,1,0,1,1,1,1785457032
2026-07-31T00:51:36Z,527,0,0,23,3,0,1,1,1,1785459062
2026-07-31T00:51:36Z,528,18,1,5,0,0,1,1,1,1785459062
2026-07-31T00:51:36Z,529,4,0,10,5,0,1,1,1,1785459086
2026-07-31T00:51:36Z,530,4,0,16,1,0,1,1,1,1785459037
2026-07-31T00:51:36Z,531,6,0,16,0,1,1,1,1,1785458942
2026-07-31T00:51:36Z,532,5,3,24,1,1,1,1,1,1785457478
2026-07-31T00:51:36Z,533,11,0,6,2,0,1,1,1,1785458521
2026-07-31T00:51:36Z,534,2,2,21,0,0,1,1,1,1785459078
2026-07-31T00:51:36Z,535,1,1,13,1,0,1,1,1,1785458289
2026-07-31T00:51:36Z,536,1,0,22,0,0,1,1,1,1785458696
2026-07-31T00:51:36Z,537,16,5,4,0,0,1,1,1,1785459078
2026-07-31T00:51:36Z,538,8,1,12,1,2,1,1,1,1785458805
2026-07-31T00:51:36Z,539,7,5,24,0,0,1,1,1,1785459066
2026-07-31T00:51:36Z,540,1,1,18,0,0,1,1,1,1785458701
2026-07-31T00:51:36Z,541,12,3,15,0,0,1,1,1,1785458928
2026-07-31T00:51:36Z,542,0,0,23,0,0,1,1,1,1785456936
2026-07-31T00:51:36Z,543,3,0,16,0,0,1,1,1,1785458573
2026-07-31T00:51:36Z,544,12,0,6,4,0,1,1,1,1785458781
2026-07-31T00:51:36Z,545,8,0,7,4,0,1,1,1,1785458979
2026-07-31T00:51:36Z,546,1,1,18,0,0,1,1,1,1785458690
2026-07-31T00:51:36Z,547,4,1,21,0,0,1,1,1,1785458923
2026-07-31T00:51:36Z,548,14,0,9,0,0,1,1,1,1785459028
2026-07-31T00:51:36Z,549,20,1,3,0,0,1,1,1,1785458937
2026-07-31T00:51:36Z,550,1,0,18,0,0,1,1,1,1785457957
2026-07-31T00:51:36Z,551,13,3,10,0,0,1,1,1,1785458944
2026-07-31T00:51:36Z,552,4,1,23,0,0,1,1,1,1785458023
2026-07-31T00:51:36Z,553,0,0,22,0,1,1,1,1,1785459042
2026-07-31T00:51:36Z,554,1,1,18,0,0,1,1,1,1785455798
2026-07-31T00:51:36Z,555,12,5,2,1,0,1,1,1,1785459026
2026-07-31T00:51:36Z,556,3,2,19,1,0,1,1,1,1785458872
2026-07-31T00:51:36Z,557,1,1,16,6,0,1,1,1,1785458882
2026-07-31T00:51:36Z,558,4,3,29,4,0,1,1,1,1785459036
2026-07-31T00:51:36Z,559,0,0,18,1,0,1,1,1,1785457401
2026-07-31T00:51:36Z,560,5,0,20,2,0,1,1,1,1785459082
2026-07-31T00:51:36Z,561,18,2,4,1,0,1,1,1,1785458618
2026-07-31T00:51:36Z,562,13,0,18,4,0,1,1,1,1785458830
2026-07-31T00:51:36Z,563,5,0,9,0,0,1,1,1,1785458559
2026-07-31T00:51:36Z,564,5,1,13,1,0,1,1,1,1785459039
2026-07-31T00:51:36Z,565,5,1,14,0,0,1,1,1,1785459013
2026-07-31T00:51:36Z,566,5,0,12,2,0,1,1,1,1785459072
2026-07-31T00:51:36Z,567,13,3,13,1,0,1,1,1,1785459013
2026-07-31T00:51:36Z,568,4,0,13,2,0,1,1,1,1785457975
2026-07-31T00:51:36Z,569,9,0,10,0,0,1,1,1,1785458714
2026-07-31T00:51:36Z,570,2,1,17,0,0,1,1,1,1785458671
2026-07-31T00:51:36Z,571,11,1,11,1,0,1,1,1,1785458943
2026-07-31T00:51:36Z,572,17,3,0,2,0,1,1,1,1785457866
2026-07-31T00:51:36Z,573,10,0,5,0,0,1,1,1,1785458945
2026-07-31T00:51:36Z,574,6,2,9,0,0,1,1,1,1785458978
2026-07-31T00:51:36Z,575,7,1,13,1,0,1,1,1,1785458871
2026-07-31T00:51:36Z,576,1,1,17,1,0,1,1,1,1785458556
2026-07-31T00:51:36Z,577,27,0,4,0,0,1,1,1,1785458533
2026-07-31T00:51:36Z,578,10,4,12,1,0,1,1,1,1785458961
2026-07-31T00:51:36Z,579,35,1,8,0,0,1,1,1,1785458998
2026-07-31T00:51:36Z,580,7,0,22,0,0,1,1,1,1785457002
2026-07-31T00:51:36Z,581,17,0,2,0,0,1,1,1,1785459041
2026-07-31T00:51:36Z,582,12,3,46,3,0,1,1,1,1785459072
2026-07-31T00:51:36Z,583,15,1,8,0,0,1,1,1,1785458867
2026-07-31T00:51:36Z,584,0,0,14,5,0,1,1,1,1785458113
2026-07-31T00:51:36Z,585,7,0,19,0,1,1,1,1,1785458914
2026-07-31T00:51:36Z,586,30,1,4,1,0,1,1,1,1785459078
2026-07-31T00:51:36Z,587,22,1,1,1,0,1,1,1,1785458870
2026-07-31T00:51:36Z,588,0,0,15,4,0,1,1,1,1785458897
2026-07-31T00:51:36Z,589,0,0,0,23,0,1,1,1,1785458775
2026-07-31T00:51:36Z,590,9,0,22,0,0,1,1,1,1785459088
2026-07-31T00:51:36Z,591,5,0,23,2,0,1,1,1,1785459007
2026-07-31T00:51:36Z,592,6,1,17,0,0,1,1,1,1785458940
2026-07-31T00:51:36Z,593,7,0,31,0,0,1,1,1,1785458754
2026-07-31T00:51:36Z,594,18,0,3,0,0,1,1,1,1785458888
2026-07-31T00:51:36Z,595,0,0,3,0,0,0,1,1,1784046673
2026-07-31T00:51:36Z,605,0,0,2,1,0,0,1,1,1783975843
2026-07-31T00:51:36Z,606,0,0,0,0,0,0,1,1,86400
2026-07-31T00:51:36Z,607,21,2,11,0,0,1,1,1,1785459065
2026-07-31T00:51:36Z,608,3,3,47,0,0,1,1,1,1785458144
2026-07-31T00:51:36Z,609,3,2,20,0,0,1,1,1,1785459043
2026-07-31T00:51:36Z,610,12,0,22,1,0,1,1,1,1785459059
2026-07-31T00:51:36Z,611,25,0,1,1,0,1,1,1,1785458262
2026-07-31T00:51:36Z,612,7,1,8,0,0,1,1,1,1785455780
2026-07-31T00:51:36Z,613,10,0,1,4,0,1,1,1,1785455457
2026-07-31T00:51:36Z,614,22,3,2,2,1,1,1,1,1785459039
2026-07-31T00:51:36Z,617,4,1,10,1,0,1,1,1,1785458048
2026-07-31T00:51:36Z,618,14,3,1,4,0,1,1,1,1785458110
2026-07-31T00:51:36Z,619,8,5,11,0,0,1,1,1,1785458903
2026-07-31T00:51:36Z,620,6,0,20,1,0,1,1,1,1785457896
2026-07-31T00:51:36Z,621,9,1,14,0,0,1,1,1,1785458997
2026-07-31T00:51:36Z,622,12,7,6,5,0,1,1,1,1785459087
2026-07-31T00:51:36Z,623,8,2,21,1,0,1,1,1,1785458976
2026-07-31T00:51:36Z,624,5,1,10,0,0,1,1,1,1785458538
2026-07-31T00:51:36Z,625,6,2,14,1,0,1,1,1,1785458656
2026-07-31T00:51:36Z,626,5,0,38,2,2,1,1,1,1785459083
2026-07-31T00:51:36Z,627,14,6,5,0,0,1,1,1,1785458008
2026-07-31T00:51:36Z,628,4,4,14,0,1,1,1,1,1785455145
2026-07-31T00:51:36Z,629,9,3,0,2,0,1,1,1,1785458911
2026-07-31T00:51:36Z,630,1,0,23,3,0,1,1,1,1785459004
2026-07-31T00:51:36Z,631,3,0,20,0,0,1,1,1,1785459088
2026-07-31T00:51:36Z,632,22,2,0,1,0,1,1,1,1785458363
2026-07-31T00:51:36Z,633,12,2,0,3,0,1,1,1,1785458991
2026-07-31T00:51:36Z,634,7,1,11,1,0,1,1,1,1785458397
2026-07-31T00:51:36Z,635,11,1,7,1,0,1,1,1,1785458027
2026-07-31T00:51:36Z,636,9,1,5,1,0,1,1,1,1785457377
2026-07-31T00:51:36Z,637,8,1,11,0,0,1,1,1,1785456458
2026-07-31T00:51:36Z,638,8,2,8,3,0,1,1,1,1785455929
2026-07-31T00:51:36Z,639,4,1,13,2,0,1,1,1,1785455668
2026-07-31T00:51:36Z,640,3,2,19,1,0,1,1,1,1785459013
2026-07-31T00:51:36Z,641,2,0,23,1,0,1,1,1,1785458951
2026-07-31T00:51:36Z,642,2,1,9,8,0,1,1,1,1785459084
2026-07-31T00:51:36Z,643,9,1,12,6,0,1,1,1,1785458704
2026-07-31T00:51:36Z,644,8,0,6,1,0,1,1,1,1785458309
2026-07-31T00:51:36Z,645,11,1,11,0,1,1,1,1,1785456688
2026-07-31T00:51:36Z,646,0,0,19,0,0,1,1,1,1785457895
2026-07-31T00:51:36Z,647,6,1,25,0,0,1,1,1,1785459086
2026-07-31T00:51:36Z,648,7,1,10,1,1,1,1,1,1785458969
2026-07-31T00:51:36Z,649,29,2,1,1,0,1,1,1,1785458982
2026-07-31T00:51:36Z,650,4,1,10,0,0,1,1,1,1785453435
2026-07-31T00:51:36Z,651,2,2,21,0,0,1,1,1,1785458556
2026-07-31T00:51:36Z,652,1,0,20,2,0,1,1,1,1785458997
2026-07-31T00:51:36Z,653,1,0,17,1,0,1,1,1,1785458071
2026-07-31T00:51:36Z,654,3,3,12,0,0,1,1,1,1785458495
2026-07-31T00:51:36Z,655,5,2,3,4,1,1,1,1,1785459069
2026-07-31T00:51:36Z,656,11,6,8,0,0,1,1,1,1785459051
2026-07-31T00:51:36Z,657,12,6,0,2,3,1,1,1,1785459053
2026-07-31T00:51:36Z,658,6,0,4,0,0,1,1,1,1785453591
2026-07-31T00:51:36Z,659,8,3,6,1,0,1,1,1,1785457539
2026-07-31T00:51:36Z,660,0,0,28,3,0,1,1,1,1785458941
2026-07-31T00:51:36Z,661,1,1,18,0,0,1,1,1,1785458837
2026-07-31T00:51:36Z,662,6,3,14,3,0,1,1,1,1785457616
2026-07-31T00:51:36Z,663,5,1,9,1,0,1,1,1,1785458323
2026-07-31T00:51:36Z,664,5,1,22,0,0,1,1,1,1785458304
2026-07-31T00:51:36Z,665,9,1,6,0,0,1,1,1,1785458696
2026-07-31T00:51:36Z,666,6,4,7,2,0,1,1,1,1785457342
2026-07-31T00:51:36Z,667,19,5,0,0,0,1,1,1,1785459067
2026-07-31T00:51:36Z,668,16,1,1,2,0,1,1,1,1785458932
2026-07-31T00:51:36Z,669,10,3,4,0,0,1,1,1,1785457996
2026-07-31T00:51:36Z,670,5,3,22,0,0,1,1,1,1785458233
2026-07-31T00:51:36Z,671,25,0,1,1,0,1,1,1,1785458818
2026-07-31T00:51:36Z,672,6,1,13,3,1,1,1,1,1785458349
2026-07-31T00:51:36Z,673,2,0,20,1,0,1,1,1,1785459045
2026-07-31T00:51:36Z,674,4,3,15,4,0,1,1,1,1785459078
2026-07-31T00:51:36Z,675,4,0,9,2,0,1,1,1,1785458912
2026-07-31T00:51:36Z,676,12,2,10,0,0,1,1,1,1785458511
2026-07-31T00:51:36Z,681,2,1,11,2,0,1,1,1,1785459070
2026-07-31T00:51:36Z,682,4,1,14,1,0,1,1,1,1785387864
2026-07-31T00:51:36Z,683,4,1,15,0,0,1,1,1,1785457397
2026-07-31T00:51:36Z,684,2,0,25,0,0,1,1,1,1785456431
2026-07-31T00:51:36Z,685,5,0,20,1,1,1,1,1,1785455460
2026-07-31T00:51:36Z,686,11,0,14,1,1,1,1,1,1785458795
2026-07-31T00:51:36Z,687,13,0,16,1,1,1,1,1,1785458997
2026-07-31T00:51:36Z,688,9,1,3,7,0,1,1,1,1785459032
2026-07-31T00:51:36Z,692,0,0,21,0,0,1,1,1,1785458565
2026-07-31T00:51:36Z,693,7,0,1,3,0,1,1,1,1785458209
2026-07-31T00:51:36Z,694,8,5,12,1,0,1,1,1,1785457882
2026-07-31T00:51:36Z,695,11,5,12,0,0,1,1,1,1785458571
2026-07-31T00:51:36Z,696,17,10,6,0,0,1,1,1,1785457872
2026-07-31T00:51:36Z,697,18,0,5,0,0,1,1,1,1785459037
2026-07-31T00:51:36Z,698,27,2,0,0,0,1,1,1,1785459083
2026-07-31T00:51:36Z,699,6,0,8,1,0,1,1,1,1785459001
2026-07-31T00:51:36Z,700,14,2,5,0,0,1,1,1,1785458797
2026-07-31T00:51:36Z,701,10,3,8,1,0,1,1,1,1785458822
2026-07-31T00:51:36Z,702,0,0,23,0,0,1,1,1,1785458559
2026-07-31T00:51:36Z,704,7,1,8,0,0,1,1,1,1785457402
2026-07-31T00:51:36Z,705,4,4,10,1,0,1,1,1,1785458682
2026-07-31T00:51:36Z,706,11,1,1,3,0,1,1,1,1785457961
2026-07-31T00:51:36Z,707,4,1,10,1,0,1,1,1,1785458644
2026-07-31T00:51:36Z,708,16,0,3,0,0,1,1,1,1785458785
2026-07-31T00:51:36Z,709,4,0,7,4,0,1,1,1,1785458725
2026-07-31T00:51:36Z,710,8,0,11,0,0,1,1,1,1785459078
2026-07-31T00:51:36Z,711,10,3,10,3,0,1,1,1,1785458874
2026-07-31T00:51:36Z,712,7,2,8,0,0,1,1,1,1785459004
2026-07-31T00:51:36Z,713,0,0,23,0,0,1,1,1,1785459023
2026-07-31T00:51:36Z,716,2,1,13,0,0,1,1,1,1785458318
2026-07-31T00:51:36Z,717,3,0,19,3,0,1,1,1,1785458614
2026-07-31T00:51:36Z,718,4,1,10,1,0,1,1,1,1785458187
2026-07-31T00:51:36Z,719,3,1,26,0,0,1,1,1,1785459053
2026-07-31T00:51:36Z,720,2,1,17,0,0,1,1,1,1785458623
2026-07-31T00:51:36Z,721,1,0,20,2,0,1,1,1,1785457541
2026-07-31T00:51:36Z,722,2,0,13,0,0,1,1,1,1785458369
2026-07-31T00:51:36Z,723,12,2,11,0,0,1,1,1,1785458319
2026-07-31T00:51:36Z,724,17,5,6,0,0,1,1,1,1785458756
2026-07-31T00:51:36Z,725,5,0,18,0,0,1,1,1,1785459067
2026-07-31T00:51:36Z,726,10,2,9,0,0,1,1,1,1785458654
2026-07-31T00:51:36Z,727,9,4,12,2,0,1,1,1,1785457481
2026-07-31T00:51:36Z,728,10,1,5,0,0,1,1,1,1785458931
2026-07-31T00:51:36Z,729,16,3,3,0,0,1,1,1,1785458969
2026-07-31T00:51:36Z,730,1,1,12,2,0,1,1,1,1785457984
2026-07-31T00:51:36Z,731,10,2,5,0,0,1,1,1,1785458613
2026-07-31T00:51:36Z,732,6,4,9,0,0,1,1,1,1785458992
2026-07-31T00:51:36Z,733,24,0,1,2,0,1,1,1,1785458746
2026-07-31T00:51:36Z,734,3,1,11,0,0,1,1,1,1785458936
2026-07-31T00:51:36Z,735,0,0,27,0,0,1,1,1,1785458453
2026-07-31T00:51:36Z,736,3,0,16,0,0,1,1,1,1785459042
2026-07-31T00:51:36Z,737,2,0,10,2,1,1,1,1,1785458977
2026-07-31T00:51:36Z,738,9,1,8,2,0,1,1,1,1785459068
2026-07-31T00:51:36Z,739,18,2,8,1,0,1,1,1,1785458543
2026-07-31T00:51:36Z,741,5,0,18,0,0,1,1,1,1785458923
2026-07-31T00:51:36Z,742,19,7,14,2,0,1,1,1,1785458904
2026-07-31T00:51:36Z,743,2,1,16,1,0,1,1,1,1785458913
2026-07-31T00:51:36Z,744,6,1,9,0,0,1,1,1,1785458769
2026-07-31T00:51:36Z,745,15,4,3,1,0,1,1,1,1785458986
2026-07-31T00:51:36Z,746,4,1,16,3,0,1,1,1,1785458888
2026-07-31T00:51:36Z,747,0,0,4,0,0,0,1,1,1783446606
2026-07-31T00:51:36Z,748,10,1,13,0,0,1,1,1,1785458213
2026-07-31T00:51:36Z,749,2,1,21,0,0,1,1,1,1785458920
2026-07-31T00:51:36Z,750,7,4,3,1,0,1,1,1,1785459014
2026-07-31T00:51:36Z,751,4,4,18,1,0,1,1,1,1785459082
2026-07-31T00:51:36Z,752,7,0,9,1,0,1,1,1,1785458899
2026-07-31T00:51:36Z,753,4,2,11,0,0,1,1,1,1785458649
2026-07-31T00:51:36Z,754,2,1,12,1,0,1,1,1,1785458104
2026-07-31T00:51:36Z,755,1,0,21,1,0,1,1,1,1785458968
2026-07-31T00:51:36Z,756,0,0,35,2,0,1,1,1,1785458794
2026-07-31T00:51:36Z,757,1,0,18,0,0,1,1,1,1785458778
2026-07-31T00:51:36Z,758,12,11,11,0,0,1,1,1,1785459038
2026-07-31T00:51:36Z,759,5,3,10,0,0,1,1,1,1785457624
2026-07-31T00:51:36Z,760,6,2,12,1,0,1,1,1,1785456620
2026-07-31T00:51:36Z,761,7,1,16,0,0,1,1,1,1785458696
2026-07-31T00:51:36Z,762,6,4,5,4,0,1,1,1,1785458518
2026-07-31T00:51:36Z,768,9,0,8,2,0,1,1,1,1785457742
2026-07-31T00:51:36Z,769,18,9,1,0,0,1,1,1,1785459052
2026-07-31T00:51:36Z,770,10,2,7,2,0,1,1,1,1785459087
2026-07-31T00:51:36Z,771,13,3,1,1,0,1,1,1,1785458502
2026-07-31T00:51:36Z,772,2,2,12,1,0,1,1,1,1785457683
2026-07-31T00:51:36Z,773,7,4,12,0,0,1,1,1,1785458947
2026-07-31T00:51:36Z,774,3,2,9,3,0,1,1,1,1785458950
2026-07-31T00:51:36Z,775,4,0,13,1,1,1,1,1,1785457708
2026-07-31T00:51:36Z,776,3,1,17,1,0,1,1,1,1785457436
2026-07-31T00:51:36Z,777,8,0,4,3,0,1,1,1,1785459039
2026-07-31T00:51:36Z,778,13,0,3,3,0,1,1,1,1785458991
2026-07-31T00:51:36Z,779,8,1,10,1,0,1,1,1,1785457863
2026-07-31T00:51:36Z,780,9,3,9,1,0,1,1,1,1785458817
2026-07-31T00:51:36Z,781,2,0,7,2,0,1,1,1,1785458114
2026-07-31T00:51:36Z,782,3,1,13,3,0,1,1,1,1785458853
2026-07-31T00:51:36Z,783,4,0,15,0,0,1,1,1,1785458112
2026-07-31T00:51:36Z,784,6,1,10,3,0,1,1,1,1785458901
2026-07-31T00:51:36Z,785,9,0,4,6,0,1,1,1,1785458263
2026-07-31T00:51:36Z,786,8,2,11,0,0,1,1,1,1785457888
2026-07-31T00:51:36Z,787,9,5,4,2,0,1,1,1,1785458663
2026-07-31T00:51:36Z,788,4,0,11,0,0,1,1,1,1785458603
2026-07-31T00:51:36Z,789,5,2,6,4,0,1,1,1,1785458858
2026-07-31T00:51:36Z,790,8,0,15,0,0,1,1,1,1785458813
2026-07-31T00:51:36Z,791,6,0,12,0,1,1,1,1,1785458937
2026-07-31T00:51:36Z,793,4,0,10,1,0,1,1,1,1785459015
2026-07-31T00:51:36Z,794,10,2,18,1,0,1,1,1,1785458743
2026-07-31T00:51:36Z,796,6,3,12,1,0,1,1,1,1785458744
2026-07-31T00:51:36Z,797,0,0,15,0,0,1,1,1,1785457272
2026-07-31T00:51:36Z,798,10,0,14,1,0,1,1,1,1785459015
2026-07-31T00:51:36Z,799,11,3,4,4,0,1,1,1,1785458712
2026-07-31T00:51:36Z,800,14,2,6,1,0,1,1,1,1785458911
2026-07-31T00:51:36Z,801,1,0,19,1,0,1,1,1,1785458933
2026-07-31T00:51:36Z,802,12,1,19,0,0,1,1,1,1785458784
2026-07-31T00:51:36Z,803,0,0,14,1,0,1,1,1,1785458569
2026-07-31T00:51:36Z,806,6,6,9,0,0,1,1,1,1785459060
2026-07-31T00:51:36Z,807,2,1,22,1,0,1,1,1,1785458948
2026-07-31T00:51:36Z,808,3,0,21,1,0,1,1,1,1785454239
2026-07-31T00:51:36Z,809,5,1,17,1,0,1,1,1,1785458693
2026-07-31T00:51:36Z,810,2,0,13,4,0,1,1,1,1785457407
2026-07-31T00:51:36Z,815,10,1,0,4,1,1,1,1,1785458736
2026-07-31T00:51:36Z,817,8,4,7,0,0,1,1,1,1785458078
2026-07-31T00:51:36Z,818,5,0,17,1,0,1,1,1,1785458383
2026-07-31T00:51:36Z,819,6,4,9,0,0,1,1,1,1785455226
2026-07-31T00:51:36Z,820,7,1,10,0,0,1,1,1,1785458222
2026-07-31T00:51:36Z,821,2,2,13,0,0,1,1,1,1785458964
2026-07-31T00:51:36Z,822,20,2,1,2,0,1,1,1,1785458860
2026-07-31T00:51:36Z,823,11,0,3,1,0,1,1,1,1785458526
2026-07-31T00:51:36Z,824,15,4,3,1,0,1,1,1,1785458757
2026-07-31T00:51:36Z,825,9,5,6,0,0,1,1,1,1785457432
2026-07-31T00:51:36Z,826,4,1,14,1,0,1,1,1,1785457818
2026-07-31T00:51:36Z,827,14,5,6,1,0,1,1,1,1785459081
2026-07-31T00:51:36Z,828,6,1,10,2,0,1,1,1,1785458934
2026-07-31T00:51:36Z,829,12,6,15,0,0,1,1,1,1785458004
2026-07-31T00:51:36Z,830,15,0,7,1,0,1,1,1,1785457739
2026-07-31T00:51:36Z,831,4,3,10,1,0,1,1,1,1785458408
2026-07-31T00:51:36Z,832,11,4,4,3,0,1,1,1,1785458943
2026-07-31T00:51:36Z,833,1,1,17,1,0,1,1,1,1785459059
2026-07-31T00:51:36Z,834,0,0,21,3,0,1,1,1,1785459043
2026-07-31T00:51:36Z,835,7,3,9,2,0,1,1,1,1785458973
2026-07-31T00:51:36Z,837,5,1,0,10,0,1,1,1,1785458604
2026-07-31T00:51:36Z,838,11,1,3,1,0,1,1,1,1785459055
2026-07-31T00:51:36Z,839,28,0,1,0,0,1,1,1,1785458953
2026-07-31T00:51:36Z,840,0,0,27,2,0,1,1,1,1785459079
2026-07-31T00:51:36Z,841,8,1,7,0,0,1,1,1,1785458407
2026-07-31T00:51:36Z,842,6,1,17,0,0,1,1,1,1785458105
2026-07-31T00:51:36Z,843,9,0,21,1,0,1,1,1,1785458237
2026-07-31T00:51:36Z,844,6,1,17,0,0,1,1,1,1785458155
2026-07-31T00:51:36Z,845,5,3,12,2,0,1,1,1,1785458516
2026-07-31T00:51:36Z,846,5,1,12,2,0,1,1,1,1785457653
2026-07-31T00:51:36Z,847,4,1,23,0,0,1,1,1,1785457346
2026-07-31T00:51:36Z,848,7,0,11,1,0,1,1,1,1785454449
2026-07-31T00:51:36Z,849,9,3,6,0,0,1,1,1,1785459062
2026-07-31T00:51:36Z,850,9,0,1,1,0,1,1,1,1785457726
2026-07-31T00:51:36Z,851,0,0,35,2,0,1,1,1,1785457440
2026-07-31T00:51:36Z,852,9,3,9,1,0,1,1,1,1785458259
2026-07-31T00:51:36Z,853,9,4,14,0,0,1,1,1,1785459062
2026-07-31T00:51:36Z,854,2,2,13,0,0,1,1,1,1785457395
2026-07-31T00:51:36Z,855,16,2,11,0,0,1,1,1,1785458102
2026-07-31T00:51:36Z,857,3,3,15,1,0,1,1,1,1785458665
2026-07-31T00:51:36Z,858,4,1,14,1,0,1,1,1,1785458865
2026-07-31T00:51:36Z,859,4,0,17,0,0,1,1,1,1785459088
2026-07-31T00:51:36Z,861,8,1,2,1,0,1,1,1,1785455675
2026-07-31T00:51:36Z,862,1,1,14,0,0,1,1,1,1785458430
2026-07-31T00:51:36Z,863,11,0,7,1,0,1,1,1,1785458591
2026-07-31T00:51:36Z,866,6,0,12,1,0,1,1,1,1785458669
2026-07-31T00:51:36Z,867,12,0,3,0,0,1,1,1,1785458052
2026-07-31T00:51:36Z,868,13,2,2,0,0,1,1,1,1785458222
2026-07-31T00:51:36Z,870,7,5,7,1,0,1,1,1,1785458436
2026-07-31T00:51:36Z,871,0,0,10,1,0,1,1,1,1785457857
2026-07-31T00:51:36Z,872,0,0,14,1,0,1,1,1,1785458367
2026-07-31T00:51:36Z,873,0,0,32,1,0,1,1,1,1785458202
2026-07-31T00:51:36Z,874,3,0,9,3,0,1,1,1,1785458871
2026-07-31T00:51:36Z,875,14,10,0,1,0,1,1,1,1785458451
2026-07-31T00:51:36Z,877,12,11,6,1,0,1,1,1,1785457905
2026-07-31T00:51:36Z,878,4,4,14,1,0,1,1,1,1785458562
2026-07-31T00:51:36Z,879,2,0,17,0,0,1,1,1,1785457553
2026-07-31T00:51:36Z,880,3,0,19,1,0,1,1,1,1785458453
2026-07-31T00:51:36Z,881,3,0,16,0,0,1,1,1,1785458350
2026-07-31T00:51:36Z,882,11,0,6,2,0,1,1,1,1785457778
2026-07-31T00:51:36Z,883,10,6,9,0,0,1,1,1,1785458663
2026-07-31T00:51:36Z,884,11,7,10,0,0,1,1,1,1785457881
2026-07-31T00:51:36Z,885,1,0,18,0,0,1,1,1,1785458221
2026-07-31T00:51:36Z,886,0,0,28,1,0,1,1,1,1785458924
2026-07-31T00:51:36Z,887,0,0,14,3,0,1,1,1,1785458985
2026-07-31T00:51:36Z,888,7,0,32,2,0,1,1,1,1785459087
2026-07-31T00:51:36Z,889,9,0,8,2,0,1,1,1,1785458553
2026-07-31T00:51:36Z,890,4,1,10,1,0,1,1,1,1785455867
2026-07-31T00:51:36Z,891,11,0,11,1,0,1,1,1,1785457667
2026-07-31T00:51:36Z,892,12,1,3,0,0,1,1,1,1785456450
2026-07-31T00:51:36Z,895,1,0,17,1,0,1,1,1,1785449127
2026-07-31T00:51:36Z,896,20,3,15,0,0,1,1,1,1785459025
2026-07-31T00:51:36Z,897,10,2,11,0,0,1,1,1,1785458382
2026-07-31T00:51:36Z,898,0,0,19,0,0,1,1,1,1785458147
2026-07-31T00:51:36Z,899,15,1,4,0,0,1,1,1,1785459011
2026-07-31T00:51:36Z,900,20,1,6,1,0,1,1,1,1785458995
2026-07-31T00:51:36Z,901,18,1,0,1,0,1,1,1,1785458805
2026-07-31T00:51:36Z,902,12,1,2,1,0,1,1,1,1785458645
2026-07-31T00:51:36Z,903,6,0,13,0,0,1,1,1,1785457811
2026-07-31T00:51:36Z,904,11,5,8,0,0,1,1,1,1785458524
2026-07-31T00:51:36Z,905,3,2,23,1,0,1,1,1,1785458860
2026-07-31T00:51:36Z,906,13,11,14,0,0,1,1,1,1785458711
2026-07-31T00:51:36Z,907,24,5,7,0,0,1,1,1,1785458882
2026-07-31T00:51:36Z,908,7,2,16,0,0,1,1,1,1785458485
2026-07-31T00:51:36Z,909,7,5,16,0,0,1,1,1,1785458282
2026-07-31T00:51:36Z,910,19,0,12,0,0,1,1,1,1785458910
2026-07-31T00:51:36Z,911,9,0,10,0,0,1,1,1,1785458079
2026-07-31T00:51:36Z,912,7,2,13,3,0,1,1,1,1785459038
2026-07-31T00:51:36Z,913,5,2,14,0,0,1,1,1,1785459042
2026-07-31T00:51:36Z,914,8,1,11,0,0,1,1,1,1785458896
2026-07-31T00:51:36Z,915,18,1,4,1,0,1,1,1,1785458602
2026-07-31T00:51:36Z,916,2,0,21,0,0,1,1,1,1785458717
2026-07-31T00:51:36Z,917,33,2,0,2,0,1,1,1,1785459087
2026-07-31T00:51:36Z,918,4,2,13,2,0,1,1,1,1785458910
2026-07-31T00:51:36Z,919,4,1,33,2,0,1,1,1,1785459081
2026-07-31T00:51:36Z,920,3,1,16,0,0,1,1,1,1785458891
2026-07-31T00:51:36Z,921,16,0,5,0,0,1,1,1,1785458397
2026-07-31T00:51:36Z,922,2,0,19,0,0,1,1,1,1785459027
2026-07-31T00:51:36Z,923,11,10,7,1,0,1,1,1,1785458968
2026-07-31T00:51:36Z,924,8,0,13,0,0,1,1,1,1785457392
2026-07-31T00:51:36Z,925,16,2,5,0,0,1,1,1,1785458641
2026-07-31T00:51:36Z,926,1,1,20,0,0,1,1,1,1785458819
2026-07-31T00:51:36Z,927,26,1,9,0,0,1,1,1,1785458698
2026-07-31T00:51:36Z,928,12,0,7,0,0,1,1,1,1785458035
2026-07-31T00:51:36Z,929,1,1,22,0,0,1,1,1,1785458763
2026-07-31T00:51:36Z,930,2,0,28,1,0,1,1,1,1785458664
2026-07-31T00:51:36Z,931,0,0,23,0,0,1,1,1,1785458711
2026-07-31T00:51:36Z,932,15,0,0,4,0,1,1,1,1785458970
2026-07-31T00:51:36Z,933,21,2,1,1,0,1,1,1,1785458992
2026-07-31T00:51:36Z,934,3,0,27,1,0,1,1,1,1785459026
2026-07-31T00:51:36Z,935,9,0,8,2,0,1,1,1,1785459078
2026-07-31T00:51:36Z,936,4,1,15,0,0,1,1,1,1785456801
2026-07-31T00:51:36Z,940,11,3,0,0,0,1,1,1,1785458580
2026-07-31T00:51:36Z,941,3,0,20,2,0,1,1,1,1785458925
2026-07-31T00:51:36Z,942,15,3,6,0,0,1,1,1,1785459025
2026-07-31T00:51:36Z,943,8,8,7,0,0,1,1,1,1785458498
2026-07-31T00:51:36Z,944,9,8,6,0,0,1,1,1,1785458289
2026-07-31T00:51:36Z,945,10,8,5,0,0,1,1,1,1785457797
2026-07-31T00:51:36Z,946,7,5,12,0,0,1,1,1,1785424152
2026-07-31T00:51:36Z,947,7,5,10,0,0,1,1,1,1785459029
2026-07-31T00:51:36Z,948,0,0,27,4,0,1,1,1,1785458708
2026-07-31T00:51:36Z,949,0,0,15,0,0,1,1,1,1785458411
2026-07-31T00:51:36Z,950,3,1,13,1,0,1,1,1,1785458840
2026-07-31T00:51:36Z,951,8,1,15,0,0,1,1,1,1785458454
2026-07-31T00:51:36Z,952,29,1,24,2,0,1,1,1,1785458856
2026-07-31T00:51:36Z,953,15,1,0,0,0,1,1,1,1785458919
2026-07-31T00:51:36Z,954,15,0,4,0,0,1,1,1,1785458389
2026-07-31T00:51:36Z,955,0,0,22,5,0,1,1,1,1785459073
2026-07-31T00:51:36Z,956,14,0,8,1,0,1,1,1,1785459009
2026-07-31T00:51:36Z,957,15,1,13,1,0,1,1,1,1785459070
2026-07-31T00:51:36Z,958,23,0,8,0,0,1,1,1,1785459047
2026-07-31T00:51:36Z,959,16,4,6,1,0,1,1,1,1785458829
2026-07-31T00:51:36Z,960,19,8,3,1,0,1,1,1,1785459013
2026-07-31T00:51:36Z,961,1,1,19,3,0,1,1,1,1785459024
2026-07-31T00:51:36Z,962,3,0,29,3,0,1,1,1,1785458362
2026-07-31T00:51:36Z,963,8,0,14,1,0,1,1,1,1785458812
2026-07-31T00:51:36Z,964,3,3,19,1,0,1,1,1,1785458922
2026-07-31T00:51:36Z,965,3,1,23,1,0,1,1,1,1785458951
2026-07-31T00:51:36Z,966,12,0,19,0,0,1,1,1,1785458912
2026-07-31T00:51:36Z,967,2,0,18,1,0,1,1,1,1785458993
2026-07-31T00:51:36Z,968,2,1,17,0,0,1,1,1,1785458741
2026-07-31T00:51:36Z,969,7,7,18,2,0,1,1,1,1785458760
2026-07-31T00:51:36Z,970,11,3,7,1,0,1,1,1,1785458698
2026-07-31T00:51:36Z,971,20,0,2,1,0,1,1,1,1785459060
2026-07-31T00:51:36Z,972,6,0,16,1,0,1,1,1,1785458206
2026-07-31T00:51:36Z,973,8,4,14,1,0,1,1,1,1785458634
2026-07-31T00:51:36Z,974,12,0,15,0,0,1,1,1,1785458924
2026-07-31T00:51:36Z,977,4,3,13,4,0,1,1,1,1785458690
2026-07-31T00:51:36Z,978,12,3,10,1,0,1,1,1,1785457522
2026-07-31T00:51:36Z,979,2,0,15,0,0,1,1,1,1785458965
2026-07-31T00:51:36Z,980,3,0,17,1,0,1,1,1,1785457815
2026-07-31T00:51:36Z,981,5,0,15,1,0,1,1,1,1785458671
2026-07-31T00:51:36Z,982,3,1,14,2,0,1,1,1,1785458309
2026-07-31T00:51:36Z,983,1,1,21,1,0,1,1,1,1785458908
2026-07-31T00:51:36Z,984,5,0,18,0,0,1,1,1,1785457776
2026-07-31T00:51:36Z,985,24,0,7,0,0,1,1,1,1785458933
2026-07-31T00:51:36Z,986,2,0,17,0,0,1,1,1,1785458306
2026-07-31T00:51:36Z,987,5,0,17,1,0,1,1,1,1785458814
2026-07-31T00:51:36Z,988,6,2,12,1,0,1,1,1,1785458597
2026-07-31T00:51:36Z,989,8,4,11,0,0,1,1,1,1785457445
2026-07-31T00:51:36Z,990,13,1,0,2,0,1,1,1,1785458537
2026-07-31T00:51:36Z,991,8,1,10,1,0,1,1,1,1785458140
2026-07-31T00:51:36Z,992,8,6,14,1,0,1,1,1,1785459005
2026-07-31T00:51:36Z,993,1,0,26,0,0,1,1,1,1785458205
2026-07-31T00:51:36Z,994,1,1,20,0,0,1,1,1,1785457387
2026-07-31T00:51:36Z,995,7,0,20,0,0,1,1,1,1785458422
2026-07-31T00:51:36Z,996,9,1,14,0,0,1,1,1,1785458241
2026-07-31T00:51:36Z,997,10,4,11,2,0,1,1,1,1785458930
2026-07-31T00:51:36Z,998,4,2,18,1,0,1,1,1,1785458847
2026-07-31T00:51:36Z,999,4,2,15,1,1,1,1,1,1785458356
2026-07-31T00:51:36Z,1000,2,0,19,0,0,1,1,1,1785457335
2026-07-31T00:51:36Z,1001,1,0,26,0,0,1,1,1,1785458563
2026-07-31T00:51:36Z,1002,0,0,27,4,0,1,1,1,1785458530
2026-07-31T00:51:36Z,1003,0,0,23,0,0,1,1,1,1785458220
2026-07-31T00:51:36Z,1004,5,0,18,0,0,1,1,1,1785457654
2026-07-31T00:51:36Z,1005,20,1,3,0,0,1,1,1,1785458405
2026-07-31T00:51:36Z,1006,7,4,11,1,0,1,1,1,1785458261
2026-07-31T00:51:36Z,1007,5,2,16,0,0,1,1,1,1785458603
2026-07-31T00:51:36Z,1008,6,5,15,2,0,1,1,1,1785458252
2026-07-31T00:51:36Z,1009,21,4,8,2,0,1,1,1,1785459060
2026-07-31T00:51:36Z,1010,7,2,20,0,0,1,1,1,1785458048
2026-07-31T00:51:36Z,1011,6,1,11,2,0,1,1,1,1785458641
2026-07-31T00:51:36Z,1012,4,3,18,1,0,1,1,1,1785458171
2026-07-31T00:51:36Z,1013,3,1,19,1,0,1,1,1,1785458920
2026-07-31T00:51:36Z,1014,7,3,14,2,0,1,1,1,1785458681
2026-07-31T00:51:36Z,1015,5,4,25,1,0,1,1,1,1785458902
2026-07-31T00:51:36Z,1016,10,5,21,0,0,1,1,1,1785457967
2026-07-31T00:51:36Z,1017,14,5,7,0,0,1,1,1,1785457584
2026-07-31T00:51:36Z,1018,8,2,14,0,0,1,1,1,1785458261
2026-07-31T00:51:36Z,1019,7,5,8,0,0,1,1,1,1785458237
2026-07-31T00:51:36Z,1020,18,3,3,0,0,1,1,1,1785458616
2026-07-31T00:51:36Z,1021,8,3,6,1,0,1,1,1,1785459043
2026-07-31T00:51:36Z,1022,14,0,13,0,0,1,1,1,1785458323
2026-07-31T00:51:36Z,1023,12,1,10,1,0,1,1,1,1785457988
2026-07-31T00:51:36Z,1024,6,3,13,0,0,1,1,1,1785459017
2026-07-31T00:51:36Z,1025,5,1,13,0,1,1,1,1,1785458282
2026-07-31T00:51:36Z,1026,8,4,18,5,0,1,1,1,1785457299
2026-07-31T00:51:36Z,1028,2,0,20,1,0,1,1,1,1785458353
2026-07-31T00:51:36Z,1029,10,9,5,0,0,1,1,1,1785457514
2026-07-31T00:51:36Z,1030,13,5,10,0,0,1,1,1,1785459022
2026-07-31T00:51:36Z,1031,10,0,9,0,0,1,1,1,1785457747
2026-07-31T00:51:36Z,1032,7,1,12,0,0,1,1,1,1785458274
2026-07-31T00:51:36Z,1033,8,5,10,1,0,1,1,1,1785459079
2026-07-31T00:51:36Z,1034,1,0,14,0,0,1,1,1,1785458322
2026-07-31T00:51:36Z,1035,3,0,15,1,0,1,1,1,1785458790
2026-07-31T00:51:36Z,1036,15,1,0,0,0,1,1,1,1785458892
2026-07-31T00:51:36Z,1037,4,1,14,1,0,1,1,1,1785458714
2026-07-31T00:51:36Z,1038,3,1,11,1,0,1,1,1,1785458020
2026-07-31T00:51:36Z,1039,4,2,15,0,0,1,1,1,1785458429
2026-07-31T00:51:36Z,1040,9,4,9,1,0,1,1,1,1785458304
2026-07-31T00:51:36Z,1041,8,2,9,2,0,1,1,1,1785458973
2026-07-31T00:51:36Z,1042,12,0,1,2,0,1,1,1,1785458450
2026-07-31T00:51:36Z,1043,10,1,7,2,0,1,1,1,1785458345
2026-07-31T00:51:36Z,1044,2,1,13,0,0,1,1,1,1785458073
2026-07-31T00:51:36Z,1045,10,0,9,0,0,1,1,1,1785458264
2026-07-31T00:51:36Z,1046,8,0,7,0,0,1,1,1,1785458888
2026-07-31T00:51:36Z,1047,3,0,18,0,0,1,1,1,1785459011
2026-07-31T00:51:36Z,1048,6,1,13,0,0,1,1,1,1785458628
2026-07-31T00:51:36Z,1049,2,0,19,0,0,1,1,1,1785458266
2026-07-31T00:51:36Z,1050,16,4,5,0,0,1,1,1,1785459056
2026-07-31T00:51:36Z,1051,7,3,14,0,0,1,1,1,1785459015
2026-07-31T00:51:36Z,1052,17,2,5,0,0,1,1,1,1785458079
2026-07-31T00:51:36Z,1053,1,1,14,0,0,1,1,1,1785458196
2026-07-31T00:51:36Z,1054,14,1,1,0,0,1,1,1,1785458440
2026-07-31T00:51:36Z,1055,6,1,13,0,0,1,1,1,1785458400
2026-07-31T00:51:36Z,1057,9,1,10,0,0,1,1,1,1785458610
2026-07-31T00:51:36Z,1058,52,0,1,3,0,1,1,1,1785459085
2026-07-31T00:51:36Z,1059,3,0,14,2,0,1,1,1,1785458331
2026-07-31T00:51:36Z,1060,5,1,32,0,0,1,1,1,1785458892
2026-07-31T00:51:36Z,1061,10,2,27,0,0,1,1,1,1785459053
2026-07-31T00:51:36Z,1062,16,3,1,0,0,1,1,1,1785458830
2026-07-31T00:51:36Z,1063,12,1,6,1,0,1,1,1,1785458320
2026-07-31T00:51:36Z,1064,6,2,16,1,0,1,1,1,1785458593
2026-07-31T00:51:36Z,1065,15,3,8,0,0,1,1,1,1785458855
2026-07-31T00:51:36Z,1066,11,2,12,0,0,1,1,1,1785458813
2026-07-31T00:51:36Z,1067,7,1,15,1,0,1,1,1,1785458949
2026-07-31T00:51:36Z,1068,8,2,13,2,0,1,1,1,1785458405
2026-07-31T00:51:36Z,1069,12,3,11,0,0,1,1,1,1785458490
2026-07-31T00:51:36Z,1070,11,2,12,0,0,1,1,1,1785458583
2026-07-31T00:51:36Z,1071,7,4,16,0,0,1,1,1,1785458623
2026-07-31T00:51:36Z,1072,11,1,11,1,0,1,1,1,1785458933
2026-07-31T00:51:36Z,1073,10,3,16,1,0,1,1,1,1785458717
2026-07-31T00:51:36Z,1074,53,0,0,0,0,1,1,1,1785458568
2026-07-31T00:51:36Z,1075,9,8,12,0,0,1,1,1,1785457993
2026-07-31T00:51:36Z,1076,13,11,8,0,0,1,1,1,1785457422
2026-07-31T00:51:36Z,1077,8,5,13,0,0,1,1,1,1785458201
2026-07-31T00:51:36Z,1078,13,10,8,0,0,1,1,1,1785457469
2026-07-31T00:51:36Z,1079,12,9,9,0,0,1,1,1,1785458109
2026-07-31T00:51:36Z,1080,9,7,11,1,0,1,1,1,1785458702
2026-07-31T00:51:36Z,1081,14,9,5,0,0,1,1,1,1785457324
2026-07-31T00:51:36Z,1082,4,4,4,0,0,1,1,1,1785458712
2026-07-31T00:51:36Z,1083,12,10,9,0,0,1,1,1,1785458357
2026-07-31T00:51:36Z,1084,8,7,13,0,0,1,1,1,1785457992
2026-07-31T00:51:36Z,1085,10,10,11,0,0,1,1,1,1785457576
2026-07-31T00:51:36Z,1086,8,7,12,1,0,1,1,1,1785458302
2026-07-31T00:51:36Z,1087,8,7,7,0,0,1,1,1,1785458690
2026-07-31T00:51:36Z,1088,10,7,5,0,0,1,1,1,1785458326
2026-07-31T00:51:36Z,1089,6,4,9,0,0,1,1,1,1785458702
2026-07-31T00:51:36Z,1090,8,7,7,0,0,1,1,1,1785457408
2026-07-31T00:51:36Z,1091,10,5,5,0,0,1,1,1,1785457320
2026-07-31T00:51:36Z,1092,9,9,5,1,0,1,1,1,1785458679
2026-07-31T00:51:36Z,1093,7,6,8,0,0,1,1,1,1785459049
2026-07-31T00:51:36Z,1094,10,8,8,1,0,1,1,1,1785458301
2026-07-31T00:51:36Z,1095,9,8,6,0,0,1,1,1,1785459013
2026-07-31T00:51:36Z,1096,6,3,12,1,0,1,1,1,1785458638
2026-07-31T00:51:36Z,1097,8,8,7,0,0,1,1,1,1785458863
2026-07-31T00:51:36Z,1098,9,7,10,0,0,1,1,1,1785457361
2026-07-31T00:51:36Z,1099,7,6,8,0,0,1,1,1,1785458111
2026-07-31T00:51:36Z,1100,5,1,24,0,0,1,1,1,1785452920
2026-07-31T00:51:36Z,1101,10,5,11,0,0,1,1,1,1785457979
2026-07-31T00:51:36Z,1102,9,4,4,0,0,1,1,1,1785458521
2026-07-31T00:51:36Z,1103,10,5,11,0,0,1,1,1,1785458054
2026-07-31T00:51:36Z,1104,10,5,11,0,0,1,1,1,1785457729
2026-07-31T00:51:36Z,1105,7,3,6,0,0,1,1,1,1785459038
2026-07-31T00:51:36Z,1106,13,7,8,0,0,1,1,1,1785458063
2026-07-31T00:51:36Z,1107,9,5,6,0,0,1,1,1,1785458414
2026-07-31T00:51:36Z,1108,8,3,16,3,0,1,1,1,1785458803
2026-07-31T00:51:36Z,1109,5,3,10,0,0,1,1,1,1785458377
2026-07-31T00:51:36Z,1110,8,0,13,0,0,1,1,1,1785457609
2026-07-31T00:51:36Z,1111,2,0,19,0,0,1,1,1,1785458157
2026-07-31T00:51:36Z,1112,47,0,6,0,0,1,1,1,1785459015
2026-07-31T00:51:36Z,1113,0,0,21,0,0,1,1,1,1785458406
2026-07-31T00:51:36Z,1115,20,7,2,1,0,1,1,1,1785458749
2026-07-31T00:51:36Z,1116,4,1,15,0,0,1,1,1,1785458291
2026-07-31T00:51:36Z,1117,1,0,22,0,0,1,1,1,1785459078
2026-07-31T00:51:36Z,1118,13,1,7,1,0,1,1,1,1785458657
2026-07-31T00:51:36Z,1119,11,1,5,1,0,1,1,1,1785458767
2026-07-31T00:51:36Z,1120,14,2,4,1,0,1,1,1,1785458404
2026-07-31T00:51:36Z,1121,7,4,12,2,0,1,1,1,1785458686
2026-07-31T00:51:36Z,1122,15,9,4,2,0,1,1,1,1785458536
2026-07-31T00:51:36Z,1123,4,0,17,2,0,1,1,1,1785457925
2026-07-31T00:51:36Z,1124,8,0,2,5,0,1,1,1,1785458330
2026-07-31T00:51:36Z,1125,14,0,9,0,0,1,1,1,1785458542
2026-07-31T00:51:36Z,1126,8,4,11,2,0,1,1,1,1785459050
2026-07-31T00:51:36Z,1127,7,2,11,1,0,1,1,1,1785458833
2026-07-31T00:51:36Z,1128,9,0,5,1,0,1,1,1,1785458322
2026-07-31T00:51:36Z,1129,4,0,17,0,0,1,1,1,1785458999
2026-07-31T00:51:36Z,1130,9,1,6,0,0,1,1,1,1785458942
2026-07-31T00:51:36Z,1131,3,0,45,1,0,1,1,1,1785458822
2026-07-31T00:51:36Z,1132,13,5,7,1,0,1,1,1,1785458079
2026-07-31T00:51:36Z,1133,8,4,11,2,0,1,1,1,1785458103
2026-07-31T00:51:36Z,1134,11,6,8,0,0,1,1,1,1785458787
2026-07-31T00:51:36Z,1135,10,5,11,0,0,1,1,1,1785457872
2026-07-31T00:51:36Z,1136,16,0,7,0,0,1,1,1,1785458438
2026-07-31T00:51:36Z,1137,8,0,7,0,0,1,1,1,1785459058
2026-07-31T00:51:36Z,1138,10,2,9,0,0,1,1,1,1785458255
2026-07-31T00:51:36Z,1139,10,2,9,2,0,1,1,1,1785458753
2026-07-31T00:51:36Z,1140,18,2,4,1,0,1,1,1,1785457915
2026-07-31T00:51:36Z,1141,3,3,17,1,0,1,1,1,1785459061
2026-07-31T00:51:36Z,1142,21,1,0,0,0,1,1,1,1785458922
2026-07-31T00:51:36Z,1143,21,3,8,0,0,1,1,1,1785459052
2026-07-31T00:51:36Z,1144,9,4,10,2,0,1,1,1,1785458557
2026-07-31T00:51:36Z,1145,12,6,8,1,0,1,1,1,1785458647
2026-07-31T00:51:36Z,1146,8,5,10,1,0,1,1,1,1785459079
2026-07-31T00:51:36Z,1147,1,0,18,0,0,1,1,1,1785459065
2026-07-31T00:51:36Z,1148,3,3,28,0,0,1,1,1,1785458866
2026-07-31T00:51:36Z,1149,3,3,18,4,0,1,1,1,1785457882
2026-07-31T00:51:36Z,1150,5,0,14,0,0,1,1,1,1785458060
2026-07-31T00:51:36Z,1151,2,1,19,0,0,1,1,1,1785458926
2026-07-31T00:51:36Z,1152,3,0,26,0,0,1,1,1,1785458139
2026-07-31T00:51:36Z,1153,11,0,11,1,0,1,1,1,1785458810
2026-07-31T00:51:36Z,1154,13,1,6,0,0,1,1,1,1785459004
2026-07-31T00:51:36Z,1155,12,6,8,1,0,1,1,1,1785459075
2026-07-31T00:51:36Z,1158,3,0,16,0,0,1,1,1,1785458185
2026-07-31T00:51:36Z,1159,11,0,8,0,0,1,1,1,1785458538
2026-07-31T00:51:36Z,1160,9,1,9,1,0,1,1,1,1785458133
2026-07-31T00:51:36Z,1161,4,1,14,1,0,1,1,1,1785459047
2026-07-31T00:51:36Z,1162,0,0,19,0,0,1,1,1,1785458923
2026-07-31T00:51:36Z,1163,1,1,17,1,0,1,1,1,1785458303
2026-07-31T00:51:36Z,1164,4,1,15,0,0,1,1,1,1785458362
2026-07-31T00:51:36Z,1165,8,1,13,0,0,1,1,1,1785459080
2026-07-31T00:51:36Z,1166,9,4,12,0,0,1,1,1,1785458582
2026-07-31T00:51:36Z,1167,4,0,11,0,0,1,1,1,1785458101
2026-07-31T00:51:36Z,1168,1,0,22,0,0,1,1,1,1785458521
2026-07-31T00:51:36Z,1169,3,0,15,1,0,1,1,1,1785458208
2026-07-31T00:51:36Z,1170,6,0,14,1,0,1,1,1,1785458562
2026-07-31T00:51:36Z,1171,8,7,14,1,0,1,1,1,1785458890
2026-07-31T00:51:36Z,1172,7,2,6,2,0,1,1,1,1785458496
2026-07-31T00:51:36Z,1173,10,3,9,0,0,1,1,1,1785458447
2026-07-31T00:51:36Z,1174,6,2,9,0,0,1,1,1,1785458990
2026-07-31T00:51:36Z,1175,7,3,12,0,0,1,1,1,1785456851
2026-07-31T00:51:36Z,1176,19,1,2,0,0,1,1,1,1785457642
2026-07-31T00:51:36Z,1177,3,1,18,0,0,1,1,1,1785457564
2026-07-31T00:51:36Z,1178,1,0,14,0,0,1,1,1,1785458170
2026-07-31T00:51:36Z,1181,12,1,2,1,0,1,1,1,1785458973
2026-07-31T00:51:36Z,1182,12,4,8,0,0,1,1,1,1785459085
2026-07-31T00:51:36Z,1183,6,0,37,2,0,1,1,1,1785458947
2026-07-31T00:51:36Z,1184,1,1,19,1,0,1,1,1,1785458306
2026-07-31T00:51:36Z,1185,10,5,11,0,0,1,1,1,1785457667
2026-07-31T00:51:36Z,1186,9,5,10,0,0,1,1,1,1785458718
2026-07-31T00:51:36Z,1187,11,6,9,1,0,1,1,1,1785457840
2026-07-31T00:51:36Z,1188,9,3,6,0,0,1,1,1,1785458427
2026-07-31T00:51:36Z,1189,10,5,9,0,0,1,1,1,1785458472
2026-07-31T00:51:36Z,1190,10,5,11,0,0,1,1,1,1785457849
2026-07-31T00:51:36Z,1191,10,5,5,0,0,1,1,1,1785458432
2026-07-31T00:51:36Z,1192,11,7,10,0,0,1,1,1,1785458217
2026-07-31T00:51:36Z,1193,6,4,5,2,0,1,1,1,1785457521
2026-07-31T00:51:36Z,1197,9,6,7,1,0,1,1,1,1785457396
2026-07-31T00:51:36Z,1198,14,4,5,2,0,1,1,1,1785458745
2026-07-31T00:51:36Z,1199,2,0,17,0,0,1,1,1,1785458775
2026-07-31T00:51:36Z,1200,10,5,5,0,0,1,1,1,1785458470
2026-07-31T00:51:36Z,1201,9,4,6,0,0,1,1,1,1785458446
2026-07-31T00:51:36Z,1202,10,5,5,0,0,1,1,1,1785458540
2026-07-31T00:51:36Z,1203,10,5,5,0,0,1,1,1,1785458436
2026-07-31T00:51:36Z,1204,7,3,11,1,0,1,1,1,1785458153
2026-07-31T00:51:36Z,1206,11,5,10,0,0,1,1,1,1785457354
2026-07-31T00:51:36Z,1207,10,5,5,0,0,1,1,1,1785458755
2026-07-31T00:51:36Z,1208,7,2,11,1,0,1,1,1,1785458635
2026-07-31T00:51:36Z,1216,7,0,13,1,0,1,1,1,1785457590
2026-07-31T00:51:36Z,1218,5,0,16,0,0,1,1,1,1785457986
2026-07-31T00:51:36Z,1219,7,2,7,1,0,1,1,1,1785457898
2026-07-31T00:51:36Z,1220,14,7,4,1,0,1,1,1,1785457771
2026-07-31T00:51:36Z,1221,2,2,19,0,0,1,1,1,1785457294
2026-07-31T00:51:36Z,1222,23,2,6,0,0,1,1,1,1785458660
2026-07-31T00:51:36Z,1223,21,2,6,2,0,1,1,1,1785458474
2026-07-31T00:51:36Z,1226,0,0,3,0,0,0,1,1,1781868931
2026-07-31T00:51:36Z,1227,15,2,10,0,0,1,1,1,1785458180
2026-07-31T00:51:36Z,1228,28,2,1,0,0,1,1,1,1785459078
2026-07-31T00:51:36Z,1229,45,1,0,0,0,1,1,1,1785459045
2026-07-31T00:56:35Z,1,1,0,22,0,0,1,1,1,1785458176
2026-07-31T00:56:35Z,2,21,0,4,2,0,1,1,1,1785458853
2026-07-31T00:56:35Z,3,3,1,10,1,0,1,1,1,1785459367
2026-07-31T00:56:35Z,4,21,1,0,1,0,1,1,1,1785456637
2026-07-31T00:56:35Z,5,8,3,15,0,0,1,1,1,1785456282
2026-07-31T00:56:35Z,6,14,0,1,0,0,1,1,1,1785459039
2026-07-31T00:56:35Z,7,10,0,29,0,0,1,1,1,1785458867
2026-07-31T00:56:35Z,8,2,0,41,0,0,1,1,1,1785459253
2026-07-31T00:56:35Z,9,7,1,13,3,0,1,1,1,1785459379
2026-07-31T00:56:35Z,10,1,0,20,2,0,1,1,1,1785458949
2026-07-31T00:56:35Z,11,4,0,14,1,0,1,1,1,1785459140
2026-07-31T00:56:35Z,12,15,0,8,0,0,1,1,1,1785459305
2026-07-31T00:56:35Z,13,18,2,12,0,0,1,1,1,1785459319
2026-07-31T00:56:35Z,14,36,0,6,0,1,1,1,1,1785458731
2026-07-31T00:56:35Z,15,8,0,7,0,0,1,1,1,1785459177
2026-07-31T00:56:35Z,16,9,0,15,2,1,1,1,1,1785459025
2026-07-31T00:56:35Z,17,22,0,4,1,0,1,1,1,1785459360
2026-07-31T00:56:35Z,18,15,0,1,2,0,1,1,1,1785459078
2026-07-31T00:56:35Z,19,24,2,2,1,0,1,1,1,1785459350
2026-07-31T00:56:35Z,20,23,0,12,0,0,1,1,1,1785459293
2026-07-31T00:56:35Z,21,16,1,3,0,0,1,1,1,1785459192
2026-07-31T00:56:35Z,22,43,0,21,1,0,1,1,1,1785459282
2026-07-31T00:56:35Z,23,18,3,13,0,0,1,1,1,1785459243
2026-07-31T00:56:35Z,24,10,2,0,1,0,1,1,1,1785459383
2026-07-31T00:56:35Z,25,75,1,3,3,0,1,1,1,1785459377
2026-07-31T00:56:35Z,26,5,0,22,0,0,1,1,1,1785459216
2026-07-31T00:56:35Z,28,2,0,13,0,0,1,1,1,1785459218
2026-07-31T00:56:35Z,30,12,1,16,1,0,1,1,1,1785459375
2026-07-31T00:56:35Z,31,0,0,17,2,0,1,1,1,1785459142
2026-07-31T00:56:35Z,32,19,4,8,0,0,1,1,1,1785459041
2026-07-31T00:56:35Z,34,24,1,13,0,0,1,1,1,1785458681
2026-07-31T00:56:35Z,35,47,0,0,0,0,1,1,1,1785459223
2026-07-31T00:56:35Z,36,0,0,0,0,0,0,1,1,86400
2026-07-31T00:56:35Z,37,14,1,9,0,0,1,1,1,1785459379
2026-07-31T00:56:35Z,38,11,0,12,0,0,1,1,1,1785459256
2026-07-31T00:56:35Z,39,22,1,17,0,0,1,1,1,1785459327
2026-07-31T00:56:35Z,40,10,1,10,1,0,1,1,1,1785458921
2026-07-31T00:56:35Z,41,5,1,37,1,0,1,1,1,1785459204
2026-07-31T00:56:35Z,42,26,4,5,0,0,1,1,1,1785459127
2026-07-31T00:56:35Z,43,3,0,20,0,0,1,1,1,1785459289
2026-07-31T00:56:35Z,45,7,1,21,1,0,1,1,1,1785458922
2026-07-31T00:56:35Z,46,1,1,29,1,0,1,1,1,1785459266
2026-07-31T00:56:35Z,47,14,2,0,1,0,1,1,1,1785459088
2026-07-31T00:56:35Z,48,15,0,12,0,0,1,1,1,1785459122
2026-07-31T00:56:35Z,49,1,0,18,4,0,1,1,1,1785459389
2026-07-31T00:56:35Z,50,0,0,18,1,0,1,1,1,1785459029
2026-07-31T00:56:35Z,51,50,1,27,0,0,1,1,1,1785459140
2026-07-31T00:56:35Z,52,5,0,19,3,0,1,1,1,1785459185
2026-07-31T00:56:35Z,55,0,0,23,0,0,1,1,1,1785458682
2026-07-31T00:56:35Z,56,2,1,41,0,0,1,1,1,1785458732
2026-07-31T00:56:35Z,57,9,1,18,0,0,1,1,1,1785459387
2026-07-31T00:56:35Z,58,1,1,26,1,0,1,1,1,1785458873
2026-07-31T00:56:35Z,59,3,0,22,2,0,1,1,1,1785459386
2026-07-31T00:56:35Z,61,15,0,24,0,0,1,1,1,1785459127
2026-07-31T00:56:35Z,62,15,14,32,2,0,1,1,1,1785459325
2026-07-31T00:56:35Z,63,2,1,16,1,0,1,1,1,1785459363
2026-07-31T00:56:35Z,64,15,0,0,4,0,1,1,1,1785458251
2026-07-31T00:56:35Z,65,14,5,4,1,0,1,1,1,1785459244
2026-07-31T00:56:35Z,67,1,1,38,0,0,1,1,1,1785458310
2026-07-31T00:56:35Z,68,5,0,32,0,0,1,1,1,1785459325
2026-07-31T00:56:35Z,69,3,1,10,2,0,1,1,1,1785459380
2026-07-31T00:56:35Z,71,2,2,24,1,0,1,1,1,1785459131
2026-07-31T00:56:35Z,72,13,7,17,1,0,1,1,1,1785459338
2026-07-31T00:56:35Z,73,1,0,30,0,0,1,1,1,1785459377
2026-07-31T00:56:35Z,74,6,2,13,0,0,1,1,1,1785459137
2026-07-31T00:56:35Z,75,0,0,30,2,0,1,1,1,1785456645
2026-07-31T00:56:35Z,76,1,0,17,1,0,1,1,1,1785459390
2026-07-31T00:56:35Z,77,8,1,18,1,0,1,1,1,1785459327
2026-07-31T00:56:35Z,78,5,2,18,0,0,1,1,1,1785459380
2026-07-31T00:56:35Z,79,0,0,16,1,0,1,1,1,1785459136
2026-07-31T00:56:35Z,80,11,1,9,3,0,1,1,1,1785459169
2026-07-31T00:56:35Z,81,9,1,22,0,0,1,1,1,1785458860
2026-07-31T00:56:35Z,82,1,1,22,0,0,1,1,1,1785458366
2026-07-31T00:56:35Z,83,2,2,30,2,0,1,1,1,1785459349
2026-07-31T00:56:35Z,84,8,5,19,0,0,1,1,1,1785459353
2026-07-31T00:56:35Z,85,2,0,13,0,0,1,1,1,1785459294
2026-07-31T00:56:35Z,86,0,0,26,1,0,1,1,1,1785459076
2026-07-31T00:56:35Z,87,4,0,15,0,0,1,1,1,1785459230
2026-07-31T00:56:35Z,88,6,0,36,1,0,1,1,1,1785459362
2026-07-31T00:56:35Z,89,34,2,1,0,0,1,1,1,1785459346
2026-07-31T00:56:35Z,90,11,1,6,1,0,1,1,1,1785459219
2026-07-31T00:56:35Z,91,9,1,8,0,0,1,1,1,1785458287
2026-07-31T00:56:35Z,92,5,0,11,3,0,1,1,1,1785459375
2026-07-31T00:56:35Z,93,22,0,0,1,0,1,1,1,1785459335
2026-07-31T00:56:35Z,94,17,1,1,1,0,1,1,1,1785459363
2026-07-31T00:56:35Z,95,5,3,28,1,1,1,1,1,1785459387
2026-07-31T00:56:35Z,96,4,0,26,1,0,1,1,1,1785459261
2026-07-31T00:56:35Z,97,11,0,5,1,0,1,1,1,1785459390
2026-07-31T00:56:35Z,98,13,4,19,3,0,1,1,1,1785459087
2026-07-31T00:56:35Z,99,14,0,1,0,0,1,1,1,1785458993
2026-07-31T00:56:35Z,100,27,1,0,0,0,1,1,1,1785459002
2026-07-31T00:56:35Z,101,14,2,0,1,0,1,1,1,1785458935
2026-07-31T00:56:35Z,102,22,0,1,0,0,1,1,1,1785459164
2026-07-31T00:56:35Z,103,28,2,1,1,0,1,1,1,1785459383
2026-07-31T00:56:35Z,104,23,0,2,2,0,1,1,1,1785459380
2026-07-31T00:56:35Z,105,16,0,3,0,0,1,1,1,1785459332
2026-07-31T00:56:35Z,106,0,0,21,0,0,1,1,1,1785458543
2026-07-31T00:56:35Z,107,34,0,3,0,0,1,1,1,1785458926
2026-07-31T00:56:35Z,108,35,1,0,0,0,1,1,1,1785459014
2026-07-31T00:56:35Z,109,22,3,1,0,0,1,1,1,1785459167
2026-07-31T00:56:35Z,110,9,1,14,0,0,1,1,1,1785459313
2026-07-31T00:56:35Z,111,3,0,33,0,0,1,1,1,1785459337
2026-07-31T00:56:35Z,112,13,0,1,1,0,1,1,1,1785458861
2026-07-31T00:56:35Z,113,17,3,1,1,0,1,1,1,1785459365
2026-07-31T00:56:35Z,114,1,1,28,1,1,1,1,1,1785459253
2026-07-31T00:56:35Z,115,0,0,24,4,0,1,1,1,1785458689
2026-07-31T00:56:35Z,116,9,6,18,0,0,1,1,1,1785459383
2026-07-31T00:56:35Z,118,19,12,1,3,0,1,1,1,1785459353
2026-07-31T00:56:35Z,119,0,0,35,3,0,1,1,1,1785459107
2026-07-31T00:56:35Z,120,8,0,18,1,0,1,1,1,1785459127
2026-07-31T00:56:35Z,121,2,0,16,0,1,1,1,1,1785459342
2026-07-31T00:56:35Z,122,6,0,14,1,0,1,1,1,1785459137
2026-07-31T00:56:35Z,123,17,0,30,0,0,1,1,1,1785459337
2026-07-31T00:56:35Z,124,19,11,15,1,0,1,1,1,1785459351
2026-07-31T00:56:35Z,125,0,0,23,0,0,1,1,1,1785459022
2026-07-31T00:56:35Z,126,9,1,22,0,0,1,1,1,1785459379
2026-07-31T00:56:35Z,127,1,1,33,1,0,1,1,1,1785459080
2026-07-31T00:56:35Z,128,12,12,6,1,0,1,1,1,1785459023
2026-07-31T00:56:35Z,129,8,2,10,1,0,1,1,1,1785458749
2026-07-31T00:56:35Z,130,4,0,13,0,0,1,1,1,1785457733
2026-07-31T00:56:35Z,131,4,3,5,2,0,1,1,1,1785459373
2026-07-31T00:56:35Z,132,1,0,13,0,1,1,1,1,1785458305
2026-07-31T00:56:35Z,134,8,5,13,2,0,1,1,1,1785459259
2026-07-31T00:56:35Z,135,9,1,10,0,0,1,1,1,1785459222
2026-07-31T00:56:35Z,136,18,3,5,0,0,1,1,1,1785459359
2026-07-31T00:56:35Z,137,5,5,14,0,0,1,1,1,1785459149
2026-07-31T00:56:35Z,138,18,4,19,0,0,1,1,1,1785459180
2026-07-31T00:56:35Z,139,11,5,6,2,0,1,1,1,1785459129
2026-07-31T00:56:35Z,140,12,5,10,1,0,1,1,1,1785459390
2026-07-31T00:56:35Z,141,16,8,20,0,0,1,1,1,1785459281
2026-07-31T00:56:35Z,142,8,2,15,0,0,1,1,1,1785459347
2026-07-31T00:56:35Z,143,16,5,15,0,0,1,1,1,1785459386
2026-07-31T00:56:35Z,144,23,1,4,0,0,1,1,1,1785459323
2026-07-31T00:56:35Z,145,16,7,12,1,0,1,1,1,1785459131
2026-07-31T00:56:35Z,146,4,2,18,1,0,1,1,1,1785459239
2026-07-31T00:56:35Z,147,2,1,15,2,0,1,1,1,1785459374
2026-07-31T00:56:35Z,148,7,7,20,0,0,1,1,1,1785459235
2026-07-31T00:56:35Z,149,2,2,25,0,0,1,1,1,1785458760
2026-07-31T00:56:35Z,150,23,7,10,2,0,1,1,1,1785459272
2026-07-31T00:56:35Z,151,13,4,10,0,0,1,1,1,1785459139
2026-07-31T00:56:35Z,152,20,3,3,4,0,1,1,1,1785459240
2026-07-31T00:56:35Z,153,1,1,0,29,1,1,1,1,1785459081
2026-07-31T00:56:35Z,154,14,0,6,3,0,1,1,1,1785459364
2026-07-31T00:56:35Z,155,12,5,1,1,0,1,1,1,1785459169
2026-07-31T00:56:35Z,156,16,1,3,0,0,1,1,1,1785457680
2026-07-31T00:56:35Z,157,11,1,14,2,0,1,1,1,1785459311
2026-07-31T00:56:35Z,158,3,0,13,0,0,1,1,1,1785459337
2026-07-31T00:56:35Z,159,7,1,12,0,0,1,1,1,1785459304
2026-07-31T00:56:35Z,160,10,2,9,0,0,1,1,1,1785459180
2026-07-31T00:56:35Z,161,9,1,13,0,0,1,1,1,1785459336
2026-07-31T00:56:35Z,162,8,7,16,3,0,1,1,1,1785458323
2026-07-31T00:56:35Z,163,13,0,17,0,1,1,1,1,1785459372
2026-07-31T00:56:35Z,164,23,5,4,0,0,1,1,1,1785459261
2026-07-31T00:56:35Z,165,30,6,0,1,0,1,1,1,1785459001
2026-07-31T00:56:35Z,166,14,6,22,3,0,1,1,1,1785459390
2026-07-31T00:56:35Z,167,12,5,10,1,0,1,1,1,1785458739
2026-07-31T00:56:35Z,168,8,2,18,1,0,1,1,1,1785459384
2026-07-31T00:56:35Z,169,10,3,12,0,1,1,1,1,1785459264
2026-07-31T00:56:35Z,170,3,3,15,1,0,1,1,1,1785458080
2026-07-31T00:56:35Z,171,7,1,4,2,0,1,1,1,1785459302
2026-07-31T00:56:35Z,173,37,6,2,0,0,1,1,1,1785459358
2026-07-31T00:56:35Z,174,15,0,8,3,0,1,1,1,1785459273
2026-07-31T00:56:35Z,175,30,0,0,1,0,1,1,1,1785459376
2026-07-31T00:56:35Z,176,2,1,10,2,1,1,1,1,1785459375
2026-07-31T00:56:35Z,177,18,9,9,0,0,1,1,1,1785459146
2026-07-31T00:56:35Z,178,9,2,3,2,1,1,1,1,1785459387
2026-07-31T00:56:35Z,179,10,6,4,1,0,1,1,1,1785459028
2026-07-31T00:56:35Z,180,24,0,6,0,0,1,1,1,1785459381
2026-07-31T00:56:35Z,181,1,1,13,1,0,1,1,1,1785459081
2026-07-31T00:56:35Z,182,2,2,15,0,0,1,1,1,1785458815
2026-07-31T00:56:35Z,183,15,4,8,0,0,1,1,1,1785459166
2026-07-31T00:56:35Z,184,9,1,12,2,0,1,1,1,1785458921
2026-07-31T00:56:35Z,185,3,0,10,1,1,1,1,1,1785458374
2026-07-31T00:56:35Z,186,2,1,17,0,0,1,1,1,1785459349
2026-07-31T00:56:35Z,187,9,1,17,2,0,1,1,1,1785459370
2026-07-31T00:56:35Z,188,19,0,0,8,0,1,1,1,1785459086
2026-07-31T00:56:35Z,189,2,0,13,0,0,1,1,1,1785458993
2026-07-31T00:56:35Z,190,6,4,17,0,0,1,1,1,1785459069
2026-07-31T00:56:35Z,191,0,0,39,0,0,1,1,1,1785458545
2026-07-31T00:56:35Z,192,7,5,22,2,0,1,1,1,1785459327
2026-07-31T00:56:35Z,193,11,7,3,1,0,1,1,1,1785459250
2026-07-31T00:56:35Z,194,0,0,26,1,0,1,1,1,1785458148
2026-07-31T00:56:35Z,195,5,3,14,0,0,1,1,1,1785458902
2026-07-31T00:56:35Z,196,15,7,9,3,0,1,1,1,1785459315
2026-07-31T00:56:35Z,197,1,0,17,0,1,1,1,1,1785459162
2026-07-31T00:56:35Z,198,14,13,9,0,0,1,1,1,1785458679
2026-07-31T00:56:35Z,199,7,6,7,1,0,1,1,1,1785459021
2026-07-31T00:56:35Z,200,4,4,21,1,0,1,1,1,1785459338
2026-07-31T00:56:35Z,201,1,1,22,0,0,1,1,1,1785459076
2026-07-31T00:56:35Z,202,20,1,7,0,0,1,1,1,1785458762
2026-07-31T00:56:35Z,203,17,0,13,1,0,1,1,1,1785459215
2026-07-31T00:56:35Z,204,17,0,15,3,0,1,1,1,1785459374
2026-07-31T00:56:35Z,205,7,2,20,0,0,1,1,1,1785459349
2026-07-31T00:56:35Z,206,7,6,8,0,0,1,1,1,1785459366
2026-07-31T00:56:35Z,207,19,0,2,0,0,1,1,1,1785458991
2026-07-31T00:56:35Z,208,2,1,27,0,0,1,1,1,1785459105
2026-07-31T00:56:35Z,209,9,0,21,1,0,1,1,1,1785459251
2026-07-31T00:56:35Z,210,0,0,26,1,0,1,1,1,1785458807
2026-07-31T00:56:35Z,211,2,1,20,1,0,1,1,1,1785459387
2026-07-31T00:56:35Z,212,22,1,12,1,0,1,1,1,1785459284
2026-07-31T00:56:35Z,213,18,1,4,1,0,1,1,1,1785459323
2026-07-31T00:56:35Z,214,8,7,31,8,0,1,1,1,1785459240
2026-07-31T00:56:35Z,215,8,2,15,0,0,1,1,1,1785459383
2026-07-31T00:56:35Z,216,3,0,15,1,0,1,1,1,1785458802
2026-07-31T00:56:35Z,217,23,0,5,1,0,1,1,1,1785459278
2026-07-31T00:56:35Z,218,5,4,30,4,0,1,1,1,1785459192
2026-07-31T00:56:35Z,219,21,0,4,1,0,1,1,1,1785459148
2026-07-31T00:56:35Z,220,17,17,23,2,1,1,1,1,1785459307
2026-07-31T00:56:35Z,221,7,7,7,1,0,1,1,1,1785458829
2026-07-31T00:56:35Z,222,15,11,2,2,0,1,1,1,1785459348
2026-07-31T00:56:35Z,223,2,0,31,2,0,1,1,1,1785459361
2026-07-31T00:56:35Z,224,16,16,5,1,0,1,1,1,1785459352
2026-07-31T00:56:35Z,225,10,0,4,5,0,1,1,1,1785458746
2026-07-31T00:56:35Z,226,18,6,13,0,0,1,1,1,1785459383
2026-07-31T00:56:35Z,227,17,11,8,1,1,1,1,1,1785459130
2026-07-31T00:56:35Z,228,10,8,9,0,0,1,1,1,1785459375
2026-07-31T00:56:35Z,230,25,4,1,0,0,1,1,1,1785458888
2026-07-31T00:56:35Z,232,6,4,10,1,0,1,1,1,1785459339
2026-07-31T00:56:35Z,233,21,6,9,1,0,1,1,1,1785459282
2026-07-31T00:56:35Z,234,9,4,5,4,1,1,1,1,1785459281
2026-07-31T00:56:35Z,236,2,0,17,0,0,1,1,1,1785458938
2026-07-31T00:56:35Z,237,5,0,17,1,0,1,1,1,1785459307
2026-07-31T00:56:35Z,239,16,12,9,2,0,1,1,1,1785459386
2026-07-31T00:56:35Z,241,7,5,16,0,0,1,1,1,1785458841
2026-07-31T00:56:35Z,242,2,1,20,1,0,1,1,1,1785459383
2026-07-31T00:56:35Z,243,3,3,25,3,0,1,1,1,1785459345
2026-07-31T00:56:35Z,244,1,0,25,1,0,1,1,1,1785459230
2026-07-31T00:56:35Z,245,11,11,11,1,0,1,1,1,1785459123
2026-07-31T00:56:35Z,246,6,2,17,0,0,1,1,1,1785459216
2026-07-31T00:56:35Z,247,15,11,8,0,0,1,1,1,1785459318
2026-07-31T00:56:35Z,248,2,0,18,3,0,1,1,1,1785459182
2026-07-31T00:56:35Z,249,3,3,16,0,0,1,1,1,1785458935
2026-07-31T00:56:35Z,250,7,1,18,2,0,1,1,1,1785459279
2026-07-31T00:56:35Z,251,6,6,19,2,0,1,1,1,1785459178
2026-07-31T00:56:35Z,253,4,4,14,1,0,1,1,1,1785459389
2026-07-31T00:56:35Z,254,15,10,27,1,0,1,1,1,1785458643
2026-07-31T00:56:35Z,255,4,1,18,0,1,1,1,1,1785459212
2026-07-31T00:56:35Z,256,7,7,15,1,0,1,1,1,1785459378
2026-07-31T00:56:35Z,257,6,4,12,1,0,1,1,1,1785459264
2026-07-31T00:56:35Z,258,6,6,12,1,0,1,1,1,1785458617
2026-07-31T00:56:35Z,259,14,1,8,0,1,1,1,1,1785458391
2026-07-31T00:56:35Z,260,8,1,10,1,0,1,1,1,1785459274
2026-07-31T00:56:35Z,261,10,1,7,1,1,1,1,1,1785458956
2026-07-31T00:56:35Z,262,18,3,5,0,0,1,1,1,1785459358
2026-07-31T00:56:35Z,263,14,3,1,0,0,1,1,1,1785459135
2026-07-31T00:56:35Z,264,8,0,10,1,0,1,1,1,1785458801
2026-07-31T00:56:35Z,265,10,2,5,0,0,1,1,1,1785459288
2026-07-31T00:56:35Z,266,13,7,5,1,0,1,1,1,1785459360
2026-07-31T00:56:35Z,267,4,0,9,2,0,1,1,1,1785456188
2026-07-31T00:56:35Z,268,19,7,4,0,0,1,1,1,1785458952
2026-07-31T00:56:35Z,269,7,1,16,0,0,1,1,1,1785458464
2026-07-31T00:56:35Z,270,22,1,4,1,0,1,1,1,1785459204
2026-07-31T00:56:35Z,271,2,0,15,2,0,1,1,1,1785458652
2026-07-31T00:56:35Z,272,15,7,8,0,0,1,1,1,1785459384
2026-07-31T00:56:35Z,273,10,4,5,0,0,1,1,1,1785459073
2026-07-31T00:56:35Z,274,11,4,8,0,0,1,1,1,1785458649
2026-07-31T00:56:35Z,275,9,0,14,0,0,1,1,1,1785458835
2026-07-31T00:56:35Z,276,0,0,26,1,0,1,1,1,1785459234
2026-07-31T00:56:35Z,277,0,0,19,4,0,1,1,1,1785458483
2026-07-31T00:56:35Z,278,1,1,28,1,1,1,1,1,1785458845
2026-07-31T00:56:35Z,279,6,6,13,0,0,1,1,1,1785458447
2026-07-31T00:56:35Z,280,1,0,28,2,0,1,1,1,1785459186
2026-07-31T00:56:35Z,281,18,1,1,0,0,1,1,1,1785458930
2026-07-31T00:56:35Z,282,1,0,16,1,0,1,1,1,1785454029
2026-07-31T00:56:35Z,283,20,0,15,0,0,1,1,1,1785459173
2026-07-31T00:56:35Z,284,17,1,15,3,0,1,1,1,1785457768
2026-07-31T00:56:35Z,285,1,0,22,0,0,1,1,1,1785459079
2026-07-31T00:56:35Z,286,15,10,6,2,0,1,1,1,1785459388
2026-07-31T00:56:35Z,287,12,0,9,2,0,1,1,1,1785458978
2026-07-31T00:56:35Z,288,11,7,8,0,0,1,1,1,1785459344
2026-07-31T00:56:35Z,289,5,3,19,3,0,1,1,1,1785459363
2026-07-31T00:56:35Z,290,24,0,13,2,0,1,1,1,1785459331
2026-07-31T00:56:35Z,291,6,0,16,1,0,1,1,1,1785459310
2026-07-31T00:56:35Z,292,0,0,23,0,0,1,1,1,1785457343
2026-07-31T00:56:35Z,293,12,7,11,0,0,1,1,1,1785459337
2026-07-31T00:56:35Z,294,9,4,9,4,0,1,1,1,1785459300
2026-07-31T00:56:35Z,297,11,1,4,3,1,1,1,1,1785459388
2026-07-31T00:56:35Z,301,12,0,6,1,0,1,1,1,1785459016
2026-07-31T00:56:35Z,302,10,0,12,1,0,1,1,1,1785459151
2026-07-31T00:56:35Z,303,4,0,15,0,0,1,1,1,1785459369
2026-07-31T00:56:35Z,304,0,0,0,0,0,0,1,1,86400
2026-07-31T00:56:35Z,305,18,0,0,1,0,1,1,1,1785458503
2026-07-31T00:56:35Z,306,4,1,28,0,0,1,1,1,1785458866
2026-07-31T00:56:35Z,307,17,3,6,0,0,1,1,1,1785459308
2026-07-31T00:56:35Z,308,13,2,4,2,0,1,1,1,1785459378
2026-07-31T00:56:35Z,309,1,0,12,1,0,1,1,1,1785459372
2026-07-31T00:56:35Z,311,11,0,4,0,0,1,1,1,1785459205
2026-07-31T00:56:35Z,312,1,1,18,3,1,1,1,1,1785459343
2026-07-31T00:56:35Z,313,7,1,8,0,0,1,1,1,1785459170
2026-07-31T00:56:35Z,314,4,4,11,3,0,1,1,1,1785458082
2026-07-31T00:56:35Z,315,17,12,11,3,0,1,1,1,1785459359
2026-07-31T00:56:35Z,316,13,3,12,5,1,1,1,1,1785459292
2026-07-31T00:56:35Z,317,0,0,29,1,1,1,1,1,1785459167
2026-07-31T00:56:35Z,318,13,0,6,0,0,1,1,1,1785456267
2026-07-31T00:56:35Z,319,5,1,17,1,0,1,1,1,1785459335
2026-07-31T00:56:35Z,320,3,0,15,1,0,1,1,1,1785456989
2026-07-31T00:56:35Z,321,9,0,8,2,0,1,1,1,1785456753
2026-07-31T00:56:35Z,322,13,0,14,2,0,1,1,1,1785459376
2026-07-31T00:56:35Z,323,11,1,8,0,0,1,1,1,1785458997
2026-07-31T00:56:35Z,324,0,0,25,2,0,1,1,1,1785459390
2026-07-31T00:56:35Z,325,1,1,24,2,0,1,1,1,1785459325
2026-07-31T00:56:35Z,327,25,3,2,0,0,1,1,1,1785459332
2026-07-31T00:56:35Z,328,21,2,0,1,0,1,1,1,1785459363
2026-07-31T00:56:35Z,329,9,1,10,0,0,1,1,1,1785458916
2026-07-31T00:56:35Z,330,4,0,18,0,0,1,1,1,1785459355
2026-07-31T00:56:35Z,331,19,1,2,2,0,1,1,1,1785459275
2026-07-31T00:56:35Z,332,5,2,13,1,0,1,1,1,1785457143
2026-07-31T00:56:35Z,333,11,4,11,1,0,1,1,1,1785458934
2026-07-31T00:56:35Z,334,3,2,20,0,0,1,1,1,1785459387
2026-07-31T00:56:35Z,335,1,0,21,0,1,1,1,1,1785458956
2026-07-31T00:56:35Z,336,6,0,13,0,0,1,1,1,1785459382
2026-07-31T00:56:35Z,337,14,0,5,4,0,1,1,1,1785459185
2026-07-31T00:56:35Z,338,4,2,15,0,0,1,1,1,1785459187
2026-07-31T00:56:35Z,339,7,3,16,0,0,1,1,1,1785459070
2026-07-31T00:56:35Z,340,2,2,12,1,0,1,1,1,1785459138
2026-07-31T00:56:35Z,341,8,1,11,0,0,1,1,1,1785459359
2026-07-31T00:56:35Z,342,9,6,6,0,0,1,1,1,1785459157
2026-07-31T00:56:35Z,343,3,0,19,1,0,1,1,1,1785459389
2026-07-31T00:56:35Z,344,16,3,7,0,0,1,1,1,1785457962
2026-07-31T00:56:35Z,345,17,2,2,0,0,1,1,1,1785459339
2026-07-31T00:56:35Z,346,5,4,18,0,0,1,1,1,1785458479
2026-07-31T00:56:35Z,347,15,2,26,3,0,1,1,1,1785459389
2026-07-31T00:56:35Z,348,14,0,8,0,1,1,1,1,1785459332
2026-07-31T00:56:35Z,349,5,1,14,0,0,1,1,1,1785458646
2026-07-31T00:56:35Z,350,7,1,18,1,1,1,1,1,1785459091
2026-07-31T00:56:35Z,351,8,1,11,4,0,1,1,1,1785459317
2026-07-31T00:56:35Z,355,1,0,22,0,0,1,1,1,1785459240
2026-07-31T00:56:35Z,356,7,0,12,0,0,1,1,1,1785459131
2026-07-31T00:56:35Z,357,4,4,15,0,0,1,1,1,1785458956
2026-07-31T00:56:35Z,358,8,1,19,0,0,1,1,1,1785459040
2026-07-31T00:56:35Z,359,4,0,23,0,0,1,1,1,1785459037
2026-07-31T00:56:35Z,360,7,3,12,0,0,1,1,1,1785458570
2026-07-31T00:56:35Z,362,6,3,12,1,0,1,1,1,1785458902
2026-07-31T00:56:35Z,363,9,0,18,0,0,1,1,1,1785459271
2026-07-31T00:56:35Z,364,9,2,10,0,0,1,1,1,1785458302
2026-07-31T00:56:35Z,365,2,1,17,4,0,1,1,1,1785459364
2026-07-31T00:56:35Z,366,8,3,9,6,0,1,1,1,1785459382
2026-07-31T00:56:35Z,367,15,8,2,2,0,1,1,1,1785459199
2026-07-31T00:56:35Z,368,10,3,12,1,0,1,1,1,1785458740
2026-07-31T00:56:35Z,370,3,3,24,0,0,1,1,1,1785458907
2026-07-31T00:56:35Z,371,8,5,9,2,0,1,1,1,1785459378
2026-07-31T00:56:35Z,372,4,1,11,0,0,1,1,1,1785459370
2026-07-31T00:56:35Z,373,12,5,15,0,0,1,1,1,1785458883
2026-07-31T00:56:35Z,374,2,1,15,2,0,1,1,1,1785459248
2026-07-31T00:56:35Z,375,13,0,11,3,0,1,1,1,1785459219
2026-07-31T00:56:35Z,376,27,2,8,4,0,1,1,1,1785459378
2026-07-31T00:56:35Z,377,5,0,20,2,0,1,1,1,1785458859
2026-07-31T00:56:35Z,378,12,2,10,1,1,1,1,1,1785459087
2026-07-31T00:56:35Z,379,14,0,13,0,0,1,1,1,1785458774
2026-07-31T00:56:35Z,380,7,1,16,0,0,1,1,1,1785459389
2026-07-31T00:56:35Z,381,14,1,9,0,0,1,1,1,1785459114
2026-07-31T00:56:35Z,383,4,1,10,1,0,1,1,1,1785459277
2026-07-31T00:56:35Z,384,26,3,0,1,0,1,1,1,1785457193
2026-07-31T00:56:35Z,385,4,0,12,2,0,1,1,1,1785459201
2026-07-31T00:56:35Z,387,3,0,20,0,0,1,1,1,1785459244
2026-07-31T00:56:35Z,388,15,1,33,1,0,1,1,1,1785459060
2026-07-31T00:56:35Z,389,5,5,10,0,0,1,1,1,1785458136
2026-07-31T00:56:35Z,390,24,2,11,0,0,1,1,1,1785459159
2026-07-31T00:56:35Z,391,5,0,10,0,0,1,1,1,1785458226
2026-07-31T00:56:35Z,392,2,2,16,1,0,1,1,1,1785459344
2026-07-31T00:56:35Z,393,0,0,9,2,0,1,1,1,1785457581
2026-07-31T00:56:35Z,394,0,0,11,2,0,1,1,1,1785454721
2026-07-31T00:56:35Z,396,16,14,23,3,0,1,1,1,1785459135
2026-07-31T00:56:35Z,397,3,3,28,0,0,1,1,1,1785459199
2026-07-31T00:56:35Z,399,10,1,5,2,0,1,1,1,1785459307
2026-07-31T00:56:35Z,400,11,6,10,2,0,1,1,1,1785458352
2026-07-31T00:56:35Z,401,2,1,28,9,0,1,1,1,1785459265
2026-07-31T00:56:35Z,403,14,2,15,2,0,1,1,1,1785459379
2026-07-31T00:56:35Z,404,6,3,17,0,0,1,1,1,1785458695
2026-07-31T00:56:35Z,406,31,2,3,1,0,1,1,1,1785459267
2026-07-31T00:56:35Z,407,9,0,24,1,0,1,1,1,1785459187
2026-07-31T00:56:35Z,408,0,0,33,0,0,1,1,1,1785459257
2026-07-31T00:56:35Z,409,21,2,0,2,0,1,1,1,1785459119
2026-07-31T00:56:35Z,413,10,2,12,1,0,1,1,1,1785459229
2026-07-31T00:56:35Z,414,13,2,1,1,0,1,1,1,1785459310
2026-07-31T00:56:35Z,417,4,3,15,0,0,1,1,1,1785458531
2026-07-31T00:56:35Z,418,0,0,14,1,0,1,1,1,1785456376
2026-07-31T00:56:35Z,419,16,2,7,0,0,1,1,1,1785459223
2026-07-31T00:56:35Z,421,17,1,2,0,0,1,1,1,1785458015
2026-07-31T00:56:35Z,422,3,2,23,1,0,1,1,1,1785459182
2026-07-31T00:56:35Z,423,5,0,17,1,0,1,1,1,1785459235
2026-07-31T00:56:35Z,424,1,0,12,2,0,1,1,1,1785458498
2026-07-31T00:56:35Z,425,0,0,21,0,1,1,1,1,1785457769
2026-07-31T00:56:35Z,426,6,2,28,3,0,1,1,1,1785459174
2026-07-31T00:56:35Z,427,1,0,13,1,0,1,1,1,1785459323
2026-07-31T00:56:35Z,428,14,3,4,1,0,1,1,1,1785458918
2026-07-31T00:56:35Z,429,6,0,13,4,0,1,1,1,1785459157
2026-07-31T00:56:35Z,430,11,1,19,1,0,1,1,1,1785459170
2026-07-31T00:56:35Z,431,14,2,18,1,0,1,1,1,1785459342
2026-07-31T00:56:35Z,432,25,1,4,2,0,1,1,1,1785459333
2026-07-31T00:56:35Z,433,6,4,15,2,0,1,1,1,1785459150
2026-07-31T00:56:35Z,437,8,6,10,1,0,1,1,1,1785459289
2026-07-31T00:56:35Z,438,1,0,17,1,0,1,1,1,1785459320
2026-07-31T00:56:35Z,439,6,2,9,0,0,1,1,1,1785458526
2026-07-31T00:56:35Z,440,0,0,13,3,0,1,1,1,1785459121
2026-07-31T00:56:35Z,441,0,0,15,0,0,1,1,1,1785458641
2026-07-31T00:56:35Z,442,10,4,8,1,0,1,1,1,1785459152
2026-07-31T00:56:35Z,443,3,0,24,0,0,1,1,1,1785456698
2026-07-31T00:56:35Z,444,2,1,21,0,0,1,1,1,1785455134
2026-07-31T00:56:35Z,445,7,2,15,1,0,1,1,1,1785459227
2026-07-31T00:56:35Z,446,2,2,20,1,0,1,1,1,1785457589
2026-07-31T00:56:35Z,447,1,0,20,1,1,1,1,1,1785441257
2026-07-31T00:56:35Z,448,9,2,4,1,1,1,1,1,1785459363
2026-07-31T00:56:35Z,452,2,1,16,1,0,1,1,1,1785459279
2026-07-31T00:56:35Z,453,2,0,12,1,0,1,1,1,1785459270
2026-07-31T00:56:35Z,454,5,0,14,0,0,1,1,1,1785459256
2026-07-31T00:56:35Z,455,0,0,39,0,0,1,1,1,1785457539
2026-07-31T00:56:35Z,456,10,5,9,1,0,1,1,1,1785459248
2026-07-31T00:56:35Z,457,14,1,11,2,0,1,1,1,1785458795
2026-07-31T00:56:35Z,458,6,2,17,0,0,1,1,1,1785459278
2026-07-31T00:56:35Z,459,11,0,4,0,0,1,1,1,1785458362
2026-07-31T00:56:35Z,460,12,1,11,0,0,1,1,1,1785459144
2026-07-31T00:56:35Z,461,5,1,14,0,0,1,1,1,1785458675
2026-07-31T00:56:35Z,462,6,1,15,0,0,1,1,1,1785459351
2026-07-31T00:56:35Z,463,11,2,8,0,0,1,1,1,1785458560
2026-07-31T00:56:35Z,464,1,1,13,0,0,1,1,1,1785459017
2026-07-31T00:56:35Z,465,1,1,14,0,0,1,1,1,1785458247
2026-07-31T00:56:35Z,466,9,3,5,1,0,1,1,1,1785458161
2026-07-31T00:56:35Z,467,2,0,17,0,0,1,1,1,1785458107
2026-07-31T00:56:35Z,468,15,0,3,1,0,1,1,1,1785458950
2026-07-31T00:56:35Z,469,2,0,20,1,0,1,1,1,1785459269
2026-07-31T00:56:35Z,470,9,0,5,1,0,1,1,1,1785459244
2026-07-31T00:56:35Z,471,18,1,9,0,0,1,1,1,1785459143
2026-07-31T00:56:35Z,472,8,3,10,1,0,1,1,1,1785459283
2026-07-31T00:56:35Z,473,7,3,9,3,0,1,1,1,1785459241
2026-07-31T00:56:35Z,474,5,0,13,1,0,1,1,1,1785459357
2026-07-31T00:56:35Z,475,3,1,16,0,0,1,1,1,1785459219
2026-07-31T00:56:35Z,477,6,3,9,0,0,1,1,1,1785459307
2026-07-31T00:56:35Z,478,18,1,13,0,0,1,1,1,1785459357
2026-07-31T00:56:35Z,479,11,1,15,1,0,1,1,1,1785459366
2026-07-31T00:56:35Z,480,3,0,9,3,0,1,1,1,1785457824
2026-07-31T00:56:35Z,481,11,0,23,1,0,1,1,1,1785459340
2026-07-31T00:56:35Z,482,3,0,15,1,0,1,1,1,1785458280
2026-07-31T00:56:35Z,483,19,2,6,2,0,1,1,1,1785459344
2026-07-31T00:56:35Z,484,3,0,16,0,0,1,1,1,1785457934
2026-07-31T00:56:35Z,485,11,6,5,2,1,1,1,1,1785459330
2026-07-31T00:56:35Z,486,5,1,20,2,0,1,1,1,1785459345
2026-07-31T00:56:35Z,487,3,0,15,1,0,1,1,1,1785458685
2026-07-31T00:56:35Z,489,7,4,8,0,0,1,1,1,1785459353
2026-07-31T00:56:35Z,490,3,2,13,0,0,1,1,1,1785459194
2026-07-31T00:56:35Z,491,17,2,4,0,0,1,1,1,1785458559
2026-07-31T00:56:35Z,492,3,3,5,3,0,1,1,1,1785459388
2026-07-31T00:56:35Z,493,0,0,26,1,0,1,1,1,1785457299
2026-07-31T00:56:35Z,495,9,2,5,1,0,1,1,1,1785459194
2026-07-31T00:56:35Z,496,22,3,5,0,0,1,1,1,1785459322
2026-07-31T00:56:35Z,497,1,0,17,1,0,1,1,1,1785459341
2026-07-31T00:56:35Z,498,4,3,18,1,0,1,1,1,1785458768
2026-07-31T00:56:35Z,499,6,2,13,0,0,1,1,1,1785459095
2026-07-31T00:56:35Z,500,9,7,2,4,0,1,1,1,1785458375
2026-07-31T00:56:35Z,501,1,1,19,1,0,1,1,1,1785459346
2026-07-31T00:56:35Z,502,1,0,17,1,0,1,1,1,1785458814
2026-07-31T00:56:35Z,503,23,0,7,1,0,1,1,1,1785459390
2026-07-31T00:56:35Z,504,9,0,29,1,0,1,1,1,1785459218
2026-07-31T00:56:35Z,505,2,0,8,2,0,1,1,1,1785459218
2026-07-31T00:56:35Z,511,2,0,21,0,0,1,1,1,1785458870
2026-07-31T00:56:35Z,512,5,0,22,0,0,1,1,1,1785459278
2026-07-31T00:56:35Z,514,9,0,0,2,0,1,1,1,1785458664
2026-07-31T00:56:35Z,515,4,0,15,0,0,1,1,1,1785457241
2026-07-31T00:56:35Z,516,4,0,23,0,0,1,1,1,1785459359
2026-07-31T00:56:35Z,517,6,0,16,1,0,1,1,1,1785459389
2026-07-31T00:56:35Z,518,10,1,3,2,0,1,1,1,1785459066
2026-07-31T00:56:35Z,519,5,3,14,0,0,1,1,1,1785458843
2026-07-31T00:56:35Z,520,8,3,14,4,1,1,1,1,1785459389
2026-07-31T00:56:35Z,521,3,2,20,0,0,1,1,1,1785457294
2026-07-31T00:56:35Z,522,23,0,0,0,0,1,1,1,1785459373
2026-07-31T00:56:35Z,523,3,1,19,1,0,1,1,1,1785458987
2026-07-31T00:56:35Z,524,23,1,0,0,0,1,1,1,1785459000
2026-07-31T00:56:35Z,525,18,0,1,0,0,1,1,1,1785459349
2026-07-31T00:56:35Z,526,12,2,2,1,0,1,1,1,1785459343
2026-07-31T00:56:35Z,527,0,0,23,3,0,1,1,1,1785459376
2026-07-31T00:56:35Z,528,18,1,5,0,0,1,1,1,1785459062
2026-07-31T00:56:35Z,529,4,0,10,5,0,1,1,1,1785459387
2026-07-31T00:56:35Z,530,4,0,16,1,0,1,1,1,1785459037
2026-07-31T00:56:35Z,531,6,0,16,0,1,1,1,1,1785458942
2026-07-31T00:56:35Z,532,5,3,24,1,1,1,1,1,1785457478
2026-07-31T00:56:35Z,533,12,0,5,2,0,1,1,1,1785459229
2026-07-31T00:56:35Z,534,3,3,20,0,0,1,1,1,1785459360
2026-07-31T00:56:35Z,535,1,1,13,1,0,1,1,1,1785458289
2026-07-31T00:56:35Z,536,1,0,22,0,0,1,1,1,1785458696
2026-07-31T00:56:35Z,537,14,5,6,0,0,1,1,1,1785459389
2026-07-31T00:56:35Z,538,7,0,13,1,2,1,1,1,1785459170
2026-07-31T00:56:35Z,539,7,5,24,0,0,1,1,1,1785459066
2026-07-31T00:56:35Z,540,1,1,18,0,0,1,1,1,1785458701
2026-07-31T00:56:35Z,541,11,2,16,0,0,1,1,1,1785459382
2026-07-31T00:56:35Z,542,0,0,23,0,0,1,1,1,1785456936
2026-07-31T00:56:35Z,543,5,1,14,0,0,1,1,1,1785459364
2026-07-31T00:56:35Z,544,14,1,4,4,0,1,1,1,1785459242
2026-07-31T00:56:35Z,545,7,0,8,4,0,1,1,1,1785459356
2026-07-31T00:56:35Z,546,2,2,17,0,0,1,1,1,1785459152
2026-07-31T00:56:35Z,547,4,1,21,0,0,1,1,1,1785458923
2026-07-31T00:56:35Z,548,14,0,9,0,0,1,1,1,1785459028
2026-07-31T00:56:35Z,549,20,1,2,1,0,1,1,1,1785459095
2026-07-31T00:56:35Z,550,2,0,17,0,0,1,1,1,1785459385
2026-07-31T00:56:35Z,551,13,3,10,0,0,1,1,1,1785458944
2026-07-31T00:56:35Z,552,2,1,25,0,0,1,1,1,1785459351
2026-07-31T00:56:35Z,553,1,1,21,0,1,1,1,1,1785459357
2026-07-31T00:56:35Z,554,0,0,19,0,0,1,1,1,1785459271
2026-07-31T00:56:35Z,555,11,5,3,1,0,1,1,1,1785459264
2026-07-31T00:56:35Z,556,3,2,19,1,0,1,1,1,1785459187
2026-07-31T00:56:35Z,557,1,1,17,5,0,1,1,1,1785459113
2026-07-31T00:56:35Z,558,4,3,29,4,0,1,1,1,1785459341
2026-07-31T00:56:35Z,559,0,0,18,1,0,1,1,1,1785457401
2026-07-31T00:56:35Z,560,5,0,20,2,0,1,1,1,1785459082
2026-07-31T00:56:35Z,561,18,2,4,1,0,1,1,1,1785458618
2026-07-31T00:56:35Z,562,14,1,17,4,0,1,1,1,1785459374
2026-07-31T00:56:35Z,563,5,0,9,0,0,1,1,1,1785458559
2026-07-31T00:56:35Z,564,5,1,13,1,0,1,1,1,1785459039
2026-07-31T00:56:35Z,565,7,1,12,0,0,1,1,1,1785459312
2026-07-31T00:56:35Z,566,5,0,12,2,0,1,1,1,1785459286
2026-07-31T00:56:35Z,567,14,3,12,1,0,1,1,1,1785459318
2026-07-31T00:56:35Z,568,7,1,10,2,0,1,1,1,1785459351
2026-07-31T00:56:35Z,569,10,0,9,0,0,1,1,1,1785459227
2026-07-31T00:56:35Z,570,3,1,16,0,0,1,1,1,1785459223
2026-07-31T00:56:35Z,571,13,1,9,1,0,1,1,1,1785459262
2026-07-31T00:56:35Z,572,17,3,0,2,0,1,1,1,1785457866
2026-07-31T00:56:35Z,573,11,0,4,0,0,1,1,1,1785459364
2026-07-31T00:56:35Z,574,7,2,8,0,0,1,1,1,1785459177
2026-07-31T00:56:35Z,575,8,1,12,1,0,1,1,1,1785459317
2026-07-31T00:56:35Z,576,1,1,17,1,0,1,1,1,1785458556
2026-07-31T00:56:35Z,577,27,0,4,0,0,1,1,1,1785458533
2026-07-31T00:56:35Z,578,12,4,10,1,0,1,1,1,1785459381
2026-07-31T00:56:35Z,579,34,0,9,0,0,1,1,1,1785459104
2026-07-31T00:56:35Z,580,6,0,23,0,0,1,1,1,1785459113
2026-07-31T00:56:35Z,581,17,0,2,0,0,1,1,1,1785459041
2026-07-31T00:56:35Z,582,13,3,45,3,0,1,1,1,1785459388
2026-07-31T00:56:35Z,583,15,1,8,0,0,1,1,1,1785458867
2026-07-31T00:56:35Z,584,0,0,14,5,0,1,1,1,1785458113
2026-07-31T00:56:35Z,585,7,0,19,0,1,1,1,1,1785458914
2026-07-31T00:56:35Z,586,27,1,7,1,0,1,1,1,1785459333
2026-07-31T00:56:35Z,587,22,1,1,1,0,1,1,1,1785458870
2026-07-31T00:56:35Z,588,0,0,15,4,0,1,1,1,1785459213
2026-07-31T00:56:35Z,589,0,0,0,23,0,1,1,1,1785459105
2026-07-31T00:56:35Z,590,2,0,29,0,0,1,1,1,1785459357
2026-07-31T00:56:35Z,591,5,0,23,2,0,1,1,1,1785459007
2026-07-31T00:56:35Z,592,6,1,17,0,0,1,1,1,1785458940
2026-07-31T00:56:35Z,593,7,0,31,0,0,1,1,1,1785458754
2026-07-31T00:56:35Z,594,17,0,4,0,0,1,1,1,1785459245
2026-07-31T00:56:35Z,595,0,0,3,0,0,0,1,1,1784046673
2026-07-31T00:56:35Z,605,0,0,2,1,0,0,1,1,1783975843
2026-07-31T00:56:35Z,606,0,0,0,0,0,0,1,1,86400
2026-07-31T00:56:35Z,607,21,2,11,0,0,1,1,1,1785459339
2026-07-31T00:56:35Z,608,3,3,47,0,0,1,1,1,1785458144
2026-07-31T00:56:35Z,609,3,1,20,0,0,1,1,1,1785459294
2026-07-31T00:56:35Z,610,12,0,22,1,0,1,1,1,1785459059
2026-07-31T00:56:35Z,611,24,0,2,1,0,1,1,1,1785459239
2026-07-31T00:56:35Z,612,7,1,8,0,0,1,1,1,1785455780
2026-07-31T00:56:35Z,613,10,0,1,4,0,1,1,1,1785455457
2026-07-31T00:56:35Z,614,20,2,4,2,1,1,1,1,1785459157
2026-07-31T00:56:35Z,617,3,1,11,1,0,1,1,1,1785459227
2026-07-31T00:56:35Z,618,14,3,1,4,0,1,1,1,1785458110
2026-07-31T00:56:35Z,619,8,5,11,0,0,1,1,1,1785458903
2026-07-31T00:56:35Z,620,5,0,21,1,0,1,1,1,1785459365
2026-07-31T00:56:35Z,621,9,1,14,0,0,1,1,1,1785458997
2026-07-31T00:56:35Z,622,12,7,6,5,0,1,1,1,1785459389
2026-07-31T00:56:35Z,623,7,1,22,1,0,1,1,1,1785459259
2026-07-31T00:56:35Z,624,5,1,10,0,0,1,1,1,1785458538
2026-07-31T00:56:35Z,625,6,2,14,1,0,1,1,1,1785458656
2026-07-31T00:56:35Z,626,5,0,38,2,2,1,1,1,1785459083
2026-07-31T00:56:35Z,627,14,6,5,0,0,1,1,1,1785458008
2026-07-31T00:56:35Z,628,4,4,14,0,1,1,1,1,1785455145
2026-07-31T00:56:35Z,629,9,3,0,2,0,1,1,1,1785459225
2026-07-31T00:56:35Z,630,1,0,23,3,0,1,1,1,1785459320
2026-07-31T00:56:35Z,631,3,0,20,0,0,1,1,1,1785459088
2026-07-31T00:56:35Z,632,22,2,0,1,0,1,1,1,1785458363
2026-07-31T00:56:35Z,633,11,1,0,4,0,1,1,1,1785459290
2026-07-31T00:56:35Z,634,7,1,11,1,0,1,1,1,1785458397
2026-07-31T00:56:35Z,635,11,1,7,1,0,1,1,1,1785458027
2026-07-31T00:56:35Z,636,9,1,5,1,0,1,1,1,1785457377
2026-07-31T00:56:35Z,637,8,1,11,0,0,1,1,1,1785456458
2026-07-31T00:56:35Z,638,6,2,10,3,0,1,1,1,1785459295
2026-07-31T00:56:35Z,639,4,1,13,2,0,1,1,1,1785455668
2026-07-31T00:56:35Z,640,2,2,20,1,0,1,1,1,1785459343
2026-07-31T00:56:35Z,641,3,0,22,1,0,1,1,1,1785459352
2026-07-31T00:56:35Z,642,2,1,9,8,0,1,1,1,1785459387
2026-07-31T00:56:35Z,643,9,1,12,6,0,1,1,1,1785458704
2026-07-31T00:56:35Z,644,8,0,6,1,0,1,1,1,1785458309
2026-07-31T00:56:35Z,645,9,0,13,0,1,1,1,1,1785459389
2026-07-31T00:56:35Z,646,0,0,19,0,0,1,1,1,1785459291
2026-07-31T00:56:35Z,647,26,1,5,0,0,1,1,1,1785459381
2026-07-31T00:56:35Z,648,4,1,13,1,1,1,1,1,1785459366
2026-07-31T00:56:35Z,649,27,2,3,1,0,1,1,1,1785459298
2026-07-31T00:56:35Z,650,4,1,10,0,0,1,1,1,1785453435
2026-07-31T00:56:35Z,651,1,1,22,0,0,1,1,1,1785459098
2026-07-31T00:56:35Z,652,1,0,20,2,0,1,1,1,1785459312
2026-07-31T00:56:35Z,653,1,0,17,1,0,1,1,1,1785458071
2026-07-31T00:56:35Z,654,3,3,12,0,0,1,1,1,1785458495
2026-07-31T00:56:35Z,655,5,2,3,4,1,1,1,1,1785459386
2026-07-31T00:56:35Z,656,10,6,9,0,0,1,1,1,1785459185
2026-07-31T00:56:35Z,657,12,6,0,2,3,1,1,1,1785459310
2026-07-31T00:56:35Z,658,6,0,4,0,0,1,1,1,1785453591
2026-07-31T00:56:35Z,659,8,3,6,1,0,1,1,1,1785457539
2026-07-31T00:56:35Z,660,0,0,28,3,0,1,1,1,1785459284
2026-07-31T00:56:35Z,661,3,1,16,0,0,1,1,1,1785459348
2026-07-31T00:56:35Z,662,6,3,14,3,0,1,1,1,1785457616
2026-07-31T00:56:35Z,663,5,1,9,1,0,1,1,1,1785458323
2026-07-31T00:56:35Z,664,4,0,23,0,0,1,1,1,1785459199
2026-07-31T00:56:35Z,665,8,1,7,0,0,1,1,1,1785459384
2026-07-31T00:56:35Z,666,6,4,7,2,0,1,1,1,1785457342
2026-07-31T00:56:35Z,667,17,4,2,0,0,1,1,1,1785459316
2026-07-31T00:56:35Z,668,16,1,1,2,0,1,1,1,1785458932
2026-07-31T00:56:35Z,669,10,3,4,0,0,1,1,1,1785457996
2026-07-31T00:56:35Z,670,5,3,22,0,0,1,1,1,1785459290
2026-07-31T00:56:35Z,671,24,0,2,1,0,1,1,1,1785459322
2026-07-31T00:56:35Z,672,6,1,13,3,1,1,1,1,1785458349
2026-07-31T00:56:35Z,673,2,0,20,1,0,1,1,1,1785459045
2026-07-31T00:56:35Z,674,4,3,15,4,0,1,1,1,1785459184
2026-07-31T00:56:35Z,675,4,0,9,2,0,1,1,1,1785458912
2026-07-31T00:56:35Z,676,12,2,10,0,0,1,1,1,1785458511
2026-07-31T00:56:35Z,681,2,2,11,2,0,1,1,1,1785459379
2026-07-31T00:56:35Z,682,4,1,14,1,0,1,1,1,1785387864
2026-07-31T00:56:35Z,683,4,1,15,0,0,1,1,1,1785459218
2026-07-31T00:56:35Z,684,2,0,25,0,0,1,1,1,1785456431
2026-07-31T00:56:35Z,685,5,0,20,1,1,1,1,1,1785455460
2026-07-31T00:56:35Z,686,11,0,14,1,1,1,1,1,1785459110
2026-07-31T00:56:35Z,687,13,0,16,1,1,1,1,1,1785459312
2026-07-31T00:56:35Z,688,9,1,3,7,0,1,1,1,1785459389
2026-07-31T00:56:35Z,692,0,0,21,0,0,1,1,1,1785458565
2026-07-31T00:56:35Z,693,7,0,1,3,0,1,1,1,1785458209
2026-07-31T00:56:35Z,694,8,5,12,1,0,1,1,1,1785457882
2026-07-31T00:56:35Z,695,10,4,13,0,0,1,1,1,1785459212
2026-07-31T00:56:35Z,696,17,10,6,0,0,1,1,1,1785457872
2026-07-31T00:56:35Z,697,19,0,4,0,0,1,1,1,1785459361
2026-07-31T00:56:35Z,698,24,2,3,0,0,1,1,1,1785459241
2026-07-31T00:56:35Z,699,6,0,8,1,0,1,1,1,1785459001
2026-07-31T00:56:35Z,700,15,2,4,0,0,1,1,1,1785459166
2026-07-31T00:56:35Z,701,11,4,7,1,0,1,1,1,1785459144
2026-07-31T00:56:35Z,702,0,0,23,0,0,1,1,1,1785458559
2026-07-31T00:56:35Z,704,5,1,10,0,0,1,1,1,1785459216
2026-07-31T00:56:35Z,705,4,4,10,1,0,1,1,1,1785458682
2026-07-31T00:56:35Z,706,11,1,1,3,0,1,1,1,1785457961
2026-07-31T00:56:35Z,707,3,1,10,2,0,1,1,1,1785459167
2026-07-31T00:56:35Z,708,14,0,5,0,0,1,1,1,1785459326
2026-07-31T00:56:35Z,709,3,0,8,4,0,1,1,1,1785459262
2026-07-31T00:56:35Z,710,8,0,11,0,0,1,1,1,1785459078
2026-07-31T00:56:35Z,711,10,3,10,3,0,1,1,1,1785458874
2026-07-31T00:56:35Z,712,7,2,8,0,0,1,1,1,1785459004
2026-07-31T00:56:35Z,713,0,0,23,0,0,1,1,1,1785459023
2026-07-31T00:56:35Z,716,2,1,13,0,0,1,1,1,1785458318
2026-07-31T00:56:35Z,717,3,0,19,3,0,1,1,1,1785458614
2026-07-31T00:56:35Z,718,3,1,11,1,0,1,1,1,1785459369
2026-07-31T00:56:35Z,719,3,1,26,0,0,1,1,1,1785459317
2026-07-31T00:56:35Z,720,2,1,17,0,0,1,1,1,1785458623
2026-07-31T00:56:35Z,721,3,0,18,2,0,1,1,1,1785459358
2026-07-31T00:56:35Z,722,2,0,13,0,0,1,1,1,1785458369
2026-07-31T00:56:35Z,723,12,2,11,0,0,1,1,1,1785458319
2026-07-31T00:56:35Z,724,16,5,6,1,0,1,1,1,1785459180
2026-07-31T00:56:35Z,725,5,0,18,0,0,1,1,1,1785459067
2026-07-31T00:56:35Z,726,10,2,9,0,0,1,1,1,1785459321
2026-07-31T00:56:35Z,727,9,4,12,2,0,1,1,1,1785459299
2026-07-31T00:56:35Z,728,10,1,5,0,0,1,1,1,1785458931
2026-07-31T00:56:35Z,729,12,2,7,0,0,1,1,1,1785459360
2026-07-31T00:56:35Z,730,1,1,12,2,0,1,1,1,1785457984
2026-07-31T00:56:35Z,731,10,2,5,0,0,1,1,1,1785458613
2026-07-31T00:56:35Z,732,6,4,9,0,0,1,1,1,1785458992
2026-07-31T00:56:35Z,733,24,0,1,2,0,1,1,1,1785458746
2026-07-31T00:56:35Z,734,3,1,11,0,0,1,1,1,1785458936
2026-07-31T00:56:35Z,735,0,0,27,0,0,1,1,1,1785458453
2026-07-31T00:56:35Z,736,3,0,16,0,0,1,1,1,1785459042
2026-07-31T00:56:35Z,737,2,0,10,2,1,1,1,1,1785458977
2026-07-31T00:56:35Z,738,10,0,7,2,0,1,1,1,1785459360
2026-07-31T00:56:35Z,739,18,2,8,1,0,1,1,1,1785458543
2026-07-31T00:56:35Z,741,5,0,18,0,0,1,1,1,1785458923
2026-07-31T00:56:35Z,742,18,7,14,3,0,1,1,1,1785459390
2026-07-31T00:56:35Z,743,2,1,16,1,0,1,1,1,1785458913
2026-07-31T00:56:35Z,744,5,1,9,1,0,1,1,1,1785459321
2026-07-31T00:56:35Z,745,15,4,3,1,0,1,1,1,1785459297
2026-07-31T00:56:35Z,746,5,1,15,3,0,1,1,1,1785459192
2026-07-31T00:56:35Z,747,0,0,4,0,0,0,1,1,1783446606
2026-07-31T00:56:35Z,748,10,1,13,0,0,1,1,1,1785458213
2026-07-31T00:56:35Z,749,3,0,20,0,0,1,1,1,1785459389
2026-07-31T00:56:35Z,750,5,4,5,1,0,1,1,1,1785459129
2026-07-31T00:56:35Z,751,4,4,18,1,0,1,1,1,1785459082
2026-07-31T00:56:35Z,752,7,0,9,1,0,1,1,1,1785458899
2026-07-31T00:56:35Z,753,7,3,8,0,0,1,1,1,1785459300
2026-07-31T00:56:35Z,754,3,1,11,1,0,1,1,1,1785459336
2026-07-31T00:56:35Z,755,1,0,21,1,0,1,1,1,1785458968
2026-07-31T00:56:35Z,756,0,0,35,2,0,1,1,1,1785458794
2026-07-31T00:56:35Z,757,0,0,19,0,0,1,1,1,1785459284
2026-07-31T00:56:35Z,758,14,13,9,0,0,1,1,1,1785459155
2026-07-31T00:56:35Z,759,5,3,10,0,0,1,1,1,1785457624
2026-07-31T00:56:35Z,760,6,2,12,1,0,1,1,1,1785456620
2026-07-31T00:56:35Z,761,7,1,16,0,0,1,1,1,1785458696
2026-07-31T00:56:35Z,762,6,4,5,4,0,1,1,1,1785458518
2026-07-31T00:56:35Z,768,9,0,8,2,0,1,1,1,1785457742
2026-07-31T00:56:35Z,769,17,7,2,0,0,1,1,1,1785459385
2026-07-31T00:56:35Z,770,10,2,7,2,0,1,1,1,1785459087
2026-07-31T00:56:35Z,771,13,3,1,1,0,1,1,1,1785458502
2026-07-31T00:56:35Z,772,3,2,12,0,0,1,1,1,1785459180
2026-07-31T00:56:35Z,773,6,4,13,0,0,1,1,1,1785459282
2026-07-31T00:56:35Z,774,3,2,9,3,0,1,1,1,1785458950
2026-07-31T00:56:35Z,775,4,0,13,1,1,1,1,1,1785457708
2026-07-31T00:56:35Z,776,3,1,17,1,0,1,1,1,1785459256
2026-07-31T00:56:35Z,777,8,0,4,3,0,1,1,1,1785459039
2026-07-31T00:56:35Z,778,13,0,3,3,0,1,1,1,1785459286
2026-07-31T00:56:35Z,779,8,1,10,1,0,1,1,1,1785457863
2026-07-31T00:56:35Z,780,9,1,9,1,0,1,1,1,1785459367
2026-07-31T00:56:35Z,781,2,0,7,2,0,1,1,1,1785458114
2026-07-31T00:56:35Z,782,3,1,13,3,0,1,1,1,1785458853
2026-07-31T00:56:35Z,783,4,0,15,0,0,1,1,1,1785458112
2026-07-31T00:56:35Z,784,6,1,10,3,0,1,1,1,1785458901
2026-07-31T00:56:35Z,785,9,0,4,6,0,1,1,1,1785458263
2026-07-31T00:56:35Z,786,8,2,11,0,0,1,1,1,1785457888
2026-07-31T00:56:35Z,787,9,5,4,2,0,1,1,1,1785459384
2026-07-31T00:56:35Z,788,4,0,11,0,0,1,1,1,1785458603
2026-07-31T00:56:35Z,789,5,2,6,4,0,1,1,1,1785458858
2026-07-31T00:56:35Z,790,8,0,14,1,0,1,1,1,1785459289
2026-07-31T00:56:35Z,791,7,1,11,0,1,1,1,1,1785459252
2026-07-31T00:56:35Z,793,4,0,10,1,0,1,1,1,1785459015
2026-07-31T00:56:35Z,794,10,2,18,1,0,1,1,1,1785459351
2026-07-31T00:56:35Z,796,6,3,12,1,0,1,1,1,1785458744
2026-07-31T00:56:35Z,797,3,0,12,0,0,1,1,1,1785459301
2026-07-31T00:56:35Z,798,8,0,16,1,0,1,1,1,1785459326
2026-07-31T00:56:35Z,799,11,3,4,4,0,1,1,1,1785458712
2026-07-31T00:56:35Z,800,14,2,6,1,0,1,1,1,1785459312
2026-07-31T00:56:35Z,801,2,0,18,1,0,1,1,1,1785459310
2026-07-31T00:56:35Z,802,12,1,19,0,0,1,1,1,1785458784
2026-07-31T00:56:35Z,803,0,0,14,1,0,1,1,1,1785458569
2026-07-31T00:56:35Z,806,6,6,9,0,0,1,1,1,1785459060
2026-07-31T00:56:35Z,807,1,1,23,1,0,1,1,1,1785459318
2026-07-31T00:56:35Z,808,4,0,19,2,0,1,1,1,1785459389
2026-07-31T00:56:35Z,809,5,1,17,1,0,1,1,1,1785458693
2026-07-31T00:56:35Z,810,2,0,13,4,0,1,1,1,1785459117
2026-07-31T00:56:35Z,815,9,1,1,4,1,1,1,1,1785459249
2026-07-31T00:56:35Z,817,8,4,7,0,0,1,1,1,1785458078
2026-07-31T00:56:35Z,818,5,0,17,1,0,1,1,1,1785459217
2026-07-31T00:56:35Z,819,6,4,9,0,0,1,1,1,1785455226
2026-07-31T00:56:35Z,820,7,1,10,0,0,1,1,1,1785458222
2026-07-31T00:56:35Z,821,2,2,13,0,0,1,1,1,1785458964
2026-07-31T00:56:35Z,822,19,2,2,2,0,1,1,1,1785459387
2026-07-31T00:56:35Z,823,11,0,3,1,0,1,1,1,1785458526
2026-07-31T00:56:35Z,824,15,3,3,1,0,1,1,1,1785459359
2026-07-31T00:56:35Z,825,9,5,6,0,0,1,1,1,1785457432
2026-07-31T00:56:35Z,826,4,1,14,1,0,1,1,1,1785457818
2026-07-31T00:56:35Z,827,14,5,6,1,0,1,1,1,1785459309
2026-07-31T00:56:35Z,828,7,2,9,2,0,1,1,1,1785459383
2026-07-31T00:56:35Z,829,14,6,13,0,0,1,1,1,1785459115
2026-07-31T00:56:35Z,830,14,0,8,1,0,1,1,1,1785459325
2026-07-31T00:56:35Z,831,4,3,10,1,0,1,1,1,1785458408
2026-07-31T00:56:35Z,832,11,4,4,3,0,1,1,1,1785458943
2026-07-31T00:56:35Z,833,1,1,17,1,0,1,1,1,1785459059
2026-07-31T00:56:35Z,834,1,0,20,3,0,1,1,1,1785459308
2026-07-31T00:56:35Z,835,6,2,10,2,0,1,1,1,1785459122
2026-07-31T00:56:35Z,837,5,1,0,10,0,1,1,1,1785458604
2026-07-31T00:56:35Z,838,10,0,4,1,0,1,1,1,1785459114
2026-07-31T00:56:35Z,839,29,0,0,0,0,1,1,1,1785459111
2026-07-31T00:56:35Z,840,3,0,24,2,0,1,1,1,1785459385
2026-07-31T00:56:35Z,841,7,0,8,0,0,1,1,1,1785459390
2026-07-31T00:56:35Z,842,6,1,17,0,0,1,1,1,1785458105
2026-07-31T00:56:35Z,843,9,0,21,1,0,1,1,1,1785458237
2026-07-31T00:56:35Z,844,6,1,17,0,0,1,1,1,1785458155
2026-07-31T00:56:35Z,845,5,3,12,2,0,1,1,1,1785458516
2026-07-31T00:56:35Z,846,5,1,12,2,0,1,1,1,1785457653
2026-07-31T00:56:35Z,847,4,1,23,0,0,1,1,1,1785459169
2026-07-31T00:56:35Z,848,6,0,12,1,0,1,1,1,1785459196
2026-07-31T00:56:35Z,849,9,3,6,0,0,1,1,1,1785459339
2026-07-31T00:56:35Z,850,9,0,1,1,0,1,1,1,1785457726
2026-07-31T00:56:35Z,851,0,0,35,2,0,1,1,1,1785459264
2026-07-31T00:56:35Z,852,9,3,9,1,0,1,1,1,1785458259
2026-07-31T00:56:35Z,853,9,4,14,0,0,1,1,1,1785459062
2026-07-31T00:56:35Z,854,2,2,13,0,0,1,1,1,1785459209
2026-07-31T00:56:35Z,855,15,2,12,0,0,1,1,1,1785459254
2026-07-31T00:56:35Z,857,3,3,15,1,0,1,1,1,1785458665
2026-07-31T00:56:35Z,858,4,1,14,1,0,1,1,1,1785458865
2026-07-31T00:56:35Z,859,3,0,17,1,0,1,1,1,1785459115
2026-07-31T00:56:35Z,861,8,1,2,1,0,1,1,1,1785455675
2026-07-31T00:56:35Z,862,1,1,14,0,0,1,1,1,1785458430
2026-07-31T00:56:35Z,863,11,0,7,1,0,1,1,1,1785458591
2026-07-31T00:56:35Z,866,6,0,12,1,0,1,1,1,1785458669
2026-07-31T00:56:35Z,867,12,0,3,0,0,1,1,1,1785458052
2026-07-31T00:56:35Z,868,13,2,2,0,0,1,1,1,1785458222
2026-07-31T00:56:35Z,870,7,5,7,1,0,1,1,1,1785458436
2026-07-31T00:56:35Z,871,0,0,10,1,0,1,1,1,1785457857
2026-07-31T00:56:35Z,872,0,0,14,1,0,1,1,1,1785458367
2026-07-31T00:56:35Z,873,0,0,32,1,0,1,1,1,1785458202
2026-07-31T00:56:35Z,874,2,0,10,3,0,1,1,1,1785459226
2026-07-31T00:56:35Z,875,15,11,0,0,0,1,1,1,1785459377
2026-07-31T00:56:35Z,877,12,11,6,1,0,1,1,1,1785457905
2026-07-31T00:56:35Z,878,4,4,14,1,0,1,1,1,1785458562
2026-07-31T00:56:35Z,879,2,0,17,0,0,1,1,1,1785459369
2026-07-31T00:56:35Z,880,3,0,19,1,0,1,1,1,1785459375
2026-07-31T00:56:35Z,881,3,0,16,0,0,1,1,1,1785458350
2026-07-31T00:56:35Z,882,11,0,6,2,0,1,1,1,1785457778
2026-07-31T00:56:35Z,883,10,6,9,0,0,1,1,1,1785458663
2026-07-31T00:56:35Z,884,11,7,10,0,0,1,1,1,1785457881
2026-07-31T00:56:35Z,885,1,0,18,0,0,1,1,1,1785458221
2026-07-31T00:56:35Z,886,0,0,28,1,0,1,1,1,1785458924
2026-07-31T00:56:35Z,887,0,0,14,3,0,1,1,1,1785458985
2026-07-31T00:56:35Z,888,8,0,31,2,0,1,1,1,1785459205
2026-07-31T00:56:35Z,889,8,0,9,2,0,1,1,1,1785459353
2026-07-31T00:56:35Z,890,4,1,10,1,0,1,1,1,1785455867
2026-07-31T00:56:35Z,891,12,0,10,1,0,1,1,1,1785459362
2026-07-31T00:56:35Z,892,12,1,3,0,0,1,1,1,1785456450
2026-07-31T00:56:35Z,895,1,0,17,1,0,1,1,1,1785449127
2026-07-31T00:56:35Z,896,20,3,15,0,0,1,1,1,1785459025
2026-07-31T00:56:35Z,897,9,1,12,0,0,1,1,1,1785459107
2026-07-31T00:56:35Z,898,1,0,18,0,0,1,1,1,1785459329
2026-07-31T00:56:35Z,899,19,2,0,0,0,1,1,1,1785459261
2026-07-31T00:56:35Z,900,22,1,5,0,0,1,1,1,1785459336
2026-07-31T00:56:35Z,901,17,1,1,1,0,1,1,1,1785459140
2026-07-31T00:56:35Z,902,12,1,2,1,0,1,1,1,1785458645
2026-07-31T00:56:35Z,903,6,0,13,0,0,1,1,1,1785459261
2026-07-31T00:56:35Z,904,11,5,8,0,0,1,1,1,1785458524
2026-07-31T00:56:35Z,905,3,2,24,0,0,1,1,1,1785459239
2026-07-31T00:56:35Z,906,13,11,14,0,0,1,1,1,1785459295
2026-07-31T00:56:35Z,907,30,5,0,1,0,1,1,1,1785459337
2026-07-31T00:56:35Z,908,7,2,16,0,0,1,1,1,1785458485
2026-07-31T00:56:35Z,909,6,5,17,0,0,1,1,1,1785459304
2026-07-31T00:56:35Z,910,19,0,12,0,0,1,1,1,1785458910
2026-07-31T00:56:35Z,911,9,0,10,0,0,1,1,1,1785458079
2026-07-31T00:56:35Z,912,7,2,13,3,0,1,1,1,1785459038
2026-07-31T00:56:35Z,913,5,2,14,0,0,1,1,1,1785459042
2026-07-31T00:56:35Z,914,9,1,10,0,0,1,1,1,1785459101
2026-07-31T00:56:35Z,915,18,1,4,1,0,1,1,1,1785459325
2026-07-31T00:56:35Z,916,2,0,21,0,0,1,1,1,1785458717
2026-07-31T00:56:35Z,917,32,2,1,2,0,1,1,1,1785459321
2026-07-31T00:56:35Z,918,3,2,14,2,0,1,1,1,1785459319
2026-07-31T00:56:35Z,919,2,0,35,2,0,1,1,1,1785459237
2026-07-31T00:56:35Z,920,3,1,16,0,0,1,1,1,1785458891
2026-07-31T00:56:35Z,921,16,0,5,0,0,1,1,1,1785458397
2026-07-31T00:56:35Z,922,1,0,20,0,0,1,1,1,1785459151
2026-07-31T00:56:35Z,923,11,10,7,1,0,1,1,1,1785458968
2026-07-31T00:56:35Z,924,8,0,13,0,0,1,1,1,1785459208
2026-07-31T00:56:35Z,925,16,2,5,0,0,1,1,1,1785458641
2026-07-31T00:56:35Z,926,1,1,20,0,0,1,1,1,1785458819
2026-07-31T00:56:35Z,927,25,1,10,0,0,1,1,1,1785459173
2026-07-31T00:56:35Z,928,13,0,6,0,0,1,1,1,1785459263
2026-07-31T00:56:35Z,929,4,2,19,0,0,1,1,1,1785459295
2026-07-31T00:56:35Z,930,2,0,28,1,0,1,1,1,1785458664
2026-07-31T00:56:35Z,931,0,0,23,0,0,1,1,1,1785458711
2026-07-31T00:56:35Z,932,15,0,0,4,0,1,1,1,1785459099
2026-07-31T00:56:35Z,933,22,2,0,1,0,1,1,1,1785459322
2026-07-31T00:56:35Z,934,1,0,29,1,0,1,1,1,1785459388
2026-07-31T00:56:35Z,935,7,0,10,2,0,1,1,1,1785459375
2026-07-31T00:56:35Z,936,4,1,15,0,0,1,1,1,1785456801
2026-07-31T00:56:35Z,940,11,3,0,0,0,1,1,1,1785458580
2026-07-31T00:56:35Z,941,5,0,18,2,0,1,1,1,1785459332
2026-07-31T00:56:35Z,942,15,3,6,0,0,1,1,1,1785459303
2026-07-31T00:56:35Z,943,8,8,7,0,0,1,1,1,1785458498
2026-07-31T00:56:35Z,944,9,8,6,0,0,1,1,1,1785458289
2026-07-31T00:56:35Z,945,10,8,5,0,0,1,1,1,1785457797
2026-07-31T00:56:35Z,946,7,5,12,0,0,1,1,1,1785424152
2026-07-31T00:56:35Z,947,7,5,10,0,0,1,1,1,1785459029
2026-07-31T00:56:35Z,948,0,0,27,4,0,1,1,1,1785458708
2026-07-31T00:56:35Z,949,0,0,15,0,0,1,1,1,1785458411
2026-07-31T00:56:35Z,950,4,1,12,1,0,1,1,1,1785459301
2026-07-31T00:56:35Z,951,7,0,15,1,0,1,1,1,1785459230
2026-07-31T00:56:35Z,952,27,2,27,1,0,1,1,1,1785459382
2026-07-31T00:56:35Z,953,15,1,0,0,0,1,1,1,1785459390
2026-07-31T00:56:35Z,954,15,0,4,0,0,1,1,1,1785458389
2026-07-31T00:56:35Z,955,0,0,22,5,0,1,1,1,1785459134
2026-07-31T00:56:35Z,956,13,0,9,1,0,1,1,1,1785459290
2026-07-31T00:56:35Z,957,16,1,12,1,0,1,1,1,1785459105
2026-07-31T00:56:35Z,958,22,0,9,0,0,1,1,1,1785459228
2026-07-31T00:56:35Z,959,16,4,6,1,0,1,1,1,1785459351
2026-07-31T00:56:35Z,960,16,9,6,1,0,1,1,1,1785459351
2026-07-31T00:56:35Z,961,1,1,19,3,0,1,1,1,1785459024
2026-07-31T00:56:35Z,962,3,0,29,3,0,1,1,1,1785459140
2026-07-31T00:56:35Z,963,8,0,14,1,0,1,1,1,1785458812
2026-07-31T00:56:35Z,964,3,3,19,1,0,1,1,1,1785458922
2026-07-31T00:56:35Z,965,4,1,22,1,0,1,1,1,1785459346
2026-07-31T00:56:35Z,966,12,0,19,0,0,1,1,1,1785459249
2026-07-31T00:56:35Z,967,2,0,18,1,0,1,1,1,1785459385
2026-07-31T00:56:35Z,968,1,1,18,0,0,1,1,1,1785459175
2026-07-31T00:56:35Z,969,5,5,20,2,0,1,1,1,1785459122
2026-07-31T00:56:35Z,970,9,3,9,1,0,1,1,1,1785459244
2026-07-31T00:56:35Z,971,21,0,1,1,0,1,1,1,1785459095
2026-07-31T00:56:35Z,972,6,0,16,1,0,1,1,1,1785458206
2026-07-31T00:56:35Z,973,7,5,15,1,0,1,1,1,1785459360
2026-07-31T00:56:35Z,974,13,0,14,0,0,1,1,1,1785459389
2026-07-31T00:56:35Z,977,5,3,12,4,0,1,1,1,1785459164
2026-07-31T00:56:35Z,978,12,3,10,1,0,1,1,1,1785459339
2026-07-31T00:56:35Z,979,1,0,16,0,0,1,1,1,1785459212
2026-07-31T00:56:35Z,980,3,0,17,1,0,1,1,1,1785459337
2026-07-31T00:56:35Z,981,3,0,17,1,0,1,1,1,1785459339
2026-07-31T00:56:35Z,982,3,1,14,2,0,1,1,1,1785458309
2026-07-31T00:56:35Z,983,1,1,21,1,0,1,1,1,1785458908
2026-07-31T00:56:35Z,984,5,0,18,0,0,1,1,1,1785457776
2026-07-31T00:56:35Z,985,25,0,6,0,0,1,1,1,1785459332
2026-07-31T00:56:35Z,986,2,0,17,0,0,1,1,1,1785458306
2026-07-31T00:56:35Z,987,5,0,17,1,0,1,1,1,1785458814
2026-07-31T00:56:35Z,988,6,2,12,1,0,1,1,1,1785458597
2026-07-31T00:56:35Z,989,8,4,11,0,0,1,1,1,1785459261
2026-07-31T00:56:35Z,990,13,1,0,2,0,1,1,1,1785458537
2026-07-31T00:56:35Z,991,8,1,10,1,0,1,1,1,1785458140
2026-07-31T00:56:35Z,992,8,6,14,1,0,1,1,1,1785459005
2026-07-31T00:56:35Z,993,1,0,26,0,0,1,1,1,1785458205
2026-07-31T00:56:35Z,994,1,1,20,0,0,1,1,1,1785459304
2026-07-31T00:56:35Z,995,7,0,20,0,0,1,1,1,1785458422
2026-07-31T00:56:35Z,996,9,1,14,0,0,1,1,1,1785458241
2026-07-31T00:56:35Z,997,10,4,11,2,0,1,1,1,1785459237
2026-07-31T00:56:35Z,998,4,2,18,1,0,1,1,1,1785458847
2026-07-31T00:56:35Z,999,4,2,15,1,1,1,1,1,1785458356
2026-07-31T00:56:35Z,1000,2,0,19,0,0,1,1,1,1785459152
2026-07-31T00:56:35Z,1001,1,0,26,0,0,1,1,1,1785458563
2026-07-31T00:56:35Z,1002,0,0,27,4,0,1,1,1,1785458530
2026-07-31T00:56:35Z,1003,0,0,23,0,0,1,1,1,1785458220
2026-07-31T00:56:35Z,1004,5,0,18,0,0,1,1,1,1785457654
2026-07-31T00:56:35Z,1005,20,1,3,0,0,1,1,1,1785458405
2026-07-31T00:56:35Z,1006,7,4,11,1,0,1,1,1,1785458261
2026-07-31T00:56:35Z,1007,5,2,16,0,0,1,1,1,1785458603
2026-07-31T00:56:35Z,1008,6,5,15,2,0,1,1,1,1785459178
2026-07-31T00:56:35Z,1009,21,4,8,2,0,1,1,1,1785459060
2026-07-31T00:56:35Z,1010,7,2,20,0,0,1,1,1,1785458048
2026-07-31T00:56:35Z,1011,6,1,11,2,0,1,1,1,1785458641
2026-07-31T00:56:35Z,1012,4,3,18,1,0,1,1,1,1785458171
2026-07-31T00:56:35Z,1013,3,1,19,1,0,1,1,1,1785458920
2026-07-31T00:56:35Z,1014,7,3,14,2,0,1,1,1,1785458681
2026-07-31T00:56:35Z,1015,4,3,25,2,0,1,1,1,1785459346
2026-07-31T00:56:35Z,1016,10,5,21,0,0,1,1,1,1785457967
2026-07-31T00:56:35Z,1017,14,5,7,0,0,1,1,1,1785457584
2026-07-31T00:56:35Z,1018,8,2,14,0,0,1,1,1,1785458261
2026-07-31T00:56:35Z,1019,7,5,8,0,0,1,1,1,1785458237
2026-07-31T00:56:35Z,1020,18,3,3,0,0,1,1,1,1785459278
2026-07-31T00:56:35Z,1021,8,3,6,1,0,1,1,1,1785459043
2026-07-31T00:56:35Z,1022,14,0,13,0,0,1,1,1,1785458323
2026-07-31T00:56:35Z,1023,12,1,10,1,0,1,1,1,1785457988
2026-07-31T00:56:35Z,1024,6,3,13,0,0,1,1,1,1785459017
2026-07-31T00:56:35Z,1025,4,0,14,0,1,1,1,1,1785459102
2026-07-31T00:56:35Z,1026,8,4,18,5,0,1,1,1,1785459220
2026-07-31T00:56:35Z,1028,2,0,20,1,0,1,1,1,1785458353
2026-07-31T00:56:35Z,1029,10,9,5,0,0,1,1,1,1785459328
2026-07-31T00:56:35Z,1030,13,5,10,0,0,1,1,1,1785459022
2026-07-31T00:56:35Z,1031,10,0,9,0,0,1,1,1,1785457747
2026-07-31T00:56:35Z,1032,7,1,12,0,0,1,1,1,1785458274
2026-07-31T00:56:35Z,1033,8,5,10,1,0,1,1,1,1785459079
2026-07-31T00:56:35Z,1034,1,0,14,0,0,1,1,1,1785458322
2026-07-31T00:56:35Z,1035,3,0,15,1,0,1,1,1,1785458790
2026-07-31T00:56:35Z,1036,15,1,0,0,0,1,1,1,1785458892
2026-07-31T00:56:35Z,1037,4,1,14,1,0,1,1,1,1785458714
2026-07-31T00:56:35Z,1038,3,1,11,1,0,1,1,1,1785458020
2026-07-31T00:56:35Z,1039,4,2,15,0,0,1,1,1,1785458429
2026-07-31T00:56:35Z,1040,9,4,9,1,0,1,1,1,1785458304
2026-07-31T00:56:35Z,1041,8,2,9,2,0,1,1,1,1785458973
2026-07-31T00:56:35Z,1042,12,0,1,2,0,1,1,1,1785458450
2026-07-31T00:56:35Z,1043,10,1,7,2,0,1,1,1,1785458345
2026-07-31T00:56:35Z,1044,2,1,13,0,0,1,1,1,1785458073
2026-07-31T00:56:35Z,1045,10,0,9,0,0,1,1,1,1785458264
2026-07-31T00:56:35Z,1046,8,0,7,0,0,1,1,1,1785458888
2026-07-31T00:56:35Z,1047,3,0,18,0,0,1,1,1,1785459011
2026-07-31T00:56:35Z,1048,6,1,13,0,0,1,1,1,1785458628
2026-07-31T00:56:35Z,1049,2,0,19,0,0,1,1,1,1785458266
2026-07-31T00:56:35Z,1050,17,5,4,0,0,1,1,1,1785459362
2026-07-31T00:56:35Z,1051,7,3,14,0,0,1,1,1,1785459276
2026-07-31T00:56:35Z,1052,17,2,5,0,0,1,1,1,1785458079
2026-07-31T00:56:35Z,1053,1,1,14,0,0,1,1,1,1785458196
2026-07-31T00:56:35Z,1054,14,1,1,0,0,1,1,1,1785458440
2026-07-31T00:56:35Z,1055,6,1,13,0,0,1,1,1,1785458400
2026-07-31T00:56:35Z,1057,8,1,11,0,0,1,1,1,1785459307
2026-07-31T00:56:35Z,1058,51,0,3,2,0,1,1,1,1785459341
2026-07-31T00:56:35Z,1059,3,0,14,2,0,1,1,1,1785458331
2026-07-31T00:56:35Z,1060,5,1,32,0,0,1,1,1,1785458892
2026-07-31T00:56:35Z,1061,10,2,27,0,0,1,1,1,1785459053
2026-07-31T00:56:35Z,1062,16,3,1,0,0,1,1,1,1785458830
2026-07-31T00:56:35Z,1063,12,1,6,1,0,1,1,1,1785458320
2026-07-31T00:56:35Z,1064,6,2,16,1,0,1,1,1,1785458593
2026-07-31T00:56:35Z,1065,15,3,8,0,0,1,1,1,1785458855
2026-07-31T00:56:35Z,1066,11,2,12,0,0,1,1,1,1785458813
2026-07-31T00:56:35Z,1067,7,1,15,1,0,1,1,1,1785458949
2026-07-31T00:56:35Z,1068,8,2,13,2,0,1,1,1,1785458405
2026-07-31T00:56:35Z,1069,12,3,11,0,0,1,1,1,1785458490
2026-07-31T00:56:35Z,1070,11,2,12,0,0,1,1,1,1785458583
2026-07-31T00:56:35Z,1071,7,4,16,0,0,1,1,1,1785458623
2026-07-31T00:56:35Z,1072,11,1,11,1,0,1,1,1,1785458933
2026-07-31T00:56:35Z,1073,10,3,15,2,0,1,1,1,1785459298
2026-07-31T00:56:35Z,1074,52,0,1,0,0,1,1,1,1785459364
2026-07-31T00:56:35Z,1075,9,8,12,0,0,1,1,1,1785457993
2026-07-31T00:56:35Z,1076,13,11,8,0,0,1,1,1,1785459241
2026-07-31T00:56:35Z,1077,8,5,13,0,0,1,1,1,1785458201
2026-07-31T00:56:35Z,1078,13,10,8,0,0,1,1,1,1785459286
2026-07-31T00:56:35Z,1079,12,9,9,0,0,1,1,1,1785458109
2026-07-31T00:56:35Z,1080,9,7,11,1,0,1,1,1,1785458702
2026-07-31T00:56:35Z,1081,14,9,5,0,0,1,1,1,1785459139
2026-07-31T00:56:35Z,1082,4,4,4,0,0,1,1,1,1785458712
2026-07-31T00:56:35Z,1083,12,10,9,0,0,1,1,1,1785458357
2026-07-31T00:56:35Z,1084,8,7,13,0,0,1,1,1,1785457992
2026-07-31T00:56:35Z,1085,10,10,11,0,0,1,1,1,1785457576
2026-07-31T00:56:35Z,1086,8,7,12,1,0,1,1,1,1785458302
2026-07-31T00:56:35Z,1087,8,7,7,0,0,1,1,1,1785459391
2026-07-31T00:56:35Z,1088,10,7,5,0,0,1,1,1,1785458326
2026-07-31T00:56:35Z,1089,6,4,9,0,0,1,1,1,1785458702
2026-07-31T00:56:35Z,1090,8,7,7,0,0,1,1,1,1785459225
2026-07-31T00:56:35Z,1091,10,5,5,0,0,1,1,1,1785459135
2026-07-31T00:56:35Z,1092,9,9,5,1,0,1,1,1,1785458679
2026-07-31T00:56:35Z,1093,7,6,8,0,0,1,1,1,1785459049
2026-07-31T00:56:35Z,1094,10,8,8,1,0,1,1,1,1785458301
2026-07-31T00:56:35Z,1095,9,8,6,0,0,1,1,1,1785459013
2026-07-31T00:56:35Z,1096,6,3,12,1,0,1,1,1,1785458638
2026-07-31T00:56:35Z,1097,10,10,5,0,0,1,1,1,1785459310
2026-07-31T00:56:35Z,1098,9,7,10,0,0,1,1,1,1785459178
2026-07-31T00:56:35Z,1099,7,6,8,0,0,1,1,1,1785458111
2026-07-31T00:56:35Z,1100,5,1,24,0,0,1,1,1,1785452920
2026-07-31T00:56:35Z,1101,10,5,11,0,0,1,1,1,1785457979
2026-07-31T00:56:35Z,1102,9,4,4,0,0,1,1,1,1785459144
2026-07-31T00:56:35Z,1103,10,5,11,0,0,1,1,1,1785458054
2026-07-31T00:56:35Z,1104,10,5,11,0,0,1,1,1,1785457729
2026-07-31T00:56:35Z,1105,7,3,6,0,0,1,1,1,1785459038
2026-07-31T00:56:35Z,1106,13,7,8,0,0,1,1,1,1785458063
2026-07-31T00:56:35Z,1107,9,5,6,0,0,1,1,1,1785458414
2026-07-31T00:56:35Z,1108,8,3,16,3,0,1,1,1,1785458803
2026-07-31T00:56:35Z,1109,5,3,10,0,0,1,1,1,1785458377
2026-07-31T00:56:35Z,1110,8,0,13,0,0,1,1,1,1785457609
2026-07-31T00:56:35Z,1111,2,0,19,0,0,1,1,1,1785458157
2026-07-31T00:56:35Z,1112,47,0,6,0,0,1,1,1,1785459015
2026-07-31T00:56:35Z,1113,0,0,21,0,0,1,1,1,1785458406
2026-07-31T00:56:35Z,1115,20,7,2,1,0,1,1,1,1785458749
2026-07-31T00:56:35Z,1116,4,1,15,0,0,1,1,1,1785458291
2026-07-31T00:56:35Z,1117,1,0,22,0,0,1,1,1,1785459078
2026-07-31T00:56:35Z,1118,14,1,7,0,0,1,1,1,1785459339
2026-07-31T00:56:35Z,1119,12,1,5,0,0,1,1,1,1785459322
2026-07-31T00:56:35Z,1120,14,2,4,1,0,1,1,1,1785458404
2026-07-31T00:56:35Z,1121,7,4,12,2,0,1,1,1,1785458686
2026-07-31T00:56:35Z,1122,16,9,3,2,0,1,1,1,1785459324
2026-07-31T00:56:35Z,1123,4,0,17,2,0,1,1,1,1785457925
2026-07-31T00:56:35Z,1124,9,1,2,4,0,1,1,1,1785459320
2026-07-31T00:56:35Z,1125,14,0,9,0,0,1,1,1,1785458542
2026-07-31T00:56:35Z,1126,9,5,10,2,0,1,1,1,1785459389
2026-07-31T00:56:35Z,1127,7,2,11,1,0,1,1,1,1785458833
2026-07-31T00:56:35Z,1128,9,0,5,1,0,1,1,1,1785458322
2026-07-31T00:56:35Z,1129,4,0,17,0,0,1,1,1,1785458999
2026-07-31T00:56:35Z,1130,8,0,7,0,0,1,1,1,1785459262
2026-07-31T00:56:35Z,1131,1,0,47,1,0,1,1,1,1785459279
2026-07-31T00:56:35Z,1132,13,5,7,1,0,1,1,1,1785458079
2026-07-31T00:56:35Z,1133,9,4,11,1,0,1,1,1,1785459268
2026-07-31T00:56:35Z,1134,11,6,8,0,0,1,1,1,1785458787
2026-07-31T00:56:35Z,1135,10,5,11,0,0,1,1,1,1785457872
2026-07-31T00:56:35Z,1136,14,0,9,0,0,1,1,1,1785459342
2026-07-31T00:56:35Z,1137,8,0,7,0,0,1,1,1,1785459058
2026-07-31T00:56:35Z,1138,10,2,9,0,0,1,1,1,1785458255
2026-07-31T00:56:35Z,1139,10,2,9,2,0,1,1,1,1785458753
2026-07-31T00:56:35Z,1140,18,2,4,1,0,1,1,1,1785457915
2026-07-31T00:56:35Z,1141,3,3,17,1,0,1,1,1,1785459389
2026-07-31T00:56:35Z,1142,21,1,0,0,0,1,1,1,1785458922
2026-07-31T00:56:35Z,1143,20,2,9,0,0,1,1,1,1785459378
2026-07-31T00:56:35Z,1144,9,4,10,2,0,1,1,1,1785458557
2026-07-31T00:56:35Z,1145,12,6,8,1,0,1,1,1,1785458647
2026-07-31T00:56:35Z,1146,6,5,12,1,0,1,1,1,1785459339
2026-07-31T00:56:35Z,1147,2,0,17,0,0,1,1,1,1785459383
2026-07-31T00:56:35Z,1148,4,3,27,0,0,1,1,1,1785459349
2026-07-31T00:56:35Z,1149,3,3,18,4,0,1,1,1,1785457882
2026-07-31T00:56:35Z,1150,5,0,14,0,0,1,1,1,1785458060
2026-07-31T00:56:35Z,1151,2,1,19,0,0,1,1,1,1785458926
2026-07-31T00:56:35Z,1152,3,0,26,0,0,1,1,1,1785458139
2026-07-31T00:56:35Z,1153,9,0,13,1,0,1,1,1,1785459367
2026-07-31T00:56:35Z,1154,13,1,6,0,0,1,1,1,1785459004
2026-07-31T00:56:35Z,1155,11,6,9,1,0,1,1,1,1785459375
2026-07-31T00:56:35Z,1158,3,0,16,0,0,1,1,1,1785458185
2026-07-31T00:56:35Z,1159,11,0,8,0,0,1,1,1,1785458538
2026-07-31T00:56:35Z,1160,7,1,11,1,0,1,1,1,1785459196
2026-07-31T00:56:35Z,1161,4,1,14,1,0,1,1,1,1785459047
2026-07-31T00:56:35Z,1162,0,0,19,0,0,1,1,1,1785458923
2026-07-31T00:56:35Z,1163,1,1,17,1,0,1,1,1,1785458303
2026-07-31T00:56:35Z,1164,4,1,15,0,0,1,1,1,1785458362
2026-07-31T00:56:35Z,1165,8,1,13,0,0,1,1,1,1785459080
2026-07-31T00:56:35Z,1166,8,3,13,0,0,1,1,1,1785459162
2026-07-31T00:56:35Z,1167,4,0,11,0,0,1,1,1,1785458101
2026-07-31T00:56:35Z,1168,1,0,22,0,0,1,1,1,1785458521
2026-07-31T00:56:35Z,1169,3,0,15,1,0,1,1,1,1785458208
2026-07-31T00:56:35Z,1170,6,0,14,1,0,1,1,1,1785458562
2026-07-31T00:56:35Z,1171,8,7,14,1,0,1,1,1,1785458890
2026-07-31T00:56:35Z,1172,7,2,6,2,0,1,1,1,1785458496
2026-07-31T00:56:35Z,1173,10,3,9,0,0,1,1,1,1785458447
2026-07-31T00:56:35Z,1174,6,2,9,0,0,1,1,1,1785458990
2026-07-31T00:56:35Z,1175,7,3,12,0,0,1,1,1,1785456851
2026-07-31T00:56:35Z,1176,19,1,2,0,0,1,1,1,1785457642
2026-07-31T00:56:35Z,1177,3,1,18,0,0,1,1,1,1785459380
2026-07-31T00:56:35Z,1178,1,0,14,0,0,1,1,1,1785458170
2026-07-31T00:56:35Z,1181,12,2,3,0,0,1,1,1,1785459292
2026-07-31T00:56:35Z,1182,12,4,8,0,0,1,1,1,1785459085
2026-07-31T00:56:35Z,1183,5,0,38,2,0,1,1,1,1785459252
2026-07-31T00:56:35Z,1184,1,1,19,1,0,1,1,1,1785458306
2026-07-31T00:56:35Z,1185,10,5,11,0,0,1,1,1,1785457667
2026-07-31T00:56:35Z,1186,9,5,10,0,0,1,1,1,1785458718
2026-07-31T00:56:35Z,1187,11,6,9,1,0,1,1,1,1785459158
2026-07-31T00:56:35Z,1188,9,3,6,0,0,1,1,1,1785458427
2026-07-31T00:56:35Z,1189,10,5,9,0,0,1,1,1,1785458472
2026-07-31T00:56:35Z,1190,10,5,11,0,0,1,1,1,1785457849
2026-07-31T00:56:35Z,1191,10,5,5,0,0,1,1,1,1785458432
2026-07-31T00:56:35Z,1192,11,7,10,0,0,1,1,1,1785458217
2026-07-31T00:56:35Z,1193,6,4,5,2,0,1,1,1,1785459339
2026-07-31T00:56:35Z,1197,9,6,7,1,0,1,1,1,1785459209
2026-07-31T00:56:35Z,1198,14,4,5,2,0,1,1,1,1785458745
2026-07-31T00:56:35Z,1199,2,0,17,0,0,1,1,1,1785458775
2026-07-31T00:56:35Z,1200,11,5,4,0,0,1,1,1,1785459100
2026-07-31T00:56:35Z,1201,9,4,6,0,0,1,1,1,1785458446
2026-07-31T00:56:35Z,1202,10,5,5,0,0,1,1,1,1785458540
2026-07-31T00:56:35Z,1203,10,5,5,0,0,1,1,1,1785458436
2026-07-31T00:56:35Z,1204,7,3,11,1,0,1,1,1,1785458153
2026-07-31T00:56:35Z,1206,11,5,10,0,0,1,1,1,1785459171
2026-07-31T00:56:35Z,1207,10,5,5,0,0,1,1,1,1785458755
2026-07-31T00:56:35Z,1208,7,2,11,1,0,1,1,1,1785458635
2026-07-31T00:56:35Z,1216,7,0,13,1,0,1,1,1,1785457590
2026-07-31T00:56:35Z,1218,5,0,16,0,0,1,1,1,1785457986
2026-07-31T00:56:35Z,1219,7,2,7,1,0,1,1,1,1785457898
2026-07-31T00:56:35Z,1220,14,7,4,1,0,1,1,1,1785457771
2026-07-31T00:56:35Z,1221,2,2,19,0,0,1,1,1,1785459111
2026-07-31T00:56:35Z,1222,21,0,8,0,0,1,1,1,1785459216
2026-07-31T00:56:35Z,1223,20,2,7,2,0,1,1,1,1785459235
2026-07-31T00:56:35Z,1226,0,0,3,0,0,0,1,1,1781868931
2026-07-31T00:56:35Z,1227,15,2,10,0,0,1,1,1,1785458180
2026-07-31T00:56:35Z,1228,25,2,3,1,0,1,1,1,1785459302
2026-07-31T00:56:35Z,1229,45,1,0,0,0,1,1,1,1785459045
2026-07-31T01:01:35Z,1,1,0,22,0,0,1,1,1,1785458176
2026-07-31T01:01:35Z,2,13,0,12,2,0,1,1,1,1785459673
2026-07-31T01:01:35Z,3,3,1,10,1,0,1,1,1,1785459367
2026-07-31T01:01:35Z,4,21,1,0,1,0,1,1,1,1785456637
2026-07-31T01:01:35Z,5,8,3,15,0,0,1,1,1,1785456282
2026-07-31T01:01:35Z,6,14,0,1,0,0,1,1,1,1785459039
2026-07-31T01:01:35Z,7,10,0,29,0,0,1,1,1,1785458867
2026-07-31T01:01:35Z,8,2,0,41,0,0,1,1,1,1785459253
2026-07-31T01:01:35Z,9,6,0,14,3,0,1,1,1,1785459592
2026-07-31T01:01:35Z,10,2,0,19,2,0,1,1,1,1785459665
2026-07-31T01:01:35Z,11,4,0,14,1,0,1,1,1,1785459140
2026-07-31T01:01:35Z,12,9,0,14,0,0,1,1,1,1785459610
2026-07-31T01:01:35Z,13,18,2,12,0,0,1,1,1,1785459319
2026-07-31T01:01:35Z,14,39,0,3,0,1,1,1,1,1785459630
2026-07-31T01:01:35Z,15,8,0,7,0,0,1,1,1,1785459177
2026-07-31T01:01:35Z,16,10,0,14,2,1,1,1,1,1785459446
2026-07-31T01:01:35Z,17,21,0,5,1,0,1,1,1,1785459631
2026-07-31T01:01:35Z,18,14,0,2,2,0,1,1,1,1785459619
2026-07-31T01:01:35Z,19,21,2,5,1,0,1,1,1,1785459583
2026-07-31T01:01:35Z,20,27,4,8,0,0,1,1,1,1785459663
2026-07-31T01:01:35Z,21,18,1,1,0,0,1,1,1,1785459581
2026-07-31T01:01:35Z,22,46,0,18,1,0,1,1,1,1785459690
2026-07-31T01:01:35Z,23,18,3,13,0,0,1,1,1,1785459243
2026-07-31T01:01:35Z,24,10,2,0,1,0,1,1,1,1785459683
2026-07-31T01:01:35Z,25,74,1,4,3,0,1,1,1,1785459630
2026-07-31T01:01:35Z,26,6,1,21,0,0,1,1,1,1785459431
2026-07-31T01:01:35Z,28,2,0,13,0,0,1,1,1,1785459218
2026-07-31T01:01:35Z,30,13,1,15,1,0,1,1,1,1785459680
2026-07-31T01:01:35Z,31,1,0,16,2,0,1,1,1,1785459457
2026-07-31T01:01:35Z,32,19,4,8,0,0,1,1,1,1785459041
2026-07-31T01:01:35Z,34,22,1,15,0,0,1,1,1,1785459534
2026-07-31T01:01:35Z,35,47,1,0,0,0,1,1,1,1785459620
2026-07-31T01:01:35Z,36,0,0,0,0,0,0,1,1,86400
2026-07-31T01:01:35Z,37,14,1,9,0,0,1,1,1,1785459689
2026-07-31T01:01:35Z,38,11,0,12,0,0,1,1,1,1785459256
2026-07-31T01:01:35Z,39,22,1,17,0,0,1,1,1,1785459567
2026-07-31T01:01:35Z,40,8,0,12,1,0,1,1,1,1785459688
2026-07-31T01:01:35Z,41,5,1,37,1,0,1,1,1,1785459204
2026-07-31T01:01:35Z,42,26,4,5,0,0,1,1,1,1785459127
2026-07-31T01:01:35Z,43,3,0,20,0,0,1,1,1,1785459289
2026-07-31T01:01:35Z,45,7,1,21,1,0,1,1,1,1785458922
2026-07-31T01:01:35Z,46,0,0,31,0,0,1,1,1,1785459617
2026-07-31T01:01:35Z,47,14,2,0,1,0,1,1,1,1785459088
2026-07-31T01:01:35Z,48,13,0,14,0,0,1,1,1,1785459495
2026-07-31T01:01:35Z,49,3,0,16,4,0,1,1,1,1785459690
2026-07-31T01:01:35Z,50,0,0,18,1,0,1,1,1,1785459029
2026-07-31T01:01:35Z,51,51,1,26,0,0,1,1,1,1785459489
2026-07-31T01:01:35Z,52,4,0,20,3,0,1,1,1,1785459501
2026-07-31T01:01:35Z,55,0,0,23,0,0,1,1,1,1785458682
2026-07-31T01:01:35Z,56,2,1,41,0,0,1,1,1,1785458732
2026-07-31T01:01:35Z,57,11,1,16,0,0,1,1,1,1785459507
2026-07-31T01:01:35Z,58,2,1,25,1,0,1,1,1,1785459537
2026-07-31T01:01:35Z,59,0,0,25,2,0,1,1,1,1785459683
2026-07-31T01:01:35Z,61,15,0,24,0,0,1,1,1,1785459127
2026-07-31T01:01:35Z,62,12,12,35,2,0,1,1,1,1785459604
2026-07-31T01:01:35Z,63,4,1,14,1,0,1,1,1,1785459688
2026-07-31T01:01:35Z,64,15,0,0,4,0,1,1,1,1785458251
2026-07-31T01:01:35Z,65,14,5,4,1,0,1,1,1,1785459244
2026-07-31T01:01:35Z,67,0,0,39,0,0,1,1,1,1785459447
2026-07-31T01:01:35Z,68,3,0,34,0,0,1,1,1,1785459635
2026-07-31T01:01:35Z,69,6,1,7,2,0,1,1,1,1785459650
2026-07-31T01:01:35Z,71,4,3,22,1,0,1,1,1,1785459563
2026-07-31T01:01:35Z,72,12,6,18,1,0,1,1,1,1785459681
2026-07-31T01:01:35Z,73,3,0,28,0,0,1,1,1,1785459575
2026-07-31T01:01:35Z,74,5,1,14,0,0,1,1,1,1785459454
2026-07-31T01:01:35Z,75,0,0,30,2,0,1,1,1,1785456645
2026-07-31T01:01:35Z,76,1,0,17,1,0,1,1,1,1785459691
2026-07-31T01:01:35Z,77,9,1,17,1,0,1,1,1,1785459590
2026-07-31T01:01:35Z,78,3,2,20,0,0,1,1,1,1785459503
2026-07-31T01:01:35Z,79,0,0,16,1,0,1,1,1,1785459136
2026-07-31T01:01:35Z,80,4,1,16,3,0,1,1,1,1785459685
2026-07-31T01:01:35Z,81,6,1,25,0,0,1,1,1,1785459533
2026-07-31T01:01:35Z,82,2,2,21,0,0,1,1,1,1785459554
2026-07-31T01:01:35Z,83,2,2,31,1,0,1,1,1,1785459685
2026-07-31T01:01:35Z,84,6,5,21,0,0,1,1,1,1785459579
2026-07-31T01:01:35Z,85,1,0,14,0,0,1,1,1,1785459571
2026-07-31T01:01:35Z,86,2,0,24,1,0,1,1,1,1785459654
2026-07-31T01:01:35Z,87,4,0,15,0,0,1,1,1,1785459230
2026-07-31T01:01:35Z,88,5,0,37,1,0,1,1,1,1785459682
2026-07-31T01:01:35Z,89,31,2,4,0,0,1,1,1,1785459657
2026-07-31T01:01:35Z,90,11,1,6,1,0,1,1,1,1785459219
2026-07-31T01:01:35Z,91,9,1,8,0,0,1,1,1,1785458287
2026-07-31T01:01:35Z,92,4,0,12,3,0,1,1,1,1785459607
2026-07-31T01:01:35Z,93,22,0,0,1,0,1,1,1,1785459335
2026-07-31T01:01:35Z,94,18,1,0,1,0,1,1,1,1785459589
2026-07-31T01:01:35Z,95,6,4,27,1,1,1,1,1,1785459688
2026-07-31T01:01:35Z,96,4,0,26,1,0,1,1,1,1785459490
2026-07-31T01:01:35Z,97,5,0,11,1,0,1,1,1,1785459457
2026-07-31T01:01:35Z,98,11,3,21,3,0,1,1,1,1785459631
2026-07-31T01:01:35Z,99,15,0,0,0,0,1,1,1,1785459433
2026-07-31T01:01:35Z,100,27,1,0,0,0,1,1,1,1785459002
2026-07-31T01:01:35Z,101,13,2,1,1,0,1,1,1,1785459481
2026-07-31T01:01:35Z,102,22,0,1,0,0,1,1,1,1785459164
2026-07-31T01:01:35Z,103,29,2,0,1,0,1,1,1,1785459543
2026-07-31T01:01:35Z,104,23,0,2,2,0,1,1,1,1785459693
2026-07-31T01:01:35Z,105,16,0,3,0,0,1,1,1,1785459332
2026-07-31T01:01:35Z,106,0,0,21,0,0,1,1,1,1785458543
2026-07-31T01:01:35Z,107,35,0,2,0,0,1,1,1,1785459607
2026-07-31T01:01:35Z,108,35,1,0,0,0,1,1,1,1785459014
2026-07-31T01:01:35Z,109,22,4,1,0,0,1,1,1,1785459685
2026-07-31T01:01:35Z,110,14,2,8,1,0,1,1,1,1785459608
2026-07-31T01:01:35Z,111,2,0,34,0,0,1,1,1,1785459684
2026-07-31T01:01:35Z,112,13,0,1,1,0,1,1,1,1785458861
2026-07-31T01:01:35Z,113,14,3,3,2,0,1,1,1,1785459682
2026-07-31T01:01:35Z,114,2,2,27,1,1,1,1,1,1785459595
2026-07-31T01:01:35Z,115,2,1,22,4,0,1,1,1,1785459576
2026-07-31T01:01:35Z,116,9,6,18,0,0,1,1,1,1785459383
2026-07-31T01:01:35Z,118,20,12,0,3,0,1,1,1,1785459651
2026-07-31T01:01:35Z,119,1,1,34,3,0,1,1,1,1785459524
2026-07-31T01:01:35Z,120,7,0,19,1,0,1,1,1,1785459644
2026-07-31T01:01:35Z,121,3,0,15,0,1,1,1,1,1785459657
2026-07-31T01:01:35Z,122,7,0,13,1,0,1,1,1,1785459676
2026-07-31T01:01:35Z,123,17,0,30,0,0,1,1,1,1785459337
2026-07-31T01:01:35Z,124,19,10,15,1,0,1,1,1,1785459472
2026-07-31T01:01:35Z,125,0,0,23,0,0,1,1,1,1785459022
2026-07-31T01:01:35Z,126,9,1,22,0,0,1,1,1,1785459379
2026-07-31T01:01:35Z,127,1,1,33,1,0,1,1,1,1785459396
2026-07-31T01:01:35Z,128,11,11,7,1,0,1,1,1,1785459528
2026-07-31T01:01:35Z,129,7,2,11,1,0,1,1,1,1785459590
2026-07-31T01:01:35Z,130,4,0,13,0,0,1,1,1,1785457733
2026-07-31T01:01:35Z,131,4,3,5,2,0,1,1,1,1785459373
2026-07-31T01:01:35Z,132,2,0,12,0,1,1,1,1,1785459431
2026-07-31T01:01:35Z,134,6,5,15,2,0,1,1,1,1785459581
2026-07-31T01:01:35Z,135,9,1,10,0,0,1,1,1,1785459222
2026-07-31T01:01:35Z,136,17,3,6,0,0,1,1,1,1785459664
2026-07-31T01:01:35Z,137,5,5,14,0,0,1,1,1,1785459149
2026-07-31T01:01:35Z,138,17,4,20,0,0,1,1,1,1785459492
2026-07-31T01:01:35Z,139,9,4,8,2,0,1,1,1,1785459516
2026-07-31T01:01:35Z,140,11,5,11,1,0,1,1,1,1785459690
2026-07-31T01:01:35Z,141,16,8,20,0,0,1,1,1,1785459673
2026-07-31T01:01:35Z,142,11,4,12,0,0,1,1,1,1785459520
2026-07-31T01:01:35Z,143,14,5,17,0,0,1,1,1,1785459585
2026-07-31T01:01:35Z,144,22,1,5,0,0,1,1,1,1785459661
2026-07-31T01:01:35Z,145,16,6,12,1,0,1,1,1,1785459609
2026-07-31T01:01:35Z,146,4,2,18,1,0,1,1,1,1785459239
2026-07-31T01:01:35Z,147,3,1,14,2,0,1,1,1,1785459532
2026-07-31T01:01:35Z,148,8,7,19,0,0,1,1,1,1785459685
2026-07-31T01:01:35Z,149,2,2,25,0,0,1,1,1,1785458760
2026-07-31T01:01:35Z,150,23,7,10,2,0,1,1,1,1785459588
2026-07-31T01:01:35Z,151,13,6,10,0,0,1,1,1,1785459436
2026-07-31T01:01:35Z,152,20,3,3,4,0,1,1,1,1785459591
2026-07-31T01:01:35Z,153,0,0,0,30,1,1,1,1,1785459422
2026-07-31T01:01:35Z,154,12,0,8,3,0,1,1,1,1785459675
2026-07-31T01:01:35Z,155,12,5,1,1,0,1,1,1,1785459470
2026-07-31T01:01:35Z,156,16,1,3,0,0,1,1,1,1785457680
2026-07-31T01:01:35Z,157,11,1,14,2,0,1,1,1,1785459626
2026-07-31T01:01:35Z,158,3,0,13,0,0,1,1,1,1785459337
2026-07-31T01:01:35Z,159,7,2,12,0,0,1,1,1,1785459671
2026-07-31T01:01:35Z,160,11,3,8,0,0,1,1,1,1785459468
2026-07-31T01:01:35Z,161,6,0,16,0,0,1,1,1,1785459635
2026-07-31T01:01:35Z,162,11,8,13,3,0,1,1,1,1785459579
2026-07-31T01:01:35Z,163,14,0,16,0,1,1,1,1,1785459614
2026-07-31T01:01:35Z,164,25,5,2,0,0,1,1,1,1785459490
2026-07-31T01:01:35Z,165,29,9,1,1,0,1,1,1,1785459689
2026-07-31T01:01:35Z,166,14,7,22,3,0,1,1,1,1785459686
2026-07-31T01:01:35Z,167,13,7,9,1,0,1,1,1,1785459653
2026-07-31T01:01:35Z,168,5,1,21,1,0,1,1,1,1785459522
2026-07-31T01:01:35Z,169,10,2,12,0,1,1,1,1,1785459553
2026-07-31T01:01:35Z,170,3,3,15,1,0,1,1,1,1785458080
2026-07-31T01:01:35Z,171,7,1,4,2,0,1,1,1,1785459617
2026-07-31T01:01:35Z,173,36,6,3,0,0,1,1,1,1785459549
2026-07-31T01:01:35Z,174,15,0,8,3,0,1,1,1,1785459273
2026-07-31T01:01:35Z,175,30,0,1,0,0,1,1,1,1785459443
2026-07-31T01:01:35Z,176,4,2,8,2,1,1,1,1,1785459448
2026-07-31T01:01:35Z,177,18,9,9,0,0,1,1,1,1785459146
2026-07-31T01:01:35Z,178,8,1,4,2,1,1,1,1,1785459691
2026-07-31T01:01:35Z,179,8,5,6,1,0,1,1,1,1785459616
2026-07-31T01:01:35Z,180,24,0,6,0,0,1,1,1,1785459381
2026-07-31T01:01:35Z,181,1,1,13,1,0,1,1,1,1785459637
2026-07-31T01:01:35Z,182,5,3,12,0,0,1,1,1,1785459589
2026-07-31T01:01:35Z,183,13,2,10,0,0,1,1,1,1785459678
2026-07-31T01:01:35Z,184,9,1,13,1,0,1,1,1,1785459400
2026-07-31T01:01:35Z,185,3,0,10,1,1,1,1,1,1785458374
2026-07-31T01:01:35Z,186,2,1,17,0,0,1,1,1,1785459349
2026-07-31T01:01:35Z,187,5,1,21,2,0,1,1,1,1785459677
2026-07-31T01:01:35Z,188,19,0,0,8,0,1,1,1,1785459402
2026-07-31T01:01:35Z,189,3,0,12,0,0,1,1,1,1785459626
2026-07-31T01:01:35Z,190,7,4,16,0,0,1,1,1,1785459602
2026-07-31T01:01:35Z,191,0,0,39,0,0,1,1,1,1785458545
2026-07-31T01:01:35Z,192,8,6,21,2,0,1,1,1,1785459535
2026-07-31T01:01:35Z,193,10,6,4,1,0,1,1,1,1785459685
2026-07-31T01:01:35Z,194,1,0,25,1,0,1,1,1,1785459628
2026-07-31T01:01:35Z,195,5,3,14,0,0,1,1,1,1785459514
2026-07-31T01:01:35Z,196,16,7,8,3,0,1,1,1,1785459663
2026-07-31T01:01:35Z,197,6,1,12,0,1,1,1,1,1785459591
2026-07-31T01:01:35Z,198,14,13,9,0,0,1,1,1,1785458679
2026-07-31T01:01:35Z,199,8,7,5,2,0,1,1,1,1785459606
2026-07-31T01:01:35Z,200,4,4,21,1,0,1,1,1,1785459338
2026-07-31T01:01:35Z,201,1,1,22,0,0,1,1,1,1785459076
2026-07-31T01:01:35Z,202,18,1,9,0,0,1,1,1,1785459621
2026-07-31T01:01:35Z,203,15,0,15,1,0,1,1,1,1785459420
2026-07-31T01:01:35Z,204,18,0,14,3,0,1,1,1,1785459475
2026-07-31T01:01:35Z,205,8,2,19,0,0,1,1,1,1785459645
2026-07-31T01:01:35Z,206,6,6,9,0,0,1,1,1,1785459549
2026-07-31T01:01:35Z,207,19,1,2,0,0,1,1,1,1785459532
2026-07-31T01:01:35Z,208,2,1,27,0,0,1,1,1,1785459105
2026-07-31T01:01:35Z,209,11,0,19,1,0,1,1,1,1785459601
2026-07-31T01:01:35Z,210,0,0,26,1,0,1,1,1,1785458807
2026-07-31T01:01:35Z,211,2,1,20,1,0,1,1,1,1785459387
2026-07-31T01:01:35Z,212,23,1,11,1,0,1,1,1,1785459599
2026-07-31T01:01:35Z,213,17,1,5,1,0,1,1,1,1785459637
2026-07-31T01:01:35Z,214,7,7,32,8,0,1,1,1,1785459670
2026-07-31T01:01:35Z,215,16,2,7,0,0,1,1,1,1785459681
2026-07-31T01:01:35Z,216,4,1,14,1,0,1,1,1,1785459485
2026-07-31T01:01:35Z,217,24,0,4,1,0,1,1,1,1785459568
2026-07-31T01:01:35Z,218,4,4,29,6,0,1,1,1,1785459691
2026-07-31T01:01:35Z,219,15,0,10,1,0,1,1,1,1785459689
2026-07-31T01:01:35Z,220,16,16,24,2,1,1,1,1,1785459672
2026-07-31T01:01:35Z,221,8,7,6,1,0,1,1,1,1785459472
2026-07-31T01:01:35Z,222,16,12,1,2,0,1,1,1,1785459621
2026-07-31T01:01:35Z,223,2,0,31,2,0,1,1,1,1785459676
2026-07-31T01:01:35Z,224,17,16,4,1,0,1,1,1,1785459517
2026-07-31T01:01:35Z,225,10,0,4,5,0,1,1,1,1785458746
2026-07-31T01:01:35Z,226,19,7,12,0,0,1,1,1,1785459486
2026-07-31T01:01:35Z,227,15,11,10,1,1,1,1,1,1785459559
2026-07-31T01:01:35Z,228,10,8,9,0,0,1,1,1,1785459642
2026-07-31T01:01:35Z,230,23,4,3,0,0,1,1,1,1785459620
2026-07-31T01:01:35Z,232,6,4,10,1,0,1,1,1,1785459339
2026-07-31T01:01:35Z,233,18,6,12,1,0,1,1,1,1785459579
2026-07-31T01:01:35Z,234,9,4,5,4,1,1,1,1,1785459281
2026-07-31T01:01:35Z,236,2,0,17,0,0,1,1,1,1785458938
2026-07-31T01:01:35Z,237,7,0,15,1,0,1,1,1,1785459588
2026-07-31T01:01:35Z,239,13,12,11,3,0,1,1,1,1785459633
2026-07-31T01:01:35Z,241,7,5,16,0,0,1,1,1,1785458841
2026-07-31T01:01:35Z,242,4,1,18,1,0,1,1,1,1785459546
2026-07-31T01:01:35Z,243,5,3,24,2,0,1,1,1,1785459655
2026-07-31T01:01:35Z,244,0,0,26,1,0,1,1,1,1785459553
2026-07-31T01:01:35Z,245,12,11,10,1,0,1,1,1,1785459497
2026-07-31T01:01:35Z,246,5,2,17,1,0,1,1,1,1785459620
2026-07-31T01:01:35Z,247,13,9,10,0,0,1,1,1,1785459466
2026-07-31T01:01:35Z,248,2,0,18,3,0,1,1,1,1785459182
2026-07-31T01:01:35Z,249,5,4,14,0,0,1,1,1,1785459578
2026-07-31T01:01:35Z,250,5,1,20,2,0,1,1,1,1785459599
2026-07-31T01:01:35Z,251,8,6,17,2,0,1,1,1,1785459420
2026-07-31T01:01:35Z,253,4,4,14,1,0,1,1,1,1785459389
2026-07-31T01:01:35Z,254,14,10,28,1,0,1,1,1,1785459417
2026-07-31T01:01:35Z,255,2,1,20,0,1,1,1,1,1785459689
2026-07-31T01:01:35Z,256,9,8,13,1,0,1,1,1,1785459692
2026-07-31T01:01:35Z,257,6,4,12,1,0,1,1,1,1785459264
2026-07-31T01:01:35Z,258,5,5,12,2,0,1,1,1,1785459616
2026-07-31T01:01:35Z,259,14,1,8,0,1,1,1,1,1785458391
2026-07-31T01:01:35Z,260,5,1,12,2,0,1,1,1,1785459540
2026-07-31T01:01:35Z,261,9,1,8,1,1,1,1,1,1785459461
2026-07-31T01:01:35Z,262,16,3,7,0,0,1,1,1,1785459651
2026-07-31T01:01:35Z,263,14,3,1,0,0,1,1,1,1785459135
2026-07-31T01:01:35Z,264,10,1,8,1,0,1,1,1,1785459577
2026-07-31T01:01:35Z,265,11,2,4,0,0,1,1,1,1785459450
2026-07-31T01:01:35Z,266,13,7,5,1,0,1,1,1,1785459360
2026-07-31T01:01:35Z,267,4,0,9,2,0,1,1,1,1785456188
2026-07-31T01:01:35Z,268,20,7,3,0,0,1,1,1,1785459614
2026-07-31T01:01:35Z,269,8,1,15,0,0,1,1,1,1785459562
2026-07-31T01:01:35Z,270,19,1,7,1,0,1,1,1,1785459446
2026-07-31T01:01:35Z,271,3,0,14,2,0,1,1,1,1785459456
2026-07-31T01:01:35Z,272,16,7,7,0,0,1,1,1,1785459648
2026-07-31T01:01:35Z,273,11,4,4,0,0,1,1,1,1785459436
2026-07-31T01:01:35Z,274,8,3,11,0,0,1,1,1,1785459543
2026-07-31T01:01:35Z,275,8,0,15,0,0,1,1,1,1785459597
2026-07-31T01:01:35Z,276,0,0,26,1,0,1,1,1,1785459234
2026-07-31T01:01:35Z,277,0,0,19,4,0,1,1,1,1785458483
2026-07-31T01:01:35Z,278,3,2,26,1,1,1,1,1,1785459604
2026-07-31T01:01:35Z,279,6,6,13,0,0,1,1,1,1785458447
2026-07-31T01:01:35Z,280,1,0,28,2,0,1,1,1,1785459501
2026-07-31T01:01:35Z,281,19,1,0,0,0,1,1,1,1785459413
2026-07-31T01:01:35Z,282,1,0,16,1,0,1,1,1,1785454029
2026-07-31T01:01:35Z,283,20,0,15,0,0,1,1,1,1785459173
2026-07-31T01:01:35Z,284,17,1,15,3,0,1,1,1,1785457768
2026-07-31T01:01:35Z,285,1,0,22,0,0,1,1,1,1785459079
2026-07-31T01:01:35Z,286,14,9,7,2,0,1,1,1,1785459633
2026-07-31T01:01:35Z,287,11,0,10,2,0,1,1,1,1785459441
2026-07-31T01:01:35Z,288,12,7,7,0,0,1,1,1,1785459668
2026-07-31T01:01:35Z,289,6,3,18,3,0,1,1,1,1785459408
2026-07-31T01:01:35Z,290,23,0,14,2,0,1,1,1,1785459604
2026-07-31T01:01:35Z,291,6,0,16,1,0,1,1,1,1785459660
2026-07-31T01:01:35Z,292,0,0,23,0,0,1,1,1,1785457343
2026-07-31T01:01:35Z,293,11,6,12,0,0,1,1,1,1785459690
2026-07-31T01:01:35Z,294,6,4,12,4,0,1,1,1,1785459598
2026-07-31T01:01:35Z,297,12,1,4,2,1,1,1,1,1785459619
2026-07-31T01:01:35Z,301,13,0,5,1,0,1,1,1,1785459672
2026-07-31T01:01:35Z,302,10,0,12,1,0,1,1,1,1785459151
2026-07-31T01:01:35Z,303,4,0,15,0,0,1,1,1,1785459369
2026-07-31T01:01:35Z,304,0,0,0,0,0,0,1,1,86400
2026-07-31T01:01:35Z,305,18,0,0,1,0,1,1,1,1785458503
2026-07-31T01:01:35Z,306,4,1,28,0,0,1,1,1,1785458866
2026-07-31T01:01:35Z,307,15,3,8,0,0,1,1,1,1785459590
2026-07-31T01:01:35Z,308,13,2,4,2,0,1,1,1,1785459378
2026-07-31T01:01:35Z,309,1,1,12,1,0,1,1,1,1785459654
2026-07-31T01:01:35Z,311,7,0,8,0,0,1,1,1,1785459600
2026-07-31T01:01:35Z,312,1,1,18,3,1,1,1,1,1785459658
2026-07-31T01:01:35Z,313,8,1,7,0,0,1,1,1,1785459636
2026-07-31T01:01:35Z,314,4,4,11,3,0,1,1,1,1785458082
2026-07-31T01:01:35Z,315,17,12,11,3,0,1,1,1,1785459359
2026-07-31T01:01:35Z,316,13,3,12,5,1,1,1,1,1785459610
2026-07-31T01:01:35Z,317,0,0,29,1,1,1,1,1,1785459482
2026-07-31T01:01:35Z,318,13,0,6,0,0,1,1,1,1785456267
2026-07-31T01:01:35Z,319,4,1,18,1,0,1,1,1,1785459556
2026-07-31T01:01:35Z,320,2,0,16,1,0,1,1,1,1785459636
2026-07-31T01:01:35Z,321,8,0,9,2,0,1,1,1,1785459559
2026-07-31T01:01:35Z,322,10,0,17,2,0,1,1,1,1785459613
2026-07-31T01:01:35Z,323,11,0,8,0,0,1,1,1,1785459540
2026-07-31T01:01:35Z,324,0,0,25,2,0,1,1,1,1785459687
2026-07-31T01:01:35Z,325,0,0,25,2,0,1,1,1,1785459523
2026-07-31T01:01:35Z,327,27,3,0,0,0,1,1,1,1785459643
2026-07-31T01:01:35Z,328,20,2,1,1,0,1,1,1,1785459552
2026-07-31T01:01:35Z,329,9,1,10,0,0,1,1,1,1785458916
2026-07-31T01:01:35Z,330,5,0,17,0,0,1,1,1,1785459453
2026-07-31T01:01:35Z,331,18,1,3,2,0,1,1,1,1785459546
2026-07-31T01:01:35Z,332,5,2,13,1,0,1,1,1,1785457143
2026-07-31T01:01:35Z,333,12,4,10,1,0,1,1,1,1785459545
2026-07-31T01:01:35Z,334,1,1,22,0,0,1,1,1,1785459543
2026-07-31T01:01:35Z,335,0,0,22,0,1,1,1,1,1785459614
2026-07-31T01:01:35Z,336,5,0,14,0,0,1,1,1,1785459518
2026-07-31T01:01:35Z,337,13,0,6,4,0,1,1,1,1785459668
2026-07-31T01:01:35Z,338,5,2,13,1,0,1,1,1,1785459557
2026-07-31T01:01:35Z,339,8,3,15,0,0,1,1,1,1785459680
2026-07-31T01:01:35Z,340,5,2,9,1,0,1,1,1,1785459684
2026-07-31T01:01:35Z,341,8,1,11,0,0,1,1,1,1785459359
2026-07-31T01:01:35Z,342,10,6,4,1,0,1,1,1,1785459690
2026-07-31T01:01:35Z,343,4,1,18,1,0,1,1,1,1785459638
2026-07-31T01:01:35Z,344,17,4,6,0,0,1,1,1,1785459471
2026-07-31T01:01:35Z,345,18,3,1,0,0,1,1,1,1785459628
2026-07-31T01:01:35Z,346,5,4,18,0,0,1,1,1,1785458479
2026-07-31T01:01:35Z,347,16,2,26,2,0,1,1,1,1785459692
2026-07-31T01:01:35Z,348,14,1,8,0,1,1,1,1,1785459532
2026-07-31T01:01:35Z,349,5,1,14,0,0,1,1,1,1785458646
2026-07-31T01:01:35Z,350,7,1,18,1,1,1,1,1,1785459091
2026-07-31T01:01:35Z,351,9,2,10,4,0,1,1,1,1785459613
2026-07-31T01:01:35Z,355,1,0,22,0,0,1,1,1,1785459240
2026-07-31T01:01:35Z,356,7,0,12,0,0,1,1,1,1785459131
2026-07-31T01:01:35Z,357,4,4,15,0,0,1,1,1,1785458956
2026-07-31T01:01:35Z,358,8,1,19,0,0,1,1,1,1785459040
2026-07-31T01:01:35Z,359,5,0,22,0,0,1,1,1,1785459687
2026-07-31T01:01:35Z,360,8,3,11,0,0,1,1,1,1785459605
2026-07-31T01:01:35Z,362,6,3,12,1,0,1,1,1,1785458902
2026-07-31T01:01:35Z,363,9,0,18,0,0,1,1,1,1785459271
2026-07-31T01:01:35Z,364,10,2,9,0,0,1,1,1,1785459494
2026-07-31T01:01:35Z,365,1,0,17,5,0,1,1,1,1785459685
2026-07-31T01:01:35Z,366,6,2,11,6,0,1,1,1,1785459547
2026-07-31T01:01:35Z,367,14,8,3,2,0,1,1,1,1785459404
2026-07-31T01:01:35Z,368,12,3,10,1,0,1,1,1,1785459501
2026-07-31T01:01:35Z,370,1,1,25,1,0,1,1,1,1785459618
2026-07-31T01:01:35Z,371,8,5,9,2,0,1,1,1,1785459378
2026-07-31T01:01:35Z,372,5,1,10,0,0,1,1,1,1785459501
2026-07-31T01:01:35Z,373,12,5,15,0,0,1,1,1,1785458883
2026-07-31T01:01:35Z,374,1,1,16,2,0,1,1,1,1785459489
2026-07-31T01:01:35Z,375,13,0,11,3,0,1,1,1,1785459219
2026-07-31T01:01:35Z,376,28,2,8,3,0,1,1,1,1785459693
2026-07-31T01:01:35Z,377,5,0,20,2,0,1,1,1,1785458859
2026-07-31T01:01:35Z,378,12,1,10,1,1,1,1,1,1785459639
2026-07-31T01:01:35Z,379,13,0,14,0,0,1,1,1,1785459571
2026-07-31T01:01:35Z,380,7,1,16,0,0,1,1,1,1785459390
2026-07-31T01:01:35Z,381,15,1,8,0,0,1,1,1,1785459664
2026-07-31T01:01:35Z,383,4,1,10,1,0,1,1,1,1785459277
2026-07-31T01:01:35Z,384,25,3,1,1,0,1,1,1,1785459574
2026-07-31T01:01:35Z,385,3,0,13,2,0,1,1,1,1785459614
2026-07-31T01:01:35Z,387,3,0,20,0,0,1,1,1,1785459244
2026-07-31T01:01:35Z,388,15,1,33,1,0,1,1,1,1785459467
2026-07-31T01:01:35Z,389,5,5,10,0,0,1,1,1,1785458136
2026-07-31T01:01:35Z,390,24,2,11,0,0,1,1,1,1785459159
2026-07-31T01:01:35Z,391,4,0,11,0,0,1,1,1,1785459616
2026-07-31T01:01:35Z,392,2,2,16,1,0,1,1,1,1785459659
2026-07-31T01:01:35Z,393,1,1,8,2,0,1,1,1,1785459662
2026-07-31T01:01:35Z,394,0,0,11,2,0,1,1,1,1785454721
2026-07-31T01:01:35Z,396,18,14,21,3,0,1,1,1,1785459690
2026-07-31T01:01:35Z,397,4,3,27,0,0,1,1,1,1785459576
2026-07-31T01:01:35Z,399,9,2,6,2,0,1,1,1,1785459463
2026-07-31T01:01:35Z,400,11,6,10,2,0,1,1,1,1785458352
2026-07-31T01:01:35Z,401,3,1,27,9,0,1,1,1,1785459593
2026-07-31T01:01:35Z,403,14,2,15,2,0,1,1,1,1785459451
2026-07-31T01:01:35Z,404,7,3,16,0,0,1,1,1,1785459688
2026-07-31T01:01:35Z,406,32,2,2,1,0,1,1,1,1785459559
2026-07-31T01:01:35Z,407,9,0,24,1,0,1,1,1,1785459187
2026-07-31T01:01:35Z,408,1,0,32,0,0,1,1,1,1785459543
2026-07-31T01:01:35Z,409,20,2,0,3,0,1,1,1,1785459571
2026-07-31T01:01:35Z,413,10,2,12,1,0,1,1,1,1785459229
2026-07-31T01:01:35Z,414,13,2,2,0,0,1,1,1,1785459548
2026-07-31T01:01:35Z,417,4,3,15,0,0,1,1,1,1785458531
2026-07-31T01:01:35Z,418,0,0,14,1,0,1,1,1,1785456376
2026-07-31T01:01:35Z,419,15,2,8,0,0,1,1,1,1785459405
2026-07-31T01:01:35Z,421,17,1,2,0,0,1,1,1,1785459512
2026-07-31T01:01:35Z,422,1,1,25,1,0,1,1,1,1785459686
2026-07-31T01:01:35Z,423,5,0,17,1,0,1,1,1,1785459539
2026-07-31T01:01:35Z,424,1,0,12,2,0,1,1,1,1785459687
2026-07-31T01:01:35Z,425,1,0,20,0,1,1,1,1,1785459412
2026-07-31T01:01:35Z,426,6,2,28,3,0,1,1,1,1785459174
2026-07-31T01:01:35Z,427,0,0,14,1,0,1,1,1,1785459643
2026-07-31T01:01:35Z,428,13,3,5,1,0,1,1,1,1785459691
2026-07-31T01:01:35Z,429,5,0,13,5,0,1,1,1,1785459557
2026-07-31T01:01:35Z,430,12,1,18,1,0,1,1,1,1785459527
2026-07-31T01:01:35Z,431,14,2,18,1,0,1,1,1,1785459342
2026-07-31T01:01:35Z,432,25,1,4,2,0,1,1,1,1785459611
2026-07-31T01:01:35Z,433,7,4,14,2,0,1,1,1,1785459527
2026-07-31T01:01:35Z,437,7,6,11,1,0,1,1,1,1785459660
2026-07-31T01:01:35Z,438,1,0,17,1,0,1,1,1,1785459636
2026-07-31T01:01:35Z,439,6,2,9,0,0,1,1,1,1785458526
2026-07-31T01:01:35Z,440,0,0,13,2,0,1,1,1,1785459121
2026-07-31T01:01:35Z,441,0,0,15,0,0,1,1,1,1785458641
2026-07-31T01:01:35Z,442,10,4,8,1,0,1,1,1,1785459152
2026-07-31T01:01:35Z,443,3,0,24,0,0,1,1,1,1785456698
2026-07-31T01:01:35Z,444,2,1,21,0,0,1,1,1,1785455134
2026-07-31T01:01:35Z,445,7,2,15,1,0,1,1,1,1785459542
2026-07-31T01:01:35Z,446,2,2,20,1,0,1,1,1,1785457589
2026-07-31T01:01:35Z,447,1,0,20,1,1,1,1,1,1785441257
2026-07-31T01:01:35Z,448,8,2,5,1,1,1,1,1,1785459517
2026-07-31T01:01:35Z,452,4,2,14,1,0,1,1,1,1785459671
2026-07-31T01:01:35Z,453,2,0,12,1,0,1,1,1,1785459270
2026-07-31T01:01:35Z,454,1,0,18,0,0,1,1,1,1785459657
2026-07-31T01:01:35Z,455,0,0,39,0,0,1,1,1,1785457539
2026-07-31T01:01:35Z,456,11,5,8,1,0,1,1,1,1785459643
2026-07-31T01:01:35Z,457,15,1,10,2,0,1,1,1,1785459622
2026-07-31T01:01:35Z,458,8,4,15,0,0,1,1,1,1785459675
2026-07-31T01:01:35Z,459,11,0,4,0,0,1,1,1,1785458362
2026-07-31T01:01:35Z,460,14,1,9,0,0,1,1,1,1785459693
2026-07-31T01:01:35Z,461,5,1,14,0,0,1,1,1,1785458675
2026-07-31T01:01:35Z,462,6,1,15,0,0,1,1,1,1785459351
2026-07-31T01:01:35Z,463,13,2,6,0,0,1,1,1,1785459579
2026-07-31T01:01:35Z,464,1,1,13,0,0,1,1,1,1785459017
2026-07-31T01:01:35Z,465,1,1,14,0,0,1,1,1,1785458247
2026-07-31T01:01:35Z,466,9,3,5,1,0,1,1,1,1785458161
2026-07-31T01:01:35Z,467,0,0,18,1,0,1,1,1,1785459586
2026-07-31T01:01:35Z,468,14,0,4,1,0,1,1,1,1785459528
2026-07-31T01:01:35Z,469,1,0,21,1,0,1,1,1,1785459683
2026-07-31T01:01:35Z,470,8,0,6,1,0,1,1,1,1785459567
2026-07-31T01:01:35Z,471,18,1,9,0,0,1,1,1,1785459143
2026-07-31T01:01:35Z,472,8,3,10,1,0,1,1,1,1785459598
2026-07-31T01:01:35Z,473,7,3,9,3,0,1,1,1,1785459241
2026-07-31T01:01:35Z,474,5,0,13,1,0,1,1,1,1785459357
2026-07-31T01:01:35Z,475,3,1,16,0,0,1,1,1,1785459219
2026-07-31T01:01:35Z,477,6,3,9,0,0,1,1,1,1785459307
2026-07-31T01:01:35Z,478,20,1,11,0,0,1,1,1,1785459524
2026-07-31T01:01:35Z,479,12,1,14,1,0,1,1,1,1785459605
2026-07-31T01:01:35Z,480,3,0,9,3,0,1,1,1,1785457824
2026-07-31T01:01:35Z,481,11,0,23,1,0,1,1,1,1785459655
2026-07-31T01:01:35Z,482,5,0,13,1,0,1,1,1,1785459630
2026-07-31T01:01:35Z,483,20,2,4,3,0,1,1,1,1785459551
2026-07-31T01:01:35Z,484,3,0,16,0,0,1,1,1,1785457934
2026-07-31T01:01:35Z,485,11,6,5,2,1,1,1,1,1785459645
2026-07-31T01:01:35Z,486,5,1,20,2,0,1,1,1,1785459559
2026-07-31T01:01:35Z,487,1,0,17,1,0,1,1,1,1785459514
2026-07-31T01:01:35Z,489,7,4,8,0,0,1,1,1,1785459353
2026-07-31T01:01:35Z,490,3,2,13,0,0,1,1,1,1785459194
2026-07-31T01:01:35Z,491,17,2,4,0,0,1,1,1,1785458559
2026-07-31T01:01:35Z,492,4,4,4,3,0,1,1,1,1785459688
2026-07-31T01:01:35Z,493,0,0,26,1,0,1,1,1,1785457299
2026-07-31T01:01:35Z,495,9,2,5,1,0,1,1,1,1785459194
2026-07-31T01:01:35Z,496,22,3,5,0,0,1,1,1,1785459471
2026-07-31T01:01:35Z,497,2,0,16,1,0,1,1,1,1785459442
2026-07-31T01:01:35Z,498,4,3,18,1,0,1,1,1,1785458768
2026-07-31T01:01:35Z,499,6,2,13,0,0,1,1,1,1785459095
2026-07-31T01:01:35Z,500,10,7,1,4,0,1,1,1,1785459616
2026-07-31T01:01:35Z,501,2,2,18,1,0,1,1,1,1785459611
2026-07-31T01:01:35Z,502,1,0,18,0,0,1,1,1,1785459601
2026-07-31T01:01:35Z,503,25,0,5,1,0,1,1,1,1785459454
2026-07-31T01:01:35Z,504,3,0,35,1,0,1,1,1,1785459689
2026-07-31T01:01:35Z,505,0,0,10,2,0,1,1,1,1785459685
2026-07-31T01:01:35Z,511,2,0,21,0,0,1,1,1,1785458870
2026-07-31T01:01:35Z,512,5,0,22,0,0,1,1,1,1785459278
2026-07-31T01:01:35Z,514,9,0,0,2,0,1,1,1,1785458664
2026-07-31T01:01:35Z,515,4,0,15,0,0,1,1,1,1785457241
2026-07-31T01:01:35Z,516,4,0,23,0,0,1,1,1,1785459524
2026-07-31T01:01:35Z,517,8,0,14,1,0,1,1,1,1785459592
2026-07-31T01:01:35Z,518,10,1,3,2,0,1,1,1,1785459066
2026-07-31T01:01:35Z,519,5,3,14,0,0,1,1,1,1785458843
2026-07-31T01:01:35Z,520,9,4,13,4,1,1,1,1,1785459692
2026-07-31T01:01:35Z,521,3,2,20,0,0,1,1,1,1785457294
2026-07-31T01:01:35Z,522,23,0,0,0,0,1,1,1,1785459585
2026-07-31T01:01:35Z,523,2,1,19,2,0,1,1,1,1785459690
2026-07-31T01:01:35Z,524,23,1,0,0,0,1,1,1,1785459552
2026-07-31T01:01:35Z,525,19,0,0,0,0,1,1,1,1785459404
2026-07-31T01:01:35Z,526,12,2,2,1,0,1,1,1,1785459343
2026-07-31T01:01:35Z,527,0,0,23,3,0,1,1,1,1785459691
2026-07-31T01:01:35Z,528,16,0,7,0,0,1,1,1,1785459628
2026-07-31T01:01:35Z,529,4,0,10,5,0,1,1,1,1785459692
2026-07-31T01:01:35Z,530,4,0,16,1,0,1,1,1,1785459037
2026-07-31T01:01:35Z,531,7,0,15,0,1,1,1,1,1785459408
2026-07-31T01:01:35Z,532,5,3,24,1,1,1,1,1,1785457478
2026-07-31T01:01:35Z,533,13,0,4,2,0,1,1,1,1785459476
2026-07-31T01:01:35Z,534,3,3,20,0,0,1,1,1,1785459360
2026-07-31T01:01:35Z,535,1,1,13,1,0,1,1,1,1785458289
2026-07-31T01:01:35Z,536,1,0,22,0,0,1,1,1,1785458696
2026-07-31T01:01:35Z,537,14,5,6,0,0,1,1,1,1785459389
2026-07-31T01:01:35Z,538,9,0,11,1,2,1,1,1,1785459522
2026-07-31T01:01:35Z,539,7,5,24,0,0,1,1,1,1785459066
2026-07-31T01:01:35Z,540,0,0,19,0,0,1,1,1,1785459461
2026-07-31T01:01:35Z,541,10,1,17,0,0,1,1,1,1785459681
2026-07-31T01:01:35Z,542,0,0,23,0,0,1,1,1,1785456936
2026-07-31T01:01:35Z,543,5,1,14,0,0,1,1,1,1785459533
2026-07-31T01:01:35Z,544,14,1,4,4,0,1,1,1,1785459417
2026-07-31T01:01:35Z,545,6,0,9,4,0,1,1,1,1785459465
2026-07-31T01:01:35Z,546,1,1,18,0,0,1,1,1,1785459621
2026-07-31T01:01:35Z,547,4,0,21,0,0,1,1,1,1785459418
2026-07-31T01:01:35Z,548,15,0,8,0,0,1,1,1,1785459630
2026-07-31T01:01:35Z,549,20,1,2,1,0,1,1,1,1785459541
2026-07-31T01:01:35Z,550,2,0,17,0,0,1,1,1,1785459385
2026-07-31T01:01:35Z,551,13,3,10,0,0,1,1,1,1785458944
2026-07-31T01:01:35Z,552,2,1,25,0,0,1,1,1,1785459351
2026-07-31T01:01:35Z,553,3,1,19,0,1,1,1,1,1785459672
2026-07-31T01:01:35Z,554,0,0,19,0,0,1,1,1,1785459271
2026-07-31T01:01:35Z,555,11,5,3,1,0,1,1,1,1785459264
2026-07-31T01:01:35Z,556,3,2,19,1,0,1,1,1,1785459502
2026-07-31T01:01:35Z,557,1,1,17,5,0,1,1,1,1785459113
2026-07-31T01:01:35Z,558,3,3,30,4,0,1,1,1,1785459545
2026-07-31T01:01:35Z,559,0,0,18,1,0,1,1,1,1785457401
2026-07-31T01:01:35Z,560,5,0,22,0,0,1,1,1,1785459684
2026-07-31T01:01:35Z,561,15,1,6,2,0,1,1,1,1785459687
2026-07-31T01:01:35Z,562,17,1,14,4,0,1,1,1,1785459686
2026-07-31T01:01:35Z,563,5,0,9,0,0,1,1,1,1785458559
2026-07-31T01:01:35Z,564,5,1,13,1,0,1,1,1,1785459039
2026-07-31T01:01:35Z,565,7,1,12,0,0,1,1,1,1785459312
2026-07-31T01:01:35Z,566,4,0,13,2,0,1,1,1,1785459679
2026-07-31T01:01:35Z,567,14,3,12,1,0,1,1,1,1785459688
2026-07-31T01:01:35Z,568,7,1,10,2,0,1,1,1,1785459351
2026-07-31T01:01:35Z,569,10,0,9,0,0,1,1,1,1785459227
2026-07-31T01:01:35Z,570,5,1,14,0,0,1,1,1,1785459649
2026-07-31T01:01:35Z,571,12,1,10,1,0,1,1,1,1785459503
2026-07-31T01:01:35Z,572,17,3,0,2,0,1,1,1,1785457866
2026-07-31T01:01:35Z,573,11,0,4,0,0,1,1,1,1785459364
2026-07-31T01:01:35Z,574,7,2,8,0,0,1,1,1,1785459177
2026-07-31T01:01:35Z,575,7,0,13,1,0,1,1,1,1785459497
2026-07-31T01:01:35Z,576,1,1,17,1,0,1,1,1,1785458556
2026-07-31T01:01:35Z,577,27,0,4,0,0,1,1,1,1785458533
2026-07-31T01:01:35Z,578,13,4,9,1,0,1,1,1,1785459394
2026-07-31T01:01:35Z,579,34,0,9,0,0,1,1,1,1785459104
2026-07-31T01:01:35Z,580,6,0,23,0,0,1,1,1,1785459113
2026-07-31T01:01:35Z,581,17,0,2,0,0,1,1,1,1785459041
2026-07-31T01:01:35Z,582,12,4,46,3,0,1,1,1,1785459674
2026-07-31T01:01:35Z,583,16,1,7,0,0,1,1,1,1785459527
2026-07-31T01:01:35Z,584,0,0,14,5,0,1,1,1,1785458113
2026-07-31T01:01:35Z,585,8,0,18,0,1,1,1,1,1785459651
2026-07-31T01:01:35Z,586,20,0,14,1,0,1,1,1,1785459693
2026-07-31T01:01:35Z,587,23,1,0,1,0,1,1,1,1785459503
2026-07-31T01:01:35Z,588,0,0,15,4,0,1,1,1,1785459528
2026-07-31T01:01:35Z,589,0,0,0,24,0,1,1,1,1785459683
2026-07-31T01:01:35Z,590,6,0,25,0,0,1,1,1,1785459531
2026-07-31T01:01:35Z,591,7,0,21,2,0,1,1,1,1785459627
2026-07-31T01:01:35Z,592,6,1,17,0,0,1,1,1,1785458940
2026-07-31T01:01:35Z,593,8,0,30,0,0,1,1,1,1785459523
2026-07-31T01:01:35Z,594,16,0,5,0,0,1,1,1,1785459442
2026-07-31T01:01:35Z,595,0,0,3,0,0,0,1,1,1784046673
2026-07-31T01:01:35Z,605,0,0,2,1,0,0,1,1,1783975843
2026-07-31T01:01:35Z,606,0,0,0,0,0,0,1,1,86400
2026-07-31T01:01:35Z,607,22,1,10,0,0,1,1,1,1785459645
2026-07-31T01:01:35Z,608,3,3,47,0,0,1,1,1,1785458144
2026-07-31T01:01:35Z,609,3,1,20,0,0,1,1,1,1785459294
2026-07-31T01:01:35Z,610,8,0,26,1,0,1,1,1,1785459614
2026-07-31T01:01:35Z,611,24,0,2,1,0,1,1,1,1785459239
2026-07-31T01:01:35Z,612,7,1,8,0,0,1,1,1,1785455780
2026-07-31T01:01:35Z,613,10,0,1,4,0,1,1,1,1785455457
2026-07-31T01:01:35Z,614,20,2,5,1,1,1,1,1,1785459618
2026-07-31T01:01:35Z,617,2,1,12,1,0,1,1,1,1785459415
2026-07-31T01:01:35Z,618,13,2,2,4,0,1,1,1,1785459513
2026-07-31T01:01:35Z,619,7,5,12,0,0,1,1,1,1785459656
2026-07-31T01:01:35Z,620,3,0,23,1,0,1,1,1,1785459618
2026-07-31T01:01:35Z,621,11,1,12,0,0,1,1,1,1785459474
2026-07-31T01:01:35Z,622,11,7,7,5,0,1,1,1,1785459692
2026-07-31T01:01:35Z,623,6,1,23,1,0,1,1,1,1785459579
2026-07-31T01:01:35Z,624,5,1,10,0,0,1,1,1,1785458538
2026-07-31T01:01:35Z,625,4,1,16,1,0,1,1,1,1785459587
2026-07-31T01:01:35Z,626,5,0,38,2,2,1,1,1,1785459083
2026-07-31T01:01:35Z,627,14,6,5,0,0,1,1,1,1785458008
2026-07-31T01:01:35Z,628,4,4,14,0,1,1,1,1,1785455145
2026-07-31T01:01:35Z,629,9,3,0,2,0,1,1,1,1785459540
2026-07-31T01:01:35Z,630,1,0,23,3,0,1,1,1,1785459635
2026-07-31T01:01:35Z,631,2,0,21,0,0,1,1,1,1785459511
2026-07-31T01:01:35Z,632,22,2,0,1,0,1,1,1,1785458363
2026-07-31T01:01:35Z,633,11,1,0,4,0,1,1,1,1785459594
2026-07-31T01:01:35Z,634,5,1,13,1,0,1,1,1,1785459670
2026-07-31T01:01:35Z,635,11,1,7,1,0,1,1,1,1785458027
2026-07-31T01:01:35Z,636,9,1,5,1,0,1,1,1,1785457377
2026-07-31T01:01:35Z,637,8,1,11,0,0,1,1,1,1785456458
2026-07-31T01:01:35Z,638,6,2,10,3,0,1,1,1,1785459295
2026-07-31T01:01:35Z,639,4,1,13,2,0,1,1,1,1785455668
2026-07-31T01:01:35Z,640,2,2,20,1,0,1,1,1,1785459643
2026-07-31T01:01:35Z,641,5,1,20,1,0,1,1,1,1785459465
2026-07-31T01:01:35Z,642,2,1,9,8,0,1,1,1,1785459692
2026-07-31T01:01:35Z,643,9,1,12,6,0,1,1,1,1785458704
2026-07-31T01:01:35Z,644,8,0,6,1,0,1,1,1,1785458309
2026-07-31T01:01:35Z,645,9,0,13,0,1,1,1,1,1785459389
2026-07-31T01:01:35Z,646,1,1,18,0,0,1,1,1,1785459640
2026-07-31T01:01:35Z,647,28,1,3,0,0,1,1,1,1785459477
2026-07-31T01:01:35Z,648,4,1,13,1,1,1,1,1,1785459598
2026-07-31T01:01:35Z,649,27,2,3,1,0,1,1,1,1785459298
2026-07-31T01:01:35Z,650,4,1,10,0,0,1,1,1,1785453435
2026-07-31T01:01:35Z,651,1,1,22,0,0,1,1,1,1785459098
2026-07-31T01:01:35Z,652,1,0,20,2,0,1,1,1,1785459628
2026-07-31T01:01:35Z,653,1,0,17,1,0,1,1,1,1785458071
2026-07-31T01:01:35Z,654,3,3,12,0,0,1,1,1,1785458495
2026-07-31T01:01:35Z,655,5,2,3,4,1,1,1,1,1785459386
2026-07-31T01:01:35Z,656,10,6,9,0,0,1,1,1,1785459434
2026-07-31T01:01:35Z,657,12,6,0,2,3,1,1,1,1785459633
2026-07-31T01:01:35Z,658,6,0,4,0,0,1,1,1,1785453591
2026-07-31T01:01:35Z,659,8,3,6,1,0,1,1,1,1785457539
2026-07-31T01:01:35Z,660,0,0,28,3,0,1,1,1,1785459627
2026-07-31T01:01:35Z,661,4,2,15,0,0,1,1,1,1785459427
2026-07-31T01:01:35Z,662,5,3,15,3,0,1,1,1,1785459653
2026-07-31T01:01:35Z,663,5,1,9,1,0,1,1,1,1785459561
2026-07-31T01:01:35Z,664,4,0,23,0,0,1,1,1,1785459199
2026-07-31T01:01:35Z,665,8,1,7,0,0,1,1,1,1785459384
2026-07-31T01:01:35Z,666,6,4,7,2,0,1,1,1,1785457342
2026-07-31T01:01:35Z,667,19,4,0,0,0,1,1,1,1785459569
2026-07-31T01:01:35Z,668,16,1,1,2,0,1,1,1,1785458932
2026-07-31T01:01:35Z,669,8,3,6,0,0,1,1,1,1785459513
2026-07-31T01:01:35Z,670,5,3,22,0,0,1,1,1,1785459290
2026-07-31T01:01:35Z,671,25,0,1,1,0,1,1,1,1785459483
2026-07-31T01:01:35Z,672,6,1,13,3,1,1,1,1,1785458349
2026-07-31T01:01:35Z,673,3,0,20,0,0,1,1,1,1785459652
2026-07-31T01:01:35Z,674,3,2,17,3,0,1,1,1,1785459680
2026-07-31T01:01:35Z,675,3,0,9,3,0,1,1,1,1785459588
2026-07-31T01:01:35Z,676,13,2,9,0,0,1,1,1,1785459578
2026-07-31T01:01:35Z,681,3,2,10,2,0,1,1,1,1785459631
2026-07-31T01:01:35Z,682,4,1,14,1,0,1,1,1,1785387864
2026-07-31T01:01:35Z,683,4,1,15,0,0,1,1,1,1785459218
2026-07-31T01:01:35Z,684,2,0,25,0,0,1,1,1,1785456431
2026-07-31T01:01:35Z,685,5,0,20,1,1,1,1,1,1785455460
2026-07-31T01:01:35Z,686,11,0,14,1,1,1,1,1,1785459425
2026-07-31T01:01:35Z,687,13,0,16,1,1,1,1,1,1785459627
2026-07-31T01:01:35Z,688,9,1,3,7,0,1,1,1,1785459662
2026-07-31T01:01:35Z,692,0,0,21,0,0,1,1,1,1785458565
2026-07-31T01:01:35Z,693,7,0,1,3,0,1,1,1,1785458209
2026-07-31T01:01:35Z,694,8,5,12,1,0,1,1,1,1785457882
2026-07-31T01:01:35Z,695,7,2,16,0,0,1,1,1,1785459521
2026-07-31T01:01:35Z,696,17,10,6,0,0,1,1,1,1785459691
2026-07-31T01:01:35Z,697,21,0,2,0,0,1,1,1,1785459590
2026-07-31T01:01:35Z,698,22,2,5,0,0,1,1,1,1785459647
2026-07-31T01:01:35Z,699,6,0,8,1,0,1,1,1,1785459001
2026-07-31T01:01:35Z,700,15,2,4,0,0,1,1,1,1785459166
2026-07-31T01:01:35Z,701,11,4,7,1,0,1,1,1,1785459144
2026-07-31T01:01:35Z,702,13,0,9,1,0,1,1,1,1785459676
2026-07-31T01:01:35Z,704,5,1,10,0,0,1,1,1,1785459216
2026-07-31T01:01:35Z,705,4,4,10,1,0,1,1,1,1785458682
2026-07-31T01:01:35Z,706,11,1,1,3,0,1,1,1,1785457961
2026-07-31T01:01:35Z,707,3,1,10,2,0,1,1,1,1785459167
2026-07-31T01:01:35Z,708,15,0,4,0,0,1,1,1,1785459574
2026-07-31T01:01:35Z,709,4,0,7,4,0,1,1,1,1785459435
2026-07-31T01:01:35Z,710,8,0,11,0,0,1,1,1,1785459078
2026-07-31T01:01:35Z,711,9,2,11,3,0,1,1,1,1785459462
2026-07-31T01:01:35Z,712,7,2,8,0,0,1,1,1,1785459004
2026-07-31T01:01:35Z,713,0,0,23,0,0,1,1,1,1785459023
2026-07-31T01:01:35Z,716,2,1,13,0,0,1,1,1,1785458318
2026-07-31T01:01:35Z,717,2,0,20,3,0,1,1,1,1785459536
2026-07-31T01:01:35Z,718,3,1,11,1,0,1,1,1,1785459369
2026-07-31T01:01:35Z,719,4,1,25,0,0,1,1,1,1785459687
2026-07-31T01:01:35Z,720,2,1,17,0,0,1,1,1,1785458623
2026-07-31T01:01:35Z,721,2,0,19,2,0,1,1,1,1785459692
2026-07-31T01:01:35Z,722,2,0,13,0,0,1,1,1,1785458369
2026-07-31T01:01:35Z,723,12,2,11,0,0,1,1,1,1785458319
2026-07-31T01:01:35Z,724,17,5,6,0,0,1,1,1,1785459503
2026-07-31T01:01:35Z,725,4,0,19,0,0,1,1,1,1785459581
2026-07-31T01:01:35Z,726,10,2,9,0,0,1,1,1,1785459321
2026-07-31T01:01:35Z,727,9,4,12,2,0,1,1,1,1785459299
2026-07-31T01:01:35Z,728,10,1,5,0,0,1,1,1,1785458931
2026-07-31T01:01:35Z,729,13,1,6,0,0,1,1,1,1785459616
2026-07-31T01:01:35Z,730,1,1,12,2,0,1,1,1,1785459520
2026-07-31T01:01:35Z,731,11,3,4,0,0,1,1,1,1785459591
2026-07-31T01:01:35Z,732,6,4,9,0,0,1,1,1,1785459668
2026-07-31T01:01:35Z,733,24,0,1,2,0,1,1,1,1785458746
2026-07-31T01:01:35Z,734,3,1,11,0,0,1,1,1,1785459677
2026-07-31T01:01:35Z,735,0,0,27,0,0,1,1,1,1785458453
2026-07-31T01:01:35Z,736,3,0,16,0,0,1,1,1,1785459042
2026-07-31T01:01:35Z,737,2,0,10,2,1,1,1,1,1785458977
2026-07-31T01:01:35Z,738,8,0,9,2,0,1,1,1,1785459425
2026-07-31T01:01:35Z,739,18,2,8,1,0,1,1,1,1785458543
2026-07-31T01:01:35Z,741,5,0,18,0,0,1,1,1,1785458923
2026-07-31T01:01:35Z,742,19,7,13,3,0,1,1,1,1785459476
2026-07-31T01:01:35Z,743,2,1,16,1,0,1,1,1,1785458913
2026-07-31T01:01:35Z,744,5,1,9,1,0,1,1,1,1785459321
2026-07-31T01:01:35Z,745,15,4,3,1,0,1,1,1,1785459297
2026-07-31T01:01:35Z,746,5,1,15,3,0,1,1,1,1785459192
2026-07-31T01:01:35Z,747,0,0,4,0,0,0,1,1,1783446606
2026-07-31T01:01:35Z,748,10,1,13,0,0,1,1,1,1785458213
2026-07-31T01:01:35Z,749,3,0,20,0,0,1,1,1,1785459389
2026-07-31T01:01:35Z,750,6,5,4,1,0,1,1,1,1785459608
2026-07-31T01:01:35Z,751,6,4,16,1,0,1,1,1,1785459680
2026-07-31T01:01:35Z,752,8,1,8,1,0,1,1,1,1785459614
2026-07-31T01:01:35Z,753,14,5,1,0,0,1,1,1,1785459671
2026-07-31T01:01:35Z,754,2,1,12,1,0,1,1,1,1785459483
2026-07-31T01:01:35Z,755,1,0,21,1,0,1,1,1,1785458968
2026-07-31T01:01:35Z,756,0,0,35,2,0,1,1,1,1785458794
2026-07-31T01:01:35Z,757,0,0,19,0,0,1,1,1,1785459284
2026-07-31T01:01:35Z,758,13,12,10,0,0,1,1,1,1785459663
2026-07-31T01:01:35Z,759,5,3,10,0,0,1,1,1,1785459440
2026-07-31T01:01:35Z,760,6,2,12,1,0,1,1,1,1785456620
2026-07-31T01:01:35Z,761,5,1,18,0,0,1,1,1,1785459420
2026-07-31T01:01:35Z,762,6,4,5,4,0,1,1,1,1785458518
2026-07-31T01:01:35Z,768,9,0,8,2,0,1,1,1,1785459556
2026-07-31T01:01:35Z,769,18,8,1,0,0,1,1,1,1785459461
2026-07-31T01:01:35Z,770,10,2,7,2,0,1,1,1,1785459543
2026-07-31T01:01:35Z,771,13,3,1,1,0,1,1,1,1785458502
2026-07-31T01:01:35Z,772,2,2,12,1,0,1,1,1,1785459502
2026-07-31T01:01:35Z,773,6,4,13,0,0,1,1,1,1785459282
2026-07-31T01:01:35Z,774,3,2,9,3,0,1,1,1,1785458950
2026-07-31T01:01:35Z,775,5,0,12,1,1,1,1,1,1785459549
2026-07-31T01:01:35Z,776,3,1,17,1,0,1,1,1,1785459256
2026-07-31T01:01:35Z,777,8,0,4,3,0,1,1,1,1785459039
2026-07-31T01:01:35Z,778,13,0,3,3,0,1,1,1,1785459286
2026-07-31T01:01:35Z,779,8,1,10,1,0,1,1,1,1785459691
2026-07-31T01:01:35Z,780,14,1,4,1,0,1,1,1,1785459537
2026-07-31T01:01:35Z,781,2,0,7,2,0,1,1,1,1785458114
2026-07-31T01:01:35Z,782,3,1,13,3,0,1,1,1,1785458853
2026-07-31T01:01:35Z,783,4,0,15,0,0,1,1,1,1785458112
2026-07-31T01:01:35Z,784,10,1,6,3,0,1,1,1,1785459497
2026-07-31T01:01:35Z,785,9,0,4,6,0,1,1,1,1785458263
2026-07-31T01:01:35Z,786,8,2,11,0,0,1,1,1,1785457888
2026-07-31T01:01:35Z,787,10,5,3,2,0,1,1,1,1785459622
2026-07-31T01:01:35Z,788,3,0,12,0,0,1,1,1,1785459555
2026-07-31T01:01:35Z,789,6,2,5,4,0,1,1,1,1785459539
2026-07-31T01:01:35Z,790,6,0,16,1,0,1,1,1,1785459689
2026-07-31T01:01:35Z,791,6,1,12,0,1,1,1,1,1785459490
2026-07-31T01:01:35Z,793,4,0,10,1,0,1,1,1,1785459015
2026-07-31T01:01:35Z,794,9,2,19,1,0,1,1,1,1785459502
2026-07-31T01:01:35Z,796,6,3,12,1,0,1,1,1,1785458744
2026-07-31T01:01:35Z,797,3,0,12,0,0,1,1,1,1785459301
2026-07-31T01:01:35Z,798,8,0,16,1,0,1,1,1,1785459326
2026-07-31T01:01:35Z,799,11,3,4,4,0,1,1,1,1785458712
2026-07-31T01:01:35Z,800,17,3,3,1,0,1,1,1,1785459673
2026-07-31T01:01:35Z,801,1,0,19,1,0,1,1,1,1785459535
2026-07-31T01:01:35Z,802,12,1,19,0,0,1,1,1,1785458784
2026-07-31T01:01:35Z,803,0,0,14,1,0,1,1,1,1785458569
2026-07-31T01:01:35Z,806,7,7,8,0,0,1,1,1,1785459449
2026-07-31T01:01:35Z,807,0,0,24,1,0,1,1,1,1785459496
2026-07-31T01:01:35Z,808,4,0,19,2,0,1,1,1,1785459389
2026-07-31T01:01:35Z,809,5,1,17,1,0,1,1,1,1785458693
2026-07-31T01:01:35Z,810,2,0,13,4,0,1,1,1,1785459117
2026-07-31T01:01:35Z,815,9,1,1,4,1,1,1,1,1785459249
2026-07-31T01:01:35Z,817,8,4,7,0,0,1,1,1,1785458078
2026-07-31T01:01:35Z,818,5,0,17,1,0,1,1,1,1785459217
2026-07-31T01:01:35Z,819,6,4,9,0,0,1,1,1,1785455226
2026-07-31T01:01:35Z,820,7,1,10,0,0,1,1,1,1785458222
2026-07-31T01:01:35Z,821,2,2,13,0,0,1,1,1,1785458964
2026-07-31T01:01:35Z,822,19,2,2,2,0,1,1,1,1785459596
2026-07-31T01:01:35Z,823,11,0,3,1,0,1,1,1,1785458526
2026-07-31T01:01:35Z,824,14,3,4,1,0,1,1,1,1785459671
2026-07-31T01:01:35Z,825,9,5,6,0,0,1,1,1,1785457432
2026-07-31T01:01:35Z,826,4,1,14,1,0,1,1,1,1785459636
2026-07-31T01:01:35Z,827,14,5,6,1,0,1,1,1,1785459309
2026-07-31T01:01:35Z,828,7,2,9,2,0,1,1,1,1785459383
2026-07-31T01:01:35Z,829,14,6,13,0,0,1,1,1,1785459115
2026-07-31T01:01:35Z,830,14,0,8,1,0,1,1,1,1785459325
2026-07-31T01:01:35Z,831,3,3,11,1,0,1,1,1,1785459608
2026-07-31T01:01:35Z,832,11,4,4,3,0,1,1,1,1785458943
2026-07-31T01:01:35Z,833,1,1,17,1,0,1,1,1,1785459059
2026-07-31T01:01:35Z,834,2,0,20,2,0,1,1,1,1785459494
2026-07-31T01:01:35Z,835,7,2,10,1,0,1,1,1,1785459561
2026-07-31T01:01:35Z,837,5,1,0,10,0,1,1,1,1785458604
2026-07-31T01:01:35Z,838,10,0,4,1,0,1,1,1,1785459114
2026-07-31T01:01:35Z,839,29,0,0,0,0,1,1,1,1785459111
2026-07-31T01:01:35Z,840,4,0,23,2,0,1,1,1,1785459685
2026-07-31T01:01:35Z,841,6,0,9,0,0,1,1,1,1785459442
2026-07-31T01:01:35Z,842,6,1,17,0,0,1,1,1,1785458105
2026-07-31T01:01:35Z,843,9,0,21,1,0,1,1,1,1785458237
2026-07-31T01:01:35Z,844,6,1,17,0,0,1,1,1,1785458155
2026-07-31T01:01:35Z,845,5,3,12,2,0,1,1,1,1785458516
2026-07-31T01:01:35Z,846,5,1,12,2,0,1,1,1,1785459469
2026-07-31T01:01:35Z,847,4,1,23,0,0,1,1,1,1785459169
2026-07-31T01:01:35Z,848,7,0,11,1,0,1,1,1,1785459619
2026-07-31T01:01:35Z,849,9,3,6,0,0,1,1,1,1785459339
2026-07-31T01:01:35Z,850,9,0,1,1,0,1,1,1,1785459543
2026-07-31T01:01:35Z,851,0,0,35,2,0,1,1,1,1785459264
2026-07-31T01:01:35Z,852,9,3,9,1,0,1,1,1,1785458259
2026-07-31T01:01:35Z,853,9,4,14,0,0,1,1,1,1785459062
2026-07-31T01:01:35Z,854,2,2,13,0,0,1,1,1,1785459209
2026-07-31T01:01:35Z,855,15,2,12,0,0,1,1,1,1785459254
2026-07-31T01:01:35Z,857,3,3,15,1,0,1,1,1,1785458665
2026-07-31T01:01:35Z,858,4,1,14,1,0,1,1,1,1785458865
2026-07-31T01:01:35Z,859,3,0,17,1,0,1,1,1,1785459115
2026-07-31T01:01:35Z,861,8,1,2,1,0,1,1,1,1785455675
2026-07-31T01:01:35Z,862,1,1,14,0,0,1,1,1,1785458430
2026-07-31T01:01:35Z,863,11,0,7,1,0,1,1,1,1785458591
2026-07-31T01:01:35Z,866,6,0,12,1,0,1,1,1,1785458669
2026-07-31T01:01:35Z,867,12,0,3,0,0,1,1,1,1785458052
2026-07-31T01:01:35Z,868,13,2,2,0,0,1,1,1,1785458222
2026-07-31T01:01:35Z,870,7,5,7,1,0,1,1,1,1785458436
2026-07-31T01:01:35Z,871,0,0,10,1,0,1,1,1,1785459669
2026-07-31T01:01:35Z,872,0,0,14,1,0,1,1,1,1785458367
2026-07-31T01:01:35Z,873,0,0,32,1,0,1,1,1,1785458202
2026-07-31T01:01:35Z,874,2,0,10,3,0,1,1,1,1785459226
2026-07-31T01:01:35Z,875,15,11,0,0,0,1,1,1,1785459377
2026-07-31T01:01:35Z,877,12,11,6,1,0,1,1,1,1785457905
2026-07-31T01:01:35Z,878,4,4,14,1,0,1,1,1,1785458562
2026-07-31T01:01:35Z,879,2,0,17,0,0,1,1,1,1785459369
2026-07-31T01:01:35Z,880,4,1,18,1,0,1,1,1,1785459413
2026-07-31T01:01:35Z,881,3,0,16,0,0,1,1,1,1785458350
2026-07-31T01:01:35Z,882,11,0,6,2,0,1,1,1,1785457778
2026-07-31T01:01:35Z,883,10,6,9,0,0,1,1,1,1785458663
2026-07-31T01:01:35Z,884,11,7,10,0,0,1,1,1,1785457881
2026-07-31T01:01:35Z,885,1,0,18,0,0,1,1,1,1785458221
2026-07-31T01:01:35Z,886,0,0,28,1,0,1,1,1,1785458924
2026-07-31T01:01:35Z,887,0,0,14,3,0,1,1,1,1785458985
2026-07-31T01:01:35Z,888,12,1,27,2,0,1,1,1,1785459545
2026-07-31T01:01:35Z,889,6,0,11,2,0,1,1,1,1785459580
2026-07-31T01:01:35Z,890,4,1,10,1,0,1,1,1,1785455867
2026-07-31T01:01:35Z,891,12,0,10,1,0,1,1,1,1785459486
2026-07-31T01:01:35Z,892,12,1,3,0,0,1,1,1,1785456450
2026-07-31T01:01:35Z,895,1,0,17,1,0,1,1,1,1785449127
2026-07-31T01:01:35Z,896,20,3,15,0,0,1,1,1,1785459025
2026-07-31T01:01:35Z,897,9,1,12,0,0,1,1,1,1785459107
2026-07-31T01:01:35Z,898,1,0,18,0,0,1,1,1,1785459329
2026-07-31T01:01:35Z,899,19,2,0,0,0,1,1,1,1785459261
2026-07-31T01:01:35Z,900,20,1,7,0,0,1,1,1,1785459638
2026-07-31T01:01:35Z,901,17,1,1,1,0,1,1,1,1785459482
2026-07-31T01:01:35Z,902,12,1,2,1,0,1,1,1,1785458645
2026-07-31T01:01:35Z,903,6,0,13,0,0,1,1,1,1785459261
2026-07-31T01:01:35Z,904,11,5,8,0,0,1,1,1,1785458524
2026-07-31T01:01:35Z,905,5,3,22,0,0,1,1,1,1785459571
2026-07-31T01:01:35Z,906,13,11,14,0,0,1,1,1,1785459295
2026-07-31T01:01:35Z,907,30,5,1,0,0,1,1,1,1785459673
2026-07-31T01:01:35Z,908,7,2,16,0,0,1,1,1,1785458485
2026-07-31T01:01:35Z,909,6,5,17,0,0,1,1,1,1785459304
2026-07-31T01:01:35Z,910,19,0,12,0,0,1,1,1,1785459643
2026-07-31T01:01:35Z,911,9,0,10,0,0,1,1,1,1785458079
2026-07-31T01:01:35Z,912,5,2,15,3,0,1,1,1,1785459693
2026-07-31T01:01:35Z,913,5,2,14,0,0,1,1,1,1785459042
2026-07-31T01:01:35Z,914,9,1,10,0,0,1,1,1,1785459101
2026-07-31T01:01:35Z,915,16,0,6,1,0,1,1,1,1785459683
2026-07-31T01:01:35Z,916,2,0,21,0,0,1,1,1,1785458717
2026-07-31T01:01:35Z,917,33,2,0,2,0,1,1,1,1785459475
2026-07-31T01:01:35Z,918,3,1,14,2,0,1,1,1,1785459583
2026-07-31T01:01:35Z,919,1,0,36,2,0,1,1,1,1785459632
2026-07-31T01:01:35Z,920,3,1,16,0,0,1,1,1,1785458891
2026-07-31T01:01:35Z,921,16,0,5,0,0,1,1,1,1785459503
2026-07-31T01:01:35Z,922,1,0,20,0,0,1,1,1,1785459151
2026-07-31T01:01:35Z,923,11,10,7,1,0,1,1,1,1785459693
2026-07-31T01:01:35Z,924,8,0,13,0,0,1,1,1,1785459208
2026-07-31T01:01:35Z,925,16,2,5,0,0,1,1,1,1785458641
2026-07-31T01:01:35Z,926,1,1,20,0,0,1,1,1,1785458819
2026-07-31T01:01:35Z,927,25,1,10,0,0,1,1,1,1785459173
2026-07-31T01:01:35Z,928,13,0,6,0,0,1,1,1,1785459263
2026-07-31T01:01:35Z,929,5,3,18,0,0,1,1,1,1785459627
2026-07-31T01:01:35Z,930,6,0,23,2,0,1,1,1,1785459667
2026-07-31T01:01:35Z,931,0,0,23,0,0,1,1,1,1785458711
2026-07-31T01:01:35Z,932,14,0,0,5,0,1,1,1,1785459550
2026-07-31T01:01:35Z,933,21,2,1,1,0,1,1,1,1785459497
2026-07-31T01:01:35Z,934,0,0,30,1,0,1,1,1,1785459405
2026-07-31T01:01:35Z,935,8,0,9,2,0,1,1,1,1785459680
2026-07-31T01:01:35Z,936,4,1,15,0,0,1,1,1,1785456801
2026-07-31T01:01:35Z,940,11,3,0,0,0,1,1,1,1785458580
2026-07-31T01:01:35Z,941,5,0,18,2,0,1,1,1,1785459332
2026-07-31T01:01:35Z,942,16,4,5,0,0,1,1,1,1785459413
2026-07-31T01:01:35Z,943,8,8,7,0,0,1,1,1,1785458498
2026-07-31T01:01:35Z,944,9,8,6,0,0,1,1,1,1785458289
2026-07-31T01:01:35Z,945,10,8,5,0,0,1,1,1,1785459611
2026-07-31T01:01:35Z,946,7,5,12,0,0,1,1,1,1785424152
2026-07-31T01:01:35Z,947,7,5,10,0,0,1,1,1,1785459029
2026-07-31T01:01:35Z,948,0,0,27,4,0,1,1,1,1785458708
2026-07-31T01:01:35Z,949,1,0,14,0,0,1,1,1,1785459538
2026-07-31T01:01:35Z,950,3,1,13,1,0,1,1,1,1785459423
2026-07-31T01:01:35Z,951,7,0,15,1,0,1,1,1,1785459230
2026-07-31T01:01:35Z,952,24,1,30,1,0,1,1,1,1785459673
2026-07-31T01:01:35Z,953,15,1,0,0,0,1,1,1,1785459392
2026-07-31T01:01:35Z,954,15,0,4,0,0,1,1,1,1785458389
2026-07-31T01:01:35Z,955,0,0,22,5,0,1,1,1,1785459134
2026-07-31T01:01:35Z,956,13,0,9,1,0,1,1,1,1785459290
2026-07-31T01:01:35Z,957,18,1,10,1,0,1,1,1,1785459654
2026-07-31T01:01:35Z,958,25,0,6,0,0,1,1,1,1785459670
2026-07-31T01:01:35Z,959,15,4,7,1,0,1,1,1,1785459576
2026-07-31T01:01:35Z,960,15,9,7,1,0,1,1,1,1785459490
2026-07-31T01:01:35Z,961,1,1,19,3,0,1,1,1,1785459024
2026-07-31T01:01:35Z,962,4,0,28,3,0,1,1,1,1785459431
2026-07-31T01:01:35Z,963,8,0,14,1,0,1,1,1,1785458812
2026-07-31T01:01:35Z,964,2,2,20,1,0,1,1,1,1785459545
2026-07-31T01:01:35Z,965,4,1,22,1,0,1,1,1,1785459346
2026-07-31T01:01:35Z,966,12,0,19,0,0,1,1,1,1785459249
2026-07-31T01:01:35Z,967,2,0,17,2,0,1,1,1,1785459585
2026-07-31T01:01:35Z,968,3,2,16,0,0,1,1,1,1785459677
2026-07-31T01:01:35Z,969,5,5,20,2,0,1,1,1,1785459122
2026-07-31T01:01:35Z,970,9,3,9,1,0,1,1,1,1785459244
2026-07-31T01:01:35Z,971,21,0,1,1,0,1,1,1,1785459580
2026-07-31T01:01:35Z,972,6,0,16,1,0,1,1,1,1785458206
2026-07-31T01:01:35Z,973,6,4,16,1,0,1,1,1,1785459513
2026-07-31T01:01:35Z,974,13,0,14,0,0,1,1,1,1785459389
2026-07-31T01:01:35Z,977,5,3,12,4,0,1,1,1,1785459164
2026-07-31T01:01:35Z,978,12,3,10,1,0,1,1,1,1785459339
2026-07-31T01:01:35Z,979,1,0,16,0,0,1,1,1,1785459212
2026-07-31T01:01:35Z,980,2,0,18,1,0,1,1,1,1785459632
2026-07-31T01:01:35Z,981,3,0,17,1,0,1,1,1,1785459513
2026-07-31T01:01:35Z,982,3,1,14,2,0,1,1,1,1785458309
2026-07-31T01:01:35Z,983,1,1,21,1,0,1,1,1,1785458908
2026-07-31T01:01:35Z,984,5,0,18,0,0,1,1,1,1785459598
2026-07-31T01:01:35Z,985,25,0,6,0,0,1,1,1,1785459332
2026-07-31T01:01:35Z,986,2,0,17,0,0,1,1,1,1785458306
2026-07-31T01:01:35Z,987,5,0,17,1,0,1,1,1,1785458814
2026-07-31T01:01:35Z,988,6,2,12,1,0,1,1,1,1785458597
2026-07-31T01:01:35Z,989,8,4,11,0,0,1,1,1,1785459261
2026-07-31T01:01:35Z,990,13,1,0,2,0,1,1,1,1785458537
2026-07-31T01:01:35Z,991,8,1,10,1,0,1,1,1,1785458140
2026-07-31T01:01:35Z,992,8,6,14,1,0,1,1,1,1785459005
2026-07-31T01:01:35Z,993,2,0,25,0,0,1,1,1,1785459654
2026-07-31T01:01:35Z,994,1,1,20,0,0,1,1,1,1785459304
2026-07-31T01:01:35Z,995,7,0,20,0,0,1,1,1,1785458422
2026-07-31T01:01:35Z,996,9,1,14,0,0,1,1,1,1785458241
2026-07-31T01:01:35Z,997,10,4,11,2,0,1,1,1,1785459544
2026-07-31T01:01:35Z,998,4,2,18,1,0,1,1,1,1785458847
2026-07-31T01:01:35Z,999,4,2,15,1,1,1,1,1,1785458356
2026-07-31T01:01:35Z,1000,2,0,19,0,0,1,1,1,1785459152
2026-07-31T01:01:35Z,1001,1,0,26,0,0,1,1,1,1785458563
2026-07-31T01:01:35Z,1002,0,0,27,4,0,1,1,1,1785458530
2026-07-31T01:01:35Z,1003,0,0,22,1,0,1,1,1,1785459482
2026-07-31T01:01:35Z,1004,5,0,18,0,0,1,1,1,1785459471
2026-07-31T01:01:35Z,1005,20,1,3,0,0,1,1,1,1785458405
2026-07-31T01:01:35Z,1006,7,4,11,1,0,1,1,1,1785458261
2026-07-31T01:01:35Z,1007,5,2,16,0,0,1,1,1,1785458603
2026-07-31T01:01:35Z,1008,6,5,15,2,0,1,1,1,1785459178
2026-07-31T01:01:35Z,1009,21,4,8,2,0,1,1,1,1785459060
2026-07-31T01:01:35Z,1010,7,2,20,0,0,1,1,1,1785458048
2026-07-31T01:01:35Z,1011,6,1,11,2,0,1,1,1,1785458641
2026-07-31T01:01:35Z,1012,4,3,18,1,0,1,1,1,1785458171
2026-07-31T01:01:35Z,1013,3,1,19,1,0,1,1,1,1785458920
2026-07-31T01:01:35Z,1014,7,3,14,2,0,1,1,1,1785458681
2026-07-31T01:01:35Z,1015,4,3,25,2,0,1,1,1,1785459346
2026-07-31T01:01:35Z,1016,10,5,21,0,0,1,1,1,1785457967
2026-07-31T01:01:35Z,1017,14,5,7,0,0,1,1,1,1785459401
2026-07-31T01:01:35Z,1018,8,2,14,0,0,1,1,1,1785458261
2026-07-31T01:01:35Z,1019,7,5,8,0,0,1,1,1,1785458237
2026-07-31T01:01:35Z,1020,18,3,3,0,0,1,1,1,1785459278
2026-07-31T01:01:35Z,1021,8,3,6,1,0,1,1,1,1785459043
2026-07-31T01:01:35Z,1022,14,0,13,0,0,1,1,1,1785458323
2026-07-31T01:01:35Z,1023,12,1,10,1,0,1,1,1,1785457988
2026-07-31T01:01:35Z,1024,6,3,13,0,0,1,1,1,1785459017
2026-07-31T01:01:35Z,1025,4,0,14,0,1,1,1,1,1785459102
2026-07-31T01:01:35Z,1026,8,4,18,5,0,1,1,1,1785459220
2026-07-31T01:01:35Z,1028,2,0,20,1,0,1,1,1,1785458353
2026-07-31T01:01:35Z,1029,10,9,5,0,0,1,1,1,1785459328
2026-07-31T01:01:35Z,1030,13,5,10,0,0,1,1,1,1785459022
2026-07-31T01:01:35Z,1031,10,0,9,0,0,1,1,1,1785459432
2026-07-31T01:01:35Z,1032,7,1,12,0,0,1,1,1,1785458274
2026-07-31T01:01:35Z,1033,8,5,10,1,0,1,1,1,1785459079
2026-07-31T01:01:35Z,1034,1,0,14,0,0,1,1,1,1785458322
2026-07-31T01:01:35Z,1035,3,0,15,1,0,1,1,1,1785458790
2026-07-31T01:01:35Z,1036,15,1,0,0,0,1,1,1,1785458892
2026-07-31T01:01:35Z,1037,4,1,14,1,0,1,1,1,1785458714
2026-07-31T01:01:35Z,1038,3,1,11,1,0,1,1,1,1785458020
2026-07-31T01:01:35Z,1039,4,2,15,0,0,1,1,1,1785458429
2026-07-31T01:01:35Z,1040,9,4,9,1,0,1,1,1,1785458304
2026-07-31T01:01:35Z,1041,8,2,9,2,0,1,1,1,1785458973
2026-07-31T01:01:35Z,1042,11,0,2,2,0,1,1,1,1785459452
2026-07-31T01:01:35Z,1043,10,1,7,2,0,1,1,1,1785458345
2026-07-31T01:01:35Z,1044,2,1,13,0,0,1,1,1,1785458073
2026-07-31T01:01:35Z,1045,10,0,9,0,0,1,1,1,1785458264
2026-07-31T01:01:35Z,1046,8,0,7,0,0,1,1,1,1785459515
2026-07-31T01:01:35Z,1047,3,0,18,0,0,1,1,1,1785459011
2026-07-31T01:01:35Z,1048,6,1,13,0,0,1,1,1,1785458628
2026-07-31T01:01:35Z,1049,2,0,19,0,0,1,1,1,1785458266
2026-07-31T01:01:35Z,1050,18,5,3,0,0,1,1,1,1785459661
2026-07-31T01:01:35Z,1051,7,3,14,0,0,1,1,1,1785459276
2026-07-31T01:01:35Z,1052,17,2,5,0,0,1,1,1,1785458079
2026-07-31T01:01:35Z,1053,1,1,14,0,0,1,1,1,1785458196
2026-07-31T01:01:35Z,1054,14,1,1,0,0,1,1,1,1785458440
2026-07-31T01:01:35Z,1055,6,1,13,0,0,1,1,1,1785458400
2026-07-31T01:01:35Z,1057,5,1,14,0,0,1,1,1,1785459617
2026-07-31T01:01:35Z,1058,45,0,11,0,0,1,1,1,1785459690
2026-07-31T01:01:35Z,1059,3,0,14,2,0,1,1,1,1785458331
2026-07-31T01:01:35Z,1060,6,1,31,0,0,1,1,1,1785459538
2026-07-31T01:01:35Z,1061,17,2,20,0,0,1,1,1,1785459598
2026-07-31T01:01:35Z,1062,16,3,1,0,0,1,1,1,1785458830
2026-07-31T01:01:35Z,1063,12,1,6,1,0,1,1,1,1785458320
2026-07-31T01:01:35Z,1064,6,2,16,1,0,1,1,1,1785458593
2026-07-31T01:01:35Z,1065,15,3,8,0,0,1,1,1,1785458855
2026-07-31T01:01:35Z,1066,11,2,12,0,0,1,1,1,1785458813
2026-07-31T01:01:35Z,1067,7,1,15,1,0,1,1,1,1785458949
2026-07-31T01:01:35Z,1068,8,2,13,2,0,1,1,1,1785458405
2026-07-31T01:01:35Z,1069,12,3,11,0,0,1,1,1,1785458490
2026-07-31T01:01:35Z,1070,11,2,12,0,0,1,1,1,1785458583
2026-07-31T01:01:35Z,1071,7,4,16,0,0,1,1,1,1785458623
2026-07-31T01:01:35Z,1072,11,1,11,1,0,1,1,1,1785458933
2026-07-31T01:01:35Z,1073,10,3,15,2,0,1,1,1,1785459693
2026-07-31T01:01:35Z,1074,53,0,0,0,0,1,1,1,1785459512
2026-07-31T01:01:35Z,1075,9,8,12,0,0,1,1,1,1785457993
2026-07-31T01:01:35Z,1076,13,11,8,0,0,1,1,1,1785459241
2026-07-31T01:01:35Z,1077,8,5,13,0,0,1,1,1,1785458201
2026-07-31T01:01:35Z,1078,13,10,8,0,0,1,1,1,1785459286
2026-07-31T01:01:35Z,1079,12,9,9,0,0,1,1,1,1785458109
2026-07-31T01:01:35Z,1080,9,7,11,1,0,1,1,1,1785458702
2026-07-31T01:01:35Z,1081,14,9,5,0,0,1,1,1,1785459139
2026-07-31T01:01:35Z,1082,4,4,4,0,0,1,1,1,1785458712
2026-07-31T01:01:35Z,1083,12,10,9,0,0,1,1,1,1785458357
2026-07-31T01:01:35Z,1084,8,7,13,0,0,1,1,1,1785457992
2026-07-31T01:01:35Z,1085,10,10,11,0,0,1,1,1,1785459396
2026-07-31T01:01:35Z,1086,8,7,12,1,0,1,1,1,1785458302
2026-07-31T01:01:35Z,1087,8,7,7,0,0,1,1,1,1785459391
2026-07-31T01:01:35Z,1088,10,7,5,0,0,1,1,1,1785458326
2026-07-31T01:01:35Z,1089,6,4,9,0,0,1,1,1,1785458702
2026-07-31T01:01:35Z,1090,8,7,7,0,0,1,1,1,1785459225
2026-07-31T01:01:35Z,1091,10,5,5,0,0,1,1,1,1785459135
2026-07-31T01:01:35Z,1092,9,9,5,1,0,1,1,1,1785458679
2026-07-31T01:01:35Z,1093,7,6,8,0,0,1,1,1,1785459049
2026-07-31T01:01:35Z,1094,10,8,8,1,0,1,1,1,1785458301
2026-07-31T01:01:35Z,1095,9,8,6,0,0,1,1,1,1785459013
2026-07-31T01:01:35Z,1096,6,3,12,1,0,1,1,1,1785458638
2026-07-31T01:01:35Z,1097,10,10,5,0,0,1,1,1,1785459310
2026-07-31T01:01:35Z,1098,9,7,10,0,0,1,1,1,1785459178
2026-07-31T01:01:35Z,1099,7,6,8,0,0,1,1,1,1785458111
2026-07-31T01:01:35Z,1100,5,1,24,0,0,1,1,1,1785452920
2026-07-31T01:01:35Z,1101,10,5,11,0,0,1,1,1,1785457979
2026-07-31T01:01:35Z,1102,9,4,4,0,0,1,1,1,1785459144
2026-07-31T01:01:35Z,1103,10,5,11,0,0,1,1,1,1785458054
2026-07-31T01:01:35Z,1104,10,5,11,0,0,1,1,1,1785459545
2026-07-31T01:01:35Z,1105,7,3,6,0,0,1,1,1,1785459038
2026-07-31T01:01:35Z,1106,13,7,8,0,0,1,1,1,1785458063
2026-07-31T01:01:35Z,1107,9,5,6,0,0,1,1,1,1785458414
2026-07-31T01:01:35Z,1108,8,3,16,3,0,1,1,1,1785458803
2026-07-31T01:01:35Z,1109,5,3,10,0,0,1,1,1,1785458377
2026-07-31T01:01:35Z,1110,8,0,13,0,0,1,1,1,1785459425
2026-07-31T01:01:35Z,1111,2,0,19,0,0,1,1,1,1785459396
2026-07-31T01:01:35Z,1112,47,0,6,0,0,1,1,1,1785459553
2026-07-31T01:01:35Z,1113,0,0,21,0,0,1,1,1,1785459415
2026-07-31T01:01:35Z,1115,20,7,2,1,0,1,1,1,1785458749
2026-07-31T01:01:35Z,1116,4,1,15,0,0,1,1,1,1785458291
2026-07-31T01:01:35Z,1117,0,0,23,0,0,1,1,1,1785459616
2026-07-31T01:01:35Z,1118,14,1,6,1,0,1,1,1,1785459546
2026-07-31T01:01:35Z,1119,12,1,5,0,0,1,1,1,1785459322
2026-07-31T01:01:35Z,1120,13,2,5,1,0,1,1,1,1785459493
2026-07-31T01:01:35Z,1121,7,4,12,2,0,1,1,1,1785458686
2026-07-31T01:01:35Z,1122,16,9,3,2,0,1,1,1,1785459459
2026-07-31T01:01:35Z,1123,4,0,17,2,0,1,1,1,1785459546
2026-07-31T01:01:35Z,1124,9,1,2,4,0,1,1,1,1785459320
2026-07-31T01:01:35Z,1125,14,0,9,0,0,1,1,1,1785458542
2026-07-31T01:01:35Z,1126,7,3,12,2,0,1,1,1,1785459662
2026-07-31T01:01:35Z,1127,12,2,6,1,0,1,1,1,1785459657
2026-07-31T01:01:35Z,1128,10,0,4,1,0,1,1,1,1785459453
2026-07-31T01:01:35Z,1129,4,0,17,0,0,1,1,1,1785458999
2026-07-31T01:01:35Z,1130,6,0,9,0,0,1,1,1,1785459688
2026-07-31T01:01:35Z,1131,1,0,47,1,0,1,1,1,1785459279
2026-07-31T01:01:35Z,1132,12,4,8,1,0,1,1,1,1785459687
2026-07-31T01:01:35Z,1133,9,4,11,1,0,1,1,1,1785459268
2026-07-31T01:01:35Z,1134,11,6,8,0,0,1,1,1,1785458787
2026-07-31T01:01:35Z,1135,10,5,11,0,0,1,1,1,1785459689
2026-07-31T01:01:35Z,1136,14,0,9,0,0,1,1,1,1785459342
2026-07-31T01:01:35Z,1137,8,0,7,0,0,1,1,1,1785459058
2026-07-31T01:01:35Z,1138,10,2,9,0,0,1,1,1,1785458255
2026-07-31T01:01:35Z,1139,9,2,10,2,0,1,1,1,1785459536
2026-07-31T01:01:35Z,1140,17,2,5,1,0,1,1,1,1785459497
2026-07-31T01:01:35Z,1141,2,2,18,1,0,1,1,1,1785459495
2026-07-31T01:01:35Z,1142,21,1,0,0,0,1,1,1,1785458922
2026-07-31T01:01:35Z,1143,24,4,5,0,0,1,1,1,1785459582
2026-07-31T01:01:35Z,1144,9,4,10,2,0,1,1,1,1785458557
2026-07-31T01:01:35Z,1145,12,6,8,1,0,1,1,1,1785458647
2026-07-31T01:01:35Z,1146,4,4,14,1,0,1,1,1,1785459688
2026-07-31T01:01:35Z,1147,1,0,18,0,0,1,1,1,1785459457
2026-07-31T01:01:35Z,1148,5,3,26,0,0,1,1,1,1785459461
2026-07-31T01:01:35Z,1149,3,3,18,4,0,1,1,1,1785457882
2026-07-31T01:01:35Z,1150,6,0,13,0,0,1,1,1,1785459556
2026-07-31T01:01:35Z,1151,2,1,19,0,0,1,1,1,1785458926
2026-07-31T01:01:35Z,1152,2,0,27,0,0,1,1,1,1785459568
2026-07-31T01:01:35Z,1153,9,0,13,1,0,1,1,1,1785459367
2026-07-31T01:01:35Z,1154,13,1,6,0,0,1,1,1,1785459567
2026-07-31T01:01:35Z,1155,10,5,10,1,0,1,1,1,1785459495
2026-07-31T01:01:35Z,1158,3,0,16,0,0,1,1,1,1785458185
2026-07-31T01:01:35Z,1159,11,0,8,0,0,1,1,1,1785458538
2026-07-31T01:01:35Z,1160,7,1,11,1,0,1,1,1,1785459196
2026-07-31T01:01:35Z,1161,4,1,14,1,0,1,1,1,1785459047
2026-07-31T01:01:35Z,1162,0,0,19,0,0,1,1,1,1785458923
2026-07-31T01:01:35Z,1163,1,1,17,1,0,1,1,1,1785458303
2026-07-31T01:01:35Z,1164,4,1,15,0,0,1,1,1,1785458362
2026-07-31T01:01:35Z,1165,8,1,13,0,0,1,1,1,1785459080
2026-07-31T01:01:35Z,1166,8,3,13,0,0,1,1,1,1785459162
2026-07-31T01:01:35Z,1167,4,0,11,0,0,1,1,1,1785458101
2026-07-31T01:01:35Z,1168,1,0,22,0,0,1,1,1,1785458521
2026-07-31T01:01:35Z,1169,3,0,15,1,0,1,1,1,1785458208
2026-07-31T01:01:35Z,1170,6,0,14,1,0,1,1,1,1785458562
2026-07-31T01:01:35Z,1171,8,7,14,1,0,1,1,1,1785458890
2026-07-31T01:01:35Z,1172,7,2,6,2,0,1,1,1,1785458496
2026-07-31T01:01:35Z,1173,10,3,9,0,0,1,1,1,1785458447
2026-07-31T01:01:35Z,1174,6,2,9,0,0,1,1,1,1785458990
2026-07-31T01:01:35Z,1175,7,3,12,0,0,1,1,1,1785456851
2026-07-31T01:01:35Z,1176,19,1,2,0,0,1,1,1,1785459458
2026-07-31T01:01:35Z,1177,3,1,18,0,0,1,1,1,1785459380
2026-07-31T01:01:35Z,1178,1,0,14,0,0,1,1,1,1785458170
2026-07-31T01:01:35Z,1181,12,2,3,0,0,1,1,1,1785459292
2026-07-31T01:01:35Z,1182,12,4,8,0,0,1,1,1,1785459085
2026-07-31T01:01:35Z,1183,3,0,40,2,0,1,1,1,1785459653
2026-07-31T01:01:35Z,1184,1,1,19,1,0,1,1,1,1785459556
2026-07-31T01:01:35Z,1185,10,5,11,0,0,1,1,1,1785459485
2026-07-31T01:01:35Z,1186,9,5,10,0,0,1,1,1,1785458718
2026-07-31T01:01:35Z,1187,11,6,9,1,0,1,1,1,1785459158
2026-07-31T01:01:35Z,1188,9,3,6,0,0,1,1,1,1785458427
2026-07-31T01:01:35Z,1189,10,5,9,0,0,1,1,1,1785458472
2026-07-31T01:01:35Z,1190,10,5,11,0,0,1,1,1,1785459666
2026-07-31T01:01:35Z,1191,10,5,5,0,0,1,1,1,1785458432
2026-07-31T01:01:35Z,1192,11,7,10,0,0,1,1,1,1785458217
2026-07-31T01:01:35Z,1193,6,4,5,2,0,1,1,1,1785459339
2026-07-31T01:01:35Z,1197,9,6,7,1,0,1,1,1,1785459397
2026-07-31T01:01:35Z,1198,14,4,5,2,0,1,1,1,1785458745
2026-07-31T01:01:35Z,1199,2,0,17,0,0,1,1,1,1785458775
2026-07-31T01:01:35Z,1200,11,5,4,0,0,1,1,1,1785459100
2026-07-31T01:01:35Z,1201,9,4,6,0,0,1,1,1,1785458446
2026-07-31T01:01:35Z,1202,10,5,5,0,0,1,1,1,1785458540
2026-07-31T01:01:35Z,1203,10,5,5,0,0,1,1,1,1785458436
2026-07-31T01:01:35Z,1204,7,3,11,1,0,1,1,1,1785458153
2026-07-31T01:01:35Z,1206,11,5,10,0,0,1,1,1,1785459171
2026-07-31T01:01:35Z,1207,10,5,5,0,0,1,1,1,1785458755
2026-07-31T01:01:35Z,1208,7,2,11,1,0,1,1,1,1785458635
2026-07-31T01:01:35Z,1216,7,0,13,1,0,1,1,1,1785459407
2026-07-31T01:01:35Z,1218,5,0,16,0,0,1,1,1,1785457986
2026-07-31T01:01:35Z,1219,7,2,7,1,0,1,1,1,1785457898
2026-07-31T01:01:35Z,1220,14,7,4,1,0,1,1,1,1785459662
2026-07-31T01:01:35Z,1221,2,2,19,0,0,1,1,1,1785459111
2026-07-31T01:01:35Z,1222,21,0,8,0,0,1,1,1,1785459216
2026-07-31T01:01:35Z,1223,20,2,7,2,0,1,1,1,1785459235
2026-07-31T01:01:35Z,1226,0,0,3,0,0,0,1,1,1781868931
2026-07-31T01:01:35Z,1227,15,2,10,0,0,1,1,1,1785458180
2026-07-31T01:01:35Z,1228,24,2,4,1,0,1,1,1,1785459398
2026-07-31T01:01:35Z,1229,45,1,0,0,0,1,1,1,1785459657
2026-07-31T01:06:36Z,1,2,0,21,0,0,1,1,1,1785459736
2026-07-31T01:06:36Z,2,6,0,19,2,0,1,1,1,1785459983
2026-07-31T01:06:36Z,3,3,1,10,1,0,1,1,1,1785459367
2026-07-31T01:06:36Z,4,21,1,0,1,0,1,1,1,1785456637
2026-07-31T01:06:36Z,5,8,3,15,0,0,1,1,1,1785456282
2026-07-31T01:06:36Z,6,14,0,1,0,0,1,1,1,1785459039
2026-07-31T01:06:36Z,7,10,0,29,0,0,1,1,1,1785458867
2026-07-31T01:06:36Z,8,2,0,41,0,0,1,1,1,1785459253
2026-07-31T01:06:36Z,9,5,0,15,3,0,1,1,1,1785459975
2026-07-31T01:06:36Z,10,2,0,19,2,0,1,1,1,1785459665
2026-07-31T01:06:36Z,11,3,0,15,1,0,1,1,1,1785459840
2026-07-31T01:06:36Z,12,9,0,14,0,0,1,1,1,1785459610
2026-07-31T01:06:36Z,13,18,2,12,0,0,1,1,1,1785459319
2026-07-31T01:06:36Z,14,41,0,1,0,1,1,1,1,1785459905
2026-07-31T01:06:36Z,15,8,0,7,0,0,1,1,1,1785459177
2026-07-31T01:06:36Z,16,10,0,14,2,1,1,1,1,1785459446
2026-07-31T01:06:36Z,17,21,0,5,1,0,1,1,1,1785459789
2026-07-31T01:06:36Z,18,15,0,1,2,0,1,1,1,1785459848
2026-07-31T01:06:36Z,19,22,2,4,1,0,1,1,1,1785459758
2026-07-31T01:06:36Z,20,27,4,8,0,0,1,1,1,1785459663
2026-07-31T01:06:36Z,21,19,1,0,0,0,1,1,1,1785459947
2026-07-31T01:06:36Z,22,48,0,16,1,0,1,1,1,1785459859
2026-07-31T01:06:36Z,23,18,3,13,0,0,1,1,1,1785459243
2026-07-31T01:06:36Z,24,6,2,4,1,0,1,1,1,1785459983
2026-07-31T01:06:36Z,25,74,1,3,4,0,1,1,1,1785459733
2026-07-31T01:06:36Z,26,6,1,21,0,0,1,1,1,1785459431
2026-07-31T01:06:36Z,28,1,0,14,0,0,1,1,1,1785459787
2026-07-31T01:06:36Z,30,12,1,16,1,0,1,1,1,1785459983
2026-07-31T01:06:36Z,31,1,0,16,2,0,1,1,1,1785459903
2026-07-31T01:06:36Z,32,19,4,8,0,0,1,1,1,1785459041
2026-07-31T01:06:36Z,34,24,2,13,0,0,1,1,1,1785459796
2026-07-31T01:06:36Z,35,45,2,2,0,0,1,1,1,1785459979
2026-07-31T01:06:36Z,36,0,0,0,0,0,0,1,1,86400
2026-07-31T01:06:36Z,37,17,1,6,0,0,1,1,1,1785459957
2026-07-31T01:06:36Z,38,11,0,12,0,0,1,1,1,1785459256
2026-07-31T01:06:36Z,39,22,1,17,0,0,1,1,1,1785459567
2026-07-31T01:06:36Z,40,9,0,11,1,0,1,1,1,1785459725
2026-07-31T01:06:36Z,41,3,0,39,1,0,1,1,1,1785459932
2026-07-31T01:06:36Z,42,29,6,2,0,0,1,1,1,1785459975
2026-07-31T01:06:36Z,43,5,0,18,0,0,1,1,1,1785459750
2026-07-31T01:06:36Z,45,6,1,22,1,0,1,1,1,1785459838
2026-07-31T01:06:36Z,46,1,0,30,0,0,1,1,1,1785459896
2026-07-31T01:06:36Z,47,14,2,0,1,0,1,1,1,1785459088
2026-07-31T01:06:36Z,48,14,0,13,0,0,1,1,1,1785459835
2026-07-31T01:06:36Z,49,2,0,17,4,0,1,1,1,1785459985
2026-07-31T01:06:36Z,50,0,0,19,0,0,1,1,1,1785459881
2026-07-31T01:06:36Z,51,54,1,23,0,0,1,1,1,1785459983
2026-07-31T01:06:36Z,52,4,0,20,3,0,1,1,1,1785459982
2026-07-31T01:06:36Z,55,0,0,22,1,0,1,1,1,1785459930
2026-07-31T01:06:36Z,56,3,3,40,0,0,1,1,1,1785459952
2026-07-31T01:06:36Z,57,8,1,19,0,0,1,1,1,1785459875
2026-07-31T01:06:36Z,58,2,1,25,1,0,1,1,1,1785459537
2026-07-31T01:06:36Z,59,3,1,22,2,0,1,1,1,1785459971
2026-07-31T01:06:36Z,61,15,0,24,0,0,1,1,1,1785459850
2026-07-31T01:06:36Z,62,16,14,31,2,0,1,1,1,1785459976
2026-07-31T01:06:36Z,63,4,1,14,1,0,1,1,1,1785459688
2026-07-31T01:06:36Z,64,15,0,0,4,0,1,1,1,1785458251
2026-07-31T01:06:36Z,65,14,5,4,1,0,1,1,1,1785459244
2026-07-31T01:06:36Z,67,1,0,38,0,0,1,1,1,1785459936
2026-07-31T01:06:36Z,68,3,0,34,0,0,1,1,1,1785459635
2026-07-31T01:06:36Z,69,6,1,7,2,0,1,1,1,1785459650
2026-07-31T01:06:36Z,71,4,2,22,1,0,1,1,1,1785459782
2026-07-31T01:06:36Z,72,10,6,20,1,0,1,1,1,1785459753
2026-07-31T01:06:36Z,73,1,0,30,0,0,1,1,1,1785459966
2026-07-31T01:06:36Z,74,5,1,14,0,0,1,1,1,1785459454
2026-07-31T01:06:36Z,75,0,0,30,2,0,1,1,1,1785456645
2026-07-31T01:06:36Z,76,1,0,17,1,0,1,1,1,1785459981
2026-07-31T01:06:36Z,77,8,1,18,1,0,1,1,1,1785459943
2026-07-31T01:06:36Z,78,1,1,22,0,0,1,1,1,1785459973
2026-07-31T01:06:36Z,79,1,1,15,1,0,1,1,1,1785459978
2026-07-31T01:06:36Z,80,1,0,19,3,0,1,1,1,1785459933
2026-07-31T01:06:36Z,81,6,1,25,0,0,1,1,1,1785459533
2026-07-31T01:06:36Z,82,2,2,21,0,0,1,1,1,1785459554
2026-07-31T01:06:36Z,83,1,1,32,1,0,1,1,1,1785459845
2026-07-31T01:06:36Z,84,3,2,24,0,0,1,1,1,1785459957
2026-07-31T01:06:36Z,85,1,0,14,0,0,1,1,1,1785459571
2026-07-31T01:06:36Z,86,2,0,24,1,0,1,1,1,1785459654
2026-07-31T01:06:36Z,87,4,0,15,0,0,1,1,1,1785459230
2026-07-31T01:06:36Z,88,3,0,39,1,0,1,1,1,1785459882
2026-07-31T01:06:36Z,89,30,2,5,0,0,1,1,1,1785459745
2026-07-31T01:06:36Z,90,10,1,7,1,0,1,1,1,1785459843
2026-07-31T01:06:36Z,91,9,1,8,0,0,1,1,1,1785458287
2026-07-31T01:06:36Z,92,4,0,12,3,0,1,1,1,1785459903
2026-07-31T01:06:36Z,93,22,0,1,0,0,1,1,1,1785459857
2026-07-31T01:06:36Z,94,18,1,0,1,0,1,1,1,1785459589
2026-07-31T01:06:36Z,95,3,3,30,1,1,1,1,1,1785459978
2026-07-31T01:06:36Z,96,9,0,21,1,0,1,1,1,1785459891
2026-07-31T01:06:36Z,97,12,1,4,1,0,1,1,1,1785459975
2026-07-31T01:06:36Z,98,26,3,6,3,0,1,1,1,1785459918
2026-07-31T01:06:36Z,99,15,0,0,0,0,1,1,1,1785459433
2026-07-31T01:06:36Z,100,26,1,1,0,0,1,1,1,1785459950
2026-07-31T01:06:36Z,101,14,3,0,1,0,1,1,1,1785459868
2026-07-31T01:06:36Z,102,21,0,2,0,0,1,1,1,1785459973
2026-07-31T01:06:36Z,103,28,0,2,0,0,1,1,1,1785459921
2026-07-31T01:06:36Z,104,23,0,2,2,0,1,1,1,1785459974
2026-07-31T01:06:36Z,105,16,0,3,0,0,1,1,1,1785459332
2026-07-31T01:06:36Z,106,0,0,21,0,0,1,1,1,1785458543
2026-07-31T01:06:36Z,107,32,0,5,0,0,1,1,1,1785459974
2026-07-31T01:06:36Z,108,34,1,1,0,0,1,1,1,1785459981
2026-07-31T01:06:36Z,109,21,4,2,0,0,1,1,1,1785459916
2026-07-31T01:06:36Z,110,14,2,8,1,0,1,1,1,1785459608
2026-07-31T01:06:36Z,111,1,0,35,0,0,1,1,1,1785459962
2026-07-31T01:06:36Z,112,13,0,1,1,0,1,1,1,1785458861
2026-07-31T01:06:36Z,113,9,3,8,2,0,1,1,1,1785459942
2026-07-31T01:06:36Z,114,2,2,27,1,1,1,1,1,1785459885
2026-07-31T01:06:36Z,115,4,1,20,4,0,1,1,1,1785459938
2026-07-31T01:06:36Z,116,9,6,18,0,0,1,1,1,1785459383
2026-07-31T01:06:36Z,118,20,12,0,3,0,1,1,1,1785459651
2026-07-31T01:06:36Z,119,1,1,34,3,0,1,1,1,1785459524
2026-07-31T01:06:36Z,120,8,0,18,1,0,1,1,1,1785459837
2026-07-31T01:06:36Z,121,3,0,15,0,1,1,1,1,1785459971
2026-07-31T01:06:36Z,122,5,0,15,1,0,1,1,1,1785459946
2026-07-31T01:06:36Z,123,17,0,30,0,0,1,1,1,1785459337
2026-07-31T01:06:36Z,124,20,12,14,1,0,1,1,1,1785459983
2026-07-31T01:06:36Z,125,0,0,23,0,0,1,1,1,1785459880
2026-07-31T01:06:36Z,126,9,1,22,0,0,1,1,1,1785459379
2026-07-31T01:06:36Z,127,1,1,33,1,0,1,1,1,1785459832
2026-07-31T01:06:36Z,128,12,12,6,1,0,1,1,1,1785459941
2026-07-31T01:06:36Z,129,7,3,11,1,0,1,1,1,1785459972
2026-07-31T01:06:36Z,130,4,0,13,0,0,1,1,1,1785457733
2026-07-31T01:06:36Z,131,4,3,5,2,0,1,1,1,1785459898
2026-07-31T01:06:36Z,132,3,0,11,0,1,1,1,1,1785459978
2026-07-31T01:06:36Z,134,6,5,15,2,0,1,1,1,1785459707
2026-07-31T01:06:36Z,135,10,1,9,0,0,1,1,1,1785459694
2026-07-31T01:06:36Z,136,16,3,7,0,0,1,1,1,1785459973
2026-07-31T01:06:36Z,137,3,3,16,0,0,1,1,1,1785459973
2026-07-31T01:06:36Z,138,14,3,23,0,0,1,1,1,1785459771
2026-07-31T01:06:36Z,139,12,4,5,2,0,1,1,1,1785459966
2026-07-31T01:06:36Z,140,11,5,11,1,0,1,1,1,1785459983
2026-07-31T01:06:36Z,141,17,8,19,0,0,1,1,1,1785459850
2026-07-31T01:06:36Z,142,11,4,12,0,0,1,1,1,1785459962
2026-07-31T01:06:36Z,143,14,5,17,0,0,1,1,1,1785459912
2026-07-31T01:06:36Z,144,22,1,5,0,0,1,1,1,1785459982
2026-07-31T01:06:36Z,145,14,5,14,1,0,1,1,1,1785459766
2026-07-31T01:06:36Z,146,1,1,21,1,0,1,1,1,1785459954
2026-07-31T01:06:36Z,147,5,1,12,2,0,1,1,1,1785459824
2026-07-31T01:06:36Z,148,11,9,16,0,0,1,1,1,1785459981
2026-07-31T01:06:36Z,149,3,2,24,0,0,1,1,1,1785459759
2026-07-31T01:06:36Z,150,23,7,10,2,0,1,1,1,1785459903
2026-07-31T01:06:36Z,151,12,6,11,0,0,1,1,1,1785459976
2026-07-31T01:06:36Z,152,20,3,3,4,0,1,1,1,1785459922
2026-07-31T01:06:36Z,153,1,0,0,29,1,1,1,1,1785459973
2026-07-31T01:06:36Z,154,10,0,9,4,0,1,1,1,1785459929
2026-07-31T01:06:36Z,155,12,5,1,1,0,1,1,1,1785459743
2026-07-31T01:06:36Z,156,16,1,3,0,0,1,1,1,1785457680
2026-07-31T01:06:36Z,157,12,1,13,2,0,1,1,1,1785459978
2026-07-31T01:06:36Z,158,3,0,13,0,0,1,1,1,1785459337
2026-07-31T01:06:36Z,159,7,2,12,0,0,1,1,1,1785459671
2026-07-31T01:06:36Z,160,12,3,7,0,0,1,1,1,1785459794
2026-07-31T01:06:36Z,161,7,0,15,0,0,1,1,1,1785459729
2026-07-31T01:06:36Z,162,13,8,11,3,0,1,1,1,1785459854
2026-07-31T01:06:36Z,163,15,0,15,0,1,1,1,1,1785459872
2026-07-31T01:06:36Z,164,23,5,4,0,0,1,1,1,1785459750
2026-07-31T01:06:36Z,165,27,8,3,1,0,1,1,1,1785459971
2026-07-31T01:06:36Z,166,11,7,25,3,0,1,1,1,1785459981
2026-07-31T01:06:36Z,167,13,7,9,1,0,1,1,1,1785459653
2026-07-31T01:06:36Z,168,4,0,22,1,0,1,1,1,1785459977
2026-07-31T01:06:36Z,169,9,2,13,0,1,1,1,1,1785459980
2026-07-31T01:06:36Z,170,4,4,14,1,0,1,1,1,1785459865
2026-07-31T01:06:36Z,171,6,0,5,2,0,1,1,1,1785459932
2026-07-31T01:06:36Z,173,34,6,5,0,0,1,1,1,1785459944
2026-07-31T01:06:36Z,174,13,0,10,3,0,1,1,1,1785459844
2026-07-31T01:06:36Z,175,30,0,0,1,0,1,1,1,1785459856
2026-07-31T01:06:36Z,176,7,3,5,2,1,1,1,1,1785459983
2026-07-31T01:06:36Z,177,17,8,10,0,0,1,1,1,1785459762
2026-07-31T01:06:36Z,178,8,1,4,2,1,1,1,1,1785459977
2026-07-31T01:06:36Z,179,13,5,1,1,0,1,1,1,1785459984
2026-07-31T01:06:36Z,180,26,0,4,0,0,1,1,1,1785459777
2026-07-31T01:06:36Z,181,2,2,12,1,0,1,1,1,1785459832
2026-07-31T01:06:36Z,182,5,3,12,0,0,1,1,1,1785459589
2026-07-31T01:06:36Z,183,12,2,11,0,0,1,1,1,1785459891
2026-07-31T01:06:36Z,184,10,1,12,1,0,1,1,1,1785459775
2026-07-31T01:06:36Z,185,3,0,10,1,1,1,1,1,1785458374
2026-07-31T01:06:36Z,186,1,1,18,0,0,1,1,1,1785459831
2026-07-31T01:06:36Z,187,6,1,20,2,0,1,1,1,1785459931
2026-07-31T01:06:36Z,188,18,0,1,8,0,1,1,1,1785459941
2026-07-31T01:06:36Z,189,3,0,12,0,0,1,1,1,1785459626
2026-07-31T01:06:36Z,190,6,4,17,0,0,1,1,1,1785459763
2026-07-31T01:06:36Z,191,0,0,39,0,0,1,1,1,1785458545
2026-07-31T01:06:36Z,192,7,5,22,2,0,1,1,1,1785459919
2026-07-31T01:06:36Z,193,8,5,6,1,0,1,1,1,1785459832
2026-07-31T01:06:36Z,194,1,0,25,1,0,1,1,1,1785459628
2026-07-31T01:06:36Z,195,5,3,14,0,0,1,1,1,1785459514
2026-07-31T01:06:36Z,196,16,7,8,3,0,1,1,1,1785459663
2026-07-31T01:06:36Z,197,6,1,12,0,1,1,1,1,1785459591
2026-07-31T01:06:36Z,198,14,13,9,0,0,1,1,1,1785458679
2026-07-31T01:06:36Z,199,8,7,5,2,0,1,1,1,1785459910
2026-07-31T01:06:36Z,200,4,4,21,1,0,1,1,1,1785459338
2026-07-31T01:06:36Z,201,1,1,22,0,0,1,1,1,1785459076
2026-07-31T01:06:36Z,202,17,1,10,0,0,1,1,1,1785459937
2026-07-31T01:06:36Z,203,15,0,15,1,0,1,1,1,1785459420
2026-07-31T01:06:36Z,204,18,0,15,2,0,1,1,1,1785459896
2026-07-31T01:06:36Z,205,8,2,19,0,0,1,1,1,1785459645
2026-07-31T01:06:36Z,206,6,6,9,0,0,1,1,1,1785459549
2026-07-31T01:06:36Z,207,20,2,1,0,0,1,1,1,1785459909
2026-07-31T01:06:36Z,208,2,1,25,2,0,1,1,1,1785459985
2026-07-31T01:06:36Z,209,13,0,16,3,0,1,1,1,1785459945
2026-07-31T01:06:36Z,210,0,0,26,1,0,1,1,1,1785458807
2026-07-31T01:06:36Z,211,2,1,20,1,0,1,1,1,1785459836
2026-07-31T01:06:36Z,212,23,1,11,1,0,1,1,1,1785459915
2026-07-31T01:06:36Z,213,16,1,6,1,0,1,1,1,1785459971
2026-07-31T01:06:36Z,214,7,7,33,7,0,1,1,1,1785459966
2026-07-31T01:06:36Z,215,13,2,10,0,0,1,1,1,1785459944
2026-07-31T01:06:36Z,216,5,2,13,1,0,1,1,1,1785459910
2026-07-31T01:06:36Z,217,24,0,4,1,0,1,1,1,1785459882
2026-07-31T01:06:36Z,218,7,4,27,5,0,1,1,1,1785459983
2026-07-31T01:06:36Z,219,5,0,20,1,0,1,1,1,1785459984
2026-07-31T01:06:36Z,220,15,15,25,2,1,1,1,1,1785459701
2026-07-31T01:06:36Z,221,8,7,6,1,0,1,1,1,1785459472
2026-07-31T01:06:36Z,222,17,13,0,2,0,1,1,1,1785459772
2026-07-31T01:06:36Z,223,2,0,31,2,0,1,1,1,1785459676
2026-07-31T01:06:36Z,224,17,16,4,1,0,1,1,1,1785459904
2026-07-31T01:06:36Z,225,12,1,2,5,0,1,1,1,1785459847
2026-07-31T01:06:36Z,226,21,10,10,0,0,1,1,1,1785459970
2026-07-31T01:06:36Z,227,14,12,11,1,1,1,1,1,1785459940
2026-07-31T01:06:36Z,228,10,8,9,0,0,1,1,1,1785459642
2026-07-31T01:06:36Z,230,23,4,3,0,0,1,1,1,1785459977
2026-07-31T01:06:36Z,232,6,4,10,1,0,1,1,1,1785459863
2026-07-31T01:06:36Z,233,18,5,12,1,0,1,1,1,1785459909
2026-07-31T01:06:36Z,234,7,3,7,4,1,1,1,1,1785459874
2026-07-31T01:06:36Z,236,1,0,18,0,0,1,1,1,1785459879
2026-07-31T01:06:36Z,237,6,0,16,1,0,1,1,1,1785459951
2026-07-31T01:06:36Z,239,18,14,6,3,0,1,1,1,1785459977
2026-07-31T01:06:36Z,241,5,3,17,1,0,1,1,1,1785459980
2026-07-31T01:06:36Z,242,4,1,18,1,0,1,1,1,1785459546
2026-07-31T01:06:36Z,243,5,2,24,2,0,1,1,1,1785459861
2026-07-31T01:06:36Z,244,0,0,26,1,0,1,1,1,1785459553
2026-07-31T01:06:36Z,245,14,12,8,1,0,1,1,1,1785459931
2026-07-31T01:06:36Z,246,5,1,17,1,0,1,1,1,1785459843
2026-07-31T01:06:36Z,247,14,9,9,0,0,1,1,1,1785459845
2026-07-31T01:06:36Z,248,1,0,19,3,0,1,1,1,1785459701
2026-07-31T01:06:36Z,249,8,4,11,0,0,1,1,1,1785459972
2026-07-31T01:06:36Z,250,4,1,21,2,0,1,1,1,1785459793
2026-07-31T01:06:36Z,251,8,6,17,2,0,1,1,1,1785459420
2026-07-31T01:06:36Z,253,5,4,13,1,0,1,1,1,1785459917
2026-07-31T01:06:36Z,254,13,9,29,1,0,1,1,1,1785459823
2026-07-31T01:06:36Z,255,0,0,22,0,1,1,1,1,1785459842
2026-07-31T01:06:36Z,256,7,6,15,1,0,1,1,1,1785459925
2026-07-31T01:06:36Z,257,5,3,13,1,0,1,1,1,1785459897
2026-07-31T01:06:36Z,258,6,4,11,2,0,1,1,1,1785459929
2026-07-31T01:06:36Z,259,14,1,8,0,1,1,1,1,1785458391
2026-07-31T01:06:36Z,260,5,1,12,2,0,1,1,1,1785459971
2026-07-31T01:06:36Z,261,12,2,5,1,1,1,1,1,1785459928
2026-07-31T01:06:36Z,262,17,4,6,0,0,1,1,1,1785459791
2026-07-31T01:06:36Z,263,14,3,1,0,0,1,1,1,1785459135
2026-07-31T01:06:36Z,264,10,1,8,1,0,1,1,1,1785459577
2026-07-31T01:06:36Z,265,11,2,4,0,0,1,1,1,1785459450
2026-07-31T01:06:36Z,266,11,6,7,1,0,1,1,1,1785459877
2026-07-31T01:06:36Z,267,4,0,9,2,0,1,1,1,1785456188
2026-07-31T01:06:36Z,268,20,7,3,0,0,1,1,1,1785459614
2026-07-31T01:06:36Z,269,8,0,15,0,0,1,1,1,1785459979
2026-07-31T01:06:36Z,270,19,1,7,1,0,1,1,1,1785459446
2026-07-31T01:06:36Z,271,3,0,14,2,0,1,1,1,1785459943
2026-07-31T01:06:36Z,272,16,8,7,0,0,1,1,1,1785459793
2026-07-31T01:06:36Z,273,11,4,4,0,0,1,1,1,1785459436
2026-07-31T01:06:36Z,274,9,4,10,0,0,1,1,1,1785459865
2026-07-31T01:06:36Z,275,6,0,17,0,0,1,1,1,1785459784
2026-07-31T01:06:36Z,276,0,0,26,1,0,1,1,1,1785459234
2026-07-31T01:06:36Z,277,0,0,19,4,0,1,1,1,1785458483
2026-07-31T01:06:36Z,278,0,0,29,1,1,1,1,1,1785459920
2026-07-31T01:06:36Z,279,5,5,14,0,0,1,1,1,1785459723
2026-07-31T01:06:36Z,280,1,0,28,2,0,1,1,1,1785459966
2026-07-31T01:06:36Z,281,19,1,0,0,0,1,1,1,1785459413
2026-07-31T01:06:36Z,282,1,0,16,1,0,1,1,1,1785454029
2026-07-31T01:06:36Z,283,20,0,15,0,0,1,1,1,1785459838
2026-07-31T01:06:36Z,284,16,1,16,3,0,1,1,1,1785459851
2026-07-31T01:06:36Z,285,1,0,22,0,0,1,1,1,1785459079
2026-07-31T01:06:36Z,286,14,9,7,2,0,1,1,1,1785459633
2026-07-31T01:06:36Z,287,11,0,10,2,0,1,1,1,1785459441
2026-07-31T01:06:36Z,288,13,7,6,0,0,1,1,1,1785459945
2026-07-31T01:06:36Z,289,8,2,17,2,0,1,1,1,1785459891
2026-07-31T01:06:36Z,290,24,0,13,2,0,1,1,1,1785459968
2026-07-31T01:06:36Z,291,5,0,17,1,0,1,1,1,1785459800
2026-07-31T01:06:36Z,292,0,0,23,0,0,1,1,1,1785457343
2026-07-31T01:06:36Z,293,10,5,13,0,0,1,1,1,1785459719
2026-07-31T01:06:36Z,294,5,4,13,4,0,1,1,1,1785459771
2026-07-31T01:06:36Z,297,12,2,4,2,1,1,1,1,1785459912
2026-07-31T01:06:36Z,301,12,0,6,1,0,1,1,1,1785459971
2026-07-31T01:06:36Z,302,10,0,13,0,0,1,1,1,1785459923
2026-07-31T01:06:36Z,303,4,0,15,0,0,1,1,1,1785459369
2026-07-31T01:06:36Z,304,0,0,0,0,0,0,1,1,86400
2026-07-31T01:06:36Z,305,17,1,2,0,0,1,1,1,1785459839
2026-07-31T01:06:36Z,306,5,1,27,0,0,1,1,1,1785459764
2026-07-31T01:06:36Z,307,15,3,8,0,0,1,1,1,1785459983
2026-07-31T01:06:36Z,308,13,2,4,2,0,1,1,1,1785459378
2026-07-31T01:06:36Z,309,2,2,11,1,0,1,1,1,1785459898
2026-07-31T01:06:36Z,311,8,0,7,0,0,1,1,1,1785459927
2026-07-31T01:06:36Z,312,1,1,18,3,1,1,1,1,1785459973
2026-07-31T01:06:36Z,313,8,1,7,0,0,1,1,1,1785459636
2026-07-31T01:06:36Z,314,4,4,11,3,0,1,1,1,1785458082
2026-07-31T01:06:36Z,315,16,12,12,3,0,1,1,1,1785459836
2026-07-31T01:06:36Z,316,17,4,8,5,1,1,1,1,1785459927
2026-07-31T01:06:36Z,317,0,0,29,1,1,1,1,1,1785459797
2026-07-31T01:06:36Z,318,12,0,7,0,0,1,1,1,1785459819
2026-07-31T01:06:36Z,319,4,1,18,1,0,1,1,1,1785459556
2026-07-31T01:06:36Z,320,2,0,16,1,0,1,1,1,1785459636
2026-07-31T01:06:36Z,321,8,0,9,2,0,1,1,1,1785459559
2026-07-31T01:06:36Z,322,10,0,17,2,0,1,1,1,1785459613
2026-07-31T01:06:36Z,323,11,0,8,0,0,1,1,1,1785459540
2026-07-31T01:06:36Z,324,0,0,25,2,0,1,1,1,1785459982
2026-07-31T01:06:36Z,325,0,0,25,2,0,1,1,1,1785459523
2026-07-31T01:06:36Z,327,26,3,1,0,0,1,1,1,1785459877
2026-07-31T01:06:36Z,328,21,2,0,1,0,1,1,1,1785459947
2026-07-31T01:06:36Z,329,9,1,10,0,0,1,1,1,1785459849
2026-07-31T01:06:36Z,330,4,0,18,0,0,1,1,1,1785459893
2026-07-31T01:06:36Z,331,18,1,3,2,0,1,1,1,1785459546
2026-07-31T01:06:36Z,332,3,2,15,1,0,1,1,1,1785459921
2026-07-31T01:06:36Z,333,12,4,10,1,0,1,1,1,1785459545
2026-07-31T01:06:36Z,334,2,1,21,0,0,1,1,1,1785459761
2026-07-31T01:06:36Z,335,0,0,22,0,1,1,1,1,1785459614
2026-07-31T01:06:36Z,336,6,0,12,1,0,1,1,1,1785459846
2026-07-31T01:06:36Z,337,13,0,6,4,0,1,1,1,1785459815
2026-07-31T01:06:36Z,338,9,4,10,0,0,1,1,1,1785459929
2026-07-31T01:06:36Z,339,7,3,16,0,0,1,1,1,1785459982
2026-07-31T01:06:36Z,340,6,2,8,1,0,1,1,1,1785459792
2026-07-31T01:06:36Z,341,9,1,10,0,0,1,1,1,1785459730
2026-07-31T01:06:36Z,342,9,5,5,1,0,1,1,1,1785459695
2026-07-31T01:06:36Z,343,4,1,18,1,0,1,1,1,1785459638
2026-07-31T01:06:36Z,344,17,4,6,0,0,1,1,1,1785459471
2026-07-31T01:06:36Z,345,18,3,1,0,0,1,1,1,1785459628
2026-07-31T01:06:36Z,346,5,4,18,0,0,1,1,1,1785458479
2026-07-31T01:06:36Z,347,15,2,27,2,0,1,1,1,1785459966
2026-07-31T01:06:36Z,348,15,1,7,0,1,1,1,1,1785459759
2026-07-31T01:06:36Z,349,7,2,11,1,0,1,1,1,1785459884
2026-07-31T01:06:36Z,350,9,1,16,1,1,1,1,1,1785459981
2026-07-31T01:06:36Z,351,8,2,11,4,0,1,1,1,1785459784
2026-07-31T01:06:36Z,355,2,0,21,0,0,1,1,1,1785459777
2026-07-31T01:06:36Z,356,7,0,12,0,0,1,1,1,1785459131
2026-07-31T01:06:36Z,357,5,5,14,0,0,1,1,1,1785459892
2026-07-31T01:06:36Z,358,8,1,19,0,0,1,1,1,1785459040
2026-07-31T01:06:36Z,359,5,0,22,0,0,1,1,1,1785459687
2026-07-31T01:06:36Z,360,9,4,10,0,0,1,1,1,1785459727
2026-07-31T01:06:36Z,362,6,3,12,1,0,1,1,1,1785459949
2026-07-31T01:06:36Z,363,13,0,14,0,0,1,1,1,1785459809
2026-07-31T01:06:36Z,364,10,2,9,0,0,1,1,1,1785459494
2026-07-31T01:06:36Z,365,3,0,14,6,0,1,1,1,1785459956
2026-07-31T01:06:36Z,366,6,2,11,6,0,1,1,1,1785459862
2026-07-31T01:06:36Z,367,14,8,3,2,0,1,1,1,1785459404
2026-07-31T01:06:36Z,368,13,4,9,1,0,1,1,1,1785459857
2026-07-31T01:06:36Z,370,1,1,25,1,0,1,1,1,1785459618
2026-07-31T01:06:36Z,371,8,5,9,2,0,1,1,1,1785459378
2026-07-31T01:06:36Z,372,5,1,10,0,0,1,1,1,1785459501
2026-07-31T01:06:36Z,373,12,5,15,0,0,1,1,1,1785458883
2026-07-31T01:06:36Z,374,1,1,16,2,0,1,1,1,1785459796
2026-07-31T01:06:36Z,375,13,0,11,3,0,1,1,1,1785459219
2026-07-31T01:06:36Z,376,26,2,10,3,0,1,1,1,1785459912
2026-07-31T01:06:36Z,377,4,0,22,1,0,1,1,1,1785459955
2026-07-31T01:06:36Z,378,12,1,10,1,1,1,1,1,1785459708
2026-07-31T01:06:36Z,379,13,0,14,0,0,1,1,1,1785459984
2026-07-31T01:06:36Z,380,7,1,16,0,0,1,1,1,1785459390
2026-07-31T01:06:36Z,381,15,1,8,0,0,1,1,1,1785459929
2026-07-31T01:06:36Z,383,5,1,9,1,0,1,1,1,1785459929
2026-07-31T01:06:36Z,384,25,3,1,1,0,1,1,1,1785459574
2026-07-31T01:06:36Z,385,2,0,14,2,0,1,1,1,1785459956
2026-07-31T01:06:36Z,387,3,0,20,0,0,1,1,1,1785459244
2026-07-31T01:06:36Z,388,16,1,32,1,0,1,1,1,1785459872
2026-07-31T01:06:36Z,389,5,5,10,0,0,1,1,1,1785458136
2026-07-31T01:06:36Z,390,25,2,10,0,0,1,1,1,1785459983
2026-07-31T01:06:36Z,391,4,0,11,0,0,1,1,1,1785459616
2026-07-31T01:06:36Z,392,2,2,16,1,0,1,1,1,1785459974
2026-07-31T01:06:36Z,393,1,1,8,2,0,1,1,1,1785459662
2026-07-31T01:06:36Z,394,0,0,11,2,0,1,1,1,1785459918
2026-07-31T01:06:36Z,396,14,14,25,3,0,1,1,1,1785459821
2026-07-31T01:06:36Z,397,6,3,25,0,0,1,1,1,1785459976
2026-07-31T01:06:36Z,399,9,2,5,3,0,1,1,1,1785459934
2026-07-31T01:06:36Z,400,11,6,10,2,0,1,1,1,1785458352
2026-07-31T01:06:36Z,401,3,1,27,9,0,1,1,1,1785459593
2026-07-31T01:06:36Z,403,14,2,15,2,0,1,1,1,1785459766
2026-07-31T01:06:36Z,404,8,4,15,0,0,1,1,1,1785459704
2026-07-31T01:06:36Z,406,32,2,2,1,0,1,1,1,1785459559
2026-07-31T01:06:36Z,407,8,0,25,1,0,1,1,1,1785459976
2026-07-31T01:06:36Z,408,0,0,33,0,0,1,1,1,1785459966
2026-07-31T01:06:36Z,409,20,2,0,3,0,1,1,1,1785459571
2026-07-31T01:06:36Z,413,10,2,12,1,0,1,1,1,1785459229
2026-07-31T01:06:36Z,414,13,2,2,0,0,1,1,1,1785459548
2026-07-31T01:06:36Z,417,5,3,14,0,0,1,1,1,1785459906
2026-07-31T01:06:36Z,418,0,0,14,1,0,1,1,1,1785456376
2026-07-31T01:06:36Z,419,14,1,9,0,0,1,1,1,1785459779
2026-07-31T01:06:36Z,421,17,1,2,0,0,1,1,1,1785459984
2026-07-31T01:06:36Z,422,0,0,26,1,0,1,1,1,1785459737
2026-07-31T01:06:36Z,423,5,0,17,1,0,1,1,1,1785459835
2026-07-31T01:06:36Z,424,2,0,11,2,0,1,1,1,1785459695
2026-07-31T01:06:36Z,425,1,1,20,0,1,1,1,1,1785459886
2026-07-31T01:06:36Z,426,4,1,30,3,0,1,1,1,1785459951
2026-07-31T01:06:36Z,427,0,0,14,1,0,1,1,1,1785459963
2026-07-31T01:06:36Z,428,13,3,5,1,0,1,1,1,1785459691
2026-07-31T01:06:36Z,429,5,1,14,4,0,1,1,1,1785459965
2026-07-31T01:06:36Z,430,12,1,18,1,0,1,1,1,1785459527
2026-07-31T01:06:36Z,431,14,2,18,1,0,1,1,1,1785459342
2026-07-31T01:06:36Z,432,23,1,6,2,0,1,1,1,1785459966
2026-07-31T01:06:36Z,433,7,4,14,2,0,1,1,1,1785459527
2026-07-31T01:06:36Z,437,7,6,11,1,0,1,1,1,1785459952
2026-07-31T01:06:36Z,438,1,0,17,1,0,1,1,1,1785459950
2026-07-31T01:06:36Z,439,6,2,9,0,0,1,1,1,1785458526
2026-07-31T01:06:36Z,440,0,0,13,2,0,1,1,1,1785459121
2026-07-31T01:06:36Z,441,0,0,15,0,0,1,1,1,1785458641
2026-07-31T01:06:36Z,442,10,4,8,1,0,1,1,1,1785459152
2026-07-31T01:06:36Z,443,3,0,24,0,0,1,1,1,1785456698
2026-07-31T01:06:36Z,444,2,1,21,0,0,1,1,1,1785455134
2026-07-31T01:06:36Z,445,7,2,15,1,0,1,1,1,1785459858
2026-07-31T01:06:36Z,446,2,2,20,1,0,1,1,1,1785457589
2026-07-31T01:06:36Z,447,1,0,20,1,1,1,1,1,1785441257
2026-07-31T01:06:36Z,448,8,2,5,1,1,1,1,1,1785459832
2026-07-31T01:06:36Z,452,4,2,14,1,0,1,1,1,1785459971
2026-07-31T01:06:36Z,453,3,1,11,1,0,1,1,1,1785459900
2026-07-31T01:06:36Z,454,1,0,18,0,0,1,1,1,1785459657
2026-07-31T01:06:36Z,455,0,0,39,0,0,1,1,1,1785457539
2026-07-31T01:06:36Z,456,11,6,8,1,0,1,1,1,1785459889
2026-07-31T01:06:36Z,457,14,1,11,2,0,1,1,1,1785459735
2026-07-31T01:06:36Z,458,6,2,16,1,0,1,1,1,1785459713
2026-07-31T01:06:36Z,459,11,0,4,0,0,1,1,1,1785458362
2026-07-31T01:06:36Z,460,14,1,8,1,0,1,1,1,1785459939
2026-07-31T01:06:36Z,461,4,1,15,0,0,1,1,1,1785459961
2026-07-31T01:06:36Z,462,7,1,14,0,0,1,1,1,1785459969
2026-07-31T01:06:36Z,463,12,1,7,0,0,1,1,1,1785459942
2026-07-31T01:06:36Z,464,1,1,13,0,0,1,1,1,1785459017
2026-07-31T01:06:36Z,465,2,1,13,0,0,1,1,1,1785459861
2026-07-31T01:06:36Z,466,9,3,5,1,0,1,1,1,1785458161
2026-07-31T01:06:36Z,467,0,0,18,1,0,1,1,1,1785459586
2026-07-31T01:06:36Z,468,14,0,4,1,0,1,1,1,1785459528
2026-07-31T01:06:36Z,469,1,0,21,1,0,1,1,1,1785459683
2026-07-31T01:06:36Z,470,8,0,6,1,0,1,1,1,1785459876
2026-07-31T01:06:36Z,471,18,1,9,0,0,1,1,1,1785459143
2026-07-31T01:06:36Z,472,6,3,12,1,0,1,1,1,1785459913
2026-07-31T01:06:36Z,473,7,3,10,2,0,1,1,1,1785459978
2026-07-31T01:06:36Z,474,7,0,11,1,0,1,1,1,1785459810
2026-07-31T01:06:36Z,475,2,1,17,0,0,1,1,1,1785459868
2026-07-31T01:06:36Z,477,8,4,7,0,0,1,1,1,1785459955
2026-07-31T01:06:36Z,478,17,1,14,0,0,1,1,1,1785459968
2026-07-31T01:06:36Z,479,12,1,14,1,0,1,1,1,1785459605
2026-07-31T01:06:36Z,480,3,0,9,3,0,1,1,1,1785457824
2026-07-31T01:06:36Z,481,11,0,23,1,0,1,1,1,1785459970
2026-07-31T01:06:36Z,482,5,0,13,1,0,1,1,1,1785459630
2026-07-31T01:06:36Z,483,21,1,3,3,0,1,1,1,1785459978
2026-07-31T01:06:36Z,484,3,0,16,0,0,1,1,1,1785457934
2026-07-31T01:06:36Z,485,11,6,5,2,1,1,1,1,1785459960
2026-07-31T01:06:36Z,486,5,1,20,2,0,1,1,1,1785459875
2026-07-31T01:06:36Z,487,2,1,16,1,0,1,1,1,1785459956
2026-07-31T01:06:36Z,489,7,4,8,0,0,1,1,1,1785459981
2026-07-31T01:06:36Z,490,2,2,14,0,0,1,1,1,1785459802
2026-07-31T01:06:36Z,491,17,2,4,0,0,1,1,1,1785458559
2026-07-31T01:06:36Z,492,3,3,5,3,0,1,1,1,1785459983
2026-07-31T01:06:36Z,493,0,0,25,2,0,1,1,1,1785459725
2026-07-31T01:06:36Z,495,9,2,5,1,0,1,1,1,1785459194
2026-07-31T01:06:36Z,496,22,2,5,0,0,1,1,1,1785459981
2026-07-31T01:06:36Z,497,2,0,16,1,0,1,1,1,1785459442
2026-07-31T01:06:36Z,498,2,1,20,1,0,1,1,1,1785459978
2026-07-31T01:06:36Z,499,6,2,13,0,0,1,1,1,1785459095
2026-07-31T01:06:36Z,500,10,7,1,4,0,1,1,1,1785459616
2026-07-31T01:06:36Z,501,2,2,18,1,0,1,1,1,1785459611
2026-07-31T01:06:36Z,502,1,0,18,0,0,1,1,1,1785459601
2026-07-31T01:06:36Z,503,26,0,4,1,0,1,1,1,1785459907
2026-07-31T01:06:36Z,504,2,0,36,1,0,1,1,1,1785459696
2026-07-31T01:06:36Z,505,1,1,10,1,0,1,1,1,1785459748
2026-07-31T01:06:36Z,511,2,0,21,0,0,1,1,1,1785458870
2026-07-31T01:06:36Z,512,5,0,22,0,0,1,1,1,1785459278
2026-07-31T01:06:36Z,514,9,0,0,2,0,1,1,1,1785458664
2026-07-31T01:06:36Z,515,4,0,15,0,0,1,1,1,1785457241
2026-07-31T01:06:36Z,516,4,0,23,0,0,1,1,1,1785459524
2026-07-31T01:06:36Z,517,8,0,14,1,0,1,1,1,1785459592
2026-07-31T01:06:36Z,518,10,1,3,2,0,1,1,1,1785459066
2026-07-31T01:06:36Z,519,5,3,14,0,0,1,1,1,1785458843
2026-07-31T01:06:36Z,520,9,4,13,4,1,1,1,1,1785459980
2026-07-31T01:06:36Z,521,3,2,20,0,0,1,1,1,1785457294
2026-07-31T01:06:36Z,522,23,0,0,0,0,1,1,1,1785459585
2026-07-31T01:06:36Z,523,2,1,19,2,0,1,1,1,1785459823
2026-07-31T01:06:36Z,524,23,1,0,0,0,1,1,1,1785459552
2026-07-31T01:06:36Z,525,19,0,0,0,0,1,1,1,1785459404
2026-07-31T01:06:36Z,526,12,2,2,1,0,1,1,1,1785459343
2026-07-31T01:06:36Z,527,0,0,23,3,0,1,1,1,1785459691
2026-07-31T01:06:36Z,528,14,0,9,0,0,1,1,1,1785459978
2026-07-31T01:06:36Z,529,4,0,10,5,0,1,1,1,1785459980
2026-07-31T01:06:36Z,530,5,0,15,1,0,1,1,1,1785459845
2026-07-31T01:06:36Z,531,8,0,14,0,1,1,1,1,1785459855
2026-07-31T01:06:36Z,532,5,3,24,1,1,1,1,1,1785457478
2026-07-31T01:06:36Z,533,10,0,7,2,0,1,1,1,1785459939
2026-07-31T01:06:36Z,534,3,3,20,0,0,1,1,1,1785459927
2026-07-31T01:06:36Z,535,1,1,13,1,0,1,1,1,1785458289
2026-07-31T01:06:36Z,536,0,0,23,0,0,1,1,1,1785459849
2026-07-31T01:06:36Z,537,14,5,6,0,0,1,1,1,1785459389
2026-07-31T01:06:36Z,538,9,0,11,1,2,1,1,1,1785459751
2026-07-31T01:06:36Z,539,7,5,24,0,0,1,1,1,1785459066
2026-07-31T01:06:36Z,540,0,0,19,0,0,1,1,1,1785459461
2026-07-31T01:06:36Z,541,10,1,17,0,0,1,1,1,1785459681
2026-07-31T01:06:36Z,542,0,0,23,0,0,1,1,1,1785456936
2026-07-31T01:06:36Z,543,5,1,14,0,0,1,1,1,1785459533
2026-07-31T01:06:36Z,544,12,1,6,4,0,1,1,1,1785459767
2026-07-31T01:06:36Z,545,9,1,6,4,0,1,1,1,1785459858
2026-07-31T01:06:36Z,546,2,1,17,0,0,1,1,1,1785459930
2026-07-31T01:06:36Z,547,6,0,19,0,0,1,1,1,1785459980
2026-07-31T01:06:36Z,548,15,0,8,0,0,1,1,1,1785459882
2026-07-31T01:06:36Z,549,19,1,4,0,0,1,1,1,1785459964
2026-07-31T01:06:36Z,550,2,0,17,0,0,1,1,1,1785459385
2026-07-31T01:06:36Z,551,13,3,10,0,0,1,1,1,1785458944
2026-07-31T01:06:36Z,552,2,1,25,0,0,1,1,1,1785459778
2026-07-31T01:06:36Z,553,5,1,17,0,1,1,1,1,1785459874
2026-07-31T01:06:36Z,554,1,1,18,0,0,1,1,1,1785459733
2026-07-31T01:06:36Z,555,11,5,3,1,0,1,1,1,1785459264
2026-07-31T01:06:36Z,556,3,2,19,1,0,1,1,1,1785459818
2026-07-31T01:06:36Z,557,3,1,14,6,0,1,1,1,1785459941
2026-07-31T01:06:36Z,558,3,3,30,4,0,1,1,1,1785459816
2026-07-31T01:06:36Z,559,0,0,18,1,0,1,1,1,1785457401
2026-07-31T01:06:36Z,560,4,0,23,0,0,1,1,1,1785459966
2026-07-31T01:06:36Z,561,15,1,6,2,0,1,1,1,1785459687
2026-07-31T01:06:36Z,562,17,1,14,4,0,1,1,1,1785459982
2026-07-31T01:06:36Z,563,6,0,8,0,0,1,1,1,1785459899
2026-07-31T01:06:36Z,564,5,1,13,1,0,1,1,1,1785459039
2026-07-31T01:06:36Z,565,9,2,10,0,0,1,1,1,1785459843
2026-07-31T01:06:36Z,566,4,0,13,2,0,1,1,1,1785459915
2026-07-31T01:06:36Z,567,15,3,11,1,0,1,1,1,1785459937
2026-07-31T01:06:36Z,568,7,1,10,2,0,1,1,1,1785459351
2026-07-31T01:06:36Z,569,10,0,9,0,0,1,1,1,1785459227
2026-07-31T01:06:36Z,570,5,1,14,0,0,1,1,1,1785459649
2026-07-31T01:06:36Z,571,10,0,12,1,0,1,1,1,1785459816
2026-07-31T01:06:36Z,572,17,3,0,2,0,1,1,1,1785457866
2026-07-31T01:06:36Z,573,11,0,4,0,0,1,1,1,1785459364
2026-07-31T01:06:36Z,574,6,2,9,0,0,1,1,1,1785459850
2026-07-31T01:06:36Z,575,7,0,13,1,0,1,1,1,1785459497
2026-07-31T01:06:36Z,576,1,1,17,1,0,1,1,1,1785458556
2026-07-31T01:06:36Z,577,27,0,4,0,0,1,1,1,1785458533
2026-07-31T01:06:36Z,578,12,4,10,1,0,1,1,1,1785459788
2026-07-31T01:06:36Z,579,35,0,8,0,0,1,1,1,1785459824
2026-07-31T01:06:36Z,580,6,0,23,0,0,1,1,1,1785459113
2026-07-31T01:06:36Z,581,17,0,2,0,0,1,1,1,1785459041
2026-07-31T01:06:36Z,582,10,3,47,4,0,1,1,1,1785459937
2026-07-31T01:06:36Z,583,17,1,6,0,0,1,1,1,1785459825
2026-07-31T01:06:36Z,584,0,0,14,5,0,1,1,1,1785458113
2026-07-31T01:06:36Z,585,7,0,19,0,1,1,1,1,1785459720
2026-07-31T01:06:36Z,586,16,0,18,1,0,1,1,1,1785459880
2026-07-31T01:06:36Z,587,23,1,0,1,0,1,1,1,1785459503
2026-07-31T01:06:36Z,588,0,0,15,4,0,1,1,1,1785459843
2026-07-31T01:06:36Z,589,0,0,0,23,0,1,1,1,1785459781
2026-07-31T01:06:36Z,590,7,0,24,0,0,1,1,1,1785459981
2026-07-31T01:06:36Z,591,13,0,15,2,0,1,1,1,1785459967
2026-07-31T01:06:36Z,592,5,0,18,0,0,1,1,1,1785459754
2026-07-31T01:06:36Z,593,8,0,30,0,0,1,1,1,1785459523
2026-07-31T01:06:36Z,594,19,1,2,0,0,1,1,1,1785459976
2026-07-31T01:06:36Z,595,0,0,3,0,0,0,1,1,1784046673
2026-07-31T01:06:36Z,605,0,0,2,1,0,0,1,1,1783975843
2026-07-31T01:06:36Z,606,0,0,0,0,0,0,1,1,86400
2026-07-31T01:06:36Z,607,21,1,11,0,0,1,1,1,1785459962
2026-07-31T01:06:36Z,608,3,3,47,0,0,1,1,1,1785458144
2026-07-31T01:06:36Z,609,5,2,18,0,0,1,1,1,1785459880
2026-07-31T01:06:36Z,610,5,0,29,1,0,1,1,1,1785459984
2026-07-31T01:06:36Z,611,24,0,2,1,0,1,1,1,1785459239
2026-07-31T01:06:36Z,612,7,1,8,0,0,1,1,1,1785455780
2026-07-31T01:06:36Z,613,10,0,1,4,0,1,1,1,1785455457
2026-07-31T01:06:36Z,614,19,2,6,1,1,1,1,1,1785459853
2026-07-31T01:06:36Z,617,2,1,12,1,0,1,1,1,1785459415
2026-07-31T01:06:36Z,618,13,2,2,4,0,1,1,1,1785459513
2026-07-31T01:06:36Z,619,6,5,13,0,0,1,1,1,1785459981
2026-07-31T01:06:36Z,620,0,0,26,1,0,1,1,1,1785459814
2026-07-31T01:06:36Z,621,10,2,13,0,0,1,1,1,1785459873
2026-07-31T01:06:36Z,622,11,7,7,5,0,1,1,1,1785459980
2026-07-31T01:06:36Z,623,6,1,23,1,0,1,1,1,1785459579
2026-07-31T01:06:36Z,624,5,1,10,0,0,1,1,1,1785458538
2026-07-31T01:06:36Z,625,4,0,15,2,0,1,1,1,1785459979
2026-07-31T01:06:36Z,626,4,0,40,1,2,1,1,1,1785459921
2026-07-31T01:06:36Z,627,14,6,5,0,0,1,1,1,1785458008
2026-07-31T01:06:36Z,628,3,3,15,0,1,1,1,1,1785459841
2026-07-31T01:06:36Z,629,9,3,0,2,0,1,1,1,1785459854
2026-07-31T01:06:36Z,630,1,0,23,3,0,1,1,1,1785459950
2026-07-31T01:06:36Z,631,2,0,21,0,0,1,1,1,1785459511
2026-07-31T01:06:36Z,632,22,2,0,1,0,1,1,1,1785458363
2026-07-31T01:06:36Z,633,11,1,0,4,0,1,1,1,1785459898
2026-07-31T01:06:36Z,634,5,1,13,1,0,1,1,1,1785459670
2026-07-31T01:06:36Z,635,13,1,5,1,0,1,1,1,1785459738
2026-07-31T01:06:36Z,636,9,1,5,1,0,1,1,1,1785457377
2026-07-31T01:06:36Z,637,8,1,11,0,0,1,1,1,1785456458
2026-07-31T01:06:36Z,638,6,2,10,3,0,1,1,1,1785459295
2026-07-31T01:06:36Z,639,4,1,13,2,0,1,1,1,1785455668
2026-07-31T01:06:36Z,640,2,2,20,1,0,1,1,1,1785459957
2026-07-31T01:06:36Z,641,5,1,20,1,0,1,1,1,1785459865
2026-07-31T01:06:36Z,642,1,1,10,8,0,1,1,1,1785459982
2026-07-31T01:06:36Z,643,14,1,7,6,0,1,1,1,1785459894
2026-07-31T01:06:36Z,644,8,0,6,1,0,1,1,1,1785458309
2026-07-31T01:06:36Z,645,9,0,13,0,1,1,1,1,1785459389
2026-07-31T01:06:36Z,646,1,1,18,0,0,1,1,1,1785459640
2026-07-31T01:06:36Z,647,28,1,3,0,0,1,1,1,1785459973
2026-07-31T01:06:36Z,648,4,1,13,1,1,1,1,1,1785459913
2026-07-31T01:06:36Z,649,26,2,4,1,0,1,1,1,1785459847
2026-07-31T01:06:36Z,650,4,1,10,0,0,1,1,1,1785453435
2026-07-31T01:06:36Z,651,1,1,22,0,0,1,1,1,1785459098
2026-07-31T01:06:36Z,652,1,0,20,2,0,1,1,1,1785459944
2026-07-31T01:06:36Z,653,1,0,17,1,0,1,1,1,1785458071
2026-07-31T01:06:36Z,654,3,3,12,0,0,1,1,1,1785458495
2026-07-31T01:06:36Z,655,5,2,3,4,1,1,1,1,1785459702
2026-07-31T01:06:36Z,656,10,6,9,0,0,1,1,1,1785459434
2026-07-31T01:06:36Z,657,12,6,0,2,3,1,1,1,1785459955
2026-07-31T01:06:36Z,658,8,0,2,0,0,1,1,1,1785459976
2026-07-31T01:06:36Z,659,8,3,6,1,0,1,1,1,1785457539
2026-07-31T01:06:36Z,660,0,0,28,3,0,1,1,1,1785459972
2026-07-31T01:06:36Z,661,4,2,15,0,0,1,1,1,1785459427
2026-07-31T01:06:36Z,662,5,3,15,3,0,1,1,1,1785459653
2026-07-31T01:06:36Z,663,6,1,8,1,0,1,1,1,1785459940
2026-07-31T01:06:36Z,664,4,0,23,0,0,1,1,1,1785459778
2026-07-31T01:06:36Z,665,9,2,6,0,0,1,1,1,1785459742
2026-07-31T01:06:36Z,666,6,4,7,2,0,1,1,1,1785457342
2026-07-31T01:06:36Z,667,19,4,0,0,0,1,1,1,1785459569
2026-07-31T01:06:36Z,668,17,1,0,2,0,1,1,1,1785459809
2026-07-31T01:06:36Z,669,8,3,6,0,0,1,1,1,1785459513
2026-07-31T01:06:36Z,670,4,3,23,0,0,1,1,1,1785459775
2026-07-31T01:06:36Z,671,25,0,1,1,0,1,1,1,1785459483
2026-07-31T01:06:36Z,672,7,2,12,3,1,1,1,1,1785459775
2026-07-31T01:06:36Z,673,3,0,20,0,0,1,1,1,1785459652
2026-07-31T01:06:36Z,674,2,2,19,2,0,1,1,1,1785459826
2026-07-31T01:06:36Z,675,3,0,9,3,0,1,1,1,1785459588
2026-07-31T01:06:36Z,676,11,2,11,0,0,1,1,1,1785459922
2026-07-31T01:06:36Z,681,3,2,10,2,0,1,1,1,1785459869
2026-07-31T01:06:36Z,682,4,1,14,1,0,1,1,1,1785387864
2026-07-31T01:06:36Z,683,4,1,15,0,0,1,1,1,1785459218
2026-07-31T01:06:36Z,684,2,0,25,0,0,1,1,1,1785456431
2026-07-31T01:06:36Z,685,5,0,20,1,1,1,1,1,1785455460
2026-07-31T01:06:36Z,686,11,0,14,1,1,1,1,1,1785459740
2026-07-31T01:06:36Z,687,13,0,16,1,1,1,1,1,1785459942
2026-07-31T01:06:36Z,688,9,1,3,7,0,1,1,1,1785459977
2026-07-31T01:06:36Z,692,0,0,21,0,0,1,1,1,1785458565
2026-07-31T01:06:36Z,693,7,0,1,3,0,1,1,1,1785458209
2026-07-31T01:06:36Z,694,8,5,12,1,0,1,1,1,1785459697
2026-07-31T01:06:36Z,695,7,2,16,0,0,1,1,1,1785459789
2026-07-31T01:06:36Z,696,17,10,6,0,0,1,1,1,1785459691
2026-07-31T01:06:36Z,697,22,1,1,0,0,1,1,1,1785459896
2026-07-31T01:06:36Z,698,25,2,2,0,0,1,1,1,1785459832
2026-07-31T01:06:36Z,699,6,0,8,1,0,1,1,1,1785459001
2026-07-31T01:06:36Z,700,13,2,5,1,0,1,1,1,1785459920
2026-07-31T01:06:36Z,701,14,4,5,0,0,1,1,1,1785459778
2026-07-31T01:06:36Z,702,14,0,8,1,0,1,1,1,1785459740
2026-07-31T01:06:36Z,704,5,1,10,0,0,1,1,1,1785459216
2026-07-31T01:06:36Z,705,4,4,10,1,0,1,1,1,1785458682
2026-07-31T01:06:36Z,706,11,1,0,4,0,1,1,1,1785459868
2026-07-31T01:06:36Z,707,3,1,10,2,0,1,1,1,1785459167
2026-07-31T01:06:36Z,708,15,0,4,0,0,1,1,1,1785459845
2026-07-31T01:06:36Z,709,4,0,7,4,0,1,1,1,1785459435
2026-07-31T01:06:36Z,710,9,0,10,0,0,1,1,1,1785459934
2026-07-31T01:06:36Z,711,9,2,11,3,0,1,1,1,1785459872
2026-07-31T01:06:36Z,712,7,2,8,0,0,1,1,1,1785459777
2026-07-31T01:06:36Z,713,0,0,23,0,0,1,1,1,1785459023
2026-07-31T01:06:36Z,716,2,1,13,0,0,1,1,1,1785458318
2026-07-31T01:06:36Z,717,2,0,20,3,0,1,1,1,1785459536
2026-07-31T01:06:36Z,718,3,1,11,1,0,1,1,1,1785459369
2026-07-31T01:06:36Z,719,3,1,26,0,0,1,1,1,1785459902
2026-07-31T01:06:36Z,720,2,1,17,0,0,1,1,1,1785458623
2026-07-31T01:06:36Z,721,1,0,20,2,0,1,1,1,1785459696
2026-07-31T01:06:36Z,722,2,0,13,0,0,1,1,1,1785458369
2026-07-31T01:06:36Z,723,13,2,10,0,0,1,1,1,1785459983
2026-07-31T01:06:36Z,724,15,5,7,1,0,1,1,1,1785459944
2026-07-31T01:06:36Z,725,3,0,20,0,0,1,1,1,1785459874
2026-07-31T01:06:36Z,726,10,2,9,0,0,1,1,1,1785459321
2026-07-31T01:06:36Z,727,9,4,12,2,0,1,1,1,1785459299
2026-07-31T01:06:36Z,728,10,1,5,0,0,1,1,1,1785458931
2026-07-31T01:06:36Z,729,17,2,2,0,0,1,1,1,1785459897
2026-07-31T01:06:36Z,730,1,1,12,2,0,1,1,1,1785459520
2026-07-31T01:06:36Z,731,10,3,5,0,0,1,1,1,1785459803
2026-07-31T01:06:36Z,732,6,4,9,0,0,1,1,1,1785459668
2026-07-31T01:06:36Z,733,26,0,0,1,0,1,1,1,1785459883
2026-07-31T01:06:36Z,734,3,1,11,0,0,1,1,1,1785459677
2026-07-31T01:06:36Z,735,0,0,27,0,0,1,1,1,1785458453
2026-07-31T01:06:36Z,736,3,0,16,0,0,1,1,1,1785459042
2026-07-31T01:06:36Z,737,1,0,11,2,1,1,1,1,1785459964
2026-07-31T01:06:36Z,738,8,0,9,2,0,1,1,1,1785459425
2026-07-31T01:06:36Z,739,18,2,8,1,0,1,1,1,1785458543
2026-07-31T01:06:36Z,741,5,0,18,0,0,1,1,1,1785458923
2026-07-31T01:06:36Z,742,18,7,14,3,0,1,1,1,1785459923
2026-07-31T01:06:36Z,743,2,1,16,1,0,1,1,1,1785458913
2026-07-31T01:06:36Z,744,6,2,8,1,0,1,1,1,1785459831
2026-07-31T01:06:36Z,745,15,4,3,1,0,1,1,1,1785459876
2026-07-31T01:06:36Z,746,6,1,14,3,0,1,1,1,1785459757
2026-07-31T01:06:36Z,747,0,0,4,0,0,0,1,1,1783446606
2026-07-31T01:06:36Z,748,10,1,13,0,0,1,1,1,1785458213
2026-07-31T01:06:36Z,749,3,0,20,0,0,1,1,1,1785459960
2026-07-31T01:06:36Z,750,5,5,5,1,0,1,1,1,1785459911
2026-07-31T01:06:36Z,751,3,3,19,1,0,1,1,1,1785459985
2026-07-31T01:06:36Z,752,6,1,10,1,0,1,1,1,1785459922
2026-07-31T01:06:36Z,753,14,5,1,0,0,1,1,1,1785459834
2026-07-31T01:06:36Z,754,2,1,12,1,0,1,1,1,1785459916
2026-07-31T01:06:36Z,755,2,1,19,2,0,1,1,1,1785459960
2026-07-31T01:06:36Z,756,0,0,35,2,0,1,1,1,1785458794
2026-07-31T01:06:36Z,757,0,0,19,0,0,1,1,1,1785459284
2026-07-31T01:06:36Z,758,13,12,10,0,0,1,1,1,1785459663
2026-07-31T01:06:36Z,759,5,3,10,0,0,1,1,1,1785459440
2026-07-31T01:06:36Z,760,6,2,12,1,0,1,1,1,1785456620
2026-07-31T01:06:36Z,761,5,1,18,0,0,1,1,1,1785459420
2026-07-31T01:06:36Z,762,7,4,4,4,0,1,1,1,1785459840
2026-07-31T01:06:36Z,768,9,0,8,2,0,1,1,1,1785459556
2026-07-31T01:06:36Z,769,18,8,1,0,0,1,1,1,1785459461
2026-07-31T01:06:36Z,770,10,2,7,2,0,1,1,1,1785459543
2026-07-31T01:06:36Z,771,13,3,1,1,0,1,1,1,1785458502
2026-07-31T01:06:36Z,772,3,2,12,0,0,1,1,1,1785459934
2026-07-31T01:06:36Z,773,8,4,11,0,0,1,1,1,1785459811
2026-07-31T01:06:36Z,774,2,2,10,3,0,1,1,1,1785459743
2026-07-31T01:06:36Z,775,5,0,12,1,1,1,1,1,1785459549
2026-07-31T01:06:36Z,776,3,1,17,1,0,1,1,1,1785459256
2026-07-31T01:06:36Z,777,9,0,3,3,0,1,1,1,1785459759
2026-07-31T01:06:36Z,778,13,0,3,3,0,1,1,1,1785459286
2026-07-31T01:06:36Z,779,8,1,10,1,0,1,1,1,1785459702
2026-07-31T01:06:36Z,780,15,3,3,1,0,1,1,1,1785459931
2026-07-31T01:06:36Z,781,3,1,6,2,0,1,1,1,1785459925
2026-07-31T01:06:36Z,782,3,1,13,3,0,1,1,1,1785458853
2026-07-31T01:06:36Z,783,4,0,15,0,0,1,1,1,1785459926
2026-07-31T01:06:36Z,784,10,1,6,3,0,1,1,1,1785459497
2026-07-31T01:06:36Z,785,9,0,4,6,0,1,1,1,1785458263
2026-07-31T01:06:36Z,786,8,2,11,0,0,1,1,1,1785459704
2026-07-31T01:06:36Z,787,10,5,3,2,0,1,1,1,1785459622
2026-07-31T01:06:36Z,788,3,0,12,0,0,1,1,1,1785459555
2026-07-31T01:06:36Z,789,6,2,5,4,0,1,1,1,1785459539
2026-07-31T01:06:36Z,790,5,0,17,1,0,1,1,1,1785459740
2026-07-31T01:06:36Z,791,6,1,12,0,1,1,1,1,1785459490
2026-07-31T01:06:36Z,793,4,0,10,1,0,1,1,1,1785459015
2026-07-31T01:06:36Z,794,9,2,19,1,0,1,1,1,1785459502
2026-07-31T01:06:36Z,796,6,3,12,1,0,1,1,1,1785458744
2026-07-31T01:06:36Z,797,2,0,13,0,0,1,1,1,1785459901
2026-07-31T01:06:36Z,798,5,0,19,1,0,1,1,1,1785459944
2026-07-31T01:06:36Z,799,11,2,4,4,0,1,1,1,1785459971
2026-07-31T01:06:36Z,800,20,3,0,1,0,1,1,1,1785459926
2026-07-31T01:06:36Z,801,0,0,20,1,0,1,1,1,1785459956
2026-07-31T01:06:36Z,802,12,1,19,0,0,1,1,1,1785458784
2026-07-31T01:06:36Z,803,0,0,14,1,0,1,1,1,1785458569
2026-07-31T01:06:36Z,806,7,7,8,0,0,1,1,1,1785459449
2026-07-31T01:06:36Z,807,0,0,24,1,0,1,1,1,1785459496
2026-07-31T01:06:36Z,808,5,0,18,2,0,1,1,1,1785459824
2026-07-31T01:06:36Z,809,5,1,17,1,0,1,1,1,1785458693
2026-07-31T01:06:36Z,810,2,0,13,4,0,1,1,1,1785459117
2026-07-31T01:06:36Z,815,7,1,3,4,1,1,1,1,1785459932
2026-07-31T01:06:36Z,817,8,4,7,0,0,1,1,1,1785459893
2026-07-31T01:06:36Z,818,5,0,17,1,0,1,1,1,1785459217
2026-07-31T01:06:36Z,819,6,4,9,0,0,1,1,1,1785455226
2026-07-31T01:06:36Z,820,7,1,10,0,0,1,1,1,1785459844
2026-07-31T01:06:36Z,821,2,2,13,0,0,1,1,1,1785458964
2026-07-31T01:06:36Z,822,20,2,1,2,0,1,1,1,1785459874
2026-07-31T01:06:36Z,823,13,0,1,1,0,1,1,1,1785459833
2026-07-31T01:06:36Z,824,15,3,3,1,0,1,1,1,1785459795
2026-07-31T01:06:36Z,825,9,5,6,0,0,1,1,1,1785457432
2026-07-31T01:06:36Z,826,4,1,14,1,0,1,1,1,1785459636
2026-07-31T01:06:36Z,827,14,5,6,1,0,1,1,1,1785459309
2026-07-31T01:06:36Z,828,7,2,9,2,0,1,1,1,1785459383
2026-07-31T01:06:36Z,829,14,6,13,0,0,1,1,1,1785459823
2026-07-31T01:06:36Z,830,14,0,8,1,0,1,1,1,1785459325
2026-07-31T01:06:36Z,831,3,3,11,1,0,1,1,1,1785459608
2026-07-31T01:06:36Z,832,11,4,4,3,0,1,1,1,1785458943
2026-07-31T01:06:36Z,833,1,1,17,1,0,1,1,1,1785459059
2026-07-31T01:06:36Z,834,4,2,18,2,0,1,1,1,1785459722
2026-07-31T01:06:36Z,835,7,2,10,1,0,1,1,1,1785459727
2026-07-31T01:06:36Z,837,5,1,0,10,0,1,1,1,1785458604
2026-07-31T01:06:36Z,838,10,0,4,1,0,1,1,1,1785459114
2026-07-31T01:06:36Z,839,29,0,0,0,0,1,1,1,1785459111
2026-07-31T01:06:36Z,840,4,0,23,2,0,1,1,1,1785459685
2026-07-31T01:06:36Z,841,6,0,9,0,0,1,1,1,1785459442
2026-07-31T01:06:36Z,842,6,1,17,0,0,1,1,1,1785459923
2026-07-31T01:06:36Z,843,9,0,21,1,0,1,1,1,1785458237
2026-07-31T01:06:36Z,844,6,1,17,0,0,1,1,1,1785459974
2026-07-31T01:06:36Z,845,5,3,12,2,0,1,1,1,1785458516
2026-07-31T01:06:36Z,846,5,1,12,2,0,1,1,1,1785459469
2026-07-31T01:06:36Z,847,4,1,23,0,0,1,1,1,1785459169
2026-07-31T01:06:36Z,848,7,0,11,1,0,1,1,1,1785459789
2026-07-31T01:06:36Z,849,8,2,7,0,0,1,1,1,1785459759
2026-07-31T01:06:36Z,850,9,0,1,1,0,1,1,1,1785459543
2026-07-31T01:06:36Z,851,0,0,35,2,0,1,1,1,1785459264
2026-07-31T01:06:36Z,852,10,4,8,1,0,1,1,1,1785459765
2026-07-31T01:06:36Z,853,9,4,14,0,0,1,1,1,1785459062
2026-07-31T01:06:36Z,854,2,2,13,0,0,1,1,1,1785459209
2026-07-31T01:06:36Z,855,15,2,12,0,0,1,1,1,1785459254
2026-07-31T01:06:36Z,857,3,3,15,1,0,1,1,1,1785458665
2026-07-31T01:06:36Z,858,4,1,14,1,0,1,1,1,1785458865
2026-07-31T01:06:36Z,859,3,0,17,1,0,1,1,1,1785459115
2026-07-31T01:06:36Z,861,8,1,2,1,0,1,1,1,1785455675
2026-07-31T01:06:36Z,862,1,1,14,0,0,1,1,1,1785458430
2026-07-31T01:06:36Z,863,10,0,8,1,0,1,1,1,1785459778
2026-07-31T01:06:36Z,866,6,0,12,1,0,1,1,1,1785458669
2026-07-31T01:06:36Z,867,12,0,3,0,0,1,1,1,1785459864
2026-07-31T01:06:36Z,868,13,2,2,0,0,1,1,1,1785458222
2026-07-31T01:06:36Z,870,7,5,7,1,0,1,1,1,1785458436
2026-07-31T01:06:36Z,871,0,0,10,1,0,1,1,1,1785459669
2026-07-31T01:06:36Z,872,0,0,14,1,0,1,1,1,1785458367
2026-07-31T01:06:36Z,873,0,0,32,1,0,1,1,1,1785458202
2026-07-31T01:06:36Z,874,3,0,9,3,0,1,1,1,1785459872
2026-07-31T01:06:36Z,875,15,11,0,0,0,1,1,1,1785459377
2026-07-31T01:06:36Z,877,12,11,6,1,0,1,1,1,1785459724
2026-07-31T01:06:36Z,878,4,4,14,1,0,1,1,1,1785458562
2026-07-31T01:06:36Z,879,2,0,17,0,0,1,1,1,1785459369
2026-07-31T01:06:36Z,880,4,1,18,1,0,1,1,1,1785459413
2026-07-31T01:06:36Z,881,3,0,16,0,0,1,1,1,1785458350
2026-07-31T01:06:36Z,882,11,0,6,2,0,1,1,1,1785457778
2026-07-31T01:06:36Z,883,10,6,9,0,0,1,1,1,1785458663
2026-07-31T01:06:36Z,884,11,7,10,0,0,1,1,1,1785459700
2026-07-31T01:06:36Z,885,0,0,19,0,0,1,1,1,1785459933
2026-07-31T01:06:36Z,886,0,0,28,1,0,1,1,1,1785458924
2026-07-31T01:06:36Z,887,0,0,14,3,0,1,1,1,1785458985
2026-07-31T01:06:36Z,888,15,1,24,2,0,1,1,1,1785459946
2026-07-31T01:06:36Z,889,6,0,11,2,0,1,1,1,1785459580
2026-07-31T01:06:36Z,890,4,1,10,1,0,1,1,1,1785455867
2026-07-31T01:06:36Z,891,12,0,10,1,0,1,1,1,1785459486
2026-07-31T01:06:36Z,892,12,1,3,0,0,1,1,1,1785456450
2026-07-31T01:06:36Z,895,1,0,17,1,0,1,1,1,1785449127
2026-07-31T01:06:36Z,896,19,2,16,0,0,1,1,1,1785459756
2026-07-31T01:06:36Z,897,8,0,13,0,0,1,1,1,1785459909
2026-07-31T01:06:36Z,898,1,0,18,0,0,1,1,1,1785459962
2026-07-31T01:06:36Z,899,19,2,0,0,0,1,1,1,1785459261
2026-07-31T01:06:36Z,900,20,1,7,0,0,1,1,1,1785459953
2026-07-31T01:06:36Z,901,17,1,1,1,0,1,1,1,1785459482
2026-07-31T01:06:36Z,902,12,1,2,1,0,1,1,1,1785459925
2026-07-31T01:06:36Z,903,6,0,13,0,0,1,1,1,1785459261
2026-07-31T01:06:36Z,904,11,5,8,0,0,1,1,1,1785458524
2026-07-31T01:06:36Z,905,5,3,22,0,0,1,1,1,1785459952
2026-07-31T01:06:36Z,906,11,8,16,0,0,1,1,1,1785459980
2026-07-31T01:06:36Z,907,30,5,1,0,0,1,1,1,1785459673
2026-07-31T01:06:36Z,908,8,2,15,0,0,1,1,1,1785459767
2026-07-31T01:06:36Z,909,6,5,17,0,0,1,1,1,1785459866
2026-07-31T01:06:36Z,910,18,0,13,0,0,1,1,1,1785459729
2026-07-31T01:06:36Z,911,9,0,10,0,0,1,1,1,1785459894
2026-07-31T01:06:36Z,912,3,2,17,3,0,1,1,1,1785459793
2026-07-31T01:06:36Z,913,5,2,14,0,0,1,1,1,1785459042
2026-07-31T01:06:36Z,914,8,1,11,0,0,1,1,1,1785459878
2026-07-31T01:06:36Z,915,16,0,6,1,0,1,1,1,1785459983
2026-07-31T01:06:36Z,916,2,0,21,0,0,1,1,1,1785459975
2026-07-31T01:06:36Z,917,32,2,1,2,0,1,1,1,1785459862
2026-07-31T01:06:36Z,918,3,1,14,2,0,1,1,1,1785459916
2026-07-31T01:06:36Z,919,1,0,36,2,0,1,1,1,1785459957
2026-07-31T01:06:36Z,920,3,1,16,0,0,1,1,1,1785459975
2026-07-31T01:06:36Z,921,16,0,5,0,0,1,1,1,1785459503
2026-07-31T01:06:36Z,922,1,0,20,0,0,1,1,1,1785459151
2026-07-31T01:06:36Z,923,12,10,6,1,0,1,1,1,1785459754
2026-07-31T01:06:36Z,924,8,0,13,0,0,1,1,1,1785459208
2026-07-31T01:06:36Z,925,15,1,6,0,0,1,1,1,1785459726
2026-07-31T01:06:36Z,926,1,1,20,0,0,1,1,1,1785458819
2026-07-31T01:06:36Z,927,25,1,10,0,0,1,1,1,1785459977
2026-07-31T01:06:36Z,928,12,0,7,0,0,1,1,1,1785459894
2026-07-31T01:06:36Z,929,3,1,20,0,0,1,1,1,1785459970
2026-07-31T01:06:36Z,930,13,1,16,2,0,1,1,1,1785459975
2026-07-31T01:06:36Z,931,1,1,22,0,0,1,1,1,1785459751
2026-07-31T01:06:36Z,932,14,0,0,5,0,1,1,1,1785459934
2026-07-31T01:06:36Z,933,21,2,0,2,0,1,1,1,1785459918
2026-07-31T01:06:36Z,934,1,0,29,1,0,1,1,1,1785459981
2026-07-31T01:06:36Z,935,5,0,12,2,0,1,1,1,1785459802
2026-07-31T01:06:36Z,936,4,1,15,0,0,1,1,1,1785456801
2026-07-31T01:06:36Z,940,11,3,0,0,0,1,1,1,1785458580
2026-07-31T01:06:36Z,941,6,1,17,2,0,1,1,1,1785459892
2026-07-31T01:06:36Z,942,15,3,6,0,0,1,1,1,1785459884
2026-07-31T01:06:36Z,943,8,8,7,0,0,1,1,1,1785458498
2026-07-31T01:06:36Z,944,9,8,6,0,0,1,1,1,1785458289
2026-07-31T01:06:36Z,945,10,8,5,0,0,1,1,1,1785459611
2026-07-31T01:06:36Z,946,7,5,12,0,0,1,1,1,1785424152
2026-07-31T01:06:36Z,947,7,5,10,0,0,1,1,1,1785459029
2026-07-31T01:06:36Z,948,0,0,27,4,0,1,1,1,1785458708
2026-07-31T01:06:36Z,949,3,0,12,0,0,1,1,1,1785459952
2026-07-31T01:06:36Z,950,2,1,14,1,0,1,1,1,1785459880
2026-07-31T01:06:36Z,951,6,0,16,1,0,1,1,1,1785459741
2026-07-31T01:06:36Z,952,22,1,32,1,0,1,1,1,1785459914
2026-07-31T01:06:36Z,953,15,1,0,0,0,1,1,1,1785459392
2026-07-31T01:06:36Z,954,15,0,4,0,0,1,1,1,1785458389
2026-07-31T01:06:36Z,955,1,0,21,5,0,1,1,1,1785459724
2026-07-31T01:06:36Z,956,13,0,9,1,0,1,1,1,1785459290
2026-07-31T01:06:36Z,957,17,0,11,1,0,1,1,1,1785459808
2026-07-31T01:06:36Z,958,26,0,5,0,0,1,1,1,1785459730
2026-07-31T01:06:36Z,959,16,5,6,1,0,1,1,1,1785459955
2026-07-31T01:06:36Z,960,17,9,5,1,0,1,1,1,1785459955
2026-07-31T01:06:36Z,961,1,1,19,3,0,1,1,1,1785459024
2026-07-31T01:06:36Z,962,4,0,28,3,0,1,1,1,1785459431
2026-07-31T01:06:36Z,963,8,0,14,1,0,1,1,1,1785458812
2026-07-31T01:06:36Z,964,2,2,20,1,0,1,1,1,1785459749
2026-07-31T01:06:36Z,965,4,1,22,1,0,1,1,1,1785459346
2026-07-31T01:06:36Z,966,13,0,18,0,0,1,1,1,1785459981
2026-07-31T01:06:36Z,967,4,0,15,2,0,1,1,1,1785459909
2026-07-31T01:06:36Z,968,3,2,16,0,0,1,1,1,1785459677
2026-07-31T01:06:36Z,969,6,6,20,1,0,1,1,1,1785459903
2026-07-31T01:06:36Z,970,8,4,10,1,0,1,1,1,1785459983
2026-07-31T01:06:36Z,971,21,0,1,1,0,1,1,1,1785459580
2026-07-31T01:06:36Z,972,7,0,16,0,0,1,1,1,1785459960
2026-07-31T01:06:36Z,973,6,4,16,1,0,1,1,1,1785459513
2026-07-31T01:06:36Z,974,13,0,14,0,0,1,1,1,1785459389
2026-07-31T01:06:36Z,977,3,3,14,4,0,1,1,1,1785459783
2026-07-31T01:06:36Z,978,13,3,9,1,0,1,1,1,1785459882
2026-07-31T01:06:36Z,979,3,1,14,0,0,1,1,1,1785459791
2026-07-31T01:06:36Z,980,2,0,18,1,0,1,1,1,1785459632
2026-07-31T01:06:36Z,981,3,0,17,1,0,1,1,1,1785459800
2026-07-31T01:06:36Z,982,3,1,14,2,0,1,1,1,1785458309
2026-07-31T01:06:36Z,983,1,1,21,1,0,1,1,1,1785458908
2026-07-31T01:06:36Z,984,5,0,18,0,0,1,1,1,1785459598
2026-07-31T01:06:36Z,985,25,0,6,0,0,1,1,1,1785459332
2026-07-31T01:06:36Z,986,2,0,17,0,0,1,1,1,1785458306
2026-07-31T01:06:36Z,987,5,0,17,1,0,1,1,1,1785458814
2026-07-31T01:06:36Z,988,6,2,12,1,0,1,1,1,1785458597
2026-07-31T01:06:36Z,989,8,4,11,0,0,1,1,1,1785459261
2026-07-31T01:06:36Z,990,13,1,0,2,0,1,1,1,1785458537
2026-07-31T01:06:36Z,991,8,1,10,1,0,1,1,1,1785459958
2026-07-31T01:06:36Z,992,8,6,14,1,0,1,1,1,1785459005
2026-07-31T01:06:36Z,993,1,0,26,0,0,1,1,1,1785459809
2026-07-31T01:06:36Z,994,1,1,20,0,0,1,1,1,1785459304
2026-07-31T01:06:36Z,995,7,0,20,0,0,1,1,1,1785458422
2026-07-31T01:06:36Z,996,9,1,14,0,0,1,1,1,1785458241
2026-07-31T01:06:36Z,997,10,4,11,2,0,1,1,1,1785459544
2026-07-31T01:06:36Z,998,4,2,18,1,0,1,1,1,1785458847
2026-07-31T01:06:36Z,999,4,2,15,1,1,1,1,1,1785458356
2026-07-31T01:06:36Z,1000,2,0,19,0,0,1,1,1,1785459152
2026-07-31T01:06:36Z,1001,1,0,26,0,0,1,1,1,1785458563
2026-07-31T01:06:36Z,1002,0,0,27,4,0,1,1,1,1785458530
2026-07-31T01:06:36Z,1003,0,0,22,1,0,1,1,1,1785459482
2026-07-31T01:06:36Z,1004,5,0,18,0,0,1,1,1,1785459471
2026-07-31T01:06:36Z,1005,20,1,3,0,0,1,1,1,1785458405
2026-07-31T01:06:36Z,1006,7,4,11,1,0,1,1,1,1785458261
2026-07-31T01:06:36Z,1007,5,2,16,0,0,1,1,1,1785459705
2026-07-31T01:06:36Z,1008,6,5,15,2,0,1,1,1,1785459178
2026-07-31T01:06:36Z,1009,21,4,8,2,0,1,1,1,1785459060
2026-07-31T01:06:36Z,1010,7,2,20,0,0,1,1,1,1785459867
2026-07-31T01:06:36Z,1011,7,1,10,2,0,1,1,1,1785459976
2026-07-31T01:06:36Z,1012,4,3,18,1,0,1,1,1,1785458171
2026-07-31T01:06:36Z,1013,3,1,19,1,0,1,1,1,1785458920
2026-07-31T01:06:36Z,1014,7,3,14,2,0,1,1,1,1785459880
2026-07-31T01:06:36Z,1015,4,3,25,2,0,1,1,1,1785459346
2026-07-31T01:06:36Z,1016,10,5,21,0,0,1,1,1,1785459789
2026-07-31T01:06:36Z,1017,14,5,7,0,0,1,1,1,1785459401
2026-07-31T01:06:36Z,1018,8,2,14,0,0,1,1,1,1785458261
2026-07-31T01:06:36Z,1019,7,5,8,0,0,1,1,1,1785458237
2026-07-31T01:06:36Z,1020,18,3,3,0,0,1,1,1,1785459278
2026-07-31T01:06:36Z,1021,8,3,6,1,0,1,1,1,1785459043
2026-07-31T01:06:36Z,1022,14,0,13,0,0,1,1,1,1785458323
2026-07-31T01:06:36Z,1023,12,1,10,1,0,1,1,1,1785459805
2026-07-31T01:06:36Z,1024,6,3,13,0,0,1,1,1,1785459017
2026-07-31T01:06:36Z,1025,4,0,14,0,1,1,1,1,1785459102
2026-07-31T01:06:36Z,1026,8,4,18,5,0,1,1,1,1785459220
2026-07-31T01:06:36Z,1028,2,0,20,1,0,1,1,1,1785458353
2026-07-31T01:06:36Z,1029,10,9,5,0,0,1,1,1,1785459328
2026-07-31T01:06:36Z,1030,13,5,10,0,0,1,1,1,1785459022
2026-07-31T01:06:36Z,1031,10,0,9,0,0,1,1,1,1785459432
2026-07-31T01:06:36Z,1032,7,1,12,0,0,1,1,1,1785458274
2026-07-31T01:06:36Z,1033,8,5,10,1,0,1,1,1,1785459079
2026-07-31T01:06:36Z,1034,1,0,14,0,0,1,1,1,1785458322
2026-07-31T01:06:36Z,1035,3,0,15,1,0,1,1,1,1785458790
2026-07-31T01:06:36Z,1036,15,1,0,0,0,1,1,1,1785458892
2026-07-31T01:06:36Z,1037,4,1,14,1,0,1,1,1,1785458714
2026-07-31T01:06:36Z,1038,3,1,11,1,0,1,1,1,1785459834
2026-07-31T01:06:36Z,1039,4,2,15,0,0,1,1,1,1785458429
2026-07-31T01:06:36Z,1040,9,4,9,1,0,1,1,1,1785458304
2026-07-31T01:06:36Z,1041,8,2,9,2,0,1,1,1,1785458973
2026-07-31T01:06:36Z,1042,11,0,2,2,0,1,1,1,1785459452
2026-07-31T01:06:36Z,1043,10,1,7,2,0,1,1,1,1785458345
2026-07-31T01:06:36Z,1044,2,1,13,0,0,1,1,1,1785459886
2026-07-31T01:06:36Z,1045,10,0,9,0,0,1,1,1,1785458264
2026-07-31T01:06:36Z,1046,8,0,7,0,0,1,1,1,1785459515
2026-07-31T01:06:36Z,1047,4,0,17,0,0,1,1,1,1785459716
2026-07-31T01:06:36Z,1048,6,1,13,0,0,1,1,1,1785458628
2026-07-31T01:06:36Z,1049,3,0,18,0,0,1,1,1,1785459890
2026-07-31T01:06:36Z,1050,18,5,3,0,0,1,1,1,1785459661
2026-07-31T01:06:36Z,1051,7,3,14,0,0,1,1,1,1785459276
2026-07-31T01:06:36Z,1052,17,2,5,0,0,1,1,1,1785459895
2026-07-31T01:06:36Z,1053,1,1,14,0,0,1,1,1,1785458196
2026-07-31T01:06:36Z,1054,14,1,1,0,0,1,1,1,1785458440
2026-07-31T01:06:36Z,1055,6,1,13,0,0,1,1,1,1785458400
2026-07-31T01:06:36Z,1057,5,0,14,0,0,1,1,1,1785459935
2026-07-31T01:06:36Z,1058,47,3,9,0,0,1,1,1,1785459898
2026-07-31T01:06:36Z,1059,2,0,15,2,0,1,1,1,1785459973
2026-07-31T01:06:36Z,1060,6,1,31,0,0,1,1,1,1785459538
2026-07-31T01:06:36Z,1061,21,2,16,0,0,1,1,1,1785459949
2026-07-31T01:06:36Z,1062,16,3,1,0,0,1,1,1,1785458830
2026-07-31T01:06:36Z,1063,12,1,6,1,0,1,1,1,1785458320
2026-07-31T01:06:36Z,1064,6,2,16,1,0,1,1,1,1785458593
2026-07-31T01:06:36Z,1065,15,3,8,0,0,1,1,1,1785458855
2026-07-31T01:06:36Z,1066,11,2,12,0,0,1,1,1,1785458813
2026-07-31T01:06:36Z,1067,7,1,15,1,0,1,1,1,1785458949
2026-07-31T01:06:36Z,1068,8,2,13,2,0,1,1,1,1785458405
2026-07-31T01:06:36Z,1069,12,3,11,0,0,1,1,1,1785458490
2026-07-31T01:06:36Z,1070,11,2,12,0,0,1,1,1,1785458583
2026-07-31T01:06:36Z,1071,7,4,16,0,0,1,1,1,1785458623
2026-07-31T01:06:36Z,1072,11,1,11,1,0,1,1,1,1785458933
2026-07-31T01:06:36Z,1073,9,3,16,2,0,1,1,1,1785459954
2026-07-31T01:06:36Z,1074,53,0,0,0,0,1,1,1,1785459932
2026-07-31T01:06:36Z,1075,9,8,12,0,0,1,1,1,1785459810
2026-07-31T01:06:36Z,1076,13,11,8,0,0,1,1,1,1785459241
2026-07-31T01:06:36Z,1077,8,5,13,0,0,1,1,1,1785458201
2026-07-31T01:06:36Z,1078,13,10,8,0,0,1,1,1,1785459286
2026-07-31T01:06:36Z,1079,12,9,9,0,0,1,1,1,1785459925
2026-07-31T01:06:36Z,1080,9,7,11,1,0,1,1,1,1785458702
2026-07-31T01:06:36Z,1081,14,9,5,0,0,1,1,1,1785459139
2026-07-31T01:06:36Z,1082,4,4,4,0,0,1,1,1,1785458712
2026-07-31T01:06:36Z,1083,12,10,9,0,0,1,1,1,1785458357
2026-07-31T01:06:36Z,1084,8,7,13,0,0,1,1,1,1785459809
2026-07-31T01:06:36Z,1085,10,10,11,0,0,1,1,1,1785459396
2026-07-31T01:06:36Z,1086,8,7,12,1,0,1,1,1,1785458302
2026-07-31T01:06:36Z,1087,8,7,7,0,0,1,1,1,1785459391
2026-07-31T01:06:36Z,1088,10,7,5,0,0,1,1,1,1785458326
2026-07-31T01:06:36Z,1089,6,4,9,0,0,1,1,1,1785458702
2026-07-31T01:06:36Z,1090,8,7,7,0,0,1,1,1,1785459225
2026-07-31T01:06:36Z,1091,12,7,3,0,0,1,1,1,1785459856
2026-07-31T01:06:36Z,1092,9,9,5,1,0,1,1,1,1785458679
2026-07-31T01:06:36Z,1093,7,6,8,0,0,1,1,1,1785459049
2026-07-31T01:06:36Z,1094,10,8,8,1,0,1,1,1,1785458301
2026-07-31T01:06:36Z,1095,9,8,6,0,0,1,1,1,1785459013
2026-07-31T01:06:36Z,1096,6,3,12,1,0,1,1,1,1785458638
2026-07-31T01:06:36Z,1097,10,10,5,0,0,1,1,1,1785459310
2026-07-31T01:06:36Z,1098,9,7,10,0,0,1,1,1,1785459178
2026-07-31T01:06:36Z,1099,7,6,8,0,0,1,1,1,1785459926
2026-07-31T01:06:36Z,1100,5,1,24,0,0,1,1,1,1785452920
2026-07-31T01:06:36Z,1101,10,5,11,0,0,1,1,1,1785459795
2026-07-31T01:06:36Z,1102,9,4,4,0,0,1,1,1,1785459144
2026-07-31T01:06:36Z,1103,10,5,11,0,0,1,1,1,1785458054
2026-07-31T01:06:36Z,1104,10,5,11,0,0,1,1,1,1785459545
2026-07-31T01:06:36Z,1105,7,3,6,0,0,1,1,1,1785459038
2026-07-31T01:06:36Z,1106,13,7,8,0,0,1,1,1,1785459880
2026-07-31T01:06:36Z,1107,9,5,6,0,0,1,1,1,1785458414
2026-07-31T01:06:36Z,1108,8,3,16,3,0,1,1,1,1785458803
2026-07-31T01:06:36Z,1109,5,3,10,0,0,1,1,1,1785458377
2026-07-31T01:06:36Z,1110,8,0,13,0,0,1,1,1,1785459425
2026-07-31T01:06:36Z,1111,2,0,19,0,0,1,1,1,1785459396
2026-07-31T01:06:36Z,1112,47,0,6,0,0,1,1,1,1785459717
2026-07-31T01:06:36Z,1113,0,0,21,0,0,1,1,1,1785459415
2026-07-31T01:06:36Z,1115,20,7,2,1,0,1,1,1,1785458749
2026-07-31T01:06:36Z,1116,4,1,15,0,0,1,1,1,1785458291
2026-07-31T01:06:36Z,1117,0,0,23,0,0,1,1,1,1785459616
2026-07-31T01:06:36Z,1118,16,2,4,1,0,1,1,1,1785459869
2026-07-31T01:06:36Z,1119,12,1,5,0,0,1,1,1,1785459322
2026-07-31T01:06:36Z,1120,13,2,5,1,0,1,1,1,1785459493
2026-07-31T01:06:36Z,1121,7,4,12,2,0,1,1,1,1785458686
2026-07-31T01:06:36Z,1122,18,9,1,2,0,1,1,1,1785459975
2026-07-31T01:06:36Z,1123,2,0,19,2,0,1,1,1,1785459877
2026-07-31T01:06:36Z,1124,9,1,2,4,0,1,1,1,1785459320
2026-07-31T01:06:36Z,1125,14,0,9,0,0,1,1,1,1785458542
2026-07-31T01:06:36Z,1126,6,3,13,2,0,1,1,1,1785459814
2026-07-31T01:06:36Z,1127,12,2,6,1,0,1,1,1,1785459657
2026-07-31T01:06:36Z,1128,10,0,4,1,0,1,1,1,1785459453
2026-07-31T01:06:36Z,1129,4,0,17,0,0,1,1,1,1785459845
2026-07-31T01:06:36Z,1130,5,0,10,0,0,1,1,1,1785459933
2026-07-31T01:06:36Z,1131,0,0,48,1,0,1,1,1,1785459811
2026-07-31T01:06:36Z,1132,12,4,8,1,0,1,1,1,1785459971
2026-07-31T01:06:36Z,1133,10,5,10,1,0,1,1,1,1785459919
2026-07-31T01:06:36Z,1134,11,6,8,0,0,1,1,1,1785458787
2026-07-31T01:06:36Z,1135,10,5,11,0,0,1,1,1,1785459689
2026-07-31T01:06:36Z,1136,14,0,9,0,0,1,1,1,1785459342
2026-07-31T01:06:36Z,1137,8,0,7,0,0,1,1,1,1785459058
2026-07-31T01:06:36Z,1138,10,2,9,0,0,1,1,1,1785458255
2026-07-31T01:06:36Z,1139,9,2,10,2,0,1,1,1,1785459536
2026-07-31T01:06:36Z,1140,18,2,4,1,0,1,1,1,1785459734
2026-07-31T01:06:36Z,1141,1,1,19,1,0,1,1,1,1785459972
2026-07-31T01:06:36Z,1142,20,1,1,0,0,1,1,1,1785459810
2026-07-31T01:06:36Z,1143,25,4,3,1,0,1,1,1,1785459982
2026-07-31T01:06:36Z,1144,9,4,10,2,0,1,1,1,1785458557
2026-07-31T01:06:36Z,1145,12,6,8,1,0,1,1,1,1785458647
2026-07-31T01:06:36Z,1146,5,4,13,1,0,1,1,1,1785459807
2026-07-31T01:06:36Z,1147,1,0,18,0,0,1,1,1,1785459980
2026-07-31T01:06:36Z,1148,6,3,25,0,0,1,1,1,1785459793
2026-07-31T01:06:36Z,1149,3,3,18,4,0,1,1,1,1785459702
2026-07-31T01:06:36Z,1150,7,0,12,0,0,1,1,1,1785459877
2026-07-31T01:06:36Z,1151,2,1,19,0,0,1,1,1,1785458926
2026-07-31T01:06:36Z,1152,4,0,25,0,0,1,1,1,1785459958
2026-07-31T01:06:36Z,1153,10,0,12,1,0,1,1,1,1785459834
2026-07-31T01:06:36Z,1154,13,1,6,0,0,1,1,1,1785459567
2026-07-31T01:06:36Z,1155,11,5,9,1,0,1,1,1,1785459933
2026-07-31T01:06:36Z,1158,3,0,16,0,0,1,1,1,1785458185
2026-07-31T01:06:36Z,1159,11,0,8,0,0,1,1,1,1785458538
2026-07-31T01:06:36Z,1160,7,1,11,1,0,1,1,1,1785459196
2026-07-31T01:06:36Z,1161,4,1,14,1,0,1,1,1,1785459047
2026-07-31T01:06:36Z,1162,0,0,19,0,0,1,1,1,1785458923
2026-07-31T01:06:36Z,1163,1,1,17,1,0,1,1,1,1785458303
2026-07-31T01:06:36Z,1164,4,1,15,0,0,1,1,1,1785458362
2026-07-31T01:06:36Z,1165,8,1,13,0,0,1,1,1,1785459080
2026-07-31T01:06:36Z,1166,8,3,13,0,0,1,1,1,1785459162
2026-07-31T01:06:36Z,1167,4,0,11,0,0,1,1,1,1785459914
2026-07-31T01:06:36Z,1168,1,0,22,0,0,1,1,1,1785458521
2026-07-31T01:06:36Z,1169,3,0,15,1,0,1,1,1,1785458208
2026-07-31T01:06:36Z,1170,6,0,14,1,0,1,1,1,1785458562
2026-07-31T01:06:36Z,1171,8,7,14,1,0,1,1,1,1785458890
2026-07-31T01:06:36Z,1172,7,2,6,2,0,1,1,1,1785458496
2026-07-31T01:06:36Z,1173,10,3,9,0,0,1,1,1,1785458447
2026-07-31T01:06:36Z,1174,6,2,9,0,0,1,1,1,1785459979
2026-07-31T01:06:36Z,1175,7,3,12,0,0,1,1,1,1785456851
2026-07-31T01:06:36Z,1176,19,1,2,0,0,1,1,1,1785459458
2026-07-31T01:06:36Z,1177,3,1,18,0,0,1,1,1,1785459380
2026-07-31T01:06:36Z,1178,1,0,14,0,0,1,1,1,1785459981
2026-07-31T01:06:36Z,1181,12,2,3,0,0,1,1,1,1785459292
2026-07-31T01:06:36Z,1182,11,4,9,0,0,1,1,1,1785459828
2026-07-31T01:06:36Z,1183,1,0,42,2,0,1,1,1,1785459954
2026-07-31T01:06:36Z,1184,1,1,19,1,0,1,1,1,1785459556
2026-07-31T01:06:36Z,1185,10,5,11,0,0,1,1,1,1785459485
2026-07-31T01:06:36Z,1186,9,5,10,0,0,1,1,1,1785458718
2026-07-31T01:06:36Z,1187,11,6,9,1,0,1,1,1,1785459158
2026-07-31T01:06:36Z,1188,9,3,6,0,0,1,1,1,1785458427
2026-07-31T01:06:36Z,1189,10,5,9,0,0,1,1,1,1785458472
2026-07-31T01:06:36Z,1190,10,5,11,0,0,1,1,1,1785459666
2026-07-31T01:06:36Z,1191,10,5,5,0,0,1,1,1,1785458432
2026-07-31T01:06:36Z,1192,11,7,10,0,0,1,1,1,1785458217
2026-07-31T01:06:36Z,1193,6,4,5,2,0,1,1,1,1785459339
2026-07-31T01:06:36Z,1197,9,6,7,1,0,1,1,1,1785459397
2026-07-31T01:06:36Z,1198,14,4,5,2,0,1,1,1,1785458745
2026-07-31T01:06:36Z,1199,2,0,17,0,0,1,1,1,1785458775
2026-07-31T01:06:36Z,1200,11,5,4,0,0,1,1,1,1785459100
2026-07-31T01:06:36Z,1201,9,4,6,0,0,1,1,1,1785458446
2026-07-31T01:06:36Z,1202,10,5,5,0,0,1,1,1,1785458540
2026-07-31T01:06:36Z,1203,10,5,5,0,0,1,1,1,1785458436
2026-07-31T01:06:36Z,1204,7,3,11,1,0,1,1,1,1785459968
2026-07-31T01:06:36Z,1206,11,5,10,0,0,1,1,1,1785459171
2026-07-31T01:06:36Z,1207,10,5,5,0,0,1,1,1,1785458755
2026-07-31T01:06:36Z,1208,7,2,11,1,0,1,1,1,1785458635
2026-07-31T01:06:36Z,1216,7,0,13,1,0,1,1,1,1785459407
2026-07-31T01:06:36Z,1218,5,0,16,0,0,1,1,1,1785459802
2026-07-31T01:06:36Z,1219,7,2,7,1,0,1,1,1,1785459711
2026-07-31T01:06:36Z,1220,14,7,4,1,0,1,1,1,1785459662
2026-07-31T01:06:36Z,1221,2,2,19,0,0,1,1,1,1785459111
2026-07-31T01:06:36Z,1222,21,0,8,0,0,1,1,1,1785459976
2026-07-31T01:06:36Z,1223,20,2,7,2,0,1,1,1,1785459771
2026-07-31T01:06:36Z,1226,0,0,3,0,0,0,1,1,1781868931
2026-07-31T01:06:36Z,1227,15,2,10,0,0,1,1,1,1785458180
2026-07-31T01:06:36Z,1228,23,2,5,1,0,1,1,1,1785459968
2026-07-31T01:06:36Z,1229,45,1,0,0,0,1,1,1,1785459710
2026-07-31T01:11:35Z,1,1,1,22,0,0,1,1,1,1785460168
2026-07-31T01:11:35Z,2,3,0,22,2,0,1,1,1,1785460133
2026-07-31T01:11:35Z,3,4,2,9,1,0,1,1,1,1785460253
2026-07-31T01:11:35Z,4,21,1,0,1,0,1,1,1,1785460185
2026-07-31T01:11:35Z,5,8,3,15,0,0,1,1,1,1785456282
2026-07-31T01:11:35Z,6,14,0,1,0,0,1,1,1,1785459039
2026-07-31T01:11:35Z,7,9,0,30,0,0,1,1,1,1785460169
2026-07-31T01:11:35Z,8,1,0,42,0,0,1,1,1,1785460117
2026-07-31T01:11:35Z,9,5,0,15,3,0,1,1,1,1785460277
2026-07-31T01:11:35Z,10,2,0,19,2,0,1,1,1,1785459665
2026-07-31T01:11:35Z,11,3,0,15,1,0,1,1,1,1785459840
2026-07-31T01:11:35Z,12,9,0,14,0,0,1,1,1,1785460279
2026-07-31T01:11:35Z,13,19,2,11,0,0,1,1,1,1785459989
2026-07-31T01:11:35Z,14,41,0,1,0,1,1,1,1,1785459905
2026-07-31T01:11:35Z,15,8,0,7,0,0,1,1,1,1785459177
2026-07-31T01:11:35Z,16,11,1,13,2,1,1,1,1,1785460145
2026-07-31T01:11:35Z,17,25,1,1,1,0,1,1,1,1785460279
2026-07-31T01:11:35Z,18,14,0,2,2,0,1,1,1,1785460281
2026-07-31T01:11:35Z,19,22,2,4,1,0,1,1,1,1785459758
2026-07-31T01:11:35Z,20,28,4,7,0,0,1,1,1,1785460127
2026-07-31T01:11:35Z,21,19,1,0,0,0,1,1,1,1785460264
2026-07-31T01:11:35Z,22,48,0,16,1,0,1,1,1,1785459859
2026-07-31T01:11:35Z,23,18,3,13,0,0,1,1,1,1785459243
2026-07-31T01:11:35Z,24,8,1,2,1,0,1,1,1,1785460284
2026-07-31T01:11:35Z,25,74,1,3,4,0,1,1,1,1785460210
2026-07-31T01:11:35Z,26,5,0,22,0,0,1,1,1,1785460232
2026-07-31T01:11:35Z,28,1,0,14,0,0,1,1,1,1785459787
2026-07-31T01:11:35Z,30,9,1,19,1,0,1,1,1,1785460076
2026-07-31T01:11:35Z,31,3,0,14,2,0,1,1,1,1785460240
2026-07-31T01:11:35Z,32,18,4,9,0,0,1,1,1,1785460127
2026-07-31T01:11:35Z,34,23,2,14,0,0,1,1,1,1785460269
2026-07-31T01:11:35Z,35,47,5,0,0,0,1,1,1,1785460184
2026-07-31T01:11:35Z,36,0,0,0,0,0,0,1,1,86400
2026-07-31T01:11:35Z,37,15,1,8,0,0,1,1,1,1785460190
2026-07-31T01:11:35Z,38,11,0,12,0,0,1,1,1,1785459256
2026-07-31T01:11:35Z,39,19,1,20,0,0,1,1,1,1785460058
2026-07-31T01:11:35Z,40,7,0,13,1,0,1,1,1,1785460157
2026-07-31T01:11:35Z,41,3,0,39,1,0,1,1,1,1785459932
2026-07-31T01:11:35Z,42,31,8,0,0,0,1,1,1,1785460183
2026-07-31T01:11:35Z,43,5,0,18,0,0,1,1,1,1785459750
2026-07-31T01:11:35Z,45,6,1,22,1,0,1,1,1,1785459838
2026-07-31T01:11:35Z,46,1,0,30,0,0,1,1,1,1785459896
2026-07-31T01:11:35Z,47,14,2,0,1,0,1,1,1,1785460271
2026-07-31T01:11:35Z,48,14,0,13,0,0,1,1,1,1785459835
2026-07-31T01:11:35Z,49,2,0,17,4,0,1,1,1,1785460285
2026-07-31T01:11:35Z,50,0,0,19,0,0,1,1,1,1785459881
2026-07-31T01:11:35Z,51,54,1,23,0,0,1,1,1,1785459983
2026-07-31T01:11:35Z,52,0,0,24,3,0,1,1,1,1785460235
2026-07-31T01:11:35Z,55,0,0,22,1,0,1,1,1,1785459930
2026-07-31T01:11:35Z,56,3,3,40,0,0,1,1,1,1785459952
2026-07-31T01:11:35Z,57,7,0,20,0,0,1,1,1,1785460153
2026-07-31T01:11:35Z,58,2,1,25,1,0,1,1,1,1785459537
2026-07-31T01:11:35Z,59,1,1,24,2,0,1,1,1,1785460129
2026-07-31T01:11:35Z,61,15,0,24,0,0,1,1,1,1785459850
2026-07-31T01:11:35Z,62,13,12,34,2,0,1,1,1,1785460255
2026-07-31T01:11:35Z,63,4,1,15,0,0,1,1,1,1785460019
2026-07-31T01:11:35Z,64,15,0,0,4,0,1,1,1,1785458251
2026-07-31T01:11:35Z,65,13,5,5,1,0,1,1,1,1785460108
2026-07-31T01:11:35Z,67,2,0,37,0,0,1,1,1,1785460237
2026-07-31T01:11:35Z,68,3,0,34,0,0,1,1,1,1785459635
2026-07-31T01:11:35Z,69,6,1,7,2,0,1,1,1,1785459650
2026-07-31T01:11:35Z,71,4,2,22,1,0,1,1,1,1785459782
2026-07-31T01:11:35Z,72,8,6,22,1,0,1,1,1,1785460250
2026-07-31T01:11:35Z,73,0,0,31,0,0,1,1,1,1785460014
2026-07-31T01:11:35Z,74,5,1,14,0,0,1,1,1,1785459454
2026-07-31T01:11:35Z,75,0,0,30,2,0,1,1,1,1785460244
2026-07-31T01:11:35Z,76,1,0,17,1,0,1,1,1,1785460281
2026-07-31T01:11:35Z,77,7,0,19,1,0,1,1,1,1785460249
2026-07-31T01:11:35Z,78,2,1,21,0,0,1,1,1,1785460199
2026-07-31T01:11:35Z,79,1,1,15,1,0,1,1,1,1785459978
2026-07-31T01:11:35Z,80,0,0,20,3,0,1,1,1,1785460198
2026-07-31T01:11:35Z,81,5,1,26,0,0,1,1,1,1785460033
2026-07-31T01:11:35Z,82,1,1,22,0,0,1,1,1,1785460175
2026-07-31T01:11:35Z,83,0,0,33,1,0,1,1,1,1785460185
2026-07-31T01:11:35Z,84,2,2,25,0,0,1,1,1,1785460158
2026-07-31T01:11:35Z,85,2,0,13,0,0,1,1,1,1785460237
2026-07-31T01:11:35Z,86,3,0,23,1,0,1,1,1,1785460100
2026-07-31T01:11:35Z,87,5,0,14,0,0,1,1,1,1785460072
2026-07-31T01:11:35Z,88,3,0,39,1,0,1,1,1,1785460221
2026-07-31T01:11:35Z,89,30,2,5,0,0,1,1,1,1785459745
2026-07-31T01:11:35Z,90,6,0,10,2,0,1,1,1,1785460224
2026-07-31T01:11:35Z,91,9,1,8,0,0,1,1,1,1785458287
2026-07-31T01:11:35Z,92,4,0,12,3,0,1,1,1,1785460203
2026-07-31T01:11:35Z,93,21,0,2,0,0,1,1,1,1785460132
2026-07-31T01:11:35Z,94,18,1,0,1,0,1,1,1,1785459589
2026-07-31T01:11:35Z,95,3,3,30,1,1,1,1,1,1785460278
2026-07-31T01:11:35Z,96,7,0,23,1,0,1,1,1,1785460199
2026-07-31T01:11:35Z,97,16,1,0,1,0,1,1,1,1785460121
2026-07-31T01:11:35Z,98,26,2,7,2,0,1,1,1,1785460129
2026-07-31T01:11:35Z,99,15,0,0,0,0,1,1,1,1785459433
2026-07-31T01:11:35Z,100,27,1,0,0,0,1,1,1,1785460253
2026-07-31T01:11:35Z,101,13,3,1,1,0,1,1,1,1785460187
2026-07-31T01:11:35Z,102,22,0,1,0,0,1,1,1,1785459988
2026-07-31T01:11:35Z,103,29,0,0,1,0,1,1,1,1785460245
2026-07-31T01:11:35Z,104,23,0,2,2,0,1,1,1,1785460285
2026-07-31T01:11:35Z,105,16,0,3,0,0,1,1,1,1785459332
2026-07-31T01:11:35Z,106,0,0,21,0,0,1,1,1,1785458543
2026-07-31T01:11:35Z,107,33,0,4,0,0,1,1,1,1785460151
2026-07-31T01:11:35Z,108,33,1,2,0,0,1,1,1,1785460246
2026-07-31T01:11:35Z,109,22,3,1,0,0,1,1,1,1785460261
2026-07-31T01:11:35Z,110,16,2,6,1,0,1,1,1,1785460172
2026-07-31T01:11:35Z,111,1,0,35,0,0,1,1,1,1785459962
2026-07-31T01:11:35Z,112,10,0,4,1,0,1,1,1,1785460256
2026-07-31T01:11:35Z,113,6,3,12,1,0,1,1,1,1785460271
2026-07-31T01:11:35Z,114,2,2,27,1,1,1,1,1,1785460277
2026-07-31T01:11:35Z,115,6,1,19,3,0,1,1,1,1785460200
2026-07-31T01:11:35Z,116,9,6,18,0,0,1,1,1,1785459383
2026-07-31T01:11:35Z,118,20,12,0,3,0,1,1,1,1785459651
2026-07-31T01:11:35Z,119,1,1,34,3,0,1,1,1,1785459524
2026-07-31T01:11:35Z,120,7,0,19,1,0,1,1,1,1785460059
2026-07-31T01:11:35Z,121,5,0,13,0,1,1,1,1,1785460286
2026-07-31T01:11:35Z,122,4,0,16,1,0,1,1,1,1785460144
2026-07-31T01:11:35Z,123,16,0,31,0,0,1,1,1,1785460111
2026-07-31T01:11:35Z,124,20,11,14,1,0,1,1,1,1785460140
2026-07-31T01:11:35Z,125,1,1,22,0,0,1,1,1,1785460018
2026-07-31T01:11:35Z,126,9,1,22,0,0,1,1,1,1785459379
2026-07-31T01:11:35Z,127,1,1,33,1,0,1,1,1,1785460026
2026-07-31T01:11:35Z,128,11,11,7,1,0,1,1,1,1785460156
2026-07-31T01:11:35Z,129,6,3,12,1,0,1,1,1,1785460007
2026-07-31T01:11:35Z,130,4,0,13,0,0,1,1,1,1785457733
2026-07-31T01:11:35Z,131,4,3,5,2,0,1,1,1,1785459898
2026-07-31T01:11:35Z,132,3,0,11,0,1,1,1,1,1785459978
2026-07-31T01:11:35Z,134,6,5,15,2,0,1,1,1,1785460022
2026-07-31T01:11:35Z,135,10,1,9,0,0,1,1,1,1785459694
2026-07-31T01:11:35Z,136,16,3,7,0,0,1,1,1,1785459973
2026-07-31T01:11:35Z,137,3,3,16,0,0,1,1,1,1785459973
2026-07-31T01:11:35Z,138,14,3,23,0,0,1,1,1,1785460092
2026-07-31T01:11:35Z,139,12,4,5,2,0,1,1,1,1785460255
2026-07-31T01:11:35Z,140,11,5,10,2,0,1,1,1,1785460284
2026-07-31T01:11:35Z,141,18,10,18,0,0,1,1,1,1785460286
2026-07-31T01:11:35Z,142,9,3,14,0,0,1,1,1,1785460284
2026-07-31T01:11:35Z,143,12,3,18,1,0,1,1,1,1785460031
2026-07-31T01:11:35Z,144,22,2,5,0,0,1,1,1,1785460199
2026-07-31T01:11:35Z,145,12,5,16,1,0,1,1,1,1785460243
2026-07-31T01:11:35Z,146,2,1,20,1,0,1,1,1,1785460077
2026-07-31T01:11:35Z,147,5,1,12,2,0,1,1,1,1785460075
2026-07-31T01:11:35Z,148,13,9,14,0,0,1,1,1,1785460066
2026-07-31T01:11:35Z,149,3,2,24,0,0,1,1,1,1785459759
2026-07-31T01:11:35Z,150,24,7,9,2,0,1,1,1,1785460218
2026-07-31T01:11:35Z,151,13,6,10,0,0,1,1,1,1785459990
2026-07-31T01:11:35Z,152,17,1,6,4,0,1,1,1,1785460284
2026-07-31T01:11:35Z,153,1,0,0,29,1,1,1,1,1785460088
2026-07-31T01:11:35Z,154,10,0,10,3,0,1,1,1,1785460245
2026-07-31T01:11:35Z,155,12,5,1,1,0,1,1,1,1785460057
2026-07-31T01:11:35Z,156,14,1,5,0,0,1,1,1,1785460254
2026-07-31T01:11:35Z,157,9,0,16,2,0,1,1,1,1785460257
2026-07-31T01:11:35Z,158,2,0,14,0,0,1,1,1,1785460053
2026-07-31T01:11:35Z,159,7,2,12,0,0,1,1,1,1785459671
2026-07-31T01:11:35Z,160,12,3,7,0,0,1,1,1,1785459794
2026-07-31T01:11:35Z,161,6,0,16,0,0,1,1,1,1785460205
2026-07-31T01:11:35Z,162,13,8,11,3,0,1,1,1,1785459854
2026-07-31T01:11:35Z,163,14,0,16,0,1,1,1,1,1785460223
2026-07-31T01:11:35Z,164,23,5,4,0,0,1,1,1,1785459750
2026-07-31T01:11:35Z,165,27,9,3,1,0,1,1,1,1785460159
2026-07-31T01:11:35Z,166,8,6,27,4,0,1,1,1,1785460278
2026-07-31T01:11:35Z,167,13,7,9,1,0,1,1,1,1785459653
2026-07-31T01:11:35Z,168,3,0,23,1,0,1,1,1,1785460223
2026-07-31T01:11:35Z,169,12,3,10,0,1,1,1,1,1785460179
2026-07-31T01:11:35Z,170,4,4,14,1,0,1,1,1,1785460232
2026-07-31T01:11:35Z,171,6,0,5,2,0,1,1,1,1785460247
2026-07-31T01:11:35Z,173,32,6,7,0,0,1,1,1,1785460195
2026-07-31T01:11:35Z,174,15,0,8,3,0,1,1,1,1785460152
2026-07-31T01:11:35Z,175,30,0,1,0,0,1,1,1,1785460237
2026-07-31T01:11:35Z,176,6,3,6,2,1,1,1,1,1785460174
2026-07-31T01:11:35Z,177,17,8,10,0,0,1,1,1,1785460138
2026-07-31T01:11:35Z,178,8,1,4,2,1,1,1,1,1785460285
2026-07-31T01:11:35Z,179,12,5,2,1,0,1,1,1,1785460241
2026-07-31T01:11:35Z,180,26,0,4,0,0,1,1,1,1785459777
2026-07-31T01:11:35Z,181,2,2,12,1,0,1,1,1,1785459832
2026-07-31T01:11:35Z,182,4,3,13,0,0,1,1,1,1785460064
2026-07-31T01:11:35Z,183,12,3,11,0,0,1,1,1,1785460274
2026-07-31T01:11:35Z,184,6,1,16,1,0,1,1,1,1785460286
2026-07-31T01:11:35Z,185,3,0,10,1,1,1,1,1,1785458374
2026-07-31T01:11:35Z,186,1,1,18,0,0,1,1,1,1785459831
2026-07-31T01:11:35Z,187,6,1,20,2,0,1,1,1,1785459931
2026-07-31T01:11:35Z,188,18,0,1,8,0,1,1,1,1785460085
2026-07-31T01:11:35Z,189,3,0,12,0,0,1,1,1,1785459626
2026-07-31T01:11:35Z,190,4,3,19,0,0,1,1,1,1785460164
2026-07-31T01:11:35Z,191,0,0,39,0,0,1,1,1,1785458545
2026-07-31T01:11:35Z,192,7,5,22,2,0,1,1,1,1785459919
2026-07-31T01:11:35Z,193,9,6,5,1,0,1,1,1,1785460226
2026-07-31T01:11:35Z,194,0,0,26,1,0,1,1,1,1785460278
2026-07-31T01:11:35Z,195,5,3,13,1,0,1,1,1,1785460260
2026-07-31T01:11:35Z,196,13,6,11,3,0,1,1,1,1785460115
2026-07-31T01:11:35Z,197,7,2,11,0,1,1,1,1,1785460285
2026-07-31T01:11:35Z,198,19,17,4,0,0,1,1,1,1785460098
2026-07-31T01:11:35Z,199,11,8,2,2,0,1,1,1,1785460211
2026-07-31T01:11:35Z,200,3,3,22,1,0,1,1,1,1785460019
2026-07-31T01:11:35Z,201,1,1,22,0,0,1,1,1,1785459076
2026-07-31T01:11:35Z,202,17,1,10,0,0,1,1,1,1785460041
2026-07-31T01:11:35Z,203,15,0,15,1,0,1,1,1,1785459420
2026-07-31T01:11:35Z,204,17,1,16,2,0,1,1,1,1785460224
2026-07-31T01:11:35Z,205,7,2,20,0,0,1,1,1,1785460060
2026-07-31T01:11:35Z,206,7,6,8,0,0,1,1,1,1785460111
2026-07-31T01:11:35Z,207,19,2,2,0,0,1,1,1,1785460222
2026-07-31T01:11:35Z,208,5,1,23,1,0,1,1,1,1785460061
2026-07-31T01:11:35Z,209,11,0,19,2,0,1,1,1,1785460282
2026-07-31T01:11:35Z,210,1,1,25,1,0,1,1,1,1785460063
2026-07-31T01:11:35Z,211,1,1,21,1,0,1,1,1,1785460183
2026-07-31T01:11:35Z,212,21,1,13,1,0,1,1,1,1785460240
2026-07-31T01:11:35Z,213,16,1,6,1,0,1,1,1,1785460186
2026-07-31T01:11:35Z,214,14,13,26,7,0,1,1,1,1785460278
2026-07-31T01:11:35Z,215,11,2,12,0,0,1,1,1,1785460244
2026-07-31T01:11:35Z,216,5,2,13,1,0,1,1,1,1785459910
2026-07-31T01:11:35Z,217,24,0,4,1,0,1,1,1,1785460197
2026-07-31T01:11:35Z,218,11,5,23,5,0,1,1,1,1785460247
2026-07-31T01:11:35Z,219,3,0,22,1,0,1,1,1,1785460003
2026-07-31T01:11:35Z,220,13,13,27,2,1,1,1,1,1785460149
2026-07-31T01:11:35Z,221,8,7,6,1,0,1,1,1,1785460243
2026-07-31T01:11:35Z,222,16,13,2,1,0,1,1,1,1785460146
2026-07-31T01:11:35Z,223,2,0,31,2,0,1,1,1,1785459991
2026-07-31T01:11:35Z,224,16,16,5,1,0,1,1,1,1785460150
2026-07-31T01:11:35Z,225,9,1,4,6,0,1,1,1,1785460114
2026-07-31T01:11:35Z,226,19,9,12,0,0,1,1,1,1785460264
2026-07-31T01:11:35Z,227,12,12,13,1,1,1,1,1,1785460181
2026-07-31T01:11:35Z,228,10,8,9,0,0,1,1,1,1785459642
2026-07-31T01:11:35Z,230,22,4,4,0,0,1,1,1,1785459985
2026-07-31T01:11:35Z,232,6,4,10,1,0,1,1,1,1785459863
2026-07-31T01:11:35Z,233,17,5,13,1,0,1,1,1,1785460156
2026-07-31T01:11:35Z,234,7,3,7,4,1,1,1,1,1785459874
2026-07-31T01:11:35Z,236,1,0,18,0,0,1,1,1,1785459879
2026-07-31T01:11:35Z,237,6,0,16,1,0,1,1,1,1785459951
2026-07-31T01:11:35Z,239,19,15,5,3,0,1,1,1,1785460276
2026-07-31T01:11:35Z,241,5,3,17,1,0,1,1,1,1785459980
2026-07-31T01:11:35Z,242,4,1,18,1,0,1,1,1,1785459546
2026-07-31T01:11:35Z,243,4,2,25,2,0,1,1,1,1785460180
2026-07-31T01:11:35Z,244,0,0,26,1,0,1,1,1,1785460172
2026-07-31T01:11:35Z,245,14,12,8,1,0,1,1,1,1785459931
2026-07-31T01:11:35Z,246,4,1,18,1,0,1,1,1,1785460060
2026-07-31T01:11:35Z,247,14,9,9,0,0,1,1,1,1785459845
2026-07-31T01:11:35Z,248,1,0,19,3,0,1,1,1,1785460126
2026-07-31T01:11:35Z,249,8,4,11,0,0,1,1,1,1785459972
2026-07-31T01:11:35Z,250,4,1,21,2,0,1,1,1,1785459793
2026-07-31T01:11:35Z,251,8,6,17,2,0,1,1,1,1785460283
2026-07-31T01:11:35Z,253,5,4,13,1,0,1,1,1,1785459917
2026-07-31T01:11:35Z,254,12,10,30,1,0,1,1,1,1785460117
2026-07-31T01:11:35Z,255,0,0,22,0,1,1,1,1,1785460157
2026-07-31T01:11:35Z,256,7,6,15,1,0,1,1,1,1785460007
2026-07-31T01:11:35Z,257,3,1,15,1,0,1,1,1,1785460094
2026-07-31T01:11:35Z,258,5,4,12,2,0,1,1,1,1785460165
2026-07-31T01:11:35Z,259,14,1,8,0,1,1,1,1,1785458391
2026-07-31T01:11:35Z,260,8,2,9,2,0,1,1,1,1785460040
2026-07-31T01:11:35Z,261,12,2,5,1,1,1,1,1,1785459928
2026-07-31T01:11:35Z,262,17,4,6,0,0,1,1,1,1785459791
2026-07-31T01:11:35Z,263,14,3,1,0,0,1,1,1,1785459135
2026-07-31T01:11:35Z,264,9,1,9,1,0,1,1,1,1785460166
2026-07-31T01:11:35Z,265,12,2,3,0,0,1,1,1,1785460046
2026-07-31T01:11:35Z,266,11,5,6,2,0,1,1,1,1785460043
2026-07-31T01:11:35Z,267,4,0,9,2,0,1,1,1,1785456188
2026-07-31T01:11:35Z,268,20,7,3,0,0,1,1,1,1785459614
2026-07-31T01:11:35Z,269,7,0,16,0,0,1,1,1,1785460232
2026-07-31T01:11:35Z,270,15,1,11,1,0,1,1,1,1785460204
2026-07-31T01:11:35Z,271,2,0,15,2,0,1,1,1,1785460172
2026-07-31T01:11:35Z,272,14,7,9,0,0,1,1,1,1785460189
2026-07-31T01:11:35Z,273,11,4,4,0,0,1,1,1,1785459436
2026-07-31T01:11:35Z,274,9,4,10,0,0,1,1,1,1785459865
2026-07-31T01:11:35Z,275,6,0,17,0,0,1,1,1,1785459784
2026-07-31T01:11:35Z,276,0,0,26,1,0,1,1,1,1785459234
2026-07-31T01:11:35Z,277,0,0,19,4,0,1,1,1,1785458483
2026-07-31T01:11:35Z,278,0,0,29,1,1,1,1,1,1785459920
2026-07-31T01:11:35Z,279,4,4,15,0,0,1,1,1,1785460074
2026-07-31T01:11:35Z,280,1,0,28,2,0,1,1,1,1785460132
2026-07-31T01:11:35Z,281,19,1,0,0,0,1,1,1,1785459413
2026-07-31T01:11:35Z,282,3,2,14,1,0,1,1,1,1785460217
2026-07-31T01:11:35Z,283,20,0,15,0,0,1,1,1,1785459838
2026-07-31T01:11:35Z,284,16,1,16,3,0,1,1,1,1785459851
2026-07-31T01:11:35Z,285,1,1,22,0,0,1,1,1,1785460082
2026-07-31T01:11:35Z,286,14,9,7,2,0,1,1,1,1785460268
2026-07-31T01:11:35Z,287,11,0,10,2,0,1,1,1,1785459441
2026-07-31T01:11:35Z,288,13,7,6,0,0,1,1,1,1785459945
2026-07-31T01:11:35Z,289,4,2,21,2,0,1,1,1,1785460172
2026-07-31T01:11:35Z,290,23,0,14,2,0,1,1,1,1785460162
2026-07-31T01:11:35Z,291,4,0,18,1,0,1,1,1,1785460216
2026-07-31T01:11:35Z,292,1,0,22,0,0,1,1,1,1785460161
2026-07-31T01:11:35Z,293,10,5,13,0,0,1,1,1,1785459719
2026-07-31T01:11:35Z,294,6,4,12,4,0,1,1,1,1785460180
2026-07-31T01:11:35Z,297,12,2,5,1,1,1,1,1,1785460054
2026-07-31T01:11:35Z,301,12,0,6,1,0,1,1,1,1785459971
2026-07-31T01:11:35Z,302,10,0,13,0,0,1,1,1,1785459923
2026-07-31T01:11:35Z,303,4,0,15,0,0,1,1,1,1785459369
2026-07-31T01:11:35Z,304,0,0,0,0,0,0,1,1,86400
2026-07-31T01:11:35Z,305,16,0,3,0,0,1,1,1,1785460048
2026-07-31T01:11:35Z,306,5,1,27,0,0,1,1,1,1785460285
2026-07-31T01:11:35Z,307,19,3,4,0,0,1,1,1,1785460175
2026-07-31T01:11:35Z,308,13,2,4,2,0,1,1,1,1785459378
2026-07-31T01:11:35Z,309,2,2,11,1,0,1,1,1,1785459898
2026-07-31T01:11:35Z,311,10,0,5,0,0,1,1,1,1785460184
2026-07-31T01:11:35Z,312,1,1,18,3,1,1,1,1,1785459973
2026-07-31T01:11:35Z,313,8,1,7,0,0,1,1,1,1785459636
2026-07-31T01:11:35Z,314,3,3,12,3,0,1,1,1,1785460157
2026-07-31T01:11:35Z,315,13,12,15,3,0,1,1,1,1785460260
2026-07-31T01:11:35Z,316,17,4,8,5,1,1,1,1,1785460244
2026-07-31T01:11:35Z,317,0,0,29,1,1,1,1,1,1785460112
2026-07-31T01:11:35Z,318,12,0,7,0,0,1,1,1,1785459819
2026-07-31T01:11:35Z,319,4,1,18,1,0,1,1,1,1785459556
2026-07-31T01:11:35Z,320,2,0,16,1,0,1,1,1,1785459636
2026-07-31T01:11:35Z,321,8,0,9,2,0,1,1,1,1785459559
2026-07-31T01:11:35Z,322,9,0,18,2,0,1,1,1,1785460257
2026-07-31T01:11:35Z,323,11,0,8,0,0,1,1,1,1785459540
2026-07-31T01:11:35Z,324,0,0,25,2,0,1,1,1,1785460277
2026-07-31T01:11:35Z,325,0,0,25,2,0,1,1,1,1785459523
2026-07-31T01:11:35Z,327,27,3,0,0,0,1,1,1,1785460009
2026-07-31T01:11:35Z,328,21,2,0,1,0,1,1,1,1785459947
2026-07-31T01:11:35Z,329,7,1,12,0,0,1,1,1,1785460190
2026-07-31T01:11:35Z,330,3,0,19,0,0,1,1,1,1785460201
2026-07-31T01:11:35Z,331,18,1,3,2,0,1,1,1,1785459546
2026-07-31T01:11:35Z,332,3,2,15,1,0,1,1,1,1785459921
2026-07-31T01:11:35Z,333,11,4,11,1,0,1,1,1,1785460251
2026-07-31T01:11:35Z,334,3,1,20,0,0,1,1,1,1785460031
2026-07-31T01:11:35Z,335,0,0,22,0,1,1,1,1,1785459614
2026-07-31T01:11:35Z,336,6,0,12,1,0,1,1,1,1785459846
2026-07-31T01:11:35Z,337,14,0,5,4,0,1,1,1,1785460149
2026-07-31T01:11:35Z,338,9,4,10,0,0,1,1,1,1785459929
2026-07-31T01:11:35Z,339,7,3,16,0,0,1,1,1,1785460083
2026-07-31T01:11:35Z,340,6,2,8,1,0,1,1,1,1785460283
2026-07-31T01:11:35Z,341,10,1,9,0,0,1,1,1,1785460095
2026-07-31T01:11:35Z,342,9,5,5,1,0,1,1,1,1785459695
2026-07-31T01:11:35Z,343,5,2,17,1,0,1,1,1,1785460140
2026-07-31T01:11:35Z,344,17,4,6,0,0,1,1,1,1785459471
2026-07-31T01:11:35Z,345,19,3,0,0,0,1,1,1,1785460146
2026-07-31T01:11:35Z,346,7,5,16,0,0,1,1,1,1785460261
2026-07-31T01:11:35Z,347,13,1,30,1,0,1,1,1,1785460284
2026-07-31T01:11:35Z,348,14,1,8,0,1,1,1,1,1785460073
2026-07-31T01:11:35Z,349,7,2,11,1,0,1,1,1,1785459884
2026-07-31T01:11:35Z,350,9,1,16,1,1,1,1,1,1785459981
2026-07-31T01:11:35Z,351,8,2,11,4,0,1,1,1,1785460062
2026-07-31T01:11:35Z,355,3,1,20,0,0,1,1,1,1785460245
2026-07-31T01:11:35Z,356,8,0,11,0,0,1,1,1,1785460242
2026-07-31T01:11:35Z,357,6,5,13,0,0,1,1,1,1785460099
2026-07-31T01:11:35Z,358,8,1,19,0,0,1,1,1,1785459040
2026-07-31T01:11:35Z,359,4,0,23,0,0,1,1,1,1785460016
2026-07-31T01:11:35Z,360,9,4,10,0,0,1,1,1,1785459727
2026-07-31T01:11:35Z,362,7,3,11,1,0,1,1,1,1785460165
2026-07-31T01:11:35Z,363,13,0,14,0,0,1,1,1,1785459809
2026-07-31T01:11:35Z,364,11,2,8,0,0,1,1,1,1785460216
2026-07-31T01:11:35Z,365,2,1,14,7,0,1,1,1,1785460102
2026-07-31T01:11:35Z,366,7,3,10,6,0,1,1,1,1785460178
2026-07-31T01:11:35Z,367,14,8,3,2,0,1,1,1,1785459404
2026-07-31T01:11:35Z,368,13,4,9,1,0,1,1,1,1785459857
2026-07-31T01:11:35Z,370,2,2,24,1,0,1,1,1,1785460228
2026-07-31T01:11:35Z,371,8,5,9,2,0,1,1,1,1785459378
2026-07-31T01:11:35Z,372,4,0,11,0,0,1,1,1,1785460118
2026-07-31T01:11:35Z,373,11,4,16,0,0,1,1,1,1785460213
2026-07-31T01:11:35Z,374,1,1,16,2,0,1,1,1,1785460111
2026-07-31T01:11:35Z,375,13,0,11,3,0,1,1,1,1785459219
2026-07-31T01:11:35Z,376,23,2,13,3,0,1,1,1,1785460257
2026-07-31T01:11:35Z,377,3,0,23,1,0,1,1,1,1785460082
2026-07-31T01:11:35Z,378,12,1,10,1,1,1,1,1,1785460023
2026-07-31T01:11:35Z,379,11,0,15,1,0,1,1,1,1785460105
2026-07-31T01:11:35Z,380,8,1,15,0,0,1,1,1,1785460281
2026-07-31T01:11:35Z,381,2,0,20,1,0,1,1,1,1785460250
2026-07-31T01:11:35Z,383,5,1,9,1,0,1,1,1,1785459929
2026-07-31T01:11:35Z,384,23,1,3,1,0,1,1,1,1785460260
2026-07-31T01:11:35Z,385,2,0,14,2,0,1,1,1,1785460281
2026-07-31T01:11:35Z,387,3,0,20,0,0,1,1,1,1785459244
2026-07-31T01:11:35Z,388,19,1,29,1,0,1,1,1,1785460164
2026-07-31T01:11:35Z,389,5,5,10,0,0,1,1,1,1785458136
2026-07-31T01:11:35Z,390,27,2,8,0,0,1,1,1,1785460255
2026-07-31T01:11:35Z,391,4,0,11,0,0,1,1,1,1785459616
2026-07-31T01:11:35Z,392,2,2,16,1,0,1,1,1,1785459974
2026-07-31T01:11:35Z,393,1,1,8,2,0,1,1,1,1785459662
2026-07-31T01:11:35Z,394,0,0,11,2,0,1,1,1,1785459918
2026-07-31T01:11:35Z,396,14,12,25,3,0,1,1,1,1785460286
2026-07-31T01:11:35Z,397,4,3,27,0,0,1,1,1,1785460037
2026-07-31T01:11:35Z,399,8,1,6,3,0,1,1,1,1785460070
2026-07-31T01:11:35Z,400,11,6,10,2,0,1,1,1,1785460171
2026-07-31T01:11:35Z,401,2,1,28,9,0,1,1,1,1785460235
2026-07-31T01:11:35Z,403,13,2,16,2,0,1,1,1,1785460272
2026-07-31T01:11:35Z,404,5,4,17,1,0,1,1,1,1785460279
2026-07-31T01:11:35Z,406,32,1,2,1,0,1,1,1,1785460285
2026-07-31T01:11:35Z,407,7,0,26,1,0,1,1,1,1785459993
2026-07-31T01:11:35Z,408,0,0,33,0,0,1,1,1,1785459966
2026-07-31T01:11:35Z,409,20,2,0,3,0,1,1,1,1785459571
2026-07-31T01:11:35Z,413,10,2,12,1,0,1,1,1,1785459229
2026-07-31T01:11:35Z,414,13,2,2,0,0,1,1,1,1785459548
2026-07-31T01:11:35Z,417,7,3,12,0,0,1,1,1,1785460230
2026-07-31T01:11:35Z,418,0,0,14,1,0,1,1,1,1785456376
2026-07-31T01:11:35Z,419,14,1,9,0,0,1,1,1,1785459779
2026-07-31T01:11:35Z,421,17,1,2,0,0,1,1,1,1785459984
2026-07-31T01:11:35Z,422,1,0,25,1,0,1,1,1,1785460238
2026-07-31T01:11:35Z,423,5,0,17,1,0,1,1,1,1785460139
2026-07-31T01:11:35Z,424,3,0,10,2,0,1,1,1,1785460187
2026-07-31T01:11:35Z,425,1,1,20,0,1,1,1,1,1785460145
2026-07-31T01:11:35Z,426,1,0,33,3,0,1,1,1,1785460208
2026-07-31T01:11:35Z,427,0,0,14,1,0,1,1,1,1785460283
2026-07-31T01:11:35Z,428,12,2,6,1,0,1,1,1,1785460230
2026-07-31T01:11:35Z,429,7,1,12,4,0,1,1,1,1785460267
2026-07-31T01:11:35Z,430,12,1,18,1,0,1,1,1,1785460212
2026-07-31T01:11:35Z,431,14,2,18,1,0,1,1,1,1785459342
2026-07-31T01:11:35Z,432,22,1,7,2,0,1,1,1,1785459993
2026-07-31T01:11:35Z,433,7,4,14,2,0,1,1,1,1785459527
2026-07-31T01:11:35Z,437,6,6,12,1,0,1,1,1,1785460253
2026-07-31T01:11:35Z,438,1,0,17,1,0,1,1,1,1785460265
2026-07-31T01:11:35Z,439,6,2,9,0,0,1,1,1,1785458526
2026-07-31T01:11:35Z,440,0,0,13,2,0,1,1,1,1785459121
2026-07-31T01:11:35Z,441,0,0,15,0,0,1,1,1,1785458641
2026-07-31T01:11:35Z,442,11,5,7,1,0,1,1,1,1785460254
2026-07-31T01:11:35Z,443,3,0,24,0,0,1,1,1,1785456698
2026-07-31T01:11:35Z,444,2,1,21,0,0,1,1,1,1785455134
2026-07-31T01:11:35Z,445,7,2,15,1,0,1,1,1,1785460173
2026-07-31T01:11:35Z,446,2,2,20,1,0,1,1,1,1785457589
2026-07-31T01:11:35Z,447,1,0,20,1,1,1,1,1,1785441257
2026-07-31T01:11:35Z,448,8,2,5,1,1,1,1,1,1785460147
2026-07-31T01:11:35Z,452,5,2,13,1,0,1,1,1,1785460141
2026-07-31T01:11:35Z,453,3,1,11,1,0,1,1,1,1785459900
2026-07-31T01:11:35Z,454,1,0,18,0,0,1,1,1,1785459657
2026-07-31T01:11:35Z,455,0,0,39,0,0,1,1,1,1785457539
2026-07-31T01:11:35Z,456,13,7,6,1,0,1,1,1,1785460179
2026-07-31T01:11:35Z,457,14,1,11,2,0,1,1,1,1785459735
2026-07-31T01:11:35Z,458,7,2,15,1,0,1,1,1,1785460009
2026-07-31T01:11:35Z,459,11,0,4,0,0,1,1,1,1785458362
2026-07-31T01:11:35Z,460,14,1,8,1,0,1,1,1,1785459939
2026-07-31T01:11:35Z,461,3,0,16,0,0,1,1,1,1785460145
2026-07-31T01:11:35Z,462,7,1,14,0,0,1,1,1,1785459969
2026-07-31T01:11:35Z,463,12,1,7,0,0,1,1,1,1785459942
2026-07-31T01:11:35Z,464,1,1,13,0,0,1,1,1,1785459017
2026-07-31T01:11:35Z,465,2,1,13,0,0,1,1,1,1785459861
2026-07-31T01:11:35Z,466,9,3,5,1,0,1,1,1,1785458161
2026-07-31T01:11:35Z,467,0,0,19,0,0,1,1,1,1785460192
2026-07-31T01:11:35Z,468,14,0,4,1,0,1,1,1,1785459528
2026-07-31T01:11:35Z,469,1,0,21,1,0,1,1,1,1785459683
2026-07-31T01:11:35Z,470,8,0,6,1,0,1,1,1,1785460192
2026-07-31T01:11:35Z,471,20,4,7,0,0,1,1,1,1785460217
2026-07-31T01:11:35Z,472,6,3,12,1,0,1,1,1,1785460228
2026-07-31T01:11:35Z,473,4,1,13,2,0,1,1,1,1785460226
2026-07-31T01:11:35Z,474,8,0,10,1,0,1,1,1,1785460188
2026-07-31T01:11:35Z,475,2,1,17,0,0,1,1,1,1785459868
2026-07-31T01:11:35Z,477,8,4,7,0,0,1,1,1,1785459955
2026-07-31T01:11:35Z,478,19,1,12,0,0,1,1,1,1785460223
2026-07-31T01:11:35Z,479,13,1,13,1,0,1,1,1,1785460182
2026-07-31T01:11:35Z,480,3,0,9,3,0,1,1,1,1785457824
2026-07-31T01:11:35Z,481,13,0,21,1,0,1,1,1,1785460285
2026-07-31T01:11:35Z,482,5,0,13,1,0,1,1,1,1785459630
2026-07-31T01:11:35Z,483,23,1,1,3,0,1,1,1,1785460257
2026-07-31T01:11:35Z,484,3,0,16,0,0,1,1,1,1785457934
2026-07-31T01:11:35Z,485,11,6,5,2,1,1,1,1,1785460275
2026-07-31T01:11:35Z,486,6,1,19,2,0,1,1,1,1785460191
2026-07-31T01:11:35Z,487,2,1,16,1,0,1,1,1,1785459956
2026-07-31T01:11:35Z,489,7,4,8,0,0,1,1,1,1785460239
2026-07-31T01:11:35Z,490,2,2,14,0,0,1,1,1,1785459802
2026-07-31T01:11:35Z,491,17,2,4,0,0,1,1,1,1785458559
2026-07-31T01:11:35Z,492,4,4,4,3,0,1,1,1,1785460281
2026-07-31T01:11:35Z,493,0,0,25,2,0,1,1,1,1785459725
2026-07-31T01:11:35Z,495,9,2,5,1,0,1,1,1,1785459194
2026-07-31T01:11:35Z,496,21,2,6,0,0,1,1,1,1785460038
2026-07-31T01:11:35Z,497,4,0,14,1,0,1,1,1,1785460183
2026-07-31T01:11:35Z,498,2,1,20,1,0,1,1,1,1785459978
2026-07-31T01:11:35Z,499,6,2,13,0,0,1,1,1,1785459095
2026-07-31T01:11:35Z,500,10,7,1,4,0,1,1,1,1785459616
2026-07-31T01:11:35Z,501,2,2,18,1,0,1,1,1,1785459611
2026-07-31T01:11:35Z,502,1,0,18,0,0,1,1,1,1785459601
2026-07-31T01:11:35Z,503,26,0,4,1,0,1,1,1,1785459907
2026-07-31T01:11:35Z,504,2,0,36,1,0,1,1,1,1785460259
2026-07-31T01:11:35Z,505,2,2,9,1,0,1,1,1,1785460098
2026-07-31T01:11:35Z,511,2,0,21,0,0,1,1,1,1785458870
2026-07-31T01:11:35Z,512,5,0,22,0,0,1,1,1,1785459278
2026-07-31T01:11:35Z,514,9,0,0,2,0,1,1,1,1785458664
2026-07-31T01:11:35Z,515,4,0,15,0,0,1,1,1,1785457241
2026-07-31T01:11:35Z,516,5,0,22,0,0,1,1,1,1785460244
2026-07-31T01:11:35Z,517,8,0,14,1,0,1,1,1,1785459592
2026-07-31T01:11:35Z,518,10,1,3,2,0,1,1,1,1785459066
2026-07-31T01:11:35Z,519,5,3,14,0,0,1,1,1,1785458843
2026-07-31T01:11:35Z,520,9,4,13,4,1,1,1,1,1785460285
2026-07-31T01:11:35Z,521,4,3,19,0,0,1,1,1,1785460164
2026-07-31T01:11:35Z,522,23,1,0,0,0,1,1,1,1785460097
2026-07-31T01:11:35Z,523,4,2,17,2,0,1,1,1,1785460142
2026-07-31T01:11:35Z,524,21,1,2,0,0,1,1,1,1785460259
2026-07-31T01:11:35Z,525,19,0,0,0,0,1,1,1,1785459404
2026-07-31T01:11:35Z,526,12,2,2,1,0,1,1,1,1785459343
2026-07-31T01:11:35Z,527,0,0,23,3,0,1,1,1,1785460005
2026-07-31T01:11:35Z,528,14,0,9,0,0,1,1,1,1785459978
2026-07-31T01:11:35Z,529,4,0,10,5,0,1,1,1,1785460283
2026-07-31T01:11:35Z,530,3,0,17,1,0,1,1,1,1785460073
2026-07-31T01:11:35Z,531,9,0,13,0,1,1,1,1,1785460232
2026-07-31T01:11:35Z,532,5,3,24,1,1,1,1,1,1785457478
2026-07-31T01:11:35Z,533,11,1,7,1,0,1,1,1,1785460194
2026-07-31T01:11:35Z,534,3,3,20,0,0,1,1,1,1785459927
2026-07-31T01:11:35Z,535,2,1,12,1,0,1,1,1,1785460066
2026-07-31T01:11:35Z,536,2,0,21,0,0,1,1,1,1785460284
2026-07-31T01:11:35Z,537,14,5,6,0,0,1,1,1,1785459389
2026-07-31T01:11:35Z,538,9,0,11,1,2,1,1,1,1785460065
2026-07-31T01:11:35Z,539,8,5,23,0,0,1,1,1,1785460178
2026-07-31T01:11:35Z,540,0,0,19,0,0,1,1,1,1785459461
2026-07-31T01:11:35Z,541,11,2,16,0,0,1,1,1,1785460214
2026-07-31T01:11:35Z,542,0,0,23,0,0,1,1,1,1785456936
2026-07-31T01:11:35Z,543,7,1,12,0,0,1,1,1,1785460220
2026-07-31T01:11:35Z,544,12,1,6,4,0,1,1,1,1785460239
2026-07-31T01:11:35Z,545,9,1,6,4,0,1,1,1,1785460244
2026-07-31T01:11:35Z,546,11,2,8,0,0,1,1,1,1785460266
2026-07-31T01:11:35Z,547,7,0,18,0,0,1,1,1,1785460219
2026-07-31T01:11:35Z,548,14,0,9,0,0,1,1,1,1785460258
2026-07-31T01:11:35Z,549,19,0,4,0,0,1,1,1,1785460255
2026-07-31T01:11:35Z,550,1,0,18,0,0,1,1,1,1785460082
2026-07-31T01:11:35Z,551,13,3,10,0,0,1,1,1,1785458944
2026-07-31T01:11:35Z,552,2,1,25,0,0,1,1,1,1785460226
2026-07-31T01:11:35Z,553,3,1,19,0,1,1,1,1,1785460239
2026-07-31T01:11:35Z,554,1,1,18,0,0,1,1,1,1785459733
2026-07-31T01:11:35Z,555,11,5,3,1,0,1,1,1,1785459264
2026-07-31T01:11:35Z,556,3,2,19,1,0,1,1,1,1785460132
2026-07-31T01:11:35Z,557,2,1,15,6,0,1,1,1,1785460203
2026-07-31T01:11:35Z,558,4,4,29,4,0,1,1,1,1785460249
2026-07-31T01:11:35Z,559,0,0,18,1,0,1,1,1,1785457401
2026-07-31T01:11:35Z,560,1,0,26,0,0,1,1,1,1785460278
2026-07-31T01:11:35Z,561,15,1,6,2,0,1,1,1,1785459687
2026-07-31T01:11:35Z,562,17,1,14,4,0,1,1,1,1785460271
2026-07-31T01:11:35Z,563,7,0,7,0,0,1,1,1,1785460090
2026-07-31T01:11:35Z,564,5,1,13,1,0,1,1,1,1785459039
2026-07-31T01:11:35Z,565,9,2,10,0,0,1,1,1,1785459843
2026-07-31T01:11:35Z,566,4,0,13,2,0,1,1,1,1785460230
2026-07-31T01:11:35Z,567,15,3,11,1,0,1,1,1,1785459937
2026-07-31T01:11:35Z,568,8,1,9,2,0,1,1,1,1785460282
2026-07-31T01:11:35Z,569,9,0,10,0,0,1,1,1,1785460074
2026-07-31T01:11:35Z,570,5,2,14,0,0,1,1,1,1785460078
2026-07-31T01:11:35Z,571,10,0,12,1,0,1,1,1,1785459816
2026-07-31T01:11:35Z,572,17,3,0,2,0,1,1,1,1785457866
2026-07-31T01:11:35Z,573,13,0,2,0,0,1,1,1,1785460265
2026-07-31T01:11:35Z,574,6,2,9,0,0,1,1,1,1785459850
2026-07-31T01:11:35Z,575,7,0,13,1,0,1,1,1,1785459497
2026-07-31T01:11:35Z,576,3,1,15,1,0,1,1,1,1785460209
2026-07-31T01:11:35Z,577,28,0,3,0,0,1,1,1,1785460281
2026-07-31T01:11:35Z,578,13,4,9,1,0,1,1,1,1785460241
2026-07-31T01:11:35Z,579,35,0,8,0,0,1,1,1,1785460260
2026-07-31T01:11:35Z,580,6,0,23,0,0,1,1,1,1785459113
2026-07-31T01:11:35Z,581,18,0,1,0,0,1,1,1,1785460139
2026-07-31T01:11:35Z,582,8,3,48,5,0,1,1,1,1785460259
2026-07-31T01:11:35Z,583,17,1,6,0,0,1,1,1,1785459825
2026-07-31T01:11:35Z,584,0,0,14,5,0,1,1,1,1785458113
2026-07-31T01:11:35Z,585,7,0,19,0,1,1,1,1,1785459720
2026-07-31T01:11:35Z,586,16,0,18,1,0,1,1,1,1785459880
2026-07-31T01:11:35Z,587,23,1,0,1,0,1,1,1,1785459503
2026-07-31T01:11:35Z,588,1,1,14,4,0,1,1,1,1785460248
2026-07-31T01:11:35Z,589,0,0,0,23,0,1,1,1,1785460110
2026-07-31T01:11:35Z,590,6,0,25,0,0,1,1,1,1785460281
2026-07-31T01:11:35Z,591,28,1,0,2,0,1,1,1,1785460260
2026-07-31T01:11:35Z,592,5,0,18,0,0,1,1,1,1785459754
2026-07-31T01:11:35Z,593,8,0,30,0,0,1,1,1,1785459523
2026-07-31T01:11:35Z,594,20,1,1,0,0,1,1,1,1785460113
2026-07-31T01:11:35Z,595,0,0,3,0,0,0,1,1,1784046673
2026-07-31T01:11:35Z,605,0,0,2,1,0,0,1,1,1783975843
2026-07-31T01:11:35Z,606,0,0,0,0,0,0,1,1,86400
2026-07-31T01:11:35Z,607,19,1,12,1,0,1,1,1,1785460011
2026-07-31T01:11:35Z,608,2,2,48,0,0,1,1,1,1785460101
2026-07-31T01:11:35Z,609,7,3,16,0,0,1,1,1,1785459999
2026-07-31T01:11:35Z,610,3,0,31,1,0,1,1,1,1785460015
2026-07-31T01:11:35Z,611,25,0,1,1,0,1,1,1,1785460219
2026-07-31T01:11:35Z,612,7,1,8,0,0,1,1,1,1785455780
2026-07-31T01:11:35Z,613,10,0,1,4,0,1,1,1,1785455457
2026-07-31T01:11:35Z,614,18,2,7,1,1,1,1,1,1785460113
2026-07-31T01:11:35Z,617,3,1,11,1,0,1,1,1,1785459989
2026-07-31T01:11:35Z,618,11,2,4,4,0,1,1,1,1785460040
2026-07-31T01:11:35Z,619,8,5,11,0,0,1,1,1,1785460238
2026-07-31T01:11:35Z,620,0,0,26,1,0,1,1,1,1785459814
2026-07-31T01:11:35Z,621,8,1,15,0,0,1,1,1,1785460235
2026-07-31T01:11:35Z,622,11,7,7,5,0,1,1,1,1785459980
2026-07-31T01:11:35Z,623,6,1,23,1,0,1,1,1,1785459579
2026-07-31T01:11:35Z,624,5,1,10,0,0,1,1,1,1785458538
2026-07-31T01:11:35Z,625,2,0,17,2,0,1,1,1,1785460228
2026-07-31T01:11:35Z,626,4,0,40,1,2,1,1,1,1785459921
2026-07-31T01:11:35Z,627,14,6,5,0,0,1,1,1,1785458008
2026-07-31T01:11:35Z,628,2,2,16,0,1,1,1,1,1785460278
2026-07-31T01:11:35Z,629,9,3,0,2,0,1,1,1,1785460169
2026-07-31T01:11:35Z,630,1,0,23,3,0,1,1,1,1785460265
2026-07-31T01:11:35Z,631,3,1,20,0,0,1,1,1,1785459993
2026-07-31T01:11:35Z,632,22,2,0,1,0,1,1,1,1785458363
2026-07-31T01:11:35Z,633,11,1,0,4,0,1,1,1,1785460202
2026-07-31T01:11:35Z,634,6,1,12,1,0,1,1,1,1785460184
2026-07-31T01:11:35Z,635,13,1,5,1,0,1,1,1,1785459738
2026-07-31T01:11:35Z,636,8,1,6,1,0,1,1,1,1785460102
2026-07-31T01:11:35Z,637,8,1,11,0,0,1,1,1,1785456458
2026-07-31T01:11:35Z,638,6,2,10,3,0,1,1,1,1785459295
2026-07-31T01:11:35Z,639,4,1,13,2,0,1,1,1,1785455668
2026-07-31T01:11:35Z,640,2,2,20,1,0,1,1,1,1785460272
2026-07-31T01:11:35Z,641,8,2,17,1,0,1,1,1,1785460281
2026-07-31T01:11:35Z,642,0,0,11,8,0,1,1,1,1785460283
2026-07-31T01:11:35Z,643,14,1,7,6,0,1,1,1,1785459894
2026-07-31T01:11:35Z,644,8,0,6,1,0,1,1,1,1785460271
2026-07-31T01:11:35Z,645,9,0,13,0,1,1,1,1,1785459389
2026-07-31T01:11:35Z,646,1,1,18,0,0,1,1,1,1785459640
2026-07-31T01:11:35Z,647,28,1,3,0,0,1,1,1,1785459973
2026-07-31T01:11:35Z,648,4,1,13,1,1,1,1,1,1785460228
2026-07-31T01:11:35Z,649,26,2,4,1,0,1,1,1,1785459847
2026-07-31T01:11:35Z,650,4,1,10,0,0,1,1,1,1785453435
2026-07-31T01:11:35Z,651,1,1,22,0,0,1,1,1,1785459098
2026-07-31T01:11:35Z,652,1,0,20,2,0,1,1,1,1785460258
2026-07-31T01:11:35Z,653,1,0,17,1,0,1,1,1,1785458071
2026-07-31T01:11:35Z,654,3,3,12,0,0,1,1,1,1785458495
2026-07-31T01:11:35Z,655,5,2,3,4,1,1,1,1,1785460019
2026-07-31T01:11:35Z,656,11,6,8,0,0,1,1,1,1785460126
2026-07-31T01:11:35Z,657,12,6,0,2,3,1,1,1,1785460277
2026-07-31T01:11:35Z,658,8,0,2,0,0,1,1,1,1785459976
2026-07-31T01:11:35Z,659,8,3,6,1,0,1,1,1,1785457539
2026-07-31T01:11:35Z,660,0,0,28,3,0,1,1,1,1785459972
2026-07-31T01:11:35Z,661,3,2,16,0,0,1,1,1,1785460025
2026-07-31T01:11:35Z,662,5,3,15,3,0,1,1,1,1785459653
2026-07-31T01:11:35Z,663,6,1,8,1,0,1,1,1,1785460136
2026-07-31T01:11:35Z,664,4,0,23,0,0,1,1,1,1785459778
2026-07-31T01:11:35Z,665,10,2,5,0,0,1,1,1,1785460201
2026-07-31T01:11:35Z,666,6,4,7,2,0,1,1,1,1785457342
2026-07-31T01:11:35Z,667,19,4,0,0,0,1,1,1,1785459569
2026-07-31T01:11:35Z,668,17,1,0,2,0,1,1,1,1785459809
2026-07-31T01:11:35Z,669,8,3,6,0,0,1,1,1,1785459513
2026-07-31T01:11:35Z,670,4,3,23,0,0,1,1,1,1785459775
2026-07-31T01:11:35Z,671,26,0,0,1,0,1,1,1,1785460124
2026-07-31T01:11:35Z,672,7,2,12,3,1,1,1,1,1785460282
2026-07-31T01:11:35Z,673,3,0,20,0,0,1,1,1,1785459652
2026-07-31T01:11:35Z,674,2,2,19,2,0,1,1,1,1785460147
2026-07-31T01:11:35Z,675,2,0,10,3,0,1,1,1,1785460212
2026-07-31T01:11:35Z,676,11,2,11,0,0,1,1,1,1785459922
2026-07-31T01:11:35Z,681,0,0,13,2,0,1,1,1,1785460277
2026-07-31T01:11:35Z,682,4,1,14,1,0,1,1,1,1785387864
2026-07-31T01:11:35Z,683,4,1,15,0,0,1,1,1,1785459218
2026-07-31T01:11:35Z,684,2,0,25,0,0,1,1,1,1785456431
2026-07-31T01:11:35Z,685,5,0,20,1,1,1,1,1,1785455460
2026-07-31T01:11:35Z,686,11,0,14,1,1,1,1,1,1785460056
2026-07-31T01:11:35Z,687,13,0,16,1,1,1,1,1,1785460258
2026-07-31T01:11:35Z,688,9,1,3,7,0,1,1,1,1785459977
2026-07-31T01:11:35Z,692,0,0,21,0,0,1,1,1,1785458565
2026-07-31T01:11:35Z,693,7,0,1,3,0,1,1,1,1785460019
2026-07-31T01:11:35Z,694,8,5,12,1,0,1,1,1,1785459697
2026-07-31T01:11:35Z,695,8,3,14,1,0,1,1,1,1785460114
2026-07-31T01:11:35Z,696,17,10,6,0,0,1,1,1,1785459691
2026-07-31T01:11:35Z,697,23,1,0,0,0,1,1,1,1785460226
2026-07-31T01:11:35Z,698,23,1,4,0,0,1,1,1,1785460230
2026-07-31T01:11:35Z,699,6,0,8,1,0,1,1,1,1785460254
2026-07-31T01:11:35Z,700,13,2,5,1,0,1,1,1,1785460042
2026-07-31T01:11:35Z,701,14,4,5,0,0,1,1,1,1785459778
2026-07-31T01:11:35Z,702,14,0,8,1,0,1,1,1,1785459740
2026-07-31T01:11:35Z,704,5,1,10,0,0,1,1,1,1785459216
2026-07-31T01:11:35Z,705,4,4,10,1,0,1,1,1,1785458682
2026-07-31T01:11:35Z,706,11,1,0,4,0,1,1,1,1785459868
2026-07-31T01:11:35Z,707,3,1,10,2,0,1,1,1,1785459167
2026-07-31T01:11:35Z,708,17,0,2,0,0,1,1,1,1785460237
2026-07-31T01:11:35Z,709,6,1,5,4,0,1,1,1,1785460277
2026-07-31T01:11:35Z,710,9,0,10,0,0,1,1,1,1785459934
2026-07-31T01:11:35Z,711,10,3,10,3,0,1,1,1,1785460186
2026-07-31T01:11:35Z,712,7,2,8,0,0,1,1,1,1785459777
2026-07-31T01:11:35Z,713,0,0,23,0,0,1,1,1,1785459023
2026-07-31T01:11:35Z,716,2,1,13,0,0,1,1,1,1785460132
2026-07-31T01:11:35Z,717,2,0,20,3,0,1,1,1,1785460168
2026-07-31T01:11:35Z,718,1,0,13,1,0,1,1,1,1785460211
2026-07-31T01:11:35Z,719,3,1,26,0,0,1,1,1,1785459902
2026-07-31T01:11:35Z,720,2,1,17,0,0,1,1,1,1785458623
2026-07-31T01:11:35Z,721,0,0,21,2,0,1,1,1,1785460056
2026-07-31T01:11:35Z,722,2,0,13,0,0,1,1,1,1785460184
2026-07-31T01:11:35Z,723,12,2,11,0,0,1,1,1,1785460138
2026-07-31T01:11:35Z,724,15,5,7,1,0,1,1,1,1785459944
2026-07-31T01:11:35Z,725,3,0,20,0,0,1,1,1,1785459874
2026-07-31T01:11:35Z,726,10,2,9,0,0,1,1,1,1785459321
2026-07-31T01:11:35Z,727,9,4,12,2,0,1,1,1,1785459299
2026-07-31T01:11:35Z,728,10,1,5,0,0,1,1,1,1785458931
2026-07-31T01:11:35Z,729,19,2,0,0,0,1,1,1,1785460245
2026-07-31T01:11:35Z,730,4,3,10,1,0,1,1,1,1785460040
2026-07-31T01:11:35Z,731,10,3,5,0,0,1,1,1,1785459803
2026-07-31T01:11:35Z,732,6,4,9,0,0,1,1,1,1785459668
2026-07-31T01:11:35Z,733,26,0,0,1,0,1,1,1,1785459883
2026-07-31T01:11:35Z,734,2,1,12,0,0,1,1,1,1785460187
2026-07-31T01:11:35Z,735,0,0,27,0,0,1,1,1,1785460270
2026-07-31T01:11:35Z,736,3,0,16,0,0,1,1,1,1785459042
2026-07-31T01:11:35Z,737,1,0,11,2,1,1,1,1,1785459964
2026-07-31T01:11:35Z,738,9,0,8,2,0,1,1,1,1785460284
2026-07-31T01:11:35Z,739,18,2,8,1,0,1,1,1,1785458543
2026-07-31T01:11:35Z,741,5,0,18,0,0,1,1,1,1785458923
2026-07-31T01:11:35Z,742,16,7,15,4,0,1,1,1,1785460223
2026-07-31T01:11:35Z,743,2,1,16,1,0,1,1,1,1785458913
2026-07-31T01:11:35Z,744,6,2,8,1,0,1,1,1,1785459831
2026-07-31T01:11:35Z,745,14,4,4,1,0,1,1,1,1785460047
2026-07-31T01:11:35Z,746,5,1,15,3,0,1,1,1,1785460148
2026-07-31T01:11:35Z,747,0,0,4,0,0,0,1,1,1783446606
2026-07-31T01:11:35Z,748,10,1,13,0,0,1,1,1,1785460032
2026-07-31T01:11:35Z,749,3,0,20,0,0,1,1,1,1785459960
2026-07-31T01:11:35Z,750,5,5,5,1,0,1,1,1,1785459911
2026-07-31T01:11:35Z,751,9,3,13,1,0,1,1,1,1785460254
2026-07-31T01:11:35Z,752,6,1,10,1,0,1,1,1,1785459922
2026-07-31T01:11:35Z,753,15,5,0,0,0,1,1,1,1785460064
2026-07-31T01:11:35Z,754,2,1,12,1,0,1,1,1,1785459916
2026-07-31T01:11:35Z,755,2,1,19,2,0,1,1,1,1785459960
2026-07-31T01:11:35Z,756,0,0,35,2,0,1,1,1,1785458794
2026-07-31T01:11:35Z,757,0,0,19,0,0,1,1,1,1785460090
2026-07-31T01:11:35Z,758,12,11,11,0,0,1,1,1,1785460259
2026-07-31T01:11:35Z,759,5,3,10,0,0,1,1,1,1785459440
2026-07-31T01:11:35Z,760,6,2,12,1,0,1,1,1,1785456620
2026-07-31T01:11:35Z,761,5,1,18,0,0,1,1,1,1785459420
2026-07-31T01:11:35Z,762,5,4,6,4,0,1,1,1,1785460054
2026-07-31T01:11:35Z,768,9,0,8,2,0,1,1,1,1785459556
2026-07-31T01:11:35Z,769,18,8,1,0,0,1,1,1,1785459461
2026-07-31T01:11:35Z,770,10,2,7,2,0,1,1,1,1785459543
2026-07-31T01:11:35Z,771,13,3,1,1,0,1,1,1,1785458502
2026-07-31T01:11:35Z,772,5,3,10,0,0,1,1,1,1785460068
2026-07-31T01:11:35Z,773,8,4,11,0,0,1,1,1,1785459811
2026-07-31T01:11:35Z,774,1,1,11,3,0,1,1,1,1785460256
2026-07-31T01:11:35Z,775,5,0,12,1,1,1,1,1,1785459549
2026-07-31T01:11:35Z,776,3,1,17,1,0,1,1,1,1785459256
2026-07-31T01:11:35Z,777,10,1,2,3,0,1,1,1,1785460222
2026-07-31T01:11:35Z,778,13,0,3,3,0,1,1,1,1785459286
2026-07-31T01:11:35Z,779,8,1,10,1,0,1,1,1,1785459702
2026-07-31T01:11:35Z,780,14,1,4,1,0,1,1,1,1785460066
2026-07-31T01:11:35Z,781,3,1,6,2,0,1,1,1,1785459925
2026-07-31T01:11:35Z,782,3,1,13,3,0,1,1,1,1785458853
2026-07-31T01:11:35Z,783,4,0,15,0,0,1,1,1,1785459926
2026-07-31T01:11:35Z,784,10,1,6,3,0,1,1,1,1785459497
2026-07-31T01:11:35Z,785,9,0,4,6,0,1,1,1,1785460079
2026-07-31T01:11:35Z,786,7,2,12,0,0,1,1,1,1785459992
2026-07-31T01:11:35Z,787,10,5,3,2,0,1,1,1,1785460098
2026-07-31T01:11:35Z,788,3,0,12,0,0,1,1,1,1785459555
2026-07-31T01:11:35Z,789,6,2,5,4,0,1,1,1,1785459539
2026-07-31T01:11:35Z,790,5,0,17,1,0,1,1,1,1785459740
2026-07-31T01:11:35Z,791,5,0,13,0,1,1,1,1,1785460234
2026-07-31T01:11:35Z,793,4,0,10,1,0,1,1,1,1785459015
2026-07-31T01:11:35Z,794,9,2,19,1,0,1,1,1,1785459502
2026-07-31T01:11:35Z,796,5,2,13,1,0,1,1,1,1785460033
2026-07-31T01:11:35Z,797,3,0,12,0,0,1,1,1,1785460246
2026-07-31T01:11:35Z,798,4,0,20,1,0,1,1,1,1785460246
2026-07-31T01:11:35Z,799,11,2,4,4,0,1,1,1,1785459971
2026-07-31T01:11:35Z,800,20,3,0,1,0,1,1,1,1785460066
2026-07-31T01:11:35Z,801,1,0,19,1,0,1,1,1,1785460198
2026-07-31T01:11:35Z,802,12,1,19,0,0,1,1,1,1785458784
2026-07-31T01:11:35Z,803,0,0,14,1,0,1,1,1,1785458569
2026-07-31T01:11:35Z,806,4,4,11,0,0,1,1,1,1785460211
2026-07-31T01:11:35Z,807,0,0,24,1,0,1,1,1,1785459496
2026-07-31T01:11:35Z,808,5,0,18,2,0,1,1,1,1785459824
2026-07-31T01:11:35Z,809,5,1,17,1,0,1,1,1,1785458693
2026-07-31T01:11:35Z,810,2,0,13,4,0,1,1,1,1785459117
2026-07-31T01:11:35Z,815,7,1,3,4,1,1,1,1,1785459932
2026-07-31T01:11:35Z,817,8,4,7,0,0,1,1,1,1785459893
2026-07-31T01:11:35Z,818,5,0,17,1,0,1,1,1,1785459217
2026-07-31T01:11:35Z,819,6,4,9,0,0,1,1,1,1785455226
2026-07-31T01:11:35Z,820,7,1,10,0,0,1,1,1,1785459844
2026-07-31T01:11:35Z,821,1,1,14,0,0,1,1,1,1785460205
2026-07-31T01:11:35Z,822,21,1,0,2,0,1,1,1,1785460053
2026-07-31T01:11:35Z,823,13,0,1,1,0,1,1,1,1785460219
2026-07-31T01:11:35Z,824,15,3,3,1,0,1,1,1,1785459795
2026-07-31T01:11:35Z,825,9,5,6,0,0,1,1,1,1785457432
2026-07-31T01:11:35Z,826,4,1,14,1,0,1,1,1,1785459636
2026-07-31T01:11:35Z,827,14,5,6,1,0,1,1,1,1785459309
2026-07-31T01:11:35Z,828,6,2,10,2,0,1,1,1,1785460057
2026-07-31T01:11:35Z,829,14,6,13,0,0,1,1,1,1785459823
2026-07-31T01:11:35Z,830,14,0,8,1,0,1,1,1,1785459325
2026-07-31T01:11:35Z,831,3,3,11,1,0,1,1,1,1785460221
2026-07-31T01:11:35Z,832,11,4,4,3,0,1,1,1,1785460242
2026-07-31T01:11:35Z,833,1,1,17,1,0,1,1,1,1785460006
2026-07-31T01:11:35Z,834,3,2,19,2,0,1,1,1,1785460227
2026-07-31T01:11:35Z,835,7,2,10,1,0,1,1,1,1785459727
2026-07-31T01:11:35Z,837,5,1,0,10,0,1,1,1,1785460226
2026-07-31T01:11:35Z,838,9,0,5,1,0,1,1,1,1785460040
2026-07-31T01:11:35Z,839,29,0,0,0,0,1,1,1,1785460118
2026-07-31T01:11:35Z,840,4,0,23,2,0,1,1,1,1785459685
2026-07-31T01:11:35Z,841,5,0,10,0,0,1,1,1,1785460219
2026-07-31T01:11:35Z,842,6,1,17,0,0,1,1,1,1785459923
2026-07-31T01:11:35Z,843,9,0,21,1,0,1,1,1,1785460062
2026-07-31T01:11:35Z,844,6,1,17,0,0,1,1,1,1785459974
2026-07-31T01:11:35Z,845,5,3,12,2,0,1,1,1,1785458516
2026-07-31T01:11:35Z,846,4,0,13,2,0,1,1,1,1785460104
2026-07-31T01:11:35Z,847,4,1,23,0,0,1,1,1,1785459169
2026-07-31T01:11:35Z,848,7,0,11,1,0,1,1,1,1785459789
2026-07-31T01:11:35Z,849,7,1,8,0,0,1,1,1,1785460002
2026-07-31T01:11:35Z,850,9,0,1,1,0,1,1,1,1785459543
2026-07-31T01:11:35Z,851,0,0,35,2,0,1,1,1,1785459264
2026-07-31T01:11:35Z,852,10,4,8,1,0,1,1,1,1785460073
2026-07-31T01:11:35Z,853,9,4,14,0,0,1,1,1,1785459062
2026-07-31T01:11:35Z,854,2,2,13,0,0,1,1,1,1785459209
2026-07-31T01:11:35Z,855,15,2,12,0,0,1,1,1,1785459254
2026-07-31T01:11:35Z,857,4,3,14,1,0,1,1,1,1785460272
2026-07-31T01:11:35Z,858,4,1,14,1,0,1,1,1,1785458865
2026-07-31T01:11:35Z,859,3,0,17,1,0,1,1,1,1785459115
2026-07-31T01:11:35Z,861,8,1,2,1,0,1,1,1,1785455675
2026-07-31T01:11:35Z,862,1,1,14,0,0,1,1,1,1785460242
2026-07-31T01:11:35Z,863,10,0,8,1,0,1,1,1,1785459778
2026-07-31T01:11:35Z,866,6,0,12,1,0,1,1,1,1785458669
2026-07-31T01:11:35Z,867,12,0,3,0,0,1,1,1,1785459864
2026-07-31T01:11:35Z,868,13,2,2,0,0,1,1,1,1785460037
2026-07-31T01:11:35Z,870,7,5,7,1,0,1,1,1,1785460251
2026-07-31T01:11:35Z,871,0,0,10,1,0,1,1,1,1785459669
2026-07-31T01:11:35Z,872,0,0,14,1,0,1,1,1,1785460181
2026-07-31T01:11:35Z,873,0,0,32,1,0,1,1,1,1785460025
2026-07-31T01:11:35Z,874,3,0,9,3,0,1,1,1,1785459872
2026-07-31T01:11:35Z,875,14,10,0,1,0,1,1,1,1785460268
2026-07-31T01:11:35Z,877,12,11,6,1,0,1,1,1,1785459724
2026-07-31T01:11:35Z,878,4,4,14,1,0,1,1,1,1785458562
2026-07-31T01:11:35Z,879,2,0,17,0,0,1,1,1,1785459369
2026-07-31T01:11:35Z,880,4,1,18,1,0,1,1,1,1785460270
2026-07-31T01:11:35Z,881,3,0,16,0,0,1,1,1,1785460167
2026-07-31T01:11:35Z,882,11,0,6,2,0,1,1,1,1785457778
2026-07-31T01:11:35Z,883,10,6,9,0,0,1,1,1,1785458663
2026-07-31T01:11:35Z,884,11,7,10,0,0,1,1,1,1785459700
2026-07-31T01:11:35Z,885,0,0,19,0,0,1,1,1,1785460035
2026-07-31T01:11:35Z,886,0,0,28,1,0,1,1,1,1785458924
2026-07-31T01:11:35Z,887,0,0,14,3,0,1,1,1,1785458985
2026-07-31T01:11:35Z,888,15,1,24,2,0,1,1,1,1785460222
2026-07-31T01:11:35Z,889,5,0,12,2,0,1,1,1,1785460262
2026-07-31T01:11:35Z,890,4,1,10,1,0,1,1,1,1785455867
2026-07-31T01:11:35Z,891,12,0,10,1,0,1,1,1,1785459486
2026-07-31T01:11:35Z,892,12,1,3,0,0,1,1,1,1785456450
2026-07-31T01:11:35Z,895,1,0,17,1,0,1,1,1,1785449127
2026-07-31T01:11:35Z,896,21,2,14,0,0,1,1,1,1785460107
2026-07-31T01:11:35Z,897,8,0,13,0,0,1,1,1,1785460199
2026-07-31T01:11:35Z,898,1,0,18,0,0,1,1,1,1785459962
2026-07-31T01:11:35Z,899,19,2,0,0,0,1,1,1,1785459261
2026-07-31T01:11:35Z,900,23,3,4,0,0,1,1,1,1785460280
2026-07-31T01:11:35Z,901,17,1,1,1,0,1,1,1,1785459482
2026-07-31T01:11:35Z,902,7,1,7,1,0,1,1,1,1785460160
2026-07-31T01:11:35Z,903,6,0,13,0,0,1,1,1,1785459261
2026-07-31T01:11:35Z,904,11,5,8,0,0,1,1,1,1785458524
2026-07-31T01:11:35Z,905,2,2,25,0,0,1,1,1,1785460201
2026-07-31T01:11:35Z,906,10,7,17,0,0,1,1,1,1785460067
2026-07-31T01:11:35Z,907,30,5,0,1,0,1,1,1,1785460267
2026-07-31T01:11:35Z,908,8,2,15,0,0,1,1,1,1785459767
2026-07-31T01:11:35Z,909,4,4,19,0,0,1,1,1,1785460067
2026-07-31T01:11:35Z,910,18,0,13,0,0,1,1,1,1785460281
2026-07-31T01:11:35Z,911,9,0,10,0,0,1,1,1,1785459894
2026-07-31T01:11:35Z,912,5,2,15,3,0,1,1,1,1785460157
2026-07-31T01:11:35Z,913,5,2,14,0,0,1,1,1,1785459042
2026-07-31T01:11:35Z,914,8,0,11,0,0,1,1,1,1785460194
2026-07-31T01:11:35Z,915,13,2,9,1,0,1,1,1,1785460198
2026-07-31T01:11:35Z,916,2,0,21,0,0,1,1,1,1785459975
2026-07-31T01:11:35Z,917,33,2,0,2,0,1,1,1,1785460284
2026-07-31T01:11:35Z,918,5,1,12,2,0,1,1,1,1785460253
2026-07-31T01:11:35Z,919,2,0,35,2,0,1,1,1,1785460138
2026-07-31T01:11:35Z,920,3,1,16,0,0,1,1,1,1785459975
2026-07-31T01:11:35Z,921,15,0,6,0,0,1,1,1,1785460140
2026-07-31T01:11:35Z,922,0,0,20,1,0,1,1,1,1785460002
2026-07-31T01:11:35Z,923,12,10,6,1,0,1,1,1,1785459754
2026-07-31T01:11:35Z,924,8,0,13,0,0,1,1,1,1785459208
2026-07-31T01:11:35Z,925,13,0,8,0,0,1,1,1,1785460247
2026-07-31T01:11:35Z,926,1,1,20,0,0,1,1,1,1785458819
2026-07-31T01:11:35Z,927,24,1,11,0,0,1,1,1,1785460133
2026-07-31T01:11:35Z,928,12,0,7,0,0,1,1,1,1785459894
2026-07-31T01:11:35Z,929,2,0,21,0,0,1,1,1,1785460164
2026-07-31T01:11:35Z,930,17,1,12,2,0,1,1,1,1785460234
2026-07-31T01:11:35Z,931,1,1,22,0,0,1,1,1,1785459751
2026-07-31T01:11:35Z,932,14,0,0,5,0,1,1,1,1785460215
2026-07-31T01:11:35Z,933,21,2,0,2,0,1,1,1,1785460241
2026-07-31T01:11:35Z,934,1,1,29,1,0,1,1,1,1785460154
2026-07-31T01:11:35Z,935,5,0,12,2,0,1,1,1,1785459802
2026-07-31T01:11:35Z,936,4,1,15,0,0,1,1,1,1785456801
2026-07-31T01:11:35Z,940,11,3,0,0,0,1,1,1,1785458580
2026-07-31T01:11:35Z,941,6,1,17,2,0,1,1,1,1785459892
2026-07-31T01:11:35Z,942,15,3,6,0,0,1,1,1,1785459884
2026-07-31T01:11:35Z,943,9,8,6,0,0,1,1,1,1785460061
2026-07-31T01:11:35Z,944,9,8,6,0,0,1,1,1,1785460104
2026-07-31T01:11:35Z,945,10,8,5,0,0,1,1,1,1785459611
2026-07-31T01:11:35Z,946,7,5,12,0,0,1,1,1,1785424152
2026-07-31T01:11:35Z,947,7,5,10,0,0,1,1,1,1785460112
2026-07-31T01:11:35Z,948,0,0,27,4,0,1,1,1,1785458708
2026-07-31T01:11:35Z,949,2,0,13,0,0,1,1,1,1785460244
2026-07-31T01:11:35Z,950,1,1,15,1,0,1,1,1,1785460139
2026-07-31T01:11:35Z,951,7,1,16,0,0,1,1,1,1785460271
2026-07-31T01:11:35Z,952,24,1,29,2,0,1,1,1,1785460269
2026-07-31T01:11:35Z,953,12,1,3,0,0,1,1,1,1785460120
2026-07-31T01:11:35Z,954,15,0,4,0,0,1,1,1,1785460204
2026-07-31T01:11:35Z,955,1,0,21,5,0,1,1,1,1785459724
2026-07-31T01:11:35Z,956,13,0,9,1,0,1,1,1,1785460129
2026-07-31T01:11:35Z,957,16,1,12,1,0,1,1,1,1785460260
2026-07-31T01:11:35Z,958,23,0,7,1,0,1,1,1,1785460211
2026-07-31T01:11:35Z,959,13,4,9,1,0,1,1,1,1785460262
2026-07-31T01:11:35Z,960,15,9,7,1,0,1,1,1,1785460234
2026-07-31T01:11:35Z,961,1,1,19,3,0,1,1,1,1785459024
2026-07-31T01:11:35Z,962,4,0,28,3,0,1,1,1,1785459431
2026-07-31T01:11:35Z,963,8,0,14,1,0,1,1,1,1785460155
2026-07-31T01:11:35Z,964,3,3,19,1,0,1,1,1,1785460086
2026-07-31T01:11:35Z,965,4,1,22,1,0,1,1,1,1785460221
2026-07-31T01:11:35Z,966,10,0,21,0,0,1,1,1,1785460195
2026-07-31T01:11:35Z,967,5,0,14,2,0,1,1,1,1785460072
2026-07-31T01:11:35Z,968,5,2,14,0,0,1,1,1,1785460131
2026-07-31T01:11:35Z,969,5,5,20,2,0,1,1,1,1785460088
2026-07-31T01:11:35Z,970,4,3,14,1,0,1,1,1,1785460153
2026-07-31T01:11:35Z,971,21,0,1,1,0,1,1,1,1785459580
2026-07-31T01:11:35Z,972,6,0,16,1,0,1,1,1,1785460023
2026-07-31T01:11:35Z,973,6,4,16,1,0,1,1,1,1785459513
2026-07-31T01:11:35Z,974,13,0,14,0,0,1,1,1,1785459389
2026-07-31T01:11:35Z,977,3,3,14,4,0,1,1,1,1785459783
2026-07-31T01:11:35Z,978,13,4,10,0,0,1,1,1,1785460122
2026-07-31T01:11:35Z,979,3,1,14,0,0,1,1,1,1785459791
2026-07-31T01:11:35Z,980,2,0,18,1,0,1,1,1,1785459632
2026-07-31T01:11:35Z,981,3,0,17,1,0,1,1,1,1785459800
2026-07-31T01:11:35Z,982,3,1,14,2,0,1,1,1,1785460125
2026-07-31T01:11:35Z,983,1,1,21,1,0,1,1,1,1785458908
2026-07-31T01:11:35Z,984,6,0,17,0,0,1,1,1,1785460146
2026-07-31T01:11:35Z,985,26,0,5,0,0,1,1,1,1785460279
2026-07-31T01:11:35Z,986,2,0,17,0,0,1,1,1,1785460121
2026-07-31T01:11:35Z,987,5,0,17,1,0,1,1,1,1785458814
2026-07-31T01:11:35Z,988,6,2,12,1,0,1,1,1,1785460261
2026-07-31T01:11:35Z,989,8,4,11,0,0,1,1,1,1785459261
2026-07-31T01:11:35Z,990,13,1,0,2,0,1,1,1,1785458537
2026-07-31T01:11:35Z,991,8,1,10,1,0,1,1,1,1785459958
2026-07-31T01:11:35Z,992,8,6,14,1,0,1,1,1,1785459005
2026-07-31T01:11:35Z,993,0,0,27,0,0,1,1,1,1785460006
2026-07-31T01:11:35Z,994,2,1,19,0,0,1,1,1,1785459993
2026-07-31T01:11:35Z,995,7,0,20,0,0,1,1,1,1785460240
2026-07-31T01:11:35Z,996,9,1,14,0,0,1,1,1,1785460060
2026-07-31T01:11:35Z,997,10,4,11,2,0,1,1,1,1785460078
2026-07-31T01:11:35Z,998,4,2,18,1,0,1,1,1,1785458847
2026-07-31T01:11:35Z,999,4,2,15,1,1,1,1,1,1785460177
2026-07-31T01:11:35Z,1000,2,0,19,0,0,1,1,1,1785459152
2026-07-31T01:11:35Z,1001,1,0,26,0,0,1,1,1,1785458563
2026-07-31T01:11:35Z,1002,0,0,27,4,0,1,1,1,1785458530
2026-07-31T01:11:35Z,1003,0,0,22,1,0,1,1,1,1785460037
2026-07-31T01:11:35Z,1004,5,0,18,0,0,1,1,1,1785459471
2026-07-31T01:11:35Z,1005,20,1,3,0,0,1,1,1,1785460222
2026-07-31T01:11:35Z,1006,7,4,11,1,0,1,1,1,1785460077
2026-07-31T01:11:35Z,1007,5,2,16,0,0,1,1,1,1785459705
2026-07-31T01:11:35Z,1008,6,5,15,2,0,1,1,1,1785459178
2026-07-31T01:11:35Z,1009,21,4,8,2,0,1,1,1,1785459060
2026-07-31T01:11:35Z,1010,7,2,20,0,0,1,1,1,1785459867
2026-07-31T01:11:35Z,1011,7,1,10,2,0,1,1,1,1785459976
2026-07-31T01:11:35Z,1012,4,3,18,1,0,1,1,1,1785459988
2026-07-31T01:11:35Z,1013,3,1,19,1,0,1,1,1,1785458920
2026-07-31T01:11:35Z,1014,8,3,13,2,0,1,1,1,1785460138
2026-07-31T01:11:35Z,1015,4,3,25,2,0,1,1,1,1785459346
2026-07-31T01:11:35Z,1016,10,5,21,0,0,1,1,1,1785459789
2026-07-31T01:11:35Z,1017,14,5,7,0,0,1,1,1,1785459401
2026-07-31T01:11:35Z,1018,8,2,14,0,0,1,1,1,1785460078
2026-07-31T01:11:35Z,1019,7,5,8,0,0,1,1,1,1785460051
2026-07-31T01:11:35Z,1020,18,3,3,0,0,1,1,1,1785459278
2026-07-31T01:11:35Z,1021,8,3,6,1,0,1,1,1,1785459043
2026-07-31T01:11:35Z,1022,14,0,13,0,0,1,1,1,1785460141
2026-07-31T01:11:35Z,1023,12,1,10,1,0,1,1,1,1785459805
2026-07-31T01:11:35Z,1024,6,3,13,0,0,1,1,1,1785459017
2026-07-31T01:11:35Z,1025,4,0,14,0,1,1,1,1,1785460101
2026-07-31T01:11:35Z,1026,8,4,18,5,0,1,1,1,1785459220
2026-07-31T01:11:35Z,1028,2,0,20,1,0,1,1,1,1785460170
2026-07-31T01:11:35Z,1029,10,9,5,0,0,1,1,1,1785459328
2026-07-31T01:11:35Z,1030,13,5,10,0,0,1,1,1,1785459022
2026-07-31T01:11:35Z,1031,10,0,9,0,0,1,1,1,1785459432
2026-07-31T01:11:35Z,1032,7,1,12,0,0,1,1,1,1785460089
2026-07-31T01:11:35Z,1033,8,5,10,1,0,1,1,1,1785459079
2026-07-31T01:11:35Z,1034,1,0,14,0,0,1,1,1,1785460136
2026-07-31T01:11:35Z,1035,2,0,16,1,0,1,1,1,1785460112
2026-07-31T01:11:35Z,1036,15,1,0,0,0,1,1,1,1785458892
2026-07-31T01:11:35Z,1037,4,1,14,1,0,1,1,1,1785458714
2026-07-31T01:11:35Z,1038,3,1,11,1,0,1,1,1,1785459834
2026-07-31T01:11:35Z,1039,4,2,15,0,0,1,1,1,1785460244
2026-07-31T01:11:35Z,1040,9,4,9,1,0,1,1,1,1785460120
2026-07-31T01:11:35Z,1041,9,3,10,0,0,1,1,1,1785460039
2026-07-31T01:11:35Z,1042,12,1,2,1,0,1,1,1,1785460095
2026-07-31T01:11:35Z,1043,10,1,7,2,0,1,1,1,1785460160
2026-07-31T01:11:35Z,1044,2,1,13,0,0,1,1,1,1785459886
2026-07-31T01:11:35Z,1045,10,0,9,0,0,1,1,1,1785460079
2026-07-31T01:11:35Z,1046,8,0,7,0,0,1,1,1,1785459515
2026-07-31T01:11:35Z,1047,4,0,17,0,0,1,1,1,1785459716
2026-07-31T01:11:35Z,1048,6,1,13,0,0,1,1,1,1785460054
2026-07-31T01:11:35Z,1049,3,0,18,0,0,1,1,1,1785460082
2026-07-31T01:11:35Z,1050,18,5,3,0,0,1,1,1,1785459661
2026-07-31T01:11:35Z,1051,7,3,14,0,0,1,1,1,1785459276
2026-07-31T01:11:35Z,1052,17,2,5,0,0,1,1,1,1785459895
2026-07-31T01:11:35Z,1053,1,1,14,0,0,1,1,1,1785460011
2026-07-31T01:11:35Z,1054,14,1,1,0,0,1,1,1,1785460254
2026-07-31T01:11:35Z,1055,6,1,13,0,0,1,1,1,1785460216
2026-07-31T01:11:35Z,1057,5,0,14,0,0,1,1,1,1785459935
2026-07-31T01:11:35Z,1058,47,3,9,0,0,1,1,1,1785460282
2026-07-31T01:11:35Z,1059,1,0,16,2,0,1,1,1,1785460144
2026-07-31T01:11:35Z,1060,6,1,31,0,0,1,1,1,1785459538
2026-07-31T01:11:35Z,1061,21,2,16,0,0,1,1,1,1785460076
2026-07-31T01:11:35Z,1062,16,3,1,0,0,1,1,1,1785458830
2026-07-31T01:11:35Z,1063,12,1,6,1,0,1,1,1,1785460135
2026-07-31T01:11:35Z,1064,6,2,16,1,0,1,1,1,1785458593
2026-07-31T01:11:35Z,1065,15,3,8,0,0,1,1,1,1785458855
2026-07-31T01:11:35Z,1066,11,2,12,0,0,1,1,1,1785458813
2026-07-31T01:11:35Z,1067,7,1,15,1,0,1,1,1,1785458949
2026-07-31T01:11:35Z,1068,8,2,13,2,0,1,1,1,1785460225
2026-07-31T01:11:35Z,1069,12,3,11,0,0,1,1,1,1785458490
2026-07-31T01:11:35Z,1070,11,2,12,0,0,1,1,1,1785458583
2026-07-31T01:11:35Z,1071,7,4,16,0,0,1,1,1,1785458623
2026-07-31T01:11:35Z,1072,11,1,11,1,0,1,1,1,1785458933
2026-07-31T01:11:35Z,1073,9,3,16,2,0,1,1,1,1785459954
2026-07-31T01:11:35Z,1074,53,0,0,0,0,1,1,1,1785459932
2026-07-31T01:11:35Z,1075,9,8,12,0,0,1,1,1,1785459810
2026-07-31T01:11:35Z,1076,13,11,8,0,0,1,1,1,1785459241
2026-07-31T01:11:35Z,1077,8,5,13,0,0,1,1,1,1785460017
2026-07-31T01:11:35Z,1078,13,10,8,0,0,1,1,1,1785459286
2026-07-31T01:11:35Z,1079,12,9,9,0,0,1,1,1,1785459925
2026-07-31T01:11:35Z,1080,9,7,11,1,0,1,1,1,1785458702
2026-07-31T01:11:35Z,1081,14,9,5,0,0,1,1,1,1785459139
2026-07-31T01:11:35Z,1082,4,4,4,0,0,1,1,1,1785458712
2026-07-31T01:11:35Z,1083,12,10,9,0,0,1,1,1,1785460176
2026-07-31T01:11:35Z,1084,8,7,13,0,0,1,1,1,1785459809
2026-07-31T01:11:35Z,1085,10,10,11,0,0,1,1,1,1785459396
2026-07-31T01:11:35Z,1086,8,7,12,1,0,1,1,1,1785460122
2026-07-31T01:11:35Z,1087,8,7,7,0,0,1,1,1,1785459391
2026-07-31T01:11:35Z,1088,10,7,5,0,0,1,1,1,1785460142
2026-07-31T01:11:35Z,1089,6,4,9,0,0,1,1,1,1785458702
2026-07-31T01:11:35Z,1090,8,7,7,0,0,1,1,1,1785459225
2026-07-31T01:11:35Z,1091,12,7,3,0,0,1,1,1,1785459856
2026-07-31T01:11:35Z,1092,9,9,5,1,0,1,1,1,1785458679
2026-07-31T01:11:35Z,1093,7,6,8,0,0,1,1,1,1785459049
2026-07-31T01:11:35Z,1094,10,8,8,1,0,1,1,1,1785460094
2026-07-31T01:11:35Z,1095,9,8,6,0,0,1,1,1,1785459013
2026-07-31T01:11:35Z,1096,6,3,12,1,0,1,1,1,1785458638
2026-07-31T01:11:35Z,1097,10,10,5,0,0,1,1,1,1785459310
2026-07-31T01:11:35Z,1098,9,7,10,0,0,1,1,1,1785459178
2026-07-31T01:11:35Z,1099,7,6,8,0,0,1,1,1,1785459926
2026-07-31T01:11:35Z,1100,5,1,24,0,0,1,1,1,1785452920
2026-07-31T01:11:35Z,1101,10,5,11,0,0,1,1,1,1785459795
2026-07-31T01:11:35Z,1102,9,4,4,0,0,1,1,1,1785459144
2026-07-31T01:11:35Z,1103,10,5,11,0,0,1,1,1,1785458054
2026-07-31T01:11:35Z,1104,10,5,11,0,0,1,1,1,1785459545
2026-07-31T01:11:35Z,1105,7,3,6,0,0,1,1,1,1785459038
2026-07-31T01:11:35Z,1106,13,7,8,0,0,1,1,1,1785459880
2026-07-31T01:11:35Z,1107,9,5,6,0,0,1,1,1,1785460227
2026-07-31T01:11:35Z,1108,8,3,16,3,0,1,1,1,1785458803
2026-07-31T01:11:35Z,1109,5,3,10,0,0,1,1,1,1785460191
2026-07-31T01:11:35Z,1110,8,0,13,0,0,1,1,1,1785459425
2026-07-31T01:11:35Z,1111,2,0,19,0,0,1,1,1,1785459396
2026-07-31T01:11:35Z,1112,47,0,6,0,0,1,1,1,1785460282
2026-07-31T01:11:35Z,1113,0,0,21,0,0,1,1,1,1785459415
2026-07-31T01:11:35Z,1115,20,7,2,1,0,1,1,1,1785458749
2026-07-31T01:11:35Z,1116,4,1,15,0,0,1,1,1,1785460107
2026-07-31T01:11:35Z,1117,0,0,23,0,0,1,1,1,1785459616
2026-07-31T01:11:35Z,1118,16,2,4,1,0,1,1,1,1785459869
2026-07-31T01:11:35Z,1119,11,1,6,0,0,1,1,1,1785460086
2026-07-31T01:11:35Z,1120,13,2,5,1,0,1,1,1,1785460154
2026-07-31T01:11:35Z,1121,7,4,12,2,0,1,1,1,1785458686
2026-07-31T01:11:35Z,1122,16,9,3,2,0,1,1,1,1785460044
2026-07-31T01:11:35Z,1123,1,0,20,2,0,1,1,1,1785460188
2026-07-31T01:11:35Z,1124,8,0,2,5,0,1,1,1,1785460241
2026-07-31T01:11:35Z,1125,14,0,9,0,0,1,1,1,1785458542
2026-07-31T01:11:35Z,1126,5,2,14,2,0,1,1,1,1785460107
2026-07-31T01:11:35Z,1127,12,2,6,1,0,1,1,1,1785459657
2026-07-31T01:11:35Z,1128,10,0,4,1,0,1,1,1,1785460135
2026-07-31T01:11:35Z,1129,4,0,17,0,0,1,1,1,1785459845
2026-07-31T01:11:35Z,1130,4,0,11,0,0,1,1,1,1785460155
2026-07-31T01:11:35Z,1131,0,0,48,1,0,1,1,1,1785459811
2026-07-31T01:11:35Z,1132,12,4,8,1,0,1,1,1,1785459971
2026-07-31T01:11:35Z,1133,8,5,12,1,0,1,1,1,1785460285
2026-07-31T01:11:35Z,1134,10,6,9,0,0,1,1,1,1785460149
2026-07-31T01:11:35Z,1135,10,5,11,0,0,1,1,1,1785459689
2026-07-31T01:11:35Z,1136,13,0,10,0,0,1,1,1,1785460255
2026-07-31T01:11:35Z,1137,8,0,7,0,0,1,1,1,1785460056
2026-07-31T01:11:35Z,1138,10,2,9,0,0,1,1,1,1785460071
2026-07-31T01:11:35Z,1139,9,2,10,2,0,1,1,1,1785459536
2026-07-31T01:11:35Z,1140,20,3,2,1,0,1,1,1,1785460153
2026-07-31T01:11:35Z,1141,0,0,20,1,0,1,1,1,1785460089
2026-07-31T01:11:35Z,1142,20,1,1,0,0,1,1,1,1785459810
2026-07-31T01:11:35Z,1143,19,3,10,0,0,1,1,1,1785460256
2026-07-31T01:11:35Z,1144,9,4,10,2,0,1,1,1,1785458557
2026-07-31T01:11:35Z,1145,12,6,8,1,0,1,1,1,1785458647
2026-07-31T01:11:35Z,1146,8,3,11,0,0,1,1,1,1785460255
2026-07-31T01:11:35Z,1147,1,0,18,0,0,1,1,1,1785460091
2026-07-31T01:11:35Z,1148,6,3,25,0,0,1,1,1,1785459793
2026-07-31T01:11:35Z,1149,3,3,18,4,0,1,1,1,1785459702
2026-07-31T01:11:35Z,1150,8,0,11,0,0,1,1,1,1785459995
2026-07-31T01:11:35Z,1151,2,1,19,0,0,1,1,1,1785458926
2026-07-31T01:11:35Z,1152,4,0,25,0,0,1,1,1,1785459958
2026-07-31T01:11:35Z,1153,10,0,12,1,0,1,1,1,1785459834
2026-07-31T01:11:35Z,1154,12,1,7,0,0,1,1,1,1785460115
2026-07-31T01:11:35Z,1155,8,5,12,1,0,1,1,1,1785460227
2026-07-31T01:11:35Z,1158,3,0,16,0,0,1,1,1,1785460000
2026-07-31T01:11:35Z,1159,11,0,8,0,0,1,1,1,1785458538
2026-07-31T01:11:35Z,1160,7,1,11,1,0,1,1,1,1785460006
2026-07-31T01:11:35Z,1161,4,1,14,1,0,1,1,1,1785459047
2026-07-31T01:11:35Z,1162,0,0,19,0,0,1,1,1,1785458923
2026-07-31T01:11:35Z,1163,1,1,17,1,0,1,1,1,1785460118
2026-07-31T01:11:35Z,1164,4,1,15,0,0,1,1,1,1785460177
2026-07-31T01:11:35Z,1165,8,1,13,0,0,1,1,1,1785459080
2026-07-31T01:11:35Z,1166,8,3,13,0,0,1,1,1,1785459162
2026-07-31T01:11:35Z,1167,4,0,11,0,0,1,1,1,1785459914
2026-07-31T01:11:35Z,1168,1,0,22,0,0,1,1,1,1785458521
2026-07-31T01:11:35Z,1169,3,0,15,1,0,1,1,1,1785460023
2026-07-31T01:11:35Z,1170,6,0,14,1,0,1,1,1,1785458562
2026-07-31T01:11:35Z,1171,8,7,14,1,0,1,1,1,1785460020
2026-07-31T01:11:35Z,1172,7,2,6,2,0,1,1,1,1785460222
2026-07-31T01:11:35Z,1173,10,3,9,0,0,1,1,1,1785460265
2026-07-31T01:11:35Z,1174,6,2,9,0,0,1,1,1,1785459979
2026-07-31T01:11:35Z,1175,7,3,12,0,0,1,1,1,1785456851
2026-07-31T01:11:35Z,1176,19,1,2,0,0,1,1,1,1785459458
2026-07-31T01:11:35Z,1177,2,1,19,0,0,1,1,1,1785460218
2026-07-31T01:11:35Z,1178,1,0,14,0,0,1,1,1,1785459981
2026-07-31T01:11:35Z,1181,11,2,4,0,0,1,1,1,1785460267
2026-07-31T01:11:35Z,1182,11,4,9,0,0,1,1,1,1785459828
2026-07-31T01:11:35Z,1183,0,0,43,2,0,1,1,1,1785460217
2026-07-31T01:11:35Z,1184,1,1,19,1,0,1,1,1,1785459556
2026-07-31T01:11:35Z,1185,10,5,11,0,0,1,1,1,1785459485
2026-07-31T01:11:35Z,1186,9,5,10,0,0,1,1,1,1785458718
2026-07-31T01:11:35Z,1187,11,6,9,1,0,1,1,1,1785459158
2026-07-31T01:11:35Z,1188,9,3,6,0,0,1,1,1,1785460241
2026-07-31T01:11:35Z,1189,10,5,9,0,0,1,1,1,1785460286
2026-07-31T01:11:35Z,1190,10,5,11,0,0,1,1,1,1785459666
2026-07-31T01:11:35Z,1191,10,5,5,0,0,1,1,1,1785460246
2026-07-31T01:11:35Z,1192,11,7,10,0,0,1,1,1,1785460034
2026-07-31T01:11:35Z,1193,6,4,5,2,0,1,1,1,1785459339
2026-07-31T01:11:35Z,1197,9,6,7,1,0,1,1,1,1785459397
2026-07-31T01:11:35Z,1198,14,4,5,2,0,1,1,1,1785458745
2026-07-31T01:11:35Z,1199,2,0,17,0,0,1,1,1,1785458775
2026-07-31T01:11:35Z,1200,11,5,4,0,0,1,1,1,1785460283
2026-07-31T01:11:35Z,1201,9,4,6,0,0,1,1,1,1785460260
2026-07-31T01:11:35Z,1202,10,5,5,0,0,1,1,1,1785458540
2026-07-31T01:11:35Z,1203,9,5,6,0,0,1,1,1,1785460249
2026-07-31T01:11:35Z,1204,7,3,11,1,0,1,1,1,1785459968
2026-07-31T01:11:35Z,1206,11,5,10,0,0,1,1,1,1785459171
2026-07-31T01:11:35Z,1207,10,5,5,0,0,1,1,1,1785458755
2026-07-31T01:11:35Z,1208,7,2,11,1,0,1,1,1,1785458635
2026-07-31T01:11:35Z,1216,7,0,13,1,0,1,1,1,1785459407
2026-07-31T01:11:35Z,1218,5,0,16,0,0,1,1,1,1785459802
2026-07-31T01:11:35Z,1219,7,2,7,1,0,1,1,1,1785459711
2026-07-31T01:11:35Z,1220,14,7,4,1,0,1,1,1,1785459662
2026-07-31T01:11:35Z,1221,2,2,19,0,0,1,1,1,1785459111
2026-07-31T01:11:35Z,1222,21,0,8,0,0,1,1,1,1785459976
2026-07-31T01:11:35Z,1223,21,2,6,2,0,1,1,1,1785460041
2026-07-31T01:11:35Z,1226,0,0,3,0,0,0,1,1,1781868931
2026-07-31T01:11:35Z,1227,15,2,10,0,0,1,1,1,1785459991
2026-07-31T01:11:35Z,1228,22,1,5,2,0,1,1,1,1785460264
2026-07-31T01:11:35Z,1229,45,1,0,0,0,1,1,1,1785460266
2026-07-31T01:16:36Z,1,1,1,22,0,0,1,1,1,1785460168
2026-07-31T01:16:36Z,2,4,1,21,2,0,1,1,1,1785460516
2026-07-31T01:16:36Z,3,5,3,8,1,0,1,1,1,1785460336
2026-07-31T01:16:36Z,4,21,1,0,1,0,1,1,1,1785460451
2026-07-31T01:16:36Z,5,7,2,16,0,0,1,1,1,1785460462
2026-07-31T01:16:36Z,6,14,0,1,0,0,1,1,1,1785459039
2026-07-31T01:16:36Z,7,9,0,30,0,0,1,1,1,1785460169
2026-07-31T01:16:36Z,8,2,0,41,0,0,1,1,1,1785460416
2026-07-31T01:16:36Z,9,7,3,13,3,0,1,1,1,1785460382
2026-07-31T01:16:36Z,10,2,0,19,2,0,1,1,1,1785459665
2026-07-31T01:16:36Z,11,2,0,16,1,0,1,1,1,1785460307
2026-07-31T01:16:36Z,12,7,0,16,0,0,1,1,1,1785460579
2026-07-31T01:16:36Z,13,20,2,10,0,0,1,1,1,1785460586
2026-07-31T01:16:36Z,14,40,0,2,0,1,1,1,1,1785460467
2026-07-31T01:16:36Z,15,6,0,9,0,0,1,1,1,1785460418
2026-07-31T01:16:36Z,16,11,1,13,2,1,1,1,1,1785460145
2026-07-31T01:16:36Z,17,26,1,0,1,0,1,1,1,1785460384
2026-07-31T01:16:36Z,18,15,0,0,3,0,1,1,1,1785460511
2026-07-31T01:16:36Z,19,19,2,7,1,0,1,1,1,1785460468
2026-07-31T01:16:36Z,20,28,4,7,0,0,1,1,1,1785460127
2026-07-31T01:16:36Z,21,19,1,0,0,0,1,1,1,1785460264
2026-07-31T01:16:36Z,22,49,0,15,1,0,1,1,1,1785460581
2026-07-31T01:16:36Z,23,18,3,13,0,0,1,1,1,1785459243
2026-07-31T01:16:36Z,24,9,2,0,2,0,1,1,1,1785460584
2026-07-31T01:16:36Z,25,73,0,3,5,0,1,1,1,1785460540
2026-07-31T01:16:36Z,26,5,0,22,0,0,1,1,1,1785460232
2026-07-31T01:16:36Z,28,2,0,13,0,0,1,1,1,1785460332
2026-07-31T01:16:36Z,30,8,0,20,1,0,1,1,1,1785460339
2026-07-31T01:16:36Z,31,3,0,14,2,0,1,1,1,1785460403
2026-07-31T01:16:36Z,32,17,4,10,0,0,1,1,1,1785460509
2026-07-31T01:16:36Z,34,24,2,13,0,0,1,1,1,1785460371
2026-07-31T01:16:36Z,35,47,5,0,0,0,1,1,1,1785460353
2026-07-31T01:16:36Z,36,0,0,0,0,0,0,1,1,86400
2026-07-31T01:16:36Z,37,18,1,5,0,0,1,1,1,1785460537
2026-07-31T01:16:36Z,38,10,0,12,1,0,1,1,1,1785460520
2026-07-31T01:16:36Z,39,16,1,23,0,0,1,1,1,1785460585
2026-07-31T01:16:36Z,40,7,0,13,1,0,1,1,1,1785460157
2026-07-31T01:16:36Z,41,5,0,37,1,0,1,1,1,1785460393
2026-07-31T01:16:36Z,42,30,8,1,0,0,1,1,1,1785460426
2026-07-31T01:16:36Z,43,4,0,19,0,0,1,1,1,1785460503
2026-07-31T01:16:36Z,45,5,0,23,1,0,1,1,1,1785460410
2026-07-31T01:16:36Z,46,1,0,30,0,0,1,1,1,1785460582
2026-07-31T01:16:36Z,47,13,1,1,1,0,1,1,1,1785460473
2026-07-31T01:16:36Z,48,14,0,13,0,0,1,1,1,1785459835
2026-07-31T01:16:36Z,49,2,0,17,4,0,1,1,1,1785460586
2026-07-31T01:16:36Z,50,0,0,19,0,0,1,1,1,1785459881
2026-07-31T01:16:36Z,51,56,1,21,0,0,1,1,1,1785460536
2026-07-31T01:16:36Z,52,0,0,24,3,0,1,1,1,1785460445
2026-07-31T01:16:36Z,55,0,0,22,1,0,1,1,1,1785460563
2026-07-31T01:16:36Z,56,5,3,38,0,0,1,1,1,1785460418
2026-07-31T01:16:36Z,57,6,0,21,0,0,1,1,1,1785460304
2026-07-31T01:16:36Z,58,2,1,25,1,0,1,1,1,1785459537
2026-07-31T01:16:36Z,59,1,1,24,2,0,1,1,1,1785460286
2026-07-31T01:16:36Z,61,14,0,25,0,0,1,1,1,1785460584
2026-07-31T01:16:36Z,62,14,14,34,1,0,1,1,1,1785460584
2026-07-31T01:16:36Z,63,5,1,14,0,0,1,1,1,1785460417
2026-07-31T01:16:36Z,64,15,0,0,4,0,1,1,1,1785460582
2026-07-31T01:16:36Z,65,13,5,5,1,0,1,1,1,1785460108
2026-07-31T01:16:36Z,67,0,0,39,0,0,1,1,1,1785460506
2026-07-31T01:16:36Z,68,4,0,33,0,0,1,1,1,1785460288
2026-07-31T01:16:36Z,69,7,2,6,2,0,1,1,1,1785460288
2026-07-31T01:16:36Z,71,2,1,24,1,0,1,1,1,1785460576
2026-07-31T01:16:36Z,72,8,6,22,1,0,1,1,1,1785460250
2026-07-31T01:16:36Z,73,0,0,31,0,0,1,1,1,1785460014
2026-07-31T01:16:36Z,74,5,1,14,0,0,1,1,1,1785459454
2026-07-31T01:16:36Z,75,0,0,30,2,0,1,1,1,1785460244
2026-07-31T01:16:36Z,76,6,1,12,1,0,1,1,1,1785460581
2026-07-31T01:16:36Z,77,6,0,20,1,0,1,1,1,1785460517
2026-07-31T01:16:36Z,78,1,1,22,0,0,1,1,1,1785460401
2026-07-31T01:16:36Z,79,2,1,14,1,0,1,1,1,1785460494
2026-07-31T01:16:36Z,80,0,0,20,3,0,1,1,1,1785460489
2026-07-31T01:16:36Z,81,4,1,27,0,0,1,1,1,1785460577
2026-07-31T01:16:36Z,82,2,1,21,0,0,1,1,1,1785460288
2026-07-31T01:16:36Z,83,0,0,33,1,0,1,1,1,1785460185
2026-07-31T01:16:36Z,84,3,2,24,0,0,1,1,1,1785460524
2026-07-31T01:16:36Z,85,2,0,13,0,0,1,1,1,1785460237
2026-07-31T01:16:36Z,86,1,0,25,1,0,1,1,1,1785460587
2026-07-31T01:16:36Z,87,5,0,14,0,0,1,1,1,1785460072
2026-07-31T01:16:36Z,88,2,0,40,1,0,1,1,1,1785460426
2026-07-31T01:16:36Z,89,29,2,6,0,0,1,1,1,1785460343
2026-07-31T01:16:36Z,90,6,0,10,2,0,1,1,1,1785460224
2026-07-31T01:16:36Z,91,10,1,7,0,0,1,1,1,1785460478
2026-07-31T01:16:36Z,92,4,0,12,3,0,1,1,1,1785460519
2026-07-31T01:16:36Z,93,21,0,2,0,0,1,1,1,1785460132
2026-07-31T01:16:36Z,94,18,0,0,1,0,1,1,1,1785460426
2026-07-31T01:16:36Z,95,3,3,30,1,1,1,1,1,1785460578
2026-07-31T01:16:36Z,96,4,1,26,1,0,1,1,1,1785460549
2026-07-31T01:16:36Z,97,16,1,0,1,0,1,1,1,1785460475
2026-07-31T01:16:36Z,98,27,2,6,2,0,1,1,1,1785460586
2026-07-31T01:16:36Z,99,14,0,1,0,0,1,1,1,1785460513
2026-07-31T01:16:36Z,100,27,1,0,0,0,1,1,1,1785460253
2026-07-31T01:16:36Z,101,12,2,2,1,0,1,1,1,1785460564
2026-07-31T01:16:36Z,102,22,0,0,1,0,1,1,1,1785460553
2026-07-31T01:16:36Z,103,29,0,0,1,0,1,1,1,1785460557
2026-07-31T01:16:36Z,104,23,0,2,2,0,1,1,1,1785460584
2026-07-31T01:16:36Z,105,16,0,3,0,0,1,1,1,1785459332
2026-07-31T01:16:36Z,106,0,0,21,0,0,1,1,1,1785458543
2026-07-31T01:16:36Z,107,32,0,5,0,0,1,1,1,1785460428
2026-07-31T01:16:36Z,108,17,1,18,0,0,1,1,1,1785460577
2026-07-31T01:16:36Z,109,22,3,1,0,0,1,1,1,1785460551
2026-07-31T01:16:36Z,110,16,1,7,0,0,1,1,1,1785460433
2026-07-31T01:16:36Z,111,0,0,36,0,0,1,1,1,1785460364
2026-07-31T01:16:36Z,112,12,0,2,1,0,1,1,1,1785460499
2026-07-31T01:16:36Z,113,11,4,7,1,0,1,1,1,1785460580
2026-07-31T01:16:36Z,114,1,1,28,1,1,1,1,1,1785460533
2026-07-31T01:16:36Z,115,6,1,19,3,0,1,1,1,1785460200
2026-07-31T01:16:36Z,116,9,7,18,0,0,1,1,1,1785460537
2026-07-31T01:16:36Z,118,20,12,0,3,0,1,1,1,1785459651
2026-07-31T01:16:36Z,119,2,1,33,3,0,1,1,1,1785460458
2026-07-31T01:16:36Z,120,8,1,18,1,0,1,1,1,1785460467
2026-07-31T01:16:36Z,121,6,0,12,0,1,1,1,1,1785460561
2026-07-31T01:16:36Z,122,1,0,17,3,0,1,1,1,1785460586
2026-07-31T01:16:36Z,123,16,0,31,0,0,1,1,1,1785460111
2026-07-31T01:16:36Z,124,18,10,16,1,0,1,1,1,1785460540
2026-07-31T01:16:36Z,125,1,1,21,1,0,1,1,1,1785460338
2026-07-31T01:16:36Z,126,9,1,22,0,0,1,1,1,1785459379
2026-07-31T01:16:36Z,127,1,1,33,1,0,1,1,1,1785460341
2026-07-31T01:16:36Z,128,13,12,5,1,0,1,1,1,1785460407
2026-07-31T01:16:36Z,129,6,3,12,1,0,1,1,1,1785460007
2026-07-31T01:16:36Z,130,4,0,13,0,0,1,1,1,1785457733
2026-07-31T01:16:36Z,131,4,3,5,2,0,1,1,1,1785459898
2026-07-31T01:16:36Z,132,0,0,14,0,1,1,1,1,1785460431
2026-07-31T01:16:36Z,134,6,5,15,2,0,1,1,1,1785460338
2026-07-31T01:16:36Z,135,11,1,8,0,0,1,1,1,1785460430
2026-07-31T01:16:36Z,136,16,3,7,0,0,1,1,1,1785459973
2026-07-31T01:16:36Z,137,5,3,14,0,0,1,1,1,1785460587
2026-07-31T01:16:36Z,138,13,3,24,0,0,1,1,1,1785460489
2026-07-31T01:16:36Z,139,14,4,3,2,0,1,1,1,1785460491
2026-07-31T01:16:36Z,140,13,5,8,2,0,1,1,1,1785460587
2026-07-31T01:16:36Z,141,10,8,26,0,0,1,1,1,1785460522
2026-07-31T01:16:36Z,142,5,3,18,0,0,1,1,1,1785460557
2026-07-31T01:16:36Z,143,12,3,18,1,0,1,1,1,1785460031
2026-07-31T01:16:36Z,144,23,2,4,0,0,1,1,1,1785460344
2026-07-31T01:16:36Z,145,12,5,16,1,0,1,1,1,1785460243
2026-07-31T01:16:36Z,146,2,1,20,1,0,1,1,1,1785460077
2026-07-31T01:16:36Z,147,5,1,12,2,0,1,1,1,1785460383
2026-07-31T01:16:36Z,148,13,9,13,1,0,1,1,1,1785460540
2026-07-31T01:16:36Z,149,3,2,24,0,0,1,1,1,1785459759
2026-07-31T01:16:36Z,150,22,7,11,2,0,1,1,1,1785460533
2026-07-31T01:16:36Z,151,15,6,8,0,0,1,1,1,1785460495
2026-07-31T01:16:36Z,152,17,1,6,4,0,1,1,1,1785460559
2026-07-31T01:16:36Z,153,1,0,0,29,1,1,1,1,1785460433
2026-07-31T01:16:36Z,154,11,0,9,3,0,1,1,1,1785460543
2026-07-31T01:16:36Z,155,13,5,0,1,0,1,1,1,1785460372
2026-07-31T01:16:36Z,156,15,2,4,0,0,1,1,1,1785460413
2026-07-31T01:16:36Z,157,8,0,17,2,0,1,1,1,1785460576
2026-07-31T01:16:36Z,158,0,0,16,0,0,1,1,1,1785460549
2026-07-31T01:16:36Z,159,7,2,12,0,0,1,1,1,1785460586
2026-07-31T01:16:36Z,160,10,3,9,0,0,1,1,1,1785460460
2026-07-31T01:16:36Z,161,6,0,16,0,0,1,1,1,1785460205
2026-07-31T01:16:36Z,162,14,9,10,3,0,1,1,1,1785460581
2026-07-31T01:16:36Z,163,14,0,16,0,1,1,1,1,1785460503
2026-07-31T01:16:36Z,164,22,5,5,0,0,1,1,1,1785460340
2026-07-31T01:16:36Z,165,25,6,4,2,0,1,1,1,1785460574
2026-07-31T01:16:36Z,166,7,6,28,4,0,1,1,1,1785460587
2026-07-31T01:16:36Z,167,13,7,9,1,0,1,1,1,1785460546
2026-07-31T01:16:36Z,168,3,0,23,1,0,1,1,1,1785460329
2026-07-31T01:16:36Z,169,8,3,14,0,1,1,1,1,1785460445
2026-07-31T01:16:36Z,170,4,4,14,1,0,1,1,1,1785460232
2026-07-31T01:16:36Z,171,7,0,4,2,0,1,1,1,1785460562
2026-07-31T01:16:36Z,173,25,5,14,0,0,1,1,1,1785460558
2026-07-31T01:16:36Z,174,15,0,8,3,0,1,1,1,1785460568
2026-07-31T01:16:36Z,175,30,0,1,0,0,1,1,1,1785460416
2026-07-31T01:16:36Z,176,6,3,6,2,1,1,1,1,1785460562
2026-07-31T01:16:36Z,177,20,10,7,0,0,1,1,1,1785460521
2026-07-31T01:16:36Z,178,8,1,4,2,1,1,1,1,1785460583
2026-07-31T01:16:36Z,179,8,5,6,1,0,1,1,1,1785460556
2026-07-31T01:16:36Z,180,26,0,4,0,0,1,1,1,1785459777
2026-07-31T01:16:36Z,181,1,1,13,1,0,1,1,1,1785460437
2026-07-31T01:16:36Z,182,4,3,13,0,0,1,1,1,1785460064
2026-07-31T01:16:36Z,183,8,3,15,0,0,1,1,1,1785460564
2026-07-31T01:16:36Z,184,4,1,18,1,0,1,1,1,1785460455
2026-07-31T01:16:36Z,185,4,0,9,1,1,1,1,1,1785460397
2026-07-31T01:16:36Z,186,1,1,18,0,0,1,1,1,1785459831
2026-07-31T01:16:36Z,187,5,1,21,2,0,1,1,1,1785460405
2026-07-31T01:16:36Z,188,18,0,1,8,0,1,1,1,1785460352
2026-07-31T01:16:36Z,189,3,0,12,0,0,1,1,1,1785459626
2026-07-31T01:16:36Z,190,4,3,19,0,0,1,1,1,1785460164
2026-07-31T01:16:36Z,191,0,0,39,0,0,1,1,1,1785458545
2026-07-31T01:16:36Z,192,7,5,22,2,0,1,1,1,1785460403
2026-07-31T01:16:36Z,193,9,6,5,1,0,1,1,1,1785460513
2026-07-31T01:16:36Z,194,0,0,26,1,0,1,1,1,1785460278
2026-07-31T01:16:36Z,195,4,3,14,1,0,1,1,1,1785460480
2026-07-31T01:16:36Z,196,13,6,11,3,0,1,1,1,1785460115
2026-07-31T01:16:36Z,197,7,2,11,0,1,1,1,1,1785460285
2026-07-31T01:16:36Z,198,19,17,4,0,0,1,1,1,1785460098
2026-07-31T01:16:36Z,199,10,8,3,2,0,1,1,1,1785460588
2026-07-31T01:16:36Z,200,3,3,23,0,0,1,1,1,1785460553
2026-07-31T01:16:36Z,201,1,1,22,0,0,1,1,1,1785459076
2026-07-31T01:16:36Z,202,16,1,11,0,0,1,1,1,1785460431
2026-07-31T01:16:36Z,203,14,0,16,1,0,1,1,1,1785460339
2026-07-31T01:16:36Z,204,16,1,17,2,0,1,1,1,1785460339
2026-07-31T01:16:36Z,205,9,2,18,0,0,1,1,1,1785460499
2026-07-31T01:16:36Z,206,6,6,9,0,0,1,1,1,1785460454
2026-07-31T01:16:36Z,207,19,2,2,0,0,1,1,1,1785460222
2026-07-31T01:16:36Z,208,5,1,23,1,0,1,1,1,1785460061
2026-07-31T01:16:36Z,209,11,0,19,2,0,1,1,1,1785460566
2026-07-31T01:16:36Z,210,1,1,25,1,0,1,1,1,1785460063
2026-07-31T01:16:36Z,211,1,1,21,1,0,1,1,1,1785460183
2026-07-31T01:16:36Z,212,20,1,14,1,0,1,1,1,1785460545
2026-07-31T01:16:36Z,213,15,1,7,1,0,1,1,1,1785460535
2026-07-31T01:16:36Z,214,12,11,28,7,0,1,1,1,1785460551
2026-07-31T01:16:36Z,215,9,3,14,0,0,1,1,1,1785460410
2026-07-31T01:16:36Z,216,5,2,13,1,0,1,1,1,1785459910
2026-07-31T01:16:36Z,217,22,0,6,1,0,1,1,1,1785460576
2026-07-31T01:16:36Z,218,12,7,23,4,0,1,1,1,1785460537
2026-07-31T01:16:36Z,219,3,0,22,1,0,1,1,1,1785460003
2026-07-31T01:16:36Z,220,10,10,30,2,1,1,1,1,1785460532
2026-07-31T01:16:36Z,221,8,7,6,1,0,1,1,1,1785460243
2026-07-31T01:16:36Z,222,17,14,1,1,0,1,1,1,1785460375
2026-07-31T01:16:36Z,223,2,0,31,2,0,1,1,1,1785460306
2026-07-31T01:16:36Z,224,16,16,5,1,0,1,1,1,1785460417
2026-07-31T01:16:36Z,225,9,1,4,6,0,1,1,1,1785460114
2026-07-31T01:16:36Z,226,18,9,13,0,0,1,1,1,1785460513
2026-07-31T01:16:36Z,227,13,13,13,0,1,1,1,1,1785460541
2026-07-31T01:16:36Z,228,10,8,9,0,0,1,1,1,1785460360
2026-07-31T01:16:36Z,230,21,4,5,0,0,1,1,1,1785460288
2026-07-31T01:16:36Z,232,5,4,11,1,0,1,1,1,1785460383
2026-07-31T01:16:36Z,233,17,5,13,1,0,1,1,1,1785460156
2026-07-31T01:16:36Z,234,8,3,6,4,1,1,1,1,1785460406
2026-07-31T01:16:36Z,236,1,0,18,0,0,1,1,1,1785459879
2026-07-31T01:16:36Z,237,6,0,16,1,0,1,1,1,1785459951
2026-07-31T01:16:36Z,239,21,17,4,2,0,1,1,1,1785460517
2026-07-31T01:16:36Z,241,5,3,18,0,0,1,1,1,1785460422
2026-07-31T01:16:36Z,242,6,3,16,1,0,1,1,1,1785460586
2026-07-31T01:16:36Z,243,3,2,26,2,0,1,1,1,1785460372
2026-07-31T01:16:36Z,244,0,0,26,1,0,1,1,1,1785460475
2026-07-31T01:16:36Z,245,13,12,9,1,0,1,1,1,1785460460
2026-07-31T01:16:36Z,246,3,1,19,1,0,1,1,1,1785460450
2026-07-31T01:16:36Z,247,14,9,9,0,0,1,1,1,1785459845
2026-07-31T01:16:36Z,248,0,0,20,3,0,1,1,1,1785460339
2026-07-31T01:16:36Z,249,8,4,11,0,0,1,1,1,1785459972
2026-07-31T01:16:36Z,250,4,1,21,2,0,1,1,1,1785459793
2026-07-31T01:16:36Z,251,7,5,18,2,0,1,1,1,1785460459
2026-07-31T01:16:36Z,253,5,4,13,1,0,1,1,1,1785460300
2026-07-31T01:16:36Z,254,11,10,31,1,0,1,1,1,1785460437
2026-07-31T01:16:36Z,255,0,0,22,0,1,1,1,1,1785460472
2026-07-31T01:16:36Z,256,7,6,15,1,0,1,1,1,1785460322
2026-07-31T01:16:36Z,257,3,1,15,1,0,1,1,1,1785460094
2026-07-31T01:16:36Z,258,5,5,12,2,0,1,1,1,1785460415
2026-07-31T01:16:36Z,259,13,1,9,0,1,1,1,1,1785460540
2026-07-31T01:16:36Z,260,8,2,9,2,0,1,1,1,1785460040
2026-07-31T01:16:36Z,261,12,2,5,1,1,1,1,1,1785459928
2026-07-31T01:16:36Z,262,18,4,5,0,0,1,1,1,1785460368
2026-07-31T01:16:36Z,263,14,3,1,0,0,1,1,1,1785459135
2026-07-31T01:16:36Z,264,10,2,8,1,0,1,1,1,1785460339
2026-07-31T01:16:36Z,265,12,2,3,0,0,1,1,1,1785460046
2026-07-31T01:16:36Z,266,11,5,6,2,0,1,1,1,1785460043
2026-07-31T01:16:36Z,267,4,0,9,2,0,1,1,1,1785456188
2026-07-31T01:16:36Z,268,19,7,4,0,0,1,1,1,1785460486
2026-07-31T01:16:36Z,269,7,0,16,0,0,1,1,1,1785460232
2026-07-31T01:16:36Z,270,15,1,11,1,0,1,1,1,1785460204
2026-07-31T01:16:36Z,271,2,0,15,2,0,1,1,1,1785460172
2026-07-31T01:16:36Z,272,14,7,9,0,0,1,1,1,1785460189
2026-07-31T01:16:36Z,273,11,4,4,0,0,1,1,1,1785459436
2026-07-31T01:16:36Z,274,12,6,6,1,0,1,1,1,1785460503
2026-07-31T01:16:36Z,275,6,0,17,0,0,1,1,1,1785459784
2026-07-31T01:16:36Z,276,0,0,26,1,0,1,1,1,1785459234
2026-07-31T01:16:36Z,277,0,0,19,4,0,1,1,1,1785460363
2026-07-31T01:16:36Z,278,1,0,28,1,1,1,1,1,1785460499
2026-07-31T01:16:36Z,279,1,1,18,0,0,1,1,1,1785460546
2026-07-31T01:16:36Z,280,1,0,28,2,0,1,1,1,1785460446
2026-07-31T01:16:36Z,281,19,1,0,0,0,1,1,1,1785459413
2026-07-31T01:16:36Z,282,3,2,14,1,0,1,1,1,1785460217
2026-07-31T01:16:36Z,283,20,0,15,0,0,1,1,1,1785460568
2026-07-31T01:16:36Z,284,18,1,14,3,0,1,1,1,1785460425
2026-07-31T01:16:36Z,285,1,1,22,0,0,1,1,1,1785460082
2026-07-31T01:16:36Z,286,14,9,7,2,0,1,1,1,1785460394
2026-07-31T01:16:36Z,287,11,0,10,2,0,1,1,1,1785459441
2026-07-31T01:16:36Z,288,12,7,7,0,0,1,1,1,1785460530
2026-07-31T01:16:36Z,289,3,2,22,2,0,1,1,1,1785460378
2026-07-31T01:16:36Z,290,23,0,14,2,0,1,1,1,1785460474
2026-07-31T01:16:36Z,291,2,0,20,1,0,1,1,1,1785460539
2026-07-31T01:16:36Z,292,1,0,22,0,0,1,1,1,1785460161
2026-07-31T01:16:36Z,293,10,5,13,0,0,1,1,1,1785459719
2026-07-31T01:16:36Z,294,7,4,12,3,0,1,1,1,1785460538
2026-07-31T01:16:36Z,297,14,3,3,1,1,1,1,1,1785460409
2026-07-31T01:16:36Z,301,11,0,7,1,0,1,1,1,1785460324
2026-07-31T01:16:36Z,302,10,0,13,0,0,1,1,1,1785459923
2026-07-31T01:16:36Z,303,4,0,15,0,0,1,1,1,1785459369
2026-07-31T01:16:36Z,304,0,0,0,0,0,0,1,1,86400
2026-07-31T01:16:36Z,305,16,0,3,0,0,1,1,1,1785460048
2026-07-31T01:16:36Z,306,4,0,28,0,0,1,1,1,1785460290
2026-07-31T01:16:36Z,307,18,3,5,0,0,1,1,1,1785460434
2026-07-31T01:16:36Z,308,13,2,5,1,0,1,1,1,1785460582
2026-07-31T01:16:36Z,309,2,2,11,1,0,1,1,1,1785459898
2026-07-31T01:16:36Z,311,10,0,5,0,0,1,1,1,1785460184
2026-07-31T01:16:36Z,312,1,1,18,3,1,1,1,1,1785460287
2026-07-31T01:16:36Z,313,10,1,5,0,0,1,1,1,1785460471
2026-07-31T01:16:36Z,314,2,2,13,3,0,1,1,1,1785460529
2026-07-31T01:16:36Z,315,11,11,17,3,0,1,1,1,1785460564
2026-07-31T01:16:36Z,316,17,4,8,5,1,1,1,1,1785460561
2026-07-31T01:16:36Z,317,0,0,29,1,1,1,1,1,1785460428
2026-07-31T01:16:36Z,318,12,0,7,0,0,1,1,1,1785459819
2026-07-31T01:16:36Z,319,4,1,18,1,0,1,1,1,1785459556
2026-07-31T01:16:36Z,320,2,0,16,1,0,1,1,1,1785459636
2026-07-31T01:16:36Z,321,9,0,8,2,0,1,1,1,1785460332
2026-07-31T01:16:36Z,322,7,0,20,2,0,1,1,1,1785460444
2026-07-31T01:16:36Z,323,12,0,7,0,0,1,1,1,1785460466
2026-07-31T01:16:36Z,324,0,0,25,2,0,1,1,1,1785460587
2026-07-31T01:16:36Z,325,1,0,24,2,0,1,1,1,1785460456
2026-07-31T01:16:36Z,327,27,3,0,0,0,1,1,1,1785460009
2026-07-31T01:16:36Z,328,7,0,14,1,0,1,1,1,1785460586
2026-07-31T01:16:36Z,329,8,1,11,0,0,1,1,1,1785460373
2026-07-31T01:16:36Z,330,3,0,19,0,0,1,1,1,1785460201
2026-07-31T01:16:36Z,331,17,1,4,2,0,1,1,1,1785460578
2026-07-31T01:16:36Z,332,3,2,15,1,0,1,1,1,1785459921
2026-07-31T01:16:36Z,333,12,4,10,1,0,1,1,1,1785460319
2026-07-31T01:16:36Z,334,3,1,20,0,0,1,1,1,1785460031
2026-07-31T01:16:36Z,335,0,0,22,0,1,1,1,1,1785459614
2026-07-31T01:16:36Z,336,7,0,11,1,0,1,1,1,1785460534
2026-07-31T01:16:36Z,337,13,0,6,4,0,1,1,1,1785460563
2026-07-31T01:16:36Z,338,8,4,11,0,0,1,1,1,1785460529
2026-07-31T01:16:36Z,339,7,3,16,0,0,1,1,1,1785460083
2026-07-31T01:16:36Z,340,6,2,8,1,0,1,1,1,1785460555
2026-07-31T01:16:36Z,341,10,1,9,0,0,1,1,1,1785460095
2026-07-31T01:16:36Z,342,8,5,6,1,0,1,1,1,1785460410
2026-07-31T01:16:36Z,343,5,2,17,1,0,1,1,1,1785460140
2026-07-31T01:16:36Z,344,18,5,5,0,0,1,1,1,1785460339
2026-07-31T01:16:36Z,345,19,3,0,0,0,1,1,1,1785460146
2026-07-31T01:16:36Z,346,7,5,16,0,0,1,1,1,1785460261
2026-07-31T01:16:36Z,347,15,2,27,2,0,1,1,1,1785460580
2026-07-31T01:16:36Z,348,16,3,6,0,1,1,1,1,1785460503
2026-07-31T01:16:36Z,349,7,2,11,1,0,1,1,1,1785460517
2026-07-31T01:16:36Z,350,10,1,15,1,1,1,1,1,1785460441
2026-07-31T01:16:36Z,351,8,2,11,4,0,1,1,1,1785460377
2026-07-31T01:16:36Z,355,4,1,19,0,0,1,1,1,1785460574
2026-07-31T01:16:36Z,356,8,0,11,0,0,1,1,1,1785460242
2026-07-31T01:16:36Z,357,6,5,13,0,0,1,1,1,1785460099
2026-07-31T01:16:36Z,358,8,1,19,0,0,1,1,1,1785459040
2026-07-31T01:16:36Z,359,4,0,23,0,0,1,1,1,1785460016
2026-07-31T01:16:36Z,360,10,4,9,0,0,1,1,1,1785460448
2026-07-31T01:16:36Z,362,8,4,10,1,0,1,1,1,1785460379
2026-07-31T01:16:36Z,363,15,0,12,0,0,1,1,1,1785460563
2026-07-31T01:16:36Z,364,11,2,8,0,0,1,1,1,1785460216
2026-07-31T01:16:36Z,365,2,1,14,7,0,1,1,1,1785460102
2026-07-31T01:16:36Z,366,3,2,14,6,0,1,1,1,1785460558
2026-07-31T01:16:36Z,367,15,8,2,2,0,1,1,1,1785460346
2026-07-31T01:16:36Z,368,13,4,9,1,0,1,1,1,1785459857
2026-07-31T01:16:36Z,370,2,2,24,1,0,1,1,1,1785460228
2026-07-31T01:16:36Z,371,8,5,9,2,0,1,1,1,1785459378
2026-07-31T01:16:36Z,372,5,1,10,0,0,1,1,1,1785460576
2026-07-31T01:16:36Z,373,11,4,16,0,0,1,1,1,1785460213
2026-07-31T01:16:36Z,374,1,1,16,2,0,1,1,1,1785460427
2026-07-31T01:16:36Z,375,15,2,9,3,0,1,1,1,1785460497
2026-07-31T01:16:36Z,376,24,2,12,3,0,1,1,1,1785460288
2026-07-31T01:16:36Z,377,3,0,23,1,0,1,1,1,1785460082
2026-07-31T01:16:36Z,378,11,1,11,1,1,1,1,1,1785460396
2026-07-31T01:16:36Z,379,7,0,19,1,0,1,1,1,1785460572
2026-07-31T01:16:36Z,380,8,1,15,0,0,1,1,1,1785460281
2026-07-31T01:16:36Z,381,5,0,17,1,0,1,1,1,1785460529
2026-07-31T01:16:36Z,383,5,1,9,1,0,1,1,1,1785459929
2026-07-31T01:16:36Z,384,23,1,3,1,0,1,1,1,1785460260
2026-07-31T01:16:36Z,385,0,0,16,2,0,1,1,1,1785460389
2026-07-31T01:16:36Z,387,3,0,20,0,0,1,1,1,1785459244
2026-07-31T01:16:36Z,388,16,1,32,1,0,1,1,1,1785460455
2026-07-31T01:16:36Z,389,5,5,10,0,0,1,1,1,1785458136
2026-07-31T01:16:36Z,390,27,2,8,0,0,1,1,1,1785460440
2026-07-31T01:16:36Z,391,4,0,11,0,0,1,1,1,1785459616
2026-07-31T01:16:36Z,392,2,2,16,1,0,1,1,1,1785460301
2026-07-31T01:16:36Z,393,1,1,8,2,0,1,1,1,1785459662
2026-07-31T01:16:36Z,394,1,0,10,2,0,1,1,1,1785460571
2026-07-31T01:16:36Z,396,14,12,25,3,0,1,1,1,1785460286
2026-07-31T01:16:36Z,397,4,3,27,0,0,1,1,1,1785460037
2026-07-31T01:16:36Z,399,8,1,7,2,0,1,1,1,1785460457
2026-07-31T01:16:36Z,400,11,6,10,2,0,1,1,1,1785460171
2026-07-31T01:16:36Z,401,2,1,29,8,0,1,1,1,1785460500
2026-07-31T01:16:36Z,403,10,2,19,2,0,1,1,1,1785460396
2026-07-31T01:16:36Z,404,5,3,17,1,0,1,1,1,1785460584
2026-07-31T01:16:36Z,406,32,1,2,1,0,1,1,1,1785460316
2026-07-31T01:16:36Z,407,13,1,20,1,0,1,1,1,1785460533
2026-07-31T01:16:36Z,408,0,0,33,0,0,1,1,1,1785459966
2026-07-31T01:16:36Z,409,20,2,0,3,0,1,1,1,1785460412
2026-07-31T01:16:36Z,413,11,2,11,1,0,1,1,1,1785460494
2026-07-31T01:16:36Z,414,13,2,2,0,0,1,1,1,1785459548
2026-07-31T01:16:36Z,417,8,4,11,0,0,1,1,1,1785460441
2026-07-31T01:16:36Z,418,0,0,14,1,0,1,1,1,1785456376
2026-07-31T01:16:36Z,419,14,1,9,0,0,1,1,1,1785459779
2026-07-31T01:16:36Z,421,17,1,2,0,0,1,1,1,1785460511
2026-07-31T01:16:36Z,422,1,0,25,1,0,1,1,1,1785460238
2026-07-31T01:16:36Z,423,5,0,17,1,0,1,1,1,1785460443
2026-07-31T01:16:36Z,424,3,0,9,2,1,1,1,1,1785460340
2026-07-31T01:16:36Z,425,1,1,20,0,1,1,1,1,1785460145
2026-07-31T01:16:36Z,426,0,0,34,3,0,1,1,1,1785460470
2026-07-31T01:16:36Z,427,0,0,14,1,0,1,1,1,1785460283
2026-07-31T01:16:36Z,428,12,2,6,1,0,1,1,1,1785460230
2026-07-31T01:16:36Z,429,6,1,13,4,0,1,1,1,1785460573
2026-07-31T01:16:36Z,430,11,1,19,1,0,1,1,1,1785460586
2026-07-31T01:16:36Z,431,13,0,19,1,0,1,1,1,1785460421
2026-07-31T01:16:36Z,432,22,1,7,2,0,1,1,1,1785459993
2026-07-31T01:16:36Z,433,7,4,14,2,0,1,1,1,1785459527
2026-07-31T01:16:36Z,437,6,6,12,1,0,1,1,1,1785460253
2026-07-31T01:16:36Z,438,1,0,17,1,0,1,1,1,1785460580
2026-07-31T01:16:36Z,439,6,2,9,0,0,1,1,1,1785458526
2026-07-31T01:16:36Z,440,2,0,11,2,0,1,1,1,1785460488
2026-07-31T01:16:36Z,441,0,0,15,0,0,1,1,1,1785458641
2026-07-31T01:16:36Z,442,10,5,7,2,0,1,1,1,1785460309
2026-07-31T01:16:36Z,443,3,0,24,0,0,1,1,1,1785456698
2026-07-31T01:16:36Z,444,2,1,21,0,0,1,1,1,1785455134
2026-07-31T01:16:36Z,445,7,2,15,1,0,1,1,1,1785460488
2026-07-31T01:16:36Z,446,2,2,20,1,0,1,1,1,1785457589
2026-07-31T01:16:36Z,447,1,0,20,1,1,1,1,1,1785441257
2026-07-31T01:16:36Z,448,9,3,4,1,1,1,1,1,1785460462
2026-07-31T01:16:36Z,452,3,2,15,1,0,1,1,1,1785460568
2026-07-31T01:16:36Z,453,3,1,11,1,0,1,1,1,1785459900
2026-07-31T01:16:36Z,454,2,0,17,0,0,1,1,1,1785460582
2026-07-31T01:16:36Z,455,0,0,39,0,0,1,1,1,1785460394
2026-07-31T01:16:36Z,456,13,7,6,1,0,1,1,1,1785460392
2026-07-31T01:16:36Z,457,14,2,11,2,0,1,1,1,1785460584
2026-07-31T01:16:36Z,458,7,2,15,1,0,1,1,1,1785460009
2026-07-31T01:16:36Z,459,11,0,4,0,0,1,1,1,1785458362
2026-07-31T01:16:36Z,460,12,1,10,1,0,1,1,1,1785460582
2026-07-31T01:16:36Z,461,3,0,16,0,0,1,1,1,1785460145
2026-07-31T01:16:36Z,462,6,1,15,0,0,1,1,1,1785460431
2026-07-31T01:16:36Z,463,12,1,7,0,0,1,1,1,1785459942
2026-07-31T01:16:36Z,464,1,1,13,0,0,1,1,1,1785459017
2026-07-31T01:16:36Z,465,2,1,13,0,0,1,1,1,1785459861
2026-07-31T01:16:36Z,466,9,3,5,1,0,1,1,1,1785458161
2026-07-31T01:16:36Z,467,1,0,18,0,0,1,1,1,1785460474
2026-07-31T01:16:36Z,468,14,0,4,1,0,1,1,1,1785459528
2026-07-31T01:16:36Z,469,1,0,21,1,0,1,1,1,1785459683
2026-07-31T01:16:36Z,470,8,0,6,1,0,1,1,1,1785460508
2026-07-31T01:16:36Z,471,20,4,7,0,0,1,1,1,1785460217
2026-07-31T01:16:36Z,472,6,3,12,1,0,1,1,1,1785460543
2026-07-31T01:16:36Z,473,4,1,13,2,0,1,1,1,1785460226
2026-07-31T01:16:36Z,474,10,0,8,1,0,1,1,1,1785460470
2026-07-31T01:16:36Z,475,2,1,17,0,0,1,1,1,1785459868
2026-07-31T01:16:36Z,477,8,4,7,0,0,1,1,1,1785459955
2026-07-31T01:16:36Z,478,14,1,16,1,0,1,1,1,1785460577
2026-07-31T01:16:36Z,479,12,1,14,1,0,1,1,1,1785460581
2026-07-31T01:16:36Z,480,3,0,9,3,0,1,1,1,1785457824
2026-07-31T01:16:36Z,481,15,0,19,1,0,1,1,1,1785460467
2026-07-31T01:16:36Z,482,5,0,13,1,0,1,1,1,1785459630
2026-07-31T01:16:36Z,483,23,1,1,3,0,1,1,1,1785460505
2026-07-31T01:16:36Z,484,3,0,16,0,0,1,1,1,1785460346
2026-07-31T01:16:36Z,485,11,6,5,2,1,1,1,1,1785460275
2026-07-31T01:16:36Z,486,6,1,19,2,0,1,1,1,1785460507
2026-07-31T01:16:36Z,487,1,0,17,1,0,1,1,1,1785460561
2026-07-31T01:16:36Z,489,8,4,7,0,0,1,1,1,1785460563
2026-07-31T01:16:36Z,490,2,2,14,0,0,1,1,1,1785459802
2026-07-31T01:16:36Z,491,17,2,4,0,0,1,1,1,1785458559
2026-07-31T01:16:36Z,492,5,4,3,3,0,1,1,1,1785460584
2026-07-31T01:16:36Z,493,0,0,25,2,0,1,1,1,1785459725
2026-07-31T01:16:36Z,495,9,2,5,1,0,1,1,1,1785459194
2026-07-31T01:16:36Z,496,21,2,6,0,0,1,1,1,1785460038
2026-07-31T01:16:36Z,497,4,0,14,1,0,1,1,1,1785460183
2026-07-31T01:16:36Z,498,3,2,20,0,0,1,1,1,1785460531
2026-07-31T01:16:36Z,499,7,2,12,0,0,1,1,1,1785460372
2026-07-31T01:16:36Z,500,10,7,1,4,0,1,1,1,1785459616
2026-07-31T01:16:36Z,501,1,1,19,1,0,1,1,1,1785460364
2026-07-31T01:16:36Z,502,1,0,18,0,0,1,1,1,1785459601
2026-07-31T01:16:36Z,503,25,0,5,1,0,1,1,1,1785460469
2026-07-31T01:16:36Z,504,2,0,36,1,0,1,1,1,1785460577
2026-07-31T01:16:36Z,505,2,2,9,1,0,1,1,1,1785460098
2026-07-31T01:16:36Z,511,2,0,21,0,0,1,1,1,1785458870
2026-07-31T01:16:36Z,512,4,0,23,0,0,1,1,1,1785460344
2026-07-31T01:16:36Z,514,8,0,1,2,0,1,1,1,1785460319
2026-07-31T01:16:36Z,515,4,0,15,0,0,1,1,1,1785457241
2026-07-31T01:16:36Z,516,4,0,23,0,0,1,1,1,1785460306
2026-07-31T01:16:36Z,517,8,0,14,1,0,1,1,1,1785459592
2026-07-31T01:16:36Z,518,10,1,3,2,0,1,1,1,1785459066
2026-07-31T01:16:36Z,519,6,3,13,0,0,1,1,1,1785460436
2026-07-31T01:16:36Z,520,10,4,12,4,1,1,1,1,1785460583
2026-07-31T01:16:36Z,521,4,3,19,0,0,1,1,1,1785460164
2026-07-31T01:16:36Z,522,23,1,0,0,0,1,1,1,1785460097
2026-07-31T01:16:36Z,523,3,2,18,2,0,1,1,1,1785460432
2026-07-31T01:16:36Z,524,23,1,0,0,0,1,1,1,1785460533
2026-07-31T01:16:36Z,525,19,0,0,0,0,1,1,1,1785459404
2026-07-31T01:16:36Z,526,11,2,3,1,0,1,1,1,1785460493
2026-07-31T01:16:36Z,527,0,0,23,3,0,1,1,1,1785460321
2026-07-31T01:16:36Z,528,14,0,9,0,0,1,1,1,1785459978
2026-07-31T01:16:36Z,529,4,0,10,5,0,1,1,1,1785460586
2026-07-31T01:16:36Z,530,2,0,18,1,0,1,1,1,1785460368
2026-07-31T01:16:36Z,531,10,0,12,0,1,1,1,1,1785460290
2026-07-31T01:16:36Z,532,5,3,24,1,1,1,1,1,1785457478
2026-07-31T01:16:36Z,533,11,1,7,1,0,1,1,1,1785460194
2026-07-31T01:16:36Z,534,3,3,20,0,0,1,1,1,1785459927
2026-07-31T01:16:36Z,535,2,1,12,1,0,1,1,1,1785460066
2026-07-31T01:16:36Z,536,2,0,21,0,0,1,1,1,1785460457
2026-07-31T01:16:36Z,537,14,5,6,0,0,1,1,1,1785459389
2026-07-31T01:16:36Z,538,9,0,11,1,2,1,1,1,1785460380
2026-07-31T01:16:36Z,539,7,5,24,0,0,1,1,1,1785460461
2026-07-31T01:16:36Z,540,2,2,17,0,0,1,1,1,1785460455
2026-07-31T01:16:36Z,541,13,2,14,0,0,1,1,1,1785460540
2026-07-31T01:16:36Z,542,1,0,22,0,0,1,1,1,1785460512
2026-07-31T01:16:36Z,543,7,1,12,0,0,1,1,1,1785460584
2026-07-31T01:16:36Z,544,12,1,6,4,0,1,1,1,1785460239
2026-07-31T01:16:36Z,545,9,1,6,4,0,1,1,1,1785460548
2026-07-31T01:16:36Z,546,13,2,6,0,0,1,1,1,1785460481
2026-07-31T01:16:36Z,547,7,0,18,0,0,1,1,1,1785460219
2026-07-31T01:16:36Z,548,15,0,8,0,0,1,1,1,1785460381
2026-07-31T01:16:36Z,549,19,0,4,0,0,1,1,1,1785460539
2026-07-31T01:16:36Z,550,1,0,18,0,0,1,1,1,1785460082
2026-07-31T01:16:36Z,551,13,3,10,0,0,1,1,1,1785458944
2026-07-31T01:16:36Z,552,2,1,25,0,0,1,1,1,1785460226
2026-07-31T01:16:36Z,553,3,1,19,0,1,1,1,1,1785460302
2026-07-31T01:16:36Z,554,1,1,18,0,0,1,1,1,1785459733
2026-07-31T01:16:36Z,555,13,6,1,1,0,1,1,1,1785460566
2026-07-31T01:16:36Z,556,5,2,17,1,0,1,1,1,1785460576
2026-07-31T01:16:36Z,557,2,1,15,6,0,1,1,1,1785460203
2026-07-31T01:16:36Z,558,5,5,31,1,0,1,1,1,1785460518
2026-07-31T01:16:36Z,559,0,0,18,1,0,1,1,1,1785457401
2026-07-31T01:16:36Z,560,0,0,27,0,0,1,1,1,1785460374
2026-07-31T01:16:36Z,561,18,1,3,2,0,1,1,1,1785460560
2026-07-31T01:16:36Z,562,17,1,14,4,0,1,1,1,1785460271
2026-07-31T01:16:36Z,563,7,0,7,0,0,1,1,1,1785460090
2026-07-31T01:16:36Z,564,5,1,13,1,0,1,1,1,1785459039
2026-07-31T01:16:36Z,565,9,2,10,0,0,1,1,1,1785459843
2026-07-31T01:16:36Z,566,2,0,14,3,0,1,1,1,1785460547
2026-07-31T01:16:36Z,567,15,3,11,1,0,1,1,1,1785460421
2026-07-31T01:16:36Z,568,8,1,9,2,0,1,1,1,1785460282
2026-07-31T01:16:36Z,569,9,0,10,0,0,1,1,1,1785460074
2026-07-31T01:16:36Z,570,7,2,12,0,0,1,1,1,1785460471
2026-07-31T01:16:36Z,571,12,0,10,1,0,1,1,1,1785460485
2026-07-31T01:16:36Z,572,17,3,0,2,0,1,1,1,1785457866
2026-07-31T01:16:36Z,573,15,0,0,0,0,1,1,1,1785460519
2026-07-31T01:16:36Z,574,6,2,9,0,0,1,1,1,1785459850
2026-07-31T01:16:36Z,575,10,0,10,1,0,1,1,1,1785460489
2026-07-31T01:16:36Z,576,2,0,16,1,0,1,1,1,1785460315
2026-07-31T01:16:36Z,577,29,0,2,0,0,1,1,1,1785460416
2026-07-31T01:16:36Z,578,11,4,11,1,0,1,1,1,1785460513
2026-07-31T01:16:36Z,579,35,2,8,0,0,1,1,1,1785460579
2026-07-31T01:16:36Z,580,6,0,23,0,0,1,1,1,1785459113
2026-07-31T01:16:36Z,581,17,1,2,0,0,1,1,1,1785460563
2026-07-31T01:16:36Z,582,6,1,50,5,0,1,1,1,1785460553
2026-07-31T01:16:36Z,583,17,1,6,0,0,1,1,1,1785459825
2026-07-31T01:16:36Z,584,1,0,13,5,0,1,1,1,1785460342
2026-07-31T01:16:36Z,585,7,0,19,0,1,1,1,1,1785459720
2026-07-31T01:16:36Z,586,16,0,18,1,0,1,1,1,1785459880
2026-07-31T01:16:36Z,587,22,1,1,1,0,1,1,1,1785460552
2026-07-31T01:16:36Z,588,3,1,12,4,0,1,1,1,1785460481
2026-07-31T01:16:36Z,589,0,0,0,23,0,1,1,1,1785460439
2026-07-31T01:16:36Z,590,6,2,24,1,0,1,1,1,1785460586
2026-07-31T01:16:36Z,591,28,1,0,2,0,1,1,1,1785460411
2026-07-31T01:16:36Z,592,5,0,18,0,0,1,1,1,1785459754
2026-07-31T01:16:36Z,593,7,0,31,0,0,1,1,1,1785460276
2026-07-31T01:16:36Z,594,20,1,1,0,0,1,1,1,1785460113
2026-07-31T01:16:36Z,595,0,0,3,0,0,0,1,1,1784046673
2026-07-31T01:16:36Z,605,0,0,2,1,0,0,1,1,1783975843
2026-07-31T01:16:36Z,606,0,0,0,0,0,0,1,1,86400
2026-07-31T01:16:36Z,607,19,1,12,1,0,1,1,1,1785460011
2026-07-31T01:16:36Z,608,2,2,48,0,0,1,1,1,1785460101
2026-07-31T01:16:36Z,609,6,3,17,0,0,1,1,1,1785460578
2026-07-31T01:16:36Z,610,3,0,31,1,0,1,1,1,1785460015
2026-07-31T01:16:36Z,611,24,0,2,1,0,1,1,1,1785460323
2026-07-31T01:16:36Z,612,7,1,8,0,0,1,1,1,1785455780
2026-07-31T01:16:36Z,613,10,0,1,4,0,1,1,1,1785455457
2026-07-31T01:16:36Z,614,20,2,5,1,1,1,1,1,1785460362
2026-07-31T01:16:36Z,617,3,1,11,1,0,1,1,1,1785459989
2026-07-31T01:16:36Z,618,11,2,4,4,0,1,1,1,1785460040
2026-07-31T01:16:36Z,619,7,5,12,0,0,1,1,1,1785460535
2026-07-31T01:16:36Z,620,0,0,26,1,0,1,1,1,1785459814
2026-07-31T01:16:36Z,621,6,1,17,0,0,1,1,1,1785460546
2026-07-31T01:16:36Z,622,11,7,7,5,0,1,1,1,1785459980
2026-07-31T01:16:36Z,623,6,1,23,1,0,1,1,1,1785459579
2026-07-31T01:16:36Z,624,5,1,10,0,0,1,1,1,1785458538
2026-07-31T01:16:36Z,625,3,0,16,2,0,1,1,1,1785460542
2026-07-31T01:16:36Z,626,4,0,40,1,2,1,1,1,1785459921
2026-07-31T01:16:36Z,627,14,6,5,0,0,1,1,1,1785458008
2026-07-31T01:16:36Z,628,1,1,16,1,1,1,1,1,1785460388
2026-07-31T01:16:36Z,629,9,3,0,2,0,1,1,1,1785460483
2026-07-31T01:16:36Z,630,1,0,23,3,0,1,1,1,1785460580
2026-07-31T01:16:36Z,631,1,1,22,0,0,1,1,1,1785460499
2026-07-31T01:16:36Z,632,22,2,0,1,0,1,1,1,1785458363
2026-07-31T01:16:36Z,633,11,1,0,4,0,1,1,1,1785460505
2026-07-31T01:16:36Z,634,6,1,12,1,0,1,1,1,1785460465
2026-07-31T01:16:36Z,635,12,1,6,1,0,1,1,1,1785460321
2026-07-31T01:16:36Z,636,8,1,6,1,0,1,1,1,1785460102
2026-07-31T01:16:36Z,637,9,1,10,0,0,1,1,1,1785460582
2026-07-31T01:16:36Z,638,6,2,10,3,0,1,1,1,1785459295
2026-07-31T01:16:36Z,639,4,1,13,2,0,1,1,1,1785455668
2026-07-31T01:16:36Z,640,2,2,20,1,0,1,1,1,1785460587
2026-07-31T01:16:36Z,641,14,2,11,1,0,1,1,1,1785460496
2026-07-31T01:16:36Z,642,0,0,11,8,0,1,1,1,1785460586
2026-07-31T01:16:36Z,643,14,1,7,6,0,1,1,1,1785459894
2026-07-31T01:16:36Z,644,9,0,5,1,0,1,1,1,1785460308
2026-07-31T01:16:36Z,645,9,0,13,0,1,1,1,1,1785459389
2026-07-31T01:16:36Z,646,1,1,18,0,0,1,1,1,1785459640
2026-07-31T01:16:36Z,647,21,0,10,0,0,1,1,1,1785460513
2026-07-31T01:16:36Z,648,6,3,11,1,1,1,1,1,1785460542
2026-07-31T01:16:36Z,649,26,2,4,1,0,1,1,1,1785459847
2026-07-31T01:16:36Z,650,4,1,10,0,0,1,1,1,1785453435
2026-07-31T01:16:36Z,651,1,1,22,0,0,1,1,1,1785459098
2026-07-31T01:16:36Z,652,0,0,21,2,0,1,1,1,1785460573
2026-07-31T01:16:36Z,653,1,0,17,1,0,1,1,1,1785458071
2026-07-31T01:16:36Z,654,3,3,12,0,0,1,1,1,1785458495
2026-07-31T01:16:36Z,655,6,3,2,4,1,1,1,1,1785460483
2026-07-31T01:16:36Z,656,7,5,12,0,0,1,1,1,1785460449
2026-07-31T01:16:36Z,657,12,6,0,2,3,1,1,1,1785460277
2026-07-31T01:16:36Z,658,8,0,2,0,0,1,1,1,1785460467
2026-07-31T01:16:36Z,659,8,3,6,1,0,1,1,1,1785457539
2026-07-31T01:16:36Z,660,0,0,28,3,0,1,1,1,1785460316
2026-07-31T01:16:36Z,661,3,2,16,0,0,1,1,1,1785460025
2026-07-31T01:16:36Z,662,5,3,15,3,0,1,1,1,1785459653
2026-07-31T01:16:36Z,663,6,1,8,1,0,1,1,1,1785460501
2026-07-31T01:16:36Z,664,4,0,23,0,0,1,1,1,1785459778
2026-07-31T01:16:36Z,665,10,2,5,0,0,1,1,1,1785460201
2026-07-31T01:16:36Z,666,6,4,7,2,0,1,1,1,1785457342
2026-07-31T01:16:36Z,667,16,4,3,0,0,1,1,1,1785460583
2026-07-31T01:16:36Z,668,17,1,0,2,0,1,1,1,1785459809
2026-07-31T01:16:36Z,669,8,3,6,0,0,1,1,1,1785459513
2026-07-31T01:16:36Z,670,4,3,23,0,0,1,1,1,1785459775
2026-07-31T01:16:36Z,671,25,0,1,1,0,1,1,1,1785460503
2026-07-31T01:16:36Z,672,6,2,13,3,1,1,1,1,1785460487
2026-07-31T01:16:36Z,673,3,0,20,0,0,1,1,1,1785459652
2026-07-31T01:16:36Z,674,2,2,19,2,0,1,1,1,1785460468
2026-07-31T01:16:36Z,675,3,1,9,3,0,1,1,1,1785460411
2026-07-31T01:16:36Z,676,10,1,12,0,0,1,1,1,1785460296
2026-07-31T01:16:36Z,681,0,0,11,4,0,1,1,1,1785460576
2026-07-31T01:16:36Z,682,4,1,14,1,0,1,1,1,1785387864
2026-07-31T01:16:36Z,683,4,1,15,0,0,1,1,1,1785459218
2026-07-31T01:16:36Z,684,2,0,25,0,0,1,1,1,1785456431
2026-07-31T01:16:36Z,685,5,0,20,1,1,1,1,1,1785455460
2026-07-31T01:16:36Z,686,11,0,14,1,1,1,1,1,1785460371
2026-07-31T01:16:36Z,687,13,0,16,1,1,1,1,1,1785460573
2026-07-31T01:16:36Z,688,8,1,4,7,0,1,1,1,1785460521
2026-07-31T01:16:36Z,692,0,0,21,0,0,1,1,1,1785460379
2026-07-31T01:16:36Z,693,7,0,1,3,0,1,1,1,1785460019
2026-07-31T01:16:36Z,694,8,5,12,1,0,1,1,1,1785459697
2026-07-31T01:16:36Z,695,8,3,14,1,0,1,1,1,1785460114
2026-07-31T01:16:36Z,696,20,12,3,0,0,1,1,1,1785460540
2026-07-31T01:16:36Z,697,21,0,2,0,0,1,1,1,1785460569
2026-07-31T01:16:36Z,698,22,1,5,0,0,1,1,1,1785460558
2026-07-31T01:16:36Z,699,6,0,8,1,0,1,1,1,1785460254
2026-07-31T01:16:36Z,700,13,2,5,1,0,1,1,1,1785460379
2026-07-31T01:16:36Z,701,14,4,5,0,0,1,1,1,1785459778
2026-07-31T01:16:36Z,702,14,0,8,1,0,1,1,1,1785460374
2026-07-31T01:16:36Z,704,5,1,10,0,0,1,1,1,1785459216
2026-07-31T01:16:36Z,705,4,4,10,1,0,1,1,1,1785460496
2026-07-31T01:16:36Z,706,11,1,0,4,0,1,1,1,1785459868
2026-07-31T01:16:36Z,707,3,1,10,2,0,1,1,1,1785460459
2026-07-31T01:16:36Z,708,18,0,1,0,0,1,1,1,1785460464
2026-07-31T01:16:36Z,709,6,1,5,4,0,1,1,1,1785460402
2026-07-31T01:16:36Z,710,8,0,11,0,0,1,1,1,1785460308
2026-07-31T01:16:36Z,711,11,3,9,3,0,1,1,1,1785460449
2026-07-31T01:16:36Z,712,7,2,8,0,0,1,1,1,1785459777
2026-07-31T01:16:36Z,713,0,0,23,0,0,1,1,1,1785459023
2026-07-31T01:16:36Z,716,2,1,13,0,0,1,1,1,1785460132
2026-07-31T01:16:36Z,717,2,0,20,3,0,1,1,1,1785460168
2026-07-31T01:16:36Z,718,1,0,13,1,0,1,1,1,1785460211
2026-07-31T01:16:36Z,719,3,1,26,0,0,1,1,1,1785459902
2026-07-31T01:16:36Z,720,2,1,17,0,0,1,1,1,1785460437
2026-07-31T01:16:36Z,721,0,0,21,2,0,1,1,1,1785460056
2026-07-31T01:16:36Z,722,2,0,13,0,0,1,1,1,1785460184
2026-07-31T01:16:36Z,723,12,2,11,0,0,1,1,1,1785460138
2026-07-31T01:16:36Z,724,15,5,7,1,0,1,1,1,1785459944
2026-07-31T01:16:36Z,725,3,0,20,0,0,1,1,1,1785459874
2026-07-31T01:16:36Z,726,12,2,7,0,0,1,1,1,1785460394
2026-07-31T01:16:36Z,727,9,4,12,2,0,1,1,1,1785459299
2026-07-31T01:16:36Z,728,10,1,5,0,0,1,1,1,1785458931
2026-07-31T01:16:36Z,729,18,2,1,0,0,1,1,1,1785460550
2026-07-31T01:16:36Z,730,4,3,10,1,0,1,1,1,1785460040
2026-07-31T01:16:36Z,731,7,1,8,0,0,1,1,1,1785460428
2026-07-31T01:16:36Z,732,6,4,9,0,0,1,1,1,1785459668
2026-07-31T01:16:36Z,733,24,0,2,1,0,1,1,1,1785460389
2026-07-31T01:16:36Z,734,2,1,12,0,0,1,1,1,1785460187
2026-07-31T01:16:36Z,735,0,0,27,0,0,1,1,1,1785460270
2026-07-31T01:16:36Z,736,3,0,16,0,0,1,1,1,1785459042
2026-07-31T01:16:36Z,737,1,0,11,2,1,1,1,1,1785459964
2026-07-31T01:16:36Z,738,8,0,9,2,0,1,1,1,1785460291
2026-07-31T01:16:36Z,739,18,2,8,1,0,1,1,1,1785460364
2026-07-31T01:16:36Z,741,5,0,18,0,0,1,1,1,1785458923
2026-07-31T01:16:36Z,742,13,7,18,4,0,1,1,1,1785460432
2026-07-31T01:16:36Z,743,2,1,16,1,0,1,1,1,1785458913
2026-07-31T01:16:36Z,744,7,2,8,0,0,1,1,1,1785460582
2026-07-31T01:16:36Z,745,14,4,4,1,0,1,1,1,1785460047
2026-07-31T01:16:36Z,746,7,1,13,3,0,1,1,1,1785460457
2026-07-31T01:16:36Z,747,0,0,4,0,0,0,1,1,1783446606
2026-07-31T01:16:36Z,748,10,1,13,0,0,1,1,1,1785460032
2026-07-31T01:16:36Z,749,3,0,20,0,0,1,1,1,1785459960
2026-07-31T01:16:36Z,750,5,5,5,1,0,1,1,1,1785460427
2026-07-31T01:16:36Z,751,7,2,15,1,0,1,1,1,1785460522
2026-07-31T01:16:36Z,752,6,1,10,1,0,1,1,1,1785459922
2026-07-31T01:16:36Z,753,15,5,0,0,0,1,1,1,1785460064
2026-07-31T01:16:36Z,754,1,1,13,1,0,1,1,1,1785460524
2026-07-31T01:16:36Z,755,2,1,19,2,0,1,1,1,1785459960
2026-07-31T01:16:36Z,756,0,0,35,2,0,1,1,1,1785460564
2026-07-31T01:16:36Z,757,0,0,19,0,0,1,1,1,1785460090
2026-07-31T01:16:36Z,758,12,11,11,0,0,1,1,1,1785460259
2026-07-31T01:16:36Z,759,5,3,10,0,0,1,1,1,1785459440
2026-07-31T01:16:36Z,760,6,2,12,1,0,1,1,1,1785456620
2026-07-31T01:16:36Z,761,5,1,18,0,0,1,1,1,1785460513
2026-07-31T01:16:36Z,762,5,4,6,4,0,1,1,1,1785460332
2026-07-31T01:16:36Z,768,10,0,7,2,0,1,1,1,1785460383
2026-07-31T01:16:36Z,769,18,8,1,0,0,1,1,1,1785459461
2026-07-31T01:16:36Z,770,10,2,7,2,0,1,1,1,1785459543
2026-07-31T01:16:36Z,771,13,3,1,1,0,1,1,1,1785460318
2026-07-31T01:16:36Z,772,4,2,11,0,0,1,1,1,1785460481
2026-07-31T01:16:36Z,773,9,4,10,0,0,1,1,1,1785460496
2026-07-31T01:16:36Z,774,1,1,11,3,0,1,1,1,1785460256
2026-07-31T01:16:36Z,775,6,0,11,1,1,1,1,1,1785460498
2026-07-31T01:16:36Z,776,3,1,17,1,0,1,1,1,1785459256
2026-07-31T01:16:36Z,777,10,1,2,3,0,1,1,1,1785460222
2026-07-31T01:16:36Z,778,13,0,3,3,0,1,1,1,1785459286
2026-07-31T01:16:36Z,779,8,1,10,1,0,1,1,1,1785459702
2026-07-31T01:16:36Z,780,12,1,6,1,0,1,1,1,1785460513
2026-07-31T01:16:36Z,781,3,1,6,2,0,1,1,1,1785459925
2026-07-31T01:16:36Z,782,3,1,13,3,0,1,1,1,1785458853
2026-07-31T01:16:36Z,783,4,0,15,0,0,1,1,1,1785459926
2026-07-31T01:16:36Z,784,10,1,6,3,0,1,1,1,1785459497
2026-07-31T01:16:36Z,785,9,0,4,6,0,1,1,1,1785460079
2026-07-31T01:16:36Z,786,7,2,12,0,0,1,1,1,1785459992
2026-07-31T01:16:36Z,787,10,5,3,2,0,1,1,1,1785460098
2026-07-31T01:16:36Z,788,3,0,12,0,0,1,1,1,1785460416
2026-07-31T01:16:36Z,789,6,2,5,4,0,1,1,1,1785459539
2026-07-31T01:16:36Z,790,5,0,17,1,0,1,1,1,1785459740
2026-07-31T01:16:36Z,791,5,0,13,0,1,1,1,1,1785460433
2026-07-31T01:16:36Z,793,4,0,10,1,0,1,1,1,1785459015
2026-07-31T01:16:36Z,794,9,2,19,1,0,1,1,1,1785459502
2026-07-31T01:16:36Z,796,5,2,13,1,0,1,1,1,1785460560
2026-07-31T01:16:36Z,797,3,0,12,0,0,1,1,1,1785460246
2026-07-31T01:16:36Z,798,4,0,20,1,0,1,1,1,1785460318
2026-07-31T01:16:36Z,799,10,1,5,4,0,1,1,1,1785460528
2026-07-31T01:16:36Z,800,20,3,0,1,0,1,1,1,1785460338
2026-07-31T01:16:36Z,801,1,0,19,1,0,1,1,1,1785460569
2026-07-31T01:16:36Z,802,11,0,20,0,0,1,1,1,1785460301
2026-07-31T01:16:36Z,803,0,0,14,1,0,1,1,1,1785460383
2026-07-31T01:16:36Z,806,4,4,11,0,0,1,1,1,1785460586
2026-07-31T01:16:36Z,807,0,0,24,1,0,1,1,1,1785459496
2026-07-31T01:16:36Z,808,5,0,18,2,0,1,1,1,1785459824
2026-07-31T01:16:36Z,809,5,1,17,1,0,1,1,1,1785460510
2026-07-31T01:16:36Z,810,2,0,13,4,0,1,1,1,1785459117
2026-07-31T01:16:36Z,815,5,0,5,4,1,1,1,1,1785460557
2026-07-31T01:16:36Z,817,9,5,6,0,0,1,1,1,1785460343
2026-07-31T01:16:36Z,818,5,0,17,1,0,1,1,1,1785459217
2026-07-31T01:16:36Z,819,7,4,8,0,0,1,1,1,1785460575
2026-07-31T01:16:36Z,820,7,1,10,0,0,1,1,1,1785459844
2026-07-31T01:16:36Z,821,1,1,14,0,0,1,1,1,1785460205
2026-07-31T01:16:36Z,822,17,1,4,2,0,1,1,1,1785460585
2026-07-31T01:16:36Z,823,12,0,2,1,0,1,1,1,1785460419
2026-07-31T01:16:36Z,824,14,3,4,1,0,1,1,1,1785460422
2026-07-31T01:16:36Z,825,9,5,6,0,0,1,1,1,1785457432
2026-07-31T01:16:36Z,826,4,1,14,1,0,1,1,1,1785459636
2026-07-31T01:16:36Z,827,14,5,6,1,0,1,1,1,1785459309
2026-07-31T01:16:36Z,828,7,2,10,1,0,1,1,1,1785460581
2026-07-31T01:16:36Z,829,14,6,13,0,0,1,1,1,1785459823
2026-07-31T01:16:36Z,830,14,0,8,1,0,1,1,1,1785460574
2026-07-31T01:16:36Z,831,3,3,11,1,0,1,1,1,1785460221
2026-07-31T01:16:36Z,832,11,4,4,3,0,1,1,1,1785460242
2026-07-31T01:16:36Z,833,1,1,17,1,0,1,1,1,1785460006
2026-07-31T01:16:36Z,834,4,2,18,2,0,1,1,1,1785460583
2026-07-31T01:16:36Z,835,7,2,10,1,0,1,1,1,1785459727
2026-07-31T01:16:36Z,837,5,1,0,10,0,1,1,1,1785460226
2026-07-31T01:16:36Z,838,10,0,4,1,0,1,1,1,1785460565
2026-07-31T01:16:36Z,839,24,0,5,0,0,1,1,1,1785460579
2026-07-31T01:16:36Z,840,4,0,23,2,0,1,1,1,1785459685
2026-07-31T01:16:36Z,841,5,0,10,0,0,1,1,1,1785460219
2026-07-31T01:16:36Z,842,6,1,17,0,0,1,1,1,1785459923
2026-07-31T01:16:36Z,843,9,0,21,1,0,1,1,1,1785460062
2026-07-31T01:16:36Z,844,6,1,17,0,0,1,1,1,1785459974
2026-07-31T01:16:36Z,845,5,3,12,2,0,1,1,1,1785460332
2026-07-31T01:16:36Z,846,4,0,13,2,0,1,1,1,1785460104
2026-07-31T01:16:36Z,847,4,1,23,0,0,1,1,1,1785459169
2026-07-31T01:16:36Z,848,7,0,11,1,0,1,1,1,1785459789
2026-07-31T01:16:36Z,849,9,2,6,0,0,1,1,1,1785460550
2026-07-31T01:16:36Z,850,9,0,1,1,0,1,1,1,1785459543
2026-07-31T01:16:36Z,851,0,0,35,2,0,1,1,1,1785459264
2026-07-31T01:16:36Z,852,10,4,8,1,0,1,1,1,1785460073
2026-07-31T01:16:36Z,853,9,4,14,0,0,1,1,1,1785459062
2026-07-31T01:16:36Z,854,2,2,13,0,0,1,1,1,1785459209
2026-07-31T01:16:36Z,855,15,2,12,0,0,1,1,1,1785459254
2026-07-31T01:16:36Z,857,3,2,15,1,0,1,1,1,1785460408
2026-07-31T01:16:36Z,858,4,1,14,1,0,1,1,1,1785458865
2026-07-31T01:16:36Z,859,3,0,17,1,0,1,1,1,1785459115
2026-07-31T01:16:36Z,861,8,1,2,1,0,1,1,1,1785455675
2026-07-31T01:16:36Z,862,1,1,14,0,0,1,1,1,1785460242
2026-07-31T01:16:36Z,863,10,0,8,1,0,1,1,1,1785459778
2026-07-31T01:16:36Z,866,6,0,12,1,0,1,1,1,1785460485
2026-07-31T01:16:36Z,867,12,0,3,0,0,1,1,1,1785459864
2026-07-31T01:16:36Z,868,13,2,2,0,0,1,1,1,1785460037
2026-07-31T01:16:36Z,870,7,5,7,1,0,1,1,1,1785460251
2026-07-31T01:16:36Z,871,0,0,10,1,0,1,1,1,1785459669
2026-07-31T01:16:36Z,872,0,0,14,1,0,1,1,1,1785460181
2026-07-31T01:16:36Z,873,1,0,31,1,0,1,1,1,1785460491
2026-07-31T01:16:36Z,874,2,0,10,3,0,1,1,1,1785460414
2026-07-31T01:16:36Z,875,14,10,0,1,0,1,1,1,1785460268
2026-07-31T01:16:36Z,877,12,11,6,1,0,1,1,1,1785459724
2026-07-31T01:16:36Z,878,4,4,14,1,0,1,1,1,1785460308
2026-07-31T01:16:36Z,879,2,0,17,0,0,1,1,1,1785459369
2026-07-31T01:16:36Z,880,4,1,18,1,0,1,1,1,1785460270
2026-07-31T01:16:36Z,881,3,0,16,0,0,1,1,1,1785460167
2026-07-31T01:16:36Z,882,11,0,6,2,0,1,1,1,1785457778
2026-07-31T01:16:36Z,883,10,6,9,0,0,1,1,1,1785460477
2026-07-31T01:16:36Z,884,11,7,10,0,0,1,1,1,1785459700
2026-07-31T01:16:36Z,885,0,0,19,0,0,1,1,1,1785460035
2026-07-31T01:16:36Z,886,0,0,28,1,0,1,1,1,1785458924
2026-07-31T01:16:36Z,887,0,0,14,3,0,1,1,1,1785458985
2026-07-31T01:16:36Z,888,17,1,22,2,0,1,1,1,1785460510
2026-07-31T01:16:36Z,889,5,0,12,2,0,1,1,1,1785460367
2026-07-31T01:16:36Z,890,4,1,10,1,0,1,1,1,1785455867
2026-07-31T01:16:36Z,891,12,0,10,1,0,1,1,1,1785459486
2026-07-31T01:16:36Z,892,12,1,3,0,0,1,1,1,1785456450
2026-07-31T01:16:36Z,895,1,0,17,1,0,1,1,1,1785449127
2026-07-31T01:16:36Z,896,21,2,14,0,0,1,1,1,1785460107
2026-07-31T01:16:36Z,897,8,0,13,0,0,1,1,1,1785460199
2026-07-31T01:16:36Z,898,1,0,18,0,0,1,1,1,1785459962
2026-07-31T01:16:36Z,899,19,2,0,0,0,1,1,1,1785459261
2026-07-31T01:16:36Z,900,23,3,4,0,0,1,1,1,1785460280
2026-07-31T01:16:36Z,901,17,1,1,1,0,1,1,1,1785459482
2026-07-31T01:16:36Z,902,7,1,7,1,0,1,1,1,1785460160
2026-07-31T01:16:36Z,903,6,0,13,0,0,1,1,1,1785459261
2026-07-31T01:16:36Z,904,11,5,8,0,0,1,1,1,1785460339
2026-07-31T01:16:36Z,905,3,2,24,0,0,1,1,1,1785460500
2026-07-31T01:16:36Z,906,2,2,25,0,0,1,1,1,1785460578
2026-07-31T01:16:36Z,907,30,3,1,0,0,1,1,1,1785460449
2026-07-31T01:16:36Z,908,8,2,15,0,0,1,1,1,1785460303
2026-07-31T01:16:36Z,909,4,4,19,0,0,1,1,1,1785460067
2026-07-31T01:16:36Z,910,14,0,17,0,0,1,1,1,1785460580
2026-07-31T01:16:36Z,911,6,0,13,0,0,1,1,1,1785460502
2026-07-31T01:16:36Z,912,7,2,13,3,0,1,1,1,1785460562
2026-07-31T01:16:36Z,913,5,2,14,0,0,1,1,1,1785459042
2026-07-31T01:16:36Z,914,8,0,11,0,0,1,1,1,1785460539
2026-07-31T01:16:36Z,915,13,1,9,1,0,1,1,1,1785460487
2026-07-31T01:16:36Z,916,3,0,20,0,0,1,1,1,1785460439
2026-07-31T01:16:36Z,917,33,4,0,2,0,1,1,1,1785460462
2026-07-31T01:16:36Z,918,6,1,11,2,0,1,1,1,1785460365
2026-07-31T01:16:36Z,919,1,0,36,2,0,1,1,1,1785460523
2026-07-31T01:16:36Z,920,3,1,16,0,0,1,1,1,1785459975
2026-07-31T01:16:36Z,921,15,0,6,0,0,1,1,1,1785460140
2026-07-31T01:16:36Z,922,0,0,20,1,0,1,1,1,1785460002
2026-07-31T01:16:36Z,923,10,10,8,1,0,1,1,1,1785460514
2026-07-31T01:16:36Z,924,8,0,13,0,0,1,1,1,1785459208
2026-07-31T01:16:36Z,925,13,0,8,0,0,1,1,1,1785460459
2026-07-31T01:16:36Z,926,1,1,20,0,0,1,1,1,1785458819
2026-07-31T01:16:36Z,927,23,1,12,0,0,1,1,1,1785460489
2026-07-31T01:16:36Z,928,12,0,7,0,0,1,1,1,1785459894
2026-07-31T01:16:36Z,929,0,0,23,0,0,1,1,1,1785460518
2026-07-31T01:16:36Z,930,19,1,10,2,0,1,1,1,1785460413
2026-07-31T01:16:36Z,931,0,0,23,0,0,1,1,1,1785460529
2026-07-31T01:16:36Z,932,14,0,0,5,0,1,1,1,1785460555
2026-07-31T01:16:36Z,933,21,2,0,2,0,1,1,1,1785460588
2026-07-31T01:16:36Z,934,1,1,29,1,0,1,1,1,1785460154
2026-07-31T01:16:36Z,935,5,0,12,2,0,1,1,1,1785459802
2026-07-31T01:16:36Z,936,4,1,15,0,0,1,1,1,1785456801
2026-07-31T01:16:36Z,940,11,2,0,0,0,1,1,1,1785460411
2026-07-31T01:16:36Z,941,8,2,15,2,0,1,1,1,1785460365
2026-07-31T01:16:36Z,942,14,2,7,0,0,1,1,1,1785460509
2026-07-31T01:16:36Z,943,9,8,6,0,0,1,1,1,1785460310
2026-07-31T01:16:36Z,944,9,8,6,0,0,1,1,1,1785460104
2026-07-31T01:16:36Z,945,10,8,5,0,0,1,1,1,1785459611
2026-07-31T01:16:36Z,946,7,5,12,0,0,1,1,1,1785424152
2026-07-31T01:16:36Z,947,7,5,10,0,0,1,1,1,1785460112
2026-07-31T01:16:36Z,948,0,0,27,4,0,1,1,1,1785460529
2026-07-31T01:16:36Z,949,9,5,6,0,0,1,1,1,1785460583
2026-07-31T01:16:36Z,950,2,2,14,1,0,1,1,1,1785460288
2026-07-31T01:16:36Z,951,9,1,14,0,0,1,1,1,1785460446
2026-07-31T01:16:36Z,952,23,0,30,2,0,1,1,1,1785460408
2026-07-31T01:16:36Z,953,13,1,2,0,0,1,1,1,1785460570
2026-07-31T01:16:36Z,954,14,0,5,0,0,1,1,1,1785460575
2026-07-31T01:16:36Z,955,0,0,22,5,0,1,1,1,1785460509
2026-07-31T01:16:36Z,956,13,0,9,1,0,1,1,1,1785460129
2026-07-31T01:16:36Z,957,16,1,12,1,0,1,1,1,1785460260
2026-07-31T01:16:36Z,958,22,0,8,1,0,1,1,1,1785460466
2026-07-31T01:16:36Z,959,13,4,9,1,0,1,1,1,1785460262
2026-07-31T01:16:36Z,960,17,11,6,0,0,1,1,1,1785460458
2026-07-31T01:16:36Z,961,0,0,20,3,0,1,1,1,1785460457
2026-07-31T01:16:36Z,962,4,0,28,3,0,1,1,1,1785459431
2026-07-31T01:16:36Z,963,8,0,14,1,0,1,1,1,1785460155
2026-07-31T01:16:36Z,964,3,3,19,1,0,1,1,1,1785460086
2026-07-31T01:16:36Z,965,3,0,23,1,0,1,1,1,1785460434
2026-07-31T01:16:36Z,966,10,0,21,0,0,1,1,1,1785460195
2026-07-31T01:16:36Z,967,4,0,15,2,0,1,1,1,1785460560
2026-07-31T01:16:36Z,968,5,2,14,0,0,1,1,1,1785460131
2026-07-31T01:16:36Z,969,3,3,22,2,0,1,1,1,1785460587
2026-07-31T01:16:36Z,970,4,3,14,1,0,1,1,1,1785460414
2026-07-31T01:16:36Z,971,22,0,0,1,0,1,1,1,1785460397
2026-07-31T01:16:36Z,972,6,0,16,1,0,1,1,1,1785460023
2026-07-31T01:16:36Z,973,6,4,16,1,0,1,1,1,1785459513
2026-07-31T01:16:36Z,974,13,0,14,0,0,1,1,1,1785460530
2026-07-31T01:16:36Z,977,3,3,14,4,0,1,1,1,1785460320
2026-07-31T01:16:36Z,978,13,4,10,0,0,1,1,1,1785460122
2026-07-31T01:16:36Z,979,2,1,15,0,0,1,1,1,1785460532
2026-07-31T01:16:36Z,980,1,0,19,1,0,1,1,1,1785460397
2026-07-31T01:16:36Z,981,3,0,17,1,0,1,1,1,1785459800
2026-07-31T01:16:36Z,982,3,1,14,2,0,1,1,1,1785460125
2026-07-31T01:16:36Z,983,1,1,21,1,0,1,1,1,1785460513
2026-07-31T01:16:36Z,984,6,0,17,0,0,1,1,1,1785460146
2026-07-31T01:16:36Z,985,26,0,5,0,0,1,1,1,1785460279
2026-07-31T01:16:36Z,986,2,0,17,0,0,1,1,1,1785460121
2026-07-31T01:16:36Z,987,5,0,17,1,0,1,1,1,1785458814
2026-07-31T01:16:36Z,988,6,2,12,1,0,1,1,1,1785460261
2026-07-31T01:16:36Z,989,8,4,11,0,0,1,1,1,1785459261
2026-07-31T01:16:36Z,990,13,1,0,2,0,1,1,1,1785460351
2026-07-31T01:16:36Z,991,8,1,10,1,0,1,1,1,1785459958
2026-07-31T01:16:36Z,992,8,6,14,1,0,1,1,1,1785459005
2026-07-31T01:16:36Z,993,0,0,27,0,0,1,1,1,1785460006
2026-07-31T01:16:36Z,994,3,1,18,0,0,1,1,1,1785460415
2026-07-31T01:16:36Z,995,7,0,20,0,0,1,1,1,1785460240
2026-07-31T01:16:36Z,996,9,1,14,0,0,1,1,1,1785460060
2026-07-31T01:16:36Z,997,10,4,11,2,0,1,1,1,1785460459
2026-07-31T01:16:36Z,998,4,2,18,1,0,1,1,1,1785460383
2026-07-31T01:16:36Z,999,4,2,15,1,1,1,1,1,1785460177
2026-07-31T01:16:36Z,1000,4,2,17,0,0,1,1,1,1785460387
2026-07-31T01:16:36Z,1001,1,0,26,0,0,1,1,1,1785460382
2026-07-31T01:16:36Z,1002,0,0,27,4,0,1,1,1,1785460351
2026-07-31T01:16:36Z,1003,0,0,22,1,0,1,1,1,1785460037
2026-07-31T01:16:36Z,1004,5,1,18,0,0,1,1,1,1785460510
2026-07-31T01:16:36Z,1005,20,1,3,0,0,1,1,1,1785460222
2026-07-31T01:16:36Z,1006,7,4,11,1,0,1,1,1,1785460077
2026-07-31T01:16:36Z,1007,5,2,16,0,0,1,1,1,1785459705
2026-07-31T01:16:36Z,1008,6,5,15,2,0,1,1,1,1785459178
2026-07-31T01:16:36Z,1009,21,4,8,2,0,1,1,1,1785459060
2026-07-31T01:16:36Z,1010,7,2,20,0,0,1,1,1,1785459867
2026-07-31T01:16:36Z,1011,7,1,10,2,0,1,1,1,1785460456
2026-07-31T01:16:36Z,1012,4,3,18,1,0,1,1,1,1785459988
2026-07-31T01:16:36Z,1013,4,1,18,1,0,1,1,1,1785460569
2026-07-31T01:16:36Z,1014,8,3,13,2,0,1,1,1,1785460499
2026-07-31T01:16:36Z,1015,4,3,25,2,0,1,1,1,1785459346
2026-07-31T01:16:36Z,1016,10,5,21,0,0,1,1,1,1785459789
2026-07-31T01:16:36Z,1017,14,5,7,0,0,1,1,1,1785459401
2026-07-31T01:16:36Z,1018,8,2,14,0,0,1,1,1,1785460078
2026-07-31T01:16:36Z,1019,7,5,8,0,0,1,1,1,1785460051
2026-07-31T01:16:36Z,1020,18,3,3,0,0,1,1,1,1785459278
2026-07-31T01:16:36Z,1021,8,3,6,1,0,1,1,1,1785459043
2026-07-31T01:16:36Z,1022,14,0,13,0,0,1,1,1,1785460141
2026-07-31T01:16:36Z,1023,12,1,10,1,0,1,1,1,1785459805
2026-07-31T01:16:36Z,1024,6,3,13,0,0,1,1,1,1785459017
2026-07-31T01:16:36Z,1025,4,0,14,0,1,1,1,1,1785460101
2026-07-31T01:16:36Z,1026,8,4,18,5,0,1,1,1,1785459220
2026-07-31T01:16:36Z,1028,2,0,20,1,0,1,1,1,1785460170
2026-07-31T01:16:36Z,1029,10,9,5,0,0,1,1,1,1785459328
2026-07-31T01:16:36Z,1030,13,5,10,0,0,1,1,1,1785459022
2026-07-31T01:16:36Z,1031,10,0,9,0,0,1,1,1,1785459432
2026-07-31T01:16:36Z,1032,7,1,12,0,0,1,1,1,1785460089
2026-07-31T01:16:36Z,1033,8,5,10,1,0,1,1,1,1785459079
2026-07-31T01:16:36Z,1034,1,0,14,0,0,1,1,1,1785460136
2026-07-31T01:16:36Z,1035,2,0,16,1,0,1,1,1,1785460112
2026-07-31T01:16:36Z,1036,15,1,0,0,0,1,1,1,1785458892
2026-07-31T01:16:36Z,1037,5,2,14,0,0,1,1,1,1785460303
2026-07-31T01:16:36Z,1038,3,1,11,1,0,1,1,1,1785459834
2026-07-31T01:16:36Z,1039,4,2,15,0,0,1,1,1,1785460244
2026-07-31T01:16:36Z,1040,9,4,9,1,0,1,1,1,1785460120
2026-07-31T01:16:36Z,1041,10,3,9,0,0,1,1,1,1785460560
2026-07-31T01:16:36Z,1042,11,0,2,2,0,1,1,1,1785460340
2026-07-31T01:16:36Z,1043,9,0,7,3,0,1,1,1,1785460295
2026-07-31T01:16:36Z,1044,2,1,13,0,0,1,1,1,1785459886
2026-07-31T01:16:36Z,1045,10,0,9,0,0,1,1,1,1785460079
2026-07-31T01:16:36Z,1046,8,0,7,0,0,1,1,1,1785459515
2026-07-31T01:16:36Z,1047,4,0,17,0,0,1,1,1,1785459716
2026-07-31T01:16:36Z,1048,6,1,13,0,0,1,1,1,1785460054
2026-07-31T01:16:36Z,1049,3,0,18,0,0,1,1,1,1785460082
2026-07-31T01:16:36Z,1050,18,5,3,0,0,1,1,1,1785459661
2026-07-31T01:16:36Z,1051,7,3,14,0,0,1,1,1,1785459276
2026-07-31T01:16:36Z,1052,17,2,5,0,0,1,1,1,1785459895
2026-07-31T01:16:36Z,1053,2,1,13,0,0,1,1,1,1785460503
2026-07-31T01:16:36Z,1054,14,1,1,0,0,1,1,1,1785460254
2026-07-31T01:16:36Z,1055,6,1,13,0,0,1,1,1,1785460216
2026-07-31T01:16:36Z,1057,5,0,14,0,0,1,1,1,1785459935
2026-07-31T01:16:36Z,1058,56,3,0,0,0,1,1,1,1785460480
2026-07-31T01:16:36Z,1059,1,0,16,2,0,1,1,1,1785460144
2026-07-31T01:16:36Z,1060,6,1,31,0,0,1,1,1,1785459538
2026-07-31T01:16:36Z,1061,27,2,10,0,0,1,1,1,1785460509
2026-07-31T01:16:36Z,1062,16,3,1,0,0,1,1,1,1785458830
2026-07-31T01:16:36Z,1063,12,1,6,1,0,1,1,1,1785460135
2026-07-31T01:16:36Z,1064,6,2,16,1,0,1,1,1,1785460413
2026-07-31T01:16:36Z,1065,15,3,8,0,0,1,1,1,1785458855
2026-07-31T01:16:36Z,1066,11,2,12,0,0,1,1,1,1785460502
2026-07-31T01:16:36Z,1067,7,1,15,1,0,1,1,1,1785458949
2026-07-31T01:16:36Z,1068,8,2,13,2,0,1,1,1,1785460225
2026-07-31T01:16:36Z,1069,12,3,11,0,0,1,1,1,1785460307
2026-07-31T01:16:36Z,1070,11,2,12,0,0,1,1,1,1785460400
2026-07-31T01:16:36Z,1071,7,4,16,0,0,1,1,1,1785460440
2026-07-31T01:16:36Z,1072,11,1,11,1,0,1,1,1,1785458933
2026-07-31T01:16:36Z,1073,9,3,16,2,0,1,1,1,1785459954
2026-07-31T01:16:36Z,1074,53,0,0,0,0,1,1,1,1785460322
2026-07-31T01:16:36Z,1075,9,8,12,0,0,1,1,1,1785459810
2026-07-31T01:16:36Z,1076,13,11,8,0,0,1,1,1,1785459241
2026-07-31T01:16:36Z,1077,8,5,13,0,0,1,1,1,1785460017
2026-07-31T01:16:36Z,1078,13,10,8,0,0,1,1,1,1785459286
2026-07-31T01:16:36Z,1079,12,9,9,0,0,1,1,1,1785459925
2026-07-31T01:16:36Z,1080,9,7,11,1,0,1,1,1,1785460520
2026-07-31T01:16:36Z,1081,14,9,5,0,0,1,1,1,1785459139
2026-07-31T01:16:36Z,1082,4,4,4,0,0,1,1,1,1785460522
2026-07-31T01:16:36Z,1083,12,10,9,0,0,1,1,1,1785460176
2026-07-31T01:16:36Z,1084,8,7,13,0,0,1,1,1,1785459809
2026-07-31T01:16:36Z,1085,10,10,11,0,0,1,1,1,1785459396
2026-07-31T01:16:36Z,1086,8,7,12,1,0,1,1,1,1785460122
2026-07-31T01:16:36Z,1087,8,7,7,0,0,1,1,1,1785459391
2026-07-31T01:16:36Z,1088,10,7,5,0,0,1,1,1,1785460142
2026-07-31T01:16:36Z,1089,6,4,9,0,0,1,1,1,1785460517
2026-07-31T01:16:36Z,1090,8,7,7,0,0,1,1,1,1785459225
2026-07-31T01:16:36Z,1091,12,7,3,0,0,1,1,1,1785459856
2026-07-31T01:16:36Z,1092,9,9,5,1,0,1,1,1,1785460494
2026-07-31T01:16:36Z,1093,7,6,8,0,0,1,1,1,1785459049
2026-07-31T01:16:36Z,1094,10,8,8,1,0,1,1,1,1785460094
2026-07-31T01:16:36Z,1095,9,8,6,0,0,1,1,1,1785459013
2026-07-31T01:16:36Z,1096,6,3,12,1,0,1,1,1,1785460454
2026-07-31T01:16:36Z,1097,10,10,5,0,0,1,1,1,1785459310
2026-07-31T01:16:36Z,1098,9,7,10,0,0,1,1,1,1785459178
2026-07-31T01:16:36Z,1099,7,6,8,0,0,1,1,1,1785459926
2026-07-31T01:16:36Z,1100,6,2,23,0,0,1,1,1,1785460314
2026-07-31T01:16:36Z,1101,10,5,11,0,0,1,1,1,1785459795
2026-07-31T01:16:36Z,1102,9,4,4,0,0,1,1,1,1785459144
2026-07-31T01:16:36Z,1103,10,5,11,0,0,1,1,1,1785458054
2026-07-31T01:16:36Z,1104,10,5,11,0,0,1,1,1,1785459545
2026-07-31T01:16:36Z,1105,7,3,6,0,0,1,1,1,1785459038
2026-07-31T01:16:36Z,1106,13,7,8,0,0,1,1,1,1785459880
2026-07-31T01:16:36Z,1107,9,5,6,0,0,1,1,1,1785460227
2026-07-31T01:16:36Z,1108,8,3,16,3,0,1,1,1,1785458803
2026-07-31T01:16:36Z,1109,5,3,10,0,0,1,1,1,1785460191
2026-07-31T01:16:36Z,1110,8,0,13,0,0,1,1,1,1785459425
2026-07-31T01:16:36Z,1111,2,0,19,0,0,1,1,1,1785459396
2026-07-31T01:16:36Z,1112,42,0,11,0,0,1,1,1,1785460412
2026-07-31T01:16:36Z,1113,0,0,21,0,0,1,1,1,1785459415
2026-07-31T01:16:36Z,1115,20,7,2,1,0,1,1,1,1785460566
2026-07-31T01:16:36Z,1116,4,1,15,0,0,1,1,1,1785460107
2026-07-31T01:16:36Z,1117,0,0,23,0,0,1,1,1,1785460454
2026-07-31T01:16:36Z,1118,16,2,4,1,0,1,1,1,1785459869
2026-07-31T01:16:36Z,1119,10,1,6,1,0,1,1,1,1785460582
2026-07-31T01:16:36Z,1120,13,2,5,1,0,1,1,1,1785460154
2026-07-31T01:16:36Z,1121,8,4,11,2,0,1,1,1,1785460404
2026-07-31T01:16:36Z,1122,14,10,5,2,0,1,1,1,1785460542
2026-07-31T01:16:36Z,1123,1,0,20,2,0,1,1,1,1785460423
2026-07-31T01:16:36Z,1124,9,0,1,5,0,1,1,1,1785460448
2026-07-31T01:16:36Z,1125,15,1,8,0,0,1,1,1,1785460491
2026-07-31T01:16:36Z,1126,5,2,14,2,0,1,1,1,1785460107
2026-07-31T01:16:36Z,1127,12,2,6,1,0,1,1,1,1785460429
2026-07-31T01:16:36Z,1128,10,0,4,1,0,1,1,1,1785460135
2026-07-31T01:16:36Z,1129,4,0,17,0,0,1,1,1,1785459845
2026-07-31T01:16:36Z,1130,3,0,12,0,0,1,1,1,1785460409
2026-07-31T01:16:36Z,1131,2,0,46,1,0,1,1,1,1785460417
2026-07-31T01:16:36Z,1132,12,4,8,1,0,1,1,1,1785459971
2026-07-31T01:16:36Z,1133,9,5,11,1,0,1,1,1,1785460411
2026-07-31T01:16:36Z,1134,10,6,9,0,0,1,1,1,1785460149
2026-07-31T01:16:36Z,1135,10,5,11,0,0,1,1,1,1785459689
2026-07-31T01:16:36Z,1136,13,0,10,0,0,1,1,1,1785460255
2026-07-31T01:16:36Z,1137,8,0,7,0,0,1,1,1,1785460056
2026-07-31T01:16:36Z,1138,10,2,9,0,0,1,1,1,1785460071
2026-07-31T01:16:36Z,1139,9,2,10,2,0,1,1,1,1785460570
2026-07-31T01:16:36Z,1140,21,4,1,1,0,1,1,1,1785460390
2026-07-31T01:16:36Z,1141,0,0,20,1,0,1,1,1,1785460089
2026-07-31T01:16:36Z,1142,20,1,1,0,0,1,1,1,1785459810
2026-07-31T01:16:36Z,1143,20,2,9,0,0,1,1,1,1785460562
2026-07-31T01:16:36Z,1144,9,4,10,2,0,1,1,1,1785460371
2026-07-31T01:16:36Z,1145,12,6,8,1,0,1,1,1,1785460464
2026-07-31T01:16:36Z,1146,10,3,9,0,0,1,1,1,1785460414
2026-07-31T01:16:36Z,1147,2,0,17,0,0,1,1,1,1785460406
2026-07-31T01:16:36Z,1148,5,3,26,0,0,1,1,1,1785460587
2026-07-31T01:16:36Z,1149,4,4,19,2,0,1,1,1,1785460518
2026-07-31T01:16:36Z,1150,8,0,11,0,0,1,1,1,1785459995
2026-07-31T01:16:36Z,1151,2,1,19,0,0,1,1,1,1785458926
2026-07-31T01:16:36Z,1152,5,0,24,0,0,1,1,1,1785460295
2026-07-31T01:16:36Z,1153,11,0,11,1,0,1,1,1,1785460434
2026-07-31T01:16:36Z,1154,13,1,6,0,0,1,1,1,1785460355
2026-07-31T01:16:36Z,1155,9,5,11,1,0,1,1,1,1785460373
2026-07-31T01:16:36Z,1158,3,0,16,0,0,1,1,1,1785460000
2026-07-31T01:16:36Z,1159,11,0,8,0,0,1,1,1,1785460354
2026-07-31T01:16:36Z,1160,7,1,11,1,0,1,1,1,1785460006
2026-07-31T01:16:36Z,1161,4,1,14,1,0,1,1,1,1785460484
2026-07-31T01:16:36Z,1162,0,0,19,0,0,1,1,1,1785458923
2026-07-31T01:16:36Z,1163,1,1,17,1,0,1,1,1,1785460118
2026-07-31T01:16:36Z,1164,4,1,15,0,0,1,1,1,1785460177
2026-07-31T01:16:36Z,1165,8,1,13,0,0,1,1,1,1785459080
2026-07-31T01:16:36Z,1166,7,3,14,0,0,1,1,1,1785460405
2026-07-31T01:16:36Z,1167,4,0,11,0,0,1,1,1,1785459914
2026-07-31T01:16:36Z,1168,1,0,22,0,0,1,1,1,1785460338
2026-07-31T01:16:36Z,1169,3,0,15,1,0,1,1,1,1785460023
2026-07-31T01:16:36Z,1170,7,0,13,1,0,1,1,1,1785460561
2026-07-31T01:16:36Z,1171,8,7,14,1,0,1,1,1,1785460020
2026-07-31T01:16:36Z,1172,7,2,6,2,0,1,1,1,1785460313
2026-07-31T01:16:36Z,1173,10,3,9,0,0,1,1,1,1785460265
2026-07-31T01:16:36Z,1174,6,2,9,0,0,1,1,1,1785459979
2026-07-31T01:16:36Z,1175,7,3,12,0,0,1,1,1,1785456851
2026-07-31T01:16:36Z,1176,19,1,2,0,0,1,1,1,1785459458
2026-07-31T01:16:36Z,1177,2,1,19,0,0,1,1,1,1785460218
2026-07-31T01:16:36Z,1178,1,0,14,0,0,1,1,1,1785459981
2026-07-31T01:16:36Z,1181,11,2,4,0,0,1,1,1,1785460267
2026-07-31T01:16:36Z,1182,11,4,9,0,0,1,1,1,1785460502
2026-07-31T01:16:36Z,1183,0,0,43,2,0,1,1,1,1785460217
2026-07-31T01:16:36Z,1184,2,1,18,1,0,1,1,1,1785460580
2026-07-31T01:16:36Z,1185,10,5,11,0,0,1,1,1,1785459485
2026-07-31T01:16:36Z,1186,9,5,10,0,0,1,1,1,1785460534
2026-07-31T01:16:36Z,1187,11,6,9,1,0,1,1,1,1785459158
2026-07-31T01:16:36Z,1188,9,3,6,0,0,1,1,1,1785460241
2026-07-31T01:16:36Z,1189,10,5,9,0,0,1,1,1,1785460288
2026-07-31T01:16:36Z,1190,10,5,11,0,0,1,1,1,1785459666
2026-07-31T01:16:36Z,1191,10,5,5,0,0,1,1,1,1785460246
2026-07-31T01:16:36Z,1192,11,7,10,0,0,1,1,1,1785460034
2026-07-31T01:16:36Z,1193,6,4,5,2,0,1,1,1,1785459339
2026-07-31T01:16:36Z,1197,9,6,7,1,0,1,1,1,1785459397
2026-07-31T01:16:36Z,1198,14,4,5,2,0,1,1,1,1785460561
2026-07-31T01:16:36Z,1199,2,0,17,0,0,1,1,1,1785460588
2026-07-31T01:16:36Z,1200,11,5,4,0,0,1,1,1,1785460283
2026-07-31T01:16:36Z,1201,9,4,6,0,0,1,1,1,1785460260
2026-07-31T01:16:36Z,1202,10,5,5,0,0,1,1,1,1785460354
2026-07-31T01:16:36Z,1203,9,5,6,0,0,1,1,1,1785460249
2026-07-31T01:16:36Z,1204,7,3,11,1,0,1,1,1,1785459968
2026-07-31T01:16:36Z,1206,11,5,10,0,0,1,1,1,1785459171
2026-07-31T01:16:36Z,1207,10,5,5,0,0,1,1,1,1785460569
2026-07-31T01:16:36Z,1208,7,2,11,1,0,1,1,1,1785460450
2026-07-31T01:16:36Z,1216,7,0,13,1,0,1,1,1,1785459407
2026-07-31T01:16:36Z,1218,5,0,16,0,0,1,1,1,1785459802
2026-07-31T01:16:36Z,1219,7,2,7,1,0,1,1,1,1785459711
2026-07-31T01:16:36Z,1220,14,7,4,1,0,1,1,1,1785459662
2026-07-31T01:16:36Z,1221,2,2,19,0,0,1,1,1,1785459111
2026-07-31T01:16:36Z,1222,21,0,8,0,0,1,1,1,1785459976
2026-07-31T01:16:36Z,1223,21,2,6,2,0,1,1,1,1785460372
2026-07-31T01:16:36Z,1226,0,0,3,0,0,0,1,1,1781868931
2026-07-31T01:16:36Z,1227,15,2,10,0,0,1,1,1,1785459991
2026-07-31T01:16:36Z,1228,20,1,7,2,0,1,1,1,1785460320
2026-07-31T01:16:36Z,1229,45,1,0,0,0,1,1,1,1785460266
2026-07-31T01:21:35Z,1,2,2,21,0,0,1,1,1,1785460638
2026-07-31T01:21:35Z,2,3,1,22,2,0,1,1,1,1785460658
2026-07-31T01:21:35Z,3,6,3,7,1,0,1,1,1,1785460800
2026-07-31T01:21:35Z,4,21,1,0,1,0,1,1,1,1785460451
2026-07-31T01:21:35Z,5,6,1,17,0,0,1,1,1,1785460644
2026-07-31T01:21:35Z,6,14,0,1,0,0,1,1,1,1785459039
2026-07-31T01:21:35Z,7,7,0,32,0,0,1,1,1,1785460805
2026-07-31T01:21:35Z,8,4,0,39,0,0,1,1,1,1785460876
2026-07-31T01:21:35Z,9,5,2,15,3,0,1,1,1,1785460671
2026-07-31T01:21:35Z,10,1,0,20,2,0,1,1,1,1785460626
2026-07-31T01:21:35Z,11,2,0,16,1,0,1,1,1,1785460307
2026-07-31T01:21:35Z,12,5,0,18,0,0,1,1,1,1785460791
2026-07-31T01:21:35Z,13,21,2,9,0,0,1,1,1,1785460599
2026-07-31T01:21:35Z,14,38,0,4,0,1,1,1,1,1785460623
2026-07-31T01:21:35Z,15,1,0,14,0,0,1,1,1,1785460882
2026-07-31T01:21:35Z,16,11,1,13,2,1,1,1,1,1785460145
2026-07-31T01:21:35Z,17,25,1,1,1,0,1,1,1,1785460887
2026-07-31T01:21:35Z,18,15,0,0,3,0,1,1,1,1785460888
2026-07-31T01:21:35Z,19,19,2,7,1,0,1,1,1,1785460468
2026-07-31T01:21:35Z,20,28,4,7,0,0,1,1,1,1785460127
2026-07-31T01:21:35Z,21,19,1,0,0,0,1,1,1,1785460264
2026-07-31T01:21:35Z,22,49,0,15,1,0,1,1,1,1785460581
2026-07-31T01:21:35Z,23,18,3,13,0,0,1,1,1,1785459243
2026-07-31T01:21:35Z,24,9,2,0,2,0,1,1,1,1785460885
2026-07-31T01:21:35Z,25,73,0,3,5,0,1,1,1,1785460874
2026-07-31T01:21:35Z,26,4,0,23,0,0,1,1,1,1785460697
2026-07-31T01:21:35Z,28,2,0,13,0,0,1,1,1,1785460332
2026-07-31T01:21:35Z,30,11,0,17,1,0,1,1,1,1785460887
2026-07-31T01:21:35Z,31,4,0,13,2,0,1,1,1,1785460718
2026-07-31T01:21:35Z,32,17,4,10,0,0,1,1,1,1785460671
2026-07-31T01:21:35Z,34,24,2,13,0,0,1,1,1,1785460371
2026-07-31T01:21:35Z,35,47,5,0,0,0,1,1,1,1785460670
2026-07-31T01:21:35Z,36,0,0,0,0,0,0,1,1,86400
2026-07-31T01:21:35Z,37,15,2,8,0,0,1,1,1,1785460867
2026-07-31T01:21:35Z,38,10,0,12,1,0,1,1,1,1785460520
2026-07-31T01:21:35Z,39,13,1,25,1,0,1,1,1,1785460889
2026-07-31T01:21:35Z,40,9,0,10,2,0,1,1,1,1785460660
2026-07-31T01:21:35Z,41,2,0,40,1,0,1,1,1,1785460852
2026-07-31T01:21:35Z,42,30,8,1,0,0,1,1,1,1785460825
2026-07-31T01:21:35Z,43,3,0,20,0,0,1,1,1,1785460872
2026-07-31T01:21:35Z,45,1,0,27,1,0,1,1,1,1785460737
2026-07-31T01:21:35Z,46,0,0,31,0,0,1,1,1,1785460589
2026-07-31T01:21:35Z,47,12,0,2,1,0,1,1,1,1785460752
2026-07-31T01:21:35Z,48,15,0,12,0,0,1,1,1,1785460859
2026-07-31T01:21:35Z,49,2,0,17,4,0,1,1,1,1785460887
2026-07-31T01:21:35Z,50,0,0,19,0,0,1,1,1,1785459881
2026-07-31T01:21:35Z,51,56,1,21,0,0,1,1,1,1785460536
2026-07-31T01:21:35Z,52,1,0,23,3,0,1,1,1,1785460822
2026-07-31T01:21:35Z,55,5,0,18,0,0,1,1,1,1785460864
2026-07-31T01:21:35Z,56,6,3,37,0,0,1,1,1,1785460727
2026-07-31T01:21:35Z,57,3,0,24,0,0,1,1,1,1785460680
2026-07-31T01:21:35Z,58,4,3,24,0,0,1,1,1,1785460806
2026-07-31T01:21:35Z,59,1,1,24,2,0,1,1,1,1785460601
2026-07-31T01:21:35Z,61,11,0,28,0,0,1,1,1,1785460852
2026-07-31T01:21:35Z,62,13,12,35,1,0,1,1,1,1785460788
2026-07-31T01:21:35Z,63,4,1,15,0,0,1,1,1,1785460724
2026-07-31T01:21:35Z,64,15,0,0,4,0,1,1,1,1785460865
2026-07-31T01:21:35Z,65,13,5,5,1,0,1,1,1,1785460108
2026-07-31T01:21:35Z,67,0,0,39,0,0,1,1,1,1785460506
2026-07-31T01:21:35Z,68,7,0,30,0,0,1,1,1,1785460870
2026-07-31T01:21:35Z,69,7,2,6,2,0,1,1,1,1785460288
2026-07-31T01:21:35Z,71,0,0,26,1,0,1,1,1,1785460637
2026-07-31T01:21:35Z,72,10,6,20,1,0,1,1,1,1785460874
2026-07-31T01:21:35Z,73,0,0,31,0,0,1,1,1,1785460014
2026-07-31T01:21:35Z,74,5,1,14,0,0,1,1,1,1785459454
2026-07-31T01:21:35Z,75,0,0,30,2,0,1,1,1,1785460244
2026-07-31T01:21:35Z,76,6,1,12,1,0,1,1,1,1785460882
2026-07-31T01:21:35Z,77,6,0,20,1,0,1,1,1,1785460807
2026-07-31T01:21:35Z,78,1,1,22,0,0,1,1,1,1785460401
2026-07-31T01:21:35Z,79,9,1,7,1,0,1,1,1,1785460879
2026-07-31T01:21:35Z,80,0,0,20,3,0,1,1,1,1785460805
2026-07-31T01:21:35Z,81,4,1,27,0,0,1,1,1,1785460577
2026-07-31T01:21:35Z,82,2,1,21,0,0,1,1,1,1785460706
2026-07-31T01:21:35Z,83,3,0,30,1,0,1,1,1,1785460876
2026-07-31T01:21:35Z,84,3,2,24,0,0,1,1,1,1785460524
2026-07-31T01:21:35Z,85,2,0,13,0,0,1,1,1,1785460237
2026-07-31T01:21:35Z,86,0,0,26,1,0,1,1,1,1785460592
2026-07-31T01:21:35Z,87,5,0,14,0,0,1,1,1,1785460072
2026-07-31T01:21:35Z,88,1,0,41,1,0,1,1,1,1785460698
2026-07-31T01:21:35Z,89,30,3,5,0,0,1,1,1,1785460658
2026-07-31T01:21:35Z,90,6,0,10,2,0,1,1,1,1785460649
2026-07-31T01:21:35Z,91,10,1,7,0,0,1,1,1,1785460478
2026-07-31T01:21:35Z,92,4,0,12,3,0,1,1,1,1785460834
2026-07-31T01:21:35Z,93,22,0,1,0,0,1,1,1,1785460821
2026-07-31T01:21:35Z,94,18,0,0,1,0,1,1,1,1785460426
2026-07-31T01:21:35Z,95,3,3,30,1,1,1,1,1,1785460879
2026-07-31T01:21:35Z,96,5,1,25,1,0,1,1,1,1785460704
2026-07-31T01:21:35Z,97,16,1,0,1,0,1,1,1,1785460887
2026-07-31T01:21:35Z,98,28,2,5,2,0,1,1,1,1785460588
2026-07-31T01:21:35Z,99,14,0,1,0,0,1,1,1,1785460513
2026-07-31T01:21:35Z,100,27,1,0,0,0,1,1,1,1785460879
2026-07-31T01:21:35Z,101,14,2,0,1,0,1,1,1,1785460684
2026-07-31T01:21:35Z,102,21,0,1,1,0,1,1,1,1785460867
2026-07-31T01:21:35Z,103,29,0,0,1,0,1,1,1,1785460878
2026-07-31T01:21:35Z,104,23,0,2,2,0,1,1,1,1785460881
2026-07-31T01:21:35Z,105,17,1,2,0,0,1,1,1,1785460698
2026-07-31T01:21:35Z,106,0,0,21,0,0,1,1,1,1785458543
2026-07-31T01:21:35Z,107,32,0,5,0,0,1,1,1,1785460428
2026-07-31T01:21:35Z,108,6,0,28,1,0,1,1,1,1785460823
2026-07-31T01:21:35Z,109,18,3,5,0,0,1,1,1,1785460815
2026-07-31T01:21:35Z,110,15,1,8,0,0,1,1,1,1785460854
2026-07-31T01:21:35Z,111,0,0,36,0,0,1,1,1,1785460364
2026-07-31T01:21:35Z,112,13,0,1,1,0,1,1,1,1785460625
2026-07-31T01:21:35Z,113,12,4,6,1,0,1,1,1,1785460869
2026-07-31T01:21:35Z,114,1,1,28,1,1,1,1,1,1785460832
2026-07-31T01:21:35Z,115,6,1,19,3,0,1,1,1,1785460200
2026-07-31T01:21:35Z,116,8,6,18,1,0,1,1,1,1785460878
2026-07-31T01:21:35Z,118,20,12,0,3,0,1,1,1,1785459651
2026-07-31T01:21:35Z,119,4,2,31,3,0,1,1,1,1785460805
2026-07-31T01:21:35Z,120,7,1,19,1,0,1,1,1,1785460754
2026-07-31T01:21:35Z,121,5,0,13,0,1,1,1,1,1785460603
2026-07-31T01:21:35Z,122,1,0,17,3,0,1,1,1,1785460658
2026-07-31T01:21:35Z,123,17,1,30,0,0,1,1,1,1785460631
2026-07-31T01:21:35Z,124,18,9,16,1,0,1,1,1,1785460882
2026-07-31T01:21:35Z,125,1,1,21,1,0,1,1,1,1785460338
2026-07-31T01:21:35Z,126,8,1,23,0,0,1,1,1,1785460630
2026-07-31T01:21:35Z,127,1,1,33,1,0,1,1,1,1785460656
2026-07-31T01:21:35Z,128,8,7,10,1,0,1,1,1,1785460707
2026-07-31T01:21:35Z,129,8,3,10,1,0,1,1,1,1785460861
2026-07-31T01:21:35Z,130,4,0,13,0,0,1,1,1,1785457733
2026-07-31T01:21:35Z,131,3,2,6,2,0,1,1,1,1785460824
2026-07-31T01:21:35Z,132,0,0,14,0,1,1,1,1,1785460431
2026-07-31T01:21:35Z,134,4,4,17,2,0,1,1,1,1785460774
2026-07-31T01:21:35Z,135,9,0,10,0,0,1,1,1,1785460840
2026-07-31T01:21:35Z,136,19,4,4,0,0,1,1,1,1785460643
2026-07-31T01:21:35Z,137,9,0,10,0,0,1,1,1,1785460874
2026-07-31T01:21:35Z,138,15,5,22,0,0,1,1,1,1785460887
2026-07-31T01:21:35Z,139,17,4,0,2,0,1,1,1,1785460865
2026-07-31T01:21:35Z,140,10,4,11,2,0,1,1,1,1785460884
2026-07-31T01:21:35Z,141,8,7,28,0,0,1,1,1,1785460834
2026-07-31T01:21:35Z,142,2,1,21,0,0,1,1,1,1785460808
2026-07-31T01:21:35Z,143,12,3,18,1,0,1,1,1,1785460031
2026-07-31T01:21:35Z,144,23,2,4,0,0,1,1,1,1785460344
2026-07-31T01:21:35Z,145,10,5,18,1,0,1,1,1,1785460687
2026-07-31T01:21:35Z,146,2,1,20,1,0,1,1,1,1785460641
2026-07-31T01:21:35Z,147,7,2,10,2,0,1,1,1,1785460690
2026-07-31T01:21:35Z,148,15,10,12,0,0,1,1,1,1785460862
2026-07-31T01:21:35Z,149,4,2,23,0,0,1,1,1,1785460678
2026-07-31T01:21:35Z,150,21,7,12,2,0,1,1,1,1785460888
2026-07-31T01:21:35Z,151,13,6,10,0,0,1,1,1,1785460832
2026-07-31T01:21:35Z,152,17,1,6,4,0,1,1,1,1785460816
2026-07-31T01:21:35Z,153,0,0,0,30,1,1,1,1,1785460821
2026-07-31T01:21:35Z,154,6,2,14,3,0,1,1,1,1785460888
2026-07-31T01:21:35Z,155,13,5,0,1,0,1,1,1,1785460687
2026-07-31T01:21:35Z,156,15,2,4,0,0,1,1,1,1785460413
2026-07-31T01:21:35Z,157,7,0,18,2,0,1,1,1,1785460888
2026-07-31T01:21:35Z,158,1,0,15,0,0,1,1,1,1785460833
2026-07-31T01:21:35Z,159,7,2,12,0,0,1,1,1,1785460586
2026-07-31T01:21:35Z,160,10,3,9,0,0,1,1,1,1785460460
2026-07-31T01:21:35Z,161,6,0,16,0,0,1,1,1,1785460205
2026-07-31T01:21:35Z,162,16,10,8,3,0,1,1,1,1785460816
2026-07-31T01:21:35Z,163,14,0,16,0,1,1,1,1,1785460818
2026-07-31T01:21:35Z,164,22,5,5,0,0,1,1,1,1785460340
2026-07-31T01:21:35Z,165,26,6,3,2,0,1,1,1,1785460826
2026-07-31T01:21:35Z,166,7,6,28,4,0,1,1,1,1785460889
2026-07-31T01:21:35Z,167,13,7,9,1,0,1,1,1,1785460546
2026-07-31T01:21:35Z,168,1,0,25,1,0,1,1,1,1785460761
2026-07-31T01:21:35Z,169,10,1,12,0,1,1,1,1,1785460861
2026-07-31T01:21:35Z,170,3,3,15,1,0,1,1,1,1785460878
2026-07-31T01:21:35Z,171,6,0,5,2,0,1,1,1,1785460877
2026-07-31T01:21:35Z,173,24,5,15,0,0,1,1,1,1785460721
2026-07-31T01:21:35Z,174,16,1,7,3,0,1,1,1,1785460839
2026-07-31T01:21:35Z,175,29,0,2,0,0,1,1,1,1785460802
2026-07-31T01:21:35Z,176,7,3,5,2,1,1,1,1,1785460715
2026-07-31T01:21:35Z,177,18,10,9,0,0,1,1,1,1785460827
2026-07-31T01:21:35Z,178,8,1,4,2,1,1,1,1,1785460887
2026-07-31T01:21:35Z,179,9,5,5,1,0,1,1,1,1785460774
2026-07-31T01:21:35Z,180,26,1,4,0,0,1,1,1,1785460834
2026-07-31T01:21:35Z,181,1,1,13,1,0,1,1,1,1785460437
2026-07-31T01:21:35Z,182,3,2,14,0,0,1,1,1,1785460845
2026-07-31T01:21:35Z,183,9,3,14,0,0,1,1,1,1785460853
2026-07-31T01:21:35Z,184,2,1,20,1,0,1,1,1,1785460880
2026-07-31T01:21:35Z,185,4,0,9,1,1,1,1,1,1785460397
2026-07-31T01:21:35Z,186,1,1,18,0,0,1,1,1,1785459831
2026-07-31T01:21:35Z,187,7,1,19,2,0,1,1,1,1785460854
2026-07-31T01:21:35Z,188,18,0,1,8,0,1,1,1,1785460716
2026-07-31T01:21:35Z,189,3,0,12,0,0,1,1,1,1785459626
2026-07-31T01:21:35Z,190,4,3,19,0,0,1,1,1,1785460164
2026-07-31T01:21:35Z,191,0,0,39,0,0,1,1,1,1785458545
2026-07-31T01:21:35Z,192,7,5,22,2,0,1,1,1,1785460403
2026-07-31T01:21:35Z,193,8,6,6,1,0,1,1,1,1785460803
2026-07-31T01:21:35Z,194,2,0,24,1,0,1,1,1,1785460825
2026-07-31T01:21:35Z,195,3,2,15,1,0,1,1,1,1785460605
2026-07-31T01:21:35Z,196,15,9,9,3,0,1,1,1,1785460884
2026-07-31T01:21:35Z,197,7,2,11,0,1,1,1,1,1785460285
2026-07-31T01:21:35Z,198,20,17,3,0,0,1,1,1,1785460876
2026-07-31T01:21:35Z,199,5,4,7,3,0,1,1,1,1785460789
2026-07-31T01:21:35Z,200,4,3,22,0,0,1,1,1,1785460719
2026-07-31T01:21:35Z,201,2,1,21,0,0,1,1,1,1785460830
2026-07-31T01:21:35Z,202,16,1,11,0,0,1,1,1,1785460431
2026-07-31T01:21:35Z,203,14,0,16,1,0,1,1,1,1785460339
2026-07-31T01:21:35Z,204,14,1,19,2,0,1,1,1,1785460791
2026-07-31T01:21:35Z,205,7,2,20,0,0,1,1,1,1785460664
2026-07-31T01:21:35Z,206,6,6,9,0,0,1,1,1,1785460454
2026-07-31T01:21:35Z,207,19,2,2,0,0,1,1,1,1785460222
2026-07-31T01:21:35Z,208,5,0,23,1,0,1,1,1,1785460721
2026-07-31T01:21:35Z,209,10,0,20,1,0,1,1,1,1785460829
2026-07-31T01:21:35Z,210,0,0,26,1,0,1,1,1,1785460670
2026-07-31T01:21:35Z,211,0,0,22,1,0,1,1,1,1785460661
2026-07-31T01:21:35Z,212,19,1,15,1,0,1,1,1,1785460861
2026-07-31T01:21:35Z,213,14,1,8,1,0,1,1,1,1785460816
2026-07-31T01:21:35Z,214,7,7,32,8,0,1,1,1,1785460882
2026-07-31T01:21:35Z,215,9,4,14,0,0,1,1,1,1785460751
2026-07-31T01:21:35Z,216,4,2,14,1,0,1,1,1,1785460870
2026-07-31T01:21:35Z,217,22,0,6,1,0,1,1,1,1785460830
2026-07-31T01:21:35Z,218,11,9,25,3,0,1,1,1,1785460885
2026-07-31T01:21:35Z,219,3,0,22,1,0,1,1,1,1785460003
2026-07-31T01:21:35Z,220,8,8,32,2,1,1,1,1,1785460713
2026-07-31T01:21:35Z,221,6,6,8,1,0,1,1,1,1785460742
2026-07-31T01:21:35Z,222,16,14,2,1,0,1,1,1,1785460861
2026-07-31T01:21:35Z,223,2,0,31,2,0,1,1,1,1785460621
2026-07-31T01:21:35Z,224,16,16,5,1,0,1,1,1,1785460417
2026-07-31T01:21:35Z,225,10,1,3,6,0,1,1,1,1785460875
2026-07-31T01:21:35Z,226,15,8,16,0,0,1,1,1,1785460768
2026-07-31T01:21:35Z,227,13,12,13,0,1,1,1,1,1785460873
2026-07-31T01:21:35Z,228,10,8,9,0,0,1,1,1,1785460360
2026-07-31T01:21:35Z,230,22,5,4,0,0,1,1,1,1785460748
2026-07-31T01:21:35Z,232,5,4,11,1,0,1,1,1,1785460797
2026-07-31T01:21:35Z,233,18,6,12,1,0,1,1,1,1785460639
2026-07-31T01:21:35Z,234,8,3,6,4,1,1,1,1,1785460406
2026-07-31T01:21:35Z,236,0,0,18,1,0,1,1,1,1785460818
2026-07-31T01:21:35Z,237,6,0,16,1,0,1,1,1,1785459951
2026-07-31T01:21:35Z,239,21,17,4,2,0,1,1,1,1785460517
2026-07-31T01:21:35Z,241,5,3,18,0,0,1,1,1,1785460881
2026-07-31T01:21:35Z,242,6,3,16,1,0,1,1,1,1785460586
2026-07-31T01:21:35Z,243,5,2,24,2,0,1,1,1,1785460859
2026-07-31T01:21:35Z,244,0,0,26,1,0,1,1,1,1785460475
2026-07-31T01:21:35Z,245,10,10,12,1,0,1,1,1,1785460856
2026-07-31T01:21:35Z,246,1,1,21,1,0,1,1,1,1785460828
2026-07-31T01:21:35Z,247,15,9,8,0,0,1,1,1,1785460873
2026-07-31T01:21:35Z,248,1,1,19,3,0,1,1,1,1785460885
2026-07-31T01:21:35Z,249,7,4,12,0,0,1,1,1,1785460610
2026-07-31T01:21:35Z,250,4,1,21,2,0,1,1,1,1785460885
2026-07-31T01:21:35Z,251,6,6,18,3,0,1,1,1,1785460813
2026-07-31T01:21:35Z,253,5,4,13,1,0,1,1,1,1785460300
2026-07-31T01:21:35Z,254,10,10,32,1,0,1,1,1,1785460750
2026-07-31T01:21:35Z,255,0,0,22,0,1,1,1,1,1785460787
2026-07-31T01:21:35Z,256,7,6,15,1,0,1,1,1,1785460636
2026-07-31T01:21:35Z,257,2,1,16,1,0,1,1,1,1785460644
2026-07-31T01:21:35Z,258,6,4,11,2,0,1,1,1,1785460826
2026-07-31T01:21:35Z,259,13,1,9,0,1,1,1,1,1785460540
2026-07-31T01:21:35Z,260,6,1,11,2,0,1,1,1,1785460807
2026-07-31T01:21:35Z,261,11,0,6,1,1,1,1,1,1785460726
2026-07-31T01:21:35Z,262,14,4,9,0,0,1,1,1,1785460758
2026-07-31T01:21:35Z,263,14,3,1,0,0,1,1,1,1785459135
2026-07-31T01:21:35Z,264,9,1,9,1,0,1,1,1,1785460850
2026-07-31T01:21:35Z,265,12,2,3,0,0,1,1,1,1785460046
2026-07-31T01:21:35Z,266,11,5,6,2,0,1,1,1,1785460043
2026-07-31T01:21:35Z,267,4,0,9,2,0,1,1,1,1785456188
2026-07-31T01:21:35Z,268,20,7,3,0,0,1,1,1,1785460658
2026-07-31T01:21:35Z,269,7,0,16,0,0,1,1,1,1785460232
2026-07-31T01:21:35Z,270,11,1,14,2,0,1,1,1,1785460808
2026-07-31T01:21:35Z,271,2,0,15,2,0,1,1,1,1785460172
2026-07-31T01:21:35Z,272,14,7,9,0,0,1,1,1,1785460189
2026-07-31T01:21:35Z,273,13,5,2,0,0,1,1,1,1785460739
2026-07-31T01:21:35Z,274,12,6,6,1,0,1,1,1,1785460503
2026-07-31T01:21:35Z,275,6,0,17,0,0,1,1,1,1785459784
2026-07-31T01:21:35Z,276,0,0,26,1,0,1,1,1,1785459234
2026-07-31T01:21:35Z,277,0,0,19,4,0,1,1,1,1785460832
2026-07-31T01:21:35Z,278,5,4,24,1,1,1,1,1,1785460816
2026-07-31T01:21:35Z,279,0,0,19,0,0,1,1,1,1785460672
2026-07-31T01:21:35Z,280,1,0,28,2,0,1,1,1,1785460761
2026-07-31T01:21:35Z,281,17,1,2,0,0,1,1,1,1785460815
2026-07-31T01:21:35Z,282,3,2,14,1,0,1,1,1,1785460217
2026-07-31T01:21:35Z,283,17,0,18,0,0,1,1,1,1785460755
2026-07-31T01:21:35Z,284,18,1,14,3,0,1,1,1,1785460736
2026-07-31T01:21:35Z,285,2,1,21,0,0,1,1,1,1785460692
2026-07-31T01:21:35Z,286,16,11,5,2,0,1,1,1,1785460884
2026-07-31T01:21:35Z,287,11,0,10,2,0,1,1,1,1785459441
2026-07-31T01:21:35Z,288,9,8,10,0,0,1,1,1,1785460840
2026-07-31T01:21:35Z,289,4,3,21,2,0,1,1,1,1785460827
2026-07-31T01:21:35Z,290,14,0,21,4,0,1,1,1,1785460866
2026-07-31T01:21:35Z,291,1,0,21,1,0,1,1,1,1785460624
2026-07-31T01:21:35Z,292,0,0,23,0,0,1,1,1,1785460793
2026-07-31T01:21:35Z,293,10,5,13,0,0,1,1,1,1785459719
2026-07-31T01:21:35Z,294,3,2,15,4,0,1,1,1,1785460856
2026-07-31T01:21:35Z,297,13,3,4,1,1,1,1,1,1785460882
2026-07-31T01:21:35Z,301,12,0,6,1,0,1,1,1,1785460709
2026-07-31T01:21:35Z,302,11,0,12,0,0,1,1,1,1785460779
2026-07-31T01:21:35Z,303,5,0,14,0,0,1,1,1,1785460828
2026-07-31T01:21:35Z,304,0,0,0,0,0,0,1,1,86400
2026-07-31T01:21:35Z,305,16,0,3,0,0,1,1,1,1785460664
2026-07-31T01:21:35Z,306,4,0,28,0,0,1,1,1,1785460290
2026-07-31T01:21:35Z,307,19,3,4,0,0,1,1,1,1785460868
2026-07-31T01:21:35Z,308,12,1,6,1,0,1,1,1,1785460825
2026-07-31T01:21:35Z,309,0,0,13,1,0,1,1,1,1785460813
2026-07-31T01:21:35Z,311,12,0,3,0,0,1,1,1,1785460692
2026-07-31T01:21:35Z,312,1,1,18,3,1,1,1,1,1785460602
2026-07-31T01:21:35Z,313,10,1,5,0,0,1,1,1,1785460471
2026-07-31T01:21:35Z,314,2,2,13,3,0,1,1,1,1785460828
2026-07-31T01:21:35Z,315,11,11,17,3,0,1,1,1,1785460564
2026-07-31T01:21:35Z,316,17,4,8,5,1,1,1,1,1785460879
2026-07-31T01:21:35Z,317,0,0,29,1,1,1,1,1,1785460742
2026-07-31T01:21:35Z,318,12,0,7,0,0,1,1,1,1785459819
2026-07-31T01:21:35Z,319,4,0,18,1,0,1,1,1,1785460690
2026-07-31T01:21:35Z,320,2,0,16,1,0,1,1,1,1785459636
2026-07-31T01:21:35Z,321,9,0,8,2,0,1,1,1,1785460332
2026-07-31T01:21:35Z,322,6,0,21,2,0,1,1,1,1785460814
2026-07-31T01:21:35Z,323,13,0,6,0,0,1,1,1,1785460668
2026-07-31T01:21:35Z,324,0,0,25,2,0,1,1,1,1785460883
2026-07-31T01:21:35Z,325,1,1,24,2,0,1,1,1,1785460864
2026-07-31T01:21:35Z,327,25,3,2,0,0,1,1,1,1785460774
2026-07-31T01:21:35Z,328,7,0,14,1,0,1,1,1,1785460837
2026-07-31T01:21:35Z,329,8,1,11,0,0,1,1,1,1785460373
2026-07-31T01:21:35Z,330,3,0,19,0,0,1,1,1,1785460201
2026-07-31T01:21:35Z,331,17,1,4,2,0,1,1,1,1785460578
2026-07-31T01:21:35Z,332,3,2,15,1,0,1,1,1,1785459921
2026-07-31T01:21:35Z,333,12,4,10,1,0,1,1,1,1785460319
2026-07-31T01:21:35Z,334,4,1,19,0,0,1,1,1,1785460826
2026-07-31T01:21:35Z,335,0,0,22,0,1,1,1,1,1785459614
2026-07-31T01:21:35Z,336,7,0,11,1,0,1,1,1,1785460534
2026-07-31T01:21:35Z,337,13,0,6,4,0,1,1,1,1785460761
2026-07-31T01:21:35Z,338,8,4,11,0,0,1,1,1,1785460529
2026-07-31T01:21:35Z,339,6,3,17,0,0,1,1,1,1785460745
2026-07-31T01:21:35Z,340,6,2,8,1,0,1,1,1,1785460555
2026-07-31T01:21:35Z,341,9,1,9,1,0,1,1,1,1785460738
2026-07-31T01:21:35Z,342,8,5,7,0,0,1,1,1,1785460832
2026-07-31T01:21:35Z,343,6,2,16,1,0,1,1,1,1785460703
2026-07-31T01:21:35Z,344,18,5,5,0,0,1,1,1,1785460339
2026-07-31T01:21:35Z,345,19,3,0,0,0,1,1,1,1785460609
2026-07-31T01:21:35Z,346,7,5,16,0,0,1,1,1,1785460261
2026-07-31T01:21:35Z,347,10,2,32,2,0,1,1,1,1785460889
2026-07-31T01:21:35Z,348,16,3,6,0,1,1,1,1,1785460703
2026-07-31T01:21:35Z,349,7,2,10,2,0,1,1,1,1785460722
2026-07-31T01:21:35Z,350,12,1,13,1,1,1,1,1,1785460849
2026-07-31T01:21:35Z,351,8,2,11,4,0,1,1,1,1785460872
2026-07-31T01:21:35Z,355,4,1,19,0,0,1,1,1,1785460574
2026-07-31T01:21:35Z,356,9,0,10,0,0,1,1,1,1785460698
2026-07-31T01:21:35Z,357,4,4,15,0,0,1,1,1,1785460641
2026-07-31T01:21:35Z,358,9,2,18,0,0,1,1,1,1785460765
2026-07-31T01:21:35Z,359,3,0,24,0,0,1,1,1,1785460830
2026-07-31T01:21:35Z,360,10,4,9,0,0,1,1,1,1785460448
2026-07-31T01:21:35Z,362,9,5,9,1,0,1,1,1,1785460646
2026-07-31T01:21:35Z,363,15,0,12,0,0,1,1,1,1785460563
2026-07-31T01:21:35Z,364,10,2,9,0,0,1,1,1,1785460746
2026-07-31T01:21:35Z,365,2,1,14,7,0,1,1,1,1785460826
2026-07-31T01:21:35Z,366,4,2,13,6,0,1,1,1,1785460808
2026-07-31T01:21:35Z,367,15,8,2,2,0,1,1,1,1785460346
2026-07-31T01:21:35Z,368,13,4,9,1,0,1,1,1,1785459857
2026-07-31T01:21:35Z,370,2,2,24,1,0,1,1,1,1785460228
2026-07-31T01:21:35Z,371,8,5,9,2,0,1,1,1,1785459378
2026-07-31T01:21:35Z,372,5,1,10,0,0,1,1,1,1785460576
2026-07-31T01:21:35Z,373,11,4,16,0,0,1,1,1,1785460213
2026-07-31T01:21:35Z,374,0,0,17,2,0,1,1,1,1785460742
2026-07-31T01:21:35Z,375,14,0,10,3,0,1,1,1,1785460732
2026-07-31T01:21:35Z,376,21,2,15,3,0,1,1,1,1785460883
2026-07-31T01:21:35Z,377,3,0,23,1,0,1,1,1,1785460082
2026-07-31T01:21:35Z,378,10,1,12,1,1,1,1,1,1785460653
2026-07-31T01:21:35Z,379,7,0,19,1,0,1,1,1,1785460572
2026-07-31T01:21:35Z,380,9,1,14,0,0,1,1,1,1785460629
2026-07-31T01:21:35Z,381,5,0,17,1,0,1,1,1,1785460529
2026-07-31T01:21:35Z,383,7,1,7,1,0,1,1,1,1785460778
2026-07-31T01:21:35Z,384,23,1,3,1,0,1,1,1,1785460260
2026-07-31T01:21:35Z,385,0,0,16,2,0,1,1,1,1785460389
2026-07-31T01:21:35Z,387,3,0,20,0,0,1,1,1,1785459244
2026-07-31T01:21:35Z,388,16,1,32,2,0,1,1,1,1785460873
2026-07-31T01:21:35Z,389,5,5,10,0,0,1,1,1,1785458136
2026-07-31T01:21:35Z,390,26,2,9,0,0,1,1,1,1785460653
2026-07-31T01:21:35Z,391,4,0,11,0,0,1,1,1,1785459616
2026-07-31T01:21:35Z,392,2,2,16,1,0,1,1,1,1785460604
2026-07-31T01:21:35Z,393,1,1,8,2,0,1,1,1,1785459662
2026-07-31T01:21:35Z,394,1,0,10,2,0,1,1,1,1785460748
2026-07-31T01:21:35Z,396,15,12,23,4,0,1,1,1,1785460854
2026-07-31T01:21:35Z,397,4,3,27,0,0,1,1,1,1785460037
2026-07-31T01:21:35Z,399,6,1,9,2,0,1,1,1,1785460751
2026-07-31T01:21:35Z,400,11,6,10,2,0,1,1,1,1785460171
2026-07-31T01:21:35Z,401,2,2,29,8,0,1,1,1,1785460797
2026-07-31T01:21:35Z,403,10,2,19,2,0,1,1,1,1785460711
2026-07-31T01:21:35Z,404,3,1,19,1,0,1,1,1,1785460641
2026-07-31T01:21:35Z,406,32,1,2,1,0,1,1,1,1785460316
2026-07-31T01:21:35Z,407,13,1,20,1,0,1,1,1,1785460533
2026-07-31T01:21:35Z,408,1,0,32,0,0,1,1,1,1785460656
2026-07-31T01:21:35Z,409,20,2,0,3,0,1,1,1,1785460695
2026-07-31T01:21:35Z,413,11,2,11,1,0,1,1,1,1785460494
2026-07-31T01:21:35Z,414,13,2,2,0,0,1,1,1,1785460681
2026-07-31T01:21:35Z,417,8,4,11,0,0,1,1,1,1785460441
2026-07-31T01:21:35Z,418,1,0,13,1,0,1,1,1,1785460762
2026-07-31T01:21:35Z,419,14,1,9,0,0,1,1,1,1785459779
2026-07-31T01:21:35Z,421,17,1,2,0,0,1,1,1,1785460511
2026-07-31T01:21:35Z,422,0,0,26,1,0,1,1,1,1785460860
2026-07-31T01:21:35Z,423,4,0,18,1,0,1,1,1,1785460748
2026-07-31T01:21:35Z,424,2,0,11,2,0,1,1,1,1785460768
2026-07-31T01:21:35Z,425,2,2,19,0,1,1,1,1,1785460765
2026-07-31T01:21:35Z,426,0,0,34,3,0,1,1,1,1785460470
2026-07-31T01:21:35Z,427,0,0,14,1,0,1,1,1,1785460603
2026-07-31T01:21:35Z,428,10,2,8,1,0,1,1,1,1785460646
2026-07-31T01:21:35Z,429,4,1,15,4,0,1,1,1,1785460855
2026-07-31T01:21:35Z,430,13,0,17,1,0,1,1,1,1785460818
2026-07-31T01:21:35Z,431,12,0,20,1,0,1,1,1,1785460606
2026-07-31T01:21:35Z,432,22,1,7,2,0,1,1,1,1785459993
2026-07-31T01:21:35Z,433,8,4,13,2,0,1,1,1,1785460886
2026-07-31T01:21:35Z,437,7,6,11,1,0,1,1,1,1785460762
2026-07-31T01:21:35Z,438,1,0,17,1,0,1,1,1,1785460580
2026-07-31T01:21:35Z,439,4,2,11,0,0,1,1,1,1785460716
2026-07-31T01:21:35Z,440,2,0,11,2,0,1,1,1,1785460777
2026-07-31T01:21:35Z,441,3,0,12,0,0,1,1,1,1785460871
2026-07-31T01:21:35Z,442,9,5,9,1,0,1,1,1,1785460842
2026-07-31T01:21:35Z,443,3,0,24,0,0,1,1,1,1785456698
2026-07-31T01:21:35Z,444,2,1,21,0,0,1,1,1,1785455134
2026-07-31T01:21:35Z,445,7,2,15,1,0,1,1,1,1785460803
2026-07-31T01:21:35Z,446,2,2,20,1,0,1,1,1,1785457589
2026-07-31T01:21:35Z,447,1,0,20,1,1,1,1,1,1785441257
2026-07-31T01:21:35Z,448,9,3,4,1,1,1,1,1,1785460777
2026-07-31T01:21:35Z,452,2,2,15,2,0,1,1,1,1785460834
2026-07-31T01:21:35Z,453,2,1,12,1,0,1,1,1,1785460853
2026-07-31T01:21:35Z,454,3,0,16,0,0,1,1,1,1785460810
2026-07-31T01:21:35Z,455,0,0,39,0,0,1,1,1,1785460394
2026-07-31T01:21:35Z,456,15,7,4,1,0,1,1,1,1785460707
2026-07-31T01:21:35Z,457,14,2,11,2,0,1,1,1,1785460584
2026-07-31T01:21:35Z,458,7,2,15,1,0,1,1,1,1785460009
2026-07-31T01:21:35Z,459,11,0,4,0,0,1,1,1,1785458362
2026-07-31T01:21:35Z,460,13,1,9,1,0,1,1,1,1785460648
2026-07-31T01:21:35Z,461,4,1,15,0,0,1,1,1,1785460597
2026-07-31T01:21:35Z,462,6,1,15,0,0,1,1,1,1785460775
2026-07-31T01:21:35Z,463,10,1,9,0,0,1,1,1,1785460840
2026-07-31T01:21:35Z,464,1,1,13,0,0,1,1,1,1785459017
2026-07-31T01:21:35Z,465,2,1,13,0,0,1,1,1,1785459861
2026-07-31T01:21:35Z,466,9,3,5,1,0,1,1,1,1785458161
2026-07-31T01:21:35Z,467,0,0,19,0,0,1,1,1,1785460641
2026-07-31T01:21:35Z,468,14,0,4,1,0,1,1,1,1785459528
2026-07-31T01:21:35Z,469,1,0,21,1,0,1,1,1,1785459683
2026-07-31T01:21:35Z,470,8,0,6,1,0,1,1,1,1785460824
2026-07-31T01:21:35Z,471,20,4,7,0,0,1,1,1,1785460217
2026-07-31T01:21:35Z,472,6,3,12,1,0,1,1,1,1785460858
2026-07-31T01:21:35Z,473,4,1,13,2,0,1,1,1,1785460226
2026-07-31T01:21:35Z,474,11,0,7,1,0,1,1,1,1785460665
2026-07-31T01:21:35Z,475,0,0,19,0,0,1,1,1,1785460793
2026-07-31T01:21:35Z,477,8,4,7,0,0,1,1,1,1785459955
2026-07-31T01:21:35Z,478,16,1,14,1,0,1,1,1,1785460621
2026-07-31T01:21:35Z,479,10,1,15,2,0,1,1,1,1785460745
2026-07-31T01:21:35Z,480,3,0,9,3,0,1,1,1,1785457824
2026-07-31T01:21:35Z,481,17,0,17,1,0,1,1,1,1785460777
2026-07-31T01:21:35Z,482,6,0,12,1,0,1,1,1,1785460816
2026-07-31T01:21:35Z,483,23,1,1,3,0,1,1,1,1785460843
2026-07-31T01:21:35Z,484,3,1,16,0,0,1,1,1,1785460843
2026-07-31T01:21:35Z,485,11,6,5,2,1,1,1,1,1785460590
2026-07-31T01:21:35Z,486,6,1,19,2,0,1,1,1,1785460823
2026-07-31T01:21:35Z,487,1,0,17,1,0,1,1,1,1785460561
2026-07-31T01:21:35Z,489,10,4,5,0,0,1,1,1,1785460832
2026-07-31T01:21:35Z,490,2,2,14,0,0,1,1,1,1785460723
2026-07-31T01:21:35Z,491,16,2,5,0,0,1,1,1,1785460667
2026-07-31T01:21:35Z,492,5,4,3,3,0,1,1,1,1785460887
2026-07-31T01:21:35Z,493,0,0,25,2,0,1,1,1,1785459725
2026-07-31T01:21:35Z,495,9,2,5,1,0,1,1,1,1785459194
2026-07-31T01:21:35Z,496,24,2,3,0,0,1,1,1,1785460827
2026-07-31T01:21:35Z,497,0,0,18,1,0,1,1,1,1785460683
2026-07-31T01:21:35Z,498,4,3,19,0,0,1,1,1,1785460889
2026-07-31T01:21:35Z,499,8,2,11,0,0,1,1,1,1785460598
2026-07-31T01:21:35Z,500,10,7,1,4,0,1,1,1,1785459616
2026-07-31T01:21:35Z,501,2,1,18,1,0,1,1,1,1785460771
2026-07-31T01:21:35Z,502,3,0,16,0,0,1,1,1,1785460816
2026-07-31T01:21:35Z,503,23,0,7,1,0,1,1,1,1785460818
2026-07-31T01:21:35Z,504,1,0,37,1,0,1,1,1,1785460838
2026-07-31T01:21:35Z,505,2,2,9,1,0,1,1,1,1785460098
2026-07-31T01:21:35Z,511,2,0,21,0,0,1,1,1,1785458870
2026-07-31T01:21:35Z,512,2,0,25,0,0,1,1,1,1785460870
2026-07-31T01:21:35Z,514,8,0,1,2,0,1,1,1,1785460319
2026-07-31T01:21:35Z,515,4,0,15,0,0,1,1,1,1785457241
2026-07-31T01:21:35Z,516,5,0,22,0,0,1,1,1,1785460737
2026-07-31T01:21:35Z,517,8,0,14,1,0,1,1,1,1785459592
2026-07-31T01:21:35Z,518,10,1,3,2,0,1,1,1,1785459066
2026-07-31T01:21:35Z,519,5,3,14,0,0,1,1,1,1785460872
2026-07-31T01:21:35Z,520,10,4,12,4,1,1,1,1,1785460889
2026-07-31T01:21:35Z,521,4,3,19,0,0,1,1,1,1785460164
2026-07-31T01:21:35Z,522,21,1,2,0,0,1,1,1,1785460876
2026-07-31T01:21:35Z,523,3,2,18,2,0,1,1,1,1785460432
2026-07-31T01:21:35Z,524,23,1,0,0,0,1,1,1,1785460533
2026-07-31T01:21:35Z,525,19,0,0,0,0,1,1,1,1785459404
2026-07-31T01:21:35Z,526,11,2,3,1,0,1,1,1,1785460493
2026-07-31T01:21:35Z,527,0,0,23,3,0,1,1,1,1785460635
2026-07-31T01:21:35Z,528,14,0,9,0,0,1,1,1,1785459978
2026-07-31T01:21:35Z,529,5,1,9,5,0,1,1,1,1785460886
2026-07-31T01:21:35Z,530,3,0,17,1,0,1,1,1,1785460886
2026-07-31T01:21:35Z,531,8,0,13,1,1,1,1,1,1785460848
2026-07-31T01:21:35Z,532,5,3,24,1,1,1,1,1,1785457478
2026-07-31T01:21:35Z,533,11,1,7,1,0,1,1,1,1785460194
2026-07-31T01:21:35Z,534,3,3,20,0,0,1,1,1,1785459927
2026-07-31T01:21:35Z,535,1,0,13,1,0,1,1,1,1785460732
2026-07-31T01:21:35Z,536,3,0,20,0,0,1,1,1,1785460643
2026-07-31T01:21:35Z,537,13,5,7,0,0,1,1,1,1785460790
2026-07-31T01:21:35Z,538,5,0,15,1,2,1,1,1,1785460836
2026-07-31T01:21:35Z,539,7,5,24,0,0,1,1,1,1785460461
2026-07-31T01:21:35Z,540,2,2,17,0,0,1,1,1,1785460455
2026-07-31T01:21:35Z,541,14,2,13,0,0,1,1,1,1785460621
2026-07-31T01:21:35Z,542,1,0,22,0,0,1,1,1,1785460512
2026-07-31T01:21:35Z,543,4,1,15,0,0,1,1,1,1785460818
2026-07-31T01:21:35Z,544,10,1,8,4,0,1,1,1,1785460768
2026-07-31T01:21:35Z,545,9,1,6,4,0,1,1,1,1785460881
2026-07-31T01:21:35Z,546,15,2,4,0,0,1,1,1,1785460865
2026-07-31T01:21:35Z,547,7,0,18,0,0,1,1,1,1785460219
2026-07-31T01:21:35Z,548,14,0,9,0,0,1,1,1,1785460624
2026-07-31T01:21:35Z,549,19,0,4,0,0,1,1,1,1785460785
2026-07-31T01:21:35Z,550,0,0,19,0,0,1,1,1,1785460812
2026-07-31T01:21:35Z,551,14,4,9,0,0,1,1,1,1785460771
2026-07-31T01:21:35Z,552,2,1,25,0,0,1,1,1,1785460226
2026-07-31T01:21:35Z,553,4,1,18,0,1,1,1,1,1785460800
2026-07-31T01:21:35Z,554,1,1,18,0,0,1,1,1,1785459733
2026-07-31T01:21:35Z,555,13,6,1,1,0,1,1,1,1785460566
2026-07-31T01:21:35Z,556,7,4,15,1,0,1,1,1,1785460800
2026-07-31T01:21:35Z,557,2,1,15,6,0,1,1,1,1785460203
2026-07-31T01:21:35Z,558,7,7,29,1,0,1,1,1,1785460879
2026-07-31T01:21:35Z,559,0,0,18,1,0,1,1,1,1785457401
2026-07-31T01:21:35Z,560,0,0,27,0,0,1,1,1,1785460374
2026-07-31T01:21:35Z,561,20,1,1,2,0,1,1,1,1785460817
2026-07-31T01:21:35Z,562,20,1,11,4,0,1,1,1,1785460885
2026-07-31T01:21:35Z,563,7,0,7,0,0,1,1,1,1785460090
2026-07-31T01:21:35Z,564,5,1,13,1,0,1,1,1,1785459039
2026-07-31T01:21:35Z,565,8,2,11,0,0,1,1,1,1785460657
2026-07-31T01:21:35Z,566,2,0,14,3,0,1,1,1,1785460861
2026-07-31T01:21:35Z,567,16,1,10,1,0,1,1,1,1785460788
2026-07-31T01:21:35Z,568,8,1,9,2,0,1,1,1,1785460282
2026-07-31T01:21:35Z,569,9,0,10,0,0,1,1,1,1785460074
2026-07-31T01:21:35Z,570,7,2,12,0,0,1,1,1,1785460471
2026-07-31T01:21:35Z,571,14,0,8,1,0,1,1,1,1785460837
2026-07-31T01:21:35Z,572,17,3,0,2,0,1,1,1,1785457866
2026-07-31T01:21:35Z,573,15,0,0,0,0,1,1,1,1785460519
2026-07-31T01:21:35Z,574,5,2,10,0,0,1,1,1,1785460650
2026-07-31T01:21:35Z,575,10,0,10,1,0,1,1,1,1785460489
2026-07-31T01:21:35Z,576,2,0,16,1,0,1,1,1,1785460315
2026-07-31T01:21:35Z,577,29,0,2,0,0,1,1,1,1785460416
2026-07-31T01:21:35Z,578,11,4,11,1,0,1,1,1,1785460513
2026-07-31T01:21:35Z,579,34,2,9,0,0,1,1,1,1785460860
2026-07-31T01:21:35Z,580,6,0,22,1,0,1,1,1,1785460884
2026-07-31T01:21:35Z,581,18,1,1,0,0,1,1,1,1785460771
2026-07-31T01:21:35Z,582,5,1,54,2,0,1,1,1,1785460876
2026-07-31T01:21:35Z,583,16,1,7,0,0,1,1,1,1785460668
2026-07-31T01:21:35Z,584,2,1,12,5,0,1,1,1,1785460734
2026-07-31T01:21:35Z,585,9,0,17,0,1,1,1,1,1785460865
2026-07-31T01:21:35Z,586,20,3,13,2,0,1,1,1,1785460711
2026-07-31T01:21:35Z,587,22,1,1,1,0,1,1,1,1785460705
2026-07-31T01:21:35Z,588,3,1,12,4,0,1,1,1,1785460788
2026-07-31T01:21:35Z,589,0,0,0,23,0,1,1,1,1785460786
2026-07-31T01:21:35Z,590,7,2,22,2,0,1,1,1,1785460888
2026-07-31T01:21:35Z,591,28,1,0,2,0,1,1,1,1785460411
2026-07-31T01:21:35Z,592,4,0,19,0,0,1,1,1,1785460839
2026-07-31T01:21:35Z,593,6,0,32,0,0,1,1,1,1785460760
2026-07-31T01:21:35Z,594,21,1,0,0,0,1,1,1,1785460742
2026-07-31T01:21:35Z,595,0,0,3,0,0,0,1,1,1784046673
2026-07-31T01:21:35Z,605,0,0,2,1,0,0,1,1,1783975843
2026-07-31T01:21:35Z,606,0,0,0,0,0,0,1,1,86400
2026-07-31T01:21:35Z,607,21,1,10,1,0,1,1,1,1785460792
2026-07-31T01:21:35Z,608,2,2,48,0,0,1,1,1,1785460101
2026-07-31T01:21:35Z,609,6,2,17,0,0,1,1,1,1785460886
2026-07-31T01:21:35Z,610,2,0,32,1,0,1,1,1,1785460686
2026-07-31T01:21:35Z,611,20,0,6,1,0,1,1,1,1785460832
2026-07-31T01:21:35Z,612,7,1,8,0,0,1,1,1,1785455780
2026-07-31T01:21:35Z,613,10,0,1,4,0,1,1,1,1785455457
2026-07-31T01:21:35Z,614,21,2,4,1,1,1,1,1,1785460886
2026-07-31T01:21:35Z,617,3,1,11,1,0,1,1,1,1785459989
2026-07-31T01:21:35Z,618,11,2,4,4,0,1,1,1,1785460040
2026-07-31T01:21:35Z,619,8,6,11,0,0,1,1,1,1785460837
2026-07-31T01:21:35Z,620,0,0,26,1,0,1,1,1,1785459814
2026-07-31T01:21:35Z,621,7,1,16,0,0,1,1,1,1785460622
2026-07-31T01:21:35Z,622,11,7,7,5,0,1,1,1,1785459980
2026-07-31T01:21:35Z,623,6,1,23,1,0,1,1,1,1785459579
2026-07-31T01:21:35Z,624,5,1,10,0,0,1,1,1,1785458538
2026-07-31T01:21:35Z,625,3,0,16,2,0,1,1,1,1785460542
2026-07-31T01:21:35Z,626,3,0,41,1,2,1,1,1,1785460665
2026-07-31T01:21:35Z,627,14,6,5,0,0,1,1,1,1785458008
2026-07-31T01:21:35Z,628,1,1,16,1,1,1,1,1,1785460388
2026-07-31T01:21:35Z,629,9,3,0,2,0,1,1,1,1785460798
2026-07-31T01:21:35Z,630,1,0,23,3,0,1,1,1,1785460580
2026-07-31T01:21:35Z,631,1,1,22,0,0,1,1,1,1785460499
2026-07-31T01:21:35Z,632,22,2,0,1,0,1,1,1,1785458363
2026-07-31T01:21:35Z,633,11,1,0,4,0,1,1,1,1785460811
2026-07-31T01:21:35Z,634,6,1,12,1,0,1,1,1,1785460465
2026-07-31T01:21:35Z,635,12,1,6,1,0,1,1,1,1785460321
2026-07-31T01:21:35Z,636,8,1,6,1,0,1,1,1,1785460102
2026-07-31T01:21:35Z,637,10,1,9,0,0,1,1,1,1785460625
2026-07-31T01:21:35Z,638,7,2,9,3,0,1,1,1,1785460692
2026-07-31T01:21:35Z,639,4,1,13,2,0,1,1,1,1785455668
2026-07-31T01:21:35Z,640,2,2,20,1,0,1,1,1,1785460843
2026-07-31T01:21:35Z,641,11,2,14,1,0,1,1,1,1785460804
2026-07-31T01:21:35Z,642,2,2,9,8,0,1,1,1,1785460884
2026-07-31T01:21:35Z,643,14,1,7,6,0,1,1,1,1785459894
2026-07-31T01:21:35Z,644,9,0,5,1,0,1,1,1,1785460308
2026-07-31T01:21:35Z,645,9,0,13,0,1,1,1,1,1785459389
2026-07-31T01:21:35Z,646,1,1,18,0,0,1,1,1,1785459640
2026-07-31T01:21:35Z,647,21,0,10,0,0,1,1,1,1785460842
2026-07-31T01:21:35Z,648,6,3,11,1,1,1,1,1,1785460857
2026-07-31T01:21:35Z,649,26,2,4,1,0,1,1,1,1785460805
2026-07-31T01:21:35Z,650,4,1,10,0,0,1,1,1,1785453435
2026-07-31T01:21:35Z,651,1,1,22,0,0,1,1,1,1785459098
2026-07-31T01:21:35Z,652,0,0,21,2,0,1,1,1,1785460888
2026-07-31T01:21:35Z,653,1,0,17,1,0,1,1,1,1785458071
2026-07-31T01:21:35Z,654,3,3,12,0,0,1,1,1,1785458495
2026-07-31T01:21:35Z,655,6,3,2,4,1,1,1,1,1785460768
2026-07-31T01:21:35Z,656,10,5,9,0,0,1,1,1,1785460732
2026-07-31T01:21:35Z,657,11,5,1,2,3,1,1,1,1785460877
2026-07-31T01:21:35Z,658,8,0,2,0,0,1,1,1,1785460467
2026-07-31T01:21:35Z,659,8,3,6,1,0,1,1,1,1785457539
2026-07-31T01:21:35Z,660,2,2,26,3,0,1,1,1,1785460759
2026-07-31T01:21:35Z,661,3,2,16,0,0,1,1,1,1785460701
2026-07-31T01:21:35Z,662,7,3,13,3,0,1,1,1,1785460767
2026-07-31T01:21:35Z,663,6,1,8,1,0,1,1,1,1785460501
2026-07-31T01:21:35Z,664,4,0,23,0,0,1,1,1,1785459778
2026-07-31T01:21:35Z,665,10,2,5,0,0,1,1,1,1785460201
2026-07-31T01:21:35Z,666,6,4,7,2,0,1,1,1,1785457342
2026-07-31T01:21:35Z,667,19,6,0,0,0,1,1,1,1785460817
2026-07-31T01:21:35Z,668,16,1,1,2,0,1,1,1,1785460754
2026-07-31T01:21:35Z,669,8,3,6,0,0,1,1,1,1785459513
2026-07-31T01:21:35Z,670,4,3,23,0,0,1,1,1,1785459775
2026-07-31T01:21:35Z,671,26,0,0,1,0,1,1,1,1785460826
2026-07-31T01:21:35Z,672,6,2,13,3,1,1,1,1,1785460487
2026-07-31T01:21:35Z,673,3,0,20,0,0,1,1,1,1785459652
2026-07-31T01:21:35Z,674,2,2,19,2,0,1,1,1,1785460789
2026-07-31T01:21:35Z,675,4,2,9,2,0,1,1,1,1785460880
2026-07-31T01:21:35Z,676,10,1,12,0,0,1,1,1,1785460296
2026-07-31T01:21:35Z,681,0,0,11,4,0,1,1,1,1785460690
2026-07-31T01:21:35Z,682,4,1,14,1,0,1,1,1,1785387864
2026-07-31T01:21:35Z,683,4,1,15,0,0,1,1,1,1785459218
2026-07-31T01:21:35Z,684,2,0,25,0,0,1,1,1,1785456431
2026-07-31T01:21:35Z,685,6,0,19,1,1,1,1,1,1785460671
2026-07-31T01:21:35Z,686,11,0,14,1,1,1,1,1,1785460686
2026-07-31T01:21:35Z,687,13,0,16,1,1,1,1,1,1785460887
2026-07-31T01:21:35Z,688,8,1,4,7,0,1,1,1,1785460608
2026-07-31T01:21:35Z,692,0,0,21,0,0,1,1,1,1785460379
2026-07-31T01:21:35Z,693,7,0,1,3,0,1,1,1,1785460019
2026-07-31T01:21:35Z,694,8,5,12,1,0,1,1,1,1785459697
2026-07-31T01:21:35Z,695,8,3,14,1,0,1,1,1,1785460114
2026-07-31T01:21:35Z,696,21,13,2,0,0,1,1,1,1785460688
2026-07-31T01:21:35Z,697,22,0,1,0,0,1,1,1,1785460771
2026-07-31T01:21:35Z,698,19,1,8,0,0,1,1,1,1785460834
2026-07-31T01:21:35Z,699,6,0,8,1,0,1,1,1,1785460254
2026-07-31T01:21:35Z,700,12,2,6,1,0,1,1,1,1785460724
2026-07-31T01:21:35Z,701,14,4,5,0,0,1,1,1,1785459778
2026-07-31T01:21:35Z,702,14,0,8,1,0,1,1,1,1785460374
2026-07-31T01:21:35Z,704,5,1,10,0,0,1,1,1,1785459216
2026-07-31T01:21:35Z,705,4,4,10,1,0,1,1,1,1785460496
2026-07-31T01:21:35Z,706,11,1,0,4,0,1,1,1,1785459868
2026-07-31T01:21:35Z,707,3,1,10,2,0,1,1,1,1785460459
2026-07-31T01:21:35Z,708,19,0,0,0,0,1,1,1,1785460758
2026-07-31T01:21:35Z,709,7,1,4,4,0,1,1,1,1785460654
2026-07-31T01:21:35Z,710,8,0,11,0,0,1,1,1,1785460308
2026-07-31T01:21:35Z,711,11,3,9,3,0,1,1,1,1785460449
2026-07-31T01:21:35Z,712,8,2,7,0,0,1,1,1,1785460669
2026-07-31T01:21:35Z,713,0,0,23,0,0,1,1,1,1785460841
2026-07-31T01:21:35Z,716,2,1,13,0,0,1,1,1,1785460132
2026-07-31T01:21:35Z,717,2,0,20,3,0,1,1,1,1785460168
2026-07-31T01:21:35Z,718,1,0,13,1,0,1,1,1,1785460211
2026-07-31T01:21:35Z,719,3,1,26,0,0,1,1,1,1785459902
2026-07-31T01:21:35Z,720,2,1,17,0,0,1,1,1,1785460437
2026-07-31T01:21:35Z,721,0,0,21,2,0,1,1,1,1785460056
2026-07-31T01:21:35Z,722,2,0,13,0,0,1,1,1,1785460184
2026-07-31T01:21:35Z,723,12,2,11,0,0,1,1,1,1785460138
2026-07-31T01:21:35Z,724,16,6,6,1,0,1,1,1,1785460621
2026-07-31T01:21:35Z,725,3,0,20,0,0,1,1,1,1785460885
2026-07-31T01:21:35Z,726,12,2,7,0,0,1,1,1,1785460394
2026-07-31T01:21:35Z,727,9,4,12,2,0,1,1,1,1785459299
2026-07-31T01:21:35Z,728,10,1,5,0,0,1,1,1,1785460745
2026-07-31T01:21:35Z,729,19,2,0,0,0,1,1,1,1785460725
2026-07-31T01:21:35Z,730,4,3,10,1,0,1,1,1,1785460040
2026-07-31T01:21:35Z,731,7,1,8,0,0,1,1,1,1785460428
2026-07-31T01:21:35Z,732,6,4,9,0,0,1,1,1,1785459668
2026-07-31T01:21:35Z,733,24,0,2,1,0,1,1,1,1785460389
2026-07-31T01:21:35Z,734,2,1,12,0,0,1,1,1,1785460187
2026-07-31T01:21:35Z,735,0,0,27,0,0,1,1,1,1785460270
2026-07-31T01:21:35Z,736,3,0,16,0,0,1,1,1,1785460857
2026-07-31T01:21:35Z,737,1,0,11,2,1,1,1,1,1785460794
2026-07-31T01:21:35Z,738,9,1,9,1,0,1,1,1,1785460770
2026-07-31T01:21:35Z,739,18,2,8,1,0,1,1,1,1785460364
2026-07-31T01:21:35Z,741,5,0,18,0,0,1,1,1,1785460740
2026-07-31T01:21:35Z,742,15,7,18,2,0,1,1,1,1785460720
2026-07-31T01:21:35Z,743,2,1,16,1,0,1,1,1,1785460603
2026-07-31T01:21:35Z,744,8,2,7,0,0,1,1,1,1785460623
2026-07-31T01:21:35Z,745,14,4,4,1,0,1,1,1,1785460047
2026-07-31T01:21:35Z,746,9,1,11,3,0,1,1,1,1785460839
2026-07-31T01:21:35Z,747,0,0,4,0,0,0,1,1,1783446606
2026-07-31T01:21:35Z,748,10,1,13,0,0,1,1,1,1785460032
2026-07-31T01:21:35Z,749,4,0,19,0,0,1,1,1,1785460732
2026-07-31T01:21:35Z,750,5,5,5,1,0,1,1,1,1785460784
2026-07-31T01:21:35Z,751,2,2,20,1,0,1,1,1,1785460845
2026-07-31T01:21:35Z,752,6,1,10,1,0,1,1,1,1785459922
2026-07-31T01:21:35Z,753,13,5,2,0,0,1,1,1,1785460793
2026-07-31T01:21:35Z,754,1,1,13,1,0,1,1,1,1785460524
2026-07-31T01:21:35Z,755,2,1,19,2,0,1,1,1,1785459960
2026-07-31T01:21:35Z,756,0,0,35,2,0,1,1,1,1785460564
2026-07-31T01:21:35Z,757,0,0,19,0,0,1,1,1,1785460090
2026-07-31T01:21:35Z,758,12,11,11,0,0,1,1,1,1785460259
2026-07-31T01:21:35Z,759,5,3,10,0,0,1,1,1,1785459440
2026-07-31T01:21:35Z,760,6,2,12,1,0,1,1,1,1785456620
2026-07-31T01:21:35Z,761,4,0,19,0,0,1,1,1,1785460662
2026-07-31T01:21:35Z,762,5,4,6,4,0,1,1,1,1785460332
2026-07-31T01:21:35Z,768,10,0,7,2,0,1,1,1,1785460383
2026-07-31T01:21:35Z,769,17,6,2,0,0,1,1,1,1785460834
2026-07-31T01:21:35Z,770,12,2,6,1,0,1,1,1,1785460878
2026-07-31T01:21:35Z,771,13,3,1,1,0,1,1,1,1785460318
2026-07-31T01:21:35Z,772,5,2,10,0,0,1,1,1,1785460816
2026-07-31T01:21:35Z,773,9,4,10,0,0,1,1,1,1785460766
2026-07-31T01:21:35Z,774,2,1,10,3,0,1,1,1,1785460765
2026-07-31T01:21:35Z,775,6,0,11,1,1,1,1,1,1785460498
2026-07-31T01:21:35Z,776,3,1,17,1,0,1,1,1,1785459256
2026-07-31T01:21:35Z,777,10,1,2,3,0,1,1,1,1785460817
2026-07-31T01:21:35Z,778,13,0,3,3,0,1,1,1,1785460861
2026-07-31T01:21:35Z,779,8,1,10,1,0,1,1,1,1785459702
2026-07-31T01:21:35Z,780,14,2,4,1,0,1,1,1,1785460871
2026-07-31T01:21:35Z,781,3,1,6,2,0,1,1,1,1785459925
2026-07-31T01:21:35Z,782,3,1,13,3,0,1,1,1,1785460623
2026-07-31T01:21:35Z,783,4,0,15,0,0,1,1,1,1785459926
2026-07-31T01:21:35Z,784,13,1,3,3,0,1,1,1,1785460788
2026-07-31T01:21:35Z,785,9,0,4,6,0,1,1,1,1785460079
2026-07-31T01:21:35Z,786,8,3,11,0,0,1,1,1,1785460616
2026-07-31T01:21:35Z,787,10,5,3,2,0,1,1,1,1785460098
2026-07-31T01:21:35Z,788,3,0,12,0,0,1,1,1,1785460416
2026-07-31T01:21:35Z,789,6,2,5,4,0,1,1,1,1785460672
2026-07-31T01:21:35Z,790,5,1,18,0,0,1,1,1,1785460734
2026-07-31T01:21:35Z,791,5,0,13,0,1,1,1,1,1785460433
2026-07-31T01:21:35Z,793,4,0,10,1,0,1,1,1,1785460827
2026-07-31T01:21:35Z,794,9,2,19,1,0,1,1,1,1785459502
2026-07-31T01:21:35Z,796,6,2,12,1,0,1,1,1,1785460824
2026-07-31T01:21:35Z,797,3,0,12,0,0,1,1,1,1785460246
2026-07-31T01:21:35Z,798,4,0,20,1,0,1,1,1,1785460700
2026-07-31T01:21:35Z,799,10,1,5,4,0,1,1,1,1785460528
2026-07-31T01:21:35Z,800,19,3,1,1,0,1,1,1,1785460812
2026-07-31T01:21:35Z,801,0,0,20,1,0,1,1,1,1785460775
2026-07-31T01:21:35Z,802,11,0,20,0,0,1,1,1,1785460605
2026-07-31T01:21:35Z,803,0,0,14,1,0,1,1,1,1785460383
2026-07-31T01:21:35Z,806,4,4,11,0,0,1,1,1,1785460586
2026-07-31T01:21:35Z,807,0,0,24,1,0,1,1,1,1785459496
2026-07-31T01:21:35Z,808,5,0,18,2,0,1,1,1,1785459824
2026-07-31T01:21:35Z,809,5,1,17,1,0,1,1,1,1785460510
2026-07-31T01:21:35Z,810,3,1,12,4,0,1,1,1,1785460882
2026-07-31T01:21:35Z,815,5,0,5,4,1,1,1,1,1785460557
2026-07-31T01:21:35Z,817,8,4,7,0,0,1,1,1,1785460887
2026-07-31T01:21:35Z,818,5,0,17,1,0,1,1,1,1785459217
2026-07-31T01:21:35Z,819,6,3,8,1,0,1,1,1,1785460887
2026-07-31T01:21:35Z,820,7,1,10,0,0,1,1,1,1785459844
2026-07-31T01:21:35Z,821,1,1,14,0,0,1,1,1,1785460777
2026-07-31T01:21:35Z,822,19,1,2,2,0,1,1,1,1785460756
2026-07-31T01:21:35Z,823,11,0,3,1,0,1,1,1,1785460749
2026-07-31T01:21:35Z,824,13,3,5,1,0,1,1,1,1785460720
2026-07-31T01:21:35Z,825,9,5,6,0,0,1,1,1,1785457432
2026-07-31T01:21:35Z,826,4,1,14,1,0,1,1,1,1785459636
2026-07-31T01:21:35Z,827,14,5,6,1,0,1,1,1,1785459309
2026-07-31T01:21:35Z,828,7,2,10,1,0,1,1,1,1785460755
2026-07-31T01:21:35Z,829,14,6,13,0,0,1,1,1,1785459823
2026-07-31T01:21:35Z,830,13,0,9,1,0,1,1,1,1785460760
2026-07-31T01:21:35Z,831,3,3,11,1,0,1,1,1,1785460221
2026-07-31T01:21:35Z,832,11,4,4,3,0,1,1,1,1785460242
2026-07-31T01:21:35Z,833,1,1,17,1,0,1,1,1,1785460006
2026-07-31T01:21:35Z,834,5,2,17,2,0,1,1,1,1785460883
2026-07-31T01:21:35Z,835,6,0,11,1,0,1,1,1,1785460821
2026-07-31T01:21:35Z,837,5,1,0,10,0,1,1,1,1785460226
2026-07-31T01:21:35Z,838,11,1,3,1,0,1,1,1,1785460780
2026-07-31T01:21:35Z,839,19,2,10,0,0,1,1,1,1785460857
2026-07-31T01:21:35Z,840,5,0,22,2,0,1,1,1,1785460835
2026-07-31T01:21:35Z,841,7,1,8,0,0,1,1,1,1785460780
2026-07-31T01:21:35Z,842,6,1,17,0,0,1,1,1,1785459923
2026-07-31T01:21:35Z,843,9,0,21,1,0,1,1,1,1785460062
2026-07-31T01:21:35Z,844,6,1,17,0,0,1,1,1,1785459974
2026-07-31T01:21:35Z,845,5,3,12,2,0,1,1,1,1785460332
2026-07-31T01:21:35Z,846,4,0,13,2,0,1,1,1,1785460104
2026-07-31T01:21:35Z,847,4,1,23,0,0,1,1,1,1785459169
2026-07-31T01:21:35Z,848,5,0,13,1,0,1,1,1,1785460810
2026-07-31T01:21:35Z,849,8,1,7,0,0,1,1,1,1785460662
2026-07-31T01:21:35Z,850,9,0,1,1,0,1,1,1,1785459543
2026-07-31T01:21:35Z,851,0,0,35,2,0,1,1,1,1785459264
2026-07-31T01:21:35Z,852,10,4,8,1,0,1,1,1,1785460073
2026-07-31T01:21:35Z,853,9,4,14,0,0,1,1,1,1785460881
2026-07-31T01:21:35Z,854,2,2,13,0,0,1,1,1,1785459209
2026-07-31T01:21:35Z,855,14,2,13,0,0,1,1,1,1785460742
2026-07-31T01:21:35Z,857,1,1,17,1,0,1,1,1,1785460767
2026-07-31T01:21:35Z,858,4,1,14,1,0,1,1,1,1785460683
2026-07-31T01:21:35Z,859,3,0,17,1,0,1,1,1,1785459115
2026-07-31T01:21:35Z,861,8,1,2,1,0,1,1,1,1785455675
2026-07-31T01:21:35Z,862,2,1,13,0,0,1,1,1,1785460820
2026-07-31T01:21:35Z,863,10,0,8,1,0,1,1,1,1785459778
2026-07-31T01:21:35Z,866,6,0,12,1,0,1,1,1,1785460485
2026-07-31T01:21:35Z,867,12,0,3,0,0,1,1,1,1785459864
2026-07-31T01:21:35Z,868,13,2,2,0,0,1,1,1,1785460037
2026-07-31T01:21:35Z,870,7,5,7,1,0,1,1,1,1785460251
2026-07-31T01:21:35Z,871,0,0,10,1,0,1,1,1,1785459669
2026-07-31T01:21:35Z,872,0,0,14,1,0,1,1,1,1785460181
2026-07-31T01:21:35Z,873,0,0,32,1,0,1,1,1,1785460852
2026-07-31T01:21:35Z,874,2,0,10,3,0,1,1,1,1785460414
2026-07-31T01:21:35Z,875,14,10,0,1,0,1,1,1,1785460268
2026-07-31T01:21:35Z,877,12,11,6,1,0,1,1,1,1785459724
2026-07-31T01:21:35Z,878,3,3,15,1,0,1,1,1,1785460877
2026-07-31T01:21:35Z,879,2,0,17,0,0,1,1,1,1785459369
2026-07-31T01:21:35Z,880,4,1,18,1,0,1,1,1,1785460270
2026-07-31T01:21:35Z,881,3,0,16,0,0,1,1,1,1785460167
2026-07-31T01:21:35Z,882,11,0,6,2,0,1,1,1,1785457778
2026-07-31T01:21:35Z,883,10,6,9,0,0,1,1,1,1785460477
2026-07-31T01:21:35Z,884,11,7,10,0,0,1,1,1,1785459700
2026-07-31T01:21:35Z,885,0,0,19,0,0,1,1,1,1785460035
2026-07-31T01:21:35Z,886,0,0,28,1,0,1,1,1,1785460744
2026-07-31T01:21:35Z,887,0,0,14,3,0,1,1,1,1785460798
2026-07-31T01:21:35Z,888,18,1,21,2,0,1,1,1,1785460856
2026-07-31T01:21:35Z,889,5,0,12,2,0,1,1,1,1785460367
2026-07-31T01:21:35Z,890,4,1,10,1,0,1,1,1,1785455867
2026-07-31T01:21:35Z,891,12,0,10,1,0,1,1,1,1785459486
2026-07-31T01:21:35Z,892,12,1,3,0,0,1,1,1,1785456450
2026-07-31T01:21:35Z,895,1,0,17,1,0,1,1,1,1785449127
2026-07-31T01:21:35Z,896,21,2,14,0,0,1,1,1,1785460107
2026-07-31T01:21:35Z,897,8,0,13,0,0,1,1,1,1785460199
2026-07-31T01:21:35Z,898,0,0,19,0,0,1,1,1,1785460682
2026-07-31T01:21:35Z,899,19,2,0,0,0,1,1,1,1785459261
2026-07-31T01:21:35Z,900,25,3,2,0,0,1,1,1,1785460729
2026-07-31T01:21:35Z,901,16,1,2,1,0,1,1,1,1785460693
2026-07-31T01:21:35Z,902,10,1,4,1,0,1,1,1,1785460603
2026-07-31T01:21:35Z,903,6,0,13,0,0,1,1,1,1785459261
2026-07-31T01:21:35Z,904,11,5,8,0,0,1,1,1,1785460339
2026-07-31T01:21:35Z,905,3,2,24,0,0,1,1,1,1785460500
2026-07-31T01:21:35Z,906,1,1,26,0,0,1,1,1,1785460601
2026-07-31T01:21:35Z,907,30,3,0,1,0,1,1,1,1785460885
2026-07-31T01:21:35Z,908,8,2,15,0,0,1,1,1,1785460303
2026-07-31T01:21:35Z,909,4,3,19,0,0,1,1,1,1785460762
2026-07-31T01:21:35Z,910,14,0,17,0,0,1,1,1,1785460580
2026-07-31T01:21:35Z,911,6,0,13,0,0,1,1,1,1785460502
2026-07-31T01:21:35Z,912,9,2,12,2,0,1,1,1,1785460848
2026-07-31T01:21:35Z,913,5,2,14,0,0,1,1,1,1785460859
2026-07-31T01:21:35Z,914,8,0,11,0,0,1,1,1,1785460752
2026-07-31T01:21:35Z,915,10,0,12,1,0,1,1,1,1785460732
2026-07-31T01:21:35Z,916,3,0,20,0,0,1,1,1,1785460439
2026-07-31T01:21:35Z,917,33,4,0,2,0,1,1,1,1785460462
2026-07-31T01:21:35Z,918,6,1,10,3,0,1,1,1,1785460719
2026-07-31T01:21:35Z,919,1,0,36,2,0,1,1,1,1785460875
2026-07-31T01:21:35Z,920,3,1,16,0,0,1,1,1,1785460706
2026-07-31T01:21:35Z,921,15,0,6,0,0,1,1,1,1785460140
2026-07-31T01:21:35Z,922,1,0,20,0,0,1,1,1,1785460774
2026-07-31T01:21:35Z,923,10,10,8,1,0,1,1,1,1785460514
2026-07-31T01:21:35Z,924,8,0,13,0,0,1,1,1,1785459208
2026-07-31T01:21:35Z,925,13,0,8,0,0,1,1,1,1785460459
2026-07-31T01:21:35Z,926,1,1,20,0,0,1,1,1,1785460636
2026-07-31T01:21:35Z,927,22,1,13,0,0,1,1,1,1785460876
2026-07-31T01:21:35Z,928,12,0,7,0,0,1,1,1,1785459894
2026-07-31T01:21:35Z,929,0,0,23,0,0,1,1,1,1785460518
2026-07-31T01:21:35Z,930,26,3,3,2,0,1,1,1,1785460768
2026-07-31T01:21:35Z,931,1,1,22,0,0,1,1,1,1785460595
2026-07-31T01:21:35Z,932,14,0,0,5,0,1,1,1,1785460589
2026-07-31T01:21:35Z,933,22,2,0,1,0,1,1,1,1785460595
2026-07-31T01:21:35Z,934,1,1,29,1,0,1,1,1,1785460154
2026-07-31T01:21:35Z,935,7,0,10,2,0,1,1,1,1785460869
2026-07-31T01:21:35Z,936,4,1,15,0,0,1,1,1,1785456801
2026-07-31T01:21:35Z,940,11,2,0,0,0,1,1,1,1785460411
2026-07-31T01:21:35Z,941,8,2,15,2,0,1,1,1,1785460741
2026-07-31T01:21:35Z,942,14,2,7,0,0,1,1,1,1785460509
2026-07-31T01:21:35Z,943,9,8,6,0,0,1,1,1,1785460310
2026-07-31T01:21:35Z,944,9,8,6,0,0,1,1,1,1785460104
2026-07-31T01:21:35Z,945,10,8,5,0,0,1,1,1,1785459611
2026-07-31T01:21:35Z,946,7,5,12,0,0,1,1,1,1785424152
2026-07-31T01:21:35Z,947,7,5,10,0,0,1,1,1,1785460112
2026-07-31T01:21:35Z,948,0,0,27,4,0,1,1,1,1785460529
2026-07-31T01:21:35Z,949,9,5,6,0,0,1,1,1,1785460878
2026-07-31T01:21:35Z,950,2,2,14,1,0,1,1,1,1785460288
2026-07-31T01:21:35Z,951,8,0,14,1,0,1,1,1,1785460814
2026-07-31T01:21:35Z,952,21,0,33,1,0,1,1,1,1785460824
2026-07-31T01:21:35Z,953,10,1,5,0,0,1,1,1,1785460640
2026-07-31T01:21:35Z,954,16,0,3,0,0,1,1,1,1785460655
2026-07-31T01:21:35Z,955,0,0,22,5,0,1,1,1,1785460509
2026-07-31T01:21:35Z,956,14,0,8,1,0,1,1,1,1785460846
2026-07-31T01:21:35Z,957,17,1,11,1,0,1,1,1,1785460803
2026-07-31T01:21:35Z,958,23,0,7,1,0,1,1,1,1785460755
2026-07-31T01:21:35Z,959,12,4,10,1,0,1,1,1,1785460664
2026-07-31T01:21:35Z,960,16,10,6,1,0,1,1,1,1785460775
2026-07-31T01:21:35Z,961,0,0,20,3,0,1,1,1,1785460800
2026-07-31T01:21:35Z,962,4,0,28,3,0,1,1,1,1785459431
2026-07-31T01:21:35Z,963,7,0,15,1,0,1,1,1,1785460869
2026-07-31T01:21:35Z,964,3,3,19,1,0,1,1,1,1785460086
2026-07-31T01:21:35Z,965,3,0,23,1,0,1,1,1,1785460434
2026-07-31T01:21:35Z,966,9,0,22,0,0,1,1,1,1785460735
2026-07-31T01:21:35Z,967,4,0,15,2,0,1,1,1,1785460560
2026-07-31T01:21:35Z,968,5,2,14,0,0,1,1,1,1785460131
2026-07-31T01:21:35Z,969,3,3,22,2,0,1,1,1,1785460587
2026-07-31T01:21:35Z,970,4,3,14,1,0,1,1,1,1785460414
2026-07-31T01:21:35Z,971,22,0,0,1,0,1,1,1,1785460397
2026-07-31T01:21:35Z,972,6,0,16,1,0,1,1,1,1785460023
2026-07-31T01:21:35Z,973,6,4,16,1,0,1,1,1,1785459513
2026-07-31T01:21:35Z,974,14,0,13,0,0,1,1,1,1785460882
2026-07-31T01:21:35Z,977,4,4,13,4,0,1,1,1,1785460728
2026-07-31T01:21:35Z,978,13,4,10,0,0,1,1,1,1785460122
2026-07-31T01:21:35Z,979,2,1,15,0,0,1,1,1,1785460778
2026-07-31T01:21:35Z,980,1,0,19,1,0,1,1,1,1785460397
2026-07-31T01:21:35Z,981,2,0,18,1,0,1,1,1,1785460865
2026-07-31T01:21:35Z,982,3,1,14,2,0,1,1,1,1785460125
2026-07-31T01:21:35Z,983,1,1,21,1,0,1,1,1,1785460513
2026-07-31T01:21:35Z,984,6,0,17,0,0,1,1,1,1785460146
2026-07-31T01:21:35Z,985,28,0,3,0,0,1,1,1,1785460866
2026-07-31T01:21:35Z,986,2,0,17,0,0,1,1,1,1785460121
2026-07-31T01:21:35Z,987,5,0,17,1,0,1,1,1,1785460631
2026-07-31T01:21:35Z,988,6,2,12,1,0,1,1,1,1785460261
2026-07-31T01:21:35Z,989,8,4,11,0,0,1,1,1,1785459261
2026-07-31T01:21:35Z,990,13,1,0,2,0,1,1,1,1785460351
2026-07-31T01:21:35Z,991,9,1,9,1,0,1,1,1,1785460873
2026-07-31T01:21:35Z,992,8,6,14,1,0,1,1,1,1785460822
2026-07-31T01:21:35Z,993,0,0,27,0,0,1,1,1,1785460006
2026-07-31T01:21:35Z,994,3,1,18,0,0,1,1,1,1785460415
2026-07-31T01:21:35Z,995,7,0,20,0,0,1,1,1,1785460240
2026-07-31T01:21:35Z,996,9,1,14,0,0,1,1,1,1785460060
2026-07-31T01:21:35Z,997,10,4,11,2,0,1,1,1,1785460459
2026-07-31T01:21:35Z,998,4,2,18,1,0,1,1,1,1785460383
2026-07-31T01:21:35Z,999,4,2,15,1,1,1,1,1,1785460177
2026-07-31T01:21:35Z,1000,4,2,17,0,0,1,1,1,1785460387
2026-07-31T01:21:35Z,1001,1,0,26,0,0,1,1,1,1785460382
2026-07-31T01:21:35Z,1002,0,0,27,4,0,1,1,1,1785460351
2026-07-31T01:21:35Z,1003,0,0,22,1,0,1,1,1,1785460037
2026-07-31T01:21:35Z,1004,5,1,18,0,0,1,1,1,1785460510
2026-07-31T01:21:35Z,1005,20,1,3,0,0,1,1,1,1785460222
2026-07-31T01:21:35Z,1006,7,4,11,1,0,1,1,1,1785460077
2026-07-31T01:21:35Z,1007,5,2,16,0,0,1,1,1,1785459705
2026-07-31T01:21:35Z,1008,6,5,15,2,0,1,1,1,1785459178
2026-07-31T01:21:35Z,1009,21,4,8,2,0,1,1,1,1785460878
2026-07-31T01:21:35Z,1010,7,2,20,0,0,1,1,1,1785459867
2026-07-31T01:21:35Z,1011,7,1,10,2,0,1,1,1,1785460456
2026-07-31T01:21:35Z,1012,4,3,18,1,0,1,1,1,1785459988
2026-07-31T01:21:35Z,1013,4,1,18,1,0,1,1,1,1785460610
2026-07-31T01:21:35Z,1014,8,3,13,2,0,1,1,1,1785460499
2026-07-31T01:21:35Z,1015,4,3,25,2,0,1,1,1,1785460722
2026-07-31T01:21:35Z,1016,10,5,21,0,0,1,1,1,1785459789
2026-07-31T01:21:35Z,1017,14,5,7,0,0,1,1,1,1785459401
2026-07-31T01:21:35Z,1018,8,2,14,0,0,1,1,1,1785460078
2026-07-31T01:21:35Z,1019,7,5,8,0,0,1,1,1,1785460051
2026-07-31T01:21:35Z,1020,18,3,3,0,0,1,1,1,1785459278
2026-07-31T01:21:35Z,1021,8,3,6,1,0,1,1,1,1785460857
2026-07-31T01:21:35Z,1022,14,0,13,0,0,1,1,1,1785460141
2026-07-31T01:21:35Z,1023,12,1,10,1,0,1,1,1,1785459805
2026-07-31T01:21:35Z,1024,6,3,13,0,0,1,1,1,1785460833
2026-07-31T01:21:35Z,1025,4,0,14,0,1,1,1,1,1785460101
2026-07-31T01:21:35Z,1026,8,4,18,5,0,1,1,1,1785459220
2026-07-31T01:21:35Z,1028,2,0,20,1,0,1,1,1,1785460170
2026-07-31T01:21:35Z,1029,10,9,5,0,0,1,1,1,1785459328
2026-07-31T01:21:35Z,1030,13,5,10,0,0,1,1,1,1785460839
2026-07-31T01:21:35Z,1031,10,0,9,0,0,1,1,1,1785459432
2026-07-31T01:21:35Z,1032,7,1,12,0,0,1,1,1,1785460089
2026-07-31T01:21:35Z,1033,8,5,10,1,0,1,1,1,1785459079
2026-07-31T01:21:35Z,1034,1,0,14,0,0,1,1,1,1785460136
2026-07-31T01:21:35Z,1035,2,0,16,1,0,1,1,1,1785460112
2026-07-31T01:21:35Z,1036,15,1,0,0,0,1,1,1,1785460707
2026-07-31T01:21:35Z,1037,4,1,14,1,0,1,1,1,1785460604
2026-07-31T01:21:35Z,1038,3,1,11,1,0,1,1,1,1785459834
2026-07-31T01:21:35Z,1039,4,2,15,0,0,1,1,1,1785460244
2026-07-31T01:21:35Z,1040,9,4,9,1,0,1,1,1,1785460120
2026-07-31T01:21:35Z,1041,8,2,10,1,0,1,1,1,1785460768
2026-07-31T01:21:35Z,1042,11,0,2,2,0,1,1,1,1785460340
2026-07-31T01:21:35Z,1043,9,0,7,3,0,1,1,1,1785460295
2026-07-31T01:21:35Z,1044,2,1,13,0,0,1,1,1,1785459886
2026-07-31T01:21:35Z,1045,10,0,9,0,0,1,1,1,1785460079
2026-07-31T01:21:35Z,1046,8,0,7,0,0,1,1,1,1785459515
2026-07-31T01:21:35Z,1047,4,0,17,0,0,1,1,1,1785460828
2026-07-31T01:21:35Z,1048,6,1,13,0,0,1,1,1,1785460054
2026-07-31T01:21:35Z,1049,3,0,18,0,0,1,1,1,1785460082
2026-07-31T01:21:35Z,1050,18,5,3,0,0,1,1,1,1785459661
2026-07-31T01:21:35Z,1051,7,3,14,0,0,1,1,1,1785459276
2026-07-31T01:21:35Z,1052,17,2,5,0,0,1,1,1,1785459895
2026-07-31T01:21:35Z,1053,2,1,13,0,0,1,1,1,1785460503
2026-07-31T01:21:35Z,1054,14,1,1,0,0,1,1,1,1785460254
2026-07-31T01:21:35Z,1055,7,2,12,0,0,1,1,1,1785460700
2026-07-31T01:21:35Z,1057,5,0,14,0,0,1,1,1,1785459935
2026-07-31T01:21:35Z,1058,56,3,0,0,0,1,1,1,1785460800
2026-07-31T01:21:35Z,1059,1,0,16,2,0,1,1,1,1785460144
2026-07-31T01:21:35Z,1060,6,1,31,0,0,1,1,1,1785460698
2026-07-31T01:21:35Z,1061,26,2,11,0,0,1,1,1,1785460840
2026-07-31T01:21:35Z,1062,16,2,1,0,0,1,1,1,1785460858
2026-07-31T01:21:35Z,1063,12,1,6,1,0,1,1,1,1785460135
2026-07-31T01:21:35Z,1064,6,2,16,1,0,1,1,1,1785460413
2026-07-31T01:21:35Z,1065,15,3,8,0,0,1,1,1,1785460672
2026-07-31T01:21:35Z,1066,11,2,12,0,0,1,1,1,1785460502
2026-07-31T01:21:35Z,1067,7,1,15,1,0,1,1,1,1785460765
2026-07-31T01:21:35Z,1068,8,2,13,2,0,1,1,1,1785460225
2026-07-31T01:21:35Z,1069,12,3,11,0,0,1,1,1,1785460307
2026-07-31T01:21:35Z,1070,11,2,12,0,0,1,1,1,1785460400
2026-07-31T01:21:35Z,1071,7,4,16,0,0,1,1,1,1785460440
2026-07-31T01:21:35Z,1072,11,1,11,1,0,1,1,1,1785460753
2026-07-31T01:21:35Z,1073,10,3,15,2,0,1,1,1,1785460701
2026-07-31T01:21:35Z,1074,53,0,0,0,0,1,1,1,1785460322
2026-07-31T01:21:35Z,1075,9,8,12,0,0,1,1,1,1785459810
2026-07-31T01:21:35Z,1076,13,11,8,0,0,1,1,1,1785459241
2026-07-31T01:21:35Z,1077,8,5,13,0,0,1,1,1,1785460017
2026-07-31T01:21:35Z,1078,13,10,8,0,0,1,1,1,1785459286
2026-07-31T01:21:35Z,1079,12,9,9,0,0,1,1,1,1785459925
2026-07-31T01:21:35Z,1080,9,7,11,1,0,1,1,1,1785460520
2026-07-31T01:21:35Z,1081,14,9,5,0,0,1,1,1,1785459139
2026-07-31T01:21:35Z,1082,4,4,4,0,0,1,1,1,1785460522
2026-07-31T01:21:35Z,1083,12,10,9,0,0,1,1,1,1785460176
2026-07-31T01:21:35Z,1084,8,7,13,0,0,1,1,1,1785459809
2026-07-31T01:21:35Z,1085,10,10,11,0,0,1,1,1,1785459396
2026-07-31T01:21:35Z,1086,8,7,12,1,0,1,1,1,1785460122
2026-07-31T01:21:35Z,1087,8,7,7,0,0,1,1,1,1785459391
2026-07-31T01:21:35Z,1088,10,7,5,0,0,1,1,1,1785460142
2026-07-31T01:21:35Z,1089,6,4,9,0,0,1,1,1,1785460517
2026-07-31T01:21:35Z,1090,8,7,7,0,0,1,1,1,1785459225
2026-07-31T01:21:35Z,1091,12,7,3,0,0,1,1,1,1785459856
2026-07-31T01:21:35Z,1092,9,9,5,1,0,1,1,1,1785460494
2026-07-31T01:21:35Z,1093,7,6,8,0,0,1,1,1,1785460863
2026-07-31T01:21:35Z,1094,10,8,8,1,0,1,1,1,1785460094
2026-07-31T01:21:35Z,1095,9,8,6,0,0,1,1,1,1785460826
2026-07-31T01:21:35Z,1096,6,3,12,1,0,1,1,1,1785460454
2026-07-31T01:21:35Z,1097,10,10,5,0,0,1,1,1,1785460677
2026-07-31T01:21:35Z,1098,9,7,10,0,0,1,1,1,1785459178
2026-07-31T01:21:35Z,1099,7,6,8,0,0,1,1,1,1785459926
2026-07-31T01:21:35Z,1100,6,2,23,0,0,1,1,1,1785460314
2026-07-31T01:21:35Z,1101,10,5,11,0,0,1,1,1,1785459795
2026-07-31T01:21:35Z,1102,9,4,4,0,0,1,1,1,1785459144
2026-07-31T01:21:35Z,1103,10,5,11,0,0,1,1,1,1785458054
2026-07-31T01:21:35Z,1104,10,5,11,0,0,1,1,1,1785459545
2026-07-31T01:21:35Z,1105,7,3,6,0,0,1,1,1,1785460851
2026-07-31T01:21:35Z,1106,13,7,8,0,0,1,1,1,1785459880
2026-07-31T01:21:35Z,1107,9,5,6,0,0,1,1,1,1785460227
2026-07-31T01:21:35Z,1108,8,3,16,3,0,1,1,1,1785460623
2026-07-31T01:21:35Z,1109,7,3,8,0,0,1,1,1,1785460880
2026-07-31T01:21:35Z,1110,8,0,13,0,0,1,1,1,1785459425
2026-07-31T01:21:35Z,1111,2,0,19,0,0,1,1,1,1785459396
2026-07-31T01:21:35Z,1112,41,0,12,0,0,1,1,1,1785460888
2026-07-31T01:21:35Z,1113,0,0,21,0,0,1,1,1,1785459415
2026-07-31T01:21:35Z,1115,20,7,2,1,0,1,1,1,1785460566
2026-07-31T01:21:35Z,1116,4,1,15,0,0,1,1,1,1785460107
2026-07-31T01:21:35Z,1117,0,0,23,0,0,1,1,1,1785460454
2026-07-31T01:21:35Z,1118,17,2,3,1,0,1,1,1,1785460617
2026-07-31T01:21:35Z,1119,10,1,6,1,0,1,1,1,1785460582
2026-07-31T01:21:35Z,1120,13,2,5,1,0,1,1,1,1785460154
2026-07-31T01:21:35Z,1121,8,4,11,2,0,1,1,1,1785460404
2026-07-31T01:21:35Z,1122,16,11,3,2,0,1,1,1,1785460850
2026-07-31T01:21:35Z,1123,0,0,21,2,0,1,1,1,1785460837
2026-07-31T01:21:35Z,1124,8,0,2,5,0,1,1,1,1785460750
2026-07-31T01:21:35Z,1125,15,1,8,0,0,1,1,1,1785460491
2026-07-31T01:21:35Z,1126,5,2,14,2,0,1,1,1,1785460107
2026-07-31T01:21:35Z,1127,13,2,5,1,0,1,1,1,1785460594
2026-07-31T01:21:35Z,1128,10,0,4,1,0,1,1,1,1785460135
2026-07-31T01:21:35Z,1129,4,0,17,0,0,1,1,1,1785459845
2026-07-31T01:21:35Z,1130,3,0,12,0,0,1,1,1,1785460879
2026-07-31T01:21:35Z,1131,2,0,46,1,0,1,1,1,1785460651
2026-07-31T01:21:35Z,1132,13,5,7,1,0,1,1,1,1785460779
2026-07-31T01:21:35Z,1133,9,5,11,1,0,1,1,1,1785460411
2026-07-31T01:21:35Z,1134,10,6,9,0,0,1,1,1,1785460603
2026-07-31T01:21:35Z,1135,10,5,11,0,0,1,1,1,1785459689
2026-07-31T01:21:35Z,1136,14,0,9,0,0,1,1,1,1785460867
2026-07-31T01:21:35Z,1137,8,0,7,0,0,1,1,1,1785460056
2026-07-31T01:21:35Z,1138,10,2,9,0,0,1,1,1,1785460071
2026-07-31T01:21:35Z,1139,9,2,10,2,0,1,1,1,1785460570
2026-07-31T01:21:35Z,1140,21,4,1,1,0,1,1,1,1785460390
2026-07-31T01:21:35Z,1141,0,0,20,1,0,1,1,1,1785460089
2026-07-31T01:21:35Z,1142,21,1,0,0,0,1,1,1,1785460744
2026-07-31T01:21:35Z,1143,18,1,11,0,0,1,1,1,1785460882
2026-07-31T01:21:35Z,1144,9,4,10,2,0,1,1,1,1785460371
2026-07-31T01:21:35Z,1145,12,6,8,1,0,1,1,1,1785460464
2026-07-31T01:21:35Z,1146,7,2,11,1,0,1,1,1,1785460832
2026-07-31T01:21:35Z,1147,5,1,14,0,0,1,1,1,1785460677
2026-07-31T01:21:35Z,1148,4,1,27,0,0,1,1,1,1785460837
2026-07-31T01:21:35Z,1149,6,6,19,0,0,1,1,1,1785460846
2026-07-31T01:21:35Z,1150,8,0,11,0,0,1,1,1,1785459995
2026-07-31T01:21:35Z,1151,2,1,19,0,0,1,1,1,1785460742
2026-07-31T01:21:35Z,1152,5,0,24,0,0,1,1,1,1785460295
2026-07-31T01:21:35Z,1153,11,0,11,1,0,1,1,1,1785460625
2026-07-31T01:21:35Z,1154,12,1,7,0,0,1,1,1,1785460655
2026-07-31T01:21:35Z,1155,7,5,13,1,0,1,1,1,1785460885
2026-07-31T01:21:35Z,1158,3,0,16,0,0,1,1,1,1785460000
2026-07-31T01:21:35Z,1159,11,0,8,0,0,1,1,1,1785460354
2026-07-31T01:21:35Z,1160,7,1,11,1,0,1,1,1,1785460006
2026-07-31T01:21:35Z,1161,4,1,14,1,0,1,1,1,1785460484
2026-07-31T01:21:35Z,1162,0,0,19,0,0,1,1,1,1785460739
2026-07-31T01:21:35Z,1163,1,1,17,1,0,1,1,1,1785460118
2026-07-31T01:21:35Z,1164,4,1,15,0,0,1,1,1,1785460177
2026-07-31T01:21:35Z,1165,8,1,13,0,0,1,1,1,1785459080
2026-07-31T01:21:35Z,1166,7,3,14,0,0,1,1,1,1785460405
2026-07-31T01:21:35Z,1167,4,0,11,0,0,1,1,1,1785459914
2026-07-31T01:21:35Z,1168,1,0,22,0,0,1,1,1,1785460338
2026-07-31T01:21:35Z,1169,3,0,15,1,0,1,1,1,1785460023
2026-07-31T01:21:35Z,1170,6,0,14,1,0,1,1,1,1785460595
2026-07-31T01:21:35Z,1171,8,7,14,1,0,1,1,1,1785460020
2026-07-31T01:21:35Z,1172,7,2,6,2,0,1,1,1,1785460313
2026-07-31T01:21:35Z,1173,10,3,9,0,0,1,1,1,1785460265
2026-07-31T01:21:35Z,1174,6,2,9,0,0,1,1,1,1785459979
2026-07-31T01:21:35Z,1175,7,3,12,0,0,1,1,1,1785456851
2026-07-31T01:21:35Z,1176,19,1,2,0,0,1,1,1,1785459458
2026-07-31T01:21:35Z,1177,2,1,19,0,0,1,1,1,1785460218
2026-07-31T01:21:35Z,1178,1,0,14,0,0,1,1,1,1785459981
2026-07-31T01:21:35Z,1181,11,3,3,1,0,1,1,1,1785460840
2026-07-31T01:21:35Z,1182,10,4,9,1,0,1,1,1,1785460756
2026-07-31T01:21:35Z,1183,0,0,43,2,0,1,1,1,1785460217
2026-07-31T01:21:35Z,1184,2,1,18,1,0,1,1,1,1785460580
2026-07-31T01:21:35Z,1185,10,5,11,0,0,1,1,1,1785459485
2026-07-31T01:21:35Z,1186,9,5,10,0,0,1,1,1,1785460534
2026-07-31T01:21:35Z,1187,11,6,9,1,0,1,1,1,1785459158
2026-07-31T01:21:35Z,1188,9,3,6,0,0,1,1,1,1785460241
2026-07-31T01:21:35Z,1189,10,5,9,0,0,1,1,1,1785460288
2026-07-31T01:21:35Z,1190,10,5,11,0,0,1,1,1,1785459666
2026-07-31T01:21:35Z,1191,10,5,5,0,0,1,1,1,1785460246
2026-07-31T01:21:35Z,1192,11,7,10,0,0,1,1,1,1785460034
2026-07-31T01:21:35Z,1193,6,4,5,2,0,1,1,1,1785459339
2026-07-31T01:21:35Z,1197,9,6,7,1,0,1,1,1,1785460700
2026-07-31T01:21:35Z,1198,14,4,5,2,0,1,1,1,1785460561
2026-07-31T01:21:35Z,1199,2,0,17,0,0,1,1,1,1785460589
2026-07-31T01:21:35Z,1200,11,5,4,0,0,1,1,1,1785460283
2026-07-31T01:21:35Z,1201,9,4,6,0,0,1,1,1,1785460260
2026-07-31T01:21:35Z,1202,10,5,5,0,0,1,1,1,1785460354
2026-07-31T01:21:35Z,1203,9,5,6,0,0,1,1,1,1785460249
2026-07-31T01:21:35Z,1204,7,3,11,1,0,1,1,1,1785459968
2026-07-31T01:21:35Z,1206,11,5,10,0,0,1,1,1,1785459171
2026-07-31T01:21:35Z,1207,10,5,5,0,0,1,1,1,1785460569
2026-07-31T01:21:35Z,1208,7,2,11,1,0,1,1,1,1785460450
2026-07-31T01:21:35Z,1216,7,0,13,1,0,1,1,1,1785459407
2026-07-31T01:21:35Z,1218,5,0,16,0,0,1,1,1,1785459802
2026-07-31T01:21:35Z,1219,7,2,7,1,0,1,1,1,1785459711
2026-07-31T01:21:35Z,1220,14,7,4,1,0,1,1,1,1785459662
2026-07-31T01:21:35Z,1221,2,2,19,0,0,1,1,1,1785459111
2026-07-31T01:21:35Z,1222,21,0,8,0,0,1,1,1,1785459976
2026-07-31T01:21:35Z,1223,20,2,7,2,0,1,1,1,1785460874
2026-07-31T01:21:35Z,1226,0,0,3,0,0,0,1,1,1781868931
2026-07-31T01:21:35Z,1227,13,2,12,0,0,1,1,1,1785460666
2026-07-31T01:21:35Z,1228,20,1,7,2,0,1,1,1,1785460320
2026-07-31T01:21:35Z,1229,45,1,0,0,0,1,1,1,1785460878
2026-07-31T01:26:36Z,1,2,2,21,0,0,1,1,1,1785460638
2026-07-31T01:26:36Z,2,3,1,22,2,0,1,1,1,1785461104
2026-07-31T01:26:36Z,3,4,3,9,1,0,1,1,1,1785461140
2026-07-31T01:26:36Z,4,20,0,1,1,0,1,1,1,1785461186
2026-07-31T01:26:36Z,5,6,1,17,0,0,1,1,1,1785460644
2026-07-31T01:26:36Z,6,10,0,5,0,0,1,1,1,1785460993
2026-07-31T01:26:36Z,7,5,0,33,1,0,1,1,1,1785461128
2026-07-31T01:26:36Z,8,4,0,39,0,0,1,1,1,1785460876
2026-07-31T01:26:36Z,9,5,2,15,3,0,1,1,1,1785460671
2026-07-31T01:26:36Z,10,0,0,21,2,0,1,1,1,1785461006
2026-07-31T01:26:36Z,11,4,0,14,1,0,1,1,1,1785461095
2026-07-31T01:26:36Z,12,3,0,20,0,0,1,1,1,1785460953
2026-07-31T01:26:36Z,13,19,2,11,0,0,1,1,1,1785461149
2026-07-31T01:26:36Z,14,29,0,13,0,1,1,1,1,1785461164
2026-07-31T01:26:36Z,15,1,0,14,0,0,1,1,1,1785460882
2026-07-31T01:26:36Z,16,11,1,13,2,1,1,1,1,1785460145
2026-07-31T01:26:36Z,17,24,1,2,1,0,1,1,1,1785461187
2026-07-31T01:26:36Z,18,15,0,1,2,0,1,1,1,1785461004
2026-07-31T01:26:36Z,19,21,2,5,1,0,1,1,1,1785461033
2026-07-31T01:26:36Z,20,26,4,9,0,0,1,1,1,1785461162
2026-07-31T01:26:36Z,21,19,1,0,0,0,1,1,1,1785460264
2026-07-31T01:26:36Z,22,52,0,11,2,0,1,1,1,1785461176
2026-07-31T01:26:36Z,23,18,3,13,0,0,1,1,1,1785461023
2026-07-31T01:26:36Z,24,9,2,0,2,0,1,1,1,1785461185
2026-07-31T01:26:36Z,25,73,0,3,5,0,1,1,1,1785461185
2026-07-31T01:26:36Z,26,3,0,24,0,0,1,1,1,1785461048
2026-07-31T01:26:36Z,28,2,0,13,0,0,1,1,1,1785460332
2026-07-31T01:26:36Z,30,11,0,17,1,0,1,1,1,1785460887
2026-07-31T01:26:36Z,31,2,0,15,2,0,1,1,1,1785461187
2026-07-31T01:26:36Z,32,20,4,7,0,0,1,1,1,1785461042
2026-07-31T01:26:36Z,34,24,2,13,0,0,1,1,1,1785460371
2026-07-31T01:26:36Z,35,46,5,1,0,0,1,1,1,1785461187
2026-07-31T01:26:36Z,36,0,0,0,0,0,0,1,1,86400
2026-07-31T01:26:36Z,37,17,3,6,0,0,1,1,1,1785461183
2026-07-31T01:26:36Z,38,9,0,13,1,0,1,1,1,1785461031
2026-07-31T01:26:36Z,39,11,1,27,1,0,1,1,1,1785461051
2026-07-31T01:26:36Z,40,9,0,10,2,0,1,1,1,1785460660
2026-07-31T01:26:36Z,41,0,0,42,1,0,1,1,1,1785460910
2026-07-31T01:26:36Z,42,30,8,1,0,0,1,1,1,1785460825
2026-07-31T01:26:36Z,43,3,0,20,0,0,1,1,1,1785460872
2026-07-31T01:26:36Z,45,1,0,27,1,0,1,1,1,1785460737
2026-07-31T01:26:36Z,46,1,0,30,0,0,1,1,1,1785461161
2026-07-31T01:26:36Z,47,12,0,2,1,0,1,1,1,1785460752
2026-07-31T01:26:36Z,48,18,0,9,0,0,1,1,1,1785461170
2026-07-31T01:26:36Z,49,2,0,17,4,0,1,1,1,1785461186
2026-07-31T01:26:36Z,50,0,0,19,0,0,1,1,1,1785459881
2026-07-31T01:26:36Z,51,57,1,20,0,0,1,1,1,1785461006
2026-07-31T01:26:36Z,52,1,0,23,3,0,1,1,1,1785461076
2026-07-31T01:26:36Z,55,4,0,19,0,0,1,1,1,1785460976
2026-07-31T01:26:36Z,56,4,1,39,0,0,1,1,1,1785461046
2026-07-31T01:26:36Z,57,2,0,25,0,0,1,1,1,1785461069
2026-07-31T01:26:36Z,58,4,3,24,0,0,1,1,1,1785460806
2026-07-31T01:26:36Z,59,3,2,22,2,0,1,1,1,1785461108
2026-07-31T01:26:36Z,61,10,0,29,0,0,1,1,1,1785461186
2026-07-31T01:26:36Z,62,14,13,34,1,0,1,1,1,1785461075
2026-07-31T01:26:36Z,63,3,0,16,0,0,1,1,1,1785461013
2026-07-31T01:26:36Z,64,15,0,0,4,0,1,1,1,1785461128
2026-07-31T01:26:36Z,65,13,5,5,1,0,1,1,1,1785460108
2026-07-31T01:26:36Z,67,0,0,39,0,0,1,1,1,1785460506
2026-07-31T01:26:36Z,68,7,0,30,0,0,1,1,1,1785460870
2026-07-31T01:26:36Z,69,8,2,5,2,0,1,1,1,1785461184
2026-07-31T01:26:36Z,71,0,0,26,1,0,1,1,1,1785460637
2026-07-31T01:26:36Z,72,9,6,21,1,0,1,1,1,1785460944
2026-07-31T01:26:36Z,73,0,0,31,0,0,1,1,1,1785460014
2026-07-31T01:26:36Z,74,5,1,14,0,0,1,1,1,1785459454
2026-07-31T01:26:36Z,75,1,0,29,2,0,1,1,1,1785461176
2026-07-31T01:26:36Z,76,6,1,12,1,0,1,1,1,1785461182
2026-07-31T01:26:36Z,77,5,0,21,1,0,1,1,1,1785461166
2026-07-31T01:26:36Z,78,1,1,22,0,0,1,1,1,1785460401
2026-07-31T01:26:36Z,79,9,1,7,1,0,1,1,1,1785460879
2026-07-31T01:26:36Z,80,0,0,20,3,0,1,1,1,1785461154
2026-07-31T01:26:36Z,81,3,1,28,0,0,1,1,1,1785461137
2026-07-31T01:26:36Z,82,1,1,22,0,0,1,1,1,1785461055
2026-07-31T01:26:36Z,83,6,0,27,1,0,1,1,1,1785461080
2026-07-31T01:26:36Z,84,3,2,24,0,0,1,1,1,1785461041
2026-07-31T01:26:36Z,85,2,0,13,0,0,1,1,1,1785460237
2026-07-31T01:26:36Z,86,0,0,26,1,0,1,1,1,1785460943
2026-07-31T01:26:36Z,87,5,0,14,0,0,1,1,1,1785460072
2026-07-31T01:26:36Z,88,1,0,41,1,0,1,1,1,1785460698
2026-07-31T01:26:36Z,89,30,3,5,0,0,1,1,1,1785460658
2026-07-31T01:26:36Z,90,5,0,11,2,0,1,1,1,1785461120
2026-07-31T01:26:36Z,91,8,0,9,0,0,1,1,1,1785461187
2026-07-31T01:26:36Z,92,3,0,13,3,0,1,1,1,1785461150
2026-07-31T01:26:36Z,93,22,0,1,0,0,1,1,1,1785460955
2026-07-31T01:26:36Z,94,18,0,0,1,0,1,1,1,1785460426
2026-07-31T01:26:36Z,95,3,2,30,1,1,1,1,1,1785461179
2026-07-31T01:26:36Z,96,1,1,29,1,0,1,1,1,1785461008
2026-07-31T01:26:36Z,97,16,1,0,1,0,1,1,1,1785461040
2026-07-31T01:26:36Z,98,30,4,3,2,0,1,1,1,1785461086
2026-07-31T01:26:36Z,99,14,0,1,0,0,1,1,1,1785460513
2026-07-31T01:26:36Z,100,27,1,0,0,0,1,1,1,1785460879
2026-07-31T01:26:36Z,101,14,2,0,1,0,1,1,1,1785460684
2026-07-31T01:26:36Z,102,22,0,0,1,0,1,1,1,1785461017
2026-07-31T01:26:36Z,103,29,0,0,1,0,1,1,1,1785461100
2026-07-31T01:26:36Z,104,23,0,2,2,0,1,1,1,1785461179
2026-07-31T01:26:36Z,105,17,1,2,0,0,1,1,1,1785460698
2026-07-31T01:26:36Z,106,0,0,21,0,0,1,1,1,1785458543
2026-07-31T01:26:36Z,107,32,0,5,0,0,1,1,1,1785460428
2026-07-31T01:26:36Z,108,12,0,23,0,0,1,1,1,1785461108
2026-07-31T01:26:36Z,109,22,3,1,0,0,1,1,1,1785461188
2026-07-31T01:26:36Z,110,16,2,7,0,0,1,1,1,1785461171
2026-07-31T01:26:36Z,111,0,0,36,0,0,1,1,1,1785460364
2026-07-31T01:26:36Z,112,13,0,1,1,0,1,1,1,1785460625
2026-07-31T01:26:36Z,113,15,4,3,1,0,1,1,1,1785461143
2026-07-31T01:26:36Z,114,1,1,28,1,1,1,1,1,1785461146
2026-07-31T01:26:36Z,115,5,1,20,3,0,1,1,1,1785461128
2026-07-31T01:26:36Z,116,8,6,18,1,0,1,1,1,1785460878
2026-07-31T01:26:36Z,118,20,12,0,3,0,1,1,1,1785459651
2026-07-31T01:26:36Z,119,5,2,30,3,0,1,1,1,1785461020
2026-07-31T01:26:36Z,120,5,1,21,1,0,1,1,1,1785461097
2026-07-31T01:26:36Z,121,5,0,13,0,1,1,1,1,1785460916
2026-07-31T01:26:36Z,122,2,0,17,2,0,1,1,1,1785461012
2026-07-31T01:26:36Z,123,19,2,28,0,0,1,1,1,1785460955
2026-07-31T01:26:36Z,124,17,9,17,1,0,1,1,1,1785461057
2026-07-31T01:26:36Z,125,3,1,19,1,0,1,1,1,1785461012
2026-07-31T01:26:36Z,126,8,1,23,0,0,1,1,1,1785460630
2026-07-31T01:26:36Z,127,3,1,31,1,0,1,1,1,1785461175
2026-07-31T01:26:36Z,128,8,7,10,1,0,1,1,1,1785461150
2026-07-31T01:26:36Z,129,5,3,13,1,0,1,1,1,1785461123
2026-07-31T01:26:36Z,130,4,0,13,0,0,1,1,1,1785457733
2026-07-31T01:26:36Z,131,3,2,6,2,0,1,1,1,1785460824
2026-07-31T01:26:36Z,132,1,1,13,0,1,1,1,1,1785461028
2026-07-31T01:26:36Z,134,5,5,16,2,0,1,1,1,1785461008
2026-07-31T01:26:36Z,135,7,0,12,0,0,1,1,1,1785460950
2026-07-31T01:26:36Z,136,19,4,4,0,0,1,1,1,1785460643
2026-07-31T01:26:36Z,137,13,0,6,0,0,1,1,1,1785461160
2026-07-31T01:26:36Z,138,14,5,23,0,0,1,1,1,1785461028
2026-07-31T01:26:36Z,139,17,4,0,2,0,1,1,1,1785461009
2026-07-31T01:26:36Z,140,11,5,10,2,0,1,1,1,1785461185
2026-07-31T01:26:36Z,141,6,5,29,1,0,1,1,1,1785461175
2026-07-31T01:26:36Z,142,1,1,22,0,0,1,1,1,1785461019
2026-07-31T01:26:36Z,143,10,1,21,0,0,1,1,1,1785461172
2026-07-31T01:26:36Z,144,24,2,3,0,0,1,1,1,1785460978
2026-07-31T01:26:36Z,145,11,5,17,1,0,1,1,1,1785461105
2026-07-31T01:26:36Z,146,3,1,19,1,0,1,1,1,1785460939
2026-07-31T01:26:36Z,147,8,2,9,2,0,1,1,1,1785461154
2026-07-31T01:26:36Z,148,23,14,4,0,0,1,1,1,1785461165
2026-07-31T01:26:36Z,149,4,2,23,0,0,1,1,1,1785460678
2026-07-31T01:26:36Z,150,20,7,13,2,0,1,1,1,1785461170
2026-07-31T01:26:36Z,151,14,7,9,0,0,1,1,1,1785461026
2026-07-31T01:26:36Z,152,18,1,5,4,0,1,1,1,1785461132
2026-07-31T01:26:36Z,153,2,0,0,28,1,1,1,1,1785461188
2026-07-31T01:26:36Z,154,3,1,14,6,0,1,1,1,1785461173
2026-07-31T01:26:36Z,155,13,5,0,1,0,1,1,1,1785461002
2026-07-31T01:26:36Z,156,14,2,5,0,0,1,1,1,1785460906
2026-07-31T01:26:36Z,157,7,0,18,2,0,1,1,1,1785461138
2026-07-31T01:26:36Z,158,0,0,16,0,0,1,1,1,1785461073
2026-07-31T01:26:36Z,159,6,2,13,0,0,1,1,1,1785461039
2026-07-31T01:26:36Z,160,9,3,10,0,0,1,1,1,1785460988
2026-07-31T01:26:36Z,161,5,0,17,0,0,1,1,1,1785460958
2026-07-31T01:26:36Z,162,15,10,9,3,0,1,1,1,1785461128
2026-07-31T01:26:36Z,163,14,0,16,0,1,1,1,1,1785461133
2026-07-31T01:26:36Z,164,22,4,5,0,0,1,1,1,1785461066
2026-07-31T01:26:36Z,165,27,6,2,2,0,1,1,1,1785461155
2026-07-31T01:26:36Z,166,6,5,29,4,0,1,1,1,1785461189
2026-07-31T01:26:36Z,167,12,7,10,1,0,1,1,1,1785461185
2026-07-31T01:26:36Z,168,1,0,25,1,0,1,1,1,1785460959
2026-07-31T01:26:36Z,169,14,2,8,0,1,1,1,1,1785461114
2026-07-31T01:26:36Z,170,3,3,15,1,0,1,1,1,1785461113
2026-07-31T01:26:36Z,171,6,0,5,2,0,1,1,1,1785460877
2026-07-31T01:26:36Z,173,26,5,13,0,0,1,1,1,1785461147
2026-07-31T01:26:36Z,174,14,1,9,3,0,1,1,1,1785461156
2026-07-31T01:26:36Z,175,30,0,1,0,0,1,1,1,1785460986
2026-07-31T01:26:36Z,176,7,3,5,2,1,1,1,1,1785461147
2026-07-31T01:26:36Z,177,20,10,7,0,0,1,1,1,1785461078
2026-07-31T01:26:36Z,178,8,1,4,2,1,1,1,1,1785461188
2026-07-31T01:26:36Z,179,5,5,9,1,0,1,1,1,1785461178
2026-07-31T01:26:36Z,180,27,2,3,0,0,1,1,1,1785460927
2026-07-31T01:26:36Z,181,1,1,13,1,0,1,1,1,1785460437
2026-07-31T01:26:36Z,182,2,2,15,0,0,1,1,1,1785460916
2026-07-31T01:26:36Z,183,9,3,14,0,0,1,1,1,1785460853
2026-07-31T01:26:36Z,184,1,1,21,1,0,1,1,1,1785461188
2026-07-31T01:26:36Z,185,4,0,9,1,1,1,1,1,1785460397
2026-07-31T01:26:36Z,186,1,1,18,0,0,1,1,1,1785459831
2026-07-31T01:26:36Z,187,6,0,20,2,0,1,1,1,1785461159
2026-07-31T01:26:36Z,188,18,0,1,7,1,1,1,1,1785461174
2026-07-31T01:26:36Z,189,3,0,12,0,0,1,1,1,1785459626
2026-07-31T01:26:36Z,190,4,3,19,0,0,1,1,1,1785460164
2026-07-31T01:26:36Z,191,0,0,39,0,0,1,1,1,1785458545
2026-07-31T01:26:36Z,192,8,5,21,2,0,1,1,1,1785461141
2026-07-31T01:26:36Z,193,4,4,10,1,0,1,1,1,1785461186
2026-07-31T01:26:36Z,194,2,0,24,1,0,1,1,1,1785460825
2026-07-31T01:26:36Z,195,3,2,15,1,0,1,1,1,1785460605
2026-07-31T01:26:36Z,196,12,7,12,3,0,1,1,1,1785461123
2026-07-31T01:26:36Z,197,7,2,11,0,1,1,1,1,1785460285
2026-07-31T01:26:36Z,198,19,17,4,0,0,1,1,1,1785460961
2026-07-31T01:26:36Z,199,4,4,8,3,0,1,1,1,1785461184
2026-07-31T01:26:36Z,200,4,3,22,0,0,1,1,1,1785460719
2026-07-31T01:26:36Z,201,0,0,23,0,0,1,1,1,1785460960
2026-07-31T01:26:36Z,202,16,1,11,0,0,1,1,1,1785460431
2026-07-31T01:26:36Z,203,9,0,20,2,0,1,1,1,1785461103
2026-07-31T01:26:36Z,204,16,1,17,2,0,1,1,1,1785461002
2026-07-31T01:26:36Z,205,6,2,21,0,0,1,1,1,1785461016
2026-07-31T01:26:36Z,206,5,5,10,0,0,1,1,1,1785460933
2026-07-31T01:26:36Z,207,19,2,2,0,0,1,1,1,1785460222
2026-07-31T01:26:36Z,208,4,0,24,1,0,1,1,1,1785461187
2026-07-31T01:26:36Z,209,9,1,20,2,0,1,1,1,1785461168
2026-07-31T01:26:36Z,210,1,0,25,1,0,1,1,1,1785461172
2026-07-31T01:26:36Z,211,0,0,22,1,0,1,1,1,1785460661
2026-07-31T01:26:36Z,212,19,1,15,1,0,1,1,1,1785461176
2026-07-31T01:26:36Z,213,14,1,8,1,0,1,1,1,1785461143
2026-07-31T01:26:36Z,214,9,5,31,7,0,1,1,1,1785461185
2026-07-31T01:26:36Z,215,6,4,17,0,0,1,1,1,1785461164
2026-07-31T01:26:36Z,216,2,1,16,1,0,1,1,1,1785461044
2026-07-31T01:26:36Z,217,23,0,5,1,0,1,1,1,1785461142
2026-07-31T01:26:36Z,218,7,7,29,3,0,1,1,1,1785461186
2026-07-31T01:26:36Z,219,3,0,22,1,0,1,1,1,1785460003
2026-07-31T01:26:36Z,220,6,6,34,2,1,1,1,1,1785461105
2026-07-31T01:26:36Z,221,6,6,8,1,0,1,1,1,1785460742
2026-07-31T01:26:36Z,222,16,14,2,1,0,1,1,1,1785460861
2026-07-31T01:26:36Z,223,2,0,31,2,0,1,1,1,1785460936
2026-07-31T01:26:36Z,224,16,16,5,1,0,1,1,1,1785460417
2026-07-31T01:26:36Z,225,10,1,3,6,0,1,1,1,1785460875
2026-07-31T01:26:36Z,226,15,8,16,0,0,1,1,1,1785460768
2026-07-31T01:26:36Z,227,13,12,13,0,1,1,1,1,1785461105
2026-07-31T01:26:36Z,228,8,8,11,0,0,1,1,1,1785461088
2026-07-31T01:26:36Z,230,22,5,4,0,0,1,1,1,1785461188
2026-07-31T01:26:36Z,232,3,3,13,1,0,1,1,1,1785461097
2026-07-31T01:26:36Z,233,16,6,14,1,0,1,1,1,1785461111
2026-07-31T01:26:36Z,234,8,3,6,4,1,1,1,1,1785460406
2026-07-31T01:26:36Z,236,1,0,17,1,0,1,1,1,1785461098
2026-07-31T01:26:36Z,237,7,0,15,1,0,1,1,1,1785461107
2026-07-31T01:26:36Z,239,19,17,6,2,0,1,1,1,1785461087
2026-07-31T01:26:36Z,241,6,4,17,0,0,1,1,1,1785461119
2026-07-31T01:26:36Z,242,6,3,16,1,0,1,1,1,1785460586
2026-07-31T01:26:36Z,243,6,2,23,2,0,1,1,1,1785460890
2026-07-31T01:26:36Z,244,0,0,26,1,0,1,1,1,1785460475
2026-07-31T01:26:36Z,245,10,10,12,1,0,1,1,1,1785460856
2026-07-31T01:26:36Z,246,2,1,21,0,0,1,1,1,1785461153
2026-07-31T01:26:36Z,247,15,9,8,0,0,1,1,1,1785460873
2026-07-31T01:26:36Z,248,1,1,19,3,0,1,1,1,1785460885
2026-07-31T01:26:36Z,249,8,4,11,0,0,1,1,1,1785460916
2026-07-31T01:26:36Z,250,1,1,24,2,0,1,1,1,1785460984
2026-07-31T01:26:36Z,251,6,6,18,3,0,1,1,1,1785461126
2026-07-31T01:26:36Z,253,5,4,13,1,0,1,1,1,1785460300
2026-07-31T01:26:36Z,254,13,13,29,1,0,1,1,1,1785461115
2026-07-31T01:26:36Z,255,2,0,20,0,1,1,1,1,1785461101
2026-07-31T01:26:36Z,256,7,6,15,1,0,1,1,1,1785460951
2026-07-31T01:26:36Z,257,2,1,16,1,0,1,1,1,1785460644
2026-07-31T01:26:36Z,258,5,4,12,2,0,1,1,1,1785461041
2026-07-31T01:26:36Z,259,13,1,9,0,1,1,1,1,1785460540
2026-07-31T01:26:36Z,260,6,1,11,2,0,1,1,1,1785460807
2026-07-31T01:26:36Z,261,11,0,6,1,1,1,1,1,1785460726
2026-07-31T01:26:36Z,262,15,5,8,0,0,1,1,1,1785461018
2026-07-31T01:26:36Z,263,12,1,3,0,0,1,1,1,1785461100
2026-07-31T01:26:36Z,264,9,1,9,1,0,1,1,1,1785460850
2026-07-31T01:26:36Z,265,13,2,2,0,0,1,1,1,1785461184
2026-07-31T01:26:36Z,266,12,5,5,2,0,1,1,1,1785461066
2026-07-31T01:26:36Z,267,4,0,9,2,0,1,1,1,1785456188
2026-07-31T01:26:36Z,268,20,7,3,0,0,1,1,1,1785460658
2026-07-31T01:26:36Z,269,7,0,16,0,0,1,1,1,1785460232
2026-07-31T01:26:36Z,270,11,1,14,2,0,1,1,1,1785461098
2026-07-31T01:26:36Z,271,2,0,15,2,0,1,1,1,1785460172
2026-07-31T01:26:36Z,272,14,7,9,0,0,1,1,1,1785460189
2026-07-31T01:26:36Z,273,13,5,2,0,0,1,1,1,1785460739
2026-07-31T01:26:36Z,274,12,6,6,1,0,1,1,1,1785460503
2026-07-31T01:26:36Z,275,7,0,16,0,0,1,1,1,1785460994
2026-07-31T01:26:36Z,276,0,0,26,1,0,1,1,1,1785459234
2026-07-31T01:26:36Z,277,0,0,19,4,0,1,1,1,1785461014
2026-07-31T01:26:36Z,278,7,4,22,1,1,1,1,1,1785461017
2026-07-31T01:26:36Z,279,0,0,19,0,0,1,1,1,1785460672
2026-07-31T01:26:36Z,280,1,0,28,2,0,1,1,1,1785461076
2026-07-31T01:26:36Z,281,17,1,2,0,0,1,1,1,1785460815
2026-07-31T01:26:36Z,282,3,2,14,1,0,1,1,1,1785460217
2026-07-31T01:26:36Z,283,18,0,17,0,0,1,1,1,1785461060
2026-07-31T01:26:36Z,284,18,1,14,3,0,1,1,1,1785460736
2026-07-31T01:26:36Z,285,3,1,20,0,0,1,1,1,1785460960
2026-07-31T01:26:36Z,286,16,11,5,2,0,1,1,1,1785461070
2026-07-31T01:26:36Z,287,11,0,10,2,0,1,1,1,1785459441
2026-07-31T01:26:36Z,288,9,8,10,0,0,1,1,1,1785460840
2026-07-31T01:26:36Z,289,3,3,22,2,0,1,1,1,1785460973
2026-07-31T01:26:36Z,290,6,0,29,4,0,1,1,1,1785461158
2026-07-31T01:26:36Z,291,1,0,21,1,0,1,1,1,1785460624
2026-07-31T01:26:36Z,292,0,0,23,0,0,1,1,1,1785460793
2026-07-31T01:26:36Z,293,10,5,13,0,0,1,1,1,1785459719
2026-07-31T01:26:36Z,294,3,2,15,4,0,1,1,1,1785460856
2026-07-31T01:26:36Z,297,15,3,2,1,1,1,1,1,1785461034
2026-07-31T01:26:36Z,301,12,0,6,1,0,1,1,1,1785461187
2026-07-31T01:26:36Z,302,11,0,12,0,0,1,1,1,1785460779
2026-07-31T01:26:36Z,303,5,0,14,0,0,1,1,1,1785460828
2026-07-31T01:26:36Z,304,0,0,0,0,0,0,1,1,86400
2026-07-31T01:26:36Z,305,16,0,3,0,0,1,1,1,1785461185
2026-07-31T01:26:36Z,306,4,0,28,0,0,1,1,1,1785460290
2026-07-31T01:26:36Z,307,19,3,4,0,0,1,1,1,1785460868
2026-07-31T01:26:36Z,308,11,1,7,1,0,1,1,1,1785461172
2026-07-31T01:26:36Z,309,0,0,13,1,0,1,1,1,1785460813
2026-07-31T01:26:36Z,311,14,0,1,0,0,1,1,1,1785461133
2026-07-31T01:26:36Z,312,1,1,18,3,1,1,1,1,1785460917
2026-07-31T01:26:36Z,313,10,1,5,0,0,1,1,1,1785460471
2026-07-31T01:26:36Z,314,2,2,13,3,0,1,1,1,1785461188
2026-07-31T01:26:36Z,315,12,11,16,3,0,1,1,1,1785461133
2026-07-31T01:26:36Z,316,18,4,7,5,1,1,1,1,1785460890
2026-07-31T01:26:36Z,317,0,0,29,1,1,1,1,1,1785461058
2026-07-31T01:26:36Z,318,12,0,7,0,0,1,1,1,1785459819
2026-07-31T01:26:36Z,319,3,0,19,1,0,1,1,1,1785460939
2026-07-31T01:26:36Z,320,1,0,17,1,0,1,1,1,1785460977
2026-07-31T01:26:36Z,321,9,0,8,2,0,1,1,1,1785460332
2026-07-31T01:26:36Z,322,8,0,19,2,0,1,1,1,1785461158
2026-07-31T01:26:36Z,323,13,0,6,0,0,1,1,1,1785460668
2026-07-31T01:26:36Z,324,0,0,25,2,0,1,1,1,1785461178
2026-07-31T01:26:36Z,325,1,1,24,2,0,1,1,1,1785460864
2026-07-31T01:26:36Z,327,27,3,0,0,0,1,1,1,1785460966
2026-07-31T01:26:36Z,328,5,0,16,1,0,1,1,1,1785460941
2026-07-31T01:26:36Z,329,8,1,11,0,0,1,1,1,1785460373
2026-07-31T01:26:36Z,330,3,0,19,0,0,1,1,1,1785460201
2026-07-31T01:26:36Z,331,17,1,4,2,0,1,1,1,1785460578
2026-07-31T01:26:36Z,332,3,2,15,1,0,1,1,1,1785459921
2026-07-31T01:26:36Z,333,12,4,10,1,0,1,1,1,1785461047
2026-07-31T01:26:36Z,334,4,1,19,0,0,1,1,1,1785460826
2026-07-31T01:26:36Z,335,0,0,22,0,1,1,1,1,1785459614
2026-07-31T01:26:36Z,336,7,0,11,1,0,1,1,1,1785460534
2026-07-31T01:26:36Z,337,13,0,6,4,0,1,1,1,1785461076
2026-07-31T01:26:36Z,338,12,7,7,0,0,1,1,1,1785461114
2026-07-31T01:26:36Z,339,6,3,17,0,0,1,1,1,1785460745
2026-07-31T01:26:36Z,340,7,3,7,1,0,1,1,1,1785460989
2026-07-31T01:26:36Z,341,10,1,8,1,0,1,1,1,1785460946
2026-07-31T01:26:36Z,342,8,5,7,0,0,1,1,1,1785460832
2026-07-31T01:26:36Z,343,6,2,16,1,0,1,1,1,1785460703
2026-07-31T01:26:36Z,344,18,5,5,0,0,1,1,1,1785460339
2026-07-31T01:26:36Z,345,19,3,0,0,0,1,1,1,1785461178
2026-07-31T01:26:36Z,346,7,5,16,0,0,1,1,1,1785460261
2026-07-31T01:26:36Z,347,10,2,32,2,0,1,1,1,1785461185
2026-07-31T01:26:36Z,348,15,1,7,0,1,1,1,1,1785461182
2026-07-31T01:26:36Z,349,7,2,10,2,0,1,1,1,1785460722
2026-07-31T01:26:36Z,350,13,1,12,1,1,1,1,1,1785460975
2026-07-31T01:26:36Z,351,7,2,11,5,0,1,1,1,1785461007
2026-07-31T01:26:36Z,355,4,1,19,0,0,1,1,1,1785460574
2026-07-31T01:26:36Z,356,10,1,9,0,0,1,1,1,1785461130
2026-07-31T01:26:36Z,357,3,3,16,0,0,1,1,1,1785461065
2026-07-31T01:26:36Z,358,10,2,17,0,0,1,1,1,1785460907
2026-07-31T01:26:36Z,359,3,0,24,0,0,1,1,1,1785460830
2026-07-31T01:26:36Z,360,10,4,9,0,0,1,1,1,1785460448
2026-07-31T01:26:36Z,362,9,6,9,1,0,1,1,1,1785461013
2026-07-31T01:26:36Z,363,15,0,12,0,0,1,1,1,1785460563
2026-07-31T01:26:36Z,364,12,2,7,0,0,1,1,1,1785461007
2026-07-31T01:26:36Z,365,1,0,14,8,0,1,1,1,1785460986
2026-07-31T01:26:36Z,366,6,3,11,6,0,1,1,1,1785461123
2026-07-31T01:26:36Z,367,15,8,2,2,0,1,1,1,1785460346
2026-07-31T01:26:36Z,368,13,4,9,1,0,1,1,1,1785459857
2026-07-31T01:26:36Z,370,2,2,24,1,0,1,1,1,1785461127
2026-07-31T01:26:36Z,371,8,5,9,2,0,1,1,1,1785459378
2026-07-31T01:26:36Z,372,5,1,10,0,0,1,1,1,1785460576
2026-07-31T01:26:36Z,373,11,4,16,0,0,1,1,1,1785460213
2026-07-31T01:26:36Z,374,0,0,17,2,0,1,1,1,1785461056
2026-07-31T01:26:36Z,375,14,0,10,3,0,1,1,1,1785460732
2026-07-31T01:26:36Z,376,19,2,17,3,0,1,1,1,1785461123
2026-07-31T01:26:36Z,377,3,0,23,1,0,1,1,1,1785460082
2026-07-31T01:26:36Z,378,10,1,12,1,1,1,1,1,1785460968
2026-07-31T01:26:36Z,379,7,0,19,1,0,1,1,1,1785460572
2026-07-31T01:26:36Z,380,8,1,15,0,0,1,1,1,1785461172
2026-07-31T01:26:36Z,381,5,0,17,1,0,1,1,1,1785460529
2026-07-31T01:26:36Z,383,7,1,7,1,0,1,1,1,1785460778
2026-07-31T01:26:36Z,384,23,1,3,1,0,1,1,1,1785460260
2026-07-31T01:26:36Z,385,1,0,15,2,0,1,1,1,1785461053
2026-07-31T01:26:36Z,387,2,0,21,0,0,1,1,1,1785460975
2026-07-31T01:26:36Z,388,15,1,33,2,0,1,1,1,1785461188
2026-07-31T01:26:36Z,389,5,5,10,0,0,1,1,1,1785458136
2026-07-31T01:26:36Z,390,27,2,8,0,0,1,1,1,1785461188
2026-07-31T01:26:36Z,391,4,0,11,0,0,1,1,1,1785459616
2026-07-31T01:26:36Z,392,2,2,16,1,0,1,1,1,1785460920
2026-07-31T01:26:36Z,393,1,1,8,2,0,1,1,1,1785459662
2026-07-31T01:26:36Z,394,1,0,10,2,0,1,1,1,1785460748
2026-07-31T01:26:36Z,396,12,12,26,4,0,1,1,1,1785461154
2026-07-31T01:26:36Z,397,4,3,27,0,0,1,1,1,1785460037
2026-07-31T01:26:36Z,399,6,1,9,2,0,1,1,1,1785460751
2026-07-31T01:26:36Z,400,11,6,10,2,0,1,1,1,1785460171
2026-07-31T01:26:36Z,401,2,2,29,8,0,1,1,1,1785460797
2026-07-31T01:26:36Z,403,10,2,19,2,0,1,1,1,1785461026
2026-07-31T01:26:36Z,404,3,1,19,1,0,1,1,1,1785460641
2026-07-31T01:26:36Z,406,32,1,2,1,0,1,1,1,1785460316
2026-07-31T01:26:36Z,407,11,1,22,1,0,1,1,1,1785461186
2026-07-31T01:26:36Z,408,1,0,32,0,0,1,1,1,1785460656
2026-07-31T01:26:36Z,409,19,2,1,3,0,1,1,1,1785461098
2026-07-31T01:26:36Z,413,11,2,11,1,0,1,1,1,1785460494
2026-07-31T01:26:36Z,414,13,2,2,0,0,1,1,1,1785460681
2026-07-31T01:26:36Z,417,9,5,10,0,0,1,1,1,1785461186
2026-07-31T01:26:36Z,418,0,0,14,1,0,1,1,1,1785461078
2026-07-31T01:26:36Z,419,12,1,10,1,0,1,1,1,1785461138
2026-07-31T01:26:36Z,421,17,1,2,0,0,1,1,1,1785461138
2026-07-31T01:26:36Z,422,0,0,26,1,0,1,1,1,1785460860
2026-07-31T01:26:36Z,423,4,0,18,1,0,1,1,1,1785461052
2026-07-31T01:26:36Z,424,2,0,11,2,0,1,1,1,1785460768
2026-07-31T01:26:36Z,425,1,1,20,0,1,1,1,1,1785461109
2026-07-31T01:26:36Z,426,0,0,34,3,0,1,1,1,1785460470
2026-07-31T01:26:36Z,427,0,0,14,0,0,1,1,1,1785459421
2026-07-31T01:26:36Z,428,8,2,10,1,0,1,1,1,1785461189
2026-07-31T01:26:36Z,429,3,1,17,3,0,1,1,1,1785461185
2026-07-31T01:26:36Z,430,13,0,17,1,0,1,1,1,1785460818
2026-07-31T01:26:36Z,431,13,0,19,1,0,1,1,1,1785460994
2026-07-31T01:26:36Z,432,22,1,7,2,0,1,1,1,1785459993
2026-07-31T01:26:36Z,433,7,4,14,2,0,1,1,1,1785460941
2026-07-31T01:26:36Z,437,6,6,12,1,0,1,1,1,1785461048
2026-07-31T01:26:36Z,438,2,0,16,1,0,1,1,1,1785460927
2026-07-31T01:26:36Z,439,3,1,12,0,0,1,1,1,1785461133
2026-07-31T01:26:36Z,440,2,0,11,2,0,1,1,1,1785460777
2026-07-31T01:26:36Z,441,4,0,11,0,0,1,1,1,1785460894
2026-07-31T01:26:36Z,442,8,4,10,1,0,1,1,1,1785461187
2026-07-31T01:26:36Z,443,3,0,24,0,0,1,1,1,1785456698
2026-07-31T01:26:36Z,444,2,1,21,0,0,1,1,1,1785455134
2026-07-31T01:26:36Z,445,7,2,15,1,0,1,1,1,1785461118
2026-07-31T01:26:36Z,446,2,2,20,1,0,1,1,1,1785457589
2026-07-31T01:26:36Z,447,1,0,20,1,1,1,1,1,1785441257
2026-07-31T01:26:36Z,448,9,3,4,1,1,1,1,1,1785461092
2026-07-31T01:26:36Z,452,3,2,14,2,0,1,1,1,1785460912
2026-07-31T01:26:36Z,453,2,1,12,1,0,1,1,1,1785460853
2026-07-31T01:26:36Z,454,3,0,16,0,0,1,1,1,1785460810
2026-07-31T01:26:36Z,455,0,0,39,0,0,1,1,1,1785460394
2026-07-31T01:26:36Z,456,15,7,4,1,0,1,1,1,1785461022
2026-07-31T01:26:36Z,457,13,1,12,2,0,1,1,1,1785461020
2026-07-31T01:26:36Z,458,9,2,13,1,0,1,1,1,1785461105
2026-07-31T01:26:36Z,459,11,0,4,0,0,1,1,1,1785458362
2026-07-31T01:26:36Z,460,10,0,12,1,0,1,1,1,1785461185
2026-07-31T01:26:36Z,461,4,1,15,0,0,1,1,1,1785460597
2026-07-31T01:26:36Z,462,6,1,15,0,0,1,1,1,1785460775
2026-07-31T01:26:36Z,463,10,1,9,0,0,1,1,1,1785460840
2026-07-31T01:26:36Z,464,2,1,12,0,0,1,1,1,1785461120
2026-07-31T01:26:36Z,465,2,1,13,0,0,1,1,1,1785459861
2026-07-31T01:26:36Z,466,10,3,3,2,0,1,1,1,1785461175
2026-07-31T01:26:36Z,467,0,0,19,0,0,1,1,1,1785460641
2026-07-31T01:26:36Z,468,14,0,4,1,0,1,1,1,1785459528
2026-07-31T01:26:36Z,469,1,0,21,1,0,1,1,1,1785459683
2026-07-31T01:26:36Z,470,6,0,8,1,0,1,1,1,1785461140
2026-07-31T01:26:36Z,471,20,4,7,0,0,1,1,1,1785460217
2026-07-31T01:26:36Z,472,5,3,13,1,0,1,1,1,1785461173
2026-07-31T01:26:36Z,473,4,1,13,2,0,1,1,1,1785460226
2026-07-31T01:26:36Z,474,13,0,5,1,0,1,1,1,1785461180
2026-07-31T01:26:36Z,475,0,0,19,0,0,1,1,1,1785460793
2026-07-31T01:26:36Z,477,9,4,6,0,0,1,1,1,1785461071
2026-07-31T01:26:36Z,478,18,2,12,1,0,1,1,1,1785461181
2026-07-31T01:26:36Z,479,10,1,15,2,0,1,1,1,1785460745
2026-07-31T01:26:36Z,480,4,1,8,3,0,1,1,1,1785460975
2026-07-31T01:26:36Z,481,15,0,19,1,0,1,1,1,1785461002
2026-07-31T01:26:36Z,482,5,0,13,1,0,1,1,1,1785461122
2026-07-31T01:26:36Z,483,22,1,1,4,0,1,1,1,1785461173
2026-07-31T01:26:36Z,484,3,1,16,0,0,1,1,1,1785460843
2026-07-31T01:26:36Z,485,11,6,6,1,1,1,1,1,1785461184
2026-07-31T01:26:36Z,486,4,0,21,2,0,1,1,1,1785461139
2026-07-31T01:26:36Z,487,1,0,17,1,0,1,1,1,1785460561
2026-07-31T01:26:36Z,489,10,4,5,0,0,1,1,1,1785460832
2026-07-31T01:26:36Z,490,2,2,14,0,0,1,1,1,1785460723
2026-07-31T01:26:36Z,491,16,2,5,0,0,1,1,1,1785460667
2026-07-31T01:26:36Z,492,5,4,3,3,0,1,1,1,1785461185
2026-07-31T01:26:36Z,493,0,0,25,2,0,1,1,1,1785459725
2026-07-31T01:26:36Z,495,9,1,5,1,0,1,1,1,1785461177
2026-07-31T01:26:36Z,496,24,2,3,0,0,1,1,1,1785460827
2026-07-31T01:26:36Z,497,1,0,17,1,0,1,1,1,1785460937
2026-07-31T01:26:36Z,498,5,3,18,0,0,1,1,1,1785461180
2026-07-31T01:26:36Z,499,8,2,11,0,0,1,1,1,1785460598
2026-07-31T01:26:36Z,500,11,7,0,4,0,1,1,1,1785460947
2026-07-31T01:26:36Z,501,2,1,18,1,0,1,1,1,1785460771
2026-07-31T01:26:36Z,502,3,0,16,0,0,1,1,1,1785460816
2026-07-31T01:26:36Z,503,23,0,7,1,0,1,1,1,1785460818
2026-07-31T01:26:36Z,504,1,0,37,1,0,1,1,1,1785460838
2026-07-31T01:26:36Z,505,2,2,9,1,0,1,1,1,1785460098
2026-07-31T01:26:36Z,511,1,0,22,0,0,1,1,1,1785461152
2026-07-31T01:26:36Z,512,1,0,26,0,0,1,1,1,1785461029
2026-07-31T01:26:36Z,514,8,0,1,2,0,1,1,1,1785460319
2026-07-31T01:26:36Z,515,4,0,15,0,0,1,1,1,1785461097
2026-07-31T01:26:36Z,516,5,0,22,0,0,1,1,1,1785460737
2026-07-31T01:26:36Z,517,8,0,14,1,0,1,1,1,1785459592
2026-07-31T01:26:36Z,518,10,1,3,2,0,1,1,1,1785461178
2026-07-31T01:26:36Z,519,5,3,14,0,0,1,1,1,1785460872
2026-07-31T01:26:36Z,520,10,4,12,4,1,1,1,1,1785461184
2026-07-31T01:26:36Z,521,4,3,19,0,0,1,1,1,1785460164
2026-07-31T01:26:36Z,522,23,1,0,0,0,1,1,1,1785461182
2026-07-31T01:26:36Z,523,2,1,19,2,0,1,1,1,1785461188
2026-07-31T01:26:36Z,524,23,1,0,0,0,1,1,1,1785460533
2026-07-31T01:26:36Z,525,19,0,0,0,0,1,1,1,1785459404
2026-07-31T01:26:36Z,526,11,2,3,1,0,1,1,1,1785460493
2026-07-31T01:26:36Z,527,0,0,23,3,0,1,1,1,1785460950
2026-07-31T01:26:36Z,528,14,0,9,0,0,1,1,1,1785459978
2026-07-31T01:26:36Z,529,4,2,9,6,0,1,1,1,1785461187
2026-07-31T01:26:36Z,530,5,0,15,1,0,1,1,1,1785461042
2026-07-31T01:26:36Z,531,8,0,13,1,1,1,1,1,1785460848
2026-07-31T01:26:36Z,532,5,3,24,1,1,1,1,1,1785457478
2026-07-31T01:26:36Z,533,14,1,4,1,0,1,1,1,1785461157
2026-07-31T01:26:36Z,534,3,3,20,0,0,1,1,1,1785459927
2026-07-31T01:26:36Z,535,1,0,13,1,0,1,1,1,1785460732
2026-07-31T01:26:36Z,536,5,0,18,0,0,1,1,1,1785461004
2026-07-31T01:26:36Z,537,11,5,9,0,0,1,1,1,1785460953
2026-07-31T01:26:36Z,538,6,1,15,0,2,1,1,1,1785461021
2026-07-31T01:26:36Z,539,5,4,26,0,0,1,1,1,1785461188
2026-07-31T01:26:36Z,540,2,2,17,0,0,1,1,1,1785460455
2026-07-31T01:26:36Z,541,16,2,11,0,0,1,1,1,1785461050
2026-07-31T01:26:36Z,542,0,0,23,0,0,1,1,1,1785461083
2026-07-31T01:26:36Z,543,2,1,17,0,0,1,1,1,1785461161
2026-07-31T01:26:36Z,544,8,1,10,4,0,1,1,1,1785461064
2026-07-31T01:26:36Z,545,7,1,8,4,0,1,1,1,1785461187
2026-07-31T01:26:36Z,546,14,2,5,0,0,1,1,1,1785460931
2026-07-31T01:26:36Z,547,7,0,18,0,0,1,1,1,1785460219
2026-07-31T01:26:36Z,548,14,0,9,0,0,1,1,1,1785460624
2026-07-31T01:26:36Z,549,18,0,5,0,0,1,1,1,1785461031
2026-07-31T01:26:36Z,550,0,0,19,0,0,1,1,1,1785460812
2026-07-31T01:26:36Z,551,14,4,9,0,0,1,1,1,1785460771
2026-07-31T01:26:36Z,552,18,1,9,0,0,1,1,1,1785461177
2026-07-31T01:26:36Z,553,6,2,16,0,1,1,1,1,1785461158
2026-07-31T01:26:36Z,554,1,1,18,0,0,1,1,1,1785459733
2026-07-31T01:26:36Z,555,13,6,1,1,0,1,1,1,1785460566
2026-07-31T01:26:36Z,556,7,4,15,1,0,1,1,1,1785461076
2026-07-31T01:26:36Z,557,2,1,15,6,0,1,1,1,1785460203
2026-07-31T01:26:36Z,558,6,6,30,1,0,1,1,1,1785461178
2026-07-31T01:26:36Z,559,0,0,18,1,0,1,1,1,1785457401
2026-07-31T01:26:36Z,560,1,1,26,0,0,1,1,1,1785461066
2026-07-31T01:26:36Z,561,20,1,1,2,0,1,1,1,1785461155
2026-07-31T01:26:36Z,562,21,1,10,4,0,1,1,1,1785461187
2026-07-31T01:26:36Z,563,7,0,7,0,0,1,1,1,1785461072
2026-07-31T01:26:36Z,564,4,1,14,1,0,1,1,1,1785461072
2026-07-31T01:26:36Z,565,8,2,11,0,0,1,1,1,1785460657
2026-07-31T01:26:36Z,566,3,0,13,3,0,1,1,1,1785461175
2026-07-31T01:26:36Z,567,17,1,9,1,0,1,1,1,1785461179
2026-07-31T01:26:36Z,568,9,1,8,2,0,1,1,1,1785461122
2026-07-31T01:26:36Z,569,9,0,10,0,0,1,1,1,1785460074
2026-07-31T01:26:36Z,570,11,2,8,0,0,1,1,1,1785461187
2026-07-31T01:26:36Z,571,15,0,7,1,0,1,1,1,1785460923
2026-07-31T01:26:36Z,572,17,3,0,2,0,1,1,1,1785457866
2026-07-31T01:26:36Z,573,15,0,0,0,0,1,1,1,1785460519
2026-07-31T01:26:36Z,574,5,2,10,0,0,1,1,1,1785460650
2026-07-31T01:26:36Z,575,9,0,11,1,0,1,1,1,1785461042
2026-07-31T01:26:36Z,576,3,0,15,1,0,1,1,1,1785461144
2026-07-31T01:26:36Z,577,27,0,4,0,0,1,1,1,1785461185
2026-07-31T01:26:36Z,578,13,4,9,1,0,1,1,1,1785461053
2026-07-31T01:26:36Z,579,34,2,9,0,0,1,1,1,1785460860
2026-07-31T01:26:36Z,580,8,0,21,0,0,1,1,1,1785461116
2026-07-31T01:26:36Z,581,19,1,0,0,0,1,1,1,1785460922
2026-07-31T01:26:36Z,582,3,2,56,2,0,1,1,1,1785461184
2026-07-31T01:26:36Z,583,15,1,7,1,0,1,1,1,1785461153
2026-07-31T01:26:36Z,584,2,1,12,5,0,1,1,1,1785460734
2026-07-31T01:26:36Z,585,12,0,14,0,1,1,1,1,1785461180
2026-07-31T01:26:36Z,586,22,3,11,2,0,1,1,1,1785461059
2026-07-31T01:26:36Z,587,22,1,1,1,0,1,1,1,1785460705
2026-07-31T01:26:36Z,588,6,2,10,3,0,1,1,1,1785461103
2026-07-31T01:26:36Z,589,0,0,0,23,0,1,1,1,1785461119
2026-07-31T01:26:36Z,590,2,2,27,2,0,1,1,1,1785461188
2026-07-31T01:26:36Z,591,28,1,0,2,0,1,1,1,1785460411
2026-07-31T01:26:36Z,592,2,0,21,0,0,1,1,1,1785461089
2026-07-31T01:26:36Z,593,6,0,32,0,0,1,1,1,1785460760
2026-07-31T01:26:36Z,594,21,1,0,0,0,1,1,1,1785460742
2026-07-31T01:26:36Z,595,0,0,3,0,0,0,1,1,1784046673
2026-07-31T01:26:36Z,605,0,0,2,1,0,0,1,1,1783975843
2026-07-31T01:26:36Z,606,0,0,0,0,0,0,1,1,86400
2026-07-31T01:26:36Z,607,21,1,11,1,0,1,1,1,1785461037
2026-07-31T01:26:36Z,608,2,2,48,0,0,1,1,1,1785460101
2026-07-31T01:26:36Z,609,3,1,20,0,0,1,1,1,1785460935
2026-07-31T01:26:36Z,610,2,0,33,0,0,1,1,1,1785461173
2026-07-31T01:26:36Z,611,17,0,9,1,0,1,1,1,1785461162
2026-07-31T01:26:36Z,612,7,1,8,0,0,1,1,1,1785455780
2026-07-31T01:26:36Z,613,10,0,1,4,0,1,1,1,1785455457
2026-07-31T01:26:36Z,614,19,3,6,1,1,1,1,1,1785461131
2026-07-31T01:26:36Z,617,3,1,11,1,0,1,1,1,1785459989
2026-07-31T01:26:36Z,618,11,2,4,4,0,1,1,1,1785460040
2026-07-31T01:26:36Z,619,8,6,11,0,0,1,1,1,1785460837
2026-07-31T01:26:36Z,620,0,0,26,1,0,1,1,1,1785459814
2026-07-31T01:26:36Z,621,6,1,17,0,0,1,1,1,1785460950
2026-07-31T01:26:36Z,622,10,7,8,5,0,1,1,1,1785461099
2026-07-31T01:26:36Z,623,5,1,24,1,0,1,1,1,1785461122
2026-07-31T01:26:36Z,624,5,1,10,0,0,1,1,1,1785458538
2026-07-31T01:26:36Z,625,4,0,15,2,0,1,1,1,1785461076
2026-07-31T01:26:36Z,626,3,0,41,1,2,1,1,1,1785460665
2026-07-31T01:26:36Z,627,14,6,5,0,0,1,1,1,1785458008
2026-07-31T01:26:36Z,628,1,1,16,1,1,1,1,1,1785460388
2026-07-31T01:26:36Z,629,9,3,0,2,0,1,1,1,1785461112
2026-07-31T01:26:36Z,630,1,0,23,3,0,1,1,1,1785460894
2026-07-31T01:26:36Z,631,1,1,22,0,0,1,1,1,1785461151
2026-07-31T01:26:36Z,632,22,2,0,1,0,1,1,1,1785458363
2026-07-31T01:26:36Z,633,11,1,0,4,0,1,1,1,1785461115
2026-07-31T01:26:36Z,634,5,1,13,1,0,1,1,1,1785460906
2026-07-31T01:26:36Z,635,12,1,6,1,0,1,1,1,1785460321
2026-07-31T01:26:36Z,636,8,1,6,1,0,1,1,1,1785460102
2026-07-31T01:26:36Z,637,10,1,9,0,0,1,1,1,1785460625
2026-07-31T01:26:36Z,638,7,2,9,3,0,1,1,1,1785460692
2026-07-31T01:26:36Z,639,4,1,13,2,0,1,1,1,1785455668
2026-07-31T01:26:36Z,640,2,2,20,1,0,1,1,1,1785460902
2026-07-31T01:26:36Z,641,4,1,21,1,0,1,1,1,1785461091
2026-07-31T01:26:36Z,642,2,2,9,8,0,1,1,1,1785461184
2026-07-31T01:26:36Z,643,15,1,6,6,0,1,1,1,1785461170
2026-07-31T01:26:36Z,644,9,0,5,1,0,1,1,1,1785460308
2026-07-31T01:26:36Z,645,9,0,13,0,1,1,1,1,1785459389
2026-07-31T01:26:36Z,646,2,2,17,0,0,1,1,1,1785461187
2026-07-31T01:26:36Z,647,21,0,10,0,0,1,1,1,1785461185
2026-07-31T01:26:36Z,648,6,3,11,1,1,1,1,1,1785461172
2026-07-31T01:26:36Z,649,26,2,4,1,0,1,1,1,1785460805
2026-07-31T01:26:36Z,650,4,1,10,0,0,1,1,1,1785453435
2026-07-31T01:26:36Z,651,1,1,22,0,0,1,1,1,1785459098
2026-07-31T01:26:36Z,652,0,0,21,2,0,1,1,1,1785460888
2026-07-31T01:26:36Z,653,1,0,17,1,0,1,1,1,1785458071
2026-07-31T01:26:36Z,654,3,3,12,0,0,1,1,1,1785458495
2026-07-31T01:26:36Z,655,6,3,2,4,1,1,1,1,1785460969
2026-07-31T01:26:36Z,656,12,7,7,0,0,1,1,1,1785461128
2026-07-31T01:26:36Z,657,11,5,1,2,3,1,1,1,1785460922
2026-07-31T01:26:36Z,658,8,0,2,0,0,1,1,1,1785460467
2026-07-31T01:26:36Z,659,8,3,6,1,0,1,1,1,1785457539
2026-07-31T01:26:36Z,660,2,2,26,3,0,1,1,1,1785461004
2026-07-31T01:26:36Z,661,3,2,16,0,0,1,1,1,1785460701
2026-07-31T01:26:36Z,662,6,3,13,4,0,1,1,1,1785460993
2026-07-31T01:26:36Z,663,6,1,8,1,0,1,1,1,1785461164
2026-07-31T01:26:36Z,664,3,0,24,0,0,1,1,1,1785461017
2026-07-31T01:26:36Z,665,10,2,5,0,0,1,1,1,1785460201
2026-07-31T01:26:36Z,666,6,4,7,2,0,1,1,1,1785457342
2026-07-31T01:26:36Z,667,19,6,0,0,0,1,1,1,1785460817
2026-07-31T01:26:36Z,668,15,1,2,2,0,1,1,1,1785461152
2026-07-31T01:26:36Z,669,9,3,5,0,0,1,1,1,1785461112
2026-07-31T01:26:36Z,670,4,3,23,0,0,1,1,1,1785459775
2026-07-31T01:26:36Z,671,18,0,7,2,0,1,1,1,1785461133
2026-07-31T01:26:36Z,672,5,2,14,3,1,1,1,1,1785461087
2026-07-31T01:26:36Z,673,3,0,20,0,0,1,1,1,1785459652
2026-07-31T01:26:36Z,674,2,2,19,2,0,1,1,1,1785461110
2026-07-31T01:26:36Z,675,5,3,8,2,0,1,1,1,1785460961
2026-07-31T01:26:36Z,676,10,1,12,0,0,1,1,1,1785460296
2026-07-31T01:26:36Z,681,1,1,10,4,0,1,1,1,1785461171
2026-07-31T01:26:36Z,682,4,1,14,1,0,1,1,1,1785387864
2026-07-31T01:26:36Z,683,4,1,15,0,0,1,1,1,1785461039
2026-07-31T01:26:36Z,684,2,0,25,0,0,1,1,1,1785456431
2026-07-31T01:26:36Z,685,6,0,19,1,1,1,1,1,1785460671
2026-07-31T01:26:36Z,686,11,0,14,1,1,1,1,1,1785461001
2026-07-31T01:26:36Z,687,11,0,18,1,1,1,1,1,1785461144
2026-07-31T01:26:36Z,688,8,1,4,7,0,1,1,1,1785460923
2026-07-31T01:26:36Z,692,0,0,21,0,0,1,1,1,1785460379
2026-07-31T01:26:36Z,693,7,0,1,3,0,1,1,1,1785460019
2026-07-31T01:26:36Z,694,8,5,12,1,0,1,1,1,1785459697
2026-07-31T01:26:36Z,695,6,3,16,1,0,1,1,1,1785461171
2026-07-31T01:26:36Z,696,21,13,2,0,0,1,1,1,1785460688
2026-07-31T01:26:36Z,697,22,0,1,0,0,1,1,1,1785461176
2026-07-31T01:26:36Z,698,7,0,20,0,0,1,1,1,1785461175
2026-07-31T01:26:36Z,699,6,0,8,1,0,1,1,1,1785460254
2026-07-31T01:26:36Z,700,12,2,6,1,0,1,1,1,1785460724
2026-07-31T01:26:36Z,701,16,4,3,0,0,1,1,1,1785461172
2026-07-31T01:26:36Z,702,14,0,8,1,0,1,1,1,1785460374
2026-07-31T01:26:36Z,704,5,1,10,0,0,1,1,1,1785461030
2026-07-31T01:26:36Z,705,4,4,10,1,0,1,1,1,1785460496
2026-07-31T01:26:36Z,706,10,1,1,4,0,1,1,1,1785461104
2026-07-31T01:26:36Z,707,3,1,10,2,0,1,1,1,1785460459
2026-07-31T01:26:36Z,708,19,0,0,0,0,1,1,1,1785460758
2026-07-31T01:26:36Z,709,11,1,0,4,0,1,1,1,1785461063
2026-07-31T01:26:36Z,710,8,0,11,0,0,1,1,1,1785460308
2026-07-31T01:26:36Z,711,11,3,9,3,0,1,1,1,1785460449
2026-07-31T01:26:36Z,712,8,2,7,0,0,1,1,1,1785460669
2026-07-31T01:26:36Z,713,0,0,23,0,0,1,1,1,1785460841
2026-07-31T01:26:36Z,716,2,1,13,0,0,1,1,1,1785460132
2026-07-31T01:26:36Z,717,2,0,20,3,0,1,1,1,1785460168
2026-07-31T01:26:36Z,718,0,0,14,1,0,1,1,1,1785461113
2026-07-31T01:26:36Z,719,3,1,26,0,0,1,1,1,1785461134
2026-07-31T01:26:36Z,720,2,1,17,0,0,1,1,1,1785460437
2026-07-31T01:26:36Z,721,0,0,21,2,0,1,1,1,1785461176
2026-07-31T01:26:36Z,722,2,0,13,0,0,1,1,1,1785460184
2026-07-31T01:26:36Z,723,12,2,11,0,0,1,1,1,1785460138
2026-07-31T01:26:36Z,724,16,6,6,1,0,1,1,1,1785460621
2026-07-31T01:26:36Z,725,3,0,20,0,0,1,1,1,1785460929
2026-07-31T01:26:36Z,726,11,2,8,0,0,1,1,1,1785461136
2026-07-31T01:26:36Z,727,9,4,12,2,0,1,1,1,1785461116
2026-07-31T01:26:36Z,728,10,1,5,0,0,1,1,1,1785460745
2026-07-31T01:26:36Z,729,19,2,0,0,0,1,1,1,1785460948
2026-07-31T01:26:36Z,730,4,3,10,1,0,1,1,1,1785460040
2026-07-31T01:26:36Z,731,7,1,8,0,0,1,1,1,1785460428
2026-07-31T01:26:36Z,732,6,4,9,0,0,1,1,1,1785459668
2026-07-31T01:26:36Z,733,25,1,1,1,0,1,1,1,1785461088
2026-07-31T01:26:36Z,734,2,1,12,0,0,1,1,1,1785460187
2026-07-31T01:26:36Z,735,0,0,27,0,0,1,1,1,1785460270
2026-07-31T01:26:36Z,736,3,0,16,0,0,1,1,1,1785460857
2026-07-31T01:26:36Z,737,2,1,10,2,1,1,1,1,1785461058
2026-07-31T01:26:36Z,738,9,0,8,2,0,1,1,1,1785461055
2026-07-31T01:26:36Z,739,16,2,10,1,0,1,1,1,1785461071
2026-07-31T01:26:36Z,741,6,1,17,0,0,1,1,1,1785461164
2026-07-31T01:26:36Z,742,14,7,19,2,0,1,1,1,1785461135
2026-07-31T01:26:36Z,743,2,1,16,1,0,1,1,1,1785461179
2026-07-31T01:26:36Z,744,7,2,7,1,0,1,1,1,1785461136
2026-07-31T01:26:36Z,745,14,4,4,1,0,1,1,1,1785461113
2026-07-31T01:26:36Z,746,5,0,15,3,0,1,1,1,1785461116
2026-07-31T01:26:36Z,747,0,0,4,0,0,0,1,1,1783446606
2026-07-31T01:26:36Z,748,10,1,13,0,0,1,1,1,1785460032
2026-07-31T01:26:36Z,749,4,0,19,0,0,1,1,1,1785460732
2026-07-31T01:26:36Z,750,5,5,5,1,0,1,1,1,1785460784
2026-07-31T01:26:36Z,751,2,2,20,1,0,1,1,1,1785460845
2026-07-31T01:26:36Z,752,6,1,10,1,0,1,1,1,1785459922
2026-07-31T01:26:36Z,753,13,5,2,0,0,1,1,1,1785460793
2026-07-31T01:26:36Z,754,1,1,13,1,0,1,1,1,1785460524
2026-07-31T01:26:36Z,755,2,1,19,2,0,1,1,1,1785459960
2026-07-31T01:26:36Z,756,0,0,35,2,0,1,1,1,1785460564
2026-07-31T01:26:36Z,757,0,0,19,0,0,1,1,1,1785460090
2026-07-31T01:26:36Z,758,10,10,13,0,0,1,1,1,1785461176
2026-07-31T01:26:36Z,759,5,3,10,0,0,1,1,1,1785459440
2026-07-31T01:26:36Z,760,6,2,12,1,0,1,1,1,1785456620
2026-07-31T01:26:36Z,761,5,0,18,0,0,1,1,1,1785460920
2026-07-31T01:26:36Z,762,5,4,6,4,0,1,1,1,1785460332
2026-07-31T01:26:36Z,768,10,0,7,2,0,1,1,1,1785460383
2026-07-31T01:26:36Z,769,15,6,4,0,0,1,1,1,1785460984
2026-07-31T01:26:36Z,770,11,2,6,2,0,1,1,1,1785460903
2026-07-31T01:26:36Z,771,13,3,1,1,0,1,1,1,1785460318
2026-07-31T01:26:36Z,772,5,2,10,0,0,1,1,1,1785460993
2026-07-31T01:26:36Z,773,9,4,10,0,0,1,1,1,1785460766
2026-07-31T01:26:36Z,774,2,1,10,3,0,1,1,1,1785460765
2026-07-31T01:26:36Z,775,6,0,11,1,1,1,1,1,1785460498
2026-07-31T01:26:36Z,776,3,1,17,1,0,1,1,1,1785461076
2026-07-31T01:26:36Z,777,9,0,3,3,0,1,1,1,1785461063
2026-07-31T01:26:36Z,778,13,0,3,3,0,1,1,1,1785460861
2026-07-31T01:26:36Z,779,8,1,10,1,0,1,1,1,1785459702
2026-07-31T01:26:36Z,780,15,1,3,1,0,1,1,1,1785461090
2026-07-31T01:26:36Z,781,3,1,6,2,0,1,1,1,1785459925
2026-07-31T01:26:36Z,782,3,1,13,3,0,1,1,1,1785460623
2026-07-31T01:26:36Z,783,4,0,15,0,0,1,1,1,1785459926
2026-07-31T01:26:36Z,784,14,1,2,3,0,1,1,1,1785461041
2026-07-31T01:26:36Z,785,9,0,4,6,0,1,1,1,1785460079
2026-07-31T01:26:36Z,786,8,3,11,0,0,1,1,1,1785460616
2026-07-31T01:26:36Z,787,10,5,3,2,0,1,1,1,1785460098
2026-07-31T01:26:36Z,788,3,0,12,0,0,1,1,1,1785460416
2026-07-31T01:26:36Z,789,6,2,5,4,0,1,1,1,1785460672
2026-07-31T01:26:36Z,790,6,2,17,0,0,1,1,1,1785460993
2026-07-31T01:26:36Z,791,4,0,14,0,1,1,1,1,1785460938
2026-07-31T01:26:36Z,793,4,0,10,1,0,1,1,1,1785460827
2026-07-31T01:26:36Z,794,8,2,20,1,0,1,1,1,1785461170
2026-07-31T01:26:36Z,796,6,2,12,1,0,1,1,1,1785460824
2026-07-31T01:26:36Z,797,3,0,12,0,0,1,1,1,1785460246
2026-07-31T01:26:36Z,798,4,0,20,1,0,1,1,1,1785460700
2026-07-31T01:26:36Z,799,10,1,5,4,0,1,1,1,1785460528
2026-07-31T01:26:36Z,800,20,4,0,1,0,1,1,1,1785460892
2026-07-31T01:26:36Z,801,0,0,20,1,0,1,1,1,1785460775
2026-07-31T01:26:36Z,802,9,0,22,0,0,1,1,1,1785461172
2026-07-31T01:26:36Z,803,0,0,14,1,0,1,1,1,1785460383
2026-07-31T01:26:36Z,806,4,4,11,0,0,1,1,1,1785460586
2026-07-31T01:26:36Z,807,0,0,24,1,0,1,1,1,1785460915
2026-07-31T01:26:36Z,808,5,0,18,2,0,1,1,1,1785459824
2026-07-31T01:26:36Z,809,5,1,17,1,0,1,1,1,1785460510
2026-07-31T01:26:36Z,810,3,1,12,4,0,1,1,1,1785460936
2026-07-31T01:26:36Z,815,5,0,5,4,1,1,1,1,1785460557
2026-07-31T01:26:36Z,817,9,4,6,0,0,1,1,1,1785460975
2026-07-31T01:26:36Z,818,5,0,17,1,0,1,1,1,1785461038
2026-07-31T01:26:36Z,819,6,4,9,0,0,1,1,1,1785460987
2026-07-31T01:26:36Z,820,7,1,10,0,0,1,1,1,1785459844
2026-07-31T01:26:36Z,821,1,1,14,0,0,1,1,1,1785460777
2026-07-31T01:26:36Z,822,19,1,2,2,0,1,1,1,1785461180
2026-07-31T01:26:36Z,823,13,0,1,1,0,1,1,1,1785461121
2026-07-31T01:26:36Z,824,13,3,6,0,0,1,1,1,1785461168
2026-07-31T01:26:36Z,825,9,5,6,0,0,1,1,1,1785457432
2026-07-31T01:26:36Z,826,4,1,14,1,0,1,1,1,1785459636
2026-07-31T01:26:36Z,827,14,5,6,1,0,1,1,1,1785460917
2026-07-31T01:26:36Z,828,7,2,10,1,0,1,1,1,1785460755
2026-07-31T01:26:36Z,829,14,6,13,0,0,1,1,1,1785459823
2026-07-31T01:26:36Z,830,13,0,9,1,0,1,1,1,1785460917
2026-07-31T01:26:36Z,831,3,3,11,1,0,1,1,1,1785460221
2026-07-31T01:26:36Z,832,10,4,5,3,0,1,1,1,1785461040
2026-07-31T01:26:36Z,833,1,1,17,1,0,1,1,1,1785460006
2026-07-31T01:26:36Z,834,4,1,18,2,0,1,1,1,1785460944
2026-07-31T01:26:36Z,835,6,0,11,1,0,1,1,1,1785460821
2026-07-31T01:26:36Z,837,5,1,0,10,0,1,1,1,1785460226
2026-07-31T01:26:36Z,838,11,1,3,1,0,1,1,1,1785460928
2026-07-31T01:26:36Z,839,16,3,13,0,0,1,1,1,1785461186
2026-07-31T01:26:36Z,840,5,0,22,2,0,1,1,1,1785460835
2026-07-31T01:26:36Z,841,7,1,8,0,0,1,1,1,1785460780
2026-07-31T01:26:36Z,842,6,1,17,0,0,1,1,1,1785459923
2026-07-31T01:26:36Z,843,9,0,21,1,0,1,1,1,1785460062
2026-07-31T01:26:36Z,844,6,1,17,0,0,1,1,1,1785459974
2026-07-31T01:26:36Z,845,5,3,12,2,0,1,1,1,1785460332
2026-07-31T01:26:36Z,846,4,0,13,2,0,1,1,1,1785460104
2026-07-31T01:26:36Z,847,4,1,23,0,0,1,1,1,1785460990
2026-07-31T01:26:36Z,848,5,0,13,1,0,1,1,1,1785460810
2026-07-31T01:26:36Z,849,8,1,7,0,0,1,1,1,1785461154
2026-07-31T01:26:36Z,850,9,0,1,1,0,1,1,1,1785459543
2026-07-31T01:26:36Z,851,0,0,35,2,0,1,1,1,1785461087
2026-07-31T01:26:36Z,852,10,4,8,1,0,1,1,1,1785460073
2026-07-31T01:26:36Z,853,9,4,13,1,0,1,1,1,1785461114
2026-07-31T01:26:36Z,854,2,2,13,0,0,1,1,1,1785461023
2026-07-31T01:26:36Z,855,14,2,13,0,0,1,1,1,1785460742
2026-07-31T01:26:36Z,857,1,1,17,1,0,1,1,1,1785460767
2026-07-31T01:26:36Z,858,4,1,14,1,0,1,1,1,1785460683
2026-07-31T01:26:36Z,859,3,0,17,1,0,1,1,1,1785460930
2026-07-31T01:26:36Z,861,8,1,2,1,0,1,1,1,1785455675
2026-07-31T01:26:36Z,862,2,1,13,0,0,1,1,1,1785460820
2026-07-31T01:26:36Z,863,10,0,8,1,0,1,1,1,1785461160
2026-07-31T01:26:36Z,866,6,0,12,1,0,1,1,1,1785460485
2026-07-31T01:26:36Z,867,12,0,3,0,0,1,1,1,1785459864
2026-07-31T01:26:36Z,868,13,2,2,0,0,1,1,1,1785460037
2026-07-31T01:26:36Z,870,7,5,7,1,0,1,1,1,1785460251
2026-07-31T01:26:36Z,871,0,0,10,1,0,1,1,1,1785459669
2026-07-31T01:26:36Z,872,0,0,14,1,0,1,1,1,1785460181
2026-07-31T01:26:36Z,873,0,0,32,1,0,1,1,1,1785460852
2026-07-31T01:26:36Z,874,3,1,9,3,0,1,1,1,1785460946
2026-07-31T01:26:36Z,875,14,10,0,1,0,1,1,1,1785460268
2026-07-31T01:26:36Z,877,12,11,6,1,0,1,1,1,1785459724
2026-07-31T01:26:36Z,878,2,2,16,1,0,1,1,1,1785461118
2026-07-31T01:26:36Z,879,2,0,17,0,0,1,1,1,1785461186
2026-07-31T01:26:36Z,880,4,1,18,1,0,1,1,1,1785460270
2026-07-31T01:26:36Z,881,3,0,16,0,0,1,1,1,1785460167
2026-07-31T01:26:36Z,882,11,0,6,2,0,1,1,1,1785457778
2026-07-31T01:26:36Z,883,10,6,9,0,0,1,1,1,1785460477
2026-07-31T01:26:36Z,884,11,7,10,0,0,1,1,1,1785459700
2026-07-31T01:26:36Z,885,0,0,19,0,0,1,1,1,1785460035
2026-07-31T01:26:36Z,886,0,0,28,1,0,1,1,1,1785460744
2026-07-31T01:26:36Z,887,0,0,14,3,0,1,1,1,1785460798
2026-07-31T01:26:36Z,888,18,1,21,2,0,1,1,1,1785461098
2026-07-31T01:26:36Z,889,5,0,12,2,0,1,1,1,1785460367
2026-07-31T01:26:36Z,890,4,1,10,1,0,1,1,1,1785455867
2026-07-31T01:26:36Z,891,15,0,7,1,0,1,1,1,1785461177
2026-07-31T01:26:36Z,892,12,1,3,0,0,1,1,1,1785456450
2026-07-31T01:26:36Z,895,1,0,17,1,0,1,1,1,1785449127
2026-07-31T01:26:36Z,896,21,2,14,0,0,1,1,1,1785460107
2026-07-31T01:26:36Z,897,8,0,13,0,0,1,1,1,1785460199
2026-07-31T01:26:36Z,898,0,0,19,0,0,1,1,1,1785460682
2026-07-31T01:26:36Z,899,19,2,0,0,0,1,1,1,1785461001
2026-07-31T01:26:36Z,900,25,3,2,0,0,1,1,1,1785461122
2026-07-31T01:26:36Z,901,16,1,2,1,0,1,1,1,1785460693
2026-07-31T01:26:36Z,902,10,1,4,1,0,1,1,1,1785460603
2026-07-31T01:26:36Z,903,6,0,13,0,0,1,1,1,1785461081
2026-07-31T01:26:36Z,904,11,5,8,0,0,1,1,1,1785460339
2026-07-31T01:26:36Z,905,4,2,23,0,0,1,1,1,1785461113
2026-07-31T01:26:36Z,906,1,1,26,0,0,1,1,1,1785461119
2026-07-31T01:26:36Z,907,30,3,0,1,0,1,1,1,1785461185
2026-07-31T01:26:36Z,908,8,2,15,0,0,1,1,1,1785460303
2026-07-31T01:26:36Z,909,4,3,19,0,0,1,1,1,1785460762
2026-07-31T01:26:36Z,910,14,0,17,0,0,1,1,1,1785461188
2026-07-31T01:26:36Z,911,6,0,13,0,0,1,1,1,1785460502
2026-07-31T01:26:36Z,912,9,2,12,2,0,1,1,1,1785461047
2026-07-31T01:26:36Z,913,5,2,14,0,0,1,1,1,1785460859
2026-07-31T01:26:36Z,914,2,0,17,0,0,1,1,1,1785461176
2026-07-31T01:26:36Z,915,10,0,12,1,0,1,1,1,1785460732
2026-07-31T01:26:36Z,916,3,0,20,0,0,1,1,1,1785460439
2026-07-31T01:26:36Z,917,33,4,0,2,0,1,1,1,1785460917
2026-07-31T01:26:36Z,918,5,1,11,3,0,1,1,1,1785461049
2026-07-31T01:26:36Z,919,1,0,36,2,0,1,1,1,1785461179
2026-07-31T01:26:36Z,920,3,1,16,0,0,1,1,1,1785460706
2026-07-31T01:26:36Z,921,15,0,6,0,0,1,1,1,1785460140
2026-07-31T01:26:36Z,922,1,0,20,0,0,1,1,1,1785460774
2026-07-31T01:26:36Z,923,8,8,10,1,0,1,1,1,1785461044
2026-07-31T01:26:36Z,924,8,0,13,0,0,1,1,1,1785461024
2026-07-31T01:26:36Z,925,13,0,8,0,0,1,1,1,1785460459
2026-07-31T01:26:36Z,926,1,1,20,0,0,1,1,1,1785460636
2026-07-31T01:26:36Z,927,22,1,13,0,0,1,1,1,1785460932
2026-07-31T01:26:36Z,928,12,0,7,0,0,1,1,1,1785459894
2026-07-31T01:26:36Z,929,0,0,23,0,0,1,1,1,1785460518
2026-07-31T01:26:36Z,930,28,2,1,2,0,1,1,1,1785461061
2026-07-31T01:26:36Z,931,0,0,23,0,0,1,1,1,1785461139
2026-07-31T01:26:36Z,932,13,0,1,5,0,1,1,1,1785461148
2026-07-31T01:26:36Z,933,22,2,0,1,0,1,1,1,1785460595
2026-07-31T01:26:36Z,934,1,1,29,1,0,1,1,1,1785460154
2026-07-31T01:26:36Z,935,7,0,10,2,0,1,1,1,1785461159
2026-07-31T01:26:36Z,936,4,1,15,0,0,1,1,1,1785456801
2026-07-31T01:26:36Z,940,11,2,0,0,0,1,1,1,1785460411
2026-07-31T01:26:36Z,941,8,2,15,2,0,1,1,1,1785460741
2026-07-31T01:26:36Z,942,14,2,7,0,0,1,1,1,1785461120
2026-07-31T01:26:36Z,943,9,8,6,0,0,1,1,1,1785460310
2026-07-31T01:26:36Z,944,9,8,6,0,0,1,1,1,1785460104
2026-07-31T01:26:36Z,945,10,8,5,0,0,1,1,1,1785459611
2026-07-31T01:26:36Z,946,7,5,12,0,0,1,1,1,1785424152
2026-07-31T01:26:36Z,947,7,5,10,0,0,1,1,1,1785460112
2026-07-31T01:26:36Z,948,0,0,27,4,0,1,1,1,1785460529
2026-07-31T01:26:36Z,949,3,2,12,0,0,1,1,1,1785461093
2026-07-31T01:26:36Z,950,3,2,13,1,0,1,1,1,1785461081
2026-07-31T01:26:36Z,951,8,0,14,1,0,1,1,1,1785460814
2026-07-31T01:26:36Z,952,25,1,29,1,0,1,1,1,1785461151
2026-07-31T01:26:36Z,953,11,1,4,0,0,1,1,1,1785461005
2026-07-31T01:26:36Z,954,16,0,3,0,0,1,1,1,1785460655
2026-07-31T01:26:36Z,955,1,0,21,5,0,1,1,1,1785460982
2026-07-31T01:26:36Z,956,12,0,10,1,0,1,1,1,1785461073
2026-07-31T01:26:36Z,957,16,1,12,1,0,1,1,1,1785460977
2026-07-31T01:26:36Z,958,26,0,4,1,0,1,1,1,1785461035
2026-07-31T01:26:36Z,959,12,4,10,1,0,1,1,1,1785460664
2026-07-31T01:26:36Z,960,14,10,8,1,0,1,1,1,1785461147
2026-07-31T01:26:36Z,961,0,0,20,3,0,1,1,1,1785460800
2026-07-31T01:26:36Z,962,4,0,28,3,0,1,1,1,1785460962
2026-07-31T01:26:36Z,963,9,0,13,1,0,1,1,1,1785461164
2026-07-31T01:26:36Z,964,3,3,19,1,0,1,1,1,1785460086
2026-07-31T01:26:36Z,965,4,0,22,1,0,1,1,1,1785461038
2026-07-31T01:26:36Z,966,8,0,23,0,0,1,1,1,1785460934
2026-07-31T01:26:36Z,967,2,0,17,2,0,1,1,1,1785461129
2026-07-31T01:26:36Z,968,5,2,14,0,0,1,1,1,1785460131
2026-07-31T01:26:36Z,969,4,3,21,2,0,1,1,1,1785461122
2026-07-31T01:26:36Z,970,4,3,14,1,0,1,1,1,1785460414
2026-07-31T01:26:36Z,971,22,0,0,1,0,1,1,1,1785460397
2026-07-31T01:26:36Z,972,6,0,16,1,0,1,1,1,1785460023
2026-07-31T01:26:36Z,973,3,3,19,1,0,1,1,1,1785461027
2026-07-31T01:26:36Z,974,9,0,18,0,0,1,1,1,1785461030
2026-07-31T01:26:36Z,977,4,4,13,4,0,1,1,1,1785461155
2026-07-31T01:26:36Z,978,13,4,10,0,0,1,1,1,1785461157
2026-07-31T01:26:36Z,979,2,1,15,0,0,1,1,1,1785460778
2026-07-31T01:26:36Z,980,1,0,19,1,0,1,1,1,1785460397
2026-07-31T01:26:36Z,981,2,0,18,1,0,1,1,1,1785461056
2026-07-31T01:26:36Z,982,3,1,14,2,0,1,1,1,1785460125
2026-07-31T01:26:36Z,983,1,1,21,1,0,1,1,1,1785460513
2026-07-31T01:26:36Z,984,6,0,17,0,0,1,1,1,1785460146
2026-07-31T01:26:36Z,985,28,0,3,0,0,1,1,1,1785461174
2026-07-31T01:26:36Z,986,2,0,17,0,0,1,1,1,1785460121
2026-07-31T01:26:36Z,987,5,0,17,1,0,1,1,1,1785460631
2026-07-31T01:26:36Z,988,6,2,12,1,0,1,1,1,1785460261
2026-07-31T01:26:36Z,989,8,4,11,0,0,1,1,1,1785461077
2026-07-31T01:26:36Z,990,13,1,0,2,0,1,1,1,1785460351
2026-07-31T01:26:36Z,991,9,1,9,1,0,1,1,1,1785460873
2026-07-31T01:26:36Z,992,8,6,14,1,0,1,1,1,1785460822
2026-07-31T01:26:36Z,993,0,0,27,0,0,1,1,1,1785460006
2026-07-31T01:26:36Z,994,3,1,18,0,0,1,1,1,1785461025
2026-07-31T01:26:36Z,995,7,0,20,0,0,1,1,1,1785460240
2026-07-31T01:26:36Z,996,9,1,14,0,0,1,1,1,1785460060
2026-07-31T01:26:36Z,997,10,4,11,2,0,1,1,1,1785461070
2026-07-31T01:26:36Z,998,4,2,18,1,0,1,1,1,1785460383
2026-07-31T01:26:36Z,999,4,2,15,1,1,1,1,1,1785460177
2026-07-31T01:26:36Z,1000,4,2,17,0,0,1,1,1,1785460969
2026-07-31T01:26:36Z,1001,1,0,26,0,0,1,1,1,1785460382
2026-07-31T01:26:36Z,1002,0,0,27,4,0,1,1,1,1785460351
2026-07-31T01:26:36Z,1003,0,0,22,1,0,1,1,1,1785460037
2026-07-31T01:26:36Z,1004,5,1,18,0,0,1,1,1,1785460510
2026-07-31T01:26:36Z,1005,20,1,3,0,0,1,1,1,1785460222
2026-07-31T01:26:36Z,1006,7,4,11,1,0,1,1,1,1785460077
2026-07-31T01:26:36Z,1007,5,2,16,0,0,1,1,1,1785459705
2026-07-31T01:26:36Z,1008,6,5,15,2,0,1,1,1,1785460995
2026-07-31T01:26:36Z,1009,21,4,8,2,0,1,1,1,1785460878
2026-07-31T01:26:36Z,1010,7,2,20,0,0,1,1,1,1785459867
2026-07-31T01:26:36Z,1011,7,1,10,2,0,1,1,1,1785460456
2026-07-31T01:26:36Z,1012,4,3,18,1,0,1,1,1,1785459988
2026-07-31T01:26:36Z,1013,4,1,18,1,0,1,1,1,1785460610
2026-07-31T01:26:36Z,1014,8,3,13,2,0,1,1,1,1785460499
2026-07-31T01:26:36Z,1015,4,3,25,2,0,1,1,1,1785460722
2026-07-31T01:26:36Z,1016,10,5,21,0,0,1,1,1,1785459789
2026-07-31T01:26:36Z,1017,14,5,7,0,0,1,1,1,1785459401
2026-07-31T01:26:36Z,1018,8,2,14,0,0,1,1,1,1785460078
2026-07-31T01:26:36Z,1019,7,5,8,0,0,1,1,1,1785460051
2026-07-31T01:26:36Z,1020,18,3,3,0,0,1,1,1,1785461094
2026-07-31T01:26:36Z,1021,9,3,5,1,0,1,1,1,1785460939
2026-07-31T01:26:36Z,1022,14,0,13,0,0,1,1,1,1785460141
2026-07-31T01:26:36Z,1023,12,1,10,1,0,1,1,1,1785459805
2026-07-31T01:26:36Z,1024,6,3,13,0,0,1,1,1,1785460833
2026-07-31T01:26:36Z,1025,4,0,14,0,1,1,1,1,1785460101
2026-07-31T01:26:36Z,1026,8,4,18,5,0,1,1,1,1785461034
2026-07-31T01:26:36Z,1028,2,0,20,1,0,1,1,1,1785460170
2026-07-31T01:26:36Z,1029,11,10,4,0,0,1,1,1,1785461143
2026-07-31T01:26:36Z,1030,13,5,10,0,0,1,1,1,1785460839
2026-07-31T01:26:36Z,1031,10,0,9,0,0,1,1,1,1785459432
2026-07-31T01:26:36Z,1032,7,1,12,0,0,1,1,1,1785460089
2026-07-31T01:26:36Z,1033,8,5,10,1,0,1,1,1,1785460896
2026-07-31T01:26:36Z,1034,1,0,14,0,0,1,1,1,1785460136
2026-07-31T01:26:36Z,1035,2,0,16,1,0,1,1,1,1785460112
2026-07-31T01:26:36Z,1036,15,1,0,0,0,1,1,1,1785460707
2026-07-31T01:26:36Z,1037,4,1,14,1,0,1,1,1,1785460604
2026-07-31T01:26:36Z,1038,3,1,11,1,0,1,1,1,1785459834
2026-07-31T01:26:36Z,1039,4,2,15,0,0,1,1,1,1785460244
2026-07-31T01:26:36Z,1040,9,4,9,1,0,1,1,1,1785460120
2026-07-31T01:26:36Z,1041,8,2,10,1,0,1,1,1,1785460768
2026-07-31T01:26:36Z,1042,11,0,2,2,0,1,1,1,1785460340
2026-07-31T01:26:36Z,1043,9,0,7,3,0,1,1,1,1785460295
2026-07-31T01:26:36Z,1044,2,1,13,0,0,1,1,1,1785459886
2026-07-31T01:26:36Z,1045,10,0,9,0,0,1,1,1,1785460079
2026-07-31T01:26:36Z,1046,8,0,7,0,0,1,1,1,1785459515
2026-07-31T01:26:36Z,1047,4,0,17,0,0,1,1,1,1785460828
2026-07-31T01:26:36Z,1048,6,1,13,0,0,1,1,1,1785460054
2026-07-31T01:26:36Z,1049,3,0,18,0,0,1,1,1,1785460082
2026-07-31T01:26:36Z,1050,18,5,3,0,0,1,1,1,1785461180
2026-07-31T01:26:36Z,1051,6,2,15,0,0,1,1,1,1785461092
2026-07-31T01:26:36Z,1052,17,2,5,0,0,1,1,1,1785459895
2026-07-31T01:26:36Z,1053,2,1,13,0,0,1,1,1,1785460503
2026-07-31T01:26:36Z,1054,14,1,1,0,0,1,1,1,1785460254
2026-07-31T01:26:36Z,1055,7,2,12,0,0,1,1,1,1785460700
2026-07-31T01:26:36Z,1057,4,0,15,0,0,1,1,1,1785461183
2026-07-31T01:26:36Z,1058,56,2,0,0,0,1,1,1,1785461101
2026-07-31T01:26:36Z,1059,1,0,16,2,0,1,1,1,1785460144
2026-07-31T01:26:36Z,1060,6,1,31,0,0,1,1,1,1785460698
2026-07-31T01:26:36Z,1061,29,2,8,0,0,1,1,1,1785461187
2026-07-31T01:26:36Z,1062,15,1,2,0,0,1,1,1,1785461024
2026-07-31T01:26:36Z,1063,12,1,6,1,0,1,1,1,1785460135
2026-07-31T01:26:36Z,1064,6,2,16,1,0,1,1,1,1785460413
2026-07-31T01:26:36Z,1065,15,3,8,0,0,1,1,1,1785460672
2026-07-31T01:26:36Z,1066,11,2,12,0,0,1,1,1,1785460502
2026-07-31T01:26:36Z,1067,7,1,15,1,0,1,1,1,1785460765
2026-07-31T01:26:36Z,1068,8,2,13,2,0,1,1,1,1785460225
2026-07-31T01:26:36Z,1069,12,3,11,0,0,1,1,1,1785460307
2026-07-31T01:26:36Z,1070,11,2,12,0,0,1,1,1,1785460400
2026-07-31T01:26:36Z,1071,7,4,16,0,0,1,1,1,1785460440
2026-07-31T01:26:36Z,1072,11,1,11,1,0,1,1,1,1785460753
2026-07-31T01:26:36Z,1073,12,4,13,2,0,1,1,1,1785461129
2026-07-31T01:26:36Z,1074,52,0,1,0,0,1,1,1,1785461180
2026-07-31T01:26:36Z,1075,9,8,12,0,0,1,1,1,1785459810
2026-07-31T01:26:36Z,1076,13,11,8,0,0,1,1,1,1785461058
2026-07-31T01:26:36Z,1077,8,5,13,0,0,1,1,1,1785460017
2026-07-31T01:26:36Z,1078,13,10,8,0,0,1,1,1,1785461104
2026-07-31T01:26:36Z,1079,12,9,9,0,0,1,1,1,1785459925
2026-07-31T01:26:36Z,1080,9,7,11,1,0,1,1,1,1785460520
2026-07-31T01:26:36Z,1081,14,9,5,0,0,1,1,1,1785460954
2026-07-31T01:26:36Z,1082,4,4,4,0,0,1,1,1,1785460522
2026-07-31T01:26:36Z,1083,12,10,9,0,0,1,1,1,1785460176
2026-07-31T01:26:36Z,1084,8,7,13,0,0,1,1,1,1785459809
2026-07-31T01:26:36Z,1085,10,10,11,0,0,1,1,1,1785459396
2026-07-31T01:26:36Z,1086,8,7,12,1,0,1,1,1,1785460122
2026-07-31T01:26:36Z,1087,8,7,7,0,0,1,1,1,1785459391
2026-07-31T01:26:36Z,1088,10,7,5,0,0,1,1,1,1785460142
2026-07-31T01:26:36Z,1089,6,4,9,0,0,1,1,1,1785460517
2026-07-31T01:26:36Z,1090,8,7,7,0,0,1,1,1,1785461040
2026-07-31T01:26:36Z,1091,12,7,3,0,0,1,1,1,1785460949
2026-07-31T01:26:36Z,1092,9,9,5,1,0,1,1,1,1785460494
2026-07-31T01:26:36Z,1093,7,6,8,0,0,1,1,1,1785460863
2026-07-31T01:26:36Z,1094,10,8,8,1,0,1,1,1,1785460094
2026-07-31T01:26:36Z,1095,9,8,6,0,0,1,1,1,1785460826
2026-07-31T01:26:36Z,1096,6,3,12,1,0,1,1,1,1785460454
2026-07-31T01:26:36Z,1097,10,10,5,0,0,1,1,1,1785460677
2026-07-31T01:26:36Z,1098,9,7,10,0,0,1,1,1,1785460994
2026-07-31T01:26:36Z,1099,7,6,8,0,0,1,1,1,1785459926
2026-07-31T01:26:36Z,1100,6,2,23,0,0,1,1,1,1785460314
2026-07-31T01:26:36Z,1101,10,5,11,0,0,1,1,1,1785459795
2026-07-31T01:26:36Z,1102,9,4,4,0,0,1,1,1,1785460957
2026-07-31T01:26:36Z,1103,10,5,11,0,0,1,1,1,1785458054
2026-07-31T01:26:36Z,1104,10,5,11,0,0,1,1,1,1785459545
2026-07-31T01:26:36Z,1105,7,3,6,0,0,1,1,1,1785460851
2026-07-31T01:26:36Z,1106,13,7,8,0,0,1,1,1,1785459880
2026-07-31T01:26:36Z,1107,9,5,6,0,0,1,1,1,1785460227
2026-07-31T01:26:36Z,1108,8,3,16,3,0,1,1,1,1785460623
2026-07-31T01:26:36Z,1109,7,3,8,0,0,1,1,1,1785460880
2026-07-31T01:26:36Z,1110,8,0,13,0,0,1,1,1,1785459425
2026-07-31T01:26:36Z,1111,2,0,19,0,0,1,1,1,1785459396
2026-07-31T01:26:36Z,1112,40,0,13,0,0,1,1,1,1785460896
2026-07-31T01:26:36Z,1113,0,0,21,0,0,1,1,1,1785459415
2026-07-31T01:26:36Z,1115,20,7,2,1,0,1,1,1,1785460566
2026-07-31T01:26:36Z,1116,4,1,15,0,0,1,1,1,1785460107
2026-07-31T01:26:36Z,1117,0,0,23,0,0,1,1,1,1785460454
2026-07-31T01:26:36Z,1118,18,2,3,0,0,1,1,1,1785461156
2026-07-31T01:26:36Z,1119,11,1,6,0,0,1,1,1,1785461137
2026-07-31T01:26:36Z,1120,12,2,6,1,0,1,1,1,1785461099
2026-07-31T01:26:36Z,1121,6,4,13,2,0,1,1,1,1785461119
2026-07-31T01:26:36Z,1122,16,11,3,2,0,1,1,1,1785460850
2026-07-31T01:26:36Z,1123,0,0,21,2,0,1,1,1,1785460837
2026-07-31T01:26:36Z,1124,9,1,0,6,0,1,1,1,1785461135
2026-07-31T01:26:36Z,1125,15,1,8,0,0,1,1,1,1785460491
2026-07-31T01:26:36Z,1126,5,2,14,2,0,1,1,1,1785460107
2026-07-31T01:26:36Z,1127,15,2,3,1,0,1,1,1,1785461073
2026-07-31T01:26:36Z,1128,10,0,4,1,0,1,1,1,1785460135
2026-07-31T01:26:36Z,1129,4,0,17,0,0,1,1,1,1785459845
2026-07-31T01:26:36Z,1130,4,0,11,0,0,1,1,1,1785460953
2026-07-31T01:26:36Z,1131,2,0,46,1,0,1,1,1,1785460651
2026-07-31T01:26:36Z,1132,13,5,7,1,0,1,1,1,1785460779
2026-07-31T01:26:36Z,1133,8,5,12,1,0,1,1,1,1785460960
2026-07-31T01:26:36Z,1134,10,6,9,0,0,1,1,1,1785460603
2026-07-31T01:26:36Z,1135,10,5,11,0,0,1,1,1,1785459689
2026-07-31T01:26:36Z,1136,15,0,8,0,0,1,1,1,1785460985
2026-07-31T01:26:36Z,1137,8,0,7,0,0,1,1,1,1785460056
2026-07-31T01:26:36Z,1138,10,2,9,0,0,1,1,1,1785460071
2026-07-31T01:26:36Z,1139,9,2,10,2,0,1,1,1,1785460570
2026-07-31T01:26:36Z,1140,21,4,0,2,0,1,1,1,1785461048
2026-07-31T01:26:36Z,1141,0,0,20,1,0,1,1,1,1785460089
2026-07-31T01:26:36Z,1142,21,1,0,0,0,1,1,1,1785460744
2026-07-31T01:26:36Z,1143,11,1,18,0,0,1,1,1,1785461188
2026-07-31T01:26:36Z,1144,9,4,10,2,0,1,1,1,1785460371
2026-07-31T01:26:36Z,1145,12,6,8,1,0,1,1,1,1785460464
2026-07-31T01:26:36Z,1146,7,2,11,1,0,1,1,1,1785461180
2026-07-31T01:26:36Z,1147,5,1,14,0,0,1,1,1,1785460954
2026-07-31T01:26:36Z,1148,3,1,28,0,0,1,1,1,1785461187
2026-07-31T01:26:36Z,1149,6,6,19,0,0,1,1,1,1785460846
2026-07-31T01:26:36Z,1150,8,0,11,0,0,1,1,1,1785459995
2026-07-31T01:26:36Z,1151,3,1,18,0,0,1,1,1,1785460907
2026-07-31T01:26:36Z,1152,5,0,24,0,0,1,1,1,1785460295
2026-07-31T01:26:36Z,1153,11,0,11,1,0,1,1,1,1785460625
2026-07-31T01:26:36Z,1154,12,1,7,0,0,1,1,1,1785460655
2026-07-31T01:26:36Z,1155,8,5,12,1,0,1,1,1,1785460906
2026-07-31T01:26:36Z,1158,4,1,15,0,0,1,1,1,1785460946
2026-07-31T01:26:36Z,1159,10,0,9,0,0,1,1,1,1785460910
2026-07-31T01:26:36Z,1160,7,1,11,1,0,1,1,1,1785460006
2026-07-31T01:26:36Z,1161,4,1,14,1,0,1,1,1,1785460484
2026-07-31T01:26:36Z,1162,0,0,19,0,0,1,1,1,1785460739
2026-07-31T01:26:36Z,1163,1,1,17,1,0,1,1,1,1785460118
2026-07-31T01:26:36Z,1164,4,1,15,0,0,1,1,1,1785460177
2026-07-31T01:26:36Z,1165,8,1,13,0,0,1,1,1,1785460896
2026-07-31T01:26:36Z,1166,7,3,14,0,0,1,1,1,1785460405
2026-07-31T01:26:36Z,1167,4,0,11,0,0,1,1,1,1785459914
2026-07-31T01:26:36Z,1168,1,0,22,0,0,1,1,1,1785460338
2026-07-31T01:26:36Z,1169,3,0,15,1,0,1,1,1,1785460023
2026-07-31T01:26:36Z,1170,6,0,14,1,0,1,1,1,1785460595
2026-07-31T01:26:36Z,1171,8,7,14,1,0,1,1,1,1785460020
2026-07-31T01:26:36Z,1172,7,2,6,2,0,1,1,1,1785460313
2026-07-31T01:26:36Z,1173,9,2,10,0,0,1,1,1,1785461186
2026-07-31T01:26:36Z,1174,6,2,9,0,0,1,1,1,1785459979
2026-07-31T01:26:36Z,1175,7,3,12,0,0,1,1,1,1785456851
2026-07-31T01:26:36Z,1176,19,1,2,0,0,1,1,1,1785459458
2026-07-31T01:26:36Z,1177,3,1,18,0,0,1,1,1,1785460895
2026-07-31T01:26:36Z,1178,1,0,14,0,0,1,1,1,1785459981
2026-07-31T01:26:36Z,1181,11,3,4,0,0,1,1,1,1785461014
2026-07-31T01:26:36Z,1182,10,4,9,1,0,1,1,1,1785460756
2026-07-31T01:26:36Z,1183,0,0,43,2,0,1,1,1,1785460217
2026-07-31T01:26:36Z,1184,2,1,18,1,0,1,1,1,1785460580
2026-07-31T01:26:36Z,1185,10,5,11,0,0,1,1,1,1785459485
2026-07-31T01:26:36Z,1186,9,5,10,0,0,1,1,1,1785460534
2026-07-31T01:26:36Z,1187,11,6,9,1,0,1,1,1,1785460969
2026-07-31T01:26:36Z,1188,9,3,6,0,0,1,1,1,1785460241
2026-07-31T01:26:36Z,1189,10,5,9,0,0,1,1,1,1785460288
2026-07-31T01:26:36Z,1190,10,5,11,0,0,1,1,1,1785459666
2026-07-31T01:26:36Z,1191,10,5,5,0,0,1,1,1,1785460246
2026-07-31T01:26:36Z,1192,11,7,10,0,0,1,1,1,1785460034
2026-07-31T01:26:36Z,1193,6,4,5,2,0,1,1,1,1785461156
2026-07-31T01:26:36Z,1197,9,6,7,1,0,1,1,1,1785461026
2026-07-31T01:26:36Z,1198,14,4,5,2,0,1,1,1,1785460561
2026-07-31T01:26:36Z,1199,2,0,17,0,0,1,1,1,1785460589
2026-07-31T01:26:36Z,1200,11,5,4,0,0,1,1,1,1785460283
2026-07-31T01:26:36Z,1201,9,4,6,0,0,1,1,1,1785460260
2026-07-31T01:26:36Z,1202,10,5,5,0,0,1,1,1,1785460354
2026-07-31T01:26:36Z,1203,9,5,6,0,0,1,1,1,1785460249
2026-07-31T01:26:36Z,1204,7,3,11,1,0,1,1,1,1785459968
2026-07-31T01:26:36Z,1206,11,5,10,0,0,1,1,1,1785460987
2026-07-31T01:26:36Z,1207,10,5,5,0,0,1,1,1,1785460569
2026-07-31T01:26:36Z,1208,7,2,11,1,0,1,1,1,1785460450
2026-07-31T01:26:36Z,1216,7,0,13,1,0,1,1,1,1785459407
2026-07-31T01:26:36Z,1218,5,0,16,0,0,1,1,1,1785459802
2026-07-31T01:26:36Z,1219,7,2,7,1,0,1,1,1,1785459711
2026-07-31T01:26:36Z,1220,14,7,4,1,0,1,1,1,1785459662
2026-07-31T01:26:36Z,1221,2,2,19,0,0,1,1,1,1785460927
2026-07-31T01:26:36Z,1222,21,0,8,0,0,1,1,1,1785461178
2026-07-31T01:26:36Z,1223,19,2,8,2,0,1,1,1,1785460952
2026-07-31T01:26:36Z,1226,0,0,3,0,0,0,1,1,1781868931
2026-07-31T01:26:36Z,1227,13,2,12,0,0,1,1,1,1785460666
2026-07-31T01:26:36Z,1228,19,1,8,2,0,1,1,1,1785461122
2026-07-31T01:26:36Z,1229,45,1,0,0,0,1,1,1,1785460878
2026-07-31T01:31:36Z,1,1,1,22,0,0,1,1,1,1785461242
2026-07-31T01:31:36Z,2,7,1,18,2,0,1,1,1,1785461425
2026-07-31T01:31:36Z,3,3,3,10,1,0,1,1,1,1785461430
2026-07-31T01:31:36Z,4,20,0,1,1,0,1,1,1,1785461386
2026-07-31T01:31:36Z,5,6,1,17,0,0,1,1,1,1785460644
2026-07-31T01:31:36Z,6,8,0,7,0,0,1,1,1,1785461472
2026-07-31T01:31:36Z,7,3,0,35,1,0,1,1,1,1785461373
2026-07-31T01:31:36Z,8,4,0,39,0,0,1,1,1,1785460876
2026-07-31T01:31:36Z,9,5,2,15,3,0,1,1,1,1785460671
2026-07-31T01:31:36Z,10,0,0,21,2,0,1,1,1,1785461006
2026-07-31T01:31:36Z,11,5,1,13,1,0,1,1,1,1785461230
2026-07-31T01:31:36Z,12,0,0,23,0,0,1,1,1,1785461462
2026-07-31T01:31:36Z,13,19,2,11,0,0,1,1,1,1785461149
2026-07-31T01:31:36Z,14,22,0,20,0,1,1,1,1,1785461441
2026-07-31T01:31:36Z,15,2,0,13,0,0,1,1,1,1785461435
2026-07-31T01:31:36Z,16,11,1,13,2,1,1,1,1,1785460145
2026-07-31T01:31:36Z,17,25,1,1,1,0,1,1,1,1785461302
2026-07-31T01:31:36Z,18,15,0,0,3,0,1,1,1,1785461487
2026-07-31T01:31:36Z,19,20,0,6,1,0,1,1,1,1785461286
2026-07-31T01:31:36Z,20,28,6,7,0,0,1,1,1,1785461342
2026-07-31T01:31:36Z,21,19,1,0,0,0,1,1,1,1785461434
2026-07-31T01:31:36Z,22,57,1,7,1,0,1,1,1,1785461445
2026-07-31T01:31:36Z,23,18,3,13,0,0,1,1,1,1785461023
2026-07-31T01:31:36Z,24,9,2,0,2,0,1,1,1,1785461485
2026-07-31T01:31:36Z,25,72,0,4,5,0,1,1,1,1785461482
2026-07-31T01:31:36Z,26,3,0,24,0,0,1,1,1,1785461048
2026-07-31T01:31:36Z,28,2,0,13,0,0,1,1,1,1785460332
2026-07-31T01:31:36Z,30,17,0,11,1,0,1,1,1,1785461393
2026-07-31T01:31:36Z,31,1,0,16,2,0,1,1,1,1785461348
2026-07-31T01:31:36Z,32,20,4,7,0,0,1,1,1,1785461042
2026-07-31T01:31:36Z,34,24,2,13,0,0,1,1,1,1785460371
2026-07-31T01:31:36Z,35,47,4,0,0,0,1,1,1,1785461460
2026-07-31T01:31:36Z,36,0,0,0,0,0,0,1,1,86400
2026-07-31T01:31:36Z,37,17,3,6,0,0,1,1,1,1785461453
2026-07-31T01:31:36Z,38,8,0,15,0,0,1,1,1,1785461425
2026-07-31T01:31:36Z,39,12,1,26,1,0,1,1,1,1785461459
2026-07-31T01:31:36Z,40,3,0,15,3,0,1,1,1,1785461408
2026-07-31T01:31:36Z,41,0,0,42,1,0,1,1,1,1785460910
2026-07-31T01:31:36Z,42,29,8,2,0,0,1,1,1,1785461237
2026-07-31T01:31:36Z,43,3,0,20,0,0,1,1,1,1785460872
2026-07-31T01:31:36Z,45,1,0,27,1,0,1,1,1,1785460737
2026-07-31T01:31:36Z,46,0,0,31,0,0,1,1,1,1785461265
2026-07-31T01:31:36Z,47,12,0,2,1,0,1,1,1,1785460752
2026-07-31T01:31:36Z,48,17,0,10,0,0,1,1,1,1785461438
2026-07-31T01:31:36Z,49,2,0,17,4,0,1,1,1,1785461487
2026-07-31T01:31:36Z,50,0,0,19,0,0,1,1,1,1785459881
2026-07-31T01:31:36Z,51,66,1,11,0,0,1,1,1,1785461346
2026-07-31T01:31:36Z,52,0,0,24,3,0,1,1,1,1785461391
2026-07-31T01:31:36Z,55,4,0,19,0,0,1,1,1,1785461271
2026-07-31T01:31:36Z,56,3,0,40,0,0,1,1,1,1785461453
2026-07-31T01:31:36Z,57,2,0,25,0,0,1,1,1,1785461069
2026-07-31T01:31:36Z,58,3,3,25,0,0,1,1,1,1785461426
2026-07-31T01:31:36Z,59,3,1,22,2,0,1,1,1,1785461467
2026-07-31T01:31:36Z,61,10,0,29,0,0,1,1,1,1785461186
2026-07-31T01:31:36Z,62,14,13,33,2,0,1,1,1,1785461393
2026-07-31T01:31:36Z,63,3,0,16,0,0,1,1,1,1785461489
2026-07-31T01:31:36Z,64,15,0,0,4,0,1,1,1,1785461128
2026-07-31T01:31:36Z,65,13,5,5,1,0,1,1,1,1785460108
2026-07-31T01:31:36Z,67,2,0,37,0,0,1,1,1,1785461419
2026-07-31T01:31:36Z,68,6,0,31,0,0,1,1,1,1785461477
2026-07-31T01:31:36Z,69,11,3,2,2,0,1,1,1,1785461425
2026-07-31T01:31:36Z,71,1,0,25,1,0,1,1,1,1785461403
2026-07-31T01:31:36Z,72,11,6,19,1,0,1,1,1,1785461453
2026-07-31T01:31:36Z,73,0,0,31,0,0,1,1,1,1785460014
2026-07-31T01:31:36Z,74,5,3,14,0,0,1,1,1,1785461472
2026-07-31T01:31:36Z,75,0,0,30,2,0,1,1,1,1785461328
2026-07-31T01:31:36Z,76,4,1,14,1,0,1,1,1,1785461482
2026-07-31T01:31:36Z,77,7,0,19,1,0,1,1,1,1785461480
2026-07-31T01:31:36Z,78,2,1,21,0,0,1,1,1,1785461318
2026-07-31T01:31:36Z,79,9,1,7,1,0,1,1,1,1785460879
2026-07-31T01:31:36Z,80,0,0,20,3,0,1,1,1,1785461436
2026-07-31T01:31:36Z,81,4,1,27,0,0,1,1,1,1785461228
2026-07-31T01:31:36Z,82,2,1,21,0,0,1,1,1,1785461202
2026-07-31T01:31:36Z,83,8,4,24,2,0,1,1,1,1785461444
2026-07-31T01:31:36Z,84,3,2,24,0,0,1,1,1,1785461486
2026-07-31T01:31:36Z,85,2,0,13,0,0,1,1,1,1785460237
2026-07-31T01:31:36Z,86,0,0,26,1,0,1,1,1,1785460943
2026-07-31T01:31:36Z,87,5,0,14,0,0,1,1,1,1785460072
2026-07-31T01:31:36Z,88,2,0,40,1,0,1,1,1,1785461399
2026-07-31T01:31:36Z,89,29,2,6,0,0,1,1,1,1785461225
2026-07-31T01:31:36Z,90,4,0,12,2,0,1,1,1,1785461363
2026-07-31T01:31:36Z,91,8,0,9,0,0,1,1,1,1785461187
2026-07-31T01:31:36Z,92,7,0,10,2,0,1,1,1,1785461465
2026-07-31T01:31:36Z,93,22,0,1,0,0,1,1,1,1785460955
2026-07-31T01:31:36Z,94,18,0,0,1,0,1,1,1,1785460426
2026-07-31T01:31:36Z,95,6,2,27,1,1,1,1,1,1785461484
2026-07-31T01:31:36Z,96,1,1,29,1,0,1,1,1,1785461008
2026-07-31T01:31:36Z,97,16,1,0,1,0,1,1,1,1785461285
2026-07-31T01:31:36Z,98,28,4,5,2,0,1,1,1,1785461319
2026-07-31T01:31:36Z,99,8,0,7,0,0,1,1,1,1785461418
2026-07-31T01:31:36Z,100,27,1,0,0,0,1,1,1,1785460879
2026-07-31T01:31:36Z,101,13,2,1,1,0,1,1,1,1785461379
2026-07-31T01:31:36Z,102,22,0,1,0,0,1,1,1,1785461343
2026-07-31T01:31:36Z,103,28,0,1,1,0,1,1,1,1785461489
2026-07-31T01:31:36Z,104,22,1,3,2,0,1,1,1,1785461489
2026-07-31T01:31:36Z,105,17,1,2,0,0,1,1,1,1785460698
2026-07-31T01:31:36Z,106,0,0,21,0,0,1,1,1,1785458543
2026-07-31T01:31:36Z,107,32,0,5,0,0,1,1,1,1785460428
2026-07-31T01:31:36Z,108,22,1,13,0,0,1,1,1,1785461481
2026-07-31T01:31:36Z,109,21,0,2,0,0,1,1,1,1785461443
2026-07-31T01:31:36Z,110,17,2,6,0,0,1,1,1,1785461245
2026-07-31T01:31:36Z,111,0,0,36,0,0,1,1,1,1785460364
2026-07-31T01:31:36Z,112,13,0,1,1,0,1,1,1,1785460625
2026-07-31T01:31:36Z,113,16,4,2,1,0,1,1,1,1785461436
2026-07-31T01:31:36Z,114,1,1,28,1,1,1,1,1,1785461462
2026-07-31T01:31:36Z,115,5,1,20,3,0,1,1,1,1785461128
2026-07-31T01:31:36Z,116,6,4,20,1,0,1,1,1,1785461235
2026-07-31T01:31:36Z,118,19,11,1,3,0,1,1,1,1785461322
2026-07-31T01:31:36Z,119,6,2,29,3,0,1,1,1,1785461372
2026-07-31T01:31:36Z,120,4,1,22,1,0,1,1,1,1785461263
2026-07-31T01:31:36Z,121,5,0,13,0,1,1,1,1,1785461291
2026-07-31T01:31:36Z,122,4,2,16,1,0,1,1,1,1785461412
2026-07-31T01:31:36Z,123,19,2,28,0,0,1,1,1,1785460955
2026-07-31T01:31:36Z,124,15,8,19,1,0,1,1,1,1785461392
2026-07-31T01:31:36Z,125,3,1,19,1,0,1,1,1,1785461012
2026-07-31T01:31:36Z,126,8,1,23,0,0,1,1,1,1785460630
2026-07-31T01:31:36Z,127,3,1,31,1,0,1,1,1,1785461286
2026-07-31T01:31:36Z,128,7,6,11,1,0,1,1,1,1785461335
2026-07-31T01:31:36Z,129,4,3,14,1,0,1,1,1,1785461403
2026-07-31T01:31:36Z,130,4,0,13,0,0,1,1,1,1785457733
2026-07-31T01:31:36Z,131,3,2,6,2,0,1,1,1,1785460824
2026-07-31T01:31:36Z,132,2,1,12,0,1,1,1,1,1785461226
2026-07-31T01:31:36Z,134,6,5,15,2,0,1,1,1,1785461489
2026-07-31T01:31:36Z,135,6,0,13,0,0,1,1,1,1785461461
2026-07-31T01:31:36Z,136,19,4,4,0,0,1,1,1,1785460643
2026-07-31T01:31:36Z,137,13,1,6,0,0,1,1,1,1785461264
2026-07-31T01:31:36Z,138,13,5,24,0,0,1,1,1,1785461416
2026-07-31T01:31:36Z,139,17,4,0,2,0,1,1,1,1785461009
2026-07-31T01:31:36Z,140,9,5,12,2,0,1,1,1,1785461485
2026-07-31T01:31:36Z,141,3,2,33,0,0,1,1,1,1785461467
2026-07-31T01:31:36Z,142,1,1,22,0,0,1,1,1,1785461019
2026-07-31T01:31:36Z,143,8,1,23,0,0,1,1,1,1785461337
2026-07-31T01:31:36Z,144,22,4,5,0,0,1,1,1,1785461462
2026-07-31T01:31:36Z,145,11,5,17,1,0,1,1,1,1785461105
2026-07-31T01:31:36Z,146,1,1,21,1,0,1,1,1,1785461345
2026-07-31T01:31:36Z,147,11,3,6,2,0,1,1,1,1785461301
2026-07-31T01:31:36Z,148,23,15,4,0,0,1,1,1,1785461356
2026-07-31T01:31:36Z,149,4,1,23,0,0,1,1,1,1785461384
2026-07-31T01:31:36Z,150,19,7,14,2,0,1,1,1,1785461480
2026-07-31T01:31:36Z,151,14,7,9,0,0,1,1,1,1785461026
2026-07-31T01:31:36Z,152,17,1,6,4,0,1,1,1,1785461446
2026-07-31T01:31:36Z,153,2,0,0,28,1,1,1,1,1785461415
2026-07-31T01:31:36Z,154,3,1,14,6,0,1,1,1,1785461488
2026-07-31T01:31:36Z,155,13,5,0,1,0,1,1,1,1785461317
2026-07-31T01:31:36Z,156,14,2,5,0,0,1,1,1,1785461386
2026-07-31T01:31:36Z,157,6,0,19,2,0,1,1,1,1785461270
2026-07-31T01:31:36Z,158,0,0,16,0,0,1,1,1,1785461073
2026-07-31T01:31:36Z,159,3,0,16,0,0,1,1,1,1785461487
2026-07-31T01:31:36Z,160,11,3,8,0,0,1,1,1,1785461229
2026-07-31T01:31:36Z,161,1,0,21,0,0,1,1,1,1785461459
2026-07-31T01:31:36Z,162,13,8,11,3,0,1,1,1,1785461457
2026-07-31T01:31:36Z,163,15,0,15,0,1,1,1,1,1785461448
2026-07-31T01:31:36Z,164,23,4,4,0,0,1,1,1,1785461433
2026-07-31T01:31:36Z,165,28,7,1,2,0,1,1,1,1785461455
2026-07-31T01:31:36Z,166,6,5,29,4,0,1,1,1,1785461489
2026-07-31T01:31:36Z,167,12,7,10,1,0,1,1,1,1785461243
2026-07-31T01:31:36Z,168,3,0,23,1,0,1,1,1,1785461353
2026-07-31T01:31:36Z,169,13,3,9,0,1,1,1,1,1785461461
2026-07-31T01:31:36Z,170,3,3,15,1,0,1,1,1,1785461113
2026-07-31T01:31:36Z,171,6,0,5,2,0,1,1,1,1785461191
2026-07-31T01:31:36Z,173,25,5,14,0,0,1,1,1,1785461443
2026-07-31T01:31:36Z,174,14,1,9,3,0,1,1,1,1785461430
2026-07-31T01:31:36Z,175,28,0,3,0,0,1,1,1,1785461446
2026-07-31T01:31:36Z,176,8,3,4,2,1,1,1,1,1785461213
2026-07-31T01:31:36Z,177,18,10,9,0,0,1,1,1,1785461488
2026-07-31T01:31:36Z,178,8,1,4,2,1,1,1,1,1785461483
2026-07-31T01:31:36Z,179,5,5,9,1,0,1,1,1,1785461232
2026-07-31T01:31:36Z,180,27,2,3,0,0,1,1,1,1785461400
2026-07-31T01:31:36Z,181,0,0,14,1,0,1,1,1,1785461236
2026-07-31T01:31:36Z,182,2,2,15,0,0,1,1,1,1785461445
2026-07-31T01:31:36Z,183,8,3,15,0,0,1,1,1,1785461374
2026-07-31T01:31:36Z,184,1,1,21,1,0,1,1,1,1785461237
2026-07-31T01:31:36Z,185,7,1,6,1,1,1,1,1,1785461487
2026-07-31T01:31:36Z,186,3,1,16,0,0,1,1,1,1785461367
2026-07-31T01:31:36Z,187,8,0,18,2,0,1,1,1,1785461464
2026-07-31T01:31:36Z,188,18,0,1,7,1,1,1,1,1785461299
2026-07-31T01:31:36Z,189,4,0,11,0,0,1,1,1,1785461230
2026-07-31T01:31:36Z,190,4,3,19,0,0,1,1,1,1785460164
2026-07-31T01:31:36Z,191,0,0,39,0,0,1,1,1,1785458545
2026-07-31T01:31:36Z,192,8,5,21,2,0,1,1,1,1785461141
2026-07-31T01:31:36Z,193,2,2,12,1,0,1,1,1,1785461484
2026-07-31T01:31:36Z,194,0,0,26,1,0,1,1,1,1785461315
2026-07-31T01:31:36Z,195,3,2,15,1,0,1,1,1,1785460605
2026-07-31T01:31:36Z,196,13,7,11,3,0,1,1,1,1785461382
2026-07-31T01:31:36Z,197,6,2,12,0,1,1,1,1,1785461446
2026-07-31T01:31:36Z,198,20,17,3,0,0,1,1,1,1785461390
2026-07-31T01:31:36Z,199,7,6,5,3,0,1,1,1,1785461283
2026-07-31T01:31:36Z,200,7,3,19,0,0,1,1,1,1785461273
2026-07-31T01:31:36Z,201,0,0,23,0,0,1,1,1,1785460960
2026-07-31T01:31:36Z,202,15,1,12,0,0,1,1,1,1785461202
2026-07-31T01:31:36Z,203,9,0,20,2,0,1,1,1,1785461103
2026-07-31T01:31:36Z,204,15,1,18,2,0,1,1,1,1785461444
2026-07-31T01:31:36Z,205,6,2,21,0,0,1,1,1,1785461016
2026-07-31T01:31:36Z,206,5,5,10,0,0,1,1,1,1785460933
2026-07-31T01:31:36Z,207,16,1,5,0,0,1,1,1,1785461442
2026-07-31T01:31:36Z,208,5,1,23,1,0,1,1,1,1785461328
2026-07-31T01:31:36Z,209,5,1,25,1,0,1,1,1,1785461460
2026-07-31T01:31:36Z,210,2,0,24,1,0,1,1,1,1785461251
2026-07-31T01:31:36Z,211,0,0,22,1,0,1,1,1,1785460661
2026-07-31T01:31:36Z,212,21,1,13,1,0,1,1,1,1785461226
2026-07-31T01:31:36Z,213,14,1,8,1,0,1,1,1,1785461445
2026-07-31T01:31:36Z,214,18,5,22,7,0,1,1,1,1785461449
2026-07-31T01:31:36Z,215,2,2,20,1,0,1,1,1,1785461429
2026-07-31T01:31:36Z,216,2,1,16,1,0,1,1,1,1785461044
2026-07-31T01:31:36Z,217,23,0,5,1,0,1,1,1,1785461457
2026-07-31T01:31:36Z,218,8,6,28,3,0,1,1,1,1785461487
2026-07-31T01:31:36Z,219,4,0,21,1,0,1,1,1,1785461374
2026-07-31T01:31:36Z,220,4,4,36,2,1,1,1,1,1785461332
2026-07-31T01:31:36Z,221,7,7,7,1,0,1,1,1,1785461436
2026-07-31T01:31:36Z,222,15,14,3,1,0,1,1,1,1785461211
2026-07-31T01:31:36Z,223,2,0,31,2,0,1,1,1,1785461251
2026-07-31T01:31:36Z,224,15,15,6,1,0,1,1,1,1785461482
2026-07-31T01:31:36Z,225,10,1,3,6,0,1,1,1,1785460875
2026-07-31T01:31:36Z,226,12,8,19,0,0,1,1,1,1785461458
2026-07-31T01:31:36Z,227,16,13,10,0,1,1,1,1,1785461480
2026-07-31T01:31:36Z,228,7,5,11,1,0,1,1,1,1785461478
2026-07-31T01:31:36Z,230,21,5,5,0,0,1,1,1,1785461194
2026-07-31T01:31:36Z,232,3,3,13,1,0,1,1,1,1785461097
2026-07-31T01:31:36Z,233,16,6,14,1,0,1,1,1,1785461331
2026-07-31T01:31:36Z,234,6,3,8,4,1,1,1,1,1785461461
2026-07-31T01:31:36Z,236,0,0,18,1,0,1,1,1,1785461259
2026-07-31T01:31:36Z,237,10,1,12,1,0,1,1,1,1785461470
2026-07-31T01:31:36Z,239,20,18,5,2,0,1,1,1,1785461191
2026-07-31T01:31:36Z,241,4,4,19,0,0,1,1,1,1785461464
2026-07-31T01:31:36Z,242,4,3,18,1,0,1,1,1,1785461445
2026-07-31T01:31:36Z,243,4,1,25,2,0,1,1,1,1785461391
2026-07-31T01:31:36Z,244,0,0,26,1,0,1,1,1,1785460475
2026-07-31T01:31:36Z,245,10,10,12,1,0,1,1,1,1785460856
2026-07-31T01:31:36Z,246,2,1,21,0,0,1,1,1,1785461153
2026-07-31T01:31:36Z,247,13,9,10,0,0,1,1,1,1785461486
2026-07-31T01:31:36Z,248,1,1,19,3,0,1,1,1,1785460885
2026-07-31T01:31:36Z,249,6,4,13,0,0,1,1,1,1785461388
2026-07-31T01:31:36Z,250,1,1,24,2,0,1,1,1,1785460984
2026-07-31T01:31:36Z,251,9,7,15,3,0,1,1,1,1785461467
2026-07-31T01:31:36Z,253,2,2,16,1,0,1,1,1,1785461444
2026-07-31T01:31:36Z,254,13,13,29,1,0,1,1,1,1785461115
2026-07-31T01:31:36Z,255,2,0,20,0,1,1,1,1,1785461416
2026-07-31T01:31:36Z,256,9,7,13,1,0,1,1,1,1785461350
2026-07-31T01:31:36Z,257,4,1,14,1,0,1,1,1,1785461374
2026-07-31T01:31:36Z,258,4,4,13,2,0,1,1,1,1785461256
2026-07-31T01:31:36Z,259,13,1,9,0,1,1,1,1,1785460540
2026-07-31T01:31:36Z,260,8,1,9,2,0,1,1,1,1785461482
2026-07-31T01:31:36Z,261,9,0,8,1,1,1,1,1,1785461489
2026-07-31T01:31:36Z,262,16,5,7,0,0,1,1,1,1785461363
2026-07-31T01:31:36Z,263,12,1,3,0,0,1,1,1,1785461100
2026-07-31T01:31:36Z,264,10,1,8,1,0,1,1,1,1785461309
2026-07-31T01:31:36Z,265,14,1,1,0,0,1,1,1,1785461431
2026-07-31T01:31:36Z,266,10,5,7,2,0,1,1,1,1785461411
2026-07-31T01:31:36Z,267,4,0,9,2,0,1,1,1,1785456188
2026-07-31T01:31:36Z,268,21,7,2,0,0,1,1,1,1785461197
2026-07-31T01:31:36Z,269,7,0,16,0,0,1,1,1,1785460232
2026-07-31T01:31:36Z,270,9,1,16,2,0,1,1,1,1785461344
2026-07-31T01:31:36Z,271,4,0,13,2,0,1,1,1,1785461469
2026-07-31T01:31:36Z,272,16,8,7,0,0,1,1,1,1785461225
2026-07-31T01:31:36Z,273,14,5,1,0,0,1,1,1,1785461442
2026-07-31T01:31:36Z,274,11,6,7,1,0,1,1,1,1785461262
2026-07-31T01:31:36Z,275,7,1,16,0,0,1,1,1,1785461472
2026-07-31T01:31:36Z,276,0,0,26,1,0,1,1,1,1785459234
2026-07-31T01:31:36Z,277,0,0,19,4,0,1,1,1,1785461014
2026-07-31T01:31:36Z,278,4,2,24,2,1,1,1,1,1785461302
2026-07-31T01:31:36Z,279,0,0,19,0,0,1,1,1,1785460672
2026-07-31T01:31:36Z,280,1,0,28,2,0,1,1,1,1785461392
2026-07-31T01:31:36Z,281,17,1,2,0,0,1,1,1,1785460815
2026-07-31T01:31:36Z,282,3,2,14,1,0,1,1,1,1785460217
2026-07-31T01:31:36Z,283,19,0,16,0,0,1,1,1,1785461313
2026-07-31T01:31:36Z,284,18,1,14,3,0,1,1,1,1785460736
2026-07-31T01:31:36Z,285,3,1,20,0,0,1,1,1,1785460960
2026-07-31T01:31:36Z,286,16,12,5,2,0,1,1,1,1785461393
2026-07-31T01:31:36Z,287,11,0,10,2,0,1,1,1,1785459441
2026-07-31T01:31:36Z,288,9,8,10,0,0,1,1,1,1785460840
2026-07-31T01:31:36Z,289,3,3,22,2,0,1,1,1,1785461363
2026-07-31T01:31:36Z,290,4,0,31,4,0,1,1,1,1785461228
2026-07-31T01:31:36Z,291,1,0,21,1,0,1,1,1,1785461384
2026-07-31T01:31:36Z,292,0,0,23,0,0,1,1,1,1785460793
2026-07-31T01:31:36Z,293,10,5,11,2,0,1,1,1,1785461432
2026-07-31T01:31:36Z,294,4,3,13,5,0,1,1,1,1785461487
2026-07-31T01:31:36Z,297,14,3,3,1,1,1,1,1,1785461349
2026-07-31T01:31:36Z,301,10,0,8,1,0,1,1,1,1785461461
2026-07-31T01:31:36Z,302,13,0,10,0,0,1,1,1,1785461436
2026-07-31T01:31:36Z,303,5,0,14,0,0,1,1,1,1785460828
2026-07-31T01:31:36Z,304,0,0,0,0,0,0,1,1,86400
2026-07-31T01:31:36Z,305,17,0,2,0,0,1,1,1,1785461387
2026-07-31T01:31:36Z,306,5,1,27,0,0,1,1,1,1785461375
2026-07-31T01:31:36Z,307,18,3,5,0,0,1,1,1,1785461208
2026-07-31T01:31:36Z,308,9,0,8,2,0,1,1,1,1785461280
2026-07-31T01:31:36Z,309,0,0,13,1,0,1,1,1,1785460813
2026-07-31T01:31:36Z,311,14,0,1,0,0,1,1,1,1785461133
2026-07-31T01:31:36Z,312,1,1,18,3,1,1,1,1,1785461417
2026-07-31T01:31:36Z,313,10,1,5,0,0,1,1,1,1785460471
2026-07-31T01:31:36Z,314,2,2,13,3,0,1,1,1,1785461262
2026-07-31T01:31:36Z,315,13,11,15,3,0,1,1,1,1785461447
2026-07-31T01:31:36Z,316,18,4,7,5,1,1,1,1,1785461195
2026-07-31T01:31:36Z,317,0,0,29,1,1,1,1,1,1785461373
2026-07-31T01:31:36Z,318,12,0,7,0,0,1,1,1,1785459819
2026-07-31T01:31:36Z,319,2,0,20,1,0,1,1,1,1785461219
2026-07-31T01:31:36Z,320,1,0,17,1,0,1,1,1,1785460977
2026-07-31T01:31:36Z,321,8,0,9,2,0,1,1,1,1785461353
2026-07-31T01:31:36Z,322,8,0,19,2,0,1,1,1,1785461158
2026-07-31T01:31:36Z,323,13,0,6,0,0,1,1,1,1785460668
2026-07-31T01:31:36Z,324,0,0,25,2,0,1,1,1,1785461488
2026-07-31T01:31:36Z,325,2,1,23,2,0,1,1,1,1785461336
2026-07-31T01:31:36Z,327,26,3,1,0,0,1,1,1,1785461471
2026-07-31T01:31:36Z,328,5,0,16,1,0,1,1,1,1785460941
2026-07-31T01:31:36Z,329,9,1,10,0,0,1,1,1,1785461354
2026-07-31T01:31:36Z,330,2,0,20,0,0,1,1,1,1785461482
2026-07-31T01:31:36Z,331,19,1,2,2,0,1,1,1,1785461438
2026-07-31T01:31:36Z,332,4,2,14,1,0,1,1,1,1785461339
2026-07-31T01:31:36Z,333,11,4,11,1,0,1,1,1,1785461364
2026-07-31T01:31:36Z,334,7,2,16,0,0,1,1,1,1785461459
2026-07-31T01:31:36Z,335,0,0,22,0,1,1,1,1,1785459614
2026-07-31T01:31:36Z,336,6,0,12,1,0,1,1,1,1785461380
2026-07-31T01:31:36Z,337,13,0,6,4,0,1,1,1,1785461482
2026-07-31T01:31:36Z,338,12,7,7,0,0,1,1,1,1785461114
2026-07-31T01:31:36Z,339,6,3,17,0,0,1,1,1,1785460745
2026-07-31T01:31:36Z,340,7,3,7,1,0,1,1,1,1785460989
2026-07-31T01:31:36Z,341,10,1,8,1,0,1,1,1,1785460946
2026-07-31T01:31:36Z,342,7,5,8,0,0,1,1,1,1785461389
2026-07-31T01:31:36Z,343,6,2,16,1,0,1,1,1,1785460703
2026-07-31T01:31:36Z,344,18,5,5,0,0,1,1,1,1785460339
2026-07-31T01:31:36Z,345,19,3,0,0,0,1,1,1,1785461178
2026-07-31T01:31:36Z,346,7,5,16,0,0,1,1,1,1785460261
2026-07-31T01:31:36Z,347,13,5,29,2,0,1,1,1,1785461481
2026-07-31T01:31:36Z,348,14,0,7,1,1,1,1,1,1785461366
2026-07-31T01:31:36Z,349,7,2,10,2,0,1,1,1,1785460722
2026-07-31T01:31:36Z,350,13,1,12,1,1,1,1,1,1785460975
2026-07-31T01:31:36Z,351,7,2,11,5,0,1,1,1,1785461322
2026-07-31T01:31:36Z,355,4,1,19,0,0,1,1,1,1785460574
2026-07-31T01:31:36Z,356,10,1,9,0,0,1,1,1,1785461130
2026-07-31T01:31:36Z,357,3,3,16,0,0,1,1,1,1785461065
2026-07-31T01:31:36Z,358,10,2,17,0,0,1,1,1,1785460907
2026-07-31T01:31:36Z,359,3,0,24,0,0,1,1,1,1785461364
2026-07-31T01:31:36Z,360,10,4,9,0,0,1,1,1,1785460448
2026-07-31T01:31:36Z,362,9,6,9,1,0,1,1,1,1785461013
2026-07-31T01:31:36Z,363,15,0,12,0,0,1,1,1,1785460563
2026-07-31T01:31:36Z,364,12,2,6,1,0,1,1,1,1785461313
2026-07-31T01:31:36Z,365,0,0,15,8,0,1,1,1,1785461464
2026-07-31T01:31:36Z,366,6,3,11,6,0,1,1,1,1785461438
2026-07-31T01:31:36Z,367,15,8,2,2,0,1,1,1,1785460346
2026-07-31T01:31:36Z,368,14,4,8,1,0,1,1,1,1785461332
2026-07-31T01:31:36Z,370,3,2,23,1,0,1,1,1,1785461205
2026-07-31T01:31:36Z,371,9,6,9,1,0,1,1,1,1785461384
2026-07-31T01:31:36Z,372,5,1,10,0,0,1,1,1,1785460576
2026-07-31T01:31:36Z,373,11,4,16,0,0,1,1,1,1785460213
2026-07-31T01:31:36Z,374,2,0,15,2,0,1,1,1,1785461372
2026-07-31T01:31:36Z,375,14,0,10,3,0,1,1,1,1785461423
2026-07-31T01:31:36Z,376,17,2,20,2,0,1,1,1,1785461459
2026-07-31T01:31:36Z,377,3,0,23,1,0,1,1,1,1785460082
2026-07-31T01:31:36Z,378,11,1,11,1,1,1,1,1,1785461474
2026-07-31T01:31:36Z,379,7,0,20,0,0,1,1,1,1785461404
2026-07-31T01:31:36Z,380,7,1,16,0,0,1,1,1,1785461196
2026-07-31T01:31:36Z,381,5,0,17,1,0,1,1,1,1785460529
2026-07-31T01:31:36Z,383,7,1,7,1,0,1,1,1,1785460778
2026-07-31T01:31:36Z,384,24,1,2,1,0,1,1,1,1785461319
2026-07-31T01:31:36Z,385,2,1,14,2,0,1,1,1,1785461419
2026-07-31T01:31:36Z,387,2,0,21,0,0,1,1,1,1785460975
2026-07-31T01:31:36Z,388,10,0,38,2,0,1,1,1,1785461405
2026-07-31T01:31:36Z,389,5,5,10,0,0,1,1,1,1785458136
2026-07-31T01:31:36Z,390,30,3,5,0,0,1,1,1,1785461443
2026-07-31T01:31:36Z,391,4,0,11,0,0,1,1,1,1785459616
2026-07-31T01:31:36Z,392,2,2,16,1,0,1,1,1,1785461235
2026-07-31T01:31:36Z,393,1,1,8,2,0,1,1,1,1785459662
2026-07-31T01:31:36Z,394,2,1,9,2,0,1,1,1,1785461413
2026-07-31T01:31:36Z,396,12,12,26,4,0,1,1,1,1785461154
2026-07-31T01:31:36Z,397,4,3,27,0,0,1,1,1,1785460037
2026-07-31T01:31:36Z,399,6,1,9,2,0,1,1,1,1785460751
2026-07-31T01:31:36Z,400,10,6,11,2,0,1,1,1,1785461330
2026-07-31T01:31:36Z,401,2,2,29,8,0,1,1,1,1785460797
2026-07-31T01:31:36Z,403,9,2,20,2,0,1,1,1,1785461342
2026-07-31T01:31:36Z,404,3,1,19,1,0,1,1,1,1785460641
2026-07-31T01:31:36Z,406,32,1,2,1,0,1,1,1,1785460316
2026-07-31T01:31:36Z,407,8,1,25,1,0,1,1,1,1785461460
2026-07-31T01:31:36Z,408,0,0,33,0,0,1,1,1,1785461202
2026-07-31T01:31:36Z,409,19,2,1,3,0,1,1,1,1785461098
2026-07-31T01:31:36Z,413,11,2,11,1,0,1,1,1,1785461217
2026-07-31T01:31:36Z,414,13,2,1,1,0,1,1,1,1785461463
2026-07-31T01:31:36Z,417,7,5,12,0,0,1,1,1,1785461229
2026-07-31T01:31:36Z,418,0,0,14,1,0,1,1,1,1785461078
2026-07-31T01:31:36Z,419,11,0,11,1,0,1,1,1,1785461330
2026-07-31T01:31:36Z,421,17,1,2,0,0,1,1,1,1785461138
2026-07-31T01:31:36Z,422,0,0,26,1,0,1,1,1,1785460860
2026-07-31T01:31:36Z,423,5,0,17,1,0,1,1,1,1785461484
2026-07-31T01:31:36Z,424,0,0,13,2,0,1,1,1,1785461413
2026-07-31T01:31:36Z,425,2,1,19,0,1,1,1,1,1785461431
2026-07-31T01:31:36Z,426,0,0,34,3,0,1,1,1,1785460470
2026-07-31T01:31:36Z,427,0,0,14,1,0,1,1,1,1785461243
2026-07-31T01:31:36Z,428,7,2,11,1,0,1,1,1,1785461194
2026-07-31T01:31:36Z,429,3,2,17,3,0,1,1,1,1785461352
2026-07-31T01:31:36Z,430,10,0,20,1,0,1,1,1,1785461419
2026-07-31T01:31:36Z,431,13,0,19,1,0,1,1,1,1785460994
2026-07-31T01:31:36Z,432,21,1,8,2,0,1,1,1,1785461372
2026-07-31T01:31:36Z,433,7,4,14,2,0,1,1,1,1785460941
2026-07-31T01:31:36Z,437,6,4,11,2,0,1,1,1,1785461483
2026-07-31T01:31:36Z,438,3,0,15,1,0,1,1,1,1785461306
2026-07-31T01:31:36Z,439,2,1,13,0,0,1,1,1,1785461370
2026-07-31T01:31:36Z,440,2,0,11,2,0,1,1,1,1785460777
2026-07-31T01:31:36Z,441,5,0,10,0,0,1,1,1,1785461409
2026-07-31T01:31:36Z,442,8,4,10,1,0,1,1,1,1785461187
2026-07-31T01:31:36Z,443,3,0,24,0,0,1,1,1,1785456698
2026-07-31T01:31:36Z,444,2,1,21,0,0,1,1,1,1785455134
2026-07-31T01:31:36Z,445,7,2,15,1,0,1,1,1,1785461433
2026-07-31T01:31:36Z,446,2,2,20,1,0,1,1,1,1785457589
2026-07-31T01:31:36Z,447,1,0,20,1,1,1,1,1,1785441257
2026-07-31T01:31:36Z,448,9,3,4,1,1,1,1,1,1785461406
2026-07-31T01:31:36Z,452,4,2,13,2,0,1,1,1,1785461411
2026-07-31T01:31:36Z,453,1,0,13,1,0,1,1,1,1785461306
2026-07-31T01:31:36Z,454,3,0,16,0,0,1,1,1,1785461436
2026-07-31T01:31:36Z,455,0,0,39,0,0,1,1,1,1785460394
2026-07-31T01:31:36Z,456,13,6,6,1,0,1,1,1,1785461337
2026-07-31T01:31:36Z,457,11,0,14,2,0,1,1,1,1785461456
2026-07-31T01:31:36Z,458,8,2,14,1,0,1,1,1,1785461267
2026-07-31T01:31:36Z,459,11,0,4,0,0,1,1,1,1785458362
2026-07-31T01:31:36Z,460,10,0,12,1,0,1,1,1,1785461185
2026-07-31T01:31:36Z,461,4,1,15,0,0,1,1,1,1785461416
2026-07-31T01:31:36Z,462,10,1,11,0,0,1,1,1,1785461291
2026-07-31T01:31:36Z,463,10,1,9,0,0,1,1,1,1785460840
2026-07-31T01:31:36Z,464,2,1,12,0,0,1,1,1,1785461120
2026-07-31T01:31:36Z,465,2,1,13,0,0,1,1,1,1785459861
2026-07-31T01:31:36Z,466,11,3,3,1,0,1,1,1,1785461194
2026-07-31T01:31:36Z,467,1,1,18,0,0,1,1,1,1785461393
2026-07-31T01:31:36Z,468,14,0,4,1,0,1,1,1,1785459528
2026-07-31T01:31:36Z,469,1,0,21,1,0,1,1,1,1785459683
2026-07-31T01:31:36Z,470,5,0,9,1,0,1,1,1,1785461457
2026-07-31T01:31:36Z,471,20,4,7,0,0,1,1,1,1785460217
2026-07-31T01:31:36Z,472,6,3,12,1,0,1,1,1,1785461488
2026-07-31T01:31:36Z,473,4,1,13,2,0,1,1,1,1785461336
2026-07-31T01:31:36Z,474,15,0,3,1,0,1,1,1,1785461436
2026-07-31T01:31:36Z,475,1,1,18,0,0,1,1,1,1785461278
2026-07-31T01:31:36Z,477,11,5,4,0,0,1,1,1,1785461483
2026-07-31T01:31:36Z,478,17,2,13,1,0,1,1,1,1785461353
2026-07-31T01:31:36Z,479,10,1,16,1,0,1,1,1,1785461268
2026-07-31T01:31:36Z,480,4,1,8,3,0,1,1,1,1785460975
2026-07-31T01:31:36Z,481,14,0,20,1,0,1,1,1,1785461469
2026-07-31T01:31:36Z,482,5,0,13,1,0,1,1,1,1785461122
2026-07-31T01:31:36Z,483,22,1,1,4,0,1,1,1,1785461486
2026-07-31T01:31:36Z,484,2,0,16,1,0,1,1,1,1785461448
2026-07-31T01:31:36Z,485,12,6,5,1,1,1,1,1,1785461356
2026-07-31T01:31:36Z,486,4,0,21,2,0,1,1,1,1785461456
2026-07-31T01:31:36Z,487,1,0,17,1,0,1,1,1,1785460561
2026-07-31T01:31:36Z,489,8,4,7,0,0,1,1,1,1785461374
2026-07-31T01:31:36Z,490,5,2,11,0,0,1,1,1,1785461427
2026-07-31T01:31:36Z,491,16,2,5,0,0,1,1,1,1785460667
2026-07-31T01:31:36Z,492,5,4,3,3,0,1,1,1,1785461486
2026-07-31T01:31:36Z,493,0,0,25,2,0,1,1,1,1785459725
2026-07-31T01:31:36Z,495,10,1,4,1,0,1,1,1,1785461274
2026-07-31T01:31:36Z,496,24,2,3,0,0,1,1,1,1785460827
2026-07-31T01:31:36Z,497,1,0,17,1,0,1,1,1,1785460937
2026-07-31T01:31:36Z,498,6,4,17,0,0,1,1,1,1785461366
2026-07-31T01:31:36Z,499,8,2,11,0,0,1,1,1,1785460598
2026-07-31T01:31:36Z,500,9,5,1,5,0,1,1,1,1785461489
2026-07-31T01:31:36Z,501,3,2,17,1,0,1,1,1,1785461228
2026-07-31T01:31:36Z,502,3,0,16,0,0,1,1,1,1785460816
2026-07-31T01:31:36Z,503,22,0,8,1,0,1,1,1,1785461479
2026-07-31T01:31:36Z,504,2,1,36,1,0,1,1,1,1785461437
2026-07-31T01:31:36Z,505,2,2,9,1,0,1,1,1,1785460098
2026-07-31T01:31:36Z,511,1,0,22,0,0,1,1,1,1785461152
2026-07-31T01:31:36Z,512,1,0,26,0,0,1,1,1,1785461029
2026-07-31T01:31:36Z,514,9,1,0,2,0,1,1,1,1785461392
2026-07-31T01:31:36Z,515,4,0,15,0,0,1,1,1,1785461097
2026-07-31T01:31:36Z,516,1,0,26,0,0,1,1,1,1785461357
2026-07-31T01:31:36Z,517,6,0,16,1,0,1,1,1,1785461312
2026-07-31T01:31:36Z,518,10,1,3,2,0,1,1,1,1785461178
2026-07-31T01:31:36Z,519,5,3,14,0,0,1,1,1,1785460872
2026-07-31T01:31:36Z,520,10,5,12,4,1,1,1,1,1785461485
2026-07-31T01:31:36Z,521,4,3,19,0,0,1,1,1,1785460164
2026-07-31T01:31:36Z,522,23,1,0,0,0,1,1,1,1785461253
2026-07-31T01:31:36Z,523,1,0,19,3,0,1,1,1,1785461310
2026-07-31T01:31:36Z,524,23,0,0,0,0,1,1,1,1785461455
2026-07-31T01:31:36Z,525,19,0,0,0,0,1,1,1,1785459404
2026-07-31T01:31:36Z,526,11,2,3,1,0,1,1,1,1785460493
2026-07-31T01:31:36Z,527,1,1,22,3,0,1,1,1,1785461358
2026-07-31T01:31:36Z,528,15,0,8,0,0,1,1,1,1785461374
2026-07-31T01:31:36Z,529,5,3,8,6,0,1,1,1,1785461488
2026-07-31T01:31:36Z,530,6,0,14,1,0,1,1,1,1785461401
2026-07-31T01:31:36Z,531,9,0,12,1,1,1,1,1,1785461382
2026-07-31T01:31:36Z,532,5,3,24,1,1,1,1,1,1785457478
2026-07-31T01:31:36Z,533,10,1,8,1,0,1,1,1,1785461284
2026-07-31T01:31:36Z,534,3,3,20,0,0,1,1,1,1785459927
2026-07-31T01:31:36Z,535,1,0,13,1,0,1,1,1,1785460732
2026-07-31T01:31:36Z,536,2,0,21,0,0,1,1,1,1785461341
2026-07-31T01:31:36Z,537,11,5,9,0,0,1,1,1,1785460953
2026-07-31T01:31:36Z,538,7,1,14,0,2,1,1,1,1785461373
2026-07-31T01:31:36Z,539,3,3,28,0,0,1,1,1,1785461196
2026-07-31T01:31:36Z,540,3,3,16,0,0,1,1,1,1785461243
2026-07-31T01:31:36Z,541,16,2,11,0,0,1,1,1,1785461050
2026-07-31T01:31:36Z,542,0,0,22,1,0,1,1,1,1785461238
2026-07-31T01:31:36Z,543,1,1,18,0,0,1,1,1,1785461448
2026-07-31T01:31:36Z,544,6,1,12,4,0,1,1,1,1785461482
2026-07-31T01:31:36Z,545,6,1,9,4,0,1,1,1,1785461210
2026-07-31T01:31:36Z,546,14,2,5,0,0,1,1,1,1785460931
2026-07-31T01:31:36Z,547,7,0,18,0,0,1,1,1,1785460219
2026-07-31T01:31:36Z,548,14,0,9,0,0,1,1,1,1785460624
2026-07-31T01:31:36Z,549,16,0,7,0,0,1,1,1,1785461448
2026-07-31T01:31:36Z,550,0,0,19,0,0,1,1,1,1785460812
2026-07-31T01:31:36Z,551,14,4,9,0,0,1,1,1,1785460771
2026-07-31T01:31:36Z,552,20,1,7,0,0,1,1,1,1785461216
2026-07-31T01:31:36Z,553,6,2,16,0,1,1,1,1,1785461247
2026-07-31T01:31:36Z,554,1,1,18,0,0,1,1,1,1785459733
2026-07-31T01:31:36Z,555,11,6,3,1,0,1,1,1,1785461239
2026-07-31T01:31:36Z,556,8,4,14,1,0,1,1,1,1785461391
2026-07-31T01:31:36Z,557,2,1,15,6,0,1,1,1,1785460203
2026-07-31T01:31:36Z,558,7,6,29,1,0,1,1,1,1785461294
2026-07-31T01:31:36Z,559,0,0,18,1,0,1,1,1,1785457401
2026-07-31T01:31:36Z,560,0,0,27,0,0,1,1,1,1785461304
2026-07-31T01:31:36Z,561,19,0,2,2,0,1,1,1,1785461339
2026-07-31T01:31:36Z,562,21,1,10,4,0,1,1,1,1785461187
2026-07-31T01:31:36Z,563,7,0,7,0,0,1,1,1,1785461072
2026-07-31T01:31:36Z,564,6,1,12,1,0,1,1,1,1785461330
2026-07-31T01:31:36Z,565,8,2,11,0,0,1,1,1,1785460657
2026-07-31T01:31:36Z,566,5,0,13,1,0,1,1,1,1785461477
2026-07-31T01:31:36Z,567,19,1,7,1,0,1,1,1,1785461404
2026-07-31T01:31:36Z,568,9,1,8,2,0,1,1,1,1785461122
2026-07-31T01:31:36Z,569,9,0,10,0,0,1,1,1,1785460074
2026-07-31T01:31:36Z,570,8,2,11,0,0,1,1,1,1785461384
2026-07-31T01:31:36Z,571,14,0,8,1,0,1,1,1,1785461263
2026-07-31T01:31:36Z,572,12,3,6,1,0,1,1,1,1785461482
2026-07-31T01:31:36Z,573,15,0,0,0,0,1,1,1,1785460519
2026-07-31T01:31:36Z,574,5,2,10,0,0,1,1,1,1785460650
2026-07-31T01:31:36Z,575,10,0,10,1,0,1,1,1,1785461291
2026-07-31T01:31:36Z,576,3,0,15,1,0,1,1,1,1785461144
2026-07-31T01:31:36Z,577,26,0,5,0,0,1,1,1,1785461461
2026-07-31T01:31:36Z,578,7,2,15,1,0,1,1,1,1785461443
2026-07-31T01:31:36Z,579,34,2,9,0,0,1,1,1,1785460860
2026-07-31T01:31:36Z,580,7,0,22,0,0,1,1,1,1785461354
2026-07-31T01:31:36Z,581,18,1,1,0,0,1,1,1,1785461397
2026-07-31T01:31:36Z,582,3,2,56,2,0,1,1,1,1785461484
2026-07-31T01:31:36Z,583,15,0,7,1,0,1,1,1,1785461466
2026-07-31T01:31:36Z,584,2,1,12,5,0,1,1,1,1785460734
2026-07-31T01:31:36Z,585,12,0,14,0,1,1,1,1,1785461180
2026-07-31T01:31:36Z,586,21,3,13,1,0,1,1,1,1785461405
2026-07-31T01:31:36Z,587,23,1,0,1,0,1,1,1,1785461244
2026-07-31T01:31:36Z,588,8,2,8,3,0,1,1,1,1785461452
2026-07-31T01:31:36Z,589,0,0,0,23,0,1,1,1,1785461444
2026-07-31T01:31:36Z,590,15,3,14,2,0,1,1,1,1785461485
2026-07-31T01:31:36Z,591,27,1,1,2,0,1,1,1,1785461433
2026-07-31T01:31:36Z,592,1,0,22,0,0,1,1,1,1785461451
2026-07-31T01:31:36Z,593,5,0,33,0,0,1,1,1,1785461280
2026-07-31T01:31:36Z,594,21,2,0,0,0,1,1,1,1785461380
2026-07-31T01:31:36Z,595,0,0,3,0,0,0,1,1,1784046673
2026-07-31T01:31:36Z,605,0,0,2,1,0,0,1,1,1783975843
2026-07-31T01:31:36Z,606,0,0,0,0,0,0,1,1,86400
2026-07-31T01:31:36Z,607,22,1,9,1,0,1,1,1,1785461485
2026-07-31T01:31:36Z,608,2,0,48,0,0,1,1,1,1785461332
2026-07-31T01:31:36Z,609,3,1,20,0,0,1,1,1,1785460935
2026-07-31T01:31:36Z,610,2,1,33,0,0,1,1,1,1785461272
2026-07-31T01:31:36Z,611,16,0,10,1,0,1,1,1,1785461457
2026-07-31T01:31:36Z,612,7,1,8,0,0,1,1,1,1785455780
2026-07-31T01:31:36Z,613,10,0,1,4,0,1,1,1,1785455457
2026-07-31T01:31:36Z,614,18,3,7,1,1,1,1,1,1785461484
2026-07-31T01:31:36Z,617,2,1,12,1,0,1,1,1,1785461438
2026-07-31T01:31:36Z,618,11,2,4,4,0,1,1,1,1785460040
2026-07-31T01:31:36Z,619,7,6,12,0,0,1,1,1,1785461474
2026-07-31T01:31:36Z,620,0,0,26,1,0,1,1,1,1785459814
2026-07-31T01:31:36Z,621,6,2,17,0,0,1,1,1,1785461471
2026-07-31T01:31:36Z,622,10,7,8,5,0,1,1,1,1785461099
2026-07-31T01:31:36Z,623,5,1,24,1,0,1,1,1,1785461313
2026-07-31T01:31:36Z,624,5,1,10,0,0,1,1,1,1785458538
2026-07-31T01:31:36Z,625,4,0,15,2,0,1,1,1,1785461076
2026-07-31T01:31:36Z,626,4,0,40,1,2,1,1,1,1785461297
2026-07-31T01:31:36Z,627,14,6,5,0,0,1,1,1,1785458008
2026-07-31T01:31:36Z,628,1,1,16,1,1,1,1,1,1785460388
2026-07-31T01:31:36Z,629,4,1,5,2,0,1,1,1,1785461427
2026-07-31T01:31:36Z,630,3,2,21,3,0,1,1,1,1785461470
2026-07-31T01:31:36Z,631,1,1,22,0,0,1,1,1,1785461151
2026-07-31T01:31:36Z,632,22,2,0,1,0,1,1,1,1785458363
2026-07-31T01:31:36Z,633,11,1,0,4,0,1,1,1,1785461419
2026-07-31T01:31:36Z,634,9,1,9,1,0,1,1,1,1785461298
2026-07-31T01:31:36Z,635,12,1,6,1,0,1,1,1,1785460321
2026-07-31T01:31:36Z,636,8,1,6,1,0,1,1,1,1785460102
2026-07-31T01:31:36Z,637,10,1,9,0,0,1,1,1,1785460625
2026-07-31T01:31:36Z,638,8,2,8,3,0,1,1,1,1785461217
2026-07-31T01:31:36Z,639,4,1,13,2,0,1,1,1,1785455668
2026-07-31T01:31:36Z,640,2,2,20,1,0,1,1,1,1785461217
2026-07-31T01:31:36Z,641,4,1,21,1,0,1,1,1,1785461456
2026-07-31T01:31:36Z,642,2,2,9,8,0,1,1,1,1785461485
2026-07-31T01:31:36Z,643,15,1,6,6,0,1,1,1,1785461411
2026-07-31T01:31:36Z,644,9,0,5,1,0,1,1,1,1785460308
2026-07-31T01:31:36Z,645,9,0,13,0,1,1,1,1,1785459389
2026-07-31T01:31:36Z,646,1,1,18,0,0,1,1,1,1785461193
2026-07-31T01:31:36Z,647,21,0,10,0,0,1,1,1,1785461185
2026-07-31T01:31:36Z,648,6,3,11,1,1,1,1,1,1785461487
2026-07-31T01:31:36Z,649,26,2,4,1,0,1,1,1,1785460805
2026-07-31T01:31:36Z,650,4,1,10,0,0,1,1,1,1785453435
2026-07-31T01:31:36Z,651,1,1,22,0,0,1,1,1,1785459098
2026-07-31T01:31:36Z,652,0,0,21,2,0,1,1,1,1785461203
2026-07-31T01:31:36Z,653,1,0,17,1,0,1,1,1,1785458071
2026-07-31T01:31:36Z,654,1,1,14,0,0,1,1,1,1785461395
2026-07-31T01:31:36Z,655,6,3,2,4,1,1,1,1,1785461286
2026-07-31T01:31:36Z,656,12,6,7,0,0,1,1,1,1785461405
2026-07-31T01:31:36Z,657,11,5,1,2,3,1,1,1,1785461244
2026-07-31T01:31:36Z,658,8,0,2,0,0,1,1,1,1785460467
2026-07-31T01:31:36Z,659,8,3,6,1,0,1,1,1,1785457539
2026-07-31T01:31:36Z,660,3,2,25,3,0,1,1,1,1785461348
2026-07-31T01:31:36Z,661,3,2,16,0,0,1,1,1,1785460701
2026-07-31T01:31:36Z,662,6,3,13,4,0,1,1,1,1785460993
2026-07-31T01:31:36Z,663,4,1,10,1,0,1,1,1,1785461356
2026-07-31T01:31:36Z,664,1,0,25,1,0,1,1,1,1785461480
2026-07-31T01:31:36Z,665,9,1,6,0,0,1,1,1,1785461303
2026-07-31T01:31:36Z,666,6,4,7,2,0,1,1,1,1785457342
2026-07-31T01:31:36Z,667,19,6,0,0,0,1,1,1,1785460817
2026-07-31T01:31:36Z,668,14,1,3,2,0,1,1,1,1785461220
2026-07-31T01:31:36Z,669,9,3,5,0,0,1,1,1,1785461112
2026-07-31T01:31:36Z,670,4,3,23,0,0,1,1,1,1785459775
2026-07-31T01:31:36Z,671,10,0,15,2,0,1,1,1,1785461405
2026-07-31T01:31:36Z,672,5,2,14,3,1,1,1,1,1785461087
2026-07-31T01:31:36Z,673,3,0,20,0,0,1,1,1,1785461323
2026-07-31T01:31:36Z,674,2,0,18,3,0,1,1,1,1785461456
2026-07-31T01:31:36Z,675,5,3,8,2,0,1,1,1,1785460961
2026-07-31T01:31:36Z,676,11,1,11,0,0,1,1,1,1785461487
2026-07-31T01:31:36Z,681,2,1,8,5,0,1,1,1,1785461356
2026-07-31T01:31:36Z,682,4,1,14,1,0,1,1,1,1785387864
2026-07-31T01:31:36Z,683,5,1,14,0,0,1,1,1,1785461428
2026-07-31T01:31:36Z,684,2,0,25,0,0,1,1,1,1785456431
2026-07-31T01:31:36Z,685,7,0,18,1,1,1,1,1,1785461433
2026-07-31T01:31:36Z,686,11,0,14,1,1,1,1,1,1785461316
2026-07-31T01:31:36Z,687,11,0,18,1,1,1,1,1,1785461203
2026-07-31T01:31:36Z,688,8,1,4,7,0,1,1,1,1785461248
2026-07-31T01:31:36Z,692,0,0,21,0,0,1,1,1,1785460379
2026-07-31T01:31:36Z,693,7,0,1,3,0,1,1,1,1785460019
2026-07-31T01:31:36Z,694,8,5,12,1,0,1,1,1,1785459697
2026-07-31T01:31:36Z,695,6,3,16,1,0,1,1,1,1785461171
2026-07-31T01:31:36Z,696,21,13,2,0,0,1,1,1,1785460688
2026-07-31T01:31:36Z,697,22,0,1,0,0,1,1,1,1785461176
2026-07-31T01:31:36Z,698,4,0,23,0,0,1,1,1,1785461318
2026-07-31T01:31:36Z,699,7,0,7,1,0,1,1,1,1785461328
2026-07-31T01:31:36Z,700,12,2,6,1,0,1,1,1,1785460724
2026-07-31T01:31:36Z,701,16,4,3,0,0,1,1,1,1785461172
2026-07-31T01:31:36Z,702,14,0,8,1,0,1,1,1,1785460374
2026-07-31T01:31:36Z,704,5,1,10,0,0,1,1,1,1785461030
2026-07-31T01:31:36Z,705,4,4,10,1,0,1,1,1,1785460496
2026-07-31T01:31:36Z,706,10,1,1,4,0,1,1,1,1785461104
2026-07-31T01:31:36Z,707,3,1,10,2,0,1,1,1,1785460459
2026-07-31T01:31:36Z,708,19,0,0,0,0,1,1,1,1785460758
2026-07-31T01:31:36Z,709,11,1,0,4,0,1,1,1,1785461063
2026-07-31T01:31:36Z,710,7,0,12,0,0,1,1,1,1785461389
2026-07-31T01:31:36Z,711,11,3,9,3,0,1,1,1,1785460449
2026-07-31T01:31:36Z,712,8,2,7,0,0,1,1,1,1785460669
2026-07-31T01:31:36Z,713,0,0,23,0,0,1,1,1,1785460841
2026-07-31T01:31:36Z,716,3,1,12,0,0,1,1,1,1785461474
2026-07-31T01:31:36Z,717,4,0,18,3,0,1,1,1,1785461483
2026-07-31T01:31:36Z,718,0,0,14,1,0,1,1,1,1785461229
2026-07-31T01:31:36Z,719,3,1,26,0,0,1,1,1,1785461134
2026-07-31T01:31:36Z,720,2,1,17,0,0,1,1,1,1785460437
2026-07-31T01:31:36Z,721,0,0,21,2,0,1,1,1,1785461176
2026-07-31T01:31:36Z,722,2,0,13,0,0,1,1,1,1785460184
2026-07-31T01:31:36Z,723,12,2,11,0,0,1,1,1,1785460138
2026-07-31T01:31:36Z,724,17,6,6,0,0,1,1,1,1785461321
2026-07-31T01:31:36Z,725,3,0,20,0,0,1,1,1,1785460929
2026-07-31T01:31:36Z,726,11,2,8,0,0,1,1,1,1785461136
2026-07-31T01:31:36Z,727,9,4,12,2,0,1,1,1,1785461116
2026-07-31T01:31:36Z,728,10,1,5,0,0,1,1,1,1785460745
2026-07-31T01:31:36Z,729,19,2,0,0,0,1,1,1,1785460948
2026-07-31T01:31:36Z,730,4,3,10,1,0,1,1,1,1785461334
2026-07-31T01:31:36Z,731,6,1,9,0,0,1,1,1,1785461273
2026-07-31T01:31:36Z,732,6,4,9,0,0,1,1,1,1785461482
2026-07-31T01:31:36Z,733,25,2,1,1,0,1,1,1,1785461443
2026-07-31T01:31:36Z,734,2,1,12,0,0,1,1,1,1785461489
2026-07-31T01:31:36Z,735,0,0,27,0,0,1,1,1,1785460270
2026-07-31T01:31:36Z,736,3,0,16,0,0,1,1,1,1785460857
2026-07-31T01:31:36Z,737,2,1,10,2,1,1,1,1,1785461058
2026-07-31T01:31:36Z,738,9,0,8,2,0,1,1,1,1785461055
2026-07-31T01:31:36Z,739,16,2,10,1,0,1,1,1,1785461071
2026-07-31T01:31:36Z,741,6,1,17,0,0,1,1,1,1785461164
2026-07-31T01:31:36Z,742,13,7,20,2,0,1,1,1,1785461334
2026-07-31T01:31:36Z,743,1,0,16,2,0,1,1,1,1785461413
2026-07-31T01:31:36Z,744,8,3,6,1,0,1,1,1,1785461472
2026-07-31T01:31:36Z,745,14,4,4,1,0,1,1,1,1785461113
2026-07-31T01:31:36Z,746,5,0,15,3,0,1,1,1,1785461116
2026-07-31T01:31:36Z,747,0,0,4,0,0,0,1,1,1783446606
2026-07-31T01:31:36Z,748,10,1,13,0,0,1,1,1,1785460032
2026-07-31T01:31:36Z,749,2,0,21,0,0,1,1,1,1785461409
2026-07-31T01:31:36Z,750,4,4,6,1,0,1,1,1,1785461292
2026-07-31T01:31:36Z,751,0,0,22,1,0,1,1,1,1785461468
2026-07-31T01:31:36Z,752,7,1,9,1,0,1,1,1,1785461458
2026-07-31T01:31:36Z,753,15,6,0,0,0,1,1,1,1785461334
2026-07-31T01:31:36Z,754,1,1,13,1,0,1,1,1,1785460524
2026-07-31T01:31:36Z,755,2,1,19,2,0,1,1,1,1785459960
2026-07-31T01:31:36Z,756,0,0,35,2,0,1,1,1,1785460564
2026-07-31T01:31:36Z,757,1,1,18,0,0,1,1,1,1785461351
2026-07-31T01:31:36Z,758,8,8,15,0,0,1,1,1,1785461481
2026-07-31T01:31:36Z,759,5,3,10,0,0,1,1,1,1785461254
2026-07-31T01:31:36Z,760,7,3,11,1,0,1,1,1,1785461275
2026-07-31T01:31:36Z,761,5,0,18,0,0,1,1,1,1785460920
2026-07-31T01:31:36Z,762,5,4,6,4,0,1,1,1,1785460332
2026-07-31T01:31:36Z,768,10,0,7,2,0,1,1,1,1785461370
2026-07-31T01:31:36Z,769,13,5,6,0,0,1,1,1,1785461487
2026-07-31T01:31:36Z,770,11,2,6,2,0,1,1,1,1785460903
2026-07-31T01:31:36Z,771,13,3,1,1,0,1,1,1,1785460318
2026-07-31T01:31:36Z,772,5,2,10,0,0,1,1,1,1785460993
2026-07-31T01:31:36Z,773,11,4,8,0,0,1,1,1,1785461446
2026-07-31T01:31:36Z,774,1,1,11,3,0,1,1,1,1785461378
2026-07-31T01:31:36Z,775,6,0,11,1,1,1,1,1,1785460498
2026-07-31T01:31:36Z,776,3,1,17,1,0,1,1,1,1785461076
2026-07-31T01:31:36Z,777,9,0,3,3,0,1,1,1,1785461063
2026-07-31T01:31:36Z,778,13,0,3,3,0,1,1,1,1785460861
2026-07-31T01:31:36Z,779,8,1,10,1,0,1,1,1,1785459702
2026-07-31T01:31:36Z,780,13,1,5,1,0,1,1,1,1785461452
2026-07-31T01:31:36Z,781,3,1,6,2,0,1,1,1,1785459925
2026-07-31T01:31:36Z,782,3,1,13,3,0,1,1,1,1785460623
2026-07-31T01:31:36Z,783,4,0,15,0,0,1,1,1,1785459926
2026-07-31T01:31:36Z,784,14,1,2,3,0,1,1,1,1785461041
2026-07-31T01:31:36Z,785,9,0,4,6,0,1,1,1,1785460079
2026-07-31T01:31:36Z,786,8,3,11,0,0,1,1,1,1785460616
2026-07-31T01:31:36Z,787,10,5,3,2,0,1,1,1,1785461198
2026-07-31T01:31:36Z,788,3,0,12,0,0,1,1,1,1785460416
2026-07-31T01:31:36Z,789,6,2,5,4,0,1,1,1,1785460672
2026-07-31T01:31:36Z,790,6,2,17,0,0,1,1,1,1785460993
2026-07-31T01:31:36Z,791,4,0,14,0,1,1,1,1,1785460938
2026-07-31T01:31:36Z,793,4,0,10,1,0,1,1,1,1785460827
2026-07-31T01:31:36Z,794,8,2,20,1,0,1,1,1,1785461170
2026-07-31T01:31:36Z,796,6,2,12,1,0,1,1,1,1785460824
2026-07-31T01:31:36Z,797,4,0,11,0,0,1,1,1,1785461370
2026-07-31T01:31:36Z,798,4,0,20,1,0,1,1,1,1785460700
2026-07-31T01:31:36Z,799,10,1,5,4,0,1,1,1,1785460528
2026-07-31T01:31:36Z,800,20,4,0,1,0,1,1,1,1785460892
2026-07-31T01:31:36Z,801,0,0,20,1,0,1,1,1,1785460775
2026-07-31T01:31:36Z,802,9,0,22,0,0,1,1,1,1785461172
2026-07-31T01:31:36Z,803,0,0,14,1,0,1,1,1,1785460383
2026-07-31T01:31:36Z,806,4,4,11,0,0,1,1,1,1785460586
2026-07-31T01:31:36Z,807,0,0,24,1,0,1,1,1,1785460915
2026-07-31T01:31:36Z,808,5,0,18,2,0,1,1,1,1785459824
2026-07-31T01:31:36Z,809,5,1,17,1,0,1,1,1,1785460510
2026-07-31T01:31:36Z,810,3,1,12,4,0,1,1,1,1785460936
2026-07-31T01:31:36Z,815,5,0,5,4,1,1,1,1,1785460557
2026-07-31T01:31:36Z,817,9,4,6,0,0,1,1,1,1785460975
2026-07-31T01:31:36Z,818,5,0,17,1,0,1,1,1,1785461038
2026-07-31T01:31:36Z,819,6,4,9,0,0,1,1,1,1785460987
2026-07-31T01:31:36Z,820,7,1,10,0,0,1,1,1,1785459844
2026-07-31T01:31:36Z,821,1,1,14,0,0,1,1,1,1785460777
2026-07-31T01:31:36Z,822,21,2,0,2,0,1,1,1,1785461435
2026-07-31T01:31:36Z,823,14,1,0,1,0,1,1,1,1785461227
2026-07-31T01:31:36Z,824,12,3,6,1,0,1,1,1,1785461487
2026-07-31T01:31:36Z,825,9,5,6,0,0,1,1,1,1785457432
2026-07-31T01:31:36Z,826,4,1,14,1,0,1,1,1,1785461454
2026-07-31T01:31:36Z,827,14,5,6,1,0,1,1,1,1785460917
2026-07-31T01:31:36Z,828,7,2,10,1,0,1,1,1,1785460755
2026-07-31T01:31:36Z,829,14,6,13,0,0,1,1,1,1785459823
2026-07-31T01:31:36Z,830,13,0,9,1,0,1,1,1,1785460917
2026-07-31T01:31:36Z,831,3,3,11,1,0,1,1,1,1785460221
2026-07-31T01:31:36Z,832,10,4,5,3,0,1,1,1,1785461040
2026-07-31T01:31:36Z,833,1,1,17,1,0,1,1,1,1785460006
2026-07-31T01:31:36Z,834,6,1,17,1,0,1,1,1,1785461459
2026-07-31T01:31:36Z,835,7,1,10,1,0,1,1,1,1785461279
2026-07-31T01:31:36Z,837,5,1,0,10,0,1,1,1,1785460226
2026-07-31T01:31:36Z,838,11,1,3,1,0,1,1,1,1785460928
2026-07-31T01:31:36Z,839,10,3,19,0,0,1,1,1,1785461478
2026-07-31T01:31:36Z,840,5,0,22,2,0,1,1,1,1785461296
2026-07-31T01:31:36Z,841,7,1,8,0,0,1,1,1,1785460780
2026-07-31T01:31:36Z,842,6,1,17,0,0,1,1,1,1785459923
2026-07-31T01:31:36Z,843,11,0,19,1,0,1,1,1,1785461414
2026-07-31T01:31:36Z,844,6,1,17,0,0,1,1,1,1785459974
2026-07-31T01:31:36Z,845,5,3,12,2,0,1,1,1,1785460332
2026-07-31T01:31:36Z,846,4,0,13,2,0,1,1,1,1785461285
2026-07-31T01:31:36Z,847,4,1,23,0,0,1,1,1,1785460990
2026-07-31T01:31:36Z,848,6,0,12,1,0,1,1,1,1785461215
2026-07-31T01:31:36Z,849,8,2,6,1,0,1,1,1,1785461364
2026-07-31T01:31:36Z,850,9,0,1,1,0,1,1,1,1785461360
2026-07-31T01:31:36Z,851,0,0,35,2,0,1,1,1,1785461087
2026-07-31T01:31:36Z,852,10,4,8,1,0,1,1,1,1785460073
2026-07-31T01:31:36Z,853,9,4,13,1,0,1,1,1,1785461114
2026-07-31T01:31:36Z,854,2,2,13,0,0,1,1,1,1785461023
2026-07-31T01:31:36Z,855,14,2,13,0,0,1,1,1,1785460742
2026-07-31T01:31:36Z,857,0,0,18,1,0,1,1,1,1785461448
2026-07-31T01:31:36Z,858,4,1,14,1,0,1,1,1,1785460683
2026-07-31T01:31:36Z,859,3,0,17,1,0,1,1,1,1785460930
2026-07-31T01:31:36Z,861,8,1,2,1,0,1,1,1,1785455675
2026-07-31T01:31:36Z,862,2,1,13,0,0,1,1,1,1785460820
2026-07-31T01:31:36Z,863,10,0,8,1,0,1,1,1,1785461160
2026-07-31T01:31:36Z,866,6,0,12,1,0,1,1,1,1785460485
2026-07-31T01:31:36Z,867,12,0,3,0,0,1,1,1,1785459864
2026-07-31T01:31:36Z,868,13,2,2,0,0,1,1,1,1785460037
2026-07-31T01:31:36Z,870,7,5,7,1,0,1,1,1,1785460251
2026-07-31T01:31:36Z,871,0,0,10,1,0,1,1,1,1785461481
2026-07-31T01:31:36Z,872,0,0,14,1,0,1,1,1,1785460181
2026-07-31T01:31:36Z,873,0,0,32,1,0,1,1,1,1785460852
2026-07-31T01:31:36Z,874,3,1,9,3,0,1,1,1,1785460946
2026-07-31T01:31:36Z,875,15,11,0,0,0,1,1,1,1785461194
2026-07-31T01:31:36Z,877,12,11,6,1,0,1,1,1,1785459724
2026-07-31T01:31:36Z,878,2,2,16,1,0,1,1,1,1785461118
2026-07-31T01:31:36Z,879,2,0,17,0,0,1,1,1,1785461186
2026-07-31T01:31:36Z,880,4,1,18,1,0,1,1,1,1785461192
2026-07-31T01:31:36Z,881,3,0,16,0,0,1,1,1,1785460167
2026-07-31T01:31:36Z,882,11,0,6,2,0,1,1,1,1785457778
2026-07-31T01:31:36Z,883,10,6,9,0,0,1,1,1,1785460477
2026-07-31T01:31:36Z,884,11,7,10,0,0,1,1,1,1785459700
2026-07-31T01:31:36Z,885,0,0,19,0,0,1,1,1,1785460035
2026-07-31T01:31:36Z,886,0,0,28,1,0,1,1,1,1785460744
2026-07-31T01:31:36Z,887,0,0,14,3,0,1,1,1,1785460798
2026-07-31T01:31:36Z,888,17,1,22,2,0,1,1,1,1785461429
2026-07-31T01:31:36Z,889,5,0,12,2,0,1,1,1,1785460367
2026-07-31T01:31:36Z,890,5,2,9,1,0,1,1,1,1785461217
2026-07-31T01:31:36Z,891,15,0,7,1,0,1,1,1,1785461443
2026-07-31T01:31:36Z,892,12,1,3,0,0,1,1,1,1785456450
2026-07-31T01:31:36Z,895,1,0,17,1,0,1,1,1,1785449127
2026-07-31T01:31:36Z,896,23,2,12,0,0,1,1,1,1785461444
2026-07-31T01:31:36Z,897,7,0,14,0,0,1,1,1,1785461260
2026-07-31T01:31:36Z,898,0,0,19,0,0,1,1,1,1785460682
2026-07-31T01:31:36Z,899,19,2,0,0,0,1,1,1,1785461001
2026-07-31T01:31:36Z,900,26,2,1,0,0,1,1,1,1785461270
2026-07-31T01:31:36Z,901,13,0,5,1,0,1,1,1,1785461367
2026-07-31T01:31:36Z,902,10,1,4,1,0,1,1,1,1785460603
2026-07-31T01:31:36Z,903,6,0,13,0,0,1,1,1,1785461081
2026-07-31T01:31:36Z,904,11,5,8,0,0,1,1,1,1785460339
2026-07-31T01:31:36Z,905,4,2,23,0,0,1,1,1,1785461113
2026-07-31T01:31:36Z,906,2,1,25,0,0,1,1,1,1785461362
2026-07-31T01:31:36Z,907,23,3,7,1,0,1,1,1,1785461487
2026-07-31T01:31:36Z,908,8,2,15,0,0,1,1,1,1785460303
2026-07-31T01:31:36Z,909,3,3,20,0,0,1,1,1,1785461265
2026-07-31T01:31:36Z,910,13,0,18,0,0,1,1,1,1785461192
2026-07-31T01:31:36Z,911,6,0,13,0,0,1,1,1,1785460502
2026-07-31T01:31:36Z,912,9,1,12,2,0,1,1,1,1785461364
2026-07-31T01:31:36Z,913,5,2,14,0,0,1,1,1,1785460859
2026-07-31T01:31:36Z,914,2,1,16,1,0,1,1,1,1785461396
2026-07-31T01:31:36Z,915,11,0,11,1,0,1,1,1,1785461375
2026-07-31T01:31:36Z,916,5,0,18,0,0,1,1,1,1785461275
2026-07-31T01:31:36Z,917,33,4,0,2,0,1,1,1,1785460917
2026-07-31T01:31:36Z,918,5,0,11,3,0,1,1,1,1785461432
2026-07-31T01:31:36Z,919,3,0,34,2,0,1,1,1,1785461478
2026-07-31T01:31:36Z,920,3,1,16,0,0,1,1,1,1785460706
2026-07-31T01:31:36Z,921,15,0,6,0,0,1,1,1,1785460140
2026-07-31T01:31:36Z,922,1,0,20,0,0,1,1,1,1785460774
2026-07-31T01:31:36Z,923,14,14,4,1,0,1,1,1,1785461319
2026-07-31T01:31:36Z,924,8,0,13,0,0,1,1,1,1785461024
2026-07-31T01:31:36Z,925,13,0,8,0,0,1,1,1,1785460459
2026-07-31T01:31:36Z,926,1,1,20,0,0,1,1,1,1785460636
2026-07-31T01:31:36Z,927,22,1,13,0,0,1,1,1,1785460932
2026-07-31T01:31:36Z,928,11,0,8,0,0,1,1,1,1785461397
2026-07-31T01:31:36Z,929,0,0,23,0,0,1,1,1,1785461444
2026-07-31T01:31:36Z,930,28,2,1,2,0,1,1,1,1785461327
2026-07-31T01:31:36Z,931,0,0,23,0,0,1,1,1,1785461139
2026-07-31T01:31:36Z,932,14,0,0,5,0,1,1,1,1785461440
2026-07-31T01:31:36Z,933,22,2,0,1,0,1,1,1,1785460595
2026-07-31T01:31:36Z,934,1,1,29,1,0,1,1,1,1785460154
2026-07-31T01:31:36Z,935,5,0,12,2,0,1,1,1,1785461393
2026-07-31T01:31:36Z,936,4,1,15,0,0,1,1,1,1785456801
2026-07-31T01:31:36Z,940,11,1,0,0,0,1,1,1,1785461363
2026-07-31T01:31:36Z,941,8,2,15,2,0,1,1,1,1785460741
2026-07-31T01:31:36Z,942,14,2,7,0,0,1,1,1,1785461120
2026-07-31T01:31:36Z,943,9,8,6,0,0,1,1,1,1785460310
2026-07-31T01:31:36Z,944,9,8,6,0,0,1,1,1,1785460104
2026-07-31T01:31:36Z,945,10,8,5,0,0,1,1,1,1785461426
2026-07-31T01:31:36Z,946,7,5,12,0,0,1,1,1,1785424152
2026-07-31T01:31:36Z,947,7,5,10,0,0,1,1,1,1785460112
2026-07-31T01:31:36Z,948,0,0,27,4,0,1,1,1,1785460529
2026-07-31T01:31:36Z,949,2,1,13,0,0,1,1,1,1785461350
2026-07-31T01:31:36Z,950,3,2,13,1,0,1,1,1,1785461081
2026-07-31T01:31:36Z,951,8,0,14,1,0,1,1,1,1785460814
2026-07-31T01:31:36Z,952,23,0,31,1,0,1,1,1,1785461361
2026-07-31T01:31:36Z,953,13,1,2,0,0,1,1,1,1785461377
2026-07-31T01:31:36Z,954,15,0,4,0,0,1,1,1,1785461286
2026-07-31T01:31:36Z,955,2,0,20,5,0,1,1,1,1785461245
2026-07-31T01:31:36Z,956,12,0,10,1,0,1,1,1,1785461073
2026-07-31T01:31:36Z,957,15,1,13,1,0,1,1,1,1785461366
2026-07-31T01:31:36Z,958,26,0,4,1,0,1,1,1,1785461035
2026-07-31T01:31:36Z,959,12,4,10,1,0,1,1,1,1785460664
2026-07-31T01:31:36Z,960,11,10,11,1,0,1,1,1,1785461474
2026-07-31T01:31:36Z,961,0,0,20,3,0,1,1,1,1785460800
2026-07-31T01:31:36Z,962,4,0,28,3,0,1,1,1,1785460962
2026-07-31T01:31:36Z,963,6,0,16,1,0,1,1,1,1785461416
2026-07-31T01:31:36Z,964,6,3,16,1,0,1,1,1,1785461371
2026-07-31T01:31:36Z,965,4,0,22,1,0,1,1,1,1785461038
2026-07-31T01:31:36Z,966,8,0,23,0,0,1,1,1,1785460934
2026-07-31T01:31:36Z,967,4,1,16,1,0,1,1,1,1785461475
2026-07-31T01:31:36Z,968,3,2,16,0,0,1,1,1,1785461247
2026-07-31T01:31:36Z,969,6,5,19,2,0,1,1,1,1785461361
2026-07-31T01:31:36Z,970,3,3,15,1,0,1,1,1,1785461488
2026-07-31T01:31:36Z,971,22,0,0,1,0,1,1,1,1785460397
2026-07-31T01:31:36Z,972,6,0,16,1,0,1,1,1,1785460023
2026-07-31T01:31:36Z,973,3,3,19,1,0,1,1,1,1785461332
2026-07-31T01:31:36Z,974,6,0,21,0,0,1,1,1,1785461396
2026-07-31T01:31:36Z,977,4,4,13,4,0,1,1,1,1785461155
2026-07-31T01:31:36Z,978,13,4,10,0,0,1,1,1,1785461157
2026-07-31T01:31:36Z,979,3,1,14,0,0,1,1,1,1785461230
2026-07-31T01:31:36Z,980,3,1,17,1,0,1,1,1,1785461479
2026-07-31T01:31:36Z,981,3,0,17,1,0,1,1,1,1785461255
2026-07-31T01:31:36Z,982,3,1,14,2,0,1,1,1,1785460125
2026-07-31T01:31:36Z,983,1,1,21,1,0,1,1,1,1785460513
2026-07-31T01:31:36Z,984,6,0,17,0,0,1,1,1,1785461420
2026-07-31T01:31:36Z,985,28,0,3,0,0,1,1,1,1785461174
2026-07-31T01:31:36Z,986,2,0,17,0,0,1,1,1,1785460121
2026-07-31T01:31:36Z,987,5,0,17,1,0,1,1,1,1785460631
2026-07-31T01:31:36Z,988,6,2,12,1,0,1,1,1,1785460261
2026-07-31T01:31:36Z,989,8,4,11,0,0,1,1,1,1785461077
2026-07-31T01:31:36Z,990,13,1,0,2,0,1,1,1,1785460351
2026-07-31T01:31:36Z,991,9,1,9,1,0,1,1,1,1785460873
2026-07-31T01:31:36Z,992,8,6,14,1,0,1,1,1,1785460822
2026-07-31T01:31:36Z,993,0,0,27,0,0,1,1,1,1785461454
2026-07-31T01:31:36Z,994,3,1,18,0,0,1,1,1,1785461025
2026-07-31T01:31:36Z,995,7,0,20,0,0,1,1,1,1785460240
2026-07-31T01:31:36Z,996,9,1,14,0,0,1,1,1,1785460060
2026-07-31T01:31:36Z,997,10,4,11,2,0,1,1,1,1785461377
2026-07-31T01:31:36Z,998,4,2,18,1,0,1,1,1,1785460383
2026-07-31T01:31:36Z,999,4,2,15,1,1,1,1,1,1785460177
2026-07-31T01:31:36Z,1000,4,2,17,0,0,1,1,1,1785460969
2026-07-31T01:31:36Z,1001,1,0,26,0,0,1,1,1,1785460382
2026-07-31T01:31:36Z,1002,0,0,27,4,0,1,1,1,1785460351
2026-07-31T01:31:36Z,1003,0,0,22,1,0,1,1,1,1785460037
2026-07-31T01:31:36Z,1004,5,1,18,0,0,1,1,1,1785461288
2026-07-31T01:31:36Z,1005,20,1,3,0,0,1,1,1,1785460222
2026-07-31T01:31:36Z,1006,7,4,11,1,0,1,1,1,1785460077
2026-07-31T01:31:36Z,1007,5,2,16,0,0,1,1,1,1785459705
2026-07-31T01:31:36Z,1008,6,5,15,2,0,1,1,1,1785460995
2026-07-31T01:31:36Z,1009,21,4,8,2,0,1,1,1,1785460878
2026-07-31T01:31:36Z,1010,7,2,20,0,0,1,1,1,1785459867
2026-07-31T01:31:36Z,1011,7,1,10,2,0,1,1,1,1785460456
2026-07-31T01:31:36Z,1012,4,3,18,1,0,1,1,1,1785459988
2026-07-31T01:31:36Z,1013,4,1,18,1,0,1,1,1,1785460610
2026-07-31T01:31:36Z,1014,8,3,13,2,0,1,1,1,1785460499
2026-07-31T01:31:36Z,1015,4,3,25,2,0,1,1,1,1785460722
2026-07-31T01:31:36Z,1016,10,5,21,0,0,1,1,1,1785459789
2026-07-31T01:31:36Z,1017,14,5,7,0,0,1,1,1,1785461217
2026-07-31T01:31:36Z,1018,8,2,14,0,0,1,1,1,1785460078
2026-07-31T01:31:36Z,1019,7,5,8,0,0,1,1,1,1785460051
2026-07-31T01:31:36Z,1020,18,3,3,0,0,1,1,1,1785461094
2026-07-31T01:31:36Z,1021,9,3,5,1,0,1,1,1,1785460939
2026-07-31T01:31:36Z,1022,14,0,13,0,0,1,1,1,1785460141
2026-07-31T01:31:36Z,1023,12,1,10,1,0,1,1,1,1785459805
2026-07-31T01:31:36Z,1024,6,3,13,0,0,1,1,1,1785460833
2026-07-31T01:31:36Z,1025,4,0,14,0,1,1,1,1,1785460101
2026-07-31T01:31:36Z,1026,8,4,18,5,0,1,1,1,1785461034
2026-07-31T01:31:36Z,1028,2,0,20,1,0,1,1,1,1785460170
2026-07-31T01:31:36Z,1029,11,10,4,0,0,1,1,1,1785461143
2026-07-31T01:31:36Z,1030,13,5,10,0,0,1,1,1,1785460839
2026-07-31T01:31:36Z,1031,10,0,9,0,0,1,1,1,1785461247
2026-07-31T01:31:36Z,1032,7,1,12,0,0,1,1,1,1785460089
2026-07-31T01:31:36Z,1033,8,5,10,1,0,1,1,1,1785460896
2026-07-31T01:31:36Z,1034,1,0,14,0,0,1,1,1,1785460136
2026-07-31T01:31:36Z,1035,2,0,16,1,0,1,1,1,1785460112
2026-07-31T01:31:36Z,1036,15,1,0,0,0,1,1,1,1785460707
2026-07-31T01:31:36Z,1037,4,1,14,1,0,1,1,1,1785460604
2026-07-31T01:31:36Z,1038,3,1,11,1,0,1,1,1,1785459834
2026-07-31T01:31:36Z,1039,4,2,15,0,0,1,1,1,1785460244
2026-07-31T01:31:36Z,1040,9,4,9,1,0,1,1,1,1785460120
2026-07-31T01:31:36Z,1041,8,2,10,1,0,1,1,1,1785460768
2026-07-31T01:31:36Z,1042,11,0,2,2,0,1,1,1,1785460340
2026-07-31T01:31:36Z,1043,9,0,7,3,0,1,1,1,1785460295
2026-07-31T01:31:36Z,1044,2,1,13,0,0,1,1,1,1785459886
2026-07-31T01:31:36Z,1045,10,0,9,0,0,1,1,1,1785460079
2026-07-31T01:31:36Z,1046,8,0,7,0,0,1,1,1,1785461328
2026-07-31T01:31:36Z,1047,4,0,17,0,0,1,1,1,1785460828
2026-07-31T01:31:36Z,1048,6,1,13,0,0,1,1,1,1785460054
2026-07-31T01:31:36Z,1049,3,0,18,0,0,1,1,1,1785460082
2026-07-31T01:31:36Z,1050,18,5,3,0,0,1,1,1,1785461180
2026-07-31T01:31:36Z,1051,6,2,15,0,0,1,1,1,1785461092
2026-07-31T01:31:36Z,1052,17,2,5,0,0,1,1,1,1785459895
2026-07-31T01:31:36Z,1053,2,1,13,0,0,1,1,1,1785460503
2026-07-31T01:31:36Z,1054,14,1,1,0,0,1,1,1,1785460254
2026-07-31T01:31:36Z,1055,7,2,12,0,0,1,1,1,1785460700
2026-07-31T01:31:36Z,1057,3,0,16,0,0,1,1,1,1785461471
2026-07-31T01:31:36Z,1058,55,1,1,0,0,1,1,1,1785461462
2026-07-31T01:31:36Z,1059,1,0,16,2,0,1,1,1,1785460144
2026-07-31T01:31:36Z,1060,4,1,33,0,0,1,1,1,1785461451
2026-07-31T01:31:36Z,1061,31,4,6,0,0,1,1,1,1785461484
2026-07-31T01:31:36Z,1062,15,1,2,0,0,1,1,1,1785461024
2026-07-31T01:31:36Z,1063,12,1,6,1,0,1,1,1,1785460135
2026-07-31T01:31:36Z,1064,6,2,16,1,0,1,1,1,1785460413
2026-07-31T01:31:36Z,1065,15,3,8,0,0,1,1,1,1785460672
2026-07-31T01:31:36Z,1066,11,2,12,0,0,1,1,1,1785460502
2026-07-31T01:31:36Z,1067,7,1,15,1,0,1,1,1,1785460765
2026-07-31T01:31:36Z,1068,8,2,13,2,0,1,1,1,1785460225
2026-07-31T01:31:36Z,1069,12,3,11,0,0,1,1,1,1785460307
2026-07-31T01:31:36Z,1070,11,2,12,0,0,1,1,1,1785460400
2026-07-31T01:31:36Z,1071,7,4,16,0,0,1,1,1,1785460440
2026-07-31T01:31:36Z,1072,11,1,11,1,0,1,1,1,1785461345
2026-07-31T01:31:36Z,1073,12,5,13,2,0,1,1,1,1785461427
2026-07-31T01:31:36Z,1074,53,0,0,0,0,1,1,1,1785461197
2026-07-31T01:31:36Z,1075,9,8,12,0,0,1,1,1,1785459810
2026-07-31T01:31:36Z,1076,12,10,9,0,0,1,1,1,1785461217
2026-07-31T01:31:36Z,1077,8,5,13,0,0,1,1,1,1785460017
2026-07-31T01:31:36Z,1078,13,10,8,0,0,1,1,1,1785461104
2026-07-31T01:31:36Z,1079,12,9,9,0,0,1,1,1,1785459925
2026-07-31T01:31:36Z,1080,9,7,11,1,0,1,1,1,1785460520
2026-07-31T01:31:36Z,1081,14,9,5,0,0,1,1,1,1785460954
2026-07-31T01:31:36Z,1082,4,4,4,0,0,1,1,1,1785460522
2026-07-31T01:31:36Z,1083,12,10,9,0,0,1,1,1,1785460176
2026-07-31T01:31:36Z,1084,8,7,13,0,0,1,1,1,1785459809
2026-07-31T01:31:36Z,1085,10,10,11,0,0,1,1,1,1785461217
2026-07-31T01:31:36Z,1086,8,7,12,1,0,1,1,1,1785460122
2026-07-31T01:31:36Z,1087,8,7,7,0,0,1,1,1,1785461206
2026-07-31T01:31:36Z,1088,10,7,5,0,0,1,1,1,1785460142
2026-07-31T01:31:36Z,1089,6,4,9,0,0,1,1,1,1785460517
2026-07-31T01:31:36Z,1090,8,7,7,0,0,1,1,1,1785461040
2026-07-31T01:31:36Z,1091,12,7,3,0,0,1,1,1,1785460949
2026-07-31T01:31:36Z,1092,9,9,5,1,0,1,1,1,1785460494
2026-07-31T01:31:36Z,1093,7,6,8,0,0,1,1,1,1785460863
2026-07-31T01:31:36Z,1094,10,8,8,1,0,1,1,1,1785461348
2026-07-31T01:31:36Z,1095,9,8,6,0,0,1,1,1,1785460826
2026-07-31T01:31:36Z,1096,6,3,12,1,0,1,1,1,1785460454
2026-07-31T01:31:36Z,1097,10,10,5,0,0,1,1,1,1785460677
2026-07-31T01:31:36Z,1098,9,7,10,0,0,1,1,1,1785460994
2026-07-31T01:31:36Z,1099,7,6,8,0,0,1,1,1,1785459926
2026-07-31T01:31:36Z,1100,6,2,23,0,0,1,1,1,1785460314
2026-07-31T01:31:36Z,1101,10,5,11,0,0,1,1,1,1785459795
2026-07-31T01:31:36Z,1102,9,4,4,0,0,1,1,1,1785460957
2026-07-31T01:31:36Z,1103,10,5,11,0,0,1,1,1,1785458054
2026-07-31T01:31:36Z,1104,10,5,11,0,0,1,1,1,1785461362
2026-07-31T01:31:36Z,1105,7,3,6,0,0,1,1,1,1785460851
2026-07-31T01:31:36Z,1106,13,7,8,0,0,1,1,1,1785459880
2026-07-31T01:31:36Z,1107,9,5,6,0,0,1,1,1,1785460227
2026-07-31T01:31:36Z,1108,8,3,16,3,0,1,1,1,1785460623
2026-07-31T01:31:36Z,1109,7,3,8,0,0,1,1,1,1785460880
2026-07-31T01:31:36Z,1110,8,0,13,0,0,1,1,1,1785461241
2026-07-31T01:31:36Z,1111,2,0,19,0,0,1,1,1,1785461212
2026-07-31T01:31:36Z,1112,41,1,12,0,0,1,1,1,1785461438
2026-07-31T01:31:36Z,1113,0,0,21,0,0,1,1,1,1785461231
2026-07-31T01:31:36Z,1115,20,7,2,1,0,1,1,1,1785460566
2026-07-31T01:31:36Z,1116,4,1,15,0,0,1,1,1,1785460107
2026-07-31T01:31:36Z,1117,0,0,23,0,0,1,1,1,1785460454
2026-07-31T01:31:36Z,1118,17,2,3,1,0,1,1,1,1785461232
2026-07-31T01:31:36Z,1119,11,1,6,0,0,1,1,1,1785461137
2026-07-31T01:31:36Z,1120,9,0,9,1,0,1,1,1,1785461336
2026-07-31T01:31:36Z,1121,5,3,14,2,0,1,1,1,1785461195
2026-07-31T01:31:36Z,1122,16,11,3,2,0,1,1,1,1785461279
2026-07-31T01:31:36Z,1123,0,0,21,2,0,1,1,1,1785461363
2026-07-31T01:31:36Z,1124,8,0,1,6,0,1,1,1,1785461486
2026-07-31T01:31:36Z,1125,15,1,8,0,0,1,1,1,1785460491
2026-07-31T01:31:36Z,1126,5,2,14,2,0,1,1,1,1785461239
2026-07-31T01:31:36Z,1127,14,1,4,1,0,1,1,1,1785461475
2026-07-31T01:31:36Z,1128,10,0,4,1,0,1,1,1,1785460135
2026-07-31T01:31:36Z,1129,4,0,17,0,0,1,1,1,1785459845
2026-07-31T01:31:36Z,1130,3,0,12,0,0,1,1,1,1785461484
2026-07-31T01:31:36Z,1131,2,0,46,1,0,1,1,1,1785460651
2026-07-31T01:31:36Z,1132,14,6,6,1,0,1,1,1,1785461386
2026-07-31T01:31:36Z,1133,8,5,12,1,0,1,1,1,1785460960
2026-07-31T01:31:36Z,1134,10,6,9,0,0,1,1,1,1785460603
2026-07-31T01:31:36Z,1135,10,5,11,0,0,1,1,1,1785459689
2026-07-31T01:31:36Z,1136,17,0,6,0,0,1,1,1,1785461369
2026-07-31T01:31:36Z,1137,8,0,7,0,0,1,1,1,1785460056
2026-07-31T01:31:36Z,1138,11,2,8,0,0,1,1,1,1785461255
2026-07-31T01:31:36Z,1139,9,2,10,2,0,1,1,1,1785460570
2026-07-31T01:31:36Z,1140,22,4,0,1,0,1,1,1,1785461257
2026-07-31T01:31:36Z,1141,1,1,19,1,0,1,1,1,1785461312
2026-07-31T01:31:36Z,1142,21,1,0,0,0,1,1,1,1785460744
2026-07-31T01:31:36Z,1143,10,1,19,0,0,1,1,1,1785461386
2026-07-31T01:31:36Z,1144,9,4,10,2,0,1,1,1,1785460371
2026-07-31T01:31:36Z,1145,12,6,8,1,0,1,1,1,1785460464
2026-07-31T01:31:36Z,1146,7,1,11,1,0,1,1,1,1785461459
2026-07-31T01:31:36Z,1147,4,1,15,0,0,1,1,1,1785461346
2026-07-31T01:31:36Z,1148,6,1,25,0,0,1,1,1,1785461466
2026-07-31T01:31:36Z,1149,6,6,19,0,0,1,1,1,1785460846
2026-07-31T01:31:36Z,1150,8,0,11,0,0,1,1,1,1785459995
2026-07-31T01:31:36Z,1151,4,1,17,0,0,1,1,1,1785461414
2026-07-31T01:31:36Z,1152,4,0,25,0,0,1,1,1,1785461424
2026-07-31T01:31:36Z,1153,11,0,11,1,0,1,1,1,1785460625
2026-07-31T01:31:36Z,1154,12,1,7,0,0,1,1,1,1785461380
2026-07-31T01:31:36Z,1155,7,3,13,1,0,1,1,1,1785461336
2026-07-31T01:31:36Z,1158,4,1,15,0,0,1,1,1,1785460946
2026-07-31T01:31:36Z,1159,10,0,9,0,0,1,1,1,1785460910
2026-07-31T01:31:36Z,1160,7,1,11,1,0,1,1,1,1785460006
2026-07-31T01:31:36Z,1161,5,1,13,1,0,1,1,1,1785461318
2026-07-31T01:31:36Z,1162,0,0,19,0,0,1,1,1,1785460739
2026-07-31T01:31:36Z,1163,1,1,17,1,0,1,1,1,1785460118
2026-07-31T01:31:36Z,1164,4,1,15,0,0,1,1,1,1785460177
2026-07-31T01:31:36Z,1165,8,1,13,0,0,1,1,1,1785460896
2026-07-31T01:31:36Z,1166,7,3,14,0,0,1,1,1,1785460405
2026-07-31T01:31:36Z,1167,4,0,11,0,0,1,1,1,1785459914
2026-07-31T01:31:36Z,1168,1,0,22,0,0,1,1,1,1785460338
2026-07-31T01:31:36Z,1169,3,0,15,1,0,1,1,1,1785460023
2026-07-31T01:31:36Z,1170,6,0,14,1,0,1,1,1,1785460595
2026-07-31T01:31:36Z,1171,8,7,14,1,0,1,1,1,1785460020
2026-07-31T01:31:36Z,1172,7,1,6,2,0,1,1,1,1785461276
2026-07-31T01:31:36Z,1173,9,2,10,0,0,1,1,1,1785461190
2026-07-31T01:31:36Z,1174,6,2,9,0,0,1,1,1,1785459979
2026-07-31T01:31:36Z,1175,7,3,12,0,0,1,1,1,1785456851
2026-07-31T01:31:36Z,1176,19,1,2,0,0,1,1,1,1785461275
2026-07-31T01:31:36Z,1177,2,1,19,0,0,1,1,1,1785461308
2026-07-31T01:31:36Z,1178,1,0,14,0,0,1,1,1,1785459981
2026-07-31T01:31:36Z,1181,11,3,4,0,0,1,1,1,1785461014
2026-07-31T01:31:36Z,1182,6,3,13,1,0,1,1,1,1785461483
2026-07-31T01:31:36Z,1183,0,0,43,2,0,1,1,1,1785460217
2026-07-31T01:31:36Z,1184,2,1,18,1,0,1,1,1,1785461374
2026-07-31T01:31:36Z,1185,10,5,11,0,0,1,1,1,1785461303
2026-07-31T01:31:36Z,1186,9,5,10,0,0,1,1,1,1785460534
2026-07-31T01:31:36Z,1187,11,6,9,1,0,1,1,1,1785460969
2026-07-31T01:31:36Z,1188,9,3,6,0,0,1,1,1,1785460241
2026-07-31T01:31:36Z,1189,10,5,9,0,0,1,1,1,1785460288
2026-07-31T01:31:36Z,1190,10,5,11,0,0,1,1,1,1785461483
2026-07-31T01:31:36Z,1191,10,5,5,0,0,1,1,1,1785460246
2026-07-31T01:31:36Z,1192,11,7,10,0,0,1,1,1,1785460034
2026-07-31T01:31:36Z,1193,6,4,5,2,0,1,1,1,1785461156
2026-07-31T01:31:36Z,1197,9,6,7,1,0,1,1,1,1785461026
2026-07-31T01:31:36Z,1198,14,4,5,2,0,1,1,1,1785460561
2026-07-31T01:31:36Z,1199,2,0,17,0,0,1,1,1,1785460589
2026-07-31T01:31:36Z,1200,11,5,4,0,0,1,1,1,1785460283
2026-07-31T01:31:36Z,1201,9,4,6,0,0,1,1,1,1785460260
2026-07-31T01:31:36Z,1202,10,5,5,0,0,1,1,1,1785460354
2026-07-31T01:31:36Z,1203,9,5,6,0,0,1,1,1,1785460249
2026-07-31T01:31:36Z,1204,7,3,11,1,0,1,1,1,1785459968
2026-07-31T01:31:36Z,1206,11,5,10,0,0,1,1,1,1785460987
2026-07-31T01:31:36Z,1207,10,5,5,0,0,1,1,1,1785460569
2026-07-31T01:31:36Z,1208,7,2,11,1,0,1,1,1,1785460450
2026-07-31T01:31:36Z,1216,7,0,13,1,0,1,1,1,1785461223
2026-07-31T01:31:36Z,1218,5,0,16,0,0,1,1,1,1785459802
2026-07-31T01:31:36Z,1219,7,2,7,1,0,1,1,1,1785459711
2026-07-31T01:31:36Z,1220,15,8,4,0,0,1,1,1,1785461249
2026-07-31T01:31:36Z,1221,1,1,20,0,0,1,1,1,1785461422
2026-07-31T01:31:36Z,1222,18,0,11,0,0,1,1,1,1785461322
2026-07-31T01:31:36Z,1223,18,2,9,2,0,1,1,1,1785461402
2026-07-31T01:31:36Z,1226,0,0,3,0,0,0,1,1,1781868931
2026-07-31T01:31:36Z,1227,13,2,12,0,0,1,1,1,1785460666
2026-07-31T01:31:36Z,1228,19,1,8,2,0,1,1,1,1785461122
2026-07-31T01:31:36Z,1229,43,2,1,1,0,1,1,1,1785461480
2026-07-31T01:36:35Z,1,1,1,22,0,0,1,1,1,1785461699
2026-07-31T01:36:35Z,2,9,1,16,2,0,1,1,1,1785461784
2026-07-31T01:36:35Z,3,3,3,10,1,0,1,1,1,1785461430
2026-07-31T01:36:35Z,4,21,0,0,1,0,1,1,1,1785461733
2026-07-31T01:36:35Z,5,6,1,17,0,0,1,1,1,1785460644
2026-07-31T01:36:35Z,6,1,0,14,0,0,1,1,1,1785461671
2026-07-31T01:36:35Z,7,3,0,35,1,0,1,1,1,1785461689
2026-07-31T01:36:35Z,8,4,0,39,0,0,1,1,1,1785460876
2026-07-31T01:36:35Z,9,5,2,15,3,0,1,1,1,1785460671
2026-07-31T01:36:35Z,10,1,0,20,2,0,1,1,1,1785461708
2026-07-31T01:36:35Z,11,6,2,12,1,0,1,1,1,1785461674
2026-07-31T01:36:35Z,12,0,0,23,0,0,1,1,1,1785461462
2026-07-31T01:36:35Z,13,20,2,10,0,0,1,1,1,1785461754
2026-07-31T01:36:35Z,14,14,0,27,1,1,1,1,1,1785461784
2026-07-31T01:36:35Z,15,2,0,13,0,0,1,1,1,1785461435
2026-07-31T01:36:35Z,16,11,1,13,2,1,1,1,1,1785460145
2026-07-31T01:36:35Z,17,25,1,1,1,0,1,1,1,1785461711
2026-07-31T01:36:35Z,18,15,0,0,3,0,1,1,1,1785461646
2026-07-31T01:36:35Z,19,21,0,5,1,0,1,1,1,1785461774
2026-07-31T01:36:35Z,20,29,6,6,0,0,1,1,1,1785461723
2026-07-31T01:36:35Z,21,19,1,0,0,0,1,1,1,1785461434
2026-07-31T01:36:35Z,22,62,1,1,2,0,1,1,1,1785461787
2026-07-31T01:36:35Z,23,17,3,14,0,0,1,1,1,1785461760
2026-07-31T01:36:35Z,24,9,2,0,2,0,1,1,1,1785461786
2026-07-31T01:36:35Z,25,73,0,3,5,0,1,1,1,1785461779
2026-07-31T01:36:35Z,26,3,0,24,0,0,1,1,1,1785461048
2026-07-31T01:36:35Z,28,2,0,13,0,0,1,1,1,1785460332
2026-07-31T01:36:35Z,30,18,0,10,1,0,1,1,1,1785461673
2026-07-31T01:36:35Z,31,0,0,17,2,0,1,1,1,1785461734
2026-07-31T01:36:35Z,32,22,4,5,0,0,1,1,1,1785461789
2026-07-31T01:36:35Z,34,25,2,12,0,0,1,1,1,1785461561
2026-07-31T01:36:35Z,35,46,3,1,0,0,1,1,1,1785461763
2026-07-31T01:36:35Z,36,0,0,0,0,0,0,1,1,86400
2026-07-31T01:36:35Z,37,14,3,9,0,0,1,1,1,1785461528
2026-07-31T01:36:35Z,38,2,0,21,0,0,1,1,1,1785461563
2026-07-31T01:36:35Z,39,13,1,25,1,0,1,1,1,1785461741
2026-07-31T01:36:35Z,40,4,0,15,2,0,1,1,1,1785461553
2026-07-31T01:36:35Z,41,0,0,42,1,0,1,1,1,1785460910
2026-07-31T01:36:35Z,42,29,8,2,0,0,1,1,1,1785461237
2026-07-31T01:36:35Z,43,2,0,21,0,0,1,1,1,1785461681
2026-07-31T01:36:35Z,45,1,0,27,1,0,1,1,1,1785460737
2026-07-31T01:36:35Z,46,2,0,29,0,0,1,1,1,1785461698
2026-07-31T01:36:35Z,47,12,0,2,1,0,1,1,1,1785460752
2026-07-31T01:36:35Z,48,19,0,8,0,0,1,1,1,1785461607
2026-07-31T01:36:35Z,49,2,0,17,4,0,1,1,1,1785461788
2026-07-31T01:36:35Z,50,0,0,19,0,0,1,1,1,1785459881
2026-07-31T01:36:35Z,51,73,1,2,2,0,1,1,1,1785461788
2026-07-31T01:36:35Z,52,2,0,22,3,0,1,1,1,1785461780
2026-07-31T01:36:35Z,55,5,0,18,0,0,1,1,1,1785461748
2026-07-31T01:36:35Z,56,3,0,40,0,0,1,1,1,1785461453
2026-07-31T01:36:35Z,57,0,0,27,0,0,1,1,1,1785461534
2026-07-31T01:36:35Z,58,3,3,25,0,0,1,1,1,1785461426
2026-07-31T01:36:35Z,59,1,0,24,2,0,1,1,1,1785461582
2026-07-31T01:36:35Z,61,10,0,29,0,0,1,1,1,1785461787
2026-07-31T01:36:35Z,62,15,13,32,2,0,1,1,1,1785461633
2026-07-31T01:36:35Z,63,3,0,16,0,0,1,1,1,1785461572
2026-07-31T01:36:35Z,64,15,0,0,4,0,1,1,1,1785461128
2026-07-31T01:36:35Z,65,14,5,4,1,0,1,1,1,1785461746
2026-07-31T01:36:35Z,67,3,0,36,0,0,1,1,1,1785461521
2026-07-31T01:36:35Z,68,1,0,36,0,0,1,1,1,1785461775
2026-07-31T01:36:35Z,69,11,3,2,2,0,1,1,1,1785461425
2026-07-31T01:36:35Z,71,0,0,26,1,0,1,1,1,1785461637
2026-07-31T01:36:35Z,72,11,6,19,1,0,1,1,1,1785461453
2026-07-31T01:36:35Z,73,0,0,31,0,0,1,1,1,1785460014
2026-07-31T01:36:35Z,74,8,4,11,0,0,1,1,1,1785461770
2026-07-31T01:36:35Z,75,0,0,30,2,0,1,1,1,1785461328
2026-07-31T01:36:35Z,76,4,1,14,1,0,1,1,1,1785461783
2026-07-31T01:36:35Z,77,3,0,23,1,0,1,1,1,1785461786
2026-07-31T01:36:35Z,78,2,1,21,0,0,1,1,1,1785461318
2026-07-31T01:36:35Z,79,11,1,5,1,0,1,1,1,1785461513
2026-07-31T01:36:35Z,80,0,0,20,3,0,1,1,1,1785461752
2026-07-31T01:36:35Z,81,3,1,28,0,0,1,1,1,1785461496
2026-07-31T01:36:35Z,82,3,1,20,0,0,1,1,1,1785461779
2026-07-31T01:36:35Z,83,9,4,23,2,0,1,1,1,1785461764
2026-07-31T01:36:35Z,84,2,2,25,0,0,1,1,1,1785461491
2026-07-31T01:36:35Z,85,2,0,13,0,0,1,1,1,1785461573
2026-07-31T01:36:35Z,86,1,0,25,1,0,1,1,1,1785461679
2026-07-31T01:36:35Z,87,6,0,13,0,0,1,1,1,1785461618
2026-07-31T01:36:35Z,88,1,0,41,1,0,1,1,1,1785461738
2026-07-31T01:36:35Z,89,29,2,6,0,0,1,1,1,1785461225
2026-07-31T01:36:35Z,90,4,0,12,2,0,1,1,1,1785461363
2026-07-31T01:36:35Z,91,10,0,7,0,0,1,1,1,1785461778
2026-07-31T01:36:35Z,92,8,0,9,2,0,1,1,1,1785461780
2026-07-31T01:36:35Z,93,22,0,0,1,0,1,1,1,1785461622
2026-07-31T01:36:35Z,94,18,0,0,1,0,1,1,1,1785460426
2026-07-31T01:36:35Z,95,3,2,30,1,1,1,1,1,1785461780
2026-07-31T01:36:35Z,96,2,1,28,1,0,1,1,1,1785461625
2026-07-31T01:36:35Z,97,16,1,0,1,0,1,1,1,1785461600
2026-07-31T01:36:35Z,98,31,7,2,2,0,1,1,1,1785461522
2026-07-31T01:36:35Z,99,12,0,3,0,0,1,1,1,1785461711
2026-07-31T01:36:35Z,100,27,1,0,0,0,1,1,1,1785460879
2026-07-31T01:36:35Z,101,14,1,0,1,0,1,1,1,1785461648
2026-07-31T01:36:35Z,102,22,0,1,0,0,1,1,1,1785461343
2026-07-31T01:36:35Z,103,29,0,0,1,0,1,1,1,1785461631
2026-07-31T01:36:35Z,104,22,1,3,2,0,1,1,1,1785461789
2026-07-31T01:36:35Z,105,17,1,2,0,0,1,1,1,1785460698
2026-07-31T01:36:35Z,106,0,0,21,0,0,1,1,1,1785458543
2026-07-31T01:36:35Z,107,32,0,5,0,0,1,1,1,1785460428
2026-07-31T01:36:35Z,108,27,2,7,1,0,1,1,1,1785461749
2026-07-31T01:36:35Z,109,22,0,1,0,0,1,1,1,1785461658
2026-07-31T01:36:35Z,110,20,2,3,0,0,1,1,1,1785461580
2026-07-31T01:36:35Z,111,1,0,35,0,0,1,1,1,1785461557
2026-07-31T01:36:35Z,112,13,0,1,1,0,1,1,1,1785460625
2026-07-31T01:36:35Z,113,18,4,0,1,0,1,1,1,1785461750
2026-07-31T01:36:35Z,114,1,1,28,1,1,1,1,1,1785461777
2026-07-31T01:36:35Z,115,5,1,20,3,0,1,1,1,1785461128
2026-07-31T01:36:35Z,116,6,4,20,1,0,1,1,1,1785461235
2026-07-31T01:36:35Z,118,19,11,1,3,0,1,1,1,1785461322
2026-07-31T01:36:35Z,119,6,2,29,3,0,1,1,1,1785461372
2026-07-31T01:36:35Z,120,4,1,22,1,0,1,1,1,1785461263
2026-07-31T01:36:35Z,121,5,0,13,0,1,1,1,1,1785461547
2026-07-31T01:36:35Z,122,3,2,17,1,0,1,1,1,1785461575
2026-07-31T01:36:35Z,123,18,2,29,0,0,1,1,1,1785461520
2026-07-31T01:36:35Z,124,17,8,17,1,0,1,1,1,1785461758
2026-07-31T01:36:35Z,125,3,1,19,1,0,1,1,1,1785461012
2026-07-31T01:36:35Z,126,8,1,23,0,0,1,1,1,1785460630
2026-07-31T01:36:35Z,127,2,1,32,1,0,1,1,1,1785461602
2026-07-31T01:36:35Z,128,8,7,11,0,0,1,1,1,1785461713
2026-07-31T01:36:35Z,129,3,2,15,1,0,1,1,1,1785461665
2026-07-31T01:36:35Z,130,4,0,13,0,0,1,1,1,1785457733
2026-07-31T01:36:35Z,131,3,2,6,2,0,1,1,1,1785460824
2026-07-31T01:36:35Z,132,2,1,12,0,1,1,1,1,1785461226
2026-07-31T01:36:35Z,134,6,6,15,2,0,1,1,1,1785461601
2026-07-31T01:36:35Z,135,5,0,14,0,0,1,1,1,1785461541
2026-07-31T01:36:35Z,136,19,4,4,0,0,1,1,1,1785460643
2026-07-31T01:36:35Z,137,11,0,8,0,0,1,1,1,1785461673
2026-07-31T01:36:35Z,138,11,4,26,0,0,1,1,1,1785461675
2026-07-31T01:36:35Z,139,14,4,3,2,0,1,1,1,1785461717
2026-07-31T01:36:35Z,140,8,5,13,2,0,1,1,1,1785461788
2026-07-31T01:36:35Z,141,3,2,33,0,0,1,1,1,1785461467
2026-07-31T01:36:35Z,142,1,1,22,0,0,1,1,1,1785461019
2026-07-31T01:36:35Z,143,9,1,22,0,0,1,1,1,1785461503
2026-07-31T01:36:35Z,144,22,5,5,0,0,1,1,1,1785461636
2026-07-31T01:36:35Z,145,12,6,16,1,0,1,1,1,1785461775
2026-07-31T01:36:35Z,146,7,1,15,1,0,1,1,1,1785461755
2026-07-31T01:36:35Z,147,11,3,6,2,0,1,1,1,1785461709
2026-07-31T01:36:35Z,148,23,15,4,0,0,1,1,1,1785461622
2026-07-31T01:36:35Z,149,4,1,23,0,0,1,1,1,1785461787
2026-07-31T01:36:35Z,150,20,7,13,2,0,1,1,1,1785461505
2026-07-31T01:36:35Z,151,14,7,9,0,0,1,1,1,1785461782
2026-07-31T01:36:35Z,152,14,2,10,3,0,1,1,1,1785461786
2026-07-31T01:36:35Z,153,3,0,0,27,1,1,1,1,1785461777
2026-07-31T01:36:35Z,154,3,1,14,6,0,1,1,1,1785461488
2026-07-31T01:36:35Z,155,13,5,0,1,0,1,1,1,1785461632
2026-07-31T01:36:35Z,156,14,2,5,0,0,1,1,1,1785461386
2026-07-31T01:36:35Z,157,7,0,18,2,0,1,1,1,1785461785
2026-07-31T01:36:35Z,158,0,0,16,0,0,1,1,1,1785461073
2026-07-31T01:36:35Z,159,0,0,19,0,0,1,1,1,1785461672
2026-07-31T01:36:35Z,160,12,5,7,0,0,1,1,1,1785461731
2026-07-31T01:36:35Z,161,2,0,20,0,0,1,1,1,1785461786
2026-07-31T01:36:35Z,162,12,8,12,3,0,1,1,1,1785461771
2026-07-31T01:36:35Z,163,17,1,13,0,1,1,1,1,1785461763
2026-07-31T01:36:35Z,164,23,4,4,0,0,1,1,1,1785461433
2026-07-31T01:36:35Z,165,28,7,1,2,0,1,1,1,1785461785
2026-07-31T01:36:35Z,166,6,5,29,4,0,1,1,1,1785461787
2026-07-31T01:36:35Z,167,12,7,10,1,0,1,1,1,1785461243
2026-07-31T01:36:35Z,168,3,0,23,1,0,1,1,1,1785461591
2026-07-31T01:36:35Z,169,9,2,12,1,1,1,1,1,1785461744
2026-07-31T01:36:35Z,170,3,3,15,1,0,1,1,1,1785461626
2026-07-31T01:36:35Z,171,7,0,4,2,0,1,1,1,1785461567
2026-07-31T01:36:35Z,173,27,5,12,0,0,1,1,1,1785461744
2026-07-31T01:36:35Z,174,12,1,11,3,0,1,1,1,1785461696
2026-07-31T01:36:35Z,175,26,1,5,0,0,1,1,1,1785461787
2026-07-31T01:36:35Z,176,8,2,4,2,1,1,1,1,1785461789
2026-07-31T01:36:35Z,177,15,11,12,0,0,1,1,1,1785461774
2026-07-31T01:36:35Z,178,8,1,4,2,1,1,1,1,1785461788
2026-07-31T01:36:35Z,179,4,4,10,1,0,1,1,1,1785461494
2026-07-31T01:36:35Z,180,26,2,4,0,0,1,1,1,1785461535
2026-07-31T01:36:35Z,181,0,0,14,1,0,1,1,1,1785461236
2026-07-31T01:36:35Z,182,2,2,15,0,0,1,1,1,1785461445
2026-07-31T01:36:35Z,183,8,3,15,0,0,1,1,1,1785461374
2026-07-31T01:36:35Z,184,9,1,13,1,0,1,1,1,1785461782
2026-07-31T01:36:35Z,185,7,1,6,1,1,1,1,1,1785461487
2026-07-31T01:36:35Z,186,3,1,16,0,0,1,1,1,1785461367
2026-07-31T01:36:35Z,187,8,0,18,2,0,1,1,1,1785461464
2026-07-31T01:36:35Z,188,17,0,2,7,1,1,1,1,1785461771
2026-07-31T01:36:35Z,189,3,0,12,0,0,1,1,1,1785461683
2026-07-31T01:36:35Z,190,6,3,16,1,0,1,1,1,1785461750
2026-07-31T01:36:35Z,191,1,0,38,0,0,1,1,1,1785461753
2026-07-31T01:36:35Z,192,8,4,21,2,0,1,1,1,1785461671
2026-07-31T01:36:35Z,193,1,1,13,1,0,1,1,1,1785461563
2026-07-31T01:36:35Z,194,0,0,26,1,0,1,1,1,1785461315
2026-07-31T01:36:35Z,195,3,2,15,1,0,1,1,1,1785461718
2026-07-31T01:36:35Z,196,13,7,11,3,0,1,1,1,1785461382
2026-07-31T01:36:35Z,197,6,2,12,0,1,1,1,1,1785461446
2026-07-31T01:36:35Z,198,18,17,5,0,0,1,1,1,1785461674
2026-07-31T01:36:35Z,199,8,7,4,3,0,1,1,1,1785461628
2026-07-31T01:36:35Z,200,7,3,19,0,0,1,1,1,1785461273
2026-07-31T01:36:35Z,201,0,0,22,1,0,1,1,1,1785461669
2026-07-31T01:36:35Z,202,15,1,12,0,0,1,1,1,1785461202
2026-07-31T01:36:35Z,203,5,0,25,1,0,1,1,1,1785461780
2026-07-31T01:36:35Z,204,13,0,19,3,0,1,1,1,1785461742
2026-07-31T01:36:35Z,205,4,0,23,0,0,1,1,1,1785461613
2026-07-31T01:36:35Z,206,4,4,11,0,0,1,1,1,1785461683
2026-07-31T01:36:35Z,207,16,1,5,0,0,1,1,1,1785461442
2026-07-31T01:36:35Z,208,5,1,23,1,0,1,1,1,1785461328
2026-07-31T01:36:35Z,209,2,1,27,2,0,1,1,1,1785461775
2026-07-31T01:36:35Z,210,5,0,22,0,0,1,1,1,1785461760
2026-07-31T01:36:35Z,211,1,1,21,1,0,1,1,1,1785461756
2026-07-31T01:36:35Z,212,22,1,12,1,0,1,1,1,1785461759
2026-07-31T01:36:35Z,213,14,1,8,1,0,1,1,1,1785461760
2026-07-31T01:36:35Z,214,9,5,30,8,0,1,1,1,1785461780
2026-07-31T01:36:35Z,215,2,2,21,0,0,1,1,1,1785461637
2026-07-31T01:36:35Z,216,2,1,16,1,0,1,1,1,1785461044
2026-07-31T01:36:35Z,217,23,0,5,1,0,1,1,1,1785461772
2026-07-31T01:36:35Z,218,18,9,17,4,0,1,1,1,1785461783
2026-07-31T01:36:35Z,219,4,0,21,1,0,1,1,1,1785461374
2026-07-31T01:36:35Z,220,3,3,37,2,1,1,1,1,1785461593
2026-07-31T01:36:35Z,221,7,7,7,1,0,1,1,1,1785461436
2026-07-31T01:36:35Z,222,16,14,2,1,0,1,1,1,1785461585
2026-07-31T01:36:35Z,223,2,0,31,2,0,1,1,1,1785461566
2026-07-31T01:36:35Z,224,15,15,7,0,0,1,1,1,1785461711
2026-07-31T01:36:35Z,225,10,1,3,6,0,1,1,1,1785460875
2026-07-31T01:36:35Z,226,10,8,21,0,0,1,1,1,1785461693
2026-07-31T01:36:35Z,227,15,13,11,0,1,1,1,1,1785461624
2026-07-31T01:36:35Z,228,8,5,10,1,0,1,1,1,1785461527
2026-07-31T01:36:35Z,230,21,5,5,0,0,1,1,1,1785461194
2026-07-31T01:36:35Z,232,3,3,13,1,0,1,1,1,1785461578
2026-07-31T01:36:35Z,233,16,6,14,1,0,1,1,1,1785461331
2026-07-31T01:36:35Z,234,6,3,8,4,1,1,1,1,1785461461
2026-07-31T01:36:35Z,236,0,0,18,1,0,1,1,1,1785461259
2026-07-31T01:36:35Z,237,10,1,12,1,0,1,1,1,1785461470
2026-07-31T01:36:35Z,239,18,18,7,2,0,1,1,1,1785461561
2026-07-31T01:36:35Z,241,4,4,18,1,0,1,1,1,1785461668
2026-07-31T01:36:35Z,242,4,3,18,1,0,1,1,1,1785461787
2026-07-31T01:36:35Z,243,6,1,23,2,0,1,1,1,1785461755
2026-07-31T01:36:35Z,244,0,0,26,1,0,1,1,1,1785460475
2026-07-31T01:36:35Z,245,10,10,12,1,0,1,1,1,1785460856
2026-07-31T01:36:35Z,246,2,1,21,0,0,1,1,1,1785461153
2026-07-31T01:36:35Z,247,13,9,10,0,0,1,1,1,1785461486
2026-07-31T01:36:35Z,248,1,1,19,3,0,1,1,1,1785460885
2026-07-31T01:36:35Z,249,8,5,11,0,0,1,1,1,1785461726
2026-07-31T01:36:35Z,250,1,1,25,1,0,1,1,1,1785461539
2026-07-31T01:36:35Z,251,9,8,15,3,0,1,1,1,1785461748
2026-07-31T01:36:35Z,253,2,2,16,1,0,1,1,1,1785461444
2026-07-31T01:36:35Z,254,13,13,29,1,0,1,1,1,1785461115
2026-07-31T01:36:35Z,255,2,0,20,0,1,1,1,1,1785461731
2026-07-31T01:36:35Z,256,9,7,13,1,0,1,1,1,1785461584
2026-07-31T01:36:35Z,257,6,1,12,1,0,1,1,1,1785461674
2026-07-31T01:36:35Z,258,3,3,16,0,0,1,1,1,1785461776
2026-07-31T01:36:35Z,259,13,1,9,0,1,1,1,1,1785460540
2026-07-31T01:36:35Z,260,9,1,8,2,0,1,1,1,1785461700
2026-07-31T01:36:35Z,261,9,0,8,1,1,1,1,1,1785461489
2026-07-31T01:36:35Z,262,16,5,7,0,0,1,1,1,1785461363
2026-07-31T01:36:35Z,263,12,1,3,0,0,1,1,1,1785461100
2026-07-31T01:36:35Z,264,10,1,8,1,0,1,1,1,1785461309
2026-07-31T01:36:35Z,265,15,1,0,0,0,1,1,1,1785461773
2026-07-31T01:36:35Z,266,10,5,7,2,0,1,1,1,1785461642
2026-07-31T01:36:35Z,267,4,0,9,2,0,1,1,1,1785456188
2026-07-31T01:36:35Z,268,21,7,2,0,0,1,1,1,1785461197
2026-07-31T01:36:35Z,269,7,0,16,0,0,1,1,1,1785460232
2026-07-31T01:36:35Z,270,7,1,19,1,0,1,1,1,1785461761
2026-07-31T01:36:35Z,271,4,0,13,2,0,1,1,1,1785461469
2026-07-31T01:36:35Z,272,14,8,9,0,0,1,1,1,1785461713
2026-07-31T01:36:35Z,273,14,5,1,0,0,1,1,1,1785461781
2026-07-31T01:36:35Z,274,11,6,7,1,0,1,1,1,1785461262
2026-07-31T01:36:35Z,275,7,1,16,0,0,1,1,1,1785461472
2026-07-31T01:36:35Z,276,1,1,25,1,0,1,1,1,1785461538
2026-07-31T01:36:35Z,277,0,0,19,4,0,1,1,1,1785461014
2026-07-31T01:36:35Z,278,5,2,23,2,1,1,1,1,1785461535
2026-07-31T01:36:35Z,279,1,1,18,0,0,1,1,1,1785461684
2026-07-31T01:36:35Z,280,0,0,29,2,0,1,1,1,1785461707
2026-07-31T01:36:35Z,281,17,1,2,0,0,1,1,1,1785460815
2026-07-31T01:36:35Z,282,3,2,14,1,0,1,1,1,1785460217
2026-07-31T01:36:35Z,283,16,0,19,0,0,1,1,1,1785461707
2026-07-31T01:36:35Z,284,18,1,14,3,0,1,1,1,1785460736
2026-07-31T01:36:35Z,285,3,1,20,0,0,1,1,1,1785460960
2026-07-31T01:36:35Z,286,16,12,5,2,0,1,1,1,1785461393
2026-07-31T01:36:35Z,287,10,0,11,2,0,1,1,1,1785461683
2026-07-31T01:36:35Z,288,9,8,10,0,0,1,1,1,1785460840
2026-07-31T01:36:35Z,289,4,4,21,2,0,1,1,1,1785461736
2026-07-31T01:36:35Z,290,3,0,29,7,0,1,1,1,1785461675
2026-07-31T01:36:35Z,291,4,1,18,1,0,1,1,1,1785461782
2026-07-31T01:36:35Z,292,1,0,22,0,0,1,1,1,1785461601
2026-07-31T01:36:35Z,293,9,5,12,2,0,1,1,1,1785461540
2026-07-31T01:36:35Z,294,3,3,15,4,0,1,1,1,1785461753
2026-07-31T01:36:35Z,297,14,3,3,1,1,1,1,1,1785461349
2026-07-31T01:36:35Z,301,11,0,7,1,0,1,1,1,1785461496
2026-07-31T01:36:35Z,302,14,0,9,0,0,1,1,1,1785461703
2026-07-31T01:36:35Z,303,6,0,13,0,0,1,1,1,1785461688
2026-07-31T01:36:35Z,304,0,0,0,0,0,0,1,1,86400
2026-07-31T01:36:35Z,305,17,0,2,0,0,1,1,1,1785461387
2026-07-31T01:36:35Z,306,5,1,27,0,0,1,1,1,1785461789
2026-07-31T01:36:35Z,307,15,2,7,1,0,1,1,1,1785461786
2026-07-31T01:36:35Z,308,8,0,9,2,0,1,1,1,1785461555
2026-07-31T01:36:35Z,309,0,0,13,1,0,1,1,1,1785460813
2026-07-31T01:36:35Z,311,14,0,1,0,0,1,1,1,1785461133
2026-07-31T01:36:35Z,312,0,0,19,3,1,1,1,1,1785461625
2026-07-31T01:36:35Z,313,10,1,5,0,0,1,1,1,1785460471
2026-07-31T01:36:35Z,314,2,2,13,3,0,1,1,1,1785461262
2026-07-31T01:36:35Z,315,14,11,14,3,0,1,1,1,1785461576
2026-07-31T01:36:35Z,316,19,4,6,5,1,1,1,1,1785461513
2026-07-31T01:36:35Z,317,0,0,29,1,1,1,1,1,1785461688
2026-07-31T01:36:35Z,318,13,0,6,0,0,1,1,1,1785461653
2026-07-31T01:36:35Z,319,1,0,21,1,0,1,1,1,1785461777
2026-07-31T01:36:35Z,320,1,0,17,1,0,1,1,1,1785460977
2026-07-31T01:36:35Z,321,8,0,9,2,0,1,1,1,1785461353
2026-07-31T01:36:35Z,322,6,0,21,2,0,1,1,1,1785461615
2026-07-31T01:36:35Z,323,12,0,7,0,0,1,1,1,1785461602
2026-07-31T01:36:35Z,324,0,0,25,2,0,1,1,1,1785461783
2026-07-31T01:36:35Z,325,2,1,23,2,0,1,1,1,1785461336
2026-07-31T01:36:35Z,327,22,3,5,0,0,1,1,1,1785461790
2026-07-31T01:36:35Z,328,4,0,17,1,0,1,1,1,1785461781
2026-07-31T01:36:35Z,329,9,1,10,0,0,1,1,1,1785461649
2026-07-31T01:36:35Z,330,2,0,20,0,0,1,1,1,1785461717
2026-07-31T01:36:35Z,331,17,1,4,2,0,1,1,1,1785461650
2026-07-31T01:36:35Z,332,4,0,14,1,0,1,1,1,1785461743
2026-07-31T01:36:35Z,333,10,4,12,1,0,1,1,1,1785461514
2026-07-31T01:36:35Z,334,7,2,16,0,0,1,1,1,1785461459
2026-07-31T01:36:35Z,335,0,0,22,0,1,1,1,1,1785459614
2026-07-31T01:36:35Z,336,6,0,12,1,0,1,1,1,1785461380
2026-07-31T01:36:35Z,337,12,0,7,4,0,1,1,1,1785461706
2026-07-31T01:36:35Z,338,13,8,6,0,0,1,1,1,1785461629
2026-07-31T01:36:35Z,339,5,3,18,0,0,1,1,1,1785461613
2026-07-31T01:36:35Z,340,7,3,7,1,0,1,1,1,1785461677
2026-07-31T01:36:35Z,341,11,2,7,1,0,1,1,1,1785461681
2026-07-31T01:36:35Z,342,8,5,7,0,0,1,1,1,1785461643
2026-07-31T01:36:35Z,343,5,2,17,1,0,1,1,1,1785461674
2026-07-31T01:36:35Z,344,19,5,4,0,0,1,1,1,1785461558
2026-07-31T01:36:35Z,345,17,3,2,0,0,1,1,1,1785461702
2026-07-31T01:36:35Z,346,7,5,16,0,0,1,1,1,1785460261
2026-07-31T01:36:35Z,347,11,4,31,2,0,1,1,1,1785461786
2026-07-31T01:36:35Z,348,14,0,7,1,1,1,1,1,1785461647
2026-07-31T01:36:35Z,349,7,2,10,2,0,1,1,1,1785460722
2026-07-31T01:36:35Z,350,13,1,12,1,1,1,1,1,1785460975
2026-07-31T01:36:35Z,351,6,2,12,5,0,1,1,1,1785461787
2026-07-31T01:36:35Z,355,3,0,20,0,0,1,1,1,1785461557
2026-07-31T01:36:35Z,356,10,1,9,0,0,1,1,1,1785461130
2026-07-31T01:36:35Z,357,0,0,19,0,0,1,1,1,1785461771
2026-07-31T01:36:35Z,358,10,2,17,0,0,1,1,1,1785460907
2026-07-31T01:36:35Z,359,3,0,24,0,0,1,1,1,1785461364
2026-07-31T01:36:35Z,360,11,4,8,0,0,1,1,1,1785461502
2026-07-31T01:36:35Z,362,9,6,9,1,0,1,1,1,1785461013
2026-07-31T01:36:35Z,363,15,0,12,0,0,1,1,1,1785460563
2026-07-31T01:36:35Z,364,11,2,7,1,0,1,1,1,1785461695
2026-07-31T01:36:35Z,365,0,0,16,7,0,1,1,1,1785461678
2026-07-31T01:36:35Z,366,5,2,12,6,0,1,1,1,1785461753
2026-07-31T01:36:35Z,367,15,8,2,2,0,1,1,1,1785460346
2026-07-31T01:36:35Z,368,14,4,8,1,0,1,1,1,1785461332
2026-07-31T01:36:35Z,370,4,3,22,1,0,1,1,1,1785461560
2026-07-31T01:36:35Z,371,8,6,10,1,0,1,1,1,1785461636
2026-07-31T01:36:35Z,372,5,1,10,0,0,1,1,1,1785460576
2026-07-31T01:36:35Z,373,13,6,14,0,0,1,1,1,1785461768
2026-07-31T01:36:35Z,374,3,0,14,2,0,1,1,1,1785461788
2026-07-31T01:36:35Z,375,14,1,10,3,0,1,1,1,1785461619
2026-07-31T01:36:35Z,376,19,2,18,2,0,1,1,1,1785461705
2026-07-31T01:36:35Z,377,4,1,22,1,0,1,1,1,1785461608
2026-07-31T01:36:35Z,378,12,2,10,1,1,1,1,1,1785461697
2026-07-31T01:36:35Z,379,7,0,20,0,0,1,1,1,1785461404
2026-07-31T01:36:35Z,380,7,1,16,0,0,1,1,1,1785461196
2026-07-31T01:36:35Z,381,4,0,18,1,0,1,1,1,1785461734
2026-07-31T01:36:35Z,383,8,1,6,1,0,1,1,1,1785461634
2026-07-31T01:36:35Z,384,25,1,1,1,0,1,1,1,1785461571
2026-07-31T01:36:35Z,385,1,1,15,2,0,1,1,1,1785461544
2026-07-31T01:36:35Z,387,2,0,21,0,0,1,1,1,1785460975
2026-07-31T01:36:35Z,388,8,1,40,1,0,1,1,1,1785461783
2026-07-31T01:36:35Z,389,6,5,9,0,0,1,1,1,1785461609
2026-07-31T01:36:35Z,390,32,4,3,0,0,1,1,1,1785461636
2026-07-31T01:36:35Z,391,4,0,11,0,0,1,1,1,1785459616
2026-07-31T01:36:35Z,392,2,2,16,1,0,1,1,1,1785461549
2026-07-31T01:36:35Z,393,1,1,8,2,0,1,1,1,1785459662
2026-07-31T01:36:35Z,394,2,1,9,2,0,1,1,1,1785461413
2026-07-31T01:36:35Z,396,12,12,26,4,0,1,1,1,1785461154
2026-07-31T01:36:35Z,397,4,3,27,0,0,1,1,1,1785461634
2026-07-31T01:36:35Z,399,6,1,9,2,0,1,1,1,1785460751
2026-07-31T01:36:35Z,400,10,6,11,2,0,1,1,1,1785461330
2026-07-31T01:36:35Z,401,2,2,29,8,0,1,1,1,1785460797
2026-07-31T01:36:35Z,403,10,4,19,2,0,1,1,1,1785461711
2026-07-31T01:36:35Z,404,3,1,19,1,0,1,1,1,1785460641
2026-07-31T01:36:35Z,406,32,1,2,1,0,1,1,1,1785460316
2026-07-31T01:36:35Z,407,11,1,22,1,0,1,1,1,1785461776
2026-07-31T01:36:35Z,408,0,0,33,0,0,1,1,1,1785461202
2026-07-31T01:36:35Z,409,19,2,1,3,0,1,1,1,1785461098
2026-07-31T01:36:35Z,413,12,2,10,1,0,1,1,1,1785461513
2026-07-31T01:36:35Z,414,13,2,2,0,0,1,1,1,1785461718
2026-07-31T01:36:35Z,417,7,5,12,0,0,1,1,1,1785461229
2026-07-31T01:36:35Z,418,0,0,14,1,0,1,1,1,1785461078
2026-07-31T01:36:35Z,419,11,0,11,1,0,1,1,1,1785461330
2026-07-31T01:36:35Z,421,17,1,2,0,0,1,1,1,1785461138
2026-07-31T01:36:35Z,422,0,0,26,1,0,1,1,1,1785460860
2026-07-31T01:36:35Z,423,5,0,17,1,0,1,1,1,1785461660
2026-07-31T01:36:35Z,424,0,0,13,2,0,1,1,1,1785461413
2026-07-31T01:36:35Z,425,1,1,20,0,1,1,1,1,1785461572
2026-07-31T01:36:35Z,426,0,0,34,3,0,1,1,1,1785460470
2026-07-31T01:36:35Z,427,3,0,11,1,0,1,1,1,1785461789
2026-07-31T01:36:35Z,428,8,2,10,1,0,1,1,1,1785461499
2026-07-31T01:36:35Z,429,2,2,19,2,0,1,1,1,1785461665
2026-07-31T01:36:35Z,430,14,1,16,1,0,1,1,1,1785461765
2026-07-31T01:36:35Z,431,14,1,18,1,0,1,1,1,1785461677
2026-07-31T01:36:35Z,432,17,1,12,2,0,1,1,1,1785461721
2026-07-31T01:36:35Z,433,7,4,14,2,0,1,1,1,1785460941
2026-07-31T01:36:35Z,437,2,2,15,2,0,1,1,1,1785461713
2026-07-31T01:36:35Z,438,3,0,15,1,0,1,1,1,1785461525
2026-07-31T01:36:35Z,439,2,1,13,0,0,1,1,1,1785461370
2026-07-31T01:36:35Z,440,3,1,10,2,0,1,1,1,1785461672
2026-07-31T01:36:35Z,441,5,0,10,0,0,1,1,1,1785461409
2026-07-31T01:36:35Z,442,9,4,9,1,0,1,1,1,1785461773
2026-07-31T01:36:35Z,443,3,0,24,0,0,1,1,1,1785456698
2026-07-31T01:36:35Z,444,2,1,21,0,0,1,1,1,1785455134
2026-07-31T01:36:35Z,445,7,2,15,1,0,1,1,1,1785461748
2026-07-31T01:36:35Z,446,2,2,20,1,0,1,1,1,1785457589
2026-07-31T01:36:35Z,447,1,0,20,1,1,1,1,1,1785441257
2026-07-31T01:36:35Z,448,9,3,4,1,1,1,1,1,1785461721
2026-07-31T01:36:35Z,452,4,2,13,2,0,1,1,1,1785461411
2026-07-31T01:36:35Z,453,2,0,12,1,0,1,1,1,1785461669
2026-07-31T01:36:35Z,454,3,0,16,0,0,1,1,1,1785461704
2026-07-31T01:36:35Z,455,0,0,39,0,0,1,1,1,1785460394
2026-07-31T01:36:35Z,456,13,6,6,1,0,1,1,1,1785461652
2026-07-31T01:36:35Z,457,11,0,14,2,0,1,1,1,1785461456
2026-07-31T01:36:35Z,458,7,1,15,1,0,1,1,1,1785461787
2026-07-31T01:36:35Z,459,11,0,4,0,0,1,1,1,1785458362
2026-07-31T01:36:35Z,460,10,0,12,1,0,1,1,1,1785461664
2026-07-31T01:36:35Z,461,2,0,16,2,0,1,1,1,1785461769
2026-07-31T01:36:35Z,462,7,1,14,0,0,1,1,1,1785461779
2026-07-31T01:36:35Z,463,10,1,9,0,0,1,1,1,1785460840
2026-07-31T01:36:35Z,464,2,1,12,0,0,1,1,1,1785461120
2026-07-31T01:36:35Z,465,2,1,13,0,0,1,1,1,1785459861
2026-07-31T01:36:35Z,466,11,3,3,1,0,1,1,1,1785461194
2026-07-31T01:36:35Z,467,0,0,19,0,0,1,1,1,1785461506
2026-07-31T01:36:35Z,468,14,0,4,1,0,1,1,1,1785459528
2026-07-31T01:36:35Z,469,1,0,21,1,0,1,1,1,1785459683
2026-07-31T01:36:35Z,470,5,0,9,1,0,1,1,1,1785461771
2026-07-31T01:36:35Z,471,20,4,7,0,0,1,1,1,1785460217
2026-07-31T01:36:35Z,472,6,3,12,1,0,1,1,1,1785461488
2026-07-31T01:36:35Z,473,4,1,13,2,0,1,1,1,1785461336
2026-07-31T01:36:35Z,474,15,0,3,1,0,1,1,1,1785461436
2026-07-31T01:36:35Z,475,1,1,18,0,0,1,1,1,1785461278
2026-07-31T01:36:35Z,477,6,5,9,0,0,1,1,1,1785461789
2026-07-31T01:36:35Z,478,18,4,13,0,0,1,1,1,1785461670
2026-07-31T01:36:35Z,479,9,1,17,1,0,1,1,1,1785461777
2026-07-31T01:36:35Z,480,4,1,8,3,0,1,1,1,1785461580
2026-07-31T01:36:35Z,481,16,0,18,1,0,1,1,1,1785461788
2026-07-31T01:36:35Z,482,5,0,13,1,0,1,1,1,1785461122
2026-07-31T01:36:35Z,483,21,1,2,4,0,1,1,1,1785461769
2026-07-31T01:36:35Z,484,3,0,15,1,0,1,1,1,1785461610
2026-07-31T01:36:35Z,485,12,6,5,1,1,1,1,1,1785461536
2026-07-31T01:36:35Z,486,4,0,21,2,0,1,1,1,1785461770
2026-07-31T01:36:35Z,487,1,0,17,1,0,1,1,1,1785460561
2026-07-31T01:36:35Z,489,8,4,7,0,0,1,1,1,1785461765
2026-07-31T01:36:35Z,490,5,2,11,0,0,1,1,1,1785461427
2026-07-31T01:36:35Z,491,16,2,5,0,0,1,1,1,1785460667
2026-07-31T01:36:35Z,492,4,3,4,3,0,1,1,1,1785461789
2026-07-31T01:36:35Z,493,0,0,25,2,0,1,1,1,1785459725
2026-07-31T01:36:35Z,495,10,1,4,1,0,1,1,1,1785461274
2026-07-31T01:36:35Z,496,21,2,6,0,0,1,1,1,1785461607
2026-07-31T01:36:35Z,497,3,1,15,1,0,1,1,1,1785461624
2026-07-31T01:36:35Z,498,5,4,18,0,0,1,1,1,1785461684
2026-07-31T01:36:35Z,499,8,2,11,0,0,1,1,1,1785460598
2026-07-31T01:36:35Z,500,8,3,1,6,0,1,1,1,1785461712
2026-07-31T01:36:35Z,501,3,2,17,1,0,1,1,1,1785461228
2026-07-31T01:36:35Z,502,3,0,16,0,0,1,1,1,1785460816
2026-07-31T01:36:35Z,503,22,0,7,2,0,1,1,1,1785461574
2026-07-31T01:36:35Z,504,1,0,37,1,0,1,1,1,1785461748
2026-07-31T01:36:35Z,505,2,2,9,1,0,1,1,1,1785460098
2026-07-31T01:36:35Z,511,1,0,22,0,0,1,1,1,1785461152
2026-07-31T01:36:35Z,512,1,0,26,0,0,1,1,1,1785461029
2026-07-31T01:36:35Z,514,9,1,0,2,0,1,1,1,1785461392
2026-07-31T01:36:35Z,515,4,0,15,0,0,1,1,1,1785461097
2026-07-31T01:36:35Z,516,1,0,26,0,0,1,1,1,1785461357
2026-07-31T01:36:35Z,517,6,0,16,1,0,1,1,1,1785461312
2026-07-31T01:36:35Z,518,11,2,3,1,0,1,1,1,1785461496
2026-07-31T01:36:35Z,519,4,3,15,0,0,1,1,1,1785461549
2026-07-31T01:36:35Z,520,10,5,12,4,1,1,1,1,1785461785
2026-07-31T01:36:35Z,521,4,3,19,0,0,1,1,1,1785460164
2026-07-31T01:36:35Z,522,23,1,0,0,0,1,1,1,1785461564
2026-07-31T01:36:35Z,523,1,0,19,3,0,1,1,1,1785461578
2026-07-31T01:36:35Z,524,22,0,1,0,0,1,1,1,1785461718
2026-07-31T01:36:35Z,525,19,0,0,0,0,1,1,1,1785461586
2026-07-31T01:36:35Z,526,11,2,3,1,0,1,1,1,1785460493
2026-07-31T01:36:35Z,527,1,1,22,3,0,1,1,1,1785461582
2026-07-31T01:36:35Z,528,17,0,6,0,0,1,1,1,1785461537
2026-07-31T01:36:35Z,529,6,4,8,5,0,1,1,1,1785461788
2026-07-31T01:36:35Z,530,6,0,14,1,0,1,1,1,1785461401
2026-07-31T01:36:35Z,531,10,0,11,1,1,1,1,1,1785461593
2026-07-31T01:36:35Z,532,5,3,24,1,1,1,1,1,1785457478
2026-07-31T01:36:35Z,533,10,1,8,1,0,1,1,1,1785461571
2026-07-31T01:36:35Z,534,3,3,20,0,0,1,1,1,1785461787
2026-07-31T01:36:35Z,535,2,1,12,1,0,1,1,1,1785461535
2026-07-31T01:36:35Z,536,7,0,16,0,0,1,1,1,1785461718
2026-07-31T01:36:35Z,537,11,5,9,0,0,1,1,1,1785461758
2026-07-31T01:36:35Z,538,6,1,15,0,2,1,1,1,1785461708
2026-07-31T01:36:35Z,539,2,2,29,0,0,1,1,1,1785461556
2026-07-31T01:36:35Z,540,3,3,16,0,0,1,1,1,1785461243
2026-07-31T01:36:35Z,541,16,2,11,0,0,1,1,1,1785461050
2026-07-31T01:36:35Z,542,0,0,22,1,0,1,1,1,1785461238
2026-07-31T01:36:35Z,543,0,0,19,0,0,1,1,1,1785461653
2026-07-31T01:36:35Z,544,4,1,14,4,0,1,1,1,1785461711
2026-07-31T01:36:35Z,545,7,2,8,4,0,1,1,1,1785461732
2026-07-31T01:36:35Z,546,15,3,4,0,0,1,1,1,1785461642
2026-07-31T01:36:35Z,547,9,1,16,0,0,1,1,1,1785461786
2026-07-31T01:36:35Z,548,6,0,17,0,0,1,1,1,1785461757
2026-07-31T01:36:35Z,549,18,1,5,0,0,1,1,1,1785461787
2026-07-31T01:36:35Z,550,0,0,19,0,0,1,1,1,1785460812
2026-07-31T01:36:35Z,551,14,4,9,0,0,1,1,1,1785460771
2026-07-31T01:36:35Z,552,20,1,7,0,0,1,1,1,1785461216
2026-07-31T01:36:35Z,553,5,3,17,0,1,1,1,1,1785461776
2026-07-31T01:36:35Z,554,0,0,19,0,0,1,1,1,1785461514
2026-07-31T01:36:35Z,555,11,6,3,1,0,1,1,1,1785461239
2026-07-31T01:36:35Z,556,8,4,14,1,0,1,1,1,1785461705
2026-07-31T01:36:35Z,557,2,1,15,6,0,1,1,1,1785460203
2026-07-31T01:36:35Z,558,7,6,29,1,0,1,1,1,1785461769
2026-07-31T01:36:35Z,559,0,0,18,1,0,1,1,1,1785457401
2026-07-31T01:36:35Z,560,0,0,27,0,0,1,1,1,1785461304
2026-07-31T01:36:35Z,561,18,0,3,2,0,1,1,1,1785461783
2026-07-31T01:36:35Z,562,29,1,2,4,0,1,1,1,1785461684
2026-07-31T01:36:35Z,563,7,0,7,0,0,1,1,1,1785461072
2026-07-31T01:36:35Z,564,5,1,13,1,0,1,1,1,1785461541
2026-07-31T01:36:35Z,565,10,2,9,0,0,1,1,1,1785461592
2026-07-31T01:36:35Z,566,3,0,15,1,0,1,1,1,1785461768
2026-07-31T01:36:35Z,567,20,1,6,1,0,1,1,1,1785461789
2026-07-31T01:36:35Z,568,9,1,8,2,0,1,1,1,1785461122
2026-07-31T01:36:35Z,569,10,0,9,0,0,1,1,1,1785461755
2026-07-31T01:36:35Z,570,8,2,11,0,0,1,1,1,1785461685
2026-07-31T01:36:35Z,571,14,0,8,1,0,1,1,1,1785461263
2026-07-31T01:36:35Z,572,9,3,9,1,0,1,1,1,1785461776
2026-07-31T01:36:35Z,573,15,0,0,0,0,1,1,1,1785460519
2026-07-31T01:36:35Z,574,8,2,7,0,0,1,1,1,1785461770
2026-07-31T01:36:35Z,575,10,0,10,1,0,1,1,1,1785461291
2026-07-31T01:36:35Z,576,1,0,17,1,0,1,1,1,1785461563
2026-07-31T01:36:35Z,577,24,0,7,0,0,1,1,1,1785461761
2026-07-31T01:36:35Z,578,8,3,14,1,0,1,1,1,1785461759
2026-07-31T01:36:35Z,579,33,2,10,0,0,1,1,1,1785461702
2026-07-31T01:36:35Z,580,8,0,21,0,0,1,1,1,1785461549
2026-07-31T01:36:35Z,581,18,1,1,0,0,1,1,1,1785461397
2026-07-31T01:36:35Z,582,2,1,56,3,0,1,1,1,1785461506
2026-07-31T01:36:35Z,583,16,1,6,1,0,1,1,1,1785461538
2026-07-31T01:36:35Z,584,2,1,12,5,0,1,1,1,1785460734
2026-07-31T01:36:35Z,585,13,0,13,0,1,1,1,1,1785461745
2026-07-31T01:36:35Z,586,22,3,12,1,0,1,1,1,1785461516
2026-07-31T01:36:35Z,587,23,1,0,1,0,1,1,1,1785461244
2026-07-31T01:36:35Z,588,6,2,10,3,0,1,1,1,1785461733
2026-07-31T01:36:35Z,589,0,0,0,23,0,1,1,1,1785461789
2026-07-31T01:36:35Z,590,9,3,20,2,0,1,1,1,1785461786
2026-07-31T01:36:35Z,591,26,0,2,2,0,1,1,1,1785461732
2026-07-31T01:36:35Z,592,3,0,20,0,0,1,1,1,1785461775
2026-07-31T01:36:35Z,593,5,0,33,0,0,1,1,1,1785461280
2026-07-31T01:36:35Z,594,21,2,0,0,0,1,1,1,1785461380
2026-07-31T01:36:35Z,595,0,0,3,0,0,0,1,1,1784046673
2026-07-31T01:36:35Z,605,0,0,2,1,0,0,1,1,1783975843
2026-07-31T01:36:35Z,606,0,0,0,0,0,0,1,1,86400
2026-07-31T01:36:35Z,607,23,1,8,1,0,1,1,1,1785461604
2026-07-31T01:36:35Z,608,2,0,48,0,0,1,1,1,1785461599
2026-07-31T01:36:35Z,609,1,1,22,0,0,1,1,1,1785461605
2026-07-31T01:36:35Z,610,1,0,34,0,0,1,1,1,1785461775
2026-07-31T01:36:35Z,611,15,0,11,1,0,1,1,1,1785461518
2026-07-31T01:36:35Z,612,7,1,8,0,0,1,1,1,1785455780
2026-07-31T01:36:35Z,613,10,0,1,4,0,1,1,1,1785455457
2026-07-31T01:36:35Z,614,18,3,7,1,1,1,1,1,1785461518
2026-07-31T01:36:35Z,617,2,1,12,1,0,1,1,1,1785461438
2026-07-31T01:36:35Z,618,11,2,4,4,0,1,1,1,1785460040
2026-07-31T01:36:35Z,619,5,5,14,0,0,1,1,1,1785461727
2026-07-31T01:36:35Z,620,0,0,26,1,0,1,1,1,1785459814
2026-07-31T01:36:35Z,621,4,2,18,1,0,1,1,1,1785461549
2026-07-31T01:36:35Z,622,10,7,8,5,0,1,1,1,1785461099
2026-07-31T01:36:35Z,623,5,1,24,1,0,1,1,1,1785461313
2026-07-31T01:36:35Z,624,4,1,11,0,0,1,1,1,1785461567
2026-07-31T01:36:35Z,625,3,0,16,2,0,1,1,1,1785461550
2026-07-31T01:36:35Z,626,2,0,42,1,2,1,1,1,1785461713
2026-07-31T01:36:35Z,627,14,6,5,0,0,1,1,1,1785458008
2026-07-31T01:36:35Z,628,1,0,15,2,1,1,1,1,1785461621
2026-07-31T01:36:35Z,629,4,1,5,2,0,1,1,1,1785461742
2026-07-31T01:36:35Z,630,3,2,21,3,0,1,1,1,1785461524
2026-07-31T01:36:35Z,631,1,1,22,0,0,1,1,1,1785461151
2026-07-31T01:36:35Z,632,22,2,0,1,0,1,1,1,1785458363
2026-07-31T01:36:35Z,633,11,1,0,4,0,1,1,1,1785461722
2026-07-31T01:36:35Z,634,9,1,9,1,0,1,1,1,1785461298
2026-07-31T01:36:35Z,635,13,1,5,1,0,1,1,1,1785461600
2026-07-31T01:36:35Z,636,8,1,6,1,0,1,1,1,1785460102
2026-07-31T01:36:35Z,637,10,1,9,0,0,1,1,1,1785460625
2026-07-31T01:36:35Z,638,8,2,8,3,0,1,1,1,1785461217
2026-07-31T01:36:35Z,639,4,1,13,2,0,1,1,1,1785455668
2026-07-31T01:36:35Z,640,2,2,20,1,0,1,1,1,1785461532
2026-07-31T01:36:35Z,641,2,1,23,1,0,1,1,1,1785461673
2026-07-31T01:36:35Z,642,2,2,9,8,0,1,1,1,1785461785
2026-07-31T01:36:35Z,643,15,1,5,7,0,1,1,1,1785461500
2026-07-31T01:36:35Z,644,9,0,5,1,0,1,1,1,1785460308
2026-07-31T01:36:35Z,645,8,0,14,0,1,1,1,1,1785461756
2026-07-31T01:36:35Z,646,1,1,18,0,0,1,1,1,1785461193
2026-07-31T01:36:35Z,647,22,0,9,0,0,1,1,1,1785461605
2026-07-31T01:36:35Z,648,6,3,11,1,1,1,1,1,1785461487
2026-07-31T01:36:35Z,649,26,2,4,1,0,1,1,1,1785460805
2026-07-31T01:36:35Z,650,5,1,9,0,0,1,1,1,1785461548
2026-07-31T01:36:35Z,651,3,2,20,0,0,1,1,1,1785461539
2026-07-31T01:36:35Z,652,0,0,21,2,0,1,1,1,1785461518
2026-07-31T01:36:35Z,653,2,1,16,1,0,1,1,1,1785461741
2026-07-31T01:36:35Z,654,1,1,14,0,0,1,1,1,1785461395
2026-07-31T01:36:35Z,655,6,3,2,4,1,1,1,1,1785461602
2026-07-31T01:36:35Z,656,12,6,7,0,0,1,1,1,1785461405
2026-07-31T01:36:35Z,657,11,5,1,2,3,1,1,1,1785461566
2026-07-31T01:36:35Z,658,8,0,2,0,0,1,1,1,1785460467
2026-07-31T01:36:35Z,659,8,3,6,1,0,1,1,1,1785457539
2026-07-31T01:36:35Z,660,3,2,25,3,0,1,1,1,1785461693
2026-07-31T01:36:35Z,661,3,2,16,0,0,1,1,1,1785460701
2026-07-31T01:36:35Z,662,6,3,13,4,0,1,1,1,1785460993
2026-07-31T01:36:35Z,663,5,2,9,1,0,1,1,1,1785461569
2026-07-31T01:36:35Z,664,1,0,25,1,0,1,1,1,1785461480
2026-07-31T01:36:35Z,665,9,1,6,0,0,1,1,1,1785461303
2026-07-31T01:36:35Z,666,6,4,7,2,0,1,1,1,1785457342
2026-07-31T01:36:35Z,667,19,6,0,0,0,1,1,1,1785461581
2026-07-31T01:36:35Z,668,14,1,3,2,0,1,1,1,1785461220
2026-07-31T01:36:35Z,669,9,3,5,0,0,1,1,1,1785461112
2026-07-31T01:36:35Z,670,4,3,23,0,0,1,1,1,1785459775
2026-07-31T01:36:35Z,671,12,1,14,1,0,1,1,1,1785461574
2026-07-31T01:36:35Z,672,5,2,14,3,1,1,1,1,1785461087
2026-07-31T01:36:35Z,673,3,0,20,0,0,1,1,1,1785461323
2026-07-31T01:36:35Z,674,0,0,20,3,0,1,1,1,1785461765
2026-07-31T01:36:35Z,675,7,4,6,2,0,1,1,1,1785461709
2026-07-31T01:36:35Z,676,11,1,11,0,0,1,1,1,1785461487
2026-07-31T01:36:35Z,681,1,1,9,5,0,1,1,1,1785461604
2026-07-31T01:36:35Z,682,4,1,14,1,0,1,1,1,1785387864
2026-07-31T01:36:35Z,683,5,1,14,0,0,1,1,1,1785461428
2026-07-31T01:36:35Z,684,2,0,25,0,0,1,1,1,1785456431
2026-07-31T01:36:35Z,685,6,0,19,1,1,1,1,1,1785461617
2026-07-31T01:36:35Z,686,11,0,14,1,1,1,1,1,1785461631
2026-07-31T01:36:35Z,687,11,0,18,1,1,1,1,1,1785461517
2026-07-31T01:36:35Z,688,8,1,4,7,0,1,1,1,1785461555
2026-07-31T01:36:35Z,692,0,0,21,0,0,1,1,1,1785460379
2026-07-31T01:36:35Z,693,7,0,1,3,0,1,1,1,1785460019
2026-07-31T01:36:35Z,694,8,5,12,1,0,1,1,1,1785461512
2026-07-31T01:36:35Z,695,6,3,16,1,0,1,1,1,1785461606
2026-07-31T01:36:35Z,696,20,13,3,0,0,1,1,1,1785461785
2026-07-31T01:36:35Z,697,23,0,0,0,0,1,1,1,1785461755
2026-07-31T01:36:35Z,698,4,0,23,0,0,1,1,1,1785461683
2026-07-31T01:36:35Z,699,7,0,7,1,0,1,1,1,1785461328
2026-07-31T01:36:35Z,700,14,4,4,1,0,1,1,1,1785461568
2026-07-31T01:36:35Z,701,15,4,3,1,0,1,1,1,1785461627
2026-07-31T01:36:35Z,702,14,0,8,1,0,1,1,1,1785460374
2026-07-31T01:36:35Z,704,5,1,10,0,0,1,1,1,1785461030
2026-07-31T01:36:35Z,705,2,2,12,1,0,1,1,1,1785461553
2026-07-31T01:36:35Z,706,8,0,3,4,0,1,1,1,1785461763
2026-07-31T01:36:35Z,707,3,1,10,2,0,1,1,1,1785460459
2026-07-31T01:36:35Z,708,19,0,0,0,0,1,1,1,1785460758
2026-07-31T01:36:35Z,709,11,1,0,4,0,1,1,1,1785461063
2026-07-31T01:36:35Z,710,7,0,12,0,0,1,1,1,1785461644
2026-07-31T01:36:35Z,711,11,3,9,3,0,1,1,1,1785461689
2026-07-31T01:36:35Z,712,8,2,7,0,0,1,1,1,1785461592
2026-07-31T01:36:35Z,713,0,0,23,0,0,1,1,1,1785460841
2026-07-31T01:36:35Z,716,3,1,12,0,0,1,1,1,1785461474
2026-07-31T01:36:35Z,717,4,0,18,3,0,1,1,1,1785461483
2026-07-31T01:36:35Z,718,0,0,14,1,0,1,1,1,1785461229
2026-07-31T01:36:35Z,719,3,1,26,0,0,1,1,1,1785461134
2026-07-31T01:36:35Z,720,2,1,17,0,0,1,1,1,1785460437
2026-07-31T01:36:35Z,721,0,0,21,2,0,1,1,1,1785461176
2026-07-31T01:36:35Z,722,2,0,13,0,0,1,1,1,1785460184
2026-07-31T01:36:35Z,723,12,2,11,0,0,1,1,1,1785460138
2026-07-31T01:36:35Z,724,17,6,6,0,0,1,1,1,1785461321
2026-07-31T01:36:35Z,725,3,0,20,0,0,1,1,1,1785460929
2026-07-31T01:36:35Z,726,11,2,8,0,0,1,1,1,1785461136
2026-07-31T01:36:35Z,727,9,4,12,2,0,1,1,1,1785461116
2026-07-31T01:36:35Z,728,10,1,5,0,0,1,1,1,1785460745
2026-07-31T01:36:35Z,729,19,2,0,0,0,1,1,1,1785461628
2026-07-31T01:36:35Z,730,4,3,10,1,0,1,1,1,1785461334
2026-07-31T01:36:35Z,731,6,1,9,0,0,1,1,1,1785461273
2026-07-31T01:36:35Z,732,7,4,8,0,0,1,1,1,1785461771
2026-07-31T01:36:35Z,733,24,2,2,1,0,1,1,1,1785461720
2026-07-31T01:36:35Z,734,2,1,12,0,0,1,1,1,1785461489
2026-07-31T01:36:35Z,735,2,2,25,0,0,1,1,1,1785461687
2026-07-31T01:36:35Z,736,3,0,16,0,0,1,1,1,1785460857
2026-07-31T01:36:35Z,737,2,1,10,2,1,1,1,1,1785461058
2026-07-31T01:36:35Z,738,9,0,8,2,0,1,1,1,1785461055
2026-07-31T01:36:35Z,739,16,2,10,1,0,1,1,1,1785461071
2026-07-31T01:36:35Z,741,6,1,17,0,0,1,1,1,1785461164
2026-07-31T01:36:35Z,742,13,8,19,3,0,1,1,1,1785461787
2026-07-31T01:36:35Z,743,2,1,16,1,0,1,1,1,1785461779
2026-07-31T01:36:35Z,744,8,3,6,1,0,1,1,1,1785461472
2026-07-31T01:36:35Z,745,14,4,4,1,0,1,1,1,1785461113
2026-07-31T01:36:35Z,746,5,0,15,3,0,1,1,1,1785461116
2026-07-31T01:36:35Z,747,0,0,4,0,0,0,1,1,1783446606
2026-07-31T01:36:35Z,748,10,1,13,0,0,1,1,1,1785460032
2026-07-31T01:36:35Z,749,1,0,22,0,0,1,1,1,1785461781
2026-07-31T01:36:35Z,750,4,4,6,1,0,1,1,1,1785461292
2026-07-31T01:36:35Z,751,1,0,21,1,0,1,1,1,1785461779
2026-07-31T01:36:35Z,752,7,1,9,1,0,1,1,1,1785461458
2026-07-31T01:36:35Z,753,15,6,0,0,0,1,1,1,1785461334
2026-07-31T01:36:35Z,754,1,1,13,1,0,1,1,1,1785461728
2026-07-31T01:36:35Z,755,2,1,19,2,0,1,1,1,1785461776
2026-07-31T01:36:35Z,756,0,0,35,2,0,1,1,1,1785460564
2026-07-31T01:36:35Z,757,1,1,18,0,0,1,1,1,1785461351
2026-07-31T01:36:35Z,758,8,8,15,0,0,1,1,1,1785461481
2026-07-31T01:36:35Z,759,5,3,10,0,0,1,1,1,1785461254
2026-07-31T01:36:35Z,760,7,3,11,1,0,1,1,1,1785461275
2026-07-31T01:36:35Z,761,5,0,18,0,0,1,1,1,1785460920
2026-07-31T01:36:35Z,762,5,4,6,4,0,1,1,1,1785460332
2026-07-31T01:36:35Z,768,10,0,7,2,0,1,1,1,1785461370
2026-07-31T01:36:35Z,769,12,5,7,0,0,1,1,1,1785461607
2026-07-31T01:36:35Z,770,11,2,6,2,0,1,1,1,1785460903
2026-07-31T01:36:35Z,771,13,3,1,1,0,1,1,1,1785460318
2026-07-31T01:36:35Z,772,5,2,10,0,0,1,1,1,1785460993
2026-07-31T01:36:35Z,773,14,4,5,0,0,1,1,1,1785461701
2026-07-31T01:36:35Z,774,2,2,10,3,0,1,1,1,1785461527
2026-07-31T01:36:35Z,775,6,0,11,1,1,1,1,1,1785460498
2026-07-31T01:36:35Z,776,3,1,17,1,0,1,1,1,1785461076
2026-07-31T01:36:35Z,777,9,0,3,3,0,1,1,1,1785461063
2026-07-31T01:36:35Z,778,13,0,3,3,0,1,1,1,1785460861
2026-07-31T01:36:35Z,779,8,1,10,1,0,1,1,1,1785461518
2026-07-31T01:36:35Z,780,16,1,2,1,0,1,1,1,1785461739
2026-07-31T01:36:35Z,781,3,1,6,2,0,1,1,1,1785461735
2026-07-31T01:36:35Z,782,3,1,13,3,0,1,1,1,1785460623
2026-07-31T01:36:35Z,783,4,0,15,0,0,1,1,1,1785461741
2026-07-31T01:36:35Z,784,15,1,1,3,0,1,1,1,1785461584
2026-07-31T01:36:35Z,785,9,0,4,6,0,1,1,1,1785460079
2026-07-31T01:36:35Z,786,9,4,10,0,0,1,1,1,1785461753
2026-07-31T01:36:35Z,787,11,5,2,2,0,1,1,1,1785461518
2026-07-31T01:36:35Z,788,3,0,12,0,0,1,1,1,1785460416
2026-07-31T01:36:35Z,789,6,2,5,4,0,1,1,1,1785460672
2026-07-31T01:36:35Z,790,6,2,17,0,0,1,1,1,1785460993
2026-07-31T01:36:35Z,791,4,0,14,0,1,1,1,1,1785460938
2026-07-31T01:36:35Z,793,4,0,10,1,0,1,1,1,1785460827
2026-07-31T01:36:35Z,794,7,1,21,1,0,1,1,1,1785461553
2026-07-31T01:36:35Z,796,5,2,13,1,0,1,1,1,1785461562
2026-07-31T01:36:35Z,797,4,0,11,0,0,1,1,1,1785461370
2026-07-31T01:36:35Z,798,4,0,20,1,0,1,1,1,1785460700
2026-07-31T01:36:35Z,799,11,1,4,4,0,1,1,1,1785461710
2026-07-31T01:36:35Z,800,20,4,0,1,0,1,1,1,1785460892
2026-07-31T01:36:35Z,801,0,0,20,1,0,1,1,1,1785460775
2026-07-31T01:36:35Z,802,9,0,22,0,0,1,1,1,1785461172
2026-07-31T01:36:35Z,803,0,0,14,1,0,1,1,1,1785460383
2026-07-31T01:36:35Z,806,4,4,11,0,0,1,1,1,1785460586
2026-07-31T01:36:35Z,807,1,1,23,1,0,1,1,1,1785461559
2026-07-31T01:36:35Z,808,5,0,18,2,0,1,1,1,1785459824
2026-07-31T01:36:35Z,809,5,1,17,1,0,1,1,1,1785460510
2026-07-31T01:36:35Z,810,3,1,12,4,0,1,1,1,1785460936
2026-07-31T01:36:35Z,815,5,0,5,4,1,1,1,1,1785460557
2026-07-31T01:36:35Z,817,8,4,7,0,0,1,1,1,1785461708
2026-07-31T01:36:35Z,818,5,0,17,1,0,1,1,1,1785461038
2026-07-31T01:36:35Z,819,6,4,9,0,0,1,1,1,1785460987
2026-07-31T01:36:35Z,820,7,1,10,0,0,1,1,1,1785461657
2026-07-31T01:36:35Z,821,1,1,14,0,0,1,1,1,1785460777
2026-07-31T01:36:35Z,822,19,1,2,2,0,1,1,1,1785461758
2026-07-31T01:36:35Z,823,14,1,0,1,0,1,1,1,1785461227
2026-07-31T01:36:35Z,824,9,3,9,1,0,1,1,1,1785461744
2026-07-31T01:36:35Z,825,9,5,6,0,0,1,1,1,1785457432
2026-07-31T01:36:35Z,826,4,1,14,1,0,1,1,1,1785461454
2026-07-31T01:36:35Z,827,14,5,6,1,0,1,1,1,1785460917
2026-07-31T01:36:35Z,828,8,2,9,1,0,1,1,1,1785461709
2026-07-31T01:36:35Z,829,14,6,13,0,0,1,1,1,1785461642
2026-07-31T01:36:35Z,830,13,0,9,1,0,1,1,1,1785460917
2026-07-31T01:36:35Z,831,3,3,11,1,0,1,1,1,1785460221
2026-07-31T01:36:35Z,832,10,4,5,3,0,1,1,1,1785461040
2026-07-31T01:36:35Z,833,1,1,17,1,0,1,1,1,1785460006
2026-07-31T01:36:35Z,834,6,1,17,1,0,1,1,1,1785461459
2026-07-31T01:36:35Z,835,7,1,10,1,0,1,1,1,1785461544
2026-07-31T01:36:35Z,837,5,1,0,10,0,1,1,1,1785460226
2026-07-31T01:36:35Z,838,11,1,3,1,0,1,1,1,1785460928
2026-07-31T01:36:35Z,839,6,3,23,0,0,1,1,1,1785461786
2026-07-31T01:36:35Z,840,5,0,22,2,0,1,1,1,1785461296
2026-07-31T01:36:35Z,841,7,1,8,0,0,1,1,1,1785460780
2026-07-31T01:36:35Z,842,6,1,17,0,0,1,1,1,1785461742
2026-07-31T01:36:35Z,843,11,0,19,1,0,1,1,1,1785461414
2026-07-31T01:36:35Z,844,6,1,17,0,0,1,1,1,1785461788
2026-07-31T01:36:35Z,845,5,3,12,2,0,1,1,1,1785460332
2026-07-31T01:36:35Z,846,4,0,13,2,0,1,1,1,1785461285
2026-07-31T01:36:35Z,847,4,1,23,0,0,1,1,1,1785460990
2026-07-31T01:36:35Z,848,7,0,11,1,0,1,1,1,1785461494
2026-07-31T01:36:35Z,849,8,2,6,1,0,1,1,1,1785461364
2026-07-31T01:36:35Z,850,9,0,1,1,0,1,1,1,1785461360
2026-07-31T01:36:35Z,851,0,0,35,2,0,1,1,1,1785461087
2026-07-31T01:36:35Z,852,10,4,8,1,0,1,1,1,1785460073
2026-07-31T01:36:35Z,853,9,4,13,1,0,1,1,1,1785461114
2026-07-31T01:36:35Z,854,2,2,13,0,0,1,1,1,1785461023
2026-07-31T01:36:35Z,855,13,1,14,0,0,1,1,1,1785461586
2026-07-31T01:36:35Z,857,0,0,18,1,0,1,1,1,1785461448
2026-07-31T01:36:35Z,858,4,1,14,1,0,1,1,1,1785460683
2026-07-31T01:36:35Z,859,3,0,17,1,0,1,1,1,1785460930
2026-07-31T01:36:35Z,861,8,1,2,1,0,1,1,1,1785455675
2026-07-31T01:36:35Z,862,2,1,13,0,0,1,1,1,1785460820
2026-07-31T01:36:35Z,863,10,0,8,1,0,1,1,1,1785461160
2026-07-31T01:36:35Z,866,6,0,12,1,0,1,1,1,1785460485
2026-07-31T01:36:35Z,867,12,0,3,0,0,1,1,1,1785461676
2026-07-31T01:36:35Z,868,13,2,2,0,0,1,1,1,1785460037
2026-07-31T01:36:35Z,870,7,5,7,1,0,1,1,1,1785460251
2026-07-31T01:36:35Z,871,0,0,10,1,0,1,1,1,1785461481
2026-07-31T01:36:35Z,872,0,0,14,1,0,1,1,1,1785460181
2026-07-31T01:36:35Z,873,0,0,32,1,0,1,1,1,1785460852
2026-07-31T01:36:35Z,874,2,0,10,3,0,1,1,1,1785461765
2026-07-31T01:36:35Z,875,15,11,0,0,0,1,1,1,1785461194
2026-07-31T01:36:35Z,877,12,11,6,1,0,1,1,1,1785461541
2026-07-31T01:36:35Z,878,2,2,16,1,0,1,1,1,1785461118
2026-07-31T01:36:35Z,879,2,0,17,0,0,1,1,1,1785461186
2026-07-31T01:36:35Z,880,4,1,18,1,0,1,1,1,1785461192
2026-07-31T01:36:35Z,881,3,0,16,0,0,1,1,1,1785460167
2026-07-31T01:36:35Z,882,11,0,6,2,0,1,1,1,1785457778
2026-07-31T01:36:35Z,883,10,6,9,0,0,1,1,1,1785460477
2026-07-31T01:36:35Z,884,11,7,10,0,0,1,1,1,1785461518
2026-07-31T01:36:35Z,885,0,0,19,0,0,1,1,1,1785460035
2026-07-31T01:36:35Z,886,0,0,28,1,0,1,1,1,1785460744
2026-07-31T01:36:35Z,887,0,0,14,3,0,1,1,1,1785460798
2026-07-31T01:36:35Z,888,18,1,21,2,0,1,1,1,1785461781
2026-07-31T01:36:35Z,889,6,0,11,2,0,1,1,1,1785461714
2026-07-31T01:36:35Z,890,5,2,9,1,0,1,1,1,1785461217
2026-07-31T01:36:35Z,891,15,0,7,1,0,1,1,1,1785461630
2026-07-31T01:36:35Z,892,12,1,3,0,0,1,1,1,1785456450
2026-07-31T01:36:35Z,895,1,0,17,1,0,1,1,1,1785449127
2026-07-31T01:36:35Z,896,23,2,12,0,0,1,1,1,1785461444
2026-07-31T01:36:35Z,897,7,0,14,0,0,1,1,1,1785461260
2026-07-31T01:36:35Z,898,0,0,19,0,0,1,1,1,1785461777
2026-07-31T01:36:35Z,899,19,2,0,0,0,1,1,1,1785461001
2026-07-31T01:36:35Z,900,26,2,1,0,0,1,1,1,1785461667
2026-07-31T01:36:35Z,901,14,0,4,1,0,1,1,1,1785461517
2026-07-31T01:36:35Z,902,10,1,4,1,0,1,1,1,1785461739
2026-07-31T01:36:35Z,903,6,0,13,0,0,1,1,1,1785461081
2026-07-31T01:36:35Z,904,11,5,8,0,0,1,1,1,1785460339
2026-07-31T01:36:35Z,905,2,1,25,0,0,1,1,1,1785461784
2026-07-31T01:36:35Z,906,1,1,26,0,0,1,1,1,1785461498
2026-07-31T01:36:35Z,907,15,4,16,0,0,1,1,1,1785461758
2026-07-31T01:36:35Z,908,9,2,14,0,0,1,1,1,1785461788
2026-07-31T01:36:35Z,909,3,3,20,0,0,1,1,1,1785461683
2026-07-31T01:36:35Z,910,13,0,18,0,0,1,1,1,1785461192
2026-07-31T01:36:35Z,911,6,0,13,0,0,1,1,1,1785461710
2026-07-31T01:36:35Z,912,5,2,15,3,0,1,1,1,1785461776
2026-07-31T01:36:35Z,913,5,2,14,0,0,1,1,1,1785460859
2026-07-31T01:36:35Z,914,2,1,16,1,0,1,1,1,1785461396
2026-07-31T01:36:35Z,915,11,0,11,1,0,1,1,1,1785461375
2026-07-31T01:36:35Z,916,6,0,17,0,0,1,1,1,1785461789
2026-07-31T01:36:35Z,917,33,4,0,2,0,1,1,1,1785460917
2026-07-31T01:36:35Z,918,6,1,10,3,0,1,1,1,1785461739
2026-07-31T01:36:35Z,919,5,0,32,2,0,1,1,1,1785461785
2026-07-31T01:36:35Z,920,3,1,16,0,0,1,1,1,1785460706
2026-07-31T01:36:35Z,921,16,0,5,0,0,1,1,1,1785461549
2026-07-31T01:36:35Z,922,1,0,20,0,0,1,1,1,1785460774
2026-07-31T01:36:35Z,923,10,10,7,2,0,1,1,1,1785461767
2026-07-31T01:36:35Z,924,7,0,14,0,0,1,1,1,1785461558
2026-07-31T01:36:35Z,925,13,0,8,0,0,1,1,1,1785460459
2026-07-31T01:36:35Z,926,1,1,20,0,0,1,1,1,1785460636
2026-07-31T01:36:35Z,927,17,1,18,0,0,1,1,1,1785461737
2026-07-31T01:36:35Z,928,6,0,13,0,0,1,1,1,1785461731
2026-07-31T01:36:35Z,929,0,0,23,0,0,1,1,1,1785461444
2026-07-31T01:36:35Z,930,28,2,1,2,0,1,1,1,1785461327
2026-07-31T01:36:35Z,931,0,0,23,0,0,1,1,1,1785461139
2026-07-31T01:36:35Z,932,14,0,0,5,0,1,1,1,1785461751
2026-07-31T01:36:35Z,933,22,2,0,1,0,1,1,1,1785461725
2026-07-31T01:36:35Z,934,1,1,29,1,0,1,1,1,1785461698
2026-07-31T01:36:35Z,935,5,0,12,2,0,1,1,1,1785461393
2026-07-31T01:36:35Z,936,4,1,15,0,0,1,1,1,1785456801
2026-07-31T01:36:35Z,940,11,1,0,0,0,1,1,1,1785461363
2026-07-31T01:36:35Z,941,9,2,14,2,0,1,1,1,1785461655
2026-07-31T01:36:35Z,942,14,2,7,0,0,1,1,1,1785461120
2026-07-31T01:36:35Z,943,9,8,6,0,0,1,1,1,1785460310
2026-07-31T01:36:35Z,944,9,8,6,0,0,1,1,1,1785460104
2026-07-31T01:36:35Z,945,10,8,5,0,0,1,1,1,1785461426
2026-07-31T01:36:35Z,946,7,5,12,0,0,1,1,1,1785424152
2026-07-31T01:36:35Z,947,7,5,10,0,0,1,1,1,1785460112
2026-07-31T01:36:35Z,948,0,0,27,4,0,1,1,1,1785461745
2026-07-31T01:36:35Z,949,2,1,13,0,0,1,1,1,1785461350
2026-07-31T01:36:35Z,950,4,2,12,1,0,1,1,1,1785461571
2026-07-31T01:36:35Z,951,9,0,13,1,0,1,1,1,1785461789
2026-07-31T01:36:35Z,952,22,0,32,1,0,1,1,1,1785461547
2026-07-31T01:36:35Z,953,13,1,2,0,0,1,1,1,1785461377
2026-07-31T01:36:35Z,954,13,0,6,0,0,1,1,1,1785461628
2026-07-31T01:36:35Z,955,2,0,20,5,0,1,1,1,1785461245
2026-07-31T01:36:35Z,956,10,0,12,1,0,1,1,1,1785461789
2026-07-31T01:36:35Z,957,10,1,18,1,0,1,1,1,1785461783
2026-07-31T01:36:35Z,958,25,0,5,1,0,1,1,1,1785461739
2026-07-31T01:36:35Z,959,13,5,9,1,0,1,1,1,1785461772
2026-07-31T01:36:35Z,960,12,11,10,1,0,1,1,1,1785461683
2026-07-31T01:36:35Z,961,0,0,20,3,0,1,1,1,1785460800
2026-07-31T01:36:35Z,962,5,1,27,3,0,1,1,1,1785461554
2026-07-31T01:36:35Z,963,3,0,19,1,0,1,1,1,1785461682
2026-07-31T01:36:35Z,964,6,3,16,1,0,1,1,1,1785461568
2026-07-31T01:36:35Z,965,4,0,22,1,0,1,1,1,1785461038
2026-07-31T01:36:35Z,966,9,0,22,0,0,1,1,1,1785461777
2026-07-31T01:36:35Z,967,3,1,17,1,0,1,1,1,1785461745
2026-07-31T01:36:35Z,968,3,2,16,0,0,1,1,1,1785461247
2026-07-31T01:36:35Z,969,7,6,19,1,0,1,1,1,1785461723
2026-07-31T01:36:35Z,970,2,2,16,1,0,1,1,1,1785461615
2026-07-31T01:36:35Z,971,22,0,0,1,0,1,1,1,1785460397
2026-07-31T01:36:35Z,972,11,1,11,1,0,1,1,1,1785461777
2026-07-31T01:36:35Z,973,4,4,18,1,0,1,1,1,1785461664
2026-07-31T01:36:35Z,974,3,0,24,0,0,1,1,1,1785461784
2026-07-31T01:36:35Z,977,4,4,13,4,0,1,1,1,1785461155
2026-07-31T01:36:35Z,978,13,4,10,0,0,1,1,1,1785461157
2026-07-31T01:36:35Z,979,3,1,14,0,0,1,1,1,1785461230
2026-07-31T01:36:35Z,980,5,1,14,2,0,1,1,1,1785461729
2026-07-31T01:36:35Z,981,3,0,17,1,0,1,1,1,1785461618
2026-07-31T01:36:35Z,982,3,1,14,2,0,1,1,1,1785460125
2026-07-31T01:36:35Z,983,1,1,21,1,0,1,1,1,1785460513
2026-07-31T01:36:35Z,984,6,0,17,0,0,1,1,1,1785461420
2026-07-31T01:36:35Z,985,24,0,7,0,0,1,1,1,1785461668
2026-07-31T01:36:35Z,986,2,0,17,0,0,1,1,1,1785460121
2026-07-31T01:36:35Z,987,5,0,17,1,0,1,1,1,1785460631
2026-07-31T01:36:35Z,988,6,2,12,1,0,1,1,1,1785460261
2026-07-31T01:36:35Z,989,8,4,11,0,0,1,1,1,1785461077
2026-07-31T01:36:35Z,990,13,1,0,2,0,1,1,1,1785460351
2026-07-31T01:36:35Z,991,9,1,9,1,0,1,1,1,1785461775
2026-07-31T01:36:35Z,992,8,6,14,1,0,1,1,1,1785460822
2026-07-31T01:36:35Z,993,0,0,27,0,0,1,1,1,1785461454
2026-07-31T01:36:35Z,994,3,1,18,0,0,1,1,1,1785461025
2026-07-31T01:36:35Z,995,7,0,20,0,0,1,1,1,1785460240
2026-07-31T01:36:35Z,996,9,1,14,0,0,1,1,1,1785460060
2026-07-31T01:36:35Z,997,10,4,11,2,0,1,1,1,1785461377
2026-07-31T01:36:35Z,998,4,2,18,1,0,1,1,1,1785460383
2026-07-31T01:36:35Z,999,4,2,15,1,1,1,1,1,1785460177
2026-07-31T01:36:35Z,1000,4,2,17,0,0,1,1,1,1785460969
2026-07-31T01:36:35Z,1001,1,0,26,0,0,1,1,1,1785460382
2026-07-31T01:36:35Z,1002,0,0,27,4,0,1,1,1,1785460351
2026-07-31T01:36:35Z,1003,0,0,22,1,0,1,1,1,1785460037
2026-07-31T01:36:35Z,1004,5,1,18,0,0,1,1,1,1785461288
2026-07-31T01:36:35Z,1005,20,1,3,0,0,1,1,1,1785460222
2026-07-31T01:36:35Z,1006,7,4,11,1,0,1,1,1,1785460077
2026-07-31T01:36:35Z,1007,5,2,16,0,0,1,1,1,1785461521
2026-07-31T01:36:35Z,1008,6,5,15,2,0,1,1,1,1785460995
2026-07-31T01:36:35Z,1009,21,4,8,2,0,1,1,1,1785460878
2026-07-31T01:36:35Z,1010,7,2,20,0,0,1,1,1,1785461686
2026-07-31T01:36:35Z,1011,7,1,10,2,0,1,1,1,1785460456
2026-07-31T01:36:35Z,1012,4,3,18,1,0,1,1,1,1785459988
2026-07-31T01:36:35Z,1013,4,1,18,1,0,1,1,1,1785460610
2026-07-31T01:36:35Z,1014,8,3,13,2,0,1,1,1,1785460499
2026-07-31T01:36:35Z,1015,4,3,25,2,0,1,1,1,1785460722
2026-07-31T01:36:35Z,1016,10,5,21,0,0,1,1,1,1785461610
2026-07-31T01:36:35Z,1017,14,5,7,0,0,1,1,1,1785461217
2026-07-31T01:36:35Z,1018,8,2,14,0,0,1,1,1,1785460078
2026-07-31T01:36:35Z,1019,7,5,8,0,0,1,1,1,1785460051
2026-07-31T01:36:35Z,1020,18,3,3,0,0,1,1,1,1785461094
2026-07-31T01:36:35Z,1021,9,3,5,1,0,1,1,1,1785460939
2026-07-31T01:36:35Z,1022,14,0,13,0,0,1,1,1,1785460141
2026-07-31T01:36:35Z,1023,12,1,10,1,0,1,1,1,1785461623
2026-07-31T01:36:35Z,1024,6,3,13,0,0,1,1,1,1785460833
2026-07-31T01:36:35Z,1025,4,0,14,0,1,1,1,1,1785460101
2026-07-31T01:36:35Z,1026,8,4,18,5,0,1,1,1,1785461034
2026-07-31T01:36:35Z,1028,2,0,20,1,0,1,1,1,1785460170
2026-07-31T01:36:35Z,1029,11,10,4,0,0,1,1,1,1785461143
2026-07-31T01:36:35Z,1030,13,5,10,0,0,1,1,1,1785460839
2026-07-31T01:36:35Z,1031,10,0,9,0,0,1,1,1,1785461247
2026-07-31T01:36:35Z,1032,7,1,12,0,0,1,1,1,1785460089
2026-07-31T01:36:35Z,1033,8,5,10,1,0,1,1,1,1785460896
2026-07-31T01:36:35Z,1034,1,0,14,0,0,1,1,1,1785460136
2026-07-31T01:36:35Z,1035,2,0,16,1,0,1,1,1,1785460112
2026-07-31T01:36:35Z,1036,15,1,0,0,0,1,1,1,1785460707
2026-07-31T01:36:35Z,1037,4,1,14,1,0,1,1,1,1785460604
2026-07-31T01:36:35Z,1038,3,1,11,1,0,1,1,1,1785461648
2026-07-31T01:36:35Z,1039,4,2,15,0,0,1,1,1,1785460244
2026-07-31T01:36:35Z,1040,9,4,9,1,0,1,1,1,1785460120
2026-07-31T01:36:35Z,1041,8,2,10,1,0,1,1,1,1785460768
2026-07-31T01:36:35Z,1042,11,0,2,2,0,1,1,1,1785460340
2026-07-31T01:36:35Z,1043,9,0,7,3,0,1,1,1,1785460295
2026-07-31T01:36:35Z,1044,2,1,13,0,0,1,1,1,1785461699
2026-07-31T01:36:35Z,1045,10,0,9,0,0,1,1,1,1785460079
2026-07-31T01:36:35Z,1046,8,0,7,0,0,1,1,1,1785461328
2026-07-31T01:36:35Z,1047,4,0,17,0,0,1,1,1,1785460828
2026-07-31T01:36:35Z,1048,6,1,13,0,0,1,1,1,1785460054
2026-07-31T01:36:35Z,1049,3,0,18,0,0,1,1,1,1785460082
2026-07-31T01:36:35Z,1050,20,5,1,0,0,1,1,1,1785461555
2026-07-31T01:36:35Z,1051,6,2,15,0,0,1,1,1,1785461092
2026-07-31T01:36:35Z,1052,17,2,5,0,0,1,1,1,1785461712
2026-07-31T01:36:35Z,1053,2,1,13,0,0,1,1,1,1785460503
2026-07-31T01:36:35Z,1054,14,1,1,0,0,1,1,1,1785460254
2026-07-31T01:36:35Z,1055,7,2,12,0,0,1,1,1,1785460700
2026-07-31T01:36:35Z,1057,1,0,18,0,0,1,1,1,1785461749
2026-07-31T01:36:35Z,1058,54,1,2,0,0,1,1,1,1785461782
2026-07-31T01:36:35Z,1059,1,0,16,2,0,1,1,1,1785460144
2026-07-31T01:36:35Z,1060,4,1,33,0,0,1,1,1,1785461451
2026-07-31T01:36:35Z,1061,27,4,10,0,0,1,1,1,1785461721
2026-07-31T01:36:35Z,1062,15,1,2,0,0,1,1,1,1785461024
2026-07-31T01:36:35Z,1063,12,1,6,1,0,1,1,1,1785460135
2026-07-31T01:36:35Z,1064,6,2,16,1,0,1,1,1,1785460413
2026-07-31T01:36:35Z,1065,15,3,8,0,0,1,1,1,1785460672
2026-07-31T01:36:35Z,1066,11,2,12,0,0,1,1,1,1785460502
2026-07-31T01:36:35Z,1067,7,1,15,1,0,1,1,1,1785460765
2026-07-31T01:36:35Z,1068,8,2,13,2,0,1,1,1,1785460225
2026-07-31T01:36:35Z,1069,12,3,11,0,0,1,1,1,1785460307
2026-07-31T01:36:35Z,1070,11,2,12,0,0,1,1,1,1785460400
2026-07-31T01:36:35Z,1071,7,4,16,0,0,1,1,1,1785460440
2026-07-31T01:36:35Z,1072,11,1,11,1,0,1,1,1,1785461345
2026-07-31T01:36:35Z,1073,13,6,12,2,0,1,1,1,1785461703
2026-07-31T01:36:35Z,1074,51,0,1,1,0,1,1,1,1785461778
2026-07-31T01:36:35Z,1075,9,8,12,0,0,1,1,1,1785461627
2026-07-31T01:36:35Z,1076,12,10,9,0,0,1,1,1,1785461217
2026-07-31T01:36:35Z,1077,8,5,13,0,0,1,1,1,1785460017
2026-07-31T01:36:35Z,1078,13,10,8,0,0,1,1,1,1785461104
2026-07-31T01:36:35Z,1079,11,8,10,0,0,1,1,1,1785461743
2026-07-31T01:36:35Z,1080,10,8,10,1,0,1,1,1,1785461760
2026-07-31T01:36:35Z,1081,14,9,5,0,0,1,1,1,1785460954
2026-07-31T01:36:35Z,1082,4,4,4,0,0,1,1,1,1785460522
2026-07-31T01:36:35Z,1083,12,10,9,0,0,1,1,1,1785460176
2026-07-31T01:36:35Z,1084,8,7,13,0,0,1,1,1,1785461626
2026-07-31T01:36:35Z,1085,10,10,11,0,0,1,1,1,1785461217
2026-07-31T01:36:35Z,1086,8,7,12,1,0,1,1,1,1785460122
2026-07-31T01:36:35Z,1087,8,7,7,0,0,1,1,1,1785461206
2026-07-31T01:36:35Z,1088,10,7,5,0,0,1,1,1,1785460142
2026-07-31T01:36:35Z,1089,6,4,9,0,0,1,1,1,1785460517
2026-07-31T01:36:35Z,1090,8,7,7,0,0,1,1,1,1785461040
2026-07-31T01:36:35Z,1091,12,7,3,0,0,1,1,1,1785460949
2026-07-31T01:36:35Z,1092,9,9,5,1,0,1,1,1,1785460494
2026-07-31T01:36:35Z,1093,7,6,8,0,0,1,1,1,1785460863
2026-07-31T01:36:35Z,1094,10,8,8,1,0,1,1,1,1785461614
2026-07-31T01:36:35Z,1095,9,8,6,0,0,1,1,1,1785460826
2026-07-31T01:36:35Z,1096,6,3,12,1,0,1,1,1,1785460454
2026-07-31T01:36:35Z,1097,10,10,5,0,0,1,1,1,1785460677
2026-07-31T01:36:35Z,1098,9,7,10,0,0,1,1,1,1785460994
2026-07-31T01:36:35Z,1099,7,6,8,0,0,1,1,1,1785461742
2026-07-31T01:36:35Z,1100,6,2,23,0,0,1,1,1,1785460314
2026-07-31T01:36:35Z,1101,10,5,11,0,0,1,1,1,1785461613
2026-07-31T01:36:35Z,1102,9,4,4,0,0,1,1,1,1785460957
2026-07-31T01:36:35Z,1103,10,5,11,0,0,1,1,1,1785458054
2026-07-31T01:36:35Z,1104,10,5,11,0,0,1,1,1,1785461362
2026-07-31T01:36:35Z,1105,7,3,6,0,0,1,1,1,1785460851
2026-07-31T01:36:35Z,1106,13,7,8,0,0,1,1,1,1785461698
2026-07-31T01:36:35Z,1107,9,5,6,0,0,1,1,1,1785460227
2026-07-31T01:36:35Z,1108,8,3,16,3,0,1,1,1,1785460623
2026-07-31T01:36:35Z,1109,7,3,8,0,0,1,1,1,1785460880
2026-07-31T01:36:35Z,1110,8,0,13,0,0,1,1,1,1785461241
2026-07-31T01:36:35Z,1111,2,0,19,0,0,1,1,1,1785461212
2026-07-31T01:36:35Z,1112,41,1,12,0,0,1,1,1,1785461547
2026-07-31T01:36:35Z,1113,0,0,21,0,0,1,1,1,1785461231
2026-07-31T01:36:35Z,1115,20,7,2,1,0,1,1,1,1785460566
2026-07-31T01:36:35Z,1116,4,1,15,0,0,1,1,1,1785460107
2026-07-31T01:36:35Z,1117,2,0,21,0,0,1,1,1,1785461754
2026-07-31T01:36:35Z,1118,16,2,4,1,0,1,1,1,1785461739
2026-07-31T01:36:35Z,1119,11,1,6,0,0,1,1,1,1785461137
2026-07-31T01:36:35Z,1120,9,0,9,1,0,1,1,1,1785461336
2026-07-31T01:36:35Z,1121,5,3,14,2,0,1,1,1,1785461195
2026-07-31T01:36:35Z,1122,16,11,3,2,0,1,1,1,1785461279
2026-07-31T01:36:35Z,1123,0,0,21,2,0,1,1,1,1785461556
2026-07-31T01:36:35Z,1124,8,0,1,6,0,1,1,1,1785461486
2026-07-31T01:36:35Z,1125,15,1,8,0,0,1,1,1,1785460491
2026-07-31T01:36:35Z,1126,5,2,14,2,0,1,1,1,1785461239
2026-07-31T01:36:35Z,1127,14,1,4,1,0,1,1,1,1785461475
2026-07-31T01:36:35Z,1128,10,0,4,1,0,1,1,1,1785460135
2026-07-31T01:36:35Z,1129,4,0,17,0,0,1,1,1,1785461660
2026-07-31T01:36:35Z,1130,5,0,10,0,0,1,1,1,1785461746
2026-07-31T01:36:35Z,1131,2,0,46,1,0,1,1,1,1785460651
2026-07-31T01:36:35Z,1132,14,6,6,1,0,1,1,1,1785461546
2026-07-31T01:36:35Z,1133,8,5,12,1,0,1,1,1,1785461734
2026-07-31T01:36:35Z,1134,10,6,9,0,0,1,1,1,1785460603
2026-07-31T01:36:35Z,1135,10,5,11,0,0,1,1,1,1785461505
2026-07-31T01:36:35Z,1136,19,0,4,0,0,1,1,1,1785461491
2026-07-31T01:36:35Z,1137,8,0,7,0,0,1,1,1,1785460056
2026-07-31T01:36:35Z,1138,11,2,8,0,0,1,1,1,1785461255
2026-07-31T01:36:35Z,1139,9,2,10,2,0,1,1,1,1785460570
2026-07-31T01:36:35Z,1140,21,3,1,1,0,1,1,1,1785461752
2026-07-31T01:36:35Z,1141,1,1,19,1,0,1,1,1,1785461312
2026-07-31T01:36:35Z,1142,21,1,0,0,0,1,1,1,1785460744
2026-07-31T01:36:35Z,1143,7,0,21,1,0,1,1,1,1785461694
2026-07-31T01:36:35Z,1144,9,4,10,2,0,1,1,1,1785460371
2026-07-31T01:36:35Z,1145,12,6,8,1,0,1,1,1,1785460464
2026-07-31T01:36:35Z,1146,10,2,8,1,0,1,1,1,1785461752
2026-07-31T01:36:35Z,1147,5,1,14,0,0,1,1,1,1785461538
2026-07-31T01:36:35Z,1148,7,1,24,0,0,1,1,1,1785461729
2026-07-31T01:36:35Z,1149,8,8,17,0,0,1,1,1,1785461710
2026-07-31T01:36:35Z,1150,8,0,11,0,0,1,1,1,1785461694
2026-07-31T01:36:35Z,1151,4,1,17,0,0,1,1,1,1785461414
2026-07-31T01:36:35Z,1152,8,0,21,0,0,1,1,1,1785461778
2026-07-31T01:36:35Z,1153,12,1,10,1,0,1,1,1,1785461663
2026-07-31T01:36:35Z,1154,12,1,7,0,0,1,1,1,1785461380
2026-07-31T01:36:35Z,1155,5,2,15,1,0,1,1,1,1785461668
2026-07-31T01:36:35Z,1158,4,1,15,0,0,1,1,1,1785460946
2026-07-31T01:36:35Z,1159,10,0,9,0,0,1,1,1,1785460910
2026-07-31T01:36:35Z,1160,7,1,11,1,0,1,1,1,1785460006
2026-07-31T01:36:35Z,1161,5,1,13,1,0,1,1,1,1785461318
2026-07-31T01:36:35Z,1162,0,0,19,0,0,1,1,1,1785460739
2026-07-31T01:36:35Z,1163,1,1,17,1,0,1,1,1,1785460118
2026-07-31T01:36:35Z,1164,4,1,15,0,0,1,1,1,1785460177
2026-07-31T01:36:35Z,1165,8,1,13,0,0,1,1,1,1785460896
2026-07-31T01:36:35Z,1166,7,3,14,0,0,1,1,1,1785460405
2026-07-31T01:36:35Z,1167,4,0,11,0,0,1,1,1,1785461728
2026-07-31T01:36:35Z,1168,1,0,22,0,0,1,1,1,1785460338
2026-07-31T01:36:35Z,1169,3,0,15,1,0,1,1,1,1785460023
2026-07-31T01:36:35Z,1170,6,0,14,1,0,1,1,1,1785460595
2026-07-31T01:36:35Z,1171,8,7,14,1,0,1,1,1,1785460020
2026-07-31T01:36:35Z,1172,7,1,6,2,0,1,1,1,1785461276
2026-07-31T01:36:35Z,1173,9,2,10,0,0,1,1,1,1785461190
2026-07-31T01:36:35Z,1174,6,2,9,0,0,1,1,1,1785459979
2026-07-31T01:36:35Z,1175,7,3,12,0,0,1,1,1,1785456851
2026-07-31T01:36:35Z,1176,19,1,2,0,0,1,1,1,1785461275
2026-07-31T01:36:35Z,1177,2,1,19,0,0,1,1,1,1785461308
2026-07-31T01:36:35Z,1178,1,0,14,0,0,1,1,1,1785459981
2026-07-31T01:36:35Z,1181,12,4,3,0,0,1,1,1,1785461692
2026-07-31T01:36:35Z,1182,3,2,16,1,0,1,1,1,1785461538
2026-07-31T01:36:35Z,1183,1,0,42,2,0,1,1,1,1785461584
2026-07-31T01:36:35Z,1184,4,1,16,1,0,1,1,1,1785461650
2026-07-31T01:36:35Z,1185,10,5,11,0,0,1,1,1,1785461303
2026-07-31T01:36:35Z,1186,9,5,10,0,0,1,1,1,1785460534
2026-07-31T01:36:35Z,1187,11,6,9,1,0,1,1,1,1785460969
2026-07-31T01:36:35Z,1188,9,3,6,0,0,1,1,1,1785460241
2026-07-31T01:36:35Z,1189,10,5,9,0,0,1,1,1,1785460288
2026-07-31T01:36:35Z,1190,10,5,11,0,0,1,1,1,1785461483
2026-07-31T01:36:35Z,1191,10,5,5,0,0,1,1,1,1785460246
2026-07-31T01:36:35Z,1192,11,7,10,0,0,1,1,1,1785460034
2026-07-31T01:36:35Z,1193,6,4,5,2,0,1,1,1,1785461156
2026-07-31T01:36:35Z,1197,9,6,7,1,0,1,1,1,1785461026
2026-07-31T01:36:35Z,1198,14,4,5,2,0,1,1,1,1785460561
2026-07-31T01:36:35Z,1199,2,0,17,0,0,1,1,1,1785460589
2026-07-31T01:36:35Z,1200,11,5,4,0,0,1,1,1,1785460283
2026-07-31T01:36:35Z,1201,9,4,6,0,0,1,1,1,1785460260
2026-07-31T01:36:35Z,1202,10,5,5,0,0,1,1,1,1785460354
2026-07-31T01:36:35Z,1203,9,5,6,0,0,1,1,1,1785460249
2026-07-31T01:36:35Z,1204,7,3,11,1,0,1,1,1,1785461784
2026-07-31T01:36:35Z,1206,11,5,10,0,0,1,1,1,1785460987
2026-07-31T01:36:35Z,1207,10,5,5,0,0,1,1,1,1785460569
2026-07-31T01:36:35Z,1208,7,2,11,1,0,1,1,1,1785460450
2026-07-31T01:36:35Z,1216,7,0,13,1,0,1,1,1,1785461223
2026-07-31T01:36:35Z,1218,5,0,16,0,0,1,1,1,1785461618
2026-07-31T01:36:35Z,1219,7,2,7,1,0,1,1,1,1785461524
2026-07-31T01:36:35Z,1220,14,7,4,1,0,1,1,1,1785461555
2026-07-31T01:36:35Z,1221,2,2,19,0,0,1,1,1,1785461499
2026-07-31T01:36:35Z,1222,18,0,11,0,0,1,1,1,1785461741
2026-07-31T01:36:35Z,1223,18,2,9,2,0,1,1,1,1785461593
2026-07-31T01:36:35Z,1226,0,0,3,0,0,0,1,1,1781868931
2026-07-31T01:36:35Z,1227,13,1,12,0,0,1,1,1,1785461733
2026-07-31T01:36:35Z,1228,18,1,9,2,0,1,1,1,1785461577
2026-07-31T01:36:35Z,1229,45,2,0,0,0,1,1,1,1785461629
2026-07-31T01:41:36Z,1,1,1,22,0,0,1,1,1,1785461699
2026-07-31T01:41:36Z,2,13,1,12,2,0,1,1,1,1785462040
2026-07-31T01:41:36Z,3,3,3,10,1,0,1,1,1,1785461430
2026-07-31T01:41:36Z,4,21,0,0,1,0,1,1,1,1785461733
2026-07-31T01:41:36Z,5,6,1,17,0,0,1,1,1,1785460644
2026-07-31T01:41:36Z,6,1,0,14,0,0,1,1,1,1785461990
2026-07-31T01:41:36Z,7,3,0,35,1,0,1,1,1,1785461689
2026-07-31T01:41:36Z,8,3,0,40,0,0,1,1,1,1785461966
2026-07-31T01:41:36Z,9,6,2,14,3,0,1,1,1,1785461909
2026-07-31T01:41:36Z,10,1,0,20,2,0,1,1,1,1785461708
2026-07-31T01:41:36Z,11,7,2,11,1,0,1,1,1,1785461951
2026-07-31T01:41:36Z,12,0,0,23,0,0,1,1,1,1785461462
2026-07-31T01:41:36Z,13,21,3,9,0,0,1,1,1,1785461972
2026-07-31T01:41:36Z,14,7,0,33,2,1,1,1,1,1785462052
2026-07-31T01:41:36Z,15,2,0,13,0,0,1,1,1,1785461435
2026-07-31T01:41:36Z,16,11,1,13,2,1,1,1,1,1785460145
2026-07-31T01:41:36Z,17,25,1,1,1,0,1,1,1,1785461979
2026-07-31T01:41:36Z,18,10,0,6,2,0,1,1,1,1785461996
2026-07-31T01:41:36Z,19,20,0,6,1,0,1,1,1,1785461955
2026-07-31T01:41:36Z,20,29,6,6,0,0,1,1,1,1785461839
2026-07-31T01:41:36Z,21,19,1,0,0,0,1,1,1,1785461434
2026-07-31T01:41:36Z,22,62,1,2,1,0,1,1,1,1785461972
2026-07-31T01:41:36Z,23,17,3,14,0,0,1,1,1,1785461760
2026-07-31T01:41:36Z,24,9,2,0,2,0,1,1,1,1785462086
2026-07-31T01:41:36Z,25,73,0,3,5,0,1,1,1,1785462053
2026-07-31T01:41:36Z,26,2,1,25,0,0,1,1,1,1785461986
2026-07-31T01:41:36Z,28,2,0,13,0,0,1,1,1,1785460332
2026-07-31T01:41:36Z,30,17,0,11,1,0,1,1,1,1785461868
2026-07-31T01:41:36Z,31,0,0,17,2,0,1,1,1,1785461979
2026-07-31T01:41:36Z,32,20,2,7,0,0,1,1,1,1785461944
2026-07-31T01:41:36Z,34,27,2,10,0,0,1,1,1,1785461834
2026-07-31T01:41:36Z,35,46,3,1,0,0,1,1,1,1785462031
2026-07-31T01:41:36Z,36,0,0,0,0,0,0,1,1,86400
2026-07-31T01:41:36Z,37,12,3,11,0,0,1,1,1,1785461928
2026-07-31T01:41:36Z,38,2,0,21,0,0,1,1,1,1785461563
2026-07-31T01:41:36Z,39,16,1,23,0,0,1,1,1,1785462089
2026-07-31T01:41:36Z,40,5,0,14,2,0,1,1,1,1785461817
2026-07-31T01:41:36Z,41,0,0,42,1,0,1,1,1,1785460910
2026-07-31T01:41:36Z,42,28,8,3,0,0,1,1,1,1785461870
2026-07-31T01:41:36Z,43,1,0,22,0,0,1,1,1,1785461906
2026-07-31T01:41:36Z,45,1,0,27,1,0,1,1,1,1785460737
2026-07-31T01:41:36Z,46,0,0,31,0,0,1,1,1,1785462003
2026-07-31T01:41:36Z,47,11,0,3,1,0,1,1,1,1785462035
2026-07-31T01:41:36Z,48,18,0,9,0,0,1,1,1,1785461968
2026-07-31T01:41:36Z,49,2,0,17,4,0,1,1,1,1785462087
2026-07-31T01:41:36Z,50,0,0,19,0,0,1,1,1,1785459881
2026-07-31T01:41:36Z,51,75,1,2,0,0,1,1,1,1785462090
2026-07-31T01:41:36Z,52,5,0,18,4,0,1,1,1,1785462022
2026-07-31T01:41:36Z,55,1,0,22,0,0,1,1,1,1785462046
2026-07-31T01:41:36Z,56,2,0,41,0,0,1,1,1,1785462082
2026-07-31T01:41:36Z,57,0,0,27,0,0,1,1,1,1785461534
2026-07-31T01:41:36Z,58,3,3,25,0,0,1,1,1,1785461426
2026-07-31T01:41:36Z,59,0,0,25,2,0,1,1,1,1785461862
2026-07-31T01:41:36Z,61,8,0,31,0,0,1,1,1,1785462080
2026-07-31T01:41:36Z,62,10,10,37,2,0,1,1,1,1785462090
2026-07-31T01:41:36Z,63,3,0,16,0,0,1,1,1,1785461572
2026-07-31T01:41:36Z,64,15,0,0,4,0,1,1,1,1785461128
2026-07-31T01:41:36Z,65,14,5,4,1,0,1,1,1,1785461746
2026-07-31T01:41:36Z,67,3,0,36,0,0,1,1,1,1785461521
2026-07-31T01:41:36Z,68,1,0,36,0,0,1,1,1,1785461775
2026-07-31T01:41:36Z,69,8,2,5,2,0,1,1,1,1785462019
2026-07-31T01:41:36Z,71,0,0,26,1,0,1,1,1,1785461637
2026-07-31T01:41:36Z,72,9,4,20,2,0,1,1,1,1785462086
2026-07-31T01:41:36Z,73,0,0,31,0,0,1,1,1,1785460014
2026-07-31T01:41:36Z,74,9,4,10,0,0,1,1,1,1785462003
2026-07-31T01:41:36Z,75,0,0,30,2,0,1,1,1,1785461328
2026-07-31T01:41:36Z,76,3,1,15,1,0,1,1,1,1785462084
2026-07-31T01:41:36Z,77,4,0,22,1,0,1,1,1,1785461955
2026-07-31T01:41:36Z,78,2,1,21,0,0,1,1,1,1785461318
2026-07-31T01:41:36Z,79,11,1,5,1,0,1,1,1,1785461513
2026-07-31T01:41:36Z,80,0,0,20,3,0,1,1,1,1785462089
2026-07-31T01:41:36Z,81,4,1,27,0,0,1,1,1,1785462069
2026-07-31T01:41:36Z,82,2,1,21,0,0,1,1,1,1785461858
2026-07-31T01:41:36Z,83,8,4,24,2,0,1,1,1,1785462021
2026-07-31T01:41:36Z,84,2,2,25,0,0,1,1,1,1785461491
2026-07-31T01:41:36Z,85,2,0,13,0,0,1,1,1,1785461573
2026-07-31T01:41:36Z,86,3,0,23,1,0,1,1,1,1785461916
2026-07-31T01:41:36Z,87,6,0,13,0,0,1,1,1,1785461618
2026-07-31T01:41:36Z,88,1,0,41,1,0,1,1,1,1785461738
2026-07-31T01:41:36Z,89,29,2,6,0,0,1,1,1,1785461225
2026-07-31T01:41:36Z,90,3,0,13,2,0,1,1,1,1785462047
2026-07-31T01:41:36Z,91,8,0,9,0,0,1,1,1,1785462055
2026-07-31T01:41:36Z,92,8,0,9,2,0,1,1,1,1785461780
2026-07-31T01:41:36Z,93,22,0,1,0,0,1,1,1,1785461934
2026-07-31T01:41:36Z,94,18,0,0,1,0,1,1,1,1785460426
2026-07-31T01:41:36Z,95,1,1,32,1,1,1,1,1,1785462090
2026-07-31T01:41:36Z,96,1,0,29,1,0,1,1,1,1785461926
2026-07-31T01:41:36Z,97,16,1,0,1,0,1,1,1,1785461915
2026-07-31T01:41:36Z,98,31,7,2,2,0,1,1,1,1785461522
2026-07-31T01:41:36Z,99,14,0,1,0,0,1,1,1,1785461870
2026-07-31T01:41:36Z,100,27,1,0,0,0,1,1,1,1785460879
2026-07-31T01:41:36Z,101,14,0,0,1,0,1,1,1,1785461956
2026-07-31T01:41:36Z,102,22,0,1,0,0,1,1,1,1785461343
2026-07-31T01:41:36Z,103,29,0,0,1,0,1,1,1,1785461949
2026-07-31T01:41:36Z,104,22,0,2,3,0,1,1,1,1785462091
2026-07-31T01:41:36Z,105,17,1,2,0,0,1,1,1,1785460698
2026-07-31T01:41:36Z,106,0,0,21,0,0,1,1,1,1785458543
2026-07-31T01:41:36Z,107,31,0,6,0,0,1,1,1,1785461823
2026-07-31T01:41:36Z,108,34,2,0,1,0,1,1,1,1785461968
2026-07-31T01:41:36Z,109,23,0,0,0,0,1,1,1,1785461808
2026-07-31T01:41:36Z,110,19,1,4,0,0,1,1,1,1785461896
2026-07-31T01:41:36Z,111,0,0,36,0,0,1,1,1,1785462083
2026-07-31T01:41:36Z,112,13,0,1,1,0,1,1,1,1785460625
2026-07-31T01:41:36Z,113,18,4,0,1,0,1,1,1,1785462065
2026-07-31T01:41:36Z,114,1,1,28,1,1,1,1,1,1785461777
2026-07-31T01:41:36Z,115,5,1,20,3,0,1,1,1,1785461128
2026-07-31T01:41:36Z,116,7,4,19,1,0,1,1,1,1785461932
2026-07-31T01:41:36Z,118,19,11,1,3,0,1,1,1,1785461322
2026-07-31T01:41:36Z,119,11,3,24,3,0,1,1,1,1785462083
2026-07-31T01:41:36Z,120,5,0,21,1,0,1,1,1,1785461919
2026-07-31T01:41:36Z,121,6,0,12,0,1,1,1,1,1785462049
2026-07-31T01:41:36Z,122,0,0,19,2,0,1,1,1,1785461961
2026-07-31T01:41:36Z,123,18,2,29,0,0,1,1,1,1785461520
2026-07-31T01:41:36Z,124,15,6,19,1,0,1,1,1,1785461950
2026-07-31T01:41:36Z,125,8,1,14,1,0,1,1,1,1785462084
2026-07-31T01:41:36Z,126,8,1,23,0,0,1,1,1,1785460630
2026-07-31T01:41:36Z,127,2,1,32,1,0,1,1,1,1785461917
2026-07-31T01:41:36Z,128,8,7,10,1,0,1,1,1,1785461830
2026-07-31T01:41:36Z,129,2,2,16,1,0,1,1,1,1785461943
2026-07-31T01:41:36Z,130,4,0,13,0,0,1,1,1,1785457733
2026-07-31T01:41:36Z,131,3,2,6,2,0,1,1,1,1785460824
2026-07-31T01:41:36Z,132,2,1,12,0,1,1,1,1,1785461226
2026-07-31T01:41:36Z,134,6,6,15,2,0,1,1,1,1785461916
2026-07-31T01:41:36Z,135,5,0,14,0,0,1,1,1,1785461541
2026-07-31T01:41:36Z,136,21,4,2,0,0,1,1,1,1785461920
2026-07-31T01:41:36Z,137,10,0,9,0,0,1,1,1,1785462003
2026-07-31T01:41:36Z,138,11,4,26,0,0,1,1,1,1785462080
2026-07-31T01:41:36Z,139,14,4,3,2,0,1,1,1,1785461992
2026-07-31T01:41:36Z,140,8,5,13,2,0,1,1,1,1785462091
2026-07-31T01:41:36Z,141,4,2,32,0,0,1,1,1,1785462037
2026-07-31T01:41:36Z,142,1,1,22,0,0,1,1,1,1785461019
2026-07-31T01:41:36Z,143,8,0,23,0,0,1,1,1,1785461961
2026-07-31T01:41:36Z,144,22,5,5,0,0,1,1,1,1785461636
2026-07-31T01:41:36Z,145,15,5,13,1,0,1,1,1,1785462027
2026-07-31T01:41:36Z,146,18,1,4,1,0,1,1,1,1785461973
2026-07-31T01:41:36Z,147,10,2,7,2,0,1,1,1,1785461977
2026-07-31T01:41:36Z,148,22,13,4,1,0,1,1,1,1785462046
2026-07-31T01:41:36Z,149,4,1,23,0,0,1,1,1,1785461787
2026-07-31T01:41:36Z,150,24,9,9,2,0,1,1,1,1785462035
2026-07-31T01:41:36Z,151,11,7,11,1,0,1,1,1,1785461893
2026-07-31T01:41:36Z,152,4,1,20,3,0,1,1,1,1785462076
2026-07-31T01:41:36Z,153,16,0,0,14,1,1,1,1,1785462090
2026-07-31T01:41:36Z,154,2,1,15,6,0,1,1,1,1785461955
2026-07-31T01:41:36Z,155,13,5,0,1,0,1,1,1,1785461946
2026-07-31T01:41:36Z,156,14,3,5,0,0,1,1,1,1785462059
2026-07-31T01:41:36Z,157,6,0,19,2,0,1,1,1,1785461876
2026-07-31T01:41:36Z,158,0,0,16,0,0,1,1,1,1785461073
2026-07-31T01:41:36Z,159,0,0,19,0,0,1,1,1,1785461672
2026-07-31T01:41:36Z,160,12,5,7,0,0,1,1,1,1785461731
2026-07-31T01:41:36Z,161,6,1,16,0,0,1,1,1,1785462085
2026-07-31T01:41:36Z,162,13,8,12,2,0,1,1,1,1785462079
2026-07-31T01:41:36Z,163,19,1,11,0,1,1,1,1,1785462078
2026-07-31T01:41:36Z,164,23,4,4,0,0,1,1,1,1785461433
2026-07-31T01:41:36Z,165,25,9,5,1,0,1,1,1,1785461994
2026-07-31T01:41:36Z,166,8,5,28,3,0,1,1,1,1785462091
2026-07-31T01:41:36Z,167,12,7,10,1,0,1,1,1,1785461243
2026-07-31T01:41:36Z,168,2,0,23,2,0,1,1,1,1785462086
2026-07-31T01:41:36Z,169,8,2,13,1,1,1,1,1,1785462048
2026-07-31T01:41:36Z,170,4,3,14,1,0,1,1,1,1785462089
2026-07-31T01:41:36Z,171,8,0,3,2,0,1,1,1,1785461961
2026-07-31T01:41:36Z,173,24,3,15,0,0,1,1,1,1785462091
2026-07-31T01:41:36Z,174,9,1,14,3,0,1,1,1,1785462006
2026-07-31T01:41:36Z,175,28,1,2,1,0,1,1,1,1785462087
2026-07-31T01:41:36Z,176,7,2,5,2,1,1,1,1,1785461949
2026-07-31T01:41:36Z,177,15,11,12,0,0,1,1,1,1785461774
2026-07-31T01:41:36Z,178,6,1,6,2,1,1,1,1,1785462089
2026-07-31T01:41:36Z,179,5,4,9,1,0,1,1,1,1785462063
2026-07-31T01:41:36Z,180,25,2,5,0,0,1,1,1,1785462051
2026-07-31T01:41:36Z,181,0,0,14,1,0,1,1,1,1785461236
2026-07-31T01:41:36Z,182,2,2,15,0,0,1,1,1,1785461445
2026-07-31T01:41:36Z,183,6,2,17,0,0,1,1,1,1785462037
2026-07-31T01:41:36Z,184,14,2,8,1,0,1,1,1,1785462085
2026-07-31T01:41:36Z,185,8,0,5,1,1,1,1,1,1785461971
2026-07-31T01:41:36Z,186,0,0,19,0,0,1,1,1,1785461955
2026-07-31T01:41:36Z,187,15,0,11,2,0,1,1,1,1785461975
2026-07-31T01:41:36Z,188,18,0,1,7,1,1,1,1,1785462001
2026-07-31T01:41:36Z,189,2,0,13,0,0,1,1,1,1785462084
2026-07-31T01:41:36Z,190,3,3,19,1,0,1,1,1,1785462054
2026-07-31T01:41:36Z,191,1,0,38,0,0,1,1,1,1785461753
2026-07-31T01:41:36Z,192,8,4,21,2,0,1,1,1,1785461671
2026-07-31T01:41:36Z,193,2,1,12,1,0,1,1,1,1785462088
2026-07-31T01:41:36Z,194,0,0,26,1,0,1,1,1,1785461315
2026-07-31T01:41:36Z,195,4,3,14,1,0,1,1,1,1785461883
2026-07-31T01:41:36Z,196,13,7,11,3,0,1,1,1,1785461382
2026-07-31T01:41:36Z,197,4,2,14,0,1,1,1,1,1785462085
2026-07-31T01:41:36Z,198,18,17,5,0,0,1,1,1,1785461674
2026-07-31T01:41:36Z,199,10,9,3,2,0,1,1,1,1785461993
2026-07-31T01:41:36Z,200,5,3,21,0,0,1,1,1,1785462028
2026-07-31T01:41:36Z,201,0,0,22,1,0,1,1,1,1785461669
2026-07-31T01:41:36Z,202,15,1,12,0,0,1,1,1,1785461202
2026-07-31T01:41:36Z,203,4,0,26,1,0,1,1,1,1785461810
2026-07-31T01:41:36Z,204,12,0,20,3,0,1,1,1,1785461973
2026-07-31T01:41:36Z,205,2,0,25,0,0,1,1,1,1785462031
2026-07-31T01:41:36Z,206,6,4,9,0,0,1,1,1,1785461956
2026-07-31T01:41:36Z,207,15,0,6,0,0,1,1,1,1785461879
2026-07-31T01:41:36Z,208,5,1,23,1,0,1,1,1,1785461328
2026-07-31T01:41:36Z,209,2,0,27,2,0,1,1,1,1785462090
2026-07-31T01:41:36Z,210,4,0,23,0,0,1,1,1,1785461865
2026-07-31T01:41:36Z,211,3,2,19,1,0,1,1,1,1785461896
2026-07-31T01:41:36Z,212,19,1,15,1,0,1,1,1,1785461983
2026-07-31T01:41:36Z,213,14,1,8,1,0,1,1,1,1785462075
2026-07-31T01:41:36Z,214,9,5,31,7,0,1,1,1,1785462082
2026-07-31T01:41:36Z,215,2,2,21,0,0,1,1,1,1785461637
2026-07-31T01:41:36Z,216,2,1,16,1,0,1,1,1,1785461044
2026-07-31T01:41:36Z,217,22,0,6,1,0,1,1,1,1785462088
2026-07-31T01:41:36Z,218,31,12,4,4,0,1,1,1,1785462026
2026-07-31T01:41:36Z,219,5,1,20,1,0,1,1,1,1785461975
2026-07-31T01:41:36Z,220,2,2,38,2,1,1,1,1,1785461911
2026-07-31T01:41:36Z,221,7,6,7,1,0,1,1,1,1785461995
2026-07-31T01:41:36Z,222,15,14,3,1,0,1,1,1,1785462050
2026-07-31T01:41:36Z,223,2,0,31,2,0,1,1,1,1785461882
2026-07-31T01:41:36Z,224,15,15,7,0,0,1,1,1,1785461711
2026-07-31T01:41:36Z,225,10,1,3,6,0,1,1,1,1785462019
2026-07-31T01:41:36Z,226,9,7,22,0,0,1,1,1,1785462080
2026-07-31T01:41:36Z,227,16,13,10,0,1,1,1,1,1785462073
2026-07-31T01:41:36Z,228,7,5,11,1,0,1,1,1,1785461860
2026-07-31T01:41:36Z,230,21,5,5,0,0,1,1,1,1785461194
2026-07-31T01:41:36Z,232,5,4,11,1,0,1,1,1,1785461907
2026-07-31T01:41:36Z,233,17,6,13,1,0,1,1,1,1785461866
2026-07-31T01:41:36Z,234,5,3,9,4,1,1,1,1,1785461924
2026-07-31T01:41:36Z,236,0,0,18,1,0,1,1,1,1785461259
2026-07-31T01:41:36Z,237,10,1,12,1,0,1,1,1,1785461954
2026-07-31T01:41:36Z,239,19,18,6,2,0,1,1,1,1785461877
2026-07-31T01:41:36Z,241,4,3,18,1,0,1,1,1,1785462067
2026-07-31T01:41:36Z,242,4,3,18,1,0,1,1,1,1785461829
2026-07-31T01:41:36Z,243,4,1,25,2,0,1,1,1,1785462058
2026-07-31T01:41:36Z,244,1,0,25,1,0,1,1,1,1785461987
2026-07-31T01:41:36Z,245,10,10,12,1,0,1,1,1,1785460856
2026-07-31T01:41:36Z,246,2,1,21,0,0,1,1,1,1785461153
2026-07-31T01:41:36Z,247,13,9,10,0,0,1,1,1,1785461486
2026-07-31T01:41:36Z,248,1,1,19,3,0,1,1,1,1785461917
2026-07-31T01:41:36Z,249,8,5,11,0,0,1,1,1,1785461726
2026-07-31T01:41:36Z,250,1,1,25,1,0,1,1,1,1785461539
2026-07-31T01:41:36Z,251,10,8,15,2,0,1,1,1,1785462069
2026-07-31T01:41:36Z,253,4,2,14,1,0,1,1,1,1785461894
2026-07-31T01:41:36Z,254,13,13,29,1,0,1,1,1,1785461115
2026-07-31T01:41:36Z,255,2,0,20,0,1,1,1,1,1785462089
2026-07-31T01:41:36Z,256,11,8,11,1,0,1,1,1,1785462059
2026-07-31T01:41:36Z,257,5,1,13,1,0,1,1,1,1785461870
2026-07-31T01:41:36Z,258,1,1,18,0,0,1,1,1,1785462077
2026-07-31T01:41:36Z,259,13,1,9,0,1,1,1,1,1785460540
2026-07-31T01:41:36Z,260,9,1,8,2,0,1,1,1,1785461700
2026-07-31T01:41:36Z,261,8,0,9,1,1,1,1,1,1785461857
2026-07-31T01:41:36Z,262,15,5,8,0,0,1,1,1,1785461877
2026-07-31T01:41:36Z,263,12,1,3,0,0,1,1,1,1785461967
2026-07-31T01:41:36Z,264,10,1,8,1,0,1,1,1,1785461309
2026-07-31T01:41:36Z,265,15,1,0,0,0,1,1,1,1785461773
2026-07-31T01:41:36Z,266,9,5,8,2,0,1,1,1,1785462043
2026-07-31T01:41:36Z,267,4,0,9,2,0,1,1,1,1785456188
2026-07-31T01:41:36Z,268,21,7,2,0,0,1,1,1,1785461197
2026-07-31T01:41:36Z,269,7,0,16,0,0,1,1,1,1785460232
2026-07-31T01:41:36Z,270,4,1,22,1,0,1,1,1,1785462038
2026-07-31T01:41:36Z,271,4,0,13,2,0,1,1,1,1785461469
2026-07-31T01:41:36Z,272,13,8,10,0,0,1,1,1,1785462066
2026-07-31T01:41:36Z,273,14,5,1,0,0,1,1,1,1785461781
2026-07-31T01:41:36Z,274,10,5,8,1,0,1,1,1,1785461820
2026-07-31T01:41:36Z,275,6,0,17,0,0,1,1,1,1785461920
2026-07-31T01:41:36Z,276,1,1,25,1,0,1,1,1,1785461538
2026-07-31T01:41:36Z,277,0,0,19,4,0,1,1,1,1785461014
2026-07-31T01:41:36Z,278,4,2,24,2,1,1,1,1,1785461835
2026-07-31T01:41:36Z,279,1,1,18,0,0,1,1,1,1785461684
2026-07-31T01:41:36Z,280,0,0,29,2,0,1,1,1,1785462022
2026-07-31T01:41:36Z,281,17,1,2,0,0,1,1,1,1785460815
2026-07-31T01:41:36Z,282,3,2,14,1,0,1,1,1,1785460217
2026-07-31T01:41:36Z,283,17,0,18,0,0,1,1,1,1785461818
2026-07-31T01:41:36Z,284,18,1,14,3,0,1,1,1,1785461985
2026-07-31T01:41:36Z,285,3,1,20,0,0,1,1,1,1785460960
2026-07-31T01:41:36Z,286,16,12,5,2,0,1,1,1,1785461393
2026-07-31T01:41:36Z,287,10,0,11,2,0,1,1,1,1785461683
2026-07-31T01:41:36Z,288,9,8,10,0,0,1,1,1,1785460840
2026-07-31T01:41:36Z,289,5,4,20,2,0,1,1,1,1785461853
2026-07-31T01:41:36Z,290,2,0,30,7,0,1,1,1,1785461853
2026-07-31T01:41:36Z,291,3,0,19,1,0,1,1,1,1785462083
2026-07-31T01:41:36Z,292,0,0,23,0,0,1,1,1,1785461933
2026-07-31T01:41:36Z,293,9,5,13,1,0,1,1,1,1785462056
2026-07-31T01:41:36Z,294,4,3,14,5,0,1,1,1,1785462022
2026-07-31T01:41:36Z,297,14,3,3,1,1,1,1,1,1785461997
2026-07-31T01:41:36Z,301,11,0,7,1,0,1,1,1,1785461896
2026-07-31T01:41:36Z,302,14,0,9,0,0,1,1,1,1785461703
2026-07-31T01:41:36Z,303,6,0,13,0,0,1,1,1,1785461688
2026-07-31T01:41:36Z,304,0,0,0,0,0,0,1,1,86400
2026-07-31T01:41:36Z,305,17,0,2,0,0,1,1,1,1785461387
2026-07-31T01:41:36Z,306,5,1,27,0,0,1,1,1,1785462046
2026-07-31T01:41:36Z,307,15,2,7,1,0,1,1,1,1785462086
2026-07-31T01:41:36Z,308,7,0,10,2,0,1,1,1,1785461982
2026-07-31T01:41:36Z,309,2,0,11,1,0,1,1,1,1785461981
2026-07-31T01:41:36Z,311,14,0,0,1,0,1,1,1,1785462079
2026-07-31T01:41:36Z,312,0,0,19,3,1,1,1,1,1785461862
2026-07-31T01:41:36Z,313,10,1,5,0,0,1,1,1,1785460471
2026-07-31T01:41:36Z,314,4,2,11,3,0,1,1,1,1785461906
2026-07-31T01:41:36Z,315,14,11,14,3,0,1,1,1,1785461576
2026-07-31T01:41:36Z,316,18,4,6,6,1,1,1,1,1785461900
2026-07-31T01:41:36Z,317,0,0,29,1,1,1,1,1,1785462003
2026-07-31T01:41:36Z,318,13,0,6,0,0,1,1,1,1785461653
2026-07-31T01:41:36Z,319,0,0,22,1,0,1,1,1,1785462064
2026-07-31T01:41:36Z,320,1,0,17,1,0,1,1,1,1785460977
2026-07-31T01:41:36Z,321,8,0,9,2,0,1,1,1,1785461353
2026-07-31T01:41:36Z,322,5,0,23,1,0,1,1,1,1785461920
2026-07-31T01:41:36Z,323,12,0,7,0,0,1,1,1,1785461602
2026-07-31T01:41:36Z,324,9,2,16,2,0,1,1,1,1785462079
2026-07-31T01:41:36Z,325,2,1,23,2,0,1,1,1,1785461336
2026-07-31T01:41:36Z,327,23,3,3,1,0,1,1,1,1785462084
2026-07-31T01:41:36Z,328,4,0,17,1,0,1,1,1,1785462091
2026-07-31T01:41:36Z,329,7,1,12,0,0,1,1,1,1785461914
2026-07-31T01:41:36Z,330,2,0,20,0,0,1,1,1,1785461717
2026-07-31T01:41:36Z,331,15,1,6,2,0,1,1,1,1785461957
2026-07-31T01:41:36Z,332,4,0,14,1,0,1,1,1,1785461743
2026-07-31T01:41:36Z,333,8,4,13,2,0,1,1,1,1785462046
2026-07-31T01:41:36Z,334,8,2,15,0,0,1,1,1,1785461863
2026-07-31T01:41:36Z,335,0,0,22,0,1,1,1,1,1785459614
2026-07-31T01:41:36Z,336,7,0,11,1,0,1,1,1,1785462077
2026-07-31T01:41:36Z,337,13,0,6,4,0,1,1,1,1785462022
2026-07-31T01:41:36Z,338,15,9,4,0,0,1,1,1,1785462033
2026-07-31T01:41:36Z,339,5,3,18,0,0,1,1,1,1785461613
2026-07-31T01:41:36Z,340,5,3,9,1,0,1,1,1,1785461968
2026-07-31T01:41:36Z,341,10,2,9,0,0,1,1,1,1785462022
2026-07-31T01:41:36Z,342,8,5,7,0,0,1,1,1,1785461643
2026-07-31T01:41:36Z,343,2,0,20,1,0,1,1,1,1785461916
2026-07-31T01:41:36Z,344,20,6,3,0,0,1,1,1,1785461821
2026-07-31T01:41:36Z,345,16,2,3,0,0,1,1,1,1785461927
2026-07-31T01:41:36Z,346,6,5,17,0,0,1,1,1,1785461972
2026-07-31T01:41:36Z,347,23,4,19,2,0,1,1,1,1785462086
2026-07-31T01:41:36Z,348,14,0,7,1,1,1,1,1,1785461962
2026-07-31T01:41:36Z,349,5,1,12,2,0,1,1,1,1785462013
2026-07-31T01:41:36Z,350,13,1,12,1,1,1,1,1,1785460975
2026-07-31T01:41:36Z,351,5,2,13,5,0,1,1,1,1785461952
2026-07-31T01:41:36Z,355,3,0,20,0,0,1,1,1,1785461557
2026-07-31T01:41:36Z,356,10,1,9,0,0,1,1,1,1785461130
2026-07-31T01:41:36Z,357,0,0,19,0,0,1,1,1,1785461771
2026-07-31T01:41:36Z,358,10,2,17,0,0,1,1,1,1785460907
2026-07-31T01:41:36Z,359,2,0,25,0,0,1,1,1,1785461890
2026-07-31T01:41:36Z,360,12,4,7,0,0,1,1,1,1785461942
2026-07-31T01:41:36Z,362,9,6,9,1,0,1,1,1,1785461013
2026-07-31T01:41:36Z,363,13,0,14,0,0,1,1,1,1785461996
2026-07-31T01:41:36Z,364,11,2,7,1,0,1,1,1,1785461695
2026-07-31T01:41:36Z,365,0,0,16,7,0,1,1,1,1785461678
2026-07-31T01:41:36Z,366,8,5,9,6,0,1,1,1,1785462067
2026-07-31T01:41:36Z,367,15,8,2,2,0,1,1,1,1785460346
2026-07-31T01:41:36Z,368,14,4,8,1,0,1,1,1,1785461332
2026-07-31T01:41:36Z,370,4,3,22,1,0,1,1,1,1785461560
2026-07-31T01:41:36Z,371,8,6,10,1,0,1,1,1,1785461636
2026-07-31T01:41:36Z,372,5,1,10,0,0,1,1,1,1785460576
2026-07-31T01:41:36Z,373,13,6,14,0,0,1,1,1,1785461768
2026-07-31T01:41:36Z,374,2,0,15,2,0,1,1,1,1785462002
2026-07-31T01:41:36Z,375,13,1,11,3,0,1,1,1,1785462087
2026-07-31T01:41:36Z,376,20,2,17,2,0,1,1,1,1785461965
2026-07-31T01:41:36Z,377,3,1,23,1,0,1,1,1,1785461950
2026-07-31T01:41:36Z,378,12,2,10,1,1,1,1,1,1785461912
2026-07-31T01:41:36Z,379,7,0,20,0,0,1,1,1,1785461404
2026-07-31T01:41:36Z,380,7,1,16,0,0,1,1,1,1785461196
2026-07-31T01:41:36Z,381,5,0,16,2,0,1,1,1,1785462036
2026-07-31T01:41:36Z,383,9,1,5,1,0,1,1,1,1785461832
2026-07-31T01:41:36Z,384,25,1,1,1,0,1,1,1,1785461571
2026-07-31T01:41:36Z,385,0,0,16,2,0,1,1,1,1785461837
2026-07-31T01:41:36Z,387,2,0,21,0,0,1,1,1,1785460975
2026-07-31T01:41:36Z,388,9,1,39,1,0,1,1,1,1785461853
2026-07-31T01:41:36Z,389,6,5,9,0,0,1,1,1,1785461609
2026-07-31T01:41:36Z,390,31,4,4,0,0,1,1,1,1785461928
2026-07-31T01:41:36Z,391,4,0,11,0,0,1,1,1,1785459616
2026-07-31T01:41:36Z,392,2,2,16,1,0,1,1,1,1785461864
2026-07-31T01:41:36Z,393,0,0,9,2,0,1,1,1,1785462018
2026-07-31T01:41:36Z,394,2,1,9,2,0,1,1,1,1785461413
2026-07-31T01:41:36Z,396,11,11,27,4,0,1,1,1,1785461895
2026-07-31T01:41:36Z,397,5,4,26,0,0,1,1,1,1785461846
2026-07-31T01:41:36Z,399,6,1,9,2,0,1,1,1,1785460751
2026-07-31T01:41:36Z,400,10,6,11,2,0,1,1,1,1785461989
2026-07-31T01:41:36Z,401,2,2,29,8,0,1,1,1,1785460797
2026-07-31T01:41:36Z,403,12,6,17,2,0,1,1,1,1785462037
2026-07-31T01:41:36Z,404,4,1,18,1,0,1,1,1,1785461857
2026-07-31T01:41:36Z,406,32,1,2,1,0,1,1,1,1785460316
2026-07-31T01:41:36Z,407,13,1,20,1,0,1,1,1,1785462004
2026-07-31T01:41:36Z,408,1,0,32,0,0,1,1,1,1785462015
2026-07-31T01:41:36Z,409,19,2,1,3,0,1,1,1,1785461098
2026-07-31T01:41:36Z,413,11,2,11,1,0,1,1,1,1785461916
2026-07-31T01:41:36Z,414,12,2,3,0,0,1,1,1,1785462091
2026-07-31T01:41:36Z,417,6,4,13,0,0,1,1,1,1785462051
2026-07-31T01:41:36Z,418,0,0,14,1,0,1,1,1,1785461078
2026-07-31T01:41:36Z,419,11,0,11,1,0,1,1,1,1785461803
2026-07-31T01:41:36Z,421,17,1,2,0,0,1,1,1,1785462087
2026-07-31T01:41:36Z,422,2,1,24,1,0,1,1,1,1785462071
2026-07-31T01:41:36Z,423,6,0,16,1,0,1,1,1,1785462019
2026-07-31T01:41:36Z,424,1,0,12,2,0,1,1,1,1785462001
2026-07-31T01:41:36Z,425,1,1,20,0,1,1,1,1,1785461572
2026-07-31T01:41:36Z,426,0,0,34,3,0,1,1,1,1785460470
2026-07-31T01:41:36Z,427,3,0,11,1,0,1,1,1,1785461884
2026-07-31T01:41:36Z,428,7,2,11,1,0,1,1,1,1785462069
2026-07-31T01:41:36Z,429,2,2,19,2,0,1,1,1,1785461665
2026-07-31T01:41:36Z,430,14,1,16,1,0,1,1,1,1785461765
2026-07-31T01:41:36Z,431,14,0,18,1,0,1,1,1,1785461915
2026-07-31T01:41:36Z,432,18,1,11,2,0,1,1,1,1785462045
2026-07-31T01:41:36Z,433,7,4,14,2,0,1,1,1,1785460941
2026-07-31T01:41:36Z,437,4,4,14,1,0,1,1,1,1785462011
2026-07-31T01:41:36Z,438,3,0,15,1,0,1,1,1,1785461840
2026-07-31T01:41:36Z,439,2,1,13,0,0,1,1,1,1785461370
2026-07-31T01:41:36Z,440,2,1,11,2,0,1,1,1,1785461850
2026-07-31T01:41:36Z,441,5,0,10,0,0,1,1,1,1785462090
2026-07-31T01:41:36Z,442,12,5,6,1,0,1,1,1,1785462063
2026-07-31T01:41:36Z,443,3,0,24,0,0,1,1,1,1785456698
2026-07-31T01:41:36Z,444,0,0,23,0,0,1,1,1,1785461950
2026-07-31T01:41:36Z,445,7,2,15,1,0,1,1,1,1785462063
2026-07-31T01:41:36Z,446,2,2,20,1,0,1,1,1,1785457589
2026-07-31T01:41:36Z,447,1,0,20,1,1,1,1,1,1785441257
2026-07-31T01:41:36Z,448,9,3,4,1,1,1,1,1,1785462036
2026-07-31T01:41:36Z,452,4,1,13,2,0,1,1,1,1785462061
2026-07-31T01:41:36Z,453,2,0,12,1,0,1,1,1,1785461669
2026-07-31T01:41:36Z,454,3,0,16,0,0,1,1,1,1785461704
2026-07-31T01:41:36Z,455,0,0,39,0,0,1,1,1,1785460394
2026-07-31T01:41:36Z,456,14,6,5,1,0,1,1,1,1785461967
2026-07-31T01:41:36Z,457,11,0,14,2,0,1,1,1,1785461456
2026-07-31T01:41:36Z,458,7,1,15,1,0,1,1,1,1785461787
2026-07-31T01:41:36Z,459,11,0,4,0,0,1,1,1,1785458362
2026-07-31T01:41:36Z,460,9,0,13,1,0,1,1,1,1785461836
2026-07-31T01:41:36Z,461,1,0,17,1,0,1,1,1,1785462030
2026-07-31T01:41:36Z,462,7,1,14,0,0,1,1,1,1785461986
2026-07-31T01:41:36Z,463,10,1,9,0,0,1,1,1,1785460840
2026-07-31T01:41:36Z,464,2,1,12,0,0,1,1,1,1785461120
2026-07-31T01:41:36Z,465,2,1,13,0,0,1,1,1,1785459861
2026-07-31T01:41:36Z,466,11,3,3,1,0,1,1,1,1785461194
2026-07-31T01:41:36Z,467,4,1,15,0,0,1,1,1,1785462062
2026-07-31T01:41:36Z,468,12,0,6,1,0,1,1,1,1785461838
2026-07-31T01:41:36Z,469,1,0,21,1,0,1,1,1,1785459683
2026-07-31T01:41:36Z,470,5,0,9,1,0,1,1,1,1785462088
2026-07-31T01:41:36Z,471,20,4,7,0,0,1,1,1,1785460217
2026-07-31T01:41:36Z,472,7,3,11,1,0,1,1,1,1785462084
2026-07-31T01:41:36Z,473,5,1,11,3,0,1,1,1,1785461977
2026-07-31T01:41:36Z,474,15,0,3,1,0,1,1,1,1785461436
2026-07-31T01:41:36Z,475,0,0,19,0,0,1,1,1,1785461980
2026-07-31T01:41:36Z,477,7,6,7,1,0,1,1,1,1785461953
2026-07-31T01:41:36Z,478,19,4,12,0,0,1,1,1,1785462000
2026-07-31T01:41:36Z,479,6,1,20,1,0,1,1,1,1785462082
2026-07-31T01:41:36Z,480,4,1,8,3,0,1,1,1,1785461580
2026-07-31T01:41:36Z,481,15,0,19,1,0,1,1,1,1785461862
2026-07-31T01:41:36Z,482,5,0,13,1,0,1,1,1,1785461122
2026-07-31T01:41:36Z,483,23,1,1,3,0,1,1,1,1785462084
2026-07-31T01:41:36Z,484,3,0,15,1,0,1,1,1,1785461610
2026-07-31T01:41:36Z,485,12,6,5,1,1,1,1,1,1785461850
2026-07-31T01:41:36Z,486,4,0,21,2,0,1,1,1,1785462087
2026-07-31T01:41:36Z,487,0,0,18,1,0,1,1,1,1785461882
2026-07-31T01:41:36Z,489,11,4,4,0,0,1,1,1,1785461956
2026-07-31T01:41:36Z,490,5,2,11,0,0,1,1,1,1785461427
2026-07-31T01:41:36Z,491,16,2,5,0,0,1,1,1,1785460667
2026-07-31T01:41:36Z,492,4,3,4,3,0,1,1,1,1785462087
2026-07-31T01:41:36Z,493,0,0,26,1,0,1,1,1,1785462035
2026-07-31T01:41:36Z,495,10,1,4,1,0,1,1,1,1785461274
2026-07-31T01:41:36Z,496,22,2,5,0,0,1,1,1,1785461820
2026-07-31T01:41:36Z,497,2,0,16,1,0,1,1,1,1785462019
2026-07-31T01:41:36Z,498,5,4,18,0,0,1,1,1,1785461684
2026-07-31T01:41:36Z,499,8,2,11,0,0,1,1,1,1785460598
2026-07-31T01:41:36Z,500,7,2,2,6,0,1,1,1,1785461855
2026-07-31T01:41:36Z,501,3,2,17,1,0,1,1,1,1785461228
2026-07-31T01:41:36Z,502,3,0,16,0,0,1,1,1,1785460816
2026-07-31T01:41:36Z,503,21,0,8,2,0,1,1,1,1785461819
2026-07-31T01:41:36Z,504,1,0,37,1,0,1,1,1,1785461748
2026-07-31T01:41:36Z,505,1,1,10,1,0,1,1,1,1785462050
2026-07-31T01:41:36Z,511,1,0,22,0,0,1,1,1,1785461152
2026-07-31T01:41:36Z,512,1,0,26,0,0,1,1,1,1785461029
2026-07-31T01:41:36Z,514,9,1,0,2,0,1,1,1,1785461392
2026-07-31T01:41:36Z,515,4,0,15,0,0,1,1,1,1785461097
2026-07-31T01:41:36Z,516,1,0,26,0,0,1,1,1,1785461980
2026-07-31T01:41:36Z,517,6,0,16,1,0,1,1,1,1785461312
2026-07-31T01:41:36Z,518,11,2,3,1,0,1,1,1,1785461496
2026-07-31T01:41:36Z,519,4,3,15,0,0,1,1,1,1785461549
2026-07-31T01:41:36Z,520,9,5,13,4,1,1,1,1,1785462088
2026-07-31T01:41:36Z,521,5,3,18,0,0,1,1,1,1785461981
2026-07-31T01:41:36Z,522,23,1,0,0,0,1,1,1,1785462081
2026-07-31T01:41:36Z,523,2,1,19,2,0,1,1,1,1785461988
2026-07-31T01:41:36Z,524,23,1,0,0,0,1,1,1,1785462064
2026-07-31T01:41:36Z,525,18,0,1,0,0,1,1,1,1785462085
2026-07-31T01:41:36Z,526,10,1,4,1,0,1,1,1,1785462021
2026-07-31T01:41:36Z,527,3,1,20,3,0,1,1,1,1785461930
2026-07-31T01:41:36Z,528,17,0,6,0,0,1,1,1,1785461537
2026-07-31T01:41:36Z,529,7,6,7,5,0,1,1,1,1785462091
2026-07-31T01:41:36Z,530,5,0,15,1,0,1,1,1,1785462086
2026-07-31T01:41:36Z,531,10,0,11,1,1,1,1,1,1785461593
2026-07-31T01:41:36Z,532,5,3,24,1,1,1,1,1,1785457478
2026-07-31T01:41:36Z,533,9,1,9,1,0,1,1,1,1785462039
2026-07-31T01:41:36Z,534,0,0,23,0,0,1,1,1,1785462032
2026-07-31T01:41:36Z,535,2,1,12,1,0,1,1,1,1785461535
2026-07-31T01:41:36Z,536,7,0,16,0,0,1,1,1,1785461718
2026-07-31T01:41:36Z,537,11,5,9,0,0,1,1,1,1785461758
2026-07-31T01:41:36Z,538,6,1,15,0,2,1,1,1,1785461956
2026-07-31T01:41:36Z,539,2,2,29,0,0,1,1,1,1785461556
2026-07-31T01:41:36Z,540,3,3,16,0,0,1,1,1,1785461243
2026-07-31T01:41:36Z,541,16,2,11,0,0,1,1,1,1785461050
2026-07-31T01:41:36Z,542,0,0,22,1,0,1,1,1,1785461238
2026-07-31T01:41:36Z,543,1,0,18,0,0,1,1,1,1785461833
2026-07-31T01:41:36Z,544,3,1,15,4,0,1,1,1,1785462083
2026-07-31T01:41:36Z,545,8,2,7,4,0,1,1,1,1785462046
2026-07-31T01:41:36Z,546,15,3,4,0,0,1,1,1,1785462009
2026-07-31T01:41:36Z,547,11,2,13,1,0,1,1,1,1785461884
2026-07-31T01:41:36Z,548,5,0,18,0,0,1,1,1,1785461902
2026-07-31T01:41:36Z,549,17,1,6,0,0,1,1,1,1785461793
2026-07-31T01:41:36Z,550,0,0,19,0,0,1,1,1,1785460812
2026-07-31T01:41:36Z,551,14,4,9,0,0,1,1,1,1785460771
2026-07-31T01:41:36Z,552,21,1,6,0,0,1,1,1,1785461810
2026-07-31T01:41:36Z,553,4,3,18,0,1,1,1,1,1785461877
2026-07-31T01:41:36Z,554,0,0,19,0,0,1,1,1,1785461514
2026-07-31T01:41:36Z,555,11,5,3,1,0,1,1,1,1785462074
2026-07-31T01:41:36Z,556,8,4,14,1,0,1,1,1,1785462020
2026-07-31T01:41:36Z,557,3,2,14,6,0,1,1,1,1785461935
2026-07-31T01:41:36Z,558,8,6,27,2,0,1,1,1,1785462079
2026-07-31T01:41:36Z,559,0,0,18,1,0,1,1,1,1785457401
2026-07-31T01:41:36Z,560,0,0,27,0,0,1,1,1,1785461304
2026-07-31T01:41:36Z,561,18,0,3,2,0,1,1,1,1785461783
2026-07-31T01:41:36Z,562,30,1,0,5,0,1,1,1,1785462088
2026-07-31T01:41:36Z,563,8,0,6,0,0,1,1,1,1785461998
2026-07-31T01:41:36Z,564,5,1,13,1,0,1,1,1,1785461541
2026-07-31T01:41:36Z,565,10,2,9,0,0,1,1,1,1785461903
2026-07-31T01:41:36Z,566,3,0,15,1,0,1,1,1,1785461805
2026-07-31T01:41:36Z,567,19,1,7,1,0,1,1,1,1785461798
2026-07-31T01:41:36Z,568,7,0,10,2,0,1,1,1,1785462024
2026-07-31T01:41:36Z,569,10,0,9,0,0,1,1,1,1785461755
2026-07-31T01:41:36Z,570,7,2,12,0,0,1,1,1,1785462028
2026-07-31T01:41:36Z,571,12,0,10,1,0,1,1,1,1785461868
2026-07-31T01:41:36Z,572,6,3,12,1,0,1,1,1,1785462075
2026-07-31T01:41:36Z,573,15,0,0,0,0,1,1,1,1785460519
2026-07-31T01:41:36Z,574,8,2,7,0,0,1,1,1,1785461770
2026-07-31T01:41:36Z,575,10,0,10,1,0,1,1,1,1785461291
2026-07-31T01:41:36Z,576,1,0,17,1,0,1,1,1,1785461563
2026-07-31T01:41:36Z,577,26,0,5,0,0,1,1,1,1785461951
2026-07-31T01:41:36Z,578,8,3,14,1,0,1,1,1,1785461759
2026-07-31T01:41:36Z,579,33,2,10,0,0,1,1,1,1785461702
2026-07-31T01:41:36Z,580,8,0,21,0,0,1,1,1,1785461549
2026-07-31T01:41:36Z,581,17,1,2,0,0,1,1,1,1785462070
2026-07-31T01:41:36Z,582,3,1,55,3,0,1,1,1,1785461849
2026-07-31T01:41:36Z,583,16,1,6,1,0,1,1,1,1785461538
2026-07-31T01:41:36Z,584,3,1,11,5,0,1,1,1,1785461958
2026-07-31T01:41:36Z,585,14,0,12,0,1,1,1,1,1785461805
2026-07-31T01:41:36Z,586,20,3,14,1,0,1,1,1,1785461968
2026-07-31T01:41:36Z,587,22,0,1,1,0,1,1,1,1785461881
2026-07-31T01:41:36Z,588,6,2,10,3,0,1,1,1,1785462048
2026-07-31T01:41:36Z,589,0,0,0,23,0,1,1,1,1785461790
2026-07-31T01:41:36Z,590,20,6,9,2,0,1,1,1,1785462091
2026-07-31T01:41:36Z,591,23,0,5,2,0,1,1,1,1785461970
2026-07-31T01:41:36Z,592,2,0,21,0,0,1,1,1,1785461900
2026-07-31T01:41:36Z,593,5,0,33,0,0,1,1,1,1785461280
2026-07-31T01:41:36Z,594,20,2,1,0,0,1,1,1,1785462008
2026-07-31T01:41:36Z,595,0,0,3,0,0,0,1,1,1784046673
2026-07-31T01:41:36Z,605,0,0,2,1,0,0,1,1,1783975843
2026-07-31T01:41:36Z,606,0,0,0,0,0,0,1,1,86400
2026-07-31T01:41:36Z,607,25,1,6,1,0,1,1,1,1785462005
2026-07-31T01:41:36Z,608,1,0,49,0,0,1,1,1,1785462021
2026-07-31T01:41:36Z,609,1,1,22,0,0,1,1,1,1785461605
2026-07-31T01:41:36Z,610,0,0,35,0,0,1,1,1,1785461884
2026-07-31T01:41:36Z,611,15,0,11,1,0,1,1,1,1785461518
2026-07-31T01:41:36Z,612,7,1,8,0,0,1,1,1,1785455780
2026-07-31T01:41:36Z,613,10,0,1,4,0,1,1,1,1785461915
2026-07-31T01:41:36Z,614,19,3,6,1,1,1,1,1,1785461928
2026-07-31T01:41:36Z,617,2,1,12,1,0,1,1,1,1785461438
2026-07-31T01:41:36Z,618,11,2,4,4,0,1,1,1,1785460040
2026-07-31T01:41:36Z,619,5,5,14,0,0,1,1,1,1785461727
2026-07-31T01:41:36Z,620,0,0,26,1,0,1,1,1,1785459814
2026-07-31T01:41:36Z,621,6,3,16,1,0,1,1,1,1785462006
2026-07-31T01:41:36Z,622,6,5,13,4,0,1,1,1,1785462090
2026-07-31T01:41:36Z,623,5,1,24,1,0,1,1,1,1785461313
2026-07-31T01:41:36Z,624,4,1,11,0,0,1,1,1,1785461567
2026-07-31T01:41:36Z,625,3,0,16,2,0,1,1,1,1785461872
2026-07-31T01:41:36Z,626,2,0,42,1,2,1,1,1,1785461713
2026-07-31T01:41:36Z,627,14,6,5,0,0,1,1,1,1785458008
2026-07-31T01:41:36Z,628,1,0,15,2,1,1,1,1,1785461911
2026-07-31T01:41:36Z,629,4,1,5,2,0,1,1,1,1785462057
2026-07-31T01:41:36Z,630,3,2,21,3,0,1,1,1,1785461839
2026-07-31T01:41:36Z,631,1,1,22,0,0,1,1,1,1785461151
2026-07-31T01:41:36Z,632,22,2,0,1,0,1,1,1,1785458363
2026-07-31T01:41:36Z,633,11,1,0,4,0,1,1,1,1785462027
2026-07-31T01:41:36Z,634,9,1,9,1,0,1,1,1,1785461298
2026-07-31T01:41:36Z,635,13,1,5,1,0,1,1,1,1785461600
2026-07-31T01:41:36Z,636,8,1,6,1,0,1,1,1,1785460102
2026-07-31T01:41:36Z,637,10,1,9,0,0,1,1,1,1785460625
2026-07-31T01:41:36Z,638,8,2,8,3,0,1,1,1,1785461217
2026-07-31T01:41:36Z,639,4,1,13,2,0,1,1,1,1785462047
2026-07-31T01:41:36Z,640,2,2,20,1,0,1,1,1,1785461847
2026-07-31T01:41:36Z,641,4,1,21,1,0,1,1,1,1785462064
2026-07-31T01:41:36Z,642,2,2,9,8,0,1,1,1,1785462088
2026-07-31T01:41:36Z,643,14,0,5,8,0,1,1,1,1785461993
2026-07-31T01:41:36Z,644,9,0,5,1,0,1,1,1,1785460308
2026-07-31T01:41:36Z,645,8,0,14,0,1,1,1,1,1785461756
2026-07-31T01:41:36Z,646,1,1,18,0,0,1,1,1,1785461193
2026-07-31T01:41:36Z,647,21,0,9,1,0,1,1,1,1785462085
2026-07-31T01:41:36Z,648,6,3,11,1,1,1,1,1,1785461802
2026-07-31T01:41:36Z,649,26,2,4,1,0,1,1,1,1785460805
2026-07-31T01:41:36Z,650,5,1,9,0,0,1,1,1,1785461548
2026-07-31T01:41:36Z,651,5,5,18,0,0,1,1,1,1785462039
2026-07-31T01:41:36Z,652,0,0,21,2,0,1,1,1,1785461833
2026-07-31T01:41:36Z,653,3,1,15,1,0,1,1,1,1785461958
2026-07-31T01:41:36Z,654,1,1,14,0,0,1,1,1,1785461395
2026-07-31T01:41:36Z,655,7,3,1,4,1,1,1,1,1785461960
2026-07-31T01:41:36Z,656,13,6,6,0,0,1,1,1,1785461939
2026-07-31T01:41:36Z,657,11,5,1,2,3,1,1,1,1785461889
2026-07-31T01:41:36Z,658,8,0,2,0,0,1,1,1,1785460467
2026-07-31T01:41:36Z,659,7,2,7,1,0,1,1,1,1785461831
2026-07-31T01:41:36Z,660,3,2,25,3,0,1,1,1,1785462037
2026-07-31T01:41:36Z,661,3,2,16,0,0,1,1,1,1785460701
2026-07-31T01:41:36Z,662,6,3,13,4,0,1,1,1,1785460993
2026-07-31T01:41:36Z,663,6,3,8,1,0,1,1,1,1785461809
2026-07-31T01:41:36Z,664,0,0,26,1,0,1,1,1,1785461899
2026-07-31T01:41:36Z,665,9,2,6,0,0,1,1,1,1785461993
2026-07-31T01:41:36Z,666,6,4,7,2,0,1,1,1,1785457342
2026-07-31T01:41:36Z,667,16,6,2,1,0,1,1,1,1785462011
2026-07-31T01:41:36Z,668,14,1,3,2,0,1,1,1,1785461220
2026-07-31T01:41:36Z,669,9,3,5,0,0,1,1,1,1785461112
2026-07-31T01:41:36Z,670,5,3,22,0,0,1,1,1,1785461954
2026-07-31T01:41:36Z,671,11,1,15,1,0,1,1,1,1785461900
2026-07-31T01:41:36Z,672,5,2,14,3,1,1,1,1,1785461087
2026-07-31T01:41:36Z,673,3,0,20,0,0,1,1,1,1785461323
2026-07-31T01:41:36Z,674,0,0,20,3,0,1,1,1,1785462072
2026-07-31T01:41:36Z,675,7,4,6,2,0,1,1,1,1785461709
2026-07-31T01:41:36Z,676,11,1,11,0,0,1,1,1,1785461487
2026-07-31T01:41:36Z,681,1,1,9,5,0,1,1,1,1785461968
2026-07-31T01:41:36Z,682,4,1,14,1,0,1,1,1,1785387864
2026-07-31T01:41:36Z,683,5,1,14,0,0,1,1,1,1785461428
2026-07-31T01:41:36Z,684,2,0,25,0,0,1,1,1,1785456431
2026-07-31T01:41:36Z,685,6,0,19,1,1,1,1,1,1785461617
2026-07-31T01:41:36Z,686,11,0,14,1,1,1,1,1,1785461945
2026-07-31T01:41:36Z,687,11,0,18,1,1,1,1,1,1785461833
2026-07-31T01:41:36Z,688,8,1,4,7,0,1,1,1,1785461870
2026-07-31T01:41:36Z,692,0,0,21,0,0,1,1,1,1785460379
2026-07-31T01:41:36Z,693,7,0,1,3,0,1,1,1,1785461830
2026-07-31T01:41:36Z,694,8,5,12,1,0,1,1,1,1785461512
2026-07-31T01:41:36Z,695,6,3,16,1,0,1,1,1,1785461606
2026-07-31T01:41:36Z,696,18,12,5,0,0,1,1,1,1785461809
2026-07-31T01:41:36Z,697,22,0,1,0,0,1,1,1,1785461991
2026-07-31T01:41:36Z,698,3,0,24,0,0,1,1,1,1785462057
2026-07-31T01:41:36Z,699,7,0,7,1,0,1,1,1,1785462068
2026-07-31T01:41:36Z,700,13,4,5,1,0,1,1,1,1785462044
2026-07-31T01:41:36Z,701,15,4,3,1,0,1,1,1,1785461627
2026-07-31T01:41:36Z,702,14,0,8,1,0,1,1,1,1785460374
2026-07-31T01:41:36Z,704,5,1,10,0,0,1,1,1,1785461030
2026-07-31T01:41:36Z,705,2,2,12,1,0,1,1,1,1785461553
2026-07-31T01:41:36Z,706,7,0,4,4,0,1,1,1,1785461859
2026-07-31T01:41:36Z,707,3,1,10,2,0,1,1,1,1785460459
2026-07-31T01:41:36Z,708,19,0,0,0,0,1,1,1,1785460758
2026-07-31T01:41:36Z,709,11,1,0,4,0,1,1,1,1785461063
2026-07-31T01:41:36Z,710,7,0,12,0,0,1,1,1,1785461644
2026-07-31T01:41:36Z,711,12,3,8,3,0,1,1,1,1785461978
2026-07-31T01:41:36Z,712,7,2,8,0,0,1,1,1,1785462048
2026-07-31T01:41:36Z,713,0,0,23,0,0,1,1,1,1785460841
2026-07-31T01:41:36Z,716,3,1,12,0,0,1,1,1,1785461947
2026-07-31T01:41:36Z,717,4,0,18,3,0,1,1,1,1785461986
2026-07-31T01:41:36Z,718,0,0,14,1,0,1,1,1,1785461811
2026-07-31T01:41:36Z,719,3,1,26,0,0,1,1,1,1785461134
2026-07-31T01:41:36Z,720,2,1,17,0,0,1,1,1,1785460437
2026-07-31T01:41:36Z,721,0,0,21,2,0,1,1,1,1785461176
2026-07-31T01:41:36Z,722,2,0,13,0,0,1,1,1,1785461998
2026-07-31T01:41:36Z,723,12,2,11,0,0,1,1,1,1785461957
2026-07-31T01:41:36Z,724,18,6,5,0,0,1,1,1,1785462080
2026-07-31T01:41:36Z,725,4,0,19,0,0,1,1,1,1785462076
2026-07-31T01:41:36Z,726,10,2,9,0,0,1,1,1,1785462057
2026-07-31T01:41:36Z,727,9,4,12,2,0,1,1,1,1785461116
2026-07-31T01:41:36Z,728,10,1,5,0,0,1,1,1,1785460745
2026-07-31T01:41:36Z,729,19,2,0,0,0,1,1,1,1785461628
2026-07-31T01:41:36Z,730,4,3,10,1,0,1,1,1,1785461334
2026-07-31T01:41:36Z,731,6,1,9,0,0,1,1,1,1785461273
2026-07-31T01:41:36Z,732,7,4,8,0,0,1,1,1,1785461771
2026-07-31T01:41:36Z,733,24,2,2,1,0,1,1,1,1785461720
2026-07-31T01:41:36Z,734,2,1,12,0,0,1,1,1,1785461489
2026-07-31T01:41:36Z,735,2,2,25,0,0,1,1,1,1785462087
2026-07-31T01:41:36Z,736,3,0,16,0,0,1,1,1,1785460857
2026-07-31T01:41:36Z,737,2,1,10,2,1,1,1,1,1785461058
2026-07-31T01:41:36Z,738,9,0,8,2,0,1,1,1,1785461055
2026-07-31T01:41:36Z,739,16,2,10,1,0,1,1,1,1785461071
2026-07-31T01:41:36Z,741,6,1,17,0,0,1,1,1,1785461164
2026-07-31T01:41:36Z,742,11,8,20,4,0,1,1,1,1785462069
2026-07-31T01:41:36Z,743,1,1,17,1,0,1,1,1,1785461818
2026-07-31T01:41:36Z,744,8,3,6,1,0,1,1,1,1785461472
2026-07-31T01:41:36Z,745,14,4,4,1,0,1,1,1,1785461113
2026-07-31T01:41:36Z,746,5,0,15,3,0,1,1,1,1785461881
2026-07-31T01:41:36Z,747,0,0,4,0,0,0,1,1,1783446606
2026-07-31T01:41:36Z,748,10,1,13,0,0,1,1,1,1785461852
2026-07-31T01:41:36Z,749,1,1,22,0,0,1,1,1,1785461949
2026-07-31T01:41:36Z,750,5,4,5,1,0,1,1,1,1785461822
2026-07-31T01:41:36Z,751,0,0,22,1,0,1,1,1,1785461917
2026-07-31T01:41:36Z,752,7,1,9,1,0,1,1,1,1785461458
2026-07-31T01:41:36Z,753,15,6,0,0,0,1,1,1,1785462087
2026-07-31T01:41:36Z,754,1,1,13,1,0,1,1,1,1785461728
2026-07-31T01:41:36Z,755,2,1,19,2,0,1,1,1,1785461776
2026-07-31T01:41:36Z,756,1,1,36,0,0,1,1,1,1785461930
2026-07-31T01:41:36Z,757,4,2,15,0,0,1,1,1,1785462051
2026-07-31T01:41:36Z,758,8,8,15,0,0,1,1,1,1785461481
2026-07-31T01:41:36Z,759,5,3,10,0,0,1,1,1,1785461254
2026-07-31T01:41:36Z,760,7,3,11,1,0,1,1,1,1785461275
2026-07-31T01:41:36Z,761,4,0,19,0,0,1,1,1,1785461949
2026-07-31T01:41:36Z,762,5,4,6,4,0,1,1,1,1785460332
2026-07-31T01:41:36Z,768,10,0,7,2,0,1,1,1,1785461370
2026-07-31T01:41:36Z,769,15,6,4,0,0,1,1,1,1785462047
2026-07-31T01:41:36Z,770,11,2,6,2,0,1,1,1,1785460903
2026-07-31T01:41:36Z,771,13,3,1,1,0,1,1,1,1785460318
2026-07-31T01:41:36Z,772,5,2,10,0,0,1,1,1,1785460993
2026-07-31T01:41:36Z,773,14,3,4,1,0,1,1,1,1785462086
2026-07-31T01:41:36Z,774,2,2,10,3,0,1,1,1,1785461527
2026-07-31T01:41:36Z,775,6,0,11,1,1,1,1,1,1785460498
2026-07-31T01:41:36Z,776,3,1,17,1,0,1,1,1,1785461076
2026-07-31T01:41:36Z,777,9,0,3,3,0,1,1,1,1785461063
2026-07-31T01:41:36Z,778,13,0,3,3,0,1,1,1,1785460861
2026-07-31T01:41:36Z,779,8,1,10,1,0,1,1,1,1785461518
2026-07-31T01:41:36Z,780,15,2,3,1,0,1,1,1,1785462053
2026-07-31T01:41:36Z,781,3,1,6,2,0,1,1,1,1785461735
2026-07-31T01:41:36Z,782,2,0,14,3,0,1,1,1,1785462052
2026-07-31T01:41:36Z,783,4,0,15,0,0,1,1,1,1785461741
2026-07-31T01:41:36Z,784,14,0,2,3,0,1,1,1,1785461996
2026-07-31T01:41:36Z,785,9,0,4,6,0,1,1,1,1785461894
2026-07-31T01:41:36Z,786,9,4,10,0,0,1,1,1,1785461753
2026-07-31T01:41:36Z,787,11,5,2,2,0,1,1,1,1785461518
2026-07-31T01:41:36Z,788,3,0,12,0,0,1,1,1,1785460416
2026-07-31T01:41:36Z,789,6,2,5,4,0,1,1,1,1785460672
2026-07-31T01:41:36Z,790,6,2,17,0,0,1,1,1,1785460993
2026-07-31T01:41:36Z,791,6,0,12,0,1,1,1,1,1785461958
2026-07-31T01:41:36Z,793,4,0,10,1,0,1,1,1,1785460827
2026-07-31T01:41:36Z,794,9,1,19,1,0,1,1,1,1785461992
2026-07-31T01:41:36Z,796,5,2,13,1,0,1,1,1,1785461562
2026-07-31T01:41:36Z,797,4,0,11,0,0,1,1,1,1785461370
2026-07-31T01:41:36Z,798,4,0,20,1,0,1,1,1,1785460700
2026-07-31T01:41:36Z,799,11,1,4,4,0,1,1,1,1785461710
2026-07-31T01:41:36Z,800,20,4,0,1,0,1,1,1,1785461967
2026-07-31T01:41:36Z,801,0,0,20,1,0,1,1,1,1785460775
2026-07-31T01:41:36Z,802,9,0,22,0,0,1,1,1,1785461172
2026-07-31T01:41:36Z,803,0,0,14,1,0,1,1,1,1785460383
2026-07-31T01:41:36Z,806,4,4,11,0,0,1,1,1,1785460586
2026-07-31T01:41:36Z,807,2,2,22,1,0,1,1,1,1785461858
2026-07-31T01:41:36Z,808,5,0,18,2,0,1,1,1,1785459824
2026-07-31T01:41:36Z,809,5,1,17,1,0,1,1,1,1785460510
2026-07-31T01:41:36Z,810,3,1,12,4,0,1,1,1,1785460936
2026-07-31T01:41:36Z,815,5,0,5,4,1,1,1,1,1785460557
2026-07-31T01:41:36Z,817,8,4,7,0,0,1,1,1,1785461708
2026-07-31T01:41:36Z,818,5,0,17,1,0,1,1,1,1785461038
2026-07-31T01:41:36Z,819,6,4,9,0,0,1,1,1,1785460987
2026-07-31T01:41:36Z,820,7,1,10,0,0,1,1,1,1785461657
2026-07-31T01:41:36Z,821,2,1,13,0,0,1,1,1,1785461906
2026-07-31T01:41:36Z,822,20,1,0,3,0,1,1,1,1785462074
2026-07-31T01:41:36Z,823,14,1,0,1,0,1,1,1,1785462032
2026-07-31T01:41:36Z,824,8,3,10,1,0,1,1,1,1785461935
2026-07-31T01:41:36Z,825,9,5,6,0,0,1,1,1,1785457432
2026-07-31T01:41:36Z,826,4,1,14,1,0,1,1,1,1785461454
2026-07-31T01:41:36Z,827,14,5,6,1,0,1,1,1,1785460917
2026-07-31T01:41:36Z,828,8,2,9,1,0,1,1,1,1785461709
2026-07-31T01:41:36Z,829,14,6,13,0,0,1,1,1,1785461642
2026-07-31T01:41:36Z,830,12,0,10,1,0,1,1,1,1785461810
2026-07-31T01:41:36Z,831,3,3,11,1,0,1,1,1,1785462034
2026-07-31T01:41:36Z,832,10,4,5,3,0,1,1,1,1785462057
2026-07-31T01:41:36Z,833,1,1,17,1,0,1,1,1,1785461821
2026-07-31T01:41:36Z,834,8,1,14,2,0,1,1,1,1785462086
2026-07-31T01:41:36Z,835,7,1,10,1,0,1,1,1,1785461544
2026-07-31T01:41:36Z,837,5,1,0,10,0,1,1,1,1785462042
2026-07-31T01:41:36Z,838,10,1,4,1,0,1,1,1,1785461849
2026-07-31T01:41:36Z,839,6,3,23,0,0,1,1,1,1785461984
2026-07-31T01:41:36Z,840,4,0,23,2,0,1,1,1,1785462067
2026-07-31T01:41:36Z,841,7,1,8,0,0,1,1,1,1785462031
2026-07-31T01:41:36Z,842,6,1,17,0,0,1,1,1,1785461742
2026-07-31T01:41:36Z,843,11,0,19,1,0,1,1,1,1785461888
2026-07-31T01:41:36Z,844,6,1,17,0,0,1,1,1,1785461815
2026-07-31T01:41:36Z,845,5,3,12,2,0,1,1,1,1785460332
2026-07-31T01:41:36Z,846,4,0,13,2,0,1,1,1,1785461285
2026-07-31T01:41:36Z,847,4,1,23,0,0,1,1,1,1785460990
2026-07-31T01:41:36Z,848,7,0,11,1,0,1,1,1,1785461494
2026-07-31T01:41:36Z,849,8,2,6,1,0,1,1,1,1785461364
2026-07-31T01:41:36Z,850,9,0,1,1,0,1,1,1,1785461360
2026-07-31T01:41:36Z,851,0,0,35,2,0,1,1,1,1785461087
2026-07-31T01:41:36Z,852,10,4,8,1,0,1,1,1,1785461889
2026-07-31T01:41:36Z,853,9,4,13,1,0,1,1,1,1785461114
2026-07-31T01:41:36Z,854,2,2,13,0,0,1,1,1,1785461023
2026-07-31T01:41:36Z,855,13,1,14,0,0,1,1,1,1785462044
2026-07-31T01:41:36Z,857,0,0,18,1,0,1,1,1,1785462086
2026-07-31T01:41:36Z,858,4,1,14,1,0,1,1,1,1785460683
2026-07-31T01:41:36Z,859,3,0,17,1,0,1,1,1,1785460930
2026-07-31T01:41:36Z,861,8,1,2,1,0,1,1,1,1785455675
2026-07-31T01:41:36Z,862,2,1,13,0,0,1,1,1,1785462054
2026-07-31T01:41:36Z,863,10,0,8,1,0,1,1,1,1785461160
2026-07-31T01:41:36Z,866,6,0,12,1,0,1,1,1,1785460485
2026-07-31T01:41:36Z,867,12,0,3,0,0,1,1,1,1785461676
2026-07-31T01:41:36Z,868,13,2,2,0,0,1,1,1,1785461850
2026-07-31T01:41:36Z,870,7,5,7,1,0,1,1,1,1785462065
2026-07-31T01:41:36Z,871,0,0,10,1,0,1,1,1,1785461481
2026-07-31T01:41:36Z,872,0,0,14,1,0,1,1,1,1785461994
2026-07-31T01:41:36Z,873,0,0,32,1,0,1,1,1,1785461847
2026-07-31T01:41:36Z,874,2,0,10,3,0,1,1,1,1785461765
2026-07-31T01:41:36Z,875,14,10,0,1,0,1,1,1,1785462085
2026-07-31T01:41:36Z,877,12,11,6,1,0,1,1,1,1785461541
2026-07-31T01:41:36Z,878,2,2,16,1,0,1,1,1,1785461118
2026-07-31T01:41:36Z,879,2,0,17,0,0,1,1,1,1785461186
2026-07-31T01:41:36Z,880,4,1,18,1,0,1,1,1,1785462088
2026-07-31T01:41:36Z,881,3,0,16,0,0,1,1,1,1785461984
2026-07-31T01:41:36Z,882,11,0,6,2,0,1,1,1,1785457778
2026-07-31T01:41:36Z,883,10,6,9,0,0,1,1,1,1785460477
2026-07-31T01:41:36Z,884,11,7,10,0,0,1,1,1,1785461518
2026-07-31T01:41:36Z,885,0,0,19,0,0,1,1,1,1785461851
2026-07-31T01:41:36Z,886,0,0,28,1,0,1,1,1,1785460744
2026-07-31T01:41:36Z,887,0,0,14,3,0,1,1,1,1785460798
2026-07-31T01:41:36Z,888,18,1,21,2,0,1,1,1,1785461900
2026-07-31T01:41:36Z,889,6,0,11,2,0,1,1,1,1785461714
2026-07-31T01:41:36Z,890,5,2,9,1,0,1,1,1,1785461217
2026-07-31T01:41:36Z,891,15,0,7,1,0,1,1,1,1785461630
2026-07-31T01:41:36Z,892,12,1,3,0,0,1,1,1,1785456450
2026-07-31T01:41:36Z,895,0,0,18,1,0,1,1,1,1785462045
2026-07-31T01:41:36Z,896,26,2,9,0,0,1,1,1,1785461881
2026-07-31T01:41:36Z,897,7,0,14,0,0,1,1,1,1785462017
2026-07-31T01:41:36Z,898,0,0,19,0,0,1,1,1,1785461777
2026-07-31T01:41:36Z,899,19,2,0,0,0,1,1,1,1785461001
2026-07-31T01:41:36Z,900,27,2,0,0,0,1,1,1,1785461987
2026-07-31T01:41:36Z,901,14,0,4,1,0,1,1,1,1785462084
2026-07-31T01:41:36Z,902,9,1,5,1,0,1,1,1,1785461963
2026-07-31T01:41:36Z,903,6,0,13,0,0,1,1,1,1785461081
2026-07-31T01:41:36Z,904,11,5,8,0,0,1,1,1,1785460339
2026-07-31T01:41:36Z,905,2,1,25,0,0,1,1,1,1785461784
2026-07-31T01:41:36Z,906,1,1,26,0,0,1,1,1,1785461498
2026-07-31T01:41:36Z,907,30,8,1,0,0,1,1,1,1785462090
2026-07-31T01:41:36Z,908,8,1,15,0,0,1,1,1,1785461830
2026-07-31T01:41:36Z,909,3,3,20,0,0,1,1,1,1785462049
2026-07-31T01:41:36Z,910,13,0,18,0,0,1,1,1,1785461989
2026-07-31T01:41:36Z,911,6,0,13,0,0,1,1,1,1785461710
2026-07-31T01:41:36Z,912,5,1,15,3,0,1,1,1,1785461871
2026-07-31T01:41:36Z,913,4,2,15,0,0,1,1,1,1785462031
2026-07-31T01:41:36Z,914,5,1,13,1,0,1,1,1,1785462065
2026-07-31T01:41:36Z,915,11,0,11,1,0,1,1,1,1785461375
2026-07-31T01:41:36Z,916,7,1,16,0,0,1,1,1,1785461789
2026-07-31T01:41:36Z,917,33,3,0,2,0,1,1,1,1785461976
2026-07-31T01:41:36Z,918,7,1,10,2,0,1,1,1,1785462069
2026-07-31T01:41:36Z,919,7,1,30,2,0,1,1,1,1785461929
2026-07-31T01:41:36Z,920,3,1,16,0,0,1,1,1,1785460706
2026-07-31T01:41:36Z,921,16,0,5,0,0,1,1,1,1785461823
2026-07-31T01:41:36Z,922,0,0,20,1,0,1,1,1,1785461818
2026-07-31T01:41:36Z,923,9,9,8,2,0,1,1,1,1785461924
2026-07-31T01:41:36Z,924,7,0,14,0,0,1,1,1,1785461558
2026-07-31T01:41:36Z,925,13,0,8,0,0,1,1,1,1785460459
2026-07-31T01:41:36Z,926,1,1,20,0,0,1,1,1,1785460636
2026-07-31T01:41:36Z,927,16,0,19,0,0,1,1,1,1785461856
2026-07-31T01:41:36Z,928,4,0,15,0,0,1,1,1,1785461823
2026-07-31T01:41:36Z,929,0,0,23,0,0,1,1,1,1785461444
2026-07-31T01:41:36Z,930,28,2,1,2,0,1,1,1,1785461992
2026-07-31T01:41:36Z,931,0,0,23,0,0,1,1,1,1785461139
2026-07-31T01:41:36Z,932,14,0,0,5,0,1,1,1,1785461751
2026-07-31T01:41:36Z,933,22,1,0,1,0,1,1,1,1785462034
2026-07-31T01:41:36Z,934,1,1,29,1,0,1,1,1,1785461698
2026-07-31T01:41:36Z,935,7,0,10,2,0,1,1,1,1785461947
2026-07-31T01:41:36Z,936,4,1,15,0,0,1,1,1,1785456801
2026-07-31T01:41:36Z,940,11,1,0,0,0,1,1,1,1785461363
2026-07-31T01:41:36Z,941,9,2,14,2,0,1,1,1,1785461655
2026-07-31T01:41:36Z,942,14,2,7,0,0,1,1,1,1785461120
2026-07-31T01:41:36Z,943,9,8,6,0,0,1,1,1,1785460310
2026-07-31T01:41:36Z,944,9,8,6,0,0,1,1,1,1785461917
2026-07-31T01:41:36Z,945,10,8,5,0,0,1,1,1,1785461426
2026-07-31T01:41:36Z,946,7,5,12,0,0,1,1,1,1785424152
2026-07-31T01:41:36Z,947,7,5,10,0,0,1,1,1,1785461927
2026-07-31T01:41:36Z,948,1,1,26,4,0,1,1,1,1785461952
2026-07-31T01:41:36Z,949,2,1,13,0,0,1,1,1,1785462037
2026-07-31T01:41:36Z,950,3,2,13,1,0,1,1,1,1785461952
2026-07-31T01:41:36Z,951,10,1,13,0,0,1,1,1,1785462089
2026-07-31T01:41:36Z,952,23,1,31,1,0,1,1,1,1785461797
2026-07-31T01:41:36Z,953,13,1,2,0,0,1,1,1,1785461377
2026-07-31T01:41:36Z,954,13,0,6,0,0,1,1,1,1785462020
2026-07-31T01:41:36Z,955,2,0,20,5,0,1,1,1,1785461245
2026-07-31T01:41:36Z,956,10,0,12,1,0,1,1,1,1785461945
2026-07-31T01:41:36Z,957,8,2,20,1,0,1,1,1,1785462087
2026-07-31T01:41:36Z,958,23,0,7,1,0,1,1,1,1785461900
2026-07-31T01:41:36Z,959,12,4,10,1,0,1,1,1,1785461810
2026-07-31T01:41:36Z,960,12,12,10,1,0,1,1,1,1785461987
2026-07-31T01:41:36Z,961,0,0,20,3,0,1,1,1,1785460800
2026-07-31T01:41:36Z,962,5,1,27,3,0,1,1,1,1785461554
2026-07-31T01:41:36Z,963,4,0,18,1,0,1,1,1,1785462021
2026-07-31T01:41:36Z,964,7,3,15,1,0,1,1,1,1785461849
2026-07-31T01:41:36Z,965,4,0,22,1,0,1,1,1,1785462035
2026-07-31T01:41:36Z,966,7,0,24,0,0,1,1,1,1785462088
2026-07-31T01:41:36Z,967,3,1,17,1,0,1,1,1,1785461745
2026-07-31T01:41:36Z,968,3,2,16,0,0,1,1,1,1785461905
2026-07-31T01:41:36Z,969,6,5,19,2,0,1,1,1,1785461979
2026-07-31T01:41:36Z,970,2,2,16,1,0,1,1,1,1785461615
2026-07-31T01:41:36Z,971,22,0,0,1,0,1,1,1,1785462032
2026-07-31T01:41:36Z,972,11,1,10,2,0,1,1,1,1785461958
2026-07-31T01:41:36Z,973,4,4,18,1,0,1,1,1,1785461664
2026-07-31T01:41:36Z,974,0,0,27,0,0,1,1,1,1785461877
2026-07-31T01:41:36Z,977,4,4,13,4,0,1,1,1,1785461155
2026-07-31T01:41:36Z,978,13,4,10,0,0,1,1,1,1785461157
2026-07-31T01:41:36Z,979,3,1,14,0,0,1,1,1,1785461230
2026-07-31T01:41:36Z,980,9,3,10,2,0,1,1,1,1785462044
2026-07-31T01:41:36Z,981,2,0,18,1,0,1,1,1,1785461901
2026-07-31T01:41:36Z,982,3,1,14,2,0,1,1,1,1785461941
2026-07-31T01:41:36Z,983,1,1,21,1,0,1,1,1,1785460513
2026-07-31T01:41:36Z,984,6,0,17,0,0,1,1,1,1785461420
2026-07-31T01:41:36Z,985,24,0,7,0,0,1,1,1,1785461668
2026-07-31T01:41:36Z,986,2,0,17,0,0,1,1,1,1785461936
2026-07-31T01:41:36Z,987,5,0,17,1,0,1,1,1,1785460631
2026-07-31T01:41:36Z,988,6,2,12,1,0,1,1,1,1785462077
2026-07-31T01:41:36Z,989,8,4,11,0,0,1,1,1,1785461077
2026-07-31T01:41:36Z,990,13,1,0,2,0,1,1,1,1785460351
2026-07-31T01:41:36Z,991,8,0,10,1,0,1,1,1,1785461888
2026-07-31T01:41:36Z,992,8,6,14,1,0,1,1,1,1785460822
2026-07-31T01:41:36Z,993,0,0,27,0,0,1,1,1,1785461454
2026-07-31T01:41:36Z,994,4,2,17,0,0,1,1,1,1785461883
2026-07-31T01:41:36Z,995,7,0,20,0,0,1,1,1,1785462059
2026-07-31T01:41:36Z,996,9,1,14,0,0,1,1,1,1785461876
2026-07-31T01:41:36Z,997,10,4,11,2,0,1,1,1,1785461986
2026-07-31T01:41:36Z,998,4,2,18,1,0,1,1,1,1785460383
2026-07-31T01:41:36Z,999,4,2,15,1,1,1,1,1,1785461998
2026-07-31T01:41:36Z,1000,4,2,17,0,0,1,1,1,1785460969
2026-07-31T01:41:36Z,1001,1,0,26,0,0,1,1,1,1785460382
2026-07-31T01:41:36Z,1002,0,0,27,4,0,1,1,1,1785460351
2026-07-31T01:41:36Z,1003,0,0,22,1,0,1,1,1,1785461853
2026-07-31T01:41:36Z,1004,5,1,18,0,0,1,1,1,1785461288
2026-07-31T01:41:36Z,1005,20,1,3,0,0,1,1,1,1785462040
2026-07-31T01:41:36Z,1006,7,4,11,1,0,1,1,1,1785461892
2026-07-31T01:41:36Z,1007,5,2,16,0,0,1,1,1,1785461521
2026-07-31T01:41:36Z,1008,6,5,15,2,0,1,1,1,1785460995
2026-07-31T01:41:36Z,1009,21,4,8,2,0,1,1,1,1785460878
2026-07-31T01:41:36Z,1010,7,2,20,0,0,1,1,1,1785461686
2026-07-31T01:41:36Z,1011,7,1,10,2,0,1,1,1,1785460456
2026-07-31T01:41:36Z,1012,4,3,18,1,0,1,1,1,1785461806
2026-07-31T01:41:36Z,1013,4,1,18,1,0,1,1,1,1785460610
2026-07-31T01:41:36Z,1014,8,3,13,2,0,1,1,1,1785460499
2026-07-31T01:41:36Z,1015,4,3,25,2,0,1,1,1,1785460722
2026-07-31T01:41:36Z,1016,10,5,21,0,0,1,1,1,1785461610
2026-07-31T01:41:36Z,1017,14,5,7,0,0,1,1,1,1785461217
2026-07-31T01:41:36Z,1018,8,2,14,0,0,1,1,1,1785461896
2026-07-31T01:41:36Z,1019,7,5,8,0,0,1,1,1,1785461865
2026-07-31T01:41:36Z,1020,18,3,3,0,0,1,1,1,1785461094
2026-07-31T01:41:36Z,1021,9,3,5,1,0,1,1,1,1785460939
2026-07-31T01:41:36Z,1022,14,0,13,0,0,1,1,1,1785461960
2026-07-31T01:41:36Z,1023,12,1,10,1,0,1,1,1,1785461623
2026-07-31T01:41:36Z,1024,6,3,13,0,0,1,1,1,1785460833
2026-07-31T01:41:36Z,1025,4,0,14,0,1,1,1,1,1785461919
2026-07-31T01:41:36Z,1026,8,4,18,5,0,1,1,1,1785461034
2026-07-31T01:41:36Z,1028,2,0,20,1,0,1,1,1,1785461986
2026-07-31T01:41:36Z,1029,11,10,4,0,0,1,1,1,1785461143
2026-07-31T01:41:36Z,1030,13,5,10,0,0,1,1,1,1785460839
2026-07-31T01:41:36Z,1031,10,0,9,0,0,1,1,1,1785461247
2026-07-31T01:41:36Z,1032,7,1,12,0,0,1,1,1,1785461906
2026-07-31T01:41:36Z,1033,8,5,10,1,0,1,1,1,1785460896
2026-07-31T01:41:36Z,1034,1,0,14,0,0,1,1,1,1785461949
2026-07-31T01:41:36Z,1035,2,0,16,1,0,1,1,1,1785461929
2026-07-31T01:41:36Z,1036,15,1,0,0,0,1,1,1,1785460707
2026-07-31T01:41:36Z,1037,4,1,14,1,0,1,1,1,1785460604
2026-07-31T01:41:36Z,1038,3,1,11,1,0,1,1,1,1785461648
2026-07-31T01:41:36Z,1039,4,2,15,0,0,1,1,1,1785462062
2026-07-31T01:41:36Z,1040,9,4,9,1,0,1,1,1,1785461936
2026-07-31T01:41:36Z,1041,9,2,10,0,0,1,1,1,1785461820
2026-07-31T01:41:36Z,1042,11,0,2,2,0,1,1,1,1785461915
2026-07-31T01:41:36Z,1043,9,0,7,3,0,1,1,1,1785461976
2026-07-31T01:41:36Z,1044,2,1,13,0,0,1,1,1,1785461699
2026-07-31T01:41:36Z,1045,10,0,9,0,0,1,1,1,1785461895
2026-07-31T01:41:36Z,1046,8,0,7,0,0,1,1,1,1785461328
2026-07-31T01:41:36Z,1047,4,0,17,0,0,1,1,1,1785460828
2026-07-31T01:41:36Z,1048,6,1,13,0,0,1,1,1,1785461870
2026-07-31T01:41:36Z,1049,3,0,18,0,0,1,1,1,1785461900
2026-07-31T01:41:36Z,1050,19,4,2,0,0,1,1,1,1785461910
2026-07-31T01:41:36Z,1051,6,2,15,0,0,1,1,1,1785461092
2026-07-31T01:41:36Z,1052,17,2,5,0,0,1,1,1,1785461712
2026-07-31T01:41:36Z,1053,2,1,13,0,0,1,1,1,1785461825
2026-07-31T01:41:36Z,1054,14,1,1,0,0,1,1,1,1785462068
2026-07-31T01:41:36Z,1055,7,2,12,0,0,1,1,1,1785462034
2026-07-31T01:41:36Z,1057,2,0,17,0,0,1,1,1,1785461882
2026-07-31T01:41:36Z,1058,55,3,1,0,0,1,1,1,1785462061
2026-07-31T01:41:36Z,1059,1,0,16,2,0,1,1,1,1785461958
2026-07-31T01:41:36Z,1060,5,2,32,0,0,1,1,1,1785461996
2026-07-31T01:41:36Z,1061,32,5,5,0,0,1,1,1,1785462043
2026-07-31T01:41:36Z,1062,17,1,0,0,0,1,1,1,1785461896
2026-07-31T01:41:36Z,1063,12,1,6,1,0,1,1,1,1785461950
2026-07-31T01:41:36Z,1064,6,2,16,1,0,1,1,1,1785460413
2026-07-31T01:41:36Z,1065,15,3,8,0,0,1,1,1,1785460672
2026-07-31T01:41:36Z,1066,11,2,12,0,0,1,1,1,1785460502
2026-07-31T01:41:36Z,1067,7,1,15,1,0,1,1,1,1785460765
2026-07-31T01:41:36Z,1068,8,2,13,2,0,1,1,1,1785462045
2026-07-31T01:41:36Z,1069,12,3,11,0,0,1,1,1,1785460307
2026-07-31T01:41:36Z,1070,11,2,12,0,0,1,1,1,1785460400
2026-07-31T01:41:36Z,1071,7,4,16,0,0,1,1,1,1785460440
2026-07-31T01:41:36Z,1072,11,1,11,1,0,1,1,1,1785461345
2026-07-31T01:41:36Z,1073,16,6,9,2,0,1,1,1,1785462075
2026-07-31T01:41:36Z,1074,51,0,1,1,0,1,1,1,1785461959
2026-07-31T01:41:36Z,1075,9,8,12,0,0,1,1,1,1785461627
2026-07-31T01:41:36Z,1076,12,10,9,0,0,1,1,1,1785461217
2026-07-31T01:41:36Z,1077,8,5,13,0,0,1,1,1,1785461834
2026-07-31T01:41:36Z,1078,13,10,8,0,0,1,1,1,1785461104
2026-07-31T01:41:36Z,1079,11,8,10,0,0,1,1,1,1785461743
2026-07-31T01:41:36Z,1080,10,8,10,1,0,1,1,1,1785461760
2026-07-31T01:41:36Z,1081,14,9,5,0,0,1,1,1,1785460954
2026-07-31T01:41:36Z,1082,4,4,4,0,0,1,1,1,1785460522
2026-07-31T01:41:36Z,1083,12,10,9,0,0,1,1,1,1785461994
2026-07-31T01:41:36Z,1084,8,7,13,0,0,1,1,1,1785461626
2026-07-31T01:41:36Z,1085,10,10,11,0,0,1,1,1,1785461217
2026-07-31T01:41:36Z,1086,8,7,12,1,0,1,1,1,1785461942
2026-07-31T01:41:36Z,1087,8,7,7,0,0,1,1,1,1785461206
2026-07-31T01:41:36Z,1088,10,7,5,0,0,1,1,1,1785461956
2026-07-31T01:41:36Z,1089,6,4,9,0,0,1,1,1,1785460517
2026-07-31T01:41:36Z,1090,8,7,7,0,0,1,1,1,1785461040
2026-07-31T01:41:36Z,1091,12,7,3,0,0,1,1,1,1785460949
2026-07-31T01:41:36Z,1092,9,9,5,1,0,1,1,1,1785460494
2026-07-31T01:41:36Z,1093,7,6,8,0,0,1,1,1,1785460863
2026-07-31T01:41:36Z,1094,10,8,8,1,0,1,1,1,1785461909
2026-07-31T01:41:36Z,1095,9,8,6,0,0,1,1,1,1785460826
2026-07-31T01:41:36Z,1096,5,2,13,1,0,1,1,1,1785461828
2026-07-31T01:41:36Z,1097,10,10,5,0,0,1,1,1,1785460677
2026-07-31T01:41:36Z,1098,9,7,10,0,0,1,1,1,1785460994
2026-07-31T01:41:36Z,1099,7,6,8,0,0,1,1,1,1785461742
2026-07-31T01:41:36Z,1100,6,2,23,0,0,1,1,1,1785460314
2026-07-31T01:41:36Z,1101,10,5,11,0,0,1,1,1,1785461613
2026-07-31T01:41:36Z,1102,9,4,4,0,0,1,1,1,1785460957
2026-07-31T01:41:36Z,1103,10,5,11,0,0,1,1,1,1785458054
2026-07-31T01:41:36Z,1104,10,5,11,0,0,1,1,1,1785461362
2026-07-31T01:41:36Z,1105,7,3,6,0,0,1,1,1,1785460851
2026-07-31T01:41:36Z,1106,13,7,8,0,0,1,1,1,1785461698
2026-07-31T01:41:36Z,1107,9,5,6,0,0,1,1,1,1785462041
2026-07-31T01:41:36Z,1108,8,3,16,3,0,1,1,1,1785460623
2026-07-31T01:41:36Z,1109,7,3,8,0,0,1,1,1,1785462005
2026-07-31T01:41:36Z,1110,8,0,13,0,0,1,1,1,1785461241
2026-07-31T01:41:36Z,1111,2,0,19,0,0,1,1,1,1785461212
2026-07-31T01:41:36Z,1112,43,1,10,0,0,1,1,1,1785461957
2026-07-31T01:41:36Z,1113,0,0,21,0,0,1,1,1,1785461231
2026-07-31T01:41:36Z,1115,20,7,2,1,0,1,1,1,1785460566
2026-07-31T01:41:36Z,1116,4,1,15,0,0,1,1,1,1785461922
2026-07-31T01:41:36Z,1117,1,0,22,0,0,1,1,1,1785462090
2026-07-31T01:41:36Z,1118,15,2,5,1,0,1,1,1,1785462005
2026-07-31T01:41:36Z,1119,11,1,6,0,0,1,1,1,1785461137
2026-07-31T01:41:36Z,1120,9,0,9,1,0,1,1,1,1785461971
2026-07-31T01:41:36Z,1121,4,3,15,2,0,1,1,1,1785462018
2026-07-31T01:41:36Z,1122,16,11,3,2,0,1,1,1,1785461279
2026-07-31T01:41:36Z,1123,0,0,21,2,0,1,1,1,1785461556
2026-07-31T01:41:36Z,1124,8,0,1,6,0,1,1,1,1785461486
2026-07-31T01:41:36Z,1125,15,1,8,0,0,1,1,1,1785460491
2026-07-31T01:41:36Z,1126,5,2,14,2,0,1,1,1,1785461918
2026-07-31T01:41:36Z,1127,13,0,5,1,0,1,1,1,1785461949
2026-07-31T01:41:36Z,1128,12,0,3,0,0,1,1,1,1785461952
2026-07-31T01:41:36Z,1129,5,1,15,1,0,1,1,1,1785462069
2026-07-31T01:41:36Z,1130,3,0,12,0,0,1,1,1,1785462071
2026-07-31T01:41:36Z,1131,2,0,46,1,0,1,1,1,1785460651
2026-07-31T01:41:36Z,1132,14,6,6,1,0,1,1,1,1785461546
2026-07-31T01:41:36Z,1133,8,5,11,2,0,1,1,1,1785462036
2026-07-31T01:41:36Z,1134,10,6,9,0,0,1,1,1,1785460603
2026-07-31T01:41:36Z,1135,10,5,11,0,0,1,1,1,1785461505
2026-07-31T01:41:36Z,1136,19,0,4,0,0,1,1,1,1785462072
2026-07-31T01:41:36Z,1137,8,0,7,0,0,1,1,1,1785461870
2026-07-31T01:41:36Z,1138,11,2,8,0,0,1,1,1,1785461886
2026-07-31T01:41:36Z,1139,9,2,10,2,0,1,1,1,1785460570
2026-07-31T01:41:36Z,1140,21,3,1,1,0,1,1,1,1785461752
2026-07-31T01:41:36Z,1141,1,1,19,1,0,1,1,1,1785461312
2026-07-31T01:41:36Z,1142,21,1,0,0,0,1,1,1,1785460744
2026-07-31T01:41:36Z,1143,7,1,21,1,0,1,1,1,1785462071
2026-07-31T01:41:36Z,1144,9,4,10,2,0,1,1,1,1785460371
2026-07-31T01:41:36Z,1145,12,6,8,1,0,1,1,1,1785460464
2026-07-31T01:41:36Z,1146,8,2,10,1,0,1,1,1,1785462076
2026-07-31T01:41:36Z,1147,5,1,14,0,0,1,1,1,1785461850
2026-07-31T01:41:36Z,1148,7,1,24,0,0,1,1,1,1785461729
2026-07-31T01:41:36Z,1149,8,8,17,0,0,1,1,1,1785461710
2026-07-31T01:41:36Z,1150,8,0,11,0,0,1,1,1,1785461694
2026-07-31T01:41:36Z,1151,4,1,17,0,0,1,1,1,1785461414
2026-07-31T01:41:36Z,1152,8,0,21,0,0,1,1,1,1785461778
2026-07-31T01:41:36Z,1153,12,1,10,1,0,1,1,1,1785461663
2026-07-31T01:41:36Z,1154,13,1,6,0,0,1,1,1,1785461960
2026-07-31T01:41:36Z,1155,4,2,16,1,0,1,1,1,1785462072
2026-07-31T01:41:36Z,1158,4,1,15,0,0,1,1,1,1785461816
2026-07-31T01:41:36Z,1159,10,0,9,0,0,1,1,1,1785460910
2026-07-31T01:41:36Z,1160,7,1,11,1,0,1,1,1,1785461878
2026-07-31T01:41:36Z,1161,5,1,13,1,0,1,1,1,1785461318
2026-07-31T01:41:36Z,1162,0,0,19,0,0,1,1,1,1785460739
2026-07-31T01:41:36Z,1163,1,1,17,1,0,1,1,1,1785461933
2026-07-31T01:41:36Z,1164,4,1,15,0,0,1,1,1,1785461992
2026-07-31T01:41:36Z,1165,8,1,13,0,0,1,1,1,1785460896
2026-07-31T01:41:36Z,1166,6,2,14,1,0,1,1,1,1785461846
2026-07-31T01:41:36Z,1167,4,0,11,0,0,1,1,1,1785461728
2026-07-31T01:41:36Z,1168,1,0,22,0,0,1,1,1,1785460338
2026-07-31T01:41:36Z,1169,3,0,15,1,0,1,1,1,1785461839
2026-07-31T01:41:36Z,1170,6,0,14,1,0,1,1,1,1785460595
2026-07-31T01:41:36Z,1171,8,7,14,1,0,1,1,1,1785461838
2026-07-31T01:41:36Z,1172,7,1,6,2,0,1,1,1,1785462036
2026-07-31T01:41:36Z,1173,9,2,10,0,0,1,1,1,1785462080
2026-07-31T01:41:36Z,1174,6,2,9,0,0,1,1,1,1785461793
2026-07-31T01:41:36Z,1175,7,3,12,0,0,1,1,1,1785456851
2026-07-31T01:41:36Z,1176,19,1,2,0,0,1,1,1,1785461275
2026-07-31T01:41:36Z,1177,2,1,19,0,0,1,1,1,1785461308
2026-07-31T01:41:36Z,1178,1,0,14,0,0,1,1,1,1785461793
2026-07-31T01:41:36Z,1181,12,4,3,0,0,1,1,1,1785461936
2026-07-31T01:41:36Z,1182,2,2,16,2,0,1,1,1,1785462083
2026-07-31T01:41:36Z,1183,2,0,41,2,0,1,1,1,1785461944
2026-07-31T01:41:36Z,1184,4,1,16,1,0,1,1,1,1785461650
2026-07-31T01:41:36Z,1185,10,5,11,0,0,1,1,1,1785461303
2026-07-31T01:41:36Z,1186,9,5,10,0,0,1,1,1,1785460534
2026-07-31T01:41:36Z,1187,11,6,9,1,0,1,1,1,1785460969
2026-07-31T01:41:36Z,1188,9,3,6,0,0,1,1,1,1785462054
2026-07-31T01:41:36Z,1189,10,5,9,0,0,1,1,1,1785460288
2026-07-31T01:41:36Z,1190,10,5,11,0,0,1,1,1,1785461483
2026-07-31T01:41:36Z,1191,10,5,5,0,0,1,1,1,1785462059
2026-07-31T01:41:36Z,1192,11,7,10,0,0,1,1,1,1785461851
2026-07-31T01:41:36Z,1193,6,4,5,2,0,1,1,1,1785461156
2026-07-31T01:41:36Z,1197,9,6,7,1,0,1,1,1,1785461026
2026-07-31T01:41:36Z,1198,14,4,5,2,0,1,1,1,1785460561
2026-07-31T01:41:36Z,1199,2,0,17,0,0,1,1,1,1785460589
2026-07-31T01:41:36Z,1200,11,5,4,0,0,1,1,1,1785460283
2026-07-31T01:41:36Z,1201,9,4,6,0,0,1,1,1,1785462074
2026-07-31T01:41:36Z,1202,10,5,5,0,0,1,1,1,1785460354
2026-07-31T01:41:36Z,1203,9,5,6,0,0,1,1,1,1785462064
2026-07-31T01:41:36Z,1204,7,3,11,1,0,1,1,1,1785461784
2026-07-31T01:41:36Z,1206,11,5,10,0,0,1,1,1,1785460987
2026-07-31T01:41:36Z,1207,10,5,5,0,0,1,1,1,1785460569
2026-07-31T01:41:36Z,1208,7,2,11,1,0,1,1,1,1785460450
2026-07-31T01:41:36Z,1216,7,0,13,1,0,1,1,1,1785461223
2026-07-31T01:41:36Z,1218,5,0,16,0,0,1,1,1,1785461618
2026-07-31T01:41:36Z,1219,7,2,7,1,0,1,1,1,1785461524
2026-07-31T01:41:36Z,1220,14,7,4,1,0,1,1,1,1785461555
2026-07-31T01:41:36Z,1221,2,2,19,0,0,1,1,1,1785461499
2026-07-31T01:41:36Z,1222,16,0,13,0,0,1,1,1,1785461941
2026-07-31T01:41:36Z,1223,18,2,9,2,0,1,1,1,1785461593
2026-07-31T01:41:36Z,1226,0,0,3,0,0,0,1,1,1781868931
2026-07-31T01:41:36Z,1227,13,1,12,0,0,1,1,1,1785461803
2026-07-31T01:41:36Z,1228,17,1,10,2,0,1,1,1,1785462048
2026-07-31T01:41:36Z,1229,45,2,0,0,0,1,1,1,1785461629
2026-07-31T01:46:36Z,1,1,1,22,0,0,1,1,1,1785461699
2026-07-31T01:46:36Z,2,17,2,7,3,0,1,1,1,1785462318
2026-07-31T01:46:36Z,3,2,2,11,1,0,1,1,1,1785462198
2026-07-31T01:46:36Z,4,21,0,0,1,0,1,1,1,1785461733
2026-07-31T01:46:36Z,5,6,1,17,0,0,1,1,1,1785460644
2026-07-31T01:46:36Z,6,1,0,14,0,0,1,1,1,1785461990
2026-07-31T01:46:36Z,7,3,0,35,1,0,1,1,1,1785461689
2026-07-31T01:46:36Z,8,5,2,38,0,0,1,1,1,1785462358
2026-07-31T01:46:36Z,9,4,3,16,3,0,1,1,1,1785462386
2026-07-31T01:46:36Z,10,1,0,20,2,0,1,1,1,1785461708
2026-07-31T01:46:36Z,11,4,1,14,1,0,1,1,1,1785462321
2026-07-31T01:46:36Z,12,0,0,23,0,0,1,1,1,1785461462
2026-07-31T01:46:36Z,13,23,5,7,0,0,1,1,1,1785462370
2026-07-31T01:46:36Z,14,9,0,31,2,1,1,1,1,1785462238
2026-07-31T01:46:36Z,15,2,0,13,0,0,1,1,1,1785461435
2026-07-31T01:46:36Z,16,11,1,13,2,1,1,1,1,1785460145
2026-07-31T01:46:36Z,17,25,2,1,1,0,1,1,1,1785462289
2026-07-31T01:46:36Z,18,10,0,6,2,0,1,1,1,1785461996
2026-07-31T01:46:36Z,19,20,0,6,1,0,1,1,1,1785462273
2026-07-31T01:46:36Z,20,29,6,5,1,0,1,1,1,1785462375
2026-07-31T01:46:36Z,21,18,1,1,0,0,1,1,1,1785462146
2026-07-31T01:46:36Z,22,62,0,1,2,0,1,1,1,1785462384
2026-07-31T01:46:36Z,23,17,3,14,0,0,1,1,1,1785461760
2026-07-31T01:46:36Z,24,9,2,0,2,0,1,1,1,1785462386
2026-07-31T01:46:36Z,25,73,0,3,5,0,1,1,1,1785462372
2026-07-31T01:46:36Z,26,1,1,26,0,0,1,1,1,1785462157
2026-07-31T01:46:36Z,28,2,0,13,0,0,1,1,1,1785460332
2026-07-31T01:46:36Z,30,17,0,11,1,0,1,1,1,1785462342
2026-07-31T01:46:36Z,31,0,0,17,2,0,1,1,1,1785462294
2026-07-31T01:46:36Z,32,17,1,10,0,0,1,1,1,1785462333
2026-07-31T01:46:36Z,34,27,2,10,0,0,1,1,1,1785461834
2026-07-31T01:46:36Z,35,47,2,0,0,0,1,1,1,1785462325
2026-07-31T01:46:36Z,36,0,0,0,0,0,0,1,1,86400
2026-07-31T01:46:36Z,37,12,2,11,0,0,1,1,1,1785462221
2026-07-31T01:46:36Z,38,4,0,19,0,0,1,1,1,1785462269
2026-07-31T01:46:36Z,39,19,1,20,0,0,1,1,1,1785462366
2026-07-31T01:46:36Z,40,6,0,13,2,0,1,1,1,1785462301
2026-07-31T01:46:36Z,41,0,0,42,1,0,1,1,1,1785460910
2026-07-31T01:46:36Z,42,27,7,4,0,0,1,1,1,1785462119
2026-07-31T01:46:36Z,43,1,0,22,0,0,1,1,1,1785461906
2026-07-31T01:46:36Z,45,2,1,26,1,0,1,1,1,1785462214
2026-07-31T01:46:36Z,46,0,0,31,0,0,1,1,1,1785462003
2026-07-31T01:46:36Z,47,11,0,3,1,0,1,1,1,1785462035
2026-07-31T01:46:36Z,48,11,0,16,0,0,1,1,1,1785462375
2026-07-31T01:46:36Z,49,2,0,17,4,0,1,1,1,1785462387
2026-07-31T01:46:36Z,50,0,0,19,0,0,1,1,1,1785459881
2026-07-31T01:46:36Z,51,74,1,2,1,0,1,1,1,1785462387
2026-07-31T01:46:36Z,52,2,0,21,4,0,1,1,1,1785462383
2026-07-31T01:46:36Z,55,0,0,23,0,0,1,1,1,1785462260
2026-07-31T01:46:36Z,56,0,0,43,0,0,1,1,1,1785462153
2026-07-31T01:46:36Z,57,0,0,27,0,0,1,1,1,1785461534
2026-07-31T01:46:36Z,58,0,0,28,0,0,1,1,1,1785462175
2026-07-31T01:46:36Z,59,0,0,25,2,0,1,1,1,1785462177
2026-07-31T01:46:36Z,61,7,0,32,0,0,1,1,1,1785462327
2026-07-31T01:46:36Z,62,10,10,38,1,0,1,1,1,1785462259
2026-07-31T01:46:36Z,63,3,0,16,0,0,1,1,1,1785461572
2026-07-31T01:46:36Z,64,15,0,0,4,0,1,1,1,1785461128
2026-07-31T01:46:36Z,65,14,5,4,1,0,1,1,1,1785461746
2026-07-31T01:46:36Z,67,4,0,35,0,0,1,1,1,1785462159
2026-07-31T01:46:36Z,68,1,0,36,0,0,1,1,1,1785462192
2026-07-31T01:46:36Z,69,8,2,5,2,0,1,1,1,1785462019
2026-07-31T01:46:36Z,71,1,0,25,1,0,1,1,1,1785462304
2026-07-31T01:46:36Z,72,8,4,21,2,0,1,1,1,1785462391
2026-07-31T01:46:36Z,73,0,0,31,0,0,1,1,1,1785460014
2026-07-31T01:46:36Z,74,9,4,10,0,0,1,1,1,1785462003
2026-07-31T01:46:36Z,75,0,0,30,2,0,1,1,1,1785461328
2026-07-31T01:46:36Z,76,3,1,15,1,0,1,1,1,1785462383
2026-07-31T01:46:36Z,77,4,0,22,1,0,1,1,1,1785462183
2026-07-31T01:46:36Z,78,2,1,21,0,0,1,1,1,1785461318
2026-07-31T01:46:36Z,79,9,1,7,1,0,1,1,1,1785462172
2026-07-31T01:46:36Z,80,0,0,20,3,0,1,1,1,1785462383
2026-07-31T01:46:36Z,81,5,1,26,0,0,1,1,1,1785462335
2026-07-31T01:46:36Z,82,3,1,20,0,0,1,1,1,1785462350
2026-07-31T01:46:36Z,83,7,3,25,2,0,1,1,1,1785462363
2026-07-31T01:46:36Z,84,2,2,25,0,0,1,1,1,1785461491
2026-07-31T01:46:36Z,85,2,0,13,0,0,1,1,1,1785461573
2026-07-31T01:46:36Z,86,4,0,22,1,0,1,1,1,1785462344
2026-07-31T01:46:36Z,87,6,0,13,0,0,1,1,1,1785461618
2026-07-31T01:46:36Z,88,1,0,41,1,0,1,1,1,1785461738
2026-07-31T01:46:36Z,89,29,2,6,0,0,1,1,1,1785461225
2026-07-31T01:46:36Z,90,2,0,14,2,0,1,1,1,1785462370
2026-07-31T01:46:36Z,91,8,0,9,0,0,1,1,1,1785462055
2026-07-31T01:46:36Z,92,10,1,7,2,0,1,1,1,1785462358
2026-07-31T01:46:36Z,93,22,0,1,0,0,1,1,1,1785462306
2026-07-31T01:46:36Z,94,18,0,0,1,0,1,1,1,1785460426
2026-07-31T01:46:36Z,95,0,0,33,1,1,1,1,1,1785462391
2026-07-31T01:46:36Z,96,0,0,30,1,0,1,1,1,1785462312
2026-07-31T01:46:36Z,97,16,1,0,1,0,1,1,1,1785462230
2026-07-31T01:46:36Z,98,28,7,5,2,0,1,1,1,1785462392
2026-07-31T01:46:36Z,99,15,0,0,0,0,1,1,1,1785462190
2026-07-31T01:46:36Z,100,27,1,0,0,0,1,1,1,1785460879
2026-07-31T01:46:36Z,101,14,0,0,1,0,1,1,1,1785461956
2026-07-31T01:46:36Z,102,22,0,1,0,0,1,1,1,1785462260
2026-07-31T01:46:36Z,103,29,1,0,1,0,1,1,1,1785462282
2026-07-31T01:46:36Z,104,21,0,3,3,0,1,1,1,1785462383
2026-07-31T01:46:36Z,105,17,1,2,0,0,1,1,1,1785460698
2026-07-31T01:46:36Z,106,0,0,21,0,0,1,1,1,1785458543
2026-07-31T01:46:36Z,107,30,0,7,0,0,1,1,1,1785462144
2026-07-31T01:46:36Z,108,34,2,0,1,0,1,1,1,1785462324
2026-07-31T01:46:36Z,109,22,0,1,0,0,1,1,1,1785462384
2026-07-31T01:46:36Z,110,21,1,2,0,0,1,1,1,1785462337
2026-07-31T01:46:36Z,111,0,0,36,0,0,1,1,1,1785462222
2026-07-31T01:46:36Z,112,13,0,1,1,0,1,1,1,1785462172
2026-07-31T01:46:36Z,113,17,4,1,1,0,1,1,1,1785462380
2026-07-31T01:46:36Z,114,1,1,28,1,1,1,1,1,1785462093
2026-07-31T01:46:36Z,115,5,2,20,3,0,1,1,1,1785462277
2026-07-31T01:46:36Z,116,7,4,18,2,0,1,1,1,1785462329
2026-07-31T01:46:36Z,118,18,11,2,3,0,1,1,1,1785462202
2026-07-31T01:46:36Z,119,11,3,24,3,0,1,1,1,1785462083
2026-07-31T01:46:36Z,120,7,1,19,1,0,1,1,1,1785462271
2026-07-31T01:46:36Z,121,9,2,9,0,1,1,1,1,1785462259
2026-07-31T01:46:36Z,122,0,0,21,0,0,1,1,1,1785462112
2026-07-31T01:46:36Z,123,18,2,29,0,0,1,1,1,1785461520
2026-07-31T01:46:36Z,124,14,6,20,1,0,1,1,1,1785462369
2026-07-31T01:46:36Z,125,8,1,14,1,0,1,1,1,1785462084
2026-07-31T01:46:36Z,126,8,1,23,0,0,1,1,1,1785460630
2026-07-31T01:46:36Z,127,3,2,31,1,0,1,1,1,1785462232
2026-07-31T01:46:36Z,128,8,7,10,1,0,1,1,1,1785462366
2026-07-31T01:46:36Z,129,2,2,16,1,0,1,1,1,1785461943
2026-07-31T01:46:36Z,130,4,0,13,0,0,1,1,1,1785457733
2026-07-31T01:46:36Z,131,3,2,6,2,0,1,1,1,1785460824
2026-07-31T01:46:36Z,132,2,1,12,0,1,1,1,1,1785461226
2026-07-31T01:46:36Z,134,6,6,15,2,0,1,1,1,1785462232
2026-07-31T01:46:36Z,135,5,0,14,0,0,1,1,1,1785462305
2026-07-31T01:46:36Z,136,23,4,0,0,0,1,1,1,1785462340
2026-07-31T01:46:36Z,137,5,0,14,0,0,1,1,1,1785462323
2026-07-31T01:46:36Z,138,11,4,26,0,0,1,1,1,1785462080
2026-07-31T01:46:36Z,139,13,4,4,2,0,1,1,1,1785462288
2026-07-31T01:46:36Z,140,8,5,13,2,0,1,1,1,1785462392
2026-07-31T01:46:36Z,141,3,2,33,0,0,1,1,1,1785462386
2026-07-31T01:46:36Z,142,1,1,22,0,0,1,1,1,1785461019
2026-07-31T01:46:36Z,143,8,0,23,0,0,1,1,1,1785461961
2026-07-31T01:46:36Z,144,18,4,9,0,0,1,1,1,1785462263
2026-07-31T01:46:36Z,145,14,5,14,1,0,1,1,1,1785462381
2026-07-31T01:46:36Z,146,19,1,3,1,0,1,1,1,1785462276
2026-07-31T01:46:36Z,147,11,2,6,2,0,1,1,1,1785462287
2026-07-31T01:46:36Z,148,22,13,4,1,0,1,1,1,1785462348
2026-07-31T01:46:36Z,149,4,1,23,0,0,1,1,1,1785461787
2026-07-31T01:46:36Z,150,23,9,10,2,0,1,1,1,1785462385
2026-07-31T01:46:36Z,151,10,5,12,1,0,1,1,1,1785462267
2026-07-31T01:46:36Z,152,2,1,22,3,0,1,1,1,1785462392
2026-07-31T01:46:36Z,153,21,0,1,9,0,1,1,1,1785462341
2026-07-31T01:46:36Z,154,1,1,16,6,0,1,1,1,1785462216
2026-07-31T01:46:36Z,155,13,5,0,1,0,1,1,1,1785462261
2026-07-31T01:46:36Z,156,14,3,5,0,0,1,1,1,1785462326
2026-07-31T01:46:36Z,157,6,0,19,2,0,1,1,1,1785462150
2026-07-31T01:46:36Z,158,2,0,14,0,0,1,1,1,1785462306
2026-07-31T01:46:36Z,159,0,0,19,0,0,1,1,1,1785461672
2026-07-31T01:46:36Z,160,12,5,7,0,0,1,1,1,1785461731
2026-07-31T01:46:36Z,161,5,1,17,0,0,1,1,1,1785462378
2026-07-31T01:46:36Z,162,14,9,10,3,0,1,1,1,1785462254
2026-07-31T01:46:36Z,163,19,1,11,0,1,1,1,1,1785462078
2026-07-31T01:46:36Z,164,23,4,4,0,0,1,1,1,1785462315
2026-07-31T01:46:36Z,165,24,9,6,1,0,1,1,1,1785462364
2026-07-31T01:46:36Z,166,10,5,26,3,0,1,1,1,1785462388
2026-07-31T01:46:36Z,167,12,7,10,1,0,1,1,1,1785461243
2026-07-31T01:46:36Z,168,0,0,25,2,0,1,1,1,1785462221
2026-07-31T01:46:36Z,169,8,2,13,1,1,1,1,1,1785462368
2026-07-31T01:46:36Z,170,3,2,15,1,0,1,1,1,1785462236
2026-07-31T01:46:36Z,171,8,0,3,2,0,1,1,1,1785462135
2026-07-31T01:46:36Z,173,22,2,17,0,0,1,1,1,1785462385
2026-07-31T01:46:36Z,174,9,2,14,3,0,1,1,1,1785462357
2026-07-31T01:46:36Z,175,30,2,1,0,0,1,1,1,1785462378
2026-07-31T01:46:36Z,176,7,2,5,2,1,1,1,1,1785462373
2026-07-31T01:46:36Z,177,15,11,12,0,0,1,1,1,1785461774
2026-07-31T01:46:36Z,178,6,1,6,2,1,1,1,1,1785462384
2026-07-31T01:46:36Z,179,8,4,6,1,0,1,1,1,1785462352
2026-07-31T01:46:36Z,180,28,2,2,0,0,1,1,1,1785462377
2026-07-31T01:46:36Z,181,0,0,14,1,0,1,1,1,1785461236
2026-07-31T01:46:36Z,182,2,2,15,0,0,1,1,1,1785461445
2026-07-31T01:46:36Z,183,8,3,15,0,0,1,1,1,1785462377
2026-07-31T01:46:36Z,184,16,2,6,1,0,1,1,1,1785462343
2026-07-31T01:46:36Z,185,9,0,4,1,1,1,1,1,1785462338
2026-07-31T01:46:36Z,186,0,0,19,0,0,1,1,1,1785461955
2026-07-31T01:46:36Z,187,15,0,11,2,0,1,1,1,1785461975
2026-07-31T01:46:36Z,188,18,0,1,7,1,1,1,1,1785462245
2026-07-31T01:46:36Z,189,2,0,13,0,0,1,1,1,1785462220
2026-07-31T01:46:36Z,190,4,3,19,0,0,1,1,1,1785462293
2026-07-31T01:46:36Z,191,1,0,38,0,0,1,1,1,1785461753
2026-07-31T01:46:36Z,192,10,4,19,2,0,1,1,1,1785462301
2026-07-31T01:46:36Z,193,0,0,15,0,0,1,1,1,1785462379
2026-07-31T01:46:36Z,194,1,0,25,1,0,1,1,1,1785462390
2026-07-31T01:46:36Z,195,4,3,14,1,0,1,1,1,1785461883
2026-07-31T01:46:36Z,196,9,6,15,3,0,1,1,1,1785462364
2026-07-31T01:46:36Z,197,3,2,15,0,1,1,1,1,1785462359
2026-07-31T01:46:36Z,198,16,15,6,1,0,1,1,1,1785462279
2026-07-31T01:46:36Z,199,6,6,7,2,0,1,1,1,1785462375
2026-07-31T01:46:36Z,200,5,3,21,0,0,1,1,1,1785462028
2026-07-31T01:46:36Z,201,0,0,22,1,0,1,1,1,1785461669
2026-07-31T01:46:36Z,202,15,1,12,0,0,1,1,1,1785461202
2026-07-31T01:46:36Z,203,3,0,27,1,0,1,1,1,1785462381
2026-07-31T01:46:36Z,204,11,0,21,3,0,1,1,1,1785462155
2026-07-31T01:46:36Z,205,2,0,25,0,0,1,1,1,1785462388
2026-07-31T01:46:36Z,206,3,3,12,0,0,1,1,1,1785462263
2026-07-31T01:46:36Z,207,12,0,9,0,0,1,1,1,1785462345
2026-07-31T01:46:36Z,208,5,1,23,1,0,1,1,1,1785461328
2026-07-31T01:46:36Z,209,4,2,26,1,0,1,1,1,1785462276
2026-07-31T01:46:36Z,210,2,1,25,0,0,1,1,1,1785462226
2026-07-31T01:46:36Z,211,4,4,18,1,0,1,1,1,1785462304
2026-07-31T01:46:36Z,212,24,1,10,1,0,1,1,1,1785462216
2026-07-31T01:46:36Z,213,14,1,8,1,0,1,1,1,1785462389
2026-07-31T01:46:36Z,214,8,3,31,8,0,1,1,1,1785462367
2026-07-31T01:46:36Z,215,1,1,22,0,0,1,1,1,1785462165
2026-07-31T01:46:36Z,216,4,1,14,1,0,1,1,1,1785462156
2026-07-31T01:46:36Z,217,21,0,7,1,0,1,1,1,1785462256
2026-07-31T01:46:36Z,218,30,12,5,4,0,1,1,1,1785462373
2026-07-31T01:46:36Z,219,4,0,21,1,0,1,1,1,1785462222
2026-07-31T01:46:36Z,220,1,1,39,2,1,1,1,1,1785462381
2026-07-31T01:46:36Z,221,7,6,7,1,0,1,1,1,1785462363
2026-07-31T01:46:36Z,222,16,15,2,1,0,1,1,1,1785462390
2026-07-31T01:46:36Z,223,2,0,31,2,0,1,1,1,1785462197
2026-07-31T01:46:36Z,224,13,13,9,0,0,1,1,1,1785462384
2026-07-31T01:46:36Z,225,10,1,3,6,0,1,1,1,1785462019
2026-07-31T01:46:36Z,226,6,4,25,0,0,1,1,1,1785462121
2026-07-31T01:46:36Z,227,14,13,12,0,1,1,1,1,1785462190
2026-07-31T01:46:36Z,228,5,3,13,1,0,1,1,1,1785462345
2026-07-31T01:46:36Z,230,23,5,3,0,0,1,1,1,1785462322
2026-07-31T01:46:36Z,232,5,4,11,1,0,1,1,1,1785461907
2026-07-31T01:46:36Z,233,20,9,10,1,0,1,1,1,1785462391
2026-07-31T01:46:36Z,234,4,3,10,4,1,1,1,1,1785462265
2026-07-31T01:46:36Z,236,0,0,18,1,0,1,1,1,1785461259
2026-07-31T01:46:36Z,237,10,1,12,1,0,1,1,1,1785461954
2026-07-31T01:46:36Z,239,15,15,10,2,0,1,1,1,1785462354
2026-07-31T01:46:36Z,241,4,3,18,1,0,1,1,1,1785462067
2026-07-31T01:46:36Z,242,4,3,18,1,0,1,1,1,1785462250
2026-07-31T01:46:36Z,243,6,1,23,2,0,1,1,1,1785462253
2026-07-31T01:46:36Z,244,2,0,24,1,0,1,1,1,1785462288
2026-07-31T01:46:36Z,245,9,8,13,1,0,1,1,1,1785462361
2026-07-31T01:46:36Z,246,2,1,21,0,0,1,1,1,1785461153
2026-07-31T01:46:36Z,247,13,9,10,0,0,1,1,1,1785461486
2026-07-31T01:46:36Z,248,1,1,19,3,0,1,1,1,1785461917
2026-07-31T01:46:36Z,249,8,5,11,0,0,1,1,1,1785461726
2026-07-31T01:46:36Z,250,1,1,25,1,0,1,1,1,1785461539
2026-07-31T01:46:36Z,251,9,8,16,2,0,1,1,1,1785462389
2026-07-31T01:46:36Z,253,4,2,14,1,0,1,1,1,1785461894
2026-07-31T01:46:36Z,254,13,13,29,1,0,1,1,1,1785461115
2026-07-31T01:46:36Z,255,1,0,21,0,1,1,1,1,1785462361
2026-07-31T01:46:36Z,256,11,8,11,1,0,1,1,1,1785462387
2026-07-31T01:46:36Z,257,6,1,12,1,0,1,1,1,1785462213
2026-07-31T01:46:36Z,258,1,0,18,0,0,1,1,1,1785462371
2026-07-31T01:46:36Z,259,14,2,8,0,1,1,1,1,1785462219
2026-07-31T01:46:36Z,260,7,1,10,2,0,1,1,1,1785462237
2026-07-31T01:46:36Z,261,9,0,8,1,1,1,1,1,1785462180
2026-07-31T01:46:36Z,262,15,5,8,0,0,1,1,1,1785461877
2026-07-31T01:46:36Z,263,13,1,2,0,0,1,1,1,1785462239
2026-07-31T01:46:36Z,264,10,1,8,1,0,1,1,1,1785461309
2026-07-31T01:46:36Z,265,15,1,0,0,0,1,1,1,1785461773
2026-07-31T01:46:36Z,266,8,4,9,2,0,1,1,1,1785462217
2026-07-31T01:46:36Z,267,4,0,9,2,0,1,1,1,1785456188
2026-07-31T01:46:36Z,268,21,7,2,0,0,1,1,1,1785461197
2026-07-31T01:46:36Z,269,7,0,16,0,0,1,1,1,1785460232
2026-07-31T01:46:36Z,270,4,1,22,1,0,1,1,1,1785462038
2026-07-31T01:46:36Z,271,4,0,13,2,0,1,1,1,1785461469
2026-07-31T01:46:36Z,272,12,8,11,0,0,1,1,1,1785462329
2026-07-31T01:46:36Z,273,14,5,1,0,0,1,1,1,1785461781
2026-07-31T01:46:36Z,274,10,5,8,1,0,1,1,1,1785461820
2026-07-31T01:46:36Z,275,6,0,17,0,0,1,1,1,1785461920
2026-07-31T01:46:36Z,276,0,0,26,1,0,1,1,1,1785462170
2026-07-31T01:46:36Z,277,0,0,19,4,0,1,1,1,1785461014
2026-07-31T01:46:36Z,278,5,3,23,2,1,1,1,1,1785462297
2026-07-31T01:46:36Z,279,1,1,18,0,0,1,1,1,1785461684
2026-07-31T01:46:36Z,280,0,0,29,2,0,1,1,1,1785462337
2026-07-31T01:46:36Z,281,17,1,2,0,0,1,1,1,1785460815
2026-07-31T01:46:36Z,282,3,2,14,1,0,1,1,1,1785460217
2026-07-31T01:46:36Z,283,18,0,17,0,0,1,1,1,1785462310
2026-07-31T01:46:36Z,284,18,1,13,4,0,1,1,1,1785462374
2026-07-31T01:46:36Z,285,4,1,19,0,0,1,1,1,1785462256
2026-07-31T01:46:36Z,286,17,12,4,2,0,1,1,1,1785462258
2026-07-31T01:46:36Z,287,10,0,11,2,0,1,1,1,1785461683
2026-07-31T01:46:36Z,288,9,8,10,0,0,1,1,1,1785460840
2026-07-31T01:46:36Z,289,5,4,20,2,0,1,1,1,1785461853
2026-07-31T01:46:36Z,290,4,0,30,5,0,1,1,1,1785462389
2026-07-31T01:46:36Z,291,2,0,20,1,0,1,1,1,1785462236
2026-07-31T01:46:36Z,292,0,0,23,0,0,1,1,1,1785461933
2026-07-31T01:46:36Z,293,9,5,13,1,0,1,1,1,1785462289
2026-07-31T01:46:36Z,294,5,4,15,2,0,1,1,1,1785462360
2026-07-31T01:46:36Z,297,14,2,3,1,1,1,1,1,1785462357
2026-07-31T01:46:36Z,301,9,0,9,1,0,1,1,1,1785462383
2026-07-31T01:46:36Z,302,14,0,9,0,0,1,1,1,1785461703
2026-07-31T01:46:36Z,303,6,0,13,0,0,1,1,1,1785461688
2026-07-31T01:46:36Z,304,0,0,0,0,0,0,1,1,86400
2026-07-31T01:46:36Z,305,17,0,2,0,0,1,1,1,1785461387
2026-07-31T01:46:36Z,306,5,1,27,0,0,1,1,1,1785462046
2026-07-31T01:46:36Z,307,15,2,7,1,0,1,1,1,1785462086
2026-07-31T01:46:36Z,308,7,0,10,2,0,1,1,1,1785461982
2026-07-31T01:46:36Z,309,2,0,11,1,0,1,1,1,1785461981
2026-07-31T01:46:36Z,311,14,0,1,0,0,1,1,1,1785462190
2026-07-31T01:46:36Z,312,0,0,19,3,1,1,1,1,1785462177
2026-07-31T01:46:36Z,313,10,1,5,0,0,1,1,1,1785460471
2026-07-31T01:46:36Z,314,4,2,11,3,0,1,1,1,1785461906
2026-07-31T01:46:36Z,315,15,11,13,3,0,1,1,1,1785462381
2026-07-31T01:46:36Z,316,18,4,7,5,1,1,1,1,1785462147
2026-07-31T01:46:36Z,317,0,0,29,1,1,1,1,1,1785462318
2026-07-31T01:46:36Z,318,13,0,6,0,0,1,1,1,1785461653
2026-07-31T01:46:36Z,319,1,0,21,1,0,1,1,1,1785462363
2026-07-31T01:46:36Z,320,1,0,17,1,0,1,1,1,1785462319
2026-07-31T01:46:36Z,321,8,0,9,2,0,1,1,1,1785461353
2026-07-31T01:46:36Z,322,6,0,22,1,0,1,1,1,1785462289
2026-07-31T01:46:36Z,323,12,0,7,0,0,1,1,1,1785461602
2026-07-31T01:46:36Z,324,9,2,16,2,0,1,1,1,1785462389
2026-07-31T01:46:36Z,325,2,1,23,2,0,1,1,1,1785461336
2026-07-31T01:46:36Z,327,21,2,5,1,0,1,1,1,1785462367
2026-07-31T01:46:36Z,328,4,0,17,1,0,1,1,1,1785462372
2026-07-31T01:46:36Z,329,8,2,11,0,0,1,1,1,1785462288
2026-07-31T01:46:36Z,330,2,0,20,0,0,1,1,1,1785461717
2026-07-31T01:46:36Z,331,15,1,6,2,0,1,1,1,1785461957
2026-07-31T01:46:36Z,332,4,0,14,1,0,1,1,1,1785461743
2026-07-31T01:46:36Z,333,6,3,15,2,0,1,1,1,1785462275
2026-07-31T01:46:36Z,334,4,2,19,0,0,1,1,1,1785462366
2026-07-31T01:46:36Z,335,0,0,22,0,1,1,1,1,1785459614
2026-07-31T01:46:36Z,336,7,0,12,0,0,1,1,1,1785462123
2026-07-31T01:46:36Z,337,15,0,4,4,0,1,1,1,1785462380
2026-07-31T01:46:36Z,338,15,9,4,0,0,1,1,1,1785462033
2026-07-31T01:46:36Z,339,5,3,18,0,0,1,1,1,1785462314
2026-07-31T01:46:36Z,340,5,3,9,1,0,1,1,1,1785461968
2026-07-31T01:46:36Z,341,11,2,8,0,0,1,1,1,1785462147
2026-07-31T01:46:36Z,342,8,5,7,0,0,1,1,1,1785461643
2026-07-31T01:46:36Z,343,2,0,20,1,0,1,1,1,1785462366
2026-07-31T01:46:36Z,344,20,6,3,0,0,1,1,1,1785461821
2026-07-31T01:46:36Z,345,16,2,3,0,0,1,1,1,1785461927
2026-07-31T01:46:36Z,346,6,5,17,0,0,1,1,1,1785461972
2026-07-31T01:46:36Z,347,32,5,10,2,0,1,1,1,1785462391
2026-07-31T01:46:36Z,348,14,0,7,1,1,1,1,1,1785462277
2026-07-31T01:46:36Z,349,5,1,13,1,0,1,1,1,1785462236
2026-07-31T01:46:36Z,350,13,1,12,1,1,1,1,1,1785460975
2026-07-31T01:46:36Z,351,6,2,12,5,0,1,1,1,1785462268
2026-07-31T01:46:36Z,355,3,0,20,0,0,1,1,1,1785461557
2026-07-31T01:46:36Z,356,10,1,9,0,0,1,1,1,1785461130
2026-07-31T01:46:36Z,357,0,0,19,0,0,1,1,1,1785461771
2026-07-31T01:46:36Z,358,11,2,16,0,0,1,1,1,1785462392
2026-07-31T01:46:36Z,359,3,0,23,1,0,1,1,1,1785462382
2026-07-31T01:46:36Z,360,12,4,7,0,0,1,1,1,1785461942
2026-07-31T01:46:36Z,362,9,6,9,1,0,1,1,1,1785461013
2026-07-31T01:46:36Z,363,13,0,14,0,0,1,1,1,1785461996
2026-07-31T01:46:36Z,364,11,2,7,1,0,1,1,1,1785462111
2026-07-31T01:46:36Z,365,0,0,16,7,0,1,1,1,1785461678
2026-07-31T01:46:36Z,366,7,4,10,6,0,1,1,1,1785462382
2026-07-31T01:46:36Z,367,16,8,1,2,0,1,1,1,1785462328
2026-07-31T01:46:36Z,368,14,4,8,1,0,1,1,1,1785461332
2026-07-31T01:46:36Z,370,4,3,22,1,0,1,1,1,1785462388
2026-07-31T01:46:36Z,371,8,6,10,1,0,1,1,1,1785461636
2026-07-31T01:46:36Z,372,3,1,12,0,0,1,1,1,1785462332
2026-07-31T01:46:36Z,373,14,6,13,0,0,1,1,1,1785462371
2026-07-31T01:46:36Z,374,2,0,15,2,0,1,1,1,1785462390
2026-07-31T01:46:36Z,375,12,0,12,3,0,1,1,1,1785462346
2026-07-31T01:46:36Z,376,20,2,17,2,0,1,1,1,1785461965
2026-07-31T01:46:36Z,377,3,1,23,1,0,1,1,1,1785461950
2026-07-31T01:46:36Z,378,12,2,10,1,1,1,1,1,1785462391
2026-07-31T01:46:36Z,379,9,0,18,0,0,1,1,1,1785462386
2026-07-31T01:46:36Z,380,8,2,15,0,0,1,1,1,1785462254
2026-07-31T01:46:36Z,381,5,0,16,2,0,1,1,1,1785462385
2026-07-31T01:46:36Z,383,8,1,6,1,0,1,1,1,1785462294
2026-07-31T01:46:36Z,384,25,1,1,1,0,1,1,1,1785461571
2026-07-31T01:46:36Z,385,0,0,16,2,0,1,1,1,1785461837
2026-07-31T01:46:36Z,387,2,0,21,0,0,1,1,1,1785460975
2026-07-31T01:46:36Z,388,16,1,32,1,0,1,1,1,1785462335
2026-07-31T01:46:36Z,389,6,5,9,0,0,1,1,1,1785461609
2026-07-31T01:46:36Z,390,33,4,2,0,0,1,1,1,1785462296
2026-07-31T01:46:36Z,391,4,0,11,0,0,1,1,1,1785459616
2026-07-31T01:46:36Z,392,2,2,16,1,0,1,1,1,1785462179
2026-07-31T01:46:36Z,393,0,0,9,2,0,1,1,1,1785462018
2026-07-31T01:46:36Z,394,2,1,9,2,0,1,1,1,1785461413
2026-07-31T01:46:36Z,396,11,11,27,4,0,1,1,1,1785461895
2026-07-31T01:46:36Z,397,4,3,27,0,0,1,1,1,1785462342
2026-07-31T01:46:36Z,399,6,1,9,2,0,1,1,1,1785460751
2026-07-31T01:46:36Z,400,10,6,11,2,0,1,1,1,1785461989
2026-07-31T01:46:36Z,401,1,1,30,8,0,1,1,1,1785462134
2026-07-31T01:46:36Z,403,13,6,16,2,0,1,1,1,1785462287
2026-07-31T01:46:36Z,404,4,1,18,1,0,1,1,1,1785461857
2026-07-31T01:46:36Z,406,32,1,2,1,0,1,1,1,1785460316
2026-07-31T01:46:36Z,407,17,1,16,1,0,1,1,1,1785462345
2026-07-31T01:46:36Z,408,1,0,32,0,0,1,1,1,1785462015
2026-07-31T01:46:36Z,409,19,2,1,3,0,1,1,1,1785461098
2026-07-31T01:46:36Z,413,11,2,11,1,0,1,1,1,1785461916
2026-07-31T01:46:36Z,414,11,1,4,0,0,1,1,1,1785462098
2026-07-31T01:46:36Z,417,6,4,13,0,0,1,1,1,1785462051
2026-07-31T01:46:36Z,418,0,0,14,1,0,1,1,1,1785461078
2026-07-31T01:46:36Z,419,11,0,11,1,0,1,1,1,1785461803
2026-07-31T01:46:36Z,421,17,1,2,0,0,1,1,1,1785462354
2026-07-31T01:46:36Z,422,1,0,25,1,0,1,1,1,1785462291
2026-07-31T01:46:36Z,423,6,0,16,1,0,1,1,1,1785462269
2026-07-31T01:46:36Z,424,2,0,11,2,0,1,1,1,1785462340
2026-07-31T01:46:36Z,425,2,1,19,0,1,1,1,1,1785462385
2026-07-31T01:46:36Z,426,0,0,35,2,0,1,1,1,1785462123
2026-07-31T01:46:36Z,427,4,1,10,1,0,1,1,1,1785462204
2026-07-31T01:46:36Z,428,7,2,11,1,0,1,1,1,1785462069
2026-07-31T01:46:36Z,429,2,2,19,2,0,1,1,1,1785461665
2026-07-31T01:46:36Z,430,14,1,16,1,0,1,1,1,1785461765
2026-07-31T01:46:36Z,431,14,0,18,1,0,1,1,1,1785461915
2026-07-31T01:46:36Z,432,18,1,11,2,0,1,1,1,1785462045
2026-07-31T01:46:36Z,433,7,4,14,2,0,1,1,1,1785460941
2026-07-31T01:46:36Z,437,4,4,14,1,0,1,1,1,1785462011
2026-07-31T01:46:36Z,438,3,0,15,1,0,1,1,1,1785462155
2026-07-31T01:46:36Z,439,2,1,13,0,0,1,1,1,1785461370
2026-07-31T01:46:36Z,440,3,1,10,2,0,1,1,1,1785462290
2026-07-31T01:46:36Z,441,2,0,13,0,0,1,1,1,1785462212
2026-07-31T01:46:36Z,442,12,5,6,1,0,1,1,1,1785462063
2026-07-31T01:46:36Z,443,3,0,24,0,0,1,1,1,1785456698
2026-07-31T01:46:36Z,444,0,0,23,0,0,1,1,1,1785461950
2026-07-31T01:46:36Z,445,7,2,15,1,0,1,1,1,1785462378
2026-07-31T01:46:36Z,446,2,2,20,1,0,1,1,1,1785457589
2026-07-31T01:46:36Z,447,1,0,20,1,1,1,1,1,1785441257
2026-07-31T01:46:36Z,448,9,3,4,1,1,1,1,1,1785462350
2026-07-31T01:46:36Z,452,4,1,14,1,0,1,1,1,1785462382
2026-07-31T01:46:36Z,453,2,0,12,1,0,1,1,1,1785461669
2026-07-31T01:46:36Z,454,2,0,16,1,0,1,1,1,1785462239
2026-07-31T01:46:36Z,455,0,0,39,0,0,1,1,1,1785460394
2026-07-31T01:46:36Z,456,12,6,7,1,0,1,1,1,1785462308
2026-07-31T01:46:36Z,457,11,0,14,2,0,1,1,1,1785461456
2026-07-31T01:46:36Z,458,7,1,15,1,0,1,1,1,1785461787
2026-07-31T01:46:36Z,459,12,0,3,0,0,1,1,1,1785462189
2026-07-31T01:46:36Z,460,10,0,12,1,0,1,1,1,1785462364
2026-07-31T01:46:36Z,461,1,0,17,1,0,1,1,1,1785462030
2026-07-31T01:46:36Z,462,5,1,16,0,0,1,1,1,1785462279
2026-07-31T01:46:36Z,463,10,1,9,0,0,1,1,1,1785460840
2026-07-31T01:46:36Z,464,2,1,12,0,0,1,1,1,1785461120
2026-07-31T01:46:36Z,465,1,1,14,0,0,1,1,1,1785462134
2026-07-31T01:46:36Z,466,11,3,3,1,0,1,1,1,1785461194
2026-07-31T01:46:36Z,467,3,0,16,0,0,1,1,1,1785462157
2026-07-31T01:46:36Z,468,12,0,6,1,0,1,1,1,1785461838
2026-07-31T01:46:36Z,469,1,0,21,1,0,1,1,1,1785459683
2026-07-31T01:46:36Z,470,5,0,9,1,0,1,1,1,1785462088
2026-07-31T01:46:36Z,471,20,4,7,0,0,1,1,1,1785460217
2026-07-31T01:46:36Z,472,8,3,10,1,0,1,1,1,1785462241
2026-07-31T01:46:36Z,473,6,1,11,2,0,1,1,1,1785462111
2026-07-31T01:46:36Z,474,15,0,3,1,0,1,1,1,1785461436
2026-07-31T01:46:36Z,475,1,0,18,0,0,1,1,1,1785462351
2026-07-31T01:46:36Z,477,6,6,8,1,0,1,1,1,1785462379
2026-07-31T01:46:36Z,478,16,3,15,0,0,1,1,1,1785462364
2026-07-31T01:46:36Z,479,5,1,21,1,0,1,1,1,1785462206
2026-07-31T01:46:36Z,480,4,1,8,3,0,1,1,1,1785461580
2026-07-31T01:46:36Z,481,16,0,18,1,0,1,1,1,1785462380
2026-07-31T01:46:36Z,482,5,0,13,1,0,1,1,1,1785461122
2026-07-31T01:46:36Z,483,24,1,1,2,0,1,1,1,1785462380
2026-07-31T01:46:36Z,484,4,0,14,1,0,1,1,1,1785462387
2026-07-31T01:46:36Z,485,12,6,5,1,1,1,1,1,1785462353
2026-07-31T01:46:36Z,486,4,0,21,2,0,1,1,1,1785462087
2026-07-31T01:46:36Z,487,0,0,18,1,0,1,1,1,1785461882
2026-07-31T01:46:36Z,489,12,6,3,0,0,1,1,1,1785462204
2026-07-31T01:46:36Z,490,6,2,10,0,0,1,1,1,1785462333
2026-07-31T01:46:36Z,491,16,2,5,0,0,1,1,1,1785460667
2026-07-31T01:46:36Z,492,4,3,4,3,0,1,1,1,1785462390
2026-07-31T01:46:36Z,493,3,1,23,1,0,1,1,1,1785462174
2026-07-31T01:46:36Z,495,10,1,4,1,0,1,1,1,1785461274
2026-07-31T01:46:36Z,496,22,2,5,0,0,1,1,1,1785461820
2026-07-31T01:46:36Z,497,3,1,15,1,0,1,1,1,1785462164
2026-07-31T01:46:36Z,498,5,4,18,0,0,1,1,1,1785461684
2026-07-31T01:46:36Z,499,8,2,11,0,0,1,1,1,1785460598
2026-07-31T01:46:36Z,500,5,2,5,5,0,1,1,1,1785462389
2026-07-31T01:46:36Z,501,5,2,15,1,0,1,1,1,1785462391
2026-07-31T01:46:36Z,502,3,0,16,0,0,1,1,1,1785460816
2026-07-31T01:46:36Z,503,20,0,9,2,0,1,1,1,1785462247
2026-07-31T01:46:36Z,504,1,0,37,1,0,1,1,1,1785461748
2026-07-31T01:46:36Z,505,1,1,10,1,0,1,1,1,1785462050
2026-07-31T01:46:36Z,511,1,0,22,0,0,1,1,1,1785461152
2026-07-31T01:46:36Z,512,2,0,25,0,0,1,1,1,1785462382
2026-07-31T01:46:36Z,514,9,1,0,2,0,1,1,1,1785461392
2026-07-31T01:46:36Z,515,4,0,15,0,0,1,1,1,1785461097
2026-07-31T01:46:36Z,516,1,0,26,0,0,1,1,1,1785462366
2026-07-31T01:46:36Z,517,7,0,15,1,0,1,1,1,1785462183
2026-07-31T01:46:36Z,518,11,2,3,1,0,1,1,1,1785461496
2026-07-31T01:46:36Z,519,4,3,15,0,0,1,1,1,1785462210
2026-07-31T01:46:36Z,520,9,5,13,4,1,1,1,1,1785462391
2026-07-31T01:46:36Z,521,5,2,18,0,0,1,1,1,1785462384
2026-07-31T01:46:36Z,522,23,1,0,0,0,1,1,1,1785462145
2026-07-31T01:46:36Z,523,2,1,19,2,0,1,1,1,1785461988
2026-07-31T01:46:36Z,524,23,1,0,0,0,1,1,1,1785462064
2026-07-31T01:46:36Z,525,19,0,0,0,0,1,1,1,1785462214
2026-07-31T01:46:36Z,526,10,1,4,1,0,1,1,1,1785462021
2026-07-31T01:46:36Z,527,3,1,20,3,0,1,1,1,1785462212
2026-07-31T01:46:36Z,528,18,0,5,0,0,1,1,1,1785462284
2026-07-31T01:46:36Z,529,7,6,7,5,0,1,1,1,1785462392
2026-07-31T01:46:36Z,530,3,0,17,1,0,1,1,1,1785462332
2026-07-31T01:46:36Z,531,10,0,11,1,1,1,1,1,1785462309
2026-07-31T01:46:36Z,532,5,3,24,1,1,1,1,1,1785457478
2026-07-31T01:46:36Z,533,8,1,10,1,0,1,1,1,1785462107
2026-07-31T01:46:36Z,534,0,0,23,0,0,1,1,1,1785462032
2026-07-31T01:46:36Z,535,1,1,13,1,0,1,1,1,1785462156
2026-07-31T01:46:36Z,536,7,0,16,0,0,1,1,1,1785462227
2026-07-31T01:46:36Z,537,10,5,10,0,0,1,1,1,1785462220
2026-07-31T01:46:36Z,538,7,1,14,0,2,1,1,1,1785462309
2026-07-31T01:46:36Z,539,2,2,29,0,0,1,1,1,1785461556
2026-07-31T01:46:36Z,540,4,3,15,0,0,1,1,1,1785462189
2026-07-31T01:46:36Z,541,13,0,14,0,0,1,1,1,1785462376
2026-07-31T01:46:36Z,542,0,0,22,1,0,1,1,1,1785461238
2026-07-31T01:46:36Z,543,1,0,18,0,0,1,1,1,1785461833
2026-07-31T01:46:36Z,544,4,1,14,4,0,1,1,1,1785462334
2026-07-31T01:46:36Z,545,7,3,8,4,0,1,1,1,1785462344
2026-07-31T01:46:36Z,546,16,3,3,0,0,1,1,1,1785462311
2026-07-31T01:46:36Z,547,8,2,16,1,0,1,1,1,1785462390
2026-07-31T01:46:36Z,548,5,0,18,0,0,1,1,1,1785461902
2026-07-31T01:46:36Z,549,15,0,8,0,0,1,1,1,1785462294
2026-07-31T01:46:36Z,550,0,0,19,0,0,1,1,1,1785462236
2026-07-31T01:46:36Z,551,14,4,9,0,0,1,1,1,1785460771
2026-07-31T01:46:36Z,552,21,1,6,0,0,1,1,1,1785461810
2026-07-31T01:46:36Z,553,4,3,18,0,1,1,1,1,1785462192
2026-07-31T01:46:36Z,554,0,0,19,0,0,1,1,1,1785461514
2026-07-31T01:46:36Z,555,11,5,3,1,0,1,1,1,1785462074
2026-07-31T01:46:36Z,556,8,4,14,1,0,1,1,1,1785462335
2026-07-31T01:46:36Z,557,4,2,13,6,0,1,1,1,1785462209
2026-07-31T01:46:36Z,558,9,6,27,1,0,1,1,1,1785462332
2026-07-31T01:46:36Z,559,0,0,18,1,0,1,1,1,1785457401
2026-07-31T01:46:36Z,560,0,0,27,0,0,1,1,1,1785461304
2026-07-31T01:46:36Z,561,18,0,3,2,0,1,1,1,1785461783
2026-07-31T01:46:36Z,562,30,1,0,5,0,1,1,1,1785462362
2026-07-31T01:46:36Z,563,8,0,6,0,0,1,1,1,1785461998
2026-07-31T01:46:36Z,564,5,1,13,1,0,1,1,1,1785461541
2026-07-31T01:46:36Z,565,9,2,10,0,0,1,1,1,1785462137
2026-07-31T01:46:36Z,566,3,0,15,1,0,1,1,1,1785462120
2026-07-31T01:46:36Z,567,19,1,7,1,0,1,1,1,1785461798
2026-07-31T01:46:36Z,568,8,0,9,2,0,1,1,1,1785462371
2026-07-31T01:46:36Z,569,10,0,9,0,0,1,1,1,1785462219
2026-07-31T01:46:36Z,570,6,2,12,1,0,1,1,1,1785462202
2026-07-31T01:46:36Z,571,9,0,14,0,0,1,1,1,1785462341
2026-07-31T01:46:36Z,572,6,3,12,1,0,1,1,1,1785462075
2026-07-31T01:46:36Z,573,15,0,0,0,0,1,1,1,1785460519
2026-07-31T01:46:36Z,574,8,2,7,0,0,1,1,1,1785461770
2026-07-31T01:46:36Z,575,12,0,8,1,0,1,1,1,1785462304
2026-07-31T01:46:36Z,576,0,0,18,1,0,1,1,1,1785462179
2026-07-31T01:46:36Z,577,31,0,0,0,0,1,1,1,1785462299
2026-07-31T01:46:36Z,578,8,3,14,1,0,1,1,1,1785461759
2026-07-31T01:46:36Z,579,31,0,12,0,0,1,1,1,1785462348
2026-07-31T01:46:36Z,580,10,0,19,0,0,1,1,1,1785462258
2026-07-31T01:46:36Z,581,16,1,3,0,0,1,1,1,1785462154
2026-07-31T01:46:36Z,582,1,0,58,3,0,1,1,1,1785462389
2026-07-31T01:46:36Z,583,16,1,7,0,0,1,1,1,1785462169
2026-07-31T01:46:36Z,584,1,0,13,5,0,1,1,1,1785462343
2026-07-31T01:46:36Z,585,13,0,13,0,1,1,1,1,1785462229
2026-07-31T01:46:36Z,586,16,3,18,1,0,1,1,1,1785462372
2026-07-31T01:46:36Z,587,23,0,0,1,0,1,1,1,1785462112
2026-07-31T01:46:36Z,588,7,2,9,3,0,1,1,1,1785462363
2026-07-31T01:46:36Z,589,0,0,0,23,0,1,1,1,1785462392
2026-07-31T01:46:36Z,590,20,8,9,2,0,1,1,1,1785462392
2026-07-31T01:46:36Z,591,23,0,5,2,0,1,1,1,1785462367
2026-07-31T01:46:36Z,592,2,0,21,0,0,1,1,1,1785461900
2026-07-31T01:46:36Z,593,2,0,36,0,0,1,1,1,1785462329
2026-07-31T01:46:36Z,594,20,2,1,0,0,1,1,1,1785462225
2026-07-31T01:46:36Z,595,0,0,3,0,0,0,1,1,1784046673
2026-07-31T01:46:36Z,605,0,0,2,1,0,0,1,1,1783975843
2026-07-31T01:46:36Z,606,0,0,0,0,0,0,1,1,86400
2026-07-31T01:46:36Z,607,26,1,5,1,0,1,1,1,1785462346
2026-07-31T01:46:36Z,608,1,0,49,0,0,1,1,1,1785462021
2026-07-31T01:46:36Z,609,1,1,22,0,0,1,1,1,1785461605
2026-07-31T01:46:36Z,610,0,0,35,0,0,1,1,1,1785461884
2026-07-31T01:46:36Z,611,15,0,11,1,0,1,1,1,1785461518
2026-07-31T01:46:36Z,612,7,1,8,0,0,1,1,1,1785455780
2026-07-31T01:46:36Z,613,10,0,1,4,0,1,1,1,1785461915
2026-07-31T01:46:36Z,614,17,3,8,1,1,1,1,1,1785462162
2026-07-31T01:46:36Z,617,2,1,12,1,0,1,1,1,1785461438
2026-07-31T01:46:36Z,618,11,2,4,4,0,1,1,1,1785460040
2026-07-31T01:46:36Z,619,4,4,15,0,0,1,1,1,1785462246
2026-07-31T01:46:36Z,620,0,0,26,1,0,1,1,1,1785459814
2026-07-31T01:46:36Z,621,7,3,16,0,0,1,1,1,1785462244
2026-07-31T01:46:36Z,622,6,5,14,3,0,1,1,1,1785462344
2026-07-31T01:46:36Z,623,4,1,25,1,0,1,1,1,1785462142
2026-07-31T01:46:36Z,624,4,1,11,0,0,1,1,1,1785461567
2026-07-31T01:46:36Z,625,3,0,16,2,0,1,1,1,1785461872
2026-07-31T01:46:36Z,626,3,0,41,1,2,1,1,1,1785462380
2026-07-31T01:46:36Z,627,14,6,5,0,0,1,1,1,1785458008
2026-07-31T01:46:36Z,628,0,0,16,2,1,1,1,1,1785462215
2026-07-31T01:46:36Z,629,4,1,5,2,0,1,1,1,1785462371
2026-07-31T01:46:36Z,630,3,2,21,3,0,1,1,1,1785462154
2026-07-31T01:46:36Z,631,1,1,22,0,0,1,1,1,1785461151
2026-07-31T01:46:36Z,632,22,2,0,1,0,1,1,1,1785458363
2026-07-31T01:46:36Z,633,11,1,0,4,0,1,1,1,1785462330
2026-07-31T01:46:36Z,634,9,1,9,1,0,1,1,1,1785461298
2026-07-31T01:46:36Z,635,13,1,5,1,0,1,1,1,1785461600
2026-07-31T01:46:36Z,636,8,1,6,1,0,1,1,1,1785460102
2026-07-31T01:46:36Z,637,10,1,9,0,0,1,1,1,1785460625
2026-07-31T01:46:36Z,638,8,2,8,3,0,1,1,1,1785461217
2026-07-31T01:46:36Z,639,4,1,13,2,0,1,1,1,1785462047
2026-07-31T01:46:36Z,640,2,2,20,1,0,1,1,1,1785462162
2026-07-31T01:46:36Z,641,6,1,19,1,0,1,1,1,1785462379
2026-07-31T01:46:36Z,642,2,2,9,8,0,1,1,1,1785462391
2026-07-31T01:46:36Z,643,13,0,6,8,0,1,1,1,1785462384
2026-07-31T01:46:36Z,644,9,0,5,1,0,1,1,1,1785460308
2026-07-31T01:46:36Z,645,7,0,15,0,1,1,1,1,1785462197
2026-07-31T01:46:36Z,646,1,1,18,0,0,1,1,1,1785461193
2026-07-31T01:46:36Z,647,20,0,10,1,0,1,1,1,1785462191
2026-07-31T01:46:36Z,648,7,3,10,1,1,1,1,1,1785462149
2026-07-31T01:46:36Z,649,27,3,3,1,0,1,1,1,1785462371
2026-07-31T01:46:36Z,650,5,1,9,0,0,1,1,1,1785461548
2026-07-31T01:46:36Z,651,4,4,19,0,0,1,1,1,1785462328
2026-07-31T01:46:36Z,652,1,1,20,2,0,1,1,1,1785462275
2026-07-31T01:46:36Z,653,4,1,14,1,0,1,1,1,1785462222
2026-07-31T01:46:36Z,654,1,1,14,0,0,1,1,1,1785461395
2026-07-31T01:46:36Z,655,7,3,1,4,1,1,1,1,1785462235
2026-07-31T01:46:36Z,656,13,6,6,0,0,1,1,1,1785462179
2026-07-31T01:46:36Z,657,11,5,1,2,3,1,1,1,1785462211
2026-07-31T01:46:36Z,658,7,0,3,0,0,1,1,1,1785462359
2026-07-31T01:46:36Z,659,7,2,7,1,0,1,1,1,1785461831
2026-07-31T01:46:36Z,660,3,2,25,3,0,1,1,1,1785462381
2026-07-31T01:46:36Z,661,3,2,16,0,0,1,1,1,1785460701
2026-07-31T01:46:36Z,662,6,3,13,4,0,1,1,1,1785460993
2026-07-31T01:46:36Z,663,6,3,8,1,0,1,1,1,1785461809
2026-07-31T01:46:36Z,664,0,0,26,1,0,1,1,1,1785461899
2026-07-31T01:46:36Z,665,9,2,6,0,0,1,1,1,1785461993
2026-07-31T01:46:36Z,666,6,4,7,2,0,1,1,1,1785457342
2026-07-31T01:46:36Z,667,14,6,5,0,0,1,1,1,1785462364
2026-07-31T01:46:36Z,668,14,1,3,2,0,1,1,1,1785461220
2026-07-31T01:46:36Z,669,9,3,5,0,0,1,1,1,1785461112
2026-07-31T01:46:36Z,670,4,3,23,0,0,1,1,1,1785462293
2026-07-31T01:46:36Z,671,13,1,13,1,0,1,1,1,1785462165
2026-07-31T01:46:36Z,672,5,2,14,3,1,1,1,1,1785461087
2026-07-31T01:46:36Z,673,2,0,20,1,0,1,1,1,1785462388
2026-07-31T01:46:36Z,674,0,0,20,3,0,1,1,1,1785462072
2026-07-31T01:46:36Z,675,7,4,6,2,0,1,1,1,1785461709
2026-07-31T01:46:36Z,676,11,1,11,0,0,1,1,1,1785461487
2026-07-31T01:46:36Z,681,1,1,9,5,0,1,1,1,1785461968
2026-07-31T01:46:36Z,682,4,1,14,1,0,1,1,1,1785387864
2026-07-31T01:46:36Z,683,5,1,14,0,0,1,1,1,1785461428
2026-07-31T01:46:36Z,684,2,0,25,0,0,1,1,1,1785456431
2026-07-31T01:46:36Z,685,7,0,18,1,1,1,1,1,1785462175
2026-07-31T01:46:36Z,686,11,0,14,1,1,1,1,1,1785462260
2026-07-31T01:46:36Z,687,11,0,18,1,1,1,1,1,1785462148
2026-07-31T01:46:36Z,688,8,1,4,7,0,1,1,1,1785462186
2026-07-31T01:46:36Z,692,0,0,21,0,0,1,1,1,1785462194
2026-07-31T01:46:36Z,693,7,0,1,3,0,1,1,1,1785461830
2026-07-31T01:46:36Z,694,8,5,12,1,0,1,1,1,1785461512
2026-07-31T01:46:36Z,695,7,4,15,1,0,1,1,1,1785462373
2026-07-31T01:46:36Z,696,18,12,5,0,0,1,1,1,1785461809
2026-07-31T01:46:36Z,697,20,0,3,0,0,1,1,1,1785462258
2026-07-31T01:46:36Z,698,4,0,23,0,0,1,1,1,1785462306
2026-07-31T01:46:36Z,699,7,0,7,1,0,1,1,1,1785462068
2026-07-31T01:46:36Z,700,12,4,6,1,0,1,1,1,1785462154
2026-07-31T01:46:36Z,701,15,4,3,1,0,1,1,1,1785461627
2026-07-31T01:46:36Z,702,15,0,8,0,0,1,1,1,1785462190
2026-07-31T01:46:36Z,704,5,1,10,0,0,1,1,1,1785461030
2026-07-31T01:46:36Z,705,2,2,12,1,0,1,1,1,1785462310
2026-07-31T01:46:36Z,706,7,0,4,4,0,1,1,1,1785461859
2026-07-31T01:46:36Z,707,3,1,10,2,0,1,1,1,1785462271
2026-07-31T01:46:36Z,708,19,0,0,0,0,1,1,1,1785460758
2026-07-31T01:46:36Z,709,11,1,0,4,0,1,1,1,1785462218
2026-07-31T01:46:36Z,710,7,0,12,0,0,1,1,1,1785461644
2026-07-31T01:46:36Z,711,11,3,9,3,0,1,1,1,1785462269
2026-07-31T01:46:36Z,712,10,4,5,0,0,1,1,1,1785462320
2026-07-31T01:46:36Z,713,2,0,21,0,0,1,1,1,1785462271
2026-07-31T01:46:36Z,716,3,1,12,0,0,1,1,1,1785461947
2026-07-31T01:46:36Z,717,4,0,18,3,0,1,1,1,1785461986
2026-07-31T01:46:36Z,718,0,0,14,1,0,1,1,1,1785461811
2026-07-31T01:46:36Z,719,3,1,26,0,0,1,1,1,1785461134
2026-07-31T01:46:36Z,720,2,1,17,0,0,1,1,1,1785462251
2026-07-31T01:46:36Z,721,0,0,21,2,0,1,1,1,1785461176
2026-07-31T01:46:36Z,722,2,0,13,0,0,1,1,1,1785461998
2026-07-31T01:46:36Z,723,12,2,11,0,0,1,1,1,1785461957
2026-07-31T01:46:36Z,724,18,6,5,0,0,1,1,1,1785462080
2026-07-31T01:46:36Z,725,4,0,19,0,0,1,1,1,1785462283
2026-07-31T01:46:36Z,726,10,2,9,0,0,1,1,1,1785462057
2026-07-31T01:46:36Z,727,9,4,12,2,0,1,1,1,1785461116
2026-07-31T01:46:36Z,728,10,1,5,0,0,1,1,1,1785460745
2026-07-31T01:46:36Z,729,19,1,0,0,0,1,1,1,1785462254
2026-07-31T01:46:36Z,730,4,3,10,1,0,1,1,1,1785461334
2026-07-31T01:46:36Z,731,6,1,9,0,0,1,1,1,1785462243
2026-07-31T01:46:36Z,732,7,4,8,0,0,1,1,1,1785461771
2026-07-31T01:46:36Z,733,24,2,2,1,0,1,1,1,1785462207
2026-07-31T01:46:36Z,734,2,1,12,0,0,1,1,1,1785461489
2026-07-31T01:46:36Z,735,2,2,25,0,0,1,1,1,1785462087
2026-07-31T01:46:36Z,736,3,0,16,0,0,1,1,1,1785460857
2026-07-31T01:46:36Z,737,2,1,10,2,1,1,1,1,1785461058
2026-07-31T01:46:36Z,738,9,0,8,2,0,1,1,1,1785461055
2026-07-31T01:46:36Z,739,16,2,10,1,0,1,1,1,1785462186
2026-07-31T01:46:36Z,741,6,1,17,0,0,1,1,1,1785461164
2026-07-31T01:46:36Z,742,10,7,21,4,0,1,1,1,1785462391
2026-07-31T01:46:36Z,743,1,1,17,1,0,1,1,1,1785461818
2026-07-31T01:46:36Z,744,8,3,6,1,0,1,1,1,1785461472
2026-07-31T01:46:36Z,745,14,4,4,1,0,1,1,1,1785461113
2026-07-31T01:46:36Z,746,5,0,15,3,0,1,1,1,1785461881
2026-07-31T01:46:36Z,747,0,0,4,0,0,0,1,1,1783446606
2026-07-31T01:46:36Z,748,10,1,13,0,0,1,1,1,1785461852
2026-07-31T01:46:36Z,749,1,1,22,0,0,1,1,1,1785461949
2026-07-31T01:46:36Z,750,4,4,6,1,0,1,1,1,1785462373
2026-07-31T01:46:36Z,751,1,0,21,1,0,1,1,1,1785462350
2026-07-31T01:46:36Z,752,8,1,8,1,0,1,1,1,1785462250
2026-07-31T01:46:36Z,753,15,6,0,0,0,1,1,1,1785462112
2026-07-31T01:46:36Z,754,1,1,13,1,0,1,1,1,1785461728
2026-07-31T01:46:36Z,755,1,1,20,2,0,1,1,1,1785462331
2026-07-31T01:46:36Z,756,1,1,36,0,0,1,1,1,1785462388
2026-07-31T01:46:36Z,757,3,2,16,0,0,1,1,1,1785462271
2026-07-31T01:46:36Z,758,8,8,15,0,0,1,1,1,1785461481
2026-07-31T01:46:36Z,759,5,3,10,0,0,1,1,1,1785461254
2026-07-31T01:46:36Z,760,7,3,11,1,0,1,1,1,1785461275
2026-07-31T01:46:36Z,761,4,0,19,0,0,1,1,1,1785462331
2026-07-31T01:46:36Z,762,5,4,6,4,0,1,1,1,1785462166
2026-07-31T01:46:36Z,768,10,0,7,2,0,1,1,1,1785461370
2026-07-31T01:46:36Z,769,16,6,3,0,0,1,1,1,1785462267
2026-07-31T01:46:36Z,770,11,2,6,2,0,1,1,1,1785460903
2026-07-31T01:46:36Z,771,13,3,1,1,0,1,1,1,1785462136
2026-07-31T01:46:36Z,772,5,2,10,0,0,1,1,1,1785460993
2026-07-31T01:46:36Z,773,15,4,4,0,0,1,1,1,1785462327
2026-07-31T01:46:36Z,774,2,2,10,3,0,1,1,1,1785461527
2026-07-31T01:46:36Z,775,6,0,11,1,1,1,1,1,1785460498
2026-07-31T01:46:36Z,776,3,1,17,1,0,1,1,1,1785461076
2026-07-31T01:46:36Z,777,9,0,3,3,0,1,1,1,1785461063
2026-07-31T01:46:36Z,778,13,0,3,3,0,1,1,1,1785460861
2026-07-31T01:46:36Z,779,8,1,10,1,0,1,1,1,1785461518
2026-07-31T01:46:36Z,780,14,2,3,2,0,1,1,1,1785462303
2026-07-31T01:46:36Z,781,3,1,6,2,0,1,1,1,1785461735
2026-07-31T01:46:36Z,782,2,0,14,3,0,1,1,1,1785462052
2026-07-31T01:46:36Z,783,4,0,15,0,0,1,1,1,1785461741
2026-07-31T01:46:36Z,784,16,0,0,3,0,1,1,1,1785462123
2026-07-31T01:46:36Z,785,9,0,4,6,0,1,1,1,1785461894
2026-07-31T01:46:36Z,786,9,4,10,0,0,1,1,1,1785461753
2026-07-31T01:46:36Z,787,11,5,2,2,0,1,1,1,1785461518
2026-07-31T01:46:36Z,788,3,0,12,0,0,1,1,1,1785462230
2026-07-31T01:46:36Z,789,6,2,5,4,0,1,1,1,1785460672
2026-07-31T01:46:36Z,790,6,2,17,0,0,1,1,1,1785460993
2026-07-31T01:46:36Z,791,6,0,12,0,1,1,1,1,1785462253
2026-07-31T01:46:36Z,793,4,0,10,1,0,1,1,1,1785460827
2026-07-31T01:46:36Z,794,9,1,19,1,0,1,1,1,1785461992
2026-07-31T01:46:36Z,796,6,2,12,1,0,1,1,1,1785462376
2026-07-31T01:46:36Z,797,5,0,10,0,0,1,1,1,1785462368
2026-07-31T01:46:36Z,798,3,0,21,1,0,1,1,1,1785462198
2026-07-31T01:46:36Z,799,10,0,5,4,0,1,1,1,1785462343
2026-07-31T01:46:36Z,800,20,4,0,1,0,1,1,1,1785461967
2026-07-31T01:46:36Z,801,1,0,19,1,0,1,1,1,1785462386
2026-07-31T01:46:36Z,802,9,0,22,0,0,1,1,1,1785461172
2026-07-31T01:46:36Z,803,0,0,14,1,0,1,1,1,1785462198
2026-07-31T01:46:36Z,806,4,4,11,0,0,1,1,1,1785460586
2026-07-31T01:46:36Z,807,1,1,23,1,0,1,1,1,1785462181
2026-07-31T01:46:36Z,808,5,0,18,2,0,1,1,1,1785459824
2026-07-31T01:46:36Z,809,5,1,17,1,0,1,1,1,1785462327
2026-07-31T01:46:36Z,810,3,1,12,4,0,1,1,1,1785460936
2026-07-31T01:46:36Z,815,3,0,7,4,1,1,1,1,1785462376
2026-07-31T01:46:36Z,817,8,4,7,0,0,1,1,1,1785462255
2026-07-31T01:46:36Z,818,5,0,17,1,0,1,1,1,1785461038
2026-07-31T01:46:36Z,819,6,4,9,0,0,1,1,1,1785460987
2026-07-31T01:46:36Z,820,7,1,10,0,0,1,1,1,1785461657
2026-07-31T01:46:36Z,821,2,1,13,0,0,1,1,1,1785461906
2026-07-31T01:46:36Z,822,20,1,0,3,0,1,1,1,1785462391
2026-07-31T01:46:36Z,823,14,1,0,1,0,1,1,1,1785462032
2026-07-31T01:46:36Z,824,8,3,10,1,0,1,1,1,1785461935
2026-07-31T01:46:36Z,825,9,5,6,0,0,1,1,1,1785457432
2026-07-31T01:46:36Z,826,4,1,14,1,0,1,1,1,1785461454
2026-07-31T01:46:36Z,827,14,5,6,1,0,1,1,1,1785460917
2026-07-31T01:46:36Z,828,8,2,9,1,0,1,1,1,1785461709
2026-07-31T01:46:36Z,829,14,6,13,0,0,1,1,1,1785461642
2026-07-31T01:46:36Z,830,12,0,10,1,0,1,1,1,1785461810
2026-07-31T01:46:36Z,831,4,3,10,1,0,1,1,1,1785462335
2026-07-31T01:46:36Z,832,10,4,5,3,0,1,1,1,1785462057
2026-07-31T01:46:36Z,833,1,1,17,1,0,1,1,1,1785461821
2026-07-31T01:46:36Z,834,6,1,16,2,0,1,1,1,1785462386
2026-07-31T01:46:36Z,835,7,1,10,1,0,1,1,1,1785461544
2026-07-31T01:46:36Z,837,5,1,0,10,0,1,1,1,1785462042
2026-07-31T01:46:36Z,838,10,1,4,1,0,1,1,1,1785461849
2026-07-31T01:46:36Z,839,6,2,23,0,0,1,1,1,1785462387
2026-07-31T01:46:36Z,840,3,0,24,2,0,1,1,1,1785462362
2026-07-31T01:46:36Z,841,7,1,8,0,0,1,1,1,1785462031
2026-07-31T01:46:36Z,842,6,1,17,0,0,1,1,1,1785461742
2026-07-31T01:46:36Z,843,11,0,19,1,0,1,1,1,1785461888
2026-07-31T01:46:36Z,844,6,1,17,0,0,1,1,1,1785461815
2026-07-31T01:46:36Z,845,5,3,12,2,0,1,1,1,1785462148
2026-07-31T01:46:36Z,846,4,0,13,2,0,1,1,1,1785461285
2026-07-31T01:46:36Z,847,4,1,23,0,0,1,1,1,1785460990
2026-07-31T01:46:36Z,848,7,0,11,1,0,1,1,1,1785461494
2026-07-31T01:46:36Z,849,8,2,6,1,0,1,1,1,1785461364
2026-07-31T01:46:36Z,850,9,0,1,1,0,1,1,1,1785461360
2026-07-31T01:46:36Z,851,0,0,35,2,0,1,1,1,1785461087
2026-07-31T01:46:36Z,852,10,4,8,1,0,1,1,1,1785461889
2026-07-31T01:46:36Z,853,9,4,13,1,0,1,1,1,1785461114
2026-07-31T01:46:36Z,854,2,2,13,0,0,1,1,1,1785461023
2026-07-31T01:46:36Z,855,13,2,14,0,0,1,1,1,1785462237
2026-07-31T01:46:36Z,857,0,0,18,1,0,1,1,1,1785462086
2026-07-31T01:46:36Z,858,4,1,14,1,0,1,1,1,1785460683
2026-07-31T01:46:36Z,859,3,0,17,1,0,1,1,1,1785460930
2026-07-31T01:46:36Z,861,8,1,2,1,0,1,1,1,1785455675
2026-07-31T01:46:36Z,862,2,1,13,0,0,1,1,1,1785462054
2026-07-31T01:46:36Z,863,10,0,8,1,0,1,1,1,1785461160
2026-07-31T01:46:36Z,866,6,0,12,1,0,1,1,1,1785462301
2026-07-31T01:46:36Z,867,12,0,3,0,0,1,1,1,1785461676
2026-07-31T01:46:36Z,868,13,2,2,0,0,1,1,1,1785461850
2026-07-31T01:46:36Z,870,7,5,7,1,0,1,1,1,1785462065
2026-07-31T01:46:36Z,871,0,0,10,1,0,1,1,1,1785461481
2026-07-31T01:46:36Z,872,0,0,14,1,0,1,1,1,1785461994
2026-07-31T01:46:36Z,873,0,0,32,1,0,1,1,1,1785461847
2026-07-31T01:46:36Z,874,2,0,10,3,0,1,1,1,1785462168
2026-07-31T01:46:36Z,875,14,10,0,1,0,1,1,1,1785462085
2026-07-31T01:46:36Z,877,12,11,6,1,0,1,1,1,1785461541
2026-07-31T01:46:36Z,878,2,2,16,1,0,1,1,1,1785462126
2026-07-31T01:46:36Z,879,2,0,17,0,0,1,1,1,1785461186
2026-07-31T01:46:36Z,880,4,1,18,1,0,1,1,1,1785462088
2026-07-31T01:46:36Z,881,3,0,16,0,0,1,1,1,1785461984
2026-07-31T01:46:36Z,882,11,0,6,2,0,1,1,1,1785457778
2026-07-31T01:46:36Z,883,10,6,9,0,0,1,1,1,1785462291
2026-07-31T01:46:36Z,884,11,7,10,0,0,1,1,1,1785461518
2026-07-31T01:46:36Z,885,0,0,19,0,0,1,1,1,1785461851
2026-07-31T01:46:36Z,886,0,0,28,1,0,1,1,1,1785460744
2026-07-31T01:46:36Z,887,2,0,12,3,0,1,1,1,1785462370
2026-07-31T01:46:36Z,888,16,1,23,2,0,1,1,1,1785462251
2026-07-31T01:46:36Z,889,6,0,11,2,0,1,1,1,1785462180
2026-07-31T01:46:36Z,890,5,2,9,1,0,1,1,1,1785461217
2026-07-31T01:46:36Z,891,15,0,7,1,0,1,1,1,1785461630
2026-07-31T01:46:36Z,892,12,1,3,0,0,1,1,1,1785456450
2026-07-31T01:46:36Z,895,0,0,18,1,0,1,1,1,1785462045
2026-07-31T01:46:36Z,896,27,2,8,0,0,1,1,1,1785462226
2026-07-31T01:46:36Z,897,8,0,13,0,0,1,1,1,1785462332
2026-07-31T01:46:36Z,898,0,0,19,0,0,1,1,1,1785461777
2026-07-31T01:46:36Z,899,19,2,0,0,0,1,1,1,1785461001
2026-07-31T01:46:36Z,900,27,2,0,0,0,1,1,1,1785461987
2026-07-31T01:46:36Z,901,11,0,7,1,0,1,1,1,1785462185
2026-07-31T01:46:36Z,902,9,1,5,1,0,1,1,1,1785461963
2026-07-31T01:46:36Z,903,6,0,13,0,0,1,1,1,1785461081
2026-07-31T01:46:36Z,904,11,5,8,0,0,1,1,1,1785462156
2026-07-31T01:46:36Z,905,2,2,25,0,0,1,1,1,1785462352
2026-07-31T01:46:36Z,906,2,1,25,0,0,1,1,1,1785462108
2026-07-31T01:46:36Z,907,30,8,0,1,0,1,1,1,1785462297
2026-07-31T01:46:36Z,908,8,1,15,0,0,1,1,1,1785462120
2026-07-31T01:46:36Z,909,2,2,21,0,0,1,1,1,1785462098
2026-07-31T01:46:36Z,910,14,0,17,0,0,1,1,1,1785462287
2026-07-31T01:46:36Z,911,6,0,13,0,0,1,1,1,1785461710
2026-07-31T01:46:36Z,912,5,1,15,3,0,1,1,1,1785461871
2026-07-31T01:46:36Z,913,4,2,15,0,0,1,1,1,1785462031
2026-07-31T01:46:36Z,914,3,0,16,0,0,1,1,1,1785462387
2026-07-31T01:46:36Z,915,10,0,12,1,0,1,1,1,1785462236
2026-07-31T01:46:36Z,916,7,1,16,0,0,1,1,1,1785462244
2026-07-31T01:46:36Z,917,33,3,0,2,0,1,1,1,1785461976
2026-07-31T01:46:36Z,918,8,1,9,2,0,1,1,1,1785462301
2026-07-31T01:46:36Z,919,7,1,30,2,0,1,1,1,1785462299
2026-07-31T01:46:36Z,920,2,1,17,0,0,1,1,1,1785462297
2026-07-31T01:46:36Z,921,16,0,5,0,0,1,1,1,1785461823
2026-07-31T01:46:36Z,922,0,0,20,1,0,1,1,1,1785461818
2026-07-31T01:46:36Z,923,8,8,10,1,0,1,1,1,1785462290
2026-07-31T01:46:36Z,924,7,0,14,0,0,1,1,1,1785461558
2026-07-31T01:46:36Z,925,13,0,8,0,0,1,1,1,1785462275
2026-07-31T01:46:36Z,926,1,1,20,0,0,1,1,1,1785460636
2026-07-31T01:46:36Z,927,17,0,18,0,0,1,1,1,1785462371
2026-07-31T01:46:36Z,928,3,0,16,0,0,1,1,1,1785462321
2026-07-31T01:46:36Z,929,0,0,23,0,0,1,1,1,1785461444
2026-07-31T01:46:36Z,930,28,2,1,2,0,1,1,1,1785461992
2026-07-31T01:46:36Z,931,0,0,23,0,0,1,1,1,1785462347
2026-07-31T01:46:36Z,932,15,0,0,4,0,1,1,1,1785462372
2026-07-31T01:46:36Z,933,21,1,1,1,0,1,1,1,1785462235
2026-07-31T01:46:36Z,934,1,1,29,1,0,1,1,1,1785461698
2026-07-31T01:46:36Z,935,5,0,12,2,0,1,1,1,1785462340
2026-07-31T01:46:36Z,936,4,1,15,0,0,1,1,1,1785456801
2026-07-31T01:46:36Z,940,11,1,0,0,0,1,1,1,1785462211
2026-07-31T01:46:36Z,941,8,2,15,2,0,1,1,1,1785462277
2026-07-31T01:46:36Z,942,14,1,7,0,0,1,1,1,1785462331
2026-07-31T01:46:36Z,943,9,8,6,0,0,1,1,1,1785462123
2026-07-31T01:46:36Z,944,9,8,6,0,0,1,1,1,1785461917
2026-07-31T01:46:36Z,945,10,8,5,0,0,1,1,1,1785461426
2026-07-31T01:46:36Z,946,7,5,12,0,0,1,1,1,1785424152
2026-07-31T01:46:36Z,947,7,5,10,0,0,1,1,1,1785461927
2026-07-31T01:46:36Z,948,1,1,26,4,0,1,1,1,1785462349
2026-07-31T01:46:36Z,949,3,1,12,0,0,1,1,1,1785462382
2026-07-31T01:46:36Z,950,3,2,13,1,0,1,1,1,1785461952
2026-07-31T01:46:36Z,951,10,1,13,0,0,1,1,1,1785462089
2026-07-31T01:46:36Z,952,22,1,32,1,0,1,1,1,1785462240
2026-07-31T01:46:36Z,953,13,1,2,0,0,1,1,1,1785461377
2026-07-31T01:46:36Z,954,12,0,7,0,0,1,1,1,1785462232
2026-07-31T01:46:36Z,955,2,0,20,5,0,1,1,1,1785461245
2026-07-31T01:46:36Z,956,15,0,7,1,0,1,1,1,1785462316
2026-07-31T01:46:36Z,957,6,1,21,2,0,1,1,1,1785462390
2026-07-31T01:46:36Z,958,22,0,8,1,0,1,1,1,1785462199
2026-07-31T01:46:36Z,959,12,4,10,1,0,1,1,1,1785462158
2026-07-31T01:46:36Z,960,10,10,12,1,0,1,1,1,1785462329
2026-07-31T01:46:36Z,961,0,0,20,3,0,1,1,1,1785460800
2026-07-31T01:46:36Z,962,5,1,27,3,0,1,1,1,1785461554
2026-07-31T01:46:36Z,963,2,0,20,1,0,1,1,1,1785462180
2026-07-31T01:46:36Z,964,8,4,14,1,0,1,1,1,1785462202
2026-07-31T01:46:36Z,965,4,0,22,1,0,1,1,1,1785462035
2026-07-31T01:46:36Z,966,5,0,26,0,0,1,1,1,1785462389
2026-07-31T01:46:36Z,967,4,1,16,1,0,1,1,1,1785462324
2026-07-31T01:46:36Z,968,1,1,18,0,0,1,1,1,1785462354
2026-07-31T01:46:36Z,969,6,5,19,2,0,1,1,1,1785461979
2026-07-31T01:46:36Z,970,3,2,15,1,0,1,1,1,1785462348
2026-07-31T01:46:36Z,971,22,0,0,1,0,1,1,1,1785462366
2026-07-31T01:46:36Z,972,11,1,10,2,0,1,1,1,1785461958
2026-07-31T01:46:36Z,973,3,3,19,1,0,1,1,1,1785462364
2026-07-31T01:46:36Z,974,0,0,27,0,0,1,1,1,1785461877
2026-07-31T01:46:36Z,977,4,4,13,4,0,1,1,1,1785462135
2026-07-31T01:46:36Z,978,13,4,10,0,0,1,1,1,1785461157
2026-07-31T01:46:36Z,979,3,1,14,0,0,1,1,1,1785461230
2026-07-31T01:46:36Z,980,9,3,10,2,0,1,1,1,1785462390
2026-07-31T01:46:36Z,981,0,0,20,1,0,1,1,1,1785462156
2026-07-31T01:46:36Z,982,3,1,14,2,0,1,1,1,1785461941
2026-07-31T01:46:36Z,983,1,1,21,1,0,1,1,1,1785462330
2026-07-31T01:46:36Z,984,6,0,17,0,0,1,1,1,1785461420
2026-07-31T01:46:36Z,985,22,0,9,0,0,1,1,1,1785462379
2026-07-31T01:46:36Z,986,2,0,17,0,0,1,1,1,1785461936
2026-07-31T01:46:36Z,987,5,0,17,1,0,1,1,1,1785460631
2026-07-31T01:46:36Z,988,6,2,12,1,0,1,1,1,1785462077
2026-07-31T01:46:36Z,989,8,4,11,0,0,1,1,1,1785461077
2026-07-31T01:46:36Z,990,13,1,0,2,0,1,1,1,1785462165
2026-07-31T01:46:36Z,991,8,0,10,1,0,1,1,1,1785461888
2026-07-31T01:46:36Z,992,9,6,13,1,0,1,1,1,1785462336
2026-07-31T01:46:36Z,993,0,0,27,0,0,1,1,1,1785461454
2026-07-31T01:46:36Z,994,3,0,18,0,0,1,1,1,1785462268
2026-07-31T01:46:36Z,995,7,0,20,0,0,1,1,1,1785462059
2026-07-31T01:46:36Z,996,9,1,14,0,0,1,1,1,1785461876
2026-07-31T01:46:36Z,997,10,4,11,2,0,1,1,1,1785461986
2026-07-31T01:46:36Z,998,4,2,18,1,0,1,1,1,1785462200
2026-07-31T01:46:36Z,999,4,2,15,1,1,1,1,1,1785461998
2026-07-31T01:46:36Z,1000,4,2,17,0,0,1,1,1,1785460969
2026-07-31T01:46:36Z,1001,1,0,26,0,0,1,1,1,1785462201
2026-07-31T01:46:36Z,1002,0,0,27,4,0,1,1,1,1785462171
2026-07-31T01:46:36Z,1003,0,0,22,1,0,1,1,1,1785461853
2026-07-31T01:46:36Z,1004,5,1,18,0,0,1,1,1,1785461288
2026-07-31T01:46:36Z,1005,20,1,3,0,0,1,1,1,1785462040
2026-07-31T01:46:36Z,1006,7,4,11,1,0,1,1,1,1785461892
2026-07-31T01:46:36Z,1007,5,2,16,0,0,1,1,1,1785461521
2026-07-31T01:46:36Z,1008,6,5,15,2,0,1,1,1,1785460995
2026-07-31T01:46:36Z,1009,21,4,8,2,0,1,1,1,1785460878
2026-07-31T01:46:36Z,1010,7,2,20,0,0,1,1,1,1785461686
2026-07-31T01:46:36Z,1011,7,1,10,2,0,1,1,1,1785462271
2026-07-31T01:46:36Z,1012,4,3,18,1,0,1,1,1,1785461806
2026-07-31T01:46:36Z,1013,4,1,18,1,0,1,1,1,1785462221
2026-07-31T01:46:36Z,1014,8,3,13,2,0,1,1,1,1785462317
2026-07-31T01:46:36Z,1015,4,3,25,2,0,1,1,1,1785460722
2026-07-31T01:46:36Z,1016,10,5,21,0,0,1,1,1,1785461610
2026-07-31T01:46:36Z,1017,14,5,7,0,0,1,1,1,1785461217
2026-07-31T01:46:36Z,1018,8,2,14,0,0,1,1,1,1785461896
2026-07-31T01:46:36Z,1019,7,5,8,0,0,1,1,1,1785461865
2026-07-31T01:46:36Z,1020,18,3,3,0,0,1,1,1,1785461094
2026-07-31T01:46:36Z,1021,9,3,5,1,0,1,1,1,1785460939
2026-07-31T01:46:36Z,1022,14,0,13,0,0,1,1,1,1785461960
2026-07-31T01:46:36Z,1023,12,1,10,1,0,1,1,1,1785461623
2026-07-31T01:46:36Z,1024,6,3,13,0,0,1,1,1,1785460833
2026-07-31T01:46:36Z,1025,4,0,14,0,1,1,1,1,1785461919
2026-07-31T01:46:36Z,1026,8,4,18,5,0,1,1,1,1785461034
2026-07-31T01:46:36Z,1028,2,0,20,1,0,1,1,1,1785461986
2026-07-31T01:46:36Z,1029,11,10,4,0,0,1,1,1,1785461143
2026-07-31T01:46:36Z,1030,13,5,10,0,0,1,1,1,1785460839
2026-07-31T01:46:36Z,1031,10,0,9,0,0,1,1,1,1785461247
2026-07-31T01:46:36Z,1032,7,1,12,0,0,1,1,1,1785461906
2026-07-31T01:46:36Z,1033,8,5,10,1,0,1,1,1,1785460896
2026-07-31T01:46:36Z,1034,1,0,14,0,0,1,1,1,1785461949
2026-07-31T01:46:36Z,1035,2,0,16,1,0,1,1,1,1785462228
2026-07-31T01:46:36Z,1036,15,1,0,0,0,1,1,1,1785460707
2026-07-31T01:46:36Z,1037,4,1,14,1,0,1,1,1,1785462179
2026-07-31T01:46:36Z,1038,3,1,11,1,0,1,1,1,1785461648
2026-07-31T01:46:36Z,1039,4,2,15,0,0,1,1,1,1785462062
2026-07-31T01:46:36Z,1040,9,4,9,1,0,1,1,1,1785461936
2026-07-31T01:46:36Z,1041,9,2,10,0,0,1,1,1,1785461820
2026-07-31T01:46:36Z,1042,11,0,2,2,0,1,1,1,1785461915
2026-07-31T01:46:36Z,1043,9,0,7,3,0,1,1,1,1785461976
2026-07-31T01:46:36Z,1044,2,1,13,0,0,1,1,1,1785461699
2026-07-31T01:46:36Z,1045,10,0,9,0,0,1,1,1,1785461895
2026-07-31T01:46:36Z,1046,8,0,7,0,0,1,1,1,1785461328
2026-07-31T01:46:36Z,1047,4,0,17,0,0,1,1,1,1785460828
2026-07-31T01:46:36Z,1048,7,1,12,0,0,1,1,1,1785462362
2026-07-31T01:46:36Z,1049,3,0,18,0,0,1,1,1,1785461900
2026-07-31T01:46:36Z,1050,19,4,2,0,0,1,1,1,1785461910
2026-07-31T01:46:36Z,1051,6,2,15,0,0,1,1,1,1785461092
2026-07-31T01:46:36Z,1052,17,2,5,0,0,1,1,1,1785461712
2026-07-31T01:46:36Z,1053,2,1,13,0,0,1,1,1,1785461825
2026-07-31T01:46:36Z,1054,14,1,1,0,0,1,1,1,1785462068
2026-07-31T01:46:36Z,1055,7,2,12,0,0,1,1,1,1785462034
2026-07-31T01:46:36Z,1057,7,0,12,0,0,1,1,1,1785462389
2026-07-31T01:46:36Z,1058,55,3,1,0,0,1,1,1,1785462061
2026-07-31T01:46:36Z,1059,1,0,16,2,0,1,1,1,1785461958
2026-07-31T01:46:36Z,1060,5,2,32,0,0,1,1,1,1785461996
2026-07-31T01:46:36Z,1061,36,6,1,0,0,1,1,1,1785462385
2026-07-31T01:46:36Z,1062,17,1,0,0,0,1,1,1,1785461896
2026-07-31T01:46:36Z,1063,12,1,6,1,0,1,1,1,1785461950
2026-07-31T01:46:36Z,1064,6,2,16,1,0,1,1,1,1785462233
2026-07-31T01:46:36Z,1065,15,3,8,0,0,1,1,1,1785460672
2026-07-31T01:46:36Z,1066,11,2,12,0,0,1,1,1,1785462319
2026-07-31T01:46:36Z,1067,7,1,15,1,0,1,1,1,1785460765
2026-07-31T01:46:36Z,1068,8,2,13,2,0,1,1,1,1785462045
2026-07-31T01:46:36Z,1069,12,3,11,0,0,1,1,1,1785462124
2026-07-31T01:46:36Z,1070,11,2,12,0,0,1,1,1,1785462219
2026-07-31T01:46:36Z,1071,7,4,16,0,0,1,1,1,1785462258
2026-07-31T01:46:36Z,1072,11,1,11,1,0,1,1,1,1785461345
2026-07-31T01:46:36Z,1073,16,6,9,2,0,1,1,1,1785462369
2026-07-31T01:46:36Z,1074,51,0,1,1,0,1,1,1,1785462387
2026-07-31T01:46:36Z,1075,9,8,12,0,0,1,1,1,1785461627
2026-07-31T01:46:36Z,1076,12,10,9,0,0,1,1,1,1785461217
2026-07-31T01:46:36Z,1077,8,5,13,0,0,1,1,1,1785461834
2026-07-31T01:46:36Z,1078,13,10,8,0,0,1,1,1,1785461104
2026-07-31T01:46:36Z,1079,11,8,10,0,0,1,1,1,1785461743
2026-07-31T01:46:36Z,1080,10,8,10,1,0,1,1,1,1785462337
2026-07-31T01:46:36Z,1081,14,9,5,0,0,1,1,1,1785460954
2026-07-31T01:46:36Z,1082,4,4,4,0,0,1,1,1,1785462331
2026-07-31T01:46:36Z,1083,12,10,9,0,0,1,1,1,1785461994
2026-07-31T01:46:36Z,1084,8,7,13,0,0,1,1,1,1785461626
2026-07-31T01:46:36Z,1085,10,10,11,0,0,1,1,1,1785461217
2026-07-31T01:46:36Z,1086,8,7,12,1,0,1,1,1,1785461942
2026-07-31T01:46:36Z,1087,8,7,7,0,0,1,1,1,1785461206
2026-07-31T01:46:36Z,1088,10,7,5,0,0,1,1,1,1785461956
2026-07-31T01:46:36Z,1089,6,4,9,0,0,1,1,1,1785462330
2026-07-31T01:46:36Z,1090,8,7,7,0,0,1,1,1,1785461040
2026-07-31T01:46:36Z,1091,12,7,3,0,0,1,1,1,1785460949
2026-07-31T01:46:36Z,1092,8,8,6,1,0,1,1,1,1785462308
2026-07-31T01:46:36Z,1093,7,6,8,0,0,1,1,1,1785460863
2026-07-31T01:46:36Z,1094,10,8,8,1,0,1,1,1,1785461909
2026-07-31T01:46:36Z,1095,9,8,6,0,0,1,1,1,1785460826
2026-07-31T01:46:36Z,1096,5,2,13,1,0,1,1,1,1785462270
2026-07-31T01:46:36Z,1097,10,10,5,0,0,1,1,1,1785460677
2026-07-31T01:46:36Z,1098,9,7,10,0,0,1,1,1,1785460994
2026-07-31T01:46:36Z,1099,7,6,8,0,0,1,1,1,1785461742
2026-07-31T01:46:36Z,1100,6,2,23,0,0,1,1,1,1785460314
2026-07-31T01:46:36Z,1101,10,5,11,0,0,1,1,1,1785461613
2026-07-31T01:46:36Z,1102,9,4,4,0,0,1,1,1,1785460957
2026-07-31T01:46:36Z,1103,10,5,11,0,0,1,1,1,1785458054
2026-07-31T01:46:36Z,1104,10,5,11,0,0,1,1,1,1785461362
2026-07-31T01:46:36Z,1105,7,3,6,0,0,1,1,1,1785460851
2026-07-31T01:46:36Z,1106,13,7,8,0,0,1,1,1,1785461698
2026-07-31T01:46:36Z,1107,9,5,6,0,0,1,1,1,1785462041
2026-07-31T01:46:36Z,1108,7,3,17,3,0,1,1,1,1785462367
2026-07-31T01:46:36Z,1109,7,3,8,0,0,1,1,1,1785462005
2026-07-31T01:46:36Z,1110,8,0,13,0,0,1,1,1,1785461241
2026-07-31T01:46:36Z,1111,2,0,19,0,0,1,1,1,1785461212
2026-07-31T01:46:36Z,1112,43,1,10,0,0,1,1,1,1785461957
2026-07-31T01:46:36Z,1113,0,0,21,0,0,1,1,1,1785461231
2026-07-31T01:46:36Z,1115,20,7,2,1,0,1,1,1,1785462383
2026-07-31T01:46:36Z,1116,4,1,15,0,0,1,1,1,1785461922
2026-07-31T01:46:36Z,1117,0,0,23,0,0,1,1,1,1785462272
2026-07-31T01:46:36Z,1118,16,2,4,1,0,1,1,1,1785462284
2026-07-31T01:46:36Z,1119,11,1,6,0,0,1,1,1,1785461137
2026-07-31T01:46:36Z,1120,9,0,9,1,0,1,1,1,1785461971
2026-07-31T01:46:36Z,1121,4,3,15,2,0,1,1,1,1785462018
2026-07-31T01:46:36Z,1122,15,10,4,2,0,1,1,1,1785462329
2026-07-31T01:46:36Z,1123,0,0,21,2,0,1,1,1,1785461556
2026-07-31T01:46:36Z,1124,8,0,1,6,0,1,1,1,1785461486
2026-07-31T01:46:36Z,1125,14,1,9,0,0,1,1,1,1785462248
2026-07-31T01:46:36Z,1126,4,1,15,2,0,1,1,1,1785462180
2026-07-31T01:46:36Z,1127,13,0,5,1,0,1,1,1,1785462244
2026-07-31T01:46:36Z,1128,12,0,3,0,0,1,1,1,1785461952
2026-07-31T01:46:36Z,1129,5,1,15,1,0,1,1,1,1785462315
2026-07-31T01:46:36Z,1130,4,0,11,0,0,1,1,1,1785462287
2026-07-31T01:46:36Z,1131,2,0,46,1,0,1,1,1,1785462354
2026-07-31T01:46:36Z,1132,14,6,6,1,0,1,1,1,1785461546
2026-07-31T01:46:36Z,1133,6,3,13,2,0,1,1,1,1785462313
2026-07-31T01:46:36Z,1134,10,6,9,0,0,1,1,1,1785460603
2026-07-31T01:46:36Z,1135,10,5,11,0,0,1,1,1,1785461505
2026-07-31T01:46:36Z,1136,23,0,0,0,0,1,1,1,1785462380
2026-07-31T01:46:36Z,1137,8,0,7,0,0,1,1,1,1785461870
2026-07-31T01:46:36Z,1138,11,2,8,0,0,1,1,1,1785461886
2026-07-31T01:46:36Z,1139,9,2,10,2,0,1,1,1,1785462387
2026-07-31T01:46:36Z,1140,22,3,0,1,0,1,1,1,1785462200
2026-07-31T01:46:36Z,1141,1,1,19,1,0,1,1,1,1785461312
2026-07-31T01:46:36Z,1142,21,1,0,0,0,1,1,1,1785460744
2026-07-31T01:46:36Z,1143,10,1,18,1,0,1,1,1,1785462317
2026-07-31T01:46:36Z,1144,9,4,10,2,0,1,1,1,1785462185
2026-07-31T01:46:36Z,1145,12,6,8,1,0,1,1,1,1785462280
2026-07-31T01:46:36Z,1146,8,2,10,1,0,1,1,1,1785462274
2026-07-31T01:46:36Z,1147,5,1,14,0,0,1,1,1,1785461850
2026-07-31T01:46:36Z,1148,9,1,22,0,0,1,1,1,1785462378
2026-07-31T01:46:36Z,1149,7,7,18,0,0,1,1,1,1785462377
2026-07-31T01:46:36Z,1150,8,0,11,0,0,1,1,1,1785461694
2026-07-31T01:46:36Z,1151,4,0,17,0,0,1,1,1,1785462256
2026-07-31T01:46:36Z,1152,8,0,21,0,0,1,1,1,1785461778
2026-07-31T01:46:36Z,1153,12,1,10,1,0,1,1,1,1785461663
2026-07-31T01:46:36Z,1154,13,1,6,0,0,1,1,1,1785461960
2026-07-31T01:46:36Z,1155,4,2,16,1,0,1,1,1,1785462072
2026-07-31T01:46:36Z,1158,4,1,15,0,0,1,1,1,1785461816
2026-07-31T01:46:36Z,1159,10,0,9,0,0,1,1,1,1785462169
2026-07-31T01:46:36Z,1160,7,1,11,1,0,1,1,1,1785461878
2026-07-31T01:46:36Z,1161,5,1,13,1,0,1,1,1,1785462300
2026-07-31T01:46:36Z,1162,0,0,19,0,0,1,1,1,1785460739
2026-07-31T01:46:36Z,1163,1,1,17,1,0,1,1,1,1785461933
2026-07-31T01:46:36Z,1164,4,1,15,0,0,1,1,1,1785461992
2026-07-31T01:46:36Z,1165,8,1,13,0,0,1,1,1,1785460896
2026-07-31T01:46:36Z,1166,6,2,14,1,0,1,1,1,1785462216
2026-07-31T01:46:36Z,1167,4,0,11,0,0,1,1,1,1785461728
2026-07-31T01:46:36Z,1168,2,1,21,0,0,1,1,1,1785462216
2026-07-31T01:46:36Z,1169,3,0,15,1,0,1,1,1,1785461839
2026-07-31T01:46:36Z,1170,6,0,14,1,0,1,1,1,1785462194
2026-07-31T01:46:36Z,1171,8,7,14,1,0,1,1,1,1785461838
2026-07-31T01:46:36Z,1172,7,1,6,2,0,1,1,1,1785462130
2026-07-31T01:46:36Z,1173,9,2,10,0,0,1,1,1,1785462080
2026-07-31T01:46:36Z,1174,6,2,9,0,0,1,1,1,1785461793
2026-07-31T01:46:36Z,1175,7,3,12,0,0,1,1,1,1785456851
2026-07-31T01:46:36Z,1176,19,1,2,0,0,1,1,1,1785461275
2026-07-31T01:46:36Z,1177,2,1,19,0,0,1,1,1,1785461308
2026-07-31T01:46:36Z,1178,1,0,14,0,0,1,1,1,1785461793
2026-07-31T01:46:36Z,1181,13,4,2,0,0,1,1,1,1785462244
2026-07-31T01:46:36Z,1182,2,2,16,2,0,1,1,1,1785462323
2026-07-31T01:46:36Z,1183,0,0,43,2,0,1,1,1,1785462218
2026-07-31T01:46:36Z,1184,3,1,17,1,0,1,1,1,1785462221
2026-07-31T01:46:36Z,1185,10,5,11,0,0,1,1,1,1785461303
2026-07-31T01:46:36Z,1186,9,5,10,0,0,1,1,1,1785462349
2026-07-31T01:46:36Z,1187,11,6,9,1,0,1,1,1,1785460969
2026-07-31T01:46:36Z,1188,9,3,6,0,0,1,1,1,1785462054
2026-07-31T01:46:36Z,1189,10,5,9,0,0,1,1,1,1785462104
2026-07-31T01:46:36Z,1190,10,5,11,0,0,1,1,1,1785461483
2026-07-31T01:46:36Z,1191,10,5,5,0,0,1,1,1,1785462059
2026-07-31T01:46:36Z,1192,11,7,10,0,0,1,1,1,1785461851
2026-07-31T01:46:36Z,1193,6,4,5,2,0,1,1,1,1785461156
2026-07-31T01:46:36Z,1197,9,6,7,1,0,1,1,1,1785461026
2026-07-31T01:46:36Z,1198,14,4,5,2,0,1,1,1,1785462379
2026-07-31T01:46:36Z,1199,2,0,17,0,0,1,1,1,1785460589
2026-07-31T01:46:36Z,1200,11,5,4,0,0,1,1,1,1785462097
2026-07-31T01:46:36Z,1201,9,4,6,0,0,1,1,1,1785462074
2026-07-31T01:46:36Z,1202,10,5,5,0,0,1,1,1,1785462169
2026-07-31T01:46:36Z,1203,9,5,6,0,0,1,1,1,1785462064
2026-07-31T01:46:36Z,1204,7,3,11,1,0,1,1,1,1785461784
2026-07-31T01:46:36Z,1206,11,5,10,0,0,1,1,1,1785460987
2026-07-31T01:46:36Z,1207,10,5,5,0,0,1,1,1,1785462383
2026-07-31T01:46:36Z,1208,7,2,11,1,0,1,1,1,1785462266
2026-07-31T01:46:36Z,1216,7,0,13,1,0,1,1,1,1785461223
2026-07-31T01:46:36Z,1218,5,0,16,0,0,1,1,1,1785461618
2026-07-31T01:46:36Z,1219,7,2,7,1,0,1,1,1,1785461524
2026-07-31T01:46:36Z,1220,14,7,4,1,0,1,1,1,1785461555
2026-07-31T01:46:36Z,1221,2,2,19,0,0,1,1,1,1785461499
2026-07-31T01:46:36Z,1222,16,0,13,0,0,1,1,1,1785461941
2026-07-31T01:46:36Z,1223,18,2,9,2,0,1,1,1,1785461593
2026-07-31T01:46:36Z,1226,0,0,3,0,0,0,1,1,1781868931
2026-07-31T01:46:36Z,1227,13,1,12,0,0,1,1,1,1785461803
2026-07-31T01:46:36Z,1228,18,3,10,1,0,1,1,1,1785462213
2026-07-31T01:46:36Z,1229,45,2,0,0,0,1,1,1,1785462303
2026-07-31T01:51:35Z,1,1,1,22,0,0,1,1,1,1785461699
2026-07-31T01:51:35Z,2,22,2,3,2,0,1,1,1,1785462694
2026-07-31T01:51:35Z,3,2,2,11,1,0,1,1,1,1785462198
2026-07-31T01:51:35Z,4,21,0,0,1,0,1,1,1,1785461733
2026-07-31T01:51:35Z,5,6,1,17,0,0,1,1,1,1785460644
2026-07-31T01:51:35Z,6,1,0,14,0,0,1,1,1,1785461990
2026-07-31T01:51:35Z,7,3,0,35,1,0,1,1,1,1785462528
2026-07-31T01:51:35Z,8,5,2,38,0,0,1,1,1,1785462358
2026-07-31T01:51:35Z,9,0,0,20,3,0,1,1,1,1785462621
2026-07-31T01:51:35Z,10,2,1,19,2,0,1,1,1,1785462445
2026-07-31T01:51:35Z,11,4,1,14,1,0,1,1,1,1785462321
2026-07-31T01:51:35Z,12,0,0,23,0,0,1,1,1,1785461462
2026-07-31T01:51:35Z,13,22,4,8,0,0,1,1,1,1785462636
2026-07-31T01:51:35Z,14,11,0,30,1,1,1,1,1,1785462536
2026-07-31T01:51:35Z,15,2,0,13,0,0,1,1,1,1785461435
2026-07-31T01:51:35Z,16,11,1,13,2,1,1,1,1,1785460145
2026-07-31T01:51:35Z,17,24,2,2,1,0,1,1,1,1785462627
2026-07-31T01:51:35Z,18,12,0,4,2,0,1,1,1,1785462662
2026-07-31T01:51:35Z,19,18,0,8,1,0,1,1,1,1785462584
2026-07-31T01:51:35Z,20,31,6,4,0,0,1,1,1,1785462630
2026-07-31T01:51:35Z,21,19,1,0,0,0,1,1,1,1785462694
2026-07-31T01:51:35Z,22,62,0,1,2,0,1,1,1,1785462607
2026-07-31T01:51:35Z,23,17,3,14,0,0,1,1,1,1785461760
2026-07-31T01:51:35Z,24,8,2,1,2,0,1,1,1,1785462687
2026-07-31T01:51:35Z,25,74,0,3,4,0,1,1,1,1785462597
2026-07-31T01:51:35Z,26,1,1,26,0,0,1,1,1,1785462157
2026-07-31T01:51:35Z,28,2,0,13,0,0,1,1,1,1785460332
2026-07-31T01:51:35Z,30,16,0,12,1,0,1,1,1,1785462529
2026-07-31T01:51:35Z,31,0,0,17,2,0,1,1,1,1785462609
2026-07-31T01:51:35Z,32,18,2,9,0,0,1,1,1,1785462447
2026-07-31T01:51:35Z,34,26,1,11,0,0,1,1,1,1785462614
2026-07-31T01:51:35Z,35,46,1,1,0,0,1,1,1,1785462679
2026-07-31T01:51:35Z,36,0,0,0,0,0,0,1,1,86400
2026-07-31T01:51:35Z,37,12,2,11,0,0,1,1,1,1785462221
2026-07-31T01:51:35Z,38,4,0,19,0,0,1,1,1,1785462269
2026-07-31T01:51:35Z,39,20,2,19,0,0,1,1,1,1785462677
2026-07-31T01:51:35Z,40,6,0,13,2,0,1,1,1,1785462301
2026-07-31T01:51:35Z,41,0,0,42,1,0,1,1,1,1785460910
2026-07-31T01:51:35Z,42,28,8,3,0,0,1,1,1,1785462669
2026-07-31T01:51:35Z,43,1,0,22,0,0,1,1,1,1785461906
2026-07-31T01:51:35Z,45,4,1,24,1,0,1,1,1,1785462466
2026-07-31T01:51:35Z,46,0,0,31,0,0,1,1,1,1785462003
2026-07-31T01:51:35Z,47,11,0,3,1,0,1,1,1,1785462035
2026-07-31T01:51:35Z,48,11,0,16,0,0,1,1,1,1785462677
2026-07-31T01:51:35Z,49,2,0,17,4,0,1,1,1,1785462693
2026-07-31T01:51:35Z,50,0,0,19,0,0,1,1,1,1785459881
2026-07-31T01:51:35Z,51,74,1,2,1,0,1,1,1,1785462643
2026-07-31T01:51:35Z,52,0,0,23,4,0,1,1,1,1785462662
2026-07-31T01:51:35Z,55,1,0,22,0,0,1,1,1,1785462595
2026-07-31T01:51:35Z,56,0,0,43,0,0,1,1,1,1785462153
2026-07-31T01:51:35Z,57,0,0,27,0,0,1,1,1,1785461534
2026-07-31T01:51:35Z,58,0,0,28,0,0,1,1,1,1785462175
2026-07-31T01:51:35Z,59,0,0,25,2,0,1,1,1,1785462492
2026-07-31T01:51:35Z,61,6,0,33,0,0,1,1,1,1785462542
2026-07-31T01:51:35Z,62,8,8,40,1,0,1,1,1,1785462648
2026-07-31T01:51:35Z,63,3,1,16,0,0,1,1,1,1785462544
2026-07-31T01:51:35Z,64,15,0,0,4,0,1,1,1,1785461128
2026-07-31T01:51:35Z,65,14,5,4,1,0,1,1,1,1785461746
2026-07-31T01:51:35Z,67,4,0,35,0,0,1,1,1,1785462159
2026-07-31T01:51:35Z,68,1,0,36,0,0,1,1,1,1785462192
2026-07-31T01:51:35Z,69,8,2,5,2,0,1,1,1,1785462692
2026-07-31T01:51:35Z,71,1,0,25,1,0,1,1,1,1785462591
2026-07-31T01:51:35Z,72,10,5,19,2,0,1,1,1,1785462682
2026-07-31T01:51:35Z,73,0,0,31,0,0,1,1,1,1785460014
2026-07-31T01:51:35Z,74,9,4,10,0,0,1,1,1,1785462003
2026-07-31T01:51:35Z,75,0,0,30,2,0,1,1,1,1785461328
2026-07-31T01:51:35Z,76,2,1,16,1,0,1,1,1,1785462694
2026-07-31T01:51:35Z,77,5,0,21,1,0,1,1,1,1785462555
2026-07-31T01:51:35Z,78,2,1,21,0,0,1,1,1,1785461318
2026-07-31T01:51:35Z,79,8,0,8,1,0,1,1,1,1785462650
2026-07-31T01:51:35Z,80,0,0,20,3,0,1,1,1,1785462383
2026-07-31T01:51:35Z,81,4,0,27,0,0,1,1,1,1785462486
2026-07-31T01:51:35Z,82,1,1,22,0,0,1,1,1,1785462564
2026-07-31T01:51:35Z,83,7,3,25,2,0,1,1,1,1785462363
2026-07-31T01:51:35Z,84,3,3,24,0,0,1,1,1,1785462435
2026-07-31T01:51:35Z,85,2,0,13,0,0,1,1,1,1785461573
2026-07-31T01:51:35Z,86,3,0,23,1,0,1,1,1,1785462509
2026-07-31T01:51:35Z,87,6,0,13,0,0,1,1,1,1785461618
2026-07-31T01:51:35Z,88,1,0,41,1,0,1,1,1,1785461738
2026-07-31T01:51:35Z,89,29,2,6,0,0,1,1,1,1785461225
2026-07-31T01:51:35Z,90,1,0,15,2,0,1,1,1,1785462626
2026-07-31T01:51:35Z,91,7,0,9,1,0,1,1,1,1785462689
2026-07-31T01:51:35Z,92,12,1,5,2,0,1,1,1,1785462632
2026-07-31T01:51:35Z,93,22,0,1,0,0,1,1,1,1785462306
2026-07-31T01:51:35Z,94,18,0,0,1,0,1,1,1,1785460426
2026-07-31T01:51:35Z,95,0,0,33,1,1,1,1,1,1785462691
2026-07-31T01:51:35Z,96,0,0,30,1,0,1,1,1,1785462312
2026-07-31T01:51:35Z,97,16,1,0,1,0,1,1,1,1785462545
2026-07-31T01:51:35Z,98,29,7,4,2,0,1,1,1,1785462611
2026-07-31T01:51:35Z,99,15,0,0,0,0,1,1,1,1785462190
2026-07-31T01:51:35Z,100,27,1,0,0,0,1,1,1,1785460879
2026-07-31T01:51:35Z,101,14,0,0,1,0,1,1,1,1785461956
2026-07-31T01:51:35Z,102,22,0,0,1,0,1,1,1,1785462484
2026-07-31T01:51:35Z,103,29,1,0,1,0,1,1,1,1785462671
2026-07-31T01:51:35Z,104,19,0,5,3,0,1,1,1,1785462693
2026-07-31T01:51:35Z,105,17,1,2,0,0,1,1,1,1785462527
2026-07-31T01:51:35Z,106,0,0,21,0,0,1,1,1,1785462637
2026-07-31T01:51:35Z,107,29,0,8,0,0,1,1,1,1785462629
2026-07-31T01:51:35Z,108,34,2,0,1,0,1,1,1,1785462465
2026-07-31T01:51:35Z,109,22,0,1,0,0,1,1,1,1785462659
2026-07-31T01:51:35Z,110,21,1,2,0,0,1,1,1,1785462678
2026-07-31T01:51:35Z,111,0,0,36,0,0,1,1,1,1785462222
2026-07-31T01:51:35Z,112,13,0,1,1,0,1,1,1,1785462172
2026-07-31T01:51:35Z,113,16,3,2,1,0,1,1,1,1785462617
2026-07-31T01:51:35Z,114,1,1,28,1,1,1,1,1,1785462408
2026-07-31T01:51:35Z,115,5,2,20,3,0,1,1,1,1785462468
2026-07-31T01:51:35Z,116,7,4,18,2,0,1,1,1,1785462329
2026-07-31T01:51:35Z,118,19,11,1,3,0,1,1,1,1785462673
2026-07-31T01:51:35Z,119,15,3,20,3,0,1,1,1,1785462686
2026-07-31T01:51:35Z,120,8,1,18,1,0,1,1,1,1785462411
2026-07-31T01:51:35Z,121,17,2,1,0,1,1,1,1,1785462677
2026-07-31T01:51:35Z,122,0,0,21,0,0,1,1,1,1785462112
2026-07-31T01:51:35Z,123,18,2,29,0,0,1,1,1,1785461520
2026-07-31T01:51:35Z,124,13,7,21,1,0,1,1,1,1785462623
2026-07-31T01:51:35Z,125,8,1,14,1,0,1,1,1,1785462557
2026-07-31T01:51:35Z,126,8,1,23,0,0,1,1,1,1785460630
2026-07-31T01:51:35Z,127,4,2,30,1,0,1,1,1,1785462570
2026-07-31T01:51:35Z,128,10,7,8,1,0,1,1,1,1785462663
2026-07-31T01:51:35Z,129,2,2,16,1,0,1,1,1,1785461943
2026-07-31T01:51:35Z,130,5,0,12,0,0,1,1,1,1785462499
2026-07-31T01:51:35Z,131,3,2,6,2,0,1,1,1,1785460824
2026-07-31T01:51:35Z,132,2,1,12,0,1,1,1,1,1785461226
2026-07-31T01:51:35Z,134,6,6,15,2,0,1,1,1,1785462547
2026-07-31T01:51:35Z,135,6,0,13,0,0,1,1,1,1785462414
2026-07-31T01:51:35Z,136,23,4,0,0,0,1,1,1,1785462340
2026-07-31T01:51:35Z,137,3,0,16,0,0,1,1,1,1785462689
2026-07-31T01:51:35Z,138,17,3,20,0,0,1,1,1,1785462681
2026-07-31T01:51:35Z,139,14,4,3,2,0,1,1,1,1785462672
2026-07-31T01:51:35Z,140,9,5,12,2,0,1,1,1,1785462690
2026-07-31T01:51:35Z,141,7,2,29,0,0,1,1,1,1785462658
2026-07-31T01:51:35Z,142,1,1,22,0,0,1,1,1,1785461019
2026-07-31T01:51:35Z,143,11,0,20,0,0,1,1,1,1785462555
2026-07-31T01:51:35Z,144,18,4,9,0,0,1,1,1,1785462263
2026-07-31T01:51:35Z,145,13,5,15,1,0,1,1,1,1785462613
2026-07-31T01:51:35Z,146,19,1,3,1,0,1,1,1,1785462276
2026-07-31T01:51:35Z,147,8,2,9,2,0,1,1,1,1785462594
2026-07-31T01:51:35Z,148,26,13,1,0,0,1,1,1,1785462666
2026-07-31T01:51:35Z,149,4,1,23,0,0,1,1,1,1785461787
2026-07-31T01:51:35Z,150,21,7,12,2,0,1,1,1,1785462689
2026-07-31T01:51:35Z,151,9,5,13,1,0,1,1,1,1785462466
2026-07-31T01:51:35Z,152,2,1,22,3,0,1,1,1,1785462610
2026-07-31T01:51:35Z,153,20,0,4,7,0,1,1,1,1785462687
2026-07-31T01:51:35Z,154,1,1,16,6,0,1,1,1,1785462433
2026-07-31T01:51:35Z,155,13,5,0,1,0,1,1,1,1785462576
2026-07-31T01:51:35Z,156,14,3,5,0,0,1,1,1,1785462681
2026-07-31T01:51:35Z,157,5,0,20,2,0,1,1,1,1785462633
2026-07-31T01:51:35Z,158,2,0,14,0,0,1,1,1,1785462306
2026-07-31T01:51:35Z,159,0,0,19,0,0,1,1,1,1785461672
2026-07-31T01:51:35Z,160,12,5,7,0,0,1,1,1,1785461731
2026-07-31T01:51:35Z,161,3,1,18,1,0,1,1,1,1785462663
2026-07-31T01:51:35Z,162,14,10,10,3,0,1,1,1,1785462619
2026-07-31T01:51:35Z,163,18,1,12,0,1,1,1,1,1785462635
2026-07-31T01:51:35Z,164,24,4,3,0,0,1,1,1,1785462534
2026-07-31T01:51:35Z,165,21,8,9,1,0,1,1,1,1785462618
2026-07-31T01:51:35Z,166,12,7,24,3,0,1,1,1,1785462683
2026-07-31T01:51:35Z,167,13,7,9,1,0,1,1,1,1785462413
2026-07-31T01:51:35Z,168,1,0,25,1,0,1,1,1,1785462618
2026-07-31T01:51:35Z,169,8,2,13,1,1,1,1,1,1785462368
2026-07-31T01:51:35Z,170,3,2,15,1,0,1,1,1,1785462236
2026-07-31T01:51:35Z,171,8,0,3,2,0,1,1,1,1785462450
2026-07-31T01:51:35Z,173,21,1,18,0,0,1,1,1,1785462670
2026-07-31T01:51:35Z,174,7,2,16,3,0,1,1,1,1785462605
2026-07-31T01:51:35Z,175,30,2,1,0,0,1,1,1,1785462661
2026-07-31T01:51:35Z,176,9,2,3,2,1,1,1,1,1785462678
2026-07-31T01:51:35Z,177,15,11,12,0,0,1,1,1,1785462550
2026-07-31T01:51:35Z,178,6,1,6,2,1,1,1,1,1785462692
2026-07-31T01:51:35Z,179,8,4,6,1,0,1,1,1,1785462665
2026-07-31T01:51:35Z,180,28,2,2,0,0,1,1,1,1785462377
2026-07-31T01:51:35Z,181,0,0,14,1,0,1,1,1,1785461236
2026-07-31T01:51:35Z,182,4,2,13,0,0,1,1,1,1785462609
2026-07-31T01:51:35Z,183,10,3,13,0,0,1,1,1,1785462670
2026-07-31T01:51:35Z,184,15,2,6,2,0,1,1,1,1785462641
2026-07-31T01:51:35Z,185,11,1,2,1,1,1,1,1,1785462622
2026-07-31T01:51:35Z,186,0,0,19,0,0,1,1,1,1785461955
2026-07-31T01:51:35Z,187,16,0,10,2,0,1,1,1,1785462552
2026-07-31T01:51:35Z,188,18,0,1,8,0,1,1,1,1785462561
2026-07-31T01:51:35Z,189,3,0,12,0,0,1,1,1,1785462675
2026-07-31T01:51:35Z,190,3,3,20,0,0,1,1,1,1785462482
2026-07-31T01:51:35Z,191,1,0,38,0,0,1,1,1,1785461753
2026-07-31T01:51:35Z,192,11,4,18,2,0,1,1,1,1785462675
2026-07-31T01:51:35Z,193,0,0,15,0,0,1,1,1,1785462379
2026-07-31T01:51:35Z,194,2,1,24,1,0,1,1,1,1785462660
2026-07-31T01:51:35Z,195,4,3,14,1,0,1,1,1,1785462627
2026-07-31T01:51:35Z,196,6,4,18,3,0,1,1,1,1785462693
2026-07-31T01:51:35Z,197,2,2,16,0,1,1,1,1,1785462577
2026-07-31T01:51:35Z,198,16,15,6,1,0,1,1,1,1785462279
2026-07-31T01:51:35Z,199,6,6,7,2,0,1,1,1,1785462375
2026-07-31T01:51:35Z,200,5,3,21,0,0,1,1,1,1785462028
2026-07-31T01:51:35Z,201,0,0,22,1,0,1,1,1,1785461669
2026-07-31T01:51:35Z,202,10,0,17,0,0,1,1,1,1785462557
2026-07-31T01:51:35Z,203,2,0,28,1,0,1,1,1,1785462402
2026-07-31T01:51:35Z,204,11,0,21,3,0,1,1,1,1785462653
2026-07-31T01:51:35Z,205,1,0,26,0,0,1,1,1,1785462576
2026-07-31T01:51:35Z,206,4,4,11,0,0,1,1,1,1785462551
2026-07-31T01:51:35Z,207,12,0,9,0,0,1,1,1,1785462345
2026-07-31T01:51:35Z,208,6,1,22,1,0,1,1,1,1785462613
2026-07-31T01:51:35Z,209,3,1,26,2,0,1,1,1,1785462687
2026-07-31T01:51:35Z,210,3,1,24,0,0,1,1,1,1785462671
2026-07-31T01:51:35Z,211,4,4,18,1,0,1,1,1,1785462304
2026-07-31T01:51:35Z,212,21,1,12,2,0,1,1,1,1785462561
2026-07-31T01:51:35Z,213,14,1,8,1,0,1,1,1,1785462389
2026-07-31T01:51:35Z,214,9,3,31,7,0,1,1,1,1785462613
2026-07-31T01:51:35Z,215,1,1,22,0,0,1,1,1,1785462165
2026-07-31T01:51:35Z,216,3,1,15,1,0,1,1,1,1785462614
2026-07-31T01:51:35Z,217,21,0,7,1,0,1,1,1,1785462672
2026-07-31T01:51:35Z,218,25,12,10,4,0,1,1,1,1785462596
2026-07-31T01:51:35Z,219,4,0,21,1,0,1,1,1,1785462222
2026-07-31T01:51:35Z,220,0,0,40,2,1,1,1,1,1785462490
2026-07-31T01:51:35Z,221,7,6,7,1,0,1,1,1,1785462363
2026-07-31T01:51:35Z,222,16,16,2,1,0,1,1,1,1785462459
2026-07-31T01:51:35Z,223,2,0,31,2,0,1,1,1,1785462512
2026-07-31T01:51:35Z,224,13,13,9,0,0,1,1,1,1785462384
2026-07-31T01:51:35Z,225,10,1,3,6,0,1,1,1,1785462019
2026-07-31T01:51:35Z,226,6,4,25,0,0,1,1,1,1785462121
2026-07-31T01:51:35Z,227,14,12,12,0,1,1,1,1,1785462629
2026-07-31T01:51:35Z,228,5,3,13,1,0,1,1,1,1785462345
2026-07-31T01:51:35Z,230,22,5,4,0,0,1,1,1,1785462471
2026-07-31T01:51:35Z,232,5,4,11,1,0,1,1,1,1785461907
2026-07-31T01:51:35Z,233,20,9,10,1,0,1,1,1,1785462391
2026-07-31T01:51:35Z,234,3,2,11,4,1,1,1,1,1785462671
2026-07-31T01:51:35Z,236,0,0,18,1,0,1,1,1,1785461259
2026-07-31T01:51:35Z,237,10,1,12,1,0,1,1,1,1785461954
2026-07-31T01:51:35Z,239,17,17,8,2,0,1,1,1,1785462461
2026-07-31T01:51:35Z,241,4,3,18,1,0,1,1,1,1785462067
2026-07-31T01:51:35Z,242,4,3,18,1,0,1,1,1,1785462250
2026-07-31T01:51:35Z,243,6,1,23,2,0,1,1,1,1785462253
2026-07-31T01:51:35Z,244,1,0,25,1,0,1,1,1,1785462405
2026-07-31T01:51:35Z,245,9,8,13,1,0,1,1,1,1785462361
2026-07-31T01:51:35Z,246,2,1,21,0,0,1,1,1,1785461153
2026-07-31T01:51:35Z,247,12,9,11,0,0,1,1,1,1785462623
2026-07-31T01:51:35Z,248,2,2,19,2,0,1,1,1,1785462645
2026-07-31T01:51:35Z,249,10,5,9,0,0,1,1,1,1785462462
2026-07-31T01:51:35Z,250,1,1,25,1,0,1,1,1,1785461539
2026-07-31T01:51:35Z,251,7,7,16,4,0,1,1,1,1785462682
2026-07-31T01:51:35Z,253,3,2,15,1,0,1,1,1,1785462579
2026-07-31T01:51:35Z,254,14,14,28,1,0,1,1,1,1785462680
2026-07-31T01:51:35Z,255,1,0,21,0,1,1,1,1,1785462676
2026-07-31T01:51:35Z,256,12,8,10,1,0,1,1,1,1785462529
2026-07-31T01:51:35Z,257,6,1,12,1,0,1,1,1,1785462213
2026-07-31T01:51:35Z,258,1,0,18,0,0,1,1,1,1785462371
2026-07-31T01:51:35Z,259,15,3,7,0,1,1,1,1,1785462429
2026-07-31T01:51:35Z,260,6,1,11,2,0,1,1,1,1785462694
2026-07-31T01:51:35Z,261,9,0,8,1,1,1,1,1,1785462570
2026-07-31T01:51:35Z,262,15,5,8,0,0,1,1,1,1785461877
2026-07-31T01:51:35Z,263,13,1,2,0,0,1,1,1,1785462239
2026-07-31T01:51:35Z,264,10,1,8,1,0,1,1,1,1785461309
2026-07-31T01:51:35Z,265,15,1,0,0,0,1,1,1,1785461773
2026-07-31T01:51:35Z,266,9,5,8,2,0,1,1,1,1785462604
2026-07-31T01:51:35Z,267,4,0,9,2,0,1,1,1,1785456188
2026-07-31T01:51:35Z,268,21,7,2,0,0,1,1,1,1785461197
2026-07-31T01:51:35Z,269,7,0,16,0,0,1,1,1,1785460232
2026-07-31T01:51:35Z,270,4,1,22,1,0,1,1,1,1785462038
2026-07-31T01:51:35Z,271,4,0,13,2,0,1,1,1,1785461469
2026-07-31T01:51:35Z,272,13,8,10,0,0,1,1,1,1785462573
2026-07-31T01:51:35Z,273,14,5,1,0,0,1,1,1,1785461781
2026-07-31T01:51:35Z,274,10,5,8,1,0,1,1,1,1785461820
2026-07-31T01:51:35Z,275,7,0,16,0,0,1,1,1,1785462400
2026-07-31T01:51:35Z,276,1,1,26,0,0,1,1,1,1785462644
2026-07-31T01:51:35Z,277,0,0,19,4,0,1,1,1,1785461014
2026-07-31T01:51:35Z,278,4,3,25,1,1,1,1,1,1785462645
2026-07-31T01:51:35Z,279,3,1,16,0,0,1,1,1,1785462508
2026-07-31T01:51:35Z,280,0,0,29,2,0,1,1,1,1785462653
2026-07-31T01:51:35Z,281,17,1,2,0,0,1,1,1,1785460815
2026-07-31T01:51:35Z,282,3,2,14,1,0,1,1,1,1785460217
2026-07-31T01:51:35Z,283,18,0,17,0,0,1,1,1,1785462310
2026-07-31T01:51:35Z,284,16,0,15,4,0,1,1,1,1785462680
2026-07-31T01:51:35Z,285,4,1,19,0,0,1,1,1,1785462256
2026-07-31T01:51:35Z,286,17,12,4,2,0,1,1,1,1785462258
2026-07-31T01:51:35Z,287,10,0,11,2,0,1,1,1,1785461683
2026-07-31T01:51:35Z,288,8,7,11,0,0,1,1,1,1785462483
2026-07-31T01:51:35Z,289,2,2,22,3,0,1,1,1,1785462687
2026-07-31T01:51:35Z,290,1,0,35,3,0,1,1,1,1785462667
2026-07-31T01:51:35Z,291,0,0,22,1,0,1,1,1,1785462479
2026-07-31T01:51:35Z,292,0,0,23,0,0,1,1,1,1785461933
2026-07-31T01:51:35Z,293,11,7,12,0,0,1,1,1,1785462466
2026-07-31T01:51:35Z,294,5,5,16,1,0,1,1,1,1785462619
2026-07-31T01:51:35Z,297,13,2,4,1,1,1,1,1,1785462523
2026-07-31T01:51:35Z,301,9,0,9,1,0,1,1,1,1785462383
2026-07-31T01:51:35Z,302,14,0,9,0,0,1,1,1,1785461703
2026-07-31T01:51:35Z,303,7,0,12,0,0,1,1,1,1785462575
2026-07-31T01:51:35Z,304,0,0,0,0,0,0,1,1,86400
2026-07-31T01:51:35Z,305,18,0,1,0,0,1,1,1,1785462583
2026-07-31T01:51:35Z,306,4,1,28,0,0,1,1,1,1785462530
2026-07-31T01:51:35Z,307,11,2,11,1,0,1,1,1,1785462597
2026-07-31T01:51:35Z,308,7,0,10,2,0,1,1,1,1785462688
2026-07-31T01:51:35Z,309,4,0,9,1,0,1,1,1,1785462511
2026-07-31T01:51:35Z,311,14,0,1,0,0,1,1,1,1785462190
2026-07-31T01:51:35Z,312,0,0,19,3,1,1,1,1,1785462492
2026-07-31T01:51:35Z,313,10,1,5,0,0,1,1,1,1785460471
2026-07-31T01:51:35Z,314,4,2,11,3,0,1,1,1,1785461906
2026-07-31T01:51:35Z,315,15,11,13,3,0,1,1,1,1785462381
2026-07-31T01:51:35Z,316,17,4,7,6,1,1,1,1,1785462631
2026-07-31T01:51:35Z,317,0,0,29,1,1,1,1,1,1785462686
2026-07-31T01:51:35Z,318,13,0,6,0,0,1,1,1,1785461653
2026-07-31T01:51:35Z,319,3,0,19,1,0,1,1,1,1785462513
2026-07-31T01:51:35Z,320,2,0,16,1,0,1,1,1,1785462498
2026-07-31T01:51:35Z,321,6,0,11,2,0,1,1,1,1785462514
2026-07-31T01:51:35Z,322,5,0,23,1,0,1,1,1,1785462686
2026-07-31T01:51:35Z,323,11,0,8,0,0,1,1,1,1785462490
2026-07-31T01:51:35Z,324,8,2,17,2,0,1,1,1,1785462684
2026-07-31T01:51:35Z,325,2,1,23,2,0,1,1,1,1785461336
2026-07-31T01:51:35Z,327,23,2,3,1,0,1,1,1,1785462688
2026-07-31T01:51:35Z,328,5,0,16,1,0,1,1,1,1785462608
2026-07-31T01:51:35Z,329,7,2,12,0,0,1,1,1,1785462658
2026-07-31T01:51:35Z,330,2,0,20,0,0,1,1,1,1785461717
2026-07-31T01:51:35Z,331,12,0,9,2,0,1,1,1,1785462576
2026-07-31T01:51:35Z,332,3,0,15,1,0,1,1,1,1785462489
2026-07-31T01:51:35Z,333,6,3,15,2,0,1,1,1,1785462275
2026-07-31T01:51:35Z,334,7,5,16,0,0,1,1,1,1785462628
2026-07-31T01:51:35Z,335,0,0,22,0,1,1,1,1,1785459614
2026-07-31T01:51:35Z,336,7,0,12,0,0,1,1,1,1785462123
2026-07-31T01:51:35Z,337,16,1,3,4,0,1,1,1,1785462652
2026-07-31T01:51:35Z,338,16,9,3,0,0,1,1,1,1785462398
2026-07-31T01:51:35Z,339,3,2,19,1,0,1,1,1,1785462679
2026-07-31T01:51:35Z,340,7,5,7,1,0,1,1,1,1785462667
2026-07-31T01:51:35Z,341,11,2,8,0,0,1,1,1,1785462147
2026-07-31T01:51:35Z,342,8,5,7,0,0,1,1,1,1785461643
2026-07-31T01:51:35Z,343,7,3,15,1,0,1,1,1,1785462630
2026-07-31T01:51:35Z,344,20,6,3,0,0,1,1,1,1785461821
2026-07-31T01:51:35Z,345,17,3,2,0,0,1,1,1,1785462560
2026-07-31T01:51:35Z,346,6,5,17,0,0,1,1,1,1785461972
2026-07-31T01:51:35Z,347,26,5,16,2,0,1,1,1,1785462688
2026-07-31T01:51:35Z,348,14,0,7,1,1,1,1,1,1785462592
2026-07-31T01:51:35Z,349,5,1,13,1,0,1,1,1,1785462236
2026-07-31T01:51:35Z,350,13,1,12,1,1,1,1,1,1785460975
2026-07-31T01:51:35Z,351,6,2,13,4,0,1,1,1,1785462618
2026-07-31T01:51:35Z,355,4,1,19,0,0,1,1,1,1785462597
2026-07-31T01:51:35Z,356,10,1,9,0,0,1,1,1,1785461130
2026-07-31T01:51:35Z,357,0,0,19,0,0,1,1,1,1785461771
2026-07-31T01:51:35Z,358,10,1,17,0,0,1,1,1,1785462592
2026-07-31T01:51:35Z,359,1,0,25,1,0,1,1,1,1785462692
2026-07-31T01:51:35Z,360,11,4,8,0,0,1,1,1,1785462467
2026-07-31T01:51:35Z,362,10,6,8,1,0,1,1,1,1785462414
2026-07-31T01:51:35Z,363,13,1,14,0,0,1,1,1,1785462590
2026-07-31T01:51:35Z,364,13,2,5,1,0,1,1,1,1785462512
2026-07-31T01:51:35Z,365,0,0,16,7,0,1,1,1,1785462674
2026-07-31T01:51:35Z,366,7,3,10,6,0,1,1,1,1785462630
2026-07-31T01:51:35Z,367,16,8,1,2,0,1,1,1,1785462328
2026-07-31T01:51:35Z,368,14,4,8,1,0,1,1,1,1785461332
2026-07-31T01:51:35Z,370,3,2,23,1,0,1,1,1,1785462397
2026-07-31T01:51:35Z,371,8,6,10,1,0,1,1,1,1785461636
2026-07-31T01:51:35Z,372,4,1,11,0,0,1,1,1,1785462661
2026-07-31T01:51:35Z,373,14,5,13,0,0,1,1,1,1785462641
2026-07-31T01:51:35Z,374,0,0,17,2,0,1,1,1,1785462632
2026-07-31T01:51:35Z,375,11,0,13,3,0,1,1,1,1785462628
2026-07-31T01:51:35Z,376,17,3,20,2,0,1,1,1,1785462628
2026-07-31T01:51:35Z,377,3,1,23,1,0,1,1,1,1785462465
2026-07-31T01:51:35Z,378,9,1,13,1,1,1,1,1,1785462542
2026-07-31T01:51:35Z,379,16,1,11,0,0,1,1,1,1785462463
2026-07-31T01:51:35Z,380,8,2,15,0,0,1,1,1,1785462254
2026-07-31T01:51:35Z,381,5,0,17,1,0,1,1,1,1785462401
2026-07-31T01:51:35Z,383,8,1,6,1,0,1,1,1,1785462294
2026-07-31T01:51:35Z,384,25,1,1,1,0,1,1,1,1785461571
2026-07-31T01:51:35Z,385,0,0,16,2,0,1,1,1,1785461837
2026-07-31T01:51:35Z,387,1,0,22,0,0,1,1,1,1785462569
2026-07-31T01:51:35Z,388,13,1,35,1,0,1,1,1,1785462493
2026-07-31T01:51:35Z,389,6,5,9,0,0,1,1,1,1785461609
2026-07-31T01:51:35Z,390,33,5,2,0,0,1,1,1,1785462487
2026-07-31T01:51:35Z,391,4,0,11,0,0,1,1,1,1785459616
2026-07-31T01:51:35Z,392,2,2,16,1,0,1,1,1,1785462494
2026-07-31T01:51:35Z,393,0,0,9,2,0,1,1,1,1785462018
2026-07-31T01:51:35Z,394,2,1,9,2,0,1,1,1,1785461413
2026-07-31T01:51:35Z,396,11,11,27,4,0,1,1,1,1785461895
2026-07-31T01:51:35Z,397,4,3,27,0,0,1,1,1,1785462616
2026-07-31T01:51:35Z,399,6,1,9,2,0,1,1,1,1785460751
2026-07-31T01:51:35Z,400,10,6,11,2,0,1,1,1,1785461989
2026-07-31T01:51:35Z,401,1,1,30,8,0,1,1,1,1785462134
2026-07-31T01:51:35Z,403,13,6,16,2,0,1,1,1,1785462603
2026-07-31T01:51:35Z,404,4,1,18,1,0,1,1,1,1785461857
2026-07-31T01:51:35Z,406,31,1,3,1,0,1,1,1,1785462667
2026-07-31T01:51:35Z,407,21,1,12,1,0,1,1,1,1785462667
2026-07-31T01:51:35Z,408,2,0,31,0,0,1,1,1,1785462494
2026-07-31T01:51:35Z,409,20,3,0,3,0,1,1,1,1785462539
2026-07-31T01:51:35Z,413,11,2,11,1,0,1,1,1,1785461916
2026-07-31T01:51:35Z,414,11,1,4,0,0,1,1,1,1785462098
2026-07-31T01:51:35Z,417,7,4,12,0,0,1,1,1,1785462568
2026-07-31T01:51:35Z,418,0,0,14,1,0,1,1,1,1785461078
2026-07-31T01:51:35Z,419,11,0,11,1,0,1,1,1,1785462411
2026-07-31T01:51:35Z,421,17,1,2,0,0,1,1,1,1785462569
2026-07-31T01:51:35Z,422,1,0,25,1,0,1,1,1,1785462291
2026-07-31T01:51:35Z,423,6,0,16,1,0,1,1,1,1785462572
2026-07-31T01:51:35Z,424,3,0,10,2,0,1,1,1,1785462474
2026-07-31T01:51:35Z,425,7,1,14,0,1,1,1,1,1785462632
2026-07-31T01:51:35Z,426,0,0,35,2,0,1,1,1,1785462123
2026-07-31T01:51:35Z,427,4,1,10,1,0,1,1,1,1785462524
2026-07-31T01:51:35Z,428,7,2,11,1,0,1,1,1,1785462597
2026-07-31T01:51:35Z,429,3,3,18,2,0,1,1,1,1785462591
2026-07-31T01:51:35Z,430,13,2,17,1,0,1,1,1,1785462681
2026-07-31T01:51:35Z,431,15,0,17,1,0,1,1,1,1785462601
2026-07-31T01:51:35Z,432,17,1,12,2,0,1,1,1,1785462469
2026-07-31T01:51:35Z,433,7,4,14,2,0,1,1,1,1785460941
2026-07-31T01:51:35Z,437,3,3,15,1,0,1,1,1,1785462542
2026-07-31T01:51:35Z,438,3,0,15,1,0,1,1,1,1785462470
2026-07-31T01:51:35Z,439,2,1,13,0,0,1,1,1,1785461370
2026-07-31T01:51:35Z,440,3,1,10,2,0,1,1,1,1785462290
2026-07-31T01:51:35Z,441,3,0,12,0,0,1,1,1,1785462691
2026-07-31T01:51:35Z,442,12,5,6,1,0,1,1,1,1785462063
2026-07-31T01:51:35Z,443,3,0,24,0,0,1,1,1,1785456698
2026-07-31T01:51:35Z,444,0,0,23,0,0,1,1,1,1785461950
2026-07-31T01:51:35Z,445,7,2,15,1,0,1,1,1,1785462693
2026-07-31T01:51:35Z,446,2,2,20,1,0,1,1,1,1785457589
2026-07-31T01:51:35Z,447,1,0,20,1,1,1,1,1,1785441257
2026-07-31T01:51:35Z,448,9,3,4,1,1,1,1,1,1785462665
2026-07-31T01:51:35Z,452,6,2,12,1,0,1,1,1,1785462588
2026-07-31T01:51:35Z,453,2,0,12,1,0,1,1,1,1785461669
2026-07-31T01:51:35Z,454,2,0,16,1,0,1,1,1,1785462621
2026-07-31T01:51:35Z,455,0,0,39,0,0,1,1,1,1785460394
2026-07-31T01:51:35Z,456,14,6,5,1,0,1,1,1,1785462657
2026-07-31T01:51:35Z,457,11,0,14,2,0,1,1,1,1785461456
2026-07-31T01:51:35Z,458,7,1,15,1,0,1,1,1,1785461787
2026-07-31T01:51:35Z,459,12,0,3,0,0,1,1,1,1785462189
2026-07-31T01:51:35Z,460,12,0,10,1,0,1,1,1,1785462593
2026-07-31T01:51:35Z,461,1,0,17,1,0,1,1,1,1785462030
2026-07-31T01:51:35Z,462,4,1,17,0,0,1,1,1,1785462637
2026-07-31T01:51:35Z,463,10,1,9,0,0,1,1,1,1785460840
2026-07-31T01:51:35Z,464,2,1,12,0,0,1,1,1,1785461120
2026-07-31T01:51:35Z,465,1,1,14,0,0,1,1,1,1785462134
2026-07-31T01:51:35Z,466,11,3,3,1,0,1,1,1,1785461194
2026-07-31T01:51:35Z,467,3,0,16,0,0,1,1,1,1785462157
2026-07-31T01:51:35Z,468,12,0,6,1,0,1,1,1,1785461838
2026-07-31T01:51:35Z,469,1,0,21,1,0,1,1,1,1785459683
2026-07-31T01:51:35Z,470,5,0,9,1,0,1,1,1,1785462404
2026-07-31T01:51:35Z,471,20,4,7,0,0,1,1,1,1785460217
2026-07-31T01:51:35Z,472,8,3,10,1,0,1,1,1,1785462433
2026-07-31T01:51:35Z,473,7,1,11,1,0,1,1,1,1785462601
2026-07-31T01:51:35Z,474,15,0,3,1,0,1,1,1,1785462572
2026-07-31T01:51:35Z,475,1,0,18,0,0,1,1,1,1785462351
2026-07-31T01:51:35Z,477,6,6,8,1,0,1,1,1,1785462379
2026-07-31T01:51:35Z,478,12,3,19,0,0,1,1,1,1785462671
2026-07-31T01:51:35Z,479,6,0,20,1,0,1,1,1,1785462616
2026-07-31T01:51:35Z,480,4,1,8,3,0,1,1,1,1785461580
2026-07-31T01:51:35Z,481,14,0,20,1,0,1,1,1,1785462492
2026-07-31T01:51:35Z,482,3,0,15,1,0,1,1,1,1785462573
2026-07-31T01:51:35Z,483,24,1,1,2,0,1,1,1,1785462399
2026-07-31T01:51:35Z,484,5,0,13,1,0,1,1,1,1785462684
2026-07-31T01:51:35Z,485,11,5,6,1,1,1,1,1,1785462671
2026-07-31T01:51:35Z,486,4,0,21,2,0,1,1,1,1785462403
2026-07-31T01:51:35Z,487,2,1,16,1,0,1,1,1,1785462535
2026-07-31T01:51:35Z,489,11,6,4,0,0,1,1,1,1785462518
2026-07-31T01:51:35Z,490,6,2,10,0,0,1,1,1,1785462333
2026-07-31T01:51:35Z,491,16,2,5,0,0,1,1,1,1785460667
2026-07-31T01:51:35Z,492,4,3,4,3,0,1,1,1,1785462693
2026-07-31T01:51:35Z,493,3,1,23,1,0,1,1,1,1785462174
2026-07-31T01:51:35Z,495,10,1,4,1,0,1,1,1,1785461274
2026-07-31T01:51:35Z,496,21,2,6,0,0,1,1,1,1785462404
2026-07-31T01:51:35Z,497,2,1,16,1,0,1,1,1,1785462496
2026-07-31T01:51:35Z,498,4,4,19,0,0,1,1,1,1785462509
2026-07-31T01:51:35Z,499,8,2,11,0,0,1,1,1,1785460598
2026-07-31T01:51:35Z,500,3,2,7,5,0,1,1,1,1785462671
2026-07-31T01:51:35Z,501,5,2,15,1,0,1,1,1,1785462391
2026-07-31T01:51:35Z,502,4,1,15,0,0,1,1,1,1785462463
2026-07-31T01:51:35Z,503,22,0,7,2,0,1,1,1,1785462685
2026-07-31T01:51:35Z,504,1,0,37,1,0,1,1,1,1785462691
2026-07-31T01:51:35Z,505,1,1,10,1,0,1,1,1,1785462050
2026-07-31T01:51:35Z,511,1,0,22,0,0,1,1,1,1785461152
2026-07-31T01:51:35Z,512,2,0,25,0,0,1,1,1,1785462474
2026-07-31T01:51:35Z,514,9,1,0,2,0,1,1,1,1785461392
2026-07-31T01:51:35Z,515,4,0,15,0,0,1,1,1,1785461097
2026-07-31T01:51:35Z,516,1,0,26,0,0,1,1,1,1785462366
2026-07-31T01:51:35Z,517,7,0,15,1,0,1,1,1,1785462183
2026-07-31T01:51:35Z,518,11,2,3,1,0,1,1,1,1785461496
2026-07-31T01:51:35Z,519,4,3,15,0,0,1,1,1,1785462210
2026-07-31T01:51:35Z,520,9,5,13,4,1,1,1,1,1785462689
2026-07-31T01:51:35Z,521,5,2,18,0,0,1,1,1,1785462384
2026-07-31T01:51:35Z,522,23,1,0,0,0,1,1,1,1785462434
2026-07-31T01:51:35Z,523,2,1,19,2,0,1,1,1,1785461988
2026-07-31T01:51:35Z,524,23,1,0,0,0,1,1,1,1785462064
2026-07-31T01:51:35Z,525,19,0,0,0,0,1,1,1,1785462214
2026-07-31T01:51:35Z,526,10,1,4,1,0,1,1,1,1785462021
2026-07-31T01:51:35Z,527,3,1,20,3,0,1,1,1,1785462527
2026-07-31T01:51:35Z,528,18,0,5,0,0,1,1,1,1785462284
2026-07-31T01:51:35Z,529,7,6,7,5,0,1,1,1,1785462691
2026-07-31T01:51:35Z,530,4,0,16,1,0,1,1,1,1785462495
2026-07-31T01:51:35Z,531,10,0,11,1,1,1,1,1,1785462620
2026-07-31T01:51:35Z,532,4,3,25,1,1,1,1,1,1785462684
2026-07-31T01:51:35Z,533,8,1,10,1,0,1,1,1,1785462107
2026-07-31T01:51:35Z,534,1,0,22,0,0,1,1,1,1785462526
2026-07-31T01:51:35Z,535,1,1,13,1,0,1,1,1,1785462156
2026-07-31T01:51:35Z,536,15,0,8,0,0,1,1,1,1785462671
2026-07-31T01:51:35Z,537,10,5,10,0,0,1,1,1,1785462220
2026-07-31T01:51:35Z,538,6,0,15,0,2,1,1,1,1785462677
2026-07-31T01:51:35Z,539,2,2,29,0,0,1,1,1,1785461556
2026-07-31T01:51:35Z,540,4,3,15,0,0,1,1,1,1785462189
2026-07-31T01:51:35Z,541,11,0,16,0,0,1,1,1,1785462564
2026-07-31T01:51:35Z,542,0,0,22,1,0,1,1,1,1785461238
2026-07-31T01:51:35Z,543,1,0,18,0,0,1,1,1,1785461833
2026-07-31T01:51:35Z,544,3,1,15,4,0,1,1,1,1785462521
2026-07-31T01:51:35Z,545,7,3,8,4,0,1,1,1,1785462344
2026-07-31T01:51:35Z,546,17,4,1,1,0,1,1,1,1785462478
2026-07-31T01:51:35Z,547,8,2,16,1,0,1,1,1,1785462506
2026-07-31T01:51:35Z,548,5,0,18,0,0,1,1,1,1785461902
2026-07-31T01:51:35Z,549,16,0,7,0,0,1,1,1,1785462593
2026-07-31T01:51:35Z,550,2,2,17,0,0,1,1,1,1785462657
2026-07-31T01:51:35Z,551,14,4,9,0,0,1,1,1,1785460771
2026-07-31T01:51:35Z,552,24,1,3,0,0,1,1,1,1785462561
2026-07-31T01:51:35Z,553,8,4,14,0,1,1,1,1,1785462614
2026-07-31T01:51:35Z,554,0,0,19,0,0,1,1,1,1785461514
2026-07-31T01:51:35Z,555,10,5,4,1,0,1,1,1,1785462585
2026-07-31T01:51:35Z,556,10,5,12,1,0,1,1,1,1785462650
2026-07-31T01:51:35Z,557,4,3,13,6,0,1,1,1,1785462599
2026-07-31T01:51:35Z,558,11,7,24,2,0,1,1,1,1785462582
2026-07-31T01:51:35Z,559,0,0,18,1,0,1,1,1,1785457401
2026-07-31T01:51:35Z,560,0,0,27,0,0,1,1,1,1785461304
2026-07-31T01:51:35Z,561,18,0,3,2,0,1,1,1,1785461783
2026-07-31T01:51:35Z,562,30,1,0,5,0,1,1,1,1785462686
2026-07-31T01:51:35Z,563,11,0,3,0,0,1,1,1,1785462587
2026-07-31T01:51:35Z,564,5,1,13,1,0,1,1,1,1785461541
2026-07-31T01:51:35Z,565,8,2,11,0,0,1,1,1,1785462423
2026-07-31T01:51:35Z,566,1,0,17,1,0,1,1,1,1785462623
2026-07-31T01:51:35Z,567,17,1,9,1,0,1,1,1,1785462440
2026-07-31T01:51:35Z,568,8,0,9,2,0,1,1,1,1785462371
2026-07-31T01:51:35Z,569,9,0,10,0,0,1,1,1,1785462575
2026-07-31T01:51:35Z,570,6,2,12,1,0,1,1,1,1785462202
2026-07-31T01:51:35Z,571,9,0,14,0,0,1,1,1,1785462341
2026-07-31T01:51:35Z,572,8,3,10,1,0,1,1,1,1785462555
2026-07-31T01:51:35Z,573,15,0,0,0,0,1,1,1,1785460519
2026-07-31T01:51:35Z,574,8,2,7,0,0,1,1,1,1785461770
2026-07-31T01:51:35Z,575,12,0,8,1,0,1,1,1,1785462304
2026-07-31T01:51:35Z,576,0,0,18,1,0,1,1,1,1785462179
2026-07-31T01:51:35Z,577,30,0,1,0,0,1,1,1,1785462449
2026-07-31T01:51:35Z,578,8,3,14,1,0,1,1,1,1785461759
2026-07-31T01:51:35Z,579,31,1,12,0,0,1,1,1,1785462689
2026-07-31T01:51:35Z,580,10,0,19,0,0,1,1,1,1785462258
2026-07-31T01:51:35Z,581,8,1,10,1,0,1,1,1,1785462694
2026-07-31T01:51:35Z,582,1,0,59,2,0,1,1,1,1785462446
2026-07-31T01:51:35Z,583,16,1,7,0,0,1,1,1,1785462169
2026-07-31T01:51:35Z,584,1,0,13,5,0,1,1,1,1785462343
2026-07-31T01:51:35Z,585,13,0,13,0,1,1,1,1,1785462229
2026-07-31T01:51:35Z,586,17,4,17,1,0,1,1,1,1785462693
2026-07-31T01:51:35Z,587,23,0,0,1,0,1,1,1,1785462112
2026-07-31T01:51:35Z,588,7,2,9,3,0,1,1,1,1785462678
2026-07-31T01:51:35Z,589,0,0,0,23,0,1,1,1,1785462547
2026-07-31T01:51:35Z,590,26,12,2,3,0,1,1,1,1785462694
2026-07-31T01:51:35Z,591,23,0,5,2,0,1,1,1,1785462367
2026-07-31T01:51:35Z,592,2,0,21,0,0,1,1,1,1785461900
2026-07-31T01:51:35Z,593,1,0,37,0,0,1,1,1,1785462457
2026-07-31T01:51:35Z,594,19,2,2,0,0,1,1,1,1785462688
2026-07-31T01:51:35Z,595,0,0,3,0,0,0,1,1,1784046673
2026-07-31T01:51:35Z,605,0,0,2,1,0,0,1,1,1783975843
2026-07-31T01:51:35Z,606,0,0,0,0,0,0,1,1,86400
2026-07-31T01:51:35Z,607,24,1,6,2,0,1,1,1,1785462563
2026-07-31T01:51:35Z,608,1,0,49,0,0,1,1,1,1785462021
2026-07-31T01:51:35Z,609,2,2,21,0,0,1,1,1,1785462401
2026-07-31T01:51:35Z,610,0,0,35,0,0,1,1,1,1785461884
2026-07-31T01:51:35Z,611,8,0,18,1,0,1,1,1,1785462689
2026-07-31T01:51:35Z,612,7,1,8,0,0,1,1,1,1785455780
2026-07-31T01:51:35Z,613,10,0,1,4,0,1,1,1,1785461915
2026-07-31T01:51:35Z,614,17,3,8,1,1,1,1,1,1785462162
2026-07-31T01:51:35Z,617,3,1,11,1,0,1,1,1,1785462400
2026-07-31T01:51:35Z,618,13,2,2,4,0,1,1,1,1785462555
2026-07-31T01:51:35Z,619,4,3,15,0,0,1,1,1,1785462602
2026-07-31T01:51:35Z,620,0,0,26,1,0,1,1,1,1785459814
2026-07-31T01:51:35Z,621,7,3,16,0,0,1,1,1,1785462244
2026-07-31T01:51:35Z,622,5,5,15,3,0,1,1,1,1785462584
2026-07-31T01:51:35Z,623,4,1,25,1,0,1,1,1,1785462142
2026-07-31T01:51:35Z,624,4,1,11,0,0,1,1,1,1785461567
2026-07-31T01:51:35Z,625,3,0,16,2,0,1,1,1,1785461872
2026-07-31T01:51:35Z,626,1,0,43,1,2,1,1,1,1785462682
2026-07-31T01:51:35Z,627,14,6,5,0,0,1,1,1,1785458008
2026-07-31T01:51:35Z,628,0,0,16,2,1,1,1,1,1785462513
2026-07-31T01:51:35Z,629,4,1,5,2,0,1,1,1,1785462686
2026-07-31T01:51:35Z,630,3,2,21,3,0,1,1,1,1785462469
2026-07-31T01:51:35Z,631,1,1,22,0,0,1,1,1,1785461151
2026-07-31T01:51:35Z,632,22,2,0,1,0,1,1,1,1785458363
2026-07-31T01:51:35Z,633,11,1,0,4,0,1,1,1,1785462635
2026-07-31T01:51:35Z,634,9,1,9,1,0,1,1,1,1785461298
2026-07-31T01:51:35Z,635,13,1,5,1,0,1,1,1,1785461600
2026-07-31T01:51:35Z,636,8,1,6,1,0,1,1,1,1785460102
2026-07-31T01:51:35Z,637,10,1,9,0,0,1,1,1,1785460625
2026-07-31T01:51:35Z,638,8,2,8,3,0,1,1,1,1785461217
2026-07-31T01:51:35Z,639,4,1,13,2,0,1,1,1,1785462047
2026-07-31T01:51:35Z,640,3,2,19,1,0,1,1,1,1785462674
2026-07-31T01:51:35Z,641,8,1,17,1,0,1,1,1,1785462681
2026-07-31T01:51:35Z,642,4,2,7,8,0,1,1,1,1785462689
2026-07-31T01:51:35Z,643,11,0,8,8,0,1,1,1,1785462634
2026-07-31T01:51:35Z,644,9,0,5,1,0,1,1,1,1785460308
2026-07-31T01:51:35Z,645,7,0,15,0,1,1,1,1,1785462197
2026-07-31T01:51:35Z,646,1,1,18,0,0,1,1,1,1785461193
2026-07-31T01:51:35Z,647,18,0,12,1,0,1,1,1,1785462642
2026-07-31T01:51:35Z,648,6,2,11,1,1,1,1,1,1785462691
2026-07-31T01:51:35Z,649,28,4,2,1,0,1,1,1,1785462630
2026-07-31T01:51:35Z,650,5,1,9,0,0,1,1,1,1785461548
2026-07-31T01:51:35Z,651,4,4,19,0,0,1,1,1,1785462328
2026-07-31T01:51:35Z,652,1,1,20,2,0,1,1,1,1785462463
2026-07-31T01:51:35Z,653,4,1,14,1,0,1,1,1,1785462222
2026-07-31T01:51:35Z,654,1,1,14,0,0,1,1,1,1785461395
2026-07-31T01:51:35Z,655,7,3,1,4,1,1,1,1,1785462584
2026-07-31T01:51:35Z,656,11,6,8,0,0,1,1,1,1785462641
2026-07-31T01:51:35Z,657,11,5,1,2,3,1,1,1,1785462533
2026-07-31T01:51:35Z,658,7,0,3,0,0,1,1,1,1785462359
2026-07-31T01:51:35Z,659,7,2,7,1,0,1,1,1,1785461831
2026-07-31T01:51:35Z,660,3,2,25,3,0,1,1,1,1785462688
2026-07-31T01:51:35Z,661,4,3,15,0,0,1,1,1,1785462523
2026-07-31T01:51:35Z,662,6,3,13,4,0,1,1,1,1785460993
2026-07-31T01:51:35Z,663,5,2,9,1,0,1,1,1,1785462668
2026-07-31T01:51:35Z,664,0,0,27,0,0,1,1,1,1785462677
2026-07-31T01:51:35Z,665,9,2,6,0,0,1,1,1,1785461993
2026-07-31T01:51:35Z,666,6,4,7,2,0,1,1,1,1785457342
2026-07-31T01:51:35Z,667,13,6,6,0,0,1,1,1,1785462471
2026-07-31T01:51:35Z,668,13,1,4,2,0,1,1,1,1785462506
2026-07-31T01:51:35Z,669,10,3,4,0,0,1,1,1,1785462651
2026-07-31T01:51:35Z,670,4,3,23,0,0,1,1,1,1785462293
2026-07-31T01:51:35Z,671,12,1,14,1,0,1,1,1,1785462481
2026-07-31T01:51:35Z,672,5,2,14,3,1,1,1,1,1785461087
2026-07-31T01:51:35Z,673,2,0,20,1,0,1,1,1,1785462614
2026-07-31T01:51:35Z,674,0,0,20,3,0,1,1,1,1785462393
2026-07-31T01:51:35Z,675,7,4,6,2,0,1,1,1,1785461709
2026-07-31T01:51:35Z,676,13,1,9,0,0,1,1,1,1785462454
2026-07-31T01:51:35Z,681,1,1,9,5,0,1,1,1,1785461968
2026-07-31T01:51:35Z,682,4,1,14,1,0,1,1,1,1785387864
2026-07-31T01:51:35Z,683,5,1,14,0,0,1,1,1,1785461428
2026-07-31T01:51:35Z,684,2,0,25,0,0,1,1,1,1785456431
2026-07-31T01:51:35Z,685,7,0,18,1,1,1,1,1,1785462175
2026-07-31T01:51:35Z,686,11,0,14,1,1,1,1,1,1785462576
2026-07-31T01:51:35Z,687,11,0,18,1,1,1,1,1,1785462464
2026-07-31T01:51:35Z,688,8,1,4,7,0,1,1,1,1785462640
2026-07-31T01:51:35Z,692,0,0,21,0,0,1,1,1,1785462194
2026-07-31T01:51:35Z,693,7,0,1,3,0,1,1,1,1785461830
2026-07-31T01:51:35Z,694,8,5,12,1,0,1,1,1,1785461512
2026-07-31T01:51:35Z,695,8,5,14,1,0,1,1,1,1785462404
2026-07-31T01:51:35Z,696,17,12,6,0,0,1,1,1,1785462584
2026-07-31T01:51:35Z,697,21,0,2,0,0,1,1,1,1785462630
2026-07-31T01:51:35Z,698,9,2,18,0,0,1,1,1,1785462691
2026-07-31T01:51:35Z,699,7,0,7,1,0,1,1,1,1785462068
2026-07-31T01:51:35Z,700,12,4,6,1,0,1,1,1,1785462154
2026-07-31T01:51:35Z,701,15,4,3,1,0,1,1,1,1785461627
2026-07-31T01:51:35Z,702,14,0,9,0,0,1,1,1,1785462648
2026-07-31T01:51:35Z,704,5,1,10,0,0,1,1,1,1785461030
2026-07-31T01:51:35Z,705,2,2,12,1,0,1,1,1,1785462310
2026-07-31T01:51:35Z,706,7,0,4,4,0,1,1,1,1785461859
2026-07-31T01:51:35Z,707,3,1,10,2,0,1,1,1,1785462271
2026-07-31T01:51:35Z,708,19,0,0,0,0,1,1,1,1785462417
2026-07-31T01:51:35Z,709,11,1,0,4,0,1,1,1,1785462218
2026-07-31T01:51:35Z,710,6,0,13,0,0,1,1,1,1785462636
2026-07-31T01:51:35Z,711,11,3,9,3,0,1,1,1,1785462269
2026-07-31T01:51:35Z,712,10,4,5,0,0,1,1,1,1785462320
2026-07-31T01:51:35Z,713,2,0,21,0,0,1,1,1,1785462658
2026-07-31T01:51:35Z,716,3,1,12,0,0,1,1,1,1785461947
2026-07-31T01:51:35Z,717,2,0,20,3,0,1,1,1,1785462682
2026-07-31T01:51:35Z,718,0,0,14,1,0,1,1,1,1785461811
2026-07-31T01:51:35Z,719,3,1,26,0,0,1,1,1,1785461134
2026-07-31T01:51:35Z,720,2,1,17,0,0,1,1,1,1785462251
2026-07-31T01:51:35Z,721,0,0,21,2,0,1,1,1,1785461176
2026-07-31T01:51:35Z,722,2,0,13,0,0,1,1,1,1785461998
2026-07-31T01:51:35Z,723,12,2,11,0,0,1,1,1,1785461957
2026-07-31T01:51:35Z,724,18,6,5,0,0,1,1,1,1785462080
2026-07-31T01:51:35Z,725,4,0,19,0,0,1,1,1,1785462283
2026-07-31T01:51:35Z,726,10,2,9,0,0,1,1,1,1785462057
2026-07-31T01:51:35Z,727,9,4,12,2,0,1,1,1,1785461116
2026-07-31T01:51:35Z,728,10,1,5,0,0,1,1,1,1785462558
2026-07-31T01:51:35Z,729,19,1,0,0,0,1,1,1,1785462254
2026-07-31T01:51:35Z,730,4,3,10,1,0,1,1,1,1785461334
2026-07-31T01:51:35Z,731,6,1,9,0,0,1,1,1,1785462243
2026-07-31T01:51:35Z,732,7,4,8,0,0,1,1,1,1785461771
2026-07-31T01:51:35Z,733,25,2,1,1,0,1,1,1,1785462662
2026-07-31T01:51:35Z,734,2,1,12,0,0,1,1,1,1785461489
2026-07-31T01:51:35Z,735,2,2,25,0,0,1,1,1,1785462087
2026-07-31T01:51:35Z,736,3,0,16,0,0,1,1,1,1785462673
2026-07-31T01:51:35Z,737,2,1,10,2,1,1,1,1,1785462612
2026-07-31T01:51:35Z,738,10,1,8,1,0,1,1,1,1785462585
2026-07-31T01:51:35Z,739,16,2,10,1,0,1,1,1,1785462186
2026-07-31T01:51:35Z,741,7,2,16,0,0,1,1,1,1785462605
2026-07-31T01:51:35Z,742,13,8,20,2,0,1,1,1,1785462675
2026-07-31T01:51:35Z,743,1,1,17,1,0,1,1,1,1785462419
2026-07-31T01:51:35Z,744,10,4,5,0,0,1,1,1,1785462593
2026-07-31T01:51:35Z,745,14,4,4,1,0,1,1,1,1785461113
2026-07-31T01:51:35Z,746,6,0,14,3,0,1,1,1,1785462686
2026-07-31T01:51:35Z,747,0,0,4,0,0,0,1,1,1783446606
2026-07-31T01:51:35Z,748,10,1,13,0,0,1,1,1,1785461852
2026-07-31T01:51:35Z,749,1,1,22,0,0,1,1,1,1785461949
2026-07-31T01:51:35Z,750,2,2,8,1,0,1,1,1,1785462531
2026-07-31T01:51:35Z,751,1,0,21,1,0,1,1,1,1785462350
2026-07-31T01:51:35Z,752,10,1,6,1,0,1,1,1,1785462573
2026-07-31T01:51:35Z,753,15,6,0,0,0,1,1,1,1785462112
2026-07-31T01:51:35Z,754,1,1,13,1,0,1,1,1,1785461728
2026-07-31T01:51:35Z,755,1,1,20,2,0,1,1,1,1785462331
2026-07-31T01:51:35Z,756,1,1,36,0,0,1,1,1,1785462388
2026-07-31T01:51:35Z,757,4,2,15,0,0,1,1,1,1785462409
2026-07-31T01:51:35Z,758,8,8,15,0,0,1,1,1,1785461481
2026-07-31T01:51:35Z,759,5,3,10,0,0,1,1,1,1785461254
2026-07-31T01:51:35Z,760,7,3,11,1,0,1,1,1,1785461275
2026-07-31T01:51:35Z,761,4,0,19,0,0,1,1,1,1785462331
2026-07-31T01:51:35Z,762,5,4,6,4,0,1,1,1,1785462166
2026-07-31T01:51:35Z,768,10,0,7,2,0,1,1,1,1785461370
2026-07-31T01:51:35Z,769,16,6,3,0,0,1,1,1,1785462267
2026-07-31T01:51:35Z,770,11,2,6,2,0,1,1,1,1785462693
2026-07-31T01:51:35Z,771,13,3,1,1,0,1,1,1,1785462136
2026-07-31T01:51:35Z,772,5,2,10,0,0,1,1,1,1785460993
2026-07-31T01:51:35Z,773,15,3,4,0,0,1,1,1,1785462603
2026-07-31T01:51:35Z,774,2,2,10,3,0,1,1,1,1785462578
2026-07-31T01:51:35Z,775,6,0,11,1,1,1,1,1,1785460498
2026-07-31T01:51:35Z,776,3,1,17,1,0,1,1,1,1785461076
2026-07-31T01:51:35Z,777,10,0,2,3,0,1,1,1,1785462692
2026-07-31T01:51:35Z,778,13,0,3,3,0,1,1,1,1785462623
2026-07-31T01:51:35Z,779,8,1,10,1,0,1,1,1,1785461518
2026-07-31T01:51:35Z,780,14,2,3,2,0,1,1,1,1785462303
2026-07-31T01:51:35Z,781,4,2,5,2,0,1,1,1,1785462529
2026-07-31T01:51:35Z,782,2,0,14,3,0,1,1,1,1785462438
2026-07-31T01:51:35Z,783,4,0,15,0,0,1,1,1,1785461741
2026-07-31T01:51:35Z,784,16,0,0,3,0,1,1,1,1785462538
2026-07-31T01:51:35Z,785,9,0,4,6,0,1,1,1,1785461894
2026-07-31T01:51:35Z,786,9,4,10,0,0,1,1,1,1785461753
2026-07-31T01:51:35Z,787,11,5,2,2,0,1,1,1,1785462537
2026-07-31T01:51:35Z,788,3,0,12,0,0,1,1,1,1785462230
2026-07-31T01:51:35Z,789,6,2,5,4,0,1,1,1,1785462485
2026-07-31T01:51:35Z,790,6,2,17,0,0,1,1,1,1785460993
2026-07-31T01:51:35Z,791,6,0,12,0,1,1,1,1,1785462253
2026-07-31T01:51:35Z,793,4,0,10,1,0,1,1,1,1785462639
2026-07-31T01:51:35Z,794,7,1,21,1,0,1,1,1,1785462682
2026-07-31T01:51:35Z,796,6,2,12,1,0,1,1,1,1785462376
2026-07-31T01:51:35Z,797,5,0,10,0,0,1,1,1,1785462461
2026-07-31T01:51:35Z,798,4,1,20,1,0,1,1,1,1785462392
2026-07-31T01:51:35Z,799,11,0,4,4,0,1,1,1,1785462578
2026-07-31T01:51:35Z,800,20,4,0,1,0,1,1,1,1785461967
2026-07-31T01:51:35Z,801,1,0,19,1,0,1,1,1,1785462386
2026-07-31T01:51:35Z,802,9,0,22,0,0,1,1,1,1785462426
2026-07-31T01:51:35Z,803,0,0,14,1,0,1,1,1,1785462198
2026-07-31T01:51:35Z,806,1,1,14,0,0,1,1,1,1785462563
2026-07-31T01:51:35Z,807,1,1,23,1,0,1,1,1,1785462181
2026-07-31T01:51:35Z,808,5,0,18,2,0,1,1,1,1785459824
2026-07-31T01:51:35Z,809,5,1,17,1,0,1,1,1,1785462327
2026-07-31T01:51:35Z,810,3,1,12,4,0,1,1,1,1785460936
2026-07-31T01:51:35Z,815,3,0,7,4,1,1,1,1,1785462376
2026-07-31T01:51:35Z,817,8,4,7,0,0,1,1,1,1785462255
2026-07-31T01:51:35Z,818,5,0,17,1,0,1,1,1,1785461038
2026-07-31T01:51:35Z,819,6,4,9,0,0,1,1,1,1785460987
2026-07-31T01:51:35Z,820,7,1,10,0,0,1,1,1,1785461657
2026-07-31T01:51:35Z,821,2,1,13,0,0,1,1,1,1785462590
2026-07-31T01:51:35Z,822,20,1,0,3,0,1,1,1,1785462419
2026-07-31T01:51:35Z,823,14,1,0,1,0,1,1,1,1785462032
2026-07-31T01:51:35Z,824,8,3,10,1,0,1,1,1,1785462689
2026-07-31T01:51:35Z,825,9,5,6,0,0,1,1,1,1785457432
2026-07-31T01:51:35Z,826,4,1,14,1,0,1,1,1,1785461454
2026-07-31T01:51:35Z,827,14,5,6,1,0,1,1,1,1785460917
2026-07-31T01:51:35Z,828,8,2,9,1,0,1,1,1,1785462576
2026-07-31T01:51:35Z,829,14,6,13,0,0,1,1,1,1785461642
2026-07-31T01:51:35Z,830,12,0,10,1,0,1,1,1,1785461810
2026-07-31T01:51:35Z,831,4,3,10,1,0,1,1,1,1785462335
2026-07-31T01:51:35Z,832,10,4,5,3,0,1,1,1,1785462057
2026-07-31T01:51:35Z,833,1,1,17,1,0,1,1,1,1785461821
2026-07-31T01:51:35Z,834,5,1,17,2,0,1,1,1,1785462393
2026-07-31T01:51:35Z,835,9,1,8,1,0,1,1,1,1785462607
2026-07-31T01:51:35Z,837,5,1,0,10,0,1,1,1,1785462042
2026-07-31T01:51:35Z,838,10,1,5,0,0,1,1,1,1785462420
2026-07-31T01:51:35Z,839,15,2,14,0,0,1,1,1,1785462674
2026-07-31T01:51:35Z,840,3,0,24,2,0,1,1,1,1785462362
2026-07-31T01:51:35Z,841,7,1,8,0,0,1,1,1,1785462031
2026-07-31T01:51:35Z,842,6,1,17,0,0,1,1,1,1785461742
2026-07-31T01:51:35Z,843,11,0,19,1,0,1,1,1,1785461888
2026-07-31T01:51:35Z,844,6,1,17,0,0,1,1,1,1785461815
2026-07-31T01:51:35Z,845,5,3,12,2,0,1,1,1,1785462148
2026-07-31T01:51:35Z,846,4,0,13,2,0,1,1,1,1785461285
2026-07-31T01:51:35Z,847,3,1,24,0,0,1,1,1,1785462633
2026-07-31T01:51:35Z,848,6,0,12,1,0,1,1,1,1785462630
2026-07-31T01:51:35Z,849,8,2,6,1,0,1,1,1,1785461364
2026-07-31T01:51:35Z,850,9,0,1,1,0,1,1,1,1785461360
2026-07-31T01:51:35Z,851,0,0,35,2,0,1,1,1,1785461087
2026-07-31T01:51:35Z,852,11,5,8,0,0,1,1,1,1785462615
2026-07-31T01:51:35Z,853,10,5,13,0,0,1,1,1,1785462694
2026-07-31T01:51:35Z,854,2,2,13,0,0,1,1,1,1785461023
2026-07-31T01:51:35Z,855,13,2,14,0,0,1,1,1,1785462237
2026-07-31T01:51:35Z,857,1,1,17,1,0,1,1,1,1785462565
2026-07-31T01:51:35Z,858,4,1,14,1,0,1,1,1,1785462500
2026-07-31T01:51:35Z,859,3,0,17,1,0,1,1,1,1785460930
2026-07-31T01:51:35Z,861,8,1,2,1,0,1,1,1,1785455675
2026-07-31T01:51:35Z,862,2,1,13,0,0,1,1,1,1785462054
2026-07-31T01:51:35Z,863,11,0,7,1,0,1,1,1,1785462392
2026-07-31T01:51:35Z,866,6,0,12,1,0,1,1,1,1785462301
2026-07-31T01:51:35Z,867,12,0,3,0,0,1,1,1,1785461676
2026-07-31T01:51:35Z,868,13,2,2,0,0,1,1,1,1785461850
2026-07-31T01:51:35Z,870,7,5,7,1,0,1,1,1,1785462065
2026-07-31T01:51:35Z,871,0,0,10,1,0,1,1,1,1785461481
2026-07-31T01:51:35Z,872,0,0,14,1,0,1,1,1,1785461994
2026-07-31T01:51:35Z,873,0,0,32,1,0,1,1,1,1785461847
2026-07-31T01:51:35Z,874,2,0,10,3,0,1,1,1,1785462168
2026-07-31T01:51:35Z,875,14,10,0,1,0,1,1,1,1785462085
2026-07-31T01:51:35Z,877,12,11,6,1,0,1,1,1,1785461541
2026-07-31T01:51:35Z,878,2,2,16,1,0,1,1,1,1785462126
2026-07-31T01:51:35Z,879,2,0,17,0,0,1,1,1,1785461186
2026-07-31T01:51:35Z,880,4,1,18,1,0,1,1,1,1785462088
2026-07-31T01:51:35Z,881,3,0,16,0,0,1,1,1,1785461984
2026-07-31T01:51:35Z,882,11,0,6,2,0,1,1,1,1785457778
2026-07-31T01:51:35Z,883,10,6,9,0,0,1,1,1,1785462291
2026-07-31T01:51:35Z,884,11,7,10,0,0,1,1,1,1785461518
2026-07-31T01:51:35Z,885,0,0,19,0,0,1,1,1,1785461851
2026-07-31T01:51:35Z,886,0,0,28,1,0,1,1,1,1785462564
2026-07-31T01:51:35Z,887,2,0,12,3,0,1,1,1,1785462610
2026-07-31T01:51:35Z,888,14,1,25,2,0,1,1,1,1785462623
2026-07-31T01:51:35Z,889,6,0,11,2,0,1,1,1,1785462180
2026-07-31T01:51:35Z,890,5,2,9,1,0,1,1,1,1785461217
2026-07-31T01:51:35Z,891,15,0,7,1,0,1,1,1,1785461630
2026-07-31T01:51:35Z,892,12,1,3,0,0,1,1,1,1785456450
2026-07-31T01:51:35Z,895,0,0,18,1,0,1,1,1,1785462045
2026-07-31T01:51:35Z,896,29,3,6,0,0,1,1,1,1785462667
2026-07-31T01:51:35Z,897,8,0,13,0,0,1,1,1,1785462332
2026-07-31T01:51:35Z,898,0,0,19,0,0,1,1,1,1785461777
2026-07-31T01:51:35Z,899,19,2,0,0,0,1,1,1,1785461001
2026-07-31T01:51:35Z,900,27,2,0,0,0,1,1,1,1785461987
2026-07-31T01:51:35Z,901,12,0,6,1,0,1,1,1,1785462459
2026-07-31T01:51:35Z,902,9,1,5,1,0,1,1,1,1785461963
2026-07-31T01:51:35Z,903,6,0,13,0,0,1,1,1,1785461081
2026-07-31T01:51:35Z,904,11,5,8,0,0,1,1,1,1785462156
2026-07-31T01:51:35Z,905,2,2,25,0,0,1,1,1,1785462352
2026-07-31T01:51:35Z,906,2,1,25,0,0,1,1,1,1785462108
2026-07-31T01:51:35Z,907,29,8,1,1,0,1,1,1,1785462677
2026-07-31T01:51:35Z,908,8,1,15,0,0,1,1,1,1785462120
2026-07-31T01:51:35Z,909,3,2,20,0,0,1,1,1,1785462543
2026-07-31T01:51:35Z,910,17,0,14,0,0,1,1,1,1785462407
2026-07-31T01:51:35Z,911,6,0,13,0,0,1,1,1,1785461710
2026-07-31T01:51:35Z,912,5,0,15,3,0,1,1,1,1785462692
2026-07-31T01:51:35Z,913,4,2,15,0,0,1,1,1,1785462675
2026-07-31T01:51:35Z,914,4,0,15,0,0,1,1,1,1785462692
2026-07-31T01:51:35Z,915,10,0,12,1,0,1,1,1,1785462236
2026-07-31T01:51:35Z,916,7,1,16,0,0,1,1,1,1785462244
2026-07-31T01:51:35Z,917,33,1,0,2,0,1,1,1,1785462645
2026-07-31T01:51:35Z,918,5,0,11,3,0,1,1,1,1785462691
2026-07-31T01:51:35Z,919,6,1,31,2,0,1,1,1,1785462691
2026-07-31T01:51:35Z,920,2,1,17,0,0,1,1,1,1785462520
2026-07-31T01:51:35Z,921,16,0,5,0,0,1,1,1,1785461823
2026-07-31T01:51:35Z,922,1,0,20,0,0,1,1,1,1785462594
2026-07-31T01:51:35Z,923,10,8,8,1,0,1,1,1,1785462676
2026-07-31T01:51:35Z,924,7,0,14,0,0,1,1,1,1785461558
2026-07-31T01:51:35Z,925,13,0,8,0,0,1,1,1,1785462275
2026-07-31T01:51:35Z,926,1,1,20,0,0,1,1,1,1785462451
2026-07-31T01:51:35Z,927,17,0,18,0,0,1,1,1,1785462371
2026-07-31T01:51:35Z,928,3,0,16,0,0,1,1,1,1785462321
2026-07-31T01:51:35Z,929,0,0,23,0,0,1,1,1,1785461444
2026-07-31T01:51:35Z,930,28,2,1,2,0,1,1,1,1785462481
2026-07-31T01:51:35Z,931,0,0,23,0,0,1,1,1,1785462347
2026-07-31T01:51:35Z,932,14,0,0,5,0,1,1,1,1785462670
2026-07-31T01:51:35Z,933,22,1,0,1,0,1,1,1,1785462411
2026-07-31T01:51:35Z,934,1,1,29,1,0,1,1,1,1785461698
2026-07-31T01:51:35Z,935,6,0,11,2,0,1,1,1,1785462632
2026-07-31T01:51:35Z,936,4,1,15,0,0,1,1,1,1785456801
2026-07-31T01:51:35Z,940,4,1,7,0,0,1,1,1,1785462568
2026-07-31T01:51:35Z,941,9,2,14,2,0,1,1,1,1785462559
2026-07-31T01:51:35Z,942,14,1,7,0,0,1,1,1,1785462331
2026-07-31T01:51:35Z,943,9,8,6,0,0,1,1,1,1785462123
2026-07-31T01:51:35Z,944,9,8,6,0,0,1,1,1,1785461917
2026-07-31T01:51:35Z,945,10,8,5,0,0,1,1,1,1785461426
2026-07-31T01:51:35Z,946,7,5,12,0,0,1,1,1,1785424152
2026-07-31T01:51:35Z,947,7,5,10,0,0,1,1,1,1785461927
2026-07-31T01:51:35Z,948,1,1,26,4,0,1,1,1,1785462349
2026-07-31T01:51:35Z,949,4,1,11,0,0,1,1,1,1785462413
2026-07-31T01:51:35Z,950,3,3,13,1,0,1,1,1,1785462520
2026-07-31T01:51:35Z,951,10,1,13,0,0,1,1,1,1785462089
2026-07-31T01:51:35Z,952,26,1,28,1,0,1,1,1,1785462625
2026-07-31T01:51:35Z,953,14,1,1,0,0,1,1,1,1785462523
2026-07-31T01:51:35Z,954,12,0,7,0,0,1,1,1,1785462232
2026-07-31T01:51:35Z,955,2,0,20,5,0,1,1,1,1785461245
2026-07-31T01:51:35Z,956,12,0,9,2,0,1,1,1,1785462633
2026-07-31T01:51:35Z,957,6,1,21,2,0,1,1,1,1785462399
2026-07-31T01:51:35Z,958,26,1,5,0,0,1,1,1,1785462669
2026-07-31T01:51:35Z,959,12,4,10,1,0,1,1,1,1785462158
2026-07-31T01:51:35Z,960,9,9,13,1,0,1,1,1,1785462437
2026-07-31T01:51:35Z,961,1,1,19,3,0,1,1,1,1785462691
2026-07-31T01:51:35Z,962,5,1,27,3,0,1,1,1,1785461554
2026-07-31T01:51:35Z,963,4,0,18,1,0,1,1,1,1785462586
2026-07-31T01:51:35Z,964,10,5,12,1,0,1,1,1,1785462687
2026-07-31T01:51:35Z,965,4,0,22,1,0,1,1,1,1785462035
2026-07-31T01:51:35Z,966,2,0,29,0,0,1,1,1,1785462690
2026-07-31T01:51:35Z,967,2,1,18,1,0,1,1,1,1785462615
2026-07-31T01:51:35Z,968,1,1,18,0,0,1,1,1,1785462354
2026-07-31T01:51:35Z,969,6,5,19,2,0,1,1,1,1785461979
2026-07-31T01:51:35Z,970,4,3,14,1,0,1,1,1,1785462650
2026-07-31T01:51:35Z,971,21,1,1,1,0,1,1,1,1785462655
2026-07-31T01:51:35Z,972,11,1,10,2,0,1,1,1,1785461958
2026-07-31T01:51:35Z,973,3,3,19,1,0,1,1,1,1785462364
2026-07-31T01:51:35Z,974,2,0,25,0,0,1,1,1,1785462544
2026-07-31T01:51:35Z,977,5,5,12,4,0,1,1,1,1785462685
2026-07-31T01:51:35Z,978,16,4,7,0,0,1,1,1,1785462503
2026-07-31T01:51:35Z,979,3,1,14,0,0,1,1,1,1785462591
2026-07-31T01:51:35Z,980,9,2,10,2,0,1,1,1,1785462421
2026-07-31T01:51:35Z,981,0,0,20,1,0,1,1,1,1785462156
2026-07-31T01:51:35Z,982,3,1,14,2,0,1,1,1,1785461941
2026-07-31T01:51:35Z,983,1,1,21,1,0,1,1,1,1785462330
2026-07-31T01:51:35Z,984,6,0,17,0,0,1,1,1,1785461420
2026-07-31T01:51:35Z,985,23,0,8,0,0,1,1,1,1785462616
2026-07-31T01:51:35Z,986,2,0,17,0,0,1,1,1,1785461936
2026-07-31T01:51:35Z,987,5,0,17,1,0,1,1,1,1785462448
2026-07-31T01:51:35Z,988,6,2,12,1,0,1,1,1,1785462077
2026-07-31T01:51:35Z,989,8,4,11,0,0,1,1,1,1785461077
2026-07-31T01:51:35Z,990,13,1,0,2,0,1,1,1,1785462165
2026-07-31T01:51:35Z,991,8,0,10,1,0,1,1,1,1785461888
2026-07-31T01:51:35Z,992,9,6,13,1,0,1,1,1,1785462640
2026-07-31T01:51:35Z,993,0,0,27,0,0,1,1,1,1785461454
2026-07-31T01:51:35Z,994,3,0,18,0,0,1,1,1,1785462268
2026-07-31T01:51:35Z,995,7,0,20,0,0,1,1,1,1785462059
2026-07-31T01:51:35Z,996,9,1,14,0,0,1,1,1,1785461876
2026-07-31T01:51:35Z,997,10,4,11,2,0,1,1,1,1785462596
2026-07-31T01:51:35Z,998,4,2,18,1,0,1,1,1,1785462200
2026-07-31T01:51:35Z,999,4,2,15,1,1,1,1,1,1785461998
2026-07-31T01:51:35Z,1000,4,2,17,0,0,1,1,1,1785460969
2026-07-31T01:51:35Z,1001,1,0,26,0,0,1,1,1,1785462201
2026-07-31T01:51:35Z,1002,0,0,27,4,0,1,1,1,1785462171
2026-07-31T01:51:35Z,1003,0,0,22,1,0,1,1,1,1785461853
2026-07-31T01:51:35Z,1004,5,1,18,0,0,1,1,1,1785461288
2026-07-31T01:51:35Z,1005,20,1,3,0,0,1,1,1,1785462040
2026-07-31T01:51:35Z,1006,7,4,11,1,0,1,1,1,1785461892
2026-07-31T01:51:35Z,1007,5,2,16,0,0,1,1,1,1785461521
2026-07-31T01:51:35Z,1008,6,5,15,2,0,1,1,1,1785460995
2026-07-31T01:51:35Z,1009,21,4,8,2,0,1,1,1,1785462579
2026-07-31T01:51:35Z,1010,7,2,20,0,0,1,1,1,1785461686
2026-07-31T01:51:35Z,1011,7,1,10,2,0,1,1,1,1785462271
2026-07-31T01:51:35Z,1012,4,3,18,1,0,1,1,1,1785461806
2026-07-31T01:51:35Z,1013,4,1,18,1,0,1,1,1,1785462425
2026-07-31T01:51:35Z,1014,8,3,13,2,0,1,1,1,1785462317
2026-07-31T01:51:35Z,1015,4,3,25,2,0,1,1,1,1785462543
2026-07-31T01:51:35Z,1016,10,5,21,0,0,1,1,1,1785461610
2026-07-31T01:51:35Z,1017,14,5,7,0,0,1,1,1,1785461217
2026-07-31T01:51:35Z,1018,8,2,14,0,0,1,1,1,1785461896
2026-07-31T01:51:35Z,1019,7,5,8,0,0,1,1,1,1785461865
2026-07-31T01:51:35Z,1020,18,3,3,0,0,1,1,1,1785461094
2026-07-31T01:51:35Z,1021,9,3,5,1,0,1,1,1,1785462671
2026-07-31T01:51:35Z,1022,14,0,13,0,0,1,1,1,1785461960
2026-07-31T01:51:35Z,1023,12,1,10,1,0,1,1,1,1785461623
2026-07-31T01:51:35Z,1024,6,3,13,0,0,1,1,1,1785462649
2026-07-31T01:51:35Z,1025,4,0,14,0,1,1,1,1,1785461919
2026-07-31T01:51:35Z,1026,8,4,18,5,0,1,1,1,1785461034
2026-07-31T01:51:35Z,1028,2,0,20,1,0,1,1,1,1785461986
2026-07-31T01:51:35Z,1029,11,10,4,0,0,1,1,1,1785461143
2026-07-31T01:51:35Z,1030,13,5,10,0,0,1,1,1,1785462658
2026-07-31T01:51:35Z,1031,10,0,9,0,0,1,1,1,1785461247
2026-07-31T01:51:35Z,1032,7,1,12,0,0,1,1,1,1785461906
2026-07-31T01:51:35Z,1033,8,5,10,1,0,1,1,1,1785460896
2026-07-31T01:51:35Z,1034,1,0,14,0,0,1,1,1,1785461949
2026-07-31T01:51:35Z,1035,1,0,17,1,0,1,1,1,1785462642
2026-07-31T01:51:35Z,1036,14,0,1,0,0,1,1,1,1785462571
2026-07-31T01:51:35Z,1037,4,1,14,1,0,1,1,1,1785462179
2026-07-31T01:51:35Z,1038,3,1,11,1,0,1,1,1,1785461648
2026-07-31T01:51:35Z,1039,4,2,15,0,0,1,1,1,1785462062
2026-07-31T01:51:35Z,1040,9,4,9,1,0,1,1,1,1785461936
2026-07-31T01:51:35Z,1041,9,2,9,1,0,1,1,1,1785462588
2026-07-31T01:51:35Z,1042,11,0,2,2,0,1,1,1,1785461915
2026-07-31T01:51:35Z,1043,9,0,7,3,0,1,1,1,1785461976
2026-07-31T01:51:35Z,1044,2,1,13,0,0,1,1,1,1785461699
2026-07-31T01:51:35Z,1045,10,0,9,0,0,1,1,1,1785461895
2026-07-31T01:51:35Z,1046,8,0,7,0,0,1,1,1,1785461328
2026-07-31T01:51:35Z,1047,4,0,17,0,0,1,1,1,1785462644
2026-07-31T01:51:35Z,1048,7,1,12,0,0,1,1,1,1785462362
2026-07-31T01:51:35Z,1049,3,0,18,0,0,1,1,1,1785461900
2026-07-31T01:51:35Z,1050,19,4,2,0,0,1,1,1,1785461910
2026-07-31T01:51:35Z,1051,6,2,15,0,0,1,1,1,1785461092
2026-07-31T01:51:35Z,1052,17,2,5,0,0,1,1,1,1785461712
2026-07-31T01:51:35Z,1053,2,1,13,0,0,1,1,1,1785461825
2026-07-31T01:51:35Z,1054,14,1,1,0,0,1,1,1,1785462068
2026-07-31T01:51:35Z,1055,7,2,12,0,0,1,1,1,1785462034
2026-07-31T01:51:35Z,1057,6,0,13,0,0,1,1,1,1785462472
2026-07-31T01:51:35Z,1058,56,3,0,0,0,1,1,1,1785462666
2026-07-31T01:51:35Z,1059,1,0,16,2,0,1,1,1,1785461958
2026-07-31T01:51:35Z,1060,5,2,32,0,0,1,1,1,1785462529
2026-07-31T01:51:35Z,1061,37,6,0,0,0,1,1,1,1785462569
2026-07-31T01:51:35Z,1062,17,1,0,0,0,1,1,1,1785462456
2026-07-31T01:51:35Z,1063,12,1,6,1,0,1,1,1,1785461950
2026-07-31T01:51:35Z,1064,6,2,16,1,0,1,1,1,1785462233
2026-07-31T01:51:35Z,1065,15,3,8,0,0,1,1,1,1785462489
2026-07-31T01:51:35Z,1066,11,2,12,0,0,1,1,1,1785462319
2026-07-31T01:51:35Z,1067,7,1,15,1,0,1,1,1,1785462582
2026-07-31T01:51:35Z,1068,8,2,13,2,0,1,1,1,1785462045
2026-07-31T01:51:35Z,1069,12,3,11,0,0,1,1,1,1785462124
2026-07-31T01:51:35Z,1070,11,2,12,0,0,1,1,1,1785462219
2026-07-31T01:51:35Z,1071,7,4,16,0,0,1,1,1,1785462258
2026-07-31T01:51:35Z,1072,11,1,11,1,0,1,1,1,1785462574
2026-07-31T01:51:35Z,1073,18,6,7,2,0,1,1,1,1785462647
2026-07-31T01:51:35Z,1074,51,0,1,1,0,1,1,1,1785462693
2026-07-31T01:51:35Z,1075,9,8,12,0,0,1,1,1,1785461627
2026-07-31T01:51:35Z,1076,12,10,9,0,0,1,1,1,1785461217
2026-07-31T01:51:35Z,1077,8,5,13,0,0,1,1,1,1785461834
2026-07-31T01:51:35Z,1078,13,10,8,0,0,1,1,1,1785461104
2026-07-31T01:51:35Z,1079,11,8,10,0,0,1,1,1,1785461743
2026-07-31T01:51:35Z,1080,10,8,10,1,0,1,1,1,1785462337
2026-07-31T01:51:35Z,1081,14,9,5,0,0,1,1,1,1785460954
2026-07-31T01:51:35Z,1082,4,4,4,0,0,1,1,1,1785462331
2026-07-31T01:51:35Z,1083,12,10,9,0,0,1,1,1,1785461994
2026-07-31T01:51:35Z,1084,8,7,13,0,0,1,1,1,1785461626
2026-07-31T01:51:35Z,1085,10,10,11,0,0,1,1,1,1785461217
2026-07-31T01:51:35Z,1086,8,7,12,1,0,1,1,1,1785461942
2026-07-31T01:51:35Z,1087,8,7,7,0,0,1,1,1,1785461206
2026-07-31T01:51:35Z,1088,10,7,5,0,0,1,1,1,1785461956
2026-07-31T01:51:35Z,1089,6,4,9,0,0,1,1,1,1785462330
2026-07-31T01:51:35Z,1090,8,7,7,0,0,1,1,1,1785461040
2026-07-31T01:51:35Z,1091,12,7,3,0,0,1,1,1,1785460949
2026-07-31T01:51:35Z,1092,8,8,6,1,0,1,1,1,1785462308
2026-07-31T01:51:35Z,1093,7,6,8,0,0,1,1,1,1785462678
2026-07-31T01:51:35Z,1094,10,8,8,1,0,1,1,1,1785461909
2026-07-31T01:51:35Z,1095,9,8,6,0,0,1,1,1,1785462639
2026-07-31T01:51:35Z,1096,5,2,13,1,0,1,1,1,1785462270
2026-07-31T01:51:35Z,1097,10,10,5,0,0,1,1,1,1785462491
2026-07-31T01:51:35Z,1098,10,8,9,0,0,1,1,1,1785462427
2026-07-31T01:51:35Z,1099,7,6,8,0,0,1,1,1,1785461742
2026-07-31T01:51:35Z,1100,6,2,23,0,0,1,1,1,1785460314
2026-07-31T01:51:35Z,1101,10,5,11,0,0,1,1,1,1785461613
2026-07-31T01:51:35Z,1102,9,4,4,0,0,1,1,1,1785460957
2026-07-31T01:51:35Z,1103,10,5,11,0,0,1,1,1,1785458054
2026-07-31T01:51:35Z,1104,10,5,11,0,0,1,1,1,1785461362
2026-07-31T01:51:35Z,1105,7,3,6,0,0,1,1,1,1785462664
2026-07-31T01:51:35Z,1106,13,7,8,0,0,1,1,1,1785461698
2026-07-31T01:51:35Z,1107,9,5,6,0,0,1,1,1,1785462041
2026-07-31T01:51:35Z,1108,7,3,17,3,0,1,1,1,1785462442
2026-07-31T01:51:35Z,1109,7,3,8,0,0,1,1,1,1785462005
2026-07-31T01:51:35Z,1110,8,0,13,0,0,1,1,1,1785461241
2026-07-31T01:51:35Z,1111,3,0,18,0,0,1,1,1,1785462690
2026-07-31T01:51:35Z,1112,43,1,10,0,0,1,1,1,1785461957
2026-07-31T01:51:35Z,1113,0,0,21,0,0,1,1,1,1785461231
2026-07-31T01:51:35Z,1115,20,7,2,1,0,1,1,1,1785462384
2026-07-31T01:51:35Z,1116,4,1,15,0,0,1,1,1,1785461922
2026-07-31T01:51:35Z,1117,0,0,23,0,0,1,1,1,1785462272
2026-07-31T01:51:35Z,1118,16,2,4,1,0,1,1,1,1785462284
2026-07-31T01:51:35Z,1119,10,1,6,1,0,1,1,1,1785462404
2026-07-31T01:51:35Z,1120,9,0,9,1,0,1,1,1,1785461971
2026-07-31T01:51:35Z,1121,3,3,16,2,0,1,1,1,1785462415
2026-07-31T01:51:35Z,1122,16,10,3,2,0,1,1,1,1785462525
2026-07-31T01:51:35Z,1123,0,0,21,2,0,1,1,1,1785461556
2026-07-31T01:51:35Z,1124,9,1,1,5,0,1,1,1,1785462502
2026-07-31T01:51:35Z,1125,14,1,9,0,0,1,1,1,1785462248
2026-07-31T01:51:35Z,1126,6,1,13,2,0,1,1,1,1785462412
2026-07-31T01:51:35Z,1127,11,0,7,1,0,1,1,1,1785462524
2026-07-31T01:51:35Z,1128,13,0,2,0,0,1,1,1,1785462466
2026-07-31T01:51:35Z,1129,3,1,17,1,0,1,1,1,1785462468
2026-07-31T01:51:35Z,1130,4,0,11,0,0,1,1,1,1785462287
2026-07-31T01:51:35Z,1131,1,0,47,1,0,1,1,1,1785462681
2026-07-31T01:51:35Z,1132,14,6,6,1,0,1,1,1,1785461546
2026-07-31T01:51:35Z,1133,6,4,13,2,0,1,1,1,1785462656
2026-07-31T01:51:35Z,1134,10,6,9,0,0,1,1,1,1785462420
2026-07-31T01:51:35Z,1135,10,5,11,0,0,1,1,1,1785461505
2026-07-31T01:51:35Z,1136,23,0,0,0,0,1,1,1,1785462380
2026-07-31T01:51:35Z,1137,8,0,7,0,0,1,1,1,1785461870
2026-07-31T01:51:35Z,1138,11,2,8,0,0,1,1,1,1785461886
2026-07-31T01:51:35Z,1139,9,2,10,2,0,1,1,1,1785462387
2026-07-31T01:51:35Z,1140,22,3,0,1,0,1,1,1,1785462200
2026-07-31T01:51:35Z,1141,2,1,18,1,0,1,1,1,1785462491
2026-07-31T01:51:35Z,1142,21,1,0,0,0,1,1,1,1785462611
2026-07-31T01:51:35Z,1143,9,1,19,1,0,1,1,1,1785462594
2026-07-31T01:51:35Z,1144,8,4,11,2,0,1,1,1,1785462554
2026-07-31T01:51:35Z,1145,12,6,8,1,0,1,1,1,1785462280
2026-07-31T01:51:35Z,1146,5,0,13,1,0,1,1,1,1785462652
2026-07-31T01:51:35Z,1147,5,1,14,0,0,1,1,1,1785461850
2026-07-31T01:51:35Z,1148,9,1,22,0,0,1,1,1,1785462509
2026-07-31T01:51:35Z,1149,6,6,19,0,0,1,1,1,1785462401
2026-07-31T01:51:35Z,1150,7,0,12,0,0,1,1,1,1785462489
2026-07-31T01:51:35Z,1151,4,0,17,0,0,1,1,1,1785462560
2026-07-31T01:51:35Z,1152,9,1,20,0,0,1,1,1,1785462588
2026-07-31T01:51:35Z,1153,13,1,9,1,0,1,1,1,1785462646
2026-07-31T01:51:35Z,1154,13,1,6,0,0,1,1,1,1785461960
2026-07-31T01:51:35Z,1155,6,3,14,1,0,1,1,1,1785462617
2026-07-31T01:51:35Z,1158,4,1,15,0,0,1,1,1,1785461816
2026-07-31T01:51:35Z,1159,10,0,9,0,0,1,1,1,1785462169
2026-07-31T01:51:35Z,1160,7,1,11,1,0,1,1,1,1785461878
2026-07-31T01:51:35Z,1161,4,0,14,1,0,1,1,1,1785462601
2026-07-31T01:51:35Z,1162,0,0,19,0,0,1,1,1,1785462554
2026-07-31T01:51:35Z,1163,1,1,17,1,0,1,1,1,1785461933
2026-07-31T01:51:35Z,1164,4,1,15,0,0,1,1,1,1785461992
2026-07-31T01:51:35Z,1165,8,1,13,0,0,1,1,1,1785460896
2026-07-31T01:51:35Z,1166,6,2,14,1,0,1,1,1,1785462216
2026-07-31T01:51:35Z,1167,4,0,11,0,0,1,1,1,1785461728
2026-07-31T01:51:35Z,1168,2,1,21,0,0,1,1,1,1785462216
2026-07-31T01:51:35Z,1169,3,0,15,1,0,1,1,1,1785461839
2026-07-31T01:51:35Z,1170,6,0,14,1,0,1,1,1,1785462194
2026-07-31T01:51:35Z,1171,8,7,14,1,0,1,1,1,1785461838
2026-07-31T01:51:35Z,1172,7,1,6,2,0,1,1,1,1785462130
2026-07-31T01:51:35Z,1173,9,2,10,0,0,1,1,1,1785462080
2026-07-31T01:51:35Z,1174,7,3,8,0,0,1,1,1,1785462631
2026-07-31T01:51:35Z,1175,7,3,12,0,0,1,1,1,1785456851
2026-07-31T01:51:35Z,1176,19,1,2,0,0,1,1,1,1785461275
2026-07-31T01:51:35Z,1177,2,1,19,0,0,1,1,1,1785461308
2026-07-31T01:51:35Z,1178,1,0,14,0,0,1,1,1,1785461793
2026-07-31T01:51:35Z,1181,11,2,3,1,0,1,1,1,1785462591
2026-07-31T01:51:35Z,1182,1,1,18,1,0,1,1,1,1785462661
2026-07-31T01:51:35Z,1183,0,0,43,2,0,1,1,1,1785462218
2026-07-31T01:51:35Z,1184,5,1,15,1,0,1,1,1,1785462640
2026-07-31T01:51:35Z,1185,10,5,11,0,0,1,1,1,1785461303
2026-07-31T01:51:35Z,1186,9,5,10,0,0,1,1,1,1785462349
2026-07-31T01:51:35Z,1187,11,6,9,1,0,1,1,1,1785460969
2026-07-31T01:51:35Z,1188,9,3,6,0,0,1,1,1,1785462054
2026-07-31T01:51:35Z,1189,10,5,9,0,0,1,1,1,1785462104
2026-07-31T01:51:35Z,1190,10,5,11,0,0,1,1,1,1785461483
2026-07-31T01:51:35Z,1191,10,5,5,0,0,1,1,1,1785462059
2026-07-31T01:51:35Z,1192,11,7,10,0,0,1,1,1,1785461851
2026-07-31T01:51:35Z,1193,6,4,5,2,0,1,1,1,1785461156
2026-07-31T01:51:35Z,1197,9,6,7,1,0,1,1,1,1785461026
2026-07-31T01:51:35Z,1198,14,4,5,2,0,1,1,1,1785462379
2026-07-31T01:51:35Z,1199,2,0,17,0,0,1,1,1,1785462404
2026-07-31T01:51:35Z,1200,11,5,4,0,0,1,1,1,1785462097
2026-07-31T01:51:35Z,1201,9,4,6,0,0,1,1,1,1785462074
2026-07-31T01:51:35Z,1202,10,5,5,0,0,1,1,1,1785462169
2026-07-31T01:51:35Z,1203,9,5,6,0,0,1,1,1,1785462064
2026-07-31T01:51:35Z,1204,7,3,11,1,0,1,1,1,1785461784
2026-07-31T01:51:35Z,1206,11,5,10,0,0,1,1,1,1785460987
2026-07-31T01:51:35Z,1207,10,5,5,0,0,1,1,1,1785462383
2026-07-31T01:51:35Z,1208,7,2,11,1,0,1,1,1,1785462266
2026-07-31T01:51:35Z,1216,7,0,13,1,0,1,1,1,1785461223
2026-07-31T01:51:35Z,1218,5,0,16,0,0,1,1,1,1785461618
2026-07-31T01:51:35Z,1219,7,2,7,1,0,1,1,1,1785461524
2026-07-31T01:51:35Z,1220,14,7,4,1,0,1,1,1,1785461555
2026-07-31T01:51:35Z,1221,2,2,19,0,0,1,1,1,1785461499
2026-07-31T01:51:35Z,1222,17,1,12,0,0,1,1,1,1785462621
2026-07-31T01:51:35Z,1223,18,2,9,2,0,1,1,1,1785461593
2026-07-31T01:51:35Z,1226,0,0,3,0,0,0,1,1,1781868931
2026-07-31T01:51:35Z,1227,14,1,11,0,0,1,1,1,1785462524
2026-07-31T01:51:35Z,1228,17,3,11,1,0,1,1,1,1785462594
2026-07-31T01:51:35Z,1229,45,2,0,0,0,1,1,1,1785462610
2026-07-31T01:56:36Z,1,1,1,22,0,0,1,1,1,1785461699
2026-07-31T01:56:36Z,2,24,2,1,2,0,1,1,1,1785462916
2026-07-31T01:56:36Z,3,3,2,10,1,0,1,1,1,1785462767
2026-07-31T01:56:36Z,4,20,0,1,1,0,1,1,1,1785462962
2026-07-31T01:56:36Z,5,6,1,17,0,0,1,1,1,1785460644
2026-07-31T01:56:36Z,6,2,0,13,0,0,1,1,1,1785462965
2026-07-31T01:56:36Z,7,3,0,36,0,0,1,1,1,1785462715
2026-07-31T01:56:36Z,8,4,2,39,0,0,1,1,1,1785462939
2026-07-31T01:56:36Z,9,0,0,20,3,0,1,1,1,1785462621
2026-07-31T01:56:36Z,10,2,1,19,2,0,1,1,1,1785462445
2026-07-31T01:56:36Z,11,4,1,14,1,0,1,1,1,1785462321
2026-07-31T01:56:36Z,12,0,0,23,0,0,1,1,1,1785461462
2026-07-31T01:56:36Z,13,22,4,8,0,0,1,1,1,1785462636
2026-07-31T01:56:36Z,14,14,0,28,0,1,1,1,1,1785462965
2026-07-31T01:56:36Z,15,2,0,13,0,0,1,1,1,1785461435
2026-07-31T01:56:36Z,16,10,0,14,2,1,1,1,1,1785462757
2026-07-31T01:56:36Z,17,26,3,0,1,0,1,1,1,1785462954
2026-07-31T01:56:36Z,18,13,0,3,2,0,1,1,1,1785462941
2026-07-31T01:56:36Z,19,18,0,8,1,0,1,1,1,1785462584
2026-07-31T01:56:36Z,20,30,6,5,0,0,1,1,1,1785462721
2026-07-31T01:56:36Z,21,16,1,3,0,0,1,1,1,1785462864
2026-07-31T01:56:36Z,22,62,0,1,2,0,1,1,1,1785462607
2026-07-31T01:56:36Z,23,16,3,15,0,0,1,1,1,1785462762
2026-07-31T01:56:36Z,24,6,2,3,2,0,1,1,1,1785462977
2026-07-31T01:56:36Z,25,74,0,3,4,0,1,1,1,1785462940
2026-07-31T01:56:36Z,26,1,1,26,0,0,1,1,1,1785462157
2026-07-31T01:56:36Z,28,3,0,12,0,0,1,1,1,1785462979
2026-07-31T01:56:36Z,30,19,0,9,1,0,1,1,1,1785462943
2026-07-31T01:56:36Z,31,0,0,17,2,0,1,1,1,1785462924
2026-07-31T01:56:36Z,32,19,3,8,0,0,1,1,1,1785462979
2026-07-31T01:56:36Z,34,28,1,9,0,0,1,1,1,1785462849
2026-07-31T01:56:36Z,35,47,1,0,0,0,1,1,1,1785462909
2026-07-31T01:56:36Z,36,0,0,0,0,0,0,1,1,86400
2026-07-31T01:56:36Z,37,10,2,13,0,0,1,1,1,1785462889
2026-07-31T01:56:36Z,38,4,0,19,0,0,1,1,1,1785462269
2026-07-31T01:56:36Z,39,20,2,19,0,0,1,1,1,1785462677
2026-07-31T01:56:36Z,40,6,0,13,2,0,1,1,1,1785462928
2026-07-31T01:56:36Z,41,0,0,42,1,0,1,1,1,1785460910
2026-07-31T01:56:36Z,42,28,8,3,0,0,1,1,1,1785462669
2026-07-31T01:56:36Z,43,1,0,22,0,0,1,1,1,1785461906
2026-07-31T01:56:36Z,45,4,1,24,1,0,1,1,1,1785462466
2026-07-31T01:56:36Z,46,0,0,31,0,0,1,1,1,1785462003
2026-07-31T01:56:36Z,47,11,0,3,1,0,1,1,1,1785462035
2026-07-31T01:56:36Z,48,13,0,14,0,0,1,1,1,1785462940
2026-07-31T01:56:36Z,49,2,0,17,4,0,1,1,1,1785462984
2026-07-31T01:56:36Z,50,2,2,17,0,0,1,1,1,1785462859
2026-07-31T01:56:36Z,51,75,1,1,1,0,1,1,1,1785462956
2026-07-31T01:56:36Z,52,1,0,23,3,0,1,1,1,1785462977
2026-07-31T01:56:36Z,55,1,0,22,0,0,1,1,1,1785462595
2026-07-31T01:56:36Z,56,0,0,43,0,0,1,1,1,1785462153
2026-07-31T01:56:36Z,57,0,0,27,0,0,1,1,1,1785461534
2026-07-31T01:56:36Z,58,0,0,28,0,0,1,1,1,1785462175
2026-07-31T01:56:36Z,59,0,0,25,2,0,1,1,1,1785462912
2026-07-31T01:56:36Z,61,7,0,32,0,0,1,1,1,1785462942
2026-07-31T01:56:36Z,62,5,5,43,1,0,1,1,1,1785462916
2026-07-31T01:56:36Z,63,5,3,14,0,0,1,1,1,1785462913
2026-07-31T01:56:36Z,64,15,0,0,4,0,1,1,1,1785461128
2026-07-31T01:56:36Z,65,14,5,4,1,0,1,1,1,1785461746
2026-07-31T01:56:36Z,67,4,0,35,0,0,1,1,1,1785462159
2026-07-31T01:56:36Z,68,0,0,37,0,0,1,1,1,1785462875
2026-07-31T01:56:36Z,69,6,2,7,2,0,1,1,1,1785462698
2026-07-31T01:56:36Z,71,0,0,26,1,0,1,1,1,1785462707
2026-07-31T01:56:36Z,72,9,4,20,2,0,1,1,1,1785462878
2026-07-31T01:56:36Z,73,1,0,30,0,0,1,1,1,1785462776
2026-07-31T01:56:36Z,74,9,4,10,0,0,1,1,1,1785462003
2026-07-31T01:56:36Z,75,0,0,30,2,0,1,1,1,1785461328
2026-07-31T01:56:36Z,76,2,1,16,1,0,1,1,1,1785462984
2026-07-31T01:56:36Z,77,5,0,21,1,0,1,1,1,1785462555
2026-07-31T01:56:36Z,78,2,1,21,0,0,1,1,1,1785461318
2026-07-31T01:56:36Z,79,12,2,4,1,0,1,1,1,1785462983
2026-07-31T01:56:36Z,80,1,0,19,3,0,1,1,1,1785462753
2026-07-31T01:56:36Z,81,2,0,29,0,0,1,1,1,1785462899
2026-07-31T01:56:36Z,82,1,1,22,0,0,1,1,1,1785462564
2026-07-31T01:56:36Z,83,5,4,27,2,0,1,1,1,1785462750
2026-07-31T01:56:36Z,84,3,3,24,0,0,1,1,1,1785462435
2026-07-31T01:56:36Z,85,2,0,13,0,0,1,1,1,1785461573
2026-07-31T01:56:36Z,86,3,0,23,1,0,1,1,1,1785462509
2026-07-31T01:56:36Z,87,6,0,13,0,0,1,1,1,1785461618
2026-07-31T01:56:36Z,88,2,1,40,1,0,1,1,1,1785462803
2026-07-31T01:56:36Z,89,29,2,6,0,0,1,1,1,1785461225
2026-07-31T01:56:36Z,90,1,0,15,2,0,1,1,1,1785462626
2026-07-31T01:56:36Z,91,6,0,10,1,0,1,1,1,1785462702
2026-07-31T01:56:36Z,92,12,1,5,2,0,1,1,1,1785462726
2026-07-31T01:56:36Z,93,22,1,1,0,0,1,1,1,1785462979
2026-07-31T01:56:36Z,94,18,0,0,1,0,1,1,1,1785462961
2026-07-31T01:56:36Z,95,0,0,33,1,1,1,1,1,1785462981
2026-07-31T01:56:36Z,96,1,0,29,1,0,1,1,1,1785462900
2026-07-31T01:56:36Z,97,16,1,0,1,0,1,1,1,1785462860
2026-07-31T01:56:36Z,98,29,7,4,2,0,1,1,1,1785462947
2026-07-31T01:56:36Z,99,15,0,0,0,0,1,1,1,1785462190
2026-07-31T01:56:36Z,100,27,1,0,0,0,1,1,1,1785462870
2026-07-31T01:56:36Z,101,14,0,0,1,0,1,1,1,1785461956
2026-07-31T01:56:36Z,102,22,0,0,1,0,1,1,1,1785462856
2026-07-31T01:56:36Z,103,29,1,0,1,0,1,1,1,1785462814
2026-07-31T01:56:36Z,104,22,1,2,3,0,1,1,1,1785462978
2026-07-31T01:56:36Z,105,17,1,2,0,0,1,1,1,1785462527
2026-07-31T01:56:36Z,106,0,0,21,0,0,1,1,1,1785462637
2026-07-31T01:56:36Z,107,27,0,10,0,0,1,1,1,1785462972
2026-07-31T01:56:36Z,108,34,1,0,1,0,1,1,1,1785462899
2026-07-31T01:56:36Z,109,23,0,0,0,0,1,1,1,1785462766
2026-07-31T01:56:36Z,110,22,1,1,0,0,1,1,1,1785462941
2026-07-31T01:56:36Z,111,0,0,36,0,0,1,1,1,1785462222
2026-07-31T01:56:36Z,112,13,0,1,1,0,1,1,1,1785462826
2026-07-31T01:56:36Z,113,17,3,1,1,0,1,1,1,1785462695
2026-07-31T01:56:36Z,114,2,2,27,1,1,1,1,1,1785462982
2026-07-31T01:56:36Z,115,5,2,20,3,0,1,1,1,1785462468
2026-07-31T01:56:36Z,116,6,4,19,2,0,1,1,1,1785462727
2026-07-31T01:56:36Z,118,19,11,0,4,0,1,1,1,1785462727
2026-07-31T01:56:36Z,119,24,3,11,3,0,1,1,1,1785462960
2026-07-31T01:56:36Z,120,8,1,18,1,0,1,1,1,1785462411
2026-07-31T01:56:36Z,121,17,2,1,0,1,1,1,1,1785462806
2026-07-31T01:56:36Z,122,0,0,21,0,0,1,1,1,1785462112
2026-07-31T01:56:36Z,123,18,2,29,0,0,1,1,1,1785461520
2026-07-31T01:56:36Z,124,16,5,18,1,0,1,1,1,1785462963
2026-07-31T01:56:36Z,125,7,0,15,1,0,1,1,1,1785462965
2026-07-31T01:56:36Z,126,8,1,23,0,0,1,1,1,1785460630
2026-07-31T01:56:36Z,127,5,2,29,1,0,1,1,1,1785462862
2026-07-31T01:56:36Z,128,11,8,7,1,0,1,1,1,1785462882
2026-07-31T01:56:36Z,129,3,2,15,1,0,1,1,1,1785462733
2026-07-31T01:56:36Z,130,5,0,12,0,0,1,1,1,1785462499
2026-07-31T01:56:36Z,131,3,2,6,2,0,1,1,1,1785460824
2026-07-31T01:56:36Z,132,3,2,11,0,1,1,1,1,1785462735
2026-07-31T01:56:36Z,134,6,6,15,2,0,1,1,1,1785462957
2026-07-31T01:56:36Z,135,6,0,13,0,0,1,1,1,1785462414
2026-07-31T01:56:36Z,136,23,4,0,0,0,1,1,1,1785462340
2026-07-31T01:56:36Z,137,3,0,16,0,0,1,1,1,1785462689
2026-07-31T01:56:36Z,138,26,4,11,0,0,1,1,1,1785462945
2026-07-31T01:56:36Z,139,15,4,2,2,0,1,1,1,1785462849
2026-07-31T01:56:36Z,140,10,6,11,2,0,1,1,1,1785462980
2026-07-31T01:56:36Z,141,9,3,27,0,0,1,1,1,1785462892
2026-07-31T01:56:36Z,142,1,1,22,0,0,1,1,1,1785461019
2026-07-31T01:56:36Z,143,11,0,20,0,0,1,1,1,1785462555
2026-07-31T01:56:36Z,144,18,4,9,0,0,1,1,1,1785462263
2026-07-31T01:56:36Z,145,13,5,15,1,0,1,1,1,1785462919
2026-07-31T01:56:36Z,146,20,1,2,1,0,1,1,1,1785462941
2026-07-31T01:56:36Z,147,13,3,4,2,0,1,1,1,1785462970
2026-07-31T01:56:36Z,148,27,13,0,0,0,1,1,1,1785462742
2026-07-31T01:56:36Z,149,4,1,23,0,0,1,1,1,1785461787
2026-07-31T01:56:36Z,150,20,7,13,2,0,1,1,1,1785462876
2026-07-31T01:56:36Z,151,7,4,15,1,0,1,1,1,1785462726
2026-07-31T01:56:36Z,152,2,2,21,4,0,1,1,1,1785462826
2026-07-31T01:56:36Z,153,23,1,1,7,0,1,1,1,1785462978
2026-07-31T01:56:36Z,154,3,1,14,6,0,1,1,1,1785462947
2026-07-31T01:56:36Z,155,13,5,0,1,0,1,1,1,1785462891
2026-07-31T01:56:36Z,156,14,3,5,0,0,1,1,1,1785462681
2026-07-31T01:56:36Z,157,5,0,20,2,0,1,1,1,1785462781
2026-07-31T01:56:36Z,158,3,0,13,0,0,1,1,1,1785462950
2026-07-31T01:56:36Z,159,0,0,19,0,0,1,1,1,1785461672
2026-07-31T01:56:36Z,160,13,5,6,0,0,1,1,1,1785462770
2026-07-31T01:56:36Z,161,2,1,19,1,0,1,1,1,1785462887
2026-07-31T01:56:36Z,162,14,10,10,3,0,1,1,1,1785462619
2026-07-31T01:56:36Z,163,19,1,11,0,1,1,1,1,1785462943
2026-07-31T01:56:36Z,164,24,4,3,0,0,1,1,1,1785462534
2026-07-31T01:56:36Z,165,22,9,8,1,0,1,1,1,1785462886
2026-07-31T01:56:36Z,166,9,6,27,3,0,1,1,1,1785462979
2026-07-31T01:56:36Z,167,16,9,6,1,0,1,1,1,1785462857
2026-07-31T01:56:36Z,168,0,0,26,1,0,1,1,1,1785462852
2026-07-31T01:56:36Z,169,8,1,13,1,1,1,1,1,1785462842
2026-07-31T01:56:36Z,170,3,2,15,1,0,1,1,1,1785462236
2026-07-31T01:56:36Z,171,9,0,2,2,0,1,1,1,1785462765
2026-07-31T01:56:36Z,173,20,1,19,0,0,1,1,1,1785462745
2026-07-31T01:56:36Z,174,6,2,17,3,0,1,1,1,1785462779
2026-07-31T01:56:36Z,175,29,2,2,0,0,1,1,1,1785462975
2026-07-31T01:56:36Z,176,10,2,2,2,1,1,1,1,1785462876
2026-07-31T01:56:36Z,177,15,11,12,0,0,1,1,1,1785462550
2026-07-31T01:56:36Z,178,4,1,8,2,1,1,1,1,1785462975
2026-07-31T01:56:36Z,179,8,6,6,1,0,1,1,1,1785462916
2026-07-31T01:56:36Z,180,30,2,0,0,0,1,1,1,1785462876
2026-07-31T01:56:36Z,181,0,0,14,1,0,1,1,1,1785461236
2026-07-31T01:56:36Z,182,4,2,13,0,0,1,1,1,1785462609
2026-07-31T01:56:36Z,183,10,3,13,0,0,1,1,1,1785462670
2026-07-31T01:56:36Z,184,13,2,8,2,0,1,1,1,1785462863
2026-07-31T01:56:36Z,185,12,1,1,1,1,1,1,1,1785462978
2026-07-31T01:56:36Z,186,1,0,18,0,0,1,1,1,1785462913
2026-07-31T01:56:36Z,187,18,0,8,2,0,1,1,1,1785462957
2026-07-31T01:56:36Z,188,18,0,1,8,0,1,1,1,1785462877
2026-07-31T01:56:36Z,189,3,0,12,0,0,1,1,1,1785462675
2026-07-31T01:56:36Z,190,3,3,20,0,0,1,1,1,1785462896
2026-07-31T01:56:36Z,191,1,0,38,0,0,1,1,1,1785461753
2026-07-31T01:56:36Z,192,11,4,18,2,0,1,1,1,1785462675
2026-07-31T01:56:36Z,193,0,0,15,0,0,1,1,1,1785462379
2026-07-31T01:56:36Z,194,2,1,24,1,0,1,1,1,1785462660
2026-07-31T01:56:36Z,195,4,3,14,1,0,1,1,1,1785462931
2026-07-31T01:56:36Z,196,6,4,18,3,0,1,1,1,1785462811
2026-07-31T01:56:36Z,197,2,2,16,0,1,1,1,1,1785462577
2026-07-31T01:56:36Z,198,16,15,6,1,0,1,1,1,1785462279
2026-07-31T01:56:36Z,199,7,7,6,2,0,1,1,1,1785462940
2026-07-31T01:56:36Z,200,3,2,23,0,0,1,1,1,1785462868
2026-07-31T01:56:36Z,201,0,0,22,1,0,1,1,1,1785461669
2026-07-31T01:56:36Z,202,10,0,17,0,0,1,1,1,1785462557
2026-07-31T01:56:36Z,203,2,0,28,1,0,1,1,1,1785462402
2026-07-31T01:56:36Z,204,6,0,25,4,0,1,1,1,1785462942
2026-07-31T01:56:36Z,205,1,0,26,0,0,1,1,1,1785462576
2026-07-31T01:56:36Z,206,5,5,10,0,0,1,1,1,1785462893
2026-07-31T01:56:36Z,207,12,0,9,0,0,1,1,1,1785462345
2026-07-31T01:56:36Z,208,6,1,22,1,0,1,1,1,1785462613
2026-07-31T01:56:36Z,209,3,1,27,2,0,1,1,1,1785462982
2026-07-31T01:56:36Z,210,2,0,25,0,0,1,1,1,1785462840
2026-07-31T01:56:36Z,211,20,4,2,1,0,1,1,1,1785462849
2026-07-31T01:56:36Z,212,23,1,11,1,0,1,1,1,1785462907
2026-07-31T01:56:36Z,213,14,1,8,1,0,1,1,1,1785462705
2026-07-31T01:56:36Z,214,5,3,35,7,0,1,1,1,1785462894
2026-07-31T01:56:36Z,215,0,0,23,0,0,1,1,1,1785462870
2026-07-31T01:56:36Z,216,2,1,16,1,0,1,1,1,1785462981
2026-07-31T01:56:36Z,217,20,0,8,1,0,1,1,1,1785462753
2026-07-31T01:56:36Z,218,21,9,13,5,0,1,1,1,1785462914
2026-07-31T01:56:36Z,219,4,0,21,1,0,1,1,1,1785462222
2026-07-31T01:56:36Z,220,14,0,26,2,1,1,1,1,1785462974
2026-07-31T01:56:36Z,221,4,3,10,1,0,1,1,1,1785462903
2026-07-31T01:56:36Z,222,15,14,3,1,0,1,1,1,1785462874
2026-07-31T01:56:36Z,223,2,0,31,2,0,1,1,1,1785462827
2026-07-31T01:56:36Z,224,15,15,7,0,0,1,1,1,1785462832
2026-07-31T01:56:36Z,225,10,1,3,6,0,1,1,1,1785462019
2026-07-31T01:56:36Z,226,6,4,25,0,0,1,1,1,1785462121
2026-07-31T01:56:36Z,227,12,12,14,0,1,1,1,1,1785462940
2026-07-31T01:56:36Z,228,5,3,13,1,0,1,1,1,1785462345
2026-07-31T01:56:36Z,230,22,5,4,0,0,1,1,1,1785462471
2026-07-31T01:56:36Z,232,6,4,10,1,0,1,1,1,1785462701
2026-07-31T01:56:36Z,233,22,9,8,1,0,1,1,1,1785462935
2026-07-31T01:56:36Z,234,2,1,12,4,1,1,1,1,1785462918
2026-07-31T01:56:36Z,236,2,0,17,0,0,1,1,1,1785462874
2026-07-31T01:56:36Z,237,12,1,10,1,0,1,1,1,1785462934
2026-07-31T01:56:36Z,239,15,15,10,2,0,1,1,1,1785462884
2026-07-31T01:56:36Z,241,4,3,18,1,0,1,1,1,1785462067
2026-07-31T01:56:36Z,242,3,2,19,1,0,1,1,1,1785462809
2026-07-31T01:56:36Z,243,4,1,25,2,0,1,1,1,1785462946
2026-07-31T01:56:36Z,244,3,0,23,1,0,1,1,1,1785462983
2026-07-31T01:56:36Z,245,9,8,14,0,0,1,1,1,1785462965
2026-07-31T01:56:36Z,246,2,1,21,0,0,1,1,1,1785461153
2026-07-31T01:56:36Z,247,12,9,11,0,0,1,1,1,1785462623
2026-07-31T01:56:36Z,248,2,2,19,2,0,1,1,1,1785462645
2026-07-31T01:56:36Z,249,10,5,9,0,0,1,1,1,1785462462
2026-07-31T01:56:36Z,250,1,1,25,1,0,1,1,1,1785461539
2026-07-31T01:56:36Z,251,4,4,17,6,0,1,1,1,1785462980
2026-07-31T01:56:36Z,253,3,2,15,1,0,1,1,1,1785462579
2026-07-31T01:56:36Z,254,14,14,28,1,0,1,1,1,1785462875
2026-07-31T01:56:36Z,255,1,0,21,0,1,1,1,1,1785462676
2026-07-31T01:56:36Z,256,10,7,12,1,0,1,1,1,1785462843
2026-07-31T01:56:36Z,257,7,2,11,1,0,1,1,1,1785462864
2026-07-31T01:56:36Z,258,1,0,18,0,0,1,1,1,1785462371
2026-07-31T01:56:36Z,259,15,3,7,0,1,1,1,1,1785462429
2026-07-31T01:56:36Z,260,6,1,12,1,0,1,1,1,1785462699
2026-07-31T01:56:36Z,261,8,0,9,1,1,1,1,1,1785462817
2026-07-31T01:56:36Z,262,15,5,8,0,0,1,1,1,1785461877
2026-07-31T01:56:36Z,263,13,1,2,0,0,1,1,1,1785462239
2026-07-31T01:56:36Z,264,10,1,8,1,0,1,1,1,1785461309
2026-07-31T01:56:36Z,265,15,1,0,0,0,1,1,1,1785461773
2026-07-31T01:56:36Z,266,9,5,8,2,0,1,1,1,1785462604
2026-07-31T01:56:36Z,267,4,0,9,2,0,1,1,1,1785456188
2026-07-31T01:56:36Z,268,21,7,2,0,0,1,1,1,1785461197
2026-07-31T01:56:36Z,269,7,0,16,0,0,1,1,1,1785460232
2026-07-31T01:56:36Z,270,4,0,22,1,0,1,1,1,1785462850
2026-07-31T01:56:36Z,271,4,0,13,2,0,1,1,1,1785461469
2026-07-31T01:56:36Z,272,14,9,9,0,0,1,1,1,1785462929
2026-07-31T01:56:36Z,273,14,5,1,0,0,1,1,1,1785462896
2026-07-31T01:56:36Z,274,9,5,9,1,0,1,1,1,1785462770
2026-07-31T01:56:36Z,275,7,0,16,0,0,1,1,1,1785462400
2026-07-31T01:56:36Z,276,1,1,26,0,0,1,1,1,1785462644
2026-07-31T01:56:36Z,277,1,1,18,4,0,1,1,1,1785462973
2026-07-31T01:56:36Z,278,5,3,24,1,1,1,1,1,1785462937
2026-07-31T01:56:36Z,279,2,1,17,0,0,1,1,1,1785462967
2026-07-31T01:56:36Z,280,1,0,28,2,0,1,1,1,1785462968
2026-07-31T01:56:36Z,281,19,1,0,0,0,1,1,1,1785462979
2026-07-31T01:56:36Z,282,3,2,14,1,0,1,1,1,1785460217
2026-07-31T01:56:36Z,283,18,0,17,0,0,1,1,1,1785462310
2026-07-31T01:56:36Z,284,15,0,16,4,0,1,1,1,1785462717
2026-07-31T01:56:36Z,285,4,1,19,0,0,1,1,1,1785462256
2026-07-31T01:56:36Z,286,17,12,4,2,0,1,1,1,1785462258
2026-07-31T01:56:36Z,287,10,0,11,2,0,1,1,1,1785461683
2026-07-31T01:56:36Z,288,7,7,12,0,0,1,1,1,1785462861
2026-07-31T01:56:36Z,289,2,2,22,3,0,1,1,1,1785462687
2026-07-31T01:56:36Z,290,1,0,35,3,0,1,1,1,1785462667
2026-07-31T01:56:36Z,291,1,0,21,1,0,1,1,1,1785462953
2026-07-31T01:56:36Z,292,1,0,22,0,0,1,1,1,1785462760
2026-07-31T01:56:36Z,293,11,7,12,0,0,1,1,1,1785462466
2026-07-31T01:56:36Z,294,5,5,16,1,0,1,1,1,1785462906
2026-07-31T01:56:36Z,297,14,2,3,1,1,1,1,1,1785462863
2026-07-31T01:56:36Z,301,9,0,9,1,0,1,1,1,1785462383
2026-07-31T01:56:36Z,302,12,0,11,0,0,1,1,1,1785462910
2026-07-31T01:56:36Z,303,7,0,12,0,0,1,1,1,1785462575
2026-07-31T01:56:36Z,304,0,0,0,0,0,0,1,1,86400
2026-07-31T01:56:36Z,305,18,0,1,0,0,1,1,1,1785462583
2026-07-31T01:56:36Z,306,4,1,28,0,0,1,1,1,1785462530
2026-07-31T01:56:36Z,307,11,2,11,1,0,1,1,1,1785462597
2026-07-31T01:56:36Z,308,4,0,13,2,0,1,1,1,1785462894
2026-07-31T01:56:36Z,309,3,0,10,1,0,1,1,1,1785462702
2026-07-31T01:56:36Z,311,14,0,1,0,0,1,1,1,1785462190
2026-07-31T01:56:36Z,312,0,0,19,3,1,1,1,1,1785462807
2026-07-31T01:56:36Z,313,10,1,5,0,0,1,1,1,1785460471
2026-07-31T01:56:36Z,314,5,3,10,3,0,1,1,1,1785462780
2026-07-31T01:56:36Z,315,15,11,13,3,0,1,1,1,1785462381
2026-07-31T01:56:36Z,316,17,4,8,5,1,1,1,1,1785462827
2026-07-31T01:56:36Z,317,0,0,29,1,1,1,1,1,1785462948
2026-07-31T01:56:36Z,318,13,0,6,0,0,1,1,1,1785461653
2026-07-31T01:56:36Z,319,5,0,17,1,0,1,1,1,1785462751
2026-07-31T01:56:36Z,320,2,0,16,1,0,1,1,1,1785462498
2026-07-31T01:56:36Z,321,6,0,11,2,0,1,1,1,1785462514
2026-07-31T01:56:36Z,322,5,0,23,1,0,1,1,1,1785462686
2026-07-31T01:56:36Z,323,10,0,9,0,0,1,1,1,1785462884
2026-07-31T01:56:36Z,324,8,2,17,2,0,1,1,1,1785462979
2026-07-31T01:56:36Z,325,1,1,24,2,0,1,1,1,1785462714
2026-07-31T01:56:36Z,327,25,2,1,1,0,1,1,1,1785462735
2026-07-31T01:56:36Z,328,5,0,16,1,0,1,1,1,1785462870
2026-07-31T01:56:36Z,329,7,2,12,0,0,1,1,1,1785462658
2026-07-31T01:56:36Z,330,2,0,20,0,0,1,1,1,1785461717
2026-07-31T01:56:36Z,331,11,0,10,2,0,1,1,1,1785462802
2026-07-31T01:56:36Z,332,3,0,15,1,0,1,1,1,1785462489
2026-07-31T01:56:36Z,333,4,3,17,2,0,1,1,1,1785462971
2026-07-31T01:56:36Z,334,6,5,17,0,0,1,1,1,1785462983
2026-07-31T01:56:36Z,335,0,0,22,0,1,1,1,1,1785459614
2026-07-31T01:56:36Z,336,7,0,12,0,0,1,1,1,1785462123
2026-07-31T01:56:36Z,337,15,1,4,4,0,1,1,1,1785462967
2026-07-31T01:56:36Z,338,18,9,1,0,0,1,1,1,1785462887
2026-07-31T01:56:36Z,339,0,0,21,2,0,1,1,1,1785462939
2026-07-31T01:56:36Z,340,7,5,7,1,0,1,1,1,1785462667
2026-07-31T01:56:36Z,341,12,3,7,0,0,1,1,1,1785462740
2026-07-31T01:56:36Z,342,9,6,6,0,0,1,1,1,1785462900
2026-07-31T01:56:36Z,343,7,3,15,1,0,1,1,1,1785462630
2026-07-31T01:56:36Z,344,20,6,3,0,0,1,1,1,1785461821
2026-07-31T01:56:36Z,345,12,3,7,0,0,1,1,1,1785462969
2026-07-31T01:56:36Z,346,6,5,17,0,0,1,1,1,1785461972
2026-07-31T01:56:36Z,347,24,6,18,2,0,1,1,1,1785462982
2026-07-31T01:56:36Z,348,14,0,7,1,1,1,1,1,1785462907
2026-07-31T01:56:36Z,349,5,1,13,1,0,1,1,1,1785462236
2026-07-31T01:56:36Z,350,15,2,10,1,1,1,1,1,1785462743
2026-07-31T01:56:36Z,351,6,2,13,4,0,1,1,1,1785462898
2026-07-31T01:56:36Z,355,5,1,18,0,0,1,1,1,1785462807
2026-07-31T01:56:36Z,356,10,1,9,0,0,1,1,1,1785461130
2026-07-31T01:56:36Z,357,0,0,19,0,0,1,1,1,1785461771
2026-07-31T01:56:36Z,358,9,2,18,0,0,1,1,1,1785462956
2026-07-31T01:56:36Z,359,0,0,26,1,0,1,1,1,1785462802
2026-07-31T01:56:36Z,360,11,4,8,0,0,1,1,1,1785462467
2026-07-31T01:56:36Z,362,10,6,8,1,0,1,1,1,1785462414
2026-07-31T01:56:36Z,363,9,1,18,0,0,1,1,1,1785462972
2026-07-31T01:56:36Z,364,13,2,5,1,0,1,1,1,1785462512
2026-07-31T01:56:36Z,365,0,0,16,7,0,1,1,1,1785462728
2026-07-31T01:56:36Z,366,7,3,10,6,0,1,1,1,1785462697
2026-07-31T01:56:36Z,367,16,8,1,2,0,1,1,1,1785462328
2026-07-31T01:56:36Z,368,15,4,7,1,0,1,1,1,1785462865
2026-07-31T01:56:36Z,370,3,2,23,1,0,1,1,1,1785462397
2026-07-31T01:56:36Z,371,7,5,11,1,0,1,1,1,1785462916
2026-07-31T01:56:36Z,372,4,1,11,0,0,1,1,1,1785462661
2026-07-31T01:56:36Z,373,14,5,12,1,0,1,1,1,1785462829
2026-07-31T01:56:36Z,374,1,0,16,2,0,1,1,1,1785462946
2026-07-31T01:56:36Z,375,11,0,13,3,0,1,1,1,1785462628
2026-07-31T01:56:36Z,376,17,3,20,2,0,1,1,1,1785462628
2026-07-31T01:56:36Z,377,3,1,23,1,0,1,1,1,1785462465
2026-07-31T01:56:36Z,378,9,1,13,1,1,1,1,1,1785462857
2026-07-31T01:56:36Z,379,17,2,10,0,0,1,1,1,1785462904
2026-07-31T01:56:36Z,380,8,2,15,0,0,1,1,1,1785462254
2026-07-31T01:56:36Z,381,2,0,20,1,0,1,1,1,1785462914
2026-07-31T01:56:36Z,383,9,1,5,1,0,1,1,1,1785462857
2026-07-31T01:56:36Z,384,24,1,2,1,0,1,1,1,1785462914
2026-07-31T01:56:36Z,385,0,0,16,2,0,1,1,1,1785461837
2026-07-31T01:56:36Z,387,1,0,22,0,0,1,1,1,1785462569
2026-07-31T01:56:36Z,388,14,2,34,1,0,1,1,1,1785462818
2026-07-31T01:56:36Z,389,5,5,10,0,0,1,1,1,1785462951
2026-07-31T01:56:36Z,390,33,5,2,0,0,1,1,1,1785462487
2026-07-31T01:56:36Z,391,4,0,11,0,0,1,1,1,1785459616
2026-07-31T01:56:36Z,392,2,2,16,1,0,1,1,1,1785462809
2026-07-31T01:56:36Z,393,0,0,9,2,0,1,1,1,1785462018
2026-07-31T01:56:36Z,394,2,1,9,2,0,1,1,1,1785461413
2026-07-31T01:56:36Z,396,8,8,30,4,0,1,1,1,1785462863
2026-07-31T01:56:36Z,397,4,3,27,0,0,1,1,1,1785462616
2026-07-31T01:56:36Z,399,5,1,10,2,0,1,1,1,1785462778
2026-07-31T01:56:36Z,400,10,6,11,2,0,1,1,1,1785461989
2026-07-31T01:56:36Z,401,1,1,30,8,0,1,1,1,1785462134
2026-07-31T01:56:36Z,403,13,6,16,2,0,1,1,1,1785462918
2026-07-31T01:56:36Z,404,4,1,18,1,0,1,1,1,1785461857
2026-07-31T01:56:36Z,406,32,1,2,1,0,1,1,1,1785462829
2026-07-31T01:56:36Z,407,18,1,15,1,0,1,1,1,1785462908
2026-07-31T01:56:36Z,408,2,0,31,0,0,1,1,1,1785462494
2026-07-31T01:56:36Z,409,20,3,0,3,0,1,1,1,1785462539
2026-07-31T01:56:36Z,413,11,2,10,2,0,1,1,1,1785462973
2026-07-31T01:56:36Z,414,11,1,4,0,0,1,1,1,1785462982
2026-07-31T01:56:36Z,417,7,4,12,0,0,1,1,1,1785462568
2026-07-31T01:56:36Z,418,0,0,14,1,0,1,1,1,1785461078
2026-07-31T01:56:36Z,419,11,0,11,1,0,1,1,1,1785462411
2026-07-31T01:56:36Z,421,17,1,2,0,0,1,1,1,1785462569
2026-07-31T01:56:36Z,422,1,0,25,1,0,1,1,1,1785462291
2026-07-31T01:56:36Z,423,6,0,16,1,0,1,1,1,1785462884
2026-07-31T01:56:36Z,424,4,1,9,2,0,1,1,1,1785462922
2026-07-31T01:56:36Z,425,7,1,14,0,1,1,1,1,1785462787
2026-07-31T01:56:36Z,426,0,0,35,2,0,1,1,1,1785462890
2026-07-31T01:56:36Z,427,4,1,10,1,0,1,1,1,1785462844
2026-07-31T01:56:36Z,428,7,2,11,1,0,1,1,1,1785462597
2026-07-31T01:56:36Z,429,4,4,16,3,0,1,1,1,1785462976
2026-07-31T01:56:36Z,430,13,2,17,1,0,1,1,1,1785462863
2026-07-31T01:56:36Z,431,15,0,17,1,0,1,1,1,1785462601
2026-07-31T01:56:36Z,432,17,1,12,2,0,1,1,1,1785462469
2026-07-31T01:56:36Z,433,7,4,14,2,0,1,1,1,1785460941
2026-07-31T01:56:36Z,437,6,6,12,1,0,1,1,1,1785462786
2026-07-31T01:56:36Z,438,3,0,15,1,0,1,1,1,1785462785
2026-07-31T01:56:36Z,439,2,1,13,0,0,1,1,1,1785461370
2026-07-31T01:56:36Z,440,3,1,10,2,0,1,1,1,1785462290
2026-07-31T01:56:36Z,441,4,0,11,0,0,1,1,1,1785462937
2026-07-31T01:56:36Z,442,12,5,6,1,0,1,1,1,1785462063
2026-07-31T01:56:36Z,443,3,0,24,0,0,1,1,1,1785456698
2026-07-31T01:56:36Z,444,0,0,23,0,0,1,1,1,1785461950
2026-07-31T01:56:36Z,445,7,2,15,1,0,1,1,1,1785462693
2026-07-31T01:56:36Z,446,0,0,22,1,0,1,1,1,1785462921
2026-07-31T01:56:36Z,447,1,0,20,1,1,1,1,1,1785441257
2026-07-31T01:56:36Z,448,9,3,4,1,1,1,1,1,1785462980
2026-07-31T01:56:36Z,452,7,2,11,1,0,1,1,1,1785462868
2026-07-31T01:56:36Z,453,1,0,13,1,0,1,1,1,1785462938
2026-07-31T01:56:36Z,454,5,0,13,1,0,1,1,1,1785462979
2026-07-31T01:56:36Z,455,0,0,39,0,0,1,1,1,1785460394
2026-07-31T01:56:36Z,456,14,6,5,1,0,1,1,1,1785462980
2026-07-31T01:56:36Z,457,12,0,13,2,0,1,1,1,1785462961
2026-07-31T01:56:36Z,458,7,1,15,1,0,1,1,1,1785461787
2026-07-31T01:56:36Z,459,12,0,3,0,0,1,1,1,1785462189
2026-07-31T01:56:36Z,460,12,0,10,1,0,1,1,1,1785462593
2026-07-31T01:56:36Z,461,1,0,17,1,0,1,1,1,1785462030
2026-07-31T01:56:36Z,462,5,1,16,0,0,1,1,1,1785462894
2026-07-31T01:56:36Z,463,10,1,9,0,0,1,1,1,1785460840
2026-07-31T01:56:36Z,464,2,1,12,0,0,1,1,1,1785461120
2026-07-31T01:56:36Z,465,1,1,14,0,0,1,1,1,1785462134
2026-07-31T01:56:36Z,466,11,3,3,1,0,1,1,1,1785461194
2026-07-31T01:56:36Z,467,3,0,16,0,0,1,1,1,1785462157
2026-07-31T01:56:36Z,468,12,0,6,1,0,1,1,1,1785461838
2026-07-31T01:56:36Z,469,1,0,21,1,0,1,1,1,1785459683
2026-07-31T01:56:36Z,470,5,0,9,1,0,1,1,1,1785462719
2026-07-31T01:56:36Z,471,20,4,7,0,0,1,1,1,1785460217
2026-07-31T01:56:36Z,472,8,3,10,1,0,1,1,1,1785462748
2026-07-31T01:56:36Z,473,7,1,11,1,0,1,1,1,1785462601
2026-07-31T01:56:36Z,474,14,0,4,1,0,1,1,1,1785462728
2026-07-31T01:56:36Z,475,1,0,18,0,0,1,1,1,1785462351
2026-07-31T01:56:36Z,477,6,6,8,1,0,1,1,1,1785462379
2026-07-31T01:56:36Z,478,10,2,20,1,0,1,1,1,1785462806
2026-07-31T01:56:36Z,479,4,0,22,1,0,1,1,1,1785462957
2026-07-31T01:56:36Z,480,3,1,9,3,0,1,1,1,1785462800
2026-07-31T01:56:36Z,481,14,0,20,1,0,1,1,1,1785462807
2026-07-31T01:56:36Z,482,3,0,15,1,0,1,1,1,1785462573
2026-07-31T01:56:36Z,483,24,1,0,3,0,1,1,1,1785462972
2026-07-31T01:56:36Z,484,5,0,13,1,0,1,1,1,1785462981
2026-07-31T01:56:36Z,485,11,5,6,1,1,1,1,1,1785462796
2026-07-31T01:56:36Z,486,4,0,21,2,0,1,1,1,1785462719
2026-07-31T01:56:36Z,487,2,1,16,1,0,1,1,1,1785462535
2026-07-31T01:56:36Z,489,12,6,3,0,0,1,1,1,1785462713
2026-07-31T01:56:36Z,490,6,2,10,0,0,1,1,1,1785462333
2026-07-31T01:56:36Z,491,16,2,5,0,0,1,1,1,1785460667
2026-07-31T01:56:36Z,492,4,3,4,3,0,1,1,1,1785462983
2026-07-31T01:56:36Z,493,2,1,24,1,0,1,1,1,1785462775
2026-07-31T01:56:36Z,495,10,1,4,1,0,1,1,1,1785461274
2026-07-31T01:56:36Z,496,22,2,5,0,0,1,1,1,1785462911
2026-07-31T01:56:36Z,497,2,1,16,1,0,1,1,1,1785462496
2026-07-31T01:56:36Z,498,5,4,18,0,0,1,1,1,1785462966
2026-07-31T01:56:36Z,499,10,2,9,0,0,1,1,1,1785462809
2026-07-31T01:56:36Z,500,2,2,8,5,0,1,1,1,1785462799
2026-07-31T01:56:36Z,501,7,3,14,0,0,1,1,1,1785462727
2026-07-31T01:56:36Z,502,4,1,15,0,0,1,1,1,1785462463
2026-07-31T01:56:36Z,503,20,0,9,2,0,1,1,1,1785462721
2026-07-31T01:56:36Z,504,1,0,37,1,0,1,1,1,1785462691
2026-07-31T01:56:36Z,505,1,1,10,1,0,1,1,1,1785462050
2026-07-31T01:56:36Z,511,2,0,21,0,0,1,1,1,1785462946
2026-07-31T01:56:36Z,512,2,0,25,0,0,1,1,1,1785462474
2026-07-31T01:56:36Z,514,9,1,0,2,0,1,1,1,1785461392
2026-07-31T01:56:36Z,515,4,0,15,0,0,1,1,1,1785461097
2026-07-31T01:56:36Z,516,1,0,26,0,0,1,1,1,1785462983
2026-07-31T01:56:36Z,517,7,0,15,1,0,1,1,1,1785462183
2026-07-31T01:56:36Z,518,11,2,3,1,0,1,1,1,1785461496
2026-07-31T01:56:36Z,519,4,3,15,0,0,1,1,1,1785462210
2026-07-31T01:56:36Z,520,9,5,13,4,1,1,1,1,1785462984
2026-07-31T01:56:36Z,521,6,2,17,0,0,1,1,1,1785462967
2026-07-31T01:56:36Z,522,23,1,0,0,0,1,1,1,1785462434
2026-07-31T01:56:36Z,523,2,1,19,2,0,1,1,1,1785461988
2026-07-31T01:56:36Z,524,22,1,1,0,0,1,1,1,1785462976
2026-07-31T01:56:36Z,525,18,0,1,0,0,1,1,1,1785462754
2026-07-31T01:56:36Z,526,10,1,4,1,0,1,1,1,1785462021
2026-07-31T01:56:36Z,527,3,1,20,3,0,1,1,1,1785462842
2026-07-31T01:56:36Z,528,18,0,5,0,0,1,1,1,1785462284
2026-07-31T01:56:36Z,529,7,6,7,5,0,1,1,1,1785462980
2026-07-31T01:56:36Z,530,2,0,18,1,0,1,1,1,1785462856
2026-07-31T01:56:36Z,531,11,0,10,1,1,1,1,1,1785462882
2026-07-31T01:56:36Z,532,4,3,25,1,1,1,1,1,1785462684
2026-07-31T01:56:36Z,533,6,1,12,1,0,1,1,1,1785462909
2026-07-31T01:56:36Z,534,1,0,22,0,0,1,1,1,1785462526
2026-07-31T01:56:36Z,535,1,1,13,1,0,1,1,1,1785462156
2026-07-31T01:56:36Z,536,18,0,5,0,0,1,1,1,1785462846
2026-07-31T01:56:36Z,537,10,6,10,0,0,1,1,1,1785462807
2026-07-31T01:56:36Z,538,6,0,15,0,2,1,1,1,1785462901
2026-07-31T01:56:36Z,539,2,2,29,0,0,1,1,1,1785461556
2026-07-31T01:56:36Z,540,4,3,15,0,0,1,1,1,1785462189
2026-07-31T01:56:36Z,541,10,0,17,0,0,1,1,1,1785462836
2026-07-31T01:56:36Z,542,1,1,22,0,0,1,1,1,1785462964
2026-07-31T01:56:36Z,543,3,0,16,0,0,1,1,1,1785462924
2026-07-31T01:56:36Z,544,3,1,15,4,0,1,1,1,1785462521
2026-07-31T01:56:36Z,545,5,3,10,4,0,1,1,1,1785462811
2026-07-31T01:56:36Z,546,17,4,1,1,0,1,1,1,1785462478
2026-07-31T01:56:36Z,547,8,2,15,2,0,1,1,1,1785462947
2026-07-31T01:56:36Z,548,5,0,18,0,0,1,1,1,1785461902
2026-07-31T01:56:36Z,549,16,0,7,0,0,1,1,1,1785462593
2026-07-31T01:56:36Z,550,1,1,18,0,0,1,1,1,1785462719
2026-07-31T01:56:36Z,551,14,4,9,0,0,1,1,1,1785460771
2026-07-31T01:56:36Z,552,24,1,3,0,0,1,1,1,1785462561
2026-07-31T01:56:36Z,553,8,4,14,0,1,1,1,1,1785462822
2026-07-31T01:56:36Z,554,0,0,19,0,0,1,1,1,1785461514
2026-07-31T01:56:36Z,555,10,5,4,1,0,1,1,1,1785462585
2026-07-31T01:56:36Z,556,10,5,12,1,0,1,1,1,1785462973
2026-07-31T01:56:36Z,557,4,3,13,6,0,1,1,1,1785462599
2026-07-31T01:56:36Z,558,14,10,21,2,0,1,1,1,1785462932
2026-07-31T01:56:36Z,559,0,0,18,1,0,1,1,1,1785457401
2026-07-31T01:56:36Z,560,0,0,27,0,0,1,1,1,1785461304
2026-07-31T01:56:36Z,561,20,0,1,2,0,1,1,1,1785462770
2026-07-31T01:56:36Z,562,30,0,0,5,0,1,1,1,1785462811
2026-07-31T01:56:36Z,563,11,0,3,0,0,1,1,1,1785462587
2026-07-31T01:56:36Z,564,5,1,13,1,0,1,1,1,1785461541
2026-07-31T01:56:36Z,565,8,2,11,0,0,1,1,1,1785462423
2026-07-31T01:56:36Z,566,1,0,17,1,0,1,1,1,1785462750
2026-07-31T01:56:36Z,567,16,0,10,1,0,1,1,1,1785462795
2026-07-31T01:56:36Z,568,8,0,9,2,0,1,1,1,1785462371
2026-07-31T01:56:36Z,569,9,0,10,0,0,1,1,1,1785462575
2026-07-31T01:56:36Z,570,6,2,12,1,0,1,1,1,1785462977
2026-07-31T01:56:36Z,571,9,0,14,0,0,1,1,1,1785462341
2026-07-31T01:56:36Z,572,7,3,11,1,0,1,1,1,1785462928
2026-07-31T01:56:36Z,573,15,0,0,0,0,1,1,1,1785460519
2026-07-31T01:56:36Z,574,8,2,7,0,0,1,1,1,1785461770
2026-07-31T01:56:36Z,575,12,0,8,1,0,1,1,1,1785462304
2026-07-31T01:56:36Z,576,0,0,18,1,0,1,1,1,1785462179
2026-07-31T01:56:36Z,577,30,0,1,0,0,1,1,1,1785462449
2026-07-31T01:56:36Z,578,3,3,19,1,0,1,1,1,1785462890
2026-07-31T01:56:36Z,579,29,1,14,0,0,1,1,1,1785462723
2026-07-31T01:56:36Z,580,10,0,19,0,0,1,1,1,1785462258
2026-07-31T01:56:36Z,581,9,1,9,1,0,1,1,1,1785462983
2026-07-31T01:56:36Z,582,2,1,58,1,0,1,1,1,1785462934
2026-07-31T01:56:36Z,583,16,1,7,0,0,1,1,1,1785462169
2026-07-31T01:56:36Z,584,1,0,13,5,0,1,1,1,1785462343
2026-07-31T01:56:36Z,585,18,6,8,0,1,1,1,1,1785462950
2026-07-31T01:56:36Z,586,11,1,23,1,0,1,1,1,1785462907
2026-07-31T01:56:36Z,587,23,0,0,1,0,1,1,1,1785462112
2026-07-31T01:56:36Z,588,7,2,9,3,0,1,1,1,1785462712
2026-07-31T01:56:36Z,589,0,0,0,23,0,1,1,1,1785462798
2026-07-31T01:56:36Z,590,26,12,2,3,0,1,1,1,1785462984
2026-07-31T01:56:36Z,591,22,0,6,2,0,1,1,1,1785462737
2026-07-31T01:56:36Z,592,2,0,21,0,0,1,1,1,1785462822
2026-07-31T01:56:36Z,593,1,0,37,0,0,1,1,1,1785462457
2026-07-31T01:56:36Z,594,16,3,5,0,0,1,1,1,1785462924
2026-07-31T01:56:36Z,595,0,0,3,0,0,0,1,1,1784046673
2026-07-31T01:56:36Z,605,0,0,2,1,0,0,1,1,1783975843
2026-07-31T01:56:36Z,606,0,0,0,0,0,0,1,1,86400
2026-07-31T01:56:36Z,607,23,1,7,2,0,1,1,1,1785462829
2026-07-31T01:56:36Z,608,1,0,49,0,0,1,1,1,1785462021
2026-07-31T01:56:36Z,609,2,2,21,0,0,1,1,1,1785462401
2026-07-31T01:56:36Z,610,1,0,34,0,0,1,1,1,1785462737
2026-07-31T01:56:36Z,611,4,0,22,1,0,1,1,1,1785462962
2026-07-31T01:56:36Z,612,7,1,8,0,0,1,1,1,1785455780
2026-07-31T01:56:36Z,613,11,0,0,4,0,1,1,1,1785462769
2026-07-31T01:56:36Z,614,16,3,9,1,1,1,1,1,1785462874
2026-07-31T01:56:36Z,617,3,1,11,1,0,1,1,1,1785462400
2026-07-31T01:56:36Z,618,13,2,2,4,0,1,1,1,1785462555
2026-07-31T01:56:36Z,619,4,3,15,0,0,1,1,1,1785462952
2026-07-31T01:56:36Z,620,1,0,25,1,0,1,1,1,1785462743
2026-07-31T01:56:36Z,621,6,3,17,0,0,1,1,1,1785462858
2026-07-31T01:56:36Z,622,4,4,17,2,0,1,1,1,1785462957
2026-07-31T01:56:36Z,623,4,1,25,1,0,1,1,1,1785462142
2026-07-31T01:56:36Z,624,4,1,11,0,0,1,1,1,1785461567
2026-07-31T01:56:36Z,625,2,0,17,2,0,1,1,1,1785462761
2026-07-31T01:56:36Z,626,0,0,44,1,2,1,1,1,1785462705
2026-07-31T01:56:36Z,627,14,6,5,0,0,1,1,1,1785458008
2026-07-31T01:56:36Z,628,0,0,16,2,1,1,1,1,1785462823
2026-07-31T01:56:36Z,629,4,1,5,2,0,1,1,1,1785462721
2026-07-31T01:56:36Z,630,3,2,21,3,0,1,1,1,1785462784
2026-07-31T01:56:36Z,631,1,1,22,0,0,1,1,1,1785461151
2026-07-31T01:56:36Z,632,22,2,0,1,0,1,1,1,1785458363
2026-07-31T01:56:36Z,633,11,1,0,4,0,1,1,1,1785462938
2026-07-31T01:56:36Z,634,9,1,9,1,0,1,1,1,1785461298
2026-07-31T01:56:36Z,635,13,1,5,1,0,1,1,1,1785461600
2026-07-31T01:56:36Z,636,8,1,6,1,0,1,1,1,1785460102
2026-07-31T01:56:36Z,637,10,1,9,0,0,1,1,1,1785460625
2026-07-31T01:56:36Z,638,8,2,8,3,0,1,1,1,1785461217
2026-07-31T01:56:36Z,639,5,1,12,2,0,1,1,1,1785462789
2026-07-31T01:56:36Z,640,2,2,20,1,0,1,1,1,1785462792
2026-07-31T01:56:36Z,641,6,0,18,2,0,1,1,1,1785462978
2026-07-31T01:56:36Z,642,3,2,8,8,0,1,1,1,1785462982
2026-07-31T01:56:36Z,643,11,0,8,8,0,1,1,1,1785462634
2026-07-31T01:56:36Z,644,9,0,5,1,0,1,1,1,1785460308
2026-07-31T01:56:36Z,645,7,0,15,0,1,1,1,1,1785462197
2026-07-31T01:56:36Z,646,1,1,18,0,0,1,1,1,1785461193
2026-07-31T01:56:36Z,647,18,0,12,1,0,1,1,1,1785462642
2026-07-31T01:56:36Z,648,6,2,11,1,1,1,1,1,1785462746
2026-07-31T01:56:36Z,649,28,4,2,1,0,1,1,1,1785462630
2026-07-31T01:56:36Z,650,5,1,9,0,0,1,1,1,1785461548
2026-07-31T01:56:36Z,651,4,4,19,0,0,1,1,1,1785462328
2026-07-31T01:56:36Z,652,1,1,20,2,0,1,1,1,1785462778
2026-07-31T01:56:36Z,653,4,1,14,1,0,1,1,1,1785462222
2026-07-31T01:56:36Z,654,1,1,14,0,0,1,1,1,1785461395
2026-07-31T01:56:36Z,655,7,3,1,4,1,1,1,1,1785462868
2026-07-31T01:56:36Z,656,11,6,8,0,0,1,1,1,1785462781
2026-07-31T01:56:36Z,657,11,5,1,2,3,1,1,1,1785462856
2026-07-31T01:56:36Z,658,7,0,3,0,0,1,1,1,1785462359
2026-07-31T01:56:36Z,659,7,2,7,1,0,1,1,1,1785461831
2026-07-31T01:56:36Z,660,1,1,27,3,0,1,1,1,1785462919
2026-07-31T01:56:36Z,661,4,3,15,0,0,1,1,1,1785462523
2026-07-31T01:56:36Z,662,7,3,13,3,0,1,1,1,1785462839
2026-07-31T01:56:36Z,663,3,2,11,1,0,1,1,1,1785462964
2026-07-31T01:56:36Z,664,0,0,27,0,0,1,1,1,1785462677
2026-07-31T01:56:36Z,665,9,2,6,0,0,1,1,1,1785461993
2026-07-31T01:56:36Z,666,6,4,7,2,0,1,1,1,1785457342
2026-07-31T01:56:36Z,667,12,5,7,0,0,1,1,1,1785462933
2026-07-31T01:56:36Z,668,13,1,4,2,0,1,1,1,1785462506
2026-07-31T01:56:36Z,669,10,3,4,0,0,1,1,1,1785462651
2026-07-31T01:56:36Z,670,4,3,23,0,0,1,1,1,1785462293
2026-07-31T01:56:36Z,671,12,1,14,1,0,1,1,1,1785462481
2026-07-31T01:56:36Z,672,5,2,14,3,1,1,1,1,1785461087
2026-07-31T01:56:36Z,673,2,0,20,1,0,1,1,1,1785462859
2026-07-31T01:56:36Z,674,0,0,20,3,0,1,1,1,1785462715
2026-07-31T01:56:36Z,675,8,4,5,2,0,1,1,1,1785462953
2026-07-31T01:56:36Z,676,14,1,8,0,0,1,1,1,1785462956
2026-07-31T01:56:36Z,681,1,1,9,5,0,1,1,1,1785461968
2026-07-31T01:56:36Z,682,4,1,14,1,0,1,1,1,1785387864
2026-07-31T01:56:36Z,683,5,1,14,0,0,1,1,1,1785462858
2026-07-31T01:56:36Z,684,2,0,25,0,0,1,1,1,1785456431
2026-07-31T01:56:36Z,685,7,0,18,1,1,1,1,1,1785462175
2026-07-31T01:56:36Z,686,11,0,14,1,1,1,1,1,1785462892
2026-07-31T01:56:36Z,687,11,0,18,1,1,1,1,1,1785462779
2026-07-31T01:56:36Z,688,8,1,4,7,0,1,1,1,1785462817
2026-07-31T01:56:36Z,692,0,0,21,0,0,1,1,1,1785462194
2026-07-31T01:56:36Z,693,7,0,1,3,0,1,1,1,1785461830
2026-07-31T01:56:36Z,694,8,5,12,1,0,1,1,1,1785461512
2026-07-31T01:56:36Z,695,8,5,14,1,0,1,1,1,1785462404
2026-07-31T01:56:36Z,696,18,12,5,0,0,1,1,1,1785462892
2026-07-31T01:56:36Z,697,22,1,1,0,0,1,1,1,1785462942
2026-07-31T01:56:36Z,698,10,2,17,0,0,1,1,1,1785462735
2026-07-31T01:56:36Z,699,7,0,7,1,0,1,1,1,1785462068
2026-07-31T01:56:36Z,700,12,4,6,1,0,1,1,1,1785462154
2026-07-31T01:56:36Z,701,15,4,3,1,0,1,1,1,1785461627
2026-07-31T01:56:36Z,702,14,0,9,0,0,1,1,1,1785462648
2026-07-31T01:56:36Z,704,5,1,10,0,0,1,1,1,1785462846
2026-07-31T01:56:36Z,705,2,2,12,1,0,1,1,1,1785462310
2026-07-31T01:56:36Z,706,7,0,4,4,0,1,1,1,1785461859
2026-07-31T01:56:36Z,707,5,1,8,2,0,1,1,1,1785462925
2026-07-31T01:56:36Z,708,19,0,0,0,0,1,1,1,1785462417
2026-07-31T01:56:36Z,709,11,1,0,4,0,1,1,1,1785462218
2026-07-31T01:56:36Z,710,6,0,13,0,0,1,1,1,1785462636
2026-07-31T01:56:36Z,711,12,3,8,3,0,1,1,1,1785462875
2026-07-31T01:56:36Z,712,10,4,5,0,0,1,1,1,1785462320
2026-07-31T01:56:36Z,713,2,0,21,0,0,1,1,1,1785462658
2026-07-31T01:56:36Z,716,3,1,12,0,0,1,1,1,1785461947
2026-07-31T01:56:36Z,717,3,0,19,3,0,1,1,1,1785462983
2026-07-31T01:56:36Z,718,0,0,14,1,0,1,1,1,1785461811
2026-07-31T01:56:36Z,719,3,1,26,0,0,1,1,1,1785462953
2026-07-31T01:56:36Z,720,2,1,17,0,0,1,1,1,1785462251
2026-07-31T01:56:36Z,721,0,0,21,2,0,1,1,1,1785461176
2026-07-31T01:56:36Z,722,2,0,13,0,0,1,1,1,1785461998
2026-07-31T01:56:36Z,723,12,2,11,0,0,1,1,1,1785461957
2026-07-31T01:56:36Z,724,18,6,5,0,0,1,1,1,1785462080
2026-07-31T01:56:36Z,725,4,0,19,0,0,1,1,1,1785462702
2026-07-31T01:56:36Z,726,11,2,8,0,0,1,1,1,1785462951
2026-07-31T01:56:36Z,727,9,4,12,2,0,1,1,1,1785462934
2026-07-31T01:56:36Z,728,10,1,5,0,0,1,1,1,1785462558
2026-07-31T01:56:36Z,729,19,1,0,0,0,1,1,1,1785462254
2026-07-31T01:56:36Z,730,4,3,10,1,0,1,1,1,1785461334
2026-07-31T01:56:36Z,731,6,1,9,0,0,1,1,1,1785462243
2026-07-31T01:56:36Z,732,9,4,6,0,0,1,1,1,1785462758
2026-07-31T01:56:36Z,733,25,2,1,1,0,1,1,1,1785462662
2026-07-31T01:56:36Z,734,2,1,12,0,0,1,1,1,1785461489
2026-07-31T01:56:36Z,735,2,2,25,0,0,1,1,1,1785462984
2026-07-31T01:56:36Z,736,1,0,18,0,0,1,1,1,1785462725
2026-07-31T01:56:36Z,737,2,1,10,2,1,1,1,1,1785462612
2026-07-31T01:56:36Z,738,9,0,8,2,0,1,1,1,1785462867
2026-07-31T01:56:36Z,739,16,2,10,1,0,1,1,1,1785462186
2026-07-31T01:56:36Z,741,7,2,16,0,0,1,1,1,1785462605
2026-07-31T01:56:36Z,742,13,8,20,2,0,1,1,1,1785462675
2026-07-31T01:56:36Z,743,2,1,16,1,0,1,1,1,1785462722
2026-07-31T01:56:36Z,744,9,4,5,1,0,1,1,1,1785462951
2026-07-31T01:56:36Z,745,14,4,4,1,0,1,1,1,1785462929
2026-07-31T01:56:36Z,746,0,0,20,3,0,1,1,1,1785462974
2026-07-31T01:56:36Z,747,0,0,4,0,0,0,1,1,1783446606
2026-07-31T01:56:36Z,748,10,1,13,0,0,1,1,1,1785461852
2026-07-31T01:56:36Z,749,1,1,22,0,0,1,1,1,1785461949
2026-07-31T01:56:36Z,750,1,1,9,1,0,1,1,1,1785462819
2026-07-31T01:56:36Z,751,1,1,21,1,0,1,1,1,1785462906
2026-07-31T01:56:36Z,752,9,1,7,1,0,1,1,1,1785462954
2026-07-31T01:56:36Z,753,14,7,1,0,0,1,1,1,1785462922
2026-07-31T01:56:36Z,754,1,1,13,1,0,1,1,1,1785461728
2026-07-31T01:56:36Z,755,1,1,20,2,0,1,1,1,1785462331
2026-07-31T01:56:36Z,756,1,1,36,0,0,1,1,1,1785462388
2026-07-31T01:56:36Z,757,5,3,14,0,0,1,1,1,1785462913
2026-07-31T01:56:36Z,758,8,8,15,0,0,1,1,1,1785461481
2026-07-31T01:56:36Z,759,5,3,10,0,0,1,1,1,1785461254
2026-07-31T01:56:36Z,760,7,3,11,1,0,1,1,1,1785461275
2026-07-31T01:56:36Z,761,4,0,19,0,0,1,1,1,1785462331
2026-07-31T01:56:36Z,762,5,4,6,4,0,1,1,1,1785462166
2026-07-31T01:56:36Z,768,10,0,7,2,0,1,1,1,1785461370
2026-07-31T01:56:36Z,769,16,6,3,0,0,1,1,1,1785462791
2026-07-31T01:56:36Z,770,11,2,6,2,0,1,1,1,1785462719
2026-07-31T01:56:36Z,771,13,3,1,1,0,1,1,1,1785462136
2026-07-31T01:56:36Z,772,5,2,10,0,0,1,1,1,1785462807
2026-07-31T01:56:36Z,773,15,3,4,0,0,1,1,1,1785462603
2026-07-31T01:56:36Z,774,2,2,10,3,0,1,1,1,1785462578
2026-07-31T01:56:36Z,775,6,0,11,1,1,1,1,1,1785460498
2026-07-31T01:56:36Z,776,3,1,17,1,0,1,1,1,1785462896
2026-07-31T01:56:36Z,777,10,0,2,3,0,1,1,1,1785462692
2026-07-31T01:56:36Z,778,13,0,3,3,0,1,1,1,1785462750
2026-07-31T01:56:36Z,779,8,1,10,1,0,1,1,1,1785461518
2026-07-31T01:56:36Z,780,13,2,4,2,0,1,1,1,1785462966
2026-07-31T01:56:36Z,781,4,2,5,2,0,1,1,1,1785462529
2026-07-31T01:56:36Z,782,2,0,14,3,0,1,1,1,1785462438
2026-07-31T01:56:36Z,783,4,0,15,0,0,1,1,1,1785461741
2026-07-31T01:56:36Z,784,16,0,0,3,0,1,1,1,1785462538
2026-07-31T01:56:36Z,785,9,0,4,6,0,1,1,1,1785461894
2026-07-31T01:56:36Z,786,9,4,10,0,0,1,1,1,1785461753
2026-07-31T01:56:36Z,787,11,5,2,2,0,1,1,1,1785462537
2026-07-31T01:56:36Z,788,3,0,12,0,0,1,1,1,1785462230
2026-07-31T01:56:36Z,789,6,2,5,4,0,1,1,1,1785462485
2026-07-31T01:56:36Z,790,6,2,17,0,0,1,1,1,1785462811
2026-07-31T01:56:36Z,791,7,0,11,0,1,1,1,1,1785462896
2026-07-31T01:56:36Z,793,4,0,10,1,0,1,1,1,1785462639
2026-07-31T01:56:36Z,794,7,1,21,1,0,1,1,1,1785462682
2026-07-31T01:56:36Z,796,6,2,12,1,0,1,1,1,1785462376
2026-07-31T01:56:36Z,797,5,0,10,0,0,1,1,1,1785462461
2026-07-31T01:56:36Z,798,4,1,20,1,0,1,1,1,1785462392
2026-07-31T01:56:36Z,799,10,0,5,4,0,1,1,1,1785462922
2026-07-31T01:56:36Z,800,20,4,0,1,0,1,1,1,1785461967
2026-07-31T01:56:36Z,801,1,0,19,1,0,1,1,1,1785462386
2026-07-31T01:56:36Z,802,9,0,22,0,0,1,1,1,1785462426
2026-07-31T01:56:36Z,803,0,0,14,1,0,1,1,1,1785462198
2026-07-31T01:56:36Z,806,1,1,14,0,0,1,1,1,1785462563
2026-07-31T01:56:36Z,807,0,0,24,1,0,1,1,1,1785462734
2026-07-31T01:56:36Z,808,5,0,18,2,0,1,1,1,1785459824
2026-07-31T01:56:36Z,809,5,1,17,1,0,1,1,1,1785462327
2026-07-31T01:56:36Z,810,3,1,12,4,0,1,1,1,1785462758
2026-07-31T01:56:36Z,815,3,0,7,4,1,1,1,1,1785462376
2026-07-31T01:56:36Z,817,8,4,7,0,0,1,1,1,1785462255
2026-07-31T01:56:36Z,818,5,0,17,1,0,1,1,1,1785462857
2026-07-31T01:56:36Z,819,6,4,9,0,0,1,1,1,1785460987
2026-07-31T01:56:36Z,820,7,1,10,0,0,1,1,1,1785461657
2026-07-31T01:56:36Z,821,2,1,13,0,0,1,1,1,1785462590
2026-07-31T01:56:36Z,822,21,0,0,2,0,1,1,1,1785462835
2026-07-31T01:56:36Z,823,14,1,0,1,0,1,1,1,1785462798
2026-07-31T01:56:36Z,824,7,3,11,1,0,1,1,1,1785462695
2026-07-31T01:56:36Z,825,8,5,7,0,0,1,1,1,1785462716
2026-07-31T01:56:36Z,826,4,1,14,1,0,1,1,1,1785461454
2026-07-31T01:56:36Z,827,14,5,6,1,0,1,1,1,1785462739
2026-07-31T01:56:36Z,828,8,2,9,1,0,1,1,1,1785462576
2026-07-31T01:56:36Z,829,14,6,13,0,0,1,1,1,1785461642
2026-07-31T01:56:36Z,830,12,0,10,1,0,1,1,1,1785462734
2026-07-31T01:56:36Z,831,4,3,10,1,0,1,1,1,1785462335
2026-07-31T01:56:36Z,832,10,4,5,3,0,1,1,1,1785462057
2026-07-31T01:56:36Z,833,1,1,17,1,0,1,1,1,1785461821
2026-07-31T01:56:36Z,834,3,1,19,2,0,1,1,1,1785462827
2026-07-31T01:56:36Z,835,10,2,7,1,0,1,1,1,1785462789
2026-07-31T01:56:36Z,837,5,1,0,10,0,1,1,1,1785462042
2026-07-31T01:56:36Z,838,10,1,5,0,0,1,1,1,1785462742
2026-07-31T01:56:36Z,839,16,2,12,1,0,1,1,1,1785462980
2026-07-31T01:56:36Z,840,3,0,24,2,0,1,1,1,1785462362
2026-07-31T01:56:36Z,841,7,1,8,0,0,1,1,1,1785462031
2026-07-31T01:56:36Z,842,6,1,17,0,0,1,1,1,1785461742
2026-07-31T01:56:36Z,843,11,0,19,1,0,1,1,1,1785461888
2026-07-31T01:56:36Z,844,6,1,17,0,0,1,1,1,1785461815
2026-07-31T01:56:36Z,845,5,3,12,2,0,1,1,1,1785462148
2026-07-31T01:56:36Z,846,4,0,13,2,0,1,1,1,1785461285
2026-07-31T01:56:36Z,847,3,1,24,0,0,1,1,1,1785462811
2026-07-31T01:56:36Z,848,6,0,12,1,0,1,1,1,1785462786
2026-07-31T01:56:36Z,849,9,3,6,0,0,1,1,1,1785462968
2026-07-31T01:56:36Z,850,9,0,1,1,0,1,1,1,1785462980
2026-07-31T01:56:36Z,851,1,1,34,2,0,1,1,1,1785462939
2026-07-31T01:56:36Z,852,11,5,8,0,0,1,1,1,1785462615
2026-07-31T01:56:36Z,853,10,5,13,0,0,1,1,1,1785462697
2026-07-31T01:56:36Z,854,2,2,13,0,0,1,1,1,1785462837
2026-07-31T01:56:36Z,855,14,2,13,0,0,1,1,1,1785462863
2026-07-31T01:56:36Z,857,1,1,17,1,0,1,1,1,1785462565
2026-07-31T01:56:36Z,858,4,1,14,1,0,1,1,1,1785462500
2026-07-31T01:56:36Z,859,3,0,17,1,0,1,1,1,1785462746
2026-07-31T01:56:36Z,861,8,1,2,1,0,1,1,1,1785455675
2026-07-31T01:56:36Z,862,2,1,13,0,0,1,1,1,1785462054
2026-07-31T01:56:36Z,863,11,0,7,1,0,1,1,1,1785462392
2026-07-31T01:56:36Z,866,8,2,10,1,0,1,1,1,1785462943
2026-07-31T01:56:36Z,867,12,0,3,0,0,1,1,1,1785461676
2026-07-31T01:56:36Z,868,13,2,2,0,0,1,1,1,1785461850
2026-07-31T01:56:36Z,870,7,5,7,1,0,1,1,1,1785462065
2026-07-31T01:56:36Z,871,0,0,10,1,0,1,1,1,1785461481
2026-07-31T01:56:36Z,872,0,0,14,1,0,1,1,1,1785461994
2026-07-31T01:56:36Z,873,0,0,32,1,0,1,1,1,1785461847
2026-07-31T01:56:36Z,874,2,0,10,3,0,1,1,1,1785462168
2026-07-31T01:56:36Z,875,14,10,0,1,0,1,1,1,1785462085
2026-07-31T01:56:36Z,877,12,11,6,1,0,1,1,1,1785461541
2026-07-31T01:56:36Z,878,2,2,16,1,0,1,1,1,1785462126
2026-07-31T01:56:36Z,879,2,0,17,0,0,1,1,1,1785461186
2026-07-31T01:56:36Z,880,4,1,18,1,0,1,1,1,1785462088
2026-07-31T01:56:36Z,881,3,0,16,0,0,1,1,1,1785461984
2026-07-31T01:56:36Z,882,11,0,6,2,0,1,1,1,1785457778
2026-07-31T01:56:36Z,883,10,6,9,0,0,1,1,1,1785462291
2026-07-31T01:56:36Z,884,11,7,10,0,0,1,1,1,1785461518
2026-07-31T01:56:36Z,885,0,0,19,0,0,1,1,1,1785461851
2026-07-31T01:56:36Z,886,0,0,28,1,0,1,1,1,1785462564
2026-07-31T01:56:36Z,887,2,0,12,3,0,1,1,1,1785462610
2026-07-31T01:56:36Z,888,16,1,23,2,0,1,1,1,1785462925
2026-07-31T01:56:36Z,889,6,0,11,2,0,1,1,1,1785462180
2026-07-31T01:56:36Z,890,5,2,9,1,0,1,1,1,1785461217
2026-07-31T01:56:36Z,891,15,0,7,1,0,1,1,1,1785461630
2026-07-31T01:56:36Z,892,12,1,3,0,0,1,1,1,1785456450
2026-07-31T01:56:36Z,895,0,0,18,1,0,1,1,1,1785462045
2026-07-31T01:56:36Z,896,29,3,6,0,0,1,1,1,1785462667
2026-07-31T01:56:36Z,897,8,0,13,0,0,1,1,1,1785462332
2026-07-31T01:56:36Z,898,0,0,19,0,0,1,1,1,1785461777
2026-07-31T01:56:36Z,899,19,2,0,0,0,1,1,1,1785462818
2026-07-31T01:56:36Z,900,27,2,0,0,0,1,1,1,1785462942
2026-07-31T01:56:36Z,901,12,0,6,1,0,1,1,1,1785462459
2026-07-31T01:56:36Z,902,9,1,5,1,0,1,1,1,1785461963
2026-07-31T01:56:36Z,903,6,0,13,0,0,1,1,1,1785462900
2026-07-31T01:56:36Z,904,11,5,8,0,0,1,1,1,1785462156
2026-07-31T01:56:36Z,905,2,2,25,0,0,1,1,1,1785462352
2026-07-31T01:56:36Z,906,1,1,26,0,0,1,1,1,1785462938
2026-07-31T01:56:36Z,907,30,8,0,1,0,1,1,1,1785462978
2026-07-31T01:56:36Z,908,8,1,15,0,0,1,1,1,1785462120
2026-07-31T01:56:36Z,909,2,2,21,0,0,1,1,1,1785462717
2026-07-31T01:56:36Z,910,17,0,14,0,0,1,1,1,1785462942
2026-07-31T01:56:36Z,911,6,0,13,0,0,1,1,1,1785461710
2026-07-31T01:56:36Z,912,2,0,18,3,0,1,1,1,1785462968
2026-07-31T01:56:36Z,913,4,2,15,0,0,1,1,1,1785462675
2026-07-31T01:56:36Z,914,5,0,14,0,0,1,1,1,1785462866
2026-07-31T01:56:36Z,915,10,0,12,1,0,1,1,1,1785462236
2026-07-31T01:56:36Z,916,7,1,16,0,0,1,1,1,1785462244
2026-07-31T01:56:36Z,917,33,1,0,2,0,1,1,1,1785462743
2026-07-31T01:56:36Z,918,4,0,12,3,0,1,1,1,1785462794
2026-07-31T01:56:36Z,919,3,1,34,2,0,1,1,1,1785462924
2026-07-31T01:56:36Z,920,2,1,17,0,0,1,1,1,1785462520
2026-07-31T01:56:36Z,921,16,0,5,0,0,1,1,1,1785461823
2026-07-31T01:56:36Z,922,1,0,20,0,0,1,1,1,1785462594
2026-07-31T01:56:36Z,923,5,4,13,1,0,1,1,1,1785462949
2026-07-31T01:56:36Z,924,7,0,14,0,0,1,1,1,1785462840
2026-07-31T01:56:36Z,925,13,0,8,0,0,1,1,1,1785462275
2026-07-31T01:56:36Z,926,1,1,20,0,0,1,1,1,1785462451
2026-07-31T01:56:36Z,927,17,0,18,0,0,1,1,1,1785462755
2026-07-31T01:56:36Z,928,3,1,16,0,0,1,1,1,1785462895
2026-07-31T01:56:36Z,929,1,0,22,0,0,1,1,1,1785462957
2026-07-31T01:56:36Z,930,28,2,1,2,0,1,1,1,1785462481
2026-07-31T01:56:36Z,931,0,0,23,0,0,1,1,1,1785462347
2026-07-31T01:56:36Z,932,14,0,0,5,0,1,1,1,1785462810
2026-07-31T01:56:36Z,933,20,0,1,2,0,1,1,1,1785462951
2026-07-31T01:56:36Z,934,2,1,28,1,0,1,1,1,1785462790
2026-07-31T01:56:36Z,935,4,0,13,2,0,1,1,1,1785462983
2026-07-31T01:56:36Z,936,4,1,15,0,0,1,1,1,1785456801
2026-07-31T01:56:36Z,940,4,1,7,0,0,1,1,1,1785462972
2026-07-31T01:56:36Z,941,9,2,14,2,0,1,1,1,1785462559
2026-07-31T01:56:36Z,942,14,1,7,0,0,1,1,1,1785462936
2026-07-31T01:56:36Z,943,9,8,6,0,0,1,1,1,1785462123
2026-07-31T01:56:36Z,944,9,8,6,0,0,1,1,1,1785461917
2026-07-31T01:56:36Z,945,10,8,5,0,0,1,1,1,1785461426
2026-07-31T01:56:36Z,946,7,5,12,0,0,1,1,1,1785424152
2026-07-31T01:56:36Z,947,7,5,10,0,0,1,1,1,1785461927
2026-07-31T01:56:36Z,948,1,1,26,4,0,1,1,1,1785462349
2026-07-31T01:56:36Z,949,2,1,13,0,0,1,1,1,1785462746
2026-07-31T01:56:36Z,950,3,3,13,1,0,1,1,1,1785462520
2026-07-31T01:56:36Z,951,10,1,13,0,0,1,1,1,1785462089
2026-07-31T01:56:36Z,952,29,2,26,0,0,1,1,1,1785462911
2026-07-31T01:56:36Z,953,14,1,1,0,0,1,1,1,1785462523
2026-07-31T01:56:36Z,954,12,0,7,0,0,1,1,1,1785462232
2026-07-31T01:56:36Z,955,2,0,20,5,0,1,1,1,1785462933
2026-07-31T01:56:36Z,956,12,0,9,2,0,1,1,1,1785462633
2026-07-31T01:56:36Z,957,6,1,21,2,0,1,1,1,1785462399
2026-07-31T01:56:36Z,958,25,1,6,0,0,1,1,1,1785462978
2026-07-31T01:56:36Z,959,12,4,10,1,0,1,1,1,1785462158
2026-07-31T01:56:36Z,960,7,5,15,1,0,1,1,1,1785462892
2026-07-31T01:56:36Z,961,1,1,19,3,0,1,1,1,1785462691
2026-07-31T01:56:36Z,962,5,1,27,3,0,1,1,1,1785462784
2026-07-31T01:56:36Z,963,4,0,18,1,0,1,1,1,1785462586
2026-07-31T01:56:36Z,964,9,4,13,1,0,1,1,1,1785462769
2026-07-31T01:56:36Z,965,4,0,22,1,0,1,1,1,1785462035
2026-07-31T01:56:36Z,966,14,0,17,0,0,1,1,1,1785462960
2026-07-31T01:56:36Z,967,3,1,17,1,0,1,1,1,1785462977
2026-07-31T01:56:36Z,968,1,1,18,0,0,1,1,1,1785462354
2026-07-31T01:56:36Z,969,6,5,19,2,0,1,1,1,1785461979
2026-07-31T01:56:36Z,970,6,3,12,1,0,1,1,1,1785462894
2026-07-31T01:56:36Z,971,22,1,0,1,0,1,1,1,1785462823
2026-07-31T01:56:36Z,972,11,1,10,2,0,1,1,1,1785461958
2026-07-31T01:56:36Z,973,4,3,18,1,0,1,1,1,1785462818
2026-07-31T01:56:36Z,974,2,0,25,0,0,1,1,1,1785462544
2026-07-31T01:56:36Z,977,6,6,12,3,0,1,1,1,1785462718
2026-07-31T01:56:36Z,978,16,4,7,0,0,1,1,1,1785462975
2026-07-31T01:56:36Z,979,3,1,14,0,0,1,1,1,1785462591
2026-07-31T01:56:36Z,980,11,2,8,2,0,1,1,1,1785462962
2026-07-31T01:56:36Z,981,0,0,20,1,0,1,1,1,1785462156
2026-07-31T01:56:36Z,982,3,1,14,2,0,1,1,1,1785461941
2026-07-31T01:56:36Z,983,1,1,21,1,0,1,1,1,1785462330
2026-07-31T01:56:36Z,984,6,0,17,0,0,1,1,1,1785461420
2026-07-31T01:56:36Z,985,25,0,6,0,0,1,1,1,1785462761
2026-07-31T01:56:36Z,986,2,0,17,0,0,1,1,1,1785461936
2026-07-31T01:56:36Z,987,5,0,17,1,0,1,1,1,1785462448
2026-07-31T01:56:36Z,988,6,2,12,1,0,1,1,1,1785462077
2026-07-31T01:56:36Z,989,8,4,11,0,0,1,1,1,1785462893
2026-07-31T01:56:36Z,990,13,1,0,2,0,1,1,1,1785462165
2026-07-31T01:56:36Z,991,8,0,10,1,0,1,1,1,1785461888
2026-07-31T01:56:36Z,992,9,6,13,1,0,1,1,1,1785462640
2026-07-31T01:56:36Z,993,0,0,27,0,0,1,1,1,1785461454
2026-07-31T01:56:36Z,994,3,0,18,0,0,1,1,1,1785462842
2026-07-31T01:56:36Z,995,7,0,20,0,0,1,1,1,1785462059
2026-07-31T01:56:36Z,996,9,1,14,0,0,1,1,1,1785461876
2026-07-31T01:56:36Z,997,10,4,11,2,0,1,1,1,1785462903
2026-07-31T01:56:36Z,998,4,2,18,1,0,1,1,1,1785462200
2026-07-31T01:56:36Z,999,4,2,15,1,1,1,1,1,1785461998
2026-07-31T01:56:36Z,1000,4,2,17,0,0,1,1,1,1785462785
2026-07-31T01:56:36Z,1001,1,0,26,0,0,1,1,1,1785462201
2026-07-31T01:56:36Z,1002,0,0,27,4,0,1,1,1,1785462171
2026-07-31T01:56:36Z,1003,0,0,22,1,0,1,1,1,1785461853
2026-07-31T01:56:36Z,1004,5,1,18,0,0,1,1,1,1785461288
2026-07-31T01:56:36Z,1005,20,1,3,0,0,1,1,1,1785462040
2026-07-31T01:56:36Z,1006,7,4,11,1,0,1,1,1,1785461892
2026-07-31T01:56:36Z,1007,3,2,18,0,0,1,1,1,1785462925
2026-07-31T01:56:36Z,1008,6,5,15,2,0,1,1,1,1785462813
2026-07-31T01:56:36Z,1009,21,4,8,2,0,1,1,1,1785462695
2026-07-31T01:56:36Z,1010,7,2,20,0,0,1,1,1,1785461686
2026-07-31T01:56:36Z,1011,7,1,10,2,0,1,1,1,1785462271
2026-07-31T01:56:36Z,1012,4,3,18,1,0,1,1,1,1785461806
2026-07-31T01:56:36Z,1013,4,1,18,1,0,1,1,1,1785462425
2026-07-31T01:56:36Z,1014,8,3,13,2,0,1,1,1,1785462317
2026-07-31T01:56:36Z,1015,4,3,25,2,0,1,1,1,1785462543
2026-07-31T01:56:36Z,1016,10,5,21,0,0,1,1,1,1785461610
2026-07-31T01:56:36Z,1017,14,5,7,0,0,1,1,1,1785461217
2026-07-31T01:56:36Z,1018,8,2,14,0,0,1,1,1,1785461896
2026-07-31T01:56:36Z,1019,7,5,8,0,0,1,1,1,1785461865
2026-07-31T01:56:36Z,1020,18,3,3,0,0,1,1,1,1785462910
2026-07-31T01:56:36Z,1021,9,3,5,1,0,1,1,1,1785462671
2026-07-31T01:56:36Z,1022,14,0,13,0,0,1,1,1,1785461960
2026-07-31T01:56:36Z,1023,12,1,10,1,0,1,1,1,1785461623
2026-07-31T01:56:36Z,1024,6,3,13,0,0,1,1,1,1785462649
2026-07-31T01:56:36Z,1025,4,0,14,0,1,1,1,1,1785461919
2026-07-31T01:56:36Z,1026,8,4,18,5,0,1,1,1,1785462847
2026-07-31T01:56:36Z,1028,2,0,20,1,0,1,1,1,1785461986
2026-07-31T01:56:36Z,1029,11,10,4,0,0,1,1,1,1785462958
2026-07-31T01:56:36Z,1030,13,5,10,0,0,1,1,1,1785462658
2026-07-31T01:56:36Z,1031,10,0,9,0,0,1,1,1,1785461247
2026-07-31T01:56:36Z,1032,7,1,12,0,0,1,1,1,1785461906
2026-07-31T01:56:36Z,1033,8,5,10,1,0,1,1,1,1785462711
2026-07-31T01:56:36Z,1034,1,0,14,0,0,1,1,1,1785461949
2026-07-31T01:56:36Z,1035,2,1,16,1,0,1,1,1,1785462949
2026-07-31T01:56:36Z,1036,14,0,1,0,0,1,1,1,1785462571
2026-07-31T01:56:36Z,1037,4,1,14,1,0,1,1,1,1785462179
2026-07-31T01:56:36Z,1038,3,1,11,1,0,1,1,1,1785461648
2026-07-31T01:56:36Z,1039,4,2,15,0,0,1,1,1,1785462062
2026-07-31T01:56:36Z,1040,9,4,9,1,0,1,1,1,1785462747
2026-07-31T01:56:36Z,1041,8,2,10,1,0,1,1,1,1785462727
2026-07-31T01:56:36Z,1042,11,0,2,2,0,1,1,1,1785461915
2026-07-31T01:56:36Z,1043,9,0,7,3,0,1,1,1,1785461976
2026-07-31T01:56:36Z,1044,2,1,13,0,0,1,1,1,1785461699
2026-07-31T01:56:36Z,1045,10,0,9,0,0,1,1,1,1785461895
2026-07-31T01:56:36Z,1046,8,0,7,0,0,1,1,1,1785461328
2026-07-31T01:56:36Z,1047,4,0,17,0,0,1,1,1,1785462644
2026-07-31T01:56:36Z,1048,7,1,12,0,0,1,1,1,1785462362
2026-07-31T01:56:36Z,1049,2,0,19,0,0,1,1,1,1785462783
2026-07-31T01:56:36Z,1050,19,4,2,0,0,1,1,1,1785461910
2026-07-31T01:56:36Z,1051,6,2,15,0,0,1,1,1,1785462909
2026-07-31T01:56:36Z,1052,17,2,5,0,0,1,1,1,1785461712
2026-07-31T01:56:36Z,1053,2,1,13,0,0,1,1,1,1785461825
2026-07-31T01:56:36Z,1054,14,1,1,0,0,1,1,1,1785462068
2026-07-31T01:56:36Z,1055,7,2,12,0,0,1,1,1,1785462034
2026-07-31T01:56:36Z,1057,10,0,9,0,0,1,1,1,1785462971
2026-07-31T01:56:36Z,1058,56,3,0,0,0,1,1,1,1785462666
2026-07-31T01:56:36Z,1059,1,0,16,2,0,1,1,1,1785461958
2026-07-31T01:56:36Z,1060,5,2,32,0,0,1,1,1,1785462529
2026-07-31T01:56:36Z,1061,37,6,0,0,0,1,1,1,1785462569
2026-07-31T01:56:36Z,1062,17,1,0,0,0,1,1,1,1785462956
2026-07-31T01:56:36Z,1063,12,1,6,1,0,1,1,1,1785461950
2026-07-31T01:56:36Z,1064,6,2,16,1,0,1,1,1,1785462233
2026-07-31T01:56:36Z,1065,15,3,8,0,0,1,1,1,1785462489
2026-07-31T01:56:36Z,1066,11,2,12,0,0,1,1,1,1785462319
2026-07-31T01:56:36Z,1067,7,1,15,1,0,1,1,1,1785462582
2026-07-31T01:56:36Z,1068,8,2,13,2,0,1,1,1,1785462045
2026-07-31T01:56:36Z,1069,12,3,11,0,0,1,1,1,1785462124
2026-07-31T01:56:36Z,1070,11,2,12,0,0,1,1,1,1785462219
2026-07-31T01:56:36Z,1071,7,4,16,0,0,1,1,1,1785462258
2026-07-31T01:56:36Z,1072,11,1,11,1,0,1,1,1,1785462574
2026-07-31T01:56:36Z,1073,18,6,7,2,0,1,1,1,1785462647
2026-07-31T01:56:36Z,1074,52,0,0,1,0,1,1,1,1785462834
2026-07-31T01:56:36Z,1075,9,8,12,0,0,1,1,1,1785461627
2026-07-31T01:56:36Z,1076,12,10,9,0,0,1,1,1,1785462876
2026-07-31T01:56:36Z,1077,8,5,13,0,0,1,1,1,1785461834
2026-07-31T01:56:36Z,1078,13,10,8,0,0,1,1,1,1785462922
2026-07-31T01:56:36Z,1079,11,8,10,0,0,1,1,1,1785461743
2026-07-31T01:56:36Z,1080,10,8,10,1,0,1,1,1,1785462337
2026-07-31T01:56:36Z,1081,14,9,5,0,0,1,1,1,1785462769
2026-07-31T01:56:36Z,1082,4,4,4,0,0,1,1,1,1785462331
2026-07-31T01:56:36Z,1083,12,10,9,0,0,1,1,1,1785461994
2026-07-31T01:56:36Z,1084,8,7,13,0,0,1,1,1,1785461626
2026-07-31T01:56:36Z,1085,10,10,11,0,0,1,1,1,1785461217
2026-07-31T01:56:36Z,1086,8,7,12,1,0,1,1,1,1785461942
2026-07-31T01:56:36Z,1087,8,7,7,0,0,1,1,1,1785461206
2026-07-31T01:56:36Z,1088,10,7,5,0,0,1,1,1,1785461956
2026-07-31T01:56:36Z,1089,6,4,9,0,0,1,1,1,1785462330
2026-07-31T01:56:36Z,1090,8,7,7,0,0,1,1,1,1785462854
2026-07-31T01:56:36Z,1091,12,7,3,0,0,1,1,1,1785462764
2026-07-31T01:56:36Z,1092,9,9,5,1,0,1,1,1,1785462959
2026-07-31T01:56:36Z,1093,7,6,8,0,0,1,1,1,1785462678
2026-07-31T01:56:36Z,1094,10,8,8,1,0,1,1,1,1785461909
2026-07-31T01:56:36Z,1095,9,8,6,0,0,1,1,1,1785462639
2026-07-31T01:56:36Z,1096,5,2,13,1,0,1,1,1,1785462270
2026-07-31T01:56:36Z,1097,10,10,5,0,0,1,1,1,1785462491
2026-07-31T01:56:36Z,1098,10,8,9,0,0,1,1,1,1785462810
2026-07-31T01:56:36Z,1099,7,6,8,0,0,1,1,1,1785461742
2026-07-31T01:56:36Z,1100,6,2,23,0,0,1,1,1,1785460314
2026-07-31T01:56:36Z,1101,10,5,11,0,0,1,1,1,1785461613
2026-07-31T01:56:36Z,1102,9,4,4,0,0,1,1,1,1785462772
2026-07-31T01:56:36Z,1103,10,5,11,0,0,1,1,1,1785458054
2026-07-31T01:56:36Z,1104,10,5,11,0,0,1,1,1,1785461362
2026-07-31T01:56:36Z,1105,7,3,6,0,0,1,1,1,1785462664
2026-07-31T01:56:36Z,1106,13,7,8,0,0,1,1,1,1785461698
2026-07-31T01:56:36Z,1107,9,5,6,0,0,1,1,1,1785462041
2026-07-31T01:56:36Z,1108,7,3,17,3,0,1,1,1,1785462442
2026-07-31T01:56:36Z,1109,8,3,7,0,0,1,1,1,1785462708
2026-07-31T01:56:36Z,1110,8,0,13,0,0,1,1,1,1785461241
2026-07-31T01:56:36Z,1111,3,0,18,0,0,1,1,1,1785462690
2026-07-31T01:56:36Z,1112,43,1,10,0,0,1,1,1,1785461957
2026-07-31T01:56:36Z,1113,0,0,21,0,0,1,1,1,1785461231
2026-07-31T01:56:36Z,1115,20,7,2,1,0,1,1,1,1785462384
2026-07-31T01:56:36Z,1116,4,1,15,0,0,1,1,1,1785461922
2026-07-31T01:56:36Z,1117,0,0,23,0,0,1,1,1,1785462272
2026-07-31T01:56:36Z,1118,17,2,4,0,0,1,1,1,1785462973
2026-07-31T01:56:36Z,1119,11,1,6,0,0,1,1,1,1785462952
2026-07-31T01:56:36Z,1120,9,0,9,1,0,1,1,1,1785461971
2026-07-31T01:56:36Z,1121,4,3,15,2,0,1,1,1,1785462942
2026-07-31T01:56:36Z,1122,16,10,3,2,0,1,1,1,1785462525
2026-07-31T01:56:36Z,1123,0,0,21,2,0,1,1,1,1785461556
2026-07-31T01:56:36Z,1124,10,1,0,5,0,1,1,1,1785462950
2026-07-31T01:56:36Z,1125,14,1,9,0,0,1,1,1,1785462248
2026-07-31T01:56:36Z,1126,6,1,13,2,0,1,1,1,1785462412
2026-07-31T01:56:36Z,1127,11,0,7,1,0,1,1,1,1785462524
2026-07-31T01:56:36Z,1128,12,0,2,1,0,1,1,1,1785462833
2026-07-31T01:56:36Z,1129,3,1,17,1,0,1,1,1,1785462468
2026-07-31T01:56:36Z,1130,4,0,11,0,0,1,1,1,1785462718
2026-07-31T01:56:36Z,1131,1,0,47,1,0,1,1,1,1785462681
2026-07-31T01:56:36Z,1132,14,6,6,1,0,1,1,1,1785461546
2026-07-31T01:56:36Z,1133,5,4,14,2,0,1,1,1,1785462909
2026-07-31T01:56:36Z,1134,10,6,9,0,0,1,1,1,1785462420
2026-07-31T01:56:36Z,1135,10,5,11,0,0,1,1,1,1785461505
2026-07-31T01:56:36Z,1136,23,0,0,0,0,1,1,1,1785462380
2026-07-31T01:56:36Z,1137,8,0,7,0,0,1,1,1,1785461870
2026-07-31T01:56:36Z,1138,11,2,8,0,0,1,1,1,1785461886
2026-07-31T01:56:36Z,1139,9,2,10,2,0,1,1,1,1785462387
2026-07-31T01:56:36Z,1140,22,3,0,1,0,1,1,1,1785462200
2026-07-31T01:56:36Z,1141,3,1,17,1,0,1,1,1,1785462869
2026-07-31T01:56:36Z,1142,21,1,0,0,0,1,1,1,1785462949
2026-07-31T01:56:36Z,1143,7,2,21,1,0,1,1,1,1785462853
2026-07-31T01:56:36Z,1144,8,4,11,2,0,1,1,1,1785462554
2026-07-31T01:56:36Z,1145,12,6,8,1,0,1,1,1,1785462280
2026-07-31T01:56:36Z,1146,5,0,13,1,0,1,1,1,1785462652
2026-07-31T01:56:36Z,1147,4,1,15,0,0,1,1,1,1785462708
2026-07-31T01:56:36Z,1148,11,2,20,0,0,1,1,1,1785462794
2026-07-31T01:56:36Z,1149,6,6,19,0,0,1,1,1,1785462401
2026-07-31T01:56:36Z,1150,7,0,12,0,0,1,1,1,1785462489
2026-07-31T01:56:36Z,1151,4,0,17,0,0,1,1,1,1785462560
2026-07-31T01:56:36Z,1152,10,1,19,0,0,1,1,1,1785462783
2026-07-31T01:56:36Z,1153,13,1,9,1,0,1,1,1,1785462978
2026-07-31T01:56:36Z,1154,13,1,6,0,0,1,1,1,1785461960
2026-07-31T01:56:36Z,1155,6,3,14,1,0,1,1,1,1785462617
2026-07-31T01:56:36Z,1158,4,1,15,0,0,1,1,1,1785461816
2026-07-31T01:56:36Z,1159,10,0,9,0,0,1,1,1,1785462169
2026-07-31T01:56:36Z,1160,8,2,11,0,0,1,1,1,1785462864
2026-07-31T01:56:36Z,1161,4,0,14,1,0,1,1,1,1785462601
2026-07-31T01:56:36Z,1162,1,1,18,0,0,1,1,1,1785462848
2026-07-31T01:56:36Z,1163,1,1,17,1,0,1,1,1,1785461933
2026-07-31T01:56:36Z,1164,4,1,15,0,0,1,1,1,1785461992
2026-07-31T01:56:36Z,1165,8,1,13,0,0,1,1,1,1785462713
2026-07-31T01:56:36Z,1166,6,2,14,1,0,1,1,1,1785462216
2026-07-31T01:56:36Z,1167,4,0,11,0,0,1,1,1,1785461728
2026-07-31T01:56:36Z,1168,2,1,21,0,0,1,1,1,1785462216
2026-07-31T01:56:36Z,1169,3,0,15,1,0,1,1,1,1785461839
2026-07-31T01:56:36Z,1170,6,0,14,1,0,1,1,1,1785462194
2026-07-31T01:56:36Z,1171,8,7,14,1,0,1,1,1,1785461838
2026-07-31T01:56:36Z,1172,7,1,6,2,0,1,1,1,1785462130
2026-07-31T01:56:36Z,1173,9,2,10,0,0,1,1,1,1785462080
2026-07-31T01:56:36Z,1174,7,3,8,0,0,1,1,1,1785462631
2026-07-31T01:56:36Z,1175,7,3,12,0,0,1,1,1,1785456851
2026-07-31T01:56:36Z,1176,19,1,2,0,0,1,1,1,1785461275
2026-07-31T01:56:36Z,1177,2,1,19,0,0,1,1,1,1785461308
2026-07-31T01:56:36Z,1178,1,0,14,0,0,1,1,1,1785461793
2026-07-31T01:56:36Z,1181,11,2,3,1,0,1,1,1,1785462899
2026-07-31T01:56:36Z,1182,1,1,18,1,0,1,1,1,1785462661
2026-07-31T01:56:36Z,1183,0,0,43,2,0,1,1,1,1785462218
2026-07-31T01:56:36Z,1184,5,1,15,1,0,1,1,1,1785462640
2026-07-31T01:56:36Z,1185,10,5,11,0,0,1,1,1,1785461303
2026-07-31T01:56:36Z,1186,9,5,10,0,0,1,1,1,1785462349
2026-07-31T01:56:36Z,1187,11,6,9,1,0,1,1,1,1785462780
2026-07-31T01:56:36Z,1188,9,3,6,0,0,1,1,1,1785462054
2026-07-31T01:56:36Z,1189,10,5,9,0,0,1,1,1,1785462104
2026-07-31T01:56:36Z,1190,10,5,11,0,0,1,1,1,1785461483
2026-07-31T01:56:36Z,1191,10,5,5,0,0,1,1,1,1785462059
2026-07-31T01:56:36Z,1192,11,7,10,0,0,1,1,1,1785461851
2026-07-31T01:56:36Z,1193,6,4,5,2,0,1,1,1,1785462973
2026-07-31T01:56:36Z,1197,9,6,7,1,0,1,1,1,1785462839
2026-07-31T01:56:36Z,1198,14,4,5,2,0,1,1,1,1785462379
2026-07-31T01:56:36Z,1199,2,0,17,0,0,1,1,1,1785462404
2026-07-31T01:56:36Z,1200,11,5,4,0,0,1,1,1,1785462097
2026-07-31T01:56:36Z,1201,9,4,6,0,0,1,1,1,1785462074
2026-07-31T01:56:36Z,1202,10,5,5,0,0,1,1,1,1785462169
2026-07-31T01:56:36Z,1203,9,5,6,0,0,1,1,1,1785462064
2026-07-31T01:56:36Z,1204,7,3,11,1,0,1,1,1,1785461784
2026-07-31T01:56:36Z,1206,11,5,10,0,0,1,1,1,1785462805
2026-07-31T01:56:36Z,1207,10,5,5,0,0,1,1,1,1785462383
2026-07-31T01:56:36Z,1208,7,2,11,1,0,1,1,1,1785462266
2026-07-31T01:56:36Z,1216,7,0,13,1,0,1,1,1,1785461223
2026-07-31T01:56:36Z,1218,5,0,16,0,0,1,1,1,1785461618
2026-07-31T01:56:36Z,1219,7,2,7,1,0,1,1,1,1785461524
2026-07-31T01:56:36Z,1220,14,7,4,1,0,1,1,1,1785461555
2026-07-31T01:56:36Z,1221,2,2,19,0,0,1,1,1,1785462743
2026-07-31T01:56:36Z,1222,17,1,12,0,0,1,1,1,1785462621
2026-07-31T01:56:36Z,1223,18,2,9,2,0,1,1,1,1785461593
2026-07-31T01:56:36Z,1226,0,0,3,0,0,0,1,1,1781868931
2026-07-31T01:56:36Z,1227,13,1,12,0,0,1,1,1,1785462805
2026-07-31T01:56:36Z,1228,17,3,11,1,0,1,1,1,1785462942
2026-07-31T01:56:36Z,1229,44,2,1,0,0,1,1,1,1785462848
2026-07-31T07:45:21Z,1,0,0,23,0,0,1,1,1,1785478051
2026-07-31T07:45:21Z,2,22,0,2,3,0,1,1,1,1785481994
2026-07-31T07:45:21Z,3,9,0,4,1,0,1,1,1,1785481848
2026-07-31T07:45:21Z,4,1,0,20,1,0,1,1,1,1785483715
2026-07-31T07:45:21Z,5,9,3,13,1,0,1,1,1,1785480731
2026-07-31T07:45:21Z,6,6,2,9,0,0,1,1,1,1785482360
2026-07-31T07:45:21Z,7,0,0,39,0,0,1,1,1,1785482386
2026-07-31T07:45:21Z,8,0,0,43,0,0,1,1,1,1785471816
2026-07-31T07:45:21Z,9,0,0,22,1,0,1,1,1,1785482483
2026-07-31T07:45:21Z,10,4,1,17,2,0,1,1,1,1785480300
2026-07-31T07:45:21Z,11,13,5,5,1,0,1,1,1,1785482197
2026-07-31T07:45:21Z,12,0,0,23,0,0,1,1,1,1785472090
2026-07-31T07:45:21Z,13,12,0,18,0,0,1,1,1,1785478740
2026-07-31T07:45:21Z,14,1,0,41,0,1,1,1,1,1785476888
2026-07-31T07:45:21Z,15,5,0,10,0,0,1,1,1,1785479438
2026-07-31T07:45:21Z,16,8,0,16,2,1,1,1,1,1785483665
2026-07-31T07:45:21Z,17,9,0,17,1,0,1,1,1,1785482140
2026-07-31T07:45:21Z,18,6,0,10,2,0,1,1,1,1785483612
2026-07-31T07:45:21Z,19,5,0,21,1,0,1,1,1,1785482804
2026-07-31T07:45:21Z,20,32,0,3,0,0,1,1,1,1785474831
2026-07-31T07:45:21Z,21,1,0,17,1,0,1,1,1,1785483537
2026-07-31T07:45:21Z,22,18,0,46,1,0,1,1,1,1785479462
2026-07-31T07:45:21Z,23,10,5,21,0,0,1,1,1,1785479447
2026-07-31T07:45:21Z,24,0,0,9,2,0,1,1,1,1785483910
2026-07-31T07:45:21Z,25,1,1,79,0,1,1,1,1,1785483913
2026-07-31T07:45:21Z,26,0,0,27,0,0,1,1,1,1785479128
2026-07-31T07:45:21Z,28,13,2,2,0,0,1,1,1,1785483580
2026-07-31T07:45:21Z,30,1,0,26,2,0,1,1,1,1785483315
2026-07-31T07:45:21Z,31,0,0,17,2,0,1,1,1,1785483718
2026-07-31T07:45:21Z,32,25,5,2,0,0,1,1,1,1785483549
2026-07-31T07:45:21Z,34,2,0,34,1,0,1,1,1,1785482614
2026-07-31T07:45:21Z,35,1,0,45,1,0,1,1,1,1785482831
2026-07-31T07:45:21Z,36,0,0,0,0,0,0,1,1,86400
2026-07-31T07:45:21Z,37,0,0,23,0,0,1,1,1,1785483182
2026-07-31T07:45:21Z,38,1,0,22,0,0,1,1,1,1785475021
2026-07-31T07:45:21Z,39,22,6,17,0,0,1,1,1,1785483854
2026-07-31T07:45:21Z,40,13,0,7,1,0,1,1,1,1785481720
2026-07-31T07:45:21Z,41,1,0,41,1,0,1,1,1,1785482868
2026-07-31T07:45:21Z,42,31,8,0,0,0,1,1,1,1785472558
2026-07-31T07:45:21Z,43,4,0,19,0,0,1,1,1,1785480841
2026-07-31T07:45:21Z,45,1,0,27,1,0,1,1,1,1785482238
2026-07-31T07:45:21Z,46,12,2,19,0,0,1,1,1,1785483378
2026-07-31T07:45:21Z,47,11,5,3,1,0,1,1,1,1785482055
2026-07-31T07:45:21Z,48,22,0,5,0,0,1,1,1,1785480764
2026-07-31T07:45:21Z,49,5,0,15,3,0,1,1,1,1785483916
2026-07-31T07:45:21Z,50,1,1,18,0,0,1,1,1,1785483259
2026-07-31T07:45:21Z,51,68,0,9,0,0,1,1,1,1785472672
2026-07-31T07:45:21Z,52,2,0,22,3,0,1,1,1,1785483774
2026-07-31T07:45:21Z,55,0,0,23,0,0,1,1,1,1785473748
2026-07-31T07:45:21Z,56,0,0,43,0,0,1,1,1,1785481453
2026-07-31T07:45:21Z,57,0,0,27,0,0,1,1,1,1785474689
2026-07-31T07:45:21Z,58,0,0,28,0,0,1,1,1,1785476976
2026-07-31T07:45:21Z,59,0,0,25,2,0,1,1,1,1785483606
2026-07-31T07:45:21Z,61,0,0,39,0,0,1,1,1,1785476440
2026-07-31T07:45:21Z,62,0,0,48,1,0,1,1,1,1785477029
2026-07-31T07:45:21Z,63,13,0,6,0,0,1,1,1,1785479949
2026-07-31T07:45:21Z,64,9,0,6,4,0,1,1,1,1785474000
2026-07-31T07:45:21Z,65,17,7,1,1,0,1,1,1,1785481624
2026-07-31T07:45:21Z,67,17,0,22,0,0,1,1,1,1785480027
2026-07-31T07:45:21Z,68,0,0,37,0,0,1,1,1,1785476731
2026-07-31T07:45:21Z,69,15,2,0,0,0,1,1,1,1785476803
2026-07-31T07:45:21Z,71,1,0,25,1,0,1,1,1,1785483897
2026-07-31T07:45:21Z,72,14,3,15,2,0,1,1,1,1785483159
2026-07-31T07:45:21Z,73,0,0,31,0,0,1,1,1,1785474921
2026-07-31T07:45:21Z,74,12,6,6,1,0,1,1,1,1785483170
2026-07-31T07:45:21Z,75,0,0,31,1,0,1,1,1,1785473256
2026-07-31T07:45:21Z,76,18,0,0,1,0,1,1,1,1785483913
2026-07-31T07:45:21Z,77,24,1,2,1,0,1,1,1,1785477101
2026-07-31T07:45:21Z,78,9,4,13,1,0,1,1,1,1785483122
2026-07-31T07:45:21Z,79,5,3,11,1,0,1,1,1,1785482676
2026-07-31T07:45:21Z,80,18,0,2,3,0,1,1,1,1785483832
2026-07-31T07:45:21Z,81,7,0,24,0,0,1,1,1,1785483745
2026-07-31T07:45:21Z,82,12,0,11,0,0,1,1,1,1785480296
2026-07-31T07:45:21Z,83,4,0,29,1,0,1,1,1,1785483766
2026-07-31T07:45:21Z,84,27,0,0,0,0,1,1,1,1785477434
2026-07-31T07:45:21Z,85,1,1,14,0,0,1,1,1,1785479219
2026-07-31T07:45:21Z,86,25,0,1,1,0,1,1,1,1785478454
2026-07-31T07:45:21Z,87,11,1,8,0,0,1,1,1,1785479967
2026-07-31T07:45:21Z,88,0,0,42,1,0,1,1,1,1785480980
2026-07-31T07:45:21Z,89,22,0,13,0,0,1,1,1,1785483872
2026-07-31T07:45:21Z,90,2,0,14,2,0,1,1,1,1785480013
2026-07-31T07:45:21Z,91,14,0,3,0,0,1,1,1,1785480068
2026-07-31T07:45:21Z,92,12,5,4,3,0,1,1,1,1785483857
2026-07-31T07:45:21Z,93,0,0,23,0,0,1,1,1,1785483766
2026-07-31T07:45:21Z,94,2,0,16,1,0,1,1,1,1785482735
2026-07-31T07:45:21Z,95,25,1,8,1,1,1,1,1,1785483918
2026-07-31T07:45:21Z,96,29,0,1,1,0,1,1,1,1785479647
2026-07-31T07:45:21Z,97,0,0,16,1,0,1,1,1,1785483671
2026-07-31T07:45:21Z,98,20,1,14,1,0,1,1,1,1785483140
2026-07-31T07:45:21Z,99,4,2,11,0,0,1,1,1,1785476824
2026-07-31T07:45:21Z,100,0,0,27,0,0,1,1,1,1785482057
2026-07-31T07:45:21Z,101,1,0,13,2,0,1,1,1,1785483795
2026-07-31T07:45:21Z,102,0,0,23,0,0,1,1,1,1785477320
2026-07-31T07:45:21Z,103,9,0,21,0,0,1,1,1,1785483095
2026-07-31T07:45:21Z,104,0,0,25,2,0,1,1,1,1785483916
2026-07-31T07:45:21Z,105,16,1,3,0,0,1,1,1,1785468216
2026-07-31T07:45:21Z,106,0,0,21,0,0,1,1,1,1785462637
2026-07-31T07:45:21Z,107,0,0,37,0,0,1,1,1,1785474220
2026-07-31T07:45:21Z,108,15,1,20,0,0,1,1,1,1785483101
2026-07-31T07:45:21Z,109,6,0,17,0,0,1,1,1,1785483516
2026-07-31T07:45:21Z,110,14,2,9,0,0,1,1,1,1785482478
2026-07-31T07:45:21Z,111,0,0,36,0,0,1,1,1,1785479678
2026-07-31T07:45:21Z,112,10,1,4,1,0,1,1,1,1785482414
2026-07-31T07:45:21Z,113,2,0,14,3,0,1,1,1,1785483807
2026-07-31T07:45:21Z,114,6,5,23,1,1,1,1,1,1785483909
2026-07-31T07:45:21Z,115,3,1,23,2,0,1,1,1,1785479033
2026-07-31T07:45:21Z,116,4,3,22,1,0,1,1,1,1785480015
2026-07-31T07:45:21Z,118,20,9,0,3,0,1,1,1,1785482746
2026-07-31T07:45:21Z,119,33,2,2,3,0,1,1,1,1785483070
2026-07-31T07:45:21Z,120,23,1,3,1,0,1,1,1,1785483010
2026-07-31T07:45:21Z,121,5,2,13,0,1,1,1,1,1785483912
2026-07-31T07:45:21Z,122,13,0,7,1,0,1,1,1,1785482278
2026-07-31T07:45:21Z,123,8,1,39,0,0,1,1,1,1785477646
2026-07-31T07:45:21Z,124,32,1,3,0,0,1,1,1,1785483233
2026-07-31T07:45:21Z,125,6,1,17,0,0,1,1,1,1785483263
2026-07-31T07:45:21Z,126,24,2,7,0,0,1,1,1,1785482408
2026-07-31T07:45:21Z,127,8,0,25,2,0,1,1,1,1785483664
2026-07-31T07:45:21Z,128,0,0,19,0,0,1,1,1,1785483525
2026-07-31T07:45:21Z,129,17,1,0,2,0,1,1,1,1785479759
2026-07-31T07:45:21Z,130,5,0,12,0,0,1,1,1,1785469116
2026-07-31T07:45:21Z,131,8,3,1,2,0,1,1,1,1785478472
2026-07-31T07:45:21Z,132,10,4,4,0,1,1,1,1,1785483839
2026-07-31T07:45:21Z,134,2,0,16,5,0,1,1,1,1785483869
2026-07-31T07:45:21Z,135,6,2,13,0,0,1,1,1,1785483850
2026-07-31T07:45:21Z,136,5,0,10,1,7,1,1,1,1785483673
2026-07-31T07:45:21Z,137,3,1,16,0,0,1,1,1,1785483428
2026-07-31T07:45:21Z,138,35,2,2,0,0,1,1,1,1785483743
2026-07-31T07:45:21Z,139,19,5,0,0,0,1,1,1,1785476252
2026-07-31T07:45:21Z,140,13,7,8,2,0,1,1,1,1785483916
2026-07-31T07:45:21Z,141,31,1,5,0,0,1,1,1,1785482659
2026-07-31T07:45:21Z,142,22,1,1,0,0,1,1,1,1785483705
2026-07-31T07:45:21Z,143,13,3,17,1,0,1,1,1,1785482659
2026-07-31T07:45:21Z,144,22,0,5,0,0,1,1,1,1785482773
2026-07-31T07:45:21Z,146,6,1,16,1,0,1,1,1,1785480770
2026-07-31T07:45:21Z,147,11,1,6,2,0,1,1,1,1785483742
2026-07-31T07:45:21Z,148,24,0,2,0,1,1,1,1,1785483618
2026-07-31T07:45:21Z,149,14,4,12,1,0,1,1,1,1785483148
2026-07-31T07:45:21Z,150,31,7,2,2,0,1,1,1,1785483861
2026-07-31T07:45:21Z,151,21,8,2,0,0,1,1,1,1785483789
2026-07-31T07:45:21Z,152,19,0,4,4,0,1,1,1,1785483866
2026-07-31T07:45:21Z,153,12,1,13,6,0,1,1,1,1785483878
2026-07-31T07:45:21Z,154,20,7,0,3,0,1,1,1,1785483855
2026-07-31T07:45:21Z,155,13,4,0,1,0,1,1,1,1785483672
2026-07-31T07:45:21Z,156,15,0,4,0,0,1,1,1,1785482646
2026-07-31T07:45:21Z,157,16,1,9,2,0,1,1,1,1785483779
2026-07-31T07:45:21Z,158,16,2,0,0,0,1,1,1,1785471342
2026-07-31T07:45:21Z,159,5,3,14,0,0,1,1,1,1785477862
2026-07-31T07:45:21Z,160,19,1,0,0,0,1,1,1,1785475906
2026-07-31T07:45:21Z,161,14,0,8,0,0,1,1,1,1785483866
2026-07-31T07:45:21Z,162,14,3,12,1,0,1,1,1,1785483258
2026-07-31T07:45:21Z,163,30,2,0,0,1,1,1,1,1785483825
2026-07-31T07:45:21Z,164,22,6,5,0,0,1,1,1,1785481845
2026-07-31T07:45:21Z,165,29,13,0,2,0,1,1,1,1785481777
2026-07-31T07:45:21Z,166,32,8,2,5,0,1,1,1,1785483911
2026-07-31T07:45:21Z,167,21,10,0,2,0,1,1,1,1785477751
2026-07-31T07:45:21Z,168,21,0,5,1,0,1,1,1,1785483654
2026-07-31T07:45:21Z,169,2,0,20,0,1,1,1,1,1785482877
2026-07-31T07:45:21Z,170,17,5,1,1,0,1,1,1,1785482895
2026-07-31T07:45:21Z,171,10,3,1,2,0,1,1,1,1785483856
2026-07-31T07:45:21Z,173,37,0,2,0,0,1,1,1,1785483363
2026-07-31T07:45:21Z,174,22,1,2,2,0,1,1,1,1785482500
2026-07-31T07:45:21Z,175,8,0,23,0,0,1,1,1,1785483031
2026-07-31T07:45:21Z,176,6,2,8,0,1,1,1,1,1785483524
2026-07-31T07:45:21Z,177,22,3,5,0,0,1,1,1,1785483398
2026-07-31T07:45:21Z,178,2,0,10,2,1,1,1,1,1785483916
2026-07-31T07:45:21Z,179,12,2,2,1,0,1,1,1,1785483631
2026-07-31T07:45:21Z,180,27,0,3,0,0,1,1,1,1785468302
2026-07-31T07:45:21Z,181,13,0,1,1,0,1,1,1,1785482083
2026-07-31T07:45:21Z,182,16,1,1,0,0,1,1,1,1785483091
2026-07-31T07:45:21Z,183,17,0,6,0,0,1,1,1,1785483484
2026-07-31T07:45:21Z,184,0,0,22,1,0,1,1,1,1785483491
2026-07-31T07:45:21Z,185,12,1,0,2,1,1,1,1,1785473000
2026-07-31T07:45:21Z,186,5,3,14,0,0,1,1,1,1785483200
2026-07-31T07:45:21Z,187,10,0,17,1,0,1,1,1,1785483489
2026-07-31T07:45:21Z,188,14,0,5,8,0,1,1,1,1785483807
2026-07-31T07:45:21Z,189,15,4,0,0,0,1,1,1,1785479966
2026-07-31T07:45:21Z,190,3,1,20,0,0,1,1,1,1785483422
2026-07-31T07:45:21Z,191,2,1,37,0,0,1,1,1,1785483208
2026-07-31T07:45:21Z,192,10,4,18,3,0,1,1,1,1785481579
2026-07-31T07:45:21Z,193,1,0,14,0,0,1,1,1,1785483369
2026-07-31T07:45:21Z,194,15,1,11,1,0,1,1,1,1785482458
2026-07-31T07:45:21Z,195,14,2,5,0,0,1,1,1,1785483249
2026-07-31T07:45:21Z,196,23,1,1,3,0,1,1,1,1785483775
2026-07-31T07:45:21Z,197,15,3,2,1,1,1,1,1,1785482526
2026-07-31T07:45:21Z,198,21,16,1,1,0,1,1,1,1785482556
2026-07-31T07:45:21Z,199,7,5,5,3,0,1,1,1,1785483728
2026-07-31T07:45:21Z,200,15,0,10,1,0,1,1,1,1785482100
2026-07-31T07:45:21Z,201,8,3,15,0,0,1,1,1,1785482886
2026-07-31T07:45:21Z,202,0,0,27,0,0,1,1,1,1785477488
2026-07-31T07:45:21Z,203,24,3,6,1,0,1,1,1,1785482651
2026-07-31T07:45:21Z,204,32,2,2,1,0,1,1,1,1785482738
2026-07-31T07:45:21Z,205,12,1,15,0,0,1,1,1,1785482737
2026-07-31T07:45:21Z,206,1,1,13,1,0,1,1,1,1785481802
2026-07-31T07:45:21Z,207,14,0,7,0,0,1,1,1,1785481979
2026-07-31T07:45:21Z,208,2,0,27,0,0,1,1,1,1785477246
2026-07-31T07:45:21Z,209,9,0,18,4,0,1,1,1,1785483878
2026-07-31T07:45:21Z,210,23,2,4,0,0,1,1,1,1785479794
2026-07-31T07:45:21Z,211,16,6,6,1,0,1,1,1,1785482104
2026-07-31T07:45:21Z,212,25,0,9,1,0,1,1,1,1785483763
2026-07-31T07:45:21Z,213,12,1,9,2,0,1,1,1,1785483813
2026-07-31T07:45:21Z,214,27,1,15,5,0,1,1,1,1785483020
2026-07-31T07:45:21Z,215,6,1,16,1,0,1,1,1,1785481068
2026-07-31T07:45:21Z,216,10,0,8,1,0,1,1,1,1785482156
2026-07-31T07:45:21Z,217,9,0,19,1,0,1,1,1,1785483613
2026-07-31T07:45:21Z,218,4,2,34,1,0,1,1,1,1785483886
2026-07-31T07:45:21Z,219,0,0,25,1,0,1,1,1,1785478263
2026-07-31T07:45:21Z,220,24,7,17,1,1,1,1,1,1785481569
2026-07-31T07:45:21Z,221,14,9,0,1,0,1,1,1,1785481721
2026-07-31T07:45:21Z,222,18,14,0,1,0,1,1,1,1785478290
2026-07-31T07:45:21Z,223,8,3,24,3,0,1,1,1,1785483635
2026-07-31T07:45:21Z,224,6,4,15,1,0,1,1,1,1785483707
2026-07-31T07:45:21Z,225,10,0,3,6,0,1,1,1,1785483556
2026-07-31T07:45:21Z,226,30,10,1,0,0,1,1,1,1785483684
2026-07-31T07:45:21Z,227,20,13,6,0,1,1,1,1,1785481900
2026-07-31T07:45:21Z,228,1,0,17,1,0,1,1,1,1785478667
2026-07-31T07:45:21Z,230,16,9,10,0,0,1,1,1,1785483055
2026-07-31T07:45:21Z,232,13,6,3,1,0,1,1,1,1785482484
2026-07-31T07:45:21Z,233,21,2,8,2,0,1,1,1,1785483700
2026-07-31T07:45:21Z,234,8,3,6,3,2,1,1,1,1785483414
2026-07-31T07:45:21Z,236,14,3,5,0,0,1,1,1,1785480280
2026-07-31T07:45:21Z,237,22,4,0,1,0,1,1,1,1785478521
2026-07-31T07:45:21Z,239,23,18,1,3,0,1,1,1,1785481739
2026-07-31T07:45:21Z,241,18,6,5,0,0,1,1,1,1785483298
2026-07-31T07:45:21Z,242,0,0,22,1,0,1,1,1,1785479959
2026-07-31T07:45:21Z,243,10,0,20,1,0,1,1,1,1785482784
2026-07-31T07:45:21Z,244,14,0,12,1,0,1,1,1,1785483141
2026-07-31T07:45:21Z,245,5,3,18,0,0,1,1,1,1785482491
2026-07-31T07:45:21Z,246,1,0,22,0,0,1,1,1,1785481575
2026-07-31T07:45:21Z,247,13,11,10,0,0,1,1,1,1785477646
2026-07-31T07:45:21Z,248,20,5,1,2,0,1,1,1,1785483502
2026-07-31T07:45:21Z,249,2,1,17,0,0,1,1,1,1785481572
2026-07-31T07:45:21Z,250,3,3,23,1,0,1,1,1,1785483886
2026-07-31T07:45:21Z,251,2,2,22,3,0,1,1,1,1785481704
2026-07-31T07:45:21Z,253,6,3,12,1,0,1,1,1,1785482813
2026-07-31T07:45:21Z,254,26,21,16,1,0,1,1,1,1785483082
2026-07-31T07:45:21Z,255,4,0,18,0,1,1,1,1,1785483778
2026-07-31T07:45:21Z,256,12,7,10,1,0,1,1,1,1785482846
2026-07-31T07:45:21Z,257,14,6,4,1,0,1,1,1,1785482023
2026-07-31T07:45:21Z,258,1,0,18,0,0,1,1,1,1785482036
2026-07-31T07:45:21Z,259,20,3,2,0,1,1,1,1,1785480149
2026-07-31T07:45:21Z,260,15,4,1,3,0,1,1,1,1785480838
2026-07-31T07:45:21Z,261,16,0,1,1,1,1,1,1,1785476974
2026-07-31T07:45:21Z,262,18,9,5,0,0,1,1,1,1785483254
2026-07-31T07:45:21Z,263,14,3,1,0,0,1,1,1,1785480222
2026-07-31T07:45:21Z,264,18,6,0,1,0,1,1,1,1785474915
2026-07-31T07:45:21Z,265,15,1,0,0,0,1,1,1,1785473819
2026-07-31T07:45:21Z,266,17,8,0,2,0,1,1,1,1785481181
2026-07-31T07:45:21Z,267,7,3,6,2,0,1,1,1,1785473359
2026-07-31T07:45:21Z,268,23,9,0,0,0,1,1,1,1785477959
2026-07-31T07:45:21Z,269,9,3,13,1,0,1,1,1,1785483425
2026-07-31T07:45:21Z,270,25,3,2,0,0,1,1,1,1785476595
2026-07-31T07:45:21Z,271,0,0,17,2,0,1,1,1,1785468500
2026-07-31T07:45:21Z,272,13,13,9,1,0,1,1,1,1785482344
2026-07-31T07:45:21Z,273,14,5,1,0,0,1,1,1,1785483199
2026-07-31T07:45:21Z,274,18,8,0,1,0,1,1,1,1785472651
2026-07-31T07:45:21Z,275,13,0,6,2,2,1,1,1,1785483645
2026-07-31T07:45:21Z,276,1,0,26,0,0,1,1,1,1785477868
2026-07-31T07:45:21Z,277,12,1,6,5,0,1,1,1,1785483703
2026-07-31T07:45:21Z,278,9,0,19,2,1,1,1,1,1785483781
2026-07-31T07:45:21Z,279,16,0,3,0,0,1,1,1,1785483819
2026-07-31T07:45:21Z,280,11,1,18,2,0,1,1,1,1785483768
2026-07-31T07:45:21Z,281,19,0,0,0,0,1,1,1,1785466757
2026-07-31T07:45:21Z,282,5,2,13,0,0,1,1,1,1785478680
2026-07-31T07:45:21Z,283,32,1,3,0,0,1,1,1,1785483551
2026-07-31T07:45:21Z,284,19,5,14,2,0,1,1,1,1785482962
2026-07-31T07:45:21Z,285,9,8,14,0,0,1,1,1,1785480219
2026-07-31T07:45:21Z,286,18,18,3,2,0,1,1,1,1785483716
2026-07-31T07:45:21Z,287,13,4,7,3,0,1,1,1,1785483416
2026-07-31T07:45:21Z,288,14,10,5,0,0,1,1,1,1785480320
2026-07-31T07:45:21Z,289,21,0,3,3,0,1,1,1,1785483396
2026-07-31T07:45:21Z,290,7,0,31,1,0,1,1,1,1785482049
2026-07-31T07:45:21Z,291,10,2,11,2,0,1,1,1,1785480338
2026-07-31T07:45:21Z,292,22,0,1,0,0,1,1,1,1785482223
2026-07-31T07:45:21Z,293,16,10,7,0,0,1,1,1,1785479995
2026-07-31T07:45:21Z,294,3,3,18,1,0,1,1,1,1785483800
2026-07-31T07:45:21Z,297,10,1,6,2,1,1,1,1,1785482856
2026-07-31T07:45:21Z,301,17,0,2,0,0,1,1,1,1785480715
2026-07-31T07:45:21Z,302,0,0,23,0,0,1,1,1,1785478135
2026-07-31T07:45:21Z,303,19,0,0,0,0,1,1,1,1785481123
2026-07-31T07:45:21Z,304,0,0,0,0,0,0,1,1,86400
2026-07-31T07:45:21Z,305,19,0,0,0,0,1,1,1,1785477474
2026-07-31T07:45:21Z,306,2,0,29,1,0,1,1,1,1785481204
2026-07-31T07:45:21Z,307,17,1,4,1,1,1,1,1,1785483894
2026-07-31T07:45:21Z,308,14,0,3,2,0,1,1,1,1785478365
2026-07-31T07:45:21Z,309,0,0,13,1,0,1,1,1,1785483114
2026-07-31T07:45:21Z,311,15,0,0,0,0,1,1,1,1785476190
2026-07-31T07:45:21Z,312,6,3,12,4,1,1,1,1,1785483905
2026-07-31T07:45:21Z,313,3,1,12,0,0,1,1,1,1785479124
2026-07-31T07:45:21Z,314,4,3,11,3,0,1,1,1,1785477432
2026-07-31T07:45:21Z,315,23,6,5,3,0,1,1,1,1785478922
2026-07-31T07:45:21Z,316,18,4,1,11,1,1,1,1,1785483898
2026-07-31T07:45:21Z,317,1,1,29,0,1,1,1,1,1785483744
2026-07-31T07:45:21Z,318,16,0,3,0,0,1,1,1,1785478379
2026-07-31T07:45:21Z,319,15,2,7,1,0,1,1,1,1785483766
2026-07-31T07:45:21Z,320,18,5,0,1,0,1,1,1,1785483872
2026-07-31T07:45:21Z,321,6,1,9,4,0,1,1,1,1785483789
2026-07-31T07:45:21Z,322,5,1,22,2,0,1,1,1,1785482514
2026-07-31T07:45:21Z,323,8,0,11,0,0,1,1,1,1785476374
2026-07-31T07:45:21Z,324,7,2,19,1,0,1,1,1,1785483919
2026-07-31T07:45:21Z,325,3,3,22,2,0,1,1,1,1785475862
2026-07-31T07:45:21Z,327,26,0,0,1,0,1,1,1,1785482854
2026-07-31T07:45:21Z,328,19,0,2,1,0,1,1,1,1785483312
2026-07-31T07:45:21Z,329,17,0,0,2,0,1,1,1,1785480406
2026-07-31T07:45:21Z,330,1,0,21,0,0,1,1,1,1785479032
2026-07-31T07:45:21Z,331,9,2,13,1,0,1,1,1,1785481784
2026-07-31T07:45:21Z,332,8,1,9,2,0,1,1,1,1785476757
2026-07-31T07:45:21Z,333,1,1,21,1,0,1,1,1,1785482520
2026-07-31T07:45:21Z,334,11,9,12,0,0,1,1,1,1785478276
2026-07-31T07:45:21Z,335,3,2,18,1,1,1,1,1,1785477902
2026-07-31T07:45:21Z,336,18,2,1,0,0,1,1,1,1785483787
2026-07-31T07:45:21Z,337,18,3,0,5,0,1,1,1,1785483759
2026-07-31T07:45:21Z,338,18,8,1,0,0,1,1,1,1785482978
2026-07-31T07:45:21Z,339,19,10,3,1,0,1,1,1,1785483817
2026-07-31T07:45:21Z,340,14,11,0,1,0,1,1,1,1785470343
2026-07-31T07:45:21Z,341,11,4,8,0,0,1,1,1,1785479749
2026-07-31T07:45:21Z,342,13,7,0,2,0,1,1,1,1785475446
2026-07-31T07:45:21Z,343,20,1,2,1,0,1,1,1,1785480772
2026-07-31T07:45:21Z,344,23,9,0,0,0,1,1,1,1785476320
2026-07-31T07:45:21Z,345,17,3,2,0,0,1,1,1,1785483516
2026-07-31T07:45:21Z,346,7,5,16,0,0,1,1,1,1785479213
2026-07-31T07:45:21Z,347,0,0,42,2,0,1,1,1,1785483918
2026-07-31T07:45:21Z,348,21,3,0,1,1,1,1,1,1785483698
2026-07-31T07:45:21Z,349,4,0,15,0,0,1,1,1,1785479326
2026-07-31T07:45:21Z,350,24,3,1,1,1,1,1,1,1785482374
2026-07-31T07:45:21Z,351,20,3,0,3,0,1,1,1,1785483689
2026-07-31T07:45:21Z,355,23,1,0,0,0,1,1,1,1785477413
2026-07-31T07:45:21Z,356,17,2,2,0,0,1,1,1,1785482282
2026-07-31T07:45:21Z,357,11,4,8,0,0,1,1,1,1785479515
2026-07-31T07:45:21Z,358,25,5,1,1,0,1,1,1,1785482008
2026-07-31T07:45:21Z,359,22,0,5,0,0,1,1,1,1785482858
2026-07-31T07:45:21Z,360,16,4,1,2,0,1,1,1,1785479093
2026-07-31T07:45:21Z,362,17,5,0,2,0,1,1,1,1785482014
2026-07-31T07:45:21Z,363,0,0,27,0,0,1,1,1,1785483419
2026-07-31T07:45:21Z,364,19,3,0,0,0,1,1,1,1785483692
2026-07-31T07:45:21Z,365,18,6,2,3,0,1,1,1,1785483765
2026-07-31T07:45:21Z,366,11,4,4,8,0,1,1,1,1785483804
2026-07-31T07:45:21Z,367,16,9,1,2,0,1,1,1,1785478153
2026-07-31T07:45:21Z,368,20,3,1,2,0,1,1,1,1785482737
2026-07-31T07:45:21Z,370,16,9,11,0,0,1,1,1,1785479785
2026-07-31T07:45:21Z,371,3,1,15,1,0,1,1,1,1785480887
2026-07-31T07:45:21Z,372,8,2,7,0,0,1,1,1,1785482153
2026-07-31T07:45:21Z,373,22,7,5,0,0,1,1,1,1785482547
2026-07-31T07:45:21Z,374,17,7,0,2,0,1,1,1,1785483735
2026-07-31T07:45:21Z,375,22,5,3,2,0,1,1,1,1785482460
2026-07-31T07:45:21Z,376,30,4,4,5,0,1,1,1,1785482242
2026-07-31T07:45:21Z,377,24,8,3,0,0,1,1,1,1785483409
2026-07-31T07:45:21Z,378,22,5,0,1,1,1,1,1,1785483649
2026-07-31T07:45:21Z,379,15,0,12,0,0,1,1,1,1785482863
2026-07-31T07:45:21Z,380,22,7,0,1,0,1,1,1,1785476861
2026-07-31T07:45:21Z,381,14,0,9,0,0,1,1,1,1785482950
2026-07-31T07:45:21Z,383,12,0,1,2,0,1,1,1,1785480220
2026-07-31T07:45:21Z,384,26,1,0,1,0,1,1,1,1785479554
2026-07-31T07:45:21Z,385,16,4,1,1,0,1,1,1,1785480137
2026-07-31T07:45:21Z,387,22,2,1,0,0,1,1,1,1785482782
2026-07-31T07:45:21Z,388,16,3,33,0,0,1,1,1,1785481664
2026-07-31T07:45:21Z,389,10,8,5,0,0,1,1,1,1785482275
2026-07-31T07:45:21Z,390,17,0,18,0,0,1,1,1,1785481268
2026-07-31T07:45:21Z,391,4,0,10,1,0,1,1,1,1785475375
2026-07-31T07:45:21Z,392,3,3,15,1,0,1,1,1,1785483914
2026-07-31T07:45:21Z,393,3,3,5,3,0,1,1,1,1785480120
2026-07-31T07:45:21Z,394,9,6,2,2,0,1,1,1,1785481308
2026-07-31T07:45:21Z,396,7,7,32,3,0,1,1,1,1785483097
2026-07-31T07:45:21Z,397,4,4,27,0,0,1,1,1,1785479502
2026-07-31T07:45:21Z,399,13,2,2,2,0,1,1,1,1785483706
2026-07-31T07:45:21Z,400,11,6,9,3,0,1,1,1,1785483812
2026-07-31T07:45:21Z,401,10,0,21,8,0,1,1,1,1785475540
2026-07-31T07:45:21Z,403,4,0,25,2,0,1,1,1,1785483716
2026-07-31T07:45:21Z,404,3,2,19,1,0,1,1,1,1785481745
2026-07-31T07:45:21Z,406,2,0,32,1,0,1,1,1,1785476032
2026-07-31T07:45:21Z,407,16,3,17,1,0,1,1,1,1785479176
2026-07-31T07:45:21Z,408,12,2,20,1,0,1,1,1,1785480622
2026-07-31T07:45:21Z,409,0,0,20,3,0,1,1,1,1785474552
2026-07-31T07:45:21Z,413,17,4,4,2,0,1,1,1,1785481307
2026-07-31T07:45:21Z,414,12,3,2,1,0,1,1,1,1785478779
2026-07-31T07:45:21Z,417,11,7,8,0,0,1,1,1,1785478784
2026-07-31T07:45:21Z,418,1,0,13,1,0,1,1,1,1785476979
2026-07-31T07:45:21Z,419,10,0,12,1,0,1,1,1,1785476705
2026-07-31T07:45:21Z,421,1,0,18,0,0,1,1,1,1785475529
2026-07-31T07:45:21Z,422,4,3,23,0,0,1,1,1,1785483558
2026-07-31T07:45:21Z,423,6,1,17,0,0,1,1,1,1785477801
2026-07-31T07:45:21Z,424,0,0,12,3,0,1,1,1,1785483881
2026-07-31T07:45:21Z,425,20,0,1,0,1,1,1,1,1785482287
2026-07-31T07:45:21Z,426,0,0,34,3,0,1,1,1,1785482609
2026-07-31T07:45:21Z,427,14,1,0,1,0,1,1,1,1785483651
2026-07-31T07:45:21Z,428,13,1,5,1,0,1,1,1,1785482000
2026-07-31T07:45:21Z,429,4,0,17,2,0,1,1,1,1785483470
2026-07-31T07:45:21Z,430,27,0,1,3,0,1,1,1,1785479655
2026-07-31T07:45:21Z,431,14,0,18,1,0,1,1,1,1785477264
2026-07-31T07:45:21Z,432,19,0,10,2,0,1,1,1,1785483854
2026-07-31T07:45:21Z,433,19,6,3,1,0,1,1,1,1785477238
2026-07-31T07:45:21Z,437,3,0,15,1,0,1,1,1,1785483772
2026-07-31T07:45:21Z,438,17,0,1,1,0,1,1,1,1785483887
2026-07-31T07:45:21Z,439,5,0,10,0,0,1,1,1,1785472574
2026-07-31T07:45:21Z,440,12,0,1,2,0,1,1,1,1785478593
2026-07-31T07:45:21Z,441,10,2,4,1,0,1,1,1,1785482848
2026-07-31T07:45:21Z,442,17,9,1,1,0,1,1,1,1785481675
2026-07-31T07:45:21Z,443,4,2,23,0,0,1,1,1,1785472492
2026-07-31T07:45:21Z,444,2,2,21,0,0,1,1,1,1785476160
2026-07-31T07:45:21Z,445,7,2,15,1,0,1,1,1,1785483797
2026-07-31T07:45:21Z,446,1,1,21,1,0,1,1,1,1785470328
2026-07-31T07:45:21Z,447,3,0,18,1,1,1,1,1,1785467157
2026-07-31T07:45:21Z,448,9,4,4,1,1,1,1,1,1785483754
2026-07-31T07:45:21Z,452,7,6,11,1,0,1,1,1,1785483617
2026-07-31T07:45:21Z,453,8,5,6,1,0,1,1,1,1785478990
2026-07-31T07:45:21Z,454,7,0,12,0,0,1,1,1,1785481140
2026-07-31T07:45:21Z,455,0,0,39,0,0,1,1,1,1785483866
2026-07-31T07:45:21Z,456,10,0,9,1,0,1,1,1,1785483730
2026-07-31T07:45:21Z,457,25,2,0,2,0,1,1,1,1785481257
2026-07-31T07:45:21Z,458,15,6,8,0,0,1,1,1,1785481584
2026-07-31T07:45:21Z,459,15,0,0,0,0,1,1,1,1785481242
2026-07-31T07:45:21Z,460,21,2,1,1,0,1,1,1,1785476745
2026-07-31T07:45:21Z,461,5,1,14,0,0,1,1,1,1785481343
2026-07-31T07:45:21Z,462,7,0,14,0,0,1,1,1,1785483226
2026-07-31T07:45:21Z,463,13,1,6,0,0,1,1,1,1785475514
2026-07-31T07:45:21Z,464,3,1,11,0,0,1,1,1,1785480808
2026-07-31T07:45:21Z,465,1,1,13,1,0,1,1,1,1785478066
2026-07-31T07:45:21Z,466,11,3,2,2,0,1,1,1,1785470197
2026-07-31T07:45:21Z,467,5,1,13,1,0,1,1,1,1785471818
2026-07-31T07:45:21Z,468,17,1,1,1,0,1,1,1,1785473309
2026-07-31T07:45:21Z,469,2,1,21,0,0,1,1,1,1785473803
2026-07-31T07:45:21Z,470,13,1,0,2,0,1,1,1,1785480402
2026-07-31T07:45:21Z,471,20,2,7,0,0,1,1,1,1785475642
2026-07-31T07:45:21Z,472,18,6,0,1,0,1,1,1,1785483854
2026-07-31T07:45:21Z,473,19,5,0,0,0,1,1,1,1785474055
2026-07-31T07:45:21Z,474,18,0,1,0,0,1,1,1,1785482659
2026-07-31T07:45:21Z,475,3,0,15,1,0,1,1,1,1785483842
2026-07-31T07:45:21Z,477,12,8,2,1,0,1,1,1,1785479943
2026-07-31T07:45:21Z,478,6,0,24,1,0,1,1,1,1785483785
2026-07-31T07:45:21Z,479,1,0,25,1,0,1,1,1,1785481762
2026-07-31T07:45:21Z,480,2,0,10,3,0,1,1,1,1785482640
2026-07-31T07:45:21Z,481,26,1,8,1,0,1,1,1,1785483613
2026-07-31T07:45:21Z,482,17,5,2,0,0,1,1,1,1785482172
2026-07-31T07:45:21Z,483,1,0,24,2,0,1,1,1,1785483832
2026-07-31T07:45:21Z,484,8,2,10,1,0,1,1,1,1785483722
2026-07-31T07:45:21Z,485,16,6,1,1,1,1,1,1,1785483903
2026-07-31T07:45:21Z,486,24,6,1,2,0,1,1,1,1785483875
2026-07-31T07:45:21Z,487,6,4,12,1,0,1,1,1,1785481399
2026-07-31T07:45:21Z,489,15,6,0,0,0,1,1,1,1785477479
2026-07-31T07:45:21Z,490,1,1,15,0,0,1,1,1,1785474401
2026-07-31T07:45:21Z,491,4,1,17,0,0,1,1,1,1785483175
2026-07-31T07:45:21Z,492,5,3,2,4,0,1,1,1,1785483914
2026-07-31T07:45:21Z,493,0,0,26,1,0,1,1,1,1785478572
2026-07-31T07:45:21Z,495,12,1,2,1,0,1,1,1,1785472753
2026-07-31T07:45:21Z,496,27,1,0,0,0,1,1,1,1785476805
2026-07-31T07:45:21Z,497,17,0,1,1,0,1,1,1,1785473754
2026-07-31T07:45:21Z,498,22,4,0,1,0,1,1,1,1785482401
2026-07-31T07:45:21Z,499,18,2,1,0,0,1,1,1,1785482441
2026-07-31T07:45:21Z,500,10,5,0,5,0,1,1,1,1785474639
2026-07-31T07:45:21Z,501,9,3,12,0,0,1,1,1,1785472226
2026-07-31T07:45:21Z,502,6,0,13,0,0,1,1,1,1785473972
2026-07-31T07:45:21Z,503,26,0,4,1,0,1,1,1,1785482589
2026-07-31T07:45:21Z,504,0,0,39,0,0,1,1,1,1785475893
2026-07-31T07:45:21Z,505,11,2,0,1,0,1,1,1,1785475102
2026-07-31T07:45:21Z,511,1,1,22,0,0,1,1,1,1785477213
2026-07-31T07:45:21Z,512,7,0,20,0,0,1,1,1,1785480589
2026-07-31T07:45:21Z,514,10,0,0,1,0,1,1,1,1785473367
2026-07-31T07:45:21Z,515,2,0,17,0,0,1,1,1,1785475097
2026-07-31T07:45:21Z,516,1,0,26,0,0,1,1,1,1785483694
2026-07-31T07:45:21Z,517,14,3,8,1,0,1,1,1,1785477619
2026-07-31T07:45:21Z,518,14,1,0,1,0,1,1,1,1785481277
2026-07-31T07:45:21Z,519,4,0,13,2,0,1,1,1,1785483784
2026-07-31T07:45:21Z,520,9,6,12,5,1,1,1,1,1785483916
2026-07-31T07:45:21Z,521,17,5,6,0,0,1,1,1,1785479613
2026-07-31T07:45:21Z,522,1,0,21,1,0,1,1,1,1785483856
2026-07-31T07:45:21Z,523,6,3,16,1,0,1,1,1,1785481269
2026-07-31T07:45:21Z,524,0,0,23,0,0,1,1,1,1785482014
2026-07-31T07:45:21Z,525,7,0,12,0,0,1,1,1,1785483347
2026-07-31T07:45:21Z,526,13,1,0,2,0,1,1,1,1785479907
2026-07-31T07:45:21Z,527,6,4,17,3,0,1,1,1,1785483629
2026-07-31T07:45:21Z,528,21,2,1,1,0,1,1,1,1785474198
2026-07-31T07:45:21Z,529,5,2,8,6,0,1,1,1,1785483919
2026-07-31T07:45:21Z,530,16,1,3,2,0,1,1,1,1785482854
2026-07-31T07:45:21Z,531,21,1,0,1,1,1,1,1,1785477777
2026-07-31T07:45:21Z,532,3,3,26,1,1,1,1,1,1785481447
2026-07-31T07:45:21Z,533,7,0,10,2,0,1,1,1,1785481340
2026-07-31T07:45:21Z,534,14,1,9,0,0,1,1,1,1785482633
2026-07-31T07:45:21Z,535,2,0,13,0,0,1,1,1,1785478138
2026-07-31T07:45:21Z,536,1,0,22,0,0,1,1,1,1785481161
2026-07-31T07:45:21Z,537,0,0,20,0,0,1,1,1,1785482824
2026-07-31T07:45:21Z,538,21,8,0,0,2,1,1,1,1785483838
2026-07-31T07:45:21Z,539,4,4,27,0,0,1,1,1,1785470894
2026-07-31T07:45:21Z,540,2,1,17,0,0,1,1,1,1785476481
2026-07-31T07:45:21Z,541,26,2,0,1,0,1,1,1,1785480778
2026-07-31T07:45:21Z,542,2,2,21,0,0,1,1,1,1785467748
2026-07-31T07:45:21Z,543,17,2,1,1,0,1,1,1,1785477292
2026-07-31T07:45:21Z,544,14,1,4,4,0,1,1,1,1785474116
2026-07-31T07:45:21Z,545,0,0,17,2,0,1,1,1,1785483239
2026-07-31T07:45:21Z,546,14,6,5,0,0,1,1,1,1785482694
2026-07-31T07:45:21Z,547,17,0,8,0,0,1,1,1,1785480318
2026-07-31T07:45:21Z,548,13,0,10,0,0,1,1,1,1785483616
2026-07-31T07:45:21Z,549,20,0,3,0,0,1,1,1,1785477960
2026-07-31T07:45:21Z,550,3,1,16,0,0,1,1,1,1785483892
2026-07-31T07:45:21Z,551,16,4,7,0,0,1,1,1,1785472754
2026-07-31T07:45:21Z,552,27,3,0,0,0,1,1,1,1785474710
2026-07-31T07:45:21Z,553,22,5,0,0,1,1,1,1,1785483611
2026-07-31T07:45:21Z,554,1,1,18,0,0,1,1,1,1785481543
2026-07-31T07:45:21Z,555,14,6,0,1,0,1,1,1,1785473227
2026-07-31T07:45:21Z,556,21,4,0,2,0,1,1,1,1785483747
2026-07-31T07:45:21Z,557,6,4,12,5,0,1,1,1,1785481664
2026-07-31T07:45:21Z,558,27,4,10,0,0,1,1,1,1785482878
2026-07-31T07:45:21Z,559,0,0,18,1,0,1,1,1,1785471117
2026-07-31T07:45:21Z,560,8,0,19,0,0,1,1,1,1785481488
2026-07-31T07:45:21Z,561,13,1,9,1,0,1,1,1,1785475550
2026-07-31T07:45:21Z,562,3,0,29,3,0,1,1,1,1785474061
2026-07-31T07:45:21Z,563,11,1,3,0,0,1,1,1,1785482241
2026-07-31T07:45:21Z,564,12,0,6,1,0,1,1,1,1785482523
2026-07-31T07:45:21Z,565,6,2,13,0,0,1,1,1,1785482411
2026-07-31T07:45:21Z,566,16,0,2,1,0,1,1,1,1785483854
2026-07-31T07:45:21Z,567,24,0,2,1,0,1,1,1,1785477137
2026-07-31T07:45:21Z,568,13,0,5,1,0,1,1,1,1785483409
2026-07-31T07:45:21Z,569,17,3,2,0,0,1,1,1,1785480726
2026-07-31T07:45:21Z,570,11,1,8,0,0,1,1,1,1785478027
2026-07-31T07:45:21Z,571,12,0,11,0,0,1,1,1,1785483891
2026-07-31T07:45:21Z,572,17,5,2,0,0,1,1,1,1785475634
2026-07-31T07:45:21Z,573,14,0,1,0,0,1,1,1,1785477739
2026-07-31T07:45:21Z,574,10,3,5,0,0,1,1,1,1785478785
2026-07-31T07:45:21Z,575,5,1,15,1,0,1,1,1,1785482094
2026-07-31T07:45:21Z,576,2,0,15,2,0,1,1,1,1785482892
2026-07-31T07:45:21Z,577,12,0,19,0,0,1,1,1,1785483392
2026-07-31T07:45:21Z,578,13,8,9,1,0,1,1,1,1785478764
2026-07-31T07:45:21Z,579,4,0,39,0,0,1,1,1,1785482722
2026-07-31T07:45:21Z,580,4,0,25,0,0,1,1,1,1785479325
2026-07-31T07:45:21Z,581,19,3,0,0,0,1,1,1,1785478520
2026-07-31T07:45:21Z,582,22,0,38,1,0,1,1,1,1785483884
2026-07-31T07:45:21Z,583,23,1,0,0,0,1,1,1,1785480947
2026-07-31T07:45:21Z,584,9,4,6,4,0,1,1,1,1785475747
2026-07-31T07:45:21Z,585,16,3,10,0,1,1,1,1,1785482653
2026-07-31T07:45:21Z,586,14,0,21,0,0,1,1,1,1785482020
2026-07-31T07:45:21Z,587,20,0,3,1,0,1,1,1,1785482282
2026-07-31T07:45:21Z,588,12,4,4,3,0,1,1,1,1785483785
2026-07-31T07:45:21Z,589,0,0,0,23,0,1,1,1,1785483892
2026-07-31T07:45:21Z,590,19,4,11,1,0,1,1,1,1785479272
2026-07-31T07:45:21Z,591,28,1,0,2,0,1,1,1,1785470989
2026-07-31T07:45:21Z,592,13,0,10,0,0,1,1,1,1785482935
2026-07-31T07:45:21Z,593,0,0,38,0,0,1,1,1,1785476655
2026-07-31T07:45:21Z,594,7,0,10,4,0,1,1,1,1785483911
2026-07-31T07:45:21Z,595,0,0,3,0,0,0,1,1,1784046673
2026-07-31T07:45:21Z,605,0,0,2,1,0,0,1,1,1783975843
2026-07-31T07:45:21Z,606,0,0,0,0,0,0,1,1,86400
2026-07-31T07:45:21Z,607,8,0,23,1,0,1,1,1,1785483245
2026-07-31T07:45:21Z,608,0,0,50,0,0,1,1,1,1785482473
2026-07-31T07:45:21Z,609,1,0,22,0,0,1,1,1,1785483893
2026-07-31T07:45:21Z,610,0,0,35,0,0,1,1,1,1785463583
2026-07-31T07:45:21Z,611,12,0,14,1,0,1,1,1,1785483600
2026-07-31T07:45:21Z,612,6,1,9,0,0,1,1,1,1785472015
2026-07-31T07:45:21Z,613,9,0,3,3,0,1,1,1,1785472894
2026-07-31T07:45:21Z,614,0,0,24,2,1,1,1,1,1785474126
2026-07-31T07:45:21Z,617,12,0,1,2,0,1,1,1,1785482239
2026-07-31T07:45:21Z,618,13,2,1,5,0,1,1,1,1785473502
2026-07-31T07:45:21Z,619,7,2,12,0,0,1,1,1,1785483534
2026-07-31T07:45:21Z,620,0,0,25,2,0,1,1,1,1785478133
2026-07-31T07:45:21Z,621,14,4,9,0,0,1,1,1,1785480136
2026-07-31T07:45:21Z,622,5,2,17,1,0,1,1,1,1785480182
2026-07-31T07:45:21Z,623,9,2,20,1,0,1,1,1,1785475996
2026-07-31T07:45:21Z,624,2,0,13,0,0,1,1,1,1785470898
2026-07-31T07:45:21Z,625,9,1,10,2,0,1,1,1,1785481655
2026-07-31T07:45:21Z,626,0,0,45,0,2,1,1,1,1785469585
2026-07-31T07:45:21Z,627,14,7,5,0,0,1,1,1,1785473336
2026-07-31T07:45:21Z,628,0,0,15,2,2,1,1,1,1785483707
2026-07-31T07:45:21Z,629,4,1,6,1,0,1,1,1,1785483773
2026-07-31T07:45:21Z,630,3,2,21,3,0,1,1,1,1785483895
2026-07-31T07:45:21Z,631,2,1,21,0,0,1,1,1,1785471593
2026-07-31T07:45:21Z,632,22,2,0,1,0,1,1,1,1785458363
2026-07-31T07:45:21Z,633,11,1,0,4,0,1,1,1,1785483916
2026-07-31T07:45:21Z,634,11,2,8,0,0,1,1,1,1785478804
2026-07-31T07:45:21Z,635,16,1,3,0,0,1,1,1,1785475442
2026-07-31T07:45:21Z,636,9,2,6,0,0,1,1,1,1785474569
2026-07-31T07:45:21Z,637,8,0,11,0,0,1,1,1,1785483457
2026-07-31T07:45:21Z,638,9,2,7,3,0,1,1,1,1785473314
2026-07-31T07:45:21Z,639,5,1,11,3,0,1,1,1,1785479066
2026-07-31T07:45:21Z,640,1,1,21,1,0,1,1,1,1785483899
2026-07-31T07:45:21Z,641,21,0,3,2,0,1,1,1,1785483804
2026-07-31T07:45:21Z,642,3,2,8,8,0,1,1,1,1785483917
2026-07-31T07:45:21Z,643,1,0,18,8,0,1,1,1,1785483915
2026-07-31T07:45:21Z,644,12,0,2,1,0,1,1,1,1785475510
2026-07-31T07:45:21Z,645,11,0,10,1,1,1,1,1,1785480904
2026-07-31T07:45:21Z,646,7,2,12,0,0,1,1,1,1785483777
2026-07-31T07:45:21Z,647,31,1,0,0,0,1,1,1,1785469507
2026-07-31T07:45:21Z,648,6,0,12,1,0,1,1,1,1785483627
2026-07-31T07:45:21Z,649,19,2,11,1,0,1,1,1,1785482698
2026-07-31T07:45:21Z,650,5,1,9,0,0,1,1,1,1785461548
2026-07-31T07:45:21Z,651,11,9,12,0,0,1,1,1,1785482207
2026-07-31T07:45:21Z,652,4,2,17,2,0,1,1,1,1785483886
2026-07-31T07:45:21Z,653,8,1,9,2,0,1,1,1,1785481487
2026-07-31T07:45:21Z,654,2,2,13,0,0,1,1,1,1785480995
2026-07-31T07:45:21Z,655,6,3,2,4,1,1,1,1,1785483762
2026-07-31T07:45:21Z,656,18,6,1,0,0,1,1,1,1785482316
2026-07-31T07:45:21Z,657,9,1,3,2,3,1,1,1,1785483799
2026-07-31T07:45:21Z,658,9,1,1,0,0,1,1,1,1785473427
2026-07-31T07:45:21Z,659,8,3,5,2,0,1,1,1,1785482005
2026-07-31T07:45:21Z,660,13,0,14,4,0,1,1,1,1785483918
2026-07-31T07:45:21Z,661,1,1,18,0,0,1,1,1,1785474064
2026-07-31T07:45:21Z,662,7,5,14,2,0,1,1,1,1785480458
2026-07-31T07:45:21Z,663,14,6,0,1,0,1,1,1,1785472341
2026-07-31T07:45:21Z,664,0,0,27,0,0,1,1,1,1785472715
2026-07-31T07:45:21Z,665,12,3,3,0,0,1,1,1,1785479255
2026-07-31T07:45:21Z,666,7,2,6,2,0,1,1,1,1785473808
2026-07-31T07:45:21Z,667,0,0,19,0,0,1,1,1,1785482992
2026-07-31T07:45:21Z,668,9,1,9,1,0,1,1,1,1785483018
2026-07-31T07:45:21Z,669,14,5,0,0,0,1,1,1,1785473569
2026-07-31T07:45:21Z,670,11,2,16,0,0,1,1,1,1785482280
2026-07-31T07:45:21Z,671,26,5,0,1,0,1,1,1,1785475719
2026-07-31T07:45:21Z,672,13,2,6,3,1,1,1,1,1785476904
2026-07-31T07:45:21Z,673,12,1,9,2,0,1,1,1,1785483764
2026-07-31T07:45:21Z,674,3,2,17,3,0,1,1,1,1785483899
2026-07-31T07:45:21Z,675,12,6,1,2,0,1,1,1,1785483700
2026-07-31T07:45:21Z,676,4,1,17,1,0,1,1,1,1785479831
2026-07-31T07:45:21Z,681,12,3,1,2,0,1,1,1,1785482803
2026-07-31T07:45:21Z,682,4,1,14,1,0,1,1,1,1785387864
2026-07-31T07:45:21Z,683,4,1,15,0,0,1,1,1,1785482874
2026-07-31T07:45:21Z,684,4,0,23,0,0,1,1,1,1785473502
2026-07-31T07:45:21Z,685,10,0,15,1,1,1,1,1,1785476486
2026-07-31T07:45:21Z,686,12,0,13,1,1,1,1,1,1785483684
2026-07-31T07:45:21Z,687,11,0,18,1,1,1,1,1,1785483885
2026-07-31T07:45:21Z,688,9,0,3,7,0,1,1,1,1785483632
2026-07-31T07:45:21Z,692,1,0,20,0,0,1,1,1,1785482158
2026-07-31T07:45:21Z,693,5,0,3,3,0,1,1,1,1785483558
2026-07-31T07:45:21Z,694,9,5,12,0,0,1,1,1,1785483293
2026-07-31T07:45:21Z,695,17,11,6,0,0,1,1,1,1785483421
2026-07-31T07:45:21Z,696,19,14,3,1,0,1,1,1,1785483339
2026-07-31T07:45:21Z,697,19,1,4,0,0,1,1,1,1785483372
2026-07-31T07:45:21Z,698,27,0,0,0,0,1,1,1,1785482475
2026-07-31T07:45:21Z,699,7,0,7,1,0,1,1,1,1785483845
2026-07-31T07:45:21Z,700,19,4,0,0,0,1,1,1,1785482145
2026-07-31T07:45:21Z,701,17,6,2,0,0,1,1,1,1785483395
2026-07-31T07:45:21Z,702,21,0,1,1,0,1,1,1,1785483260
2026-07-31T07:45:21Z,704,9,2,6,0,0,1,1,1,1785482804
2026-07-31T07:45:21Z,705,5,3,9,1,0,1,1,1,1785482270
2026-07-31T07:45:21Z,706,8,2,4,3,0,1,1,1,1785483362
2026-07-31T07:45:21Z,707,10,2,5,0,0,1,1,1,1785482204
2026-07-31T07:45:21Z,708,19,3,0,0,0,1,1,1,1785482394
2026-07-31T07:45:21Z,709,11,1,1,3,0,1,1,1,1785482204
2026-07-31T07:45:21Z,710,16,3,2,1,0,1,1,1,1785483439
2026-07-31T07:45:21Z,711,19,4,0,4,0,1,1,1,1785483500
2026-07-31T07:45:21Z,712,14,9,1,0,0,1,1,1,1785483381
2026-07-31T07:45:21Z,713,6,0,17,0,0,1,1,1,1785482653
2026-07-31T07:45:21Z,716,3,1,12,0,0,1,1,1,1785483727
2026-07-31T07:45:21Z,717,2,1,20,3,0,1,1,1,1785483795
2026-07-31T07:45:21Z,718,2,1,12,1,0,1,1,1,1785483618
2026-07-31T07:45:21Z,719,7,1,22,0,0,1,1,1,1785482952
2026-07-31T07:45:21Z,720,2,1,17,0,0,1,1,1,1785482207
2026-07-31T07:45:21Z,721,0,0,21,2,0,1,1,1,1785482991
2026-07-31T07:45:21Z,722,5,0,10,0,0,1,1,1,1785483773
2026-07-31T07:45:21Z,723,12,1,11,0,0,1,1,1,1785483792
2026-07-31T07:45:21Z,724,21,4,2,0,0,1,1,1,1785483139
2026-07-31T07:45:21Z,725,22,6,0,1,0,1,1,1,1785482704
2026-07-31T07:45:21Z,726,19,3,0,0,0,1,1,1,1785482920
2026-07-31T07:45:21Z,727,9,4,12,2,0,1,1,1,1785482937
2026-07-31T07:45:21Z,728,10,1,5,0,0,1,1,1,1785482512
2026-07-31T07:45:21Z,729,6,0,13,0,0,1,1,1,1785483381
2026-07-31T07:45:21Z,730,3,2,10,2,0,1,1,1,1785483102
2026-07-31T07:45:21Z,731,10,3,4,1,0,1,1,1,1785482211
2026-07-31T07:45:21Z,732,9,5,6,0,0,1,1,1,1785483254
2026-07-31T07:45:21Z,733,4,0,23,0,0,1,1,1,1785483421
2026-07-31T07:45:21Z,734,0,0,14,0,0,1,1,1,1785483225
2026-07-31T07:45:21Z,735,4,3,23,0,0,1,1,1,1785483897
2026-07-31T07:45:21Z,736,7,1,12,0,0,1,1,1,1785482642
2026-07-31T07:45:21Z,737,4,3,10,0,1,1,1,1,1785482618
2026-07-31T07:45:21Z,738,16,5,1,2,0,1,1,1,1785482812
2026-07-31T07:45:21Z,739,19,2,7,1,0,1,1,1,1785482223
2026-07-31T07:45:21Z,741,7,1,16,0,0,1,1,1,1785482531
2026-07-31T07:45:21Z,742,9,4,23,3,0,1,1,1,1785483827
2026-07-31T07:45:21Z,743,8,3,9,2,0,1,1,1,1785482398
2026-07-31T07:45:21Z,744,11,4,3,1,0,1,1,1,1785482912
2026-07-31T07:45:21Z,745,14,4,4,1,0,1,1,1,1785482913
2026-07-31T07:45:21Z,746,12,3,9,2,0,1,1,1,1785483700
2026-07-31T07:45:21Z,747,0,0,4,0,0,0,1,1,1783446606
2026-07-31T07:45:21Z,748,10,1,13,0,0,1,1,1,1785483690
2026-07-31T07:45:21Z,749,7,5,15,1,0,1,1,1,1785483704
2026-07-31T07:45:21Z,750,5,2,6,0,0,1,1,1,1785483220
2026-07-31T07:45:21Z,751,9,0,14,0,0,1,1,1,1785483133
2026-07-31T07:45:21Z,752,13,1,3,1,0,1,1,1,1785482301
2026-07-31T07:45:21Z,753,4,0,11,0,0,1,1,1,1785483460
2026-07-31T07:45:21Z,754,2,2,12,1,0,1,1,1,1785483474
2026-07-31T07:45:21Z,755,12,3,10,1,0,1,1,1,1785483756
2026-07-31T07:45:21Z,756,3,0,34,0,0,1,1,1,1785482451
2026-07-31T07:45:21Z,757,18,9,1,0,0,1,1,1,1785483693
2026-07-31T07:45:21Z,758,23,3,0,0,0,1,1,1,1785483297
2026-07-31T07:45:21Z,759,5,3,10,0,0,1,1,1,1785483033
2026-07-31T07:45:21Z,760,8,3,11,0,0,1,1,1,1785472022
2026-07-31T07:45:21Z,761,16,0,7,0,0,1,1,1,1785483689
2026-07-31T07:45:21Z,762,7,4,4,4,0,1,1,1,1785482159
2026-07-31T07:45:21Z,768,9,0,8,2,0,1,1,1,1785483143
2026-07-31T07:45:21Z,769,15,11,4,0,0,1,1,1,1785483654
2026-07-31T07:45:21Z,770,11,3,6,2,0,1,1,1,1785482697
2026-07-31T07:45:21Z,771,13,3,1,1,0,1,1,1,1785482124
2026-07-31T07:45:21Z,772,7,3,8,0,0,1,1,1,1785482762
2026-07-31T07:45:21Z,773,15,4,4,0,0,1,1,1,1785482576
2026-07-31T07:45:21Z,774,9,5,3,3,0,1,1,1,1785482539
2026-07-31T07:45:21Z,775,6,0,11,1,1,1,1,1,1785468483
2026-07-31T07:45:21Z,776,3,1,17,1,0,1,1,1,1785482908
2026-07-31T07:45:21Z,777,10,0,2,3,0,1,1,1,1785482649
2026-07-31T07:45:21Z,778,13,0,3,3,0,1,1,1,1785482909
2026-07-31T07:45:21Z,779,8,1,10,1,0,1,1,1,1785483437
2026-07-31T07:45:21Z,780,17,4,1,1,0,1,1,1,1785483121
2026-07-31T07:45:21Z,781,6,2,3,2,0,1,1,1,1785483464
2026-07-31T07:45:21Z,782,5,3,10,4,0,1,1,1,1785482415
2026-07-31T07:45:21Z,783,7,1,12,0,0,1,1,1,1785483511
2026-07-31T07:45:21Z,784,15,2,4,0,0,1,1,1,1785483119
2026-07-31T07:45:21Z,785,12,2,2,5,0,1,1,1,1785483677
2026-07-31T07:45:21Z,786,11,5,8,0,0,1,1,1,1785483320
2026-07-31T07:45:21Z,787,11,5,2,2,0,1,1,1,1785482968
2026-07-31T07:45:21Z,788,3,0,12,0,0,1,1,1,1785482189
2026-07-31T07:45:21Z,789,9,2,2,4,0,1,1,1,1785482426
2026-07-31T07:45:21Z,790,0,0,23,0,0,1,1,1,1785482803
2026-07-31T07:45:21Z,791,7,2,11,0,1,1,1,1,1785483454
2026-07-31T07:45:21Z,793,4,0,10,1,0,1,1,1,1785482571
2026-07-31T07:45:21Z,794,8,2,19,2,0,1,1,1,1785483003
2026-07-31T07:45:21Z,796,0,0,17,2,0,1,1,1,1785482351
2026-07-31T07:45:21Z,797,0,0,15,0,0,1,1,1,1785474441
2026-07-31T07:45:21Z,798,6,0,18,1,0,1,1,1,1785482166
2026-07-31T07:45:21Z,799,14,1,1,4,0,1,1,1,1785482320
2026-07-31T07:45:21Z,800,1,0,19,1,0,1,1,1,1785483733
2026-07-31T07:45:21Z,801,4,2,16,1,0,1,1,1,1785482754
2026-07-31T07:45:21Z,802,8,0,23,0,0,1,1,1,1785482458
2026-07-31T07:45:21Z,803,1,1,14,0,0,1,1,1,1785482158
2026-07-31T07:45:21Z,806,9,4,6,0,0,1,1,1,1785482353
2026-07-31T07:45:21Z,807,15,1,7,3,0,1,1,1,1785483414
2026-07-31T07:45:21Z,808,0,0,23,2,0,1,1,1,1785472976
2026-07-31T07:45:21Z,809,5,1,17,1,0,1,1,1,1785482314
2026-07-31T07:45:21Z,810,2,0,13,4,0,1,1,1,1785483507
2026-07-31T07:45:21Z,815,4,1,6,4,1,1,1,1,1785482433
2026-07-31T07:45:21Z,817,10,5,5,0,0,1,1,1,1785483483
2026-07-31T07:45:21Z,818,6,0,16,1,0,1,1,1,1785482873
2026-07-31T07:45:21Z,819,6,4,9,0,0,1,1,1,1785460987
2026-07-31T07:45:21Z,820,8,2,9,0,0,1,1,1,1785483409
2026-07-31T07:45:21Z,821,2,1,13,0,0,1,1,1,1785482527
2026-07-31T07:45:21Z,822,1,0,20,2,0,1,1,1,1785483733
2026-07-31T07:45:21Z,823,0,0,14,1,0,1,1,1,1785483801
2026-07-31T07:45:21Z,824,10,3,8,1,0,1,1,1,1785483267
2026-07-31T07:45:21Z,825,8,5,7,0,0,1,1,1,1785462716
2026-07-31T07:45:21Z,826,10,2,8,1,0,1,1,1,1785483264
2026-07-31T07:45:21Z,827,16,5,4,1,0,1,1,1,1785482754
2026-07-31T07:45:21Z,828,8,0,9,1,0,1,1,1,1785482634
2026-07-31T07:45:21Z,829,16,7,11,0,0,1,1,1,1785483494
2026-07-31T07:45:21Z,830,11,2,11,1,0,1,1,1,1785482744
2026-07-31T07:45:21Z,831,5,2,9,1,0,1,1,1,1785483780
2026-07-31T07:45:21Z,832,10,3,5,3,0,1,1,1,1785483850
2026-07-31T07:45:21Z,833,1,0,17,1,0,1,1,1,1785483610
2026-07-31T07:45:21Z,834,1,0,22,1,0,1,1,1,1785483106
2026-07-31T07:45:21Z,835,16,6,0,2,0,1,1,1,1785483336
2026-07-31T07:45:21Z,837,5,1,0,10,0,1,1,1,1785483834
2026-07-31T07:45:21Z,838,13,3,2,0,0,1,1,1,1785482697
2026-07-31T07:45:21Z,839,18,0,11,0,0,1,1,1,1785481858
2026-07-31T07:45:21Z,840,11,5,16,2,0,1,1,1,1785483135
2026-07-31T07:45:21Z,841,7,1,8,0,0,1,1,1,1785483778
2026-07-31T07:45:21Z,842,7,2,16,0,0,1,1,1,1785483552
2026-07-31T07:45:21Z,843,8,0,22,1,0,1,1,1,1785483769
2026-07-31T07:45:21Z,844,6,0,17,0,0,1,1,1,1785483743
2026-07-31T07:45:21Z,845,5,3,12,2,0,1,1,1,1785482123
2026-07-31T07:45:21Z,846,4,0,13,2,0,1,1,1,1785483076
2026-07-31T07:45:21Z,847,7,1,20,0,0,1,1,1,1785482840
2026-07-31T07:45:21Z,848,10,2,8,1,0,1,1,1,1785478667
2026-07-31T07:45:21Z,849,7,2,8,0,0,1,1,1,1785482928
2026-07-31T07:45:21Z,850,9,0,1,1,0,1,1,1,1785483165
2026-07-31T07:45:21Z,851,3,3,32,2,0,1,1,1,1785482977
2026-07-31T07:45:21Z,852,12,6,7,0,0,1,1,1,1785483659
2026-07-31T07:45:21Z,853,10,5,13,0,0,1,1,1,1785482704
2026-07-31T07:45:21Z,854,4,2,11,0,0,1,1,1,1785482792
2026-07-31T07:45:21Z,855,24,0,3,0,0,1,1,1,1785476759
2026-07-31T07:45:21Z,857,1,1,18,0,0,1,1,1,1785483858
2026-07-31T07:45:21Z,858,4,1,14,1,0,1,1,1,1785482490
2026-07-31T07:45:21Z,859,3,0,17,1,0,1,1,1,1785482722
2026-07-31T07:45:21Z,861,8,1,2,1,0,1,1,1,1785455675
2026-07-31T07:45:21Z,862,2,1,13,0,0,1,1,1,1785483803
2026-07-31T07:45:21Z,863,13,0,5,1,0,1,1,1,1785472897
2026-07-31T07:45:21Z,866,9,3,10,0,0,1,1,1,1785483331
2026-07-31T07:45:21Z,867,12,0,3,0,0,1,1,1,1785483420
2026-07-31T07:45:21Z,868,13,2,2,0,0,1,1,1,1785483621
2026-07-31T07:45:21Z,870,7,4,6,2,0,1,1,1,1785483837
2026-07-31T07:45:21Z,871,0,0,10,1,0,1,1,1,1785483225
2026-07-31T07:45:21Z,872,0,0,14,1,0,1,1,1,1785483756
2026-07-31T07:45:21Z,873,0,0,32,1,0,1,1,1,1785483710
2026-07-31T07:45:21Z,874,5,2,7,3,0,1,1,1,1785483918
2026-07-31T07:45:21Z,875,14,10,0,1,0,1,1,1,1785483891
2026-07-31T07:45:21Z,877,11,10,6,2,0,1,1,1,1785483352
2026-07-31T07:45:21Z,878,3,2,15,1,0,1,1,1,1785482116
2026-07-31T07:45:21Z,879,1,0,18,0,0,1,1,1,1785482978
2026-07-31T07:45:21Z,880,3,0,19,1,0,1,1,1,1785483893
2026-07-31T07:45:21Z,881,2,0,17,0,0,1,1,1,1785483786
2026-07-31T07:45:21Z,882,11,0,6,2,0,1,1,1,1785457778
2026-07-31T07:45:21Z,883,10,6,9,0,0,1,1,1,1785482249
2026-07-31T07:45:21Z,884,11,7,10,0,0,1,1,1,1785483337
2026-07-31T07:45:21Z,885,1,0,18,0,0,1,1,1,1785483640
2026-07-31T07:45:21Z,886,16,1,12,1,0,1,1,1,1785483623
2026-07-31T07:45:21Z,887,2,1,12,3,0,1,1,1,1785482759
2026-07-31T07:45:21Z,888,13,0,26,2,0,1,1,1,1785483643
2026-07-31T07:45:21Z,889,17,1,0,2,0,1,1,1,1785482137
2026-07-31T07:45:21Z,890,7,4,8,0,0,1,1,1,1785472287
2026-07-31T07:45:21Z,891,16,0,6,1,0,1,1,1,1785483123
2026-07-31T07:45:21Z,892,13,1,2,0,0,1,1,1,1785469848
2026-07-31T07:45:21Z,895,0,0,18,1,0,1,1,1,1785465808
2026-07-31T07:45:21Z,896,6,0,29,0,0,1,1,1,1785483234
2026-07-31T07:45:21Z,897,11,1,10,0,0,1,1,1,1785483822
2026-07-31T07:45:21Z,898,2,0,17,0,0,1,1,1,1785483559
2026-07-31T07:45:21Z,899,0,0,18,1,0,1,1,1,1785483392
2026-07-31T07:45:21Z,900,17,0,8,2,0,1,1,1,1785482954
2026-07-31T07:45:21Z,901,12,0,6,0,1,1,1,1,1785482485
2026-07-31T07:45:21Z,902,9,0,5,1,0,1,1,1,1785483504
2026-07-31T07:45:21Z,903,13,1,6,0,0,1,1,1,1785482921
2026-07-31T07:45:21Z,904,10,4,8,1,0,1,1,1,1785482130
2026-07-31T07:45:21Z,905,0,0,27,0,0,1,1,1,1785482217
2026-07-31T07:45:21Z,906,6,4,21,0,0,1,1,1,1785482961
2026-07-31T07:45:21Z,907,5,1,26,0,0,1,1,1,1785482422
2026-07-31T07:45:21Z,908,11,0,12,0,0,1,1,1,1785482110
2026-07-31T07:45:21Z,909,14,4,8,1,0,1,1,1,1785483852
2026-07-31T07:45:21Z,910,19,0,12,0,0,1,1,1,1785483835
2026-07-31T07:45:21Z,911,3,0,16,0,0,1,1,1,1785483493
2026-07-31T07:45:21Z,912,8,4,13,2,0,1,1,1,1785482578
2026-07-31T07:45:21Z,913,3,1,16,0,0,1,1,1,1785482655
2026-07-31T07:45:21Z,914,7,1,12,0,0,1,1,1,1785483901
2026-07-31T07:45:21Z,915,11,1,11,1,0,1,1,1,1785482896
2026-07-31T07:45:21Z,916,23,8,0,0,0,1,1,1,1785483591
2026-07-31T07:45:21Z,917,3,1,30,2,0,1,1,1,1785482867
2026-07-31T07:45:21Z,918,13,5,4,2,0,1,1,1,1785483859
2026-07-31T07:45:21Z,919,10,2,28,1,0,1,1,1,1785482699
2026-07-31T07:45:21Z,920,4,2,15,0,0,1,1,1,1785482476
2026-07-31T07:45:21Z,921,12,0,9,0,0,1,1,1,1785483621
2026-07-31T07:45:21Z,922,3,1,17,1,0,1,1,1,1785483607
2026-07-31T07:45:21Z,923,1,1,18,0,0,1,1,1,1785483853
2026-07-31T07:45:21Z,924,8,2,13,0,0,1,1,1,1785482819
2026-07-31T07:45:21Z,925,13,0,8,0,0,1,1,1,1785482275
2026-07-31T07:45:21Z,926,0,0,21,0,0,1,1,1,1785482426
2026-07-31T07:45:21Z,927,0,0,35,0,0,1,1,1,1785482801
2026-07-31T07:45:21Z,928,5,3,14,0,0,1,1,1,1785464301
2026-07-31T07:45:21Z,929,0,0,23,0,0,1,1,1,1785483249
2026-07-31T07:45:21Z,930,0,0,30,1,0,1,1,1,1785483836
2026-07-31T07:45:21Z,931,8,3,15,0,0,1,1,1,1785482343
2026-07-31T07:45:21Z,932,3,0,13,3,0,1,1,1,1785483056
2026-07-31T07:45:21Z,933,0,0,23,0,0,1,1,1,1785483805
2026-07-31T07:45:21Z,934,30,0,0,1,0,1,1,1,1785483548
2026-07-31T07:45:21Z,935,8,1,10,1,0,1,1,1,1785482992
2026-07-31T07:45:21Z,936,4,1,15,0,0,1,1,1,1785456801
2026-07-31T07:45:21Z,940,10,0,1,0,0,1,1,1,1785477927
2026-07-31T07:45:21Z,941,10,1,13,2,0,1,1,1,1785482544
2026-07-31T07:45:21Z,942,5,0,16,0,0,1,1,1,1785482918
2026-07-31T07:45:21Z,943,9,8,6,0,0,1,1,1,1785483874
2026-07-31T07:45:21Z,944,9,8,6,0,0,1,1,1,1785483686
2026-07-31T07:45:21Z,945,10,8,5,0,0,1,1,1,1785483197
2026-07-31T07:45:21Z,946,7,5,12,0,0,1,1,1,1785424152
2026-07-31T07:45:21Z,947,7,5,10,0,0,1,1,1,1785483700
2026-07-31T07:45:21Z,948,26,8,0,5,0,1,1,1,1785483117
2026-07-31T07:45:21Z,949,1,0,14,0,0,1,1,1,1785483803
2026-07-31T07:45:21Z,950,16,4,0,1,0,1,1,1,1785483807
2026-07-31T07:45:21Z,951,18,4,5,0,0,1,1,1,1785483898
2026-07-31T07:45:21Z,952,7,0,48,0,0,1,1,1,1785483142
2026-07-31T07:45:21Z,953,14,2,0,1,0,1,1,1,1785482969
2026-07-31T07:45:21Z,954,18,4,1,0,0,1,1,1,1785483805
2026-07-31T07:45:21Z,955,4,3,17,6,0,1,1,1,1785483611
2026-07-31T07:45:21Z,956,22,2,0,1,0,1,1,1,1785483735
2026-07-31T07:45:21Z,957,15,0,14,0,0,1,1,1,1785483073
2026-07-31T07:45:21Z,958,19,0,12,0,0,1,1,1,1785483795
2026-07-31T07:45:21Z,959,19,8,1,3,0,1,1,1,1785483578
2026-07-31T07:45:21Z,960,18,0,4,1,0,1,1,1,1785482244
2026-07-31T07:45:21Z,961,2,1,17,4,0,1,1,1,1785482596
2026-07-31T07:45:21Z,962,7,3,25,3,0,1,1,1,1785482828
2026-07-31T07:45:21Z,963,7,0,15,1,0,1,1,1,1785483776
2026-07-31T07:45:21Z,964,21,8,1,1,0,1,1,1,1785483404
2026-07-31T07:45:21Z,965,5,1,21,1,0,1,1,1,1785483855
2026-07-31T07:45:21Z,966,28,0,3,0,0,1,1,1,1785482583
2026-07-31T07:45:21Z,967,20,0,0,1,0,1,1,1,1785483521
2026-07-31T07:45:21Z,968,14,0,4,1,0,1,1,1,1785483686
2026-07-31T07:45:21Z,969,11,7,14,2,0,1,1,1,1785483718
2026-07-31T07:45:21Z,970,11,1,7,1,0,1,1,1,1785482683
2026-07-31T07:45:21Z,971,15,0,7,1,0,1,1,1,1785483673
2026-07-31T07:45:21Z,972,9,1,13,1,0,1,1,1,1785483649
2026-07-31T07:45:21Z,973,9,4,13,1,0,1,1,1,1785483157
2026-07-31T07:45:21Z,974,12,0,15,0,0,1,1,1,1785483303
2026-07-31T07:45:21Z,977,6,6,13,2,0,1,1,1,1785482781
2026-07-31T07:45:21Z,978,11,0,12,0,0,1,1,1,1785482967
2026-07-31T07:45:21Z,979,14,1,3,0,0,1,1,1,1785482532
2026-07-31T07:45:21Z,980,2,0,17,2,0,1,1,1,1785483253
2026-07-31T07:45:21Z,981,19,0,1,1,0,1,1,1,1785483418
2026-07-31T07:45:21Z,982,3,1,14,2,0,1,1,1,1785483726
2026-07-31T07:45:21Z,983,2,1,20,1,0,1,1,1,1785482317
2026-07-31T07:45:21Z,984,6,0,17,0,0,1,1,1,1785483292
2026-07-31T07:45:21Z,985,8,1,22,1,0,1,1,1,1785483545
2026-07-31T07:45:21Z,986,4,0,15,0,0,1,1,1,1785483724
2026-07-31T07:45:21Z,987,6,0,16,1,0,1,1,1,1785482439
2026-07-31T07:45:21Z,988,5,1,13,1,0,1,1,1,1785483872
2026-07-31T07:45:21Z,989,10,5,9,0,0,1,1,1,1785482864
2026-07-31T07:45:21Z,990,13,1,0,2,0,1,1,1,1785482118
2026-07-31T07:45:21Z,991,10,2,8,1,0,1,1,1,1785483582
2026-07-31T07:45:21Z,992,10,7,12,1,0,1,1,1,1785482638
2026-07-31T07:45:21Z,993,0,0,27,0,0,1,1,1,1785476008
2026-07-31T07:45:21Z,994,4,1,17,0,0,1,1,1,1785482847
2026-07-31T07:45:21Z,995,9,2,18,0,0,1,1,1,1785483886
2026-07-31T07:45:21Z,996,8,1,15,0,0,1,1,1,1785483693
2026-07-31T07:45:21Z,997,10,5,10,3,0,1,1,1,1785483818
2026-07-31T07:45:21Z,998,3,2,19,1,0,1,1,1,1785482332
2026-07-31T07:45:21Z,999,3,1,15,2,1,1,1,1,1785483800
2026-07-31T07:45:21Z,1000,3,1,18,0,0,1,1,1,1785482764
2026-07-31T07:45:21Z,1001,1,0,26,0,0,1,1,1,1785482206
2026-07-31T07:45:21Z,1002,0,0,27,4,0,1,1,1,1785482199
2026-07-31T07:45:21Z,1003,0,0,22,1,0,1,1,1,1785483656
2026-07-31T07:45:21Z,1004,8,1,15,0,0,1,1,1,1785483096
2026-07-31T07:45:21Z,1005,20,1,3,0,0,1,1,1,1785483846
2026-07-31T07:45:21Z,1006,7,4,11,1,0,1,1,1,1785483685
2026-07-31T07:45:21Z,1007,2,1,19,0,0,1,1,1,1785483315
2026-07-31T07:45:21Z,1008,6,5,15,2,0,1,1,1,1785482812
2026-07-31T07:45:21Z,1009,19,2,8,4,0,1,1,1,1785482683
2026-07-31T07:45:21Z,1010,7,2,20,0,0,1,1,1,1785483509
2026-07-31T07:45:21Z,1011,8,2,9,2,0,1,1,1,1785482243
2026-07-31T07:45:21Z,1012,4,3,18,1,0,1,1,1,1785483611
2026-07-31T07:45:21Z,1013,4,1,18,1,0,1,1,1,1785482398
2026-07-31T07:45:21Z,1014,7,2,13,3,0,1,1,1,1785482310
2026-07-31T07:45:21Z,1015,3,1,25,3,0,1,1,1,1785482571
2026-07-31T07:45:21Z,1016,10,5,21,0,0,1,1,1,1785483460
2026-07-31T07:45:21Z,1017,14,5,7,0,0,1,1,1,1785483016
2026-07-31T07:45:21Z,1018,7,2,15,0,0,1,1,1,1785483698
2026-07-31T07:45:21Z,1019,9,6,6,0,0,1,1,1,1785483635
2026-07-31T07:45:21Z,1020,18,3,3,0,0,1,1,1,1785482889
2026-07-31T07:45:21Z,1021,9,3,5,1,0,1,1,1,1785482625
2026-07-31T07:45:21Z,1022,14,0,13,0,0,1,1,1,1785483783
2026-07-31T07:45:21Z,1023,13,1,9,1,0,1,1,1,1785483432
2026-07-31T07:45:21Z,1024,5,2,13,1,0,1,1,1,1785482620
2026-07-31T07:45:21Z,1025,4,0,14,0,1,1,1,1,1785483751
2026-07-31T07:45:21Z,1026,7,5,19,5,0,1,1,1,1785482796
2026-07-31T07:45:21Z,1028,2,0,20,1,0,1,1,1,1785483789
2026-07-31T07:45:21Z,1029,10,9,4,1,0,1,1,1,1785482919
2026-07-31T07:45:21Z,1030,14,5,9,0,0,1,1,1,1785482651
2026-07-31T07:45:21Z,1031,8,0,11,0,0,1,1,1,1785483027
2026-07-31T07:45:21Z,1032,7,1,12,0,0,1,1,1,1785483689
2026-07-31T07:45:21Z,1033,9,5,9,1,0,1,1,1,1785482687
2026-07-31T07:45:21Z,1034,2,0,13,0,0,1,1,1,1785483713
2026-07-31T07:45:21Z,1035,1,0,16,2,0,1,1,1,1785483732
2026-07-31T07:45:21Z,1036,15,1,0,0,0,1,1,1,1785482478
2026-07-31T07:45:21Z,1037,4,0,14,1,0,1,1,1,1785483914
2026-07-31T07:45:21Z,1038,2,0,12,1,0,1,1,1,1785483410
2026-07-31T07:45:21Z,1039,6,2,13,0,0,1,1,1,1785483845
2026-07-31T07:45:21Z,1040,8,4,10,1,0,1,1,1,1785483728
2026-07-31T07:45:21Z,1041,11,3,8,0,0,1,1,1,1785483609
2026-07-31T07:45:21Z,1042,13,2,1,1,0,1,1,1,1785483673
2026-07-31T07:45:21Z,1043,9,0,7,3,0,1,1,1,1785483764
2026-07-31T07:45:21Z,1044,2,1,12,1,0,1,1,1,1785483466
2026-07-31T07:45:21Z,1045,10,0,9,0,0,1,1,1,1785483679
2026-07-31T07:45:21Z,1046,9,0,6,0,0,1,1,1,1785483091
2026-07-31T07:45:21Z,1047,4,0,17,0,0,1,1,1,1785482627
2026-07-31T07:45:21Z,1048,10,1,9,0,0,1,1,1,1785483656
2026-07-31T07:45:21Z,1049,6,0,15,0,0,1,1,1,1785483710
2026-07-31T07:45:21Z,1050,17,4,4,0,0,1,1,1,1785482996
2026-07-31T07:45:21Z,1051,8,3,13,0,0,1,1,1,1785482889
2026-07-31T07:45:21Z,1052,17,2,5,0,0,1,1,1,1785483513
2026-07-31T07:45:21Z,1053,2,1,13,0,0,1,1,1,1785483590
2026-07-31T07:45:21Z,1054,14,1,1,0,0,1,1,1,1785483851
2026-07-31T07:45:21Z,1055,7,1,12,0,0,1,1,1,1785483822
2026-07-31T07:45:21Z,1057,18,0,0,1,0,1,1,1,1785483518
2026-07-31T07:45:21Z,1058,1,0,55,0,0,1,1,1,1785483898
2026-07-31T07:45:21Z,1059,0,0,18,1,0,1,1,1,1785483721
2026-07-31T07:45:21Z,1060,30,0,7,0,0,1,1,1,1785482645
2026-07-31T07:45:21Z,1061,6,0,30,1,0,1,1,1,1785483785
2026-07-31T07:45:21Z,1062,1,0,16,0,0,1,1,1,1785482397
2026-07-31T07:45:21Z,1063,12,1,6,1,0,1,1,1,1785483735
2026-07-31T07:45:21Z,1064,3,0,19,1,0,1,1,1,1785482237
2026-07-31T07:45:21Z,1065,16,3,7,0,0,1,1,1,1785482482
2026-07-31T07:45:21Z,1066,10,2,13,0,0,1,1,1,1785482307
2026-07-31T07:45:21Z,1067,8,2,13,2,0,1,1,1,1785482573
2026-07-31T07:45:21Z,1068,8,2,13,2,0,1,1,1,1785483879
2026-07-31T07:45:21Z,1069,12,3,11,0,0,1,1,1,1785482114
2026-07-31T07:45:21Z,1070,12,2,11,0,0,1,1,1,1785482212
2026-07-31T07:45:21Z,1071,7,4,16,0,0,1,1,1,1785482250
2026-07-31T07:45:21Z,1072,11,1,11,1,0,1,1,1,1785482607
2026-07-31T07:45:21Z,1073,26,7,0,1,0,1,1,1,1785483356
2026-07-31T07:45:21Z,1074,0,0,52,1,0,1,1,1,1785483834
2026-07-31T07:45:21Z,1075,10,10,11,0,0,1,1,1,1785483437
2026-07-31T07:45:21Z,1076,14,11,7,0,0,1,1,1,1785482872
2026-07-31T07:45:21Z,1077,8,5,13,0,0,1,1,1,1785483648
2026-07-31T07:45:21Z,1078,11,10,10,0,0,1,1,1,1785482915
2026-07-31T07:45:21Z,1079,11,8,10,0,0,1,1,1,1785483547
2026-07-31T07:45:21Z,1080,10,8,10,1,0,1,1,1,1785482327
2026-07-31T07:45:21Z,1081,13,8,6,0,0,1,1,1,1785482731
2026-07-31T07:45:21Z,1082,7,7,1,0,0,1,1,1,1785482237
2026-07-31T07:45:21Z,1083,13,11,8,0,0,1,1,1,1785483806
2026-07-31T07:45:21Z,1084,9,8,12,0,0,1,1,1,1785483431
2026-07-31T07:45:21Z,1085,8,8,13,0,0,1,1,1,1785483062
2026-07-31T07:45:21Z,1086,0,0,20,1,0,1,1,1,1785483771
2026-07-31T07:45:21Z,1087,12,7,3,0,0,1,1,1,1785482983
2026-07-31T07:45:21Z,1088,10,7,5,0,0,1,1,1,1785483738
2026-07-31T07:45:21Z,1089,5,3,10,0,0,1,1,1,1785482287
2026-07-31T07:45:21Z,1090,8,7,7,0,0,1,1,1,1785482814
2026-07-31T07:45:21Z,1091,12,7,3,0,0,1,1,1,1785482724
2026-07-31T07:45:21Z,1092,9,9,5,1,0,1,1,1,1785482269
2026-07-31T07:45:21Z,1093,7,6,8,0,0,1,1,1,1785482635
2026-07-31T07:45:21Z,1094,10,8,8,1,0,1,1,1,1785483691
2026-07-31T07:45:21Z,1095,9,8,6,0,0,1,1,1,1785482583
2026-07-31T07:45:21Z,1096,3,1,15,1,0,1,1,1,1785482239
2026-07-31T07:45:21Z,1097,11,11,4,0,0,1,1,1,1785482456
2026-07-31T07:45:21Z,1098,9,7,10,0,0,1,1,1,1785482789
2026-07-31T07:45:21Z,1099,7,6,8,0,0,1,1,1,1785483526
2026-07-31T07:45:21Z,1100,6,2,23,0,0,1,1,1,1785474727
2026-07-31T07:45:21Z,1101,10,5,11,0,0,1,1,1,1785483412
2026-07-31T07:45:21Z,1102,9,4,4,0,0,1,1,1,1785482718
2026-07-31T07:45:21Z,1103,10,5,11,0,0,1,1,1,1785474301
2026-07-31T07:45:21Z,1104,10,5,11,0,0,1,1,1,1785483166
2026-07-31T07:45:21Z,1105,7,3,6,0,0,1,1,1,1785482604
2026-07-31T07:45:21Z,1106,13,7,8,0,0,1,1,1,1785483504
2026-07-31T07:45:21Z,1107,9,5,6,0,0,1,1,1,1785483812
2026-07-31T07:45:21Z,1108,5,2,19,3,0,1,1,1,1785482452
2026-07-31T07:45:21Z,1109,6,1,9,0,0,1,1,1,1785483770
2026-07-31T07:45:21Z,1110,12,4,9,0,0,1,1,1,1785483036
2026-07-31T07:45:21Z,1111,3,2,18,0,0,1,1,1,1785475740
2026-07-31T07:45:21Z,1112,38,0,15,0,0,1,1,1,1785483525
2026-07-31T07:45:21Z,1113,1,0,20,0,0,1,1,1,1785483004
2026-07-31T07:45:21Z,1115,18,5,2,3,0,1,1,1,1785482843
2026-07-31T07:45:21Z,1116,6,2,13,0,0,1,1,1,1785483709
2026-07-31T07:45:21Z,1117,10,3,13,0,0,1,1,1,1785482263
2026-07-31T07:45:21Z,1118,16,1,3,2,0,1,1,1,1785483518
2026-07-31T07:45:21Z,1119,13,1,4,0,0,1,1,1,1785482913
2026-07-31T07:45:21Z,1120,13,0,6,0,0,1,1,1,1785483781
2026-07-31T07:45:21Z,1121,13,2,5,3,0,1,1,1,1785481599
2026-07-31T07:45:21Z,1122,19,10,0,2,0,1,1,1,1785483099
2026-07-31T07:45:21Z,1123,7,3,14,2,0,1,1,1,1785483346
2026-07-31T07:45:21Z,1124,10,0,0,5,0,1,1,1,1785483520
2026-07-31T07:45:21Z,1125,15,1,8,0,0,1,1,1,1785482164
2026-07-31T07:45:21Z,1126,4,0,16,1,0,1,1,1,1785483317
2026-07-31T07:45:21Z,1127,6,1,12,1,0,1,1,1,1785482214
2026-07-31T07:45:21Z,1128,14,2,0,1,0,1,1,1,1785483765
2026-07-31T07:45:21Z,1129,3,2,17,1,0,1,1,1,1785483439
2026-07-31T07:45:21Z,1130,7,0,8,0,0,1,1,1,1785483508
2026-07-31T07:45:21Z,1131,0,0,48,1,0,1,1,1,1785482596
2026-07-31T07:45:21Z,1132,13,6,7,1,0,1,1,1,1785483606
2026-07-31T07:45:21Z,1133,17,12,3,1,0,1,1,1,1785483523
2026-07-31T07:45:21Z,1134,11,7,8,0,0,1,1,1,1785482396
2026-07-31T07:45:21Z,1135,10,5,11,0,0,1,1,1,1785483305
2026-07-31T07:45:21Z,1136,8,0,15,0,0,1,1,1,1785483877
2026-07-31T07:45:21Z,1137,12,0,3,0,0,1,1,1,1785483637
2026-07-31T07:45:21Z,1138,15,2,4,0,0,1,1,1,1785483672
2026-07-31T07:45:21Z,1139,19,5,1,1,0,1,1,1,1785482374
2026-07-31T07:45:21Z,1140,22,3,0,1,0,1,1,1,1785483398
2026-07-31T07:45:21Z,1141,0,0,20,1,0,1,1,1,1785483108
2026-07-31T07:45:21Z,1142,2,0,19,0,0,1,1,1,1785482532
2026-07-31T07:45:21Z,1143,23,0,6,0,0,1,1,1,1785483240
2026-07-31T07:45:21Z,1144,7,1,13,1,0,1,1,1,1785482144
2026-07-31T07:45:21Z,1145,12,6,8,1,0,1,1,1,1785482265
2026-07-31T07:45:21Z,1146,10,2,5,4,0,1,1,1,1785483875
2026-07-31T07:45:21Z,1147,3,0,16,0,0,1,1,1,1785483738
2026-07-31T07:45:21Z,1148,25,5,5,1,0,1,1,1,1785483756
2026-07-31T07:45:21Z,1149,4,4,21,0,0,1,1,1,1785483347
2026-07-31T07:45:21Z,1150,18,1,1,0,0,1,1,1,1785483492
2026-07-31T07:45:21Z,1151,12,0,9,0,0,1,1,1,1785482538
2026-07-31T07:45:21Z,1152,15,0,14,0,0,1,1,1,1785483879
2026-07-31T07:45:21Z,1153,22,6,0,1,0,1,1,1,1785482423
2026-07-31T07:45:21Z,1154,13,1,6,0,0,1,1,1,1785483147
2026-07-31T07:45:21Z,1155,16,6,4,1,0,1,1,1,1785483695
2026-07-31T07:45:21Z,1158,3,0,15,1,0,1,1,1,1785483600
2026-07-31T07:45:21Z,1159,13,1,6,0,0,1,1,1,1785482138
2026-07-31T07:45:21Z,1160,9,1,9,1,0,1,1,1,1785482474
2026-07-31T07:45:21Z,1161,3,0,15,1,0,1,1,1,1785482272
2026-07-31T07:45:21Z,1162,2,1,17,0,0,1,1,1,1785482524
2026-07-31T07:45:21Z,1163,0,0,18,1,0,1,1,1,1785483716
2026-07-31T07:45:21Z,1164,6,1,13,0,0,1,1,1,1785483776
2026-07-31T07:45:21Z,1165,5,0,16,0,0,1,1,1,1785482689
2026-07-31T07:45:21Z,1166,12,3,8,1,0,1,1,1,1785482199
2026-07-31T07:45:21Z,1167,4,0,11,0,0,1,1,1,1785483491
2026-07-31T07:45:21Z,1168,2,1,20,1,0,1,1,1,1785482144
2026-07-31T07:45:21Z,1169,3,0,15,1,0,1,1,1,1785483623
2026-07-31T07:45:21Z,1170,6,0,14,1,0,1,1,1,1785482173
2026-07-31T07:45:21Z,1171,8,7,14,1,0,1,1,1,1785483654
2026-07-31T07:45:21Z,1172,7,2,6,2,0,1,1,1,1785483854
2026-07-31T07:45:21Z,1173,13,5,6,0,0,1,1,1,1785483867
2026-07-31T07:45:21Z,1174,7,3,8,0,0,1,1,1,1785483560
2026-07-31T07:45:21Z,1175,9,5,10,0,0,1,1,1,1785472270
2026-07-31T07:45:21Z,1176,19,1,2,0,0,1,1,1,1785483071
2026-07-31T07:45:21Z,1177,3,1,18,0,0,1,1,1,1785482990
2026-07-31T07:45:21Z,1178,2,1,13,0,0,1,1,1,1785483536
2026-07-31T07:45:21Z,1181,11,2,3,1,0,1,1,1,1785482696
2026-07-31T07:45:21Z,1182,0,0,20,0,0,1,1,1,1785482295
2026-07-31T07:45:21Z,1183,1,0,42,2,0,1,1,1,1785483884
2026-07-31T07:45:21Z,1184,12,7,8,1,0,1,1,1,1785483172
2026-07-31T07:45:21Z,1185,10,5,11,0,0,1,1,1,1785483115
2026-07-31T07:45:21Z,1186,9,5,10,0,0,1,1,1,1785482323
2026-07-31T07:45:21Z,1187,12,6,8,1,0,1,1,1,1785482700
2026-07-31T07:45:21Z,1188,9,3,6,0,0,1,1,1,1785483819
2026-07-31T07:45:21Z,1189,10,5,9,0,0,1,1,1,1785483894
2026-07-31T07:45:21Z,1190,10,5,11,0,0,1,1,1,1785483286
2026-07-31T07:45:21Z,1191,10,5,5,0,0,1,1,1,1785483826
2026-07-31T07:45:21Z,1192,11,7,10,0,0,1,1,1,1785483655
2026-07-31T07:45:21Z,1193,6,4,5,2,0,1,1,1,1785482965
2026-07-31T07:45:21Z,1197,9,6,7,1,0,1,1,1,1785483723
2026-07-31T07:45:21Z,1198,14,4,5,2,0,1,1,1,1785482363
2026-07-31T07:45:21Z,1199,2,0,17,0,0,1,1,1,1785482386
2026-07-31T07:45:21Z,1200,11,5,4,0,0,1,1,1,1785483861
2026-07-31T07:45:21Z,1201,11,5,4,0,0,1,1,1,1785483839
2026-07-31T07:45:21Z,1202,12,6,3,0,0,1,1,1,1785482123
2026-07-31T07:45:21Z,1203,9,6,6,0,0,1,1,1,1785483834
2026-07-31T07:45:21Z,1204,7,3,11,1,0,1,1,1,1785483571
2026-07-31T07:45:21Z,1206,11,5,10,0,0,1,1,1,1785482787
2026-07-31T07:45:21Z,1207,9,5,6,0,0,1,1,1,1785482338
2026-07-31T07:45:21Z,1208,7,2,11,1,0,1,1,1,1785482236
2026-07-31T07:45:21Z,1216,7,0,13,1,0,1,1,1,1785483019
2026-07-31T07:45:21Z,1218,4,0,17,0,0,1,1,1,1785483413
2026-07-31T07:45:21Z,1219,6,1,8,1,0,1,1,1,1785483686
2026-07-31T07:45:21Z,1220,14,7,4,1,0,1,1,1,1785483317
2026-07-31T07:45:21Z,1221,2,2,19,0,0,1,1,1,1785482724
2026-07-31T07:45:21Z,1222,28,1,1,0,0,1,1,1,1785483647
2026-07-31T07:45:21Z,1223,22,0,7,0,0,1,1,1,1785483474
2026-07-31T07:45:21Z,1226,0,0,3,0,0,0,1,1,1781868931
2026-07-31T07:45:21Z,1227,23,0,2,0,0,1,1,1,1785483544
2026-07-31T07:45:21Z,1228,18,0,10,1,0,1,1,1,1785482781
2026-07-31T07:45:21Z,1229,35,0,10,0,0,1,1,1,1785483639
2026-07-31T07:50:21Z,1,0,0,23,0,0,1,1,1,1785478051
2026-07-31T07:50:21Z,2,22,0,2,3,0,1,1,1,1785481994
2026-07-31T07:50:21Z,3,9,0,4,1,0,1,1,1,1785481848
2026-07-31T07:50:21Z,4,1,0,20,1,0,1,1,1,1785483715
2026-07-31T07:50:21Z,5,9,3,13,1,0,1,1,1,1785480731
2026-07-31T07:50:21Z,6,6,2,9,0,0,1,1,1,1785482360
2026-07-31T07:50:21Z,7,0,0,39,0,0,1,1,1,1785482386
2026-07-31T07:50:21Z,8,0,0,43,0,0,1,1,1,1785471816
2026-07-31T07:50:21Z,9,0,0,22,1,0,1,1,1,1785482483
2026-07-31T07:50:21Z,10,4,1,17,2,0,1,1,1,1785480300
2026-07-31T07:50:21Z,11,13,5,5,1,0,1,1,1,1785484012
2026-07-31T07:50:21Z,12,0,0,23,0,0,1,1,1,1785472090
2026-07-31T07:50:21Z,13,12,0,18,0,0,1,1,1,1785478740
2026-07-31T07:50:21Z,14,1,0,41,0,1,1,1,1,1785476888
2026-07-31T07:50:21Z,15,5,0,10,0,0,1,1,1,1785479438
2026-07-31T07:50:21Z,16,8,0,16,2,1,1,1,1,1785483665
2026-07-31T07:50:21Z,17,9,0,17,1,0,1,1,1,1785482140
2026-07-31T07:50:21Z,18,6,0,10,2,0,1,1,1,1785483612
2026-07-31T07:50:21Z,19,5,0,21,1,0,1,1,1,1785482804
2026-07-31T07:50:21Z,20,32,0,3,0,0,1,1,1,1785474831
2026-07-31T07:50:21Z,21,1,0,17,1,0,1,1,1,1785483537
2026-07-31T07:50:21Z,22,18,0,46,1,0,1,1,1,1785479462
2026-07-31T07:50:21Z,23,10,5,21,0,0,1,1,1,1785479447
2026-07-31T07:50:21Z,24,0,0,9,2,0,1,1,1,1785484200
2026-07-31T07:50:21Z,25,1,1,79,0,1,1,1,1,1785483913
2026-07-31T07:50:21Z,26,0,0,27,0,0,1,1,1,1785479128
2026-07-31T07:50:21Z,28,13,2,2,0,0,1,1,1,1785483580
2026-07-31T07:50:21Z,30,1,0,27,1,0,1,1,1,1785484151
2026-07-31T07:50:21Z,31,0,0,17,2,0,1,1,1,1785484033
2026-07-31T07:50:21Z,32,25,4,2,0,0,1,1,1,1785484184
2026-07-31T07:50:21Z,34,2,0,34,1,0,1,1,1,1785482614
2026-07-31T07:50:21Z,35,1,0,45,1,0,1,1,1,1785482831
2026-07-31T07:50:21Z,36,0,0,0,0,0,0,1,1,86400
2026-07-31T07:50:21Z,37,0,0,23,0,0,1,1,1,1785483182
2026-07-31T07:50:21Z,38,1,0,22,0,0,1,1,1,1785475021
2026-07-31T07:50:21Z,39,22,6,17,0,0,1,1,1,1785483854
2026-07-31T07:50:21Z,40,13,0,7,1,0,1,1,1,1785481720
2026-07-31T07:50:21Z,41,1,0,41,1,0,1,1,1,1785482868
2026-07-31T07:50:21Z,42,31,8,0,0,0,1,1,1,1785472558
2026-07-31T07:50:21Z,43,6,0,17,0,0,1,1,1,1785484173
2026-07-31T07:50:21Z,45,1,0,27,1,0,1,1,1,1785482238
2026-07-31T07:50:21Z,46,12,2,19,0,0,1,1,1,1785483378
2026-07-31T07:50:21Z,47,12,5,2,1,0,1,1,1,1785484182
2026-07-31T07:50:21Z,48,22,0,5,0,0,1,1,1,1785480764
2026-07-31T07:50:21Z,49,5,0,15,3,0,1,1,1,1785484206
2026-07-31T07:50:21Z,50,1,1,18,0,0,1,1,1,1785483259
2026-07-31T07:50:21Z,51,68,0,9,0,0,1,1,1,1785472672
2026-07-31T07:50:21Z,52,2,0,22,3,0,1,1,1,1785484089
2026-07-31T07:50:21Z,55,0,0,23,0,0,1,1,1,1785473748
2026-07-31T07:50:21Z,56,0,0,43,0,0,1,1,1,1785481453
2026-07-31T07:50:21Z,57,0,0,27,0,0,1,1,1,1785474689
2026-07-31T07:50:21Z,58,0,0,28,0,0,1,1,1,1785476976
2026-07-31T07:50:21Z,59,0,0,25,2,0,1,1,1,1785483922
2026-07-31T07:50:21Z,61,0,0,39,0,0,1,1,1,1785476440
2026-07-31T07:50:21Z,62,0,0,48,1,0,1,1,1,1785477029
2026-07-31T07:50:21Z,63,13,0,6,0,0,1,1,1,1785479949
2026-07-31T07:50:21Z,64,9,0,6,4,0,1,1,1,1785474000
2026-07-31T07:50:21Z,65,17,7,1,1,0,1,1,1,1785481624
2026-07-31T07:50:21Z,67,17,0,22,0,0,1,1,1,1785480027
2026-07-31T07:50:21Z,68,0,0,37,0,0,1,1,1,1785476731
2026-07-31T07:50:21Z,69,15,2,0,0,0,1,1,1,1785476803
2026-07-31T07:50:21Z,71,1,0,25,1,0,1,1,1,1785483897
2026-07-31T07:50:21Z,72,14,3,15,2,0,1,1,1,1785483159
2026-07-31T07:50:21Z,73,0,0,31,0,0,1,1,1,1785474921
2026-07-31T07:50:21Z,74,12,6,6,1,0,1,1,1,1785483170
2026-07-31T07:50:21Z,75,0,0,31,1,0,1,1,1,1785473256
2026-07-31T07:50:21Z,76,18,0,0,1,0,1,1,1,1785484203
2026-07-31T07:50:21Z,77,24,1,2,1,0,1,1,1,1785477101
2026-07-31T07:50:21Z,78,9,4,13,1,0,1,1,1,1785483122
2026-07-31T07:50:21Z,79,4,3,12,1,0,1,1,1,1785484070
2026-07-31T07:50:21Z,80,18,0,2,3,0,1,1,1,1785484147
2026-07-31T07:50:21Z,81,7,0,24,0,0,1,1,1,1785483745
2026-07-31T07:50:21Z,82,12,0,11,0,0,1,1,1,1785480296
2026-07-31T07:50:21Z,83,4,0,29,1,0,1,1,1,1785483766
2026-07-31T07:50:21Z,84,26,0,1,0,0,1,1,1,1785484029
2026-07-31T07:50:21Z,85,1,1,14,0,0,1,1,1,1785479219
2026-07-31T07:50:21Z,86,25,0,1,1,0,1,1,1,1785478454
2026-07-31T07:50:21Z,87,11,1,8,0,0,1,1,1,1785479967
2026-07-31T07:50:21Z,88,0,0,42,1,0,1,1,1,1785480980
2026-07-31T07:50:21Z,89,22,0,13,0,0,1,1,1,1785483872
2026-07-31T07:50:21Z,90,2,0,14,2,0,1,1,1,1785480013
2026-07-31T07:50:21Z,91,14,0,3,0,0,1,1,1,1785480068
2026-07-31T07:50:21Z,92,12,5,4,3,0,1,1,1,1785484172
2026-07-31T07:50:21Z,93,0,0,23,0,0,1,1,1,1785483766
2026-07-31T07:50:21Z,94,2,0,16,1,0,1,1,1,1785482735
2026-07-31T07:50:21Z,95,25,1,8,1,1,1,1,1,1785484198
2026-07-31T07:50:21Z,96,29,0,1,1,0,1,1,1,1785479647
2026-07-31T07:50:21Z,97,0,0,16,1,0,1,1,1,1785483965
2026-07-31T07:50:21Z,98,20,1,14,1,0,1,1,1,1785483140
2026-07-31T07:50:21Z,99,4,2,11,0,0,1,1,1,1785476824
2026-07-31T07:50:21Z,100,0,0,27,0,0,1,1,1,1785482057
2026-07-31T07:50:21Z,101,1,0,13,2,0,1,1,1,1785483795
2026-07-31T07:50:21Z,102,0,0,23,0,0,1,1,1,1785477320
2026-07-31T07:50:21Z,103,11,0,19,0,0,1,1,1,1785484119
2026-07-31T07:50:21Z,104,0,0,25,2,0,1,1,1,1785484197
2026-07-31T07:50:21Z,105,16,1,3,0,0,1,1,1,1785468216
2026-07-31T07:50:21Z,106,0,0,21,0,0,1,1,1,1785462637
2026-07-31T07:50:21Z,107,0,0,37,0,0,1,1,1,1785474220
2026-07-31T07:50:21Z,108,15,1,20,0,0,1,1,1,1785483101
2026-07-31T07:50:21Z,109,6,0,17,0,0,1,1,1,1785483516
2026-07-31T07:50:21Z,110,14,2,9,0,0,1,1,1,1785482478
2026-07-31T07:50:21Z,111,0,0,36,0,0,1,1,1,1785479678
2026-07-31T07:50:21Z,112,10,1,4,1,0,1,1,1,1785482414
2026-07-31T07:50:21Z,113,2,0,14,3,0,1,1,1,1785484122
2026-07-31T07:50:21Z,114,7,6,22,1,1,1,1,1,1785484189
2026-07-31T07:50:21Z,115,3,1,23,2,0,1,1,1,1785479033
2026-07-31T07:50:21Z,116,4,3,22,1,0,1,1,1,1785480015
2026-07-31T07:50:21Z,118,20,9,0,3,0,1,1,1,1785482746
2026-07-31T07:50:21Z,119,34,3,1,3,0,1,1,1,1785484131
2026-07-31T07:50:21Z,120,23,1,3,1,0,1,1,1,1785483010
2026-07-31T07:50:21Z,121,5,2,13,0,1,1,1,1,1785483912
2026-07-31T07:50:21Z,122,13,0,7,1,0,1,1,1,1785482278
2026-07-31T07:50:21Z,123,8,1,39,0,0,1,1,1,1785477646
2026-07-31T07:50:21Z,124,32,1,3,0,0,1,1,1,1785483233
2026-07-31T07:50:21Z,125,6,1,17,0,0,1,1,1,1785483263
2026-07-31T07:50:21Z,126,24,2,7,0,0,1,1,1,1785482408
2026-07-31T07:50:21Z,127,8,0,25,2,0,1,1,1,1785483979
2026-07-31T07:50:21Z,128,0,0,19,0,0,1,1,1,1785483525
2026-07-31T07:50:21Z,129,17,1,0,2,0,1,1,1,1785479759
2026-07-31T07:50:21Z,130,5,0,12,0,0,1,1,1,1785469116
2026-07-31T07:50:21Z,131,8,3,1,2,0,1,1,1,1785478472
2026-07-31T07:50:21Z,132,10,4,4,0,1,1,1,1,1785483839
2026-07-31T07:50:21Z,134,2,0,16,5,0,1,1,1,1785484003
2026-07-31T07:50:21Z,135,6,2,13,0,0,1,1,1,1785483850
2026-07-31T07:50:21Z,136,5,0,10,1,7,1,1,1,1785483992
2026-07-31T07:50:21Z,137,3,1,16,0,0,1,1,1,1785483428
2026-07-31T07:50:21Z,138,35,2,2,0,0,1,1,1,1785484049
2026-07-31T07:50:21Z,139,19,5,0,0,0,1,1,1,1785476252
2026-07-31T07:50:21Z,140,14,8,7,2,0,1,1,1,1785484204
2026-07-31T07:50:21Z,141,30,1,6,0,0,1,1,1,1785484006
2026-07-31T07:50:21Z,142,22,1,1,0,0,1,1,1,1785483705
2026-07-31T07:50:21Z,143,13,3,17,1,0,1,1,1,1785482659
2026-07-31T07:50:21Z,144,22,0,5,0,0,1,1,1,1785482773
2026-07-31T07:50:21Z,146,6,1,16,1,0,1,1,1,1785480770
2026-07-31T07:50:21Z,147,10,1,7,2,0,1,1,1,1785484048
2026-07-31T07:50:21Z,148,24,0,2,0,1,1,1,1,1785483933
2026-07-31T07:50:21Z,149,14,4,12,1,0,1,1,1,1785483148
2026-07-31T07:50:21Z,150,31,7,2,2,0,1,1,1,1785484176
2026-07-31T07:50:21Z,151,21,8,2,0,0,1,1,1,1785483789
2026-07-31T07:50:21Z,152,19,0,4,4,0,1,1,1,1785484181
2026-07-31T07:50:21Z,153,12,1,13,6,0,1,1,1,1785484194
2026-07-31T07:50:21Z,154,20,7,0,3,0,1,1,1,1785484200
2026-07-31T07:50:21Z,155,13,4,0,1,0,1,1,1,1785483986
2026-07-31T07:50:21Z,156,15,0,4,0,0,1,1,1,1785482646
2026-07-31T07:50:21Z,157,16,1,9,2,0,1,1,1,1785484000
2026-07-31T07:50:21Z,158,16,2,0,0,0,1,1,1,1785471342
2026-07-31T07:50:21Z,159,5,3,14,0,0,1,1,1,1785477862
2026-07-31T07:50:21Z,160,19,1,0,0,0,1,1,1,1785475906
2026-07-31T07:50:21Z,161,14,0,8,0,0,1,1,1,1785483866
2026-07-31T07:50:21Z,162,14,3,12,1,0,1,1,1,1785483258
2026-07-31T07:50:21Z,163,30,2,0,0,1,1,1,1,1785484140
2026-07-31T07:50:21Z,164,22,6,5,0,0,1,1,1,1785481845
2026-07-31T07:50:21Z,165,29,13,0,2,0,1,1,1,1785481777
2026-07-31T07:50:21Z,166,32,8,2,5,0,1,1,1,1785484206
2026-07-31T07:50:21Z,167,21,10,0,2,0,1,1,1,1785477751
2026-07-31T07:50:21Z,168,21,0,5,1,0,1,1,1,1785483969
2026-07-31T07:50:21Z,169,1,0,21,0,1,1,1,1,1785483931
2026-07-31T07:50:21Z,170,18,5,0,1,0,1,1,1,1785483922
2026-07-31T07:50:21Z,171,10,3,1,2,0,1,1,1,1785484171
2026-07-31T07:50:21Z,173,36,0,3,0,0,1,1,1,1785484082
2026-07-31T07:50:21Z,174,22,1,2,2,0,1,1,1,1785482500
2026-07-31T07:50:21Z,175,7,0,24,0,0,1,1,1,1785484051
2026-07-31T07:50:21Z,176,6,2,8,0,1,1,1,1,1785483524
2026-07-31T07:50:21Z,177,22,3,5,0,0,1,1,1,1785483398
2026-07-31T07:50:21Z,178,2,0,10,2,1,1,1,1,1785484202
2026-07-31T07:50:21Z,179,11,1,3,1,0,1,1,1,1785484092
2026-07-31T07:50:21Z,180,27,0,3,0,0,1,1,1,1785468302
2026-07-31T07:50:21Z,181,13,0,1,1,0,1,1,1,1785482083
2026-07-31T07:50:21Z,182,16,1,1,0,0,1,1,1,1785483091
2026-07-31T07:50:21Z,183,17,0,6,0,0,1,1,1,1785483484
2026-07-31T07:50:21Z,184,0,0,22,1,0,1,1,1,1785483491
2026-07-31T07:50:21Z,185,12,1,0,2,1,1,1,1,1785473000
2026-07-31T07:50:21Z,186,4,2,15,0,0,1,1,1,1785484044
2026-07-31T07:50:21Z,187,10,0,17,1,0,1,1,1,1785483489
2026-07-31T07:50:21Z,188,14,0,5,8,0,1,1,1,1785484124
2026-07-31T07:50:21Z,189,15,4,0,0,0,1,1,1,1785479966
2026-07-31T07:50:21Z,190,3,1,20,0,0,1,1,1,1785483422
2026-07-31T07:50:21Z,191,2,1,37,0,0,1,1,1,1785483208
2026-07-31T07:50:21Z,192,11,4,17,3,0,1,1,1,1785484037
2026-07-31T07:50:21Z,193,1,0,14,0,0,1,1,1,1785483369
2026-07-31T07:50:21Z,194,17,1,9,1,0,1,1,1,1785484068
2026-07-31T07:50:21Z,195,14,2,5,0,0,1,1,1,1785483249
2026-07-31T07:50:21Z,196,23,1,1,3,0,1,1,1,1785484090
2026-07-31T07:50:21Z,197,15,3,2,1,1,1,1,1,1785482526
2026-07-31T07:50:21Z,198,21,16,2,0,0,1,1,1,1785484040
2026-07-31T07:50:21Z,199,7,5,5,3,0,1,1,1,1785483728
2026-07-31T07:50:21Z,200,15,0,10,1,0,1,1,1,1785482100
2026-07-31T07:50:21Z,201,8,3,15,0,0,1,1,1,1785482886
2026-07-31T07:50:21Z,202,0,0,27,0,0,1,1,1,1785477488
2026-07-31T07:50:21Z,203,24,3,6,1,0,1,1,1,1785482651
2026-07-31T07:50:21Z,204,32,2,2,1,0,1,1,1,1785482738
2026-07-31T07:50:21Z,205,12,1,15,0,0,1,1,1,1785482737
2026-07-31T07:50:21Z,206,1,1,13,1,0,1,1,1,1785481802
2026-07-31T07:50:21Z,207,14,0,7,0,0,1,1,1,1785481979
2026-07-31T07:50:21Z,208,2,0,27,0,0,1,1,1,1785477246
2026-07-31T07:50:21Z,209,7,0,20,4,0,1,1,1,1785484192
2026-07-31T07:50:21Z,210,23,2,4,0,0,1,1,1,1785479794
2026-07-31T07:50:21Z,211,16,6,6,1,0,1,1,1,1785482104
2026-07-31T07:50:21Z,212,25,0,9,1,0,1,1,1,1785484078
2026-07-31T07:50:21Z,213,12,1,9,2,0,1,1,1,1785484128
2026-07-31T07:50:21Z,214,27,1,15,5,0,1,1,1,1785483020
2026-07-31T07:50:21Z,215,6,1,16,1,0,1,1,1,1785481068
2026-07-31T07:50:21Z,216,10,0,8,1,0,1,1,1,1785482156
2026-07-31T07:50:21Z,217,9,0,19,1,0,1,1,1,1785483928
2026-07-31T07:50:21Z,218,3,1,34,2,0,1,1,1,1785484150
2026-07-31T07:50:21Z,219,0,0,25,1,0,1,1,1,1785478263
2026-07-31T07:50:21Z,220,24,7,17,1,1,1,1,1,1785481569
2026-07-31T07:50:21Z,221,13,8,1,1,0,1,1,1,1785483976
2026-07-31T07:50:21Z,222,18,14,0,1,0,1,1,1,1785478290
2026-07-31T07:50:21Z,223,8,3,24,3,0,1,1,1,1785483950
2026-07-31T07:50:21Z,224,6,4,15,1,0,1,1,1,1785483707
2026-07-31T07:50:21Z,225,10,0,3,6,0,1,1,1,1785483556
2026-07-31T07:50:21Z,226,30,10,1,0,0,1,1,1,1785483984
2026-07-31T07:50:21Z,227,20,13,6,0,1,1,1,1,1785481900
2026-07-31T07:50:21Z,228,1,0,17,1,0,1,1,1,1785478667
2026-07-31T07:50:21Z,230,16,9,10,0,0,1,1,1,1785483055
2026-07-31T07:50:21Z,232,13,6,3,1,0,1,1,1,1785482484
2026-07-31T07:50:21Z,233,21,2,8,2,0,1,1,1,1785483700
2026-07-31T07:50:21Z,234,8,3,6,3,2,1,1,1,1785483414
2026-07-31T07:50:21Z,236,14,3,5,0,0,1,1,1,1785480280
2026-07-31T07:50:21Z,237,22,4,0,1,0,1,1,1,1785478521
2026-07-31T07:50:21Z,239,23,18,1,3,0,1,1,1,1785481739
2026-07-31T07:50:21Z,241,18,6,5,0,0,1,1,1,1785483298
2026-07-31T07:50:21Z,242,0,0,22,1,0,1,1,1,1785479959
2026-07-31T07:50:21Z,243,10,0,20,1,0,1,1,1,1785482784
2026-07-31T07:50:21Z,244,14,0,11,2,0,1,1,1,1785484207
2026-07-31T07:50:21Z,245,3,3,20,0,0,1,1,1,1785484146
2026-07-31T07:50:21Z,246,1,0,22,0,0,1,1,1,1785481575
2026-07-31T07:50:21Z,247,13,11,10,0,0,1,1,1,1785477646
2026-07-31T07:50:21Z,248,20,5,1,2,0,1,1,1,1785483502
2026-07-31T07:50:21Z,249,1,0,18,0,0,1,1,1,1785483971
2026-07-31T07:50:21Z,250,3,3,23,1,0,1,1,1,1785483886
2026-07-31T07:50:21Z,251,2,2,22,3,0,1,1,1,1785481704
2026-07-31T07:50:21Z,253,6,3,12,1,0,1,1,1,1785482813
2026-07-31T07:50:21Z,254,26,21,16,1,0,1,1,1,1785483082
2026-07-31T07:50:21Z,255,4,0,18,0,1,1,1,1,1785484094
2026-07-31T07:50:21Z,256,12,7,10,1,0,1,1,1,1785482846
2026-07-31T07:50:21Z,257,14,6,4,1,0,1,1,1,1785482023
2026-07-31T07:50:21Z,258,1,0,18,0,0,1,1,1,1785482036
2026-07-31T07:50:21Z,259,20,3,2,0,1,1,1,1,1785480149
2026-07-31T07:50:21Z,260,15,4,1,3,0,1,1,1,1785480838
2026-07-31T07:50:21Z,261,16,0,1,1,1,1,1,1,1785476974
2026-07-31T07:50:21Z,262,20,11,3,0,0,1,1,1,1785484130
2026-07-31T07:50:21Z,263,14,3,1,0,0,1,1,1,1785480222
2026-07-31T07:50:21Z,264,18,6,0,1,0,1,1,1,1785474915
2026-07-31T07:50:21Z,265,15,1,0,0,0,1,1,1,1785473819
2026-07-31T07:50:21Z,266,17,8,0,2,0,1,1,1,1785481181
2026-07-31T07:50:21Z,267,7,3,6,2,0,1,1,1,1785473359
2026-07-31T07:50:21Z,268,23,9,0,0,0,1,1,1,1785477959
2026-07-31T07:50:21Z,269,9,3,13,1,0,1,1,1,1785483425
2026-07-31T07:50:21Z,270,25,3,2,0,0,1,1,1,1785476595
2026-07-31T07:50:21Z,271,0,0,17,2,0,1,1,1,1785468500
2026-07-31T07:50:21Z,272,13,13,9,1,0,1,1,1,1785482344
2026-07-31T07:50:21Z,273,14,5,1,0,0,1,1,1,1785483199
2026-07-31T07:50:21Z,274,18,8,0,1,0,1,1,1,1785472651
2026-07-31T07:50:21Z,275,13,0,6,2,2,1,1,1,1785483988
2026-07-31T07:50:21Z,276,1,0,26,0,0,1,1,1,1785477868
2026-07-31T07:50:21Z,277,12,1,6,5,0,1,1,1,1785483703
2026-07-31T07:50:21Z,278,9,0,19,2,1,1,1,1,1785483781
2026-07-31T07:50:21Z,279,16,0,3,0,0,1,1,1,1785483819
2026-07-31T07:50:21Z,280,11,1,18,2,0,1,1,1,1785484083
2026-07-31T07:50:21Z,281,19,0,0,0,0,1,1,1,1785466757
2026-07-31T07:50:21Z,282,5,2,13,0,0,1,1,1,1785478680
2026-07-31T07:50:21Z,283,32,1,3,0,0,1,1,1,1785483551
2026-07-31T07:50:21Z,284,19,5,14,2,0,1,1,1,1785482962
2026-07-31T07:50:21Z,285,9,8,14,0,0,1,1,1,1785480219
2026-07-31T07:50:21Z,286,18,18,3,2,0,1,1,1,1785483716
2026-07-31T07:50:21Z,287,13,4,7,3,0,1,1,1,1785483416
2026-07-31T07:50:21Z,288,14,10,5,0,0,1,1,1,1785480320
2026-07-31T07:50:21Z,289,22,1,2,3,0,1,1,1,1785484050
2026-07-31T07:50:21Z,290,7,0,31,1,0,1,1,1,1785482049
2026-07-31T07:50:21Z,291,7,2,14,2,0,1,1,1,1785483985
2026-07-31T07:50:21Z,292,22,0,1,0,0,1,1,1,1785482223
2026-07-31T07:50:21Z,293,16,10,7,0,0,1,1,1,1785479995
2026-07-31T07:50:21Z,294,2,2,19,1,0,1,1,1,1785484204
2026-07-31T07:50:21Z,297,10,1,6,2,1,1,1,1,1785482856
2026-07-31T07:50:21Z,301,17,0,2,0,0,1,1,1,1785480715
2026-07-31T07:50:21Z,302,0,0,23,0,0,1,1,1,1785478135
2026-07-31T07:50:21Z,303,19,0,0,0,0,1,1,1,1785481123
2026-07-31T07:50:21Z,304,0,0,0,0,0,0,1,1,86400
2026-07-31T07:50:21Z,305,19,0,0,0,0,1,1,1,1785477474
2026-07-31T07:50:21Z,306,2,0,29,1,0,1,1,1,1785481204
2026-07-31T07:50:21Z,307,17,1,4,1,1,1,1,1,1785484208
2026-07-31T07:50:21Z,308,14,0,3,2,0,1,1,1,1785478365
2026-07-31T07:50:21Z,309,0,0,13,1,0,1,1,1,1785483114
2026-07-31T07:50:21Z,311,15,0,0,0,0,1,1,1,1785476190
2026-07-31T07:50:21Z,312,6,3,12,4,1,1,1,1,1785483905
2026-07-31T07:50:21Z,313,3,1,12,0,0,1,1,1,1785479124
2026-07-31T07:50:21Z,314,4,3,11,3,0,1,1,1,1785477432
2026-07-31T07:50:21Z,315,23,6,5,3,0,1,1,1,1785478922
2026-07-31T07:50:21Z,316,14,3,1,15,1,1,1,1,1785484125
2026-07-31T07:50:21Z,317,1,1,29,0,1,1,1,1,1785484058
2026-07-31T07:50:21Z,318,16,0,3,0,0,1,1,1,1785478379
2026-07-31T07:50:21Z,319,17,3,5,1,0,1,1,1,1785484119
2026-07-31T07:50:21Z,320,18,5,0,1,0,1,1,1,1785483872
2026-07-31T07:50:21Z,321,6,1,9,4,0,1,1,1,1785483789
2026-07-31T07:50:21Z,322,4,0,23,2,0,1,1,1,1785483994
2026-07-31T07:50:21Z,323,8,0,11,0,0,1,1,1,1785476374
2026-07-31T07:50:21Z,324,7,2,19,1,0,1,1,1,1785484199
2026-07-31T07:50:21Z,325,3,3,22,2,0,1,1,1,1785475862
2026-07-31T07:50:21Z,327,25,0,1,1,0,1,1,1,1785484022
2026-07-31T07:50:21Z,328,19,0,2,1,0,1,1,1,1785483312
2026-07-31T07:50:21Z,329,17,0,0,2,0,1,1,1,1785480406
2026-07-31T07:50:21Z,330,1,0,21,0,0,1,1,1,1785479032
2026-07-31T07:50:21Z,331,9,2,13,1,0,1,1,1,1785481784
2026-07-31T07:50:21Z,332,8,1,9,2,0,1,1,1,1785476757
2026-07-31T07:50:21Z,333,1,1,21,1,0,1,1,1,1785482520
2026-07-31T07:50:21Z,334,11,9,12,0,0,1,1,1,1785478276
2026-07-31T07:50:21Z,335,3,2,18,1,1,1,1,1,1785477902
2026-07-31T07:50:21Z,336,18,2,1,0,0,1,1,1,1785483787
2026-07-31T07:50:21Z,337,18,3,0,5,0,1,1,1,1785484074
2026-07-31T07:50:21Z,338,18,8,1,0,0,1,1,1,1785482978
2026-07-31T07:50:21Z,339,19,10,3,1,0,1,1,1,1785483817
2026-07-31T07:50:21Z,340,14,11,0,1,0,1,1,1,1785470343
2026-07-31T07:50:21Z,341,11,4,8,0,0,1,1,1,1785479749
2026-07-31T07:50:21Z,342,13,7,0,2,0,1,1,1,1785475446
2026-07-31T07:50:21Z,343,20,1,2,1,0,1,1,1,1785480772
2026-07-31T07:50:21Z,344,23,9,0,0,0,1,1,1,1785476320
2026-07-31T07:50:21Z,345,19,3,0,0,0,1,1,1,1785484144
2026-07-31T07:50:21Z,346,7,5,16,0,0,1,1,1,1785479213
2026-07-31T07:50:21Z,347,0,0,42,2,0,1,1,1,1785484199
2026-07-31T07:50:21Z,348,21,3,0,1,1,1,1,1,1785484013
2026-07-31T07:50:21Z,349,5,1,14,0,0,1,1,1,1785484069
2026-07-31T07:50:21Z,350,24,3,1,1,1,1,1,1,1785482374
2026-07-31T07:50:21Z,351,20,3,0,3,0,1,1,1,1785484003
2026-07-31T07:50:21Z,355,23,1,0,0,0,1,1,1,1785477413
2026-07-31T07:50:21Z,356,17,2,2,0,0,1,1,1,1785482282
2026-07-31T07:50:21Z,357,12,4,7,0,0,1,1,1,1785484088
2026-07-31T07:50:21Z,358,24,4,2,1,0,1,1,1,1785483982
2026-07-31T07:50:21Z,359,22,0,5,0,0,1,1,1,1785482858
2026-07-31T07:50:21Z,360,16,4,1,2,0,1,1,1,1785479093
2026-07-31T07:50:21Z,362,17,5,0,2,0,1,1,1,1785482014
2026-07-31T07:50:21Z,363,0,0,27,0,0,1,1,1,1785483419
2026-07-31T07:50:21Z,364,19,3,0,0,0,1,1,1,1785483692
2026-07-31T07:50:21Z,365,18,6,2,3,0,1,1,1,1785483765
2026-07-31T07:50:21Z,366,12,5,3,8,0,1,1,1,1785484119
2026-07-31T07:50:21Z,367,16,9,1,2,0,1,1,1,1785478153
2026-07-31T07:50:21Z,368,20,3,1,2,0,1,1,1,1785482737
2026-07-31T07:50:21Z,370,16,9,11,0,0,1,1,1,1785479785
2026-07-31T07:50:21Z,371,3,1,15,1,0,1,1,1,1785480887
2026-07-31T07:50:21Z,372,8,2,7,0,0,1,1,1,1785482153
2026-07-31T07:50:21Z,373,22,7,5,0,0,1,1,1,1785482547
2026-07-31T07:50:21Z,374,17,7,0,2,0,1,1,1,1785484050
2026-07-31T07:50:21Z,375,22,5,3,2,0,1,1,1,1785482460
2026-07-31T07:50:21Z,376,30,4,4,5,0,1,1,1,1785482242
2026-07-31T07:50:21Z,377,24,8,3,0,0,1,1,1,1785483409
2026-07-31T07:50:21Z,378,22,5,0,1,1,1,1,1,1785483964
2026-07-31T07:50:21Z,379,15,0,12,0,0,1,1,1,1785482863
2026-07-31T07:50:21Z,380,22,7,0,1,0,1,1,1,1785476861
2026-07-31T07:50:21Z,381,14,0,9,0,0,1,1,1,1785482950
2026-07-31T07:50:21Z,383,12,0,1,2,0,1,1,1,1785480220
2026-07-31T07:50:21Z,384,26,1,0,1,0,1,1,1,1785479554
2026-07-31T07:50:21Z,385,16,4,1,1,0,1,1,1,1785480137
2026-07-31T07:50:21Z,387,22,2,1,0,0,1,1,1,1785482782
2026-07-31T07:50:21Z,388,16,3,33,0,0,1,1,1,1785481664
2026-07-31T07:50:21Z,389,10,8,5,0,0,1,1,1,1785482275
2026-07-31T07:50:21Z,390,17,0,18,0,0,1,1,1,1785481268
2026-07-31T07:50:21Z,391,4,0,10,1,0,1,1,1,1785475375
2026-07-31T07:50:21Z,392,3,3,15,1,0,1,1,1,1785483914
2026-07-31T07:50:21Z,393,3,3,5,3,0,1,1,1,1785480120
2026-07-31T07:50:21Z,394,9,6,2,2,0,1,1,1,1785481308
2026-07-31T07:50:21Z,396,7,7,32,3,0,1,1,1,1785483097
2026-07-31T07:50:21Z,397,4,4,27,0,0,1,1,1,1785479502
2026-07-31T07:50:21Z,399,13,2,2,2,0,1,1,1,1785483706
2026-07-31T07:50:21Z,400,11,6,9,3,0,1,1,1,1785483812
2026-07-31T07:50:21Z,401,10,0,21,8,0,1,1,1,1785475540
2026-07-31T07:50:21Z,403,4,0,25,2,0,1,1,1,1785484031
2026-07-31T07:50:21Z,404,3,2,19,1,0,1,1,1,1785481745
2026-07-31T07:50:21Z,406,2,0,32,1,0,1,1,1,1785476032
2026-07-31T07:50:21Z,407,16,3,17,1,0,1,1,1,1785479176
2026-07-31T07:50:21Z,408,12,2,20,1,0,1,1,1,1785480622
2026-07-31T07:50:21Z,409,0,0,20,3,0,1,1,1,1785474552
2026-07-31T07:50:21Z,413,17,4,4,2,0,1,1,1,1785481307
2026-07-31T07:50:21Z,414,13,4,1,1,0,1,1,1,1785484204
2026-07-31T07:50:21Z,417,11,7,8,0,0,1,1,1,1785478784
2026-07-31T07:50:21Z,418,1,0,13,1,0,1,1,1,1785476979
2026-07-31T07:50:21Z,419,10,0,12,1,0,1,1,1,1785476705
2026-07-31T07:50:21Z,421,1,0,18,0,0,1,1,1,1785475529
2026-07-31T07:50:21Z,422,4,3,23,0,0,1,1,1,1785483558
2026-07-31T07:50:21Z,423,6,1,17,0,0,1,1,1,1785477801
2026-07-31T07:50:21Z,424,0,0,12,3,0,1,1,1,1785484196
2026-07-31T07:50:21Z,425,20,0,1,0,1,1,1,1,1785482287
2026-07-31T07:50:21Z,426,0,0,35,2,0,1,1,1,1785483994
2026-07-31T07:50:21Z,427,14,1,0,1,0,1,1,1,1785483971
2026-07-31T07:50:21Z,428,13,1,5,1,0,1,1,1,1785482000
2026-07-31T07:50:21Z,429,4,0,17,2,0,1,1,1,1785483470
2026-07-31T07:50:21Z,430,27,0,1,3,0,1,1,1,1785479655
2026-07-31T07:50:21Z,431,14,0,18,1,0,1,1,1,1785477264
2026-07-31T07:50:21Z,432,19,0,10,2,0,1,1,1,1785483854
2026-07-31T07:50:21Z,433,19,6,3,1,0,1,1,1,1785477238
2026-07-31T07:50:21Z,437,3,0,15,1,0,1,1,1,1785483772
2026-07-31T07:50:21Z,438,17,0,1,1,0,1,1,1,1785484202
2026-07-31T07:50:21Z,439,5,0,10,0,0,1,1,1,1785472574
2026-07-31T07:50:21Z,440,12,0,1,2,0,1,1,1,1785478593
2026-07-31T07:50:21Z,441,10,2,4,1,0,1,1,1,1785482848
2026-07-31T07:50:21Z,442,17,9,1,1,0,1,1,1,1785481675
2026-07-31T07:50:21Z,443,4,2,23,0,0,1,1,1,1785472492
2026-07-31T07:50:21Z,444,2,2,21,0,0,1,1,1,1785476160
2026-07-31T07:50:21Z,445,7,2,15,1,0,1,1,1,1785484112
2026-07-31T07:50:21Z,446,1,1,21,1,0,1,1,1,1785470328
2026-07-31T07:50:21Z,447,3,0,18,1,1,1,1,1,1785467157
2026-07-31T07:50:21Z,448,9,4,4,1,1,1,1,1,1785484069
2026-07-31T07:50:21Z,452,7,6,11,1,0,1,1,1,1785483617
2026-07-31T07:50:21Z,453,8,5,6,1,0,1,1,1,1785478990
2026-07-31T07:50:21Z,454,8,0,11,0,0,1,1,1,1785484166
2026-07-31T07:50:21Z,455,0,0,39,0,0,1,1,1,1785483866
2026-07-31T07:50:21Z,456,9,0,10,1,0,1,1,1,1785484135
2026-07-31T07:50:21Z,457,25,2,0,2,0,1,1,1,1785481257
2026-07-31T07:50:21Z,458,15,6,8,0,0,1,1,1,1785481584
2026-07-31T07:50:21Z,459,15,0,0,0,0,1,1,1,1785481242
2026-07-31T07:50:21Z,460,21,2,1,1,0,1,1,1,1785476745
2026-07-31T07:50:21Z,461,5,1,14,0,0,1,1,1,1785481343
2026-07-31T07:50:21Z,462,7,0,14,0,0,1,1,1,1785483226
2026-07-31T07:50:21Z,463,13,1,6,0,0,1,1,1,1785475514
2026-07-31T07:50:21Z,464,3,1,11,0,0,1,1,1,1785480808
2026-07-31T07:50:21Z,465,1,1,13,1,0,1,1,1,1785478066
2026-07-31T07:50:21Z,466,11,3,2,2,0,1,1,1,1785470197
2026-07-31T07:50:21Z,467,5,1,13,1,0,1,1,1,1785471818
2026-07-31T07:50:21Z,468,17,1,1,1,0,1,1,1,1785473309
2026-07-31T07:50:21Z,469,2,1,21,0,0,1,1,1,1785473803
2026-07-31T07:50:21Z,470,13,1,0,2,0,1,1,1,1785480402
2026-07-31T07:50:21Z,471,20,2,7,0,0,1,1,1,1785475642
2026-07-31T07:50:21Z,472,18,6,0,1,0,1,1,1,1785484168
2026-07-31T07:50:21Z,473,19,5,0,0,0,1,1,1,1785474055
2026-07-31T07:50:21Z,474,18,0,1,0,0,1,1,1,1785482659
2026-07-31T07:50:21Z,475,3,0,15,1,0,1,1,1,1785483842
2026-07-31T07:50:21Z,477,12,8,2,1,0,1,1,1,1785479943
2026-07-31T07:50:21Z,478,6,0,24,1,0,1,1,1,1785483785
2026-07-31T07:50:21Z,479,1,0,25,1,0,1,1,1,1785481762
2026-07-31T07:50:21Z,480,2,0,10,3,0,1,1,1,1785482640
2026-07-31T07:50:21Z,481,26,1,8,1,0,1,1,1,1785483929
2026-07-31T07:50:21Z,482,17,5,2,0,0,1,1,1,1785482172
2026-07-31T07:50:21Z,483,1,0,24,2,0,1,1,1,1785484147
2026-07-31T07:50:21Z,484,8,2,10,1,0,1,1,1,1785484041
2026-07-31T07:50:21Z,485,16,6,1,1,1,1,1,1,1785483903
2026-07-31T07:50:21Z,486,25,6,0,2,0,1,1,1,1785484190
2026-07-31T07:50:21Z,487,6,4,12,1,0,1,1,1,1785481399
2026-07-31T07:50:21Z,489,14,6,1,0,0,1,1,1,1785484134
2026-07-31T07:50:21Z,490,1,1,15,0,0,1,1,1,1785474401
2026-07-31T07:50:21Z,491,4,1,17,0,0,1,1,1,1785483175
2026-07-31T07:50:21Z,492,5,3,2,4,0,1,1,1,1785484207
2026-07-31T07:50:21Z,493,0,0,26,1,0,1,1,1,1785478572
2026-07-31T07:50:21Z,495,12,1,2,1,0,1,1,1,1785472753
2026-07-31T07:50:21Z,496,27,1,0,0,0,1,1,1,1785476805
2026-07-31T07:50:21Z,497,17,0,1,1,0,1,1,1,1785473754
2026-07-31T07:50:21Z,498,21,3,1,1,0,1,1,1,1785484089
2026-07-31T07:50:21Z,499,18,2,1,0,0,1,1,1,1785482441
2026-07-31T07:50:21Z,500,10,5,0,5,0,1,1,1,1785474639
2026-07-31T07:50:21Z,501,9,3,12,0,0,1,1,1,1785472226
2026-07-31T07:50:21Z,502,6,0,13,0,0,1,1,1,1785473972
2026-07-31T07:50:21Z,503,26,0,4,1,0,1,1,1,1785482589
2026-07-31T07:50:21Z,504,0,0,39,0,0,1,1,1,1785475893
2026-07-31T07:50:21Z,505,11,2,0,1,0,1,1,1,1785475102
2026-07-31T07:50:21Z,511,1,1,22,0,0,1,1,1,1785477213
2026-07-31T07:50:21Z,512,7,0,20,0,0,1,1,1,1785480589
2026-07-31T07:50:21Z,514,10,0,0,1,0,1,1,1,1785473367
2026-07-31T07:50:21Z,515,2,0,17,0,0,1,1,1,1785475097
2026-07-31T07:50:21Z,516,0,0,27,0,0,1,1,1,1785484039
2026-07-31T07:50:21Z,517,14,3,8,1,0,1,1,1,1785477619
2026-07-31T07:50:21Z,518,14,1,0,1,0,1,1,1,1785481277
2026-07-31T07:50:21Z,519,4,0,13,2,0,1,1,1,1785483784
2026-07-31T07:50:21Z,520,9,6,12,5,1,1,1,1,1785484204
2026-07-31T07:50:21Z,521,17,5,6,0,0,1,1,1,1785479613
2026-07-31T07:50:21Z,522,0,0,22,1,0,1,1,1,1785483971
2026-07-31T07:50:21Z,523,6,3,16,1,0,1,1,1,1785481269
2026-07-31T07:50:21Z,524,0,0,23,0,0,1,1,1,1785482014
2026-07-31T07:50:21Z,525,7,0,12,0,0,1,1,1,1785483347
2026-07-31T07:50:21Z,526,13,1,0,2,0,1,1,1,1785479907
2026-07-31T07:50:21Z,527,6,4,17,3,0,1,1,1,1785483943
2026-07-31T07:50:21Z,528,21,2,1,1,0,1,1,1,1785474198
2026-07-31T07:50:21Z,529,5,2,8,6,0,1,1,1,1785484203
2026-07-31T07:50:21Z,530,16,1,3,2,0,1,1,1,1785482854
2026-07-31T07:50:21Z,531,21,1,0,1,1,1,1,1,1785477777
2026-07-31T07:50:21Z,532,3,3,26,1,1,1,1,1,1785481447
2026-07-31T07:50:21Z,533,7,0,10,2,0,1,1,1,1785481340
2026-07-31T07:50:21Z,534,14,1,9,0,0,1,1,1,1785482633
2026-07-31T07:50:21Z,535,2,0,13,0,0,1,1,1,1785478138
2026-07-31T07:50:21Z,536,1,0,22,0,0,1,1,1,1785481161
2026-07-31T07:50:21Z,537,0,0,20,0,0,1,1,1,1785482824
2026-07-31T07:50:21Z,538,21,8,0,0,2,1,1,1,1785484004
2026-07-31T07:50:21Z,539,4,4,27,0,0,1,1,1,1785470894
2026-07-31T07:50:21Z,540,2,1,17,0,0,1,1,1,1785476481
2026-07-31T07:50:21Z,541,26,2,0,1,0,1,1,1,1785480778
2026-07-31T07:50:21Z,542,2,2,21,0,0,1,1,1,1785467748
2026-07-31T07:50:21Z,543,17,2,1,1,0,1,1,1,1785477292
2026-07-31T07:50:21Z,544,14,1,4,4,0,1,1,1,1785474116
2026-07-31T07:50:21Z,545,0,0,17,2,0,1,1,1,1785483239
2026-07-31T07:50:21Z,546,14,6,5,0,0,1,1,1,1785482694
2026-07-31T07:50:21Z,547,17,0,8,0,0,1,1,1,1785480318
2026-07-31T07:50:21Z,548,13,0,10,0,0,1,1,1,1785483616
2026-07-31T07:50:21Z,549,20,0,3,0,0,1,1,1,1785477960
2026-07-31T07:50:21Z,550,15,2,4,0,0,1,1,1,1785484183
2026-07-31T07:50:21Z,551,16,4,7,0,0,1,1,1,1785472754
2026-07-31T07:50:21Z,552,27,3,0,0,0,1,1,1,1785474710
2026-07-31T07:50:21Z,553,22,5,0,0,1,1,1,1,1785483926
2026-07-31T07:50:21Z,554,1,1,18,0,0,1,1,1,1785481543
2026-07-31T07:50:21Z,555,14,6,0,1,0,1,1,1,1785473227
2026-07-31T07:50:21Z,556,21,4,0,2,0,1,1,1,1785484062
2026-07-31T07:50:21Z,557,6,4,12,5,0,1,1,1,1785481664
2026-07-31T07:50:21Z,558,27,4,10,0,0,1,1,1,1785482878
2026-07-31T07:50:21Z,559,0,0,18,1,0,1,1,1,1785471117
2026-07-31T07:50:21Z,560,8,0,19,0,0,1,1,1,1785481488
2026-07-31T07:50:21Z,561,13,1,9,1,0,1,1,1,1785475550
2026-07-31T07:50:21Z,562,3,0,29,3,0,1,1,1,1785474061
2026-07-31T07:50:21Z,563,11,1,3,0,0,1,1,1,1785482241
2026-07-31T07:50:21Z,564,12,0,6,1,0,1,1,1,1785482523
2026-07-31T07:50:21Z,565,6,2,13,0,0,1,1,1,1785482411
2026-07-31T07:50:21Z,566,16,0,2,1,0,1,1,1,1785484169
2026-07-31T07:50:21Z,567,24,0,2,1,0,1,1,1,1785477137
2026-07-31T07:50:21Z,568,13,0,5,1,0,1,1,1,1785483409
2026-07-31T07:50:21Z,569,17,3,2,0,0,1,1,1,1785480726
2026-07-31T07:50:21Z,570,12,1,7,0,0,1,1,1,1785484161
2026-07-31T07:50:21Z,571,4,0,19,0,0,1,1,1,1785484192
2026-07-31T07:50:21Z,572,17,5,2,0,0,1,1,1,1785475634
2026-07-31T07:50:21Z,573,13,0,2,0,0,1,1,1,1785484177
2026-07-31T07:50:21Z,574,10,3,5,0,0,1,1,1,1785478785
2026-07-31T07:50:21Z,575,5,1,15,1,0,1,1,1,1785482094
2026-07-31T07:50:21Z,576,2,0,15,2,0,1,1,1,1785482892
2026-07-31T07:50:21Z,577,13,0,18,0,0,1,1,1,1785484139
2026-07-31T07:50:21Z,578,13,8,9,1,0,1,1,1,1785478764
2026-07-31T07:50:21Z,579,4,0,39,0,0,1,1,1,1785482722
2026-07-31T07:50:21Z,580,4,0,25,0,0,1,1,1,1785479325
2026-07-31T07:50:21Z,581,19,3,0,0,0,1,1,1,1785478520
2026-07-31T07:50:21Z,582,22,0,38,1,0,1,1,1,1785484199
2026-07-31T07:50:21Z,583,23,1,0,0,0,1,1,1,1785480947
2026-07-31T07:50:21Z,584,9,4,6,4,0,1,1,1,1785475747
2026-07-31T07:50:21Z,585,16,3,10,0,1,1,1,1,1785482653
2026-07-31T07:50:21Z,586,14,0,21,0,0,1,1,1,1785482020
2026-07-31T07:50:21Z,587,20,0,3,1,0,1,1,1,1785482282
2026-07-31T07:50:21Z,588,12,4,4,3,0,1,1,1,1785484100
2026-07-31T07:50:21Z,589,0,0,0,23,0,1,1,1,1785483892
2026-07-31T07:50:21Z,590,19,4,11,1,0,1,1,1,1785479272
2026-07-31T07:50:21Z,591,28,1,0,2,0,1,1,1,1785470989
2026-07-31T07:50:21Z,592,12,0,11,0,0,1,1,1,1785483987
2026-07-31T07:50:21Z,593,0,0,38,0,0,1,1,1,1785476655
2026-07-31T07:50:21Z,594,7,0,11,3,0,1,1,1,1785484163
2026-07-31T07:50:21Z,595,0,0,3,0,0,0,1,1,1784046673
2026-07-31T07:50:21Z,605,0,0,2,1,0,0,1,1,1783975843
2026-07-31T07:50:21Z,606,0,0,0,0,0,0,1,1,86400
2026-07-31T07:50:21Z,607,9,0,22,1,0,1,1,1,1785483920
2026-07-31T07:50:21Z,608,0,0,50,0,0,1,1,1,1785482473
2026-07-31T07:50:21Z,609,1,0,22,0,0,1,1,1,1785483893
2026-07-31T07:50:21Z,610,0,0,35,0,0,1,1,1,1785463583
2026-07-31T07:50:21Z,611,12,0,14,1,0,1,1,1,1785483600
2026-07-31T07:50:21Z,612,6,1,9,0,0,1,1,1,1785472015
2026-07-31T07:50:21Z,613,9,0,3,3,0,1,1,1,1785472894
2026-07-31T07:50:21Z,614,0,0,24,2,1,1,1,1,1785474126
2026-07-31T07:50:21Z,617,12,0,1,2,0,1,1,1,1785482239
2026-07-31T07:50:21Z,618,13,2,1,5,0,1,1,1,1785473502
2026-07-31T07:50:21Z,619,7,2,12,0,0,1,1,1,1785483534
2026-07-31T07:50:21Z,620,0,0,25,2,0,1,1,1,1785478133
2026-07-31T07:50:21Z,621,14,4,9,0,0,1,1,1,1785480136
2026-07-31T07:50:21Z,622,5,2,17,1,0,1,1,1,1785480182
2026-07-31T07:50:21Z,623,9,2,20,1,0,1,1,1,1785475996
2026-07-31T07:50:21Z,624,2,0,13,0,0,1,1,1,1785470898
2026-07-31T07:50:21Z,625,9,1,10,2,0,1,1,1,1785481655
2026-07-31T07:50:21Z,626,0,0,45,0,2,1,1,1,1785469585
2026-07-31T07:50:21Z,627,14,7,5,0,0,1,1,1,1785473336
2026-07-31T07:50:21Z,628,0,0,15,2,2,1,1,1,1785484022
2026-07-31T07:50:21Z,629,4,1,6,1,0,1,1,1,1785484087
2026-07-31T07:50:21Z,630,3,2,21,3,0,1,1,1,1785483895
2026-07-31T07:50:21Z,631,2,1,21,0,0,1,1,1,1785471593
2026-07-31T07:50:21Z,632,22,2,0,1,0,1,1,1,1785458363
2026-07-31T07:50:21Z,633,11,1,0,4,0,1,1,1,1785483916
2026-07-31T07:50:21Z,634,11,2,8,0,0,1,1,1,1785478804
2026-07-31T07:50:21Z,635,16,1,3,0,0,1,1,1,1785475442
2026-07-31T07:50:21Z,636,9,2,6,0,0,1,1,1,1785474569
2026-07-31T07:50:21Z,637,8,0,11,0,0,1,1,1,1785483457
2026-07-31T07:50:21Z,638,9,2,7,3,0,1,1,1,1785473314
2026-07-31T07:50:21Z,639,5,1,11,3,0,1,1,1,1785479066
2026-07-31T07:50:21Z,640,1,1,21,1,0,1,1,1,1785483899
2026-07-31T07:50:21Z,641,21,0,3,2,0,1,1,1,1785483804
2026-07-31T07:50:21Z,642,3,2,8,8,0,1,1,1,1785484207
2026-07-31T07:50:21Z,643,1,0,18,8,0,1,1,1,1785484208
2026-07-31T07:50:21Z,644,12,0,2,1,0,1,1,1,1785475510
2026-07-31T07:50:21Z,645,11,0,10,1,1,1,1,1,1785480904
2026-07-31T07:50:21Z,646,7,2,12,0,0,1,1,1,1785484092
2026-07-31T07:50:21Z,647,31,1,0,0,0,1,1,1,1785469507
2026-07-31T07:50:21Z,648,6,0,12,1,0,1,1,1,1785483627
2026-07-31T07:50:21Z,649,19,2,11,1,0,1,1,1,1785482698
2026-07-31T07:50:21Z,650,5,1,9,0,0,1,1,1,1785461548
2026-07-31T07:50:21Z,651,11,9,12,0,0,1,1,1,1785482207
2026-07-31T07:50:21Z,652,4,2,17,2,0,1,1,1,1785484201
2026-07-31T07:50:21Z,653,8,1,9,2,0,1,1,1,1785481487
2026-07-31T07:50:21Z,654,2,2,13,0,0,1,1,1,1785480995
2026-07-31T07:50:21Z,655,6,3,2,4,1,1,1,1,1785484079
2026-07-31T07:50:21Z,656,18,6,1,0,0,1,1,1,1785482316
2026-07-31T07:50:21Z,657,9,1,3,2,3,1,1,1,1785484121
2026-07-31T07:50:21Z,658,9,1,1,0,0,1,1,1,1785473427
2026-07-31T07:50:21Z,659,8,3,5,2,0,1,1,1,1785482005
2026-07-31T07:50:21Z,660,13,0,14,4,0,1,1,1,1785483918
2026-07-31T07:50:21Z,661,1,1,18,0,0,1,1,1,1785474064
2026-07-31T07:50:21Z,662,7,5,14,2,0,1,1,1,1785480458
2026-07-31T07:50:21Z,663,14,6,0,1,0,1,1,1,1785472341
2026-07-31T07:50:21Z,664,0,0,27,0,0,1,1,1,1785472715
2026-07-31T07:50:21Z,665,12,3,3,0,0,1,1,1,1785479255
2026-07-31T07:50:21Z,666,7,2,6,2,0,1,1,1,1785473808
2026-07-31T07:50:21Z,667,0,0,19,0,0,1,1,1,1785482992
2026-07-31T07:50:21Z,668,10,1,8,1,0,1,1,1,1785484022
2026-07-31T07:50:21Z,669,14,5,0,0,0,1,1,1,1785473569
2026-07-31T07:50:21Z,670,11,2,16,0,0,1,1,1,1785482280
2026-07-31T07:50:21Z,671,26,5,0,1,0,1,1,1,1785475719
2026-07-31T07:50:21Z,672,13,2,6,3,1,1,1,1,1785476904
2026-07-31T07:50:21Z,673,12,1,9,2,0,1,1,1,1785484140
2026-07-31T07:50:21Z,674,3,2,17,3,0,1,1,1,1785483899
2026-07-31T07:50:21Z,675,12,6,1,2,0,1,1,1,1785484014
2026-07-31T07:50:21Z,676,4,1,17,1,0,1,1,1,1785479831
2026-07-31T07:50:21Z,681,12,3,1,2,0,1,1,1,1785482803
2026-07-31T07:50:21Z,682,4,1,14,1,0,1,1,1,1785387864
2026-07-31T07:50:21Z,683,4,1,15,0,0,1,1,1,1785482874
2026-07-31T07:50:21Z,684,4,0,23,0,0,1,1,1,1785473502
2026-07-31T07:50:21Z,685,10,0,15,1,1,1,1,1,1785476486
2026-07-31T07:50:21Z,686,12,0,13,1,1,1,1,1,1785483999
2026-07-31T07:50:21Z,687,11,0,18,1,1,1,1,1,1785484200
2026-07-31T07:50:21Z,688,9,0,3,7,0,1,1,1,1785483947
2026-07-31T07:50:21Z,692,1,0,20,0,0,1,1,1,1785483973
2026-07-31T07:50:21Z,693,5,0,3,3,0,1,1,1,1785483558
2026-07-31T07:50:21Z,694,9,5,12,0,0,1,1,1,1785483293
2026-07-31T07:50:21Z,695,17,11,6,0,0,1,1,1,1785483421
2026-07-31T07:50:21Z,696,19,14,3,1,0,1,1,1,1785483339
2026-07-31T07:50:21Z,697,19,1,4,0,0,1,1,1,1785483372
2026-07-31T07:50:21Z,698,27,0,0,0,0,1,1,1,1785482475
2026-07-31T07:50:21Z,699,7,0,7,1,0,1,1,1,1785483845
2026-07-31T07:50:21Z,700,19,4,0,0,0,1,1,1,1785483962
2026-07-31T07:50:21Z,701,17,6,2,0,0,1,1,1,1785483395
2026-07-31T07:50:21Z,702,19,0,4,0,0,1,1,1,1785484133
2026-07-31T07:50:21Z,704,9,2,6,0,0,1,1,1,1785482804
2026-07-31T07:50:21Z,705,5,3,9,1,0,1,1,1,1785484084
2026-07-31T07:50:21Z,706,8,2,4,3,0,1,1,1,1785483362
2026-07-31T07:50:21Z,707,10,2,5,0,0,1,1,1,1785484015
2026-07-31T07:50:21Z,708,19,3,0,0,0,1,1,1,1785484207
2026-07-31T07:50:21Z,709,11,1,1,3,0,1,1,1,1785484022
2026-07-31T07:50:21Z,710,16,3,2,1,0,1,1,1,1785483439
2026-07-31T07:50:21Z,711,19,4,0,4,0,1,1,1,1785483500
2026-07-31T07:50:21Z,712,15,10,0,0,0,1,1,1,1785483953
2026-07-31T07:50:21Z,713,6,0,17,0,0,1,1,1,1785482653
2026-07-31T07:50:21Z,716,3,1,12,0,0,1,1,1,1785483727
2026-07-31T07:50:21Z,717,2,1,20,3,0,1,1,1,1785483795
2026-07-31T07:50:21Z,718,2,1,12,1,0,1,1,1,1785483618
2026-07-31T07:50:21Z,719,7,1,22,0,0,1,1,1,1785482952
2026-07-31T07:50:21Z,720,2,1,17,0,0,1,1,1,1785484021
2026-07-31T07:50:21Z,721,0,0,21,2,0,1,1,1,1785482991
2026-07-31T07:50:21Z,722,5,0,10,0,0,1,1,1,1785483773
2026-07-31T07:50:21Z,723,12,1,11,0,0,1,1,1,1785483792
2026-07-31T07:50:21Z,724,21,4,2,0,0,1,1,1,1785483139
2026-07-31T07:50:21Z,725,22,6,0,1,0,1,1,1,1785482704
2026-07-31T07:50:21Z,726,19,3,0,0,0,1,1,1,1785482920
2026-07-31T07:50:21Z,727,9,4,12,2,0,1,1,1,1785482937
2026-07-31T07:50:21Z,728,10,1,5,0,0,1,1,1,1785482512
2026-07-31T07:50:21Z,729,6,0,13,0,0,1,1,1,1785483381
2026-07-31T07:50:21Z,730,3,2,10,2,0,1,1,1,1785483102
2026-07-31T07:50:21Z,731,10,3,4,1,0,1,1,1,1785484027
2026-07-31T07:50:21Z,732,9,5,6,0,0,1,1,1,1785483254
2026-07-31T07:50:21Z,733,4,0,23,0,0,1,1,1,1785484031
2026-07-31T07:50:21Z,734,0,0,14,0,0,1,1,1,1785483225
2026-07-31T07:50:21Z,735,4,3,23,0,0,1,1,1,1785483897
2026-07-31T07:50:21Z,736,7,1,12,0,0,1,1,1,1785482642
2026-07-31T07:50:21Z,737,4,3,10,0,1,1,1,1,1785482618
2026-07-31T07:50:21Z,738,16,5,1,2,0,1,1,1,1785482812
2026-07-31T07:50:21Z,739,19,2,7,1,0,1,1,1,1785484045
2026-07-31T07:50:21Z,741,7,1,16,0,0,1,1,1,1785482531
2026-07-31T07:50:21Z,742,9,4,23,3,0,1,1,1,1785483827
2026-07-31T07:50:21Z,743,8,3,9,2,0,1,1,1,1785482398
2026-07-31T07:50:21Z,744,12,4,3,0,0,1,1,1,1785484194
2026-07-31T07:50:21Z,745,14,4,4,1,0,1,1,1,1785482913
2026-07-31T07:50:21Z,746,12,3,9,2,0,1,1,1,1785483700
2026-07-31T07:50:21Z,747,0,0,4,0,0,0,1,1,1783446606
2026-07-31T07:50:21Z,748,10,1,13,0,0,1,1,1,1785483690
2026-07-31T07:50:21Z,749,7,5,15,1,0,1,1,1,1785483704
2026-07-31T07:50:21Z,750,4,2,7,0,0,1,1,1,1785484164
2026-07-31T07:50:21Z,751,9,0,14,0,0,1,1,1,1785484202
2026-07-31T07:50:21Z,752,13,1,3,1,0,1,1,1,1785482301
2026-07-31T07:50:21Z,753,4,0,11,0,0,1,1,1,1785483460
2026-07-31T07:50:21Z,754,2,2,12,1,0,1,1,1,1785483474
2026-07-31T07:50:21Z,755,12,3,10,1,0,1,1,1,1785483756
2026-07-31T07:50:21Z,756,3,0,34,0,0,1,1,1,1785482451
2026-07-31T07:50:21Z,757,18,9,1,0,0,1,1,1,1785483693
2026-07-31T07:50:21Z,758,23,3,0,0,0,1,1,1,1785483297
2026-07-31T07:50:21Z,759,5,3,10,0,0,1,1,1,1785483033
2026-07-31T07:50:21Z,760,8,3,11,0,0,1,1,1,1785472022
2026-07-31T07:50:21Z,761,16,0,7,0,0,1,1,1,1785484144
2026-07-31T07:50:21Z,762,7,4,4,4,0,1,1,1,1785483974
2026-07-31T07:50:21Z,768,9,0,8,2,0,1,1,1,1785483143
2026-07-31T07:50:21Z,769,15,11,4,0,0,1,1,1,1785483654
2026-07-31T07:50:21Z,770,11,3,6,2,0,1,1,1,1785482697
2026-07-31T07:50:21Z,771,13,3,1,1,0,1,1,1,1785483942
2026-07-31T07:50:21Z,772,7,3,8,0,0,1,1,1,1785482762
2026-07-31T07:50:21Z,773,15,4,4,0,0,1,1,1,1785482576
2026-07-31T07:50:21Z,774,9,5,3,3,0,1,1,1,1785482539
2026-07-31T07:50:21Z,775,6,0,11,1,1,1,1,1,1785468483
2026-07-31T07:50:21Z,776,3,1,17,1,0,1,1,1,1785482908
2026-07-31T07:50:21Z,777,10,0,2,3,0,1,1,1,1785482649
2026-07-31T07:50:21Z,778,13,0,3,3,0,1,1,1,1785482909
2026-07-31T07:50:21Z,779,8,1,10,1,0,1,1,1,1785483437
2026-07-31T07:50:21Z,780,17,4,1,1,0,1,1,1,1785483121
2026-07-31T07:50:21Z,781,6,2,3,2,0,1,1,1,1785483464
2026-07-31T07:50:21Z,782,5,3,10,4,0,1,1,1,1785482415
2026-07-31T07:50:21Z,783,7,1,12,0,0,1,1,1,1785483511
2026-07-31T07:50:21Z,784,15,2,4,0,0,1,1,1,1785483119
2026-07-31T07:50:21Z,785,12,2,2,5,0,1,1,1,1785483677
2026-07-31T07:50:21Z,786,11,5,8,0,0,1,1,1,1785483320
2026-07-31T07:50:21Z,787,11,5,2,2,0,1,1,1,1785484124
2026-07-31T07:50:21Z,788,3,0,12,0,0,1,1,1,1785484003
2026-07-31T07:50:21Z,789,9,2,2,4,0,1,1,1,1785482426
2026-07-31T07:50:21Z,790,0,0,23,0,0,1,1,1,1785482803
2026-07-31T07:50:21Z,791,7,2,11,0,1,1,1,1,1785484122
2026-07-31T07:50:21Z,793,4,0,10,1,0,1,1,1,1785482571
2026-07-31T07:50:21Z,794,9,2,18,2,0,1,1,1,1785484145
2026-07-31T07:50:21Z,796,0,0,17,2,0,1,1,1,1785484166
2026-07-31T07:50:21Z,797,0,0,15,0,0,1,1,1,1785474441
2026-07-31T07:50:21Z,798,6,0,18,1,0,1,1,1,1785483988
2026-07-31T07:50:21Z,799,14,1,1,4,0,1,1,1,1785484136
2026-07-31T07:50:21Z,800,1,0,19,1,0,1,1,1,1785483733
2026-07-31T07:50:21Z,801,4,2,16,1,0,1,1,1,1785484187
2026-07-31T07:50:21Z,802,8,0,23,0,0,1,1,1,1785482458
2026-07-31T07:50:21Z,803,1,1,14,0,0,1,1,1,1785483972
2026-07-31T07:50:21Z,806,9,4,6,0,0,1,1,1,1785484167
2026-07-31T07:50:21Z,807,15,1,7,3,0,1,1,1,1785483414
2026-07-31T07:50:21Z,808,0,0,23,2,0,1,1,1,1785472976
2026-07-31T07:50:21Z,809,5,1,17,1,0,1,1,1,1785484132
2026-07-31T07:50:21Z,810,2,0,13,4,0,1,1,1,1785483507
2026-07-31T07:50:21Z,815,4,1,6,4,1,1,1,1,1785482433
2026-07-31T07:50:21Z,817,10,5,5,0,0,1,1,1,1785483483
2026-07-31T07:50:21Z,818,6,0,16,1,0,1,1,1,1785482873
2026-07-31T07:50:21Z,819,6,4,9,0,0,1,1,1,1785460987
2026-07-31T07:50:21Z,820,8,2,9,0,0,1,1,1,1785483409
2026-07-31T07:50:21Z,821,2,1,13,0,0,1,1,1,1785482527
2026-07-31T07:50:21Z,822,1,0,20,2,0,1,1,1,1785483733
2026-07-31T07:50:21Z,823,0,0,14,1,0,1,1,1,1785483801
2026-07-31T07:50:21Z,824,10,3,8,1,0,1,1,1,1785483267
2026-07-31T07:50:21Z,825,8,5,7,0,0,1,1,1,1785462716
2026-07-31T07:50:21Z,826,10,2,8,1,0,1,1,1,1785483264
2026-07-31T07:50:21Z,827,16,5,4,1,0,1,1,1,1785482754
2026-07-31T07:50:21Z,828,8,0,9,1,0,1,1,1,1785482634
2026-07-31T07:50:21Z,829,16,7,11,0,0,1,1,1,1785483494
2026-07-31T07:50:21Z,830,11,2,11,1,0,1,1,1,1785482744
2026-07-31T07:50:21Z,831,7,2,7,1,0,1,1,1,1785483959
2026-07-31T07:50:21Z,832,10,3,5,3,0,1,1,1,1785483850
2026-07-31T07:50:21Z,833,1,0,17,1,0,1,1,1,1785483610
2026-07-31T07:50:21Z,834,1,0,22,1,0,1,1,1,1785483106
2026-07-31T07:50:21Z,835,16,6,0,2,0,1,1,1,1785483336
2026-07-31T07:50:21Z,837,5,1,0,10,0,1,1,1,1785483834
2026-07-31T07:50:21Z,838,13,3,2,0,0,1,1,1,1785482697
2026-07-31T07:50:21Z,839,18,0,11,0,0,1,1,1,1785481858
2026-07-31T07:50:21Z,840,11,5,16,2,0,1,1,1,1785483135
2026-07-31T07:50:21Z,841,7,1,8,0,0,1,1,1,1785483778
2026-07-31T07:50:21Z,842,7,2,16,0,0,1,1,1,1785483552
2026-07-31T07:50:21Z,843,8,0,22,1,0,1,1,1,1785483769
2026-07-31T07:50:21Z,844,6,0,17,0,0,1,1,1,1785483743
2026-07-31T07:50:21Z,845,5,3,12,2,0,1,1,1,1785483941
2026-07-31T07:50:21Z,846,4,0,13,2,0,1,1,1,1785483076
2026-07-31T07:50:21Z,847,7,1,20,0,0,1,1,1,1785482840
2026-07-31T07:50:21Z,848,10,2,8,1,0,1,1,1,1785478667
2026-07-31T07:50:21Z,849,7,2,8,0,0,1,1,1,1785482928
2026-07-31T07:50:21Z,850,9,0,1,1,0,1,1,1,1785483165
2026-07-31T07:50:21Z,851,3,3,32,2,0,1,1,1,1785482977
2026-07-31T07:50:21Z,852,12,6,7,0,0,1,1,1,1785483659
2026-07-31T07:50:21Z,853,10,5,13,0,0,1,1,1,1785482704
2026-07-31T07:50:21Z,854,4,2,11,0,0,1,1,1,1785482792
2026-07-31T07:50:21Z,855,24,0,3,0,0,1,1,1,1785476759
2026-07-31T07:50:21Z,857,1,1,18,0,0,1,1,1,1785483858
2026-07-31T07:50:21Z,858,4,1,14,1,0,1,1,1,1785482490
2026-07-31T07:50:21Z,859,3,0,17,1,0,1,1,1,1785482722
2026-07-31T07:50:21Z,861,8,1,2,1,0,1,1,1,1785455675
2026-07-31T07:50:21Z,862,2,1,13,0,0,1,1,1,1785483803
2026-07-31T07:50:21Z,863,13,0,5,1,0,1,1,1,1785472897
2026-07-31T07:50:21Z,866,9,3,10,0,0,1,1,1,1785484093
2026-07-31T07:50:21Z,867,12,0,3,0,0,1,1,1,1785483420
2026-07-31T07:50:21Z,868,13,2,2,0,0,1,1,1,1785483621
2026-07-31T07:50:21Z,870,7,4,6,2,0,1,1,1,1785483837
2026-07-31T07:50:21Z,871,0,0,10,1,0,1,1,1,1785483225
2026-07-31T07:50:21Z,872,0,0,14,1,0,1,1,1,1785483756
2026-07-31T07:50:21Z,873,0,0,32,1,0,1,1,1,1785483710
2026-07-31T07:50:21Z,874,5,2,7,3,0,1,1,1,1785483920
2026-07-31T07:50:21Z,875,14,10,0,1,0,1,1,1,1785483891
2026-07-31T07:50:21Z,877,11,10,6,2,0,1,1,1,1785483352
2026-07-31T07:50:21Z,878,3,2,15,1,0,1,1,1,1785483932
2026-07-31T07:50:21Z,879,1,0,18,0,0,1,1,1,1785482978
2026-07-31T07:50:21Z,880,3,0,19,1,0,1,1,1,1785483893
2026-07-31T07:50:21Z,881,2,0,17,0,0,1,1,1,1785483786
2026-07-31T07:50:21Z,882,11,0,6,2,0,1,1,1,1785457778
2026-07-31T07:50:21Z,883,10,6,9,0,0,1,1,1,1785484063
2026-07-31T07:50:21Z,884,11,7,10,0,0,1,1,1,1785483337
2026-07-31T07:50:21Z,885,1,0,18,0,0,1,1,1,1785483640
2026-07-31T07:50:21Z,886,16,1,11,2,0,1,1,1,1785483976
2026-07-31T07:50:21Z,887,2,1,12,3,0,1,1,1,1785482759
2026-07-31T07:50:21Z,888,11,0,28,2,0,1,1,1,1785484055
2026-07-31T07:50:21Z,889,17,1,0,2,0,1,1,1,1785483951
2026-07-31T07:50:21Z,890,7,4,8,0,0,1,1,1,1785472287
2026-07-31T07:50:21Z,891,16,0,6,1,0,1,1,1,1785483123
2026-07-31T07:50:21Z,892,13,1,2,0,0,1,1,1,1785469848
2026-07-31T07:50:21Z,895,0,0,18,1,0,1,1,1,1785465808
2026-07-31T07:50:21Z,896,6,0,29,0,0,1,1,1,1785483234
2026-07-31T07:50:21Z,897,11,1,10,0,0,1,1,1,1785483822
2026-07-31T07:50:21Z,898,2,0,17,0,0,1,1,1,1785483559
2026-07-31T07:50:21Z,899,0,0,18,1,0,1,1,1,1785483392
2026-07-31T07:50:21Z,900,17,0,8,2,0,1,1,1,1785482954
2026-07-31T07:50:21Z,901,12,0,6,0,1,1,1,1,1785482485
2026-07-31T07:50:21Z,902,9,0,5,1,0,1,1,1,1785483504
2026-07-31T07:50:21Z,903,13,1,6,0,0,1,1,1,1785482921
2026-07-31T07:50:21Z,904,10,4,8,1,0,1,1,1,1785483946
2026-07-31T07:50:21Z,905,0,0,27,0,0,1,1,1,1785484035
2026-07-31T07:50:21Z,906,6,4,21,0,0,1,1,1,1785482961
2026-07-31T07:50:21Z,907,5,1,26,0,0,1,1,1,1785484122
2026-07-31T07:50:21Z,908,11,0,12,0,0,1,1,1,1785483927
2026-07-31T07:50:21Z,909,14,4,8,1,0,1,1,1,1785483852
2026-07-31T07:50:21Z,910,19,0,12,0,0,1,1,1,1785483835
2026-07-31T07:50:21Z,911,3,0,16,0,0,1,1,1,1785483493
2026-07-31T07:50:21Z,912,8,4,13,2,0,1,1,1,1785482578
2026-07-31T07:50:21Z,913,3,1,16,0,0,1,1,1,1785482655
2026-07-31T07:50:21Z,914,7,1,12,0,0,1,1,1,1785483901
2026-07-31T07:50:21Z,915,11,1,11,1,0,1,1,1,1785484042
2026-07-31T07:50:21Z,916,23,8,0,0,0,1,1,1,1785484081
2026-07-31T07:50:21Z,917,3,1,30,2,0,1,1,1,1785482867
2026-07-31T07:50:21Z,918,13,5,4,2,0,1,1,1,1785483859
2026-07-31T07:50:21Z,919,11,3,27,1,0,1,1,1,1785484156
2026-07-31T07:50:21Z,920,4,2,15,0,0,1,1,1,1785482476
2026-07-31T07:50:21Z,921,12,0,9,0,0,1,1,1,1785483621
2026-07-31T07:50:21Z,922,3,1,17,1,0,1,1,1,1785483607
2026-07-31T07:50:21Z,923,1,1,18,0,0,1,1,1,1785483853
2026-07-31T07:50:21Z,924,8,2,13,0,0,1,1,1,1785482819
2026-07-31T07:50:21Z,925,13,0,8,0,0,1,1,1,1785484092
2026-07-31T07:50:21Z,926,0,0,21,0,0,1,1,1,1785482426
2026-07-31T07:50:21Z,927,0,0,35,0,0,1,1,1,1785482801
2026-07-31T07:50:21Z,928,5,3,14,0,0,1,1,1,1785464301
2026-07-31T07:50:21Z,929,0,0,23,0,0,1,1,1,1785483249
2026-07-31T07:50:21Z,930,0,0,30,1,0,1,1,1,1785483836
2026-07-31T07:50:21Z,931,8,3,15,0,0,1,1,1,1785484163
2026-07-31T07:50:21Z,932,3,0,13,3,0,1,1,1,1785484011
2026-07-31T07:50:21Z,933,0,0,23,0,0,1,1,1,1785483805
2026-07-31T07:50:21Z,934,30,0,0,1,0,1,1,1,1785483548
2026-07-31T07:50:21Z,935,8,1,10,1,0,1,1,1,1785482992
2026-07-31T07:50:21Z,936,4,1,15,0,0,1,1,1,1785456801
2026-07-31T07:50:21Z,940,10,0,1,0,0,1,1,1,1785477927
2026-07-31T07:50:21Z,941,10,1,13,2,0,1,1,1,1785482544
2026-07-31T07:50:21Z,942,5,0,16,0,0,1,1,1,1785482918
2026-07-31T07:50:21Z,943,9,8,6,0,0,1,1,1,1785483874
2026-07-31T07:50:21Z,944,9,8,6,0,0,1,1,1,1785483686
2026-07-31T07:50:21Z,945,10,8,5,0,0,1,1,1,1785483197
2026-07-31T07:50:21Z,946,7,5,12,0,0,1,1,1,1785424152
2026-07-31T07:50:21Z,947,7,5,10,0,0,1,1,1,1785483700
2026-07-31T07:50:21Z,948,26,8,0,5,0,1,1,1,1785484207
2026-07-31T07:50:21Z,949,1,0,14,0,0,1,1,1,1785483803
2026-07-31T07:50:21Z,950,16,4,0,1,0,1,1,1,1785483807
2026-07-31T07:50:21Z,951,18,4,5,0,0,1,1,1,1785483898
2026-07-31T07:50:21Z,952,7,0,48,0,0,1,1,1,1785483142
2026-07-31T07:50:21Z,953,14,2,0,1,0,1,1,1,1785482969
2026-07-31T07:50:21Z,954,18,4,1,0,0,1,1,1,1785483805
2026-07-31T07:50:21Z,955,4,3,17,6,0,1,1,1,1785483611
2026-07-31T07:50:21Z,956,22,2,0,1,0,1,1,1,1785483735
2026-07-31T07:50:21Z,957,15,0,14,0,0,1,1,1,1785483073
2026-07-31T07:50:21Z,958,19,0,12,0,0,1,1,1,1785483795
2026-07-31T07:50:21Z,959,20,8,0,3,0,1,1,1,1785483979
2026-07-31T07:50:21Z,960,18,0,4,1,0,1,1,1,1785484061
2026-07-31T07:50:21Z,961,2,1,17,4,0,1,1,1,1785482596
2026-07-31T07:50:21Z,962,8,3,24,3,0,1,1,1,1785483946
2026-07-31T07:50:21Z,963,7,0,15,1,0,1,1,1,1785483776
2026-07-31T07:50:21Z,964,21,8,1,1,0,1,1,1,1785483404
2026-07-31T07:50:21Z,965,5,1,21,1,0,1,1,1,1785483930
2026-07-31T07:50:21Z,966,28,0,3,0,0,1,1,1,1785482583
2026-07-31T07:50:21Z,967,20,0,0,1,0,1,1,1,1785483521
2026-07-31T07:50:21Z,968,14,0,4,1,0,1,1,1,1785483686
2026-07-31T07:50:21Z,969,11,7,14,2,0,1,1,1,1785483718
2026-07-31T07:50:21Z,970,11,1,7,1,0,1,1,1,1785484019
2026-07-31T07:50:21Z,971,15,0,7,1,0,1,1,1,1785483983
2026-07-31T07:50:21Z,972,9,1,13,1,0,1,1,1,1785483649
2026-07-31T07:50:21Z,973,9,4,13,1,0,1,1,1,1785483157
2026-07-31T07:50:21Z,974,12,0,15,0,0,1,1,1,1785483303
2026-07-31T07:50:21Z,977,6,6,13,2,0,1,1,1,1785483925
2026-07-31T07:50:21Z,978,11,0,12,0,0,1,1,1,1785482967
2026-07-31T07:50:21Z,979,14,1,3,0,0,1,1,1,1785482532
2026-07-31T07:50:21Z,980,2,0,17,2,0,1,1,1,1785484015
2026-07-31T07:50:21Z,981,19,0,1,1,0,1,1,1,1785483418
2026-07-31T07:50:21Z,982,3,1,14,2,0,1,1,1,1785483726
2026-07-31T07:50:21Z,983,2,1,20,1,0,1,1,1,1785484135
2026-07-31T07:50:21Z,984,6,0,17,0,0,1,1,1,1785483292
2026-07-31T07:50:21Z,985,8,1,22,1,0,1,1,1,1785483545
2026-07-31T07:50:21Z,986,4,0,15,0,0,1,1,1,1785483724
2026-07-31T07:50:21Z,987,6,0,16,1,0,1,1,1,1785482439
2026-07-31T07:50:21Z,988,5,1,13,1,0,1,1,1,1785483872
2026-07-31T07:50:21Z,989,10,5,9,0,0,1,1,1,1785482864
2026-07-31T07:50:21Z,990,13,1,0,2,0,1,1,1,1785483932
2026-07-31T07:50:21Z,991,10,2,8,1,0,1,1,1,1785483582
2026-07-31T07:50:21Z,992,10,7,12,1,0,1,1,1,1785482638
2026-07-31T07:50:21Z,993,0,0,27,0,0,1,1,1,1785476008
2026-07-31T07:50:21Z,994,4,1,17,0,0,1,1,1,1785482847
2026-07-31T07:50:21Z,995,9,2,18,0,0,1,1,1,1785483886
2026-07-31T07:50:21Z,996,8,1,15,0,0,1,1,1,1785483693
2026-07-31T07:50:21Z,997,10,5,10,3,0,1,1,1,1785484126
2026-07-31T07:50:21Z,998,3,2,19,1,0,1,1,1,1785484008
2026-07-31T07:50:21Z,999,3,1,15,2,1,1,1,1,1785483800
2026-07-31T07:50:21Z,1000,3,1,18,0,0,1,1,1,1785482764
2026-07-31T07:50:21Z,1001,1,0,26,0,0,1,1,1,1785484024
2026-07-31T07:50:21Z,1002,0,0,27,4,0,1,1,1,1785484019
2026-07-31T07:50:21Z,1003,0,0,22,1,0,1,1,1,1785483656
2026-07-31T07:50:21Z,1004,8,1,15,0,0,1,1,1,1785483096
2026-07-31T07:50:21Z,1005,20,1,3,0,0,1,1,1,1785483846
2026-07-31T07:50:21Z,1006,7,4,11,1,0,1,1,1,1785483685
2026-07-31T07:50:21Z,1007,2,1,19,0,0,1,1,1,1785483315
2026-07-31T07:50:21Z,1008,6,5,15,2,0,1,1,1,1785482812
2026-07-31T07:50:21Z,1009,19,2,8,4,0,1,1,1,1785482683
2026-07-31T07:50:21Z,1010,7,2,20,0,0,1,1,1,1785483509
2026-07-31T07:50:21Z,1011,8,2,9,2,0,1,1,1,1785484059
2026-07-31T07:50:21Z,1012,4,3,18,1,0,1,1,1,1785483611
2026-07-31T07:50:21Z,1013,4,1,18,1,0,1,1,1,1785484025
2026-07-31T07:50:21Z,1014,7,2,13,3,0,1,1,1,1785484127
2026-07-31T07:50:21Z,1015,3,1,25,3,0,1,1,1,1785482571
2026-07-31T07:50:21Z,1016,10,5,21,0,0,1,1,1,1785483460
2026-07-31T07:50:21Z,1017,14,5,7,0,0,1,1,1,1785483016
2026-07-31T07:50:21Z,1018,7,2,15,0,0,1,1,1,1785483698
2026-07-31T07:50:21Z,1019,9,6,6,0,0,1,1,1,1785483635
2026-07-31T07:50:21Z,1020,18,3,3,0,0,1,1,1,1785482889
2026-07-31T07:50:21Z,1021,9,3,5,1,0,1,1,1,1785482625
2026-07-31T07:50:21Z,1022,14,0,13,0,0,1,1,1,1785483783
2026-07-31T07:50:21Z,1023,13,1,9,1,0,1,1,1,1785483432
2026-07-31T07:50:21Z,1024,5,2,13,1,0,1,1,1,1785482620
2026-07-31T07:50:21Z,1025,4,0,14,0,1,1,1,1,1785483751
2026-07-31T07:50:21Z,1026,7,5,19,5,0,1,1,1,1785482796
2026-07-31T07:50:21Z,1028,2,0,20,1,0,1,1,1,1785483789
2026-07-31T07:50:21Z,1029,10,9,4,1,0,1,1,1,1785482919
2026-07-31T07:50:21Z,1030,14,5,9,0,0,1,1,1,1785482651
2026-07-31T07:50:21Z,1031,8,0,11,0,0,1,1,1,1785483027
2026-07-31T07:50:21Z,1032,7,1,12,0,0,1,1,1,1785483689
2026-07-31T07:50:21Z,1033,9,5,9,1,0,1,1,1,1785482687
2026-07-31T07:50:21Z,1034,2,0,13,0,0,1,1,1,1785483713
2026-07-31T07:50:21Z,1035,1,0,16,2,0,1,1,1,1785483732
2026-07-31T07:50:21Z,1036,15,1,0,0,0,1,1,1,1785482478
2026-07-31T07:50:21Z,1037,4,0,14,1,0,1,1,1,1785483914
2026-07-31T07:50:21Z,1038,2,0,12,1,0,1,1,1,1785483410
2026-07-31T07:50:21Z,1039,6,2,13,0,0,1,1,1,1785483845
2026-07-31T07:50:21Z,1040,8,4,10,1,0,1,1,1,1785483728
2026-07-31T07:50:21Z,1041,11,3,8,0,0,1,1,1,1785483609
2026-07-31T07:50:21Z,1042,12,1,1,2,0,1,1,1,1785483965
2026-07-31T07:50:21Z,1043,9,0,7,3,0,1,1,1,1785483764
2026-07-31T07:50:21Z,1044,2,1,12,1,0,1,1,1,1785483466
2026-07-31T07:50:21Z,1045,10,0,9,0,0,1,1,1,1785483679
2026-07-31T07:50:21Z,1046,9,0,6,0,0,1,1,1,1785483091
2026-07-31T07:50:21Z,1047,4,0,17,0,0,1,1,1,1785482627
2026-07-31T07:50:21Z,1048,10,1,9,0,0,1,1,1,1785483656
2026-07-31T07:50:21Z,1049,6,0,15,0,0,1,1,1,1785483710
2026-07-31T07:50:21Z,1050,17,4,4,0,0,1,1,1,1785482996
2026-07-31T07:50:21Z,1051,8,3,13,0,0,1,1,1,1785482889
2026-07-31T07:50:21Z,1052,17,2,5,0,0,1,1,1,1785483513
2026-07-31T07:50:21Z,1053,2,1,13,0,0,1,1,1,1785483590
2026-07-31T07:50:21Z,1054,14,1,1,0,0,1,1,1,1785483851
2026-07-31T07:50:21Z,1055,7,1,12,0,0,1,1,1,1785483822
2026-07-31T07:50:21Z,1057,18,0,0,1,0,1,1,1,1785483518
2026-07-31T07:50:21Z,1058,1,0,55,0,0,1,1,1,1785483898
2026-07-31T07:50:21Z,1059,0,0,18,1,0,1,1,1,1785483721
2026-07-31T07:50:21Z,1060,30,0,7,0,0,1,1,1,1785482645
2026-07-31T07:50:21Z,1061,6,0,30,1,0,1,1,1,1785483785
2026-07-31T07:50:21Z,1062,1,0,16,0,0,1,1,1,1785484208
2026-07-31T07:50:21Z,1063,12,1,6,1,0,1,1,1,1785483735
2026-07-31T07:50:21Z,1064,3,0,19,1,0,1,1,1,1785484054
2026-07-31T07:50:21Z,1065,16,3,7,0,0,1,1,1,1785482482
2026-07-31T07:50:21Z,1066,10,2,13,0,0,1,1,1,1785484123
2026-07-31T07:50:21Z,1067,8,2,13,2,0,1,1,1,1785482573
2026-07-31T07:50:21Z,1068,8,2,13,2,0,1,1,1,1785483879
2026-07-31T07:50:21Z,1069,12,3,11,0,0,1,1,1,1785483932
2026-07-31T07:50:21Z,1070,12,2,11,0,0,1,1,1,1785484028
2026-07-31T07:50:21Z,1071,7,4,16,0,0,1,1,1,1785484067
2026-07-31T07:50:21Z,1072,11,1,11,1,0,1,1,1,1785482607
2026-07-31T07:50:21Z,1073,26,7,0,1,0,1,1,1,1785483356
2026-07-31T07:50:21Z,1074,0,0,52,1,0,1,1,1,1785483834
2026-07-31T07:50:21Z,1075,10,10,11,0,0,1,1,1,1785483437
2026-07-31T07:50:21Z,1076,14,11,7,0,0,1,1,1,1785482872
2026-07-31T07:50:21Z,1077,8,5,13,0,0,1,1,1,1785483648
2026-07-31T07:50:21Z,1078,11,10,10,0,0,1,1,1,1785482915
2026-07-31T07:50:21Z,1079,11,8,10,0,0,1,1,1,1785483547
2026-07-31T07:50:21Z,1080,10,8,10,1,0,1,1,1,1785484145
2026-07-31T07:50:21Z,1081,13,8,6,0,0,1,1,1,1785482731
2026-07-31T07:50:21Z,1082,7,7,1,0,0,1,1,1,1785484047
2026-07-31T07:50:21Z,1083,13,11,8,0,0,1,1,1,1785483806
2026-07-31T07:50:21Z,1084,9,8,12,0,0,1,1,1,1785483431
2026-07-31T07:50:21Z,1085,8,8,13,0,0,1,1,1,1785483062
2026-07-31T07:50:21Z,1086,0,0,20,1,0,1,1,1,1785483771
2026-07-31T07:50:21Z,1087,12,7,3,0,0,1,1,1,1785482983
2026-07-31T07:50:21Z,1088,10,7,5,0,0,1,1,1,1785483738
2026-07-31T07:50:21Z,1089,5,3,10,0,0,1,1,1,1785484100
2026-07-31T07:50:21Z,1090,8,7,7,0,0,1,1,1,1785482814
2026-07-31T07:50:21Z,1091,12,7,3,0,0,1,1,1,1785482724
2026-07-31T07:50:21Z,1092,9,9,5,1,0,1,1,1,1785484084
2026-07-31T07:50:21Z,1093,7,6,8,0,0,1,1,1,1785482635
2026-07-31T07:50:21Z,1094,10,8,8,1,0,1,1,1,1785483691
2026-07-31T07:50:21Z,1095,9,8,6,0,0,1,1,1,1785482583
2026-07-31T07:50:21Z,1096,3,1,15,1,0,1,1,1,1785484054
2026-07-31T07:50:21Z,1097,11,11,4,0,0,1,1,1,1785482456
2026-07-31T07:50:21Z,1098,9,7,10,0,0,1,1,1,1785482789
2026-07-31T07:50:21Z,1099,7,6,8,0,0,1,1,1,1785483526
2026-07-31T07:50:21Z,1100,6,2,23,0,0,1,1,1,1785474727
2026-07-31T07:50:21Z,1101,10,5,11,0,0,1,1,1,1785483412
2026-07-31T07:50:21Z,1102,9,4,4,0,0,1,1,1,1785482718
2026-07-31T07:50:21Z,1103,10,5,11,0,0,1,1,1,1785474301
2026-07-31T07:50:21Z,1104,10,5,11,0,0,1,1,1,1785483166
2026-07-31T07:50:21Z,1105,7,3,6,0,0,1,1,1,1785482604
2026-07-31T07:50:21Z,1106,13,7,8,0,0,1,1,1,1785483504
2026-07-31T07:50:21Z,1107,9,5,6,0,0,1,1,1,1785483812
2026-07-31T07:50:21Z,1108,5,2,19,3,0,1,1,1,1785482452
2026-07-31T07:50:21Z,1109,6,1,9,0,0,1,1,1,1785483770
2026-07-31T07:50:21Z,1110,12,4,9,0,0,1,1,1,1785483036
2026-07-31T07:50:21Z,1111,3,2,18,0,0,1,1,1,1785475740
2026-07-31T07:50:21Z,1112,38,0,15,0,0,1,1,1,1785483525
2026-07-31T07:50:21Z,1113,1,0,20,0,0,1,1,1,1785483004
2026-07-31T07:50:21Z,1115,18,5,2,3,0,1,1,1,1785484198
2026-07-31T07:50:21Z,1116,6,2,13,0,0,1,1,1,1785483709
2026-07-31T07:50:21Z,1117,10,3,13,0,0,1,1,1,1785484081
2026-07-31T07:50:21Z,1118,16,1,3,2,0,1,1,1,1785483518
2026-07-31T07:50:21Z,1119,12,1,4,1,0,1,1,1,1785484193
2026-07-31T07:50:21Z,1120,13,0,6,0,0,1,1,1,1785483781
2026-07-31T07:50:21Z,1121,13,2,5,3,0,1,1,1,1785481599
2026-07-31T07:50:21Z,1122,19,10,0,2,0,1,1,1,1785483099
2026-07-31T07:50:21Z,1123,7,3,14,2,0,1,1,1,1785483346
2026-07-31T07:50:21Z,1124,10,0,0,5,0,1,1,1,1785483520
2026-07-31T07:50:21Z,1125,15,1,8,0,0,1,1,1,1785483981
2026-07-31T07:50:21Z,1126,4,0,16,1,0,1,1,1,1785483317
2026-07-31T07:50:21Z,1127,6,1,12,1,0,1,1,1,1785484029
2026-07-31T07:50:21Z,1128,14,2,0,1,0,1,1,1,1785483765
2026-07-31T07:50:21Z,1129,3,2,17,1,0,1,1,1,1785483439
2026-07-31T07:50:21Z,1130,6,0,9,0,0,1,1,1,1785483982
2026-07-31T07:50:21Z,1131,0,0,48,1,0,1,1,1,1785482596
2026-07-31T07:50:21Z,1132,13,6,7,1,0,1,1,1,1785483606
2026-07-31T07:50:21Z,1133,17,12,3,1,0,1,1,1,1785483523
2026-07-31T07:50:21Z,1134,11,7,8,0,0,1,1,1,1785482396
2026-07-31T07:50:21Z,1135,10,5,11,0,0,1,1,1,1785483305
2026-07-31T07:50:21Z,1136,8,0,15,0,0,1,1,1,1785483877
2026-07-31T07:50:21Z,1137,12,0,3,0,0,1,1,1,1785483637
2026-07-31T07:50:21Z,1138,15,2,4,0,0,1,1,1,1785483672
2026-07-31T07:50:21Z,1139,19,5,1,1,0,1,1,1,1785484190
2026-07-31T07:50:21Z,1140,22,3,0,1,0,1,1,1,1785483398
2026-07-31T07:50:21Z,1141,0,0,20,1,0,1,1,1,1785483108
2026-07-31T07:50:21Z,1142,2,0,19,0,0,1,1,1,1785482532
2026-07-31T07:50:21Z,1143,23,0,6,0,0,1,1,1,1785483240
2026-07-31T07:50:21Z,1144,7,1,13,1,0,1,1,1,1785483958
2026-07-31T07:50:21Z,1145,12,6,8,1,0,1,1,1,1785484082
2026-07-31T07:50:21Z,1146,11,2,4,4,0,1,1,1,1785484034
2026-07-31T07:50:21Z,1147,3,0,16,0,0,1,1,1,1785483738
2026-07-31T07:50:21Z,1148,26,6,5,0,0,1,1,1,1785484200
2026-07-31T07:50:21Z,1149,4,4,21,0,0,1,1,1,1785483347
2026-07-31T07:50:21Z,1150,18,1,1,0,0,1,1,1,1785483492
2026-07-31T07:50:21Z,1151,12,0,9,0,0,1,1,1,1785482538
2026-07-31T07:50:21Z,1152,16,0,13,0,0,1,1,1,1785484146
2026-07-31T07:50:21Z,1153,22,6,0,1,0,1,1,1,1785482423
2026-07-31T07:50:21Z,1154,13,1,6,0,0,1,1,1,1785483147
2026-07-31T07:50:21Z,1155,16,6,4,1,0,1,1,1,1785483695
2026-07-31T07:50:21Z,1158,3,0,15,1,0,1,1,1,1785483600
2026-07-31T07:50:21Z,1159,13,1,6,0,0,1,1,1,1785483954
2026-07-31T07:50:21Z,1160,9,1,9,1,0,1,1,1,1785482474
2026-07-31T07:50:21Z,1161,3,0,15,1,0,1,1,1,1785484088
2026-07-31T07:50:21Z,1162,2,1,17,0,0,1,1,1,1785482524
2026-07-31T07:50:21Z,1163,0,0,18,1,0,1,1,1,1785483716
2026-07-31T07:50:21Z,1164,6,1,13,0,0,1,1,1,1785483776
2026-07-31T07:50:21Z,1165,5,0,16,0,0,1,1,1,1785482689
2026-07-31T07:50:21Z,1166,12,3,8,1,0,1,1,1,1785484015
2026-07-31T07:50:21Z,1167,4,0,11,0,0,1,1,1,1785483491
2026-07-31T07:50:21Z,1168,2,1,20,1,0,1,1,1,1785483961
2026-07-31T07:50:21Z,1169,3,0,15,1,0,1,1,1,1785483623
2026-07-31T07:50:21Z,1170,6,0,14,1,0,1,1,1,1785483989
2026-07-31T07:50:21Z,1171,8,7,14,1,0,1,1,1,1785483654
2026-07-31T07:50:21Z,1172,7,2,6,2,0,1,1,1,1785483854
2026-07-31T07:50:21Z,1173,13,5,6,0,0,1,1,1,1785483867
2026-07-31T07:50:21Z,1174,7,3,8,0,0,1,1,1,1785483560
2026-07-31T07:50:21Z,1175,9,5,10,0,0,1,1,1,1785472270
2026-07-31T07:50:21Z,1176,19,1,2,0,0,1,1,1,1785483071
2026-07-31T07:50:21Z,1177,3,1,18,0,0,1,1,1,1785482990
2026-07-31T07:50:21Z,1178,2,1,13,0,0,1,1,1,1785483536
2026-07-31T07:50:21Z,1181,11,2,3,1,0,1,1,1,1785482696
2026-07-31T07:50:21Z,1182,0,0,20,0,0,1,1,1,1785484110
2026-07-31T07:50:21Z,1183,1,0,42,2,0,1,1,1,1785483884
2026-07-31T07:50:21Z,1184,12,7,8,1,0,1,1,1,1785483172
2026-07-31T07:50:21Z,1185,10,5,11,0,0,1,1,1,1785483115
2026-07-31T07:50:21Z,1186,9,5,10,0,0,1,1,1,1785484138
2026-07-31T07:50:21Z,1187,12,6,8,1,0,1,1,1,1785482700
2026-07-31T07:50:21Z,1188,9,3,6,0,0,1,1,1,1785483819
2026-07-31T07:50:21Z,1189,10,5,9,0,0,1,1,1,1785483894
2026-07-31T07:50:21Z,1190,10,5,11,0,0,1,1,1,1785483286
2026-07-31T07:50:21Z,1191,10,5,5,0,0,1,1,1,1785483826
2026-07-31T07:50:21Z,1192,11,7,10,0,0,1,1,1,1785483655
2026-07-31T07:50:21Z,1193,6,4,5,2,0,1,1,1,1785482965
2026-07-31T07:50:21Z,1197,9,6,7,1,0,1,1,1,1785483723
2026-07-31T07:50:21Z,1198,14,4,5,2,0,1,1,1,1785484180
2026-07-31T07:50:21Z,1199,2,0,17,0,0,1,1,1,1785484201
2026-07-31T07:50:21Z,1200,11,5,4,0,0,1,1,1,1785483861
2026-07-31T07:50:21Z,1201,11,5,4,0,0,1,1,1,1785483839
2026-07-31T07:50:21Z,1202,12,6,3,0,0,1,1,1,1785483937
2026-07-31T07:50:21Z,1203,9,6,6,0,0,1,1,1,1785483834
2026-07-31T07:50:21Z,1204,7,3,11,1,0,1,1,1,1785483571
2026-07-31T07:50:21Z,1206,11,5,10,0,0,1,1,1,1785482787
2026-07-31T07:50:21Z,1207,9,5,6,0,0,1,1,1,1785484152
2026-07-31T07:50:21Z,1208,7,2,11,1,0,1,1,1,1785484052
2026-07-31T07:50:21Z,1216,7,0,13,1,0,1,1,1,1785483019
2026-07-31T07:50:21Z,1218,4,0,17,0,0,1,1,1,1785483413
2026-07-31T07:50:21Z,1219,6,1,8,1,0,1,1,1,1785483686
2026-07-31T07:50:21Z,1220,14,7,4,1,0,1,1,1,1785483317
2026-07-31T07:50:21Z,1221,2,2,19,0,0,1,1,1,1785482724
2026-07-31T07:50:21Z,1222,28,1,1,0,0,1,1,1,1785483647
2026-07-31T07:50:21Z,1223,22,0,7,0,0,1,1,1,1785483474
2026-07-31T07:50:21Z,1226,0,0,3,0,0,0,1,1,1781868931
2026-07-31T07:50:21Z,1227,23,0,2,0,0,1,1,1,1785483544
2026-07-31T07:50:21Z,1228,18,0,10,1,0,1,1,1,1785482781
2026-07-31T07:50:21Z,1229,35,0,9,0,1,1,1,1,1785484128
2026-07-31T07:55:21Z,1,0,0,23,0,0,1,1,1,1785478051
2026-07-31T07:55:21Z,2,22,0,2,3,0,1,1,1,1785481994
2026-07-31T07:55:21Z,3,9,0,4,1,0,1,1,1,1785481848
2026-07-31T07:55:21Z,4,1,0,20,1,0,1,1,1,1785483715
2026-07-31T07:55:21Z,5,9,3,13,1,0,1,1,1,1785480731
2026-07-31T07:55:21Z,6,6,2,9,0,0,1,1,1,1785482360
2026-07-31T07:55:21Z,7,0,0,39,0,0,1,1,1,1785482386
2026-07-31T07:55:21Z,8,0,0,43,0,0,1,1,1,1785471816
2026-07-31T07:55:21Z,9,0,0,22,1,0,1,1,1,1785482483
2026-07-31T07:55:21Z,10,4,1,17,2,0,1,1,1,1785480300
2026-07-31T07:55:21Z,11,14,5,4,1,0,1,1,1,1785484474
2026-07-31T07:55:21Z,12,0,0,23,0,0,1,1,1,1785472090
2026-07-31T07:55:21Z,13,12,0,18,0,0,1,1,1,1785478740
2026-07-31T07:55:21Z,14,1,0,41,0,1,1,1,1,1785476888
2026-07-31T07:55:21Z,15,5,0,10,0,0,1,1,1,1785479438
2026-07-31T07:55:21Z,16,8,0,16,2,1,1,1,1,1785483665
2026-07-31T07:55:21Z,17,9,0,17,1,0,1,1,1,1785482140
2026-07-31T07:55:21Z,18,6,0,10,2,0,1,1,1,1785483612
2026-07-31T07:55:21Z,19,5,0,21,1,0,1,1,1,1785482804
2026-07-31T07:55:21Z,20,32,0,3,0,0,1,1,1,1785474831
2026-07-31T07:55:21Z,21,1,0,17,1,0,1,1,1,1785483537
2026-07-31T07:55:21Z,22,18,0,46,1,0,1,1,1,1785479462
2026-07-31T07:55:21Z,23,10,5,21,0,0,1,1,1,1785479447
2026-07-31T07:55:21Z,24,0,0,9,2,0,1,1,1,1785484500
2026-07-31T07:55:21Z,25,1,1,79,0,1,1,1,1,1785484326
2026-07-31T07:55:21Z,26,0,0,27,0,0,1,1,1,1785479128
2026-07-31T07:55:21Z,28,13,2,2,0,0,1,1,1,1785483580
2026-07-31T07:55:21Z,30,1,0,27,1,0,1,1,1,1785484151
2026-07-31T07:55:21Z,31,0,0,17,2,0,1,1,1,1785484348
2026-07-31T07:55:21Z,32,25,4,2,0,0,1,1,1,1785484184
2026-07-31T07:55:21Z,34,2,0,34,1,0,1,1,1,1785482614
2026-07-31T07:55:21Z,35,1,0,45,1,0,1,1,1,1785482831
2026-07-31T07:55:21Z,36,0,0,0,0,0,0,1,1,86400
2026-07-31T07:55:21Z,37,0,0,23,0,0,1,1,1,1785483182
2026-07-31T07:55:21Z,38,1,0,22,0,0,1,1,1,1785475021
2026-07-31T07:55:21Z,39,22,6,17,0,0,1,1,1,1785483854
2026-07-31T07:55:21Z,40,13,0,7,1,0,1,1,1,1785481720
2026-07-31T07:55:21Z,41,1,0,41,1,0,1,1,1,1785482868
2026-07-31T07:55:21Z,42,31,8,0,0,0,1,1,1,1785472558
2026-07-31T07:55:21Z,43,6,0,17,0,0,1,1,1,1785484173
2026-07-31T07:55:21Z,45,1,0,27,1,0,1,1,1,1785482238
2026-07-31T07:55:21Z,46,12,2,19,0,0,1,1,1,1785483378
2026-07-31T07:55:21Z,47,11,5,3,1,0,1,1,1,1785484425
2026-07-31T07:55:21Z,48,22,0,5,0,0,1,1,1,1785480764
2026-07-31T07:55:21Z,49,5,0,15,3,0,1,1,1,1785484505
2026-07-31T07:55:21Z,50,1,1,18,0,0,1,1,1,1785483259
2026-07-31T07:55:21Z,51,68,0,9,0,0,1,1,1,1785472672
2026-07-31T07:55:21Z,52,2,0,22,3,0,1,1,1,1785484404
2026-07-31T07:55:21Z,55,0,0,23,0,0,1,1,1,1785473748
2026-07-31T07:55:21Z,56,0,0,43,0,0,1,1,1,1785481453
2026-07-31T07:55:21Z,57,0,0,27,0,0,1,1,1,1785474689
2026-07-31T07:55:21Z,58,0,0,28,0,0,1,1,1,1785476976
2026-07-31T07:55:21Z,59,0,0,25,2,0,1,1,1,1785484237
2026-07-31T07:55:21Z,61,0,0,39,0,0,1,1,1,1785476440
2026-07-31T07:55:21Z,62,0,0,48,1,0,1,1,1,1785477029
2026-07-31T07:55:21Z,63,14,0,5,0,0,1,1,1,1785484382
2026-07-31T07:55:21Z,64,9,0,6,4,0,1,1,1,1785474000
2026-07-31T07:55:21Z,65,17,7,1,1,0,1,1,1,1785481624
2026-07-31T07:55:21Z,67,17,0,22,0,0,1,1,1,1785480027
2026-07-31T07:55:21Z,68,0,0,37,0,0,1,1,1,1785476731
2026-07-31T07:55:21Z,69,15,2,0,0,0,1,1,1,1785476803
2026-07-31T07:55:21Z,71,2,0,24,1,0,1,1,1,1785484438
2026-07-31T07:55:21Z,72,14,3,15,2,0,1,1,1,1785483159
2026-07-31T07:55:21Z,73,0,0,31,0,0,1,1,1,1785474921
2026-07-31T07:55:21Z,74,12,6,6,1,0,1,1,1,1785483170
2026-07-31T07:55:21Z,75,0,0,31,1,0,1,1,1,1785473256
2026-07-31T07:55:21Z,76,18,0,0,1,0,1,1,1,1785484504
2026-07-31T07:55:21Z,77,24,1,2,1,0,1,1,1,1785477101
2026-07-31T07:55:21Z,78,9,4,13,1,0,1,1,1,1785483122
2026-07-31T07:55:21Z,79,4,3,12,1,0,1,1,1,1785484070
2026-07-31T07:55:21Z,80,18,0,2,3,0,1,1,1,1785484462
2026-07-31T07:55:21Z,81,5,0,26,0,0,1,1,1,1785484411
2026-07-31T07:55:21Z,82,12,0,11,0,0,1,1,1,1785480296
2026-07-31T07:55:21Z,83,4,0,29,1,0,1,1,1,1785483766
2026-07-31T07:55:21Z,84,26,0,1,0,0,1,1,1,1785484029
2026-07-31T07:55:21Z,85,1,1,14,0,0,1,1,1,1785479219
2026-07-31T07:55:21Z,86,25,0,1,1,0,1,1,1,1785478454
2026-07-31T07:55:21Z,87,11,1,8,0,0,1,1,1,1785479967
2026-07-31T07:55:21Z,88,0,0,42,1,0,1,1,1,1785480980
2026-07-31T07:55:21Z,89,22,0,13,0,0,1,1,1,1785483872
2026-07-31T07:55:21Z,90,4,1,12,2,0,1,1,1,1785484360
2026-07-31T07:55:21Z,91,14,0,3,0,0,1,1,1,1785480068
2026-07-31T07:55:21Z,92,12,5,4,3,0,1,1,1,1785484487
2026-07-31T07:55:21Z,93,0,0,23,0,0,1,1,1,1785483766
2026-07-31T07:55:21Z,94,2,0,16,1,0,1,1,1,1785482735
2026-07-31T07:55:21Z,95,26,1,7,1,1,1,1,1,1785484509
2026-07-31T07:55:21Z,96,29,0,1,1,0,1,1,1,1785479647
2026-07-31T07:55:21Z,97,0,0,16,1,0,1,1,1,1785484280
2026-07-31T07:55:21Z,98,20,1,14,1,0,1,1,1,1785483140
2026-07-31T07:55:21Z,99,3,1,12,0,0,1,1,1,1785484444
2026-07-31T07:55:21Z,100,0,0,27,0,0,1,1,1,1785482057
2026-07-31T07:55:21Z,101,1,0,13,2,0,1,1,1,1785483795
2026-07-31T07:55:21Z,102,0,0,23,0,0,1,1,1,1785477320
2026-07-31T07:55:21Z,103,10,0,20,0,0,1,1,1,1785484257
2026-07-31T07:55:21Z,104,0,0,25,2,0,1,1,1,1785484508
2026-07-31T07:55:21Z,105,16,1,3,0,0,1,1,1,1785468216
2026-07-31T07:55:21Z,106,0,0,21,0,0,1,1,1,1785462637
2026-07-31T07:55:21Z,107,0,0,37,0,0,1,1,1,1785474220
2026-07-31T07:55:21Z,108,15,1,20,0,0,1,1,1,1785483101
2026-07-31T07:55:21Z,109,6,0,17,0,0,1,1,1,1785483516
2026-07-31T07:55:21Z,110,14,2,9,0,0,1,1,1,1785482478
2026-07-31T07:55:21Z,111,0,0,36,0,0,1,1,1,1785479678
2026-07-31T07:55:21Z,112,8,1,6,1,0,1,1,1,1785484350
2026-07-31T07:55:21Z,113,2,0,14,3,0,1,1,1,1785484437
2026-07-31T07:55:21Z,114,6,6,23,1,1,1,1,1,1785484505
2026-07-31T07:55:21Z,115,3,1,23,2,0,1,1,1,1785479033
2026-07-31T07:55:21Z,116,4,3,22,1,0,1,1,1,1785480015
2026-07-31T07:55:21Z,118,20,9,0,3,0,1,1,1,1785482746
2026-07-31T07:55:21Z,119,34,3,1,3,0,1,1,1,1785484131
2026-07-31T07:55:21Z,120,24,1,2,1,0,1,1,1,1785484445
2026-07-31T07:55:21Z,121,5,2,13,0,1,1,1,1,1785484227
2026-07-31T07:55:21Z,122,13,0,7,1,0,1,1,1,1785482278
2026-07-31T07:55:21Z,123,8,1,39,0,0,1,1,1,1785477646
2026-07-31T07:55:21Z,124,32,1,3,0,0,1,1,1,1785483233
2026-07-31T07:55:21Z,125,6,1,17,0,0,1,1,1,1785483263
2026-07-31T07:55:21Z,126,25,2,6,0,0,1,1,1,1785484483
2026-07-31T07:55:21Z,127,8,0,25,2,0,1,1,1,1785484294
2026-07-31T07:55:21Z,128,1,1,18,0,0,1,1,1,1785484211
2026-07-31T07:55:21Z,129,17,1,0,2,0,1,1,1,1785479759
2026-07-31T07:55:21Z,130,5,0,12,0,0,1,1,1,1785469116
2026-07-31T07:55:21Z,131,8,3,1,2,0,1,1,1,1785478472
2026-07-31T07:55:21Z,132,11,4,3,0,1,1,1,1,1785484330
2026-07-31T07:55:21Z,134,3,1,15,5,0,1,1,1,1785484319
2026-07-31T07:55:21Z,135,6,2,12,1,0,1,1,1,1785484507
2026-07-31T07:55:21Z,136,5,0,10,1,7,1,1,1,1785484310
2026-07-31T07:55:21Z,137,3,1,16,0,0,1,1,1,1785483428
2026-07-31T07:55:21Z,138,35,2,2,0,0,1,1,1,1785484356
2026-07-31T07:55:21Z,139,19,5,0,0,0,1,1,1,1785476252
2026-07-31T07:55:21Z,140,14,8,7,2,0,1,1,1,1785484504
2026-07-31T07:55:21Z,141,30,1,6,0,0,1,1,1,1785484006
2026-07-31T07:55:21Z,142,22,1,1,0,0,1,1,1,1785483705
2026-07-31T07:55:21Z,143,13,3,17,1,0,1,1,1,1785482659
2026-07-31T07:55:21Z,144,22,0,5,0,0,1,1,1,1785482773
2026-07-31T07:55:21Z,146,6,1,16,1,0,1,1,1,1785480770
2026-07-31T07:55:21Z,147,10,1,7,2,0,1,1,1,1785484355
2026-07-31T07:55:21Z,148,24,0,2,0,1,1,1,1,1785484248
2026-07-31T07:55:21Z,149,14,4,12,1,0,1,1,1,1785483148
2026-07-31T07:55:21Z,150,31,7,2,2,0,1,1,1,1785484491
2026-07-31T07:55:21Z,151,21,8,2,0,0,1,1,1,1785483789
2026-07-31T07:55:21Z,152,19,0,4,4,0,1,1,1,1785484495
2026-07-31T07:55:21Z,153,12,1,13,6,0,1,1,1,1785484194
2026-07-31T07:55:21Z,154,18,5,2,3,0,1,1,1,1785484483
2026-07-31T07:55:21Z,155,13,4,0,1,0,1,1,1,1785484302
2026-07-31T07:55:21Z,156,15,0,4,0,0,1,1,1,1785482646
2026-07-31T07:55:21Z,157,16,1,9,2,0,1,1,1,1785484315
2026-07-31T07:55:21Z,158,16,2,0,0,0,1,1,1,1785471342
2026-07-31T07:55:21Z,159,5,3,14,0,0,1,1,1,1785477862
2026-07-31T07:55:21Z,160,19,1,0,0,0,1,1,1,1785475906
2026-07-31T07:55:21Z,161,14,0,8,0,0,1,1,1,1785483866
2026-07-31T07:55:21Z,162,14,3,12,1,0,1,1,1,1785483258
2026-07-31T07:55:21Z,163,30,2,0,0,1,1,1,1,1785484455
2026-07-31T07:55:21Z,164,23,7,4,0,0,1,1,1,1785484500
2026-07-31T07:55:21Z,165,29,13,0,2,0,1,1,1,1785481777
2026-07-31T07:55:21Z,166,32,8,2,5,0,1,1,1,1785484500
2026-07-31T07:55:21Z,167,21,10,0,2,0,1,1,1,1785477751
2026-07-31T07:55:21Z,168,21,0,5,1,0,1,1,1,1785484284
2026-07-31T07:55:21Z,169,1,0,21,0,1,1,1,1,1785483931
2026-07-31T07:55:21Z,170,18,5,0,1,0,1,1,1,1785483922
2026-07-31T07:55:21Z,171,10,3,1,2,0,1,1,1,1785484486
2026-07-31T07:55:21Z,173,36,0,3,0,0,1,1,1,1785484082
2026-07-31T07:55:21Z,174,22,1,2,2,0,1,1,1,1785482500
2026-07-31T07:55:21Z,175,7,0,24,0,0,1,1,1,1785484051
2026-07-31T07:55:21Z,176,6,2,8,0,1,1,1,1,1785483524
2026-07-31T07:55:21Z,177,23,3,4,0,0,1,1,1,1785484254
2026-07-31T07:55:21Z,178,2,0,10,2,1,1,1,1,1785484507
2026-07-31T07:55:21Z,179,11,1,3,1,0,1,1,1,1785484092
2026-07-31T07:55:21Z,180,27,0,3,0,0,1,1,1,1785468302
2026-07-31T07:55:21Z,181,13,0,1,1,0,1,1,1,1785482083
2026-07-31T07:55:21Z,182,16,1,1,0,0,1,1,1,1785483091
2026-07-31T07:55:21Z,183,17,0,6,0,0,1,1,1,1785483484
2026-07-31T07:55:21Z,184,0,0,22,1,0,1,1,1,1785483491
2026-07-31T07:55:21Z,185,12,1,0,2,1,1,1,1,1785473000
2026-07-31T07:55:21Z,186,4,2,15,0,0,1,1,1,1785484044
2026-07-31T07:55:21Z,187,10,0,17,1,0,1,1,1,1785483489
2026-07-31T07:55:21Z,188,14,0,5,8,0,1,1,1,1785484440
2026-07-31T07:55:21Z,189,15,4,0,0,0,1,1,1,1785479966
2026-07-31T07:55:21Z,190,3,1,20,0,0,1,1,1,1785483422
2026-07-31T07:55:21Z,191,2,1,37,0,0,1,1,1,1785483208
2026-07-31T07:55:21Z,192,11,4,17,3,0,1,1,1,1785484037
2026-07-31T07:55:21Z,193,0,0,15,0,0,1,1,1,1785484480
2026-07-31T07:55:21Z,194,17,1,9,1,0,1,1,1,1785484068
2026-07-31T07:55:21Z,195,13,1,4,2,0,1,1,1,1785484402
2026-07-31T07:55:21Z,196,23,1,1,3,0,1,1,1,1785484406
2026-07-31T07:55:21Z,197,15,3,2,1,1,1,1,1,1785482526
2026-07-31T07:55:21Z,198,21,16,2,0,0,1,1,1,1785484040
2026-07-31T07:55:21Z,199,7,5,5,3,0,1,1,1,1785483728
2026-07-31T07:55:21Z,200,15,0,10,1,0,1,1,1,1785482100
2026-07-31T07:55:21Z,201,8,3,15,0,0,1,1,1,1785482886
2026-07-31T07:55:21Z,202,0,0,27,0,0,1,1,1,1785477488
2026-07-31T07:55:21Z,203,25,3,5,1,0,1,1,1,1785484441
2026-07-31T07:55:21Z,204,32,2,2,1,0,1,1,1,1785482738
2026-07-31T07:55:21Z,205,12,1,15,0,0,1,1,1,1785482737
2026-07-31T07:55:21Z,206,1,1,13,1,0,1,1,1,1785481802
2026-07-31T07:55:21Z,207,14,0,7,0,0,1,1,1,1785481979
2026-07-31T07:55:21Z,208,2,0,27,0,0,1,1,1,1785477246
2026-07-31T07:55:21Z,209,7,0,20,4,0,1,1,1,1785484508
2026-07-31T07:55:21Z,210,23,2,4,0,0,1,1,1,1785479794
2026-07-31T07:55:21Z,211,16,6,6,1,0,1,1,1,1785482104
2026-07-31T07:55:21Z,212,25,0,9,1,0,1,1,1,1785484394
2026-07-31T07:55:21Z,213,12,1,9,2,0,1,1,1,1785484443
2026-07-31T07:55:21Z,214,26,1,16,5,0,1,1,1,1785484334
2026-07-31T07:55:21Z,215,6,1,16,1,0,1,1,1,1785481068
2026-07-31T07:55:21Z,216,10,0,8,1,0,1,1,1,1785482156
2026-07-31T07:55:21Z,217,9,0,19,1,0,1,1,1,1785484243
2026-07-31T07:55:21Z,218,1,1,35,3,0,1,1,1,1785484382
2026-07-31T07:55:21Z,219,0,0,25,1,0,1,1,1,1785478263
2026-07-31T07:55:21Z,220,24,7,17,1,1,1,1,1,1785481569
2026-07-31T07:55:21Z,221,13,8,1,1,0,1,1,1,1785483976
2026-07-31T07:55:21Z,222,18,14,0,1,0,1,1,1,1785478290
2026-07-31T07:55:21Z,223,8,3,24,3,0,1,1,1,1785484266
2026-07-31T07:55:21Z,224,7,5,14,1,0,1,1,1,1785484386
2026-07-31T07:55:21Z,225,10,0,3,6,0,1,1,1,1785483556
2026-07-31T07:55:21Z,226,30,10,1,0,0,1,1,1,1785483984
2026-07-31T07:55:21Z,227,20,13,6,0,1,1,1,1,1785481900
2026-07-31T07:55:21Z,228,1,0,17,1,0,1,1,1,1785478667
2026-07-31T07:55:21Z,230,16,9,10,0,0,1,1,1,1785483055
2026-07-31T07:55:21Z,232,13,6,3,1,0,1,1,1,1785482484
2026-07-31T07:55:21Z,233,21,2,8,2,0,1,1,1,1785483700
2026-07-31T07:55:21Z,234,8,3,6,3,2,1,1,1,1785483414
2026-07-31T07:55:21Z,236,14,3,5,0,0,1,1,1,1785480280
2026-07-31T07:55:21Z,237,22,4,0,1,0,1,1,1,1785478521
2026-07-31T07:55:21Z,239,23,18,1,3,0,1,1,1,1785481739
2026-07-31T07:55:21Z,241,18,6,5,0,0,1,1,1,1785483298
2026-07-31T07:55:21Z,242,0,0,22,1,0,1,1,1,1785479959
2026-07-31T07:55:21Z,243,11,0,19,1,0,1,1,1,1785484434
2026-07-31T07:55:21Z,244,15,1,11,1,0,1,1,1,1785484235
2026-07-31T07:55:21Z,245,3,3,20,0,0,1,1,1,1785484146
2026-07-31T07:55:21Z,246,1,0,22,0,0,1,1,1,1785481575
2026-07-31T07:55:21Z,247,13,11,10,0,0,1,1,1,1785477646
2026-07-31T07:55:21Z,248,19,5,2,2,0,1,1,1,1785484323
2026-07-31T07:55:21Z,249,1,0,18,0,0,1,1,1,1785483971
2026-07-31T07:55:21Z,250,3,3,23,1,0,1,1,1,1785483886
2026-07-31T07:55:21Z,251,2,2,22,3,0,1,1,1,1785481704
2026-07-31T07:55:21Z,253,6,3,12,1,0,1,1,1,1785482813
2026-07-31T07:55:21Z,254,26,21,16,1,0,1,1,1,1785483082
2026-07-31T07:55:21Z,255,5,0,17,0,1,1,1,1,1785484409
2026-07-31T07:55:21Z,256,10,5,11,2,0,1,1,1,1785484423
2026-07-31T07:55:21Z,257,14,6,4,1,0,1,1,1,1785482023
2026-07-31T07:55:21Z,258,1,0,18,0,0,1,1,1,1785482036
2026-07-31T07:55:21Z,259,20,3,2,0,1,1,1,1,1785480149
2026-07-31T07:55:21Z,260,15,4,1,3,0,1,1,1,1785480838
2026-07-31T07:55:21Z,261,16,0,1,1,1,1,1,1,1785476974
2026-07-31T07:55:21Z,262,20,11,3,0,0,1,1,1,1785484130
2026-07-31T07:55:21Z,263,14,3,1,0,0,1,1,1,1785480222
2026-07-31T07:55:21Z,264,18,6,0,1,0,1,1,1,1785474915
2026-07-31T07:55:21Z,265,15,1,0,0,0,1,1,1,1785473819
2026-07-31T07:55:21Z,266,17,8,0,2,0,1,1,1,1785481181
2026-07-31T07:55:21Z,267,7,3,6,2,0,1,1,1,1785473359
2026-07-31T07:55:21Z,268,23,9,0,0,0,1,1,1,1785477959
2026-07-31T07:55:21Z,269,9,3,13,1,0,1,1,1,1785483425
2026-07-31T07:55:21Z,270,25,3,2,0,0,1,1,1,1785476595
2026-07-31T07:55:21Z,271,0,0,17,2,0,1,1,1,1785468500
2026-07-31T07:55:21Z,272,13,13,9,1,0,1,1,1,1785482344
2026-07-31T07:55:21Z,273,14,5,1,0,0,1,1,1,1785483199
2026-07-31T07:55:21Z,274,18,8,0,1,0,1,1,1,1785472651
2026-07-31T07:55:21Z,275,13,0,6,2,2,1,1,1,1785484330
2026-07-31T07:55:21Z,276,1,0,26,0,0,1,1,1,1785477868
2026-07-31T07:55:21Z,277,12,1,6,5,0,1,1,1,1785483703
2026-07-31T07:55:21Z,278,9,0,19,2,1,1,1,1,1785483781
2026-07-31T07:55:21Z,279,16,0,3,0,0,1,1,1,1785483819
2026-07-31T07:55:21Z,280,11,1,18,2,0,1,1,1,1785484398
2026-07-31T07:55:21Z,281,19,0,0,0,0,1,1,1,1785466757
2026-07-31T07:55:21Z,282,5,2,13,0,0,1,1,1,1785478680
2026-07-31T07:55:21Z,283,33,1,2,0,0,1,1,1,1785484346
2026-07-31T07:55:21Z,284,19,5,14,2,0,1,1,1,1785482962
2026-07-31T07:55:21Z,285,9,8,14,0,0,1,1,1,1785480219
2026-07-31T07:55:21Z,286,18,18,3,2,0,1,1,1,1785483716
2026-07-31T07:55:21Z,287,13,4,7,3,0,1,1,1,1785483416
2026-07-31T07:55:21Z,288,14,10,5,0,0,1,1,1,1785480320
2026-07-31T07:55:21Z,289,22,1,2,3,0,1,1,1,1785484050
2026-07-31T07:55:21Z,290,7,0,31,1,0,1,1,1,1785482049
2026-07-31T07:55:21Z,291,7,2,14,2,0,1,1,1,1785483985
2026-07-31T07:55:21Z,292,22,0,1,0,0,1,1,1,1785482223
2026-07-31T07:55:21Z,293,16,10,7,0,0,1,1,1,1785479995
2026-07-31T07:55:21Z,294,0,0,21,1,0,1,1,1,1785484439
2026-07-31T07:55:21Z,297,10,1,6,2,1,1,1,1,1785482856
2026-07-31T07:55:21Z,301,17,0,2,0,0,1,1,1,1785480715
2026-07-31T07:55:21Z,302,0,0,23,0,0,1,1,1,1785478135
2026-07-31T07:55:21Z,303,19,0,0,0,0,1,1,1,1785481123
2026-07-31T07:55:21Z,304,0,0,0,0,0,0,1,1,86400
2026-07-31T07:55:21Z,305,19,0,0,0,0,1,1,1,1785477474
2026-07-31T07:55:21Z,306,2,0,29,1,0,1,1,1,1785481204
2026-07-31T07:55:21Z,307,17,1,4,1,1,1,1,1,1785484208
2026-07-31T07:55:21Z,308,14,0,3,2,0,1,1,1,1785478365
2026-07-31T07:55:21Z,309,0,0,13,1,0,1,1,1,1785483114
2026-07-31T07:55:21Z,311,15,0,0,0,0,1,1,1,1785476190
2026-07-31T07:55:21Z,312,6,3,12,4,1,1,1,1,1785484219
2026-07-31T07:55:21Z,313,3,1,12,0,0,1,1,1,1785479124
2026-07-31T07:55:21Z,314,4,3,11,3,0,1,1,1,1785477432
2026-07-31T07:55:21Z,315,23,6,5,3,0,1,1,1,1785478922
2026-07-31T07:55:21Z,316,8,1,2,20,1,1,1,1,1785484447
2026-07-31T07:55:21Z,317,1,1,29,0,1,1,1,1,1785484373
2026-07-31T07:55:21Z,318,16,0,3,0,0,1,1,1,1785478379
2026-07-31T07:55:21Z,319,17,3,5,1,0,1,1,1,1785484119
2026-07-31T07:55:21Z,320,18,5,0,1,0,1,1,1,1785483872
2026-07-31T07:55:21Z,321,8,1,7,4,0,1,1,1,1785484460
2026-07-31T07:55:21Z,322,5,1,22,2,0,1,1,1,1785484241
2026-07-31T07:55:21Z,323,8,0,11,0,0,1,1,1,1785476374
2026-07-31T07:55:21Z,324,7,2,19,1,0,1,1,1,1785484509
2026-07-31T07:55:21Z,325,3,3,22,2,0,1,1,1,1785475862
2026-07-31T07:55:21Z,327,25,0,1,1,0,1,1,1,1785484022
2026-07-31T07:55:21Z,328,19,0,2,1,0,1,1,1,1785483312
2026-07-31T07:55:21Z,329,17,0,0,2,0,1,1,1,1785480406
2026-07-31T07:55:21Z,330,3,0,19,0,0,1,1,1,1785484286
2026-07-31T07:55:21Z,331,9,2,13,1,0,1,1,1,1785481784
2026-07-31T07:55:21Z,332,8,1,9,2,0,1,1,1,1785476757
2026-07-31T07:55:21Z,333,1,1,21,1,0,1,1,1,1785482520
2026-07-31T07:55:21Z,334,11,9,12,0,0,1,1,1,1785478276
2026-07-31T07:55:21Z,335,3,2,18,1,1,1,1,1,1785477902
2026-07-31T07:55:21Z,336,18,2,1,0,0,1,1,1,1785483787
2026-07-31T07:55:21Z,337,18,3,0,5,0,1,1,1,1785484389
2026-07-31T07:55:21Z,338,18,8,1,0,0,1,1,1,1785484469
2026-07-31T07:55:21Z,339,18,10,4,1,0,1,1,1,1785484330
2026-07-31T07:55:21Z,340,14,11,0,1,0,1,1,1,1785470343
2026-07-31T07:55:21Z,341,11,4,8,0,0,1,1,1,1785479749
2026-07-31T07:55:21Z,342,13,7,0,2,0,1,1,1,1785475446
2026-07-31T07:55:21Z,343,20,1,2,1,0,1,1,1,1785480772
2026-07-31T07:55:21Z,344,23,9,0,0,0,1,1,1,1785476320
2026-07-31T07:55:21Z,345,19,3,0,0,0,1,1,1,1785484144
2026-07-31T07:55:21Z,346,7,5,16,0,0,1,1,1,1785479213
2026-07-31T07:55:21Z,347,0,0,42,2,0,1,1,1,1785484509
2026-07-31T07:55:21Z,348,21,3,0,1,1,1,1,1,1785484327
2026-07-31T07:55:21Z,349,5,1,14,0,0,1,1,1,1785484069
2026-07-31T07:55:21Z,350,24,3,1,1,1,1,1,1,1785482374
2026-07-31T07:55:21Z,351,20,3,0,3,0,1,1,1,1785484318
2026-07-31T07:55:21Z,355,23,1,0,0,0,1,1,1,1785477413
2026-07-31T07:55:21Z,356,17,2,2,0,0,1,1,1,1785482282
2026-07-31T07:55:21Z,357,12,4,7,0,0,1,1,1,1785484088
2026-07-31T07:55:21Z,358,24,4,2,1,0,1,1,1,1785483982
2026-07-31T07:55:21Z,359,22,0,5,0,0,1,1,1,1785482858
2026-07-31T07:55:21Z,360,16,4,1,2,0,1,1,1,1785479093
2026-07-31T07:55:21Z,362,17,5,0,2,0,1,1,1,1785482014
2026-07-31T07:55:21Z,363,0,0,27,0,0,1,1,1,1785483419
2026-07-31T07:55:21Z,364,19,3,0,0,0,1,1,1,1785483692
2026-07-31T07:55:21Z,365,18,6,2,3,0,1,1,1,1785483765
2026-07-31T07:55:21Z,366,13,6,3,7,0,1,1,1,1785484468
2026-07-31T07:55:21Z,367,16,9,1,2,0,1,1,1,1785478153
2026-07-31T07:55:21Z,368,20,3,1,2,0,1,1,1,1785482737
2026-07-31T07:55:21Z,370,16,9,11,0,0,1,1,1,1785479785
2026-07-31T07:55:21Z,371,3,1,15,1,0,1,1,1,1785480887
2026-07-31T07:55:21Z,372,8,2,7,0,0,1,1,1,1785482153
2026-07-31T07:55:21Z,373,22,7,5,0,0,1,1,1,1785482547
2026-07-31T07:55:21Z,374,17,7,0,2,0,1,1,1,1785484365
2026-07-31T07:55:21Z,375,22,5,3,2,0,1,1,1,1785482460
2026-07-31T07:55:21Z,376,30,4,4,5,0,1,1,1,1785482242
2026-07-31T07:55:21Z,377,24,8,3,0,0,1,1,1,1785483409
2026-07-31T07:55:21Z,378,22,5,0,1,1,1,1,1,1785484279
2026-07-31T07:55:21Z,379,15,0,12,0,0,1,1,1,1785482863
2026-07-31T07:55:21Z,380,22,7,0,1,0,1,1,1,1785476861
2026-07-31T07:55:21Z,381,14,0,9,0,0,1,1,1,1785482950
2026-07-31T07:55:21Z,383,12,0,1,2,0,1,1,1,1785480220
2026-07-31T07:55:21Z,384,26,1,0,1,0,1,1,1,1785479554
2026-07-31T07:55:21Z,385,16,4,1,1,0,1,1,1,1785480137
2026-07-31T07:55:21Z,387,22,2,1,0,0,1,1,1,1785482782
2026-07-31T07:55:21Z,388,16,3,33,0,0,1,1,1,1785481664
2026-07-31T07:55:21Z,389,10,8,5,0,0,1,1,1,1785482275
2026-07-31T07:55:21Z,390,19,0,16,0,0,1,1,1,1785484297
2026-07-31T07:55:21Z,391,4,0,10,1,0,1,1,1,1785475375
2026-07-31T07:55:21Z,392,3,3,15,1,0,1,1,1,1785484230
2026-07-31T07:55:21Z,393,3,3,5,3,0,1,1,1,1785480120
2026-07-31T07:55:21Z,394,9,6,2,2,0,1,1,1,1785481308
2026-07-31T07:55:21Z,396,7,7,32,3,0,1,1,1,1785483097
2026-07-31T07:55:21Z,397,4,4,27,0,0,1,1,1,1785479502
2026-07-31T07:55:21Z,399,13,2,2,2,0,1,1,1,1785483706
2026-07-31T07:55:21Z,400,11,6,9,3,0,1,1,1,1785483812
2026-07-31T07:55:21Z,401,10,0,21,8,0,1,1,1,1785475540
2026-07-31T07:55:21Z,403,4,0,25,2,0,1,1,1,1785484346
2026-07-31T07:55:21Z,404,3,2,19,1,0,1,1,1,1785481745
2026-07-31T07:55:21Z,406,2,0,32,1,0,1,1,1,1785476032
2026-07-31T07:55:21Z,407,16,3,17,1,0,1,1,1,1785479176
2026-07-31T07:55:21Z,408,12,2,20,1,0,1,1,1,1785480622
2026-07-31T07:55:21Z,409,0,0,20,3,0,1,1,1,1785474552
2026-07-31T07:55:21Z,413,17,4,4,2,0,1,1,1,1785481307
2026-07-31T07:55:21Z,414,13,4,1,1,0,1,1,1,1785484204
2026-07-31T07:55:21Z,417,11,7,8,0,0,1,1,1,1785478784
2026-07-31T07:55:21Z,418,1,0,13,1,0,1,1,1,1785476979
2026-07-31T07:55:21Z,419,10,0,12,1,0,1,1,1,1785476705
2026-07-31T07:55:21Z,421,1,0,18,0,0,1,1,1,1785475529
2026-07-31T07:55:21Z,422,4,3,23,0,0,1,1,1,1785483558
2026-07-31T07:55:21Z,423,6,1,17,0,0,1,1,1,1785477801
2026-07-31T07:55:21Z,424,0,0,12,3,0,1,1,1,1785484196
2026-07-31T07:55:21Z,425,20,0,1,0,1,1,1,1,1785482287
2026-07-31T07:55:21Z,426,0,0,35,2,0,1,1,1,1785483994
2026-07-31T07:55:21Z,427,14,1,0,1,0,1,1,1,1785484291
2026-07-31T07:55:21Z,428,13,1,5,1,0,1,1,1,1785482000
2026-07-31T07:55:21Z,429,4,0,17,2,0,1,1,1,1785483470
2026-07-31T07:55:21Z,430,28,0,0,3,0,1,1,1,1785484440
2026-07-31T07:55:21Z,431,14,0,18,1,0,1,1,1,1785477264
2026-07-31T07:55:21Z,432,18,0,10,3,0,1,1,1,1785484500
2026-07-31T07:55:21Z,433,19,6,3,1,0,1,1,1,1785477238
2026-07-31T07:55:21Z,437,3,0,15,1,0,1,1,1,1785483772
2026-07-31T07:55:21Z,438,17,0,1,1,0,1,1,1,1785484202
2026-07-31T07:55:21Z,439,5,0,10,0,0,1,1,1,1785472574
2026-07-31T07:55:21Z,440,12,0,1,2,0,1,1,1,1785478593
2026-07-31T07:55:21Z,441,10,2,4,1,0,1,1,1,1785482848
2026-07-31T07:55:21Z,442,17,9,1,1,0,1,1,1,1785481675
2026-07-31T07:55:21Z,443,4,2,23,0,0,1,1,1,1785472492
2026-07-31T07:55:21Z,444,2,2,21,0,0,1,1,1,1785476160
2026-07-31T07:55:21Z,445,7,2,15,1,0,1,1,1,1785484427
2026-07-31T07:55:21Z,446,1,1,21,1,0,1,1,1,1785470328
2026-07-31T07:55:21Z,447,3,0,18,1,1,1,1,1,1785467157
2026-07-31T07:55:21Z,448,9,4,4,1,1,1,1,1,1785484383
2026-07-31T07:55:21Z,452,7,6,11,1,0,1,1,1,1785483617
2026-07-31T07:55:21Z,453,9,5,5,1,0,1,1,1,1785484319
2026-07-31T07:55:21Z,454,9,0,10,0,0,1,1,1,1785484271
2026-07-31T07:55:21Z,455,0,0,39,0,0,1,1,1,1785483866
2026-07-31T07:55:21Z,456,9,0,10,1,0,1,1,1,1785484360
2026-07-31T07:55:21Z,457,25,2,0,2,0,1,1,1,1785481257
2026-07-31T07:55:21Z,458,15,6,8,0,0,1,1,1,1785481584
2026-07-31T07:55:21Z,459,15,0,0,0,0,1,1,1,1785481242
2026-07-31T07:55:21Z,460,21,2,1,1,0,1,1,1,1785476745
2026-07-31T07:55:21Z,461,6,1,13,0,0,1,1,1,1785484451
2026-07-31T07:55:21Z,462,7,0,14,0,0,1,1,1,1785483226
2026-07-31T07:55:21Z,463,13,1,6,0,0,1,1,1,1785475514
2026-07-31T07:55:21Z,464,3,1,11,0,0,1,1,1,1785480808
2026-07-31T07:55:21Z,465,1,1,13,1,0,1,1,1,1785478066
2026-07-31T07:55:21Z,466,11,3,2,2,0,1,1,1,1785470197
2026-07-31T07:55:21Z,467,5,1,13,1,0,1,1,1,1785471818
2026-07-31T07:55:21Z,468,17,1,1,1,0,1,1,1,1785473309
2026-07-31T07:55:21Z,469,2,1,21,0,0,1,1,1,1785473803
2026-07-31T07:55:21Z,470,13,1,0,2,0,1,1,1,1785480402
2026-07-31T07:55:21Z,471,20,2,7,0,0,1,1,1,1785475642
2026-07-31T07:55:21Z,472,18,6,0,1,0,1,1,1,1785484483
2026-07-31T07:55:21Z,473,19,5,0,0,0,1,1,1,1785474055
2026-07-31T07:55:21Z,474,18,0,1,0,0,1,1,1,1785482659
2026-07-31T07:55:21Z,475,3,0,15,1,0,1,1,1,1785483842
2026-07-31T07:55:21Z,477,12,8,2,1,0,1,1,1,1785479943
2026-07-31T07:55:21Z,478,6,0,24,1,0,1,1,1,1785483785
2026-07-31T07:55:21Z,479,1,0,25,1,0,1,1,1,1785481762
2026-07-31T07:55:21Z,480,2,0,10,3,0,1,1,1,1785482640
2026-07-31T07:55:21Z,481,26,1,8,1,0,1,1,1,1785484244
2026-07-31T07:55:21Z,482,18,6,1,0,0,1,1,1,1785484337
2026-07-31T07:55:21Z,483,1,0,24,2,0,1,1,1,1785484462
2026-07-31T07:55:21Z,484,8,2,10,1,0,1,1,1,1785484361
2026-07-31T07:55:21Z,485,16,6,1,1,1,1,1,1,1785484217
2026-07-31T07:55:21Z,486,25,6,0,2,0,1,1,1,1785484505
2026-07-31T07:55:21Z,487,6,4,12,1,0,1,1,1,1785481399
2026-07-31T07:55:21Z,489,14,6,1,0,0,1,1,1,1785484134
2026-07-31T07:55:21Z,490,1,1,15,0,0,1,1,1,1785474401
2026-07-31T07:55:21Z,491,4,1,17,0,0,1,1,1,1785483175
2026-07-31T07:55:21Z,492,5,3,2,4,0,1,1,1,1785484508
2026-07-31T07:55:21Z,493,0,0,26,1,0,1,1,1,1785478572
2026-07-31T07:55:21Z,495,12,1,2,1,0,1,1,1,1785472753
2026-07-31T07:55:21Z,496,27,1,0,0,0,1,1,1,1785476805
2026-07-31T07:55:21Z,497,17,0,1,1,0,1,1,1,1785473754
2026-07-31T07:55:21Z,498,21,3,1,1,0,1,1,1,1785484089
2026-07-31T07:55:21Z,499,18,2,1,0,0,1,1,1,1785482441
2026-07-31T07:55:21Z,500,10,5,0,5,0,1,1,1,1785474639
2026-07-31T07:55:21Z,501,9,3,12,0,0,1,1,1,1785472226
2026-07-31T07:55:21Z,502,6,0,13,0,0,1,1,1,1785473972
2026-07-31T07:55:21Z,503,26,0,4,1,0,1,1,1,1785482589
2026-07-31T07:55:21Z,504,0,0,39,0,0,1,1,1,1785475893
2026-07-31T07:55:21Z,505,11,2,0,1,0,1,1,1,1785475102
2026-07-31T07:55:21Z,511,1,1,22,0,0,1,1,1,1785477213
2026-07-31T07:55:21Z,512,7,0,20,0,0,1,1,1,1785480589
2026-07-31T07:55:21Z,514,10,0,0,1,0,1,1,1,1785473367
2026-07-31T07:55:21Z,515,2,0,17,0,0,1,1,1,1785475097
2026-07-31T07:55:21Z,516,0,0,27,0,0,1,1,1,1785484039
2026-07-31T07:55:21Z,517,14,3,8,1,0,1,1,1,1785477619
2026-07-31T07:55:21Z,518,14,1,0,1,0,1,1,1,1785481277
2026-07-31T07:55:21Z,519,4,0,13,2,0,1,1,1,1785483784
2026-07-31T07:55:21Z,520,9,6,12,5,1,1,1,1,1785484504
2026-07-31T07:55:21Z,521,17,5,6,0,0,1,1,1,1785479613
2026-07-31T07:55:21Z,522,0,0,22,1,0,1,1,1,1785483971
2026-07-31T07:55:21Z,523,6,3,16,1,0,1,1,1,1785481269
2026-07-31T07:55:21Z,524,0,0,23,0,0,1,1,1,1785482014
2026-07-31T07:55:21Z,525,9,0,10,0,0,1,1,1,1785484441
2026-07-31T07:55:21Z,526,12,1,1,2,0,1,1,1,1785484277
2026-07-31T07:55:21Z,527,6,4,17,3,0,1,1,1,1785484258
2026-07-31T07:55:21Z,528,21,2,1,1,0,1,1,1,1785474198
2026-07-31T07:55:21Z,529,5,2,8,6,0,1,1,1,1785484504
2026-07-31T07:55:21Z,530,16,1,3,2,0,1,1,1,1785482854
2026-07-31T07:55:21Z,531,21,1,0,1,1,1,1,1,1785477777
2026-07-31T07:55:21Z,532,3,3,26,1,1,1,1,1,1785481447
2026-07-31T07:55:21Z,533,7,0,10,2,0,1,1,1,1785481340
2026-07-31T07:55:21Z,534,14,1,9,0,0,1,1,1,1785482633
2026-07-31T07:55:21Z,535,2,0,13,0,0,1,1,1,1785478138
2026-07-31T07:55:21Z,536,1,0,22,0,0,1,1,1,1785481161
2026-07-31T07:55:21Z,537,0,0,20,0,0,1,1,1,1785482824
2026-07-31T07:55:21Z,538,21,8,0,0,2,1,1,1,1785484319
2026-07-31T07:55:21Z,539,4,4,27,0,0,1,1,1,1785470894
2026-07-31T07:55:21Z,540,2,1,17,0,0,1,1,1,1785476481
2026-07-31T07:55:21Z,541,26,2,0,1,0,1,1,1,1785480778
2026-07-31T07:55:21Z,542,2,2,21,0,0,1,1,1,1785467748
2026-07-31T07:55:21Z,543,17,2,1,1,0,1,1,1,1785477292
2026-07-31T07:55:21Z,544,14,1,4,4,0,1,1,1,1785474116
2026-07-31T07:55:21Z,545,0,0,17,2,0,1,1,1,1785483239
2026-07-31T07:55:21Z,546,14,6,5,0,0,1,1,1,1785482694
2026-07-31T07:55:21Z,547,18,0,7,0,0,1,1,1,1785484254
2026-07-31T07:55:21Z,548,13,0,10,0,0,1,1,1,1785483616
2026-07-31T07:55:21Z,549,20,0,3,0,0,1,1,1,1785484306
2026-07-31T07:55:21Z,550,17,2,2,0,0,1,1,1,1785484216
2026-07-31T07:55:21Z,551,16,4,7,0,0,1,1,1,1785472754
2026-07-31T07:55:21Z,552,27,3,0,0,0,1,1,1,1785474710
2026-07-31T07:55:21Z,553,22,5,0,0,1,1,1,1,1785484241
2026-07-31T07:55:21Z,554,1,1,18,0,0,1,1,1,1785481543
2026-07-31T07:55:21Z,555,14,6,0,1,0,1,1,1,1785473227
2026-07-31T07:55:21Z,556,21,4,0,2,0,1,1,1,1785484377
2026-07-31T07:55:21Z,557,6,4,12,5,0,1,1,1,1785481664
2026-07-31T07:55:21Z,558,27,4,10,0,0,1,1,1,1785482878
2026-07-31T07:55:21Z,559,0,0,18,1,0,1,1,1,1785471117
2026-07-31T07:55:21Z,560,8,0,19,0,0,1,1,1,1785481488
2026-07-31T07:55:21Z,561,13,1,9,1,0,1,1,1,1785475550
2026-07-31T07:55:21Z,562,3,0,29,3,0,1,1,1,1785474061
2026-07-31T07:55:21Z,563,11,1,3,0,0,1,1,1,1785482241
2026-07-31T07:55:21Z,564,12,0,6,1,0,1,1,1,1785482523
2026-07-31T07:55:21Z,565,6,2,13,0,0,1,1,1,1785482411
2026-07-31T07:55:21Z,566,16,0,2,1,0,1,1,1,1785484484
2026-07-31T07:55:21Z,567,24,0,2,1,0,1,1,1,1785477137
2026-07-31T07:55:21Z,568,13,0,5,1,0,1,1,1,1785483409
2026-07-31T07:55:21Z,569,17,3,2,0,0,1,1,1,1785480726
2026-07-31T07:55:21Z,570,12,1,7,0,0,1,1,1,1785484161
2026-07-31T07:55:21Z,571,0,0,22,1,0,1,1,1,1785484324
2026-07-31T07:55:21Z,572,17,5,2,0,0,1,1,1,1785475634
2026-07-31T07:55:21Z,573,13,0,2,0,0,1,1,1,1785484177
2026-07-31T07:55:21Z,574,10,3,5,0,0,1,1,1,1785478785
2026-07-31T07:55:21Z,575,5,1,15,1,0,1,1,1,1785482094
2026-07-31T07:55:21Z,576,2,0,15,2,0,1,1,1,1785482892
2026-07-31T07:55:21Z,577,13,0,18,0,0,1,1,1,1785484139
2026-07-31T07:55:21Z,578,13,8,9,1,0,1,1,1,1785478764
2026-07-31T07:55:21Z,579,4,0,39,0,0,1,1,1,1785482722
2026-07-31T07:55:21Z,580,4,0,25,0,0,1,1,1,1785479325
2026-07-31T07:55:21Z,581,19,3,0,0,0,1,1,1,1785478520
2026-07-31T07:55:21Z,582,22,0,38,1,0,1,1,1,1785484199
2026-07-31T07:55:21Z,583,23,1,0,0,0,1,1,1,1785480947
2026-07-31T07:55:21Z,584,9,4,6,4,0,1,1,1,1785475747
2026-07-31T07:55:21Z,585,16,3,10,0,1,1,1,1,1785482653
2026-07-31T07:55:21Z,586,14,0,21,0,0,1,1,1,1785482020
2026-07-31T07:55:21Z,587,20,0,3,1,0,1,1,1,1785482282
2026-07-31T07:55:21Z,588,12,4,4,3,0,1,1,1,1785484416
2026-07-31T07:55:21Z,589,0,0,0,23,0,1,1,1,1785484238
2026-07-31T07:55:21Z,590,19,4,11,1,0,1,1,1,1785479272
2026-07-31T07:55:21Z,591,28,1,0,2,0,1,1,1,1785470989
2026-07-31T07:55:21Z,592,12,0,11,0,0,1,1,1,1785483987
2026-07-31T07:55:21Z,593,0,0,38,0,0,1,1,1,1785476655
2026-07-31T07:55:21Z,594,7,0,11,3,0,1,1,1,1785484478
2026-07-31T07:55:21Z,595,0,0,3,0,0,0,1,1,1784046673
2026-07-31T07:55:21Z,605,0,0,2,1,0,0,1,1,1783975843
2026-07-31T07:55:21Z,606,0,0,0,0,0,0,1,1,86400
2026-07-31T07:55:21Z,607,9,0,22,1,0,1,1,1,1785483920
2026-07-31T07:55:21Z,608,0,0,50,0,0,1,1,1,1785482473
2026-07-31T07:55:21Z,609,1,0,22,0,0,1,1,1,1785483893
2026-07-31T07:55:21Z,610,0,0,35,0,0,1,1,1,1785463583
2026-07-31T07:55:21Z,611,12,0,14,1,0,1,1,1,1785483600
2026-07-31T07:55:21Z,612,6,1,9,0,0,1,1,1,1785472015
2026-07-31T07:55:21Z,613,9,0,3,3,0,1,1,1,1785472894
2026-07-31T07:55:21Z,614,0,0,24,2,1,1,1,1,1785474126
2026-07-31T07:55:21Z,617,12,0,1,2,0,1,1,1,1785482239
2026-07-31T07:55:21Z,618,13,2,1,5,0,1,1,1,1785473502
2026-07-31T07:55:21Z,619,7,2,12,0,0,1,1,1,1785483534
2026-07-31T07:55:21Z,620,0,0,25,2,0,1,1,1,1785478133
2026-07-31T07:55:21Z,621,14,4,9,0,0,1,1,1,1785480136
2026-07-31T07:55:21Z,622,5,2,17,1,0,1,1,1,1785480182
2026-07-31T07:55:21Z,623,9,2,20,1,0,1,1,1,1785475996
2026-07-31T07:55:21Z,624,2,0,13,0,0,1,1,1,1785470898
2026-07-31T07:55:21Z,625,5,0,14,2,0,1,1,1,1785484305
2026-07-31T07:55:21Z,626,0,0,45,0,2,1,1,1,1785469585
2026-07-31T07:55:21Z,627,14,7,5,0,0,1,1,1,1785473336
2026-07-31T07:55:21Z,628,0,0,15,2,2,1,1,1,1785484337
2026-07-31T07:55:21Z,629,4,1,6,1,0,1,1,1,1785484402
2026-07-31T07:55:21Z,630,3,2,21,3,0,1,1,1,1785484210
2026-07-31T07:55:21Z,631,2,1,21,0,0,1,1,1,1785471593
2026-07-31T07:55:21Z,632,22,2,0,1,0,1,1,1,1785458363
2026-07-31T07:55:21Z,633,11,1,0,4,0,1,1,1,1785484221
2026-07-31T07:55:21Z,634,11,2,8,0,0,1,1,1,1785478804
2026-07-31T07:55:21Z,635,16,1,3,0,0,1,1,1,1785475442
2026-07-31T07:55:21Z,636,9,2,6,0,0,1,1,1,1785474569
2026-07-31T07:55:21Z,637,8,0,11,0,0,1,1,1,1785483457
2026-07-31T07:55:21Z,638,9,2,7,3,0,1,1,1,1785473314
2026-07-31T07:55:21Z,639,5,1,11,3,0,1,1,1,1785479066
2026-07-31T07:55:21Z,640,1,1,21,1,0,1,1,1,1785484214
2026-07-31T07:55:21Z,641,21,0,3,2,0,1,1,1,1785483804
2026-07-31T07:55:21Z,642,3,2,8,8,0,1,1,1,1785484508
2026-07-31T07:55:21Z,643,1,0,18,8,0,1,1,1,1785484508
2026-07-31T07:55:21Z,644,12,0,2,1,0,1,1,1,1785475510
2026-07-31T07:55:21Z,645,11,0,10,1,1,1,1,1,1785480904
2026-07-31T07:55:21Z,646,7,2,12,0,0,1,1,1,1785484406
2026-07-31T07:55:21Z,647,31,1,0,0,0,1,1,1,1785469507
2026-07-31T07:55:21Z,648,6,0,12,1,0,1,1,1,1785483627
2026-07-31T07:55:21Z,649,19,2,11,1,0,1,1,1,1785482698
2026-07-31T07:55:21Z,650,5,1,9,0,0,1,1,1,1785461548
2026-07-31T07:55:21Z,651,11,9,12,0,0,1,1,1,1785482207
2026-07-31T07:55:21Z,652,4,2,17,2,0,1,1,1,1785484201
2026-07-31T07:55:21Z,653,8,1,9,2,0,1,1,1,1785481487
2026-07-31T07:55:21Z,654,2,2,13,0,0,1,1,1,1785480995
2026-07-31T07:55:21Z,655,6,3,2,4,1,1,1,1,1785484396
2026-07-31T07:55:21Z,656,18,6,1,0,0,1,1,1,1785482316
2026-07-31T07:55:21Z,657,9,1,3,2,3,1,1,1,1785484441
2026-07-31T07:55:21Z,658,9,1,1,0,0,1,1,1,1785473427
2026-07-31T07:55:21Z,659,8,3,5,2,0,1,1,1,1785482005
2026-07-31T07:55:21Z,660,13,0,14,4,0,1,1,1,1785484233
2026-07-31T07:55:21Z,661,1,1,18,0,0,1,1,1,1785474064
2026-07-31T07:55:21Z,662,7,5,14,2,0,1,1,1,1785480458
2026-07-31T07:55:21Z,663,14,6,0,1,0,1,1,1,1785472341
2026-07-31T07:55:21Z,664,0,0,27,0,0,1,1,1,1785472715
2026-07-31T07:55:21Z,665,12,3,3,0,0,1,1,1,1785479255
2026-07-31T07:55:21Z,666,7,2,6,2,0,1,1,1,1785473808
2026-07-31T07:55:21Z,667,0,0,19,0,0,1,1,1,1785482992
2026-07-31T07:55:21Z,668,10,1,8,1,0,1,1,1,1785484022
2026-07-31T07:55:21Z,669,14,5,0,0,0,1,1,1,1785473569
2026-07-31T07:55:21Z,670,11,2,16,0,0,1,1,1,1785482280
2026-07-31T07:55:21Z,671,26,5,0,1,0,1,1,1,1785475719
2026-07-31T07:55:21Z,672,13,2,6,3,1,1,1,1,1785476904
2026-07-31T07:55:21Z,673,12,1,9,2,0,1,1,1,1785484374
2026-07-31T07:55:21Z,674,3,2,17,3,0,1,1,1,1785484221
2026-07-31T07:55:21Z,675,12,6,1,2,0,1,1,1,1785484329
2026-07-31T07:55:21Z,676,4,1,17,1,0,1,1,1,1785479831
2026-07-31T07:55:21Z,681,12,3,1,2,0,1,1,1,1785484485
2026-07-31T07:55:21Z,682,4,1,14,1,0,1,1,1,1785387864
2026-07-31T07:55:21Z,683,4,1,15,0,0,1,1,1,1785482874
2026-07-31T07:55:21Z,684,4,0,23,0,0,1,1,1,1785473502
2026-07-31T07:55:21Z,685,10,0,15,1,1,1,1,1,1785476486
2026-07-31T07:55:21Z,686,12,0,13,1,1,1,1,1,1785484314
2026-07-31T07:55:21Z,687,11,0,18,1,1,1,1,1,1785484200
2026-07-31T07:55:21Z,688,9,0,3,7,0,1,1,1,1785484263
2026-07-31T07:55:21Z,692,1,0,20,0,0,1,1,1,1785483973
2026-07-31T07:55:21Z,693,5,0,3,3,0,1,1,1,1785483558
2026-07-31T07:55:21Z,694,9,5,12,0,0,1,1,1,1785483293
2026-07-31T07:55:21Z,695,17,11,6,0,0,1,1,1,1785483421
2026-07-31T07:55:21Z,696,19,14,3,1,0,1,1,1,1785483339
2026-07-31T07:55:21Z,697,19,1,4,0,0,1,1,1,1785483372
2026-07-31T07:55:21Z,698,27,0,0,0,0,1,1,1,1785484293
2026-07-31T07:55:21Z,699,7,0,7,1,0,1,1,1,1785483845
2026-07-31T07:55:21Z,700,19,4,0,0,0,1,1,1,1785483962
2026-07-31T07:55:21Z,701,17,6,2,0,0,1,1,1,1785483395
2026-07-31T07:55:21Z,702,18,0,4,1,0,1,1,1,1785484408
2026-07-31T07:55:21Z,704,9,2,6,0,0,1,1,1,1785482804
2026-07-31T07:55:21Z,705,5,3,9,1,0,1,1,1,1785484084
2026-07-31T07:55:21Z,706,8,2,4,3,0,1,1,1,1785483362
2026-07-31T07:55:21Z,707,10,2,5,0,0,1,1,1,1785484015
2026-07-31T07:55:21Z,708,19,3,0,0,0,1,1,1,1785484209
2026-07-31T07:55:21Z,709,11,1,1,3,0,1,1,1,1785484022
2026-07-31T07:55:21Z,710,16,3,2,1,0,1,1,1,1785483439
2026-07-31T07:55:21Z,711,19,4,0,4,0,1,1,1,1785483500
2026-07-31T07:55:21Z,712,15,10,0,0,0,1,1,1,1785483953
2026-07-31T07:55:21Z,713,6,0,17,0,0,1,1,1,1785484470
2026-07-31T07:55:21Z,716,3,1,12,0,0,1,1,1,1785483727
2026-07-31T07:55:21Z,717,2,1,20,3,0,1,1,1,1785483795
2026-07-31T07:55:21Z,718,2,1,12,1,0,1,1,1,1785483618
2026-07-31T07:55:21Z,719,7,1,22,0,0,1,1,1,1785482952
2026-07-31T07:55:21Z,720,2,1,17,0,0,1,1,1,1785484021
2026-07-31T07:55:21Z,721,0,0,21,2,0,1,1,1,1785482991
2026-07-31T07:55:21Z,722,5,0,10,0,0,1,1,1,1785483773
2026-07-31T07:55:21Z,723,12,1,11,0,0,1,1,1,1785483792
2026-07-31T07:55:21Z,724,21,4,2,0,0,1,1,1,1785483139
2026-07-31T07:55:21Z,725,22,6,0,1,0,1,1,1,1785482704
2026-07-31T07:55:21Z,726,19,3,0,0,0,1,1,1,1785482920
2026-07-31T07:55:21Z,727,9,4,12,2,0,1,1,1,1785482937
2026-07-31T07:55:21Z,728,10,1,5,0,0,1,1,1,1785484325
2026-07-31T07:55:21Z,729,6,0,13,0,0,1,1,1,1785483381
2026-07-31T07:55:21Z,730,3,2,10,2,0,1,1,1,1785483102
2026-07-31T07:55:21Z,731,10,3,4,1,0,1,1,1,1785484027
2026-07-31T07:55:21Z,732,9,5,6,0,0,1,1,1,1785483254
2026-07-31T07:55:21Z,733,4,0,23,0,0,1,1,1,1785484031
2026-07-31T07:55:21Z,734,0,0,14,0,0,1,1,1,1785483225
2026-07-31T07:55:21Z,735,4,3,23,0,0,1,1,1,1785483897
2026-07-31T07:55:21Z,736,7,1,12,0,0,1,1,1,1785484457
2026-07-31T07:55:21Z,737,4,3,10,0,1,1,1,1,1785484437
2026-07-31T07:55:21Z,738,16,5,1,2,0,1,1,1,1785484396
2026-07-31T07:55:21Z,739,19,2,7,1,0,1,1,1,1785484045
2026-07-31T07:55:21Z,741,7,1,16,0,0,1,1,1,1785484347
2026-07-31T07:55:21Z,742,10,5,23,2,0,1,1,1,1785484440
2026-07-31T07:55:21Z,743,8,3,9,2,0,1,1,1,1785484214
2026-07-31T07:55:21Z,744,12,4,3,0,0,1,1,1,1785484194
2026-07-31T07:55:21Z,745,14,4,4,1,0,1,1,1,1785482913
2026-07-31T07:55:21Z,746,12,3,9,2,0,1,1,1,1785483700
2026-07-31T07:55:21Z,747,0,0,4,0,0,0,1,1,1783446606
2026-07-31T07:55:21Z,748,10,1,13,0,0,1,1,1,1785483690
2026-07-31T07:55:21Z,749,7,5,15,1,0,1,1,1,1785483704
2026-07-31T07:55:21Z,750,4,2,7,0,0,1,1,1,1785484164
2026-07-31T07:55:21Z,751,9,0,14,0,0,1,1,1,1785484202
2026-07-31T07:55:21Z,752,13,1,3,1,0,1,1,1,1785482301
2026-07-31T07:55:21Z,753,4,0,11,0,0,1,1,1,1785483460
2026-07-31T07:55:21Z,754,2,2,12,1,0,1,1,1,1785483474
2026-07-31T07:55:21Z,755,12,3,10,1,0,1,1,1,1785483756
2026-07-31T07:55:21Z,756,3,0,34,0,0,1,1,1,1785484275
2026-07-31T07:55:21Z,757,18,9,1,0,0,1,1,1,1785483693
2026-07-31T07:55:21Z,758,23,3,0,0,0,1,1,1,1785483297
2026-07-31T07:55:21Z,759,5,3,10,0,0,1,1,1,1785483033
2026-07-31T07:55:21Z,760,8,3,11,0,0,1,1,1,1785472022
2026-07-31T07:55:21Z,761,16,0,7,0,0,1,1,1,1785484144
2026-07-31T07:55:21Z,762,7,4,4,4,0,1,1,1,1785483974
2026-07-31T07:55:21Z,768,9,0,8,2,0,1,1,1,1785483143
2026-07-31T07:55:21Z,769,15,11,4,0,0,1,1,1,1785483654
2026-07-31T07:55:21Z,770,12,3,6,1,0,1,1,1,1785484503
2026-07-31T07:55:21Z,771,13,3,1,1,0,1,1,1,1785483942
2026-07-31T07:55:21Z,772,7,3,8,0,0,1,1,1,1785482762
2026-07-31T07:55:21Z,773,15,4,4,0,0,1,1,1,1785484395
2026-07-31T07:55:21Z,774,9,5,3,3,0,1,1,1,1785484353
2026-07-31T07:55:21Z,775,6,0,11,1,1,1,1,1,1785468483
2026-07-31T07:55:21Z,776,3,1,17,1,0,1,1,1,1785482908
2026-07-31T07:55:21Z,777,10,0,2,3,0,1,1,1,1785484465
2026-07-31T07:55:21Z,778,13,0,3,3,0,1,1,1,1785484484
2026-07-31T07:55:21Z,779,8,1,10,1,0,1,1,1,1785483437
2026-07-31T07:55:21Z,780,17,4,1,1,0,1,1,1,1785483121
2026-07-31T07:55:21Z,781,6,2,3,2,0,1,1,1,1785483464
2026-07-31T07:55:21Z,782,5,3,10,4,0,1,1,1,1785484232
2026-07-31T07:55:21Z,783,7,1,12,0,0,1,1,1,1785483511
2026-07-31T07:55:21Z,784,15,2,4,0,0,1,1,1,1785483119
2026-07-31T07:55:21Z,785,12,2,2,5,0,1,1,1,1785483677
2026-07-31T07:55:21Z,786,11,5,8,0,0,1,1,1,1785483320
2026-07-31T07:55:21Z,787,11,5,2,2,0,1,1,1,1785484124
2026-07-31T07:55:21Z,788,3,0,12,0,0,1,1,1,1785484003
2026-07-31T07:55:21Z,789,9,2,2,4,0,1,1,1,1785484238
2026-07-31T07:55:21Z,790,0,0,23,0,0,1,1,1,1785482803
2026-07-31T07:55:21Z,791,7,2,11,0,1,1,1,1,1785484122
2026-07-31T07:55:21Z,793,4,0,10,1,0,1,1,1,1785484383
2026-07-31T07:55:21Z,794,9,2,18,2,0,1,1,1,1785484145
2026-07-31T07:55:21Z,796,0,0,17,2,0,1,1,1,1785484166
2026-07-31T07:55:21Z,797,0,0,15,0,0,1,1,1,1785474441
2026-07-31T07:55:21Z,798,6,0,18,1,0,1,1,1,1785483988
2026-07-31T07:55:21Z,799,14,1,1,4,0,1,1,1,1785484136
2026-07-31T07:55:21Z,800,1,0,19,1,0,1,1,1,1785483733
2026-07-31T07:55:21Z,801,4,2,16,1,0,1,1,1,1785484187
2026-07-31T07:55:21Z,802,8,0,23,0,0,1,1,1,1785484278
2026-07-31T07:55:21Z,803,1,1,14,0,0,1,1,1,1785483972
2026-07-31T07:55:21Z,806,9,4,6,0,0,1,1,1,1785484167
2026-07-31T07:55:21Z,807,15,1,7,3,0,1,1,1,1785483414
2026-07-31T07:55:21Z,808,0,0,23,2,0,1,1,1,1785472976
2026-07-31T07:55:21Z,809,5,1,17,1,0,1,1,1,1785484132
2026-07-31T07:55:21Z,810,2,0,13,4,0,1,1,1,1785483507
2026-07-31T07:55:21Z,815,4,1,6,4,1,1,1,1,1785484250
2026-07-31T07:55:21Z,817,10,5,5,0,0,1,1,1,1785483483
2026-07-31T07:55:21Z,818,6,0,16,1,0,1,1,1,1785482873
2026-07-31T07:55:21Z,819,6,4,9,0,0,1,1,1,1785460987
2026-07-31T07:55:21Z,820,8,2,9,0,0,1,1,1,1785483409
2026-07-31T07:55:21Z,821,2,1,13,0,0,1,1,1,1785484340
2026-07-31T07:55:21Z,822,1,0,20,2,0,1,1,1,1785483733
2026-07-31T07:55:21Z,823,0,0,14,1,0,1,1,1,1785483801
2026-07-31T07:55:21Z,824,10,3,8,1,0,1,1,1,1785483267
2026-07-31T07:55:21Z,825,8,5,7,0,0,1,1,1,1785462716
2026-07-31T07:55:21Z,826,10,2,8,1,0,1,1,1,1785483264
2026-07-31T07:55:21Z,827,16,5,4,1,0,1,1,1,1785482754
2026-07-31T07:55:21Z,828,8,0,9,1,0,1,1,1,1785484456
2026-07-31T07:55:21Z,829,16,7,11,0,0,1,1,1,1785483494
2026-07-31T07:55:21Z,830,11,2,11,1,0,1,1,1,1785482744
2026-07-31T07:55:21Z,831,7,2,7,1,0,1,1,1,1785483959
2026-07-31T07:55:21Z,832,10,3,5,3,0,1,1,1,1785483850
2026-07-31T07:55:21Z,833,1,0,17,1,0,1,1,1,1785483610
2026-07-31T07:55:21Z,834,1,0,22,1,0,1,1,1,1785483106
2026-07-31T07:55:21Z,835,16,6,0,2,0,1,1,1,1785483336
2026-07-31T07:55:21Z,837,5,1,0,10,0,1,1,1,1785483834
2026-07-31T07:55:21Z,838,13,3,2,0,0,1,1,1,1785484509
2026-07-31T07:55:21Z,839,18,0,11,0,0,1,1,1,1785481858
2026-07-31T07:55:21Z,840,10,4,17,2,0,1,1,1,1785484426
2026-07-31T07:55:21Z,841,7,1,8,0,0,1,1,1,1785483778
2026-07-31T07:55:21Z,842,7,2,16,0,0,1,1,1,1785483552
2026-07-31T07:55:21Z,843,8,0,22,1,0,1,1,1,1785483769
2026-07-31T07:55:21Z,844,6,0,17,0,0,1,1,1,1785483743
2026-07-31T07:55:21Z,845,5,3,12,2,0,1,1,1,1785483941
2026-07-31T07:55:21Z,846,4,0,13,2,0,1,1,1,1785483076
2026-07-31T07:55:21Z,847,7,1,20,0,0,1,1,1,1785482840
2026-07-31T07:55:21Z,848,10,2,8,1,0,1,1,1,1785478667
2026-07-31T07:55:21Z,849,7,2,8,0,0,1,1,1,1785482928
2026-07-31T07:55:21Z,850,9,0,1,1,0,1,1,1,1785483165
2026-07-31T07:55:21Z,851,3,3,32,2,0,1,1,1,1785482977
2026-07-31T07:55:21Z,852,12,6,7,0,0,1,1,1,1785483659
2026-07-31T07:55:21Z,853,10,5,13,0,0,1,1,1,1785482704
2026-07-31T07:55:21Z,854,4,2,11,0,0,1,1,1,1785482792
2026-07-31T07:55:21Z,855,24,0,3,0,0,1,1,1,1785476759
2026-07-31T07:55:21Z,857,1,1,18,0,0,1,1,1,1785483858
2026-07-31T07:55:21Z,858,4,1,14,1,0,1,1,1,1785484308
2026-07-31T07:55:21Z,859,3,0,17,1,0,1,1,1,1785482722
2026-07-31T07:55:21Z,861,8,1,2,1,0,1,1,1,1785455675
2026-07-31T07:55:21Z,862,2,1,13,0,0,1,1,1,1785483803
2026-07-31T07:55:21Z,863,13,0,5,1,0,1,1,1,1785472897
2026-07-31T07:55:21Z,866,7,3,12,0,0,1,1,1,1785484431
2026-07-31T07:55:21Z,867,12,0,3,0,0,1,1,1,1785483420
2026-07-31T07:55:21Z,868,13,2,2,0,0,1,1,1,1785483621
2026-07-31T07:55:21Z,870,7,4,6,2,0,1,1,1,1785483837
2026-07-31T07:55:21Z,871,0,0,10,1,0,1,1,1,1785483225
2026-07-31T07:55:21Z,872,0,0,14,1,0,1,1,1,1785483756
2026-07-31T07:55:21Z,873,0,0,32,1,0,1,1,1,1785483710
2026-07-31T07:55:21Z,874,5,2,7,3,0,1,1,1,1785483920
2026-07-31T07:55:21Z,875,14,10,0,1,0,1,1,1,1785483891
2026-07-31T07:55:21Z,877,11,10,6,2,0,1,1,1,1785483352
2026-07-31T07:55:21Z,878,3,2,15,1,0,1,1,1,1785483932
2026-07-31T07:55:21Z,879,1,0,18,0,0,1,1,1,1785482978
2026-07-31T07:55:21Z,880,3,0,19,1,0,1,1,1,1785483893
2026-07-31T07:55:21Z,881,2,0,17,0,0,1,1,1,1785483786
2026-07-31T07:55:21Z,882,11,0,6,2,0,1,1,1,1785457778
2026-07-31T07:55:21Z,883,10,6,9,0,0,1,1,1,1785484063
2026-07-31T07:55:21Z,884,11,7,10,0,0,1,1,1,1785483337
2026-07-31T07:55:21Z,885,1,0,18,0,0,1,1,1,1785483640
2026-07-31T07:55:21Z,886,17,1,11,1,0,1,1,1,1785484412
2026-07-31T07:55:21Z,887,2,1,12,3,0,1,1,1,1785484364
2026-07-31T07:55:21Z,888,11,0,28,2,0,1,1,1,1785484407
2026-07-31T07:55:21Z,889,17,1,0,2,0,1,1,1,1785483951
2026-07-31T07:55:21Z,890,7,4,8,0,0,1,1,1,1785472287
2026-07-31T07:55:21Z,891,16,0,6,1,0,1,1,1,1785483123
2026-07-31T07:55:21Z,892,13,1,2,0,0,1,1,1,1785469848
2026-07-31T07:55:21Z,895,0,0,18,1,0,1,1,1,1785465808
2026-07-31T07:55:21Z,896,6,0,29,0,0,1,1,1,1785483234
2026-07-31T07:55:21Z,897,11,1,10,0,0,1,1,1,1785483822
2026-07-31T07:55:21Z,898,2,0,17,0,0,1,1,1,1785483559
2026-07-31T07:55:21Z,899,0,0,18,1,0,1,1,1,1785483392
2026-07-31T07:55:21Z,900,17,0,8,2,0,1,1,1,1785482954
2026-07-31T07:55:21Z,901,12,0,6,0,1,1,1,1,1785484306
2026-07-31T07:55:21Z,902,9,0,5,1,0,1,1,1,1785483504
2026-07-31T07:55:21Z,903,15,2,4,0,0,1,1,1,1785484379
2026-07-31T07:55:21Z,904,10,4,8,1,0,1,1,1,1785483946
2026-07-31T07:55:21Z,905,0,0,27,0,0,1,1,1,1785484035
2026-07-31T07:55:21Z,906,6,4,21,0,0,1,1,1,1785482961
2026-07-31T07:55:21Z,907,5,1,26,0,0,1,1,1,1785484122
2026-07-31T07:55:21Z,908,11,0,12,0,0,1,1,1,1785483927
2026-07-31T07:55:21Z,909,14,4,8,1,0,1,1,1,1785483852
2026-07-31T07:55:21Z,910,19,0,12,0,0,1,1,1,1785483835
2026-07-31T07:55:21Z,911,3,0,16,0,0,1,1,1,1785483493
2026-07-31T07:55:21Z,912,8,4,13,2,0,1,1,1,1785484400
2026-07-31T07:55:21Z,913,3,1,16,0,0,1,1,1,1785484472
2026-07-31T07:55:21Z,914,7,1,12,0,0,1,1,1,1785484295
2026-07-31T07:55:21Z,915,11,1,11,1,0,1,1,1,1785484042
2026-07-31T07:55:21Z,916,23,8,0,0,0,1,1,1,1785484081
2026-07-31T07:55:21Z,917,3,1,30,2,0,1,1,1,1785482867
2026-07-31T07:55:21Z,918,13,5,4,2,0,1,1,1,1785483859
2026-07-31T07:55:21Z,919,14,3,24,1,0,1,1,1,1785484264
2026-07-31T07:55:21Z,920,4,2,15,0,0,1,1,1,1785484291
2026-07-31T07:55:21Z,921,12,0,9,0,0,1,1,1,1785483621
2026-07-31T07:55:21Z,922,4,1,17,0,0,1,1,1,1785484416
2026-07-31T07:55:21Z,923,2,2,17,0,0,1,1,1,1785484361
2026-07-31T07:55:21Z,924,8,2,13,0,0,1,1,1,1785482819
2026-07-31T07:55:21Z,925,13,0,8,0,0,1,1,1,1785484092
2026-07-31T07:55:21Z,926,0,0,21,0,0,1,1,1,1785484241
2026-07-31T07:55:21Z,927,0,0,35,0,0,1,1,1,1785482801
2026-07-31T07:55:21Z,928,5,3,14,0,0,1,1,1,1785464301
2026-07-31T07:55:21Z,929,0,0,23,0,0,1,1,1,1785483249
2026-07-31T07:55:21Z,930,1,0,29,1,0,1,1,1,1785484391
2026-07-31T07:55:21Z,931,8,3,15,0,0,1,1,1,1785484163
2026-07-31T07:55:21Z,932,5,0,11,3,0,1,1,1,1785484472
2026-07-31T07:55:21Z,933,0,0,23,0,0,1,1,1,1785484218
2026-07-31T07:55:21Z,934,29,0,0,2,0,1,1,1,1785484405
2026-07-31T07:55:21Z,935,9,2,9,1,0,1,1,1,1785484227
2026-07-31T07:55:21Z,936,4,1,15,0,0,1,1,1,1785456801
2026-07-31T07:55:21Z,940,10,0,1,0,0,1,1,1,1785477927
2026-07-31T07:55:21Z,941,10,1,13,2,0,1,1,1,1785484360
2026-07-31T07:55:21Z,942,5,0,16,0,0,1,1,1,1785482918
2026-07-31T07:55:21Z,943,9,8,6,0,0,1,1,1,1785483874
2026-07-31T07:55:21Z,944,9,8,6,0,0,1,1,1,1785483686
2026-07-31T07:55:21Z,945,10,8,5,0,0,1,1,1,1785483197
2026-07-31T07:55:21Z,946,7,5,12,0,0,1,1,1,1785424152
2026-07-31T07:55:21Z,947,7,5,10,0,0,1,1,1,1785483700
2026-07-31T07:55:21Z,948,26,8,0,5,0,1,1,1,1785484209
2026-07-31T07:55:21Z,949,1,0,14,0,0,1,1,1,1785483803
2026-07-31T07:55:21Z,950,16,4,0,1,0,1,1,1,1785483807
2026-07-31T07:55:21Z,951,18,4,5,0,0,1,1,1,1785483898
2026-07-31T07:55:21Z,952,7,0,48,0,0,1,1,1,1785483142
2026-07-31T07:55:21Z,953,14,2,0,1,0,1,1,1,1785482969
2026-07-31T07:55:21Z,954,18,4,1,0,0,1,1,1,1785483805
2026-07-31T07:55:21Z,955,4,3,17,6,0,1,1,1,1785483611
2026-07-31T07:55:21Z,956,22,2,0,1,0,1,1,1,1785483735
2026-07-31T07:55:21Z,957,15,0,14,0,0,1,1,1,1785483073
2026-07-31T07:55:21Z,958,19,0,12,0,0,1,1,1,1785484400
2026-07-31T07:55:21Z,959,20,8,0,3,0,1,1,1,1785483979
2026-07-31T07:55:21Z,960,18,0,4,1,0,1,1,1,1785484061
2026-07-31T07:55:21Z,961,2,1,17,4,0,1,1,1,1785484412
2026-07-31T07:55:21Z,962,8,3,24,3,0,1,1,1,1785483946
2026-07-31T07:55:21Z,963,7,0,15,1,0,1,1,1,1785483776
2026-07-31T07:55:21Z,964,21,8,1,1,0,1,1,1,1785483404
2026-07-31T07:55:21Z,965,5,1,21,1,0,1,1,1,1785483930
2026-07-31T07:55:21Z,966,28,0,3,0,0,1,1,1,1785484403
2026-07-31T07:55:21Z,967,20,0,0,1,0,1,1,1,1785483521
2026-07-31T07:55:21Z,968,14,0,4,1,0,1,1,1,1785483686
2026-07-31T07:55:21Z,969,11,7,14,2,0,1,1,1,1785483718
2026-07-31T07:55:21Z,970,11,1,7,1,0,1,1,1,1785484019
2026-07-31T07:55:21Z,971,15,0,7,1,0,1,1,1,1785483983
2026-07-31T07:55:21Z,972,9,1,13,1,0,1,1,1,1785483649
2026-07-31T07:55:21Z,973,9,4,13,1,0,1,1,1,1785483157
2026-07-31T07:55:21Z,974,12,0,15,0,0,1,1,1,1785484363
2026-07-31T07:55:21Z,977,6,6,13,2,0,1,1,1,1785483925
2026-07-31T07:55:21Z,978,11,0,12,0,0,1,1,1,1785482967
2026-07-31T07:55:21Z,979,14,1,3,0,0,1,1,1,1785484345
2026-07-31T07:55:21Z,980,2,0,17,2,0,1,1,1,1785484015
2026-07-31T07:55:21Z,981,19,0,1,1,0,1,1,1,1785483418
2026-07-31T07:55:21Z,982,3,1,14,2,0,1,1,1,1785483726
2026-07-31T07:55:21Z,983,2,1,20,1,0,1,1,1,1785484135
2026-07-31T07:55:21Z,984,6,0,17,0,0,1,1,1,1785483292
2026-07-31T07:55:21Z,985,9,1,22,0,0,1,1,1,1785484405
2026-07-31T07:55:21Z,986,4,0,15,0,0,1,1,1,1785483724
2026-07-31T07:55:21Z,987,6,0,16,1,0,1,1,1,1785484255
2026-07-31T07:55:21Z,988,5,1,13,1,0,1,1,1,1785483872
2026-07-31T07:55:21Z,989,10,5,9,0,0,1,1,1,1785482864
2026-07-31T07:55:21Z,990,13,1,0,2,0,1,1,1,1785483932
2026-07-31T07:55:21Z,991,10,2,8,1,0,1,1,1,1785483582
2026-07-31T07:55:21Z,992,10,7,12,1,0,1,1,1,1785484455
2026-07-31T07:55:21Z,993,0,0,27,0,0,1,1,1,1785476008
2026-07-31T07:55:21Z,994,4,1,17,0,0,1,1,1,1785482847
2026-07-31T07:55:21Z,995,9,2,18,0,0,1,1,1,1785483886
2026-07-31T07:55:21Z,996,8,1,15,0,0,1,1,1,1785483693
2026-07-31T07:55:21Z,997,10,5,10,3,0,1,1,1,1785484433
2026-07-31T07:55:21Z,998,3,2,19,1,0,1,1,1,1785484008
2026-07-31T07:55:21Z,999,3,1,15,2,1,1,1,1,1785483800
2026-07-31T07:55:21Z,1000,3,1,18,0,0,1,1,1,1785482764
2026-07-31T07:55:21Z,1001,1,0,26,0,0,1,1,1,1785484024
2026-07-31T07:55:21Z,1002,0,0,27,4,0,1,1,1,1785484019
2026-07-31T07:55:21Z,1003,0,0,22,1,0,1,1,1,1785483656
2026-07-31T07:55:21Z,1004,8,1,15,0,0,1,1,1,1785483096
2026-07-31T07:55:21Z,1005,20,1,3,0,0,1,1,1,1785483846
2026-07-31T07:55:21Z,1006,7,4,11,1,0,1,1,1,1785483685
2026-07-31T07:55:21Z,1007,2,1,19,0,0,1,1,1,1785483315
2026-07-31T07:55:21Z,1008,6,5,15,2,0,1,1,1,1785482812
2026-07-31T07:55:21Z,1009,19,2,8,4,0,1,1,1,1785484503
2026-07-31T07:55:21Z,1010,7,2,20,0,0,1,1,1,1785483509
2026-07-31T07:55:21Z,1011,8,2,9,2,0,1,1,1,1785484059
2026-07-31T07:55:21Z,1012,4,3,18,1,0,1,1,1,1785483611
2026-07-31T07:55:21Z,1013,4,1,18,1,0,1,1,1,1785484213
2026-07-31T07:55:21Z,1014,7,2,13,3,0,1,1,1,1785484127
2026-07-31T07:55:21Z,1015,3,1,25,3,0,1,1,1,1785484392
2026-07-31T07:55:21Z,1016,10,5,21,0,0,1,1,1,1785483460
2026-07-31T07:55:21Z,1017,14,5,7,0,0,1,1,1,1785483016
2026-07-31T07:55:21Z,1018,7,2,15,0,0,1,1,1,1785483698
2026-07-31T07:55:21Z,1019,9,6,6,0,0,1,1,1,1785483635
2026-07-31T07:55:21Z,1020,18,3,3,0,0,1,1,1,1785482889
2026-07-31T07:55:21Z,1021,9,3,5,1,0,1,1,1,1785484438
2026-07-31T07:55:21Z,1022,14,0,13,0,0,1,1,1,1785483783
2026-07-31T07:55:21Z,1023,13,1,9,1,0,1,1,1,1785483432
2026-07-31T07:55:21Z,1024,5,2,13,1,0,1,1,1,1785484436
2026-07-31T07:55:21Z,1025,4,0,14,0,1,1,1,1,1785483751
2026-07-31T07:55:21Z,1026,7,5,19,5,0,1,1,1,1785482796
2026-07-31T07:55:21Z,1028,2,0,20,1,0,1,1,1,1785483789
2026-07-31T07:55:21Z,1029,10,9,4,1,0,1,1,1,1785482919
2026-07-31T07:55:21Z,1030,14,5,9,0,0,1,1,1,1785484469
2026-07-31T07:55:21Z,1031,8,0,11,0,0,1,1,1,1785483027
2026-07-31T07:55:21Z,1032,7,1,12,0,0,1,1,1,1785483689
2026-07-31T07:55:21Z,1033,9,5,9,1,0,1,1,1,1785484502
2026-07-31T07:55:21Z,1034,2,0,13,0,0,1,1,1,1785483713
2026-07-31T07:55:21Z,1035,1,0,16,2,0,1,1,1,1785483732
2026-07-31T07:55:21Z,1036,15,1,0,0,0,1,1,1,1785484292
2026-07-31T07:55:21Z,1037,4,0,14,1,0,1,1,1,1785483914
2026-07-31T07:55:21Z,1038,2,0,12,1,0,1,1,1,1785483410
2026-07-31T07:55:21Z,1039,6,2,13,0,0,1,1,1,1785483845
2026-07-31T07:55:21Z,1040,8,4,10,1,0,1,1,1,1785483728
2026-07-31T07:55:21Z,1041,10,3,8,1,0,1,1,1,1785484412
2026-07-31T07:55:21Z,1042,12,1,1,2,0,1,1,1,1785483965
2026-07-31T07:55:21Z,1043,9,0,7,3,0,1,1,1,1785483764
2026-07-31T07:55:21Z,1044,2,1,12,1,0,1,1,1,1785483466
2026-07-31T07:55:21Z,1045,10,0,9,0,0,1,1,1,1785483679
2026-07-31T07:55:21Z,1046,9,0,6,0,0,1,1,1,1785483091
2026-07-31T07:55:21Z,1047,4,0,17,0,0,1,1,1,1785484442
2026-07-31T07:55:21Z,1048,10,1,9,0,0,1,1,1,1785483656
2026-07-31T07:55:21Z,1049,6,0,15,0,0,1,1,1,1785483710
2026-07-31T07:55:21Z,1050,17,4,4,0,0,1,1,1,1785482996
2026-07-31T07:55:21Z,1051,8,3,13,0,0,1,1,1,1785482889
2026-07-31T07:55:21Z,1052,17,2,5,0,0,1,1,1,1785483513
2026-07-31T07:55:21Z,1053,2,1,13,0,0,1,1,1,1785483590
2026-07-31T07:55:21Z,1054,14,1,1,0,0,1,1,1,1785483851
2026-07-31T07:55:21Z,1055,7,1,12,0,0,1,1,1,1785483822
2026-07-31T07:55:21Z,1057,18,0,0,1,0,1,1,1,1785483518
2026-07-31T07:55:21Z,1058,1,0,55,0,0,1,1,1,1785483898
2026-07-31T07:55:21Z,1059,0,0,18,1,0,1,1,1,1785483721
2026-07-31T07:55:21Z,1060,30,0,7,0,0,1,1,1,1785484470
2026-07-31T07:55:21Z,1061,6,0,30,1,0,1,1,1,1785483785
2026-07-31T07:55:21Z,1062,1,0,16,0,0,1,1,1,1785484209
2026-07-31T07:55:21Z,1063,12,1,6,1,0,1,1,1,1785483735
2026-07-31T07:55:21Z,1064,3,0,19,1,0,1,1,1,1785484054
2026-07-31T07:55:21Z,1065,16,3,7,0,0,1,1,1,1785484299
2026-07-31T07:55:21Z,1066,10,2,13,0,0,1,1,1,1785484123
2026-07-31T07:55:21Z,1067,8,2,13,2,0,1,1,1,1785484391
2026-07-31T07:55:21Z,1068,8,2,13,2,0,1,1,1,1785483879
2026-07-31T07:55:21Z,1069,12,3,11,0,0,1,1,1,1785483932
2026-07-31T07:55:21Z,1070,12,2,11,0,0,1,1,1,1785484028
2026-07-31T07:55:21Z,1071,7,4,16,0,0,1,1,1,1785484067
2026-07-31T07:55:21Z,1072,11,1,11,1,0,1,1,1,1785484429
2026-07-31T07:55:21Z,1073,26,7,0,1,0,1,1,1,1785483356
2026-07-31T07:55:21Z,1074,0,0,52,1,0,1,1,1,1785483834
2026-07-31T07:55:21Z,1075,10,10,11,0,0,1,1,1,1785483437
2026-07-31T07:55:21Z,1076,14,11,7,0,0,1,1,1,1785482872
2026-07-31T07:55:21Z,1077,8,5,13,0,0,1,1,1,1785483648
2026-07-31T07:55:21Z,1078,11,10,10,0,0,1,1,1,1785482915
2026-07-31T07:55:21Z,1079,11,8,10,0,0,1,1,1,1785483547
2026-07-31T07:55:21Z,1080,10,8,10,1,0,1,1,1,1785484145
2026-07-31T07:55:21Z,1081,13,8,6,0,0,1,1,1,1785482731
2026-07-31T07:55:21Z,1082,7,7,1,0,0,1,1,1,1785484047
2026-07-31T07:55:21Z,1083,13,11,8,0,0,1,1,1,1785483806
2026-07-31T07:55:21Z,1084,9,8,12,0,0,1,1,1,1785483431
2026-07-31T07:55:21Z,1085,8,8,13,0,0,1,1,1,1785483062
2026-07-31T07:55:21Z,1086,0,0,20,1,0,1,1,1,1785483771
2026-07-31T07:55:21Z,1087,12,7,3,0,0,1,1,1,1785482983
2026-07-31T07:55:21Z,1088,10,7,5,0,0,1,1,1,1785483738
2026-07-31T07:55:21Z,1089,5,3,10,0,0,1,1,1,1785484100
2026-07-31T07:55:21Z,1090,8,7,7,0,0,1,1,1,1785482814
2026-07-31T07:55:21Z,1091,12,7,3,0,0,1,1,1,1785482724
2026-07-31T07:55:21Z,1092,9,9,5,1,0,1,1,1,1785484084
2026-07-31T07:55:21Z,1093,7,6,8,0,0,1,1,1,1785484449
2026-07-31T07:55:21Z,1094,10,8,8,1,0,1,1,1,1785483691
2026-07-31T07:55:21Z,1095,9,8,6,0,0,1,1,1,1785484395
2026-07-31T07:55:21Z,1096,3,1,15,1,0,1,1,1,1785484054
2026-07-31T07:55:21Z,1097,11,11,4,0,0,1,1,1,1785484270
2026-07-31T07:55:21Z,1098,9,7,10,0,0,1,1,1,1785482789
2026-07-31T07:55:21Z,1099,7,6,8,0,0,1,1,1,1785483526
2026-07-31T07:55:21Z,1100,6,2,23,0,0,1,1,1,1785474727
2026-07-31T07:55:21Z,1101,10,5,11,0,0,1,1,1,1785483412
2026-07-31T07:55:21Z,1102,9,4,4,0,0,1,1,1,1785482718
2026-07-31T07:55:21Z,1103,10,5,11,0,0,1,1,1,1785474301
2026-07-31T07:55:21Z,1104,10,5,11,0,0,1,1,1,1785483166
2026-07-31T07:55:21Z,1105,7,3,6,0,0,1,1,1,1785484417
2026-07-31T07:55:21Z,1106,13,7,8,0,0,1,1,1,1785483504
2026-07-31T07:55:21Z,1107,9,5,6,0,0,1,1,1,1785483812
2026-07-31T07:55:21Z,1108,5,2,19,3,0,1,1,1,1785484271
2026-07-31T07:55:21Z,1109,6,1,9,0,0,1,1,1,1785483770
2026-07-31T07:55:21Z,1110,12,4,9,0,0,1,1,1,1785483036
2026-07-31T07:55:21Z,1111,3,2,18,0,0,1,1,1,1785475740
2026-07-31T07:55:21Z,1112,38,0,15,0,0,1,1,1,1785483525
2026-07-31T07:55:21Z,1113,1,0,20,0,0,1,1,1,1785483004
2026-07-31T07:55:21Z,1115,17,5,3,3,0,1,1,1,1785484288
2026-07-31T07:55:21Z,1116,6,2,13,0,0,1,1,1,1785483709
2026-07-31T07:55:21Z,1117,10,3,13,0,0,1,1,1,1785484081
2026-07-31T07:55:21Z,1118,16,1,3,2,0,1,1,1,1785483518
2026-07-31T07:55:21Z,1119,12,1,4,1,0,1,1,1,1785484193
2026-07-31T07:55:21Z,1120,13,0,6,0,0,1,1,1,1785483781
2026-07-31T07:55:21Z,1121,13,2,5,3,0,1,1,1,1785481599
2026-07-31T07:55:21Z,1122,19,10,0,2,0,1,1,1,1785483099
2026-07-31T07:55:21Z,1123,7,3,14,2,0,1,1,1,1785483346
2026-07-31T07:55:21Z,1124,10,0,0,5,0,1,1,1,1785483520
2026-07-31T07:55:21Z,1125,15,1,8,0,0,1,1,1,1785483981
2026-07-31T07:55:21Z,1126,4,0,16,1,0,1,1,1,1785483317
2026-07-31T07:55:21Z,1127,6,1,12,1,0,1,1,1,1785484029
2026-07-31T07:55:21Z,1128,14,2,0,1,0,1,1,1,1785483765
2026-07-31T07:55:21Z,1129,3,2,17,1,0,1,1,1,1785483439
2026-07-31T07:55:21Z,1130,6,0,9,0,0,1,1,1,1785483982
2026-07-31T07:55:21Z,1131,0,0,48,1,0,1,1,1,1785484424
2026-07-31T07:55:21Z,1132,13,6,7,1,0,1,1,1,1785483606
2026-07-31T07:55:21Z,1133,17,12,3,1,0,1,1,1,1785483523
2026-07-31T07:55:21Z,1134,11,7,8,0,0,1,1,1,1785484212
2026-07-31T07:55:21Z,1135,10,5,11,0,0,1,1,1,1785483305
2026-07-31T07:55:21Z,1136,8,0,15,0,0,1,1,1,1785483877
2026-07-31T07:55:21Z,1137,12,0,3,0,0,1,1,1,1785483637
2026-07-31T07:55:21Z,1138,15,2,4,0,0,1,1,1,1785483672
2026-07-31T07:55:21Z,1139,19,5,1,1,0,1,1,1,1785484190
2026-07-31T07:55:21Z,1140,22,3,0,1,0,1,1,1,1785483398
2026-07-31T07:55:21Z,1141,0,0,20,1,0,1,1,1,1785483108
2026-07-31T07:55:21Z,1142,2,0,19,0,0,1,1,1,1785484347
2026-07-31T07:55:21Z,1143,23,0,6,0,0,1,1,1,1785483240
2026-07-31T07:55:21Z,1144,7,1,13,1,0,1,1,1,1785483958
2026-07-31T07:55:21Z,1145,12,6,8,1,0,1,1,1,1785484082
2026-07-31T07:55:21Z,1146,11,2,4,4,0,1,1,1,1785484034
2026-07-31T07:55:21Z,1147,3,0,16,0,0,1,1,1,1785483738
2026-07-31T07:55:21Z,1148,25,6,6,0,0,1,1,1,1785484409
2026-07-31T07:55:21Z,1149,4,4,21,0,0,1,1,1,1785483347
2026-07-31T07:55:21Z,1150,18,1,1,0,0,1,1,1,1785483492
2026-07-31T07:55:21Z,1151,12,0,9,0,0,1,1,1,1785484355
2026-07-31T07:55:21Z,1152,16,0,13,0,0,1,1,1,1785484411
2026-07-31T07:55:21Z,1153,22,6,0,1,0,1,1,1,1785484239
2026-07-31T07:55:21Z,1154,13,1,6,0,0,1,1,1,1785483147
2026-07-31T07:55:21Z,1155,16,6,4,1,0,1,1,1,1785483695
2026-07-31T07:55:21Z,1158,3,0,15,1,0,1,1,1,1785483600
2026-07-31T07:55:21Z,1159,13,1,6,0,0,1,1,1,1785483954
2026-07-31T07:55:21Z,1160,9,1,9,1,0,1,1,1,1785484347
2026-07-31T07:55:21Z,1161,3,0,15,1,0,1,1,1,1785484088
2026-07-31T07:55:21Z,1162,2,1,17,0,0,1,1,1,1785484339
2026-07-31T07:55:21Z,1163,0,0,18,1,0,1,1,1,1785483716
2026-07-31T07:55:21Z,1164,6,1,13,0,0,1,1,1,1785483776
2026-07-31T07:55:21Z,1165,5,0,16,0,0,1,1,1,1785484505
2026-07-31T07:55:21Z,1166,12,3,8,1,0,1,1,1,1785484015
2026-07-31T07:55:21Z,1167,4,0,11,0,0,1,1,1,1785483491
2026-07-31T07:55:21Z,1168,2,1,20,1,0,1,1,1,1785483961
2026-07-31T07:55:21Z,1169,3,0,15,1,0,1,1,1,1785483623
2026-07-31T07:55:21Z,1170,6,0,14,1,0,1,1,1,1785483989
2026-07-31T07:55:21Z,1171,8,7,14,1,0,1,1,1,1785483654
2026-07-31T07:55:21Z,1172,7,2,6,2,0,1,1,1,1785483854
2026-07-31T07:55:21Z,1173,13,5,6,0,0,1,1,1,1785483867
2026-07-31T07:55:21Z,1174,7,3,8,0,0,1,1,1,1785483560
2026-07-31T07:55:21Z,1175,9,5,10,0,0,1,1,1,1785472270
2026-07-31T07:55:21Z,1176,19,1,2,0,0,1,1,1,1785483071
2026-07-31T07:55:21Z,1177,3,1,18,0,0,1,1,1,1785482990
2026-07-31T07:55:21Z,1178,2,1,13,0,0,1,1,1,1785483536
2026-07-31T07:55:21Z,1181,11,2,3,1,0,1,1,1,1785482696
2026-07-31T07:55:21Z,1182,0,0,20,0,0,1,1,1,1785484110
2026-07-31T07:55:21Z,1183,1,0,42,2,0,1,1,1,1785483884
2026-07-31T07:55:21Z,1184,11,6,9,1,0,1,1,1,1785484239
2026-07-31T07:55:21Z,1185,10,5,11,0,0,1,1,1,1785483115
2026-07-31T07:55:21Z,1186,9,5,10,0,0,1,1,1,1785484138
2026-07-31T07:55:21Z,1187,12,6,8,1,0,1,1,1,1785482700
2026-07-31T07:55:21Z,1188,9,3,6,0,0,1,1,1,1785483819
2026-07-31T07:55:21Z,1189,10,5,9,0,0,1,1,1,1785483894
2026-07-31T07:55:21Z,1190,10,5,11,0,0,1,1,1,1785483286
2026-07-31T07:55:21Z,1191,10,5,5,0,0,1,1,1,1785483826
2026-07-31T07:55:21Z,1192,11,7,10,0,0,1,1,1,1785483655
2026-07-31T07:55:21Z,1193,6,4,5,2,0,1,1,1,1785482965
2026-07-31T07:55:21Z,1197,9,6,7,1,0,1,1,1,1785483723
2026-07-31T07:55:21Z,1198,14,4,5,2,0,1,1,1,1785484180
2026-07-31T07:55:21Z,1199,2,0,17,0,0,1,1,1,1785484201
2026-07-31T07:55:21Z,1200,11,5,4,0,0,1,1,1,1785483861
2026-07-31T07:55:21Z,1201,11,5,4,0,0,1,1,1,1785483839
2026-07-31T07:55:21Z,1202,12,6,3,0,0,1,1,1,1785483937
2026-07-31T07:55:21Z,1203,9,6,6,0,0,1,1,1,1785483834
2026-07-31T07:55:21Z,1204,7,3,11,1,0,1,1,1,1785483571
2026-07-31T07:55:21Z,1206,11,5,10,0,0,1,1,1,1785482787
2026-07-31T07:55:21Z,1207,9,5,6,0,0,1,1,1,1785484152
2026-07-31T07:55:21Z,1208,7,2,11,1,0,1,1,1,1785484052
2026-07-31T07:55:21Z,1216,7,0,13,1,0,1,1,1,1785483019
2026-07-31T07:55:21Z,1218,4,0,17,0,0,1,1,1,1785483413
2026-07-31T07:55:21Z,1219,6,1,8,1,0,1,1,1,1785483686
2026-07-31T07:55:21Z,1220,14,7,4,1,0,1,1,1,1785483317
2026-07-31T07:55:21Z,1221,2,2,19,0,0,1,1,1,1785482724
2026-07-31T07:55:21Z,1222,28,1,1,0,0,1,1,1,1785483647
2026-07-31T07:55:21Z,1223,22,0,7,0,0,1,1,1,1785483474
2026-07-31T07:55:21Z,1226,0,0,3,0,0,0,1,1,1781868931
2026-07-31T07:55:21Z,1227,23,0,2,0,0,1,1,1,1785483544
2026-07-31T07:55:21Z,1228,18,0,10,1,0,1,1,1,1785482781
2026-07-31T07:55:21Z,1229,35,0,9,0,1,1,1,1,1785484434
2026-07-31T08:00:21Z,1,0,0,23,0,0,1,1,1,1785478051
2026-07-31T08:00:21Z,2,22,0,2,3,0,1,1,1,1785481994
2026-07-31T08:00:21Z,3,9,0,4,1,0,1,1,1,1785481848
2026-07-31T08:00:21Z,4,1,0,20,1,0,1,1,1,1785483715
2026-07-31T08:00:21Z,5,9,3,13,1,0,1,1,1,1785480731
2026-07-31T08:00:21Z,6,6,2,9,0,0,1,1,1,1785482360
2026-07-31T08:00:21Z,7,0,0,39,0,0,1,1,1,1785482386
2026-07-31T08:00:21Z,8,0,0,43,0,0,1,1,1,1785471816
2026-07-31T08:00:21Z,9,0,0,22,1,0,1,1,1,1785482483
2026-07-31T08:00:21Z,10,4,1,17,2,0,1,1,1,1785480300
2026-07-31T08:00:21Z,11,14,5,4,1,0,1,1,1,1785484474
2026-07-31T08:00:21Z,12,0,0,23,0,0,1,1,1,1785472090
2026-07-31T08:00:21Z,13,12,0,18,0,0,1,1,1,1785478740
2026-07-31T08:00:21Z,14,1,0,41,0,1,1,1,1,1785476888
2026-07-31T08:00:21Z,15,5,0,10,0,0,1,1,1,1785479438
2026-07-31T08:00:21Z,16,8,0,16,2,1,1,1,1,1785483665
2026-07-31T08:00:21Z,17,9,0,17,1,0,1,1,1,1785482140
2026-07-31T08:00:21Z,18,6,0,10,2,0,1,1,1,1785483612
2026-07-31T08:00:21Z,19,4,0,22,1,0,1,1,1,1785484572
2026-07-31T08:00:21Z,20,32,0,3,0,0,1,1,1,1785474831
2026-07-31T08:00:21Z,21,1,0,17,1,0,1,1,1,1785483537
2026-07-31T08:00:21Z,22,18,0,46,1,0,1,1,1,1785479462
2026-07-31T08:00:21Z,23,10,5,21,0,0,1,1,1,1785479447
2026-07-31T08:00:21Z,24,0,0,9,2,0,1,1,1,1785484811
2026-07-31T08:00:21Z,25,1,1,79,0,1,1,1,1,1785484544
2026-07-31T08:00:21Z,26,0,0,27,0,0,1,1,1,1785479128
2026-07-31T08:00:21Z,28,13,2,2,0,0,1,1,1,1785483580
2026-07-31T08:00:21Z,30,1,0,27,1,0,1,1,1,1785484151
2026-07-31T08:00:21Z,31,0,0,17,2,0,1,1,1,1785484663
2026-07-31T08:00:21Z,32,25,4,2,0,0,1,1,1,1785484184
2026-07-31T08:00:21Z,34,2,0,34,1,0,1,1,1,1785482614
2026-07-31T08:00:21Z,35,1,0,45,1,0,1,1,1,1785482831
2026-07-31T08:00:21Z,36,0,0,0,0,0,0,1,1,86400
2026-07-31T08:00:21Z,37,0,0,23,0,0,1,1,1,1785483182
2026-07-31T08:00:21Z,38,1,0,22,0,0,1,1,1,1785475021
2026-07-31T08:00:21Z,39,22,6,17,0,0,1,1,1,1785483854
2026-07-31T08:00:21Z,40,13,0,7,1,0,1,1,1,1785481720
2026-07-31T08:00:21Z,41,1,0,41,1,0,1,1,1,1785482868
2026-07-31T08:00:21Z,42,31,8,0,0,0,1,1,1,1785472558
2026-07-31T08:00:21Z,43,6,0,17,0,0,1,1,1,1785484173
2026-07-31T08:00:21Z,45,1,0,27,1,0,1,1,1,1785482238
2026-07-31T08:00:21Z,46,12,2,19,0,0,1,1,1,1785483378
2026-07-31T08:00:21Z,47,11,5,3,1,0,1,1,1,1785484425
2026-07-31T08:00:21Z,48,22,0,5,0,0,1,1,1,1785480764
2026-07-31T08:00:21Z,49,5,0,15,3,0,1,1,1,1785484806
2026-07-31T08:00:21Z,50,1,1,18,0,0,1,1,1,1785483259
2026-07-31T08:00:21Z,51,68,0,9,0,0,1,1,1,1785472672
2026-07-31T08:00:21Z,52,2,0,22,3,0,1,1,1,1785484720
2026-07-31T08:00:21Z,55,0,0,23,0,0,1,1,1,1785473748
2026-07-31T08:00:21Z,56,0,0,43,0,0,1,1,1,1785481453
2026-07-31T08:00:21Z,57,0,0,27,0,0,1,1,1,1785474689
2026-07-31T08:00:21Z,58,0,0,28,0,0,1,1,1,1785476976
2026-07-31T08:00:21Z,59,0,0,25,2,0,1,1,1,1785484552
2026-07-31T08:00:21Z,61,0,0,39,0,0,1,1,1,1785476440
2026-07-31T08:00:21Z,62,0,0,48,1,0,1,1,1,1785477029
2026-07-31T08:00:21Z,63,14,0,5,0,0,1,1,1,1785484382
2026-07-31T08:00:21Z,64,9,0,6,4,0,1,1,1,1785474000
2026-07-31T08:00:21Z,65,17,7,1,1,0,1,1,1,1785481624
2026-07-31T08:00:21Z,67,17,0,22,0,0,1,1,1,1785480027
2026-07-31T08:00:21Z,68,0,0,37,0,0,1,1,1,1785476731
2026-07-31T08:00:21Z,69,15,2,0,0,0,1,1,1,1785476803
2026-07-31T08:00:21Z,71,2,0,24,1,0,1,1,1,1785484438
2026-07-31T08:00:21Z,72,14,3,15,2,0,1,1,1,1785483159
2026-07-31T08:00:21Z,73,0,0,31,0,0,1,1,1,1785474921
2026-07-31T08:00:21Z,74,12,6,6,1,0,1,1,1,1785483170
2026-07-31T08:00:21Z,75,0,0,31,1,0,1,1,1,1785473256
2026-07-31T08:00:21Z,76,18,0,0,1,0,1,1,1,1785484804
2026-07-31T08:00:21Z,77,24,1,2,1,0,1,1,1,1785477101
2026-07-31T08:00:21Z,78,9,4,13,1,0,1,1,1,1785483122
2026-07-31T08:00:21Z,79,4,3,12,1,0,1,1,1,1785484070
2026-07-31T08:00:21Z,80,18,0,2,3,0,1,1,1,1785484777
2026-07-31T08:00:21Z,81,5,0,26,0,0,1,1,1,1785484411
2026-07-31T08:00:21Z,82,12,0,11,0,0,1,1,1,1785480296
2026-07-31T08:00:21Z,83,4,0,29,1,0,1,1,1,1785483766
2026-07-31T08:00:21Z,84,26,0,1,0,0,1,1,1,1785484029
2026-07-31T08:00:21Z,85,1,1,14,0,0,1,1,1,1785479219
2026-07-31T08:00:21Z,86,25,0,1,1,0,1,1,1,1785478454
2026-07-31T08:00:21Z,87,11,1,8,0,0,1,1,1,1785479967
2026-07-31T08:00:21Z,88,0,0,42,1,0,1,1,1,1785480980
2026-07-31T08:00:21Z,89,22,0,13,0,0,1,1,1,1785483872
2026-07-31T08:00:21Z,90,4,1,12,2,0,1,1,1,1785484360
2026-07-31T08:00:21Z,91,14,0,3,0,0,1,1,1,1785480068
2026-07-31T08:00:21Z,92,12,5,4,3,0,1,1,1,1785484803
2026-07-31T08:00:21Z,93,0,0,23,0,0,1,1,1,1785483766
2026-07-31T08:00:21Z,94,2,0,16,1,0,1,1,1,1785482735
2026-07-31T08:00:21Z,95,26,1,7,1,1,1,1,1,1785484809
2026-07-31T08:00:21Z,96,29,0,1,1,0,1,1,1,1785479647
2026-07-31T08:00:21Z,97,0,0,16,1,0,1,1,1,1785484595
2026-07-31T08:00:21Z,98,18,0,16,1,0,1,1,1,1785484729
2026-07-31T08:00:21Z,99,3,1,12,0,0,1,1,1,1785484444
2026-07-31T08:00:21Z,100,0,0,27,0,0,1,1,1,1785482057
2026-07-31T08:00:21Z,101,1,0,13,2,0,1,1,1,1785483795
2026-07-31T08:00:21Z,102,0,0,23,0,0,1,1,1,1785477320
2026-07-31T08:00:21Z,103,10,0,20,0,0,1,1,1,1785484257
2026-07-31T08:00:21Z,104,0,0,25,2,0,1,1,1,1785484807
2026-07-31T08:00:21Z,105,16,1,3,0,0,1,1,1,1785468216
2026-07-31T08:00:21Z,106,0,0,21,0,0,1,1,1,1785462637
2026-07-31T08:00:21Z,107,0,0,37,0,0,1,1,1,1785474220
2026-07-31T08:00:21Z,108,15,1,20,0,0,1,1,1,1785483101
2026-07-31T08:00:21Z,109,6,0,17,0,0,1,1,1,1785483516
2026-07-31T08:00:21Z,110,14,2,9,0,0,1,1,1,1785482478
2026-07-31T08:00:21Z,111,0,0,36,0,0,1,1,1,1785479678
2026-07-31T08:00:21Z,112,8,1,6,1,0,1,1,1,1785484350
2026-07-31T08:00:21Z,113,2,0,14,3,0,1,1,1,1785484753
2026-07-31T08:00:21Z,114,6,6,23,1,1,1,1,1,1785484505
2026-07-31T08:00:21Z,115,3,1,23,2,0,1,1,1,1785479033
2026-07-31T08:00:21Z,116,4,3,22,1,0,1,1,1,1785480015
2026-07-31T08:00:21Z,118,20,9,0,3,0,1,1,1,1785484563
2026-07-31T08:00:21Z,119,34,3,1,3,0,1,1,1,1785484131
2026-07-31T08:00:21Z,120,24,1,2,1,0,1,1,1,1785484445
2026-07-31T08:00:21Z,121,5,2,13,0,1,1,1,1,1785484541
2026-07-31T08:00:21Z,122,13,0,7,1,0,1,1,1,1785482278
2026-07-31T08:00:21Z,123,8,1,39,0,0,1,1,1,1785477646
2026-07-31T08:00:21Z,124,32,1,3,0,0,1,1,1,1785483233
2026-07-31T08:00:21Z,125,6,1,17,0,0,1,1,1,1785483263
2026-07-31T08:00:21Z,126,25,2,6,0,0,1,1,1,1785484483
2026-07-31T08:00:21Z,127,8,0,25,2,0,1,1,1,1785484609
2026-07-31T08:00:21Z,128,2,1,17,0,0,1,1,1,1785484800
2026-07-31T08:00:21Z,129,17,1,0,2,0,1,1,1,1785479759
2026-07-31T08:00:21Z,130,5,0,12,0,0,1,1,1,1785469116
2026-07-31T08:00:21Z,131,8,3,1,2,0,1,1,1,1785478472
2026-07-31T08:00:21Z,132,11,4,3,0,1,1,1,1,1785484330
2026-07-31T08:00:21Z,134,2,0,16,5,0,1,1,1,1785484744
2026-07-31T08:00:21Z,135,6,2,12,1,0,1,1,1,1785484507
2026-07-31T08:00:21Z,136,5,0,9,2,7,1,1,1,1785484643
2026-07-31T08:00:21Z,137,4,1,15,0,0,1,1,1,1785484674
2026-07-31T08:00:21Z,138,35,2,2,0,0,1,1,1,1785484662
2026-07-31T08:00:21Z,139,19,5,0,0,0,1,1,1,1785476252
2026-07-31T08:00:21Z,140,14,8,7,2,0,1,1,1,1785484810
2026-07-31T08:00:21Z,141,30,1,6,0,0,1,1,1,1785484006
2026-07-31T08:00:21Z,142,22,1,1,0,0,1,1,1,1785483705
2026-07-31T08:00:21Z,143,13,3,17,1,0,1,1,1,1785482659
2026-07-31T08:00:21Z,144,22,0,5,0,0,1,1,1,1785482773
2026-07-31T08:00:21Z,146,6,1,16,1,0,1,1,1,1785480770
2026-07-31T08:00:21Z,147,11,2,6,2,0,1,1,1,1785484736
2026-07-31T08:00:21Z,148,24,0,2,0,1,1,1,1,1785484563
2026-07-31T08:00:21Z,149,14,4,12,1,0,1,1,1,1785483148
2026-07-31T08:00:21Z,150,31,7,2,2,0,1,1,1,1785484807
2026-07-31T08:00:21Z,151,21,8,2,0,0,1,1,1,1785483789
2026-07-31T08:00:21Z,152,19,0,4,4,0,1,1,1,1785484810
2026-07-31T08:00:21Z,153,12,1,13,6,0,1,1,1,1785484510
2026-07-31T08:00:21Z,154,17,4,3,3,0,1,1,1,1785484799
2026-07-31T08:00:21Z,155,13,4,0,1,0,1,1,1,1785484616
2026-07-31T08:00:21Z,156,15,0,4,0,0,1,1,1,1785482646
2026-07-31T08:00:21Z,157,16,1,9,2,0,1,1,1,1785484631
2026-07-31T08:00:21Z,158,16,2,0,0,0,1,1,1,1785471342
2026-07-31T08:00:21Z,159,5,3,14,0,0,1,1,1,1785477862
2026-07-31T08:00:21Z,160,19,1,0,0,0,1,1,1,1785475906
2026-07-31T08:00:21Z,161,14,0,8,0,0,1,1,1,1785483866
2026-07-31T08:00:21Z,162,14,3,12,1,0,1,1,1,1785483258
2026-07-31T08:00:21Z,163,30,2,0,0,1,1,1,1,1785484771
2026-07-31T08:00:21Z,164,24,7,3,0,0,1,1,1,1785484640
2026-07-31T08:00:21Z,165,29,13,0,2,0,1,1,1,1785481777
2026-07-31T08:00:21Z,166,32,8,2,5,0,1,1,1,1785484810
2026-07-31T08:00:21Z,167,21,10,0,2,0,1,1,1,1785477751
2026-07-31T08:00:21Z,168,21,0,5,1,0,1,1,1,1785484599
2026-07-31T08:00:21Z,169,1,0,21,0,1,1,1,1,1785483931
2026-07-31T08:00:21Z,170,18,5,0,1,0,1,1,1,1785483922
2026-07-31T08:00:21Z,171,10,3,1,2,0,1,1,1,1785484800
2026-07-31T08:00:21Z,173,36,0,3,0,0,1,1,1,1785484082
2026-07-31T08:00:21Z,174,22,1,2,2,0,1,1,1,1785482500
2026-07-31T08:00:21Z,175,7,0,24,0,0,1,1,1,1785484051
2026-07-31T08:00:21Z,176,6,2,8,0,1,1,1,1,1785483524
2026-07-31T08:00:21Z,177,23,3,4,0,0,1,1,1,1785484254
2026-07-31T08:00:21Z,178,2,0,10,2,1,1,1,1,1785484807
2026-07-31T08:00:21Z,179,11,1,3,1,0,1,1,1,1785484092
2026-07-31T08:00:21Z,180,27,0,3,0,0,1,1,1,1785468302
2026-07-31T08:00:21Z,181,13,0,1,1,0,1,1,1,1785482083
2026-07-31T08:00:21Z,182,16,1,1,0,0,1,1,1,1785483091
2026-07-31T08:00:21Z,183,17,0,6,0,0,1,1,1,1785483484
2026-07-31T08:00:21Z,184,0,0,22,1,0,1,1,1,1785483491
2026-07-31T08:00:21Z,185,12,1,0,2,1,1,1,1,1785473000
2026-07-31T08:00:21Z,186,4,2,15,0,0,1,1,1,1785484044
2026-07-31T08:00:21Z,187,8,0,19,1,0,1,1,1,1785484757
2026-07-31T08:00:21Z,188,14,0,5,8,0,1,1,1,1785484756
2026-07-31T08:00:21Z,189,15,4,0,0,0,1,1,1,1785479966
2026-07-31T08:00:21Z,190,3,1,20,0,0,1,1,1,1785483422
2026-07-31T08:00:21Z,191,2,1,37,0,0,1,1,1,1785483208
2026-07-31T08:00:21Z,192,11,4,17,3,0,1,1,1,1785484037
2026-07-31T08:00:21Z,193,0,0,15,0,0,1,1,1,1785484480
2026-07-31T08:00:21Z,194,17,1,9,1,0,1,1,1,1785484068
2026-07-31T08:00:21Z,195,13,1,4,2,0,1,1,1,1785484402
2026-07-31T08:00:21Z,196,24,1,0,3,0,1,1,1,1785484722
2026-07-31T08:00:21Z,197,15,3,2,1,1,1,1,1,1785482526
2026-07-31T08:00:21Z,198,21,16,2,0,0,1,1,1,1785484040
2026-07-31T08:00:21Z,199,7,5,5,3,0,1,1,1,1785483728
2026-07-31T08:00:21Z,200,15,0,10,1,0,1,1,1,1785482100
2026-07-31T08:00:21Z,201,8,3,15,0,0,1,1,1,1785482886
2026-07-31T08:00:21Z,202,0,0,27,0,0,1,1,1,1785477488
2026-07-31T08:00:21Z,203,25,3,5,1,0,1,1,1,1785484441
2026-07-31T08:00:21Z,204,32,2,2,1,0,1,1,1,1785482738
2026-07-31T08:00:21Z,205,12,1,15,0,0,1,1,1,1785482737
2026-07-31T08:00:21Z,206,1,1,13,1,0,1,1,1,1785481802
2026-07-31T08:00:21Z,207,14,0,7,0,0,1,1,1,1785481979
2026-07-31T08:00:21Z,208,2,0,27,0,0,1,1,1,1785477246
2026-07-31T08:00:21Z,209,8,0,20,3,0,1,1,1,1785484698
2026-07-31T08:00:21Z,210,23,2,4,0,0,1,1,1,1785479794
2026-07-31T08:00:21Z,211,16,6,6,1,0,1,1,1,1785482104
2026-07-31T08:00:21Z,212,25,0,9,1,0,1,1,1,1785484710
2026-07-31T08:00:21Z,213,12,1,9,2,0,1,1,1,1785484758
2026-07-31T08:00:21Z,214,26,1,16,5,0,1,1,1,1785484334
2026-07-31T08:00:21Z,215,6,1,16,1,0,1,1,1,1785481068
2026-07-31T08:00:21Z,216,10,0,8,1,0,1,1,1,1785482156
2026-07-31T08:00:21Z,217,9,0,19,1,0,1,1,1,1785484558
2026-07-31T08:00:21Z,218,1,1,35,3,0,1,1,1,1785484382
2026-07-31T08:00:21Z,219,0,0,25,1,0,1,1,1,1785478263
2026-07-31T08:00:21Z,220,24,7,17,1,1,1,1,1,1785481569
2026-07-31T08:00:21Z,221,13,8,1,1,0,1,1,1,1785483976
2026-07-31T08:00:21Z,222,18,14,0,1,0,1,1,1,1785484662
2026-07-31T08:00:21Z,223,8,3,24,3,0,1,1,1,1785484581
2026-07-31T08:00:21Z,224,7,5,14,1,0,1,1,1,1785484386
2026-07-31T08:00:21Z,225,10,0,3,6,0,1,1,1,1785483556
2026-07-31T08:00:21Z,226,30,10,1,0,0,1,1,1,1785483984
2026-07-31T08:00:21Z,227,20,13,6,0,1,1,1,1,1785481900
2026-07-31T08:00:21Z,228,1,0,17,1,0,1,1,1,1785478667
2026-07-31T08:00:21Z,230,16,9,10,0,0,1,1,1,1785483055
2026-07-31T08:00:21Z,232,13,6,3,1,0,1,1,1,1785482484
2026-07-31T08:00:21Z,233,21,2,8,2,0,1,1,1,1785483700
2026-07-31T08:00:21Z,234,8,3,6,3,2,1,1,1,1785483414
2026-07-31T08:00:21Z,236,14,3,5,0,0,1,1,1,1785480280
2026-07-31T08:00:21Z,237,22,4,0,1,0,1,1,1,1785478521
2026-07-31T08:00:21Z,239,23,18,1,3,0,1,1,1,1785484709
2026-07-31T08:00:21Z,241,18,6,5,0,0,1,1,1,1785483298
2026-07-31T08:00:21Z,242,1,1,21,1,0,1,1,1,1785484715
2026-07-31T08:00:21Z,243,11,0,19,1,0,1,1,1,1785484434
2026-07-31T08:00:21Z,244,15,1,11,1,0,1,1,1,1785484235
2026-07-31T08:00:21Z,245,3,3,20,0,0,1,1,1,1785484146
2026-07-31T08:00:21Z,246,1,0,22,0,0,1,1,1,1785481575
2026-07-31T08:00:21Z,247,13,11,10,0,0,1,1,1,1785477646
2026-07-31T08:00:21Z,248,19,5,2,2,0,1,1,1,1785484323
2026-07-31T08:00:21Z,249,1,0,18,0,0,1,1,1,1785483971
2026-07-31T08:00:21Z,250,3,3,23,1,0,1,1,1,1785483886
2026-07-31T08:00:21Z,251,2,2,22,3,0,1,1,1,1785481704
2026-07-31T08:00:21Z,253,6,3,12,1,0,1,1,1,1785482813
2026-07-31T08:00:21Z,254,26,21,16,1,0,1,1,1,1785483082
2026-07-31T08:00:21Z,255,5,0,17,0,1,1,1,1,1785484723
2026-07-31T08:00:21Z,256,10,5,11,2,0,1,1,1,1785484423
2026-07-31T08:00:21Z,257,14,6,4,1,0,1,1,1,1785482023
2026-07-31T08:00:21Z,258,1,0,18,0,0,1,1,1,1785482036
2026-07-31T08:00:21Z,259,20,3,2,0,1,1,1,1,1785480149
2026-07-31T08:00:21Z,260,15,4,1,3,0,1,1,1,1785480838
2026-07-31T08:00:21Z,261,16,0,1,1,1,1,1,1,1785476974
2026-07-31T08:00:21Z,262,20,11,3,0,0,1,1,1,1785484130
2026-07-31T08:00:21Z,263,14,3,1,0,0,1,1,1,1785480222
2026-07-31T08:00:21Z,264,18,6,0,1,0,1,1,1,1785474915
2026-07-31T08:00:21Z,265,15,1,0,0,0,1,1,1,1785473819
2026-07-31T08:00:21Z,266,17,8,0,2,0,1,1,1,1785481181
2026-07-31T08:00:21Z,267,7,3,6,2,0,1,1,1,1785473359
2026-07-31T08:00:21Z,268,23,9,0,0,0,1,1,1,1785477959
2026-07-31T08:00:21Z,269,9,3,13,1,0,1,1,1,1785483425
2026-07-31T08:00:21Z,270,25,3,2,0,0,1,1,1,1785476595
2026-07-31T08:00:21Z,271,0,0,17,2,0,1,1,1,1785468500
2026-07-31T08:00:21Z,272,13,13,9,1,0,1,1,1,1785482344
2026-07-31T08:00:21Z,273,14,5,1,0,0,1,1,1,1785483199
2026-07-31T08:00:21Z,274,18,8,0,1,0,1,1,1,1785472651
2026-07-31T08:00:21Z,275,13,0,6,2,2,1,1,1,1785484673
2026-07-31T08:00:21Z,276,1,0,26,0,0,1,1,1,1785477868
2026-07-31T08:00:21Z,277,12,1,6,5,0,1,1,1,1785483703
2026-07-31T08:00:21Z,278,17,0,11,2,1,1,1,1,1785484789
2026-07-31T08:00:21Z,279,16,0,3,0,0,1,1,1,1785483819
2026-07-31T08:00:21Z,280,11,1,18,2,0,1,1,1,1785484713
2026-07-31T08:00:21Z,281,19,0,0,0,0,1,1,1,1785466757
2026-07-31T08:00:21Z,282,5,2,13,0,0,1,1,1,1785478680
2026-07-31T08:00:21Z,283,34,1,1,0,0,1,1,1,1785484709
2026-07-31T08:00:21Z,284,19,5,14,2,0,1,1,1,1785482962
2026-07-31T08:00:21Z,285,8,7,15,0,0,1,1,1,1785484521
2026-07-31T08:00:21Z,286,19,18,2,2,0,1,1,1,1785484804
2026-07-31T08:00:21Z,287,13,4,7,3,0,1,1,1,1785483416
2026-07-31T08:00:21Z,288,14,10,5,0,0,1,1,1,1785480320
2026-07-31T08:00:21Z,289,22,1,2,3,0,1,1,1,1785484050
2026-07-31T08:00:21Z,290,7,0,31,1,0,1,1,1,1785482049
2026-07-31T08:00:21Z,291,7,2,14,2,0,1,1,1,1785483985
2026-07-31T08:00:21Z,292,22,0,1,0,0,1,1,1,1785482223
2026-07-31T08:00:21Z,293,16,10,7,0,0,1,1,1,1785479995
2026-07-31T08:00:21Z,294,0,0,21,1,0,1,1,1,1785484439
2026-07-31T08:00:21Z,297,10,1,6,2,1,1,1,1,1785482856
2026-07-31T08:00:21Z,301,17,0,2,0,0,1,1,1,1785480715
2026-07-31T08:00:21Z,302,0,0,23,0,0,1,1,1,1785478135
2026-07-31T08:00:21Z,303,19,0,0,0,0,1,1,1,1785481123
2026-07-31T08:00:21Z,304,0,0,0,0,0,0,1,1,86400
2026-07-31T08:00:21Z,305,19,0,0,0,0,1,1,1,1785477474
2026-07-31T08:00:21Z,306,2,0,29,1,0,1,1,1,1785481204
2026-07-31T08:00:21Z,307,17,1,4,1,1,1,1,1,1785484523
2026-07-31T08:00:21Z,308,14,0,3,2,0,1,1,1,1785478365
2026-07-31T08:00:21Z,309,0,0,13,1,0,1,1,1,1785483114
2026-07-31T08:00:21Z,311,15,0,0,0,0,1,1,1,1785476190
2026-07-31T08:00:21Z,312,6,3,12,4,1,1,1,1,1785484534
2026-07-31T08:00:21Z,313,3,1,12,0,0,1,1,1,1785479124
2026-07-31T08:00:21Z,314,4,3,11,3,0,1,1,1,1785477432
2026-07-31T08:00:21Z,315,23,6,5,3,0,1,1,1,1785478922
2026-07-31T08:00:21Z,316,4,1,2,24,1,1,1,1,1785484678
2026-07-31T08:00:21Z,317,0,0,30,0,1,1,1,1,1785484732
2026-07-31T08:00:21Z,318,16,0,3,0,0,1,1,1,1785478379
2026-07-31T08:00:21Z,319,17,3,5,1,0,1,1,1,1785484119
2026-07-31T08:00:21Z,320,18,5,0,1,0,1,1,1,1785483872
2026-07-31T08:00:21Z,321,8,1,7,4,0,1,1,1,1785484636
2026-07-31T08:00:21Z,322,5,1,23,1,0,1,1,1,1785484798
2026-07-31T08:00:21Z,323,8,0,11,0,0,1,1,1,1785476374
2026-07-31T08:00:21Z,324,7,2,19,1,0,1,1,1,1785484805
2026-07-31T08:00:21Z,325,4,3,21,2,0,1,1,1,1785484701
2026-07-31T08:00:21Z,327,25,0,1,1,0,1,1,1,1785484022
2026-07-31T08:00:21Z,328,20,0,1,1,0,1,1,1,1785484794
2026-07-31T08:00:21Z,329,17,0,0,2,0,1,1,1,1785480406
2026-07-31T08:00:21Z,330,3,0,19,0,0,1,1,1,1785484286
2026-07-31T08:00:21Z,331,9,2,13,1,0,1,1,1,1785481784
2026-07-31T08:00:21Z,332,9,2,8,2,0,1,1,1,1785484656
2026-07-31T08:00:21Z,333,1,1,21,1,0,1,1,1,1785482520
2026-07-31T08:00:21Z,334,11,9,12,0,0,1,1,1,1785484661
2026-07-31T08:00:21Z,335,3,2,18,1,1,1,1,1,1785477902
2026-07-31T08:00:21Z,336,18,2,1,0,0,1,1,1,1785483787
2026-07-31T08:00:21Z,337,17,3,1,5,0,1,1,1,1785484704
2026-07-31T08:00:21Z,338,18,8,1,0,0,1,1,1,1785484469
2026-07-31T08:00:21Z,339,18,10,4,1,0,1,1,1,1785484330
2026-07-31T08:00:21Z,340,14,11,0,1,0,1,1,1,1785470343
2026-07-31T08:00:21Z,341,11,4,8,0,0,1,1,1,1785479749
2026-07-31T08:00:21Z,342,13,7,0,2,0,1,1,1,1785475446
2026-07-31T08:00:21Z,343,20,1,2,1,0,1,1,1,1785480772
2026-07-31T08:00:21Z,344,23,9,0,0,0,1,1,1,1785476320
2026-07-31T08:00:21Z,345,19,3,0,0,0,1,1,1,1785484144
2026-07-31T08:00:21Z,346,7,5,16,0,0,1,1,1,1785479213
2026-07-31T08:00:21Z,347,0,0,42,2,0,1,1,1,1785484804
2026-07-31T08:00:21Z,348,21,3,0,1,1,1,1,1,1785484643
2026-07-31T08:00:21Z,349,5,1,14,0,0,1,1,1,1785484069
2026-07-31T08:00:21Z,350,24,3,1,1,1,1,1,1,1785482374
2026-07-31T08:00:21Z,351,20,3,0,3,0,1,1,1,1785484633
2026-07-31T08:00:21Z,355,23,1,0,0,0,1,1,1,1785477413
2026-07-31T08:00:21Z,356,17,2,2,0,0,1,1,1,1785482282
2026-07-31T08:00:21Z,357,13,4,6,0,0,1,1,1,1785484599
2026-07-31T08:00:21Z,358,24,4,2,1,0,1,1,1,1785483982
2026-07-31T08:00:21Z,359,22,0,5,0,0,1,1,1,1785482858
2026-07-31T08:00:21Z,360,16,4,1,2,0,1,1,1,1785479093
2026-07-31T08:00:21Z,362,17,5,0,2,0,1,1,1,1785482014
2026-07-31T08:00:21Z,363,0,0,27,0,0,1,1,1,1785483419
2026-07-31T08:00:21Z,364,19,3,0,0,0,1,1,1,1785483692
2026-07-31T08:00:21Z,365,18,6,2,3,0,1,1,1,1785483765
2026-07-31T08:00:21Z,366,13,6,3,7,0,1,1,1,1785484749
2026-07-31T08:00:21Z,367,16,9,1,2,0,1,1,1,1785478153
2026-07-31T08:00:21Z,368,20,3,1,2,0,1,1,1,1785482737
2026-07-31T08:00:21Z,370,16,9,11,0,0,1,1,1,1785479785
2026-07-31T08:00:21Z,371,4,2,14,1,0,1,1,1,1785484735
2026-07-31T08:00:21Z,372,8,2,7,0,0,1,1,1,1785482153
2026-07-31T08:00:21Z,373,22,7,5,0,0,1,1,1,1785482547
2026-07-31T08:00:21Z,374,17,7,0,2,0,1,1,1,1785484680
2026-07-31T08:00:21Z,375,22,5,3,2,0,1,1,1,1785482460
2026-07-31T08:00:21Z,376,30,4,4,5,0,1,1,1,1785482242
2026-07-31T08:00:21Z,377,24,8,3,0,0,1,1,1,1785483409
2026-07-31T08:00:21Z,378,22,5,0,1,1,1,1,1,1785484594
2026-07-31T08:00:21Z,379,15,0,12,0,0,1,1,1,1785482863
2026-07-31T08:00:21Z,380,22,7,0,1,0,1,1,1,1785476861
2026-07-31T08:00:21Z,381,14,0,9,0,0,1,1,1,1785482950
2026-07-31T08:00:21Z,383,12,0,1,2,0,1,1,1,1785480220
2026-07-31T08:00:21Z,384,26,1,0,1,0,1,1,1,1785479554
2026-07-31T08:00:21Z,385,16,4,1,1,0,1,1,1,1785480137
2026-07-31T08:00:21Z,387,21,2,2,0,0,1,1,1,1785484597
2026-07-31T08:00:21Z,388,16,3,33,0,0,1,1,1,1785481664
2026-07-31T08:00:21Z,389,10,8,5,0,0,1,1,1,1785482275
2026-07-31T08:00:21Z,390,19,0,16,0,0,1,1,1,1785484749
2026-07-31T08:00:21Z,391,4,0,10,1,0,1,1,1,1785475375
2026-07-31T08:00:21Z,392,3,3,15,1,0,1,1,1,1785484544
2026-07-31T08:00:21Z,393,3,3,5,3,0,1,1,1,1785480120
2026-07-31T08:00:21Z,394,9,6,2,2,0,1,1,1,1785481308
2026-07-31T08:00:21Z,396,7,7,32,3,0,1,1,1,1785483097
2026-07-31T08:00:21Z,397,4,4,27,0,0,1,1,1,1785479502
2026-07-31T08:00:21Z,399,13,2,2,2,0,1,1,1,1785483706
2026-07-31T08:00:21Z,400,11,6,9,3,0,1,1,1,1785483812
2026-07-31T08:00:21Z,401,10,0,21,8,0,1,1,1,1785475540
2026-07-31T08:00:21Z,403,4,0,25,2,0,1,1,1,1785484661
2026-07-31T08:00:21Z,404,2,1,20,1,0,1,1,1,1785484688
2026-07-31T08:00:21Z,406,2,0,32,1,0,1,1,1,1785476032
2026-07-31T08:00:21Z,407,16,3,17,1,0,1,1,1,1785479176
2026-07-31T08:00:21Z,408,12,2,20,1,0,1,1,1,1785480622
2026-07-31T08:00:21Z,409,0,0,20,3,0,1,1,1,1785474552
2026-07-31T08:00:21Z,413,20,4,1,2,0,1,1,1,1785484683
2026-07-31T08:00:21Z,414,13,4,1,1,0,1,1,1,1785484204
2026-07-31T08:00:21Z,417,11,7,8,0,0,1,1,1,1785478784
2026-07-31T08:00:21Z,418,1,0,13,1,0,1,1,1,1785476979
2026-07-31T08:00:21Z,419,10,0,12,1,0,1,1,1,1785476705
2026-07-31T08:00:21Z,421,1,0,18,0,0,1,1,1,1785475529
2026-07-31T08:00:21Z,422,3,3,24,0,0,1,1,1,1785484728
2026-07-31T08:00:21Z,423,6,1,17,0,0,1,1,1,1785477801
2026-07-31T08:00:21Z,424,0,0,12,3,0,1,1,1,1785484510
2026-07-31T08:00:21Z,425,20,0,1,0,1,1,1,1,1785482287
2026-07-31T08:00:21Z,426,0,0,35,2,0,1,1,1,1785483994
2026-07-31T08:00:21Z,427,14,1,0,1,0,1,1,1,1785484611
2026-07-31T08:00:21Z,428,13,1,5,1,0,1,1,1,1785482000
2026-07-31T08:00:21Z,429,4,0,17,2,0,1,1,1,1785484699
2026-07-31T08:00:21Z,430,28,0,0,3,0,1,1,1,1785484440
2026-07-31T08:00:21Z,431,14,0,18,1,0,1,1,1,1785477264
2026-07-31T08:00:21Z,432,19,0,10,2,0,1,1,1,1785484695
2026-07-31T08:00:21Z,433,19,6,3,1,0,1,1,1,1785477238
2026-07-31T08:00:21Z,437,4,0,14,1,0,1,1,1,1785484627
2026-07-31T08:00:21Z,438,17,0,1,1,0,1,1,1,1785484516
2026-07-31T08:00:21Z,439,5,0,10,0,0,1,1,1,1785472574
2026-07-31T08:00:21Z,440,12,0,1,2,0,1,1,1,1785478593
2026-07-31T08:00:21Z,441,10,2,4,1,0,1,1,1,1785482848
2026-07-31T08:00:21Z,442,17,9,1,1,0,1,1,1,1785481675
2026-07-31T08:00:21Z,443,4,2,23,0,0,1,1,1,1785472492
2026-07-31T08:00:21Z,444,2,2,21,0,0,1,1,1,1785476160
2026-07-31T08:00:21Z,445,7,2,15,1,0,1,1,1,1785484743
2026-07-31T08:00:21Z,446,1,1,21,1,0,1,1,1,1785470328
2026-07-31T08:00:21Z,447,3,0,18,1,1,1,1,1,1785467157
2026-07-31T08:00:21Z,448,9,4,5,1,0,1,1,1,1785484738
2026-07-31T08:00:21Z,452,7,6,11,1,0,1,1,1,1785483617
2026-07-31T08:00:21Z,453,9,5,5,1,0,1,1,1,1785484319
2026-07-31T08:00:21Z,454,9,0,10,0,0,1,1,1,1785484271
2026-07-31T08:00:21Z,455,0,0,39,0,0,1,1,1,1785483866
2026-07-31T08:00:21Z,456,9,0,10,1,0,1,1,1,1785484675
2026-07-31T08:00:21Z,457,25,2,0,2,0,1,1,1,1785481257
2026-07-31T08:00:21Z,458,16,6,7,0,0,1,1,1,1785484716
2026-07-31T08:00:21Z,459,15,0,0,0,0,1,1,1,1785481242
2026-07-31T08:00:21Z,460,21,2,1,1,0,1,1,1,1785476745
2026-07-31T08:00:21Z,461,6,1,13,0,0,1,1,1,1785484451
2026-07-31T08:00:21Z,462,7,0,14,0,0,1,1,1,1785483226
2026-07-31T08:00:21Z,463,13,1,6,0,0,1,1,1,1785475514
2026-07-31T08:00:21Z,464,3,1,11,0,0,1,1,1,1785480808
2026-07-31T08:00:21Z,465,0,0,14,1,0,1,1,1,1785484799
2026-07-31T08:00:21Z,466,11,3,2,2,0,1,1,1,1785470197
2026-07-31T08:00:21Z,467,5,1,13,1,0,1,1,1,1785471818
2026-07-31T08:00:21Z,468,17,1,1,1,0,1,1,1,1785473309
2026-07-31T08:00:21Z,469,2,1,21,0,0,1,1,1,1785473803
2026-07-31T08:00:21Z,470,13,1,0,2,0,1,1,1,1785480402
2026-07-31T08:00:21Z,471,20,2,7,0,0,1,1,1,1785475642
2026-07-31T08:00:21Z,472,18,6,0,1,0,1,1,1,1785484799
2026-07-31T08:00:21Z,473,19,5,0,0,0,1,1,1,1785474055
2026-07-31T08:00:21Z,474,18,0,1,0,0,1,1,1,1785482659
2026-07-31T08:00:21Z,475,3,0,15,1,0,1,1,1,1785483842
2026-07-31T08:00:21Z,477,12,8,2,1,0,1,1,1,1785479943
2026-07-31T08:00:21Z,478,6,0,24,1,0,1,1,1,1785483785
2026-07-31T08:00:21Z,479,1,0,25,1,0,1,1,1,1785481762
2026-07-31T08:00:21Z,480,2,0,10,3,0,1,1,1,1785482640
2026-07-31T08:00:21Z,481,26,1,8,1,0,1,1,1,1785484559
2026-07-31T08:00:21Z,482,18,6,1,0,0,1,1,1,1785484337
2026-07-31T08:00:21Z,483,1,0,24,2,0,1,1,1,1785484777
2026-07-31T08:00:21Z,484,8,2,10,1,0,1,1,1,1785484681
2026-07-31T08:00:21Z,485,16,6,1,1,1,1,1,1,1785484532
2026-07-31T08:00:21Z,486,25,6,0,2,0,1,1,1,1785484505
2026-07-31T08:00:21Z,487,6,4,12,1,0,1,1,1,1785481399
2026-07-31T08:00:21Z,489,14,6,1,0,0,1,1,1,1785484134
2026-07-31T08:00:21Z,490,1,1,15,0,0,1,1,1,1785474401
2026-07-31T08:00:21Z,491,4,1,17,0,0,1,1,1,1785483175
2026-07-31T08:00:21Z,492,5,3,2,4,0,1,1,1,1785484808
2026-07-31T08:00:21Z,493,0,0,26,1,0,1,1,1,1785478572
2026-07-31T08:00:21Z,495,12,1,2,1,0,1,1,1,1785472753
2026-07-31T08:00:21Z,496,27,1,0,0,0,1,1,1,1785476805
2026-07-31T08:00:21Z,497,17,0,1,1,0,1,1,1,1785473754
2026-07-31T08:00:21Z,498,21,3,1,1,0,1,1,1,1785484089
2026-07-31T08:00:21Z,499,18,2,1,0,0,1,1,1,1785482441
2026-07-31T08:00:21Z,500,10,5,0,5,0,1,1,1,1785474639
2026-07-31T08:00:21Z,501,9,3,12,0,0,1,1,1,1785472226
2026-07-31T08:00:21Z,502,6,0,13,0,0,1,1,1,1785473972
2026-07-31T08:00:21Z,503,26,0,4,1,0,1,1,1,1785482589
2026-07-31T08:00:21Z,504,0,0,39,0,0,1,1,1,1785475893
2026-07-31T08:00:21Z,505,11,2,0,1,0,1,1,1,1785475102
2026-07-31T08:00:21Z,511,1,1,22,0,0,1,1,1,1785477213
2026-07-31T08:00:21Z,512,7,0,20,0,0,1,1,1,1785480589
2026-07-31T08:00:21Z,514,10,0,0,1,0,1,1,1,1785473367
2026-07-31T08:00:21Z,515,2,0,17,0,0,1,1,1,1785475097
2026-07-31T08:00:21Z,516,0,0,27,0,0,1,1,1,1785484039
2026-07-31T08:00:21Z,517,14,3,8,1,0,1,1,1,1785477619
2026-07-31T08:00:21Z,518,14,1,0,1,0,1,1,1,1785481277
2026-07-31T08:00:21Z,519,4,0,13,2,0,1,1,1,1785483784
2026-07-31T08:00:21Z,520,10,6,11,5,1,1,1,1,1785484810
2026-07-31T08:00:21Z,521,17,5,6,0,0,1,1,1,1785479613
2026-07-31T08:00:21Z,522,0,0,22,1,0,1,1,1,1785483971
2026-07-31T08:00:21Z,523,6,3,16,1,0,1,1,1,1785481269
2026-07-31T08:00:21Z,524,0,0,23,0,0,1,1,1,1785482014
2026-07-31T08:00:21Z,525,9,0,10,0,0,1,1,1,1785484441
2026-07-31T08:00:21Z,526,12,1,1,2,0,1,1,1,1785484277
2026-07-31T08:00:21Z,527,6,4,17,3,0,1,1,1,1785484573
2026-07-31T08:00:21Z,528,21,2,1,1,0,1,1,1,1785474198
2026-07-31T08:00:21Z,529,5,2,8,6,0,1,1,1,1785484810
2026-07-31T08:00:21Z,530,16,1,3,2,0,1,1,1,1785482854
2026-07-31T08:00:21Z,531,21,1,0,1,1,1,1,1,1785477777
2026-07-31T08:00:21Z,532,3,3,26,1,1,1,1,1,1785481447
2026-07-31T08:00:21Z,533,7,0,10,2,0,1,1,1,1785481340
2026-07-31T08:00:21Z,534,14,1,9,0,0,1,1,1,1785482633
2026-07-31T08:00:21Z,535,2,0,13,0,0,1,1,1,1785478138
2026-07-31T08:00:21Z,536,2,0,21,0,0,1,1,1,1785484779
2026-07-31T08:00:21Z,537,0,0,20,0,0,1,1,1,1785482824
2026-07-31T08:00:21Z,538,21,8,0,0,2,1,1,1,1785484634
2026-07-31T08:00:21Z,539,4,4,27,0,0,1,1,1,1785470894
2026-07-31T08:00:21Z,540,2,1,17,0,0,1,1,1,1785476481
2026-07-31T08:00:21Z,541,26,2,0,1,0,1,1,1,1785480778
2026-07-31T08:00:21Z,542,2,2,21,0,0,1,1,1,1785467748
2026-07-31T08:00:21Z,543,17,2,1,1,0,1,1,1,1785477292
2026-07-31T08:00:21Z,544,14,1,4,4,0,1,1,1,1785474116
2026-07-31T08:00:21Z,545,0,0,17,2,0,1,1,1,1785483239
2026-07-31T08:00:21Z,546,14,6,5,0,0,1,1,1,1785482694
2026-07-31T08:00:21Z,547,18,0,7,0,0,1,1,1,1785484254
2026-07-31T08:00:21Z,548,13,0,10,0,0,1,1,1,1785483616
2026-07-31T08:00:21Z,549,20,0,3,0,0,1,1,1,1785484306
2026-07-31T08:00:21Z,550,17,2,2,0,0,1,1,1,1785484216
2026-07-31T08:00:21Z,551,16,4,7,0,0,1,1,1,1785472754
2026-07-31T08:00:21Z,552,27,3,0,0,0,1,1,1,1785474710
2026-07-31T08:00:21Z,553,22,5,0,0,1,1,1,1,1785484774
2026-07-31T08:00:21Z,554,1,1,18,0,0,1,1,1,1785481543
2026-07-31T08:00:21Z,555,14,6,0,1,0,1,1,1,1785473227
2026-07-31T08:00:21Z,556,21,4,0,2,0,1,1,1,1785484692
2026-07-31T08:00:21Z,557,6,4,12,5,0,1,1,1,1785481664
2026-07-31T08:00:21Z,558,27,4,10,0,0,1,1,1,1785482878
2026-07-31T08:00:21Z,559,0,0,18,1,0,1,1,1,1785471117
2026-07-31T08:00:21Z,560,8,0,19,0,0,1,1,1,1785481488
2026-07-31T08:00:21Z,561,13,1,9,1,0,1,1,1,1785475550
2026-07-31T08:00:21Z,562,3,0,29,3,0,1,1,1,1785474061
2026-07-31T08:00:21Z,563,11,1,3,0,0,1,1,1,1785482241
2026-07-31T08:00:21Z,564,12,0,6,1,0,1,1,1,1785482523
2026-07-31T08:00:21Z,565,6,2,13,0,0,1,1,1,1785482411
2026-07-31T08:00:21Z,566,16,0,2,1,0,1,1,1,1785484798
2026-07-31T08:00:21Z,567,24,0,2,1,0,1,1,1,1785477137
2026-07-31T08:00:21Z,568,13,0,5,1,0,1,1,1,1785483409
2026-07-31T08:00:21Z,569,17,3,2,0,0,1,1,1,1785480726
2026-07-31T08:00:21Z,570,12,1,7,0,0,1,1,1,1785484161
2026-07-31T08:00:21Z,571,0,0,22,1,0,1,1,1,1785484324
2026-07-31T08:00:21Z,572,17,5,2,0,0,1,1,1,1785475634
2026-07-31T08:00:21Z,573,13,0,2,0,0,1,1,1,1785484177
2026-07-31T08:00:21Z,574,10,3,5,0,0,1,1,1,1785478785
2026-07-31T08:00:21Z,575,5,1,15,1,0,1,1,1,1785482094
2026-07-31T08:00:21Z,576,3,0,14,2,0,1,1,1,1785484547
2026-07-31T08:00:21Z,577,13,0,18,0,0,1,1,1,1785484139
2026-07-31T08:00:21Z,578,14,9,8,1,0,1,1,1,1785484622
2026-07-31T08:00:21Z,579,4,0,39,0,0,1,1,1,1785482722
2026-07-31T08:00:21Z,580,4,0,25,0,0,1,1,1,1785479325
2026-07-31T08:00:21Z,581,19,3,0,0,0,1,1,1,1785478520
2026-07-31T08:00:21Z,582,22,0,38,1,0,1,1,1,1785484515
2026-07-31T08:00:21Z,583,23,1,0,0,0,1,1,1,1785480947
2026-07-31T08:00:21Z,584,9,4,6,4,0,1,1,1,1785475747
2026-07-31T08:00:21Z,585,16,3,10,0,1,1,1,1,1785482653
2026-07-31T08:00:21Z,586,14,0,21,0,0,1,1,1,1785482020
2026-07-31T08:00:21Z,587,20,0,3,1,0,1,1,1,1785482282
2026-07-31T08:00:21Z,588,12,4,4,3,0,1,1,1,1785484731
2026-07-31T08:00:21Z,589,0,0,0,23,0,1,1,1,1785484568
2026-07-31T08:00:21Z,590,19,4,11,1,0,1,1,1,1785479272
2026-07-31T08:00:21Z,591,28,1,0,2,0,1,1,1,1785470989
2026-07-31T08:00:21Z,592,12,0,11,0,0,1,1,1,1785483987
2026-07-31T08:00:21Z,593,0,0,38,0,0,1,1,1,1785476655
2026-07-31T08:00:21Z,594,7,0,11,3,0,1,1,1,1785484793
2026-07-31T08:00:21Z,595,0,0,3,0,0,0,1,1,1784046673
2026-07-31T08:00:21Z,605,0,0,2,1,0,0,1,1,1783975843
2026-07-31T08:00:21Z,606,0,0,0,0,0,0,1,1,86400
2026-07-31T08:00:21Z,607,9,0,22,1,0,1,1,1,1785483920
2026-07-31T08:00:21Z,608,0,0,50,0,0,1,1,1,1785482473
2026-07-31T08:00:21Z,609,1,0,22,0,0,1,1,1,1785483893
2026-07-31T08:00:21Z,610,0,0,35,0,0,1,1,1,1785463583
2026-07-31T08:00:21Z,611,12,0,14,1,0,1,1,1,1785483600
2026-07-31T08:00:21Z,612,6,1,9,0,0,1,1,1,1785472015
2026-07-31T08:00:21Z,613,9,0,3,3,0,1,1,1,1785472894
2026-07-31T08:00:21Z,614,0,0,24,2,1,1,1,1,1785474126
2026-07-31T08:00:21Z,617,12,0,1,2,0,1,1,1,1785482239
2026-07-31T08:00:21Z,618,13,2,1,5,0,1,1,1,1785473502
2026-07-31T08:00:21Z,619,7,2,12,0,0,1,1,1,1785483534
2026-07-31T08:00:21Z,620,0,0,25,2,0,1,1,1,1785478133
2026-07-31T08:00:21Z,621,14,4,9,0,0,1,1,1,1785480136
2026-07-31T08:00:21Z,622,5,2,17,1,0,1,1,1,1785480182
2026-07-31T08:00:21Z,623,9,2,20,1,0,1,1,1,1785475996
2026-07-31T08:00:21Z,624,2,0,13,0,0,1,1,1,1785470898
2026-07-31T08:00:21Z,625,5,0,14,2,0,1,1,1,1785484305
2026-07-31T08:00:21Z,626,0,0,45,0,2,1,1,1,1785469585
2026-07-31T08:00:21Z,627,14,7,5,0,0,1,1,1,1785473336
2026-07-31T08:00:21Z,628,0,0,15,2,2,1,1,1,1785484660
2026-07-31T08:00:21Z,629,4,1,6,1,0,1,1,1,1785484717
2026-07-31T08:00:21Z,630,3,2,21,3,0,1,1,1,1785484525
2026-07-31T08:00:21Z,631,2,1,21,0,0,1,1,1,1785471593
2026-07-31T08:00:21Z,632,22,2,0,1,0,1,1,1,1785458363
2026-07-31T08:00:21Z,633,11,1,0,4,0,1,1,1,1785484524
2026-07-31T08:00:21Z,634,11,2,8,0,0,1,1,1,1785478804
2026-07-31T08:00:21Z,635,16,1,3,0,0,1,1,1,1785475442
2026-07-31T08:00:21Z,636,9,2,6,0,0,1,1,1,1785474569
2026-07-31T08:00:21Z,637,8,0,11,0,0,1,1,1,1785483457
2026-07-31T08:00:21Z,638,9,2,7,3,0,1,1,1,1785473314
2026-07-31T08:00:21Z,639,5,1,11,3,0,1,1,1,1785479066
2026-07-31T08:00:21Z,640,1,1,21,1,0,1,1,1,1785484529
2026-07-31T08:00:21Z,641,21,0,3,2,0,1,1,1,1785483804
2026-07-31T08:00:21Z,642,3,2,8,8,0,1,1,1,1785484808
2026-07-31T08:00:21Z,643,1,0,18,8,0,1,1,1,1785484809
2026-07-31T08:00:21Z,644,12,0,2,1,0,1,1,1,1785475510
2026-07-31T08:00:21Z,645,11,0,10,1,1,1,1,1,1785480904
2026-07-31T08:00:21Z,646,7,2,12,0,0,1,1,1,1785484722
2026-07-31T08:00:21Z,647,31,1,0,0,0,1,1,1,1785469507
2026-07-31T08:00:21Z,648,6,0,12,1,0,1,1,1,1785483627
2026-07-31T08:00:21Z,649,19,2,11,1,0,1,1,1,1785484522
2026-07-31T08:00:21Z,650,5,1,9,0,0,1,1,1,1785461548
2026-07-31T08:00:21Z,651,11,9,12,0,0,1,1,1,1785482207
2026-07-31T08:00:21Z,652,4,2,17,2,0,1,1,1,1785484516
2026-07-31T08:00:21Z,653,8,1,9,2,0,1,1,1,1785481487
2026-07-31T08:00:21Z,654,2,2,13,0,0,1,1,1,1785480995
2026-07-31T08:00:21Z,655,6,3,2,4,1,1,1,1,1785484713
2026-07-31T08:00:21Z,656,18,6,1,0,0,1,1,1,1785482316
2026-07-31T08:00:21Z,657,9,1,3,2,3,1,1,1,1785484756
2026-07-31T08:00:21Z,658,9,1,1,0,0,1,1,1,1785473427
2026-07-31T08:00:21Z,659,8,3,5,2,0,1,1,1,1785482005
2026-07-31T08:00:21Z,660,13,0,14,4,0,1,1,1,1785484548
2026-07-31T08:00:21Z,661,1,1,18,0,0,1,1,1,1785474064
2026-07-31T08:00:21Z,662,7,5,14,2,0,1,1,1,1785480458
2026-07-31T08:00:21Z,663,14,6,0,1,0,1,1,1,1785472341
2026-07-31T08:00:21Z,664,0,0,27,0,0,1,1,1,1785472715
2026-07-31T08:00:21Z,665,12,3,3,0,0,1,1,1,1785479255
2026-07-31T08:00:21Z,666,7,2,6,2,0,1,1,1,1785473808
2026-07-31T08:00:21Z,667,0,0,19,0,0,1,1,1,1785482992
2026-07-31T08:00:21Z,668,10,1,8,1,0,1,1,1,1785484022
2026-07-31T08:00:21Z,669,14,5,0,0,0,1,1,1,1785473569
2026-07-31T08:00:21Z,670,11,2,16,0,0,1,1,1,1785482280
2026-07-31T08:00:21Z,671,26,5,0,1,0,1,1,1,1785475719
2026-07-31T08:00:21Z,672,13,2,6,3,1,1,1,1,1785476904
2026-07-31T08:00:21Z,673,12,1,9,2,0,1,1,1,1785484716
2026-07-31T08:00:21Z,674,3,2,17,3,0,1,1,1,1785484541
2026-07-31T08:00:21Z,675,12,6,1,2,0,1,1,1,1785484644
2026-07-31T08:00:21Z,676,4,1,17,1,0,1,1,1,1785479831
2026-07-31T08:00:21Z,681,12,3,1,2,0,1,1,1,1785484717
2026-07-31T08:00:21Z,682,4,1,14,1,0,1,1,1,1785387864
2026-07-31T08:00:21Z,683,4,1,15,0,0,1,1,1,1785484694
2026-07-31T08:00:21Z,684,4,0,23,0,0,1,1,1,1785473502
2026-07-31T08:00:21Z,685,10,0,15,1,1,1,1,1,1785476486
2026-07-31T08:00:21Z,686,12,0,13,1,1,1,1,1,1785484629
2026-07-31T08:00:21Z,687,11,0,18,1,1,1,1,1,1785484515
2026-07-31T08:00:21Z,688,9,0,3,7,0,1,1,1,1785484578
2026-07-31T08:00:21Z,692,1,0,20,0,0,1,1,1,1785483973
2026-07-31T08:00:21Z,693,5,0,3,3,0,1,1,1,1785483558
2026-07-31T08:00:21Z,694,9,5,12,0,0,1,1,1,1785483293
2026-07-31T08:00:21Z,695,17,11,6,0,0,1,1,1,1785483421
2026-07-31T08:00:21Z,696,19,14,3,1,0,1,1,1,1785483339
2026-07-31T08:00:21Z,697,19,1,4,0,0,1,1,1,1785484766
2026-07-31T08:00:21Z,698,27,0,0,0,0,1,1,1,1785484293
2026-07-31T08:00:21Z,699,7,0,7,1,0,1,1,1,1785483845
2026-07-31T08:00:21Z,700,19,4,0,0,0,1,1,1,1785483962
2026-07-31T08:00:21Z,701,17,6,2,0,0,1,1,1,1785483395
2026-07-31T08:00:21Z,702,19,0,3,1,0,1,1,1,1785484708
2026-07-31T08:00:21Z,704,9,2,6,0,0,1,1,1,1785484619
2026-07-31T08:00:21Z,705,5,3,9,1,0,1,1,1,1785484084
2026-07-31T08:00:21Z,706,8,2,4,3,0,1,1,1,1785483362
2026-07-31T08:00:21Z,707,10,2,5,0,0,1,1,1,1785484015
2026-07-31T08:00:21Z,708,19,3,0,0,0,1,1,1,1785484209
2026-07-31T08:00:21Z,709,11,1,1,3,0,1,1,1,1785484022
2026-07-31T08:00:21Z,710,16,3,2,1,0,1,1,1,1785483439
2026-07-31T08:00:21Z,711,19,4,0,4,0,1,1,1,1785483500
2026-07-31T08:00:21Z,712,15,10,0,0,0,1,1,1,1785483953
2026-07-31T08:00:21Z,713,6,0,17,0,0,1,1,1,1785484470
2026-07-31T08:00:21Z,716,3,1,12,0,0,1,1,1,1785483727
2026-07-31T08:00:21Z,717,2,1,20,3,0,1,1,1,1785483795
2026-07-31T08:00:21Z,718,2,1,12,1,0,1,1,1,1785483618
2026-07-31T08:00:21Z,719,7,1,22,0,0,1,1,1,1785484770
2026-07-31T08:00:21Z,720,2,1,17,0,0,1,1,1,1785484021
2026-07-31T08:00:21Z,721,0,0,21,2,0,1,1,1,1785484809
2026-07-31T08:00:21Z,722,5,0,10,0,0,1,1,1,1785483773
2026-07-31T08:00:21Z,723,12,1,11,0,0,1,1,1,1785483792
2026-07-31T08:00:21Z,724,21,4,2,0,0,1,1,1,1785483139
2026-07-31T08:00:21Z,725,22,6,0,1,0,1,1,1,1785484523
2026-07-31T08:00:21Z,726,19,3,0,0,0,1,1,1,1785484735
2026-07-31T08:00:21Z,727,9,4,12,2,0,1,1,1,1785484755
2026-07-31T08:00:21Z,728,10,1,5,0,0,1,1,1,1785484325
2026-07-31T08:00:21Z,729,6,0,13,0,0,1,1,1,1785483381
2026-07-31T08:00:21Z,730,3,2,10,2,0,1,1,1,1785483102
2026-07-31T08:00:21Z,731,10,3,4,1,0,1,1,1,1785484027
2026-07-31T08:00:21Z,732,9,5,6,0,0,1,1,1,1785483254
2026-07-31T08:00:21Z,733,4,0,23,0,0,1,1,1,1785484031
2026-07-31T08:00:21Z,734,0,0,14,0,0,1,1,1,1785483225
2026-07-31T08:00:21Z,735,4,3,23,0,0,1,1,1,1785483897
2026-07-31T08:00:21Z,736,7,1,12,0,0,1,1,1,1785484457
2026-07-31T08:00:21Z,737,4,3,10,0,1,1,1,1,1785484437
2026-07-31T08:00:21Z,738,16,5,1,2,0,1,1,1,1785484396
2026-07-31T08:00:21Z,739,19,2,7,1,0,1,1,1,1785484045
2026-07-31T08:00:21Z,741,7,1,16,0,0,1,1,1,1785484347
2026-07-31T08:00:21Z,742,10,5,23,2,0,1,1,1,1785484440
2026-07-31T08:00:21Z,743,8,3,9,2,0,1,1,1,1785484214
2026-07-31T08:00:21Z,744,11,4,3,1,0,1,1,1,1785484727
2026-07-31T08:00:21Z,745,14,4,4,1,0,1,1,1,1785484729
2026-07-31T08:00:21Z,746,13,3,8,2,0,1,1,1,1785484671
2026-07-31T08:00:21Z,747,0,0,4,0,0,0,1,1,1783446606
2026-07-31T08:00:21Z,748,10,1,13,0,0,1,1,1,1785483690
2026-07-31T08:00:21Z,749,7,5,15,1,0,1,1,1,1785483704
2026-07-31T08:00:21Z,750,4,2,7,0,0,1,1,1,1785484164
2026-07-31T08:00:21Z,751,9,0,14,0,0,1,1,1,1785484202
2026-07-31T08:00:21Z,752,13,1,3,1,0,1,1,1,1785482301
2026-07-31T08:00:21Z,753,4,0,11,0,0,1,1,1,1785483460
2026-07-31T08:00:21Z,754,2,2,12,1,0,1,1,1,1785483474
2026-07-31T08:00:21Z,755,12,3,10,1,0,1,1,1,1785483756
2026-07-31T08:00:21Z,756,2,0,35,0,0,1,1,1,1785484655
2026-07-31T08:00:21Z,757,18,9,1,0,0,1,1,1,1785483693
2026-07-31T08:00:21Z,758,23,3,0,0,0,1,1,1,1785483297
2026-07-31T08:00:21Z,759,5,3,10,0,0,1,1,1,1785483033
2026-07-31T08:00:21Z,760,8,3,11,0,0,1,1,1,1785472022
2026-07-31T08:00:21Z,761,17,0,6,0,0,1,1,1,1785484809
2026-07-31T08:00:21Z,762,7,4,4,4,0,1,1,1,1785483974
2026-07-31T08:00:21Z,768,9,0,8,2,0,1,1,1,1785483143
2026-07-31T08:00:21Z,769,16,12,3,0,0,1,1,1,1785484577
2026-07-31T08:00:21Z,770,11,3,6,2,0,1,1,1,1785484513
2026-07-31T08:00:21Z,771,13,3,1,1,0,1,1,1,1785483942
2026-07-31T08:00:21Z,772,7,3,8,0,0,1,1,1,1785484577
2026-07-31T08:00:21Z,773,15,4,4,0,0,1,1,1,1785484395
2026-07-31T08:00:21Z,774,9,5,3,3,0,1,1,1,1785484353
2026-07-31T08:00:21Z,775,6,0,11,1,1,1,1,1,1785468483
2026-07-31T08:00:21Z,776,3,1,17,1,0,1,1,1,1785484727
2026-07-31T08:00:21Z,777,10,0,2,3,0,1,1,1,1785484465
2026-07-31T08:00:21Z,778,13,0,3,3,0,1,1,1,1785484484
2026-07-31T08:00:21Z,779,8,1,10,1,0,1,1,1,1785483437
2026-07-31T08:00:21Z,780,17,4,1,1,0,1,1,1,1785483121
2026-07-31T08:00:21Z,781,6,2,3,2,0,1,1,1,1785483464
2026-07-31T08:00:21Z,782,5,3,10,4,0,1,1,1,1785484232
2026-07-31T08:00:21Z,783,7,1,12,0,0,1,1,1,1785483511
2026-07-31T08:00:21Z,784,15,2,4,0,0,1,1,1,1785483119
2026-07-31T08:00:21Z,785,12,2,2,5,0,1,1,1,1785483677
2026-07-31T08:00:21Z,786,11,5,8,0,0,1,1,1,1785483320
2026-07-31T08:00:21Z,787,11,5,2,2,0,1,1,1,1785484783
2026-07-31T08:00:21Z,788,3,0,12,0,0,1,1,1,1785484003
2026-07-31T08:00:21Z,789,9,2,2,4,0,1,1,1,1785484238
2026-07-31T08:00:21Z,790,0,0,23,0,0,1,1,1,1785484624
2026-07-31T08:00:21Z,791,7,2,11,0,1,1,1,1,1785484122
2026-07-31T08:00:21Z,793,4,0,10,1,0,1,1,1,1785484383
2026-07-31T08:00:21Z,794,9,2,18,2,0,1,1,1,1785484145
2026-07-31T08:00:21Z,796,0,0,17,2,0,1,1,1,1785484166
2026-07-31T08:00:21Z,797,0,0,15,0,0,1,1,1,1785474441
2026-07-31T08:00:21Z,798,6,0,18,1,0,1,1,1,1785483988
2026-07-31T08:00:21Z,799,14,1,1,4,0,1,1,1,1785484136
2026-07-31T08:00:21Z,800,1,0,19,1,0,1,1,1,1785483733
2026-07-31T08:00:21Z,801,4,2,16,1,0,1,1,1,1785484187
2026-07-31T08:00:21Z,802,8,0,23,0,0,1,1,1,1785484278
2026-07-31T08:00:21Z,803,1,1,14,0,0,1,1,1,1785483972
2026-07-31T08:00:21Z,806,9,4,6,0,0,1,1,1,1785484167
2026-07-31T08:00:21Z,807,15,1,7,3,0,1,1,1,1785484562
2026-07-31T08:00:21Z,808,0,0,23,2,0,1,1,1,1785472976
2026-07-31T08:00:21Z,809,5,1,17,1,0,1,1,1,1785484132
2026-07-31T08:00:21Z,810,2,0,13,4,0,1,1,1,1785484607
2026-07-31T08:00:21Z,815,4,1,6,4,1,1,1,1,1785484250
2026-07-31T08:00:21Z,817,10,5,5,0,0,1,1,1,1785483483
2026-07-31T08:00:21Z,818,6,0,16,1,0,1,1,1,1785484693
2026-07-31T08:00:21Z,819,6,4,9,0,0,1,1,1,1785460987
2026-07-31T08:00:21Z,820,8,2,9,0,0,1,1,1,1785483409
2026-07-31T08:00:21Z,821,2,1,13,0,0,1,1,1,1785484340
2026-07-31T08:00:21Z,822,1,0,20,2,0,1,1,1,1785484644
2026-07-31T08:00:21Z,823,0,0,14,1,0,1,1,1,1785483801
2026-07-31T08:00:21Z,824,10,3,8,1,0,1,1,1,1785483267
2026-07-31T08:00:21Z,825,8,5,7,0,0,1,1,1,1785462716
2026-07-31T08:00:21Z,826,10,2,8,1,0,1,1,1,1785483264
2026-07-31T08:00:21Z,827,16,5,4,1,0,1,1,1,1785484574
2026-07-31T08:00:21Z,828,8,0,9,1,0,1,1,1,1785484456
2026-07-31T08:00:21Z,829,16,7,11,0,0,1,1,1,1785483494
2026-07-31T08:00:21Z,830,11,2,11,1,0,1,1,1,1785484563
2026-07-31T08:00:21Z,831,7,2,7,1,0,1,1,1,1785483959
2026-07-31T08:00:21Z,832,10,3,5,3,0,1,1,1,1785483850
2026-07-31T08:00:21Z,833,1,0,17,1,0,1,1,1,1785483610
2026-07-31T08:00:21Z,834,1,0,22,1,0,1,1,1,1785483106
2026-07-31T08:00:21Z,835,16,6,0,2,0,1,1,1,1785483336
2026-07-31T08:00:21Z,837,5,1,0,10,0,1,1,1,1785483834
2026-07-31T08:00:21Z,838,13,3,2,0,0,1,1,1,1785484511
2026-07-31T08:00:21Z,839,18,0,11,0,0,1,1,1,1785481858
2026-07-31T08:00:21Z,840,10,4,17,2,0,1,1,1,1785484426
2026-07-31T08:00:21Z,841,7,1,8,0,0,1,1,1,1785483778
2026-07-31T08:00:21Z,842,7,2,16,0,0,1,1,1,1785483552
2026-07-31T08:00:21Z,843,8,0,22,1,0,1,1,1,1785483769
2026-07-31T08:00:21Z,844,6,0,17,0,0,1,1,1,1785483743
2026-07-31T08:00:21Z,845,5,3,12,2,0,1,1,1,1785483941
2026-07-31T08:00:21Z,846,4,0,13,2,0,1,1,1,1785483076
2026-07-31T08:00:21Z,847,7,1,20,0,0,1,1,1,1785484661
2026-07-31T08:00:21Z,848,9,2,9,1,0,1,1,1,1785484782
2026-07-31T08:00:21Z,849,7,2,8,0,0,1,1,1,1785484742
2026-07-31T08:00:21Z,850,9,0,1,1,0,1,1,1,1785483165
2026-07-31T08:00:21Z,851,3,3,32,2,0,1,1,1,1785484801
2026-07-31T08:00:21Z,852,12,6,7,0,0,1,1,1,1785483659
2026-07-31T08:00:21Z,853,10,5,13,0,0,1,1,1,1785484524
2026-07-31T08:00:21Z,854,4,2,11,0,0,1,1,1,1785484606
2026-07-31T08:00:21Z,855,24,0,3,0,0,1,1,1,1785476759
2026-07-31T08:00:21Z,857,1,1,18,0,0,1,1,1,1785483858
2026-07-31T08:00:21Z,858,4,1,14,1,0,1,1,1,1785484308
2026-07-31T08:00:21Z,859,3,0,17,1,0,1,1,1,1785484537
2026-07-31T08:00:21Z,861,8,1,2,1,0,1,1,1,1785455675
2026-07-31T08:00:21Z,862,2,1,13,0,0,1,1,1,1785483803
2026-07-31T08:00:21Z,863,13,0,5,1,0,1,1,1,1785472897
2026-07-31T08:00:21Z,866,7,3,12,0,0,1,1,1,1785484431
2026-07-31T08:00:21Z,867,12,0,3,0,0,1,1,1,1785483420
2026-07-31T08:00:21Z,868,13,2,2,0,0,1,1,1,1785483621
2026-07-31T08:00:21Z,870,7,4,6,2,0,1,1,1,1785483837
2026-07-31T08:00:21Z,871,0,0,10,1,0,1,1,1,1785483225
2026-07-31T08:00:21Z,872,0,0,14,1,0,1,1,1,1785483756
2026-07-31T08:00:21Z,873,0,0,32,1,0,1,1,1,1785483710
2026-07-31T08:00:21Z,874,5,2,7,3,0,1,1,1,1785483920
2026-07-31T08:00:21Z,875,15,11,0,0,0,1,1,1,1785484808
2026-07-31T08:00:21Z,877,11,10,6,2,0,1,1,1,1785483352
2026-07-31T08:00:21Z,878,3,2,15,1,0,1,1,1,1785483932
2026-07-31T08:00:21Z,879,1,0,18,0,0,1,1,1,1785484794
2026-07-31T08:00:21Z,880,3,0,19,1,0,1,1,1,1785484805
2026-07-31T08:00:21Z,881,2,0,17,0,0,1,1,1,1785483786
2026-07-31T08:00:21Z,882,11,0,6,2,0,1,1,1,1785457778
2026-07-31T08:00:21Z,883,10,6,9,0,0,1,1,1,1785484063
2026-07-31T08:00:21Z,884,11,7,10,0,0,1,1,1,1785483337
2026-07-31T08:00:21Z,885,1,0,18,0,0,1,1,1,1785483640
2026-07-31T08:00:21Z,886,17,1,11,1,0,1,1,1,1785484412
2026-07-31T08:00:21Z,887,2,1,12,3,0,1,1,1,1785484364
2026-07-31T08:00:21Z,888,11,0,28,2,0,1,1,1,1785484715
2026-07-31T08:00:21Z,889,17,1,0,2,0,1,1,1,1785483951
2026-07-31T08:00:21Z,890,7,4,8,0,0,1,1,1,1785472287
2026-07-31T08:00:21Z,891,16,0,6,1,0,1,1,1,1785483123
2026-07-31T08:00:21Z,892,13,1,2,0,0,1,1,1,1785469848
2026-07-31T08:00:21Z,895,0,0,18,1,0,1,1,1,1785465808
2026-07-31T08:00:21Z,896,6,0,29,0,0,1,1,1,1785483234
2026-07-31T08:00:21Z,897,11,1,10,0,0,1,1,1,1785483822
2026-07-31T08:00:21Z,898,2,0,17,0,0,1,1,1,1785483559
2026-07-31T08:00:21Z,899,1,0,17,1,0,1,1,1,1785484689
2026-07-31T08:00:21Z,900,17,0,8,2,0,1,1,1,1785484772
2026-07-31T08:00:21Z,901,12,0,6,1,0,1,1,1,1785484671
2026-07-31T08:00:21Z,902,9,0,5,1,0,1,1,1,1785483504
2026-07-31T08:00:21Z,903,15,2,4,0,0,1,1,1,1785484741
2026-07-31T08:00:21Z,904,10,4,8,1,0,1,1,1,1785483946
2026-07-31T08:00:21Z,905,4,0,23,0,0,1,1,1,1785484710
2026-07-31T08:00:21Z,906,6,4,21,0,0,1,1,1,1785484782
2026-07-31T08:00:21Z,907,5,1,26,0,0,1,1,1,1785484122
2026-07-31T08:00:21Z,908,11,0,12,0,0,1,1,1,1785483927
2026-07-31T08:00:21Z,909,14,4,8,1,0,1,1,1,1785483852
2026-07-31T08:00:21Z,910,20,0,11,0,0,1,1,1,1785484535
2026-07-31T08:00:21Z,911,3,0,16,0,0,1,1,1,1785483493
2026-07-31T08:00:21Z,912,8,4,13,2,0,1,1,1,1785484400
2026-07-31T08:00:21Z,913,3,1,16,0,0,1,1,1,1785484472
2026-07-31T08:00:21Z,914,7,1,12,0,0,1,1,1,1785484295
2026-07-31T08:00:21Z,915,10,0,12,1,0,1,1,1,1785484588
2026-07-31T08:00:21Z,916,23,8,0,0,0,1,1,1,1785484081
2026-07-31T08:00:21Z,917,3,1,30,2,0,1,1,1,1785484650
2026-07-31T08:00:21Z,918,13,5,4,2,0,1,1,1,1785483859
2026-07-31T08:00:21Z,919,15,3,23,1,0,1,1,1,1785484718
2026-07-31T08:00:21Z,920,4,2,15,0,0,1,1,1,1785484291
2026-07-31T08:00:21Z,921,12,0,9,0,0,1,1,1,1785483621
2026-07-31T08:00:21Z,922,4,1,17,0,0,1,1,1,1785484416
2026-07-31T08:00:21Z,923,12,2,7,0,0,1,1,1,1785484767
2026-07-31T08:00:21Z,924,8,2,13,0,0,1,1,1,1785484635
2026-07-31T08:00:21Z,925,13,0,8,0,0,1,1,1,1785484092
2026-07-31T08:00:21Z,926,0,0,21,0,0,1,1,1,1785484241
2026-07-31T08:00:21Z,927,0,0,35,0,0,1,1,1,1785484623
2026-07-31T08:00:21Z,928,5,3,14,0,0,1,1,1,1785464301
2026-07-31T08:00:21Z,929,0,0,23,0,0,1,1,1,1785483249
2026-07-31T08:00:21Z,930,1,0,29,1,0,1,1,1,1785484391
2026-07-31T08:00:21Z,931,8,3,15,0,0,1,1,1,1785484163
2026-07-31T08:00:21Z,932,4,0,12,3,0,1,1,1,1785484520
2026-07-31T08:00:21Z,933,0,0,23,0,0,1,1,1,1785484218
2026-07-31T08:00:21Z,934,29,0,0,2,0,1,1,1,1785484405
2026-07-31T08:00:21Z,935,9,2,9,1,0,1,1,1,1785484808
2026-07-31T08:00:21Z,936,4,1,15,0,0,1,1,1,1785456801
2026-07-31T08:00:21Z,940,10,0,1,0,0,1,1,1,1785477927
2026-07-31T08:00:21Z,941,10,1,13,2,0,1,1,1,1785484360
2026-07-31T08:00:21Z,942,5,0,16,0,0,1,1,1,1785484734
2026-07-31T08:00:21Z,943,9,8,6,0,0,1,1,1,1785483874
2026-07-31T08:00:21Z,944,9,8,6,0,0,1,1,1,1785483686
2026-07-31T08:00:21Z,945,10,8,5,0,0,1,1,1,1785483197
2026-07-31T08:00:21Z,946,7,5,12,0,0,1,1,1,1785424152
2026-07-31T08:00:21Z,947,7,5,10,0,0,1,1,1,1785483700
2026-07-31T08:00:21Z,948,26,8,0,5,0,1,1,1,1785484209
2026-07-31T08:00:21Z,949,1,0,14,0,0,1,1,1,1785483803
2026-07-31T08:00:21Z,950,16,4,0,1,0,1,1,1,1785483807
2026-07-31T08:00:21Z,951,18,4,5,0,0,1,1,1,1785483898
2026-07-31T08:00:21Z,952,7,0,48,0,0,1,1,1,1785483142
2026-07-31T08:00:21Z,953,14,2,0,1,0,1,1,1,1785484783
2026-07-31T08:00:21Z,954,18,4,1,0,0,1,1,1,1785483805
2026-07-31T08:00:21Z,955,4,3,17,6,0,1,1,1,1785484577
2026-07-31T08:00:21Z,956,22,2,0,1,0,1,1,1,1785483735
2026-07-31T08:00:21Z,957,15,0,14,0,0,1,1,1,1785483073
2026-07-31T08:00:21Z,958,19,0,12,0,0,1,1,1,1785484400
2026-07-31T08:00:21Z,959,20,8,0,3,0,1,1,1,1785483979
2026-07-31T08:00:21Z,960,18,0,4,1,0,1,1,1,1785484061
2026-07-31T08:00:21Z,961,2,1,17,4,0,1,1,1,1785484412
2026-07-31T08:00:21Z,962,8,3,24,3,0,1,1,1,1785484650
2026-07-31T08:00:21Z,963,7,0,15,1,0,1,1,1,1785483776
2026-07-31T08:00:21Z,964,21,8,1,1,0,1,1,1,1785483404
2026-07-31T08:00:21Z,965,5,1,21,1,0,1,1,1,1785483930
2026-07-31T08:00:21Z,966,28,0,3,0,0,1,1,1,1785484403
2026-07-31T08:00:21Z,967,19,0,0,2,0,1,1,1,1785484781
2026-07-31T08:00:21Z,968,14,0,4,1,0,1,1,1,1785483686
2026-07-31T08:00:21Z,969,11,7,14,2,0,1,1,1,1785483718
2026-07-31T08:00:21Z,970,11,1,7,1,0,1,1,1,1785484019
2026-07-31T08:00:21Z,971,15,0,7,1,0,1,1,1,1785483983
2026-07-31T08:00:21Z,972,9,1,13,1,0,1,1,1,1785483649
2026-07-31T08:00:21Z,973,9,4,13,1,0,1,1,1,1785483157
2026-07-31T08:00:21Z,974,12,0,15,0,0,1,1,1,1785484363
2026-07-31T08:00:21Z,977,6,6,13,2,0,1,1,1,1785483925
2026-07-31T08:00:21Z,978,11,0,12,0,0,1,1,1,1785484785
2026-07-31T08:00:21Z,979,14,1,3,0,0,1,1,1,1785484345
2026-07-31T08:00:21Z,980,2,0,17,2,0,1,1,1,1785484015
2026-07-31T08:00:21Z,981,19,0,1,1,0,1,1,1,1785483418
2026-07-31T08:00:21Z,982,3,1,14,2,0,1,1,1,1785483726
2026-07-31T08:00:21Z,983,2,1,20,1,0,1,1,1,1785484135
2026-07-31T08:00:21Z,984,6,0,17,0,0,1,1,1,1785483292
2026-07-31T08:00:21Z,985,9,1,22,0,0,1,1,1,1785484405
2026-07-31T08:00:21Z,986,4,0,15,0,0,1,1,1,1785483724
2026-07-31T08:00:21Z,987,6,0,16,1,0,1,1,1,1785484255
2026-07-31T08:00:21Z,988,5,1,13,1,0,1,1,1,1785483872
2026-07-31T08:00:21Z,989,10,5,9,0,0,1,1,1,1785484680
2026-07-31T08:00:21Z,990,13,1,0,2,0,1,1,1,1785483932
2026-07-31T08:00:21Z,991,10,2,8,1,0,1,1,1,1785483582
2026-07-31T08:00:21Z,992,10,7,12,1,0,1,1,1,1785484455
2026-07-31T08:00:21Z,993,0,0,27,0,0,1,1,1,1785476008
2026-07-31T08:00:21Z,994,4,1,17,0,0,1,1,1,1785484666
2026-07-31T08:00:21Z,995,9,2,18,0,0,1,1,1,1785483886
2026-07-31T08:00:21Z,996,8,1,15,0,0,1,1,1,1785483693
2026-07-31T08:00:21Z,997,10,5,10,3,0,1,1,1,1785484740
2026-07-31T08:00:21Z,998,3,2,19,1,0,1,1,1,1785484008
2026-07-31T08:00:21Z,999,3,1,15,2,1,1,1,1,1785483800
2026-07-31T08:00:21Z,1000,3,1,18,0,0,1,1,1,1785484579
2026-07-31T08:00:21Z,1001,1,0,26,0,0,1,1,1,1785484024
2026-07-31T08:00:21Z,1002,0,0,27,4,0,1,1,1,1785484019
2026-07-31T08:00:21Z,1003,0,0,22,1,0,1,1,1,1785483656
2026-07-31T08:00:21Z,1004,8,1,15,0,0,1,1,1,1785483096
2026-07-31T08:00:21Z,1005,20,1,3,0,0,1,1,1,1785483846
2026-07-31T08:00:21Z,1006,7,4,11,1,0,1,1,1,1785483685
2026-07-31T08:00:21Z,1007,2,1,19,0,0,1,1,1,1785483315
2026-07-31T08:00:21Z,1008,6,5,15,2,0,1,1,1,1785484630
2026-07-31T08:00:21Z,1009,19,2,8,4,0,1,1,1,1785484503
2026-07-31T08:00:21Z,1010,7,2,20,0,0,1,1,1,1785483509
2026-07-31T08:00:21Z,1011,8,2,9,2,0,1,1,1,1785484059
2026-07-31T08:00:21Z,1012,4,3,18,1,0,1,1,1,1785483611
2026-07-31T08:00:21Z,1013,4,1,18,1,0,1,1,1,1785484213
2026-07-31T08:00:21Z,1014,7,2,13,3,0,1,1,1,1785484127
2026-07-31T08:00:21Z,1015,3,1,25,3,0,1,1,1,1785484392
2026-07-31T08:00:21Z,1016,10,5,21,0,0,1,1,1,1785483460
2026-07-31T08:00:21Z,1017,14,5,7,0,0,1,1,1,1785483016
2026-07-31T08:00:21Z,1018,7,2,15,0,0,1,1,1,1785483698
2026-07-31T08:00:21Z,1019,9,6,6,0,0,1,1,1,1785483635
2026-07-31T08:00:21Z,1020,18,3,3,0,0,1,1,1,1785484705
2026-07-31T08:00:21Z,1021,9,3,5,1,0,1,1,1,1785484438
2026-07-31T08:00:21Z,1022,14,0,13,0,0,1,1,1,1785483783
2026-07-31T08:00:21Z,1023,13,1,9,1,0,1,1,1,1785483432
2026-07-31T08:00:21Z,1024,5,2,13,1,0,1,1,1,1785484436
2026-07-31T08:00:21Z,1025,4,0,14,0,1,1,1,1,1785483751
2026-07-31T08:00:21Z,1026,7,5,19,5,0,1,1,1,1785484784
2026-07-31T08:00:21Z,1028,2,0,20,1,0,1,1,1,1785483789
2026-07-31T08:00:21Z,1029,10,9,4,1,0,1,1,1,1785484734
2026-07-31T08:00:21Z,1030,14,5,9,0,0,1,1,1,1785484469
2026-07-31T08:00:21Z,1031,8,0,11,0,0,1,1,1,1785483027
2026-07-31T08:00:21Z,1032,7,1,12,0,0,1,1,1,1785483689
2026-07-31T08:00:21Z,1033,9,5,9,1,0,1,1,1,1785484502
2026-07-31T08:00:21Z,1034,2,0,13,0,0,1,1,1,1785483713
2026-07-31T08:00:21Z,1035,1,0,16,2,0,1,1,1,1785483732
2026-07-31T08:00:21Z,1036,15,1,0,0,0,1,1,1,1785484292
2026-07-31T08:00:21Z,1037,4,0,14,1,0,1,1,1,1785483914
2026-07-31T08:00:21Z,1038,2,0,12,1,0,1,1,1,1785483410
2026-07-31T08:00:21Z,1039,6,2,13,0,0,1,1,1,1785483845
2026-07-31T08:00:21Z,1040,8,4,10,1,0,1,1,1,1785483728
2026-07-31T08:00:21Z,1041,10,3,8,1,0,1,1,1,1785484412
2026-07-31T08:00:21Z,1042,12,1,1,2,0,1,1,1,1785483965
2026-07-31T08:00:21Z,1043,9,0,7,3,0,1,1,1,1785483764
2026-07-31T08:00:21Z,1044,2,1,12,1,0,1,1,1,1785483466
2026-07-31T08:00:21Z,1045,10,0,9,0,0,1,1,1,1785483679
2026-07-31T08:00:21Z,1046,9,0,6,0,0,1,1,1,1785483091
2026-07-31T08:00:21Z,1047,4,0,17,0,0,1,1,1,1785484442
2026-07-31T08:00:21Z,1048,10,1,9,0,0,1,1,1,1785483656
2026-07-31T08:00:21Z,1049,6,0,15,0,0,1,1,1,1785483710
2026-07-31T08:00:21Z,1050,17,4,4,0,0,1,1,1,1785484811
2026-07-31T08:00:21Z,1051,8,3,13,0,0,1,1,1,1785484706
2026-07-31T08:00:21Z,1052,17,2,5,0,0,1,1,1,1785483513
2026-07-31T08:00:21Z,1053,2,1,13,0,0,1,1,1,1785483590
2026-07-31T08:00:21Z,1054,14,1,1,0,0,1,1,1,1785483851
2026-07-31T08:00:21Z,1055,7,1,12,0,0,1,1,1,1785483822
2026-07-31T08:00:21Z,1057,18,0,0,1,0,1,1,1,1785483518
2026-07-31T08:00:21Z,1058,1,0,55,0,0,1,1,1,1785483898
2026-07-31T08:00:21Z,1059,0,0,18,1,0,1,1,1,1785483721
2026-07-31T08:00:21Z,1060,30,0,7,0,0,1,1,1,1785484470
2026-07-31T08:00:21Z,1061,6,0,30,1,0,1,1,1,1785483785
2026-07-31T08:00:21Z,1062,1,0,16,0,0,1,1,1,1785484209
2026-07-31T08:00:21Z,1063,12,1,6,1,0,1,1,1,1785483735
2026-07-31T08:00:21Z,1064,3,0,19,1,0,1,1,1,1785484054
2026-07-31T08:00:21Z,1065,16,3,7,0,0,1,1,1,1785484299
2026-07-31T08:00:21Z,1066,10,2,13,0,0,1,1,1,1785484123
2026-07-31T08:00:21Z,1067,8,2,13,2,0,1,1,1,1785484391
2026-07-31T08:00:21Z,1068,8,2,13,2,0,1,1,1,1785483879
2026-07-31T08:00:21Z,1069,12,3,11,0,0,1,1,1,1785483932
2026-07-31T08:00:21Z,1070,12,2,11,0,0,1,1,1,1785484028
2026-07-31T08:00:21Z,1071,7,4,16,0,0,1,1,1,1785484067
2026-07-31T08:00:21Z,1072,11,1,11,1,0,1,1,1,1785484429
2026-07-31T08:00:21Z,1073,26,7,0,1,0,1,1,1,1785483356
2026-07-31T08:00:21Z,1074,0,0,52,1,0,1,1,1,1785483834
2026-07-31T08:00:21Z,1075,10,10,11,0,0,1,1,1,1785483437
2026-07-31T08:00:21Z,1076,14,11,7,0,0,1,1,1,1785484690
2026-07-31T08:00:21Z,1077,8,5,13,0,0,1,1,1,1785483648
2026-07-31T08:00:21Z,1078,11,10,10,0,0,1,1,1,1785484732
2026-07-31T08:00:21Z,1079,11,8,10,0,0,1,1,1,1785483547
2026-07-31T08:00:21Z,1080,10,8,10,1,0,1,1,1,1785484145
2026-07-31T08:00:21Z,1081,13,8,6,0,0,1,1,1,1785484546
2026-07-31T08:00:21Z,1082,7,7,1,0,0,1,1,1,1785484047
2026-07-31T08:00:21Z,1083,13,11,8,0,0,1,1,1,1785483806
2026-07-31T08:00:21Z,1084,9,8,12,0,0,1,1,1,1785483431
2026-07-31T08:00:21Z,1085,8,8,13,0,0,1,1,1,1785483062
2026-07-31T08:00:21Z,1086,0,0,20,1,0,1,1,1,1785483771
2026-07-31T08:00:21Z,1087,12,7,3,0,0,1,1,1,1785484797
2026-07-31T08:00:21Z,1088,10,7,5,0,0,1,1,1,1785483738
2026-07-31T08:00:21Z,1089,5,3,10,0,0,1,1,1,1785484100
2026-07-31T08:00:21Z,1090,11,10,4,0,0,1,1,1,1785484775
2026-07-31T08:00:21Z,1091,12,7,3,0,0,1,1,1,1785484538
2026-07-31T08:00:21Z,1092,9,9,5,1,0,1,1,1,1785484084
2026-07-31T08:00:21Z,1093,7,6,8,0,0,1,1,1,1785484449
2026-07-31T08:00:21Z,1094,10,8,8,1,0,1,1,1,1785483691
2026-07-31T08:00:21Z,1095,9,8,6,0,0,1,1,1,1785484395
2026-07-31T08:00:21Z,1096,3,1,15,1,0,1,1,1,1785484054
2026-07-31T08:00:21Z,1097,11,11,4,0,0,1,1,1,1785484270
2026-07-31T08:00:21Z,1098,9,7,10,0,0,1,1,1,1785484605
2026-07-31T08:00:21Z,1099,7,6,8,0,0,1,1,1,1785483526
2026-07-31T08:00:21Z,1100,6,2,23,0,0,1,1,1,1785474727
2026-07-31T08:00:21Z,1101,10,5,11,0,0,1,1,1,1785483412
2026-07-31T08:00:21Z,1102,9,4,4,0,0,1,1,1,1785484531
2026-07-31T08:00:21Z,1103,10,5,11,0,0,1,1,1,1785474301
2026-07-31T08:00:21Z,1104,10,5,11,0,0,1,1,1,1785483166
2026-07-31T08:00:21Z,1105,7,3,6,0,0,1,1,1,1785484417
2026-07-31T08:00:21Z,1106,13,7,8,0,0,1,1,1,1785483504
2026-07-31T08:00:21Z,1107,9,5,6,0,0,1,1,1,1785483812
2026-07-31T08:00:21Z,1108,5,2,19,3,0,1,1,1,1785484271
2026-07-31T08:00:21Z,1109,6,1,9,0,0,1,1,1,1785483770
2026-07-31T08:00:21Z,1110,12,4,9,0,0,1,1,1,1785483036
2026-07-31T08:00:21Z,1111,3,2,18,0,0,1,1,1,1785475740
2026-07-31T08:00:21Z,1112,38,0,15,0,0,1,1,1,1785483525
2026-07-31T08:00:21Z,1113,1,0,20,0,0,1,1,1,1785483004
2026-07-31T08:00:21Z,1115,17,5,3,3,0,1,1,1,1785484288
2026-07-31T08:00:21Z,1116,6,2,13,0,0,1,1,1,1785483709
2026-07-31T08:00:21Z,1117,10,3,13,0,0,1,1,1,1785484081
2026-07-31T08:00:21Z,1118,18,1,3,0,0,1,1,1,1785484784
2026-07-31T08:00:21Z,1119,13,1,4,0,0,1,1,1,1785484727
2026-07-31T08:00:21Z,1120,13,0,6,0,0,1,1,1,1785483781
2026-07-31T08:00:21Z,1121,13,2,5,3,0,1,1,1,1785481599
2026-07-31T08:00:21Z,1122,19,10,0,2,0,1,1,1,1785483099
2026-07-31T08:00:21Z,1123,7,3,14,2,0,1,1,1,1785483346
2026-07-31T08:00:21Z,1124,11,1,0,4,0,1,1,1,1785484734
2026-07-31T08:00:21Z,1125,15,1,8,0,0,1,1,1,1785483981
2026-07-31T08:00:21Z,1126,4,0,16,1,0,1,1,1,1785483317
2026-07-31T08:00:21Z,1127,6,1,12,1,0,1,1,1,1785484029
2026-07-31T08:00:21Z,1128,14,2,0,1,0,1,1,1,1785483765
2026-07-31T08:00:21Z,1129,3,2,17,1,0,1,1,1,1785483439
2026-07-31T08:00:21Z,1130,6,0,9,0,0,1,1,1,1785483982
2026-07-31T08:00:21Z,1131,0,0,48,1,0,1,1,1,1785484424
2026-07-31T08:00:21Z,1132,13,6,7,1,0,1,1,1,1785483606
2026-07-31T08:00:21Z,1133,16,11,3,2,0,1,1,1,1785484693
2026-07-31T08:00:21Z,1134,11,7,8,0,0,1,1,1,1785484212
2026-07-31T08:00:21Z,1135,10,5,11,0,0,1,1,1,1785483305
2026-07-31T08:00:21Z,1136,8,0,15,0,0,1,1,1,1785483877
2026-07-31T08:00:21Z,1137,12,0,3,0,0,1,1,1,1785483637
2026-07-31T08:00:21Z,1138,15,2,4,0,0,1,1,1,1785483672
2026-07-31T08:00:21Z,1139,19,5,1,1,0,1,1,1,1785484190
2026-07-31T08:00:21Z,1140,22,3,0,1,0,1,1,1,1785483398
2026-07-31T08:00:21Z,1141,0,0,20,1,0,1,1,1,1785483108
2026-07-31T08:00:21Z,1142,2,0,19,0,0,1,1,1,1785484347
2026-07-31T08:00:21Z,1143,23,0,6,0,0,1,1,1,1785483240
2026-07-31T08:00:21Z,1144,7,1,13,1,0,1,1,1,1785483958
2026-07-31T08:00:21Z,1145,12,6,8,1,0,1,1,1,1785484082
2026-07-31T08:00:21Z,1146,11,2,4,4,0,1,1,1,1785484034
2026-07-31T08:00:21Z,1147,3,0,16,0,0,1,1,1,1785483738
2026-07-31T08:00:21Z,1148,25,6,6,0,0,1,1,1,1785484409
2026-07-31T08:00:21Z,1149,4,4,21,0,0,1,1,1,1785483347
2026-07-31T08:00:21Z,1150,18,1,1,0,0,1,1,1,1785483492
2026-07-31T08:00:21Z,1151,12,0,9,0,0,1,1,1,1785484355
2026-07-31T08:00:21Z,1152,16,0,13,0,0,1,1,1,1785484694
2026-07-31T08:00:21Z,1153,22,6,0,1,0,1,1,1,1785484239
2026-07-31T08:00:21Z,1154,13,1,6,0,0,1,1,1,1785483147
2026-07-31T08:00:21Z,1155,16,6,4,1,0,1,1,1,1785483695
2026-07-31T08:00:21Z,1158,3,0,15,1,0,1,1,1,1785483600
2026-07-31T08:00:21Z,1159,13,1,6,0,0,1,1,1,1785483954
2026-07-31T08:00:21Z,1160,9,1,9,1,0,1,1,1,1785484347
2026-07-31T08:00:21Z,1161,3,0,15,1,0,1,1,1,1785484088
2026-07-31T08:00:21Z,1162,2,1,17,0,0,1,1,1,1785484339
2026-07-31T08:00:21Z,1163,0,0,18,1,0,1,1,1,1785483716
2026-07-31T08:00:21Z,1164,6,1,13,0,0,1,1,1,1785483776
2026-07-31T08:00:21Z,1165,5,0,16,0,0,1,1,1,1785484505
2026-07-31T08:00:21Z,1166,12,3,8,1,0,1,1,1,1785484015
2026-07-31T08:00:21Z,1167,4,0,11,0,0,1,1,1,1785483491
2026-07-31T08:00:21Z,1168,2,1,20,1,0,1,1,1,1785483961
2026-07-31T08:00:21Z,1169,3,0,15,1,0,1,1,1,1785483623
2026-07-31T08:00:21Z,1170,6,0,14,1,0,1,1,1,1785483989
2026-07-31T08:00:21Z,1171,8,7,14,1,0,1,1,1,1785483654
2026-07-31T08:00:21Z,1172,7,2,6,2,0,1,1,1,1785483854
2026-07-31T08:00:21Z,1173,13,5,6,0,0,1,1,1,1785483867
2026-07-31T08:00:21Z,1174,7,3,8,0,0,1,1,1,1785483560
2026-07-31T08:00:21Z,1175,9,5,10,0,0,1,1,1,1785472270
2026-07-31T08:00:21Z,1176,19,1,2,0,0,1,1,1,1785483071
2026-07-31T08:00:21Z,1177,3,1,18,0,0,1,1,1,1785484806
2026-07-31T08:00:21Z,1178,2,1,13,0,0,1,1,1,1785483536
2026-07-31T08:00:21Z,1181,11,2,3,1,0,1,1,1,1785482696
2026-07-31T08:00:21Z,1182,0,0,20,0,0,1,1,1,1785484110
2026-07-31T08:00:21Z,1183,1,0,42,2,0,1,1,1,1785483884
2026-07-31T08:00:21Z,1184,11,6,9,1,0,1,1,1,1785484239
2026-07-31T08:00:21Z,1185,10,5,11,0,0,1,1,1,1785483115
2026-07-31T08:00:21Z,1186,9,5,10,0,0,1,1,1,1785484138
2026-07-31T08:00:21Z,1187,12,6,8,1,0,1,1,1,1785484511
2026-07-31T08:00:21Z,1188,9,3,6,0,0,1,1,1,1785483819
2026-07-31T08:00:21Z,1189,10,5,9,0,0,1,1,1,1785483894
2026-07-31T08:00:21Z,1190,10,5,11,0,0,1,1,1,1785483286
2026-07-31T08:00:21Z,1191,10,5,5,0,0,1,1,1,1785483826
2026-07-31T08:00:21Z,1192,11,7,10,0,0,1,1,1,1785483655
2026-07-31T08:00:21Z,1193,6,4,5,2,0,1,1,1,1785484615
2026-07-31T08:00:21Z,1197,9,6,7,1,0,1,1,1,1785484604
2026-07-31T08:00:21Z,1198,14,4,5,2,0,1,1,1,1785484180
2026-07-31T08:00:21Z,1199,2,0,17,0,0,1,1,1,1785484201
2026-07-31T08:00:21Z,1200,11,5,4,0,0,1,1,1,1785483861
2026-07-31T08:00:21Z,1201,11,5,4,0,0,1,1,1,1785483839
2026-07-31T08:00:21Z,1202,12,6,3,0,0,1,1,1,1785483937
2026-07-31T08:00:21Z,1203,9,6,6,0,0,1,1,1,1785483834
2026-07-31T08:00:21Z,1204,7,3,11,1,0,1,1,1,1785483571
2026-07-31T08:00:21Z,1206,11,5,10,0,0,1,1,1,1785484604
2026-07-31T08:00:21Z,1207,9,5,6,0,0,1,1,1,1785484152
2026-07-31T08:00:21Z,1208,7,2,11,1,0,1,1,1,1785484052
2026-07-31T08:00:21Z,1216,7,0,13,1,0,1,1,1,1785483019
2026-07-31T08:00:21Z,1218,4,0,17,0,0,1,1,1,1785483413
2026-07-31T08:00:21Z,1219,6,1,8,1,0,1,1,1,1785483686
2026-07-31T08:00:21Z,1220,14,7,4,1,0,1,1,1,1785483317
2026-07-31T08:00:21Z,1221,2,2,19,0,0,1,1,1,1785484540
2026-07-31T08:00:21Z,1222,28,1,1,0,0,1,1,1,1785483647
2026-07-31T08:00:21Z,1223,22,0,7,0,0,1,1,1,1785483474
2026-07-31T08:00:21Z,1226,0,0,3,0,0,0,1,1,1781868931
2026-07-31T08:00:21Z,1227,23,0,2,0,0,1,1,1,1785483544
2026-07-31T08:00:21Z,1228,18,0,10,1,0,1,1,1,1785484596
2026-07-31T08:00:21Z,1229,35,0,9,0,1,1,1,1,1785484741
2026-07-31T08:05:21Z,1,0,0,23,0,0,1,1,1,1785478051
2026-07-31T08:05:21Z,2,22,0,2,3,0,1,1,1,1785481994
2026-07-31T08:05:21Z,3,9,0,4,1,0,1,1,1,1785481848
2026-07-31T08:05:21Z,4,1,0,20,1,0,1,1,1,1785483715
2026-07-31T08:05:21Z,5,9,3,13,1,0,1,1,1,1785484887
2026-07-31T08:05:21Z,6,6,2,9,0,0,1,1,1,1785482360
2026-07-31T08:05:21Z,7,0,0,39,0,0,1,1,1,1785482386
2026-07-31T08:05:21Z,8,0,0,43,0,0,1,1,1,1785471816
2026-07-31T08:05:21Z,9,0,0,22,1,0,1,1,1,1785482483
2026-07-31T08:05:21Z,10,4,1,17,2,0,1,1,1,1785480300
2026-07-31T08:05:21Z,11,14,5,4,1,0,1,1,1,1785484474
2026-07-31T08:05:21Z,12,0,0,23,0,0,1,1,1,1785472090
2026-07-31T08:05:21Z,13,12,0,18,0,0,1,1,1,1785478740
2026-07-31T08:05:21Z,14,1,0,41,0,1,1,1,1,1785476888
2026-07-31T08:05:21Z,15,5,0,10,0,0,1,1,1,1785479438
2026-07-31T08:05:21Z,16,8,0,16,2,1,1,1,1,1785483665
2026-07-31T08:05:21Z,17,9,0,17,1,0,1,1,1,1785482140
2026-07-31T08:05:21Z,18,6,0,10,2,0,1,1,1,1785483612
2026-07-31T08:05:21Z,19,4,0,22,1,0,1,1,1,1785484572
2026-07-31T08:05:21Z,20,32,0,3,0,0,1,1,1,1785474831
2026-07-31T08:05:21Z,21,1,0,17,1,0,1,1,1,1785484888
2026-07-31T08:05:21Z,22,18,0,46,1,0,1,1,1,1785479462
2026-07-31T08:05:21Z,23,10,5,21,0,0,1,1,1,1785479447
2026-07-31T08:05:21Z,24,0,0,9,2,0,1,1,1,1785485111
2026-07-31T08:05:21Z,25,1,1,79,0,1,1,1,1,1785484860
2026-07-31T08:05:21Z,26,0,0,27,0,0,1,1,1,1785479128
2026-07-31T08:05:21Z,28,13,2,2,0,0,1,1,1,1785483580
2026-07-31T08:05:21Z,30,1,0,27,1,0,1,1,1,1785484151
2026-07-31T08:05:21Z,31,0,0,17,2,0,1,1,1,1785484978
2026-07-31T08:05:21Z,32,25,4,2,0,0,1,1,1,1785484184
2026-07-31T08:05:21Z,34,2,0,34,1,0,1,1,1,1785482614
2026-07-31T08:05:21Z,35,1,0,45,1,0,1,1,1,1785485006
2026-07-31T08:05:21Z,36,0,0,0,0,0,0,1,1,86400
2026-07-31T08:05:21Z,37,0,0,23,0,0,1,1,1,1785483182
2026-07-31T08:05:21Z,38,1,0,22,0,0,1,1,1,1785475021
2026-07-31T08:05:21Z,39,23,6,16,0,0,1,1,1,1785485028
2026-07-31T08:05:21Z,40,13,0,7,1,0,1,1,1,1785481720
2026-07-31T08:05:21Z,41,1,0,41,1,0,1,1,1,1785482868
2026-07-31T08:05:21Z,42,31,8,0,0,0,1,1,1,1785472558
2026-07-31T08:05:21Z,43,6,0,17,0,0,1,1,1,1785484173
2026-07-31T08:05:21Z,45,1,0,27,1,0,1,1,1,1785482238
2026-07-31T08:05:21Z,46,12,2,19,0,0,1,1,1,1785483378
2026-07-31T08:05:21Z,47,11,5,3,1,0,1,1,1,1785484425
2026-07-31T08:05:21Z,48,22,0,5,0,0,1,1,1,1785480764
2026-07-31T08:05:21Z,49,5,0,15,3,0,1,1,1,1785485106
2026-07-31T08:05:21Z,50,1,1,18,0,0,1,1,1,1785483259
2026-07-31T08:05:21Z,51,68,0,9,0,0,1,1,1,1785472672
2026-07-31T08:05:21Z,52,2,0,22,3,0,1,1,1,1785485034
2026-07-31T08:05:21Z,55,0,0,23,0,0,1,1,1,1785484888
2026-07-31T08:05:21Z,56,0,0,43,0,0,1,1,1,1785481453
2026-07-31T08:05:21Z,57,0,0,27,0,0,1,1,1,1785474689
2026-07-31T08:05:21Z,58,0,0,28,0,0,1,1,1,1785476976
2026-07-31T08:05:21Z,59,0,0,25,2,0,1,1,1,1785484867
2026-07-31T08:05:21Z,61,0,0,39,0,0,1,1,1,1785476440
2026-07-31T08:05:21Z,62,0,0,48,1,0,1,1,1,1785477029
2026-07-31T08:05:21Z,63,14,0,5,0,0,1,1,1,1785484382
2026-07-31T08:05:21Z,64,9,0,6,4,0,1,1,1,1785474000
2026-07-31T08:05:21Z,65,17,7,1,1,0,1,1,1,1785481624
2026-07-31T08:05:21Z,67,17,0,22,0,0,1,1,1,1785480027
2026-07-31T08:05:21Z,68,0,0,37,0,0,1,1,1,1785476731
2026-07-31T08:05:21Z,69,15,2,0,0,0,1,1,1,1785476803
2026-07-31T08:05:21Z,71,2,0,24,1,0,1,1,1,1785484438
2026-07-31T08:05:21Z,72,14,3,15,2,0,1,1,1,1785483159
2026-07-31T08:05:21Z,73,0,0,31,0,0,1,1,1,1785474921
2026-07-31T08:05:21Z,74,12,6,6,1,0,1,1,1,1785483170
2026-07-31T08:05:21Z,75,0,0,31,1,0,1,1,1,1785473256
2026-07-31T08:05:21Z,76,18,0,0,1,0,1,1,1,1785485104
2026-07-31T08:05:21Z,77,24,1,2,1,0,1,1,1,1785477101
2026-07-31T08:05:21Z,78,9,4,13,1,0,1,1,1,1785484937
2026-07-31T08:05:21Z,79,4,3,12,1,0,1,1,1,1785484070
2026-07-31T08:05:21Z,80,18,0,2,3,0,1,1,1,1785485092
2026-07-31T08:05:21Z,81,5,0,26,0,0,1,1,1,1785484411
2026-07-31T08:05:21Z,82,12,0,11,0,0,1,1,1,1785480296
2026-07-31T08:05:21Z,83,4,0,29,1,0,1,1,1,1785483766
2026-07-31T08:05:21Z,84,26,0,1,0,0,1,1,1,1785484029
2026-07-31T08:05:21Z,85,1,1,14,0,0,1,1,1,1785479219
2026-07-31T08:05:21Z,86,25,0,1,1,0,1,1,1,1785478454
2026-07-31T08:05:21Z,87,10,0,9,0,0,1,1,1,1785484866
2026-07-31T08:05:21Z,88,0,0,42,1,0,1,1,1,1785484888
2026-07-31T08:05:21Z,89,22,0,13,0,0,1,1,1,1785483872
2026-07-31T08:05:21Z,90,4,1,12,2,0,1,1,1,1785484360
2026-07-31T08:05:21Z,91,14,0,3,0,0,1,1,1,1785480068
2026-07-31T08:05:21Z,92,12,5,4,3,0,1,1,1,1785484803
2026-07-31T08:05:21Z,93,0,0,23,0,0,1,1,1,1785483766
2026-07-31T08:05:21Z,94,2,0,16,1,0,1,1,1,1785482735
2026-07-31T08:05:21Z,95,26,1,7,1,1,1,1,1,1785485109
2026-07-31T08:05:21Z,96,29,0,1,1,0,1,1,1,1785479647
2026-07-31T08:05:21Z,97,0,0,16,1,0,1,1,1,1785484910
2026-07-31T08:05:21Z,98,18,0,16,1,0,1,1,1,1785484887
2026-07-31T08:05:21Z,99,3,1,12,0,0,1,1,1,1785484444
2026-07-31T08:05:21Z,100,0,0,27,0,0,1,1,1,1785482057
2026-07-31T08:05:21Z,101,1,0,13,2,0,1,1,1,1785483795
2026-07-31T08:05:21Z,102,0,0,23,0,0,1,1,1,1785477320
2026-07-31T08:05:21Z,103,10,0,20,0,0,1,1,1,1785484887
2026-07-31T08:05:21Z,104,0,0,25,2,0,1,1,1,1785485104
2026-07-31T08:05:21Z,105,16,1,3,0,0,1,1,1,1785468216
2026-07-31T08:05:21Z,106,0,0,21,0,0,1,1,1,1785462637
2026-07-31T08:05:21Z,107,0,0,37,0,0,1,1,1,1785474220
2026-07-31T08:05:21Z,108,15,1,20,0,0,1,1,1,1785483101
2026-07-31T08:05:21Z,109,6,0,17,0,0,1,1,1,1785483516
2026-07-31T08:05:21Z,110,14,2,9,0,0,1,1,1,1785482478
2026-07-31T08:05:21Z,111,0,0,36,0,0,1,1,1,1785479678
2026-07-31T08:05:21Z,112,8,1,6,1,0,1,1,1,1785484350
2026-07-31T08:05:21Z,113,3,0,13,3,0,1,1,1,1785485107
2026-07-31T08:05:21Z,114,6,6,23,1,1,1,1,1,1785484821
2026-07-31T08:05:21Z,115,3,1,23,2,0,1,1,1,1785479033
2026-07-31T08:05:21Z,116,3,3,23,1,0,1,1,1,1785484951
2026-07-31T08:05:21Z,118,20,9,0,3,0,1,1,1,1785484887
2026-07-31T08:05:21Z,119,34,3,1,3,0,1,1,1,1785484131
2026-07-31T08:05:21Z,120,24,1,2,1,0,1,1,1,1785484445
2026-07-31T08:05:21Z,121,6,3,12,0,1,1,1,1,1785484947
2026-07-31T08:05:21Z,122,13,0,7,1,0,1,1,1,1785482278
2026-07-31T08:05:21Z,123,8,1,39,0,0,1,1,1,1785477646
2026-07-31T08:05:21Z,124,32,1,3,0,0,1,1,1,1785483233
2026-07-31T08:05:21Z,125,7,2,16,0,0,1,1,1,1785485034
2026-07-31T08:05:21Z,126,25,2,6,0,0,1,1,1,1785484483
2026-07-31T08:05:21Z,127,8,0,25,2,0,1,1,1,1785484925
2026-07-31T08:05:21Z,128,2,1,17,0,0,1,1,1,1785484800
2026-07-31T08:05:21Z,129,17,1,0,2,0,1,1,1,1785479759
2026-07-31T08:05:21Z,130,5,0,12,0,0,1,1,1,1785484887
2026-07-31T08:05:21Z,131,8,3,1,2,0,1,1,1,1785478472
2026-07-31T08:05:21Z,132,11,4,3,0,1,1,1,1,1785484887
2026-07-31T08:05:21Z,134,1,0,17,5,0,1,1,1,1785484980
2026-07-31T08:05:21Z,135,6,2,12,1,0,1,1,1,1785484507
2026-07-31T08:05:21Z,136,5,0,9,2,7,1,1,1,1785484961
2026-07-31T08:05:21Z,137,4,1,15,0,0,1,1,1,1785484674
2026-07-31T08:05:21Z,138,35,2,2,0,0,1,1,1,1785484968
2026-07-31T08:05:21Z,139,19,5,0,0,0,1,1,1,1785476252
2026-07-31T08:05:21Z,140,15,8,6,2,0,1,1,1,1785485110
2026-07-31T08:05:21Z,141,30,1,6,0,0,1,1,1,1785484887
2026-07-31T08:05:21Z,142,22,1,1,0,0,1,1,1,1785483705
2026-07-31T08:05:21Z,143,13,3,17,1,0,1,1,1,1785482659
2026-07-31T08:05:21Z,144,22,0,5,0,0,1,1,1,1785482773
2026-07-31T08:05:21Z,146,6,1,16,1,0,1,1,1,1785480770
2026-07-31T08:05:21Z,147,11,2,6,2,0,1,1,1,1785484967
2026-07-31T08:05:21Z,148,24,0,2,0,1,1,1,1,1785484887
2026-07-31T08:05:21Z,149,14,4,12,1,0,1,1,1,1785483148
2026-07-31T08:05:21Z,150,31,7,2,2,0,1,1,1,1785484807
2026-07-31T08:05:21Z,151,21,7,2,0,0,1,1,1,1785485072
2026-07-31T08:05:21Z,152,19,0,4,4,0,1,1,1,1785484810
2026-07-31T08:05:21Z,153,12,1,13,6,0,1,1,1,1785484827
2026-07-31T08:05:21Z,154,16,5,4,3,0,1,1,1,1785485017
2026-07-31T08:05:21Z,155,13,4,0,1,0,1,1,1,1785484941
2026-07-31T08:05:21Z,156,15,0,4,0,0,1,1,1,1785482646
2026-07-31T08:05:21Z,157,16,1,9,2,0,1,1,1,1785484947
2026-07-31T08:05:21Z,158,16,2,0,0,0,1,1,1,1785471342
2026-07-31T08:05:21Z,159,5,3,14,0,0,1,1,1,1785477862
2026-07-31T08:05:21Z,160,19,1,0,0,0,1,1,1,1785475906
2026-07-31T08:05:21Z,161,14,0,8,0,0,1,1,1,1785484887
2026-07-31T08:05:21Z,162,14,3,12,1,0,1,1,1,1785484887
2026-07-31T08:05:21Z,163,30,2,0,0,1,1,1,1,1785485086
2026-07-31T08:05:21Z,164,24,7,3,0,0,1,1,1,1785484640
2026-07-31T08:05:21Z,165,29,13,0,2,0,1,1,1,1785481777
2026-07-31T08:05:21Z,166,32,8,2,5,0,1,1,1,1785485105
2026-07-31T08:05:21Z,167,21,10,0,2,0,1,1,1,1785484888
2026-07-31T08:05:21Z,168,21,0,5,1,0,1,1,1,1785484915
2026-07-31T08:05:21Z,169,1,0,21,0,1,1,1,1,1785483931
2026-07-31T08:05:21Z,170,18,5,0,1,0,1,1,1,1785483922
2026-07-31T08:05:21Z,171,10,3,1,2,0,1,1,1,1785484800
2026-07-31T08:05:21Z,173,36,0,3,0,0,1,1,1,1785484082
2026-07-31T08:05:21Z,174,22,1,2,2,0,1,1,1,1785482500
2026-07-31T08:05:21Z,175,7,0,24,0,0,1,1,1,1785484051
2026-07-31T08:05:21Z,176,5,2,9,0,1,1,1,1,1785484993
2026-07-31T08:05:21Z,177,23,3,4,0,0,1,1,1,1785484254
2026-07-31T08:05:21Z,178,2,0,10,2,1,1,1,1,1785485112
2026-07-31T08:05:21Z,179,11,1,3,1,0,1,1,1,1785484092
2026-07-31T08:05:21Z,180,27,0,3,0,0,1,1,1,1785468302
2026-07-31T08:05:21Z,181,13,0,1,1,0,1,1,1,1785482083
2026-07-31T08:05:21Z,182,16,1,1,0,0,1,1,1,1785483091
2026-07-31T08:05:21Z,183,17,0,6,0,0,1,1,1,1785483484
2026-07-31T08:05:21Z,184,0,0,22,1,0,1,1,1,1785483491
2026-07-31T08:05:21Z,185,12,1,0,2,1,1,1,1,1785484888
2026-07-31T08:05:21Z,186,4,2,15,0,0,1,1,1,1785484044
2026-07-31T08:05:21Z,187,8,0,19,1,0,1,1,1,1785484757
2026-07-31T08:05:21Z,188,14,0,5,8,0,1,1,1,1785485072
2026-07-31T08:05:21Z,189,15,4,0,0,0,1,1,1,1785479966
2026-07-31T08:05:21Z,190,3,1,20,0,0,1,1,1,1785483422
2026-07-31T08:05:21Z,191,2,1,37,0,0,1,1,1,1785483208
2026-07-31T08:05:21Z,192,12,4,16,3,0,1,1,1,1785484956
2026-07-31T08:05:21Z,193,0,0,15,0,0,1,1,1,1785484480
2026-07-31T08:05:21Z,194,17,1,9,1,0,1,1,1,1785484068
2026-07-31T08:05:21Z,195,13,1,4,2,0,1,1,1,1785484402
2026-07-31T08:05:21Z,196,24,1,0,3,0,1,1,1,1785485038
2026-07-31T08:05:21Z,197,15,3,2,1,1,1,1,1,1785482526
2026-07-31T08:05:21Z,198,21,16,2,0,0,1,1,1,1785484887
2026-07-31T08:05:21Z,199,7,5,5,3,0,1,1,1,1785483728
2026-07-31T08:05:21Z,200,15,0,10,1,0,1,1,1,1785482100
2026-07-31T08:05:21Z,201,8,3,15,0,0,1,1,1,1785482886
2026-07-31T08:05:21Z,202,0,0,27,0,0,1,1,1,1785477488
2026-07-31T08:05:21Z,203,25,3,5,1,0,1,1,1,1785484441
2026-07-31T08:05:21Z,204,32,2,2,1,0,1,1,1,1785482738
2026-07-31T08:05:21Z,205,12,1,15,0,0,1,1,1,1785482737
2026-07-31T08:05:21Z,206,2,2,12,1,0,1,1,1,1785484927
2026-07-31T08:05:21Z,207,14,0,7,0,0,1,1,1,1785481979
2026-07-31T08:05:21Z,208,2,0,27,0,0,1,1,1,1785477246
2026-07-31T08:05:21Z,209,8,0,20,3,0,1,1,1,1785484824
2026-07-31T08:05:21Z,210,23,2,4,0,0,1,1,1,1785479794
2026-07-31T08:05:21Z,211,16,6,6,1,0,1,1,1,1785482104
2026-07-31T08:05:21Z,212,25,0,9,1,0,1,1,1,1785485025
2026-07-31T08:05:21Z,213,12,1,9,2,0,1,1,1,1785485074
2026-07-31T08:05:21Z,214,26,1,16,5,0,1,1,1,1785484836
2026-07-31T08:05:21Z,215,6,1,16,1,0,1,1,1,1785481068
2026-07-31T08:05:21Z,216,10,0,8,1,0,1,1,1,1785482156
2026-07-31T08:05:21Z,217,9,0,19,1,0,1,1,1,1785484873
2026-07-31T08:05:21Z,218,1,1,35,3,0,1,1,1,1785484887
2026-07-31T08:05:21Z,219,0,0,25,1,0,1,1,1,1785478263
2026-07-31T08:05:21Z,220,24,7,17,1,1,1,1,1,1785484887
2026-07-31T08:05:21Z,221,13,8,1,1,0,1,1,1,1785483976
2026-07-31T08:05:21Z,222,16,12,2,1,0,1,1,1,1785485037
2026-07-31T08:05:21Z,223,8,3,24,3,0,1,1,1,1785484896
2026-07-31T08:05:21Z,224,7,5,14,1,0,1,1,1,1785484386
2026-07-31T08:05:21Z,225,10,0,3,6,0,1,1,1,1785483556
2026-07-31T08:05:21Z,226,30,10,1,0,0,1,1,1,1785483984
2026-07-31T08:05:21Z,227,20,13,6,0,1,1,1,1,1785484887
2026-07-31T08:05:21Z,228,1,0,17,1,0,1,1,1,1785484888
2026-07-31T08:05:21Z,230,16,9,10,0,0,1,1,1,1785483055
2026-07-31T08:05:21Z,232,13,6,3,1,0,1,1,1,1785482484
2026-07-31T08:05:21Z,233,21,2,8,2,0,1,1,1,1785483700
2026-07-31T08:05:21Z,234,8,3,6,3,2,1,1,1,1785483414
2026-07-31T08:05:21Z,236,14,3,5,0,0,1,1,1,1785480280
2026-07-31T08:05:21Z,237,22,4,0,1,0,1,1,1,1785478521
2026-07-31T08:05:21Z,239,23,18,1,3,0,1,1,1,1785484709
2026-07-31T08:05:21Z,241,19,6,4,0,0,1,1,1,1785485005
2026-07-31T08:05:21Z,242,1,1,21,1,0,1,1,1,1785484715
2026-07-31T08:05:21Z,243,11,0,19,1,0,1,1,1,1785484434
2026-07-31T08:05:21Z,244,15,1,11,1,0,1,1,1,1785484235
2026-07-31T08:05:21Z,245,3,3,20,0,0,1,1,1,1785484146
2026-07-31T08:05:21Z,246,1,0,22,0,0,1,1,1,1785481575
2026-07-31T08:05:21Z,247,13,11,10,0,0,1,1,1,1785477646
2026-07-31T08:05:21Z,248,19,5,2,2,0,1,1,1,1785484323
2026-07-31T08:05:21Z,249,1,0,18,0,0,1,1,1,1785483971
2026-07-31T08:05:21Z,250,3,3,23,1,0,1,1,1,1785483886
2026-07-31T08:05:21Z,251,2,2,22,3,0,1,1,1,1785481704
2026-07-31T08:05:21Z,253,6,3,12,1,0,1,1,1,1785482813
2026-07-31T08:05:21Z,254,26,21,16,1,0,1,1,1,1785483082
2026-07-31T08:05:21Z,255,5,0,17,0,1,1,1,1,1785485038
2026-07-31T08:05:21Z,256,10,5,11,2,0,1,1,1,1785484423
2026-07-31T08:05:21Z,257,14,6,4,1,0,1,1,1,1785482023
2026-07-31T08:05:21Z,258,1,0,18,0,0,1,1,1,1785482036
2026-07-31T08:05:21Z,259,20,3,2,0,1,1,1,1,1785480149
2026-07-31T08:05:21Z,260,15,4,1,3,0,1,1,1,1785480838
2026-07-31T08:05:21Z,261,16,0,1,1,1,1,1,1,1785484888
2026-07-31T08:05:21Z,262,20,11,3,0,0,1,1,1,1785485066
2026-07-31T08:05:21Z,263,14,3,1,0,0,1,1,1,1785480222
2026-07-31T08:05:21Z,264,18,6,0,1,0,1,1,1,1785474915
2026-07-31T08:05:21Z,265,15,1,0,0,0,1,1,1,1785473819
2026-07-31T08:05:21Z,266,17,8,0,2,0,1,1,1,1785481181
2026-07-31T08:05:21Z,267,7,3,6,2,0,1,1,1,1785484888
2026-07-31T08:05:21Z,268,23,9,0,0,0,1,1,1,1785484887
2026-07-31T08:05:21Z,269,9,3,13,1,0,1,1,1,1785484888
2026-07-31T08:05:21Z,270,25,3,2,0,0,1,1,1,1785476595
2026-07-31T08:05:21Z,271,0,0,17,2,0,1,1,1,1785468500
2026-07-31T08:05:21Z,272,13,13,9,1,0,1,1,1,1785482344
2026-07-31T08:05:21Z,273,14,5,1,0,0,1,1,1,1785483199
2026-07-31T08:05:21Z,274,18,8,0,1,0,1,1,1,1785472651
2026-07-31T08:05:21Z,275,13,0,6,2,2,1,1,1,1785485015
2026-07-31T08:05:21Z,276,1,0,26,0,0,1,1,1,1785477868
2026-07-31T08:05:21Z,277,12,1,6,5,0,1,1,1,1785484932
2026-07-31T08:05:21Z,278,22,0,6,2,1,1,1,1,1785484975
2026-07-31T08:05:21Z,279,16,0,3,0,0,1,1,1,1785483819
2026-07-31T08:05:21Z,280,11,1,18,2,0,1,1,1,1785485029
2026-07-31T08:05:21Z,281,19,0,0,0,0,1,1,1,1785466757
2026-07-31T08:05:21Z,282,5,2,13,0,0,1,1,1,1785484887
2026-07-31T08:05:21Z,283,34,1,1,0,0,1,1,1,1785484709
2026-07-31T08:05:21Z,284,19,5,14,2,0,1,1,1,1785482962
2026-07-31T08:05:21Z,285,8,7,15,0,0,1,1,1,1785484521
2026-07-31T08:05:21Z,286,19,18,2,2,0,1,1,1,1785484889
2026-07-31T08:05:21Z,287,13,4,7,3,0,1,1,1,1785483416
2026-07-31T08:05:21Z,288,14,10,5,0,0,1,1,1,1785480320
2026-07-31T08:05:21Z,289,22,1,2,3,0,1,1,1,1785484050
2026-07-31T08:05:21Z,290,7,0,31,1,0,1,1,1,1785482049
2026-07-31T08:05:21Z,291,7,2,14,2,0,1,1,1,1785483985
2026-07-31T08:05:21Z,292,22,0,1,0,0,1,1,1,1785482223
2026-07-31T08:05:21Z,293,16,10,7,0,0,1,1,1,1785479995
2026-07-31T08:05:21Z,294,0,0,21,1,0,1,1,1,1785484439
2026-07-31T08:05:21Z,297,10,1,6,2,1,1,1,1,1785482856
2026-07-31T08:05:21Z,301,17,0,2,0,0,1,1,1,1785480715
2026-07-31T08:05:21Z,302,0,0,23,0,0,1,1,1,1785478135
2026-07-31T08:05:21Z,303,19,0,0,0,0,1,1,1,1785481123
2026-07-31T08:05:21Z,304,0,0,0,0,0,0,1,1,86400
2026-07-31T08:05:21Z,305,19,0,0,0,0,1,1,1,1785477474
2026-07-31T08:05:21Z,306,2,0,29,1,0,1,1,1,1785481204
2026-07-31T08:05:21Z,307,17,1,4,1,1,1,1,1,1785484838
2026-07-31T08:05:21Z,308,14,0,3,2,0,1,1,1,1785478365
2026-07-31T08:05:21Z,309,0,0,13,1,0,1,1,1,1785483114
2026-07-31T08:05:21Z,311,15,0,0,0,0,1,1,1,1785476190
2026-07-31T08:05:21Z,312,6,3,12,4,1,1,1,1,1785484849
2026-07-31T08:05:21Z,313,3,1,12,0,0,1,1,1,1785479124
2026-07-31T08:05:21Z,314,4,3,11,3,0,1,1,1,1785477432
2026-07-31T08:05:21Z,315,23,6,5,3,0,1,1,1,1785478922
2026-07-31T08:05:21Z,316,4,1,2,24,1,1,1,1,1785484997
2026-07-31T08:05:21Z,317,0,0,30,0,1,1,1,1,1785485004
2026-07-31T08:05:21Z,318,16,0,3,0,0,1,1,1,1785478379
2026-07-31T08:05:21Z,319,17,3,5,1,0,1,1,1,1785484119
2026-07-31T08:05:21Z,320,18,5,0,1,0,1,1,1,1785483872
2026-07-31T08:05:21Z,321,8,1,7,4,0,1,1,1,1785484950
2026-07-31T08:05:21Z,322,5,1,23,1,0,1,1,1,1785484798
2026-07-31T08:05:21Z,323,8,0,11,0,0,1,1,1,1785476374
2026-07-31T08:05:21Z,324,7,2,19,1,0,1,1,1,1785485100
2026-07-31T08:05:21Z,325,4,3,21,2,0,1,1,1,1785484701
2026-07-31T08:05:21Z,327,25,0,1,1,0,1,1,1,1785484022
2026-07-31T08:05:21Z,328,20,0,1,1,0,1,1,1,1785484794
2026-07-31T08:05:21Z,329,17,0,0,2,0,1,1,1,1785480406
2026-07-31T08:05:21Z,330,3,0,19,0,0,1,1,1,1785484286
2026-07-31T08:05:21Z,331,9,2,13,1,0,1,1,1,1785481784
2026-07-31T08:05:21Z,332,9,2,8,2,0,1,1,1,1785484656
2026-07-31T08:05:21Z,333,1,1,21,1,0,1,1,1,1785482520
2026-07-31T08:05:21Z,334,11,9,12,0,0,1,1,1,1785484661
2026-07-31T08:05:21Z,335,3,2,18,1,1,1,1,1,1785477902
2026-07-31T08:05:21Z,336,18,2,1,0,0,1,1,1,1785483787
2026-07-31T08:05:21Z,337,17,3,1,5,0,1,1,1,1785485019
2026-07-31T08:05:21Z,338,18,8,1,0,0,1,1,1,1785484469
2026-07-31T08:05:21Z,339,18,10,4,1,0,1,1,1,1785484330
2026-07-31T08:05:21Z,340,14,11,0,1,0,1,1,1,1785470343
2026-07-31T08:05:21Z,341,11,4,8,0,0,1,1,1,1785479749
2026-07-31T08:05:21Z,342,13,7,0,2,0,1,1,1,1785475446
2026-07-31T08:05:21Z,343,20,1,2,1,0,1,1,1,1785480772
2026-07-31T08:05:21Z,344,23,9,0,0,0,1,1,1,1785484887
2026-07-31T08:05:21Z,345,19,3,0,0,0,1,1,1,1785484144
2026-07-31T08:05:21Z,346,7,5,16,0,0,1,1,1,1785479213
2026-07-31T08:05:21Z,347,0,0,42,2,0,1,1,1,1785485100
2026-07-31T08:05:21Z,348,21,3,0,1,1,1,1,1,1785484958
2026-07-31T08:05:21Z,349,5,1,14,0,0,1,1,1,1785484069
2026-07-31T08:05:21Z,350,24,3,1,1,1,1,1,1,1785482374
2026-07-31T08:05:21Z,351,20,3,0,3,0,1,1,1,1785484948
2026-07-31T08:05:21Z,355,23,1,0,0,0,1,1,1,1785477413
2026-07-31T08:05:21Z,356,17,2,2,0,0,1,1,1,1785482282
2026-07-31T08:05:21Z,357,13,4,6,0,0,1,1,1,1785484599
2026-07-31T08:05:21Z,358,24,4,2,1,0,1,1,1,1785483982
2026-07-31T08:05:21Z,359,22,0,5,0,0,1,1,1,1785482858
2026-07-31T08:05:21Z,360,16,4,1,2,0,1,1,1,1785479093
2026-07-31T08:05:21Z,362,17,5,0,2,0,1,1,1,1785482014
2026-07-31T08:05:21Z,363,0,0,27,0,0,1,1,1,1785483419
2026-07-31T08:05:21Z,364,19,3,0,0,0,1,1,1,1785483692
2026-07-31T08:05:21Z,365,18,6,2,3,0,1,1,1,1785483765
2026-07-31T08:05:21Z,366,13,6,3,7,0,1,1,1,1785485064
2026-07-31T08:05:21Z,367,16,9,1,2,0,1,1,1,1785478153
2026-07-31T08:05:21Z,368,20,3,1,2,0,1,1,1,1785482737
2026-07-31T08:05:21Z,370,16,9,11,0,0,1,1,1,1785479785
2026-07-31T08:05:21Z,371,4,2,14,1,0,1,1,1,1785484735
2026-07-31T08:05:21Z,372,8,2,7,0,0,1,1,1,1785482153
2026-07-31T08:05:21Z,373,23,8,4,0,0,1,1,1,1785484894
2026-07-31T08:05:21Z,374,17,7,0,2,0,1,1,1,1785484995
2026-07-31T08:05:21Z,375,22,5,3,2,0,1,1,1,1785482460
2026-07-31T08:05:21Z,376,30,4,4,5,0,1,1,1,1785482242
2026-07-31T08:05:21Z,377,24,8,3,0,0,1,1,1,1785483409
2026-07-31T08:05:21Z,378,22,5,0,1,1,1,1,1,1785484909
2026-07-31T08:05:21Z,379,15,0,12,0,0,1,1,1,1785482863
2026-07-31T08:05:21Z,380,22,7,0,1,0,1,1,1,1785476861
2026-07-31T08:05:21Z,381,14,0,9,0,0,1,1,1,1785482950
2026-07-31T08:05:21Z,383,12,0,1,2,0,1,1,1,1785480220
2026-07-31T08:05:21Z,384,26,1,0,1,0,1,1,1,1785479554
2026-07-31T08:05:21Z,385,16,4,1,1,0,1,1,1,1785480137
2026-07-31T08:05:21Z,387,21,2,2,0,0,1,1,1,1785484597
2026-07-31T08:05:21Z,388,16,3,33,0,0,1,1,1,1785481664
2026-07-31T08:05:21Z,389,10,8,5,0,0,1,1,1,1785482275
2026-07-31T08:05:21Z,390,19,1,16,0,0,1,1,1,1785485014
2026-07-31T08:05:21Z,391,4,0,10,1,0,1,1,1,1785475375
2026-07-31T08:05:21Z,392,3,3,15,1,0,1,1,1,1785484860
2026-07-31T08:05:21Z,393,3,3,5,3,0,1,1,1,1785480120
2026-07-31T08:05:21Z,394,9,6,2,2,0,1,1,1,1785481308
2026-07-31T08:05:21Z,396,7,7,32,3,0,1,1,1,1785483097
2026-07-31T08:05:21Z,397,4,4,27,0,0,1,1,1,1785479502
2026-07-31T08:05:21Z,399,13,2,2,2,0,1,1,1,1785483706
2026-07-31T08:05:21Z,400,11,6,9,3,0,1,1,1,1785483812
2026-07-31T08:05:21Z,401,10,0,21,8,0,1,1,1,1785475540
2026-07-31T08:05:21Z,403,4,0,25,2,0,1,1,1,1785484977
2026-07-31T08:05:21Z,404,2,1,20,1,0,1,1,1,1785484688
2026-07-31T08:05:21Z,406,2,0,32,1,0,1,1,1,1785476032
2026-07-31T08:05:21Z,407,16,3,17,1,0,1,1,1,1785484887
2026-07-31T08:05:21Z,408,12,2,20,1,0,1,1,1,1785480622
2026-07-31T08:05:21Z,409,0,0,20,3,0,1,1,1,1785474552
2026-07-31T08:05:21Z,413,20,4,1,2,0,1,1,1,1785484683
2026-07-31T08:05:21Z,414,13,4,1,1,0,1,1,1,1785484204
2026-07-31T08:05:21Z,417,11,7,8,0,0,1,1,1,1785478784
2026-07-31T08:05:21Z,418,1,0,13,1,0,1,1,1,1785476979
2026-07-31T08:05:21Z,419,10,0,12,1,0,1,1,1,1785476705
2026-07-31T08:05:21Z,421,1,0,18,0,0,1,1,1,1785475529
2026-07-31T08:05:21Z,422,3,3,24,0,0,1,1,1,1785484728
2026-07-31T08:05:21Z,423,6,1,17,0,0,1,1,1,1785477801
2026-07-31T08:05:21Z,424,0,0,12,3,0,1,1,1,1785484825
2026-07-31T08:05:21Z,425,20,0,1,0,1,1,1,1,1785482287
2026-07-31T08:05:21Z,426,0,0,35,2,0,1,1,1,1785483994
2026-07-31T08:05:21Z,427,14,1,0,1,0,1,1,1,1785484931
2026-07-31T08:05:21Z,428,13,1,5,1,0,1,1,1,1785482000
2026-07-31T08:05:21Z,429,3,0,18,2,0,1,1,1,1785484843
2026-07-31T08:05:21Z,430,28,0,0,3,0,1,1,1,1785484440
2026-07-31T08:05:21Z,431,14,0,18,1,0,1,1,1,1785477264
2026-07-31T08:05:21Z,432,19,0,10,2,0,1,1,1,1785484695
2026-07-31T08:05:21Z,433,19,6,3,1,0,1,1,1,1785477238
2026-07-31T08:05:21Z,437,2,0,16,1,0,1,1,1,1785485032
2026-07-31T08:05:21Z,438,17,0,1,1,0,1,1,1,1785484832
2026-07-31T08:05:21Z,439,5,0,10,0,0,1,1,1,1785472574
2026-07-31T08:05:21Z,440,12,0,1,2,0,1,1,1,1785478593
2026-07-31T08:05:21Z,441,10,2,4,1,0,1,1,1,1785482848
2026-07-31T08:05:21Z,442,17,9,1,1,0,1,1,1,1785481675
2026-07-31T08:05:21Z,443,4,2,23,0,0,1,1,1,1785472492
2026-07-31T08:05:21Z,444,2,2,21,0,0,1,1,1,1785476160
2026-07-31T08:05:21Z,445,7,2,15,1,0,1,1,1,1785485058
2026-07-31T08:05:21Z,446,1,1,21,1,0,1,1,1,1785470328
2026-07-31T08:05:21Z,447,3,0,18,1,1,1,1,1,1785467157
2026-07-31T08:05:21Z,448,9,4,5,1,0,1,1,1,1785484738
2026-07-31T08:05:21Z,452,7,6,11,1,0,1,1,1,1785483617
2026-07-31T08:05:21Z,453,7,5,7,1,0,1,1,1,1785485031
2026-07-31T08:05:21Z,454,9,0,10,0,0,1,1,1,1785484271
2026-07-31T08:05:21Z,455,0,0,39,0,0,1,1,1,1785483866
2026-07-31T08:05:21Z,456,9,0,10,1,0,1,1,1,1785484991
2026-07-31T08:05:21Z,457,25,2,0,2,0,1,1,1,1785481257
2026-07-31T08:05:21Z,458,16,6,7,0,0,1,1,1,1785484716
2026-07-31T08:05:21Z,459,15,0,0,0,0,1,1,1,1785481242
2026-07-31T08:05:21Z,460,20,2,2,1,0,1,1,1,1785484847
2026-07-31T08:05:21Z,461,6,1,13,0,0,1,1,1,1785484451
2026-07-31T08:05:21Z,462,7,0,14,0,0,1,1,1,1785483226
2026-07-31T08:05:21Z,463,13,1,6,0,0,1,1,1,1785475514
2026-07-31T08:05:21Z,464,3,1,11,0,0,1,1,1,1785480808
2026-07-31T08:05:21Z,465,0,0,14,1,0,1,1,1,1785484799
2026-07-31T08:05:21Z,466,11,3,2,2,0,1,1,1,1785470197
2026-07-31T08:05:21Z,467,5,1,13,1,0,1,1,1,1785471818
2026-07-31T08:05:21Z,468,17,1,1,1,0,1,1,1,1785473309
2026-07-31T08:05:21Z,469,2,1,21,0,0,1,1,1,1785473803
2026-07-31T08:05:21Z,470,13,1,0,2,0,1,1,1,1785480402
2026-07-31T08:05:21Z,471,20,2,7,0,0,1,1,1,1785475642
2026-07-31T08:05:21Z,472,18,6,0,1,0,1,1,1,1785484799
2026-07-31T08:05:21Z,473,19,5,0,0,0,1,1,1,1785474055
2026-07-31T08:05:21Z,474,18,0,1,0,0,1,1,1,1785482659
2026-07-31T08:05:21Z,475,3,0,15,1,0,1,1,1,1785483842
2026-07-31T08:05:21Z,477,12,8,2,1,0,1,1,1,1785479943
2026-07-31T08:05:21Z,478,6,0,24,1,0,1,1,1,1785483785
2026-07-31T08:05:21Z,479,1,0,25,1,0,1,1,1,1785481762
2026-07-31T08:05:21Z,480,2,0,10,3,0,1,1,1,1785482640
2026-07-31T08:05:21Z,481,26,1,8,1,0,1,1,1,1785484874
2026-07-31T08:05:21Z,482,18,6,1,0,0,1,1,1,1785484337
2026-07-31T08:05:21Z,483,1,0,24,2,0,1,1,1,1785485092
2026-07-31T08:05:21Z,484,8,2,10,1,0,1,1,1,1785485000
2026-07-31T08:05:21Z,485,16,6,1,1,1,1,1,1,1785484848
2026-07-31T08:05:21Z,486,25,6,0,2,0,1,1,1,1785484821
2026-07-31T08:05:21Z,487,6,4,12,1,0,1,1,1,1785481399
2026-07-31T08:05:21Z,489,14,6,1,0,0,1,1,1,1785484134
2026-07-31T08:05:21Z,490,1,1,15,0,0,1,1,1,1785474401
2026-07-31T08:05:21Z,491,4,1,17,0,0,1,1,1,1785483175
2026-07-31T08:05:21Z,492,5,3,2,4,0,1,1,1,1785485109
2026-07-31T08:05:21Z,493,0,0,26,1,0,1,1,1,1785478572
2026-07-31T08:05:21Z,495,12,1,2,1,0,1,1,1,1785472753
2026-07-31T08:05:21Z,496,27,1,0,0,0,1,1,1,1785476805
2026-07-31T08:05:21Z,497,17,0,1,1,0,1,1,1,1785473754
2026-07-31T08:05:21Z,498,21,3,1,1,0,1,1,1,1785484089
2026-07-31T08:05:21Z,499,18,2,1,0,0,1,1,1,1785482441
2026-07-31T08:05:21Z,500,10,5,0,5,0,1,1,1,1785474639
2026-07-31T08:05:21Z,501,9,3,12,0,0,1,1,1,1785472226
2026-07-31T08:05:21Z,502,6,0,13,0,0,1,1,1,1785473972
2026-07-31T08:05:21Z,503,26,0,4,1,0,1,1,1,1785482589
2026-07-31T08:05:21Z,504,0,0,39,0,0,1,1,1,1785475893
2026-07-31T08:05:21Z,505,11,2,0,1,0,1,1,1,1785475102
2026-07-31T08:05:21Z,511,1,1,22,0,0,1,1,1,1785477213
2026-07-31T08:05:21Z,512,7,0,20,0,0,1,1,1,1785480589
2026-07-31T08:05:21Z,514,10,0,0,1,0,1,1,1,1785473367
2026-07-31T08:05:21Z,515,2,0,17,0,0,1,1,1,1785475097
2026-07-31T08:05:21Z,516,0,0,27,0,0,1,1,1,1785484039
2026-07-31T08:05:21Z,517,14,3,8,1,0,1,1,1,1785477619
2026-07-31T08:05:21Z,518,14,1,0,1,0,1,1,1,1785481277
2026-07-31T08:05:21Z,519,4,0,13,2,0,1,1,1,1785483784
2026-07-31T08:05:21Z,520,10,6,11,5,1,1,1,1,1785485110
2026-07-31T08:05:21Z,521,17,5,6,0,0,1,1,1,1785479613
2026-07-31T08:05:21Z,522,0,0,22,1,0,1,1,1,1785483971
2026-07-31T08:05:21Z,523,6,3,16,1,0,1,1,1,1785481269
2026-07-31T08:05:21Z,524,0,0,23,0,0,1,1,1,1785482014
2026-07-31T08:05:21Z,525,9,0,10,0,0,1,1,1,1785484441
2026-07-31T08:05:21Z,526,12,1,1,2,0,1,1,1,1785484277
2026-07-31T08:05:21Z,527,6,4,17,3,0,1,1,1,1785484888
2026-07-31T08:05:21Z,528,21,2,1,1,0,1,1,1,1785474198
2026-07-31T08:05:21Z,529,5,2,8,6,0,1,1,1,1785485110
2026-07-31T08:05:21Z,530,16,1,3,2,0,1,1,1,1785482854
2026-07-31T08:05:21Z,531,21,1,0,1,1,1,1,1,1785477777
2026-07-31T08:05:21Z,532,3,3,26,1,1,1,1,1,1785481447
2026-07-31T08:05:21Z,533,7,0,10,2,0,1,1,1,1785481340
2026-07-31T08:05:21Z,534,14,1,9,0,0,1,1,1,1785482633
2026-07-31T08:05:21Z,535,2,0,13,0,0,1,1,1,1785478138
2026-07-31T08:05:21Z,536,2,0,21,0,0,1,1,1,1785484779
2026-07-31T08:05:21Z,537,0,0,20,0,0,1,1,1,1785482824
2026-07-31T08:05:21Z,538,21,8,0,0,2,1,1,1,1785484949
2026-07-31T08:05:21Z,539,4,4,27,0,0,1,1,1,1785470894
2026-07-31T08:05:21Z,540,2,1,17,0,0,1,1,1,1785476481
2026-07-31T08:05:21Z,541,26,2,0,1,0,1,1,1,1785480778
2026-07-31T08:05:21Z,542,2,2,21,0,0,1,1,1,1785467748
2026-07-31T08:05:21Z,543,17,2,1,1,0,1,1,1,1785477292
2026-07-31T08:05:21Z,544,14,1,4,4,0,1,1,1,1785474116
2026-07-31T08:05:21Z,545,0,0,17,2,0,1,1,1,1785484892
2026-07-31T08:05:21Z,546,14,6,5,0,0,1,1,1,1785482694
2026-07-31T08:05:21Z,547,19,0,6,0,0,1,1,1,1785484975
2026-07-31T08:05:21Z,548,13,0,10,0,0,1,1,1,1785483616
2026-07-31T08:05:21Z,549,20,0,3,0,0,1,1,1,1785484306
2026-07-31T08:05:21Z,550,17,2,2,0,0,1,1,1,1785484216
2026-07-31T08:05:21Z,551,16,4,7,0,0,1,1,1,1785472754
2026-07-31T08:05:21Z,552,27,3,0,0,0,1,1,1,1785474710
2026-07-31T08:05:21Z,553,22,5,0,0,1,1,1,1,1785484872
2026-07-31T08:05:21Z,554,1,1,18,0,0,1,1,1,1785481543
2026-07-31T08:05:21Z,555,14,6,0,1,0,1,1,1,1785473227
2026-07-31T08:05:21Z,556,21,4,0,2,0,1,1,1,1785485006
2026-07-31T08:05:21Z,557,6,4,12,5,0,1,1,1,1785481664
2026-07-31T08:05:21Z,558,27,4,10,0,0,1,1,1,1785482878
2026-07-31T08:05:21Z,559,0,0,18,1,0,1,1,1,1785471117
2026-07-31T08:05:21Z,560,8,0,19,0,0,1,1,1,1785481488
2026-07-31T08:05:21Z,561,13,1,9,1,0,1,1,1,1785475550
2026-07-31T08:05:21Z,562,3,0,29,3,0,1,1,1,1785474061
2026-07-31T08:05:21Z,563,11,1,3,0,0,1,1,1,1785482241
2026-07-31T08:05:21Z,564,12,0,6,1,0,1,1,1,1785482523
2026-07-31T08:05:21Z,565,6,2,13,0,0,1,1,1,1785482411
2026-07-31T08:05:21Z,566,16,0,2,1,0,1,1,1,1785484798
2026-07-31T08:05:21Z,567,24,0,2,1,0,1,1,1,1785477137
2026-07-31T08:05:21Z,568,13,0,5,1,0,1,1,1,1785483409
2026-07-31T08:05:21Z,569,17,3,2,0,0,1,1,1,1785480726
2026-07-31T08:05:21Z,570,12,1,7,0,0,1,1,1,1785484161
2026-07-31T08:05:21Z,571,0,0,22,1,0,1,1,1,1785485090
2026-07-31T08:05:21Z,572,17,5,2,0,0,1,1,1,1785475634
2026-07-31T08:05:21Z,573,13,0,2,0,0,1,1,1,1785484177
2026-07-31T08:05:21Z,574,10,3,5,0,0,1,1,1,1785478785
2026-07-31T08:05:21Z,575,5,1,15,1,0,1,1,1,1785482094
2026-07-31T08:05:21Z,576,3,0,14,2,0,1,1,1,1785484547
2026-07-31T08:05:21Z,577,13,0,18,0,0,1,1,1,1785484139
2026-07-31T08:05:21Z,578,14,9,8,1,0,1,1,1,1785484622
2026-07-31T08:05:21Z,579,4,0,39,0,0,1,1,1,1785482722
2026-07-31T08:05:21Z,580,4,0,25,0,0,1,1,1,1785479325
2026-07-31T08:05:21Z,581,19,3,0,0,0,1,1,1,1785478520
2026-07-31T08:05:21Z,582,22,0,38,1,0,1,1,1,1785484830
2026-07-31T08:05:21Z,583,23,1,0,0,0,1,1,1,1785480947
2026-07-31T08:05:21Z,584,9,4,6,4,0,1,1,1,1785475747
2026-07-31T08:05:21Z,585,16,3,10,0,1,1,1,1,1785482653
2026-07-31T08:05:21Z,586,14,0,21,0,0,1,1,1,1785482020
2026-07-31T08:05:21Z,587,20,0,3,1,0,1,1,1,1785482282
2026-07-31T08:05:21Z,588,12,4,4,3,0,1,1,1,1785485045
2026-07-31T08:05:21Z,589,0,0,0,23,0,1,1,1,1785484898
2026-07-31T08:05:21Z,590,19,4,11,1,0,1,1,1,1785479272
2026-07-31T08:05:21Z,591,28,1,0,2,0,1,1,1,1785470989
2026-07-31T08:05:21Z,592,12,0,11,0,0,1,1,1,1785483987
2026-07-31T08:05:21Z,593,0,0,38,0,0,1,1,1,1785476655
2026-07-31T08:05:21Z,594,7,0,11,3,0,1,1,1,1785485108
2026-07-31T08:05:21Z,595,0,0,3,0,0,0,1,1,1784046673
2026-07-31T08:05:21Z,605,0,0,2,1,0,0,1,1,1783975843
2026-07-31T08:05:21Z,606,0,0,0,0,0,0,1,1,86400
2026-07-31T08:05:21Z,607,9,0,22,1,0,1,1,1,1785483920
2026-07-31T08:05:21Z,608,0,0,50,0,0,1,1,1,1785482473
2026-07-31T08:05:21Z,609,1,0,22,0,0,1,1,1,1785483893
2026-07-31T08:05:21Z,610,0,0,35,0,0,1,1,1,1785463583
2026-07-31T08:05:21Z,611,12,0,14,1,0,1,1,1,1785483600
2026-07-31T08:05:21Z,612,6,1,9,0,0,1,1,1,1785472015
2026-07-31T08:05:21Z,613,9,0,3,3,0,1,1,1,1785472894
2026-07-31T08:05:21Z,614,0,0,24,2,1,1,1,1,1785474126
2026-07-31T08:05:21Z,617,12,0,1,2,0,1,1,1,1785482239
2026-07-31T08:05:21Z,618,13,2,1,5,0,1,1,1,1785473502
2026-07-31T08:05:21Z,619,7,2,12,0,0,1,1,1,1785483534
2026-07-31T08:05:21Z,620,0,0,25,2,0,1,1,1,1785478133
2026-07-31T08:05:21Z,621,14,4,9,0,0,1,1,1,1785480136
2026-07-31T08:05:21Z,622,5,2,17,1,0,1,1,1,1785480182
2026-07-31T08:05:21Z,623,9,2,20,1,0,1,1,1,1785475996
2026-07-31T08:05:21Z,624,2,0,13,0,0,1,1,1,1785470898
2026-07-31T08:05:21Z,625,5,0,14,2,0,1,1,1,1785484305
2026-07-31T08:05:21Z,626,0,0,45,0,2,1,1,1,1785469585
2026-07-31T08:05:21Z,627,14,7,5,0,0,1,1,1,1785473336
2026-07-31T08:05:21Z,628,0,0,15,2,2,1,1,1,1785484967
2026-07-31T08:05:21Z,629,4,1,6,1,0,1,1,1,1785485031
2026-07-31T08:05:21Z,630,3,2,21,3,0,1,1,1,1785484841
2026-07-31T08:05:21Z,631,2,1,21,0,0,1,1,1,1785471593
2026-07-31T08:05:21Z,632,22,2,0,1,0,1,1,1,1785458363
2026-07-31T08:05:21Z,633,11,1,0,4,0,1,1,1,1785484828
2026-07-31T08:05:21Z,634,11,2,8,0,0,1,1,1,1785478804
2026-07-31T08:05:21Z,635,16,1,3,0,0,1,1,1,1785475442
2026-07-31T08:05:21Z,636,10,2,5,0,0,1,1,1,1785484858
2026-07-31T08:05:21Z,637,8,0,11,0,0,1,1,1,1785483457
2026-07-31T08:05:21Z,638,9,2,7,3,0,1,1,1,1785473314
2026-07-31T08:05:21Z,639,5,1,11,3,0,1,1,1,1785479066
2026-07-31T08:05:21Z,640,1,1,21,1,0,1,1,1,1785484843
2026-07-31T08:05:21Z,641,19,0,5,2,0,1,1,1,1785484887
2026-07-31T08:05:21Z,642,3,2,8,8,0,1,1,1,1785485109
2026-07-31T08:05:21Z,643,1,0,18,8,0,1,1,1,1785485112
2026-07-31T08:05:21Z,644,12,0,2,1,0,1,1,1,1785475510
2026-07-31T08:05:21Z,645,11,0,10,1,1,1,1,1,1785480904
2026-07-31T08:05:21Z,646,7,2,12,0,0,1,1,1,1785485037
2026-07-31T08:05:21Z,647,31,1,0,0,0,1,1,1,1785469507
2026-07-31T08:05:21Z,648,6,0,12,1,0,1,1,1,1785483627
2026-07-31T08:05:21Z,649,19,2,11,1,0,1,1,1,1785484522
2026-07-31T08:05:21Z,650,5,1,9,0,0,1,1,1,1785461548
2026-07-31T08:05:21Z,651,11,9,12,0,0,1,1,1,1785482207
2026-07-31T08:05:21Z,652,4,2,17,2,0,1,1,1,1785484831
2026-07-31T08:05:21Z,653,8,1,9,2,0,1,1,1,1785481487
2026-07-31T08:05:21Z,654,2,2,13,0,0,1,1,1,1785480995
2026-07-31T08:05:21Z,655,6,3,2,4,1,1,1,1,1785485029
2026-07-31T08:05:21Z,656,18,6,1,0,0,1,1,1,1785482316
2026-07-31T08:05:21Z,657,9,1,3,2,3,1,1,1,1785485072
2026-07-31T08:05:21Z,658,9,1,1,0,0,1,1,1,1785473427
2026-07-31T08:05:21Z,659,8,3,5,2,0,1,1,1,1785482005
2026-07-31T08:05:21Z,660,13,0,14,4,0,1,1,1,1785484864
2026-07-31T08:05:21Z,661,1,1,18,0,0,1,1,1,1785474064
2026-07-31T08:05:21Z,662,7,5,14,2,0,1,1,1,1785480458
2026-07-31T08:05:21Z,663,14,6,0,1,0,1,1,1,1785472341
2026-07-31T08:05:21Z,664,0,0,27,0,0,1,1,1,1785472715
2026-07-31T08:05:21Z,665,12,3,3,0,0,1,1,1,1785479255
2026-07-31T08:05:21Z,666,7,2,6,2,0,1,1,1,1785473808
2026-07-31T08:05:21Z,667,0,0,19,0,0,1,1,1,1785482992
2026-07-31T08:05:21Z,668,10,1,8,1,0,1,1,1,1785484022
2026-07-31T08:05:21Z,669,14,5,0,0,0,1,1,1,1785473569
2026-07-31T08:05:21Z,670,11,2,16,0,0,1,1,1,1785482280
2026-07-31T08:05:21Z,671,26,5,0,1,0,1,1,1,1785475719
2026-07-31T08:05:21Z,672,13,2,6,3,1,1,1,1,1785476904
2026-07-31T08:05:21Z,673,12,1,9,2,0,1,1,1,1785485079
2026-07-31T08:05:21Z,674,3,2,17,3,0,1,1,1,1785484863
2026-07-31T08:05:21Z,675,12,6,1,2,0,1,1,1,1785484959
2026-07-31T08:05:21Z,676,4,1,17,1,0,1,1,1,1785479831
2026-07-31T08:05:21Z,681,12,3,1,2,0,1,1,1,1785484717
2026-07-31T08:05:21Z,682,4,1,14,1,0,1,1,1,1785387864
2026-07-31T08:05:21Z,683,4,1,15,0,0,1,1,1,1785484694
2026-07-31T08:05:21Z,684,4,0,23,0,0,1,1,1,1785473502
2026-07-31T08:05:21Z,685,10,0,15,1,1,1,1,1,1785476486
2026-07-31T08:05:21Z,686,12,0,13,1,1,1,1,1,1785484944
2026-07-31T08:05:21Z,687,11,0,18,1,1,1,1,1,1785484830
2026-07-31T08:05:21Z,688,9,0,3,7,0,1,1,1,1785484893
2026-07-31T08:05:21Z,692,1,0,20,0,0,1,1,1,1785483973
2026-07-31T08:05:21Z,693,5,0,3,3,0,1,1,1,1785483558
2026-07-31T08:05:21Z,694,9,5,12,0,0,1,1,1,1785485108
2026-07-31T08:05:21Z,695,17,11,6,0,0,1,1,1,1785483421
2026-07-31T08:05:21Z,696,19,14,3,1,0,1,1,1,1785483339
2026-07-31T08:05:21Z,697,19,1,4,0,0,1,1,1,1785484766
2026-07-31T08:05:21Z,698,27,0,0,0,0,1,1,1,1785484293
2026-07-31T08:05:21Z,699,7,0,7,1,0,1,1,1,1785483845
2026-07-31T08:05:21Z,700,19,4,0,0,0,1,1,1,1785483962
2026-07-31T08:05:21Z,701,17,6,2,0,0,1,1,1,1785483395
2026-07-31T08:05:21Z,702,19,0,3,1,0,1,1,1,1785484708
2026-07-31T08:05:21Z,704,9,2,6,0,0,1,1,1,1785484619
2026-07-31T08:05:21Z,705,5,3,9,1,0,1,1,1,1785484084
2026-07-31T08:05:21Z,706,12,2,0,3,0,1,1,1,1785484933
2026-07-31T08:05:21Z,707,10,2,5,0,0,1,1,1,1785484015
2026-07-31T08:05:21Z,708,19,3,0,0,0,1,1,1,1785484209
2026-07-31T08:05:21Z,709,11,1,1,3,0,1,1,1,1785484022
2026-07-31T08:05:21Z,710,16,3,2,1,0,1,1,1,1785483439
2026-07-31T08:05:21Z,711,19,4,0,4,0,1,1,1,1785483500
2026-07-31T08:05:21Z,712,15,10,0,0,0,1,1,1,1785483953
2026-07-31T08:05:21Z,713,6,0,17,0,0,1,1,1,1785484470
2026-07-31T08:05:21Z,716,3,1,12,0,0,1,1,1,1785483727
2026-07-31T08:05:21Z,717,2,1,20,3,0,1,1,1,1785483795
2026-07-31T08:05:21Z,718,2,1,12,1,0,1,1,1,1785483618
2026-07-31T08:05:21Z,719,7,1,22,0,0,1,1,1,1785484770
2026-07-31T08:05:21Z,720,2,1,17,0,0,1,1,1,1785484021
2026-07-31T08:05:21Z,721,0,0,21,2,0,1,1,1,1785484809
2026-07-31T08:05:21Z,722,5,0,10,0,0,1,1,1,1785483773
2026-07-31T08:05:21Z,723,12,1,11,0,0,1,1,1,1785483792
2026-07-31T08:05:21Z,724,21,4,2,0,0,1,1,1,1785484957
2026-07-31T08:05:21Z,725,22,6,0,1,0,1,1,1,1785484523
2026-07-31T08:05:21Z,726,19,3,0,0,0,1,1,1,1785484735
2026-07-31T08:05:21Z,727,9,4,12,2,0,1,1,1,1785484755
2026-07-31T08:05:21Z,728,10,1,5,0,0,1,1,1,1785484325
2026-07-31T08:05:21Z,729,6,0,13,0,0,1,1,1,1785483381
2026-07-31T08:05:21Z,730,3,2,10,2,0,1,1,1,1785484916
2026-07-31T08:05:21Z,731,10,3,4,1,0,1,1,1,1785484027
2026-07-31T08:05:21Z,732,9,5,6,0,0,1,1,1,1785485068
2026-07-31T08:05:21Z,733,4,0,23,0,0,1,1,1,1785484031
2026-07-31T08:05:21Z,734,0,0,14,0,0,1,1,1,1785485036
2026-07-31T08:05:21Z,735,4,3,23,0,0,1,1,1,1785483897
2026-07-31T08:05:21Z,736,7,1,12,0,0,1,1,1,1785484457
2026-07-31T08:05:21Z,737,4,3,10,0,1,1,1,1,1785484437
2026-07-31T08:05:21Z,738,16,5,1,2,0,1,1,1,1785484396
2026-07-31T08:05:21Z,739,19,2,7,1,0,1,1,1,1785484045
2026-07-31T08:05:21Z,741,7,1,16,0,0,1,1,1,1785484347
2026-07-31T08:05:21Z,742,9,4,24,2,0,1,1,1,1785484850
2026-07-31T08:05:21Z,743,8,3,9,2,0,1,1,1,1785484214
2026-07-31T08:05:21Z,744,11,4,3,1,0,1,1,1,1785484727
2026-07-31T08:05:21Z,745,14,4,4,1,0,1,1,1,1785484729
2026-07-31T08:05:21Z,746,13,3,8,2,0,1,1,1,1785484671
2026-07-31T08:05:21Z,747,0,0,4,0,0,0,1,1,1783446606
2026-07-31T08:05:21Z,748,10,1,13,0,0,1,1,1,1785483690
2026-07-31T08:05:21Z,749,7,5,15,1,0,1,1,1,1785483704
2026-07-31T08:05:21Z,750,4,2,7,0,0,1,1,1,1785484164
2026-07-31T08:05:21Z,751,9,0,14,0,0,1,1,1,1785484950
2026-07-31T08:05:21Z,752,13,1,3,1,0,1,1,1,1785482301
2026-07-31T08:05:21Z,753,4,0,11,0,0,1,1,1,1785484867
2026-07-31T08:05:21Z,754,2,2,12,1,0,1,1,1,1785483474
2026-07-31T08:05:21Z,755,12,3,10,1,0,1,1,1,1785483756
2026-07-31T08:05:21Z,756,2,0,35,0,0,1,1,1,1785484655
2026-07-31T08:05:21Z,757,18,9,1,0,0,1,1,1,1785483693
2026-07-31T08:05:21Z,758,23,3,0,0,0,1,1,1,1785485112
2026-07-31T08:05:21Z,759,5,3,10,0,0,1,1,1,1785484848
2026-07-31T08:05:21Z,760,8,3,11,0,0,1,1,1,1785472022
2026-07-31T08:05:21Z,761,17,0,6,0,0,1,1,1,1785484809
2026-07-31T08:05:21Z,762,7,4,4,4,0,1,1,1,1785483974
2026-07-31T08:05:21Z,768,9,0,8,2,0,1,1,1,1785484958
2026-07-31T08:05:21Z,769,16,12,3,0,0,1,1,1,1785484577
2026-07-31T08:05:21Z,770,11,3,6,2,0,1,1,1,1785484513
2026-07-31T08:05:21Z,771,13,3,1,1,0,1,1,1,1785483942
2026-07-31T08:05:21Z,772,7,3,8,0,0,1,1,1,1785484577
2026-07-31T08:05:21Z,773,15,4,4,0,0,1,1,1,1785484395
2026-07-31T08:05:21Z,774,9,5,3,3,0,1,1,1,1785484353
2026-07-31T08:05:21Z,775,6,0,11,1,1,1,1,1,1785468483
2026-07-31T08:05:21Z,776,3,1,17,1,0,1,1,1,1785484727
2026-07-31T08:05:21Z,777,10,0,2,3,0,1,1,1,1785484465
2026-07-31T08:05:21Z,778,13,0,3,3,0,1,1,1,1785484484
2026-07-31T08:05:21Z,779,8,1,10,1,0,1,1,1,1785483437
2026-07-31T08:05:21Z,780,17,4,1,1,0,1,1,1,1785484936
2026-07-31T08:05:21Z,781,6,2,3,2,0,1,1,1,1785483464
2026-07-31T08:05:21Z,782,5,3,10,4,0,1,1,1,1785484232
2026-07-31T08:05:21Z,783,7,1,12,0,0,1,1,1,1785483511
2026-07-31T08:05:21Z,784,15,2,4,0,0,1,1,1,1785484934
2026-07-31T08:05:21Z,785,12,2,2,5,0,1,1,1,1785483677
2026-07-31T08:05:21Z,786,11,5,8,0,0,1,1,1,1785483320
2026-07-31T08:05:21Z,787,11,5,2,2,0,1,1,1,1785484783
2026-07-31T08:05:21Z,788,3,0,12,0,0,1,1,1,1785484003
2026-07-31T08:05:21Z,789,9,2,2,4,0,1,1,1,1785484238
2026-07-31T08:05:21Z,790,0,0,23,0,0,1,1,1,1785484624
2026-07-31T08:05:21Z,791,7,2,11,0,1,1,1,1,1785484122
2026-07-31T08:05:21Z,793,4,0,10,1,0,1,1,1,1785484383
2026-07-31T08:05:21Z,794,10,3,17,2,0,1,1,1,1785484958
2026-07-31T08:05:21Z,796,0,0,17,2,0,1,1,1,1785484166
2026-07-31T08:05:21Z,797,0,0,15,0,0,1,1,1,1785474441
2026-07-31T08:05:21Z,798,6,0,18,1,0,1,1,1,1785483988
2026-07-31T08:05:21Z,799,14,1,1,4,0,1,1,1,1785484136
2026-07-31T08:05:21Z,800,1,0,19,1,0,1,1,1,1785483733
2026-07-31T08:05:21Z,801,4,2,16,1,0,1,1,1,1785484187
2026-07-31T08:05:21Z,802,8,0,23,0,0,1,1,1,1785484278
2026-07-31T08:05:21Z,803,1,1,14,0,0,1,1,1,1785483972
2026-07-31T08:05:21Z,806,9,4,6,0,0,1,1,1,1785484167
2026-07-31T08:05:21Z,807,15,1,7,3,0,1,1,1,1785484562
2026-07-31T08:05:21Z,808,0,0,23,2,0,1,1,1,1785472976
2026-07-31T08:05:21Z,809,5,1,17,1,0,1,1,1,1785484132
2026-07-31T08:05:21Z,810,2,0,13,4,0,1,1,1,1785484607
2026-07-31T08:05:21Z,815,4,1,6,4,1,1,1,1,1785484250
2026-07-31T08:05:21Z,817,10,5,5,0,0,1,1,1,1785483483
2026-07-31T08:05:21Z,818,6,0,16,1,0,1,1,1,1785484693
2026-07-31T08:05:21Z,819,6,4,9,0,0,1,1,1,1785460987
2026-07-31T08:05:21Z,820,8,2,9,0,0,1,1,1,1785483409
2026-07-31T08:05:21Z,821,2,1,13,0,0,1,1,1,1785484340
2026-07-31T08:05:21Z,822,1,0,20,2,0,1,1,1,1785484644
2026-07-31T08:05:21Z,823,0,0,14,1,0,1,1,1,1785483801
2026-07-31T08:05:21Z,824,10,3,8,1,0,1,1,1,1785485082
2026-07-31T08:05:21Z,825,8,5,7,0,0,1,1,1,1785462716
2026-07-31T08:05:21Z,826,10,2,8,1,0,1,1,1,1785485083
2026-07-31T08:05:21Z,827,16,5,4,1,0,1,1,1,1785484574
2026-07-31T08:05:21Z,828,8,0,9,1,0,1,1,1,1785484456
2026-07-31T08:05:21Z,829,16,7,11,0,0,1,1,1,1785483494
2026-07-31T08:05:21Z,830,11,2,11,1,0,1,1,1,1785484563
2026-07-31T08:05:21Z,831,7,2,7,1,0,1,1,1,1785483959
2026-07-31T08:05:21Z,832,10,3,5,3,0,1,1,1,1785483850
2026-07-31T08:05:21Z,833,1,0,17,1,0,1,1,1,1785483610
2026-07-31T08:05:21Z,834,1,0,22,1,0,1,1,1,1785484923
2026-07-31T08:05:21Z,835,16,6,0,2,0,1,1,1,1785483336
2026-07-31T08:05:21Z,837,5,1,0,10,0,1,1,1,1785483834
2026-07-31T08:05:21Z,838,13,3,2,0,0,1,1,1,1785484511
2026-07-31T08:05:21Z,839,18,0,11,0,0,1,1,1,1785481858
2026-07-31T08:05:21Z,840,10,4,17,2,0,1,1,1,1785484955
2026-07-31T08:05:21Z,841,7,1,8,0,0,1,1,1,1785483778
2026-07-31T08:05:21Z,842,7,2,16,0,0,1,1,1,1785483552
2026-07-31T08:05:21Z,843,8,0,22,1,0,1,1,1,1785483769
2026-07-31T08:05:21Z,844,6,0,17,0,0,1,1,1,1785483743
2026-07-31T08:05:21Z,845,5,3,12,2,0,1,1,1,1785483941
2026-07-31T08:05:21Z,846,4,0,13,2,0,1,1,1,1785484892
2026-07-31T08:05:21Z,847,7,1,20,0,0,1,1,1,1785484661
2026-07-31T08:05:21Z,848,9,2,9,1,0,1,1,1,1785484782
2026-07-31T08:05:21Z,849,7,2,8,0,0,1,1,1,1785484742
2026-07-31T08:05:21Z,850,9,0,1,1,0,1,1,1,1785484982
2026-07-31T08:05:21Z,851,3,3,32,2,0,1,1,1,1785484801
2026-07-31T08:05:21Z,852,12,6,7,0,0,1,1,1,1785483659
2026-07-31T08:05:21Z,853,10,5,13,0,0,1,1,1,1785484524
2026-07-31T08:05:21Z,854,4,2,11,0,0,1,1,1,1785484606
2026-07-31T08:05:21Z,855,24,0,3,0,0,1,1,1,1785476759
2026-07-31T08:05:21Z,857,1,1,18,0,0,1,1,1,1785483858
2026-07-31T08:05:21Z,858,4,1,14,1,0,1,1,1,1785484308
2026-07-31T08:05:21Z,859,3,0,17,1,0,1,1,1,1785484537
2026-07-31T08:05:21Z,861,8,1,2,1,0,1,1,1,1785455675
2026-07-31T08:05:21Z,862,2,1,13,0,0,1,1,1,1785483803
2026-07-31T08:05:21Z,863,13,0,5,1,0,1,1,1,1785472897
2026-07-31T08:05:21Z,866,9,3,10,0,0,1,1,1,1785484871
2026-07-31T08:05:21Z,867,12,0,3,0,0,1,1,1,1785483420
2026-07-31T08:05:21Z,868,13,2,2,0,0,1,1,1,1785483621
2026-07-31T08:05:21Z,870,7,4,6,2,0,1,1,1,1785483837
2026-07-31T08:05:21Z,871,0,0,10,1,0,1,1,1,1785485038
2026-07-31T08:05:21Z,872,0,0,14,1,0,1,1,1,1785483756
2026-07-31T08:05:21Z,873,0,0,32,1,0,1,1,1,1785483710
2026-07-31T08:05:21Z,874,5,2,7,3,0,1,1,1,1785483920
2026-07-31T08:05:21Z,875,15,11,0,0,0,1,1,1,1785484808
2026-07-31T08:05:21Z,877,11,10,6,2,0,1,1,1,1785483352
2026-07-31T08:05:21Z,878,3,2,15,1,0,1,1,1,1785483932
2026-07-31T08:05:21Z,879,1,0,18,0,0,1,1,1,1785484794
2026-07-31T08:05:21Z,880,3,0,19,1,0,1,1,1,1785484805
2026-07-31T08:05:21Z,881,2,0,17,0,0,1,1,1,1785483786
2026-07-31T08:05:21Z,882,11,0,6,2,0,1,1,1,1785457778
2026-07-31T08:05:21Z,883,10,6,9,0,0,1,1,1,1785484063
2026-07-31T08:05:21Z,884,11,7,10,0,0,1,1,1,1785483337
2026-07-31T08:05:21Z,885,1,0,18,0,0,1,1,1,1785483640
2026-07-31T08:05:21Z,886,17,1,11,1,0,1,1,1,1785484412
2026-07-31T08:05:21Z,887,2,1,12,3,0,1,1,1,1785484364
2026-07-31T08:05:21Z,888,11,0,28,2,0,1,1,1,1785484952
2026-07-31T08:05:21Z,889,17,1,0,2,0,1,1,1,1785483951
2026-07-31T08:05:21Z,890,7,4,8,0,0,1,1,1,1785472287
2026-07-31T08:05:21Z,891,16,0,6,1,0,1,1,1,1785484942
2026-07-31T08:05:21Z,892,13,1,2,0,0,1,1,1,1785469848
2026-07-31T08:05:21Z,895,0,0,18,1,0,1,1,1,1785465808
2026-07-31T08:05:21Z,896,6,0,29,0,0,1,1,1,1785483234
2026-07-31T08:05:21Z,897,11,1,10,0,0,1,1,1,1785483822
2026-07-31T08:05:21Z,898,2,0,17,0,0,1,1,1,1785483559
2026-07-31T08:05:21Z,899,0,0,18,1,0,1,1,1,1785485022
2026-07-31T08:05:21Z,900,17,0,8,2,0,1,1,1,1785484772
2026-07-31T08:05:21Z,901,12,0,6,1,0,1,1,1,1785484671
2026-07-31T08:05:21Z,902,9,0,5,1,0,1,1,1,1785483504
2026-07-31T08:05:21Z,903,15,2,4,0,0,1,1,1,1785484741
2026-07-31T08:05:21Z,904,10,4,8,1,0,1,1,1,1785483946
2026-07-31T08:05:21Z,905,4,0,23,0,0,1,1,1,1785484710
2026-07-31T08:05:21Z,906,6,4,21,0,0,1,1,1,1785484782
2026-07-31T08:05:21Z,907,5,1,26,0,0,1,1,1,1785484122
2026-07-31T08:05:21Z,908,11,0,12,0,0,1,1,1,1785483927
2026-07-31T08:05:21Z,909,14,4,8,1,0,1,1,1,1785483852
2026-07-31T08:05:21Z,910,20,0,11,0,0,1,1,1,1785484535
2026-07-31T08:05:21Z,911,3,0,16,0,0,1,1,1,1785483493
2026-07-31T08:05:21Z,912,9,5,12,2,0,1,1,1,1785484878
2026-07-31T08:05:21Z,913,3,1,16,0,0,1,1,1,1785484472
2026-07-31T08:05:21Z,914,7,1,12,0,0,1,1,1,1785484295
2026-07-31T08:05:21Z,915,9,0,13,1,0,1,1,1,1785485030
2026-07-31T08:05:21Z,916,23,8,0,0,0,1,1,1,1785484081
2026-07-31T08:05:21Z,917,3,1,30,2,0,1,1,1,1785484650
2026-07-31T08:05:21Z,918,13,5,4,2,0,1,1,1,1785483859
2026-07-31T08:05:21Z,919,15,3,23,1,0,1,1,1,1785484718
2026-07-31T08:05:21Z,920,4,2,15,0,0,1,1,1,1785484291
2026-07-31T08:05:21Z,921,12,0,9,0,0,1,1,1,1785483621
2026-07-31T08:05:21Z,922,4,1,17,0,0,1,1,1,1785484416
2026-07-31T08:05:21Z,923,18,2,1,0,0,1,1,1,1785484925
2026-07-31T08:05:21Z,924,8,2,13,0,0,1,1,1,1785484635
2026-07-31T08:05:21Z,925,13,0,8,0,0,1,1,1,1785484092
2026-07-31T08:05:21Z,926,0,0,21,0,0,1,1,1,1785484241
2026-07-31T08:05:21Z,927,0,0,35,0,0,1,1,1,1785484623
2026-07-31T08:05:21Z,928,5,3,14,0,0,1,1,1,1785464301
2026-07-31T08:05:21Z,929,0,0,23,0,0,1,1,1,1785485066
2026-07-31T08:05:21Z,930,1,0,29,1,0,1,1,1,1785484391
2026-07-31T08:05:21Z,931,8,3,15,0,0,1,1,1,1785484163
2026-07-31T08:05:21Z,932,4,0,12,3,0,1,1,1,1785484520
2026-07-31T08:05:21Z,933,0,0,23,0,0,1,1,1,1785484218
2026-07-31T08:05:21Z,934,27,0,2,2,0,1,1,1,1785485051
2026-07-31T08:05:21Z,935,9,2,9,1,0,1,1,1,1785484808
2026-07-31T08:05:21Z,936,4,1,15,0,0,1,1,1,1785456801
2026-07-31T08:05:21Z,940,10,0,1,0,0,1,1,1,1785477927
2026-07-31T08:05:21Z,941,10,1,13,2,0,1,1,1,1785484360
2026-07-31T08:05:21Z,942,5,0,16,0,0,1,1,1,1785484734
2026-07-31T08:05:21Z,943,9,8,6,0,0,1,1,1,1785483874
2026-07-31T08:05:21Z,944,9,8,6,0,0,1,1,1,1785483686
2026-07-31T08:05:21Z,945,10,8,5,0,0,1,1,1,1785485011
2026-07-31T08:05:21Z,946,7,5,12,0,0,1,1,1,1785424152
2026-07-31T08:05:21Z,947,7,5,10,0,0,1,1,1,1785483700
2026-07-31T08:05:21Z,948,26,8,0,5,0,1,1,1,1785484209
2026-07-31T08:05:21Z,949,1,0,14,0,0,1,1,1,1785483803
2026-07-31T08:05:21Z,950,15,3,1,1,0,1,1,1,1785485043
2026-07-31T08:05:21Z,951,18,4,5,0,0,1,1,1,1785483898
2026-07-31T08:05:21Z,952,7,0,48,0,0,1,1,1,1785484987
2026-07-31T08:05:21Z,953,14,2,0,1,0,1,1,1,1785484783
2026-07-31T08:05:21Z,954,18,4,1,0,0,1,1,1,1785483805
2026-07-31T08:05:21Z,955,4,3,17,6,0,1,1,1,1785484577
2026-07-31T08:05:21Z,956,22,2,0,1,0,1,1,1,1785483735
2026-07-31T08:05:21Z,957,15,0,14,0,0,1,1,1,1785484893
2026-07-31T08:05:21Z,958,19,0,12,0,0,1,1,1,1785484400
2026-07-31T08:05:21Z,959,20,8,0,3,0,1,1,1,1785483979
2026-07-31T08:05:21Z,960,18,0,4,1,0,1,1,1,1785484061
2026-07-31T08:05:21Z,961,2,1,17,4,0,1,1,1,1785484412
2026-07-31T08:05:21Z,962,8,3,24,3,0,1,1,1,1785484650
2026-07-31T08:05:21Z,963,7,0,15,1,0,1,1,1,1785483776
2026-07-31T08:05:21Z,964,21,8,1,1,0,1,1,1,1785483404
2026-07-31T08:05:21Z,965,5,1,21,1,0,1,1,1,1785483930
2026-07-31T08:05:21Z,966,28,0,3,0,0,1,1,1,1785484403
2026-07-31T08:05:21Z,967,19,0,0,2,0,1,1,1,1785484781
2026-07-31T08:05:21Z,968,14,0,4,1,0,1,1,1,1785483686
2026-07-31T08:05:21Z,969,11,7,14,2,0,1,1,1,1785483718
2026-07-31T08:05:21Z,970,11,1,7,1,0,1,1,1,1785484019
2026-07-31T08:05:21Z,971,15,0,7,1,0,1,1,1,1785483983
2026-07-31T08:05:21Z,972,9,1,13,1,0,1,1,1,1785483649
2026-07-31T08:05:21Z,973,9,4,13,1,0,1,1,1,1785484976
2026-07-31T08:05:21Z,974,12,0,15,0,0,1,1,1,1785484363
2026-07-31T08:05:21Z,977,6,6,13,2,0,1,1,1,1785483925
2026-07-31T08:05:21Z,978,11,0,12,0,0,1,1,1,1785484785
2026-07-31T08:05:21Z,979,14,1,3,0,0,1,1,1,1785484345
2026-07-31T08:05:21Z,980,2,0,17,2,0,1,1,1,1785485070
2026-07-31T08:05:21Z,981,19,0,1,1,0,1,1,1,1785483418
2026-07-31T08:05:21Z,982,3,1,14,2,0,1,1,1,1785483726
2026-07-31T08:05:21Z,983,2,1,20,1,0,1,1,1,1785484135
2026-07-31T08:05:21Z,984,6,0,17,0,0,1,1,1,1785485112
2026-07-31T08:05:21Z,985,9,1,22,0,0,1,1,1,1785484405
2026-07-31T08:05:21Z,986,4,0,15,0,0,1,1,1,1785483724
2026-07-31T08:05:21Z,987,6,0,16,1,0,1,1,1,1785484255
2026-07-31T08:05:21Z,988,5,1,13,1,0,1,1,1,1785483872
2026-07-31T08:05:21Z,989,10,5,9,0,0,1,1,1,1785484680
2026-07-31T08:05:21Z,990,13,1,0,2,0,1,1,1,1785483932
2026-07-31T08:05:21Z,991,10,2,8,1,0,1,1,1,1785483582
2026-07-31T08:05:21Z,992,10,7,12,1,0,1,1,1,1785484455
2026-07-31T08:05:21Z,993,0,0,27,0,0,1,1,1,1785476008
2026-07-31T08:05:21Z,994,4,1,17,0,0,1,1,1,1785484666
2026-07-31T08:05:21Z,995,9,2,18,0,0,1,1,1,1785483886
2026-07-31T08:05:21Z,996,8,1,15,0,0,1,1,1,1785483693
2026-07-31T08:05:21Z,997,10,5,10,3,0,1,1,1,1785485048
2026-07-31T08:05:21Z,998,3,2,19,1,0,1,1,1,1785484008
2026-07-31T08:05:21Z,999,3,1,15,2,1,1,1,1,1785483800
2026-07-31T08:05:21Z,1000,3,1,18,0,0,1,1,1,1785484579
2026-07-31T08:05:21Z,1001,1,0,26,0,0,1,1,1,1785484024
2026-07-31T08:05:21Z,1002,0,0,27,4,0,1,1,1,1785484019
2026-07-31T08:05:21Z,1003,0,0,22,1,0,1,1,1,1785483656
2026-07-31T08:05:21Z,1004,8,1,15,0,0,1,1,1,1785484913
2026-07-31T08:05:21Z,1005,20,1,3,0,0,1,1,1,1785483846
2026-07-31T08:05:21Z,1006,7,4,11,1,0,1,1,1,1785483685
2026-07-31T08:05:21Z,1007,2,1,19,0,0,1,1,1,1785483315
2026-07-31T08:05:21Z,1008,6,5,15,2,0,1,1,1,1785484630
2026-07-31T08:05:21Z,1009,19,2,8,4,0,1,1,1,1785484503
2026-07-31T08:05:21Z,1010,7,2,20,0,0,1,1,1,1785483509
2026-07-31T08:05:21Z,1011,8,2,9,2,0,1,1,1,1785484059
2026-07-31T08:05:21Z,1012,4,3,18,1,0,1,1,1,1785483611
2026-07-31T08:05:21Z,1013,4,1,18,1,0,1,1,1,1785484213
2026-07-31T08:05:21Z,1014,7,2,13,3,0,1,1,1,1785484127
2026-07-31T08:05:21Z,1015,3,1,25,3,0,1,1,1,1785484392
2026-07-31T08:05:21Z,1016,10,5,21,0,0,1,1,1,1785483460
2026-07-31T08:05:21Z,1017,14,5,7,0,0,1,1,1,1785484833
2026-07-31T08:05:21Z,1018,7,2,15,0,0,1,1,1,1785483698
2026-07-31T08:05:21Z,1019,9,6,6,0,0,1,1,1,1785483635
2026-07-31T08:05:21Z,1020,18,3,3,0,0,1,1,1,1785484705
2026-07-31T08:05:21Z,1021,9,3,5,1,0,1,1,1,1785484438
2026-07-31T08:05:21Z,1022,14,0,13,0,0,1,1,1,1785483783
2026-07-31T08:05:21Z,1023,13,1,9,1,0,1,1,1,1785483432
2026-07-31T08:05:21Z,1024,5,2,13,1,0,1,1,1,1785484436
2026-07-31T08:05:21Z,1025,4,0,14,0,1,1,1,1,1785483751
2026-07-31T08:05:21Z,1026,7,5,19,5,0,1,1,1,1785484784
2026-07-31T08:05:21Z,1028,2,0,20,1,0,1,1,1,1785483789
2026-07-31T08:05:21Z,1029,10,9,4,1,0,1,1,1,1785484734
2026-07-31T08:05:21Z,1030,14,5,9,0,0,1,1,1,1785484469
2026-07-31T08:05:21Z,1031,8,0,11,0,0,1,1,1,1785484845
2026-07-31T08:05:21Z,1032,7,1,12,0,0,1,1,1,1785483689
2026-07-31T08:05:21Z,1033,9,5,9,1,0,1,1,1,1785484502
2026-07-31T08:05:21Z,1034,2,0,13,0,0,1,1,1,1785483713
2026-07-31T08:05:21Z,1035,1,0,16,2,0,1,1,1,1785483732
2026-07-31T08:05:21Z,1036,15,1,0,0,0,1,1,1,1785484292
2026-07-31T08:05:21Z,1037,3,0,15,1,0,1,1,1,1785484883
2026-07-31T08:05:21Z,1038,2,0,12,1,0,1,1,1,1785483410
2026-07-31T08:05:21Z,1039,6,2,13,0,0,1,1,1,1785483845
2026-07-31T08:05:21Z,1040,7,3,10,2,0,1,1,1,1785485039
2026-07-31T08:05:21Z,1041,10,3,8,1,0,1,1,1,1785484412
2026-07-31T08:05:21Z,1042,12,1,1,2,0,1,1,1,1785483965
2026-07-31T08:05:21Z,1043,9,0,7,3,0,1,1,1,1785483764
2026-07-31T08:05:21Z,1044,2,1,12,1,0,1,1,1,1785483466
2026-07-31T08:05:21Z,1045,10,0,9,0,0,1,1,1,1785483679
2026-07-31T08:05:21Z,1046,9,0,6,0,0,1,1,1,1785484905
2026-07-31T08:05:21Z,1047,4,0,17,0,0,1,1,1,1785484442
2026-07-31T08:05:21Z,1048,10,1,9,0,0,1,1,1,1785483656
2026-07-31T08:05:21Z,1049,6,0,15,0,0,1,1,1,1785483710
2026-07-31T08:05:21Z,1050,17,4,4,0,0,1,1,1,1785484812
2026-07-31T08:05:21Z,1051,8,3,13,0,0,1,1,1,1785484706
2026-07-31T08:05:21Z,1052,17,2,5,0,0,1,1,1,1785483513
2026-07-31T08:05:21Z,1053,2,1,13,0,0,1,1,1,1785483590
2026-07-31T08:05:21Z,1054,14,1,1,0,0,1,1,1,1785483851
2026-07-31T08:05:21Z,1055,7,1,12,0,0,1,1,1,1785483822
2026-07-31T08:05:21Z,1057,18,0,0,1,0,1,1,1,1785483518
2026-07-31T08:05:21Z,1058,1,0,55,0,0,1,1,1,1785483898
2026-07-31T08:05:21Z,1059,0,0,18,1,0,1,1,1,1785483721
2026-07-31T08:05:21Z,1060,30,0,7,0,0,1,1,1,1785484470
2026-07-31T08:05:21Z,1061,6,0,30,1,0,1,1,1,1785483785
2026-07-31T08:05:21Z,1062,1,0,16,0,0,1,1,1,1785484209
2026-07-31T08:05:21Z,1063,12,1,6,1,0,1,1,1,1785483735
2026-07-31T08:05:21Z,1064,3,0,19,1,0,1,1,1,1785484054
2026-07-31T08:05:21Z,1065,16,3,7,0,0,1,1,1,1785484299
2026-07-31T08:05:21Z,1066,10,2,13,0,0,1,1,1,1785484123
2026-07-31T08:05:21Z,1067,8,2,13,2,0,1,1,1,1785484391
2026-07-31T08:05:21Z,1068,8,2,13,2,0,1,1,1,1785483879
2026-07-31T08:05:21Z,1069,12,3,11,0,0,1,1,1,1785483932
2026-07-31T08:05:21Z,1070,12,2,11,0,0,1,1,1,1785484028
2026-07-31T08:05:21Z,1071,7,4,16,0,0,1,1,1,1785484067
2026-07-31T08:05:21Z,1072,11,1,11,1,0,1,1,1,1785484429
2026-07-31T08:05:21Z,1073,26,7,0,1,0,1,1,1,1785483356
2026-07-31T08:05:21Z,1074,0,0,52,1,0,1,1,1,1785483834
2026-07-31T08:05:21Z,1075,10,10,11,0,0,1,1,1,1785483437
2026-07-31T08:05:21Z,1076,14,11,7,0,0,1,1,1,1785484690
2026-07-31T08:05:21Z,1077,8,5,13,0,0,1,1,1,1785483648
2026-07-31T08:05:21Z,1078,11,10,10,0,0,1,1,1,1785484732
2026-07-31T08:05:21Z,1079,11,8,10,0,0,1,1,1,1785483547
2026-07-31T08:05:21Z,1080,10,8,10,1,0,1,1,1,1785484145
2026-07-31T08:05:21Z,1081,13,8,6,0,0,1,1,1,1785484546
2026-07-31T08:05:21Z,1082,7,7,1,0,0,1,1,1,1785484047
2026-07-31T08:05:21Z,1083,13,11,8,0,0,1,1,1,1785483806
2026-07-31T08:05:21Z,1084,9,8,12,0,0,1,1,1,1785483431
2026-07-31T08:05:21Z,1085,8,8,13,0,0,1,1,1,1785484882
2026-07-31T08:05:21Z,1086,0,0,20,1,0,1,1,1,1785483771
2026-07-31T08:05:21Z,1087,12,7,3,0,0,1,1,1,1785484797
2026-07-31T08:05:21Z,1088,10,7,5,0,0,1,1,1,1785483738
2026-07-31T08:05:21Z,1089,5,3,10,0,0,1,1,1,1785484100
2026-07-31T08:05:21Z,1090,11,10,4,0,0,1,1,1,1785484775
2026-07-31T08:05:21Z,1091,12,7,3,0,0,1,1,1,1785484538
2026-07-31T08:05:21Z,1092,9,9,5,1,0,1,1,1,1785484084
2026-07-31T08:05:21Z,1093,7,6,8,0,0,1,1,1,1785484449
2026-07-31T08:05:21Z,1094,10,8,8,1,0,1,1,1,1785483691
2026-07-31T08:05:21Z,1095,9,8,6,0,0,1,1,1,1785484395
2026-07-31T08:05:21Z,1096,3,1,15,1,0,1,1,1,1785484054
2026-07-31T08:05:21Z,1097,11,11,4,0,0,1,1,1,1785484270
2026-07-31T08:05:21Z,1098,9,7,10,0,0,1,1,1,1785484605
2026-07-31T08:05:21Z,1099,7,6,8,0,0,1,1,1,1785483526
2026-07-31T08:05:21Z,1100,6,2,23,0,0,1,1,1,1785474727
2026-07-31T08:05:21Z,1101,10,5,11,0,0,1,1,1,1785483412
2026-07-31T08:05:21Z,1102,9,4,4,0,0,1,1,1,1785484531
2026-07-31T08:05:21Z,1103,10,5,11,0,0,1,1,1,1785474301
2026-07-31T08:05:21Z,1104,10,5,11,0,0,1,1,1,1785484982
2026-07-31T08:05:21Z,1105,7,3,6,0,0,1,1,1,1785484417
2026-07-31T08:05:21Z,1106,13,7,8,0,0,1,1,1,1785483504
2026-07-31T08:05:21Z,1107,9,5,6,0,0,1,1,1,1785483812
2026-07-31T08:05:21Z,1108,5,2,19,3,0,1,1,1,1785484271
2026-07-31T08:05:21Z,1109,6,1,9,0,0,1,1,1,1785483770
2026-07-31T08:05:21Z,1110,12,4,9,0,0,1,1,1,1785484853
2026-07-31T08:05:21Z,1111,3,2,18,0,0,1,1,1,1785475740
2026-07-31T08:05:21Z,1112,38,0,15,0,0,1,1,1,1785483525
2026-07-31T08:05:21Z,1113,1,0,20,0,0,1,1,1,1785484818
2026-07-31T08:05:21Z,1115,17,5,3,3,0,1,1,1,1785484288
2026-07-31T08:05:21Z,1116,5,1,14,0,0,1,1,1,1785484919
2026-07-31T08:05:21Z,1117,10,3,13,0,0,1,1,1,1785484081
2026-07-31T08:05:21Z,1118,17,1,3,1,0,1,1,1,1785484908
2026-07-31T08:05:21Z,1119,13,1,4,0,0,1,1,1,1785484727
2026-07-31T08:05:21Z,1120,13,0,6,0,0,1,1,1,1785483781
2026-07-31T08:05:21Z,1121,13,2,5,3,0,1,1,1,1785481599
2026-07-31T08:05:21Z,1122,19,10,0,2,0,1,1,1,1785484916
2026-07-31T08:05:21Z,1123,7,3,14,2,0,1,1,1,1785484985
2026-07-31T08:05:21Z,1124,11,1,0,4,0,1,1,1,1785484734
2026-07-31T08:05:21Z,1125,15,1,8,0,0,1,1,1,1785483981
2026-07-31T08:05:21Z,1126,4,0,16,1,0,1,1,1,1785484893
2026-07-31T08:05:21Z,1127,6,1,12,1,0,1,1,1,1785484029
2026-07-31T08:05:21Z,1128,14,2,0,1,0,1,1,1,1785483765
2026-07-31T08:05:21Z,1129,3,2,17,1,0,1,1,1,1785483439
2026-07-31T08:05:21Z,1130,6,0,9,0,0,1,1,1,1785483982
2026-07-31T08:05:21Z,1131,0,0,48,1,0,1,1,1,1785484424
2026-07-31T08:05:21Z,1132,13,6,7,1,0,1,1,1,1785483606
2026-07-31T08:05:21Z,1133,16,11,3,2,0,1,1,1,1785484693
2026-07-31T08:05:21Z,1134,11,7,8,0,0,1,1,1,1785484212
2026-07-31T08:05:21Z,1135,10,5,11,0,0,1,1,1,1785483305
2026-07-31T08:05:21Z,1136,8,0,15,0,0,1,1,1,1785483877
2026-07-31T08:05:21Z,1137,12,0,3,0,0,1,1,1,1785483637
2026-07-31T08:05:21Z,1138,15,2,4,0,0,1,1,1,1785483672
2026-07-31T08:05:21Z,1139,19,5,1,1,0,1,1,1,1785484190
2026-07-31T08:05:21Z,1140,22,3,0,1,0,1,1,1,1785483398
2026-07-31T08:05:21Z,1141,0,0,20,1,0,1,1,1,1785484924
2026-07-31T08:05:21Z,1142,2,0,19,0,0,1,1,1,1785484347
2026-07-31T08:05:21Z,1143,23,0,6,0,0,1,1,1,1785485060
2026-07-31T08:05:21Z,1144,7,1,13,1,0,1,1,1,1785483958
2026-07-31T08:05:21Z,1145,12,6,8,1,0,1,1,1,1785484082
2026-07-31T08:05:21Z,1146,12,2,3,4,0,1,1,1,1785485079
2026-07-31T08:05:21Z,1147,3,0,16,0,0,1,1,1,1785483738
2026-07-31T08:05:21Z,1148,25,6,6,0,0,1,1,1,1785484409
2026-07-31T08:05:21Z,1149,4,4,21,0,0,1,1,1,1785483347
2026-07-31T08:05:21Z,1150,18,1,1,0,0,1,1,1,1785483492
2026-07-31T08:05:21Z,1151,12,0,9,0,0,1,1,1,1785484355
2026-07-31T08:05:21Z,1152,16,0,13,0,0,1,1,1,1785485021
2026-07-31T08:05:21Z,1153,22,6,0,1,0,1,1,1,1785484239
2026-07-31T08:05:21Z,1154,13,1,6,0,0,1,1,1,1785484961
2026-07-31T08:05:21Z,1155,16,6,4,1,0,1,1,1,1785483695
2026-07-31T08:05:21Z,1158,3,0,15,1,0,1,1,1,1785483600
2026-07-31T08:05:21Z,1159,13,1,6,0,0,1,1,1,1785483954
2026-07-31T08:05:21Z,1160,9,1,9,1,0,1,1,1,1785484347
2026-07-31T08:05:21Z,1161,3,0,15,1,0,1,1,1,1785484088
2026-07-31T08:05:21Z,1162,2,1,17,0,0,1,1,1,1785484339
2026-07-31T08:05:21Z,1163,0,0,18,1,0,1,1,1,1785483716
2026-07-31T08:05:21Z,1164,6,1,13,0,0,1,1,1,1785483776
2026-07-31T08:05:21Z,1165,5,0,16,0,0,1,1,1,1785484505
2026-07-31T08:05:21Z,1166,12,3,8,1,0,1,1,1,1785484015
2026-07-31T08:05:21Z,1167,4,0,11,0,0,1,1,1,1785483491
2026-07-31T08:05:21Z,1168,2,1,20,1,0,1,1,1,1785483961
2026-07-31T08:05:21Z,1169,3,0,15,1,0,1,1,1,1785483623
2026-07-31T08:05:21Z,1170,6,0,14,1,0,1,1,1,1785483989
2026-07-31T08:05:21Z,1171,8,7,14,1,0,1,1,1,1785483654
2026-07-31T08:05:21Z,1172,7,2,6,2,0,1,1,1,1785483854
2026-07-31T08:05:21Z,1173,13,5,6,0,0,1,1,1,1785483867
2026-07-31T08:05:21Z,1174,7,3,8,0,0,1,1,1,1785483560
2026-07-31T08:05:21Z,1175,9,5,10,0,0,1,1,1,1785472270
2026-07-31T08:05:21Z,1176,19,1,2,0,0,1,1,1,1785484888
2026-07-31T08:05:21Z,1177,3,1,18,0,0,1,1,1,1785484806
2026-07-31T08:05:21Z,1178,2,1,13,0,0,1,1,1,1785483536
2026-07-31T08:05:21Z,1181,11,2,3,1,0,1,1,1,1785482696
2026-07-31T08:05:21Z,1182,0,0,20,0,0,1,1,1,1785484110
2026-07-31T08:05:21Z,1183,1,0,42,2,0,1,1,1,1785483884
2026-07-31T08:05:21Z,1184,11,6,9,1,0,1,1,1,1785484989
2026-07-31T08:05:21Z,1185,10,5,11,0,0,1,1,1,1785484932
2026-07-31T08:05:21Z,1186,9,5,10,0,0,1,1,1,1785484138
2026-07-31T08:05:21Z,1187,12,6,8,1,0,1,1,1,1785484511
2026-07-31T08:05:21Z,1188,9,3,6,0,0,1,1,1,1785483819
2026-07-31T08:05:21Z,1189,10,5,9,0,0,1,1,1,1785483894
2026-07-31T08:05:21Z,1190,10,5,11,0,0,1,1,1,1785485103
2026-07-31T08:05:21Z,1191,10,5,5,0,0,1,1,1,1785483826
2026-07-31T08:05:21Z,1192,11,7,10,0,0,1,1,1,1785483655
2026-07-31T08:05:21Z,1193,6,4,5,2,0,1,1,1,1785484615
2026-07-31T08:05:21Z,1197,9,6,7,1,0,1,1,1,1785484604
2026-07-31T08:05:21Z,1198,14,4,5,2,0,1,1,1,1785484180
2026-07-31T08:05:21Z,1199,2,0,17,0,0,1,1,1,1785484201
2026-07-31T08:05:21Z,1200,11,5,4,0,0,1,1,1,1785483861
2026-07-31T08:05:21Z,1201,11,5,4,0,0,1,1,1,1785483839
2026-07-31T08:05:21Z,1202,12,6,3,0,0,1,1,1,1785483937
2026-07-31T08:05:21Z,1203,9,6,6,0,0,1,1,1,1785483834
2026-07-31T08:05:21Z,1204,7,3,11,1,0,1,1,1,1785483571
2026-07-31T08:05:21Z,1206,11,5,10,0,0,1,1,1,1785484604
2026-07-31T08:05:21Z,1207,9,5,6,0,0,1,1,1,1785484152
2026-07-31T08:05:21Z,1208,7,2,11,1,0,1,1,1,1785484052
2026-07-31T08:05:21Z,1216,7,0,13,1,0,1,1,1,1785484835
2026-07-31T08:05:21Z,1218,4,0,17,0,0,1,1,1,1785483413
2026-07-31T08:05:21Z,1219,6,1,8,1,0,1,1,1,1785485105
2026-07-31T08:05:21Z,1220,14,7,4,1,0,1,1,1,1785484893
2026-07-31T08:05:21Z,1221,2,2,19,0,0,1,1,1,1785484540
2026-07-31T08:05:21Z,1222,28,1,1,0,0,1,1,1,1785483647
2026-07-31T08:05:21Z,1223,22,0,7,0,0,1,1,1,1785483474
2026-07-31T08:05:21Z,1226,0,0,3,0,0,0,1,1,1781868931
2026-07-31T08:05:21Z,1227,23,0,2,0,0,1,1,1,1785483544
2026-07-31T08:05:21Z,1228,18,0,10,1,0,1,1,1,1785484596
2026-07-31T08:05:21Z,1229,35,0,9,0,1,1,1,1,1785485047
2026-07-31T08:10:21Z,1,0,0,23,0,0,1,1,1,1785478051
2026-07-31T08:10:21Z,2,22,0,2,3,0,1,1,1,1785481994
2026-07-31T08:10:21Z,3,9,0,4,1,0,1,1,1,1785481848
2026-07-31T08:10:21Z,4,1,0,20,1,0,1,1,1,1785483715
2026-07-31T08:10:21Z,5,9,3,13,1,0,1,1,1,1785484887
2026-07-31T08:10:21Z,6,6,2,9,0,0,1,1,1,1785482360
2026-07-31T08:10:21Z,7,0,0,39,0,0,1,1,1,1785482386
2026-07-31T08:10:21Z,8,0,0,43,0,0,1,1,1,1785471816
2026-07-31T08:10:21Z,9,0,0,22,1,0,1,1,1,1785482483
2026-07-31T08:10:21Z,10,4,1,17,2,0,1,1,1,1785480300
2026-07-31T08:10:21Z,11,14,5,4,1,0,1,1,1,1785484474
2026-07-31T08:10:21Z,12,0,0,23,0,0,1,1,1,1785472090
2026-07-31T08:10:21Z,13,12,0,18,0,0,1,1,1,1785478740
2026-07-31T08:10:21Z,14,1,0,41,0,1,1,1,1,1785476888
2026-07-31T08:10:21Z,15,5,0,10,0,0,1,1,1,1785485188
2026-07-31T08:10:21Z,16,8,0,16,2,1,1,1,1,1785483665
2026-07-31T08:10:21Z,17,9,0,17,1,0,1,1,1,1785482140
2026-07-31T08:10:21Z,18,7,0,9,2,0,1,1,1,1785485284
2026-07-31T08:10:21Z,19,4,0,22,1,0,1,1,1,1785484572
2026-07-31T08:10:21Z,20,32,0,3,0,0,1,1,1,1785485188
2026-07-31T08:10:21Z,21,1,0,17,1,0,1,1,1,1785484888
2026-07-31T08:10:21Z,22,18,0,46,1,0,1,1,1,1785479462
2026-07-31T08:10:21Z,23,10,5,21,0,0,1,1,1,1785479447
2026-07-31T08:10:21Z,24,0,0,9,2,0,1,1,1,1785485411
2026-07-31T08:10:21Z,25,1,1,79,0,1,1,1,1,1785485175
2026-07-31T08:10:21Z,26,0,0,27,0,0,1,1,1,1785485188
2026-07-31T08:10:21Z,28,13,2,2,0,0,1,1,1,1785483580
2026-07-31T08:10:21Z,30,1,0,27,1,0,1,1,1,1785484151
2026-07-31T08:10:21Z,31,0,0,17,2,0,1,1,1,1785485377
2026-07-31T08:10:21Z,32,25,4,2,0,0,1,1,1,1785484184
2026-07-31T08:10:21Z,34,2,0,34,1,0,1,1,1,1785482614
2026-07-31T08:10:21Z,35,1,0,45,1,0,1,1,1,1785485188
2026-07-31T08:10:21Z,36,0,0,0,0,0,0,1,1,86400
2026-07-31T08:10:21Z,37,0,0,23,0,0,1,1,1,1785483182
2026-07-31T08:10:21Z,38,1,0,22,0,0,1,1,1,1785475021
2026-07-31T08:10:21Z,39,23,6,16,0,0,1,1,1,1785485028
2026-07-31T08:10:21Z,40,13,0,7,1,0,1,1,1,1785481720
2026-07-31T08:10:21Z,41,1,0,41,1,0,1,1,1,1785482868
2026-07-31T08:10:21Z,42,31,8,0,0,0,1,1,1,1785472558
2026-07-31T08:10:21Z,43,6,0,17,0,0,1,1,1,1785484173
2026-07-31T08:10:21Z,45,1,0,27,1,0,1,1,1,1785482238
2026-07-31T08:10:21Z,46,12,2,19,0,0,1,1,1,1785483378
2026-07-31T08:10:21Z,47,11,5,3,1,0,1,1,1,1785485188
2026-07-31T08:10:21Z,48,22,0,5,0,0,1,1,1,1785480764
2026-07-31T08:10:21Z,49,5,0,15,3,0,1,1,1,1785485407
2026-07-31T08:10:21Z,50,1,1,18,0,0,1,1,1,1785483259
2026-07-31T08:10:21Z,51,68,0,9,0,0,1,1,1,1785472672
2026-07-31T08:10:21Z,52,2,0,22,3,0,1,1,1,1785485350
2026-07-31T08:10:21Z,55,0,0,23,0,0,1,1,1,1785484888
2026-07-31T08:10:21Z,56,0,0,43,0,0,1,1,1,1785485334
2026-07-31T08:10:21Z,57,0,0,27,0,0,1,1,1,1785474689
2026-07-31T08:10:21Z,58,0,0,28,0,0,1,1,1,1785476976
2026-07-31T08:10:21Z,59,0,0,25,2,0,1,1,1,1785485182
2026-07-31T08:10:21Z,61,0,0,39,0,0,1,1,1,1785476440
2026-07-31T08:10:21Z,62,0,0,48,1,0,1,1,1,1785477029
2026-07-31T08:10:21Z,63,14,0,5,0,0,1,1,1,1785484382
2026-07-31T08:10:21Z,64,9,0,6,4,0,1,1,1,1785474000
2026-07-31T08:10:21Z,65,17,7,1,1,0,1,1,1,1785481624
2026-07-31T08:10:21Z,67,17,0,22,0,0,1,1,1,1785485188
2026-07-31T08:10:21Z,68,0,0,37,0,0,1,1,1,1785476731
2026-07-31T08:10:21Z,69,15,2,0,0,0,1,1,1,1785485188
2026-07-31T08:10:21Z,71,3,0,23,1,0,1,1,1,1785485223
2026-07-31T08:10:21Z,72,14,3,15,2,0,1,1,1,1785483159
2026-07-31T08:10:21Z,73,0,0,31,0,0,1,1,1,1785474921
2026-07-31T08:10:21Z,74,12,6,6,1,0,1,1,1,1785483170
2026-07-31T08:10:21Z,75,0,0,31,1,0,1,1,1,1785473256
2026-07-31T08:10:21Z,76,18,0,0,1,0,1,1,1,1785485405
2026-07-31T08:10:21Z,77,24,1,2,1,0,1,1,1,1785477101
2026-07-31T08:10:21Z,78,9,4,13,1,0,1,1,1,1785484937
2026-07-31T08:10:21Z,79,4,3,12,1,0,1,1,1,1785485401
2026-07-31T08:10:21Z,80,18,0,2,3,0,1,1,1,1785485408
2026-07-31T08:10:21Z,81,5,0,26,0,0,1,1,1,1785484411
2026-07-31T08:10:21Z,82,12,0,11,0,0,1,1,1,1785480296
2026-07-31T08:10:21Z,83,5,1,28,1,0,1,1,1,1785485348
2026-07-31T08:10:21Z,84,26,0,1,0,0,1,1,1,1785484029
2026-07-31T08:10:21Z,85,1,1,14,0,0,1,1,1,1785479219
2026-07-31T08:10:21Z,86,25,0,1,1,0,1,1,1,1785478454
2026-07-31T08:10:21Z,87,10,0,9,0,0,1,1,1,1785484866
2026-07-31T08:10:21Z,88,0,0,42,1,0,1,1,1,1785484888
2026-07-31T08:10:21Z,89,22,0,13,0,0,1,1,1,1785483872
2026-07-31T08:10:21Z,90,5,2,11,2,0,1,1,1,1785485227
2026-07-31T08:10:21Z,91,14,0,3,0,0,1,1,1,1785485188
2026-07-31T08:10:21Z,92,12,5,4,3,0,1,1,1,1785485118
2026-07-31T08:10:21Z,93,0,0,23,0,0,1,1,1,1785483766
2026-07-31T08:10:21Z,94,2,0,16,1,0,1,1,1,1785482735
2026-07-31T08:10:21Z,95,28,3,5,1,1,1,1,1,1785485410
2026-07-31T08:10:21Z,96,29,0,1,1,0,1,1,1,1785479647
2026-07-31T08:10:21Z,97,0,0,16,1,0,1,1,1,1785485225
2026-07-31T08:10:21Z,98,18,0,16,1,0,1,1,1,1785484887
2026-07-31T08:10:21Z,99,3,1,12,0,0,1,1,1,1785484444
2026-07-31T08:10:21Z,100,0,0,27,0,0,1,1,1,1785482057
2026-07-31T08:10:21Z,101,1,0,13,2,0,1,1,1,1785483795
2026-07-31T08:10:21Z,102,0,0,23,0,0,1,1,1,1785477320
2026-07-31T08:10:21Z,103,11,0,19,0,0,1,1,1,1785485235
2026-07-31T08:10:21Z,104,0,0,25,2,0,1,1,1,1785485402
2026-07-31T08:10:21Z,105,16,1,3,0,0,1,1,1,1785468216
2026-07-31T08:10:21Z,106,0,0,21,0,0,1,1,1,1785462637
2026-07-31T08:10:21Z,107,0,0,37,0,0,1,1,1,1785474220
2026-07-31T08:10:21Z,108,15,1,20,0,0,1,1,1,1785483101
2026-07-31T08:10:21Z,109,6,0,17,0,0,1,1,1,1785483516
2026-07-31T08:10:21Z,110,14,2,9,0,0,1,1,1,1785482478
2026-07-31T08:10:21Z,111,0,0,36,0,0,1,1,1,1785479678
2026-07-31T08:10:21Z,112,8,1,6,1,0,1,1,1,1785484350
2026-07-31T08:10:21Z,113,4,0,12,3,0,1,1,1,1785485383
2026-07-31T08:10:21Z,114,6,6,23,1,1,1,1,1,1785485137
2026-07-31T08:10:21Z,115,3,1,23,2,0,1,1,1,1785479033
2026-07-31T08:10:21Z,116,3,3,23,1,0,1,1,1,1785484951
2026-07-31T08:10:21Z,118,20,9,0,3,0,1,1,1,1785484887
2026-07-31T08:10:21Z,119,34,3,1,3,0,1,1,1,1785484131
2026-07-31T08:10:21Z,120,24,1,2,1,0,1,1,1,1785484445
2026-07-31T08:10:21Z,121,6,3,12,0,1,1,1,1,1785485172
2026-07-31T08:10:21Z,122,13,0,7,1,0,1,1,1,1785482278
2026-07-31T08:10:21Z,123,8,1,39,0,0,1,1,1,1785485188
2026-07-31T08:10:21Z,124,32,1,3,0,0,1,1,1,1785483233
2026-07-31T08:10:21Z,125,7,2,16,0,0,1,1,1,1785485034
2026-07-31T08:10:21Z,126,25,2,6,0,0,1,1,1,1785484483
2026-07-31T08:10:21Z,127,8,0,25,2,0,1,1,1,1785485240
2026-07-31T08:10:21Z,128,2,1,17,0,0,1,1,1,1785484800
2026-07-31T08:10:21Z,129,17,1,0,2,0,1,1,1,1785479759
2026-07-31T08:10:21Z,130,5,0,12,0,0,1,1,1,1785484887
2026-07-31T08:10:21Z,131,8,3,1,2,0,1,1,1,1785478472
2026-07-31T08:10:21Z,132,11,4,3,0,1,1,1,1,1785484887
2026-07-31T08:10:21Z,134,1,0,17,5,0,1,1,1,1785485266
2026-07-31T08:10:21Z,135,6,2,12,1,0,1,1,1,1785484507
2026-07-31T08:10:21Z,136,6,0,9,1,7,1,1,1,1785485322
2026-07-31T08:10:21Z,137,5,1,14,0,0,1,1,1,1785485221
2026-07-31T08:10:21Z,138,35,2,2,0,0,1,1,1,1785485275
2026-07-31T08:10:21Z,139,19,5,0,0,0,1,1,1,1785485188
2026-07-31T08:10:21Z,140,15,8,6,2,0,1,1,1,1785485413
2026-07-31T08:10:21Z,141,30,1,6,0,0,1,1,1,1785484887
2026-07-31T08:10:21Z,142,22,1,1,0,0,1,1,1,1785483705
2026-07-31T08:10:21Z,143,13,3,17,1,0,1,1,1,1785482659
2026-07-31T08:10:21Z,144,22,0,5,0,0,1,1,1,1785482773
2026-07-31T08:10:21Z,146,6,1,16,1,0,1,1,1,1785480770
2026-07-31T08:10:21Z,147,11,2,6,2,0,1,1,1,1785485273
2026-07-31T08:10:21Z,148,24,0,2,0,1,1,1,1,1785485193
2026-07-31T08:10:21Z,149,14,4,12,1,0,1,1,1,1785483148
2026-07-31T08:10:21Z,150,31,7,2,2,0,1,1,1,1785485121
2026-07-31T08:10:21Z,151,21,7,2,0,0,1,1,1,1785485072
2026-07-31T08:10:21Z,152,19,0,4,4,0,1,1,1,1785485126
2026-07-31T08:10:21Z,153,12,1,13,6,0,1,1,1,1785485309
2026-07-31T08:10:21Z,154,16,5,4,3,0,1,1,1,1785485114
2026-07-31T08:10:21Z,155,13,4,0,1,0,1,1,1,1785485246
2026-07-31T08:10:21Z,156,15,0,4,0,0,1,1,1,1785482646
2026-07-31T08:10:21Z,157,16,1,9,2,0,1,1,1,1785485262
2026-07-31T08:10:21Z,158,16,2,0,0,0,1,1,1,1785471342
2026-07-31T08:10:21Z,159,5,3,14,0,0,1,1,1,1785477862
2026-07-31T08:10:21Z,160,19,1,0,0,0,1,1,1,1785475906
2026-07-31T08:10:21Z,161,15,1,7,0,0,1,1,1,1785485391
2026-07-31T08:10:21Z,162,14,3,12,1,0,1,1,1,1785484887
2026-07-31T08:10:21Z,163,30,2,0,0,1,1,1,1,1785485401
2026-07-31T08:10:21Z,164,24,7,3,0,0,1,1,1,1785484640
2026-07-31T08:10:21Z,165,24,12,6,1,0,1,1,1,1785485376
2026-07-31T08:10:21Z,166,31,7,3,5,0,1,1,1,1785485413
2026-07-31T08:10:21Z,167,21,10,0,2,0,1,1,1,1785484888
2026-07-31T08:10:21Z,168,21,0,5,1,0,1,1,1,1785485230
2026-07-31T08:10:21Z,169,1,0,21,0,1,1,1,1,1785483931
2026-07-31T08:10:21Z,170,18,5,0,1,0,1,1,1,1785485188
2026-07-31T08:10:21Z,171,10,3,1,2,0,1,1,1,1785485115
2026-07-31T08:10:21Z,173,36,0,3,0,0,1,1,1,1785484082
2026-07-31T08:10:21Z,174,22,1,2,2,0,1,1,1,1785482500
2026-07-31T08:10:21Z,175,7,0,24,0,0,1,1,1,1785484051
2026-07-31T08:10:21Z,176,5,2,9,0,1,1,1,1,1785485219
2026-07-31T08:10:21Z,177,22,3,5,0,0,1,1,1,1785485124
2026-07-31T08:10:21Z,178,2,0,10,2,1,1,1,1,1785485413
2026-07-31T08:10:21Z,179,11,1,3,1,0,1,1,1,1785484092
2026-07-31T08:10:21Z,180,27,0,3,0,0,1,1,1,1785468302
2026-07-31T08:10:21Z,181,14,1,0,1,0,1,1,1,1785485328
2026-07-31T08:10:21Z,182,16,1,1,0,0,1,1,1,1785483091
2026-07-31T08:10:21Z,183,17,0,6,0,0,1,1,1,1785483484
2026-07-31T08:10:21Z,184,1,1,21,1,0,1,1,1,1785485380
2026-07-31T08:10:21Z,185,12,1,0,2,1,1,1,1,1785484888
2026-07-31T08:10:21Z,186,4,2,15,0,0,1,1,1,1785484044
2026-07-31T08:10:21Z,187,8,0,19,1,0,1,1,1,1785484757
2026-07-31T08:10:21Z,188,14,0,5,8,0,1,1,1,1785485388
2026-07-31T08:10:21Z,189,15,4,0,0,0,1,1,1,1785479966
2026-07-31T08:10:21Z,190,4,1,19,0,0,1,1,1,1785485216
2026-07-31T08:10:21Z,191,2,1,37,0,0,1,1,1,1785483208
2026-07-31T08:10:21Z,192,12,4,16,3,0,1,1,1,1785484956
2026-07-31T08:10:21Z,193,0,0,15,0,0,1,1,1,1785484480
2026-07-31T08:10:21Z,194,17,1,9,1,0,1,1,1,1785484068
2026-07-31T08:10:21Z,195,13,1,4,2,0,1,1,1,1785484402
2026-07-31T08:10:21Z,196,24,1,0,3,0,1,1,1,1785485353
2026-07-31T08:10:21Z,197,15,3,2,1,1,1,1,1,1785482526
2026-07-31T08:10:21Z,198,21,16,2,0,0,1,1,1,1785484887
2026-07-31T08:10:21Z,199,7,5,5,3,0,1,1,1,1785483728
2026-07-31T08:10:21Z,200,15,0,10,1,0,1,1,1,1785482100
2026-07-31T08:10:21Z,201,8,3,15,0,0,1,1,1,1785482886
2026-07-31T08:10:21Z,202,0,0,27,0,0,1,1,1,1785477488
2026-07-31T08:10:21Z,203,25,3,5,1,0,1,1,1,1785484441
2026-07-31T08:10:21Z,204,32,2,2,1,0,1,1,1,1785485375
2026-07-31T08:10:21Z,205,12,1,15,0,0,1,1,1,1785482737
2026-07-31T08:10:21Z,206,2,2,12,1,0,1,1,1,1785484927
2026-07-31T08:10:21Z,207,14,0,7,0,0,1,1,1,1785481979
2026-07-31T08:10:21Z,208,2,0,27,0,0,1,1,1,1785477246
2026-07-31T08:10:21Z,209,8,0,20,3,0,1,1,1,1785484824
2026-07-31T08:10:21Z,210,23,2,4,0,0,1,1,1,1785479794
2026-07-31T08:10:21Z,211,16,6,6,1,0,1,1,1,1785482104
2026-07-31T08:10:21Z,212,25,0,9,1,0,1,1,1,1785485340
2026-07-31T08:10:21Z,213,12,1,9,2,0,1,1,1,1785485388
2026-07-31T08:10:21Z,214,26,1,16,5,0,1,1,1,1785484836
2026-07-31T08:10:21Z,215,6,1,16,1,0,1,1,1,1785481068
2026-07-31T08:10:21Z,216,10,0,8,1,0,1,1,1,1785482156
2026-07-31T08:10:21Z,217,9,0,19,1,0,1,1,1,1785485188
2026-07-31T08:10:21Z,218,1,1,36,2,0,1,1,1,1785485160
2026-07-31T08:10:21Z,219,0,0,25,1,0,1,1,1,1785478263
2026-07-31T08:10:21Z,220,24,7,17,1,1,1,1,1,1785484887
2026-07-31T08:10:21Z,221,13,8,1,1,0,1,1,1,1785483976
2026-07-31T08:10:21Z,222,16,12,2,1,0,1,1,1,1785485037
2026-07-31T08:10:21Z,223,8,3,24,3,0,1,1,1,1785485212
2026-07-31T08:10:21Z,224,7,5,14,1,0,1,1,1,1785484386
2026-07-31T08:10:21Z,225,10,0,3,6,0,1,1,1,1785483556
2026-07-31T08:10:21Z,226,30,10,1,0,0,1,1,1,1785483984
2026-07-31T08:10:21Z,227,19,13,7,0,1,1,1,1,1785485181
2026-07-31T08:10:21Z,228,1,0,17,1,0,1,1,1,1785484888
2026-07-31T08:10:21Z,230,16,9,10,0,0,1,1,1,1785483055
2026-07-31T08:10:21Z,232,13,6,3,1,0,1,1,1,1785482484
2026-07-31T08:10:21Z,233,21,2,8,2,0,1,1,1,1785483700
2026-07-31T08:10:21Z,234,8,3,6,3,2,1,1,1,1785483414
2026-07-31T08:10:21Z,236,14,3,5,0,0,1,1,1,1785480280
2026-07-31T08:10:21Z,237,22,4,0,1,0,1,1,1,1785478521
2026-07-31T08:10:21Z,239,23,18,1,3,0,1,1,1,1785484709
2026-07-31T08:10:21Z,241,19,6,4,0,0,1,1,1,1785485005
2026-07-31T08:10:21Z,242,1,1,21,1,0,1,1,1,1785484715
2026-07-31T08:10:21Z,243,11,0,19,1,0,1,1,1,1785484434
2026-07-31T08:10:21Z,244,15,1,11,1,0,1,1,1,1785484235
2026-07-31T08:10:21Z,245,3,3,20,0,0,1,1,1,1785484146
2026-07-31T08:10:21Z,246,1,0,22,0,0,1,1,1,1785481575
2026-07-31T08:10:21Z,247,13,11,10,0,0,1,1,1,1785477646
2026-07-31T08:10:21Z,248,19,5,2,2,0,1,1,1,1785484323
2026-07-31T08:10:21Z,249,1,0,18,0,0,1,1,1,1785483971
2026-07-31T08:10:21Z,250,3,3,23,1,0,1,1,1,1785483886
2026-07-31T08:10:21Z,251,2,2,22,3,0,1,1,1,1785481704
2026-07-31T08:10:21Z,253,6,3,12,1,0,1,1,1,1785482813
2026-07-31T08:10:21Z,254,26,21,16,1,0,1,1,1,1785483082
2026-07-31T08:10:21Z,255,5,0,17,0,1,1,1,1,1785485353
2026-07-31T08:10:21Z,256,10,5,11,2,0,1,1,1,1785484423
2026-07-31T08:10:21Z,257,14,6,4,1,0,1,1,1,1785482023
2026-07-31T08:10:21Z,258,1,0,18,0,0,1,1,1,1785482036
2026-07-31T08:10:21Z,259,20,3,1,1,1,1,1,1,1785485404
2026-07-31T08:10:21Z,260,15,4,1,3,0,1,1,1,1785480838
2026-07-31T08:10:21Z,261,16,0,1,1,1,1,1,1,1785484888
2026-07-31T08:10:21Z,262,20,11,3,0,0,1,1,1,1785485066
2026-07-31T08:10:21Z,263,14,3,1,0,0,1,1,1,1785480222
2026-07-31T08:10:21Z,264,18,6,0,1,0,1,1,1,1785474915
2026-07-31T08:10:21Z,265,15,1,0,0,0,1,1,1,1785473819
2026-07-31T08:10:21Z,266,17,8,0,2,0,1,1,1,1785481181
2026-07-31T08:10:21Z,267,7,3,6,2,0,1,1,1,1785484888
2026-07-31T08:10:21Z,268,23,9,0,0,0,1,1,1,1785484887
2026-07-31T08:10:21Z,269,9,3,13,1,0,1,1,1,1785484888
2026-07-31T08:10:21Z,270,25,3,2,0,0,1,1,1,1785485188
2026-07-31T08:10:21Z,271,0,0,17,2,0,1,1,1,1785468500
2026-07-31T08:10:21Z,272,13,13,9,1,0,1,1,1,1785482344
2026-07-31T08:10:21Z,273,14,5,1,0,0,1,1,1,1785483199
2026-07-31T08:10:21Z,274,18,8,0,1,0,1,1,1,1785472651
2026-07-31T08:10:21Z,275,13,0,6,2,2,1,1,1,1785485357
2026-07-31T08:10:21Z,276,1,0,26,0,0,1,1,1,1785477868
2026-07-31T08:10:21Z,277,12,1,6,5,0,1,1,1,1785484932
2026-07-31T08:10:21Z,278,22,0,6,2,1,1,1,1,1785484975
2026-07-31T08:10:21Z,279,16,0,3,0,0,1,1,1,1785483819
2026-07-31T08:10:21Z,280,11,1,18,2,0,1,1,1,1785485344
2026-07-31T08:10:21Z,281,19,0,0,0,0,1,1,1,1785466757
2026-07-31T08:10:21Z,282,5,2,13,0,0,1,1,1,1785484887
2026-07-31T08:10:21Z,283,34,1,1,0,0,1,1,1,1785484709
2026-07-31T08:10:21Z,284,19,5,14,2,0,1,1,1,1785482962
2026-07-31T08:10:21Z,285,8,7,15,0,0,1,1,1,1785485188
2026-07-31T08:10:21Z,286,18,17,3,2,0,1,1,1,1785485240
2026-07-31T08:10:21Z,287,13,4,7,3,0,1,1,1,1785484887
2026-07-31T08:10:21Z,288,14,10,5,0,0,1,1,1,1785480320
2026-07-31T08:10:21Z,289,22,1,2,3,0,1,1,1,1785484050
2026-07-31T08:10:21Z,290,7,0,31,1,0,1,1,1,1785482049
2026-07-31T08:10:21Z,291,7,2,14,2,0,1,1,1,1785483985
2026-07-31T08:10:21Z,292,22,0,1,0,0,1,1,1,1785482223
2026-07-31T08:10:21Z,293,16,10,7,0,0,1,1,1,1785479995
2026-07-31T08:10:21Z,294,0,0,21,1,0,1,1,1,1785484439
2026-07-31T08:10:21Z,297,10,1,6,2,1,1,1,1,1785485188
2026-07-31T08:10:21Z,301,16,0,3,0,0,1,1,1,1785485125
2026-07-31T08:10:21Z,302,1,1,22,0,0,1,1,1,1785485291
2026-07-31T08:10:21Z,303,19,0,0,0,0,1,1,1,1785485188
2026-07-31T08:10:21Z,304,0,0,0,0,0,0,1,1,86400
2026-07-31T08:10:21Z,305,19,0,0,0,0,1,1,1,1785485188
2026-07-31T08:10:21Z,306,2,0,29,1,0,1,1,1,1785485188
2026-07-31T08:10:21Z,307,17,1,4,1,1,1,1,1,1785485153
2026-07-31T08:10:21Z,308,14,0,3,2,0,1,1,1,1785478365
2026-07-31T08:10:21Z,309,0,0,13,1,0,1,1,1,1785485188
2026-07-31T08:10:21Z,311,15,0,0,0,0,1,1,1,1785476190
2026-07-31T08:10:21Z,312,6,3,12,4,1,1,1,1,1785485164
2026-07-31T08:10:21Z,313,3,1,12,0,0,1,1,1,1785479124
2026-07-31T08:10:21Z,314,4,3,11,3,0,1,1,1,1785477432
2026-07-31T08:10:21Z,315,23,6,5,3,0,1,1,1,1785478922
2026-07-31T08:10:21Z,316,4,1,2,24,1,1,1,1,1785485316
2026-07-31T08:10:21Z,317,0,0,30,0,1,1,1,1,1785485319
2026-07-31T08:10:21Z,318,16,0,3,0,0,1,1,1,1785478379
2026-07-31T08:10:21Z,319,17,3,5,1,0,1,1,1,1785485188
2026-07-31T08:10:21Z,320,18,5,0,1,0,1,1,1,1785483872
2026-07-31T08:10:21Z,321,8,1,7,4,0,1,1,1,1785485265
2026-07-31T08:10:21Z,322,5,1,23,1,0,1,1,1,1785484798
2026-07-31T08:10:21Z,323,8,0,11,0,0,1,1,1,1785476374
2026-07-31T08:10:21Z,324,7,2,19,1,0,1,1,1,1785485410
2026-07-31T08:10:21Z,325,4,3,21,2,0,1,1,1,1785484701
2026-07-31T08:10:21Z,327,23,0,3,1,0,1,1,1,1785485223
2026-07-31T08:10:21Z,328,20,0,1,1,0,1,1,1,1785484794
2026-07-31T08:10:21Z,329,17,0,0,2,0,1,1,1,1785480406
2026-07-31T08:10:21Z,330,3,0,19,0,0,1,1,1,1785485188
2026-07-31T08:10:21Z,331,9,2,13,1,0,1,1,1,1785485188
2026-07-31T08:10:21Z,332,9,2,8,2,0,1,1,1,1785484656
2026-07-31T08:10:21Z,333,1,1,21,1,0,1,1,1,1785482520
2026-07-31T08:10:21Z,334,11,9,12,0,0,1,1,1,1785484661
2026-07-31T08:10:21Z,335,3,2,18,1,1,1,1,1,1785477902
2026-07-31T08:10:21Z,336,18,2,1,0,0,1,1,1,1785483787
2026-07-31T08:10:21Z,337,17,3,1,5,0,1,1,1,1785485334
2026-07-31T08:10:21Z,338,18,8,1,0,0,1,1,1,1785484469
2026-07-31T08:10:21Z,339,18,10,4,1,0,1,1,1,1785484330
2026-07-31T08:10:21Z,340,14,11,0,1,0,1,1,1,1785470343
2026-07-31T08:10:21Z,341,11,4,8,0,0,1,1,1,1785479749
2026-07-31T08:10:21Z,342,13,7,0,2,0,1,1,1,1785475446
2026-07-31T08:10:21Z,343,20,1,2,1,0,1,1,1,1785480772
2026-07-31T08:10:21Z,344,23,9,0,0,0,1,1,1,1785484887
2026-07-31T08:10:21Z,345,19,3,0,0,0,1,1,1,1785484144
2026-07-31T08:10:21Z,346,7,5,16,0,0,1,1,1,1785479213
2026-07-31T08:10:21Z,347,0,0,42,2,0,1,1,1,1785485410
2026-07-31T08:10:21Z,348,21,3,0,1,1,1,1,1,1785485273
2026-07-31T08:10:21Z,349,5,1,14,0,0,1,1,1,1785484069
2026-07-31T08:10:21Z,350,24,3,1,1,1,1,1,1,1785482374
2026-07-31T08:10:21Z,351,20,3,0,3,0,1,1,1,1785485263
2026-07-31T08:10:21Z,355,23,1,0,0,0,1,1,1,1785477413
2026-07-31T08:10:21Z,356,17,2,2,0,0,1,1,1,1785482282
2026-07-31T08:10:21Z,357,13,4,6,0,0,1,1,1,1785485188
2026-07-31T08:10:21Z,358,24,4,2,1,0,1,1,1,1785483982
2026-07-31T08:10:21Z,359,22,0,5,0,0,1,1,1,1785482858
2026-07-31T08:10:21Z,360,16,4,1,2,0,1,1,1,1785479093
2026-07-31T08:10:21Z,362,17,5,0,2,0,1,1,1,1785482014
2026-07-31T08:10:21Z,363,0,0,27,0,0,1,1,1,1785483419
2026-07-31T08:10:21Z,364,19,3,0,0,0,1,1,1,1785483692
2026-07-31T08:10:21Z,365,18,6,2,3,0,1,1,1,1785483765
2026-07-31T08:10:21Z,366,13,6,3,7,0,1,1,1,1785485379
2026-07-31T08:10:21Z,367,16,9,1,2,0,1,1,1,1785478153
2026-07-31T08:10:21Z,368,20,3,1,2,0,1,1,1,1785482737
2026-07-31T08:10:21Z,370,16,9,11,0,0,1,1,1,1785479785
2026-07-31T08:10:21Z,371,4,2,14,1,0,1,1,1,1785484735
2026-07-31T08:10:21Z,372,8,2,7,0,0,1,1,1,1785482153
2026-07-31T08:10:21Z,373,23,8,4,0,0,1,1,1,1785484894
2026-07-31T08:10:21Z,374,17,7,0,2,0,1,1,1,1785485310
2026-07-31T08:10:21Z,375,22,5,3,2,0,1,1,1,1785482460
2026-07-31T08:10:21Z,376,30,4,4,5,0,1,1,1,1785482242
2026-07-31T08:10:21Z,377,24,8,3,0,0,1,1,1,1785483409
2026-07-31T08:10:21Z,378,22,5,0,1,1,1,1,1,1785485225
2026-07-31T08:10:21Z,379,15,0,12,0,0,1,1,1,1785482863
2026-07-31T08:10:21Z,380,22,7,0,1,0,1,1,1,1785476861
2026-07-31T08:10:21Z,381,14,0,9,0,0,1,1,1,1785482950
2026-07-31T08:10:21Z,383,12,0,1,2,0,1,1,1,1785480220
2026-07-31T08:10:21Z,384,26,1,0,1,0,1,1,1,1785479554
2026-07-31T08:10:21Z,385,16,4,1,1,0,1,1,1,1785480137
2026-07-31T08:10:21Z,387,21,2,2,0,0,1,1,1,1785484597
2026-07-31T08:10:21Z,388,16,3,33,0,0,1,1,1,1785485188
2026-07-31T08:10:21Z,389,10,8,5,0,0,1,1,1,1785482275
2026-07-31T08:10:21Z,390,19,1,16,0,0,1,1,1,1785485014
2026-07-31T08:10:21Z,391,4,0,10,1,0,1,1,1,1785475375
2026-07-31T08:10:21Z,392,3,3,15,1,0,1,1,1,1785485175
2026-07-31T08:10:21Z,393,3,3,5,3,0,1,1,1,1785480120
2026-07-31T08:10:21Z,394,9,6,2,2,0,1,1,1,1785481308
2026-07-31T08:10:21Z,396,7,7,32,3,0,1,1,1,1785483097
2026-07-31T08:10:21Z,397,4,4,27,0,0,1,1,1,1785479502
2026-07-31T08:10:21Z,399,13,2,2,2,0,1,1,1,1785483706
2026-07-31T08:10:21Z,400,11,6,9,3,0,1,1,1,1785483812
2026-07-31T08:10:21Z,401,10,0,21,8,0,1,1,1,1785475540
2026-07-31T08:10:21Z,403,4,0,25,2,0,1,1,1,1785485292
2026-07-31T08:10:21Z,404,2,1,20,1,0,1,1,1,1785485373
2026-07-31T08:10:21Z,406,2,0,32,1,0,1,1,1,1785476032
2026-07-31T08:10:21Z,407,16,3,17,1,0,1,1,1,1785484887
2026-07-31T08:10:21Z,408,12,2,20,1,0,1,1,1,1785480622
2026-07-31T08:10:21Z,409,0,0,20,3,0,1,1,1,1785474552
2026-07-31T08:10:21Z,413,20,4,1,2,0,1,1,1,1785484683
2026-07-31T08:10:21Z,414,13,4,1,1,0,1,1,1,1785484204
2026-07-31T08:10:21Z,417,11,7,8,0,0,1,1,1,1785478784
2026-07-31T08:10:21Z,418,1,0,13,1,0,1,1,1,1785476979
2026-07-31T08:10:21Z,419,10,0,12,1,0,1,1,1,1785476705
2026-07-31T08:10:21Z,421,1,0,18,0,0,1,1,1,1785475529
2026-07-31T08:10:21Z,422,3,3,24,0,0,1,1,1,1785484728
2026-07-31T08:10:21Z,423,6,1,17,0,0,1,1,1,1785477801
2026-07-31T08:10:21Z,424,1,0,11,3,0,1,1,1,1785485139
2026-07-31T08:10:21Z,425,20,0,1,0,1,1,1,1,1785482287
2026-07-31T08:10:21Z,426,0,0,35,2,0,1,1,1,1785483994
2026-07-31T08:10:21Z,427,14,1,0,1,0,1,1,1,1785485251
2026-07-31T08:10:21Z,428,13,1,5,1,0,1,1,1,1785482000
2026-07-31T08:10:21Z,429,2,0,19,2,0,1,1,1,1785485311
2026-07-31T08:10:21Z,430,28,0,0,3,0,1,1,1,1785484440
2026-07-31T08:10:21Z,431,14,0,18,1,0,1,1,1,1785477264
2026-07-31T08:10:21Z,432,19,0,10,2,0,1,1,1,1785484695
2026-07-31T08:10:21Z,433,19,6,3,1,0,1,1,1,1785477238
2026-07-31T08:10:21Z,437,2,0,16,1,0,1,1,1,1785485032
2026-07-31T08:10:21Z,438,17,0,1,1,0,1,1,1,1785485147
2026-07-31T08:10:21Z,439,5,0,10,0,0,1,1,1,1785472574
2026-07-31T08:10:21Z,440,13,1,0,2,0,1,1,1,1785485156
2026-07-31T08:10:21Z,441,10,2,4,1,0,1,1,1,1785482848
2026-07-31T08:10:21Z,442,17,9,1,1,0,1,1,1,1785481675
2026-07-31T08:10:21Z,443,4,2,23,0,0,1,1,1,1785472492
2026-07-31T08:10:21Z,444,2,2,21,0,0,1,1,1,1785476160
2026-07-31T08:10:21Z,445,7,2,15,1,0,1,1,1,1785485373
2026-07-31T08:10:21Z,446,1,1,21,1,0,1,1,1,1785470328
2026-07-31T08:10:21Z,447,3,0,18,1,1,1,1,1,1785467157
2026-07-31T08:10:21Z,448,9,4,5,1,0,1,1,1,1785484738
2026-07-31T08:10:21Z,452,7,6,11,1,0,1,1,1,1785483617
2026-07-31T08:10:21Z,453,6,4,8,1,0,1,1,1,1785485378
2026-07-31T08:10:21Z,454,9,0,10,0,0,1,1,1,1785484271
2026-07-31T08:10:21Z,455,0,0,39,0,0,1,1,1,1785483866
2026-07-31T08:10:21Z,456,9,0,10,1,0,1,1,1,1785485306
2026-07-31T08:10:21Z,457,25,2,0,2,0,1,1,1,1785481257
2026-07-31T08:10:21Z,458,16,6,7,0,0,1,1,1,1785484716
2026-07-31T08:10:21Z,459,15,0,0,0,0,1,1,1,1785481242
2026-07-31T08:10:21Z,460,20,2,2,1,0,1,1,1,1785484847
2026-07-31T08:10:21Z,461,6,1,13,0,0,1,1,1,1785484451
2026-07-31T08:10:21Z,462,7,0,14,0,0,1,1,1,1785483226
2026-07-31T08:10:21Z,463,13,1,6,0,0,1,1,1,1785475514
2026-07-31T08:10:21Z,464,3,1,11,0,0,1,1,1,1785480808
2026-07-31T08:10:21Z,465,0,0,14,1,0,1,1,1,1785484799
2026-07-31T08:10:21Z,466,11,3,2,2,0,1,1,1,1785470197
2026-07-31T08:10:21Z,467,5,1,13,1,0,1,1,1,1785471818
2026-07-31T08:10:21Z,468,17,1,1,1,0,1,1,1,1785473309
2026-07-31T08:10:21Z,469,2,1,21,0,0,1,1,1,1785473803
2026-07-31T08:10:21Z,470,13,1,0,2,0,1,1,1,1785480402
2026-07-31T08:10:21Z,471,21,2,6,0,0,1,1,1,1785485170
2026-07-31T08:10:21Z,472,18,6,0,1,0,1,1,1,1785485113
2026-07-31T08:10:21Z,473,19,5,0,0,0,1,1,1,1785474055
2026-07-31T08:10:21Z,474,18,0,1,0,0,1,1,1,1785482659
2026-07-31T08:10:21Z,475,3,0,15,1,0,1,1,1,1785483842
2026-07-31T08:10:21Z,477,12,8,2,1,0,1,1,1,1785479943
2026-07-31T08:10:21Z,478,6,0,24,1,0,1,1,1,1785483785
2026-07-31T08:10:21Z,479,1,1,25,1,0,1,1,1,1785485263
2026-07-31T08:10:21Z,480,2,0,10,3,0,1,1,1,1785482640
2026-07-31T08:10:21Z,481,26,1,8,1,0,1,1,1,1785485189
2026-07-31T08:10:21Z,482,18,6,1,0,0,1,1,1,1785484337
2026-07-31T08:10:21Z,483,1,0,24,2,0,1,1,1,1785485407
2026-07-31T08:10:21Z,484,8,2,10,1,0,1,1,1,1785485320
2026-07-31T08:10:21Z,485,16,6,1,1,1,1,1,1,1785485163
2026-07-31T08:10:21Z,486,25,6,0,2,0,1,1,1,1785485137
2026-07-31T08:10:21Z,487,6,4,12,1,0,1,1,1,1785481399
2026-07-31T08:10:21Z,489,14,6,1,0,0,1,1,1,1785484134
2026-07-31T08:10:21Z,490,1,1,15,0,0,1,1,1,1785474401
2026-07-31T08:10:21Z,491,4,1,17,0,0,1,1,1,1785483175
2026-07-31T08:10:21Z,492,5,3,2,4,0,1,1,1,1785485409
2026-07-31T08:10:21Z,493,0,0,26,1,0,1,1,1,1785478572
2026-07-31T08:10:21Z,495,12,1,2,1,0,1,1,1,1785472753
2026-07-31T08:10:21Z,496,27,1,0,0,0,1,1,1,1785476805
2026-07-31T08:10:21Z,497,17,0,1,1,0,1,1,1,1785473754
2026-07-31T08:10:21Z,498,21,3,1,1,0,1,1,1,1785484089
2026-07-31T08:10:21Z,499,18,2,1,0,0,1,1,1,1785482441
2026-07-31T08:10:21Z,500,10,5,0,5,0,1,1,1,1785474639
2026-07-31T08:10:21Z,501,9,3,12,0,0,1,1,1,1785472226
2026-07-31T08:10:21Z,502,6,0,13,0,0,1,1,1,1785473972
2026-07-31T08:10:21Z,503,26,0,4,1,0,1,1,1,1785482589
2026-07-31T08:10:21Z,504,0,0,39,0,0,1,1,1,1785475893
2026-07-31T08:10:21Z,505,11,2,0,1,0,1,1,1,1785475102
2026-07-31T08:10:21Z,511,1,1,22,0,0,1,1,1,1785477213
2026-07-31T08:10:21Z,512,7,0,20,0,0,1,1,1,1785480589
2026-07-31T08:10:21Z,514,10,0,0,1,0,1,1,1,1785473367
2026-07-31T08:10:21Z,515,2,0,17,0,0,1,1,1,1785475097
2026-07-31T08:10:21Z,516,0,0,27,0,0,1,1,1,1785484039
2026-07-31T08:10:21Z,517,14,3,8,1,0,1,1,1,1785477619
2026-07-31T08:10:21Z,518,14,1,0,1,0,1,1,1,1785481277
2026-07-31T08:10:21Z,519,4,0,13,2,0,1,1,1,1785483784
2026-07-31T08:10:21Z,520,10,6,11,5,1,1,1,1,1785485411
2026-07-31T08:10:21Z,521,17,5,6,0,0,1,1,1,1785479613
2026-07-31T08:10:21Z,522,0,0,22,1,0,1,1,1,1785483971
2026-07-31T08:10:21Z,523,6,3,16,1,0,1,1,1,1785481269
2026-07-31T08:10:21Z,524,0,0,23,0,0,1,1,1,1785482014
2026-07-31T08:10:21Z,525,9,0,10,0,0,1,1,1,1785484441
2026-07-31T08:10:21Z,526,12,1,1,2,0,1,1,1,1785484277
2026-07-31T08:10:21Z,527,6,4,17,3,0,1,1,1,1785485204
2026-07-31T08:10:21Z,528,21,2,1,1,0,1,1,1,1785474198
2026-07-31T08:10:21Z,529,5,2,8,6,0,1,1,1,1785485413
2026-07-31T08:10:21Z,530,16,1,3,2,0,1,1,1,1785482854
2026-07-31T08:10:21Z,531,21,1,0,1,1,1,1,1,1785477777
2026-07-31T08:10:21Z,532,3,3,26,1,1,1,1,1,1785481447
2026-07-31T08:10:21Z,533,7,0,10,2,0,1,1,1,1785481340
2026-07-31T08:10:21Z,534,14,1,9,0,0,1,1,1,1785482633
2026-07-31T08:10:21Z,535,2,0,13,0,0,1,1,1,1785478138
2026-07-31T08:10:21Z,536,2,0,21,0,0,1,1,1,1785484779
2026-07-31T08:10:21Z,537,0,0,20,0,0,1,1,1,1785482824
2026-07-31T08:10:21Z,538,21,8,0,0,2,1,1,1,1785485265
2026-07-31T08:10:21Z,539,4,4,27,0,0,1,1,1,1785470894
2026-07-31T08:10:21Z,540,2,1,17,0,0,1,1,1,1785476481
2026-07-31T08:10:21Z,541,26,2,0,1,0,1,1,1,1785480778
2026-07-31T08:10:21Z,542,2,2,21,0,0,1,1,1,1785467748
2026-07-31T08:10:21Z,543,17,2,1,1,0,1,1,1,1785477292
2026-07-31T08:10:21Z,544,14,1,4,4,0,1,1,1,1785474116
2026-07-31T08:10:21Z,545,0,0,17,2,0,1,1,1,1785484892
2026-07-31T08:10:21Z,546,14,6,5,0,0,1,1,1,1785482694
2026-07-31T08:10:21Z,547,19,0,6,0,0,1,1,1,1785484975
2026-07-31T08:10:21Z,548,14,1,9,0,0,1,1,1,1785485366
2026-07-31T08:10:21Z,549,20,0,3,0,0,1,1,1,1785484306
2026-07-31T08:10:21Z,550,17,2,2,0,0,1,1,1,1785484216
2026-07-31T08:10:21Z,551,16,4,7,0,0,1,1,1,1785472754
2026-07-31T08:10:21Z,552,27,3,0,0,0,1,1,1,1785474710
2026-07-31T08:10:21Z,553,22,5,0,0,1,1,1,1,1785485187
2026-07-31T08:10:21Z,554,1,1,18,0,0,1,1,1,1785481543
2026-07-31T08:10:21Z,555,14,6,0,1,0,1,1,1,1785473227
2026-07-31T08:10:21Z,556,21,4,0,2,0,1,1,1,1785485321
2026-07-31T08:10:21Z,557,6,4,12,5,0,1,1,1,1785481664
2026-07-31T08:10:21Z,558,27,4,10,0,0,1,1,1,1785482878
2026-07-31T08:10:21Z,559,0,0,18,1,0,1,1,1,1785471117
2026-07-31T08:10:21Z,560,8,0,19,0,0,1,1,1,1785481488
2026-07-31T08:10:21Z,561,13,1,9,1,0,1,1,1,1785475550
2026-07-31T08:10:21Z,562,3,0,29,3,0,1,1,1,1785474061
2026-07-31T08:10:21Z,563,11,1,3,0,0,1,1,1,1785482241
2026-07-31T08:10:21Z,564,12,0,6,1,0,1,1,1,1785482523
2026-07-31T08:10:21Z,565,6,2,13,0,0,1,1,1,1785482411
2026-07-31T08:10:21Z,566,16,0,2,1,0,1,1,1,1785485113
2026-07-31T08:10:21Z,567,24,0,2,1,0,1,1,1,1785485325
2026-07-31T08:10:21Z,568,13,0,5,1,0,1,1,1,1785483409
2026-07-31T08:10:21Z,569,17,3,2,0,0,1,1,1,1785480726
2026-07-31T08:10:21Z,570,12,1,7,0,0,1,1,1,1785484161
2026-07-31T08:10:21Z,571,0,0,22,1,0,1,1,1,1785485090
2026-07-31T08:10:21Z,572,17,5,2,0,0,1,1,1,1785475634
2026-07-31T08:10:21Z,573,13,0,2,0,0,1,1,1,1785484177
2026-07-31T08:10:21Z,574,10,3,5,0,0,1,1,1,1785478785
2026-07-31T08:10:21Z,575,5,1,15,1,0,1,1,1,1785482094
2026-07-31T08:10:21Z,576,3,0,14,2,0,1,1,1,1785484547
2026-07-31T08:10:21Z,577,13,0,18,0,0,1,1,1,1785484139
2026-07-31T08:10:21Z,578,14,9,8,1,0,1,1,1,1785484622
2026-07-31T08:10:21Z,579,4,0,39,0,0,1,1,1,1785482722
2026-07-31T08:10:21Z,580,4,0,25,0,0,1,1,1,1785479325
2026-07-31T08:10:21Z,581,19,3,0,0,0,1,1,1,1785478520
2026-07-31T08:10:21Z,582,22,0,38,1,0,1,1,1,1785485146
2026-07-31T08:10:21Z,583,23,1,0,0,0,1,1,1,1785480947
2026-07-31T08:10:21Z,584,9,4,6,4,0,1,1,1,1785475747
2026-07-31T08:10:21Z,585,16,3,10,0,1,1,1,1,1785482653
2026-07-31T08:10:21Z,586,14,0,21,0,0,1,1,1,1785482020
2026-07-31T08:10:21Z,587,20,0,3,1,0,1,1,1,1785482282
2026-07-31T08:10:21Z,588,12,4,4,3,0,1,1,1,1785485360
2026-07-31T08:10:21Z,589,0,0,0,23,0,1,1,1,1785485242
2026-07-31T08:10:21Z,590,19,4,11,1,0,1,1,1,1785479272
2026-07-31T08:10:21Z,591,28,1,0,2,0,1,1,1,1785470989
2026-07-31T08:10:21Z,592,12,0,11,0,0,1,1,1,1785483987
2026-07-31T08:10:21Z,593,0,0,38,0,0,1,1,1,1785476655
2026-07-31T08:10:21Z,594,7,0,11,3,0,1,1,1,1785485108
2026-07-31T08:10:21Z,595,0,0,3,0,0,0,1,1,1784046673
2026-07-31T08:10:21Z,605,0,0,2,1,0,0,1,1,1783975843
2026-07-31T08:10:21Z,606,0,0,0,0,0,0,1,1,86400
2026-07-31T08:10:21Z,607,9,0,22,1,0,1,1,1,1785483920
2026-07-31T08:10:21Z,608,0,0,50,0,0,1,1,1,1785482473
2026-07-31T08:10:21Z,609,1,0,22,0,0,1,1,1,1785483893
2026-07-31T08:10:21Z,610,0,0,35,0,0,1,1,1,1785463583
2026-07-31T08:10:21Z,611,12,0,14,1,0,1,1,1,1785483600
2026-07-31T08:10:21Z,612,6,1,9,0,0,1,1,1,1785472015
2026-07-31T08:10:21Z,613,9,0,3,3,0,1,1,1,1785472894
2026-07-31T08:10:21Z,614,0,0,24,2,1,1,1,1,1785474126
2026-07-31T08:10:21Z,617,12,0,1,2,0,1,1,1,1785482239
2026-07-31T08:10:21Z,618,13,2,1,5,0,1,1,1,1785473502
2026-07-31T08:10:21Z,619,7,2,12,0,0,1,1,1,1785483534
2026-07-31T08:10:21Z,620,0,0,25,2,0,1,1,1,1785478133
2026-07-31T08:10:21Z,621,14,4,9,0,0,1,1,1,1785480136
2026-07-31T08:10:21Z,622,5,2,17,1,0,1,1,1,1785480182
2026-07-31T08:10:21Z,623,9,2,20,1,0,1,1,1,1785475996
2026-07-31T08:10:21Z,624,2,0,13,0,0,1,1,1,1785470898
2026-07-31T08:10:21Z,625,5,0,14,2,0,1,1,1,1785484305
2026-07-31T08:10:21Z,626,0,0,45,0,2,1,1,1,1785469585
2026-07-31T08:10:21Z,627,14,7,5,0,0,1,1,1,1785473336
2026-07-31T08:10:21Z,628,0,0,15,2,2,1,1,1,1785485287
2026-07-31T08:10:21Z,629,4,1,6,1,0,1,1,1,1785485346
2026-07-31T08:10:21Z,630,3,2,21,3,0,1,1,1,1785485156
2026-07-31T08:10:21Z,631,2,1,21,0,0,1,1,1,1785471593
2026-07-31T08:10:21Z,632,22,2,0,1,0,1,1,1,1785458363
2026-07-31T08:10:21Z,633,11,1,0,4,0,1,1,1,1785485133
2026-07-31T08:10:21Z,634,11,2,8,0,0,1,1,1,1785478804
2026-07-31T08:10:21Z,635,16,1,3,0,0,1,1,1,1785475442
2026-07-31T08:10:21Z,636,10,2,5,0,0,1,1,1,1785484858
2026-07-31T08:10:21Z,637,8,0,11,0,0,1,1,1,1785483457
2026-07-31T08:10:21Z,638,9,2,7,3,0,1,1,1,1785473314
2026-07-31T08:10:21Z,639,5,1,11,3,0,1,1,1,1785479066
2026-07-31T08:10:21Z,640,1,1,21,1,0,1,1,1,1785485158
2026-07-31T08:10:21Z,641,19,0,5,2,0,1,1,1,1785484887
2026-07-31T08:10:21Z,642,3,2,8,8,0,1,1,1,1785485409
2026-07-31T08:10:21Z,643,1,0,18,8,0,1,1,1,1785485412
2026-07-31T08:10:21Z,644,12,0,2,1,0,1,1,1,1785475510
2026-07-31T08:10:21Z,645,13,0,8,1,1,1,1,1,1785485314
2026-07-31T08:10:21Z,646,7,2,12,0,0,1,1,1,1785485351
2026-07-31T08:10:21Z,647,31,1,0,0,0,1,1,1,1785469507
2026-07-31T08:10:21Z,648,6,0,12,1,0,1,1,1,1785483627
2026-07-31T08:10:21Z,649,19,2,11,1,0,1,1,1,1785484522
2026-07-31T08:10:21Z,650,5,1,9,0,0,1,1,1,1785461548
2026-07-31T08:10:21Z,651,11,9,12,0,0,1,1,1,1785482207
2026-07-31T08:10:21Z,652,4,2,17,2,0,1,1,1,1785485146
2026-07-31T08:10:21Z,653,8,1,9,2,0,1,1,1,1785481487
2026-07-31T08:10:21Z,654,2,2,13,0,0,1,1,1,1785480995
2026-07-31T08:10:21Z,655,6,3,2,4,1,1,1,1,1785485347
2026-07-31T08:10:21Z,656,18,6,1,0,0,1,1,1,1785482316
2026-07-31T08:10:21Z,657,9,1,3,2,3,1,1,1,1785485388
2026-07-31T08:10:21Z,658,9,1,1,0,0,1,1,1,1785473427
2026-07-31T08:10:21Z,659,8,3,5,2,0,1,1,1,1785482005
2026-07-31T08:10:21Z,660,13,0,14,4,0,1,1,1,1785485179
2026-07-31T08:10:21Z,661,1,1,18,0,0,1,1,1,1785474064
2026-07-31T08:10:21Z,662,7,5,14,2,0,1,1,1,1785480458
2026-07-31T08:10:21Z,663,14,6,0,1,0,1,1,1,1785472341
2026-07-31T08:10:21Z,664,0,0,27,0,0,1,1,1,1785472715
2026-07-31T08:10:21Z,665,12,3,3,0,0,1,1,1,1785479255
2026-07-31T08:10:21Z,666,7,2,6,2,0,1,1,1,1785473808
2026-07-31T08:10:21Z,667,0,0,19,0,0,1,1,1,1785482992
2026-07-31T08:10:21Z,668,10,1,8,1,0,1,1,1,1785484022
2026-07-31T08:10:21Z,669,14,5,0,0,0,1,1,1,1785473569
2026-07-31T08:10:21Z,670,11,2,16,0,0,1,1,1,1785482280
2026-07-31T08:10:21Z,671,26,5,0,1,0,1,1,1,1785475719
2026-07-31T08:10:21Z,672,13,2,6,3,1,1,1,1,1785476904
2026-07-31T08:10:21Z,673,12,1,9,2,0,1,1,1,1785485079
2026-07-31T08:10:21Z,674,3,2,17,3,0,1,1,1,1785485183
2026-07-31T08:10:21Z,675,12,6,1,2,0,1,1,1,1785485274
2026-07-31T08:10:21Z,676,4,1,17,1,0,1,1,1,1785479831
2026-07-31T08:10:21Z,681,12,3,1,2,0,1,1,1,1785484717
2026-07-31T08:10:21Z,682,4,1,14,1,0,1,1,1,1785387864
2026-07-31T08:10:21Z,683,4,1,15,0,0,1,1,1,1785484694
2026-07-31T08:10:21Z,684,4,0,23,0,0,1,1,1,1785473502
2026-07-31T08:10:21Z,685,10,0,15,1,1,1,1,1,1785476486
2026-07-31T08:10:21Z,686,11,0,14,1,1,1,1,1,1785485258
2026-07-31T08:10:21Z,687,11,0,18,1,1,1,1,1,1785485145
2026-07-31T08:10:21Z,688,9,0,3,7,0,1,1,1,1785485209
2026-07-31T08:10:21Z,692,2,0,19,0,0,1,1,1,1785485383
2026-07-31T08:10:21Z,693,5,0,3,3,0,1,1,1,1785485368
2026-07-31T08:10:21Z,694,9,5,12,0,0,1,1,1,1785485108
2026-07-31T08:10:21Z,695,17,11,6,0,0,1,1,1,1785485239
2026-07-31T08:10:21Z,696,19,14,3,1,0,1,1,1,1785485157
2026-07-31T08:10:21Z,697,19,1,4,0,0,1,1,1,1785484766
2026-07-31T08:10:21Z,698,27,0,0,0,0,1,1,1,1785484293
2026-07-31T08:10:21Z,699,7,0,7,1,0,1,1,1,1785483845
2026-07-31T08:10:21Z,700,19,4,0,0,0,1,1,1,1785483962
2026-07-31T08:10:21Z,701,17,6,2,0,0,1,1,1,1785485212
2026-07-31T08:10:21Z,702,19,0,3,1,0,1,1,1,1785484708
2026-07-31T08:10:21Z,704,9,2,6,0,0,1,1,1,1785484619
2026-07-31T08:10:21Z,705,5,3,9,1,0,1,1,1,1785484084
2026-07-31T08:10:21Z,706,12,2,0,3,0,1,1,1,1785485178
2026-07-31T08:10:21Z,707,10,2,5,0,0,1,1,1,1785484015
2026-07-31T08:10:21Z,708,19,3,0,0,0,1,1,1,1785484209
2026-07-31T08:10:21Z,709,11,1,1,3,0,1,1,1,1785484022
2026-07-31T08:10:21Z,710,16,3,2,1,0,1,1,1,1785485255
2026-07-31T08:10:21Z,711,19,4,0,4,0,1,1,1,1785485317
2026-07-31T08:10:21Z,712,15,10,0,0,0,1,1,1,1785485197
2026-07-31T08:10:21Z,713,6,0,17,0,0,1,1,1,1785484470
2026-07-31T08:10:21Z,716,3,1,12,0,0,1,1,1,1785483727
2026-07-31T08:10:21Z,717,2,1,20,3,0,1,1,1,1785483795
2026-07-31T08:10:21Z,718,2,1,12,1,0,1,1,1,1785485374
2026-07-31T08:10:21Z,719,7,1,22,0,0,1,1,1,1785484770
2026-07-31T08:10:21Z,720,2,1,17,0,0,1,1,1,1785484021
2026-07-31T08:10:21Z,721,0,0,21,2,0,1,1,1,1785484809
2026-07-31T08:10:21Z,722,5,0,10,0,0,1,1,1,1785483773
2026-07-31T08:10:21Z,723,12,1,11,0,0,1,1,1,1785483792
2026-07-31T08:10:21Z,724,21,4,2,0,0,1,1,1,1785484957
2026-07-31T08:10:21Z,725,22,6,0,1,0,1,1,1,1785484523
2026-07-31T08:10:21Z,726,19,3,0,0,0,1,1,1,1785484735
2026-07-31T08:10:21Z,727,9,4,12,2,0,1,1,1,1785484755
2026-07-31T08:10:21Z,728,10,1,5,0,0,1,1,1,1785484325
2026-07-31T08:10:21Z,729,6,0,13,0,0,1,1,1,1785485195
2026-07-31T08:10:21Z,730,3,2,10,2,0,1,1,1,1785484916
2026-07-31T08:10:21Z,731,10,3,4,1,0,1,1,1,1785484027
2026-07-31T08:10:21Z,732,9,5,6,0,0,1,1,1,1785485068
2026-07-31T08:10:21Z,733,4,0,23,0,0,1,1,1,1785484031
2026-07-31T08:10:21Z,734,0,0,14,0,0,1,1,1,1785485036
2026-07-31T08:10:21Z,735,4,3,23,0,0,1,1,1,1785483897
2026-07-31T08:10:21Z,736,7,1,12,0,0,1,1,1,1785484457
2026-07-31T08:10:21Z,737,4,3,10,0,1,1,1,1,1785484437
2026-07-31T08:10:21Z,738,16,5,1,2,0,1,1,1,1785484396
2026-07-31T08:10:21Z,739,19,2,7,1,0,1,1,1,1785484045
2026-07-31T08:10:21Z,741,7,1,16,0,0,1,1,1,1785484347
2026-07-31T08:10:21Z,742,9,4,24,2,0,1,1,1,1785484850
2026-07-31T08:10:21Z,743,8,3,9,2,0,1,1,1,1785484214
2026-07-31T08:10:21Z,744,11,4,3,1,0,1,1,1,1785484727
2026-07-31T08:10:21Z,745,14,4,4,1,0,1,1,1,1785484729
2026-07-31T08:10:21Z,746,13,3,8,2,0,1,1,1,1785484671
2026-07-31T08:10:21Z,747,0,0,4,0,0,0,1,1,1783446606
2026-07-31T08:10:21Z,748,10,1,13,0,0,1,1,1,1785483690
2026-07-31T08:10:21Z,749,7,5,15,1,0,1,1,1,1785483704
2026-07-31T08:10:21Z,750,4,2,7,0,0,1,1,1,1785484164
2026-07-31T08:10:21Z,751,9,0,14,0,0,1,1,1,1785484950
2026-07-31T08:10:21Z,752,13,1,3,1,0,1,1,1,1785482301
2026-07-31T08:10:21Z,753,4,0,11,0,0,1,1,1,1785484867
2026-07-31T08:10:21Z,754,2,2,12,1,0,1,1,1,1785485286
2026-07-31T08:10:21Z,755,12,3,10,1,0,1,1,1,1785485399
2026-07-31T08:10:21Z,756,2,0,35,0,0,1,1,1,1785484655
2026-07-31T08:10:21Z,757,18,9,1,0,0,1,1,1,1785483693
2026-07-31T08:10:21Z,758,22,3,1,0,0,1,1,1,1785485138
2026-07-31T08:10:21Z,759,5,3,10,0,0,1,1,1,1785484848
2026-07-31T08:10:21Z,760,8,3,11,0,0,1,1,1,1785472022
2026-07-31T08:10:21Z,761,17,0,6,0,0,1,1,1,1785484809
2026-07-31T08:10:21Z,762,7,4,4,4,0,1,1,1,1785483974
2026-07-31T08:10:21Z,768,9,0,8,2,0,1,1,1,1785484958
2026-07-31T08:10:21Z,769,16,12,3,0,0,1,1,1,1785484577
2026-07-31T08:10:21Z,770,11,3,6,2,0,1,1,1,1785484513
2026-07-31T08:10:21Z,771,13,3,1,1,0,1,1,1,1785483942
2026-07-31T08:10:21Z,772,7,3,8,0,0,1,1,1,1785484577
2026-07-31T08:10:21Z,773,15,4,4,0,0,1,1,1,1785484395
2026-07-31T08:10:21Z,774,9,5,3,3,0,1,1,1,1785484353
2026-07-31T08:10:21Z,775,6,0,11,1,1,1,1,1,1785468483
2026-07-31T08:10:21Z,776,3,1,17,1,0,1,1,1,1785484727
2026-07-31T08:10:21Z,777,10,0,2,3,0,1,1,1,1785484465
2026-07-31T08:10:21Z,778,13,0,3,3,0,1,1,1,1785484484
2026-07-31T08:10:21Z,779,8,1,10,1,0,1,1,1,1785485259
2026-07-31T08:10:21Z,780,17,4,1,1,0,1,1,1,1785484936
2026-07-31T08:10:21Z,781,6,2,3,2,0,1,1,1,1785485276
2026-07-31T08:10:21Z,782,5,3,10,4,0,1,1,1,1785484232
2026-07-31T08:10:21Z,783,7,1,12,0,0,1,1,1,1785485326
2026-07-31T08:10:21Z,784,15,2,4,0,0,1,1,1,1785484934
2026-07-31T08:10:21Z,785,12,2,2,5,0,1,1,1,1785483677
2026-07-31T08:10:21Z,786,11,5,8,0,0,1,1,1,1785485136
2026-07-31T08:10:21Z,787,11,5,2,2,0,1,1,1,1785484783
2026-07-31T08:10:21Z,788,3,0,12,0,0,1,1,1,1785484003
2026-07-31T08:10:21Z,789,9,2,2,4,0,1,1,1,1785484238
2026-07-31T08:10:21Z,790,0,0,23,0,0,1,1,1,1785484624
2026-07-31T08:10:21Z,791,7,2,11,0,1,1,1,1,1785484122
2026-07-31T08:10:21Z,793,4,0,10,1,0,1,1,1,1785484383
2026-07-31T08:10:21Z,794,9,3,18,2,0,1,1,1,1785485396
2026-07-31T08:10:21Z,796,0,0,17,2,0,1,1,1,1785484166
2026-07-31T08:10:21Z,797,0,0,15,0,0,1,1,1,1785474441
2026-07-31T08:10:21Z,798,6,0,18,1,0,1,1,1,1785483988
2026-07-31T08:10:21Z,799,14,1,1,4,0,1,1,1,1785484136
2026-07-31T08:10:21Z,800,1,0,19,1,0,1,1,1,1785483733
2026-07-31T08:10:21Z,801,4,2,16,1,0,1,1,1,1785484187
2026-07-31T08:10:21Z,802,8,0,23,0,0,1,1,1,1785484278
2026-07-31T08:10:21Z,803,1,1,14,0,0,1,1,1,1785483972
2026-07-31T08:10:21Z,806,9,4,6,0,0,1,1,1,1785484167
2026-07-31T08:10:21Z,807,14,0,8,3,0,1,1,1,1785485307
2026-07-31T08:10:21Z,808,0,0,23,2,0,1,1,1,1785472976
2026-07-31T08:10:21Z,809,5,1,17,1,0,1,1,1,1785484132
2026-07-31T08:10:21Z,810,2,0,13,4,0,1,1,1,1785484607
2026-07-31T08:10:21Z,815,4,1,6,4,1,1,1,1,1785484250
2026-07-31T08:10:21Z,817,10,5,5,0,0,1,1,1,1785485297
2026-07-31T08:10:21Z,818,6,0,16,1,0,1,1,1,1785484693
2026-07-31T08:10:21Z,819,6,4,9,0,0,1,1,1,1785460987
2026-07-31T08:10:21Z,820,8,2,9,0,0,1,1,1,1785485222
2026-07-31T08:10:21Z,821,2,1,13,0,0,1,1,1,1785484340
2026-07-31T08:10:21Z,822,1,0,20,2,0,1,1,1,1785484644
2026-07-31T08:10:21Z,823,0,0,14,1,0,1,1,1,1785483801
2026-07-31T08:10:21Z,824,10,3,8,1,0,1,1,1,1785485082
2026-07-31T08:10:21Z,825,8,5,7,0,0,1,1,1,1785462716
2026-07-31T08:10:21Z,826,10,2,8,1,0,1,1,1,1785485083
2026-07-31T08:10:21Z,827,16,5,4,1,0,1,1,1,1785484574
2026-07-31T08:10:21Z,828,8,0,9,1,0,1,1,1,1785484456
2026-07-31T08:10:21Z,829,16,7,11,0,0,1,1,1,1785485314
2026-07-31T08:10:21Z,830,11,2,11,1,0,1,1,1,1785484563
2026-07-31T08:10:21Z,831,7,2,7,1,0,1,1,1,1785483959
2026-07-31T08:10:21Z,832,10,3,5,3,0,1,1,1,1785483850
2026-07-31T08:10:21Z,833,1,0,17,1,0,1,1,1,1785483610
2026-07-31T08:10:21Z,834,1,0,22,1,0,1,1,1,1785484923
2026-07-31T08:10:21Z,835,16,6,0,2,0,1,1,1,1785485153
2026-07-31T08:10:21Z,837,5,1,0,10,0,1,1,1,1785483834
2026-07-31T08:10:21Z,838,13,3,2,0,0,1,1,1,1785484511
2026-07-31T08:10:21Z,839,18,0,11,0,0,1,1,1,1785481858
2026-07-31T08:10:21Z,840,10,4,17,2,0,1,1,1,1785484955
2026-07-31T08:10:21Z,841,7,1,8,0,0,1,1,1,1785483778
2026-07-31T08:10:21Z,842,7,2,16,0,0,1,1,1,1785485370
2026-07-31T08:10:21Z,843,8,0,22,1,0,1,1,1,1785483769
2026-07-31T08:10:21Z,844,6,0,17,0,0,1,1,1,1785483743
2026-07-31T08:10:21Z,845,5,3,12,2,0,1,1,1,1785483941
2026-07-31T08:10:21Z,846,4,0,13,2,0,1,1,1,1785484892
2026-07-31T08:10:21Z,847,7,1,20,0,0,1,1,1,1785484661
2026-07-31T08:10:21Z,848,10,3,8,1,0,1,1,1,1785485156
2026-07-31T08:10:21Z,849,7,2,8,0,0,1,1,1,1785484742
2026-07-31T08:10:21Z,850,9,0,1,1,0,1,1,1,1785484982
2026-07-31T08:10:21Z,851,3,3,32,2,0,1,1,1,1785484801
2026-07-31T08:10:21Z,852,12,6,7,0,0,1,1,1,1785483659
2026-07-31T08:10:21Z,853,10,5,13,0,0,1,1,1,1785484524
2026-07-31T08:10:21Z,854,4,2,11,0,0,1,1,1,1785484606
2026-07-31T08:10:21Z,855,24,0,3,0,0,1,1,1,1785476759
2026-07-31T08:10:21Z,857,1,1,18,0,0,1,1,1,1785483858
2026-07-31T08:10:21Z,858,4,1,14,1,0,1,1,1,1785484308
2026-07-31T08:10:21Z,859,3,0,17,1,0,1,1,1,1785484537
2026-07-31T08:10:21Z,861,8,1,2,1,0,1,1,1,1785455675
2026-07-31T08:10:21Z,862,2,1,13,0,0,1,1,1,1785483803
2026-07-31T08:10:21Z,863,13,0,5,1,0,1,1,1,1785472897
2026-07-31T08:10:21Z,866,9,3,10,0,0,1,1,1,1785484871
2026-07-31T08:10:21Z,867,12,0,3,0,0,1,1,1,1785485232
2026-07-31T08:10:21Z,868,13,2,2,0,0,1,1,1,1785483621
2026-07-31T08:10:21Z,870,7,4,6,2,0,1,1,1,1785483837
2026-07-31T08:10:21Z,871,0,0,10,1,0,1,1,1,1785485038
2026-07-31T08:10:21Z,872,0,0,14,1,0,1,1,1,1785483756
2026-07-31T08:10:21Z,873,0,0,32,1,0,1,1,1,1785483710
2026-07-31T08:10:21Z,874,5,2,7,3,0,1,1,1,1785483920
2026-07-31T08:10:21Z,875,15,11,0,0,0,1,1,1,1785484808
2026-07-31T08:10:21Z,877,11,10,6,2,0,1,1,1,1785485170
2026-07-31T08:10:21Z,878,3,2,15,1,0,1,1,1,1785483932
2026-07-31T08:10:21Z,879,1,0,18,0,0,1,1,1,1785484794
2026-07-31T08:10:21Z,880,3,0,19,1,0,1,1,1,1785484805
2026-07-31T08:10:21Z,881,2,0,17,0,0,1,1,1,1785483786
2026-07-31T08:10:21Z,882,11,0,6,2,0,1,1,1,1785457778
2026-07-31T08:10:21Z,883,10,6,9,0,0,1,1,1,1785484063
2026-07-31T08:10:21Z,884,11,7,10,0,0,1,1,1,1785485157
2026-07-31T08:10:21Z,885,1,0,18,0,0,1,1,1,1785483640
2026-07-31T08:10:21Z,886,17,1,11,1,0,1,1,1,1785484412
2026-07-31T08:10:21Z,887,2,1,12,3,0,1,1,1,1785484364
2026-07-31T08:10:21Z,888,11,0,28,2,0,1,1,1,1785485252
2026-07-31T08:10:21Z,889,17,1,0,2,0,1,1,1,1785483951
2026-07-31T08:10:21Z,890,7,4,8,0,0,1,1,1,1785472287
2026-07-31T08:10:21Z,891,16,0,6,1,0,1,1,1,1785484942
2026-07-31T08:10:21Z,892,13,1,2,0,0,1,1,1,1785469848
2026-07-31T08:10:21Z,895,0,0,18,1,0,1,1,1,1785465808
2026-07-31T08:10:21Z,896,6,0,29,0,0,1,1,1,1785483234
2026-07-31T08:10:21Z,897,11,1,10,0,0,1,1,1,1785483822
2026-07-31T08:10:21Z,898,2,0,17,0,0,1,1,1,1785485374
2026-07-31T08:10:21Z,899,0,0,18,1,0,1,1,1,1785485022
2026-07-31T08:10:21Z,900,17,0,8,2,0,1,1,1,1785484772
2026-07-31T08:10:21Z,901,12,0,6,1,0,1,1,1,1785484671
2026-07-31T08:10:21Z,902,9,0,5,1,0,1,1,1,1785485317
2026-07-31T08:10:21Z,903,15,2,4,0,0,1,1,1,1785484741
2026-07-31T08:10:21Z,904,10,4,8,1,0,1,1,1,1785483946
2026-07-31T08:10:21Z,905,4,0,23,0,0,1,1,1,1785484710
2026-07-31T08:10:21Z,906,6,4,21,0,0,1,1,1,1785484782
2026-07-31T08:10:21Z,907,5,1,26,0,0,1,1,1,1785484122
2026-07-31T08:10:21Z,908,11,0,12,0,0,1,1,1,1785483927
2026-07-31T08:10:21Z,909,15,5,8,0,0,1,1,1,1785485312
2026-07-31T08:10:21Z,910,20,0,11,0,0,1,1,1,1785484535
2026-07-31T08:10:21Z,911,3,0,16,0,0,1,1,1,1785485307
2026-07-31T08:10:21Z,912,9,5,12,2,0,1,1,1,1785484878
2026-07-31T08:10:21Z,913,3,1,16,0,0,1,1,1,1785484472
2026-07-31T08:10:21Z,914,7,1,12,0,0,1,1,1,1785484295
2026-07-31T08:10:21Z,915,9,0,13,1,0,1,1,1,1785485030
2026-07-31T08:10:21Z,916,23,8,0,0,0,1,1,1,1785484081
2026-07-31T08:10:21Z,917,3,1,30,2,0,1,1,1,1785484650
2026-07-31T08:10:21Z,918,13,5,4,2,0,1,1,1,1785483859
2026-07-31T08:10:21Z,919,15,3,23,1,0,1,1,1,1785484718
2026-07-31T08:10:21Z,920,4,2,15,0,0,1,1,1,1785484291
2026-07-31T08:10:21Z,921,12,0,9,0,0,1,1,1,1785483621
2026-07-31T08:10:21Z,922,4,1,17,0,0,1,1,1,1785484416
2026-07-31T08:10:21Z,923,18,1,1,0,0,1,1,1,1785485313
2026-07-31T08:10:21Z,924,8,2,13,0,0,1,1,1,1785484635
2026-07-31T08:10:21Z,925,13,0,8,0,0,1,1,1,1785484092
2026-07-31T08:10:21Z,926,0,0,21,0,0,1,1,1,1785484241
2026-07-31T08:10:21Z,927,0,0,35,0,0,1,1,1,1785484623
2026-07-31T08:10:21Z,928,5,3,14,0,0,1,1,1,1785464301
2026-07-31T08:10:21Z,929,0,0,23,0,0,1,1,1,1785485066
2026-07-31T08:10:21Z,930,1,0,29,1,0,1,1,1,1785484391
2026-07-31T08:10:21Z,931,8,3,15,0,0,1,1,1,1785484163
2026-07-31T08:10:21Z,932,4,0,12,3,0,1,1,1,1785484520
2026-07-31T08:10:21Z,933,0,0,23,0,0,1,1,1,1785484218
2026-07-31T08:10:21Z,934,18,0,12,1,0,1,1,1,1785485399
2026-07-31T08:10:21Z,935,9,2,9,1,0,1,1,1,1785484808
2026-07-31T08:10:21Z,936,4,1,15,0,0,1,1,1,1785456801
2026-07-31T08:10:21Z,940,10,0,1,0,0,1,1,1,1785477927
2026-07-31T08:10:21Z,941,10,1,13,2,0,1,1,1,1785484360
2026-07-31T08:10:21Z,942,5,0,16,0,0,1,1,1,1785484734
2026-07-31T08:10:21Z,943,9,8,6,0,0,1,1,1,1785483874
2026-07-31T08:10:21Z,944,9,8,6,0,0,1,1,1,1785483686
2026-07-31T08:10:21Z,945,10,8,5,0,0,1,1,1,1785485011
2026-07-31T08:10:21Z,946,7,5,12,0,0,1,1,1,1785424152
2026-07-31T08:10:21Z,947,7,5,10,0,0,1,1,1,1785483700
2026-07-31T08:10:21Z,948,26,8,0,5,0,1,1,1,1785484209
2026-07-31T08:10:21Z,949,1,0,14,0,0,1,1,1,1785483803
2026-07-31T08:10:21Z,950,15,3,1,1,0,1,1,1,1785485043
2026-07-31T08:10:21Z,951,18,4,5,0,0,1,1,1,1785483898
2026-07-31T08:10:21Z,952,7,0,48,0,0,1,1,1,1785484987
2026-07-31T08:10:21Z,953,14,2,0,1,0,1,1,1,1785484783
2026-07-31T08:10:21Z,954,18,4,1,0,0,1,1,1,1785483805
2026-07-31T08:10:21Z,955,4,3,17,6,0,1,1,1,1785484577
2026-07-31T08:10:21Z,956,22,2,0,1,0,1,1,1,1785483735
2026-07-31T08:10:21Z,957,15,0,14,0,0,1,1,1,1785484893
2026-07-31T08:10:21Z,958,19,0,12,0,0,1,1,1,1785484400
2026-07-31T08:10:21Z,959,20,8,0,3,0,1,1,1,1785485395
2026-07-31T08:10:21Z,960,18,0,4,1,0,1,1,1,1785484061
2026-07-31T08:10:21Z,961,2,1,17,4,0,1,1,1,1785484412
2026-07-31T08:10:21Z,962,8,3,24,3,0,1,1,1,1785484650
2026-07-31T08:10:21Z,963,7,0,15,1,0,1,1,1,1785483776
2026-07-31T08:10:21Z,964,21,8,1,1,0,1,1,1,1785485223
2026-07-31T08:10:21Z,965,5,1,21,1,0,1,1,1,1785483930
2026-07-31T08:10:21Z,966,28,0,3,0,0,1,1,1,1785484403
2026-07-31T08:10:21Z,967,20,0,0,1,0,1,1,1,1785485336
2026-07-31T08:10:21Z,968,14,0,4,1,0,1,1,1,1785483686
2026-07-31T08:10:21Z,969,12,8,14,1,0,1,1,1,1785485377
2026-07-31T08:10:21Z,970,11,1,7,1,0,1,1,1,1785484019
2026-07-31T08:10:21Z,971,15,0,7,1,0,1,1,1,1785483983
2026-07-31T08:10:21Z,972,10,1,13,0,0,1,1,1,1785485402
2026-07-31T08:10:21Z,973,9,4,13,1,0,1,1,1,1785484976
2026-07-31T08:10:21Z,974,12,0,15,0,0,1,1,1,1785484363
2026-07-31T08:10:21Z,977,6,6,12,3,0,1,1,1,1785485239
2026-07-31T08:10:21Z,978,11,0,12,0,0,1,1,1,1785484785
2026-07-31T08:10:21Z,979,14,1,3,0,0,1,1,1,1785484345
2026-07-31T08:10:21Z,980,2,0,17,2,0,1,1,1,1785485070
2026-07-31T08:10:21Z,981,19,0,1,1,0,1,1,1,1785485235
2026-07-31T08:10:21Z,982,3,1,14,2,0,1,1,1,1785483726
2026-07-31T08:10:21Z,983,2,1,20,1,0,1,1,1,1785484135
2026-07-31T08:10:21Z,984,6,0,17,0,0,1,1,1,1785485115
2026-07-31T08:10:21Z,985,8,1,22,1,0,1,1,1,1785485366
2026-07-31T08:10:21Z,986,4,0,15,0,0,1,1,1,1785483724
2026-07-31T08:10:21Z,987,6,0,16,1,0,1,1,1,1785484255
2026-07-31T08:10:21Z,988,5,1,13,1,0,1,1,1,1785483872
2026-07-31T08:10:21Z,989,10,5,9,0,0,1,1,1,1785484680
2026-07-31T08:10:21Z,990,13,1,0,2,0,1,1,1,1785483932
2026-07-31T08:10:21Z,991,10,2,8,1,0,1,1,1,1785485400
2026-07-31T08:10:21Z,992,10,7,12,1,0,1,1,1,1785484455
2026-07-31T08:10:21Z,993,0,0,27,0,0,1,1,1,1785476008
2026-07-31T08:10:21Z,994,4,1,17,0,0,1,1,1,1785484666
2026-07-31T08:10:21Z,995,9,2,18,0,0,1,1,1,1785483886
2026-07-31T08:10:21Z,996,8,1,15,0,0,1,1,1,1785483693
2026-07-31T08:10:21Z,997,10,5,10,3,0,1,1,1,1785485353
2026-07-31T08:10:21Z,998,3,2,19,1,0,1,1,1,1785484008
2026-07-31T08:10:21Z,999,3,1,15,2,1,1,1,1,1785483800
2026-07-31T08:10:21Z,1000,3,1,18,0,0,1,1,1,1785484579
2026-07-31T08:10:21Z,1001,1,0,26,0,0,1,1,1,1785484024
2026-07-31T08:10:21Z,1002,0,0,27,4,0,1,1,1,1785484019
2026-07-31T08:10:21Z,1003,0,0,22,1,0,1,1,1,1785483656
2026-07-31T08:10:21Z,1004,8,1,15,0,0,1,1,1,1785484913
2026-07-31T08:10:21Z,1005,20,1,3,0,0,1,1,1,1785483846
2026-07-31T08:10:21Z,1006,7,4,11,1,0,1,1,1,1785483685
2026-07-31T08:10:21Z,1007,2,1,19,0,0,1,1,1,1785485131
2026-07-31T08:10:21Z,1008,6,5,15,2,0,1,1,1,1785484630
2026-07-31T08:10:21Z,1009,19,2,8,4,0,1,1,1,1785484503
2026-07-31T08:10:21Z,1010,7,2,20,0,0,1,1,1,1785485328
2026-07-31T08:10:21Z,1011,8,2,9,2,0,1,1,1,1785484059
2026-07-31T08:10:21Z,1012,4,3,18,1,0,1,1,1,1785483611
2026-07-31T08:10:21Z,1013,4,1,18,1,0,1,1,1,1785484213
2026-07-31T08:10:21Z,1014,7,2,13,3,0,1,1,1,1785484127
2026-07-31T08:10:21Z,1015,3,1,25,3,0,1,1,1,1785484392
2026-07-31T08:10:21Z,1016,10,5,21,0,0,1,1,1,1785485280
2026-07-31T08:10:21Z,1017,14,5,7,0,0,1,1,1,1785484833
2026-07-31T08:10:21Z,1018,7,2,15,0,0,1,1,1,1785483698
2026-07-31T08:10:21Z,1019,9,6,6,0,0,1,1,1,1785483635
2026-07-31T08:10:21Z,1020,18,3,3,0,0,1,1,1,1785484705
2026-07-31T08:10:21Z,1021,9,3,5,1,0,1,1,1,1785484438
2026-07-31T08:10:21Z,1022,14,0,13,0,0,1,1,1,1785483783
2026-07-31T08:10:21Z,1023,13,1,9,1,0,1,1,1,1785485249
2026-07-31T08:10:21Z,1024,5,2,13,1,0,1,1,1,1785484436
2026-07-31T08:10:21Z,1025,4,0,14,0,1,1,1,1,1785483751
2026-07-31T08:10:21Z,1026,7,5,19,5,0,1,1,1,1785484784
2026-07-31T08:10:21Z,1028,2,0,20,1,0,1,1,1,1785483789
2026-07-31T08:10:21Z,1029,10,9,4,1,0,1,1,1,1785484734
2026-07-31T08:10:21Z,1030,14,5,9,0,0,1,1,1,1785484469
2026-07-31T08:10:21Z,1031,8,0,11,0,0,1,1,1,1785484845
2026-07-31T08:10:21Z,1032,7,1,12,0,0,1,1,1,1785483689
2026-07-31T08:10:21Z,1033,9,5,9,1,0,1,1,1,1785484502
2026-07-31T08:10:21Z,1034,2,0,13,0,0,1,1,1,1785483713
2026-07-31T08:10:21Z,1035,1,0,16,2,0,1,1,1,1785483732
2026-07-31T08:10:21Z,1036,15,1,0,0,0,1,1,1,1785484292
2026-07-31T08:10:21Z,1037,3,0,15,1,0,1,1,1,1785484883
2026-07-31T08:10:21Z,1038,2,0,12,1,0,1,1,1,1785485225
2026-07-31T08:10:21Z,1039,7,2,12,0,0,1,1,1,1785485224
2026-07-31T08:10:21Z,1040,7,3,10,2,0,1,1,1,1785485039
2026-07-31T08:10:21Z,1041,10,3,8,1,0,1,1,1,1785484412
2026-07-31T08:10:21Z,1042,12,1,1,2,0,1,1,1,1785483965
2026-07-31T08:10:21Z,1043,9,0,7,3,0,1,1,1,1785483764
2026-07-31T08:10:21Z,1044,2,1,12,1,0,1,1,1,1785485280
2026-07-31T08:10:21Z,1045,10,0,9,0,0,1,1,1,1785483679
2026-07-31T08:10:21Z,1046,9,0,6,0,0,1,1,1,1785484905
2026-07-31T08:10:21Z,1047,4,0,17,0,0,1,1,1,1785484442
2026-07-31T08:10:21Z,1048,10,1,9,0,0,1,1,1,1785483656
2026-07-31T08:10:21Z,1049,6,0,15,0,0,1,1,1,1785483710
2026-07-31T08:10:21Z,1050,17,4,4,0,0,1,1,1,1785484812
2026-07-31T08:10:21Z,1051,8,3,13,0,0,1,1,1,1785484706
2026-07-31T08:10:21Z,1052,17,2,5,0,0,1,1,1,1785485330
2026-07-31T08:10:21Z,1053,2,1,13,0,0,1,1,1,1785485404
2026-07-31T08:10:21Z,1054,14,1,1,0,0,1,1,1,1785483851
2026-07-31T08:10:21Z,1055,7,1,12,0,0,1,1,1,1785483822
2026-07-31T08:10:21Z,1057,18,0,0,1,0,1,1,1,1785485332
2026-07-31T08:10:21Z,1058,1,0,55,0,0,1,1,1,1785483898
2026-07-31T08:10:21Z,1059,0,0,18,1,0,1,1,1,1785483721
2026-07-31T08:10:21Z,1060,30,0,7,0,0,1,1,1,1785484470
2026-07-31T08:10:21Z,1061,6,0,30,1,0,1,1,1,1785483785
2026-07-31T08:10:21Z,1062,1,0,16,0,0,1,1,1,1785484209
2026-07-31T08:10:21Z,1063,12,1,6,1,0,1,1,1,1785483735
2026-07-31T08:10:21Z,1064,3,0,19,1,0,1,1,1,1785484054
2026-07-31T08:10:21Z,1065,16,3,7,0,0,1,1,1,1785484299
2026-07-31T08:10:21Z,1066,10,2,13,0,0,1,1,1,1785484123
2026-07-31T08:10:21Z,1067,8,2,13,2,0,1,1,1,1785484391
2026-07-31T08:10:21Z,1068,8,2,13,2,0,1,1,1,1785483879
2026-07-31T08:10:21Z,1069,12,3,11,0,0,1,1,1,1785483932
2026-07-31T08:10:21Z,1070,12,2,11,0,0,1,1,1,1785484028
2026-07-31T08:10:21Z,1071,7,4,16,0,0,1,1,1,1785484067
2026-07-31T08:10:21Z,1072,11,1,11,1,0,1,1,1,1785484429
2026-07-31T08:10:21Z,1073,26,7,0,1,0,1,1,1,1785485175
2026-07-31T08:10:21Z,1074,0,0,52,1,0,1,1,1,1785483834
2026-07-31T08:10:21Z,1075,10,10,11,0,0,1,1,1,1785485254
2026-07-31T08:10:21Z,1076,14,11,7,0,0,1,1,1,1785484690
2026-07-31T08:10:21Z,1077,8,5,13,0,0,1,1,1,1785483648
2026-07-31T08:10:21Z,1078,11,10,10,0,0,1,1,1,1785484732
2026-07-31T08:10:21Z,1079,11,8,10,0,0,1,1,1,1785485363
2026-07-31T08:10:21Z,1080,10,8,10,1,0,1,1,1,1785484145
2026-07-31T08:10:21Z,1081,13,8,6,0,0,1,1,1,1785484546
2026-07-31T08:10:21Z,1082,7,7,1,0,0,1,1,1,1785484047
2026-07-31T08:10:21Z,1083,13,11,8,0,0,1,1,1,1785483806
2026-07-31T08:10:21Z,1084,9,8,12,0,0,1,1,1,1785485249
2026-07-31T08:10:21Z,1085,8,8,13,0,0,1,1,1,1785484882
2026-07-31T08:10:21Z,1086,0,0,20,1,0,1,1,1,1785483771
2026-07-31T08:10:21Z,1087,12,7,3,0,0,1,1,1,1785484797
2026-07-31T08:10:21Z,1088,10,7,5,0,0,1,1,1,1785483738
2026-07-31T08:10:21Z,1089,5,3,10,0,0,1,1,1,1785484100
2026-07-31T08:10:21Z,1090,11,10,4,0,0,1,1,1,1785484775
2026-07-31T08:10:21Z,1091,12,7,3,0,0,1,1,1,1785484538
2026-07-31T08:10:21Z,1092,9,9,5,1,0,1,1,1,1785484084
2026-07-31T08:10:21Z,1093,7,6,8,0,0,1,1,1,1785484449
2026-07-31T08:10:21Z,1094,10,8,8,1,0,1,1,1,1785483691
2026-07-31T08:10:21Z,1095,9,8,6,0,0,1,1,1,1785484395
2026-07-31T08:10:21Z,1096,3,1,15,1,0,1,1,1,1785484054
2026-07-31T08:10:21Z,1097,11,11,4,0,0,1,1,1,1785484270
2026-07-31T08:10:21Z,1098,9,7,10,0,0,1,1,1,1785484605
2026-07-31T08:10:21Z,1099,7,6,8,0,0,1,1,1,1785485341
2026-07-31T08:10:21Z,1100,6,2,23,0,0,1,1,1,1785474727
2026-07-31T08:10:21Z,1101,10,5,11,0,0,1,1,1,1785485229
2026-07-31T08:10:21Z,1102,9,4,4,0,0,1,1,1,1785484531
2026-07-31T08:10:21Z,1103,10,5,11,0,0,1,1,1,1785474301
2026-07-31T08:10:21Z,1104,10,5,11,0,0,1,1,1,1785484982
2026-07-31T08:10:21Z,1105,7,3,6,0,0,1,1,1,1785484417
2026-07-31T08:10:21Z,1106,13,7,8,0,0,1,1,1,1785485321
2026-07-31T08:10:21Z,1107,9,5,6,0,0,1,1,1,1785483812
2026-07-31T08:10:21Z,1108,5,2,19,3,0,1,1,1,1785484271
2026-07-31T08:10:21Z,1109,6,1,9,0,0,1,1,1,1785483770
2026-07-31T08:10:21Z,1110,12,4,9,0,0,1,1,1,1785484853
2026-07-31T08:10:21Z,1111,3,2,18,0,0,1,1,1,1785475740
2026-07-31T08:10:21Z,1112,38,0,15,0,0,1,1,1,1785483525
2026-07-31T08:10:21Z,1113,1,0,20,0,0,1,1,1,1785484818
2026-07-31T08:10:21Z,1115,17,5,3,3,0,1,1,1,1785484288
2026-07-31T08:10:21Z,1116,5,1,14,0,0,1,1,1,1785484919
2026-07-31T08:10:21Z,1117,10,3,13,0,0,1,1,1,1785484081
2026-07-31T08:10:21Z,1118,16,1,3,2,0,1,1,1,1785485333
2026-07-31T08:10:21Z,1119,13,1,4,0,0,1,1,1,1785484727
2026-07-31T08:10:21Z,1120,13,0,6,0,0,1,1,1,1785483781
2026-07-31T08:10:21Z,1121,13,2,5,3,0,1,1,1,1785481599
2026-07-31T08:10:21Z,1122,19,10,0,2,0,1,1,1,1785484916
2026-07-31T08:10:21Z,1123,7,3,14,2,0,1,1,1,1785485162
2026-07-31T08:10:21Z,1124,10,0,0,5,0,1,1,1,1785485337
2026-07-31T08:10:21Z,1125,15,1,8,0,0,1,1,1,1785483981
2026-07-31T08:10:21Z,1126,4,0,16,1,0,1,1,1,1785484893
2026-07-31T08:10:21Z,1127,6,1,12,1,0,1,1,1,1785484029
2026-07-31T08:10:21Z,1128,14,2,0,1,0,1,1,1,1785483765
2026-07-31T08:10:21Z,1129,3,2,17,1,0,1,1,1,1785485254
2026-07-31T08:10:21Z,1130,6,0,9,0,0,1,1,1,1785485322
2026-07-31T08:10:21Z,1131,0,0,48,1,0,1,1,1,1785484424
2026-07-31T08:10:21Z,1132,13,6,7,1,0,1,1,1,1785485182
2026-07-31T08:10:21Z,1133,17,12,3,1,0,1,1,1,1785485339
2026-07-31T08:10:21Z,1134,11,7,8,0,0,1,1,1,1785484212
2026-07-31T08:10:21Z,1135,10,5,11,0,0,1,1,1,1785485122
2026-07-31T08:10:21Z,1136,8,0,15,0,0,1,1,1,1785483877
2026-07-31T08:10:21Z,1137,12,0,3,0,0,1,1,1,1785483637
2026-07-31T08:10:21Z,1138,15,2,4,0,0,1,1,1,1785483672
2026-07-31T08:10:21Z,1139,19,5,1,1,0,1,1,1,1785484190
2026-07-31T08:10:21Z,1140,22,3,0,1,0,1,1,1,1785485218
2026-07-31T08:10:21Z,1141,0,0,20,1,0,1,1,1,1785484924
2026-07-31T08:10:21Z,1142,2,0,19,0,0,1,1,1,1785484347
2026-07-31T08:10:21Z,1143,23,0,6,0,0,1,1,1,1785485060
2026-07-31T08:10:21Z,1144,7,1,13,1,0,1,1,1,1785483958
2026-07-31T08:10:21Z,1145,12,6,8,1,0,1,1,1,1785484082
2026-07-31T08:10:21Z,1146,12,2,3,4,0,1,1,1,1785485079
2026-07-31T08:10:21Z,1147,3,0,16,0,0,1,1,1,1785483738
2026-07-31T08:10:21Z,1148,26,6,5,0,0,1,1,1,1785485203
2026-07-31T08:10:21Z,1149,4,4,21,0,0,1,1,1,1785485165
2026-07-31T08:10:21Z,1150,18,1,1,0,0,1,1,1,1785485308
2026-07-31T08:10:21Z,1151,12,0,9,0,0,1,1,1,1785484355
2026-07-31T08:10:21Z,1152,16,0,13,0,0,1,1,1,1785485301
2026-07-31T08:10:21Z,1153,22,6,0,1,0,1,1,1,1785484239
2026-07-31T08:10:21Z,1154,13,1,6,0,0,1,1,1,1785484961
2026-07-31T08:10:21Z,1155,16,6,4,1,0,1,1,1,1785483695
2026-07-31T08:10:21Z,1158,3,0,15,1,0,1,1,1,1785485414
2026-07-31T08:10:21Z,1159,13,1,6,0,0,1,1,1,1785483954
2026-07-31T08:10:21Z,1160,9,1,9,1,0,1,1,1,1785484347
2026-07-31T08:10:21Z,1161,3,0,15,1,0,1,1,1,1785484088
2026-07-31T08:10:21Z,1162,2,1,17,0,0,1,1,1,1785484339
2026-07-31T08:10:21Z,1163,0,0,18,1,0,1,1,1,1785483716
2026-07-31T08:10:21Z,1164,6,1,13,0,0,1,1,1,1785483776
2026-07-31T08:10:21Z,1165,5,0,16,0,0,1,1,1,1785484505
2026-07-31T08:10:21Z,1166,12,3,8,1,0,1,1,1,1785484015
2026-07-31T08:10:21Z,1167,4,0,11,0,0,1,1,1,1785485305
2026-07-31T08:10:21Z,1168,2,1,20,1,0,1,1,1,1785483961
2026-07-31T08:10:21Z,1169,3,0,15,1,0,1,1,1,1785483623
2026-07-31T08:10:21Z,1170,6,0,14,1,0,1,1,1,1785483989
2026-07-31T08:10:21Z,1171,8,7,14,1,0,1,1,1,1785483654
2026-07-31T08:10:21Z,1172,7,2,6,2,0,1,1,1,1785483854
2026-07-31T08:10:21Z,1173,13,5,6,0,0,1,1,1,1785483867
2026-07-31T08:10:21Z,1174,7,3,8,0,0,1,1,1,1785485373
2026-07-31T08:10:21Z,1175,9,5,10,0,0,1,1,1,1785472270
2026-07-31T08:10:21Z,1176,19,1,2,0,0,1,1,1,1785484888
2026-07-31T08:10:21Z,1177,3,1,18,0,0,1,1,1,1785484806
2026-07-31T08:10:21Z,1178,2,1,13,0,0,1,1,1,1785485348
2026-07-31T08:10:21Z,1181,10,2,4,1,0,1,1,1,1785485177
2026-07-31T08:10:21Z,1182,0,0,20,0,0,1,1,1,1785484110
2026-07-31T08:10:21Z,1183,1,0,42,2,0,1,1,1,1785485334
2026-07-31T08:10:21Z,1184,10,6,10,1,0,1,1,1,1785485357
2026-07-31T08:10:21Z,1185,10,5,11,0,0,1,1,1,1785484932
2026-07-31T08:10:21Z,1186,9,5,10,0,0,1,1,1,1785484138
2026-07-31T08:10:21Z,1187,12,6,8,1,0,1,1,1,1785484511
2026-07-31T08:10:21Z,1188,9,3,6,0,0,1,1,1,1785483819
2026-07-31T08:10:21Z,1189,10,5,9,0,0,1,1,1,1785483894
2026-07-31T08:10:21Z,1190,10,5,11,0,0,1,1,1,1785485103
2026-07-31T08:10:21Z,1191,10,5,5,0,0,1,1,1,1785483826
2026-07-31T08:10:21Z,1192,11,7,10,0,0,1,1,1,1785483655
2026-07-31T08:10:21Z,1193,6,4,5,2,0,1,1,1,1785484615
2026-07-31T08:10:21Z,1197,9,6,7,1,0,1,1,1,1785484604
2026-07-31T08:10:21Z,1198,14,4,5,2,0,1,1,1,1785484180
2026-07-31T08:10:21Z,1199,2,0,17,0,0,1,1,1,1785484201
2026-07-31T08:10:21Z,1200,11,5,4,0,0,1,1,1,1785483861
2026-07-31T08:10:21Z,1201,11,5,4,0,0,1,1,1,1785483839
2026-07-31T08:10:21Z,1202,12,6,3,0,0,1,1,1,1785483937
2026-07-31T08:10:21Z,1203,9,6,6,0,0,1,1,1,1785483834
2026-07-31T08:10:21Z,1204,7,3,11,1,0,1,1,1,1785485388
2026-07-31T08:10:21Z,1206,11,5,10,0,0,1,1,1,1785484604
2026-07-31T08:10:21Z,1207,9,5,6,0,0,1,1,1,1785484152
2026-07-31T08:10:21Z,1208,7,2,11,1,0,1,1,1,1785484052
2026-07-31T08:10:21Z,1216,7,0,13,1,0,1,1,1,1785484835
2026-07-31T08:10:21Z,1218,4,0,17,0,0,1,1,1,1785485228
2026-07-31T08:10:21Z,1219,6,1,8,1,0,1,1,1,1785485105
2026-07-31T08:10:21Z,1220,14,7,4,1,0,1,1,1,1785484893
2026-07-31T08:10:21Z,1221,2,2,19,0,0,1,1,1,1785484540
2026-07-31T08:10:21Z,1222,28,1,1,0,0,1,1,1,1785483647
2026-07-31T08:10:21Z,1223,22,0,7,0,0,1,1,1,1785485297
2026-07-31T08:10:21Z,1226,0,0,3,0,0,0,1,1,1781868931
2026-07-31T08:10:21Z,1227,23,0,2,0,0,1,1,1,1785485355
2026-07-31T08:10:21Z,1228,18,0,10,1,0,1,1,1,1785484596
2026-07-31T08:10:21Z,1229,35,0,9,0,1,1,1,1,1785485353
2026-07-31T08:15:21Z,1,0,0,23,0,0,1,1,1,1785485488
2026-07-31T08:15:21Z,2,22,0,2,3,0,1,1,1,1785485714
2026-07-31T08:15:21Z,3,9,0,4,1,0,1,1,1,1785485488
2026-07-31T08:15:21Z,4,1,0,20,1,0,1,1,1,1785483715
2026-07-31T08:15:21Z,5,9,3,13,1,0,1,1,1,1785484887
2026-07-31T08:15:21Z,6,6,2,9,0,0,1,1,1,1785482360
2026-07-31T08:15:21Z,7,0,0,39,0,0,1,1,1,1785482386
2026-07-31T08:15:21Z,8,0,0,43,0,0,1,1,1,1785471816
2026-07-31T08:15:21Z,9,0,0,22,1,0,1,1,1,1785482483
2026-07-31T08:15:21Z,10,4,1,17,2,0,1,1,1,1785480300
2026-07-31T08:15:21Z,11,14,5,4,1,0,1,1,1,1785484474
2026-07-31T08:15:21Z,12,0,0,23,0,0,1,1,1,1785472090
2026-07-31T08:15:21Z,13,12,0,18,0,0,1,1,1,1785478740
2026-07-31T08:15:21Z,14,1,0,41,0,1,1,1,1,1785476888
2026-07-31T08:15:21Z,15,5,0,10,0,0,1,1,1,1785485188
2026-07-31T08:15:21Z,16,8,0,16,2,1,1,1,1,1785483665
2026-07-31T08:15:21Z,17,9,0,17,1,0,1,1,1,1785482140
2026-07-31T08:15:21Z,18,6,0,10,2,0,1,1,1,1785485544
2026-07-31T08:15:21Z,19,4,0,22,1,0,1,1,1,1785484572
2026-07-31T08:15:21Z,20,32,0,3,0,0,1,1,1,1785485188
2026-07-31T08:15:21Z,21,1,0,17,1,0,1,1,1,1785484888
2026-07-31T08:15:21Z,22,18,0,46,1,0,1,1,1,1785479462
2026-07-31T08:15:21Z,23,10,5,21,0,0,1,1,1,1785479447
2026-07-31T08:15:21Z,24,0,0,9,2,0,1,1,1,1785485712
2026-07-31T08:15:21Z,25,1,1,79,0,1,1,1,1,1785485491
2026-07-31T08:15:21Z,26,0,0,27,0,0,1,1,1,1785485188
2026-07-31T08:15:21Z,28,13,2,2,0,0,1,1,1,1785483580
2026-07-31T08:15:21Z,30,1,0,27,1,0,1,1,1,1785484151
2026-07-31T08:15:21Z,31,0,0,17,2,0,1,1,1,1785485609
2026-07-31T08:15:21Z,32,25,4,2,0,0,1,1,1,1785484184
2026-07-31T08:15:21Z,34,2,0,34,1,0,1,1,1,1785482614
2026-07-31T08:15:21Z,35,1,0,45,1,0,1,1,1,1785485188
2026-07-31T08:15:21Z,36,0,0,0,0,0,0,1,1,86400
2026-07-31T08:15:21Z,37,0,0,23,0,0,1,1,1,1785485488
2026-07-31T08:15:21Z,38,1,0,22,0,0,1,1,1,1785485488
2026-07-31T08:15:21Z,39,23,6,16,0,0,1,1,1,1785485028
2026-07-31T08:15:21Z,40,13,0,7,1,0,1,1,1,1785481720
2026-07-31T08:15:21Z,41,2,0,40,1,0,1,1,1,1785485586
2026-07-31T08:15:21Z,42,31,8,0,0,0,1,1,1,1785472558
2026-07-31T08:15:21Z,43,6,0,17,0,0,1,1,1,1785484173
2026-07-31T08:15:21Z,45,1,0,27,1,0,1,1,1,1785482238
2026-07-31T08:15:21Z,46,12,2,19,0,0,1,1,1,1785483378
2026-07-31T08:15:21Z,47,11,5,3,1,0,1,1,1,1785485188
2026-07-31T08:15:21Z,48,22,0,5,0,0,1,1,1,1785480764
2026-07-31T08:15:21Z,49,5,0,15,3,0,1,1,1,1785485707
2026-07-31T08:15:21Z,50,1,1,18,0,0,1,1,1,1785483259
2026-07-31T08:15:21Z,51,68,0,9,0,0,1,1,1,1785472672
2026-07-31T08:15:21Z,52,2,0,22,3,0,1,1,1,1785485665
2026-07-31T08:15:21Z,55,0,0,23,0,0,1,1,1,1785484888
2026-07-31T08:15:21Z,56,0,0,43,0,0,1,1,1,1785485334
2026-07-31T08:15:21Z,57,0,0,27,0,0,1,1,1,1785474689
2026-07-31T08:15:21Z,58,0,0,28,0,0,1,1,1,1785476976
2026-07-31T08:15:21Z,59,0,0,25,2,0,1,1,1,1785485498
2026-07-31T08:15:21Z,61,0,0,39,0,0,1,1,1,1785485488
2026-07-31T08:15:21Z,62,0,0,48,1,0,1,1,1,1785477029
2026-07-31T08:15:21Z,63,14,0,5,0,0,1,1,1,1785484382
2026-07-31T08:15:21Z,64,9,0,6,4,0,1,1,1,1785474000
2026-07-31T08:15:21Z,65,17,7,1,1,0,1,1,1,1785481624
2026-07-31T08:15:21Z,67,17,0,22,0,0,1,1,1,1785485188
2026-07-31T08:15:21Z,68,0,0,37,0,0,1,1,1,1785476731
2026-07-31T08:15:21Z,69,15,2,0,0,0,1,1,1,1785485188
2026-07-31T08:15:21Z,71,3,0,23,1,0,1,1,1,1785485488
2026-07-31T08:15:21Z,72,14,3,15,2,0,1,1,1,1785483159
2026-07-31T08:15:21Z,73,0,0,31,0,0,1,1,1,1785474921
2026-07-31T08:15:21Z,74,12,6,6,1,0,1,1,1,1785483170
2026-07-31T08:15:21Z,75,0,0,31,1,0,1,1,1,1785473256
2026-07-31T08:15:21Z,76,18,0,0,1,0,1,1,1,1785485705
2026-07-31T08:15:21Z,77,24,1,2,1,0,1,1,1,1785477101
2026-07-31T08:15:21Z,78,9,4,13,1,0,1,1,1,1785484937
2026-07-31T08:15:21Z,79,5,4,11,1,0,1,1,1,1785485457
2026-07-31T08:15:21Z,80,18,0,2,3,0,1,1,1,1785485408
2026-07-31T08:15:21Z,81,5,0,26,0,0,1,1,1,1785484411
2026-07-31T08:15:21Z,82,12,0,11,0,0,1,1,1,1785480296
2026-07-31T08:15:21Z,83,5,1,28,1,0,1,1,1,1785485661
2026-07-31T08:15:21Z,84,26,0,1,0,0,1,1,1,1785484029
2026-07-31T08:15:21Z,85,1,1,14,0,0,1,1,1,1785479219
2026-07-31T08:15:21Z,86,25,0,1,1,0,1,1,1,1785478454
2026-07-31T08:15:21Z,87,10,0,9,0,0,1,1,1,1785484866
2026-07-31T08:15:21Z,88,0,0,42,1,0,1,1,1,1785484888
2026-07-31T08:15:21Z,89,22,0,13,0,0,1,1,1,1785483872
2026-07-31T08:15:21Z,90,5,2,11,2,0,1,1,1,1785485227
2026-07-31T08:15:21Z,91,14,0,3,0,0,1,1,1,1785485188
2026-07-31T08:15:21Z,92,12,5,4,3,0,1,1,1,1785485433
2026-07-31T08:15:21Z,93,0,0,23,0,0,1,1,1,1785483766
2026-07-31T08:15:21Z,94,2,0,16,1,0,1,1,1,1785482735
2026-07-31T08:15:21Z,95,28,3,5,1,1,1,1,1,1785485710
2026-07-31T08:15:21Z,96,29,0,1,1,0,1,1,1,1785479647
2026-07-31T08:15:21Z,97,0,0,16,1,0,1,1,1,1785485540
2026-07-31T08:15:21Z,98,18,0,16,1,0,1,1,1,1785484887
2026-07-31T08:15:21Z,99,3,1,12,0,0,1,1,1,1785484444
2026-07-31T08:15:21Z,100,0,0,27,0,0,1,1,1,1785482057
2026-07-31T08:15:21Z,101,1,0,13,2,0,1,1,1,1785485712
2026-07-31T08:15:21Z,102,0,0,23,0,0,1,1,1,1785477320
2026-07-31T08:15:21Z,103,11,0,19,0,0,1,1,1,1785485235
2026-07-31T08:15:21Z,104,0,0,25,2,0,1,1,1,1785485714
2026-07-31T08:15:21Z,105,16,1,3,0,0,1,1,1,1785468216
2026-07-31T08:15:21Z,106,0,0,21,0,0,1,1,1,1785462637
2026-07-31T08:15:21Z,107,0,0,37,0,0,1,1,1,1785485489
2026-07-31T08:15:21Z,108,15,1,20,0,0,1,1,1,1785483101
2026-07-31T08:15:21Z,109,5,0,18,0,0,1,1,1,1785485526
2026-07-31T08:15:21Z,110,14,2,9,0,0,1,1,1,1785482478
2026-07-31T08:15:21Z,111,0,0,36,0,0,1,1,1,1785479678
2026-07-31T08:15:21Z,112,5,0,9,1,0,1,1,1,1785485492
2026-07-31T08:15:21Z,113,4,0,12,3,0,1,1,1,1785485698
2026-07-31T08:15:21Z,114,6,6,23,1,1,1,1,1,1785485452
2026-07-31T08:15:21Z,115,3,1,23,2,0,1,1,1,1785479033
2026-07-31T08:15:21Z,116,3,3,23,1,0,1,1,1,1785484951
2026-07-31T08:15:21Z,118,20,9,0,3,0,1,1,1,1785484887
2026-07-31T08:15:21Z,119,33,2,1,4,0,1,1,1,1785485529
2026-07-31T08:15:21Z,120,24,1,2,1,0,1,1,1,1785484445
2026-07-31T08:15:21Z,121,6,3,12,0,1,1,1,1,1785485487
2026-07-31T08:15:21Z,122,13,0,7,1,0,1,1,1,1785482278
2026-07-31T08:15:21Z,123,8,1,39,0,0,1,1,1,1785485188
2026-07-31T08:15:21Z,124,31,1,4,0,0,1,1,1,1785485489
2026-07-31T08:15:21Z,125,7,2,16,0,0,1,1,1,1785485034
2026-07-31T08:15:21Z,126,25,2,6,0,0,1,1,1,1785484483
2026-07-31T08:15:21Z,127,8,0,25,2,0,1,1,1,1785485555
2026-07-31T08:15:21Z,128,2,1,17,0,0,1,1,1,1785484800
2026-07-31T08:15:21Z,129,17,1,0,2,0,1,1,1,1785479759
2026-07-31T08:15:21Z,130,5,0,12,0,0,1,1,1,1785484887
2026-07-31T08:15:21Z,131,8,3,1,2,0,1,1,1,1785478472
2026-07-31T08:15:21Z,132,11,4,3,0,1,1,1,1,1785484887
2026-07-31T08:15:21Z,134,3,0,15,5,0,1,1,1,1785485582
2026-07-31T08:15:21Z,135,6,2,12,1,0,1,1,1,1785484507
2026-07-31T08:15:21Z,136,6,0,9,1,7,1,1,1,1785485597
2026-07-31T08:15:21Z,137,5,1,14,0,0,1,1,1,1785485488
2026-07-31T08:15:21Z,138,35,2,2,0,0,1,1,1,1785485581
2026-07-31T08:15:21Z,139,19,5,0,0,0,1,1,1,1785485188
2026-07-31T08:15:21Z,140,15,8,6,2,0,1,1,1,1785485711
2026-07-31T08:15:21Z,141,30,1,6,0,0,1,1,1,1785484887
2026-07-31T08:15:21Z,142,22,1,1,0,0,1,1,1,1785483705
2026-07-31T08:15:21Z,143,13,3,17,1,0,1,1,1,1785482659
2026-07-31T08:15:21Z,144,23,1,4,0,0,1,1,1,1785485581
2026-07-31T08:15:21Z,146,6,1,16,1,0,1,1,1,1785480770
2026-07-31T08:15:21Z,147,11,2,6,2,0,1,1,1,1785485580
2026-07-31T08:15:21Z,148,24,0,2,0,1,1,1,1,1785485508
2026-07-31T08:15:21Z,149,14,4,12,1,0,1,1,1,1785483148
2026-07-31T08:15:21Z,150,31,7,2,2,0,1,1,1,1785485546
2026-07-31T08:15:21Z,151,22,7,1,0,0,1,1,1,1785485600
2026-07-31T08:15:21Z,152,19,0,4,4,0,1,1,1,1785485441
2026-07-31T08:15:21Z,153,12,1,13,6,0,1,1,1,1785485460
2026-07-31T08:15:21Z,154,16,5,4,3,0,1,1,1,1785485429
2026-07-31T08:15:21Z,155,13,4,0,1,0,1,1,1,1785485561
2026-07-31T08:15:21Z,156,15,0,4,0,0,1,1,1,1785482646
2026-07-31T08:15:21Z,157,16,1,9,2,0,1,1,1,1785485577
2026-07-31T08:15:21Z,158,16,2,0,0,0,1,1,1,1785471342
2026-07-31T08:15:21Z,159,4,2,15,0,0,1,1,1,1785485547
2026-07-31T08:15:21Z,160,19,1,0,0,0,1,1,1,1785475906
2026-07-31T08:15:21Z,161,16,1,6,0,0,1,1,1,1785485632
2026-07-31T08:15:21Z,162,14,3,12,1,0,1,1,1,1785484887
2026-07-31T08:15:21Z,163,29,2,2,0,0,1,1,1,1785485591
2026-07-31T08:15:21Z,164,25,7,2,0,0,1,1,1,1785485482
2026-07-31T08:15:21Z,165,20,11,10,1,0,1,1,1,1785485531
2026-07-31T08:15:21Z,166,31,7,3,5,0,1,1,1,1785485711
2026-07-31T08:15:21Z,167,21,10,0,2,0,1,1,1,1785484888
2026-07-31T08:15:21Z,168,21,0,5,1,0,1,1,1,1785485544
2026-07-31T08:15:21Z,169,1,0,21,0,1,1,1,1,1785483931
2026-07-31T08:15:21Z,170,18,5,0,1,0,1,1,1,1785485188
2026-07-31T08:15:21Z,171,10,3,1,2,0,1,1,1,1785485430
2026-07-31T08:15:21Z,173,36,0,3,0,0,1,1,1,1785484082
2026-07-31T08:15:21Z,174,22,1,2,2,0,1,1,1,1785482500
2026-07-31T08:15:21Z,175,7,0,24,0,0,1,1,1,1785484051
2026-07-31T08:15:21Z,176,4,1,10,0,1,1,1,1,1785485670
2026-07-31T08:15:21Z,177,22,3,5,0,0,1,1,1,1785485124
2026-07-31T08:15:21Z,178,2,0,10,2,1,1,1,1,1785485708
2026-07-31T08:15:21Z,179,11,1,3,1,0,1,1,1,1785484092
2026-07-31T08:15:21Z,180,27,0,3,0,0,1,1,1,1785468302
2026-07-31T08:15:21Z,181,14,1,0,1,0,1,1,1,1785485328
2026-07-31T08:15:21Z,182,16,1,1,0,0,1,1,1,1785485489
2026-07-31T08:15:21Z,183,17,0,6,0,0,1,1,1,1785483484
2026-07-31T08:15:21Z,184,1,1,21,1,0,1,1,1,1785485380
2026-07-31T08:15:21Z,185,12,1,0,2,1,1,1,1,1785484888
2026-07-31T08:15:21Z,186,5,2,14,0,0,1,1,1,1785485667
2026-07-31T08:15:21Z,187,8,0,19,1,0,1,1,1,1785484757
2026-07-31T08:15:21Z,188,14,0,5,8,0,1,1,1,1785485704
2026-07-31T08:15:21Z,189,15,4,0,0,0,1,1,1,1785479966
2026-07-31T08:15:21Z,190,4,1,19,0,0,1,1,1,1785485216
2026-07-31T08:15:21Z,191,2,1,37,0,0,1,1,1,1785483208
2026-07-31T08:15:21Z,192,12,4,16,3,0,1,1,1,1785484956
2026-07-31T08:15:21Z,193,0,0,15,0,0,1,1,1,1785484480
2026-07-31T08:15:21Z,194,17,1,9,1,0,1,1,1,1785484068
2026-07-31T08:15:21Z,195,13,1,4,2,0,1,1,1,1785484402
2026-07-31T08:15:21Z,196,24,1,0,3,0,1,1,1,1785485668
2026-07-31T08:15:21Z,197,15,3,2,1,1,1,1,1,1785482526
2026-07-31T08:15:21Z,198,21,16,2,0,0,1,1,1,1785484887
2026-07-31T08:15:21Z,199,7,5,5,3,0,1,1,1,1785483728
2026-07-31T08:15:21Z,200,15,0,10,1,0,1,1,1,1785482100
2026-07-31T08:15:21Z,201,8,3,15,0,0,1,1,1,1785482886
2026-07-31T08:15:21Z,202,0,0,27,0,0,1,1,1,1785477488
2026-07-31T08:15:21Z,203,25,3,5,1,0,1,1,1,1785484441
2026-07-31T08:15:21Z,204,31,1,3,1,0,1,1,1,1785485488
2026-07-31T08:15:21Z,205,12,1,15,0,0,1,1,1,1785482737
2026-07-31T08:15:21Z,206,2,2,12,1,0,1,1,1,1785484927
2026-07-31T08:15:21Z,207,14,0,7,0,0,1,1,1,1785481979
2026-07-31T08:15:21Z,208,2,0,27,0,0,1,1,1,1785477246
2026-07-31T08:15:21Z,209,8,0,20,3,0,1,1,1,1785484824
2026-07-31T08:15:21Z,210,23,2,4,0,0,1,1,1,1785485488
2026-07-31T08:15:21Z,211,16,6,6,1,0,1,1,1,1785482104
2026-07-31T08:15:21Z,212,25,0,9,1,0,1,1,1,1785485655
2026-07-31T08:15:21Z,213,12,1,9,2,0,1,1,1,1785485704
2026-07-31T08:15:21Z,214,25,1,17,5,0,1,1,1,1785485673
2026-07-31T08:15:21Z,215,6,1,16,1,0,1,1,1,1785481068
2026-07-31T08:15:21Z,216,10,0,8,1,0,1,1,1,1785482156
2026-07-31T08:15:21Z,217,9,0,19,1,0,1,1,1,1785485503
2026-07-31T08:15:21Z,218,1,1,36,2,0,1,1,1,1785485160
2026-07-31T08:15:21Z,219,0,0,25,1,0,1,1,1,1785478263
2026-07-31T08:15:21Z,220,24,7,17,1,1,1,1,1,1785484887
2026-07-31T08:15:21Z,221,13,8,1,1,0,1,1,1,1785483976
2026-07-31T08:15:21Z,222,16,12,2,1,0,1,1,1,1785485037
2026-07-31T08:15:21Z,223,8,3,24,3,0,1,1,1,1785485527
2026-07-31T08:15:21Z,224,6,5,15,1,0,1,1,1,1785485711
2026-07-31T08:15:21Z,225,10,0,3,6,0,1,1,1,1785483556
2026-07-31T08:15:21Z,226,30,10,1,0,0,1,1,1,1785483984
2026-07-31T08:15:21Z,227,19,13,7,0,1,1,1,1,1785485181
2026-07-31T08:15:21Z,228,1,0,17,1,0,1,1,1,1785484888
2026-07-31T08:15:21Z,230,16,9,10,0,0,1,1,1,1785483055
2026-07-31T08:15:21Z,232,13,6,3,1,0,1,1,1,1785485600
2026-07-31T08:15:21Z,233,19,0,10,2,0,1,1,1,1785485548
2026-07-31T08:15:21Z,234,8,3,6,3,2,1,1,1,1785483414
2026-07-31T08:15:21Z,236,14,3,5,0,0,1,1,1,1785480280
2026-07-31T08:15:21Z,237,22,4,0,1,0,1,1,1,1785478521
2026-07-31T08:15:21Z,239,23,18,1,3,0,1,1,1,1785484709
2026-07-31T08:15:21Z,241,19,6,4,0,0,1,1,1,1785485005
2026-07-31T08:15:21Z,242,1,1,21,1,0,1,1,1,1785484715
2026-07-31T08:15:21Z,243,11,0,19,1,0,1,1,1,1785484434
2026-07-31T08:15:21Z,244,15,1,11,1,0,1,1,1,1785484235
2026-07-31T08:15:21Z,245,3,3,20,0,0,1,1,1,1785484146
2026-07-31T08:15:21Z,246,1,0,22,0,0,1,1,1,1785481575
2026-07-31T08:15:21Z,247,13,11,10,0,0,1,1,1,1785477646
2026-07-31T08:15:21Z,248,19,5,2,2,0,1,1,1,1785484323
2026-07-31T08:15:21Z,249,1,0,18,0,0,1,1,1,1785483971
2026-07-31T08:15:21Z,250,3,3,23,1,0,1,1,1,1785483886
2026-07-31T08:15:21Z,251,2,2,22,3,0,1,1,1,1785481704
2026-07-31T08:15:21Z,253,6,3,12,1,0,1,1,1,1785482813
2026-07-31T08:15:21Z,254,26,21,16,1,0,1,1,1,1785483082
2026-07-31T08:15:21Z,255,5,0,17,0,1,1,1,1,1785485668
2026-07-31T08:15:21Z,256,10,5,11,2,0,1,1,1,1785484423
2026-07-31T08:15:21Z,257,14,6,4,1,0,1,1,1,1785482023
2026-07-31T08:15:21Z,258,1,0,18,0,0,1,1,1,1785482036
2026-07-31T08:15:21Z,259,20,3,2,0,1,1,1,1,1785485601
2026-07-31T08:15:21Z,260,15,4,1,3,0,1,1,1,1785480838
2026-07-31T08:15:21Z,261,16,0,1,1,1,1,1,1,1785484888
2026-07-31T08:15:21Z,262,20,11,3,0,0,1,1,1,1785485066
2026-07-31T08:15:21Z,263,14,3,1,0,0,1,1,1,1785480222
2026-07-31T08:15:21Z,264,18,6,0,1,0,1,1,1,1785474915
2026-07-31T08:15:21Z,265,15,1,0,0,0,1,1,1,1785473819
2026-07-31T08:15:21Z,266,17,8,0,2,0,1,1,1,1785481181
2026-07-31T08:15:21Z,267,7,3,6,2,0,1,1,1,1785484888
2026-07-31T08:15:21Z,268,23,9,0,0,0,1,1,1,1785484887
2026-07-31T08:15:21Z,269,9,3,13,1,0,1,1,1,1785484888
2026-07-31T08:15:21Z,270,25,3,2,0,0,1,1,1,1785485188
2026-07-31T08:15:21Z,271,0,0,17,2,0,1,1,1,1785468500
2026-07-31T08:15:21Z,272,13,13,9,1,0,1,1,1,1785482344
2026-07-31T08:15:21Z,273,14,5,1,0,0,1,1,1,1785483199
2026-07-31T08:15:21Z,274,18,8,0,1,0,1,1,1,1785472651
2026-07-31T08:15:21Z,275,13,0,6,2,2,1,1,1,1785485700
2026-07-31T08:15:21Z,276,1,0,26,0,0,1,1,1,1785477868
2026-07-31T08:15:21Z,277,12,1,6,5,0,1,1,1,1785485546
2026-07-31T08:15:21Z,278,21,0,7,2,1,1,1,1,1785485697
2026-07-31T08:15:21Z,279,16,0,3,0,0,1,1,1,1785483819
2026-07-31T08:15:21Z,280,11,1,18,2,0,1,1,1,1785485659
2026-07-31T08:15:21Z,281,19,0,0,0,0,1,1,1,1785466757
2026-07-31T08:15:21Z,282,5,2,13,0,0,1,1,1,1785484887
2026-07-31T08:15:21Z,283,34,1,1,0,0,1,1,1,1785484709
2026-07-31T08:15:21Z,284,19,5,14,2,0,1,1,1,1785482962
2026-07-31T08:15:21Z,285,8,7,15,0,0,1,1,1,1785485188
2026-07-31T08:15:21Z,286,18,15,1,4,0,1,1,1,1785485700
2026-07-31T08:15:21Z,287,13,4,7,3,0,1,1,1,1785484887
2026-07-31T08:15:21Z,288,14,10,5,0,0,1,1,1,1785480320
2026-07-31T08:15:21Z,289,22,1,2,3,0,1,1,1,1785484050
2026-07-31T08:15:21Z,290,7,0,31,1,0,1,1,1,1785482049
2026-07-31T08:15:21Z,291,8,2,13,2,0,1,1,1,1785485548
2026-07-31T08:15:21Z,292,22,0,1,0,0,1,1,1,1785482223
2026-07-31T08:15:21Z,293,16,10,7,0,0,1,1,1,1785479995
2026-07-31T08:15:21Z,294,0,0,21,1,0,1,1,1,1785484439
2026-07-31T08:15:21Z,297,10,1,6,2,1,1,1,1,1785485188
2026-07-31T08:15:21Z,301,16,0,3,0,0,1,1,1,1785485125
2026-07-31T08:15:21Z,302,1,1,22,0,0,1,1,1,1785485291
2026-07-31T08:15:21Z,303,19,0,0,0,0,1,1,1,1785485188
2026-07-31T08:15:21Z,304,0,0,0,0,0,0,1,1,86400
2026-07-31T08:15:21Z,305,19,0,0,0,0,1,1,1,1785485188
2026-07-31T08:15:21Z,306,2,0,29,1,0,1,1,1,1785485188
2026-07-31T08:15:21Z,307,17,1,4,1,1,1,1,1,1785485469
2026-07-31T08:15:21Z,308,14,0,3,2,0,1,1,1,1785478365
2026-07-31T08:15:21Z,309,0,0,13,1,0,1,1,1,1785485188
2026-07-31T08:15:21Z,311,15,0,0,0,0,1,1,1,1785476190
2026-07-31T08:15:21Z,312,6,3,12,4,1,1,1,1,1785485479
2026-07-31T08:15:21Z,313,3,1,12,0,0,1,1,1,1785479124
2026-07-31T08:15:21Z,314,4,3,11,3,0,1,1,1,1785477432
2026-07-31T08:15:21Z,315,23,6,5,3,0,1,1,1,1785478922
2026-07-31T08:15:21Z,316,4,1,2,24,1,1,1,1,1785485633
2026-07-31T08:15:21Z,317,0,0,30,0,1,1,1,1,1785485634
2026-07-31T08:15:21Z,318,16,0,3,0,0,1,1,1,1785478379
2026-07-31T08:15:21Z,319,17,3,5,1,0,1,1,1,1785485533
2026-07-31T08:15:21Z,320,18,5,0,1,0,1,1,1,1785483872
2026-07-31T08:15:21Z,321,8,1,7,4,0,1,1,1,1785485580
2026-07-31T08:15:21Z,322,5,1,23,1,0,1,1,1,1785484798
2026-07-31T08:15:21Z,323,8,0,11,0,0,1,1,1,1785476374
2026-07-31T08:15:21Z,324,7,2,19,1,0,1,1,1,1785485705
2026-07-31T08:15:21Z,325,4,3,21,2,0,1,1,1,1785484701
2026-07-31T08:15:21Z,327,25,0,1,1,0,1,1,1,1785485570
2026-07-31T08:15:21Z,328,20,0,1,1,0,1,1,1,1785484794
2026-07-31T08:15:21Z,329,17,0,0,2,0,1,1,1,1785480406
2026-07-31T08:15:21Z,330,3,0,19,0,0,1,1,1,1785485188
2026-07-31T08:15:21Z,331,10,3,12,1,0,1,1,1,1785485556
2026-07-31T08:15:21Z,332,9,2,8,2,0,1,1,1,1785484656
2026-07-31T08:15:21Z,333,1,1,21,1,0,1,1,1,1785482520
2026-07-31T08:15:21Z,334,11,9,12,0,0,1,1,1,1785484661
2026-07-31T08:15:21Z,335,3,2,18,1,1,1,1,1,1785477902
2026-07-31T08:15:21Z,336,18,2,1,0,0,1,1,1,1785483787
2026-07-31T08:15:21Z,337,17,3,1,5,0,1,1,1,1785485649
2026-07-31T08:15:21Z,338,18,8,1,0,0,1,1,1,1785484469
2026-07-31T08:15:21Z,339,18,10,4,1,0,1,1,1,1785484330
2026-07-31T08:15:21Z,340,14,11,0,1,0,1,1,1,1785470343
2026-07-31T08:15:21Z,341,11,4,8,0,0,1,1,1,1785479749
2026-07-31T08:15:21Z,342,13,7,0,2,0,1,1,1,1785475446
2026-07-31T08:15:21Z,343,20,1,2,1,0,1,1,1,1785480772
2026-07-31T08:15:21Z,344,23,9,0,0,0,1,1,1,1785484887
2026-07-31T08:15:21Z,345,19,3,0,0,0,1,1,1,1785484144
2026-07-31T08:15:21Z,346,7,5,16,0,0,1,1,1,1785479213
2026-07-31T08:15:21Z,347,0,0,42,2,0,1,1,1,1785485705
2026-07-31T08:15:21Z,348,21,3,0,1,1,1,1,1,1785485588
2026-07-31T08:15:21Z,349,5,1,14,0,0,1,1,1,1785484069
2026-07-31T08:15:21Z,350,24,3,1,1,1,1,1,1,1785482374
2026-07-31T08:15:21Z,351,20,3,0,3,0,1,1,1,1785485578
2026-07-31T08:15:21Z,355,23,1,0,0,0,1,1,1,1785477413
2026-07-31T08:15:21Z,356,17,2,2,0,0,1,1,1,1785482282
2026-07-31T08:15:21Z,357,13,4,6,0,0,1,1,1,1785485188
2026-07-31T08:15:21Z,358,24,4,2,1,0,1,1,1,1785483982
2026-07-31T08:15:21Z,359,22,0,5,0,0,1,1,1,1785482858
2026-07-31T08:15:21Z,360,16,4,1,2,0,1,1,1,1785479093
2026-07-31T08:15:21Z,362,17,5,0,2,0,1,1,1,1785485646
2026-07-31T08:15:21Z,363,0,0,27,0,0,1,1,1,1785483419
2026-07-31T08:15:21Z,364,19,3,0,0,0,1,1,1,1785483692
2026-07-31T08:15:21Z,365,18,6,2,3,0,1,1,1,1785483765
2026-07-31T08:15:21Z,366,13,6,3,7,0,1,1,1,1785485694
2026-07-31T08:15:21Z,367,16,9,1,2,0,1,1,1,1785478153
2026-07-31T08:15:21Z,368,20,3,1,2,0,1,1,1,1785482737
2026-07-31T08:15:21Z,370,16,9,11,0,0,1,1,1,1785479785
2026-07-31T08:15:21Z,371,4,2,14,1,0,1,1,1,1785484735
2026-07-31T08:15:21Z,372,8,2,7,0,0,1,1,1,1785482153
2026-07-31T08:15:21Z,373,23,8,4,0,0,1,1,1,1785484894
2026-07-31T08:15:21Z,374,17,7,0,2,0,1,1,1,1785485625
2026-07-31T08:15:21Z,375,22,5,3,2,0,1,1,1,1785482460
2026-07-31T08:15:21Z,376,30,4,4,5,0,1,1,1,1785482242
2026-07-31T08:15:21Z,377,24,8,3,0,0,1,1,1,1785483409
2026-07-31T08:15:21Z,378,22,5,0,1,1,1,1,1,1785485540
2026-07-31T08:15:21Z,379,15,0,12,0,0,1,1,1,1785482863
2026-07-31T08:15:21Z,380,22,7,0,1,0,1,1,1,1785476861
2026-07-31T08:15:21Z,381,14,0,9,0,0,1,1,1,1785482950
2026-07-31T08:15:21Z,383,12,0,1,2,0,1,1,1,1785480220
2026-07-31T08:15:21Z,384,26,1,0,1,0,1,1,1,1785479554
2026-07-31T08:15:21Z,385,16,4,1,1,0,1,1,1,1785480137
2026-07-31T08:15:21Z,387,21,2,2,0,0,1,1,1,1785484597
2026-07-31T08:15:21Z,388,16,3,33,0,0,1,1,1,1785485188
2026-07-31T08:15:21Z,389,10,8,5,0,0,1,1,1,1785482275
2026-07-31T08:15:21Z,390,19,1,16,0,0,1,1,1,1785485014
2026-07-31T08:15:21Z,391,4,0,10,1,0,1,1,1,1785475375
2026-07-31T08:15:21Z,392,3,3,15,1,0,1,1,1,1785485490
2026-07-31T08:15:21Z,393,3,3,5,3,0,1,1,1,1785480120
2026-07-31T08:15:21Z,394,9,6,2,2,0,1,1,1,1785481308
2026-07-31T08:15:21Z,396,7,7,32,3,0,1,1,1,1785483097
2026-07-31T08:15:21Z,397,4,4,27,0,0,1,1,1,1785479502
2026-07-31T08:15:21Z,399,13,2,2,2,0,1,1,1,1785483706
2026-07-31T08:15:21Z,400,11,6,9,3,0,1,1,1,1785485630
2026-07-31T08:15:21Z,401,10,0,21,8,0,1,1,1,1785475540
2026-07-31T08:15:21Z,403,4,0,25,2,0,1,1,1,1785485607
2026-07-31T08:15:21Z,404,2,1,20,1,0,1,1,1,1785485373
2026-07-31T08:15:21Z,406,2,0,32,1,0,1,1,1,1785476032
2026-07-31T08:15:21Z,407,16,3,17,1,0,1,1,1,1785484887
2026-07-31T08:15:21Z,408,12,2,20,1,0,1,1,1,1785480622
2026-07-31T08:15:21Z,409,0,0,20,3,0,1,1,1,1785474552
2026-07-31T08:15:21Z,413,20,4,1,2,0,1,1,1,1785484683
2026-07-31T08:15:21Z,414,13,4,1,1,0,1,1,1,1785485488
2026-07-31T08:15:21Z,417,11,7,8,0,0,1,1,1,1785478784
2026-07-31T08:15:21Z,418,1,0,13,1,0,1,1,1,1785476979
2026-07-31T08:15:21Z,419,10,0,12,1,0,1,1,1,1785476705
2026-07-31T08:15:21Z,421,1,0,18,0,0,1,1,1,1785475529
2026-07-31T08:15:21Z,422,3,3,24,0,0,1,1,1,1785484728
2026-07-31T08:15:21Z,423,6,1,17,0,0,1,1,1,1785477801
2026-07-31T08:15:21Z,424,1,0,11,3,0,1,1,1,1785485454
2026-07-31T08:15:21Z,425,20,0,1,0,1,1,1,1,1785485489
2026-07-31T08:15:21Z,426,0,0,35,2,0,1,1,1,1785483994
2026-07-31T08:15:21Z,427,14,1,0,1,0,1,1,1,1785485572
2026-07-31T08:15:21Z,428,13,1,5,1,0,1,1,1,1785482000
2026-07-31T08:15:21Z,429,2,0,19,2,0,1,1,1,1785485311
2026-07-31T08:15:21Z,430,28,0,0,3,0,1,1,1,1785484440
2026-07-31T08:15:21Z,431,14,0,18,1,0,1,1,1,1785477264
2026-07-31T08:15:21Z,432,19,0,10,2,0,1,1,1,1785484695
2026-07-31T08:15:21Z,433,19,6,3,1,0,1,1,1,1785477238
2026-07-31T08:15:21Z,437,2,0,16,1,0,1,1,1,1785485032
2026-07-31T08:15:21Z,438,17,0,1,1,0,1,1,1,1785485462
2026-07-31T08:15:21Z,439,5,0,10,0,0,1,1,1,1785472574
2026-07-31T08:15:21Z,440,13,1,0,2,0,1,1,1,1785485156
2026-07-31T08:15:21Z,441,10,2,4,1,0,1,1,1,1785485488
2026-07-31T08:15:21Z,442,17,9,1,1,0,1,1,1,1785481675
2026-07-31T08:15:21Z,443,4,2,23,0,0,1,1,1,1785485488
2026-07-31T08:15:21Z,444,2,2,21,0,0,1,1,1,1785485488
2026-07-31T08:15:21Z,445,7,2,15,1,0,1,1,1,1785485688
2026-07-31T08:15:21Z,446,1,1,21,1,0,1,1,1,1785470328
2026-07-31T08:15:21Z,447,3,0,18,1,1,1,1,1,1785485488
2026-07-31T08:15:21Z,448,9,4,5,1,0,1,1,1,1785484738
2026-07-31T08:15:21Z,452,7,6,11,1,0,1,1,1,1785485488
2026-07-31T08:15:21Z,453,6,4,8,1,0,1,1,1,1785485378
2026-07-31T08:15:21Z,454,9,0,10,0,0,1,1,1,1785484271
2026-07-31T08:15:21Z,455,0,0,39,0,0,1,1,1,1785483866
2026-07-31T08:15:21Z,456,9,0,10,1,0,1,1,1,1785485621
2026-07-31T08:15:21Z,457,25,2,0,2,0,1,1,1,1785481257
2026-07-31T08:15:21Z,458,16,6,7,0,0,1,1,1,1785484716
2026-07-31T08:15:21Z,459,15,0,0,0,0,1,1,1,1785481242
2026-07-31T08:15:21Z,460,20,2,2,1,0,1,1,1,1785484847
2026-07-31T08:15:21Z,461,6,1,13,0,0,1,1,1,1785484451
2026-07-31T08:15:21Z,462,7,0,14,0,0,1,1,1,1785483226
2026-07-31T08:15:21Z,463,13,1,6,0,0,1,1,1,1785475514
2026-07-31T08:15:21Z,464,3,1,11,0,0,1,1,1,1785480808
2026-07-31T08:15:21Z,465,0,0,14,1,0,1,1,1,1785484799
2026-07-31T08:15:21Z,466,11,3,2,2,0,1,1,1,1785470197
2026-07-31T08:15:21Z,467,5,1,13,1,0,1,1,1,1785471818
2026-07-31T08:15:21Z,468,17,1,1,1,0,1,1,1,1785473309
2026-07-31T08:15:21Z,469,2,1,21,0,0,1,1,1,1785473803
2026-07-31T08:15:21Z,470,13,1,0,2,0,1,1,1,1785480402
2026-07-31T08:15:21Z,471,21,2,6,0,0,1,1,1,1785485170
2026-07-31T08:15:21Z,472,18,6,0,1,0,1,1,1,1785485428
2026-07-31T08:15:21Z,473,19,5,0,0,0,1,1,1,1785474055
2026-07-31T08:15:21Z,474,18,0,1,0,0,1,1,1,1785482659
2026-07-31T08:15:21Z,475,3,0,15,1,0,1,1,1,1785483842
2026-07-31T08:15:21Z,477,12,8,2,1,0,1,1,1,1785479943
2026-07-31T08:15:21Z,478,6,0,24,1,0,1,1,1,1785483785
2026-07-31T08:15:21Z,479,1,1,25,1,0,1,1,1,1785485263
2026-07-31T08:15:21Z,480,2,0,10,3,0,1,1,1,1785482640
2026-07-31T08:15:21Z,481,26,1,8,1,0,1,1,1,1785485505
2026-07-31T08:15:21Z,482,18,6,1,0,0,1,1,1,1785484337
2026-07-31T08:15:21Z,483,1,0,24,2,0,1,1,1,1785485407
2026-07-31T08:15:21Z,484,8,2,10,1,0,1,1,1,1785485639
2026-07-31T08:15:21Z,485,16,6,1,1,1,1,1,1,1785485478
2026-07-31T08:15:21Z,486,25,6,0,2,0,1,1,1,1785485452
2026-07-31T08:15:21Z,487,6,4,12,1,0,1,1,1,1785481399
2026-07-31T08:15:21Z,489,14,6,1,0,0,1,1,1,1785484134
2026-07-31T08:15:21Z,490,1,1,15,0,0,1,1,1,1785474401
2026-07-31T08:15:21Z,491,4,1,17,0,0,1,1,1,1785483175
2026-07-31T08:15:21Z,492,5,3,2,4,0,1,1,1,1785485712
2026-07-31T08:15:21Z,493,0,0,26,1,0,1,1,1,1785478572
2026-07-31T08:15:21Z,495,11,0,2,2,0,1,1,1,1785485665
2026-07-31T08:15:21Z,496,27,1,0,0,0,1,1,1,1785476805
2026-07-31T08:15:21Z,497,17,0,1,1,0,1,1,1,1785473754
2026-07-31T08:15:21Z,498,21,3,1,1,0,1,1,1,1785484089
2026-07-31T08:15:21Z,499,18,2,1,0,0,1,1,1,1785482441
2026-07-31T08:15:21Z,500,10,5,0,5,0,1,1,1,1785474639
2026-07-31T08:15:21Z,501,9,3,12,0,0,1,1,1,1785472226
2026-07-31T08:15:21Z,502,6,0,13,0,0,1,1,1,1785473972
2026-07-31T08:15:21Z,503,26,0,4,1,0,1,1,1,1785482589
2026-07-31T08:15:21Z,504,0,0,39,0,0,1,1,1,1785475893
2026-07-31T08:15:21Z,505,11,2,0,1,0,1,1,1,1785475102
2026-07-31T08:15:21Z,511,1,1,22,0,0,1,1,1,1785477213
2026-07-31T08:15:21Z,512,7,0,20,0,0,1,1,1,1785480589
2026-07-31T08:15:21Z,514,10,0,0,1,0,1,1,1,1785473367
2026-07-31T08:15:21Z,515,2,0,17,0,0,1,1,1,1785475097
2026-07-31T08:15:21Z,516,0,0,27,0,0,1,1,1,1785484039
2026-07-31T08:15:21Z,517,14,3,8,1,0,1,1,1,1785477619
2026-07-31T08:15:21Z,518,14,1,0,1,0,1,1,1,1785481277
2026-07-31T08:15:21Z,519,4,0,13,2,0,1,1,1,1785485607
2026-07-31T08:15:21Z,520,10,6,11,5,1,1,1,1,1785485711
2026-07-31T08:15:21Z,521,17,5,6,0,0,1,1,1,1785479613
2026-07-31T08:15:21Z,522,0,0,22,1,0,1,1,1,1785483971
2026-07-31T08:15:21Z,523,6,3,16,1,0,1,1,1,1785481269
2026-07-31T08:15:21Z,524,0,0,23,0,0,1,1,1,1785482014
2026-07-31T08:15:21Z,525,9,0,10,0,0,1,1,1,1785484441
2026-07-31T08:15:21Z,526,13,1,0,2,0,1,1,1,1785485601
2026-07-31T08:15:21Z,527,6,4,17,3,0,1,1,1,1785485519
2026-07-31T08:15:21Z,528,21,2,1,1,0,1,1,1,1785474198
2026-07-31T08:15:21Z,529,6,3,7,6,0,1,1,1,1785485711
2026-07-31T08:15:21Z,530,16,1,3,2,0,1,1,1,1785482854
2026-07-31T08:15:21Z,531,21,1,0,2,0,1,1,1,1785485457
2026-07-31T08:15:21Z,532,3,3,26,1,1,1,1,1,1785481447
2026-07-31T08:15:21Z,533,8,1,9,2,0,1,1,1,1785485516
2026-07-31T08:15:21Z,534,14,1,9,0,0,1,1,1,1785482633
2026-07-31T08:15:21Z,535,2,0,13,0,0,1,1,1,1785478138
2026-07-31T08:15:21Z,536,2,0,21,0,0,1,1,1,1785484779
2026-07-31T08:15:21Z,537,0,0,20,0,0,1,1,1,1785482824
2026-07-31T08:15:21Z,538,21,8,0,0,2,1,1,1,1785485580
2026-07-31T08:15:21Z,539,4,4,27,0,0,1,1,1,1785470894
2026-07-31T08:15:21Z,540,2,1,17,0,0,1,1,1,1785476481
2026-07-31T08:15:21Z,541,26,2,0,1,0,1,1,1,1785480778
2026-07-31T08:15:21Z,542,2,2,21,0,0,1,1,1,1785467748
2026-07-31T08:15:21Z,543,17,2,1,1,0,1,1,1,1785477292
2026-07-31T08:15:21Z,544,14,1,4,4,0,1,1,1,1785474116
2026-07-31T08:15:21Z,545,0,0,17,2,0,1,1,1,1785484892
2026-07-31T08:15:21Z,546,14,6,5,0,0,1,1,1,1785482694
2026-07-31T08:15:21Z,547,19,0,6,0,0,1,1,1,1785484975
2026-07-31T08:15:21Z,548,14,1,9,0,0,1,1,1,1785485366
2026-07-31T08:15:21Z,549,20,0,3,0,0,1,1,1,1785484306
2026-07-31T08:15:21Z,550,17,2,2,0,0,1,1,1,1785484216
2026-07-31T08:15:21Z,551,16,4,7,0,0,1,1,1,1785472754
2026-07-31T08:15:21Z,552,27,3,0,0,0,1,1,1,1785474710
2026-07-31T08:15:21Z,553,21,4,0,1,1,1,1,1,1785485502
2026-07-31T08:15:21Z,554,1,1,18,0,0,1,1,1,1785481543
2026-07-31T08:15:21Z,555,14,6,0,1,0,1,1,1,1785473227
2026-07-31T08:15:21Z,556,21,4,0,2,0,1,1,1,1785485636
2026-07-31T08:15:21Z,557,6,4,12,5,0,1,1,1,1785481664
2026-07-31T08:15:21Z,558,27,4,10,0,0,1,1,1,1785482878
2026-07-31T08:15:21Z,559,0,0,18,1,0,1,1,1,1785471117
2026-07-31T08:15:21Z,560,8,0,19,0,0,1,1,1,1785481488
2026-07-31T08:15:21Z,561,13,1,9,1,0,1,1,1,1785475550
2026-07-31T08:15:21Z,562,3,0,29,3,0,1,1,1,1785474061
2026-07-31T08:15:21Z,563,11,1,3,0,0,1,1,1,1785482241
2026-07-31T08:15:21Z,564,12,0,6,1,0,1,1,1,1785482523
2026-07-31T08:15:21Z,565,6,2,13,0,0,1,1,1,1785482411
2026-07-31T08:15:21Z,566,16,0,2,1,0,1,1,1,1785485428
2026-07-31T08:15:21Z,567,25,1,1,1,0,1,1,1,1785485492
2026-07-31T08:15:21Z,568,13,0,5,1,0,1,1,1,1785483409
2026-07-31T08:15:21Z,569,17,3,2,0,0,1,1,1,1785480726
2026-07-31T08:15:21Z,570,12,1,7,0,0,1,1,1,1785484161
2026-07-31T08:15:21Z,571,0,0,23,0,0,1,1,1,1785485442
2026-07-31T08:15:21Z,572,17,5,2,0,0,1,1,1,1785475634
2026-07-31T08:15:21Z,573,13,0,2,0,0,1,1,1,1785484177
2026-07-31T08:15:21Z,574,10,3,5,0,0,1,1,1,1785478785
2026-07-31T08:15:21Z,575,5,1,15,1,0,1,1,1,1785482094
2026-07-31T08:15:21Z,576,3,0,14,2,0,1,1,1,1785484547
2026-07-31T08:15:21Z,577,13,0,18,0,0,1,1,1,1785484139
2026-07-31T08:15:21Z,578,14,9,8,1,0,1,1,1,1785484622
2026-07-31T08:15:21Z,579,4,0,39,0,0,1,1,1,1785482722
2026-07-31T08:15:21Z,580,4,0,25,0,0,1,1,1,1785479325
2026-07-31T08:15:21Z,581,19,3,0,0,0,1,1,1,1785478520
2026-07-31T08:15:21Z,582,22,0,38,1,0,1,1,1,1785485461
2026-07-31T08:15:21Z,583,23,1,0,0,0,1,1,1,1785480947
2026-07-31T08:15:21Z,584,9,4,6,4,0,1,1,1,1785475747
2026-07-31T08:15:21Z,585,16,3,10,0,1,1,1,1,1785482653
2026-07-31T08:15:21Z,586,14,0,21,0,0,1,1,1,1785482020
2026-07-31T08:15:21Z,587,21,0,2,1,0,1,1,1,1785485505
2026-07-31T08:15:21Z,588,12,4,4,3,0,1,1,1,1785485676
2026-07-31T08:15:21Z,589,0,0,0,23,0,1,1,1,1785485572
2026-07-31T08:15:21Z,590,19,4,11,1,0,1,1,1,1785479272
2026-07-31T08:15:21Z,591,28,1,0,2,0,1,1,1,1785470989
2026-07-31T08:15:21Z,592,12,0,11,0,0,1,1,1,1785483987
2026-07-31T08:15:21Z,593,0,0,38,0,0,1,1,1,1785476655
2026-07-31T08:15:21Z,594,7,0,11,3,0,1,1,1,1785485423
2026-07-31T08:15:21Z,595,0,0,3,0,0,0,1,1,1784046673
2026-07-31T08:15:21Z,605,0,0,2,1,0,0,1,1,1783975843
2026-07-31T08:15:21Z,606,0,0,0,0,0,0,1,1,86400
2026-07-31T08:15:21Z,607,9,0,22,1,0,1,1,1,1785483920
2026-07-31T08:15:21Z,608,0,0,50,0,0,1,1,1,1785482473
2026-07-31T08:15:21Z,609,1,0,22,0,0,1,1,1,1785483893
2026-07-31T08:15:21Z,610,0,0,35,0,0,1,1,1,1785463583
2026-07-31T08:15:21Z,611,12,0,14,1,0,1,1,1,1785483600
2026-07-31T08:15:21Z,612,6,1,9,0,0,1,1,1,1785472015
2026-07-31T08:15:21Z,613,9,0,3,3,0,1,1,1,1785472894
2026-07-31T08:15:21Z,614,0,0,24,2,1,1,1,1,1785474126
2026-07-31T08:15:21Z,617,12,0,1,2,0,1,1,1,1785485630
2026-07-31T08:15:21Z,618,13,2,1,5,0,1,1,1,1785473502
2026-07-31T08:15:21Z,619,7,2,12,0,0,1,1,1,1785483534
2026-07-31T08:15:21Z,620,0,0,25,2,0,1,1,1,1785478133
2026-07-31T08:15:21Z,621,14,4,9,0,0,1,1,1,1785480136
2026-07-31T08:15:21Z,622,5,2,17,1,0,1,1,1,1785480182
2026-07-31T08:15:21Z,623,9,2,20,1,0,1,1,1,1785475996
2026-07-31T08:15:21Z,624,2,0,13,0,0,1,1,1,1785470898
2026-07-31T08:15:21Z,625,5,0,14,2,0,1,1,1,1785484305
2026-07-31T08:15:21Z,626,0,0,45,0,2,1,1,1,1785469585
2026-07-31T08:15:21Z,627,13,6,6,0,0,1,1,1,1785485482
2026-07-31T08:15:21Z,628,0,0,15,2,2,1,1,1,1785485597
2026-07-31T08:15:21Z,629,4,1,6,1,0,1,1,1,1785485661
2026-07-31T08:15:21Z,630,3,2,21,3,0,1,1,1,1785485471
2026-07-31T08:15:21Z,631,2,1,21,0,0,1,1,1,1785471593
2026-07-31T08:15:21Z,632,22,2,0,1,0,1,1,1,1785458363
2026-07-31T08:15:21Z,633,11,1,0,4,0,1,1,1,1785485437
2026-07-31T08:15:21Z,634,11,2,8,0,0,1,1,1,1785478804
2026-07-31T08:15:21Z,635,17,1,2,0,0,1,1,1,1785485606
2026-07-31T08:15:21Z,636,10,2,5,0,0,1,1,1,1785484858
2026-07-31T08:15:21Z,637,8,0,11,0,0,1,1,1,1785483457
2026-07-31T08:15:21Z,638,9,2,7,3,0,1,1,1,1785473314
2026-07-31T08:15:21Z,639,5,1,11,3,0,1,1,1,1785479066
2026-07-31T08:15:21Z,640,1,1,21,1,0,1,1,1,1785485473
2026-07-31T08:15:21Z,641,19,0,5,2,0,1,1,1,1785484887
2026-07-31T08:15:21Z,642,3,2,8,8,0,1,1,1,1785485715
2026-07-31T08:15:21Z,643,1,0,18,8,0,1,1,1,1785485710
2026-07-31T08:15:21Z,644,12,0,2,1,0,1,1,1,1785475510
2026-07-31T08:15:21Z,645,13,0,8,1,1,1,1,1,1785485314
2026-07-31T08:15:21Z,646,7,2,12,0,0,1,1,1,1785485665
2026-07-31T08:15:21Z,647,31,1,0,0,0,1,1,1,1785469507
2026-07-31T08:15:21Z,648,6,0,12,1,0,1,1,1,1785483627
2026-07-31T08:15:21Z,649,19,2,11,1,0,1,1,1,1785484522
2026-07-31T08:15:21Z,650,5,1,9,0,0,1,1,1,1785461548
2026-07-31T08:15:21Z,651,11,9,12,0,0,1,1,1,1785482207
2026-07-31T08:15:21Z,652,4,2,17,2,0,1,1,1,1785485461
2026-07-31T08:15:21Z,653,8,1,9,2,0,1,1,1,1785481487
2026-07-31T08:15:21Z,654,2,2,13,0,0,1,1,1,1785480995
2026-07-31T08:15:21Z,655,6,3,2,4,1,1,1,1,1785485664
2026-07-31T08:15:21Z,656,18,6,1,0,0,1,1,1,1785482316
2026-07-31T08:15:21Z,657,9,1,3,2,3,1,1,1,1785485705
2026-07-31T08:15:21Z,658,9,1,1,0,0,1,1,1,1785473427
2026-07-31T08:15:21Z,659,8,3,5,2,0,1,1,1,1785482005
2026-07-31T08:15:21Z,660,13,0,14,4,0,1,1,1,1785485495
2026-07-31T08:15:21Z,661,1,1,18,0,0,1,1,1,1785474064
2026-07-31T08:15:21Z,662,7,5,14,2,0,1,1,1,1785480458
2026-07-31T08:15:21Z,663,14,6,0,1,0,1,1,1,1785472341
2026-07-31T08:15:21Z,664,0,0,27,0,0,1,1,1,1785472715
2026-07-31T08:15:21Z,665,12,3,3,0,0,1,1,1,1785479255
2026-07-31T08:15:21Z,666,7,2,6,2,0,1,1,1,1785473808
2026-07-31T08:15:21Z,667,0,0,19,0,0,1,1,1,1785482992
2026-07-31T08:15:21Z,668,10,1,8,1,0,1,1,1,1785484022
2026-07-31T08:15:21Z,669,14,5,0,0,0,1,1,1,1785473569
2026-07-31T08:15:21Z,670,11,2,16,0,0,1,1,1,1785482280
2026-07-31T08:15:21Z,671,26,5,0,1,0,1,1,1,1785475719
2026-07-31T08:15:21Z,672,13,2,6,3,1,1,1,1,1785476904
2026-07-31T08:15:21Z,673,12,1,9,2,0,1,1,1,1785485447
2026-07-31T08:15:21Z,674,3,2,17,3,0,1,1,1,1785485505
2026-07-31T08:15:21Z,675,12,6,1,2,0,1,1,1,1785485589
2026-07-31T08:15:21Z,676,4,1,17,1,0,1,1,1,1785479831
2026-07-31T08:15:21Z,681,12,3,1,2,0,1,1,1,1785484717
2026-07-31T08:15:21Z,682,4,1,14,1,0,1,1,1,1785387864
2026-07-31T08:15:21Z,683,4,1,15,0,0,1,1,1,1785484694
2026-07-31T08:15:21Z,684,4,0,23,0,0,1,1,1,1785473502
2026-07-31T08:15:21Z,685,10,0,15,1,1,1,1,1,1785476486
2026-07-31T08:15:21Z,686,11,0,14,1,1,1,1,1,1785485573
2026-07-31T08:15:21Z,687,11,0,18,1,1,1,1,1,1785485461
2026-07-31T08:15:21Z,688,9,0,3,7,0,1,1,1,1785485524
2026-07-31T08:15:21Z,692,2,0,19,0,0,1,1,1,1785485383
2026-07-31T08:15:21Z,693,5,0,3,3,0,1,1,1,1785485368
2026-07-31T08:15:21Z,694,9,5,12,0,0,1,1,1,1785485108
2026-07-31T08:15:21Z,695,17,11,6,0,0,1,1,1,1785485239
2026-07-31T08:15:21Z,696,19,14,3,1,0,1,1,1,1785485157
2026-07-31T08:15:21Z,697,19,1,4,0,0,1,1,1,1785484766
2026-07-31T08:15:21Z,698,27,0,0,0,0,1,1,1,1785484293
2026-07-31T08:15:21Z,699,7,0,7,1,0,1,1,1,1785485658
2026-07-31T08:15:21Z,700,19,4,0,0,0,1,1,1,1785483962
2026-07-31T08:15:21Z,701,17,6,2,0,0,1,1,1,1785485212
2026-07-31T08:15:21Z,702,19,0,3,1,0,1,1,1,1785484708
2026-07-31T08:15:21Z,704,9,2,6,0,0,1,1,1,1785484619
2026-07-31T08:15:21Z,705,5,3,9,1,0,1,1,1,1785484084
2026-07-31T08:15:21Z,706,12,2,0,3,0,1,1,1,1785485178
2026-07-31T08:15:21Z,707,10,2,5,0,0,1,1,1,1785484015
2026-07-31T08:15:21Z,708,19,3,0,0,0,1,1,1,1785484209
2026-07-31T08:15:21Z,709,11,1,1,3,0,1,1,1,1785484022
2026-07-31T08:15:21Z,710,16,3,2,1,0,1,1,1,1785485255
2026-07-31T08:15:21Z,711,19,4,0,4,0,1,1,1,1785485317
2026-07-31T08:15:21Z,712,15,10,0,0,0,1,1,1,1785485197
2026-07-31T08:15:21Z,713,6,0,17,0,0,1,1,1,1785484470
2026-07-31T08:15:21Z,716,3,1,12,0,0,1,1,1,1785485542
2026-07-31T08:15:21Z,717,2,1,20,3,0,1,1,1,1785485611
2026-07-31T08:15:21Z,718,2,1,12,1,0,1,1,1,1785485374
2026-07-31T08:15:21Z,719,7,1,22,0,0,1,1,1,1785484770
2026-07-31T08:15:21Z,720,2,1,17,0,0,1,1,1,1785484021
2026-07-31T08:15:21Z,721,0,0,21,2,0,1,1,1,1785484809
2026-07-31T08:15:21Z,722,5,0,10,0,0,1,1,1,1785485587
2026-07-31T08:15:21Z,723,12,1,11,0,0,1,1,1,1785485611
2026-07-31T08:15:21Z,724,21,4,2,0,0,1,1,1,1785484957
2026-07-31T08:15:21Z,725,22,6,0,1,0,1,1,1,1785484523
2026-07-31T08:15:21Z,726,19,3,0,0,0,1,1,1,1785484735
2026-07-31T08:15:21Z,727,9,4,12,2,0,1,1,1,1785484755
2026-07-31T08:15:21Z,728,10,1,5,0,0,1,1,1,1785484325
2026-07-31T08:15:21Z,729,6,0,13,0,0,1,1,1,1785485195
2026-07-31T08:15:21Z,730,3,2,10,2,0,1,1,1,1785484916
2026-07-31T08:15:21Z,731,10,3,4,1,0,1,1,1,1785484027
2026-07-31T08:15:21Z,732,9,5,6,0,0,1,1,1,1785485068
2026-07-31T08:15:21Z,733,4,0,23,0,0,1,1,1,1785484031
2026-07-31T08:15:21Z,734,0,0,14,0,0,1,1,1,1785485036
2026-07-31T08:15:21Z,735,4,3,23,0,0,1,1,1,1785485714
2026-07-31T08:15:21Z,736,7,1,12,0,0,1,1,1,1785484457
2026-07-31T08:15:21Z,737,4,3,10,0,1,1,1,1,1785484437
2026-07-31T08:15:21Z,738,16,5,1,2,0,1,1,1,1785484396
2026-07-31T08:15:21Z,739,19,2,7,1,0,1,1,1,1785484045
2026-07-31T08:15:21Z,741,7,1,16,0,0,1,1,1,1785484347
2026-07-31T08:15:21Z,742,9,4,24,2,0,1,1,1,1785484850
2026-07-31T08:15:21Z,743,8,3,9,2,0,1,1,1,1785484214
2026-07-31T08:15:21Z,744,11,4,3,1,0,1,1,1,1785484727
2026-07-31T08:15:21Z,745,14,4,4,1,0,1,1,1,1785484729
2026-07-31T08:15:21Z,746,13,3,8,2,0,1,1,1,1785485518
2026-07-31T08:15:21Z,747,0,0,4,0,0,0,1,1,1783446606
2026-07-31T08:15:21Z,748,10,1,13,0,0,1,1,1,1785485509
2026-07-31T08:15:21Z,749,7,5,15,1,0,1,1,1,1785485425
2026-07-31T08:15:21Z,750,4,2,7,0,0,1,1,1,1785484164
2026-07-31T08:15:21Z,751,9,0,14,0,0,1,1,1,1785484950
2026-07-31T08:15:21Z,752,13,1,3,1,0,1,1,1,1785482301
2026-07-31T08:15:21Z,753,4,0,11,0,0,1,1,1,1785484867
2026-07-31T08:15:21Z,754,2,2,12,1,0,1,1,1,1785485286
2026-07-31T08:15:21Z,755,12,3,10,1,0,1,1,1,1785485399
2026-07-31T08:15:21Z,756,2,0,35,0,0,1,1,1,1785484655
2026-07-31T08:15:21Z,757,18,9,1,0,0,1,1,1,1785485509
2026-07-31T08:15:21Z,758,23,4,0,0,0,1,1,1,1785485536
2026-07-31T08:15:21Z,759,5,3,10,0,0,1,1,1,1785484848
2026-07-31T08:15:21Z,760,8,3,11,0,0,1,1,1,1785472022
2026-07-31T08:15:21Z,761,17,0,6,0,0,1,1,1,1785484809
2026-07-31T08:15:21Z,762,7,4,4,4,0,1,1,1,1785483974
2026-07-31T08:15:21Z,768,9,0,8,2,0,1,1,1,1785484958
2026-07-31T08:15:21Z,769,16,12,3,0,0,1,1,1,1785484577
2026-07-31T08:15:21Z,770,11,3,6,2,0,1,1,1,1785484513
2026-07-31T08:15:21Z,771,13,3,1,1,0,1,1,1,1785483942
2026-07-31T08:15:21Z,772,7,3,8,0,0,1,1,1,1785484577
2026-07-31T08:15:21Z,773,15,4,4,0,0,1,1,1,1785484395
2026-07-31T08:15:21Z,774,9,5,3,3,0,1,1,1,1785484353
2026-07-31T08:15:21Z,775,6,0,11,1,1,1,1,1,1785468483
2026-07-31T08:15:21Z,776,3,1,17,1,0,1,1,1,1785484727
2026-07-31T08:15:21Z,777,10,0,2,3,0,1,1,1,1785484465
2026-07-31T08:15:21Z,778,13,0,3,3,0,1,1,1,1785484484
2026-07-31T08:15:21Z,779,8,1,10,1,0,1,1,1,1785485259
2026-07-31T08:15:21Z,780,17,4,1,1,0,1,1,1,1785484936
2026-07-31T08:15:21Z,781,6,2,3,2,0,1,1,1,1785485276
2026-07-31T08:15:21Z,782,5,3,10,4,0,1,1,1,1785484232
2026-07-31T08:15:21Z,783,7,1,12,0,0,1,1,1,1785485326
2026-07-31T08:15:21Z,784,15,2,4,0,0,1,1,1,1785484934
2026-07-31T08:15:21Z,785,12,2,2,5,0,1,1,1,1785485493
2026-07-31T08:15:21Z,786,11,5,8,0,0,1,1,1,1785485136
2026-07-31T08:15:21Z,787,11,5,2,2,0,1,1,1,1785484783
2026-07-31T08:15:21Z,788,3,0,12,0,0,1,1,1,1785484003
2026-07-31T08:15:21Z,789,9,2,2,4,0,1,1,1,1785484238
2026-07-31T08:15:21Z,790,0,0,23,0,0,1,1,1,1785484624
2026-07-31T08:15:21Z,791,7,2,11,0,1,1,1,1,1785484122
2026-07-31T08:15:21Z,793,4,0,10,1,0,1,1,1,1785484383
2026-07-31T08:15:21Z,794,8,3,19,2,0,1,1,1,1785485458
2026-07-31T08:15:21Z,796,0,0,17,2,0,1,1,1,1785484166
2026-07-31T08:15:21Z,797,1,0,14,0,0,1,1,1,1785485585
2026-07-31T08:15:21Z,798,6,0,18,1,0,1,1,1,1785483988
2026-07-31T08:15:21Z,799,14,1,1,4,0,1,1,1,1785484136
2026-07-31T08:15:21Z,800,0,0,20,1,0,1,1,1,1785485574
2026-07-31T08:15:21Z,801,4,2,16,1,0,1,1,1,1785484187
2026-07-31T08:15:21Z,802,8,0,23,0,0,1,1,1,1785484278
2026-07-31T08:15:21Z,803,1,1,14,0,0,1,1,1,1785483972
2026-07-31T08:15:21Z,806,9,4,6,0,0,1,1,1,1785484167
2026-07-31T08:15:21Z,807,14,0,8,3,0,1,1,1,1785485307
2026-07-31T08:15:21Z,808,0,0,23,2,0,1,1,1,1785472976
2026-07-31T08:15:21Z,809,5,1,17,1,0,1,1,1,1785484132
2026-07-31T08:15:21Z,810,2,0,13,4,0,1,1,1,1785484607
2026-07-31T08:15:21Z,815,4,1,6,4,1,1,1,1,1785484250
2026-07-31T08:15:21Z,817,10,5,5,0,0,1,1,1,1785485297
2026-07-31T08:15:21Z,818,6,0,16,1,0,1,1,1,1785484693
2026-07-31T08:15:21Z,819,6,4,9,0,0,1,1,1,1785460987
2026-07-31T08:15:21Z,820,8,2,9,0,0,1,1,1,1785485222
2026-07-31T08:15:21Z,821,2,1,13,0,0,1,1,1,1785484340
2026-07-31T08:15:21Z,822,1,0,20,2,0,1,1,1,1785484644
2026-07-31T08:15:21Z,823,0,0,14,1,0,1,1,1,1785485616
2026-07-31T08:15:21Z,824,10,3,8,1,0,1,1,1,1785485082
2026-07-31T08:15:21Z,825,8,5,7,0,0,1,1,1,1785462716
2026-07-31T08:15:21Z,826,10,2,8,1,0,1,1,1,1785485083
2026-07-31T08:15:21Z,827,16,5,4,1,0,1,1,1,1785484574
2026-07-31T08:15:21Z,828,8,0,9,1,0,1,1,1,1785484456
2026-07-31T08:15:21Z,829,16,7,11,0,0,1,1,1,1785485314
2026-07-31T08:15:21Z,830,11,2,11,1,0,1,1,1,1785484563
2026-07-31T08:15:21Z,831,7,2,7,1,0,1,1,1,1785485592
2026-07-31T08:15:21Z,832,10,3,5,3,0,1,1,1,1785485668
2026-07-31T08:15:21Z,833,1,0,17,1,0,1,1,1,1785485425
2026-07-31T08:15:21Z,834,1,0,22,1,0,1,1,1,1785484923
2026-07-31T08:15:21Z,835,16,6,0,2,0,1,1,1,1785485153
2026-07-31T08:15:21Z,837,5,1,0,10,0,1,1,1,1785485650
2026-07-31T08:15:21Z,838,13,3,2,0,0,1,1,1,1785484511
2026-07-31T08:15:21Z,839,18,0,11,0,0,1,1,1,1785481858
2026-07-31T08:15:21Z,840,10,4,17,2,0,1,1,1,1785484955
2026-07-31T08:15:21Z,841,7,1,8,0,0,1,1,1,1785485590
2026-07-31T08:15:21Z,842,7,2,16,0,0,1,1,1,1785485370
2026-07-31T08:15:21Z,843,8,0,22,1,0,1,1,1,1785485593
2026-07-31T08:15:21Z,844,6,0,17,0,0,1,1,1,1785485563
2026-07-31T08:15:21Z,845,5,3,12,2,0,1,1,1,1785483941
2026-07-31T08:15:21Z,846,4,0,13,2,0,1,1,1,1785484892
2026-07-31T08:15:21Z,847,7,1,20,0,0,1,1,1,1785484661
2026-07-31T08:15:21Z,848,10,3,8,1,0,1,1,1,1785485156
2026-07-31T08:15:21Z,849,7,2,8,0,0,1,1,1,1785484742
2026-07-31T08:15:21Z,850,9,0,1,1,0,1,1,1,1785484982
2026-07-31T08:15:21Z,851,3,3,32,2,0,1,1,1,1785484801
2026-07-31T08:15:21Z,852,12,6,7,0,0,1,1,1,1785485475
2026-07-31T08:15:21Z,853,10,5,13,0,0,1,1,1,1785484524
2026-07-31T08:15:21Z,854,4,2,11,0,0,1,1,1,1785484606
2026-07-31T08:15:21Z,855,25,0,2,0,0,1,1,1,1785485421
2026-07-31T08:15:21Z,857,1,1,18,0,0,1,1,1,1785485672
2026-07-31T08:15:21Z,858,4,1,14,1,0,1,1,1,1785484308
2026-07-31T08:15:21Z,859,3,0,17,1,0,1,1,1,1785484537
2026-07-31T08:15:21Z,861,8,1,2,1,0,1,1,1,1785455675
2026-07-31T08:15:21Z,862,2,1,13,0,0,1,1,1,1785485617
2026-07-31T08:15:21Z,863,13,0,5,1,0,1,1,1,1785472897
2026-07-31T08:15:21Z,866,9,3,10,0,0,1,1,1,1785484871
2026-07-31T08:15:21Z,867,12,0,3,0,0,1,1,1,1785485232
2026-07-31T08:15:21Z,868,13,2,2,0,0,1,1,1,1785485435
2026-07-31T08:15:21Z,870,7,4,6,2,0,1,1,1,1785485651
2026-07-31T08:15:21Z,871,0,0,10,1,0,1,1,1,1785485038
2026-07-31T08:15:21Z,872,0,0,14,1,0,1,1,1,1785485570
2026-07-31T08:15:21Z,873,0,0,32,1,0,1,1,1,1785485532
2026-07-31T08:15:21Z,874,5,2,7,3,0,1,1,1,1785483920
2026-07-31T08:15:21Z,875,14,10,0,1,0,1,1,1,1785485707
2026-07-31T08:15:21Z,877,11,10,6,2,0,1,1,1,1785485170
2026-07-31T08:15:21Z,878,3,2,15,1,0,1,1,1,1785483932
2026-07-31T08:15:21Z,879,1,0,18,0,0,1,1,1,1785484794
2026-07-31T08:15:21Z,880,3,0,19,1,0,1,1,1,1785485709
2026-07-31T08:15:21Z,881,2,0,17,0,0,1,1,1,1785485603
2026-07-31T08:15:21Z,882,11,0,6,2,0,1,1,1,1785457778
2026-07-31T08:15:21Z,883,10,6,9,0,0,1,1,1,1785484063
2026-07-31T08:15:21Z,884,11,7,10,0,0,1,1,1,1785485157
2026-07-31T08:15:21Z,885,1,0,18,0,0,1,1,1,1785485455
2026-07-31T08:15:21Z,886,17,1,11,1,0,1,1,1,1785484412
2026-07-31T08:15:21Z,887,2,1,12,3,0,1,1,1,1785484364
2026-07-31T08:15:21Z,888,11,0,28,2,0,1,1,1,1785485560
2026-07-31T08:15:21Z,889,17,1,0,2,0,1,1,1,1785483951
2026-07-31T08:15:21Z,890,7,4,8,0,0,1,1,1,1785472287
2026-07-31T08:15:21Z,891,16,0,6,1,0,1,1,1,1785484942
2026-07-31T08:15:21Z,892,13,1,2,0,0,1,1,1,1785469848
2026-07-31T08:15:21Z,895,0,0,18,1,0,1,1,1,1785465808
2026-07-31T08:15:21Z,896,6,0,29,0,0,1,1,1,1785483234
2026-07-31T08:15:21Z,897,11,1,10,0,0,1,1,1,1785485639
2026-07-31T08:15:21Z,898,2,0,17,0,0,1,1,1,1785485374
2026-07-31T08:15:21Z,899,0,0,18,1,0,1,1,1,1785485022
2026-07-31T08:15:21Z,900,17,0,8,2,0,1,1,1,1785484772
2026-07-31T08:15:21Z,901,12,0,6,1,0,1,1,1,1785484671
2026-07-31T08:15:21Z,902,9,0,5,1,0,1,1,1,1785485317
2026-07-31T08:15:21Z,903,15,2,4,0,0,1,1,1,1785484741
2026-07-31T08:15:21Z,904,10,4,8,1,0,1,1,1,1785483946
2026-07-31T08:15:21Z,905,4,0,23,0,0,1,1,1,1785484710
2026-07-31T08:15:21Z,906,6,4,21,0,0,1,1,1,1785484782
2026-07-31T08:15:21Z,907,5,1,26,0,0,1,1,1,1785484122
2026-07-31T08:15:21Z,908,11,0,12,0,0,1,1,1,1785483927
2026-07-31T08:15:21Z,909,14,4,8,1,0,1,1,1,1785485459
2026-07-31T08:15:21Z,910,20,0,11,0,0,1,1,1,1785485655
2026-07-31T08:15:21Z,911,3,0,16,0,0,1,1,1,1785485307
2026-07-31T08:15:21Z,912,9,5,12,2,0,1,1,1,1785484878
2026-07-31T08:15:21Z,913,3,1,16,0,0,1,1,1,1785484472
2026-07-31T08:15:21Z,914,7,1,12,0,0,1,1,1,1785484295
2026-07-31T08:15:21Z,915,9,0,13,1,0,1,1,1,1785485030
2026-07-31T08:15:21Z,916,23,8,0,0,0,1,1,1,1785484081
2026-07-31T08:15:21Z,917,4,1,29,2,0,1,1,1,1785485538
2026-07-31T08:15:21Z,918,13,5,4,2,0,1,1,1,1785485675
2026-07-31T08:15:21Z,919,15,3,23,1,0,1,1,1,1785484718
2026-07-31T08:15:21Z,920,4,2,15,0,0,1,1,1,1785484291
2026-07-31T08:15:21Z,921,12,0,9,0,0,1,1,1,1785485437
2026-07-31T08:15:21Z,922,3,1,17,1,0,1,1,1,1785485423
2026-07-31T08:15:21Z,923,18,1,1,0,0,1,1,1,1785485313
2026-07-31T08:15:21Z,924,8,2,13,0,0,1,1,1,1785484635
2026-07-31T08:15:21Z,925,13,0,8,0,0,1,1,1,1785484092
2026-07-31T08:15:21Z,926,0,0,21,0,0,1,1,1,1785484241
2026-07-31T08:15:21Z,927,0,0,35,0,0,1,1,1,1785484623
2026-07-31T08:15:21Z,928,5,3,14,0,0,1,1,1,1785464301
2026-07-31T08:15:21Z,929,0,0,23,0,0,1,1,1,1785485066
2026-07-31T08:15:21Z,930,1,0,29,1,0,1,1,1,1785485656
2026-07-31T08:15:21Z,931,8,3,15,0,0,1,1,1,1785484163
2026-07-31T08:15:21Z,932,4,0,12,3,0,1,1,1,1785484520
2026-07-31T08:15:21Z,933,0,0,23,0,0,1,1,1,1785484218
2026-07-31T08:15:21Z,934,10,0,20,1,0,1,1,1,1785485700
2026-07-31T08:15:21Z,935,9,2,9,1,0,1,1,1,1785484808
2026-07-31T08:15:21Z,936,4,1,15,0,0,1,1,1,1785456801
2026-07-31T08:15:21Z,940,10,0,1,0,0,1,1,1,1785477927
2026-07-31T08:15:21Z,941,10,1,13,2,0,1,1,1,1785484360
2026-07-31T08:15:21Z,942,5,0,16,0,0,1,1,1,1785484734
2026-07-31T08:15:21Z,943,9,8,6,0,0,1,1,1,1785485687
2026-07-31T08:15:21Z,944,9,8,6,0,0,1,1,1,1785485500
2026-07-31T08:15:21Z,945,10,8,5,0,0,1,1,1,1785485011
2026-07-31T08:15:21Z,946,7,5,12,0,0,1,1,1,1785424152
2026-07-31T08:15:21Z,947,7,5,10,0,0,1,1,1,1785485514
2026-07-31T08:15:21Z,948,26,8,0,5,0,1,1,1,1785485587
2026-07-31T08:15:21Z,949,1,0,14,0,0,1,1,1,1785485616
2026-07-31T08:15:21Z,950,15,3,1,1,0,1,1,1,1785485527
2026-07-31T08:15:21Z,951,18,4,5,0,0,1,1,1,1785485714
2026-07-31T08:15:21Z,952,7,0,48,0,0,1,1,1,1785484987
2026-07-31T08:15:21Z,953,14,2,0,1,0,1,1,1,1785484783
2026-07-31T08:15:21Z,954,18,4,1,0,0,1,1,1,1785485620
2026-07-31T08:15:21Z,955,4,3,17,6,0,1,1,1,1785484577
2026-07-31T08:15:21Z,956,22,2,0,1,0,1,1,1,1785485551
2026-07-31T08:15:21Z,957,15,0,14,0,0,1,1,1,1785484893
2026-07-31T08:15:21Z,958,19,0,12,0,0,1,1,1,1785484400
2026-07-31T08:15:21Z,959,20,8,0,3,0,1,1,1,1785485395
2026-07-31T08:15:21Z,960,18,0,4,1,0,1,1,1,1785484061
2026-07-31T08:15:21Z,961,2,1,17,4,0,1,1,1,1785484412
2026-07-31T08:15:21Z,962,8,3,24,3,0,1,1,1,1785484650
2026-07-31T08:15:21Z,963,7,0,15,1,0,1,1,1,1785485594
2026-07-31T08:15:21Z,964,21,8,1,1,0,1,1,1,1785485223
2026-07-31T08:15:21Z,965,5,1,21,1,0,1,1,1,1785485675
2026-07-31T08:15:21Z,966,28,0,3,0,0,1,1,1,1785484403
2026-07-31T08:15:21Z,967,20,0,0,1,0,1,1,1,1785485336
2026-07-31T08:15:21Z,968,14,0,4,1,0,1,1,1,1785485501
2026-07-31T08:15:21Z,969,11,7,14,2,0,1,1,1,1785485609
2026-07-31T08:15:21Z,970,11,1,7,1,0,1,1,1,1785484019
2026-07-31T08:15:21Z,971,15,0,7,1,0,1,1,1,1785483983
2026-07-31T08:15:21Z,972,9,1,13,1,0,1,1,1,1785485467
2026-07-31T08:15:21Z,973,9,4,13,1,0,1,1,1,1785484976
2026-07-31T08:15:21Z,974,12,0,15,0,0,1,1,1,1785484363
2026-07-31T08:15:21Z,977,7,7,11,3,0,1,1,1,1785485516
2026-07-31T08:15:21Z,978,11,0,12,0,0,1,1,1,1785484785
2026-07-31T08:15:21Z,979,14,1,3,0,0,1,1,1,1785484345
2026-07-31T08:15:21Z,980,2,0,17,2,0,1,1,1,1785485070
2026-07-31T08:15:21Z,981,19,0,1,1,0,1,1,1,1785485235
2026-07-31T08:15:21Z,982,3,1,14,2,0,1,1,1,1785485541
2026-07-31T08:15:21Z,983,2,1,20,1,0,1,1,1,1785484135
2026-07-31T08:15:21Z,984,6,0,17,0,0,1,1,1,1785485115
2026-07-31T08:15:21Z,985,7,0,23,1,0,1,1,1,1785485591
2026-07-31T08:15:21Z,986,4,0,15,0,0,1,1,1,1785485539
2026-07-31T08:15:21Z,987,6,0,16,1,0,1,1,1,1785484255
2026-07-31T08:15:21Z,988,5,1,13,1,0,1,1,1,1785485688
2026-07-31T08:15:21Z,989,10,5,9,0,0,1,1,1,1785484680
2026-07-31T08:15:21Z,990,13,1,0,2,0,1,1,1,1785483932
2026-07-31T08:15:21Z,991,10,2,8,1,0,1,1,1,1785485400
2026-07-31T08:15:21Z,992,10,7,12,1,0,1,1,1,1785484455
2026-07-31T08:15:21Z,993,0,0,27,0,0,1,1,1,1785476008
2026-07-31T08:15:21Z,994,4,1,17,0,0,1,1,1,1785484666
2026-07-31T08:15:21Z,995,9,2,18,0,0,1,1,1,1785485705
2026-07-31T08:15:21Z,996,8,1,15,0,0,1,1,1,1785485510
2026-07-31T08:15:21Z,997,10,5,10,3,0,1,1,1,1785485660
2026-07-31T08:15:21Z,998,3,2,19,1,0,1,1,1,1785484008
2026-07-31T08:15:21Z,999,3,1,15,2,1,1,1,1,1785485614
2026-07-31T08:15:21Z,1000,3,1,18,0,0,1,1,1,1785484579
2026-07-31T08:15:21Z,1001,1,0,26,0,0,1,1,1,1785484024
2026-07-31T08:15:21Z,1002,0,0,27,4,0,1,1,1,1785484019
2026-07-31T08:15:21Z,1003,0,0,22,1,0,1,1,1,1785485473
2026-07-31T08:15:21Z,1004,8,1,15,0,0,1,1,1,1785484913
2026-07-31T08:15:21Z,1005,20,1,3,0,0,1,1,1,1785485662
2026-07-31T08:15:21Z,1006,7,4,11,1,0,1,1,1,1785485501
2026-07-31T08:15:21Z,1007,2,1,19,0,0,1,1,1,1785485131
2026-07-31T08:15:21Z,1008,6,5,15,2,0,1,1,1,1785484630
2026-07-31T08:15:21Z,1009,19,2,8,4,0,1,1,1,1785484503
2026-07-31T08:15:21Z,1010,7,2,20,0,0,1,1,1,1785485328
2026-07-31T08:15:21Z,1011,8,2,9,2,0,1,1,1,1785484059
2026-07-31T08:15:21Z,1012,4,3,18,1,0,1,1,1,1785485428
2026-07-31T08:15:21Z,1013,4,1,18,1,0,1,1,1,1785484213
2026-07-31T08:15:21Z,1014,7,2,13,3,0,1,1,1,1785484127
2026-07-31T08:15:21Z,1015,3,1,25,3,0,1,1,1,1785484392
2026-07-31T08:15:21Z,1016,10,5,21,0,0,1,1,1,1785485280
2026-07-31T08:15:21Z,1017,14,5,7,0,0,1,1,1,1785484833
2026-07-31T08:15:21Z,1018,7,2,15,0,0,1,1,1,1785485516
2026-07-31T08:15:21Z,1019,9,6,6,0,0,1,1,1,1785485449
2026-07-31T08:15:21Z,1020,18,3,3,0,0,1,1,1,1785484705
2026-07-31T08:15:21Z,1021,9,3,5,1,0,1,1,1,1785484438
2026-07-31T08:15:21Z,1022,14,0,13,0,0,1,1,1,1785485602
2026-07-31T08:15:21Z,1023,13,1,9,1,0,1,1,1,1785485249
2026-07-31T08:15:21Z,1024,5,2,13,1,0,1,1,1,1785484436
2026-07-31T08:15:21Z,1025,4,0,14,0,1,1,1,1,1785485569
2026-07-31T08:15:21Z,1026,7,5,19,5,0,1,1,1,1785484784
2026-07-31T08:15:21Z,1028,2,0,20,1,0,1,1,1,1785485606
2026-07-31T08:15:21Z,1029,10,9,4,1,0,1,1,1,1785484734
2026-07-31T08:15:21Z,1030,14,5,9,0,0,1,1,1,1785484469
2026-07-31T08:15:21Z,1031,8,0,11,0,0,1,1,1,1785484845
2026-07-31T08:15:21Z,1032,7,1,12,0,0,1,1,1,1785485504
2026-07-31T08:15:21Z,1033,9,5,9,1,0,1,1,1,1785484502
2026-07-31T08:15:21Z,1034,2,0,13,0,0,1,1,1,1785485527
2026-07-31T08:15:21Z,1035,1,0,16,2,0,1,1,1,1785485549
2026-07-31T08:15:21Z,1036,15,1,0,0,0,1,1,1,1785484292
2026-07-31T08:15:21Z,1037,3,0,15,1,0,1,1,1,1785484883
2026-07-31T08:15:21Z,1038,2,0,12,1,0,1,1,1,1785485225
2026-07-31T08:15:21Z,1039,7,2,12,0,0,1,1,1,1785485661
2026-07-31T08:15:21Z,1040,7,3,10,2,0,1,1,1,1785485543
2026-07-31T08:15:21Z,1041,11,3,8,0,0,1,1,1,1785485424
2026-07-31T08:15:21Z,1042,12,1,1,2,0,1,1,1,1785485540
2026-07-31T08:15:21Z,1043,9,0,7,3,0,1,1,1,1785485580
2026-07-31T08:15:21Z,1044,2,1,12,1,0,1,1,1,1785485280
2026-07-31T08:15:21Z,1045,10,0,9,0,0,1,1,1,1785485494
2026-07-31T08:15:21Z,1046,9,0,6,0,0,1,1,1,1785484905
2026-07-31T08:15:21Z,1047,4,0,17,0,0,1,1,1,1785484442
2026-07-31T08:15:21Z,1048,10,1,9,0,0,1,1,1,1785485471
2026-07-31T08:15:21Z,1049,6,0,15,0,0,1,1,1,1785485527
2026-07-31T08:15:21Z,1050,17,4,4,0,0,1,1,1,1785484812
2026-07-31T08:15:21Z,1051,8,3,13,0,0,1,1,1,1785484706
2026-07-31T08:15:21Z,1052,17,2,5,0,0,1,1,1,1785485330
2026-07-31T08:15:21Z,1053,2,1,13,0,0,1,1,1,1785485404
2026-07-31T08:15:21Z,1054,14,1,1,0,0,1,1,1,1785485665
2026-07-31T08:15:21Z,1055,7,1,12,0,0,1,1,1,1785485637
2026-07-31T08:15:21Z,1057,18,0,0,1,0,1,1,1,1785485332
2026-07-31T08:15:21Z,1058,1,0,55,0,0,1,1,1,1785485538
2026-07-31T08:15:21Z,1059,0,0,18,1,0,1,1,1,1785485535
2026-07-31T08:15:21Z,1060,30,0,7,0,0,1,1,1,1785484470
2026-07-31T08:15:21Z,1061,6,0,30,1,0,1,1,1,1785485608
2026-07-31T08:15:21Z,1062,1,0,16,0,0,1,1,1,1785484209
2026-07-31T08:15:21Z,1063,12,1,6,1,0,1,1,1,1785485550
2026-07-31T08:15:21Z,1064,3,0,19,1,0,1,1,1,1785484054
2026-07-31T08:15:21Z,1065,16,3,7,0,0,1,1,1,1785484299
2026-07-31T08:15:21Z,1066,10,2,13,0,0,1,1,1,1785484123
2026-07-31T08:15:21Z,1067,8,2,13,2,0,1,1,1,1785484391
2026-07-31T08:15:21Z,1068,8,2,13,2,0,1,1,1,1785485697
2026-07-31T08:15:21Z,1069,12,3,11,0,0,1,1,1,1785483932
2026-07-31T08:15:21Z,1070,12,2,11,0,0,1,1,1,1785484028
2026-07-31T08:15:21Z,1071,7,4,16,0,0,1,1,1,1785484067
2026-07-31T08:15:21Z,1072,11,1,11,1,0,1,1,1,1785484429
2026-07-31T08:15:21Z,1073,26,7,0,1,0,1,1,1,1785485175
2026-07-31T08:15:21Z,1074,0,0,52,1,0,1,1,1,1785485704
2026-07-31T08:15:21Z,1075,10,10,11,0,0,1,1,1,1785485254
2026-07-31T08:15:21Z,1076,14,11,7,0,0,1,1,1,1785484690
2026-07-31T08:15:21Z,1077,8,5,13,0,0,1,1,1,1785485466
2026-07-31T08:15:21Z,1078,11,10,10,0,0,1,1,1,1785484732
2026-07-31T08:15:21Z,1079,11,8,10,0,0,1,1,1,1785485363
2026-07-31T08:15:21Z,1080,10,8,10,1,0,1,1,1,1785484145
2026-07-31T08:15:21Z,1081,13,8,6,0,0,1,1,1,1785484546
2026-07-31T08:15:21Z,1082,7,7,1,0,0,1,1,1,1785484047
2026-07-31T08:15:21Z,1083,13,11,8,0,0,1,1,1,1785485624
2026-07-31T08:15:21Z,1084,9,8,12,0,0,1,1,1,1785485249
2026-07-31T08:15:21Z,1085,8,8,13,0,0,1,1,1,1785484882
2026-07-31T08:15:21Z,1086,0,0,20,1,0,1,1,1,1785485590
2026-07-31T08:15:21Z,1087,12,7,3,0,0,1,1,1,1785484797
2026-07-31T08:15:21Z,1088,10,7,5,0,0,1,1,1,1785485554
2026-07-31T08:15:21Z,1089,5,3,10,0,0,1,1,1,1785484100
2026-07-31T08:15:21Z,1090,11,10,4,0,0,1,1,1,1785484775
2026-07-31T08:15:21Z,1091,12,7,3,0,0,1,1,1,1785484538
2026-07-31T08:15:21Z,1092,9,9,5,1,0,1,1,1,1785484084
2026-07-31T08:15:21Z,1093,7,6,8,0,0,1,1,1,1785484449
2026-07-31T08:15:21Z,1094,10,8,8,1,0,1,1,1,1785485506
2026-07-31T08:15:21Z,1095,9,8,6,0,0,1,1,1,1785484395
2026-07-31T08:15:21Z,1096,3,1,15,1,0,1,1,1,1785484054
2026-07-31T08:15:21Z,1097,11,11,4,0,0,1,1,1,1785484270
2026-07-31T08:15:21Z,1098,9,7,10,0,0,1,1,1,1785484605
2026-07-31T08:15:21Z,1099,7,6,8,0,0,1,1,1,1785485341
2026-07-31T08:15:21Z,1100,6,2,23,0,0,1,1,1,1785474727
2026-07-31T08:15:21Z,1101,10,5,11,0,0,1,1,1,1785485229
2026-07-31T08:15:21Z,1102,9,4,4,0,0,1,1,1,1785484531
2026-07-31T08:15:21Z,1103,10,5,11,0,0,1,1,1,1785474301
2026-07-31T08:15:21Z,1104,10,5,11,0,0,1,1,1,1785484982
2026-07-31T08:15:21Z,1105,7,3,6,0,0,1,1,1,1785484417
2026-07-31T08:15:21Z,1106,13,7,8,0,0,1,1,1,1785485321
2026-07-31T08:15:21Z,1107,9,5,6,0,0,1,1,1,1785485626
2026-07-31T08:15:21Z,1108,5,2,19,3,0,1,1,1,1785484271
2026-07-31T08:15:21Z,1109,6,1,9,0,0,1,1,1,1785485583
2026-07-31T08:15:21Z,1110,12,4,9,0,0,1,1,1,1785484853
2026-07-31T08:15:21Z,1111,3,2,18,0,0,1,1,1,1785475740
2026-07-31T08:15:21Z,1112,38,0,15,0,0,1,1,1,1785485351
2026-07-31T08:15:21Z,1113,1,0,20,0,0,1,1,1,1785484818
2026-07-31T08:15:21Z,1115,17,5,3,3,0,1,1,1,1785484288
2026-07-31T08:15:21Z,1116,5,1,14,0,0,1,1,1,1785485525
2026-07-31T08:15:21Z,1117,10,3,13,0,0,1,1,1,1785484081
2026-07-31T08:15:21Z,1118,16,1,3,2,0,1,1,1,1785485333
2026-07-31T08:15:21Z,1119,13,1,4,0,0,1,1,1,1785484727
2026-07-31T08:15:21Z,1120,13,0,6,0,0,1,1,1,1785485599
2026-07-31T08:15:21Z,1121,13,2,5,3,0,1,1,1,1785481599
2026-07-31T08:15:21Z,1122,19,10,0,2,0,1,1,1,1785484916
2026-07-31T08:15:21Z,1123,7,3,14,2,0,1,1,1,1785485162
2026-07-31T08:15:21Z,1124,10,0,0,5,0,1,1,1,1785485337
2026-07-31T08:15:21Z,1125,15,1,8,0,0,1,1,1,1785483981
2026-07-31T08:15:21Z,1126,4,0,16,1,0,1,1,1,1785484893
2026-07-31T08:15:21Z,1127,6,1,12,1,0,1,1,1,1785484029
2026-07-31T08:15:21Z,1128,14,2,0,1,0,1,1,1,1785485532
2026-07-31T08:15:21Z,1129,3,2,17,1,0,1,1,1,1785485254
2026-07-31T08:15:21Z,1130,6,0,9,0,0,1,1,1,1785485322
2026-07-31T08:15:21Z,1131,0,0,48,1,0,1,1,1,1785484424
2026-07-31T08:15:21Z,1132,13,6,7,1,0,1,1,1,1785485182
2026-07-31T08:15:21Z,1133,16,12,4,1,0,1,1,1,1785485442
2026-07-31T08:15:21Z,1134,11,7,8,0,0,1,1,1,1785484212
2026-07-31T08:15:21Z,1135,10,5,11,0,0,1,1,1,1785485122
2026-07-31T08:15:21Z,1136,8,0,15,0,0,1,1,1,1785485693
2026-07-31T08:15:21Z,1137,12,0,3,0,0,1,1,1,1785485450
2026-07-31T08:15:21Z,1138,15,2,4,0,0,1,1,1,1785485487
2026-07-31T08:15:21Z,1139,19,5,1,1,0,1,1,1,1785484190
2026-07-31T08:15:21Z,1140,22,3,0,1,0,1,1,1,1785485218
2026-07-31T08:15:21Z,1141,0,0,20,1,0,1,1,1,1785484924
2026-07-31T08:15:21Z,1142,2,0,19,0,0,1,1,1,1785484347
2026-07-31T08:15:21Z,1143,23,0,6,0,0,1,1,1,1785485060
2026-07-31T08:15:21Z,1144,7,1,13,1,0,1,1,1,1785483958
2026-07-31T08:15:21Z,1145,12,6,8,1,0,1,1,1,1785484082
2026-07-31T08:15:21Z,1146,12,2,3,4,0,1,1,1,1785485079
2026-07-31T08:15:21Z,1147,3,0,16,0,0,1,1,1,1785485452
2026-07-31T08:15:21Z,1148,26,6,5,0,0,1,1,1,1785485203
2026-07-31T08:15:21Z,1149,4,4,21,0,0,1,1,1,1785485165
2026-07-31T08:15:21Z,1150,18,1,1,0,0,1,1,1,1785485308
2026-07-31T08:15:21Z,1151,12,0,9,0,0,1,1,1,1785484355
2026-07-31T08:15:21Z,1152,16,0,13,0,0,1,1,1,1785485632
2026-07-31T08:15:21Z,1153,22,6,0,1,0,1,1,1,1785484239
2026-07-31T08:15:21Z,1154,13,1,6,0,0,1,1,1,1785484961
2026-07-31T08:15:21Z,1155,16,6,4,1,0,1,1,1,1785485512
2026-07-31T08:15:21Z,1158,3,0,15,1,0,1,1,1,1785485415
2026-07-31T08:15:21Z,1159,13,1,6,0,0,1,1,1,1785483954
2026-07-31T08:15:21Z,1160,9,1,9,1,0,1,1,1,1785484347
2026-07-31T08:15:21Z,1161,3,0,15,1,0,1,1,1,1785484088
2026-07-31T08:15:21Z,1162,2,1,17,0,0,1,1,1,1785484339
2026-07-31T08:15:21Z,1163,0,0,18,1,0,1,1,1,1785485531
2026-07-31T08:15:21Z,1164,6,1,13,0,0,1,1,1,1785485591
2026-07-31T08:15:21Z,1165,5,0,16,0,0,1,1,1,1785484505
2026-07-31T08:15:21Z,1166,12,3,8,1,0,1,1,1,1785484015
2026-07-31T08:15:21Z,1167,4,0,11,0,0,1,1,1,1785485305
2026-07-31T08:15:21Z,1168,2,1,20,1,0,1,1,1,1785483961
2026-07-31T08:15:21Z,1169,3,0,15,1,0,1,1,1,1785485438
2026-07-31T08:15:21Z,1170,6,0,14,1,0,1,1,1,1785483989
2026-07-31T08:15:21Z,1171,8,7,14,1,0,1,1,1,1785485472
2026-07-31T08:15:21Z,1172,7,2,6,2,0,1,1,1,1785485675
2026-07-31T08:15:21Z,1173,13,5,6,0,0,1,1,1,1785485685
2026-07-31T08:15:21Z,1174,7,3,8,0,0,1,1,1,1785485373
2026-07-31T08:15:21Z,1175,9,5,10,0,0,1,1,1,1785472270
2026-07-31T08:15:21Z,1176,19,1,2,0,0,1,1,1,1785484888
2026-07-31T08:15:21Z,1177,3,1,18,0,0,1,1,1,1785484806
2026-07-31T08:15:21Z,1178,2,1,13,0,0,1,1,1,1785485348
2026-07-31T08:15:21Z,1181,11,2,3,1,0,1,1,1,1785485465
2026-07-31T08:15:21Z,1182,0,0,20,0,0,1,1,1,1785484110
2026-07-31T08:15:21Z,1183,1,0,42,2,0,1,1,1,1785485334
2026-07-31T08:15:21Z,1184,10,6,10,1,0,1,1,1,1785485357
2026-07-31T08:15:21Z,1185,10,5,11,0,0,1,1,1,1785484932
2026-07-31T08:15:21Z,1186,9,5,10,0,0,1,1,1,1785484138
2026-07-31T08:15:21Z,1187,12,6,8,1,0,1,1,1,1785484511
2026-07-31T08:15:21Z,1188,9,3,6,0,0,1,1,1,1785485632
2026-07-31T08:15:21Z,1189,10,5,9,0,0,1,1,1,1785485711
2026-07-31T08:15:21Z,1190,10,5,11,0,0,1,1,1,1785485103
2026-07-31T08:15:21Z,1191,10,5,5,0,0,1,1,1,1785485639
2026-07-31T08:15:21Z,1192,11,7,10,0,0,1,1,1,1785485471
2026-07-31T08:15:21Z,1193,6,4,5,2,0,1,1,1,1785484615
2026-07-31T08:15:21Z,1197,9,6,7,1,0,1,1,1,1785484604
2026-07-31T08:15:21Z,1198,14,4,5,2,0,1,1,1,1785484180
2026-07-31T08:15:21Z,1199,2,0,17,0,0,1,1,1,1785484201
2026-07-31T08:15:21Z,1200,11,5,4,0,0,1,1,1,1785485676
2026-07-31T08:15:21Z,1201,11,5,4,0,0,1,1,1,1785485654
2026-07-31T08:15:21Z,1202,12,6,3,0,0,1,1,1,1785483937
2026-07-31T08:15:21Z,1203,9,6,6,0,0,1,1,1,1785485648
2026-07-31T08:15:21Z,1204,7,3,11,1,0,1,1,1,1785485388
2026-07-31T08:15:21Z,1206,11,5,10,0,0,1,1,1,1785484604
2026-07-31T08:15:21Z,1207,9,5,6,0,0,1,1,1,1785484152
2026-07-31T08:15:21Z,1208,7,2,11,1,0,1,1,1,1785484052
2026-07-31T08:15:21Z,1216,7,0,13,1,0,1,1,1,1785484835
2026-07-31T08:15:21Z,1218,4,0,17,0,0,1,1,1,1785485228
2026-07-31T08:15:21Z,1219,6,1,8,1,0,1,1,1,1785485105
2026-07-31T08:15:21Z,1220,14,7,4,1,0,1,1,1,1785484893
2026-07-31T08:15:21Z,1221,2,2,19,0,0,1,1,1,1785484540
2026-07-31T08:15:21Z,1222,28,1,1,0,0,1,1,1,1785485467
2026-07-31T08:15:21Z,1223,23,0,6,0,0,1,1,1,1785485431
2026-07-31T08:15:21Z,1226,0,0,3,0,0,0,1,1,1781868931
2026-07-31T08:15:21Z,1227,23,0,2,0,0,1,1,1,1785485355
2026-07-31T08:15:21Z,1228,18,0,10,1,0,1,1,1,1785484596
2026-07-31T08:15:21Z,1229,35,0,9,0,1,1,1,1,1785485660
2026-07-31T08:20:21Z,1,0,0,23,0,0,1,1,1,1785485488
2026-07-31T08:20:21Z,2,23,0,1,3,0,1,1,1,1785485732
2026-07-31T08:20:21Z,3,9,0,4,1,0,1,1,1,1785485488
2026-07-31T08:20:21Z,4,1,0,20,1,0,1,1,1,1785483715
2026-07-31T08:20:21Z,5,9,3,13,1,0,1,1,1,1785484887
2026-07-31T08:20:21Z,6,6,2,9,0,0,1,1,1,1785482360
2026-07-31T08:20:21Z,7,0,0,39,0,0,1,1,1,1785482386
2026-07-31T08:20:21Z,8,0,0,43,0,0,1,1,1,1785471816
2026-07-31T08:20:21Z,9,0,0,22,1,0,1,1,1,1785482483
2026-07-31T08:20:21Z,10,4,1,17,2,0,1,1,1,1785485789
2026-07-31T08:20:21Z,11,15,6,3,1,0,1,1,1,1785485828
2026-07-31T08:20:21Z,12,0,0,23,0,0,1,1,1,1785472090
2026-07-31T08:20:21Z,13,12,0,18,0,0,1,1,1,1785485789
2026-07-31T08:20:21Z,14,1,0,41,0,1,1,1,1,1785476888
2026-07-31T08:20:21Z,15,5,0,10,0,0,1,1,1,1785485188
2026-07-31T08:20:21Z,16,8,0,16,2,1,1,1,1,1785483665
2026-07-31T08:20:21Z,17,9,0,17,1,0,1,1,1,1785482140
2026-07-31T08:20:21Z,18,6,0,10,2,0,1,1,1,1785485544
2026-07-31T08:20:21Z,19,4,0,22,1,0,1,1,1,1785484572
2026-07-31T08:20:21Z,20,32,0,3,0,0,1,1,1,1785485188
2026-07-31T08:20:21Z,21,1,0,17,1,0,1,1,1,1785484888
2026-07-31T08:20:21Z,22,18,0,46,1,0,1,1,1,1785479462
2026-07-31T08:20:21Z,23,10,5,21,0,0,1,1,1,1785479447
2026-07-31T08:20:21Z,24,0,0,9,2,0,1,1,1,1785486012
2026-07-31T08:20:21Z,25,1,1,79,0,1,1,1,1,1785485806
2026-07-31T08:20:21Z,26,0,0,27,0,0,1,1,1,1785485188
2026-07-31T08:20:21Z,28,13,2,2,0,0,1,1,1,1785483580
2026-07-31T08:20:21Z,30,1,0,27,1,0,1,1,1,1785484151
2026-07-31T08:20:21Z,31,0,0,17,2,0,1,1,1,1785485924
2026-07-31T08:20:21Z,32,25,4,2,0,0,1,1,1,1785484184
2026-07-31T08:20:21Z,34,2,0,34,1,0,1,1,1,1785482614
2026-07-31T08:20:21Z,35,1,0,45,1,0,1,1,1,1785485188
2026-07-31T08:20:21Z,36,0,0,0,0,0,0,1,1,86400
2026-07-31T08:20:21Z,37,0,0,23,0,0,1,1,1,1785485488
2026-07-31T08:20:21Z,38,1,0,22,0,0,1,1,1,1785485488
2026-07-31T08:20:21Z,39,23,6,16,0,0,1,1,1,1785485028
2026-07-31T08:20:21Z,40,13,0,7,1,0,1,1,1,1785481720
2026-07-31T08:20:21Z,41,2,0,40,1,0,1,1,1,1785485586
2026-07-31T08:20:21Z,42,31,8,0,0,0,1,1,1,1785472558
2026-07-31T08:20:21Z,43,6,0,17,0,0,1,1,1,1785484173
2026-07-31T08:20:21Z,45,1,0,27,1,0,1,1,1,1785485789
2026-07-31T08:20:21Z,46,13,2,18,0,0,1,1,1,1785485708
2026-07-31T08:20:21Z,47,11,5,3,1,0,1,1,1,1785485188
2026-07-31T08:20:21Z,48,22,0,5,0,0,1,1,1,1785480764
2026-07-31T08:20:21Z,49,5,0,15,3,0,1,1,1,1785486007
2026-07-31T08:20:21Z,50,1,1,18,0,0,1,1,1,1785483259
2026-07-31T08:20:21Z,51,68,0,9,0,0,1,1,1,1785472672
2026-07-31T08:20:21Z,52,2,0,22,3,0,1,1,1,1785485980
2026-07-31T08:20:21Z,55,0,0,23,0,0,1,1,1,1785484888
2026-07-31T08:20:21Z,56,0,0,43,0,0,1,1,1,1785485334
2026-07-31T08:20:21Z,57,0,0,27,0,0,1,1,1,1785474689
2026-07-31T08:20:21Z,58,0,0,28,0,0,1,1,1,1785476976
2026-07-31T08:20:21Z,59,0,0,25,2,0,1,1,1,1785485813
2026-07-31T08:20:21Z,61,0,0,39,0,0,1,1,1,1785485488
2026-07-31T08:20:21Z,62,0,0,48,1,0,1,1,1,1785477029
2026-07-31T08:20:21Z,63,14,0,5,0,0,1,1,1,1785484382
2026-07-31T08:20:21Z,64,9,0,6,4,0,1,1,1,1785474000
2026-07-31T08:20:21Z,65,17,7,1,1,0,1,1,1,1785481624
2026-07-31T08:20:21Z,67,17,0,22,0,0,1,1,1,1785485188
2026-07-31T08:20:21Z,68,0,0,37,0,0,1,1,1,1785476731
2026-07-31T08:20:21Z,69,15,2,0,0,0,1,1,1,1785485188
2026-07-31T08:20:21Z,71,2,0,24,1,0,1,1,1,1785485909
2026-07-31T08:20:21Z,72,14,3,15,2,0,1,1,1,1785483159
2026-07-31T08:20:21Z,73,0,0,31,0,0,1,1,1,1785474921
2026-07-31T08:20:21Z,74,13,6,5,1,0,1,1,1,1785485908
2026-07-31T08:20:21Z,75,0,0,31,1,0,1,1,1,1785473256
2026-07-31T08:20:21Z,76,18,0,0,1,0,1,1,1,1785486016
2026-07-31T08:20:21Z,77,23,0,3,1,0,1,1,1,1785485728
2026-07-31T08:20:21Z,78,9,4,13,1,0,1,1,1,1785484937
2026-07-31T08:20:21Z,79,5,4,11,1,0,1,1,1,1785485457
2026-07-31T08:20:21Z,80,18,0,2,3,0,1,1,1,1785485723
2026-07-31T08:20:21Z,81,5,0,26,0,0,1,1,1,1785484411
2026-07-31T08:20:21Z,82,12,0,11,0,0,1,1,1,1785480296
2026-07-31T08:20:21Z,83,4,0,28,2,0,1,1,1,1785486016
2026-07-31T08:20:21Z,84,26,0,1,0,0,1,1,1,1785484029
2026-07-31T08:20:21Z,85,1,1,14,0,0,1,1,1,1785479219
2026-07-31T08:20:21Z,86,25,0,1,1,0,1,1,1,1785478454
2026-07-31T08:20:21Z,87,10,0,9,0,0,1,1,1,1785484866
2026-07-31T08:20:21Z,88,0,0,42,1,0,1,1,1,1785484888
2026-07-31T08:20:21Z,89,22,0,13,0,0,1,1,1,1785483872
2026-07-31T08:20:21Z,90,5,2,11,2,0,1,1,1,1785485227
2026-07-31T08:20:21Z,91,14,0,3,0,0,1,1,1,1785485188
2026-07-31T08:20:21Z,92,12,5,4,3,0,1,1,1,1785485749
2026-07-31T08:20:21Z,93,0,0,23,0,0,1,1,1,1785483766
2026-07-31T08:20:21Z,94,2,0,16,1,0,1,1,1,1785482735
2026-07-31T08:20:21Z,95,28,3,5,1,1,1,1,1,1785486010
2026-07-31T08:20:21Z,96,29,0,1,1,0,1,1,1,1785479647
2026-07-31T08:20:21Z,97,0,0,16,1,0,1,1,1,1785485855
2026-07-31T08:20:21Z,98,18,0,16,1,0,1,1,1,1785484887
2026-07-31T08:20:21Z,99,3,1,12,0,0,1,1,1,1785484444
2026-07-31T08:20:21Z,100,0,0,27,0,0,1,1,1,1785482057
2026-07-31T08:20:21Z,101,1,0,13,1,0,1,1,1,1785485789
2026-07-31T08:20:21Z,102,1,1,22,0,0,1,1,1,1785485791
2026-07-31T08:20:21Z,103,11,0,19,0,0,1,1,1,1785485235
2026-07-31T08:20:21Z,104,0,0,25,2,0,1,1,1,1785486011
2026-07-31T08:20:21Z,105,16,1,3,0,0,1,1,1,1785468216
2026-07-31T08:20:21Z,106,0,0,21,0,0,1,1,1,1785462637
2026-07-31T08:20:21Z,107,0,0,37,0,0,1,1,1,1785485489
2026-07-31T08:20:21Z,108,15,1,20,0,0,1,1,1,1785483101
2026-07-31T08:20:21Z,109,5,0,18,0,0,1,1,1,1785485526
2026-07-31T08:20:21Z,110,14,2,9,0,0,1,1,1,1785482478
2026-07-31T08:20:21Z,111,0,0,36,0,0,1,1,1,1785479678
2026-07-31T08:20:21Z,112,5,0,9,1,0,1,1,1,1785485492
2026-07-31T08:20:21Z,113,4,0,12,3,0,1,1,1,1785486013
2026-07-31T08:20:21Z,114,6,6,23,1,1,1,1,1,1785485768
2026-07-31T08:20:21Z,115,3,1,23,2,0,1,1,1,1785479033
2026-07-31T08:20:21Z,116,3,3,23,1,0,1,1,1,1785484951
2026-07-31T08:20:21Z,118,20,9,0,3,0,1,1,1,1785484887
2026-07-31T08:20:21Z,119,33,2,1,4,0,1,1,1,1785485529
2026-07-31T08:20:21Z,120,24,1,2,1,0,1,1,1,1785484445
2026-07-31T08:20:21Z,121,6,3,12,0,1,1,1,1,1785485802
2026-07-31T08:20:21Z,122,13,0,7,1,0,1,1,1,1785482278
2026-07-31T08:20:21Z,123,8,1,39,0,0,1,1,1,1785485188
2026-07-31T08:20:21Z,124,31,1,4,0,0,1,1,1,1785485489
2026-07-31T08:20:21Z,125,7,2,16,0,0,1,1,1,1785485034
2026-07-31T08:20:21Z,126,25,2,6,0,0,1,1,1,1785484483
2026-07-31T08:20:21Z,127,8,0,25,2,0,1,1,1,1785485870
2026-07-31T08:20:21Z,128,2,1,17,0,0,1,1,1,1785484800
2026-07-31T08:20:21Z,129,17,1,0,2,0,1,1,1,1785479759
2026-07-31T08:20:21Z,130,5,0,12,0,0,1,1,1,1785484887
2026-07-31T08:20:21Z,131,8,3,1,2,0,1,1,1,1785478472
2026-07-31T08:20:21Z,132,11,4,3,0,1,1,1,1,1785484887
2026-07-31T08:20:21Z,134,3,0,15,5,0,1,1,1,1785485898
2026-07-31T08:20:21Z,135,6,2,12,1,0,1,1,1,1785484507
2026-07-31T08:20:21Z,136,6,0,9,1,7,1,1,1,1785485915
2026-07-31T08:20:21Z,137,5,1,14,0,0,1,1,1,1785485488
2026-07-31T08:20:21Z,138,35,2,2,0,0,1,1,1,1785485887
2026-07-31T08:20:21Z,139,19,5,0,0,0,1,1,1,1785485188
2026-07-31T08:20:21Z,140,15,8,6,2,0,1,1,1,1785486012
2026-07-31T08:20:21Z,141,31,1,5,0,0,1,1,1,1785485909
2026-07-31T08:20:21Z,142,22,1,1,0,0,1,1,1,1785485789
2026-07-31T08:20:21Z,143,13,3,17,1,0,1,1,1,1785482659
2026-07-31T08:20:21Z,144,23,1,4,0,0,1,1,1,1785485581
2026-07-31T08:20:21Z,146,6,1,16,1,0,1,1,1,1785485789
2026-07-31T08:20:21Z,147,11,2,6,2,0,1,1,1,1785485886
2026-07-31T08:20:21Z,148,23,0,3,0,1,1,1,1,1785485873
2026-07-31T08:20:21Z,149,14,4,12,1,0,1,1,1,1785483148
2026-07-31T08:20:21Z,150,31,7,2,2,0,1,1,1,1785485752
2026-07-31T08:20:21Z,151,22,7,1,0,0,1,1,1,1785485600
2026-07-31T08:20:21Z,152,19,0,4,4,0,1,1,1,1785485756
2026-07-31T08:20:21Z,153,12,1,13,6,0,1,1,1,1785485776
2026-07-31T08:20:21Z,154,16,5,4,3,0,1,1,1,1785485744
2026-07-31T08:20:21Z,155,13,4,0,1,0,1,1,1,1785485876
2026-07-31T08:20:21Z,156,16,1,3,0,0,1,1,1,1785485944
2026-07-31T08:20:21Z,157,16,1,9,2,0,1,1,1,1785485893
2026-07-31T08:20:21Z,158,16,2,0,0,0,1,1,1,1785471342
2026-07-31T08:20:21Z,159,4,2,15,0,0,1,1,1,1785485547
2026-07-31T08:20:21Z,160,19,1,0,0,0,1,1,1,1785475906
2026-07-31T08:20:21Z,161,16,1,6,0,0,1,1,1,1785485632
2026-07-31T08:20:21Z,162,14,3,12,1,0,1,1,1,1785484887
2026-07-31T08:20:21Z,163,29,2,2,0,0,1,1,1,1785485591
2026-07-31T08:20:21Z,164,25,7,2,0,0,1,1,1,1785485482
2026-07-31T08:20:21Z,165,22,11,8,1,0,1,1,1,1785485957
2026-07-31T08:20:21Z,166,31,7,3,5,0,1,1,1,1785486007
2026-07-31T08:20:21Z,167,21,10,0,2,0,1,1,1,1785484888
2026-07-31T08:20:21Z,168,21,0,5,1,0,1,1,1,1785485859
2026-07-31T08:20:21Z,169,1,0,21,0,1,1,1,1,1785483931
2026-07-31T08:20:21Z,170,18,5,0,1,0,1,1,1,1785485188
2026-07-31T08:20:21Z,171,10,3,1,2,0,1,1,1,1785485745
2026-07-31T08:20:21Z,173,36,0,3,0,0,1,1,1,1785484082
2026-07-31T08:20:21Z,174,22,1,2,2,0,1,1,1,1785482500
2026-07-31T08:20:21Z,175,8,1,23,0,0,1,1,1,1785485891
2026-07-31T08:20:21Z,176,4,1,10,0,1,1,1,1,1785485670
2026-07-31T08:20:21Z,177,22,3,5,0,0,1,1,1,1785485124
2026-07-31T08:20:21Z,178,2,0,10,2,1,1,1,1,1785486016
2026-07-31T08:20:21Z,179,11,1,3,1,0,1,1,1,1785484092
2026-07-31T08:20:21Z,180,27,0,3,0,0,1,1,1,1785468302
2026-07-31T08:20:21Z,181,14,1,0,1,0,1,1,1,1785485328
2026-07-31T08:20:21Z,182,16,1,1,0,0,1,1,1,1785485489
2026-07-31T08:20:21Z,183,17,0,6,0,0,1,1,1,1785483484
2026-07-31T08:20:21Z,184,1,1,21,1,0,1,1,1,1785485380
2026-07-31T08:20:21Z,185,12,1,0,2,1,1,1,1,1785484888
2026-07-31T08:20:21Z,186,4,2,15,0,0,1,1,1,1785485747
2026-07-31T08:20:21Z,187,8,0,19,1,0,1,1,1,1785484757
2026-07-31T08:20:21Z,188,14,0,5,8,0,1,1,1,1785485704
2026-07-31T08:20:21Z,189,15,4,0,0,0,1,1,1,1785479966
2026-07-31T08:20:21Z,190,4,1,19,0,0,1,1,1,1785485216
2026-07-31T08:20:21Z,191,2,1,37,0,0,1,1,1,1785483208
2026-07-31T08:20:21Z,192,12,4,16,3,0,1,1,1,1785484956
2026-07-31T08:20:21Z,193,0,0,15,0,0,1,1,1,1785484480
2026-07-31T08:20:21Z,194,17,1,9,1,0,1,1,1,1785484068
2026-07-31T08:20:21Z,195,13,1,4,2,0,1,1,1,1785484402
2026-07-31T08:20:21Z,196,24,1,0,3,0,1,1,1,1785485983
2026-07-31T08:20:21Z,197,15,3,2,1,1,1,1,1,1785485789
2026-07-31T08:20:21Z,198,21,16,2,0,0,1,1,1,1785484887
2026-07-31T08:20:21Z,199,7,5,5,3,0,1,1,1,1785483728
2026-07-31T08:20:21Z,200,15,0,10,1,0,1,1,1,1785482100
2026-07-31T08:20:21Z,201,8,3,15,0,0,1,1,1,1785482886
2026-07-31T08:20:21Z,202,0,0,27,0,0,1,1,1,1785477488
2026-07-31T08:20:21Z,203,25,3,5,1,0,1,1,1,1785484441
2026-07-31T08:20:21Z,204,31,1,3,1,0,1,1,1,1785485488
2026-07-31T08:20:21Z,205,12,1,15,0,0,1,1,1,1785482737
2026-07-31T08:20:21Z,206,2,2,12,1,0,1,1,1,1785484927
2026-07-31T08:20:21Z,207,14,0,7,0,0,1,1,1,1785481979
2026-07-31T08:20:21Z,208,2,0,27,0,0,1,1,1,1785477246
2026-07-31T08:20:21Z,209,8,0,20,3,0,1,1,1,1785484824
2026-07-31T08:20:21Z,210,23,2,4,0,0,1,1,1,1785485488
2026-07-31T08:20:21Z,211,16,6,6,1,0,1,1,1,1785482104
2026-07-31T08:20:21Z,212,25,0,9,1,0,1,1,1,1785485971
2026-07-31T08:20:21Z,213,12,1,9,2,0,1,1,1,1785485704
2026-07-31T08:20:21Z,214,25,1,18,4,0,1,1,1,1785485790
2026-07-31T08:20:21Z,215,6,1,16,1,0,1,1,1,1785481068
2026-07-31T08:20:21Z,216,10,0,8,1,0,1,1,1,1785482156
2026-07-31T08:20:21Z,217,9,0,19,1,0,1,1,1,1785485819
2026-07-31T08:20:21Z,218,0,0,37,2,0,1,1,1,1785485978
2026-07-31T08:20:21Z,219,0,0,25,1,0,1,1,1,1785478263
2026-07-31T08:20:21Z,220,24,7,17,1,1,1,1,1,1785484887
2026-07-31T08:20:21Z,221,13,8,1,1,0,1,1,1,1785483976
2026-07-31T08:20:21Z,222,16,12,2,1,0,1,1,1,1785485037
2026-07-31T08:20:21Z,223,8,3,24,3,0,1,1,1,1785485842
2026-07-31T08:20:21Z,224,6,5,15,1,0,1,1,1,1785485711
2026-07-31T08:20:21Z,225,10,0,3,6,0,1,1,1,1785485789
2026-07-31T08:20:21Z,226,30,10,1,0,0,1,1,1,1785485802
2026-07-31T08:20:21Z,227,19,13,7,0,1,1,1,1,1785485181
2026-07-31T08:20:21Z,228,1,0,17,1,0,1,1,1,1785484888
2026-07-31T08:20:21Z,230,16,9,10,0,0,1,1,1,1785483055
2026-07-31T08:20:21Z,232,13,6,3,1,0,1,1,1,1785485600
2026-07-31T08:20:21Z,233,19,0,10,2,0,1,1,1,1785485548
2026-07-31T08:20:21Z,234,8,3,6,3,2,1,1,1,1785483414
2026-07-31T08:20:21Z,236,14,3,5,0,0,1,1,1,1785480280
2026-07-31T08:20:21Z,237,22,4,0,1,0,1,1,1,1785478521
2026-07-31T08:20:21Z,239,23,18,1,3,0,1,1,1,1785484709
2026-07-31T08:20:21Z,241,19,6,4,0,0,1,1,1,1785485005
2026-07-31T08:20:21Z,242,1,1,21,1,0,1,1,1,1785484715
2026-07-31T08:20:21Z,243,11,0,19,1,0,1,1,1,1785484434
2026-07-31T08:20:21Z,244,12,1,14,1,0,1,1,1,1785485897
2026-07-31T08:20:21Z,245,3,3,20,0,0,1,1,1,1785484146
2026-07-31T08:20:21Z,246,1,0,22,0,0,1,1,1,1785481575
2026-07-31T08:20:21Z,247,13,11,10,0,0,1,1,1,1785477646
2026-07-31T08:20:21Z,248,18,4,2,3,0,1,1,1,1785486013
2026-07-31T08:20:21Z,249,1,0,18,0,0,1,1,1,1785483971
2026-07-31T08:20:21Z,250,3,3,23,1,0,1,1,1,1785483886
2026-07-31T08:20:21Z,251,10,2,14,3,0,1,1,1,1785485974
2026-07-31T08:20:21Z,253,6,3,12,1,0,1,1,1,1785482813
2026-07-31T08:20:21Z,254,26,21,16,1,0,1,1,1,1785485789
2026-07-31T08:20:21Z,255,5,0,17,0,1,1,1,1,1785485983
2026-07-31T08:20:21Z,256,10,5,11,2,0,1,1,1,1785485834
2026-07-31T08:20:21Z,257,14,6,4,1,0,1,1,1,1785482023
2026-07-31T08:20:21Z,258,1,0,18,0,0,1,1,1,1785482036
2026-07-31T08:20:21Z,259,20,3,2,0,1,1,1,1,1785485601
2026-07-31T08:20:21Z,260,15,4,1,3,0,1,1,1,1785480838
2026-07-31T08:20:21Z,261,16,0,1,1,1,1,1,1,1785484888
2026-07-31T08:20:21Z,262,20,11,3,0,0,1,1,1,1785485066
2026-07-31T08:20:21Z,263,14,3,1,0,0,1,1,1,1785480222
2026-07-31T08:20:21Z,264,18,6,0,1,0,1,1,1,1785474915
2026-07-31T08:20:21Z,265,15,1,0,0,0,1,1,1,1785473819
2026-07-31T08:20:21Z,266,17,8,0,2,0,1,1,1,1785481181
2026-07-31T08:20:21Z,267,7,3,6,2,0,1,1,1,1785484888
2026-07-31T08:20:21Z,268,23,9,0,0,0,1,1,1,1785484887
2026-07-31T08:20:21Z,269,9,3,13,1,0,1,1,1,1785484888
2026-07-31T08:20:21Z,270,25,3,2,0,0,1,1,1,1785485188
2026-07-31T08:20:21Z,271,0,0,17,2,0,1,1,1,1785468500
2026-07-31T08:20:21Z,272,13,13,9,1,0,1,1,1,1785482344
2026-07-31T08:20:21Z,273,14,5,1,0,0,1,1,1,1785484888
2026-07-31T08:20:21Z,274,18,8,0,1,0,1,1,1,1785472651
2026-07-31T08:20:21Z,275,13,0,6,2,2,1,1,1,1785485700
2026-07-31T08:20:21Z,276,1,0,26,0,0,1,1,1,1785477868
2026-07-31T08:20:21Z,277,12,1,6,5,0,1,1,1,1785485546
2026-07-31T08:20:21Z,278,21,0,7,2,1,1,1,1,1785485697
2026-07-31T08:20:21Z,279,16,0,3,0,0,1,1,1,1785484888
2026-07-31T08:20:21Z,280,11,1,18,2,0,1,1,1,1785485974
2026-07-31T08:20:21Z,281,19,0,0,0,0,1,1,1,1785466757
2026-07-31T08:20:21Z,282,5,2,13,0,0,1,1,1,1785484887
2026-07-31T08:20:21Z,283,34,1,1,0,0,1,1,1,1785484709
2026-07-31T08:20:21Z,284,19,5,14,2,0,1,1,1,1785482962
2026-07-31T08:20:21Z,285,8,7,15,0,0,1,1,1,1785485188
2026-07-31T08:20:21Z,286,16,14,2,5,0,1,1,1,1785485766
2026-07-31T08:20:21Z,287,13,4,7,3,0,1,1,1,1785484887
2026-07-31T08:20:21Z,288,14,10,5,0,0,1,1,1,1785480320
2026-07-31T08:20:21Z,289,22,1,2,3,0,1,1,1,1785484050
2026-07-31T08:20:21Z,290,7,0,31,1,0,1,1,1,1785482049
2026-07-31T08:20:21Z,291,8,2,13,2,0,1,1,1,1785485548
2026-07-31T08:20:21Z,292,22,0,1,0,0,1,1,1,1785485789
2026-07-31T08:20:21Z,293,17,10,6,0,0,1,1,1,1785485752
2026-07-31T08:20:21Z,294,0,0,21,1,0,1,1,1,1785485828
2026-07-31T08:20:21Z,297,10,1,6,2,1,1,1,1,1785485188
2026-07-31T08:20:21Z,301,16,0,3,0,0,1,1,1,1785485125
2026-07-31T08:20:21Z,302,0,0,23,0,0,1,1,1,1785485769
2026-07-31T08:20:21Z,303,19,0,0,0,0,1,1,1,1785485188
2026-07-31T08:20:21Z,304,0,0,0,0,0,0,1,1,86400
2026-07-31T08:20:21Z,305,19,0,0,0,0,1,1,1,1785485188
2026-07-31T08:20:21Z,306,2,0,29,1,0,1,1,1,1785485188
2026-07-31T08:20:21Z,307,17,1,4,1,1,1,1,1,1785485784
2026-07-31T08:20:21Z,308,14,0,3,2,0,1,1,1,1785478365
2026-07-31T08:20:21Z,309,0,0,13,1,0,1,1,1,1785485188
2026-07-31T08:20:21Z,311,15,0,0,0,0,1,1,1,1785476190
2026-07-31T08:20:21Z,312,6,3,12,4,1,1,1,1,1785485793
2026-07-31T08:20:21Z,313,3,1,12,0,0,1,1,1,1785479124
2026-07-31T08:20:21Z,314,4,3,11,3,0,1,1,1,1785477432
2026-07-31T08:20:21Z,315,23,6,5,3,0,1,1,1,1785478922
2026-07-31T08:20:21Z,316,4,1,2,24,1,1,1,1,1785485950
2026-07-31T08:20:21Z,317,0,0,30,0,1,1,1,1,1785485950
2026-07-31T08:20:21Z,318,16,0,3,0,0,1,1,1,1785478379
2026-07-31T08:20:21Z,319,17,3,5,1,0,1,1,1,1785485533
2026-07-31T08:20:21Z,320,18,5,0,1,0,1,1,1,1785483872
2026-07-31T08:20:21Z,321,8,1,7,4,0,1,1,1,1785485895
2026-07-31T08:20:21Z,322,5,1,23,1,0,1,1,1,1785484798
2026-07-31T08:20:21Z,323,8,0,11,0,0,1,1,1,1785476374
2026-07-31T08:20:21Z,324,7,2,19,1,0,1,1,1,1785486015
2026-07-31T08:20:21Z,325,4,3,21,2,0,1,1,1,1785484701
2026-07-31T08:20:21Z,327,25,0,1,1,0,1,1,1,1785485570
2026-07-31T08:20:21Z,328,20,0,1,1,0,1,1,1,1785484794
2026-07-31T08:20:21Z,329,17,0,0,2,0,1,1,1,1785480406
2026-07-31T08:20:21Z,330,3,0,19,0,0,1,1,1,1785485188
2026-07-31T08:20:21Z,331,10,3,12,1,0,1,1,1,1785485556
2026-07-31T08:20:21Z,332,9,2,8,2,0,1,1,1,1785484656
2026-07-31T08:20:21Z,333,2,1,20,1,0,1,1,1,1785485924
2026-07-31T08:20:21Z,334,11,9,12,0,0,1,1,1,1785484661
2026-07-31T08:20:21Z,335,3,2,18,1,1,1,1,1,1785477902
2026-07-31T08:20:21Z,336,18,2,1,0,0,1,1,1,1785483787
2026-07-31T08:20:21Z,337,17,3,1,5,0,1,1,1,1785485964
2026-07-31T08:20:21Z,338,18,8,1,0,0,1,1,1,1785484469
2026-07-31T08:20:21Z,339,18,10,4,1,0,1,1,1,1785484330
2026-07-31T08:20:21Z,340,14,11,0,1,0,1,1,1,1785470343
2026-07-31T08:20:21Z,341,11,4,8,0,0,1,1,1,1785479749
2026-07-31T08:20:21Z,342,13,7,0,2,0,1,1,1,1785475446
2026-07-31T08:20:21Z,343,20,1,2,1,0,1,1,1,1785480772
2026-07-31T08:20:21Z,344,23,9,0,0,0,1,1,1,1785484887
2026-07-31T08:20:21Z,345,19,3,0,0,0,1,1,1,1785484144
2026-07-31T08:20:21Z,346,7,5,16,0,0,1,1,1,1785479213
2026-07-31T08:20:21Z,347,0,0,42,2,0,1,1,1,1785486015
2026-07-31T08:20:21Z,348,21,3,0,1,1,1,1,1,1785485904
2026-07-31T08:20:21Z,349,5,1,14,0,0,1,1,1,1785484069
2026-07-31T08:20:21Z,350,24,3,1,1,1,1,1,1,1785482374
2026-07-31T08:20:21Z,351,20,3,0,3,0,1,1,1,1785485893
2026-07-31T08:20:21Z,355,23,1,0,0,0,1,1,1,1785477413
2026-07-31T08:20:21Z,356,17,2,2,0,0,1,1,1,1785482282
2026-07-31T08:20:21Z,357,13,4,6,0,0,1,1,1,1785485188
2026-07-31T08:20:21Z,358,24,4,2,1,0,1,1,1,1785483982
2026-07-31T08:20:21Z,359,22,0,5,0,0,1,1,1,1785482858
2026-07-31T08:20:21Z,360,16,4,1,2,0,1,1,1,1785479093
2026-07-31T08:20:21Z,362,17,5,0,2,0,1,1,1,1785485646
2026-07-31T08:20:21Z,363,0,0,27,0,0,1,1,1,1785483419
2026-07-31T08:20:21Z,364,19,3,0,0,0,1,1,1,1785483692
2026-07-31T08:20:21Z,365,18,6,2,3,0,1,1,1,1785483765
2026-07-31T08:20:21Z,366,14,7,2,7,0,1,1,1,1785486009
2026-07-31T08:20:21Z,367,16,9,1,2,0,1,1,1,1785478153
2026-07-31T08:20:21Z,368,20,3,1,2,0,1,1,1,1785482737
2026-07-31T08:20:21Z,370,16,9,11,0,0,1,1,1,1785479785
2026-07-31T08:20:21Z,371,4,2,14,1,0,1,1,1,1785484735
2026-07-31T08:20:21Z,372,8,2,7,0,0,1,1,1,1785482153
2026-07-31T08:20:21Z,373,23,8,4,0,0,1,1,1,1785484894
2026-07-31T08:20:21Z,374,17,7,0,2,0,1,1,1,1785485940
2026-07-31T08:20:21Z,375,22,5,3,2,0,1,1,1,1785482460
2026-07-31T08:20:21Z,376,30,4,4,5,0,1,1,1,1785482242
2026-07-31T08:20:21Z,377,24,8,3,0,0,1,1,1,1785483409
2026-07-31T08:20:21Z,378,22,5,0,1,1,1,1,1,1785485855
2026-07-31T08:20:21Z,379,15,0,12,0,0,1,1,1,1785482863
2026-07-31T08:20:21Z,380,22,7,0,1,0,1,1,1,1785476861
2026-07-31T08:20:21Z,381,14,0,9,0,0,1,1,1,1785482950
2026-07-31T08:20:21Z,383,12,0,1,2,0,1,1,1,1785480220
2026-07-31T08:20:21Z,384,26,1,0,1,0,1,1,1,1785479554
2026-07-31T08:20:21Z,385,16,4,1,1,0,1,1,1,1785480137
2026-07-31T08:20:21Z,387,21,2,2,0,0,1,1,1,1785484597
2026-07-31T08:20:21Z,388,16,3,33,0,0,1,1,1,1785485188
2026-07-31T08:20:21Z,389,10,8,5,0,0,1,1,1,1785482275
2026-07-31T08:20:21Z,390,19,1,16,0,0,1,1,1,1785485014
2026-07-31T08:20:21Z,391,4,0,10,1,0,1,1,1,1785475375
2026-07-31T08:20:21Z,392,3,3,15,1,0,1,1,1,1785485804
2026-07-31T08:20:21Z,393,3,3,5,3,0,1,1,1,1785480120
2026-07-31T08:20:21Z,394,9,6,2,2,0,1,1,1,1785481308
2026-07-31T08:20:21Z,396,7,7,32,3,0,1,1,1,1785483097
2026-07-31T08:20:21Z,397,4,4,27,0,0,1,1,1,1785479502
2026-07-31T08:20:21Z,399,13,2,2,2,0,1,1,1,1785483706
2026-07-31T08:20:21Z,400,11,6,9,3,0,1,1,1,1785485630
2026-07-31T08:20:21Z,401,10,0,21,8,0,1,1,1,1785475540
2026-07-31T08:20:21Z,403,4,0,25,2,0,1,1,1,1785485922
2026-07-31T08:20:21Z,404,2,1,20,1,0,1,1,1,1785485373
2026-07-31T08:20:21Z,406,2,0,32,1,0,1,1,1,1785476032
2026-07-31T08:20:21Z,407,16,3,17,1,0,1,1,1,1785484887
2026-07-31T08:20:21Z,408,12,2,20,1,0,1,1,1,1785480622
2026-07-31T08:20:21Z,409,0,0,20,3,0,1,1,1,1785474552
2026-07-31T08:20:21Z,413,20,4,1,2,0,1,1,1,1785484683
2026-07-31T08:20:21Z,414,13,4,1,1,0,1,1,1,1785485488
2026-07-31T08:20:21Z,417,11,7,8,0,0,1,1,1,1785478784
2026-07-31T08:20:21Z,418,1,0,13,1,0,1,1,1,1785476979
2026-07-31T08:20:21Z,419,10,0,12,1,0,1,1,1,1785476705
2026-07-31T08:20:21Z,421,1,0,18,0,0,1,1,1,1785475529
2026-07-31T08:20:21Z,422,3,3,24,0,0,1,1,1,1785484728
2026-07-31T08:20:21Z,423,6,1,17,0,0,1,1,1,1785477801
2026-07-31T08:20:21Z,424,1,0,11,3,0,1,1,1,1785485769
2026-07-31T08:20:21Z,425,20,0,1,0,1,1,1,1,1785485489
2026-07-31T08:20:21Z,426,0,0,35,2,0,1,1,1,1785483994
2026-07-31T08:20:21Z,427,14,1,0,2,0,1,1,1,1785485892
2026-07-31T08:20:21Z,428,14,1,4,1,0,1,1,1,1785485758
2026-07-31T08:20:21Z,429,2,0,19,2,0,1,1,1,1785485311
2026-07-31T08:20:21Z,430,28,0,0,3,0,1,1,1,1785484440
2026-07-31T08:20:21Z,431,14,0,18,1,0,1,1,1,1785477264
2026-07-31T08:20:21Z,432,19,0,10,2,0,1,1,1,1785484695
2026-07-31T08:20:21Z,433,19,6,3,1,0,1,1,1,1785477238
2026-07-31T08:20:21Z,437,2,0,16,1,0,1,1,1,1785485032
2026-07-31T08:20:21Z,438,17,0,1,1,0,1,1,1,1785485777
2026-07-31T08:20:21Z,439,5,0,10,0,0,1,1,1,1785472574
2026-07-31T08:20:21Z,440,13,1,0,2,0,1,1,1,1785485156
2026-07-31T08:20:21Z,441,10,2,4,1,0,1,1,1,1785485488
2026-07-31T08:20:21Z,442,17,9,1,1,0,1,1,1,1785481675
2026-07-31T08:20:21Z,443,4,2,23,0,0,1,1,1,1785485488
2026-07-31T08:20:21Z,444,2,2,21,0,0,1,1,1,1785485488
2026-07-31T08:20:21Z,445,7,2,15,1,0,1,1,1,1785486003
2026-07-31T08:20:21Z,446,1,1,21,1,0,1,1,1,1785470328
2026-07-31T08:20:21Z,447,3,0,18,1,1,1,1,1,1785485488
2026-07-31T08:20:21Z,448,9,4,5,1,0,1,1,1,1785484738
2026-07-31T08:20:21Z,452,7,6,11,1,0,1,1,1,1785485488
2026-07-31T08:20:21Z,453,6,4,8,1,0,1,1,1,1785485789
2026-07-31T08:20:21Z,454,9,0,10,0,0,1,1,1,1785484271
2026-07-31T08:20:21Z,455,0,0,39,0,0,1,1,1,1785483866
2026-07-31T08:20:21Z,456,9,0,10,1,0,1,1,1,1785485936
2026-07-31T08:20:21Z,457,25,2,0,2,0,1,1,1,1785481257
2026-07-31T08:20:21Z,458,16,6,7,0,0,1,1,1,1785485789
2026-07-31T08:20:21Z,459,15,0,0,0,0,1,1,1,1785485789
2026-07-31T08:20:21Z,460,20,2,2,1,0,1,1,1,1785484847
2026-07-31T08:20:21Z,461,6,1,13,0,0,1,1,1,1785485789
2026-07-31T08:20:21Z,462,7,0,14,0,0,1,1,1,1785483226
2026-07-31T08:20:21Z,463,13,1,6,0,0,1,1,1,1785475514
2026-07-31T08:20:21Z,464,3,1,11,0,0,1,1,1,1785485789
2026-07-31T08:20:21Z,465,0,0,14,1,0,1,1,1,1785485789
2026-07-31T08:20:21Z,466,11,3,2,2,0,1,1,1,1785485789
2026-07-31T08:20:21Z,467,5,1,13,1,0,1,1,1,1785471818
2026-07-31T08:20:21Z,468,17,1,1,1,0,1,1,1,1785485789
2026-07-31T08:20:21Z,469,2,1,21,0,0,1,1,1,1785473803
2026-07-31T08:20:21Z,470,13,1,0,2,0,1,1,1,1785485789
2026-07-31T08:20:21Z,471,21,2,6,0,0,1,1,1,1785485170
2026-07-31T08:20:21Z,472,18,6,0,1,0,1,1,1,1785485789
2026-07-31T08:20:21Z,473,19,5,0,0,0,1,1,1,1785485789
2026-07-31T08:20:21Z,474,18,0,1,0,0,1,1,1,1785485789
2026-07-31T08:20:21Z,475,3,0,15,1,0,1,1,1,1785485789
2026-07-31T08:20:21Z,477,12,8,2,1,0,1,1,1,1785485789
2026-07-31T08:20:21Z,478,6,0,24,1,0,1,1,1,1785485789
2026-07-31T08:20:21Z,479,1,1,25,1,0,1,1,1,1785485263
2026-07-31T08:20:21Z,480,2,0,10,3,0,1,1,1,1785485789
2026-07-31T08:20:21Z,481,26,1,8,1,0,1,1,1,1785485820
2026-07-31T08:20:21Z,482,18,6,1,0,0,1,1,1,1785484337
2026-07-31T08:20:21Z,483,1,0,24,2,0,1,1,1,1785485789
2026-07-31T08:20:21Z,484,8,2,10,1,0,1,1,1,1785485959
2026-07-31T08:20:21Z,485,16,6,1,1,1,1,1,1,1785485946
2026-07-31T08:20:21Z,486,25,6,0,2,0,1,1,1,1785485789
2026-07-31T08:20:21Z,487,6,4,12,1,0,1,1,1,1785481399
2026-07-31T08:20:21Z,489,14,6,1,0,0,1,1,1,1785484134
2026-07-31T08:20:21Z,490,1,1,15,0,0,1,1,1,1785474401
2026-07-31T08:20:21Z,491,4,1,17,0,0,1,1,1,1785483175
2026-07-31T08:20:21Z,492,5,3,2,4,0,1,1,1,1785486013
2026-07-31T08:20:21Z,493,0,0,26,1,0,1,1,1,1785478572
2026-07-31T08:20:21Z,495,10,0,2,3,0,1,1,1,1785485719
2026-07-31T08:20:21Z,496,27,1,0,0,0,1,1,1,1785476805
2026-07-31T08:20:21Z,497,17,0,1,1,0,1,1,1,1785473754
2026-07-31T08:20:21Z,498,21,3,1,1,0,1,1,1,1785484089
2026-07-31T08:20:21Z,499,18,2,1,0,0,1,1,1,1785482441
2026-07-31T08:20:21Z,500,10,5,0,5,0,1,1,1,1785474639
2026-07-31T08:20:21Z,501,9,3,12,0,0,1,1,1,1785472226
2026-07-31T08:20:21Z,502,6,0,13,0,0,1,1,1,1785473972
2026-07-31T08:20:21Z,503,26,0,4,1,0,1,1,1,1785482589
2026-07-31T08:20:21Z,504,0,0,39,0,0,1,1,1,1785475893
2026-07-31T08:20:21Z,505,11,2,0,1,0,1,1,1,1785475102
2026-07-31T08:20:21Z,511,1,1,22,0,0,1,1,1,1785477213
2026-07-31T08:20:21Z,512,7,0,20,0,0,1,1,1,1785480589
2026-07-31T08:20:21Z,514,10,0,0,1,0,1,1,1,1785473367
2026-07-31T08:20:21Z,515,2,0,17,0,0,1,1,1,1785475097
2026-07-31T08:20:21Z,516,0,0,27,0,0,1,1,1,1785484039
2026-07-31T08:20:21Z,517,14,3,8,1,0,1,1,1,1785477619
2026-07-31T08:20:21Z,518,14,1,0,1,0,1,1,1,1785481277
2026-07-31T08:20:21Z,519,4,0,13,2,0,1,1,1,1785485607
2026-07-31T08:20:21Z,520,11,7,10,5,1,1,1,1,1785486014
2026-07-31T08:20:21Z,521,18,5,5,0,0,1,1,1,1785485835
2026-07-31T08:20:21Z,522,0,0,22,1,0,1,1,1,1785483971
2026-07-31T08:20:21Z,523,6,3,16,1,0,1,1,1,1785481269
2026-07-31T08:20:21Z,524,0,0,23,0,0,1,1,1,1785482014
2026-07-31T08:20:21Z,525,9,0,10,0,0,1,1,1,1785484441
2026-07-31T08:20:21Z,526,13,1,0,2,0,1,1,1,1785485601
2026-07-31T08:20:21Z,527,6,4,17,3,0,1,1,1,1785485834
2026-07-31T08:20:21Z,528,21,2,1,1,0,1,1,1,1785474198
2026-07-31T08:20:21Z,529,6,3,7,6,0,1,1,1,1785486011
2026-07-31T08:20:21Z,530,16,1,3,2,0,1,1,1,1785482854
2026-07-31T08:20:21Z,531,21,1,0,1,1,1,1,1,1785485732
2026-07-31T08:20:21Z,532,3,3,26,1,1,1,1,1,1785481447
2026-07-31T08:20:21Z,533,8,1,9,2,0,1,1,1,1785485516
2026-07-31T08:20:21Z,534,14,1,9,0,0,1,1,1,1785482633
2026-07-31T08:20:21Z,535,2,0,13,0,0,1,1,1,1785478138
2026-07-31T08:20:21Z,536,1,0,22,0,0,1,1,1,1785485983
2026-07-31T08:20:21Z,537,0,0,20,0,0,1,1,1,1785482824
2026-07-31T08:20:21Z,538,21,8,0,0,2,1,1,1,1785485895
2026-07-31T08:20:21Z,539,4,4,27,0,0,1,1,1,1785470894
2026-07-31T08:20:21Z,540,2,1,17,0,0,1,1,1,1785476481
2026-07-31T08:20:21Z,541,26,2,0,1,0,1,1,1,1785480778
2026-07-31T08:20:21Z,542,2,2,21,0,0,1,1,1,1785467748
2026-07-31T08:20:21Z,543,17,2,1,1,0,1,1,1,1785477292
2026-07-31T08:20:21Z,544,14,1,4,4,0,1,1,1,1785474116
2026-07-31T08:20:21Z,545,0,0,17,2,0,1,1,1,1785484892
2026-07-31T08:20:21Z,546,14,6,5,0,0,1,1,1,1785482694
2026-07-31T08:20:21Z,547,19,0,6,0,0,1,1,1,1785484975
2026-07-31T08:20:21Z,548,14,1,9,0,0,1,1,1,1785485366
2026-07-31T08:20:21Z,549,20,0,2,1,0,1,1,1,1785486009
2026-07-31T08:20:21Z,550,17,2,2,0,0,1,1,1,1785484216
2026-07-31T08:20:21Z,551,16,4,7,0,0,1,1,1,1785472754
2026-07-31T08:20:21Z,552,27,3,0,0,0,1,1,1,1785474710
2026-07-31T08:20:21Z,553,21,4,0,1,1,1,1,1,1785485817
2026-07-31T08:20:21Z,554,1,1,18,0,0,1,1,1,1785481543
2026-07-31T08:20:21Z,555,14,6,0,1,0,1,1,1,1785473227
2026-07-31T08:20:21Z,556,21,4,0,2,0,1,1,1,1785485951
2026-07-31T08:20:21Z,557,6,4,12,5,0,1,1,1,1785481664
2026-07-31T08:20:21Z,558,27,4,10,0,0,1,1,1,1785482878
2026-07-31T08:20:21Z,559,0,0,18,1,0,1,1,1,1785471117
2026-07-31T08:20:21Z,560,8,0,19,0,0,1,1,1,1785481488
2026-07-31T08:20:21Z,561,13,1,9,1,0,1,1,1,1785475550
2026-07-31T08:20:21Z,562,3,0,29,3,0,1,1,1,1785474061
2026-07-31T08:20:21Z,563,11,1,3,0,0,1,1,1,1785482241
2026-07-31T08:20:21Z,564,12,0,6,1,0,1,1,1,1785482523
2026-07-31T08:20:21Z,565,6,2,13,0,0,1,1,1,1785482411
2026-07-31T08:20:21Z,566,16,0,2,1,0,1,1,1,1785485743
2026-07-31T08:20:21Z,567,25,1,1,1,0,1,1,1,1785485492
2026-07-31T08:20:21Z,568,13,0,5,1,0,1,1,1,1785483409
2026-07-31T08:20:21Z,569,17,3,2,0,0,1,1,1,1785480726
2026-07-31T08:20:21Z,570,13,1,6,0,0,1,1,1,1785485723
2026-07-31T08:20:21Z,571,0,0,23,0,0,1,1,1,1785485442
2026-07-31T08:20:21Z,572,17,5,2,0,0,1,1,1,1785475634
2026-07-31T08:20:21Z,573,13,0,2,0,0,1,1,1,1785484177
2026-07-31T08:20:21Z,574,10,3,5,0,0,1,1,1,1785478785
2026-07-31T08:20:21Z,575,5,1,15,1,0,1,1,1,1785482094
2026-07-31T08:20:21Z,576,3,0,14,2,0,1,1,1,1785484547
2026-07-31T08:20:21Z,577,13,0,18,0,0,1,1,1,1785484139
2026-07-31T08:20:21Z,578,14,9,8,1,0,1,1,1,1785484622
2026-07-31T08:20:21Z,579,4,0,39,0,0,1,1,1,1785482722
2026-07-31T08:20:21Z,580,4,0,25,0,0,1,1,1,1785479325
2026-07-31T08:20:21Z,581,19,3,0,0,0,1,1,1,1785478520
2026-07-31T08:20:21Z,582,22,0,38,1,0,1,1,1,1785485776
2026-07-31T08:20:21Z,583,23,1,0,0,0,1,1,1,1785480947
2026-07-31T08:20:21Z,584,9,4,6,4,0,1,1,1,1785475747
2026-07-31T08:20:21Z,585,17,3,9,0,1,1,1,1,1785485916
2026-07-31T08:20:21Z,586,14,0,21,0,0,1,1,1,1785482020
2026-07-31T08:20:21Z,587,21,0,2,1,0,1,1,1,1785485505
2026-07-31T08:20:21Z,588,12,4,4,3,0,1,1,1,1785485990
2026-07-31T08:20:21Z,589,0,0,0,23,0,1,1,1,1785485901
2026-07-31T08:20:21Z,590,19,4,11,1,0,1,1,1,1785479272
2026-07-31T08:20:21Z,591,28,1,0,2,0,1,1,1,1785470989
2026-07-31T08:20:21Z,592,12,0,11,0,0,1,1,1,1785483987
2026-07-31T08:20:21Z,593,0,0,38,0,0,1,1,1,1785476655
2026-07-31T08:20:21Z,594,7,0,11,3,0,1,1,1,1785485737
2026-07-31T08:20:21Z,595,0,0,3,0,0,0,1,1,1784046673
2026-07-31T08:20:21Z,605,0,0,2,1,0,0,1,1,1783975843
2026-07-31T08:20:21Z,606,0,0,0,0,0,0,1,1,86400
2026-07-31T08:20:21Z,607,8,0,23,1,0,1,1,1,1785485923
2026-07-31T08:20:21Z,608,0,0,50,0,0,1,1,1,1785482473
2026-07-31T08:20:21Z,609,1,0,22,0,0,1,1,1,1785483893
2026-07-31T08:20:21Z,610,0,0,35,0,0,1,1,1,1785463583
2026-07-31T08:20:21Z,611,12,0,14,1,0,1,1,1,1785483600
2026-07-31T08:20:21Z,612,6,1,9,0,0,1,1,1,1785472015
2026-07-31T08:20:21Z,613,9,0,3,3,0,1,1,1,1785472894
2026-07-31T08:20:21Z,614,0,0,24,2,1,1,1,1,1785474126
2026-07-31T08:20:21Z,617,12,0,1,2,0,1,1,1,1785485630
2026-07-31T08:20:21Z,618,13,2,1,5,0,1,1,1,1785473502
2026-07-31T08:20:21Z,619,7,2,12,0,0,1,1,1,1785483534
2026-07-31T08:20:21Z,620,0,0,25,2,0,1,1,1,1785478133
2026-07-31T08:20:21Z,621,8,3,14,1,0,1,1,1,1785486009
2026-07-31T08:20:21Z,622,5,2,17,1,0,1,1,1,1785480182
2026-07-31T08:20:21Z,623,9,2,20,1,0,1,1,1,1785475996
2026-07-31T08:20:21Z,624,2,0,13,0,0,1,1,1,1785470898
2026-07-31T08:20:21Z,625,5,0,14,2,0,1,1,1,1785484305
2026-07-31T08:20:21Z,626,0,0,45,0,2,1,1,1,1785469585
2026-07-31T08:20:21Z,627,13,6,6,0,0,1,1,1,1785485482
2026-07-31T08:20:21Z,628,0,0,15,2,2,1,1,1,1785485912
2026-07-31T08:20:21Z,629,4,1,6,1,0,1,1,1,1785485975
2026-07-31T08:20:21Z,630,3,2,21,3,0,1,1,1,1785485787
2026-07-31T08:20:21Z,631,2,1,21,0,0,1,1,1,1785471593
2026-07-31T08:20:21Z,632,22,2,0,1,0,1,1,1,1785458363
2026-07-31T08:20:21Z,633,11,1,0,4,0,1,1,1,1785485741
2026-07-31T08:20:21Z,634,11,2,8,0,0,1,1,1,1785478804
2026-07-31T08:20:21Z,635,17,1,2,0,0,1,1,1,1785485606
2026-07-31T08:20:21Z,636,10,2,5,0,0,1,1,1,1785484858
2026-07-31T08:20:21Z,637,8,0,11,0,0,1,1,1,1785483457
2026-07-31T08:20:21Z,638,9,2,7,3,0,1,1,1,1785473314
2026-07-31T08:20:21Z,639,5,1,11,3,0,1,1,1,1785479066
2026-07-31T08:20:21Z,640,1,1,21,1,0,1,1,1,1785485788
2026-07-31T08:20:21Z,641,19,0,5,2,0,1,1,1,1785484887
2026-07-31T08:20:21Z,642,3,2,8,8,0,1,1,1,1785486015
2026-07-31T08:20:21Z,643,1,0,18,8,0,1,1,1,1785486016
2026-07-31T08:20:21Z,644,12,0,2,1,0,1,1,1,1785475510
2026-07-31T08:20:21Z,645,13,0,8,1,1,1,1,1,1785485314
2026-07-31T08:20:21Z,646,7,2,12,0,0,1,1,1,1785485981
2026-07-31T08:20:21Z,647,31,1,0,0,0,1,1,1,1785469507
2026-07-31T08:20:21Z,648,6,0,12,1,0,1,1,1,1785483627
2026-07-31T08:20:21Z,649,19,2,11,1,0,1,1,1,1785484522
2026-07-31T08:20:21Z,650,5,1,9,0,0,1,1,1,1785461548
2026-07-31T08:20:21Z,651,11,9,12,0,0,1,1,1,1785482207
2026-07-31T08:20:21Z,652,4,2,17,2,0,1,1,1,1785485776
2026-07-31T08:20:21Z,653,8,1,9,2,0,1,1,1,1785481487
2026-07-31T08:20:21Z,654,2,2,13,0,0,1,1,1,1785480995
2026-07-31T08:20:21Z,655,6,3,2,4,1,1,1,1,1785485980
2026-07-31T08:20:21Z,656,18,6,1,0,0,1,1,1,1785482316
2026-07-31T08:20:21Z,657,9,1,3,2,3,1,1,1,1785485705
2026-07-31T08:20:21Z,658,9,1,1,0,0,1,1,1,1785473427
2026-07-31T08:20:21Z,659,8,3,5,2,0,1,1,1,1785482005
2026-07-31T08:20:21Z,660,13,0,14,4,0,1,1,1,1785485810
2026-07-31T08:20:21Z,661,1,1,18,0,0,1,1,1,1785474064
2026-07-31T08:20:21Z,662,7,5,14,2,0,1,1,1,1785480458
2026-07-31T08:20:21Z,663,14,6,0,1,0,1,1,1,1785472341
2026-07-31T08:20:21Z,664,0,0,27,0,0,1,1,1,1785472715
2026-07-31T08:20:21Z,665,12,3,3,0,0,1,1,1,1785479255
2026-07-31T08:20:21Z,666,7,2,6,2,0,1,1,1,1785473808
2026-07-31T08:20:21Z,667,0,0,19,0,0,1,1,1,1785482992
2026-07-31T08:20:21Z,668,10,1,8,1,0,1,1,1,1785484022
2026-07-31T08:20:21Z,669,14,5,0,0,0,1,1,1,1785473569
2026-07-31T08:20:21Z,670,11,2,16,0,0,1,1,1,1785482280
2026-07-31T08:20:21Z,671,25,5,1,1,0,1,1,1,1785485842
2026-07-31T08:20:21Z,672,13,2,6,3,1,1,1,1,1785476904
2026-07-31T08:20:21Z,673,12,1,9,2,0,1,1,1,1785485861
2026-07-31T08:20:21Z,674,3,2,17,3,0,1,1,1,1785485826
2026-07-31T08:20:21Z,675,12,6,1,2,0,1,1,1,1785485904
2026-07-31T08:20:21Z,676,4,1,17,1,0,1,1,1,1785479831
2026-07-31T08:20:21Z,681,12,3,1,2,0,1,1,1,1785484717
2026-07-31T08:20:21Z,682,4,1,14,1,0,1,1,1,1785387864
2026-07-31T08:20:21Z,683,4,1,15,0,0,1,1,1,1785484694
2026-07-31T08:20:21Z,684,4,0,23,0,0,1,1,1,1785473502
2026-07-31T08:20:21Z,685,10,0,15,1,1,1,1,1,1785476486
2026-07-31T08:20:21Z,686,11,0,14,1,1,1,1,1,1785485889
2026-07-31T08:20:21Z,687,11,0,18,1,1,1,1,1,1785485776
2026-07-31T08:20:21Z,688,9,0,3,7,0,1,1,1,1785485840
2026-07-31T08:20:21Z,692,2,0,19,0,0,1,1,1,1785485789
2026-07-31T08:20:21Z,693,5,0,3,3,0,1,1,1,1785485368
2026-07-31T08:20:21Z,694,9,5,12,0,0,1,1,1,1785485108
2026-07-31T08:20:21Z,695,17,11,6,0,0,1,1,1,1785485239
2026-07-31T08:20:21Z,696,19,14,3,1,0,1,1,1,1785485157
2026-07-31T08:20:21Z,697,19,1,4,0,0,1,1,1,1785484766
2026-07-31T08:20:21Z,698,27,0,0,0,0,1,1,1,1785484293
2026-07-31T08:20:21Z,699,7,0,7,1,0,1,1,1,1785485658
2026-07-31T08:20:21Z,700,19,4,0,0,0,1,1,1,1785485780
2026-07-31T08:20:21Z,701,17,6,2,0,0,1,1,1,1785485212
2026-07-31T08:20:21Z,702,20,0,3,0,0,1,1,1,1785485794
2026-07-31T08:20:21Z,704,9,2,6,0,0,1,1,1,1785484619
2026-07-31T08:20:21Z,705,5,3,9,1,0,1,1,1,1785485898
2026-07-31T08:20:21Z,706,12,2,0,3,0,1,1,1,1785485178
2026-07-31T08:20:21Z,707,10,2,5,0,0,1,1,1,1785485827
2026-07-31T08:20:21Z,708,19,3,0,0,0,1,1,1,1785484209
2026-07-31T08:20:21Z,709,11,1,1,3,0,1,1,1,1785485839
2026-07-31T08:20:21Z,710,16,3,2,1,0,1,1,1,1785485255
2026-07-31T08:20:21Z,711,19,4,0,4,0,1,1,1,1785485317
2026-07-31T08:20:21Z,712,15,10,0,0,0,1,1,1,1785485197
2026-07-31T08:20:21Z,713,7,0,16,0,0,1,1,1,1785485808
2026-07-31T08:20:21Z,716,3,1,12,0,0,1,1,1,1785485542
2026-07-31T08:20:21Z,717,2,1,20,3,0,1,1,1,1785485611
2026-07-31T08:20:21Z,718,2,1,12,1,0,1,1,1,1785485374
2026-07-31T08:20:21Z,719,7,1,22,0,0,1,1,1,1785484770
2026-07-31T08:20:21Z,720,2,1,17,0,0,1,1,1,1785485834
2026-07-31T08:20:21Z,721,0,0,21,2,0,1,1,1,1785484809
2026-07-31T08:20:21Z,722,5,0,10,0,0,1,1,1,1785485587
2026-07-31T08:20:21Z,723,12,1,11,0,0,1,1,1,1785485611
2026-07-31T08:20:21Z,724,21,4,2,0,0,1,1,1,1785484957
2026-07-31T08:20:21Z,725,22,6,0,1,0,1,1,1,1785484523
2026-07-31T08:20:21Z,726,19,3,0,0,0,1,1,1,1785484735
2026-07-31T08:20:21Z,727,9,4,12,2,0,1,1,1,1785484755
2026-07-31T08:20:21Z,728,10,1,5,0,0,1,1,1,1785484325
2026-07-31T08:20:21Z,729,6,0,13,0,0,1,1,1,1785485195
2026-07-31T08:20:21Z,730,3,2,10,2,0,1,1,1,1785484916
2026-07-31T08:20:21Z,731,10,3,4,1,0,1,1,1,1785485843
2026-07-31T08:20:21Z,732,9,5,6,0,0,1,1,1,1785485068
2026-07-31T08:20:21Z,733,4,0,23,0,0,1,1,1,1785485849
2026-07-31T08:20:21Z,734,0,0,14,0,0,1,1,1,1785485036
2026-07-31T08:20:21Z,735,4,3,23,0,0,1,1,1,1785485714
2026-07-31T08:20:21Z,736,7,1,12,0,0,1,1,1,1785484457
2026-07-31T08:20:21Z,737,4,3,10,0,1,1,1,1,1785484437
2026-07-31T08:20:21Z,738,16,5,1,2,0,1,1,1,1785484396
2026-07-31T08:20:21Z,739,19,2,7,1,0,1,1,1,1785485867
2026-07-31T08:20:21Z,741,7,1,16,0,0,1,1,1,1785484347
2026-07-31T08:20:21Z,742,9,4,24,2,0,1,1,1,1785484850
2026-07-31T08:20:21Z,743,8,3,9,2,0,1,1,1,1785484214
2026-07-31T08:20:21Z,744,12,4,3,0,0,1,1,1,1785486010
2026-07-31T08:20:21Z,745,14,4,4,1,0,1,1,1,1785484729
2026-07-31T08:20:21Z,746,13,3,8,2,0,1,1,1,1785485518
2026-07-31T08:20:21Z,747,0,0,4,0,0,0,1,1,1783446606
2026-07-31T08:20:21Z,748,10,1,13,0,0,1,1,1,1785485509
2026-07-31T08:20:21Z,749,7,5,15,1,0,1,1,1,1785485425
2026-07-31T08:20:21Z,750,4,2,7,0,0,1,1,1,1785485791
2026-07-31T08:20:21Z,751,9,0,14,0,0,1,1,1,1785484950
2026-07-31T08:20:21Z,752,13,1,3,1,0,1,1,1,1785482301
2026-07-31T08:20:21Z,753,4,0,11,0,0,1,1,1,1785484867
2026-07-31T08:20:21Z,754,2,2,12,1,0,1,1,1,1785485286
2026-07-31T08:20:21Z,755,12,3,10,1,0,1,1,1,1785485399
2026-07-31T08:20:21Z,756,2,0,35,0,0,1,1,1,1785484655
2026-07-31T08:20:21Z,757,18,9,1,0,0,1,1,1,1785485509
2026-07-31T08:20:21Z,758,23,4,0,0,0,1,1,1,1785485536
2026-07-31T08:20:21Z,759,5,3,10,0,0,1,1,1,1785484848
2026-07-31T08:20:21Z,760,8,3,11,0,0,1,1,1,1785472022
2026-07-31T08:20:21Z,761,17,0,6,0,0,1,1,1,1785485962
2026-07-31T08:20:21Z,762,7,4,4,4,0,1,1,1,1785485787
2026-07-31T08:20:21Z,768,9,0,8,2,0,1,1,1,1785484958
2026-07-31T08:20:21Z,769,16,12,3,0,0,1,1,1,1785484577
2026-07-31T08:20:21Z,770,11,3,6,2,0,1,1,1,1785484513
2026-07-31T08:20:21Z,771,13,3,1,1,0,1,1,1,1785485760
2026-07-31T08:20:21Z,772,7,3,8,0,0,1,1,1,1785484577
2026-07-31T08:20:21Z,773,15,4,4,0,0,1,1,1,1785484395
2026-07-31T08:20:21Z,774,9,5,3,3,0,1,1,1,1785484353
2026-07-31T08:20:21Z,775,6,0,11,1,1,1,1,1,1785468483
2026-07-31T08:20:21Z,776,3,1,17,1,0,1,1,1,1785484727
2026-07-31T08:20:21Z,777,10,0,2,3,0,1,1,1,1785484465
2026-07-31T08:20:21Z,778,13,0,3,3,0,1,1,1,1785484484
2026-07-31T08:20:21Z,779,8,1,10,1,0,1,1,1,1785485259
2026-07-31T08:20:21Z,780,17,4,1,1,0,1,1,1,1785484936
2026-07-31T08:20:21Z,781,6,2,3,2,0,1,1,1,1785485276
2026-07-31T08:20:21Z,782,5,3,10,4,0,1,1,1,1785484232
2026-07-31T08:20:21Z,783,7,1,12,0,0,1,1,1,1785485326
2026-07-31T08:20:21Z,784,15,2,4,0,0,1,1,1,1785484934
2026-07-31T08:20:21Z,785,12,2,2,5,0,1,1,1,1785485493
2026-07-31T08:20:21Z,786,11,5,8,0,0,1,1,1,1785485136
2026-07-31T08:20:21Z,787,11,5,2,2,0,1,1,1,1785484783
2026-07-31T08:20:21Z,788,3,0,12,0,0,1,1,1,1785485816
2026-07-31T08:20:21Z,789,9,2,2,4,0,1,1,1,1785484238
2026-07-31T08:20:21Z,790,0,0,23,0,0,1,1,1,1785484624
2026-07-31T08:20:21Z,791,7,2,11,0,1,1,1,1,1785485965
2026-07-31T08:20:21Z,793,4,0,10,1,0,1,1,1,1785484383
2026-07-31T08:20:21Z,794,8,3,19,2,0,1,1,1,1785485458
2026-07-31T08:20:21Z,796,0,0,17,2,0,1,1,1,1785485982
2026-07-31T08:20:21Z,797,1,0,14,0,0,1,1,1,1785485585
2026-07-31T08:20:21Z,798,6,0,18,1,0,1,1,1,1785485807
2026-07-31T08:20:21Z,799,14,1,1,4,0,1,1,1,1785485951
2026-07-31T08:20:21Z,800,0,0,20,1,0,1,1,1,1785485574
2026-07-31T08:20:21Z,801,4,2,16,1,0,1,1,1,1785486004
2026-07-31T08:20:21Z,802,8,0,23,0,0,1,1,1,1785484278
2026-07-31T08:20:21Z,803,1,1,14,0,0,1,1,1,1785485785
2026-07-31T08:20:21Z,806,8,3,7,0,0,1,1,1,1785485981
2026-07-31T08:20:21Z,807,14,0,8,3,0,1,1,1,1785485307
2026-07-31T08:20:21Z,808,0,0,23,2,0,1,1,1,1785472976
2026-07-31T08:20:21Z,809,5,1,17,1,0,1,1,1,1785485949
2026-07-31T08:20:21Z,810,2,0,13,4,0,1,1,1,1785484607
2026-07-31T08:20:21Z,815,4,1,6,4,1,1,1,1,1785484250
2026-07-31T08:20:21Z,817,10,5,5,0,0,1,1,1,1785485297
2026-07-31T08:20:21Z,818,6,0,16,1,0,1,1,1,1785484693
2026-07-31T08:20:21Z,819,6,4,9,0,0,1,1,1,1785460987
2026-07-31T08:20:21Z,820,8,2,9,0,0,1,1,1,1785485222
2026-07-31T08:20:21Z,821,2,1,13,0,0,1,1,1,1785484340
2026-07-31T08:20:21Z,822,1,0,20,2,0,1,1,1,1785484644
2026-07-31T08:20:21Z,823,0,0,14,1,0,1,1,1,1785485616
2026-07-31T08:20:21Z,824,10,3,8,1,0,1,1,1,1785485082
2026-07-31T08:20:21Z,825,8,5,7,0,0,1,1,1,1785462716
2026-07-31T08:20:21Z,826,10,2,8,1,0,1,1,1,1785485083
2026-07-31T08:20:21Z,827,16,5,4,1,0,1,1,1,1785484574
2026-07-31T08:20:21Z,828,8,0,9,1,0,1,1,1,1785484456
2026-07-31T08:20:21Z,829,16,7,11,0,0,1,1,1,1785485314
2026-07-31T08:20:21Z,830,11,2,11,1,0,1,1,1,1785484563
2026-07-31T08:20:21Z,831,7,2,7,1,0,1,1,1,1785485592
2026-07-31T08:20:21Z,832,10,3,5,3,0,1,1,1,1785485668
2026-07-31T08:20:21Z,833,1,0,17,1,0,1,1,1,1785485425
2026-07-31T08:20:21Z,834,1,0,22,1,0,1,1,1,1785484923
2026-07-31T08:20:21Z,835,16,6,0,2,0,1,1,1,1785485153
2026-07-31T08:20:21Z,837,5,1,0,10,0,1,1,1,1785485650
2026-07-31T08:20:21Z,838,13,3,2,0,0,1,1,1,1785484511
2026-07-31T08:20:21Z,839,18,0,11,0,0,1,1,1,1785481858
2026-07-31T08:20:21Z,840,10,4,17,2,0,1,1,1,1785484955
2026-07-31T08:20:21Z,841,7,1,8,0,0,1,1,1,1785485590
2026-07-31T08:20:21Z,842,7,2,16,0,0,1,1,1,1785485370
2026-07-31T08:20:21Z,843,8,0,22,1,0,1,1,1,1785485593
2026-07-31T08:20:21Z,844,6,0,17,0,0,1,1,1,1785485563
2026-07-31T08:20:21Z,845,5,3,12,2,0,1,1,1,1785485756
2026-07-31T08:20:21Z,846,4,0,13,2,0,1,1,1,1785484892
2026-07-31T08:20:21Z,847,7,1,20,0,0,1,1,1,1785484661
2026-07-31T08:20:21Z,848,10,3,8,1,0,1,1,1,1785485156
2026-07-31T08:20:21Z,849,7,2,8,0,0,1,1,1,1785484742
2026-07-31T08:20:21Z,850,9,0,1,1,0,1,1,1,1785484982
2026-07-31T08:20:21Z,851,3,3,32,2,0,1,1,1,1785484801
2026-07-31T08:20:21Z,852,12,6,7,0,0,1,1,1,1785485475
2026-07-31T08:20:21Z,853,10,5,13,0,0,1,1,1,1785484524
2026-07-31T08:20:21Z,854,4,2,11,0,0,1,1,1,1785484606
2026-07-31T08:20:21Z,855,25,0,2,0,0,1,1,1,1785485421
2026-07-31T08:20:21Z,857,1,1,18,0,0,1,1,1,1785485672
2026-07-31T08:20:21Z,858,4,1,14,1,0,1,1,1,1785484308
2026-07-31T08:20:21Z,859,3,0,17,1,0,1,1,1,1785484537
2026-07-31T08:20:21Z,861,8,1,2,1,0,1,1,1,1785455675
2026-07-31T08:20:21Z,862,2,1,13,0,0,1,1,1,1785485617
2026-07-31T08:20:21Z,863,13,0,5,1,0,1,1,1,1785472897
2026-07-31T08:20:21Z,866,9,3,10,0,0,1,1,1,1785485909
2026-07-31T08:20:21Z,867,12,0,3,0,0,1,1,1,1785485232
2026-07-31T08:20:21Z,868,13,2,2,0,0,1,1,1,1785485435
2026-07-31T08:20:21Z,870,7,4,6,2,0,1,1,1,1785485651
2026-07-31T08:20:21Z,871,0,0,10,1,0,1,1,1,1785485038
2026-07-31T08:20:21Z,872,0,0,14,1,0,1,1,1,1785485570
2026-07-31T08:20:21Z,873,0,0,32,1,0,1,1,1,1785485532
2026-07-31T08:20:21Z,874,5,2,7,3,0,1,1,1,1785485733
2026-07-31T08:20:21Z,875,14,10,0,1,0,1,1,1,1785485707
2026-07-31T08:20:21Z,877,11,10,6,2,0,1,1,1,1785485170
2026-07-31T08:20:21Z,878,3,2,15,1,0,1,1,1,1785485750
2026-07-31T08:20:21Z,879,1,0,18,0,0,1,1,1,1785484794
2026-07-31T08:20:21Z,880,3,0,19,1,0,1,1,1,1785485709
2026-07-31T08:20:21Z,881,2,0,17,0,0,1,1,1,1785485603
2026-07-31T08:20:21Z,882,11,0,6,2,0,1,1,1,1785457778
2026-07-31T08:20:21Z,883,10,6,9,0,0,1,1,1,1785485878
2026-07-31T08:20:21Z,884,11,7,10,0,0,1,1,1,1785485157
2026-07-31T08:20:21Z,885,1,0,18,0,0,1,1,1,1785485455
2026-07-31T08:20:21Z,886,16,1,11,2,0,1,1,1,1785485791
2026-07-31T08:20:21Z,887,2,1,12,3,0,1,1,1,1785484364
2026-07-31T08:20:21Z,888,11,0,28,2,0,1,1,1,1785485868
2026-07-31T08:20:21Z,889,17,1,0,2,0,1,1,1,1785485765
2026-07-31T08:20:21Z,890,7,4,8,0,0,1,1,1,1785472287
2026-07-31T08:20:21Z,891,16,0,6,1,0,1,1,1,1785484942
2026-07-31T08:20:21Z,892,13,1,2,0,0,1,1,1,1785469848
2026-07-31T08:20:21Z,895,0,0,18,1,0,1,1,1,1785465808
2026-07-31T08:20:21Z,896,6,0,29,0,0,1,1,1,1785483234
2026-07-31T08:20:21Z,897,11,1,10,0,0,1,1,1,1785485639
2026-07-31T08:20:21Z,898,2,0,17,0,0,1,1,1,1785485374
2026-07-31T08:20:21Z,899,0,0,18,1,0,1,1,1,1785485022
2026-07-31T08:20:21Z,900,17,0,8,2,0,1,1,1,1785484772
2026-07-31T08:20:21Z,901,12,0,6,1,0,1,1,1,1785484671
2026-07-31T08:20:21Z,902,9,0,5,1,0,1,1,1,1785485317
2026-07-31T08:20:21Z,903,15,2,4,0,0,1,1,1,1785484741
2026-07-31T08:20:21Z,904,10,4,8,1,0,1,1,1,1785485762
2026-07-31T08:20:21Z,905,4,0,23,0,0,1,1,1,1785485855
2026-07-31T08:20:21Z,906,7,4,20,0,0,1,1,1,1785485718
2026-07-31T08:20:21Z,907,5,1,26,0,0,1,1,1,1785485942
2026-07-31T08:20:21Z,908,11,0,12,0,0,1,1,1,1785485744
2026-07-31T08:20:21Z,909,14,4,8,1,0,1,1,1,1785485459
2026-07-31T08:20:21Z,910,20,0,11,0,0,1,1,1,1785485655
2026-07-31T08:20:21Z,911,3,0,16,0,0,1,1,1,1785485307
2026-07-31T08:20:21Z,912,9,5,12,2,0,1,1,1,1785484878
2026-07-31T08:20:21Z,913,3,1,16,0,0,1,1,1,1785484472
2026-07-31T08:20:21Z,914,7,1,12,0,0,1,1,1,1785484295
2026-07-31T08:20:21Z,915,9,0,13,1,0,1,1,1,1785485859
2026-07-31T08:20:21Z,916,23,8,0,0,0,1,1,1,1785485900
2026-07-31T08:20:21Z,917,4,1,29,2,0,1,1,1,1785485538
2026-07-31T08:20:21Z,918,13,5,4,2,0,1,1,1,1785485675
2026-07-31T08:20:21Z,919,15,3,23,1,0,1,1,1,1785484718
2026-07-31T08:20:21Z,920,4,2,15,0,0,1,1,1,1785484291
2026-07-31T08:20:21Z,921,12,0,9,0,0,1,1,1,1785485437
2026-07-31T08:20:21Z,922,3,1,17,1,0,1,1,1,1785485423
2026-07-31T08:20:21Z,923,18,1,1,0,0,1,1,1,1785485313
2026-07-31T08:20:21Z,924,8,2,13,0,0,1,1,1,1785484635
2026-07-31T08:20:21Z,925,13,0,8,0,0,1,1,1,1785485911
2026-07-31T08:20:21Z,926,0,0,21,0,0,1,1,1,1785484241
2026-07-31T08:20:21Z,927,0,0,35,0,0,1,1,1,1785484623
2026-07-31T08:20:21Z,928,5,3,14,0,0,1,1,1,1785464301
2026-07-31T08:20:21Z,929,0,0,23,0,0,1,1,1,1785485066
2026-07-31T08:20:21Z,930,1,0,29,1,0,1,1,1,1785485656
2026-07-31T08:20:21Z,931,8,3,15,0,0,1,1,1,1785485981
2026-07-31T08:20:21Z,932,4,0,12,3,0,1,1,1,1785485826
2026-07-31T08:20:21Z,933,0,0,23,0,0,1,1,1,1785484218
2026-07-31T08:20:21Z,934,4,0,26,1,0,1,1,1,1785485954
2026-07-31T08:20:21Z,935,9,2,9,1,0,1,1,1,1785484808
2026-07-31T08:20:21Z,936,4,1,15,0,0,1,1,1,1785456801
2026-07-31T08:20:21Z,940,10,0,1,0,0,1,1,1,1785477927
2026-07-31T08:20:21Z,941,10,1,13,2,0,1,1,1,1785484360
2026-07-31T08:20:21Z,942,5,0,16,0,0,1,1,1,1785484734
2026-07-31T08:20:21Z,943,9,8,6,0,0,1,1,1,1785485687
2026-07-31T08:20:21Z,944,9,8,6,0,0,1,1,1,1785485500
2026-07-31T08:20:21Z,945,10,8,5,0,0,1,1,1,1785485011
2026-07-31T08:20:21Z,946,7,5,12,0,0,1,1,1,1785424152
2026-07-31T08:20:21Z,947,7,5,10,0,0,1,1,1,1785485514
2026-07-31T08:20:21Z,948,26,8,0,5,0,1,1,1,1785485767
2026-07-31T08:20:21Z,949,1,0,14,0,0,1,1,1,1785485616
2026-07-31T08:20:21Z,950,16,4,0,1,0,1,1,1,1785485878
2026-07-31T08:20:21Z,951,18,4,5,0,0,1,1,1,1785485716
2026-07-31T08:20:21Z,952,7,0,48,0,0,1,1,1,1785484987
2026-07-31T08:20:21Z,953,14,2,0,1,0,1,1,1,1785484783
2026-07-31T08:20:21Z,954,18,4,1,0,0,1,1,1,1785485620
2026-07-31T08:20:21Z,955,4,3,17,6,0,1,1,1,1785484577
2026-07-31T08:20:21Z,956,22,2,0,1,0,1,1,1,1785485551
2026-07-31T08:20:21Z,957,15,0,14,0,0,1,1,1,1785484893
2026-07-31T08:20:21Z,958,19,0,12,0,0,1,1,1,1785484400
2026-07-31T08:20:21Z,959,20,8,0,3,0,1,1,1,1785485395
2026-07-31T08:20:21Z,960,18,0,4,1,0,1,1,1,1785485878
2026-07-31T08:20:21Z,961,2,1,17,4,0,1,1,1,1785484412
2026-07-31T08:20:21Z,962,8,3,24,3,0,1,1,1,1785484650
2026-07-31T08:20:21Z,963,7,0,15,1,0,1,1,1,1785485594
2026-07-31T08:20:21Z,964,21,8,1,1,0,1,1,1,1785485223
2026-07-31T08:20:21Z,965,5,1,21,1,0,1,1,1,1785485746
2026-07-31T08:20:21Z,966,28,0,3,0,0,1,1,1,1785484403
2026-07-31T08:20:21Z,967,20,0,0,1,0,1,1,1,1785485336
2026-07-31T08:20:21Z,968,14,0,4,1,0,1,1,1,1785485501
2026-07-31T08:20:21Z,969,11,7,14,2,0,1,1,1,1785485609
2026-07-31T08:20:21Z,970,11,1,7,1,0,1,1,1,1785485834
2026-07-31T08:20:21Z,971,15,0,7,1,0,1,1,1,1785485801
2026-07-31T08:20:21Z,972,9,1,13,1,0,1,1,1,1785485467
2026-07-31T08:20:21Z,973,9,4,13,1,0,1,1,1,1785484976
2026-07-31T08:20:21Z,974,12,0,15,0,0,1,1,1,1785484363
2026-07-31T08:20:21Z,977,7,7,11,3,0,1,1,1,1785485740
2026-07-31T08:20:21Z,978,11,0,12,0,0,1,1,1,1785484785
2026-07-31T08:20:21Z,979,14,1,3,0,0,1,1,1,1785484345
2026-07-31T08:20:21Z,980,2,0,17,2,0,1,1,1,1785485070
2026-07-31T08:20:21Z,981,19,0,1,1,0,1,1,1,1785485235
2026-07-31T08:20:21Z,982,3,1,14,2,0,1,1,1,1785485541
2026-07-31T08:20:21Z,983,2,1,20,1,0,1,1,1,1785485952
2026-07-31T08:20:21Z,984,6,0,17,0,0,1,1,1,1785485115
2026-07-31T08:20:21Z,985,7,0,23,1,0,1,1,1,1785485591
2026-07-31T08:20:21Z,986,4,0,15,0,0,1,1,1,1785485539
2026-07-31T08:20:21Z,987,6,0,16,1,0,1,1,1,1785484255
2026-07-31T08:20:21Z,988,5,1,13,1,0,1,1,1,1785485688
2026-07-31T08:20:21Z,989,9,4,10,0,0,1,1,1,1785485819
2026-07-31T08:20:21Z,990,13,1,0,2,0,1,1,1,1785485746
2026-07-31T08:20:21Z,991,10,2,8,1,0,1,1,1,1785485400
2026-07-31T08:20:21Z,992,10,7,12,1,0,1,1,1,1785484455
2026-07-31T08:20:21Z,993,0,0,27,0,0,1,1,1,1785476008
2026-07-31T08:20:21Z,994,4,1,17,0,0,1,1,1,1785484666
2026-07-31T08:20:21Z,995,9,2,18,0,0,1,1,1,1785485705
2026-07-31T08:20:21Z,996,8,1,15,0,0,1,1,1,1785485510
2026-07-31T08:20:21Z,997,10,5,10,3,0,1,1,1,1785485968
2026-07-31T08:20:21Z,998,3,2,19,1,0,1,1,1,1785485825
2026-07-31T08:20:21Z,999,3,1,15,2,1,1,1,1,1785485614
2026-07-31T08:20:21Z,1000,3,1,18,0,0,1,1,1,1785484579
2026-07-31T08:20:21Z,1001,1,0,26,0,0,1,1,1,1785485844
2026-07-31T08:20:21Z,1002,0,0,27,4,0,1,1,1,1785485840
2026-07-31T08:20:21Z,1003,0,0,22,1,0,1,1,1,1785485473
2026-07-31T08:20:21Z,1004,8,1,15,0,0,1,1,1,1785484913
2026-07-31T08:20:21Z,1005,20,1,3,0,0,1,1,1,1785485662
2026-07-31T08:20:21Z,1006,7,4,11,1,0,1,1,1,1785485501
2026-07-31T08:20:21Z,1007,2,1,19,0,0,1,1,1,1785485131
2026-07-31T08:20:21Z,1008,6,5,15,2,0,1,1,1,1785484630
2026-07-31T08:20:21Z,1009,19,2,8,4,0,1,1,1,1785484503
2026-07-31T08:20:21Z,1010,7,2,20,0,0,1,1,1,1785485328
2026-07-31T08:20:21Z,1011,8,2,9,2,0,1,1,1,1785485874
2026-07-31T08:20:21Z,1012,4,3,18,1,0,1,1,1,1785485428
2026-07-31T08:20:21Z,1013,4,1,18,1,0,1,1,1,1785485842
2026-07-31T08:20:21Z,1014,7,2,13,3,0,1,1,1,1785485945
2026-07-31T08:20:21Z,1015,3,1,25,3,0,1,1,1,1785484392
2026-07-31T08:20:21Z,1016,10,5,21,0,0,1,1,1,1785485280
2026-07-31T08:20:21Z,1017,14,5,7,0,0,1,1,1,1785484833
2026-07-31T08:20:21Z,1018,7,2,15,0,0,1,1,1,1785485516
2026-07-31T08:20:21Z,1019,9,6,6,0,0,1,1,1,1785485449
2026-07-31T08:20:21Z,1020,18,3,3,0,0,1,1,1,1785484705
2026-07-31T08:20:21Z,1021,9,3,5,1,0,1,1,1,1785484438
2026-07-31T08:20:21Z,1022,14,0,13,0,0,1,1,1,1785485602
2026-07-31T08:20:21Z,1023,13,1,9,1,0,1,1,1,1785485249
2026-07-31T08:20:21Z,1024,5,2,13,1,0,1,1,1,1785484436
2026-07-31T08:20:21Z,1025,4,0,14,0,1,1,1,1,1785485569
2026-07-31T08:20:21Z,1026,7,5,19,5,0,1,1,1,1785484784
2026-07-31T08:20:21Z,1028,2,0,20,1,0,1,1,1,1785485606
2026-07-31T08:20:21Z,1029,10,9,4,1,0,1,1,1,1785484734
2026-07-31T08:20:21Z,1030,14,5,9,0,0,1,1,1,1785484469
2026-07-31T08:20:21Z,1031,8,0,11,0,0,1,1,1,1785484845
2026-07-31T08:20:21Z,1032,7,1,12,0,0,1,1,1,1785485504
2026-07-31T08:20:21Z,1033,9,5,9,1,0,1,1,1,1785484502
2026-07-31T08:20:21Z,1034,2,0,13,0,0,1,1,1,1785485527
2026-07-31T08:20:21Z,1035,1,0,16,2,0,1,1,1,1785485549
2026-07-31T08:20:21Z,1036,15,1,0,0,0,1,1,1,1785484292
2026-07-31T08:20:21Z,1037,4,0,14,1,0,1,1,1,1785485862
2026-07-31T08:20:21Z,1038,2,0,12,1,0,1,1,1,1785485225
2026-07-31T08:20:21Z,1039,7,2,12,0,0,1,1,1,1785485661
2026-07-31T08:20:21Z,1040,7,3,10,2,0,1,1,1,1785485543
2026-07-31T08:20:21Z,1041,11,3,8,0,0,1,1,1,1785485424
2026-07-31T08:20:21Z,1042,12,1,1,2,0,1,1,1,1785485540
2026-07-31T08:20:21Z,1043,9,0,7,3,0,1,1,1,1785485580
2026-07-31T08:20:21Z,1044,2,1,12,1,0,1,1,1,1785485280
2026-07-31T08:20:21Z,1045,10,0,9,0,0,1,1,1,1785485494
2026-07-31T08:20:21Z,1046,9,0,6,0,0,1,1,1,1785484905
2026-07-31T08:20:21Z,1047,4,0,17,0,0,1,1,1,1785484442
2026-07-31T08:20:21Z,1048,10,1,9,0,0,1,1,1,1785485471
2026-07-31T08:20:21Z,1049,6,0,15,0,0,1,1,1,1785485527
2026-07-31T08:20:21Z,1050,17,4,4,0,0,1,1,1,1785484812
2026-07-31T08:20:21Z,1051,8,3,13,0,0,1,1,1,1785484706
2026-07-31T08:20:21Z,1052,17,2,5,0,0,1,1,1,1785485330
2026-07-31T08:20:21Z,1053,2,1,13,0,0,1,1,1,1785485404
2026-07-31T08:20:21Z,1054,14,1,1,0,0,1,1,1,1785485665
2026-07-31T08:20:21Z,1055,7,1,12,0,0,1,1,1,1785485637
2026-07-31T08:20:21Z,1057,18,0,0,1,0,1,1,1,1785485332
2026-07-31T08:20:21Z,1058,1,0,55,0,0,1,1,1,1785485538
2026-07-31T08:20:21Z,1059,0,0,18,1,0,1,1,1,1785485535
2026-07-31T08:20:21Z,1060,30,0,7,0,0,1,1,1,1785484470
2026-07-31T08:20:21Z,1061,6,0,30,1,0,1,1,1,1785485608
2026-07-31T08:20:21Z,1062,1,0,16,0,0,1,1,1,1785484209
2026-07-31T08:20:21Z,1063,12,1,6,1,0,1,1,1,1785485550
2026-07-31T08:20:21Z,1064,3,0,19,1,0,1,1,1,1785485872
2026-07-31T08:20:21Z,1065,16,3,7,0,0,1,1,1,1785484299
2026-07-31T08:20:21Z,1066,10,2,13,0,0,1,1,1,1785485942
2026-07-31T08:20:21Z,1067,8,2,13,2,0,1,1,1,1785484391
2026-07-31T08:20:21Z,1068,8,2,13,2,0,1,1,1,1785485697
2026-07-31T08:20:21Z,1069,12,3,11,0,0,1,1,1,1785485749
2026-07-31T08:20:21Z,1070,12,2,11,0,0,1,1,1,1785485846
2026-07-31T08:20:21Z,1071,7,4,16,0,0,1,1,1,1785485884
2026-07-31T08:20:21Z,1072,11,1,11,1,0,1,1,1,1785484429
2026-07-31T08:20:21Z,1073,26,7,0,1,0,1,1,1,1785485175
2026-07-31T08:20:21Z,1074,0,0,52,1,0,1,1,1,1785485704
2026-07-31T08:20:21Z,1075,10,10,11,0,0,1,1,1,1785485254
2026-07-31T08:20:21Z,1076,14,11,7,0,0,1,1,1,1785484690
2026-07-31T08:20:21Z,1077,8,5,13,0,0,1,1,1,1785485466
2026-07-31T08:20:21Z,1078,11,10,10,0,0,1,1,1,1785484732
2026-07-31T08:20:21Z,1079,11,8,10,0,0,1,1,1,1785485363
2026-07-31T08:20:21Z,1080,10,8,10,1,0,1,1,1,1785485961
2026-07-31T08:20:21Z,1081,13,8,6,0,0,1,1,1,1785484546
2026-07-31T08:20:21Z,1082,7,7,1,0,0,1,1,1,1785485857
2026-07-31T08:20:21Z,1083,13,11,8,0,0,1,1,1,1785485624
2026-07-31T08:20:21Z,1084,9,8,12,0,0,1,1,1,1785485249
2026-07-31T08:20:21Z,1085,8,8,13,0,0,1,1,1,1785484882
2026-07-31T08:20:21Z,1086,0,0,20,1,0,1,1,1,1785485590
2026-07-31T08:20:21Z,1087,12,7,3,0,0,1,1,1,1785484797
2026-07-31T08:20:21Z,1088,10,7,5,0,0,1,1,1,1785485554
2026-07-31T08:20:21Z,1089,5,3,10,0,0,1,1,1,1785485914
2026-07-31T08:20:21Z,1090,11,10,4,0,0,1,1,1,1785484775
2026-07-31T08:20:21Z,1091,12,7,3,0,0,1,1,1,1785484538
2026-07-31T08:20:21Z,1092,9,9,5,1,0,1,1,1,1785485899
2026-07-31T08:20:21Z,1093,7,6,8,0,0,1,1,1,1785484449
2026-07-31T08:20:21Z,1094,10,8,8,1,0,1,1,1,1785485506
2026-07-31T08:20:21Z,1095,9,8,6,0,0,1,1,1,1785484395
2026-07-31T08:20:21Z,1096,3,1,15,1,0,1,1,1,1785485870
2026-07-31T08:20:21Z,1097,11,11,4,0,0,1,1,1,1785484270
2026-07-31T08:20:21Z,1098,9,7,10,0,0,1,1,1,1785484605
2026-07-31T08:20:21Z,1099,7,6,8,0,0,1,1,1,1785485341
2026-07-31T08:20:21Z,1100,6,2,23,0,0,1,1,1,1785474727
2026-07-31T08:20:21Z,1101,10,5,11,0,0,1,1,1,1785485229
2026-07-31T08:20:21Z,1102,9,4,4,0,0,1,1,1,1785484531
2026-07-31T08:20:21Z,1103,10,5,11,0,0,1,1,1,1785474301
2026-07-31T08:20:21Z,1104,10,5,11,0,0,1,1,1,1785484982
2026-07-31T08:20:21Z,1105,7,3,6,0,0,1,1,1,1785484417
2026-07-31T08:20:21Z,1106,13,7,8,0,0,1,1,1,1785485321
2026-07-31T08:20:21Z,1107,9,5,6,0,0,1,1,1,1785485626
2026-07-31T08:20:21Z,1108,5,2,19,3,0,1,1,1,1785484271
2026-07-31T08:20:21Z,1109,6,1,9,0,0,1,1,1,1785485583
2026-07-31T08:20:21Z,1110,12,4,9,0,0,1,1,1,1785484853
2026-07-31T08:20:21Z,1111,3,2,18,0,0,1,1,1,1785475740
2026-07-31T08:20:21Z,1112,38,0,15,0,0,1,1,1,1785485351
2026-07-31T08:20:21Z,1113,1,0,20,0,0,1,1,1,1785484818
2026-07-31T08:20:21Z,1115,17,5,3,3,0,1,1,1,1785486016
2026-07-31T08:20:21Z,1116,5,1,14,0,0,1,1,1,1785485525
2026-07-31T08:20:21Z,1117,10,3,13,0,0,1,1,1,1785485899
2026-07-31T08:20:21Z,1118,16,1,3,2,0,1,1,1,1785485333
2026-07-31T08:20:21Z,1119,12,1,4,1,0,1,1,1,1785486008
2026-07-31T08:20:21Z,1120,13,0,6,0,0,1,1,1,1785485599
2026-07-31T08:20:21Z,1121,13,2,5,3,0,1,1,1,1785481599
2026-07-31T08:20:21Z,1122,19,10,0,2,0,1,1,1,1785484916
2026-07-31T08:20:21Z,1123,7,3,14,2,0,1,1,1,1785485162
2026-07-31T08:20:21Z,1124,10,0,0,5,0,1,1,1,1785485337
2026-07-31T08:20:21Z,1125,15,1,8,0,0,1,1,1,1785485799
2026-07-31T08:20:21Z,1126,4,0,16,1,0,1,1,1,1785484893
2026-07-31T08:20:21Z,1127,6,1,12,1,0,1,1,1,1785485845
2026-07-31T08:20:21Z,1128,14,2,0,1,0,1,1,1,1785485532
2026-07-31T08:20:21Z,1129,3,2,17,1,0,1,1,1,1785485254
2026-07-31T08:20:21Z,1130,6,0,9,0,0,1,1,1,1785485322
2026-07-31T08:20:21Z,1131,0,0,48,1,0,1,1,1,1785484424
2026-07-31T08:20:21Z,1132,13,6,7,1,0,1,1,1,1785485182
2026-07-31T08:20:21Z,1133,16,12,4,1,0,1,1,1,1785485442
2026-07-31T08:20:21Z,1134,11,7,8,0,0,1,1,1,1785484212
2026-07-31T08:20:21Z,1135,10,5,11,0,0,1,1,1,1785485122
2026-07-31T08:20:21Z,1136,8,0,15,0,0,1,1,1,1785485693
2026-07-31T08:20:21Z,1137,12,0,3,0,0,1,1,1,1785485450
2026-07-31T08:20:21Z,1138,15,2,4,0,0,1,1,1,1785485487
2026-07-31T08:20:21Z,1139,19,5,1,1,0,1,1,1,1785486007
2026-07-31T08:20:21Z,1140,22,3,0,1,0,1,1,1,1785485218
2026-07-31T08:20:21Z,1141,0,0,20,1,0,1,1,1,1785484924
2026-07-31T08:20:21Z,1142,2,0,19,0,0,1,1,1,1785484347
2026-07-31T08:20:21Z,1143,23,0,6,0,0,1,1,1,1785485060
2026-07-31T08:20:21Z,1144,7,1,13,1,0,1,1,1,1785485771
2026-07-31T08:20:21Z,1145,12,6,8,1,0,1,1,1,1785485900
2026-07-31T08:20:21Z,1146,12,2,3,4,0,1,1,1,1785485079
2026-07-31T08:20:21Z,1147,3,0,16,0,0,1,1,1,1785485452
2026-07-31T08:20:21Z,1148,26,6,5,0,0,1,1,1,1785485203
2026-07-31T08:20:21Z,1149,4,4,21,0,0,1,1,1,1785485165
2026-07-31T08:20:21Z,1150,18,1,1,0,0,1,1,1,1785485308
2026-07-31T08:20:21Z,1151,12,0,9,0,0,1,1,1,1785484355
2026-07-31T08:20:21Z,1152,16,0,13,0,0,1,1,1,1785485979
2026-07-31T08:20:21Z,1153,22,6,0,1,0,1,1,1,1785484239
2026-07-31T08:20:21Z,1154,13,1,6,0,0,1,1,1,1785484961
2026-07-31T08:20:21Z,1155,16,6,4,1,0,1,1,1,1785485512
2026-07-31T08:20:21Z,1158,3,0,15,1,0,1,1,1,1785485415
2026-07-31T08:20:21Z,1159,13,1,6,0,0,1,1,1,1785485770
2026-07-31T08:20:21Z,1160,9,1,9,1,0,1,1,1,1785484347
2026-07-31T08:20:21Z,1161,3,0,15,1,0,1,1,1,1785485903
2026-07-31T08:20:21Z,1162,2,1,17,0,0,1,1,1,1785484339
2026-07-31T08:20:21Z,1163,0,0,18,1,0,1,1,1,1785485531
2026-07-31T08:20:21Z,1164,6,1,13,0,0,1,1,1,1785485591
2026-07-31T08:20:21Z,1165,5,0,16,0,0,1,1,1,1785484505
2026-07-31T08:20:21Z,1166,12,3,8,1,0,1,1,1,1785485832
2026-07-31T08:20:21Z,1167,4,0,11,0,0,1,1,1,1785485305
2026-07-31T08:20:21Z,1168,2,1,20,1,0,1,1,1,1785485778
2026-07-31T08:20:21Z,1169,3,0,15,1,0,1,1,1,1785485438
2026-07-31T08:20:21Z,1170,6,0,14,1,0,1,1,1,1785485805
2026-07-31T08:20:21Z,1171,8,7,14,1,0,1,1,1,1785485472
2026-07-31T08:20:21Z,1172,7,2,6,2,0,1,1,1,1785485675
2026-07-31T08:20:21Z,1173,13,5,6,0,0,1,1,1,1785485685
2026-07-31T08:20:21Z,1174,7,3,8,0,0,1,1,1,1785485373
2026-07-31T08:20:21Z,1175,9,5,10,0,0,1,1,1,1785472270
2026-07-31T08:20:21Z,1176,19,1,2,0,0,1,1,1,1785484888
2026-07-31T08:20:21Z,1177,3,1,18,0,0,1,1,1,1785484806
2026-07-31T08:20:21Z,1178,2,1,13,0,0,1,1,1,1785485348
2026-07-31T08:20:21Z,1181,11,2,3,1,0,1,1,1,1785485465
2026-07-31T08:20:21Z,1182,0,0,20,0,0,1,1,1,1785485925
2026-07-31T08:20:21Z,1183,1,0,42,2,0,1,1,1,1785485334
2026-07-31T08:20:21Z,1184,10,6,10,1,0,1,1,1,1785485357
2026-07-31T08:20:21Z,1185,10,5,11,0,0,1,1,1,1785484932
2026-07-31T08:20:21Z,1186,9,5,10,0,0,1,1,1,1785485954
2026-07-31T08:20:21Z,1187,12,6,8,1,0,1,1,1,1785484511
2026-07-31T08:20:21Z,1188,9,3,6,0,0,1,1,1,1785485632
2026-07-31T08:20:21Z,1189,10,5,9,0,0,1,1,1,1785485711
2026-07-31T08:20:21Z,1190,10,5,11,0,0,1,1,1,1785485103
2026-07-31T08:20:21Z,1191,10,5,5,0,0,1,1,1,1785485639
2026-07-31T08:20:21Z,1192,11,7,10,0,0,1,1,1,1785485471
2026-07-31T08:20:21Z,1193,6,4,5,2,0,1,1,1,1785484615
2026-07-31T08:20:21Z,1197,9,6,7,1,0,1,1,1,1785484604
2026-07-31T08:20:21Z,1198,14,4,5,2,0,1,1,1,1785485996
2026-07-31T08:20:21Z,1199,2,0,17,0,0,1,1,1,1785486016
2026-07-31T08:20:21Z,1200,11,5,4,0,0,1,1,1,1785485676
2026-07-31T08:20:21Z,1201,11,5,4,0,0,1,1,1,1785485654
2026-07-31T08:20:21Z,1202,12,6,3,0,0,1,1,1,1785485752
2026-07-31T08:20:21Z,1203,9,6,6,0,0,1,1,1,1785485648
2026-07-31T08:20:21Z,1204,7,3,11,1,0,1,1,1,1785485388
2026-07-31T08:20:21Z,1206,11,5,10,0,0,1,1,1,1785484604
2026-07-31T08:20:21Z,1207,9,5,6,0,0,1,1,1,1785485966
2026-07-31T08:20:21Z,1208,7,2,11,1,0,1,1,1,1785485868
2026-07-31T08:20:21Z,1216,7,0,13,1,0,1,1,1,1785484835
2026-07-31T08:20:21Z,1218,4,0,17,0,0,1,1,1,1785485228
2026-07-31T08:20:21Z,1219,6,1,8,1,0,1,1,1,1785485105
2026-07-31T08:20:21Z,1220,14,7,4,1,0,1,1,1,1785484893
2026-07-31T08:20:21Z,1221,2,2,19,0,0,1,1,1,1785484540
2026-07-31T08:20:21Z,1222,28,1,1,0,0,1,1,1,1785485467
2026-07-31T08:20:21Z,1223,23,0,6,0,0,1,1,1,1785485431
2026-07-31T08:20:21Z,1226,0,0,3,0,0,0,1,1,1781868931
2026-07-31T08:20:21Z,1227,23,0,2,0,0,1,1,1,1785485355
2026-07-31T08:20:21Z,1228,18,0,10,1,0,1,1,1,1785484596
2026-07-31T08:20:21Z,1229,35,0,10,0,0,1,1,1,1785485780
2026-07-31T08:25:21Z,1,0,0,23,0,0,1,1,1,1785485488
2026-07-31T08:25:21Z,2,23,0,1,3,0,1,1,1,1785485732
2026-07-31T08:25:21Z,3,9,0,4,1,0,1,1,1,1785485488
2026-07-31T08:25:21Z,4,1,0,20,1,0,1,1,1,1785483715
2026-07-31T08:25:21Z,5,9,3,13,1,0,1,1,1,1785484887
2026-07-31T08:25:21Z,6,6,2,9,0,0,1,1,1,1785482360
2026-07-31T08:25:21Z,7,0,0,39,0,0,1,1,1,1785482386
2026-07-31T08:25:21Z,8,0,0,43,0,0,1,1,1,1785471816
2026-07-31T08:25:21Z,9,0,0,22,1,0,1,1,1,1785482483
2026-07-31T08:25:21Z,10,4,1,17,2,0,1,1,1,1785485789
2026-07-31T08:25:21Z,11,15,6,3,1,0,1,1,1,1785485828
2026-07-31T08:25:21Z,12,0,0,23,0,0,1,1,1,1785472090
2026-07-31T08:25:21Z,13,12,0,18,0,0,1,1,1,1785485789
2026-07-31T08:25:21Z,14,1,0,41,0,1,1,1,1,1785476888
2026-07-31T08:25:21Z,15,5,0,10,0,0,1,1,1,1785485188
2026-07-31T08:25:21Z,16,8,0,16,2,1,1,1,1,1785483665
2026-07-31T08:25:21Z,17,9,0,17,1,0,1,1,1,1785486089
2026-07-31T08:25:21Z,18,6,0,10,2,0,1,1,1,1785485544
2026-07-31T08:25:21Z,19,4,0,22,1,0,1,1,1,1785484572
2026-07-31T08:25:21Z,20,32,0,3,0,0,1,1,1,1785485188
2026-07-31T08:25:21Z,21,1,0,17,1,0,1,1,1,1785484888
2026-07-31T08:25:21Z,22,18,0,46,1,0,1,1,1,1785479462
2026-07-31T08:25:21Z,23,10,5,21,0,0,1,1,1,1785479447
2026-07-31T08:25:21Z,24,0,0,9,2,0,1,1,1,1785486312
2026-07-31T08:25:21Z,25,1,1,79,0,1,1,1,1,1785486121
2026-07-31T08:25:21Z,26,0,0,27,0,0,1,1,1,1785485188
2026-07-31T08:25:21Z,28,14,2,1,0,0,1,1,1,1785486033
2026-07-31T08:25:21Z,30,1,0,27,1,0,1,1,1,1785486089
2026-07-31T08:25:21Z,31,0,0,17,2,0,1,1,1,1785486239
2026-07-31T08:25:21Z,32,25,4,2,0,0,1,1,1,1785484184
2026-07-31T08:25:21Z,34,2,0,34,1,0,1,1,1,1785482614
2026-07-31T08:25:21Z,35,2,1,44,1,0,1,1,1,1785486047
2026-07-31T08:25:21Z,36,0,0,0,0,0,0,1,1,86400
2026-07-31T08:25:21Z,37,0,0,23,0,0,1,1,1,1785485488
2026-07-31T08:25:21Z,38,1,0,22,0,0,1,1,1,1785485488
2026-07-31T08:25:21Z,39,23,6,16,0,0,1,1,1,1785485028
2026-07-31T08:25:21Z,40,13,0,7,1,0,1,1,1,1785481720
2026-07-31T08:25:21Z,41,2,0,40,1,0,1,1,1,1785485586
2026-07-31T08:25:21Z,42,31,8,0,0,0,1,1,1,1785472558
2026-07-31T08:25:21Z,43,6,0,17,0,0,1,1,1,1785485188
2026-07-31T08:25:21Z,45,1,0,27,1,0,1,1,1,1785485789
2026-07-31T08:25:21Z,46,13,2,18,0,0,1,1,1,1785485708
2026-07-31T08:25:21Z,47,11,5,3,1,0,1,1,1,1785485188
2026-07-31T08:25:21Z,48,22,0,5,0,0,1,1,1,1785480764
2026-07-31T08:25:21Z,49,5,0,15,3,0,1,1,1,1785486307
2026-07-31T08:25:21Z,50,1,1,18,0,0,1,1,1,1785483259
2026-07-31T08:25:21Z,51,68,0,9,0,0,1,1,1,1785472672
2026-07-31T08:25:21Z,52,2,0,22,3,0,1,1,1,1785486295
2026-07-31T08:25:21Z,55,0,0,23,0,0,1,1,1,1785484888
2026-07-31T08:25:21Z,56,0,0,43,0,0,1,1,1,1785485334
2026-07-31T08:25:21Z,57,0,0,27,0,0,1,1,1,1785474689
2026-07-31T08:25:21Z,58,0,0,28,0,0,1,1,1,1785476976
2026-07-31T08:25:21Z,59,0,0,25,2,0,1,1,1,1785486128
2026-07-31T08:25:21Z,61,0,0,39,0,0,1,1,1,1785485488
2026-07-31T08:25:21Z,62,0,0,48,1,0,1,1,1,1785477029
2026-07-31T08:25:21Z,63,14,0,5,0,0,1,1,1,1785486089
2026-07-31T08:25:21Z,64,9,0,6,4,0,1,1,1,1785474000
2026-07-31T08:25:21Z,65,17,7,1,1,0,1,1,1,1785481624
2026-07-31T08:25:21Z,67,17,0,22,0,0,1,1,1,1785485188
2026-07-31T08:25:21Z,68,0,0,37,0,0,1,1,1,1785476731
2026-07-31T08:25:21Z,69,15,2,0,0,0,1,1,1,1785485188
2026-07-31T08:25:21Z,71,2,0,24,1,0,1,1,1,1785485909
2026-07-31T08:25:21Z,72,14,3,15,2,0,1,1,1,1785483159
2026-07-31T08:25:21Z,73,0,0,31,0,0,1,1,1,1785474921
2026-07-31T08:25:21Z,74,13,6,5,1,0,1,1,1,1785485908
2026-07-31T08:25:21Z,75,0,0,31,1,0,1,1,1,1785473256
2026-07-31T08:25:21Z,76,18,0,0,1,0,1,1,1,1785486316
2026-07-31T08:25:21Z,77,23,0,3,1,0,1,1,1,1785485728
2026-07-31T08:25:21Z,78,9,4,13,1,0,1,1,1,1785484937
2026-07-31T08:25:21Z,79,5,4,11,1,0,1,1,1,1785485457
2026-07-31T08:25:21Z,80,18,0,2,3,0,1,1,1,1785486039
2026-07-31T08:25:21Z,81,5,0,26,0,0,1,1,1,1785484411
2026-07-31T08:25:21Z,82,12,0,11,0,0,1,1,1,1785480296
2026-07-31T08:25:21Z,83,4,0,28,2,0,1,1,1,1785486164
2026-07-31T08:25:21Z,84,26,0,1,0,0,1,1,1,1785484029
2026-07-31T08:25:21Z,85,1,1,14,0,0,1,1,1,1785479219
2026-07-31T08:25:21Z,86,25,0,1,1,0,1,1,1,1785478454
2026-07-31T08:25:21Z,87,10,0,9,0,0,1,1,1,1785484866
2026-07-31T08:25:21Z,88,0,0,42,1,0,1,1,1,1785484888
2026-07-31T08:25:21Z,89,22,0,13,0,0,1,1,1,1785483872
2026-07-31T08:25:21Z,90,5,2,11,2,0,1,1,1,1785485227
2026-07-31T08:25:21Z,91,14,0,3,0,0,1,1,1,1785485188
2026-07-31T08:25:21Z,92,12,5,4,3,0,1,1,1,1785486065
2026-07-31T08:25:21Z,93,0,0,23,0,0,1,1,1,1785483766
2026-07-31T08:25:21Z,94,2,0,16,1,0,1,1,1,1785482735
2026-07-31T08:25:21Z,95,28,3,5,1,1,1,1,1,1785486311
2026-07-31T08:25:21Z,96,29,0,1,1,0,1,1,1,1785479647
2026-07-31T08:25:21Z,97,0,0,16,1,0,1,1,1,1785486170
2026-07-31T08:25:21Z,98,19,0,15,1,0,1,1,1,1785486089
2026-07-31T08:25:21Z,99,3,1,12,0,0,1,1,1,1785484444
2026-07-31T08:25:21Z,100,0,0,27,0,0,1,1,1,1785482057
2026-07-31T08:25:21Z,101,1,0,13,1,0,1,1,1,1785485789
2026-07-31T08:25:21Z,102,1,1,22,0,0,1,1,1,1785485791
2026-07-31T08:25:21Z,103,11,0,19,0,0,1,1,1,1785485235
2026-07-31T08:25:21Z,104,0,0,25,2,0,1,1,1,1785486309
2026-07-31T08:25:21Z,105,16,1,3,0,0,1,1,1,1785468216
2026-07-31T08:25:21Z,106,0,0,21,0,0,1,1,1,1785462637
2026-07-31T08:25:21Z,107,0,0,37,0,0,1,1,1,1785485489
2026-07-31T08:25:21Z,108,15,1,20,0,0,1,1,1,1785483101
2026-07-31T08:25:21Z,109,7,0,16,0,0,1,1,1,1785486156
2026-07-31T08:25:21Z,110,14,2,9,0,0,1,1,1,1785482478
2026-07-31T08:25:21Z,111,0,0,36,0,0,1,1,1,1785479678
2026-07-31T08:25:21Z,112,5,0,9,1,0,1,1,1,1785485492
2026-07-31T08:25:21Z,113,4,0,12,3,0,1,1,1,1785486254
2026-07-31T08:25:21Z,114,6,6,23,1,1,1,1,1,1785486084
2026-07-31T08:25:21Z,115,3,1,23,2,0,1,1,1,1785479033
2026-07-31T08:25:21Z,116,3,3,23,1,0,1,1,1,1785484951
2026-07-31T08:25:21Z,118,20,9,0,3,0,1,1,1,1785484887
2026-07-31T08:25:21Z,119,33,2,1,4,0,1,1,1,1785485529
2026-07-31T08:25:21Z,120,24,1,2,1,0,1,1,1,1785484445
2026-07-31T08:25:21Z,121,5,2,13,0,1,1,1,1,1785486246
2026-07-31T08:25:21Z,122,13,0,7,1,0,1,1,1,1785482278
2026-07-31T08:25:21Z,123,8,1,39,0,0,1,1,1,1785485188
2026-07-31T08:25:21Z,124,31,1,4,0,0,1,1,1,1785485489
2026-07-31T08:25:21Z,125,7,2,16,0,0,1,1,1,1785485034
2026-07-31T08:25:21Z,126,25,2,6,0,0,1,1,1,1785484483
2026-07-31T08:25:21Z,127,8,0,25,2,0,1,1,1,1785486185
2026-07-31T08:25:21Z,128,2,1,17,0,0,1,1,1,1785484800
2026-07-31T08:25:21Z,129,17,1,0,2,0,1,1,1,1785486089
2026-07-31T08:25:21Z,130,5,0,12,0,0,1,1,1,1785484887
2026-07-31T08:25:21Z,131,7,2,2,2,0,1,1,1,1785486164
2026-07-31T08:25:21Z,132,11,4,3,0,1,1,1,1,1785484887
2026-07-31T08:25:21Z,134,3,0,15,5,0,1,1,1,1785486213
2026-07-31T08:25:21Z,135,6,2,12,1,0,1,1,1,1785484507
2026-07-31T08:25:21Z,136,6,0,9,1,7,1,1,1,1785486233
2026-07-31T08:25:21Z,137,6,1,13,0,0,1,1,1,1785486296
2026-07-31T08:25:21Z,138,35,2,2,0,0,1,1,1,1785486193
2026-07-31T08:25:21Z,139,19,5,0,0,0,1,1,1,1785485188
2026-07-31T08:25:21Z,140,15,8,6,2,0,1,1,1,1785486317
2026-07-31T08:25:21Z,141,31,1,5,0,0,1,1,1,1785485909
2026-07-31T08:25:21Z,142,22,1,1,0,0,1,1,1,1785485789
2026-07-31T08:25:21Z,143,13,3,17,1,0,1,1,1,1785482659
2026-07-31T08:25:21Z,144,23,1,4,0,0,1,1,1,1785485581
2026-07-31T08:25:21Z,146,6,1,16,1,0,1,1,1,1785485789
2026-07-31T08:25:21Z,147,11,2,6,2,0,1,1,1,1785486192
2026-07-31T08:25:21Z,148,23,0,3,0,1,1,1,1,1785486138
2026-07-31T08:25:21Z,149,14,4,12,1,0,1,1,1,1785483148
2026-07-31T08:25:21Z,150,31,7,2,2,0,1,1,1,1785486067
2026-07-31T08:25:21Z,151,22,7,1,0,0,1,1,1,1785485600
2026-07-31T08:25:21Z,152,19,0,4,4,0,1,1,1,1785486071
2026-07-31T08:25:21Z,153,12,1,13,6,0,1,1,1,1785486093
2026-07-31T08:25:21Z,154,16,5,4,3,0,1,1,1,1785486059
2026-07-31T08:25:21Z,155,13,4,0,1,0,1,1,1,1785486191
2026-07-31T08:25:21Z,156,16,1,3,0,0,1,1,1,1785485944
2026-07-31T08:25:21Z,157,16,1,9,2,0,1,1,1,1785486208
2026-07-31T08:25:21Z,158,16,2,0,0,0,1,1,1,1785471342
2026-07-31T08:25:21Z,159,4,2,15,0,0,1,1,1,1785485547
2026-07-31T08:25:21Z,160,19,1,0,0,0,1,1,1,1785475906
2026-07-31T08:25:21Z,161,16,1,6,0,0,1,1,1,1785485632
2026-07-31T08:25:21Z,162,14,3,12,1,0,1,1,1,1785484887
2026-07-31T08:25:21Z,163,29,2,2,0,0,1,1,1,1785485591
2026-07-31T08:25:21Z,164,25,7,2,0,0,1,1,1,1785485482
2026-07-31T08:25:21Z,165,22,11,8,1,0,1,1,1,1785485957
2026-07-31T08:25:21Z,166,31,7,3,5,0,1,1,1,1785486316
2026-07-31T08:25:21Z,167,21,10,0,2,0,1,1,1,1785484888
2026-07-31T08:25:21Z,168,21,0,5,1,0,1,1,1,1785486174
2026-07-31T08:25:21Z,169,1,0,21,0,1,1,1,1,1785483931
2026-07-31T08:25:21Z,170,18,5,0,1,0,1,1,1,1785485188
2026-07-31T08:25:21Z,171,10,3,1,2,0,1,1,1,1785486060
2026-07-31T08:25:21Z,173,36,0,3,0,0,1,1,1,1785484082
2026-07-31T08:25:21Z,174,22,1,2,2,0,1,1,1,1785482500
2026-07-31T08:25:21Z,175,8,1,23,0,0,1,1,1,1785485891
2026-07-31T08:25:21Z,176,4,1,10,0,1,1,1,1,1785485670
2026-07-31T08:25:21Z,177,21,2,6,0,0,1,1,1,1785486121
2026-07-31T08:25:21Z,178,2,0,10,2,1,1,1,1,1785486315
2026-07-31T08:25:21Z,179,11,1,3,1,0,1,1,1,1785486089
2026-07-31T08:25:21Z,180,27,0,3,0,0,1,1,1,1785468302
2026-07-31T08:25:21Z,181,14,1,0,1,0,1,1,1,1785485328
2026-07-31T08:25:21Z,182,16,1,1,0,0,1,1,1,1785485489
2026-07-31T08:25:21Z,183,17,0,6,0,0,1,1,1,1785483484
2026-07-31T08:25:21Z,184,1,1,21,1,0,1,1,1,1785485380
2026-07-31T08:25:21Z,185,12,1,0,2,1,1,1,1,1785484888
2026-07-31T08:25:21Z,186,4,2,15,0,0,1,1,1,1785485747
2026-07-31T08:25:21Z,187,8,0,19,1,0,1,1,1,1785484757
2026-07-31T08:25:21Z,188,14,0,5,8,0,1,1,1,1785486216
2026-07-31T08:25:21Z,189,15,4,0,0,0,1,1,1,1785479966
2026-07-31T08:25:21Z,190,4,1,19,0,0,1,1,1,1785485216
2026-07-31T08:25:21Z,191,2,1,37,0,0,1,1,1,1785483208
2026-07-31T08:25:21Z,192,12,4,16,3,0,1,1,1,1785486089
2026-07-31T08:25:21Z,193,0,0,15,0,0,1,1,1,1785484480
2026-07-31T08:25:21Z,194,17,1,9,1,0,1,1,1,1785484068
2026-07-31T08:25:21Z,195,13,1,4,2,0,1,1,1,1785484402
2026-07-31T08:25:21Z,196,24,1,0,3,0,1,1,1,1785486298
2026-07-31T08:25:21Z,197,15,3,2,1,1,1,1,1,1785485789
2026-07-31T08:25:21Z,198,21,16,2,0,0,1,1,1,1785484887
2026-07-31T08:25:21Z,199,7,5,5,3,0,1,1,1,1785483728
2026-07-31T08:25:21Z,200,15,0,10,1,0,1,1,1,1785482100
2026-07-31T08:25:21Z,201,8,3,15,0,0,1,1,1,1785482886
2026-07-31T08:25:21Z,202,0,0,27,0,0,1,1,1,1785477488
2026-07-31T08:25:21Z,203,25,3,5,1,0,1,1,1,1785484441
2026-07-31T08:25:21Z,204,31,1,3,1,0,1,1,1,1785485488
2026-07-31T08:25:21Z,205,12,1,15,0,0,1,1,1,1785482737
2026-07-31T08:25:21Z,206,2,2,12,1,0,1,1,1,1785484927
2026-07-31T08:25:21Z,207,14,0,7,0,0,1,1,1,1785481979
2026-07-31T08:25:21Z,208,2,0,27,0,0,1,1,1,1785477246
2026-07-31T08:25:21Z,209,8,0,20,3,0,1,1,1,1785484824
2026-07-31T08:25:21Z,210,23,2,4,0,0,1,1,1,1785485488
2026-07-31T08:25:21Z,211,16,6,6,1,0,1,1,1,1785482104
2026-07-31T08:25:21Z,212,25,0,9,1,0,1,1,1,1785486286
2026-07-31T08:25:21Z,213,12,1,9,2,0,1,1,1,1785486018
2026-07-31T08:25:21Z,214,25,1,18,4,0,1,1,1,1785485790
2026-07-31T08:25:21Z,215,6,1,16,1,0,1,1,1,1785481068
2026-07-31T08:25:21Z,216,10,0,8,1,0,1,1,1,1785482156
2026-07-31T08:25:21Z,217,9,0,19,1,0,1,1,1,1785486133
2026-07-31T08:25:21Z,218,0,0,37,2,0,1,1,1,1785485978
2026-07-31T08:25:21Z,219,0,0,25,1,0,1,1,1,1785478263
2026-07-31T08:25:21Z,220,24,7,17,1,1,1,1,1,1785484887
2026-07-31T08:25:21Z,221,13,8,1,1,0,1,1,1,1785483976
2026-07-31T08:25:21Z,222,16,12,2,1,0,1,1,1,1785485037
2026-07-31T08:25:21Z,223,8,3,24,3,0,1,1,1,1785486158
2026-07-31T08:25:21Z,224,6,5,15,1,0,1,1,1,1785485711
2026-07-31T08:25:21Z,225,10,0,3,6,0,1,1,1,1785485789
2026-07-31T08:25:21Z,226,30,10,1,0,0,1,1,1,1785485802
2026-07-31T08:25:21Z,227,19,13,7,0,1,1,1,1,1785485181
2026-07-31T08:25:21Z,228,1,0,17,1,0,1,1,1,1785484888
2026-07-31T08:25:21Z,230,16,9,10,0,0,1,1,1,1785483055
2026-07-31T08:25:21Z,232,13,6,3,1,0,1,1,1,1785485600
2026-07-31T08:25:21Z,233,19,0,10,2,0,1,1,1,1785485548
2026-07-31T08:25:21Z,234,8,3,6,3,2,1,1,1,1785483414
2026-07-31T08:25:21Z,236,14,3,5,0,0,1,1,1,1785480280
2026-07-31T08:25:21Z,237,22,4,0,1,0,1,1,1,1785478521
2026-07-31T08:25:21Z,239,23,18,1,3,0,1,1,1,1785484709
2026-07-31T08:25:21Z,241,19,6,4,0,0,1,1,1,1785485005
2026-07-31T08:25:21Z,242,1,1,21,1,0,1,1,1,1785484715
2026-07-31T08:25:21Z,243,11,0,19,1,0,1,1,1,1785484434
2026-07-31T08:25:21Z,244,12,1,14,1,0,1,1,1,1785485897
2026-07-31T08:25:21Z,245,3,3,20,0,0,1,1,1,1785484146
2026-07-31T08:25:21Z,246,7,0,16,0,0,1,1,1,1785486275
2026-07-31T08:25:21Z,247,13,11,10,0,0,1,1,1,1785477646
2026-07-31T08:25:21Z,248,18,4,2,3,0,1,1,1,1785486013
2026-07-31T08:25:21Z,249,1,0,18,0,0,1,1,1,1785483971
2026-07-31T08:25:21Z,250,3,3,23,1,0,1,1,1,1785483886
2026-07-31T08:25:21Z,251,18,3,6,3,0,1,1,1,1785486284
2026-07-31T08:25:21Z,253,6,3,12,1,0,1,1,1,1785482813
2026-07-31T08:25:21Z,254,26,21,16,1,0,1,1,1,1785485789
2026-07-31T08:25:21Z,255,5,0,17,0,1,1,1,1,1785486298
2026-07-31T08:25:21Z,256,10,5,11,2,0,1,1,1,1785485834
2026-07-31T08:25:21Z,257,14,6,4,1,0,1,1,1,1785482023
2026-07-31T08:25:21Z,258,1,0,18,0,0,1,1,1,1785482036
2026-07-31T08:25:21Z,259,20,3,2,0,1,1,1,1,1785486090
2026-07-31T08:25:21Z,260,15,4,1,3,0,1,1,1,1785486089
2026-07-31T08:25:21Z,261,16,0,1,1,1,1,1,1,1785484888
2026-07-31T08:25:21Z,262,20,11,3,0,0,1,1,1,1785485066
2026-07-31T08:25:21Z,263,14,3,1,0,0,1,1,1,1785480222
2026-07-31T08:25:21Z,264,18,6,0,1,0,1,1,1,1785474915
2026-07-31T08:25:21Z,265,15,1,0,0,0,1,1,1,1785473819
2026-07-31T08:25:21Z,266,17,8,0,2,0,1,1,1,1785481181
2026-07-31T08:25:21Z,267,7,3,6,2,0,1,1,1,1785484888
2026-07-31T08:25:21Z,268,23,9,0,0,0,1,1,1,1785484887
2026-07-31T08:25:21Z,269,9,3,13,1,0,1,1,1,1785484888
2026-07-31T08:25:21Z,270,25,3,2,0,0,1,1,1,1785485188
2026-07-31T08:25:21Z,271,0,0,17,2,0,1,1,1,1785468500
2026-07-31T08:25:21Z,272,13,13,9,1,0,1,1,1,1785482344
2026-07-31T08:25:21Z,273,14,5,1,0,0,1,1,1,1785484888
2026-07-31T08:25:21Z,274,18,8,0,1,0,1,1,1,1785472651
2026-07-31T08:25:21Z,275,13,0,6,2,2,1,1,1,1785486042
2026-07-31T08:25:21Z,276,1,0,26,0,0,1,1,1,1785477868
2026-07-31T08:25:21Z,277,12,1,6,5,0,1,1,1,1785485546
2026-07-31T08:25:21Z,278,21,0,7,2,1,1,1,1,1785485697
2026-07-31T08:25:21Z,279,16,0,3,0,0,1,1,1,1785484888
2026-07-31T08:25:21Z,280,11,1,18,2,0,1,1,1,1785485974
2026-07-31T08:25:21Z,281,19,0,0,0,0,1,1,1,1785486089
2026-07-31T08:25:21Z,282,5,2,13,0,0,1,1,1,1785484887
2026-07-31T08:25:21Z,283,34,1,1,0,0,1,1,1,1785484709
2026-07-31T08:25:21Z,284,19,5,14,2,0,1,1,1,1785482962
2026-07-31T08:25:21Z,285,8,7,15,0,0,1,1,1,1785485188
2026-07-31T08:25:21Z,286,16,14,2,5,0,1,1,1,1785485766
2026-07-31T08:25:21Z,287,13,4,7,3,0,1,1,1,1785484887
2026-07-31T08:25:21Z,288,14,10,5,0,0,1,1,1,1785480320
2026-07-31T08:25:21Z,289,23,2,1,3,0,1,1,1,1785486259
2026-07-31T08:25:21Z,290,7,0,31,1,0,1,1,1,1785482049
2026-07-31T08:25:21Z,291,9,2,12,2,0,1,1,1,1785486313
2026-07-31T08:25:21Z,292,22,0,1,0,0,1,1,1,1785485789
2026-07-31T08:25:21Z,293,17,10,6,0,0,1,1,1,1785485752
2026-07-31T08:25:21Z,294,0,0,21,1,0,1,1,1,1785485828
2026-07-31T08:25:21Z,297,10,1,6,2,1,1,1,1,1785485188
2026-07-31T08:25:21Z,301,17,1,2,0,0,1,1,1,1785486240
2026-07-31T08:25:21Z,302,0,0,23,0,0,1,1,1,1785485769
2026-07-31T08:25:21Z,303,19,0,0,0,0,1,1,1,1785485188
2026-07-31T08:25:21Z,304,0,0,0,0,0,0,1,1,86400
2026-07-31T08:25:21Z,305,19,0,0,0,0,1,1,1,1785485188
2026-07-31T08:25:21Z,306,2,0,29,1,0,1,1,1,1785485188
2026-07-31T08:25:21Z,307,17,1,4,1,1,1,1,1,1785486100
2026-07-31T08:25:21Z,308,14,0,3,2,0,1,1,1,1785485188
2026-07-31T08:25:21Z,309,7,2,6,1,0,1,1,1,1785486316
2026-07-31T08:25:21Z,311,15,0,0,0,0,1,1,1,1785476190
2026-07-31T08:25:21Z,312,6,3,12,4,1,1,1,1,1785486108
2026-07-31T08:25:21Z,313,3,1,12,0,0,1,1,1,1785479124
2026-07-31T08:25:21Z,314,4,3,11,3,0,1,1,1,1785477432
2026-07-31T08:25:21Z,315,23,6,5,3,0,1,1,1,1785478922
2026-07-31T08:25:21Z,316,4,1,2,24,1,1,1,1,1785486267
2026-07-31T08:25:21Z,317,0,0,30,0,1,1,1,1,1785486265
2026-07-31T08:25:21Z,318,16,0,3,0,0,1,1,1,1785478379
2026-07-31T08:25:21Z,319,17,3,5,1,0,1,1,1,1785485533
2026-07-31T08:25:21Z,320,18,5,0,1,0,1,1,1,1785483872
2026-07-31T08:25:21Z,321,8,1,7,4,0,1,1,1,1785486210
2026-07-31T08:25:21Z,322,5,1,23,1,0,1,1,1,1785484798
2026-07-31T08:25:21Z,323,8,0,11,0,0,1,1,1,1785476374
2026-07-31T08:25:21Z,324,7,2,19,1,0,1,1,1,1785486311
2026-07-31T08:25:21Z,325,4,3,21,2,0,1,1,1,1785484701
2026-07-31T08:25:21Z,327,25,0,1,1,0,1,1,1,1785485570
2026-07-31T08:25:21Z,328,20,0,1,1,0,1,1,1,1785484794
2026-07-31T08:25:21Z,329,17,0,0,2,0,1,1,1,1785485188
2026-07-31T08:25:21Z,330,3,0,19,0,0,1,1,1,1785485188
2026-07-31T08:25:21Z,331,10,3,12,1,0,1,1,1,1785485556
2026-07-31T08:25:21Z,332,9,2,8,2,0,1,1,1,1785484656
2026-07-31T08:25:21Z,333,2,1,20,1,0,1,1,1,1785485924
2026-07-31T08:25:21Z,334,11,9,12,0,0,1,1,1,1785484661
2026-07-31T08:25:21Z,335,3,2,18,1,1,1,1,1,1785477902
2026-07-31T08:25:21Z,336,18,2,1,0,0,1,1,1,1785483787
2026-07-31T08:25:21Z,337,17,3,1,5,0,1,1,1,1785486279
2026-07-31T08:25:21Z,338,18,8,1,0,0,1,1,1,1785484469
2026-07-31T08:25:21Z,339,18,10,4,1,0,1,1,1,1785484330
2026-07-31T08:25:21Z,340,14,11,0,1,0,1,1,1,1785470343
2026-07-31T08:25:21Z,341,11,4,8,0,0,1,1,1,1785479749
2026-07-31T08:25:21Z,342,13,7,0,2,0,1,1,1,1785475446
2026-07-31T08:25:21Z,343,20,1,2,1,0,1,1,1,1785480772
2026-07-31T08:25:21Z,344,23,9,0,0,0,1,1,1,1785484887
2026-07-31T08:25:21Z,345,19,3,0,0,0,1,1,1,1785484144
2026-07-31T08:25:21Z,346,8,6,15,0,0,1,1,1,1785486132
2026-07-31T08:25:21Z,347,0,0,42,2,0,1,1,1,1785486310
2026-07-31T08:25:21Z,348,21,3,0,1,1,1,1,1,1785486219
2026-07-31T08:25:21Z,349,5,1,14,0,0,1,1,1,1785484069
2026-07-31T08:25:21Z,350,24,3,1,1,1,1,1,1,1785482374
2026-07-31T08:25:21Z,351,20,3,0,3,0,1,1,1,1785486208
2026-07-31T08:25:21Z,355,23,1,0,0,0,1,1,1,1785477413
2026-07-31T08:25:21Z,356,17,2,2,0,0,1,1,1,1785482282
2026-07-31T08:25:21Z,357,13,4,6,0,0,1,1,1,1785485188
2026-07-31T08:25:21Z,358,24,4,2,1,0,1,1,1,1785483982
2026-07-31T08:25:21Z,359,22,0,5,0,0,1,1,1,1785482858
2026-07-31T08:25:21Z,360,16,4,1,2,0,1,1,1,1785486258
2026-07-31T08:25:21Z,362,17,5,0,2,0,1,1,1,1785485646
2026-07-31T08:25:21Z,363,0,0,27,0,0,1,1,1,1785483419
2026-07-31T08:25:21Z,364,19,3,0,0,0,1,1,1,1785483692
2026-07-31T08:25:21Z,365,18,6,2,3,0,1,1,1,1785483765
2026-07-31T08:25:21Z,366,14,7,2,7,0,1,1,1,1785486009
2026-07-31T08:25:21Z,367,16,9,1,2,0,1,1,1,1785478153
2026-07-31T08:25:21Z,368,20,3,1,2,0,1,1,1,1785482737
2026-07-31T08:25:21Z,370,16,9,11,0,0,1,1,1,1785479785
2026-07-31T08:25:21Z,371,4,2,14,1,0,1,1,1,1785484735
2026-07-31T08:25:21Z,372,8,2,7,0,0,1,1,1,1785482153
2026-07-31T08:25:21Z,373,23,8,4,0,0,1,1,1,1785484894
2026-07-31T08:25:21Z,374,17,7,0,2,0,1,1,1,1785486255
2026-07-31T08:25:21Z,375,22,5,3,2,0,1,1,1,1785482460
2026-07-31T08:25:21Z,376,30,4,4,5,0,1,1,1,1785482242
2026-07-31T08:25:21Z,377,24,8,3,0,0,1,1,1,1785483409
2026-07-31T08:25:21Z,378,22,5,0,1,1,1,1,1,1785486169
2026-07-31T08:25:21Z,379,14,0,13,0,0,1,1,1,1785486139
2026-07-31T08:25:21Z,380,21,7,1,1,0,1,1,1,1785486117
2026-07-31T08:25:21Z,381,14,0,9,0,0,1,1,1,1785482950
2026-07-31T08:25:21Z,383,12,0,1,2,0,1,1,1,1785480220
2026-07-31T08:25:21Z,384,26,1,0,1,0,1,1,1,1785479554
2026-07-31T08:25:21Z,385,16,4,1,1,0,1,1,1,1785480137
2026-07-31T08:25:21Z,387,21,2,2,0,0,1,1,1,1785484597
2026-07-31T08:25:21Z,388,16,3,33,0,0,1,1,1,1785485188
2026-07-31T08:25:21Z,389,9,8,6,0,0,1,1,1,1785486065
2026-07-31T08:25:21Z,390,19,1,16,0,0,1,1,1,1785485014
2026-07-31T08:25:21Z,391,4,0,10,1,0,1,1,1,1785475375
2026-07-31T08:25:21Z,392,3,3,15,1,0,1,1,1,1785486120
2026-07-31T08:25:21Z,393,3,3,5,3,0,1,1,1,1785480120
2026-07-31T08:25:21Z,394,9,6,2,2,0,1,1,1,1785481308
2026-07-31T08:25:21Z,396,7,7,32,3,0,1,1,1,1785483097
2026-07-31T08:25:21Z,397,4,4,27,0,0,1,1,1,1785479502
2026-07-31T08:25:21Z,399,13,2,2,2,0,1,1,1,1785483706
2026-07-31T08:25:21Z,400,11,6,9,3,0,1,1,1,1785485630
2026-07-31T08:25:21Z,401,10,0,21,8,0,1,1,1,1785475540
2026-07-31T08:25:21Z,403,4,0,25,2,0,1,1,1,1785486237
2026-07-31T08:25:21Z,404,2,1,20,1,0,1,1,1,1785485373
2026-07-31T08:25:21Z,406,2,0,32,1,0,1,1,1,1785476032
2026-07-31T08:25:21Z,407,16,3,17,1,0,1,1,1,1785484887
2026-07-31T08:25:21Z,408,12,2,20,1,0,1,1,1,1785480622
2026-07-31T08:25:21Z,409,0,0,20,3,0,1,1,1,1785474552
2026-07-31T08:25:21Z,413,20,4,1,2,0,1,1,1,1785484683
2026-07-31T08:25:21Z,414,13,4,1,1,0,1,1,1,1785485488
2026-07-31T08:25:21Z,417,11,7,8,0,0,1,1,1,1785478784
2026-07-31T08:25:21Z,418,1,0,13,1,0,1,1,1,1785476979
2026-07-31T08:25:21Z,419,10,0,12,1,0,1,1,1,1785476705
2026-07-31T08:25:21Z,421,1,0,18,0,0,1,1,1,1785475529
2026-07-31T08:25:21Z,422,3,3,24,0,0,1,1,1,1785484728
2026-07-31T08:25:21Z,423,6,1,17,0,0,1,1,1,1785477801
2026-07-31T08:25:21Z,424,1,0,11,3,0,1,1,1,1785486084
2026-07-31T08:25:21Z,425,20,0,1,0,1,1,1,1,1785485489
2026-07-31T08:25:21Z,426,0,0,35,2,0,1,1,1,1785483994
2026-07-31T08:25:21Z,427,14,1,0,2,0,1,1,1,1785486213
2026-07-31T08:25:21Z,428,14,1,4,1,0,1,1,1,1785485758
2026-07-31T08:25:21Z,429,2,0,19,2,0,1,1,1,1785485311
2026-07-31T08:25:21Z,430,28,0,0,3,0,1,1,1,1785484440
2026-07-31T08:25:21Z,431,14,0,18,1,0,1,1,1,1785477264
2026-07-31T08:25:21Z,432,19,0,10,2,0,1,1,1,1785484695
2026-07-31T08:25:21Z,433,19,6,3,1,0,1,1,1,1785477238
2026-07-31T08:25:21Z,437,3,1,15,1,0,1,1,1,1785486178
2026-07-31T08:25:21Z,438,17,0,1,1,0,1,1,1,1785486092
2026-07-31T08:25:21Z,439,5,0,10,0,0,1,1,1,1785472574
2026-07-31T08:25:21Z,440,13,1,0,2,0,1,1,1,1785485156
2026-07-31T08:25:21Z,441,10,2,4,1,0,1,1,1,1785485488
2026-07-31T08:25:21Z,442,17,9,1,1,0,1,1,1,1785481675
2026-07-31T08:25:21Z,443,4,2,23,0,0,1,1,1,1785485488
2026-07-31T08:25:21Z,444,2,2,21,0,0,1,1,1,1785485488
2026-07-31T08:25:21Z,445,7,2,15,1,0,1,1,1,1785486003
2026-07-31T08:25:21Z,446,1,1,21,1,0,1,1,1,1785470328
2026-07-31T08:25:21Z,447,3,0,18,1,1,1,1,1,1785485488
2026-07-31T08:25:21Z,448,9,4,5,1,0,1,1,1,1785484738
2026-07-31T08:25:21Z,452,7,6,11,1,0,1,1,1,1785485488
2026-07-31T08:25:21Z,453,7,5,7,1,0,1,1,1,1785486105
2026-07-31T08:25:21Z,454,9,0,10,0,0,1,1,1,1785484271
2026-07-31T08:25:21Z,455,0,0,39,0,0,1,1,1,1785483866
2026-07-31T08:25:21Z,456,9,0,10,1,0,1,1,1,1785486250
2026-07-31T08:25:21Z,457,25,2,0,2,0,1,1,1,1785481257
2026-07-31T08:25:21Z,458,16,6,7,0,0,1,1,1,1785485789
2026-07-31T08:25:21Z,459,15,0,0,0,0,1,1,1,1785485789
2026-07-31T08:25:21Z,460,20,2,2,1,0,1,1,1,1785484847
2026-07-31T08:25:21Z,461,6,1,13,0,0,1,1,1,1785485789
2026-07-31T08:25:21Z,462,8,0,13,0,0,1,1,1,1785486212
2026-07-31T08:25:21Z,463,13,1,6,0,0,1,1,1,1785475514
2026-07-31T08:25:21Z,464,3,1,11,0,0,1,1,1,1785485789
2026-07-31T08:25:21Z,465,0,0,14,1,0,1,1,1,1785485789
2026-07-31T08:25:21Z,466,11,3,2,2,0,1,1,1,1785485789
2026-07-31T08:25:21Z,467,5,1,13,1,0,1,1,1,1785471818
2026-07-31T08:25:21Z,468,17,1,1,1,0,1,1,1,1785485789
2026-07-31T08:25:21Z,469,2,1,21,0,0,1,1,1,1785473803
2026-07-31T08:25:21Z,470,13,1,0,2,0,1,1,1,1785486083
2026-07-31T08:25:21Z,471,21,2,6,0,0,1,1,1,1785485170
2026-07-31T08:25:21Z,472,18,6,0,1,0,1,1,1,1785486058
2026-07-31T08:25:21Z,473,19,5,0,0,0,1,1,1,1785485789
2026-07-31T08:25:21Z,474,18,0,1,0,0,1,1,1,1785485789
2026-07-31T08:25:21Z,475,3,0,15,1,0,1,1,1,1785485789
2026-07-31T08:25:21Z,477,11,8,3,1,0,1,1,1,1785486182
2026-07-31T08:25:21Z,478,6,0,24,1,0,1,1,1,1785485789
2026-07-31T08:25:21Z,479,1,1,25,1,0,1,1,1,1785485263
2026-07-31T08:25:21Z,480,2,0,10,3,0,1,1,1,1785485789
2026-07-31T08:25:21Z,481,26,1,8,1,0,1,1,1,1785486134
2026-07-31T08:25:21Z,482,18,6,1,0,0,1,1,1,1785484337
2026-07-31T08:25:21Z,483,1,0,24,2,0,1,1,1,1785486038
2026-07-31T08:25:21Z,484,8,2,10,1,0,1,1,1,1785486278
2026-07-31T08:25:21Z,485,16,6,1,1,1,1,1,1,1785486109
2026-07-31T08:25:21Z,486,25,6,0,2,0,1,1,1,1785486083
2026-07-31T08:25:21Z,487,6,4,12,1,0,1,1,1,1785486089
2026-07-31T08:25:21Z,489,14,6,1,0,0,1,1,1,1785484134
2026-07-31T08:25:21Z,490,1,1,15,0,0,1,1,1,1785486089
2026-07-31T08:25:21Z,491,4,1,17,0,0,1,1,1,1785486090
2026-07-31T08:25:21Z,492,5,3,2,4,0,1,1,1,1785486316
2026-07-31T08:25:21Z,493,0,0,26,1,0,1,1,1,1785478572
2026-07-31T08:25:21Z,495,10,0,2,3,0,1,1,1,1785485719
2026-07-31T08:25:21Z,496,27,1,0,0,0,1,1,1,1785486089
2026-07-31T08:25:21Z,497,17,0,1,1,0,1,1,1,1785473754
2026-07-31T08:25:21Z,498,22,3,0,1,0,1,1,1,1785486119
2026-07-31T08:25:21Z,499,18,2,1,0,0,1,1,1,1785482441
2026-07-31T08:25:21Z,500,10,5,0,5,0,1,1,1,1785474639
2026-07-31T08:25:21Z,501,10,4,11,0,0,1,1,1,1785486260
2026-07-31T08:25:21Z,502,6,0,13,0,0,1,1,1,1785486089
2026-07-31T08:25:21Z,503,26,0,4,1,0,1,1,1,1785482589
2026-07-31T08:25:21Z,504,0,0,39,0,0,1,1,1,1785486089
2026-07-31T08:25:21Z,505,11,2,0,1,0,1,1,1,1785486090
2026-07-31T08:25:21Z,511,1,1,22,0,0,1,1,1,1785486089
2026-07-31T08:25:21Z,512,7,0,20,0,0,1,1,1,1785480589
2026-07-31T08:25:21Z,514,10,0,0,1,0,1,1,1,1785486089
2026-07-31T08:25:21Z,515,2,0,17,0,0,1,1,1,1785475097
2026-07-31T08:25:21Z,516,0,0,27,0,0,1,1,1,1785484039
2026-07-31T08:25:21Z,517,14,3,8,1,0,1,1,1,1785486090
2026-07-31T08:25:21Z,518,14,1,0,1,0,1,1,1,1785481277
2026-07-31T08:25:21Z,519,4,0,13,2,0,1,1,1,1785486090
2026-07-31T08:25:21Z,520,11,7,10,5,1,1,1,1,1785486317
2026-07-31T08:25:21Z,521,18,5,5,0,0,1,1,1,1785485835
2026-07-31T08:25:21Z,522,0,0,22,1,0,1,1,1,1785483971
2026-07-31T08:25:21Z,523,6,3,16,1,0,1,1,1,1785481269
2026-07-31T08:25:21Z,524,0,0,23,0,0,1,1,1,1785482014
2026-07-31T08:25:21Z,525,9,0,10,0,0,1,1,1,1785484441
2026-07-31T08:25:21Z,526,13,1,0,2,0,1,1,1,1785485601
2026-07-31T08:25:21Z,527,6,4,17,3,0,1,1,1,1785486148
2026-07-31T08:25:21Z,528,21,2,1,1,0,1,1,1,1785474198
2026-07-31T08:25:21Z,529,6,3,7,6,0,1,1,1,1785486317
2026-07-31T08:25:21Z,530,16,1,3,2,0,1,1,1,1785482854
2026-07-31T08:25:21Z,531,21,1,0,1,1,1,1,1,1785485732
2026-07-31T08:25:21Z,532,3,3,26,1,1,1,1,1,1785481447
2026-07-31T08:25:21Z,533,8,1,9,2,0,1,1,1,1785485516
2026-07-31T08:25:21Z,534,14,1,9,0,0,1,1,1,1785482633
2026-07-31T08:25:21Z,535,2,0,13,0,0,1,1,1,1785478138
2026-07-31T08:25:21Z,536,1,0,22,0,0,1,1,1,1785485983
2026-07-31T08:25:21Z,537,0,0,20,0,0,1,1,1,1785482824
2026-07-31T08:25:21Z,538,21,8,0,0,2,1,1,1,1785486209
2026-07-31T08:25:21Z,539,4,4,27,0,0,1,1,1,1785470894
2026-07-31T08:25:21Z,540,2,1,17,0,0,1,1,1,1785476481
2026-07-31T08:25:21Z,541,26,2,0,1,0,1,1,1,1785480778
2026-07-31T08:25:21Z,542,2,2,21,0,0,1,1,1,1785467748
2026-07-31T08:25:21Z,543,17,2,1,1,0,1,1,1,1785477292
2026-07-31T08:25:21Z,544,14,1,4,4,0,1,1,1,1785474116
2026-07-31T08:25:21Z,545,0,0,17,2,0,1,1,1,1785484892
2026-07-31T08:25:21Z,546,14,6,5,0,0,1,1,1,1785482694
2026-07-31T08:25:21Z,547,19,0,6,0,0,1,1,1,1785484975
2026-07-31T08:25:21Z,548,14,1,9,0,0,1,1,1,1785485366
2026-07-31T08:25:21Z,549,20,0,3,0,0,1,1,1,1785486240
2026-07-31T08:25:21Z,550,17,2,2,0,0,1,1,1,1785484216
2026-07-31T08:25:21Z,551,16,4,7,0,0,1,1,1,1785472754
2026-07-31T08:25:21Z,552,27,3,0,0,0,1,1,1,1785474710
2026-07-31T08:25:21Z,553,21,4,0,1,1,1,1,1,1785486132
2026-07-31T08:25:21Z,554,1,1,18,0,0,1,1,1,1785481543
2026-07-31T08:25:21Z,555,14,6,0,1,0,1,1,1,1785473227
2026-07-31T08:25:21Z,556,21,4,0,2,0,1,1,1,1785486265
2026-07-31T08:25:21Z,557,6,4,12,5,0,1,1,1,1785481664
2026-07-31T08:25:21Z,558,27,4,10,0,0,1,1,1,1785482878
2026-07-31T08:25:21Z,559,0,0,18,1,0,1,1,1,1785471117
2026-07-31T08:25:21Z,560,8,0,19,0,0,1,1,1,1785481488
2026-07-31T08:25:21Z,561,13,1,9,1,0,1,1,1,1785475550
2026-07-31T08:25:21Z,562,3,0,29,3,0,1,1,1,1785474061
2026-07-31T08:25:21Z,563,11,1,3,0,0,1,1,1,1785482241
2026-07-31T08:25:21Z,564,12,0,6,1,0,1,1,1,1785482523
2026-07-31T08:25:21Z,565,6,2,13,0,0,1,1,1,1785482411
2026-07-31T08:25:21Z,566,16,0,2,1,0,1,1,1,1785486233
2026-07-31T08:25:21Z,567,25,1,1,1,0,1,1,1,1785485492
2026-07-31T08:25:21Z,568,13,0,5,1,0,1,1,1,1785483409
2026-07-31T08:25:21Z,569,17,3,2,0,0,1,1,1,1785480726
2026-07-31T08:25:21Z,570,13,1,6,0,0,1,1,1,1785485723
2026-07-31T08:25:21Z,571,0,0,23,0,0,1,1,1,1785485442
2026-07-31T08:25:21Z,572,17,5,1,1,0,1,1,1,1785486189
2026-07-31T08:25:21Z,573,13,0,2,0,0,1,1,1,1785484177
2026-07-31T08:25:21Z,574,10,3,5,0,0,1,1,1,1785478785
2026-07-31T08:25:21Z,575,5,1,15,1,0,1,1,1,1785482094
2026-07-31T08:25:21Z,576,3,0,14,2,0,1,1,1,1785484547
2026-07-31T08:25:21Z,577,13,0,18,0,0,1,1,1,1785484139
2026-07-31T08:25:21Z,578,14,9,8,1,0,1,1,1,1785484622
2026-07-31T08:25:21Z,579,4,0,39,0,0,1,1,1,1785482722
2026-07-31T08:25:21Z,580,4,0,25,0,0,1,1,1,1785479325
2026-07-31T08:25:21Z,581,19,3,0,0,0,1,1,1,1785478520
2026-07-31T08:25:21Z,582,22,0,38,1,0,1,1,1,1785486301
2026-07-31T08:25:21Z,583,23,1,0,0,0,1,1,1,1785480947
2026-07-31T08:25:21Z,584,9,4,6,4,0,1,1,1,1785475747
2026-07-31T08:25:21Z,585,17,3,9,0,1,1,1,1,1785485916
2026-07-31T08:25:21Z,586,14,0,21,0,0,1,1,1,1785482020
2026-07-31T08:25:21Z,587,21,0,2,1,0,1,1,1,1785485505
2026-07-31T08:25:21Z,588,12,4,4,3,0,1,1,1,1785486306
2026-07-31T08:25:21Z,589,0,0,0,23,0,1,1,1,1785486247
2026-07-31T08:25:21Z,590,19,4,11,1,0,1,1,1,1785479272
2026-07-31T08:25:21Z,591,28,1,0,2,0,1,1,1,1785470989
2026-07-31T08:25:21Z,592,12,0,11,0,0,1,1,1,1785483987
2026-07-31T08:25:21Z,593,0,0,38,0,0,1,1,1,1785476655
2026-07-31T08:25:21Z,594,7,0,11,3,0,1,1,1,1785486053
2026-07-31T08:25:21Z,595,0,0,3,0,0,0,1,1,1784046673
2026-07-31T08:25:21Z,605,0,0,2,1,0,0,1,1,1783975843
2026-07-31T08:25:21Z,606,0,0,0,0,0,0,1,1,86400
2026-07-31T08:25:21Z,607,8,0,23,1,0,1,1,1,1785485923
2026-07-31T08:25:21Z,608,0,0,50,0,0,1,1,1,1785482473
2026-07-31T08:25:21Z,609,2,0,21,0,0,1,1,1,1785486261
2026-07-31T08:25:21Z,610,0,0,35,0,0,1,1,1,1785463583
2026-07-31T08:25:21Z,611,12,0,14,1,0,1,1,1,1785483600
2026-07-31T08:25:21Z,612,6,1,9,0,0,1,1,1,1785472015
2026-07-31T08:25:21Z,613,9,0,3,3,0,1,1,1,1785472894
2026-07-31T08:25:21Z,614,0,0,24,2,1,1,1,1,1785474126
2026-07-31T08:25:21Z,617,12,0,1,2,0,1,1,1,1785485630
2026-07-31T08:25:21Z,618,13,2,1,5,0,1,1,1,1785473502
2026-07-31T08:25:21Z,619,7,2,12,0,0,1,1,1,1785483534
2026-07-31T08:25:21Z,620,0,0,25,2,0,1,1,1,1785478133
2026-07-31T08:25:21Z,621,8,3,15,0,0,1,1,1,1785486244
2026-07-31T08:25:21Z,622,5,2,17,1,0,1,1,1,1785480182
2026-07-31T08:25:21Z,623,9,2,20,1,0,1,1,1,1785475996
2026-07-31T08:25:21Z,624,2,0,13,0,0,1,1,1,1785470898
2026-07-31T08:25:21Z,625,5,0,14,2,0,1,1,1,1785484305
2026-07-31T08:25:21Z,626,0,0,45,0,2,1,1,1,1785469585
2026-07-31T08:25:21Z,627,13,6,6,0,0,1,1,1,1785485482
2026-07-31T08:25:21Z,628,0,0,15,2,2,1,1,1,1785486234
2026-07-31T08:25:21Z,629,4,1,6,1,0,1,1,1,1785486291
2026-07-31T08:25:21Z,630,3,2,21,3,0,1,1,1,1785486102
2026-07-31T08:25:21Z,631,2,1,21,0,0,1,1,1,1785471593
2026-07-31T08:25:21Z,632,22,2,0,1,0,1,1,1,1785458363
2026-07-31T08:25:21Z,633,11,1,0,4,0,1,1,1,1785486044
2026-07-31T08:25:21Z,634,11,2,8,0,0,1,1,1,1785478804
2026-07-31T08:25:21Z,635,17,1,2,0,0,1,1,1,1785485606
2026-07-31T08:25:21Z,636,10,2,5,0,0,1,1,1,1785484858
2026-07-31T08:25:21Z,637,8,0,11,0,0,1,1,1,1785483457
2026-07-31T08:25:21Z,638,9,2,7,3,0,1,1,1,1785473314
2026-07-31T08:25:21Z,639,5,1,11,3,0,1,1,1,1785479066
2026-07-31T08:25:21Z,640,1,1,21,1,0,1,1,1,1785486103
2026-07-31T08:25:21Z,641,19,0,5,2,0,1,1,1,1785484887
2026-07-31T08:25:21Z,642,3,2,8,8,0,1,1,1,1785486316
2026-07-31T08:25:21Z,643,1,0,18,8,0,1,1,1,1785486314
2026-07-31T08:25:21Z,644,12,0,2,1,0,1,1,1,1785475510
2026-07-31T08:25:21Z,645,13,0,8,1,1,1,1,1,1785485314
2026-07-31T08:25:21Z,646,7,2,12,0,0,1,1,1,1785486297
2026-07-31T08:25:21Z,647,31,1,0,0,0,1,1,1,1785469507
2026-07-31T08:25:21Z,648,6,0,12,1,0,1,1,1,1785483627
2026-07-31T08:25:21Z,649,19,2,11,1,0,1,1,1,1785484522
2026-07-31T08:25:21Z,650,5,1,9,0,0,1,1,1,1785461548
2026-07-31T08:25:21Z,651,11,9,12,0,0,1,1,1,1785482207
2026-07-31T08:25:21Z,652,4,2,17,2,0,1,1,1,1785486091
2026-07-31T08:25:21Z,653,8,1,9,2,0,1,1,1,1785481487
2026-07-31T08:25:21Z,654,2,2,13,0,0,1,1,1,1785480995
2026-07-31T08:25:21Z,655,6,3,2,4,1,1,1,1,1785486297
2026-07-31T08:25:21Z,656,18,6,1,0,0,1,1,1,1785482316
2026-07-31T08:25:21Z,657,9,1,3,2,3,1,1,1,1785486021
2026-07-31T08:25:21Z,658,9,1,1,0,0,1,1,1,1785473427
2026-07-31T08:25:21Z,659,8,3,5,2,0,1,1,1,1785482005
2026-07-31T08:25:21Z,660,13,0,14,4,0,1,1,1,1785486126
2026-07-31T08:25:21Z,661,1,1,18,0,0,1,1,1,1785474064
2026-07-31T08:25:21Z,662,7,5,14,2,0,1,1,1,1785480458
2026-07-31T08:25:21Z,663,14,6,0,1,0,1,1,1,1785472341
2026-07-31T08:25:21Z,664,0,0,27,0,0,1,1,1,1785472715
2026-07-31T08:25:21Z,665,12,3,3,0,0,1,1,1,1785479255
2026-07-31T08:25:21Z,666,7,2,6,2,0,1,1,1,1785473808
2026-07-31T08:25:21Z,667,0,0,19,0,0,1,1,1,1785482992
2026-07-31T08:25:21Z,668,10,1,8,1,0,1,1,1,1785484022
2026-07-31T08:25:21Z,669,14,5,0,0,0,1,1,1,1785473569
2026-07-31T08:25:21Z,670,11,2,16,0,0,1,1,1,1785482280
2026-07-31T08:25:21Z,671,24,5,2,1,0,1,1,1,1785486033
2026-07-31T08:25:21Z,672,13,2,6,3,1,1,1,1,1785476904
2026-07-31T08:25:21Z,673,12,1,9,2,0,1,1,1,1785486235
2026-07-31T08:25:21Z,674,3,2,17,3,0,1,1,1,1785486147
2026-07-31T08:25:21Z,675,12,6,1,2,0,1,1,1,1785486218
2026-07-31T08:25:21Z,676,4,1,17,1,0,1,1,1,1785479831
2026-07-31T08:25:21Z,681,12,3,1,2,0,1,1,1,1785484717
2026-07-31T08:25:21Z,682,4,1,14,1,0,1,1,1,1785387864
2026-07-31T08:25:21Z,683,4,1,15,0,0,1,1,1,1785484694
2026-07-31T08:25:21Z,684,4,0,23,0,0,1,1,1,1785473502
2026-07-31T08:25:21Z,685,10,0,15,1,1,1,1,1,1785476486
2026-07-31T08:25:21Z,686,11,0,14,1,1,1,1,1,1785486204
2026-07-31T08:25:21Z,687,11,0,18,1,1,1,1,1,1785486090
2026-07-31T08:25:21Z,688,9,0,3,7,0,1,1,1,1785486155
2026-07-31T08:25:21Z,692,2,0,19,0,0,1,1,1,1785485789
2026-07-31T08:25:21Z,693,5,0,3,3,0,1,1,1,1785485368
2026-07-31T08:25:21Z,694,9,5,12,0,0,1,1,1,1785485108
2026-07-31T08:25:21Z,695,17,11,6,0,0,1,1,1,1785485239
2026-07-31T08:25:21Z,696,19,14,3,1,0,1,1,1,1785485157
2026-07-31T08:25:21Z,697,19,1,4,0,0,1,1,1,1785484766
2026-07-31T08:25:21Z,698,27,0,0,0,0,1,1,1,1785486114
2026-07-31T08:25:21Z,699,7,0,7,1,0,1,1,1,1785485658
2026-07-31T08:25:21Z,700,19,4,0,0,0,1,1,1,1785485780
2026-07-31T08:25:21Z,701,17,6,2,0,0,1,1,1,1785485212
2026-07-31T08:25:21Z,702,19,0,3,1,0,1,1,1,1785486228
2026-07-31T08:25:21Z,704,9,2,6,0,0,1,1,1,1785484619
2026-07-31T08:25:21Z,705,5,3,9,1,0,1,1,1,1785485898
2026-07-31T08:25:21Z,706,12,2,0,3,0,1,1,1,1785485178
2026-07-31T08:25:21Z,707,10,2,5,0,0,1,1,1,1785485827
2026-07-31T08:25:21Z,708,19,3,0,0,0,1,1,1,1785486025
2026-07-31T08:25:21Z,709,11,1,1,3,0,1,1,1,1785485839
2026-07-31T08:25:21Z,710,16,3,2,1,0,1,1,1,1785485255
2026-07-31T08:25:21Z,711,19,4,0,4,0,1,1,1,1785485317
2026-07-31T08:25:21Z,712,15,10,0,0,0,1,1,1,1785485197
2026-07-31T08:25:21Z,713,7,0,16,0,0,1,1,1,1785486288
2026-07-31T08:25:21Z,716,3,1,12,0,0,1,1,1,1785485542
2026-07-31T08:25:21Z,717,2,1,20,3,0,1,1,1,1785485611
2026-07-31T08:25:21Z,718,2,1,12,1,0,1,1,1,1785485374
2026-07-31T08:25:21Z,719,7,1,22,0,0,1,1,1,1785484770
2026-07-31T08:25:21Z,720,2,1,17,0,0,1,1,1,1785485834
2026-07-31T08:25:21Z,721,0,0,21,2,0,1,1,1,1785484809
2026-07-31T08:25:21Z,722,5,0,10,0,0,1,1,1,1785485587
2026-07-31T08:25:21Z,723,12,1,11,0,0,1,1,1,1785485611
2026-07-31T08:25:21Z,724,21,4,2,0,0,1,1,1,1785484957
2026-07-31T08:25:21Z,725,22,6,0,1,0,1,1,1,1785484523
2026-07-31T08:25:21Z,726,19,3,0,0,0,1,1,1,1785484735
2026-07-31T08:25:21Z,727,9,4,12,2,0,1,1,1,1785484755
2026-07-31T08:25:21Z,728,9,0,5,1,0,1,1,1,1785486144
2026-07-31T08:25:21Z,729,6,0,13,0,0,1,1,1,1785485195
2026-07-31T08:25:21Z,730,3,2,10,2,0,1,1,1,1785484916
2026-07-31T08:25:21Z,731,10,3,4,1,0,1,1,1,1785485843
2026-07-31T08:25:21Z,732,9,5,6,0,0,1,1,1,1785485068
2026-07-31T08:25:21Z,733,4,0,23,0,0,1,1,1,1785485849
2026-07-31T08:25:21Z,734,0,0,14,0,0,1,1,1,1785485036
2026-07-31T08:25:21Z,735,4,3,23,0,0,1,1,1,1785485714
2026-07-31T08:25:21Z,736,7,1,12,0,0,1,1,1,1785486272
2026-07-31T08:25:21Z,737,4,3,10,0,1,1,1,1,1785486255
2026-07-31T08:25:21Z,738,16,5,1,2,0,1,1,1,1785486296
2026-07-31T08:25:21Z,739,19,2,7,1,0,1,1,1,1785485867
2026-07-31T08:25:21Z,741,7,1,16,0,0,1,1,1,1785486163
2026-07-31T08:25:21Z,742,9,4,24,2,0,1,1,1,1785486264
2026-07-31T08:25:21Z,743,8,3,9,2,0,1,1,1,1785486032
2026-07-31T08:25:21Z,744,12,4,3,0,0,1,1,1,1785486010
2026-07-31T08:25:21Z,745,14,4,4,1,0,1,1,1,1785484729
2026-07-31T08:25:21Z,746,12,3,9,2,0,1,1,1,1785486303
2026-07-31T08:25:21Z,747,0,0,4,0,0,0,1,1,1783446606
2026-07-31T08:25:21Z,748,10,1,13,0,0,1,1,1,1785485509
2026-07-31T08:25:21Z,749,7,5,15,1,0,1,1,1,1785485425
2026-07-31T08:25:21Z,750,4,2,7,0,0,1,1,1,1785485791
2026-07-31T08:25:21Z,751,9,0,14,0,0,1,1,1,1785484950
2026-07-31T08:25:21Z,752,13,1,3,1,0,1,1,1,1785482301
2026-07-31T08:25:21Z,753,4,0,11,0,0,1,1,1,1785484867
2026-07-31T08:25:21Z,754,2,2,12,1,0,1,1,1,1785485286
2026-07-31T08:25:21Z,755,12,3,10,1,0,1,1,1,1785485399
2026-07-31T08:25:21Z,756,2,0,35,0,0,1,1,1,1785486100
2026-07-31T08:25:21Z,757,18,9,1,0,0,1,1,1,1785485509
2026-07-31T08:25:21Z,758,23,4,0,0,0,1,1,1,1785485536
2026-07-31T08:25:21Z,759,5,3,10,0,0,1,1,1,1785484848
2026-07-31T08:25:21Z,760,8,3,11,0,0,1,1,1,1785472022
2026-07-31T08:25:21Z,761,17,0,6,0,0,1,1,1,1785485962
2026-07-31T08:25:21Z,762,7,4,4,4,0,1,1,1,1785485787
2026-07-31T08:25:21Z,768,9,0,8,2,0,1,1,1,1785484958
2026-07-31T08:25:21Z,769,16,12,3,0,0,1,1,1,1785484577
2026-07-31T08:25:21Z,770,11,3,6,2,0,1,1,1,1785486317
2026-07-31T08:25:21Z,771,13,3,1,1,0,1,1,1,1785485760
2026-07-31T08:25:21Z,772,7,3,8,0,0,1,1,1,1785484577
2026-07-31T08:25:21Z,773,15,4,4,0,0,1,1,1,1785486215
2026-07-31T08:25:21Z,774,9,5,3,3,0,1,1,1,1785486171
2026-07-31T08:25:21Z,775,6,0,11,1,1,1,1,1,1785468483
2026-07-31T08:25:21Z,776,3,1,17,1,0,1,1,1,1785484727
2026-07-31T08:25:21Z,777,10,0,2,3,0,1,1,1,1785486282
2026-07-31T08:25:21Z,778,13,0,3,3,0,1,1,1,1785486233
2026-07-31T08:25:21Z,779,8,1,10,1,0,1,1,1,1785485259
2026-07-31T08:25:21Z,780,17,4,1,1,0,1,1,1,1785484936
2026-07-31T08:25:21Z,781,6,2,3,2,0,1,1,1,1785485276
2026-07-31T08:25:21Z,782,5,3,10,4,0,1,1,1,1785486048
2026-07-31T08:25:21Z,783,7,1,12,0,0,1,1,1,1785485326
2026-07-31T08:25:21Z,784,15,2,4,0,0,1,1,1,1785484934
2026-07-31T08:25:21Z,785,12,2,2,5,0,1,1,1,1785485493
2026-07-31T08:25:21Z,786,11,5,8,0,0,1,1,1,1785485136
2026-07-31T08:25:21Z,787,11,5,2,2,0,1,1,1,1785484783
2026-07-31T08:25:21Z,788,3,0,12,0,0,1,1,1,1785485816
2026-07-31T08:25:21Z,789,9,2,2,4,0,1,1,1,1785486051
2026-07-31T08:25:21Z,790,0,0,23,0,0,1,1,1,1785484624
2026-07-31T08:25:21Z,791,7,2,11,0,1,1,1,1,1785485965
2026-07-31T08:25:21Z,793,4,0,10,1,0,1,1,1,1785486195
2026-07-31T08:25:21Z,794,8,3,19,2,0,1,1,1,1785485458
2026-07-31T08:25:21Z,796,0,0,17,2,0,1,1,1,1785485982
2026-07-31T08:25:21Z,797,1,0,14,0,0,1,1,1,1785485585
2026-07-31T08:25:21Z,798,6,0,18,1,0,1,1,1,1785485807
2026-07-31T08:25:21Z,799,14,1,1,4,0,1,1,1,1785485951
2026-07-31T08:25:21Z,800,0,0,20,1,0,1,1,1,1785485574
2026-07-31T08:25:21Z,801,4,2,16,1,0,1,1,1,1785486004
2026-07-31T08:25:21Z,802,8,0,23,0,0,1,1,1,1785486098
2026-07-31T08:25:21Z,803,1,1,14,0,0,1,1,1,1785485785
2026-07-31T08:25:21Z,806,8,3,7,0,0,1,1,1,1785485981
2026-07-31T08:25:21Z,807,14,0,8,3,0,1,1,1,1785485307
2026-07-31T08:25:21Z,808,0,0,23,2,0,1,1,1,1785472976
2026-07-31T08:25:21Z,809,5,1,17,1,0,1,1,1,1785485949
2026-07-31T08:25:21Z,810,2,0,13,4,0,1,1,1,1785484607
2026-07-31T08:25:21Z,815,4,1,6,4,1,1,1,1,1785486072
2026-07-31T08:25:21Z,817,10,5,5,0,0,1,1,1,1785485297
2026-07-31T08:25:21Z,818,6,0,16,1,0,1,1,1,1785484693
2026-07-31T08:25:21Z,819,6,4,9,0,0,1,1,1,1785460987
2026-07-31T08:25:21Z,820,8,2,9,0,0,1,1,1,1785485222
2026-07-31T08:25:21Z,821,2,1,13,0,0,1,1,1,1785486152
2026-07-31T08:25:21Z,822,1,0,20,2,0,1,1,1,1785484644
2026-07-31T08:25:21Z,823,0,0,14,1,0,1,1,1,1785485616
2026-07-31T08:25:21Z,824,10,3,8,1,0,1,1,1,1785485082
2026-07-31T08:25:21Z,825,8,5,7,0,0,1,1,1,1785462716
2026-07-31T08:25:21Z,826,10,2,8,1,0,1,1,1,1785485083
2026-07-31T08:25:21Z,827,16,5,4,1,0,1,1,1,1785484574
2026-07-31T08:25:21Z,828,8,0,9,1,0,1,1,1,1785486283
2026-07-31T08:25:21Z,829,16,7,11,0,0,1,1,1,1785485314
2026-07-31T08:25:21Z,830,11,2,11,1,0,1,1,1,1785484563
2026-07-31T08:25:21Z,831,7,2,7,1,0,1,1,1,1785485592
2026-07-31T08:25:21Z,832,10,3,5,3,0,1,1,1,1785485668
2026-07-31T08:25:21Z,833,1,0,17,1,0,1,1,1,1785485425
2026-07-31T08:25:21Z,834,1,0,22,1,0,1,1,1,1785484923
2026-07-31T08:25:21Z,835,16,6,0,2,0,1,1,1,1785485153
2026-07-31T08:25:21Z,837,5,1,0,10,0,1,1,1,1785485650
2026-07-31T08:25:21Z,838,13,3,2,0,0,1,1,1,1785484511
2026-07-31T08:25:21Z,839,18,0,11,0,0,1,1,1,1785481858
2026-07-31T08:25:21Z,840,10,4,17,2,0,1,1,1,1785484955
2026-07-31T08:25:21Z,841,7,1,8,0,0,1,1,1,1785485590
2026-07-31T08:25:21Z,842,7,2,16,0,0,1,1,1,1785485370
2026-07-31T08:25:21Z,843,8,0,22,1,0,1,1,1,1785485593
2026-07-31T08:25:21Z,844,6,0,17,0,0,1,1,1,1785485563
2026-07-31T08:25:21Z,845,5,3,12,2,0,1,1,1,1785485756
2026-07-31T08:25:21Z,846,4,0,13,2,0,1,1,1,1785484892
2026-07-31T08:25:21Z,847,7,1,20,0,0,1,1,1,1785484661
2026-07-31T08:25:21Z,848,10,3,8,1,0,1,1,1,1785485156
2026-07-31T08:25:21Z,849,7,2,8,0,0,1,1,1,1785484742
2026-07-31T08:25:21Z,850,9,0,1,1,0,1,1,1,1785484982
2026-07-31T08:25:21Z,851,3,3,32,2,0,1,1,1,1785484801
2026-07-31T08:25:21Z,852,12,6,7,0,0,1,1,1,1785485475
2026-07-31T08:25:21Z,853,10,5,13,0,0,1,1,1,1785484524
2026-07-31T08:25:21Z,854,4,2,11,0,0,1,1,1,1785484606
2026-07-31T08:25:21Z,855,25,0,2,0,0,1,1,1,1785485421
2026-07-31T08:25:21Z,857,1,1,18,0,0,1,1,1,1785485672
2026-07-31T08:25:21Z,858,4,1,14,1,0,1,1,1,1785486125
2026-07-31T08:25:21Z,859,3,0,17,1,0,1,1,1,1785484537
2026-07-31T08:25:21Z,861,8,1,2,1,0,1,1,1,1785455675
2026-07-31T08:25:21Z,862,2,1,13,0,0,1,1,1,1785485617
2026-07-31T08:25:21Z,863,13,0,5,1,0,1,1,1,1785472897
2026-07-31T08:25:21Z,866,9,3,10,0,0,1,1,1,1785485909
2026-07-31T08:25:21Z,867,12,0,3,0,0,1,1,1,1785485232
2026-07-31T08:25:21Z,868,13,2,2,0,0,1,1,1,1785485435
2026-07-31T08:25:21Z,870,7,4,6,2,0,1,1,1,1785485651
2026-07-31T08:25:21Z,871,0,0,10,1,0,1,1,1,1785485038
2026-07-31T08:25:21Z,872,0,0,14,1,0,1,1,1,1785485570
2026-07-31T08:25:21Z,873,0,0,32,1,0,1,1,1,1785485532
2026-07-31T08:25:21Z,874,5,2,7,3,0,1,1,1,1785485733
2026-07-31T08:25:21Z,875,14,10,0,1,0,1,1,1,1785485707
2026-07-31T08:25:21Z,877,11,10,6,2,0,1,1,1,1785485170
2026-07-31T08:25:21Z,878,3,2,15,1,0,1,1,1,1785485750
2026-07-31T08:25:21Z,879,1,0,18,0,0,1,1,1,1785484794
2026-07-31T08:25:21Z,880,3,0,19,1,0,1,1,1,1785485709
2026-07-31T08:25:21Z,881,2,0,17,0,0,1,1,1,1785485603
2026-07-31T08:25:21Z,882,11,0,6,2,0,1,1,1,1785457778
2026-07-31T08:25:21Z,883,10,6,9,0,0,1,1,1,1785485878
2026-07-31T08:25:21Z,884,11,7,10,0,0,1,1,1,1785485157
2026-07-31T08:25:21Z,885,1,0,18,0,0,1,1,1,1785485455
2026-07-31T08:25:21Z,886,17,1,11,1,0,1,1,1,1785486232
2026-07-31T08:25:21Z,887,2,1,12,3,0,1,1,1,1785486177
2026-07-31T08:25:21Z,888,11,0,28,2,0,1,1,1,1785486176
2026-07-31T08:25:21Z,889,17,1,0,2,0,1,1,1,1785485765
2026-07-31T08:25:21Z,890,7,4,8,0,0,1,1,1,1785472287
2026-07-31T08:25:21Z,891,16,0,6,1,0,1,1,1,1785484942
2026-07-31T08:25:21Z,892,13,1,2,0,0,1,1,1,1785469848
2026-07-31T08:25:21Z,895,0,0,18,1,0,1,1,1,1785465808
2026-07-31T08:25:21Z,896,6,0,29,0,0,1,1,1,1785483234
2026-07-31T08:25:21Z,897,11,1,10,0,0,1,1,1,1785485639
2026-07-31T08:25:21Z,898,2,0,17,0,0,1,1,1,1785485374
2026-07-31T08:25:21Z,899,0,0,18,1,0,1,1,1,1785485022
2026-07-31T08:25:21Z,900,17,0,8,2,0,1,1,1,1785484772
2026-07-31T08:25:21Z,901,12,0,6,1,0,1,1,1,1785486128
2026-07-31T08:25:21Z,902,9,0,5,1,0,1,1,1,1785485317
2026-07-31T08:25:21Z,903,15,2,4,0,0,1,1,1,1785484741
2026-07-31T08:25:21Z,904,10,4,8,1,0,1,1,1,1785485762
2026-07-31T08:25:21Z,905,4,0,23,0,0,1,1,1,1785485855
2026-07-31T08:25:21Z,906,7,4,20,0,0,1,1,1,1785485718
2026-07-31T08:25:21Z,907,5,1,26,0,0,1,1,1,1785485942
2026-07-31T08:25:21Z,908,11,0,12,0,0,1,1,1,1785485744
2026-07-31T08:25:21Z,909,14,4,8,1,0,1,1,1,1785485459
2026-07-31T08:25:21Z,910,20,0,11,0,0,1,1,1,1785485655
2026-07-31T08:25:21Z,911,3,0,16,0,0,1,1,1,1785485307
2026-07-31T08:25:21Z,912,9,5,12,2,0,1,1,1,1785486222
2026-07-31T08:25:21Z,913,3,1,16,0,0,1,1,1,1785486287
2026-07-31T08:25:21Z,914,7,1,12,0,0,1,1,1,1785486109
2026-07-31T08:25:21Z,915,9,0,13,1,0,1,1,1,1785485859
2026-07-31T08:25:21Z,916,23,8,0,0,0,1,1,1,1785485900
2026-07-31T08:25:21Z,917,4,1,29,2,0,1,1,1,1785485538
2026-07-31T08:25:21Z,918,13,5,4,2,0,1,1,1,1785485675
2026-07-31T08:25:21Z,919,12,3,26,1,0,1,1,1,1785486153
2026-07-31T08:25:21Z,920,4,2,15,0,0,1,1,1,1785486106
2026-07-31T08:25:21Z,921,12,0,9,0,0,1,1,1,1785485437
2026-07-31T08:25:21Z,922,4,1,17,0,0,1,1,1,1785486236
2026-07-31T08:25:21Z,923,18,1,1,0,0,1,1,1,1785485313
2026-07-31T08:25:21Z,924,8,2,13,0,0,1,1,1,1785484635
2026-07-31T08:25:21Z,925,13,0,8,0,0,1,1,1,1785485911
2026-07-31T08:25:21Z,926,0,0,21,0,0,1,1,1,1785486057
2026-07-31T08:25:21Z,927,0,0,35,0,0,1,1,1,1785484623
2026-07-31T08:25:21Z,928,5,3,14,0,0,1,1,1,1785464301
2026-07-31T08:25:21Z,929,0,0,23,0,0,1,1,1,1785485066
2026-07-31T08:25:21Z,930,0,0,30,1,0,1,1,1,1785486061
2026-07-31T08:25:21Z,931,8,3,15,0,0,1,1,1,1785485981
2026-07-31T08:25:21Z,932,4,0,12,3,0,1,1,1,1785485826
2026-07-31T08:25:21Z,933,0,0,23,0,0,1,1,1,1785486035
2026-07-31T08:25:21Z,934,2,0,28,1,0,1,1,1,1785486044
2026-07-31T08:25:21Z,935,9,2,9,1,0,1,1,1,1785484808
2026-07-31T08:25:21Z,936,4,1,15,0,0,1,1,1,1785456801
2026-07-31T08:25:21Z,940,10,0,1,0,0,1,1,1,1785477927
2026-07-31T08:25:21Z,941,10,1,13,2,0,1,1,1,1785486177
2026-07-31T08:25:21Z,942,5,0,16,0,0,1,1,1,1785484734
2026-07-31T08:25:21Z,943,9,8,6,0,0,1,1,1,1785485687
2026-07-31T08:25:21Z,944,9,8,6,0,0,1,1,1,1785485500
2026-07-31T08:25:21Z,945,10,8,5,0,0,1,1,1,1785485011
2026-07-31T08:25:21Z,946,7,5,12,0,0,1,1,1,1785424152
2026-07-31T08:25:21Z,947,7,5,10,0,0,1,1,1,1785485514
2026-07-31T08:25:21Z,948,26,8,0,5,0,1,1,1,1785486031
2026-07-31T08:25:21Z,949,1,0,14,0,0,1,1,1,1785485616
2026-07-31T08:25:21Z,950,16,4,0,1,0,1,1,1,1785485878
2026-07-31T08:25:21Z,951,18,4,5,0,0,1,1,1,1785485716
2026-07-31T08:25:21Z,952,7,0,48,0,0,1,1,1,1785484987
2026-07-31T08:25:21Z,953,14,2,0,1,0,1,1,1,1785484783
2026-07-31T08:25:21Z,954,18,4,1,0,0,1,1,1,1785485620
2026-07-31T08:25:21Z,955,4,3,17,6,0,1,1,1,1785484577
2026-07-31T08:25:21Z,956,22,2,0,1,0,1,1,1,1785485551
2026-07-31T08:25:21Z,957,15,0,14,0,0,1,1,1,1785484893
2026-07-31T08:25:21Z,958,19,0,12,0,0,1,1,1,1785486221
2026-07-31T08:25:21Z,959,20,8,0,3,0,1,1,1,1785485395
2026-07-31T08:25:21Z,960,22,1,0,1,0,1,1,1,1785486250
2026-07-31T08:25:21Z,961,2,1,17,4,0,1,1,1,1785486227
2026-07-31T08:25:21Z,962,8,3,24,3,0,1,1,1,1785484650
2026-07-31T08:25:21Z,963,7,0,15,1,0,1,1,1,1785485594
2026-07-31T08:25:21Z,964,21,8,1,1,0,1,1,1,1785485223
2026-07-31T08:25:21Z,965,5,1,21,1,0,1,1,1,1785485746
2026-07-31T08:25:21Z,966,28,0,3,0,0,1,1,1,1785486223
2026-07-31T08:25:21Z,967,20,0,0,1,0,1,1,1,1785485336
2026-07-31T08:25:21Z,968,14,0,4,1,0,1,1,1,1785485501
2026-07-31T08:25:21Z,969,11,7,14,2,0,1,1,1,1785485609
2026-07-31T08:25:21Z,970,11,1,7,1,0,1,1,1,1785485834
2026-07-31T08:25:21Z,971,15,0,7,1,0,1,1,1,1785485801
2026-07-31T08:25:21Z,972,9,1,13,1,0,1,1,1,1785485467
2026-07-31T08:25:21Z,973,9,4,13,1,0,1,1,1,1785484976
2026-07-31T08:25:21Z,974,12,0,15,0,0,1,1,1,1785486181
2026-07-31T08:25:21Z,977,7,7,11,3,0,1,1,1,1785485740
2026-07-31T08:25:21Z,978,11,0,12,0,0,1,1,1,1785484785
2026-07-31T08:25:21Z,979,14,1,3,0,0,1,1,1,1785486157
2026-07-31T08:25:21Z,980,2,0,17,2,0,1,1,1,1785485070
2026-07-31T08:25:21Z,981,19,0,1,1,0,1,1,1,1785485235
2026-07-31T08:25:21Z,982,3,1,14,2,0,1,1,1,1785485541
2026-07-31T08:25:21Z,983,2,1,20,1,0,1,1,1,1785485952
2026-07-31T08:25:21Z,984,6,0,17,0,0,1,1,1,1785485115
2026-07-31T08:25:21Z,985,8,0,23,0,0,1,1,1,1785486225
2026-07-31T08:25:21Z,986,4,0,15,0,0,1,1,1,1785485539
2026-07-31T08:25:21Z,987,6,0,16,1,0,1,1,1,1785486072
2026-07-31T08:25:21Z,988,5,1,13,1,0,1,1,1,1785485688
2026-07-31T08:25:21Z,989,9,4,10,0,0,1,1,1,1785485819
2026-07-31T08:25:21Z,990,13,1,0,2,0,1,1,1,1785485746
2026-07-31T08:25:21Z,991,10,2,8,1,0,1,1,1,1785485400
2026-07-31T08:25:21Z,992,10,7,12,1,0,1,1,1,1785486273
2026-07-31T08:25:21Z,993,0,0,27,0,0,1,1,1,1785476008
2026-07-31T08:25:21Z,994,4,1,17,0,0,1,1,1,1785484666
2026-07-31T08:25:21Z,995,9,2,18,0,0,1,1,1,1785485705
2026-07-31T08:25:21Z,996,8,1,15,0,0,1,1,1,1785485510
2026-07-31T08:25:21Z,997,10,5,10,3,0,1,1,1,1785486275
2026-07-31T08:25:21Z,998,3,2,19,1,0,1,1,1,1785485825
2026-07-31T08:25:21Z,999,3,1,15,2,1,1,1,1,1785485614
2026-07-31T08:25:21Z,1000,3,1,18,0,0,1,1,1,1785484579
2026-07-31T08:25:21Z,1001,1,0,26,0,0,1,1,1,1785485844
2026-07-31T08:25:21Z,1002,0,0,27,4,0,1,1,1,1785485840
2026-07-31T08:25:21Z,1003,0,0,22,1,0,1,1,1,1785485473
2026-07-31T08:25:21Z,1004,8,1,15,0,0,1,1,1,1785484913
2026-07-31T08:25:21Z,1005,20,1,3,0,0,1,1,1,1785485662
2026-07-31T08:25:21Z,1006,7,4,11,1,0,1,1,1,1785485501
2026-07-31T08:25:21Z,1007,2,1,19,0,0,1,1,1,1785485131
2026-07-31T08:25:21Z,1008,6,5,15,2,0,1,1,1,1785484630
2026-07-31T08:25:21Z,1009,19,2,8,4,0,1,1,1,1785486257
2026-07-31T08:25:21Z,1010,7,2,20,0,0,1,1,1,1785485328
2026-07-31T08:25:21Z,1011,8,2,9,2,0,1,1,1,1785485874
2026-07-31T08:25:21Z,1012,4,3,18,1,0,1,1,1,1785485428
2026-07-31T08:25:21Z,1013,4,1,18,1,0,1,1,1,1785486029
2026-07-31T08:25:21Z,1014,7,2,13,3,0,1,1,1,1785485945
2026-07-31T08:25:21Z,1015,3,1,25,3,0,1,1,1,1785486212
2026-07-31T08:25:21Z,1016,10,5,21,0,0,1,1,1,1785485280
2026-07-31T08:25:21Z,1017,14,5,7,0,0,1,1,1,1785484833
2026-07-31T08:25:21Z,1018,7,2,15,0,0,1,1,1,1785485516
2026-07-31T08:25:21Z,1019,9,6,6,0,0,1,1,1,1785485449
2026-07-31T08:25:21Z,1020,18,3,3,0,0,1,1,1,1785484705
2026-07-31T08:25:21Z,1021,9,3,5,1,0,1,1,1,1785486253
2026-07-31T08:25:21Z,1022,14,0,13,0,0,1,1,1,1785485602
2026-07-31T08:25:21Z,1023,13,1,9,1,0,1,1,1,1785485249
2026-07-31T08:25:21Z,1024,5,2,13,1,0,1,1,1,1785486251
2026-07-31T08:25:21Z,1025,4,0,14,0,1,1,1,1,1785485569
2026-07-31T08:25:21Z,1026,7,5,19,5,0,1,1,1,1785484784
2026-07-31T08:25:21Z,1028,2,0,20,1,0,1,1,1,1785485606
2026-07-31T08:25:21Z,1029,10,9,4,1,0,1,1,1,1785484734
2026-07-31T08:25:21Z,1030,14,5,9,0,0,1,1,1,1785486287
2026-07-31T08:25:21Z,1031,8,0,11,0,0,1,1,1,1785484845
2026-07-31T08:25:21Z,1032,7,1,12,0,0,1,1,1,1785485504
2026-07-31T08:25:21Z,1033,9,5,9,1,0,1,1,1,1785486317
2026-07-31T08:25:21Z,1034,2,0,13,0,0,1,1,1,1785485527
2026-07-31T08:25:21Z,1035,1,0,16,2,0,1,1,1,1785485549
2026-07-31T08:25:21Z,1036,15,1,0,0,0,1,1,1,1785486106
2026-07-31T08:25:21Z,1037,4,0,14,1,0,1,1,1,1785485862
2026-07-31T08:25:21Z,1038,2,0,12,1,0,1,1,1,1785485225
2026-07-31T08:25:21Z,1039,7,2,12,0,0,1,1,1,1785485661
2026-07-31T08:25:21Z,1040,7,3,10,2,0,1,1,1,1785485543
2026-07-31T08:25:21Z,1041,10,3,8,1,0,1,1,1,1785486231
2026-07-31T08:25:21Z,1042,12,1,1,2,0,1,1,1,1785485540
2026-07-31T08:25:21Z,1043,9,0,7,3,0,1,1,1,1785485580
2026-07-31T08:25:21Z,1044,2,1,12,1,0,1,1,1,1785485280
2026-07-31T08:25:21Z,1045,10,0,9,0,0,1,1,1,1785485494
2026-07-31T08:25:21Z,1046,9,0,6,0,0,1,1,1,1785484905
2026-07-31T08:25:21Z,1047,4,0,17,0,0,1,1,1,1785486258
2026-07-31T08:25:21Z,1048,10,1,9,0,0,1,1,1,1785485471
2026-07-31T08:25:21Z,1049,6,0,15,0,0,1,1,1,1785485527
2026-07-31T08:25:21Z,1050,17,4,4,0,0,1,1,1,1785484812
2026-07-31T08:25:21Z,1051,8,3,13,0,0,1,1,1,1785484706
2026-07-31T08:25:21Z,1052,17,2,5,0,0,1,1,1,1785485330
2026-07-31T08:25:21Z,1053,2,1,13,0,0,1,1,1,1785485404
2026-07-31T08:25:21Z,1054,14,1,1,0,0,1,1,1,1785485665
2026-07-31T08:25:21Z,1055,7,1,12,0,0,1,1,1,1785485637
2026-07-31T08:25:21Z,1057,18,0,0,1,0,1,1,1,1785485332
2026-07-31T08:25:21Z,1058,1,0,55,0,0,1,1,1,1785485538
2026-07-31T08:25:21Z,1059,0,0,18,1,0,1,1,1,1785485535
2026-07-31T08:25:21Z,1060,30,0,7,0,0,1,1,1,1785486295
2026-07-31T08:25:21Z,1061,6,0,30,1,0,1,1,1,1785485608
2026-07-31T08:25:21Z,1062,1,0,16,0,0,1,1,1,1785486022
2026-07-31T08:25:21Z,1063,12,1,6,1,0,1,1,1,1785485550
2026-07-31T08:25:21Z,1064,3,0,19,1,0,1,1,1,1785485872
2026-07-31T08:25:21Z,1065,16,3,7,0,0,1,1,1,1785486116
2026-07-31T08:25:21Z,1066,10,2,13,0,0,1,1,1,1785485942
2026-07-31T08:25:21Z,1067,8,2,13,2,0,1,1,1,1785486208
2026-07-31T08:25:21Z,1068,8,2,13,2,0,1,1,1,1785485697
2026-07-31T08:25:21Z,1069,12,3,11,0,0,1,1,1,1785485749
2026-07-31T08:25:21Z,1070,12,2,11,0,0,1,1,1,1785485846
2026-07-31T08:25:21Z,1071,7,4,16,0,0,1,1,1,1785485884
2026-07-31T08:25:21Z,1072,11,1,11,1,0,1,1,1,1785486252
2026-07-31T08:25:21Z,1073,26,7,0,1,0,1,1,1,1785485175
2026-07-31T08:25:21Z,1074,1,1,52,0,0,1,1,1,1785486216
2026-07-31T08:25:21Z,1075,10,10,11,0,0,1,1,1,1785485254
2026-07-31T08:25:21Z,1076,14,11,7,0,0,1,1,1,1785484690
2026-07-31T08:25:21Z,1077,8,5,13,0,0,1,1,1,1785485466
2026-07-31T08:25:21Z,1078,11,10,10,0,0,1,1,1,1785484732
2026-07-31T08:25:21Z,1079,11,8,10,0,0,1,1,1,1785485363
2026-07-31T08:25:21Z,1080,10,8,10,1,0,1,1,1,1785486281
2026-07-31T08:25:21Z,1081,13,8,6,0,0,1,1,1,1785484546
2026-07-31T08:25:21Z,1082,7,7,1,0,0,1,1,1,1785485857
2026-07-31T08:25:21Z,1083,13,11,8,0,0,1,1,1,1785485624
2026-07-31T08:25:21Z,1084,9,8,12,0,0,1,1,1,1785485249
2026-07-31T08:25:21Z,1085,8,8,13,0,0,1,1,1,1785484882
2026-07-31T08:25:21Z,1086,0,0,20,1,0,1,1,1,1785485590
2026-07-31T08:25:21Z,1087,12,7,3,0,0,1,1,1,1785484797
2026-07-31T08:25:21Z,1088,10,7,5,0,0,1,1,1,1785485554
2026-07-31T08:25:21Z,1089,5,3,10,0,0,1,1,1,1785485914
2026-07-31T08:25:21Z,1090,11,10,4,0,0,1,1,1,1785484775
2026-07-31T08:25:21Z,1091,12,7,3,0,0,1,1,1,1785484538
2026-07-31T08:25:21Z,1092,9,9,5,1,0,1,1,1,1785485899
2026-07-31T08:25:21Z,1093,7,6,8,0,0,1,1,1,1785486264
2026-07-31T08:25:21Z,1094,10,8,8,1,0,1,1,1,1785485506
2026-07-31T08:25:21Z,1095,9,8,6,0,0,1,1,1,1785486208
2026-07-31T08:25:21Z,1096,3,1,15,1,0,1,1,1,1785485870
2026-07-31T08:25:21Z,1097,11,11,4,0,0,1,1,1,1785486085
2026-07-31T08:25:21Z,1098,9,7,10,0,0,1,1,1,1785484605
2026-07-31T08:25:21Z,1099,7,6,8,0,0,1,1,1,1785485341
2026-07-31T08:25:21Z,1100,6,2,23,0,0,1,1,1,1785474727
2026-07-31T08:25:21Z,1101,10,5,11,0,0,1,1,1,1785485229
2026-07-31T08:25:21Z,1102,9,4,4,0,0,1,1,1,1785484531
2026-07-31T08:25:21Z,1103,10,5,11,0,0,1,1,1,1785474301
2026-07-31T08:25:21Z,1104,10,5,11,0,0,1,1,1,1785484982
2026-07-31T08:25:21Z,1105,7,3,6,0,0,1,1,1,1785486230
2026-07-31T08:25:21Z,1106,13,7,8,0,0,1,1,1,1785485321
2026-07-31T08:25:21Z,1107,9,5,6,0,0,1,1,1,1785485626
2026-07-31T08:25:21Z,1108,5,2,19,3,0,1,1,1,1785486090
2026-07-31T08:25:21Z,1109,6,1,9,0,0,1,1,1,1785485583
2026-07-31T08:25:21Z,1110,12,4,9,0,0,1,1,1,1785484853
2026-07-31T08:25:21Z,1111,3,2,18,0,0,1,1,1,1785475740
2026-07-31T08:25:21Z,1112,38,0,15,0,0,1,1,1,1785485351
2026-07-31T08:25:21Z,1113,1,0,20,0,0,1,1,1,1785484818
2026-07-31T08:25:21Z,1115,17,5,3,3,0,1,1,1,1785486016
2026-07-31T08:25:21Z,1116,5,1,14,0,0,1,1,1,1785485525
2026-07-31T08:25:21Z,1117,10,3,13,0,0,1,1,1,1785485899
2026-07-31T08:25:21Z,1118,16,1,3,2,0,1,1,1,1785485333
2026-07-31T08:25:21Z,1119,12,1,4,1,0,1,1,1,1785486008
2026-07-31T08:25:21Z,1120,13,0,6,0,0,1,1,1,1785485599
2026-07-31T08:25:21Z,1121,13,2,5,3,0,1,1,1,1785481599
2026-07-31T08:25:21Z,1122,19,10,0,2,0,1,1,1,1785484916
2026-07-31T08:25:21Z,1123,7,3,14,2,0,1,1,1,1785485162
2026-07-31T08:25:21Z,1124,10,0,0,5,0,1,1,1,1785485337
2026-07-31T08:25:21Z,1125,15,1,8,0,0,1,1,1,1785485799
2026-07-31T08:25:21Z,1126,4,0,16,1,0,1,1,1,1785484893
2026-07-31T08:25:21Z,1127,6,1,12,1,0,1,1,1,1785485845
2026-07-31T08:25:21Z,1128,14,2,0,1,0,1,1,1,1785485532
2026-07-31T08:25:21Z,1129,3,2,17,1,0,1,1,1,1785485254
2026-07-31T08:25:21Z,1130,6,0,9,0,0,1,1,1,1785485322
2026-07-31T08:25:21Z,1131,0,0,48,1,0,1,1,1,1785486252
2026-07-31T08:25:21Z,1132,13,6,7,1,0,1,1,1,1785485182
2026-07-31T08:25:21Z,1133,16,12,4,1,0,1,1,1,1785485442
2026-07-31T08:25:21Z,1134,11,7,8,0,0,1,1,1,1785486028
2026-07-31T08:25:21Z,1135,10,5,11,0,0,1,1,1,1785485122
2026-07-31T08:25:21Z,1136,8,0,15,0,0,1,1,1,1785485693
2026-07-31T08:25:21Z,1137,13,0,2,0,0,1,1,1,1785486260
2026-07-31T08:25:21Z,1138,15,2,4,0,0,1,1,1,1785485487
2026-07-31T08:25:21Z,1139,19,5,1,1,0,1,1,1,1785486007
2026-07-31T08:25:21Z,1140,22,3,0,1,0,1,1,1,1785485218
2026-07-31T08:25:21Z,1141,0,0,20,1,0,1,1,1,1785484924
2026-07-31T08:25:21Z,1142,2,0,19,0,0,1,1,1,1785486163
2026-07-31T08:25:21Z,1143,23,0,6,0,0,1,1,1,1785485060
2026-07-31T08:25:21Z,1144,7,1,13,1,0,1,1,1,1785485771
2026-07-31T08:25:21Z,1145,12,6,8,1,0,1,1,1,1785485900
2026-07-31T08:25:21Z,1146,12,2,3,4,0,1,1,1,1785485079
2026-07-31T08:25:21Z,1147,3,0,16,0,0,1,1,1,1785485452
2026-07-31T08:25:21Z,1148,26,6,5,0,0,1,1,1,1785486187
2026-07-31T08:25:21Z,1149,4,4,21,0,0,1,1,1,1785485165
2026-07-31T08:25:21Z,1150,18,1,1,0,0,1,1,1,1785485308
2026-07-31T08:25:21Z,1151,12,0,9,0,0,1,1,1,1785486171
2026-07-31T08:25:21Z,1152,16,0,13,0,0,1,1,1,1785486085
2026-07-31T08:25:21Z,1153,22,6,0,1,0,1,1,1,1785486057
2026-07-31T08:25:21Z,1154,13,1,6,0,0,1,1,1,1785484961
2026-07-31T08:25:21Z,1155,16,6,4,1,0,1,1,1,1785485512
2026-07-31T08:25:21Z,1158,3,0,15,1,0,1,1,1,1785485415
2026-07-31T08:25:21Z,1159,13,1,6,0,0,1,1,1,1785485770
2026-07-31T08:25:21Z,1160,9,1,9,1,0,1,1,1,1785486219
2026-07-31T08:25:21Z,1161,3,0,15,1,0,1,1,1,1785485903
2026-07-31T08:25:21Z,1162,2,1,17,0,0,1,1,1,1785486155
2026-07-31T08:25:21Z,1163,0,0,18,1,0,1,1,1,1785485531
2026-07-31T08:25:21Z,1164,6,1,13,0,0,1,1,1,1785485591
2026-07-31T08:25:21Z,1165,5,0,16,0,0,1,1,1,1785484505
2026-07-31T08:25:21Z,1166,12,3,8,1,0,1,1,1,1785485832
2026-07-31T08:25:21Z,1167,4,0,11,0,0,1,1,1,1785485305
2026-07-31T08:25:21Z,1168,2,1,20,1,0,1,1,1,1785485778
2026-07-31T08:25:21Z,1169,3,0,15,1,0,1,1,1,1785485438
2026-07-31T08:25:21Z,1170,6,0,14,1,0,1,1,1,1785485805
2026-07-31T08:25:21Z,1171,8,7,14,1,0,1,1,1,1785485472
2026-07-31T08:25:21Z,1172,7,2,6,2,0,1,1,1,1785485675
2026-07-31T08:25:21Z,1173,13,5,6,0,0,1,1,1,1785485685
2026-07-31T08:25:21Z,1174,7,3,8,0,0,1,1,1,1785485373
2026-07-31T08:25:21Z,1175,9,5,10,0,0,1,1,1,1785472270
2026-07-31T08:25:21Z,1176,19,1,2,0,0,1,1,1,1785484888
2026-07-31T08:25:21Z,1177,3,1,18,0,0,1,1,1,1785484806
2026-07-31T08:25:21Z,1178,2,1,13,0,0,1,1,1,1785485348
2026-07-31T08:25:21Z,1181,9,0,4,2,0,1,1,1,1785486098
2026-07-31T08:25:21Z,1182,0,0,20,0,0,1,1,1,1785485925
2026-07-31T08:25:21Z,1183,1,0,42,2,0,1,1,1,1785485334
2026-07-31T08:25:21Z,1184,10,6,10,1,0,1,1,1,1785485357
2026-07-31T08:25:21Z,1185,10,5,11,0,0,1,1,1,1785484932
2026-07-31T08:25:21Z,1186,9,5,10,0,0,1,1,1,1785485954
2026-07-31T08:25:21Z,1187,12,6,8,1,0,1,1,1,1785484511
2026-07-31T08:25:21Z,1188,9,3,6,0,0,1,1,1,1785485632
2026-07-31T08:25:21Z,1189,10,5,9,0,0,1,1,1,1785485711
2026-07-31T08:25:21Z,1190,10,5,11,0,0,1,1,1,1785485103
2026-07-31T08:25:21Z,1191,10,5,5,0,0,1,1,1,1785485639
2026-07-31T08:25:21Z,1192,11,7,10,0,0,1,1,1,1785485471
2026-07-31T08:25:21Z,1193,6,4,5,2,0,1,1,1,1785484615
2026-07-31T08:25:21Z,1197,9,6,7,1,0,1,1,1,1785486305
2026-07-31T08:25:21Z,1198,14,4,5,2,0,1,1,1,1785485996
2026-07-31T08:25:21Z,1199,2,0,17,0,0,1,1,1,1785486016
2026-07-31T08:25:21Z,1200,11,5,4,0,0,1,1,1,1785485676
2026-07-31T08:25:21Z,1201,11,5,4,0,0,1,1,1,1785485654
2026-07-31T08:25:21Z,1202,12,6,3,0,0,1,1,1,1785485752
2026-07-31T08:25:21Z,1203,9,6,6,0,0,1,1,1,1785485648
2026-07-31T08:25:21Z,1204,7,3,11,1,0,1,1,1,1785485388
2026-07-31T08:25:21Z,1206,11,5,10,0,0,1,1,1,1785484604
2026-07-31T08:25:21Z,1207,9,5,6,0,0,1,1,1,1785485966
2026-07-31T08:25:21Z,1208,7,2,11,1,0,1,1,1,1785485868
2026-07-31T08:25:21Z,1216,7,0,13,1,0,1,1,1,1785484835
2026-07-31T08:25:21Z,1218,4,0,17,0,0,1,1,1,1785485228
2026-07-31T08:25:21Z,1219,6,1,8,1,0,1,1,1,1785485105
2026-07-31T08:25:21Z,1220,14,7,4,1,0,1,1,1,1785484893
2026-07-31T08:25:21Z,1221,2,2,19,0,0,1,1,1,1785484540
2026-07-31T08:25:21Z,1222,28,1,1,0,0,1,1,1,1785485467
2026-07-31T08:25:21Z,1223,23,0,6,0,0,1,1,1,1785485431
2026-07-31T08:25:21Z,1226,0,0,3,0,0,0,1,1,1781868931
2026-07-31T08:25:21Z,1227,23,0,2,0,0,1,1,1,1785485355
2026-07-31T08:25:21Z,1228,17,0,11,1,0,1,1,1,1785486066
2026-07-31T08:25:21Z,1229,35,0,9,0,1,1,1,1,1785486272
2026-07-31T08:30:21Z,1,0,0,23,0,0,1,1,1,1785485488
2026-07-31T08:30:21Z,2,23,0,1,3,0,1,1,1,1785485732
2026-07-31T08:30:21Z,3,9,0,4,1,0,1,1,1,1785485488
2026-07-31T08:30:21Z,4,1,0,20,1,0,1,1,1,1785483715
2026-07-31T08:30:21Z,5,9,3,13,1,0,1,1,1,1785484887
2026-07-31T08:30:21Z,6,6,2,9,0,0,1,1,1,1785482360
2026-07-31T08:30:21Z,7,0,0,39,0,0,1,1,1,1785482386
2026-07-31T08:30:21Z,8,0,0,43,0,0,1,1,1,1785471816
2026-07-31T08:30:21Z,9,0,0,22,1,0,1,1,1,1785482483
2026-07-31T08:30:21Z,10,4,1,17,2,0,1,1,1,1785485789
2026-07-31T08:30:21Z,11,15,6,3,1,0,1,1,1,1785485828
2026-07-31T08:30:21Z,12,0,0,23,0,0,1,1,1,1785472090
2026-07-31T08:30:21Z,13,12,0,18,0,0,1,1,1,1785485789
2026-07-31T08:30:21Z,14,1,0,41,0,1,1,1,1,1785476888
2026-07-31T08:30:21Z,15,4,0,11,0,0,1,1,1,1785486387
2026-07-31T08:30:21Z,16,8,0,16,2,1,1,1,1,1785483665
2026-07-31T08:30:21Z,17,9,0,17,1,0,1,1,1,1785486089
2026-07-31T08:30:21Z,18,5,0,11,2,0,1,1,1,1785486524
2026-07-31T08:30:21Z,19,4,0,22,1,0,1,1,1,1785484572
2026-07-31T08:30:21Z,20,32,0,3,0,0,1,1,1,1785485188
2026-07-31T08:30:21Z,21,1,0,17,1,0,1,1,1,1785484888
2026-07-31T08:30:21Z,22,18,0,46,1,0,1,1,1,1785479462
2026-07-31T08:30:21Z,23,10,5,21,0,0,1,1,1,1785479447
2026-07-31T08:30:21Z,24,0,0,9,2,0,1,1,1,1785486613
2026-07-31T08:30:21Z,25,1,1,79,0,1,1,1,1,1785486436
2026-07-31T08:30:21Z,26,0,0,27,0,0,1,1,1,1785485188
2026-07-31T08:30:21Z,28,15,3,0,0,0,1,1,1,1785486521
2026-07-31T08:30:21Z,30,1,0,27,1,0,1,1,1,1785486089
2026-07-31T08:30:21Z,31,0,0,17,2,0,1,1,1,1785486554
2026-07-31T08:30:21Z,32,25,4,2,0,0,1,1,1,1785484184
2026-07-31T08:30:21Z,34,2,0,34,1,0,1,1,1,1785482614
2026-07-31T08:30:21Z,35,2,1,44,1,0,1,1,1,1785486047
2026-07-31T08:30:21Z,36,0,0,0,0,0,0,1,1,86400
2026-07-31T08:30:21Z,37,0,0,23,0,0,1,1,1,1785485488
2026-07-31T08:30:21Z,38,1,0,22,0,0,1,1,1,1785485488
2026-07-31T08:30:21Z,39,23,6,16,0,0,1,1,1,1785485028
2026-07-31T08:30:21Z,40,13,0,7,1,0,1,1,1,1785485488
2026-07-31T08:30:21Z,41,2,0,40,1,0,1,1,1,1785485586
2026-07-31T08:30:21Z,42,31,8,0,0,0,1,1,1,1785472558
2026-07-31T08:30:21Z,43,6,0,17,0,0,1,1,1,1785485188
2026-07-31T08:30:21Z,45,1,0,27,1,0,1,1,1,1785485789
2026-07-31T08:30:21Z,46,13,2,18,0,0,1,1,1,1785485708
2026-07-31T08:30:21Z,47,11,5,3,1,0,1,1,1,1785485188
2026-07-31T08:30:21Z,48,21,0,6,0,0,1,1,1,1785486326
2026-07-31T08:30:21Z,49,5,0,15,3,0,1,1,1,1785486618
2026-07-31T08:30:21Z,50,1,1,18,0,0,1,1,1,1785483259
2026-07-31T08:30:21Z,51,68,0,9,0,0,1,1,1,1785472672
2026-07-31T08:30:21Z,52,2,0,22,3,0,1,1,1,1785486611
2026-07-31T08:30:21Z,55,0,0,23,0,0,1,1,1,1785484888
2026-07-31T08:30:21Z,56,0,0,43,0,0,1,1,1,1785485334
2026-07-31T08:30:21Z,57,0,0,27,0,0,1,1,1,1785474689
2026-07-31T08:30:21Z,58,0,0,28,0,0,1,1,1,1785476976
2026-07-31T08:30:21Z,59,0,0,25,2,0,1,1,1,1785486444
2026-07-31T08:30:21Z,61,0,0,39,0,0,1,1,1,1785485488
2026-07-31T08:30:21Z,62,0,0,48,1,0,1,1,1,1785477029
2026-07-31T08:30:21Z,63,14,0,5,0,0,1,1,1,1785486089
2026-07-31T08:30:21Z,64,9,0,6,4,0,1,1,1,1785474000
2026-07-31T08:30:21Z,65,17,7,1,1,0,1,1,1,1785481624
2026-07-31T08:30:21Z,67,17,0,22,0,0,1,1,1,1785485188
2026-07-31T08:30:21Z,68,0,0,37,0,0,1,1,1,1785476731
2026-07-31T08:30:21Z,69,15,2,0,0,0,1,1,1,1785485188
2026-07-31T08:30:21Z,71,2,0,24,1,0,1,1,1,1785485909
2026-07-31T08:30:21Z,72,14,3,15,2,0,1,1,1,1785486611
2026-07-31T08:30:21Z,73,0,0,31,0,0,1,1,1,1785474921
2026-07-31T08:30:21Z,74,13,6,5,1,0,1,1,1,1785485908
2026-07-31T08:30:21Z,75,0,0,31,1,0,1,1,1,1785473256
2026-07-31T08:30:21Z,76,18,0,0,1,0,1,1,1,1785486616
2026-07-31T08:30:21Z,77,23,0,3,1,0,1,1,1,1785485728
2026-07-31T08:30:21Z,78,9,4,13,1,0,1,1,1,1785486390
2026-07-31T08:30:21Z,79,5,4,11,1,0,1,1,1,1785485457
2026-07-31T08:30:21Z,80,18,0,2,3,0,1,1,1,1785486355
2026-07-31T08:30:21Z,81,5,0,26,0,0,1,1,1,1785486390
2026-07-31T08:30:21Z,82,12,0,11,0,0,1,1,1,1785480296
2026-07-31T08:30:21Z,83,4,0,29,1,0,1,1,1,1785486493
2026-07-31T08:30:21Z,84,26,0,1,0,0,1,1,1,1785484029
2026-07-31T08:30:21Z,85,1,1,14,0,0,1,1,1,1785479219
2026-07-31T08:30:21Z,86,25,0,1,1,0,1,1,1,1785478454
2026-07-31T08:30:21Z,87,10,0,9,0,0,1,1,1,1785484866
2026-07-31T08:30:21Z,88,0,0,42,1,0,1,1,1,1785484888
2026-07-31T08:30:21Z,89,22,0,13,0,0,1,1,1,1785483872
2026-07-31T08:30:21Z,90,6,2,10,2,0,1,1,1,1785486486
2026-07-31T08:30:21Z,91,14,0,3,0,0,1,1,1,1785485188
2026-07-31T08:30:21Z,92,12,5,4,3,0,1,1,1,1785486380
2026-07-31T08:30:21Z,93,0,0,23,0,0,1,1,1,1785486390
2026-07-31T08:30:21Z,94,2,0,16,1,0,1,1,1,1785486390
2026-07-31T08:30:21Z,95,28,3,5,1,1,1,1,1,1785486611
2026-07-31T08:30:21Z,96,29,0,1,1,0,1,1,1,1785479647
2026-07-31T08:30:21Z,97,0,0,16,1,0,1,1,1,1785486485
2026-07-31T08:30:21Z,98,19,0,15,1,0,1,1,1,1785486089
2026-07-31T08:30:21Z,99,3,1,12,0,0,1,1,1,1785484444
2026-07-31T08:30:21Z,100,0,0,27,0,0,1,1,1,1785482057
2026-07-31T08:30:21Z,101,1,0,13,1,0,1,1,1,1785485789
2026-07-31T08:30:21Z,102,1,1,22,0,0,1,1,1,1785485791
2026-07-31T08:30:21Z,103,8,0,22,0,0,1,1,1,1785486490
2026-07-31T08:30:21Z,104,0,0,25,2,0,1,1,1,1785486618
2026-07-31T08:30:21Z,105,16,1,3,0,0,1,1,1,1785486390
2026-07-31T08:30:21Z,106,0,0,21,0,0,1,1,1,1785486390
2026-07-31T08:30:21Z,107,0,0,37,0,0,1,1,1,1785485489
2026-07-31T08:30:21Z,108,16,1,19,0,0,1,1,1,1785486420
2026-07-31T08:30:21Z,109,7,0,16,0,0,1,1,1,1785486390
2026-07-31T08:30:21Z,110,14,2,9,0,0,1,1,1,1785482478
2026-07-31T08:30:21Z,111,0,0,36,0,0,1,1,1,1785479678
2026-07-31T08:30:21Z,112,5,0,9,1,0,1,1,1,1785485492
2026-07-31T08:30:21Z,113,4,0,12,3,0,1,1,1,1785486390
2026-07-31T08:30:21Z,114,6,6,23,1,1,1,1,1,1785486399
2026-07-31T08:30:21Z,115,3,1,23,2,0,1,1,1,1785479033
2026-07-31T08:30:21Z,116,3,3,23,1,0,1,1,1,1785484951
2026-07-31T08:30:21Z,118,20,9,0,3,0,1,1,1,1785486382
2026-07-31T08:30:21Z,119,33,2,1,4,0,1,1,1,1785485529
2026-07-31T08:30:21Z,120,24,1,2,1,0,1,1,1,1785484445
2026-07-31T08:30:21Z,121,5,2,13,0,1,1,1,1,1785486433
2026-07-31T08:30:21Z,122,13,0,7,1,0,1,1,1,1785482278
2026-07-31T08:30:21Z,123,8,1,39,0,0,1,1,1,1785485188
2026-07-31T08:30:21Z,124,31,1,4,0,0,1,1,1,1785485489
2026-07-31T08:30:21Z,125,7,2,16,0,0,1,1,1,1785485034
2026-07-31T08:30:21Z,126,25,2,6,0,0,1,1,1,1785484483
2026-07-31T08:30:21Z,127,8,0,25,2,0,1,1,1,1785486501
2026-07-31T08:30:21Z,128,2,1,17,0,0,1,1,1,1785484800
2026-07-31T08:30:21Z,129,17,1,0,2,0,1,1,1,1785486089
2026-07-31T08:30:21Z,130,5,0,12,0,0,1,1,1,1785484887
2026-07-31T08:30:21Z,131,7,2,2,2,0,1,1,1,1785486164
2026-07-31T08:30:21Z,132,12,5,2,0,1,1,1,1,1785486336
2026-07-31T08:30:21Z,134,3,0,15,5,0,1,1,1,1785486528
2026-07-31T08:30:21Z,135,6,2,12,1,0,1,1,1,1785484507
2026-07-31T08:30:21Z,136,6,0,9,1,7,1,1,1,1785486551
2026-07-31T08:30:21Z,137,6,1,13,0,0,1,1,1,1785486296
2026-07-31T08:30:21Z,138,35,2,2,0,0,1,1,1,1785486499
2026-07-31T08:30:21Z,139,19,5,0,0,0,1,1,1,1785485188
2026-07-31T08:30:21Z,140,15,8,6,2,0,1,1,1,1785486615
2026-07-31T08:30:21Z,141,31,1,5,0,0,1,1,1,1785485909
2026-07-31T08:30:21Z,142,22,1,1,0,0,1,1,1,1785485789
2026-07-31T08:30:21Z,143,13,3,17,1,0,1,1,1,1785482659
2026-07-31T08:30:21Z,144,23,1,4,0,0,1,1,1,1785485581
2026-07-31T08:30:21Z,146,8,1,14,1,0,1,1,1,1785486463
2026-07-31T08:30:21Z,147,10,2,7,2,0,1,1,1,1785486498
2026-07-31T08:30:21Z,148,23,0,3,0,1,1,1,1,1785486453
2026-07-31T08:30:21Z,149,14,4,12,1,0,1,1,1,1785483148
2026-07-31T08:30:21Z,150,31,7,2,2,0,1,1,1,1785486382
2026-07-31T08:30:21Z,151,22,7,1,0,0,1,1,1,1785485600
2026-07-31T08:30:21Z,152,19,0,4,4,0,1,1,1,1785486386
2026-07-31T08:30:21Z,153,12,1,13,6,0,1,1,1,1785486409
2026-07-31T08:30:21Z,154,16,5,4,3,0,1,1,1,1785486374
2026-07-31T08:30:21Z,155,13,4,0,1,0,1,1,1,1785486506
2026-07-31T08:30:21Z,156,16,1,3,0,0,1,1,1,1785485944
2026-07-31T08:30:21Z,157,15,0,10,2,0,1,1,1,1785486524
2026-07-31T08:30:21Z,158,16,2,0,0,0,1,1,1,1785471342
2026-07-31T08:30:21Z,159,5,2,14,0,0,1,1,1,1785486610
2026-07-31T08:30:21Z,160,19,1,0,0,0,1,1,1,1785475906
2026-07-31T08:30:21Z,161,15,1,7,0,0,1,1,1,1785486490
2026-07-31T08:30:21Z,162,14,3,12,1,0,1,1,1,1785484887
2026-07-31T08:30:21Z,163,29,2,2,0,0,1,1,1,1785485591
2026-07-31T08:30:21Z,164,25,7,2,0,0,1,1,1,1785485482
2026-07-31T08:30:21Z,165,23,11,7,1,0,1,1,1,1785486406
2026-07-31T08:30:21Z,166,31,7,3,5,0,1,1,1,1785486611
2026-07-31T08:30:21Z,167,21,10,0,2,0,1,1,1,1785484888
2026-07-31T08:30:21Z,168,21,0,5,1,0,1,1,1,1785486489
2026-07-31T08:30:21Z,169,1,0,21,0,1,1,1,1,1785483931
2026-07-31T08:30:21Z,170,18,5,0,1,0,1,1,1,1785485188
2026-07-31T08:30:21Z,171,10,3,1,2,0,1,1,1,1785486374
2026-07-31T08:30:21Z,173,36,0,3,0,0,1,1,1,1785484082
2026-07-31T08:30:21Z,174,22,1,2,2,0,1,1,1,1785482500
2026-07-31T08:30:21Z,175,8,1,23,0,0,1,1,1,1785485891
2026-07-31T08:30:21Z,176,4,1,10,0,1,1,1,1,1785485670
2026-07-31T08:30:21Z,177,21,2,6,0,0,1,1,1,1785486121
2026-07-31T08:30:21Z,178,2,0,10,2,1,1,1,1,1785486618
2026-07-31T08:30:21Z,179,11,1,3,1,0,1,1,1,1785486089
2026-07-31T08:30:21Z,180,27,0,3,0,0,1,1,1,1785468302
2026-07-31T08:30:21Z,181,14,1,0,1,0,1,1,1,1785485328
2026-07-31T08:30:21Z,182,16,1,1,0,0,1,1,1,1785485489
2026-07-31T08:30:21Z,183,17,0,6,0,0,1,1,1,1785486344
2026-07-31T08:30:21Z,184,1,1,21,1,0,1,1,1,1785485380
2026-07-31T08:30:21Z,185,12,1,0,2,1,1,1,1,1785484888
2026-07-31T08:30:21Z,186,5,2,14,0,0,1,1,1,1785486323
2026-07-31T08:30:21Z,187,8,0,19,1,0,1,1,1,1785484757
2026-07-31T08:30:21Z,188,14,0,5,8,0,1,1,1,1785486336
2026-07-31T08:30:21Z,189,15,4,0,0,0,1,1,1,1785479966
2026-07-31T08:30:21Z,190,5,2,18,0,0,1,1,1,1785486331
2026-07-31T08:30:21Z,191,2,1,37,0,0,1,1,1,1785483208
2026-07-31T08:30:21Z,192,12,4,16,3,0,1,1,1,1785486089
2026-07-31T08:30:21Z,193,0,0,15,0,0,1,1,1,1785484480
2026-07-31T08:30:21Z,194,17,1,9,1,0,1,1,1,1785484068
2026-07-31T08:30:21Z,195,13,1,4,2,0,1,1,1,1785484402
2026-07-31T08:30:21Z,196,24,1,0,3,0,1,1,1,1785486614
2026-07-31T08:30:21Z,197,15,3,2,1,1,1,1,1,1785485789
2026-07-31T08:30:21Z,198,21,16,2,0,0,1,1,1,1785484887
2026-07-31T08:30:21Z,199,7,5,5,3,0,1,1,1,1785483728
2026-07-31T08:30:21Z,200,15,0,10,1,0,1,1,1,1785486390
2026-07-31T08:30:21Z,201,8,3,15,0,0,1,1,1,1785482886
2026-07-31T08:30:21Z,202,0,0,27,0,0,1,1,1,1785477488
2026-07-31T08:30:21Z,203,25,3,5,1,0,1,1,1,1785486390
2026-07-31T08:30:21Z,204,31,1,3,1,0,1,1,1,1785485488
2026-07-31T08:30:21Z,205,12,1,15,0,0,1,1,1,1785482737
2026-07-31T08:30:21Z,206,1,1,13,1,0,1,1,1,1785486448
2026-07-31T08:30:21Z,207,14,0,7,0,0,1,1,1,1785481979
2026-07-31T08:30:21Z,208,2,0,27,0,0,1,1,1,1785477246
2026-07-31T08:30:21Z,209,8,0,20,3,0,1,1,1,1785484824
2026-07-31T08:30:21Z,210,23,2,4,0,0,1,1,1,1785485488
2026-07-31T08:30:21Z,211,16,6,6,1,0,1,1,1,1785482104
2026-07-31T08:30:21Z,212,25,0,9,1,0,1,1,1,1785486601
2026-07-31T08:30:21Z,213,12,1,9,2,0,1,1,1,1785486018
2026-07-31T08:30:21Z,214,30,1,13,4,0,1,1,1,1785486617
2026-07-31T08:30:21Z,215,6,1,16,1,0,1,1,1,1785486390
2026-07-31T08:30:21Z,216,10,0,8,1,0,1,1,1,1785482156
2026-07-31T08:30:21Z,217,9,0,19,1,0,1,1,1,1785486448
2026-07-31T08:30:21Z,218,0,0,37,2,0,1,1,1,1785485978
2026-07-31T08:30:21Z,219,0,0,25,1,0,1,1,1,1785478263
2026-07-31T08:30:21Z,220,24,7,17,1,1,1,1,1,1785484887
2026-07-31T08:30:21Z,221,13,8,1,1,0,1,1,1,1785483976
2026-07-31T08:30:21Z,222,16,12,2,1,0,1,1,1,1785485037
2026-07-31T08:30:21Z,223,8,3,24,3,0,1,1,1,1785486473
2026-07-31T08:30:21Z,224,6,5,15,1,0,1,1,1,1785485711
2026-07-31T08:30:21Z,225,10,0,3,6,0,1,1,1,1785486598
2026-07-31T08:30:21Z,226,30,10,1,0,0,1,1,1,1785485802
2026-07-31T08:30:21Z,227,19,13,7,0,1,1,1,1,1785485181
2026-07-31T08:30:21Z,228,1,0,17,1,0,1,1,1,1785484888
2026-07-31T08:30:21Z,230,16,9,10,0,0,1,1,1,1785483055
2026-07-31T08:30:21Z,232,13,6,3,1,0,1,1,1,1785486390
2026-07-31T08:30:21Z,233,20,0,10,1,0,1,1,1,1785486390
2026-07-31T08:30:21Z,234,8,3,6,3,2,1,1,1,1785483414
2026-07-31T08:30:21Z,236,14,3,5,0,0,1,1,1,1785480280
2026-07-31T08:30:21Z,237,22,4,0,1,0,1,1,1,1785486390
2026-07-31T08:30:21Z,239,23,18,1,3,0,1,1,1,1785484709
2026-07-31T08:30:21Z,241,19,6,4,0,0,1,1,1,1785485005
2026-07-31T08:30:21Z,242,1,1,21,1,0,1,1,1,1785484715
2026-07-31T08:30:21Z,243,11,0,19,1,0,1,1,1,1785484434
2026-07-31T08:30:21Z,244,12,1,14,1,0,1,1,1,1785485897
2026-07-31T08:30:21Z,245,3,3,20,0,0,1,1,1,1785484146
2026-07-31T08:30:21Z,246,13,0,10,0,0,1,1,1,1785486470
2026-07-31T08:30:21Z,247,12,10,10,1,0,1,1,1,1785486381
2026-07-31T08:30:21Z,248,18,4,2,3,0,1,1,1,1785486013
2026-07-31T08:30:21Z,249,1,0,18,0,0,1,1,1,1785483971
2026-07-31T08:30:21Z,250,3,3,23,1,0,1,1,1,1785483886
2026-07-31T08:30:21Z,251,22,5,2,3,0,1,1,1,1785486475
2026-07-31T08:30:21Z,253,7,4,11,1,0,1,1,1,1785486537
2026-07-31T08:30:21Z,254,26,21,16,1,0,1,1,1,1785485789
2026-07-31T08:30:21Z,255,5,0,17,0,1,1,1,1,1785486613
2026-07-31T08:30:21Z,256,10,5,11,2,0,1,1,1,1785485834
2026-07-31T08:30:21Z,257,14,6,4,1,0,1,1,1,1785482023
2026-07-31T08:30:21Z,258,1,0,18,0,0,1,1,1,1785482036
2026-07-31T08:30:21Z,259,20,3,2,0,1,1,1,1,1785486090
2026-07-31T08:30:21Z,260,14,4,2,3,0,1,1,1,1785486424
2026-07-31T08:30:21Z,261,16,0,1,1,1,1,1,1,1785484888
2026-07-31T08:30:21Z,262,20,11,3,0,0,1,1,1,1785485066
2026-07-31T08:30:21Z,263,14,3,1,0,0,1,1,1,1785480222
2026-07-31T08:30:21Z,264,18,6,0,1,0,1,1,1,1785474915
2026-07-31T08:30:21Z,265,15,1,0,0,0,1,1,1,1785473819
2026-07-31T08:30:21Z,266,17,8,0,2,0,1,1,1,1785481181
2026-07-31T08:30:21Z,267,7,3,6,2,0,1,1,1,1785484888
2026-07-31T08:30:21Z,268,23,9,0,0,0,1,1,1,1785484887
2026-07-31T08:30:21Z,269,9,3,13,1,0,1,1,1,1785484888
2026-07-31T08:30:21Z,270,25,3,2,0,0,1,1,1,1785485188
2026-07-31T08:30:21Z,271,0,0,17,2,0,1,1,1,1785468500
2026-07-31T08:30:21Z,272,13,13,9,1,0,1,1,1,1785486390
2026-07-31T08:30:21Z,273,14,5,1,0,0,1,1,1,1785484888
2026-07-31T08:30:21Z,274,18,8,0,1,0,1,1,1,1785472651
2026-07-31T08:30:21Z,275,13,0,6,2,2,1,1,1,1785486385
2026-07-31T08:30:21Z,276,1,0,26,0,0,1,1,1,1785477868
2026-07-31T08:30:21Z,277,12,1,6,5,0,1,1,1,1785485546
2026-07-31T08:30:21Z,278,21,0,7,2,1,1,1,1,1785485697
2026-07-31T08:30:21Z,279,16,0,3,0,0,1,1,1,1785484888
2026-07-31T08:30:21Z,280,11,1,18,2,0,1,1,1,1785485974
2026-07-31T08:30:21Z,281,19,0,0,0,0,1,1,1,1785486089
2026-07-31T08:30:21Z,282,5,2,13,0,0,1,1,1,1785484887
2026-07-31T08:30:21Z,283,34,1,1,0,0,1,1,1,1785484709
2026-07-31T08:30:21Z,284,19,5,14,2,0,1,1,1,1785486390
2026-07-31T08:30:21Z,285,8,7,15,0,0,1,1,1,1785485188
2026-07-31T08:30:21Z,286,16,14,2,5,0,1,1,1,1785486390
2026-07-31T08:30:21Z,287,13,4,7,3,0,1,1,1,1785484887
2026-07-31T08:30:21Z,288,14,10,5,0,0,1,1,1,1785480320
2026-07-31T08:30:21Z,289,23,2,1,3,0,1,1,1,1785486259
2026-07-31T08:30:21Z,290,7,0,31,1,0,1,1,1,1785482049
2026-07-31T08:30:21Z,291,10,2,11,2,0,1,1,1,1785486380
2026-07-31T08:30:21Z,292,22,0,1,0,0,1,1,1,1785485789
2026-07-31T08:30:21Z,293,17,10,6,0,0,1,1,1,1785485752
2026-07-31T08:30:21Z,294,0,0,21,1,0,1,1,1,1785485828
2026-07-31T08:30:21Z,297,10,1,6,2,1,1,1,1,1785485188
2026-07-31T08:30:21Z,301,17,1,2,0,0,1,1,1,1785486240
2026-07-31T08:30:21Z,302,0,0,23,0,0,1,1,1,1785485769
2026-07-31T08:30:21Z,303,19,0,0,0,0,1,1,1,1785485188
2026-07-31T08:30:21Z,304,0,0,0,0,0,0,1,1,86400
2026-07-31T08:30:21Z,305,19,0,0,0,0,1,1,1,1785485188
2026-07-31T08:30:21Z,306,2,0,29,1,0,1,1,1,1785485188
2026-07-31T08:30:21Z,307,17,1,4,1,1,1,1,1,1785486414
2026-07-31T08:30:21Z,308,14,0,3,2,0,1,1,1,1785485188
2026-07-31T08:30:21Z,309,12,3,1,1,0,1,1,1,1785486401
2026-07-31T08:30:21Z,311,15,0,0,0,0,1,1,1,1785476190
2026-07-31T08:30:21Z,312,6,3,12,4,1,1,1,1,1785486423
2026-07-31T08:30:21Z,313,3,1,12,0,0,1,1,1,1785479124
2026-07-31T08:30:21Z,314,4,3,11,3,0,1,1,1,1785477432
2026-07-31T08:30:21Z,315,23,6,5,3,0,1,1,1,1785478922
2026-07-31T08:30:21Z,316,4,1,4,22,1,1,1,1,1785486585
2026-07-31T08:30:21Z,317,0,0,30,0,1,1,1,1,1785486581
2026-07-31T08:30:21Z,318,16,0,3,0,0,1,1,1,1785478379
2026-07-31T08:30:21Z,319,17,3,5,1,0,1,1,1,1785485533
2026-07-31T08:30:21Z,320,18,5,0,1,0,1,1,1,1785483872
2026-07-31T08:30:21Z,321,8,1,7,4,0,1,1,1,1785486525
2026-07-31T08:30:21Z,322,5,1,23,1,0,1,1,1,1785484798
2026-07-31T08:30:21Z,323,8,0,11,0,0,1,1,1,1785476374
2026-07-31T08:30:21Z,324,7,2,19,1,0,1,1,1,1785486606
2026-07-31T08:30:21Z,325,4,3,21,2,0,1,1,1,1785484701
2026-07-31T08:30:21Z,327,25,0,1,1,0,1,1,1,1785485570
2026-07-31T08:30:21Z,328,20,0,1,1,0,1,1,1,1785484794
2026-07-31T08:30:21Z,329,17,0,0,2,0,1,1,1,1785486592
2026-07-31T08:30:21Z,330,3,0,19,0,0,1,1,1,1785485188
2026-07-31T08:30:21Z,331,11,3,11,1,0,1,1,1,1785486473
2026-07-31T08:30:21Z,332,9,2,8,2,0,1,1,1,1785484656
2026-07-31T08:30:21Z,333,2,1,20,1,0,1,1,1,1785485924
2026-07-31T08:30:21Z,334,10,8,13,0,0,1,1,1,1785486485
2026-07-31T08:30:21Z,335,3,2,18,1,1,1,1,1,1785477902
2026-07-31T08:30:21Z,336,18,2,1,0,0,1,1,1,1785483787
2026-07-31T08:30:21Z,337,17,3,1,5,0,1,1,1,1785486594
2026-07-31T08:30:21Z,338,18,8,1,0,0,1,1,1,1785484469
2026-07-31T08:30:21Z,339,18,10,4,1,0,1,1,1,1785484330
2026-07-31T08:30:21Z,340,14,11,0,1,0,1,1,1,1785470343
2026-07-31T08:30:21Z,341,11,4,8,0,0,1,1,1,1785479749
2026-07-31T08:30:21Z,342,13,7,0,2,0,1,1,1,1785475446
2026-07-31T08:30:21Z,343,20,1,2,1,0,1,1,1,1785480772
2026-07-31T08:30:21Z,344,23,9,0,0,0,1,1,1,1785484887
2026-07-31T08:30:21Z,345,19,3,0,0,0,1,1,1,1785484144
2026-07-31T08:30:21Z,346,8,6,15,0,0,1,1,1,1785486132
2026-07-31T08:30:21Z,347,0,0,42,2,0,1,1,1,1785486606
2026-07-31T08:30:21Z,348,21,3,0,1,1,1,1,1,1785486534
2026-07-31T08:30:21Z,349,5,1,14,0,0,1,1,1,1785484069
2026-07-31T08:30:21Z,350,24,3,1,1,1,1,1,1,1785482374
2026-07-31T08:30:21Z,351,20,3,0,3,0,1,1,1,1785486524
2026-07-31T08:30:21Z,355,23,1,0,0,0,1,1,1,1785477413
2026-07-31T08:30:21Z,356,17,2,2,0,0,1,1,1,1785482282
2026-07-31T08:30:21Z,357,13,4,6,0,0,1,1,1,1785485188
2026-07-31T08:30:21Z,358,24,4,2,1,0,1,1,1,1785483982
2026-07-31T08:30:21Z,359,22,0,5,0,0,1,1,1,1785482858
2026-07-31T08:30:21Z,360,16,4,1,2,0,1,1,1,1785486258
2026-07-31T08:30:21Z,362,17,5,0,2,0,1,1,1,1785485646
2026-07-31T08:30:21Z,363,0,0,27,0,0,1,1,1,1785483419
2026-07-31T08:30:21Z,364,19,3,0,0,0,1,1,1,1785483692
2026-07-31T08:30:21Z,365,18,6,2,3,0,1,1,1,1785483765
2026-07-31T08:30:21Z,366,14,7,2,7,0,1,1,1,1785486324
2026-07-31T08:30:21Z,367,16,9,1,2,0,1,1,1,1785478153
2026-07-31T08:30:21Z,368,20,3,1,2,0,1,1,1,1785482737
2026-07-31T08:30:21Z,370,16,9,11,0,0,1,1,1,1785479785
2026-07-31T08:30:21Z,371,4,2,14,1,0,1,1,1,1785484735
2026-07-31T08:30:21Z,372,8,2,7,0,0,1,1,1,1785482153
2026-07-31T08:30:21Z,373,24,8,3,0,0,1,1,1,1785486433
2026-07-31T08:30:21Z,374,17,7,0,2,0,1,1,1,1785486570
2026-07-31T08:30:21Z,375,22,5,3,2,0,1,1,1,1785482460
2026-07-31T08:30:21Z,376,29,3,4,6,0,1,1,1,1785486517
2026-07-31T08:30:21Z,377,25,9,2,0,0,1,1,1,1785486573
2026-07-31T08:30:21Z,378,22,5,0,1,1,1,1,1,1785486484
2026-07-31T08:30:21Z,379,14,0,13,0,0,1,1,1,1785486139
2026-07-31T08:30:21Z,380,21,7,1,1,0,1,1,1,1785486117
2026-07-31T08:30:21Z,381,14,0,9,0,0,1,1,1,1785482950
2026-07-31T08:30:21Z,383,12,0,1,2,0,1,1,1,1785480220
2026-07-31T08:30:21Z,384,26,1,0,1,0,1,1,1,1785479554
2026-07-31T08:30:21Z,385,16,4,1,1,0,1,1,1,1785480137
2026-07-31T08:30:21Z,387,21,2,2,0,0,1,1,1,1785486411
2026-07-31T08:30:21Z,388,16,3,33,0,0,1,1,1,1785485188
2026-07-31T08:30:21Z,389,9,8,6,0,0,1,1,1,1785486065
2026-07-31T08:30:21Z,390,19,1,16,0,0,1,1,1,1785485014
2026-07-31T08:30:21Z,391,4,0,10,1,0,1,1,1,1785475375
2026-07-31T08:30:21Z,392,3,3,15,1,0,1,1,1,1785486434
2026-07-31T08:30:21Z,393,3,3,5,3,0,1,1,1,1785480120
2026-07-31T08:30:21Z,394,9,6,2,2,0,1,1,1,1785481308
2026-07-31T08:30:21Z,396,7,7,32,3,0,1,1,1,1785483097
2026-07-31T08:30:21Z,397,4,4,27,0,0,1,1,1,1785479502
2026-07-31T08:30:21Z,399,13,2,2,2,0,1,1,1,1785483706
2026-07-31T08:30:21Z,400,11,6,9,3,0,1,1,1,1785485630
2026-07-31T08:30:21Z,401,10,0,21,8,0,1,1,1,1785475540
2026-07-31T08:30:21Z,403,4,0,25,2,0,1,1,1,1785486553
2026-07-31T08:30:21Z,404,2,1,20,1,0,1,1,1,1785485373
2026-07-31T08:30:21Z,406,2,0,32,1,0,1,1,1,1785476032
2026-07-31T08:30:21Z,407,16,3,17,1,0,1,1,1,1785484887
2026-07-31T08:30:21Z,408,12,2,20,1,0,1,1,1,1785480622
2026-07-31T08:30:21Z,409,0,0,20,3,0,1,1,1,1785474552
2026-07-31T08:30:21Z,413,20,4,1,2,0,1,1,1,1785484683
2026-07-31T08:30:21Z,414,13,4,1,1,0,1,1,1,1785485488
2026-07-31T08:30:21Z,417,11,7,8,0,0,1,1,1,1785478784
2026-07-31T08:30:21Z,418,1,0,13,1,0,1,1,1,1785476979
2026-07-31T08:30:21Z,419,10,0,12,1,0,1,1,1,1785476705
2026-07-31T08:30:21Z,421,1,0,18,0,0,1,1,1,1785475529
2026-07-31T08:30:21Z,422,3,3,24,0,0,1,1,1,1785484728
2026-07-31T08:30:21Z,423,6,1,17,0,0,1,1,1,1785477801
2026-07-31T08:30:21Z,424,1,0,11,3,0,1,1,1,1785486398
2026-07-31T08:30:21Z,425,20,0,1,0,1,1,1,1,1785485489
2026-07-31T08:30:21Z,426,0,0,35,2,0,1,1,1,1785483994
2026-07-31T08:30:21Z,427,14,1,0,2,0,1,1,1,1785486533
2026-07-31T08:30:21Z,428,14,1,4,1,0,1,1,1,1785485758
2026-07-31T08:30:21Z,429,2,0,19,2,0,1,1,1,1785485311
2026-07-31T08:30:21Z,430,28,0,0,3,0,1,1,1,1785485488
2026-07-31T08:30:21Z,431,14,0,18,1,0,1,1,1,1785477264
2026-07-31T08:30:21Z,432,19,0,10,2,0,1,1,1,1785484695
2026-07-31T08:30:21Z,433,19,6,3,1,0,1,1,1,1785477238
2026-07-31T08:30:21Z,437,3,1,15,1,0,1,1,1,1785486178
2026-07-31T08:30:21Z,438,17,0,1,1,0,1,1,1,1785486407
2026-07-31T08:30:21Z,439,5,0,10,0,0,1,1,1,1785472574
2026-07-31T08:30:21Z,440,13,1,0,2,0,1,1,1,1785485156
2026-07-31T08:30:21Z,441,10,2,4,1,0,1,1,1,1785485488
2026-07-31T08:30:21Z,442,17,9,1,1,0,1,1,1,1785481675
2026-07-31T08:30:21Z,443,4,2,23,0,0,1,1,1,1785485488
2026-07-31T08:30:21Z,444,2,2,21,0,0,1,1,1,1785485488
2026-07-31T08:30:21Z,445,7,2,15,1,0,1,1,1,1785486318
2026-07-31T08:30:21Z,446,1,1,21,1,0,1,1,1,1785470328
2026-07-31T08:30:21Z,447,3,0,18,1,1,1,1,1,1785485488
2026-07-31T08:30:21Z,448,9,4,5,1,0,1,1,1,1785484738
2026-07-31T08:30:21Z,452,7,6,11,1,0,1,1,1,1785485488
2026-07-31T08:30:21Z,453,7,5,7,1,0,1,1,1,1785486105
2026-07-31T08:30:21Z,454,9,0,10,0,0,1,1,1,1785484271
2026-07-31T08:30:21Z,455,0,0,39,0,0,1,1,1,1785483866
2026-07-31T08:30:21Z,456,9,0,10,1,0,1,1,1,1785486565
2026-07-31T08:30:21Z,457,25,2,0,2,0,1,1,1,1785481257
2026-07-31T08:30:21Z,458,16,6,7,0,0,1,1,1,1785485789
2026-07-31T08:30:21Z,459,15,0,0,0,0,1,1,1,1785485789
2026-07-31T08:30:21Z,460,20,2,2,1,0,1,1,1,1785484847
2026-07-31T08:30:21Z,461,6,1,13,0,0,1,1,1,1785485789
2026-07-31T08:30:21Z,462,9,0,12,0,0,1,1,1,1785486367
2026-07-31T08:30:21Z,463,13,1,6,0,0,1,1,1,1785475514
2026-07-31T08:30:21Z,464,3,1,11,0,0,1,1,1,1785485789
2026-07-31T08:30:21Z,465,0,0,14,1,0,1,1,1,1785485789
2026-07-31T08:30:21Z,466,11,3,2,2,0,1,1,1,1785485789
2026-07-31T08:30:21Z,467,5,1,13,1,0,1,1,1,1785471818
2026-07-31T08:30:21Z,468,17,1,1,1,0,1,1,1,1785485789
2026-07-31T08:30:21Z,469,2,1,21,0,0,1,1,1,1785473803
2026-07-31T08:30:21Z,470,13,1,0,2,0,1,1,1,1785486413
2026-07-31T08:30:21Z,471,21,2,6,0,0,1,1,1,1785485170
2026-07-31T08:30:21Z,472,18,6,0,1,0,1,1,1,1785486373
2026-07-31T08:30:21Z,473,19,5,0,0,0,1,1,1,1785485789
2026-07-31T08:30:21Z,474,18,0,1,0,0,1,1,1,1785485789
2026-07-31T08:30:21Z,475,3,0,15,1,0,1,1,1,1785485789
2026-07-31T08:30:21Z,477,11,8,3,1,0,1,1,1,1785486182
2026-07-31T08:30:21Z,478,6,0,24,1,0,1,1,1,1785485789
2026-07-31T08:30:21Z,479,1,1,25,1,0,1,1,1,1785485263
2026-07-31T08:30:21Z,480,2,0,10,3,0,1,1,1,1785485789
2026-07-31T08:30:21Z,481,26,1,8,1,0,1,1,1,1785486450
2026-07-31T08:30:21Z,482,18,6,1,0,0,1,1,1,1785484337
2026-07-31T08:30:21Z,483,1,0,24,2,0,1,1,1,1785486353
2026-07-31T08:30:21Z,484,8,2,10,1,0,1,1,1,1785486597
2026-07-31T08:30:21Z,485,16,6,1,1,1,1,1,1,1785486424
2026-07-31T08:30:21Z,486,25,6,0,2,0,1,1,1,1785486412
2026-07-31T08:30:21Z,487,6,4,12,1,0,1,1,1,1785486089
2026-07-31T08:30:21Z,489,14,6,1,0,0,1,1,1,1785484134
2026-07-31T08:30:21Z,490,2,1,14,0,0,1,1,1,1785486473
2026-07-31T08:30:21Z,491,4,1,17,0,0,1,1,1,1785486090
2026-07-31T08:30:21Z,492,5,3,2,4,0,1,1,1,1785486616
2026-07-31T08:30:21Z,493,0,0,26,1,0,1,1,1,1785478572
2026-07-31T08:30:21Z,495,10,0,2,3,0,1,1,1,1785485719
2026-07-31T08:30:21Z,496,27,1,0,0,0,1,1,1,1785486089
2026-07-31T08:30:21Z,497,17,0,1,1,0,1,1,1,1785473754
2026-07-31T08:30:21Z,498,22,3,0,1,0,1,1,1,1785486119
2026-07-31T08:30:21Z,499,18,2,1,0,0,1,1,1,1785482441
2026-07-31T08:30:21Z,500,10,5,0,5,0,1,1,1,1785474639
2026-07-31T08:30:21Z,501,9,3,12,0,0,1,1,1,1785486461
2026-07-31T08:30:21Z,502,6,0,13,0,0,1,1,1,1785486089
2026-07-31T08:30:21Z,503,26,0,4,1,0,1,1,1,1785482589
2026-07-31T08:30:21Z,504,0,0,39,0,0,1,1,1,1785486562
2026-07-31T08:30:21Z,505,11,2,0,1,0,1,1,1,1785486090
2026-07-31T08:30:21Z,511,2,1,21,0,0,1,1,1,1785486354
2026-07-31T08:30:21Z,512,7,0,20,0,0,1,1,1,1785480589
2026-07-31T08:30:21Z,514,10,0,0,1,0,1,1,1,1785486089
2026-07-31T08:30:21Z,515,2,0,17,0,0,1,1,1,1785475097
2026-07-31T08:30:21Z,516,0,0,27,0,0,1,1,1,1785484039
2026-07-31T08:30:21Z,517,14,3,8,1,0,1,1,1,1785486090
2026-07-31T08:30:21Z,518,14,1,0,1,0,1,1,1,1785486390
2026-07-31T08:30:21Z,519,4,0,13,2,0,1,1,1,1785486090
2026-07-31T08:30:21Z,520,11,7,10,5,1,1,1,1,1785486618
2026-07-31T08:30:21Z,521,18,5,5,0,0,1,1,1,1785485835
2026-07-31T08:30:21Z,522,0,0,22,1,0,1,1,1,1785486390
2026-07-31T08:30:21Z,523,6,3,16,1,0,1,1,1,1785481269
2026-07-31T08:30:21Z,524,0,0,23,0,0,1,1,1,1785486390
2026-07-31T08:30:21Z,525,9,0,10,0,0,1,1,1,1785484441
2026-07-31T08:30:21Z,526,13,1,0,2,0,1,1,1,1785486390
2026-07-31T08:30:21Z,527,6,4,17,3,0,1,1,1,1785486464
2026-07-31T08:30:21Z,528,21,2,1,1,0,1,1,1,1785486390
2026-07-31T08:30:21Z,529,6,3,7,6,0,1,1,1,1785486615
2026-07-31T08:30:21Z,530,16,1,3,2,0,1,1,1,1785482854
2026-07-31T08:30:21Z,531,21,1,0,1,1,1,1,1,1785485732
2026-07-31T08:30:21Z,532,3,3,26,1,1,1,1,1,1785481447
2026-07-31T08:30:21Z,533,8,1,9,2,0,1,1,1,1785486390
2026-07-31T08:30:21Z,534,16,2,7,0,0,1,1,1,1785486465
2026-07-31T08:30:21Z,535,2,0,13,0,0,1,1,1,1785486390
2026-07-31T08:30:21Z,536,1,0,22,0,0,1,1,1,1785485983
2026-07-31T08:30:21Z,537,0,0,20,0,0,1,1,1,1785482824
2026-07-31T08:30:21Z,538,21,8,0,0,2,1,1,1,1785486525
2026-07-31T08:30:21Z,539,4,4,27,0,0,1,1,1,1785470894
2026-07-31T08:30:21Z,540,2,1,17,0,0,1,1,1,1785486391
2026-07-31T08:30:21Z,541,26,2,0,1,0,1,1,1,1785486390
2026-07-31T08:30:21Z,542,2,2,21,0,0,1,1,1,1785486390
2026-07-31T08:30:21Z,543,17,2,1,1,0,1,1,1,1785477292
2026-07-31T08:30:21Z,544,14,1,4,4,0,1,1,1,1785486390
2026-07-31T08:30:21Z,545,0,0,17,2,0,1,1,1,1785486390
2026-07-31T08:30:21Z,546,14,6,5,0,0,1,1,1,1785486390
2026-07-31T08:30:21Z,547,19,0,6,0,0,1,1,1,1785484975
2026-07-31T08:30:21Z,548,14,1,9,0,0,1,1,1,1785486390
2026-07-31T08:30:21Z,549,20,0,3,0,0,1,1,1,1785486390
2026-07-31T08:30:21Z,550,17,2,2,0,0,1,1,1,1785486390
2026-07-31T08:30:21Z,551,16,4,7,0,0,1,1,1,1785486390
2026-07-31T08:30:21Z,552,27,3,0,0,0,1,1,1,1785486390
2026-07-31T08:30:21Z,553,20,4,0,2,1,1,1,1,1785486587
2026-07-31T08:30:21Z,554,1,1,18,0,0,1,1,1,1785481543
2026-07-31T08:30:21Z,555,14,6,0,1,0,1,1,1,1785473227
2026-07-31T08:30:21Z,556,21,4,0,2,0,1,1,1,1785486580
2026-07-31T08:30:21Z,557,6,4,12,5,0,1,1,1,1785481664
2026-07-31T08:30:21Z,558,27,4,10,0,0,1,1,1,1785482878
2026-07-31T08:30:21Z,559,0,0,18,1,0,1,1,1,1785486390
2026-07-31T08:30:21Z,560,8,0,19,0,0,1,1,1,1785481488
2026-07-31T08:30:21Z,561,13,1,9,1,0,1,1,1,1785486390
2026-07-31T08:30:21Z,562,3,0,29,3,0,1,1,1,1785474061
2026-07-31T08:30:21Z,563,11,1,3,0,0,1,1,1,1785482241
2026-07-31T08:30:21Z,564,12,0,6,1,0,1,1,1,1785482523
2026-07-31T08:30:21Z,565,6,2,13,0,0,1,1,1,1785482411
2026-07-31T08:30:21Z,566,16,0,2,1,0,1,1,1,1785486372
2026-07-31T08:30:21Z,567,25,1,1,1,0,1,1,1,1785485492
2026-07-31T08:30:21Z,568,13,0,5,1,0,1,1,1,1785483409
2026-07-31T08:30:21Z,569,17,3,2,0,0,1,1,1,1785480726
2026-07-31T08:30:21Z,570,13,1,6,0,0,1,1,1,1785485723
2026-07-31T08:30:21Z,571,0,0,23,0,0,1,1,1,1785485442
2026-07-31T08:30:21Z,572,17,5,1,1,0,1,1,1,1785486189
2026-07-31T08:30:21Z,573,13,0,2,0,0,1,1,1,1785484177
2026-07-31T08:30:21Z,574,10,3,5,0,0,1,1,1,1785478785
2026-07-31T08:30:21Z,575,5,0,15,1,0,1,1,1,1785486513
2026-07-31T08:30:21Z,576,3,0,14,2,0,1,1,1,1785484547
2026-07-31T08:30:21Z,577,13,0,18,0,0,1,1,1,1785484139
2026-07-31T08:30:21Z,578,14,9,8,1,0,1,1,1,1785484622
2026-07-31T08:30:21Z,579,4,0,39,0,0,1,1,1,1785482722
2026-07-31T08:30:21Z,580,4,0,25,0,0,1,1,1,1785479325
2026-07-31T08:30:21Z,581,19,3,0,0,0,1,1,1,1785478520
2026-07-31T08:30:21Z,582,22,0,38,1,0,1,1,1,1785486407
2026-07-31T08:30:21Z,583,23,1,0,0,0,1,1,1,1785480947
2026-07-31T08:30:21Z,584,9,4,6,4,0,1,1,1,1785475747
2026-07-31T08:30:21Z,585,16,3,10,0,1,1,1,1,1785486481
2026-07-31T08:30:21Z,586,14,0,21,0,0,1,1,1,1785482020
2026-07-31T08:30:21Z,587,21,0,2,1,0,1,1,1,1785485505
2026-07-31T08:30:21Z,588,12,4,4,3,0,1,1,1,1785486306
2026-07-31T08:30:21Z,589,0,0,0,23,0,1,1,1,1785486575
2026-07-31T08:30:21Z,590,19,4,11,1,0,1,1,1,1785479272
2026-07-31T08:30:21Z,591,28,1,0,2,0,1,1,1,1785470989
2026-07-31T08:30:21Z,592,12,0,11,0,0,1,1,1,1785483987
2026-07-31T08:30:21Z,593,0,0,38,0,0,1,1,1,1785476655
2026-07-31T08:30:21Z,594,7,0,11,3,0,1,1,1,1785486367
2026-07-31T08:30:21Z,595,0,0,3,0,0,0,1,1,1784046673
2026-07-31T08:30:21Z,605,0,0,2,1,0,0,1,1,1783975843
2026-07-31T08:30:21Z,606,0,0,0,0,0,0,1,1,86400
2026-07-31T08:30:21Z,607,8,0,23,1,0,1,1,1,1785485923
2026-07-31T08:30:21Z,608,0,0,50,0,0,1,1,1,1785482473
2026-07-31T08:30:21Z,609,2,0,21,0,0,1,1,1,1785486261
2026-07-31T08:30:21Z,610,0,0,35,0,0,1,1,1,1785463583
2026-07-31T08:30:21Z,611,12,0,14,1,0,1,1,1,1785483600
2026-07-31T08:30:21Z,612,6,1,9,0,0,1,1,1,1785472015
2026-07-31T08:30:21Z,613,9,0,3,3,0,1,1,1,1785472894
2026-07-31T08:30:21Z,614,0,0,24,2,1,1,1,1,1785474126
2026-07-31T08:30:21Z,617,12,0,1,2,0,1,1,1,1785485630
2026-07-31T08:30:21Z,618,13,2,1,5,0,1,1,1,1785473502
2026-07-31T08:30:21Z,619,7,2,12,0,0,1,1,1,1785483534
2026-07-31T08:30:21Z,620,0,0,25,2,0,1,1,1,1785478133
2026-07-31T08:30:21Z,621,8,3,15,0,0,1,1,1,1785486244
2026-07-31T08:30:21Z,622,5,2,17,1,0,1,1,1,1785480182
2026-07-31T08:30:21Z,623,9,2,20,1,0,1,1,1,1785475996
2026-07-31T08:30:21Z,624,2,0,13,0,0,1,1,1,1785470898
2026-07-31T08:30:21Z,625,5,0,14,2,0,1,1,1,1785484305
2026-07-31T08:30:21Z,626,0,0,45,0,2,1,1,1,1785469585
2026-07-31T08:30:21Z,627,13,6,6,0,0,1,1,1,1785485482
2026-07-31T08:30:21Z,628,0,0,15,2,2,1,1,1,1785486549
2026-07-31T08:30:21Z,629,4,1,6,1,0,1,1,1,1785486606
2026-07-31T08:30:21Z,630,3,2,21,3,0,1,1,1,1785486417
2026-07-31T08:30:21Z,631,2,1,21,0,0,1,1,1,1785471593
2026-07-31T08:30:21Z,632,22,2,0,1,0,1,1,1,1785458363
2026-07-31T08:30:21Z,633,11,1,0,4,0,1,1,1,1785486349
2026-07-31T08:30:21Z,634,11,2,8,0,0,1,1,1,1785478804
2026-07-31T08:30:21Z,635,17,1,2,0,0,1,1,1,1785485606
2026-07-31T08:30:21Z,636,10,2,5,0,0,1,1,1,1785484858
2026-07-31T08:30:21Z,637,8,0,11,0,0,1,1,1,1785483457
2026-07-31T08:30:21Z,638,9,2,7,3,0,1,1,1,1785473314
2026-07-31T08:30:21Z,639,5,1,11,3,0,1,1,1,1785479066
2026-07-31T08:30:21Z,640,1,1,21,1,0,1,1,1,1785486418
2026-07-31T08:30:21Z,641,20,1,4,2,0,1,1,1,1785486471
2026-07-31T08:30:21Z,642,3,2,8,8,0,1,1,1,1785486616
2026-07-31T08:30:21Z,643,1,0,18,8,0,1,1,1,1785486616
2026-07-31T08:30:21Z,644,12,0,2,1,0,1,1,1,1785475510
2026-07-31T08:30:21Z,645,13,0,8,1,1,1,1,1,1785485314
2026-07-31T08:30:21Z,646,7,2,12,0,0,1,1,1,1785486612
2026-07-31T08:30:21Z,647,31,1,0,0,0,1,1,1,1785469507
2026-07-31T08:30:21Z,648,6,0,12,1,0,1,1,1,1785483627
2026-07-31T08:30:21Z,649,19,2,11,1,0,1,1,1,1785486346
2026-07-31T08:30:21Z,650,5,1,9,0,0,1,1,1,1785461548
2026-07-31T08:30:21Z,651,11,9,12,0,0,1,1,1,1785482207
2026-07-31T08:30:21Z,652,4,2,17,2,0,1,1,1,1785486406
2026-07-31T08:30:21Z,653,8,1,9,2,0,1,1,1,1785481487
2026-07-31T08:30:21Z,654,2,2,13,0,0,1,1,1,1785480995
2026-07-31T08:30:21Z,655,6,3,2,4,1,1,1,1,1785486614
2026-07-31T08:30:21Z,656,18,6,1,0,0,1,1,1,1785482316
2026-07-31T08:30:21Z,657,9,1,3,2,3,1,1,1,1785486337
2026-07-31T08:30:21Z,658,9,1,1,0,0,1,1,1,1785473427
2026-07-31T08:30:21Z,659,8,3,5,2,0,1,1,1,1785482005
2026-07-31T08:30:21Z,660,13,0,14,4,0,1,1,1,1785486441
2026-07-31T08:30:21Z,661,1,1,18,0,0,1,1,1,1785474064
2026-07-31T08:30:21Z,662,7,5,14,2,0,1,1,1,1785480458
2026-07-31T08:30:21Z,663,14,6,0,1,0,1,1,1,1785472341
2026-07-31T08:30:21Z,664,0,0,27,0,0,1,1,1,1785472715
2026-07-31T08:30:21Z,665,12,3,3,0,0,1,1,1,1785479255
2026-07-31T08:30:21Z,666,7,2,6,2,0,1,1,1,1785473808
2026-07-31T08:30:21Z,667,0,0,19,0,0,1,1,1,1785482992
2026-07-31T08:30:21Z,668,10,1,8,1,0,1,1,1,1785484022
2026-07-31T08:30:21Z,669,14,5,0,0,0,1,1,1,1785473569
2026-07-31T08:30:21Z,670,11,2,16,0,0,1,1,1,1785482280
2026-07-31T08:30:21Z,671,24,5,2,1,0,1,1,1,1785486033
2026-07-31T08:30:21Z,672,13,2,6,3,1,1,1,1,1785476904
2026-07-31T08:30:21Z,673,12,1,9,2,0,1,1,1,1785486235
2026-07-31T08:30:21Z,674,3,2,17,3,0,1,1,1,1785486467
2026-07-31T08:30:21Z,675,12,6,1,2,0,1,1,1,1785486533
2026-07-31T08:30:21Z,676,4,1,17,1,0,1,1,1,1785479831
2026-07-31T08:30:21Z,681,12,3,1,2,0,1,1,1,1785484717
2026-07-31T08:30:21Z,682,4,1,14,1,0,1,1,1,1785387864
2026-07-31T08:30:21Z,683,4,1,15,0,0,1,1,1,1785486513
2026-07-31T08:30:21Z,684,4,0,23,0,0,1,1,1,1785473502
2026-07-31T08:30:21Z,685,10,0,15,1,1,1,1,1,1785476486
2026-07-31T08:30:21Z,686,11,0,14,1,1,1,1,1,1785486519
2026-07-31T08:30:21Z,687,11,0,18,1,1,1,1,1,1785486406
2026-07-31T08:30:21Z,688,10,0,2,7,0,1,1,1,1785486517
2026-07-31T08:30:21Z,692,2,0,19,0,0,1,1,1,1785485789
2026-07-31T08:30:21Z,693,5,0,3,3,0,1,1,1,1785485368
2026-07-31T08:30:21Z,694,9,5,12,0,0,1,1,1,1785485108
2026-07-31T08:30:21Z,695,17,11,6,0,0,1,1,1,1785485239
2026-07-31T08:30:21Z,696,19,14,3,1,0,1,1,1,1785485157
2026-07-31T08:30:21Z,697,19,1,4,0,0,1,1,1,1785486580
2026-07-31T08:30:21Z,698,26,0,1,0,0,1,1,1,1785486332
2026-07-31T08:30:21Z,699,7,0,7,1,0,1,1,1,1785485658
2026-07-31T08:30:21Z,700,19,4,0,0,0,1,1,1,1785485780
2026-07-31T08:30:21Z,701,16,6,2,1,0,1,1,1,1785486390
2026-07-31T08:30:21Z,702,19,0,3,1,0,1,1,1,1785486228
2026-07-31T08:30:21Z,704,9,2,6,0,0,1,1,1,1785486433
2026-07-31T08:30:21Z,705,5,3,9,1,0,1,1,1,1785485898
2026-07-31T08:30:21Z,706,12,2,0,3,0,1,1,1,1785485178
2026-07-31T08:30:21Z,707,10,2,5,0,0,1,1,1,1785485827
2026-07-31T08:30:21Z,708,19,3,0,0,0,1,1,1,1785486025
2026-07-31T08:30:21Z,709,11,1,1,3,0,1,1,1,1785485839
2026-07-31T08:30:21Z,710,16,3,2,1,0,1,1,1,1785485255
2026-07-31T08:30:21Z,711,19,4,0,4,0,1,1,1,1785485317
2026-07-31T08:30:21Z,712,15,10,0,0,0,1,1,1,1785485197
2026-07-31T08:30:21Z,713,7,0,16,0,0,1,1,1,1785486288
2026-07-31T08:30:21Z,716,3,1,12,0,0,1,1,1,1785485542
2026-07-31T08:30:21Z,717,2,1,20,3,0,1,1,1,1785485611
2026-07-31T08:30:21Z,718,2,1,12,1,0,1,1,1,1785485374
2026-07-31T08:30:21Z,719,7,1,22,0,0,1,1,1,1785486588
2026-07-31T08:30:21Z,720,2,1,17,0,0,1,1,1,1785485834
2026-07-31T08:30:21Z,721,0,0,21,2,0,1,1,1,1785484809
2026-07-31T08:30:21Z,722,5,0,10,0,0,1,1,1,1785485587
2026-07-31T08:30:21Z,723,12,1,11,0,0,1,1,1,1785485611
2026-07-31T08:30:21Z,724,21,4,2,0,0,1,1,1,1785484957
2026-07-31T08:30:21Z,725,22,6,0,1,0,1,1,1,1785486341
2026-07-31T08:30:21Z,726,19,3,0,0,0,1,1,1,1785486550
2026-07-31T08:30:21Z,727,9,4,12,2,0,1,1,1,1785486572
2026-07-31T08:30:21Z,728,9,0,5,1,0,1,1,1,1785486144
2026-07-31T08:30:21Z,729,6,0,13,0,0,1,1,1,1785485195
2026-07-31T08:30:21Z,730,3,2,10,2,0,1,1,1,1785484916
2026-07-31T08:30:21Z,731,10,3,4,1,0,1,1,1,1785485843
2026-07-31T08:30:21Z,732,9,5,6,0,0,1,1,1,1785485068
2026-07-31T08:30:21Z,733,4,0,23,0,0,1,1,1,1785485849
2026-07-31T08:30:21Z,734,0,0,14,0,0,1,1,1,1785485036
2026-07-31T08:30:21Z,735,4,3,23,0,0,1,1,1,1785485714
2026-07-31T08:30:21Z,736,7,1,12,0,0,1,1,1,1785486272
2026-07-31T08:30:21Z,737,4,3,10,0,1,1,1,1,1785486255
2026-07-31T08:30:21Z,738,16,5,1,2,0,1,1,1,1785486296
2026-07-31T08:30:21Z,739,19,2,7,1,0,1,1,1,1785485867
2026-07-31T08:30:21Z,741,7,1,16,0,0,1,1,1,1785486163
2026-07-31T08:30:21Z,742,9,4,24,2,0,1,1,1,1785486264
2026-07-31T08:30:21Z,743,8,3,9,2,0,1,1,1,1785486032
2026-07-31T08:30:21Z,744,11,4,3,1,0,1,1,1,1785486541
2026-07-31T08:30:21Z,745,14,4,4,1,0,1,1,1,1785486546
2026-07-31T08:30:21Z,746,12,3,9,2,0,1,1,1,1785486303
2026-07-31T08:30:21Z,747,0,0,4,0,0,0,1,1,1783446606
2026-07-31T08:30:21Z,748,10,1,13,0,0,1,1,1,1785485509
2026-07-31T08:30:21Z,749,7,5,15,1,0,1,1,1,1785485425
2026-07-31T08:30:21Z,750,4,2,7,0,0,1,1,1,1785485791
2026-07-31T08:30:21Z,751,9,0,14,0,0,1,1,1,1785484950
2026-07-31T08:30:21Z,752,13,1,3,1,0,1,1,1,1785482301
2026-07-31T08:30:21Z,753,4,0,11,0,0,1,1,1,1785484867
2026-07-31T08:30:21Z,754,2,2,12,1,0,1,1,1,1785485286
2026-07-31T08:30:21Z,755,12,3,10,1,0,1,1,1,1785485399
2026-07-31T08:30:21Z,756,2,0,35,0,0,1,1,1,1785486100
2026-07-31T08:30:21Z,757,18,9,1,0,0,1,1,1,1785485509
2026-07-31T08:30:21Z,758,23,4,0,0,0,1,1,1,1785485536
2026-07-31T08:30:21Z,759,5,3,10,0,0,1,1,1,1785484848
2026-07-31T08:30:21Z,760,8,3,11,0,0,1,1,1,1785472022
2026-07-31T08:30:21Z,761,16,0,7,0,0,1,1,1,1785486505
2026-07-31T08:30:21Z,762,7,4,4,4,0,1,1,1,1785485787
2026-07-31T08:30:21Z,768,9,0,8,2,0,1,1,1,1785484958
2026-07-31T08:30:21Z,769,16,12,3,0,0,1,1,1,1785486394
2026-07-31T08:30:21Z,770,11,3,6,2,0,1,1,1,1785486330
2026-07-31T08:30:21Z,771,13,3,1,1,0,1,1,1,1785485760
2026-07-31T08:30:21Z,772,7,3,8,0,0,1,1,1,1785486391
2026-07-31T08:30:21Z,773,15,4,4,0,0,1,1,1,1785486215
2026-07-31T08:30:21Z,774,9,5,3,3,0,1,1,1,1785486171
2026-07-31T08:30:21Z,775,6,0,11,1,1,1,1,1,1785468483
2026-07-31T08:30:21Z,776,3,1,17,1,0,1,1,1,1785486546
2026-07-31T08:30:21Z,777,10,0,2,3,0,1,1,1,1785486282
2026-07-31T08:30:21Z,778,13,0,3,3,0,1,1,1,1785486372
2026-07-31T08:30:21Z,779,8,1,10,1,0,1,1,1,1785485259
2026-07-31T08:30:21Z,780,17,4,1,1,0,1,1,1,1785484936
2026-07-31T08:30:21Z,781,6,2,3,2,0,1,1,1,1785485276
2026-07-31T08:30:21Z,782,5,3,10,4,0,1,1,1,1785486048
2026-07-31T08:30:21Z,783,7,1,12,0,0,1,1,1,1785485326
2026-07-31T08:30:21Z,784,15,2,4,0,0,1,1,1,1785484934
2026-07-31T08:30:21Z,785,12,2,2,5,0,1,1,1,1785485493
2026-07-31T08:30:21Z,786,11,5,8,0,0,1,1,1,1785485136
2026-07-31T08:30:21Z,787,11,5,2,2,0,1,1,1,1785486597
2026-07-31T08:30:21Z,788,3,0,12,0,0,1,1,1,1785485816
2026-07-31T08:30:21Z,789,9,2,2,4,0,1,1,1,1785486051
2026-07-31T08:30:21Z,790,0,0,23,0,0,1,1,1,1785486441
2026-07-31T08:30:21Z,791,7,2,11,0,1,1,1,1,1785485965
2026-07-31T08:30:21Z,793,4,0,10,1,0,1,1,1,1785486195
2026-07-31T08:30:21Z,794,8,3,19,2,0,1,1,1,1785485458
2026-07-31T08:30:21Z,796,0,0,17,2,0,1,1,1,1785485982
2026-07-31T08:30:21Z,797,1,0,14,0,0,1,1,1,1785485585
2026-07-31T08:30:21Z,798,6,0,18,1,0,1,1,1,1785485807
2026-07-31T08:30:21Z,799,14,1,1,4,0,1,1,1,1785485951
2026-07-31T08:30:21Z,800,0,0,20,1,0,1,1,1,1785485574
2026-07-31T08:30:21Z,801,4,2,16,1,0,1,1,1,1785486004
2026-07-31T08:30:21Z,802,8,0,23,0,0,1,1,1,1785486098
2026-07-31T08:30:21Z,803,1,1,14,0,0,1,1,1,1785485785
2026-07-31T08:30:21Z,806,8,3,7,0,0,1,1,1,1785485981
2026-07-31T08:30:21Z,807,14,0,8,3,0,1,1,1,1785486381
2026-07-31T08:30:21Z,808,0,0,23,2,0,1,1,1,1785472976
2026-07-31T08:30:21Z,809,5,1,17,1,0,1,1,1,1785485949
2026-07-31T08:30:21Z,810,2,0,13,4,0,1,1,1,1785486421
2026-07-31T08:30:21Z,815,4,1,6,4,1,1,1,1,1785486072
2026-07-31T08:30:21Z,817,10,5,5,0,0,1,1,1,1785485297
2026-07-31T08:30:21Z,818,6,0,16,1,0,1,1,1,1785486512
2026-07-31T08:30:21Z,819,6,4,9,0,0,1,1,1,1785460987
2026-07-31T08:30:21Z,820,8,2,9,0,0,1,1,1,1785485222
2026-07-31T08:30:21Z,821,2,1,13,0,0,1,1,1,1785486152
2026-07-31T08:30:21Z,822,1,0,20,2,0,1,1,1,1785486462
2026-07-31T08:30:21Z,823,0,0,14,1,0,1,1,1,1785485616
2026-07-31T08:30:21Z,824,10,3,8,1,0,1,1,1,1785485082
2026-07-31T08:30:21Z,825,8,5,7,0,0,1,1,1,1785462716
2026-07-31T08:30:21Z,826,10,2,8,1,0,1,1,1,1785485083
2026-07-31T08:30:21Z,827,16,5,4,1,0,1,1,1,1785486393
2026-07-31T08:30:21Z,828,8,0,9,1,0,1,1,1,1785486283
2026-07-31T08:30:21Z,829,16,7,11,0,0,1,1,1,1785485314
2026-07-31T08:30:21Z,830,11,2,11,1,0,1,1,1,1785486381
2026-07-31T08:30:21Z,831,7,2,7,1,0,1,1,1,1785485592
2026-07-31T08:30:21Z,832,10,3,5,3,0,1,1,1,1785485668
2026-07-31T08:30:21Z,833,1,0,17,1,0,1,1,1,1785485425
2026-07-31T08:30:21Z,834,1,0,22,1,0,1,1,1,1785484923
2026-07-31T08:30:21Z,835,16,6,0,2,0,1,1,1,1785485153
2026-07-31T08:30:21Z,837,5,1,0,10,0,1,1,1,1785485650
2026-07-31T08:30:21Z,838,13,3,2,0,0,1,1,1,1785486324
2026-07-31T08:30:21Z,839,18,0,11,0,0,1,1,1,1785481858
2026-07-31T08:30:21Z,840,8,3,19,2,0,1,1,1,1785486426
2026-07-31T08:30:21Z,841,7,1,8,0,0,1,1,1,1785485590
2026-07-31T08:30:21Z,842,7,2,16,0,0,1,1,1,1785485370
2026-07-31T08:30:21Z,843,8,0,22,1,0,1,1,1,1785485593
2026-07-31T08:30:21Z,844,6,0,17,0,0,1,1,1,1785485563
2026-07-31T08:30:21Z,845,5,3,12,2,0,1,1,1,1785485756
2026-07-31T08:30:21Z,846,4,0,13,2,0,1,1,1,1785484892
2026-07-31T08:30:21Z,847,7,1,20,0,0,1,1,1,1785486483
2026-07-31T08:30:21Z,848,10,3,8,1,0,1,1,1,1785485156
2026-07-31T08:30:21Z,849,7,2,8,0,0,1,1,1,1785486556
2026-07-31T08:30:21Z,850,9,0,1,1,0,1,1,1,1785484982
2026-07-31T08:30:21Z,851,3,3,32,2,0,1,1,1,1785484801
2026-07-31T08:30:21Z,852,12,6,7,0,0,1,1,1,1785485475
2026-07-31T08:30:21Z,853,10,5,13,0,0,1,1,1,1785486341
2026-07-31T08:30:21Z,854,4,2,11,0,0,1,1,1,1785486419
2026-07-31T08:30:21Z,855,25,0,2,0,0,1,1,1,1785485421
2026-07-31T08:30:21Z,857,1,1,18,0,0,1,1,1,1785485672
2026-07-31T08:30:21Z,858,4,1,14,1,0,1,1,1,1785486125
2026-07-31T08:30:21Z,859,3,0,17,1,0,1,1,1,1785486353
2026-07-31T08:30:21Z,861,8,1,2,1,0,1,1,1,1785455675
2026-07-31T08:30:21Z,862,2,1,13,0,0,1,1,1,1785485617
2026-07-31T08:30:21Z,863,13,0,5,1,0,1,1,1,1785472897
2026-07-31T08:30:21Z,866,9,3,10,0,0,1,1,1,1785485909
2026-07-31T08:30:21Z,867,12,0,3,0,0,1,1,1,1785485232
2026-07-31T08:30:21Z,868,13,2,2,0,0,1,1,1,1785485435
2026-07-31T08:30:21Z,870,7,4,6,2,0,1,1,1,1785485651
2026-07-31T08:30:21Z,871,0,0,10,1,0,1,1,1,1785485038
2026-07-31T08:30:21Z,872,0,0,14,1,0,1,1,1,1785485570
2026-07-31T08:30:21Z,873,0,0,32,1,0,1,1,1,1785485532
2026-07-31T08:30:21Z,874,5,2,7,3,0,1,1,1,1785485733
2026-07-31T08:30:21Z,875,14,10,0,1,0,1,1,1,1785485707
2026-07-31T08:30:21Z,877,11,10,6,2,0,1,1,1,1785485170
2026-07-31T08:30:21Z,878,3,2,15,1,0,1,1,1,1785485750
2026-07-31T08:30:21Z,879,1,0,18,0,0,1,1,1,1785486610
2026-07-31T08:30:21Z,880,3,0,19,1,0,1,1,1,1785485709
2026-07-31T08:30:21Z,881,2,0,17,0,0,1,1,1,1785485603
2026-07-31T08:30:21Z,882,11,0,6,2,0,1,1,1,1785457778
2026-07-31T08:30:21Z,883,10,6,9,0,0,1,1,1,1785485878
2026-07-31T08:30:21Z,884,11,7,10,0,0,1,1,1,1785486563
2026-07-31T08:30:21Z,885,1,0,18,0,0,1,1,1,1785485455
2026-07-31T08:30:21Z,886,17,1,11,1,0,1,1,1,1785486232
2026-07-31T08:30:21Z,887,2,1,12,3,0,1,1,1,1785486177
2026-07-31T08:30:21Z,888,11,0,28,2,0,1,1,1,1785486484
2026-07-31T08:30:21Z,889,17,1,0,2,0,1,1,1,1785485765
2026-07-31T08:30:21Z,890,7,4,8,0,0,1,1,1,1785472287
2026-07-31T08:30:21Z,891,20,0,2,1,0,1,1,1,1785486561
2026-07-31T08:30:21Z,892,13,1,2,0,0,1,1,1,1785469848
2026-07-31T08:30:21Z,895,0,0,18,1,0,1,1,1,1785465808
2026-07-31T08:30:21Z,896,6,0,29,0,0,1,1,1,1785483234
2026-07-31T08:30:21Z,897,11,1,10,0,0,1,1,1,1785485639
2026-07-31T08:30:21Z,898,2,0,17,0,0,1,1,1,1785485374
2026-07-31T08:30:21Z,899,0,0,18,1,0,1,1,1,1785486421
2026-07-31T08:30:21Z,900,18,0,8,1,0,1,1,1,1785486588
2026-07-31T08:30:21Z,901,12,0,6,1,0,1,1,1,1785486128
2026-07-31T08:30:21Z,902,9,0,5,1,0,1,1,1,1785485317
2026-07-31T08:30:21Z,903,15,2,4,0,0,1,1,1,1785486560
2026-07-31T08:30:21Z,904,10,4,8,1,0,1,1,1,1785485762
2026-07-31T08:30:21Z,905,4,0,23,0,0,1,1,1,1785485855
2026-07-31T08:30:21Z,906,7,4,20,0,0,1,1,1,1785486602
2026-07-31T08:30:21Z,907,5,1,26,0,0,1,1,1,1785485942
2026-07-31T08:30:21Z,908,11,0,12,0,0,1,1,1,1785485744
2026-07-31T08:30:21Z,909,14,4,8,1,0,1,1,1,1785485459
2026-07-31T08:30:21Z,910,20,0,11,0,0,1,1,1,1785485655
2026-07-31T08:30:21Z,911,3,0,16,0,0,1,1,1,1785485307
2026-07-31T08:30:21Z,912,9,5,12,2,0,1,1,1,1785486222
2026-07-31T08:30:21Z,913,3,1,16,0,0,1,1,1,1785486287
2026-07-31T08:30:21Z,914,7,1,12,0,0,1,1,1,1785486109
2026-07-31T08:30:21Z,915,7,0,15,1,0,1,1,1,1785486413
2026-07-31T08:30:21Z,916,23,8,0,0,0,1,1,1,1785485900
2026-07-31T08:30:21Z,917,4,1,29,2,0,1,1,1,1785486477
2026-07-31T08:30:21Z,918,13,5,4,2,0,1,1,1,1785485675
2026-07-31T08:30:21Z,919,12,3,26,1,0,1,1,1,1785486348
2026-07-31T08:30:21Z,920,4,2,15,0,0,1,1,1,1785486106
2026-07-31T08:30:21Z,921,12,0,9,0,0,1,1,1,1785485437
2026-07-31T08:30:21Z,922,4,1,17,0,0,1,1,1,1785486236
2026-07-31T08:30:21Z,923,18,1,1,0,0,1,1,1,1785485313
2026-07-31T08:30:21Z,924,8,2,13,0,0,1,1,1,1785486452
2026-07-31T08:30:21Z,925,13,0,8,0,0,1,1,1,1785485911
2026-07-31T08:30:21Z,926,0,0,21,0,0,1,1,1,1785486057
2026-07-31T08:30:21Z,927,1,0,34,0,0,1,1,1,1785486445
2026-07-31T08:30:21Z,928,5,3,14,0,0,1,1,1,1785464301
2026-07-31T08:30:21Z,929,0,0,23,0,0,1,1,1,1785485066
2026-07-31T08:30:21Z,930,0,0,30,1,0,1,1,1,1785486061
2026-07-31T08:30:21Z,931,8,3,15,0,0,1,1,1,1785485981
2026-07-31T08:30:21Z,932,4,0,12,3,0,1,1,1,1785485826
2026-07-31T08:30:21Z,933,0,0,23,0,0,1,1,1,1785486035
2026-07-31T08:30:21Z,934,2,0,28,1,0,1,1,1,1785486044
2026-07-31T08:30:21Z,935,9,2,9,1,0,1,1,1,1785484808
2026-07-31T08:30:21Z,936,4,1,15,0,0,1,1,1,1785456801
2026-07-31T08:30:21Z,940,10,0,1,0,0,1,1,1,1785477927
2026-07-31T08:30:21Z,941,10,1,13,2,0,1,1,1,1785486177
2026-07-31T08:30:21Z,942,5,0,16,0,0,1,1,1,1785486553
2026-07-31T08:30:21Z,943,9,8,6,0,0,1,1,1,1785485687
2026-07-31T08:30:21Z,944,9,8,6,0,0,1,1,1,1785485500
2026-07-31T08:30:21Z,945,10,8,5,0,0,1,1,1,1785485011
2026-07-31T08:30:21Z,946,7,5,12,0,0,1,1,1,1785424152
2026-07-31T08:30:21Z,947,7,5,10,0,0,1,1,1,1785485514
2026-07-31T08:30:21Z,948,26,8,0,5,0,1,1,1,1785486031
2026-07-31T08:30:21Z,949,1,0,14,0,0,1,1,1,1785485616
2026-07-31T08:30:21Z,950,16,4,0,1,0,1,1,1,1785485878
2026-07-31T08:30:21Z,951,18,4,5,0,0,1,1,1,1785485716
2026-07-31T08:30:21Z,952,7,0,48,0,0,1,1,1,1785484987
2026-07-31T08:30:21Z,953,14,2,0,1,0,1,1,1,1785486597
2026-07-31T08:30:21Z,954,18,4,1,0,0,1,1,1,1785485620
2026-07-31T08:30:21Z,955,4,3,17,6,0,1,1,1,1785486394
2026-07-31T08:30:21Z,956,22,2,0,1,0,1,1,1,1785485551
2026-07-31T08:30:21Z,957,15,0,14,0,0,1,1,1,1785484893
2026-07-31T08:30:21Z,958,19,0,12,0,0,1,1,1,1785486221
2026-07-31T08:30:21Z,959,20,8,0,3,0,1,1,1,1785485395
2026-07-31T08:30:21Z,960,22,1,0,1,0,1,1,1,1785486250
2026-07-31T08:30:21Z,961,2,1,17,4,0,1,1,1,1785486227
2026-07-31T08:30:21Z,962,8,3,24,3,0,1,1,1,1785486472
2026-07-31T08:30:21Z,963,7,0,15,1,0,1,1,1,1785485594
2026-07-31T08:30:21Z,964,20,8,2,1,0,1,1,1,1785486560
2026-07-31T08:30:21Z,965,5,1,21,1,0,1,1,1,1785485746
2026-07-31T08:30:21Z,966,28,0,3,0,0,1,1,1,1785486223
2026-07-31T08:30:21Z,967,19,0,0,2,0,1,1,1,1785486598
2026-07-31T08:30:21Z,968,14,0,4,1,0,1,1,1,1785485501
2026-07-31T08:30:21Z,969,11,7,14,2,0,1,1,1,1785485609
2026-07-31T08:30:21Z,970,11,1,7,1,0,1,1,1,1785485834
2026-07-31T08:30:21Z,971,15,0,7,1,0,1,1,1,1785485801
2026-07-31T08:30:21Z,972,9,1,13,1,0,1,1,1,1785485467
2026-07-31T08:30:21Z,973,9,4,13,1,0,1,1,1,1785484976
2026-07-31T08:30:21Z,974,12,0,15,0,0,1,1,1,1785486181
2026-07-31T08:30:21Z,977,7,7,11,3,0,1,1,1,1785485740
2026-07-31T08:30:21Z,978,11,0,12,0,0,1,1,1,1785486602
2026-07-31T08:30:21Z,979,14,1,3,0,0,1,1,1,1785486157
2026-07-31T08:30:21Z,980,2,0,17,2,0,1,1,1,1785485070
2026-07-31T08:30:21Z,981,19,0,1,1,0,1,1,1,1785485235
2026-07-31T08:30:21Z,982,3,1,14,2,0,1,1,1,1785485541
2026-07-31T08:30:21Z,983,2,1,20,1,0,1,1,1,1785485952
2026-07-31T08:30:21Z,984,6,0,17,0,0,1,1,1,1785485115
2026-07-31T08:30:21Z,985,8,0,23,0,0,1,1,1,1785486225
2026-07-31T08:30:21Z,986,4,0,15,0,0,1,1,1,1785485539
2026-07-31T08:30:21Z,987,6,0,16,1,0,1,1,1,1785486072
2026-07-31T08:30:21Z,988,5,1,13,1,0,1,1,1,1785485688
2026-07-31T08:30:21Z,989,9,4,10,0,0,1,1,1,1785486495
2026-07-31T08:30:21Z,990,13,1,0,2,0,1,1,1,1785485746
2026-07-31T08:30:21Z,991,10,2,8,1,0,1,1,1,1785485400
2026-07-31T08:30:21Z,992,10,7,12,1,0,1,1,1,1785486273
2026-07-31T08:30:21Z,993,0,0,27,0,0,1,1,1,1785476008
2026-07-31T08:30:21Z,994,4,1,17,0,0,1,1,1,1785486485
2026-07-31T08:30:21Z,995,9,2,18,0,0,1,1,1,1785485705
2026-07-31T08:30:21Z,996,8,1,15,0,0,1,1,1,1785485510
2026-07-31T08:30:21Z,997,11,5,10,2,0,1,1,1,1785486393
2026-07-31T08:30:21Z,998,3,2,19,1,0,1,1,1,1785485825
2026-07-31T08:30:21Z,999,3,1,15,2,1,1,1,1,1785485614
2026-07-31T08:30:21Z,1000,4,2,17,0,0,1,1,1,1785486519
2026-07-31T08:30:21Z,1001,1,0,26,0,0,1,1,1,1785485844
2026-07-31T08:30:21Z,1002,0,0,27,4,0,1,1,1,1785485840
2026-07-31T08:30:21Z,1003,0,0,22,1,0,1,1,1,1785485473
2026-07-31T08:30:21Z,1004,8,1,15,0,0,1,1,1,1785484913
2026-07-31T08:30:21Z,1005,20,1,3,0,0,1,1,1,1785485662
2026-07-31T08:30:21Z,1006,7,4,11,1,0,1,1,1,1785485501
2026-07-31T08:30:21Z,1007,2,1,19,0,0,1,1,1,1785485131
2026-07-31T08:30:21Z,1008,6,5,15,2,0,1,1,1,1785486448
2026-07-31T08:30:21Z,1009,19,2,8,4,0,1,1,1,1785486319
2026-07-31T08:30:21Z,1010,7,2,20,0,0,1,1,1,1785485328
2026-07-31T08:30:21Z,1011,8,2,9,2,0,1,1,1,1785485874
2026-07-31T08:30:21Z,1012,4,3,18,1,0,1,1,1,1785485428
2026-07-31T08:30:21Z,1013,4,1,18,1,0,1,1,1,1785486029
2026-07-31T08:30:21Z,1014,7,2,13,3,0,1,1,1,1785485945
2026-07-31T08:30:21Z,1015,3,1,25,3,0,1,1,1,1785486212
2026-07-31T08:30:21Z,1016,10,5,21,0,0,1,1,1,1785485280
2026-07-31T08:30:21Z,1017,14,5,7,0,0,1,1,1,1785484833
2026-07-31T08:30:21Z,1018,7,2,15,0,0,1,1,1,1785485516
2026-07-31T08:30:21Z,1019,9,6,6,0,0,1,1,1,1785485449
2026-07-31T08:30:21Z,1020,18,3,3,0,0,1,1,1,1785486522
2026-07-31T08:30:21Z,1021,9,3,5,1,0,1,1,1,1785486253
2026-07-31T08:30:21Z,1022,14,0,13,0,0,1,1,1,1785485602
2026-07-31T08:30:21Z,1023,13,1,9,1,0,1,1,1,1785485249
2026-07-31T08:30:21Z,1024,5,2,13,1,0,1,1,1,1785486251
2026-07-31T08:30:21Z,1025,4,0,14,0,1,1,1,1,1785485569
2026-07-31T08:30:21Z,1026,7,5,19,5,0,1,1,1,1785486600
2026-07-31T08:30:21Z,1028,2,0,20,1,0,1,1,1,1785485606
2026-07-31T08:30:21Z,1029,10,9,4,1,0,1,1,1,1785486548
2026-07-31T08:30:21Z,1030,14,5,9,0,0,1,1,1,1785486287
2026-07-31T08:30:21Z,1031,8,0,11,0,0,1,1,1,1785484845
2026-07-31T08:30:21Z,1032,7,1,12,0,0,1,1,1,1785485504
2026-07-31T08:30:21Z,1033,9,5,9,1,0,1,1,1,1785486318
2026-07-31T08:30:21Z,1034,2,0,13,0,0,1,1,1,1785485527
2026-07-31T08:30:21Z,1035,1,0,16,2,0,1,1,1,1785485549
2026-07-31T08:30:21Z,1036,15,1,0,0,0,1,1,1,1785486106
2026-07-31T08:30:21Z,1037,4,0,14,1,0,1,1,1,1785485862
2026-07-31T08:30:21Z,1038,2,0,12,1,0,1,1,1,1785485225
2026-07-31T08:30:21Z,1039,7,2,12,0,0,1,1,1,1785485661
2026-07-31T08:30:21Z,1040,7,3,10,2,0,1,1,1,1785485543
2026-07-31T08:30:21Z,1041,10,3,8,1,0,1,1,1,1785486231
2026-07-31T08:30:21Z,1042,12,1,1,2,0,1,1,1,1785485540
2026-07-31T08:30:21Z,1043,9,0,7,3,0,1,1,1,1785485580
2026-07-31T08:30:21Z,1044,2,1,12,1,0,1,1,1,1785485280
2026-07-31T08:30:21Z,1045,10,0,9,0,0,1,1,1,1785485494
2026-07-31T08:30:21Z,1046,9,0,6,0,0,1,1,1,1785484905
2026-07-31T08:30:21Z,1047,4,0,17,0,0,1,1,1,1785486258
2026-07-31T08:30:21Z,1048,10,1,9,0,0,1,1,1,1785485471
2026-07-31T08:30:21Z,1049,6,0,15,0,0,1,1,1,1785485527
2026-07-31T08:30:21Z,1050,17,4,4,0,0,1,1,1,1785484812
2026-07-31T08:30:21Z,1051,8,3,13,0,0,1,1,1,1785486522
2026-07-31T08:30:21Z,1052,17,2,5,0,0,1,1,1,1785485330
2026-07-31T08:30:21Z,1053,2,1,13,0,0,1,1,1,1785485404
2026-07-31T08:30:21Z,1054,14,1,1,0,0,1,1,1,1785485665
2026-07-31T08:30:21Z,1055,7,1,12,0,0,1,1,1,1785485637
2026-07-31T08:30:21Z,1057,18,0,0,1,0,1,1,1,1785485332
2026-07-31T08:30:21Z,1058,1,0,55,0,0,1,1,1,1785485538
2026-07-31T08:30:21Z,1059,0,0,18,1,0,1,1,1,1785485535
2026-07-31T08:30:21Z,1060,30,0,7,0,0,1,1,1,1785486295
2026-07-31T08:30:21Z,1061,6,0,30,1,0,1,1,1,1785485608
2026-07-31T08:30:21Z,1062,1,0,16,0,0,1,1,1,1785486022
2026-07-31T08:30:21Z,1063,12,1,6,1,0,1,1,1,1785485550
2026-07-31T08:30:21Z,1064,3,0,19,1,0,1,1,1,1785485872
2026-07-31T08:30:21Z,1065,16,3,7,0,0,1,1,1,1785486116
2026-07-31T08:30:21Z,1066,10,2,13,0,0,1,1,1,1785485942
2026-07-31T08:30:21Z,1067,8,2,13,2,0,1,1,1,1785486208
2026-07-31T08:30:21Z,1068,8,2,13,2,0,1,1,1,1785485697
2026-07-31T08:30:21Z,1069,12,3,11,0,0,1,1,1,1785485749
2026-07-31T08:30:21Z,1070,12,2,11,0,0,1,1,1,1785485846
2026-07-31T08:30:21Z,1071,7,4,16,0,0,1,1,1,1785485884
2026-07-31T08:30:21Z,1072,11,1,11,1,0,1,1,1,1785486252
2026-07-31T08:30:21Z,1073,26,7,0,1,0,1,1,1,1785485175
2026-07-31T08:30:21Z,1074,0,0,52,1,0,1,1,1,1785486336
2026-07-31T08:30:21Z,1075,10,10,11,0,0,1,1,1,1785485254
2026-07-31T08:30:21Z,1076,14,11,7,0,0,1,1,1,1785486507
2026-07-31T08:30:21Z,1077,8,5,13,0,0,1,1,1,1785485466
2026-07-31T08:30:21Z,1078,11,10,10,0,0,1,1,1,1785486550
2026-07-31T08:30:21Z,1079,11,8,10,0,0,1,1,1,1785485363
2026-07-31T08:30:21Z,1080,10,8,10,1,0,1,1,1,1785486281
2026-07-31T08:30:21Z,1081,13,8,6,0,0,1,1,1,1785486360
2026-07-31T08:30:21Z,1082,7,7,1,0,0,1,1,1,1785485857
2026-07-31T08:30:21Z,1083,13,11,8,0,0,1,1,1,1785485624
2026-07-31T08:30:21Z,1084,9,8,12,0,0,1,1,1,1785485249
2026-07-31T08:30:21Z,1085,8,8,13,0,0,1,1,1,1785484882
2026-07-31T08:30:21Z,1086,0,0,20,1,0,1,1,1,1785485590
2026-07-31T08:30:21Z,1087,12,7,3,0,0,1,1,1,1785486612
2026-07-31T08:30:21Z,1088,10,7,5,0,0,1,1,1,1785485554
2026-07-31T08:30:21Z,1089,5,3,10,0,0,1,1,1,1785485914
2026-07-31T08:30:21Z,1090,11,10,4,0,0,1,1,1,1785486442
2026-07-31T08:30:21Z,1091,12,7,3,0,0,1,1,1,1785486353
2026-07-31T08:30:21Z,1092,9,9,5,1,0,1,1,1,1785485899
2026-07-31T08:30:21Z,1093,7,6,8,0,0,1,1,1,1785486264
2026-07-31T08:30:21Z,1094,10,8,8,1,0,1,1,1,1785485506
2026-07-31T08:30:21Z,1095,9,8,6,0,0,1,1,1,1785486208
2026-07-31T08:30:21Z,1096,3,1,15,1,0,1,1,1,1785485870
2026-07-31T08:30:21Z,1097,11,11,4,0,0,1,1,1,1785486085
2026-07-31T08:30:21Z,1098,9,7,10,0,0,1,1,1,1785486421
2026-07-31T08:30:21Z,1099,7,6,8,0,0,1,1,1,1785485341
2026-07-31T08:30:21Z,1100,6,2,23,0,0,1,1,1,1785474727
2026-07-31T08:30:21Z,1101,10,5,11,0,0,1,1,1,1785485229
2026-07-31T08:30:21Z,1102,9,4,4,0,0,1,1,1,1785486344
2026-07-31T08:30:21Z,1103,10,5,11,0,0,1,1,1,1785474301
2026-07-31T08:30:21Z,1104,10,5,11,0,0,1,1,1,1785484982
2026-07-31T08:30:21Z,1105,7,3,6,0,0,1,1,1,1785486230
2026-07-31T08:30:21Z,1106,13,7,8,0,0,1,1,1,1785485321
2026-07-31T08:30:21Z,1107,9,5,6,0,0,1,1,1,1785485626
2026-07-31T08:30:21Z,1108,5,2,19,3,0,1,1,1,1785486090
2026-07-31T08:30:21Z,1109,6,1,9,0,0,1,1,1,1785485583
2026-07-31T08:30:21Z,1110,12,4,9,0,0,1,1,1,1785484853
2026-07-31T08:30:21Z,1111,3,2,18,0,0,1,1,1,1785475740
2026-07-31T08:30:21Z,1112,38,0,15,0,0,1,1,1,1785485351
2026-07-31T08:30:21Z,1113,1,0,20,0,0,1,1,1,1785484818
2026-07-31T08:30:21Z,1115,17,5,3,3,0,1,1,1,1785486016
2026-07-31T08:30:21Z,1116,5,1,14,0,0,1,1,1,1785485525
2026-07-31T08:30:21Z,1117,10,3,13,0,0,1,1,1,1785485899
2026-07-31T08:30:21Z,1118,18,1,3,0,0,1,1,1,1785486601
2026-07-31T08:30:21Z,1119,13,1,4,0,0,1,1,1,1785486542
2026-07-31T08:30:21Z,1120,13,0,6,0,0,1,1,1,1785485599
2026-07-31T08:30:21Z,1121,13,2,5,3,0,1,1,1,1785481599
2026-07-31T08:30:21Z,1122,19,10,0,2,0,1,1,1,1785484916
2026-07-31T08:30:21Z,1123,7,3,14,2,0,1,1,1,1785485162
2026-07-31T08:30:21Z,1124,11,1,0,4,0,1,1,1,1785486549
2026-07-31T08:30:21Z,1125,15,1,8,0,0,1,1,1,1785485799
2026-07-31T08:30:21Z,1126,4,0,16,1,0,1,1,1,1785484893
2026-07-31T08:30:21Z,1127,6,1,12,1,0,1,1,1,1785485845
2026-07-31T08:30:21Z,1128,14,2,0,1,0,1,1,1,1785485532
2026-07-31T08:30:21Z,1129,3,2,17,1,0,1,1,1,1785485254
2026-07-31T08:30:21Z,1130,6,0,9,0,0,1,1,1,1785485322
2026-07-31T08:30:21Z,1131,0,0,48,1,0,1,1,1,1785486252
2026-07-31T08:30:21Z,1132,13,6,7,1,0,1,1,1,1785485182
2026-07-31T08:30:21Z,1133,15,11,4,2,0,1,1,1,1785486466
2026-07-31T08:30:21Z,1134,11,7,8,0,0,1,1,1,1785486028
2026-07-31T08:30:21Z,1135,10,5,11,0,0,1,1,1,1785485122
2026-07-31T08:30:21Z,1136,8,0,15,0,0,1,1,1,1785485693
2026-07-31T08:30:21Z,1137,13,0,2,0,0,1,1,1,1785486260
2026-07-31T08:30:21Z,1138,15,2,4,0,0,1,1,1,1785485487
2026-07-31T08:30:21Z,1139,19,5,1,1,0,1,1,1,1785486007
2026-07-31T08:30:21Z,1140,22,3,0,1,0,1,1,1,1785485218
2026-07-31T08:30:21Z,1141,0,0,20,1,0,1,1,1,1785484924
2026-07-31T08:30:21Z,1142,2,0,19,0,0,1,1,1,1785486163
2026-07-31T08:30:21Z,1143,23,0,6,0,0,1,1,1,1785485060
2026-07-31T08:30:21Z,1144,7,1,13,1,0,1,1,1,1785485771
2026-07-31T08:30:21Z,1145,12,6,8,1,0,1,1,1,1785485900
2026-07-31T08:30:21Z,1146,11,1,4,4,0,1,1,1,1785486406
2026-07-31T08:30:21Z,1147,3,0,16,0,0,1,1,1,1785485452
2026-07-31T08:30:21Z,1148,26,6,5,0,0,1,1,1,1785486187
2026-07-31T08:30:21Z,1149,4,4,21,0,0,1,1,1,1785485165
2026-07-31T08:30:21Z,1150,18,1,1,0,0,1,1,1,1785485308
2026-07-31T08:30:21Z,1151,12,0,9,0,0,1,1,1,1785486171
2026-07-31T08:30:21Z,1152,16,0,13,0,0,1,1,1,1785486571
2026-07-31T08:30:21Z,1153,22,6,0,1,0,1,1,1,1785486057
2026-07-31T08:30:21Z,1154,13,1,6,0,0,1,1,1,1785484961
2026-07-31T08:30:21Z,1155,16,6,4,1,0,1,1,1,1785485512
2026-07-31T08:30:21Z,1158,3,0,15,1,0,1,1,1,1785485415
2026-07-31T08:30:21Z,1159,13,1,6,0,0,1,1,1,1785485770
2026-07-31T08:30:21Z,1160,9,1,9,1,0,1,1,1,1785486219
2026-07-31T08:30:21Z,1161,3,0,15,1,0,1,1,1,1785485903
2026-07-31T08:30:21Z,1162,2,1,17,0,0,1,1,1,1785486155
2026-07-31T08:30:21Z,1163,0,0,18,1,0,1,1,1,1785485531
2026-07-31T08:30:21Z,1164,6,1,13,0,0,1,1,1,1785485591
2026-07-31T08:30:21Z,1165,5,0,16,0,0,1,1,1,1785486320
2026-07-31T08:30:21Z,1166,12,3,8,1,0,1,1,1,1785485832
2026-07-31T08:30:21Z,1167,4,0,11,0,0,1,1,1,1785485305
2026-07-31T08:30:21Z,1168,2,1,20,1,0,1,1,1,1785485778
2026-07-31T08:30:21Z,1169,3,0,15,1,0,1,1,1,1785485438
2026-07-31T08:30:21Z,1170,6,0,14,1,0,1,1,1,1785485805
2026-07-31T08:30:21Z,1171,8,7,14,1,0,1,1,1,1785485472
2026-07-31T08:30:21Z,1172,7,2,6,2,0,1,1,1,1785485675
2026-07-31T08:30:21Z,1173,13,5,6,0,0,1,1,1,1785485685
2026-07-31T08:30:21Z,1174,7,3,8,0,0,1,1,1,1785485373
2026-07-31T08:30:21Z,1175,9,5,10,0,0,1,1,1,1785472270
2026-07-31T08:30:21Z,1176,19,1,2,0,0,1,1,1,1785484888
2026-07-31T08:30:21Z,1177,3,1,18,0,0,1,1,1,1785484806
2026-07-31T08:30:21Z,1178,2,1,13,0,0,1,1,1,1785485348
2026-07-31T08:30:21Z,1181,9,0,4,2,0,1,1,1,1785486098
2026-07-31T08:30:21Z,1182,0,0,20,0,0,1,1,1,1785485925
2026-07-31T08:30:21Z,1183,1,0,42,2,0,1,1,1,1785485334
2026-07-31T08:30:21Z,1184,13,7,7,1,0,1,1,1,1785486560
2026-07-31T08:30:21Z,1185,10,5,11,0,0,1,1,1,1785484932
2026-07-31T08:30:21Z,1186,9,5,10,0,0,1,1,1,1785485954
2026-07-31T08:30:21Z,1187,12,6,8,1,0,1,1,1,1785486322
2026-07-31T08:30:21Z,1188,9,3,6,0,0,1,1,1,1785485632
2026-07-31T08:30:21Z,1189,10,5,9,0,0,1,1,1,1785485711
2026-07-31T08:30:21Z,1190,10,5,11,0,0,1,1,1,1785485103
2026-07-31T08:30:21Z,1191,10,5,5,0,0,1,1,1,1785485639
2026-07-31T08:30:21Z,1192,11,7,10,0,0,1,1,1,1785485471
2026-07-31T08:30:21Z,1193,6,4,5,2,0,1,1,1,1785486436
2026-07-31T08:30:21Z,1197,9,6,7,1,0,1,1,1,1785486593
2026-07-31T08:30:21Z,1198,14,4,5,2,0,1,1,1,1785485996
2026-07-31T08:30:21Z,1199,2,0,17,0,0,1,1,1,1785486016
2026-07-31T08:30:21Z,1200,11,5,4,0,0,1,1,1,1785485676
2026-07-31T08:30:21Z,1201,11,5,4,0,0,1,1,1,1785485654
2026-07-31T08:30:21Z,1202,12,6,3,0,0,1,1,1,1785485752
2026-07-31T08:30:21Z,1203,9,6,6,0,0,1,1,1,1785485648
2026-07-31T08:30:21Z,1204,7,3,11,1,0,1,1,1,1785485388
2026-07-31T08:30:21Z,1206,11,5,10,0,0,1,1,1,1785486420
2026-07-31T08:30:21Z,1207,9,5,6,0,0,1,1,1,1785485966
2026-07-31T08:30:21Z,1208,7,2,11,1,0,1,1,1,1785485868
2026-07-31T08:30:21Z,1216,7,0,13,1,0,1,1,1,1785484835
2026-07-31T08:30:21Z,1218,4,0,17,0,0,1,1,1,1785485228
2026-07-31T08:30:21Z,1219,6,1,8,1,0,1,1,1,1785485105
2026-07-31T08:30:21Z,1220,14,7,4,1,0,1,1,1,1785484893
2026-07-31T08:30:21Z,1221,2,2,19,0,0,1,1,1,1785486356
2026-07-31T08:30:21Z,1222,28,1,1,0,0,1,1,1,1785485467
2026-07-31T08:30:21Z,1223,23,0,6,0,0,1,1,1,1785485431
2026-07-31T08:30:21Z,1226,0,0,3,0,0,0,1,1,1781868931
2026-07-31T08:30:21Z,1227,24,1,1,0,0,1,1,1,1785486328
2026-07-31T08:30:21Z,1228,17,0,11,1,0,1,1,1,1785486410
2026-07-31T08:30:21Z,1229,35,0,9,0,1,1,1,1,1785486578
2026-07-31T08:35:21Z,1,0,0,23,0,0,1,1,1,1785485488
2026-07-31T08:35:21Z,2,23,0,1,3,0,1,1,1,1785485732
2026-07-31T08:35:21Z,3,9,0,4,1,0,1,1,1,1785485488
2026-07-31T08:35:21Z,4,1,0,20,1,0,1,1,1,1785483715
2026-07-31T08:35:21Z,5,9,3,13,1,0,1,1,1,1785484887
2026-07-31T08:35:21Z,6,6,2,9,0,0,1,1,1,1785482360
2026-07-31T08:35:21Z,7,0,0,39,0,0,1,1,1,1785482386
2026-07-31T08:35:21Z,8,0,0,43,0,0,1,1,1,1785471816
2026-07-31T08:35:21Z,9,0,0,22,1,0,1,1,1,1785482483
2026-07-31T08:35:21Z,10,4,1,17,2,0,1,1,1,1785485789
2026-07-31T08:35:21Z,11,15,6,3,1,0,1,1,1,1785485828
2026-07-31T08:35:21Z,12,0,0,23,0,0,1,1,1,1785472090
2026-07-31T08:35:21Z,13,12,0,18,0,0,1,1,1,1785485789
2026-07-31T08:35:21Z,14,1,0,41,0,1,1,1,1,1785476888
2026-07-31T08:35:21Z,15,4,0,11,0,0,1,1,1,1785486387
2026-07-31T08:35:21Z,16,8,0,16,2,1,1,1,1,1785483665
2026-07-31T08:35:21Z,17,9,0,17,1,0,1,1,1,1785486089
2026-07-31T08:35:21Z,18,5,0,11,2,0,1,1,1,1785486524
2026-07-31T08:35:21Z,19,4,0,22,1,0,1,1,1,1785484572
2026-07-31T08:35:21Z,20,32,0,3,0,0,1,1,1,1785485188
2026-07-31T08:35:21Z,21,1,0,17,1,0,1,1,1,1785484888
2026-07-31T08:35:21Z,22,18,0,46,1,0,1,1,1,1785479462
2026-07-31T08:35:21Z,23,10,5,21,0,0,1,1,1,1785479447
2026-07-31T08:35:21Z,24,0,0,9,2,0,1,1,1,1785486903
2026-07-31T08:35:21Z,25,1,1,79,0,1,1,1,1,1785486752
2026-07-31T08:35:21Z,26,0,0,27,0,0,1,1,1,1785485188
2026-07-31T08:35:21Z,28,15,3,0,0,0,1,1,1,1785486521
2026-07-31T08:35:21Z,30,1,0,27,1,0,1,1,1,1785486089
2026-07-31T08:35:21Z,31,0,0,17,2,0,1,1,1,1785486869
2026-07-31T08:35:21Z,32,25,4,2,0,0,1,1,1,1785484184
2026-07-31T08:35:21Z,34,2,0,34,1,0,1,1,1,1785482614
2026-07-31T08:35:21Z,35,2,1,44,1,0,1,1,1,1785486762
2026-07-31T08:35:21Z,36,0,0,0,0,0,0,1,1,86400
2026-07-31T08:35:21Z,37,1,0,22,0,0,1,1,1,1785486857
2026-07-31T08:35:21Z,38,1,0,22,0,0,1,1,1,1785485488
2026-07-31T08:35:21Z,39,23,6,16,0,0,1,1,1,1785485028
2026-07-31T08:35:21Z,40,13,0,7,1,0,1,1,1,1785485488
2026-07-31T08:35:21Z,41,2,0,40,1,0,1,1,1,1785485586
2026-07-31T08:35:21Z,42,31,8,0,0,0,1,1,1,1785472558
2026-07-31T08:35:21Z,43,6,0,17,0,0,1,1,1,1785485188
2026-07-31T08:35:21Z,45,1,0,27,1,0,1,1,1,1785485789
2026-07-31T08:35:21Z,46,13,2,18,0,0,1,1,1,1785485708
2026-07-31T08:35:21Z,47,11,5,3,1,0,1,1,1,1785485188
2026-07-31T08:35:21Z,48,21,0,6,0,0,1,1,1,1785486326
2026-07-31T08:35:21Z,49,5,0,15,3,0,1,1,1,1785486908
2026-07-31T08:35:21Z,50,1,1,18,0,0,1,1,1,1785483259
2026-07-31T08:35:21Z,51,68,0,9,0,0,1,1,1,1785472672
2026-07-31T08:35:21Z,52,2,0,22,3,0,1,1,1,1785486611
2026-07-31T08:35:21Z,55,0,0,23,0,0,1,1,1,1785484888
2026-07-31T08:35:21Z,56,0,0,43,0,0,1,1,1,1785485334
2026-07-31T08:35:21Z,57,0,0,27,0,0,1,1,1,1785474689
2026-07-31T08:35:21Z,58,0,0,28,0,0,1,1,1,1785476976
2026-07-31T08:35:21Z,59,0,0,25,2,0,1,1,1,1785486759
2026-07-31T08:35:21Z,61,0,0,39,0,0,1,1,1,1785485488
2026-07-31T08:35:21Z,62,0,0,48,1,0,1,1,1,1785477029
2026-07-31T08:35:21Z,63,14,0,5,0,0,1,1,1,1785486089
2026-07-31T08:35:21Z,64,9,0,6,4,0,1,1,1,1785474000
2026-07-31T08:35:21Z,65,17,7,1,1,0,1,1,1,1785481624
2026-07-31T08:35:21Z,67,17,0,22,0,0,1,1,1,1785485188
2026-07-31T08:35:21Z,68,0,0,37,0,0,1,1,1,1785476731
2026-07-31T08:35:21Z,69,15,2,0,0,0,1,1,1,1785485188
2026-07-31T08:35:21Z,71,2,0,24,1,0,1,1,1,1785485909
2026-07-31T08:35:21Z,72,13,2,16,2,0,1,1,1,1785486638
2026-07-31T08:35:21Z,73,0,0,31,0,0,1,1,1,1785474921
2026-07-31T08:35:21Z,74,13,6,5,1,0,1,1,1,1785485908
2026-07-31T08:35:21Z,75,0,0,31,1,0,1,1,1,1785473256
2026-07-31T08:35:21Z,76,18,0,0,1,0,1,1,1,1785486906
2026-07-31T08:35:21Z,77,23,0,3,1,0,1,1,1,1785485728
2026-07-31T08:35:21Z,78,9,4,13,1,0,1,1,1,1785486752
2026-07-31T08:35:21Z,79,5,4,11,1,0,1,1,1,1785485457
2026-07-31T08:35:21Z,80,18,0,2,3,0,1,1,1,1785486671
2026-07-31T08:35:21Z,81,5,0,26,0,0,1,1,1,1785486390
2026-07-31T08:35:21Z,82,12,0,11,0,0,1,1,1,1785486690
2026-07-31T08:35:21Z,83,4,0,29,1,0,1,1,1,1785486696
2026-07-31T08:35:21Z,84,26,0,1,0,0,1,1,1,1785484029
2026-07-31T08:35:21Z,85,1,1,14,0,0,1,1,1,1785479219
2026-07-31T08:35:21Z,86,25,0,1,1,0,1,1,1,1785486691
2026-07-31T08:35:21Z,87,10,0,9,0,0,1,1,1,1785484866
2026-07-31T08:35:21Z,88,0,0,42,1,0,1,1,1,1785484888
2026-07-31T08:35:21Z,89,22,0,13,0,0,1,1,1,1785483872
2026-07-31T08:35:21Z,90,6,2,10,2,0,1,1,1,1785486486
2026-07-31T08:35:21Z,91,14,0,3,0,0,1,1,1,1785485188
2026-07-31T08:35:21Z,92,12,5,4,3,0,1,1,1,1785486696
2026-07-31T08:35:21Z,93,0,0,23,0,0,1,1,1,1785486390
2026-07-31T08:35:21Z,94,2,0,16,1,0,1,1,1,1785486390
2026-07-31T08:35:21Z,95,28,3,5,1,1,1,1,1,1785486901
2026-07-31T08:35:21Z,96,29,0,1,1,0,1,1,1,1785479647
2026-07-31T08:35:21Z,97,0,0,16,1,0,1,1,1,1785486800
2026-07-31T08:35:21Z,98,19,0,15,1,0,1,1,1,1785486089
2026-07-31T08:35:21Z,99,4,2,11,0,0,1,1,1,1785486802
2026-07-31T08:35:21Z,100,1,0,26,0,0,1,1,1,1785486846
2026-07-31T08:35:21Z,101,1,0,13,1,0,1,1,1,1785485789
2026-07-31T08:35:21Z,102,1,1,22,0,0,1,1,1,1785485791
2026-07-31T08:35:21Z,103,8,0,22,0,0,1,1,1,1785486490
2026-07-31T08:35:21Z,104,0,0,25,2,0,1,1,1,1785486903
2026-07-31T08:35:21Z,105,16,1,3,0,0,1,1,1,1785486390
2026-07-31T08:35:21Z,106,0,0,21,0,0,1,1,1,1785486390
2026-07-31T08:35:21Z,107,0,0,37,0,0,1,1,1,1785485489
2026-07-31T08:35:21Z,108,16,1,19,0,0,1,1,1,1785486420
2026-07-31T08:35:21Z,109,7,0,16,0,0,1,1,1,1785486390
2026-07-31T08:35:21Z,110,14,2,9,0,0,1,1,1,1785482478
2026-07-31T08:35:21Z,111,0,0,36,0,0,1,1,1,1785479678
2026-07-31T08:35:21Z,112,5,0,9,1,0,1,1,1,1785486691
2026-07-31T08:35:21Z,113,4,0,12,3,0,1,1,1,1785486816
2026-07-31T08:35:21Z,114,6,6,23,1,1,1,1,1,1785486715
2026-07-31T08:35:21Z,115,3,1,23,2,0,1,1,1,1785479033
2026-07-31T08:35:21Z,116,3,3,23,1,0,1,1,1,1785484951
2026-07-31T08:35:21Z,118,20,9,0,3,0,1,1,1,1785486382
2026-07-31T08:35:21Z,119,33,2,1,4,0,1,1,1,1785486691
2026-07-31T08:35:21Z,120,24,1,2,1,0,1,1,1,1785484445
2026-07-31T08:35:21Z,121,5,2,13,0,1,1,1,1,1785486748
2026-07-31T08:35:21Z,122,13,0,7,1,0,1,1,1,1785482278
2026-07-31T08:35:21Z,123,8,1,39,0,0,1,1,1,1785485188
2026-07-31T08:35:21Z,124,32,1,3,0,0,1,1,1,1785486746
2026-07-31T08:35:21Z,125,7,2,16,0,0,1,1,1,1785485034
2026-07-31T08:35:21Z,126,25,2,6,0,0,1,1,1,1785486691
2026-07-31T08:35:21Z,127,8,0,25,2,0,1,1,1,1785486816
2026-07-31T08:35:21Z,128,2,1,17,0,0,1,1,1,1785484800
2026-07-31T08:35:21Z,129,17,1,0,2,0,1,1,1,1785486089
2026-07-31T08:35:21Z,130,5,0,12,0,0,1,1,1,1785484887
2026-07-31T08:35:21Z,131,7,2,2,2,0,1,1,1,1785486164
2026-07-31T08:35:21Z,132,12,5,2,0,1,1,1,1,1785486336
2026-07-31T08:35:21Z,134,3,0,15,5,0,1,1,1,1785486844
2026-07-31T08:35:21Z,135,6,2,12,1,0,1,1,1,1785484507
2026-07-31T08:35:21Z,136,6,0,9,1,7,1,1,1,1785486869
2026-07-31T08:35:21Z,137,6,1,13,0,0,1,1,1,1785486296
2026-07-31T08:35:21Z,138,35,2,2,0,0,1,1,1,1785486807
2026-07-31T08:35:21Z,139,19,5,0,0,0,1,1,1,1785485188
2026-07-31T08:35:21Z,140,15,8,6,2,0,1,1,1,1785486908
2026-07-31T08:35:21Z,141,31,1,5,0,0,1,1,1,1785485909
2026-07-31T08:35:21Z,142,22,1,1,0,0,1,1,1,1785485789
2026-07-31T08:35:21Z,143,13,3,17,1,0,1,1,1,1785482659
2026-07-31T08:35:21Z,144,23,1,4,0,0,1,1,1,1785485581
2026-07-31T08:35:21Z,146,8,1,14,1,0,1,1,1,1785486463
2026-07-31T08:35:21Z,147,10,2,7,2,0,1,1,1,1785486804
2026-07-31T08:35:21Z,148,23,0,3,0,1,1,1,1,1785486768
2026-07-31T08:35:21Z,149,14,4,12,1,0,1,1,1,1785483148
2026-07-31T08:35:21Z,150,31,7,2,2,0,1,1,1,1785486697
2026-07-31T08:35:21Z,151,22,7,1,0,0,1,1,1,1785485600
2026-07-31T08:35:21Z,152,19,0,4,4,0,1,1,1,1785486702
2026-07-31T08:35:21Z,153,12,1,13,6,0,1,1,1,1785486725
2026-07-31T08:35:21Z,154,16,5,4,3,0,1,1,1,1785486689
2026-07-31T08:35:21Z,155,13,4,0,1,0,1,1,1,1785486822
2026-07-31T08:35:21Z,156,16,1,3,0,0,1,1,1,1785485944
2026-07-31T08:35:21Z,157,15,0,10,2,0,1,1,1,1785486840
2026-07-31T08:35:21Z,158,16,2,0,0,0,1,1,1,1785471342
2026-07-31T08:35:21Z,159,5,2,14,0,0,1,1,1,1785486610
2026-07-31T08:35:21Z,160,19,1,0,0,0,1,1,1,1785475906
2026-07-31T08:35:21Z,161,15,1,7,0,0,1,1,1,1785486490
2026-07-31T08:35:21Z,162,14,3,12,1,0,1,1,1,1785484887
2026-07-31T08:35:21Z,163,29,2,2,0,0,1,1,1,1785486691
2026-07-31T08:35:21Z,164,25,7,2,0,0,1,1,1,1785486691
2026-07-31T08:35:21Z,165,23,11,7,1,0,1,1,1,1785486690
2026-07-31T08:35:21Z,166,31,7,3,5,0,1,1,1,1785486908
2026-07-31T08:35:21Z,167,21,10,0,2,0,1,1,1,1785484888
2026-07-31T08:35:21Z,168,21,0,5,1,0,1,1,1,1785486804
2026-07-31T08:35:21Z,169,1,0,21,0,1,1,1,1,1785483931
2026-07-31T08:35:21Z,170,18,5,0,1,0,1,1,1,1785485188
2026-07-31T08:35:21Z,171,10,3,1,2,0,1,1,1,1785486689
2026-07-31T08:35:21Z,173,36,0,3,0,0,1,1,1,1785486839
2026-07-31T08:35:21Z,174,22,1,2,2,0,1,1,1,1785482500
2026-07-31T08:35:21Z,175,8,1,23,0,0,1,1,1,1785486691
2026-07-31T08:35:21Z,176,4,1,10,0,1,1,1,1,1785485670
2026-07-31T08:35:21Z,177,21,2,6,0,0,1,1,1,1785486121
2026-07-31T08:35:21Z,178,2,0,10,2,1,1,1,1,1785486904
2026-07-31T08:35:21Z,179,11,1,3,1,0,1,1,1,1785486089
2026-07-31T08:35:21Z,180,27,0,3,0,0,1,1,1,1785468302
2026-07-31T08:35:21Z,181,14,1,0,1,0,1,1,1,1785485328
2026-07-31T08:35:21Z,182,16,1,1,0,0,1,1,1,1785485489
2026-07-31T08:35:21Z,183,17,0,6,0,0,1,1,1,1785486344
2026-07-31T08:35:21Z,184,1,1,21,1,0,1,1,1,1785485380
2026-07-31T08:35:21Z,185,12,1,0,2,1,1,1,1,1785484888
2026-07-31T08:35:21Z,186,4,1,15,0,0,1,1,1,1785486693
2026-07-31T08:35:21Z,187,8,0,19,1,0,1,1,1,1785484757
2026-07-31T08:35:21Z,188,14,0,5,8,0,1,1,1,1785486653
2026-07-31T08:35:21Z,189,15,4,0,0,0,1,1,1,1785479966
2026-07-31T08:35:21Z,190,5,2,18,0,0,1,1,1,1785486331
2026-07-31T08:35:21Z,191,2,1,37,0,0,1,1,1,1785486690
2026-07-31T08:35:21Z,192,12,4,16,3,0,1,1,1,1785486089
2026-07-31T08:35:21Z,193,0,0,15,0,0,1,1,1,1785484480
2026-07-31T08:35:21Z,194,17,1,9,1,0,1,1,1,1785486691
2026-07-31T08:35:21Z,195,13,1,4,2,0,1,1,1,1785484402
2026-07-31T08:35:21Z,196,24,1,0,3,0,1,1,1,1785486614
2026-07-31T08:35:21Z,197,15,3,2,1,1,1,1,1,1785485789
2026-07-31T08:35:21Z,198,21,16,2,0,0,1,1,1,1785484887
2026-07-31T08:35:21Z,199,7,5,5,3,0,1,1,1,1785483728
2026-07-31T08:35:21Z,200,15,0,10,1,0,1,1,1,1785486390
2026-07-31T08:35:21Z,201,8,3,15,0,0,1,1,1,1785482886
2026-07-31T08:35:21Z,202,0,0,27,0,0,1,1,1,1785486691
2026-07-31T08:35:21Z,203,25,3,5,1,0,1,1,1,1785486390
2026-07-31T08:35:21Z,204,31,1,3,1,0,1,1,1,1785485488
2026-07-31T08:35:21Z,205,12,1,15,0,0,1,1,1,1785482737
2026-07-31T08:35:21Z,206,1,1,13,1,0,1,1,1,1785486448
2026-07-31T08:35:21Z,207,14,0,7,0,0,1,1,1,1785481979
2026-07-31T08:35:21Z,208,2,0,27,0,0,1,1,1,1785477246
2026-07-31T08:35:21Z,209,0,0,6,11,14,1,1,1,1785486902
2026-07-31T08:35:21Z,210,23,2,4,0,0,1,1,1,1785485488
2026-07-31T08:35:21Z,211,16,6,6,1,0,1,1,1,1785482104
2026-07-31T08:35:21Z,212,25,0,9,1,0,1,1,1,1785486601
2026-07-31T08:35:21Z,213,12,1,9,2,0,1,1,1,1785486018
2026-07-31T08:35:21Z,214,29,1,14,4,0,1,1,1,1785486652
2026-07-31T08:35:21Z,215,6,1,16,1,0,1,1,1,1785486390
2026-07-31T08:35:21Z,216,10,0,8,1,0,1,1,1,1785482156
2026-07-31T08:35:21Z,217,9,0,19,1,0,1,1,1,1785486764
2026-07-31T08:35:21Z,218,6,2,31,2,0,1,1,1,1785486905
2026-07-31T08:35:21Z,219,0,0,25,1,0,1,1,1,1785478263
2026-07-31T08:35:21Z,220,24,7,17,1,1,1,1,1,1785484887
2026-07-31T08:35:21Z,221,13,8,1,1,0,1,1,1,1785483976
2026-07-31T08:35:21Z,222,16,12,2,1,0,1,1,1,1785485037
2026-07-31T08:35:21Z,223,8,3,24,3,0,1,1,1,1785486789
2026-07-31T08:35:21Z,224,6,5,15,1,0,1,1,1,1785485711
2026-07-31T08:35:21Z,225,10,0,3,6,0,1,1,1,1785486598
2026-07-31T08:35:21Z,226,30,10,1,0,0,1,1,1,1785486691
2026-07-31T08:35:21Z,227,19,13,7,0,1,1,1,1,1785485181
2026-07-31T08:35:21Z,228,1,0,17,1,0,1,1,1,1785484888
2026-07-31T08:35:21Z,230,16,9,10,0,0,1,1,1,1785486691
2026-07-31T08:35:21Z,232,13,6,3,1,0,1,1,1,1785486390
2026-07-31T08:35:21Z,233,20,0,10,1,0,1,1,1,1785486390
2026-07-31T08:35:21Z,234,8,3,6,3,2,1,1,1,1785483414
2026-07-31T08:35:21Z,236,14,3,5,0,0,1,1,1,1785480280
2026-07-31T08:35:21Z,237,22,4,0,1,0,1,1,1,1785486390
2026-07-31T08:35:21Z,239,23,18,1,3,0,1,1,1,1785486691
2026-07-31T08:35:21Z,241,19,6,4,0,0,1,1,1,1785485005
2026-07-31T08:35:21Z,242,1,1,21,1,0,1,1,1,1785484715
2026-07-31T08:35:21Z,243,11,0,19,1,0,1,1,1,1785484434
2026-07-31T08:35:21Z,244,12,1,14,1,0,1,1,1,1785485897
2026-07-31T08:35:21Z,245,3,3,20,0,0,1,1,1,1785484146
2026-07-31T08:35:21Z,246,13,0,10,0,0,1,1,1,1785486470
2026-07-31T08:35:21Z,247,12,10,10,1,0,1,1,1,1785486381
2026-07-31T08:35:21Z,248,18,4,2,3,0,1,1,1,1785486690
2026-07-31T08:35:21Z,249,1,0,18,0,0,1,1,1,1785483971
2026-07-31T08:35:21Z,250,3,3,23,1,0,1,1,1,1785483886
2026-07-31T08:35:21Z,251,22,5,2,3,0,1,1,1,1785486475
2026-07-31T08:35:21Z,253,7,4,11,1,0,1,1,1,1785486537
2026-07-31T08:35:21Z,254,26,21,16,1,0,1,1,1,1785485789
2026-07-31T08:35:21Z,255,5,0,17,0,1,1,1,1,1785486613
2026-07-31T08:35:21Z,256,10,5,11,2,0,1,1,1,1785485834
2026-07-31T08:35:21Z,257,14,6,4,1,0,1,1,1,1785486690
2026-07-31T08:35:21Z,258,1,0,18,0,0,1,1,1,1785482036
2026-07-31T08:35:21Z,259,20,3,2,0,1,1,1,1,1785486090
2026-07-31T08:35:21Z,260,14,4,2,3,0,1,1,1,1785486424
2026-07-31T08:35:21Z,261,16,0,1,1,1,1,1,1,1785484888
2026-07-31T08:35:21Z,262,20,11,3,0,0,1,1,1,1785486882
2026-07-31T08:35:21Z,263,14,3,1,0,0,1,1,1,1785480222
2026-07-31T08:35:21Z,264,18,6,0,1,0,1,1,1,1785474915
2026-07-31T08:35:21Z,265,15,1,0,0,0,1,1,1,1785473819
2026-07-31T08:35:21Z,266,17,8,0,2,0,1,1,1,1785481181
2026-07-31T08:35:21Z,267,7,3,6,2,0,1,1,1,1785484888
2026-07-31T08:35:21Z,268,23,9,0,0,0,1,1,1,1785484887
2026-07-31T08:35:21Z,269,9,3,13,1,0,1,1,1,1785484888
2026-07-31T08:35:21Z,270,25,3,2,0,0,1,1,1,1785485188
2026-07-31T08:35:21Z,271,0,0,17,2,0,1,1,1,1785468500
2026-07-31T08:35:21Z,272,13,13,9,1,0,1,1,1,1785486390
2026-07-31T08:35:21Z,273,14,5,1,0,0,1,1,1,1785484888
2026-07-31T08:35:21Z,274,18,8,0,1,0,1,1,1,1785472651
2026-07-31T08:35:21Z,275,13,0,6,2,2,1,1,1,1785486729
2026-07-31T08:35:21Z,276,1,0,26,0,0,1,1,1,1785477868
2026-07-31T08:35:21Z,277,12,1,6,5,0,1,1,1,1785485546
2026-07-31T08:35:21Z,278,21,0,7,2,1,1,1,1,1785485697
2026-07-31T08:35:21Z,279,16,0,3,0,0,1,1,1,1785484888
2026-07-31T08:35:21Z,280,11,1,18,2,0,1,1,1,1785485974
2026-07-31T08:35:21Z,281,19,0,0,0,0,1,1,1,1785486089
2026-07-31T08:35:21Z,282,5,2,13,0,0,1,1,1,1785484887
2026-07-31T08:35:21Z,283,34,1,1,0,0,1,1,1,1785484709
2026-07-31T08:35:21Z,284,19,5,14,2,0,1,1,1,1785486390
2026-07-31T08:35:21Z,285,8,7,15,0,0,1,1,1,1785485188
2026-07-31T08:35:21Z,286,16,14,2,5,0,1,1,1,1785486390
2026-07-31T08:35:21Z,287,13,4,7,3,0,1,1,1,1785484887
2026-07-31T08:35:21Z,288,14,10,5,0,0,1,1,1,1785480320
2026-07-31T08:35:21Z,289,24,3,0,3,0,1,1,1,1785486743
2026-07-31T08:35:21Z,290,7,0,31,1,0,1,1,1,1785482049
2026-07-31T08:35:21Z,291,10,2,11,2,0,1,1,1,1785486380
2026-07-31T08:35:21Z,292,22,0,1,0,0,1,1,1,1785485789
2026-07-31T08:35:21Z,293,17,10,6,0,0,1,1,1,1785485752
2026-07-31T08:35:21Z,294,0,0,21,1,0,1,1,1,1785485828
2026-07-31T08:35:21Z,297,10,1,6,2,1,1,1,1,1785485188
2026-07-31T08:35:21Z,301,17,1,2,0,0,1,1,1,1785486240
2026-07-31T08:35:21Z,302,0,0,23,0,0,1,1,1,1785485769
2026-07-31T08:35:21Z,303,19,0,0,0,0,1,1,1,1785485188
2026-07-31T08:35:21Z,304,0,0,0,0,0,0,1,1,86400
2026-07-31T08:35:21Z,305,19,0,0,0,0,1,1,1,1785485188
2026-07-31T08:35:21Z,306,2,0,29,1,0,1,1,1,1785485188
2026-07-31T08:35:21Z,307,17,1,4,1,1,1,1,1,1785486729
2026-07-31T08:35:21Z,308,14,0,3,2,0,1,1,1,1785485188
2026-07-31T08:35:21Z,309,12,3,1,1,0,1,1,1,1785486401
2026-07-31T08:35:21Z,311,15,0,0,0,0,1,1,1,1785476190
2026-07-31T08:35:21Z,312,6,3,12,4,1,1,1,1,1785486738
2026-07-31T08:35:21Z,313,3,1,12,0,0,1,1,1,1785479124
2026-07-31T08:35:21Z,314,4,3,11,3,0,1,1,1,1785477432
2026-07-31T08:35:21Z,315,23,6,5,3,0,1,1,1,1785486691
2026-07-31T08:35:21Z,316,4,1,9,17,1,1,1,1,1785486906
2026-07-31T08:35:21Z,317,0,0,30,0,1,1,1,1,1785486896
2026-07-31T08:35:21Z,318,16,0,3,0,0,1,1,1,1785478379
2026-07-31T08:35:21Z,319,17,3,5,1,0,1,1,1,1785485533
2026-07-31T08:35:21Z,320,18,5,0,1,0,1,1,1,1785483872
2026-07-31T08:35:21Z,321,8,1,7,4,0,1,1,1,1785486841
2026-07-31T08:35:21Z,322,5,1,23,1,0,1,1,1,1785484798
2026-07-31T08:35:21Z,323,8,0,11,0,0,1,1,1,1785476374
2026-07-31T08:35:21Z,324,7,2,19,1,0,1,1,1,1785486901
2026-07-31T08:35:21Z,325,4,3,21,2,0,1,1,1,1785484701
2026-07-31T08:35:21Z,327,25,0,1,1,0,1,1,1,1785485570
2026-07-31T08:35:21Z,328,20,0,1,1,0,1,1,1,1785484794
2026-07-31T08:35:21Z,329,17,0,0,2,0,1,1,1,1785486890
2026-07-31T08:35:21Z,330,3,0,19,0,0,1,1,1,1785485188
2026-07-31T08:35:21Z,331,11,3,11,1,0,1,1,1,1785486473
2026-07-31T08:35:21Z,332,10,3,7,2,0,1,1,1,1785486685
2026-07-31T08:35:21Z,333,2,1,20,1,0,1,1,1,1785485924
2026-07-31T08:35:21Z,334,10,8,13,0,0,1,1,1,1785486485
2026-07-31T08:35:21Z,335,3,2,18,1,1,1,1,1,1785477902
2026-07-31T08:35:21Z,336,18,2,1,0,0,1,1,1,1785483787
2026-07-31T08:35:21Z,337,17,3,1,5,0,1,1,1,1785486594
2026-07-31T08:35:21Z,338,18,8,1,0,0,1,1,1,1785484469
2026-07-31T08:35:21Z,339,18,10,4,1,0,1,1,1,1785484330
2026-07-31T08:35:21Z,340,13,11,1,1,0,1,1,1,1785486748
2026-07-31T08:35:21Z,341,11,4,8,0,0,1,1,1,1785479749
2026-07-31T08:35:21Z,342,13,7,0,2,0,1,1,1,1785475446
2026-07-31T08:35:21Z,343,20,1,2,1,0,1,1,1,1785480772
2026-07-31T08:35:21Z,344,22,8,1,0,0,1,1,1,1785486789
2026-07-31T08:35:21Z,345,19,3,0,0,0,1,1,1,1785484144
2026-07-31T08:35:21Z,346,8,6,15,0,0,1,1,1,1785486132
2026-07-31T08:35:21Z,347,0,0,42,2,0,1,1,1,1785486901
2026-07-31T08:35:21Z,348,21,3,0,1,1,1,1,1,1785486849
2026-07-31T08:35:21Z,349,6,1,13,0,0,1,1,1,1785486891
2026-07-31T08:35:21Z,350,24,3,1,1,1,1,1,1,1785482374
2026-07-31T08:35:21Z,351,20,3,0,3,0,1,1,1,1785486839
2026-07-31T08:35:21Z,355,23,1,0,0,0,1,1,1,1785477413
2026-07-31T08:35:21Z,356,17,2,2,0,0,1,1,1,1785482282
2026-07-31T08:35:21Z,357,13,4,6,0,0,1,1,1,1785485188
2026-07-31T08:35:21Z,358,24,4,2,1,0,1,1,1,1785483982
2026-07-31T08:35:21Z,359,22,0,5,0,0,1,1,1,1785482858
2026-07-31T08:35:21Z,360,16,4,1,2,0,1,1,1,1785486258
2026-07-31T08:35:21Z,362,17,5,0,2,0,1,1,1,1785485646
2026-07-31T08:35:21Z,363,0,0,27,0,0,1,1,1,1785483419
2026-07-31T08:35:21Z,364,19,3,0,0,0,1,1,1,1785483692
2026-07-31T08:35:21Z,365,18,6,2,3,0,1,1,1,1785483765
2026-07-31T08:35:21Z,366,14,7,2,7,0,1,1,1,1785486639
2026-07-31T08:35:21Z,367,16,9,1,2,0,1,1,1,1785478153
2026-07-31T08:35:21Z,368,20,3,1,2,0,1,1,1,1785482737
2026-07-31T08:35:21Z,370,16,9,11,0,0,1,1,1,1785479785
2026-07-31T08:35:21Z,371,4,2,14,1,0,1,1,1,1785484735
2026-07-31T08:35:21Z,372,8,2,7,0,0,1,1,1,1785482153
2026-07-31T08:35:21Z,373,24,8,3,0,0,1,1,1,1785486433
2026-07-31T08:35:21Z,374,17,7,0,2,0,1,1,1,1785486885
2026-07-31T08:35:21Z,375,22,5,3,2,0,1,1,1,1785482460
2026-07-31T08:35:21Z,376,29,3,4,6,0,1,1,1,1785486517
2026-07-31T08:35:21Z,377,25,9,2,0,0,1,1,1,1785486573
2026-07-31T08:35:21Z,378,22,5,0,1,1,1,1,1,1785486799
2026-07-31T08:35:21Z,379,14,0,13,0,0,1,1,1,1785486139
2026-07-31T08:35:21Z,380,21,7,1,1,0,1,1,1,1785486117
2026-07-31T08:35:21Z,381,13,0,10,0,0,1,1,1,1785486771
2026-07-31T08:35:21Z,383,12,0,1,2,0,1,1,1,1785480220
2026-07-31T08:35:21Z,384,26,1,0,1,0,1,1,1,1785479554
2026-07-31T08:35:21Z,385,16,4,1,1,0,1,1,1,1785480137
2026-07-31T08:35:21Z,387,21,2,2,0,0,1,1,1,1785486411
2026-07-31T08:35:21Z,388,16,3,33,0,0,1,1,1,1785485188
2026-07-31T08:35:21Z,389,9,8,6,0,0,1,1,1,1785486065
2026-07-31T08:35:21Z,390,19,1,16,0,0,1,1,1,1785485014
2026-07-31T08:35:21Z,391,4,0,10,1,0,1,1,1,1785475375
2026-07-31T08:35:21Z,392,3,3,15,1,0,1,1,1,1785486750
2026-07-31T08:35:21Z,393,3,3,5,3,0,1,1,1,1785480120
2026-07-31T08:35:21Z,394,9,6,2,2,0,1,1,1,1785481308
2026-07-31T08:35:21Z,396,7,7,32,3,0,1,1,1,1785483097
2026-07-31T08:35:21Z,397,4,4,27,0,0,1,1,1,1785479502
2026-07-31T08:35:21Z,399,13,2,2,2,0,1,1,1,1785483706
2026-07-31T08:35:21Z,400,11,6,9,3,0,1,1,1,1785485630
2026-07-31T08:35:21Z,401,10,0,21,8,0,1,1,1,1785475540
2026-07-31T08:35:21Z,403,4,0,25,2,0,1,1,1,1785486868
2026-07-31T08:35:21Z,404,2,1,20,1,0,1,1,1,1785486690
2026-07-31T08:35:21Z,406,2,0,32,1,0,1,1,1,1785476032
2026-07-31T08:35:21Z,407,16,3,17,1,0,1,1,1,1785484887
2026-07-31T08:35:21Z,408,12,2,20,1,0,1,1,1,1785480622
2026-07-31T08:35:21Z,409,0,0,20,3,0,1,1,1,1785474552
2026-07-31T08:35:21Z,413,20,4,1,2,0,1,1,1,1785484683
2026-07-31T08:35:21Z,414,13,4,1,1,0,1,1,1,1785485488
2026-07-31T08:35:21Z,417,11,7,8,0,0,1,1,1,1785478784
2026-07-31T08:35:21Z,418,1,0,13,1,0,1,1,1,1785476979
2026-07-31T08:35:21Z,419,10,0,12,1,0,1,1,1,1785476705
2026-07-31T08:35:21Z,421,1,0,18,0,0,1,1,1,1785475529
2026-07-31T08:35:21Z,422,3,3,24,0,0,1,1,1,1785484728
2026-07-31T08:35:21Z,423,6,1,17,0,0,1,1,1,1785477801
2026-07-31T08:35:21Z,424,2,1,10,3,0,1,1,1,1785486817
2026-07-31T08:35:21Z,425,20,0,1,0,1,1,1,1,1785485489
2026-07-31T08:35:21Z,426,0,0,35,2,0,1,1,1,1785483994
2026-07-31T08:35:21Z,427,14,1,0,2,0,1,1,1,1785486853
2026-07-31T08:35:21Z,428,14,1,4,1,0,1,1,1,1785485758
2026-07-31T08:35:21Z,429,2,0,19,2,0,1,1,1,1785485311
2026-07-31T08:35:21Z,430,28,0,0,3,0,1,1,1,1785485488
2026-07-31T08:35:21Z,431,14,0,18,1,0,1,1,1,1785477264
2026-07-31T08:35:21Z,432,19,0,10,2,0,1,1,1,1785484695
2026-07-31T08:35:21Z,433,19,6,3,1,0,1,1,1,1785477238
2026-07-31T08:35:21Z,437,3,1,15,1,0,1,1,1,1785486178
2026-07-31T08:35:21Z,438,17,0,1,1,0,1,1,1,1785486722
2026-07-31T08:35:21Z,439,5,0,10,0,0,1,1,1,1785472574
2026-07-31T08:35:21Z,440,13,1,0,2,0,1,1,1,1785485156
2026-07-31T08:35:21Z,441,10,2,4,1,0,1,1,1,1785485488
2026-07-31T08:35:21Z,442,17,9,1,1,0,1,1,1,1785481675
2026-07-31T08:35:21Z,443,4,2,23,0,0,1,1,1,1785485488
2026-07-31T08:35:21Z,444,2,2,21,0,0,1,1,1,1785485488
2026-07-31T08:35:21Z,445,7,2,15,1,0,1,1,1,1785486633
2026-07-31T08:35:21Z,446,1,1,21,1,0,1,1,1,1785470328
2026-07-31T08:35:21Z,447,3,0,18,1,1,1,1,1,1785485488
2026-07-31T08:35:21Z,448,9,4,5,1,0,1,1,1,1785484738
2026-07-31T08:35:21Z,452,7,6,11,1,0,1,1,1,1785485488
2026-07-31T08:35:21Z,453,7,5,7,1,0,1,1,1,1785486105
2026-07-31T08:35:21Z,454,9,0,10,0,0,1,1,1,1785484271
2026-07-31T08:35:21Z,455,0,0,39,0,0,1,1,1,1785483866
2026-07-31T08:35:21Z,456,9,0,10,1,0,1,1,1,1785486880
2026-07-31T08:35:21Z,457,25,2,0,2,0,1,1,1,1785481257
2026-07-31T08:35:21Z,458,16,6,7,0,0,1,1,1,1785485789
2026-07-31T08:35:21Z,459,15,0,0,0,0,1,1,1,1785485789
2026-07-31T08:35:21Z,460,20,2,2,1,0,1,1,1,1785484847
2026-07-31T08:35:21Z,461,6,1,13,0,0,1,1,1,1785485789
2026-07-31T08:35:21Z,462,9,0,12,0,0,1,1,1,1785486367
2026-07-31T08:35:21Z,463,13,1,6,0,0,1,1,1,1785475514
2026-07-31T08:35:21Z,464,3,1,11,0,0,1,1,1,1785485789
2026-07-31T08:35:21Z,465,0,0,14,1,0,1,1,1,1785485789
2026-07-31T08:35:21Z,466,11,3,2,2,0,1,1,1,1785485789
2026-07-31T08:35:21Z,467,5,1,13,1,0,1,1,1,1785471818
2026-07-31T08:35:21Z,468,17,1,1,1,0,1,1,1,1785485789
2026-07-31T08:35:21Z,469,2,1,21,0,0,1,1,1,1785473803
2026-07-31T08:35:21Z,470,13,1,0,2,0,1,1,1,1785486413
2026-07-31T08:35:21Z,471,22,2,5,0,0,1,1,1,1785486657
2026-07-31T08:35:21Z,472,18,6,0,1,0,1,1,1,1785486688
2026-07-31T08:35:21Z,473,19,5,0,0,0,1,1,1,1785485789
2026-07-31T08:35:21Z,474,18,0,1,0,0,1,1,1,1785485789
2026-07-31T08:35:21Z,475,3,0,15,1,0,1,1,1,1785485789
2026-07-31T08:35:21Z,477,11,8,3,1,0,1,1,1,1785486182
2026-07-31T08:35:21Z,478,6,0,24,1,0,1,1,1,1785485789
2026-07-31T08:35:21Z,479,1,1,25,1,0,1,1,1,1785485263
2026-07-31T08:35:21Z,480,2,0,10,3,0,1,1,1,1785485789
2026-07-31T08:35:21Z,481,26,1,8,1,0,1,1,1,1785486765
2026-07-31T08:35:21Z,482,18,6,1,0,0,1,1,1,1785484337
2026-07-31T08:35:21Z,483,1,0,24,2,0,1,1,1,1785486893
2026-07-31T08:35:21Z,484,8,2,10,1,0,1,1,1,1785486597
2026-07-31T08:35:21Z,485,16,6,1,1,1,1,1,1,1785486739
2026-07-31T08:35:21Z,486,25,6,0,2,0,1,1,1,1785486412
2026-07-31T08:35:21Z,487,7,4,11,1,0,1,1,1,1785486902
2026-07-31T08:35:21Z,489,14,6,1,0,0,1,1,1,1785484134
2026-07-31T08:35:21Z,490,2,1,14,0,0,1,1,1,1785486473
2026-07-31T08:35:21Z,491,4,1,17,0,0,1,1,1,1785486090
2026-07-31T08:35:21Z,492,5,3,2,4,0,1,1,1,1785486906
2026-07-31T08:35:21Z,493,0,0,26,1,0,1,1,1,1785478572
2026-07-31T08:35:21Z,495,10,0,2,3,0,1,1,1,1785485719
2026-07-31T08:35:21Z,496,27,1,0,0,0,1,1,1,1785486089
2026-07-31T08:35:21Z,497,17,0,1,1,0,1,1,1,1785473754
2026-07-31T08:35:21Z,498,22,3,0,1,0,1,1,1,1785486119
2026-07-31T08:35:21Z,499,18,2,1,0,0,1,1,1,1785482441
2026-07-31T08:35:21Z,500,10,5,0,5,0,1,1,1,1785474639
2026-07-31T08:35:21Z,501,9,3,12,0,0,1,1,1,1785486461
2026-07-31T08:35:21Z,502,6,0,13,0,0,1,1,1,1785486089
2026-07-31T08:35:21Z,503,26,0,4,1,0,1,1,1,1785482589
2026-07-31T08:35:21Z,504,0,0,39,0,0,1,1,1,1785486562
2026-07-31T08:35:21Z,505,11,2,0,1,0,1,1,1,1785486090
2026-07-31T08:35:21Z,511,2,1,21,0,0,1,1,1,1785486354
2026-07-31T08:35:21Z,512,7,0,20,0,0,1,1,1,1785480589
2026-07-31T08:35:21Z,514,10,0,0,1,0,1,1,1,1785486089
2026-07-31T08:35:21Z,515,2,0,17,0,0,1,1,1,1785475097
2026-07-31T08:35:21Z,516,0,0,27,0,0,1,1,1,1785484039
2026-07-31T08:35:21Z,517,14,3,8,1,0,1,1,1,1785486090
2026-07-31T08:35:21Z,518,14,1,0,1,0,1,1,1,1785486390
2026-07-31T08:35:21Z,519,4,0,13,2,0,1,1,1,1785486090
2026-07-31T08:35:21Z,520,11,7,10,5,1,1,1,1,1785486908
2026-07-31T08:35:21Z,521,18,5,5,0,0,1,1,1,1785485835
2026-07-31T08:35:21Z,522,0,0,22,1,0,1,1,1,1785486390
2026-07-31T08:35:21Z,523,6,3,16,1,0,1,1,1,1785481269
2026-07-31T08:35:21Z,524,1,0,22,0,0,1,1,1,1785486695
2026-07-31T08:35:21Z,525,9,0,10,0,0,1,1,1,1785484441
2026-07-31T08:35:21Z,526,13,1,0,2,0,1,1,1,1785486390
2026-07-31T08:35:21Z,527,6,4,17,3,0,1,1,1,1785486778
2026-07-31T08:35:21Z,528,21,2,1,1,0,1,1,1,1785486390
2026-07-31T08:35:21Z,529,6,3,7,6,0,1,1,1,1785486908
2026-07-31T08:35:21Z,530,16,1,3,2,0,1,1,1,1785482854
2026-07-31T08:35:21Z,531,21,1,0,1,1,1,1,1,1785485732
2026-07-31T08:35:21Z,532,3,3,26,1,1,1,1,1,1785481447
2026-07-31T08:35:21Z,533,8,1,9,2,0,1,1,1,1785486390
2026-07-31T08:35:21Z,534,16,2,7,0,0,1,1,1,1785486465
2026-07-31T08:35:21Z,535,2,0,13,0,0,1,1,1,1785486390
2026-07-31T08:35:21Z,536,1,0,22,0,0,1,1,1,1785485983
2026-07-31T08:35:21Z,537,0,0,20,0,0,1,1,1,1785482824
2026-07-31T08:35:21Z,538,21,8,0,0,2,1,1,1,1785486840
2026-07-31T08:35:21Z,539,4,4,27,0,0,1,1,1,1785470894
2026-07-31T08:35:21Z,540,2,1,17,0,0,1,1,1,1785486391
2026-07-31T08:35:21Z,541,26,2,0,1,0,1,1,1,1785486390
2026-07-31T08:35:21Z,542,2,2,21,0,0,1,1,1,1785486390
2026-07-31T08:35:21Z,543,17,2,1,1,0,1,1,1,1785477292
2026-07-31T08:35:21Z,544,14,1,4,4,0,1,1,1,1785486390
2026-07-31T08:35:21Z,545,0,0,17,2,0,1,1,1,1785486390
2026-07-31T08:35:21Z,546,14,6,5,0,0,1,1,1,1785486390
2026-07-31T08:35:21Z,547,19,0,6,0,0,1,1,1,1785484975
2026-07-31T08:35:21Z,548,14,1,9,0,0,1,1,1,1785486390
2026-07-31T08:35:21Z,549,20,0,3,0,0,1,1,1,1785486390
2026-07-31T08:35:21Z,550,17,2,2,0,0,1,1,1,1785486390
2026-07-31T08:35:21Z,551,16,4,7,0,0,1,1,1,1785486390
2026-07-31T08:35:21Z,552,27,3,0,0,0,1,1,1,1785486390
2026-07-31T08:35:21Z,553,20,4,0,2,1,1,1,1,1785486587
2026-07-31T08:35:21Z,554,1,1,18,0,0,1,1,1,1785486691
2026-07-31T08:35:21Z,555,14,6,0,1,0,1,1,1,1785473227
2026-07-31T08:35:21Z,556,21,4,0,2,0,1,1,1,1785486894
2026-07-31T08:35:21Z,557,6,4,12,5,0,1,1,1,1785481664
2026-07-31T08:35:21Z,558,27,4,10,0,0,1,1,1,1785482878
2026-07-31T08:35:21Z,559,0,0,18,1,0,1,1,1,1785486390
2026-07-31T08:35:21Z,560,8,0,19,0,0,1,1,1,1785481488
2026-07-31T08:35:21Z,561,13,1,9,1,0,1,1,1,1785486390
2026-07-31T08:35:21Z,562,3,0,29,3,0,1,1,1,1785486691
2026-07-31T08:35:21Z,563,11,1,3,0,0,1,1,1,1785482241
2026-07-31T08:35:21Z,564,12,0,6,1,0,1,1,1,1785482523
2026-07-31T08:35:21Z,565,6,2,13,0,0,1,1,1,1785482411
2026-07-31T08:35:21Z,566,16,0,2,1,0,1,1,1,1785486691
2026-07-31T08:35:21Z,567,25,1,1,1,0,1,1,1,1785485492
2026-07-31T08:35:21Z,568,13,0,5,1,0,1,1,1,1785483409
2026-07-31T08:35:21Z,569,17,3,2,0,0,1,1,1,1785486691
2026-07-31T08:35:21Z,570,13,1,6,0,0,1,1,1,1785486691
2026-07-31T08:35:21Z,571,0,0,23,0,0,1,1,1,1785486691
2026-07-31T08:35:21Z,572,17,5,1,1,0,1,1,1,1785486189
2026-07-31T08:35:21Z,573,13,0,2,0,0,1,1,1,1785486691
2026-07-31T08:35:21Z,574,10,3,5,0,0,1,1,1,1785486691
2026-07-31T08:35:21Z,575,5,0,15,1,0,1,1,1,1785486513
2026-07-31T08:35:21Z,576,3,0,14,2,0,1,1,1,1785484547
2026-07-31T08:35:21Z,577,13,0,18,0,0,1,1,1,1785484139
2026-07-31T08:35:21Z,578,14,9,8,1,0,1,1,1,1785484622
2026-07-31T08:35:21Z,579,4,0,39,0,0,1,1,1,1785482722
2026-07-31T08:35:21Z,580,4,0,25,0,0,1,1,1,1785486691
2026-07-31T08:35:21Z,581,19,3,0,0,0,1,1,1,1785486691
2026-07-31T08:35:21Z,582,22,0,38,1,0,1,1,1,1785486723
2026-07-31T08:35:21Z,583,23,1,0,0,0,1,1,1,1785486691
2026-07-31T08:35:21Z,584,9,4,6,4,0,1,1,1,1785475747
2026-07-31T08:35:21Z,585,16,3,10,0,1,1,1,1,1785486481
2026-07-31T08:35:21Z,586,14,0,21,0,0,1,1,1,1785482020
2026-07-31T08:35:21Z,587,21,0,2,1,0,1,1,1,1785485505
2026-07-31T08:35:21Z,588,11,3,5,3,0,1,1,1,1785486691
2026-07-31T08:35:21Z,589,0,0,0,23,0,1,1,1,1785486905
2026-07-31T08:35:21Z,590,19,4,11,1,0,1,1,1,1785479272
2026-07-31T08:35:21Z,591,28,1,0,2,0,1,1,1,1785486691
2026-07-31T08:35:21Z,592,12,0,11,0,0,1,1,1,1785483987
2026-07-31T08:35:21Z,593,0,0,38,0,0,1,1,1,1785476655
2026-07-31T08:35:21Z,594,7,0,11,3,0,1,1,1,1785486682
2026-07-31T08:35:21Z,595,0,0,3,0,0,0,1,1,1784046673
2026-07-31T08:35:21Z,605,0,0,2,1,0,0,1,1,1783975843
2026-07-31T08:35:21Z,606,0,0,0,0,0,0,1,1,86400
2026-07-31T08:35:21Z,607,8,0,23,1,0,1,1,1,1785485923
2026-07-31T08:35:21Z,608,1,0,49,0,0,1,1,1,1785486736
2026-07-31T08:35:21Z,609,2,0,21,0,0,1,1,1,1785486261
2026-07-31T08:35:21Z,610,0,0,35,0,0,1,1,1,1785463583
2026-07-31T08:35:21Z,611,12,0,14,1,0,1,1,1,1785483600
2026-07-31T08:35:21Z,612,6,1,9,0,0,1,1,1,1785486691
2026-07-31T08:35:21Z,613,9,0,3,3,0,1,1,1,1785472894
2026-07-31T08:35:21Z,614,1,1,23,2,1,1,1,1,1785486629
2026-07-31T08:35:21Z,617,12,0,1,2,0,1,1,1,1785486691
2026-07-31T08:35:21Z,618,13,2,1,5,0,1,1,1,1785486690
2026-07-31T08:35:21Z,619,7,2,12,0,0,1,1,1,1785483534
2026-07-31T08:35:21Z,620,0,0,25,2,0,1,1,1,1785478133
2026-07-31T08:35:21Z,621,7,2,15,1,0,1,1,1,1785486775
2026-07-31T08:35:21Z,622,5,2,17,1,0,1,1,1,1785480182
2026-07-31T08:35:21Z,623,9,2,20,1,0,1,1,1,1785475996
2026-07-31T08:35:21Z,624,2,0,13,0,0,1,1,1,1785486691
2026-07-31T08:35:21Z,625,5,0,14,2,0,1,1,1,1785484305
2026-07-31T08:35:21Z,626,0,0,45,0,2,1,1,1,1785469585
2026-07-31T08:35:21Z,627,13,6,6,0,0,1,1,1,1785485482
2026-07-31T08:35:21Z,628,0,0,15,2,2,1,1,1,1785486863
2026-07-31T08:35:21Z,629,4,1,6,1,0,1,1,1,1785486606
2026-07-31T08:35:21Z,630,3,2,21,3,0,1,1,1,1785486732
2026-07-31T08:35:21Z,631,2,1,21,0,0,1,1,1,1785471593
2026-07-31T08:35:21Z,632,22,2,0,1,0,1,1,1,1785458363
2026-07-31T08:35:21Z,633,11,1,0,4,0,1,1,1,1785486654
2026-07-31T08:35:21Z,634,11,2,8,0,0,1,1,1,1785478804
2026-07-31T08:35:21Z,635,17,1,2,0,0,1,1,1,1785485606
2026-07-31T08:35:21Z,636,10,2,5,0,0,1,1,1,1785484858
2026-07-31T08:35:21Z,637,8,0,11,0,0,1,1,1,1785483457
2026-07-31T08:35:21Z,638,9,2,7,3,0,1,1,1,1785473314
2026-07-31T08:35:21Z,639,5,1,11,3,0,1,1,1,1785479066
2026-07-31T08:35:21Z,640,1,1,21,1,0,1,1,1,1785486733
2026-07-31T08:35:21Z,641,20,1,4,2,0,1,1,1,1785486471
2026-07-31T08:35:21Z,642,3,2,8,8,0,1,1,1,1785486904
2026-07-31T08:35:21Z,643,1,0,18,8,0,1,1,1,1785486904
2026-07-31T08:35:21Z,644,12,0,2,1,0,1,1,1,1785475510
2026-07-31T08:35:21Z,645,13,0,8,1,1,1,1,1,1785485314
2026-07-31T08:35:21Z,646,7,2,12,0,0,1,1,1,1785486612
2026-07-31T08:35:21Z,647,31,1,0,0,0,1,1,1,1785469507
2026-07-31T08:35:21Z,648,6,0,12,1,0,1,1,1,1785483627
2026-07-31T08:35:21Z,649,19,2,11,1,0,1,1,1,1785486346
2026-07-31T08:35:21Z,650,5,1,9,0,0,1,1,1,1785461548
2026-07-31T08:35:21Z,651,11,9,12,0,0,1,1,1,1785482207
2026-07-31T08:35:21Z,652,4,2,17,2,0,1,1,1,1785486721
2026-07-31T08:35:21Z,653,8,1,9,2,0,1,1,1,1785481487
2026-07-31T08:35:21Z,654,2,2,13,0,0,1,1,1,1785480995
2026-07-31T08:35:21Z,655,6,3,2,4,1,1,1,1,1785486614
2026-07-31T08:35:21Z,656,18,6,1,0,0,1,1,1,1785482316
2026-07-31T08:35:21Z,657,9,1,3,2,3,1,1,1,1785486653
2026-07-31T08:35:21Z,658,9,1,1,0,0,1,1,1,1785473427
2026-07-31T08:35:21Z,659,8,3,5,2,0,1,1,1,1785482005
2026-07-31T08:35:21Z,660,13,0,14,4,0,1,1,1,1785486756
2026-07-31T08:35:21Z,661,1,1,18,0,0,1,1,1,1785474064
2026-07-31T08:35:21Z,662,7,5,14,2,0,1,1,1,1785480458
2026-07-31T08:35:21Z,663,14,6,0,1,0,1,1,1,1785472341
2026-07-31T08:35:21Z,664,0,0,27,0,0,1,1,1,1785472715
2026-07-31T08:35:21Z,665,12,3,3,0,0,1,1,1,1785479255
2026-07-31T08:35:21Z,666,7,2,6,2,0,1,1,1,1785473808
2026-07-31T08:35:21Z,667,0,0,19,0,0,1,1,1,1785482992
2026-07-31T08:35:21Z,668,10,1,8,1,0,1,1,1,1785484022
2026-07-31T08:35:21Z,669,14,5,0,0,0,1,1,1,1785473569
2026-07-31T08:35:21Z,670,11,2,16,0,0,1,1,1,1785482280
2026-07-31T08:35:21Z,671,24,5,2,1,0,1,1,1,1785486033
2026-07-31T08:35:21Z,672,13,2,6,3,1,1,1,1,1785476904
2026-07-31T08:35:21Z,673,12,1,9,2,0,1,1,1,1785486896
2026-07-31T08:35:21Z,674,3,2,17,3,0,1,1,1,1785486788
2026-07-31T08:35:21Z,675,12,6,1,2,0,1,1,1,1785486849
2026-07-31T08:35:21Z,676,4,1,17,1,0,1,1,1,1785479831
2026-07-31T08:35:21Z,681,12,3,1,2,0,1,1,1,1785484717
2026-07-31T08:35:21Z,682,4,1,14,1,0,1,1,1,1785387864
2026-07-31T08:35:21Z,683,4,1,15,0,0,1,1,1,1785486513
2026-07-31T08:35:21Z,684,4,0,23,0,0,1,1,1,1785473502
2026-07-31T08:35:21Z,685,10,0,15,1,1,1,1,1,1785476486
2026-07-31T08:35:21Z,686,11,0,14,1,1,1,1,1,1785486835
2026-07-31T08:35:21Z,687,11,0,18,1,1,1,1,1,1785486721
2026-07-31T08:35:21Z,688,10,0,2,7,0,1,1,1,1785486785
2026-07-31T08:35:21Z,692,2,0,19,0,0,1,1,1,1785485789
2026-07-31T08:35:21Z,693,5,0,3,3,0,1,1,1,1785485368
2026-07-31T08:35:21Z,694,9,5,12,0,0,1,1,1,1785485108
2026-07-31T08:35:21Z,695,17,11,6,0,0,1,1,1,1785485239
2026-07-31T08:35:21Z,696,19,14,3,1,0,1,1,1,1785485157
2026-07-31T08:35:21Z,697,19,1,4,0,0,1,1,1,1785486580
2026-07-31T08:35:21Z,698,26,0,1,0,0,1,1,1,1785486332
2026-07-31T08:35:21Z,699,7,0,7,1,0,1,1,1,1785485658
2026-07-31T08:35:21Z,700,19,4,0,0,0,1,1,1,1785485780
2026-07-31T08:35:21Z,701,16,6,2,1,0,1,1,1,1785486390
2026-07-31T08:35:21Z,702,18,0,4,1,0,1,1,1,1785486886
2026-07-31T08:35:21Z,704,9,2,6,0,0,1,1,1,1785486433
2026-07-31T08:35:21Z,705,5,3,9,1,0,1,1,1,1785485898
2026-07-31T08:35:21Z,706,12,2,0,3,0,1,1,1,1785485178
2026-07-31T08:35:21Z,707,10,2,5,0,0,1,1,1,1785485827
2026-07-31T08:35:21Z,708,19,3,0,0,0,1,1,1,1785486025
2026-07-31T08:35:21Z,709,11,1,1,3,0,1,1,1,1785485839
2026-07-31T08:35:21Z,710,16,3,2,1,0,1,1,1,1785485255
2026-07-31T08:35:21Z,711,19,4,0,4,0,1,1,1,1785485317
2026-07-31T08:35:21Z,712,15,10,0,0,0,1,1,1,1785485197
2026-07-31T08:35:21Z,713,7,0,16,0,0,1,1,1,1785486288
2026-07-31T08:35:21Z,716,3,1,12,0,0,1,1,1,1785485542
2026-07-31T08:35:21Z,717,2,1,20,3,0,1,1,1,1785485611
2026-07-31T08:35:21Z,718,2,1,12,1,0,1,1,1,1785485374
2026-07-31T08:35:21Z,719,7,1,22,0,0,1,1,1,1785486588
2026-07-31T08:35:21Z,720,2,1,17,0,0,1,1,1,1785485834
2026-07-31T08:35:21Z,721,0,0,21,2,0,1,1,1,1785486626
2026-07-31T08:35:21Z,722,5,0,10,0,0,1,1,1,1785485587
2026-07-31T08:35:21Z,723,12,1,11,0,0,1,1,1,1785485611
2026-07-31T08:35:21Z,724,21,4,2,0,0,1,1,1,1785486774
2026-07-31T08:35:21Z,725,22,6,0,1,0,1,1,1,1785486341
2026-07-31T08:35:21Z,726,19,3,0,0,0,1,1,1,1785486550
2026-07-31T08:35:21Z,727,9,4,12,2,0,1,1,1,1785486572
2026-07-31T08:35:21Z,728,9,0,5,1,0,1,1,1,1785486144
2026-07-31T08:35:21Z,729,6,0,13,0,0,1,1,1,1785485195
2026-07-31T08:35:21Z,730,3,2,10,2,0,1,1,1,1785486731
2026-07-31T08:35:21Z,731,10,3,4,1,0,1,1,1,1785485843
2026-07-31T08:35:21Z,732,9,5,6,0,0,1,1,1,1785486883
2026-07-31T08:35:21Z,733,4,0,23,0,0,1,1,1,1785485849
2026-07-31T08:35:21Z,734,0,0,14,0,0,1,1,1,1785486848
2026-07-31T08:35:21Z,735,4,3,23,0,0,1,1,1,1785485714
2026-07-31T08:35:21Z,736,7,1,12,0,0,1,1,1,1785486272
2026-07-31T08:35:21Z,737,4,3,10,0,1,1,1,1,1785486255
2026-07-31T08:35:21Z,738,17,6,0,2,0,1,1,1,1785486712
2026-07-31T08:35:21Z,739,19,2,7,1,0,1,1,1,1785485867
2026-07-31T08:35:21Z,741,7,1,16,0,0,1,1,1,1785486163
2026-07-31T08:35:21Z,742,8,3,24,3,0,1,1,1,1785486903
2026-07-31T08:35:21Z,743,8,3,9,2,0,1,1,1,1785486032
2026-07-31T08:35:21Z,744,11,4,3,1,0,1,1,1,1785486541
2026-07-31T08:35:21Z,745,14,4,4,1,0,1,1,1,1785486546
2026-07-31T08:35:21Z,746,12,3,9,2,0,1,1,1,1785486303
2026-07-31T08:35:21Z,747,0,0,4,0,0,0,1,1,1783446606
2026-07-31T08:35:21Z,748,10,1,13,0,0,1,1,1,1785485509
2026-07-31T08:35:21Z,749,7,5,15,1,0,1,1,1,1785485425
2026-07-31T08:35:21Z,750,4,2,7,0,0,1,1,1,1785485791
2026-07-31T08:35:21Z,751,9,0,14,0,0,1,1,1,1785486768
2026-07-31T08:35:21Z,752,13,1,3,1,0,1,1,1,1785482301
2026-07-31T08:35:21Z,753,4,0,11,0,0,1,1,1,1785486680
2026-07-31T08:35:21Z,754,2,2,12,1,0,1,1,1,1785485286
2026-07-31T08:35:21Z,755,12,3,10,1,0,1,1,1,1785485399
2026-07-31T08:35:21Z,756,2,0,35,0,0,1,1,1,1785486100
2026-07-31T08:35:21Z,757,18,9,1,0,0,1,1,1,1785485509
2026-07-31T08:35:21Z,758,23,4,0,0,0,1,1,1,1785485536
2026-07-31T08:35:21Z,759,5,3,10,0,0,1,1,1,1785486663
2026-07-31T08:35:21Z,760,8,3,11,0,0,1,1,1,1785472022
2026-07-31T08:35:21Z,761,16,0,7,0,0,1,1,1,1785486505
2026-07-31T08:35:21Z,762,7,4,4,4,0,1,1,1,1785485787
2026-07-31T08:35:21Z,768,9,0,8,2,0,1,1,1,1785486772
2026-07-31T08:35:21Z,769,16,12,3,0,0,1,1,1,1785486394
2026-07-31T08:35:21Z,770,11,3,6,2,0,1,1,1,1785486330
2026-07-31T08:35:21Z,771,13,3,1,1,0,1,1,1,1785485760
2026-07-31T08:35:21Z,772,7,3,8,0,0,1,1,1,1785486391
2026-07-31T08:35:21Z,773,15,4,4,0,0,1,1,1,1785486215
2026-07-31T08:35:21Z,774,9,5,3,3,0,1,1,1,1785486171
2026-07-31T08:35:21Z,775,6,0,11,1,1,1,1,1,1785468483
2026-07-31T08:35:21Z,776,3,1,17,1,0,1,1,1,1785486546
2026-07-31T08:35:21Z,777,10,0,2,3,0,1,1,1,1785486282
2026-07-31T08:35:21Z,778,13,0,3,3,0,1,1,1,1785486372
2026-07-31T08:35:21Z,779,8,1,10,1,0,1,1,1,1785485259
2026-07-31T08:35:21Z,780,17,4,1,1,0,1,1,1,1785486751
2026-07-31T08:35:21Z,781,6,2,3,2,0,1,1,1,1785485276
2026-07-31T08:35:21Z,782,5,3,10,4,0,1,1,1,1785486048
2026-07-31T08:35:21Z,783,7,1,12,0,0,1,1,1,1785485326
2026-07-31T08:35:21Z,784,15,2,4,0,0,1,1,1,1785486748
2026-07-31T08:35:21Z,785,12,2,2,5,0,1,1,1,1785485493
2026-07-31T08:35:21Z,786,11,5,8,0,0,1,1,1,1785485136
2026-07-31T08:35:21Z,787,11,5,2,2,0,1,1,1,1785486597
2026-07-31T08:35:21Z,788,3,0,12,0,0,1,1,1,1785485816
2026-07-31T08:35:21Z,789,9,2,2,4,0,1,1,1,1785486051
2026-07-31T08:35:21Z,790,0,0,23,0,0,1,1,1,1785486441
2026-07-31T08:35:21Z,791,7,2,11,0,1,1,1,1,1785485965
2026-07-31T08:35:21Z,793,4,0,10,1,0,1,1,1,1785486195
2026-07-31T08:35:21Z,794,8,3,19,2,0,1,1,1,1785486640
2026-07-31T08:35:21Z,796,0,0,17,2,0,1,1,1,1785485982
2026-07-31T08:35:21Z,797,1,0,14,0,0,1,1,1,1785485585
2026-07-31T08:35:21Z,798,6,0,18,1,0,1,1,1,1785485807
2026-07-31T08:35:21Z,799,14,1,1,4,0,1,1,1,1785485951
2026-07-31T08:35:21Z,800,0,0,20,1,0,1,1,1,1785485574
2026-07-31T08:35:21Z,801,4,2,16,1,0,1,1,1,1785486004
2026-07-31T08:35:21Z,802,8,0,23,0,0,1,1,1,1785486098
2026-07-31T08:35:21Z,803,1,1,14,0,0,1,1,1,1785485785
2026-07-31T08:35:21Z,806,8,3,7,0,0,1,1,1,1785485981
2026-07-31T08:35:21Z,807,14,0,8,3,0,1,1,1,1785486381
2026-07-31T08:35:21Z,808,0,0,23,2,0,1,1,1,1785472976
2026-07-31T08:35:21Z,809,5,1,17,1,0,1,1,1,1785485949
2026-07-31T08:35:21Z,810,2,0,13,4,0,1,1,1,1785486421
2026-07-31T08:35:21Z,815,4,1,6,4,1,1,1,1,1785486072
2026-07-31T08:35:21Z,817,10,5,5,0,0,1,1,1,1785485297
2026-07-31T08:35:21Z,818,6,0,16,1,0,1,1,1,1785486512
2026-07-31T08:35:21Z,819,6,4,9,0,0,1,1,1,1785460987
2026-07-31T08:35:21Z,820,8,2,9,0,0,1,1,1,1785485222
2026-07-31T08:35:21Z,821,2,1,13,0,0,1,1,1,1785486152
2026-07-31T08:35:21Z,822,1,0,20,2,0,1,1,1,1785486462
2026-07-31T08:35:21Z,823,0,0,14,1,0,1,1,1,1785485616
2026-07-31T08:35:21Z,824,10,3,8,1,0,1,1,1,1785486896
2026-07-31T08:35:21Z,825,8,5,7,0,0,1,1,1,1785462716
2026-07-31T08:35:21Z,826,10,2,8,1,0,1,1,1,1785486900
2026-07-31T08:35:21Z,827,16,5,4,1,0,1,1,1,1785486393
2026-07-31T08:35:21Z,828,8,0,9,1,0,1,1,1,1785486283
2026-07-31T08:35:21Z,829,16,7,11,0,0,1,1,1,1785485314
2026-07-31T08:35:21Z,830,11,2,11,1,0,1,1,1,1785486381
2026-07-31T08:35:21Z,831,7,2,7,1,0,1,1,1,1785485592
2026-07-31T08:35:21Z,832,10,3,5,3,0,1,1,1,1785485668
2026-07-31T08:35:21Z,833,1,0,17,1,0,1,1,1,1785485425
2026-07-31T08:35:21Z,834,1,0,22,1,0,1,1,1,1785486739
2026-07-31T08:35:21Z,835,16,6,0,2,0,1,1,1,1785485153
2026-07-31T08:35:21Z,837,5,1,0,10,0,1,1,1,1785485650
2026-07-31T08:35:21Z,838,13,3,2,0,0,1,1,1,1785486324
2026-07-31T08:35:21Z,839,18,0,11,0,0,1,1,1,1785481858
2026-07-31T08:35:21Z,840,8,3,19,2,0,1,1,1,1785486775
2026-07-31T08:35:21Z,841,7,1,8,0,0,1,1,1,1785485590
2026-07-31T08:35:21Z,842,7,2,16,0,0,1,1,1,1785485370
2026-07-31T08:35:21Z,843,8,0,22,1,0,1,1,1,1785485593
2026-07-31T08:35:21Z,844,6,0,17,0,0,1,1,1,1785485563
2026-07-31T08:35:21Z,845,5,3,12,2,0,1,1,1,1785485756
2026-07-31T08:35:21Z,846,4,0,13,2,0,1,1,1,1785486707
2026-07-31T08:35:21Z,847,7,1,20,0,0,1,1,1,1785486483
2026-07-31T08:35:21Z,848,10,3,8,1,0,1,1,1,1785485156
2026-07-31T08:35:21Z,849,7,2,8,0,0,1,1,1,1785486556
2026-07-31T08:35:21Z,850,9,0,1,1,0,1,1,1,1785486799
2026-07-31T08:35:21Z,851,3,3,32,2,0,1,1,1,1785486625
2026-07-31T08:35:21Z,852,12,6,7,0,0,1,1,1,1785485475
2026-07-31T08:35:21Z,853,10,5,13,0,0,1,1,1,1785486341
2026-07-31T08:35:21Z,854,4,2,11,0,0,1,1,1,1785486419
2026-07-31T08:35:21Z,855,25,0,2,0,0,1,1,1,1785485421
2026-07-31T08:35:21Z,857,1,1,18,0,0,1,1,1,1785485672
2026-07-31T08:35:21Z,858,4,1,14,1,0,1,1,1,1785486125
2026-07-31T08:35:21Z,859,3,0,17,1,0,1,1,1,1785486353
2026-07-31T08:35:21Z,861,8,1,2,1,0,1,1,1,1785455675
2026-07-31T08:35:21Z,862,2,1,13,0,0,1,1,1,1785485617
2026-07-31T08:35:21Z,863,13,0,5,1,0,1,1,1,1785472897
2026-07-31T08:35:21Z,866,9,3,10,0,0,1,1,1,1785485909
2026-07-31T08:35:21Z,867,12,0,3,0,0,1,1,1,1785485232
2026-07-31T08:35:21Z,868,13,2,2,0,0,1,1,1,1785485435
2026-07-31T08:35:21Z,870,7,4,6,2,0,1,1,1,1785485651
2026-07-31T08:35:21Z,871,0,0,10,1,0,1,1,1,1785486849
2026-07-31T08:35:21Z,872,0,0,14,1,0,1,1,1,1785485570
2026-07-31T08:35:21Z,873,0,0,32,1,0,1,1,1,1785485532
2026-07-31T08:35:21Z,874,5,2,7,3,0,1,1,1,1785485733
2026-07-31T08:35:21Z,875,15,11,0,0,0,1,1,1,1785486623
2026-07-31T08:35:21Z,877,11,10,6,2,0,1,1,1,1785485170
2026-07-31T08:35:21Z,878,3,2,15,1,0,1,1,1,1785485750
2026-07-31T08:35:21Z,879,1,0,18,0,0,1,1,1,1785486610
2026-07-31T08:35:21Z,880,3,0,19,1,0,1,1,1,1785486621
2026-07-31T08:35:21Z,881,2,0,17,0,0,1,1,1,1785485603
2026-07-31T08:35:21Z,882,11,0,6,2,0,1,1,1,1785457778
2026-07-31T08:35:21Z,883,10,6,9,0,0,1,1,1,1785485878
2026-07-31T08:35:21Z,884,11,7,10,0,0,1,1,1,1785486684
2026-07-31T08:35:21Z,885,1,0,18,0,0,1,1,1,1785485455
2026-07-31T08:35:21Z,886,17,1,11,1,0,1,1,1,1785486232
2026-07-31T08:35:21Z,887,2,1,12,3,0,1,1,1,1785486177
2026-07-31T08:35:21Z,888,11,0,28,2,0,1,1,1,1785486793
2026-07-31T08:35:21Z,889,17,1,0,2,0,1,1,1,1785485765
2026-07-31T08:35:21Z,890,7,4,8,0,0,1,1,1,1785472287
2026-07-31T08:35:21Z,891,20,0,2,1,0,1,1,1,1785486759
2026-07-31T08:35:21Z,892,13,1,2,0,0,1,1,1,1785469848
2026-07-31T08:35:21Z,895,0,0,18,1,0,1,1,1,1785465808
2026-07-31T08:35:21Z,896,6,0,29,0,0,1,1,1,1785483234
2026-07-31T08:35:21Z,897,11,1,10,0,0,1,1,1,1785485639
2026-07-31T08:35:21Z,898,2,0,17,0,0,1,1,1,1785485374
2026-07-31T08:35:21Z,899,0,0,18,1,0,1,1,1,1785486421
2026-07-31T08:35:21Z,900,18,0,8,1,0,1,1,1,1785486588
2026-07-31T08:35:21Z,901,12,0,6,1,0,1,1,1,1785486128
2026-07-31T08:35:21Z,902,9,0,5,1,0,1,1,1,1785485317
2026-07-31T08:35:21Z,903,15,2,4,0,0,1,1,1,1785486560
2026-07-31T08:35:21Z,904,10,4,8,1,0,1,1,1,1785485762
2026-07-31T08:35:21Z,905,4,0,23,0,0,1,1,1,1785485855
2026-07-31T08:35:21Z,906,7,4,20,0,0,1,1,1,1785486602
2026-07-31T08:35:21Z,907,5,1,26,0,0,1,1,1,1785485942
2026-07-31T08:35:21Z,908,11,0,12,0,0,1,1,1,1785485744
2026-07-31T08:35:21Z,909,14,4,8,1,0,1,1,1,1785485459
2026-07-31T08:35:21Z,910,20,0,11,0,0,1,1,1,1785485655
2026-07-31T08:35:21Z,911,3,0,16,0,0,1,1,1,1785485307
2026-07-31T08:35:21Z,912,9,5,12,2,0,1,1,1,1785486222
2026-07-31T08:35:21Z,913,3,1,16,0,0,1,1,1,1785486287
2026-07-31T08:35:21Z,914,7,1,12,0,0,1,1,1,1785486109
2026-07-31T08:35:21Z,915,7,0,15,1,0,1,1,1,1785486413
2026-07-31T08:35:21Z,916,23,8,0,0,0,1,1,1,1785485900
2026-07-31T08:35:21Z,917,4,1,29,2,0,1,1,1,1785486477
2026-07-31T08:35:21Z,918,13,5,4,2,0,1,1,1,1785485675
2026-07-31T08:35:21Z,919,12,3,26,1,0,1,1,1,1785486348
2026-07-31T08:35:21Z,920,4,2,15,0,0,1,1,1,1785486106
2026-07-31T08:35:21Z,921,12,0,9,0,0,1,1,1,1785485437
2026-07-31T08:35:21Z,922,4,1,17,0,0,1,1,1,1785486236
2026-07-31T08:35:21Z,923,18,1,1,0,0,1,1,1,1785485313
2026-07-31T08:35:21Z,924,8,2,13,0,0,1,1,1,1785486452
2026-07-31T08:35:21Z,925,13,0,8,0,0,1,1,1,1785485911
2026-07-31T08:35:21Z,926,0,0,21,0,0,1,1,1,1785486057
2026-07-31T08:35:21Z,927,1,0,34,0,0,1,1,1,1785486445
2026-07-31T08:35:21Z,928,5,3,14,0,0,1,1,1,1785464301
2026-07-31T08:35:21Z,929,0,0,23,0,0,1,1,1,1785486883
2026-07-31T08:35:21Z,930,0,0,30,1,0,1,1,1,1785486061
2026-07-31T08:35:21Z,931,8,3,15,0,0,1,1,1,1785485981
2026-07-31T08:35:21Z,932,4,0,12,3,0,1,1,1,1785485826
2026-07-31T08:35:21Z,933,0,0,23,0,0,1,1,1,1785486035
2026-07-31T08:35:21Z,934,2,0,28,1,0,1,1,1,1785486044
2026-07-31T08:35:21Z,935,9,2,9,1,0,1,1,1,1785486622
2026-07-31T08:35:21Z,936,4,1,15,0,0,1,1,1,1785456801
2026-07-31T08:35:21Z,940,10,0,1,0,0,1,1,1,1785477927
2026-07-31T08:35:21Z,941,10,1,13,2,0,1,1,1,1785486177
2026-07-31T08:35:21Z,942,5,0,16,0,0,1,1,1,1785486553
2026-07-31T08:35:21Z,943,9,8,6,0,0,1,1,1,1785485687
2026-07-31T08:35:21Z,944,9,8,6,0,0,1,1,1,1785485500
2026-07-31T08:35:21Z,945,10,8,5,0,0,1,1,1,1785486826
2026-07-31T08:35:21Z,946,7,5,12,0,0,1,1,1,1785424152
2026-07-31T08:35:21Z,947,7,5,10,0,0,1,1,1,1785485514
2026-07-31T08:35:21Z,948,26,8,0,5,0,1,1,1,1785486031
2026-07-31T08:35:21Z,949,1,0,14,0,0,1,1,1,1785485616
2026-07-31T08:35:21Z,950,16,4,0,1,0,1,1,1,1785485878
2026-07-31T08:35:21Z,951,18,4,5,0,0,1,1,1,1785485716
2026-07-31T08:35:21Z,952,7,0,48,0,0,1,1,1,1785486823
2026-07-31T08:35:21Z,953,14,2,0,1,0,1,1,1,1785486597
2026-07-31T08:35:21Z,954,18,4,1,0,0,1,1,1,1785485620
2026-07-31T08:35:21Z,955,4,3,17,6,0,1,1,1,1785486394
2026-07-31T08:35:21Z,956,21,1,1,1,0,1,1,1,1785486707
2026-07-31T08:35:21Z,957,15,0,14,0,0,1,1,1,1785486713
2026-07-31T08:35:21Z,958,19,0,12,0,0,1,1,1,1785486221
2026-07-31T08:35:21Z,959,20,8,0,3,0,1,1,1,1785485395
2026-07-31T08:35:21Z,960,22,1,0,1,0,1,1,1,1785486250
2026-07-31T08:35:21Z,961,2,1,17,4,0,1,1,1,1785486227
2026-07-31T08:35:21Z,962,8,3,24,3,0,1,1,1,1785486472
2026-07-31T08:35:21Z,963,7,0,15,1,0,1,1,1,1785485594
2026-07-31T08:35:21Z,964,20,8,2,1,0,1,1,1,1785486560
2026-07-31T08:35:21Z,965,5,1,21,1,0,1,1,1,1785485746
2026-07-31T08:35:21Z,966,28,0,3,0,0,1,1,1,1785486223
2026-07-31T08:35:21Z,967,19,0,0,2,0,1,1,1,1785486598
2026-07-31T08:35:21Z,968,14,0,4,1,0,1,1,1,1785485501
2026-07-31T08:35:21Z,969,11,7,14,2,0,1,1,1,1785485609
2026-07-31T08:35:21Z,970,11,1,7,1,0,1,1,1,1785485834
2026-07-31T08:35:21Z,971,15,0,7,1,0,1,1,1,1785485801
2026-07-31T08:35:21Z,972,9,1,13,1,0,1,1,1,1785485467
2026-07-31T08:35:21Z,973,9,4,13,1,0,1,1,1,1785486794
2026-07-31T08:35:21Z,974,12,0,15,0,0,1,1,1,1785486181
2026-07-31T08:35:21Z,977,7,7,11,3,0,1,1,1,1785485740
2026-07-31T08:35:21Z,978,11,0,12,0,0,1,1,1,1785486602
2026-07-31T08:35:21Z,979,14,1,3,0,0,1,1,1,1785486157
2026-07-31T08:35:21Z,980,2,0,17,2,0,1,1,1,1785486886
2026-07-31T08:35:21Z,981,19,0,1,1,0,1,1,1,1785485235
2026-07-31T08:35:21Z,982,3,1,14,2,0,1,1,1,1785485541
2026-07-31T08:35:21Z,983,2,1,20,1,0,1,1,1,1785485952
2026-07-31T08:35:21Z,984,6,0,17,0,0,1,1,1,1785485115
2026-07-31T08:35:21Z,985,8,0,23,0,0,1,1,1,1785486225
2026-07-31T08:35:21Z,986,4,0,15,0,0,1,1,1,1785485539
2026-07-31T08:35:21Z,987,6,0,16,1,0,1,1,1,1785486072
2026-07-31T08:35:21Z,988,5,1,13,1,0,1,1,1,1785485688
2026-07-31T08:35:21Z,989,9,4,10,0,0,1,1,1,1785486495
2026-07-31T08:35:21Z,990,13,1,0,2,0,1,1,1,1785485746
2026-07-31T08:35:21Z,991,10,2,8,1,0,1,1,1,1785485400
2026-07-31T08:35:21Z,992,10,7,12,1,0,1,1,1,1785486273
2026-07-31T08:35:21Z,993,0,0,27,0,0,1,1,1,1785476008
2026-07-31T08:35:21Z,994,4,1,17,0,0,1,1,1,1785486485
2026-07-31T08:35:21Z,995,9,2,18,0,0,1,1,1,1785485705
2026-07-31T08:35:21Z,996,8,1,15,0,0,1,1,1,1785485510
2026-07-31T08:35:21Z,997,11,5,10,2,0,1,1,1,1785486751
2026-07-31T08:35:21Z,998,3,2,19,1,0,1,1,1,1785485825
2026-07-31T08:35:21Z,999,3,1,15,2,1,1,1,1,1785485614
2026-07-31T08:35:21Z,1000,4,2,17,0,0,1,1,1,1785486519
2026-07-31T08:35:21Z,1001,1,0,26,0,0,1,1,1,1785485844
2026-07-31T08:35:21Z,1002,0,0,27,4,0,1,1,1,1785485840
2026-07-31T08:35:21Z,1003,0,0,22,1,0,1,1,1,1785485473
2026-07-31T08:35:21Z,1004,8,1,15,0,0,1,1,1,1785486730
2026-07-31T08:35:21Z,1005,20,1,3,0,0,1,1,1,1785485662
2026-07-31T08:35:21Z,1006,7,4,11,1,0,1,1,1,1785485501
2026-07-31T08:35:21Z,1007,2,1,19,0,0,1,1,1,1785485131
2026-07-31T08:35:21Z,1008,6,5,15,2,0,1,1,1,1785486448
2026-07-31T08:35:21Z,1009,19,2,8,4,0,1,1,1,1785486319
2026-07-31T08:35:21Z,1010,7,2,20,0,0,1,1,1,1785485328
2026-07-31T08:35:21Z,1011,8,2,9,2,0,1,1,1,1785485874
2026-07-31T08:35:21Z,1012,4,3,18,1,0,1,1,1,1785485428
2026-07-31T08:35:21Z,1013,4,1,18,1,0,1,1,1,1785486029
2026-07-31T08:35:21Z,1014,7,2,13,3,0,1,1,1,1785485945
2026-07-31T08:35:21Z,1015,3,1,25,3,0,1,1,1,1785486212
2026-07-31T08:35:21Z,1016,10,5,21,0,0,1,1,1,1785485280
2026-07-31T08:35:21Z,1017,14,5,7,0,0,1,1,1,1785486649
2026-07-31T08:35:21Z,1018,7,2,15,0,0,1,1,1,1785485516
2026-07-31T08:35:21Z,1019,9,6,6,0,0,1,1,1,1785485449
2026-07-31T08:35:21Z,1020,18,3,3,0,0,1,1,1,1785486522
2026-07-31T08:35:21Z,1021,9,3,5,1,0,1,1,1,1785486253
2026-07-31T08:35:21Z,1022,14,0,13,0,0,1,1,1,1785485602
2026-07-31T08:35:21Z,1023,13,1,9,1,0,1,1,1,1785485249
2026-07-31T08:35:21Z,1024,5,2,13,1,0,1,1,1,1785486251
2026-07-31T08:35:21Z,1025,4,0,14,0,1,1,1,1,1785485569
2026-07-31T08:35:21Z,1026,7,5,19,5,0,1,1,1,1785486600
2026-07-31T08:35:21Z,1028,2,0,20,1,0,1,1,1,1785485606
2026-07-31T08:35:21Z,1029,10,9,4,1,0,1,1,1,1785486548
2026-07-31T08:35:21Z,1030,14,5,9,0,0,1,1,1,1785486287
2026-07-31T08:35:21Z,1031,8,0,11,0,0,1,1,1,1785486660
2026-07-31T08:35:21Z,1032,7,1,12,0,0,1,1,1,1785485504
2026-07-31T08:35:21Z,1033,9,5,9,1,0,1,1,1,1785486318
2026-07-31T08:35:21Z,1034,2,0,13,0,0,1,1,1,1785485527
2026-07-31T08:35:21Z,1035,1,0,16,2,0,1,1,1,1785485549
2026-07-31T08:35:21Z,1036,15,1,0,0,0,1,1,1,1785486106
2026-07-31T08:35:21Z,1037,4,0,14,1,0,1,1,1,1785485862
2026-07-31T08:35:21Z,1038,2,0,12,1,0,1,1,1,1785485225
2026-07-31T08:35:21Z,1039,7,2,12,0,0,1,1,1,1785485661
2026-07-31T08:35:21Z,1040,7,3,10,2,0,1,1,1,1785485543
2026-07-31T08:35:21Z,1041,10,3,8,1,0,1,1,1,1785486231
2026-07-31T08:35:21Z,1042,12,1,1,2,0,1,1,1,1785485540
2026-07-31T08:35:21Z,1043,9,0,7,3,0,1,1,1,1785485580
2026-07-31T08:35:21Z,1044,2,1,12,1,0,1,1,1,1785485280
2026-07-31T08:35:21Z,1045,10,0,9,0,0,1,1,1,1785485494
2026-07-31T08:35:21Z,1046,9,0,6,0,0,1,1,1,1785486718
2026-07-31T08:35:21Z,1047,4,0,17,0,0,1,1,1,1785486258
2026-07-31T08:35:21Z,1048,10,1,9,0,0,1,1,1,1785485471
2026-07-31T08:35:21Z,1049,6,0,15,0,0,1,1,1,1785485527
2026-07-31T08:35:21Z,1050,17,4,4,0,0,1,1,1,1785486629
2026-07-31T08:35:21Z,1051,8,3,13,0,0,1,1,1,1785486522
2026-07-31T08:35:21Z,1052,17,2,5,0,0,1,1,1,1785485330
2026-07-31T08:35:21Z,1053,2,1,13,0,0,1,1,1,1785485404
2026-07-31T08:35:21Z,1054,14,1,1,0,0,1,1,1,1785485665
2026-07-31T08:35:21Z,1055,7,1,12,0,0,1,1,1,1785485637
2026-07-31T08:35:21Z,1057,18,0,0,1,0,1,1,1,1785485332
2026-07-31T08:35:21Z,1058,1,0,55,0,0,1,1,1,1785485538
2026-07-31T08:35:21Z,1059,0,0,18,1,0,1,1,1,1785485535
2026-07-31T08:35:21Z,1060,30,0,7,0,0,1,1,1,1785486295
2026-07-31T08:35:21Z,1061,6,0,30,1,0,1,1,1,1785485608
2026-07-31T08:35:21Z,1062,1,0,16,0,0,1,1,1,1785486022
2026-07-31T08:35:21Z,1063,12,1,6,1,0,1,1,1,1785485550
2026-07-31T08:35:21Z,1064,3,0,19,1,0,1,1,1,1785485872
2026-07-31T08:35:21Z,1065,16,3,7,0,0,1,1,1,1785486116
2026-07-31T08:35:21Z,1066,10,2,13,0,0,1,1,1,1785485942
2026-07-31T08:35:21Z,1067,8,2,13,2,0,1,1,1,1785486208
2026-07-31T08:35:21Z,1068,8,2,13,2,0,1,1,1,1785485697
2026-07-31T08:35:21Z,1069,12,3,11,0,0,1,1,1,1785485749
2026-07-31T08:35:21Z,1070,12,2,11,0,0,1,1,1,1785485846
2026-07-31T08:35:21Z,1071,7,4,16,0,0,1,1,1,1785485884
2026-07-31T08:35:21Z,1072,11,1,11,1,0,1,1,1,1785486252
2026-07-31T08:35:21Z,1073,26,7,0,1,0,1,1,1,1785485175
2026-07-31T08:35:21Z,1074,0,0,52,1,0,1,1,1,1785486336
2026-07-31T08:35:21Z,1075,10,10,11,0,0,1,1,1,1785485254
2026-07-31T08:35:21Z,1076,14,11,7,0,0,1,1,1,1785486507
2026-07-31T08:35:21Z,1077,8,5,13,0,0,1,1,1,1785485466
2026-07-31T08:35:21Z,1078,11,10,10,0,0,1,1,1,1785486550
2026-07-31T08:35:21Z,1079,11,8,10,0,0,1,1,1,1785485363
2026-07-31T08:35:21Z,1080,10,8,10,1,0,1,1,1,1785486281
2026-07-31T08:35:21Z,1081,13,8,6,0,0,1,1,1,1785486360
2026-07-31T08:35:21Z,1082,7,7,1,0,0,1,1,1,1785485857
2026-07-31T08:35:21Z,1083,13,11,8,0,0,1,1,1,1785485624
2026-07-31T08:35:21Z,1084,9,8,12,0,0,1,1,1,1785485249
2026-07-31T08:35:21Z,1085,8,8,13,0,0,1,1,1,1785486702
2026-07-31T08:35:21Z,1086,0,0,20,1,0,1,1,1,1785485590
2026-07-31T08:35:21Z,1087,12,7,3,0,0,1,1,1,1785486612
2026-07-31T08:35:21Z,1088,10,7,5,0,0,1,1,1,1785485554
2026-07-31T08:35:21Z,1089,5,3,10,0,0,1,1,1,1785485914
2026-07-31T08:35:21Z,1090,11,10,4,0,0,1,1,1,1785486442
2026-07-31T08:35:21Z,1091,12,7,3,0,0,1,1,1,1785486353
2026-07-31T08:35:21Z,1092,9,9,5,1,0,1,1,1,1785485899
2026-07-31T08:35:21Z,1093,7,6,8,0,0,1,1,1,1785486264
2026-07-31T08:35:21Z,1094,10,8,8,1,0,1,1,1,1785485506
2026-07-31T08:35:21Z,1095,9,8,6,0,0,1,1,1,1785486208
2026-07-31T08:35:21Z,1096,3,1,15,1,0,1,1,1,1785485870
2026-07-31T08:35:21Z,1097,11,11,4,0,0,1,1,1,1785486085
2026-07-31T08:35:21Z,1098,9,7,10,0,0,1,1,1,1785486421
2026-07-31T08:35:21Z,1099,7,6,8,0,0,1,1,1,1785485341
2026-07-31T08:35:21Z,1100,6,2,23,0,0,1,1,1,1785474727
2026-07-31T08:35:21Z,1101,10,5,11,0,0,1,1,1,1785485229
2026-07-31T08:35:21Z,1102,9,4,4,0,0,1,1,1,1785486344
2026-07-31T08:35:21Z,1103,10,5,11,0,0,1,1,1,1785474301
2026-07-31T08:35:21Z,1104,10,5,11,0,0,1,1,1,1785486801
2026-07-31T08:35:21Z,1105,7,3,6,0,0,1,1,1,1785486230
2026-07-31T08:35:21Z,1106,13,7,8,0,0,1,1,1,1785485321
2026-07-31T08:35:21Z,1107,9,5,6,0,0,1,1,1,1785485626
2026-07-31T08:35:21Z,1108,6,3,18,3,0,1,1,1,1785486837
2026-07-31T08:35:21Z,1109,6,1,9,0,0,1,1,1,1785485583
2026-07-31T08:35:21Z,1110,12,4,9,0,0,1,1,1,1785486670
2026-07-31T08:35:21Z,1111,3,2,18,0,0,1,1,1,1785475740
2026-07-31T08:35:21Z,1112,38,0,15,0,0,1,1,1,1785485351
2026-07-31T08:35:21Z,1113,1,0,20,0,0,1,1,1,1785486632
2026-07-31T08:35:21Z,1115,17,5,3,3,0,1,1,1,1785486016
2026-07-31T08:35:21Z,1116,5,1,14,0,0,1,1,1,1785485525
2026-07-31T08:35:21Z,1117,10,3,13,0,0,1,1,1,1785485899
2026-07-31T08:35:21Z,1118,17,1,3,1,0,1,1,1,1785486721
2026-07-31T08:35:21Z,1119,13,1,4,0,0,1,1,1,1785486542
2026-07-31T08:35:21Z,1120,13,0,6,0,0,1,1,1,1785485599
2026-07-31T08:35:21Z,1121,13,2,5,3,0,1,1,1,1785481599
2026-07-31T08:35:21Z,1122,19,10,0,2,0,1,1,1,1785486734
2026-07-31T08:35:21Z,1123,7,3,14,2,0,1,1,1,1785486803
2026-07-31T08:35:21Z,1124,11,1,0,4,0,1,1,1,1785486549
2026-07-31T08:35:21Z,1125,15,1,8,0,0,1,1,1,1785485799
2026-07-31T08:35:21Z,1126,4,0,16,1,0,1,1,1,1785486785
2026-07-31T08:35:21Z,1127,6,1,12,1,0,1,1,1,1785485845
2026-07-31T08:35:21Z,1128,14,2,0,1,0,1,1,1,1785485532
2026-07-31T08:35:21Z,1129,3,2,17,1,0,1,1,1,1785485254
2026-07-31T08:35:21Z,1130,6,0,9,0,0,1,1,1,1785485322
2026-07-31T08:35:21Z,1131,0,0,48,1,0,1,1,1,1785486252
2026-07-31T08:35:21Z,1132,13,6,7,1,0,1,1,1,1785485182
2026-07-31T08:35:21Z,1133,15,11,4,2,0,1,1,1,1785486466
2026-07-31T08:35:21Z,1134,11,7,8,0,0,1,1,1,1785486028
2026-07-31T08:35:21Z,1135,10,5,11,0,0,1,1,1,1785485122
2026-07-31T08:35:21Z,1136,8,0,15,0,0,1,1,1,1785485693
2026-07-31T08:35:21Z,1137,13,0,2,0,0,1,1,1,1785486260
2026-07-31T08:35:21Z,1138,15,2,4,0,0,1,1,1,1785485487
2026-07-31T08:35:21Z,1139,19,5,1,1,0,1,1,1,1785486007
2026-07-31T08:35:21Z,1140,22,3,0,1,0,1,1,1,1785485218
2026-07-31T08:35:21Z,1141,0,0,20,1,0,1,1,1,1785486739
2026-07-31T08:35:21Z,1142,2,0,19,0,0,1,1,1,1785486163
2026-07-31T08:35:21Z,1143,23,0,6,0,0,1,1,1,1785486879
2026-07-31T08:35:21Z,1144,7,1,13,1,0,1,1,1,1785485771
2026-07-31T08:35:21Z,1145,12,6,8,1,0,1,1,1,1785485900
2026-07-31T08:35:21Z,1146,10,0,5,4,0,1,1,1,1785486881
2026-07-31T08:35:21Z,1147,3,0,16,0,0,1,1,1,1785485452
2026-07-31T08:35:21Z,1148,26,6,5,0,0,1,1,1,1785486187
2026-07-31T08:35:21Z,1149,4,4,21,0,0,1,1,1,1785485165
2026-07-31T08:35:21Z,1150,18,1,1,0,0,1,1,1,1785485308
2026-07-31T08:35:21Z,1151,12,0,9,0,0,1,1,1,1785486171
2026-07-31T08:35:21Z,1152,16,0,13,0,0,1,1,1,1785486855
2026-07-31T08:35:21Z,1153,22,6,0,1,0,1,1,1,1785486057
2026-07-31T08:35:21Z,1154,13,1,6,0,0,1,1,1,1785486776
2026-07-31T08:35:21Z,1155,16,6,4,1,0,1,1,1,1785485512
2026-07-31T08:35:21Z,1158,3,0,15,1,0,1,1,1,1785485415
2026-07-31T08:35:21Z,1159,13,1,6,0,0,1,1,1,1785485770
2026-07-31T08:35:21Z,1160,9,1,9,1,0,1,1,1,1785486219
2026-07-31T08:35:21Z,1161,3,0,15,1,0,1,1,1,1785485903
2026-07-31T08:35:21Z,1162,2,1,17,0,0,1,1,1,1785486155
2026-07-31T08:35:21Z,1163,0,0,18,1,0,1,1,1,1785485531
2026-07-31T08:35:21Z,1164,6,1,13,0,0,1,1,1,1785485591
2026-07-31T08:35:21Z,1165,5,0,16,0,0,1,1,1,1785486320
2026-07-31T08:35:21Z,1166,12,3,8,1,0,1,1,1,1785485832
2026-07-31T08:35:21Z,1167,4,0,11,0,0,1,1,1,1785485305
2026-07-31T08:35:21Z,1168,2,1,20,1,0,1,1,1,1785485778
2026-07-31T08:35:21Z,1169,3,0,15,1,0,1,1,1,1785485438
2026-07-31T08:35:21Z,1170,6,0,14,1,0,1,1,1,1785485805
2026-07-31T08:35:21Z,1171,8,7,14,1,0,1,1,1,1785485472
2026-07-31T08:35:21Z,1172,7,2,6,2,0,1,1,1,1785485675
2026-07-31T08:35:21Z,1173,13,5,6,0,0,1,1,1,1785485685
2026-07-31T08:35:21Z,1174,7,3,8,0,0,1,1,1,1785485373
2026-07-31T08:35:21Z,1175,9,5,10,0,0,1,1,1,1785472270
2026-07-31T08:35:21Z,1176,19,1,2,0,0,1,1,1,1785486705
2026-07-31T08:35:21Z,1177,3,1,18,0,0,1,1,1,1785486623
2026-07-31T08:35:21Z,1178,2,1,13,0,0,1,1,1,1785485348
2026-07-31T08:35:21Z,1181,9,0,4,2,0,1,1,1,1785486098
2026-07-31T08:35:21Z,1182,0,0,20,0,0,1,1,1,1785485925
2026-07-31T08:35:21Z,1183,1,0,42,2,0,1,1,1,1785485334
2026-07-31T08:35:21Z,1184,13,7,7,1,0,1,1,1,1785486806
2026-07-31T08:35:21Z,1185,10,5,11,0,0,1,1,1,1785486750
2026-07-31T08:35:21Z,1186,9,5,10,0,0,1,1,1,1785485954
2026-07-31T08:35:21Z,1187,12,6,8,1,0,1,1,1,1785486322
2026-07-31T08:35:21Z,1188,9,3,6,0,0,1,1,1,1785485632
2026-07-31T08:35:21Z,1189,10,5,9,0,0,1,1,1,1785485711
2026-07-31T08:35:21Z,1190,10,5,11,0,0,1,1,1,1785485103
2026-07-31T08:35:21Z,1191,10,5,5,0,0,1,1,1,1785485639
2026-07-31T08:35:21Z,1192,11,7,10,0,0,1,1,1,1785485471
2026-07-31T08:35:21Z,1193,6,4,5,2,0,1,1,1,1785486436
2026-07-31T08:35:21Z,1197,9,6,7,1,0,1,1,1,1785486593
2026-07-31T08:35:21Z,1198,14,4,5,2,0,1,1,1,1785485996
2026-07-31T08:35:21Z,1199,2,0,17,0,0,1,1,1,1785486016
2026-07-31T08:35:21Z,1200,11,5,4,0,0,1,1,1,1785485676
2026-07-31T08:35:21Z,1201,11,5,4,0,0,1,1,1,1785485654
2026-07-31T08:35:21Z,1202,12,6,3,0,0,1,1,1,1785485752
2026-07-31T08:35:21Z,1203,9,6,6,0,0,1,1,1,1785485648
2026-07-31T08:35:21Z,1204,7,3,11,1,0,1,1,1,1785485388
2026-07-31T08:35:21Z,1206,11,5,10,0,0,1,1,1,1785486420
2026-07-31T08:35:21Z,1207,9,5,6,0,0,1,1,1,1785485966
2026-07-31T08:35:21Z,1208,7,2,11,1,0,1,1,1,1785485868
2026-07-31T08:35:21Z,1216,7,0,13,1,0,1,1,1,1785486651
2026-07-31T08:35:21Z,1218,4,0,17,0,0,1,1,1,1785485228
2026-07-31T08:35:21Z,1219,6,1,8,1,0,1,1,1,1785485105
2026-07-31T08:35:21Z,1220,14,7,4,1,0,1,1,1,1785486785
2026-07-31T08:35:21Z,1221,2,2,19,0,0,1,1,1,1785486356
2026-07-31T08:35:21Z,1222,28,1,1,0,0,1,1,1,1785485467
2026-07-31T08:35:21Z,1223,23,0,6,0,0,1,1,1,1785485431
2026-07-31T08:35:21Z,1226,0,0,3,0,0,0,1,1,1781868931
2026-07-31T08:35:21Z,1227,24,1,1,0,0,1,1,1,1785486328
2026-07-31T08:35:21Z,1228,17,0,11,1,0,1,1,1,1785486410
2026-07-31T08:35:21Z,1229,35,0,9,0,1,1,1,1,1785486885
2026-07-31T08:40:21Z,1,0,0,23,0,0,1,1,1,1785485488
2026-07-31T08:40:21Z,2,23,0,1,3,0,1,1,1,1785485732
2026-07-31T08:40:21Z,3,9,0,4,1,0,1,1,1,1785485488
2026-07-31T08:40:21Z,4,1,0,20,1,0,1,1,1,1785483715
2026-07-31T08:40:21Z,5,9,3,13,1,0,1,1,1,1785484887
2026-07-31T08:40:21Z,6,6,2,9,0,0,1,1,1,1785486991
2026-07-31T08:40:21Z,7,0,0,39,0,0,1,1,1,1785482386
2026-07-31T08:40:21Z,8,0,0,43,0,0,1,1,1,1785487014
2026-07-31T08:40:21Z,9,0,0,22,1,0,1,1,1,1785482483
2026-07-31T08:40:21Z,10,4,1,17,2,0,1,1,1,1785485789
2026-07-31T08:40:21Z,11,16,6,2,1,0,1,1,1,1785487105
2026-07-31T08:40:21Z,12,0,0,23,0,0,1,1,1,1785472090
2026-07-31T08:40:21Z,13,12,0,18,0,0,1,1,1,1785485789
2026-07-31T08:40:21Z,14,1,0,41,0,1,1,1,1,1785476888
2026-07-31T08:40:21Z,15,4,0,11,0,0,1,1,1,1785486387
2026-07-31T08:40:21Z,16,8,0,16,2,1,1,1,1,1785483665
2026-07-31T08:40:21Z,17,9,0,17,1,0,1,1,1,1785486089
2026-07-31T08:40:21Z,18,5,0,11,2,0,1,1,1,1785486524
2026-07-31T08:40:21Z,19,4,0,22,1,0,1,1,1,1785486089
2026-07-31T08:40:21Z,20,32,0,3,0,0,1,1,1,1785485188
2026-07-31T08:40:21Z,21,1,0,17,1,0,1,1,1,1785484888
2026-07-31T08:40:21Z,22,18,0,46,1,0,1,1,1,1785479462
2026-07-31T08:40:21Z,23,10,5,21,0,0,1,1,1,1785479447
2026-07-31T08:40:21Z,24,0,0,9,2,0,1,1,1,1785487203
2026-07-31T08:40:21Z,25,1,1,79,0,1,1,1,1,1785487068
2026-07-31T08:40:21Z,26,0,0,27,0,0,1,1,1,1785485188
2026-07-31T08:40:21Z,28,15,3,0,0,0,1,1,1,1785486991
2026-07-31T08:40:21Z,30,1,0,27,1,0,1,1,1,1785486089
2026-07-31T08:40:21Z,31,0,0,17,2,0,1,1,1,1785487196
2026-07-31T08:40:21Z,32,25,4,2,0,0,1,1,1,1785484184
2026-07-31T08:40:21Z,34,2,0,34,1,0,1,1,1,1785482614
2026-07-31T08:40:21Z,35,2,1,44,1,0,1,1,1,1785486762
2026-07-31T08:40:21Z,36,0,0,0,0,0,0,1,1,86400
2026-07-31T08:40:21Z,37,0,0,23,0,0,1,1,1,1785487041
2026-07-31T08:40:21Z,38,1,0,22,0,0,1,1,1,1785485488
2026-07-31T08:40:21Z,39,23,6,16,0,0,1,1,1,1785487015
2026-07-31T08:40:21Z,40,13,0,7,1,0,1,1,1,1785485488
2026-07-31T08:40:21Z,41,2,0,40,1,0,1,1,1,1785485586
2026-07-31T08:40:21Z,42,31,8,0,0,0,1,1,1,1785472558
2026-07-31T08:40:21Z,43,6,0,17,0,0,1,1,1,1785485188
2026-07-31T08:40:21Z,45,1,0,27,1,0,1,1,1,1785485789
2026-07-31T08:40:21Z,46,13,2,18,0,0,1,1,1,1785485708
2026-07-31T08:40:21Z,47,11,5,3,1,0,1,1,1,1785485188
2026-07-31T08:40:21Z,48,21,0,6,0,0,1,1,1,1785486991
2026-07-31T08:40:21Z,49,5,0,15,3,0,1,1,1,1785487209
2026-07-31T08:40:21Z,50,1,1,18,0,0,1,1,1,1785486991
2026-07-31T08:40:21Z,51,68,0,9,0,0,1,1,1,1785472672
2026-07-31T08:40:21Z,52,2,0,22,3,0,1,1,1,1785486925
2026-07-31T08:40:21Z,55,0,0,23,0,0,1,1,1,1785484888
2026-07-31T08:40:21Z,56,0,0,43,0,0,1,1,1,1785485334
2026-07-31T08:40:21Z,57,0,0,27,0,0,1,1,1,1785486089
2026-07-31T08:40:21Z,58,0,0,28,0,0,1,1,1,1785476976
2026-07-31T08:40:21Z,59,0,0,25,2,0,1,1,1,1785487074
2026-07-31T08:40:21Z,61,0,0,39,0,0,1,1,1,1785485488
2026-07-31T08:40:21Z,62,0,0,48,1,0,1,1,1,1785477029
2026-07-31T08:40:21Z,63,14,0,5,0,0,1,1,1,1785486089
2026-07-31T08:40:21Z,64,9,0,6,4,0,1,1,1,1785486992
2026-07-31T08:40:21Z,65,17,7,1,1,0,1,1,1,1785481624
2026-07-31T08:40:21Z,67,17,0,22,0,0,1,1,1,1785485188
2026-07-31T08:40:21Z,68,0,0,37,0,0,1,1,1,1785476731
2026-07-31T08:40:21Z,69,15,2,0,0,0,1,1,1,1785485188
2026-07-31T08:40:21Z,71,2,0,24,1,0,1,1,1,1785487175
2026-07-31T08:40:21Z,72,13,2,16,2,0,1,1,1,1785486638
2026-07-31T08:40:21Z,73,0,0,31,0,0,1,1,1,1785474921
2026-07-31T08:40:21Z,74,13,6,5,1,0,1,1,1,1785485908
2026-07-31T08:40:21Z,75,0,0,31,1,0,1,1,1,1785473256
2026-07-31T08:40:21Z,76,18,0,0,1,0,1,1,1,1785487206
2026-07-31T08:40:21Z,77,23,0,3,1,0,1,1,1,1785485728
2026-07-31T08:40:21Z,78,9,4,13,1,0,1,1,1,1785486752
2026-07-31T08:40:21Z,79,5,4,11,1,0,1,1,1,1785485457
2026-07-31T08:40:21Z,80,18,0,2,3,0,1,1,1,1785486986
2026-07-31T08:40:21Z,81,5,0,26,0,0,1,1,1,1785486390
2026-07-31T08:40:21Z,82,12,0,11,0,0,1,1,1,1785486690
2026-07-31T08:40:21Z,83,5,1,28,1,0,1,1,1,1785487151
2026-07-31T08:40:21Z,84,26,0,1,0,0,1,1,1,1785486991
2026-07-31T08:40:21Z,85,1,1,14,0,0,1,1,1,1785486991
2026-07-31T08:40:21Z,86,25,0,1,1,0,1,1,1,1785486691
2026-07-31T08:40:21Z,87,10,0,9,0,0,1,1,1,1785484866
2026-07-31T08:40:21Z,88,0,0,42,1,0,1,1,1,1785484888
2026-07-31T08:40:21Z,89,22,0,13,0,0,1,1,1,1785483872
2026-07-31T08:40:21Z,90,6,2,10,2,0,1,1,1,1785486486
2026-07-31T08:40:21Z,91,14,0,3,0,0,1,1,1,1785485188
2026-07-31T08:40:21Z,92,11,4,5,3,0,1,1,1,1785487012
2026-07-31T08:40:21Z,93,0,0,23,0,0,1,1,1,1785486390
2026-07-31T08:40:21Z,94,2,0,16,1,0,1,1,1,1785486390
2026-07-31T08:40:21Z,95,28,3,5,1,1,1,1,1,1785487201
2026-07-31T08:40:21Z,96,29,0,1,1,0,1,1,1,1785479647
2026-07-31T08:40:21Z,97,0,0,16,1,0,1,1,1,1785487115
2026-07-31T08:40:21Z,98,19,0,15,1,0,1,1,1,1785486089
2026-07-31T08:40:21Z,99,4,2,11,0,0,1,1,1,1785486802
2026-07-31T08:40:21Z,100,1,0,26,0,0,1,1,1,1785486846
2026-07-31T08:40:21Z,101,1,0,13,1,0,1,1,1,1785485789
2026-07-31T08:40:21Z,102,1,1,22,0,0,1,1,1,1785485791
2026-07-31T08:40:21Z,103,8,0,22,0,0,1,1,1,1785486490
2026-07-31T08:40:21Z,104,0,0,25,2,0,1,1,1,1785487200
2026-07-31T08:40:21Z,105,16,1,3,0,0,1,1,1,1785486390
2026-07-31T08:40:21Z,106,0,0,21,0,0,1,1,1,1785486390
2026-07-31T08:40:21Z,107,0,0,37,0,0,1,1,1,1785485489
2026-07-31T08:40:21Z,108,16,1,19,0,0,1,1,1,1785486420
2026-07-31T08:40:21Z,109,7,0,16,0,0,1,1,1,1785486390
2026-07-31T08:40:21Z,110,14,2,9,0,0,1,1,1,1785482478
2026-07-31T08:40:21Z,111,0,0,36,0,0,1,1,1,1785479678
2026-07-31T08:40:21Z,112,5,0,9,1,0,1,1,1,1785486691
2026-07-31T08:40:21Z,113,4,0,12,3,0,1,1,1,1785487064
2026-07-31T08:40:21Z,114,6,6,23,1,1,1,1,1,1785487031
2026-07-31T08:40:21Z,115,3,1,23,2,0,1,1,1,1785479033
2026-07-31T08:40:21Z,116,3,3,23,1,0,1,1,1,1785484951
2026-07-31T08:40:21Z,118,20,9,0,3,0,1,1,1,1785486382
2026-07-31T08:40:21Z,119,33,2,1,4,0,1,1,1,1785486691
2026-07-31T08:40:21Z,120,24,1,2,1,0,1,1,1,1785484445
2026-07-31T08:40:21Z,121,5,2,13,0,1,1,1,1,1785487062
2026-07-31T08:40:21Z,122,13,0,7,1,0,1,1,1,1785482278
2026-07-31T08:40:21Z,123,8,1,39,0,0,1,1,1,1785485188
2026-07-31T08:40:21Z,124,32,1,3,0,0,1,1,1,1785486746
2026-07-31T08:40:21Z,125,7,2,16,0,0,1,1,1,1785486991
2026-07-31T08:40:21Z,126,25,2,6,0,0,1,1,1,1785486691
2026-07-31T08:40:21Z,127,8,0,25,2,0,1,1,1,1785487131
2026-07-31T08:40:21Z,128,2,1,17,0,0,1,1,1,1785484800
2026-07-31T08:40:21Z,129,17,1,0,2,0,1,1,1,1785486089
2026-07-31T08:40:21Z,130,5,0,12,0,0,1,1,1,1785484887
2026-07-31T08:40:21Z,131,7,2,2,2,0,1,1,1,1785486164
2026-07-31T08:40:21Z,132,12,5,2,0,1,1,1,1,1785486336
2026-07-31T08:40:21Z,134,4,0,14,5,0,1,1,1,1785487159
2026-07-31T08:40:21Z,135,6,2,12,1,0,1,1,1,1785484507
2026-07-31T08:40:21Z,136,6,0,9,1,7,1,1,1,1785487188
2026-07-31T08:40:21Z,137,6,1,13,0,0,1,1,1,1785486296
2026-07-31T08:40:21Z,138,35,2,2,0,0,1,1,1,1785487112
2026-07-31T08:40:21Z,139,19,5,0,0,0,1,1,1,1785485188
2026-07-31T08:40:21Z,140,15,8,6,2,0,1,1,1,1785487208
2026-07-31T08:40:21Z,141,31,1,5,0,0,1,1,1,1785485909
2026-07-31T08:40:21Z,142,22,1,1,0,0,1,1,1,1785485789
2026-07-31T08:40:21Z,143,13,3,17,1,0,1,1,1,1785482659
2026-07-31T08:40:21Z,144,23,1,4,0,0,1,1,1,1785485581
2026-07-31T08:40:21Z,146,8,1,14,1,0,1,1,1,1785486463
2026-07-31T08:40:21Z,147,10,2,7,2,0,1,1,1,1785487110
2026-07-31T08:40:21Z,148,23,0,3,0,1,1,1,1,1785487084
2026-07-31T08:40:21Z,149,14,4,12,1,0,1,1,1,1785483148
2026-07-31T08:40:21Z,150,31,7,2,2,0,1,1,1,1785487012
2026-07-31T08:40:21Z,151,22,7,1,0,0,1,1,1,1785485600
2026-07-31T08:40:21Z,152,19,0,4,4,0,1,1,1,1785487017
2026-07-31T08:40:21Z,153,12,1,13,6,0,1,1,1,1785487208
2026-07-31T08:40:21Z,154,15,4,5,3,0,1,1,1,1785487004
2026-07-31T08:40:21Z,155,13,4,0,1,0,1,1,1,1785487136
2026-07-31T08:40:21Z,156,16,1,3,0,0,1,1,1,1785485944
2026-07-31T08:40:21Z,157,15,0,10,2,0,1,1,1,1785487156
2026-07-31T08:40:21Z,158,16,2,0,0,0,1,1,1,1785471342
2026-07-31T08:40:21Z,159,5,2,14,0,0,1,1,1,1785486610
2026-07-31T08:40:21Z,160,19,1,0,0,0,1,1,1,1785475906
2026-07-31T08:40:21Z,161,15,1,7,0,0,1,1,1,1785486490
2026-07-31T08:40:21Z,162,14,3,12,1,0,1,1,1,1785484887
2026-07-31T08:40:21Z,163,29,2,2,0,0,1,1,1,1785486691
2026-07-31T08:40:21Z,164,25,7,2,0,0,1,1,1,1785486691
2026-07-31T08:40:21Z,165,23,11,7,1,0,1,1,1,1785486690
2026-07-31T08:40:21Z,166,31,7,3,5,0,1,1,1,1785487204
2026-07-31T08:40:21Z,167,21,10,0,2,0,1,1,1,1785484888
2026-07-31T08:40:21Z,168,21,0,5,1,0,1,1,1,1785487119
2026-07-31T08:40:21Z,169,1,0,21,0,1,1,1,1,1785483931
2026-07-31T08:40:21Z,170,18,5,0,1,0,1,1,1,1785485188
2026-07-31T08:40:21Z,171,10,3,1,2,0,1,1,1,1785487004
2026-07-31T08:40:21Z,173,36,0,3,0,0,1,1,1,1785486839
2026-07-31T08:40:21Z,174,22,1,2,2,0,1,1,1,1785482500
2026-07-31T08:40:21Z,175,7,0,24,0,0,1,1,1,1785487001
2026-07-31T08:40:21Z,176,2,1,12,0,1,1,1,1,1785487016
2026-07-31T08:40:21Z,177,21,2,6,0,0,1,1,1,1785486121
2026-07-31T08:40:21Z,178,2,0,10,2,1,1,1,1,1785487209
2026-07-31T08:40:21Z,179,11,1,3,1,0,1,1,1,1785486089
2026-07-31T08:40:21Z,180,27,0,3,0,0,1,1,1,1785468302
2026-07-31T08:40:21Z,181,14,1,0,1,0,1,1,1,1785485328
2026-07-31T08:40:21Z,182,17,2,0,0,0,1,1,1,1785487123
2026-07-31T08:40:21Z,183,16,0,7,0,0,1,1,1,1785487105
2026-07-31T08:40:21Z,184,1,1,21,1,0,1,1,1,1785485380
2026-07-31T08:40:21Z,185,12,1,0,2,1,1,1,1,1785484888
2026-07-31T08:40:21Z,186,5,2,14,0,0,1,1,1,1785487071
2026-07-31T08:40:21Z,187,8,0,19,1,0,1,1,1,1785484757
2026-07-31T08:40:21Z,188,13,0,6,8,0,1,1,1,1785487202
2026-07-31T08:40:21Z,189,15,4,0,0,0,1,1,1,1785479966
2026-07-31T08:40:21Z,190,5,2,18,0,0,1,1,1,1785486331
2026-07-31T08:40:21Z,191,2,1,37,0,0,1,1,1,1785486690
2026-07-31T08:40:21Z,192,12,4,16,3,0,1,1,1,1785486089
2026-07-31T08:40:21Z,193,0,0,15,0,0,1,1,1,1785484480
2026-07-31T08:40:21Z,194,17,1,9,1,0,1,1,1,1785486691
2026-07-31T08:40:21Z,195,13,1,4,2,0,1,1,1,1785484402
2026-07-31T08:40:21Z,196,24,1,0,3,0,1,1,1,1785486928
2026-07-31T08:40:21Z,197,15,3,1,2,1,1,1,1,1785487152
2026-07-31T08:40:21Z,198,21,16,2,0,0,1,1,1,1785484887
2026-07-31T08:40:21Z,199,7,5,5,3,0,1,1,1,1785483728
2026-07-31T08:40:21Z,200,15,0,10,1,0,1,1,1,1785486390
2026-07-31T08:40:21Z,201,8,3,15,0,0,1,1,1,1785482886
2026-07-31T08:40:21Z,202,0,0,27,0,0,1,1,1,1785486691
2026-07-31T08:40:21Z,203,25,3,5,1,0,1,1,1,1785486390
2026-07-31T08:40:21Z,204,31,1,3,1,0,1,1,1,1785485488
2026-07-31T08:40:21Z,205,12,1,15,0,0,1,1,1,1785482737
2026-07-31T08:40:21Z,206,1,1,13,1,0,1,1,1,1785486448
2026-07-31T08:40:21Z,207,14,0,7,0,0,1,1,1,1785481979
2026-07-31T08:40:21Z,208,2,0,27,0,0,1,1,1,1785477246
2026-07-31T08:40:21Z,209,8,0,20,3,0,1,1,1,1785487032
2026-07-31T08:40:21Z,210,23,2,4,0,0,1,1,1,1785485488
2026-07-31T08:40:21Z,211,15,6,7,1,0,1,1,1,1785487008
2026-07-31T08:40:21Z,212,25,0,9,1,0,1,1,1,1785486917
2026-07-31T08:40:21Z,213,12,1,9,2,0,1,1,1,1785486018
2026-07-31T08:40:21Z,214,29,1,14,4,0,1,1,1,1785486652
2026-07-31T08:40:21Z,215,6,1,16,1,0,1,1,1,1785486390
2026-07-31T08:40:21Z,216,9,0,9,1,0,1,1,1,1785486978
2026-07-31T08:40:21Z,217,9,0,19,1,0,1,1,1,1785487079
2026-07-31T08:40:21Z,218,16,4,21,2,0,1,1,1,1785487167
2026-07-31T08:40:21Z,219,0,0,25,1,0,1,1,1,1785478263
2026-07-31T08:40:21Z,220,24,7,17,1,1,1,1,1,1785484887
2026-07-31T08:40:21Z,221,13,8,1,1,0,1,1,1,1785483976
2026-07-31T08:40:21Z,222,16,12,2,1,0,1,1,1,1785485037
2026-07-31T08:40:21Z,223,8,3,24,3,0,1,1,1,1785487104
2026-07-31T08:40:21Z,224,6,5,15,1,0,1,1,1,1785485711
2026-07-31T08:40:21Z,225,10,0,3,6,0,1,1,1,1785487206
2026-07-31T08:40:21Z,226,30,10,1,0,0,1,1,1,1785486691
2026-07-31T08:40:21Z,227,19,13,7,0,1,1,1,1,1785485181
2026-07-31T08:40:21Z,228,1,0,17,1,0,1,1,1,1785484888
2026-07-31T08:40:21Z,230,16,9,10,0,0,1,1,1,1785486691
2026-07-31T08:40:21Z,232,13,6,3,1,0,1,1,1,1785486390
2026-07-31T08:40:21Z,233,19,0,10,2,0,1,1,1,1785487026
2026-07-31T08:40:21Z,234,8,3,6,3,2,1,1,1,1785483414
2026-07-31T08:40:21Z,236,14,3,5,0,0,1,1,1,1785486991
2026-07-31T08:40:21Z,237,22,4,0,1,0,1,1,1,1785486390
2026-07-31T08:40:21Z,239,23,18,1,3,0,1,1,1,1785486691
2026-07-31T08:40:21Z,241,19,6,4,0,0,1,1,1,1785485005
2026-07-31T08:40:21Z,242,1,1,21,1,0,1,1,1,1785484715
2026-07-31T08:40:21Z,243,11,0,19,1,0,1,1,1,1785484434
2026-07-31T08:40:21Z,244,12,1,14,1,0,1,1,1,1785485897
2026-07-31T08:40:21Z,245,3,3,20,0,0,1,1,1,1785484146
2026-07-31T08:40:21Z,246,13,0,10,0,0,1,1,1,1785486470
2026-07-31T08:40:21Z,247,12,10,10,1,0,1,1,1,1785486381
2026-07-31T08:40:21Z,248,18,4,2,3,0,1,1,1,1785486690
2026-07-31T08:40:21Z,249,1,0,18,0,0,1,1,1,1785483971
2026-07-31T08:40:21Z,250,11,3,16,0,0,1,1,1,1785487173
2026-07-31T08:40:21Z,251,22,5,2,3,0,1,1,1,1785486991
2026-07-31T08:40:21Z,253,7,4,11,1,0,1,1,1,1785486537
2026-07-31T08:40:21Z,254,26,21,16,1,0,1,1,1,1785485789
2026-07-31T08:40:21Z,255,5,0,17,0,1,1,1,1,1785486928
2026-07-31T08:40:21Z,256,10,5,11,2,0,1,1,1,1785485834
2026-07-31T08:40:21Z,257,14,6,4,1,0,1,1,1,1785486690
2026-07-31T08:40:21Z,258,1,0,18,0,0,1,1,1,1785482036
2026-07-31T08:40:21Z,259,20,3,2,1,0,1,1,1,1785487113
2026-07-31T08:40:21Z,260,14,4,2,3,0,1,1,1,1785486424
2026-07-31T08:40:21Z,261,16,0,1,1,1,1,1,1,1785484888
2026-07-31T08:40:21Z,262,20,11,3,0,0,1,1,1,1785486882
2026-07-31T08:40:21Z,263,14,3,1,0,0,1,1,1,1785486991
2026-07-31T08:40:21Z,264,18,6,0,1,0,1,1,1,1785474915
2026-07-31T08:40:21Z,265,15,1,0,0,0,1,1,1,1785473819
2026-07-31T08:40:21Z,266,17,8,0,2,0,1,1,1,1785481181
2026-07-31T08:40:21Z,267,7,3,6,2,0,1,1,1,1785484888
2026-07-31T08:40:21Z,268,23,9,0,0,0,1,1,1,1785484887
2026-07-31T08:40:21Z,269,9,3,13,1,0,1,1,1,1785484888
2026-07-31T08:40:21Z,270,25,3,2,0,0,1,1,1,1785485188
2026-07-31T08:40:21Z,271,0,0,17,2,0,1,1,1,1785486991
2026-07-31T08:40:21Z,272,13,13,9,1,0,1,1,1,1785486390
2026-07-31T08:40:21Z,273,14,5,1,0,0,1,1,1,1785484888
2026-07-31T08:40:21Z,274,18,8,0,1,0,1,1,1,1785472651
2026-07-31T08:40:21Z,275,13,0,6,2,2,1,1,1,1785487070
2026-07-31T08:40:21Z,276,1,0,26,0,0,1,1,1,1785486991
2026-07-31T08:40:21Z,277,12,1,6,5,0,1,1,1,1785485546
2026-07-31T08:40:21Z,278,21,0,7,2,1,1,1,1,1785485697
2026-07-31T08:40:21Z,279,16,0,3,0,0,1,1,1,1785484888
2026-07-31T08:40:21Z,280,11,1,18,2,0,1,1,1,1785486921
2026-07-31T08:40:21Z,281,19,0,0,0,0,1,1,1,1785486089
2026-07-31T08:40:21Z,282,5,2,13,0,0,1,1,1,1785484887
2026-07-31T08:40:21Z,283,34,1,1,0,0,1,1,1,1785486992
2026-07-31T08:40:21Z,284,19,5,14,2,0,1,1,1,1785486390
2026-07-31T08:40:21Z,285,8,7,15,0,0,1,1,1,1785485188
2026-07-31T08:40:21Z,286,16,14,2,5,0,1,1,1,1785486390
2026-07-31T08:40:21Z,287,13,4,7,3,0,1,1,1,1785484887
2026-07-31T08:40:21Z,288,14,10,5,0,0,1,1,1,1785486991
2026-07-31T08:40:21Z,289,24,3,0,3,0,1,1,1,1785486743
2026-07-31T08:40:21Z,290,7,0,31,1,0,1,1,1,1785486991
2026-07-31T08:40:21Z,291,10,2,11,2,0,1,1,1,1785486380
2026-07-31T08:40:21Z,292,22,0,1,0,0,1,1,1,1785485789
2026-07-31T08:40:21Z,293,17,10,6,0,0,1,1,1,1785486991
2026-07-31T08:40:21Z,294,0,0,21,1,0,1,1,1,1785486991
2026-07-31T08:40:21Z,297,10,1,6,2,1,1,1,1,1785485188
2026-07-31T08:40:21Z,301,17,1,2,0,0,1,1,1,1785486691
2026-07-31T08:40:21Z,302,0,0,23,0,0,1,1,1,1785486991
2026-07-31T08:40:21Z,303,19,0,0,0,0,1,1,1,1785485188
2026-07-31T08:40:21Z,304,0,0,0,0,0,0,1,1,86400
2026-07-31T08:40:21Z,305,19,0,0,0,0,1,1,1,1785485188
2026-07-31T08:40:21Z,306,2,0,29,1,0,1,1,1,1785485188
2026-07-31T08:40:21Z,307,17,1,4,1,1,1,1,1,1785487044
2026-07-31T08:40:21Z,308,14,0,3,2,0,1,1,1,1785485188
2026-07-31T08:40:21Z,309,12,3,1,1,0,1,1,1,1785486401
2026-07-31T08:40:21Z,311,15,0,0,0,0,1,1,1,1785486992
2026-07-31T08:40:21Z,312,6,3,12,4,1,1,1,1,1785487053
2026-07-31T08:40:21Z,313,3,1,12,0,0,1,1,1,1785486991
2026-07-31T08:40:21Z,314,4,3,11,3,0,1,1,1,1785486991
2026-07-31T08:40:21Z,315,23,6,5,3,0,1,1,1,1785486691
2026-07-31T08:40:21Z,316,4,1,19,7,1,1,1,1,1785487173
2026-07-31T08:40:21Z,317,0,0,30,0,1,1,1,1,1785486896
2026-07-31T08:40:21Z,318,16,0,3,0,0,1,1,1,1785486991
2026-07-31T08:40:21Z,319,17,3,5,1,0,1,1,1,1785485533
2026-07-31T08:40:21Z,320,18,5,0,1,0,1,1,1,1785483872
2026-07-31T08:40:21Z,321,8,1,7,4,0,1,1,1,1785487156
2026-07-31T08:40:21Z,322,5,1,23,1,0,1,1,1,1785484798
2026-07-31T08:40:21Z,323,8,0,11,0,0,1,1,1,1785476374
2026-07-31T08:40:21Z,324,7,2,19,1,0,1,1,1,1785487197
2026-07-31T08:40:21Z,325,4,3,21,2,0,1,1,1,1785484701
2026-07-31T08:40:21Z,327,25,0,1,1,0,1,1,1,1785485570
2026-07-31T08:40:21Z,328,20,0,1,1,0,1,1,1,1785484794
2026-07-31T08:40:21Z,329,17,0,0,2,0,1,1,1,1785487197
2026-07-31T08:40:21Z,330,3,0,19,0,0,1,1,1,1785485188
2026-07-31T08:40:21Z,331,11,3,11,1,0,1,1,1,1785486473
2026-07-31T08:40:21Z,332,10,3,7,2,0,1,1,1,1785486685
2026-07-31T08:40:21Z,333,2,1,20,1,0,1,1,1,1785485924
2026-07-31T08:40:21Z,334,10,8,13,0,0,1,1,1,1785486485
2026-07-31T08:40:21Z,335,3,2,18,1,1,1,1,1,1785477902
2026-07-31T08:40:21Z,336,18,2,1,0,0,1,1,1,1785483787
2026-07-31T08:40:21Z,337,17,3,1,5,0,1,1,1,1785486909
2026-07-31T08:40:21Z,338,18,8,1,0,0,1,1,1,1785484469
2026-07-31T08:40:21Z,339,18,10,4,1,0,1,1,1,1785484330
2026-07-31T08:40:21Z,340,13,11,1,1,0,1,1,1,1785486748
2026-07-31T08:40:21Z,341,11,4,8,0,0,1,1,1,1785479749
2026-07-31T08:40:21Z,342,13,7,0,2,0,1,1,1,1785475446
2026-07-31T08:40:21Z,343,20,1,2,1,0,1,1,1,1785480772
2026-07-31T08:40:21Z,344,22,8,1,0,0,1,1,1,1785486789
2026-07-31T08:40:21Z,345,19,3,0,0,0,1,1,1,1785484144
2026-07-31T08:40:21Z,346,8,6,15,0,0,1,1,1,1785486132
2026-07-31T08:40:21Z,347,0,0,42,2,0,1,1,1,1785487196
2026-07-31T08:40:21Z,348,21,3,0,1,1,1,1,1,1785487164
2026-07-31T08:40:21Z,349,6,1,13,0,0,1,1,1,1785486891
2026-07-31T08:40:21Z,350,24,3,1,1,1,1,1,1,1785482374
2026-07-31T08:40:21Z,351,20,3,0,3,0,1,1,1,1785487154
2026-07-31T08:40:21Z,355,23,1,0,0,0,1,1,1,1785477413
2026-07-31T08:40:21Z,356,18,2,1,0,0,1,1,1,1785487013
2026-07-31T08:40:21Z,357,13,4,6,0,0,1,1,1,1785485188
2026-07-31T08:40:21Z,358,24,4,2,1,0,1,1,1,1785483982
2026-07-31T08:40:21Z,359,22,0,5,0,0,1,1,1,1785482858
2026-07-31T08:40:21Z,360,16,4,1,2,0,1,1,1,1785486258
2026-07-31T08:40:21Z,362,17,5,0,2,0,1,1,1,1785485646
2026-07-31T08:40:21Z,363,0,0,27,0,0,1,1,1,1785483419
2026-07-31T08:40:21Z,364,19,3,0,0,0,1,1,1,1785483692
2026-07-31T08:40:21Z,365,17,5,3,3,0,1,1,1,1785487087
2026-07-31T08:40:21Z,366,14,7,2,7,0,1,1,1,1785486954
2026-07-31T08:40:21Z,367,16,9,1,2,0,1,1,1,1785478153
2026-07-31T08:40:21Z,368,20,3,1,2,0,1,1,1,1785486991
2026-07-31T08:40:21Z,370,15,8,12,0,0,1,1,1,1785486947
2026-07-31T08:40:21Z,371,4,2,14,1,0,1,1,1,1785484735
2026-07-31T08:40:21Z,372,8,2,7,0,0,1,1,1,1785482153
2026-07-31T08:40:21Z,373,24,8,3,0,0,1,1,1,1785486433
2026-07-31T08:40:21Z,374,17,7,0,2,0,1,1,1,1785487200
2026-07-31T08:40:21Z,375,22,5,3,2,0,1,1,1,1785482460
2026-07-31T08:40:21Z,376,28,2,5,6,0,1,1,1,1785487167
2026-07-31T08:40:21Z,377,25,9,2,0,0,1,1,1,1785486573
2026-07-31T08:40:21Z,378,22,5,0,1,1,1,1,1,1785487114
2026-07-31T08:40:21Z,379,14,0,13,0,0,1,1,1,1785486139
2026-07-31T08:40:21Z,380,21,7,1,1,0,1,1,1,1785486117
2026-07-31T08:40:21Z,381,13,0,10,0,0,1,1,1,1785486771
2026-07-31T08:40:21Z,383,12,0,1,2,0,1,1,1,1785480220
2026-07-31T08:40:21Z,384,26,1,0,1,0,1,1,1,1785479554
2026-07-31T08:40:21Z,385,14,2,2,2,0,1,1,1,1785487056
2026-07-31T08:40:21Z,387,21,2,2,0,0,1,1,1,1785486411
2026-07-31T08:40:21Z,388,16,3,33,0,0,1,1,1,1785485188
2026-07-31T08:40:21Z,389,9,8,6,0,0,1,1,1,1785486065
2026-07-31T08:40:21Z,390,19,1,16,0,0,1,1,1,1785485014
2026-07-31T08:40:21Z,391,4,0,10,1,0,1,1,1,1785475375
2026-07-31T08:40:21Z,392,3,3,15,1,0,1,1,1,1785487065
2026-07-31T08:40:21Z,393,3,3,5,3,0,1,1,1,1785480120
2026-07-31T08:40:21Z,394,9,6,2,2,0,1,1,1,1785481308
2026-07-31T08:40:21Z,396,7,7,32,3,0,1,1,1,1785483097
2026-07-31T08:40:21Z,397,4,4,27,0,0,1,1,1,1785479502
2026-07-31T08:40:21Z,399,13,2,2,2,0,1,1,1,1785483706
2026-07-31T08:40:21Z,400,11,6,9,3,0,1,1,1,1785485630
2026-07-31T08:40:21Z,401,10,0,21,8,0,1,1,1,1785475540
2026-07-31T08:40:21Z,403,4,0,25,2,0,1,1,1,1785487183
2026-07-31T08:40:21Z,404,2,1,20,1,0,1,1,1,1785486690
2026-07-31T08:40:21Z,406,2,0,32,1,0,1,1,1,1785486993
2026-07-31T08:40:21Z,407,16,3,17,1,0,1,1,1,1785484887
2026-07-31T08:40:21Z,408,12,2,20,1,0,1,1,1,1785480622
2026-07-31T08:40:21Z,409,0,0,20,3,0,1,1,1,1785474552
2026-07-31T08:40:21Z,413,21,5,0,2,0,1,1,1,1785487092
2026-07-31T08:40:21Z,414,13,4,1,1,0,1,1,1,1785485488
2026-07-31T08:40:21Z,417,11,7,8,0,0,1,1,1,1785478784
2026-07-31T08:40:21Z,418,1,0,13,1,0,1,1,1,1785476979
2026-07-31T08:40:21Z,419,10,0,12,1,0,1,1,1,1785476705
2026-07-31T08:40:21Z,421,1,0,18,0,0,1,1,1,1785475529
2026-07-31T08:40:21Z,422,3,3,24,0,0,1,1,1,1785484728
2026-07-31T08:40:21Z,423,6,1,17,0,0,1,1,1,1785477801
2026-07-31T08:40:21Z,424,2,1,10,3,0,1,1,1,1785487028
2026-07-31T08:40:21Z,425,20,0,1,0,1,1,1,1,1785485489
2026-07-31T08:40:21Z,426,0,0,35,2,0,1,1,1,1785483994
2026-07-31T08:40:21Z,427,14,1,0,2,0,1,1,1,1785487173
2026-07-31T08:40:21Z,428,14,1,4,1,0,1,1,1,1785485758
2026-07-31T08:40:21Z,429,1,0,20,2,0,1,1,1,1785486940
2026-07-31T08:40:21Z,430,28,0,0,3,0,1,1,1,1785485488
2026-07-31T08:40:21Z,431,14,0,18,1,0,1,1,1,1785477264
2026-07-31T08:40:21Z,432,19,0,10,2,0,1,1,1,1785484695
2026-07-31T08:40:21Z,433,19,6,3,1,0,1,1,1,1785477238
2026-07-31T08:40:21Z,437,3,1,15,1,0,1,1,1,1785486178
2026-07-31T08:40:21Z,438,17,0,1,1,0,1,1,1,1785487037
2026-07-31T08:40:21Z,439,5,0,10,0,0,1,1,1,1785472574
2026-07-31T08:40:21Z,440,13,1,0,2,0,1,1,1,1785485156
2026-07-31T08:40:21Z,441,10,2,4,1,0,1,1,1,1785485488
2026-07-31T08:40:21Z,442,17,9,1,1,0,1,1,1,1785481675
2026-07-31T08:40:21Z,443,4,2,23,0,0,1,1,1,1785485488
2026-07-31T08:40:21Z,444,2,2,21,0,0,1,1,1,1785485488
2026-07-31T08:40:21Z,445,7,2,15,1,0,1,1,1,1785486948
2026-07-31T08:40:21Z,446,1,1,21,1,0,1,1,1,1785470328
2026-07-31T08:40:21Z,447,3,0,18,1,1,1,1,1,1785485488
2026-07-31T08:40:21Z,448,9,4,5,1,0,1,1,1,1785484738
2026-07-31T08:40:21Z,452,7,6,11,1,0,1,1,1,1785485488
2026-07-31T08:40:21Z,453,7,5,7,1,0,1,1,1,1785486105
2026-07-31T08:40:21Z,454,9,0,10,0,0,1,1,1,1785484271
2026-07-31T08:40:21Z,455,0,0,39,0,0,1,1,1,1785483866
2026-07-31T08:40:21Z,456,9,0,10,1,0,1,1,1,1785487195
2026-07-31T08:40:21Z,457,25,2,0,2,0,1,1,1,1785481257
2026-07-31T08:40:21Z,458,16,6,7,0,0,1,1,1,1785485789
2026-07-31T08:40:21Z,459,15,0,0,0,0,1,1,1,1785485789
2026-07-31T08:40:21Z,460,20,2,2,1,0,1,1,1,1785484847
2026-07-31T08:40:21Z,461,6,1,13,0,0,1,1,1,1785485789
2026-07-31T08:40:21Z,462,9,0,12,0,0,1,1,1,1785486367
2026-07-31T08:40:21Z,463,13,1,6,0,0,1,1,1,1785475514
2026-07-31T08:40:21Z,464,3,1,11,0,0,1,1,1,1785485789
2026-07-31T08:40:21Z,465,0,0,14,1,0,1,1,1,1785485789
2026-07-31T08:40:21Z,466,11,3,2,2,0,1,1,1,1785485789
2026-07-31T08:40:21Z,467,5,1,13,1,0,1,1,1,1785471818
2026-07-31T08:40:21Z,468,17,1,1,1,0,1,1,1,1785485789
2026-07-31T08:40:21Z,469,2,1,21,0,0,1,1,1,1785473803
2026-07-31T08:40:21Z,470,13,1,0,2,0,1,1,1,1785487148
2026-07-31T08:40:21Z,471,22,2,5,0,0,1,1,1,1785486657
2026-07-31T08:40:21Z,472,18,6,0,1,0,1,1,1,1785487003
2026-07-31T08:40:21Z,473,19,5,0,0,0,1,1,1,1785485789
2026-07-31T08:40:21Z,474,18,0,1,0,0,1,1,1,1785485789
2026-07-31T08:40:21Z,475,3,0,15,1,0,1,1,1,1785485789
2026-07-31T08:40:21Z,477,11,8,3,1,0,1,1,1,1785486182
2026-07-31T08:40:21Z,478,6,0,24,1,0,1,1,1,1785485789
2026-07-31T08:40:21Z,479,1,1,25,1,0,1,1,1,1785485263
2026-07-31T08:40:21Z,480,2,0,10,3,0,1,1,1,1785485789
2026-07-31T08:40:21Z,481,26,1,8,1,0,1,1,1,1785487081
2026-07-31T08:40:21Z,482,18,6,1,0,0,1,1,1,1785484337
2026-07-31T08:40:21Z,483,1,0,24,2,0,1,1,1,1785486984
2026-07-31T08:40:21Z,484,9,2,9,1,0,1,1,1,1785487010
2026-07-31T08:40:21Z,485,16,6,1,1,1,1,1,1,1785487054
2026-07-31T08:40:21Z,486,25,6,0,2,0,1,1,1,1785487145
2026-07-31T08:40:21Z,487,7,4,11,1,0,1,1,1,1785486902
2026-07-31T08:40:21Z,489,14,6,1,0,0,1,1,1,1785487207
2026-07-31T08:40:21Z,490,2,1,14,0,0,1,1,1,1785486473
2026-07-31T08:40:21Z,491,4,1,17,0,0,1,1,1,1785486090
2026-07-31T08:40:21Z,492,5,3,2,4,0,1,1,1,1785487209
2026-07-31T08:40:21Z,493,0,0,26,1,0,1,1,1,1785478572
2026-07-31T08:40:21Z,495,10,0,2,3,0,1,1,1,1785485719
2026-07-31T08:40:21Z,496,27,1,0,0,0,1,1,1,1785486089
2026-07-31T08:40:21Z,497,17,0,1,1,0,1,1,1,1785473754
2026-07-31T08:40:21Z,498,22,3,0,1,0,1,1,1,1785486119
2026-07-31T08:40:21Z,499,18,2,1,0,0,1,1,1,1785482441
2026-07-31T08:40:21Z,500,9,5,1,5,0,1,1,1,1785487182
2026-07-31T08:40:21Z,501,9,3,12,0,0,1,1,1,1785486461
2026-07-31T08:40:21Z,502,6,0,13,0,0,1,1,1,1785486089
2026-07-31T08:40:21Z,503,26,0,4,1,0,1,1,1,1785482589
2026-07-31T08:40:21Z,504,0,0,39,0,0,1,1,1,1785486562
2026-07-31T08:40:21Z,505,11,2,0,1,0,1,1,1,1785486090
2026-07-31T08:40:21Z,511,2,1,21,0,0,1,1,1,1785486354
2026-07-31T08:40:21Z,512,7,0,20,0,0,1,1,1,1785480589
2026-07-31T08:40:21Z,514,10,0,0,1,0,1,1,1,1785486089
2026-07-31T08:40:21Z,515,2,0,17,0,0,1,1,1,1785475097
2026-07-31T08:40:21Z,516,0,0,27,0,0,1,1,1,1785484039
2026-07-31T08:40:21Z,517,14,3,8,1,0,1,1,1,1785486090
2026-07-31T08:40:21Z,518,14,1,0,1,0,1,1,1,1785486390
2026-07-31T08:40:21Z,519,4,0,13,2,0,1,1,1,1785486090
2026-07-31T08:40:21Z,520,11,7,10,5,1,1,1,1,1785487208
2026-07-31T08:40:21Z,521,18,5,5,0,0,1,1,1,1785485835
2026-07-31T08:40:21Z,522,0,0,22,1,0,1,1,1,1785486390
2026-07-31T08:40:21Z,523,6,3,16,1,0,1,1,1,1785481269
2026-07-31T08:40:21Z,524,1,0,22,0,0,1,1,1,1785486695
2026-07-31T08:40:21Z,525,9,0,10,0,0,1,1,1,1785484441
2026-07-31T08:40:21Z,526,13,1,0,2,0,1,1,1,1785486390
2026-07-31T08:40:21Z,527,6,4,17,3,0,1,1,1,1785487094
2026-07-31T08:40:21Z,528,21,2,1,1,0,1,1,1,1785486390
2026-07-31T08:40:21Z,529,6,3,7,6,0,1,1,1,1785487206
2026-07-31T08:40:21Z,530,16,1,3,2,0,1,1,1,1785482854
2026-07-31T08:40:21Z,531,21,1,0,1,1,1,1,1,1785485732
2026-07-31T08:40:21Z,532,3,3,26,1,1,1,1,1,1785481447
2026-07-31T08:40:21Z,533,8,1,9,2,0,1,1,1,1785486390
2026-07-31T08:40:21Z,534,16,2,7,0,0,1,1,1,1785486465
2026-07-31T08:40:21Z,535,2,0,13,0,0,1,1,1,1785486390
2026-07-31T08:40:21Z,536,1,0,22,0,0,1,1,1,1785485983
2026-07-31T08:40:21Z,537,0,0,20,0,0,1,1,1,1785482824
2026-07-31T08:40:21Z,538,21,8,0,0,2,1,1,1,1785487155
2026-07-31T08:40:21Z,539,4,4,27,0,0,1,1,1,1785470894
2026-07-31T08:40:21Z,540,2,1,17,0,0,1,1,1,1785486391
2026-07-31T08:40:21Z,541,26,2,0,1,0,1,1,1,1785486390
2026-07-31T08:40:21Z,542,2,2,21,0,0,1,1,1,1785486390
2026-07-31T08:40:21Z,543,17,2,1,1,0,1,1,1,1785477292
2026-07-31T08:40:21Z,544,14,1,4,4,0,1,1,1,1785486390
2026-07-31T08:40:21Z,545,0,0,17,2,0,1,1,1,1785486390
2026-07-31T08:40:21Z,546,14,6,5,0,0,1,1,1,1785486390
2026-07-31T08:40:21Z,547,19,0,6,0,0,1,1,1,1785484975
2026-07-31T08:40:21Z,548,14,1,9,0,0,1,1,1,1785486390
2026-07-31T08:40:21Z,549,20,0,3,0,0,1,1,1,1785486390
2026-07-31T08:40:21Z,550,17,2,2,0,0,1,1,1,1785486390
2026-07-31T08:40:21Z,551,16,4,7,0,0,1,1,1,1785486390
2026-07-31T08:40:21Z,552,27,3,0,0,0,1,1,1,1785486390
2026-07-31T08:40:21Z,553,20,4,0,2,1,1,1,1,1785486587
2026-07-31T08:40:21Z,554,1,1,18,0,0,1,1,1,1785486691
2026-07-31T08:40:21Z,555,14,6,0,1,0,1,1,1,1785473227
2026-07-31T08:40:21Z,556,21,4,0,2,0,1,1,1,1785487209
2026-07-31T08:40:21Z,557,6,4,12,5,0,1,1,1,1785481664
2026-07-31T08:40:21Z,558,27,4,10,0,0,1,1,1,1785482878
2026-07-31T08:40:21Z,559,0,0,18,1,0,1,1,1,1785486390
2026-07-31T08:40:21Z,560,8,0,19,0,0,1,1,1,1785481488
2026-07-31T08:40:21Z,561,13,1,9,1,0,1,1,1,1785486390
2026-07-31T08:40:21Z,562,3,0,29,3,0,1,1,1,1785486691
2026-07-31T08:40:21Z,563,11,1,3,0,0,1,1,1,1785482241
2026-07-31T08:40:21Z,564,12,0,6,1,0,1,1,1,1785482523
2026-07-31T08:40:21Z,565,6,2,13,0,0,1,1,1,1785482411
2026-07-31T08:40:21Z,566,16,0,2,1,0,1,1,1,1785487002
2026-07-31T08:40:21Z,567,25,1,1,1,0,1,1,1,1785485492
2026-07-31T08:40:21Z,568,13,0,5,1,0,1,1,1,1785483409
2026-07-31T08:40:21Z,569,17,3,2,0,0,1,1,1,1785486691
2026-07-31T08:40:21Z,570,13,1,6,0,0,1,1,1,1785486691
2026-07-31T08:40:21Z,571,0,0,23,0,0,1,1,1,1785486691
2026-07-31T08:40:21Z,572,17,5,1,1,0,1,1,1,1785486189
2026-07-31T08:40:21Z,573,13,0,2,0,0,1,1,1,1785486691
2026-07-31T08:40:21Z,574,10,3,5,0,0,1,1,1,1785486691
2026-07-31T08:40:21Z,575,5,0,15,1,0,1,1,1,1785486513
2026-07-31T08:40:21Z,576,3,0,14,2,0,1,1,1,1785484547
2026-07-31T08:40:21Z,577,13,0,18,0,0,1,1,1,1785484139
2026-07-31T08:40:21Z,578,15,10,7,1,0,1,1,1,1785486996
2026-07-31T08:40:21Z,579,4,0,39,0,0,1,1,1,1785482722
2026-07-31T08:40:21Z,580,4,0,25,0,0,1,1,1,1785486691
2026-07-31T08:40:21Z,581,19,3,0,0,0,1,1,1,1785486691
2026-07-31T08:40:21Z,582,22,0,38,1,0,1,1,1,1785487038
2026-07-31T08:40:21Z,583,23,1,0,0,0,1,1,1,1785486691
2026-07-31T08:40:21Z,584,9,4,6,4,0,1,1,1,1785475747
2026-07-31T08:40:21Z,585,16,3,10,0,1,1,1,1,1785486481
2026-07-31T08:40:21Z,586,13,0,22,0,0,1,1,1,1785486958
2026-07-31T08:40:21Z,587,20,0,3,1,0,1,1,1,1785487003
2026-07-31T08:40:21Z,588,11,3,5,3,0,1,1,1,1785486936
2026-07-31T08:40:21Z,589,0,0,0,23,0,1,1,1,1785486905
2026-07-31T08:40:21Z,590,19,4,11,1,0,1,1,1,1785479272
2026-07-31T08:40:21Z,591,28,1,0,2,0,1,1,1,1785486691
2026-07-31T08:40:21Z,592,12,0,11,0,0,1,1,1,1785483987
2026-07-31T08:40:21Z,593,0,0,38,0,0,1,1,1,1785476655
2026-07-31T08:40:21Z,594,7,0,11,3,0,1,1,1,1785487208
2026-07-31T08:40:21Z,595,0,0,3,0,0,0,1,1,1784046673
2026-07-31T08:40:21Z,605,0,0,2,1,0,0,1,1,1783975843
2026-07-31T08:40:21Z,606,0,0,0,0,0,0,1,1,86400
2026-07-31T08:40:21Z,607,9,1,22,1,0,1,1,1,1785486968
2026-07-31T08:40:21Z,608,1,0,49,0,0,1,1,1,1785486736
2026-07-31T08:40:21Z,609,2,0,21,0,0,1,1,1,1785486261
2026-07-31T08:40:21Z,610,0,0,35,0,0,1,1,1,1785463583
2026-07-31T08:40:21Z,611,12,0,14,1,0,1,1,1,1785483600
2026-07-31T08:40:21Z,612,6,1,9,0,0,1,1,1,1785486691
2026-07-31T08:40:21Z,613,9,0,3,3,0,1,1,1,1785472894
2026-07-31T08:40:21Z,614,1,1,23,2,1,1,1,1,1785486629
2026-07-31T08:40:21Z,617,12,0,1,2,0,1,1,1,1785486691
2026-07-31T08:40:21Z,618,13,2,1,5,0,1,1,1,1785486690
2026-07-31T08:40:21Z,619,7,2,12,0,0,1,1,1,1785483534
2026-07-31T08:40:21Z,620,0,0,25,2,0,1,1,1,1785478133
2026-07-31T08:40:21Z,621,7,2,15,1,0,1,1,1,1785486775
2026-07-31T08:40:21Z,622,5,2,17,1,0,1,1,1,1785480182
2026-07-31T08:40:21Z,623,9,2,20,1,0,1,1,1,1785475996
2026-07-31T08:40:21Z,624,2,0,13,0,0,1,1,1,1785486691
2026-07-31T08:40:21Z,625,5,0,14,2,0,1,1,1,1785484305
2026-07-31T08:40:21Z,626,0,0,45,0,2,1,1,1,1785469585
2026-07-31T08:40:21Z,627,13,6,6,0,0,1,1,1,1785485482
2026-07-31T08:40:21Z,628,0,0,15,2,2,1,1,1,1785487175
2026-07-31T08:40:21Z,629,4,1,6,1,0,1,1,1,1785486920
2026-07-31T08:40:21Z,630,3,2,21,3,0,1,1,1,1785487047
2026-07-31T08:40:21Z,631,2,1,21,0,0,1,1,1,1785471593
2026-07-31T08:40:21Z,632,22,2,0,1,0,1,1,1,1785458363
2026-07-31T08:40:21Z,633,11,1,0,4,0,1,1,1,1785486991
2026-07-31T08:40:21Z,634,11,2,8,0,0,1,1,1,1785486991
2026-07-31T08:40:21Z,635,17,1,2,0,0,1,1,1,1785485606
2026-07-31T08:40:21Z,636,10,2,5,0,0,1,1,1,1785484858
2026-07-31T08:40:21Z,637,8,0,11,0,0,1,1,1,1785483457
2026-07-31T08:40:21Z,638,9,2,7,3,0,1,1,1,1785473314
2026-07-31T08:40:21Z,639,5,1,11,3,0,1,1,1,1785479066
2026-07-31T08:40:21Z,640,1,1,21,1,0,1,1,1,1785487048
2026-07-31T08:40:21Z,641,20,1,4,2,0,1,1,1,1785486992
2026-07-31T08:40:21Z,642,3,2,8,8,0,1,1,1,1785487207
2026-07-31T08:40:21Z,643,1,0,18,8,0,1,1,1,1785487207
2026-07-31T08:40:21Z,644,12,0,2,1,0,1,1,1,1785486991
2026-07-31T08:40:21Z,645,13,0,8,1,1,1,1,1,1785487051
2026-07-31T08:40:21Z,646,7,2,12,0,0,1,1,1,1785486927
2026-07-31T08:40:21Z,647,31,1,0,0,0,1,1,1,1785469507
2026-07-31T08:40:21Z,648,6,0,12,1,0,1,1,1,1785483627
2026-07-31T08:40:21Z,649,19,2,11,1,0,1,1,1,1785486346
2026-07-31T08:40:21Z,650,5,1,9,0,0,1,1,1,1785461548
2026-07-31T08:40:21Z,651,11,9,12,0,0,1,1,1,1785482207
2026-07-31T08:40:21Z,652,4,2,17,2,0,1,1,1,1785487036
2026-07-31T08:40:21Z,653,8,1,9,2,0,1,1,1,1785481487
2026-07-31T08:40:21Z,654,2,2,13,0,0,1,1,1,1785480995
2026-07-31T08:40:21Z,655,6,3,2,4,1,1,1,1,1785486930
2026-07-31T08:40:21Z,656,18,6,1,0,0,1,1,1,1785482316
2026-07-31T08:40:21Z,657,9,1,3,2,3,1,1,1,1785486969
2026-07-31T08:40:21Z,658,9,1,1,0,0,1,1,1,1785473427
2026-07-31T08:40:21Z,659,8,3,5,2,0,1,1,1,1785482005
2026-07-31T08:40:21Z,660,13,0,14,4,0,1,1,1,1785486756
2026-07-31T08:40:21Z,661,1,1,18,0,0,1,1,1,1785474064
2026-07-31T08:40:21Z,662,7,5,14,2,0,1,1,1,1785480458
2026-07-31T08:40:21Z,663,14,6,0,1,0,1,1,1,1785472341
2026-07-31T08:40:21Z,664,0,0,27,0,0,1,1,1,1785472715
2026-07-31T08:40:21Z,665,12,3,3,0,0,1,1,1,1785479255
2026-07-31T08:40:21Z,666,7,2,6,2,0,1,1,1,1785473808
2026-07-31T08:40:21Z,667,0,0,19,0,0,1,1,1,1785486991
2026-07-31T08:40:21Z,668,10,1,8,1,0,1,1,1,1785484022
2026-07-31T08:40:21Z,669,14,5,0,0,0,1,1,1,1785473569
2026-07-31T08:40:21Z,670,11,2,16,0,0,1,1,1,1785482280
2026-07-31T08:40:21Z,671,24,5,2,1,0,1,1,1,1785486033
2026-07-31T08:40:21Z,672,13,2,6,3,1,1,1,1,1785486991
2026-07-31T08:40:21Z,673,12,1,9,2,0,1,1,1,1785486896
2026-07-31T08:40:21Z,674,3,2,17,3,0,1,1,1,1785487108
2026-07-31T08:40:21Z,675,12,6,1,2,0,1,1,1,1785487163
2026-07-31T08:40:21Z,676,4,1,17,1,0,1,1,1,1785479831
2026-07-31T08:40:21Z,681,12,3,1,2,0,1,1,1,1785484717
2026-07-31T08:40:21Z,682,4,1,14,1,0,1,1,1,1785486991
2026-07-31T08:40:21Z,683,4,1,15,0,0,1,1,1,1785486513
2026-07-31T08:40:21Z,684,4,0,23,0,0,1,1,1,1785486991
2026-07-31T08:40:21Z,685,10,0,15,1,1,1,1,1,1785476486
2026-07-31T08:40:21Z,686,11,0,14,1,1,1,1,1,1785487150
2026-07-31T08:40:21Z,687,11,0,18,1,1,1,1,1,1785487036
2026-07-31T08:40:21Z,688,10,0,2,7,0,1,1,1,1785487102
2026-07-31T08:40:21Z,692,3,1,18,0,0,1,1,1,1785487068
2026-07-31T08:40:21Z,693,5,0,3,3,0,1,1,1,1785487179
2026-07-31T08:40:21Z,694,9,5,12,0,0,1,1,1,1785486923
2026-07-31T08:40:21Z,695,17,11,6,0,0,1,1,1,1785487057
2026-07-31T08:40:21Z,696,19,14,3,1,0,1,1,1,1785486977
2026-07-31T08:40:21Z,697,19,1,4,0,0,1,1,1,1785486580
2026-07-31T08:40:21Z,698,26,0,1,0,0,1,1,1,1785486332
2026-07-31T08:40:21Z,699,7,0,7,1,0,1,1,1,1785485658
2026-07-31T08:40:21Z,700,19,4,0,0,0,1,1,1,1785486991
2026-07-31T08:40:21Z,701,17,6,2,0,0,1,1,1,1785487029
2026-07-31T08:40:21Z,702,19,0,4,0,0,1,1,1,1785486991
2026-07-31T08:40:21Z,704,9,2,6,0,0,1,1,1,1785486433
2026-07-31T08:40:21Z,705,5,3,9,1,0,1,1,1,1785485898
2026-07-31T08:40:21Z,706,12,2,0,3,0,1,1,1,1785486994
2026-07-31T08:40:21Z,707,10,2,5,0,0,1,1,1,1785486991
2026-07-31T08:40:21Z,708,19,3,0,0,0,1,1,1,1785486025
2026-07-31T08:40:21Z,709,11,1,1,3,0,1,1,1,1785485839
2026-07-31T08:40:21Z,710,16,3,2,1,0,1,1,1,1785487071
2026-07-31T08:40:21Z,711,19,4,0,4,0,1,1,1,1785487135
2026-07-31T08:40:21Z,712,15,10,0,0,0,1,1,1,1785487013
2026-07-31T08:40:21Z,713,7,0,16,0,0,1,1,1,1785486288
2026-07-31T08:40:21Z,716,3,1,12,0,0,1,1,1,1785485542
2026-07-31T08:40:21Z,717,2,1,20,3,0,1,1,1,1785485611
2026-07-31T08:40:21Z,718,2,1,12,1,0,1,1,1,1785487187
2026-07-31T08:40:21Z,719,7,1,22,0,0,1,1,1,1785486588
2026-07-31T08:40:21Z,720,2,1,17,0,0,1,1,1,1785485834
2026-07-31T08:40:21Z,721,0,0,21,2,0,1,1,1,1785486626
2026-07-31T08:40:21Z,722,5,0,10,0,0,1,1,1,1785485587
2026-07-31T08:40:21Z,723,12,1,11,0,0,1,1,1,1785485611
2026-07-31T08:40:21Z,724,21,4,2,0,0,1,1,1,1785486774
2026-07-31T08:40:21Z,725,22,6,0,1,0,1,1,1,1785486341
2026-07-31T08:40:21Z,726,19,3,0,0,0,1,1,1,1785486990
2026-07-31T08:40:21Z,727,9,4,12,2,0,1,1,1,1785486572
2026-07-31T08:40:21Z,728,9,0,5,1,0,1,1,1,1785486991
2026-07-31T08:40:21Z,729,6,0,13,0,0,1,1,1,1785487011
2026-07-31T08:40:21Z,730,3,2,10,2,0,1,1,1,1785486991
2026-07-31T08:40:21Z,731,10,3,4,1,0,1,1,1,1785485843
2026-07-31T08:40:21Z,732,9,5,6,0,0,1,1,1,1785487128
2026-07-31T08:40:21Z,733,4,0,23,0,0,1,1,1,1785485849
2026-07-31T08:40:21Z,734,0,0,14,0,0,1,1,1,1785486848
2026-07-31T08:40:21Z,735,4,3,23,0,0,1,1,1,1785485714
2026-07-31T08:40:21Z,736,7,1,12,0,0,1,1,1,1785486272
2026-07-31T08:40:21Z,737,4,3,10,0,1,1,1,1,1785486255
2026-07-31T08:40:21Z,738,17,6,0,2,0,1,1,1,1785486712
2026-07-31T08:40:21Z,739,19,2,7,1,0,1,1,1,1785485867
2026-07-31T08:40:21Z,741,7,1,16,0,0,1,1,1,1785486990
2026-07-31T08:40:21Z,742,9,3,23,3,0,1,1,1,1785487027
2026-07-31T08:40:21Z,743,8,3,9,2,0,1,1,1,1785486032
2026-07-31T08:40:21Z,744,11,4,3,1,0,1,1,1,1785486541
2026-07-31T08:40:21Z,745,14,4,4,1,0,1,1,1,1785486991
2026-07-31T08:40:21Z,746,12,3,9,2,0,1,1,1,1785486303
2026-07-31T08:40:21Z,747,0,0,4,0,0,0,1,1,1783446606
2026-07-31T08:40:21Z,748,10,1,13,0,0,1,1,1,1785485509
2026-07-31T08:40:21Z,749,7,5,15,1,0,1,1,1,1785485425
2026-07-31T08:40:21Z,750,4,2,7,0,0,1,1,1,1785485791
2026-07-31T08:40:21Z,751,9,0,14,0,0,1,1,1,1785486768
2026-07-31T08:40:21Z,752,13,1,3,1,0,1,1,1,1785482301
2026-07-31T08:40:21Z,753,4,0,11,0,0,1,1,1,1785486990
2026-07-31T08:40:21Z,754,2,2,12,1,0,1,1,1,1785487098
2026-07-31T08:40:21Z,755,12,3,10,1,0,1,1,1,1785485399
2026-07-31T08:40:21Z,756,2,0,35,0,0,1,1,1,1785486100
2026-07-31T08:40:21Z,757,18,9,1,0,0,1,1,1,1785485509
2026-07-31T08:40:21Z,758,23,4,0,0,0,1,1,1,1785486931
2026-07-31T08:40:21Z,759,5,3,10,0,0,1,1,1,1785486663
2026-07-31T08:40:21Z,760,8,3,11,0,0,1,1,1,1785472022
2026-07-31T08:40:21Z,761,16,0,7,0,0,1,1,1,1785486505
2026-07-31T08:40:21Z,762,7,4,4,4,0,1,1,1,1785485787
2026-07-31T08:40:21Z,768,9,0,8,2,0,1,1,1,1785486772
2026-07-31T08:40:21Z,769,16,12,3,0,0,1,1,1,1785486394
2026-07-31T08:40:21Z,770,11,3,6,2,0,1,1,1,1785486330
2026-07-31T08:40:21Z,771,13,3,1,1,0,1,1,1,1785485760
2026-07-31T08:40:21Z,772,7,3,8,0,0,1,1,1,1785486391
2026-07-31T08:40:21Z,773,15,4,4,0,0,1,1,1,1785486215
2026-07-31T08:40:21Z,774,9,5,3,3,0,1,1,1,1785486171
2026-07-31T08:40:21Z,775,6,0,11,1,1,1,1,1,1785468483
2026-07-31T08:40:21Z,776,3,1,17,1,0,1,1,1,1785486546
2026-07-31T08:40:21Z,777,10,0,2,3,0,1,1,1,1785486282
2026-07-31T08:40:21Z,778,13,0,3,3,0,1,1,1,1785486372
2026-07-31T08:40:21Z,779,8,1,10,1,0,1,1,1,1785487101
2026-07-31T08:40:21Z,780,17,4,1,1,0,1,1,1,1785486751
2026-07-31T08:40:21Z,781,6,2,3,2,0,1,1,1,1785487086
2026-07-31T08:40:21Z,782,5,3,10,4,0,1,1,1,1785486048
2026-07-31T08:40:21Z,783,7,1,12,0,0,1,1,1,1785487140
2026-07-31T08:40:21Z,784,15,2,4,0,0,1,1,1,1785486748
2026-07-31T08:40:21Z,785,12,2,2,5,0,1,1,1,1785485493
2026-07-31T08:40:21Z,786,11,5,8,0,0,1,1,1,1785486953
2026-07-31T08:40:21Z,787,11,5,2,2,0,1,1,1,1785486597
2026-07-31T08:40:21Z,788,3,0,12,0,0,1,1,1,1785485816
2026-07-31T08:40:21Z,789,9,2,2,4,0,1,1,1,1785486051
2026-07-31T08:40:21Z,790,0,0,23,0,0,1,1,1,1785486441
2026-07-31T08:40:21Z,791,7,2,11,0,1,1,1,1,1785485965
2026-07-31T08:40:21Z,793,4,0,10,1,0,1,1,1,1785486195
2026-07-31T08:40:21Z,794,8,3,19,2,0,1,1,1,1785486640
2026-07-31T08:40:21Z,796,0,0,17,2,0,1,1,1,1785485982
2026-07-31T08:40:21Z,797,1,0,14,0,0,1,1,1,1785485585
2026-07-31T08:40:21Z,798,6,0,18,1,0,1,1,1,1785485807
2026-07-31T08:40:21Z,799,14,1,1,4,0,1,1,1,1785485951
2026-07-31T08:40:21Z,800,0,0,20,1,0,1,1,1,1785485574
2026-07-31T08:40:21Z,801,4,2,16,1,0,1,1,1,1785486004
2026-07-31T08:40:21Z,802,8,0,23,0,0,1,1,1,1785486098
2026-07-31T08:40:21Z,803,1,1,14,0,0,1,1,1,1785485785
2026-07-31T08:40:21Z,806,8,3,7,0,0,1,1,1,1785485981
2026-07-31T08:40:21Z,807,14,0,8,3,0,1,1,1,1785486381
2026-07-31T08:40:21Z,808,0,0,23,2,0,1,1,1,1785472976
2026-07-31T08:40:21Z,809,5,1,17,1,0,1,1,1,1785485949
2026-07-31T08:40:21Z,810,2,0,13,4,0,1,1,1,1785486421
2026-07-31T08:40:21Z,815,4,1,6,4,1,1,1,1,1785486072
2026-07-31T08:40:21Z,817,10,5,5,0,0,1,1,1,1785487113
2026-07-31T08:40:21Z,818,6,0,16,1,0,1,1,1,1785486512
2026-07-31T08:40:21Z,819,6,4,9,0,0,1,1,1,1785460987
2026-07-31T08:40:21Z,820,8,2,9,0,0,1,1,1,1785485222
2026-07-31T08:40:21Z,821,2,1,13,0,0,1,1,1,1785486152
2026-07-31T08:40:21Z,822,1,0,20,2,0,1,1,1,1785486462
2026-07-31T08:40:21Z,823,0,0,14,1,0,1,1,1,1785485616
2026-07-31T08:40:21Z,824,10,3,8,1,0,1,1,1,1785486896
2026-07-31T08:40:21Z,825,8,5,7,0,0,1,1,1,1785462716
2026-07-31T08:40:21Z,826,10,2,8,1,0,1,1,1,1785486900
2026-07-31T08:40:21Z,827,16,5,4,1,0,1,1,1,1785486393
2026-07-31T08:40:21Z,828,9,0,8,1,0,1,1,1,1785487102
2026-07-31T08:40:21Z,829,16,7,11,0,0,1,1,1,1785487135
2026-07-31T08:40:21Z,830,11,2,11,1,0,1,1,1,1785486381
2026-07-31T08:40:21Z,831,7,2,7,1,0,1,1,1,1785485592
2026-07-31T08:40:21Z,832,10,3,5,3,0,1,1,1,1785485668
2026-07-31T08:40:21Z,833,1,0,17,1,0,1,1,1,1785485425
2026-07-31T08:40:21Z,834,1,0,22,1,0,1,1,1,1785486739
2026-07-31T08:40:21Z,835,16,6,0,2,0,1,1,1,1785486969
2026-07-31T08:40:21Z,837,5,1,0,10,0,1,1,1,1785485650
2026-07-31T08:40:21Z,838,13,3,2,0,0,1,1,1,1785486324
2026-07-31T08:40:21Z,839,18,0,11,0,0,1,1,1,1785481858
2026-07-31T08:40:21Z,840,8,3,19,2,0,1,1,1,1785486775
2026-07-31T08:40:21Z,841,7,1,8,0,0,1,1,1,1785485590
2026-07-31T08:40:21Z,842,7,2,16,0,0,1,1,1,1785487187
2026-07-31T08:40:21Z,843,8,0,22,1,0,1,1,1,1785485593
2026-07-31T08:40:21Z,844,6,0,17,0,0,1,1,1,1785485563
2026-07-31T08:40:21Z,845,5,3,12,2,0,1,1,1,1785485756
2026-07-31T08:40:21Z,846,4,0,13,2,0,1,1,1,1785486707
2026-07-31T08:40:21Z,847,7,1,20,0,0,1,1,1,1785486483
2026-07-31T08:40:21Z,848,10,3,8,1,0,1,1,1,1785485156
2026-07-31T08:40:21Z,849,7,2,8,0,0,1,1,1,1785486556
2026-07-31T08:40:21Z,850,9,0,1,1,0,1,1,1,1785486799
2026-07-31T08:40:21Z,851,3,3,32,2,0,1,1,1,1785486625
2026-07-31T08:40:21Z,852,12,6,7,0,0,1,1,1,1785485475
2026-07-31T08:40:21Z,853,10,5,13,0,0,1,1,1,1785486341
2026-07-31T08:40:21Z,854,4,2,11,0,0,1,1,1,1785486419
2026-07-31T08:40:21Z,855,25,0,2,0,0,1,1,1,1785485421
2026-07-31T08:40:21Z,857,1,1,18,0,0,1,1,1,1785485672
2026-07-31T08:40:21Z,858,4,1,14,1,0,1,1,1,1785486125
2026-07-31T08:40:21Z,859,3,0,17,1,0,1,1,1,1785486353
2026-07-31T08:40:21Z,861,8,1,2,1,0,1,1,1,1785455675
2026-07-31T08:40:21Z,862,2,1,13,0,0,1,1,1,1785485617
2026-07-31T08:40:21Z,863,13,0,5,1,0,1,1,1,1785472897
2026-07-31T08:40:21Z,866,9,3,10,0,0,1,1,1,1785485909
2026-07-31T08:40:21Z,867,12,0,3,0,0,1,1,1,1785487045
2026-07-31T08:40:21Z,868,13,2,2,0,0,1,1,1,1785485435
2026-07-31T08:40:21Z,870,7,4,6,2,0,1,1,1,1785485651
2026-07-31T08:40:21Z,871,0,0,10,1,0,1,1,1,1785486849
2026-07-31T08:40:21Z,872,0,0,14,1,0,1,1,1,1785485570
2026-07-31T08:40:21Z,873,0,0,32,1,0,1,1,1,1785485532
2026-07-31T08:40:21Z,874,5,2,7,3,0,1,1,1,1785485733
2026-07-31T08:40:21Z,875,15,11,0,0,0,1,1,1,1785486623
2026-07-31T08:40:21Z,877,11,10,6,2,0,1,1,1,1785486987
2026-07-31T08:40:21Z,878,3,2,15,1,0,1,1,1,1785485750
2026-07-31T08:40:21Z,879,1,0,18,0,0,1,1,1,1785486610
2026-07-31T08:40:21Z,880,3,0,19,1,0,1,1,1,1785486621
2026-07-31T08:40:21Z,881,2,0,17,0,0,1,1,1,1785485603
2026-07-31T08:40:21Z,882,11,0,6,2,0,1,1,1,1785457778
2026-07-31T08:40:21Z,883,10,6,9,0,0,1,1,1,1785485878
2026-07-31T08:40:21Z,884,11,7,10,0,0,1,1,1,1785486976
2026-07-31T08:40:21Z,885,1,0,18,0,0,1,1,1,1785485455
2026-07-31T08:40:21Z,886,16,1,11,2,0,1,1,1,1785486991
2026-07-31T08:40:21Z,887,2,1,12,3,0,1,1,1,1785486177
2026-07-31T08:40:21Z,888,11,0,28,2,0,1,1,1,1785486793
2026-07-31T08:40:21Z,889,17,1,0,2,0,1,1,1,1785485765
2026-07-31T08:40:21Z,890,7,4,8,0,0,1,1,1,1785472287
2026-07-31T08:40:21Z,891,20,0,2,1,0,1,1,1,1785486759
2026-07-31T08:40:21Z,892,13,1,2,0,0,1,1,1,1785469848
2026-07-31T08:40:21Z,895,0,0,18,1,0,1,1,1,1785465808
2026-07-31T08:40:21Z,896,6,0,29,0,0,1,1,1,1785483234
2026-07-31T08:40:21Z,897,11,1,10,0,0,1,1,1,1785485639
2026-07-31T08:40:21Z,898,2,0,17,0,0,1,1,1,1785487190
2026-07-31T08:40:21Z,899,0,0,18,1,0,1,1,1,1785486421
2026-07-31T08:40:21Z,900,18,0,8,1,0,1,1,1,1785486588
2026-07-31T08:40:21Z,901,12,0,6,1,0,1,1,1,1785486128
2026-07-31T08:40:21Z,902,9,0,5,1,0,1,1,1,1785487131
2026-07-31T08:40:21Z,903,15,2,4,0,0,1,1,1,1785486560
2026-07-31T08:40:21Z,904,10,4,8,1,0,1,1,1,1785485762
2026-07-31T08:40:21Z,905,4,0,23,0,0,1,1,1,1785485855
2026-07-31T08:40:21Z,906,7,4,20,0,0,1,1,1,1785486602
2026-07-31T08:40:21Z,907,5,1,26,0,0,1,1,1,1785485942
2026-07-31T08:40:21Z,908,11,0,12,0,0,1,1,1,1785485744
2026-07-31T08:40:21Z,909,15,5,8,0,0,1,1,1,1785487131
2026-07-31T08:40:21Z,910,20,0,11,0,0,1,1,1,1785485655
2026-07-31T08:40:21Z,911,3,0,16,0,0,1,1,1,1785487123
2026-07-31T08:40:21Z,912,9,5,12,2,0,1,1,1,1785486222
2026-07-31T08:40:21Z,913,3,1,16,0,0,1,1,1,1785486287
2026-07-31T08:40:21Z,914,6,1,13,0,0,1,1,1,1785487016
2026-07-31T08:40:21Z,915,7,0,15,1,0,1,1,1,1785486413
2026-07-31T08:40:21Z,916,23,8,0,0,0,1,1,1,1785485900
2026-07-31T08:40:21Z,917,3,0,30,2,0,1,1,1,1785486938
2026-07-31T08:40:21Z,918,13,5,4,2,0,1,1,1,1785485675
2026-07-31T08:40:21Z,919,12,3,26,1,0,1,1,1,1785486348
2026-07-31T08:40:21Z,920,4,2,15,0,0,1,1,1,1785486106
2026-07-31T08:40:21Z,921,12,0,9,0,0,1,1,1,1785485437
2026-07-31T08:40:21Z,922,4,1,17,0,0,1,1,1,1785486236
2026-07-31T08:40:21Z,923,18,1,1,0,0,1,1,1,1785486932
2026-07-31T08:40:21Z,924,8,2,13,0,0,1,1,1,1785486452
2026-07-31T08:40:21Z,925,13,0,8,0,0,1,1,1,1785485911
2026-07-31T08:40:21Z,926,0,0,21,0,0,1,1,1,1785486057
2026-07-31T08:40:21Z,927,1,0,34,0,0,1,1,1,1785486445
2026-07-31T08:40:21Z,928,5,3,14,0,0,1,1,1,1785464301
2026-07-31T08:40:21Z,929,0,0,23,0,0,1,1,1,1785486883
2026-07-31T08:40:21Z,930,0,0,30,1,0,1,1,1,1785486061
2026-07-31T08:40:21Z,931,8,3,15,0,0,1,1,1,1785485981
2026-07-31T08:40:21Z,932,4,0,12,3,0,1,1,1,1785485826
2026-07-31T08:40:21Z,933,0,0,23,0,0,1,1,1,1785486035
2026-07-31T08:40:21Z,934,2,0,28,1,0,1,1,1,1785487190
2026-07-31T08:40:21Z,935,9,2,9,1,0,1,1,1,1785486622
2026-07-31T08:40:21Z,936,4,1,15,0,0,1,1,1,1785456801
2026-07-31T08:40:21Z,940,10,0,1,0,0,1,1,1,1785477927
2026-07-31T08:40:21Z,941,10,1,13,2,0,1,1,1,1785486177
2026-07-31T08:40:21Z,942,5,0,16,0,0,1,1,1,1785486553
2026-07-31T08:40:21Z,943,9,8,6,0,0,1,1,1,1785485687
2026-07-31T08:40:21Z,944,9,8,6,0,0,1,1,1,1785485500
2026-07-31T08:40:21Z,945,10,8,5,0,0,1,1,1,1785486826
2026-07-31T08:40:21Z,946,7,5,12,0,0,1,1,1,1785424152
2026-07-31T08:40:21Z,947,7,5,10,0,0,1,1,1,1785485514
2026-07-31T08:40:21Z,948,26,8,0,5,0,1,1,1,1785486031
2026-07-31T08:40:21Z,949,1,0,14,0,0,1,1,1,1785485616
2026-07-31T08:40:21Z,950,16,4,0,1,0,1,1,1,1785485878
2026-07-31T08:40:21Z,951,18,4,5,0,0,1,1,1,1785485716
2026-07-31T08:40:21Z,952,7,0,48,0,0,1,1,1,1785486823
2026-07-31T08:40:21Z,953,14,2,0,1,0,1,1,1,1785486597
2026-07-31T08:40:21Z,954,18,4,1,0,0,1,1,1,1785485620
2026-07-31T08:40:21Z,955,4,3,17,6,0,1,1,1,1785486394
2026-07-31T08:40:21Z,956,21,1,1,1,0,1,1,1,1785486707
2026-07-31T08:40:21Z,957,15,0,14,0,0,1,1,1,1785486713
2026-07-31T08:40:21Z,958,19,0,12,0,0,1,1,1,1785486221
2026-07-31T08:40:21Z,959,20,8,0,3,0,1,1,1,1785487209
2026-07-31T08:40:21Z,960,22,1,0,1,0,1,1,1,1785486250
2026-07-31T08:40:21Z,961,2,1,17,4,0,1,1,1,1785486227
2026-07-31T08:40:21Z,962,8,3,24,3,0,1,1,1,1785486472
2026-07-31T08:40:21Z,963,7,0,15,1,0,1,1,1,1785485594
2026-07-31T08:40:21Z,964,20,8,2,1,0,1,1,1,1785487042
2026-07-31T08:40:21Z,965,5,1,21,1,0,1,1,1,1785485746
2026-07-31T08:40:21Z,966,27,0,4,0,0,1,1,1,1785486983
2026-07-31T08:40:21Z,967,20,0,0,1,0,1,1,1,1785487152
2026-07-31T08:40:21Z,968,14,0,4,1,0,1,1,1,1785485501
2026-07-31T08:40:21Z,969,12,8,14,1,0,1,1,1,1785487196
2026-07-31T08:40:21Z,970,11,1,7,1,0,1,1,1,1785485834
2026-07-31T08:40:21Z,971,15,0,7,1,0,1,1,1,1785485801
2026-07-31T08:40:21Z,972,9,1,13,1,0,1,1,1,1785485467
2026-07-31T08:40:21Z,973,9,4,13,1,0,1,1,1,1785486794
2026-07-31T08:40:21Z,974,12,0,15,0,0,1,1,1,1785486181
2026-07-31T08:40:21Z,977,7,7,11,3,0,1,1,1,1785485740
2026-07-31T08:40:21Z,978,11,0,12,0,0,1,1,1,1785486602
2026-07-31T08:40:21Z,979,14,1,3,0,0,1,1,1,1785486157
2026-07-31T08:40:21Z,980,2,0,17,2,0,1,1,1,1785486886
2026-07-31T08:40:21Z,981,19,0,1,1,0,1,1,1,1785487051
2026-07-31T08:40:21Z,982,3,1,14,2,0,1,1,1,1785485541
2026-07-31T08:40:21Z,983,2,1,20,1,0,1,1,1,1785485952
2026-07-31T08:40:21Z,984,6,0,17,0,0,1,1,1,1785486939
2026-07-31T08:40:21Z,985,8,0,23,0,0,1,1,1,1785486225
2026-07-31T08:40:21Z,986,4,0,15,0,0,1,1,1,1785485539
2026-07-31T08:40:21Z,987,6,0,16,1,0,1,1,1,1785486072
2026-07-31T08:40:21Z,988,5,1,13,1,0,1,1,1,1785485688
2026-07-31T08:40:21Z,989,9,4,10,0,0,1,1,1,1785486495
2026-07-31T08:40:21Z,990,13,1,0,2,0,1,1,1,1785485746
2026-07-31T08:40:21Z,991,11,2,8,0,0,1,1,1,1785486980
2026-07-31T08:40:21Z,992,10,7,12,1,0,1,1,1,1785486273
2026-07-31T08:40:21Z,993,0,0,27,0,0,1,1,1,1785476008
2026-07-31T08:40:21Z,994,4,1,17,0,0,1,1,1,1785486485
2026-07-31T08:40:21Z,995,9,2,18,0,0,1,1,1,1785485705
2026-07-31T08:40:21Z,996,8,1,15,0,0,1,1,1,1785485510
2026-07-31T08:40:21Z,997,11,5,10,2,0,1,1,1,1785487056
2026-07-31T08:40:21Z,998,3,2,19,1,0,1,1,1,1785485825
2026-07-31T08:40:21Z,999,3,1,15,2,1,1,1,1,1785485614
2026-07-31T08:40:21Z,1000,4,2,17,0,0,1,1,1,1785486519
2026-07-31T08:40:21Z,1001,1,0,26,0,0,1,1,1,1785485844
2026-07-31T08:40:21Z,1002,0,0,27,4,0,1,1,1,1785485840
2026-07-31T08:40:21Z,1003,0,0,22,1,0,1,1,1,1785485473
2026-07-31T08:40:21Z,1004,8,1,15,0,0,1,1,1,1785486730
2026-07-31T08:40:21Z,1005,20,1,3,0,0,1,1,1,1785485662
2026-07-31T08:40:21Z,1006,7,4,11,1,0,1,1,1,1785485501
2026-07-31T08:40:21Z,1007,2,1,19,0,0,1,1,1,1785486947
2026-07-31T08:40:21Z,1008,6,5,15,2,0,1,1,1,1785486448
2026-07-31T08:40:21Z,1009,19,2,8,4,0,1,1,1,1785486319
2026-07-31T08:40:21Z,1010,7,2,20,0,0,1,1,1,1785487146
2026-07-31T08:40:21Z,1011,8,2,9,2,0,1,1,1,1785485874
2026-07-31T08:40:21Z,1012,4,3,18,1,0,1,1,1,1785485428
2026-07-31T08:40:21Z,1013,4,1,18,1,0,1,1,1,1785486029
2026-07-31T08:40:21Z,1014,7,2,13,3,0,1,1,1,1785485945
2026-07-31T08:40:21Z,1015,3,1,25,3,0,1,1,1,1785486212
2026-07-31T08:40:21Z,1016,10,5,21,0,0,1,1,1,1785487101
2026-07-31T08:40:21Z,1017,14,5,7,0,0,1,1,1,1785486649
2026-07-31T08:40:21Z,1018,7,2,15,0,0,1,1,1,1785485516
2026-07-31T08:40:21Z,1019,9,6,6,0,0,1,1,1,1785485449
2026-07-31T08:40:21Z,1020,18,3,3,0,0,1,1,1,1785486522
2026-07-31T08:40:21Z,1021,9,3,5,1,0,1,1,1,1785486253
2026-07-31T08:40:21Z,1022,14,0,13,0,0,1,1,1,1785485602
2026-07-31T08:40:21Z,1023,13,1,9,1,0,1,1,1,1785487067
2026-07-31T08:40:21Z,1024,5,2,13,1,0,1,1,1,1785486251
2026-07-31T08:40:21Z,1025,4,0,14,0,1,1,1,1,1785485569
2026-07-31T08:40:21Z,1026,7,5,19,5,0,1,1,1,1785486600
2026-07-31T08:40:21Z,1028,2,0,20,1,0,1,1,1,1785485606
2026-07-31T08:40:21Z,1029,10,9,4,1,0,1,1,1,1785486548
2026-07-31T08:40:21Z,1030,14,5,9,0,0,1,1,1,1785486287
2026-07-31T08:40:21Z,1031,8,0,11,0,0,1,1,1,1785486660
2026-07-31T08:40:21Z,1032,7,1,12,0,0,1,1,1,1785485504
2026-07-31T08:40:21Z,1033,9,5,9,1,0,1,1,1,1785486318
2026-07-31T08:40:21Z,1034,2,0,13,0,0,1,1,1,1785485527
2026-07-31T08:40:21Z,1035,1,0,16,2,0,1,1,1,1785485549
2026-07-31T08:40:21Z,1036,15,1,0,0,0,1,1,1,1785486106
2026-07-31T08:40:21Z,1037,4,0,14,1,0,1,1,1,1785485862
2026-07-31T08:40:21Z,1038,2,0,12,1,0,1,1,1,1785487039
2026-07-31T08:40:21Z,1039,7,2,12,0,0,1,1,1,1785485661
2026-07-31T08:40:21Z,1040,7,3,10,2,0,1,1,1,1785485543
2026-07-31T08:40:21Z,1041,10,3,8,1,0,1,1,1,1785486231
2026-07-31T08:40:21Z,1042,12,1,1,2,0,1,1,1,1785485540
2026-07-31T08:40:21Z,1043,9,0,7,3,0,1,1,1,1785485580
2026-07-31T08:40:21Z,1044,2,1,12,1,0,1,1,1,1785487094
2026-07-31T08:40:21Z,1045,10,0,9,0,0,1,1,1,1785485494
2026-07-31T08:40:21Z,1046,9,0,6,0,0,1,1,1,1785486718
2026-07-31T08:40:21Z,1047,4,0,17,0,0,1,1,1,1785486258
2026-07-31T08:40:21Z,1048,10,1,9,0,0,1,1,1,1785485471
2026-07-31T08:40:21Z,1049,6,0,15,0,0,1,1,1,1785485527
2026-07-31T08:40:21Z,1050,17,4,4,0,0,1,1,1,1785486629
2026-07-31T08:40:21Z,1051,8,3,13,0,0,1,1,1,1785486522
2026-07-31T08:40:21Z,1052,17,2,5,0,0,1,1,1,1785487146
2026-07-31T08:40:21Z,1053,2,1,13,0,0,1,1,1,1785485404
2026-07-31T08:40:21Z,1054,14,1,1,0,0,1,1,1,1785485665
2026-07-31T08:40:21Z,1055,7,1,12,0,0,1,1,1,1785485637
2026-07-31T08:40:21Z,1057,18,0,0,1,0,1,1,1,1785487146
2026-07-31T08:40:21Z,1058,1,0,55,0,0,1,1,1,1785485538
2026-07-31T08:40:21Z,1059,0,0,18,1,0,1,1,1,1785485535
2026-07-31T08:40:21Z,1060,30,0,7,0,0,1,1,1,1785486295
2026-07-31T08:40:21Z,1061,6,0,30,1,0,1,1,1,1785485608
2026-07-31T08:40:21Z,1062,1,0,16,0,0,1,1,1,1785486022
2026-07-31T08:40:21Z,1063,12,1,6,1,0,1,1,1,1785485550
2026-07-31T08:40:21Z,1064,3,0,19,1,0,1,1,1,1785485872
2026-07-31T08:40:21Z,1065,16,3,7,0,0,1,1,1,1785486116
2026-07-31T08:40:21Z,1066,10,2,13,0,0,1,1,1,1785485942
2026-07-31T08:40:21Z,1067,8,2,13,2,0,1,1,1,1785486208
2026-07-31T08:40:21Z,1068,8,2,13,2,0,1,1,1,1785485697
2026-07-31T08:40:21Z,1069,12,3,11,0,0,1,1,1,1785485749
2026-07-31T08:40:21Z,1070,12,2,11,0,0,1,1,1,1785485846
2026-07-31T08:40:21Z,1071,7,4,16,0,0,1,1,1,1785485884
2026-07-31T08:40:21Z,1072,11,1,11,1,0,1,1,1,1785486252
2026-07-31T08:40:21Z,1073,26,7,0,1,0,1,1,1,1785486995
2026-07-31T08:40:21Z,1074,0,0,52,1,0,1,1,1,1785486336
2026-07-31T08:40:21Z,1075,10,10,11,0,0,1,1,1,1785487071
2026-07-31T08:40:21Z,1076,14,11,7,0,0,1,1,1,1785486507
2026-07-31T08:40:21Z,1077,8,5,13,0,0,1,1,1,1785485466
2026-07-31T08:40:21Z,1078,11,10,10,0,0,1,1,1,1785486550
2026-07-31T08:40:21Z,1079,11,8,10,0,0,1,1,1,1785487180
2026-07-31T08:40:21Z,1080,10,8,10,1,0,1,1,1,1785486281
2026-07-31T08:40:21Z,1081,13,8,6,0,0,1,1,1,1785486360
2026-07-31T08:40:21Z,1082,7,7,1,0,0,1,1,1,1785485857
2026-07-31T08:40:21Z,1083,13,11,8,0,0,1,1,1,1785485624
2026-07-31T08:40:21Z,1084,9,8,12,0,0,1,1,1,1785487065
2026-07-31T08:40:21Z,1085,8,8,13,0,0,1,1,1,1785486702
2026-07-31T08:40:21Z,1086,0,0,20,1,0,1,1,1,1785485590
2026-07-31T08:40:21Z,1087,12,7,3,0,0,1,1,1,1785486612
2026-07-31T08:40:21Z,1088,10,7,5,0,0,1,1,1,1785485554
2026-07-31T08:40:21Z,1089,5,3,10,0,0,1,1,1,1785485914
2026-07-31T08:40:21Z,1090,11,10,4,0,0,1,1,1,1785486442
2026-07-31T08:40:21Z,1091,12,7,3,0,0,1,1,1,1785486353
2026-07-31T08:40:21Z,1092,9,9,5,1,0,1,1,1,1785485899
2026-07-31T08:40:21Z,1093,7,6,8,0,0,1,1,1,1785486264
2026-07-31T08:40:21Z,1094,10,8,8,1,0,1,1,1,1785485506
2026-07-31T08:40:21Z,1095,9,8,6,0,0,1,1,1,1785486208
2026-07-31T08:40:21Z,1096,3,1,15,1,0,1,1,1,1785485870
2026-07-31T08:40:21Z,1097,11,11,4,0,0,1,1,1,1785486085
2026-07-31T08:40:21Z,1098,9,7,10,0,0,1,1,1,1785486421
2026-07-31T08:40:21Z,1099,7,6,8,0,0,1,1,1,1785487156
2026-07-31T08:40:21Z,1100,6,2,23,0,0,1,1,1,1785474727
2026-07-31T08:40:21Z,1101,10,5,11,0,0,1,1,1,1785487045
2026-07-31T08:40:21Z,1102,9,4,4,0,0,1,1,1,1785486344
2026-07-31T08:40:21Z,1103,10,5,11,0,0,1,1,1,1785474301
2026-07-31T08:40:21Z,1104,10,5,11,0,0,1,1,1,1785486801
2026-07-31T08:40:21Z,1105,7,3,6,0,0,1,1,1,1785486230
2026-07-31T08:40:21Z,1106,13,7,8,0,0,1,1,1,1785487140
2026-07-31T08:40:21Z,1107,9,5,6,0,0,1,1,1,1785485626
2026-07-31T08:40:21Z,1108,6,3,18,3,0,1,1,1,1785486837
2026-07-31T08:40:21Z,1109,6,1,9,0,0,1,1,1,1785485583
2026-07-31T08:40:21Z,1110,12,4,9,0,0,1,1,1,1785486670
2026-07-31T08:40:21Z,1111,3,2,18,0,0,1,1,1,1785475740
2026-07-31T08:40:21Z,1112,38,0,15,0,0,1,1,1,1785487182
2026-07-31T08:40:21Z,1113,1,0,20,0,0,1,1,1,1785486632
2026-07-31T08:40:21Z,1115,17,5,3,3,0,1,1,1,1785486016
2026-07-31T08:40:21Z,1116,5,1,14,0,0,1,1,1,1785485525
2026-07-31T08:40:21Z,1117,10,3,13,0,0,1,1,1,1785485899
2026-07-31T08:40:21Z,1118,16,1,3,2,0,1,1,1,1785487149
2026-07-31T08:40:21Z,1119,13,1,4,0,0,1,1,1,1785486542
2026-07-31T08:40:21Z,1120,13,0,6,0,0,1,1,1,1785485599
2026-07-31T08:40:21Z,1121,13,2,5,3,0,1,1,1,1785481599
2026-07-31T08:40:21Z,1122,19,10,0,2,0,1,1,1,1785486734
2026-07-31T08:40:21Z,1123,6,3,15,2,0,1,1,1,1785487152
2026-07-31T08:40:21Z,1124,10,0,0,5,0,1,1,1,1785487152
2026-07-31T08:40:21Z,1125,15,1,8,0,0,1,1,1,1785485799
2026-07-31T08:40:21Z,1126,4,0,16,1,0,1,1,1,1785486785
2026-07-31T08:40:21Z,1127,6,1,12,1,0,1,1,1,1785485845
2026-07-31T08:40:21Z,1128,14,2,0,1,0,1,1,1,1785485532
2026-07-31T08:40:21Z,1129,3,2,17,1,0,1,1,1,1785487069
2026-07-31T08:40:21Z,1130,6,0,9,0,0,1,1,1,1785487135
2026-07-31T08:40:21Z,1131,0,0,48,1,0,1,1,1,1785486252
2026-07-31T08:40:21Z,1132,13,6,7,1,0,1,1,1,1785487074
2026-07-31T08:40:21Z,1133,16,12,4,1,0,1,1,1,1785487154
2026-07-31T08:40:21Z,1134,11,7,8,0,0,1,1,1,1785486028
2026-07-31T08:40:21Z,1135,10,5,11,0,0,1,1,1,1785486938
2026-07-31T08:40:21Z,1136,6,0,17,0,0,1,1,1,1785487100
2026-07-31T08:40:21Z,1137,13,0,2,0,0,1,1,1,1785486260
2026-07-31T08:40:21Z,1138,15,2,4,0,0,1,1,1,1785485487
2026-07-31T08:40:21Z,1139,19,5,1,1,0,1,1,1,1785486007
2026-07-31T08:40:21Z,1140,22,3,0,1,0,1,1,1,1785487038
2026-07-31T08:40:21Z,1141,0,0,20,1,0,1,1,1,1785486739
2026-07-31T08:40:21Z,1142,2,0,19,0,0,1,1,1,1785486163
2026-07-31T08:40:21Z,1143,23,0,6,0,0,1,1,1,1785486879
2026-07-31T08:40:21Z,1144,7,1,13,1,0,1,1,1,1785485771
2026-07-31T08:40:21Z,1145,12,6,8,1,0,1,1,1,1785485900
2026-07-31T08:40:21Z,1146,10,0,5,4,0,1,1,1,1785486881
2026-07-31T08:40:21Z,1147,3,0,16,0,0,1,1,1,1785485452
2026-07-31T08:40:21Z,1148,26,6,5,0,0,1,1,1,1785486187
2026-07-31T08:40:21Z,1149,4,4,21,0,0,1,1,1,1785486983
2026-07-31T08:40:21Z,1150,18,1,1,0,0,1,1,1,1785487125
2026-07-31T08:40:21Z,1151,12,0,9,0,0,1,1,1,1785486171
2026-07-31T08:40:21Z,1152,16,0,13,0,0,1,1,1,1785487192
2026-07-31T08:40:21Z,1153,22,6,0,1,0,1,1,1,1785486057
2026-07-31T08:40:21Z,1154,13,1,6,0,0,1,1,1,1785486776
2026-07-31T08:40:21Z,1155,16,6,4,1,0,1,1,1,1785485512
2026-07-31T08:40:21Z,1158,3,0,15,1,0,1,1,1,1785485415
2026-07-31T08:40:21Z,1159,13,1,6,0,0,1,1,1,1785485770
2026-07-31T08:40:21Z,1160,9,1,9,1,0,1,1,1,1785486219
2026-07-31T08:40:21Z,1161,3,0,15,1,0,1,1,1,1785485903
2026-07-31T08:40:21Z,1162,2,1,17,0,0,1,1,1,1785486155
2026-07-31T08:40:21Z,1163,0,0,18,1,0,1,1,1,1785485531
2026-07-31T08:40:21Z,1164,6,1,13,0,0,1,1,1,1785485591
2026-07-31T08:40:21Z,1165,5,0,16,0,0,1,1,1,1785486320
2026-07-31T08:40:21Z,1166,12,3,8,1,0,1,1,1,1785485832
2026-07-31T08:40:21Z,1167,4,0,11,0,0,1,1,1,1785487118
2026-07-31T08:40:21Z,1168,2,1,20,1,0,1,1,1,1785485778
2026-07-31T08:40:21Z,1169,3,0,15,1,0,1,1,1,1785485438
2026-07-31T08:40:21Z,1170,6,0,14,1,0,1,1,1,1785485805
2026-07-31T08:40:21Z,1171,8,7,14,1,0,1,1,1,1785485472
2026-07-31T08:40:21Z,1172,7,2,6,2,0,1,1,1,1785485675
2026-07-31T08:40:21Z,1173,13,5,6,0,0,1,1,1,1785485685
2026-07-31T08:40:21Z,1174,7,3,8,0,0,1,1,1,1785487187
2026-07-31T08:40:21Z,1175,9,5,10,0,0,1,1,1,1785472270
2026-07-31T08:40:21Z,1176,19,1,2,0,0,1,1,1,1785486705
2026-07-31T08:40:21Z,1177,3,1,18,0,0,1,1,1,1785486623
2026-07-31T08:40:21Z,1178,2,1,13,0,0,1,1,1,1785487160
2026-07-31T08:40:21Z,1181,9,0,4,2,0,1,1,1,1785486098
2026-07-31T08:40:21Z,1182,0,0,20,0,0,1,1,1,1785485925
2026-07-31T08:40:21Z,1183,1,0,42,2,0,1,1,1,1785487162
2026-07-31T08:40:21Z,1184,13,7,7,1,0,1,1,1,1785486806
2026-07-31T08:40:21Z,1185,10,5,11,0,0,1,1,1,1785486750
2026-07-31T08:40:21Z,1186,9,5,10,0,0,1,1,1,1785485954
2026-07-31T08:40:21Z,1187,12,6,8,1,0,1,1,1,1785486322
2026-07-31T08:40:21Z,1188,9,3,6,0,0,1,1,1,1785485632
2026-07-31T08:40:21Z,1189,10,5,9,0,0,1,1,1,1785485711
2026-07-31T08:40:21Z,1190,10,5,11,0,0,1,1,1,1785486919
2026-07-31T08:40:21Z,1191,10,5,5,0,0,1,1,1,1785485639
2026-07-31T08:40:21Z,1192,11,7,10,0,0,1,1,1,1785485471
2026-07-31T08:40:21Z,1193,6,4,5,2,0,1,1,1,1785486436
2026-07-31T08:40:21Z,1197,9,6,7,1,0,1,1,1,1785486593
2026-07-31T08:40:21Z,1198,14,4,5,2,0,1,1,1,1785485996
2026-07-31T08:40:21Z,1199,2,0,17,0,0,1,1,1,1785486016
2026-07-31T08:40:21Z,1200,11,5,4,0,0,1,1,1,1785485676
2026-07-31T08:40:21Z,1201,11,5,4,0,0,1,1,1,1785485654
2026-07-31T08:40:21Z,1202,12,6,3,0,0,1,1,1,1785485752
2026-07-31T08:40:21Z,1203,9,6,6,0,0,1,1,1,1785485648
2026-07-31T08:40:21Z,1204,7,3,11,1,0,1,1,1,1785487204
2026-07-31T08:40:21Z,1206,11,5,10,0,0,1,1,1,1785486420
2026-07-31T08:40:21Z,1207,9,5,6,0,0,1,1,1,1785485966
2026-07-31T08:40:21Z,1208,7,2,11,1,0,1,1,1,1785485868
2026-07-31T08:40:21Z,1216,7,0,13,1,0,1,1,1,1785486651
2026-07-31T08:40:21Z,1218,4,0,17,0,0,1,1,1,1785487045
2026-07-31T08:40:21Z,1219,6,1,8,1,0,1,1,1,1785486918
2026-07-31T08:40:21Z,1220,14,7,4,1,0,1,1,1,1785486785
2026-07-31T08:40:21Z,1221,2,2,19,0,0,1,1,1,1785486356
2026-07-31T08:40:21Z,1222,28,1,1,0,0,1,1,1,1785485467
2026-07-31T08:40:21Z,1223,23,0,6,0,0,1,1,1,1785487119
2026-07-31T08:40:21Z,1226,0,0,3,0,0,0,1,1,1781868931
2026-07-31T08:40:21Z,1227,24,1,1,0,0,1,1,1,1785487167
2026-07-31T08:40:21Z,1228,17,0,11,1,0,1,1,1,1785486410
2026-07-31T08:40:21Z,1229,35,0,9,0,1,1,1,1,1785487191
2026-07-31T08:45:21Z,1,0,0,23,0,0,1,1,1,1785485488
2026-07-31T08:45:21Z,2,23,0,1,3,0,1,1,1,1785485732
2026-07-31T08:45:21Z,3,9,0,4,1,0,1,1,1,1785485488
2026-07-31T08:45:21Z,4,1,0,20,1,0,1,1,1,1785483715
2026-07-31T08:45:21Z,5,9,3,13,1,0,1,1,1,1785484887
2026-07-31T08:45:21Z,6,6,2,9,0,0,1,1,1,1785486991
2026-07-31T08:45:21Z,7,1,1,38,0,0,1,1,1,1785487290
2026-07-31T08:45:21Z,8,0,0,43,0,0,1,1,1,1785487014
2026-07-31T08:45:21Z,9,0,0,22,1,0,1,1,1,1785482483
2026-07-31T08:45:21Z,10,4,1,17,2,0,1,1,1,1785485789
2026-07-31T08:45:21Z,11,16,6,2,1,0,1,1,1,1785487105
2026-07-31T08:45:21Z,12,0,0,23,0,0,1,1,1,1785472090
2026-07-31T08:45:21Z,13,12,0,18,0,0,1,1,1,1785485789
2026-07-31T08:45:21Z,14,1,0,41,0,1,1,1,1,1785476888
2026-07-31T08:45:21Z,15,4,0,11,0,0,1,1,1,1785486387
2026-07-31T08:45:21Z,16,8,0,16,2,1,1,1,1,1785487292
2026-07-31T08:45:21Z,17,9,0,17,1,0,1,1,1,1785486089
2026-07-31T08:45:21Z,18,6,0,10,2,0,1,1,1,1785487475
2026-07-31T08:45:21Z,19,4,0,22,1,0,1,1,1,1785486089
2026-07-31T08:45:21Z,20,32,0,3,0,0,1,1,1,1785485188
2026-07-31T08:45:21Z,21,1,0,17,1,0,1,1,1,1785484888
2026-07-31T08:45:21Z,22,18,0,46,1,0,1,1,1,1785479462
2026-07-31T08:45:21Z,23,10,5,21,0,0,1,1,1,1785479447
2026-07-31T08:45:21Z,24,0,0,9,2,0,1,1,1,1785487503
2026-07-31T08:45:21Z,25,1,1,79,0,1,1,1,1,1785487383
2026-07-31T08:45:21Z,26,0,0,27,0,0,1,1,1,1785485188
2026-07-31T08:45:21Z,28,15,3,0,0,0,1,1,1,1785486991
2026-07-31T08:45:21Z,30,1,0,27,1,0,1,1,1,1785486089
2026-07-31T08:45:21Z,31,0,0,17,2,0,1,1,1,1785487500
2026-07-31T08:45:21Z,32,25,4,2,0,0,1,1,1,1785484184
2026-07-31T08:45:21Z,34,2,0,34,1,0,1,1,1,1785482614
2026-07-31T08:45:21Z,35,2,1,44,1,0,1,1,1,1785486762
2026-07-31T08:45:21Z,36,0,0,0,0,0,0,1,1,86400
2026-07-31T08:45:21Z,37,0,0,23,0,0,1,1,1,1785487041
2026-07-31T08:45:21Z,38,1,0,22,0,0,1,1,1,1785485488
2026-07-31T08:45:21Z,39,23,6,16,0,0,1,1,1,1785487015
2026-07-31T08:45:21Z,40,13,0,7,1,0,1,1,1,1785485488
2026-07-31T08:45:21Z,41,2,0,40,1,0,1,1,1,1785485586
2026-07-31T08:45:21Z,42,31,8,0,0,0,1,1,1,1785472558
2026-07-31T08:45:21Z,43,6,0,17,0,0,1,1,1,1785485188
2026-07-31T08:45:21Z,45,1,0,27,1,0,1,1,1,1785485789
2026-07-31T08:45:21Z,46,13,2,18,0,0,1,1,1,1785485708
2026-07-31T08:45:21Z,47,11,5,3,1,0,1,1,1,1785485188
2026-07-31T08:45:21Z,48,21,0,6,0,0,1,1,1,1785486991
2026-07-31T08:45:21Z,49,5,0,15,3,0,1,1,1,1785487509
2026-07-31T08:45:21Z,50,1,1,18,0,0,1,1,1,1785486991
2026-07-31T08:45:21Z,51,68,0,9,0,0,1,1,1,1785487292
2026-07-31T08:45:21Z,52,2,0,22,3,0,1,1,1,1785487241
2026-07-31T08:45:21Z,55,0,0,23,0,0,1,1,1,1785484888
2026-07-31T08:45:21Z,56,0,0,43,0,0,1,1,1,1785485334
2026-07-31T08:45:21Z,57,0,0,27,0,0,1,1,1,1785486089
2026-07-31T08:45:21Z,58,0,0,28,0,0,1,1,1,1785476976
2026-07-31T08:45:21Z,59,0,0,25,2,0,1,1,1,1785487390
2026-07-31T08:45:21Z,61,0,0,39,0,0,1,1,1,1785485488
2026-07-31T08:45:21Z,62,0,0,48,1,0,1,1,1,1785477029
2026-07-31T08:45:21Z,63,14,0,5,0,0,1,1,1,1785486089
2026-07-31T08:45:21Z,64,9,0,6,4,0,1,1,1,1785486992
2026-07-31T08:45:21Z,65,17,7,1,1,0,1,1,1,1785481624
2026-07-31T08:45:21Z,67,17,0,22,0,0,1,1,1,1785485188
2026-07-31T08:45:21Z,68,0,0,37,0,0,1,1,1,1785476731
2026-07-31T08:45:21Z,69,15,2,0,0,0,1,1,1,1785485188
2026-07-31T08:45:21Z,71,2,0,24,1,0,1,1,1,1785487175
2026-07-31T08:45:21Z,72,13,2,16,2,0,1,1,1,1785486638
2026-07-31T08:45:21Z,73,0,0,31,0,0,1,1,1,1785474921
2026-07-31T08:45:21Z,74,13,6,5,1,0,1,1,1,1785485908
2026-07-31T08:45:21Z,75,0,0,31,1,0,1,1,1,1785487292
2026-07-31T08:45:21Z,76,18,0,0,1,0,1,1,1,1785487507
2026-07-31T08:45:21Z,77,23,0,3,1,0,1,1,1,1785487293
2026-07-31T08:45:21Z,78,9,4,13,1,0,1,1,1,1785487313
2026-07-31T08:45:21Z,79,4,3,12,1,0,1,1,1,1785487448
2026-07-31T08:45:21Z,80,18,0,2,3,0,1,1,1,1785487301
2026-07-31T08:45:21Z,81,5,0,26,0,0,1,1,1,1785486390
2026-07-31T08:45:21Z,82,12,0,11,0,0,1,1,1,1785486690
2026-07-31T08:45:21Z,83,5,1,27,2,0,1,1,1,1785487502
2026-07-31T08:45:21Z,84,26,0,1,0,0,1,1,1,1785486991
2026-07-31T08:45:21Z,85,1,1,14,0,0,1,1,1,1785486991
2026-07-31T08:45:21Z,86,25,0,1,1,0,1,1,1,1785486691
2026-07-31T08:45:21Z,87,10,0,9,0,0,1,1,1,1785484866
2026-07-31T08:45:21Z,88,0,0,42,1,0,1,1,1,1785484888
2026-07-31T08:45:21Z,89,22,0,13,0,0,1,1,1,1785487292
2026-07-31T08:45:21Z,90,6,2,10,2,0,1,1,1,1785486486
2026-07-31T08:45:21Z,91,14,0,3,0,0,1,1,1,1785485188
2026-07-31T08:45:21Z,92,11,4,5,3,0,1,1,1,1785487327
2026-07-31T08:45:21Z,93,0,0,23,0,0,1,1,1,1785486390
2026-07-31T08:45:21Z,94,2,0,16,1,0,1,1,1,1785486390
2026-07-31T08:45:21Z,95,28,3,5,1,1,1,1,1,1785487501
2026-07-31T08:45:21Z,96,29,0,1,1,0,1,1,1,1785479647
2026-07-31T08:45:21Z,97,0,0,16,1,0,1,1,1,1785487430
2026-07-31T08:45:21Z,98,19,0,15,1,0,1,1,1,1785486089
2026-07-31T08:45:21Z,99,4,2,11,0,0,1,1,1,1785486802
2026-07-31T08:45:21Z,100,1,0,26,0,0,1,1,1,1785486846
2026-07-31T08:45:21Z,101,1,0,13,1,0,1,1,1,1785485789
2026-07-31T08:45:21Z,102,1,1,22,0,0,1,1,1,1785485791
2026-07-31T08:45:21Z,103,8,0,22,0,0,1,1,1,1785486490
2026-07-31T08:45:21Z,104,0,0,25,2,0,1,1,1,1785487510
2026-07-31T08:45:21Z,105,16,1,3,0,0,1,1,1,1785486390
2026-07-31T08:45:21Z,106,0,0,21,0,0,1,1,1,1785486390
2026-07-31T08:45:21Z,107,0,0,37,0,0,1,1,1,1785485489
2026-07-31T08:45:21Z,108,16,1,19,0,0,1,1,1,1785486420
2026-07-31T08:45:21Z,109,8,0,15,0,0,1,1,1,1785487435
2026-07-31T08:45:21Z,110,14,2,9,0,0,1,1,1,1785482478
2026-07-31T08:45:21Z,111,0,0,36,0,0,1,1,1,1785479678
2026-07-31T08:45:21Z,112,5,0,9,1,0,1,1,1,1785486691
2026-07-31T08:45:21Z,113,4,0,12,3,0,1,1,1,1785487273
2026-07-31T08:45:21Z,114,6,6,23,1,1,1,1,1,1785487346
2026-07-31T08:45:21Z,115,3,1,23,2,0,1,1,1,1785479033
2026-07-31T08:45:21Z,116,3,3,23,1,0,1,1,1,1785484951
2026-07-31T08:45:21Z,118,20,9,0,3,0,1,1,1,1785486382
2026-07-31T08:45:21Z,119,33,2,1,4,0,1,1,1,1785486691
2026-07-31T08:45:21Z,120,24,1,2,1,0,1,1,1,1785487294
2026-07-31T08:45:21Z,121,6,2,12,0,1,1,1,1,1785487377
2026-07-31T08:45:21Z,122,13,0,7,1,0,1,1,1,1785482278
2026-07-31T08:45:21Z,123,8,1,39,0,0,1,1,1,1785485188
2026-07-31T08:45:21Z,124,32,1,3,0,0,1,1,1,1785486746
2026-07-31T08:45:21Z,125,7,2,16,0,0,1,1,1,1785486991
2026-07-31T08:45:21Z,126,25,2,6,0,0,1,1,1,1785486691
2026-07-31T08:45:21Z,127,8,0,25,2,0,1,1,1,1785487446
2026-07-31T08:45:21Z,128,2,1,17,0,0,1,1,1,1785484800
2026-07-31T08:45:21Z,129,17,1,0,2,0,1,1,1,1785486089
2026-07-31T08:45:21Z,130,5,0,12,0,0,1,1,1,1785484887
2026-07-31T08:45:21Z,131,7,2,2,2,0,1,1,1,1785486164
2026-07-31T08:45:21Z,132,12,5,2,0,1,1,1,1,1785486336
2026-07-31T08:45:21Z,134,5,0,13,5,0,1,1,1,1785487475
2026-07-31T08:45:21Z,135,6,2,12,1,0,1,1,1,1785487294
2026-07-31T08:45:21Z,136,6,0,9,1,7,1,1,1,1785487505
2026-07-31T08:45:21Z,137,6,1,13,0,0,1,1,1,1785486296
2026-07-31T08:45:21Z,138,35,2,2,0,0,1,1,1,1785487419
2026-07-31T08:45:21Z,139,19,5,0,0,0,1,1,1,1785485188
2026-07-31T08:45:21Z,140,15,8,6,2,0,1,1,1,1785487509
2026-07-31T08:45:21Z,141,31,1,5,0,0,1,1,1,1785485909
2026-07-31T08:45:21Z,142,22,1,1,0,0,1,1,1,1785485789
2026-07-31T08:45:21Z,143,13,3,17,1,0,1,1,1,1785482659
2026-07-31T08:45:21Z,144,23,1,4,0,0,1,1,1,1785486390
2026-07-31T08:45:21Z,146,8,1,14,1,0,1,1,1,1785486463
2026-07-31T08:45:21Z,147,10,2,7,2,0,1,1,1,1785487418
2026-07-31T08:45:21Z,148,23,0,3,0,1,1,1,1,1785487398
2026-07-31T08:45:21Z,149,15,4,11,1,0,1,1,1,1785486737
2026-07-31T08:45:21Z,150,31,7,2,2,0,1,1,1,1785487328
2026-07-31T08:45:21Z,151,22,7,1,0,0,1,1,1,1785485600
2026-07-31T08:45:21Z,152,19,0,4,4,0,1,1,1,1785487332
2026-07-31T08:45:21Z,153,12,1,13,6,0,1,1,1,1785487484
2026-07-31T08:45:21Z,154,15,4,5,3,0,1,1,1,1785487319
2026-07-31T08:45:21Z,155,13,4,0,1,0,1,1,1,1785487451
2026-07-31T08:45:21Z,156,16,1,3,0,0,1,1,1,1785485944
2026-07-31T08:45:21Z,157,15,0,10,2,0,1,1,1,1785487471
2026-07-31T08:45:21Z,158,16,2,0,0,0,1,1,1,1785471342
2026-07-31T08:45:21Z,159,5,2,14,0,0,1,1,1,1785486610
2026-07-31T08:45:21Z,160,19,1,0,0,0,1,1,1,1785475906
2026-07-31T08:45:21Z,161,15,1,7,0,0,1,1,1,1785486490
2026-07-31T08:45:21Z,162,14,3,12,1,0,1,1,1,1785484887
2026-07-31T08:45:21Z,163,29,2,2,0,0,1,1,1,1785486691
2026-07-31T08:45:21Z,164,25,7,2,0,0,1,1,1,1785486691
2026-07-31T08:45:21Z,165,23,11,7,1,0,1,1,1,1785486690
2026-07-31T08:45:21Z,166,31,7,3,5,0,1,1,1,1785487510
2026-07-31T08:45:21Z,167,21,10,0,2,0,1,1,1,1785484888
2026-07-31T08:45:21Z,168,21,0,5,1,0,1,1,1,1785487434
2026-07-31T08:45:21Z,169,1,0,21,0,1,1,1,1,1785487293
2026-07-31T08:45:21Z,170,18,5,0,1,0,1,1,1,1785485188
2026-07-31T08:45:21Z,171,10,3,1,2,0,1,1,1,1785487319
2026-07-31T08:45:21Z,173,36,0,3,0,0,1,1,1,1785486839
2026-07-31T08:45:21Z,174,22,1,2,2,0,1,1,1,1785482500
2026-07-31T08:45:21Z,175,7,0,24,0,0,1,1,1,1785487001
2026-07-31T08:45:21Z,176,2,1,12,0,1,1,1,1,1785487016
2026-07-31T08:45:21Z,177,21,1,6,0,0,1,1,1,1785487415
2026-07-31T08:45:21Z,178,2,0,10,2,1,1,1,1,1785487510
2026-07-31T08:45:21Z,179,11,1,3,1,0,1,1,1,1785486089
2026-07-31T08:45:21Z,180,27,0,3,0,0,1,1,1,1785468302
2026-07-31T08:45:21Z,181,14,1,0,1,0,1,1,1,1785485328
2026-07-31T08:45:21Z,182,17,2,0,0,0,1,1,1,1785487123
2026-07-31T08:45:21Z,183,16,0,7,0,0,1,1,1,1785487105
2026-07-31T08:45:21Z,184,1,1,21,1,0,1,1,1,1785485380
2026-07-31T08:45:21Z,185,12,1,0,2,1,1,1,1,1785484888
2026-07-31T08:45:21Z,186,4,1,15,0,0,1,1,1,1785487309
2026-07-31T08:45:21Z,187,8,0,19,1,0,1,1,1,1785484757
2026-07-31T08:45:21Z,188,12,0,7,8,0,1,1,1,1785487404
2026-07-31T08:45:21Z,189,15,4,0,0,0,1,1,1,1785479966
2026-07-31T08:45:21Z,190,5,2,18,0,0,1,1,1,1785486331
2026-07-31T08:45:21Z,191,2,1,37,0,0,1,1,1,1785486690
2026-07-31T08:45:21Z,192,12,4,16,3,0,1,1,1,1785486089
2026-07-31T08:45:21Z,193,0,0,15,0,0,1,1,1,1785484480
2026-07-31T08:45:21Z,194,17,1,9,1,0,1,1,1,1785486691
2026-07-31T08:45:21Z,195,13,1,4,2,0,1,1,1,1785484402
2026-07-31T08:45:21Z,196,24,1,0,3,0,1,1,1,1785487297
2026-07-31T08:45:21Z,197,17,3,0,1,1,1,1,1,1785487492
2026-07-31T08:45:21Z,198,21,16,2,0,0,1,1,1,1785484887
2026-07-31T08:45:21Z,199,7,5,5,3,0,1,1,1,1785483728
2026-07-31T08:45:21Z,200,15,0,10,1,0,1,1,1,1785486390
2026-07-31T08:45:21Z,201,8,3,15,0,0,1,1,1,1785482886
2026-07-31T08:45:21Z,202,0,0,27,0,0,1,1,1,1785486691
2026-07-31T08:45:21Z,203,26,3,4,1,0,1,1,1,1785487252
2026-07-31T08:45:21Z,204,31,1,3,1,0,1,1,1,1785485488
2026-07-31T08:45:21Z,205,12,1,15,0,0,1,1,1,1785482737
2026-07-31T08:45:21Z,206,1,1,13,1,0,1,1,1,1785486448
2026-07-31T08:45:21Z,207,14,0,7,0,0,1,1,1,1785481979
2026-07-31T08:45:21Z,208,2,0,27,0,0,1,1,1,1785486390
2026-07-31T08:45:21Z,209,9,0,20,2,0,1,1,1,1785487402
2026-07-31T08:45:21Z,210,23,2,4,0,0,1,1,1,1785485488
2026-07-31T08:45:21Z,211,15,6,7,1,0,1,1,1,1785487008
2026-07-31T08:45:21Z,212,25,0,9,1,0,1,1,1,1785487232
2026-07-31T08:45:21Z,213,12,1,9,2,0,1,1,1,1785486018
2026-07-31T08:45:21Z,214,29,1,14,4,0,1,1,1,1785487418
2026-07-31T08:45:21Z,215,6,1,16,1,0,1,1,1,1785486390
2026-07-31T08:45:21Z,216,9,0,9,1,0,1,1,1,1785486978
2026-07-31T08:45:21Z,217,9,0,19,1,0,1,1,1,1785487394
2026-07-31T08:45:21Z,218,20,4,17,2,0,1,1,1,1785487277
2026-07-31T08:45:21Z,219,0,0,25,1,0,1,1,1,1785478263
2026-07-31T08:45:21Z,220,24,7,17,1,1,1,1,1,1785484887
2026-07-31T08:45:21Z,221,13,8,1,1,0,1,1,1,1785483976
2026-07-31T08:45:21Z,222,16,12,2,1,0,1,1,1,1785485037
2026-07-31T08:45:21Z,223,8,3,24,3,0,1,1,1,1785487419
2026-07-31T08:45:21Z,224,6,5,15,1,0,1,1,1,1785485711
2026-07-31T08:45:21Z,225,10,0,3,6,0,1,1,1,1785487206
2026-07-31T08:45:21Z,226,30,10,1,0,0,1,1,1,1785486691
2026-07-31T08:45:21Z,227,19,13,7,0,1,1,1,1,1785485181
2026-07-31T08:45:21Z,228,1,0,17,1,0,1,1,1,1785484888
2026-07-31T08:45:21Z,230,16,9,10,0,0,1,1,1,1785486691
2026-07-31T08:45:21Z,232,13,6,3,1,0,1,1,1,1785486390
2026-07-31T08:45:21Z,233,19,0,10,2,0,1,1,1,1785487026
2026-07-31T08:45:21Z,234,8,3,6,3,2,1,1,1,1785483414
2026-07-31T08:45:21Z,236,14,3,5,0,0,1,1,1,1785486991
2026-07-31T08:45:21Z,237,22,4,0,1,0,1,1,1,1785486390
2026-07-31T08:45:21Z,239,23,18,1,3,0,1,1,1,1785486691
2026-07-31T08:45:21Z,241,19,6,4,0,0,1,1,1,1785485005
2026-07-31T08:45:21Z,242,1,1,21,1,0,1,1,1,1785484715
2026-07-31T08:45:21Z,243,11,0,19,1,0,1,1,1,1785484434
2026-07-31T08:45:21Z,244,12,1,14,1,0,1,1,1,1785485897
2026-07-31T08:45:21Z,245,3,3,20,0,0,1,1,1,1785487358
2026-07-31T08:45:21Z,246,13,0,10,0,0,1,1,1,1785486470
2026-07-31T08:45:21Z,247,12,10,10,1,0,1,1,1,1785486381
2026-07-31T08:45:21Z,248,18,4,2,3,0,1,1,1,1785486690
2026-07-31T08:45:21Z,249,1,0,18,0,0,1,1,1,1785483971
2026-07-31T08:45:21Z,250,23,5,4,0,0,1,1,1,1785487497
2026-07-31T08:45:21Z,251,22,5,2,3,0,1,1,1,1785486991
2026-07-31T08:45:21Z,253,7,4,11,1,0,1,1,1,1785486537
2026-07-31T08:45:21Z,254,26,21,16,1,0,1,1,1,1785485789
2026-07-31T08:45:21Z,255,5,0,17,0,1,1,1,1,1785487243
2026-07-31T08:45:21Z,256,10,5,11,2,0,1,1,1,1785485834
2026-07-31T08:45:21Z,257,14,6,4,1,0,1,1,1,1785486690
2026-07-31T08:45:21Z,258,1,0,18,0,0,1,1,1,1785482036
2026-07-31T08:45:21Z,259,20,3,2,1,0,1,1,1,1785487113
2026-07-31T08:45:21Z,260,14,4,2,3,0,1,1,1,1785486424
2026-07-31T08:45:21Z,261,16,0,1,1,1,1,1,1,1785484888
2026-07-31T08:45:21Z,262,20,11,3,0,0,1,1,1,1785486882
2026-07-31T08:45:21Z,263,14,3,1,0,0,1,1,1,1785486991
2026-07-31T08:45:21Z,264,18,6,0,1,0,1,1,1,1785474915
2026-07-31T08:45:21Z,265,15,1,0,0,0,1,1,1,1785473819
2026-07-31T08:45:21Z,266,17,8,0,2,0,1,1,1,1785487292
2026-07-31T08:45:21Z,267,7,3,6,2,0,1,1,1,1785484888
2026-07-31T08:45:21Z,268,23,9,0,0,0,1,1,1,1785484887
2026-07-31T08:45:21Z,269,9,3,13,1,0,1,1,1,1785484888
2026-07-31T08:45:21Z,270,25,3,2,0,0,1,1,1,1785485188
2026-07-31T08:45:21Z,271,0,0,17,2,0,1,1,1,1785486991
2026-07-31T08:45:21Z,272,13,13,9,1,0,1,1,1,1785486390
2026-07-31T08:45:21Z,273,14,5,1,0,0,1,1,1,1785484888
2026-07-31T08:45:21Z,274,18,8,0,1,0,1,1,1,1785472651
2026-07-31T08:45:21Z,275,13,0,6,2,2,1,1,1,1785487413
2026-07-31T08:45:21Z,276,1,0,26,0,0,1,1,1,1785486991
2026-07-31T08:45:21Z,277,12,1,6,5,0,1,1,1,1785485546
2026-07-31T08:45:21Z,278,21,0,7,2,1,1,1,1,1785486390
2026-07-31T08:45:21Z,279,17,0,2,0,0,1,1,1,1785487347
2026-07-31T08:45:21Z,280,11,1,18,2,0,1,1,1,1785487236
2026-07-31T08:45:21Z,281,19,0,0,0,0,1,1,1,1785486089
2026-07-31T08:45:21Z,282,5,2,13,0,0,1,1,1,1785484887
2026-07-31T08:45:21Z,283,34,1,1,0,0,1,1,1,1785486992
2026-07-31T08:45:21Z,284,19,5,14,2,0,1,1,1,1785486390
2026-07-31T08:45:21Z,285,8,7,15,0,0,1,1,1,1785485188
2026-07-31T08:45:21Z,286,16,14,2,5,0,1,1,1,1785486390
2026-07-31T08:45:21Z,287,13,4,7,3,0,1,1,1,1785484887
2026-07-31T08:45:21Z,288,14,10,5,0,0,1,1,1,1785486991
2026-07-31T08:45:21Z,289,24,3,0,3,0,1,1,1,1785486743
2026-07-31T08:45:21Z,290,7,0,31,1,0,1,1,1,1785486991
2026-07-31T08:45:21Z,291,10,2,11,2,0,1,1,1,1785486380
2026-07-31T08:45:21Z,292,22,0,1,0,0,1,1,1,1785485789
2026-07-31T08:45:21Z,293,17,10,6,0,0,1,1,1,1785486991
2026-07-31T08:45:21Z,294,0,0,21,1,0,1,1,1,1785486991
2026-07-31T08:45:21Z,297,10,1,6,2,1,1,1,1,1785485188
2026-07-31T08:45:21Z,301,17,1,2,0,0,1,1,1,1785486691
2026-07-31T08:45:21Z,302,0,0,23,0,0,1,1,1,1785486991
2026-07-31T08:45:21Z,303,19,0,0,0,0,1,1,1,1785485188
2026-07-31T08:45:21Z,304,0,0,0,0,0,0,1,1,86400
2026-07-31T08:45:21Z,305,19,0,0,0,0,1,1,1,1785485188
2026-07-31T08:45:21Z,306,2,0,29,1,0,1,1,1,1785485188
2026-07-31T08:45:21Z,307,17,1,4,1,1,1,1,1,1785487359
2026-07-31T08:45:21Z,308,14,0,3,2,0,1,1,1,1785485188
2026-07-31T08:45:21Z,309,12,3,1,1,0,1,1,1,1785486401
2026-07-31T08:45:21Z,311,15,0,0,0,0,1,1,1,1785486992
2026-07-31T08:45:21Z,312,6,3,12,4,1,1,1,1,1785487368
2026-07-31T08:45:21Z,313,3,1,12,0,0,1,1,1,1785486991
2026-07-31T08:45:21Z,314,4,3,11,3,0,1,1,1,1785486991
2026-07-31T08:45:21Z,315,23,6,5,3,0,1,1,1,1785486691
2026-07-31T08:45:21Z,316,4,1,21,5,1,1,1,1,1785487277
2026-07-31T08:45:21Z,317,0,0,30,0,1,1,1,1,1785487292
2026-07-31T08:45:21Z,318,16,0,3,0,0,1,1,1,1785486991
2026-07-31T08:45:21Z,319,17,3,5,1,0,1,1,1,1785487347
2026-07-31T08:45:21Z,320,18,5,0,1,0,1,1,1,1785487292
2026-07-31T08:45:21Z,321,8,1,7,4,0,1,1,1,1785487156
2026-07-31T08:45:21Z,322,5,1,23,1,0,1,1,1,1785484798
2026-07-31T08:45:21Z,323,8,0,11,0,0,1,1,1,1785487292
2026-07-31T08:45:21Z,324,7,2,19,1,0,1,1,1,1785487507
2026-07-31T08:45:21Z,325,4,3,21,2,0,1,1,1,1785484701
2026-07-31T08:45:21Z,327,25,0,1,1,0,1,1,1,1785485570
2026-07-31T08:45:21Z,328,20,0,1,1,0,1,1,1,1785484794
2026-07-31T08:45:21Z,329,17,0,0,2,0,1,1,1,1785487492
2026-07-31T08:45:21Z,330,3,0,19,0,0,1,1,1,1785485188
2026-07-31T08:45:21Z,331,11,3,11,1,0,1,1,1,1785486473
2026-07-31T08:45:21Z,332,10,3,7,2,0,1,1,1,1785487292
2026-07-31T08:45:21Z,333,2,1,20,1,0,1,1,1,1785485924
2026-07-31T08:45:21Z,334,10,8,13,0,0,1,1,1,1785487292
2026-07-31T08:45:21Z,335,3,2,18,1,1,1,1,1,1785487292
2026-07-31T08:45:21Z,336,18,2,1,0,0,1,1,1,1785487293
2026-07-31T08:45:21Z,337,17,3,1,5,0,1,1,1,1785487223
2026-07-31T08:45:21Z,338,17,8,2,0,0,1,1,1,1785487389
2026-07-31T08:45:21Z,339,18,10,4,1,0,1,1,1,1785487293
2026-07-31T08:45:21Z,340,13,11,1,1,0,1,1,1,1785487293
2026-07-31T08:45:21Z,341,11,4,8,0,0,1,1,1,1785487352
2026-07-31T08:45:21Z,342,13,7,0,2,0,1,1,1,1785487292
2026-07-31T08:45:21Z,343,20,1,2,1,0,1,1,1,1785480772
2026-07-31T08:45:21Z,344,22,8,1,0,0,1,1,1,1785486789
2026-07-31T08:45:21Z,345,19,3,0,0,0,1,1,1,1785487292
2026-07-31T08:45:21Z,346,8,6,15,0,0,1,1,1,1785486132
2026-07-31T08:45:21Z,347,0,0,42,2,0,1,1,1,1785487506
2026-07-31T08:45:21Z,348,21,3,0,1,1,1,1,1,1785487479
2026-07-31T08:45:21Z,349,6,1,13,0,0,1,1,1,1785487293
2026-07-31T08:45:21Z,350,24,3,1,1,1,1,1,1,1785487293
2026-07-31T08:45:21Z,351,20,3,0,3,0,1,1,1,1785487469
2026-07-31T08:45:21Z,355,23,1,0,0,0,1,1,1,1785487293
2026-07-31T08:45:21Z,356,18,2,1,0,0,1,1,1,1785487013
2026-07-31T08:45:21Z,357,13,4,6,0,0,1,1,1,1785485188
2026-07-31T08:45:21Z,358,24,4,2,1,0,1,1,1,1785483982
2026-07-31T08:45:21Z,359,22,0,5,0,0,1,1,1,1785482858
2026-07-31T08:45:21Z,360,16,4,1,2,0,1,1,1,1785486258
2026-07-31T08:45:21Z,362,17,5,0,2,0,1,1,1,1785487292
2026-07-31T08:45:21Z,363,0,0,27,0,0,1,1,1,1785483419
2026-07-31T08:45:21Z,364,19,3,0,0,0,1,1,1,1785483692
2026-07-31T08:45:21Z,365,17,5,3,3,0,1,1,1,1785487087
2026-07-31T08:45:21Z,366,15,8,1,7,0,1,1,1,1785487508
2026-07-31T08:45:21Z,367,16,9,1,2,0,1,1,1,1785487292
2026-07-31T08:45:21Z,368,20,3,1,2,0,1,1,1,1785486991
2026-07-31T08:45:21Z,370,15,8,12,0,0,1,1,1,1785486947
2026-07-31T08:45:21Z,371,4,2,14,1,0,1,1,1,1785484735
2026-07-31T08:45:21Z,372,8,2,7,0,0,1,1,1,1785482153
2026-07-31T08:45:21Z,373,24,8,3,0,0,1,1,1,1785486433
2026-07-31T08:45:21Z,374,17,7,0,2,0,1,1,1,1785487200
2026-07-31T08:45:21Z,375,20,5,4,3,0,1,1,1,1785487419
2026-07-31T08:45:21Z,376,29,3,4,6,0,1,1,1,1785487252
2026-07-31T08:45:21Z,377,25,9,2,0,0,1,1,1,1785486573
2026-07-31T08:45:21Z,378,22,5,0,1,1,1,1,1,1785487429
2026-07-31T08:45:21Z,379,14,0,13,0,0,1,1,1,1785486139
2026-07-31T08:45:21Z,380,21,7,1,1,0,1,1,1,1785486117
2026-07-31T08:45:21Z,381,13,0,10,0,0,1,1,1,1785486771
2026-07-31T08:45:21Z,383,12,0,1,2,0,1,1,1,1785487391
2026-07-31T08:45:21Z,384,26,1,0,1,0,1,1,1,1785479554
2026-07-31T08:45:21Z,385,14,2,2,2,0,1,1,1,1785487056
2026-07-31T08:45:21Z,387,21,2,2,0,0,1,1,1,1785486411
2026-07-31T08:45:21Z,388,16,3,33,0,0,1,1,1,1785485188
2026-07-31T08:45:21Z,389,9,8,6,0,0,1,1,1,1785487293
2026-07-31T08:45:21Z,390,19,1,16,0,0,1,1,1,1785487509
2026-07-31T08:45:21Z,391,4,0,10,1,0,1,1,1,1785487292
2026-07-31T08:45:21Z,392,3,3,15,1,0,1,1,1,1785487380
2026-07-31T08:45:21Z,393,3,3,5,3,0,1,1,1,1785487292
2026-07-31T08:45:21Z,394,9,6,2,2,0,1,1,1,1785481308
2026-07-31T08:45:21Z,396,7,7,32,3,0,1,1,1,1785483097
2026-07-31T08:45:21Z,397,4,4,27,0,0,1,1,1,1785479502
2026-07-31T08:45:21Z,399,13,2,2,2,0,1,1,1,1785483706
2026-07-31T08:45:21Z,400,11,6,9,3,0,1,1,1,1785487449
2026-07-31T08:45:21Z,401,9,0,22,8,0,1,1,1,1785487384
2026-07-31T08:45:21Z,403,4,0,25,2,0,1,1,1,1785487498
2026-07-31T08:45:21Z,404,2,1,20,1,0,1,1,1,1785486690
2026-07-31T08:45:21Z,406,2,0,32,1,0,1,1,1,1785486993
2026-07-31T08:45:21Z,407,16,3,17,1,0,1,1,1,1785484887
2026-07-31T08:45:21Z,408,12,2,20,1,0,1,1,1,1785480622
2026-07-31T08:45:21Z,409,0,0,20,3,0,1,1,1,1785474552
2026-07-31T08:45:21Z,413,21,5,0,2,0,1,1,1,1785487092
2026-07-31T08:45:21Z,414,13,4,1,1,0,1,1,1,1785485488
2026-07-31T08:45:21Z,417,11,7,8,0,0,1,1,1,1785478784
2026-07-31T08:45:21Z,418,1,0,13,1,0,1,1,1,1785476979
2026-07-31T08:45:21Z,419,10,0,12,1,0,1,1,1,1785476705
2026-07-31T08:45:21Z,421,1,0,18,0,0,1,1,1,1785475529
2026-07-31T08:45:21Z,422,3,3,24,0,0,1,1,1,1785484728
2026-07-31T08:45:21Z,423,6,1,17,0,0,1,1,1,1785477801
2026-07-31T08:45:21Z,424,2,1,10,3,0,1,1,1,1785487343
2026-07-31T08:45:21Z,425,20,0,1,0,1,1,1,1,1785485489
2026-07-31T08:45:21Z,426,0,0,35,2,0,1,1,1,1785483994
2026-07-31T08:45:21Z,427,14,1,0,2,0,1,1,1,1785487493
2026-07-31T08:45:21Z,428,14,1,4,1,0,1,1,1,1785485758
2026-07-31T08:45:21Z,429,1,0,20,2,0,1,1,1,1785486940
2026-07-31T08:45:21Z,430,28,0,0,3,0,1,1,1,1785485488
2026-07-31T08:45:21Z,431,14,0,18,1,0,1,1,1,1785477264
2026-07-31T08:45:21Z,432,19,0,10,2,0,1,1,1,1785484695
2026-07-31T08:45:21Z,433,19,6,3,1,0,1,1,1,1785477238
2026-07-31T08:45:21Z,437,3,1,15,1,0,1,1,1,1785486178
2026-07-31T08:45:21Z,438,17,0,1,1,0,1,1,1,1785487353
2026-07-31T08:45:21Z,439,5,0,10,0,0,1,1,1,1785472574
2026-07-31T08:45:21Z,440,13,1,0,2,0,1,1,1,1785485156
2026-07-31T08:45:21Z,441,10,2,4,1,0,1,1,1,1785485488
2026-07-31T08:45:21Z,442,17,9,1,1,0,1,1,1,1785481675
2026-07-31T08:45:21Z,443,4,2,23,0,0,1,1,1,1785485488
2026-07-31T08:45:21Z,444,2,2,21,0,0,1,1,1,1785485488
2026-07-31T08:45:21Z,445,7,2,15,1,0,1,1,1,1785487263
2026-07-31T08:45:21Z,446,1,1,21,1,0,1,1,1,1785470328
2026-07-31T08:45:21Z,447,3,0,18,1,1,1,1,1,1785485488
2026-07-31T08:45:21Z,448,9,4,5,1,0,1,1,1,1785484738
2026-07-31T08:45:21Z,452,7,6,11,1,0,1,1,1,1785485488
2026-07-31T08:45:21Z,453,7,5,7,1,0,1,1,1,1785486105
2026-07-31T08:45:21Z,454,9,0,10,0,0,1,1,1,1785484271
2026-07-31T08:45:21Z,455,0,0,39,0,0,1,1,1,1785483866
2026-07-31T08:45:21Z,456,9,0,10,1,0,1,1,1,1785487510
2026-07-31T08:45:21Z,457,25,2,0,2,0,1,1,1,1785481257
2026-07-31T08:45:21Z,458,15,6,8,0,0,1,1,1,1785487229
2026-07-31T08:45:21Z,459,15,0,0,0,0,1,1,1,1785485789
2026-07-31T08:45:21Z,460,20,2,2,1,0,1,1,1,1785484847
2026-07-31T08:45:21Z,461,6,1,13,0,0,1,1,1,1785485789
2026-07-31T08:45:21Z,462,9,0,12,0,0,1,1,1,1785486367
2026-07-31T08:45:21Z,463,13,1,6,0,0,1,1,1,1785475514
2026-07-31T08:45:21Z,464,3,1,11,0,0,1,1,1,1785485789
2026-07-31T08:45:21Z,465,0,0,14,1,0,1,1,1,1785485789
2026-07-31T08:45:21Z,466,11,3,2,2,0,1,1,1,1785485789
2026-07-31T08:45:21Z,467,5,1,13,1,0,1,1,1,1785471818
2026-07-31T08:45:21Z,468,17,1,1,1,0,1,1,1,1785485789
2026-07-31T08:45:21Z,469,2,1,21,0,0,1,1,1,1785473803
2026-07-31T08:45:21Z,470,13,1,0,2,0,1,1,1,1785487349
2026-07-31T08:45:21Z,471,22,2,5,0,0,1,1,1,1785486657
2026-07-31T08:45:21Z,472,18,6,0,1,0,1,1,1,1785487318
2026-07-31T08:45:21Z,473,19,5,0,0,0,1,1,1,1785485789
2026-07-31T08:45:21Z,474,18,0,1,0,0,1,1,1,1785485789
2026-07-31T08:45:21Z,475,3,0,15,1,0,1,1,1,1785485789
2026-07-31T08:45:21Z,477,11,8,3,1,0,1,1,1,1785486182
2026-07-31T08:45:21Z,478,6,0,24,1,0,1,1,1,1785485789
2026-07-31T08:45:21Z,479,1,1,24,2,0,1,1,1,1785487379
2026-07-31T08:45:21Z,480,2,0,10,3,0,1,1,1,1785485789
2026-07-31T08:45:21Z,481,26,1,8,1,0,1,1,1,1785487396
2026-07-31T08:45:21Z,482,18,6,1,0,0,1,1,1,1785484337
2026-07-31T08:45:21Z,483,1,0,24,2,0,1,1,1,1785487299
2026-07-31T08:45:21Z,484,9,2,9,1,0,1,1,1,1785487236
2026-07-31T08:45:21Z,485,16,6,1,1,1,1,1,1,1785487369
2026-07-31T08:45:21Z,486,25,6,0,2,0,1,1,1,1785487348
2026-07-31T08:45:21Z,487,7,4,11,1,0,1,1,1,1785486902
2026-07-31T08:45:21Z,489,13,6,2,0,0,1,1,1,1785487212
2026-07-31T08:45:21Z,490,2,1,14,0,0,1,1,1,1785486473
2026-07-31T08:45:21Z,491,4,1,17,0,0,1,1,1,1785486090
2026-07-31T08:45:21Z,492,5,3,2,4,0,1,1,1,1785487507
2026-07-31T08:45:21Z,493,0,0,26,1,0,1,1,1,1785478572
2026-07-31T08:45:21Z,495,10,0,2,3,0,1,1,1,1785485719
2026-07-31T08:45:21Z,496,27,1,0,0,0,1,1,1,1785486089
2026-07-31T08:45:21Z,497,17,0,1,1,0,1,1,1,1785473754
2026-07-31T08:45:21Z,498,22,3,0,1,0,1,1,1,1785486119
2026-07-31T08:45:21Z,499,18,2,1,0,0,1,1,1,1785482441
2026-07-31T08:45:21Z,500,8,4,1,6,0,1,1,1,1785487503
2026-07-31T08:45:21Z,501,10,4,11,0,0,1,1,1,1785487422
2026-07-31T08:45:21Z,502,6,0,13,0,0,1,1,1,1785486089
2026-07-31T08:45:21Z,503,26,0,4,1,0,1,1,1,1785482589
2026-07-31T08:45:21Z,504,0,0,39,0,0,1,1,1,1785486562
2026-07-31T08:45:21Z,505,11,2,0,1,0,1,1,1,1785486090
2026-07-31T08:45:21Z,511,2,1,21,0,0,1,1,1,1785486354
2026-07-31T08:45:21Z,512,7,0,20,0,0,1,1,1,1785480589
2026-07-31T08:45:21Z,514,10,0,0,1,0,1,1,1,1785486089
2026-07-31T08:45:21Z,515,2,0,17,0,0,1,1,1,1785475097
2026-07-31T08:45:21Z,516,0,0,27,0,0,1,1,1,1785484039
2026-07-31T08:45:21Z,517,14,3,8,1,0,1,1,1,1785486090
2026-07-31T08:45:21Z,518,14,1,0,1,0,1,1,1,1785486390
2026-07-31T08:45:21Z,519,4,0,13,2,0,1,1,1,1785487431
2026-07-31T08:45:21Z,520,11,7,10,5,1,1,1,1,1785487509
2026-07-31T08:45:21Z,521,18,5,5,0,0,1,1,1,1785485835
2026-07-31T08:45:21Z,522,0,0,22,1,0,1,1,1,1785486390
2026-07-31T08:45:21Z,523,6,3,16,1,0,1,1,1,1785481269
2026-07-31T08:45:21Z,524,1,0,22,0,0,1,1,1,1785486695
2026-07-31T08:45:21Z,525,9,0,10,0,0,1,1,1,1785484441
2026-07-31T08:45:21Z,526,13,1,0,2,0,1,1,1,1785486390
2026-07-31T08:45:21Z,527,6,4,17,3,0,1,1,1,1785487409
2026-07-31T08:45:21Z,528,21,2,1,1,0,1,1,1,1785486390
2026-07-31T08:45:21Z,529,6,3,7,6,0,1,1,1,1785487506
2026-07-31T08:45:21Z,530,16,1,3,2,0,1,1,1,1785482854
2026-07-31T08:45:21Z,531,21,1,0,1,1,1,1,1,1785485732
2026-07-31T08:45:21Z,532,3,3,26,1,1,1,1,1,1785481447
2026-07-31T08:45:21Z,533,8,1,9,2,0,1,1,1,1785486390
2026-07-31T08:45:21Z,534,16,2,7,0,0,1,1,1,1785486465
2026-07-31T08:45:21Z,535,2,0,13,0,0,1,1,1,1785486390
2026-07-31T08:45:21Z,536,1,0,22,0,0,1,1,1,1785485983
2026-07-31T08:45:21Z,537,0,0,20,0,0,1,1,1,1785482824
2026-07-31T08:45:21Z,538,21,8,0,0,2,1,1,1,1785487470
2026-07-31T08:45:21Z,539,4,4,27,0,0,1,1,1,1785470894
2026-07-31T08:45:21Z,540,2,1,17,0,0,1,1,1,1785486391
2026-07-31T08:45:21Z,541,26,2,0,1,0,1,1,1,1785486390
2026-07-31T08:45:21Z,542,2,2,21,0,0,1,1,1,1785486390
2026-07-31T08:45:21Z,543,17,2,1,1,0,1,1,1,1785477292
2026-07-31T08:45:21Z,544,14,1,4,4,0,1,1,1,1785486390
2026-07-31T08:45:21Z,545,0,0,17,2,0,1,1,1,1785486390
2026-07-31T08:45:21Z,546,15,7,4,0,0,1,1,1,1785487438
2026-07-31T08:45:21Z,547,19,0,6,0,0,1,1,1,1785484975
2026-07-31T08:45:21Z,548,14,1,9,0,0,1,1,1,1785486390
2026-07-31T08:45:21Z,549,20,0,3,0,0,1,1,1,1785486390
2026-07-31T08:45:21Z,550,17,2,2,0,0,1,1,1,1785486390
2026-07-31T08:45:21Z,551,16,4,7,0,0,1,1,1,1785486390
2026-07-31T08:45:21Z,552,27,3,0,0,0,1,1,1,1785486390
2026-07-31T08:45:21Z,553,20,4,0,2,1,1,1,1,1785486587
2026-07-31T08:45:21Z,554,1,1,18,0,0,1,1,1,1785486691
2026-07-31T08:45:21Z,555,14,6,0,1,0,1,1,1,1785473227
2026-07-31T08:45:21Z,556,21,4,0,2,0,1,1,1,1785487209
2026-07-31T08:45:21Z,557,6,4,12,5,0,1,1,1,1785481664
2026-07-31T08:45:21Z,558,27,4,10,0,0,1,1,1,1785482878
2026-07-31T08:45:21Z,559,0,0,18,1,0,1,1,1,1785486390
2026-07-31T08:45:21Z,560,8,0,19,0,0,1,1,1,1785481488
2026-07-31T08:45:21Z,561,13,1,9,1,0,1,1,1,1785486390
2026-07-31T08:45:21Z,562,3,0,29,3,0,1,1,1,1785486691
2026-07-31T08:45:21Z,563,11,1,3,0,0,1,1,1,1785482241
2026-07-31T08:45:21Z,564,12,0,6,1,0,1,1,1,1785482523
2026-07-31T08:45:21Z,565,6,2,13,0,0,1,1,1,1785482411
2026-07-31T08:45:21Z,566,16,0,2,1,0,1,1,1,1785487316
2026-07-31T08:45:21Z,567,25,1,1,1,0,1,1,1,1785485492
2026-07-31T08:45:21Z,568,13,0,5,1,0,1,1,1,1785483409
2026-07-31T08:45:21Z,569,17,3,2,0,0,1,1,1,1785486691
2026-07-31T08:45:21Z,570,13,1,6,0,0,1,1,1,1785486691
2026-07-31T08:45:21Z,571,0,0,23,0,0,1,1,1,1785486691
2026-07-31T08:45:21Z,572,16,5,2,1,0,1,1,1,1785487407
2026-07-31T08:45:21Z,573,13,0,2,0,0,1,1,1,1785486691
2026-07-31T08:45:21Z,574,10,3,5,0,0,1,1,1,1785487243
2026-07-31T08:45:21Z,575,5,0,15,1,0,1,1,1,1785486513
2026-07-31T08:45:21Z,576,3,0,14,2,0,1,1,1,1785484547
2026-07-31T08:45:21Z,577,13,0,18,0,0,1,1,1,1785484139
2026-07-31T08:45:21Z,578,15,10,7,1,0,1,1,1,1785486996
2026-07-31T08:45:21Z,579,4,0,39,0,0,1,1,1,1785482722
2026-07-31T08:45:21Z,580,4,0,25,0,0,1,1,1,1785486691
2026-07-31T08:45:21Z,581,19,3,0,0,0,1,1,1,1785486691
2026-07-31T08:45:21Z,582,22,0,38,1,0,1,1,1,1785487353
2026-07-31T08:45:21Z,583,23,1,0,0,0,1,1,1,1785486691
2026-07-31T08:45:21Z,584,9,4,6,4,0,1,1,1,1785475747
2026-07-31T08:45:21Z,585,16,3,10,0,1,1,1,1,1785486481
2026-07-31T08:45:21Z,586,13,0,22,0,0,1,1,1,1785486958
2026-07-31T08:45:21Z,587,20,0,3,1,0,1,1,1,1785487003
2026-07-31T08:45:21Z,588,11,3,5,3,0,1,1,1,1785487251
2026-07-31T08:45:21Z,589,0,0,0,23,0,1,1,1,1785487249
2026-07-31T08:45:21Z,590,19,4,11,1,0,1,1,1,1785479272
2026-07-31T08:45:21Z,591,28,1,0,2,0,1,1,1,1785486691
2026-07-31T08:45:21Z,592,12,0,11,0,0,1,1,1,1785483987
2026-07-31T08:45:21Z,593,0,0,38,0,0,1,1,1,1785476655
2026-07-31T08:45:21Z,594,6,0,12,3,0,1,1,1,1785487313
2026-07-31T08:45:21Z,595,0,0,3,0,0,0,1,1,1784046673
2026-07-31T08:45:21Z,605,0,0,2,1,0,0,1,1,1783975843
2026-07-31T08:45:21Z,606,0,0,0,0,0,0,1,1,86400
2026-07-31T08:45:21Z,607,9,1,22,1,0,1,1,1,1785486968
2026-07-31T08:45:21Z,608,1,0,49,0,0,1,1,1,1785486736
2026-07-31T08:45:21Z,609,2,0,21,0,0,1,1,1,1785486261
2026-07-31T08:45:21Z,610,0,0,35,0,0,1,1,1,1785463583
2026-07-31T08:45:21Z,611,12,0,14,1,0,1,1,1,1785483600
2026-07-31T08:45:21Z,612,6,1,9,0,0,1,1,1,1785486691
2026-07-31T08:45:21Z,613,9,0,3,3,0,1,1,1,1785472894
2026-07-31T08:45:21Z,614,1,1,23,2,1,1,1,1,1785486629
2026-07-31T08:45:21Z,617,12,0,1,2,0,1,1,1,1785486691
2026-07-31T08:45:21Z,618,13,2,1,5,0,1,1,1,1785486690
2026-07-31T08:45:21Z,619,7,2,12,0,0,1,1,1,1785483534
2026-07-31T08:45:21Z,620,0,0,25,2,0,1,1,1,1785478133
2026-07-31T08:45:21Z,621,7,2,15,1,0,1,1,1,1785486775
2026-07-31T08:45:21Z,622,5,2,17,1,0,1,1,1,1785480182
2026-07-31T08:45:21Z,623,9,2,20,1,0,1,1,1,1785475996
2026-07-31T08:45:21Z,624,2,0,13,0,0,1,1,1,1785486691
2026-07-31T08:45:21Z,625,5,0,14,2,0,1,1,1,1785484305
2026-07-31T08:45:21Z,626,0,0,45,0,2,1,1,1,1785469585
2026-07-31T08:45:21Z,627,13,6,6,0,0,1,1,1,1785485482
2026-07-31T08:45:21Z,628,0,0,15,2,2,1,1,1,1785487485
2026-07-31T08:45:21Z,629,4,1,6,1,0,1,1,1,1785487235
2026-07-31T08:45:21Z,630,3,2,21,3,0,1,1,1,1785487362
2026-07-31T08:45:21Z,631,2,1,21,0,0,1,1,1,1785471593
2026-07-31T08:45:21Z,632,22,2,0,1,0,1,1,1,1785458363
2026-07-31T08:45:21Z,633,11,1,0,4,0,1,1,1,1785487261
2026-07-31T08:45:21Z,634,11,2,8,0,0,1,1,1,1785486991
2026-07-31T08:45:21Z,635,17,1,2,0,0,1,1,1,1785485606
2026-07-31T08:45:21Z,636,10,2,5,0,0,1,1,1,1785484858
2026-07-31T08:45:21Z,637,8,0,11,0,0,1,1,1,1785483457
2026-07-31T08:45:21Z,638,9,2,7,3,0,1,1,1,1785473314
2026-07-31T08:45:21Z,639,5,1,11,3,0,1,1,1,1785479066
2026-07-31T08:45:21Z,640,1,1,21,1,0,1,1,1,1785487362
2026-07-31T08:45:21Z,641,21,1,3,2,0,1,1,1,1785487278
2026-07-31T08:45:21Z,642,3,2,8,8,0,1,1,1,1785487507
2026-07-31T08:45:21Z,643,1,0,18,8,0,1,1,1,1785487508
2026-07-31T08:45:21Z,644,12,0,2,1,0,1,1,1,1785486991
2026-07-31T08:45:21Z,645,13,0,8,1,1,1,1,1,1785487301
2026-07-31T08:45:21Z,646,7,2,12,0,0,1,1,1,1785487242
2026-07-31T08:45:21Z,647,31,1,0,0,0,1,1,1,1785469507
2026-07-31T08:45:21Z,648,6,0,12,1,0,1,1,1,1785483627
2026-07-31T08:45:21Z,649,19,2,11,1,0,1,1,1,1785486346
2026-07-31T08:45:21Z,650,5,1,9,0,0,1,1,1,1785461548
2026-07-31T08:45:21Z,651,11,9,12,0,0,1,1,1,1785482207
2026-07-31T08:45:21Z,652,4,2,17,2,0,1,1,1,1785487351
2026-07-31T08:45:21Z,653,8,1,9,2,0,1,1,1,1785481487
2026-07-31T08:45:21Z,654,2,2,13,0,0,1,1,1,1785480995
2026-07-31T08:45:21Z,655,6,3,2,4,1,1,1,1,1785487247
2026-07-31T08:45:21Z,656,18,6,1,0,0,1,1,1,1785482316
2026-07-31T08:45:21Z,657,9,1,3,2,3,1,1,1,1785487285
2026-07-31T08:45:21Z,658,9,1,1,0,0,1,1,1,1785473427
2026-07-31T08:45:21Z,659,8,3,5,2,0,1,1,1,1785482005
2026-07-31T08:45:21Z,660,13,0,14,4,0,1,1,1,1785486756
2026-07-31T08:45:21Z,661,1,1,18,0,0,1,1,1,1785474064
2026-07-31T08:45:21Z,662,7,5,14,2,0,1,1,1,1785480458
2026-07-31T08:45:21Z,663,14,6,0,1,0,1,1,1,1785472341
2026-07-31T08:45:21Z,664,0,0,27,0,0,1,1,1,1785472715
2026-07-31T08:45:21Z,665,12,3,3,0,0,1,1,1,1785479255
2026-07-31T08:45:21Z,666,7,2,6,2,0,1,1,1,1785473808
2026-07-31T08:45:21Z,667,0,0,19,0,0,1,1,1,1785486991
2026-07-31T08:45:21Z,668,10,1,8,1,0,1,1,1,1785484022
2026-07-31T08:45:21Z,669,14,5,0,0,0,1,1,1,1785473569
2026-07-31T08:45:21Z,670,11,2,16,0,0,1,1,1,1785482280
2026-07-31T08:45:21Z,671,24,5,2,1,0,1,1,1,1785486033
2026-07-31T08:45:21Z,672,13,2,6,3,1,1,1,1,1785486991
2026-07-31T08:45:21Z,673,12,1,9,2,0,1,1,1,1785486896
2026-07-31T08:45:21Z,674,3,2,17,3,0,1,1,1,1785487429
2026-07-31T08:45:21Z,675,12,6,1,2,0,1,1,1,1785487479
2026-07-31T08:45:21Z,676,4,1,17,1,0,1,1,1,1785479831
2026-07-31T08:45:21Z,681,12,3,1,2,0,1,1,1,1785484717
2026-07-31T08:45:21Z,682,4,1,14,1,0,1,1,1,1785486991
2026-07-31T08:45:21Z,683,4,1,15,0,0,1,1,1,1785486513
2026-07-31T08:45:21Z,684,4,0,23,0,0,1,1,1,1785486991
2026-07-31T08:45:21Z,685,10,0,15,1,1,1,1,1,1785476486
2026-07-31T08:45:21Z,686,11,0,14,1,1,1,1,1,1785487465
2026-07-31T08:45:21Z,687,11,0,18,1,1,1,1,1,1785487351
2026-07-31T08:45:21Z,688,10,0,2,7,0,1,1,1,1785487417
2026-07-31T08:45:21Z,692,3,1,18,0,0,1,1,1,1785487068
2026-07-31T08:45:21Z,693,5,0,3,3,0,1,1,1,1785487179
2026-07-31T08:45:21Z,694,9,5,12,0,0,1,1,1,1785486923
2026-07-31T08:45:21Z,695,17,11,6,0,0,1,1,1,1785487057
2026-07-31T08:45:21Z,696,19,14,3,1,0,1,1,1,1785486977
2026-07-31T08:45:21Z,697,19,1,4,0,0,1,1,1,1785486580
2026-07-31T08:45:21Z,698,26,0,1,0,0,1,1,1,1785486332
2026-07-31T08:45:21Z,699,7,0,7,1,0,1,1,1,1785487474
2026-07-31T08:45:21Z,700,19,4,0,0,0,1,1,1,1785486991
2026-07-31T08:45:21Z,701,17,6,2,0,0,1,1,1,1785487029
2026-07-31T08:45:21Z,702,19,0,4,0,0,1,1,1,1785486991
2026-07-31T08:45:21Z,704,9,2,6,0,0,1,1,1,1785486433
2026-07-31T08:45:21Z,705,5,3,9,1,0,1,1,1,1785487223
2026-07-31T08:45:21Z,706,12,2,0,3,0,1,1,1,1785486994
2026-07-31T08:45:21Z,707,10,2,5,0,0,1,1,1,1785486991
2026-07-31T08:45:21Z,708,19,3,0,0,0,1,1,1,1785486025
2026-07-31T08:45:21Z,709,11,1,1,3,0,1,1,1,1785485839
2026-07-31T08:45:21Z,710,16,3,2,1,0,1,1,1,1785487071
2026-07-31T08:45:21Z,711,19,4,0,4,0,1,1,1,1785487135
2026-07-31T08:45:21Z,712,15,10,0,0,0,1,1,1,1785487013
2026-07-31T08:45:21Z,713,7,0,16,0,0,1,1,1,1785486288
2026-07-31T08:45:21Z,716,3,1,12,0,0,1,1,1,1785487356
2026-07-31T08:45:21Z,717,2,1,20,3,0,1,1,1,1785487431
2026-07-31T08:45:21Z,718,2,1,12,1,0,1,1,1,1785487187
2026-07-31T08:45:21Z,719,7,1,22,0,0,1,1,1,1785486588
2026-07-31T08:45:21Z,720,2,1,17,0,0,1,1,1,1785485834
2026-07-31T08:45:21Z,721,0,0,21,2,0,1,1,1,1785486626
2026-07-31T08:45:21Z,722,5,0,10,0,0,1,1,1,1785487402
2026-07-31T08:45:21Z,723,12,1,11,0,0,1,1,1,1785487435
2026-07-31T08:45:21Z,724,21,4,2,0,0,1,1,1,1785486774
2026-07-31T08:45:21Z,725,22,6,0,1,0,1,1,1,1785486341
2026-07-31T08:45:21Z,726,19,3,0,0,0,1,1,1,1785486990
2026-07-31T08:45:21Z,727,9,4,12,2,0,1,1,1,1785486572
2026-07-31T08:45:21Z,728,9,0,5,1,0,1,1,1,1785486991
2026-07-31T08:45:21Z,729,6,0,13,0,0,1,1,1,1785487011
2026-07-31T08:45:21Z,730,3,2,10,2,0,1,1,1,1785486991
2026-07-31T08:45:21Z,731,10,3,4,1,0,1,1,1,1785485843
2026-07-31T08:45:21Z,732,9,5,6,0,0,1,1,1,1785487128
2026-07-31T08:45:21Z,733,4,0,23,0,0,1,1,1,1785485849
2026-07-31T08:45:21Z,734,0,0,14,0,0,1,1,1,1785486848
2026-07-31T08:45:21Z,735,4,3,23,0,0,1,1,1,1785485714
2026-07-31T08:45:21Z,736,7,1,12,0,0,1,1,1,1785486272
2026-07-31T08:45:21Z,737,4,3,10,0,1,1,1,1,1785486255
2026-07-31T08:45:21Z,738,17,6,0,2,0,1,1,1,1785486712
2026-07-31T08:45:21Z,739,19,2,7,1,0,1,1,1,1785485867
2026-07-31T08:45:21Z,741,7,1,16,0,0,1,1,1,1785486990
2026-07-31T08:45:21Z,742,9,3,23,3,0,1,1,1,1785487027
2026-07-31T08:45:21Z,743,8,3,9,2,0,1,1,1,1785486032
2026-07-31T08:45:21Z,744,11,4,3,1,0,1,1,1,1785486541
2026-07-31T08:45:21Z,745,14,4,4,1,0,1,1,1,1785486991
2026-07-31T08:45:21Z,746,12,3,9,2,0,1,1,1,1785487335
2026-07-31T08:45:21Z,747,0,0,4,0,0,0,1,1,1783446606
2026-07-31T08:45:21Z,748,10,1,13,0,0,1,1,1,1785487330
2026-07-31T08:45:21Z,749,7,5,15,1,0,1,1,1,1785487244
2026-07-31T08:45:21Z,750,4,2,7,0,0,1,1,1,1785485791
2026-07-31T08:45:21Z,751,8,0,15,0,0,1,1,1,1785487455
2026-07-31T08:45:21Z,752,13,1,3,1,0,1,1,1,1785482301
2026-07-31T08:45:21Z,753,4,0,11,0,0,1,1,1,1785486990
2026-07-31T08:45:21Z,754,2,2,12,1,0,1,1,1,1785487098
2026-07-31T08:45:21Z,755,12,3,10,1,0,1,1,1,1785487215
2026-07-31T08:45:21Z,756,2,0,35,0,0,1,1,1,1785487291
2026-07-31T08:45:21Z,757,18,9,1,0,0,1,1,1,1785487326
2026-07-31T08:45:21Z,758,23,4,0,0,0,1,1,1,1785487292
2026-07-31T08:45:21Z,759,5,3,10,0,0,1,1,1,1785486663
2026-07-31T08:45:21Z,760,8,3,11,0,0,1,1,1,1785472022
2026-07-31T08:45:21Z,761,16,0,7,0,0,1,1,1,1785486505
2026-07-31T08:45:21Z,762,7,4,4,4,0,1,1,1,1785485787
2026-07-31T08:45:21Z,768,8,0,8,3,0,1,1,1,1785487291
2026-07-31T08:45:21Z,769,16,12,3,0,0,1,1,1,1785487292
2026-07-31T08:45:21Z,770,11,3,6,2,0,1,1,1,1785486330
2026-07-31T08:45:21Z,771,13,3,1,1,0,1,1,1,1785485760
2026-07-31T08:45:21Z,772,7,3,8,0,0,1,1,1,1785487291
2026-07-31T08:45:21Z,773,15,4,4,0,0,1,1,1,1785486215
2026-07-31T08:45:21Z,774,9,5,3,3,0,1,1,1,1785486171
2026-07-31T08:45:21Z,775,6,0,11,1,1,1,1,1,1785468483
2026-07-31T08:45:21Z,776,3,1,17,1,0,1,1,1,1785486546
2026-07-31T08:45:21Z,777,10,0,2,3,0,1,1,1,1785486282
2026-07-31T08:45:21Z,778,13,0,3,3,0,1,1,1,1785487316
2026-07-31T08:45:21Z,779,8,1,10,1,0,1,1,1,1785487292
2026-07-31T08:45:21Z,780,17,4,1,1,0,1,1,1,1785487312
2026-07-31T08:45:21Z,781,6,2,3,2,0,1,1,1,1785487086
2026-07-31T08:45:21Z,782,5,3,10,4,0,1,1,1,1785486048
2026-07-31T08:45:21Z,783,7,1,12,0,0,1,1,1,1785487140
2026-07-31T08:45:21Z,784,15,2,4,0,0,1,1,1,1785486748
2026-07-31T08:45:21Z,785,11,2,2,6,0,1,1,1,1785487291
2026-07-31T08:45:21Z,786,11,5,8,0,0,1,1,1,1785486953
2026-07-31T08:45:21Z,787,11,5,2,2,0,1,1,1,1785486597
2026-07-31T08:45:21Z,788,3,0,12,0,0,1,1,1,1785485816
2026-07-31T08:45:21Z,789,9,2,2,4,0,1,1,1,1785486051
2026-07-31T08:45:21Z,790,0,0,23,0,0,1,1,1,1785486441
2026-07-31T08:45:21Z,791,7,2,11,0,1,1,1,1,1785485965
2026-07-31T08:45:21Z,793,4,0,10,1,0,1,1,1,1785486195
2026-07-31T08:45:21Z,794,8,3,19,2,0,1,1,1,1785486640
2026-07-31T08:45:21Z,796,0,0,17,2,0,1,1,1,1785485982
2026-07-31T08:45:21Z,797,1,0,14,0,0,1,1,1,1785485585
2026-07-31T08:45:21Z,798,6,0,18,1,0,1,1,1,1785485807
2026-07-31T08:45:21Z,799,14,1,1,4,0,1,1,1,1785485951
2026-07-31T08:45:21Z,800,0,0,20,1,0,1,1,1,1785487391
2026-07-31T08:45:21Z,801,4,2,16,1,0,1,1,1,1785487291
2026-07-31T08:45:21Z,802,8,0,23,0,0,1,1,1,1785486098
2026-07-31T08:45:21Z,803,1,1,14,0,0,1,1,1,1785485785
2026-07-31T08:45:21Z,806,8,3,7,0,0,1,1,1,1785485981
2026-07-31T08:45:21Z,807,14,0,8,3,0,1,1,1,1785486381
2026-07-31T08:45:21Z,808,0,0,23,2,0,1,1,1,1785472976
2026-07-31T08:45:21Z,809,5,1,17,1,0,1,1,1,1785485949
2026-07-31T08:45:21Z,810,2,0,13,4,0,1,1,1,1785486421
2026-07-31T08:45:21Z,815,4,1,6,4,1,1,1,1,1785487312
2026-07-31T08:45:21Z,817,10,5,5,0,0,1,1,1,1785487292
2026-07-31T08:45:21Z,818,6,0,16,1,0,1,1,1,1785486512
2026-07-31T08:45:21Z,819,6,4,9,0,0,1,1,1,1785487291
2026-07-31T08:45:21Z,820,8,2,9,0,0,1,1,1,1785487402
2026-07-31T08:45:21Z,821,2,1,13,0,0,1,1,1,1785486152
2026-07-31T08:45:21Z,822,1,0,20,2,0,1,1,1,1785486462
2026-07-31T08:45:21Z,823,0,0,14,1,0,1,1,1,1785487429
2026-07-31T08:45:21Z,824,10,3,8,1,0,1,1,1,1785486896
2026-07-31T08:45:21Z,825,8,5,7,0,0,1,1,1,1785462716
2026-07-31T08:45:21Z,826,10,2,8,1,0,1,1,1,1785486900
2026-07-31T08:45:21Z,827,16,5,4,1,0,1,1,1,1785486393
2026-07-31T08:45:21Z,828,9,0,8,1,0,1,1,1,1785487292
2026-07-31T08:45:21Z,829,16,7,11,0,0,1,1,1,1785487135
2026-07-31T08:45:21Z,830,11,2,11,1,0,1,1,1,1785487291
2026-07-31T08:45:21Z,831,7,2,7,1,0,1,1,1,1785487404
2026-07-31T08:45:21Z,832,10,3,5,3,0,1,1,1,1785487484
2026-07-31T08:45:21Z,833,1,0,17,1,0,1,1,1,1785487310
2026-07-31T08:45:21Z,834,1,0,22,1,0,1,1,1,1785487291
2026-07-31T08:45:21Z,835,16,6,0,2,0,1,1,1,1785487291
2026-07-31T08:45:21Z,837,5,1,0,10,0,1,1,1,1785487466
2026-07-31T08:45:21Z,838,13,3,2,0,0,1,1,1,1785486324
2026-07-31T08:45:21Z,839,18,0,11,0,0,1,1,1,1785487291
2026-07-31T08:45:21Z,840,8,3,19,2,0,1,1,1,1785486775
2026-07-31T08:45:21Z,841,7,1,8,0,0,1,1,1,1785487401
2026-07-31T08:45:21Z,842,7,2,16,0,0,1,1,1,1785487291
2026-07-31T08:45:21Z,843,8,0,22,1,0,1,1,1,1785487416
2026-07-31T08:45:21Z,844,6,0,17,0,0,1,1,1,1785487384
2026-07-31T08:45:21Z,845,5,3,12,2,0,1,1,1,1785487292
2026-07-31T08:45:21Z,846,4,0,13,2,0,1,1,1,1785487291
2026-07-31T08:45:21Z,847,7,1,20,0,0,1,1,1,1785486483
2026-07-31T08:45:21Z,848,10,3,8,1,0,1,1,1,1785485156
2026-07-31T08:45:21Z,849,7,2,8,0,0,1,1,1,1785486556
2026-07-31T08:45:21Z,850,9,0,1,1,0,1,1,1,1785487309
2026-07-31T08:45:21Z,851,3,3,32,2,0,1,1,1,1785486625
2026-07-31T08:45:21Z,852,12,6,7,0,0,1,1,1,1785487290
2026-07-31T08:45:21Z,853,10,5,13,0,0,1,1,1,1785486341
2026-07-31T08:45:21Z,854,4,2,11,0,0,1,1,1,1785486419
2026-07-31T08:45:21Z,855,25,0,2,0,0,1,1,1,1785485421
2026-07-31T08:45:21Z,857,1,1,18,0,0,1,1,1,1785487487
2026-07-31T08:45:21Z,858,4,1,14,1,0,1,1,1,1785486125
2026-07-31T08:45:21Z,859,3,0,17,1,0,1,1,1,1785486353
2026-07-31T08:45:21Z,861,8,1,2,1,0,1,1,1,1785455675
2026-07-31T08:45:21Z,862,2,1,13,0,0,1,1,1,1785487429
2026-07-31T08:45:21Z,863,13,0,5,1,0,1,1,1,1785472897
2026-07-31T08:45:21Z,866,9,3,10,0,0,1,1,1,1785485909
2026-07-31T08:45:21Z,867,12,0,3,0,0,1,1,1,1785487045
2026-07-31T08:45:21Z,868,13,2,2,0,0,1,1,1,1785487248
2026-07-31T08:45:21Z,870,7,4,6,2,0,1,1,1,1785487465
2026-07-31T08:45:21Z,871,0,0,10,1,0,1,1,1,1785486849
2026-07-31T08:45:21Z,872,0,0,14,1,0,1,1,1,1785487386
2026-07-31T08:45:21Z,873,0,0,32,1,0,1,1,1,1785487354
2026-07-31T08:45:21Z,874,5,2,7,3,0,1,1,1,1785485733
2026-07-31T08:45:21Z,875,15,11,0,0,0,1,1,1,1785486623
2026-07-31T08:45:21Z,877,11,10,6,2,0,1,1,1,1785486987
2026-07-31T08:45:21Z,878,3,2,15,1,0,1,1,1,1785485750
2026-07-31T08:45:21Z,879,1,0,18,0,0,1,1,1,1785486610
2026-07-31T08:45:21Z,880,3,0,19,1,0,1,1,1,1785486621
2026-07-31T08:45:21Z,881,2,0,17,0,0,1,1,1,1785487420
2026-07-31T08:45:21Z,882,11,0,6,2,0,1,1,1,1785457778
2026-07-31T08:45:21Z,883,10,6,9,0,0,1,1,1,1785485878
2026-07-31T08:45:21Z,884,11,7,10,0,0,1,1,1,1785487245
2026-07-31T08:45:21Z,885,1,0,18,0,0,1,1,1,1785487270
2026-07-31T08:45:21Z,886,16,1,11,2,0,1,1,1,1785486991
2026-07-31T08:45:21Z,887,2,1,12,3,0,1,1,1,1785486177
2026-07-31T08:45:21Z,888,11,0,28,2,0,1,1,1,1785487405
2026-07-31T08:45:21Z,889,17,1,0,2,0,1,1,1,1785485765
2026-07-31T08:45:21Z,890,7,4,8,0,0,1,1,1,1785472287
2026-07-31T08:45:21Z,891,20,0,2,1,0,1,1,1,1785486759
2026-07-31T08:45:21Z,892,13,1,2,0,0,1,1,1,1785469848
2026-07-31T08:45:21Z,895,0,0,18,1,0,1,1,1,1785465808
2026-07-31T08:45:21Z,896,6,0,29,0,0,1,1,1,1785483234
2026-07-31T08:45:21Z,897,11,1,10,0,0,1,1,1,1785487457
2026-07-31T08:45:21Z,898,2,0,17,0,0,1,1,1,1785487190
2026-07-31T08:45:21Z,899,0,0,18,1,0,1,1,1,1785486421
2026-07-31T08:45:21Z,900,19,1,7,1,0,1,1,1,1785487291
2026-07-31T08:45:21Z,901,12,0,6,1,0,1,1,1,1785486128
2026-07-31T08:45:21Z,902,9,0,5,1,0,1,1,1,1785487131
2026-07-31T08:45:21Z,903,15,2,4,0,0,1,1,1,1785486560
2026-07-31T08:45:21Z,904,10,4,8,1,0,1,1,1,1785485762
2026-07-31T08:45:21Z,905,4,0,23,0,0,1,1,1,1785485855
2026-07-31T08:45:21Z,906,7,4,20,0,0,1,1,1,1785486602
2026-07-31T08:45:21Z,907,5,1,26,0,0,1,1,1,1785485942
2026-07-31T08:45:21Z,908,11,0,12,0,0,1,1,1,1785485744
2026-07-31T08:45:21Z,909,14,4,8,1,0,1,1,1,1785487370
2026-07-31T08:45:21Z,910,20,0,11,0,0,1,1,1,1785487476
2026-07-31T08:45:21Z,911,3,0,16,0,0,1,1,1,1785487123
2026-07-31T08:45:21Z,912,9,5,12,2,0,1,1,1,1785486222
2026-07-31T08:45:21Z,913,3,1,16,0,0,1,1,1,1785486287
2026-07-31T08:45:21Z,914,6,1,13,0,0,1,1,1,1785487016
2026-07-31T08:45:21Z,915,7,0,15,1,0,1,1,1,1785486413
2026-07-31T08:45:21Z,916,23,8,0,0,0,1,1,1,1785487292
2026-07-31T08:45:21Z,917,3,0,30,2,0,1,1,1,1785486938
2026-07-31T08:45:21Z,918,13,5,4,2,0,1,1,1,1785487491
2026-07-31T08:45:21Z,919,12,3,26,1,0,1,1,1,1785486348
2026-07-31T08:45:21Z,920,4,2,15,0,0,1,1,1,1785486106
2026-07-31T08:45:21Z,921,12,0,9,0,0,1,1,1,1785487253
2026-07-31T08:45:21Z,922,3,1,17,1,0,1,1,1,1785487238
2026-07-31T08:45:21Z,923,18,1,1,0,0,1,1,1,1785486932
2026-07-31T08:45:21Z,924,8,2,13,0,0,1,1,1,1785486452
2026-07-31T08:45:21Z,925,13,0,8,0,0,1,1,1,1785485911
2026-07-31T08:45:21Z,926,0,0,21,0,0,1,1,1,1785486057
2026-07-31T08:45:21Z,927,1,0,34,0,0,1,1,1,1785486445
2026-07-31T08:45:21Z,928,5,3,14,0,0,1,1,1,1785464301
2026-07-31T08:45:21Z,929,0,0,23,0,0,1,1,1,1785486883
2026-07-31T08:45:21Z,930,0,0,30,1,0,1,1,1,1785487476
2026-07-31T08:45:21Z,931,8,3,15,0,0,1,1,1,1785485981
2026-07-31T08:45:21Z,932,4,0,12,3,0,1,1,1,1785485826
2026-07-31T08:45:21Z,933,0,0,23,0,0,1,1,1,1785487292
2026-07-31T08:45:21Z,934,2,0,28,1,0,1,1,1,1785487291
2026-07-31T08:45:21Z,935,9,2,9,1,0,1,1,1,1785486622
2026-07-31T08:45:21Z,936,4,1,15,0,0,1,1,1,1785456801
2026-07-31T08:45:21Z,940,10,0,1,0,0,1,1,1,1785477927
2026-07-31T08:45:21Z,941,10,1,13,2,0,1,1,1,1785486177
2026-07-31T08:45:21Z,942,5,0,16,0,0,1,1,1,1785486553
2026-07-31T08:45:21Z,943,9,8,6,0,0,1,1,1,1785487500
2026-07-31T08:45:21Z,944,9,8,6,0,0,1,1,1,1785487314
2026-07-31T08:45:21Z,945,10,8,5,0,0,1,1,1,1785486826
2026-07-31T08:45:21Z,946,7,5,12,0,0,1,1,1,1785424152
2026-07-31T08:45:21Z,947,7,5,10,0,0,1,1,1,1785487327
2026-07-31T08:45:21Z,948,26,8,0,5,0,1,1,1,1785486031
2026-07-31T08:45:21Z,949,1,0,14,0,0,1,1,1,1785487429
2026-07-31T08:45:21Z,950,16,4,0,1,0,1,1,1,1785487340
2026-07-31T08:45:21Z,951,18,4,5,0,0,1,1,1,1785485716
2026-07-31T08:45:21Z,952,7,0,48,0,0,1,1,1,1785486823
2026-07-31T08:45:21Z,953,14,2,0,1,0,1,1,1,1785486597
2026-07-31T08:45:21Z,954,18,4,1,0,0,1,1,1,1785487435
2026-07-31T08:45:21Z,955,4,3,17,6,0,1,1,1,1785486394
2026-07-31T08:45:21Z,956,21,1,1,1,0,1,1,1,1785487367
2026-07-31T08:45:21Z,957,15,0,14,0,0,1,1,1,1785486713
2026-07-31T08:45:21Z,958,19,0,12,0,0,1,1,1,1785486221
2026-07-31T08:45:21Z,959,20,8,0,3,0,1,1,1,1785487237
2026-07-31T08:45:21Z,960,22,1,0,1,0,1,1,1,1785486250
2026-07-31T08:45:21Z,961,2,1,17,4,0,1,1,1,1785486227
2026-07-31T08:45:21Z,962,8,3,24,3,0,1,1,1,1785486472
2026-07-31T08:45:21Z,963,6,0,16,1,0,1,1,1,1785487439
2026-07-31T08:45:21Z,964,20,8,2,1,0,1,1,1,1785487042
2026-07-31T08:45:21Z,965,5,1,21,1,0,1,1,1,1785487494
2026-07-31T08:45:21Z,966,27,0,4,0,0,1,1,1,1785486983
2026-07-31T08:45:21Z,967,20,0,0,1,0,1,1,1,1785487152
2026-07-31T08:45:21Z,968,14,0,4,1,0,1,1,1,1785487316
2026-07-31T08:45:21Z,969,11,7,14,2,0,1,1,1,1785487293
2026-07-31T08:45:21Z,970,11,1,7,1,0,1,1,1,1785485834
2026-07-31T08:45:21Z,971,15,0,7,1,0,1,1,1,1785485801
2026-07-31T08:45:21Z,972,9,1,13,1,0,1,1,1,1785487283
2026-07-31T08:45:21Z,973,9,4,13,1,0,1,1,1,1785486794
2026-07-31T08:45:21Z,974,12,0,15,0,0,1,1,1,1785486181
2026-07-31T08:45:21Z,977,7,7,11,3,0,1,1,1,1785485740
2026-07-31T08:45:21Z,978,11,0,12,0,0,1,1,1,1785486602
2026-07-31T08:45:21Z,979,14,1,3,0,0,1,1,1,1785486157
2026-07-31T08:45:21Z,980,2,0,17,2,0,1,1,1,1785486886
2026-07-31T08:45:21Z,981,19,0,1,1,0,1,1,1,1785487051
2026-07-31T08:45:21Z,982,3,1,14,2,0,1,1,1,1785487356
2026-07-31T08:45:21Z,983,2,1,20,1,0,1,1,1,1785485952
2026-07-31T08:45:21Z,984,6,0,17,0,0,1,1,1,1785486939
2026-07-31T08:45:21Z,985,8,0,23,0,0,1,1,1,1785486225
2026-07-31T08:45:21Z,986,4,0,15,0,0,1,1,1,1785487354
2026-07-31T08:45:21Z,987,6,0,16,1,0,1,1,1,1785486072
2026-07-31T08:45:21Z,988,5,1,13,1,0,1,1,1,1785487504
2026-07-31T08:45:21Z,989,9,4,10,0,0,1,1,1,1785486495
2026-07-31T08:45:21Z,990,13,1,0,2,0,1,1,1,1785485746
2026-07-31T08:45:21Z,991,10,2,8,1,0,1,1,1,1785487217
2026-07-31T08:45:21Z,992,10,7,12,1,0,1,1,1,1785486273
2026-07-31T08:45:21Z,993,0,0,27,0,0,1,1,1,1785476008
2026-07-31T08:45:21Z,994,4,1,17,0,0,1,1,1,1785486485
2026-07-31T08:45:21Z,995,9,2,18,0,0,1,1,1,1785485705
2026-07-31T08:45:21Z,996,8,1,15,0,0,1,1,1,1785487327
2026-07-31T08:45:21Z,997,11,5,10,2,0,1,1,1,1785487349
2026-07-31T08:45:21Z,998,3,2,19,1,0,1,1,1,1785485825
2026-07-31T08:45:21Z,999,3,1,15,2,1,1,1,1,1785487427
2026-07-31T08:45:21Z,1000,4,2,17,0,0,1,1,1,1785486519
2026-07-31T08:45:21Z,1001,1,0,26,0,0,1,1,1,1785485844
2026-07-31T08:45:21Z,1002,0,0,27,4,0,1,1,1,1785485840
2026-07-31T08:45:21Z,1003,0,0,22,1,0,1,1,1,1785487291
2026-07-31T08:45:21Z,1004,8,1,15,0,0,1,1,1,1785486730
2026-07-31T08:45:21Z,1005,20,1,3,0,0,1,1,1,1785487479
2026-07-31T08:45:21Z,1006,7,4,11,1,0,1,1,1,1785487316
2026-07-31T08:45:21Z,1007,2,1,19,0,0,1,1,1,1785486947
2026-07-31T08:45:21Z,1008,6,5,15,2,0,1,1,1,1785486448
2026-07-31T08:45:21Z,1009,19,2,8,4,0,1,1,1,1785486319
2026-07-31T08:45:21Z,1010,7,2,20,0,0,1,1,1,1785487146
2026-07-31T08:45:21Z,1011,8,2,9,2,0,1,1,1,1785485874
2026-07-31T08:45:21Z,1012,4,3,18,1,0,1,1,1,1785487245
2026-07-31T08:45:21Z,1013,4,1,18,1,0,1,1,1,1785486029
2026-07-31T08:45:21Z,1014,7,2,13,3,0,1,1,1,1785485945
2026-07-31T08:45:21Z,1015,3,1,25,3,0,1,1,1,1785486212
2026-07-31T08:45:21Z,1016,10,5,21,0,0,1,1,1,1785487101
2026-07-31T08:45:21Z,1017,14,5,7,0,0,1,1,1,1785486649
2026-07-31T08:45:21Z,1018,7,2,15,0,0,1,1,1,1785487332
2026-07-31T08:45:21Z,1019,9,6,6,0,0,1,1,1,1785487264
2026-07-31T08:45:21Z,1020,18,3,3,0,0,1,1,1,1785486522
2026-07-31T08:45:21Z,1021,9,3,5,1,0,1,1,1,1785486253
2026-07-31T08:45:21Z,1022,14,0,13,0,0,1,1,1,1785487421
2026-07-31T08:45:21Z,1023,13,1,9,1,0,1,1,1,1785487067
2026-07-31T08:45:21Z,1024,5,2,13,1,0,1,1,1,1785486251
2026-07-31T08:45:21Z,1025,4,0,14,0,1,1,1,1,1785487389
2026-07-31T08:45:21Z,1026,7,5,19,5,0,1,1,1,1785486600
2026-07-31T08:45:21Z,1028,2,0,20,1,0,1,1,1,1785487423
2026-07-31T08:45:21Z,1029,10,9,4,1,0,1,1,1,1785486548
2026-07-31T08:45:21Z,1030,14,5,9,0,0,1,1,1,1785486287
2026-07-31T08:45:21Z,1031,8,0,11,0,0,1,1,1,1785486660
2026-07-31T08:45:21Z,1032,7,1,12,0,0,1,1,1,1785487320
2026-07-31T08:45:21Z,1033,9,5,9,1,0,1,1,1,1785486318
2026-07-31T08:45:21Z,1034,2,0,13,0,0,1,1,1,1785487340
2026-07-31T08:45:21Z,1035,1,0,16,2,0,1,1,1,1785487366
2026-07-31T08:45:21Z,1036,15,1,0,0,0,1,1,1,1785486106
2026-07-31T08:45:21Z,1037,4,0,14,1,0,1,1,1,1785485862
2026-07-31T08:45:21Z,1038,2,0,12,1,0,1,1,1,1785487039
2026-07-31T08:45:21Z,1039,7,2,12,0,0,1,1,1,1785487476
2026-07-31T08:45:21Z,1040,7,3,10,2,0,1,1,1,1785487359
2026-07-31T08:45:21Z,1041,11,3,8,0,0,1,1,1,1785487240
2026-07-31T08:45:21Z,1042,12,1,1,2,0,1,1,1,1785487430
2026-07-31T08:45:21Z,1043,9,0,7,3,0,1,1,1,1785487395
2026-07-31T08:45:21Z,1044,2,1,12,1,0,1,1,1,1785487094
2026-07-31T08:45:21Z,1045,10,0,9,0,0,1,1,1,1785487309
2026-07-31T08:45:21Z,1046,9,0,6,0,0,1,1,1,1785486718
2026-07-31T08:45:21Z,1047,4,0,17,0,0,1,1,1,1785486258
2026-07-31T08:45:21Z,1048,10,1,9,0,0,1,1,1,1785487286
2026-07-31T08:45:21Z,1049,6,0,15,0,0,1,1,1,1785487347
2026-07-31T08:45:21Z,1050,17,4,4,0,0,1,1,1,1785486629
2026-07-31T08:45:21Z,1051,8,3,13,0,0,1,1,1,1785486522
2026-07-31T08:45:21Z,1052,17,2,5,0,0,1,1,1,1785487146
2026-07-31T08:45:21Z,1053,2,1,13,0,0,1,1,1,1785487218
2026-07-31T08:45:21Z,1054,14,1,1,0,0,1,1,1,1785487479
2026-07-31T08:45:21Z,1055,7,1,12,0,0,1,1,1,1785487454
2026-07-31T08:45:21Z,1057,18,0,0,1,0,1,1,1,1785487146
2026-07-31T08:45:21Z,1058,1,0,55,0,0,1,1,1,1785487368
2026-07-31T08:45:21Z,1059,0,0,18,1,0,1,1,1,1785487349
2026-07-31T08:45:21Z,1060,30,0,7,0,0,1,1,1,1785486295
2026-07-31T08:45:21Z,1061,6,0,30,1,0,1,1,1,1785487432
2026-07-31T08:45:21Z,1062,1,0,16,0,0,1,1,1,1785486022
2026-07-31T08:45:21Z,1063,12,1,6,1,0,1,1,1,1785487366
2026-07-31T08:45:21Z,1064,3,0,19,1,0,1,1,1,1785485872
2026-07-31T08:45:21Z,1065,16,3,7,0,0,1,1,1,1785486116
2026-07-31T08:45:21Z,1066,10,2,13,0,0,1,1,1,1785485942
2026-07-31T08:45:21Z,1067,8,2,13,2,0,1,1,1,1785486208
2026-07-31T08:45:21Z,1068,8,2,13,2,0,1,1,1,1785485697
2026-07-31T08:45:21Z,1069,12,3,11,0,0,1,1,1,1785485749
2026-07-31T08:45:21Z,1070,12,2,11,0,0,1,1,1,1785485846
2026-07-31T08:45:21Z,1071,7,4,16,0,0,1,1,1,1785485884
2026-07-31T08:45:21Z,1072,11,1,11,1,0,1,1,1,1785486252
2026-07-31T08:45:21Z,1073,26,7,0,1,0,1,1,1,1785486995
2026-07-31T08:45:21Z,1074,1,1,52,0,0,1,1,1,1785487409
2026-07-31T08:45:21Z,1075,10,10,11,0,0,1,1,1,1785487071
2026-07-31T08:45:21Z,1076,14,11,7,0,0,1,1,1,1785486507
2026-07-31T08:45:21Z,1077,8,5,13,0,0,1,1,1,1785487285
2026-07-31T08:45:21Z,1078,11,10,10,0,0,1,1,1,1785486550
2026-07-31T08:45:21Z,1079,11,8,10,0,0,1,1,1,1785487180
2026-07-31T08:45:21Z,1080,10,8,10,1,0,1,1,1,1785486281
2026-07-31T08:45:21Z,1081,13,8,6,0,0,1,1,1,1785486360
2026-07-31T08:45:21Z,1082,7,7,1,0,0,1,1,1,1785485857
2026-07-31T08:45:21Z,1083,13,11,8,0,0,1,1,1,1785487444
2026-07-31T08:45:21Z,1084,9,8,12,0,0,1,1,1,1785487065
2026-07-31T08:45:21Z,1085,8,8,13,0,0,1,1,1,1785486702
2026-07-31T08:45:21Z,1086,0,0,20,1,0,1,1,1,1785487411
2026-07-31T08:45:21Z,1087,12,7,3,0,0,1,1,1,1785486612
2026-07-31T08:45:21Z,1088,10,7,5,0,0,1,1,1,1785487369
2026-07-31T08:45:21Z,1089,5,3,10,0,0,1,1,1,1785485914
2026-07-31T08:45:21Z,1090,11,10,4,0,0,1,1,1,1785486442
2026-07-31T08:45:21Z,1091,12,7,3,0,0,1,1,1,1785486353
2026-07-31T08:45:21Z,1092,9,9,5,1,0,1,1,1,1785485899
2026-07-31T08:45:21Z,1093,7,6,8,0,0,1,1,1,1785486264
2026-07-31T08:45:21Z,1094,10,8,8,1,0,1,1,1,1785487322
2026-07-31T08:45:21Z,1095,9,8,6,0,0,1,1,1,1785486208
2026-07-31T08:45:21Z,1096,3,1,15,1,0,1,1,1,1785485870
2026-07-31T08:45:21Z,1097,11,11,4,0,0,1,1,1,1785486085
2026-07-31T08:45:21Z,1098,9,7,10,0,0,1,1,1,1785486421
2026-07-31T08:45:21Z,1099,7,6,8,0,0,1,1,1,1785487156
2026-07-31T08:45:21Z,1100,6,2,23,0,0,1,1,1,1785474727
2026-07-31T08:45:21Z,1101,10,5,11,0,0,1,1,1,1785487045
2026-07-31T08:45:21Z,1102,9,4,4,0,0,1,1,1,1785486344
2026-07-31T08:45:21Z,1103,10,5,11,0,0,1,1,1,1785474301
2026-07-31T08:45:21Z,1104,10,5,11,0,0,1,1,1,1785486801
2026-07-31T08:45:21Z,1105,7,3,6,0,0,1,1,1,1785486230
2026-07-31T08:45:21Z,1106,13,7,8,0,0,1,1,1,1785487140
2026-07-31T08:45:21Z,1107,9,5,6,0,0,1,1,1,1785487440
2026-07-31T08:45:21Z,1108,6,3,18,3,0,1,1,1,1785486837
2026-07-31T08:45:21Z,1109,6,1,9,0,0,1,1,1,1785487397
2026-07-31T08:45:21Z,1110,12,4,9,0,0,1,1,1,1785486670
2026-07-31T08:45:21Z,1111,3,2,18,0,0,1,1,1,1785475740
2026-07-31T08:45:21Z,1112,38,0,15,0,0,1,1,1,1785487182
2026-07-31T08:45:21Z,1113,1,0,20,0,0,1,1,1,1785486632
2026-07-31T08:45:21Z,1115,17,5,3,3,0,1,1,1,1785486016
2026-07-31T08:45:21Z,1116,5,1,14,0,0,1,1,1,1785487341
2026-07-31T08:45:21Z,1117,10,3,13,0,0,1,1,1,1785485899
2026-07-31T08:45:21Z,1118,16,1,3,2,0,1,1,1,1785487149
2026-07-31T08:45:21Z,1119,13,1,4,0,0,1,1,1,1785486542
2026-07-31T08:45:21Z,1120,13,0,6,0,0,1,1,1,1785487416
2026-07-31T08:45:21Z,1121,13,2,5,3,0,1,1,1,1785481599
2026-07-31T08:45:21Z,1122,19,10,0,2,0,1,1,1,1785486734
2026-07-31T08:45:21Z,1123,6,3,15,2,0,1,1,1,1785487152
2026-07-31T08:45:21Z,1124,10,0,0,5,0,1,1,1,1785487152
2026-07-31T08:45:21Z,1125,15,1,8,0,0,1,1,1,1785485799
2026-07-31T08:45:21Z,1126,4,0,16,1,0,1,1,1,1785486785
2026-07-31T08:45:21Z,1127,6,1,12,1,0,1,1,1,1785485845
2026-07-31T08:45:21Z,1128,14,2,0,1,0,1,1,1,1785487346
2026-07-31T08:45:21Z,1129,3,2,17,1,0,1,1,1,1785487069
2026-07-31T08:45:21Z,1130,6,0,9,0,0,1,1,1,1785487135
2026-07-31T08:45:21Z,1131,0,0,48,1,0,1,1,1,1785486252
2026-07-31T08:45:21Z,1132,13,6,7,1,0,1,1,1,1785487074
2026-07-31T08:45:21Z,1133,16,12,4,1,0,1,1,1,1785487154
2026-07-31T08:45:21Z,1134,11,7,8,0,0,1,1,1,1785486028
2026-07-31T08:45:21Z,1135,10,5,11,0,0,1,1,1,1785486938
2026-07-31T08:45:21Z,1136,6,0,17,0,0,1,1,1,1785487510
2026-07-31T08:45:21Z,1137,13,0,2,0,0,1,1,1,1785487264
2026-07-31T08:45:21Z,1138,15,2,4,0,0,1,1,1,1785487303
2026-07-31T08:45:21Z,1139,19,5,1,1,0,1,1,1,1785486007
2026-07-31T08:45:21Z,1140,22,3,0,1,0,1,1,1,1785487038
2026-07-31T08:45:21Z,1141,0,0,20,1,0,1,1,1,1785486739
2026-07-31T08:45:21Z,1142,2,0,19,0,0,1,1,1,1785486163
2026-07-31T08:45:21Z,1143,23,0,6,0,0,1,1,1,1785486879
2026-07-31T08:45:21Z,1144,7,1,13,1,0,1,1,1,1785485771
2026-07-31T08:45:21Z,1145,12,6,8,1,0,1,1,1,1785485900
2026-07-31T08:45:21Z,1146,10,0,5,4,0,1,1,1,1785486881
2026-07-31T08:45:21Z,1147,3,0,16,0,0,1,1,1,1785487267
2026-07-31T08:45:21Z,1148,26,6,5,0,0,1,1,1,1785486187
2026-07-31T08:45:21Z,1149,4,4,21,0,0,1,1,1,1785486983
2026-07-31T08:45:21Z,1150,18,1,1,0,0,1,1,1,1785487125
2026-07-31T08:45:21Z,1151,12,0,9,0,0,1,1,1,1785486171
2026-07-31T08:45:21Z,1152,16,0,13,0,0,1,1,1,1785487338
2026-07-31T08:45:21Z,1153,22,6,0,1,0,1,1,1,1785486057
2026-07-31T08:45:21Z,1154,13,1,6,0,0,1,1,1,1785486776
2026-07-31T08:45:21Z,1155,16,6,4,1,0,1,1,1,1785487329
2026-07-31T08:45:21Z,1158,3,0,15,1,0,1,1,1,1785487231
2026-07-31T08:45:21Z,1159,13,1,6,0,0,1,1,1,1785485770
2026-07-31T08:45:21Z,1160,9,1,9,1,0,1,1,1,1785486219
2026-07-31T08:45:21Z,1161,3,0,15,1,0,1,1,1,1785485903
2026-07-31T08:45:21Z,1162,2,1,17,0,0,1,1,1,1785486155
2026-07-31T08:45:21Z,1163,0,0,18,1,0,1,1,1,1785487346
2026-07-31T08:45:21Z,1164,6,1,13,0,0,1,1,1,1785487407
2026-07-31T08:45:21Z,1165,5,0,16,0,0,1,1,1,1785486320
2026-07-31T08:45:21Z,1166,12,3,8,1,0,1,1,1,1785485832
2026-07-31T08:45:21Z,1167,4,0,11,0,0,1,1,1,1785487118
2026-07-31T08:45:21Z,1168,2,1,20,1,0,1,1,1,1785485778
2026-07-31T08:45:21Z,1169,3,0,15,1,0,1,1,1,1785487253
2026-07-31T08:45:21Z,1170,6,0,14,1,0,1,1,1,1785485805
2026-07-31T08:45:21Z,1171,8,7,14,1,0,1,1,1,1785487290
2026-07-31T08:45:21Z,1172,7,2,6,2,0,1,1,1,1785487494
2026-07-31T08:45:21Z,1173,13,5,6,0,0,1,1,1,1785487500
2026-07-31T08:45:21Z,1174,7,3,8,0,0,1,1,1,1785487187
2026-07-31T08:45:21Z,1175,9,5,10,0,0,1,1,1,1785472270
2026-07-31T08:45:21Z,1176,19,1,2,0,0,1,1,1,1785486705
2026-07-31T08:45:21Z,1177,3,1,18,0,0,1,1,1,1785486623
2026-07-31T08:45:21Z,1178,2,1,13,0,0,1,1,1,1785487160
2026-07-31T08:45:21Z,1181,9,0,4,2,0,1,1,1,1785486098
2026-07-31T08:45:21Z,1182,0,0,20,0,0,1,1,1,1785485925
2026-07-31T08:45:21Z,1183,1,0,42,2,0,1,1,1,1785487162
2026-07-31T08:45:21Z,1184,13,7,7,1,0,1,1,1,1785486806
2026-07-31T08:45:21Z,1185,10,5,11,0,0,1,1,1,1785486750
2026-07-31T08:45:21Z,1186,9,5,10,0,0,1,1,1,1785485954
2026-07-31T08:45:21Z,1187,12,6,8,1,0,1,1,1,1785486322
2026-07-31T08:45:21Z,1188,9,3,6,0,0,1,1,1,1785487446
2026-07-31T08:45:21Z,1189,10,5,9,0,0,1,1,1,1785485711
2026-07-31T08:45:21Z,1190,10,5,11,0,0,1,1,1,1785486919
2026-07-31T08:45:21Z,1191,10,5,5,0,0,1,1,1,1785487454
2026-07-31T08:45:21Z,1192,11,7,10,0,0,1,1,1,1785487288
2026-07-31T08:45:21Z,1193,6,4,5,2,0,1,1,1,1785486436
2026-07-31T08:45:21Z,1197,9,6,7,1,0,1,1,1,1785486593
2026-07-31T08:45:21Z,1198,14,4,5,2,0,1,1,1,1785485996
2026-07-31T08:45:21Z,1199,2,0,17,0,0,1,1,1,1785486016
2026-07-31T08:45:21Z,1200,11,5,4,0,0,1,1,1,1785487490
2026-07-31T08:45:21Z,1201,11,5,4,0,0,1,1,1,1785487467
2026-07-31T08:45:21Z,1202,12,6,3,0,0,1,1,1,1785485752
2026-07-31T08:45:21Z,1203,9,6,6,0,0,1,1,1,1785487463
2026-07-31T08:45:21Z,1204,7,3,11,1,0,1,1,1,1785487204
2026-07-31T08:45:21Z,1206,11,5,10,0,0,1,1,1,1785486420
2026-07-31T08:45:21Z,1207,9,5,6,0,0,1,1,1,1785485966
2026-07-31T08:45:21Z,1208,7,2,11,1,0,1,1,1,1785485868
2026-07-31T08:45:21Z,1216,7,0,13,1,0,1,1,1,1785486651
2026-07-31T08:45:21Z,1218,4,0,17,0,0,1,1,1,1785487045
2026-07-31T08:45:21Z,1219,6,1,8,1,0,1,1,1,1785487437
2026-07-31T08:45:21Z,1220,14,7,4,1,0,1,1,1,1785486785
2026-07-31T08:45:21Z,1221,2,2,19,0,0,1,1,1,1785486356
2026-07-31T08:45:21Z,1222,28,1,1,0,0,1,1,1,1785487290
2026-07-31T08:45:21Z,1223,23,0,6,0,0,1,1,1,1785487119
2026-07-31T08:45:21Z,1226,0,0,3,0,0,0,1,1,1781868931
2026-07-31T08:45:21Z,1227,24,1,1,0,0,1,1,1,1785487167
2026-07-31T08:45:21Z,1228,17,0,11,1,0,1,1,1,1785486410
2026-07-31T08:45:21Z,1229,35,0,9,0,1,1,1,1,1785487497
2026-07-31T08:50:21Z,1,0,0,23,0,0,1,1,1,1785485488
2026-07-31T08:50:21Z,2,23,0,1,3,0,1,1,1,1785485732
2026-07-31T08:50:21Z,3,9,0,4,1,0,1,1,1,1785485488
2026-07-31T08:50:21Z,4,1,0,20,1,0,1,1,1,1785483715
2026-07-31T08:50:21Z,5,9,3,13,1,0,1,1,1,1785484887
2026-07-31T08:50:21Z,6,6,2,9,0,0,1,1,1,1785486991
2026-07-31T08:50:21Z,7,1,1,38,0,0,1,1,1,1785487290
2026-07-31T08:50:21Z,8,0,0,43,0,0,1,1,1,1785487014
2026-07-31T08:50:21Z,9,0,0,22,1,0,1,1,1,1785482483
2026-07-31T08:50:21Z,10,4,1,17,2,0,1,1,1,1785485789
2026-07-31T08:50:21Z,11,16,6,2,1,0,1,1,1,1785487643
2026-07-31T08:50:21Z,12,0,0,23,0,0,1,1,1,1785472090
2026-07-31T08:50:21Z,13,12,0,18,0,0,1,1,1,1785485789
2026-07-31T08:50:21Z,14,1,0,41,0,1,1,1,1,1785476888
2026-07-31T08:50:21Z,15,4,0,11,0,0,1,1,1,1785486387
2026-07-31T08:50:21Z,16,8,0,16,2,1,1,1,1,1785487292
2026-07-31T08:50:21Z,17,9,0,17,1,0,1,1,1,1785486089
2026-07-31T08:50:21Z,18,6,0,10,2,0,1,1,1,1785487593
2026-07-31T08:50:21Z,19,4,0,22,1,0,1,1,1,1785486089
2026-07-31T08:50:21Z,20,32,0,3,0,0,1,1,1,1785485188
2026-07-31T08:50:21Z,21,1,0,17,1,0,1,1,1,1785484888
2026-07-31T08:50:21Z,22,18,0,46,1,0,1,1,1,1785487593
2026-07-31T08:50:21Z,23,10,5,21,0,0,1,1,1,1785479447
2026-07-31T08:50:21Z,24,0,0,9,2,0,1,1,1,1785487803
2026-07-31T08:50:21Z,25,1,1,79,0,1,1,1,1,1785487699
2026-07-31T08:50:21Z,26,0,0,27,0,0,1,1,1,1785485188
2026-07-31T08:50:21Z,28,15,3,0,0,0,1,1,1,1785486991
2026-07-31T08:50:21Z,30,1,0,27,1,0,1,1,1,1785486089
2026-07-31T08:50:21Z,31,0,0,17,2,0,1,1,1,1785487593
2026-07-31T08:50:21Z,32,24,4,3,0,0,1,1,1,1785487590
2026-07-31T08:50:21Z,34,2,0,34,1,0,1,1,1,1785482614
2026-07-31T08:50:21Z,35,2,1,44,1,0,1,1,1,1785486762
2026-07-31T08:50:21Z,36,0,0,0,0,0,0,1,1,86400
2026-07-31T08:50:21Z,37,0,0,23,0,0,1,1,1,1785487041
2026-07-31T08:50:21Z,38,1,0,22,0,0,1,1,1,1785485488
2026-07-31T08:50:21Z,39,23,6,16,0,0,1,1,1,1785487015
2026-07-31T08:50:21Z,40,13,0,7,1,0,1,1,1,1785485488
2026-07-31T08:50:21Z,41,2,0,40,1,0,1,1,1,1785487594
2026-07-31T08:50:21Z,42,31,8,0,0,0,1,1,1,1785472558
2026-07-31T08:50:21Z,43,6,0,17,0,0,1,1,1,1785485188
2026-07-31T08:50:21Z,45,1,0,27,1,0,1,1,1,1785485789
2026-07-31T08:50:21Z,46,13,2,18,0,0,1,1,1,1785485708
2026-07-31T08:50:21Z,47,12,5,2,1,0,1,1,1,1785487533
2026-07-31T08:50:21Z,48,20,0,7,0,0,1,1,1,1785487579
2026-07-31T08:50:21Z,49,5,0,15,3,0,1,1,1,1785487809
2026-07-31T08:50:21Z,50,1,1,18,0,0,1,1,1,1785486991
2026-07-31T08:50:21Z,51,68,0,9,0,0,1,1,1,1785487292
2026-07-31T08:50:21Z,52,2,0,22,3,0,1,1,1,1785487556
2026-07-31T08:50:21Z,55,1,1,22,0,0,1,1,1,1785487781
2026-07-31T08:50:21Z,56,0,0,43,0,0,1,1,1,1785485334
2026-07-31T08:50:21Z,57,0,0,27,0,0,1,1,1,1785486089
2026-07-31T08:50:21Z,58,0,0,28,0,0,1,1,1,1785476976
2026-07-31T08:50:21Z,59,0,0,25,2,0,1,1,1,1785487705
2026-07-31T08:50:21Z,61,0,0,39,0,0,1,1,1,1785485488
2026-07-31T08:50:21Z,62,0,0,48,1,0,1,1,1,1785487594
2026-07-31T08:50:21Z,63,14,0,5,0,0,1,1,1,1785486089
2026-07-31T08:50:21Z,64,9,0,6,4,0,1,1,1,1785486992
2026-07-31T08:50:21Z,65,17,7,1,1,0,1,1,1,1785487593
2026-07-31T08:50:21Z,67,17,0,22,0,0,1,1,1,1785485188
2026-07-31T08:50:21Z,68,0,0,37,0,0,1,1,1,1785476731
2026-07-31T08:50:21Z,69,15,2,0,0,0,1,1,1,1785485188
2026-07-31T08:50:21Z,71,2,0,24,1,0,1,1,1,1785487175
2026-07-31T08:50:21Z,72,13,2,16,2,0,1,1,1,1785486638
2026-07-31T08:50:21Z,73,0,0,31,0,0,1,1,1,1785474921
2026-07-31T08:50:21Z,74,13,6,5,1,0,1,1,1,1785485908
2026-07-31T08:50:21Z,75,0,0,31,1,0,1,1,1,1785487292
2026-07-31T08:50:21Z,76,18,0,0,1,0,1,1,1,1785487807
2026-07-31T08:50:21Z,77,23,0,3,1,0,1,1,1,1785487293
2026-07-31T08:50:21Z,78,9,4,13,1,0,1,1,1,1785487313
2026-07-31T08:50:21Z,79,4,3,12,1,0,1,1,1,1785487448
2026-07-31T08:50:21Z,80,18,0,2,3,0,1,1,1,1785487616
2026-07-31T08:50:21Z,81,5,0,26,0,0,1,1,1,1785486390
2026-07-31T08:50:21Z,82,12,0,11,0,0,1,1,1,1785486690
2026-07-31T08:50:21Z,83,5,1,27,2,0,1,1,1,1785487661
2026-07-31T08:50:21Z,84,26,0,1,0,0,1,1,1,1785486991
2026-07-31T08:50:21Z,85,1,1,14,0,0,1,1,1,1785486991
2026-07-31T08:50:21Z,86,25,0,1,1,0,1,1,1,1785486691
2026-07-31T08:50:21Z,87,10,0,9,0,0,1,1,1,1785484866
2026-07-31T08:50:21Z,88,0,0,42,1,0,1,1,1,1785484888
2026-07-31T08:50:21Z,89,22,0,13,0,0,1,1,1,1785487292
2026-07-31T08:50:21Z,90,6,2,10,2,0,1,1,1,1785486486
2026-07-31T08:50:21Z,91,14,0,3,0,0,1,1,1,1785485188
2026-07-31T08:50:21Z,92,11,4,5,3,0,1,1,1,1785487643
2026-07-31T08:50:21Z,93,0,0,23,0,0,1,1,1,1785486390
2026-07-31T08:50:21Z,94,2,0,16,1,0,1,1,1,1785486390
2026-07-31T08:50:21Z,95,28,3,5,1,1,1,1,1,1785487812
2026-07-31T08:50:21Z,96,29,0,1,1,0,1,1,1,1785479647
2026-07-31T08:50:21Z,97,0,0,16,1,0,1,1,1,1785487745
2026-07-31T08:50:21Z,98,19,0,15,1,0,1,1,1,1785486089
2026-07-31T08:50:21Z,99,4,2,11,0,0,1,1,1,1785486802
2026-07-31T08:50:21Z,100,1,0,26,0,0,1,1,1,1785486846
2026-07-31T08:50:21Z,101,1,0,13,1,0,1,1,1,1785485789
2026-07-31T08:50:21Z,102,0,0,23,0,0,1,1,1,1785487553
2026-07-31T08:50:21Z,103,7,0,23,0,0,1,1,1,1785487812
2026-07-31T08:50:21Z,104,0,0,25,2,0,1,1,1,1785487810
2026-07-31T08:50:21Z,105,16,1,3,0,0,1,1,1,1785486390
2026-07-31T08:50:21Z,106,0,0,21,0,0,1,1,1,1785486390
2026-07-31T08:50:21Z,107,0,0,37,0,0,1,1,1,1785485489
2026-07-31T08:50:21Z,108,16,1,19,0,0,1,1,1,1785486420
2026-07-31T08:50:21Z,109,7,0,16,0,0,1,1,1,1785487673
2026-07-31T08:50:21Z,110,14,2,9,0,0,1,1,1,1785482478
2026-07-31T08:50:21Z,111,0,0,36,0,0,1,1,1,1785479678
2026-07-31T08:50:21Z,112,5,0,9,1,0,1,1,1,1785486691
2026-07-31T08:50:21Z,113,4,0,12,3,0,1,1,1,1785487739
2026-07-31T08:50:21Z,114,6,6,23,1,1,1,1,1,1785487662
2026-07-31T08:50:21Z,115,3,1,23,2,0,1,1,1,1785479033
2026-07-31T08:50:21Z,116,3,3,23,1,0,1,1,1,1785487594
2026-07-31T08:50:21Z,118,20,9,0,3,0,1,1,1,1785486382
2026-07-31T08:50:21Z,119,33,2,1,4,0,1,1,1,1785486691
2026-07-31T08:50:21Z,120,24,1,2,1,0,1,1,1,1785487294
2026-07-31T08:50:21Z,121,6,2,12,0,1,1,1,1,1785487692
2026-07-31T08:50:21Z,122,13,0,7,1,0,1,1,1,1785487594
2026-07-31T08:50:21Z,123,8,1,39,0,0,1,1,1,1785485188
2026-07-31T08:50:21Z,124,32,1,3,0,0,1,1,1,1785486746
2026-07-31T08:50:21Z,125,7,2,16,0,0,1,1,1,1785486991
2026-07-31T08:50:21Z,126,25,2,6,0,0,1,1,1,1785486691
2026-07-31T08:50:21Z,127,8,0,25,2,0,1,1,1,1785487761
2026-07-31T08:50:21Z,128,8,1,11,0,0,1,1,1,1785487790
2026-07-31T08:50:21Z,129,17,1,0,2,0,1,1,1,1785486089
2026-07-31T08:50:21Z,130,4,0,12,1,0,1,1,1,1785487617
2026-07-31T08:50:21Z,131,7,2,2,2,0,1,1,1,1785486164
2026-07-31T08:50:21Z,132,12,5,2,0,1,1,1,1,1785486336
2026-07-31T08:50:21Z,134,5,0,13,5,0,1,1,1,1785487790
2026-07-31T08:50:21Z,135,6,2,12,1,0,1,1,1,1785487294
2026-07-31T08:50:21Z,136,6,0,9,1,7,1,1,1,1785487505
2026-07-31T08:50:21Z,137,6,1,13,0,0,1,1,1,1785486296
2026-07-31T08:50:21Z,138,35,2,2,0,0,1,1,1,1785487724
2026-07-31T08:50:21Z,139,19,5,0,0,0,1,1,1,1785485188
2026-07-31T08:50:21Z,140,17,8,4,2,0,1,1,1,1785487809
2026-07-31T08:50:21Z,141,31,1,5,0,0,1,1,1,1785485909
2026-07-31T08:50:21Z,142,22,1,1,0,0,1,1,1,1785485789
2026-07-31T08:50:21Z,143,13,3,17,1,0,1,1,1,1785482659
2026-07-31T08:50:21Z,144,23,1,4,0,0,1,1,1,1785486390
2026-07-31T08:50:21Z,146,8,1,14,1,0,1,1,1,1785486463
2026-07-31T08:50:21Z,147,10,2,7,2,0,1,1,1,1785487723
2026-07-31T08:50:21Z,148,22,0,4,0,1,1,1,1,1785487767
2026-07-31T08:50:21Z,149,15,4,11,1,0,1,1,1,1785486737
2026-07-31T08:50:21Z,150,31,7,2,2,0,1,1,1,1785487643
2026-07-31T08:50:21Z,151,22,7,1,0,0,1,1,1,1785485600
2026-07-31T08:50:21Z,152,19,0,4,4,0,1,1,1,1785487647
2026-07-31T08:50:21Z,153,12,1,13,6,0,1,1,1,1785487746
2026-07-31T08:50:21Z,154,15,4,5,3,0,1,1,1,1785487635
2026-07-31T08:50:21Z,155,13,4,0,1,0,1,1,1,1785487766
2026-07-31T08:50:21Z,156,16,1,3,0,0,1,1,1,1785485944
2026-07-31T08:50:21Z,157,15,0,10,2,0,1,1,1,1785487787
2026-07-31T08:50:21Z,158,16,2,0,0,0,1,1,1,1785471342
2026-07-31T08:50:21Z,159,5,2,14,0,0,1,1,1,1785486610
2026-07-31T08:50:21Z,160,19,1,0,0,0,1,1,1,1785475906
2026-07-31T08:50:21Z,161,15,1,7,0,0,1,1,1,1785486490
2026-07-31T08:50:21Z,162,14,3,12,1,0,1,1,1,1785484887
2026-07-31T08:50:21Z,163,29,2,2,0,0,1,1,1,1785486691
2026-07-31T08:50:21Z,164,25,7,2,0,0,1,1,1,1785486691
2026-07-31T08:50:21Z,165,23,11,7,1,0,1,1,1,1785487808
2026-07-31T08:50:21Z,166,31,7,3,5,0,1,1,1,1785487809
2026-07-31T08:50:21Z,167,21,10,0,2,0,1,1,1,1785484888
2026-07-31T08:50:21Z,168,21,0,5,1,0,1,1,1,1785487750
2026-07-31T08:50:21Z,169,1,0,21,0,1,1,1,1,1785487293
2026-07-31T08:50:21Z,170,18,5,0,1,0,1,1,1,1785485188
2026-07-31T08:50:21Z,171,10,3,1,2,0,1,1,1,1785487634
2026-07-31T08:50:21Z,173,36,0,3,0,0,1,1,1,1785486839
2026-07-31T08:50:21Z,174,22,1,2,2,0,1,1,1,1785482500
2026-07-31T08:50:21Z,175,7,0,24,0,0,1,1,1,1785487001
2026-07-31T08:50:21Z,176,2,1,12,0,1,1,1,1,1785487016
2026-07-31T08:50:21Z,177,21,1,6,0,0,1,1,1,1785487415
2026-07-31T08:50:21Z,178,2,0,10,2,1,1,1,1,1785487805
2026-07-31T08:50:21Z,179,11,1,3,1,0,1,1,1,1785486089
2026-07-31T08:50:21Z,180,27,0,3,0,0,1,1,1,1785487594
2026-07-31T08:50:21Z,181,14,1,0,1,0,1,1,1,1785485328
2026-07-31T08:50:21Z,182,17,2,0,0,0,1,1,1,1785487123
2026-07-31T08:50:21Z,183,16,0,7,0,0,1,1,1,1785487105
2026-07-31T08:50:21Z,184,1,1,21,1,0,1,1,1,1785485380
2026-07-31T08:50:21Z,185,12,1,0,2,1,1,1,1,1785484888
2026-07-31T08:50:21Z,186,4,1,15,0,0,1,1,1,1785487309
2026-07-31T08:50:21Z,187,8,0,19,1,0,1,1,1,1785484757
2026-07-31T08:50:21Z,188,12,0,7,8,0,1,1,1,1785487600
2026-07-31T08:50:21Z,189,15,4,0,0,0,1,1,1,1785479966
2026-07-31T08:50:21Z,190,5,2,18,0,0,1,1,1,1785487594
2026-07-31T08:50:21Z,191,2,1,37,0,0,1,1,1,1785486690
2026-07-31T08:50:21Z,192,12,4,16,3,0,1,1,1,1785486089
2026-07-31T08:50:21Z,193,0,0,15,0,0,1,1,1,1785484480
2026-07-31T08:50:21Z,194,17,1,9,1,0,1,1,1,1785486691
2026-07-31T08:50:21Z,195,12,1,5,2,0,1,1,1,1785487594
2026-07-31T08:50:21Z,196,24,1,0,3,0,1,1,1,1785487559
2026-07-31T08:50:21Z,197,17,3,0,1,1,1,1,1,1785487492
2026-07-31T08:50:21Z,198,21,16,2,0,0,1,1,1,1785484887
2026-07-31T08:50:21Z,199,7,5,5,3,0,1,1,1,1785483728
2026-07-31T08:50:21Z,200,15,0,10,1,0,1,1,1,1785486390
2026-07-31T08:50:21Z,201,8,3,15,0,0,1,1,1,1785482886
2026-07-31T08:50:21Z,202,0,0,27,0,0,1,1,1,1785486691
2026-07-31T08:50:21Z,203,26,3,4,1,0,1,1,1,1785487252
2026-07-31T08:50:21Z,204,31,1,3,1,0,1,1,1,1785485488
2026-07-31T08:50:21Z,205,12,1,15,0,0,1,1,1,1785482737
2026-07-31T08:50:21Z,206,1,1,13,1,0,1,1,1,1785486448
2026-07-31T08:50:21Z,207,14,0,7,0,0,1,1,1,1785481979
2026-07-31T08:50:21Z,208,2,0,27,0,0,1,1,1,1785486390
2026-07-31T08:50:21Z,209,9,0,20,2,0,1,1,1,1785487778
2026-07-31T08:50:21Z,210,23,2,4,0,0,1,1,1,1785485488
2026-07-31T08:50:21Z,211,15,6,7,1,0,1,1,1,1785487008
2026-07-31T08:50:21Z,212,25,0,9,1,0,1,1,1,1785487547
2026-07-31T08:50:21Z,213,12,1,9,2,0,1,1,1,1785486018
2026-07-31T08:50:21Z,214,29,1,14,4,0,1,1,1,1785487418
2026-07-31T08:50:21Z,215,6,1,16,1,0,1,1,1,1785486390
2026-07-31T08:50:21Z,216,9,0,9,1,0,1,1,1,1785486978
2026-07-31T08:50:21Z,217,9,0,19,1,0,1,1,1,1785487709
2026-07-31T08:50:21Z,218,20,4,17,2,0,1,1,1,1785487277
2026-07-31T08:50:21Z,219,1,0,24,1,0,1,1,1,1785487787
2026-07-31T08:50:21Z,220,24,7,17,1,1,1,1,1,1785484887
2026-07-31T08:50:21Z,221,13,8,1,1,0,1,1,1,1785487594
2026-07-31T08:50:21Z,222,16,12,2,1,0,1,1,1,1785485037
2026-07-31T08:50:21Z,223,8,3,24,3,0,1,1,1,1785487734
2026-07-31T08:50:21Z,224,7,5,14,1,0,1,1,1,1785487750
2026-07-31T08:50:21Z,225,10,0,3,6,0,1,1,1,1785487206
2026-07-31T08:50:21Z,226,30,10,1,0,0,1,1,1,1785487620
2026-07-31T08:50:21Z,227,19,13,7,0,1,1,1,1,1785485181
2026-07-31T08:50:21Z,228,1,0,17,1,0,1,1,1,1785484888
2026-07-31T08:50:21Z,230,16,9,10,0,0,1,1,1,1785486691
2026-07-31T08:50:21Z,232,13,6,3,1,0,1,1,1,1785486390
2026-07-31T08:50:21Z,233,19,0,10,2,0,1,1,1,1785487026
2026-07-31T08:50:21Z,234,8,3,6,3,2,1,1,1,1785487594
2026-07-31T08:50:21Z,236,14,3,5,0,0,1,1,1,1785486991
2026-07-31T08:50:21Z,237,22,4,0,1,0,1,1,1,1785486390
2026-07-31T08:50:21Z,239,23,18,1,3,0,1,1,1,1785486691
2026-07-31T08:50:21Z,241,19,6,4,0,0,1,1,1,1785485005
2026-07-31T08:50:21Z,242,1,1,21,1,0,1,1,1,1785487593
2026-07-31T08:50:21Z,243,11,0,19,1,0,1,1,1,1785484434
2026-07-31T08:50:21Z,244,12,1,14,1,0,1,1,1,1785485897
2026-07-31T08:50:21Z,245,3,3,20,0,0,1,1,1,1785487358
2026-07-31T08:50:21Z,246,13,0,10,0,0,1,1,1,1785486470
2026-07-31T08:50:21Z,247,12,10,10,1,0,1,1,1,1785486381
2026-07-31T08:50:21Z,248,18,4,2,3,0,1,1,1,1785486690
2026-07-31T08:50:21Z,249,2,0,17,0,0,1,1,1,1785487579
2026-07-31T08:50:21Z,250,23,5,4,0,0,1,1,1,1785487497
2026-07-31T08:50:21Z,251,22,5,2,3,0,1,1,1,1785486991
2026-07-31T08:50:21Z,253,7,4,11,1,0,1,1,1,1785486537
2026-07-31T08:50:21Z,254,26,21,16,1,0,1,1,1,1785485789
2026-07-31T08:50:21Z,255,5,0,17,0,1,1,1,1,1785487558
2026-07-31T08:50:21Z,256,10,5,11,2,0,1,1,1,1785485834
2026-07-31T08:50:21Z,257,14,6,4,1,0,1,1,1,1785486690
2026-07-31T08:50:21Z,258,1,0,18,0,0,1,1,1,1785482036
2026-07-31T08:50:21Z,259,20,3,2,0,1,1,1,1,1785487540
2026-07-31T08:50:21Z,260,14,4,2,3,0,1,1,1,1785486424
2026-07-31T08:50:21Z,261,16,0,1,1,1,1,1,1,1785484888
2026-07-31T08:50:21Z,262,20,11,3,0,0,1,1,1,1785486882
2026-07-31T08:50:21Z,263,14,3,1,0,0,1,1,1,1785486991
2026-07-31T08:50:21Z,264,18,6,0,1,0,1,1,1,1785474915
2026-07-31T08:50:21Z,265,15,1,0,0,0,1,1,1,1785473819
2026-07-31T08:50:21Z,266,17,8,0,2,0,1,1,1,1785487292
2026-07-31T08:50:21Z,267,7,3,6,2,0,1,1,1,1785484888
2026-07-31T08:50:21Z,268,23,9,0,0,0,1,1,1,1785484887
2026-07-31T08:50:21Z,269,9,3,13,1,0,1,1,1,1785484888
2026-07-31T08:50:21Z,270,25,3,2,0,0,1,1,1,1785485188
2026-07-31T08:50:21Z,271,0,0,17,2,0,1,1,1,1785486991
2026-07-31T08:50:21Z,272,13,13,9,1,0,1,1,1,1785486390
2026-07-31T08:50:21Z,273,14,5,1,0,0,1,1,1,1785484888
2026-07-31T08:50:21Z,274,18,8,0,1,0,1,1,1,1785472651
2026-07-31T08:50:21Z,275,13,0,6,2,2,1,1,1,1785487757
2026-07-31T08:50:21Z,276,1,0,26,0,0,1,1,1,1785486991
2026-07-31T08:50:21Z,277,12,1,6,5,0,1,1,1,1785485546
2026-07-31T08:50:21Z,278,21,0,7,2,1,1,1,1,1785486390
2026-07-31T08:50:21Z,279,17,0,2,0,0,1,1,1,1785487347
2026-07-31T08:50:21Z,280,10,1,19,2,0,1,1,1,1785487786
2026-07-31T08:50:21Z,281,19,0,0,0,0,1,1,1,1785486089
2026-07-31T08:50:21Z,282,5,2,13,0,0,1,1,1,1785484887
2026-07-31T08:50:21Z,283,34,1,1,0,0,1,1,1,1785486992
2026-07-31T08:50:21Z,284,19,5,14,2,0,1,1,1,1785486390
2026-07-31T08:50:21Z,285,8,7,15,0,0,1,1,1,1785485188
2026-07-31T08:50:21Z,286,15,14,3,5,0,1,1,1,1785487599
2026-07-31T08:50:21Z,287,13,4,7,3,0,1,1,1,1785484887
2026-07-31T08:50:21Z,288,14,10,5,0,0,1,1,1,1785486991
2026-07-31T08:50:21Z,289,24,3,0,3,0,1,1,1,1785486743
2026-07-31T08:50:21Z,290,7,0,31,1,0,1,1,1,1785486991
2026-07-31T08:50:21Z,291,10,2,11,2,0,1,1,1,1785487593
2026-07-31T08:50:21Z,292,22,0,1,0,0,1,1,1,1785485789
2026-07-31T08:50:21Z,293,17,10,6,0,0,1,1,1,1785486991
2026-07-31T08:50:21Z,294,0,0,21,1,0,1,1,1,1785486991
2026-07-31T08:50:21Z,297,10,1,6,2,1,1,1,1,1785485188
2026-07-31T08:50:21Z,301,17,1,2,0,0,1,1,1,1785486691
2026-07-31T08:50:21Z,302,0,0,23,0,0,1,1,1,1785486991
2026-07-31T08:50:21Z,303,19,0,0,0,0,1,1,1,1785485188
2026-07-31T08:50:21Z,304,0,0,0,0,0,0,1,1,86400
2026-07-31T08:50:21Z,305,19,0,0,0,0,1,1,1,1785485188
2026-07-31T08:50:21Z,306,2,0,29,1,0,1,1,1,1785485188
2026-07-31T08:50:21Z,307,17,1,4,1,1,1,1,1,1785487674
2026-07-31T08:50:21Z,308,14,0,3,2,0,1,1,1,1785485188
2026-07-31T08:50:21Z,309,12,3,1,1,0,1,1,1,1785486401
2026-07-31T08:50:21Z,311,15,0,0,0,0,1,1,1,1785486992
2026-07-31T08:50:21Z,312,6,3,12,4,1,1,1,1,1785487683
2026-07-31T08:50:21Z,313,3,1,12,0,0,1,1,1,1785486991
2026-07-31T08:50:21Z,314,4,3,11,3,0,1,1,1,1785486991
2026-07-31T08:50:21Z,315,23,6,5,3,0,1,1,1,1785486691
2026-07-31T08:50:21Z,316,4,1,21,5,1,1,1,1,1785487536
2026-07-31T08:50:21Z,317,0,0,30,0,1,1,1,1,1785487526
2026-07-31T08:50:21Z,318,16,0,3,0,0,1,1,1,1785486991
2026-07-31T08:50:21Z,319,17,3,5,1,0,1,1,1,1785487347
2026-07-31T08:50:21Z,320,18,5,0,1,0,1,1,1,1785487292
2026-07-31T08:50:21Z,321,8,1,7,4,0,1,1,1,1785487156
2026-07-31T08:50:21Z,322,5,1,23,1,0,1,1,1,1785484798
2026-07-31T08:50:21Z,323,8,0,11,0,0,1,1,1,1785487292
2026-07-31T08:50:21Z,324,7,2,19,1,0,1,1,1,1785487802
2026-07-31T08:50:21Z,325,4,3,21,2,0,1,1,1,1785484701
2026-07-31T08:50:21Z,327,25,0,1,1,0,1,1,1,1785485570
2026-07-31T08:50:21Z,328,20,0,1,1,0,1,1,1,1785484794
2026-07-31T08:50:21Z,329,17,0,0,2,0,1,1,1,1785487643
2026-07-31T08:50:21Z,330,3,0,19,0,0,1,1,1,1785485188
2026-07-31T08:50:21Z,331,12,3,10,1,0,1,1,1,1785487675
2026-07-31T08:50:21Z,332,10,3,7,2,0,1,1,1,1785487292
2026-07-31T08:50:21Z,333,2,1,20,1,0,1,1,1,1785485924
2026-07-31T08:50:21Z,334,11,8,12,0,0,1,1,1,1785487804
2026-07-31T08:50:21Z,335,3,2,18,1,1,1,1,1,1785487292
2026-07-31T08:50:21Z,336,18,2,1,0,0,1,1,1,1785487293
2026-07-31T08:50:21Z,337,17,3,1,5,0,1,1,1,1785487594
2026-07-31T08:50:21Z,338,17,8,2,0,0,1,1,1,1785487389
2026-07-31T08:50:21Z,339,19,10,3,1,0,1,1,1,1785487586
2026-07-31T08:50:21Z,340,13,11,1,1,0,1,1,1,1785487293
2026-07-31T08:50:21Z,341,11,4,8,0,0,1,1,1,1785487352
2026-07-31T08:50:21Z,342,13,7,0,2,0,1,1,1,1785487292
2026-07-31T08:50:21Z,343,21,1,1,1,0,1,1,1,1785487543
2026-07-31T08:50:21Z,344,22,8,1,0,0,1,1,1,1785486789
2026-07-31T08:50:21Z,345,19,3,0,0,0,1,1,1,1785487292
2026-07-31T08:50:21Z,346,8,6,15,0,0,1,1,1,1785486132
2026-07-31T08:50:21Z,347,0,0,42,2,0,1,1,1,1785487802
2026-07-31T08:50:21Z,348,21,3,0,1,1,1,1,1,1785487793
2026-07-31T08:50:21Z,349,6,1,13,0,0,1,1,1,1785487293
2026-07-31T08:50:21Z,350,24,3,1,1,1,1,1,1,1785487293
2026-07-31T08:50:21Z,351,20,3,0,3,0,1,1,1,1785487784
2026-07-31T08:50:21Z,355,23,1,0,0,0,1,1,1,1785487293
2026-07-31T08:50:21Z,356,18,2,1,0,0,1,1,1,1785487013
2026-07-31T08:50:21Z,357,13,4,6,0,0,1,1,1,1785485188
2026-07-31T08:50:21Z,358,24,4,2,1,0,1,1,1,1785487594
2026-07-31T08:50:21Z,359,22,0,5,0,0,1,1,1,1785487594
2026-07-31T08:50:21Z,360,16,4,1,2,0,1,1,1,1785487594
2026-07-31T08:50:21Z,362,17,5,0,2,0,1,1,1,1785487292
2026-07-31T08:50:21Z,363,0,0,27,0,0,1,1,1,1785483419
2026-07-31T08:50:21Z,364,19,3,0,0,0,1,1,1,1785483692
2026-07-31T08:50:21Z,365,17,5,3,3,0,1,1,1,1785487087
2026-07-31T08:50:21Z,366,15,8,1,7,0,1,1,1,1785487584
2026-07-31T08:50:21Z,367,16,9,1,2,0,1,1,1,1785487292
2026-07-31T08:50:21Z,368,20,3,1,2,0,1,1,1,1785486991
2026-07-31T08:50:21Z,370,15,8,12,0,0,1,1,1,1785486947
2026-07-31T08:50:21Z,371,4,2,14,1,0,1,1,1,1785484735
2026-07-31T08:50:21Z,372,8,2,7,0,0,1,1,1,1785487594
2026-07-31T08:50:21Z,373,24,8,3,0,0,1,1,1,1785486433
2026-07-31T08:50:21Z,374,17,7,0,2,0,1,1,1,1785487515
2026-07-31T08:50:21Z,375,20,5,4,3,0,1,1,1,1785487593
2026-07-31T08:50:21Z,376,29,3,4,6,0,1,1,1,1785487593
2026-07-31T08:50:21Z,377,25,9,2,0,0,1,1,1,1785487594
2026-07-31T08:50:21Z,378,22,5,0,1,1,1,1,1,1785487744
2026-07-31T08:50:21Z,379,14,0,13,0,0,1,1,1,1785487594
2026-07-31T08:50:21Z,380,21,7,1,1,0,1,1,1,1785487594
2026-07-31T08:50:21Z,381,13,0,10,0,0,1,1,1,1785487594
2026-07-31T08:50:21Z,383,12,0,1,2,0,1,1,1,1785487522
2026-07-31T08:50:21Z,384,26,1,0,1,0,1,1,1,1785487594
2026-07-31T08:50:21Z,385,14,2,2,2,0,1,1,1,1785487594
2026-07-31T08:50:21Z,387,21,2,2,0,0,1,1,1,1785487594
2026-07-31T08:50:21Z,388,16,3,33,0,0,1,1,1,1785485188
2026-07-31T08:50:21Z,389,9,8,6,0,0,1,1,1,1785487293
2026-07-31T08:50:21Z,390,18,0,17,0,0,1,1,1,1785487516
2026-07-31T08:50:21Z,391,4,0,10,1,0,1,1,1,1785487292
2026-07-31T08:50:21Z,392,3,3,15,1,0,1,1,1,1785487694
2026-07-31T08:50:21Z,393,3,3,5,3,0,1,1,1,1785487292
2026-07-31T08:50:21Z,394,9,6,2,2,0,1,1,1,1785487594
2026-07-31T08:50:21Z,396,7,7,32,3,0,1,1,1,1785487595
2026-07-31T08:50:21Z,397,4,4,27,0,0,1,1,1,1785479502
2026-07-31T08:50:21Z,399,13,2,2,2,0,1,1,1,1785487594
2026-07-31T08:50:21Z,400,11,6,9,3,0,1,1,1,1785487593
2026-07-31T08:50:21Z,401,9,0,22,8,0,1,1,1,1785487384
2026-07-31T08:50:21Z,403,4,0,25,2,0,1,1,1,1785487594
2026-07-31T08:50:21Z,404,2,1,20,1,0,1,1,1,1785486690
2026-07-31T08:50:21Z,406,2,0,32,1,0,1,1,1,1785486993
2026-07-31T08:50:21Z,407,16,3,17,1,0,1,1,1,1785484887
2026-07-31T08:50:21Z,408,12,2,20,1,0,1,1,1,1785480622
2026-07-31T08:50:21Z,409,0,0,20,3,0,1,1,1,1785474552
2026-07-31T08:50:21Z,413,21,5,0,2,0,1,1,1,1785487092
2026-07-31T08:50:21Z,414,13,4,1,1,0,1,1,1,1785485488
2026-07-31T08:50:21Z,417,11,7,8,0,0,1,1,1,1785478784
2026-07-31T08:50:21Z,418,1,0,13,1,0,1,1,1,1785476979
2026-07-31T08:50:21Z,419,10,0,12,1,0,1,1,1,1785476705
2026-07-31T08:50:21Z,421,1,0,18,0,0,1,1,1,1785475529
2026-07-31T08:50:21Z,422,3,3,24,0,0,1,1,1,1785484728
2026-07-31T08:50:21Z,423,6,1,17,0,0,1,1,1,1785477801
2026-07-31T08:50:21Z,424,2,1,10,3,0,1,1,1,1785487658
2026-07-31T08:50:21Z,425,20,0,1,0,1,1,1,1,1785485489
2026-07-31T08:50:21Z,426,0,0,35,2,0,1,1,1,1785483994
2026-07-31T08:50:21Z,427,14,1,0,2,0,1,1,1,1785487493
2026-07-31T08:50:21Z,428,14,1,4,1,0,1,1,1,1785485758
2026-07-31T08:50:21Z,429,1,0,20,2,0,1,1,1,1785486940
2026-07-31T08:50:21Z,430,28,0,0,3,0,1,1,1,1785485488
2026-07-31T08:50:21Z,431,14,0,18,1,0,1,1,1,1785477264
2026-07-31T08:50:21Z,432,19,0,10,2,0,1,1,1,1785484695
2026-07-31T08:50:21Z,433,19,6,3,1,0,1,1,1,1785477238
2026-07-31T08:50:21Z,437,3,1,15,1,0,1,1,1,1785486178
2026-07-31T08:50:21Z,438,17,0,1,1,0,1,1,1,1785487667
2026-07-31T08:50:21Z,439,5,0,10,0,0,1,1,1,1785472574
2026-07-31T08:50:21Z,440,13,1,0,2,0,1,1,1,1785485156
2026-07-31T08:50:21Z,441,10,2,4,1,0,1,1,1,1785485488
2026-07-31T08:50:21Z,442,17,9,1,1,0,1,1,1,1785481675
2026-07-31T08:50:21Z,443,4,2,23,0,0,1,1,1,1785485488
2026-07-31T08:50:21Z,444,2,2,21,0,0,1,1,1,1785485488
2026-07-31T08:50:21Z,445,7,2,15,1,0,1,1,1,1785487578
2026-07-31T08:50:21Z,446,1,1,21,1,0,1,1,1,1785470328
2026-07-31T08:50:21Z,447,3,0,18,1,1,1,1,1,1785485488
2026-07-31T08:50:21Z,448,9,4,5,1,0,1,1,1,1785484738
2026-07-31T08:50:21Z,452,8,6,10,1,0,1,1,1,1785487661
2026-07-31T08:50:21Z,453,7,5,7,1,0,1,1,1,1785486105
2026-07-31T08:50:21Z,454,9,0,10,0,0,1,1,1,1785484271
2026-07-31T08:50:21Z,455,0,0,39,0,0,1,1,1,1785483866
2026-07-31T08:50:21Z,456,9,0,10,1,0,1,1,1,1785487510
2026-07-31T08:50:21Z,457,25,2,0,2,0,1,1,1,1785481257
2026-07-31T08:50:21Z,458,15,6,8,0,0,1,1,1,1785487229
2026-07-31T08:50:21Z,459,15,0,0,0,0,1,1,1,1785485789
2026-07-31T08:50:21Z,460,20,2,2,1,0,1,1,1,1785484847
2026-07-31T08:50:21Z,461,6,1,13,0,0,1,1,1,1785485789
2026-07-31T08:50:21Z,462,9,0,12,0,0,1,1,1,1785486367
2026-07-31T08:50:21Z,463,13,1,6,0,0,1,1,1,1785475514
2026-07-31T08:50:21Z,464,3,1,11,0,0,1,1,1,1785485789
2026-07-31T08:50:21Z,465,0,0,14,1,0,1,1,1,1785485789
2026-07-31T08:50:21Z,466,11,3,2,2,0,1,1,1,1785485789
2026-07-31T08:50:21Z,467,5,1,13,1,0,1,1,1,1785471818
2026-07-31T08:50:21Z,468,17,1,1,1,0,1,1,1,1785485789
2026-07-31T08:50:21Z,469,2,1,21,0,0,1,1,1,1785473803
2026-07-31T08:50:21Z,470,13,1,0,2,0,1,1,1,1785487665
2026-07-31T08:50:21Z,471,22,2,5,0,0,1,1,1,1785486657
2026-07-31T08:50:21Z,472,18,6,0,1,0,1,1,1,1785487633
2026-07-31T08:50:21Z,473,19,5,0,0,0,1,1,1,1785485789
2026-07-31T08:50:21Z,474,18,0,1,0,0,1,1,1,1785485789
2026-07-31T08:50:21Z,475,3,0,15,1,0,1,1,1,1785485789
2026-07-31T08:50:21Z,477,11,8,3,1,0,1,1,1,1785486182
2026-07-31T08:50:21Z,478,6,0,24,1,0,1,1,1,1785485789
2026-07-31T08:50:21Z,479,1,1,24,2,0,1,1,1,1785487379
2026-07-31T08:50:21Z,480,2,0,10,3,0,1,1,1,1785485789
2026-07-31T08:50:21Z,481,26,1,8,1,0,1,1,1,1785487711
2026-07-31T08:50:21Z,482,18,6,1,0,0,1,1,1,1785484337
2026-07-31T08:50:21Z,483,1,0,24,2,0,1,1,1,1785487614
2026-07-31T08:50:21Z,484,9,2,9,1,0,1,1,1,1785487556
2026-07-31T08:50:21Z,485,16,6,1,1,1,1,1,1,1785487684
2026-07-31T08:50:21Z,486,25,6,0,2,0,1,1,1,1785487664
2026-07-31T08:50:21Z,487,7,4,11,1,0,1,1,1,1785486902
2026-07-31T08:50:21Z,489,13,6,2,0,0,1,1,1,1785487212
2026-07-31T08:50:21Z,490,2,1,14,0,0,1,1,1,1785486473
2026-07-31T08:50:21Z,491,4,1,17,0,0,1,1,1,1785486090
2026-07-31T08:50:21Z,492,5,3,2,4,0,1,1,1,1785487810
2026-07-31T08:50:21Z,493,0,0,26,1,0,1,1,1,1785478572
2026-07-31T08:50:21Z,495,10,0,2,3,0,1,1,1,1785485719
2026-07-31T08:50:21Z,496,27,1,0,0,0,1,1,1,1785486089
2026-07-31T08:50:21Z,497,17,0,1,1,0,1,1,1,1785473754
2026-07-31T08:50:21Z,498,22,3,0,1,0,1,1,1,1785486119
2026-07-31T08:50:21Z,499,17,1,1,1,0,1,1,1,1785487523
2026-07-31T08:50:21Z,500,8,4,1,6,0,1,1,1,1785487503
2026-07-31T08:50:21Z,501,10,4,11,0,0,1,1,1,1785487422
2026-07-31T08:50:21Z,502,6,0,13,0,0,1,1,1,1785486089
2026-07-31T08:50:21Z,503,26,0,4,1,0,1,1,1,1785482589
2026-07-31T08:50:21Z,504,0,0,39,0,0,1,1,1,1785486562
2026-07-31T08:50:21Z,505,10,1,1,1,0,1,1,1,1785487586
2026-07-31T08:50:21Z,511,2,1,21,0,0,1,1,1,1785486354
2026-07-31T08:50:21Z,512,7,0,20,0,0,1,1,1,1785480589
2026-07-31T08:50:21Z,514,10,0,0,1,0,1,1,1,1785486089
2026-07-31T08:50:21Z,515,2,0,17,0,0,1,1,1,1785475097
2026-07-31T08:50:21Z,516,0,0,27,0,0,1,1,1,1785484039
2026-07-31T08:50:21Z,517,14,3,8,1,0,1,1,1,1785486090
2026-07-31T08:50:21Z,518,14,1,0,1,0,1,1,1,1785486390
2026-07-31T08:50:21Z,519,4,0,13,2,0,1,1,1,1785487431
2026-07-31T08:50:21Z,520,11,7,10,5,1,1,1,1,1785487809
2026-07-31T08:50:21Z,521,18,5,5,0,0,1,1,1,1785485835
2026-07-31T08:50:21Z,522,0,0,22,1,0,1,1,1,1785486390
2026-07-31T08:50:21Z,523,6,3,16,1,0,1,1,1,1785481269
2026-07-31T08:50:21Z,524,1,0,22,0,0,1,1,1,1785486695
2026-07-31T08:50:21Z,525,9,0,10,0,0,1,1,1,1785484441
2026-07-31T08:50:21Z,526,13,1,0,2,0,1,1,1,1785486390
2026-07-31T08:50:21Z,527,6,4,17,3,0,1,1,1,1785487724
2026-07-31T08:50:21Z,528,21,2,1,1,0,1,1,1,1785486390
2026-07-31T08:50:21Z,529,6,3,7,6,0,1,1,1,1785487809
2026-07-31T08:50:21Z,530,16,1,3,2,0,1,1,1,1785482854
2026-07-31T08:50:21Z,531,21,1,0,1,1,1,1,1,1785485732
2026-07-31T08:50:21Z,532,3,3,26,1,1,1,1,1,1785481447
2026-07-31T08:50:21Z,533,8,1,9,2,0,1,1,1,1785486390
2026-07-31T08:50:21Z,534,16,2,7,0,0,1,1,1,1785486465
2026-07-31T08:50:21Z,535,2,0,13,0,0,1,1,1,1785486390
2026-07-31T08:50:21Z,536,1,0,22,0,0,1,1,1,1785485983
2026-07-31T08:50:21Z,537,0,0,20,0,0,1,1,1,1785482824
2026-07-31T08:50:21Z,538,21,8,0,0,2,1,1,1,1785487785
2026-07-31T08:50:21Z,539,4,4,27,0,0,1,1,1,1785470894
2026-07-31T08:50:21Z,540,2,1,17,0,0,1,1,1,1785486391
2026-07-31T08:50:21Z,541,26,2,0,1,0,1,1,1,1785486390
2026-07-31T08:50:21Z,542,2,2,21,0,0,1,1,1,1785486390
2026-07-31T08:50:21Z,543,17,2,1,1,0,1,1,1,1785477292
2026-07-31T08:50:21Z,544,14,1,4,4,0,1,1,1,1785486390
2026-07-31T08:50:21Z,545,0,0,17,2,0,1,1,1,1785486390
2026-07-31T08:50:21Z,546,15,7,4,0,0,1,1,1,1785487438
2026-07-31T08:50:21Z,547,19,0,6,0,0,1,1,1,1785484975
2026-07-31T08:50:21Z,548,14,1,9,0,0,1,1,1,1785486390
2026-07-31T08:50:21Z,549,20,0,3,0,0,1,1,1,1785486390
2026-07-31T08:50:21Z,550,17,2,2,0,0,1,1,1,1785486390
2026-07-31T08:50:21Z,551,16,4,7,0,0,1,1,1,1785486390
2026-07-31T08:50:21Z,552,27,3,0,0,0,1,1,1,1785486390
2026-07-31T08:50:21Z,553,20,4,0,2,1,1,1,1,1785486587
2026-07-31T08:50:21Z,554,1,1,18,0,0,1,1,1,1785486691
2026-07-31T08:50:21Z,555,14,6,0,1,0,1,1,1,1785473227
2026-07-31T08:50:21Z,556,21,4,0,2,0,1,1,1,1785487524
2026-07-31T08:50:21Z,557,6,4,12,5,0,1,1,1,1785481664
2026-07-31T08:50:21Z,558,27,4,10,0,0,1,1,1,1785482878
2026-07-31T08:50:21Z,559,0,0,18,1,0,1,1,1,1785486390
2026-07-31T08:50:21Z,560,9,0,18,0,0,1,1,1,1785487671
2026-07-31T08:50:21Z,561,13,1,9,1,0,1,1,1,1785486390
2026-07-31T08:50:21Z,562,3,0,29,3,0,1,1,1,1785486691
2026-07-31T08:50:21Z,563,11,1,3,0,0,1,1,1,1785482241
2026-07-31T08:50:21Z,564,12,0,6,1,0,1,1,1,1785482523
2026-07-31T08:50:21Z,565,6,2,13,0,0,1,1,1,1785482411
2026-07-31T08:50:21Z,566,16,0,2,1,0,1,1,1,1785487631
2026-07-31T08:50:21Z,567,25,1,1,1,0,1,1,1,1785485492
2026-07-31T08:50:21Z,568,13,0,5,1,0,1,1,1,1785486691
2026-07-31T08:50:21Z,569,17,3,2,0,0,1,1,1,1785486691
2026-07-31T08:50:21Z,570,13,1,6,0,0,1,1,1,1785486691
2026-07-31T08:50:21Z,571,0,0,23,0,0,1,1,1,1785486691
2026-07-31T08:50:21Z,572,16,5,2,1,0,1,1,1,1785487407
2026-07-31T08:50:21Z,573,13,0,2,0,0,1,1,1,1785486691
2026-07-31T08:50:21Z,574,10,3,5,0,0,1,1,1,1785487243
2026-07-31T08:50:21Z,575,5,0,15,1,0,1,1,1,1785486513
2026-07-31T08:50:21Z,576,3,0,14,2,0,1,1,1,1785484547
2026-07-31T08:50:21Z,577,13,0,18,0,0,1,1,1,1785484139
2026-07-31T08:50:21Z,578,15,10,7,1,0,1,1,1,1785486996
2026-07-31T08:50:21Z,579,4,0,39,0,0,1,1,1,1785482722
2026-07-31T08:50:21Z,580,4,0,25,0,0,1,1,1,1785486691
2026-07-31T08:50:21Z,581,18,2,1,0,0,1,1,1,1785487551
2026-07-31T08:50:21Z,582,22,0,38,1,0,1,1,1,1785487807
2026-07-31T08:50:21Z,583,23,1,0,0,0,1,1,1,1785486691
2026-07-31T08:50:21Z,584,9,4,6,4,0,1,1,1,1785486691
2026-07-31T08:50:21Z,585,16,3,10,0,1,1,1,1,1785486481
2026-07-31T08:50:21Z,586,13,0,22,0,0,1,1,1,1785486958
2026-07-31T08:50:21Z,587,20,0,3,1,0,1,1,1,1785487003
2026-07-31T08:50:21Z,588,11,3,5,3,0,1,1,1,1785487565
2026-07-31T08:50:21Z,589,0,0,0,23,0,1,1,1,1785487579
2026-07-31T08:50:21Z,590,19,4,11,1,0,1,1,1,1785479272
2026-07-31T08:50:21Z,591,28,1,0,2,0,1,1,1,1785486691
2026-07-31T08:50:21Z,592,12,0,11,0,0,1,1,1,1785483987
2026-07-31T08:50:21Z,593,0,0,38,0,0,1,1,1,1785476655
2026-07-31T08:50:21Z,594,6,0,12,3,0,1,1,1,1785487628
2026-07-31T08:50:21Z,595,0,0,3,0,0,0,1,1,1784046673
2026-07-31T08:50:21Z,605,0,0,2,1,0,0,1,1,1783975843
2026-07-31T08:50:21Z,606,0,0,0,0,0,0,1,1,86400
2026-07-31T08:50:21Z,607,9,1,22,1,0,1,1,1,1785486968
2026-07-31T08:50:21Z,608,1,0,49,0,0,1,1,1,1785486736
2026-07-31T08:50:21Z,609,2,0,21,0,0,1,1,1,1785486261
2026-07-31T08:50:21Z,610,0,0,35,0,0,1,1,1,1785463583
2026-07-31T08:50:21Z,611,12,0,14,1,0,1,1,1,1785483600
2026-07-31T08:50:21Z,612,6,1,9,0,0,1,1,1,1785486691
2026-07-31T08:50:21Z,613,9,0,3,3,0,1,1,1,1785472894
2026-07-31T08:50:21Z,614,1,1,23,2,1,1,1,1,1785486629
2026-07-31T08:50:21Z,617,12,0,1,2,0,1,1,1,1785486691
2026-07-31T08:50:21Z,618,13,2,1,5,0,1,1,1,1785486690
2026-07-31T08:50:21Z,619,7,2,12,0,0,1,1,1,1785483534
2026-07-31T08:50:21Z,620,0,0,25,2,0,1,1,1,1785478133
2026-07-31T08:50:21Z,621,7,2,15,1,0,1,1,1,1785486775
2026-07-31T08:50:21Z,622,5,2,17,1,0,1,1,1,1785480182
2026-07-31T08:50:21Z,623,9,2,20,1,0,1,1,1,1785475996
2026-07-31T08:50:21Z,624,2,0,13,0,0,1,1,1,1785486691
2026-07-31T08:50:21Z,625,5,0,14,2,0,1,1,1,1785484305
2026-07-31T08:50:21Z,626,0,0,45,0,2,1,1,1,1785469585
2026-07-31T08:50:21Z,627,13,6,6,0,0,1,1,1,1785485482
2026-07-31T08:50:21Z,628,0,0,15,2,2,1,1,1,1785487800
2026-07-31T08:50:21Z,629,4,1,6,1,0,1,1,1,1785487550
2026-07-31T08:50:21Z,630,3,2,21,3,0,1,1,1,1785487677
2026-07-31T08:50:21Z,631,2,1,21,0,0,1,1,1,1785471593
2026-07-31T08:50:21Z,632,22,2,0,1,0,1,1,1,1785458363
2026-07-31T08:50:21Z,633,11,1,0,4,0,1,1,1,1785487565
2026-07-31T08:50:21Z,634,11,2,8,0,0,1,1,1,1785486991
2026-07-31T08:50:21Z,635,17,1,2,0,0,1,1,1,1785485606
2026-07-31T08:50:21Z,636,10,2,5,0,0,1,1,1,1785484858
2026-07-31T08:50:21Z,637,8,0,11,0,0,1,1,1,1785483457
2026-07-31T08:50:21Z,638,9,2,7,3,0,1,1,1,1785473314
2026-07-31T08:50:21Z,639,5,1,11,3,0,1,1,1,1785479066
2026-07-31T08:50:21Z,640,1,1,21,1,0,1,1,1,1785487677
2026-07-31T08:50:21Z,641,21,1,3,2,0,1,1,1,1785487278
2026-07-31T08:50:21Z,642,4,2,7,8,0,1,1,1,1785487811
2026-07-31T08:50:21Z,643,1,0,18,8,0,1,1,1,1785487811
2026-07-31T08:50:21Z,644,12,0,2,1,0,1,1,1,1785486991
2026-07-31T08:50:21Z,645,13,0,8,1,1,1,1,1,1785487301
2026-07-31T08:50:21Z,646,7,2,12,0,0,1,1,1,1785487557
2026-07-31T08:50:21Z,647,31,1,0,0,0,1,1,1,1785469507
2026-07-31T08:50:21Z,648,6,0,12,1,0,1,1,1,1785487726
2026-07-31T08:50:21Z,649,19,2,11,1,0,1,1,1,1785486346
2026-07-31T08:50:21Z,650,5,1,9,0,0,1,1,1,1785461548
2026-07-31T08:50:21Z,651,11,9,12,0,0,1,1,1,1785482207
2026-07-31T08:50:21Z,652,4,2,17,2,0,1,1,1,1785487665
2026-07-31T08:50:21Z,653,8,1,9,2,0,1,1,1,1785481487
2026-07-31T08:50:21Z,654,2,2,13,0,0,1,1,1,1785480995
2026-07-31T08:50:21Z,655,6,3,2,4,1,1,1,1,1785487562
2026-07-31T08:50:21Z,656,18,6,1,0,0,1,1,1,1785482316
2026-07-31T08:50:21Z,657,9,1,3,2,3,1,1,1,1785487602
2026-07-31T08:50:21Z,658,9,1,1,0,0,1,1,1,1785473427
2026-07-31T08:50:21Z,659,8,3,5,2,0,1,1,1,1785482005
2026-07-31T08:50:21Z,660,13,0,14,4,0,1,1,1,1785486756
2026-07-31T08:50:21Z,661,1,1,18,0,0,1,1,1,1785474064
2026-07-31T08:50:21Z,662,7,5,14,2,0,1,1,1,1785480458
2026-07-31T08:50:21Z,663,14,6,0,1,0,1,1,1,1785472341
2026-07-31T08:50:21Z,664,0,0,27,0,0,1,1,1,1785472715
2026-07-31T08:50:21Z,665,12,3,3,0,0,1,1,1,1785479255
2026-07-31T08:50:21Z,666,7,2,6,2,0,1,1,1,1785473808
2026-07-31T08:50:21Z,667,0,0,19,0,0,1,1,1,1785486991
2026-07-31T08:50:21Z,668,10,1,8,1,0,1,1,1,1785484022
2026-07-31T08:50:21Z,669,14,5,0,0,0,1,1,1,1785473569
2026-07-31T08:50:21Z,670,11,2,16,0,0,1,1,1,1785482280
2026-07-31T08:50:21Z,671,24,5,2,1,0,1,1,1,1785487763
2026-07-31T08:50:21Z,672,13,2,6,3,1,1,1,1,1785486991
2026-07-31T08:50:21Z,673,12,1,9,2,0,1,1,1,1785487805
2026-07-31T08:50:21Z,674,3,2,17,3,0,1,1,1,1785487751
2026-07-31T08:50:21Z,675,12,6,1,2,0,1,1,1,1785487793
2026-07-31T08:50:21Z,676,4,1,17,1,0,1,1,1,1785479831
2026-07-31T08:50:21Z,681,12,3,1,2,0,1,1,1,1785484717
2026-07-31T08:50:21Z,682,4,1,14,1,0,1,1,1,1785486991
2026-07-31T08:50:21Z,683,4,1,15,0,0,1,1,1,1785486513
2026-07-31T08:50:21Z,684,4,0,23,0,0,1,1,1,1785486991
2026-07-31T08:50:21Z,685,10,0,15,1,1,1,1,1,1785476486
2026-07-31T08:50:21Z,686,11,0,14,1,1,1,1,1,1785487780
2026-07-31T08:50:21Z,687,11,0,18,1,1,1,1,1,1785487666
2026-07-31T08:50:21Z,688,10,0,2,7,0,1,1,1,1785487732
2026-07-31T08:50:21Z,692,3,1,18,0,0,1,1,1,1785487604
2026-07-31T08:50:21Z,693,5,0,3,3,0,1,1,1,1785487179
2026-07-31T08:50:21Z,694,9,5,12,0,0,1,1,1,1785486923
2026-07-31T08:50:21Z,695,17,11,6,0,0,1,1,1,1785487057
2026-07-31T08:50:21Z,696,19,14,3,1,0,1,1,1,1785486977
2026-07-31T08:50:21Z,697,19,1,4,0,0,1,1,1,1785486580
2026-07-31T08:50:21Z,698,26,0,1,0,0,1,1,1,1785487593
2026-07-31T08:50:21Z,699,7,0,7,1,0,1,1,1,1785487474
2026-07-31T08:50:21Z,700,19,4,0,0,0,1,1,1,1785487599
2026-07-31T08:50:21Z,701,17,6,2,0,0,1,1,1,1785487029
2026-07-31T08:50:21Z,702,19,0,4,0,0,1,1,1,1785487612
2026-07-31T08:50:21Z,704,9,2,6,0,0,1,1,1,1785486433
2026-07-31T08:50:21Z,705,5,3,9,1,0,1,1,1,1785487713
2026-07-31T08:50:21Z,706,12,2,0,3,0,1,1,1,1785486994
2026-07-31T08:50:21Z,707,10,2,5,0,0,1,1,1,1785487639
2026-07-31T08:50:21Z,708,19,3,0,0,0,1,1,1,1785486025
2026-07-31T08:50:21Z,709,11,1,1,3,0,1,1,1,1785487585
2026-07-31T08:50:21Z,710,16,3,2,1,0,1,1,1,1785487071
2026-07-31T08:50:21Z,711,19,4,0,4,0,1,1,1,1785487135
2026-07-31T08:50:21Z,712,15,10,0,0,0,1,1,1,1785487013
2026-07-31T08:50:21Z,713,7,0,16,0,0,1,1,1,1785486288
2026-07-31T08:50:21Z,716,3,1,12,0,0,1,1,1,1785487356
2026-07-31T08:50:21Z,717,2,1,20,3,0,1,1,1,1785487431
2026-07-31T08:50:21Z,718,3,1,11,1,0,1,1,1,1785487545
2026-07-31T08:50:21Z,719,7,1,22,0,0,1,1,1,1785486588
2026-07-31T08:50:21Z,720,2,1,17,0,0,1,1,1,1785487649
2026-07-31T08:50:21Z,721,0,0,21,2,0,1,1,1,1785486626
2026-07-31T08:50:21Z,722,5,0,10,0,0,1,1,1,1785487402
2026-07-31T08:50:21Z,723,12,1,11,0,0,1,1,1,1785487435
2026-07-31T08:50:21Z,724,21,4,2,0,0,1,1,1,1785486774
2026-07-31T08:50:21Z,725,22,6,0,1,0,1,1,1,1785486341
2026-07-31T08:50:21Z,726,19,3,0,0,0,1,1,1,1785486990
2026-07-31T08:50:21Z,727,9,4,12,2,0,1,1,1,1785486572
2026-07-31T08:50:21Z,728,9,0,5,1,0,1,1,1,1785486991
2026-07-31T08:50:21Z,729,6,0,13,0,0,1,1,1,1785487011
2026-07-31T08:50:21Z,730,3,2,10,2,0,1,1,1,1785486991
2026-07-31T08:50:21Z,731,10,3,4,1,0,1,1,1,1785487658
2026-07-31T08:50:21Z,732,9,5,6,0,0,1,1,1,1785487128
2026-07-31T08:50:21Z,733,4,0,23,0,0,1,1,1,1785487667
2026-07-31T08:50:21Z,734,0,0,14,0,0,1,1,1,1785486848
2026-07-31T08:50:21Z,735,4,3,23,0,0,1,1,1,1785487531
2026-07-31T08:50:21Z,736,7,1,12,0,0,1,1,1,1785487593
2026-07-31T08:50:21Z,737,4,3,10,0,1,1,1,1,1785486255
2026-07-31T08:50:21Z,738,17,6,0,2,0,1,1,1,1785486712
2026-07-31T08:50:21Z,739,19,2,7,1,0,1,1,1,1785487688
2026-07-31T08:50:21Z,741,7,1,16,0,0,1,1,1,1785486990
2026-07-31T08:50:21Z,742,7,2,25,3,0,1,1,1,1785487810
2026-07-31T08:50:21Z,743,8,3,9,2,0,1,1,1,1785486032
2026-07-31T08:50:21Z,744,11,4,3,1,0,1,1,1,1785486541
2026-07-31T08:50:21Z,745,14,4,4,1,0,1,1,1,1785486991
2026-07-31T08:50:21Z,746,12,3,9,2,0,1,1,1,1785487335
2026-07-31T08:50:21Z,747,0,0,4,0,0,0,1,1,1783446606
2026-07-31T08:50:21Z,748,10,1,13,0,0,1,1,1,1785487330
2026-07-31T08:50:21Z,749,7,5,15,1,0,1,1,1,1785487244
2026-07-31T08:50:21Z,750,4,2,7,0,0,1,1,1,1785487604
2026-07-31T08:50:21Z,751,8,0,15,0,0,1,1,1,1785487455
2026-07-31T08:50:21Z,752,13,1,3,1,0,1,1,1,1785482301
2026-07-31T08:50:21Z,753,4,0,11,0,0,1,1,1,1785486990
2026-07-31T08:50:21Z,754,2,2,12,1,0,1,1,1,1785487098
2026-07-31T08:50:21Z,755,12,3,10,1,0,1,1,1,1785487215
2026-07-31T08:50:21Z,756,2,0,35,0,0,1,1,1,1785487291
2026-07-31T08:50:21Z,757,18,9,1,0,0,1,1,1,1785487326
2026-07-31T08:50:21Z,758,23,4,0,0,0,1,1,1,1785487292
2026-07-31T08:50:21Z,759,5,3,10,0,0,1,1,1,1785486663
2026-07-31T08:50:21Z,760,8,3,11,0,0,1,1,1,1785472022
2026-07-31T08:50:21Z,761,16,0,7,0,0,1,1,1,1785487779
2026-07-31T08:50:21Z,762,7,4,4,4,0,1,1,1,1785487608
2026-07-31T08:50:21Z,768,8,0,8,3,0,1,1,1,1785487291
2026-07-31T08:50:21Z,769,16,12,3,0,0,1,1,1,1785487292
2026-07-31T08:50:21Z,770,11,3,6,2,0,1,1,1,1785486330
2026-07-31T08:50:21Z,771,13,3,1,1,0,1,1,1,1785487578
2026-07-31T08:50:21Z,772,7,3,8,0,0,1,1,1,1785487291
2026-07-31T08:50:21Z,773,15,4,4,0,0,1,1,1,1785486215
2026-07-31T08:50:21Z,774,9,5,3,3,0,1,1,1,1785486171
2026-07-31T08:50:21Z,775,6,0,11,1,1,1,1,1,1785468483
2026-07-31T08:50:21Z,776,3,1,17,1,0,1,1,1,1785486546
2026-07-31T08:50:21Z,777,10,0,2,3,0,1,1,1,1785486282
2026-07-31T08:50:21Z,778,13,0,3,3,0,1,1,1,1785487316
2026-07-31T08:50:21Z,779,8,1,10,1,0,1,1,1,1785487292
2026-07-31T08:50:21Z,780,17,4,1,1,0,1,1,1,1785487312
2026-07-31T08:50:21Z,781,6,2,3,2,0,1,1,1,1785487086
2026-07-31T08:50:21Z,782,5,3,10,4,0,1,1,1,1785486048
2026-07-31T08:50:21Z,783,7,1,12,0,0,1,1,1,1785487140
2026-07-31T08:50:21Z,784,15,2,4,0,0,1,1,1,1785486748
2026-07-31T08:50:21Z,785,11,2,2,6,0,1,1,1,1785487291
2026-07-31T08:50:21Z,786,11,5,8,0,0,1,1,1,1785486953
2026-07-31T08:50:21Z,787,11,5,2,2,0,1,1,1,1785486597
2026-07-31T08:50:21Z,788,3,0,12,0,0,1,1,1,1785487632
2026-07-31T08:50:21Z,789,9,2,2,4,0,1,1,1,1785486051
2026-07-31T08:50:21Z,790,0,0,23,0,0,1,1,1,1785486441
2026-07-31T08:50:21Z,791,7,2,11,0,1,1,1,1,1785487789
2026-07-31T08:50:21Z,793,4,0,10,1,0,1,1,1,1785486195
2026-07-31T08:50:21Z,794,8,3,19,2,0,1,1,1,1785486640
2026-07-31T08:50:21Z,796,0,0,17,2,0,1,1,1,1785487798
2026-07-31T08:50:21Z,797,1,0,14,0,0,1,1,1,1785487593
2026-07-31T08:50:21Z,798,6,0,18,1,0,1,1,1,1785487626
2026-07-31T08:50:21Z,799,14,1,1,4,0,1,1,1,1785487766
2026-07-31T08:50:21Z,800,0,0,20,1,0,1,1,1,1785487391
2026-07-31T08:50:21Z,801,4,2,16,1,0,1,1,1,1785487291
2026-07-31T08:50:21Z,802,8,0,23,0,0,1,1,1,1785486098
2026-07-31T08:50:21Z,803,1,1,14,0,0,1,1,1,1785487600
2026-07-31T08:50:21Z,806,8,3,7,0,0,1,1,1,1785487795
2026-07-31T08:50:21Z,807,14,0,8,3,0,1,1,1,1785486381
2026-07-31T08:50:21Z,808,0,0,23,2,0,1,1,1,1785472976
2026-07-31T08:50:21Z,809,5,1,17,1,0,1,1,1,1785487766
2026-07-31T08:50:21Z,810,2,0,13,4,0,1,1,1,1785486421
2026-07-31T08:50:21Z,815,4,1,6,4,1,1,1,1,1785487312
2026-07-31T08:50:21Z,817,10,5,5,0,0,1,1,1,1785487292
2026-07-31T08:50:21Z,818,6,0,16,1,0,1,1,1,1785486512
2026-07-31T08:50:21Z,819,6,4,9,0,0,1,1,1,1785487291
2026-07-31T08:50:21Z,820,8,2,9,0,0,1,1,1,1785487402
2026-07-31T08:50:21Z,821,2,1,13,0,0,1,1,1,1785486152
2026-07-31T08:50:21Z,822,1,0,20,2,0,1,1,1,1785486462
2026-07-31T08:50:21Z,823,0,0,14,1,0,1,1,1,1785487429
2026-07-31T08:50:21Z,824,10,3,8,1,0,1,1,1,1785486896
2026-07-31T08:50:21Z,825,8,5,7,0,0,1,1,1,1785462716
2026-07-31T08:50:21Z,826,10,2,8,1,0,1,1,1,1785486900
2026-07-31T08:50:21Z,827,16,5,4,1,0,1,1,1,1785486393
2026-07-31T08:50:21Z,828,10,0,7,1,0,1,1,1,1785487566
2026-07-31T08:50:21Z,829,16,7,11,0,0,1,1,1,1785487593
2026-07-31T08:50:21Z,830,11,2,11,1,0,1,1,1,1785487291
2026-07-31T08:50:21Z,831,7,2,7,1,0,1,1,1,1785487404
2026-07-31T08:50:21Z,832,10,3,5,3,0,1,1,1,1785487593
2026-07-31T08:50:21Z,833,1,0,17,1,0,1,1,1,1785487310
2026-07-31T08:50:21Z,834,1,0,22,1,0,1,1,1,1785487291
2026-07-31T08:50:21Z,835,16,6,0,2,0,1,1,1,1785487291
2026-07-31T08:50:21Z,837,5,1,0,10,0,1,1,1,1785487604
2026-07-31T08:50:21Z,838,13,3,2,0,0,1,1,1,1785486324
2026-07-31T08:50:21Z,839,19,0,10,0,0,1,1,1,1785487737
2026-07-31T08:50:21Z,840,8,3,19,2,0,1,1,1,1785486775
2026-07-31T08:50:21Z,841,7,1,8,0,0,1,1,1,1785487401
2026-07-31T08:50:21Z,842,7,2,16,0,0,1,1,1,1785487291
2026-07-31T08:50:21Z,843,8,0,22,1,0,1,1,1,1785487416
2026-07-31T08:50:21Z,844,6,0,17,0,0,1,1,1,1785487384
2026-07-31T08:50:21Z,845,5,3,12,2,0,1,1,1,1785487572
2026-07-31T08:50:21Z,846,4,0,13,2,0,1,1,1,1785487291
2026-07-31T08:50:21Z,847,7,1,20,0,0,1,1,1,1785486483
2026-07-31T08:50:21Z,848,10,3,8,1,0,1,1,1,1785485156
2026-07-31T08:50:21Z,849,7,2,8,0,0,1,1,1,1785486556
2026-07-31T08:50:21Z,850,9,0,1,1,0,1,1,1,1785487309
2026-07-31T08:50:21Z,851,3,3,32,2,0,1,1,1,1785486625
2026-07-31T08:50:21Z,852,12,6,7,0,0,1,1,1,1785487290
2026-07-31T08:50:21Z,853,10,5,13,0,0,1,1,1,1785486341
2026-07-31T08:50:21Z,854,4,2,11,0,0,1,1,1,1785486419
2026-07-31T08:50:21Z,855,25,0,2,0,0,1,1,1,1785485421
2026-07-31T08:50:21Z,857,1,1,18,0,0,1,1,1,1785487487
2026-07-31T08:50:21Z,858,4,1,14,1,0,1,1,1,1785486125
2026-07-31T08:50:21Z,859,3,0,17,1,0,1,1,1,1785486353
2026-07-31T08:50:21Z,861,8,1,2,1,0,1,1,1,1785455675
2026-07-31T08:50:21Z,862,2,1,13,0,0,1,1,1,1785487429
2026-07-31T08:50:21Z,863,13,0,5,1,0,1,1,1,1785472897
2026-07-31T08:50:21Z,866,9,3,10,0,0,1,1,1,1785487725
2026-07-31T08:50:21Z,867,12,0,3,0,0,1,1,1,1785487045
2026-07-31T08:50:21Z,868,13,2,2,0,0,1,1,1,1785487248
2026-07-31T08:50:21Z,870,7,4,6,2,0,1,1,1,1785487465
2026-07-31T08:50:21Z,871,0,0,10,1,0,1,1,1,1785486849
2026-07-31T08:50:21Z,872,0,0,14,1,0,1,1,1,1785487386
2026-07-31T08:50:21Z,873,0,0,32,1,0,1,1,1,1785487354
2026-07-31T08:50:21Z,874,5,2,7,3,0,1,1,1,1785487546
2026-07-31T08:50:21Z,875,14,10,0,1,0,1,1,1,1785487527
2026-07-31T08:50:21Z,877,11,10,6,2,0,1,1,1,1785486987
2026-07-31T08:50:21Z,878,3,2,15,1,0,1,1,1,1785487567
2026-07-31T08:50:21Z,879,1,0,18,0,0,1,1,1,1785486610
2026-07-31T08:50:21Z,880,3,0,19,1,0,1,1,1,1785487529
2026-07-31T08:50:21Z,881,2,0,17,0,0,1,1,1,1785487420
2026-07-31T08:50:21Z,882,11,0,6,2,0,1,1,1,1785457778
2026-07-31T08:50:21Z,883,10,6,9,0,0,1,1,1,1785487692
2026-07-31T08:50:21Z,884,11,7,10,0,0,1,1,1,1785487245
2026-07-31T08:50:21Z,885,1,0,18,0,0,1,1,1,1785487270
2026-07-31T08:50:21Z,886,16,1,11,2,0,1,1,1,1785486991
2026-07-31T08:50:21Z,887,2,1,12,3,0,1,1,1,1785486177
2026-07-31T08:50:21Z,888,12,0,27,2,0,1,1,1,1785487753
2026-07-31T08:50:21Z,889,17,1,0,2,0,1,1,1,1785487579
2026-07-31T08:50:21Z,890,7,4,8,0,0,1,1,1,1785472287
2026-07-31T08:50:21Z,891,20,0,2,1,0,1,1,1,1785486759
2026-07-31T08:50:21Z,892,13,1,2,0,0,1,1,1,1785469848
2026-07-31T08:50:21Z,895,0,0,18,1,0,1,1,1,1785465808
2026-07-31T08:50:21Z,896,6,0,29,0,0,1,1,1,1785483234
2026-07-31T08:50:21Z,897,11,1,10,0,0,1,1,1,1785487457
2026-07-31T08:50:21Z,898,2,0,17,0,0,1,1,1,1785487593
2026-07-31T08:50:21Z,899,0,0,18,1,0,1,1,1,1785486421
2026-07-31T08:50:21Z,900,19,1,7,1,0,1,1,1,1785487291
2026-07-31T08:50:21Z,901,12,0,6,1,0,1,1,1,1785486128
2026-07-31T08:50:21Z,902,9,0,5,1,0,1,1,1,1785487131
2026-07-31T08:50:21Z,903,15,2,4,0,0,1,1,1,1785486560
2026-07-31T08:50:21Z,904,10,4,8,1,0,1,1,1,1785487578
2026-07-31T08:50:21Z,905,4,0,23,0,0,1,1,1,1785487673
2026-07-31T08:50:21Z,906,7,4,20,0,0,1,1,1,1785486602
2026-07-31T08:50:21Z,907,6,1,25,0,0,1,1,1,1785487763
2026-07-31T08:50:21Z,908,11,0,12,0,0,1,1,1,1785487562
2026-07-31T08:50:21Z,909,14,4,8,1,0,1,1,1,1785487370
2026-07-31T08:50:21Z,910,20,0,11,0,0,1,1,1,1785487476
2026-07-31T08:50:21Z,911,3,0,16,0,0,1,1,1,1785487123
2026-07-31T08:50:21Z,912,9,5,12,2,0,1,1,1,1785486222
2026-07-31T08:50:21Z,913,3,1,16,0,0,1,1,1,1785486287
2026-07-31T08:50:21Z,914,6,1,13,0,0,1,1,1,1785487016
2026-07-31T08:50:21Z,915,7,0,15,1,0,1,1,1,1785487676
2026-07-31T08:50:21Z,916,23,8,0,0,0,1,1,1,1785487718
2026-07-31T08:50:21Z,917,3,0,30,2,0,1,1,1,1785486938
2026-07-31T08:50:21Z,918,13,5,4,2,0,1,1,1,1785487491
2026-07-31T08:50:21Z,919,13,3,25,1,0,1,1,1,1785487659
2026-07-31T08:50:21Z,920,4,2,15,0,0,1,1,1,1785486106
2026-07-31T08:50:21Z,921,12,0,9,0,0,1,1,1,1785487253
2026-07-31T08:50:21Z,922,3,1,17,1,0,1,1,1,1785487238
2026-07-31T08:50:21Z,923,19,2,0,0,0,1,1,1,1785487757
2026-07-31T08:50:21Z,924,8,2,13,0,0,1,1,1,1785486452
2026-07-31T08:50:21Z,925,13,0,8,0,0,1,1,1,1785487729
2026-07-31T08:50:21Z,926,0,0,21,0,0,1,1,1,1785486057
2026-07-31T08:50:21Z,927,1,0,34,0,0,1,1,1,1785487592
2026-07-31T08:50:21Z,928,5,3,14,0,0,1,1,1,1785464301
2026-07-31T08:50:21Z,929,0,0,23,0,0,1,1,1,1785486883
2026-07-31T08:50:21Z,930,0,0,30,1,0,1,1,1,1785487593
2026-07-31T08:50:21Z,931,8,3,15,0,0,1,1,1,1785487800
2026-07-31T08:50:21Z,932,4,0,12,3,0,1,1,1,1785487642
2026-07-31T08:50:21Z,933,0,0,23,0,0,1,1,1,1785487292
2026-07-31T08:50:21Z,934,2,0,28,1,0,1,1,1,1785487291
2026-07-31T08:50:21Z,935,9,2,9,1,0,1,1,1,1785487592
2026-07-31T08:50:21Z,936,4,1,15,0,0,1,1,1,1785456801
2026-07-31T08:50:21Z,940,10,0,1,0,0,1,1,1,1785487595
2026-07-31T08:50:21Z,941,10,1,13,2,0,1,1,1,1785487593
2026-07-31T08:50:21Z,942,5,0,16,0,0,1,1,1,1785487724
2026-07-31T08:50:21Z,943,9,8,6,0,0,1,1,1,1785487593
2026-07-31T08:50:21Z,944,9,8,6,0,0,1,1,1,1785487592
2026-07-31T08:50:21Z,945,10,8,5,0,0,1,1,1,1785487593
2026-07-31T08:50:21Z,946,7,5,12,0,0,1,1,1,1785487593
2026-07-31T08:50:21Z,947,7,5,10,0,0,1,1,1,1785487593
2026-07-31T08:50:21Z,948,26,8,0,5,0,1,1,1,1785487692
2026-07-31T08:50:21Z,949,1,0,14,0,0,1,1,1,1785487429
2026-07-31T08:50:21Z,950,16,4,0,1,0,1,1,1,1785487593
2026-07-31T08:50:21Z,951,18,4,5,0,0,1,1,1,1785487593
2026-07-31T08:50:21Z,952,7,0,48,0,0,1,1,1,1785486823
2026-07-31T08:50:21Z,953,14,2,0,1,0,1,1,1,1785487592
2026-07-31T08:50:21Z,954,18,4,1,0,0,1,1,1,1785487593
2026-07-31T08:50:21Z,955,4,3,17,6,0,1,1,1,1785486394
2026-07-31T08:50:21Z,956,21,1,1,1,0,1,1,1,1785487367
2026-07-31T08:50:21Z,957,15,0,14,0,0,1,1,1,1785487593
2026-07-31T08:50:21Z,958,19,0,12,0,0,1,1,1,1785487593
2026-07-31T08:50:21Z,959,20,8,0,3,0,1,1,1,1785487620
2026-07-31T08:50:21Z,960,22,1,0,1,0,1,1,1,1785487695
2026-07-31T08:50:21Z,961,2,1,17,4,0,1,1,1,1785487593
2026-07-31T08:50:21Z,962,8,3,24,3,0,1,1,1,1785487593
2026-07-31T08:50:21Z,963,6,0,16,1,0,1,1,1,1785487594
2026-07-31T08:50:21Z,964,20,8,2,1,0,1,1,1,1785487042
2026-07-31T08:50:21Z,965,5,1,21,1,0,1,1,1,1785487656
2026-07-31T08:50:21Z,966,27,0,4,0,0,1,1,1,1785487594
2026-07-31T08:50:21Z,967,20,0,0,1,0,1,1,1,1785487593
2026-07-31T08:50:21Z,968,14,0,4,1,0,1,1,1,1785487593
2026-07-31T08:50:21Z,969,11,7,15,1,0,1,1,1,1785487593
2026-07-31T08:50:21Z,970,11,1,7,1,0,1,1,1,1785487650
2026-07-31T08:50:21Z,971,15,0,7,1,0,1,1,1,1785487618
2026-07-31T08:50:21Z,972,9,1,13,1,0,1,1,1,1785487283
2026-07-31T08:50:21Z,973,9,4,13,1,0,1,1,1,1785487593
2026-07-31T08:50:21Z,974,12,0,15,0,0,1,1,1,1785487593
2026-07-31T08:50:21Z,977,7,7,11,3,0,1,1,1,1785487593
2026-07-31T08:50:21Z,978,11,0,12,0,0,1,1,1,1785487593
2026-07-31T08:50:21Z,979,14,1,3,0,0,1,1,1,1785487593
2026-07-31T08:50:21Z,980,2,0,17,2,0,1,1,1,1785487593
2026-07-31T08:50:21Z,981,18,0,2,1,0,1,1,1,1785487593
2026-07-31T08:50:21Z,982,3,1,14,2,0,1,1,1,1785487727
2026-07-31T08:50:21Z,983,2,1,20,1,0,1,1,1,1785487769
2026-07-31T08:50:21Z,984,6,0,17,0,0,1,1,1,1785487592
2026-07-31T08:50:21Z,985,8,0,23,0,0,1,1,1,1785487593
2026-07-31T08:50:21Z,986,4,0,15,0,0,1,1,1,1785487593
2026-07-31T08:50:21Z,987,6,0,16,1,0,1,1,1,1785487593
2026-07-31T08:50:21Z,988,5,1,13,1,0,1,1,1,1785487593
2026-07-31T08:50:21Z,989,9,4,10,0,0,1,1,1,1785487593
2026-07-31T08:50:21Z,990,13,1,0,2,0,1,1,1,1785487593
2026-07-31T08:50:21Z,991,10,2,8,1,0,1,1,1,1785487593
2026-07-31T08:50:21Z,992,10,7,12,1,0,1,1,1,1785487592
2026-07-31T08:50:21Z,993,0,0,27,0,0,1,1,1,1785476008
2026-07-31T08:50:21Z,994,4,1,17,0,0,1,1,1,1785487593
2026-07-31T08:50:21Z,995,9,2,18,0,0,1,1,1,1785487593
2026-07-31T08:50:21Z,996,8,1,15,0,0,1,1,1,1785487593
2026-07-31T08:50:21Z,997,11,5,10,2,0,1,1,1,1785487669
2026-07-31T08:50:21Z,998,3,2,19,1,0,1,1,1,1785487642
2026-07-31T08:50:21Z,999,3,1,15,2,1,1,1,1,1785487427
2026-07-31T08:50:21Z,1000,4,2,17,0,0,1,1,1,1785486519
2026-07-31T08:50:21Z,1001,1,0,26,0,0,1,1,1,1785487663
2026-07-31T08:50:21Z,1002,0,0,27,4,0,1,1,1,1785487660
2026-07-31T08:50:21Z,1003,0,0,22,1,0,1,1,1,1785487291
2026-07-31T08:50:21Z,1004,8,1,15,0,0,1,1,1,1785486730
2026-07-31T08:50:21Z,1005,20,1,3,0,0,1,1,1,1785487479
2026-07-31T08:50:21Z,1006,7,4,11,1,0,1,1,1,1785487316
2026-07-31T08:50:21Z,1007,2,1,19,0,0,1,1,1,1785486947
2026-07-31T08:50:21Z,1008,6,5,15,2,0,1,1,1,1785486448
2026-07-31T08:50:21Z,1009,19,2,8,4,0,1,1,1,1785486319
2026-07-31T08:50:21Z,1010,7,2,20,0,0,1,1,1,1785487146
2026-07-31T08:50:21Z,1011,8,2,9,2,0,1,1,1,1785487690
2026-07-31T08:50:21Z,1012,4,3,18,1,0,1,1,1,1785487245
2026-07-31T08:50:21Z,1013,4,1,18,1,0,1,1,1,1785487659
2026-07-31T08:50:21Z,1014,7,2,13,3,0,1,1,1,1785487762
2026-07-31T08:50:21Z,1015,3,1,25,3,0,1,1,1,1785486212
2026-07-31T08:50:21Z,1016,10,5,21,0,0,1,1,1,1785487101
2026-07-31T08:50:21Z,1017,14,5,7,0,0,1,1,1,1785486649
2026-07-31T08:50:21Z,1018,7,2,15,0,0,1,1,1,1785487332
2026-07-31T08:50:21Z,1019,9,6,6,0,0,1,1,1,1785487264
2026-07-31T08:50:21Z,1020,18,3,3,0,0,1,1,1,1785486522
2026-07-31T08:50:21Z,1021,9,3,5,1,0,1,1,1,1785486253
2026-07-31T08:50:21Z,1022,14,0,13,0,0,1,1,1,1785487421
2026-07-31T08:50:21Z,1023,13,1,9,1,0,1,1,1,1785487067
2026-07-31T08:50:21Z,1024,5,2,13,1,0,1,1,1,1785486251
2026-07-31T08:50:21Z,1025,4,0,14,0,1,1,1,1,1785487389
2026-07-31T08:50:21Z,1026,7,5,19,5,0,1,1,1,1785486600
2026-07-31T08:50:21Z,1028,2,0,20,1,0,1,1,1,1785487423
2026-07-31T08:50:21Z,1029,10,9,4,1,0,1,1,1,1785486548
2026-07-31T08:50:21Z,1030,14,5,9,0,0,1,1,1,1785486287
2026-07-31T08:50:21Z,1031,8,0,11,0,0,1,1,1,1785486660
2026-07-31T08:50:21Z,1032,7,1,12,0,0,1,1,1,1785487320
2026-07-31T08:50:21Z,1033,9,5,9,1,0,1,1,1,1785486318
2026-07-31T08:50:21Z,1034,2,0,13,0,0,1,1,1,1785487340
2026-07-31T08:50:21Z,1035,1,0,16,2,0,1,1,1,1785487366
2026-07-31T08:50:21Z,1036,15,1,0,0,0,1,1,1,1785486106
2026-07-31T08:50:21Z,1037,4,0,14,1,0,1,1,1,1785487694
2026-07-31T08:50:21Z,1038,2,0,12,1,0,1,1,1,1785487039
2026-07-31T08:50:21Z,1039,7,2,12,0,0,1,1,1,1785487476
2026-07-31T08:50:21Z,1040,7,3,10,2,0,1,1,1,1785487359
2026-07-31T08:50:21Z,1041,11,3,8,0,0,1,1,1,1785487240
2026-07-31T08:50:21Z,1042,12,1,1,2,0,1,1,1,1785487430
2026-07-31T08:50:21Z,1043,9,0,7,3,0,1,1,1,1785487395
2026-07-31T08:50:21Z,1044,2,1,12,1,0,1,1,1,1785487094
2026-07-31T08:50:21Z,1045,10,0,9,0,0,1,1,1,1785487309
2026-07-31T08:50:21Z,1046,9,0,6,0,0,1,1,1,1785486718
2026-07-31T08:50:21Z,1047,4,0,17,0,0,1,1,1,1785486258
2026-07-31T08:50:21Z,1048,10,1,9,0,0,1,1,1,1785487286
2026-07-31T08:50:21Z,1049,6,0,15,0,0,1,1,1,1785487347
2026-07-31T08:50:21Z,1050,17,4,4,0,0,1,1,1,1785486629
2026-07-31T08:50:21Z,1051,8,3,13,0,0,1,1,1,1785486522
2026-07-31T08:50:21Z,1052,17,2,5,0,0,1,1,1,1785487146
2026-07-31T08:50:21Z,1053,2,1,13,0,0,1,1,1,1785487218
2026-07-31T08:50:21Z,1054,14,1,1,0,0,1,1,1,1785487479
2026-07-31T08:50:21Z,1055,7,1,12,0,0,1,1,1,1785487454
2026-07-31T08:50:21Z,1057,18,0,0,1,0,1,1,1,1785487146
2026-07-31T08:50:21Z,1058,1,0,55,0,0,1,1,1,1785487368
2026-07-31T08:50:21Z,1059,0,0,18,1,0,1,1,1,1785487349
2026-07-31T08:50:21Z,1060,30,0,7,0,0,1,1,1,1785486295
2026-07-31T08:50:21Z,1061,6,0,30,1,0,1,1,1,1785487432
2026-07-31T08:50:21Z,1062,1,0,16,0,0,1,1,1,1785486022
2026-07-31T08:50:21Z,1063,12,1,6,1,0,1,1,1,1785487366
2026-07-31T08:50:21Z,1064,3,0,19,1,0,1,1,1,1785487694
2026-07-31T08:50:21Z,1065,16,3,7,0,0,1,1,1,1785486116
2026-07-31T08:50:21Z,1066,10,2,13,0,0,1,1,1,1785487759
2026-07-31T08:50:21Z,1067,8,2,13,2,0,1,1,1,1785486208
2026-07-31T08:50:21Z,1068,8,2,13,2,0,1,1,1,1785487515
2026-07-31T08:50:21Z,1069,12,3,11,0,0,1,1,1,1785487566
2026-07-31T08:50:21Z,1070,12,2,11,0,0,1,1,1,1785487663
2026-07-31T08:50:21Z,1071,7,4,16,0,0,1,1,1,1785487702
2026-07-31T08:50:21Z,1072,11,1,11,1,0,1,1,1,1785486252
2026-07-31T08:50:21Z,1073,26,7,0,1,0,1,1,1,1785486995
2026-07-31T08:50:21Z,1074,0,0,52,1,0,1,1,1,1785487600
2026-07-31T08:50:21Z,1075,10,10,11,0,0,1,1,1,1785487071
2026-07-31T08:50:21Z,1076,14,11,7,0,0,1,1,1,1785486507
2026-07-31T08:50:21Z,1077,8,5,13,0,0,1,1,1,1785487285
2026-07-31T08:50:21Z,1078,11,10,10,0,0,1,1,1,1785486550
2026-07-31T08:50:21Z,1079,11,8,10,0,0,1,1,1,1785487180
2026-07-31T08:50:21Z,1080,10,8,10,1,0,1,1,1,1785487779
2026-07-31T08:50:21Z,1081,13,8,6,0,0,1,1,1,1785486360
2026-07-31T08:50:21Z,1082,7,7,1,0,0,1,1,1,1785487666
2026-07-31T08:50:21Z,1083,13,11,8,0,0,1,1,1,1785487444
2026-07-31T08:50:21Z,1084,9,8,12,0,0,1,1,1,1785487065
2026-07-31T08:50:21Z,1085,8,8,13,0,0,1,1,1,1785486702
2026-07-31T08:50:21Z,1086,0,0,20,1,0,1,1,1,1785487411
2026-07-31T08:50:21Z,1087,12,7,3,0,0,1,1,1,1785486612
2026-07-31T08:50:21Z,1088,10,7,5,0,0,1,1,1,1785487369
2026-07-31T08:50:21Z,1089,5,3,10,0,0,1,1,1,1785487728
2026-07-31T08:50:21Z,1090,11,10,4,0,0,1,1,1,1785486442
2026-07-31T08:50:21Z,1091,12,7,3,0,0,1,1,1,1785486353
2026-07-31T08:50:21Z,1092,9,9,5,1,0,1,1,1,1785487714
2026-07-31T08:50:21Z,1093,7,6,8,0,0,1,1,1,1785486264
2026-07-31T08:50:21Z,1094,10,8,8,1,0,1,1,1,1785487322
2026-07-31T08:50:21Z,1095,9,8,6,0,0,1,1,1,1785486208
2026-07-31T08:50:21Z,1096,3,1,15,1,0,1,1,1,1785487685
2026-07-31T08:50:21Z,1097,11,11,4,0,0,1,1,1,1785486085
2026-07-31T08:50:21Z,1098,9,7,10,0,0,1,1,1,1785486421
2026-07-31T08:50:21Z,1099,7,6,8,0,0,1,1,1,1785487156
2026-07-31T08:50:21Z,1100,6,2,23,0,0,1,1,1,1785474727
2026-07-31T08:50:21Z,1101,10,5,11,0,0,1,1,1,1785487045
2026-07-31T08:50:21Z,1102,9,4,4,0,0,1,1,1,1785486344
2026-07-31T08:50:21Z,1103,10,5,11,0,0,1,1,1,1785474301
2026-07-31T08:50:21Z,1104,10,5,11,0,0,1,1,1,1785486801
2026-07-31T08:50:21Z,1105,7,3,6,0,0,1,1,1,1785486230
2026-07-31T08:50:21Z,1106,13,7,8,0,0,1,1,1,1785487140
2026-07-31T08:50:21Z,1107,9,5,6,0,0,1,1,1,1785487440
2026-07-31T08:50:21Z,1108,6,3,18,3,0,1,1,1,1785486837
2026-07-31T08:50:21Z,1109,6,1,9,0,0,1,1,1,1785487397
2026-07-31T08:50:21Z,1110,12,4,9,0,0,1,1,1,1785486670
2026-07-31T08:50:21Z,1111,3,2,18,0,0,1,1,1,1785475740
2026-07-31T08:50:21Z,1112,38,0,15,0,0,1,1,1,1785487182
2026-07-31T08:50:21Z,1113,1,0,20,0,0,1,1,1,1785486632
2026-07-31T08:50:21Z,1115,17,5,3,3,0,1,1,1,1785486016
2026-07-31T08:50:21Z,1116,5,1,14,0,0,1,1,1,1785487341
2026-07-31T08:50:21Z,1117,10,3,13,0,0,1,1,1,1785487717
2026-07-31T08:50:21Z,1118,16,1,3,2,0,1,1,1,1785487149
2026-07-31T08:50:21Z,1119,13,1,4,0,0,1,1,1,1785486542
2026-07-31T08:50:21Z,1120,13,0,6,0,0,1,1,1,1785487416
2026-07-31T08:50:21Z,1121,14,2,4,3,0,1,1,1,1785487681
2026-07-31T08:50:21Z,1122,19,10,0,2,0,1,1,1,1785486734
2026-07-31T08:50:21Z,1123,6,3,15,2,0,1,1,1,1785487152
2026-07-31T08:50:21Z,1124,10,0,0,5,0,1,1,1,1785487152
2026-07-31T08:50:21Z,1125,15,1,8,0,0,1,1,1,1785487615
2026-07-31T08:50:21Z,1126,4,0,16,1,0,1,1,1,1785486785
2026-07-31T08:50:21Z,1127,6,1,12,1,0,1,1,1,1785487661
2026-07-31T08:50:21Z,1128,14,2,0,1,0,1,1,1,1785487346
2026-07-31T08:50:21Z,1129,3,2,17,1,0,1,1,1,1785487069
2026-07-31T08:50:21Z,1130,6,0,9,0,0,1,1,1,1785487135
2026-07-31T08:50:21Z,1131,0,0,48,1,0,1,1,1,1785486252
2026-07-31T08:50:21Z,1132,13,6,7,1,0,1,1,1,1785487074
2026-07-31T08:50:21Z,1133,16,12,4,1,0,1,1,1,1785487154
2026-07-31T08:50:21Z,1134,11,7,8,0,0,1,1,1,1785486028
2026-07-31T08:50:21Z,1135,10,5,11,0,0,1,1,1,1785486938
2026-07-31T08:50:21Z,1136,6,0,17,0,0,1,1,1,1785487510
2026-07-31T08:50:21Z,1137,13,0,2,0,0,1,1,1,1785487264
2026-07-31T08:50:21Z,1138,15,2,4,0,0,1,1,1,1785487303
2026-07-31T08:50:21Z,1139,19,5,1,1,0,1,1,1,1785486007
2026-07-31T08:50:21Z,1140,22,3,0,1,0,1,1,1,1785487038
2026-07-31T08:50:21Z,1141,0,0,20,1,0,1,1,1,1785486739
2026-07-31T08:50:21Z,1142,2,0,19,0,0,1,1,1,1785486163
2026-07-31T08:50:21Z,1143,23,0,6,0,0,1,1,1,1785486879
2026-07-31T08:50:21Z,1144,7,1,13,1,0,1,1,1,1785487593
2026-07-31T08:50:21Z,1145,12,6,8,1,0,1,1,1,1785487716
2026-07-31T08:50:21Z,1146,10,0,5,4,0,1,1,1,1785486881
2026-07-31T08:50:21Z,1147,3,0,16,0,0,1,1,1,1785487267
2026-07-31T08:50:21Z,1148,26,6,5,0,0,1,1,1,1785486187
2026-07-31T08:50:21Z,1149,4,4,21,0,0,1,1,1,1785486983
2026-07-31T08:50:21Z,1150,18,1,1,0,0,1,1,1,1785487125
2026-07-31T08:50:21Z,1151,12,0,9,0,0,1,1,1,1785486171
2026-07-31T08:50:21Z,1152,16,0,13,0,0,1,1,1,1785487678
2026-07-31T08:50:21Z,1153,22,6,0,1,0,1,1,1,1785486057
2026-07-31T08:50:21Z,1154,13,1,6,0,0,1,1,1,1785486776
2026-07-31T08:50:21Z,1155,16,6,4,1,0,1,1,1,1785487329
2026-07-31T08:50:21Z,1158,3,0,15,1,0,1,1,1,1785487231
2026-07-31T08:50:21Z,1159,13,1,6,0,0,1,1,1,1785487585
2026-07-31T08:50:21Z,1160,9,1,9,1,0,1,1,1,1785486219
2026-07-31T08:50:21Z,1161,3,0,15,1,0,1,1,1,1785487720
2026-07-31T08:50:21Z,1162,2,1,17,0,0,1,1,1,1785486155
2026-07-31T08:50:21Z,1163,0,0,18,1,0,1,1,1,1785487346
2026-07-31T08:50:21Z,1164,6,1,13,0,0,1,1,1,1785487407
2026-07-31T08:50:21Z,1165,5,0,16,0,0,1,1,1,1785486320
2026-07-31T08:50:21Z,1166,12,3,8,1,0,1,1,1,1785487649
2026-07-31T08:50:21Z,1167,4,0,11,0,0,1,1,1,1785487118
2026-07-31T08:50:21Z,1168,2,1,20,1,0,1,1,1,1785487595
2026-07-31T08:50:21Z,1169,3,0,15,1,0,1,1,1,1785487253
2026-07-31T08:50:21Z,1170,6,0,14,1,0,1,1,1,1785487622
2026-07-31T08:50:21Z,1171,8,7,14,1,0,1,1,1,1785487290
2026-07-31T08:50:21Z,1172,7,2,6,2,0,1,1,1,1785487494
2026-07-31T08:50:21Z,1173,13,5,6,0,0,1,1,1,1785487500
2026-07-31T08:50:21Z,1174,7,3,8,0,0,1,1,1,1785487187
2026-07-31T08:50:21Z,1175,9,5,10,0,0,1,1,1,1785472270
2026-07-31T08:50:21Z,1176,19,1,2,0,0,1,1,1,1785486705
2026-07-31T08:50:21Z,1177,3,1,18,0,0,1,1,1,1785486623
2026-07-31T08:50:21Z,1178,2,1,13,0,0,1,1,1,1785487160
2026-07-31T08:50:21Z,1181,9,0,4,2,0,1,1,1,1785486098
2026-07-31T08:50:21Z,1182,0,0,20,0,0,1,1,1,1785487742
2026-07-31T08:50:21Z,1183,1,0,42,2,0,1,1,1,1785487162
2026-07-31T08:50:21Z,1184,13,7,7,1,0,1,1,1,1785486806
2026-07-31T08:50:21Z,1185,10,5,11,0,0,1,1,1,1785486750
2026-07-31T08:50:21Z,1186,9,5,10,0,0,1,1,1,1785487769
2026-07-31T08:50:21Z,1187,12,6,8,1,0,1,1,1,1785486322
2026-07-31T08:50:21Z,1188,9,3,6,0,0,1,1,1,1785487446
2026-07-31T08:50:21Z,1189,10,5,9,0,0,1,1,1,1785487529
2026-07-31T08:50:21Z,1190,10,5,11,0,0,1,1,1,1785486919
2026-07-31T08:50:21Z,1191,10,5,5,0,0,1,1,1,1785487454
2026-07-31T08:50:21Z,1192,11,7,10,0,0,1,1,1,1785487288
2026-07-31T08:50:21Z,1193,6,4,5,2,0,1,1,1,1785486436
2026-07-31T08:50:21Z,1197,9,6,7,1,0,1,1,1,1785487728
2026-07-31T08:50:21Z,1198,14,4,5,2,0,1,1,1,1785487812
2026-07-31T08:50:21Z,1199,2,0,17,0,0,1,1,1,1785486016
2026-07-31T08:50:21Z,1200,11,5,4,0,0,1,1,1,1785487490
2026-07-31T08:50:21Z,1201,11,5,4,0,0,1,1,1,1785487467
2026-07-31T08:50:21Z,1202,12,6,3,0,0,1,1,1,1785487566
2026-07-31T08:50:21Z,1203,9,6,6,0,0,1,1,1,1785487463
2026-07-31T08:50:21Z,1204,7,3,11,1,0,1,1,1,1785487204
2026-07-31T08:50:21Z,1206,11,5,10,0,0,1,1,1,1785486420
2026-07-31T08:50:21Z,1207,9,5,6,0,0,1,1,1,1785487780
2026-07-31T08:50:21Z,1208,7,2,11,1,0,1,1,1,1785487684
2026-07-31T08:50:21Z,1216,7,0,13,1,0,1,1,1,1785486651
2026-07-31T08:50:21Z,1218,4,0,17,0,0,1,1,1,1785487045
2026-07-31T08:50:21Z,1219,6,1,8,1,0,1,1,1,1785487437
2026-07-31T08:50:21Z,1220,14,7,4,1,0,1,1,1,1785486785
2026-07-31T08:50:21Z,1221,2,2,19,0,0,1,1,1,1785486356
2026-07-31T08:50:21Z,1222,28,1,1,0,0,1,1,1,1785487290
2026-07-31T08:50:21Z,1223,23,0,6,0,0,1,1,1,1785487119
2026-07-31T08:50:21Z,1226,0,0,3,0,0,0,1,1,1781868931
2026-07-31T08:50:21Z,1227,24,1,1,0,0,1,1,1,1785487167
2026-07-31T08:50:21Z,1228,17,0,11,1,0,1,1,1,1785486410
2026-07-31T08:50:21Z,1229,35,0,9,0,1,1,1,1,1785487803
2026-07-31T08:55:21Z,1,0,0,23,0,0,1,1,1,1785485488
2026-07-31T08:55:21Z,2,23,0,1,3,0,1,1,1,1785485732
2026-07-31T08:55:21Z,3,9,0,4,1,0,1,1,1,1785485488
2026-07-31T08:55:21Z,4,1,0,20,1,0,1,1,1,1785487895
2026-07-31T08:55:21Z,5,9,3,13,1,0,1,1,1,1785484887
2026-07-31T08:55:21Z,6,6,2,9,0,0,1,1,1,1785486991
2026-07-31T08:55:21Z,7,1,1,38,0,0,1,1,1,1785487290
2026-07-31T08:55:21Z,8,0,0,43,0,0,1,1,1,1785487014
2026-07-31T08:55:21Z,9,0,0,22,1,0,1,1,1,1785482483
2026-07-31T08:55:21Z,10,4,1,17,2,0,1,1,1,1785485789
2026-07-31T08:55:21Z,11,16,6,2,1,0,1,1,1,1785487643
2026-07-31T08:55:21Z,12,0,0,23,0,0,1,1,1,1785472090
2026-07-31T08:55:21Z,13,12,0,18,0,0,1,1,1,1785485789
2026-07-31T08:55:21Z,14,1,0,41,0,1,1,1,1,1785476888
2026-07-31T08:55:21Z,15,4,0,11,0,0,1,1,1,1785486387
2026-07-31T08:55:21Z,16,8,0,16,2,1,1,1,1,1785487292
2026-07-31T08:55:21Z,17,9,0,17,1,0,1,1,1,1785486089
2026-07-31T08:55:21Z,18,7,0,9,2,0,1,1,1,1785488039
2026-07-31T08:55:21Z,19,4,0,22,1,0,1,1,1,1785486089
2026-07-31T08:55:21Z,20,32,0,3,0,0,1,1,1,1785485188
2026-07-31T08:55:21Z,21,1,0,17,1,0,1,1,1,1785484888
2026-07-31T08:55:21Z,22,18,0,46,1,0,1,1,1,1785487593
2026-07-31T08:55:21Z,23,10,5,21,0,0,1,1,1,1785487895
2026-07-31T08:55:21Z,24,0,0,9,2,0,1,1,1,1785488104
2026-07-31T08:55:21Z,25,1,1,79,0,1,1,1,1,1785488014
2026-07-31T08:55:21Z,26,0,0,27,0,0,1,1,1,1785485188
2026-07-31T08:55:21Z,28,15,3,0,0,0,1,1,1,1785486991
2026-07-31T08:55:21Z,30,1,0,27,1,0,1,1,1,1785486089
2026-07-31T08:55:21Z,31,0,0,17,2,0,1,1,1,1785487815
2026-07-31T08:55:21Z,32,24,4,3,0,0,1,1,1,1785487895
2026-07-31T08:55:21Z,34,2,0,34,1,0,1,1,1,1785482614
2026-07-31T08:55:21Z,35,2,1,44,1,0,1,1,1,1785486762
2026-07-31T08:55:21Z,36,0,0,0,0,0,0,1,1,86400
2026-07-31T08:55:21Z,37,0,0,23,0,0,1,1,1,1785487041
2026-07-31T08:55:21Z,38,1,0,22,0,0,1,1,1,1785485488
2026-07-31T08:55:21Z,39,23,6,16,0,0,1,1,1,1785487015
2026-07-31T08:55:21Z,40,13,0,7,1,0,1,1,1,1785485488
2026-07-31T08:55:21Z,41,2,0,40,1,0,1,1,1,1785487594
2026-07-31T08:55:21Z,42,31,8,0,0,0,1,1,1,1785472558
2026-07-31T08:55:21Z,43,6,0,17,0,0,1,1,1,1785485188
2026-07-31T08:55:21Z,45,1,0,27,1,0,1,1,1,1785485789
2026-07-31T08:55:21Z,46,13,2,18,0,0,1,1,1,1785485708
2026-07-31T08:55:21Z,47,12,5,2,1,0,1,1,1,1785487533
2026-07-31T08:55:21Z,48,20,0,7,0,0,1,1,1,1785487579
2026-07-31T08:55:21Z,49,5,0,15,3,0,1,1,1,1785488109
2026-07-31T08:55:21Z,50,1,1,18,0,0,1,1,1,1785486991
2026-07-31T08:55:21Z,51,68,0,9,0,0,1,1,1,1785487292
2026-07-31T08:55:21Z,52,2,0,22,3,0,1,1,1,1785487871
2026-07-31T08:55:21Z,55,1,1,22,0,0,1,1,1,1785487781
2026-07-31T08:55:21Z,56,0,0,43,0,0,1,1,1,1785485334
2026-07-31T08:55:21Z,57,0,0,27,0,0,1,1,1,1785486089
2026-07-31T08:55:21Z,58,0,0,28,0,0,1,1,1,1785476976
2026-07-31T08:55:21Z,59,0,0,25,2,0,1,1,1,1785488020
2026-07-31T08:55:21Z,61,0,0,39,0,0,1,1,1,1785485488
2026-07-31T08:55:21Z,62,0,0,48,1,0,1,1,1,1785487594
2026-07-31T08:55:21Z,63,14,0,5,0,0,1,1,1,1785486089
2026-07-31T08:55:21Z,64,9,0,6,4,0,1,1,1,1785486992
2026-07-31T08:55:21Z,65,17,7,1,1,0,1,1,1,1785487593
2026-07-31T08:55:21Z,67,17,0,22,0,0,1,1,1,1785485188
2026-07-31T08:55:21Z,68,0,0,37,0,0,1,1,1,1785476731
2026-07-31T08:55:21Z,69,15,2,0,0,0,1,1,1,1785485188
2026-07-31T08:55:21Z,71,2,0,24,1,0,1,1,1,1785487175
2026-07-31T08:55:21Z,72,13,2,16,2,0,1,1,1,1785486638
2026-07-31T08:55:21Z,73,0,0,31,0,0,1,1,1,1785474921
2026-07-31T08:55:21Z,74,13,6,5,1,0,1,1,1,1785485908
2026-07-31T08:55:21Z,75,0,0,31,1,0,1,1,1,1785487292
2026-07-31T08:55:21Z,76,18,0,0,1,0,1,1,1,1785488107
2026-07-31T08:55:21Z,77,23,0,3,1,0,1,1,1,1785487293
2026-07-31T08:55:21Z,78,9,4,13,1,0,1,1,1,1785487313
2026-07-31T08:55:21Z,79,4,3,12,1,0,1,1,1,1785487448
2026-07-31T08:55:21Z,80,18,0,2,3,0,1,1,1,1785487932
2026-07-31T08:55:21Z,81,5,0,26,0,0,1,1,1,1785486390
2026-07-31T08:55:21Z,82,12,0,11,0,0,1,1,1,1785486690
2026-07-31T08:55:21Z,83,5,1,27,2,0,1,1,1,1785487661
2026-07-31T08:55:21Z,84,27,0,0,0,0,1,1,1,1785487883
2026-07-31T08:55:21Z,85,1,1,14,0,0,1,1,1,1785486991
2026-07-31T08:55:21Z,86,25,0,1,1,0,1,1,1,1785486691
2026-07-31T08:55:21Z,87,10,0,9,0,0,1,1,1,1785484866
2026-07-31T08:55:21Z,88,0,0,42,1,0,1,1,1,1785484888
2026-07-31T08:55:21Z,89,22,0,13,0,0,1,1,1,1785487292
2026-07-31T08:55:21Z,90,6,2,10,2,0,1,1,1,1785486486
2026-07-31T08:55:21Z,91,14,0,3,0,0,1,1,1,1785485188
2026-07-31T08:55:21Z,92,11,4,5,3,0,1,1,1,1785487958
2026-07-31T08:55:21Z,93,0,0,23,0,0,1,1,1,1785486390
2026-07-31T08:55:21Z,94,2,0,16,1,0,1,1,1,1785486390
2026-07-31T08:55:21Z,95,27,2,6,1,1,1,1,1,1785488112
2026-07-31T08:55:21Z,96,29,0,1,1,0,1,1,1,1785479647
2026-07-31T08:55:21Z,97,0,0,16,1,0,1,1,1,1785488060
2026-07-31T08:55:21Z,98,19,0,15,1,0,1,1,1,1785486089
2026-07-31T08:55:21Z,99,4,2,11,0,0,1,1,1,1785486802
2026-07-31T08:55:21Z,100,1,0,26,0,0,1,1,1,1785486846
2026-07-31T08:55:21Z,101,1,0,13,1,0,1,1,1,1785485789
2026-07-31T08:55:21Z,102,0,0,23,0,0,1,1,1,1785487553
2026-07-31T08:55:21Z,103,7,0,23,0,0,1,1,1,1785487812
2026-07-31T08:55:21Z,104,0,0,25,2,0,1,1,1,1785488107
2026-07-31T08:55:21Z,105,16,1,3,0,0,1,1,1,1785486390
2026-07-31T08:55:21Z,106,0,0,21,0,0,1,1,1,1785486390
2026-07-31T08:55:21Z,107,0,0,37,0,0,1,1,1,1785485489
2026-07-31T08:55:21Z,108,16,1,19,0,0,1,1,1,1785486420
2026-07-31T08:55:21Z,109,7,0,16,0,0,1,1,1,1785487673
2026-07-31T08:55:21Z,110,14,2,9,0,0,1,1,1,1785482478
2026-07-31T08:55:21Z,111,0,0,36,0,0,1,1,1,1785479678
2026-07-31T08:55:21Z,112,5,0,9,1,0,1,1,1,1785486691
2026-07-31T08:55:21Z,113,4,0,12,3,0,1,1,1,1785487903
2026-07-31T08:55:21Z,114,6,6,23,1,1,1,1,1,1785487978
2026-07-31T08:55:21Z,115,3,1,23,2,0,1,1,1,1785479033
2026-07-31T08:55:21Z,116,3,3,23,1,0,1,1,1,1785487594
2026-07-31T08:55:21Z,118,20,9,0,3,0,1,1,1,1785486382
2026-07-31T08:55:21Z,119,33,2,1,4,0,1,1,1,1785486691
2026-07-31T08:55:21Z,120,24,1,2,1,0,1,1,1,1785487294
2026-07-31T08:55:21Z,121,6,2,12,0,1,1,1,1,1785488007
2026-07-31T08:55:21Z,122,13,0,7,1,0,1,1,1,1785487594
2026-07-31T08:55:21Z,123,8,1,39,0,0,1,1,1,1785485188
2026-07-31T08:55:21Z,124,32,1,3,0,0,1,1,1,1785486746
2026-07-31T08:55:21Z,125,7,2,16,0,0,1,1,1,1785486991
2026-07-31T08:55:21Z,126,25,2,6,0,0,1,1,1,1785486691
2026-07-31T08:55:21Z,127,8,0,25,2,0,1,1,1,1785488076
2026-07-31T08:55:21Z,128,18,1,1,0,0,1,1,1,1785488108
2026-07-31T08:55:21Z,129,17,1,0,2,0,1,1,1,1785486089
2026-07-31T08:55:21Z,130,4,0,12,1,0,1,1,1,1785487617
2026-07-31T08:55:21Z,131,7,2,2,2,0,1,1,1,1785486164
2026-07-31T08:55:21Z,132,12,5,2,0,1,1,1,1,1785486336
2026-07-31T08:55:21Z,134,5,0,13,5,0,1,1,1,1785488106
2026-07-31T08:55:21Z,135,7,3,11,1,0,1,1,1,1785487900
2026-07-31T08:55:21Z,136,6,0,9,1,7,1,1,1,1785487824
2026-07-31T08:55:21Z,137,6,1,13,0,0,1,1,1,1785486296
2026-07-31T08:55:21Z,138,35,2,2,0,0,1,1,1,1785488031
2026-07-31T08:55:21Z,139,19,5,0,0,0,1,1,1,1785485188
2026-07-31T08:55:21Z,140,17,8,4,2,0,1,1,1,1785488112
2026-07-31T08:55:21Z,141,31,1,5,0,0,1,1,1,1785485909
2026-07-31T08:55:21Z,142,22,1,1,0,0,1,1,1,1785485789
2026-07-31T08:55:21Z,143,13,3,17,1,0,1,1,1,1785487895
2026-07-31T08:55:21Z,144,23,1,4,0,0,1,1,1,1785486390
2026-07-31T08:55:21Z,146,8,1,14,1,0,1,1,1,1785486463
2026-07-31T08:55:21Z,147,10,2,7,2,0,1,1,1,1785488030
2026-07-31T08:55:21Z,148,22,0,4,0,1,1,1,1,1785488029
2026-07-31T08:55:21Z,149,15,4,11,1,0,1,1,1,1785486737
2026-07-31T08:55:21Z,150,31,7,2,2,0,1,1,1,1785487958
2026-07-31T08:55:21Z,151,22,7,1,0,0,1,1,1,1785485600
2026-07-31T08:55:21Z,152,20,1,3,4,0,1,1,1,1785487962
2026-07-31T08:55:21Z,153,12,1,13,6,0,1,1,1,1785488062
2026-07-31T08:55:21Z,154,15,4,5,3,0,1,1,1,1785487950
2026-07-31T08:55:21Z,155,13,4,0,1,0,1,1,1,1785488081
2026-07-31T08:55:21Z,156,16,1,3,0,0,1,1,1,1785485944
2026-07-31T08:55:21Z,157,15,0,10,2,0,1,1,1,1785488102
2026-07-31T08:55:21Z,158,16,2,0,0,0,1,1,1,1785471342
2026-07-31T08:55:21Z,159,5,2,14,0,0,1,1,1,1785486610
2026-07-31T08:55:21Z,160,19,1,0,0,0,1,1,1,1785475906
2026-07-31T08:55:21Z,161,15,1,7,0,0,1,1,1,1785486490
2026-07-31T08:55:21Z,162,14,3,12,1,0,1,1,1,1785484887
2026-07-31T08:55:21Z,163,29,2,2,0,0,1,1,1,1785486691
2026-07-31T08:55:21Z,164,25,7,2,0,0,1,1,1,1785486691
2026-07-31T08:55:21Z,165,22,10,8,1,0,1,1,1,1785487814
2026-07-31T08:55:21Z,166,32,8,3,4,0,1,1,1,1785488114
2026-07-31T08:55:21Z,167,21,10,0,2,0,1,1,1,1785484888
2026-07-31T08:55:21Z,168,21,0,5,1,0,1,1,1,1785488065
2026-07-31T08:55:21Z,169,1,0,21,0,1,1,1,1,1785487293
2026-07-31T08:55:21Z,170,18,5,0,1,0,1,1,1,1785485188
2026-07-31T08:55:21Z,171,10,3,1,2,0,1,1,1,1785487948
2026-07-31T08:55:21Z,173,36,0,3,0,0,1,1,1,1785486839
2026-07-31T08:55:21Z,174,22,1,2,2,0,1,1,1,1785487895
2026-07-31T08:55:21Z,175,7,0,24,0,0,1,1,1,1785487001
2026-07-31T08:55:21Z,176,2,1,12,0,1,1,1,1,1785487016
2026-07-31T08:55:21Z,177,21,1,6,0,0,1,1,1,1785487415
2026-07-31T08:55:21Z,178,2,0,10,2,1,1,1,1,1785488112
2026-07-31T08:55:21Z,179,11,1,3,1,0,1,1,1,1785486089
2026-07-31T08:55:21Z,180,27,0,3,0,0,1,1,1,1785487594
2026-07-31T08:55:21Z,181,14,1,0,1,0,1,1,1,1785485328
2026-07-31T08:55:21Z,182,16,2,1,0,0,1,1,1,1785488013
2026-07-31T08:55:21Z,183,16,0,7,0,0,1,1,1,1785487895
2026-07-31T08:55:21Z,184,1,1,21,1,0,1,1,1,1785485380
2026-07-31T08:55:21Z,185,12,1,0,2,1,1,1,1,1785484888
2026-07-31T08:55:21Z,186,4,1,15,0,0,1,1,1,1785487895
2026-07-31T08:55:21Z,187,8,0,19,1,0,1,1,1,1785484757
2026-07-31T08:55:21Z,188,12,0,7,8,0,1,1,1,1785487916
2026-07-31T08:55:21Z,189,15,4,0,0,0,1,1,1,1785487895
2026-07-31T08:55:21Z,190,5,2,18,0,0,1,1,1,1785487594
2026-07-31T08:55:21Z,191,2,1,37,0,0,1,1,1,1785486690
2026-07-31T08:55:21Z,192,12,4,16,3,0,1,1,1,1785486089
2026-07-31T08:55:21Z,193,2,0,13,0,0,1,1,1,1785487980
2026-07-31T08:55:21Z,194,17,1,9,1,0,1,1,1,1785486691
2026-07-31T08:55:21Z,195,12,1,5,2,0,1,1,1,1785487594
2026-07-31T08:55:21Z,196,24,1,0,3,0,1,1,1,1785487874
2026-07-31T08:55:21Z,197,17,3,0,1,1,1,1,1,1785487492
2026-07-31T08:55:21Z,198,21,16,2,0,0,1,1,1,1785484887
2026-07-31T08:55:21Z,199,7,5,5,3,0,1,1,1,1785487895
2026-07-31T08:55:21Z,200,15,0,10,1,0,1,1,1,1785486390
2026-07-31T08:55:21Z,201,8,3,15,0,0,1,1,1,1785482886
2026-07-31T08:55:21Z,202,0,0,27,0,0,1,1,1,1785486691
2026-07-31T08:55:21Z,203,26,3,4,1,0,1,1,1,1785487252
2026-07-31T08:55:21Z,204,31,1,3,1,0,1,1,1,1785485488
2026-07-31T08:55:21Z,205,12,1,15,0,0,1,1,1,1785482737
2026-07-31T08:55:21Z,206,1,1,13,1,0,1,1,1,1785486448
2026-07-31T08:55:21Z,207,14,0,7,0,0,1,1,1,1785481979
2026-07-31T08:55:21Z,208,2,0,27,0,0,1,1,1,1785486390
2026-07-31T08:55:21Z,209,9,0,20,2,0,1,1,1,1785487979
2026-07-31T08:55:21Z,210,23,2,4,0,0,1,1,1,1785485488
2026-07-31T08:55:21Z,211,15,6,7,1,0,1,1,1,1785487008
2026-07-31T08:55:21Z,212,25,0,9,1,0,1,1,1,1785487862
2026-07-31T08:55:21Z,213,0,0,0,14,9,1,1,1,1785488067
2026-07-31T08:55:21Z,214,28,0,14,5,0,1,1,1,1785487937
2026-07-31T08:55:21Z,215,6,1,16,1,0,1,1,1,1785486390
2026-07-31T08:55:21Z,216,9,0,9,1,0,1,1,1,1785487593
2026-07-31T08:55:21Z,217,9,0,19,1,0,1,1,1,1785488024
2026-07-31T08:55:21Z,218,20,4,17,2,0,1,1,1,1785488088
2026-07-31T08:55:21Z,219,1,0,24,1,0,1,1,1,1785487787
2026-07-31T08:55:21Z,220,24,7,17,1,1,1,1,1,1785484887
2026-07-31T08:55:21Z,221,10,6,4,1,0,1,1,1,1785488108
2026-07-31T08:55:21Z,222,16,12,2,1,0,1,1,1,1785485037
2026-07-31T08:55:21Z,223,8,3,24,3,0,1,1,1,1785488049
2026-07-31T08:55:21Z,224,7,5,14,1,0,1,1,1,1785487750
2026-07-31T08:55:21Z,225,10,0,3,6,0,1,1,1,1785487206
2026-07-31T08:55:21Z,226,30,10,1,0,0,1,1,1,1785487620
2026-07-31T08:55:21Z,227,19,13,7,0,1,1,1,1,1785485181
2026-07-31T08:55:21Z,228,1,0,17,1,0,1,1,1,1785484888
2026-07-31T08:55:21Z,230,16,9,10,0,0,1,1,1,1785486691
2026-07-31T08:55:21Z,232,13,6,3,1,0,1,1,1,1785486390
2026-07-31T08:55:21Z,233,19,0,10,2,0,1,1,1,1785487026
2026-07-31T08:55:21Z,234,8,3,6,3,2,1,1,1,1785487594
2026-07-31T08:55:21Z,236,14,3,5,0,0,1,1,1,1785486991
2026-07-31T08:55:21Z,237,22,4,0,1,0,1,1,1,1785486390
2026-07-31T08:55:21Z,239,23,18,1,3,0,1,1,1,1785486691
2026-07-31T08:55:21Z,241,19,6,4,0,0,1,1,1,1785487895
2026-07-31T08:55:21Z,242,1,1,21,1,0,1,1,1,1785487593
2026-07-31T08:55:21Z,243,11,0,19,1,0,1,1,1,1785484434
2026-07-31T08:55:21Z,244,12,1,14,1,0,1,1,1,1785486991
2026-07-31T08:55:21Z,245,3,3,20,0,0,1,1,1,1785487895
2026-07-31T08:55:21Z,246,13,0,10,0,0,1,1,1,1785487895
2026-07-31T08:55:21Z,247,12,10,10,1,0,1,1,1,1785486381
2026-07-31T08:55:21Z,248,18,4,2,3,0,1,1,1,1785486690
2026-07-31T08:55:21Z,249,2,0,17,0,0,1,1,1,1785487579
2026-07-31T08:55:21Z,250,23,5,4,0,0,1,1,1,1785487895
2026-07-31T08:55:21Z,251,22,5,2,3,0,1,1,1,1785486991
2026-07-31T08:55:21Z,253,7,4,11,1,0,1,1,1,1785486537
2026-07-31T08:55:21Z,254,26,21,16,1,0,1,1,1,1785485789
2026-07-31T08:55:21Z,255,5,0,17,0,1,1,1,1,1785487873
2026-07-31T08:55:21Z,256,10,5,11,2,0,1,1,1,1785485834
2026-07-31T08:55:21Z,257,14,6,4,1,0,1,1,1,1785486690
2026-07-31T08:55:21Z,258,1,0,18,0,0,1,1,1,1785482036
2026-07-31T08:55:21Z,259,20,3,2,0,1,1,1,1,1785487540
2026-07-31T08:55:21Z,260,14,4,2,3,0,1,1,1,1785486424
2026-07-31T08:55:21Z,261,16,0,1,1,1,1,1,1,1785484888
2026-07-31T08:55:21Z,262,20,11,3,0,0,1,1,1,1785486882
2026-07-31T08:55:21Z,263,14,3,1,0,0,1,1,1,1785486991
2026-07-31T08:55:21Z,264,18,6,0,1,0,1,1,1,1785474915
2026-07-31T08:55:21Z,265,15,1,0,0,0,1,1,1,1785473819
2026-07-31T08:55:21Z,266,17,8,0,2,0,1,1,1,1785487292
2026-07-31T08:55:21Z,267,7,3,6,2,0,1,1,1,1785484888
2026-07-31T08:55:21Z,268,23,9,0,0,0,1,1,1,1785484887
2026-07-31T08:55:21Z,269,9,3,13,1,0,1,1,1,1785484888
2026-07-31T08:55:21Z,270,25,3,2,0,0,1,1,1,1785485188
2026-07-31T08:55:21Z,271,0,0,17,2,0,1,1,1,1785486991
2026-07-31T08:55:21Z,272,13,13,9,1,0,1,1,1,1785486390
2026-07-31T08:55:21Z,273,14,5,1,0,0,1,1,1,1785484888
2026-07-31T08:55:21Z,274,18,8,0,1,0,1,1,1,1785472651
2026-07-31T08:55:21Z,275,13,0,6,2,2,1,1,1,1785488099
2026-07-31T08:55:21Z,276,1,0,26,0,0,1,1,1,1785486991
2026-07-31T08:55:21Z,277,12,1,6,5,0,1,1,1,1785485546
2026-07-31T08:55:21Z,278,23,2,5,2,1,1,1,1,1785487967
2026-07-31T08:55:21Z,279,17,0,2,0,0,1,1,1,1785487347
2026-07-31T08:55:21Z,280,10,1,19,2,0,1,1,1,1785487867
2026-07-31T08:55:21Z,281,19,0,0,0,0,1,1,1,1785486089
2026-07-31T08:55:21Z,282,5,2,13,0,0,1,1,1,1785484887
2026-07-31T08:55:21Z,283,34,1,1,0,0,1,1,1,1785486992
2026-07-31T08:55:21Z,284,19,5,14,2,0,1,1,1,1785486390
2026-07-31T08:55:21Z,285,8,7,15,0,0,1,1,1,1785485188
2026-07-31T08:55:21Z,286,15,14,3,5,0,1,1,1,1785487599
2026-07-31T08:55:21Z,287,13,4,7,3,0,1,1,1,1785484887
2026-07-31T08:55:21Z,288,14,10,5,0,0,1,1,1,1785486991
2026-07-31T08:55:21Z,289,24,3,0,3,0,1,1,1,1785486743
2026-07-31T08:55:21Z,290,7,0,31,1,0,1,1,1,1785486991
2026-07-31T08:55:21Z,291,10,2,11,2,0,1,1,1,1785487593
2026-07-31T08:55:21Z,292,22,0,1,0,0,1,1,1,1785485789
2026-07-31T08:55:21Z,293,17,10,6,0,0,1,1,1,1785486991
2026-07-31T08:55:21Z,294,0,0,21,1,0,1,1,1,1785486991
2026-07-31T08:55:21Z,297,10,1,6,2,1,1,1,1,1785485188
2026-07-31T08:55:21Z,301,17,1,2,0,0,1,1,1,1785486691
2026-07-31T08:55:21Z,302,0,0,23,0,0,1,1,1,1785486991
2026-07-31T08:55:21Z,303,19,0,0,0,0,1,1,1,1785485188
2026-07-31T08:55:21Z,304,0,0,0,0,0,0,1,1,86400
2026-07-31T08:55:21Z,305,19,0,0,0,0,1,1,1,1785485188
2026-07-31T08:55:21Z,306,2,0,29,1,0,1,1,1,1785485188
2026-07-31T08:55:21Z,307,17,1,4,1,1,1,1,1,1785487989
2026-07-31T08:55:21Z,308,14,0,3,2,0,1,1,1,1785485188
2026-07-31T08:55:21Z,309,12,3,1,1,0,1,1,1,1785486401
2026-07-31T08:55:21Z,311,15,0,0,0,0,1,1,1,1785486992
2026-07-31T08:55:21Z,312,6,3,12,4,1,1,1,1,1785487998
2026-07-31T08:55:21Z,313,3,1,12,0,0,1,1,1,1785486991
2026-07-31T08:55:21Z,314,4,3,11,3,0,1,1,1,1785486991
2026-07-31T08:55:21Z,315,23,6,6,2,0,1,1,1,1785488089
2026-07-31T08:55:21Z,316,4,1,21,5,1,1,1,1,1785487895
2026-07-31T08:55:21Z,317,0,0,30,0,1,1,1,1,1785487841
2026-07-31T08:55:21Z,318,16,0,3,0,0,1,1,1,1785486991
2026-07-31T08:55:21Z,319,17,3,5,1,0,1,1,1,1785487347
2026-07-31T08:55:21Z,320,18,5,0,1,0,1,1,1,1785487292
2026-07-31T08:55:21Z,321,8,1,7,4,0,1,1,1,1785487156
2026-07-31T08:55:21Z,322,5,1,23,1,0,1,1,1,1785484798
2026-07-31T08:55:21Z,323,8,0,11,0,0,1,1,1,1785487292
2026-07-31T08:55:21Z,324,7,2,19,1,0,1,1,1,1785488112
2026-07-31T08:55:21Z,325,4,3,21,2,0,1,1,1,1785484701
2026-07-31T08:55:21Z,327,25,0,1,1,0,1,1,1,1785487896
2026-07-31T08:55:21Z,328,20,0,1,1,0,1,1,1,1785484794
2026-07-31T08:55:21Z,329,17,0,0,2,0,1,1,1,1785487643
2026-07-31T08:55:21Z,330,3,0,19,0,0,1,1,1,1785485188
2026-07-31T08:55:21Z,331,12,3,10,1,0,1,1,1,1785487675
2026-07-31T08:55:21Z,332,10,3,7,2,0,1,1,1,1785487292
2026-07-31T08:55:21Z,333,2,1,20,1,0,1,1,1,1785487896
2026-07-31T08:55:21Z,334,11,8,12,0,0,1,1,1,1785487804
2026-07-31T08:55:21Z,335,3,2,18,1,1,1,1,1,1785487292
2026-07-31T08:55:21Z,336,18,2,1,0,0,1,1,1,1785487293
2026-07-31T08:55:21Z,337,17,3,1,5,0,1,1,1,1785487853
2026-07-31T08:55:21Z,338,17,8,2,0,0,1,1,1,1785487389
2026-07-31T08:55:21Z,339,19,10,3,1,0,1,1,1,1785487586
2026-07-31T08:55:21Z,340,13,11,1,1,0,1,1,1,1785487293
2026-07-31T08:55:21Z,341,11,4,8,0,0,1,1,1,1785487352
2026-07-31T08:55:21Z,342,13,7,0,2,0,1,1,1,1785487292
2026-07-31T08:55:21Z,343,21,1,1,1,0,1,1,1,1785487543
2026-07-31T08:55:21Z,344,22,8,1,0,0,1,1,1,1785486789
2026-07-31T08:55:21Z,345,19,3,0,0,0,1,1,1,1785487292
2026-07-31T08:55:21Z,346,8,6,15,0,0,1,1,1,1785487895
2026-07-31T08:55:21Z,347,0,0,42,2,0,1,1,1,1785488112
2026-07-31T08:55:21Z,348,21,3,0,1,1,1,1,1,1785488109
2026-07-31T08:55:21Z,349,6,1,13,0,0,1,1,1,1785487293
2026-07-31T08:55:21Z,350,24,3,1,1,1,1,1,1,1785487293
2026-07-31T08:55:21Z,351,20,3,0,3,0,1,1,1,1785488099
2026-07-31T08:55:21Z,355,23,1,0,0,0,1,1,1,1785487293
2026-07-31T08:55:21Z,356,18,2,1,0,0,1,1,1,1785487013
2026-07-31T08:55:21Z,357,13,4,6,0,0,1,1,1,1785485188
2026-07-31T08:55:21Z,358,24,4,2,1,0,1,1,1,1785487594
2026-07-31T08:55:21Z,359,22,0,5,0,0,1,1,1,1785487594
2026-07-31T08:55:21Z,360,16,4,1,2,0,1,1,1,1785487594
2026-07-31T08:55:21Z,362,17,5,0,2,0,1,1,1,1785487292
2026-07-31T08:55:21Z,363,0,0,27,0,0,1,1,1,1785483419
2026-07-31T08:55:21Z,364,19,3,0,0,0,1,1,1,1785487896
2026-07-31T08:55:21Z,365,17,5,3,3,0,1,1,1,1785487087
2026-07-31T08:55:21Z,366,15,8,1,7,0,1,1,1,1785487899
2026-07-31T08:55:21Z,367,16,9,1,2,0,1,1,1,1785487292
2026-07-31T08:55:21Z,368,20,3,1,2,0,1,1,1,1785486991
2026-07-31T08:55:21Z,370,15,8,12,0,0,1,1,1,1785487896
2026-07-31T08:55:21Z,371,4,2,14,1,0,1,1,1,1785484735
2026-07-31T08:55:21Z,372,8,2,7,0,0,1,1,1,1785487594
2026-07-31T08:55:21Z,373,24,8,3,0,0,1,1,1,1785486433
2026-07-31T08:55:21Z,374,17,7,0,2,0,1,1,1,1785487830
2026-07-31T08:55:21Z,375,20,5,4,3,0,1,1,1,1785487593
2026-07-31T08:55:21Z,376,29,3,4,6,0,1,1,1,1785487593
2026-07-31T08:55:21Z,377,25,9,2,0,0,1,1,1,1785487594
2026-07-31T08:55:21Z,378,22,5,0,1,1,1,1,1,1785488059
2026-07-31T08:55:21Z,379,14,0,13,0,0,1,1,1,1785487594
2026-07-31T08:55:21Z,380,21,7,1,1,0,1,1,1,1785487594
2026-07-31T08:55:21Z,381,13,0,10,0,0,1,1,1,1785487594
2026-07-31T08:55:21Z,383,12,0,1,2,0,1,1,1,1785487895
2026-07-31T08:55:21Z,384,26,1,0,1,0,1,1,1,1785487594
2026-07-31T08:55:21Z,385,14,2,2,2,0,1,1,1,1785487594
2026-07-31T08:55:21Z,387,21,2,2,0,0,1,1,1,1785487594
2026-07-31T08:55:21Z,388,16,3,33,0,0,1,1,1,1785485188
2026-07-31T08:55:21Z,389,9,8,6,0,0,1,1,1,1785487293
2026-07-31T08:55:21Z,390,18,0,17,0,0,1,1,1,1785487516
2026-07-31T08:55:21Z,391,4,0,10,1,0,1,1,1,1785487292
2026-07-31T08:55:21Z,392,3,3,15,1,0,1,1,1,1785488010
2026-07-31T08:55:21Z,393,3,3,5,3,0,1,1,1,1785487292
2026-07-31T08:55:21Z,394,9,6,2,2,0,1,1,1,1785487594
2026-07-31T08:55:21Z,396,7,7,32,3,0,1,1,1,1785487595
2026-07-31T08:55:21Z,397,4,4,27,0,0,1,1,1,1785479502
2026-07-31T08:55:21Z,399,13,2,2,2,0,1,1,1,1785487594
2026-07-31T08:55:21Z,400,11,6,9,3,0,1,1,1,1785487593
2026-07-31T08:55:21Z,401,9,0,22,8,0,1,1,1,1785487384
2026-07-31T08:55:21Z,403,4,0,25,2,0,1,1,1,1785487813
2026-07-31T08:55:21Z,404,2,1,20,1,0,1,1,1,1785486690
2026-07-31T08:55:21Z,406,2,0,32,1,0,1,1,1,1785486993
2026-07-31T08:55:21Z,407,16,3,17,1,0,1,1,1,1785484887
2026-07-31T08:55:21Z,408,12,2,20,1,0,1,1,1,1785480622
2026-07-31T08:55:21Z,409,0,0,20,3,0,1,1,1,1785474552
2026-07-31T08:55:21Z,413,21,5,0,2,0,1,1,1,1785487092
2026-07-31T08:55:21Z,414,13,4,1,1,0,1,1,1,1785485488
2026-07-31T08:55:21Z,417,11,7,8,0,0,1,1,1,1785478784
2026-07-31T08:55:21Z,418,1,0,13,1,0,1,1,1,1785476979
2026-07-31T08:55:21Z,419,10,0,12,1,0,1,1,1,1785487895
2026-07-31T08:55:21Z,421,1,0,18,0,0,1,1,1,1785475529
2026-07-31T08:55:21Z,422,2,2,24,1,0,1,1,1,1785487961
2026-07-31T08:55:21Z,423,6,1,17,0,0,1,1,1,1785477801
2026-07-31T08:55:21Z,424,2,1,10,3,0,1,1,1,1785487973
2026-07-31T08:55:21Z,425,20,0,1,0,1,1,1,1,1785485489
2026-07-31T08:55:21Z,426,0,0,35,2,0,1,1,1,1785483994
2026-07-31T08:55:21Z,427,14,1,0,1,0,1,1,1,1785487895
2026-07-31T08:55:21Z,428,14,1,4,1,0,1,1,1,1785485758
2026-07-31T08:55:21Z,429,1,0,20,2,0,1,1,1,1785486940
2026-07-31T08:55:21Z,430,28,0,0,3,0,1,1,1,1785485488
2026-07-31T08:55:21Z,431,14,0,18,1,0,1,1,1,1785487895
2026-07-31T08:55:21Z,432,18,0,11,2,0,1,1,1,1785487841
2026-07-31T08:55:21Z,433,19,6,3,1,0,1,1,1,1785477238
2026-07-31T08:55:21Z,437,3,1,15,1,0,1,1,1,1785487897
2026-07-31T08:55:21Z,438,17,0,1,1,0,1,1,1,1785487983
2026-07-31T08:55:21Z,439,5,0,10,0,0,1,1,1,1785472574
2026-07-31T08:55:21Z,440,13,1,0,2,0,1,1,1,1785485156
2026-07-31T08:55:21Z,441,10,2,4,1,0,1,1,1,1785485488
2026-07-31T08:55:21Z,442,17,9,1,1,0,1,1,1,1785487895
2026-07-31T08:55:21Z,443,4,2,23,0,0,1,1,1,1785485488
2026-07-31T08:55:21Z,444,2,2,21,0,0,1,1,1,1785485488
2026-07-31T08:55:21Z,445,7,2,15,1,0,1,1,1,1785487893
2026-07-31T08:55:21Z,446,1,1,21,1,0,1,1,1,1785487896
2026-07-31T08:55:21Z,447,3,0,18,1,1,1,1,1,1785485488
2026-07-31T08:55:21Z,448,9,4,5,1,0,1,1,1,1785487895
2026-07-31T08:55:21Z,452,8,6,10,1,0,1,1,1,1785487661
2026-07-31T08:55:21Z,453,6,5,8,1,0,1,1,1,1785488004
2026-07-31T08:55:21Z,454,9,0,10,0,0,1,1,1,1785484271
2026-07-31T08:55:21Z,455,0,0,39,0,0,1,1,1,1785487895
2026-07-31T08:55:21Z,456,9,0,10,1,0,1,1,1,1785487825
2026-07-31T08:55:21Z,457,25,2,0,2,0,1,1,1,1785487895
2026-07-31T08:55:21Z,458,15,6,8,0,0,1,1,1,1785487229
2026-07-31T08:55:21Z,459,15,0,0,0,0,1,1,1,1785485789
2026-07-31T08:55:21Z,460,20,2,2,1,0,1,1,1,1785484847
2026-07-31T08:55:21Z,461,5,1,14,0,0,1,1,1,1785487878
2026-07-31T08:55:21Z,462,9,0,12,0,0,1,1,1,1785487895
2026-07-31T08:55:21Z,463,13,1,6,0,0,1,1,1,1785487897
2026-07-31T08:55:21Z,464,3,1,11,0,0,1,1,1,1785485789
2026-07-31T08:55:21Z,465,0,0,14,1,0,1,1,1,1785485789
2026-07-31T08:55:21Z,466,11,3,2,2,0,1,1,1,1785485789
2026-07-31T08:55:21Z,467,5,1,13,1,0,1,1,1,1785471818
2026-07-31T08:55:21Z,468,17,1,1,1,0,1,1,1,1785485789
2026-07-31T08:55:21Z,469,2,1,21,0,0,1,1,1,1785487896
2026-07-31T08:55:21Z,470,13,1,0,2,0,1,1,1,1785487981
2026-07-31T08:55:21Z,471,22,2,5,0,0,1,1,1,1785487895
2026-07-31T08:55:21Z,472,18,6,0,1,0,1,1,1,1785487948
2026-07-31T08:55:21Z,473,19,5,0,0,0,1,1,1,1785485789
2026-07-31T08:55:21Z,474,17,0,2,0,0,1,1,1,1785488001
2026-07-31T08:55:21Z,475,3,0,15,1,0,1,1,1,1785485789
2026-07-31T08:55:21Z,477,11,8,3,1,0,1,1,1,1785486182
2026-07-31T08:55:21Z,478,6,0,24,1,0,1,1,1,1785485789
2026-07-31T08:55:21Z,479,1,1,24,2,0,1,1,1,1785487379
2026-07-31T08:55:21Z,480,2,0,10,3,0,1,1,1,1785485789
2026-07-31T08:55:21Z,481,26,1,8,1,0,1,1,1,1785488027
2026-07-31T08:55:21Z,482,18,6,1,0,0,1,1,1,1785484337
2026-07-31T08:55:21Z,483,1,0,24,2,0,1,1,1,1785487929
2026-07-31T08:55:21Z,484,9,2,9,1,0,1,1,1,1785487875
2026-07-31T08:55:21Z,485,16,6,1,1,1,1,1,1,1785487999
2026-07-31T08:55:21Z,486,25,6,0,2,0,1,1,1,1785487980
2026-07-31T08:55:21Z,487,7,4,11,1,0,1,1,1,1785486902
2026-07-31T08:55:21Z,489,13,6,2,0,0,1,1,1,1785487212
2026-07-31T08:55:21Z,490,2,1,14,0,0,1,1,1,1785486473
2026-07-31T08:55:21Z,491,4,1,17,0,0,1,1,1,1785486090
2026-07-31T08:55:21Z,492,5,3,2,4,0,1,1,1,1785488113
2026-07-31T08:55:21Z,493,0,0,26,1,0,1,1,1,1785487895
2026-07-31T08:55:21Z,495,10,0,2,3,0,1,1,1,1785487895
2026-07-31T08:55:21Z,496,27,1,0,0,0,1,1,1,1785486089
2026-07-31T08:55:21Z,497,17,0,1,1,0,1,1,1,1785473754
2026-07-31T08:55:21Z,498,22,3,0,1,0,1,1,1,1785486119
2026-07-31T08:55:21Z,499,17,1,1,1,0,1,1,1,1785487896
2026-07-31T08:55:21Z,500,8,4,1,6,0,1,1,1,1785487895
2026-07-31T08:55:21Z,501,10,4,11,0,0,1,1,1,1785487896
2026-07-31T08:55:21Z,502,6,0,13,0,0,1,1,1,1785486089
2026-07-31T08:55:21Z,503,26,0,4,1,0,1,1,1,1785487895
2026-07-31T08:55:21Z,504,0,0,39,0,0,1,1,1,1785486562
2026-07-31T08:55:21Z,505,10,1,1,1,0,1,1,1,1785487586
2026-07-31T08:55:21Z,511,2,1,21,0,0,1,1,1,1785486354
2026-07-31T08:55:21Z,512,7,0,20,0,0,1,1,1,1785487895
2026-07-31T08:55:21Z,514,10,0,0,1,0,1,1,1,1785486089
2026-07-31T08:55:21Z,515,2,0,17,0,0,1,1,1,1785487895
2026-07-31T08:55:21Z,516,0,0,27,0,0,1,1,1,1785484039
2026-07-31T08:55:21Z,517,14,3,8,1,0,1,1,1,1785486090
2026-07-31T08:55:21Z,518,14,1,0,1,0,1,1,1,1785486390
2026-07-31T08:55:21Z,519,4,0,13,2,0,1,1,1,1785487925
2026-07-31T08:55:21Z,520,11,7,10,5,1,1,1,1,1785488112
2026-07-31T08:55:21Z,521,18,5,5,0,0,1,1,1,1785487895
2026-07-31T08:55:21Z,522,0,0,22,1,0,1,1,1,1785486390
2026-07-31T08:55:21Z,523,6,3,16,1,0,1,1,1,1785487895
2026-07-31T08:55:21Z,524,1,0,22,0,0,1,1,1,1785486695
2026-07-31T08:55:21Z,525,9,0,10,0,0,1,1,1,1785484441
2026-07-31T08:55:21Z,526,13,1,0,2,0,1,1,1,1785486390
2026-07-31T08:55:21Z,527,6,4,17,3,0,1,1,1,1785488039
2026-07-31T08:55:21Z,528,21,2,1,1,0,1,1,1,1785486390
2026-07-31T08:55:21Z,529,6,3,7,6,0,1,1,1,1785488112
2026-07-31T08:55:21Z,530,16,1,3,2,0,1,1,1,1785482854
2026-07-31T08:55:21Z,531,21,1,0,1,1,1,1,1,1785485732
2026-07-31T08:55:21Z,532,3,3,26,1,1,1,1,1,1785481447
2026-07-31T08:55:21Z,533,8,1,9,2,0,1,1,1,1785486390
2026-07-31T08:55:21Z,534,16,2,7,0,0,1,1,1,1785486465
2026-07-31T08:55:21Z,535,2,0,13,0,0,1,1,1,1785486390
2026-07-31T08:55:21Z,536,1,0,22,0,0,1,1,1,1785485983
2026-07-31T08:55:21Z,537,0,0,20,0,0,1,1,1,1785482824
2026-07-31T08:55:21Z,538,21,8,0,0,2,1,1,1,1785488100
2026-07-31T08:55:21Z,539,4,4,27,0,0,1,1,1,1785470894
2026-07-31T08:55:21Z,540,2,1,17,0,0,1,1,1,1785486391
2026-07-31T08:55:21Z,541,26,2,0,1,0,1,1,1,1785486390
2026-07-31T08:55:21Z,542,2,2,21,0,0,1,1,1,1785486390
2026-07-31T08:55:21Z,543,17,2,1,1,0,1,1,1,1785477292
2026-07-31T08:55:21Z,544,14,1,4,4,0,1,1,1,1785486390
2026-07-31T08:55:21Z,545,0,0,17,2,0,1,1,1,1785486390
2026-07-31T08:55:21Z,546,15,7,4,0,0,1,1,1,1785487438
2026-07-31T08:55:21Z,547,19,0,6,0,0,1,1,1,1785484975
2026-07-31T08:55:21Z,548,14,1,9,0,0,1,1,1,1785486390
2026-07-31T08:55:21Z,549,20,0,3,0,0,1,1,1,1785486390
2026-07-31T08:55:21Z,550,17,2,2,0,0,1,1,1,1785486390
2026-07-31T08:55:21Z,551,16,4,7,0,0,1,1,1,1785486390
2026-07-31T08:55:21Z,552,27,3,0,0,0,1,1,1,1785486390
2026-07-31T08:55:21Z,553,20,4,0,2,1,1,1,1,1785486587
2026-07-31T08:55:21Z,554,1,1,18,0,0,1,1,1,1785486691
2026-07-31T08:55:21Z,555,14,6,0,1,0,1,1,1,1785473227
2026-07-31T08:55:21Z,556,21,4,0,2,0,1,1,1,1785487839
2026-07-31T08:55:21Z,557,6,4,12,5,0,1,1,1,1785481664
2026-07-31T08:55:21Z,558,27,4,10,0,0,1,1,1,1785482878
2026-07-31T08:55:21Z,559,0,0,18,1,0,1,1,1,1785486390
2026-07-31T08:55:21Z,560,9,0,18,0,0,1,1,1,1785487671
2026-07-31T08:55:21Z,561,13,1,9,1,0,1,1,1,1785486390
2026-07-31T08:55:21Z,562,3,0,29,3,0,1,1,1,1785486691
2026-07-31T08:55:21Z,563,11,1,3,0,0,1,1,1,1785482241
2026-07-31T08:55:21Z,564,12,0,6,1,0,1,1,1,1785482523
2026-07-31T08:55:21Z,565,7,2,12,0,0,1,1,1,1785487917
2026-07-31T08:55:21Z,566,16,0,2,1,0,1,1,1,1785488050
2026-07-31T08:55:21Z,567,25,1,1,1,0,1,1,1,1785485492
2026-07-31T08:55:21Z,568,13,0,5,1,0,1,1,1,1785486691
2026-07-31T08:55:21Z,569,17,3,2,0,0,1,1,1,1785486691
2026-07-31T08:55:21Z,570,13,1,6,0,0,1,1,1,1785486691
2026-07-31T08:55:21Z,571,0,0,23,0,0,1,1,1,1785486691
2026-07-31T08:55:21Z,572,16,5,2,1,0,1,1,1,1785487407
2026-07-31T08:55:21Z,573,13,0,2,0,0,1,1,1,1785486691
2026-07-31T08:55:21Z,574,10,3,5,0,0,1,1,1,1785487852
2026-07-31T08:55:21Z,575,5,0,15,1,0,1,1,1,1785486513
2026-07-31T08:55:21Z,576,3,0,14,2,0,1,1,1,1785484547
2026-07-31T08:55:21Z,577,13,0,18,0,0,1,1,1,1785484139
2026-07-31T08:55:21Z,578,15,10,7,1,0,1,1,1,1785486996
2026-07-31T08:55:21Z,579,4,0,39,0,0,1,1,1,1785482722
2026-07-31T08:55:21Z,580,4,0,25,0,0,1,1,1,1785486691
2026-07-31T08:55:21Z,581,18,2,1,0,0,1,1,1,1785487551
2026-07-31T08:55:21Z,582,22,0,38,1,0,1,1,1,1785488040
2026-07-31T08:55:21Z,583,23,1,0,0,0,1,1,1,1785486691
2026-07-31T08:55:21Z,584,9,4,6,4,0,1,1,1,1785486691
2026-07-31T08:55:21Z,585,16,3,10,0,1,1,1,1,1785486481
2026-07-31T08:55:21Z,586,13,0,22,0,0,1,1,1,1785486958
2026-07-31T08:55:21Z,587,20,0,3,1,0,1,1,1,1785487003
2026-07-31T08:55:21Z,588,11,3,5,3,0,1,1,1,1785487880
2026-07-31T08:55:21Z,589,0,0,0,23,0,1,1,1,1785487908
2026-07-31T08:55:21Z,590,19,4,11,1,0,1,1,1,1785479272
2026-07-31T08:55:21Z,591,28,1,0,2,0,1,1,1,1785486691
2026-07-31T08:55:21Z,592,12,0,11,0,0,1,1,1,1785483987
2026-07-31T08:55:21Z,593,0,0,38,0,0,1,1,1,1785476655
2026-07-31T08:55:21Z,594,6,0,12,3,0,1,1,1,1785487943
2026-07-31T08:55:21Z,595,0,0,3,0,0,0,1,1,1784046673
2026-07-31T08:55:21Z,605,0,0,2,1,0,0,1,1,1783975843
2026-07-31T08:55:21Z,606,0,0,0,0,0,0,1,1,86400
2026-07-31T08:55:21Z,607,9,1,22,1,0,1,1,1,1785486968
2026-07-31T08:55:21Z,608,1,0,49,0,0,1,1,1,1785486736
2026-07-31T08:55:21Z,609,2,0,21,0,0,1,1,1,1785486261
2026-07-31T08:55:21Z,610,0,0,35,0,0,1,1,1,1785463583
2026-07-31T08:55:21Z,611,12,0,14,1,0,1,1,1,1785483600
2026-07-31T08:55:21Z,612,6,1,9,0,0,1,1,1,1785486691
2026-07-31T08:55:21Z,613,9,0,3,3,0,1,1,1,1785472894
2026-07-31T08:55:21Z,614,1,1,23,2,1,1,1,1,1785486629
2026-07-31T08:55:21Z,617,12,0,1,2,0,1,1,1,1785486691
2026-07-31T08:55:21Z,618,13,2,1,5,0,1,1,1,1785486690
2026-07-31T08:55:21Z,619,7,2,12,0,0,1,1,1,1785483534
2026-07-31T08:55:21Z,620,0,0,25,2,0,1,1,1,1785478133
2026-07-31T08:55:21Z,621,7,2,15,1,0,1,1,1,1785486775
2026-07-31T08:55:21Z,622,5,2,17,1,0,1,1,1,1785480182
2026-07-31T08:55:21Z,623,9,2,20,1,0,1,1,1,1785475996
2026-07-31T08:55:21Z,624,2,0,13,0,0,1,1,1,1785486691
2026-07-31T08:55:21Z,625,5,0,14,2,0,1,1,1,1785484305
2026-07-31T08:55:21Z,626,0,0,45,0,2,1,1,1,1785469585
2026-07-31T08:55:21Z,627,13,6,6,0,0,1,1,1,1785485482
2026-07-31T08:55:21Z,628,0,0,15,2,2,1,1,1,1785488106
2026-07-31T08:55:21Z,629,4,1,6,1,0,1,1,1,1785487864
2026-07-31T08:55:21Z,630,3,2,21,3,0,1,1,1,1785487992
2026-07-31T08:55:21Z,631,2,1,21,0,0,1,1,1,1785471593
2026-07-31T08:55:21Z,632,22,2,0,1,0,1,1,1,1785458363
2026-07-31T08:55:21Z,633,11,1,0,4,0,1,1,1,1785487869
2026-07-31T08:55:21Z,634,11,2,8,0,0,1,1,1,1785486991
2026-07-31T08:55:21Z,635,17,1,2,0,0,1,1,1,1785485606
2026-07-31T08:55:21Z,636,10,2,5,0,0,1,1,1,1785484858
2026-07-31T08:55:21Z,637,8,0,11,0,0,1,1,1,1785483457
2026-07-31T08:55:21Z,638,9,2,7,3,0,1,1,1,1785473314
2026-07-31T08:55:21Z,639,5,1,11,3,0,1,1,1,1785479066
2026-07-31T08:55:21Z,640,1,1,21,1,0,1,1,1,1785487992
2026-07-31T08:55:21Z,641,21,1,3,2,0,1,1,1,1785487278
2026-07-31T08:55:21Z,642,4,2,7,8,0,1,1,1,1785488111
2026-07-31T08:55:21Z,643,1,0,18,8,0,1,1,1,1785488114
2026-07-31T08:55:21Z,644,12,0,2,1,0,1,1,1,1785486991
2026-07-31T08:55:21Z,645,13,0,8,1,1,1,1,1,1785487301
2026-07-31T08:55:21Z,646,7,2,12,0,0,1,1,1,1785487872
2026-07-31T08:55:21Z,647,31,1,0,0,0,1,1,1,1785469507
2026-07-31T08:55:21Z,648,6,0,12,1,0,1,1,1,1785487726
2026-07-31T08:55:21Z,649,19,2,11,1,0,1,1,1,1785486346
2026-07-31T08:55:21Z,650,5,1,9,0,0,1,1,1,1785461548
2026-07-31T08:55:21Z,651,11,9,12,0,0,1,1,1,1785482207
2026-07-31T08:55:21Z,652,4,2,17,2,0,1,1,1,1785487980
2026-07-31T08:55:21Z,653,8,1,9,2,0,1,1,1,1785481487
2026-07-31T08:55:21Z,654,2,2,13,0,0,1,1,1,1785480995
2026-07-31T08:55:21Z,655,6,3,2,4,1,1,1,1,1785488011
2026-07-31T08:55:21Z,656,18,6,1,0,0,1,1,1,1785482316
2026-07-31T08:55:21Z,657,9,1,3,2,3,1,1,1,1785487917
2026-07-31T08:55:21Z,658,9,1,1,0,0,1,1,1,1785473427
2026-07-31T08:55:21Z,659,8,3,5,2,0,1,1,1,1785482005
2026-07-31T08:55:21Z,660,13,0,14,4,0,1,1,1,1785486756
2026-07-31T08:55:21Z,661,1,1,18,0,0,1,1,1,1785474064
2026-07-31T08:55:21Z,662,7,5,14,2,0,1,1,1,1785480458
2026-07-31T08:55:21Z,663,14,6,0,1,0,1,1,1,1785472341
2026-07-31T08:55:21Z,664,0,0,27,0,0,1,1,1,1785472715
2026-07-31T08:55:21Z,665,12,3,3,0,0,1,1,1,1785479255
2026-07-31T08:55:21Z,666,7,2,6,2,0,1,1,1,1785473808
2026-07-31T08:55:21Z,667,0,0,19,0,0,1,1,1,1785486991
2026-07-31T08:55:21Z,668,10,1,8,1,0,1,1,1,1785484022
2026-07-31T08:55:21Z,669,14,5,0,0,0,1,1,1,1785473569
2026-07-31T08:55:21Z,670,11,2,16,0,0,1,1,1,1785486992
2026-07-31T08:55:21Z,671,24,5,2,1,0,1,1,1,1785487763
2026-07-31T08:55:21Z,672,13,2,6,3,1,1,1,1,1785486991
2026-07-31T08:55:21Z,673,12,1,9,2,0,1,1,1,1785488055
2026-07-31T08:55:21Z,674,3,2,17,3,0,1,1,1,1785488072
2026-07-31T08:55:21Z,675,12,6,1,2,0,1,1,1,1785488108
2026-07-31T08:55:21Z,676,4,1,17,1,0,1,1,1,1785479831
2026-07-31T08:55:21Z,681,12,3,1,2,0,1,1,1,1785484717
2026-07-31T08:55:21Z,682,4,1,14,1,0,1,1,1,1785486991
2026-07-31T08:55:21Z,683,4,1,15,0,0,1,1,1,1785486513
2026-07-31T08:55:21Z,684,3,0,24,0,0,1,1,1,1785487883
2026-07-31T08:55:21Z,685,10,0,15,1,1,1,1,1,1785476486
2026-07-31T08:55:21Z,686,11,0,14,1,1,1,1,1,1785488095
2026-07-31T08:55:21Z,687,11,0,18,1,1,1,1,1,1785487982
2026-07-31T08:55:21Z,688,10,0,2,7,0,1,1,1,1785488048
2026-07-31T08:55:21Z,692,3,1,18,0,0,1,1,1,1785487604
2026-07-31T08:55:21Z,693,5,0,3,3,0,1,1,1,1785487179
2026-07-31T08:55:21Z,694,9,5,12,0,0,1,1,1,1785486923
2026-07-31T08:55:21Z,695,17,11,6,0,0,1,1,1,1785487057
2026-07-31T08:55:21Z,696,19,14,3,1,0,1,1,1,1785486977
2026-07-31T08:55:21Z,697,19,1,4,0,0,1,1,1,1785486580
2026-07-31T08:55:21Z,698,26,0,1,0,0,1,1,1,1785487932
2026-07-31T08:55:21Z,699,7,0,7,1,0,1,1,1,1785487474
2026-07-31T08:55:21Z,700,19,4,0,0,0,1,1,1,1785487599
2026-07-31T08:55:21Z,701,17,6,2,0,0,1,1,1,1785487029
2026-07-31T08:55:21Z,702,18,0,4,1,0,1,1,1,1785488049
2026-07-31T08:55:21Z,704,9,2,6,0,0,1,1,1,1785487895
2026-07-31T08:55:21Z,705,5,3,9,1,0,1,1,1,1785487713
2026-07-31T08:55:21Z,706,12,2,0,3,0,1,1,1,1785486994
2026-07-31T08:55:21Z,707,10,2,5,0,0,1,1,1,1785487639
2026-07-31T08:55:21Z,708,19,3,0,0,0,1,1,1,1785487841
2026-07-31T08:55:21Z,709,11,1,1,3,0,1,1,1,1785487585
2026-07-31T08:55:21Z,710,16,3,2,1,0,1,1,1,1785487071
2026-07-31T08:55:21Z,711,19,4,0,4,0,1,1,1,1785487135
2026-07-31T08:55:21Z,712,15,10,0,0,0,1,1,1,1785487013
2026-07-31T08:55:21Z,713,6,0,17,0,0,1,1,1,1785488106
2026-07-31T08:55:21Z,716,3,1,12,0,0,1,1,1,1785487356
2026-07-31T08:55:21Z,717,2,1,20,3,0,1,1,1,1785487431
2026-07-31T08:55:21Z,718,3,1,11,1,0,1,1,1,1785487545
2026-07-31T08:55:21Z,719,7,1,22,0,0,1,1,1,1785486588
2026-07-31T08:55:21Z,720,2,1,17,0,0,1,1,1,1785487649
2026-07-31T08:55:21Z,721,0,0,21,2,0,1,1,1,1785486626
2026-07-31T08:55:21Z,722,5,0,10,0,0,1,1,1,1785487402
2026-07-31T08:55:21Z,723,12,1,11,0,0,1,1,1,1785487894
2026-07-31T08:55:21Z,724,21,4,2,0,0,1,1,1,1785486774
2026-07-31T08:55:21Z,725,22,6,0,1,0,1,1,1,1785486341
2026-07-31T08:55:21Z,726,19,3,0,0,0,1,1,1,1785486990
2026-07-31T08:55:21Z,727,9,4,12,2,0,1,1,1,1785486572
2026-07-31T08:55:21Z,728,9,0,5,1,0,1,1,1,1785487953
2026-07-31T08:55:21Z,729,6,0,13,0,0,1,1,1,1785487011
2026-07-31T08:55:21Z,730,3,2,10,2,0,1,1,1,1785486991
2026-07-31T08:55:21Z,731,10,3,4,1,0,1,1,1,1785487658
2026-07-31T08:55:21Z,732,9,5,6,0,0,1,1,1,1785487128
2026-07-31T08:55:21Z,733,4,0,23,0,0,1,1,1,1785487667
2026-07-31T08:55:21Z,734,0,0,14,0,0,1,1,1,1785486848
2026-07-31T08:55:21Z,735,4,3,23,0,0,1,1,1,1785487895
2026-07-31T08:55:21Z,736,7,1,12,0,0,1,1,1,1785488088
2026-07-31T08:55:21Z,737,4,3,10,0,1,1,1,1,1785488072
2026-07-31T08:55:21Z,738,18,7,0,1,0,1,1,1,1785488013
2026-07-31T08:55:21Z,739,19,2,7,1,0,1,1,1,1785487688
2026-07-31T08:55:21Z,741,7,1,16,0,0,1,1,1,1785487979
2026-07-31T08:55:21Z,742,6,1,26,3,0,1,1,1,1785488087
2026-07-31T08:55:21Z,743,8,3,9,2,0,1,1,1,1785487848
2026-07-31T08:55:21Z,744,12,4,3,0,0,1,1,1,1785487825
2026-07-31T08:55:21Z,745,14,4,4,1,0,1,1,1,1785486991
2026-07-31T08:55:21Z,746,12,3,9,2,0,1,1,1,1785487335
2026-07-31T08:55:21Z,747,0,0,4,0,0,0,1,1,1783446606
2026-07-31T08:55:21Z,748,10,1,13,0,0,1,1,1,1785487330
2026-07-31T08:55:21Z,749,7,5,15,1,0,1,1,1,1785487244
2026-07-31T08:55:21Z,750,4,2,7,0,0,1,1,1,1785487894
2026-07-31T08:55:21Z,751,8,0,15,0,0,1,1,1,1785487455
2026-07-31T08:55:21Z,752,13,1,3,1,0,1,1,1,1785482301
2026-07-31T08:55:21Z,753,4,0,11,0,0,1,1,1,1785486990
2026-07-31T08:55:21Z,754,2,2,12,1,0,1,1,1,1785487098
2026-07-31T08:55:21Z,755,12,3,10,1,0,1,1,1,1785487215
2026-07-31T08:55:21Z,756,2,0,35,0,0,1,1,1,1785487923
2026-07-31T08:55:21Z,757,18,9,1,0,0,1,1,1,1785487326
2026-07-31T08:55:21Z,758,22,3,1,0,0,1,1,1,1785487871
2026-07-31T08:55:21Z,759,5,3,10,0,0,1,1,1,1785486663
2026-07-31T08:55:21Z,760,8,3,11,0,0,1,1,1,1785472022
2026-07-31T08:55:21Z,761,16,0,7,0,0,1,1,1,1785487779
2026-07-31T08:55:21Z,762,7,4,4,4,0,1,1,1,1785487608
2026-07-31T08:55:21Z,768,8,0,8,3,0,1,1,1,1785487291
2026-07-31T08:55:21Z,769,16,12,3,0,0,1,1,1,1785487292
2026-07-31T08:55:21Z,770,11,3,6,2,0,1,1,1,1785486330
2026-07-31T08:55:21Z,771,13,3,1,1,0,1,1,1,1785487578
2026-07-31T08:55:21Z,772,7,3,8,0,0,1,1,1,1785487291
2026-07-31T08:55:21Z,773,15,4,4,0,0,1,1,1,1785488033
2026-07-31T08:55:21Z,774,9,5,3,3,0,1,1,1,1785487984
2026-07-31T08:55:21Z,775,6,0,11,1,1,1,1,1,1785468483
2026-07-31T08:55:21Z,776,3,1,17,1,0,1,1,1,1785486546
2026-07-31T08:55:21Z,777,10,0,2,3,0,1,1,1,1785488097
2026-07-31T08:55:21Z,778,13,0,3,3,0,1,1,1,1785488050
2026-07-31T08:55:21Z,779,8,1,10,1,0,1,1,1,1785487292
2026-07-31T08:55:21Z,780,17,4,1,1,0,1,1,1,1785487312
2026-07-31T08:55:21Z,781,6,2,3,2,0,1,1,1,1785487086
2026-07-31T08:55:21Z,782,5,3,10,4,0,1,1,1,1785487864
2026-07-31T08:55:21Z,783,7,1,12,0,0,1,1,1,1785487140
2026-07-31T08:55:21Z,784,15,2,4,0,0,1,1,1,1785486748
2026-07-31T08:55:21Z,785,11,2,2,6,0,1,1,1,1785487291
2026-07-31T08:55:21Z,786,11,5,8,0,0,1,1,1,1785486953
2026-07-31T08:55:21Z,787,11,5,2,2,0,1,1,1,1785486597
2026-07-31T08:55:21Z,788,3,0,12,0,0,1,1,1,1785487632
2026-07-31T08:55:21Z,789,10,2,1,4,0,1,1,1,1785487979
2026-07-31T08:55:21Z,790,0,0,23,0,0,1,1,1,1785486441
2026-07-31T08:55:21Z,791,7,2,11,0,1,1,1,1,1785487789
2026-07-31T08:55:21Z,793,4,0,10,1,0,1,1,1,1785488007
2026-07-31T08:55:21Z,794,8,3,19,2,0,1,1,1,1785486640
2026-07-31T08:55:21Z,796,0,0,17,2,0,1,1,1,1785487798
2026-07-31T08:55:21Z,797,1,0,14,0,0,1,1,1,1785487593
2026-07-31T08:55:21Z,798,6,0,18,1,0,1,1,1,1785487626
2026-07-31T08:55:21Z,799,14,1,1,4,0,1,1,1,1785487766
2026-07-31T08:55:21Z,800,0,0,20,1,0,1,1,1,1785487391
2026-07-31T08:55:21Z,801,4,2,16,1,0,1,1,1,1785487820
2026-07-31T08:55:21Z,802,8,0,23,0,0,1,1,1,1785487919
2026-07-31T08:55:21Z,803,1,1,14,0,0,1,1,1,1785487600
2026-07-31T08:55:21Z,806,8,3,7,0,0,1,1,1,1785487795
2026-07-31T08:55:21Z,807,14,0,8,3,0,1,1,1,1785486381
2026-07-31T08:55:21Z,808,0,0,23,2,0,1,1,1,1785472976
2026-07-31T08:55:21Z,809,5,1,17,1,0,1,1,1,1785487766
2026-07-31T08:55:21Z,810,2,0,13,4,0,1,1,1,1785486421
2026-07-31T08:55:21Z,815,4,1,6,4,1,1,1,1,1785487892
2026-07-31T08:55:21Z,817,10,5,5,0,0,1,1,1,1785487292
2026-07-31T08:55:21Z,818,6,0,16,1,0,1,1,1,1785486512
2026-07-31T08:55:21Z,819,6,4,9,0,0,1,1,1,1785487291
2026-07-31T08:55:21Z,820,8,2,9,0,0,1,1,1,1785487402
2026-07-31T08:55:21Z,821,2,1,13,0,0,1,1,1,1785487964
2026-07-31T08:55:21Z,822,1,0,20,2,0,1,1,1,1785486462
2026-07-31T08:55:21Z,823,0,0,14,1,0,1,1,1,1785487429
2026-07-31T08:55:21Z,824,12,3,6,1,0,1,1,1,1785488061
2026-07-31T08:55:21Z,825,8,5,7,0,0,1,1,1,1785462716
2026-07-31T08:55:21Z,826,10,2,8,1,0,1,1,1,1785486900
2026-07-31T08:55:21Z,827,16,5,4,1,0,1,1,1,1785486393
2026-07-31T08:55:21Z,828,10,0,7,1,0,1,1,1,1785488107
2026-07-31T08:55:21Z,829,16,7,11,0,0,1,1,1,1785487593
2026-07-31T08:55:21Z,830,11,2,11,1,0,1,1,1,1785487291
2026-07-31T08:55:21Z,831,7,2,7,1,0,1,1,1,1785487404
2026-07-31T08:55:21Z,832,10,3,5,3,0,1,1,1,1785487593
2026-07-31T08:55:21Z,833,1,0,17,1,0,1,1,1,1785487310
2026-07-31T08:55:21Z,834,1,0,22,1,0,1,1,1,1785487291
2026-07-31T08:55:21Z,835,16,6,0,2,0,1,1,1,1785487291
2026-07-31T08:55:21Z,837,5,1,0,10,0,1,1,1,1785487604
2026-07-31T08:55:21Z,838,13,3,2,0,0,1,1,1,1785486324
2026-07-31T08:55:21Z,839,20,1,9,0,0,1,1,1,1785488063
2026-07-31T08:55:21Z,840,8,3,19,2,0,1,1,1,1785486775
2026-07-31T08:55:21Z,841,7,1,8,0,0,1,1,1,1785487401
2026-07-31T08:55:21Z,842,7,2,16,0,0,1,1,1,1785487291
2026-07-31T08:55:21Z,843,8,0,22,1,0,1,1,1,1785487416
2026-07-31T08:55:21Z,844,6,0,17,0,0,1,1,1,1785487384
2026-07-31T08:55:21Z,845,5,3,12,2,0,1,1,1,1785487572
2026-07-31T08:55:21Z,846,4,0,13,2,0,1,1,1,1785487291
2026-07-31T08:55:21Z,847,7,1,20,0,0,1,1,1,1785486483
2026-07-31T08:55:21Z,848,10,3,8,1,0,1,1,1,1785485156
2026-07-31T08:55:21Z,849,7,2,8,0,0,1,1,1,1785486556
2026-07-31T08:55:21Z,850,9,0,1,1,0,1,1,1,1785487309
2026-07-31T08:55:21Z,851,3,3,32,2,0,1,1,1,1785486625
2026-07-31T08:55:21Z,852,12,6,7,0,0,1,1,1,1785487290
2026-07-31T08:55:21Z,853,10,5,13,0,0,1,1,1,1785486341
2026-07-31T08:55:21Z,854,4,2,11,0,0,1,1,1,1785486419
2026-07-31T08:55:21Z,855,25,0,2,0,0,1,1,1,1785485421
2026-07-31T08:55:21Z,857,1,1,18,0,0,1,1,1,1785487487
2026-07-31T08:55:21Z,858,4,1,14,1,0,1,1,1,1785487894
2026-07-31T08:55:21Z,859,3,0,17,1,0,1,1,1,1785486353
2026-07-31T08:55:21Z,861,8,1,2,1,0,1,1,1,1785455675
2026-07-31T08:55:21Z,862,2,1,13,0,0,1,1,1,1785487429
2026-07-31T08:55:21Z,863,13,0,5,1,0,1,1,1,1785472897
2026-07-31T08:55:21Z,866,9,3,10,0,0,1,1,1,1785487725
2026-07-31T08:55:21Z,867,12,0,3,0,0,1,1,1,1785487045
2026-07-31T08:55:21Z,868,13,2,2,0,0,1,1,1,1785487248
2026-07-31T08:55:21Z,870,7,4,6,2,0,1,1,1,1785487465
2026-07-31T08:55:21Z,871,0,0,10,1,0,1,1,1,1785486849
2026-07-31T08:55:21Z,872,0,0,14,1,0,1,1,1,1785487386
2026-07-31T08:55:21Z,873,0,0,32,1,0,1,1,1,1785487354
2026-07-31T08:55:21Z,874,5,2,7,3,0,1,1,1,1785487546
2026-07-31T08:55:21Z,875,14,10,0,1,0,1,1,1,1785487527
2026-07-31T08:55:21Z,877,11,10,6,2,0,1,1,1,1785486987
2026-07-31T08:55:21Z,878,3,2,15,1,0,1,1,1,1785487567
2026-07-31T08:55:21Z,879,1,0,18,0,0,1,1,1,1785486610
2026-07-31T08:55:21Z,880,3,0,19,1,0,1,1,1,1785487529
2026-07-31T08:55:21Z,881,2,0,17,0,0,1,1,1,1785487420
2026-07-31T08:55:21Z,882,11,0,6,2,0,1,1,1,1785457778
2026-07-31T08:55:21Z,883,10,6,9,0,0,1,1,1,1785487692
2026-07-31T08:55:21Z,884,11,7,10,0,0,1,1,1,1785487245
2026-07-31T08:55:21Z,885,1,0,18,0,0,1,1,1,1785487270
2026-07-31T08:55:21Z,886,17,1,11,1,0,1,1,1,1785488053
2026-07-31T08:55:21Z,887,2,1,12,3,0,1,1,1,1785487990
2026-07-31T08:55:21Z,888,12,0,27,2,0,1,1,1,1785488113
2026-07-31T08:55:21Z,889,17,1,0,2,0,1,1,1,1785487579
2026-07-31T08:55:21Z,890,7,4,8,0,0,1,1,1,1785472287
2026-07-31T08:55:21Z,891,20,0,2,1,0,1,1,1,1785486759
2026-07-31T08:55:21Z,892,13,1,2,0,0,1,1,1,1785469848
2026-07-31T08:55:21Z,895,0,0,18,1,0,1,1,1,1785465808
2026-07-31T08:55:21Z,896,6,0,29,0,0,1,1,1,1785483234
2026-07-31T08:55:21Z,897,11,1,10,0,0,1,1,1,1785487457
2026-07-31T08:55:21Z,898,2,0,17,0,0,1,1,1,1785487593
2026-07-31T08:55:21Z,899,0,0,18,1,0,1,1,1,1785487894
2026-07-31T08:55:21Z,900,20,1,6,1,0,1,1,1,1785488027
2026-07-31T08:55:21Z,901,12,0,6,1,0,1,1,1,1785487948
2026-07-31T08:55:21Z,902,9,0,5,1,0,1,1,1,1785487131
2026-07-31T08:55:21Z,903,15,2,4,0,0,1,1,1,1785486560
2026-07-31T08:55:21Z,904,10,4,8,1,0,1,1,1,1785487578
2026-07-31T08:55:21Z,905,4,0,23,0,0,1,1,1,1785487673
2026-07-31T08:55:21Z,906,7,4,20,0,0,1,1,1,1785486602
2026-07-31T08:55:21Z,907,6,1,25,0,0,1,1,1,1785487763
2026-07-31T08:55:21Z,908,11,0,12,0,0,1,1,1,1785487562
2026-07-31T08:55:21Z,909,14,4,8,1,0,1,1,1,1785487370
2026-07-31T08:55:21Z,910,20,0,11,0,0,1,1,1,1785487476
2026-07-31T08:55:21Z,911,3,0,16,0,0,1,1,1,1785487123
2026-07-31T08:55:21Z,912,9,5,12,2,0,1,1,1,1785488043
2026-07-31T08:55:21Z,913,3,1,16,0,0,1,1,1,1785488102
2026-07-31T08:55:21Z,914,6,1,13,0,0,1,1,1,1785487925
2026-07-31T08:55:21Z,915,7,0,15,1,0,1,1,1,1785487676
2026-07-31T08:55:21Z,916,23,8,0,0,0,1,1,1,1785487718
2026-07-31T08:55:21Z,917,3,0,30,2,0,1,1,1,1785486938
2026-07-31T08:55:21Z,918,13,5,4,2,0,1,1,1,1785487491
2026-07-31T08:55:21Z,919,13,3,25,1,0,1,1,1,1785487659
2026-07-31T08:55:21Z,920,4,2,15,0,0,1,1,1,1785487920
2026-07-31T08:55:21Z,921,12,0,9,0,0,1,1,1,1785487253
2026-07-31T08:55:21Z,922,4,1,17,0,0,1,1,1,1785488053
2026-07-31T08:55:21Z,923,19,2,0,0,0,1,1,1,1785487757
2026-07-31T08:55:21Z,924,8,2,13,0,0,1,1,1,1785486452
2026-07-31T08:55:21Z,925,13,0,8,0,0,1,1,1,1785487729
2026-07-31T08:55:21Z,926,0,0,21,0,0,1,1,1,1785487873
2026-07-31T08:55:21Z,927,1,0,34,0,0,1,1,1,1785487592
2026-07-31T08:55:21Z,928,5,3,14,0,0,1,1,1,1785464301
2026-07-31T08:55:21Z,929,0,0,23,0,0,1,1,1,1785486883
2026-07-31T08:55:21Z,930,0,0,30,1,0,1,1,1,1785487593
2026-07-31T08:55:21Z,931,8,3,15,0,0,1,1,1,1785487800
2026-07-31T08:55:21Z,932,4,0,12,3,0,1,1,1,1785487642
2026-07-31T08:55:21Z,933,0,0,23,0,0,1,1,1,1785487852
2026-07-31T08:55:21Z,934,2,0,28,1,0,1,1,1,1785487291
2026-07-31T08:55:21Z,935,9,2,9,1,0,1,1,1,1785487592
2026-07-31T08:55:21Z,936,4,1,15,0,0,1,1,1,1785456801
2026-07-31T08:55:21Z,940,10,0,1,0,0,1,1,1,1785487595
2026-07-31T08:55:21Z,941,10,1,13,2,0,1,1,1,1785487993
2026-07-31T08:55:21Z,942,5,0,16,0,0,1,1,1,1785487724
2026-07-31T08:55:21Z,943,9,8,6,0,0,1,1,1,1785487593
2026-07-31T08:55:21Z,944,9,8,6,0,0,1,1,1,1785487592
2026-07-31T08:55:21Z,945,10,8,5,0,0,1,1,1,1785487593
2026-07-31T08:55:21Z,946,7,5,12,0,0,1,1,1,1785487593
2026-07-31T08:55:21Z,947,7,5,10,0,0,1,1,1,1785487593
2026-07-31T08:55:21Z,948,26,8,0,5,0,1,1,1,1785487852
2026-07-31T08:55:21Z,949,1,0,14,0,0,1,1,1,1785487896
2026-07-31T08:55:21Z,950,16,4,0,1,0,1,1,1,1785487593
2026-07-31T08:55:21Z,951,18,4,5,0,0,1,1,1,1785487593
2026-07-31T08:55:21Z,952,7,0,48,0,0,1,1,1,1785486823
2026-07-31T08:55:21Z,953,14,2,0,1,0,1,1,1,1785487592
2026-07-31T08:55:21Z,954,18,4,1,0,0,1,1,1,1785487593
2026-07-31T08:55:21Z,955,4,3,17,6,0,1,1,1,1785486394
2026-07-31T08:55:21Z,956,21,1,1,1,0,1,1,1,1785487367
2026-07-31T08:55:21Z,957,15,0,14,0,0,1,1,1,1785487593
2026-07-31T08:55:21Z,958,19,0,12,0,0,1,1,1,1785488042
2026-07-31T08:55:21Z,959,20,8,0,3,0,1,1,1,1785487620
2026-07-31T08:55:21Z,960,22,1,0,1,0,1,1,1,1785487695
2026-07-31T08:55:21Z,961,2,1,17,4,0,1,1,1,1785488044
2026-07-31T08:55:21Z,962,8,3,24,3,0,1,1,1,1785487593
2026-07-31T08:55:21Z,963,6,0,16,1,0,1,1,1,1785487594
2026-07-31T08:55:21Z,964,20,8,2,1,0,1,1,1,1785487042
2026-07-31T08:55:21Z,965,5,1,21,1,0,1,1,1,1785487656
2026-07-31T08:55:21Z,966,28,0,3,0,0,1,1,1,1785488044
2026-07-31T08:55:21Z,967,20,0,0,1,0,1,1,1,1785487593
2026-07-31T08:55:21Z,968,14,0,4,1,0,1,1,1,1785487593
2026-07-31T08:55:21Z,969,10,6,15,2,0,1,1,1,1785487815
2026-07-31T08:55:21Z,970,11,1,7,1,0,1,1,1,1785487650
2026-07-31T08:55:21Z,971,15,0,7,1,0,1,1,1,1785487618
2026-07-31T08:55:21Z,972,9,1,13,1,0,1,1,1,1785487283
2026-07-31T08:55:21Z,973,9,4,13,1,0,1,1,1,1785487593
2026-07-31T08:55:21Z,974,12,0,15,0,0,1,1,1,1785488000
2026-07-31T08:55:21Z,977,7,7,11,3,0,1,1,1,1785487593
2026-07-31T08:55:21Z,978,11,0,12,0,0,1,1,1,1785487593
2026-07-31T08:55:21Z,979,14,1,3,0,0,1,1,1,1785487971
2026-07-31T08:55:21Z,980,2,0,17,2,0,1,1,1,1785487593
2026-07-31T08:55:21Z,981,19,1,1,1,0,1,1,1,1785487982
2026-07-31T08:55:21Z,982,3,1,14,2,0,1,1,1,1785487727
2026-07-31T08:55:21Z,983,2,1,20,1,0,1,1,1,1785487769
2026-07-31T08:55:21Z,984,6,0,17,0,0,1,1,1,1785487592
2026-07-31T08:55:21Z,985,8,0,23,0,0,1,1,1,1785488044
2026-07-31T08:55:21Z,986,4,0,15,0,0,1,1,1,1785487593
2026-07-31T08:55:21Z,987,6,0,16,1,0,1,1,1,1785487889
2026-07-31T08:55:21Z,988,5,1,13,1,0,1,1,1,1785487593
2026-07-31T08:55:21Z,989,9,4,10,0,0,1,1,1,1785487593
2026-07-31T08:55:21Z,990,13,1,0,2,0,1,1,1,1785487593
2026-07-31T08:55:21Z,991,10,2,8,1,0,1,1,1,1785487593
2026-07-31T08:55:21Z,992,10,7,12,1,0,1,1,1,1785488091
2026-07-31T08:55:21Z,993,0,0,27,0,0,1,1,1,1785476008
2026-07-31T08:55:21Z,994,4,1,17,0,0,1,1,1,1785487593
2026-07-31T08:55:21Z,995,9,2,18,0,0,1,1,1,1785487593
2026-07-31T08:55:21Z,996,8,1,15,0,0,1,1,1,1785487593
2026-07-31T08:55:21Z,997,11,5,10,2,0,1,1,1,1785487976
2026-07-31T08:55:21Z,998,3,2,19,1,0,1,1,1,1785487894
2026-07-31T08:55:21Z,999,3,1,15,2,1,1,1,1,1785487895
2026-07-31T08:55:21Z,1000,4,2,17,0,0,1,1,1,1785487894
2026-07-31T08:55:21Z,1001,1,0,26,0,0,1,1,1,1785487902
2026-07-31T08:55:21Z,1002,0,0,27,4,0,1,1,1,1785487895
2026-07-31T08:55:21Z,1003,0,0,22,1,0,1,1,1,1785487895
2026-07-31T08:55:21Z,1004,8,1,15,0,0,1,1,1,1785487895
2026-07-31T08:55:21Z,1005,20,1,3,0,0,1,1,1,1785487894
2026-07-31T08:55:21Z,1006,7,4,11,1,0,1,1,1,1785488029
2026-07-31T08:55:21Z,1007,2,1,19,0,0,1,1,1,1785486947
2026-07-31T08:55:21Z,1008,6,5,15,2,0,1,1,1,1785487894
2026-07-31T08:55:21Z,1009,19,2,8,4,0,1,1,1,1785488080
2026-07-31T08:55:21Z,1010,7,2,20,0,0,1,1,1,1785487894
2026-07-31T08:55:21Z,1011,8,2,9,2,0,1,1,1,1785487894
2026-07-31T08:55:21Z,1012,4,3,18,1,0,1,1,1,1785487245
2026-07-31T08:55:21Z,1013,4,1,18,1,0,1,1,1,1785487894
2026-07-31T08:55:21Z,1014,7,2,13,3,0,1,1,1,1785487894
2026-07-31T08:55:21Z,1015,3,1,25,3,0,1,1,1,1785488033
2026-07-31T08:55:21Z,1016,10,5,21,0,0,1,1,1,1785487894
2026-07-31T08:55:21Z,1017,14,5,7,0,0,1,1,1,1785487895
2026-07-31T08:55:21Z,1018,7,2,15,0,0,1,1,1,1785487332
2026-07-31T08:55:21Z,1019,9,6,6,0,0,1,1,1,1785488026
2026-07-31T08:55:21Z,1020,18,3,3,0,0,1,1,1,1785487894
2026-07-31T08:55:21Z,1021,9,3,5,1,0,1,1,1,1785488067
2026-07-31T08:55:21Z,1022,14,0,13,0,0,1,1,1,1785487894
2026-07-31T08:55:21Z,1023,13,1,9,1,0,1,1,1,1785487895
2026-07-31T08:55:21Z,1024,5,2,13,1,0,1,1,1,1785488067
2026-07-31T08:55:21Z,1025,4,0,14,0,1,1,1,1,1785487911
2026-07-31T08:55:21Z,1026,7,5,19,5,0,1,1,1,1785487894
2026-07-31T08:55:21Z,1028,2,0,20,1,0,1,1,1,1785487894
2026-07-31T08:55:21Z,1029,10,9,4,1,0,1,1,1,1785487895
2026-07-31T08:55:21Z,1030,14,5,9,0,0,1,1,1,1785488105
2026-07-31T08:55:21Z,1031,8,0,11,0,0,1,1,1,1785486660
2026-07-31T08:55:21Z,1032,7,1,12,0,0,1,1,1,1785487895
2026-07-31T08:55:21Z,1033,9,5,9,1,0,1,1,1,1785487894
2026-07-31T08:55:21Z,1034,2,0,13,0,0,1,1,1,1785487895
2026-07-31T08:55:21Z,1035,1,0,16,2,0,1,1,1,1785487894
2026-07-31T08:55:21Z,1036,15,1,0,0,0,1,1,1,1785487919
2026-07-31T08:55:21Z,1037,4,0,14,1,0,1,1,1,1785488010
2026-07-31T08:55:21Z,1038,2,0,12,1,0,1,1,1,1785487894
2026-07-31T08:55:21Z,1039,7,2,12,0,0,1,1,1,1785487895
2026-07-31T08:55:21Z,1040,7,3,10,2,0,1,1,1,1785487895
2026-07-31T08:55:21Z,1041,10,3,8,1,0,1,1,1,1785488050
2026-07-31T08:55:21Z,1042,12,1,1,2,0,1,1,1,1785488060
2026-07-31T08:55:21Z,1043,9,0,7,3,0,1,1,1,1785487895
2026-07-31T08:55:21Z,1044,2,1,12,1,0,1,1,1,1785487894
2026-07-31T08:55:21Z,1045,10,0,9,0,0,1,1,1,1785487894
2026-07-31T08:55:21Z,1046,9,0,6,0,0,1,1,1,1785487894
2026-07-31T08:55:21Z,1047,4,0,17,0,0,1,1,1,1785488075
2026-07-31T08:55:21Z,1048,10,1,9,0,0,1,1,1,1785487286
2026-07-31T08:55:21Z,1049,6,0,15,0,0,1,1,1,1785487894
2026-07-31T08:55:21Z,1050,17,4,4,0,0,1,1,1,1785486629
2026-07-31T08:55:21Z,1051,8,3,13,0,0,1,1,1,1785487895
2026-07-31T08:55:21Z,1052,17,2,5,0,0,1,1,1,1785488027
2026-07-31T08:55:21Z,1053,2,1,13,0,0,1,1,1,1785487894
2026-07-31T08:55:21Z,1054,14,1,1,0,0,1,1,1,1785487894
2026-07-31T08:55:21Z,1055,7,1,12,0,0,1,1,1,1785487894
2026-07-31T08:55:21Z,1057,18,0,0,1,0,1,1,1,1785487895
2026-07-31T08:55:21Z,1058,1,0,55,0,0,1,1,1,1785487895
2026-07-31T08:55:21Z,1059,0,0,18,1,0,1,1,1,1785487895
2026-07-31T08:55:21Z,1060,30,0,7,0,0,1,1,1,1785487895
2026-07-31T08:55:21Z,1061,7,1,29,1,0,1,1,1,1785487924
2026-07-31T08:55:21Z,1062,1,0,16,0,0,1,1,1,1785487894
2026-07-31T08:55:21Z,1063,12,1,6,1,0,1,1,1,1785487366
2026-07-31T08:55:21Z,1064,3,0,19,1,0,1,1,1,1785488029
2026-07-31T08:55:21Z,1065,16,3,7,0,0,1,1,1,1785488035
2026-07-31T08:55:21Z,1066,10,2,13,0,0,1,1,1,1785487895
2026-07-31T08:55:21Z,1067,8,2,13,2,0,1,1,1,1785488026
2026-07-31T08:55:21Z,1068,8,2,13,2,0,1,1,1,1785487895
2026-07-31T08:55:21Z,1069,12,3,11,0,0,1,1,1,1785487895
2026-07-31T08:55:21Z,1070,12,2,11,0,0,1,1,1,1785487895
2026-07-31T08:55:21Z,1071,7,4,16,0,0,1,1,1,1785487894
2026-07-31T08:55:21Z,1072,11,1,11,1,0,1,1,1,1785488075
2026-07-31T08:55:21Z,1073,26,7,0,1,0,1,1,1,1785486995
2026-07-31T08:55:21Z,1074,0,0,52,1,0,1,1,1,1785487600
2026-07-31T08:55:21Z,1075,10,10,11,0,0,1,1,1,1785487898
2026-07-31T08:55:21Z,1076,14,11,7,0,0,1,1,1,1785487895
2026-07-31T08:55:21Z,1077,8,5,13,0,0,1,1,1,1785487894
2026-07-31T08:55:21Z,1078,11,10,10,0,0,1,1,1,1785486550
2026-07-31T08:55:21Z,1079,11,8,10,0,0,1,1,1,1785487180
2026-07-31T08:55:21Z,1080,10,8,10,1,0,1,1,1,1785487895
2026-07-31T08:55:21Z,1081,13,8,6,0,0,1,1,1,1785486360
2026-07-31T08:55:21Z,1082,7,7,1,0,0,1,1,1,1785487666
2026-07-31T08:55:21Z,1083,13,11,8,0,0,1,1,1,1785487897
2026-07-31T08:55:21Z,1084,9,8,12,0,0,1,1,1,1785487896
2026-07-31T08:55:21Z,1085,8,8,13,0,0,1,1,1,1785487895
2026-07-31T08:55:21Z,1086,0,0,20,1,0,1,1,1,1785487895
2026-07-31T08:55:21Z,1087,12,7,3,0,0,1,1,1,1785487895
2026-07-31T08:55:21Z,1088,10,7,5,0,0,1,1,1,1785487894
2026-07-31T08:55:21Z,1089,5,3,10,0,0,1,1,1,1785487895
2026-07-31T08:55:21Z,1090,11,10,4,0,0,1,1,1,1785487894
2026-07-31T08:55:21Z,1091,12,7,3,0,0,1,1,1,1785487899
2026-07-31T08:55:21Z,1092,9,9,5,1,0,1,1,1,1785487895
2026-07-31T08:55:21Z,1093,7,6,8,0,0,1,1,1,1785488078
2026-07-31T08:55:21Z,1094,10,8,8,1,0,1,1,1,1785487322
2026-07-31T08:55:21Z,1095,9,8,6,0,0,1,1,1,1785488024
2026-07-31T08:55:21Z,1096,3,1,15,1,0,1,1,1,1785487685
2026-07-31T08:55:21Z,1097,11,11,4,0,0,1,1,1,1785487900
2026-07-31T08:55:21Z,1098,9,7,10,0,0,1,1,1,1785487895
2026-07-31T08:55:21Z,1099,7,6,8,0,0,1,1,1,1785487156
2026-07-31T08:55:21Z,1100,6,2,23,0,0,1,1,1,1785487894
2026-07-31T08:55:21Z,1101,10,5,11,0,0,1,1,1,1785488033
2026-07-31T08:55:21Z,1102,9,4,4,0,0,1,1,1,1785487895
2026-07-31T08:55:21Z,1103,10,5,11,0,0,1,1,1,1785487895
2026-07-31T08:55:21Z,1104,10,5,11,0,0,1,1,1,1785487895
2026-07-31T08:55:21Z,1105,7,3,6,0,0,1,1,1,1785488043
2026-07-31T08:55:21Z,1106,13,7,8,0,0,1,1,1,1785487895
2026-07-31T08:55:21Z,1107,9,5,6,0,0,1,1,1,1785487895
2026-07-31T08:55:21Z,1108,6,3,18,3,0,1,1,1,1785487918
2026-07-31T08:55:21Z,1109,6,1,9,0,0,1,1,1,1785487896
2026-07-31T08:55:21Z,1110,12,4,9,0,0,1,1,1,1785487895
2026-07-31T08:55:21Z,1111,3,2,18,0,0,1,1,1,1785475740
2026-07-31T08:55:21Z,1112,38,0,15,0,0,1,1,1,1785487895
2026-07-31T08:55:21Z,1113,1,0,20,0,0,1,1,1,1785486632
2026-07-31T08:55:21Z,1115,17,5,3,3,0,1,1,1,1785487834
2026-07-31T08:55:21Z,1116,5,1,14,0,0,1,1,1,1785487341
2026-07-31T08:55:21Z,1117,10,3,13,0,0,1,1,1,1785487717
2026-07-31T08:55:21Z,1118,16,1,3,2,0,1,1,1,1785487149
2026-07-31T08:55:21Z,1119,12,1,4,1,0,1,1,1,1785487823
2026-07-31T08:55:21Z,1120,13,0,6,0,0,1,1,1,1785487416
2026-07-31T08:55:21Z,1121,14,2,4,3,0,1,1,1,1785487681
2026-07-31T08:55:21Z,1122,19,10,0,2,0,1,1,1,1785486734
2026-07-31T08:55:21Z,1123,6,3,15,2,0,1,1,1,1785487152
2026-07-31T08:55:21Z,1124,10,0,0,5,0,1,1,1,1785487152
2026-07-31T08:55:21Z,1125,15,1,8,0,0,1,1,1,1785487615
2026-07-31T08:55:21Z,1126,4,0,16,1,0,1,1,1,1785486785
2026-07-31T08:55:21Z,1127,6,1,12,1,0,1,1,1,1785487661
2026-07-31T08:55:21Z,1128,14,2,0,1,0,1,1,1,1785487346
2026-07-31T08:55:21Z,1129,3,2,17,1,0,1,1,1,1785487069
2026-07-31T08:55:21Z,1130,6,0,9,0,0,1,1,1,1785487135
2026-07-31T08:55:21Z,1131,0,0,48,1,0,1,1,1,1785488080
2026-07-31T08:55:21Z,1132,13,6,7,1,0,1,1,1,1785487074
2026-07-31T08:55:21Z,1133,16,12,4,1,0,1,1,1,1785487154
2026-07-31T08:55:21Z,1134,11,7,8,0,0,1,1,1,1785487844
2026-07-31T08:55:21Z,1135,10,5,11,0,0,1,1,1,1785486938
2026-07-31T08:55:21Z,1136,6,0,17,0,0,1,1,1,1785487510
2026-07-31T08:55:21Z,1137,13,0,2,0,0,1,1,1,1785487264
2026-07-31T08:55:21Z,1138,15,2,4,0,0,1,1,1,1785487303
2026-07-31T08:55:21Z,1139,19,5,1,1,0,1,1,1,1785487824
2026-07-31T08:55:21Z,1140,22,3,0,1,0,1,1,1,1785487038
2026-07-31T08:55:21Z,1141,0,0,20,1,0,1,1,1,1785486739
2026-07-31T08:55:21Z,1142,2,0,19,0,0,1,1,1,1785487978
2026-07-31T08:55:21Z,1143,23,0,6,0,0,1,1,1,1785486879
2026-07-31T08:55:21Z,1144,7,1,13,1,0,1,1,1,1785487593
2026-07-31T08:55:21Z,1145,12,6,8,1,0,1,1,1,1785487716
2026-07-31T08:55:21Z,1146,10,0,5,4,0,1,1,1,1785486881
2026-07-31T08:55:21Z,1147,3,0,16,0,0,1,1,1,1785487267
2026-07-31T08:55:21Z,1148,26,6,5,0,0,1,1,1,1785488009
2026-07-31T08:55:21Z,1149,4,4,21,0,0,1,1,1,1785486983
2026-07-31T08:55:21Z,1150,18,1,1,0,0,1,1,1,1785487125
2026-07-31T08:55:21Z,1151,12,0,9,0,0,1,1,1,1785487987
2026-07-31T08:55:21Z,1152,16,0,13,0,0,1,1,1,1785488105
2026-07-31T08:55:21Z,1153,22,6,0,1,0,1,1,1,1785487873
2026-07-31T08:55:21Z,1154,13,1,6,0,0,1,1,1,1785486776
2026-07-31T08:55:21Z,1155,16,6,4,1,0,1,1,1,1785487329
2026-07-31T08:55:21Z,1158,3,0,15,1,0,1,1,1,1785487231
2026-07-31T08:55:21Z,1159,13,1,6,0,0,1,1,1,1785487585
2026-07-31T08:55:21Z,1160,9,1,9,1,0,1,1,1,1785488092
2026-07-31T08:55:21Z,1161,3,0,15,1,0,1,1,1,1785487720
2026-07-31T08:55:21Z,1162,2,1,17,0,0,1,1,1,1785487970
2026-07-31T08:55:21Z,1163,1,1,17,1,0,1,1,1,1785487887
2026-07-31T08:55:21Z,1164,6,1,13,0,0,1,1,1,1785487407
2026-07-31T08:55:21Z,1165,5,0,16,0,0,1,1,1,1785486320
2026-07-31T08:55:21Z,1166,12,3,8,1,0,1,1,1,1785487649
2026-07-31T08:55:21Z,1167,4,0,11,0,0,1,1,1,1785487118
2026-07-31T08:55:21Z,1168,2,1,20,1,0,1,1,1,1785487595
2026-07-31T08:55:21Z,1169,3,0,15,1,0,1,1,1,1785487253
2026-07-31T08:55:21Z,1170,6,0,14,1,0,1,1,1,1785487622
2026-07-31T08:55:21Z,1171,8,7,14,1,0,1,1,1,1785487290
2026-07-31T08:55:21Z,1172,7,2,6,2,0,1,1,1,1785487494
2026-07-31T08:55:21Z,1173,13,5,6,0,0,1,1,1,1785487500
2026-07-31T08:55:21Z,1174,7,3,8,0,0,1,1,1,1785487187
2026-07-31T08:55:21Z,1175,9,5,10,0,0,1,1,1,1785472270
2026-07-31T08:55:21Z,1176,19,1,2,0,0,1,1,1,1785486705
2026-07-31T08:55:21Z,1177,3,1,18,0,0,1,1,1,1785486623
2026-07-31T08:55:21Z,1178,2,1,13,0,0,1,1,1,1785487160
2026-07-31T08:55:21Z,1181,9,0,4,2,0,1,1,1,1785486098
2026-07-31T08:55:21Z,1182,0,0,20,0,0,1,1,1,1785487742
2026-07-31T08:55:21Z,1183,1,0,42,2,0,1,1,1,1785487162
2026-07-31T08:55:21Z,1184,13,7,7,1,0,1,1,1,1785486806
2026-07-31T08:55:21Z,1185,10,5,11,0,0,1,1,1,1785486750
2026-07-31T08:55:21Z,1186,9,5,10,0,0,1,1,1,1785487769
2026-07-31T08:55:21Z,1187,12,6,8,1,0,1,1,1,1785486322
2026-07-31T08:55:21Z,1188,9,3,6,0,0,1,1,1,1785487446
2026-07-31T08:55:21Z,1189,10,5,9,0,0,1,1,1,1785487529
2026-07-31T08:55:21Z,1190,10,5,11,0,0,1,1,1,1785486919
2026-07-31T08:55:21Z,1191,10,5,5,0,0,1,1,1,1785487454
2026-07-31T08:55:21Z,1192,11,7,10,0,0,1,1,1,1785487288
2026-07-31T08:55:21Z,1193,6,4,5,2,0,1,1,1,1785486436
2026-07-31T08:55:21Z,1197,9,6,7,1,0,1,1,1,1785487728
2026-07-31T08:55:21Z,1198,14,4,5,2,0,1,1,1,1785487812
2026-07-31T08:55:21Z,1199,2,0,17,0,0,1,1,1,1785487831
2026-07-31T08:55:21Z,1200,11,5,4,0,0,1,1,1,1785487490
2026-07-31T08:55:21Z,1201,11,5,4,0,0,1,1,1,1785487467
2026-07-31T08:55:21Z,1202,12,6,3,0,0,1,1,1,1785487566
2026-07-31T08:55:21Z,1203,9,6,6,0,0,1,1,1,1785487463
2026-07-31T08:55:21Z,1204,7,3,11,1,0,1,1,1,1785487204
2026-07-31T08:55:21Z,1206,11,5,10,0,0,1,1,1,1785486420
2026-07-31T08:55:21Z,1207,9,5,6,0,0,1,1,1,1785487780
2026-07-31T08:55:21Z,1208,7,2,11,1,0,1,1,1,1785487684
2026-07-31T08:55:21Z,1216,7,0,13,1,0,1,1,1,1785486651
2026-07-31T08:55:21Z,1218,4,0,17,0,0,1,1,1,1785487045
2026-07-31T08:55:21Z,1219,6,1,8,1,0,1,1,1,1785487437
2026-07-31T08:55:21Z,1220,14,7,4,1,0,1,1,1,1785486785
2026-07-31T08:55:21Z,1221,2,2,19,0,0,1,1,1,1785486356
2026-07-31T08:55:21Z,1222,28,1,1,0,0,1,1,1,1785487290
2026-07-31T08:55:21Z,1223,23,0,6,0,0,1,1,1,1785487119
2026-07-31T08:55:21Z,1226,0,0,3,0,0,0,1,1,1781868931
2026-07-31T08:55:21Z,1227,23,1,2,0,0,1,1,1,1785488010
2026-07-31T08:55:21Z,1228,17,0,11,1,0,1,1,1,1785486410
2026-07-31T08:55:21Z,1229,35,0,9,0,1,1,1,1,1785488110
2026-07-31T09:00:21Z,1,0,0,23,0,0,1,1,1,1785485488
2026-07-31T09:00:21Z,2,23,0,1,3,0,1,1,1,1785485732
2026-07-31T09:00:21Z,3,9,0,4,1,0,1,1,1,1785485488
2026-07-31T09:00:21Z,4,1,0,20,1,0,1,1,1,1785487895
2026-07-31T09:00:21Z,5,9,3,13,1,0,1,1,1,1785484887
2026-07-31T09:00:21Z,6,6,2,9,0,0,1,1,1,1785486991
2026-07-31T09:00:21Z,7,1,1,38,0,0,1,1,1,1785487290
2026-07-31T09:00:21Z,8,0,0,43,0,0,1,1,1,1785487014
2026-07-31T09:00:21Z,9,0,0,22,1,0,1,1,1,1785482483
2026-07-31T09:00:21Z,10,3,1,18,2,0,1,1,1,1785488230
2026-07-31T09:00:21Z,11,16,6,2,1,0,1,1,1,1785488224
2026-07-31T09:00:21Z,12,0,0,23,0,0,1,1,1,1785472090
2026-07-31T09:00:21Z,13,12,0,18,0,0,1,1,1,1785485789
2026-07-31T09:00:21Z,14,1,0,41,0,1,1,1,1,1785476888
2026-07-31T09:00:21Z,15,4,0,11,0,0,1,1,1,1785486387
2026-07-31T09:00:21Z,16,8,0,16,2,1,1,1,1,1785487292
2026-07-31T09:00:21Z,17,8,0,18,1,0,1,1,1,1785488377
2026-07-31T09:00:21Z,18,7,0,9,2,0,1,1,1,1785488039
2026-07-31T09:00:21Z,19,4,0,22,1,0,1,1,1,1785486089
2026-07-31T09:00:21Z,20,32,0,3,0,0,1,1,1,1785485188
2026-07-31T09:00:21Z,21,1,0,17,1,0,1,1,1,1785484888
2026-07-31T09:00:21Z,22,18,0,46,1,0,1,1,1,1785487593
2026-07-31T09:00:21Z,23,10,5,21,0,0,1,1,1,1785487895
2026-07-31T09:00:21Z,24,0,0,9,2,0,1,1,1,1785488414
2026-07-31T09:00:21Z,25,1,1,79,0,1,1,1,1,1785488329
2026-07-31T09:00:21Z,26,0,0,27,0,0,1,1,1,1785485188
2026-07-31T09:00:21Z,28,15,3,0,0,0,1,1,1,1785486991
2026-07-31T09:00:21Z,30,1,0,27,1,0,1,1,1,1785486089
2026-07-31T09:00:21Z,31,0,0,17,2,0,1,1,1,1785488131
2026-07-31T09:00:21Z,32,24,4,3,0,0,1,1,1,1785487895
2026-07-31T09:00:21Z,34,2,0,34,1,0,1,1,1,1785482614
2026-07-31T09:00:21Z,35,2,1,44,1,0,1,1,1,1785486762
2026-07-31T09:00:21Z,36,0,0,0,0,0,0,1,1,86400
2026-07-31T09:00:21Z,37,0,0,23,0,0,1,1,1,1785487041
2026-07-31T09:00:21Z,38,1,0,22,0,0,1,1,1,1785485488
2026-07-31T09:00:21Z,39,23,6,16,0,0,1,1,1,1785487015
2026-07-31T09:00:21Z,40,13,0,7,1,0,1,1,1,1785485488
2026-07-31T09:00:21Z,41,1,0,41,1,0,1,1,1,1785488255
2026-07-31T09:00:21Z,42,31,8,0,0,0,1,1,1,1785472558
2026-07-31T09:00:21Z,43,6,0,17,0,0,1,1,1,1785485188
2026-07-31T09:00:21Z,45,1,0,27,1,0,1,1,1,1785485789
2026-07-31T09:00:21Z,46,13,2,18,0,0,1,1,1,1785485708
2026-07-31T09:00:21Z,47,12,5,2,1,0,1,1,1,1785487533
2026-07-31T09:00:21Z,48,20,0,7,0,0,1,1,1,1785487579
2026-07-31T09:00:21Z,49,5,0,15,3,0,1,1,1,1785488410
2026-07-31T09:00:21Z,50,1,1,18,0,0,1,1,1,1785486991
2026-07-31T09:00:21Z,51,68,0,9,0,0,1,1,1,1785487292
2026-07-31T09:00:21Z,52,2,0,22,3,0,1,1,1,1785488186
2026-07-31T09:00:21Z,55,1,1,22,0,0,1,1,1,1785487781
2026-07-31T09:00:21Z,56,0,0,43,0,0,1,1,1,1785485334
2026-07-31T09:00:21Z,57,0,0,27,0,0,1,1,1,1785486089
2026-07-31T09:00:21Z,58,0,0,28,0,0,1,1,1,1785476976
2026-07-31T09:00:21Z,59,0,0,25,2,0,1,1,1,1785488335
2026-07-31T09:00:21Z,61,0,0,39,0,0,1,1,1,1785485488
2026-07-31T09:00:21Z,62,0,0,48,1,0,1,1,1,1785487594
2026-07-31T09:00:21Z,63,14,0,5,0,0,1,1,1,1785486089
2026-07-31T09:00:21Z,64,9,0,6,4,0,1,1,1,1785486992
2026-07-31T09:00:21Z,65,17,7,1,1,0,1,1,1,1785487593
2026-07-31T09:00:21Z,67,17,0,22,0,0,1,1,1,1785485188
2026-07-31T09:00:21Z,68,0,0,37,0,0,1,1,1,1785488201
2026-07-31T09:00:21Z,69,15,2,0,0,0,1,1,1,1785485188
2026-07-31T09:00:21Z,71,2,0,24,1,0,1,1,1,1785487175
2026-07-31T09:00:21Z,72,13,2,16,2,0,1,1,1,1785486638
2026-07-31T09:00:21Z,73,0,0,31,0,0,1,1,1,1785488201
2026-07-31T09:00:21Z,74,13,6,5,1,0,1,1,1,1785485908
2026-07-31T09:00:21Z,75,0,0,31,1,0,1,1,1,1785487292
2026-07-31T09:00:21Z,76,18,0,0,1,0,1,1,1,1785488418
2026-07-31T09:00:21Z,77,23,0,3,1,0,1,1,1,1785487293
2026-07-31T09:00:21Z,78,9,4,13,1,0,1,1,1,1785487313
2026-07-31T09:00:21Z,79,4,3,12,1,0,1,1,1,1785488201
2026-07-31T09:00:21Z,80,18,0,2,3,0,1,1,1,1785488247
2026-07-31T09:00:21Z,81,5,0,26,0,0,1,1,1,1785486390
2026-07-31T09:00:21Z,82,12,0,11,0,0,1,1,1,1785486690
2026-07-31T09:00:21Z,83,5,1,28,1,0,1,1,1,1785488392
2026-07-31T09:00:21Z,84,27,0,0,0,0,1,1,1,1785487883
2026-07-31T09:00:21Z,85,1,1,14,0,0,1,1,1,1785486991
2026-07-31T09:00:21Z,86,25,0,1,1,0,1,1,1,1785486691
2026-07-31T09:00:21Z,87,10,0,9,0,0,1,1,1,1785488201
2026-07-31T09:00:21Z,88,0,0,42,1,0,1,1,1,1785484888
2026-07-31T09:00:21Z,89,22,0,13,0,0,1,1,1,1785487292
2026-07-31T09:00:21Z,90,6,2,10,2,0,1,1,1,1785486486
2026-07-31T09:00:21Z,91,14,0,3,0,0,1,1,1,1785485188
2026-07-31T09:00:21Z,92,11,4,5,3,0,1,1,1,1785488274
2026-07-31T09:00:21Z,93,0,0,23,0,0,1,1,1,1785486390
2026-07-31T09:00:21Z,94,2,0,16,1,0,1,1,1,1785486390
2026-07-31T09:00:21Z,95,27,2,6,1,1,1,1,1,1785488413
2026-07-31T09:00:21Z,96,29,0,1,1,0,1,1,1,1785488201
2026-07-31T09:00:21Z,97,0,0,16,1,0,1,1,1,1785488376
2026-07-31T09:00:21Z,98,19,0,15,1,0,1,1,1,1785486089
2026-07-31T09:00:21Z,99,4,2,11,0,0,1,1,1,1785486802
2026-07-31T09:00:21Z,100,1,0,26,0,0,1,1,1,1785486846
2026-07-31T09:00:21Z,101,1,0,13,1,0,1,1,1,1785485789
2026-07-31T09:00:21Z,102,0,0,23,0,0,1,1,1,1785487553
2026-07-31T09:00:21Z,103,7,0,23,0,0,1,1,1,1785487812
2026-07-31T09:00:21Z,104,0,0,25,2,0,1,1,1,1785488419
2026-07-31T09:00:21Z,105,16,1,3,0,0,1,1,1,1785486390
2026-07-31T09:00:21Z,106,0,0,21,0,0,1,1,1,1785486390
2026-07-31T09:00:21Z,107,0,0,37,0,0,1,1,1,1785485489
2026-07-31T09:00:21Z,108,16,1,19,0,0,1,1,1,1785486420
2026-07-31T09:00:21Z,109,7,0,16,0,0,1,1,1,1785487673
2026-07-31T09:00:21Z,110,14,2,9,0,0,1,1,1,1785488165
2026-07-31T09:00:21Z,111,0,0,36,0,0,1,1,1,1785479678
2026-07-31T09:00:21Z,112,5,0,9,1,0,1,1,1,1785486691
2026-07-31T09:00:21Z,113,4,0,12,3,0,1,1,1,1785488325
2026-07-31T09:00:21Z,114,6,6,23,1,1,1,1,1,1785488294
2026-07-31T09:00:21Z,115,3,1,23,2,0,1,1,1,1785479033
2026-07-31T09:00:21Z,116,3,3,23,1,0,1,1,1,1785487594
2026-07-31T09:00:21Z,118,20,9,0,3,0,1,1,1,1785488233
2026-07-31T09:00:21Z,119,33,2,1,4,0,1,1,1,1785486691
2026-07-31T09:00:21Z,120,24,1,2,1,0,1,1,1,1785487294
2026-07-31T09:00:21Z,121,6,2,12,0,1,1,1,1,1785488322
2026-07-31T09:00:21Z,122,13,0,7,1,0,1,1,1,1785487594
2026-07-31T09:00:21Z,123,8,1,39,0,0,1,1,1,1785485188
2026-07-31T09:00:21Z,124,32,1,3,0,0,1,1,1,1785486746
2026-07-31T09:00:21Z,125,7,2,16,0,0,1,1,1,1785486991
2026-07-31T09:00:21Z,126,25,2,6,0,0,1,1,1,1785486691
2026-07-31T09:00:21Z,127,8,0,25,2,0,1,1,1,1785488391
2026-07-31T09:00:21Z,128,18,1,1,0,0,1,1,1,1785488201
2026-07-31T09:00:21Z,129,17,1,0,2,0,1,1,1,1785486089
2026-07-31T09:00:21Z,130,4,0,13,0,0,1,1,1,1785488248
2026-07-31T09:00:21Z,131,7,2,2,2,0,1,1,1,1785488201
2026-07-31T09:00:21Z,132,12,5,2,0,1,1,1,1,1785486336
2026-07-31T09:00:21Z,134,5,0,13,5,0,1,1,1,1785488106
2026-07-31T09:00:21Z,135,7,3,11,1,0,1,1,1,1785487900
2026-07-31T09:00:21Z,136,6,0,9,1,7,1,1,1,1785488142
2026-07-31T09:00:21Z,137,6,1,13,0,0,1,1,1,1785486296
2026-07-31T09:00:21Z,138,35,2,2,0,0,1,1,1,1785488338
2026-07-31T09:00:21Z,139,19,5,0,0,0,1,1,1,1785485188
2026-07-31T09:00:21Z,140,17,8,4,2,0,1,1,1,1785488415
2026-07-31T09:00:21Z,141,31,1,5,0,0,1,1,1,1785485909
2026-07-31T09:00:21Z,142,22,1,1,0,0,1,1,1,1785485789
2026-07-31T09:00:21Z,143,13,3,17,1,0,1,1,1,1785487895
2026-07-31T09:00:21Z,144,23,1,4,0,0,1,1,1,1785486390
2026-07-31T09:00:21Z,146,8,1,14,1,0,1,1,1,1785486463
2026-07-31T09:00:21Z,147,10,2,7,2,0,1,1,1,1785488337
2026-07-31T09:00:21Z,148,22,0,4,0,1,1,1,1,1785488344
2026-07-31T09:00:21Z,149,16,4,10,1,0,1,1,1,1785488154
2026-07-31T09:00:21Z,150,31,7,2,2,0,1,1,1,1785488273
2026-07-31T09:00:21Z,151,22,7,1,0,0,1,1,1,1785485600
2026-07-31T09:00:21Z,152,20,1,3,4,0,1,1,1,1785488277
2026-07-31T09:00:21Z,153,12,1,13,6,0,1,1,1,1785488388
2026-07-31T09:00:21Z,154,15,4,5,3,0,1,1,1,1785488265
2026-07-31T09:00:21Z,155,13,4,0,1,0,1,1,1,1785488396
2026-07-31T09:00:21Z,156,16,1,3,0,0,1,1,1,1785488201
2026-07-31T09:00:21Z,157,15,0,10,2,0,1,1,1,1785488418
2026-07-31T09:00:21Z,158,16,2,0,0,0,1,1,1,1785488201
2026-07-31T09:00:21Z,159,5,2,14,0,0,1,1,1,1785488201
2026-07-31T09:00:21Z,160,19,1,0,0,0,1,1,1,1785487895
2026-07-31T09:00:21Z,161,15,1,7,0,0,1,1,1,1785486490
2026-07-31T09:00:21Z,162,10,0,16,1,0,1,1,1,1785488396
2026-07-31T09:00:21Z,163,29,2,2,0,0,1,1,1,1785486691
2026-07-31T09:00:21Z,164,25,7,2,0,0,1,1,1,1785486691
2026-07-31T09:00:21Z,165,22,10,8,1,0,1,1,1,1785487814
2026-07-31T09:00:21Z,166,32,8,3,4,0,1,1,1,1785488414
2026-07-31T09:00:21Z,167,21,10,0,2,0,1,1,1,1785484888
2026-07-31T09:00:21Z,168,21,0,5,1,0,1,1,1,1785488380
2026-07-31T09:00:21Z,169,1,0,21,0,1,1,1,1,1785487293
2026-07-31T09:00:21Z,170,17,4,0,2,0,1,1,1,1785488379
2026-07-31T09:00:21Z,171,10,3,1,2,0,1,1,1,1785488263
2026-07-31T09:00:21Z,173,36,0,3,0,0,1,1,1,1785486839
2026-07-31T09:00:21Z,174,22,1,2,2,0,1,1,1,1785487895
2026-07-31T09:00:21Z,175,7,0,24,0,0,1,1,1,1785487001
2026-07-31T09:00:21Z,176,2,1,12,0,1,1,1,1,1785487016
2026-07-31T09:00:21Z,177,21,1,6,0,0,1,1,1,1785487415
2026-07-31T09:00:21Z,178,2,0,10,2,1,1,1,1,1785488410
2026-07-31T09:00:21Z,179,11,1,3,1,0,1,1,1,1785486089
2026-07-31T09:00:21Z,180,27,0,3,0,0,1,1,1,1785487594
2026-07-31T09:00:21Z,181,14,1,0,1,0,1,1,1,1785488201
2026-07-31T09:00:21Z,182,16,2,1,0,0,1,1,1,1785488013
2026-07-31T09:00:21Z,183,16,0,7,0,0,1,1,1,1785487895
2026-07-31T09:00:21Z,184,0,0,22,1,0,1,1,1,1785488157
2026-07-31T09:00:21Z,185,12,1,0,2,1,1,1,1,1785484888
2026-07-31T09:00:21Z,186,4,1,15,0,0,1,1,1,1785487895
2026-07-31T09:00:21Z,187,8,0,19,1,0,1,1,1,1785484757
2026-07-31T09:00:21Z,188,12,0,7,8,0,1,1,1,1785488232
2026-07-31T09:00:21Z,189,15,4,0,0,0,1,1,1,1785487895
2026-07-31T09:00:21Z,190,5,2,18,0,0,1,1,1,1785487594
2026-07-31T09:00:21Z,191,2,1,37,0,0,1,1,1,1785486690
2026-07-31T09:00:21Z,192,12,4,16,3,0,1,1,1,1785486089
2026-07-31T09:00:21Z,193,2,0,13,0,0,1,1,1,1785488202
2026-07-31T09:00:21Z,194,17,1,9,1,0,1,1,1,1785486691
2026-07-31T09:00:21Z,195,12,1,5,2,0,1,1,1,1785487594
2026-07-31T09:00:21Z,196,24,1,0,3,0,1,1,1,1785488189
2026-07-31T09:00:21Z,197,17,3,0,1,1,1,1,1,1785487492
2026-07-31T09:00:21Z,198,21,16,2,0,0,1,1,1,1785484887
2026-07-31T09:00:21Z,199,7,5,5,3,0,1,1,1,1785487895
2026-07-31T09:00:21Z,200,15,0,10,1,0,1,1,1,1785486390
2026-07-31T09:00:21Z,201,7,3,16,0,0,1,1,1,1785488136
2026-07-31T09:00:21Z,202,0,0,27,0,0,1,1,1,1785486691
2026-07-31T09:00:21Z,203,26,3,4,1,0,1,1,1,1785487252
2026-07-31T09:00:21Z,204,31,1,3,1,0,1,1,1,1785486390
2026-07-31T09:00:21Z,205,12,1,15,0,0,1,1,1,1785482737
2026-07-31T09:00:21Z,206,1,1,13,1,0,1,1,1,1785486448
2026-07-31T09:00:21Z,207,14,0,7,0,0,1,1,1,1785488201
2026-07-31T09:00:21Z,208,2,0,27,0,0,1,1,1,1785486390
2026-07-31T09:00:21Z,209,9,0,20,2,0,1,1,1,1785488294
2026-07-31T09:00:21Z,210,23,2,4,0,0,1,1,1,1785485488
2026-07-31T09:00:21Z,211,15,6,7,1,0,1,1,1,1785487008
2026-07-31T09:00:21Z,212,25,0,9,1,0,1,1,1,1785488177
2026-07-31T09:00:21Z,213,11,1,9,3,0,1,1,1,1785488298
2026-07-31T09:00:21Z,214,29,0,14,4,0,1,1,1,1785488331
2026-07-31T09:00:21Z,215,6,1,16,1,0,1,1,1,1785486390
2026-07-31T09:00:21Z,216,9,0,9,1,0,1,1,1,1785487593
2026-07-31T09:00:21Z,217,9,0,19,1,0,1,1,1,1785488340
2026-07-31T09:00:21Z,218,20,4,17,2,0,1,1,1,1785488088
2026-07-31T09:00:21Z,219,0,0,25,1,0,1,1,1,1785488344
2026-07-31T09:00:21Z,220,24,7,17,1,1,1,1,1,1785484887
2026-07-31T09:00:21Z,221,10,6,4,1,0,1,1,1,1785488108
2026-07-31T09:00:21Z,222,16,12,2,1,0,1,1,1,1785485037
2026-07-31T09:00:21Z,223,8,3,24,3,0,1,1,1,1785488364
2026-07-31T09:00:21Z,224,7,5,14,1,0,1,1,1,1785487750
2026-07-31T09:00:21Z,225,10,0,3,6,0,1,1,1,1785487206
2026-07-31T09:00:21Z,226,30,10,1,0,0,1,1,1,1785487620
2026-07-31T09:00:21Z,227,19,13,7,0,1,1,1,1,1785485181
2026-07-31T09:00:21Z,228,1,0,17,1,0,1,1,1,1785484888
2026-07-31T09:00:21Z,230,16,9,10,0,0,1,1,1,1785486691
2026-07-31T09:00:21Z,232,13,6,3,1,0,1,1,1,1785486390
2026-07-31T09:00:21Z,233,19,0,10,2,0,1,1,1,1785487026
2026-07-31T09:00:21Z,234,8,3,6,3,2,1,1,1,1785487594
2026-07-31T09:00:21Z,236,14,3,5,0,0,1,1,1,1785486991
2026-07-31T09:00:21Z,237,22,4,0,1,0,1,1,1,1785486390
2026-07-31T09:00:21Z,239,23,18,1,3,0,1,1,1,1785486691
2026-07-31T09:00:21Z,241,19,6,4,0,0,1,1,1,1785487895
2026-07-31T09:00:21Z,242,1,1,21,1,0,1,1,1,1785487593
2026-07-31T09:00:21Z,243,11,0,19,1,0,1,1,1,1785484434
2026-07-31T09:00:21Z,244,13,1,13,1,0,1,1,1,1785488405
2026-07-31T09:00:21Z,245,3,3,20,0,0,1,1,1,1785487895
2026-07-31T09:00:21Z,246,13,0,10,0,0,1,1,1,1785487895
2026-07-31T09:00:21Z,247,12,10,10,1,0,1,1,1,1785486381
2026-07-31T09:00:21Z,248,19,4,1,3,0,1,1,1,1785488398
2026-07-31T09:00:21Z,249,2,0,17,0,0,1,1,1,1785488201
2026-07-31T09:00:21Z,250,23,5,4,0,0,1,1,1,1785487895
2026-07-31T09:00:21Z,251,22,5,2,3,0,1,1,1,1785486991
2026-07-31T09:00:21Z,253,7,4,11,1,0,1,1,1,1785488201
2026-07-31T09:00:21Z,254,26,21,16,1,0,1,1,1,1785485789
2026-07-31T09:00:21Z,255,5,0,17,0,1,1,1,1,1785488188
2026-07-31T09:00:21Z,256,10,5,11,2,0,1,1,1,1785485834
2026-07-31T09:00:21Z,257,14,6,4,1,0,1,1,1,1785486690
2026-07-31T09:00:21Z,258,1,0,18,0,0,1,1,1,1785482036
2026-07-31T09:00:21Z,259,20,3,2,0,1,1,1,1,1785487540
2026-07-31T09:00:21Z,260,14,4,2,3,0,1,1,1,1785486424
2026-07-31T09:00:21Z,261,16,0,1,1,1,1,1,1,1785484888
2026-07-31T09:00:21Z,262,20,11,3,0,0,1,1,1,1785488227
2026-07-31T09:00:21Z,263,14,3,1,0,0,1,1,1,1785486991
2026-07-31T09:00:21Z,264,18,6,0,1,0,1,1,1,1785488201
2026-07-31T09:00:21Z,265,15,1,0,0,0,1,1,1,1785488201
2026-07-31T09:00:21Z,266,17,8,0,2,0,1,1,1,1785487292
2026-07-31T09:00:21Z,267,7,3,6,2,0,1,1,1,1785484888
2026-07-31T09:00:21Z,268,23,9,0,0,0,1,1,1,1785484887
2026-07-31T09:00:21Z,269,9,3,13,1,0,1,1,1,1785484888
2026-07-31T09:00:21Z,270,25,3,2,0,0,1,1,1,1785485188
2026-07-31T09:00:21Z,271,0,0,17,2,0,1,1,1,1785486991
2026-07-31T09:00:21Z,272,13,13,9,1,0,1,1,1,1785486390
2026-07-31T09:00:21Z,273,14,5,1,0,0,1,1,1,1785484888
2026-07-31T09:00:21Z,274,18,8,0,1,0,1,1,1,1785472651
2026-07-31T09:00:21Z,275,13,0,6,2,2,1,1,1,1785488202
2026-07-31T09:00:21Z,276,1,0,26,0,0,1,1,1,1785486991
2026-07-31T09:00:21Z,277,12,1,6,5,0,1,1,1,1785488201
2026-07-31T09:00:21Z,278,23,2,5,2,1,1,1,1,1785487967
2026-07-31T09:00:21Z,279,17,0,2,0,0,1,1,1,1785487347
2026-07-31T09:00:21Z,280,10,1,19,2,0,1,1,1,1785488182
2026-07-31T09:00:21Z,281,19,0,0,0,0,1,1,1,1785486089
2026-07-31T09:00:21Z,282,5,2,13,0,0,1,1,1,1785484887
2026-07-31T09:00:21Z,283,34,1,1,0,0,1,1,1,1785486992
2026-07-31T09:00:21Z,284,18,4,15,2,0,1,1,1,1785488133
2026-07-31T09:00:21Z,285,8,7,15,0,0,1,1,1,1785485188
2026-07-31T09:00:21Z,286,16,15,2,5,0,1,1,1,1785488250
2026-07-31T09:00:21Z,287,13,4,7,3,0,1,1,1,1785484887
2026-07-31T09:00:21Z,288,14,10,5,0,0,1,1,1,1785486991
2026-07-31T09:00:21Z,289,24,3,0,3,0,1,1,1,1785488202
2026-07-31T09:00:21Z,290,7,0,31,1,0,1,1,1,1785486991
2026-07-31T09:00:21Z,291,9,2,12,2,0,1,1,1,1785488389
2026-07-31T09:00:21Z,292,22,0,1,0,0,1,1,1,1785485789
2026-07-31T09:00:21Z,293,17,10,6,0,0,1,1,1,1785486991
2026-07-31T09:00:21Z,294,0,0,21,1,0,1,1,1,1785486991
2026-07-31T09:00:21Z,297,11,1,5,2,1,1,1,1,1785488298
2026-07-31T09:00:21Z,301,17,1,2,0,0,1,1,1,1785486691
2026-07-31T09:00:21Z,302,0,0,23,0,0,1,1,1,1785486991
2026-07-31T09:00:21Z,303,19,0,0,0,0,1,1,1,1785485188
2026-07-31T09:00:21Z,304,0,0,0,0,0,0,1,1,86400
2026-07-31T09:00:21Z,305,19,0,0,0,0,1,1,1,1785485188
2026-07-31T09:00:21Z,306,2,0,29,1,0,1,1,1,1785485188
2026-07-31T09:00:21Z,307,17,1,4,1,1,1,1,1,1785488304
2026-07-31T09:00:21Z,308,14,0,3,2,0,1,1,1,1785485188
2026-07-31T09:00:21Z,309,12,3,1,1,0,1,1,1,1785486401
2026-07-31T09:00:21Z,311,15,0,0,0,0,1,1,1,1785486992
2026-07-31T09:00:21Z,312,6,3,12,4,1,1,1,1,1785488313
2026-07-31T09:00:21Z,313,3,1,12,0,0,1,1,1,1785486991
2026-07-31T09:00:21Z,314,4,3,11,3,0,1,1,1,1785486991
2026-07-31T09:00:21Z,315,23,6,6,2,0,1,1,1,1785488089
2026-07-31T09:00:21Z,316,5,1,20,5,1,1,1,1,1785488340
2026-07-31T09:00:21Z,317,0,0,30,0,1,1,1,1,1785488156
2026-07-31T09:00:21Z,318,16,0,3,0,0,1,1,1,1785486991
2026-07-31T09:00:21Z,319,17,3,5,1,0,1,1,1,1785488227
2026-07-31T09:00:21Z,320,18,5,0,1,0,1,1,1,1785487292
2026-07-31T09:00:21Z,321,8,1,7,4,0,1,1,1,1785488418
2026-07-31T09:00:21Z,322,5,1,23,1,0,1,1,1,1785484798
2026-07-31T09:00:21Z,323,8,0,11,0,0,1,1,1,1785487292
2026-07-31T09:00:21Z,324,7,2,19,1,0,1,1,1,1785488408
2026-07-31T09:00:21Z,325,4,3,21,2,0,1,1,1,1785484701
2026-07-31T09:00:21Z,327,25,0,1,1,0,1,1,1,1785487896
2026-07-31T09:00:21Z,328,20,0,1,1,0,1,1,1,1785484794
2026-07-31T09:00:21Z,329,17,0,0,2,0,1,1,1,1785487643
2026-07-31T09:00:21Z,330,3,0,19,0,0,1,1,1,1785485188
2026-07-31T09:00:21Z,331,12,3,10,1,0,1,1,1,1785487675
2026-07-31T09:00:21Z,332,10,3,7,2,0,1,1,1,1785487292
2026-07-31T09:00:21Z,333,2,1,20,1,0,1,1,1,1785487896
2026-07-31T09:00:21Z,334,11,8,12,0,0,1,1,1,1785487804
2026-07-31T09:00:21Z,335,3,2,18,1,1,1,1,1,1785487292
2026-07-31T09:00:21Z,336,18,2,1,0,0,1,1,1,1785487293
2026-07-31T09:00:21Z,337,17,3,1,5,0,1,1,1,1785488169
2026-07-31T09:00:21Z,338,17,8,2,0,0,1,1,1,1785487389
2026-07-31T09:00:21Z,339,19,10,3,1,0,1,1,1,1785487586
2026-07-31T09:00:21Z,340,13,11,1,1,0,1,1,1,1785487293
2026-07-31T09:00:21Z,341,11,4,8,0,0,1,1,1,1785487352
2026-07-31T09:00:21Z,342,13,7,0,2,0,1,1,1,1785487292
2026-07-31T09:00:21Z,343,21,1,1,1,0,1,1,1,1785487543
2026-07-31T09:00:21Z,344,23,9,0,0,0,1,1,1,1785488186
2026-07-31T09:00:21Z,345,19,3,0,0,0,1,1,1,1785487292
2026-07-31T09:00:21Z,346,8,6,15,0,0,1,1,1,1785487895
2026-07-31T09:00:21Z,347,0,0,42,2,0,1,1,1,1785488408
2026-07-31T09:00:21Z,348,21,3,0,1,1,1,1,1,1785488109
2026-07-31T09:00:21Z,349,6,1,13,0,0,1,1,1,1785487293
2026-07-31T09:00:21Z,350,24,3,1,1,1,1,1,1,1785487293
2026-07-31T09:00:21Z,351,20,3,0,3,0,1,1,1,1785488414
2026-07-31T09:00:21Z,355,23,1,0,0,0,1,1,1,1785487293
2026-07-31T09:00:21Z,356,18,2,1,0,0,1,1,1,1785487013
2026-07-31T09:00:21Z,357,13,4,6,0,0,1,1,1,1785485188
2026-07-31T09:00:21Z,358,24,4,2,1,0,1,1,1,1785487594
2026-07-31T09:00:21Z,359,22,0,5,0,0,1,1,1,1785487594
2026-07-31T09:00:21Z,360,16,4,1,2,0,1,1,1,1785487594
2026-07-31T09:00:21Z,362,17,5,0,2,0,1,1,1,1785487292
2026-07-31T09:00:21Z,363,0,0,27,0,0,1,1,1,1785488201
2026-07-31T09:00:21Z,364,19,3,0,0,0,1,1,1,1785487896
2026-07-31T09:00:21Z,365,17,5,3,3,0,1,1,1,1785488201
2026-07-31T09:00:21Z,366,15,8,1,7,0,1,1,1,1785488214
2026-07-31T09:00:21Z,367,16,9,1,2,0,1,1,1,1785487292
2026-07-31T09:00:21Z,368,20,3,1,2,0,1,1,1,1785486991
2026-07-31T09:00:21Z,370,15,8,12,0,0,1,1,1,1785487896
2026-07-31T09:00:21Z,371,4,2,14,1,0,1,1,1,1785484735
2026-07-31T09:00:21Z,372,8,2,7,0,0,1,1,1,1785487594
2026-07-31T09:00:21Z,373,24,8,3,0,0,1,1,1,1785486433
2026-07-31T09:00:21Z,374,17,7,0,2,0,1,1,1,1785488145
2026-07-31T09:00:21Z,375,20,5,4,3,0,1,1,1,1785487593
2026-07-31T09:00:21Z,376,28,2,5,6,0,1,1,1,1785488304
2026-07-31T09:00:21Z,377,25,9,2,0,0,1,1,1,1785487594
2026-07-31T09:00:21Z,378,22,5,0,1,1,1,1,1,1785488374
2026-07-31T09:00:21Z,379,14,0,13,0,0,1,1,1,1785487594
2026-07-31T09:00:21Z,380,21,7,1,1,0,1,1,1,1785488227
2026-07-31T09:00:21Z,381,13,0,10,0,0,1,1,1,1785487594
2026-07-31T09:00:21Z,383,12,0,1,2,0,1,1,1,1785487895
2026-07-31T09:00:21Z,384,26,1,0,1,0,1,1,1,1785487594
2026-07-31T09:00:21Z,385,14,2,2,2,0,1,1,1,1785487594
2026-07-31T09:00:21Z,387,21,2,2,0,0,1,1,1,1785488243
2026-07-31T09:00:21Z,388,16,3,33,0,0,1,1,1,1785485188
2026-07-31T09:00:21Z,389,9,8,6,0,0,1,1,1,1785487293
2026-07-31T09:00:21Z,390,18,0,17,0,0,1,1,1,1785488201
2026-07-31T09:00:21Z,391,4,0,10,1,0,1,1,1,1785487292
2026-07-31T09:00:21Z,392,3,3,15,1,0,1,1,1,1785488326
2026-07-31T09:00:21Z,393,3,3,5,3,0,1,1,1,1785487292
2026-07-31T09:00:21Z,394,9,6,2,2,0,1,1,1,1785487594
2026-07-31T09:00:21Z,396,7,7,32,3,0,1,1,1,1785487595
2026-07-31T09:00:21Z,397,4,4,27,0,0,1,1,1,1785488201
2026-07-31T09:00:21Z,399,13,2,2,2,0,1,1,1,1785487594
2026-07-31T09:00:21Z,400,11,6,9,3,0,1,1,1,1785487593
2026-07-31T09:00:21Z,401,9,0,22,8,0,1,1,1,1785487384
2026-07-31T09:00:21Z,403,3,0,26,2,0,1,1,1,1785488292
2026-07-31T09:00:21Z,404,2,1,20,1,0,1,1,1,1785486690
2026-07-31T09:00:21Z,406,2,0,32,1,0,1,1,1,1785486993
2026-07-31T09:00:21Z,407,16,3,17,1,0,1,1,1,1785484887
2026-07-31T09:00:21Z,408,12,2,20,1,0,1,1,1,1785480622
2026-07-31T09:00:21Z,409,0,0,20,3,0,1,1,1,1785474552
2026-07-31T09:00:21Z,413,21,5,0,2,0,1,1,1,1785488201
2026-07-31T09:00:21Z,414,13,4,1,1,0,1,1,1,1785485488
2026-07-31T09:00:21Z,417,11,7,8,0,0,1,1,1,1785488201
2026-07-31T09:00:21Z,418,1,0,13,1,0,1,1,1,1785488201
2026-07-31T09:00:21Z,419,10,0,12,1,0,1,1,1,1785487895
2026-07-31T09:00:21Z,421,1,0,18,0,0,1,1,1,1785488201
2026-07-31T09:00:21Z,422,2,2,24,1,0,1,1,1,1785487961
2026-07-31T09:00:21Z,423,6,1,17,0,0,1,1,1,1785477801
2026-07-31T09:00:21Z,424,2,1,10,3,0,1,1,1,1785488288
2026-07-31T09:00:21Z,425,20,0,1,0,1,1,1,1,1785485489
2026-07-31T09:00:21Z,426,0,0,35,2,0,1,1,1,1785483994
2026-07-31T09:00:21Z,427,14,1,0,0,0,1,1,1,1785487895
2026-07-31T09:00:21Z,428,14,1,4,1,0,1,1,1,1785488201
2026-07-31T09:00:21Z,429,1,0,20,2,0,1,1,1,1785488273
2026-07-31T09:00:21Z,430,28,0,0,3,0,1,1,1,1785485488
2026-07-31T09:00:21Z,431,14,0,18,1,0,1,1,1,1785487895
2026-07-31T09:00:21Z,432,18,0,11,2,0,1,1,1,1785488201
2026-07-31T09:00:21Z,433,19,6,3,1,0,1,1,1,1785488201
2026-07-31T09:00:21Z,437,3,1,15,1,0,1,1,1,1785487897
2026-07-31T09:00:21Z,438,17,0,1,1,0,1,1,1,1785488298
2026-07-31T09:00:21Z,439,5,0,10,0,0,1,1,1,1785488201
2026-07-31T09:00:21Z,440,13,1,0,2,0,1,1,1,1785488201
2026-07-31T09:00:21Z,441,10,2,4,1,0,1,1,1,1785485488
2026-07-31T09:00:21Z,442,17,9,1,1,0,1,1,1,1785487895
2026-07-31T09:00:21Z,443,4,2,23,0,0,1,1,1,1785485488
2026-07-31T09:00:21Z,444,2,2,21,0,0,1,1,1,1785485488
2026-07-31T09:00:21Z,445,7,2,15,1,0,1,1,1,1785488209
2026-07-31T09:00:21Z,446,1,1,21,1,0,1,1,1,1785487896
2026-07-31T09:00:21Z,447,3,0,18,1,1,1,1,1,1785485488
2026-07-31T09:00:21Z,448,9,4,5,1,0,1,1,1,1785487895
2026-07-31T09:00:21Z,452,8,6,10,1,0,1,1,1,1785487661
2026-07-31T09:00:21Z,453,6,5,8,1,0,1,1,1,1785488004
2026-07-31T09:00:21Z,454,9,0,10,0,0,1,1,1,1785488201
2026-07-31T09:00:21Z,455,0,0,39,0,0,1,1,1,1785487895
2026-07-31T09:00:21Z,456,9,0,10,1,0,1,1,1,1785488140
2026-07-31T09:00:21Z,457,25,2,0,2,0,1,1,1,1785487895
2026-07-31T09:00:21Z,458,15,6,8,0,0,1,1,1,1785487229
2026-07-31T09:00:21Z,459,15,0,0,0,0,1,1,1,1785485789
2026-07-31T09:00:21Z,460,20,2,2,1,0,1,1,1,1785484847
2026-07-31T09:00:21Z,461,5,1,14,0,0,1,1,1,1785487878
2026-07-31T09:00:21Z,462,9,0,12,0,0,1,1,1,1785487895
2026-07-31T09:00:21Z,463,13,1,6,0,0,1,1,1,1785487897
2026-07-31T09:00:21Z,464,3,1,11,0,0,1,1,1,1785485789
2026-07-31T09:00:21Z,465,0,0,14,1,0,1,1,1,1785485789
2026-07-31T09:00:21Z,466,11,3,2,2,0,1,1,1,1785485789
2026-07-31T09:00:21Z,467,5,1,13,1,0,1,1,1,1785471818
2026-07-31T09:00:21Z,468,17,1,1,1,0,1,1,1,1785485789
2026-07-31T09:00:21Z,469,2,1,21,0,0,1,1,1,1785487896
2026-07-31T09:00:21Z,470,13,1,0,2,0,1,1,1,1785488296
2026-07-31T09:00:21Z,471,22,2,5,0,0,1,1,1,1785487895
2026-07-31T09:00:21Z,472,18,6,0,1,0,1,1,1,1785488263
2026-07-31T09:00:21Z,473,19,5,0,0,0,1,1,1,1785485789
2026-07-31T09:00:21Z,474,17,0,2,0,0,1,1,1,1785488001
2026-07-31T09:00:21Z,475,3,0,15,1,0,1,1,1,1785485789
2026-07-31T09:00:21Z,477,11,8,3,1,0,1,1,1,1785486182
2026-07-31T09:00:21Z,478,6,0,24,1,0,1,1,1,1785485789
2026-07-31T09:00:21Z,479,1,1,24,2,0,1,1,1,1785487379
2026-07-31T09:00:21Z,480,2,0,10,3,0,1,1,1,1785485789
2026-07-31T09:00:21Z,481,27,1,7,1,0,1,1,1,1785488342
2026-07-31T09:00:21Z,482,18,6,1,0,0,1,1,1,1785484337
2026-07-31T09:00:21Z,483,2,0,23,2,0,1,1,1,1785488244
2026-07-31T09:00:21Z,484,9,2,9,1,0,1,1,1,1785488194
2026-07-31T09:00:21Z,485,16,6,1,1,1,1,1,1,1785488314
2026-07-31T09:00:21Z,486,25,6,0,2,0,1,1,1,1785488295
2026-07-31T09:00:21Z,487,7,4,11,1,0,1,1,1,1785486902
2026-07-31T09:00:21Z,489,13,6,2,0,0,1,1,1,1785487212
2026-07-31T09:00:21Z,490,2,1,14,0,0,1,1,1,1785486473
2026-07-31T09:00:21Z,491,4,1,17,0,0,1,1,1,1785486090
2026-07-31T09:00:21Z,492,5,3,2,4,0,1,1,1,1785488416
2026-07-31T09:00:21Z,493,0,0,26,1,0,1,1,1,1785487895
2026-07-31T09:00:21Z,495,10,0,2,3,0,1,1,1,1785487895
2026-07-31T09:00:21Z,496,27,1,0,0,0,1,1,1,1785486089
2026-07-31T09:00:21Z,497,17,0,1,1,0,1,1,1,1785488201
2026-07-31T09:00:21Z,498,22,3,0,1,0,1,1,1,1785486119
2026-07-31T09:00:21Z,499,17,1,1,1,0,1,1,1,1785487896
2026-07-31T09:00:21Z,500,8,4,1,6,0,1,1,1,1785487895
2026-07-31T09:00:21Z,501,10,4,11,0,0,1,1,1,1785487896
2026-07-31T09:00:21Z,502,6,0,13,0,0,1,1,1,1785486089
2026-07-31T09:00:21Z,503,26,0,4,1,0,1,1,1,1785487895
2026-07-31T09:00:21Z,504,0,0,39,0,0,1,1,1,1785486562
2026-07-31T09:00:21Z,505,10,1,1,1,0,1,1,1,1785487586
2026-07-31T09:00:21Z,511,2,1,21,0,0,1,1,1,1785486354
2026-07-31T09:00:21Z,512,7,0,20,0,0,1,1,1,1785487895
2026-07-31T09:00:21Z,514,10,0,0,1,0,1,1,1,1785486089
2026-07-31T09:00:21Z,515,2,0,17,0,0,1,1,1,1785487895
2026-07-31T09:00:21Z,516,0,0,27,0,0,1,1,1,1785484039
2026-07-31T09:00:21Z,517,14,3,8,1,0,1,1,1,1785486090
2026-07-31T09:00:21Z,518,14,1,0,1,0,1,1,1,1785486390
2026-07-31T09:00:21Z,519,4,0,13,2,0,1,1,1,1785487925
2026-07-31T09:00:21Z,520,11,7,10,5,1,1,1,1,1785488416
2026-07-31T09:00:21Z,521,18,5,5,0,0,1,1,1,1785487895
2026-07-31T09:00:21Z,522,0,0,22,1,0,1,1,1,1785486390
2026-07-31T09:00:21Z,523,6,3,16,1,0,1,1,1,1785487895
2026-07-31T09:00:21Z,524,1,0,22,0,0,1,1,1,1785486695
2026-07-31T09:00:21Z,525,9,0,10,0,0,1,1,1,1785488201
2026-07-31T09:00:21Z,526,13,1,0,2,0,1,1,1,1785486390
2026-07-31T09:00:21Z,527,6,4,17,3,0,1,1,1,1785488354
2026-07-31T09:00:21Z,528,21,2,1,1,0,1,1,1,1785486390
2026-07-31T09:00:21Z,529,6,3,7,6,0,1,1,1,1785488418
2026-07-31T09:00:21Z,530,16,1,3,2,0,1,1,1,1785488201
2026-07-31T09:00:21Z,531,21,1,0,1,1,1,1,1,1785488201
2026-07-31T09:00:21Z,532,3,3,27,1,0,1,1,1,1785488341
2026-07-31T09:00:21Z,533,8,1,9,2,0,1,1,1,1785486390
2026-07-31T09:00:21Z,534,16,2,7,0,0,1,1,1,1785488202
2026-07-31T09:00:21Z,535,2,0,13,0,0,1,1,1,1785486390
2026-07-31T09:00:21Z,536,1,0,22,0,0,1,1,1,1785488201
2026-07-31T09:00:21Z,537,1,1,19,0,0,1,1,1,1785488280
2026-07-31T09:00:21Z,538,21,8,0,0,2,1,1,1,1785488415
2026-07-31T09:00:21Z,539,5,5,26,0,0,1,1,1,1785488201
2026-07-31T09:00:21Z,540,2,1,17,0,0,1,1,1,1785486391
2026-07-31T09:00:21Z,541,26,2,0,1,0,1,1,1,1785486390
2026-07-31T09:00:21Z,542,2,2,21,0,0,1,1,1,1785486390
2026-07-31T09:00:21Z,543,17,2,1,1,0,1,1,1,1785488201
2026-07-31T09:00:21Z,544,14,1,4,4,0,1,1,1,1785486390
2026-07-31T09:00:21Z,545,0,0,17,2,0,1,1,1,1785486390
2026-07-31T09:00:21Z,546,15,7,4,0,0,1,1,1,1785487438
2026-07-31T09:00:21Z,547,19,0,6,0,0,1,1,1,1785488201
2026-07-31T09:00:21Z,548,14,1,9,0,0,1,1,1,1785486390
2026-07-31T09:00:21Z,549,20,0,3,0,0,1,1,1,1785486390
2026-07-31T09:00:21Z,550,17,2,2,0,0,1,1,1,1785486390
2026-07-31T09:00:21Z,551,16,4,7,0,0,1,1,1,1785486390
2026-07-31T09:00:21Z,552,27,3,0,0,0,1,1,1,1785486390
2026-07-31T09:00:21Z,553,19,4,1,2,1,1,1,1,1785488398
2026-07-31T09:00:21Z,554,1,1,18,0,0,1,1,1,1785486691
2026-07-31T09:00:21Z,555,14,6,0,1,0,1,1,1,1785488201
2026-07-31T09:00:21Z,556,21,4,0,2,0,1,1,1,1785488154
2026-07-31T09:00:21Z,557,6,4,12,5,0,1,1,1,1785488202
2026-07-31T09:00:21Z,558,27,4,10,0,0,1,1,1,1785488201
2026-07-31T09:00:21Z,559,0,0,18,1,0,1,1,1,1785486390
2026-07-31T09:00:21Z,560,9,0,18,0,0,1,1,1,1785488201
2026-07-31T09:00:21Z,561,13,1,9,1,0,1,1,1,1785486390
2026-07-31T09:00:21Z,562,3,0,29,3,0,1,1,1,1785486691
2026-07-31T09:00:21Z,563,11,1,3,0,0,1,1,1,1785482241
2026-07-31T09:00:21Z,564,12,0,6,1,0,1,1,1,1785488201
2026-07-31T09:00:21Z,565,7,2,12,0,0,1,1,1,1785487917
2026-07-31T09:00:21Z,566,16,0,2,1,0,1,1,1,1785488261
2026-07-31T09:00:21Z,567,25,1,1,1,0,1,1,1,1785485492
2026-07-31T09:00:21Z,568,13,0,5,1,0,1,1,1,1785486691
2026-07-31T09:00:21Z,569,17,3,2,0,0,1,1,1,1785486691
2026-07-31T09:00:21Z,570,13,1,6,0,0,1,1,1,1785486691
2026-07-31T09:00:21Z,571,0,0,23,0,0,1,1,1,1785486691
2026-07-31T09:00:21Z,572,16,5,2,1,0,1,1,1,1785488201
2026-07-31T09:00:21Z,573,13,0,2,0,0,1,1,1,1785486691
2026-07-31T09:00:21Z,574,10,3,5,0,0,1,1,1,1785487852
2026-07-31T09:00:21Z,575,5,0,15,1,0,1,1,1,1785488201
2026-07-31T09:00:21Z,576,3,0,14,2,0,1,1,1,1785488201
2026-07-31T09:00:21Z,577,13,0,18,0,0,1,1,1,1785488201
2026-07-31T09:00:21Z,578,15,10,7,1,0,1,1,1,1785486996
2026-07-31T09:00:21Z,579,4,0,39,0,0,1,1,1,1785482722
2026-07-31T09:00:21Z,580,4,0,25,0,0,1,1,1,1785486691
2026-07-31T09:00:21Z,581,18,2,1,0,0,1,1,1,1785487551
2026-07-31T09:00:21Z,582,22,0,38,1,0,1,1,1,1785488413
2026-07-31T09:00:21Z,583,23,1,0,0,0,1,1,1,1785486691
2026-07-31T09:00:21Z,584,9,4,6,4,0,1,1,1,1785486691
2026-07-31T09:00:21Z,585,16,3,10,0,1,1,1,1,1785488201
2026-07-31T09:00:21Z,586,13,0,22,0,0,1,1,1,1785488201
2026-07-31T09:00:21Z,587,19,0,4,1,0,1,1,1,1785488186
2026-07-31T09:00:21Z,588,11,3,5,3,0,1,1,1,1785488195
2026-07-31T09:00:21Z,589,0,0,0,23,0,1,1,1,1785488253
2026-07-31T09:00:21Z,590,19,4,11,1,0,1,1,1,1785479272
2026-07-31T09:00:21Z,591,28,1,0,2,0,1,1,1,1785486691
2026-07-31T09:00:21Z,592,12,0,11,0,0,1,1,1,1785483987
2026-07-31T09:00:21Z,593,0,0,38,0,0,1,1,1,1785488201
2026-07-31T09:00:21Z,594,6,0,12,3,0,1,1,1,1785488258
2026-07-31T09:00:21Z,595,0,0,3,0,0,0,1,1,1784046673
2026-07-31T09:00:21Z,605,0,0,2,1,0,0,1,1,1783975843
2026-07-31T09:00:21Z,606,0,0,0,0,0,0,1,1,86400
2026-07-31T09:00:21Z,607,10,1,22,1,0,1,1,1,1785488201
2026-07-31T09:00:21Z,608,1,0,49,0,0,1,1,1,1785486736
2026-07-31T09:00:21Z,609,2,0,21,0,0,1,1,1,1785488201
2026-07-31T09:00:21Z,610,0,0,35,0,0,1,1,1,1785488201
2026-07-31T09:00:21Z,611,12,0,14,1,0,1,1,1,1785488201
2026-07-31T09:00:21Z,612,6,1,9,0,0,1,1,1,1785486691
2026-07-31T09:00:21Z,613,9,0,3,3,0,1,1,1,1785488202
2026-07-31T09:00:21Z,614,1,1,23,2,1,1,1,1,1785486629
2026-07-31T09:00:21Z,617,12,0,1,2,0,1,1,1,1785486691
2026-07-31T09:00:21Z,618,13,2,1,5,0,1,1,1,1785486690
2026-07-31T09:00:21Z,619,7,2,12,0,0,1,1,1,1785488201
2026-07-31T09:00:21Z,620,0,0,27,0,0,1,1,1,1785488201
2026-07-31T09:00:21Z,621,7,2,15,1,0,1,1,1,1785488201
2026-07-31T09:00:21Z,622,5,2,17,1,0,1,1,1,1785488201
2026-07-31T09:00:21Z,623,9,2,20,1,0,1,1,1,1785488201
2026-07-31T09:00:21Z,624,2,0,13,0,0,1,1,1,1785486691
2026-07-31T09:00:21Z,625,5,0,14,2,0,1,1,1,1785488201
2026-07-31T09:00:21Z,626,0,0,45,0,2,1,1,1,1785469585
2026-07-31T09:00:21Z,627,13,6,6,0,0,1,1,1,1785488201
2026-07-31T09:00:21Z,628,0,0,15,2,2,1,1,1,1785488418
2026-07-31T09:00:21Z,629,4,1,6,1,0,1,1,1,1785488201
2026-07-31T09:00:21Z,630,3,2,21,3,0,1,1,1,1785488307
2026-07-31T09:00:21Z,631,2,1,21,0,0,1,1,1,1785488201
2026-07-31T09:00:21Z,632,22,2,0,1,0,1,1,1,1785488201
2026-07-31T09:00:21Z,633,11,1,0,4,0,1,1,1,1785488173
2026-07-31T09:00:21Z,634,11,2,8,0,0,1,1,1,1785486991
2026-07-31T09:00:21Z,635,17,1,2,0,0,1,1,1,1785488201
2026-07-31T09:00:21Z,636,10,2,5,0,0,1,1,1,1785488201
2026-07-31T09:00:21Z,637,8,0,11,0,0,1,1,1,1785488201
2026-07-31T09:00:21Z,638,9,2,8,2,0,1,1,1,1785488216
2026-07-31T09:00:21Z,639,5,1,11,3,0,1,1,1,1785479066
2026-07-31T09:00:21Z,640,1,1,21,1,0,1,1,1,1785488307
2026-07-31T09:00:21Z,641,21,1,3,2,0,1,1,1,1785487278
2026-07-31T09:00:21Z,642,4,2,7,8,0,1,1,1,1785488416
2026-07-31T09:00:21Z,643,1,0,18,8,0,1,1,1,1785488414
2026-07-31T09:00:21Z,644,12,0,2,1,0,1,1,1,1785486991
2026-07-31T09:00:21Z,645,13,0,8,1,1,1,1,1,1785487301
2026-07-31T09:00:21Z,646,7,2,12,0,0,1,1,1,1785488213
2026-07-31T09:00:21Z,647,31,1,0,0,0,1,1,1,1785469507
2026-07-31T09:00:21Z,648,6,0,12,1,0,1,1,1,1785488201
2026-07-31T09:00:21Z,649,19,2,11,1,0,1,1,1,1785488237
2026-07-31T09:00:21Z,650,5,1,9,0,0,1,1,1,1785488201
2026-07-31T09:00:21Z,651,11,9,12,0,0,1,1,1,1785482207
2026-07-31T09:00:21Z,652,4,2,17,2,0,1,1,1,1785488296
2026-07-31T09:00:21Z,653,8,1,9,2,0,1,1,1,1785488201
2026-07-31T09:00:21Z,654,2,2,13,0,0,1,1,1,1785488202
2026-07-31T09:00:21Z,655,6,3,2,4,1,1,1,1,1785488201
2026-07-31T09:00:21Z,656,18,6,1,0,0,1,1,1,1785488201
2026-07-31T09:00:21Z,657,9,1,3,2,3,1,1,1,1785488233
2026-07-31T09:00:21Z,658,9,1,1,0,0,1,1,1,1785473427
2026-07-31T09:00:21Z,659,8,3,5,2,0,1,1,1,1785488201
2026-07-31T09:00:21Z,660,13,0,14,4,0,1,1,1,1785486756
2026-07-31T09:00:21Z,661,1,1,18,0,0,1,1,1,1785488202
2026-07-31T09:00:21Z,662,7,5,14,2,0,1,1,1,1785480458
2026-07-31T09:00:21Z,663,14,6,0,1,0,1,1,1,1785488201
2026-07-31T09:00:21Z,664,0,0,27,0,0,1,1,1,1785472715
2026-07-31T09:00:21Z,665,12,3,3,0,0,1,1,1,1785488202
2026-07-31T09:00:21Z,666,7,2,6,2,0,1,1,1,1785488201
2026-07-31T09:00:21Z,667,0,0,19,0,0,1,1,1,1785486991
2026-07-31T09:00:21Z,668,10,1,8,1,0,1,1,1,1785488201
2026-07-31T09:00:21Z,669,14,5,0,0,0,1,1,1,1785488201
2026-07-31T09:00:21Z,670,11,2,16,0,0,1,1,1,1785486992
2026-07-31T09:00:21Z,671,24,5,2,1,0,1,1,1,1785488201
2026-07-31T09:00:21Z,672,13,2,6,3,1,1,1,1,1785486991
2026-07-31T09:00:21Z,673,12,1,9,2,0,1,1,1,1785488418
2026-07-31T09:00:21Z,674,3,2,17,3,0,1,1,1,1785488394
2026-07-31T09:00:21Z,675,12,6,1,2,0,1,1,1,1785488201
2026-07-31T09:00:21Z,676,5,1,16,1,0,1,1,1,1785488250
2026-07-31T09:00:21Z,681,12,3,1,2,0,1,1,1,1785488201
2026-07-31T09:00:21Z,682,4,1,14,1,0,1,1,1,1785486991
2026-07-31T09:00:21Z,683,4,1,15,0,0,1,1,1,1785488334
2026-07-31T09:00:21Z,684,3,0,24,0,0,1,1,1,1785487883
2026-07-31T09:00:21Z,685,10,0,15,1,1,1,1,1,1785488201
2026-07-31T09:00:21Z,686,11,0,14,1,1,1,1,1,1785488095
2026-07-31T09:00:21Z,687,11,0,18,1,1,1,1,1,1785488297
2026-07-31T09:00:21Z,688,10,0,2,7,0,1,1,1,1785488363
2026-07-31T09:00:21Z,692,4,1,17,0,0,1,1,1,1785488150
2026-07-31T09:00:21Z,693,5,0,3,3,0,1,1,1,1785488200
2026-07-31T09:00:21Z,694,9,5,12,0,0,1,1,1,1785486923
2026-07-31T09:00:21Z,695,17,11,6,0,0,1,1,1,1785487057
2026-07-31T09:00:21Z,696,19,14,3,1,0,1,1,1,1785488200
2026-07-31T09:00:21Z,697,19,1,4,0,0,1,1,1,1785488395
2026-07-31T09:00:21Z,698,26,0,1,0,0,1,1,1,1785487932
2026-07-31T09:00:21Z,699,7,0,7,1,0,1,1,1,1785488201
2026-07-31T09:00:21Z,700,19,4,0,0,0,1,1,1,1785487599
2026-07-31T09:00:21Z,701,17,6,2,0,0,1,1,1,1785488200
2026-07-31T09:00:21Z,702,18,0,4,1,0,1,1,1,1785488049
2026-07-31T09:00:21Z,704,9,2,6,0,0,1,1,1,1785488247
2026-07-31T09:00:21Z,705,5,3,9,1,0,1,1,1,1785488200
2026-07-31T09:00:21Z,706,12,2,0,3,0,1,1,1,1785486994
2026-07-31T09:00:21Z,707,10,2,5,0,0,1,1,1,1785487639
2026-07-31T09:00:21Z,708,19,3,0,0,0,1,1,1,1785488201
2026-07-31T09:00:21Z,709,11,1,1,3,0,1,1,1,1785488200
2026-07-31T09:00:21Z,710,16,3,2,1,0,1,1,1,1785488200
2026-07-31T09:00:21Z,711,19,4,0,4,0,1,1,1,1785487135
2026-07-31T09:00:21Z,712,15,10,0,0,0,1,1,1,1785487013
2026-07-31T09:00:21Z,713,6,0,17,0,0,1,1,1,1785488200
2026-07-31T09:00:21Z,716,3,1,12,0,0,1,1,1,1785488331
2026-07-31T09:00:21Z,717,2,1,20,3,0,1,1,1,1785487431
2026-07-31T09:00:21Z,718,3,1,11,1,0,1,1,1,1785488200
2026-07-31T09:00:21Z,719,7,1,22,0,0,1,1,1,1785488407
2026-07-31T09:00:21Z,720,2,1,17,0,0,1,1,1,1785488200
2026-07-31T09:00:21Z,721,0,0,21,2,0,1,1,1,1785488200
2026-07-31T09:00:21Z,722,5,0,10,0,0,1,1,1,1785488200
2026-07-31T09:00:21Z,723,12,1,11,0,0,1,1,1,1785487894
2026-07-31T09:00:21Z,724,21,4,2,0,0,1,1,1,1785488201
2026-07-31T09:00:21Z,725,22,6,0,1,0,1,1,1,1785488200
2026-07-31T09:00:21Z,726,19,3,0,0,0,1,1,1,1785488366
2026-07-31T09:00:21Z,727,9,4,12,2,0,1,1,1,1785488391
2026-07-31T09:00:21Z,728,9,0,5,1,0,1,1,1,1785487953
2026-07-31T09:00:21Z,729,6,0,13,0,0,1,1,1,1785488200
2026-07-31T09:00:21Z,730,3,2,10,2,0,1,1,1,1785486991
2026-07-31T09:00:21Z,731,10,3,4,1,0,1,1,1,1785487658
2026-07-31T09:00:21Z,732,9,5,6,0,0,1,1,1,1785487128
2026-07-31T09:00:21Z,733,4,0,23,0,0,1,1,1,1785487667
2026-07-31T09:00:21Z,734,0,0,14,0,0,1,1,1,1785488201
2026-07-31T09:00:21Z,735,4,3,23,0,0,1,1,1,1785487895
2026-07-31T09:00:21Z,736,7,1,12,0,0,1,1,1,1785488088
2026-07-31T09:00:21Z,737,4,3,10,0,1,1,1,1,1785488216
2026-07-31T09:00:21Z,738,17,6,0,2,0,1,1,1,1785488200
2026-07-31T09:00:21Z,739,19,2,7,1,0,1,1,1,1785487688
2026-07-31T09:00:21Z,741,7,1,16,0,0,1,1,1,1785487979
2026-07-31T09:00:21Z,742,5,0,27,3,0,1,1,1,1785488245
2026-07-31T09:00:21Z,743,8,3,9,2,0,1,1,1,1785488200
2026-07-31T09:00:21Z,744,11,4,3,1,0,1,1,1,1785488355
2026-07-31T09:00:21Z,745,14,4,4,1,0,1,1,1,1785488362
2026-07-31T09:00:21Z,746,12,3,9,2,0,1,1,1,1785487335
2026-07-31T09:00:21Z,747,0,0,4,0,0,0,1,1,1783446606
2026-07-31T09:00:21Z,748,10,1,13,0,0,1,1,1,1785487330
2026-07-31T09:00:21Z,749,7,5,15,1,0,1,1,1,1785487244
2026-07-31T09:00:21Z,750,4,2,7,0,0,1,1,1,1785487894
2026-07-31T09:00:21Z,751,8,0,15,0,0,1,1,1,1785488200
2026-07-31T09:00:21Z,752,13,1,3,1,0,1,1,1,1785488200
2026-07-31T09:00:21Z,753,4,0,11,0,0,1,1,1,1785486990
2026-07-31T09:00:21Z,754,1,1,13,1,0,1,1,1,1785488200
2026-07-31T09:00:21Z,755,12,3,10,1,0,1,1,1,1785487215
2026-07-31T09:00:21Z,756,2,0,35,0,0,1,1,1,1785487923
2026-07-31T09:00:21Z,757,18,9,1,0,0,1,1,1,1785488201
2026-07-31T09:00:21Z,758,22,3,1,0,0,1,1,1,1785487871
2026-07-31T09:00:21Z,759,5,3,10,0,0,1,1,1,1785488200
2026-07-31T09:00:21Z,760,8,3,11,0,0,1,1,1,1785488200
2026-07-31T09:00:21Z,761,16,0,7,0,0,1,1,1,1785488201
2026-07-31T09:00:21Z,762,7,4,4,4,0,1,1,1,1785488200
2026-07-31T09:00:21Z,768,8,0,8,3,0,1,1,1,1785487291
2026-07-31T09:00:21Z,769,16,12,3,0,0,1,1,1,1785488210
2026-07-31T09:00:21Z,770,11,3,6,2,0,1,1,1,1785488146
2026-07-31T09:00:21Z,771,13,3,1,1,0,1,1,1,1785488200
2026-07-31T09:00:21Z,772,7,3,8,0,0,1,1,1,1785488205
2026-07-31T09:00:21Z,773,15,4,4,0,0,1,1,1,1785488201
2026-07-31T09:00:21Z,774,9,5,3,3,0,1,1,1,1785488200
2026-07-31T09:00:21Z,775,6,0,11,1,1,1,1,1,1785488308
2026-07-31T09:00:21Z,776,3,1,17,1,0,1,1,1,1785488365
2026-07-31T09:00:21Z,777,10,0,2,3,0,1,1,1,1785488201
2026-07-31T09:00:21Z,778,13,0,3,3,0,1,1,1,1785488261
2026-07-31T09:00:21Z,779,8,1,10,1,0,1,1,1,1785487292
2026-07-31T09:00:21Z,780,17,4,1,1,0,1,1,1,1785487312
2026-07-31T09:00:21Z,781,6,2,3,2,0,1,1,1,1785488201
2026-07-31T09:00:21Z,782,5,3,10,4,0,1,1,1,1785488200
2026-07-31T09:00:21Z,783,7,1,12,0,0,1,1,1,1785487140
2026-07-31T09:00:21Z,784,15,2,4,0,0,1,1,1,1785486748
2026-07-31T09:00:21Z,785,11,2,2,6,0,1,1,1,1785487291
2026-07-31T09:00:21Z,786,11,5,8,0,0,1,1,1,1785486953
2026-07-31T09:00:21Z,787,11,5,2,2,0,1,1,1,1785488411
2026-07-31T09:00:21Z,788,3,0,12,0,0,1,1,1,1785488333
2026-07-31T09:00:21Z,789,10,2,1,4,0,1,1,1,1785488200
2026-07-31T09:00:21Z,790,0,0,23,0,0,1,1,1,1785488259
2026-07-31T09:00:21Z,791,7,2,11,0,1,1,1,1,1785488213
2026-07-31T09:00:21Z,793,4,0,10,1,0,1,1,1,1785488201
2026-07-31T09:00:21Z,794,8,3,19,2,0,1,1,1,1785488201
2026-07-31T09:00:21Z,796,0,0,17,2,0,1,1,1,1785488201
2026-07-31T09:00:21Z,797,1,0,14,0,0,1,1,1,1785487593
2026-07-31T09:00:21Z,798,6,0,18,1,0,1,1,1,1785488200
2026-07-31T09:00:21Z,799,15,1,1,3,0,1,1,1,1785488201
2026-07-31T09:00:21Z,800,1,0,19,1,0,1,1,1,1785488220
2026-07-31T09:00:21Z,801,4,2,16,1,0,1,1,1,1785487820
2026-07-31T09:00:21Z,802,8,0,23,0,0,1,1,1,1785488200
2026-07-31T09:00:21Z,803,1,1,14,0,0,1,1,1,1785488200
2026-07-31T09:00:21Z,806,8,3,7,0,0,1,1,1,1785488200
2026-07-31T09:00:21Z,807,14,0,8,3,0,1,1,1,1785488232
2026-07-31T09:00:21Z,808,0,0,23,2,0,1,1,1,1785488225
2026-07-31T09:00:21Z,809,5,1,17,1,0,1,1,1,1785488200
2026-07-31T09:00:21Z,810,2,0,13,4,0,1,1,1,1785488201
2026-07-31T09:00:21Z,815,4,1,6,4,1,1,1,1,1785487892
2026-07-31T09:00:21Z,817,10,5,5,0,0,1,1,1,1785487292
2026-07-31T09:00:21Z,818,6,0,16,1,0,1,1,1,1785488333
2026-07-31T09:00:21Z,819,6,4,9,0,0,1,1,1,1785487291
2026-07-31T09:00:21Z,820,8,2,9,0,0,1,1,1,1785487402
2026-07-31T09:00:21Z,821,2,1,13,0,0,1,1,1,1785488200
2026-07-31T09:00:21Z,822,1,0,20,2,0,1,1,1,1785488279
2026-07-31T09:00:21Z,823,0,0,14,1,0,1,1,1,1785488200
2026-07-31T09:00:21Z,824,12,3,6,1,0,1,1,1,1785488201
2026-07-31T09:00:21Z,825,8,5,7,0,0,1,1,1,1785488201
2026-07-31T09:00:21Z,826,10,2,8,1,0,1,1,1,1785488212
2026-07-31T09:00:21Z,827,16,5,4,1,0,1,1,1,1785488215
2026-07-31T09:00:21Z,828,10,0,7,1,0,1,1,1,1785488107
2026-07-31T09:00:21Z,829,16,7,11,0,0,1,1,1,1785487593
2026-07-31T09:00:21Z,830,12,3,10,1,0,1,1,1,1785488274
2026-07-31T09:00:21Z,831,7,2,7,1,0,1,1,1,1785487404
2026-07-31T09:00:21Z,832,10,3,5,3,0,1,1,1,1785487593
2026-07-31T09:00:21Z,833,1,0,17,1,0,1,1,1,1785487310
2026-07-31T09:00:21Z,834,1,0,22,1,0,1,1,1,1785487291
2026-07-31T09:00:21Z,835,16,6,0,2,0,1,1,1,1785487291
2026-07-31T09:00:21Z,837,5,1,0,10,0,1,1,1,1785487604
2026-07-31T09:00:21Z,838,13,3,2,0,0,1,1,1,1785488137
2026-07-31T09:00:21Z,839,20,1,9,0,0,1,1,1,1785488063
2026-07-31T09:00:21Z,840,8,3,19,2,0,1,1,1,1785488200
2026-07-31T09:00:21Z,841,7,1,8,0,0,1,1,1,1785487401
2026-07-31T09:00:21Z,842,7,2,16,0,0,1,1,1,1785487291
2026-07-31T09:00:21Z,843,8,0,22,1,0,1,1,1,1785488200
2026-07-31T09:00:21Z,844,6,0,17,0,0,1,1,1,1785487384
2026-07-31T09:00:21Z,845,5,3,12,2,0,1,1,1,1785487572
2026-07-31T09:00:21Z,846,4,0,13,2,0,1,1,1,1785487291
2026-07-31T09:00:21Z,847,7,1,20,0,0,1,1,1,1785488304
2026-07-31T09:00:21Z,848,10,3,8,1,0,1,1,1,1785488215
2026-07-31T09:00:21Z,849,7,2,8,0,0,1,1,1,1785488371
2026-07-31T09:00:21Z,850,9,0,1,1,0,1,1,1,1785487309
2026-07-31T09:00:21Z,851,3,3,32,2,0,1,1,1,1785488200
2026-07-31T09:00:21Z,852,12,6,7,0,0,1,1,1,1785488334
2026-07-31T09:00:21Z,853,10,5,13,0,0,1,1,1,1785488200
2026-07-31T09:00:21Z,854,3,2,12,0,0,1,1,1,1785488415
2026-07-31T09:00:21Z,855,25,0,2,0,0,1,1,1,1785488200
2026-07-31T09:00:21Z,857,1,1,18,0,0,1,1,1,1785488200
2026-07-31T09:00:21Z,858,4,1,14,1,0,1,1,1,1785488200
2026-07-31T09:00:21Z,859,3,0,17,1,0,1,1,1,1785488202
2026-07-31T09:00:21Z,861,8,1,2,1,0,1,1,1,1785488201
2026-07-31T09:00:21Z,862,2,1,13,0,0,1,1,1,1785488200
2026-07-31T09:00:21Z,863,13,0,5,1,0,1,1,1,1785488200
2026-07-31T09:00:21Z,866,9,3,10,0,0,1,1,1,1785487725
2026-07-31T09:00:21Z,867,12,0,3,0,0,1,1,1,1785488201
2026-07-31T09:00:21Z,868,13,2,2,0,0,1,1,1,1785488201
2026-07-31T09:00:21Z,870,7,4,6,2,0,1,1,1,1785488200
2026-07-31T09:00:21Z,871,0,0,10,1,0,1,1,1,1785488201
2026-07-31T09:00:21Z,872,0,0,14,1,0,1,1,1,1785488201
2026-07-31T09:00:21Z,873,0,0,32,1,0,1,1,1,1785488200
2026-07-31T09:00:21Z,874,5,2,6,4,0,1,1,1,1785488200
2026-07-31T09:00:21Z,875,14,10,0,1,0,1,1,1,1785488200
2026-07-31T09:00:21Z,877,11,10,6,2,0,1,1,1,1785488201
2026-07-31T09:00:21Z,878,3,2,15,1,0,1,1,1,1785488200
2026-07-31T09:00:21Z,879,1,0,18,0,0,1,1,1,1785488200
2026-07-31T09:00:21Z,880,3,0,19,1,0,1,1,1,1785488335
2026-07-31T09:00:21Z,881,2,0,17,0,0,1,1,1,1785487420
2026-07-31T09:00:21Z,882,10,0,6,3,0,1,1,1,1785488200
2026-07-31T09:00:21Z,883,10,6,9,0,0,1,1,1,1785488201
2026-07-31T09:00:21Z,884,11,7,10,0,0,1,1,1,1785488200
2026-07-31T09:00:21Z,885,1,0,18,0,0,1,1,1,1785488201
2026-07-31T09:00:21Z,886,17,1,11,1,0,1,1,1,1785488201
2026-07-31T09:00:21Z,887,3,1,11,3,0,1,1,1,1785488361
2026-07-31T09:00:21Z,888,12,0,27,2,0,1,1,1,1785488234
2026-07-31T09:00:21Z,889,17,1,0,2,0,1,1,1,1785488201
2026-07-31T09:00:21Z,890,7,4,8,0,0,1,1,1,1785488201
2026-07-31T09:00:21Z,891,20,0,2,1,0,1,1,1,1785488234
2026-07-31T09:00:21Z,892,13,1,2,0,0,1,1,1,1785488200
2026-07-31T09:00:21Z,895,1,0,18,0,0,1,1,1,1785488200
2026-07-31T09:00:21Z,896,6,0,29,0,0,1,1,1,1785488200
2026-07-31T09:00:21Z,897,11,1,10,0,0,1,1,1,1785488332
2026-07-31T09:00:21Z,898,2,0,17,0,0,1,1,1,1785487593
2026-07-31T09:00:21Z,899,0,0,18,1,0,1,1,1,1785488236
2026-07-31T09:00:21Z,900,20,1,6,1,0,1,1,1,1785488408
2026-07-31T09:00:21Z,901,12,0,6,1,0,1,1,1,1785487948
2026-07-31T09:00:21Z,902,9,0,5,1,0,1,1,1,1785488200
2026-07-31T09:00:21Z,903,14,2,4,1,0,1,1,1,1785488379
2026-07-31T09:00:21Z,904,10,4,8,1,0,1,1,1,1785488201
2026-07-31T09:00:21Z,905,4,0,23,0,0,1,1,1,1785488201
2026-07-31T09:00:21Z,906,8,5,19,0,0,1,1,1,1785488419
2026-07-31T09:00:21Z,907,6,1,25,0,0,1,1,1,1785488201
2026-07-31T09:00:21Z,908,11,0,12,0,0,1,1,1,1785488201
2026-07-31T09:00:21Z,909,14,4,8,1,0,1,1,1,1785487370
2026-07-31T09:00:21Z,910,20,0,11,0,0,1,1,1,1785488201
2026-07-31T09:00:21Z,911,3,0,16,0,0,1,1,1,1785488201
2026-07-31T09:00:21Z,912,9,5,12,2,0,1,1,1,1785488218
2026-07-31T09:00:21Z,913,3,1,16,0,0,1,1,1,1785488200
2026-07-31T09:00:21Z,914,6,1,13,0,0,1,1,1,1785488201
2026-07-31T09:00:21Z,915,7,0,15,1,0,1,1,1,1785488200
2026-07-31T09:00:21Z,916,23,8,0,0,0,1,1,1,1785487718
2026-07-31T09:00:21Z,917,3,0,30,2,0,1,1,1,1785488303
2026-07-31T09:00:21Z,918,13,5,4,2,0,1,1,1,1785488201
2026-07-31T09:00:21Z,919,13,3,25,1,0,1,1,1,1785488235
2026-07-31T09:00:21Z,920,4,2,15,0,0,1,1,1,1785488201
2026-07-31T09:00:21Z,921,12,0,9,0,0,1,1,1,1785488201
2026-07-31T09:00:21Z,922,4,1,17,0,0,1,1,1,1785488200
2026-07-31T09:00:21Z,923,19,2,0,0,0,1,1,1,1785488201
2026-07-31T09:00:21Z,924,8,2,13,0,0,1,1,1,1785488268
2026-07-31T09:00:21Z,925,13,0,8,0,0,1,1,1,1785487729
2026-07-31T09:00:21Z,926,0,0,21,0,0,1,1,1,1785488201
2026-07-31T09:00:21Z,927,1,0,34,0,0,1,1,1,1785488267
2026-07-31T09:00:21Z,928,5,3,14,0,0,1,1,1,1785464301
2026-07-31T09:00:21Z,929,0,0,23,0,0,1,1,1,1785488201
2026-07-31T09:00:21Z,930,0,0,30,1,0,1,1,1,1785487593
2026-07-31T09:00:21Z,931,8,3,15,0,0,1,1,1,1785488201
2026-07-31T09:00:21Z,932,4,0,12,3,0,1,1,1,1785488221
2026-07-31T09:00:21Z,933,0,0,23,0,0,1,1,1,1785487852
2026-07-31T09:00:21Z,934,2,0,28,1,0,1,1,1,1785487291
2026-07-31T09:00:21Z,935,9,2,9,1,0,1,1,1,1785487592
2026-07-31T09:00:21Z,936,4,1,15,0,0,1,1,1,1785456801
2026-07-31T09:00:21Z,940,10,0,1,0,0,1,1,1,1785487595
2026-07-31T09:00:21Z,941,10,1,13,2,0,1,1,1,1785487993
2026-07-31T09:00:21Z,942,5,0,16,0,0,1,1,1,1785488369
2026-07-31T09:00:21Z,943,9,8,6,0,0,1,1,1,1785487593
2026-07-31T09:00:21Z,944,9,8,6,0,0,1,1,1,1785487592
2026-07-31T09:00:21Z,945,10,8,5,0,0,1,1,1,1785487593
2026-07-31T09:00:21Z,946,7,5,12,0,0,1,1,1,1785487593
2026-07-31T09:00:21Z,947,7,5,10,0,0,1,1,1,1785487593
2026-07-31T09:00:21Z,948,26,8,0,5,0,1,1,1,1785487852
2026-07-31T09:00:21Z,949,1,0,14,0,0,1,1,1,1785487896
2026-07-31T09:00:21Z,950,16,4,0,1,0,1,1,1,1785487593
2026-07-31T09:00:21Z,951,18,4,5,0,0,1,1,1,1785487593
2026-07-31T09:00:21Z,952,7,0,48,0,0,1,1,1,1785488203
2026-07-31T09:00:21Z,953,14,2,0,1,0,1,1,1,1785488411
2026-07-31T09:00:21Z,954,18,4,1,0,0,1,1,1,1785487593
2026-07-31T09:00:21Z,955,4,3,17,6,0,1,1,1,1785488216
2026-07-31T09:00:21Z,956,21,1,1,1,0,1,1,1,1785488202
2026-07-31T09:00:21Z,957,15,0,14,0,0,1,1,1,1785487593
2026-07-31T09:00:21Z,958,19,0,12,0,0,1,1,1,1785488042
2026-07-31T09:00:21Z,959,20,8,0,3,0,1,1,1,1785487620
2026-07-31T09:00:21Z,960,22,1,0,1,0,1,1,1,1785487695
2026-07-31T09:00:21Z,961,2,1,17,4,0,1,1,1,1785488044
2026-07-31T09:00:21Z,962,8,3,24,3,0,1,1,1,1785488294
2026-07-31T09:00:21Z,963,6,0,16,1,0,1,1,1,1785487594
2026-07-31T09:00:21Z,964,20,8,2,1,0,1,1,1,1785488201
2026-07-31T09:00:21Z,965,5,1,21,1,0,1,1,1,1785487656
2026-07-31T09:00:21Z,966,28,0,3,0,0,1,1,1,1785488044
2026-07-31T09:00:21Z,967,19,0,0,2,0,1,1,1,1785488415
2026-07-31T09:00:21Z,968,14,0,4,1,0,1,1,1,1785487593
2026-07-31T09:00:21Z,969,10,6,15,2,0,1,1,1,1785487815
2026-07-31T09:00:21Z,970,11,1,7,1,0,1,1,1,1785487650
2026-07-31T09:00:21Z,971,15,0,7,1,0,1,1,1,1785487618
2026-07-31T09:00:21Z,972,9,1,13,1,0,1,1,1,1785487283
2026-07-31T09:00:21Z,973,9,4,13,1,0,1,1,1,1785487593
2026-07-31T09:00:21Z,974,12,0,15,0,0,1,1,1,1785488000
2026-07-31T09:00:21Z,977,7,7,11,3,0,1,1,1,1785487593
2026-07-31T09:00:21Z,978,11,0,12,0,0,1,1,1,1785488419
2026-07-31T09:00:21Z,979,14,1,3,0,0,1,1,1,1785487971
2026-07-31T09:00:21Z,980,2,0,17,2,0,1,1,1,1785487593
2026-07-31T09:00:21Z,981,19,1,1,1,0,1,1,1,1785487982
2026-07-31T09:00:21Z,982,3,1,14,2,0,1,1,1,1785487727
2026-07-31T09:00:21Z,983,2,1,20,1,0,1,1,1,1785488200
2026-07-31T09:00:21Z,984,6,0,17,0,0,1,1,1,1785487592
2026-07-31T09:00:21Z,985,8,0,23,0,0,1,1,1,1785488044
2026-07-31T09:00:21Z,986,4,0,15,0,0,1,1,1,1785487593
2026-07-31T09:00:21Z,987,6,0,16,1,0,1,1,1,1785487889
2026-07-31T09:00:21Z,988,5,1,13,1,0,1,1,1,1785487593
2026-07-31T09:00:21Z,989,9,4,10,0,0,1,1,1,1785488311
2026-07-31T09:00:21Z,990,13,1,0,2,0,1,1,1,1785487593
2026-07-31T09:00:21Z,991,10,2,8,1,0,1,1,1,1785487593
2026-07-31T09:00:21Z,992,10,7,12,1,0,1,1,1,1785488091
2026-07-31T09:00:21Z,993,0,0,27,0,0,1,1,1,1785476008
2026-07-31T09:00:21Z,994,4,1,17,0,0,1,1,1,1785488303
2026-07-31T09:00:21Z,995,9,2,18,0,0,1,1,1,1785487593
2026-07-31T09:00:21Z,996,8,1,15,0,0,1,1,1,1785487593
2026-07-31T09:00:21Z,997,11,5,10,2,0,1,1,1,1785488283
2026-07-31T09:00:21Z,998,3,2,19,1,0,1,1,1,1785487894
2026-07-31T09:00:21Z,999,3,1,15,2,1,1,1,1,1785487895
2026-07-31T09:00:21Z,1000,4,2,17,0,0,1,1,1,1785488212
2026-07-31T09:00:21Z,1001,1,0,26,0,0,1,1,1,1785487902
2026-07-31T09:00:21Z,1002,0,0,27,4,0,1,1,1,1785487895
2026-07-31T09:00:21Z,1003,0,0,22,1,0,1,1,1,1785487895
2026-07-31T09:00:21Z,1004,8,1,15,0,0,1,1,1,1785487895
2026-07-31T09:00:21Z,1005,20,1,3,0,0,1,1,1,1785487894
2026-07-31T09:00:21Z,1006,7,4,11,1,0,1,1,1,1785488029
2026-07-31T09:00:21Z,1007,2,1,19,0,0,1,1,1,1785488201
2026-07-31T09:00:21Z,1008,6,5,15,2,0,1,1,1,1785488265
2026-07-31T09:00:21Z,1009,19,2,8,4,0,1,1,1,1785488135
2026-07-31T09:00:21Z,1010,7,2,20,0,0,1,1,1,1785487894
2026-07-31T09:00:21Z,1011,8,2,9,2,0,1,1,1,1785487894
2026-07-31T09:00:21Z,1012,4,3,18,1,0,1,1,1,1785487245
2026-07-31T09:00:21Z,1013,4,1,18,1,0,1,1,1,1785487894
2026-07-31T09:00:21Z,1014,7,2,13,3,0,1,1,1,1785487894
2026-07-31T09:00:21Z,1015,3,1,25,3,0,1,1,1,1785488033
2026-07-31T09:00:21Z,1016,10,5,21,0,0,1,1,1,1785487894
2026-07-31T09:00:21Z,1017,14,5,7,0,0,1,1,1,1785487895
2026-07-31T09:00:21Z,1018,7,2,15,0,0,1,1,1,1785488201
2026-07-31T09:00:21Z,1019,9,6,6,0,0,1,1,1,1785488026
2026-07-31T09:00:21Z,1020,18,3,3,0,0,1,1,1,1785488338
2026-07-31T09:00:21Z,1021,9,3,5,1,0,1,1,1,1785488202
2026-07-31T09:00:21Z,1022,14,0,13,0,0,1,1,1,1785487894
2026-07-31T09:00:21Z,1023,13,1,9,1,0,1,1,1,1785487895
2026-07-31T09:00:21Z,1024,5,2,13,1,0,1,1,1,1785488067
2026-07-31T09:00:21Z,1025,4,0,14,0,1,1,1,1,1785487911
2026-07-31T09:00:21Z,1026,7,5,19,5,0,1,1,1,1785488261
2026-07-31T09:00:21Z,1028,2,0,20,1,0,1,1,1,1785487894
2026-07-31T09:00:21Z,1029,9,9,5,1,0,1,1,1,1785488362
2026-07-31T09:00:21Z,1030,14,5,9,0,0,1,1,1,1785488105
2026-07-31T09:00:21Z,1031,8,0,11,0,0,1,1,1,1785488201
2026-07-31T09:00:21Z,1032,7,1,12,0,0,1,1,1,1785487895
2026-07-31T09:00:21Z,1033,9,5,9,1,0,1,1,1,1785488134
2026-07-31T09:00:21Z,1034,2,0,13,0,0,1,1,1,1785487895
2026-07-31T09:00:21Z,1035,1,0,16,2,0,1,1,1,1785487894
2026-07-31T09:00:21Z,1036,15,1,0,0,0,1,1,1,1785487919
2026-07-31T09:00:21Z,1037,4,0,14,1,0,1,1,1,1785488010
2026-07-31T09:00:21Z,1038,2,0,12,1,0,1,1,1,1785487894
2026-07-31T09:00:21Z,1039,7,2,12,0,0,1,1,1,1785487895
2026-07-31T09:00:21Z,1040,7,3,10,2,0,1,1,1,1785487895
2026-07-31T09:00:21Z,1041,10,3,8,1,0,1,1,1,1785488050
2026-07-31T09:00:21Z,1042,12,1,1,2,0,1,1,1,1785488060
2026-07-31T09:00:21Z,1043,8,0,7,4,0,1,1,1,1785488200
2026-07-31T09:00:21Z,1044,2,1,12,1,0,1,1,1,1785487894
2026-07-31T09:00:21Z,1045,10,0,9,0,0,1,1,1,1785487894
2026-07-31T09:00:21Z,1046,9,0,6,0,0,1,1,1,1785487894
2026-07-31T09:00:21Z,1047,4,0,17,0,0,1,1,1,1785488075
2026-07-31T09:00:21Z,1048,10,1,9,0,0,1,1,1,1785487286
2026-07-31T09:00:21Z,1049,6,0,15,0,0,1,1,1,1785487894
2026-07-31T09:00:21Z,1050,17,4,4,0,0,1,1,1,1785486629
2026-07-31T09:00:21Z,1051,8,3,13,0,0,1,1,1,1785488339
2026-07-31T09:00:21Z,1052,17,2,5,0,0,1,1,1,1785488027
2026-07-31T09:00:21Z,1053,2,1,13,0,0,1,1,1,1785487894
2026-07-31T09:00:21Z,1054,14,1,1,0,0,1,1,1,1785487894
2026-07-31T09:00:21Z,1055,7,1,12,0,0,1,1,1,1785487894
2026-07-31T09:00:21Z,1057,18,0,0,1,0,1,1,1,1785487895
2026-07-31T09:00:21Z,1058,1,0,55,0,0,1,1,1,1785487895
2026-07-31T09:00:21Z,1059,0,0,18,1,0,1,1,1,1785487895
2026-07-31T09:00:21Z,1060,30,0,7,0,0,1,1,1,1785488123
2026-07-31T09:00:21Z,1061,7,1,29,1,0,1,1,1,1785487924
2026-07-31T09:00:21Z,1062,1,0,16,0,0,1,1,1,1785487894
2026-07-31T09:00:21Z,1063,12,1,6,1,0,1,1,1,1785488201
2026-07-31T09:00:21Z,1064,3,0,19,1,0,1,1,1,1785488029
2026-07-31T09:00:21Z,1065,16,3,7,0,0,1,1,1,1785488035
2026-07-31T09:00:21Z,1066,10,2,13,0,0,1,1,1,1785487895
2026-07-31T09:00:21Z,1067,8,2,13,2,0,1,1,1,1785488026
2026-07-31T09:00:21Z,1068,8,2,13,2,0,1,1,1,1785487895
2026-07-31T09:00:21Z,1069,12,3,11,0,0,1,1,1,1785487895
2026-07-31T09:00:21Z,1070,12,2,11,0,0,1,1,1,1785487895
2026-07-31T09:00:21Z,1071,7,4,16,0,0,1,1,1,1785487894
2026-07-31T09:00:21Z,1072,11,1,11,1,0,1,1,1,1785488075
2026-07-31T09:00:21Z,1073,26,7,0,1,0,1,1,1,1785488201
2026-07-31T09:00:21Z,1074,0,0,52,1,0,1,1,1,1785487600
2026-07-31T09:00:21Z,1075,10,10,11,0,0,1,1,1,1785487898
2026-07-31T09:00:21Z,1076,14,11,7,0,0,1,1,1,1785488325
2026-07-31T09:00:21Z,1077,8,5,13,0,0,1,1,1,1785487894
2026-07-31T09:00:21Z,1078,11,10,10,0,0,1,1,1,1785488368
2026-07-31T09:00:21Z,1079,11,8,10,0,0,1,1,1,1785487180
2026-07-31T09:00:21Z,1080,10,8,10,1,0,1,1,1,1785487895
2026-07-31T09:00:21Z,1081,13,8,6,0,0,1,1,1,1785488175
2026-07-31T09:00:21Z,1082,7,7,1,0,0,1,1,1,1785487666
2026-07-31T09:00:21Z,1083,13,11,8,0,0,1,1,1,1785487897
2026-07-31T09:00:21Z,1084,9,8,12,0,0,1,1,1,1785487896
2026-07-31T09:00:21Z,1085,8,8,13,0,0,1,1,1,1785487895
2026-07-31T09:00:21Z,1086,0,0,20,1,0,1,1,1,1785487895
2026-07-31T09:00:21Z,1087,12,7,3,0,0,1,1,1,1785487895
2026-07-31T09:00:21Z,1088,10,7,5,0,0,1,1,1,1785487894
2026-07-31T09:00:21Z,1089,5,3,10,0,0,1,1,1,1785487895
2026-07-31T09:00:21Z,1090,11,10,4,0,0,1,1,1,1785488256
2026-07-31T09:00:21Z,1091,12,7,3,0,0,1,1,1,1785488169
2026-07-31T09:00:21Z,1092,9,9,5,1,0,1,1,1,1785487895
2026-07-31T09:00:21Z,1093,7,6,8,0,0,1,1,1,1785488078
2026-07-31T09:00:21Z,1094,10,8,8,1,0,1,1,1,1785487322
2026-07-31T09:00:21Z,1095,9,8,6,0,0,1,1,1,1785488024
2026-07-31T09:00:21Z,1096,3,1,15,1,0,1,1,1,1785487685
2026-07-31T09:00:21Z,1097,11,11,4,0,0,1,1,1,1785487900
2026-07-31T09:00:21Z,1098,9,7,10,0,0,1,1,1,1785488237
2026-07-31T09:00:21Z,1099,7,6,8,0,0,1,1,1,1785487156
2026-07-31T09:00:21Z,1100,6,2,23,0,0,1,1,1,1785487894
2026-07-31T09:00:21Z,1101,10,5,11,0,0,1,1,1,1785488033
2026-07-31T09:00:21Z,1102,9,4,4,0,0,1,1,1,1785488156
2026-07-31T09:00:21Z,1103,10,5,11,0,0,1,1,1,1785487895
2026-07-31T09:00:21Z,1104,10,5,11,0,0,1,1,1,1785487895
2026-07-31T09:00:21Z,1105,7,3,6,0,0,1,1,1,1785488043
2026-07-31T09:00:21Z,1106,13,7,8,0,0,1,1,1,1785487895
2026-07-31T09:00:21Z,1107,9,5,6,0,0,1,1,1,1785487895
2026-07-31T09:00:21Z,1108,6,3,18,3,0,1,1,1,1785487918
2026-07-31T09:00:21Z,1109,6,1,9,0,0,1,1,1,1785487896
2026-07-31T09:00:21Z,1110,12,4,9,0,0,1,1,1,1785487895
2026-07-31T09:00:21Z,1111,3,2,18,0,0,1,1,1,1785475740
2026-07-31T09:00:21Z,1112,38,0,15,0,0,1,1,1,1785487895
2026-07-31T09:00:21Z,1113,1,0,20,0,0,1,1,1,1785488201
2026-07-31T09:00:21Z,1115,17,5,3,3,0,1,1,1,1785488201
2026-07-31T09:00:21Z,1116,5,1,14,0,0,1,1,1,1785488201
2026-07-31T09:00:21Z,1117,10,3,13,0,0,1,1,1,1785488201
2026-07-31T09:00:21Z,1118,17,1,3,1,0,1,1,1,1785488418
2026-07-31T09:00:21Z,1119,13,1,4,0,0,1,1,1,1785488356
2026-07-31T09:00:21Z,1120,13,0,6,0,0,1,1,1,1785488201
2026-07-31T09:00:21Z,1121,14,2,4,3,0,1,1,1,1785488201
2026-07-31T09:00:21Z,1122,18,9,0,3,0,1,1,1,1785488201
2026-07-31T09:00:21Z,1123,6,3,15,2,0,1,1,1,1785488200
2026-07-31T09:00:21Z,1124,11,1,0,4,0,1,1,1,1785488364
2026-07-31T09:00:21Z,1125,15,1,8,0,0,1,1,1,1785488200
2026-07-31T09:00:21Z,1126,4,0,16,1,0,1,1,1,1785488363
2026-07-31T09:00:21Z,1127,6,1,12,1,0,1,1,1,1785488201
2026-07-31T09:00:21Z,1128,14,2,0,1,0,1,1,1,1785488225
2026-07-31T09:00:21Z,1129,3,2,17,1,0,1,1,1,1785488201
2026-07-31T09:00:21Z,1130,6,0,9,0,0,1,1,1,1785488200
2026-07-31T09:00:21Z,1131,0,0,48,1,0,1,1,1,1785488200
2026-07-31T09:00:21Z,1132,13,6,7,1,0,1,1,1,1785488335
2026-07-31T09:00:21Z,1133,15,11,4,2,0,1,1,1,1785488201
2026-07-31T09:00:21Z,1134,11,7,8,0,0,1,1,1,1785488201
2026-07-31T09:00:21Z,1135,10,5,11,0,0,1,1,1,1785488201
2026-07-31T09:00:21Z,1136,6,0,17,0,0,1,1,1,1785488201
2026-07-31T09:00:21Z,1137,13,0,2,0,0,1,1,1,1785488201
2026-07-31T09:00:21Z,1138,15,2,4,0,0,1,1,1,1785488200
2026-07-31T09:00:21Z,1139,19,5,1,1,0,1,1,1,1785488201
2026-07-31T09:00:21Z,1140,22,3,0,1,0,1,1,1,1785488201
2026-07-31T09:00:21Z,1141,0,0,20,1,0,1,1,1,1785488200
2026-07-31T09:00:21Z,1142,2,0,19,0,0,1,1,1,1785488201
2026-07-31T09:00:21Z,1143,22,0,6,1,0,1,1,1,1785488201
2026-07-31T09:00:21Z,1144,7,1,13,1,0,1,1,1,1785487593
2026-07-31T09:00:21Z,1145,12,6,8,1,0,1,1,1,1785488201
2026-07-31T09:00:21Z,1146,10,0,5,4,0,1,1,1,1785488225
2026-07-31T09:00:21Z,1147,3,0,16,0,0,1,1,1,1785488201
2026-07-31T09:00:21Z,1148,26,6,5,0,0,1,1,1,1785488201
2026-07-31T09:00:21Z,1149,4,4,21,0,0,1,1,1,1785488201
2026-07-31T09:00:21Z,1150,18,1,1,0,0,1,1,1,1785488201
2026-07-31T09:00:21Z,1151,12,0,9,0,0,1,1,1,1785488201
2026-07-31T09:00:21Z,1152,16,0,13,0,0,1,1,1,1785488378
2026-07-31T09:00:21Z,1153,22,6,0,1,0,1,1,1,1785488201
2026-07-31T09:00:21Z,1154,13,1,6,0,0,1,1,1,1785488200
2026-07-31T09:00:21Z,1155,16,6,4,1,0,1,1,1,1785488202
2026-07-31T09:00:21Z,1158,3,0,15,1,0,1,1,1,1785488335
2026-07-31T09:00:21Z,1159,13,1,6,0,0,1,1,1,1785488201
2026-07-31T09:00:21Z,1160,9,1,9,1,0,1,1,1,1785488092
2026-07-31T09:00:21Z,1161,3,0,15,1,0,1,1,1,1785488201
2026-07-31T09:00:21Z,1162,2,1,17,0,0,1,1,1,1785488201
2026-07-31T09:00:21Z,1163,1,1,17,1,0,1,1,1,1785488201
2026-07-31T09:00:21Z,1164,6,1,13,0,0,1,1,1,1785488200
2026-07-31T09:00:21Z,1165,5,0,16,0,0,1,1,1,1785488201
2026-07-31T09:00:21Z,1166,12,3,8,1,0,1,1,1,1785488201
2026-07-31T09:00:21Z,1167,4,0,11,0,0,1,1,1,1785488201
2026-07-31T09:00:21Z,1168,2,1,20,1,0,1,1,1,1785488200
2026-07-31T09:00:21Z,1169,3,0,15,1,0,1,1,1,1785488201
2026-07-31T09:00:21Z,1170,6,0,14,1,0,1,1,1,1785488201
2026-07-31T09:00:21Z,1171,8,7,14,1,0,1,1,1,1785488201
2026-07-31T09:00:21Z,1172,7,2,6,2,0,1,1,1,1785488234
2026-07-31T09:00:21Z,1173,13,5,6,0,0,1,1,1,1785488201
2026-07-31T09:00:21Z,1174,7,3,8,0,0,1,1,1,1785488201
2026-07-31T09:00:21Z,1175,9,5,10,0,0,1,1,1,1785488201
2026-07-31T09:00:21Z,1176,19,1,2,0,0,1,1,1,1785488202
2026-07-31T09:00:21Z,1177,3,1,18,0,0,1,1,1,1785488201
2026-07-31T09:00:21Z,1178,2,1,13,0,0,1,1,1,1785488201
2026-07-31T09:00:21Z,1181,9,0,4,2,0,1,1,1,1785488201
2026-07-31T09:00:21Z,1182,0,0,20,0,0,1,1,1,1785488202
2026-07-31T09:00:21Z,1183,1,0,42,2,0,1,1,1,1785487162
2026-07-31T09:00:21Z,1184,13,7,7,1,0,1,1,1,1785488202
2026-07-31T09:00:21Z,1185,10,5,11,0,0,1,1,1,1785486750
2026-07-31T09:00:21Z,1186,9,5,10,0,0,1,1,1,1785488201
2026-07-31T09:00:21Z,1187,12,6,8,1,0,1,1,1,1785488218
2026-07-31T09:00:21Z,1188,9,3,6,0,0,1,1,1,1785488202
2026-07-31T09:00:21Z,1189,10,5,9,0,0,1,1,1,1785488201
2026-07-31T09:00:21Z,1190,10,5,11,0,0,1,1,1,1785488202
2026-07-31T09:00:21Z,1191,10,5,5,0,0,1,1,1,1785488200
2026-07-31T09:00:21Z,1192,10,6,10,1,0,1,1,1,1785488201
2026-07-31T09:00:21Z,1193,6,4,5,2,0,1,1,1,1785488257
2026-07-31T09:00:21Z,1197,9,6,7,1,0,1,1,1,1785488234
2026-07-31T09:00:21Z,1198,14,4,5,2,0,1,1,1,1785488200
2026-07-31T09:00:21Z,1199,2,0,17,0,0,1,1,1,1785488201
2026-07-31T09:00:21Z,1200,11,5,4,0,0,1,1,1,1785488201
2026-07-31T09:00:21Z,1201,11,5,4,0,0,1,1,1,1785488202
2026-07-31T09:00:21Z,1202,12,6,3,0,0,1,1,1,1785488201
2026-07-31T09:00:21Z,1203,9,6,6,0,0,1,1,1,1785488202
2026-07-31T09:00:21Z,1204,7,3,11,1,0,1,1,1,1785488203
2026-07-31T09:00:21Z,1206,11,5,10,0,0,1,1,1,1785488236
2026-07-31T09:00:21Z,1207,8,4,6,1,0,1,1,1,1785488201
2026-07-31T09:00:21Z,1208,7,2,11,1,0,1,1,1,1785488339
2026-07-31T09:00:21Z,1216,7,0,13,1,0,1,1,1,1785488227
2026-07-31T09:00:21Z,1218,4,0,17,0,0,1,1,1,1785488202
2026-07-31T09:00:21Z,1219,6,1,8,1,0,1,1,1,1785488271
2026-07-31T09:00:21Z,1220,14,7,4,1,0,1,1,1,1785488201
2026-07-31T09:00:21Z,1221,2,2,19,0,0,1,1,1,1785488204
2026-07-31T09:00:21Z,1222,28,1,1,0,0,1,1,1,1785488201
2026-07-31T09:00:21Z,1223,23,0,6,0,0,1,1,1,1785488202
2026-07-31T09:00:21Z,1226,0,0,3,0,0,0,1,1,1781868931
2026-07-31T09:00:21Z,1227,23,1,2,0,0,1,1,1,1785488219
2026-07-31T09:00:21Z,1228,18,1,10,1,0,1,1,1,1785488385
2026-07-31T09:00:21Z,1229,35,0,10,0,0,1,1,1,1785488232
2026-07-31T09:05:21Z,1,0,0,23,0,0,1,1,1,1785485488
2026-07-31T09:05:21Z,2,23,0,1,3,0,1,1,1,1785485732
2026-07-31T09:05:21Z,3,9,0,4,1,0,1,1,1,1785485488
2026-07-31T09:05:21Z,4,1,0,20,1,0,1,1,1,1785487895
2026-07-31T09:05:21Z,5,9,3,13,1,0,1,1,1,1785484887
2026-07-31T09:05:21Z,6,6,2,9,0,0,1,1,1,1785486991
2026-07-31T09:05:21Z,7,1,1,38,0,0,1,1,1,1785487290
2026-07-31T09:05:21Z,8,0,0,43,0,0,1,1,1,1785487014
2026-07-31T09:05:21Z,9,0,0,22,1,0,1,1,1,1785487593
2026-07-31T09:05:21Z,10,3,1,18,2,0,1,1,1,1785488230
2026-07-31T09:05:21Z,11,16,6,2,1,0,1,1,1,1785488224
2026-07-31T09:05:21Z,12,0,0,23,0,0,1,1,1,1785472090
2026-07-31T09:05:21Z,13,12,0,18,0,0,1,1,1,1785485789
2026-07-31T09:05:21Z,14,1,0,41,0,1,1,1,1,1785476888
2026-07-31T09:05:21Z,15,4,0,11,0,0,1,1,1,1785486387
2026-07-31T09:05:21Z,16,8,0,16,2,1,1,1,1,1785487292
2026-07-31T09:05:21Z,17,8,0,18,1,0,1,1,1,1785488377
2026-07-31T09:05:21Z,18,7,0,9,2,0,1,1,1,1785488039
2026-07-31T09:05:21Z,19,4,0,22,1,0,1,1,1,1785486089
2026-07-31T09:05:21Z,20,32,0,3,0,0,1,1,1,1785485188
2026-07-31T09:05:21Z,21,1,0,17,1,0,1,1,1,1785484888
2026-07-31T09:05:21Z,22,18,0,46,1,0,1,1,1,1785487593
2026-07-31T09:05:21Z,23,10,5,21,0,0,1,1,1,1785487895
2026-07-31T09:05:21Z,24,0,0,9,2,0,1,1,1,1785488704
2026-07-31T09:05:21Z,25,1,1,79,0,1,1,1,1,1785488644
2026-07-31T09:05:21Z,26,0,0,27,0,0,1,1,1,1785485188
2026-07-31T09:05:21Z,28,15,3,0,0,0,1,1,1,1785486991
2026-07-31T09:05:21Z,30,1,0,27,1,0,1,1,1,1785486089
2026-07-31T09:05:21Z,31,0,0,17,2,0,1,1,1,1785488445
2026-07-31T09:05:21Z,32,24,4,3,0,0,1,1,1,1785487895
2026-07-31T09:05:21Z,34,2,0,34,1,0,1,1,1,1785482614
2026-07-31T09:05:21Z,35,2,1,44,1,0,1,1,1,1785486762
2026-07-31T09:05:21Z,36,0,0,0,0,0,0,1,1,86400
2026-07-31T09:05:21Z,37,0,0,23,0,0,1,1,1,1785487041
2026-07-31T09:05:21Z,38,2,0,21,0,0,1,1,1,1785488592
2026-07-31T09:05:21Z,39,23,6,16,0,0,1,1,1,1785487015
2026-07-31T09:05:21Z,40,13,0,7,1,0,1,1,1,1785485488
2026-07-31T09:05:21Z,41,1,0,41,1,0,1,1,1,1785488255
2026-07-31T09:05:21Z,42,31,8,0,0,0,1,1,1,1785472558
2026-07-31T09:05:21Z,43,6,0,17,0,0,1,1,1,1785485188
2026-07-31T09:05:21Z,45,1,0,27,1,0,1,1,1,1785485789
2026-07-31T09:05:21Z,46,13,2,18,0,0,1,1,1,1785485708
2026-07-31T09:05:21Z,47,12,5,2,1,0,1,1,1,1785487533
2026-07-31T09:05:21Z,48,20,0,7,0,0,1,1,1,1785487579
2026-07-31T09:05:21Z,49,5,0,15,3,0,1,1,1,1785488710
2026-07-31T09:05:21Z,50,1,1,18,0,0,1,1,1,1785488641
2026-07-31T09:05:21Z,51,68,0,9,0,0,1,1,1,1785487292
2026-07-31T09:05:21Z,52,2,0,22,3,0,1,1,1,1785488501
2026-07-31T09:05:21Z,55,1,1,22,0,0,1,1,1,1785487781
2026-07-31T09:05:21Z,56,0,0,43,0,0,1,1,1,1785485334
2026-07-31T09:05:21Z,57,0,0,27,0,0,1,1,1,1785486089
2026-07-31T09:05:21Z,58,0,0,28,0,0,1,1,1,1785476976
2026-07-31T09:05:21Z,59,0,0,25,2,0,1,1,1,1785488650
2026-07-31T09:05:21Z,61,0,0,39,0,0,1,1,1,1785488423
2026-07-31T09:05:21Z,62,0,0,48,1,0,1,1,1,1785487594
2026-07-31T09:05:21Z,63,14,0,5,0,0,1,1,1,1785486089
2026-07-31T09:05:21Z,64,9,0,6,4,0,1,1,1,1785486992
2026-07-31T09:05:21Z,65,17,7,1,1,0,1,1,1,1785487593
2026-07-31T09:05:21Z,67,17,0,22,0,0,1,1,1,1785485188
2026-07-31T09:05:21Z,68,0,0,37,0,0,1,1,1,1785488201
2026-07-31T09:05:21Z,69,15,2,0,0,0,1,1,1,1785485188
2026-07-31T09:05:21Z,71,2,0,24,1,0,1,1,1,1785487175
2026-07-31T09:05:21Z,72,13,2,16,2,0,1,1,1,1785486638
2026-07-31T09:05:21Z,73,0,0,31,0,0,1,1,1,1785488201
2026-07-31T09:05:21Z,74,13,6,5,1,0,1,1,1,1785485908
2026-07-31T09:05:21Z,75,0,0,31,1,0,1,1,1,1785487292
2026-07-31T09:05:21Z,76,18,0,0,1,0,1,1,1,1785488708
2026-07-31T09:05:21Z,77,24,1,2,1,0,1,1,1,1785488624
2026-07-31T09:05:21Z,78,9,4,13,1,0,1,1,1,1785488568
2026-07-31T09:05:21Z,79,4,3,12,1,0,1,1,1,1785488201
2026-07-31T09:05:21Z,80,18,0,2,3,0,1,1,1,1785488563
2026-07-31T09:05:21Z,81,5,0,26,0,0,1,1,1,1785486390
2026-07-31T09:05:21Z,82,12,0,11,0,0,1,1,1,1785486690
2026-07-31T09:05:21Z,83,5,1,28,1,0,1,1,1,1785488392
2026-07-31T09:05:21Z,84,27,0,0,0,0,1,1,1,1785487883
2026-07-31T09:05:21Z,85,1,1,14,0,0,1,1,1,1785486991
2026-07-31T09:05:21Z,86,25,0,1,1,0,1,1,1,1785486691
2026-07-31T09:05:21Z,87,10,0,9,0,0,1,1,1,1785488201
2026-07-31T09:05:21Z,88,0,0,42,1,0,1,1,1,1785484888
2026-07-31T09:05:21Z,89,22,0,13,0,0,1,1,1,1785487292
2026-07-31T09:05:21Z,90,6,2,10,2,0,1,1,1,1785486486
2026-07-31T09:05:21Z,91,14,0,3,0,0,1,1,1,1785485188
2026-07-31T09:05:21Z,92,11,4,5,3,0,1,1,1,1785488589
2026-07-31T09:05:21Z,93,0,0,23,0,0,1,1,1,1785486390
2026-07-31T09:05:21Z,94,2,0,16,1,0,1,1,1,1785486390
2026-07-31T09:05:21Z,95,27,2,6,1,1,1,1,1,1785488703
2026-07-31T09:05:21Z,96,29,0,1,1,0,1,1,1,1785488201
2026-07-31T09:05:21Z,97,0,0,16,1,0,1,1,1,1785488691
2026-07-31T09:05:21Z,98,19,0,15,1,0,1,1,1,1785486089
2026-07-31T09:05:21Z,99,4,2,11,0,0,1,1,1,1785486802
2026-07-31T09:05:21Z,100,1,0,26,0,0,1,1,1,1785486846
2026-07-31T09:05:21Z,101,1,0,13,1,0,1,1,1,1785485789
2026-07-31T09:05:21Z,102,0,0,23,0,0,1,1,1,1785487553
2026-07-31T09:05:21Z,103,7,0,23,0,0,1,1,1,1785487812
2026-07-31T09:05:21Z,104,0,0,25,2,0,1,1,1,1785488702
2026-07-31T09:05:21Z,105,16,1,3,0,0,1,1,1,1785486390
2026-07-31T09:05:21Z,106,0,0,21,0,0,1,1,1,1785486390
2026-07-31T09:05:21Z,107,0,0,37,0,0,1,1,1,1785485489
2026-07-31T09:05:21Z,108,16,1,19,0,0,1,1,1,1785486420
2026-07-31T09:05:21Z,109,7,0,16,0,0,1,1,1,1785487673
2026-07-31T09:05:21Z,110,14,2,9,0,0,1,1,1,1785488165
2026-07-31T09:05:21Z,111,0,0,36,0,0,1,1,1,1785479678
2026-07-31T09:05:21Z,112,5,0,9,1,0,1,1,1,1785486691
2026-07-31T09:05:21Z,113,4,0,12,3,0,1,1,1,1785488657
2026-07-31T09:05:21Z,114,6,6,23,1,1,1,1,1,1785488609
2026-07-31T09:05:21Z,115,3,1,23,2,0,1,1,1,1785479033
2026-07-31T09:05:21Z,116,3,3,23,1,0,1,1,1,1785487594
2026-07-31T09:05:21Z,118,20,9,0,3,0,1,1,1,1785488233
2026-07-31T09:05:21Z,119,33,2,1,4,0,1,1,1,1785486691
2026-07-31T09:05:21Z,120,23,1,3,1,0,1,1,1,1785488660
2026-07-31T09:05:21Z,121,6,2,12,0,1,1,1,1,1785488637
2026-07-31T09:05:21Z,122,13,0,7,1,0,1,1,1,1785487594
2026-07-31T09:05:21Z,123,8,1,39,0,0,1,1,1,1785485188
2026-07-31T09:05:21Z,124,32,1,3,0,0,1,1,1,1785486746
2026-07-31T09:05:21Z,125,7,2,16,0,0,1,1,1,1785486991
2026-07-31T09:05:21Z,126,25,2,6,0,0,1,1,1,1785486691
2026-07-31T09:05:21Z,127,8,0,25,2,0,1,1,1,1785488706
2026-07-31T09:05:21Z,128,18,1,1,0,0,1,1,1,1785488201
2026-07-31T09:05:21Z,129,17,1,0,2,0,1,1,1,1785486089
2026-07-31T09:05:21Z,130,4,0,13,0,0,1,1,1,1785488248
2026-07-31T09:05:21Z,131,7,2,2,2,0,1,1,1,1785488201
2026-07-31T09:05:21Z,132,12,5,2,0,1,1,1,1,1785486336
2026-07-31T09:05:21Z,134,5,0,13,5,0,1,1,1,1785488421
2026-07-31T09:05:21Z,135,7,3,11,1,0,1,1,1,1785487900
2026-07-31T09:05:21Z,136,6,0,9,1,7,1,1,1,1785488460
2026-07-31T09:05:21Z,137,6,1,13,0,0,1,1,1,1785486296
2026-07-31T09:05:21Z,138,35,2,2,0,0,1,1,1,1785488644
2026-07-31T09:05:21Z,139,19,5,0,0,0,1,1,1,1785485188
2026-07-31T09:05:21Z,140,17,8,4,2,0,1,1,1,1785488705
2026-07-31T09:05:21Z,141,31,1,5,0,0,1,1,1,1785485909
2026-07-31T09:05:21Z,142,22,1,1,0,0,1,1,1,1785485789
2026-07-31T09:05:21Z,143,13,3,17,1,0,1,1,1,1785487895
2026-07-31T09:05:21Z,144,23,1,4,0,0,1,1,1,1785486390
2026-07-31T09:05:21Z,146,8,1,14,1,0,1,1,1,1785486463
2026-07-31T09:05:21Z,147,10,2,7,2,0,1,1,1,1785488642
2026-07-31T09:05:21Z,148,22,0,4,0,1,1,1,1,1785488659
2026-07-31T09:05:21Z,149,16,4,10,1,0,1,1,1,1785488154
2026-07-31T09:05:21Z,150,31,7,2,2,0,1,1,1,1785488589
2026-07-31T09:05:21Z,151,22,7,1,0,0,1,1,1,1785485600
2026-07-31T09:05:21Z,152,20,1,3,4,0,1,1,1,1785488592
2026-07-31T09:05:21Z,153,12,1,13,6,0,1,1,1,1785488703
2026-07-31T09:05:21Z,154,15,3,5,3,0,1,1,1,1785488644
2026-07-31T09:05:21Z,155,13,4,0,1,0,1,1,1,1785488577
2026-07-31T09:05:21Z,156,16,1,3,0,0,1,1,1,1785488201
2026-07-31T09:05:21Z,157,15,0,10,2,0,1,1,1,1785488418
2026-07-31T09:05:21Z,158,16,2,0,0,0,1,1,1,1785488201
2026-07-31T09:05:21Z,159,5,2,14,0,0,1,1,1,1785488201
2026-07-31T09:05:21Z,160,19,1,0,0,0,1,1,1,1785487895
2026-07-31T09:05:21Z,161,16,1,6,0,0,1,1,1,1785488595
2026-07-31T09:05:21Z,162,10,0,16,1,0,1,1,1,1785488396
2026-07-31T09:05:21Z,163,29,2,2,0,0,1,1,1,1785486691
2026-07-31T09:05:21Z,164,25,7,2,0,0,1,1,1,1785486691
2026-07-31T09:05:21Z,165,22,10,8,1,0,1,1,1,1785487814
2026-07-31T09:05:21Z,166,32,8,3,4,0,1,1,1,1785488710
2026-07-31T09:05:21Z,167,21,10,0,2,0,1,1,1,1785484888
2026-07-31T09:05:21Z,168,21,0,5,1,0,1,1,1,1785488695
2026-07-31T09:05:21Z,169,1,0,21,0,1,1,1,1,1785487293
2026-07-31T09:05:21Z,170,17,4,0,2,0,1,1,1,1785488379
2026-07-31T09:05:21Z,171,10,3,1,2,0,1,1,1,1785488578
2026-07-31T09:05:21Z,173,36,0,3,0,0,1,1,1,1785486839
2026-07-31T09:05:21Z,174,22,1,2,2,0,1,1,1,1785487895
2026-07-31T09:05:21Z,175,7,0,24,0,0,1,1,1,1785487001
2026-07-31T09:05:21Z,176,2,1,12,0,1,1,1,1,1785487016
2026-07-31T09:05:21Z,177,21,1,6,0,0,1,1,1,1785487415
2026-07-31T09:05:21Z,178,2,0,10,2,1,1,1,1,1785488706
2026-07-31T09:05:21Z,179,11,1,3,1,0,1,1,1,1785486089
2026-07-31T09:05:21Z,180,27,0,3,0,0,1,1,1,1785487594
2026-07-31T09:05:21Z,181,14,1,0,1,0,1,1,1,1785488201
2026-07-31T09:05:21Z,182,16,2,1,0,0,1,1,1,1785488013
2026-07-31T09:05:21Z,183,16,0,7,0,0,1,1,1,1785487895
2026-07-31T09:05:21Z,184,0,0,22,1,0,1,1,1,1785488157
2026-07-31T09:05:21Z,185,12,1,0,2,1,1,1,1,1785484888
2026-07-31T09:05:21Z,186,4,1,15,0,0,1,1,1,1785487895
2026-07-31T09:05:21Z,187,8,0,19,1,0,1,1,1,1785484757
2026-07-31T09:05:21Z,188,12,0,7,8,0,1,1,1,1785488548
2026-07-31T09:05:21Z,189,15,4,0,0,0,1,1,1,1785487895
2026-07-31T09:05:21Z,190,4,1,19,0,0,1,1,1,1785488585
2026-07-31T09:05:21Z,191,2,1,37,0,0,1,1,1,1785486690
2026-07-31T09:05:21Z,192,12,4,16,3,0,1,1,1,1785486089
2026-07-31T09:05:21Z,193,2,0,13,0,0,1,1,1,1785488202
2026-07-31T09:05:21Z,194,17,1,9,1,0,1,1,1,1785486691
2026-07-31T09:05:21Z,195,12,1,5,2,0,1,1,1,1785487594
2026-07-31T09:05:21Z,196,24,1,0,3,0,1,1,1,1785488503
2026-07-31T09:05:21Z,197,17,3,0,1,1,1,1,1,1785487492
2026-07-31T09:05:21Z,198,21,16,2,0,0,1,1,1,1785484887
2026-07-31T09:05:21Z,199,7,5,5,3,0,1,1,1,1785487895
2026-07-31T09:05:21Z,200,15,0,10,1,0,1,1,1,1785486390
2026-07-31T09:05:21Z,201,7,3,16,0,0,1,1,1,1785488136
2026-07-31T09:05:21Z,202,0,0,27,0,0,1,1,1,1785486691
2026-07-31T09:05:21Z,203,26,3,4,1,0,1,1,1,1785487252
2026-07-31T09:05:21Z,204,31,1,3,1,0,1,1,1,1785488382
2026-07-31T09:05:21Z,205,12,1,15,0,0,1,1,1,1785482737
2026-07-31T09:05:21Z,206,1,1,13,1,0,1,1,1,1785486448
2026-07-31T09:05:21Z,207,14,0,7,0,0,1,1,1,1785488201
2026-07-31T09:05:21Z,208,2,0,27,0,0,1,1,1,1785486390
2026-07-31T09:05:21Z,209,10,1,19,2,0,1,1,1,1785488608
2026-07-31T09:05:21Z,210,23,2,4,0,0,1,1,1,1785485488
2026-07-31T09:05:21Z,211,15,6,7,1,0,1,1,1,1785487008
2026-07-31T09:05:21Z,212,25,0,9,1,0,1,1,1,1785488492
2026-07-31T09:05:21Z,213,12,1,9,2,0,1,1,1,1785488615
2026-07-31T09:05:21Z,214,29,0,14,4,0,1,1,1,1785488634
2026-07-31T09:05:21Z,215,6,1,16,1,0,1,1,1,1785486390
2026-07-31T09:05:21Z,216,9,0,9,1,0,1,1,1,1785487593
2026-07-31T09:05:21Z,217,9,0,19,1,0,1,1,1,1785488655
2026-07-31T09:05:21Z,218,20,4,17,2,0,1,1,1,1785488088
2026-07-31T09:05:21Z,219,0,0,25,1,0,1,1,1,1785488344
2026-07-31T09:05:21Z,220,24,7,17,1,1,1,1,1,1785484887
2026-07-31T09:05:21Z,221,10,6,4,1,0,1,1,1,1785488108
2026-07-31T09:05:21Z,222,16,12,2,1,0,1,1,1,1785485037
2026-07-31T09:05:21Z,223,8,3,24,3,0,1,1,1,1785488679
2026-07-31T09:05:21Z,224,7,5,14,1,0,1,1,1,1785487750
2026-07-31T09:05:21Z,225,10,0,3,6,0,1,1,1,1785487206
2026-07-31T09:05:21Z,226,30,10,1,0,0,1,1,1,1785487620
2026-07-31T09:05:21Z,227,19,13,7,0,1,1,1,1,1785485181
2026-07-31T09:05:21Z,228,1,0,17,1,0,1,1,1,1785484888
2026-07-31T09:05:21Z,230,16,9,10,0,0,1,1,1,1785486691
2026-07-31T09:05:21Z,232,13,6,3,1,0,1,1,1,1785486390
2026-07-31T09:05:21Z,233,19,0,10,2,0,1,1,1,1785487026
2026-07-31T09:05:21Z,234,8,3,6,3,2,1,1,1,1785487594
2026-07-31T09:05:21Z,236,14,3,5,0,0,1,1,1,1785486991
2026-07-31T09:05:21Z,237,22,4,0,1,0,1,1,1,1785486390
2026-07-31T09:05:21Z,239,23,18,1,3,0,1,1,1,1785486691
2026-07-31T09:05:21Z,241,19,6,4,0,0,1,1,1,1785487895
2026-07-31T09:05:21Z,242,1,1,21,1,0,1,1,1,1785487593
2026-07-31T09:05:21Z,243,12,0,18,1,0,1,1,1,1785487991
2026-07-31T09:05:21Z,244,13,1,13,1,0,1,1,1,1785488405
2026-07-31T09:05:21Z,245,3,3,20,0,0,1,1,1,1785487895
2026-07-31T09:05:21Z,246,13,0,10,0,0,1,1,1,1785487895
2026-07-31T09:05:21Z,247,12,10,10,1,0,1,1,1,1785486381
2026-07-31T09:05:21Z,248,19,4,1,3,0,1,1,1,1785488398
2026-07-31T09:05:21Z,249,2,0,17,0,0,1,1,1,1785488201
2026-07-31T09:05:21Z,250,23,5,4,0,0,1,1,1,1785487895
2026-07-31T09:05:21Z,251,22,5,2,3,0,1,1,1,1785486991
2026-07-31T09:05:21Z,253,7,4,11,1,0,1,1,1,1785488201
2026-07-31T09:05:21Z,254,26,21,16,1,0,1,1,1,1785485789
2026-07-31T09:05:21Z,255,5,0,17,0,1,1,1,1,1785488503
2026-07-31T09:05:21Z,256,10,5,11,2,0,1,1,1,1785485834
2026-07-31T09:05:21Z,257,14,6,4,1,0,1,1,1,1785486690
2026-07-31T09:05:21Z,258,1,0,18,0,0,1,1,1,1785482036
2026-07-31T09:05:21Z,259,20,3,2,0,1,1,1,1,1785487540
2026-07-31T09:05:21Z,260,14,4,2,3,0,1,1,1,1785486424
2026-07-31T09:05:21Z,261,16,0,1,1,1,1,1,1,1785484888
2026-07-31T09:05:21Z,262,20,11,3,0,0,1,1,1,1785488699
2026-07-31T09:05:21Z,263,14,3,1,0,0,1,1,1,1785486991
2026-07-31T09:05:21Z,264,18,6,0,1,0,1,1,1,1785488201
2026-07-31T09:05:21Z,265,15,1,0,0,0,1,1,1,1785488201
2026-07-31T09:05:21Z,266,17,8,0,2,0,1,1,1,1785487292
2026-07-31T09:05:21Z,267,7,3,6,2,0,1,1,1,1785484888
2026-07-31T09:05:21Z,268,23,9,0,0,0,1,1,1,1785484887
2026-07-31T09:05:21Z,269,9,3,13,1,0,1,1,1,1785484888
2026-07-31T09:05:21Z,270,25,3,2,0,0,1,1,1,1785485188
2026-07-31T09:05:21Z,271,0,0,17,2,0,1,1,1,1785486991
2026-07-31T09:05:21Z,272,13,13,9,1,0,1,1,1,1785486390
2026-07-31T09:05:21Z,273,14,5,1,0,0,1,1,1,1785484888
2026-07-31T09:05:21Z,274,18,8,0,1,0,1,1,1,1785487594
2026-07-31T09:05:21Z,275,13,0,6,2,2,1,1,1,1785488442
2026-07-31T09:05:21Z,276,1,0,26,0,0,1,1,1,1785486991
2026-07-31T09:05:21Z,277,12,1,6,5,0,1,1,1,1785488201
2026-07-31T09:05:21Z,278,23,2,5,2,1,1,1,1,1785487967
2026-07-31T09:05:21Z,279,17,0,2,0,0,1,1,1,1785487347
2026-07-31T09:05:21Z,280,10,1,19,2,0,1,1,1,1785488497
2026-07-31T09:05:21Z,281,19,0,0,0,0,1,1,1,1785486089
2026-07-31T09:05:21Z,282,5,2,13,0,0,1,1,1,1785484887
2026-07-31T09:05:21Z,283,34,1,1,0,0,1,1,1,1785486992
2026-07-31T09:05:21Z,284,18,4,15,2,0,1,1,1,1785488133
2026-07-31T09:05:21Z,285,8,7,15,0,0,1,1,1,1785485188
2026-07-31T09:05:21Z,286,16,15,2,5,0,1,1,1,1785488250
2026-07-31T09:05:21Z,287,13,4,7,3,0,1,1,1,1785484887
2026-07-31T09:05:21Z,288,14,10,5,0,0,1,1,1,1785486991
2026-07-31T09:05:21Z,289,24,3,0,3,0,1,1,1,1785488202
2026-07-31T09:05:21Z,290,7,0,31,1,0,1,1,1,1785486991
2026-07-31T09:05:21Z,291,9,2,12,2,0,1,1,1,1785488389
2026-07-31T09:05:21Z,292,22,0,1,0,0,1,1,1,1785485789
2026-07-31T09:05:21Z,293,17,10,6,0,0,1,1,1,1785486991
2026-07-31T09:05:21Z,294,0,0,21,1,0,1,1,1,1785486991
2026-07-31T09:05:21Z,297,11,1,5,2,1,1,1,1,1785488298
2026-07-31T09:05:21Z,301,17,1,2,0,0,1,1,1,1785486691
2026-07-31T09:05:21Z,302,0,0,23,0,0,1,1,1,1785486991
2026-07-31T09:05:21Z,303,19,0,0,0,0,1,1,1,1785485188
2026-07-31T09:05:21Z,304,0,0,0,0,0,0,1,1,86400
2026-07-31T09:05:21Z,305,19,0,0,0,0,1,1,1,1785485188
2026-07-31T09:05:21Z,306,2,0,29,1,0,1,1,1,1785485188
2026-07-31T09:05:21Z,307,17,1,4,1,1,1,1,1,1785488618
2026-07-31T09:05:21Z,308,14,0,3,2,0,1,1,1,1785485188
2026-07-31T09:05:21Z,309,13,3,0,1,0,1,1,1,1785488427
2026-07-31T09:05:21Z,311,15,0,0,0,0,1,1,1,1785486992
2026-07-31T09:05:21Z,312,6,3,12,4,1,1,1,1,1785488628
2026-07-31T09:05:21Z,313,3,1,12,0,0,1,1,1,1785486991
2026-07-31T09:05:21Z,314,4,3,11,3,0,1,1,1,1785486991
2026-07-31T09:05:21Z,315,23,6,6,2,0,1,1,1,1785488608
2026-07-31T09:05:21Z,316,4,1,20,6,1,1,1,1,1785488488
2026-07-31T09:05:21Z,317,0,0,30,0,1,1,1,1,1785488472
2026-07-31T09:05:21Z,318,16,0,3,0,0,1,1,1,1785486991
2026-07-31T09:05:21Z,319,17,3,5,1,0,1,1,1,1785488227
2026-07-31T09:05:21Z,320,18,5,0,1,0,1,1,1,1785487292
2026-07-31T09:05:21Z,321,8,1,7,4,0,1,1,1,1785488418
2026-07-31T09:05:21Z,322,5,1,23,1,0,1,1,1,1785484798
2026-07-31T09:05:21Z,323,8,0,11,0,0,1,1,1,1785487292
2026-07-31T09:05:21Z,324,7,2,19,1,0,1,1,1,1785488703
2026-07-31T09:05:21Z,325,4,3,21,2,0,1,1,1,1785484701
2026-07-31T09:05:21Z,327,25,0,1,1,0,1,1,1,1785487896
2026-07-31T09:05:21Z,328,20,0,1,1,0,1,1,1,1785484794
2026-07-31T09:05:21Z,329,17,0,0,2,0,1,1,1,1785487643
2026-07-31T09:05:21Z,330,3,0,19,0,0,1,1,1,1785485188
2026-07-31T09:05:21Z,331,12,3,10,1,0,1,1,1,1785487675
2026-07-31T09:05:21Z,332,10,3,7,2,0,1,1,1,1785487292
2026-07-31T09:05:21Z,333,2,1,20,1,0,1,1,1,1785487896
2026-07-31T09:05:21Z,334,11,8,12,0,0,1,1,1,1785487804
2026-07-31T09:05:21Z,335,3,2,18,1,1,1,1,1,1785487292
2026-07-31T09:05:21Z,336,18,2,1,0,0,1,1,1,1785487293
2026-07-31T09:05:21Z,337,17,3,1,5,0,1,1,1,1785488484
2026-07-31T09:05:21Z,338,17,8,2,0,0,1,1,1,1785487389
2026-07-31T09:05:21Z,339,19,10,3,1,0,1,1,1,1785487586
2026-07-31T09:05:21Z,340,13,11,1,1,0,1,1,1,1785487293
2026-07-31T09:05:21Z,341,11,4,8,0,0,1,1,1,1785487352
2026-07-31T09:05:21Z,342,13,7,0,2,0,1,1,1,1785487292
2026-07-31T09:05:21Z,343,21,1,1,1,0,1,1,1,1785487543
2026-07-31T09:05:21Z,344,23,9,0,0,0,1,1,1,1785488186
2026-07-31T09:05:21Z,345,19,3,0,0,0,1,1,1,1785487292
2026-07-31T09:05:21Z,346,8,6,15,0,0,1,1,1,1785487895
2026-07-31T09:05:21Z,347,0,0,42,2,0,1,1,1,1785488704
2026-07-31T09:05:21Z,348,21,3,0,1,1,1,1,1,1785488423
2026-07-31T09:05:21Z,349,6,1,13,0,0,1,1,1,1785487293
2026-07-31T09:05:21Z,350,24,3,1,1,1,1,1,1,1785487293
2026-07-31T09:05:21Z,351,20,3,0,3,0,1,1,1,1785488414
2026-07-31T09:05:21Z,355,23,1,0,0,0,1,1,1,1785487293
2026-07-31T09:05:21Z,356,18,2,1,0,0,1,1,1,1785487013
2026-07-31T09:05:21Z,357,13,4,6,0,0,1,1,1,1785485188
2026-07-31T09:05:21Z,358,24,4,2,1,0,1,1,1,1785487594
2026-07-31T09:05:21Z,359,22,0,5,0,0,1,1,1,1785487594
2026-07-31T09:05:21Z,360,16,4,1,2,0,1,1,1,1785487594
2026-07-31T09:05:21Z,362,17,5,0,2,0,1,1,1,1785487292
2026-07-31T09:05:21Z,363,0,0,27,0,0,1,1,1,1785488201
2026-07-31T09:05:21Z,364,19,3,0,0,0,1,1,1,1785487896
2026-07-31T09:05:21Z,365,17,5,3,3,0,1,1,1,1785488201
2026-07-31T09:05:21Z,366,15,8,1,7,0,1,1,1,1785488529
2026-07-31T09:05:21Z,367,16,9,1,2,0,1,1,1,1785487292
2026-07-31T09:05:21Z,368,20,3,1,2,0,1,1,1,1785486991
2026-07-31T09:05:21Z,370,15,8,12,0,0,1,1,1,1785487896
2026-07-31T09:05:21Z,371,4,2,14,1,0,1,1,1,1785484735
2026-07-31T09:05:21Z,372,8,2,7,0,0,1,1,1,1785487594
2026-07-31T09:05:21Z,373,24,8,3,0,0,1,1,1,1785486433
2026-07-31T09:05:21Z,374,17,7,0,2,0,1,1,1,1785488145
2026-07-31T09:05:21Z,375,20,5,4,3,0,1,1,1,1785487593
2026-07-31T09:05:21Z,376,28,2,5,6,0,1,1,1,1785488304
2026-07-31T09:05:21Z,377,25,9,2,0,0,1,1,1,1785487594
2026-07-31T09:05:21Z,378,22,5,0,1,1,1,1,1,1785488689
2026-07-31T09:05:21Z,379,14,0,13,0,0,1,1,1,1785487594
2026-07-31T09:05:21Z,380,21,7,1,1,0,1,1,1,1785488227
2026-07-31T09:05:21Z,381,14,0,9,0,0,1,1,1,1785488686
2026-07-31T09:05:21Z,383,12,0,1,2,0,1,1,1,1785487895
2026-07-31T09:05:21Z,384,26,1,0,1,0,1,1,1,1785487594
2026-07-31T09:05:21Z,385,14,2,2,2,0,1,1,1,1785487594
2026-07-31T09:05:21Z,387,21,2,2,0,0,1,1,1,1785488243
2026-07-31T09:05:21Z,388,16,3,33,0,0,1,1,1,1785485188
2026-07-31T09:05:21Z,389,9,8,6,0,0,1,1,1,1785487293
2026-07-31T09:05:21Z,390,18,0,17,0,0,1,1,1,1785488201
2026-07-31T09:05:21Z,391,4,0,10,1,0,1,1,1,1785487292
2026-07-31T09:05:21Z,392,3,3,15,1,0,1,1,1,1785488640
2026-07-31T09:05:21Z,393,3,3,5,3,0,1,1,1,1785487292
2026-07-31T09:05:21Z,394,9,6,2,2,0,1,1,1,1785487594
2026-07-31T09:05:21Z,396,7,7,32,3,0,1,1,1,1785487595
2026-07-31T09:05:21Z,397,4,4,27,0,0,1,1,1,1785488201
2026-07-31T09:05:21Z,399,13,2,2,2,0,1,1,1,1785487594
2026-07-31T09:05:21Z,400,11,6,9,3,0,1,1,1,1785487593
2026-07-31T09:05:21Z,401,9,0,22,8,0,1,1,1,1785487384
2026-07-31T09:05:21Z,403,3,0,26,2,0,1,1,1,1785488444
2026-07-31T09:05:21Z,404,2,1,20,1,0,1,1,1,1785486690
2026-07-31T09:05:21Z,406,2,0,32,1,0,1,1,1,1785486993
2026-07-31T09:05:21Z,407,16,3,17,1,0,1,1,1,1785484887
2026-07-31T09:05:21Z,408,12,2,20,1,0,1,1,1,1785480622
2026-07-31T09:05:21Z,409,0,0,20,3,0,1,1,1,1785474552
2026-07-31T09:05:21Z,413,21,5,0,2,0,1,1,1,1785488201
2026-07-31T09:05:21Z,414,13,4,1,1,0,1,1,1,1785485488
2026-07-31T09:05:21Z,417,11,7,8,0,0,1,1,1,1785488201
2026-07-31T09:05:21Z,418,1,0,13,1,0,1,1,1,1785488201
2026-07-31T09:05:21Z,419,10,0,12,1,0,1,1,1,1785487895
2026-07-31T09:05:21Z,421,1,0,18,0,0,1,1,1,1785488201
2026-07-31T09:05:21Z,422,2,2,24,1,0,1,1,1,1785487961
2026-07-31T09:05:21Z,423,6,1,17,0,0,1,1,1,1785477801
2026-07-31T09:05:21Z,424,2,1,10,3,0,1,1,1,1785488602
2026-07-31T09:05:21Z,425,20,0,1,0,1,1,1,1,1785485489
2026-07-31T09:05:21Z,426,0,0,35,2,0,1,1,1,1785483994
2026-07-31T09:05:21Z,427,14,1,0,1,0,1,1,1,1785488454
2026-07-31T09:05:21Z,428,14,1,4,1,0,1,1,1,1785488201
2026-07-31T09:05:21Z,429,1,0,20,2,0,1,1,1,1785488273
2026-07-31T09:05:21Z,430,28,0,0,3,0,1,1,1,1785485488
2026-07-31T09:05:21Z,431,15,0,17,1,0,1,1,1,1785488642
2026-07-31T09:05:21Z,432,18,0,11,2,0,1,1,1,1785488201
2026-07-31T09:05:21Z,433,19,6,3,1,0,1,1,1,1785488201
2026-07-31T09:05:21Z,437,3,1,15,1,0,1,1,1,1785487897
2026-07-31T09:05:21Z,438,17,0,1,1,0,1,1,1,1785488613
2026-07-31T09:05:21Z,439,5,0,10,0,0,1,1,1,1785488201
2026-07-31T09:05:21Z,440,13,1,0,2,0,1,1,1,1785488201
2026-07-31T09:05:21Z,441,10,2,4,1,0,1,1,1,1785485488
2026-07-31T09:05:21Z,442,17,9,1,1,0,1,1,1,1785487895
2026-07-31T09:05:21Z,443,4,2,23,0,0,1,1,1,1785485488
2026-07-31T09:05:21Z,444,2,2,21,0,0,1,1,1,1785485488
2026-07-31T09:05:21Z,445,7,2,15,1,0,1,1,1,1785488524
2026-07-31T09:05:21Z,446,1,1,21,1,0,1,1,1,1785487896
2026-07-31T09:05:21Z,447,3,0,18,1,1,1,1,1,1785485488
2026-07-31T09:05:21Z,448,9,4,5,1,0,1,1,1,1785487895
2026-07-31T09:05:21Z,452,8,6,10,1,0,1,1,1,1785487661
2026-07-31T09:05:21Z,453,6,5,8,1,0,1,1,1,1785488004
2026-07-31T09:05:21Z,454,9,0,10,0,0,1,1,1,1785488201
2026-07-31T09:05:21Z,455,0,0,39,0,0,1,1,1,1785487895
2026-07-31T09:05:21Z,456,9,0,10,1,0,1,1,1,1785488456
2026-07-31T09:05:21Z,457,25,2,0,2,0,1,1,1,1785487895
2026-07-31T09:05:21Z,458,15,6,8,0,0,1,1,1,1785487229
2026-07-31T09:05:21Z,459,15,0,0,0,0,1,1,1,1785485789
2026-07-31T09:05:21Z,460,20,2,2,1,0,1,1,1,1785484847
2026-07-31T09:05:21Z,461,5,1,14,0,0,1,1,1,1785487878
2026-07-31T09:05:21Z,462,9,0,12,0,0,1,1,1,1785487895
2026-07-31T09:05:21Z,463,13,1,6,0,0,1,1,1,1785487897
2026-07-31T09:05:21Z,464,3,1,11,0,0,1,1,1,1785485789
2026-07-31T09:05:21Z,465,0,0,14,1,0,1,1,1,1785485789
2026-07-31T09:05:21Z,466,11,3,2,2,0,1,1,1,1785485789
2026-07-31T09:05:21Z,467,5,1,13,1,0,1,1,1,1785471818
2026-07-31T09:05:21Z,468,17,1,1,1,0,1,1,1,1785485789
2026-07-31T09:05:21Z,469,2,1,21,0,0,1,1,1,1785487896
2026-07-31T09:05:21Z,470,13,1,0,2,0,1,1,1,1785488612
2026-07-31T09:05:21Z,471,22,2,5,0,0,1,1,1,1785487895
2026-07-31T09:05:21Z,472,18,6,0,1,0,1,1,1,1785488578
2026-07-31T09:05:21Z,473,19,5,0,0,0,1,1,1,1785485789
2026-07-31T09:05:21Z,474,17,0,2,0,0,1,1,1,1785488001
2026-07-31T09:05:21Z,475,3,0,15,1,0,1,1,1,1785485789
2026-07-31T09:05:21Z,477,11,8,3,1,0,1,1,1,1785486182
2026-07-31T09:05:21Z,478,6,0,24,1,0,1,1,1,1785485789
2026-07-31T09:05:21Z,479,1,1,24,2,0,1,1,1,1785487379
2026-07-31T09:05:21Z,480,2,0,10,3,0,1,1,1,1785485789
2026-07-31T09:05:21Z,481,27,1,7,1,0,1,1,1,1785488657
2026-07-31T09:05:21Z,482,18,6,1,0,0,1,1,1,1785484337
2026-07-31T09:05:21Z,483,2,0,23,2,0,1,1,1,1785488559
2026-07-31T09:05:21Z,484,8,2,10,1,0,1,1,1,1785488615
2026-07-31T09:05:21Z,485,16,6,1,1,1,1,1,1,1785488629
2026-07-31T09:05:21Z,486,25,6,0,2,0,1,1,1,1785488611
2026-07-31T09:05:21Z,487,7,4,11,1,0,1,1,1,1785486902
2026-07-31T09:05:21Z,489,12,6,3,0,0,1,1,1,1785488501
2026-07-31T09:05:21Z,490,2,1,14,0,0,1,1,1,1785486473
2026-07-31T09:05:21Z,491,4,1,17,0,0,1,1,1,1785486090
2026-07-31T09:05:21Z,492,5,3,2,4,0,1,1,1,1785488706
2026-07-31T09:05:21Z,493,0,0,26,1,0,1,1,1,1785487895
2026-07-31T09:05:21Z,495,10,0,2,3,0,1,1,1,1785487895
2026-07-31T09:05:21Z,496,27,1,0,0,0,1,1,1,1785486089
2026-07-31T09:05:21Z,497,17,0,1,1,0,1,1,1,1785488201
2026-07-31T09:05:21Z,498,22,3,0,1,0,1,1,1,1785486119
2026-07-31T09:05:21Z,499,17,1,1,1,0,1,1,1,1785487896
2026-07-31T09:05:21Z,500,8,4,1,6,0,1,1,1,1785487895
2026-07-31T09:05:21Z,501,10,4,11,0,0,1,1,1,1785487896
2026-07-31T09:05:21Z,502,6,0,13,0,0,1,1,1,1785486089
2026-07-31T09:05:21Z,503,26,0,4,1,0,1,1,1,1785487895
2026-07-31T09:05:21Z,504,0,0,39,0,0,1,1,1,1785486562
2026-07-31T09:05:21Z,505,10,1,1,1,0,1,1,1,1785487586
2026-07-31T09:05:21Z,511,2,1,21,0,0,1,1,1,1785486354
2026-07-31T09:05:21Z,512,7,0,20,0,0,1,1,1,1785487895
2026-07-31T09:05:21Z,514,10,0,0,1,0,1,1,1,1785486089
2026-07-31T09:05:21Z,515,2,0,17,0,0,1,1,1,1785487895
2026-07-31T09:05:21Z,516,0,0,27,0,0,1,1,1,1785484039
2026-07-31T09:05:21Z,517,14,3,8,1,0,1,1,1,1785486090
2026-07-31T09:05:21Z,518,14,1,0,1,0,1,1,1,1785486390
2026-07-31T09:05:21Z,519,4,0,13,2,0,1,1,1,1785487925
2026-07-31T09:05:21Z,520,11,7,10,5,1,1,1,1,1785488705
2026-07-31T09:05:21Z,521,18,5,5,0,0,1,1,1,1785487895
2026-07-31T09:05:21Z,522,0,0,22,1,0,1,1,1,1785486390
2026-07-31T09:05:21Z,523,6,3,16,1,0,1,1,1,1785487895
2026-07-31T09:05:21Z,524,1,0,22,0,0,1,1,1,1785486695
2026-07-31T09:05:21Z,525,9,0,10,0,0,1,1,1,1785488201
2026-07-31T09:05:21Z,526,13,1,0,2,0,1,1,1,1785486390
2026-07-31T09:05:21Z,527,6,4,17,3,0,1,1,1,1785488669
2026-07-31T09:05:21Z,528,21,2,1,1,0,1,1,1,1785486390
2026-07-31T09:05:21Z,529,6,3,7,6,0,1,1,1,1785488705
2026-07-31T09:05:21Z,530,16,1,3,2,0,1,1,1,1785488201
2026-07-31T09:05:21Z,531,21,1,0,1,1,1,1,1,1785488201
2026-07-31T09:05:21Z,532,3,3,27,1,0,1,1,1,1785488341
2026-07-31T09:05:21Z,533,8,1,9,2,0,1,1,1,1785486390
2026-07-31T09:05:21Z,534,16,2,7,0,0,1,1,1,1785488202
2026-07-31T09:05:21Z,535,2,0,13,0,0,1,1,1,1785486390
2026-07-31T09:05:21Z,536,1,0,22,0,0,1,1,1,1785488201
2026-07-31T09:05:21Z,537,1,1,19,0,0,1,1,1,1785488280
2026-07-31T09:05:21Z,538,21,8,0,0,2,1,1,1,1785488415
2026-07-31T09:05:21Z,539,5,5,26,0,0,1,1,1,1785488201
2026-07-31T09:05:21Z,540,2,1,17,0,0,1,1,1,1785486391
2026-07-31T09:05:21Z,541,26,2,0,1,0,1,1,1,1785486390
2026-07-31T09:05:21Z,542,2,2,21,0,0,1,1,1,1785486390
2026-07-31T09:05:21Z,543,17,2,1,1,0,1,1,1,1785488201
2026-07-31T09:05:21Z,544,14,1,4,4,0,1,1,1,1785486390
2026-07-31T09:05:21Z,545,0,0,17,2,0,1,1,1,1785486390
2026-07-31T09:05:21Z,546,15,7,4,0,0,1,1,1,1785487438
2026-07-31T09:05:21Z,547,19,0,6,0,0,1,1,1,1785488201
2026-07-31T09:05:21Z,548,14,1,9,0,0,1,1,1,1785486390
2026-07-31T09:05:21Z,549,20,0,3,0,0,1,1,1,1785486390
2026-07-31T09:05:21Z,550,17,2,2,0,0,1,1,1,1785486390
2026-07-31T09:05:21Z,551,16,4,7,0,0,1,1,1,1785486390
2026-07-31T09:05:21Z,552,27,3,0,0,0,1,1,1,1785486390
2026-07-31T09:05:21Z,553,20,4,1,1,1,1,1,1,1785488656
2026-07-31T09:05:21Z,554,1,1,18,0,0,1,1,1,1785486691
2026-07-31T09:05:21Z,555,14,6,0,1,0,1,1,1,1785488201
2026-07-31T09:05:21Z,556,21,4,0,2,0,1,1,1,1785488468
2026-07-31T09:05:21Z,557,6,4,12,5,0,1,1,1,1785488202
2026-07-31T09:05:21Z,558,27,4,10,0,0,1,1,1,1785488201
2026-07-31T09:05:21Z,559,0,0,18,1,0,1,1,1,1785486390
2026-07-31T09:05:21Z,560,9,0,18,0,0,1,1,1,1785488201
2026-07-31T09:05:21Z,561,13,1,9,1,0,1,1,1,1785486390
2026-07-31T09:05:21Z,562,3,0,29,3,0,1,1,1,1785486691
2026-07-31T09:05:21Z,563,11,1,3,0,0,1,1,1,1785482241
2026-07-31T09:05:21Z,564,12,0,6,1,0,1,1,1,1785488201
2026-07-31T09:05:21Z,565,7,2,12,0,0,1,1,1,1785487917
2026-07-31T09:05:21Z,566,16,0,2,1,0,1,1,1,1785488576
2026-07-31T09:05:21Z,567,25,1,1,1,0,1,1,1,1785485492
2026-07-31T09:05:21Z,568,13,0,5,1,0,1,1,1,1785486691
2026-07-31T09:05:21Z,569,17,3,2,0,0,1,1,1,1785486691
2026-07-31T09:05:21Z,570,13,1,6,0,0,1,1,1,1785486691
2026-07-31T09:05:21Z,571,0,0,23,0,0,1,1,1,1785486691
2026-07-31T09:05:21Z,572,16,5,2,1,0,1,1,1,1785488201
2026-07-31T09:05:21Z,573,13,0,2,0,0,1,1,1,1785486691
2026-07-31T09:05:21Z,574,10,3,5,0,0,1,1,1,1785487852
2026-07-31T09:05:21Z,575,5,0,15,1,0,1,1,1,1785488201
2026-07-31T09:05:21Z,576,3,0,14,2,0,1,1,1,1785488201
2026-07-31T09:05:21Z,577,13,0,18,0,0,1,1,1,1785488201
2026-07-31T09:05:21Z,578,15,10,7,1,0,1,1,1,1785486996
2026-07-31T09:05:21Z,579,4,0,39,0,0,1,1,1,1785482722
2026-07-31T09:05:21Z,580,4,0,25,0,0,1,1,1,1785486691
2026-07-31T09:05:21Z,581,18,2,1,0,0,1,1,1,1785487551
2026-07-31T09:05:21Z,582,22,0,38,1,0,1,1,1,1785488669
2026-07-31T09:05:21Z,583,23,1,0,0,0,1,1,1,1785486691
2026-07-31T09:05:21Z,584,9,4,6,4,0,1,1,1,1785486691
2026-07-31T09:05:21Z,585,16,3,10,0,1,1,1,1,1785488201
2026-07-31T09:05:21Z,586,13,0,22,0,0,1,1,1,1785488201
2026-07-31T09:05:21Z,587,19,0,4,1,0,1,1,1,1785488186
2026-07-31T09:05:21Z,588,11,3,5,3,0,1,1,1,1785488511
2026-07-31T09:05:21Z,589,0,0,0,23,0,1,1,1,1785488582
2026-07-31T09:05:21Z,590,19,4,11,1,0,1,1,1,1785479272
2026-07-31T09:05:21Z,591,28,1,0,2,0,1,1,1,1785486691
2026-07-31T09:05:21Z,592,12,0,11,0,0,1,1,1,1785483987
2026-07-31T09:05:21Z,593,0,0,38,0,0,1,1,1,1785488201
2026-07-31T09:05:21Z,594,6,0,12,3,0,1,1,1,1785488573
2026-07-31T09:05:21Z,595,0,0,3,0,0,0,1,1,1784046673
2026-07-31T09:05:21Z,605,0,0,2,1,0,0,1,1,1783975843
2026-07-31T09:05:21Z,606,0,0,0,0,0,0,1,1,86400
2026-07-31T09:05:21Z,607,9,1,22,1,0,1,1,1,1785488201
2026-07-31T09:05:21Z,608,1,0,49,0,0,1,1,1,1785486736
2026-07-31T09:05:21Z,609,2,0,21,0,0,1,1,1,1785488201
2026-07-31T09:05:21Z,610,0,0,35,0,0,1,1,1,1785488201
2026-07-31T09:05:21Z,611,12,0,14,1,0,1,1,1,1785488201
2026-07-31T09:05:21Z,612,6,1,9,0,0,1,1,1,1785486691
2026-07-31T09:05:21Z,613,9,0,3,3,0,1,1,1,1785488202
2026-07-31T09:05:21Z,614,1,1,23,2,1,1,1,1,1785486629
2026-07-31T09:05:21Z,617,12,0,1,2,0,1,1,1,1785486691
2026-07-31T09:05:21Z,618,13,2,1,5,0,1,1,1,1785486690
2026-07-31T09:05:21Z,619,7,2,12,0,0,1,1,1,1785488201
2026-07-31T09:05:21Z,620,0,0,27,0,0,1,1,1,1785488201
2026-07-31T09:05:21Z,621,7,2,15,1,0,1,1,1,1785488201
2026-07-31T09:05:21Z,622,5,2,17,1,0,1,1,1,1785488201
2026-07-31T09:05:21Z,623,9,2,20,1,0,1,1,1,1785488201
2026-07-31T09:05:21Z,624,2,0,13,0,0,1,1,1,1785486691
2026-07-31T09:05:21Z,625,5,0,14,2,0,1,1,1,1785488201
2026-07-31T09:05:21Z,626,0,0,45,0,2,1,1,1,1785469585
2026-07-31T09:05:21Z,627,13,6,6,0,0,1,1,1,1785488201
2026-07-31T09:05:21Z,628,0,0,15,2,2,1,1,1,1785488438
2026-07-31T09:05:21Z,629,4,1,6,1,0,1,1,1,1785488494
2026-07-31T09:05:21Z,630,3,2,21,3,0,1,1,1,1785488622
2026-07-31T09:05:21Z,631,2,1,21,0,0,1,1,1,1785488201
2026-07-31T09:05:21Z,632,22,2,0,1,0,1,1,1,1785488201
2026-07-31T09:05:21Z,633,11,1,0,4,0,1,1,1,1785488477
2026-07-31T09:05:21Z,634,11,2,8,0,0,1,1,1,1785486991
2026-07-31T09:05:21Z,635,17,1,2,0,0,1,1,1,1785488201
2026-07-31T09:05:21Z,636,10,2,5,0,0,1,1,1,1785488201
2026-07-31T09:05:21Z,637,8,0,11,0,0,1,1,1,1785488201
2026-07-31T09:05:21Z,638,9,2,8,2,0,1,1,1,1785488216
2026-07-31T09:05:21Z,639,5,1,11,3,0,1,1,1,1785479066
2026-07-31T09:05:21Z,640,1,1,21,1,0,1,1,1,1785488622
2026-07-31T09:05:21Z,641,21,1,3,2,0,1,1,1,1785487278
2026-07-31T09:05:21Z,642,4,2,7,8,0,1,1,1,1785488706
2026-07-31T09:05:21Z,643,2,0,17,8,0,1,1,1,1785488710
2026-07-31T09:05:21Z,644,12,0,2,1,0,1,1,1,1785486991
2026-07-31T09:05:21Z,645,11,0,10,1,1,1,1,1,1785488495
2026-07-31T09:05:21Z,646,7,2,12,0,0,1,1,1,1785488501
2026-07-31T09:05:21Z,647,31,1,0,0,0,1,1,1,1785469507
2026-07-31T09:05:21Z,648,6,0,12,1,0,1,1,1,1785488201
2026-07-31T09:05:21Z,649,19,2,11,1,0,1,1,1,1785488237
2026-07-31T09:05:21Z,650,5,1,9,0,0,1,1,1,1785488201
2026-07-31T09:05:21Z,651,11,9,12,0,0,1,1,1,1785482207
2026-07-31T09:05:21Z,652,4,2,17,2,0,1,1,1,1785488611
2026-07-31T09:05:21Z,653,8,1,9,2,0,1,1,1,1785488201
2026-07-31T09:05:21Z,654,2,2,13,0,0,1,1,1,1785488202
2026-07-31T09:05:21Z,655,6,3,2,4,1,1,1,1,1785488514
2026-07-31T09:05:21Z,656,18,6,1,0,0,1,1,1,1785488201
2026-07-31T09:05:21Z,657,9,1,3,2,3,1,1,1,1785488550
2026-07-31T09:05:21Z,658,9,1,1,0,0,1,1,1,1785473427
2026-07-31T09:05:21Z,659,8,3,5,2,0,1,1,1,1785488201
2026-07-31T09:05:21Z,660,13,0,14,4,0,1,1,1,1785486756
2026-07-31T09:05:21Z,661,1,1,18,0,0,1,1,1,1785488202
2026-07-31T09:05:21Z,662,7,5,14,2,0,1,1,1,1785480458
2026-07-31T09:05:21Z,663,14,6,0,1,0,1,1,1,1785488201
2026-07-31T09:05:21Z,664,0,0,27,0,0,1,1,1,1785472715
2026-07-31T09:05:21Z,665,12,3,3,0,0,1,1,1,1785488202
2026-07-31T09:05:21Z,666,7,2,6,2,0,1,1,1,1785488201
2026-07-31T09:05:21Z,667,0,0,19,0,0,1,1,1,1785486991
2026-07-31T09:05:21Z,668,10,1,8,1,0,1,1,1,1785488201
2026-07-31T09:05:21Z,669,14,5,0,0,0,1,1,1,1785488201
2026-07-31T09:05:21Z,670,11,2,16,0,0,1,1,1,1785486992
2026-07-31T09:05:21Z,671,24,5,2,1,0,1,1,1,1785488201
2026-07-31T09:05:21Z,672,13,2,6,3,1,1,1,1,1785486991
2026-07-31T09:05:21Z,673,12,1,9,2,0,1,1,1,1785488625
2026-07-31T09:05:21Z,674,3,2,17,3,0,1,1,1,1785488394
2026-07-31T09:05:21Z,675,12,6,1,2,0,1,1,1,1785488423
2026-07-31T09:05:21Z,676,6,1,15,1,0,1,1,1,1785488643
2026-07-31T09:05:21Z,681,12,3,1,2,0,1,1,1,1785488201
2026-07-31T09:05:21Z,682,4,1,14,1,0,1,1,1,1785486991
2026-07-31T09:05:21Z,683,4,1,15,0,0,1,1,1,1785488334
2026-07-31T09:05:21Z,684,3,0,24,0,0,1,1,1,1785487883
2026-07-31T09:05:21Z,685,10,0,15,1,1,1,1,1,1785488201
2026-07-31T09:05:21Z,686,11,0,14,1,1,1,1,1,1785488095
2026-07-31T09:05:21Z,687,11,0,18,1,1,1,1,1,1785488612
2026-07-31T09:05:21Z,688,10,0,2,7,0,1,1,1,1785488678
2026-07-31T09:05:21Z,692,4,1,17,0,0,1,1,1,1785488150
2026-07-31T09:05:21Z,693,5,0,3,3,0,1,1,1,1785488200
2026-07-31T09:05:21Z,694,9,5,12,0,0,1,1,1,1785486923
2026-07-31T09:05:21Z,695,17,11,6,0,0,1,1,1,1785487057
2026-07-31T09:05:21Z,696,19,14,3,1,0,1,1,1,1785488200
2026-07-31T09:05:21Z,697,20,1,3,0,0,1,1,1,1785488607
2026-07-31T09:05:21Z,698,26,0,1,0,0,1,1,1,1785487932
2026-07-31T09:05:21Z,699,7,0,7,1,0,1,1,1,1785488201
2026-07-31T09:05:21Z,700,19,4,0,0,0,1,1,1,1785487599
2026-07-31T09:05:21Z,701,17,6,2,0,0,1,1,1,1785488200
2026-07-31T09:05:21Z,702,18,0,4,1,0,1,1,1,1785488049
2026-07-31T09:05:21Z,704,9,2,6,0,0,1,1,1,1785488247
2026-07-31T09:05:21Z,705,5,3,9,1,0,1,1,1,1785488200
2026-07-31T09:05:21Z,706,12,2,0,3,0,1,1,1,1785486994
2026-07-31T09:05:21Z,707,10,2,5,0,0,1,1,1,1785487639
2026-07-31T09:05:21Z,708,19,3,0,0,0,1,1,1,1785488201
2026-07-31T09:05:21Z,709,11,1,1,3,0,1,1,1,1785488200
2026-07-31T09:05:21Z,710,16,3,2,1,0,1,1,1,1785488200
2026-07-31T09:05:21Z,711,19,4,0,4,0,1,1,1,1785487135
2026-07-31T09:05:21Z,712,15,10,0,0,0,1,1,1,1785487013
2026-07-31T09:05:21Z,713,6,0,17,0,0,1,1,1,1785488200
2026-07-31T09:05:21Z,716,3,1,12,0,0,1,1,1,1785488331
2026-07-31T09:05:21Z,717,2,1,20,3,0,1,1,1,1785487431
2026-07-31T09:05:21Z,718,3,1,11,1,0,1,1,1,1785488200
2026-07-31T09:05:21Z,719,7,1,22,0,0,1,1,1,1785488407
2026-07-31T09:05:21Z,720,2,1,17,0,0,1,1,1,1785488200
2026-07-31T09:05:21Z,721,0,0,21,2,0,1,1,1,1785488444
2026-07-31T09:05:21Z,722,5,0,10,0,0,1,1,1,1785488200
2026-07-31T09:05:21Z,723,12,1,11,0,0,1,1,1,1785487894
2026-07-31T09:05:21Z,724,21,4,2,0,0,1,1,1,1785488592
2026-07-31T09:05:21Z,725,22,6,0,1,0,1,1,1,1785488200
2026-07-31T09:05:21Z,726,19,3,0,0,0,1,1,1,1785488366
2026-07-31T09:05:21Z,727,9,4,12,2,0,1,1,1,1785488391
2026-07-31T09:05:21Z,728,9,0,5,1,0,1,1,1,1785487953
2026-07-31T09:05:21Z,729,6,0,13,0,0,1,1,1,1785488200
2026-07-31T09:05:21Z,730,3,2,10,2,0,1,1,1,1785488547
2026-07-31T09:05:21Z,731,10,3,4,1,0,1,1,1,1785487658
2026-07-31T09:05:21Z,732,9,5,6,0,0,1,1,1,1785488697
2026-07-31T09:05:21Z,733,4,0,23,0,0,1,1,1,1785487667
2026-07-31T09:05:21Z,734,0,0,14,0,0,1,1,1,1785488659
2026-07-31T09:05:21Z,735,4,3,23,0,0,1,1,1,1785487895
2026-07-31T09:05:21Z,736,7,1,12,0,0,1,1,1,1785488088
2026-07-31T09:05:21Z,737,4,3,10,0,1,1,1,1,1785488216
2026-07-31T09:05:21Z,738,17,6,0,2,0,1,1,1,1785488200
2026-07-31T09:05:21Z,739,19,2,7,1,0,1,1,1,1785487688
2026-07-31T09:05:21Z,741,7,1,16,0,0,1,1,1,1785487979
2026-07-31T09:05:21Z,742,5,0,27,3,0,1,1,1,1785488245
2026-07-31T09:05:21Z,743,8,3,9,2,0,1,1,1,1785488200
2026-07-31T09:05:21Z,744,11,4,3,1,0,1,1,1,1785488355
2026-07-31T09:05:21Z,745,14,4,4,1,0,1,1,1,1785488362
2026-07-31T09:05:21Z,746,12,3,9,2,0,1,1,1,1785487335
2026-07-31T09:05:21Z,747,0,0,4,0,0,0,1,1,1783446606
2026-07-31T09:05:21Z,748,10,1,13,0,0,1,1,1,1785487330
2026-07-31T09:05:21Z,749,7,5,15,1,0,1,1,1,1785487244
2026-07-31T09:05:21Z,750,4,2,7,0,0,1,1,1,1785487894
2026-07-31T09:05:21Z,751,8,0,15,0,0,1,1,1,1785488585
2026-07-31T09:05:21Z,752,13,1,3,1,0,1,1,1,1785488200
2026-07-31T09:05:21Z,753,4,0,11,0,0,1,1,1,1785488495
2026-07-31T09:05:21Z,754,1,1,13,1,0,1,1,1,1785488200
2026-07-31T09:05:21Z,755,12,3,10,1,0,1,1,1,1785487215
2026-07-31T09:05:21Z,756,2,0,35,0,0,1,1,1,1785487923
2026-07-31T09:05:21Z,757,18,9,1,0,0,1,1,1,1785488201
2026-07-31T09:05:21Z,758,22,3,1,0,0,1,1,1,1785487871
2026-07-31T09:05:21Z,759,5,3,10,0,0,1,1,1,1785488477
2026-07-31T09:05:21Z,760,8,3,11,0,0,1,1,1,1785488200
2026-07-31T09:05:21Z,761,16,0,7,0,0,1,1,1,1785488201
2026-07-31T09:05:21Z,762,7,4,4,4,0,1,1,1,1785488200
2026-07-31T09:05:21Z,768,8,0,8,3,0,1,1,1,1785488586
2026-07-31T09:05:21Z,769,16,12,3,0,0,1,1,1,1785488210
2026-07-31T09:05:21Z,770,11,3,6,2,0,1,1,1,1785488146
2026-07-31T09:05:21Z,771,13,3,1,1,0,1,1,1,1785488200
2026-07-31T09:05:21Z,772,7,3,8,0,0,1,1,1,1785488205
2026-07-31T09:05:21Z,773,15,4,4,0,0,1,1,1,1785488201
2026-07-31T09:05:21Z,774,9,5,3,3,0,1,1,1,1785488200
2026-07-31T09:05:21Z,775,6,0,11,1,1,1,1,1,1785488308
2026-07-31T09:05:21Z,776,3,1,17,1,0,1,1,1,1785488365
2026-07-31T09:05:21Z,777,10,0,2,3,0,1,1,1,1785488201
2026-07-31T09:05:21Z,778,13,0,3,3,0,1,1,1,1785488261
2026-07-31T09:05:21Z,779,8,1,10,1,0,1,1,1,1785487292
2026-07-31T09:05:21Z,780,17,4,1,1,0,1,1,1,1785488567
2026-07-31T09:05:21Z,781,6,2,3,2,0,1,1,1,1785488201
2026-07-31T09:05:21Z,782,5,3,10,4,0,1,1,1,1785488200
2026-07-31T09:05:21Z,783,7,1,12,0,0,1,1,1,1785487140
2026-07-31T09:05:21Z,784,15,2,4,0,0,1,1,1,1785488562
2026-07-31T09:05:21Z,785,11,2,2,6,0,1,1,1,1785487291
2026-07-31T09:05:21Z,786,11,5,8,0,0,1,1,1,1785486953
2026-07-31T09:05:21Z,787,11,5,2,2,0,1,1,1,1785488411
2026-07-31T09:05:21Z,788,3,0,12,0,0,1,1,1,1785488333
2026-07-31T09:05:21Z,789,10,2,1,4,0,1,1,1,1785488200
2026-07-31T09:05:21Z,790,1,0,22,0,0,1,1,1,1785488452
2026-07-31T09:05:21Z,791,7,2,11,0,1,1,1,1,1785488213
2026-07-31T09:05:21Z,793,4,0,10,1,0,1,1,1,1785488201
2026-07-31T09:05:21Z,794,8,3,19,2,0,1,1,1,1785488459
2026-07-31T09:05:21Z,796,0,0,17,2,0,1,1,1,1785488201
2026-07-31T09:05:21Z,797,1,0,14,0,0,1,1,1,1785487593
2026-07-31T09:05:21Z,798,6,0,18,1,0,1,1,1,1785488200
2026-07-31T09:05:21Z,799,15,1,1,3,0,1,1,1,1785488201
2026-07-31T09:05:21Z,800,1,0,19,1,0,1,1,1,1785488220
2026-07-31T09:05:21Z,801,4,2,16,1,0,1,1,1,1785487820
2026-07-31T09:05:21Z,802,8,0,23,0,0,1,1,1,1785488200
2026-07-31T09:05:21Z,803,1,1,14,0,0,1,1,1,1785488200
2026-07-31T09:05:21Z,806,8,3,7,0,0,1,1,1,1785488200
2026-07-31T09:05:21Z,807,14,0,8,3,0,1,1,1,1785488232
2026-07-31T09:05:21Z,808,0,0,23,2,0,1,1,1,1785488225
2026-07-31T09:05:21Z,809,5,1,17,1,0,1,1,1,1785488200
2026-07-31T09:05:21Z,810,2,0,13,4,0,1,1,1,1785488201
2026-07-31T09:05:21Z,815,4,1,6,4,1,1,1,1,1785487892
2026-07-31T09:05:21Z,817,10,5,5,0,0,1,1,1,1785487292
2026-07-31T09:05:21Z,818,6,0,16,1,0,1,1,1,1785488333
2026-07-31T09:05:21Z,819,6,4,9,0,0,1,1,1,1785487291
2026-07-31T09:05:21Z,820,8,2,9,0,0,1,1,1,1785487402
2026-07-31T09:05:21Z,821,2,1,13,0,0,1,1,1,1785488200
2026-07-31T09:05:21Z,822,1,0,20,2,0,1,1,1,1785488279
2026-07-31T09:05:21Z,823,0,0,14,1,0,1,1,1,1785488200
2026-07-31T09:05:21Z,824,12,3,6,1,0,1,1,1,1785488709
2026-07-31T09:05:21Z,825,8,5,7,0,0,1,1,1,1785488201
2026-07-31T09:05:21Z,826,10,2,8,1,0,1,1,1,1785488212
2026-07-31T09:05:21Z,827,16,5,4,1,0,1,1,1,1785488215
2026-07-31T09:05:21Z,828,10,0,7,1,0,1,1,1,1785488107
2026-07-31T09:05:21Z,829,16,7,11,0,0,1,1,1,1785487593
2026-07-31T09:05:21Z,830,12,3,10,1,0,1,1,1,1785488274
2026-07-31T09:05:21Z,831,7,2,7,1,0,1,1,1,1785487404
2026-07-31T09:05:21Z,832,10,3,5,3,0,1,1,1,1785487593
2026-07-31T09:05:21Z,833,1,0,17,1,0,1,1,1,1785487310
2026-07-31T09:05:21Z,834,1,0,22,1,0,1,1,1,1785488555
2026-07-31T09:05:21Z,835,16,6,0,2,0,1,1,1,1785487291
2026-07-31T09:05:21Z,837,5,1,0,10,0,1,1,1,1785487604
2026-07-31T09:05:21Z,838,14,3,1,0,0,1,1,1,1785488442
2026-07-31T09:05:21Z,839,20,1,9,0,0,1,1,1,1785488063
2026-07-31T09:05:21Z,840,8,3,19,2,0,1,1,1,1785488595
2026-07-31T09:05:21Z,841,7,1,8,0,0,1,1,1,1785487401
2026-07-31T09:05:21Z,842,7,2,16,0,0,1,1,1,1785487291
2026-07-31T09:05:21Z,843,8,0,22,1,0,1,1,1,1785488200
2026-07-31T09:05:21Z,844,6,0,17,0,0,1,1,1,1785487384
2026-07-31T09:05:21Z,845,5,3,12,2,0,1,1,1,1785487572
2026-07-31T09:05:21Z,846,4,0,13,2,0,1,1,1,1785488523
2026-07-31T09:05:21Z,847,7,1,20,0,0,1,1,1,1785488304
2026-07-31T09:05:21Z,848,10,3,8,1,0,1,1,1,1785488215
2026-07-31T09:05:21Z,849,7,2,8,0,0,1,1,1,1785488371
2026-07-31T09:05:21Z,850,9,0,1,1,0,1,1,1,1785488617
2026-07-31T09:05:21Z,851,3,3,32,2,0,1,1,1,1785488451
2026-07-31T09:05:21Z,852,12,6,7,0,0,1,1,1,1785488334
2026-07-31T09:05:21Z,853,10,5,13,0,0,1,1,1,1785488200
2026-07-31T09:05:21Z,854,3,2,12,0,0,1,1,1,1785488415
2026-07-31T09:05:21Z,855,25,0,2,0,0,1,1,1,1785488200
2026-07-31T09:05:21Z,857,1,1,18,0,0,1,1,1,1785488200
2026-07-31T09:05:21Z,858,4,1,14,1,0,1,1,1,1785488200
2026-07-31T09:05:21Z,859,3,0,17,1,0,1,1,1,1785488202
2026-07-31T09:05:21Z,861,8,1,2,1,0,1,1,1,1785488201
2026-07-31T09:05:21Z,862,2,1,13,0,0,1,1,1,1785488200
2026-07-31T09:05:21Z,863,13,0,5,1,0,1,1,1,1785488200
2026-07-31T09:05:21Z,866,9,3,10,0,0,1,1,1,1785487725
2026-07-31T09:05:21Z,867,12,0,3,0,0,1,1,1,1785488201
2026-07-31T09:05:21Z,868,13,2,2,0,0,1,1,1,1785488201
2026-07-31T09:05:21Z,870,7,4,6,2,0,1,1,1,1785488200
2026-07-31T09:05:21Z,871,0,0,10,1,0,1,1,1,1785488661
2026-07-31T09:05:21Z,872,0,0,14,1,0,1,1,1,1785488201
2026-07-31T09:05:21Z,873,0,0,32,1,0,1,1,1,1785488200
2026-07-31T09:05:21Z,874,5,2,6,4,0,1,1,1,1785488200
2026-07-31T09:05:21Z,875,15,11,0,0,0,1,1,1,1785488439
2026-07-31T09:05:21Z,877,11,10,6,2,0,1,1,1,1785488201
2026-07-31T09:05:21Z,878,3,2,15,1,0,1,1,1,1785488200
2026-07-31T09:05:21Z,879,1,0,18,0,0,1,1,1,1785488426
2026-07-31T09:05:21Z,880,3,0,19,1,0,1,1,1,1785488437
2026-07-31T09:05:21Z,881,2,0,17,0,0,1,1,1,1785487420
2026-07-31T09:05:21Z,882,10,0,6,3,0,1,1,1,1785488200
2026-07-31T09:05:21Z,883,10,6,9,0,0,1,1,1,1785488201
2026-07-31T09:05:21Z,884,11,7,10,0,0,1,1,1,1785488200
2026-07-31T09:05:21Z,885,1,0,18,0,0,1,1,1,1785488201
2026-07-31T09:05:21Z,886,17,1,11,1,0,1,1,1,1785488201
2026-07-31T09:05:21Z,887,3,1,11,3,0,1,1,1,1785488361
2026-07-31T09:05:21Z,888,12,0,27,2,0,1,1,1,1785488626
2026-07-31T09:05:21Z,889,17,1,0,2,0,1,1,1,1785488201
2026-07-31T09:05:21Z,890,7,4,8,0,0,1,1,1,1785488201
2026-07-31T09:05:21Z,891,20,0,2,1,0,1,1,1,1785488578
2026-07-31T09:05:21Z,892,13,1,2,0,0,1,1,1,1785488200
2026-07-31T09:05:21Z,895,1,0,18,0,0,1,1,1,1785488200
2026-07-31T09:05:21Z,896,6,0,29,0,0,1,1,1,1785488200
2026-07-31T09:05:21Z,897,11,1,10,0,0,1,1,1,1785488332
2026-07-31T09:05:21Z,898,2,0,17,0,0,1,1,1,1785487593
2026-07-31T09:05:21Z,899,0,0,18,1,0,1,1,1,1785488236
2026-07-31T09:05:21Z,900,19,1,6,2,0,1,1,1,1785488441
2026-07-31T09:05:21Z,901,12,0,6,1,0,1,1,1,1785487948
2026-07-31T09:05:21Z,902,9,0,5,1,0,1,1,1,1785488200
2026-07-31T09:05:21Z,903,14,2,4,1,0,1,1,1,1785488379
2026-07-31T09:05:21Z,904,10,4,8,1,0,1,1,1,1785488201
2026-07-31T09:05:21Z,905,4,0,23,0,0,1,1,1,1785488201
2026-07-31T09:05:21Z,906,8,5,19,0,0,1,1,1,1785488423
2026-07-31T09:05:21Z,907,6,1,25,0,0,1,1,1,1785488201
2026-07-31T09:05:21Z,908,11,0,12,0,0,1,1,1,1785488201
2026-07-31T09:05:21Z,909,14,4,8,1,0,1,1,1,1785487370
2026-07-31T09:05:21Z,910,20,0,11,0,0,1,1,1,1785488201
2026-07-31T09:05:21Z,911,3,0,16,0,0,1,1,1,1785488201
2026-07-31T09:05:21Z,912,9,5,12,2,0,1,1,1,1785488218
2026-07-31T09:05:21Z,913,3,1,16,0,0,1,1,1,1785488200
2026-07-31T09:05:21Z,914,6,1,13,0,0,1,1,1,1785488201
2026-07-31T09:05:21Z,915,7,0,15,1,0,1,1,1,1785488200
2026-07-31T09:05:21Z,916,23,8,0,0,0,1,1,1,1785487718
2026-07-31T09:05:21Z,917,3,0,30,2,0,1,1,1,1785488303
2026-07-31T09:05:21Z,918,13,5,4,2,0,1,1,1,1785488201
2026-07-31T09:05:21Z,919,13,3,25,1,0,1,1,1,1785488235
2026-07-31T09:05:21Z,920,4,2,15,0,0,1,1,1,1785488201
2026-07-31T09:05:21Z,921,12,0,9,0,0,1,1,1,1785488201
2026-07-31T09:05:21Z,922,4,1,17,0,0,1,1,1,1785488200
2026-07-31T09:05:21Z,923,19,2,0,0,0,1,1,1,1785488201
2026-07-31T09:05:21Z,924,8,2,13,0,0,1,1,1,1785488268
2026-07-31T09:05:21Z,925,13,0,8,0,0,1,1,1,1785487729
2026-07-31T09:05:21Z,926,0,0,21,0,0,1,1,1,1785488201
2026-07-31T09:05:21Z,927,1,0,34,0,0,1,1,1,1785488267
2026-07-31T09:05:21Z,928,5,3,14,0,0,1,1,1,1785464301
2026-07-31T09:05:21Z,929,0,0,23,0,0,1,1,1,1785488702
2026-07-31T09:05:21Z,930,0,0,30,1,0,1,1,1,1785487593
2026-07-31T09:05:21Z,931,8,3,15,0,0,1,1,1,1785488201
2026-07-31T09:05:21Z,932,4,0,12,3,0,1,1,1,1785488221
2026-07-31T09:05:21Z,933,0,0,23,0,0,1,1,1,1785487852
2026-07-31T09:05:21Z,934,2,0,28,1,0,1,1,1,1785487291
2026-07-31T09:05:21Z,935,9,2,9,1,0,1,1,1,1785488436
2026-07-31T09:05:21Z,936,4,1,15,0,0,1,1,1,1785456801
2026-07-31T09:05:21Z,940,10,0,1,0,0,1,1,1,1785487595
2026-07-31T09:05:21Z,941,10,1,13,2,0,1,1,1,1785487993
2026-07-31T09:05:21Z,942,5,0,16,0,0,1,1,1,1785488369
2026-07-31T09:05:21Z,943,9,8,6,0,0,1,1,1,1785487593
2026-07-31T09:05:21Z,944,9,8,6,0,0,1,1,1,1785487592
2026-07-31T09:05:21Z,945,10,8,5,0,0,1,1,1,1785488641
2026-07-31T09:05:21Z,946,7,5,12,0,0,1,1,1,1785487593
2026-07-31T09:05:21Z,947,7,5,10,0,0,1,1,1,1785487593
2026-07-31T09:05:21Z,948,26,8,0,5,0,1,1,1,1785487852
2026-07-31T09:05:21Z,949,1,0,14,0,0,1,1,1,1785487896
2026-07-31T09:05:21Z,950,16,4,0,1,0,1,1,1,1785487593
2026-07-31T09:05:21Z,951,18,4,5,0,0,1,1,1,1785487593
2026-07-31T09:05:21Z,952,7,0,48,0,0,1,1,1,1785488660
2026-07-31T09:05:21Z,953,14,2,0,1,0,1,1,1,1785488411
2026-07-31T09:05:21Z,954,18,4,1,0,0,1,1,1,1785487593
2026-07-31T09:05:21Z,955,4,3,17,6,0,1,1,1,1785488216
2026-07-31T09:05:21Z,956,22,1,0,1,0,1,1,1,1785488508
2026-07-31T09:05:21Z,957,15,0,14,0,0,1,1,1,1785488533
2026-07-31T09:05:21Z,958,19,0,12,0,0,1,1,1,1785488042
2026-07-31T09:05:21Z,959,20,8,0,3,0,1,1,1,1785487620
2026-07-31T09:05:21Z,960,22,1,0,1,0,1,1,1,1785487695
2026-07-31T09:05:21Z,961,2,1,17,4,0,1,1,1,1785488044
2026-07-31T09:05:21Z,962,8,3,24,3,0,1,1,1,1785488294
2026-07-31T09:05:21Z,963,6,0,16,1,0,1,1,1,1785487594
2026-07-31T09:05:21Z,964,21,8,1,1,0,1,1,1,1785488615
2026-07-31T09:05:21Z,965,5,1,21,1,0,1,1,1,1785487656
2026-07-31T09:05:21Z,966,28,0,3,0,0,1,1,1,1785488044
2026-07-31T09:05:21Z,967,19,0,0,2,0,1,1,1,1785488415
2026-07-31T09:05:21Z,968,14,0,4,1,0,1,1,1,1785487593
2026-07-31T09:05:21Z,969,10,6,15,2,0,1,1,1,1785487815
2026-07-31T09:05:21Z,970,11,1,7,1,0,1,1,1,1785487650
2026-07-31T09:05:21Z,971,15,0,7,1,0,1,1,1,1785487618
2026-07-31T09:05:21Z,972,9,1,13,1,0,1,1,1,1785487283
2026-07-31T09:05:21Z,973,9,4,13,1,0,1,1,1,1785488613
2026-07-31T09:05:21Z,974,12,0,15,0,0,1,1,1,1785488000
2026-07-31T09:05:21Z,977,7,7,11,3,0,1,1,1,1785487593
2026-07-31T09:05:21Z,978,11,0,12,0,0,1,1,1,1785488420
2026-07-31T09:05:21Z,979,14,1,3,0,0,1,1,1,1785487971
2026-07-31T09:05:21Z,980,2,0,17,2,0,1,1,1,1785488703
2026-07-31T09:05:21Z,981,19,1,1,1,0,1,1,1,1785487982
2026-07-31T09:05:21Z,982,3,1,14,2,0,1,1,1,1785487727
2026-07-31T09:05:21Z,983,2,1,20,1,0,1,1,1,1785488200
2026-07-31T09:05:21Z,984,6,0,17,0,0,1,1,1,1785487592
2026-07-31T09:05:21Z,985,8,0,23,0,0,1,1,1,1785488044
2026-07-31T09:05:21Z,986,4,0,15,0,0,1,1,1,1785487593
2026-07-31T09:05:21Z,987,6,0,16,1,0,1,1,1,1785487889
2026-07-31T09:05:21Z,988,5,1,13,1,0,1,1,1,1785487593
2026-07-31T09:05:21Z,989,9,4,10,0,0,1,1,1,1785488311
2026-07-31T09:05:21Z,990,13,1,0,2,0,1,1,1,1785487593
2026-07-31T09:05:21Z,991,10,2,8,1,0,1,1,1,1785487593
2026-07-31T09:05:21Z,992,10,7,12,1,0,1,1,1,1785488091
2026-07-31T09:05:21Z,993,0,0,27,0,0,1,1,1,1785476008
2026-07-31T09:05:21Z,994,4,1,17,0,0,1,1,1,1785488303
2026-07-31T09:05:21Z,995,9,2,18,0,0,1,1,1,1785487593
2026-07-31T09:05:21Z,996,8,1,15,0,0,1,1,1,1785487593
2026-07-31T09:05:21Z,997,11,5,10,2,0,1,1,1,1785488590
2026-07-31T09:05:21Z,998,3,2,19,1,0,1,1,1,1785487894
2026-07-31T09:05:21Z,999,3,1,15,2,1,1,1,1,1785487895
2026-07-31T09:05:21Z,1000,4,2,17,0,0,1,1,1,1785488212
2026-07-31T09:05:21Z,1001,1,0,26,0,0,1,1,1,1785487902
2026-07-31T09:05:21Z,1002,0,0,27,4,0,1,1,1,1785487895
2026-07-31T09:05:21Z,1003,0,0,22,1,0,1,1,1,1785487895
2026-07-31T09:05:21Z,1004,8,1,15,0,0,1,1,1,1785488547
2026-07-31T09:05:21Z,1005,20,1,3,0,0,1,1,1,1785487894
2026-07-31T09:05:21Z,1006,7,4,11,1,0,1,1,1,1785488029
2026-07-31T09:05:21Z,1007,2,1,19,0,0,1,1,1,1785488201
2026-07-31T09:05:21Z,1008,6,5,15,2,0,1,1,1,1785488265
2026-07-31T09:05:21Z,1009,19,2,8,4,0,1,1,1,1785488135
2026-07-31T09:05:21Z,1010,7,2,20,0,0,1,1,1,1785487894
2026-07-31T09:05:21Z,1011,8,2,9,2,0,1,1,1,1785487894
2026-07-31T09:05:21Z,1012,4,3,18,1,0,1,1,1,1785487245
2026-07-31T09:05:21Z,1013,4,1,18,1,0,1,1,1,1785487894
2026-07-31T09:05:21Z,1014,7,2,13,3,0,1,1,1,1785487894
2026-07-31T09:05:21Z,1015,3,1,25,3,0,1,1,1,1785488033
2026-07-31T09:05:21Z,1016,10,5,21,0,0,1,1,1,1785487894
2026-07-31T09:05:21Z,1017,14,5,7,0,0,1,1,1,1785488466
2026-07-31T09:05:21Z,1018,7,2,15,0,0,1,1,1,1785488201
2026-07-31T09:05:21Z,1019,9,6,6,0,0,1,1,1,1785488026
2026-07-31T09:05:21Z,1020,18,3,3,0,0,1,1,1,1785488338
2026-07-31T09:05:21Z,1021,9,3,5,1,0,1,1,1,1785488202
2026-07-31T09:05:21Z,1022,14,0,13,0,0,1,1,1,1785487894
2026-07-31T09:05:21Z,1023,13,1,9,1,0,1,1,1,1785487895
2026-07-31T09:05:21Z,1024,5,2,13,1,0,1,1,1,1785488067
2026-07-31T09:05:21Z,1025,4,0,14,0,1,1,1,1,1785487911
2026-07-31T09:05:21Z,1026,7,5,19,5,0,1,1,1,1785488418
2026-07-31T09:05:21Z,1028,2,0,20,1,0,1,1,1,1785487894
2026-07-31T09:05:21Z,1029,9,9,5,1,0,1,1,1,1785488362
2026-07-31T09:05:21Z,1030,14,5,9,0,0,1,1,1,1785488105
2026-07-31T09:05:21Z,1031,8,0,11,0,0,1,1,1,1785488475
2026-07-31T09:05:21Z,1032,7,1,12,0,0,1,1,1,1785487895
2026-07-31T09:05:21Z,1033,9,5,9,1,0,1,1,1,1785488134
2026-07-31T09:05:21Z,1034,2,0,13,0,0,1,1,1,1785487895
2026-07-31T09:05:21Z,1035,1,0,16,2,0,1,1,1,1785487894
2026-07-31T09:05:21Z,1036,15,1,0,0,0,1,1,1,1785487919
2026-07-31T09:05:21Z,1037,4,0,14,1,0,1,1,1,1785488010
2026-07-31T09:05:21Z,1038,2,0,12,1,0,1,1,1,1785487894
2026-07-31T09:05:21Z,1039,7,2,12,0,0,1,1,1,1785487895
2026-07-31T09:05:21Z,1040,7,3,10,2,0,1,1,1,1785487895
2026-07-31T09:05:21Z,1041,10,3,8,1,0,1,1,1,1785488050
2026-07-31T09:05:21Z,1042,12,1,1,2,0,1,1,1,1785488060
2026-07-31T09:05:21Z,1043,8,0,7,4,0,1,1,1,1785488200
2026-07-31T09:05:21Z,1044,2,1,12,1,0,1,1,1,1785487894
2026-07-31T09:05:21Z,1045,10,0,9,0,0,1,1,1,1785487894
2026-07-31T09:05:21Z,1046,9,0,6,0,0,1,1,1,1785488532
2026-07-31T09:05:21Z,1047,4,0,17,0,0,1,1,1,1785488075
2026-07-31T09:05:21Z,1048,10,1,9,0,0,1,1,1,1785487286
2026-07-31T09:05:21Z,1049,6,0,15,0,0,1,1,1,1785487894
2026-07-31T09:05:21Z,1050,17,4,4,0,0,1,1,1,1785488446
2026-07-31T09:05:21Z,1051,8,3,13,0,0,1,1,1,1785488339
2026-07-31T09:05:21Z,1052,17,2,5,0,0,1,1,1,1785488027
2026-07-31T09:05:21Z,1053,2,1,13,0,0,1,1,1,1785487894
2026-07-31T09:05:21Z,1054,14,1,1,0,0,1,1,1,1785487894
2026-07-31T09:05:21Z,1055,7,1,12,0,0,1,1,1,1785487894
2026-07-31T09:05:21Z,1057,18,0,0,1,0,1,1,1,1785487895
2026-07-31T09:05:21Z,1058,1,0,55,0,0,1,1,1,1785487895
2026-07-31T09:05:21Z,1059,0,0,18,1,0,1,1,1,1785487895
2026-07-31T09:05:21Z,1060,30,0,7,0,0,1,1,1,1785488123
2026-07-31T09:05:21Z,1061,7,1,29,1,0,1,1,1,1785487924
2026-07-31T09:05:21Z,1062,1,0,16,0,0,1,1,1,1785487894
2026-07-31T09:05:21Z,1063,12,1,6,1,0,1,1,1,1785488201
2026-07-31T09:05:21Z,1064,3,0,19,1,0,1,1,1,1785488029
2026-07-31T09:05:21Z,1065,16,3,7,0,0,1,1,1,1785488035
2026-07-31T09:05:21Z,1066,10,2,13,0,0,1,1,1,1785487895
2026-07-31T09:05:21Z,1067,8,2,13,2,0,1,1,1,1785488026
2026-07-31T09:05:21Z,1068,8,2,13,2,0,1,1,1,1785487895
2026-07-31T09:05:21Z,1069,12,3,11,0,0,1,1,1,1785487895
2026-07-31T09:05:21Z,1070,12,2,11,0,0,1,1,1,1785487895
2026-07-31T09:05:21Z,1071,7,4,16,0,0,1,1,1,1785487894
2026-07-31T09:05:21Z,1072,11,1,11,1,0,1,1,1,1785488075
2026-07-31T09:05:21Z,1073,26,7,0,1,0,1,1,1,1785488201
2026-07-31T09:05:21Z,1074,0,0,52,1,0,1,1,1,1785487600
2026-07-31T09:05:21Z,1075,10,10,11,0,0,1,1,1,1785487898
2026-07-31T09:05:21Z,1076,14,11,7,0,0,1,1,1,1785488325
2026-07-31T09:05:21Z,1077,8,5,13,0,0,1,1,1,1785487894
2026-07-31T09:05:21Z,1078,11,10,10,0,0,1,1,1,1785488368
2026-07-31T09:05:21Z,1079,11,8,10,0,0,1,1,1,1785487180
2026-07-31T09:05:21Z,1080,10,8,10,1,0,1,1,1,1785487895
2026-07-31T09:05:21Z,1081,13,8,6,0,0,1,1,1,1785488175
2026-07-31T09:05:21Z,1082,7,7,1,0,0,1,1,1,1785487666
2026-07-31T09:05:21Z,1083,13,11,8,0,0,1,1,1,1785487897
2026-07-31T09:05:21Z,1084,9,8,12,0,0,1,1,1,1785487896
2026-07-31T09:05:21Z,1085,8,8,13,0,0,1,1,1,1785488522
2026-07-31T09:05:21Z,1086,0,0,20,1,0,1,1,1,1785487895
2026-07-31T09:05:21Z,1087,12,7,3,0,0,1,1,1,1785488427
2026-07-31T09:05:21Z,1088,10,7,5,0,0,1,1,1,1785487894
2026-07-31T09:05:21Z,1089,5,3,10,0,0,1,1,1,1785487895
2026-07-31T09:05:21Z,1090,11,10,4,0,0,1,1,1,1785488256
2026-07-31T09:05:21Z,1091,12,7,3,0,0,1,1,1,1785488169
2026-07-31T09:05:21Z,1092,9,9,5,1,0,1,1,1,1785487895
2026-07-31T09:05:21Z,1093,7,6,8,0,0,1,1,1,1785488078
2026-07-31T09:05:21Z,1094,10,8,8,1,0,1,1,1,1785487322
2026-07-31T09:05:21Z,1095,9,8,6,0,0,1,1,1,1785488024
2026-07-31T09:05:21Z,1096,3,1,15,1,0,1,1,1,1785487685
2026-07-31T09:05:21Z,1097,11,11,4,0,0,1,1,1,1785487900
2026-07-31T09:05:21Z,1098,9,7,10,0,0,1,1,1,1785488237
2026-07-31T09:05:21Z,1099,7,6,8,0,0,1,1,1,1785487156
2026-07-31T09:05:21Z,1100,6,2,23,0,0,1,1,1,1785487894
2026-07-31T09:05:21Z,1101,10,5,11,0,0,1,1,1,1785488033
2026-07-31T09:05:21Z,1102,9,4,4,0,0,1,1,1,1785488156
2026-07-31T09:05:21Z,1103,10,5,11,0,0,1,1,1,1785487895
2026-07-31T09:05:21Z,1104,10,5,11,0,0,1,1,1,1785488618
2026-07-31T09:05:21Z,1105,7,3,6,0,0,1,1,1,1785488043
2026-07-31T09:05:21Z,1106,13,7,8,0,0,1,1,1,1785487895
2026-07-31T09:05:21Z,1107,9,5,6,0,0,1,1,1,1785487895
2026-07-31T09:05:21Z,1108,6,3,18,3,0,1,1,1,1785487918
2026-07-31T09:05:21Z,1109,6,1,9,0,0,1,1,1,1785487896
2026-07-31T09:05:21Z,1110,12,4,9,0,0,1,1,1,1785488487
2026-07-31T09:05:21Z,1111,3,2,18,0,0,1,1,1,1785475740
2026-07-31T09:05:21Z,1112,38,0,15,0,0,1,1,1,1785487895
2026-07-31T09:05:21Z,1113,1,0,20,0,0,1,1,1,1785488448
2026-07-31T09:05:21Z,1115,17,5,3,3,0,1,1,1,1785488201
2026-07-31T09:05:21Z,1116,5,1,14,0,0,1,1,1,1785488201
2026-07-31T09:05:21Z,1117,10,3,13,0,0,1,1,1,1785488201
2026-07-31T09:05:21Z,1118,17,1,3,1,0,1,1,1,1785488532
2026-07-31T09:05:21Z,1119,13,1,4,0,0,1,1,1,1785488356
2026-07-31T09:05:21Z,1120,13,0,6,0,0,1,1,1,1785488201
2026-07-31T09:05:21Z,1121,14,2,4,3,0,1,1,1,1785488201
2026-07-31T09:05:21Z,1122,18,9,0,3,0,1,1,1,1785488551
2026-07-31T09:05:21Z,1123,6,3,15,2,0,1,1,1,1785488620
2026-07-31T09:05:21Z,1124,9,1,2,4,0,1,1,1,1785488700
2026-07-31T09:05:21Z,1125,15,1,8,0,0,1,1,1,1785488200
2026-07-31T09:05:21Z,1126,4,0,16,1,0,1,1,1,1785488678
2026-07-31T09:05:21Z,1127,6,1,12,1,0,1,1,1,1785488201
2026-07-31T09:05:21Z,1128,14,2,0,1,0,1,1,1,1785488225
2026-07-31T09:05:21Z,1129,3,2,17,1,0,1,1,1,1785488201
2026-07-31T09:05:21Z,1130,6,0,9,0,0,1,1,1,1785488200
2026-07-31T09:05:21Z,1131,0,0,48,1,0,1,1,1,1785488200
2026-07-31T09:05:21Z,1132,13,6,7,1,0,1,1,1,1785488335
2026-07-31T09:05:21Z,1133,15,11,4,2,0,1,1,1,1785488201
2026-07-31T09:05:21Z,1134,11,7,8,0,0,1,1,1,1785488201
2026-07-31T09:05:21Z,1135,10,5,11,0,0,1,1,1,1785488201
2026-07-31T09:05:21Z,1136,6,0,17,0,0,1,1,1,1785488201
2026-07-31T09:05:21Z,1137,13,0,2,0,0,1,1,1,1785488201
2026-07-31T09:05:21Z,1138,15,2,4,0,0,1,1,1,1785488200
2026-07-31T09:05:21Z,1139,19,5,1,1,0,1,1,1,1785488201
2026-07-31T09:05:21Z,1140,22,3,0,1,0,1,1,1,1785488201
2026-07-31T09:05:21Z,1141,0,0,20,1,0,1,1,1,1785488556
2026-07-31T09:05:21Z,1142,2,0,19,0,0,1,1,1,1785488201
2026-07-31T09:05:21Z,1143,22,0,6,1,0,1,1,1,1785488699
2026-07-31T09:05:21Z,1144,7,1,13,1,0,1,1,1,1785487593
2026-07-31T09:05:21Z,1145,12,6,8,1,0,1,1,1,1785488201
2026-07-31T09:05:21Z,1146,10,0,5,4,0,1,1,1,1785488698
2026-07-31T09:05:21Z,1147,3,0,16,0,0,1,1,1,1785488201
2026-07-31T09:05:21Z,1148,25,6,6,0,0,1,1,1,1785488596
2026-07-31T09:05:21Z,1149,4,4,21,0,0,1,1,1,1785488201
2026-07-31T09:05:21Z,1150,18,1,1,0,0,1,1,1,1785488201
2026-07-31T09:05:21Z,1151,12,0,9,0,0,1,1,1,1785488201
2026-07-31T09:05:21Z,1152,16,0,13,0,0,1,1,1,1785488378
2026-07-31T09:05:21Z,1153,22,6,0,1,0,1,1,1,1785488201
2026-07-31T09:05:21Z,1154,13,1,6,0,0,1,1,1,1785488590
2026-07-31T09:05:21Z,1155,16,6,4,1,0,1,1,1,1785488202
2026-07-31T09:05:21Z,1158,3,0,15,1,0,1,1,1,1785488335
2026-07-31T09:05:21Z,1159,13,1,6,0,0,1,1,1,1785488201
2026-07-31T09:05:21Z,1160,9,1,9,1,0,1,1,1,1785488092
2026-07-31T09:05:21Z,1161,3,0,15,1,0,1,1,1,1785488201
2026-07-31T09:05:21Z,1162,2,1,17,0,0,1,1,1,1785488201
2026-07-31T09:05:21Z,1163,1,1,17,1,0,1,1,1,1785488201
2026-07-31T09:05:21Z,1164,6,1,13,0,0,1,1,1,1785488200
2026-07-31T09:05:21Z,1165,5,0,16,0,0,1,1,1,1785488201
2026-07-31T09:05:21Z,1166,12,3,8,1,0,1,1,1,1785488201
2026-07-31T09:05:21Z,1167,4,0,11,0,0,1,1,1,1785488201
2026-07-31T09:05:21Z,1168,2,1,20,1,0,1,1,1,1785488200
2026-07-31T09:05:21Z,1169,3,0,15,1,0,1,1,1,1785488201
2026-07-31T09:05:21Z,1170,6,0,14,1,0,1,1,1,1785488201
2026-07-31T09:05:21Z,1171,8,7,14,1,0,1,1,1,1785488201
2026-07-31T09:05:21Z,1172,7,2,6,2,0,1,1,1,1785488234
2026-07-31T09:05:21Z,1173,13,5,6,0,0,1,1,1,1785488201
2026-07-31T09:05:21Z,1174,7,3,8,0,0,1,1,1,1785488201
2026-07-31T09:05:21Z,1175,9,5,10,0,0,1,1,1,1785488201
2026-07-31T09:05:21Z,1176,19,1,2,0,0,1,1,1,1785488521
2026-07-31T09:05:21Z,1177,2,0,19,0,0,1,1,1,1785488442
2026-07-31T09:05:21Z,1178,2,1,13,0,0,1,1,1,1785488201
2026-07-31T09:05:21Z,1181,9,0,4,2,0,1,1,1,1785488201
2026-07-31T09:05:21Z,1182,0,0,20,0,0,1,1,1,1785488202
2026-07-31T09:05:21Z,1183,1,0,42,2,0,1,1,1,1785487162
2026-07-31T09:05:21Z,1184,13,7,7,1,0,1,1,1,1785488623
2026-07-31T09:05:21Z,1185,10,5,11,0,0,1,1,1,1785488567
2026-07-31T09:05:21Z,1186,9,5,10,0,0,1,1,1,1785488201
2026-07-31T09:05:21Z,1187,12,6,8,1,0,1,1,1,1785488218
2026-07-31T09:05:21Z,1188,9,3,6,0,0,1,1,1,1785488202
2026-07-31T09:05:21Z,1189,10,5,9,0,0,1,1,1,1785488201
2026-07-31T09:05:21Z,1190,10,5,11,0,0,1,1,1,1785488202
2026-07-31T09:05:21Z,1191,10,5,5,0,0,1,1,1,1785488200
2026-07-31T09:05:21Z,1192,10,6,10,1,0,1,1,1,1785488201
2026-07-31T09:05:21Z,1193,6,4,5,2,0,1,1,1,1785488257
2026-07-31T09:05:21Z,1197,9,6,7,1,0,1,1,1,1785488234
2026-07-31T09:05:21Z,1198,14,4,5,2,0,1,1,1,1785488200
2026-07-31T09:05:21Z,1199,2,0,17,0,0,1,1,1,1785488201
2026-07-31T09:05:21Z,1200,11,5,4,0,0,1,1,1,1785488201
2026-07-31T09:05:21Z,1201,11,5,4,0,0,1,1,1,1785488202
2026-07-31T09:05:21Z,1202,12,6,3,0,0,1,1,1,1785488201
2026-07-31T09:05:21Z,1203,9,6,6,0,0,1,1,1,1785488202
2026-07-31T09:05:21Z,1204,7,3,11,1,0,1,1,1,1785488203
2026-07-31T09:05:21Z,1206,11,5,10,0,0,1,1,1,1785488236
2026-07-31T09:05:21Z,1207,8,4,6,1,0,1,1,1,1785488201
2026-07-31T09:05:21Z,1208,7,2,11,1,0,1,1,1,1785488339
2026-07-31T09:05:21Z,1216,7,0,13,1,0,1,1,1,1785488468
2026-07-31T09:05:21Z,1218,4,0,17,0,0,1,1,1,1785488202
2026-07-31T09:05:21Z,1219,6,1,8,1,0,1,1,1,1785488271
2026-07-31T09:05:21Z,1220,14,7,4,1,0,1,1,1,1785488678
2026-07-31T09:05:21Z,1221,2,2,19,0,0,1,1,1,1785488204
2026-07-31T09:05:21Z,1222,28,1,1,0,0,1,1,1,1785488201
2026-07-31T09:05:21Z,1223,23,0,6,0,0,1,1,1,1785488202
2026-07-31T09:05:21Z,1226,0,0,3,0,0,0,1,1,1781868931
2026-07-31T09:05:21Z,1227,23,1,2,0,0,1,1,1,1785488219
2026-07-31T09:05:21Z,1228,18,1,10,1,0,1,1,1,1785488385
2026-07-31T09:05:21Z,1229,35,0,10,0,0,1,1,1,1785488232
2026-07-31T09:10:21Z,1,0,0,23,0,0,1,1,1,1785485488
2026-07-31T09:10:21Z,2,23,0,1,3,0,1,1,1,1785485732
2026-07-31T09:10:21Z,3,9,0,4,1,0,1,1,1,1785485488
2026-07-31T09:10:21Z,4,1,0,20,1,0,1,1,1,1785487895
2026-07-31T09:10:21Z,5,9,3,13,1,0,1,1,1,1785484887
2026-07-31T09:10:21Z,6,6,2,9,0,0,1,1,1,1785486991
2026-07-31T09:10:21Z,7,1,1,38,0,0,1,1,1,1785487290
2026-07-31T09:10:21Z,8,0,0,43,0,0,1,1,1,1785487014
2026-07-31T09:10:21Z,9,0,0,22,1,0,1,1,1,1785487593
2026-07-31T09:10:21Z,10,3,1,18,2,0,1,1,1,1785488230
2026-07-31T09:10:21Z,11,16,6,2,1,0,1,1,1,1785488224
2026-07-31T09:10:21Z,12,0,0,23,0,0,1,1,1,1785472090
2026-07-31T09:10:21Z,13,11,0,19,0,0,1,1,1,1785488834
2026-07-31T09:10:21Z,14,1,0,41,0,1,1,1,1,1785476888
2026-07-31T09:10:21Z,15,3,0,12,0,0,1,1,1,1785488861
2026-07-31T09:10:21Z,16,8,0,16,2,1,1,1,1,1785487292
2026-07-31T09:10:21Z,17,8,0,18,1,0,1,1,1,1785488377
2026-07-31T09:10:21Z,18,7,0,9,2,0,1,1,1,1785488039
2026-07-31T09:10:21Z,19,4,0,22,1,0,1,1,1,1785486089
2026-07-31T09:10:21Z,20,32,0,3,0,0,1,1,1,1785485188
2026-07-31T09:10:21Z,21,1,0,17,1,0,1,1,1,1785484888
2026-07-31T09:10:21Z,22,18,0,46,1,0,1,1,1,1785487593
2026-07-31T09:10:21Z,23,10,5,21,0,0,1,1,1,1785487895
2026-07-31T09:10:21Z,24,0,0,9,2,0,1,1,1,1785489005
2026-07-31T09:10:21Z,25,1,1,79,0,1,1,1,1,1785488959
2026-07-31T09:10:21Z,26,0,0,27,0,0,1,1,1,1785485188
2026-07-31T09:10:21Z,28,15,3,0,0,0,1,1,1,1785486991
2026-07-31T09:10:21Z,30,1,0,27,1,0,1,1,1,1785486089
2026-07-31T09:10:21Z,31,0,0,17,2,0,1,1,1,1785488760
2026-07-31T09:10:21Z,32,24,4,3,0,0,1,1,1,1785487895
2026-07-31T09:10:21Z,34,2,0,34,1,0,1,1,1,1785482614
2026-07-31T09:10:21Z,35,2,1,44,1,0,1,1,1,1785486762
2026-07-31T09:10:21Z,36,0,0,0,0,0,0,1,1,86400
2026-07-31T09:10:21Z,37,0,0,23,0,0,1,1,1,1785487041
2026-07-31T09:10:21Z,38,2,0,21,0,0,1,1,1,1785488592
2026-07-31T09:10:21Z,39,23,6,16,0,0,1,1,1,1785487015
2026-07-31T09:10:21Z,40,13,0,7,1,0,1,1,1,1785485488
2026-07-31T09:10:21Z,41,1,0,41,1,0,1,1,1,1785488255
2026-07-31T09:10:21Z,42,31,8,0,0,0,1,1,1,1785472558
2026-07-31T09:10:21Z,43,6,0,17,0,0,1,1,1,1785485188
2026-07-31T09:10:21Z,45,1,0,27,1,0,1,1,1,1785485789
2026-07-31T09:10:21Z,46,13,2,18,0,0,1,1,1,1785485708
2026-07-31T09:10:21Z,47,12,5,2,1,0,1,1,1,1785487533
2026-07-31T09:10:21Z,48,20,0,7,0,0,1,1,1,1785487579
2026-07-31T09:10:21Z,49,5,0,15,3,0,1,1,1,1785489011
2026-07-31T09:10:21Z,50,1,1,18,0,0,1,1,1,1785488641
2026-07-31T09:10:21Z,51,68,0,9,0,0,1,1,1,1785487292
2026-07-31T09:10:21Z,52,1,0,23,3,0,1,1,1,1785488940
2026-07-31T09:10:21Z,55,1,1,22,0,0,1,1,1,1785487781
2026-07-31T09:10:21Z,56,0,0,43,0,0,1,1,1,1785485334
2026-07-31T09:10:21Z,57,0,0,27,0,0,1,1,1,1785486089
2026-07-31T09:10:21Z,58,0,0,28,0,0,1,1,1,1785476976
2026-07-31T09:10:21Z,59,0,0,25,2,0,1,1,1,1785488966
2026-07-31T09:10:21Z,61,0,0,39,0,0,1,1,1,1785488423
2026-07-31T09:10:21Z,62,0,0,48,1,0,1,1,1,1785487594
2026-07-31T09:10:21Z,63,14,0,5,0,0,1,1,1,1785486089
2026-07-31T09:10:21Z,64,9,0,6,4,0,1,1,1,1785486992
2026-07-31T09:10:21Z,65,17,7,1,1,0,1,1,1,1785487593
2026-07-31T09:10:21Z,67,17,0,22,0,0,1,1,1,1785485188
2026-07-31T09:10:21Z,68,0,0,37,0,0,1,1,1,1785488201
2026-07-31T09:10:21Z,69,15,2,0,0,0,1,1,1,1785485188
2026-07-31T09:10:21Z,71,2,0,24,1,0,1,1,1,1785487175
2026-07-31T09:10:21Z,72,13,2,16,2,0,1,1,1,1785486638
2026-07-31T09:10:21Z,73,0,0,31,0,0,1,1,1,1785488201
2026-07-31T09:10:21Z,74,13,6,5,1,0,1,1,1,1785485908
2026-07-31T09:10:21Z,75,0,0,31,1,0,1,1,1,1785487292
2026-07-31T09:10:21Z,76,18,0,0,1,0,1,1,1,1785489008
2026-07-31T09:10:21Z,77,24,1,2,1,0,1,1,1,1785488624
2026-07-31T09:10:21Z,78,9,4,13,1,0,1,1,1,1785488568
2026-07-31T09:10:21Z,79,4,3,12,1,0,1,1,1,1785488201
2026-07-31T09:10:21Z,80,18,0,2,3,0,1,1,1,1785488878
2026-07-31T09:10:21Z,81,5,0,26,0,0,1,1,1,1785486390
2026-07-31T09:10:21Z,82,12,0,11,0,0,1,1,1,1785486690
2026-07-31T09:10:21Z,83,5,1,28,1,0,1,1,1,1785488392
2026-07-31T09:10:21Z,84,27,0,0,0,0,1,1,1,1785487883
2026-07-31T09:10:21Z,85,1,1,14,0,0,1,1,1,1785486991
2026-07-31T09:10:21Z,86,25,0,1,1,0,1,1,1,1785486691
2026-07-31T09:10:21Z,87,10,0,9,0,0,1,1,1,1785488201
2026-07-31T09:10:21Z,88,0,0,42,1,0,1,1,1,1785484888
2026-07-31T09:10:21Z,89,22,0,13,0,0,1,1,1,1785487292
2026-07-31T09:10:21Z,90,6,2,10,2,0,1,1,1,1785486486
2026-07-31T09:10:21Z,91,14,0,3,0,0,1,1,1,1785485188
2026-07-31T09:10:21Z,92,11,4,5,3,0,1,1,1,1785488905
2026-07-31T09:10:21Z,93,0,0,23,0,0,1,1,1,1785486390
2026-07-31T09:10:21Z,94,2,0,16,1,0,1,1,1,1785486390
2026-07-31T09:10:21Z,95,27,2,6,1,1,1,1,1,1785489003
2026-07-31T09:10:21Z,96,29,0,1,1,0,1,1,1,1785488201
2026-07-31T09:10:21Z,97,0,0,16,1,0,1,1,1,1785489006
2026-07-31T09:10:21Z,98,19,0,15,1,0,1,1,1,1785486089
2026-07-31T09:10:21Z,99,4,2,11,0,0,1,1,1,1785486802
2026-07-31T09:10:21Z,100,1,0,26,0,0,1,1,1,1785486846
2026-07-31T09:10:21Z,101,1,0,13,1,0,1,1,1,1785485789
2026-07-31T09:10:21Z,102,0,0,23,0,0,1,1,1,1785487553
2026-07-31T09:10:21Z,103,7,0,23,0,0,1,1,1,1785487812
2026-07-31T09:10:21Z,104,0,0,25,2,0,1,1,1,1785488999
2026-07-31T09:10:21Z,105,16,1,3,0,0,1,1,1,1785486390
2026-07-31T09:10:21Z,106,0,0,21,0,0,1,1,1,1785486390
2026-07-31T09:10:21Z,107,0,0,37,0,0,1,1,1,1785485489
2026-07-31T09:10:21Z,108,16,1,19,0,0,1,1,1,1785486420
2026-07-31T09:10:21Z,109,8,0,15,0,0,1,1,1,1785488796
2026-07-31T09:10:21Z,110,14,2,9,0,0,1,1,1,1785488165
2026-07-31T09:10:21Z,111,0,0,36,0,0,1,1,1,1785479678
2026-07-31T09:10:21Z,112,5,0,9,1,0,1,1,1,1785486691
2026-07-31T09:10:21Z,113,4,0,12,3,0,1,1,1,1785488847
2026-07-31T09:10:21Z,114,6,6,23,1,1,1,1,1,1785488925
2026-07-31T09:10:21Z,115,3,1,23,2,0,1,1,1,1785479033
2026-07-31T09:10:21Z,116,3,3,23,1,0,1,1,1,1785487594
2026-07-31T09:10:21Z,118,20,9,0,3,0,1,1,1,1785488233
2026-07-31T09:10:21Z,119,33,2,1,4,0,1,1,1,1785486691
2026-07-31T09:10:21Z,120,23,1,3,1,0,1,1,1,1785488660
2026-07-31T09:10:21Z,121,6,2,12,0,1,1,1,1,1785488952
2026-07-31T09:10:21Z,122,13,0,7,1,0,1,1,1,1785487594
2026-07-31T09:10:21Z,123,8,1,39,0,0,1,1,1,1785485188
2026-07-31T09:10:21Z,124,32,1,3,0,0,1,1,1,1785486746
2026-07-31T09:10:21Z,125,7,2,16,0,0,1,1,1,1785486991
2026-07-31T09:10:21Z,126,25,2,6,0,0,1,1,1,1785486691
2026-07-31T09:10:21Z,127,8,0,25,2,0,1,1,1,1785488706
2026-07-31T09:10:21Z,128,18,1,1,0,0,1,1,1,1785488201
2026-07-31T09:10:21Z,129,17,1,0,2,0,1,1,1,1785486089
2026-07-31T09:10:21Z,130,4,0,13,0,0,1,1,1,1785488248
2026-07-31T09:10:21Z,131,7,2,2,2,0,1,1,1,1785488201
2026-07-31T09:10:21Z,132,12,5,2,0,1,1,1,1,1785486336
2026-07-31T09:10:21Z,134,5,0,13,5,0,1,1,1,1785488737
2026-07-31T09:10:21Z,135,8,4,10,1,0,1,1,1,1785488917
2026-07-31T09:10:21Z,136,7,0,8,1,7,1,1,1,1785488778
2026-07-31T09:10:21Z,137,6,1,13,0,0,1,1,1,1785486296
2026-07-31T09:10:21Z,138,35,2,2,0,0,1,1,1,1785488950
2026-07-31T09:10:21Z,139,19,5,0,0,0,1,1,1,1785485188
2026-07-31T09:10:21Z,140,17,8,4,2,0,1,1,1,1785489008
2026-07-31T09:10:21Z,141,31,1,5,0,0,1,1,1,1785485909
2026-07-31T09:10:21Z,142,22,1,1,0,0,1,1,1,1785488908
2026-07-31T09:10:21Z,143,13,3,17,1,0,1,1,1,1785487895
2026-07-31T09:10:21Z,144,23,1,4,0,0,1,1,1,1785486390
2026-07-31T09:10:21Z,146,8,1,14,1,0,1,1,1,1785486463
2026-07-31T09:10:21Z,147,10,2,7,2,0,1,1,1,1785488949
2026-07-31T09:10:21Z,148,22,0,4,0,1,1,1,1,1785488974
2026-07-31T09:10:21Z,149,16,4,10,1,0,1,1,1,1785488154
2026-07-31T09:10:21Z,150,31,7,2,2,0,1,1,1,1785488904
2026-07-31T09:10:21Z,151,22,7,1,0,0,1,1,1,1785485600
2026-07-31T09:10:21Z,152,20,1,3,4,0,1,1,1,1785488907
2026-07-31T09:10:21Z,153,12,1,13,6,0,1,1,1,1785488946
2026-07-31T09:10:21Z,154,15,3,5,3,0,1,1,1,1785488894
2026-07-31T09:10:21Z,155,13,4,0,1,0,1,1,1,1785488711
2026-07-31T09:10:21Z,156,16,1,3,0,0,1,1,1,1785488201
2026-07-31T09:10:21Z,157,15,0,10,2,0,1,1,1,1785488734
2026-07-31T09:10:21Z,158,16,2,0,0,0,1,1,1,1785488201
2026-07-31T09:10:21Z,159,5,2,14,0,0,1,1,1,1785488201
2026-07-31T09:10:21Z,160,19,1,0,0,0,1,1,1,1785487895
2026-07-31T09:10:21Z,161,17,2,5,0,0,1,1,1,1785488900
2026-07-31T09:10:21Z,162,10,0,16,1,0,1,1,1,1785488396
2026-07-31T09:10:21Z,163,29,2,2,0,0,1,1,1,1785486691
2026-07-31T09:10:21Z,164,25,7,2,0,0,1,1,1,1785486691
2026-07-31T09:10:21Z,165,22,10,8,1,0,1,1,1,1785487814
2026-07-31T09:10:21Z,166,32,8,3,4,0,1,1,1,1785489003
2026-07-31T09:10:21Z,167,21,10,0,2,0,1,1,1,1785484888
2026-07-31T09:10:21Z,168,21,0,5,1,0,1,1,1,1785489010
2026-07-31T09:10:21Z,169,1,0,21,0,1,1,1,1,1785487293
2026-07-31T09:10:21Z,170,17,4,0,2,0,1,1,1,1785488379
2026-07-31T09:10:21Z,171,10,3,1,2,0,1,1,1,1785488893
2026-07-31T09:10:21Z,173,36,0,3,0,0,1,1,1,1785486839
2026-07-31T09:10:21Z,174,22,1,2,2,0,1,1,1,1785487895
2026-07-31T09:10:21Z,175,7,0,24,0,0,1,1,1,1785487001
2026-07-31T09:10:21Z,176,2,1,12,0,1,1,1,1,1785487016
2026-07-31T09:10:21Z,177,21,1,6,0,0,1,1,1,1785488835
2026-07-31T09:10:21Z,178,2,0,10,2,1,1,1,1,1785489010
2026-07-31T09:10:21Z,179,11,1,3,1,0,1,1,1,1785486089
2026-07-31T09:10:21Z,180,27,0,3,0,0,1,1,1,1785487594
2026-07-31T09:10:21Z,181,14,1,0,1,0,1,1,1,1785488201
2026-07-31T09:10:21Z,182,16,2,1,0,0,1,1,1,1785488013
2026-07-31T09:10:21Z,183,16,0,7,0,0,1,1,1,1785487895
2026-07-31T09:10:21Z,184,0,0,22,1,0,1,1,1,1785488157
2026-07-31T09:10:21Z,185,12,1,0,2,1,1,1,1,1785484888
2026-07-31T09:10:21Z,186,4,1,15,0,0,1,1,1,1785487895
2026-07-31T09:10:21Z,187,8,0,19,1,0,1,1,1,1785484757
2026-07-31T09:10:21Z,188,12,0,7,8,0,1,1,1,1785488864
2026-07-31T09:10:21Z,189,15,4,0,0,0,1,1,1,1785487895
2026-07-31T09:10:21Z,190,4,1,19,0,0,1,1,1,1785488585
2026-07-31T09:10:21Z,191,2,1,37,0,0,1,1,1,1785486690
2026-07-31T09:10:21Z,192,12,4,16,3,0,1,1,1,1785486089
2026-07-31T09:10:21Z,193,2,0,13,0,0,1,1,1,1785488202
2026-07-31T09:10:21Z,194,17,1,9,1,0,1,1,1,1785486691
2026-07-31T09:10:21Z,195,12,1,5,2,0,1,1,1,1785487594
2026-07-31T09:10:21Z,196,24,1,0,3,0,1,1,1,1785488818
2026-07-31T09:10:21Z,197,17,3,0,1,1,1,1,1,1785487492
2026-07-31T09:10:21Z,198,21,16,2,0,0,1,1,1,1785488927
2026-07-31T09:10:21Z,199,7,5,5,3,0,1,1,1,1785487895
2026-07-31T09:10:21Z,200,15,0,10,1,0,1,1,1,1785486390
2026-07-31T09:10:21Z,201,7,3,16,0,0,1,1,1,1785488136
2026-07-31T09:10:21Z,202,0,0,27,0,0,1,1,1,1785486691
2026-07-31T09:10:21Z,203,26,3,4,1,0,1,1,1,1785487252
2026-07-31T09:10:21Z,204,31,1,3,1,0,1,1,1,1785488382
2026-07-31T09:10:21Z,205,13,1,14,0,0,1,1,1,1785488894
2026-07-31T09:10:21Z,206,1,1,13,1,0,1,1,1,1785486448
2026-07-31T09:10:21Z,207,14,0,7,0,0,1,1,1,1785488201
2026-07-31T09:10:21Z,208,2,0,27,0,0,1,1,1,1785486390
2026-07-31T09:10:21Z,209,10,1,19,2,0,1,1,1,1785488924
2026-07-31T09:10:21Z,210,23,2,4,0,0,1,1,1,1785485488
2026-07-31T09:10:21Z,211,15,6,7,1,0,1,1,1,1785487008
2026-07-31T09:10:21Z,212,25,0,9,1,0,1,1,1,1785488808
2026-07-31T09:10:21Z,213,12,1,9,2,0,1,1,1,1785488929
2026-07-31T09:10:21Z,214,29,0,14,4,0,1,1,1,1785488634
2026-07-31T09:10:21Z,215,6,1,16,1,0,1,1,1,1785486390
2026-07-31T09:10:21Z,216,9,0,9,1,0,1,1,1,1785487593
2026-07-31T09:10:21Z,217,9,0,19,1,0,1,1,1,1785488970
2026-07-31T09:10:21Z,218,21,5,16,2,0,1,1,1,1785488871
2026-07-31T09:10:21Z,219,0,0,25,1,0,1,1,1,1785488344
2026-07-31T09:10:21Z,220,24,7,17,1,1,1,1,1,1785484887
2026-07-31T09:10:21Z,221,10,6,4,1,0,1,1,1,1785488108
2026-07-31T09:10:21Z,222,16,12,2,1,0,1,1,1,1785485037
2026-07-31T09:10:21Z,223,8,3,24,3,0,1,1,1,1785488994
2026-07-31T09:10:21Z,224,7,5,14,1,0,1,1,1,1785487750
2026-07-31T09:10:21Z,225,10,0,3,6,0,1,1,1,1785487206
2026-07-31T09:10:21Z,226,30,10,1,0,0,1,1,1,1785487620
2026-07-31T09:10:21Z,227,19,13,7,0,1,1,1,1,1785485181
2026-07-31T09:10:21Z,228,1,0,17,1,0,1,1,1,1785484888
2026-07-31T09:10:21Z,230,16,9,10,0,0,1,1,1,1785486691
2026-07-31T09:10:21Z,232,13,6,3,1,0,1,1,1,1785486390
2026-07-31T09:10:21Z,233,19,0,10,2,0,1,1,1,1785487026
2026-07-31T09:10:21Z,234,8,3,6,3,2,1,1,1,1785487594
2026-07-31T09:10:21Z,236,14,3,5,0,0,1,1,1,1785486991
2026-07-31T09:10:21Z,237,22,4,0,1,0,1,1,1,1785486390
2026-07-31T09:10:21Z,239,23,18,1,3,0,1,1,1,1785486691
2026-07-31T09:10:21Z,241,19,6,4,0,0,1,1,1,1785487895
2026-07-31T09:10:21Z,242,1,1,21,1,0,1,1,1,1785487593
2026-07-31T09:10:21Z,243,12,0,18,1,0,1,1,1,1785487991
2026-07-31T09:10:21Z,244,13,1,13,1,0,1,1,1,1785488405
2026-07-31T09:10:21Z,245,4,4,19,0,0,1,1,1,1785488778
2026-07-31T09:10:21Z,246,13,0,10,0,0,1,1,1,1785487895
2026-07-31T09:10:21Z,247,12,10,10,1,0,1,1,1,1785486381
2026-07-31T09:10:21Z,248,19,4,1,3,0,1,1,1,1785488398
2026-07-31T09:10:21Z,249,2,0,17,0,0,1,1,1,1785488201
2026-07-31T09:10:21Z,250,23,5,4,0,0,1,1,1,1785487895
2026-07-31T09:10:21Z,251,22,5,2,3,0,1,1,1,1785486991
2026-07-31T09:10:21Z,253,7,4,11,1,0,1,1,1,1785488201
2026-07-31T09:10:21Z,254,26,21,16,1,0,1,1,1,1785485789
2026-07-31T09:10:21Z,255,5,0,17,0,1,1,1,1,1785488818
2026-07-31T09:10:21Z,256,10,5,11,2,0,1,1,1,1785485834
2026-07-31T09:10:21Z,257,14,6,4,1,0,1,1,1,1785486690
2026-07-31T09:10:21Z,258,1,0,18,0,0,1,1,1,1785482036
2026-07-31T09:10:21Z,259,20,3,2,0,1,1,1,1,1785487540
2026-07-31T09:10:21Z,260,14,4,2,3,0,1,1,1,1785486424
2026-07-31T09:10:21Z,261,16,0,1,1,1,1,1,1,1785484888
2026-07-31T09:10:21Z,262,20,11,3,0,0,1,1,1,1785488699
2026-07-31T09:10:21Z,263,14,3,1,0,0,1,1,1,1785486991
2026-07-31T09:10:21Z,264,18,6,0,1,0,1,1,1,1785488201
2026-07-31T09:10:21Z,265,15,1,0,0,0,1,1,1,1785488201
2026-07-31T09:10:21Z,266,16,7,0,3,0,1,1,1,1785488864
2026-07-31T09:10:21Z,267,7,3,6,2,0,1,1,1,1785484888
2026-07-31T09:10:21Z,268,23,9,0,0,0,1,1,1,1785484887
2026-07-31T09:10:21Z,269,9,3,13,1,0,1,1,1,1785484888
2026-07-31T09:10:21Z,270,25,3,2,0,0,1,1,1,1785485188
2026-07-31T09:10:21Z,271,0,0,17,2,0,1,1,1,1785486991
2026-07-31T09:10:21Z,272,13,13,9,1,0,1,1,1,1785486390
2026-07-31T09:10:21Z,273,14,5,1,0,0,1,1,1,1785484888
2026-07-31T09:10:21Z,274,18,8,0,1,0,1,1,1,1785487594
2026-07-31T09:10:21Z,275,13,0,6,2,2,1,1,1,1785488785
2026-07-31T09:10:21Z,276,1,0,26,0,0,1,1,1,1785486991
2026-07-31T09:10:21Z,277,12,1,6,5,0,1,1,1,1785488201
2026-07-31T09:10:21Z,278,23,2,5,2,1,1,1,1,1785487967
2026-07-31T09:10:21Z,279,17,0,2,0,0,1,1,1,1785487347
2026-07-31T09:10:21Z,280,10,1,19,2,0,1,1,1,1785488812
2026-07-31T09:10:21Z,281,19,0,0,0,0,1,1,1,1785486089
2026-07-31T09:10:21Z,282,5,2,13,0,0,1,1,1,1785484887
2026-07-31T09:10:21Z,283,34,1,1,0,0,1,1,1,1785486992
2026-07-31T09:10:21Z,284,18,4,15,2,0,1,1,1,1785488133
2026-07-31T09:10:21Z,285,8,7,15,0,0,1,1,1,1785485188
2026-07-31T09:10:21Z,286,16,15,2,5,0,1,1,1,1785488250
2026-07-31T09:10:21Z,287,13,4,7,3,0,1,1,1,1785484887
2026-07-31T09:10:21Z,288,14,10,5,0,0,1,1,1,1785486991
2026-07-31T09:10:21Z,289,24,3,0,3,0,1,1,1,1785488202
2026-07-31T09:10:21Z,290,7,0,31,1,0,1,1,1,1785486991
2026-07-31T09:10:21Z,291,9,2,12,2,0,1,1,1,1785488389
2026-07-31T09:10:21Z,292,22,0,1,0,0,1,1,1,1785485789
2026-07-31T09:10:21Z,293,17,10,6,0,0,1,1,1,1785486991
2026-07-31T09:10:21Z,294,0,0,21,1,0,1,1,1,1785486991
2026-07-31T09:10:21Z,297,11,1,5,2,1,1,1,1,1785488298
2026-07-31T09:10:21Z,301,17,1,2,0,0,1,1,1,1785486691
2026-07-31T09:10:21Z,302,0,0,23,0,0,1,1,1,1785486991
2026-07-31T09:10:21Z,303,19,0,0,0,0,1,1,1,1785485188
2026-07-31T09:10:21Z,304,0,0,0,0,0,0,1,1,86400
2026-07-31T09:10:21Z,305,19,0,0,0,0,1,1,1,1785485188
2026-07-31T09:10:21Z,306,2,0,29,1,0,1,1,1,1785485188
2026-07-31T09:10:21Z,307,17,1,4,1,1,1,1,1,1785488933
2026-07-31T09:10:21Z,308,14,0,3,2,0,1,1,1,1785485188
2026-07-31T09:10:21Z,309,13,3,0,1,0,1,1,1,1785488427
2026-07-31T09:10:21Z,311,15,0,0,0,0,1,1,1,1785486992
2026-07-31T09:10:21Z,312,6,3,12,4,1,1,1,1,1785488943
2026-07-31T09:10:21Z,313,3,1,12,0,0,1,1,1,1785486991
2026-07-31T09:10:21Z,314,4,3,11,3,0,1,1,1,1785486991
2026-07-31T09:10:21Z,315,23,6,6,2,0,1,1,1,1785488865
2026-07-31T09:10:21Z,316,4,1,20,6,1,1,1,1,1785488805
2026-07-31T09:10:21Z,317,0,0,30,0,1,1,1,1,1785488787
2026-07-31T09:10:21Z,318,16,0,3,0,0,1,1,1,1785486991
2026-07-31T09:10:21Z,319,17,3,5,1,0,1,1,1,1785488227
2026-07-31T09:10:21Z,320,18,5,0,1,0,1,1,1,1785487292
2026-07-31T09:10:21Z,321,8,1,7,4,0,1,1,1,1785488733
2026-07-31T09:10:21Z,322,5,1,23,1,0,1,1,1,1785484798
2026-07-31T09:10:21Z,323,8,0,11,0,0,1,1,1,1785487292
2026-07-31T09:10:21Z,324,7,2,19,1,0,1,1,1,1785488998
2026-07-31T09:10:21Z,325,4,3,21,2,0,1,1,1,1785484701
2026-07-31T09:10:21Z,327,25,0,1,1,0,1,1,1,1785487896
2026-07-31T09:10:21Z,328,20,0,1,1,0,1,1,1,1785484794
2026-07-31T09:10:21Z,329,17,0,0,2,0,1,1,1,1785487643
2026-07-31T09:10:21Z,330,3,0,19,0,0,1,1,1,1785485188
2026-07-31T09:10:21Z,331,12,3,10,1,0,1,1,1,1785487675
2026-07-31T09:10:21Z,332,10,3,7,2,0,1,1,1,1785487292
2026-07-31T09:10:21Z,333,2,1,20,1,0,1,1,1,1785487896
2026-07-31T09:10:21Z,334,11,8,12,0,0,1,1,1,1785487804
2026-07-31T09:10:21Z,335,3,2,18,1,1,1,1,1,1785487292
2026-07-31T09:10:21Z,336,18,2,1,0,0,1,1,1,1785487293
2026-07-31T09:10:21Z,337,17,3,1,5,0,1,1,1,1785488799
2026-07-31T09:10:21Z,338,17,8,2,0,0,1,1,1,1785487389
2026-07-31T09:10:21Z,339,20,10,2,1,0,1,1,1,1785488718
2026-07-31T09:10:21Z,340,13,11,1,1,0,1,1,1,1785487293
2026-07-31T09:10:21Z,341,11,4,8,0,0,1,1,1,1785487352
2026-07-31T09:10:21Z,342,13,7,0,2,0,1,1,1,1785487292
2026-07-31T09:10:21Z,343,21,1,1,1,0,1,1,1,1785487543
2026-07-31T09:10:21Z,344,23,9,0,0,0,1,1,1,1785488186
2026-07-31T09:10:21Z,345,19,3,0,0,0,1,1,1,1785487292
2026-07-31T09:10:21Z,346,8,6,15,0,0,1,1,1,1785487895
2026-07-31T09:10:21Z,347,0,0,42,2,0,1,1,1,1785488998
2026-07-31T09:10:21Z,348,21,3,0,1,1,1,1,1,1785488738
2026-07-31T09:10:21Z,349,6,1,13,0,0,1,1,1,1785487293
2026-07-31T09:10:21Z,350,24,3,1,1,1,1,1,1,1785487293
2026-07-31T09:10:21Z,351,20,3,0,3,0,1,1,1,1785488730
2026-07-31T09:10:21Z,355,23,1,0,0,0,1,1,1,1785487293
2026-07-31T09:10:21Z,356,18,2,1,0,0,1,1,1,1785487896
2026-07-31T09:10:21Z,357,13,4,6,0,0,1,1,1,1785485188
2026-07-31T09:10:21Z,358,24,4,2,1,0,1,1,1,1785487594
2026-07-31T09:10:21Z,359,22,0,5,0,0,1,1,1,1785487594
2026-07-31T09:10:21Z,360,16,4,1,2,0,1,1,1,1785487594
2026-07-31T09:10:21Z,362,17,5,0,2,0,1,1,1,1785487292
2026-07-31T09:10:21Z,363,0,0,27,0,0,1,1,1,1785488201
2026-07-31T09:10:21Z,364,19,3,0,0,0,1,1,1,1785487896
2026-07-31T09:10:21Z,365,17,5,3,3,0,1,1,1,1785488201
2026-07-31T09:10:21Z,366,15,8,1,7,0,1,1,1,1785488844
2026-07-31T09:10:21Z,367,16,9,1,2,0,1,1,1,1785487292
2026-07-31T09:10:21Z,368,20,3,1,2,0,1,1,1,1785486991
2026-07-31T09:10:21Z,370,15,8,12,0,0,1,1,1,1785487896
2026-07-31T09:10:21Z,371,4,2,14,1,0,1,1,1,1785484735
2026-07-31T09:10:21Z,372,8,2,7,0,0,1,1,1,1785487594
2026-07-31T09:10:21Z,373,24,8,3,0,0,1,1,1,1785486433
2026-07-31T09:10:21Z,374,17,7,0,2,0,1,1,1,1785488145
2026-07-31T09:10:21Z,375,20,5,4,3,0,1,1,1,1785487593
2026-07-31T09:10:21Z,376,28,2,5,6,0,1,1,1,1785488304
2026-07-31T09:10:21Z,377,25,9,2,0,0,1,1,1,1785487594
2026-07-31T09:10:21Z,378,22,5,0,1,1,1,1,1,1785489004
2026-07-31T09:10:21Z,379,14,0,13,0,0,1,1,1,1785487594
2026-07-31T09:10:21Z,380,21,7,1,1,0,1,1,1,1785488227
2026-07-31T09:10:21Z,381,14,0,9,0,0,1,1,1,1785488686
2026-07-31T09:10:21Z,383,12,0,1,2,0,1,1,1,1785487895
2026-07-31T09:10:21Z,384,26,1,0,1,0,1,1,1,1785487594
2026-07-31T09:10:21Z,385,14,2,2,2,0,1,1,1,1785487594
2026-07-31T09:10:21Z,387,21,2,2,0,0,1,1,1,1785488243
2026-07-31T09:10:21Z,388,16,3,33,0,0,1,1,1,1785485188
2026-07-31T09:10:21Z,389,9,8,6,0,0,1,1,1,1785487293
2026-07-31T09:10:21Z,390,18,0,17,0,0,1,1,1,1785488201
2026-07-31T09:10:21Z,391,4,0,10,1,0,1,1,1,1785487292
2026-07-31T09:10:21Z,392,3,3,15,1,0,1,1,1,1785488955
2026-07-31T09:10:21Z,393,3,3,5,3,0,1,1,1,1785487292
2026-07-31T09:10:21Z,394,9,6,2,2,0,1,1,1,1785487594
2026-07-31T09:10:21Z,396,7,7,32,3,0,1,1,1,1785487595
2026-07-31T09:10:21Z,397,4,4,27,0,0,1,1,1,1785488201
2026-07-31T09:10:21Z,399,13,2,2,2,0,1,1,1,1785487594
2026-07-31T09:10:21Z,400,11,6,9,3,0,1,1,1,1785487593
2026-07-31T09:10:21Z,401,9,0,22,8,0,1,1,1,1785487384
2026-07-31T09:10:21Z,403,3,0,26,2,0,1,1,1,1785488759
2026-07-31T09:10:21Z,404,2,1,20,1,0,1,1,1,1785486690
2026-07-31T09:10:21Z,406,2,0,32,1,0,1,1,1,1785486993
2026-07-31T09:10:21Z,407,16,3,17,1,0,1,1,1,1785484887
2026-07-31T09:10:21Z,408,12,2,20,1,0,1,1,1,1785480622
2026-07-31T09:10:21Z,409,0,0,20,3,0,1,1,1,1785488970
2026-07-31T09:10:21Z,413,21,5,0,2,0,1,1,1,1785488201
2026-07-31T09:10:21Z,414,13,4,1,1,0,1,1,1,1785485488
2026-07-31T09:10:21Z,417,11,7,8,0,0,1,1,1,1785488201
2026-07-31T09:10:21Z,418,1,0,13,1,0,1,1,1,1785488201
2026-07-31T09:10:21Z,419,10,0,12,1,0,1,1,1,1785487895
2026-07-31T09:10:21Z,421,1,0,18,0,0,1,1,1,1785488201
2026-07-31T09:10:21Z,422,2,2,24,1,0,1,1,1,1785487961
2026-07-31T09:10:21Z,423,6,1,17,0,0,1,1,1,1785477801
2026-07-31T09:10:21Z,424,2,1,10,3,0,1,1,1,1785488917
2026-07-31T09:10:21Z,425,20,0,1,0,1,1,1,1,1785485489
2026-07-31T09:10:21Z,426,0,0,35,2,0,1,1,1,1785483994
2026-07-31T09:10:21Z,427,14,1,0,1,0,1,1,1,1785488774
2026-07-31T09:10:21Z,428,14,1,4,1,0,1,1,1,1785488201
2026-07-31T09:10:21Z,429,1,0,20,2,0,1,1,1,1785488273
2026-07-31T09:10:21Z,430,28,0,0,3,0,1,1,1,1785485488
2026-07-31T09:10:21Z,431,15,0,17,1,0,1,1,1,1785488642
2026-07-31T09:10:21Z,432,18,0,11,2,0,1,1,1,1785488201
2026-07-31T09:10:21Z,433,19,6,3,1,0,1,1,1,1785488201
2026-07-31T09:10:21Z,437,3,1,15,1,0,1,1,1,1785487897
2026-07-31T09:10:21Z,438,17,0,1,1,0,1,1,1,1785488928
2026-07-31T09:10:21Z,439,5,0,10,0,0,1,1,1,1785488201
2026-07-31T09:10:21Z,440,13,1,0,2,0,1,1,1,1785488201
2026-07-31T09:10:21Z,441,10,2,4,1,0,1,1,1,1785485488
2026-07-31T09:10:21Z,442,17,9,1,1,0,1,1,1,1785487895
2026-07-31T09:10:21Z,443,4,2,23,0,0,1,1,1,1785485488
2026-07-31T09:10:21Z,444,2,2,21,0,0,1,1,1,1785485488
2026-07-31T09:10:21Z,445,7,2,15,1,0,1,1,1,1785488839
2026-07-31T09:10:21Z,446,1,1,21,1,0,1,1,1,1785487896
2026-07-31T09:10:21Z,447,3,0,18,1,1,1,1,1,1785485488
2026-07-31T09:10:21Z,448,9,4,5,1,0,1,1,1,1785487895
2026-07-31T09:10:21Z,452,8,6,10,1,0,1,1,1,1785487661
2026-07-31T09:10:21Z,453,6,5,8,1,0,1,1,1,1785488004
2026-07-31T09:10:21Z,454,9,0,10,0,0,1,1,1,1785488201
2026-07-31T09:10:21Z,455,0,0,39,0,0,1,1,1,1785487895
2026-07-31T09:10:21Z,456,9,0,10,1,0,1,1,1,1785488770
2026-07-31T09:10:21Z,457,25,2,0,2,0,1,1,1,1785487895
2026-07-31T09:10:21Z,458,15,6,8,0,0,1,1,1,1785487229
2026-07-31T09:10:21Z,459,15,0,0,0,0,1,1,1,1785485789
2026-07-31T09:10:21Z,460,20,2,2,1,0,1,1,1,1785487896
2026-07-31T09:10:21Z,461,5,1,14,0,0,1,1,1,1785487878
2026-07-31T09:10:21Z,462,9,0,12,0,0,1,1,1,1785487895
2026-07-31T09:10:21Z,463,13,1,6,0,0,1,1,1,1785487897
2026-07-31T09:10:21Z,464,3,1,11,0,0,1,1,1,1785485789
2026-07-31T09:10:21Z,465,0,0,14,1,0,1,1,1,1785485789
2026-07-31T09:10:21Z,466,11,3,2,2,0,1,1,1,1785485789
2026-07-31T09:10:21Z,467,5,1,13,1,0,1,1,1,1785471818
2026-07-31T09:10:21Z,468,17,1,1,1,0,1,1,1,1785485789
2026-07-31T09:10:21Z,469,2,1,21,0,0,1,1,1,1785487896
2026-07-31T09:10:21Z,470,13,1,0,2,0,1,1,1,1785488927
2026-07-31T09:10:21Z,471,22,2,5,0,0,1,1,1,1785487895
2026-07-31T09:10:21Z,472,18,6,0,1,0,1,1,1,1785488893
2026-07-31T09:10:21Z,473,19,5,0,0,0,1,1,1,1785485789
2026-07-31T09:10:21Z,474,16,0,3,0,0,1,1,1,1785488959
2026-07-31T09:10:21Z,475,3,0,15,1,0,1,1,1,1785485789
2026-07-31T09:10:21Z,477,11,8,3,1,0,1,1,1,1785486182
2026-07-31T09:10:21Z,478,6,0,24,1,0,1,1,1,1785485789
2026-07-31T09:10:21Z,479,1,1,24,2,0,1,1,1,1785487379
2026-07-31T09:10:21Z,480,2,0,10,3,0,1,1,1,1785485789
2026-07-31T09:10:21Z,481,27,1,7,1,0,1,1,1,1785488972
2026-07-31T09:10:21Z,482,18,6,1,0,0,1,1,1,1785487895
2026-07-31T09:10:21Z,483,2,0,23,2,0,1,1,1,1785488874
2026-07-31T09:10:21Z,484,8,2,10,1,0,1,1,1,1785488832
2026-07-31T09:10:21Z,485,16,6,1,1,1,1,1,1,1785488944
2026-07-31T09:10:21Z,486,25,6,0,2,0,1,1,1,1785488926
2026-07-31T09:10:21Z,487,7,4,11,1,0,1,1,1,1785486902
2026-07-31T09:10:21Z,489,12,6,3,0,0,1,1,1,1785488501
2026-07-31T09:10:21Z,490,2,1,14,0,0,1,1,1,1785486473
2026-07-31T09:10:21Z,491,4,1,17,0,0,1,1,1,1785486090
2026-07-31T09:10:21Z,492,5,3,2,4,0,1,1,1,1785489009
2026-07-31T09:10:21Z,493,0,0,26,1,0,1,1,1,1785487895
2026-07-31T09:10:21Z,495,10,0,2,3,0,1,1,1,1785487895
2026-07-31T09:10:21Z,496,27,1,0,0,0,1,1,1,1785486089
2026-07-31T09:10:21Z,497,17,0,1,1,0,1,1,1,1785488201
2026-07-31T09:10:21Z,498,22,3,0,1,0,1,1,1,1785486119
2026-07-31T09:10:21Z,499,17,1,1,1,0,1,1,1,1785487896
2026-07-31T09:10:21Z,500,8,4,1,6,0,1,1,1,1785487895
2026-07-31T09:10:21Z,501,10,4,11,0,0,1,1,1,1785487896
2026-07-31T09:10:21Z,502,6,0,13,0,0,1,1,1,1785486089
2026-07-31T09:10:21Z,503,26,0,4,1,0,1,1,1,1785487895
2026-07-31T09:10:21Z,504,0,0,39,0,0,1,1,1,1785486562
2026-07-31T09:10:21Z,505,10,1,1,1,0,1,1,1,1785487586
2026-07-31T09:10:21Z,511,2,1,21,0,0,1,1,1,1785486354
2026-07-31T09:10:21Z,512,7,0,20,0,0,1,1,1,1785487895
2026-07-31T09:10:21Z,514,10,0,0,1,0,1,1,1,1785486089
2026-07-31T09:10:21Z,515,2,0,17,0,0,1,1,1,1785487895
2026-07-31T09:10:21Z,516,0,0,27,0,0,1,1,1,1785484039
2026-07-31T09:10:21Z,517,14,3,8,1,0,1,1,1,1785486090
2026-07-31T09:10:21Z,518,14,1,0,1,0,1,1,1,1785486390
2026-07-31T09:10:21Z,519,4,0,13,2,0,1,1,1,1785487925
2026-07-31T09:10:21Z,520,11,7,10,5,1,1,1,1,1785489006
2026-07-31T09:10:21Z,521,18,5,5,0,0,1,1,1,1785487895
2026-07-31T09:10:21Z,522,0,0,22,1,0,1,1,1,1785486390
2026-07-31T09:10:21Z,523,6,3,16,1,0,1,1,1,1785487895
2026-07-31T09:10:21Z,524,1,0,22,0,0,1,1,1,1785486695
2026-07-31T09:10:21Z,525,9,0,10,0,0,1,1,1,1785488201
2026-07-31T09:10:21Z,526,13,1,0,2,0,1,1,1,1785486390
2026-07-31T09:10:21Z,527,6,4,17,3,0,1,1,1,1785488984
2026-07-31T09:10:21Z,528,21,2,1,1,0,1,1,1,1785486390
2026-07-31T09:10:21Z,529,6,3,7,6,0,1,1,1,1785489009
2026-07-31T09:10:21Z,530,16,1,3,2,0,1,1,1,1785488201
2026-07-31T09:10:21Z,531,21,1,0,1,1,1,1,1,1785488201
2026-07-31T09:10:21Z,532,3,3,27,1,0,1,1,1,1785488341
2026-07-31T09:10:21Z,533,8,1,9,2,0,1,1,1,1785486390
2026-07-31T09:10:21Z,534,16,2,7,0,0,1,1,1,1785488202
2026-07-31T09:10:21Z,535,2,0,13,0,0,1,1,1,1785486390
2026-07-31T09:10:21Z,536,1,0,22,0,0,1,1,1,1785488201
2026-07-31T09:10:21Z,537,1,1,19,0,0,1,1,1,1785488280
2026-07-31T09:10:21Z,538,21,8,0,0,2,1,1,1,1785488730
2026-07-31T09:10:21Z,539,5,5,26,0,0,1,1,1,1785488201
2026-07-31T09:10:21Z,540,2,1,17,0,0,1,1,1,1785486391
2026-07-31T09:10:21Z,541,26,2,0,1,0,1,1,1,1785486390
2026-07-31T09:10:21Z,542,2,2,21,0,0,1,1,1,1785486390
2026-07-31T09:10:21Z,543,17,2,1,1,0,1,1,1,1785488201
2026-07-31T09:10:21Z,544,14,1,4,4,0,1,1,1,1785486390
2026-07-31T09:10:21Z,545,0,0,17,2,0,1,1,1,1785486390
2026-07-31T09:10:21Z,546,15,7,4,0,0,1,1,1,1785487438
2026-07-31T09:10:21Z,547,19,0,6,0,0,1,1,1,1785488201
2026-07-31T09:10:21Z,548,14,1,9,0,0,1,1,1,1785486390
2026-07-31T09:10:21Z,549,20,0,3,0,0,1,1,1,1785486390
2026-07-31T09:10:21Z,550,17,2,2,0,0,1,1,1,1785486390
2026-07-31T09:10:21Z,551,16,4,7,0,0,1,1,1,1785486390
2026-07-31T09:10:21Z,552,27,3,0,0,0,1,1,1,1785486390
2026-07-31T09:10:21Z,553,20,4,1,1,1,1,1,1,1785488971
2026-07-31T09:10:21Z,554,1,1,18,0,0,1,1,1,1785486691
2026-07-31T09:10:21Z,555,14,6,0,1,0,1,1,1,1785488201
2026-07-31T09:10:21Z,556,21,4,0,2,0,1,1,1,1785488783
2026-07-31T09:10:21Z,557,6,4,12,5,0,1,1,1,1785488202
2026-07-31T09:10:21Z,558,27,4,10,0,0,1,1,1,1785488201
2026-07-31T09:10:21Z,559,0,0,18,1,0,1,1,1,1785486390
2026-07-31T09:10:21Z,560,9,0,18,0,0,1,1,1,1785488201
2026-07-31T09:10:21Z,561,13,1,9,1,0,1,1,1,1785486390
2026-07-31T09:10:21Z,562,3,0,29,3,0,1,1,1,1785486691
2026-07-31T09:10:21Z,563,11,1,3,0,0,1,1,1,1785482241
2026-07-31T09:10:21Z,564,12,0,6,1,0,1,1,1,1785488201
2026-07-31T09:10:21Z,565,7,2,12,0,0,1,1,1,1785487917
2026-07-31T09:10:21Z,566,16,0,2,1,0,1,1,1,1785488891
2026-07-31T09:10:21Z,567,25,1,1,1,0,1,1,1,1785485492
2026-07-31T09:10:21Z,568,13,0,5,1,0,1,1,1,1785486691
2026-07-31T09:10:21Z,569,17,3,2,0,0,1,1,1,1785486691
2026-07-31T09:10:21Z,570,13,1,6,0,0,1,1,1,1785486691
2026-07-31T09:10:21Z,571,0,0,23,0,0,1,1,1,1785486691
2026-07-31T09:10:21Z,572,16,5,2,1,0,1,1,1,1785488201
2026-07-31T09:10:21Z,573,13,0,2,0,0,1,1,1,1785486691
2026-07-31T09:10:21Z,574,10,3,5,0,0,1,1,1,1785487852
2026-07-31T09:10:21Z,575,5,0,15,1,0,1,1,1,1785488201
2026-07-31T09:10:21Z,576,3,0,14,2,0,1,1,1,1785488201
2026-07-31T09:10:21Z,577,13,0,18,0,0,1,1,1,1785488201
2026-07-31T09:10:21Z,578,15,10,7,1,0,1,1,1,1785486996
2026-07-31T09:10:21Z,579,4,0,39,0,0,1,1,1,1785486691
2026-07-31T09:10:21Z,580,4,0,25,0,0,1,1,1,1785486691
2026-07-31T09:10:21Z,581,18,2,1,0,0,1,1,1,1785487551
2026-07-31T09:10:21Z,582,22,0,38,1,0,1,1,1,1785488950
2026-07-31T09:10:21Z,583,23,1,0,0,0,1,1,1,1785486691
2026-07-31T09:10:21Z,584,9,4,6,4,0,1,1,1,1785486691
2026-07-31T09:10:21Z,585,16,3,10,0,1,1,1,1,1785488201
2026-07-31T09:10:21Z,586,13,0,22,0,0,1,1,1,1785488201
2026-07-31T09:10:21Z,587,19,0,4,1,0,1,1,1,1785488186
2026-07-31T09:10:21Z,588,11,3,5,3,0,1,1,1,1785488826
2026-07-31T09:10:21Z,589,0,0,0,23,0,1,1,1,1785488911
2026-07-31T09:10:21Z,590,19,4,11,1,0,1,1,1,1785479272
2026-07-31T09:10:21Z,591,28,1,0,2,0,1,1,1,1785486691
2026-07-31T09:10:21Z,592,12,0,11,0,0,1,1,1,1785488952
2026-07-31T09:10:21Z,593,0,0,38,0,0,1,1,1,1785488201
2026-07-31T09:10:21Z,594,6,0,12,3,0,1,1,1,1785488888
2026-07-31T09:10:21Z,595,0,0,3,0,0,0,1,1,1784046673
2026-07-31T09:10:21Z,605,0,0,2,1,0,0,1,1,1783975843
2026-07-31T09:10:21Z,606,0,0,0,0,0,0,1,1,86400
2026-07-31T09:10:21Z,607,9,1,22,1,0,1,1,1,1785488201
2026-07-31T09:10:21Z,608,1,0,49,0,0,1,1,1,1785486736
2026-07-31T09:10:21Z,609,2,0,21,0,0,1,1,1,1785488201
2026-07-31T09:10:21Z,610,0,0,35,0,0,1,1,1,1785488201
2026-07-31T09:10:21Z,611,12,0,14,1,0,1,1,1,1785488201
2026-07-31T09:10:21Z,612,6,1,9,0,0,1,1,1,1785486691
2026-07-31T09:10:21Z,613,9,0,3,3,0,1,1,1,1785488202
2026-07-31T09:10:21Z,614,1,1,23,2,1,1,1,1,1785486629
2026-07-31T09:10:21Z,617,11,0,2,2,0,1,1,1,1785488879
2026-07-31T09:10:21Z,618,13,2,1,5,0,1,1,1,1785486690
2026-07-31T09:10:21Z,619,7,2,12,0,0,1,1,1,1785488201
2026-07-31T09:10:21Z,620,0,0,27,0,0,1,1,1,1785488201
2026-07-31T09:10:21Z,621,7,2,15,1,0,1,1,1,1785488201
2026-07-31T09:10:21Z,622,5,2,17,1,0,1,1,1,1785488201
2026-07-31T09:10:21Z,623,9,2,20,1,0,1,1,1,1785488201
2026-07-31T09:10:21Z,624,2,0,13,0,0,1,1,1,1785486691
2026-07-31T09:10:21Z,625,5,0,14,2,0,1,1,1,1785488201
2026-07-31T09:10:21Z,626,0,0,45,0,2,1,1,1,1785469585
2026-07-31T09:10:21Z,627,13,6,6,0,0,1,1,1,1785488201
2026-07-31T09:10:21Z,628,0,0,15,2,2,1,1,1,1785488753
2026-07-31T09:10:21Z,629,4,1,6,1,0,1,1,1,1785488808
2026-07-31T09:10:21Z,630,3,2,21,3,0,1,1,1,1785488937
2026-07-31T09:10:21Z,631,2,1,21,0,0,1,1,1,1785488201
2026-07-31T09:10:21Z,632,22,2,0,1,0,1,1,1,1785488201
2026-07-31T09:10:21Z,633,11,1,0,4,0,1,1,1,1785488781
2026-07-31T09:10:21Z,634,11,2,8,0,0,1,1,1,1785486991
2026-07-31T09:10:21Z,635,17,1,2,0,0,1,1,1,1785488201
2026-07-31T09:10:21Z,636,10,2,5,0,0,1,1,1,1785488201
2026-07-31T09:10:21Z,637,8,0,11,0,0,1,1,1,1785488201
2026-07-31T09:10:21Z,638,9,2,8,2,0,1,1,1,1785488216
2026-07-31T09:10:21Z,639,5,1,11,3,0,1,1,1,1785479066
2026-07-31T09:10:21Z,640,1,1,21,1,0,1,1,1,1785488937
2026-07-31T09:10:21Z,641,21,1,3,2,0,1,1,1,1785487278
2026-07-31T09:10:21Z,642,4,2,7,8,0,1,1,1,1785489007
2026-07-31T09:10:21Z,643,2,0,17,8,0,1,1,1,1785489010
2026-07-31T09:10:21Z,644,12,0,2,1,0,1,1,1,1785486991
2026-07-31T09:10:21Z,645,11,0,10,1,1,1,1,1,1785488495
2026-07-31T09:10:21Z,646,7,2,12,0,0,1,1,1,1785488816
2026-07-31T09:10:21Z,647,31,1,0,0,0,1,1,1,1785469507
2026-07-31T09:10:21Z,648,6,0,12,1,0,1,1,1,1785488201
2026-07-31T09:10:21Z,649,19,2,11,1,0,1,1,1,1785488237
2026-07-31T09:10:21Z,650,5,1,9,0,0,1,1,1,1785488201
2026-07-31T09:10:21Z,651,11,9,12,0,0,1,1,1,1785482207
2026-07-31T09:10:21Z,652,4,2,17,2,0,1,1,1,1785488926
2026-07-31T09:10:21Z,653,8,1,9,2,0,1,1,1,1785488201
2026-07-31T09:10:21Z,654,2,2,13,0,0,1,1,1,1785488202
2026-07-31T09:10:21Z,655,6,3,2,4,1,1,1,1,1785488829
2026-07-31T09:10:21Z,656,18,6,1,0,0,1,1,1,1785488201
2026-07-31T09:10:21Z,657,9,1,3,2,3,1,1,1,1785488866
2026-07-31T09:10:21Z,658,9,1,1,0,0,1,1,1,1785473427
2026-07-31T09:10:21Z,659,8,3,5,2,0,1,1,1,1785488201
2026-07-31T09:10:21Z,660,13,0,14,4,0,1,1,1,1785488964
2026-07-31T09:10:21Z,661,1,1,18,0,0,1,1,1,1785488202
2026-07-31T09:10:21Z,662,7,5,14,2,0,1,1,1,1785480458
2026-07-31T09:10:21Z,663,14,6,0,1,0,1,1,1,1785488201
2026-07-31T09:10:21Z,664,0,0,27,0,0,1,1,1,1785472715
2026-07-31T09:10:21Z,665,12,3,3,0,0,1,1,1,1785488202
2026-07-31T09:10:21Z,666,7,2,6,2,0,1,1,1,1785488201
2026-07-31T09:10:21Z,667,0,0,19,0,0,1,1,1,1785486991
2026-07-31T09:10:21Z,668,10,1,8,1,0,1,1,1,1785488201
2026-07-31T09:10:21Z,669,14,5,0,0,0,1,1,1,1785488201
2026-07-31T09:10:21Z,670,11,2,16,0,0,1,1,1,1785486992
2026-07-31T09:10:21Z,671,25,5,1,1,0,1,1,1,1785488853
2026-07-31T09:10:21Z,672,13,2,6,3,1,1,1,1,1785486991
2026-07-31T09:10:21Z,673,12,1,9,2,0,1,1,1,1785488625
2026-07-31T09:10:21Z,674,3,2,17,3,0,1,1,1,1785488715
2026-07-31T09:10:21Z,675,12,6,1,2,0,1,1,1,1785488739
2026-07-31T09:10:21Z,676,6,1,15,1,0,1,1,1,1785488643
2026-07-31T09:10:21Z,681,12,3,1,2,0,1,1,1,1785488201
2026-07-31T09:10:21Z,682,4,1,14,1,0,1,1,1,1785486991
2026-07-31T09:10:21Z,683,4,1,15,0,0,1,1,1,1785488334
2026-07-31T09:10:21Z,684,3,0,24,0,0,1,1,1,1785487883
2026-07-31T09:10:21Z,685,10,0,15,1,1,1,1,1,1785488201
2026-07-31T09:10:21Z,686,11,0,14,1,1,1,1,1,1785488095
2026-07-31T09:10:21Z,687,11,0,18,1,1,1,1,1,1785488927
2026-07-31T09:10:21Z,688,10,0,2,7,0,1,1,1,1785488995
2026-07-31T09:10:21Z,692,4,1,17,0,0,1,1,1,1785488150
2026-07-31T09:10:21Z,693,5,0,3,3,0,1,1,1,1785488989
2026-07-31T09:10:21Z,694,9,5,12,0,0,1,1,1,1785488738
2026-07-31T09:10:21Z,695,17,11,6,0,0,1,1,1,1785488876
2026-07-31T09:10:21Z,696,19,14,3,1,0,1,1,1,1785488796
2026-07-31T09:10:21Z,697,20,1,3,0,0,1,1,1,1785488607
2026-07-31T09:10:21Z,698,26,0,1,0,0,1,1,1,1785487932
2026-07-31T09:10:21Z,699,7,0,7,1,0,1,1,1,1785488201
2026-07-31T09:10:21Z,700,19,4,0,0,0,1,1,1,1785487599
2026-07-31T09:10:21Z,701,17,6,2,0,0,1,1,1,1785488846
2026-07-31T09:10:21Z,702,18,0,4,1,0,1,1,1,1785488049
2026-07-31T09:10:21Z,704,9,2,6,0,0,1,1,1,1785488247
2026-07-31T09:10:21Z,705,5,3,9,1,0,1,1,1,1785488200
2026-07-31T09:10:21Z,706,12,2,0,3,0,1,1,1,1785488813
2026-07-31T09:10:21Z,707,10,2,5,0,0,1,1,1,1785487639
2026-07-31T09:10:21Z,708,19,3,0,0,0,1,1,1,1785488201
2026-07-31T09:10:21Z,709,11,1,1,3,0,1,1,1,1785488200
2026-07-31T09:10:21Z,710,16,3,2,1,0,1,1,1,1785488887
2026-07-31T09:10:21Z,711,19,4,0,4,0,1,1,1,1785488952
2026-07-31T09:10:21Z,712,15,10,0,0,0,1,1,1,1785488829
2026-07-31T09:10:21Z,713,6,0,17,0,0,1,1,1,1785488200
2026-07-31T09:10:21Z,716,3,1,12,0,0,1,1,1,1785488331
2026-07-31T09:10:21Z,717,2,1,20,3,0,1,1,1,1785487431
2026-07-31T09:10:21Z,718,3,1,11,1,0,1,1,1,1785488999
2026-07-31T09:10:21Z,719,7,1,22,0,0,1,1,1,1785488407
2026-07-31T09:10:21Z,720,2,1,17,0,0,1,1,1,1785488200
2026-07-31T09:10:21Z,721,0,0,21,2,0,1,1,1,1785488444
2026-07-31T09:10:21Z,722,5,0,10,0,0,1,1,1,1785488200
2026-07-31T09:10:21Z,723,12,1,11,0,0,1,1,1,1785487894
2026-07-31T09:10:21Z,724,21,4,2,0,0,1,1,1,1785488592
2026-07-31T09:10:21Z,725,22,6,0,1,0,1,1,1,1785488200
2026-07-31T09:10:21Z,726,19,3,0,0,0,1,1,1,1785488366
2026-07-31T09:10:21Z,727,9,4,12,2,0,1,1,1,1785488391
2026-07-31T09:10:21Z,728,9,0,5,1,0,1,1,1,1785487953
2026-07-31T09:10:21Z,729,6,0,13,0,0,1,1,1,1785488827
2026-07-31T09:10:21Z,730,3,2,10,2,0,1,1,1,1785488547
2026-07-31T09:10:21Z,731,10,3,4,1,0,1,1,1,1785487658
2026-07-31T09:10:21Z,732,9,5,6,0,0,1,1,1,1785488697
2026-07-31T09:10:21Z,733,4,0,23,0,0,1,1,1,1785487667
2026-07-31T09:10:21Z,734,0,0,14,0,0,1,1,1,1785488659
2026-07-31T09:10:21Z,735,4,3,23,0,0,1,1,1,1785487895
2026-07-31T09:10:21Z,736,7,1,12,0,0,1,1,1,1785488088
2026-07-31T09:10:21Z,737,4,3,10,0,1,1,1,1,1785488216
2026-07-31T09:10:21Z,738,17,6,0,2,0,1,1,1,1785488200
2026-07-31T09:10:21Z,739,19,2,7,1,0,1,1,1,1785487688
2026-07-31T09:10:21Z,741,7,1,16,0,0,1,1,1,1785487979
2026-07-31T09:10:21Z,742,5,0,27,3,0,1,1,1,1785488245
2026-07-31T09:10:21Z,743,8,3,9,2,0,1,1,1,1785488200
2026-07-31T09:10:21Z,744,11,4,3,1,0,1,1,1,1785488355
2026-07-31T09:10:21Z,745,14,4,4,1,0,1,1,1,1785488362
2026-07-31T09:10:21Z,746,12,3,9,2,0,1,1,1,1785487335
2026-07-31T09:10:21Z,747,0,0,4,0,0,0,1,1,1783446606
2026-07-31T09:10:21Z,748,10,1,13,0,0,1,1,1,1785487330
2026-07-31T09:10:21Z,749,7,5,15,1,0,1,1,1,1785487244
2026-07-31T09:10:21Z,750,4,2,7,0,0,1,1,1,1785487894
2026-07-31T09:10:21Z,751,8,0,15,0,0,1,1,1,1785488585
2026-07-31T09:10:21Z,752,13,1,3,1,0,1,1,1,1785488200
2026-07-31T09:10:21Z,753,4,0,11,0,0,1,1,1,1785488495
2026-07-31T09:10:21Z,754,1,1,13,1,0,1,1,1,1785488910
2026-07-31T09:10:21Z,755,12,3,10,1,0,1,1,1,1785487215
2026-07-31T09:10:21Z,756,2,0,35,0,0,1,1,1,1785487923
2026-07-31T09:10:21Z,757,18,9,1,0,0,1,1,1,1785488201
2026-07-31T09:10:21Z,758,22,3,1,0,0,1,1,1,1785488749
2026-07-31T09:10:21Z,759,5,3,10,0,0,1,1,1,1785488477
2026-07-31T09:10:21Z,760,8,3,11,0,0,1,1,1,1785488200
2026-07-31T09:10:21Z,761,16,0,6,1,0,1,1,1,1785488834
2026-07-31T09:10:21Z,762,7,4,4,4,0,1,1,1,1785488200
2026-07-31T09:10:21Z,768,8,0,8,3,0,1,1,1,1785488586
2026-07-31T09:10:21Z,769,16,12,3,0,0,1,1,1,1785488210
2026-07-31T09:10:21Z,770,11,3,6,2,0,1,1,1,1785488146
2026-07-31T09:10:21Z,771,13,3,1,1,0,1,1,1,1785488200
2026-07-31T09:10:21Z,772,7,3,8,0,0,1,1,1,1785488205
2026-07-31T09:10:21Z,773,15,4,4,0,0,1,1,1,1785488201
2026-07-31T09:10:21Z,774,9,5,3,3,0,1,1,1,1785488200
2026-07-31T09:10:21Z,775,6,0,11,1,1,1,1,1,1785488308
2026-07-31T09:10:21Z,776,3,1,17,1,0,1,1,1,1785488365
2026-07-31T09:10:21Z,777,10,0,2,3,0,1,1,1,1785488201
2026-07-31T09:10:21Z,778,13,0,3,3,0,1,1,1,1785488261
2026-07-31T09:10:21Z,779,8,1,10,1,0,1,1,1,1785488945
2026-07-31T09:10:21Z,780,17,4,1,1,0,1,1,1,1785488567
2026-07-31T09:10:21Z,781,6,2,3,2,0,1,1,1,1785488897
2026-07-31T09:10:21Z,782,5,3,10,4,0,1,1,1,1785488200
2026-07-31T09:10:21Z,783,7,1,12,0,0,1,1,1,1785488954
2026-07-31T09:10:21Z,784,15,2,4,0,0,1,1,1,1785488562
2026-07-31T09:10:21Z,785,11,2,2,6,0,1,1,1,1785487291
2026-07-31T09:10:21Z,786,11,5,8,0,0,1,1,1,1785488769
2026-07-31T09:10:21Z,787,11,5,2,2,0,1,1,1,1785488411
2026-07-31T09:10:21Z,788,3,0,12,0,0,1,1,1,1785488333
2026-07-31T09:10:21Z,789,10,2,1,4,0,1,1,1,1785488200
2026-07-31T09:10:21Z,790,1,0,22,0,0,1,1,1,1785488452
2026-07-31T09:10:21Z,791,7,2,11,0,1,1,1,1,1785488213
2026-07-31T09:10:21Z,793,4,0,10,1,0,1,1,1,1785488201
2026-07-31T09:10:21Z,794,8,3,19,2,0,1,1,1,1785488459
2026-07-31T09:10:21Z,796,0,0,17,2,0,1,1,1,1785488201
2026-07-31T09:10:21Z,797,1,0,14,0,0,1,1,1,1785487593
2026-07-31T09:10:21Z,798,6,0,18,1,0,1,1,1,1785488200
2026-07-31T09:10:21Z,799,15,1,1,3,0,1,1,1,1785488201
2026-07-31T09:10:21Z,800,1,0,19,1,0,1,1,1,1785488220
2026-07-31T09:10:21Z,801,4,2,16,1,0,1,1,1,1785487820
2026-07-31T09:10:21Z,802,8,0,23,0,0,1,1,1,1785488200
2026-07-31T09:10:21Z,803,1,1,14,0,0,1,1,1,1785488200
2026-07-31T09:10:21Z,806,8,3,7,0,0,1,1,1,1785488200
2026-07-31T09:10:21Z,807,14,0,8,3,0,1,1,1,1785488232
2026-07-31T09:10:21Z,808,0,0,23,2,0,1,1,1,1785488225
2026-07-31T09:10:21Z,809,5,1,17,1,0,1,1,1,1785488200
2026-07-31T09:10:21Z,810,2,0,13,4,0,1,1,1,1785488201
2026-07-31T09:10:21Z,815,4,1,6,4,1,1,1,1,1785487892
2026-07-31T09:10:21Z,817,10,5,5,0,0,1,1,1,1785488927
2026-07-31T09:10:21Z,818,6,0,16,1,0,1,1,1,1785488333
2026-07-31T09:10:21Z,819,6,4,9,0,0,1,1,1,1785487291
2026-07-31T09:10:21Z,820,8,2,9,0,0,1,1,1,1785488848
2026-07-31T09:10:21Z,821,2,1,13,0,0,1,1,1,1785488200
2026-07-31T09:10:21Z,822,1,0,20,2,0,1,1,1,1785488279
2026-07-31T09:10:21Z,823,0,0,14,1,0,1,1,1,1785488200
2026-07-31T09:10:21Z,824,12,3,6,1,0,1,1,1,1785488710
2026-07-31T09:10:21Z,825,8,5,7,0,0,1,1,1,1785488201
2026-07-31T09:10:21Z,826,10,2,8,1,0,1,1,1,1785488718
2026-07-31T09:10:21Z,827,16,5,4,1,0,1,1,1,1785488215
2026-07-31T09:10:21Z,828,10,0,7,1,0,1,1,1,1785488107
2026-07-31T09:10:21Z,829,16,7,11,0,0,1,1,1,1785488956
2026-07-31T09:10:21Z,830,12,3,10,1,0,1,1,1,1785488274
2026-07-31T09:10:21Z,831,7,2,7,1,0,1,1,1,1785487404
2026-07-31T09:10:21Z,832,10,3,5,3,0,1,1,1,1785487593
2026-07-31T09:10:21Z,833,1,0,17,1,0,1,1,1,1785487310
2026-07-31T09:10:21Z,834,1,0,22,1,0,1,1,1,1785488555
2026-07-31T09:10:21Z,835,16,6,0,2,0,1,1,1,1785488785
2026-07-31T09:10:21Z,837,5,1,0,10,0,1,1,1,1785487604
2026-07-31T09:10:21Z,838,14,3,1,0,0,1,1,1,1785488442
2026-07-31T09:10:21Z,839,20,1,9,0,0,1,1,1,1785488063
2026-07-31T09:10:21Z,840,8,3,19,2,0,1,1,1,1785488595
2026-07-31T09:10:21Z,841,7,1,8,0,0,1,1,1,1785487401
2026-07-31T09:10:21Z,842,7,2,16,0,0,1,1,1,1785489004
2026-07-31T09:10:21Z,843,8,0,22,1,0,1,1,1,1785488200
2026-07-31T09:10:21Z,844,6,0,17,0,0,1,1,1,1785487384
2026-07-31T09:10:21Z,845,5,3,12,2,0,1,1,1,1785487572
2026-07-31T09:10:21Z,846,4,0,13,2,0,1,1,1,1785488523
2026-07-31T09:10:21Z,847,7,1,20,0,0,1,1,1,1785488304
2026-07-31T09:10:21Z,848,10,3,8,1,0,1,1,1,1785488215
2026-07-31T09:10:21Z,849,7,2,8,0,0,1,1,1,1785488371
2026-07-31T09:10:21Z,850,9,0,1,1,0,1,1,1,1785488617
2026-07-31T09:10:21Z,851,3,3,32,2,0,1,1,1,1785488451
2026-07-31T09:10:21Z,852,12,6,7,0,0,1,1,1,1785488334
2026-07-31T09:10:21Z,853,10,5,13,0,0,1,1,1,1785488200
2026-07-31T09:10:21Z,854,3,2,12,0,0,1,1,1,1785488415
2026-07-31T09:10:21Z,855,25,0,2,0,0,1,1,1,1785488200
2026-07-31T09:10:21Z,857,1,1,18,0,0,1,1,1,1785488200
2026-07-31T09:10:21Z,858,4,1,14,1,0,1,1,1,1785488200
2026-07-31T09:10:21Z,859,3,0,17,1,0,1,1,1,1785488202
2026-07-31T09:10:21Z,861,8,1,2,1,0,1,1,1,1785488201
2026-07-31T09:10:21Z,862,2,1,13,0,0,1,1,1,1785488200
2026-07-31T09:10:21Z,863,13,0,5,1,0,1,1,1,1785488200
2026-07-31T09:10:21Z,866,9,3,10,0,0,1,1,1,1785487725
2026-07-31T09:10:21Z,867,12,0,3,0,0,1,1,1,1785488857
2026-07-31T09:10:21Z,868,13,2,2,0,0,1,1,1,1785488201
2026-07-31T09:10:21Z,870,7,4,6,2,0,1,1,1,1785488200
2026-07-31T09:10:21Z,871,0,0,10,1,0,1,1,1,1785488661
2026-07-31T09:10:21Z,872,0,0,14,1,0,1,1,1,1785488201
2026-07-31T09:10:21Z,873,0,0,32,1,0,1,1,1,1785488200
2026-07-31T09:10:21Z,874,5,2,6,4,0,1,1,1,1785488200
2026-07-31T09:10:21Z,875,15,11,0,0,0,1,1,1,1785488439
2026-07-31T09:10:21Z,877,11,10,6,2,0,1,1,1,1785488804
2026-07-31T09:10:21Z,878,3,2,15,1,0,1,1,1,1785488200
2026-07-31T09:10:21Z,879,1,0,18,0,0,1,1,1,1785488426
2026-07-31T09:10:21Z,880,3,0,19,1,0,1,1,1,1785488437
2026-07-31T09:10:21Z,881,2,0,17,0,0,1,1,1,1785487420
2026-07-31T09:10:21Z,882,10,0,6,3,0,1,1,1,1785488200
2026-07-31T09:10:21Z,883,10,6,9,0,0,1,1,1,1785488201
2026-07-31T09:10:21Z,884,11,7,10,0,0,1,1,1,1785488794
2026-07-31T09:10:21Z,885,1,0,18,0,0,1,1,1,1785488201
2026-07-31T09:10:21Z,886,17,1,11,1,0,1,1,1,1785488201
2026-07-31T09:10:21Z,887,3,1,11,3,0,1,1,1,1785488361
2026-07-31T09:10:21Z,888,12,0,27,2,0,1,1,1,1785488934
2026-07-31T09:10:21Z,889,17,1,0,2,0,1,1,1,1785488201
2026-07-31T09:10:21Z,890,7,4,8,0,0,1,1,1,1785488201
2026-07-31T09:10:21Z,891,20,0,2,1,0,1,1,1,1785488578
2026-07-31T09:10:21Z,892,13,1,2,0,0,1,1,1,1785488200
2026-07-31T09:10:21Z,895,1,0,18,0,0,1,1,1,1785488200
2026-07-31T09:10:21Z,896,6,0,29,0,0,1,1,1,1785488200
2026-07-31T09:10:21Z,897,11,1,10,0,0,1,1,1,1785488332
2026-07-31T09:10:21Z,898,2,0,17,0,0,1,1,1,1785489005
2026-07-31T09:10:21Z,899,0,0,18,1,0,1,1,1,1785488236
2026-07-31T09:10:21Z,900,19,1,6,2,0,1,1,1,1785488441
2026-07-31T09:10:21Z,901,12,0,6,1,0,1,1,1,1785487948
2026-07-31T09:10:21Z,902,9,0,5,1,0,1,1,1,1785488945
2026-07-31T09:10:21Z,903,14,2,4,1,0,1,1,1,1785488379
2026-07-31T09:10:21Z,904,10,4,8,1,0,1,1,1,1785488201
2026-07-31T09:10:21Z,905,4,0,23,0,0,1,1,1,1785488201
2026-07-31T09:10:21Z,906,8,5,19,0,0,1,1,1,1785488423
2026-07-31T09:10:21Z,907,6,1,25,0,0,1,1,1,1785488201
2026-07-31T09:10:21Z,908,11,0,12,0,0,1,1,1,1785488201
2026-07-31T09:10:21Z,909,15,5,8,0,0,1,1,1,1785488948
2026-07-31T09:10:21Z,910,20,0,11,0,0,1,1,1,1785488201
2026-07-31T09:10:21Z,911,3,0,16,0,0,1,1,1,1785488938
2026-07-31T09:10:21Z,912,9,5,12,2,0,1,1,1,1785488218
2026-07-31T09:10:21Z,913,3,1,16,0,0,1,1,1,1785488200
2026-07-31T09:10:21Z,914,6,1,13,0,0,1,1,1,1785488201
2026-07-31T09:10:21Z,915,7,0,15,1,0,1,1,1,1785488200
2026-07-31T09:10:21Z,916,23,8,0,0,0,1,1,1,1785487718
2026-07-31T09:10:21Z,917,3,0,30,2,0,1,1,1,1785488303
2026-07-31T09:10:21Z,918,13,5,4,2,0,1,1,1,1785488201
2026-07-31T09:10:21Z,919,13,3,25,1,0,1,1,1,1785488235
2026-07-31T09:10:21Z,920,4,2,15,0,0,1,1,1,1785488201
2026-07-31T09:10:21Z,921,12,0,9,0,0,1,1,1,1785488201
2026-07-31T09:10:21Z,922,4,1,17,0,0,1,1,1,1785488200
2026-07-31T09:10:21Z,923,19,2,0,0,0,1,1,1,1785488747
2026-07-31T09:10:21Z,924,8,2,13,0,0,1,1,1,1785488268
2026-07-31T09:10:21Z,925,13,0,8,0,0,1,1,1,1785487729
2026-07-31T09:10:21Z,926,0,0,21,0,0,1,1,1,1785488201
2026-07-31T09:10:21Z,927,1,0,34,0,0,1,1,1,1785488267
2026-07-31T09:10:21Z,928,5,3,14,0,0,1,1,1,1785464301
2026-07-31T09:10:21Z,929,0,0,23,0,0,1,1,1,1785488702
2026-07-31T09:10:21Z,930,0,0,30,1,0,1,1,1,1785487593
2026-07-31T09:10:21Z,931,8,3,15,0,0,1,1,1,1785488201
2026-07-31T09:10:21Z,932,4,0,12,3,0,1,1,1,1785488221
2026-07-31T09:10:21Z,933,0,0,23,0,0,1,1,1,1785487852
2026-07-31T09:10:21Z,934,2,0,28,1,0,1,1,1,1785489010
2026-07-31T09:10:21Z,935,9,2,9,1,0,1,1,1,1785488436
2026-07-31T09:10:21Z,936,4,1,15,0,0,1,1,1,1785456801
2026-07-31T09:10:21Z,940,10,0,1,0,0,1,1,1,1785487595
2026-07-31T09:10:21Z,941,10,1,13,2,0,1,1,1,1785487993
2026-07-31T09:10:21Z,942,5,0,16,0,0,1,1,1,1785488369
2026-07-31T09:10:21Z,943,9,8,6,0,0,1,1,1,1785487593
2026-07-31T09:10:21Z,944,9,8,6,0,0,1,1,1,1785487592
2026-07-31T09:10:21Z,945,10,8,5,0,0,1,1,1,1785488641
2026-07-31T09:10:21Z,946,7,5,12,0,0,1,1,1,1785487593
2026-07-31T09:10:21Z,947,7,5,10,0,0,1,1,1,1785487593
2026-07-31T09:10:21Z,948,26,8,0,5,0,1,1,1,1785487852
2026-07-31T09:10:21Z,949,1,0,14,0,0,1,1,1,1785487896
2026-07-31T09:10:21Z,950,16,4,0,1,0,1,1,1,1785487593
2026-07-31T09:10:21Z,951,18,4,5,0,0,1,1,1,1785487593
2026-07-31T09:10:21Z,952,7,0,48,0,0,1,1,1,1785488660
2026-07-31T09:10:21Z,953,14,2,0,1,0,1,1,1,1785488411
2026-07-31T09:10:21Z,954,17,4,2,0,0,1,1,1,1785488779
2026-07-31T09:10:21Z,955,4,3,17,6,0,1,1,1,1785488216
2026-07-31T09:10:21Z,956,22,1,0,1,0,1,1,1,1785488508
2026-07-31T09:10:21Z,957,15,0,14,0,0,1,1,1,1785488533
2026-07-31T09:10:21Z,958,19,0,12,0,0,1,1,1,1785488042
2026-07-31T09:10:21Z,959,20,8,0,3,0,1,1,1,1785487620
2026-07-31T09:10:21Z,960,22,1,0,1,0,1,1,1,1785487695
2026-07-31T09:10:21Z,961,3,2,17,3,0,1,1,1,1785488830
2026-07-31T09:10:21Z,962,8,3,24,3,0,1,1,1,1785488294
2026-07-31T09:10:21Z,963,6,0,16,1,0,1,1,1,1785487594
2026-07-31T09:10:21Z,964,21,8,1,1,0,1,1,1,1785488862
2026-07-31T09:10:21Z,965,5,1,21,1,0,1,1,1,1785487656
2026-07-31T09:10:21Z,966,28,0,3,0,0,1,1,1,1785488044
2026-07-31T09:10:21Z,967,20,0,0,1,0,1,1,1,1785488969
2026-07-31T09:10:21Z,968,14,0,4,1,0,1,1,1,1785487593
2026-07-31T09:10:21Z,969,10,6,15,2,0,1,1,1,1785487815
2026-07-31T09:10:21Z,970,11,1,7,1,0,1,1,1,1785487650
2026-07-31T09:10:21Z,971,15,0,7,1,0,1,1,1,1785487618
2026-07-31T09:10:21Z,972,9,1,13,1,0,1,1,1,1785487283
2026-07-31T09:10:21Z,973,9,4,13,1,0,1,1,1,1785488613
2026-07-31T09:10:21Z,974,12,0,15,0,0,1,1,1,1785488000
2026-07-31T09:10:21Z,977,7,7,11,3,0,1,1,1,1785487593
2026-07-31T09:10:21Z,978,11,0,12,0,0,1,1,1,1785488420
2026-07-31T09:10:21Z,979,14,1,3,0,0,1,1,1,1785487971
2026-07-31T09:10:21Z,980,2,0,17,2,0,1,1,1,1785488703
2026-07-31T09:10:21Z,981,19,1,1,1,0,1,1,1,1785488868
2026-07-31T09:10:21Z,982,3,1,14,2,0,1,1,1,1785487727
2026-07-31T09:10:21Z,983,2,1,20,1,0,1,1,1,1785488200
2026-07-31T09:10:21Z,984,6,0,17,0,0,1,1,1,1785488761
2026-07-31T09:10:21Z,985,8,0,23,0,0,1,1,1,1785488044
2026-07-31T09:10:21Z,986,4,0,15,0,0,1,1,1,1785487593
2026-07-31T09:10:21Z,987,6,0,16,1,0,1,1,1,1785487889
2026-07-31T09:10:21Z,988,5,1,13,1,0,1,1,1,1785487593
2026-07-31T09:10:21Z,989,9,4,10,0,0,1,1,1,1785488311
2026-07-31T09:10:21Z,990,13,1,0,2,0,1,1,1,1785487593
2026-07-31T09:10:21Z,991,11,2,8,0,0,1,1,1,1785488798
2026-07-31T09:10:21Z,992,10,7,12,1,0,1,1,1,1785488091
2026-07-31T09:10:21Z,993,0,0,27,0,0,1,1,1,1785476008
2026-07-31T09:10:21Z,994,4,1,17,0,0,1,1,1,1785488303
2026-07-31T09:10:21Z,995,8,2,19,0,0,1,1,1,1785488856
2026-07-31T09:10:21Z,996,8,1,15,0,0,1,1,1,1785487593
2026-07-31T09:10:21Z,997,11,5,10,2,0,1,1,1,1785488590
2026-07-31T09:10:21Z,998,3,2,19,1,0,1,1,1,1785487894
2026-07-31T09:10:21Z,999,3,1,15,2,1,1,1,1,1785487895
2026-07-31T09:10:21Z,1000,4,2,17,0,0,1,1,1,1785488212
2026-07-31T09:10:21Z,1001,1,0,26,0,0,1,1,1,1785487902
2026-07-31T09:10:21Z,1002,0,0,27,4,0,1,1,1,1785487895
2026-07-31T09:10:21Z,1003,0,0,22,1,0,1,1,1,1785487895
2026-07-31T09:10:21Z,1004,8,1,15,0,0,1,1,1,1785488547
2026-07-31T09:10:21Z,1005,20,1,3,0,0,1,1,1,1785487894
2026-07-31T09:10:21Z,1006,7,4,11,1,0,1,1,1,1785488029
2026-07-31T09:10:21Z,1007,2,1,19,0,0,1,1,1,1785488763
2026-07-31T09:10:21Z,1008,6,5,15,2,0,1,1,1,1785488265
2026-07-31T09:10:21Z,1009,19,2,8,4,0,1,1,1,1785488135
2026-07-31T09:10:21Z,1010,7,2,20,0,0,1,1,1,1785488967
2026-07-31T09:10:21Z,1011,8,2,9,2,0,1,1,1,1785487894
2026-07-31T09:10:21Z,1012,4,3,18,1,0,1,1,1,1785487245
2026-07-31T09:10:21Z,1013,4,1,18,1,0,1,1,1,1785487894
2026-07-31T09:10:21Z,1014,7,2,13,3,0,1,1,1,1785487894
2026-07-31T09:10:21Z,1015,3,1,25,3,0,1,1,1,1785488033
2026-07-31T09:10:21Z,1016,10,5,21,0,0,1,1,1,1785488923
2026-07-31T09:10:21Z,1017,14,5,7,0,0,1,1,1,1785488466
2026-07-31T09:10:21Z,1018,7,2,15,0,0,1,1,1,1785488201
2026-07-31T09:10:21Z,1019,9,6,6,0,0,1,1,1,1785488026
2026-07-31T09:10:21Z,1020,18,3,3,0,0,1,1,1,1785488338
2026-07-31T09:10:21Z,1021,9,3,5,1,0,1,1,1,1785488202
2026-07-31T09:10:21Z,1022,14,0,13,0,0,1,1,1,1785487894
2026-07-31T09:10:21Z,1023,13,1,9,1,0,1,1,1,1785488884
2026-07-31T09:10:21Z,1024,5,2,13,1,0,1,1,1,1785488067
2026-07-31T09:10:21Z,1025,4,0,14,0,1,1,1,1,1785487911
2026-07-31T09:10:21Z,1026,7,5,19,5,0,1,1,1,1785488418
2026-07-31T09:10:21Z,1028,2,0,20,1,0,1,1,1,1785487894
2026-07-31T09:10:21Z,1029,9,9,5,1,0,1,1,1,1785488362
2026-07-31T09:10:21Z,1030,14,5,9,0,0,1,1,1,1785488105
2026-07-31T09:10:21Z,1031,8,0,11,0,0,1,1,1,1785488475
2026-07-31T09:10:21Z,1032,7,1,12,0,0,1,1,1,1785487895
2026-07-31T09:10:21Z,1033,9,5,9,1,0,1,1,1,1785488134
2026-07-31T09:10:21Z,1034,2,0,13,0,0,1,1,1,1785487895
2026-07-31T09:10:21Z,1035,1,0,16,2,0,1,1,1,1785487894
2026-07-31T09:10:21Z,1036,15,1,0,0,0,1,1,1,1785487919
2026-07-31T09:10:21Z,1037,4,0,14,1,0,1,1,1,1785488010
2026-07-31T09:10:21Z,1038,2,0,12,1,0,1,1,1,1785488852
2026-07-31T09:10:21Z,1039,7,2,12,0,0,1,1,1,1785487895
2026-07-31T09:10:21Z,1040,7,3,10,2,0,1,1,1,1785487895
2026-07-31T09:10:21Z,1041,10,3,8,1,0,1,1,1,1785488050
2026-07-31T09:10:21Z,1042,12,1,1,2,0,1,1,1,1785488060
2026-07-31T09:10:21Z,1043,8,0,7,4,0,1,1,1,1785488200
2026-07-31T09:10:21Z,1044,2,1,12,1,0,1,1,1,1785488907
2026-07-31T09:10:21Z,1045,11,1,8,0,0,1,1,1,1785488984
2026-07-31T09:10:21Z,1046,9,0,6,0,0,1,1,1,1785488532
2026-07-31T09:10:21Z,1047,4,0,17,0,0,1,1,1,1785488075
2026-07-31T09:10:21Z,1048,10,1,9,0,0,1,1,1,1785487286
2026-07-31T09:10:21Z,1049,6,0,15,0,0,1,1,1,1785487894
2026-07-31T09:10:21Z,1050,17,4,4,0,0,1,1,1,1785488446
2026-07-31T09:10:21Z,1051,8,3,13,0,0,1,1,1,1785488339
2026-07-31T09:10:21Z,1052,17,2,5,0,0,1,1,1,1785488963
2026-07-31T09:10:21Z,1053,2,1,13,0,0,1,1,1,1785487894
2026-07-31T09:10:21Z,1054,14,1,1,0,0,1,1,1,1785487894
2026-07-31T09:10:21Z,1055,7,1,12,0,0,1,1,1,1785487894
2026-07-31T09:10:21Z,1057,18,0,0,1,0,1,1,1,1785488961
2026-07-31T09:10:21Z,1058,1,0,55,0,0,1,1,1,1785487895
2026-07-31T09:10:21Z,1059,0,0,18,1,0,1,1,1,1785487895
2026-07-31T09:10:21Z,1060,30,0,7,0,0,1,1,1,1785488123
2026-07-31T09:10:21Z,1061,7,1,29,1,0,1,1,1,1785487924
2026-07-31T09:10:21Z,1062,1,0,16,0,0,1,1,1,1785487894
2026-07-31T09:10:21Z,1063,12,1,6,1,0,1,1,1,1785488201
2026-07-31T09:10:21Z,1064,3,0,19,1,0,1,1,1,1785488029
2026-07-31T09:10:21Z,1065,16,3,7,0,0,1,1,1,1785488035
2026-07-31T09:10:21Z,1066,10,2,13,0,0,1,1,1,1785487895
2026-07-31T09:10:21Z,1067,8,2,13,2,0,1,1,1,1785488026
2026-07-31T09:10:21Z,1068,8,2,13,2,0,1,1,1,1785487895
2026-07-31T09:10:21Z,1069,12,3,11,0,0,1,1,1,1785487895
2026-07-31T09:10:21Z,1070,12,2,11,0,0,1,1,1,1785487895
2026-07-31T09:10:21Z,1071,7,4,16,0,0,1,1,1,1785487894
2026-07-31T09:10:21Z,1072,11,1,11,1,0,1,1,1,1785488075
2026-07-31T09:10:21Z,1073,26,7,0,1,0,1,1,1,1785488815
2026-07-31T09:10:21Z,1074,0,0,52,1,0,1,1,1,1785487600
2026-07-31T09:10:21Z,1075,10,10,11,0,0,1,1,1,1785488888
2026-07-31T09:10:21Z,1076,14,11,7,0,0,1,1,1,1785488325
2026-07-31T09:10:21Z,1077,8,5,13,0,0,1,1,1,1785487894
2026-07-31T09:10:21Z,1078,11,10,10,0,0,1,1,1,1785488368
2026-07-31T09:10:21Z,1079,11,8,10,0,0,1,1,1,1785488997
2026-07-31T09:10:21Z,1080,10,8,10,1,0,1,1,1,1785487895
2026-07-31T09:10:21Z,1081,13,8,6,0,0,1,1,1,1785488175
2026-07-31T09:10:21Z,1082,7,7,1,0,0,1,1,1,1785487666
2026-07-31T09:10:21Z,1083,13,11,8,0,0,1,1,1,1785487897
2026-07-31T09:10:21Z,1084,9,8,12,0,0,1,1,1,1785488882
2026-07-31T09:10:21Z,1085,8,8,13,0,0,1,1,1,1785488522
2026-07-31T09:10:21Z,1086,0,0,20,1,0,1,1,1,1785487895
2026-07-31T09:10:21Z,1087,12,7,3,0,0,1,1,1,1785488427
2026-07-31T09:10:21Z,1088,10,7,5,0,0,1,1,1,1785487894
2026-07-31T09:10:21Z,1089,5,3,10,0,0,1,1,1,1785487895
2026-07-31T09:10:21Z,1090,11,10,4,0,0,1,1,1,1785488256
2026-07-31T09:10:21Z,1091,12,7,3,0,0,1,1,1,1785488169
2026-07-31T09:10:21Z,1092,9,9,5,1,0,1,1,1,1785487895
2026-07-31T09:10:21Z,1093,7,6,8,0,0,1,1,1,1785488078
2026-07-31T09:10:21Z,1094,10,8,8,1,0,1,1,1,1785487322
2026-07-31T09:10:21Z,1095,9,8,6,0,0,1,1,1,1785488024
2026-07-31T09:10:21Z,1096,3,1,15,1,0,1,1,1,1785487685
2026-07-31T09:10:21Z,1097,11,11,4,0,0,1,1,1,1785487900
2026-07-31T09:10:21Z,1098,9,7,10,0,0,1,1,1,1785488237
2026-07-31T09:10:21Z,1099,7,6,8,0,0,1,1,1,1785488971
2026-07-31T09:10:21Z,1100,6,2,23,0,0,1,1,1,1785487894
2026-07-31T09:10:21Z,1101,10,5,11,0,0,1,1,1,1785488861
2026-07-31T09:10:21Z,1102,9,4,4,0,0,1,1,1,1785488156
2026-07-31T09:10:21Z,1103,10,5,11,0,0,1,1,1,1785487895
2026-07-31T09:10:21Z,1104,10,5,11,0,0,1,1,1,1785488618
2026-07-31T09:10:21Z,1105,7,3,6,0,0,1,1,1,1785488043
2026-07-31T09:10:21Z,1106,13,7,8,0,0,1,1,1,1785488956
2026-07-31T09:10:21Z,1107,9,5,6,0,0,1,1,1,1785487895
2026-07-31T09:10:21Z,1108,6,3,18,3,0,1,1,1,1785487918
2026-07-31T09:10:21Z,1109,6,1,9,0,0,1,1,1,1785487896
2026-07-31T09:10:21Z,1110,12,4,9,0,0,1,1,1,1785488487
2026-07-31T09:10:21Z,1111,3,2,18,0,0,1,1,1,1785475740
2026-07-31T09:10:21Z,1112,38,0,15,0,0,1,1,1,1785489010
2026-07-31T09:10:21Z,1113,1,0,20,0,0,1,1,1,1785488448
2026-07-31T09:10:21Z,1115,17,5,3,3,0,1,1,1,1785488201
2026-07-31T09:10:21Z,1116,5,1,14,0,0,1,1,1,1785488201
2026-07-31T09:10:21Z,1117,10,3,13,0,0,1,1,1,1785488201
2026-07-31T09:10:21Z,1118,16,1,3,2,0,1,1,1,1785488966
2026-07-31T09:10:21Z,1119,13,1,4,0,0,1,1,1,1785488356
2026-07-31T09:10:21Z,1120,13,0,6,0,0,1,1,1,1785488201
2026-07-31T09:10:21Z,1121,14,2,4,3,0,1,1,1,1785488201
2026-07-31T09:10:21Z,1122,18,9,0,3,0,1,1,1,1785488551
2026-07-31T09:10:21Z,1123,6,3,15,2,0,1,1,1,1785488795
2026-07-31T09:10:21Z,1124,8,0,2,5,0,1,1,1,1785488967
2026-07-31T09:10:21Z,1125,15,1,8,0,0,1,1,1,1785488200
2026-07-31T09:10:21Z,1126,4,0,16,1,0,1,1,1,1785488678
2026-07-31T09:10:21Z,1127,6,1,12,1,0,1,1,1,1785488201
2026-07-31T09:10:21Z,1128,14,2,0,1,0,1,1,1,1785488225
2026-07-31T09:10:21Z,1129,3,2,17,1,0,1,1,1,1785488885
2026-07-31T09:10:21Z,1130,6,0,9,0,0,1,1,1,1785488949
2026-07-31T09:10:21Z,1131,0,0,48,1,0,1,1,1,1785488200
2026-07-31T09:10:21Z,1132,13,6,7,1,0,1,1,1,1785488966
2026-07-31T09:10:21Z,1133,16,12,4,1,0,1,1,1,1785488970
2026-07-31T09:10:21Z,1134,11,7,8,0,0,1,1,1,1785488201
2026-07-31T09:10:21Z,1135,10,5,11,0,0,1,1,1,1785488755
2026-07-31T09:10:21Z,1136,6,0,17,0,0,1,1,1,1785488201
2026-07-31T09:10:21Z,1137,13,0,2,0,0,1,1,1,1785488201
2026-07-31T09:10:21Z,1138,15,2,4,0,0,1,1,1,1785488200
2026-07-31T09:10:21Z,1139,19,5,1,1,0,1,1,1,1785488201
2026-07-31T09:10:21Z,1140,22,3,0,1,0,1,1,1,1785488859
2026-07-31T09:10:21Z,1141,1,1,20,0,0,1,1,1,1785488888
2026-07-31T09:10:21Z,1142,2,0,19,0,0,1,1,1,1785488201
2026-07-31T09:10:21Z,1143,22,0,6,1,0,1,1,1,1785488699
2026-07-31T09:10:21Z,1144,7,1,13,1,0,1,1,1,1785487593
2026-07-31T09:10:21Z,1145,12,6,8,1,0,1,1,1,1785488201
2026-07-31T09:10:21Z,1146,10,0,5,4,0,1,1,1,1785488698
2026-07-31T09:10:21Z,1147,3,0,16,0,0,1,1,1,1785488201
2026-07-31T09:10:21Z,1148,25,6,6,0,0,1,1,1,1785488596
2026-07-31T09:10:21Z,1149,4,4,21,0,0,1,1,1,1785488801
2026-07-31T09:10:21Z,1150,18,1,1,0,0,1,1,1,1785488941
2026-07-31T09:10:21Z,1151,12,0,9,0,0,1,1,1,1785488201
2026-07-31T09:10:21Z,1152,17,1,12,0,0,1,1,1,1785488925
2026-07-31T09:10:21Z,1153,22,6,0,1,0,1,1,1,1785488201
2026-07-31T09:10:21Z,1154,13,1,6,0,0,1,1,1,1785488590
2026-07-31T09:10:21Z,1155,16,6,4,1,0,1,1,1,1785488202
2026-07-31T09:10:21Z,1158,3,0,15,1,0,1,1,1,1785488335
2026-07-31T09:10:21Z,1159,13,1,6,0,0,1,1,1,1785488201
2026-07-31T09:10:21Z,1160,9,1,9,1,0,1,1,1,1785488092
2026-07-31T09:10:21Z,1161,3,0,15,1,0,1,1,1,1785488201
2026-07-31T09:10:21Z,1162,2,1,17,0,0,1,1,1,1785488201
2026-07-31T09:10:21Z,1163,1,1,17,1,0,1,1,1,1785488201
2026-07-31T09:10:21Z,1164,6,1,13,0,0,1,1,1,1785488200
2026-07-31T09:10:21Z,1165,5,0,16,0,0,1,1,1,1785488201
2026-07-31T09:10:21Z,1166,12,3,8,1,0,1,1,1,1785488201
2026-07-31T09:10:21Z,1167,4,0,11,0,0,1,1,1,1785488932
2026-07-31T09:10:21Z,1168,2,1,20,1,0,1,1,1,1785488200
2026-07-31T09:10:21Z,1169,3,0,15,1,0,1,1,1,1785488201
2026-07-31T09:10:21Z,1170,6,0,14,1,0,1,1,1,1785488201
2026-07-31T09:10:21Z,1171,8,7,14,1,0,1,1,1,1785488201
2026-07-31T09:10:21Z,1172,7,2,6,2,0,1,1,1,1785488234
2026-07-31T09:10:21Z,1173,13,5,6,0,0,1,1,1,1785488201
2026-07-31T09:10:21Z,1174,7,3,8,0,0,1,1,1,1785489001
2026-07-31T09:10:21Z,1175,9,5,10,0,0,1,1,1,1785488201
2026-07-31T09:10:21Z,1176,19,1,2,0,0,1,1,1,1785488521
2026-07-31T09:10:21Z,1177,2,0,19,0,0,1,1,1,1785488442
2026-07-31T09:10:21Z,1178,2,1,13,0,0,1,1,1,1785488972
2026-07-31T09:10:21Z,1181,9,0,4,2,0,1,1,1,1785488201
2026-07-31T09:10:21Z,1182,0,0,20,0,0,1,1,1,1785488202
2026-07-31T09:10:21Z,1183,1,0,42,2,0,1,1,1,1785488988
2026-07-31T09:10:21Z,1184,13,7,7,1,0,1,1,1,1785488623
2026-07-31T09:10:21Z,1185,10,5,11,0,0,1,1,1,1785488567
2026-07-31T09:10:21Z,1186,9,5,10,0,0,1,1,1,1785488201
2026-07-31T09:10:21Z,1187,12,6,8,1,0,1,1,1,1785488218
2026-07-31T09:10:21Z,1188,9,3,6,0,0,1,1,1,1785488202
2026-07-31T09:10:21Z,1189,10,5,9,0,0,1,1,1,1785488201
2026-07-31T09:10:21Z,1190,10,5,11,0,0,1,1,1,1785488737
2026-07-31T09:10:21Z,1191,10,5,5,0,0,1,1,1,1785488200
2026-07-31T09:10:21Z,1192,10,6,10,1,0,1,1,1,1785488201
2026-07-31T09:10:21Z,1193,6,4,5,2,0,1,1,1,1785488257
2026-07-31T09:10:21Z,1197,9,6,7,1,0,1,1,1,1785488234
2026-07-31T09:10:21Z,1198,14,4,5,2,0,1,1,1,1785488200
2026-07-31T09:10:21Z,1199,2,0,17,0,0,1,1,1,1785488201
2026-07-31T09:10:21Z,1200,11,5,4,0,0,1,1,1,1785488201
2026-07-31T09:10:21Z,1201,11,5,4,0,0,1,1,1,1785488202
2026-07-31T09:10:21Z,1202,12,6,3,0,0,1,1,1,1785488201
2026-07-31T09:10:21Z,1203,9,6,6,0,0,1,1,1,1785488202
2026-07-31T09:10:21Z,1204,7,3,11,1,0,1,1,1,1785488203
2026-07-31T09:10:21Z,1206,11,5,10,0,0,1,1,1,1785488236
2026-07-31T09:10:21Z,1207,8,4,6,1,0,1,1,1,1785488201
2026-07-31T09:10:21Z,1208,7,2,11,1,0,1,1,1,1785488339
2026-07-31T09:10:21Z,1216,7,0,13,1,0,1,1,1,1785488468
2026-07-31T09:10:21Z,1218,4,0,17,0,0,1,1,1,1785488861
2026-07-31T09:10:21Z,1219,6,1,8,1,0,1,1,1,1785488732
2026-07-31T09:10:21Z,1220,14,7,4,1,0,1,1,1,1785488678
2026-07-31T09:10:21Z,1221,2,2,19,0,0,1,1,1,1785488204
2026-07-31T09:10:21Z,1222,28,1,1,0,0,1,1,1,1785488201
2026-07-31T09:10:21Z,1223,23,0,6,0,0,1,1,1,1785488941
2026-07-31T09:10:21Z,1226,0,0,3,0,0,0,1,1,1781868931
2026-07-31T09:10:21Z,1227,22,0,3,0,0,1,1,1,1785488979
2026-07-31T09:10:21Z,1228,18,1,10,1,0,1,1,1,1785488385
2026-07-31T09:10:21Z,1229,35,0,10,0,0,1,1,1,1785488944
2026-07-31T09:15:21Z,1,0,0,23,0,0,1,1,1,1785485488
2026-07-31T09:15:21Z,2,23,0,1,3,0,1,1,1,1785485732
2026-07-31T09:15:21Z,3,9,0,4,1,0,1,1,1,1785485488
2026-07-31T09:15:21Z,4,1,0,20,1,0,1,1,1,1785487895
2026-07-31T09:15:21Z,5,9,3,13,1,0,1,1,1,1785484887
2026-07-31T09:15:21Z,6,6,2,9,0,0,1,1,1,1785486991
2026-07-31T09:15:21Z,7,1,1,38,0,0,1,1,1,1785487290
2026-07-31T09:15:21Z,8,0,0,43,0,0,1,1,1,1785487014
2026-07-31T09:15:21Z,9,0,0,22,1,0,1,1,1,1785487593
2026-07-31T09:15:21Z,10,3,1,18,2,0,1,1,1,1785488230
2026-07-31T09:15:21Z,11,16,6,2,1,0,1,1,1,1785488224
2026-07-31T09:15:21Z,12,0,0,23,0,0,1,1,1,1785472090
2026-07-31T09:15:21Z,13,11,0,19,0,0,1,1,1,1785488834
2026-07-31T09:15:21Z,14,1,0,41,0,1,1,1,1,1785476888
2026-07-31T09:15:21Z,15,3,0,12,0,0,1,1,1,1785488861
2026-07-31T09:15:21Z,16,8,0,16,2,1,1,1,1,1785487292
2026-07-31T09:15:21Z,17,8,0,18,1,0,1,1,1,1785488377
2026-07-31T09:15:21Z,18,7,0,9,2,0,1,1,1,1785488039
2026-07-31T09:15:21Z,19,4,0,22,1,0,1,1,1,1785486089
2026-07-31T09:15:21Z,20,32,0,3,0,0,1,1,1,1785485188
2026-07-31T09:15:21Z,21,1,0,17,1,0,1,1,1,1785484888
2026-07-31T09:15:21Z,22,19,0,45,1,0,1,1,1,1785489235
2026-07-31T09:15:21Z,23,10,5,21,0,0,1,1,1,1785487895
2026-07-31T09:15:21Z,24,0,0,9,2,0,1,1,1,1785489305
2026-07-31T09:15:21Z,25,1,1,79,0,1,1,1,1,1785489275
2026-07-31T09:15:21Z,26,0,0,27,0,0,1,1,1,1785485188
2026-07-31T09:15:21Z,28,15,3,0,0,0,1,1,1,1785486991
2026-07-31T09:15:21Z,30,1,0,27,1,0,1,1,1,1785486089
2026-07-31T09:15:21Z,31,0,0,17,2,0,1,1,1,1785489075
2026-07-31T09:15:21Z,32,24,4,3,0,0,1,1,1,1785487895
2026-07-31T09:15:21Z,34,2,0,34,1,0,1,1,1,1785482614
2026-07-31T09:15:21Z,35,2,1,44,1,0,1,1,1,1785486762
2026-07-31T09:15:21Z,36,0,0,0,0,0,0,1,1,86400
2026-07-31T09:15:21Z,37,0,0,23,0,0,1,1,1,1785487041
2026-07-31T09:15:21Z,38,2,0,21,0,0,1,1,1,1785488592
2026-07-31T09:15:21Z,39,23,6,16,0,0,1,1,1,1785487015
2026-07-31T09:15:21Z,40,13,0,7,1,0,1,1,1,1785485488
2026-07-31T09:15:21Z,41,1,0,41,1,0,1,1,1,1785488255
2026-07-31T09:15:21Z,42,31,8,0,0,0,1,1,1,1785472558
2026-07-31T09:15:21Z,43,6,0,17,0,0,1,1,1,1785485188
2026-07-31T09:15:21Z,45,1,0,27,1,0,1,1,1,1785485789
2026-07-31T09:15:21Z,46,13,2,18,0,0,1,1,1,1785485708
2026-07-31T09:15:21Z,47,12,5,2,1,0,1,1,1,1785487533
2026-07-31T09:15:21Z,48,20,0,7,0,0,1,1,1,1785487579
2026-07-31T09:15:21Z,49,5,0,15,3,0,1,1,1,1785489311
2026-07-31T09:15:21Z,50,1,1,18,0,0,1,1,1,1785488641
2026-07-31T09:15:21Z,51,68,0,9,0,0,1,1,1,1785487292
2026-07-31T09:15:21Z,52,1,0,23,3,0,1,1,1,1785489131
2026-07-31T09:15:21Z,55,1,1,22,0,0,1,1,1,1785487781
2026-07-31T09:15:21Z,56,0,0,43,0,0,1,1,1,1785485334
2026-07-31T09:15:21Z,57,0,0,27,0,0,1,1,1,1785486089
2026-07-31T09:15:21Z,58,0,0,28,0,0,1,1,1,1785476976
2026-07-31T09:15:21Z,59,0,0,25,2,0,1,1,1,1785489282
2026-07-31T09:15:21Z,61,0,0,39,0,0,1,1,1,1785488423
2026-07-31T09:15:21Z,62,0,0,48,1,0,1,1,1,1785487594
2026-07-31T09:15:21Z,63,14,0,5,0,0,1,1,1,1785486089
2026-07-31T09:15:21Z,64,9,0,6,4,0,1,1,1,1785486992
2026-07-31T09:15:21Z,65,17,7,1,1,0,1,1,1,1785487593
2026-07-31T09:15:21Z,67,17,0,22,0,0,1,1,1,1785485188
2026-07-31T09:15:21Z,68,0,0,37,0,0,1,1,1,1785488201
2026-07-31T09:15:21Z,69,15,2,0,0,0,1,1,1,1785485188
2026-07-31T09:15:21Z,71,2,0,24,1,0,1,1,1,1785487175
2026-07-31T09:15:21Z,72,13,2,16,2,0,1,1,1,1785486638
2026-07-31T09:15:21Z,73,0,0,31,0,0,1,1,1,1785488201
2026-07-31T09:15:21Z,74,13,6,6,0,0,1,1,1,1785489103
2026-07-31T09:15:21Z,75,0,0,31,1,0,1,1,1,1785487292
2026-07-31T09:15:21Z,76,18,0,0,1,0,1,1,1,1785489309
2026-07-31T09:15:21Z,77,24,1,2,1,0,1,1,1,1785488624
2026-07-31T09:15:21Z,78,9,4,13,1,0,1,1,1,1785488568
2026-07-31T09:15:21Z,79,4,3,12,1,0,1,1,1,1785488201
2026-07-31T09:15:21Z,80,18,0,2,3,0,1,1,1,1785489194
2026-07-31T09:15:21Z,81,5,0,26,0,0,1,1,1,1785486390
2026-07-31T09:15:21Z,82,12,0,11,0,0,1,1,1,1785486690
2026-07-31T09:15:21Z,83,5,1,28,1,0,1,1,1,1785488392
2026-07-31T09:15:21Z,84,27,0,0,0,0,1,1,1,1785487883
2026-07-31T09:15:21Z,85,1,1,14,0,0,1,1,1,1785486991
2026-07-31T09:15:21Z,86,25,0,1,1,0,1,1,1,1785486691
2026-07-31T09:15:21Z,87,10,0,9,0,0,1,1,1,1785488201
2026-07-31T09:15:21Z,88,0,0,42,1,0,1,1,1,1785484888
2026-07-31T09:15:21Z,89,22,0,13,0,0,1,1,1,1785487292
2026-07-31T09:15:21Z,90,6,2,10,2,0,1,1,1,1785486486
2026-07-31T09:15:21Z,91,14,0,3,0,0,1,1,1,1785485188
2026-07-31T09:15:21Z,92,11,4,5,3,0,1,1,1,1785489220
2026-07-31T09:15:21Z,93,0,0,23,0,0,1,1,1,1785486390
2026-07-31T09:15:21Z,94,2,0,16,1,0,1,1,1,1785486390
2026-07-31T09:15:21Z,95,27,2,6,1,1,1,1,1,1785489303
2026-07-31T09:15:21Z,96,29,0,1,1,0,1,1,1,1785488201
2026-07-31T09:15:21Z,97,0,0,16,1,0,1,1,1,1785489112
2026-07-31T09:15:21Z,98,19,0,15,1,0,1,1,1,1785486089
2026-07-31T09:15:21Z,99,4,2,11,0,0,1,1,1,1785486802
2026-07-31T09:15:21Z,100,1,0,26,0,0,1,1,1,1785488201
2026-07-31T09:15:21Z,101,1,0,13,1,0,1,1,1,1785485789
2026-07-31T09:15:21Z,102,0,0,23,0,0,1,1,1,1785487553
2026-07-31T09:15:21Z,103,5,0,25,0,0,1,1,1,1785489200
2026-07-31T09:15:21Z,104,0,0,25,2,0,1,1,1,1785489310
2026-07-31T09:15:21Z,105,16,1,3,0,0,1,1,1,1785486390
2026-07-31T09:15:21Z,106,0,0,21,0,0,1,1,1,1785486390
2026-07-31T09:15:21Z,107,0,0,37,0,0,1,1,1,1785485489
2026-07-31T09:15:21Z,108,16,1,19,0,0,1,1,1,1785486420
2026-07-31T09:15:21Z,109,8,0,15,0,0,1,1,1,1785488796
2026-07-31T09:15:21Z,110,14,2,9,0,0,1,1,1,1785488165
2026-07-31T09:15:21Z,111,0,0,36,0,0,1,1,1,1785479678
2026-07-31T09:15:21Z,112,5,0,9,1,0,1,1,1,1785486691
2026-07-31T09:15:21Z,113,4,0,12,3,0,1,1,1,1785489162
2026-07-31T09:15:21Z,114,6,6,23,1,1,1,1,1,1785489241
2026-07-31T09:15:21Z,115,3,1,23,2,0,1,1,1,1785479033
2026-07-31T09:15:21Z,116,3,3,23,1,0,1,1,1,1785487594
2026-07-31T09:15:21Z,118,20,9,0,3,0,1,1,1,1785488233
2026-07-31T09:15:21Z,119,32,2,2,4,0,1,1,1,1785489175
2026-07-31T09:15:21Z,120,23,1,3,1,0,1,1,1,1785488660
2026-07-31T09:15:21Z,121,6,2,12,0,1,1,1,1,1785489267
2026-07-31T09:15:21Z,122,13,0,7,1,0,1,1,1,1785487594
2026-07-31T09:15:21Z,123,8,1,39,0,0,1,1,1,1785485188
2026-07-31T09:15:21Z,124,32,1,3,0,0,1,1,1,1785486746
2026-07-31T09:15:21Z,125,7,2,16,0,0,1,1,1,1785486991
2026-07-31T09:15:21Z,126,25,2,6,0,0,1,1,1,1785486691
2026-07-31T09:15:21Z,127,8,0,25,2,0,1,1,1,1785489021
2026-07-31T09:15:21Z,128,18,1,1,0,0,1,1,1,1785488201
2026-07-31T09:15:21Z,129,17,1,0,2,0,1,1,1,1785486089
2026-07-31T09:15:21Z,130,4,0,13,0,0,1,1,1,1785488248
2026-07-31T09:15:21Z,131,7,2,2,2,0,1,1,1,1785488201
2026-07-31T09:15:21Z,132,12,5,2,0,1,1,1,1,1785486336
2026-07-31T09:15:21Z,134,5,0,13,5,0,1,1,1,1785489052
2026-07-31T09:15:21Z,135,8,4,10,1,0,1,1,1,1785488917
2026-07-31T09:15:21Z,136,7,0,8,1,7,1,1,1,1785489096
2026-07-31T09:15:21Z,137,6,1,13,0,0,1,1,1,1785486296
2026-07-31T09:15:21Z,138,35,2,2,0,0,1,1,1,1785489257
2026-07-31T09:15:21Z,139,19,5,0,0,0,1,1,1,1785485188
2026-07-31T09:15:21Z,140,17,8,4,2,0,1,1,1,1785489306
2026-07-31T09:15:21Z,141,31,1,5,0,0,1,1,1,1785485909
2026-07-31T09:15:21Z,142,22,1,1,0,0,1,1,1,1785488908
2026-07-31T09:15:21Z,143,13,3,17,1,0,1,1,1,1785487895
2026-07-31T09:15:21Z,144,23,1,4,0,0,1,1,1,1785486390
2026-07-31T09:15:21Z,146,8,1,14,1,0,1,1,1,1785486463
2026-07-31T09:15:21Z,147,10,2,7,2,0,1,1,1,1785489255
2026-07-31T09:15:21Z,148,22,0,4,0,1,1,1,1,1785489290
2026-07-31T09:15:21Z,149,16,4,10,1,0,1,1,1,1785488154
2026-07-31T09:15:21Z,150,31,7,2,2,0,1,1,1,1785489220
2026-07-31T09:15:21Z,151,22,7,1,0,0,1,1,1,1785485600
2026-07-31T09:15:21Z,152,20,1,3,4,0,1,1,1,1785489222
2026-07-31T09:15:21Z,153,12,1,13,6,0,1,1,1,1785489021
2026-07-31T09:15:21Z,154,15,3,5,3,0,1,1,1,1785489209
2026-07-31T09:15:21Z,155,13,4,0,1,0,1,1,1,1785489025
2026-07-31T09:15:21Z,156,15,1,4,0,0,1,1,1,1785489085
2026-07-31T09:15:21Z,157,15,0,10,2,0,1,1,1,1785489049
2026-07-31T09:15:21Z,158,16,2,0,0,0,1,1,1,1785488201
2026-07-31T09:15:21Z,159,5,2,14,0,0,1,1,1,1785488201
2026-07-31T09:15:21Z,160,19,1,0,0,0,1,1,1,1785487895
2026-07-31T09:15:21Z,161,17,2,5,0,0,1,1,1,1785488900
2026-07-31T09:15:21Z,162,10,0,16,1,0,1,1,1,1785488396
2026-07-31T09:15:21Z,163,30,3,1,0,0,1,1,1,1785489189
2026-07-31T09:15:21Z,164,25,7,2,0,0,1,1,1,1785486691
2026-07-31T09:15:21Z,165,22,10,8,1,0,1,1,1,1785487814
2026-07-31T09:15:21Z,166,32,8,3,4,0,1,1,1,1785489310
2026-07-31T09:15:21Z,167,21,10,0,2,0,1,1,1,1785484888
2026-07-31T09:15:21Z,168,21,0,5,1,0,1,1,1,1785489010
2026-07-31T09:15:21Z,169,1,0,21,0,1,1,1,1,1785487293
2026-07-31T09:15:21Z,170,17,4,0,2,0,1,1,1,1785488379
2026-07-31T09:15:21Z,171,10,3,1,2,0,1,1,1,1785489207
2026-07-31T09:15:21Z,173,36,0,3,0,0,1,1,1,1785486839
2026-07-31T09:15:21Z,174,22,1,2,2,0,1,1,1,1785487895
2026-07-31T09:15:21Z,175,7,0,24,0,0,1,1,1,1785487001
2026-07-31T09:15:21Z,176,2,1,12,0,1,1,1,1,1785487016
2026-07-31T09:15:21Z,177,21,1,6,0,0,1,1,1,1785488835
2026-07-31T09:15:21Z,178,2,0,10,2,1,1,1,1,1785489311
2026-07-31T09:15:21Z,179,11,1,3,1,0,1,1,1,1785486089
2026-07-31T09:15:21Z,180,27,0,3,0,0,1,1,1,1785487594
2026-07-31T09:15:21Z,181,14,1,0,1,0,1,1,1,1785488201
2026-07-31T09:15:21Z,182,16,2,1,0,0,1,1,1,1785488013
2026-07-31T09:15:21Z,183,16,0,7,0,0,1,1,1,1785487895
2026-07-31T09:15:21Z,184,0,0,22,1,0,1,1,1,1785488157
2026-07-31T09:15:21Z,185,12,1,0,2,1,1,1,1,1785484888
2026-07-31T09:15:21Z,186,4,1,15,0,0,1,1,1,1785487895
2026-07-31T09:15:21Z,187,8,0,19,1,0,1,1,1,1785484757
2026-07-31T09:15:21Z,188,12,0,7,8,0,1,1,1,1785489233
2026-07-31T09:15:21Z,189,15,4,0,0,0,1,1,1,1785487895
2026-07-31T09:15:21Z,190,4,1,19,0,0,1,1,1,1785488585
2026-07-31T09:15:21Z,191,2,1,37,0,0,1,1,1,1785486690
2026-07-31T09:15:21Z,192,12,4,16,3,0,1,1,1,1785486089
2026-07-31T09:15:21Z,193,2,0,13,0,0,1,1,1,1785488202
2026-07-31T09:15:21Z,194,17,1,9,1,0,1,1,1,1785486691
2026-07-31T09:15:21Z,195,12,1,5,2,0,1,1,1,1785487594
2026-07-31T09:15:21Z,196,24,1,0,3,0,1,1,1,1785489134
2026-07-31T09:15:21Z,197,17,3,0,1,1,1,1,1,1785487492
2026-07-31T09:15:21Z,198,21,16,2,0,0,1,1,1,1785488927
2026-07-31T09:15:21Z,199,7,5,5,3,0,1,1,1,1785487895
2026-07-31T09:15:21Z,200,15,0,10,1,0,1,1,1,1785486390
2026-07-31T09:15:21Z,201,7,3,16,0,0,1,1,1,1785488136
2026-07-31T09:15:21Z,202,0,0,27,0,0,1,1,1,1785486691
2026-07-31T09:15:21Z,203,26,3,4,1,0,1,1,1,1785487252
2026-07-31T09:15:21Z,204,31,1,3,1,0,1,1,1,1785488382
2026-07-31T09:15:21Z,205,13,1,14,0,0,1,1,1,1785488894
2026-07-31T09:15:21Z,206,1,1,13,1,0,1,1,1,1785486448
2026-07-31T09:15:21Z,207,14,0,7,0,0,1,1,1,1785488201
2026-07-31T09:15:21Z,208,2,0,27,0,0,1,1,1,1785486390
2026-07-31T09:15:21Z,209,6,0,22,3,0,1,1,1,1785489306
2026-07-31T09:15:21Z,210,23,2,4,0,0,1,1,1,1785485488
2026-07-31T09:15:21Z,211,15,6,7,1,0,1,1,1,1785487008
2026-07-31T09:15:21Z,212,25,0,9,1,0,1,1,1,1785489122
2026-07-31T09:15:21Z,213,12,1,9,2,0,1,1,1,1785489244
2026-07-31T09:15:21Z,214,29,0,14,4,0,1,1,1,1785488634
2026-07-31T09:15:21Z,215,6,1,16,1,0,1,1,1,1785486390
2026-07-31T09:15:21Z,216,9,0,9,1,0,1,1,1,1785487593
2026-07-31T09:15:21Z,217,9,0,19,1,0,1,1,1,1785489285
2026-07-31T09:15:21Z,218,21,5,16,2,0,1,1,1,1785488871
2026-07-31T09:15:21Z,219,0,0,25,1,0,1,1,1,1785488344
2026-07-31T09:15:21Z,220,24,7,17,1,1,1,1,1,1785484887
2026-07-31T09:15:21Z,221,10,6,4,1,0,1,1,1,1785488108
2026-07-31T09:15:21Z,222,16,12,2,1,0,1,1,1,1785485037
2026-07-31T09:15:21Z,223,8,3,24,3,0,1,1,1,1785489309
2026-07-31T09:15:21Z,224,7,5,14,1,0,1,1,1,1785487750
2026-07-31T09:15:21Z,225,10,0,3,6,0,1,1,1,1785487206
2026-07-31T09:15:21Z,226,30,10,1,0,0,1,1,1,1785487620
2026-07-31T09:15:21Z,227,19,13,7,0,1,1,1,1,1785485181
2026-07-31T09:15:21Z,228,1,0,17,1,0,1,1,1,1785484888
2026-07-31T09:15:21Z,230,16,9,10,0,0,1,1,1,1785486691
2026-07-31T09:15:21Z,232,13,6,3,1,0,1,1,1,1785486390
2026-07-31T09:15:21Z,233,19,0,10,2,0,1,1,1,1785487026
2026-07-31T09:15:21Z,234,8,3,6,3,2,1,1,1,1785487594
2026-07-31T09:15:21Z,236,14,3,5,0,0,1,1,1,1785486991
2026-07-31T09:15:21Z,237,21,4,1,1,0,1,1,1,1785489236
2026-07-31T09:15:21Z,239,23,18,1,3,0,1,1,1,1785486691
2026-07-31T09:15:21Z,241,19,6,4,0,0,1,1,1,1785487895
2026-07-31T09:15:21Z,242,1,1,21,1,0,1,1,1,1785487593
2026-07-31T09:15:21Z,243,12,0,18,1,0,1,1,1,1785487991
2026-07-31T09:15:21Z,244,13,1,13,1,0,1,1,1,1785488405
2026-07-31T09:15:21Z,245,4,4,19,0,0,1,1,1,1785488778
2026-07-31T09:15:21Z,246,13,0,10,0,0,1,1,1,1785487895
2026-07-31T09:15:21Z,247,12,10,10,1,0,1,1,1,1785486381
2026-07-31T09:15:21Z,248,19,4,1,3,0,1,1,1,1785488398
2026-07-31T09:15:21Z,249,2,0,17,0,0,1,1,1,1785488201
2026-07-31T09:15:21Z,250,23,5,4,0,0,1,1,1,1785487895
2026-07-31T09:15:21Z,251,22,5,2,3,0,1,1,1,1785486991
2026-07-31T09:15:21Z,253,7,4,11,1,0,1,1,1,1785488201
2026-07-31T09:15:21Z,254,26,21,16,1,0,1,1,1,1785485789
2026-07-31T09:15:21Z,255,5,0,17,0,1,1,1,1,1785489133
2026-07-31T09:15:21Z,256,10,5,11,2,0,1,1,1,1785485834
2026-07-31T09:15:21Z,257,14,6,4,1,0,1,1,1,1785486690
2026-07-31T09:15:21Z,258,1,0,18,0,0,1,1,1,1785482036
2026-07-31T09:15:21Z,259,20,3,2,0,1,1,1,1,1785487540
2026-07-31T09:15:21Z,260,14,4,2,3,0,1,1,1,1785486424
2026-07-31T09:15:21Z,261,15,0,2,1,1,1,1,1,1785489301
2026-07-31T09:15:21Z,262,20,11,3,0,0,1,1,1,1785488699
2026-07-31T09:15:21Z,263,13,3,2,0,0,1,1,1,1785489158
2026-07-31T09:15:21Z,264,18,6,0,1,0,1,1,1,1785488201
2026-07-31T09:15:21Z,265,15,1,0,0,0,1,1,1,1785488201
2026-07-31T09:15:21Z,266,16,7,0,3,0,1,1,1,1785488864
2026-07-31T09:15:21Z,267,7,3,6,2,0,1,1,1,1785484888
2026-07-31T09:15:21Z,268,23,9,0,0,0,1,1,1,1785484887
2026-07-31T09:15:21Z,269,9,3,13,1,0,1,1,1,1785484888
2026-07-31T09:15:21Z,270,25,3,2,0,0,1,1,1,1785485188
2026-07-31T09:15:21Z,271,0,0,17,2,0,1,1,1,1785486991
2026-07-31T09:15:21Z,272,13,13,9,1,0,1,1,1,1785486390
2026-07-31T09:15:21Z,273,14,5,1,0,0,1,1,1,1785484888
2026-07-31T09:15:21Z,274,18,8,0,1,0,1,1,1,1785487594
2026-07-31T09:15:21Z,275,13,0,6,2,2,1,1,1,1785489127
2026-07-31T09:15:21Z,276,1,0,26,0,0,1,1,1,1785486991
2026-07-31T09:15:21Z,277,12,1,6,5,0,1,1,1,1785488201
2026-07-31T09:15:21Z,278,23,2,5,2,1,1,1,1,1785487967
2026-07-31T09:15:21Z,279,17,0,2,0,0,1,1,1,1785487347
2026-07-31T09:15:21Z,280,10,1,19,2,0,1,1,1,1785489127
2026-07-31T09:15:21Z,281,19,0,0,0,0,1,1,1,1785486089
2026-07-31T09:15:21Z,282,5,2,13,0,0,1,1,1,1785484887
2026-07-31T09:15:21Z,283,34,1,1,0,0,1,1,1,1785486992
2026-07-31T09:15:21Z,284,18,4,15,2,0,1,1,1,1785488133
2026-07-31T09:15:21Z,285,8,7,15,0,0,1,1,1,1785485188
2026-07-31T09:15:21Z,286,16,15,2,5,0,1,1,1,1785488250
2026-07-31T09:15:21Z,287,13,4,7,3,0,1,1,1,1785484887
2026-07-31T09:15:21Z,288,14,10,5,0,0,1,1,1,1785486991
2026-07-31T09:15:21Z,289,24,3,0,3,0,1,1,1,1785488202
2026-07-31T09:15:21Z,290,7,0,31,1,0,1,1,1,1785486991
2026-07-31T09:15:21Z,291,9,2,12,2,0,1,1,1,1785488389
2026-07-31T09:15:21Z,292,22,0,1,0,0,1,1,1,1785485789
2026-07-31T09:15:21Z,293,17,10,6,0,0,1,1,1,1785486991
2026-07-31T09:15:21Z,294,0,0,21,1,0,1,1,1,1785486991
2026-07-31T09:15:21Z,297,11,1,5,2,1,1,1,1,1785488298
2026-07-31T09:15:21Z,301,17,1,2,0,0,1,1,1,1785486691
2026-07-31T09:15:21Z,302,0,0,23,0,0,1,1,1,1785486991
2026-07-31T09:15:21Z,303,19,0,0,0,0,1,1,1,1785485188
2026-07-31T09:15:21Z,304,0,0,0,0,0,0,1,1,86400
2026-07-31T09:15:21Z,305,19,0,0,0,0,1,1,1,1785485188
2026-07-31T09:15:21Z,306,2,0,29,1,0,1,1,1,1785485188
2026-07-31T09:15:21Z,307,17,1,4,1,1,1,1,1,1785489249
2026-07-31T09:15:21Z,308,14,0,3,2,0,1,1,1,1785485188
2026-07-31T09:15:21Z,309,13,3,0,1,0,1,1,1,1785488427
2026-07-31T09:15:21Z,311,15,0,0,0,0,1,1,1,1785486992
2026-07-31T09:15:21Z,312,6,3,12,4,1,1,1,1,1785489258
2026-07-31T09:15:21Z,313,3,1,12,0,0,1,1,1,1785486991
2026-07-31T09:15:21Z,314,4,3,11,3,0,1,1,1,1785486991
2026-07-31T09:15:21Z,315,23,6,6,2,0,1,1,1,1785488865
2026-07-31T09:15:21Z,316,4,1,20,6,1,1,1,1,1785489123
2026-07-31T09:15:21Z,317,0,0,30,0,1,1,1,1,1785489102
2026-07-31T09:15:21Z,318,16,0,3,0,0,1,1,1,1785486991
2026-07-31T09:15:21Z,319,17,3,5,1,0,1,1,1,1785489161
2026-07-31T09:15:21Z,320,18,5,0,1,0,1,1,1,1785487292
2026-07-31T09:15:21Z,321,8,1,7,4,0,1,1,1,1785489048
2026-07-31T09:15:21Z,322,5,1,23,1,0,1,1,1,1785484798
2026-07-31T09:15:21Z,323,8,0,11,0,0,1,1,1,1785487292
2026-07-31T09:15:21Z,324,7,2,19,1,0,1,1,1,1785489309
2026-07-31T09:15:21Z,325,4,3,21,2,0,1,1,1,1785484701
2026-07-31T09:15:21Z,327,25,0,1,1,0,1,1,1,1785487896
2026-07-31T09:15:21Z,328,20,0,1,1,0,1,1,1,1785484794
2026-07-31T09:15:21Z,329,17,0,0,2,0,1,1,1,1785487643
2026-07-31T09:15:21Z,330,3,0,19,0,0,1,1,1,1785485188
2026-07-31T09:15:21Z,331,12,3,10,1,0,1,1,1,1785487675
2026-07-31T09:15:21Z,332,10,3,7,2,0,1,1,1,1785487292
2026-07-31T09:15:21Z,333,2,1,20,1,0,1,1,1,1785487896
2026-07-31T09:15:21Z,334,11,8,12,0,0,1,1,1,1785487804
2026-07-31T09:15:21Z,335,3,2,18,1,1,1,1,1,1785487292
2026-07-31T09:15:21Z,336,18,2,1,0,0,1,1,1,1785487293
2026-07-31T09:15:21Z,337,17,3,1,5,0,1,1,1,1785489114
2026-07-31T09:15:21Z,338,17,8,2,0,0,1,1,1,1785487389
2026-07-31T09:15:21Z,339,20,10,2,1,0,1,1,1,1785488718
2026-07-31T09:15:21Z,340,13,11,1,1,0,1,1,1,1785487293
2026-07-31T09:15:21Z,341,11,4,8,0,0,1,1,1,1785487352
2026-07-31T09:15:21Z,342,13,7,0,2,0,1,1,1,1785487292
2026-07-31T09:15:21Z,343,21,1,1,1,0,1,1,1,1785487543
2026-07-31T09:15:21Z,344,23,9,0,0,0,1,1,1,1785488186
2026-07-31T09:15:21Z,345,19,3,0,0,0,1,1,1,1785487292
2026-07-31T09:15:21Z,346,8,6,15,0,0,1,1,1,1785487895
2026-07-31T09:15:21Z,347,0,0,42,2,0,1,1,1,1785489308
2026-07-31T09:15:21Z,348,21,3,0,1,1,1,1,1,1785489053
2026-07-31T09:15:21Z,349,6,1,13,0,0,1,1,1,1785487293
2026-07-31T09:15:21Z,350,24,3,1,1,1,1,1,1,1785487293
2026-07-31T09:15:21Z,351,20,3,0,3,0,1,1,1,1785489045
2026-07-31T09:15:21Z,355,23,1,0,0,0,1,1,1,1785487293
2026-07-31T09:15:21Z,356,18,2,1,0,0,1,1,1,1785487896
2026-07-31T09:15:21Z,357,13,4,6,0,0,1,1,1,1785485188
2026-07-31T09:15:21Z,358,24,4,2,1,0,1,1,1,1785487594
2026-07-31T09:15:21Z,359,22,0,5,0,0,1,1,1,1785487594
2026-07-31T09:15:21Z,360,16,4,1,2,0,1,1,1,1785487594
2026-07-31T09:15:21Z,362,17,5,0,2,0,1,1,1,1785487292
2026-07-31T09:15:21Z,363,0,0,27,0,0,1,1,1,1785488201
2026-07-31T09:15:21Z,364,19,3,0,0,0,1,1,1,1785487896
2026-07-31T09:15:21Z,365,17,5,3,3,0,1,1,1,1785488201
2026-07-31T09:15:21Z,366,15,8,1,7,0,1,1,1,1785489159
2026-07-31T09:15:21Z,367,16,9,1,2,0,1,1,1,1785487292
2026-07-31T09:15:21Z,368,20,3,1,2,0,1,1,1,1785486991
2026-07-31T09:15:21Z,370,15,8,12,0,0,1,1,1,1785487896
2026-07-31T09:15:21Z,371,4,2,14,1,0,1,1,1,1785484735
2026-07-31T09:15:21Z,372,8,2,7,0,0,1,1,1,1785487594
2026-07-31T09:15:21Z,373,24,8,3,0,0,1,1,1,1785486433
2026-07-31T09:15:21Z,374,17,7,0,2,0,1,1,1,1785489092
2026-07-31T09:15:21Z,375,20,5,4,3,0,1,1,1,1785487593
2026-07-31T09:15:21Z,376,29,3,5,5,0,1,1,1,1785489223
2026-07-31T09:15:21Z,377,25,9,2,0,0,1,1,1,1785487594
2026-07-31T09:15:21Z,378,22,5,0,1,1,1,1,1,1785489004
2026-07-31T09:15:21Z,379,14,0,13,0,0,1,1,1,1785487594
2026-07-31T09:15:21Z,380,22,7,0,1,0,1,1,1,1785489276
2026-07-31T09:15:21Z,381,14,0,9,0,0,1,1,1,1785488686
2026-07-31T09:15:21Z,383,12,0,1,2,0,1,1,1,1785487895
2026-07-31T09:15:21Z,384,26,1,0,1,0,1,1,1,1785487594
2026-07-31T09:15:21Z,385,14,2,2,2,0,1,1,1,1785487594
2026-07-31T09:15:21Z,387,21,2,2,0,0,1,1,1,1785488243
2026-07-31T09:15:21Z,388,16,3,33,0,0,1,1,1,1785485188
2026-07-31T09:15:21Z,389,9,8,6,0,0,1,1,1,1785487293
2026-07-31T09:15:21Z,390,17,0,18,0,0,1,1,1,1785489303
2026-07-31T09:15:21Z,391,4,0,10,1,0,1,1,1,1785487292
2026-07-31T09:15:21Z,392,3,3,15,1,0,1,1,1,1785489270
2026-07-31T09:15:21Z,393,3,3,5,3,0,1,1,1,1785487292
2026-07-31T09:15:21Z,394,9,6,2,2,0,1,1,1,1785487594
2026-07-31T09:15:21Z,396,7,7,32,3,0,1,1,1,1785487595
2026-07-31T09:15:21Z,397,4,4,27,0,0,1,1,1,1785488201
2026-07-31T09:15:21Z,399,13,2,2,2,0,1,1,1,1785487594
2026-07-31T09:15:21Z,400,11,6,9,3,0,1,1,1,1785489267
2026-07-31T09:15:21Z,401,9,0,22,8,0,1,1,1,1785487384
2026-07-31T09:15:21Z,403,3,0,26,2,0,1,1,1,1785489074
2026-07-31T09:15:21Z,404,2,1,20,1,0,1,1,1,1785486690
2026-07-31T09:15:21Z,406,2,0,32,1,0,1,1,1,1785486993
2026-07-31T09:15:21Z,407,16,3,17,1,0,1,1,1,1785484887
2026-07-31T09:15:21Z,408,12,2,20,1,0,1,1,1,1785480622
2026-07-31T09:15:21Z,409,0,0,20,3,0,1,1,1,1785488970
2026-07-31T09:15:21Z,413,21,5,0,2,0,1,1,1,1785488201
2026-07-31T09:15:21Z,414,13,4,1,1,0,1,1,1,1785485488
2026-07-31T09:15:21Z,417,11,7,8,0,0,1,1,1,1785488201
2026-07-31T09:15:21Z,418,1,0,13,1,0,1,1,1,1785488201
2026-07-31T09:15:21Z,419,10,0,12,1,0,1,1,1,1785487895
2026-07-31T09:15:21Z,421,1,0,18,0,0,1,1,1,1785488201
2026-07-31T09:15:21Z,422,2,2,24,1,0,1,1,1,1785487961
2026-07-31T09:15:21Z,423,6,1,17,0,0,1,1,1,1785477801
2026-07-31T09:15:21Z,424,2,1,10,3,0,1,1,1,1785489232
2026-07-31T09:15:21Z,425,20,0,1,0,1,1,1,1,1785485489
2026-07-31T09:15:21Z,426,0,0,35,2,0,1,1,1,1785483994
2026-07-31T09:15:21Z,427,14,1,0,1,0,1,1,1,1785489094
2026-07-31T09:15:21Z,428,14,1,4,1,0,1,1,1,1785488201
2026-07-31T09:15:21Z,429,1,0,20,2,0,1,1,1,1785488273
2026-07-31T09:15:21Z,430,28,0,0,3,0,1,1,1,1785485488
2026-07-31T09:15:21Z,431,15,0,17,1,0,1,1,1,1785488642
2026-07-31T09:15:21Z,432,18,0,11,2,0,1,1,1,1785488201
2026-07-31T09:15:21Z,433,19,6,3,1,0,1,1,1,1785488201
2026-07-31T09:15:21Z,437,3,1,15,1,0,1,1,1,1785487897
2026-07-31T09:15:21Z,438,17,0,1,1,0,1,1,1,1785489243
2026-07-31T09:15:21Z,439,5,0,10,0,0,1,1,1,1785488201
2026-07-31T09:15:21Z,440,13,1,0,2,0,1,1,1,1785488201
2026-07-31T09:15:21Z,441,10,2,4,1,0,1,1,1,1785485488
2026-07-31T09:15:21Z,442,17,9,1,1,0,1,1,1,1785487895
2026-07-31T09:15:21Z,443,4,2,23,0,0,1,1,1,1785485488
2026-07-31T09:15:21Z,444,2,2,21,0,0,1,1,1,1785485488
2026-07-31T09:15:21Z,445,7,2,15,1,0,1,1,1,1785489154
2026-07-31T09:15:21Z,446,1,1,21,1,0,1,1,1,1785487896
2026-07-31T09:15:21Z,447,3,0,18,1,1,1,1,1,1785485488
2026-07-31T09:15:21Z,448,9,4,5,1,0,1,1,1,1785487895
2026-07-31T09:15:21Z,452,8,6,10,1,0,1,1,1,1785487661
2026-07-31T09:15:21Z,453,6,5,8,1,0,1,1,1,1785488004
2026-07-31T09:15:21Z,454,9,0,10,0,0,1,1,1,1785488201
2026-07-31T09:15:21Z,455,0,0,39,0,0,1,1,1,1785487895
2026-07-31T09:15:21Z,456,9,0,10,1,0,1,1,1,1785489086
2026-07-31T09:15:21Z,457,25,2,0,2,0,1,1,1,1785487895
2026-07-31T09:15:21Z,458,15,6,8,0,0,1,1,1,1785487229
2026-07-31T09:15:21Z,459,15,0,0,0,0,1,1,1,1785485789
2026-07-31T09:15:21Z,460,20,2,2,1,0,1,1,1,1785487896
2026-07-31T09:15:21Z,461,5,1,14,0,0,1,1,1,1785487878
2026-07-31T09:15:21Z,462,11,0,10,0,0,1,1,1,1785489254
2026-07-31T09:15:21Z,463,13,1,6,0,0,1,1,1,1785487897
2026-07-31T09:15:21Z,464,3,1,11,0,0,1,1,1,1785485789
2026-07-31T09:15:21Z,465,0,0,14,1,0,1,1,1,1785485789
2026-07-31T09:15:21Z,466,11,3,2,2,0,1,1,1,1785485789
2026-07-31T09:15:21Z,467,5,1,13,1,0,1,1,1,1785471818
2026-07-31T09:15:21Z,468,17,1,1,1,0,1,1,1,1785485789
2026-07-31T09:15:21Z,469,2,1,21,0,0,1,1,1,1785487896
2026-07-31T09:15:21Z,470,13,1,0,2,0,1,1,1,1785489243
2026-07-31T09:15:21Z,471,22,2,5,0,0,1,1,1,1785487895
2026-07-31T09:15:21Z,472,18,6,0,1,0,1,1,1,1785489208
2026-07-31T09:15:21Z,473,19,5,0,0,0,1,1,1,1785485789
2026-07-31T09:15:21Z,474,16,0,3,0,0,1,1,1,1785488959
2026-07-31T09:15:21Z,475,3,0,15,1,0,1,1,1,1785485789
2026-07-31T09:15:21Z,477,11,8,3,1,0,1,1,1,1785486182
2026-07-31T09:15:21Z,478,6,0,24,1,0,1,1,1,1785485789
2026-07-31T09:15:21Z,479,1,1,25,1,0,1,1,1,1785489149
2026-07-31T09:15:21Z,480,2,0,10,3,0,1,1,1,1785485789
2026-07-31T09:15:21Z,481,27,1,7,1,0,1,1,1,1785489287
2026-07-31T09:15:21Z,482,18,6,1,0,0,1,1,1,1785487895
2026-07-31T09:15:21Z,483,2,0,23,2,0,1,1,1,1785489188
2026-07-31T09:15:21Z,484,8,2,10,1,0,1,1,1,1785489151
2026-07-31T09:15:21Z,485,16,6,1,1,1,1,1,1,1785489260
2026-07-31T09:15:21Z,486,25,6,0,2,0,1,1,1,1785489242
2026-07-31T09:15:21Z,487,7,4,11,1,0,1,1,1,1785486902
2026-07-31T09:15:21Z,489,12,6,3,0,0,1,1,1,1785488501
2026-07-31T09:15:21Z,490,2,1,14,0,0,1,1,1,1785486473
2026-07-31T09:15:21Z,491,4,1,17,0,0,1,1,1,1785486090
2026-07-31T09:15:21Z,492,5,3,2,4,0,1,1,1,1785489310
2026-07-31T09:15:21Z,493,0,0,26,1,0,1,1,1,1785487895
2026-07-31T09:15:21Z,495,10,0,2,3,0,1,1,1,1785487895
2026-07-31T09:15:21Z,496,27,1,0,0,0,1,1,1,1785486089
2026-07-31T09:15:21Z,497,17,0,1,1,0,1,1,1,1785488201
2026-07-31T09:15:21Z,498,22,3,0,1,0,1,1,1,1785486119
2026-07-31T09:15:21Z,499,17,1,1,1,0,1,1,1,1785487896
2026-07-31T09:15:21Z,500,8,4,1,6,0,1,1,1,1785487895
2026-07-31T09:15:21Z,501,10,4,11,0,0,1,1,1,1785487896
2026-07-31T09:15:21Z,502,6,0,13,0,0,1,1,1,1785486089
2026-07-31T09:15:21Z,503,26,0,4,1,0,1,1,1,1785487895
2026-07-31T09:15:21Z,504,0,0,39,0,0,1,1,1,1785486562
2026-07-31T09:15:21Z,505,10,1,1,1,0,1,1,1,1785487586
2026-07-31T09:15:21Z,511,2,1,21,0,0,1,1,1,1785486354
2026-07-31T09:15:21Z,512,7,0,20,0,0,1,1,1,1785487895
2026-07-31T09:15:21Z,514,10,0,0,1,0,1,1,1,1785486089
2026-07-31T09:15:21Z,515,2,0,17,0,0,1,1,1,1785487895
2026-07-31T09:15:21Z,516,0,0,27,0,0,1,1,1,1785484039
2026-07-31T09:15:21Z,517,14,3,8,1,0,1,1,1,1785486090
2026-07-31T09:15:21Z,518,14,1,0,1,0,1,1,1,1785486390
2026-07-31T09:15:21Z,519,4,0,13,2,0,1,1,1,1785489254
2026-07-31T09:15:21Z,520,11,7,10,5,1,1,1,1,1785489306
2026-07-31T09:15:21Z,521,18,5,5,0,0,1,1,1,1785487895
2026-07-31T09:15:21Z,522,0,0,22,1,0,1,1,1,1785486390
2026-07-31T09:15:21Z,523,5,3,17,1,0,1,1,1,1785489189
2026-07-31T09:15:21Z,524,0,0,23,0,0,1,1,1,1785489294
2026-07-31T09:15:21Z,525,9,0,10,0,0,1,1,1,1785488201
2026-07-31T09:15:21Z,526,13,1,0,2,0,1,1,1,1785486390
2026-07-31T09:15:21Z,527,6,4,17,3,0,1,1,1,1785489299
2026-07-31T09:15:21Z,528,21,2,1,1,0,1,1,1,1785486390
2026-07-31T09:15:21Z,529,6,3,7,6,0,1,1,1,1785489309
2026-07-31T09:15:21Z,530,16,1,3,2,0,1,1,1,1785488201
2026-07-31T09:15:21Z,531,21,1,0,1,1,1,1,1,1785488201
2026-07-31T09:15:21Z,532,3,3,27,1,0,1,1,1,1785488341
2026-07-31T09:15:21Z,533,8,1,9,2,0,1,1,1,1785486390
2026-07-31T09:15:21Z,534,16,2,7,0,0,1,1,1,1785488202
2026-07-31T09:15:21Z,535,2,0,13,0,0,1,1,1,1785486390
2026-07-31T09:15:21Z,536,1,0,22,0,0,1,1,1,1785488201
2026-07-31T09:15:21Z,537,1,1,19,0,0,1,1,1,1785488280
2026-07-31T09:15:21Z,538,21,8,0,0,2,1,1,1,1785489045
2026-07-31T09:15:21Z,539,5,5,26,0,0,1,1,1,1785488201
2026-07-31T09:15:21Z,540,2,1,17,0,0,1,1,1,1785486391
2026-07-31T09:15:21Z,541,26,2,0,1,0,1,1,1,1785486390
2026-07-31T09:15:21Z,542,2,2,21,0,0,1,1,1,1785486390
2026-07-31T09:15:21Z,543,17,2,1,1,0,1,1,1,1785488201
2026-07-31T09:15:21Z,544,14,1,4,4,0,1,1,1,1785486390
2026-07-31T09:15:21Z,545,0,0,17,2,0,1,1,1,1785486390
2026-07-31T09:15:21Z,546,16,8,3,0,0,1,1,1,1785489048
2026-07-31T09:15:21Z,547,19,0,6,0,0,1,1,1,1785488201
2026-07-31T09:15:21Z,548,14,1,9,0,0,1,1,1,1785486390
2026-07-31T09:15:21Z,549,20,0,3,0,0,1,1,1,1785486390
2026-07-31T09:15:21Z,550,17,2,2,0,0,1,1,1,1785486390
2026-07-31T09:15:21Z,551,16,4,7,0,0,1,1,1,1785486390
2026-07-31T09:15:21Z,552,27,3,0,0,0,1,1,1,1785486390
2026-07-31T09:15:21Z,553,20,4,1,1,1,1,1,1,1785489285
2026-07-31T09:15:21Z,554,1,1,18,0,0,1,1,1,1785486691
2026-07-31T09:15:21Z,555,14,6,0,1,0,1,1,1,1785488201
2026-07-31T09:15:21Z,556,21,4,0,2,0,1,1,1,1785489098
2026-07-31T09:15:21Z,557,6,4,12,5,0,1,1,1,1785488202
2026-07-31T09:15:21Z,558,27,4,10,0,0,1,1,1,1785488201
2026-07-31T09:15:21Z,559,0,0,18,1,0,1,1,1,1785486390
2026-07-31T09:15:21Z,560,9,0,18,0,0,1,1,1,1785488201
2026-07-31T09:15:21Z,561,13,1,9,1,0,1,1,1,1785486390
2026-07-31T09:15:21Z,562,3,0,29,3,0,1,1,1,1785486691
2026-07-31T09:15:21Z,563,11,1,3,0,0,1,1,1,1785482241
2026-07-31T09:15:21Z,564,12,0,6,1,0,1,1,1,1785488201
2026-07-31T09:15:21Z,565,7,2,12,0,0,1,1,1,1785488201
2026-07-31T09:15:21Z,566,16,0,2,1,0,1,1,1,1785489206
2026-07-31T09:15:21Z,567,25,1,1,1,0,1,1,1,1785485492
2026-07-31T09:15:21Z,568,13,0,5,1,0,1,1,1,1785486691
2026-07-31T09:15:21Z,569,17,3,2,0,0,1,1,1,1785486691
2026-07-31T09:15:21Z,570,13,1,6,0,0,1,1,1,1785486691
2026-07-31T09:15:21Z,571,0,0,23,0,0,1,1,1,1785486691
2026-07-31T09:15:21Z,572,16,5,2,1,0,1,1,1,1785488201
2026-07-31T09:15:21Z,573,13,0,2,0,0,1,1,1,1785486691
2026-07-31T09:15:21Z,574,10,3,5,0,0,1,1,1,1785487852
2026-07-31T09:15:21Z,575,5,0,15,1,0,1,1,1,1785488201
2026-07-31T09:15:21Z,576,3,0,14,2,0,1,1,1,1785488201
2026-07-31T09:15:21Z,577,13,0,18,0,0,1,1,1,1785488201
2026-07-31T09:15:21Z,578,15,10,7,1,0,1,1,1,1785486996
2026-07-31T09:15:21Z,579,4,0,39,0,0,1,1,1,1785486691
2026-07-31T09:15:21Z,580,4,0,25,0,0,1,1,1,1785486691
2026-07-31T09:15:21Z,581,18,2,1,0,0,1,1,1,1785487551
2026-07-31T09:15:21Z,582,22,0,38,1,0,1,1,1,1785489310
2026-07-31T09:15:21Z,583,23,1,0,0,0,1,1,1,1785486691
2026-07-31T09:15:21Z,584,9,4,6,4,0,1,1,1,1785486691
2026-07-31T09:15:21Z,585,16,3,10,0,1,1,1,1,1785488201
2026-07-31T09:15:21Z,586,13,0,22,0,0,1,1,1,1785488201
2026-07-31T09:15:21Z,587,20,0,3,1,0,1,1,1,1785489118
2026-07-31T09:15:21Z,588,11,3,5,3,0,1,1,1,1785489141
2026-07-31T09:15:21Z,589,0,0,0,23,0,1,1,1,1785489256
2026-07-31T09:15:21Z,590,19,4,11,1,0,1,1,1,1785488201
2026-07-31T09:15:21Z,591,28,1,0,2,0,1,1,1,1785486691
2026-07-31T09:15:21Z,592,12,0,11,0,0,1,1,1,1785488952
2026-07-31T09:15:21Z,593,0,0,38,0,0,1,1,1,1785488201
2026-07-31T09:15:21Z,594,6,0,12,3,0,1,1,1,1785489203
2026-07-31T09:15:21Z,595,0,0,3,0,0,0,1,1,1784046673
2026-07-31T09:15:21Z,605,0,0,2,1,0,0,1,1,1783975843
2026-07-31T09:15:21Z,606,0,0,0,0,0,0,1,1,86400
2026-07-31T09:15:21Z,607,9,1,22,1,0,1,1,1,1785488201
2026-07-31T09:15:21Z,608,1,0,49,0,0,1,1,1,1785486736
2026-07-31T09:15:21Z,609,2,0,21,0,0,1,1,1,1785488201
2026-07-31T09:15:21Z,610,0,0,35,0,0,1,1,1,1785488201
2026-07-31T09:15:21Z,611,12,0,14,1,0,1,1,1,1785488201
2026-07-31T09:15:21Z,612,6,1,9,0,0,1,1,1,1785486691
2026-07-31T09:15:21Z,613,9,0,3,3,0,1,1,1,1785488202
2026-07-31T09:15:21Z,614,1,1,23,2,1,1,1,1,1785488202
2026-07-31T09:15:21Z,617,11,0,2,2,0,1,1,1,1785489158
2026-07-31T09:15:21Z,618,13,2,1,5,0,1,1,1,1785486690
2026-07-31T09:15:21Z,619,7,2,12,0,0,1,1,1,1785488201
2026-07-31T09:15:21Z,620,0,0,27,0,0,1,1,1,1785488201
2026-07-31T09:15:21Z,621,7,2,15,1,0,1,1,1,1785488201
2026-07-31T09:15:21Z,622,5,2,17,1,0,1,1,1,1785488201
2026-07-31T09:15:21Z,623,9,2,20,1,0,1,1,1,1785488201
2026-07-31T09:15:21Z,624,2,0,13,0,0,1,1,1,1785486691
2026-07-31T09:15:21Z,625,5,0,14,2,0,1,1,1,1785488201
2026-07-31T09:15:21Z,626,0,0,45,0,2,1,1,1,1785469585
2026-07-31T09:15:21Z,627,13,6,6,0,0,1,1,1,1785488201
2026-07-31T09:15:21Z,628,0,0,15,2,2,1,1,1,1785489060
2026-07-31T09:15:21Z,629,4,1,6,1,0,1,1,1,1785489123
2026-07-31T09:15:21Z,630,3,2,21,3,0,1,1,1,1785489252
2026-07-31T09:15:21Z,631,2,1,21,0,0,1,1,1,1785488201
2026-07-31T09:15:21Z,632,22,2,0,1,0,1,1,1,1785488201
2026-07-31T09:15:21Z,633,11,1,0,4,0,1,1,1,1785489085
2026-07-31T09:15:21Z,634,11,2,8,0,0,1,1,1,1785486991
2026-07-31T09:15:21Z,635,17,1,2,0,0,1,1,1,1785488201
2026-07-31T09:15:21Z,636,10,2,5,0,0,1,1,1,1785488201
2026-07-31T09:15:21Z,637,8,0,11,0,0,1,1,1,1785488201
2026-07-31T09:15:21Z,638,9,2,8,2,0,1,1,1,1785488216
2026-07-31T09:15:21Z,639,5,1,11,3,0,1,1,1,1785479066
2026-07-31T09:15:21Z,640,1,1,21,1,0,1,1,1,1785489253
2026-07-31T09:15:21Z,641,21,1,3,2,0,1,1,1,1785487278
2026-07-31T09:15:21Z,642,4,2,7,8,0,1,1,1,1785489307
2026-07-31T09:15:21Z,643,2,0,17,8,0,1,1,1,1785489308
2026-07-31T09:15:21Z,644,12,0,2,1,0,1,1,1,1785486991
2026-07-31T09:15:21Z,645,11,0,10,1,1,1,1,1,1785488495
2026-07-31T09:15:21Z,646,7,2,12,0,0,1,1,1,1785489131
2026-07-31T09:15:21Z,647,31,1,0,0,0,1,1,1,1785488201
2026-07-31T09:15:21Z,648,6,0,12,1,0,1,1,1,1785488201
2026-07-31T09:15:21Z,649,19,2,11,1,0,1,1,1,1785488237
2026-07-31T09:15:21Z,650,5,1,9,0,0,1,1,1,1785488201
2026-07-31T09:15:21Z,651,11,9,12,0,0,1,1,1,1785482207
2026-07-31T09:15:21Z,652,4,2,17,2,0,1,1,1,1785489242
2026-07-31T09:15:21Z,653,8,1,9,2,0,1,1,1,1785488201
2026-07-31T09:15:21Z,654,2,2,13,0,0,1,1,1,1785488202
2026-07-31T09:15:21Z,655,6,3,2,4,1,1,1,1,1785489146
2026-07-31T09:15:21Z,656,18,6,1,0,0,1,1,1,1785488201
2026-07-31T09:15:21Z,657,9,1,3,2,3,1,1,1,1785489182
2026-07-31T09:15:21Z,658,9,1,1,0,0,1,1,1,1785473427
2026-07-31T09:15:21Z,659,8,3,5,2,0,1,1,1,1785488201
2026-07-31T09:15:21Z,660,0,0,0,17,14,1,1,1,1785489219
2026-07-31T09:15:21Z,661,1,1,18,0,0,1,1,1,1785488202
2026-07-31T09:15:21Z,662,7,5,14,2,0,1,1,1,1785480458
2026-07-31T09:15:21Z,663,14,6,0,1,0,1,1,1,1785488201
2026-07-31T09:15:21Z,664,0,0,27,0,0,1,1,1,1785472715
2026-07-31T09:15:21Z,665,12,3,3,0,0,1,1,1,1785488202
2026-07-31T09:15:21Z,666,7,2,6,2,0,1,1,1,1785488201
2026-07-31T09:15:21Z,667,0,0,19,0,0,1,1,1,1785486991
2026-07-31T09:15:21Z,668,10,1,8,1,0,1,1,1,1785488201
2026-07-31T09:15:21Z,669,14,5,0,0,0,1,1,1,1785488201
2026-07-31T09:15:21Z,670,11,2,16,0,0,1,1,1,1785486992
2026-07-31T09:15:21Z,671,25,5,1,1,0,1,1,1,1785488853
2026-07-31T09:15:21Z,672,13,2,6,3,1,1,1,1,1785486991
2026-07-31T09:15:21Z,673,12,1,9,2,0,1,1,1,1785489310
2026-07-31T09:15:21Z,674,3,2,17,3,0,1,1,1,1785489036
2026-07-31T09:15:21Z,675,12,6,1,2,0,1,1,1,1785489053
2026-07-31T09:15:21Z,676,6,1,15,1,0,1,1,1,1785488643
2026-07-31T09:15:21Z,681,12,3,1,2,0,1,1,1,1785489270
2026-07-31T09:15:21Z,682,4,1,14,1,0,1,1,1,1785486991
2026-07-31T09:15:21Z,683,4,1,15,0,0,1,1,1,1785488334
2026-07-31T09:15:21Z,684,3,0,24,0,0,1,1,1,1785487883
2026-07-31T09:15:21Z,685,10,0,15,1,1,1,1,1,1785488201
2026-07-31T09:15:21Z,686,11,0,14,1,1,1,1,1,1785488095
2026-07-31T09:15:21Z,687,11,0,18,1,1,1,1,1,1785489242
2026-07-31T09:15:21Z,688,10,0,2,7,0,1,1,1,1785489311
2026-07-31T09:15:21Z,692,4,1,17,0,0,1,1,1,1785488150
2026-07-31T09:15:21Z,693,5,0,3,3,0,1,1,1,1785488989
2026-07-31T09:15:21Z,694,9,5,12,0,0,1,1,1,1785488738
2026-07-31T09:15:21Z,695,17,11,6,0,0,1,1,1,1785488876
2026-07-31T09:15:21Z,696,19,14,3,1,0,1,1,1,1785488796
2026-07-31T09:15:21Z,697,20,1,3,0,0,1,1,1,1785488607
2026-07-31T09:15:21Z,698,26,0,1,0,0,1,1,1,1785487932
2026-07-31T09:15:21Z,699,7,0,7,1,0,1,1,1,1785489288
2026-07-31T09:15:21Z,700,19,4,0,0,0,1,1,1,1785487599
2026-07-31T09:15:21Z,701,17,6,2,0,0,1,1,1,1785488846
2026-07-31T09:15:21Z,702,18,0,4,1,0,1,1,1,1785488049
2026-07-31T09:15:21Z,704,9,2,6,0,0,1,1,1,1785488247
2026-07-31T09:15:21Z,705,5,3,9,1,0,1,1,1,1785488200
2026-07-31T09:15:21Z,706,12,2,0,3,0,1,1,1,1785488813
2026-07-31T09:15:21Z,707,10,2,5,0,0,1,1,1,1785487639
2026-07-31T09:15:21Z,708,19,3,0,0,0,1,1,1,1785488201
2026-07-31T09:15:21Z,709,11,1,1,3,0,1,1,1,1785488200
2026-07-31T09:15:21Z,710,16,3,2,1,0,1,1,1,1785488887
2026-07-31T09:15:21Z,711,19,4,0,4,0,1,1,1,1785488952
2026-07-31T09:15:21Z,712,15,10,0,0,0,1,1,1,1785488829
2026-07-31T09:15:21Z,713,6,0,17,0,0,1,1,1,1785488200
2026-07-31T09:15:21Z,716,3,1,12,0,0,1,1,1,1785489172
2026-07-31T09:15:21Z,717,3,1,19,3,0,1,1,1,1785489249
2026-07-31T09:15:21Z,718,3,1,11,1,0,1,1,1,1785488999
2026-07-31T09:15:21Z,719,7,1,22,0,0,1,1,1,1785488407
2026-07-31T09:15:21Z,720,2,1,17,0,0,1,1,1,1785488200
2026-07-31T09:15:21Z,721,0,0,21,2,0,1,1,1,1785488444
2026-07-31T09:15:21Z,722,5,0,10,0,0,1,1,1,1785489217
2026-07-31T09:15:21Z,723,12,1,11,0,0,1,1,1,1785489252
2026-07-31T09:15:21Z,724,21,4,2,0,0,1,1,1,1785488592
2026-07-31T09:15:21Z,725,22,6,0,1,0,1,1,1,1785488200
2026-07-31T09:15:21Z,726,19,3,0,0,0,1,1,1,1785488366
2026-07-31T09:15:21Z,727,9,4,12,2,0,1,1,1,1785488391
2026-07-31T09:15:21Z,728,9,0,5,1,0,1,1,1,1785487953
2026-07-31T09:15:21Z,729,6,0,13,0,0,1,1,1,1785488827
2026-07-31T09:15:21Z,730,3,2,10,2,0,1,1,1,1785488547
2026-07-31T09:15:21Z,731,10,3,4,1,0,1,1,1,1785487658
2026-07-31T09:15:21Z,732,9,5,6,0,0,1,1,1,1785488697
2026-07-31T09:15:21Z,733,4,0,23,0,0,1,1,1,1785487667
2026-07-31T09:15:21Z,734,0,0,14,0,0,1,1,1,1785488659
2026-07-31T09:15:21Z,735,4,3,23,0,0,1,1,1,1785487895
2026-07-31T09:15:21Z,736,7,1,12,0,0,1,1,1,1785488088
2026-07-31T09:15:21Z,737,4,3,10,0,1,1,1,1,1785488216
2026-07-31T09:15:21Z,738,16,5,1,2,0,1,1,1,1785489022
2026-07-31T09:15:21Z,739,19,2,7,1,0,1,1,1,1785487688
2026-07-31T09:15:21Z,741,7,1,16,0,0,1,1,1,1785487979
2026-07-31T09:15:21Z,742,5,0,27,3,0,1,1,1,1785488245
2026-07-31T09:15:21Z,743,8,3,9,2,0,1,1,1,1785488200
2026-07-31T09:15:21Z,744,11,4,3,1,0,1,1,1,1785488355
2026-07-31T09:15:21Z,745,14,4,4,1,0,1,1,1,1785488362
2026-07-31T09:15:21Z,746,12,3,9,2,0,1,1,1,1785489153
2026-07-31T09:15:21Z,747,0,0,4,0,0,0,1,1,1783446606
2026-07-31T09:15:21Z,748,10,1,13,0,0,1,1,1,1785489150
2026-07-31T09:15:21Z,749,7,5,15,1,0,1,1,1,1785489065
2026-07-31T09:15:21Z,750,4,2,7,0,0,1,1,1,1785487894
2026-07-31T09:15:21Z,751,8,0,15,0,0,1,1,1,1785488585
2026-07-31T09:15:21Z,752,13,1,3,1,0,1,1,1,1785488200
2026-07-31T09:15:21Z,753,4,0,11,0,0,1,1,1,1785488495
2026-07-31T09:15:21Z,754,1,1,13,1,0,1,1,1,1785488910
2026-07-31T09:15:21Z,755,12,3,10,1,0,1,1,1,1785489031
2026-07-31T09:15:21Z,756,2,0,35,0,0,1,1,1,1785487923
2026-07-31T09:15:21Z,757,18,9,1,0,0,1,1,1,1785489143
2026-07-31T09:15:21Z,758,22,3,1,0,0,1,1,1,1785488749
2026-07-31T09:15:21Z,759,5,3,10,0,0,1,1,1,1785488477
2026-07-31T09:15:21Z,760,8,3,11,0,0,1,1,1,1785488200
2026-07-31T09:15:21Z,761,16,0,6,1,0,1,1,1,1785488834
2026-07-31T09:15:21Z,762,7,4,4,4,0,1,1,1,1785488200
2026-07-31T09:15:21Z,768,8,0,8,3,0,1,1,1,1785488586
2026-07-31T09:15:21Z,769,16,12,3,0,0,1,1,1,1785488210
2026-07-31T09:15:21Z,770,11,3,6,2,0,1,1,1,1785488146
2026-07-31T09:15:21Z,771,13,3,1,1,0,1,1,1,1785488200
2026-07-31T09:15:21Z,772,7,3,8,0,0,1,1,1,1785488205
2026-07-31T09:15:21Z,773,15,4,4,0,0,1,1,1,1785488201
2026-07-31T09:15:21Z,774,9,5,3,3,0,1,1,1,1785488200
2026-07-31T09:15:21Z,775,6,0,11,1,1,1,1,1,1785488308
2026-07-31T09:15:21Z,776,3,1,17,1,0,1,1,1,1785488365
2026-07-31T09:15:21Z,777,10,0,2,3,0,1,1,1,1785488201
2026-07-31T09:15:21Z,778,13,0,3,3,0,1,1,1,1785488261
2026-07-31T09:15:21Z,779,8,1,10,1,0,1,1,1,1785488945
2026-07-31T09:15:21Z,780,17,4,1,1,0,1,1,1,1785488567
2026-07-31T09:15:21Z,781,6,2,3,2,0,1,1,1,1785488897
2026-07-31T09:15:21Z,782,5,3,10,4,0,1,1,1,1785488200
2026-07-31T09:15:21Z,783,7,1,12,0,0,1,1,1,1785488954
2026-07-31T09:15:21Z,784,15,2,4,0,0,1,1,1,1785488562
2026-07-31T09:15:21Z,785,11,2,2,6,0,1,1,1,1785489125
2026-07-31T09:15:21Z,786,11,5,8,0,0,1,1,1,1785488769
2026-07-31T09:15:21Z,787,11,5,2,2,0,1,1,1,1785488411
2026-07-31T09:15:21Z,788,3,0,12,0,0,1,1,1,1785488333
2026-07-31T09:15:21Z,789,10,2,1,4,0,1,1,1,1785488200
2026-07-31T09:15:21Z,790,1,0,22,0,0,1,1,1,1785488452
2026-07-31T09:15:21Z,791,7,2,11,0,1,1,1,1,1785488213
2026-07-31T09:15:21Z,793,4,0,10,1,0,1,1,1,1785488201
2026-07-31T09:15:21Z,794,8,3,19,2,0,1,1,1,1785488459
2026-07-31T09:15:21Z,796,0,0,17,2,0,1,1,1,1785488201
2026-07-31T09:15:21Z,797,1,0,14,0,0,1,1,1,1785487593
2026-07-31T09:15:21Z,798,6,0,18,1,0,1,1,1,1785488200
2026-07-31T09:15:21Z,799,15,1,1,3,0,1,1,1,1785488201
2026-07-31T09:15:21Z,800,1,0,19,1,0,1,1,1,1785489208
2026-07-31T09:15:21Z,801,4,2,16,1,0,1,1,1,1785487820
2026-07-31T09:15:21Z,802,8,0,23,0,0,1,1,1,1785488200
2026-07-31T09:15:21Z,803,1,1,14,0,0,1,1,1,1785488200
2026-07-31T09:15:21Z,806,8,3,7,0,0,1,1,1,1785488200
2026-07-31T09:15:21Z,807,14,0,8,3,0,1,1,1,1785488232
2026-07-31T09:15:21Z,808,0,0,23,2,0,1,1,1,1785488225
2026-07-31T09:15:21Z,809,5,1,17,1,0,1,1,1,1785488200
2026-07-31T09:15:21Z,810,2,0,13,4,0,1,1,1,1785488201
2026-07-31T09:15:21Z,815,4,1,6,4,1,1,1,1,1785487892
2026-07-31T09:15:21Z,817,10,5,5,0,0,1,1,1,1785488927
2026-07-31T09:15:21Z,818,6,0,16,1,0,1,1,1,1785488333
2026-07-31T09:15:21Z,819,6,4,9,0,0,1,1,1,1785487291
2026-07-31T09:15:21Z,820,8,2,9,0,0,1,1,1,1785488848
2026-07-31T09:15:21Z,821,2,1,13,0,0,1,1,1,1785488200
2026-07-31T09:15:21Z,822,1,0,20,2,0,1,1,1,1785488279
2026-07-31T09:15:21Z,823,0,0,14,1,0,1,1,1,1785489244
2026-07-31T09:15:21Z,824,12,3,6,1,0,1,1,1,1785488710
2026-07-31T09:15:21Z,825,8,5,7,0,0,1,1,1,1785488201
2026-07-31T09:15:21Z,826,10,2,8,1,0,1,1,1,1785488718
2026-07-31T09:15:21Z,827,16,5,4,1,0,1,1,1,1785488215
2026-07-31T09:15:21Z,828,10,0,7,1,0,1,1,1,1785488107
2026-07-31T09:15:21Z,829,16,7,11,0,0,1,1,1,1785488956
2026-07-31T09:15:21Z,830,12,3,10,1,0,1,1,1,1785488274
2026-07-31T09:15:21Z,831,7,2,7,1,0,1,1,1,1785489217
2026-07-31T09:15:21Z,832,10,3,5,3,0,1,1,1,1785489300
2026-07-31T09:15:21Z,833,1,0,17,1,0,1,1,1,1785489056
2026-07-31T09:15:21Z,834,1,0,22,1,0,1,1,1,1785488555
2026-07-31T09:15:21Z,835,16,6,0,2,0,1,1,1,1785488785
2026-07-31T09:15:21Z,837,5,1,0,10,0,1,1,1,1785489281
2026-07-31T09:15:21Z,838,14,3,1,0,0,1,1,1,1785488442
2026-07-31T09:15:21Z,839,20,1,9,0,0,1,1,1,1785488063
2026-07-31T09:15:21Z,840,8,3,19,2,0,1,1,1,1785488595
2026-07-31T09:15:21Z,841,7,1,8,0,0,1,1,1,1785489213
2026-07-31T09:15:21Z,842,7,2,16,0,0,1,1,1,1785489004
2026-07-31T09:15:21Z,843,8,0,22,1,0,1,1,1,1785489239
2026-07-31T09:15:21Z,844,6,0,17,0,0,1,1,1,1785489202
2026-07-31T09:15:21Z,845,5,3,12,2,0,1,1,1,1785487572
2026-07-31T09:15:21Z,846,4,0,13,2,0,1,1,1,1785488523
2026-07-31T09:15:21Z,847,7,1,20,0,0,1,1,1,1785488304
2026-07-31T09:15:21Z,848,10,3,8,1,0,1,1,1,1785488215
2026-07-31T09:15:21Z,849,7,2,8,0,0,1,1,1,1785488371
2026-07-31T09:15:21Z,850,9,0,1,1,0,1,1,1,1785488617
2026-07-31T09:15:21Z,851,3,3,32,2,0,1,1,1,1785488451
2026-07-31T09:15:21Z,852,12,6,7,0,0,1,1,1,1785489104
2026-07-31T09:15:21Z,853,10,5,13,0,0,1,1,1,1785488200
2026-07-31T09:15:21Z,854,3,2,12,0,0,1,1,1,1785488415
2026-07-31T09:15:21Z,855,25,0,2,0,0,1,1,1,1785488200
2026-07-31T09:15:21Z,857,1,1,18,0,0,1,1,1,1785489302
2026-07-31T09:15:21Z,858,4,1,14,1,0,1,1,1,1785488200
2026-07-31T09:15:21Z,859,3,0,17,1,0,1,1,1,1785488202
2026-07-31T09:15:21Z,861,8,1,2,1,0,1,1,1,1785488201
2026-07-31T09:15:21Z,862,2,1,13,0,0,1,1,1,1785489241
2026-07-31T09:15:21Z,863,13,0,5,1,0,1,1,1,1785488200
2026-07-31T09:15:21Z,866,11,3,8,0,0,1,1,1,1785489219
2026-07-31T09:15:21Z,867,12,0,3,0,0,1,1,1,1785488857
2026-07-31T09:15:21Z,868,13,2,2,0,0,1,1,1,1785489062
2026-07-31T09:15:21Z,870,7,4,6,2,0,1,1,1,1785489278
2026-07-31T09:15:21Z,871,0,0,10,1,0,1,1,1,1785488661
2026-07-31T09:15:21Z,872,0,0,14,1,0,1,1,1,1785489199
2026-07-31T09:15:21Z,873,0,0,32,1,0,1,1,1,1785489175
2026-07-31T09:15:21Z,874,5,2,6,4,0,1,1,1,1785488200
2026-07-31T09:15:21Z,875,15,11,0,0,0,1,1,1,1785488439
2026-07-31T09:15:21Z,877,11,10,6,2,0,1,1,1,1785488804
2026-07-31T09:15:21Z,878,3,2,15,1,0,1,1,1,1785488200
2026-07-31T09:15:21Z,879,1,0,18,0,0,1,1,1,1785488426
2026-07-31T09:15:21Z,880,3,0,19,1,0,1,1,1,1785488437
2026-07-31T09:15:21Z,881,2,0,17,0,0,1,1,1,1785489237
2026-07-31T09:15:21Z,882,10,0,6,3,0,1,1,1,1785488200
2026-07-31T09:15:21Z,883,10,6,9,0,0,1,1,1,1785488201
2026-07-31T09:15:21Z,884,11,7,10,0,0,1,1,1,1785488794
2026-07-31T09:15:21Z,885,1,0,18,0,0,1,1,1,1785489086
2026-07-31T09:15:21Z,886,17,1,11,1,0,1,1,1,1785488201
2026-07-31T09:15:21Z,887,3,1,11,3,0,1,1,1,1785488361
2026-07-31T09:15:21Z,888,12,0,27,2,0,1,1,1,1785489242
2026-07-31T09:15:21Z,889,17,1,0,2,0,1,1,1,1785488201
2026-07-31T09:15:21Z,890,7,4,8,0,0,1,1,1,1785488201
2026-07-31T09:15:21Z,891,20,0,2,1,0,1,1,1,1785488578
2026-07-31T09:15:21Z,892,13,1,2,0,0,1,1,1,1785488200
2026-07-31T09:15:21Z,895,0,0,18,1,0,1,1,1,1785489208
2026-07-31T09:15:21Z,896,6,0,29,0,0,1,1,1,1785488200
2026-07-31T09:15:21Z,897,11,1,10,0,0,1,1,1,1785489274
2026-07-31T09:15:21Z,898,2,0,17,0,0,1,1,1,1785489005
2026-07-31T09:15:21Z,899,0,0,18,1,0,1,1,1,1785489114
2026-07-31T09:15:21Z,900,19,1,6,2,0,1,1,1,1785488441
2026-07-31T09:15:21Z,901,12,0,6,1,0,1,1,1,1785487948
2026-07-31T09:15:21Z,902,9,0,5,1,0,1,1,1,1785488945
2026-07-31T09:15:21Z,903,14,2,4,1,0,1,1,1,1785488379
2026-07-31T09:15:21Z,904,10,4,8,1,0,1,1,1,1785488201
2026-07-31T09:15:21Z,905,4,0,23,0,0,1,1,1,1785488201
2026-07-31T09:15:21Z,906,8,5,19,0,0,1,1,1,1785488423
2026-07-31T09:15:21Z,907,6,1,25,0,0,1,1,1,1785488201
2026-07-31T09:15:21Z,908,11,0,12,0,0,1,1,1,1785488201
2026-07-31T09:15:21Z,909,14,4,8,1,0,1,1,1,1785489020
2026-07-31T09:15:21Z,910,20,0,11,0,0,1,1,1,1785489298
2026-07-31T09:15:21Z,911,3,0,16,0,0,1,1,1,1785488938
2026-07-31T09:15:21Z,912,9,5,12,2,0,1,1,1,1785488218
2026-07-31T09:15:21Z,913,3,1,16,0,0,1,1,1,1785488200
2026-07-31T09:15:21Z,914,6,1,13,0,0,1,1,1,1785488201
2026-07-31T09:15:21Z,915,7,0,15,1,0,1,1,1,1785488200
2026-07-31T09:15:21Z,916,23,8,0,0,0,1,1,1,1785487718
2026-07-31T09:15:21Z,917,3,0,30,2,0,1,1,1,1785488303
2026-07-31T09:15:21Z,918,13,5,4,2,0,1,1,1,1785489306
2026-07-31T09:15:21Z,919,13,3,25,1,0,1,1,1,1785488235
2026-07-31T09:15:21Z,920,4,2,15,0,0,1,1,1,1785488201
2026-07-31T09:15:21Z,921,12,0,9,0,0,1,1,1,1785489069
2026-07-31T09:15:21Z,922,3,1,17,1,0,1,1,1,1785489053
2026-07-31T09:15:21Z,923,19,2,0,0,0,1,1,1,1785488747
2026-07-31T09:15:21Z,924,8,2,13,0,0,1,1,1,1785488268
2026-07-31T09:15:21Z,925,13,0,8,0,0,1,1,1,1785487729
2026-07-31T09:15:21Z,926,0,0,21,0,0,1,1,1,1785488201
2026-07-31T09:15:21Z,927,1,0,34,0,0,1,1,1,1785488267
2026-07-31T09:15:21Z,928,5,3,14,0,0,1,1,1,1785464301
2026-07-31T09:15:21Z,929,0,0,23,0,0,1,1,1,1785488702
2026-07-31T09:15:21Z,930,0,0,30,1,0,1,1,1,1785489297
2026-07-31T09:15:21Z,931,8,3,15,0,0,1,1,1,1785488201
2026-07-31T09:15:21Z,932,4,0,12,3,0,1,1,1,1785488221
2026-07-31T09:15:21Z,933,0,0,23,0,0,1,1,1,1785487852
2026-07-31T09:15:21Z,934,2,0,28,1,0,1,1,1,1785489011
2026-07-31T09:15:21Z,935,9,2,9,1,0,1,1,1,1785488436
2026-07-31T09:15:21Z,936,4,1,15,0,0,1,1,1,1785456801
2026-07-31T09:15:21Z,940,10,0,1,0,0,1,1,1,1785487595
2026-07-31T09:15:21Z,941,10,1,13,2,0,1,1,1,1785487993
2026-07-31T09:15:21Z,942,5,0,16,0,0,1,1,1,1785488369
2026-07-31T09:15:21Z,943,9,8,6,0,0,1,1,1,1785489311
2026-07-31T09:15:21Z,944,9,8,6,0,0,1,1,1,1785489128
2026-07-31T09:15:21Z,945,10,8,5,0,0,1,1,1,1785488641
2026-07-31T09:15:21Z,946,7,5,12,0,0,1,1,1,1785487593
2026-07-31T09:15:21Z,947,7,5,10,0,0,1,1,1,1785489142
2026-07-31T09:15:21Z,948,26,8,0,5,0,1,1,1,1785487852
2026-07-31T09:15:21Z,949,1,0,14,0,0,1,1,1,1785489242
2026-07-31T09:15:21Z,950,16,4,0,1,0,1,1,1,1785489154
2026-07-31T09:15:21Z,951,18,4,5,0,0,1,1,1,1785487593
2026-07-31T09:15:21Z,952,7,0,48,0,0,1,1,1,1785488660
2026-07-31T09:15:21Z,953,14,2,0,1,0,1,1,1,1785488411
2026-07-31T09:15:21Z,954,17,4,2,0,0,1,1,1,1785489251
2026-07-31T09:15:21Z,955,4,3,17,6,0,1,1,1,1785488216
2026-07-31T09:15:21Z,956,22,1,0,1,0,1,1,1,1785489283
2026-07-31T09:15:21Z,957,15,0,14,0,0,1,1,1,1785488533
2026-07-31T09:15:21Z,958,19,0,12,0,0,1,1,1,1785488042
2026-07-31T09:15:21Z,959,20,8,0,3,0,1,1,1,1785489029
2026-07-31T09:15:21Z,960,22,1,0,1,0,1,1,1,1785487695
2026-07-31T09:15:21Z,961,3,2,17,3,0,1,1,1,1785488830
2026-07-31T09:15:21Z,962,8,3,24,3,0,1,1,1,1785488294
2026-07-31T09:15:21Z,963,6,0,16,1,0,1,1,1,1785489228
2026-07-31T09:15:21Z,964,21,8,1,1,0,1,1,1,1785488862
2026-07-31T09:15:21Z,965,5,1,21,1,0,1,1,1,1785489311
2026-07-31T09:15:21Z,966,28,0,3,0,0,1,1,1,1785488044
2026-07-31T09:15:21Z,967,20,0,0,1,0,1,1,1,1785488969
2026-07-31T09:15:21Z,968,14,0,4,1,0,1,1,1,1785489132
2026-07-31T09:15:21Z,969,10,6,15,2,0,1,1,1,1785489075
2026-07-31T09:15:21Z,970,11,1,7,1,0,1,1,1,1785487650
2026-07-31T09:15:21Z,971,15,0,7,1,0,1,1,1,1785487618
2026-07-31T09:15:21Z,972,9,1,13,1,0,1,1,1,1785489103
2026-07-31T09:15:21Z,973,9,4,13,1,0,1,1,1,1785488613
2026-07-31T09:15:21Z,974,12,0,15,0,0,1,1,1,1785488000
2026-07-31T09:15:21Z,977,7,7,11,3,0,1,1,1,1785487593
2026-07-31T09:15:21Z,978,11,0,12,0,0,1,1,1,1785488420
2026-07-31T09:15:21Z,979,14,1,3,0,0,1,1,1,1785487971
2026-07-31T09:15:21Z,980,1,0,18,2,0,1,1,1,1785489161
2026-07-31T09:15:21Z,981,19,1,1,1,0,1,1,1,1785488868
2026-07-31T09:15:21Z,982,3,1,14,2,0,1,1,1,1785489172
2026-07-31T09:15:21Z,983,2,1,20,1,0,1,1,1,1785488200
2026-07-31T09:15:21Z,984,6,0,17,0,0,1,1,1,1785488761
2026-07-31T09:15:21Z,985,8,0,23,0,0,1,1,1,1785488044
2026-07-31T09:15:21Z,986,4,0,15,0,0,1,1,1,1785489169
2026-07-31T09:15:21Z,987,6,0,16,1,0,1,1,1,1785487889
2026-07-31T09:15:21Z,988,5,1,13,1,0,1,1,1,1785487593
2026-07-31T09:15:21Z,989,9,4,10,0,0,1,1,1,1785488311
2026-07-31T09:15:21Z,990,13,1,0,2,0,1,1,1,1785487593
2026-07-31T09:15:21Z,991,10,2,8,1,0,1,1,1,1785489034
2026-07-31T09:15:21Z,992,10,7,12,1,0,1,1,1,1785488091
2026-07-31T09:15:21Z,993,0,0,27,0,0,1,1,1,1785476008
2026-07-31T09:15:21Z,994,4,1,17,0,0,1,1,1,1785488303
2026-07-31T09:15:21Z,995,8,2,19,0,0,1,1,1,1785488856
2026-07-31T09:15:21Z,996,8,1,15,0,0,1,1,1,1785489144
2026-07-31T09:15:21Z,997,11,5,10,2,0,1,1,1,1785489200
2026-07-31T09:15:21Z,998,3,2,19,1,0,1,1,1,1785487894
2026-07-31T09:15:21Z,999,3,1,15,2,1,1,1,1,1785489241
2026-07-31T09:15:21Z,1000,4,2,17,0,0,1,1,1,1785488212
2026-07-31T09:15:21Z,1001,1,0,26,0,0,1,1,1,1785487902
2026-07-31T09:15:21Z,1002,0,0,27,4,0,1,1,1,1785487895
2026-07-31T09:15:21Z,1003,0,0,22,1,0,1,1,1,1785489108
2026-07-31T09:15:21Z,1004,8,1,15,0,0,1,1,1,1785488547
2026-07-31T09:15:21Z,1005,20,1,3,0,0,1,1,1,1785489295
2026-07-31T09:15:21Z,1006,7,4,11,1,0,1,1,1,1785489132
2026-07-31T09:15:21Z,1007,2,1,19,0,0,1,1,1,1785488763
2026-07-31T09:15:21Z,1008,6,5,15,2,0,1,1,1,1785488265
2026-07-31T09:15:21Z,1009,19,2,8,4,0,1,1,1,1785488135
2026-07-31T09:15:21Z,1010,7,2,20,0,0,1,1,1,1785488967
2026-07-31T09:15:21Z,1011,8,2,9,2,0,1,1,1,1785487894
2026-07-31T09:15:21Z,1012,4,3,18,1,0,1,1,1,1785489062
2026-07-31T09:15:21Z,1013,4,1,18,1,0,1,1,1,1785487894
2026-07-31T09:15:21Z,1014,7,2,13,3,0,1,1,1,1785487894
2026-07-31T09:15:21Z,1015,3,1,25,3,0,1,1,1,1785488033
2026-07-31T09:15:21Z,1016,10,5,21,0,0,1,1,1,1785488923
2026-07-31T09:15:21Z,1017,14,5,7,0,0,1,1,1,1785488466
2026-07-31T09:15:21Z,1018,7,2,15,0,0,1,1,1,1785489150
2026-07-31T09:15:21Z,1019,9,6,6,0,0,1,1,1,1785489080
2026-07-31T09:15:21Z,1020,18,3,3,0,0,1,1,1,1785488338
2026-07-31T09:15:21Z,1021,9,3,5,1,0,1,1,1,1785488202
2026-07-31T09:15:21Z,1022,14,0,13,0,0,1,1,1,1785489240
2026-07-31T09:15:21Z,1023,13,1,9,1,0,1,1,1,1785488884
2026-07-31T09:15:21Z,1024,5,2,13,1,0,1,1,1,1785488067
2026-07-31T09:15:21Z,1025,4,0,14,0,1,1,1,1,1785489208
2026-07-31T09:15:21Z,1026,7,5,19,5,0,1,1,1,1785488418
2026-07-31T09:15:21Z,1028,2,0,20,1,0,1,1,1,1785489240
2026-07-31T09:15:21Z,1029,9,9,5,1,0,1,1,1,1785488362
2026-07-31T09:15:21Z,1030,14,5,9,0,0,1,1,1,1785488105
2026-07-31T09:15:21Z,1031,8,0,11,0,0,1,1,1,1785488475
2026-07-31T09:15:21Z,1032,7,1,12,0,0,1,1,1,1785489137
2026-07-31T09:15:21Z,1033,9,5,9,1,0,1,1,1,1785488134
2026-07-31T09:15:21Z,1034,2,0,13,0,0,1,1,1,1785489154
2026-07-31T09:15:21Z,1035,1,0,16,2,0,1,1,1,1785489182
2026-07-31T09:15:21Z,1036,15,1,0,0,0,1,1,1,1785487919
2026-07-31T09:15:21Z,1037,4,0,14,1,0,1,1,1,1785488010
2026-07-31T09:15:21Z,1038,2,0,12,1,0,1,1,1,1785488852
2026-07-31T09:15:21Z,1039,7,2,12,0,0,1,1,1,1785489291
2026-07-31T09:15:21Z,1040,7,3,10,2,0,1,1,1,1785489174
2026-07-31T09:15:21Z,1041,11,3,8,0,0,1,1,1,1785489055
2026-07-31T09:15:21Z,1042,12,1,1,2,0,1,1,1,1785489113
2026-07-31T09:15:21Z,1043,9,0,7,3,0,1,1,1,1785489211
2026-07-31T09:15:21Z,1044,2,1,12,1,0,1,1,1,1785488907
2026-07-31T09:15:21Z,1045,11,1,8,0,0,1,1,1,1785489125
2026-07-31T09:15:21Z,1046,9,0,6,0,0,1,1,1,1785488532
2026-07-31T09:15:21Z,1047,4,0,17,0,0,1,1,1,1785488075
2026-07-31T09:15:21Z,1048,10,1,9,0,0,1,1,1,1785489102
2026-07-31T09:15:21Z,1049,6,0,15,0,0,1,1,1,1785489164
2026-07-31T09:15:21Z,1050,17,4,4,0,0,1,1,1,1785488446
2026-07-31T09:15:21Z,1051,8,3,13,0,0,1,1,1,1785488339
2026-07-31T09:15:21Z,1052,17,2,5,0,0,1,1,1,1785488963
2026-07-31T09:15:21Z,1053,2,1,13,0,0,1,1,1,1785489032
2026-07-31T09:15:21Z,1054,14,1,1,0,0,1,1,1,1785489292
2026-07-31T09:15:21Z,1055,7,1,12,0,0,1,1,1,1785489269
2026-07-31T09:15:21Z,1057,18,0,0,1,0,1,1,1,1785488961
2026-07-31T09:15:21Z,1058,1,0,55,0,0,1,1,1,1785489199
2026-07-31T09:15:21Z,1059,0,0,18,1,0,1,1,1,1785489163
2026-07-31T09:15:21Z,1060,30,0,7,0,0,1,1,1,1785488123
2026-07-31T09:15:21Z,1061,7,1,29,1,0,1,1,1,1785489255
2026-07-31T09:15:21Z,1062,2,0,15,0,0,1,1,1,1785489291
2026-07-31T09:15:21Z,1063,12,1,6,1,0,1,1,1,1785489181
2026-07-31T09:15:21Z,1064,3,0,19,1,0,1,1,1,1785488029
2026-07-31T09:15:21Z,1065,16,3,7,0,0,1,1,1,1785488035
2026-07-31T09:15:21Z,1066,10,2,13,0,0,1,1,1,1785487895
2026-07-31T09:15:21Z,1067,8,2,13,2,0,1,1,1,1785488026
2026-07-31T09:15:21Z,1068,8,2,13,2,0,1,1,1,1785487895
2026-07-31T09:15:21Z,1069,12,3,11,0,0,1,1,1,1785487895
2026-07-31T09:15:21Z,1070,12,2,11,0,0,1,1,1,1785487895
2026-07-31T09:15:21Z,1071,7,4,16,0,0,1,1,1,1785487894
2026-07-31T09:15:21Z,1072,11,1,11,1,0,1,1,1,1785488075
2026-07-31T09:15:21Z,1073,26,7,0,1,0,1,1,1,1785488815
2026-07-31T09:15:21Z,1074,1,1,52,0,0,1,1,1,1785489239
2026-07-31T09:15:21Z,1075,10,10,11,0,0,1,1,1,1785488888
2026-07-31T09:15:21Z,1076,14,11,7,0,0,1,1,1,1785488325
2026-07-31T09:15:21Z,1077,8,5,13,0,0,1,1,1,1785489104
2026-07-31T09:15:21Z,1078,11,10,10,0,0,1,1,1,1785488368
2026-07-31T09:15:21Z,1079,11,8,10,0,0,1,1,1,1785488997
2026-07-31T09:15:21Z,1080,10,8,10,1,0,1,1,1,1785487895
2026-07-31T09:15:21Z,1081,13,8,6,0,0,1,1,1,1785488175
2026-07-31T09:15:21Z,1082,7,7,1,0,0,1,1,1,1785487666
2026-07-31T09:15:21Z,1083,13,11,8,0,0,1,1,1,1785489262
2026-07-31T09:15:21Z,1084,9,8,12,0,0,1,1,1,1785488882
2026-07-31T09:15:21Z,1085,8,8,13,0,0,1,1,1,1785488522
2026-07-31T09:15:21Z,1086,0,0,20,1,0,1,1,1,1785489230
2026-07-31T09:15:21Z,1087,12,7,3,0,0,1,1,1,1785488427
2026-07-31T09:15:21Z,1088,10,7,5,0,0,1,1,1,1785489184
2026-07-31T09:15:21Z,1089,5,3,10,0,0,1,1,1,1785487895
2026-07-31T09:15:21Z,1090,11,10,4,0,0,1,1,1,1785488256
2026-07-31T09:15:21Z,1091,12,7,3,0,0,1,1,1,1785488169
2026-07-31T09:15:21Z,1092,9,9,5,1,0,1,1,1,1785487895
2026-07-31T09:15:21Z,1093,7,6,8,0,0,1,1,1,1785488078
2026-07-31T09:15:21Z,1094,10,8,8,1,0,1,1,1,1785489137
2026-07-31T09:15:21Z,1095,9,8,6,0,0,1,1,1,1785488024
2026-07-31T09:15:21Z,1096,3,1,15,1,0,1,1,1,1785487685
2026-07-31T09:15:21Z,1097,11,11,4,0,0,1,1,1,1785487900
2026-07-31T09:15:21Z,1098,9,7,10,0,0,1,1,1,1785488237
2026-07-31T09:15:21Z,1099,7,6,8,0,0,1,1,1,1785488971
2026-07-31T09:15:21Z,1100,6,2,23,0,0,1,1,1,1785487894
2026-07-31T09:15:21Z,1101,10,5,11,0,0,1,1,1,1785488861
2026-07-31T09:15:21Z,1102,9,4,4,0,0,1,1,1,1785488156
2026-07-31T09:15:21Z,1103,10,5,11,0,0,1,1,1,1785487895
2026-07-31T09:15:21Z,1104,10,5,11,0,0,1,1,1,1785488618
2026-07-31T09:15:21Z,1105,7,3,6,0,0,1,1,1,1785488043
2026-07-31T09:15:21Z,1106,13,7,8,0,0,1,1,1,1785488956
2026-07-31T09:15:21Z,1107,9,5,6,0,0,1,1,1,1785489254
2026-07-31T09:15:21Z,1108,6,3,18,3,0,1,1,1,1785487918
2026-07-31T09:15:21Z,1109,6,1,9,0,0,1,1,1,1785489210
2026-07-31T09:15:21Z,1110,12,4,9,0,0,1,1,1,1785488487
2026-07-31T09:15:21Z,1111,3,2,18,0,0,1,1,1,1785475740
2026-07-31T09:15:21Z,1112,38,0,15,0,0,1,1,1,1785489014
2026-07-31T09:15:21Z,1113,1,0,20,0,0,1,1,1,1785488448
2026-07-31T09:15:21Z,1115,17,5,3,3,0,1,1,1,1785488201
2026-07-31T09:15:21Z,1116,5,1,14,0,0,1,1,1,1785489156
2026-07-31T09:15:21Z,1117,10,3,13,0,0,1,1,1,1785488201
2026-07-31T09:15:21Z,1118,16,1,3,2,0,1,1,1,1785488966
2026-07-31T09:15:21Z,1119,13,1,4,0,0,1,1,1,1785488356
2026-07-31T09:15:21Z,1120,13,0,6,0,0,1,1,1,1785489234
2026-07-31T09:15:21Z,1121,14,2,4,3,0,1,1,1,1785488201
2026-07-31T09:15:21Z,1122,18,9,0,3,0,1,1,1,1785488551
2026-07-31T09:15:21Z,1123,6,3,15,2,0,1,1,1,1785488795
2026-07-31T09:15:21Z,1124,8,0,2,5,0,1,1,1,1785488967
2026-07-31T09:15:21Z,1125,15,1,8,0,0,1,1,1,1785488200
2026-07-31T09:15:21Z,1126,4,0,16,1,0,1,1,1,1785488678
2026-07-31T09:15:21Z,1127,6,1,12,1,0,1,1,1,1785488201
2026-07-31T09:15:21Z,1128,14,2,0,1,0,1,1,1,1785489160
2026-07-31T09:15:21Z,1129,3,2,17,1,0,1,1,1,1785488885
2026-07-31T09:15:21Z,1130,6,0,9,0,0,1,1,1,1785488949
2026-07-31T09:15:21Z,1131,0,0,48,1,0,1,1,1,1785488200
2026-07-31T09:15:21Z,1132,13,6,7,1,0,1,1,1,1785488966
2026-07-31T09:15:21Z,1133,15,12,5,1,0,1,1,1,1785489023
2026-07-31T09:15:21Z,1134,11,7,8,0,0,1,1,1,1785488201
2026-07-31T09:15:21Z,1135,10,5,11,0,0,1,1,1,1785488755
2026-07-31T09:15:21Z,1136,6,0,17,0,0,1,1,1,1785488201
2026-07-31T09:15:21Z,1137,13,0,2,0,0,1,1,1,1785489078
2026-07-31T09:15:21Z,1138,15,2,4,0,0,1,1,1,1785489118
2026-07-31T09:15:21Z,1139,19,5,1,1,0,1,1,1,1785488201
2026-07-31T09:15:21Z,1140,22,3,0,1,0,1,1,1,1785488859
2026-07-31T09:15:21Z,1141,1,1,20,0,0,1,1,1,1785488888
2026-07-31T09:15:21Z,1142,2,0,19,0,0,1,1,1,1785488201
2026-07-31T09:15:21Z,1143,22,0,6,1,0,1,1,1,1785488699
2026-07-31T09:15:21Z,1144,7,1,13,1,0,1,1,1,1785487593
2026-07-31T09:15:21Z,1145,12,6,8,1,0,1,1,1,1785488201
2026-07-31T09:15:21Z,1146,10,0,5,4,0,1,1,1,1785488698
2026-07-31T09:15:21Z,1147,3,0,16,0,0,1,1,1,1785489082
2026-07-31T09:15:21Z,1148,25,6,6,0,0,1,1,1,1785488596
2026-07-31T09:15:21Z,1149,4,4,21,0,0,1,1,1,1785488801
2026-07-31T09:15:21Z,1150,18,1,1,0,0,1,1,1,1785488941
2026-07-31T09:15:21Z,1151,12,0,9,0,0,1,1,1,1785488201
2026-07-31T09:15:21Z,1152,17,1,12,0,0,1,1,1,1785489181
2026-07-31T09:15:21Z,1153,22,6,0,1,0,1,1,1,1785488201
2026-07-31T09:15:21Z,1154,13,1,6,0,0,1,1,1,1785488590
2026-07-31T09:15:21Z,1155,16,6,4,1,0,1,1,1,1785489146
2026-07-31T09:15:21Z,1158,3,0,15,1,0,1,1,1,1785489046
2026-07-31T09:15:21Z,1159,13,1,6,0,0,1,1,1,1785488201
2026-07-31T09:15:21Z,1160,9,1,9,1,0,1,1,1,1785488092
2026-07-31T09:15:21Z,1161,3,0,15,1,0,1,1,1,1785488201
2026-07-31T09:15:21Z,1162,2,1,17,0,0,1,1,1,1785488201
2026-07-31T09:15:21Z,1163,1,1,17,1,0,1,1,1,1785489161
2026-07-31T09:15:21Z,1164,6,1,13,0,0,1,1,1,1785489222
2026-07-31T09:15:21Z,1165,5,0,16,0,0,1,1,1,1785488201
2026-07-31T09:15:21Z,1166,12,3,8,1,0,1,1,1,1785488201
2026-07-31T09:15:21Z,1167,4,0,11,0,0,1,1,1,1785488932
2026-07-31T09:15:21Z,1168,2,1,20,1,0,1,1,1,1785488200
2026-07-31T09:15:21Z,1169,3,0,15,1,0,1,1,1,1785489069
2026-07-31T09:15:21Z,1170,6,0,14,1,0,1,1,1,1785488201
2026-07-31T09:15:21Z,1171,8,7,14,1,0,1,1,1,1785489108
2026-07-31T09:15:21Z,1172,7,2,6,2,0,1,1,1,1785489241
2026-07-31T09:15:21Z,1173,13,5,6,0,0,1,1,1,1785488201
2026-07-31T09:15:21Z,1174,7,3,8,0,0,1,1,1,1785489001
2026-07-31T09:15:21Z,1175,9,5,10,0,0,1,1,1,1785488201
2026-07-31T09:15:21Z,1176,19,1,2,0,0,1,1,1,1785488521
2026-07-31T09:15:21Z,1177,2,0,19,0,0,1,1,1,1785488442
2026-07-31T09:15:21Z,1178,2,1,13,0,0,1,1,1,1785488972
2026-07-31T09:15:21Z,1181,9,0,4,2,0,1,1,1,1785488201
2026-07-31T09:15:21Z,1182,0,0,20,0,0,1,1,1,1785488202
2026-07-31T09:15:21Z,1183,1,0,42,2,0,1,1,1,1785488988
2026-07-31T09:15:21Z,1184,13,7,7,1,0,1,1,1,1785488623
2026-07-31T09:15:21Z,1185,10,5,11,0,0,1,1,1,1785488567
2026-07-31T09:15:21Z,1186,9,5,10,0,0,1,1,1,1785488201
2026-07-31T09:15:21Z,1187,12,6,8,1,0,1,1,1,1785488218
2026-07-31T09:15:21Z,1188,9,3,6,0,0,1,1,1,1785489260
2026-07-31T09:15:21Z,1189,10,5,9,0,0,1,1,1,1785488201
2026-07-31T09:15:21Z,1190,10,5,11,0,0,1,1,1,1785488737
2026-07-31T09:15:21Z,1191,10,5,5,0,0,1,1,1,1785489268
2026-07-31T09:15:21Z,1192,10,6,10,1,0,1,1,1,1785489106
2026-07-31T09:15:21Z,1193,6,4,5,2,0,1,1,1,1785488257
2026-07-31T09:15:21Z,1197,9,6,7,1,0,1,1,1,1785488234
2026-07-31T09:15:21Z,1198,14,4,5,2,0,1,1,1,1785488200
2026-07-31T09:15:21Z,1199,2,0,17,0,0,1,1,1,1785488201
2026-07-31T09:15:21Z,1200,11,5,4,0,0,1,1,1,1785489304
2026-07-31T09:15:21Z,1201,11,5,4,0,0,1,1,1,1785489281
2026-07-31T09:15:21Z,1202,12,6,3,0,0,1,1,1,1785488201
2026-07-31T09:15:21Z,1203,9,6,6,0,0,1,1,1,1785489277
2026-07-31T09:15:21Z,1204,7,3,11,1,0,1,1,1,1785489020
2026-07-31T09:15:21Z,1206,11,5,10,0,0,1,1,1,1785488236
2026-07-31T09:15:21Z,1207,8,4,6,1,0,1,1,1,1785488201
2026-07-31T09:15:21Z,1208,7,2,11,1,0,1,1,1,1785488339
2026-07-31T09:15:21Z,1216,7,0,13,1,0,1,1,1,1785488468
2026-07-31T09:15:21Z,1218,4,0,17,0,0,1,1,1,1785488861
2026-07-31T09:15:21Z,1219,6,1,8,1,0,1,1,1,1785488732
2026-07-31T09:15:21Z,1220,14,7,4,1,0,1,1,1,1785488678
2026-07-31T09:15:21Z,1221,2,2,19,0,0,1,1,1,1785488204
2026-07-31T09:15:21Z,1222,28,1,1,0,0,1,1,1,1785489112
2026-07-31T09:15:21Z,1223,23,0,6,0,0,1,1,1,1785488941
2026-07-31T09:15:21Z,1226,0,0,3,0,0,0,1,1,1781868931
2026-07-31T09:15:21Z,1227,22,1,3,0,0,1,1,1,1785489244
2026-07-31T09:15:21Z,1228,18,1,10,1,0,1,1,1,1785488385
2026-07-31T09:15:21Z,1229,35,0,10,0,0,1,1,1,1785489147
2026-07-31T09:20:21Z,1,0,0,23,0,0,1,1,1,1785485488
2026-07-31T09:20:21Z,2,23,0,1,3,0,1,1,1,1785485732
2026-07-31T09:20:21Z,3,9,0,4,1,0,1,1,1,1785485488
2026-07-31T09:20:21Z,4,1,0,20,1,0,1,1,1,1785487895
2026-07-31T09:20:21Z,5,9,3,13,1,0,1,1,1,1785484887
2026-07-31T09:20:21Z,6,6,2,9,0,0,1,1,1,1785486991
2026-07-31T09:20:21Z,7,1,1,38,0,0,1,1,1,1785487290
2026-07-31T09:20:21Z,8,0,0,43,0,0,1,1,1,1785487014
2026-07-31T09:20:21Z,9,0,0,22,1,0,1,1,1,1785487593
2026-07-31T09:20:21Z,10,3,1,18,2,0,1,1,1,1785488230
2026-07-31T09:20:21Z,11,16,6,2,1,0,1,1,1,1785489458
2026-07-31T09:20:21Z,12,0,0,23,0,0,1,1,1,1785472090
2026-07-31T09:20:21Z,13,11,0,19,0,0,1,1,1,1785488834
2026-07-31T09:20:21Z,14,1,0,41,0,1,1,1,1,1785489400
2026-07-31T09:20:21Z,15,3,0,12,0,0,1,1,1,1785488861
2026-07-31T09:20:21Z,16,8,0,16,2,1,1,1,1,1785487292
2026-07-31T09:20:21Z,17,8,0,18,1,0,1,1,1,1785488377
2026-07-31T09:20:21Z,18,7,0,9,2,0,1,1,1,1785488039
2026-07-31T09:20:21Z,19,4,0,22,1,0,1,1,1,1785486089
2026-07-31T09:20:21Z,20,32,0,3,0,0,1,1,1,1785485188
2026-07-31T09:20:21Z,21,1,0,17,1,0,1,1,1,1785484888
2026-07-31T09:20:21Z,22,19,0,45,1,0,1,1,1,1785489235
2026-07-31T09:20:21Z,23,10,5,21,0,0,1,1,1,1785487895
2026-07-31T09:20:21Z,24,0,0,9,2,0,1,1,1,1785489605
2026-07-31T09:20:21Z,25,1,1,79,0,1,1,1,1,1785489589
2026-07-31T09:20:21Z,26,0,0,27,0,0,1,1,1,1785485188
2026-07-31T09:20:21Z,28,15,3,0,0,0,1,1,1,1785486991
2026-07-31T09:20:21Z,30,1,0,27,1,0,1,1,1,1785486089
2026-07-31T09:20:21Z,31,0,0,17,2,0,1,1,1,1785489390
2026-07-31T09:20:21Z,32,24,4,3,0,0,1,1,1,1785487895
2026-07-31T09:20:21Z,34,2,0,34,1,0,1,1,1,1785482614
2026-07-31T09:20:21Z,35,2,1,44,1,0,1,1,1,1785486762
2026-07-31T09:20:21Z,36,0,0,0,0,0,0,1,1,86400
2026-07-31T09:20:21Z,37,0,0,23,0,0,1,1,1,1785487041
2026-07-31T09:20:21Z,38,2,0,21,0,0,1,1,1,1785488592
2026-07-31T09:20:21Z,39,23,6,16,0,0,1,1,1,1785487015
2026-07-31T09:20:21Z,40,13,0,7,1,0,1,1,1,1785485488
2026-07-31T09:20:21Z,41,1,0,41,1,0,1,1,1,1785488255
2026-07-31T09:20:21Z,42,31,8,0,0,0,1,1,1,1785472558
2026-07-31T09:20:21Z,43,6,0,17,0,0,1,1,1,1785485188
2026-07-31T09:20:21Z,45,1,0,27,1,0,1,1,1,1785485789
2026-07-31T09:20:21Z,46,13,2,18,0,0,1,1,1,1785485708
2026-07-31T09:20:21Z,47,13,5,1,1,0,1,1,1,1785489312
2026-07-31T09:20:21Z,48,20,0,7,0,0,1,1,1,1785487579
2026-07-31T09:20:21Z,49,5,0,15,3,0,1,1,1,1785489611
2026-07-31T09:20:21Z,50,1,1,18,0,0,1,1,1,1785488641
2026-07-31T09:20:21Z,51,68,0,9,0,0,1,1,1,1785487292
2026-07-31T09:20:21Z,52,1,0,23,3,0,1,1,1,1785489446
2026-07-31T09:20:21Z,55,1,1,22,0,0,1,1,1,1785487781
2026-07-31T09:20:21Z,56,0,0,43,0,0,1,1,1,1785487593
2026-07-31T09:20:21Z,57,0,0,27,0,0,1,1,1,1785486089
2026-07-31T09:20:21Z,58,0,0,28,0,0,1,1,1,1785476976
2026-07-31T09:20:21Z,59,0,0,25,2,0,1,1,1,1785489597
2026-07-31T09:20:21Z,61,0,0,39,0,0,1,1,1,1785488423
2026-07-31T09:20:21Z,62,0,0,48,1,0,1,1,1,1785487594
2026-07-31T09:20:21Z,63,14,0,5,0,0,1,1,1,1785486089
2026-07-31T09:20:21Z,64,9,0,6,4,0,1,1,1,1785486992
2026-07-31T09:20:21Z,65,17,7,1,1,0,1,1,1,1785487593
2026-07-31T09:20:21Z,67,17,0,22,0,0,1,1,1,1785485188
2026-07-31T09:20:21Z,68,0,0,37,0,0,1,1,1,1785488201
2026-07-31T09:20:21Z,69,15,2,0,0,0,1,1,1,1785485188
2026-07-31T09:20:21Z,71,2,0,24,1,0,1,1,1,1785487175
2026-07-31T09:20:21Z,72,13,2,16,2,0,1,1,1,1785486638
2026-07-31T09:20:21Z,73,0,0,31,0,0,1,1,1,1785488201
2026-07-31T09:20:21Z,74,13,6,6,0,0,1,1,1,1785489103
2026-07-31T09:20:21Z,75,0,0,31,1,0,1,1,1,1785487292
2026-07-31T09:20:21Z,76,18,0,0,1,0,1,1,1,1785489609
2026-07-31T09:20:21Z,77,24,1,2,1,0,1,1,1,1785488624
2026-07-31T09:20:21Z,78,9,4,13,1,0,1,1,1,1785488568
2026-07-31T09:20:21Z,79,3,2,13,1,0,1,1,1,1785489411
2026-07-31T09:20:21Z,80,18,0,2,3,0,1,1,1,1785489510
2026-07-31T09:20:21Z,81,5,0,26,0,0,1,1,1,1785486390
2026-07-31T09:20:21Z,82,12,0,11,0,0,1,1,1,1785486690
2026-07-31T09:20:21Z,83,6,1,27,1,0,1,1,1,1785489511
2026-07-31T09:20:21Z,84,27,0,0,0,0,1,1,1,1785487883
2026-07-31T09:20:21Z,85,1,1,14,0,0,1,1,1,1785486991
2026-07-31T09:20:21Z,86,25,0,1,1,0,1,1,1,1785486691
2026-07-31T09:20:21Z,87,10,0,9,0,0,1,1,1,1785488201
2026-07-31T09:20:21Z,88,0,0,42,1,0,1,1,1,1785484888
2026-07-31T09:20:21Z,89,22,0,13,0,0,1,1,1,1785487292
2026-07-31T09:20:21Z,90,6,2,10,2,0,1,1,1,1785486486
2026-07-31T09:20:21Z,91,14,0,3,0,0,1,1,1,1785485188
2026-07-31T09:20:21Z,92,11,4,5,3,0,1,1,1,1785489535
2026-07-31T09:20:21Z,93,0,0,23,0,0,1,1,1,1785486390
2026-07-31T09:20:21Z,94,2,0,16,1,0,1,1,1,1785486390
2026-07-31T09:20:21Z,95,27,2,6,1,1,1,1,1,1785489604
2026-07-31T09:20:21Z,96,29,0,1,1,0,1,1,1,1785488201
2026-07-31T09:20:21Z,97,0,0,16,1,0,1,1,1,1785489321
2026-07-31T09:20:21Z,98,19,0,15,1,0,1,1,1,1785486089
2026-07-31T09:20:21Z,99,4,2,11,0,0,1,1,1,1785486802
2026-07-31T09:20:21Z,100,1,0,26,0,0,1,1,1,1785488201
2026-07-31T09:20:21Z,101,1,0,13,1,0,1,1,1,1785485789
2026-07-31T09:20:21Z,102,0,0,23,0,0,1,1,1,1785487553
2026-07-31T09:20:21Z,103,5,0,25,0,0,1,1,1,1785489200
2026-07-31T09:20:21Z,104,0,0,25,2,0,1,1,1,1785489609
2026-07-31T09:20:21Z,105,16,1,3,0,0,1,1,1,1785486390
2026-07-31T09:20:21Z,106,0,0,21,0,0,1,1,1,1785486390
2026-07-31T09:20:21Z,107,0,0,37,0,0,1,1,1,1785485489
2026-07-31T09:20:21Z,108,15,1,20,0,0,1,1,1,1785489455
2026-07-31T09:20:21Z,109,8,0,15,0,0,1,1,1,1785488796
2026-07-31T09:20:21Z,110,14,2,9,0,0,1,1,1,1785488165
2026-07-31T09:20:21Z,111,0,0,36,0,0,1,1,1,1785479678
2026-07-31T09:20:21Z,112,5,0,9,1,0,1,1,1,1785486691
2026-07-31T09:20:21Z,113,4,0,12,3,0,1,1,1,1785489477
2026-07-31T09:20:21Z,114,6,6,23,1,1,1,1,1,1785489557
2026-07-31T09:20:21Z,115,3,1,23,2,0,1,1,1,1785479033
2026-07-31T09:20:21Z,116,3,3,23,1,0,1,1,1,1785487594
2026-07-31T09:20:21Z,118,20,9,0,3,0,1,1,1,1785488233
2026-07-31T09:20:21Z,119,32,2,2,4,0,1,1,1,1785489175
2026-07-31T09:20:21Z,120,23,1,3,1,0,1,1,1,1785488660
2026-07-31T09:20:21Z,121,6,2,12,0,1,1,1,1,1785489582
2026-07-31T09:20:21Z,122,13,0,7,1,0,1,1,1,1785487594
2026-07-31T09:20:21Z,123,8,1,39,0,0,1,1,1,1785485188
2026-07-31T09:20:21Z,124,32,1,3,0,0,1,1,1,1785486746
2026-07-31T09:20:21Z,125,7,2,16,0,0,1,1,1,1785486991
2026-07-31T09:20:21Z,126,25,2,6,0,0,1,1,1,1785486691
2026-07-31T09:20:21Z,127,8,0,25,2,0,1,1,1,1785489336
2026-07-31T09:20:21Z,128,18,1,1,0,0,1,1,1,1785488201
2026-07-31T09:20:21Z,129,17,1,0,2,0,1,1,1,1785486089
2026-07-31T09:20:21Z,130,4,0,13,0,0,1,1,1,1785488248
2026-07-31T09:20:21Z,131,7,2,2,2,0,1,1,1,1785488201
2026-07-31T09:20:21Z,132,12,5,2,0,1,1,1,1,1785486336
2026-07-31T09:20:21Z,134,5,0,13,5,0,1,1,1,1785489367
2026-07-31T09:20:21Z,135,8,4,10,1,0,1,1,1,1785488917
2026-07-31T09:20:21Z,136,7,0,8,1,7,1,1,1,1785489413
2026-07-31T09:20:21Z,137,6,1,13,0,0,1,1,1,1785486296
2026-07-31T09:20:21Z,138,35,2,2,0,0,1,1,1,1785489563
2026-07-31T09:20:21Z,139,19,5,0,0,0,1,1,1,1785485188
2026-07-31T09:20:21Z,140,17,8,4,2,0,1,1,1,1785489609
2026-07-31T09:20:21Z,141,31,1,5,0,0,1,1,1,1785485909
2026-07-31T09:20:21Z,142,22,1,1,0,0,1,1,1,1785488908
2026-07-31T09:20:21Z,143,13,3,17,1,0,1,1,1,1785487895
2026-07-31T09:20:21Z,144,23,1,4,0,0,1,1,1,1785486390
2026-07-31T09:20:21Z,146,8,1,14,1,0,1,1,1,1785486463
2026-07-31T09:20:21Z,147,10,2,7,2,0,1,1,1,1785489562
2026-07-31T09:20:21Z,148,22,0,4,0,1,1,1,1,1785489604
2026-07-31T09:20:21Z,149,17,4,9,1,0,1,1,1,1785489364
2026-07-31T09:20:21Z,150,31,7,2,2,0,1,1,1,1785489535
2026-07-31T09:20:21Z,151,22,7,1,0,0,1,1,1,1785485600
2026-07-31T09:20:21Z,152,20,1,3,4,0,1,1,1,1785489537
2026-07-31T09:20:21Z,153,12,1,13,6,0,1,1,1,1785489337
2026-07-31T09:20:21Z,154,14,3,6,3,0,1,1,1,1785489525
2026-07-31T09:20:21Z,155,13,4,0,1,0,1,1,1,1785489340
2026-07-31T09:20:21Z,156,15,1,4,0,0,1,1,1,1785489085
2026-07-31T09:20:21Z,157,15,0,10,2,0,1,1,1,1785489365
2026-07-31T09:20:21Z,158,16,2,0,0,0,1,1,1,1785488201
2026-07-31T09:20:21Z,159,5,2,14,0,0,1,1,1,1785488201
2026-07-31T09:20:21Z,160,19,1,0,0,0,1,1,1,1785487895
2026-07-31T09:20:21Z,161,17,2,5,0,0,1,1,1,1785488900
2026-07-31T09:20:21Z,162,10,0,16,1,0,1,1,1,1785488396
2026-07-31T09:20:21Z,163,30,3,1,0,0,1,1,1,1785489189
2026-07-31T09:20:21Z,164,25,7,2,0,0,1,1,1,1785486691
2026-07-31T09:20:21Z,165,22,10,8,1,0,1,1,1,1785487814
2026-07-31T09:20:21Z,166,32,8,3,4,0,1,1,1,1785489609
2026-07-31T09:20:21Z,167,21,10,0,2,0,1,1,1,1785484888
2026-07-31T09:20:21Z,168,21,0,5,1,0,1,1,1,1785489325
2026-07-31T09:20:21Z,169,1,0,21,0,1,1,1,1,1785487293
2026-07-31T09:20:21Z,170,17,4,0,2,0,1,1,1,1785488379
2026-07-31T09:20:21Z,171,10,3,1,2,0,1,1,1,1785489522
2026-07-31T09:20:21Z,173,36,0,3,0,0,1,1,1,1785486839
2026-07-31T09:20:21Z,174,22,1,2,2,0,1,1,1,1785487895
2026-07-31T09:20:21Z,175,7,0,24,0,0,1,1,1,1785487001
2026-07-31T09:20:21Z,176,2,1,12,0,1,1,1,1,1785487016
2026-07-31T09:20:21Z,177,21,1,6,0,0,1,1,1,1785489596
2026-07-31T09:20:21Z,178,2,0,10,2,1,1,1,1,1785489606
2026-07-31T09:20:21Z,179,11,1,3,1,0,1,1,1,1785486089
2026-07-31T09:20:21Z,180,27,0,3,0,0,1,1,1,1785487594
2026-07-31T09:20:21Z,181,12,1,2,1,0,1,1,1,1785489531
2026-07-31T09:20:21Z,182,16,2,1,0,0,1,1,1,1785488013
2026-07-31T09:20:21Z,183,16,0,7,0,0,1,1,1,1785487895
2026-07-31T09:20:21Z,184,0,0,22,1,0,1,1,1,1785488157
2026-07-31T09:20:21Z,185,12,1,0,2,1,1,1,1,1785484888
2026-07-31T09:20:21Z,186,4,1,15,0,0,1,1,1,1785487895
2026-07-31T09:20:21Z,187,8,0,19,1,0,1,1,1,1785484757
2026-07-31T09:20:21Z,188,12,0,7,8,0,1,1,1,1785489496
2026-07-31T09:20:21Z,189,15,4,0,0,0,1,1,1,1785487895
2026-07-31T09:20:21Z,190,4,1,19,0,0,1,1,1,1785488585
2026-07-31T09:20:21Z,191,2,1,37,0,0,1,1,1,1785486690
2026-07-31T09:20:21Z,192,12,4,16,3,0,1,1,1,1785486089
2026-07-31T09:20:21Z,193,2,0,13,0,0,1,1,1,1785488202
2026-07-31T09:20:21Z,194,17,1,9,1,0,1,1,1,1785486691
2026-07-31T09:20:21Z,195,12,1,5,2,0,1,1,1,1785487594
2026-07-31T09:20:21Z,196,24,1,0,3,0,1,1,1,1785489449
2026-07-31T09:20:21Z,197,17,3,0,1,1,1,1,1,1785489609
2026-07-31T09:20:21Z,198,21,16,2,0,0,1,1,1,1785488927
2026-07-31T09:20:21Z,199,7,5,5,3,0,1,1,1,1785487895
2026-07-31T09:20:21Z,200,15,0,10,1,0,1,1,1,1785486390
2026-07-31T09:20:21Z,201,7,3,16,0,0,1,1,1,1785488136
2026-07-31T09:20:21Z,202,0,0,27,0,0,1,1,1,1785486691
2026-07-31T09:20:21Z,203,26,3,4,1,0,1,1,1,1785487252
2026-07-31T09:20:21Z,204,31,1,3,1,0,1,1,1,1785488382
2026-07-31T09:20:21Z,205,13,1,14,0,0,1,1,1,1785488894
2026-07-31T09:20:21Z,206,1,1,13,1,0,1,1,1,1785486448
2026-07-31T09:20:21Z,207,13,0,8,0,0,1,1,1,1785489325
2026-07-31T09:20:21Z,208,2,0,27,0,0,1,1,1,1785486390
2026-07-31T09:20:21Z,209,6,0,22,3,0,1,1,1,1785489554
2026-07-31T09:20:21Z,210,23,2,4,0,0,1,1,1,1785485488
2026-07-31T09:20:21Z,211,15,6,7,1,0,1,1,1,1785487008
2026-07-31T09:20:21Z,212,25,0,9,1,0,1,1,1,1785489437
2026-07-31T09:20:21Z,213,12,1,9,2,0,1,1,1,1785489559
2026-07-31T09:20:21Z,214,29,0,14,4,0,1,1,1,1785488634
2026-07-31T09:20:21Z,215,7,2,15,1,0,1,1,1,1785489568
2026-07-31T09:20:21Z,216,9,0,9,1,0,1,1,1,1785487593
2026-07-31T09:20:21Z,217,9,0,19,1,0,1,1,1,1785489601
2026-07-31T09:20:21Z,218,20,5,17,2,0,1,1,1,1785489559
2026-07-31T09:20:21Z,219,1,1,24,1,0,1,1,1,1785489320
2026-07-31T09:20:21Z,220,24,7,17,1,1,1,1,1,1785484887
2026-07-31T09:20:21Z,221,10,6,4,1,0,1,1,1,1785488108
2026-07-31T09:20:21Z,222,16,12,2,1,0,1,1,1,1785485037
2026-07-31T09:20:21Z,223,8,3,24,3,0,1,1,1,1785489309
2026-07-31T09:20:21Z,224,7,5,14,1,0,1,1,1,1785487750
2026-07-31T09:20:21Z,225,10,0,3,6,0,1,1,1,1785487206
2026-07-31T09:20:21Z,226,30,10,1,0,0,1,1,1,1785489438
2026-07-31T09:20:21Z,227,19,13,7,0,1,1,1,1,1785485181
2026-07-31T09:20:21Z,228,1,0,17,1,0,1,1,1,1785484888
2026-07-31T09:20:21Z,230,16,9,10,0,0,1,1,1,1785486691
2026-07-31T09:20:21Z,232,13,6,3,1,0,1,1,1,1785486390
2026-07-31T09:20:21Z,233,19,0,10,2,0,1,1,1,1785487026
2026-07-31T09:20:21Z,234,8,3,6,3,2,1,1,1,1785487594
2026-07-31T09:20:21Z,236,14,3,5,0,0,1,1,1,1785486991
2026-07-31T09:20:21Z,237,21,4,1,1,0,1,1,1,1785489236
2026-07-31T09:20:21Z,239,23,18,1,3,0,1,1,1,1785486691
2026-07-31T09:20:21Z,241,19,6,4,0,0,1,1,1,1785487895
2026-07-31T09:20:21Z,242,1,1,21,1,0,1,1,1,1785487593
2026-07-31T09:20:21Z,243,12,0,18,1,0,1,1,1,1785487991
2026-07-31T09:20:21Z,244,13,1,13,1,0,1,1,1,1785488405
2026-07-31T09:20:21Z,245,4,4,19,0,0,1,1,1,1785488778
2026-07-31T09:20:21Z,246,13,0,10,0,0,1,1,1,1785487895
2026-07-31T09:20:21Z,247,12,10,10,1,0,1,1,1,1785486381
2026-07-31T09:20:21Z,248,19,4,1,3,0,1,1,1,1785488398
2026-07-31T09:20:21Z,249,2,0,17,0,0,1,1,1,1785488201
2026-07-31T09:20:21Z,250,23,5,4,0,0,1,1,1,1785487895
2026-07-31T09:20:21Z,251,22,5,2,3,0,1,1,1,1785486991
2026-07-31T09:20:21Z,253,7,4,11,1,0,1,1,1,1785488201
2026-07-31T09:20:21Z,254,26,21,16,1,0,1,1,1,1785485789
2026-07-31T09:20:21Z,255,5,0,17,0,1,1,1,1,1785489448
2026-07-31T09:20:21Z,256,10,5,11,2,0,1,1,1,1785485834
2026-07-31T09:20:21Z,257,13,5,5,1,0,1,1,1,1785489536
2026-07-31T09:20:21Z,258,1,0,18,0,0,1,1,1,1785482036
2026-07-31T09:20:21Z,259,20,3,2,0,1,1,1,1,1785487540
2026-07-31T09:20:21Z,260,14,4,2,3,0,1,1,1,1785486424
2026-07-31T09:20:21Z,261,15,0,2,1,1,1,1,1,1785489370
2026-07-31T09:20:21Z,262,20,11,3,0,0,1,1,1,1785488699
2026-07-31T09:20:21Z,263,13,3,2,0,0,1,1,1,1785489158
2026-07-31T09:20:21Z,264,18,6,0,1,0,1,1,1,1785488201
2026-07-31T09:20:21Z,265,15,1,0,0,0,1,1,1,1785488201
2026-07-31T09:20:21Z,266,16,7,0,3,0,1,1,1,1785488864
2026-07-31T09:20:21Z,267,7,3,6,2,0,1,1,1,1785484888
2026-07-31T09:20:21Z,268,23,9,0,0,0,1,1,1,1785484887
2026-07-31T09:20:21Z,269,9,3,13,1,0,1,1,1,1785484888
2026-07-31T09:20:21Z,270,25,3,2,0,0,1,1,1,1785485188
2026-07-31T09:20:21Z,271,0,0,17,2,0,1,1,1,1785486991
2026-07-31T09:20:21Z,272,13,13,9,1,0,1,1,1,1785486390
2026-07-31T09:20:21Z,273,14,5,1,0,0,1,1,1,1785484888
2026-07-31T09:20:21Z,274,18,8,0,1,0,1,1,1,1785487594
2026-07-31T09:20:21Z,275,13,0,6,2,2,1,1,1,1785489470
2026-07-31T09:20:21Z,276,1,0,26,0,0,1,1,1,1785486991
2026-07-31T09:20:21Z,277,12,1,6,5,0,1,1,1,1785488201
2026-07-31T09:20:21Z,278,23,2,5,2,1,1,1,1,1785487967
2026-07-31T09:20:21Z,279,17,0,2,0,0,1,1,1,1785487347
2026-07-31T09:20:21Z,280,10,1,19,2,0,1,1,1,1785489442
2026-07-31T09:20:21Z,281,19,0,0,0,0,1,1,1,1785486089
2026-07-31T09:20:21Z,282,5,2,13,0,0,1,1,1,1785484887
2026-07-31T09:20:21Z,283,34,1,1,0,0,1,1,1,1785486992
2026-07-31T09:20:21Z,284,18,4,15,2,0,1,1,1,1785488133
2026-07-31T09:20:21Z,285,8,7,15,0,0,1,1,1,1785485188
2026-07-31T09:20:21Z,286,16,15,2,5,0,1,1,1,1785488250
2026-07-31T09:20:21Z,287,13,4,7,3,0,1,1,1,1785484887
2026-07-31T09:20:21Z,288,14,10,5,0,0,1,1,1,1785486991
2026-07-31T09:20:21Z,289,24,3,0,3,0,1,1,1,1785488202
2026-07-31T09:20:21Z,290,7,0,31,1,0,1,1,1,1785486991
2026-07-31T09:20:21Z,291,9,2,12,2,0,1,1,1,1785488389
2026-07-31T09:20:21Z,292,22,0,1,0,0,1,1,1,1785485789
2026-07-31T09:20:21Z,293,17,10,6,0,0,1,1,1,1785486991
2026-07-31T09:20:21Z,294,0,0,21,1,0,1,1,1,1785486991
2026-07-31T09:20:21Z,297,11,1,5,2,1,1,1,1,1785488298
2026-07-31T09:20:21Z,301,17,1,2,0,0,1,1,1,1785486691
2026-07-31T09:20:21Z,302,0,0,23,0,0,1,1,1,1785486991
2026-07-31T09:20:21Z,303,19,0,0,0,0,1,1,1,1785485188
2026-07-31T09:20:21Z,304,0,0,0,0,0,0,1,1,86400
2026-07-31T09:20:21Z,305,19,0,0,0,0,1,1,1,1785485188
2026-07-31T09:20:21Z,306,2,0,29,1,0,1,1,1,1785485188
2026-07-31T09:20:21Z,307,17,1,4,1,1,1,1,1,1785489564
2026-07-31T09:20:21Z,308,14,0,3,2,0,1,1,1,1785485188
2026-07-31T09:20:21Z,309,13,3,0,1,0,1,1,1,1785488427
2026-07-31T09:20:21Z,311,15,0,0,0,0,1,1,1,1785486992
2026-07-31T09:20:21Z,312,6,3,12,4,1,1,1,1,1785489573
2026-07-31T09:20:21Z,313,3,1,12,0,0,1,1,1,1785486991
2026-07-31T09:20:21Z,314,4,3,11,3,0,1,1,1,1785486991
2026-07-31T09:20:21Z,315,23,6,6,2,0,1,1,1,1785488865
2026-07-31T09:20:21Z,316,4,1,20,6,1,1,1,1,1785489440
2026-07-31T09:20:21Z,317,0,0,30,0,1,1,1,1,1785489417
2026-07-31T09:20:21Z,318,16,0,3,0,0,1,1,1,1785486991
2026-07-31T09:20:21Z,319,17,3,5,1,0,1,1,1,1785489161
2026-07-31T09:20:21Z,320,18,5,0,1,0,1,1,1,1785487292
2026-07-31T09:20:21Z,321,8,1,7,4,0,1,1,1,1785489363
2026-07-31T09:20:21Z,322,5,1,23,1,0,1,1,1,1785484798
2026-07-31T09:20:21Z,323,8,0,11,0,0,1,1,1,1785487292
2026-07-31T09:20:21Z,324,7,2,19,1,0,1,1,1,1785489604
2026-07-31T09:20:21Z,325,4,3,21,2,0,1,1,1,1785489487
2026-07-31T09:20:21Z,327,25,0,1,1,0,1,1,1,1785487896
2026-07-31T09:20:21Z,328,20,0,1,1,0,1,1,1,1785484794
2026-07-31T09:20:21Z,329,17,0,0,2,0,1,1,1,1785487643
2026-07-31T09:20:21Z,330,3,0,19,0,0,1,1,1,1785485188
2026-07-31T09:20:21Z,331,12,3,10,1,0,1,1,1,1785487675
2026-07-31T09:20:21Z,332,10,3,7,2,0,1,1,1,1785487292
2026-07-31T09:20:21Z,333,2,1,20,1,0,1,1,1,1785487896
2026-07-31T09:20:21Z,334,11,8,12,0,0,1,1,1,1785487804
2026-07-31T09:20:21Z,335,3,2,18,1,1,1,1,1,1785487292
2026-07-31T09:20:21Z,336,18,2,1,0,0,1,1,1,1785487293
2026-07-31T09:20:21Z,337,17,3,1,5,0,1,1,1,1785489430
2026-07-31T09:20:21Z,338,17,8,2,0,0,1,1,1,1785487389
2026-07-31T09:20:21Z,339,20,10,2,1,0,1,1,1,1785488718
2026-07-31T09:20:21Z,340,13,11,1,1,0,1,1,1,1785487293
2026-07-31T09:20:21Z,341,11,4,8,0,0,1,1,1,1785487352
2026-07-31T09:20:21Z,342,13,7,0,2,0,1,1,1,1785487292
2026-07-31T09:20:21Z,343,21,1,1,1,0,1,1,1,1785487543
2026-07-31T09:20:21Z,344,23,9,0,0,0,1,1,1,1785488186
2026-07-31T09:20:21Z,345,19,3,0,0,0,1,1,1,1785487292
2026-07-31T09:20:21Z,346,9,6,14,0,0,1,1,1,1785489426
2026-07-31T09:20:21Z,347,0,0,42,2,0,1,1,1,1785489603
2026-07-31T09:20:21Z,348,21,3,0,1,1,1,1,1,1785489368
2026-07-31T09:20:21Z,349,6,1,13,0,0,1,1,1,1785487293
2026-07-31T09:20:21Z,350,24,3,1,1,1,1,1,1,1785487293
2026-07-31T09:20:21Z,351,20,3,0,3,0,1,1,1,1785489359
2026-07-31T09:20:21Z,355,23,1,0,0,0,1,1,1,1785487293
2026-07-31T09:20:21Z,356,18,2,1,0,0,1,1,1,1785487896
2026-07-31T09:20:21Z,357,13,4,6,0,0,1,1,1,1785485188
2026-07-31T09:20:21Z,358,24,4,2,1,0,1,1,1,1785487594
2026-07-31T09:20:21Z,359,22,0,5,0,0,1,1,1,1785487594
2026-07-31T09:20:21Z,360,16,4,1,2,0,1,1,1,1785487594
2026-07-31T09:20:21Z,362,17,5,0,2,0,1,1,1,1785487292
2026-07-31T09:20:21Z,363,2,0,25,0,0,1,1,1,1785489580
2026-07-31T09:20:21Z,364,19,3,0,0,0,1,1,1,1785487896
2026-07-31T09:20:21Z,365,17,5,3,3,0,1,1,1,1785488201
2026-07-31T09:20:21Z,366,14,8,2,7,0,1,1,1,1785489474
2026-07-31T09:20:21Z,367,16,9,1,2,0,1,1,1,1785487292
2026-07-31T09:20:21Z,368,20,3,1,2,0,1,1,1,1785486991
2026-07-31T09:20:21Z,370,15,8,12,0,0,1,1,1,1785487896
2026-07-31T09:20:21Z,371,4,2,14,1,0,1,1,1,1785484735
2026-07-31T09:20:21Z,372,8,2,7,0,0,1,1,1,1785487594
2026-07-31T09:20:21Z,373,24,8,3,0,0,1,1,1,1785486433
2026-07-31T09:20:21Z,374,17,7,0,2,0,1,1,1,1785489407
2026-07-31T09:20:21Z,375,20,5,4,3,0,1,1,1,1785487593
2026-07-31T09:20:21Z,376,29,3,5,5,0,1,1,1,1785489223
2026-07-31T09:20:21Z,377,25,9,2,0,0,1,1,1,1785487594
2026-07-31T09:20:21Z,378,22,5,0,1,1,1,1,1,1785489319
2026-07-31T09:20:21Z,379,14,0,13,0,0,1,1,1,1785487594
2026-07-31T09:20:21Z,380,22,7,0,1,0,1,1,1,1785489276
2026-07-31T09:20:21Z,381,14,0,9,0,0,1,1,1,1785488686
2026-07-31T09:20:21Z,383,12,0,1,2,0,1,1,1,1785487895
2026-07-31T09:20:21Z,384,26,1,0,1,0,1,1,1,1785487594
2026-07-31T09:20:21Z,385,14,2,2,2,0,1,1,1,1785487594
2026-07-31T09:20:21Z,387,21,2,2,0,0,1,1,1,1785488243
2026-07-31T09:20:21Z,388,16,3,33,0,0,1,1,1,1785485188
2026-07-31T09:20:21Z,389,9,8,6,0,0,1,1,1,1785487293
2026-07-31T09:20:21Z,390,16,0,19,0,0,1,1,1,1785489336
2026-07-31T09:20:21Z,391,4,0,10,1,0,1,1,1,1785487292
2026-07-31T09:20:21Z,392,3,3,15,1,0,1,1,1,1785489585
2026-07-31T09:20:21Z,393,3,3,5,3,0,1,1,1,1785487292
2026-07-31T09:20:21Z,394,9,6,2,2,0,1,1,1,1785487594
2026-07-31T09:20:21Z,396,7,7,32,3,0,1,1,1,1785487595
2026-07-31T09:20:21Z,397,4,4,27,0,0,1,1,1,1785488201
2026-07-31T09:20:21Z,399,13,2,2,2,0,1,1,1,1785487594
2026-07-31T09:20:21Z,400,11,6,9,3,0,1,1,1,1785489267
2026-07-31T09:20:21Z,401,9,0,22,8,0,1,1,1,1785487384
2026-07-31T09:20:21Z,403,3,0,26,2,0,1,1,1,1785489389
2026-07-31T09:20:21Z,404,2,1,20,1,0,1,1,1,1785486690
2026-07-31T09:20:21Z,406,2,0,32,1,0,1,1,1,1785486993
2026-07-31T09:20:21Z,407,16,3,17,1,0,1,1,1,1785484887
2026-07-31T09:20:21Z,408,12,2,20,1,0,1,1,1,1785480622
2026-07-31T09:20:21Z,409,0,0,20,3,0,1,1,1,1785488970
2026-07-31T09:20:21Z,413,21,5,0,2,0,1,1,1,1785488201
2026-07-31T09:20:21Z,414,13,4,1,1,0,1,1,1,1785485488
2026-07-31T09:20:21Z,417,11,7,8,0,0,1,1,1,1785488201
2026-07-31T09:20:21Z,418,1,0,13,1,0,1,1,1,1785488201
2026-07-31T09:20:21Z,419,10,0,12,1,0,1,1,1,1785487895
2026-07-31T09:20:21Z,421,1,0,18,0,0,1,1,1,1785488201
2026-07-31T09:20:21Z,422,2,2,24,1,0,1,1,1,1785487961
2026-07-31T09:20:21Z,423,6,1,17,0,0,1,1,1,1785477801
2026-07-31T09:20:21Z,424,2,1,10,3,0,1,1,1,1785489547
2026-07-31T09:20:21Z,425,20,0,1,0,1,1,1,1,1785485489
2026-07-31T09:20:21Z,426,0,0,35,2,0,1,1,1,1785483994
2026-07-31T09:20:21Z,427,14,1,0,1,0,1,1,1,1785489415
2026-07-31T09:20:21Z,428,14,1,4,1,0,1,1,1,1785488201
2026-07-31T09:20:21Z,429,1,0,20,2,0,1,1,1,1785488273
2026-07-31T09:20:21Z,430,28,0,0,3,0,1,1,1,1785485488
2026-07-31T09:20:21Z,431,15,0,17,1,0,1,1,1,1785488642
2026-07-31T09:20:21Z,432,18,0,11,2,0,1,1,1,1785488201
2026-07-31T09:20:21Z,433,19,6,3,1,0,1,1,1,1785488201
2026-07-31T09:20:21Z,437,3,1,15,1,0,1,1,1,1785487897
2026-07-31T09:20:21Z,438,17,0,1,1,0,1,1,1,1785489558
2026-07-31T09:20:21Z,439,5,0,10,0,0,1,1,1,1785488201
2026-07-31T09:20:21Z,440,13,1,0,2,0,1,1,1,1785488201
2026-07-31T09:20:21Z,441,10,2,4,1,0,1,1,1,1785485488
2026-07-31T09:20:21Z,442,17,9,1,1,0,1,1,1,1785487895
2026-07-31T09:20:21Z,443,4,2,23,0,0,1,1,1,1785485488
2026-07-31T09:20:21Z,444,2,2,21,0,0,1,1,1,1785485488
2026-07-31T09:20:21Z,445,7,2,15,1,0,1,1,1,1785489469
2026-07-31T09:20:21Z,446,1,1,21,1,0,1,1,1,1785487896
2026-07-31T09:20:21Z,447,3,0,18,1,1,1,1,1,1785485488
2026-07-31T09:20:21Z,448,9,4,5,1,0,1,1,1,1785487895
2026-07-31T09:20:21Z,452,8,6,10,1,0,1,1,1,1785487661
2026-07-31T09:20:21Z,453,6,5,8,1,0,1,1,1,1785488004
2026-07-31T09:20:21Z,454,10,0,9,0,0,1,1,1,1785489601
2026-07-31T09:20:21Z,455,0,0,39,0,0,1,1,1,1785487895
2026-07-31T09:20:21Z,456,9,0,10,1,0,1,1,1,1785489401
2026-07-31T09:20:21Z,457,25,2,0,2,0,1,1,1,1785487895
2026-07-31T09:20:21Z,458,15,6,8,0,0,1,1,1,1785487229
2026-07-31T09:20:21Z,459,15,0,0,0,0,1,1,1,1785485789
2026-07-31T09:20:21Z,460,20,2,2,1,0,1,1,1,1785487896
2026-07-31T09:20:21Z,461,5,1,14,0,0,1,1,1,1785487878
2026-07-31T09:20:21Z,462,11,0,10,0,0,1,1,1,1785489254
2026-07-31T09:20:21Z,463,13,1,6,0,0,1,1,1,1785487897
2026-07-31T09:20:21Z,464,3,1,11,0,0,1,1,1,1785485789
2026-07-31T09:20:21Z,465,0,0,14,1,0,1,1,1,1785485789
2026-07-31T09:20:21Z,466,11,3,2,2,0,1,1,1,1785485789
2026-07-31T09:20:21Z,467,5,1,13,1,0,1,1,1,1785471818
2026-07-31T09:20:21Z,468,17,1,1,1,0,1,1,1,1785485789
2026-07-31T09:20:21Z,469,2,1,21,0,0,1,1,1,1785487896
2026-07-31T09:20:21Z,470,13,1,0,2,0,1,1,1,1785489558
2026-07-31T09:20:21Z,471,22,2,5,0,0,1,1,1,1785487895
2026-07-31T09:20:21Z,472,18,6,0,1,0,1,1,1,1785489523
2026-07-31T09:20:21Z,473,19,5,0,0,0,1,1,1,1785485789
2026-07-31T09:20:21Z,474,16,0,3,0,0,1,1,1,1785488959
2026-07-31T09:20:21Z,475,3,0,15,1,0,1,1,1,1785485789
2026-07-31T09:20:21Z,477,11,8,3,1,0,1,1,1,1785486182
2026-07-31T09:20:21Z,478,6,0,24,1,0,1,1,1,1785485789
2026-07-31T09:20:21Z,479,1,1,25,1,0,1,1,1,1785489149
2026-07-31T09:20:21Z,480,2,0,10,3,0,1,1,1,1785485789
2026-07-31T09:20:21Z,481,27,1,7,1,0,1,1,1,1785489602
2026-07-31T09:20:21Z,482,18,6,1,0,0,1,1,1,1785487895
2026-07-31T09:20:21Z,483,2,0,23,2,0,1,1,1,1785489503
2026-07-31T09:20:21Z,484,8,2,10,1,0,1,1,1,1785489471
2026-07-31T09:20:21Z,485,16,6,1,1,1,1,1,1,1785489575
2026-07-31T09:20:21Z,486,25,6,0,2,0,1,1,1,1785489557
2026-07-31T09:20:21Z,487,8,5,10,1,0,1,1,1,1785489459
2026-07-31T09:20:21Z,489,12,6,3,0,0,1,1,1,1785488501
2026-07-31T09:20:21Z,490,3,1,13,0,0,1,1,1,1785489499
2026-07-31T09:20:21Z,491,4,1,17,0,0,1,1,1,1785486090
2026-07-31T09:20:21Z,492,5,3,2,4,0,1,1,1,1785489608
2026-07-31T09:20:21Z,493,0,0,26,1,0,1,1,1,1785487895
2026-07-31T09:20:21Z,495,10,0,2,3,0,1,1,1,1785487895
2026-07-31T09:20:21Z,496,27,1,0,0,0,1,1,1,1785486089
2026-07-31T09:20:21Z,497,17,0,1,1,0,1,1,1,1785488201
2026-07-31T09:20:21Z,498,22,3,0,1,0,1,1,1,1785486119
2026-07-31T09:20:21Z,499,17,1,1,1,0,1,1,1,1785487896
2026-07-31T09:20:21Z,500,8,4,1,6,0,1,1,1,1785487895
2026-07-31T09:20:21Z,501,10,4,11,0,0,1,1,1,1785487896
2026-07-31T09:20:21Z,502,6,0,13,0,0,1,1,1,1785486089
2026-07-31T09:20:21Z,503,26,0,4,1,0,1,1,1,1785487895
2026-07-31T09:20:21Z,504,0,0,39,0,0,1,1,1,1785486562
2026-07-31T09:20:21Z,505,10,1,1,1,0,1,1,1,1785487586
2026-07-31T09:20:21Z,511,2,1,21,0,0,1,1,1,1785486354
2026-07-31T09:20:21Z,512,7,0,20,0,0,1,1,1,1785487895
2026-07-31T09:20:21Z,514,10,0,0,1,0,1,1,1,1785486089
2026-07-31T09:20:21Z,515,2,0,17,0,0,1,1,1,1785487895
2026-07-31T09:20:21Z,516,0,0,27,0,0,1,1,1,1785484039
2026-07-31T09:20:21Z,517,14,3,8,1,0,1,1,1,1785486090
2026-07-31T09:20:21Z,518,14,1,0,1,0,1,1,1,1785486390
2026-07-31T09:20:21Z,519,4,0,13,2,0,1,1,1,1785489254
2026-07-31T09:20:21Z,520,11,7,10,5,1,1,1,1,1785489612
2026-07-31T09:20:21Z,521,18,5,5,0,0,1,1,1,1785487895
2026-07-31T09:20:21Z,522,0,0,22,1,0,1,1,1,1785486390
2026-07-31T09:20:21Z,523,5,3,17,1,0,1,1,1,1785489189
2026-07-31T09:20:21Z,524,1,0,22,0,0,1,1,1,1785489530
2026-07-31T09:20:21Z,525,10,0,9,0,0,1,1,1,1785489376
2026-07-31T09:20:21Z,526,13,1,0,2,0,1,1,1,1785486390
2026-07-31T09:20:21Z,527,5,3,18,3,0,1,1,1,1785489611
2026-07-31T09:20:21Z,528,21,2,1,1,0,1,1,1,1785486390
2026-07-31T09:20:21Z,529,6,3,7,6,0,1,1,1,1785489612
2026-07-31T09:20:21Z,530,16,1,3,2,0,1,1,1,1785488201
2026-07-31T09:20:21Z,531,20,1,1,1,1,1,1,1,1785489450
2026-07-31T09:20:21Z,532,3,3,27,1,0,1,1,1,1785488341
2026-07-31T09:20:21Z,533,8,1,9,2,0,1,1,1,1785486390
2026-07-31T09:20:21Z,534,16,2,7,0,0,1,1,1,1785488202
2026-07-31T09:20:21Z,535,2,0,13,0,0,1,1,1,1785486390
2026-07-31T09:20:21Z,536,1,0,22,0,0,1,1,1,1785488201
2026-07-31T09:20:21Z,537,1,1,19,0,0,1,1,1,1785488280
2026-07-31T09:20:21Z,538,21,8,0,0,2,1,1,1,1785489360
2026-07-31T09:20:21Z,539,5,5,26,0,0,1,1,1,1785488201
2026-07-31T09:20:21Z,540,2,1,17,0,0,1,1,1,1785486391
2026-07-31T09:20:21Z,541,26,2,0,1,0,1,1,1,1785486390
2026-07-31T09:20:21Z,542,2,2,21,0,0,1,1,1,1785486390
2026-07-31T09:20:21Z,543,17,2,1,1,0,1,1,1,1785488201
2026-07-31T09:20:21Z,544,14,1,4,4,0,1,1,1,1785486390
2026-07-31T09:20:21Z,545,0,0,17,2,0,1,1,1,1785486390
2026-07-31T09:20:21Z,546,16,8,3,0,0,1,1,1,1785489048
2026-07-31T09:20:21Z,547,19,0,6,0,0,1,1,1,1785488201
2026-07-31T09:20:21Z,548,14,1,9,0,0,1,1,1,1785486390
2026-07-31T09:20:21Z,549,20,0,3,0,0,1,1,1,1785486390
2026-07-31T09:20:21Z,550,17,2,2,0,0,1,1,1,1785486390
2026-07-31T09:20:21Z,551,16,4,7,0,0,1,1,1,1785486390
2026-07-31T09:20:21Z,552,27,3,0,0,0,1,1,1,1785486390
2026-07-31T09:20:21Z,553,20,4,1,1,1,1,1,1,1785489600
2026-07-31T09:20:21Z,554,1,1,18,0,0,1,1,1,1785486691
2026-07-31T09:20:21Z,555,14,6,0,1,0,1,1,1,1785488201
2026-07-31T09:20:21Z,556,21,4,0,2,0,1,1,1,1785489413
2026-07-31T09:20:21Z,557,6,4,12,5,0,1,1,1,1785488202
2026-07-31T09:20:21Z,558,27,4,10,0,0,1,1,1,1785488201
2026-07-31T09:20:21Z,559,1,0,17,1,0,1,1,1,1785489501
2026-07-31T09:20:21Z,560,9,0,18,0,0,1,1,1,1785488201
2026-07-31T09:20:21Z,561,13,1,9,1,0,1,1,1,1785486390
2026-07-31T09:20:21Z,562,3,0,29,3,0,1,1,1,1785486691
2026-07-31T09:20:21Z,563,10,1,4,0,0,1,1,1,1785489327
2026-07-31T09:20:21Z,564,12,0,6,1,0,1,1,1,1785488201
2026-07-31T09:20:21Z,565,7,2,12,0,0,1,1,1,1785488201
2026-07-31T09:20:21Z,566,16,0,2,1,0,1,1,1,1785489521
2026-07-31T09:20:21Z,567,25,1,1,1,0,1,1,1,1785485492
2026-07-31T09:20:21Z,568,13,0,5,1,0,1,1,1,1785486691
2026-07-31T09:20:21Z,569,17,3,2,0,0,1,1,1,1785486691
2026-07-31T09:20:21Z,570,13,1,6,0,0,1,1,1,1785486691
2026-07-31T09:20:21Z,571,0,0,23,0,0,1,1,1,1785486691
2026-07-31T09:20:21Z,572,16,5,2,1,0,1,1,1,1785488201
2026-07-31T09:20:21Z,573,13,0,2,0,0,1,1,1,1785486691
2026-07-31T09:20:21Z,574,10,3,5,0,0,1,1,1,1785487852
2026-07-31T09:20:21Z,575,6,0,14,1,0,1,1,1,1785489599
2026-07-31T09:20:21Z,576,3,0,14,2,0,1,1,1,1785488201
2026-07-31T09:20:21Z,577,13,0,18,0,0,1,1,1,1785488201
2026-07-31T09:20:21Z,578,15,10,7,1,0,1,1,1,1785486996
2026-07-31T09:20:21Z,579,4,0,39,0,0,1,1,1,1785486691
2026-07-31T09:20:21Z,580,4,0,25,0,0,1,1,1,1785486691
2026-07-31T09:20:21Z,581,18,2,1,0,0,1,1,1,1785487551
2026-07-31T09:20:21Z,582,22,0,38,1,0,1,1,1,1785489608
2026-07-31T09:20:21Z,583,23,1,0,0,0,1,1,1,1785486691
2026-07-31T09:20:21Z,584,9,4,6,4,0,1,1,1,1785486691
2026-07-31T09:20:21Z,585,16,3,10,0,1,1,1,1,1785488201
2026-07-31T09:20:21Z,586,13,0,22,0,0,1,1,1,1785488201
2026-07-31T09:20:21Z,587,20,0,3,1,0,1,1,1,1785489118
2026-07-31T09:20:21Z,588,12,4,4,3,0,1,1,1,1785489455
2026-07-31T09:20:21Z,589,0,0,0,23,0,1,1,1,1785489588
2026-07-31T09:20:21Z,590,19,4,11,1,0,1,1,1,1785488201
2026-07-31T09:20:21Z,591,28,1,0,2,0,1,1,1,1785486691
2026-07-31T09:20:21Z,592,12,0,11,0,0,1,1,1,1785488952
2026-07-31T09:20:21Z,593,0,0,38,0,0,1,1,1,1785488201
2026-07-31T09:20:21Z,594,6,0,12,3,0,1,1,1,1785489519
2026-07-31T09:20:21Z,595,0,0,3,0,0,0,1,1,1784046673
2026-07-31T09:20:21Z,605,0,0,2,1,0,0,1,1,1783975843
2026-07-31T09:20:21Z,606,0,0,0,0,0,0,1,1,86400
2026-07-31T09:20:21Z,607,9,1,22,1,0,1,1,1,1785488201
2026-07-31T09:20:21Z,608,1,0,49,0,0,1,1,1,1785486736
2026-07-31T09:20:21Z,609,2,0,21,0,0,1,1,1,1785488201
2026-07-31T09:20:21Z,610,0,0,35,0,0,1,1,1,1785488201
2026-07-31T09:20:21Z,611,12,0,14,1,0,1,1,1,1785488201
2026-07-31T09:20:21Z,612,6,1,9,0,0,1,1,1,1785486691
2026-07-31T09:20:21Z,613,9,0,2,4,0,1,1,1,1785489318
2026-07-31T09:20:21Z,614,1,1,23,2,1,1,1,1,1785488202
2026-07-31T09:20:21Z,617,11,0,2,2,0,1,1,1,1785489158
2026-07-31T09:20:21Z,618,13,2,1,5,0,1,1,1,1785486690
2026-07-31T09:20:21Z,619,7,2,12,0,0,1,1,1,1785488201
2026-07-31T09:20:21Z,620,0,0,27,0,0,1,1,1,1785488201
2026-07-31T09:20:21Z,621,7,2,15,1,0,1,1,1,1785488201
2026-07-31T09:20:21Z,622,5,2,17,1,0,1,1,1,1785488201
2026-07-31T09:20:21Z,623,9,2,20,1,0,1,1,1,1785488201
2026-07-31T09:20:21Z,624,2,0,13,0,0,1,1,1,1785486691
2026-07-31T09:20:21Z,625,5,0,14,2,0,1,1,1,1785488201
2026-07-31T09:20:21Z,626,0,0,45,0,2,1,1,1,1785469585
2026-07-31T09:20:21Z,627,13,6,6,0,0,1,1,1,1785488201
2026-07-31T09:20:21Z,628,0,0,15,2,2,1,1,1,1785489382
2026-07-31T09:20:21Z,629,4,1,6,1,0,1,1,1,1785489438
2026-07-31T09:20:21Z,630,3,2,21,3,0,1,1,1,1785489567
2026-07-31T09:20:21Z,631,2,1,21,0,0,1,1,1,1785488201
2026-07-31T09:20:21Z,632,22,2,0,1,0,1,1,1,1785488201
2026-07-31T09:20:21Z,633,11,1,0,4,0,1,1,1,1785489389
2026-07-31T09:20:21Z,634,11,2,8,0,0,1,1,1,1785486991
2026-07-31T09:20:21Z,635,17,1,2,0,0,1,1,1,1785488201
2026-07-31T09:20:21Z,636,10,2,5,0,0,1,1,1,1785488201
2026-07-31T09:20:21Z,637,8,0,11,0,0,1,1,1,1785488201
2026-07-31T09:20:21Z,638,9,2,8,2,0,1,1,1,1785488216
2026-07-31T09:20:21Z,639,5,1,11,3,0,1,1,1,1785479066
2026-07-31T09:20:21Z,640,1,1,21,1,0,1,1,1,1785489568
2026-07-31T09:20:21Z,641,21,1,3,2,0,1,1,1,1785487278
2026-07-31T09:20:21Z,642,4,2,7,8,0,1,1,1,1785489610
2026-07-31T09:20:21Z,643,2,0,17,8,0,1,1,1,1785489608
2026-07-31T09:20:21Z,644,12,0,2,1,0,1,1,1,1785486991
2026-07-31T09:20:21Z,645,11,0,10,1,1,1,1,1,1785488495
2026-07-31T09:20:21Z,646,7,2,12,0,0,1,1,1,1785489446
2026-07-31T09:20:21Z,647,31,1,0,0,0,1,1,1,1785488201
2026-07-31T09:20:21Z,648,6,0,12,1,0,1,1,1,1785488201
2026-07-31T09:20:21Z,649,19,2,11,1,0,1,1,1,1785488237
2026-07-31T09:20:21Z,650,5,1,9,0,0,1,1,1,1785488201
2026-07-31T09:20:21Z,651,11,9,12,0,0,1,1,1,1785482207
2026-07-31T09:20:21Z,652,4,2,17,2,0,1,1,1,1785489557
2026-07-31T09:20:21Z,653,8,1,9,2,0,1,1,1,1785488201
2026-07-31T09:20:21Z,654,2,2,13,0,0,1,1,1,1785488202
2026-07-31T09:20:21Z,655,6,3,2,4,1,1,1,1,1785489463
2026-07-31T09:20:21Z,656,18,6,1,0,0,1,1,1,1785488201
2026-07-31T09:20:21Z,657,9,1,3,2,3,1,1,1,1785489499
2026-07-31T09:20:21Z,658,9,1,1,0,0,1,1,1,1785473427
2026-07-31T09:20:21Z,659,8,3,5,2,0,1,1,1,1785488201
2026-07-31T09:20:21Z,660,13,0,14,4,0,1,1,1,1785489474
2026-07-31T09:20:21Z,661,1,1,18,0,0,1,1,1,1785488202
2026-07-31T09:20:21Z,662,7,5,14,2,0,1,1,1,1785480458
2026-07-31T09:20:21Z,663,14,6,0,1,0,1,1,1,1785488201
2026-07-31T09:20:21Z,664,0,0,27,0,0,1,1,1,1785472715
2026-07-31T09:20:21Z,665,12,3,3,0,0,1,1,1,1785488202
2026-07-31T09:20:21Z,666,7,2,6,2,0,1,1,1,1785488201
2026-07-31T09:20:21Z,667,0,0,19,0,0,1,1,1,1785486991
2026-07-31T09:20:21Z,668,10,1,8,1,0,1,1,1,1785488201
2026-07-31T09:20:21Z,669,14,5,0,0,0,1,1,1,1785488201
2026-07-31T09:20:21Z,670,11,2,16,0,0,1,1,1,1785486992
2026-07-31T09:20:21Z,671,24,5,2,1,0,1,1,1,1785489576
2026-07-31T09:20:21Z,672,13,2,6,3,1,1,1,1,1785486991
2026-07-31T09:20:21Z,673,12,1,9,2,0,1,1,1,1785489310
2026-07-31T09:20:21Z,674,3,2,17,3,0,1,1,1,1785489356
2026-07-31T09:20:21Z,675,12,6,1,2,0,1,1,1,1785489368
2026-07-31T09:20:21Z,676,6,1,15,1,0,1,1,1,1785488643
2026-07-31T09:20:21Z,681,12,3,1,2,0,1,1,1,1785489270
2026-07-31T09:20:21Z,682,4,1,14,1,0,1,1,1,1785486991
2026-07-31T09:20:21Z,683,4,1,15,0,0,1,1,1,1785488334
2026-07-31T09:20:21Z,684,3,0,24,0,0,1,1,1,1785487883
2026-07-31T09:20:21Z,685,10,0,15,1,1,1,1,1,1785488201
2026-07-31T09:20:21Z,686,11,0,14,1,1,1,1,1,1785488095
2026-07-31T09:20:21Z,687,11,0,18,1,1,1,1,1,1785489557
2026-07-31T09:20:21Z,688,10,0,2,7,0,1,1,1,1785489311
2026-07-31T09:20:21Z,692,4,1,17,0,0,1,1,1,1785489419
2026-07-31T09:20:21Z,693,5,0,3,3,0,1,1,1,1785488989
2026-07-31T09:20:21Z,694,9,5,12,0,0,1,1,1,1785488738
2026-07-31T09:20:21Z,695,17,11,6,0,0,1,1,1,1785488876
2026-07-31T09:20:21Z,696,19,14,3,1,0,1,1,1,1785488796
2026-07-31T09:20:21Z,697,20,1,3,0,0,1,1,1,1785488607
2026-07-31T09:20:21Z,698,27,1,0,0,0,1,1,1,1785489363
2026-07-31T09:20:21Z,699,7,0,7,1,0,1,1,1,1785489288
2026-07-31T09:20:21Z,700,19,4,0,0,0,1,1,1,1785489415
2026-07-31T09:20:21Z,701,17,6,2,0,0,1,1,1,1785488846
2026-07-31T09:20:21Z,702,19,0,4,0,0,1,1,1,1785489427
2026-07-31T09:20:21Z,704,9,2,6,0,0,1,1,1,1785488247
2026-07-31T09:20:21Z,705,5,3,9,1,0,1,1,1,1785489527
2026-07-31T09:20:21Z,706,12,2,0,3,0,1,1,1,1785488813
2026-07-31T09:20:21Z,707,10,2,5,0,0,1,1,1,1785489452
2026-07-31T09:20:21Z,708,18,2,0,1,0,1,1,1,1785489601
2026-07-31T09:20:21Z,709,11,1,1,3,0,1,1,1,1785489473
2026-07-31T09:20:21Z,710,16,3,2,1,0,1,1,1,1785488887
2026-07-31T09:20:21Z,711,19,4,0,4,0,1,1,1,1785488952
2026-07-31T09:20:21Z,712,15,10,0,0,0,1,1,1,1785488829
2026-07-31T09:20:21Z,713,6,0,17,0,0,1,1,1,1785488200
2026-07-31T09:20:21Z,716,3,1,12,0,0,1,1,1,1785489172
2026-07-31T09:20:21Z,717,3,1,19,3,0,1,1,1,1785489249
2026-07-31T09:20:21Z,718,3,1,11,1,0,1,1,1,1785488999
2026-07-31T09:20:21Z,719,7,1,22,0,0,1,1,1,1785488407
2026-07-31T09:20:21Z,720,2,1,17,0,0,1,1,1,1785489464
2026-07-31T09:20:21Z,721,0,0,21,2,0,1,1,1,1785488444
2026-07-31T09:20:21Z,722,5,0,10,0,0,1,1,1,1785489217
2026-07-31T09:20:21Z,723,12,1,11,0,0,1,1,1,1785489252
2026-07-31T09:20:21Z,724,21,4,2,0,0,1,1,1,1785488592
2026-07-31T09:20:21Z,725,22,6,0,1,0,1,1,1,1785488200
2026-07-31T09:20:21Z,726,19,3,0,0,0,1,1,1,1785488366
2026-07-31T09:20:21Z,727,9,4,12,2,0,1,1,1,1785488391
2026-07-31T09:20:21Z,728,9,0,5,1,0,1,1,1,1785487953
2026-07-31T09:20:21Z,729,6,0,13,0,0,1,1,1,1785488827
2026-07-31T09:20:21Z,730,3,2,10,2,0,1,1,1,1785488547
2026-07-31T09:20:21Z,731,10,3,4,1,0,1,1,1,1785489473
2026-07-31T09:20:21Z,732,9,5,6,0,0,1,1,1,1785488697
2026-07-31T09:20:21Z,733,4,0,23,0,0,1,1,1,1785489486
2026-07-31T09:20:21Z,734,0,0,14,0,0,1,1,1,1785488659
2026-07-31T09:20:21Z,735,4,3,23,0,0,1,1,1,1785489349
2026-07-31T09:20:21Z,736,7,1,12,0,0,1,1,1,1785488088
2026-07-31T09:20:21Z,737,4,3,10,0,1,1,1,1,1785488216
2026-07-31T09:20:21Z,738,16,5,1,2,0,1,1,1,1785489022
2026-07-31T09:20:21Z,739,19,2,7,1,0,1,1,1,1785489510
2026-07-31T09:20:21Z,741,7,1,16,0,0,1,1,1,1785487979
2026-07-31T09:20:21Z,742,5,0,27,3,0,1,1,1,1785488245
2026-07-31T09:20:21Z,743,8,3,9,2,0,1,1,1,1785488200
2026-07-31T09:20:21Z,744,11,4,3,1,0,1,1,1,1785488355
2026-07-31T09:20:21Z,745,14,4,4,1,0,1,1,1,1785488362
2026-07-31T09:20:21Z,746,12,3,9,2,0,1,1,1,1785489153
2026-07-31T09:20:21Z,747,0,0,4,0,0,0,1,1,1783446606
2026-07-31T09:20:21Z,748,10,1,13,0,0,1,1,1,1785489150
2026-07-31T09:20:21Z,749,7,5,15,1,0,1,1,1,1785489065
2026-07-31T09:20:21Z,750,4,2,7,0,0,1,1,1,1785489416
2026-07-31T09:20:21Z,751,8,0,15,0,0,1,1,1,1785488585
2026-07-31T09:20:21Z,752,13,1,3,1,0,1,1,1,1785488200
2026-07-31T09:20:21Z,753,4,0,11,0,0,1,1,1,1785488495
2026-07-31T09:20:21Z,754,1,1,13,1,0,1,1,1,1785488910
2026-07-31T09:20:21Z,755,12,3,10,1,0,1,1,1,1785489031
2026-07-31T09:20:21Z,756,2,0,35,0,0,1,1,1,1785487923
2026-07-31T09:20:21Z,757,18,9,1,0,0,1,1,1,1785489143
2026-07-31T09:20:21Z,758,22,3,1,0,0,1,1,1,1785488749
2026-07-31T09:20:21Z,759,5,3,10,0,0,1,1,1,1785488477
2026-07-31T09:20:21Z,760,8,3,11,0,0,1,1,1,1785488200
2026-07-31T09:20:21Z,761,16,0,6,1,0,1,1,1,1785489597
2026-07-31T09:20:21Z,762,7,4,4,4,0,1,1,1,1785489422
2026-07-31T09:20:21Z,768,8,0,8,3,0,1,1,1,1785488586
2026-07-31T09:20:21Z,769,16,12,3,0,0,1,1,1,1785488210
2026-07-31T09:20:21Z,770,11,3,6,2,0,1,1,1,1785488146
2026-07-31T09:20:21Z,771,13,3,1,1,0,1,1,1,1785489394
2026-07-31T09:20:21Z,772,7,3,8,0,0,1,1,1,1785488205
2026-07-31T09:20:21Z,773,15,4,4,0,0,1,1,1,1785488201
2026-07-31T09:20:21Z,774,9,5,3,3,0,1,1,1,1785488200
2026-07-31T09:20:21Z,775,6,0,11,1,1,1,1,1,1785488308
2026-07-31T09:20:21Z,776,3,1,17,1,0,1,1,1,1785488365
2026-07-31T09:20:21Z,777,10,0,2,3,0,1,1,1,1785488201
2026-07-31T09:20:21Z,778,13,0,3,3,0,1,1,1,1785488261
2026-07-31T09:20:21Z,779,8,1,10,1,0,1,1,1,1785488945
2026-07-31T09:20:21Z,780,17,4,1,1,0,1,1,1,1785488567
2026-07-31T09:20:21Z,781,6,2,3,2,0,1,1,1,1785488897
2026-07-31T09:20:21Z,782,5,3,10,4,0,1,1,1,1785488200
2026-07-31T09:20:21Z,783,7,1,12,0,0,1,1,1,1785488954
2026-07-31T09:20:21Z,784,15,2,4,0,0,1,1,1,1785488562
2026-07-31T09:20:21Z,785,11,2,2,6,0,1,1,1,1785489125
2026-07-31T09:20:21Z,786,11,5,8,0,0,1,1,1,1785488769
2026-07-31T09:20:21Z,787,11,5,2,2,0,1,1,1,1785488411
2026-07-31T09:20:21Z,788,3,0,12,0,0,1,1,1,1785489445
2026-07-31T09:20:21Z,789,10,2,1,4,0,1,1,1,1785488200
2026-07-31T09:20:21Z,790,2,0,21,0,0,1,1,1,1785489359
2026-07-31T09:20:21Z,791,7,2,11,0,1,1,1,1,1785489609
2026-07-31T09:20:21Z,793,4,0,10,1,0,1,1,1,1785488201
2026-07-31T09:20:21Z,794,8,3,19,2,0,1,1,1,1785488459
2026-07-31T09:20:21Z,796,0,0,17,2,0,1,1,1,1785489613
2026-07-31T09:20:21Z,797,1,0,14,0,0,1,1,1,1785487593
2026-07-31T09:20:21Z,798,6,0,18,1,0,1,1,1,1785489446
2026-07-31T09:20:21Z,799,15,1,1,3,0,1,1,1,1785489582
2026-07-31T09:20:21Z,800,1,0,19,1,0,1,1,1,1785489208
2026-07-31T09:20:21Z,801,4,2,16,1,0,1,1,1,1785487820
2026-07-31T09:20:21Z,802,8,0,23,0,0,1,1,1,1785488200
2026-07-31T09:20:21Z,803,1,1,14,0,0,1,1,1,1785489413
2026-07-31T09:20:21Z,806,8,3,7,0,0,1,1,1,1785488200
2026-07-31T09:20:21Z,807,14,0,8,3,0,1,1,1,1785488232
2026-07-31T09:20:21Z,808,0,0,23,2,0,1,1,1,1785488225
2026-07-31T09:20:21Z,809,5,1,17,1,0,1,1,1,1785489584
2026-07-31T09:20:21Z,810,2,0,13,4,0,1,1,1,1785488201
2026-07-31T09:20:21Z,815,4,1,6,4,1,1,1,1,1785487892
2026-07-31T09:20:21Z,817,10,5,5,0,0,1,1,1,1785488927
2026-07-31T09:20:21Z,818,6,0,16,1,0,1,1,1,1785488333
2026-07-31T09:20:21Z,819,6,4,9,0,0,1,1,1,1785487291
2026-07-31T09:20:21Z,820,8,2,9,0,0,1,1,1,1785488848
2026-07-31T09:20:21Z,821,2,1,13,0,0,1,1,1,1785488200
2026-07-31T09:20:21Z,822,1,0,20,2,0,1,1,1,1785488279
2026-07-31T09:20:21Z,823,0,0,14,1,0,1,1,1,1785489244
2026-07-31T09:20:21Z,824,12,3,6,1,0,1,1,1,1785488710
2026-07-31T09:20:21Z,825,8,5,7,0,0,1,1,1,1785488201
2026-07-31T09:20:21Z,826,10,2,8,1,0,1,1,1,1785488718
2026-07-31T09:20:21Z,827,16,5,4,1,0,1,1,1,1785488215
2026-07-31T09:20:21Z,828,9,0,7,2,0,1,1,1,1785489521
2026-07-31T09:20:21Z,829,16,7,11,0,0,1,1,1,1785488956
2026-07-31T09:20:21Z,830,12,3,10,1,0,1,1,1,1785488274
2026-07-31T09:20:21Z,831,7,2,7,1,0,1,1,1,1785489217
2026-07-31T09:20:21Z,832,10,3,5,3,0,1,1,1,1785489300
2026-07-31T09:20:21Z,833,1,0,17,1,0,1,1,1,1785489056
2026-07-31T09:20:21Z,834,1,0,22,1,0,1,1,1,1785488555
2026-07-31T09:20:21Z,835,16,6,0,2,0,1,1,1,1785488785
2026-07-31T09:20:21Z,837,5,1,0,10,0,1,1,1,1785489281
2026-07-31T09:20:21Z,838,14,3,1,0,0,1,1,1,1785488442
2026-07-31T09:20:21Z,839,20,1,9,0,0,1,1,1,1785488063
2026-07-31T09:20:21Z,840,7,3,20,2,0,1,1,1,1785489560
2026-07-31T09:20:21Z,841,7,1,8,0,0,1,1,1,1785489213
2026-07-31T09:20:21Z,842,7,2,16,0,0,1,1,1,1785489004
2026-07-31T09:20:21Z,843,8,0,22,1,0,1,1,1,1785489239
2026-07-31T09:20:21Z,844,6,0,17,0,0,1,1,1,1785489202
2026-07-31T09:20:21Z,845,5,3,12,2,0,1,1,1,1785489388
2026-07-31T09:20:21Z,846,4,0,13,2,0,1,1,1,1785488523
2026-07-31T09:20:21Z,847,7,1,20,0,0,1,1,1,1785488304
2026-07-31T09:20:21Z,848,10,3,8,1,0,1,1,1,1785488215
2026-07-31T09:20:21Z,849,7,2,8,0,0,1,1,1,1785488371
2026-07-31T09:20:21Z,850,9,0,1,1,0,1,1,1,1785488617
2026-07-31T09:20:21Z,851,3,3,32,2,0,1,1,1,1785488451
2026-07-31T09:20:21Z,852,12,6,7,0,0,1,1,1,1785489104
2026-07-31T09:20:21Z,853,10,5,13,0,0,1,1,1,1785488200
2026-07-31T09:20:21Z,854,3,2,12,0,0,1,1,1,1785488415
2026-07-31T09:20:21Z,855,25,0,2,0,0,1,1,1,1785488200
2026-07-31T09:20:21Z,857,1,1,18,0,0,1,1,1,1785489302
2026-07-31T09:20:21Z,858,4,1,14,1,0,1,1,1,1785488200
2026-07-31T09:20:21Z,859,3,0,17,1,0,1,1,1,1785488202
2026-07-31T09:20:21Z,861,8,1,2,1,0,1,1,1,1785488201
2026-07-31T09:20:21Z,862,2,1,13,0,0,1,1,1,1785489241
2026-07-31T09:20:21Z,863,13,0,5,1,0,1,1,1,1785488200
2026-07-31T09:20:21Z,866,11,3,8,0,0,1,1,1,1785489540
2026-07-31T09:20:21Z,867,12,0,3,0,0,1,1,1,1785488857
2026-07-31T09:20:21Z,868,13,2,2,0,0,1,1,1,1785489062
2026-07-31T09:20:21Z,870,7,4,6,2,0,1,1,1,1785489278
2026-07-31T09:20:21Z,871,0,0,10,1,0,1,1,1,1785488661
2026-07-31T09:20:21Z,872,0,0,14,1,0,1,1,1,1785489199
2026-07-31T09:20:21Z,873,0,0,32,1,0,1,1,1,1785489175
2026-07-31T09:20:21Z,874,5,2,7,3,0,1,1,1,1785489378
2026-07-31T09:20:21Z,875,14,10,0,1,0,1,1,1,1785489343
2026-07-31T09:20:21Z,877,11,10,6,2,0,1,1,1,1785488804
2026-07-31T09:20:21Z,878,3,2,15,1,0,1,1,1,1785489385
2026-07-31T09:20:21Z,879,1,0,18,0,0,1,1,1,1785488426
2026-07-31T09:20:21Z,880,3,0,19,1,0,1,1,1,1785489345
2026-07-31T09:20:21Z,881,2,0,17,0,0,1,1,1,1785489237
2026-07-31T09:20:21Z,882,10,0,6,3,0,1,1,1,1785488200
2026-07-31T09:20:21Z,883,10,6,9,0,0,1,1,1,1785489506
2026-07-31T09:20:21Z,884,11,7,10,0,0,1,1,1,1785488794
2026-07-31T09:20:21Z,885,1,0,18,0,0,1,1,1,1785489086
2026-07-31T09:20:21Z,886,16,1,11,2,0,1,1,1,1785489424
2026-07-31T09:20:21Z,887,3,1,11,3,0,1,1,1,1785488361
2026-07-31T09:20:21Z,888,12,0,27,2,0,1,1,1,1785489242
2026-07-31T09:20:21Z,889,17,1,0,2,0,1,1,1,1785489394
2026-07-31T09:20:21Z,890,7,4,8,0,0,1,1,1,1785488201
2026-07-31T09:20:21Z,891,20,0,2,1,0,1,1,1,1785488578
2026-07-31T09:20:21Z,892,13,1,2,0,0,1,1,1,1785488200
2026-07-31T09:20:21Z,895,0,0,18,1,0,1,1,1,1785489208
2026-07-31T09:20:21Z,896,6,0,29,0,0,1,1,1,1785488200
2026-07-31T09:20:21Z,897,11,1,10,0,0,1,1,1,1785489274
2026-07-31T09:20:21Z,898,2,0,17,0,0,1,1,1,1785489005
2026-07-31T09:20:21Z,899,0,0,18,1,0,1,1,1,1785489114
2026-07-31T09:20:21Z,900,19,1,6,2,0,1,1,1,1785488441
2026-07-31T09:20:21Z,901,12,0,6,1,0,1,1,1,1785487948
2026-07-31T09:20:21Z,902,9,0,5,1,0,1,1,1,1785488945
2026-07-31T09:20:21Z,903,14,2,4,1,0,1,1,1,1785488379
2026-07-31T09:20:21Z,904,10,4,8,1,0,1,1,1,1785489393
2026-07-31T09:20:21Z,905,4,0,23,0,0,1,1,1,1785489492
2026-07-31T09:20:21Z,906,8,5,19,0,0,1,1,1,1785488423
2026-07-31T09:20:21Z,907,6,1,25,0,0,1,1,1,1785489584
2026-07-31T09:20:21Z,908,11,0,12,0,0,1,1,1,1785489379
2026-07-31T09:20:21Z,909,14,4,8,1,0,1,1,1,1785489020
2026-07-31T09:20:21Z,910,20,0,11,0,0,1,1,1,1785489298
2026-07-31T09:20:21Z,911,3,0,16,0,0,1,1,1,1785488938
2026-07-31T09:20:21Z,912,9,5,12,2,0,1,1,1,1785488218
2026-07-31T09:20:21Z,913,3,1,16,0,0,1,1,1,1785488200
2026-07-31T09:20:21Z,914,6,1,13,0,0,1,1,1,1785488201
2026-07-31T09:20:21Z,915,7,0,15,1,0,1,1,1,1785489494
2026-07-31T09:20:21Z,916,23,8,0,0,0,1,1,1,1785489536
2026-07-31T09:20:21Z,917,3,0,30,2,0,1,1,1,1785488303
2026-07-31T09:20:21Z,918,13,5,4,2,0,1,1,1,1785489306
2026-07-31T09:20:21Z,919,13,3,25,1,0,1,1,1,1785488235
2026-07-31T09:20:21Z,920,4,2,15,0,0,1,1,1,1785488201
2026-07-31T09:20:21Z,921,12,0,9,0,0,1,1,1,1785489069
2026-07-31T09:20:21Z,922,3,1,17,1,0,1,1,1,1785489053
2026-07-31T09:20:21Z,923,19,2,0,0,0,1,1,1,1785488747
2026-07-31T09:20:21Z,924,8,2,13,0,0,1,1,1,1785488268
2026-07-31T09:20:21Z,925,13,0,8,0,0,1,1,1,1785489547
2026-07-31T09:20:21Z,926,0,0,21,0,0,1,1,1,1785488201
2026-07-31T09:20:21Z,927,1,0,34,0,0,1,1,1,1785488267
2026-07-31T09:20:21Z,928,5,3,14,0,0,1,1,1,1785464301
2026-07-31T09:20:21Z,929,0,0,23,0,0,1,1,1,1785488702
2026-07-31T09:20:21Z,930,0,0,30,1,0,1,1,1,1785489297
2026-07-31T09:20:21Z,931,8,3,15,0,0,1,1,1,1785488201
2026-07-31T09:20:21Z,932,4,0,12,3,0,1,1,1,1785489457
2026-07-31T09:20:21Z,933,0,0,23,0,0,1,1,1,1785487852
2026-07-31T09:20:21Z,934,3,0,27,1,0,1,1,1,1785489542
2026-07-31T09:20:21Z,935,9,2,9,1,0,1,1,1,1785488436
2026-07-31T09:20:21Z,936,4,1,15,0,0,1,1,1,1785456801
2026-07-31T09:20:21Z,940,10,0,1,0,0,1,1,1,1785487595
2026-07-31T09:20:21Z,941,10,1,13,2,0,1,1,1,1785487993
2026-07-31T09:20:21Z,942,5,0,16,0,0,1,1,1,1785488369
2026-07-31T09:20:21Z,943,9,8,6,0,0,1,1,1,1785489313
2026-07-31T09:20:21Z,944,9,8,6,0,0,1,1,1,1785489128
2026-07-31T09:20:21Z,945,10,8,5,0,0,1,1,1,1785488641
2026-07-31T09:20:21Z,946,7,5,12,0,0,1,1,1,1785487593
2026-07-31T09:20:21Z,947,7,5,10,0,0,1,1,1,1785489142
2026-07-31T09:20:21Z,948,26,8,0,5,0,1,1,1,1785489467
2026-07-31T09:20:21Z,949,1,0,14,0,0,1,1,1,1785489242
2026-07-31T09:20:21Z,950,16,4,0,1,0,1,1,1,1785489154
2026-07-31T09:20:21Z,951,18,4,5,0,0,1,1,1,1785489351
2026-07-31T09:20:21Z,952,7,0,48,0,0,1,1,1,1785488660
2026-07-31T09:20:21Z,953,14,2,0,1,0,1,1,1,1785488411
2026-07-31T09:20:21Z,954,17,4,2,0,0,1,1,1,1785489251
2026-07-31T09:20:21Z,955,4,3,17,6,0,1,1,1,1785488216
2026-07-31T09:20:21Z,956,22,1,0,1,0,1,1,1,1785489322
2026-07-31T09:20:21Z,957,15,0,14,0,0,1,1,1,1785488533
2026-07-31T09:20:21Z,958,19,0,12,0,0,1,1,1,1785488042
2026-07-31T09:20:21Z,959,20,8,0,3,0,1,1,1,1785489029
2026-07-31T09:20:21Z,960,22,1,0,1,0,1,1,1,1785489512
2026-07-31T09:20:21Z,961,3,2,17,3,0,1,1,1,1785488830
2026-07-31T09:20:21Z,962,8,3,24,3,0,1,1,1,1785488294
2026-07-31T09:20:21Z,963,6,0,16,1,0,1,1,1,1785489228
2026-07-31T09:20:21Z,964,21,8,1,1,0,1,1,1,1785488862
2026-07-31T09:20:21Z,965,5,1,21,1,0,1,1,1,1785489359
2026-07-31T09:20:21Z,966,28,0,3,0,0,1,1,1,1785488044
2026-07-31T09:20:21Z,967,20,0,0,1,0,1,1,1,1785488969
2026-07-31T09:20:21Z,968,14,0,4,1,0,1,1,1,1785489132
2026-07-31T09:20:21Z,969,10,6,15,2,0,1,1,1,1785489075
2026-07-31T09:20:21Z,970,11,1,7,1,0,1,1,1,1785489465
2026-07-31T09:20:21Z,971,15,0,7,1,0,1,1,1,1785489437
2026-07-31T09:20:21Z,972,9,1,13,1,0,1,1,1,1785489103
2026-07-31T09:20:21Z,973,8,3,14,1,0,1,1,1,1785489554
2026-07-31T09:20:21Z,974,12,0,15,0,0,1,1,1,1785488000
2026-07-31T09:20:21Z,977,7,7,11,3,0,1,1,1,1785489372
2026-07-31T09:20:21Z,978,11,0,12,0,0,1,1,1,1785488420
2026-07-31T09:20:21Z,979,14,1,3,0,0,1,1,1,1785487971
2026-07-31T09:20:21Z,980,1,0,18,2,0,1,1,1,1785489161
2026-07-31T09:20:21Z,981,19,1,1,1,0,1,1,1,1785488868
2026-07-31T09:20:21Z,982,3,1,14,2,0,1,1,1,1785489172
2026-07-31T09:20:21Z,983,2,1,20,1,0,1,1,1,1785489586
2026-07-31T09:20:21Z,984,6,0,17,0,0,1,1,1,1785488761
2026-07-31T09:20:21Z,985,8,0,23,0,0,1,1,1,1785488044
2026-07-31T09:20:21Z,986,4,0,15,0,0,1,1,1,1785489169
2026-07-31T09:20:21Z,987,6,0,16,1,0,1,1,1,1785487889
2026-07-31T09:20:21Z,988,5,1,13,1,0,1,1,1,1785489321
2026-07-31T09:20:21Z,989,9,4,10,0,0,1,1,1,1785488311
2026-07-31T09:20:21Z,990,13,1,0,2,0,1,1,1,1785489373
2026-07-31T09:20:21Z,991,10,2,8,1,0,1,1,1,1785489034
2026-07-31T09:20:21Z,992,10,7,12,1,0,1,1,1,1785488091
2026-07-31T09:20:21Z,993,0,0,27,0,0,1,1,1,1785476008
2026-07-31T09:20:21Z,994,4,1,17,0,0,1,1,1,1785488303
2026-07-31T09:20:21Z,995,8,2,19,0,0,1,1,1,1785489342
2026-07-31T09:20:21Z,996,8,1,15,0,0,1,1,1,1785489144
2026-07-31T09:20:21Z,997,11,5,10,2,0,1,1,1,1785489507
2026-07-31T09:20:21Z,998,3,2,19,1,0,1,1,1,1785489459
2026-07-31T09:20:21Z,999,3,1,15,2,1,1,1,1,1785489241
2026-07-31T09:20:21Z,1000,4,2,17,0,0,1,1,1,1785488212
2026-07-31T09:20:21Z,1001,1,0,26,0,0,1,1,1,1785489482
2026-07-31T09:20:21Z,1002,0,0,27,4,0,1,1,1,1785489483
2026-07-31T09:20:21Z,1003,0,0,22,1,0,1,1,1,1785489108
2026-07-31T09:20:21Z,1004,8,1,15,0,0,1,1,1,1785488547
2026-07-31T09:20:21Z,1005,20,1,3,0,0,1,1,1,1785489296
2026-07-31T09:20:21Z,1006,7,4,11,1,0,1,1,1,1785489132
2026-07-31T09:20:21Z,1007,2,1,19,0,0,1,1,1,1785488763
2026-07-31T09:20:21Z,1008,6,5,15,2,0,1,1,1,1785488265
2026-07-31T09:20:21Z,1009,19,2,8,4,0,1,1,1,1785488135
2026-07-31T09:20:21Z,1010,7,2,20,0,0,1,1,1,1785488967
2026-07-31T09:20:21Z,1011,8,2,9,2,0,1,1,1,1785489506
2026-07-31T09:20:21Z,1012,4,3,18,1,0,1,1,1,1785489062
2026-07-31T09:20:21Z,1013,4,1,18,1,0,1,1,1,1785489476
2026-07-31T09:20:21Z,1014,7,2,13,3,0,1,1,1,1785489580
2026-07-31T09:20:21Z,1015,3,1,25,3,0,1,1,1,1785488033
2026-07-31T09:20:21Z,1016,10,5,21,0,0,1,1,1,1785488923
2026-07-31T09:20:21Z,1017,14,5,7,0,0,1,1,1,1785488466
2026-07-31T09:20:21Z,1018,7,2,15,0,0,1,1,1,1785489150
2026-07-31T09:20:21Z,1019,9,6,6,0,0,1,1,1,1785489080
2026-07-31T09:20:21Z,1020,18,3,3,0,0,1,1,1,1785488338
2026-07-31T09:20:21Z,1021,9,3,5,1,0,1,1,1,1785488202
2026-07-31T09:20:21Z,1022,14,0,13,0,0,1,1,1,1785489240
2026-07-31T09:20:21Z,1023,13,1,9,1,0,1,1,1,1785488884
2026-07-31T09:20:21Z,1024,5,2,13,1,0,1,1,1,1785488067
2026-07-31T09:20:21Z,1025,4,0,14,0,1,1,1,1,1785489208
2026-07-31T09:20:21Z,1026,7,5,19,5,0,1,1,1,1785488418
2026-07-31T09:20:21Z,1028,2,0,20,1,0,1,1,1,1785489240
2026-07-31T09:20:21Z,1029,9,9,5,1,0,1,1,1,1785488362
2026-07-31T09:20:21Z,1030,14,5,9,0,0,1,1,1,1785488105
2026-07-31T09:20:21Z,1031,8,0,11,0,0,1,1,1,1785488475
2026-07-31T09:20:21Z,1032,7,1,12,0,0,1,1,1,1785489137
2026-07-31T09:20:21Z,1033,9,5,9,1,0,1,1,1,1785488134
2026-07-31T09:20:21Z,1034,2,0,13,0,0,1,1,1,1785489154
2026-07-31T09:20:21Z,1035,1,0,16,2,0,1,1,1,1785489182
2026-07-31T09:20:21Z,1036,15,1,0,0,0,1,1,1,1785487919
2026-07-31T09:20:21Z,1037,4,0,14,1,0,1,1,1,1785489585
2026-07-31T09:20:21Z,1038,2,0,12,1,0,1,1,1,1785488852
2026-07-31T09:20:21Z,1039,7,2,12,0,0,1,1,1,1785489291
2026-07-31T09:20:21Z,1040,7,3,10,2,0,1,1,1,1785489174
2026-07-31T09:20:21Z,1041,11,3,8,0,0,1,1,1,1785489055
2026-07-31T09:20:21Z,1042,12,1,1,2,0,1,1,1,1785489321
2026-07-31T09:20:21Z,1043,9,0,7,3,0,1,1,1,1785489211
2026-07-31T09:20:21Z,1044,2,1,12,1,0,1,1,1,1785488907
2026-07-31T09:20:21Z,1045,11,1,8,0,0,1,1,1,1785489125
2026-07-31T09:20:21Z,1046,9,0,6,0,0,1,1,1,1785488532
2026-07-31T09:20:21Z,1047,4,0,17,0,0,1,1,1,1785488075
2026-07-31T09:20:21Z,1048,10,1,9,0,0,1,1,1,1785489102
2026-07-31T09:20:21Z,1049,6,0,15,0,0,1,1,1,1785489164
2026-07-31T09:20:21Z,1050,17,4,4,0,0,1,1,1,1785488446
2026-07-31T09:20:21Z,1051,8,3,13,0,0,1,1,1,1785488339
2026-07-31T09:20:21Z,1052,17,2,5,0,0,1,1,1,1785488963
2026-07-31T09:20:21Z,1053,2,1,13,0,0,1,1,1,1785489032
2026-07-31T09:20:21Z,1054,14,1,1,0,0,1,1,1,1785489292
2026-07-31T09:20:21Z,1055,7,1,12,0,0,1,1,1,1785489269
2026-07-31T09:20:21Z,1057,18,0,0,1,0,1,1,1,1785488961
2026-07-31T09:20:21Z,1058,1,0,55,0,0,1,1,1,1785489199
2026-07-31T09:20:21Z,1059,0,0,18,1,0,1,1,1,1785489163
2026-07-31T09:20:21Z,1060,30,0,7,0,0,1,1,1,1785488123
2026-07-31T09:20:21Z,1061,7,1,29,1,0,1,1,1,1785489255
2026-07-31T09:20:21Z,1062,2,0,15,0,0,1,1,1,1785489291
2026-07-31T09:20:21Z,1063,12,1,6,1,0,1,1,1,1785489181
2026-07-31T09:20:21Z,1064,3,0,19,1,0,1,1,1,1785489511
2026-07-31T09:20:21Z,1065,16,3,7,0,0,1,1,1,1785488035
2026-07-31T09:20:21Z,1066,10,2,13,0,0,1,1,1,1785489576
2026-07-31T09:20:21Z,1067,8,2,13,2,0,1,1,1,1785488026
2026-07-31T09:20:21Z,1068,8,2,13,2,0,1,1,1,1785489334
2026-07-31T09:20:21Z,1069,12,3,11,0,0,1,1,1,1785489384
2026-07-31T09:20:21Z,1070,12,2,11,0,0,1,1,1,1785489481
2026-07-31T09:20:21Z,1071,7,4,16,0,0,1,1,1,1785489520
2026-07-31T09:20:21Z,1072,11,1,11,1,0,1,1,1,1785488075
2026-07-31T09:20:21Z,1073,26,7,0,1,0,1,1,1,1785488815
2026-07-31T09:20:21Z,1074,0,0,52,1,0,1,1,1,1785489496
2026-07-31T09:20:21Z,1075,10,10,11,0,0,1,1,1,1785488888
2026-07-31T09:20:21Z,1076,14,11,7,0,0,1,1,1,1785488325
2026-07-31T09:20:21Z,1077,8,5,13,0,0,1,1,1,1785489104
2026-07-31T09:20:21Z,1078,11,10,10,0,0,1,1,1,1785488368
2026-07-31T09:20:21Z,1079,11,8,10,0,0,1,1,1,1785488997
2026-07-31T09:20:21Z,1080,10,8,10,1,0,1,1,1,1785489597
2026-07-31T09:20:21Z,1081,13,8,6,0,0,1,1,1,1785488175
2026-07-31T09:20:21Z,1082,7,7,1,0,0,1,1,1,1785489476
2026-07-31T09:20:21Z,1083,13,11,8,0,0,1,1,1,1785489262
2026-07-31T09:20:21Z,1084,9,8,12,0,0,1,1,1,1785488882
2026-07-31T09:20:21Z,1085,8,8,13,0,0,1,1,1,1785488522
2026-07-31T09:20:21Z,1086,0,0,20,1,0,1,1,1,1785489230
2026-07-31T09:20:21Z,1087,12,7,3,0,0,1,1,1,1785488427
2026-07-31T09:20:21Z,1088,10,7,5,0,0,1,1,1,1785489184
2026-07-31T09:20:21Z,1089,5,3,10,0,0,1,1,1,1785489541
2026-07-31T09:20:21Z,1090,11,10,4,0,0,1,1,1,1785488256
2026-07-31T09:20:21Z,1091,12,7,3,0,0,1,1,1,1785488169
2026-07-31T09:20:21Z,1092,9,9,5,1,0,1,1,1,1785489529
2026-07-31T09:20:21Z,1093,7,6,8,0,0,1,1,1,1785488078
2026-07-31T09:20:21Z,1094,11,9,8,0,0,1,1,1,1785489595
2026-07-31T09:20:21Z,1095,9,8,6,0,0,1,1,1,1785488024
2026-07-31T09:20:21Z,1096,3,1,15,1,0,1,1,1,1785489501
2026-07-31T09:20:21Z,1097,9,9,6,0,0,1,1,1,1785489501
2026-07-31T09:20:21Z,1098,9,7,10,0,0,1,1,1,1785488237
2026-07-31T09:20:21Z,1099,7,6,8,0,0,1,1,1,1785488971
2026-07-31T09:20:21Z,1100,6,2,23,0,0,1,1,1,1785487894
2026-07-31T09:20:21Z,1101,10,5,11,0,0,1,1,1,1785488861
2026-07-31T09:20:21Z,1102,9,4,4,0,0,1,1,1,1785488156
2026-07-31T09:20:21Z,1103,10,5,11,0,0,1,1,1,1785487895
2026-07-31T09:20:21Z,1104,10,5,11,0,0,1,1,1,1785488618
2026-07-31T09:20:21Z,1105,7,3,6,0,0,1,1,1,1785488043
2026-07-31T09:20:21Z,1106,13,7,8,0,0,1,1,1,1785488956
2026-07-31T09:20:21Z,1107,9,5,6,0,0,1,1,1,1785489254
2026-07-31T09:20:21Z,1108,6,3,18,3,0,1,1,1,1785487918
2026-07-31T09:20:21Z,1109,6,1,9,0,0,1,1,1,1785489210
2026-07-31T09:20:21Z,1110,12,4,9,0,0,1,1,1,1785488487
2026-07-31T09:20:21Z,1111,3,2,18,0,0,1,1,1,1785475740
2026-07-31T09:20:21Z,1112,38,0,15,0,0,1,1,1,1785489014
2026-07-31T09:20:21Z,1113,1,0,20,0,0,1,1,1,1785488448
2026-07-31T09:20:21Z,1115,17,5,3,3,0,1,1,1,1785488201
2026-07-31T09:20:21Z,1116,5,1,14,0,0,1,1,1,1785489156
2026-07-31T09:20:21Z,1117,10,3,13,0,0,1,1,1,1785489534
2026-07-31T09:20:21Z,1118,16,1,3,2,0,1,1,1,1785488966
2026-07-31T09:20:21Z,1119,13,1,4,0,0,1,1,1,1785488356
2026-07-31T09:20:21Z,1120,13,0,6,0,0,1,1,1,1785489234
2026-07-31T09:20:21Z,1121,14,2,4,3,0,1,1,1,1785488201
2026-07-31T09:20:21Z,1122,17,9,1,3,0,1,1,1,1785489442
2026-07-31T09:20:21Z,1123,6,3,15,2,0,1,1,1,1785488795
2026-07-31T09:20:21Z,1124,8,0,2,5,0,1,1,1,1785488967
2026-07-31T09:20:21Z,1125,15,1,8,0,0,1,1,1,1785489432
2026-07-31T09:20:21Z,1126,4,0,16,1,0,1,1,1,1785488678
2026-07-31T09:20:21Z,1127,6,1,12,1,0,1,1,1,1785489477
2026-07-31T09:20:21Z,1128,14,2,0,1,0,1,1,1,1785489160
2026-07-31T09:20:21Z,1129,3,2,17,1,0,1,1,1,1785488885
2026-07-31T09:20:21Z,1130,6,0,9,0,0,1,1,1,1785488949
2026-07-31T09:20:21Z,1131,0,0,48,1,0,1,1,1,1785488200
2026-07-31T09:20:21Z,1132,13,6,7,1,0,1,1,1,1785488966
2026-07-31T09:20:21Z,1133,15,12,5,1,0,1,1,1,1785489023
2026-07-31T09:20:21Z,1134,11,7,8,0,0,1,1,1,1785488201
2026-07-31T09:20:21Z,1135,10,5,11,0,0,1,1,1,1785488755
2026-07-31T09:20:21Z,1136,6,0,17,0,0,1,1,1,1785489326
2026-07-31T09:20:21Z,1137,13,0,2,0,0,1,1,1,1785489078
2026-07-31T09:20:21Z,1138,15,2,4,0,0,1,1,1,1785489118
2026-07-31T09:20:21Z,1139,19,5,1,1,0,1,1,1,1785488201
2026-07-31T09:20:21Z,1140,22,3,0,1,0,1,1,1,1785488859
2026-07-31T09:20:21Z,1141,1,1,20,0,0,1,1,1,1785488888
2026-07-31T09:20:21Z,1142,2,0,19,0,0,1,1,1,1785488201
2026-07-31T09:20:21Z,1143,22,0,6,1,0,1,1,1,1785488699
2026-07-31T09:20:21Z,1144,7,1,13,1,0,1,1,1,1785489399
2026-07-31T09:20:21Z,1145,12,6,8,1,0,1,1,1,1785489533
2026-07-31T09:20:21Z,1146,10,0,5,4,0,1,1,1,1785488698
2026-07-31T09:20:21Z,1147,3,0,16,0,0,1,1,1,1785489082
2026-07-31T09:20:21Z,1148,25,6,6,0,0,1,1,1,1785488596
2026-07-31T09:20:21Z,1149,4,4,21,0,0,1,1,1,1785488801
2026-07-31T09:20:21Z,1150,18,1,1,0,0,1,1,1,1785488941
2026-07-31T09:20:21Z,1151,12,0,9,0,0,1,1,1,1785488201
2026-07-31T09:20:21Z,1152,17,1,12,0,0,1,1,1,1785489181
2026-07-31T09:20:21Z,1153,22,6,0,1,0,1,1,1,1785488201
2026-07-31T09:20:21Z,1154,13,1,6,0,0,1,1,1,1785488590
2026-07-31T09:20:21Z,1155,16,6,4,1,0,1,1,1,1785489146
2026-07-31T09:20:21Z,1158,3,0,15,1,0,1,1,1,1785489046
2026-07-31T09:20:21Z,1159,13,1,6,0,0,1,1,1,1785489401
2026-07-31T09:20:21Z,1160,9,1,9,1,0,1,1,1,1785488092
2026-07-31T09:20:21Z,1161,3,0,15,1,0,1,1,1,1785489535
2026-07-31T09:20:21Z,1162,2,1,17,0,0,1,1,1,1785488201
2026-07-31T09:20:21Z,1163,1,1,17,1,0,1,1,1,1785489161
2026-07-31T09:20:21Z,1164,6,1,13,0,0,1,1,1,1785489222
2026-07-31T09:20:21Z,1165,5,0,16,0,0,1,1,1,1785488201
2026-07-31T09:20:21Z,1166,12,3,8,1,0,1,1,1,1785489466
2026-07-31T09:20:21Z,1167,4,0,11,0,0,1,1,1,1785488932
2026-07-31T09:20:21Z,1168,2,1,20,1,0,1,1,1,1785489415
2026-07-31T09:20:21Z,1169,3,0,15,1,0,1,1,1,1785489069
2026-07-31T09:20:21Z,1170,6,0,14,1,0,1,1,1,1785489438
2026-07-31T09:20:21Z,1171,8,7,14,1,0,1,1,1,1785489108
2026-07-31T09:20:21Z,1172,7,2,6,2,0,1,1,1,1785489316
2026-07-31T09:20:21Z,1173,13,5,6,0,0,1,1,1,1785489316
2026-07-31T09:20:21Z,1174,7,3,8,0,0,1,1,1,1785489001
2026-07-31T09:20:21Z,1175,9,5,10,0,0,1,1,1,1785488201
2026-07-31T09:20:21Z,1176,19,1,2,0,0,1,1,1,1785488521
2026-07-31T09:20:21Z,1177,2,0,19,0,0,1,1,1,1785488442
2026-07-31T09:20:21Z,1178,2,1,13,0,0,1,1,1,1785488972
2026-07-31T09:20:21Z,1181,10,0,3,2,0,1,1,1,1785489490
2026-07-31T09:20:21Z,1182,0,0,20,0,0,1,1,1,1785489557
2026-07-31T09:20:21Z,1183,1,0,42,2,0,1,1,1,1785489489
2026-07-31T09:20:21Z,1184,13,7,7,1,0,1,1,1,1785488623
2026-07-31T09:20:21Z,1185,10,5,11,0,0,1,1,1,1785488567
2026-07-31T09:20:21Z,1186,9,5,10,0,0,1,1,1,1785489584
2026-07-31T09:20:21Z,1187,12,6,8,1,0,1,1,1,1785488218
2026-07-31T09:20:21Z,1188,9,3,6,0,0,1,1,1,1785489260
2026-07-31T09:20:21Z,1189,10,5,9,0,0,1,1,1,1785489344
2026-07-31T09:20:21Z,1190,10,5,11,0,0,1,1,1,1785488737
2026-07-31T09:20:21Z,1191,10,5,5,0,0,1,1,1,1785489268
2026-07-31T09:20:21Z,1192,10,6,10,1,0,1,1,1,1785489106
2026-07-31T09:20:21Z,1193,6,4,5,2,0,1,1,1,1785488257
2026-07-31T09:20:21Z,1197,9,6,7,1,0,1,1,1,1785488234
2026-07-31T09:20:21Z,1198,14,4,5,2,0,1,1,1,1785488200
2026-07-31T09:20:21Z,1199,2,0,17,0,0,1,1,1,1785488201
2026-07-31T09:20:21Z,1200,11,5,4,0,0,1,1,1,1785489304
2026-07-31T09:20:21Z,1201,11,5,4,0,0,1,1,1,1785489281
2026-07-31T09:20:21Z,1202,12,6,3,0,0,1,1,1,1785489380
2026-07-31T09:20:21Z,1203,9,6,6,0,0,1,1,1,1785489277
2026-07-31T09:20:21Z,1204,7,3,11,1,0,1,1,1,1785489020
2026-07-31T09:20:21Z,1206,11,5,10,0,0,1,1,1,1785488236
2026-07-31T09:20:21Z,1207,8,4,6,1,0,1,1,1,1785489594
2026-07-31T09:20:21Z,1208,7,2,11,1,0,1,1,1,1785489499
2026-07-31T09:20:21Z,1216,7,0,13,1,0,1,1,1,1785488468
2026-07-31T09:20:21Z,1218,4,0,17,0,0,1,1,1,1785488861
2026-07-31T09:20:21Z,1219,6,1,8,1,0,1,1,1,1785488732
2026-07-31T09:20:21Z,1220,14,7,4,1,0,1,1,1,1785488678
2026-07-31T09:20:21Z,1221,2,2,19,0,0,1,1,1,1785488204
2026-07-31T09:20:21Z,1222,28,1,1,0,0,1,1,1,1785489112
2026-07-31T09:20:21Z,1223,23,0,6,0,0,1,1,1,1785488941
2026-07-31T09:20:21Z,1226,0,0,3,0,0,0,1,1,1781868931
2026-07-31T09:20:21Z,1227,22,1,3,0,0,1,1,1,1785489244
2026-07-31T09:20:21Z,1228,18,1,10,1,0,1,1,1,1785488385
2026-07-31T09:20:21Z,1229,35,0,10,0,0,1,1,1,1785489453
2026-07-31T09:25:21Z,1,0,0,23,0,0,1,1,1,1785485488
2026-07-31T09:25:21Z,2,23,0,1,3,0,1,1,1,1785485732
2026-07-31T09:25:21Z,3,9,0,4,1,0,1,1,1,1785485488
2026-07-31T09:25:21Z,4,1,0,20,1,0,1,1,1,1785487895
2026-07-31T09:25:21Z,5,9,3,13,1,0,1,1,1,1785484887
2026-07-31T09:25:21Z,6,6,2,9,0,0,1,1,1,1785486991
2026-07-31T09:25:21Z,7,1,1,38,0,0,1,1,1,1785487290
2026-07-31T09:25:21Z,8,0,0,43,0,0,1,1,1,1785487014
2026-07-31T09:25:21Z,9,0,0,22,1,0,1,1,1,1785487593
2026-07-31T09:25:21Z,10,3,1,18,2,0,1,1,1,1785488230
2026-07-31T09:25:21Z,11,16,6,2,1,0,1,1,1,1785489458
2026-07-31T09:25:21Z,12,0,0,23,0,0,1,1,1,1785472090
2026-07-31T09:25:21Z,13,11,0,19,0,0,1,1,1,1785488834
2026-07-31T09:25:21Z,14,1,0,41,0,1,1,1,1,1785489782
2026-07-31T09:25:21Z,15,3,0,12,0,0,1,1,1,1785488861
2026-07-31T09:25:21Z,16,8,0,16,2,1,1,1,1,1785487292
2026-07-31T09:25:21Z,17,8,0,18,1,0,1,1,1,1785488377
2026-07-31T09:25:21Z,18,7,0,9,2,0,1,1,1,1785488039
2026-07-31T09:25:21Z,19,4,0,22,1,0,1,1,1,1785486089
2026-07-31T09:25:21Z,20,32,0,3,0,0,1,1,1,1785485188
2026-07-31T09:25:21Z,21,1,0,17,1,0,1,1,1,1785484888
2026-07-31T09:25:21Z,22,19,0,45,1,0,1,1,1,1785489235
2026-07-31T09:25:21Z,23,10,5,21,0,0,1,1,1,1785487895
2026-07-31T09:25:21Z,24,0,0,9,2,0,1,1,1,1785489906
2026-07-31T09:25:21Z,25,1,1,79,0,1,1,1,1,1785489905
2026-07-31T09:25:21Z,26,0,0,27,0,0,1,1,1,1785485188
2026-07-31T09:25:21Z,28,15,3,0,0,0,1,1,1,1785486991
2026-07-31T09:25:21Z,30,1,0,27,1,0,1,1,1,1785486089
2026-07-31T09:25:21Z,31,0,0,17,2,0,1,1,1,1785489705
2026-07-31T09:25:21Z,32,24,4,3,0,0,1,1,1,1785487895
2026-07-31T09:25:21Z,34,2,0,34,1,0,1,1,1,1785482614
2026-07-31T09:25:21Z,35,2,1,44,1,0,1,1,1,1785486762
2026-07-31T09:25:21Z,36,0,0,0,0,0,0,1,1,86400
2026-07-31T09:25:21Z,37,0,0,23,0,0,1,1,1,1785487041
2026-07-31T09:25:21Z,38,2,0,21,0,0,1,1,1,1785488592
2026-07-31T09:25:21Z,39,17,4,14,7,1,1,1,1,1785489832
2026-07-31T09:25:21Z,40,13,0,7,1,0,1,1,1,1785485488
2026-07-31T09:25:21Z,41,1,0,41,1,0,1,1,1,1785488255
2026-07-31T09:25:21Z,42,31,8,0,0,0,1,1,1,1785472558
2026-07-31T09:25:21Z,43,6,0,17,0,0,1,1,1,1785485188
2026-07-31T09:25:21Z,45,1,0,27,1,0,1,1,1,1785485789
2026-07-31T09:25:21Z,46,13,2,18,0,0,1,1,1,1785485708
2026-07-31T09:25:21Z,47,13,5,1,1,0,1,1,1,1785489312
2026-07-31T09:25:21Z,48,20,0,7,0,0,1,1,1,1785487579
2026-07-31T09:25:21Z,49,5,0,15,3,0,1,1,1,1785489912
2026-07-31T09:25:21Z,50,1,1,18,0,0,1,1,1,1785488641
2026-07-31T09:25:21Z,51,68,0,9,0,0,1,1,1,1785487292
2026-07-31T09:25:21Z,52,1,0,23,3,0,1,1,1,1785489761
2026-07-31T09:25:21Z,55,1,1,22,0,0,1,1,1,1785487781
2026-07-31T09:25:21Z,56,0,0,43,0,0,1,1,1,1785487593
2026-07-31T09:25:21Z,57,0,0,27,0,0,1,1,1,1785486089
2026-07-31T09:25:21Z,58,0,0,28,0,0,1,1,1,1785476976
2026-07-31T09:25:21Z,59,1,0,24,2,0,1,1,1,1785489912
2026-07-31T09:25:21Z,61,0,0,39,0,0,1,1,1,1785488423
2026-07-31T09:25:21Z,62,0,0,48,1,0,1,1,1,1785487594
2026-07-31T09:25:21Z,63,14,0,5,0,0,1,1,1,1785486089
2026-07-31T09:25:21Z,64,9,0,6,4,0,1,1,1,1785486992
2026-07-31T09:25:21Z,65,17,7,1,1,0,1,1,1,1785487593
2026-07-31T09:25:21Z,67,17,0,22,0,0,1,1,1,1785485188
2026-07-31T09:25:21Z,68,0,0,37,0,0,1,1,1,1785488201
2026-07-31T09:25:21Z,69,15,2,0,0,0,1,1,1,1785485188
2026-07-31T09:25:21Z,71,2,0,24,1,0,1,1,1,1785487175
2026-07-31T09:25:21Z,72,14,2,15,2,0,1,1,1,1785489629
2026-07-31T09:25:21Z,73,0,0,31,0,0,1,1,1,1785488201
2026-07-31T09:25:21Z,74,13,6,6,0,0,1,1,1,1785489103
2026-07-31T09:25:21Z,75,0,0,31,1,0,1,1,1,1785487292
2026-07-31T09:25:21Z,76,18,0,0,1,0,1,1,1,1785489909
2026-07-31T09:25:21Z,77,24,1,2,1,0,1,1,1,1785488624
2026-07-31T09:25:21Z,78,9,4,13,1,0,1,1,1,1785488568
2026-07-31T09:25:21Z,79,3,2,13,1,0,1,1,1,1785489411
2026-07-31T09:25:21Z,80,18,0,2,3,0,1,1,1,1785489825
2026-07-31T09:25:21Z,81,5,0,26,0,0,1,1,1,1785486390
2026-07-31T09:25:21Z,82,12,0,11,0,0,1,1,1,1785486690
2026-07-31T09:25:21Z,83,6,1,27,1,0,1,1,1,1785489511
2026-07-31T09:25:21Z,84,27,0,0,0,0,1,1,1,1785487883
2026-07-31T09:25:21Z,85,1,1,14,0,0,1,1,1,1785486991
2026-07-31T09:25:21Z,86,25,0,1,1,0,1,1,1,1785486691
2026-07-31T09:25:21Z,87,10,0,9,0,0,1,1,1,1785488201
2026-07-31T09:25:21Z,88,0,0,42,1,0,1,1,1,1785484888
2026-07-31T09:25:21Z,89,22,0,13,0,0,1,1,1,1785487292
2026-07-31T09:25:21Z,90,7,3,9,2,0,1,1,1,1785489643
2026-07-31T09:25:21Z,91,14,0,3,0,0,1,1,1,1785485188
2026-07-31T09:25:21Z,92,10,4,6,3,0,1,1,1,1785489852
2026-07-31T09:25:21Z,93,0,0,23,0,0,1,1,1,1785486390
2026-07-31T09:25:21Z,94,2,0,16,1,0,1,1,1,1785486390
2026-07-31T09:25:21Z,95,27,2,6,1,1,1,1,1,1785489904
2026-07-31T09:25:21Z,96,29,0,1,1,0,1,1,1,1785488201
2026-07-31T09:25:21Z,97,0,0,16,1,0,1,1,1,1785489636
2026-07-31T09:25:21Z,98,19,0,15,1,0,1,1,1,1785486089
2026-07-31T09:25:21Z,99,4,2,11,0,0,1,1,1,1785486802
2026-07-31T09:25:21Z,100,1,0,26,0,0,1,1,1,1785488201
2026-07-31T09:25:21Z,101,1,0,13,1,0,1,1,1,1785485789
2026-07-31T09:25:21Z,102,0,0,23,0,0,1,1,1,1785487553
2026-07-31T09:25:21Z,103,5,0,25,0,0,1,1,1,1785489200
2026-07-31T09:25:21Z,104,0,0,25,2,0,1,1,1,1785489906
2026-07-31T09:25:21Z,105,16,1,3,0,0,1,1,1,1785486390
2026-07-31T09:25:21Z,106,0,0,21,0,0,1,1,1,1785486390
2026-07-31T09:25:21Z,107,0,0,37,0,0,1,1,1,1785485489
2026-07-31T09:25:21Z,108,15,1,20,0,0,1,1,1,1785489455
2026-07-31T09:25:21Z,109,8,0,15,0,0,1,1,1,1785488796
2026-07-31T09:25:21Z,110,14,2,9,0,0,1,1,1,1785488165
2026-07-31T09:25:21Z,111,0,0,36,0,0,1,1,1,1785479678
2026-07-31T09:25:21Z,112,5,0,9,1,0,1,1,1,1785486691
2026-07-31T09:25:21Z,113,4,0,12,3,0,1,1,1,1785489793
2026-07-31T09:25:21Z,114,6,6,23,1,1,1,1,1,1785489872
2026-07-31T09:25:21Z,115,3,1,23,2,0,1,1,1,1785479033
2026-07-31T09:25:21Z,116,3,3,23,1,0,1,1,1,1785487594
2026-07-31T09:25:21Z,118,20,9,0,3,0,1,1,1,1785488233
2026-07-31T09:25:21Z,119,32,2,2,4,0,1,1,1,1785489175
2026-07-31T09:25:21Z,120,23,1,3,1,0,1,1,1,1785488660
2026-07-31T09:25:21Z,121,7,3,11,0,1,1,1,1,1785489897
2026-07-31T09:25:21Z,122,13,0,7,1,0,1,1,1,1785487594
2026-07-31T09:25:21Z,123,8,1,39,0,0,1,1,1,1785485188
2026-07-31T09:25:21Z,124,32,1,3,0,0,1,1,1,1785486746
2026-07-31T09:25:21Z,125,7,2,16,0,0,1,1,1,1785486991
2026-07-31T09:25:21Z,126,25,2,6,0,0,1,1,1,1785489913
2026-07-31T09:25:21Z,127,8,0,25,2,0,1,1,1,1785489651
2026-07-31T09:25:21Z,128,18,1,1,0,0,1,1,1,1785488201
2026-07-31T09:25:21Z,129,17,1,0,2,0,1,1,1,1785486089
2026-07-31T09:25:21Z,130,4,0,13,0,0,1,1,1,1785488248
2026-07-31T09:25:21Z,131,7,2,2,2,0,1,1,1,1785488201
2026-07-31T09:25:21Z,132,12,5,2,0,1,1,1,1,1785486336
2026-07-31T09:25:21Z,134,5,0,13,5,0,1,1,1,1785489683
2026-07-31T09:25:21Z,135,8,4,10,1,0,1,1,1,1785488917
2026-07-31T09:25:21Z,136,7,0,8,1,7,1,1,1,1785489732
2026-07-31T09:25:21Z,137,6,1,13,0,0,1,1,1,1785486296
2026-07-31T09:25:21Z,138,35,2,2,0,0,1,1,1,1785489870
2026-07-31T09:25:21Z,139,19,5,0,0,0,1,1,1,1785485188
2026-07-31T09:25:21Z,140,18,8,3,2,0,1,1,1,1785489912
2026-07-31T09:25:21Z,141,31,1,5,0,0,1,1,1,1785485909
2026-07-31T09:25:21Z,142,22,1,1,0,0,1,1,1,1785488908
2026-07-31T09:25:21Z,143,13,3,17,1,0,1,1,1,1785487895
2026-07-31T09:25:21Z,144,23,1,4,0,0,1,1,1,1785486390
2026-07-31T09:25:21Z,146,8,1,14,1,0,1,1,1,1785486463
2026-07-31T09:25:21Z,147,10,2,7,2,0,1,1,1,1785489868
2026-07-31T09:25:21Z,148,24,0,2,0,1,1,1,1,1785489641
2026-07-31T09:25:21Z,149,17,4,9,1,0,1,1,1,1785489364
2026-07-31T09:25:21Z,150,31,7,2,2,0,1,1,1,1785489849
2026-07-31T09:25:21Z,151,22,7,1,0,0,1,1,1,1785485600
2026-07-31T09:25:21Z,152,20,1,3,4,0,1,1,1,1785489853
2026-07-31T09:25:21Z,153,12,1,13,6,0,1,1,1,1785489653
2026-07-31T09:25:21Z,154,14,3,6,3,0,1,1,1,1785489839
2026-07-31T09:25:21Z,155,13,4,0,1,0,1,1,1,1785489655
2026-07-31T09:25:21Z,156,15,1,4,0,0,1,1,1,1785489085
2026-07-31T09:25:21Z,157,15,0,10,2,0,1,1,1,1785489681
2026-07-31T09:25:21Z,158,16,2,0,0,0,1,1,1,1785488201
2026-07-31T09:25:21Z,159,5,2,14,0,0,1,1,1,1785488201
2026-07-31T09:25:21Z,160,19,1,0,0,0,1,1,1,1785487895
2026-07-31T09:25:21Z,161,16,2,6,0,0,1,1,1,1785489840
2026-07-31T09:25:21Z,162,10,0,16,1,0,1,1,1,1785488396
2026-07-31T09:25:21Z,163,30,3,1,0,0,1,1,1,1785489189
2026-07-31T09:25:21Z,164,25,7,2,0,0,1,1,1,1785486691
2026-07-31T09:25:21Z,165,22,10,8,1,0,1,1,1,1785487814
2026-07-31T09:25:21Z,166,32,8,3,4,0,1,1,1,1785489906
2026-07-31T09:25:21Z,167,21,10,0,2,0,1,1,1,1785484888
2026-07-31T09:25:21Z,168,21,0,5,1,0,1,1,1,1785489640
2026-07-31T09:25:21Z,169,1,0,21,0,1,1,1,1,1785487293
2026-07-31T09:25:21Z,170,17,4,0,2,0,1,1,1,1785488379
2026-07-31T09:25:21Z,171,10,3,1,2,0,1,1,1,1785489837
2026-07-31T09:25:21Z,173,36,0,3,0,0,1,1,1,1785486839
2026-07-31T09:25:21Z,174,22,1,2,2,0,1,1,1,1785487895
2026-07-31T09:25:21Z,175,7,0,24,0,0,1,1,1,1785487001
2026-07-31T09:25:21Z,176,2,1,12,0,1,1,1,1,1785487016
2026-07-31T09:25:21Z,177,21,1,6,0,0,1,1,1,1785489596
2026-07-31T09:25:21Z,178,2,0,10,2,1,1,1,1,1785489914
2026-07-31T09:25:21Z,179,11,1,3,1,0,1,1,1,1785486089
2026-07-31T09:25:21Z,180,27,0,3,0,0,1,1,1,1785487594
2026-07-31T09:25:21Z,181,12,1,2,1,0,1,1,1,1785489531
2026-07-31T09:25:21Z,182,15,1,2,0,0,1,1,1,1785489885
2026-07-31T09:25:21Z,183,15,0,8,0,0,1,1,1,1785489730
2026-07-31T09:25:21Z,184,0,0,22,1,0,1,1,1,1785488157
2026-07-31T09:25:21Z,185,12,1,0,2,1,1,1,1,1785484888
2026-07-31T09:25:21Z,186,4,1,15,0,0,1,1,1,1785487895
2026-07-31T09:25:21Z,187,8,0,19,1,0,1,1,1,1785484757
2026-07-31T09:25:21Z,188,12,0,7,8,0,1,1,1,1785489812
2026-07-31T09:25:21Z,189,15,4,0,0,0,1,1,1,1785487895
2026-07-31T09:25:21Z,190,4,1,19,0,0,1,1,1,1785488585
2026-07-31T09:25:21Z,191,2,1,37,0,0,1,1,1,1785486690
2026-07-31T09:25:21Z,192,12,4,16,3,0,1,1,1,1785486089
2026-07-31T09:25:21Z,193,2,0,13,0,0,1,1,1,1785488202
2026-07-31T09:25:21Z,194,17,1,9,1,0,1,1,1,1785486691
2026-07-31T09:25:21Z,195,12,1,5,2,0,1,1,1,1785487594
2026-07-31T09:25:21Z,196,24,1,0,3,0,1,1,1,1785489763
2026-07-31T09:25:21Z,197,16,3,1,1,1,1,1,1,1785489625
2026-07-31T09:25:21Z,198,21,16,2,0,0,1,1,1,1785488927
2026-07-31T09:25:21Z,199,6,5,6,3,0,1,1,1,1785489674
2026-07-31T09:25:21Z,200,15,0,10,1,0,1,1,1,1785486390
2026-07-31T09:25:21Z,201,7,3,16,0,0,1,1,1,1785488136
2026-07-31T09:25:21Z,202,0,0,27,0,0,1,1,1,1785486691
2026-07-31T09:25:21Z,203,26,3,4,1,0,1,1,1,1785487252
2026-07-31T09:25:21Z,204,31,1,3,1,0,1,1,1,1785488382
2026-07-31T09:25:21Z,205,13,1,14,0,0,1,1,1,1785488894
2026-07-31T09:25:21Z,206,1,1,13,1,0,1,1,1,1785486448
2026-07-31T09:25:21Z,207,13,0,8,0,0,1,1,1,1785489325
2026-07-31T09:25:21Z,208,2,0,27,0,0,1,1,1,1785486390
2026-07-31T09:25:21Z,209,6,0,22,3,0,1,1,1,1785489869
2026-07-31T09:25:21Z,210,23,2,4,0,0,1,1,1,1785485488
2026-07-31T09:25:21Z,211,15,6,7,1,0,1,1,1,1785487008
2026-07-31T09:25:21Z,212,25,0,9,1,0,1,1,1,1785489752
2026-07-31T09:25:21Z,213,12,1,9,2,0,1,1,1,1785489875
2026-07-31T09:25:21Z,214,29,0,14,4,0,1,1,1,1785488634
2026-07-31T09:25:21Z,215,7,2,15,1,0,1,1,1,1785489568
2026-07-31T09:25:21Z,216,9,0,9,1,0,1,1,1,1785487593
2026-07-31T09:25:21Z,217,9,0,19,1,0,1,1,1,1785489601
2026-07-31T09:25:21Z,218,20,5,17,2,0,1,1,1,1785489912
2026-07-31T09:25:21Z,219,1,1,24,1,0,1,1,1,1785489320
2026-07-31T09:25:21Z,220,24,7,17,1,1,1,1,1,1785484887
2026-07-31T09:25:21Z,221,12,8,2,1,0,1,1,1,1785489668
2026-07-31T09:25:21Z,222,16,12,2,1,0,1,1,1,1785485037
2026-07-31T09:25:21Z,223,8,3,24,3,0,1,1,1,1785489625
2026-07-31T09:25:21Z,224,7,5,14,1,0,1,1,1,1785487750
2026-07-31T09:25:21Z,225,10,0,3,6,0,1,1,1,1785487206
2026-07-31T09:25:21Z,226,30,10,1,0,0,1,1,1,1785489438
2026-07-31T09:25:21Z,227,19,13,7,0,1,1,1,1,1785485181
2026-07-31T09:25:21Z,228,1,0,17,1,0,1,1,1,1785484888
2026-07-31T09:25:21Z,230,16,9,10,0,0,1,1,1,1785486691
2026-07-31T09:25:21Z,232,13,6,3,1,0,1,1,1,1785486390
2026-07-31T09:25:21Z,233,19,0,10,2,0,1,1,1,1785487026
2026-07-31T09:25:21Z,234,8,3,6,3,2,1,1,1,1785487594
2026-07-31T09:25:21Z,236,14,3,5,0,0,1,1,1,1785486991
2026-07-31T09:25:21Z,237,21,4,1,1,0,1,1,1,1785489236
2026-07-31T09:25:21Z,239,23,18,1,3,0,1,1,1,1785486691
2026-07-31T09:25:21Z,241,19,6,4,0,0,1,1,1,1785487895
2026-07-31T09:25:21Z,242,1,1,21,1,0,1,1,1,1785487593
2026-07-31T09:25:21Z,243,12,0,18,1,0,1,1,1,1785487991
2026-07-31T09:25:21Z,244,13,1,13,1,0,1,1,1,1785488405
2026-07-31T09:25:21Z,245,4,4,19,0,0,1,1,1,1785488778
2026-07-31T09:25:21Z,246,13,0,10,0,0,1,1,1,1785487895
2026-07-31T09:25:21Z,247,12,10,10,1,0,1,1,1,1785486381
2026-07-31T09:25:21Z,248,19,4,1,3,0,1,1,1,1785488398
2026-07-31T09:25:21Z,249,2,0,17,0,0,1,1,1,1785488201
2026-07-31T09:25:21Z,250,23,5,4,0,0,1,1,1,1785487895
2026-07-31T09:25:21Z,251,22,5,2,3,0,1,1,1,1785486991
2026-07-31T09:25:21Z,253,7,4,11,1,0,1,1,1,1785488201
2026-07-31T09:25:21Z,254,26,21,16,1,0,1,1,1,1785485789
2026-07-31T09:25:21Z,255,5,0,17,0,1,1,1,1,1785489763
2026-07-31T09:25:21Z,256,10,5,11,2,0,1,1,1,1785485834
2026-07-31T09:25:21Z,257,13,5,5,1,0,1,1,1,1785489536
2026-07-31T09:25:21Z,258,1,0,18,0,0,1,1,1,1785482036
2026-07-31T09:25:21Z,259,20,3,2,0,1,1,1,1,1785487540
2026-07-31T09:25:21Z,260,14,4,2,3,0,1,1,1,1785486424
2026-07-31T09:25:21Z,261,15,0,2,1,1,1,1,1,1785489370
2026-07-31T09:25:21Z,262,20,11,3,0,0,1,1,1,1785488699
2026-07-31T09:25:21Z,263,13,3,2,0,0,1,1,1,1785489158
2026-07-31T09:25:21Z,264,18,6,0,1,0,1,1,1,1785488201
2026-07-31T09:25:21Z,265,15,1,0,0,0,1,1,1,1785488201
2026-07-31T09:25:21Z,266,16,7,0,3,0,1,1,1,1785488864
2026-07-31T09:25:21Z,267,7,3,6,2,0,1,1,1,1785484888
2026-07-31T09:25:21Z,268,23,9,0,0,0,1,1,1,1785484887
2026-07-31T09:25:21Z,269,9,3,13,1,0,1,1,1,1785484888
2026-07-31T09:25:21Z,270,25,3,2,0,0,1,1,1,1785485188
2026-07-31T09:25:21Z,271,0,0,17,2,0,1,1,1,1785486991
2026-07-31T09:25:21Z,272,13,13,9,1,0,1,1,1,1785486390
2026-07-31T09:25:21Z,273,14,5,1,0,0,1,1,1,1785484888
2026-07-31T09:25:21Z,274,18,8,0,1,0,1,1,1,1785487594
2026-07-31T09:25:21Z,275,13,0,6,2,2,1,1,1,1785489813
2026-07-31T09:25:21Z,276,1,0,26,0,0,1,1,1,1785486991
2026-07-31T09:25:21Z,277,12,1,6,5,0,1,1,1,1785488201
2026-07-31T09:25:21Z,278,23,2,5,2,1,1,1,1,1785487967
2026-07-31T09:25:21Z,279,17,0,2,0,0,1,1,1,1785487347
2026-07-31T09:25:21Z,280,10,1,19,2,0,1,1,1,1785489757
2026-07-31T09:25:21Z,281,19,0,0,0,0,1,1,1,1785486089
2026-07-31T09:25:21Z,282,5,2,13,0,0,1,1,1,1785484887
2026-07-31T09:25:21Z,283,34,1,1,0,0,1,1,1,1785486992
2026-07-31T09:25:21Z,284,18,4,15,2,0,1,1,1,1785488133
2026-07-31T09:25:21Z,285,8,7,15,0,0,1,1,1,1785485188
2026-07-31T09:25:21Z,286,16,15,2,5,0,1,1,1,1785488250
2026-07-31T09:25:21Z,287,13,4,7,3,0,1,1,1,1785484887
2026-07-31T09:25:21Z,288,14,10,5,0,0,1,1,1,1785486991
2026-07-31T09:25:21Z,289,24,3,0,3,0,1,1,1,1785488202
2026-07-31T09:25:21Z,290,7,0,31,1,0,1,1,1,1785486991
2026-07-31T09:25:21Z,291,9,2,12,2,0,1,1,1,1785488389
2026-07-31T09:25:21Z,292,22,0,1,0,0,1,1,1,1785485789
2026-07-31T09:25:21Z,293,17,10,6,0,0,1,1,1,1785486991
2026-07-31T09:25:21Z,294,0,0,21,1,0,1,1,1,1785486991
2026-07-31T09:25:21Z,297,11,1,5,2,1,1,1,1,1785488298
2026-07-31T09:25:21Z,301,17,1,2,0,0,1,1,1,1785486691
2026-07-31T09:25:21Z,302,0,0,23,0,0,1,1,1,1785486991
2026-07-31T09:25:21Z,303,19,0,0,0,0,1,1,1,1785485188
2026-07-31T09:25:21Z,304,0,0,0,0,0,0,1,1,86400
2026-07-31T09:25:21Z,305,19,0,0,0,0,1,1,1,1785485188
2026-07-31T09:25:21Z,306,2,0,29,1,0,1,1,1,1785485188
2026-07-31T09:25:21Z,307,17,1,4,1,1,1,1,1,1785489879
2026-07-31T09:25:21Z,308,14,0,3,2,0,1,1,1,1785485188
2026-07-31T09:25:21Z,309,13,3,0,1,0,1,1,1,1785488427
2026-07-31T09:25:21Z,311,15,0,0,0,0,1,1,1,1785486992
2026-07-31T09:25:21Z,312,6,3,12,4,1,1,1,1,1785489887
2026-07-31T09:25:21Z,313,3,1,12,0,0,1,1,1,1785486991
2026-07-31T09:25:21Z,314,4,3,11,3,0,1,1,1,1785486991
2026-07-31T09:25:21Z,315,23,6,6,2,0,1,1,1,1785488865
2026-07-31T09:25:21Z,316,4,1,20,6,1,1,1,1,1785489757
2026-07-31T09:25:21Z,317,0,0,30,0,1,1,1,1,1785489732
2026-07-31T09:25:21Z,318,16,0,3,0,0,1,1,1,1785486991
2026-07-31T09:25:21Z,319,17,3,5,1,0,1,1,1,1785489161
2026-07-31T09:25:21Z,320,18,5,0,1,0,1,1,1,1785487292
2026-07-31T09:25:21Z,321,8,1,7,4,0,1,1,1,1785489678
2026-07-31T09:25:21Z,322,4,1,24,1,0,1,1,1,1785489880
2026-07-31T09:25:21Z,323,8,0,11,0,0,1,1,1,1785487292
2026-07-31T09:25:21Z,324,7,2,19,1,0,1,1,1,1785489914
2026-07-31T09:25:21Z,325,4,3,21,2,0,1,1,1,1785489487
2026-07-31T09:25:21Z,327,26,0,0,1,0,1,1,1,1785489831
2026-07-31T09:25:21Z,328,20,0,1,1,0,1,1,1,1785484794
2026-07-31T09:25:21Z,329,17,0,0,2,0,1,1,1,1785487643
2026-07-31T09:25:21Z,330,3,0,19,0,0,1,1,1,1785485188
2026-07-31T09:25:21Z,331,12,3,10,1,0,1,1,1,1785487675
2026-07-31T09:25:21Z,332,10,3,7,2,0,1,1,1,1785487292
2026-07-31T09:25:21Z,333,2,1,20,1,0,1,1,1,1785487896
2026-07-31T09:25:21Z,334,11,8,12,0,0,1,1,1,1785487804
2026-07-31T09:25:21Z,335,3,2,18,1,1,1,1,1,1785487292
2026-07-31T09:25:21Z,336,18,2,1,0,0,1,1,1,1785487293
2026-07-31T09:25:21Z,337,17,3,1,5,0,1,1,1,1785489745
2026-07-31T09:25:21Z,338,17,8,2,0,0,1,1,1,1785487389
2026-07-31T09:25:21Z,339,20,10,2,1,0,1,1,1,1785488718
2026-07-31T09:25:21Z,340,13,11,1,1,0,1,1,1,1785487293
2026-07-31T09:25:21Z,341,11,4,8,0,0,1,1,1,1785487352
2026-07-31T09:25:21Z,342,13,7,0,2,0,1,1,1,1785487292
2026-07-31T09:25:21Z,343,21,1,1,1,0,1,1,1,1785487543
2026-07-31T09:25:21Z,344,23,9,0,0,0,1,1,1,1785488186
2026-07-31T09:25:21Z,345,19,3,0,0,0,1,1,1,1785487292
2026-07-31T09:25:21Z,346,9,6,14,0,0,1,1,1,1785489426
2026-07-31T09:25:21Z,347,0,0,42,2,0,1,1,1,1785489913
2026-07-31T09:25:21Z,348,21,3,0,1,1,1,1,1,1785489683
2026-07-31T09:25:21Z,349,6,1,13,0,0,1,1,1,1785487293
2026-07-31T09:25:21Z,350,24,3,1,1,1,1,1,1,1785487293
2026-07-31T09:25:21Z,351,20,3,0,3,0,1,1,1,1785489674
2026-07-31T09:25:21Z,355,23,1,0,0,0,1,1,1,1785487293
2026-07-31T09:25:21Z,356,18,2,1,0,0,1,1,1,1785487896
2026-07-31T09:25:21Z,357,13,4,6,0,0,1,1,1,1785485188
2026-07-31T09:25:21Z,358,24,4,2,1,0,1,1,1,1785487594
2026-07-31T09:25:21Z,359,22,0,5,0,0,1,1,1,1785487594
2026-07-31T09:25:21Z,360,16,4,1,2,0,1,1,1,1785487594
2026-07-31T09:25:21Z,362,17,5,0,2,0,1,1,1,1785487292
2026-07-31T09:25:21Z,363,2,0,25,0,0,1,1,1,1785489580
2026-07-31T09:25:21Z,364,19,3,0,0,0,1,1,1,1785487896
2026-07-31T09:25:21Z,365,17,5,3,3,0,1,1,1,1785488201
2026-07-31T09:25:21Z,366,14,8,2,7,0,1,1,1,1785489789
2026-07-31T09:25:21Z,367,16,9,1,2,0,1,1,1,1785487292
2026-07-31T09:25:21Z,368,20,3,1,2,0,1,1,1,1785486991
2026-07-31T09:25:21Z,370,15,8,12,0,0,1,1,1,1785487896
2026-07-31T09:25:21Z,371,4,2,14,1,0,1,1,1,1785484735
2026-07-31T09:25:21Z,372,8,2,7,0,0,1,1,1,1785487594
2026-07-31T09:25:21Z,373,24,8,3,0,0,1,1,1,1785486433
2026-07-31T09:25:21Z,374,17,7,0,2,0,1,1,1,1785489722
2026-07-31T09:25:21Z,375,20,5,4,3,0,1,1,1,1785487593
2026-07-31T09:25:21Z,376,29,3,5,5,0,1,1,1,1785489223
2026-07-31T09:25:21Z,377,25,9,2,0,0,1,1,1,1785487594
2026-07-31T09:25:21Z,378,22,5,0,1,1,1,1,1,1785489635
2026-07-31T09:25:21Z,379,14,0,13,0,0,1,1,1,1785487594
2026-07-31T09:25:21Z,380,22,7,0,1,0,1,1,1,1785489276
2026-07-31T09:25:21Z,381,14,0,9,0,0,1,1,1,1785488686
2026-07-31T09:25:21Z,383,12,0,1,2,0,1,1,1,1785487895
2026-07-31T09:25:21Z,384,26,1,0,1,0,1,1,1,1785487594
2026-07-31T09:25:21Z,385,14,2,2,2,0,1,1,1,1785487594
2026-07-31T09:25:21Z,387,21,2,2,0,0,1,1,1,1785488243
2026-07-31T09:25:21Z,388,16,3,33,0,0,1,1,1,1785485188
2026-07-31T09:25:21Z,389,9,8,6,0,0,1,1,1,1785487293
2026-07-31T09:25:21Z,390,16,0,19,0,0,1,1,1,1785489336
2026-07-31T09:25:21Z,391,4,0,10,1,0,1,1,1,1785487292
2026-07-31T09:25:21Z,392,3,3,15,1,0,1,1,1,1785489900
2026-07-31T09:25:21Z,393,3,3,5,3,0,1,1,1,1785487292
2026-07-31T09:25:21Z,394,9,6,2,2,0,1,1,1,1785487594
2026-07-31T09:25:21Z,396,7,7,32,3,0,1,1,1,1785487595
2026-07-31T09:25:21Z,397,4,4,27,0,0,1,1,1,1785488201
2026-07-31T09:25:21Z,399,13,2,2,2,0,1,1,1,1785487594
2026-07-31T09:25:21Z,400,11,6,9,3,0,1,1,1,1785489267
2026-07-31T09:25:21Z,401,9,0,22,8,0,1,1,1,1785487384
2026-07-31T09:25:21Z,403,3,0,26,2,0,1,1,1,1785489704
2026-07-31T09:25:21Z,404,2,1,20,1,0,1,1,1,1785486690
2026-07-31T09:25:21Z,406,2,0,32,1,0,1,1,1,1785486993
2026-07-31T09:25:21Z,407,16,3,17,1,0,1,1,1,1785484887
2026-07-31T09:25:21Z,408,12,2,20,1,0,1,1,1,1785480622
2026-07-31T09:25:21Z,409,0,0,20,3,0,1,1,1,1785488970
2026-07-31T09:25:21Z,413,21,5,0,2,0,1,1,1,1785488201
2026-07-31T09:25:21Z,414,13,4,1,1,0,1,1,1,1785485488
2026-07-31T09:25:21Z,417,10,6,8,1,0,1,1,1,1785489641
2026-07-31T09:25:21Z,418,1,0,13,1,0,1,1,1,1785488201
2026-07-31T09:25:21Z,419,10,0,12,1,0,1,1,1,1785487895
2026-07-31T09:25:21Z,421,1,0,18,0,0,1,1,1,1785488201
2026-07-31T09:25:21Z,422,2,2,24,1,0,1,1,1,1785487961
2026-07-31T09:25:21Z,423,6,1,17,0,0,1,1,1,1785477801
2026-07-31T09:25:21Z,424,2,1,10,3,0,1,1,1,1785489862
2026-07-31T09:25:21Z,425,20,0,1,0,1,1,1,1,1785485489
2026-07-31T09:25:21Z,426,0,0,35,2,0,1,1,1,1785483994
2026-07-31T09:25:21Z,427,14,1,0,1,0,1,1,1,1785489735
2026-07-31T09:25:21Z,428,14,1,4,1,0,1,1,1,1785488201
2026-07-31T09:25:21Z,429,1,0,20,2,0,1,1,1,1785488273
2026-07-31T09:25:21Z,430,28,0,0,3,0,1,1,1,1785485488
2026-07-31T09:25:21Z,431,15,0,17,1,0,1,1,1,1785488642
2026-07-31T09:25:21Z,432,18,0,11,2,0,1,1,1,1785488201
2026-07-31T09:25:21Z,433,19,6,3,1,0,1,1,1,1785488201
2026-07-31T09:25:21Z,437,3,1,15,1,0,1,1,1,1785487897
2026-07-31T09:25:21Z,438,17,0,1,1,0,1,1,1,1785489873
2026-07-31T09:25:21Z,439,5,0,10,0,0,1,1,1,1785488201
2026-07-31T09:25:21Z,440,13,1,0,2,0,1,1,1,1785488201
2026-07-31T09:25:21Z,441,10,2,4,1,0,1,1,1,1785485488
2026-07-31T09:25:21Z,442,17,9,1,1,0,1,1,1,1785487895
2026-07-31T09:25:21Z,443,4,2,23,0,0,1,1,1,1785485488
2026-07-31T09:25:21Z,444,2,2,21,0,0,1,1,1,1785485488
2026-07-31T09:25:21Z,445,7,2,15,1,0,1,1,1,1785489784
2026-07-31T09:25:21Z,446,1,1,21,1,0,1,1,1,1785487896
2026-07-31T09:25:21Z,447,3,0,18,1,1,1,1,1,1785485488
2026-07-31T09:25:21Z,448,9,4,5,1,0,1,1,1,1785487895
2026-07-31T09:25:21Z,452,8,6,10,1,0,1,1,1,1785487661
2026-07-31T09:25:21Z,453,5,5,9,1,0,1,1,1,1785489638
2026-07-31T09:25:21Z,454,10,0,9,0,0,1,1,1,1785489601
2026-07-31T09:25:21Z,455,0,0,39,0,0,1,1,1,1785487895
2026-07-31T09:25:21Z,456,9,0,10,1,0,1,1,1,1785489716
2026-07-31T09:25:21Z,457,25,2,0,2,0,1,1,1,1785487895
2026-07-31T09:25:21Z,458,15,6,8,0,0,1,1,1,1785487229
2026-07-31T09:25:21Z,459,15,0,0,0,0,1,1,1,1785485789
2026-07-31T09:25:21Z,460,20,2,2,1,0,1,1,1,1785487896
2026-07-31T09:25:21Z,461,5,1,14,0,0,1,1,1,1785487878
2026-07-31T09:25:21Z,462,11,0,10,0,0,1,1,1,1785489254
2026-07-31T09:25:21Z,463,13,1,6,0,0,1,1,1,1785487897
2026-07-31T09:25:21Z,464,3,1,11,0,0,1,1,1,1785485789
2026-07-31T09:25:21Z,465,0,0,14,1,0,1,1,1,1785485789
2026-07-31T09:25:21Z,466,11,3,2,2,0,1,1,1,1785485789
2026-07-31T09:25:21Z,467,5,1,13,1,0,1,1,1,1785471818
2026-07-31T09:25:21Z,468,17,1,1,1,0,1,1,1,1785485789
2026-07-31T09:25:21Z,469,2,1,21,0,0,1,1,1,1785487896
2026-07-31T09:25:21Z,470,13,1,0,2,0,1,1,1,1785489874
2026-07-31T09:25:21Z,471,22,2,5,0,0,1,1,1,1785487895
2026-07-31T09:25:21Z,472,18,6,0,1,0,1,1,1,1785489838
2026-07-31T09:25:21Z,473,19,5,0,0,0,1,1,1,1785485789
2026-07-31T09:25:21Z,474,16,0,3,0,0,1,1,1,1785488959
2026-07-31T09:25:21Z,475,3,0,15,1,0,1,1,1,1785485789
2026-07-31T09:25:21Z,477,11,8,3,1,0,1,1,1,1785486182
2026-07-31T09:25:21Z,478,6,0,24,1,0,1,1,1,1785485789
2026-07-31T09:25:21Z,479,1,1,25,1,0,1,1,1,1785489149
2026-07-31T09:25:21Z,480,2,0,10,3,0,1,1,1,1785485789
2026-07-31T09:25:21Z,481,27,1,7,1,0,1,1,1,1785489602
2026-07-31T09:25:21Z,482,18,6,1,0,0,1,1,1,1785487895
2026-07-31T09:25:21Z,483,2,0,23,2,0,1,1,1,1785489818
2026-07-31T09:25:21Z,484,8,2,10,1,0,1,1,1,1785489790
2026-07-31T09:25:21Z,485,16,6,1,1,1,1,1,1,1785489889
2026-07-31T09:25:21Z,486,25,6,0,2,0,1,1,1,1785489874
2026-07-31T09:25:21Z,487,8,5,10,1,0,1,1,1,1785489459
2026-07-31T09:25:21Z,489,12,6,3,0,0,1,1,1,1785488501
2026-07-31T09:25:21Z,490,3,1,13,0,0,1,1,1,1785489499
2026-07-31T09:25:21Z,491,4,1,17,0,0,1,1,1,1785486090
2026-07-31T09:25:21Z,492,5,3,2,4,0,1,1,1,1785489911
2026-07-31T09:25:21Z,493,0,0,26,1,0,1,1,1,1785487895
2026-07-31T09:25:21Z,495,9,0,3,3,0,1,1,1,1785489700
2026-07-31T09:25:21Z,496,27,1,0,0,0,1,1,1,1785486089
2026-07-31T09:25:21Z,497,17,0,1,1,0,1,1,1,1785488201
2026-07-31T09:25:21Z,498,22,3,0,1,0,1,1,1,1785486119
2026-07-31T09:25:21Z,499,17,1,1,1,0,1,1,1,1785487896
2026-07-31T09:25:21Z,500,8,4,1,6,0,1,1,1,1785487895
2026-07-31T09:25:21Z,501,10,4,11,0,0,1,1,1,1785487896
2026-07-31T09:25:21Z,502,6,0,13,0,0,1,1,1,1785486089
2026-07-31T09:25:21Z,503,26,0,4,1,0,1,1,1,1785487895
2026-07-31T09:25:21Z,504,0,0,39,0,0,1,1,1,1785486562
2026-07-31T09:25:21Z,505,10,1,1,1,0,1,1,1,1785487586
2026-07-31T09:25:21Z,511,2,1,21,0,0,1,1,1,1785486354
2026-07-31T09:25:21Z,512,7,0,20,0,0,1,1,1,1785487895
2026-07-31T09:25:21Z,514,10,0,0,1,0,1,1,1,1785486089
2026-07-31T09:25:21Z,515,2,0,17,0,0,1,1,1,1785487895
2026-07-31T09:25:21Z,516,0,0,27,0,0,1,1,1,1785484039
2026-07-31T09:25:21Z,517,14,3,8,1,0,1,1,1,1785486090
2026-07-31T09:25:21Z,518,14,1,0,1,0,1,1,1,1785486390
2026-07-31T09:25:21Z,519,4,0,13,2,0,1,1,1,1785489254
2026-07-31T09:25:21Z,520,11,7,10,5,1,1,1,1,1785489910
2026-07-31T09:25:21Z,521,18,5,5,0,0,1,1,1,1785487895
2026-07-31T09:25:21Z,522,0,0,22,1,0,1,1,1,1785486390
2026-07-31T09:25:21Z,523,6,3,16,1,0,1,1,1,1785489661
2026-07-31T09:25:21Z,524,1,0,22,0,0,1,1,1,1785489530
2026-07-31T09:25:21Z,525,10,0,9,0,0,1,1,1,1785489376
2026-07-31T09:25:21Z,526,13,1,0,2,0,1,1,1,1785486390
2026-07-31T09:25:21Z,527,4,2,19,3,0,1,1,1,1785489749
2026-07-31T09:25:21Z,528,21,2,1,1,0,1,1,1,1785486390
2026-07-31T09:25:21Z,529,6,3,7,6,0,1,1,1,1785489910
2026-07-31T09:25:21Z,530,16,1,3,2,0,1,1,1,1785488201
2026-07-31T09:25:21Z,531,20,1,1,1,1,1,1,1,1785489450
2026-07-31T09:25:21Z,532,3,3,27,1,0,1,1,1,1785488341
2026-07-31T09:25:21Z,533,8,1,9,2,0,1,1,1,1785486390
2026-07-31T09:25:21Z,534,16,2,7,0,0,1,1,1,1785488202
2026-07-31T09:25:21Z,535,2,0,13,0,0,1,1,1,1785486390
2026-07-31T09:25:21Z,536,1,0,22,0,0,1,1,1,1785488201
2026-07-31T09:25:21Z,537,1,1,19,0,0,1,1,1,1785488280
2026-07-31T09:25:21Z,538,21,8,0,0,2,1,1,1,1785489675
2026-07-31T09:25:21Z,539,5,5,26,0,0,1,1,1,1785488201
2026-07-31T09:25:21Z,540,2,1,17,0,0,1,1,1,1785486391
2026-07-31T09:25:21Z,541,26,2,0,1,0,1,1,1,1785486390
2026-07-31T09:25:21Z,542,2,2,21,0,0,1,1,1,1785486390
2026-07-31T09:25:21Z,543,17,2,1,1,0,1,1,1,1785488201
2026-07-31T09:25:21Z,544,14,1,4,4,0,1,1,1,1785486390
2026-07-31T09:25:21Z,545,0,0,17,2,0,1,1,1,1785486390
2026-07-31T09:25:21Z,546,16,8,3,0,0,1,1,1,1785489048
2026-07-31T09:25:21Z,547,19,0,6,0,0,1,1,1,1785488201
2026-07-31T09:25:21Z,548,14,1,9,0,0,1,1,1,1785486390
2026-07-31T09:25:21Z,549,20,0,3,0,0,1,1,1,1785486390
2026-07-31T09:25:21Z,550,18,2,1,0,0,1,1,1,1785489656
2026-07-31T09:25:21Z,551,16,4,7,0,0,1,1,1,1785486390
2026-07-31T09:25:21Z,552,27,3,0,0,0,1,1,1,1785486390
2026-07-31T09:25:21Z,553,20,4,1,1,1,1,1,1,1785489600
2026-07-31T09:25:21Z,554,1,1,18,0,0,1,1,1,1785486691
2026-07-31T09:25:21Z,555,14,6,0,1,0,1,1,1,1785489910
2026-07-31T09:25:21Z,556,21,4,0,2,0,1,1,1,1785489728
2026-07-31T09:25:21Z,557,6,4,12,5,0,1,1,1,1785488202
2026-07-31T09:25:21Z,558,27,4,10,0,0,1,1,1,1785488201
2026-07-31T09:25:21Z,559,1,0,17,1,0,1,1,1,1785489501
2026-07-31T09:25:21Z,560,9,0,18,0,0,1,1,1,1785488201
2026-07-31T09:25:21Z,561,13,1,9,1,0,1,1,1,1785486390
2026-07-31T09:25:21Z,562,3,0,29,3,0,1,1,1,1785486691
2026-07-31T09:25:21Z,563,10,1,4,0,0,1,1,1,1785489327
2026-07-31T09:25:21Z,564,12,0,6,1,0,1,1,1,1785488201
2026-07-31T09:25:21Z,565,7,2,12,0,0,1,1,1,1785488201
2026-07-31T09:25:21Z,566,16,0,2,1,0,1,1,1,1785489866
2026-07-31T09:25:21Z,567,25,1,1,1,0,1,1,1,1785485492
2026-07-31T09:25:21Z,568,13,0,5,1,0,1,1,1,1785486691
2026-07-31T09:25:21Z,569,17,3,2,0,0,1,1,1,1785486691
2026-07-31T09:25:21Z,570,13,1,6,0,0,1,1,1,1785486691
2026-07-31T09:25:21Z,571,0,0,23,0,0,1,1,1,1785486691
2026-07-31T09:25:21Z,572,16,5,2,1,0,1,1,1,1785488201
2026-07-31T09:25:21Z,573,13,0,2,0,0,1,1,1,1785486691
2026-07-31T09:25:21Z,574,10,3,5,0,0,1,1,1,1785489676
2026-07-31T09:25:21Z,575,6,0,14,1,0,1,1,1,1785489599
2026-07-31T09:25:21Z,576,3,0,14,2,0,1,1,1,1785488201
2026-07-31T09:25:21Z,577,13,0,18,0,0,1,1,1,1785488201
2026-07-31T09:25:21Z,578,15,10,7,1,0,1,1,1,1785486996
2026-07-31T09:25:21Z,579,4,0,39,0,0,1,1,1,1785486691
2026-07-31T09:25:21Z,580,4,0,25,0,0,1,1,1,1785486691
2026-07-31T09:25:21Z,581,18,2,1,0,0,1,1,1,1785487551
2026-07-31T09:25:21Z,582,22,0,38,1,0,1,1,1,1785489876
2026-07-31T09:25:21Z,583,23,1,0,0,0,1,1,1,1785486691
2026-07-31T09:25:21Z,584,9,4,6,4,0,1,1,1,1785486691
2026-07-31T09:25:21Z,585,16,3,10,0,1,1,1,1,1785488201
2026-07-31T09:25:21Z,586,13,0,22,0,0,1,1,1,1785488201
2026-07-31T09:25:21Z,587,20,0,3,1,0,1,1,1,1785489118
2026-07-31T09:25:21Z,588,12,4,4,3,0,1,1,1,1785489770
2026-07-31T09:25:21Z,589,0,0,0,23,0,1,1,1,1785489914
2026-07-31T09:25:21Z,590,19,4,11,1,0,1,1,1,1785488201
2026-07-31T09:25:21Z,591,28,1,0,2,0,1,1,1,1785486691
2026-07-31T09:25:21Z,592,12,0,11,0,0,1,1,1,1785488952
2026-07-31T09:25:21Z,593,0,0,38,0,0,1,1,1,1785488201
2026-07-31T09:25:21Z,594,6,0,12,3,0,1,1,1,1785489833
2026-07-31T09:25:21Z,595,0,0,3,0,0,0,1,1,1784046673
2026-07-31T09:25:21Z,605,0,0,2,1,0,0,1,1,1783975843
2026-07-31T09:25:21Z,606,0,0,0,0,0,0,1,1,86400
2026-07-31T09:25:21Z,607,9,1,22,1,0,1,1,1,1785488201
2026-07-31T09:25:21Z,608,1,0,49,0,0,1,1,1,1785486736
2026-07-31T09:25:21Z,609,2,0,21,0,0,1,1,1,1785488201
2026-07-31T09:25:21Z,610,0,0,35,0,0,1,1,1,1785488201
2026-07-31T09:25:21Z,611,12,0,14,1,0,1,1,1,1785488201
2026-07-31T09:25:21Z,612,6,1,9,0,0,1,1,1,1785486691
2026-07-31T09:25:21Z,613,9,0,2,4,0,1,1,1,1785489318
2026-07-31T09:25:21Z,614,1,1,23,2,1,1,1,1,1785488202
2026-07-31T09:25:21Z,617,11,0,2,2,0,1,1,1,1785489767
2026-07-31T09:25:21Z,618,13,2,1,5,0,1,1,1,1785486690
2026-07-31T09:25:21Z,619,7,2,12,0,0,1,1,1,1785488201
2026-07-31T09:25:21Z,620,0,0,27,0,0,1,1,1,1785488201
2026-07-31T09:25:21Z,621,7,2,15,1,0,1,1,1,1785488201
2026-07-31T09:25:21Z,622,5,2,17,1,0,1,1,1,1785488201
2026-07-31T09:25:21Z,623,9,2,20,1,0,1,1,1,1785488201
2026-07-31T09:25:21Z,624,2,0,13,0,0,1,1,1,1785486691
2026-07-31T09:25:21Z,625,5,0,14,2,0,1,1,1,1785488201
2026-07-31T09:25:21Z,626,0,0,45,0,2,1,1,1,1785469585
2026-07-31T09:25:21Z,627,13,6,6,0,0,1,1,1,1785488201
2026-07-31T09:25:21Z,628,0,0,15,2,2,1,1,1,1785489689
2026-07-31T09:25:21Z,629,4,1,6,1,0,1,1,1,1785489752
2026-07-31T09:25:21Z,630,3,2,21,3,0,1,1,1,1785489883
2026-07-31T09:25:21Z,631,2,1,21,0,0,1,1,1,1785488201
2026-07-31T09:25:21Z,632,21,1,0,2,0,1,1,1,1785489788
2026-07-31T09:25:21Z,633,11,1,0,4,0,1,1,1,1785489693
2026-07-31T09:25:21Z,634,11,2,8,0,0,1,1,1,1785486991
2026-07-31T09:25:21Z,635,17,1,2,0,0,1,1,1,1785488201
2026-07-31T09:25:21Z,636,10,2,5,0,0,1,1,1,1785488201
2026-07-31T09:25:21Z,637,8,0,11,0,0,1,1,1,1785488201
2026-07-31T09:25:21Z,638,9,2,8,2,0,1,1,1,1785489804
2026-07-31T09:25:21Z,639,5,1,11,3,0,1,1,1,1785479066
2026-07-31T09:25:21Z,640,1,1,21,1,0,1,1,1,1785489883
2026-07-31T09:25:21Z,641,21,1,3,2,0,1,1,1,1785487278
2026-07-31T09:25:21Z,642,4,2,7,8,0,1,1,1,1785489911
2026-07-31T09:25:21Z,643,2,0,17,8,0,1,1,1,1785489911
2026-07-31T09:25:21Z,644,12,0,2,1,0,1,1,1,1785486991
2026-07-31T09:25:21Z,645,11,0,10,1,1,1,1,1,1785488495
2026-07-31T09:25:21Z,646,7,2,12,0,0,1,1,1,1785489763
2026-07-31T09:25:21Z,647,31,1,0,0,0,1,1,1,1785488201
2026-07-31T09:25:21Z,648,6,0,12,1,0,1,1,1,1785488201
2026-07-31T09:25:21Z,649,19,2,11,1,0,1,1,1,1785488237
2026-07-31T09:25:21Z,650,5,1,9,0,0,1,1,1,1785488201
2026-07-31T09:25:21Z,651,11,9,12,0,0,1,1,1,1785482207
2026-07-31T09:25:21Z,652,4,2,17,2,0,1,1,1,1785489872
2026-07-31T09:25:21Z,653,8,1,9,2,0,1,1,1,1785488201
2026-07-31T09:25:21Z,654,2,2,13,0,0,1,1,1,1785488202
2026-07-31T09:25:21Z,655,6,3,2,4,1,1,1,1,1785489827
2026-07-31T09:25:21Z,656,19,7,0,0,0,1,1,1,1785489841
2026-07-31T09:25:21Z,657,9,1,3,2,3,1,1,1,1785489814
2026-07-31T09:25:21Z,658,9,1,1,0,0,1,1,1,1785473427
2026-07-31T09:25:21Z,659,8,3,5,2,0,1,1,1,1785488201
2026-07-31T09:25:21Z,660,13,0,14,4,0,1,1,1,1785489790
2026-07-31T09:25:21Z,661,1,1,18,0,0,1,1,1,1785488202
2026-07-31T09:25:21Z,662,7,5,14,2,0,1,1,1,1785480458
2026-07-31T09:25:21Z,663,14,6,0,1,0,1,1,1,1785488201
2026-07-31T09:25:21Z,664,0,0,27,0,0,1,1,1,1785472715
2026-07-31T09:25:21Z,665,12,3,3,0,0,1,1,1,1785488202
2026-07-31T09:25:21Z,666,7,2,6,2,0,1,1,1,1785488201
2026-07-31T09:25:21Z,667,0,0,19,0,0,1,1,1,1785486991
2026-07-31T09:25:21Z,668,10,1,8,1,0,1,1,1,1785488201
2026-07-31T09:25:21Z,669,14,5,0,0,0,1,1,1,1785488201
2026-07-31T09:25:21Z,670,11,2,16,0,0,1,1,1,1785486992
2026-07-31T09:25:21Z,671,24,5,2,1,0,1,1,1,1785489576
2026-07-31T09:25:21Z,672,13,2,6,3,1,1,1,1,1785486991
2026-07-31T09:25:21Z,673,11,0,10,2,0,1,1,1,1785489742
2026-07-31T09:25:21Z,674,3,2,17,3,0,1,1,1,1785489678
2026-07-31T09:25:21Z,675,12,6,1,2,0,1,1,1,1785489683
2026-07-31T09:25:21Z,676,6,1,15,1,0,1,1,1,1785488643
2026-07-31T09:25:21Z,681,12,3,1,2,0,1,1,1,1785489270
2026-07-31T09:25:21Z,682,4,1,14,1,0,1,1,1,1785486991
2026-07-31T09:25:21Z,683,4,1,15,0,0,1,1,1,1785488334
2026-07-31T09:25:21Z,684,3,0,24,0,0,1,1,1,1785487883
2026-07-31T09:25:21Z,685,10,0,15,1,1,1,1,1,1785488201
2026-07-31T09:25:21Z,686,11,0,14,1,1,1,1,1,1785488095
2026-07-31T09:25:21Z,687,11,0,18,1,1,1,1,1,1785489872
2026-07-31T09:25:21Z,688,10,0,2,7,0,1,1,1,1785489626
2026-07-31T09:25:21Z,692,4,1,17,0,0,1,1,1,1785489419
2026-07-31T09:25:21Z,693,5,0,3,3,0,1,1,1,1785488989
2026-07-31T09:25:21Z,694,9,5,12,0,0,1,1,1,1785488738
2026-07-31T09:25:21Z,695,17,11,6,0,0,1,1,1,1785488876
2026-07-31T09:25:21Z,696,19,14,3,1,0,1,1,1,1785488796
2026-07-31T09:25:21Z,697,21,2,2,0,0,1,1,1,1785489823
2026-07-31T09:25:21Z,698,27,1,0,0,0,1,1,1,1785489751
2026-07-31T09:25:21Z,699,7,0,7,1,0,1,1,1,1785489288
2026-07-31T09:25:21Z,700,19,4,0,0,0,1,1,1,1785489415
2026-07-31T09:25:21Z,701,17,6,2,0,0,1,1,1,1785488846
2026-07-31T09:25:21Z,702,18,0,4,1,0,1,1,1,1785489871
2026-07-31T09:25:21Z,704,9,2,6,0,0,1,1,1,1785488247
2026-07-31T09:25:21Z,705,5,3,9,1,0,1,1,1,1785489527
2026-07-31T09:25:21Z,706,12,2,0,3,0,1,1,1,1785488813
2026-07-31T09:25:21Z,707,10,2,5,0,0,1,1,1,1785489452
2026-07-31T09:25:21Z,708,18,2,0,1,0,1,1,1,1785489657
2026-07-31T09:25:21Z,709,11,1,1,3,0,1,1,1,1785489473
2026-07-31T09:25:21Z,710,16,3,2,1,0,1,1,1,1785488887
2026-07-31T09:25:21Z,711,19,4,0,4,0,1,1,1,1785488952
2026-07-31T09:25:21Z,712,15,10,0,0,0,1,1,1,1785488829
2026-07-31T09:25:21Z,713,6,0,17,0,0,1,1,1,1785488200
2026-07-31T09:25:21Z,716,3,1,12,0,0,1,1,1,1785489172
2026-07-31T09:25:21Z,717,3,1,19,3,0,1,1,1,1785489249
2026-07-31T09:25:21Z,718,3,1,11,1,0,1,1,1,1785488999
2026-07-31T09:25:21Z,719,7,1,22,0,0,1,1,1,1785488407
2026-07-31T09:25:21Z,720,2,1,17,0,0,1,1,1,1785489464
2026-07-31T09:25:21Z,721,0,0,21,2,0,1,1,1,1785488444
2026-07-31T09:25:21Z,722,5,0,10,0,0,1,1,1,1785489217
2026-07-31T09:25:21Z,723,12,1,11,0,0,1,1,1,1785489252
2026-07-31T09:25:21Z,724,21,4,2,0,0,1,1,1,1785488592
2026-07-31T09:25:21Z,725,22,6,0,1,0,1,1,1,1785488200
2026-07-31T09:25:21Z,726,19,3,0,0,0,1,1,1,1785488366
2026-07-31T09:25:21Z,727,9,4,12,2,0,1,1,1,1785488391
2026-07-31T09:25:21Z,728,9,0,5,1,0,1,1,1,1785489766
2026-07-31T09:25:21Z,729,6,0,13,0,0,1,1,1,1785488827
2026-07-31T09:25:21Z,730,3,2,10,2,0,1,1,1,1785488547
2026-07-31T09:25:21Z,731,10,3,4,1,0,1,1,1,1785489473
2026-07-31T09:25:21Z,732,9,5,6,0,0,1,1,1,1785488697
2026-07-31T09:25:21Z,733,4,0,23,0,0,1,1,1,1785489486
2026-07-31T09:25:21Z,734,0,0,14,0,0,1,1,1,1785488659
2026-07-31T09:25:21Z,735,4,3,23,0,0,1,1,1,1785489349
2026-07-31T09:25:21Z,736,7,1,12,0,0,1,1,1,1785489902
2026-07-31T09:25:21Z,737,4,3,10,0,1,1,1,1,1785489890
2026-07-31T09:25:21Z,738,17,6,1,1,0,1,1,1,1785489829
2026-07-31T09:25:21Z,739,19,2,7,1,0,1,1,1,1785489510
2026-07-31T09:25:21Z,741,7,1,16,0,0,1,1,1,1785489794
2026-07-31T09:25:21Z,742,5,0,27,3,0,1,1,1,1785489910
2026-07-31T09:25:21Z,743,8,3,9,2,0,1,1,1,1785489664
2026-07-31T09:25:21Z,744,12,4,3,0,0,1,1,1,1785489643
2026-07-31T09:25:21Z,745,14,4,4,1,0,1,1,1,1785488362
2026-07-31T09:25:21Z,746,12,3,9,2,0,1,1,1,1785489153
2026-07-31T09:25:21Z,747,0,0,4,0,0,0,1,1,1783446606
2026-07-31T09:25:21Z,748,10,1,13,0,0,1,1,1,1785489150
2026-07-31T09:25:21Z,749,7,5,15,1,0,1,1,1,1785489065
2026-07-31T09:25:21Z,750,4,2,7,0,0,1,1,1,1785489416
2026-07-31T09:25:21Z,751,8,0,15,0,0,1,1,1,1785488585
2026-07-31T09:25:21Z,752,12,1,4,1,0,1,1,1,1785489804
2026-07-31T09:25:21Z,753,5,0,10,0,0,1,1,1,1785489757
2026-07-31T09:25:21Z,754,1,1,13,1,0,1,1,1,1785488910
2026-07-31T09:25:21Z,755,12,3,10,1,0,1,1,1,1785489031
2026-07-31T09:25:21Z,756,2,0,35,0,0,1,1,1,1785489747
2026-07-31T09:25:21Z,757,18,9,1,0,0,1,1,1,1785489143
2026-07-31T09:25:21Z,758,22,3,1,0,0,1,1,1,1785488749
2026-07-31T09:25:21Z,759,5,3,10,0,0,1,1,1,1785488477
2026-07-31T09:25:21Z,760,8,3,11,0,0,1,1,1,1785488200
2026-07-31T09:25:21Z,761,16,0,6,1,0,1,1,1,1785489597
2026-07-31T09:25:21Z,762,7,4,4,4,0,1,1,1,1785489422
2026-07-31T09:25:21Z,768,8,0,8,3,0,1,1,1,1785488586
2026-07-31T09:25:21Z,769,16,12,3,0,0,1,1,1,1785488210
2026-07-31T09:25:21Z,770,11,3,6,2,0,1,1,1,1785488146
2026-07-31T09:25:21Z,771,13,3,1,1,0,1,1,1,1785489394
2026-07-31T09:25:21Z,772,7,3,8,0,0,1,1,1,1785488205
2026-07-31T09:25:21Z,773,15,4,4,0,0,1,1,1,1785489853
2026-07-31T09:25:21Z,774,9,5,3,3,0,1,1,1,1785489799
2026-07-31T09:25:21Z,775,6,0,11,1,1,1,1,1,1785488308
2026-07-31T09:25:21Z,776,3,1,17,1,0,1,1,1,1785488365
2026-07-31T09:25:21Z,777,10,0,2,3,0,1,1,1,1785489911
2026-07-31T09:25:21Z,778,13,0,3,3,0,1,1,1,1785489866
2026-07-31T09:25:21Z,779,8,1,10,1,0,1,1,1,1785488945
2026-07-31T09:25:21Z,780,17,4,1,1,0,1,1,1,1785488567
2026-07-31T09:25:21Z,781,6,2,3,2,0,1,1,1,1785488897
2026-07-31T09:25:21Z,782,5,3,10,4,0,1,1,1,1785489680
2026-07-31T09:25:21Z,783,7,1,12,0,0,1,1,1,1785488954
2026-07-31T09:25:21Z,784,15,2,4,0,0,1,1,1,1785488562
2026-07-31T09:25:21Z,785,11,2,2,6,0,1,1,1,1785489125
2026-07-31T09:25:21Z,786,11,5,8,0,0,1,1,1,1785488769
2026-07-31T09:25:21Z,787,11,5,2,2,0,1,1,1,1785488411
2026-07-31T09:25:21Z,788,3,0,12,0,0,1,1,1,1785489445
2026-07-31T09:25:21Z,789,10,2,1,4,0,1,1,1,1785489678
2026-07-31T09:25:21Z,790,2,0,21,0,0,1,1,1,1785489359
2026-07-31T09:25:21Z,791,7,2,11,0,1,1,1,1,1785489609
2026-07-31T09:25:21Z,793,4,0,10,1,0,1,1,1,1785489819
2026-07-31T09:25:21Z,794,8,3,19,2,0,1,1,1,1785488459
2026-07-31T09:25:21Z,796,0,0,17,2,0,1,1,1,1785489613
2026-07-31T09:25:21Z,797,1,0,14,0,0,1,1,1,1785487593
2026-07-31T09:25:21Z,798,6,0,18,1,0,1,1,1,1785489446
2026-07-31T09:25:21Z,799,15,1,1,3,0,1,1,1,1785489582
2026-07-31T09:25:21Z,800,1,0,19,1,0,1,1,1,1785489208
2026-07-31T09:25:21Z,801,4,2,16,1,0,1,1,1,1785489637
2026-07-31T09:25:21Z,802,8,0,23,0,0,1,1,1,1785489739
2026-07-31T09:25:21Z,803,1,1,14,0,0,1,1,1,1785489413
2026-07-31T09:25:21Z,806,8,3,7,0,0,1,1,1,1785488200
2026-07-31T09:25:21Z,807,14,0,8,3,0,1,1,1,1785488232
2026-07-31T09:25:21Z,808,0,0,23,2,0,1,1,1,1785488225
2026-07-31T09:25:21Z,809,5,1,17,1,0,1,1,1,1785489584
2026-07-31T09:25:21Z,810,2,0,13,4,0,1,1,1,1785488201
2026-07-31T09:25:21Z,815,4,1,6,4,1,1,1,1,1785489715
2026-07-31T09:25:21Z,817,10,5,5,0,0,1,1,1,1785488927
2026-07-31T09:25:21Z,818,6,0,16,1,0,1,1,1,1785488333
2026-07-31T09:25:21Z,819,6,4,9,0,0,1,1,1,1785487291
2026-07-31T09:25:21Z,820,8,2,9,0,0,1,1,1,1785488848
2026-07-31T09:25:21Z,821,2,1,13,0,0,1,1,1,1785489777
2026-07-31T09:25:21Z,822,1,0,20,2,0,1,1,1,1785488279
2026-07-31T09:25:21Z,823,0,0,14,1,0,1,1,1,1785489244
2026-07-31T09:25:21Z,824,12,3,6,1,0,1,1,1,1785488710
2026-07-31T09:25:21Z,825,8,5,7,0,0,1,1,1,1785488201
2026-07-31T09:25:21Z,826,10,2,8,1,0,1,1,1,1785488718
2026-07-31T09:25:21Z,827,16,5,4,1,0,1,1,1,1785488215
2026-07-31T09:25:21Z,828,10,0,7,1,0,1,1,1,1785489642
2026-07-31T09:25:21Z,829,16,7,11,0,0,1,1,1,1785488956
2026-07-31T09:25:21Z,830,12,3,10,1,0,1,1,1,1785488274
2026-07-31T09:25:21Z,831,7,2,7,1,0,1,1,1,1785489217
2026-07-31T09:25:21Z,832,10,3,5,3,0,1,1,1,1785489300
2026-07-31T09:25:21Z,833,1,0,17,1,0,1,1,1,1785489056
2026-07-31T09:25:21Z,834,1,0,22,1,0,1,1,1,1785488555
2026-07-31T09:25:21Z,835,16,6,0,2,0,1,1,1,1785488785
2026-07-31T09:25:21Z,837,5,1,0,10,0,1,1,1,1785489281
2026-07-31T09:25:21Z,838,14,3,1,0,0,1,1,1,1785488442
2026-07-31T09:25:21Z,839,20,1,9,0,0,1,1,1,1785488063
2026-07-31T09:25:21Z,840,7,3,20,2,0,1,1,1,1785489560
2026-07-31T09:25:21Z,841,7,1,8,0,0,1,1,1,1785489213
2026-07-31T09:25:21Z,842,7,2,16,0,0,1,1,1,1785489004
2026-07-31T09:25:21Z,843,8,0,22,1,0,1,1,1,1785489239
2026-07-31T09:25:21Z,844,6,0,17,0,0,1,1,1,1785489202
2026-07-31T09:25:21Z,845,5,3,12,2,0,1,1,1,1785489388
2026-07-31T09:25:21Z,846,4,0,13,2,0,1,1,1,1785488523
2026-07-31T09:25:21Z,847,7,1,20,0,0,1,1,1,1785488304
2026-07-31T09:25:21Z,848,10,3,8,1,0,1,1,1,1785488215
2026-07-31T09:25:21Z,849,7,2,8,0,0,1,1,1,1785488371
2026-07-31T09:25:21Z,850,9,0,1,1,0,1,1,1,1785488617
2026-07-31T09:25:21Z,851,3,3,32,2,0,1,1,1,1785488451
2026-07-31T09:25:21Z,852,12,6,7,0,0,1,1,1,1785489104
2026-07-31T09:25:21Z,853,10,5,13,0,0,1,1,1,1785488200
2026-07-31T09:25:21Z,854,3,2,12,0,0,1,1,1,1785488415
2026-07-31T09:25:21Z,855,25,0,2,0,0,1,1,1,1785488200
2026-07-31T09:25:21Z,857,1,1,18,0,0,1,1,1,1785489302
2026-07-31T09:25:21Z,858,4,1,14,1,0,1,1,1,1785489758
2026-07-31T09:25:21Z,859,3,0,17,1,0,1,1,1,1785488202
2026-07-31T09:25:21Z,861,8,1,2,1,0,1,1,1,1785488201
2026-07-31T09:25:21Z,862,2,1,13,0,0,1,1,1,1785489241
2026-07-31T09:25:21Z,863,13,0,5,1,0,1,1,1,1785488200
2026-07-31T09:25:21Z,866,11,3,8,0,0,1,1,1,1785489540
2026-07-31T09:25:21Z,867,12,0,3,0,0,1,1,1,1785488857
2026-07-31T09:25:21Z,868,13,2,2,0,0,1,1,1,1785489062
2026-07-31T09:25:21Z,870,7,4,6,2,0,1,1,1,1785489278
2026-07-31T09:25:21Z,871,0,0,10,1,0,1,1,1,1785488661
2026-07-31T09:25:21Z,872,0,0,14,1,0,1,1,1,1785489199
2026-07-31T09:25:21Z,873,0,0,32,1,0,1,1,1,1785489175
2026-07-31T09:25:21Z,874,5,2,7,3,0,1,1,1,1785489378
2026-07-31T09:25:21Z,875,14,10,0,1,0,1,1,1,1785489343
2026-07-31T09:25:21Z,877,11,10,6,2,0,1,1,1,1785488804
2026-07-31T09:25:21Z,878,3,2,15,1,0,1,1,1,1785489385
2026-07-31T09:25:21Z,879,1,0,18,0,0,1,1,1,1785488426
2026-07-31T09:25:21Z,880,3,0,19,1,0,1,1,1,1785489345
2026-07-31T09:25:21Z,881,2,0,17,0,0,1,1,1,1785489237
2026-07-31T09:25:21Z,882,10,0,6,3,0,1,1,1,1785488200
2026-07-31T09:25:21Z,883,10,6,9,0,0,1,1,1,1785489506
2026-07-31T09:25:21Z,884,11,7,10,0,0,1,1,1,1785488794
2026-07-31T09:25:21Z,885,1,0,18,0,0,1,1,1,1785489086
2026-07-31T09:25:21Z,886,17,1,11,1,0,1,1,1,1785489875
2026-07-31T09:25:21Z,887,3,1,11,3,0,1,1,1,1785489803
2026-07-31T09:25:21Z,888,12,0,27,2,0,1,1,1,1785489819
2026-07-31T09:25:21Z,889,17,1,0,2,0,1,1,1,1785489394
2026-07-31T09:25:21Z,890,6,4,9,0,0,1,1,1,1785489632
2026-07-31T09:25:21Z,891,20,0,2,1,0,1,1,1,1785488578
2026-07-31T09:25:21Z,892,13,1,2,0,0,1,1,1,1785488200
2026-07-31T09:25:21Z,895,0,0,18,1,0,1,1,1,1785489208
2026-07-31T09:25:21Z,896,6,0,29,0,0,1,1,1,1785488200
2026-07-31T09:25:21Z,897,11,1,10,0,0,1,1,1,1785489274
2026-07-31T09:25:21Z,898,2,0,17,0,0,1,1,1,1785489005
2026-07-31T09:25:21Z,899,0,0,18,1,0,1,1,1,1785489114
2026-07-31T09:25:21Z,900,19,1,6,2,0,1,1,1,1785488441
2026-07-31T09:25:21Z,901,12,0,6,1,0,1,1,1,1785489765
2026-07-31T09:25:21Z,902,9,0,5,1,0,1,1,1,1785488945
2026-07-31T09:25:21Z,903,14,2,4,1,0,1,1,1,1785488379
2026-07-31T09:25:21Z,904,10,4,8,1,0,1,1,1,1785489393
2026-07-31T09:25:21Z,905,4,0,23,0,0,1,1,1,1785489492
2026-07-31T09:25:21Z,906,8,5,19,0,0,1,1,1,1785488423
2026-07-31T09:25:21Z,907,6,1,25,0,0,1,1,1,1785489584
2026-07-31T09:25:21Z,908,11,0,12,0,0,1,1,1,1785489379
2026-07-31T09:25:21Z,909,14,4,8,1,0,1,1,1,1785489020
2026-07-31T09:25:21Z,910,20,0,11,0,0,1,1,1,1785489298
2026-07-31T09:25:21Z,911,3,0,16,0,0,1,1,1,1785488938
2026-07-31T09:25:21Z,912,9,5,12,2,0,1,1,1,1785489864
2026-07-31T09:25:21Z,913,3,1,16,0,0,1,1,1,1785488200
2026-07-31T09:25:21Z,914,6,1,13,0,0,1,1,1,1785489740
2026-07-31T09:25:21Z,915,7,0,15,1,0,1,1,1,1785489494
2026-07-31T09:25:21Z,916,23,8,0,0,0,1,1,1,1785489536
2026-07-31T09:25:21Z,917,4,0,29,2,0,1,1,1,1785489752
2026-07-31T09:25:21Z,918,13,5,4,2,0,1,1,1,1785489306
2026-07-31T09:25:21Z,919,13,3,25,1,0,1,1,1,1785488235
2026-07-31T09:25:21Z,920,4,2,15,0,0,1,1,1,1785489734
2026-07-31T09:25:21Z,921,12,0,9,0,0,1,1,1,1785489069
2026-07-31T09:25:21Z,922,4,1,17,0,0,1,1,1,1785489871
2026-07-31T09:25:21Z,923,19,2,0,0,0,1,1,1,1785488747
2026-07-31T09:25:21Z,924,8,2,13,0,0,1,1,1,1785488268
2026-07-31T09:25:21Z,925,13,0,8,0,0,1,1,1,1785489547
2026-07-31T09:25:21Z,926,0,0,21,0,0,1,1,1,1785489688
2026-07-31T09:25:21Z,927,1,0,34,0,0,1,1,1,1785488267
2026-07-31T09:25:21Z,928,5,3,14,0,0,1,1,1,1785464301
2026-07-31T09:25:21Z,929,0,0,23,0,0,1,1,1,1785488702
2026-07-31T09:25:21Z,930,0,0,30,1,0,1,1,1,1785489297
2026-07-31T09:25:21Z,931,8,3,15,0,0,1,1,1,1785489618
2026-07-31T09:25:21Z,932,4,0,12,3,0,1,1,1,1785489457
2026-07-31T09:25:21Z,933,0,0,23,0,0,1,1,1,1785489669
2026-07-31T09:25:21Z,934,3,0,27,1,0,1,1,1,1785489542
2026-07-31T09:25:21Z,935,9,2,9,1,0,1,1,1,1785488436
2026-07-31T09:25:21Z,936,4,1,15,0,0,1,1,1,1785456801
2026-07-31T09:25:21Z,940,10,0,1,0,0,1,1,1,1785487595
2026-07-31T09:25:21Z,941,10,1,13,2,0,1,1,1,1785489809
2026-07-31T09:25:21Z,942,5,0,16,0,0,1,1,1,1785488369
2026-07-31T09:25:21Z,943,9,8,6,0,0,1,1,1,1785489313
2026-07-31T09:25:21Z,944,9,8,6,0,0,1,1,1,1785489128
2026-07-31T09:25:21Z,945,10,8,5,0,0,1,1,1,1785488641
2026-07-31T09:25:21Z,946,7,5,12,0,0,1,1,1,1785487593
2026-07-31T09:25:21Z,947,7,5,10,0,0,1,1,1,1785489142
2026-07-31T09:25:21Z,948,26,8,0,5,0,1,1,1,1785489753
2026-07-31T09:25:21Z,949,1,0,14,0,0,1,1,1,1785489242
2026-07-31T09:25:21Z,950,16,4,0,1,0,1,1,1,1785489154
2026-07-31T09:25:21Z,951,18,4,5,0,0,1,1,1,1785489351
2026-07-31T09:25:21Z,952,7,0,48,0,0,1,1,1,1785488660
2026-07-31T09:25:21Z,953,14,2,0,1,0,1,1,1,1785488411
2026-07-31T09:25:21Z,954,17,4,2,0,0,1,1,1,1785489251
2026-07-31T09:25:21Z,955,4,3,17,6,0,1,1,1,1785488216
2026-07-31T09:25:21Z,956,22,1,0,1,0,1,1,1,1785489322
2026-07-31T09:25:21Z,957,15,0,14,0,0,1,1,1,1785488533
2026-07-31T09:25:21Z,958,19,0,12,0,0,1,1,1,1785489862
2026-07-31T09:25:21Z,959,20,8,0,3,0,1,1,1,1785489029
2026-07-31T09:25:21Z,960,22,1,0,1,0,1,1,1,1785489512
2026-07-31T09:25:21Z,961,3,2,17,3,0,1,1,1,1785489860
2026-07-31T09:25:21Z,962,8,3,24,3,0,1,1,1,1785488294
2026-07-31T09:25:21Z,963,6,0,16,1,0,1,1,1,1785489228
2026-07-31T09:25:21Z,964,21,8,1,1,0,1,1,1,1785488862
2026-07-31T09:25:21Z,965,5,1,21,1,0,1,1,1,1785489359
2026-07-31T09:25:21Z,966,28,0,3,0,0,1,1,1,1785489864
2026-07-31T09:25:21Z,967,20,0,0,1,0,1,1,1,1785488969
2026-07-31T09:25:21Z,968,14,0,4,1,0,1,1,1,1785489132
2026-07-31T09:25:21Z,969,10,6,15,2,0,1,1,1,1785489075
2026-07-31T09:25:21Z,970,11,1,7,1,0,1,1,1,1785489465
2026-07-31T09:25:21Z,971,15,0,7,1,0,1,1,1,1785489437
2026-07-31T09:25:21Z,972,9,1,13,1,0,1,1,1,1785489103
2026-07-31T09:25:21Z,973,8,3,14,1,0,1,1,1,1785489554
2026-07-31T09:25:21Z,974,12,0,15,0,0,1,1,1,1785489818
2026-07-31T09:25:21Z,977,7,7,11,3,0,1,1,1,1785489372
2026-07-31T09:25:21Z,978,11,0,12,0,0,1,1,1,1785488420
2026-07-31T09:25:21Z,979,14,1,3,0,0,1,1,1,1785489783
2026-07-31T09:25:21Z,980,1,0,18,2,0,1,1,1,1785489161
2026-07-31T09:25:21Z,981,19,1,1,1,0,1,1,1,1785488868
2026-07-31T09:25:21Z,982,3,1,14,2,0,1,1,1,1785489172
2026-07-31T09:25:21Z,983,2,1,20,1,0,1,1,1,1785489586
2026-07-31T09:25:21Z,984,6,0,17,0,0,1,1,1,1785488761
2026-07-31T09:25:21Z,985,8,0,23,0,0,1,1,1,1785489863
2026-07-31T09:25:21Z,986,4,0,15,0,0,1,1,1,1785489169
2026-07-31T09:25:21Z,987,6,0,16,1,0,1,1,1,1785489706
2026-07-31T09:25:21Z,988,5,1,13,1,0,1,1,1,1785489321
2026-07-31T09:25:21Z,989,9,4,10,0,0,1,1,1,1785488311
2026-07-31T09:25:21Z,990,13,1,0,2,0,1,1,1,1785489373
2026-07-31T09:25:21Z,991,10,2,8,1,0,1,1,1,1785489034
2026-07-31T09:25:21Z,992,10,7,12,1,0,1,1,1,1785489908
2026-07-31T09:25:21Z,993,0,0,27,0,0,1,1,1,1785476008
2026-07-31T09:25:21Z,994,4,1,17,0,0,1,1,1,1785488303
2026-07-31T09:25:21Z,995,8,2,19,0,0,1,1,1,1785489342
2026-07-31T09:25:21Z,996,8,1,15,0,0,1,1,1,1785489144
2026-07-31T09:25:21Z,997,11,5,10,2,0,1,1,1,1785489507
2026-07-31T09:25:21Z,998,3,2,19,1,0,1,1,1,1785489459
2026-07-31T09:25:21Z,999,3,1,15,2,1,1,1,1,1785489241
2026-07-31T09:25:21Z,1000,4,2,17,0,0,1,1,1,1785488212
2026-07-31T09:25:21Z,1001,1,0,26,0,0,1,1,1,1785489482
2026-07-31T09:25:21Z,1002,0,0,27,4,0,1,1,1,1785489483
2026-07-31T09:25:21Z,1003,0,0,22,1,0,1,1,1,1785489108
2026-07-31T09:25:21Z,1004,8,1,15,0,0,1,1,1,1785488547
2026-07-31T09:25:21Z,1005,20,1,3,0,0,1,1,1,1785489296
2026-07-31T09:25:21Z,1006,7,4,11,1,0,1,1,1,1785489132
2026-07-31T09:25:21Z,1007,2,1,19,0,0,1,1,1,1785488763
2026-07-31T09:25:21Z,1008,6,5,15,2,0,1,1,1,1785488265
2026-07-31T09:25:21Z,1009,19,2,8,4,0,1,1,1,1785489904
2026-07-31T09:25:21Z,1010,7,2,20,0,0,1,1,1,1785488967
2026-07-31T09:25:21Z,1011,8,2,9,2,0,1,1,1,1785489506
2026-07-31T09:25:21Z,1012,4,3,18,1,0,1,1,1,1785489062
2026-07-31T09:25:21Z,1013,4,1,18,1,0,1,1,1,1785489660
2026-07-31T09:25:21Z,1014,7,2,13,3,0,1,1,1,1785489580
2026-07-31T09:25:21Z,1015,3,1,25,3,0,1,1,1,1785489856
2026-07-31T09:25:21Z,1016,10,5,21,0,0,1,1,1,1785488923
2026-07-31T09:25:21Z,1017,14,5,7,0,0,1,1,1,1785488466
2026-07-31T09:25:21Z,1018,7,2,15,0,0,1,1,1,1785489150
2026-07-31T09:25:21Z,1019,9,6,6,0,0,1,1,1,1785489080
2026-07-31T09:25:21Z,1020,18,3,3,0,0,1,1,1,1785488338
2026-07-31T09:25:21Z,1021,9,3,5,1,0,1,1,1,1785489881
2026-07-31T09:25:21Z,1022,14,0,13,0,0,1,1,1,1785489240
2026-07-31T09:25:21Z,1023,13,1,9,1,0,1,1,1,1785488884
2026-07-31T09:25:21Z,1024,5,2,13,1,0,1,1,1,1785489883
2026-07-31T09:25:21Z,1025,4,0,14,0,1,1,1,1,1785489208
2026-07-31T09:25:21Z,1026,8,5,18,5,0,1,1,1,1785489895
2026-07-31T09:25:21Z,1028,2,0,20,1,0,1,1,1,1785489240
2026-07-31T09:25:21Z,1029,9,9,5,1,0,1,1,1,1785488362
2026-07-31T09:25:21Z,1030,14,5,9,0,0,1,1,1,1785488105
2026-07-31T09:25:21Z,1031,8,0,11,0,0,1,1,1,1785488475
2026-07-31T09:25:21Z,1032,7,1,12,0,0,1,1,1,1785489137
2026-07-31T09:25:21Z,1033,9,5,9,1,0,1,1,1,1785488134
2026-07-31T09:25:21Z,1034,2,0,13,0,0,1,1,1,1785489154
2026-07-31T09:25:21Z,1035,1,0,16,2,0,1,1,1,1785489182
2026-07-31T09:25:21Z,1036,15,1,0,0,0,1,1,1,1785489733
2026-07-31T09:25:21Z,1037,4,0,14,1,0,1,1,1,1785489585
2026-07-31T09:25:21Z,1038,2,0,12,1,0,1,1,1,1785488852
2026-07-31T09:25:21Z,1039,7,2,12,0,0,1,1,1,1785489291
2026-07-31T09:25:21Z,1040,7,3,10,2,0,1,1,1,1785489174
2026-07-31T09:25:21Z,1041,10,3,8,1,0,1,1,1,1785489867
2026-07-31T09:25:21Z,1042,12,1,1,2,0,1,1,1,1785489321
2026-07-31T09:25:21Z,1043,9,0,7,3,0,1,1,1,1785489211
2026-07-31T09:25:21Z,1044,2,1,12,1,0,1,1,1,1785488907
2026-07-31T09:25:21Z,1045,11,1,8,0,0,1,1,1,1785489125
2026-07-31T09:25:21Z,1046,9,0,6,0,0,1,1,1,1785488532
2026-07-31T09:25:21Z,1047,4,0,17,0,0,1,1,1,1785489890
2026-07-31T09:25:21Z,1048,10,1,9,0,0,1,1,1,1785489102
2026-07-31T09:25:21Z,1049,6,0,15,0,0,1,1,1,1785489164
2026-07-31T09:25:21Z,1050,17,4,4,0,0,1,1,1,1785488446
2026-07-31T09:25:21Z,1051,8,3,13,0,0,1,1,1,1785488339
2026-07-31T09:25:21Z,1052,17,2,5,0,0,1,1,1,1785488963
2026-07-31T09:25:21Z,1053,2,1,13,0,0,1,1,1,1785489032
2026-07-31T09:25:21Z,1054,14,1,1,0,0,1,1,1,1785489292
2026-07-31T09:25:21Z,1055,7,1,12,0,0,1,1,1,1785489269
2026-07-31T09:25:21Z,1057,18,0,0,1,0,1,1,1,1785488961
2026-07-31T09:25:21Z,1058,1,0,55,0,0,1,1,1,1785489199
2026-07-31T09:25:21Z,1059,0,0,18,1,0,1,1,1,1785489163
2026-07-31T09:25:21Z,1060,30,0,7,0,0,1,1,1,1785488123
2026-07-31T09:25:21Z,1061,7,1,29,1,0,1,1,1,1785489255
2026-07-31T09:25:21Z,1062,2,0,15,0,0,1,1,1,1785489647
2026-07-31T09:25:21Z,1063,12,1,6,1,0,1,1,1,1785489181
2026-07-31T09:25:21Z,1064,3,0,19,1,0,1,1,1,1785489511
2026-07-31T09:25:21Z,1065,16,3,7,0,0,1,1,1,1785489750
2026-07-31T09:25:21Z,1066,10,2,13,0,0,1,1,1,1785489576
2026-07-31T09:25:21Z,1067,8,2,13,2,0,1,1,1,1785489843
2026-07-31T09:25:21Z,1068,8,2,13,2,0,1,1,1,1785489334
2026-07-31T09:25:21Z,1069,12,3,11,0,0,1,1,1,1785489384
2026-07-31T09:25:21Z,1070,12,2,11,0,0,1,1,1,1785489481
2026-07-31T09:25:21Z,1071,7,4,16,0,0,1,1,1,1785489520
2026-07-31T09:25:21Z,1072,11,1,11,1,0,1,1,1,1785489899
2026-07-31T09:25:21Z,1073,26,7,0,1,0,1,1,1,1785488815
2026-07-31T09:25:21Z,1074,0,0,52,1,0,1,1,1,1785489496
2026-07-31T09:25:21Z,1075,10,10,11,0,0,1,1,1,1785488888
2026-07-31T09:25:21Z,1076,14,11,7,0,0,1,1,1,1785488325
2026-07-31T09:25:21Z,1077,8,5,13,0,0,1,1,1,1785489104
2026-07-31T09:25:21Z,1078,11,10,10,0,0,1,1,1,1785488368
2026-07-31T09:25:21Z,1079,11,8,10,0,0,1,1,1,1785488997
2026-07-31T09:25:21Z,1080,10,8,10,1,0,1,1,1,1785489597
2026-07-31T09:25:21Z,1081,13,8,6,0,0,1,1,1,1785488175
2026-07-31T09:25:21Z,1082,7,7,1,0,0,1,1,1,1785489476
2026-07-31T09:25:21Z,1083,13,11,8,0,0,1,1,1,1785489262
2026-07-31T09:25:21Z,1084,9,8,12,0,0,1,1,1,1785488882
2026-07-31T09:25:21Z,1085,8,8,13,0,0,1,1,1,1785488522
2026-07-31T09:25:21Z,1086,0,0,20,1,0,1,1,1,1785489230
2026-07-31T09:25:21Z,1087,12,7,3,0,0,1,1,1,1785488427
2026-07-31T09:25:21Z,1088,10,7,5,0,0,1,1,1,1785489184
2026-07-31T09:25:21Z,1089,5,3,10,0,0,1,1,1,1785489541
2026-07-31T09:25:21Z,1090,11,10,4,0,0,1,1,1,1785488256
2026-07-31T09:25:21Z,1091,12,7,3,0,0,1,1,1,1785488169
2026-07-31T09:25:21Z,1092,9,9,5,1,0,1,1,1,1785489529
2026-07-31T09:25:21Z,1093,7,6,8,0,0,1,1,1,1785489892
2026-07-31T09:25:21Z,1094,10,8,8,1,0,1,1,1,1785489696
2026-07-31T09:25:21Z,1095,9,8,6,0,0,1,1,1,1785489837
2026-07-31T09:25:21Z,1096,3,1,15,1,0,1,1,1,1785489501
2026-07-31T09:25:21Z,1097,9,9,6,0,0,1,1,1,1785489715
2026-07-31T09:25:21Z,1098,9,7,10,0,0,1,1,1,1785488237
2026-07-31T09:25:21Z,1099,7,6,8,0,0,1,1,1,1785488971
2026-07-31T09:25:21Z,1100,6,2,23,0,0,1,1,1,1785487894
2026-07-31T09:25:21Z,1101,10,5,11,0,0,1,1,1,1785488861
2026-07-31T09:25:21Z,1102,9,4,4,0,0,1,1,1,1785488156
2026-07-31T09:25:21Z,1103,10,5,11,0,0,1,1,1,1785487895
2026-07-31T09:25:21Z,1104,10,5,11,0,0,1,1,1,1785488618
2026-07-31T09:25:21Z,1105,7,3,6,0,0,1,1,1,1785489856
2026-07-31T09:25:21Z,1106,13,7,8,0,0,1,1,1,1785488956
2026-07-31T09:25:21Z,1107,9,5,6,0,0,1,1,1,1785489254
2026-07-31T09:25:21Z,1108,6,3,18,3,0,1,1,1,1785489740
2026-07-31T09:25:21Z,1109,6,1,9,0,0,1,1,1,1785489210
2026-07-31T09:25:21Z,1110,12,4,9,0,0,1,1,1,1785488487
2026-07-31T09:25:21Z,1111,3,2,18,0,0,1,1,1,1785475740
2026-07-31T09:25:21Z,1112,38,0,15,0,0,1,1,1,1785489014
2026-07-31T09:25:21Z,1113,1,0,20,0,0,1,1,1,1785488448
2026-07-31T09:25:21Z,1115,17,5,3,3,0,1,1,1,1785489652
2026-07-31T09:25:21Z,1116,5,1,14,0,0,1,1,1,1785489156
2026-07-31T09:25:21Z,1117,10,3,13,0,0,1,1,1,1785489534
2026-07-31T09:25:21Z,1118,16,1,3,2,0,1,1,1,1785488966
2026-07-31T09:25:21Z,1119,12,1,4,1,0,1,1,1,1785489641
2026-07-31T09:25:21Z,1120,13,0,6,0,0,1,1,1,1785489234
2026-07-31T09:25:21Z,1121,14,2,4,3,0,1,1,1,1785488201
2026-07-31T09:25:21Z,1122,17,9,1,3,0,1,1,1,1785489442
2026-07-31T09:25:21Z,1123,6,3,15,2,0,1,1,1,1785488795
2026-07-31T09:25:21Z,1124,8,0,2,5,0,1,1,1,1785488967
2026-07-31T09:25:21Z,1125,15,1,8,0,0,1,1,1,1785489432
2026-07-31T09:25:21Z,1126,4,0,16,1,0,1,1,1,1785488678
2026-07-31T09:25:21Z,1127,6,1,12,1,0,1,1,1,1785489477
2026-07-31T09:25:21Z,1128,14,2,0,1,0,1,1,1,1785489160
2026-07-31T09:25:21Z,1129,3,2,17,1,0,1,1,1,1785488885
2026-07-31T09:25:21Z,1130,6,0,9,0,0,1,1,1,1785488949
2026-07-31T09:25:21Z,1131,0,0,48,1,0,1,1,1,1785489908
2026-07-31T09:25:21Z,1132,13,6,7,1,0,1,1,1,1785488966
2026-07-31T09:25:21Z,1133,15,12,5,1,0,1,1,1,1785489023
2026-07-31T09:25:21Z,1134,11,7,8,0,0,1,1,1,1785489661
2026-07-31T09:25:21Z,1135,10,5,11,0,0,1,1,1,1785488755
2026-07-31T09:25:21Z,1136,6,0,17,0,0,1,1,1,1785489326
2026-07-31T09:25:21Z,1137,13,0,2,0,0,1,1,1,1785489078
2026-07-31T09:25:21Z,1138,15,2,4,0,0,1,1,1,1785489118
2026-07-31T09:25:21Z,1139,18,4,1,2,0,1,1,1,1785489648
2026-07-31T09:25:21Z,1140,22,3,0,1,0,1,1,1,1785488859
2026-07-31T09:25:21Z,1141,1,1,20,0,0,1,1,1,1785488888
2026-07-31T09:25:21Z,1142,2,0,19,0,0,1,1,1,1785489794
2026-07-31T09:25:21Z,1143,22,0,6,1,0,1,1,1,1785488699
2026-07-31T09:25:21Z,1144,7,1,13,1,0,1,1,1,1785489399
2026-07-31T09:25:21Z,1145,12,6,8,1,0,1,1,1,1785489533
2026-07-31T09:25:21Z,1146,10,0,5,4,0,1,1,1,1785488698
2026-07-31T09:25:21Z,1147,3,0,16,0,0,1,1,1,1785489082
2026-07-31T09:25:21Z,1148,25,6,6,0,0,1,1,1,1785489831
2026-07-31T09:25:21Z,1149,4,4,21,0,0,1,1,1,1785488801
2026-07-31T09:25:21Z,1150,18,1,1,0,0,1,1,1,1785488941
2026-07-31T09:25:21Z,1151,12,0,9,0,0,1,1,1,1785489803
2026-07-31T09:25:21Z,1152,17,1,12,0,0,1,1,1,1785489181
2026-07-31T09:25:21Z,1153,22,6,0,1,0,1,1,1,1785489690
2026-07-31T09:25:21Z,1154,13,1,6,0,0,1,1,1,1785488590
2026-07-31T09:25:21Z,1155,16,6,4,1,0,1,1,1,1785489146
2026-07-31T09:25:21Z,1158,3,0,15,1,0,1,1,1,1785489046
2026-07-31T09:25:21Z,1159,13,1,6,0,0,1,1,1,1785489401
2026-07-31T09:25:21Z,1160,9,1,9,1,0,1,1,1,1785488092
2026-07-31T09:25:21Z,1161,3,0,15,1,0,1,1,1,1785489535
2026-07-31T09:25:21Z,1162,2,1,17,0,0,1,1,1,1785489785
2026-07-31T09:25:21Z,1163,1,1,17,1,0,1,1,1,1785489161
2026-07-31T09:25:21Z,1164,6,1,13,0,0,1,1,1,1785489222
2026-07-31T09:25:21Z,1165,5,0,16,0,0,1,1,1,1785488201
2026-07-31T09:25:21Z,1166,12,3,8,1,0,1,1,1,1785489466
2026-07-31T09:25:21Z,1167,4,0,11,0,0,1,1,1,1785488932
2026-07-31T09:25:21Z,1168,2,1,20,1,0,1,1,1,1785489415
2026-07-31T09:25:21Z,1169,3,0,15,1,0,1,1,1,1785489069
2026-07-31T09:25:21Z,1170,6,0,14,1,0,1,1,1,1785489438
2026-07-31T09:25:21Z,1171,8,7,14,1,0,1,1,1,1785489108
2026-07-31T09:25:21Z,1172,7,2,6,2,0,1,1,1,1785489316
2026-07-31T09:25:21Z,1173,13,5,6,0,0,1,1,1,1785489316
2026-07-31T09:25:21Z,1174,7,3,8,0,0,1,1,1,1785489001
2026-07-31T09:25:21Z,1175,9,5,10,0,0,1,1,1,1785488201
2026-07-31T09:25:21Z,1176,19,1,2,0,0,1,1,1,1785488521
2026-07-31T09:25:21Z,1177,2,0,19,0,0,1,1,1,1785488442
2026-07-31T09:25:21Z,1178,2,1,13,0,0,1,1,1,1785488972
2026-07-31T09:25:21Z,1181,10,0,3,2,0,1,1,1,1785489490
2026-07-31T09:25:21Z,1182,0,0,20,0,0,1,1,1,1785489557
2026-07-31T09:25:21Z,1183,1,0,42,2,0,1,1,1,1785489489
2026-07-31T09:25:21Z,1184,12,6,8,1,0,1,1,1,1785489809
2026-07-31T09:25:21Z,1185,10,5,11,0,0,1,1,1,1785488567
2026-07-31T09:25:21Z,1186,9,5,10,0,0,1,1,1,1785489584
2026-07-31T09:25:21Z,1187,12,6,8,1,0,1,1,1,1785488218
2026-07-31T09:25:21Z,1188,9,3,6,0,0,1,1,1,1785489260
2026-07-31T09:25:21Z,1189,10,5,9,0,0,1,1,1,1785489344
2026-07-31T09:25:21Z,1190,10,5,11,0,0,1,1,1,1785488737
2026-07-31T09:25:21Z,1191,10,5,5,0,0,1,1,1,1785489268
2026-07-31T09:25:21Z,1192,10,6,10,1,0,1,1,1,1785489106
2026-07-31T09:25:21Z,1193,6,4,5,2,0,1,1,1,1785488257
2026-07-31T09:25:21Z,1197,9,6,7,1,0,1,1,1,1785488234
2026-07-31T09:25:21Z,1198,14,4,5,2,0,1,1,1,1785489629
2026-07-31T09:25:21Z,1199,2,0,17,0,0,1,1,1,1785489646
2026-07-31T09:25:21Z,1200,11,5,4,0,0,1,1,1,1785489304
2026-07-31T09:25:21Z,1201,11,5,4,0,0,1,1,1,1785489281
2026-07-31T09:25:21Z,1202,12,6,3,0,0,1,1,1,1785489380
2026-07-31T09:25:21Z,1203,9,6,6,0,0,1,1,1,1785489277
2026-07-31T09:25:21Z,1204,7,3,11,1,0,1,1,1,1785489020
2026-07-31T09:25:21Z,1206,11,5,10,0,0,1,1,1,1785488236
2026-07-31T09:25:21Z,1207,8,4,6,1,0,1,1,1,1785489594
2026-07-31T09:25:21Z,1208,7,2,11,1,0,1,1,1,1785489499
2026-07-31T09:25:21Z,1216,7,0,13,1,0,1,1,1,1785488468
2026-07-31T09:25:21Z,1218,4,0,17,0,0,1,1,1,1785488861
2026-07-31T09:25:21Z,1219,6,1,8,1,0,1,1,1,1785488732
2026-07-31T09:25:21Z,1220,14,7,4,1,0,1,1,1,1785488678
2026-07-31T09:25:21Z,1221,2,2,19,0,0,1,1,1,1785488204
2026-07-31T09:25:21Z,1222,28,1,1,0,0,1,1,1,1785489112
2026-07-31T09:25:21Z,1223,23,0,6,0,0,1,1,1,1785488941
2026-07-31T09:25:21Z,1226,0,0,3,0,0,0,1,1,1781868931
2026-07-31T09:25:21Z,1227,22,1,3,0,0,1,1,1,1785489244
2026-07-31T09:25:21Z,1228,18,1,10,1,0,1,1,1,1785488385
2026-07-31T09:25:21Z,1229,35,0,10,0,0,1,1,1,1785489760
2026-07-31T09:30:21Z,1,0,0,23,0,0,1,1,1,1785485488
2026-07-31T09:30:21Z,2,23,0,1,3,0,1,1,1,1785489989
2026-07-31T09:30:21Z,3,9,0,4,1,0,1,1,1,1785485488
2026-07-31T09:30:21Z,4,1,0,20,1,0,1,1,1,1785487895
2026-07-31T09:30:21Z,5,9,3,13,1,0,1,1,1,1785484887
2026-07-31T09:30:21Z,6,6,2,9,0,0,1,1,1,1785486991
2026-07-31T09:30:21Z,7,1,1,38,0,0,1,1,1,1785487290
2026-07-31T09:30:21Z,8,0,0,43,0,0,1,1,1,1785487014
2026-07-31T09:30:21Z,9,0,0,22,1,0,1,1,1,1785487593
2026-07-31T09:30:21Z,10,3,1,18,2,0,1,1,1,1785488230
2026-07-31T09:30:21Z,11,15,6,3,1,0,1,1,1,1785490019
2026-07-31T09:30:21Z,12,0,0,23,0,0,1,1,1,1785490105
2026-07-31T09:30:21Z,13,11,0,19,0,0,1,1,1,1785488834
2026-07-31T09:30:21Z,14,1,0,41,0,1,1,1,1,1785489782
2026-07-31T09:30:21Z,15,3,0,12,0,0,1,1,1,1785488861
2026-07-31T09:30:21Z,16,8,0,16,2,1,1,1,1,1785487292
2026-07-31T09:30:21Z,17,8,0,18,1,0,1,1,1,1785488377
2026-07-31T09:30:21Z,18,7,0,9,2,0,1,1,1,1785488039
2026-07-31T09:30:21Z,19,4,0,22,1,0,1,1,1,1785486089
2026-07-31T09:30:21Z,20,32,0,3,0,0,1,1,1,1785485188
2026-07-31T09:30:21Z,21,1,0,17,1,0,1,1,1,1785484888
2026-07-31T09:30:21Z,22,19,0,45,1,0,1,1,1,1785489235
2026-07-31T09:30:21Z,23,10,5,21,0,0,1,1,1,1785487895
2026-07-31T09:30:21Z,24,0,0,9,2,0,1,1,1,1785490206
2026-07-31T09:30:21Z,25,1,1,79,0,1,1,1,1,1785489905
2026-07-31T09:30:21Z,26,0,0,27,0,0,1,1,1,1785485188
2026-07-31T09:30:21Z,28,15,3,0,0,0,1,1,1,1785486991
2026-07-31T09:30:21Z,30,1,0,27,1,0,1,1,1,1785486089
2026-07-31T09:30:21Z,31,0,0,17,2,0,1,1,1,1785490020
2026-07-31T09:30:21Z,32,24,4,3,0,0,1,1,1,1785487895
2026-07-31T09:30:21Z,34,2,0,34,1,0,1,1,1,1785482614
2026-07-31T09:30:21Z,35,2,1,44,1,0,1,1,1,1785486762
2026-07-31T09:30:21Z,36,0,0,0,0,0,0,1,1,86400
2026-07-31T09:30:21Z,37,0,0,23,0,0,1,1,1,1785487041
2026-07-31T09:30:21Z,38,2,0,21,0,0,1,1,1,1785488592
2026-07-31T09:30:21Z,39,24,6,15,0,0,1,1,1,1785490063
2026-07-31T09:30:21Z,40,13,0,7,1,0,1,1,1,1785485488
2026-07-31T09:30:21Z,41,1,0,41,1,0,1,1,1,1785488255
2026-07-31T09:30:21Z,42,31,8,0,0,0,1,1,1,1785472558
2026-07-31T09:30:21Z,43,6,0,17,0,0,1,1,1,1785485188
2026-07-31T09:30:21Z,45,1,0,27,1,0,1,1,1,1785485789
2026-07-31T09:30:21Z,46,13,2,18,0,0,1,1,1,1785485708
2026-07-31T09:30:21Z,47,13,5,1,1,0,1,1,1,1785489312
2026-07-31T09:30:21Z,48,20,0,7,0,0,1,1,1,1785487579
2026-07-31T09:30:21Z,49,5,0,15,3,0,1,1,1,1785490212
2026-07-31T09:30:21Z,50,1,1,18,0,0,1,1,1,1785488641
2026-07-31T09:30:21Z,51,68,0,9,0,0,1,1,1,1785487292
2026-07-31T09:30:21Z,52,1,0,23,3,0,1,1,1,1785490076
2026-07-31T09:30:21Z,55,1,1,22,0,0,1,1,1,1785487781
2026-07-31T09:30:21Z,56,0,0,43,0,0,1,1,1,1785487593
2026-07-31T09:30:21Z,57,0,0,27,0,0,1,1,1,1785486089
2026-07-31T09:30:21Z,58,0,0,28,0,0,1,1,1,1785489985
2026-07-31T09:30:21Z,59,0,0,25,2,0,1,1,1,1785490047
2026-07-31T09:30:21Z,61,0,0,39,0,0,1,1,1,1785488423
2026-07-31T09:30:21Z,62,1,0,47,1,0,1,1,1,1785490208
2026-07-31T09:30:21Z,63,14,0,5,0,0,1,1,1,1785486089
2026-07-31T09:30:21Z,64,9,0,6,4,0,1,1,1,1785486992
2026-07-31T09:30:21Z,65,17,7,1,1,0,1,1,1,1785487593
2026-07-31T09:30:21Z,67,17,0,22,0,0,1,1,1,1785485188
2026-07-31T09:30:21Z,68,0,0,37,0,0,1,1,1,1785488201
2026-07-31T09:30:21Z,69,15,2,0,0,0,1,1,1,1785485188
2026-07-31T09:30:21Z,71,1,0,25,1,0,1,1,1,1785490035
2026-07-31T09:30:21Z,72,14,2,15,2,0,1,1,1,1785489629
2026-07-31T09:30:21Z,73,0,0,31,0,0,1,1,1,1785488201
2026-07-31T09:30:21Z,74,13,6,6,0,0,1,1,1,1785489103
2026-07-31T09:30:21Z,75,0,0,31,1,0,1,1,1,1785487292
2026-07-31T09:30:21Z,76,18,0,0,1,0,1,1,1,1785490210
2026-07-31T09:30:21Z,77,24,1,2,1,0,1,1,1,1785488624
2026-07-31T09:30:21Z,78,9,4,13,1,0,1,1,1,1785488568
2026-07-31T09:30:21Z,79,3,2,13,1,0,1,1,1,1785489411
2026-07-31T09:30:21Z,80,18,0,2,3,0,1,1,1,1785490140
2026-07-31T09:30:21Z,81,5,0,26,0,0,1,1,1,1785486390
2026-07-31T09:30:21Z,82,12,0,11,0,0,1,1,1,1785486690
2026-07-31T09:30:21Z,83,6,1,27,1,0,1,1,1,1785489511
2026-07-31T09:30:21Z,84,27,0,0,0,0,1,1,1,1785487883
2026-07-31T09:30:21Z,85,1,1,14,0,0,1,1,1,1785486991
2026-07-31T09:30:21Z,86,25,0,1,1,0,1,1,1,1785486691
2026-07-31T09:30:21Z,87,10,0,9,0,0,1,1,1,1785488201
2026-07-31T09:30:21Z,88,0,0,42,1,0,1,1,1,1785484888
2026-07-31T09:30:21Z,89,22,0,13,0,0,1,1,1,1785487292
2026-07-31T09:30:21Z,90,7,3,9,2,0,1,1,1,1785489643
2026-07-31T09:30:21Z,91,14,0,3,0,0,1,1,1,1785485188
2026-07-31T09:30:21Z,92,10,4,6,3,0,1,1,1,1785490168
2026-07-31T09:30:21Z,93,0,0,23,0,0,1,1,1,1785486390
2026-07-31T09:30:21Z,94,2,0,16,1,0,1,1,1,1785486390
2026-07-31T09:30:21Z,95,27,2,6,1,1,1,1,1,1785490204
2026-07-31T09:30:21Z,96,29,0,1,1,0,1,1,1,1785488201
2026-07-31T09:30:21Z,97,0,0,16,1,0,1,1,1,1785489951
2026-07-31T09:30:21Z,98,19,0,15,1,0,1,1,1,1785486089
2026-07-31T09:30:21Z,99,4,2,11,0,0,1,1,1,1785486802
2026-07-31T09:30:21Z,100,1,0,26,0,0,1,1,1,1785488201
2026-07-31T09:30:21Z,101,1,0,13,1,0,1,1,1,1785485789
2026-07-31T09:30:21Z,102,0,0,23,0,0,1,1,1,1785487553
2026-07-31T09:30:21Z,103,5,0,25,0,0,1,1,1,1785489200
2026-07-31T09:30:21Z,104,0,0,25,2,0,1,1,1,1785490203
2026-07-31T09:30:21Z,105,16,1,3,0,0,1,1,1,1785486390
2026-07-31T09:30:21Z,106,0,0,21,0,0,1,1,1,1785486390
2026-07-31T09:30:21Z,107,0,0,37,0,0,1,1,1,1785485489
2026-07-31T09:30:21Z,108,15,1,20,0,0,1,1,1,1785489455
2026-07-31T09:30:21Z,109,7,0,16,0,0,1,1,1,1785489961
2026-07-31T09:30:21Z,110,14,2,9,0,0,1,1,1,1785488165
2026-07-31T09:30:21Z,111,0,0,36,0,0,1,1,1,1785479678
2026-07-31T09:30:21Z,112,5,0,9,1,0,1,1,1,1785486691
2026-07-31T09:30:21Z,113,4,0,12,3,0,1,1,1,1785490107
2026-07-31T09:30:21Z,114,6,6,23,1,1,1,1,1,1785490188
2026-07-31T09:30:21Z,115,3,1,23,2,0,1,1,1,1785479033
2026-07-31T09:30:21Z,116,3,3,23,1,0,1,1,1,1785487594
2026-07-31T09:30:21Z,118,20,9,0,3,0,1,1,1,1785490019
2026-07-31T09:30:21Z,119,32,2,2,4,0,1,1,1,1785489175
2026-07-31T09:30:21Z,120,23,1,3,1,0,1,1,1,1785490184
2026-07-31T09:30:21Z,121,7,3,11,0,1,1,1,1,1785490212
2026-07-31T09:30:21Z,122,13,0,7,1,0,1,1,1,1785487594
2026-07-31T09:30:21Z,123,8,1,39,0,0,1,1,1,1785485188
2026-07-31T09:30:21Z,124,32,1,3,0,0,1,1,1,1785486746
2026-07-31T09:30:21Z,125,6,2,17,0,0,1,1,1,1785490205
2026-07-31T09:30:21Z,126,24,2,7,0,0,1,1,1,1785489920
2026-07-31T09:30:21Z,127,8,0,25,2,0,1,1,1,1785489966
2026-07-31T09:30:21Z,128,18,1,1,0,0,1,1,1,1785488201
2026-07-31T09:30:21Z,129,17,1,0,2,0,1,1,1,1785486089
2026-07-31T09:30:21Z,130,4,0,13,0,0,1,1,1,1785488248
2026-07-31T09:30:21Z,131,7,2,2,2,0,1,1,1,1785488201
2026-07-31T09:30:21Z,132,12,5,2,0,1,1,1,1,1785486336
2026-07-31T09:30:21Z,134,5,0,13,5,0,1,1,1,1785489999
2026-07-31T09:30:21Z,135,8,4,10,1,0,1,1,1,1785488917
2026-07-31T09:30:21Z,136,7,0,8,1,7,1,1,1,1785490050
2026-07-31T09:30:21Z,137,8,2,11,0,0,1,1,1,1785490163
2026-07-31T09:30:21Z,138,35,2,2,0,0,1,1,1,1785490176
2026-07-31T09:30:21Z,139,19,5,0,0,0,1,1,1,1785485188
2026-07-31T09:30:21Z,140,18,8,3,2,0,1,1,1,1785490213
2026-07-31T09:30:21Z,141,31,1,5,0,0,1,1,1,1785485909
2026-07-31T09:30:21Z,142,23,1,0,0,0,1,1,1,1785490160
2026-07-31T09:30:21Z,143,13,3,17,1,0,1,1,1,1785487895
2026-07-31T09:30:21Z,144,23,1,4,0,0,1,1,1,1785486390
2026-07-31T09:30:21Z,146,8,1,14,1,0,1,1,1,1785486463
2026-07-31T09:30:21Z,147,10,2,7,2,0,1,1,1,1785490175
2026-07-31T09:30:21Z,148,24,0,2,0,1,1,1,1,1785489920
2026-07-31T09:30:21Z,149,17,4,9,1,0,1,1,1,1785489364
2026-07-31T09:30:21Z,150,31,7,2,2,0,1,1,1,1785490164
2026-07-31T09:30:21Z,151,22,7,1,0,0,1,1,1,1785485600
2026-07-31T09:30:21Z,152,20,1,3,4,0,1,1,1,1785490167
2026-07-31T09:30:21Z,153,12,1,13,6,0,1,1,1,1785489970
2026-07-31T09:30:21Z,154,14,3,6,3,0,1,1,1,1785490154
2026-07-31T09:30:21Z,155,13,4,0,1,0,1,1,1,1785489969
2026-07-31T09:30:21Z,156,15,1,4,0,0,1,1,1,1785489085
2026-07-31T09:30:21Z,157,15,0,10,2,0,1,1,1,1785489996
2026-07-31T09:30:21Z,158,16,2,0,0,0,1,1,1,1785488201
2026-07-31T09:30:21Z,159,5,2,14,0,0,1,1,1,1785488201
2026-07-31T09:30:21Z,160,19,1,0,0,0,1,1,1,1785487895
2026-07-31T09:30:21Z,161,16,2,6,0,0,1,1,1,1785489840
2026-07-31T09:30:21Z,162,10,0,16,1,0,1,1,1,1785488396
2026-07-31T09:30:21Z,163,30,3,1,0,0,1,1,1,1785489189
2026-07-31T09:30:21Z,164,25,7,2,0,0,1,1,1,1785486691
2026-07-31T09:30:21Z,165,22,10,8,1,0,1,1,1,1785487814
2026-07-31T09:30:21Z,166,32,8,3,4,0,1,1,1,1785490214
2026-07-31T09:30:21Z,167,20,9,1,2,0,1,1,1,1785489960
2026-07-31T09:30:21Z,168,21,0,5,1,0,1,1,1,1785489955
2026-07-31T09:30:21Z,169,1,0,21,0,1,1,1,1,1785487293
2026-07-31T09:30:21Z,170,17,4,0,2,0,1,1,1,1785488379
2026-07-31T09:30:21Z,171,10,3,1,2,0,1,1,1,1785490152
2026-07-31T09:30:21Z,173,36,0,3,0,0,1,1,1,1785486839
2026-07-31T09:30:21Z,174,22,1,2,2,0,1,1,1,1785487895
2026-07-31T09:30:21Z,175,7,0,24,0,0,1,1,1,1785487001
2026-07-31T09:30:21Z,176,2,1,12,0,1,1,1,1,1785487016
2026-07-31T09:30:21Z,177,21,1,6,0,0,1,1,1,1785489596
2026-07-31T09:30:21Z,178,2,0,10,2,1,1,1,1,1785490212
2026-07-31T09:30:21Z,179,11,1,3,1,0,1,1,1,1785486089
2026-07-31T09:30:21Z,180,27,0,3,0,0,1,1,1,1785487594
2026-07-31T09:30:21Z,181,12,1,2,1,0,1,1,1,1785489531
2026-07-31T09:30:21Z,182,15,1,2,0,0,1,1,1,1785489885
2026-07-31T09:30:21Z,183,15,0,8,0,0,1,1,1,1785489730
2026-07-31T09:30:21Z,184,0,0,22,1,0,1,1,1,1785488157
2026-07-31T09:30:21Z,185,12,1,0,2,1,1,1,1,1785484888
2026-07-31T09:30:21Z,186,4,1,15,0,0,1,1,1,1785487895
2026-07-31T09:30:21Z,187,8,0,19,1,0,1,1,1,1785490132
2026-07-31T09:30:21Z,188,12,0,7,8,0,1,1,1,1785490129
2026-07-31T09:30:21Z,189,15,4,0,0,0,1,1,1,1785487895
2026-07-31T09:30:21Z,190,4,1,19,0,0,1,1,1,1785488585
2026-07-31T09:30:21Z,191,2,1,37,0,0,1,1,1,1785486690
2026-07-31T09:30:21Z,192,12,4,16,3,0,1,1,1,1785486089
2026-07-31T09:30:21Z,193,2,0,13,0,0,1,1,1,1785488202
2026-07-31T09:30:21Z,194,17,1,9,1,0,1,1,1,1785486691
2026-07-31T09:30:21Z,195,12,1,5,2,0,1,1,1,1785487594
2026-07-31T09:30:21Z,196,24,1,0,3,0,1,1,1,1785490079
2026-07-31T09:30:21Z,197,16,3,1,1,1,1,1,1,1785489625
2026-07-31T09:30:21Z,198,21,16,2,0,0,1,1,1,1785488927
2026-07-31T09:30:21Z,199,6,5,6,3,0,1,1,1,1785489674
2026-07-31T09:30:21Z,200,15,0,10,1,0,1,1,1,1785486390
2026-07-31T09:30:21Z,201,7,3,16,0,0,1,1,1,1785490142
2026-07-31T09:30:21Z,202,0,0,27,0,0,1,1,1,1785486691
2026-07-31T09:30:21Z,203,26,3,4,1,0,1,1,1,1785487252
2026-07-31T09:30:21Z,204,30,1,4,1,0,1,1,1,1785490206
2026-07-31T09:30:21Z,205,13,1,14,0,0,1,1,1,1785488894
2026-07-31T09:30:21Z,206,1,1,13,1,0,1,1,1,1785486448
2026-07-31T09:30:21Z,207,13,0,8,0,0,1,1,1,1785489325
2026-07-31T09:30:21Z,208,2,0,27,0,0,1,1,1,1785486390
2026-07-31T09:30:21Z,209,6,0,22,3,0,1,1,1,1785490185
2026-07-31T09:30:21Z,210,23,2,4,0,0,1,1,1,1785485488
2026-07-31T09:30:21Z,211,15,6,7,1,0,1,1,1,1785487008
2026-07-31T09:30:21Z,212,25,0,9,1,0,1,1,1,1785490068
2026-07-31T09:30:21Z,213,12,1,9,2,0,1,1,1,1785490189
2026-07-31T09:30:21Z,214,29,0,14,4,0,1,1,1,1785488634
2026-07-31T09:30:21Z,215,7,2,15,1,0,1,1,1,1785489568
2026-07-31T09:30:21Z,216,9,0,9,1,0,1,1,1,1785487593
2026-07-31T09:30:21Z,217,9,0,19,1,0,1,1,1,1785489915
2026-07-31T09:30:21Z,218,20,5,17,2,0,1,1,1,1785489912
2026-07-31T09:30:21Z,219,1,1,24,1,0,1,1,1,1785489320
2026-07-31T09:30:21Z,220,24,7,17,1,1,1,1,1,1785484887
2026-07-31T09:30:21Z,221,12,8,2,1,0,1,1,1,1785489668
2026-07-31T09:30:21Z,222,16,12,2,1,0,1,1,1,1785485037
2026-07-31T09:30:21Z,223,8,3,24,3,0,1,1,1,1785489940
2026-07-31T09:30:21Z,224,7,5,14,1,0,1,1,1,1785487750
2026-07-31T09:30:21Z,225,10,0,3,6,0,1,1,1,1785487206
2026-07-31T09:30:21Z,226,30,10,1,0,0,1,1,1,1785489438
2026-07-31T09:30:21Z,227,19,13,7,0,1,1,1,1,1785485181
2026-07-31T09:30:21Z,228,1,0,17,1,0,1,1,1,1785484888
2026-07-31T09:30:21Z,230,16,9,10,0,0,1,1,1,1785486691
2026-07-31T09:30:21Z,232,13,6,3,1,0,1,1,1,1785486390
2026-07-31T09:30:21Z,233,19,0,10,2,0,1,1,1,1785487026
2026-07-31T09:30:21Z,234,8,3,6,3,2,1,1,1,1785487594
2026-07-31T09:30:21Z,236,14,3,5,0,0,1,1,1,1785486991
2026-07-31T09:30:21Z,237,21,4,1,1,0,1,1,1,1785489236
2026-07-31T09:30:21Z,239,23,18,1,3,0,1,1,1,1785486691
2026-07-31T09:30:21Z,241,19,6,4,0,0,1,1,1,1785487895
2026-07-31T09:30:21Z,242,1,1,21,1,0,1,1,1,1785487593
2026-07-31T09:30:21Z,243,11,0,19,1,0,1,1,1,1785490214
2026-07-31T09:30:21Z,244,13,1,13,1,0,1,1,1,1785488405
2026-07-31T09:30:21Z,245,4,4,19,0,0,1,1,1,1785488778
2026-07-31T09:30:21Z,246,13,0,10,0,0,1,1,1,1785487895
2026-07-31T09:30:21Z,247,12,10,10,1,0,1,1,1,1785488201
2026-07-31T09:30:21Z,248,19,4,1,3,0,1,1,1,1785488398
2026-07-31T09:30:21Z,249,2,0,17,0,0,1,1,1,1785488201
2026-07-31T09:30:21Z,250,23,5,4,0,0,1,1,1,1785487895
2026-07-31T09:30:21Z,251,22,5,2,3,0,1,1,1,1785486991
2026-07-31T09:30:21Z,253,7,4,11,1,0,1,1,1,1785488201
2026-07-31T09:30:21Z,254,26,21,16,1,0,1,1,1,1785485789
2026-07-31T09:30:21Z,255,5,0,17,0,1,1,1,1,1785490078
2026-07-31T09:30:21Z,256,10,5,11,2,0,1,1,1,1785485834
2026-07-31T09:30:21Z,257,13,5,5,1,0,1,1,1,1785489536
2026-07-31T09:30:21Z,258,1,0,18,0,0,1,1,1,1785482036
2026-07-31T09:30:21Z,259,20,3,2,0,1,1,1,1,1785487540
2026-07-31T09:30:21Z,260,14,4,2,3,0,1,1,1,1785486424
2026-07-31T09:30:21Z,261,15,0,2,1,1,1,1,1,1785489370
2026-07-31T09:30:21Z,262,20,11,3,0,0,1,1,1,1785488699
2026-07-31T09:30:21Z,263,13,3,2,0,0,1,1,1,1785489158
2026-07-31T09:30:21Z,264,18,6,0,1,0,1,1,1,1785488201
2026-07-31T09:30:21Z,265,14,0,1,0,0,1,1,1,1785490183
2026-07-31T09:30:21Z,266,16,7,0,3,0,1,1,1,1785488864
2026-07-31T09:30:21Z,267,7,3,6,2,0,1,1,1,1785484888
2026-07-31T09:30:21Z,268,23,9,0,0,0,1,1,1,1785484887
2026-07-31T09:30:21Z,269,9,3,13,1,0,1,1,1,1785484888
2026-07-31T09:30:21Z,270,25,3,2,0,0,1,1,1,1785485188
2026-07-31T09:30:21Z,271,0,0,17,2,0,1,1,1,1785486991
2026-07-31T09:30:21Z,272,13,13,9,1,0,1,1,1,1785486390
2026-07-31T09:30:21Z,273,14,5,1,0,0,1,1,1,1785484888
2026-07-31T09:30:21Z,274,18,8,0,1,0,1,1,1,1785487594
2026-07-31T09:30:21Z,275,13,0,6,2,2,1,1,1,1785490155
2026-07-31T09:30:21Z,276,1,0,26,0,0,1,1,1,1785486991
2026-07-31T09:30:21Z,277,12,1,6,5,0,1,1,1,1785488201
2026-07-31T09:30:21Z,278,23,2,5,2,1,1,1,1,1785487967
2026-07-31T09:30:21Z,279,17,0,2,0,0,1,1,1,1785487347
2026-07-31T09:30:21Z,280,10,1,19,2,0,1,1,1,1785490072
2026-07-31T09:30:21Z,281,19,0,0,0,0,1,1,1,1785486089
2026-07-31T09:30:21Z,282,5,2,13,0,0,1,1,1,1785484887
2026-07-31T09:30:21Z,283,34,1,1,0,0,1,1,1,1785486992
2026-07-31T09:30:21Z,284,18,4,15,2,0,1,1,1,1785488133
2026-07-31T09:30:21Z,285,8,7,15,0,0,1,1,1,1785485188
2026-07-31T09:30:21Z,286,16,15,2,5,0,1,1,1,1785488250
2026-07-31T09:30:21Z,287,13,4,7,3,0,1,1,1,1785484887
2026-07-31T09:30:21Z,288,14,10,5,0,0,1,1,1,1785486991
2026-07-31T09:30:21Z,289,24,3,0,3,0,1,1,1,1785488202
2026-07-31T09:30:21Z,290,7,0,31,1,0,1,1,1,1785486991
2026-07-31T09:30:21Z,291,9,2,12,2,0,1,1,1,1785488389
2026-07-31T09:30:21Z,292,22,0,1,0,0,1,1,1,1785485789
2026-07-31T09:30:21Z,293,17,10,6,0,0,1,1,1,1785486991
2026-07-31T09:30:21Z,294,0,0,21,1,0,1,1,1,1785486991
2026-07-31T09:30:21Z,297,11,1,5,2,1,1,1,1,1785488298
2026-07-31T09:30:21Z,301,17,1,2,0,0,1,1,1,1785486691
2026-07-31T09:30:21Z,302,0,0,23,0,0,1,1,1,1785486991
2026-07-31T09:30:21Z,303,19,0,0,0,0,1,1,1,1785485188
2026-07-31T09:30:21Z,304,0,0,0,0,0,0,1,1,86400
2026-07-31T09:30:21Z,305,19,0,0,0,0,1,1,1,1785485188
2026-07-31T09:30:21Z,306,2,0,29,1,0,1,1,1,1785485188
2026-07-31T09:30:21Z,307,17,1,4,1,1,1,1,1,1785490194
2026-07-31T09:30:21Z,308,14,0,3,2,0,1,1,1,1785485188
2026-07-31T09:30:21Z,309,13,3,0,1,0,1,1,1,1785488427
2026-07-31T09:30:21Z,311,15,0,0,0,0,1,1,1,1785486992
2026-07-31T09:30:21Z,312,6,3,12,4,1,1,1,1,1785490202
2026-07-31T09:30:21Z,313,3,1,12,0,0,1,1,1,1785486991
2026-07-31T09:30:21Z,314,4,3,11,3,0,1,1,1,1785486991
2026-07-31T09:30:21Z,315,23,6,6,2,0,1,1,1,1785488865
2026-07-31T09:30:21Z,316,4,1,20,6,1,1,1,1,1785490074
2026-07-31T09:30:21Z,317,0,0,30,0,1,1,1,1,1785490047
2026-07-31T09:30:21Z,318,16,0,3,0,0,1,1,1,1785486991
2026-07-31T09:30:21Z,319,17,3,5,1,0,1,1,1,1785489161
2026-07-31T09:30:21Z,320,18,5,0,1,0,1,1,1,1785487292
2026-07-31T09:30:21Z,321,8,1,7,4,0,1,1,1,1785489993
2026-07-31T09:30:21Z,322,4,1,24,1,0,1,1,1,1785489880
2026-07-31T09:30:21Z,323,8,0,11,0,0,1,1,1,1785487292
2026-07-31T09:30:21Z,324,7,2,19,1,0,1,1,1,1785490209
2026-07-31T09:30:21Z,325,4,3,21,2,0,1,1,1,1785489487
2026-07-31T09:30:21Z,327,26,0,0,1,0,1,1,1,1785489831
2026-07-31T09:30:21Z,328,20,0,1,1,0,1,1,1,1785484794
2026-07-31T09:30:21Z,329,17,0,0,2,0,1,1,1,1785487643
2026-07-31T09:30:21Z,330,3,0,19,0,0,1,1,1,1785485188
2026-07-31T09:30:21Z,331,12,3,10,1,0,1,1,1,1785487675
2026-07-31T09:30:21Z,332,10,3,7,2,0,1,1,1,1785487292
2026-07-31T09:30:21Z,333,2,1,20,1,0,1,1,1,1785487896
2026-07-31T09:30:21Z,334,11,8,12,0,0,1,1,1,1785487804
2026-07-31T09:30:21Z,335,3,2,18,1,1,1,1,1,1785487292
2026-07-31T09:30:21Z,336,18,2,1,0,0,1,1,1,1785487293
2026-07-31T09:30:21Z,337,17,3,1,5,0,1,1,1,1785490060
2026-07-31T09:30:21Z,338,17,8,2,0,0,1,1,1,1785487389
2026-07-31T09:30:21Z,339,20,10,2,1,0,1,1,1,1785488718
2026-07-31T09:30:21Z,340,13,11,1,1,0,1,1,1,1785487293
2026-07-31T09:30:21Z,341,11,4,8,0,0,1,1,1,1785487352
2026-07-31T09:30:21Z,342,12,6,1,2,0,1,1,1,1785490143
2026-07-31T09:30:21Z,343,21,1,1,1,0,1,1,1,1785487543
2026-07-31T09:30:21Z,344,23,9,0,0,0,1,1,1,1785488186
2026-07-31T09:30:21Z,345,19,3,0,0,0,1,1,1,1785487292
2026-07-31T09:30:21Z,346,9,6,14,0,0,1,1,1,1785489426
2026-07-31T09:30:21Z,347,0,0,42,2,0,1,1,1,1785490209
2026-07-31T09:30:21Z,348,21,3,0,1,1,1,1,1,1785489998
2026-07-31T09:30:21Z,349,6,1,13,0,0,1,1,1,1785487293
2026-07-31T09:30:21Z,350,24,3,1,1,1,1,1,1,1785487293
2026-07-31T09:30:21Z,351,20,3,0,3,0,1,1,1,1785489989
2026-07-31T09:30:21Z,355,22,0,1,0,0,1,1,1,1785490119
2026-07-31T09:30:21Z,356,18,2,1,0,0,1,1,1,1785487896
2026-07-31T09:30:21Z,357,13,4,6,0,0,1,1,1,1785485188
2026-07-31T09:30:21Z,358,24,4,2,1,0,1,1,1,1785487594
2026-07-31T09:30:21Z,359,20,0,7,0,0,1,1,1,1785489979
2026-07-31T09:30:21Z,360,16,4,1,2,0,1,1,1,1785487594
2026-07-31T09:30:21Z,362,17,5,0,2,0,1,1,1,1785487292
2026-07-31T09:30:21Z,363,2,0,25,0,0,1,1,1,1785489580
2026-07-31T09:30:21Z,364,19,3,0,0,0,1,1,1,1785487896
2026-07-31T09:30:21Z,365,17,5,3,3,0,1,1,1,1785488201
2026-07-31T09:30:21Z,366,14,8,2,7,0,1,1,1,1785490104
2026-07-31T09:30:21Z,367,16,9,1,2,0,1,1,1,1785487292
2026-07-31T09:30:21Z,368,20,3,1,2,0,1,1,1,1785486991
2026-07-31T09:30:21Z,370,15,8,12,0,0,1,1,1,1785487896
2026-07-31T09:30:21Z,371,4,2,14,1,0,1,1,1,1785484735
2026-07-31T09:30:21Z,372,8,2,7,0,0,1,1,1,1785487594
2026-07-31T09:30:21Z,373,24,8,3,0,0,1,1,1,1785486433
2026-07-31T09:30:21Z,374,17,7,0,2,0,1,1,1,1785490037
2026-07-31T09:30:21Z,375,20,5,4,3,0,1,1,1,1785487593
2026-07-31T09:30:21Z,376,29,3,5,5,0,1,1,1,1785489223
2026-07-31T09:30:21Z,377,25,9,2,0,0,1,1,1,1785487594
2026-07-31T09:30:21Z,378,22,5,0,1,1,1,1,1,1785489949
2026-07-31T09:30:21Z,379,14,0,13,0,0,1,1,1,1785487594
2026-07-31T09:30:21Z,380,22,7,0,1,0,1,1,1,1785489276
2026-07-31T09:30:21Z,381,14,0,9,0,0,1,1,1,1785488686
2026-07-31T09:30:21Z,383,13,0,0,2,0,1,1,1,1785490079
2026-07-31T09:30:21Z,384,26,1,0,1,0,1,1,1,1785487594
2026-07-31T09:30:21Z,385,14,2,2,2,0,1,1,1,1785487594
2026-07-31T09:30:21Z,387,21,2,2,0,0,1,1,1,1785490060
2026-07-31T09:30:21Z,388,16,3,33,0,0,1,1,1,1785485188
2026-07-31T09:30:21Z,389,9,8,6,0,0,1,1,1,1785487293
2026-07-31T09:30:21Z,390,16,0,19,0,0,1,1,1,1785489336
2026-07-31T09:30:21Z,391,4,0,10,1,0,1,1,1,1785487292
2026-07-31T09:30:21Z,392,3,3,15,1,0,1,1,1,1785489900
2026-07-31T09:30:21Z,393,3,3,5,3,0,1,1,1,1785487292
2026-07-31T09:30:21Z,394,9,6,2,2,0,1,1,1,1785487594
2026-07-31T09:30:21Z,396,7,7,32,3,0,1,1,1,1785487595
2026-07-31T09:30:21Z,397,4,4,27,0,0,1,1,1,1785488201
2026-07-31T09:30:21Z,399,13,2,2,2,0,1,1,1,1785487594
2026-07-31T09:30:21Z,400,11,6,9,3,0,1,1,1,1785489267
2026-07-31T09:30:21Z,401,9,0,22,8,0,1,1,1,1785490115
2026-07-31T09:30:21Z,403,3,0,26,2,0,1,1,1,1785490019
2026-07-31T09:30:21Z,404,2,1,20,1,0,1,1,1,1785486690
2026-07-31T09:30:21Z,406,2,0,32,1,0,1,1,1,1785486993
2026-07-31T09:30:21Z,407,16,3,17,1,0,1,1,1,1785484887
2026-07-31T09:30:21Z,408,12,2,20,1,0,1,1,1,1785480622
2026-07-31T09:30:21Z,409,0,0,20,3,0,1,1,1,1785488970
2026-07-31T09:30:21Z,413,20,5,1,2,0,1,1,1,1785490104
2026-07-31T09:30:21Z,414,13,4,1,1,0,1,1,1,1785485488
2026-07-31T09:30:21Z,417,10,6,8,1,0,1,1,1,1785489641
2026-07-31T09:30:21Z,418,1,0,13,1,0,1,1,1,1785488201
2026-07-31T09:30:21Z,419,10,0,12,1,0,1,1,1,1785487895
2026-07-31T09:30:21Z,421,1,0,18,0,0,1,1,1,1785488201
2026-07-31T09:30:21Z,422,3,3,23,1,0,1,1,1,1785490175
2026-07-31T09:30:21Z,423,6,1,17,0,0,1,1,1,1785477801
2026-07-31T09:30:21Z,424,2,1,10,3,0,1,1,1,1785490176
2026-07-31T09:30:21Z,425,20,0,1,0,1,1,1,1,1785485489
2026-07-31T09:30:21Z,426,0,0,35,2,0,1,1,1,1785490002
2026-07-31T09:30:21Z,427,14,1,0,1,0,1,1,1,1785490054
2026-07-31T09:30:21Z,428,14,1,4,1,0,1,1,1,1785488201
2026-07-31T09:30:21Z,429,1,0,20,2,0,1,1,1,1785488273
2026-07-31T09:30:21Z,430,28,0,0,3,0,1,1,1,1785485488
2026-07-31T09:30:21Z,431,15,0,17,1,0,1,1,1,1785488642
2026-07-31T09:30:21Z,432,18,0,11,2,0,1,1,1,1785488201
2026-07-31T09:30:21Z,433,19,6,3,1,0,1,1,1,1785488201
2026-07-31T09:30:21Z,437,3,1,15,1,0,1,1,1,1785487897
2026-07-31T09:30:21Z,438,17,0,1,1,0,1,1,1,1785490188
2026-07-31T09:30:21Z,439,5,0,10,0,0,1,1,1,1785488201
2026-07-31T09:30:21Z,440,13,1,0,2,0,1,1,1,1785488201
2026-07-31T09:30:21Z,441,10,2,4,1,0,1,1,1,1785485488
2026-07-31T09:30:21Z,442,17,9,1,1,0,1,1,1,1785487895
2026-07-31T09:30:21Z,443,4,2,23,0,0,1,1,1,1785485488
2026-07-31T09:30:21Z,444,2,2,21,0,0,1,1,1,1785485488
2026-07-31T09:30:21Z,445,7,2,15,1,0,1,1,1,1785490099
2026-07-31T09:30:21Z,446,1,1,21,1,0,1,1,1,1785487896
2026-07-31T09:30:21Z,447,3,0,18,1,1,1,1,1,1785485488
2026-07-31T09:30:21Z,448,9,4,5,1,0,1,1,1,1785487895
2026-07-31T09:30:21Z,452,8,6,10,1,0,1,1,1,1785487661
2026-07-31T09:30:21Z,453,5,5,9,1,0,1,1,1,1785489638
2026-07-31T09:30:21Z,454,9,0,10,0,0,1,1,1,1785489971
2026-07-31T09:30:21Z,455,0,0,39,0,0,1,1,1,1785487895
2026-07-31T09:30:21Z,456,9,0,10,1,0,1,1,1,1785490031
2026-07-31T09:30:21Z,457,25,2,0,2,0,1,1,1,1785487895
2026-07-31T09:30:21Z,458,15,6,8,0,0,1,1,1,1785487229
2026-07-31T09:30:21Z,459,15,0,0,0,0,1,1,1,1785485789
2026-07-31T09:30:21Z,460,20,2,2,1,0,1,1,1,1785487896
2026-07-31T09:30:21Z,461,5,1,14,0,0,1,1,1,1785487878
2026-07-31T09:30:21Z,462,11,0,10,0,0,1,1,1,1785489254
2026-07-31T09:30:21Z,463,13,1,6,0,0,1,1,1,1785487897
2026-07-31T09:30:21Z,464,3,1,11,0,0,1,1,1,1785485789
2026-07-31T09:30:21Z,465,0,0,14,1,0,1,1,1,1785485789
2026-07-31T09:30:21Z,466,11,3,2,2,0,1,1,1,1785485789
2026-07-31T09:30:21Z,467,5,1,13,1,0,1,1,1,1785471818
2026-07-31T09:30:21Z,468,17,1,1,1,0,1,1,1,1785485789
2026-07-31T09:30:21Z,469,2,1,21,0,0,1,1,1,1785487896
2026-07-31T09:30:21Z,470,13,1,0,2,0,1,1,1,1785490190
2026-07-31T09:30:21Z,471,22,2,5,0,0,1,1,1,1785487895
2026-07-31T09:30:21Z,472,18,6,0,1,0,1,1,1,1785490153
2026-07-31T09:30:21Z,473,19,5,0,0,0,1,1,1,1785485789
2026-07-31T09:30:21Z,474,16,0,3,0,0,1,1,1,1785488959
2026-07-31T09:30:21Z,475,3,0,15,1,0,1,1,1,1785485789
2026-07-31T09:30:21Z,477,11,8,3,1,0,1,1,1,1785486182
2026-07-31T09:30:21Z,478,6,0,24,1,0,1,1,1,1785485789
2026-07-31T09:30:21Z,479,1,1,25,1,0,1,1,1,1785489149
2026-07-31T09:30:21Z,480,2,0,10,3,0,1,1,1,1785485789
2026-07-31T09:30:21Z,481,27,1,7,1,0,1,1,1,1785489917
2026-07-31T09:30:21Z,482,18,6,1,0,0,1,1,1,1785487895
2026-07-31T09:30:21Z,483,2,0,23,2,0,1,1,1,1785490133
2026-07-31T09:30:21Z,484,8,2,10,1,0,1,1,1,1785490110
2026-07-31T09:30:21Z,485,16,6,1,1,1,1,1,1,1785490205
2026-07-31T09:30:21Z,486,25,6,0,2,0,1,1,1,1785490189
2026-07-31T09:30:21Z,487,8,5,10,1,0,1,1,1,1785490150
2026-07-31T09:30:21Z,489,12,6,3,0,0,1,1,1,1785488501
2026-07-31T09:30:21Z,490,3,1,13,0,0,1,1,1,1785489499
2026-07-31T09:30:21Z,491,4,1,17,0,0,1,1,1,1785486090
2026-07-31T09:30:21Z,492,5,3,2,4,0,1,1,1,1785490214
2026-07-31T09:30:21Z,493,0,0,26,1,0,1,1,1,1785487895
2026-07-31T09:30:21Z,495,9,0,3,3,0,1,1,1,1785489700
2026-07-31T09:30:21Z,496,27,1,0,0,0,1,1,1,1785486089
2026-07-31T09:30:21Z,497,17,0,1,1,0,1,1,1,1785488201
2026-07-31T09:30:21Z,498,21,3,1,1,0,1,1,1,1785490089
2026-07-31T09:30:21Z,499,17,1,1,1,0,1,1,1,1785487896
2026-07-31T09:30:21Z,500,8,4,1,6,0,1,1,1,1785487895
2026-07-31T09:30:21Z,501,10,4,11,0,0,1,1,1,1785487896
2026-07-31T09:30:21Z,502,6,0,13,0,0,1,1,1,1785486089
2026-07-31T09:30:21Z,503,26,0,4,1,0,1,1,1,1785487895
2026-07-31T09:30:21Z,504,0,0,39,0,0,1,1,1,1785486562
2026-07-31T09:30:21Z,505,10,1,1,1,0,1,1,1,1785487586
2026-07-31T09:30:21Z,511,2,1,21,0,0,1,1,1,1785486354
2026-07-31T09:30:21Z,512,5,0,22,0,0,1,1,1,1785490037
2026-07-31T09:30:21Z,514,10,0,0,1,0,1,1,1,1785486089
2026-07-31T09:30:21Z,515,2,0,17,0,0,1,1,1,1785487895
2026-07-31T09:30:21Z,516,0,0,27,0,0,1,1,1,1785484039
2026-07-31T09:30:21Z,517,14,3,8,1,0,1,1,1,1785486090
2026-07-31T09:30:21Z,518,14,1,0,1,0,1,1,1,1785486390
2026-07-31T09:30:21Z,519,4,0,13,2,0,1,1,1,1785489254
2026-07-31T09:30:21Z,520,11,7,10,5,1,1,1,1,1785490210
2026-07-31T09:30:21Z,521,18,5,5,0,0,1,1,1,1785487895
2026-07-31T09:30:21Z,522,0,0,22,1,0,1,1,1,1785486390
2026-07-31T09:30:21Z,523,6,3,16,1,0,1,1,1,1785489661
2026-07-31T09:30:21Z,524,1,0,22,0,0,1,1,1,1785489530
2026-07-31T09:30:21Z,525,10,0,9,0,0,1,1,1,1785489376
2026-07-31T09:30:21Z,526,13,1,0,2,0,1,1,1,1785486390
2026-07-31T09:30:21Z,527,4,2,19,3,0,1,1,1,1785489929
2026-07-31T09:30:21Z,528,21,2,1,1,0,1,1,1,1785486390
2026-07-31T09:30:21Z,529,6,3,7,6,0,1,1,1,1785490213
2026-07-31T09:30:21Z,530,16,1,3,2,0,1,1,1,1785488201
2026-07-31T09:30:21Z,531,19,0,2,1,1,1,1,1,1785490098
2026-07-31T09:30:21Z,532,3,3,27,1,0,1,1,1,1785488341
2026-07-31T09:30:21Z,533,8,1,9,2,0,1,1,1,1785486390
2026-07-31T09:30:21Z,534,16,2,7,0,0,1,1,1,1785488202
2026-07-31T09:30:21Z,535,2,0,13,0,0,1,1,1,1785486390
2026-07-31T09:30:21Z,536,1,0,22,0,0,1,1,1,1785488201
2026-07-31T09:30:21Z,537,1,1,19,0,0,1,1,1,1785488280
2026-07-31T09:30:21Z,538,21,8,0,0,2,1,1,1,1785489990
2026-07-31T09:30:21Z,539,5,5,26,0,0,1,1,1,1785488201
2026-07-31T09:30:21Z,540,2,1,17,0,0,1,1,1,1785486391
2026-07-31T09:30:21Z,541,26,2,0,1,0,1,1,1,1785486390
2026-07-31T09:30:21Z,542,2,2,21,0,0,1,1,1,1785486390
2026-07-31T09:30:21Z,543,17,2,1,1,0,1,1,1,1785488201
2026-07-31T09:30:21Z,544,14,1,4,4,0,1,1,1,1785486390
2026-07-31T09:30:21Z,545,0,0,17,2,0,1,1,1,1785486390
2026-07-31T09:30:21Z,546,16,8,3,0,0,1,1,1,1785489048
2026-07-31T09:30:21Z,547,19,0,6,0,0,1,1,1,1785488201
2026-07-31T09:30:21Z,548,14,1,9,0,0,1,1,1,1785486390
2026-07-31T09:30:21Z,549,19,0,4,0,0,1,1,1,1785490211
2026-07-31T09:30:21Z,550,18,2,1,0,0,1,1,1,1785489656
2026-07-31T09:30:21Z,551,16,4,7,0,0,1,1,1,1785486390
2026-07-31T09:30:21Z,552,27,3,0,0,0,1,1,1,1785486390
2026-07-31T09:30:21Z,553,20,4,1,1,1,1,1,1,1785489915
2026-07-31T09:30:21Z,554,1,1,18,0,0,1,1,1,1785486691
2026-07-31T09:30:21Z,555,13,6,1,1,0,1,1,1,1785489915
2026-07-31T09:30:21Z,556,21,4,0,2,0,1,1,1,1785490042
2026-07-31T09:30:21Z,557,6,4,12,5,0,1,1,1,1785488202
2026-07-31T09:30:21Z,558,27,4,10,0,0,1,1,1,1785488201
2026-07-31T09:30:21Z,559,1,0,17,1,0,1,1,1,1785489501
2026-07-31T09:30:21Z,560,9,0,18,0,0,1,1,1,1785488201
2026-07-31T09:30:21Z,561,13,1,9,1,0,1,1,1,1785486390
2026-07-31T09:30:21Z,562,3,0,29,3,0,1,1,1,1785486691
2026-07-31T09:30:21Z,563,10,1,4,0,0,1,1,1,1785489327
2026-07-31T09:30:21Z,564,12,0,6,1,0,1,1,1,1785488201
2026-07-31T09:30:21Z,565,7,2,12,0,0,1,1,1,1785488201
2026-07-31T09:30:21Z,566,16,0,2,1,0,1,1,1,1785490151
2026-07-31T09:30:21Z,567,25,1,1,1,0,1,1,1,1785485492
2026-07-31T09:30:21Z,568,13,0,5,1,0,1,1,1,1785486691
2026-07-31T09:30:21Z,569,17,3,2,0,0,1,1,1,1785486691
2026-07-31T09:30:21Z,570,13,1,6,0,0,1,1,1,1785486691
2026-07-31T09:30:21Z,571,0,0,23,0,0,1,1,1,1785486691
2026-07-31T09:30:21Z,572,16,5,2,1,0,1,1,1,1785488201
2026-07-31T09:30:21Z,573,13,0,2,0,0,1,1,1,1785486691
2026-07-31T09:30:21Z,574,10,3,5,0,0,1,1,1,1785489676
2026-07-31T09:30:21Z,575,6,0,14,1,0,1,1,1,1785489599
2026-07-31T09:30:21Z,576,3,0,14,2,0,1,1,1,1785488201
2026-07-31T09:30:21Z,577,13,0,18,0,0,1,1,1,1785488201
2026-07-31T09:30:21Z,578,15,10,7,1,0,1,1,1,1785486996
2026-07-31T09:30:21Z,579,4,0,39,0,0,1,1,1,1785486691
2026-07-31T09:30:21Z,580,5,0,24,0,0,1,1,1,1785490191
2026-07-31T09:30:21Z,581,18,2,1,0,0,1,1,1,1785487551
2026-07-31T09:30:21Z,582,22,0,38,1,0,1,1,1,1785490199
2026-07-31T09:30:21Z,583,23,1,0,0,0,1,1,1,1785486691
2026-07-31T09:30:21Z,584,9,4,6,4,0,1,1,1,1785486691
2026-07-31T09:30:21Z,585,16,3,10,0,1,1,1,1,1785488201
2026-07-31T09:30:21Z,586,13,0,22,0,0,1,1,1,1785488201
2026-07-31T09:30:21Z,587,20,0,3,1,0,1,1,1,1785489118
2026-07-31T09:30:21Z,588,12,4,4,3,0,1,1,1,1785490085
2026-07-31T09:30:21Z,589,0,0,0,23,0,1,1,1,1785489915
2026-07-31T09:30:21Z,590,19,4,11,1,0,1,1,1,1785488201
2026-07-31T09:30:21Z,591,28,1,0,2,0,1,1,1,1785486691
2026-07-31T09:30:21Z,592,12,0,11,0,0,1,1,1,1785488952
2026-07-31T09:30:21Z,593,0,0,38,0,0,1,1,1,1785488201
2026-07-31T09:30:21Z,594,6,0,12,3,0,1,1,1,1785490148
2026-07-31T09:30:21Z,595,0,0,3,0,0,0,1,1,1784046673
2026-07-31T09:30:21Z,605,0,0,2,1,0,0,1,1,1783975843
2026-07-31T09:30:21Z,606,0,0,0,0,0,0,1,1,86400
2026-07-31T09:30:21Z,607,9,1,22,1,0,1,1,1,1785488201
2026-07-31T09:30:21Z,608,2,0,48,0,0,1,1,1,1785488575
2026-07-31T09:30:21Z,609,2,0,21,0,0,1,1,1,1785488201
2026-07-31T09:30:21Z,610,0,0,35,0,0,1,1,1,1785488201
2026-07-31T09:30:21Z,611,12,0,14,1,0,1,1,1,1785488201
2026-07-31T09:30:21Z,612,6,1,9,0,0,1,1,1,1785486691
2026-07-31T09:30:21Z,613,9,0,2,4,0,1,1,1,1785489318
2026-07-31T09:30:21Z,614,1,1,23,2,1,1,1,1,1785488202
2026-07-31T09:30:21Z,617,11,0,2,2,0,1,1,1,1785489767
2026-07-31T09:30:21Z,618,13,2,1,5,0,1,1,1,1785486690
2026-07-31T09:30:21Z,619,7,2,12,0,0,1,1,1,1785488201
2026-07-31T09:30:21Z,620,0,0,27,0,0,1,1,1,1785488201
2026-07-31T09:30:21Z,621,7,2,15,1,0,1,1,1,1785488201
2026-07-31T09:30:21Z,622,5,2,17,1,0,1,1,1,1785488201
2026-07-31T09:30:21Z,623,9,2,20,1,0,1,1,1,1785488201
2026-07-31T09:30:21Z,624,2,0,13,0,0,1,1,1,1785486691
2026-07-31T09:30:21Z,625,5,0,14,2,0,1,1,1,1785488201
2026-07-31T09:30:21Z,626,2,0,43,0,2,1,1,1,1785490207
2026-07-31T09:30:21Z,627,13,6,6,0,0,1,1,1,1785488201
2026-07-31T09:30:21Z,628,0,0,15,2,2,1,1,1,1785490004
2026-07-31T09:30:21Z,629,4,1,6,1,0,1,1,1,1785490067
2026-07-31T09:30:21Z,630,3,2,21,3,0,1,1,1,1785490198
2026-07-31T09:30:21Z,631,2,1,21,0,0,1,1,1,1785488201
2026-07-31T09:30:21Z,632,21,1,0,2,0,1,1,1,1785489788
2026-07-31T09:30:21Z,633,11,1,0,4,0,1,1,1,1785490000
2026-07-31T09:30:21Z,634,11,2,8,0,0,1,1,1,1785486991
2026-07-31T09:30:21Z,635,17,1,2,0,0,1,1,1,1785488201
2026-07-31T09:30:21Z,636,10,2,5,0,0,1,1,1,1785488201
2026-07-31T09:30:21Z,637,7,0,12,0,0,1,1,1,1785490209
2026-07-31T09:30:21Z,638,9,2,8,2,0,1,1,1,1785489804
2026-07-31T09:30:21Z,639,5,1,11,3,0,1,1,1,1785479066
2026-07-31T09:30:21Z,640,1,1,21,1,0,1,1,1,1785490198
2026-07-31T09:30:21Z,641,21,1,3,2,0,1,1,1,1785487278
2026-07-31T09:30:21Z,642,4,2,7,8,0,1,1,1,1785490211
2026-07-31T09:30:21Z,643,2,0,17,8,0,1,1,1,1785490214
2026-07-31T09:30:21Z,644,12,0,2,1,0,1,1,1,1785486991
2026-07-31T09:30:21Z,645,11,0,10,1,1,1,1,1,1785488495
2026-07-31T09:30:21Z,646,7,2,12,0,0,1,1,1,1785490077
2026-07-31T09:30:21Z,647,31,1,0,0,0,1,1,1,1785488201
2026-07-31T09:30:21Z,648,6,0,12,1,0,1,1,1,1785488201
2026-07-31T09:30:21Z,649,17,2,13,1,0,1,1,1,1785489994
2026-07-31T09:30:21Z,650,5,1,9,0,0,1,1,1,1785488201
2026-07-31T09:30:21Z,651,11,9,12,0,0,1,1,1,1785482207
2026-07-31T09:30:21Z,652,4,2,17,2,0,1,1,1,1785490187
2026-07-31T09:30:21Z,653,8,1,9,2,0,1,1,1,1785488201
2026-07-31T09:30:21Z,654,2,2,13,0,0,1,1,1,1785488202
2026-07-31T09:30:21Z,655,6,3,2,4,1,1,1,1,1785490095
2026-07-31T09:30:21Z,656,19,7,0,0,0,1,1,1,1785489841
2026-07-31T09:30:21Z,657,9,1,3,2,3,1,1,1,1785490131
2026-07-31T09:30:21Z,658,9,1,1,0,0,1,1,1,1785473427
2026-07-31T09:30:21Z,659,8,3,5,2,0,1,1,1,1785488201
2026-07-31T09:30:21Z,660,13,0,14,4,0,1,1,1,1785490105
2026-07-31T09:30:21Z,661,1,1,18,0,0,1,1,1,1785488202
2026-07-31T09:30:21Z,662,7,5,14,2,0,1,1,1,1785480458
2026-07-31T09:30:21Z,663,14,6,0,1,0,1,1,1,1785488201
2026-07-31T09:30:21Z,664,0,0,27,0,0,1,1,1,1785472715
2026-07-31T09:30:21Z,665,12,3,3,0,0,1,1,1,1785488202
2026-07-31T09:30:21Z,666,7,2,6,2,0,1,1,1,1785488201
2026-07-31T09:30:21Z,667,0,0,19,0,0,1,1,1,1785486991
2026-07-31T09:30:21Z,668,10,1,8,1,0,1,1,1,1785488201
2026-07-31T09:30:21Z,669,14,5,0,0,0,1,1,1,1785488201
2026-07-31T09:30:21Z,670,11,2,16,0,0,1,1,1,1785486992
2026-07-31T09:30:21Z,671,24,5,2,1,0,1,1,1,1785489576
2026-07-31T09:30:21Z,672,13,2,6,3,1,1,1,1,1785486991
2026-07-31T09:30:21Z,673,11,0,10,2,0,1,1,1,1785489742
2026-07-31T09:30:21Z,674,3,2,17,3,0,1,1,1,1785489998
2026-07-31T09:30:21Z,675,12,6,1,2,0,1,1,1,1785489998
2026-07-31T09:30:21Z,676,6,1,15,1,0,1,1,1,1785488643
2026-07-31T09:30:21Z,681,12,3,1,2,0,1,1,1,1785489270
2026-07-31T09:30:21Z,682,4,1,14,1,0,1,1,1,1785486991
2026-07-31T09:30:21Z,683,4,1,15,0,0,1,1,1,1785490156
2026-07-31T09:30:21Z,684,3,0,24,0,0,1,1,1,1785487883
2026-07-31T09:30:21Z,685,10,0,15,1,1,1,1,1,1785488201
2026-07-31T09:30:21Z,686,11,0,14,1,1,1,1,1,1785488095
2026-07-31T09:30:21Z,687,11,0,18,1,1,1,1,1,1785490187
2026-07-31T09:30:21Z,688,10,0,2,7,0,1,1,1,1785489942
2026-07-31T09:30:21Z,692,4,1,17,0,0,1,1,1,1785489419
2026-07-31T09:30:21Z,693,5,0,3,3,0,1,1,1,1785488989
2026-07-31T09:30:21Z,694,9,5,12,0,0,1,1,1,1785488738
2026-07-31T09:30:21Z,695,17,11,6,0,0,1,1,1,1785488876
2026-07-31T09:30:21Z,696,19,14,3,1,0,1,1,1,1785488796
2026-07-31T09:30:21Z,697,21,2,2,0,0,1,1,1,1785490209
2026-07-31T09:30:21Z,698,27,1,0,0,0,1,1,1,1785489751
2026-07-31T09:30:21Z,699,7,0,7,1,0,1,1,1,1785489288
2026-07-31T09:30:21Z,700,19,4,0,0,0,1,1,1,1785489415
2026-07-31T09:30:21Z,701,17,6,2,0,0,1,1,1,1785488846
2026-07-31T09:30:21Z,702,18,0,4,1,0,1,1,1,1785489871
2026-07-31T09:30:21Z,704,9,2,6,0,0,1,1,1,1785490062
2026-07-31T09:30:21Z,705,5,3,9,1,0,1,1,1,1785489527
2026-07-31T09:30:21Z,706,12,2,0,3,0,1,1,1,1785488813
2026-07-31T09:30:21Z,707,10,2,5,0,0,1,1,1,1785489452
2026-07-31T09:30:21Z,708,18,2,0,1,0,1,1,1,1785489657
2026-07-31T09:30:21Z,709,11,1,1,3,0,1,1,1,1785489473
2026-07-31T09:30:21Z,710,16,3,2,1,0,1,1,1,1785488887
2026-07-31T09:30:21Z,711,19,4,0,4,0,1,1,1,1785488952
2026-07-31T09:30:21Z,712,15,10,0,0,0,1,1,1,1785488829
2026-07-31T09:30:21Z,713,6,0,17,0,0,1,1,1,1785489924
2026-07-31T09:30:21Z,716,3,1,12,0,0,1,1,1,1785489172
2026-07-31T09:30:21Z,717,3,1,19,3,0,1,1,1,1785489249
2026-07-31T09:30:21Z,718,3,1,11,1,0,1,1,1,1785488999
2026-07-31T09:30:21Z,719,7,1,22,0,0,1,1,1,1785488407
2026-07-31T09:30:21Z,720,2,1,17,0,0,1,1,1,1785489464
2026-07-31T09:30:21Z,721,0,0,21,2,0,1,1,1,1785488444
2026-07-31T09:30:21Z,722,5,0,10,0,0,1,1,1,1785489217
2026-07-31T09:30:21Z,723,12,1,11,0,0,1,1,1,1785489252
2026-07-31T09:30:21Z,724,21,4,2,0,0,1,1,1,1785488592
2026-07-31T09:30:21Z,725,22,6,0,1,0,1,1,1,1785489978
2026-07-31T09:30:21Z,726,19,3,0,0,0,1,1,1,1785490181
2026-07-31T09:30:21Z,727,9,4,12,2,0,1,1,1,1785490210
2026-07-31T09:30:21Z,728,9,0,5,1,0,1,1,1,1785489766
2026-07-31T09:30:21Z,729,6,0,13,0,0,1,1,1,1785488827
2026-07-31T09:30:21Z,730,3,2,10,2,0,1,1,1,1785488547
2026-07-31T09:30:21Z,731,10,3,4,1,0,1,1,1,1785489473
2026-07-31T09:30:21Z,732,9,5,6,0,0,1,1,1,1785488697
2026-07-31T09:30:21Z,733,4,0,23,0,0,1,1,1,1785489486
2026-07-31T09:30:21Z,734,0,0,14,0,0,1,1,1,1785488659
2026-07-31T09:30:21Z,735,4,3,23,0,0,1,1,1,1785489349
2026-07-31T09:30:21Z,736,7,1,12,0,0,1,1,1,1785489902
2026-07-31T09:30:21Z,737,4,3,10,0,1,1,1,1,1785489890
2026-07-31T09:30:21Z,738,16,5,1,2,0,1,1,1,1785490095
2026-07-31T09:30:21Z,739,19,2,7,1,0,1,1,1,1785489510
2026-07-31T09:30:21Z,741,7,1,16,0,0,1,1,1,1785489794
2026-07-31T09:30:21Z,742,5,0,27,3,0,1,1,1,1785489910
2026-07-31T09:30:21Z,743,8,3,9,2,0,1,1,1,1785489664
2026-07-31T09:30:21Z,744,11,4,3,1,0,1,1,1,1785490170
2026-07-31T09:30:21Z,745,14,4,4,1,0,1,1,1,1785490178
2026-07-31T09:30:21Z,746,12,3,9,2,0,1,1,1,1785489153
2026-07-31T09:30:21Z,747,0,0,4,0,0,0,1,1,1783446606
2026-07-31T09:30:21Z,748,10,1,13,0,0,1,1,1,1785489150
2026-07-31T09:30:21Z,749,7,5,15,1,0,1,1,1,1785489065
2026-07-31T09:30:21Z,750,3,2,8,0,0,1,1,1,1785489975
2026-07-31T09:30:21Z,751,8,0,15,0,0,1,1,1,1785488585
2026-07-31T09:30:21Z,752,13,1,3,1,0,1,1,1,1785490194
2026-07-31T09:30:21Z,753,5,0,10,0,0,1,1,1,1785489757
2026-07-31T09:30:21Z,754,1,1,13,1,0,1,1,1,1785488910
2026-07-31T09:30:21Z,755,12,3,10,1,0,1,1,1,1785489031
2026-07-31T09:30:21Z,756,2,0,35,0,0,1,1,1,1785489747
2026-07-31T09:30:21Z,757,18,9,1,0,0,1,1,1,1785489143
2026-07-31T09:30:21Z,758,22,3,1,0,0,1,1,1,1785488749
2026-07-31T09:30:21Z,759,5,3,10,0,0,1,1,1,1785488477
2026-07-31T09:30:21Z,760,8,3,11,0,0,1,1,1,1785488200
2026-07-31T09:30:21Z,761,16,0,6,1,0,1,1,1,1785489597
2026-07-31T09:30:21Z,762,7,4,4,4,0,1,1,1,1785489422
2026-07-31T09:30:21Z,768,8,0,8,3,0,1,1,1,1785488586
2026-07-31T09:30:21Z,769,16,12,3,0,0,1,1,1,1785490026
2026-07-31T09:30:21Z,770,11,3,6,2,0,1,1,1,1785489961
2026-07-31T09:30:21Z,771,13,3,1,1,0,1,1,1,1785489394
2026-07-31T09:30:21Z,772,7,3,8,0,0,1,1,1,1785490020
2026-07-31T09:30:21Z,773,15,4,4,0,0,1,1,1,1785489853
2026-07-31T09:30:21Z,774,9,5,3,3,0,1,1,1,1785489799
2026-07-31T09:30:21Z,775,6,0,11,1,1,1,1,1,1785488308
2026-07-31T09:30:21Z,776,3,1,17,1,0,1,1,1,1785490183
2026-07-31T09:30:21Z,777,10,0,2,3,0,1,1,1,1785489911
2026-07-31T09:30:21Z,778,13,0,3,3,0,1,1,1,1785490151
2026-07-31T09:30:21Z,779,8,1,10,1,0,1,1,1,1785488945
2026-07-31T09:30:21Z,780,17,4,1,1,0,1,1,1,1785488567
2026-07-31T09:30:21Z,781,6,2,3,2,0,1,1,1,1785488897
2026-07-31T09:30:21Z,782,5,3,10,4,0,1,1,1,1785489680
2026-07-31T09:30:21Z,783,7,1,12,0,0,1,1,1,1785488954
2026-07-31T09:30:21Z,784,15,2,4,0,0,1,1,1,1785488562
2026-07-31T09:30:21Z,785,11,2,2,6,0,1,1,1,1785489125
2026-07-31T09:30:21Z,786,11,5,8,0,0,1,1,1,1785488769
2026-07-31T09:30:21Z,787,11,5,2,2,0,1,1,1,1785488411
2026-07-31T09:30:21Z,788,3,0,12,0,0,1,1,1,1785489445
2026-07-31T09:30:21Z,789,10,2,1,4,0,1,1,1,1785489678
2026-07-31T09:30:21Z,790,2,0,21,0,0,1,1,1,1785490077
2026-07-31T09:30:21Z,791,7,2,11,0,1,1,1,1,1785489609
2026-07-31T09:30:21Z,793,4,0,10,1,0,1,1,1,1785489819
2026-07-31T09:30:21Z,794,8,3,19,2,0,1,1,1,1785488459
2026-07-31T09:30:21Z,796,0,0,17,2,0,1,1,1,1785489613
2026-07-31T09:30:21Z,797,1,0,14,0,0,1,1,1,1785487593
2026-07-31T09:30:21Z,798,6,0,18,1,0,1,1,1,1785489446
2026-07-31T09:30:21Z,799,15,1,1,3,0,1,1,1,1785489582
2026-07-31T09:30:21Z,800,1,0,19,1,0,1,1,1,1785489208
2026-07-31T09:30:21Z,801,4,2,16,1,0,1,1,1,1785489637
2026-07-31T09:30:21Z,802,8,0,23,0,0,1,1,1,1785489739
2026-07-31T09:30:21Z,803,1,1,14,0,0,1,1,1,1785489413
2026-07-31T09:30:21Z,806,8,3,7,0,0,1,1,1,1785488200
2026-07-31T09:30:21Z,807,14,0,8,3,0,1,1,1,1785490018
2026-07-31T09:30:21Z,808,0,0,23,2,0,1,1,1,1785488225
2026-07-31T09:30:21Z,809,5,1,17,1,0,1,1,1,1785489584
2026-07-31T09:30:21Z,810,2,0,13,4,0,1,1,1,1785490047
2026-07-31T09:30:21Z,815,4,1,6,4,1,1,1,1,1785489715
2026-07-31T09:30:21Z,817,10,5,5,0,0,1,1,1,1785488927
2026-07-31T09:30:21Z,818,6,0,16,1,0,1,1,1,1785490155
2026-07-31T09:30:21Z,819,6,4,9,0,0,1,1,1,1785487291
2026-07-31T09:30:21Z,820,8,2,9,0,0,1,1,1,1785488848
2026-07-31T09:30:21Z,821,2,1,13,0,0,1,1,1,1785489777
2026-07-31T09:30:21Z,822,1,0,20,2,0,1,1,1,1785490096
2026-07-31T09:30:21Z,823,0,0,14,1,0,1,1,1,1785489244
2026-07-31T09:30:21Z,824,12,3,6,1,0,1,1,1,1785488710
2026-07-31T09:30:21Z,825,8,5,7,0,0,1,1,1,1785488201
2026-07-31T09:30:21Z,826,10,2,8,1,0,1,1,1,1785488718
2026-07-31T09:30:21Z,827,16,5,4,1,0,1,1,1,1785490040
2026-07-31T09:30:21Z,828,10,0,7,1,0,1,1,1,1785489927
2026-07-31T09:30:21Z,829,16,7,11,0,0,1,1,1,1785488956
2026-07-31T09:30:21Z,830,12,3,10,1,0,1,1,1,1785490021
2026-07-31T09:30:21Z,831,7,2,7,1,0,1,1,1,1785489217
2026-07-31T09:30:21Z,832,10,3,5,3,0,1,1,1,1785489300
2026-07-31T09:30:21Z,833,1,0,17,1,0,1,1,1,1785489056
2026-07-31T09:30:21Z,834,1,0,22,1,0,1,1,1,1785488555
2026-07-31T09:30:21Z,835,16,6,0,2,0,1,1,1,1785488785
2026-07-31T09:30:21Z,837,5,1,0,10,0,1,1,1,1785489281
2026-07-31T09:30:21Z,838,14,3,1,0,0,1,1,1,1785489950
2026-07-31T09:30:21Z,839,20,1,9,0,0,1,1,1,1785488063
2026-07-31T09:30:21Z,840,7,3,20,2,0,1,1,1,1785489560
2026-07-31T09:30:21Z,841,7,1,8,0,0,1,1,1,1785489213
2026-07-31T09:30:21Z,842,7,2,16,0,0,1,1,1,1785489004
2026-07-31T09:30:21Z,843,8,0,22,1,0,1,1,1,1785489239
2026-07-31T09:30:21Z,844,6,0,17,0,0,1,1,1,1785489202
2026-07-31T09:30:21Z,845,5,3,12,2,0,1,1,1,1785489388
2026-07-31T09:30:21Z,846,4,0,13,2,0,1,1,1,1785488523
2026-07-31T09:30:21Z,847,7,1,20,0,0,1,1,1,1785490125
2026-07-31T09:30:21Z,848,10,3,8,1,0,1,1,1,1785488215
2026-07-31T09:30:21Z,849,7,2,8,0,0,1,1,1,1785490186
2026-07-31T09:30:21Z,850,9,0,1,1,0,1,1,1,1785488617
2026-07-31T09:30:21Z,851,3,3,32,2,0,1,1,1,1785488451
2026-07-31T09:30:21Z,852,12,6,7,0,0,1,1,1,1785489104
2026-07-31T09:30:21Z,853,10,5,13,0,0,1,1,1,1785489977
2026-07-31T09:30:21Z,854,3,2,12,0,0,1,1,1,1785490048
2026-07-31T09:30:21Z,855,25,0,2,0,0,1,1,1,1785488200
2026-07-31T09:30:21Z,857,1,1,18,0,0,1,1,1,1785489302
2026-07-31T09:30:21Z,858,4,1,14,1,0,1,1,1,1785489758
2026-07-31T09:30:21Z,859,3,0,17,1,0,1,1,1,1785489983
2026-07-31T09:30:21Z,861,8,1,2,1,0,1,1,1,1785488201
2026-07-31T09:30:21Z,862,2,1,13,0,0,1,1,1,1785489241
2026-07-31T09:30:21Z,863,13,0,5,1,0,1,1,1,1785488200
2026-07-31T09:30:21Z,866,11,3,8,0,0,1,1,1,1785489540
2026-07-31T09:30:21Z,867,12,0,3,0,0,1,1,1,1785488857
2026-07-31T09:30:21Z,868,13,2,2,0,0,1,1,1,1785489062
2026-07-31T09:30:21Z,870,7,4,6,2,0,1,1,1,1785489278
2026-07-31T09:30:21Z,871,0,0,10,1,0,1,1,1,1785488661
2026-07-31T09:30:21Z,872,0,0,14,1,0,1,1,1,1785489199
2026-07-31T09:30:21Z,873,0,0,32,1,0,1,1,1,1785489175
2026-07-31T09:30:21Z,874,5,2,7,3,0,1,1,1,1785489378
2026-07-31T09:30:21Z,875,14,10,0,1,0,1,1,1,1785489343
2026-07-31T09:30:21Z,877,11,10,6,2,0,1,1,1,1785488804
2026-07-31T09:30:21Z,878,3,2,15,1,0,1,1,1,1785489385
2026-07-31T09:30:21Z,879,1,0,18,0,0,1,1,1,1785488426
2026-07-31T09:30:21Z,880,3,0,19,1,0,1,1,1,1785489345
2026-07-31T09:30:21Z,881,2,0,17,0,0,1,1,1,1785489237
2026-07-31T09:30:21Z,882,10,0,6,3,0,1,1,1,1785488200
2026-07-31T09:30:21Z,883,10,6,9,0,0,1,1,1,1785489506
2026-07-31T09:30:21Z,884,11,7,10,0,0,1,1,1,1785489985
2026-07-31T09:30:21Z,885,1,0,18,0,0,1,1,1,1785489086
2026-07-31T09:30:21Z,886,17,1,11,1,0,1,1,1,1785489875
2026-07-31T09:30:21Z,887,3,1,11,3,0,1,1,1,1785489803
2026-07-31T09:30:21Z,888,12,0,27,2,0,1,1,1,1785490133
2026-07-31T09:30:21Z,889,17,1,0,2,0,1,1,1,1785489394
2026-07-31T09:30:21Z,890,6,4,9,0,0,1,1,1,1785489632
2026-07-31T09:30:21Z,891,20,0,2,1,0,1,1,1,1785488578
2026-07-31T09:30:21Z,892,13,1,2,0,0,1,1,1,1785488200
2026-07-31T09:30:21Z,895,0,0,18,1,0,1,1,1,1785489208
2026-07-31T09:30:21Z,896,6,0,29,0,0,1,1,1,1785488200
2026-07-31T09:30:21Z,897,11,1,10,0,0,1,1,1,1785489274
2026-07-31T09:30:21Z,898,2,0,17,0,0,1,1,1,1785489005
2026-07-31T09:30:21Z,899,0,0,18,1,0,1,1,1,1785490052
2026-07-31T09:30:21Z,900,19,1,6,2,0,1,1,1,1785488441
2026-07-31T09:30:21Z,901,12,0,6,1,0,1,1,1,1785489765
2026-07-31T09:30:21Z,902,9,0,5,1,0,1,1,1,1785488945
2026-07-31T09:30:21Z,903,14,2,4,1,0,1,1,1,1785490197
2026-07-31T09:30:21Z,904,10,4,8,1,0,1,1,1,1785489393
2026-07-31T09:30:21Z,905,4,0,23,0,0,1,1,1,1785489492
2026-07-31T09:30:21Z,906,8,5,19,0,0,1,1,1,1785488423
2026-07-31T09:30:21Z,907,6,1,25,0,0,1,1,1,1785489584
2026-07-31T09:30:21Z,908,11,0,12,0,0,1,1,1,1785489379
2026-07-31T09:30:21Z,909,14,4,8,1,0,1,1,1,1785489020
2026-07-31T09:30:21Z,910,20,0,11,0,0,1,1,1,1785489298
2026-07-31T09:30:21Z,911,3,0,16,0,0,1,1,1,1785488938
2026-07-31T09:30:21Z,912,9,5,12,2,0,1,1,1,1785489864
2026-07-31T09:30:21Z,913,3,1,16,0,0,1,1,1,1785489919
2026-07-31T09:30:21Z,914,6,1,13,0,0,1,1,1,1785489740
2026-07-31T09:30:21Z,915,7,0,15,1,0,1,1,1,1785489494
2026-07-31T09:30:21Z,916,23,8,0,0,0,1,1,1,1785489536
2026-07-31T09:30:21Z,917,4,0,29,2,0,1,1,1,1785490128
2026-07-31T09:30:21Z,918,13,5,4,2,0,1,1,1,1785489306
2026-07-31T09:30:21Z,919,13,3,25,1,0,1,1,1,1785489996
2026-07-31T09:30:21Z,920,4,2,15,0,0,1,1,1,1785489734
2026-07-31T09:30:21Z,921,12,0,9,0,0,1,1,1,1785489069
2026-07-31T09:30:21Z,922,4,1,17,0,0,1,1,1,1785489871
2026-07-31T09:30:21Z,923,19,2,0,0,0,1,1,1,1785488747
2026-07-31T09:30:21Z,924,8,2,13,0,0,1,1,1,1785490084
2026-07-31T09:30:21Z,925,13,0,8,0,0,1,1,1,1785489547
2026-07-31T09:30:21Z,926,0,0,21,0,0,1,1,1,1785489688
2026-07-31T09:30:21Z,927,1,0,34,0,0,1,1,1,1785490089
2026-07-31T09:30:21Z,928,5,3,14,0,0,1,1,1,1785464301
2026-07-31T09:30:21Z,929,0,0,23,0,0,1,1,1,1785488702
2026-07-31T09:30:21Z,930,0,0,30,1,0,1,1,1,1785489297
2026-07-31T09:30:21Z,931,8,3,15,0,0,1,1,1,1785489618
2026-07-31T09:30:21Z,932,4,0,12,3,0,1,1,1,1785489457
2026-07-31T09:30:21Z,933,0,0,23,0,0,1,1,1,1785489669
2026-07-31T09:30:21Z,934,3,0,27,1,0,1,1,1,1785489542
2026-07-31T09:30:21Z,935,9,2,9,1,0,1,1,1,1785488436
2026-07-31T09:30:21Z,936,4,1,15,0,0,1,1,1,1785456801
2026-07-31T09:30:21Z,940,10,0,1,0,0,1,1,1,1785487595
2026-07-31T09:30:21Z,941,10,1,13,2,0,1,1,1,1785489809
2026-07-31T09:30:21Z,942,5,0,16,0,0,1,1,1,1785490186
2026-07-31T09:30:21Z,943,9,8,6,0,0,1,1,1,1785489313
2026-07-31T09:30:21Z,944,9,8,6,0,0,1,1,1,1785489128
2026-07-31T09:30:21Z,945,10,8,5,0,0,1,1,1,1785488641
2026-07-31T09:30:21Z,946,7,5,12,0,0,1,1,1,1785487593
2026-07-31T09:30:21Z,947,7,5,10,0,0,1,1,1,1785489142
2026-07-31T09:30:21Z,948,25,8,1,5,0,1,1,1,1785490075
2026-07-31T09:30:21Z,949,2,0,13,0,0,1,1,1,1785490164
2026-07-31T09:30:21Z,950,16,4,0,1,0,1,1,1,1785489154
2026-07-31T09:30:21Z,951,18,4,5,0,0,1,1,1,1785489351
2026-07-31T09:30:21Z,952,7,0,48,0,0,1,1,1,1785488660
2026-07-31T09:30:21Z,953,14,2,0,1,0,1,1,1,1785488411
2026-07-31T09:30:21Z,954,17,4,2,0,0,1,1,1,1785489251
2026-07-31T09:30:21Z,955,4,3,17,6,0,1,1,1,1785490039
2026-07-31T09:30:21Z,956,22,1,0,1,0,1,1,1,1785489322
2026-07-31T09:30:21Z,957,15,0,14,0,0,1,1,1,1785488533
2026-07-31T09:30:21Z,958,19,0,12,0,0,1,1,1,1785489862
2026-07-31T09:30:21Z,959,20,8,0,3,0,1,1,1,1785489029
2026-07-31T09:30:21Z,960,22,1,0,1,0,1,1,1,1785489512
2026-07-31T09:30:21Z,961,3,2,17,3,0,1,1,1,1785489860
2026-07-31T09:30:21Z,962,8,3,24,3,0,1,1,1,1785490115
2026-07-31T09:30:21Z,963,6,0,16,1,0,1,1,1,1785489228
2026-07-31T09:30:21Z,964,21,8,1,1,0,1,1,1,1785488862
2026-07-31T09:30:21Z,965,5,1,21,1,0,1,1,1,1785489359
2026-07-31T09:30:21Z,966,28,0,3,0,0,1,1,1,1785489864
2026-07-31T09:30:21Z,967,20,0,0,1,0,1,1,1,1785488969
2026-07-31T09:30:21Z,968,15,0,3,1,0,1,1,1,1785490137
2026-07-31T09:30:21Z,969,10,6,15,2,0,1,1,1,1785489075
2026-07-31T09:30:21Z,970,11,1,7,1,0,1,1,1,1785489465
2026-07-31T09:30:21Z,971,15,0,7,1,0,1,1,1,1785489437
2026-07-31T09:30:21Z,972,9,1,13,1,0,1,1,1,1785489103
2026-07-31T09:30:21Z,973,8,3,14,1,0,1,1,1,1785489554
2026-07-31T09:30:21Z,974,12,0,15,0,0,1,1,1,1785489818
2026-07-31T09:30:21Z,977,7,7,11,3,0,1,1,1,1785489372
2026-07-31T09:30:21Z,978,11,0,12,0,0,1,1,1,1785488420
2026-07-31T09:30:21Z,979,14,1,3,0,0,1,1,1,1785489783
2026-07-31T09:30:21Z,980,1,0,18,2,0,1,1,1,1785489161
2026-07-31T09:30:21Z,981,19,1,1,1,0,1,1,1,1785488868
2026-07-31T09:30:21Z,982,3,1,14,2,0,1,1,1,1785489172
2026-07-31T09:30:21Z,983,2,1,20,1,0,1,1,1,1785489586
2026-07-31T09:30:21Z,984,6,0,17,0,0,1,1,1,1785488761
2026-07-31T09:30:21Z,985,8,0,23,0,0,1,1,1,1785489863
2026-07-31T09:30:21Z,986,4,0,15,0,0,1,1,1,1785489169
2026-07-31T09:30:21Z,987,6,0,16,1,0,1,1,1,1785489706
2026-07-31T09:30:21Z,988,5,1,13,1,0,1,1,1,1785489321
2026-07-31T09:30:21Z,989,9,4,10,0,0,1,1,1,1785490127
2026-07-31T09:30:21Z,990,13,1,0,2,0,1,1,1,1785489373
2026-07-31T09:30:21Z,991,10,2,8,1,0,1,1,1,1785489034
2026-07-31T09:30:21Z,992,10,7,12,1,0,1,1,1,1785489908
2026-07-31T09:30:21Z,993,0,0,27,0,0,1,1,1,1785476008
2026-07-31T09:30:21Z,994,3,1,18,0,0,1,1,1,1785490122
2026-07-31T09:30:21Z,995,8,2,19,0,0,1,1,1,1785489342
2026-07-31T09:30:21Z,996,8,1,15,0,0,1,1,1,1785489144
2026-07-31T09:30:21Z,997,11,5,10,2,0,1,1,1,1785489507
2026-07-31T09:30:21Z,998,3,2,19,1,0,1,1,1,1785489459
2026-07-31T09:30:21Z,999,3,1,15,2,1,1,1,1,1785489241
2026-07-31T09:30:21Z,1000,4,2,17,0,0,1,1,1,1785490029
2026-07-31T09:30:21Z,1001,1,0,26,0,0,1,1,1,1785489482
2026-07-31T09:30:21Z,1002,0,0,27,4,0,1,1,1,1785489483
2026-07-31T09:30:21Z,1003,0,0,22,1,0,1,1,1,1785489108
2026-07-31T09:30:21Z,1004,8,1,15,0,0,1,1,1,1785488547
2026-07-31T09:30:21Z,1005,20,1,3,0,0,1,1,1,1785489296
2026-07-31T09:30:21Z,1006,7,4,11,1,0,1,1,1,1785489132
2026-07-31T09:30:21Z,1007,2,1,19,0,0,1,1,1,1785488763
2026-07-31T09:30:21Z,1008,6,5,15,2,0,1,1,1,1785490083
2026-07-31T09:30:21Z,1009,19,2,8,4,0,1,1,1,1785489952
2026-07-31T09:30:21Z,1010,7,2,20,0,0,1,1,1,1785488967
2026-07-31T09:30:21Z,1011,8,2,9,2,0,1,1,1,1785489506
2026-07-31T09:30:21Z,1012,4,3,18,1,0,1,1,1,1785489062
2026-07-31T09:30:21Z,1013,4,1,18,1,0,1,1,1,1785489660
2026-07-31T09:30:21Z,1014,7,2,13,3,0,1,1,1,1785489580
2026-07-31T09:30:21Z,1015,3,1,25,3,0,1,1,1,1785489856
2026-07-31T09:30:21Z,1016,10,5,21,0,0,1,1,1,1785488923
2026-07-31T09:30:21Z,1017,14,5,7,0,0,1,1,1,1785488466
2026-07-31T09:30:21Z,1018,7,2,15,0,0,1,1,1,1785489150
2026-07-31T09:30:21Z,1019,9,6,6,0,0,1,1,1,1785489080
2026-07-31T09:30:21Z,1020,18,3,3,0,0,1,1,1,1785490154
2026-07-31T09:30:21Z,1021,9,3,5,1,0,1,1,1,1785489881
2026-07-31T09:30:21Z,1022,14,0,13,0,0,1,1,1,1785489240
2026-07-31T09:30:21Z,1023,13,1,9,1,0,1,1,1,1785488884
2026-07-31T09:30:21Z,1024,5,2,13,1,0,1,1,1,1785489883
2026-07-31T09:30:21Z,1025,4,0,14,0,1,1,1,1,1785489208
2026-07-31T09:30:21Z,1026,8,5,18,5,0,1,1,1,1785490082
2026-07-31T09:30:21Z,1028,2,0,20,1,0,1,1,1,1785489240
2026-07-31T09:30:21Z,1029,9,9,5,1,0,1,1,1,1785490177
2026-07-31T09:30:21Z,1030,14,5,9,0,0,1,1,1,1785489922
2026-07-31T09:30:21Z,1031,8,0,11,0,0,1,1,1,1785488475
2026-07-31T09:30:21Z,1032,7,1,12,0,0,1,1,1,1785489137
2026-07-31T09:30:21Z,1033,9,5,9,1,0,1,1,1,1785489950
2026-07-31T09:30:21Z,1034,2,0,13,0,0,1,1,1,1785489154
2026-07-31T09:30:21Z,1035,1,0,16,2,0,1,1,1,1785489182
2026-07-31T09:30:21Z,1036,15,1,0,0,0,1,1,1,1785489733
2026-07-31T09:30:21Z,1037,4,0,14,1,0,1,1,1,1785489585
2026-07-31T09:30:21Z,1038,2,0,12,1,0,1,1,1,1785488852
2026-07-31T09:30:21Z,1039,7,2,12,0,0,1,1,1,1785489291
2026-07-31T09:30:21Z,1040,7,3,10,2,0,1,1,1,1785489174
2026-07-31T09:30:21Z,1041,10,3,8,1,0,1,1,1,1785489867
2026-07-31T09:30:21Z,1042,12,1,1,2,0,1,1,1,1785489321
2026-07-31T09:30:21Z,1043,9,0,7,3,0,1,1,1,1785489211
2026-07-31T09:30:21Z,1044,2,1,12,1,0,1,1,1,1785488907
2026-07-31T09:30:21Z,1045,11,1,8,0,0,1,1,1,1785489125
2026-07-31T09:30:21Z,1046,9,0,6,0,0,1,1,1,1785488532
2026-07-31T09:30:21Z,1047,4,0,17,0,0,1,1,1,1785489890
2026-07-31T09:30:21Z,1048,10,1,9,0,0,1,1,1,1785489102
2026-07-31T09:30:21Z,1049,6,0,15,0,0,1,1,1,1785489164
2026-07-31T09:30:21Z,1050,17,4,4,0,0,1,1,1,1785488446
2026-07-31T09:30:21Z,1051,8,3,13,0,0,1,1,1,1785490155
2026-07-31T09:30:21Z,1052,17,2,5,0,0,1,1,1,1785488963
2026-07-31T09:30:21Z,1053,2,1,13,0,0,1,1,1,1785489032
2026-07-31T09:30:21Z,1054,14,1,1,0,0,1,1,1,1785489292
2026-07-31T09:30:21Z,1055,7,1,12,0,0,1,1,1,1785489269
2026-07-31T09:30:21Z,1057,18,0,0,1,0,1,1,1,1785488961
2026-07-31T09:30:21Z,1058,1,0,55,0,0,1,1,1,1785489199
2026-07-31T09:30:21Z,1059,0,0,18,1,0,1,1,1,1785489163
2026-07-31T09:30:21Z,1060,30,0,7,0,0,1,1,1,1785489948
2026-07-31T09:30:21Z,1061,7,1,29,1,0,1,1,1,1785489255
2026-07-31T09:30:21Z,1062,2,0,15,0,0,1,1,1,1785489647
2026-07-31T09:30:21Z,1063,12,1,6,1,0,1,1,1,1785489181
2026-07-31T09:30:21Z,1064,3,0,19,1,0,1,1,1,1785489511
2026-07-31T09:30:21Z,1065,16,3,7,0,0,1,1,1,1785489750
2026-07-31T09:30:21Z,1066,10,2,13,0,0,1,1,1,1785489576
2026-07-31T09:30:21Z,1067,8,2,13,2,0,1,1,1,1785489843
2026-07-31T09:30:21Z,1068,8,2,13,2,0,1,1,1,1785489334
2026-07-31T09:30:21Z,1069,12,3,11,0,0,1,1,1,1785489384
2026-07-31T09:30:21Z,1070,12,2,11,0,0,1,1,1,1785489481
2026-07-31T09:30:21Z,1071,7,4,16,0,0,1,1,1,1785489520
2026-07-31T09:30:21Z,1072,11,1,11,1,0,1,1,1,1785489899
2026-07-31T09:30:21Z,1073,26,7,0,1,0,1,1,1,1785488815
2026-07-31T09:30:21Z,1074,0,0,52,1,0,1,1,1,1785489496
2026-07-31T09:30:21Z,1075,10,10,11,0,0,1,1,1,1785488888
2026-07-31T09:30:21Z,1076,14,11,7,0,0,1,1,1,1785490143
2026-07-31T09:30:21Z,1077,8,5,13,0,0,1,1,1,1785489104
2026-07-31T09:30:21Z,1078,11,10,10,0,0,1,1,1,1785490185
2026-07-31T09:30:21Z,1079,11,8,10,0,0,1,1,1,1785488997
2026-07-31T09:30:21Z,1080,10,8,10,1,0,1,1,1,1785489597
2026-07-31T09:30:21Z,1081,13,8,6,0,0,1,1,1,1785489990
2026-07-31T09:30:21Z,1082,7,7,1,0,0,1,1,1,1785489476
2026-07-31T09:30:21Z,1083,13,11,8,0,0,1,1,1,1785489262
2026-07-31T09:30:21Z,1084,9,8,12,0,0,1,1,1,1785488882
2026-07-31T09:30:21Z,1085,8,8,13,0,0,1,1,1,1785488522
2026-07-31T09:30:21Z,1086,0,0,20,1,0,1,1,1,1785489230
2026-07-31T09:30:21Z,1087,12,7,3,0,0,1,1,1,1785488427
2026-07-31T09:30:21Z,1088,10,7,5,0,0,1,1,1,1785489184
2026-07-31T09:30:21Z,1089,5,3,10,0,0,1,1,1,1785489541
2026-07-31T09:30:21Z,1090,11,10,4,0,0,1,1,1,1785490071
2026-07-31T09:30:21Z,1091,12,7,3,0,0,1,1,1,1785489983
2026-07-31T09:30:21Z,1092,9,9,5,1,0,1,1,1,1785489529
2026-07-31T09:30:21Z,1093,7,6,8,0,0,1,1,1,1785489892
2026-07-31T09:30:21Z,1094,10,8,8,1,0,1,1,1,1785489696
2026-07-31T09:30:21Z,1095,9,8,6,0,0,1,1,1,1785489837
2026-07-31T09:30:21Z,1096,3,1,15,1,0,1,1,1,1785489501
2026-07-31T09:30:21Z,1097,9,9,6,0,0,1,1,1,1785489715
2026-07-31T09:30:21Z,1098,9,7,10,0,0,1,1,1,1785490055
2026-07-31T09:30:21Z,1099,7,6,8,0,0,1,1,1,1785488971
2026-07-31T09:30:21Z,1100,6,2,23,0,0,1,1,1,1785487894
2026-07-31T09:30:21Z,1101,10,5,11,0,0,1,1,1,1785488861
2026-07-31T09:30:21Z,1102,9,4,4,0,0,1,1,1,1785489970
2026-07-31T09:30:21Z,1103,10,5,11,0,0,1,1,1,1785487895
2026-07-31T09:30:21Z,1104,10,5,11,0,0,1,1,1,1785488618
2026-07-31T09:30:21Z,1105,7,3,6,0,0,1,1,1,1785489856
2026-07-31T09:30:21Z,1106,13,7,8,0,0,1,1,1,1785488956
2026-07-31T09:30:21Z,1107,9,5,6,0,0,1,1,1,1785489254
2026-07-31T09:30:21Z,1108,6,3,18,3,0,1,1,1,1785489740
2026-07-31T09:30:21Z,1109,6,1,9,0,0,1,1,1,1785489210
2026-07-31T09:30:21Z,1110,12,4,9,0,0,1,1,1,1785488487
2026-07-31T09:30:21Z,1111,3,2,18,0,0,1,1,1,1785475740
2026-07-31T09:30:21Z,1112,38,0,15,0,0,1,1,1,1785489014
2026-07-31T09:30:21Z,1113,1,0,20,0,0,1,1,1,1785488448
2026-07-31T09:30:21Z,1115,17,5,3,3,0,1,1,1,1785489652
2026-07-31T09:30:21Z,1116,5,1,14,0,0,1,1,1,1785489156
2026-07-31T09:30:21Z,1117,10,3,13,0,0,1,1,1,1785489534
2026-07-31T09:30:21Z,1118,16,1,3,2,0,1,1,1,1785488966
2026-07-31T09:30:21Z,1119,13,1,4,0,0,1,1,1,1785490171
2026-07-31T09:30:21Z,1120,13,0,6,0,0,1,1,1,1785489234
2026-07-31T09:30:21Z,1121,14,2,4,3,0,1,1,1,1785488201
2026-07-31T09:30:21Z,1122,17,9,1,3,0,1,1,1,1785489442
2026-07-31T09:30:21Z,1123,6,3,15,2,0,1,1,1,1785488795
2026-07-31T09:30:21Z,1124,9,1,2,4,0,1,1,1,1785490180
2026-07-31T09:30:21Z,1125,15,1,8,0,0,1,1,1,1785489432
2026-07-31T09:30:21Z,1126,4,0,16,1,0,1,1,1,1785488678
2026-07-31T09:30:21Z,1127,6,1,12,1,0,1,1,1,1785489477
2026-07-31T09:30:21Z,1128,14,2,0,1,0,1,1,1,1785489160
2026-07-31T09:30:21Z,1129,3,2,17,1,0,1,1,1,1785488885
2026-07-31T09:30:21Z,1130,6,0,9,0,0,1,1,1,1785488949
2026-07-31T09:30:21Z,1131,0,0,48,1,0,1,1,1,1785489908
2026-07-31T09:30:21Z,1132,13,6,7,1,0,1,1,1,1785488966
2026-07-31T09:30:21Z,1133,14,11,5,2,0,1,1,1,1785490093
2026-07-31T09:30:21Z,1134,11,7,8,0,0,1,1,1,1785489661
2026-07-31T09:30:21Z,1135,10,5,11,0,0,1,1,1,1785488755
2026-07-31T09:30:21Z,1136,6,0,17,0,0,1,1,1,1785489326
2026-07-31T09:30:21Z,1137,13,0,2,0,0,1,1,1,1785489078
2026-07-31T09:30:21Z,1138,15,2,4,0,0,1,1,1,1785489118
2026-07-31T09:30:21Z,1139,18,4,1,2,0,1,1,1,1785489648
2026-07-31T09:30:21Z,1140,22,3,0,1,0,1,1,1,1785488859
2026-07-31T09:30:21Z,1141,2,1,19,0,0,1,1,1,1785490126
2026-07-31T09:30:21Z,1142,2,0,19,0,0,1,1,1,1785489794
2026-07-31T09:30:21Z,1143,22,0,6,1,0,1,1,1,1785488699
2026-07-31T09:30:21Z,1144,7,1,13,1,0,1,1,1,1785489399
2026-07-31T09:30:21Z,1145,12,6,8,1,0,1,1,1,1785489533
2026-07-31T09:30:21Z,1146,9,0,6,4,0,1,1,1,1785490045
2026-07-31T09:30:21Z,1147,3,0,16,0,0,1,1,1,1785489082
2026-07-31T09:30:21Z,1148,25,6,6,0,0,1,1,1,1785489831
2026-07-31T09:30:21Z,1149,4,4,21,0,0,1,1,1,1785488801
2026-07-31T09:30:21Z,1150,18,1,1,0,0,1,1,1,1785488941
2026-07-31T09:30:21Z,1151,12,0,9,0,0,1,1,1,1785489803
2026-07-31T09:30:21Z,1152,18,1,11,0,0,1,1,1,1785490179
2026-07-31T09:30:21Z,1153,22,6,0,1,0,1,1,1,1785489690
2026-07-31T09:30:21Z,1154,13,1,6,0,0,1,1,1,1785488590
2026-07-31T09:30:21Z,1155,16,6,4,1,0,1,1,1,1785489146
2026-07-31T09:30:21Z,1158,3,0,15,1,0,1,1,1,1785489046
2026-07-31T09:30:21Z,1159,13,1,6,0,0,1,1,1,1785489401
2026-07-31T09:30:21Z,1160,9,1,9,1,0,1,1,1,1785489964
2026-07-31T09:30:21Z,1161,3,0,15,1,0,1,1,1,1785489535
2026-07-31T09:30:21Z,1162,2,1,17,0,0,1,1,1,1785489785
2026-07-31T09:30:21Z,1163,1,1,17,1,0,1,1,1,1785489161
2026-07-31T09:30:21Z,1164,6,1,13,0,0,1,1,1,1785489222
2026-07-31T09:30:21Z,1165,5,0,16,0,0,1,1,1,1785489953
2026-07-31T09:30:21Z,1166,12,3,8,1,0,1,1,1,1785489466
2026-07-31T09:30:21Z,1167,4,0,11,0,0,1,1,1,1785488932
2026-07-31T09:30:21Z,1168,2,1,20,1,0,1,1,1,1785489415
2026-07-31T09:30:21Z,1169,3,0,15,1,0,1,1,1,1785489069
2026-07-31T09:30:21Z,1170,6,0,14,1,0,1,1,1,1785489438
2026-07-31T09:30:21Z,1171,8,7,14,1,0,1,1,1,1785489108
2026-07-31T09:30:21Z,1172,7,2,6,2,0,1,1,1,1785489316
2026-07-31T09:30:21Z,1173,13,5,6,0,0,1,1,1,1785489316
2026-07-31T09:30:21Z,1174,7,3,8,0,0,1,1,1,1785489001
2026-07-31T09:30:21Z,1175,9,5,10,0,0,1,1,1,1785488201
2026-07-31T09:30:21Z,1176,19,1,2,0,0,1,1,1,1785488521
2026-07-31T09:30:21Z,1177,2,0,19,0,0,1,1,1,1785488442
2026-07-31T09:30:21Z,1178,2,1,13,0,0,1,1,1,1785488972
2026-07-31T09:30:21Z,1181,10,0,3,2,0,1,1,1,1785489490
2026-07-31T09:30:21Z,1182,0,0,20,0,0,1,1,1,1785489557
2026-07-31T09:30:21Z,1183,1,0,42,2,0,1,1,1,1785489489
2026-07-31T09:30:21Z,1184,12,6,8,1,0,1,1,1,1785489809
2026-07-31T09:30:21Z,1185,10,5,11,0,0,1,1,1,1785488567
2026-07-31T09:30:21Z,1186,9,5,10,0,0,1,1,1,1785489584
2026-07-31T09:30:21Z,1187,12,6,8,1,0,1,1,1,1785489943
2026-07-31T09:30:21Z,1188,9,3,6,0,0,1,1,1,1785489260
2026-07-31T09:30:21Z,1189,10,5,9,0,0,1,1,1,1785489344
2026-07-31T09:30:21Z,1190,10,5,11,0,0,1,1,1,1785488737
2026-07-31T09:30:21Z,1191,10,5,5,0,0,1,1,1,1785489268
2026-07-31T09:30:21Z,1192,10,6,10,1,0,1,1,1,1785489106
2026-07-31T09:30:21Z,1193,6,4,5,2,0,1,1,1,1785490078
2026-07-31T09:30:21Z,1197,9,6,7,1,0,1,1,1,1785490160
2026-07-31T09:30:21Z,1198,14,4,5,2,0,1,1,1,1785489629
2026-07-31T09:30:21Z,1199,2,0,17,0,0,1,1,1,1785489646
2026-07-31T09:30:21Z,1200,11,5,4,0,0,1,1,1,1785489304
2026-07-31T09:30:21Z,1201,11,5,4,0,0,1,1,1,1785489281
2026-07-31T09:30:21Z,1202,12,6,3,0,0,1,1,1,1785489380
2026-07-31T09:30:21Z,1203,9,6,6,0,0,1,1,1,1785489277
2026-07-31T09:30:21Z,1204,7,3,11,1,0,1,1,1,1785489020
2026-07-31T09:30:21Z,1206,11,5,10,0,0,1,1,1,1785490053
2026-07-31T09:30:21Z,1207,8,4,6,1,0,1,1,1,1785489594
2026-07-31T09:30:21Z,1208,7,2,11,1,0,1,1,1,1785489499
2026-07-31T09:30:21Z,1216,7,0,13,1,0,1,1,1,1785488468
2026-07-31T09:30:21Z,1218,4,0,17,0,0,1,1,1,1785488861
2026-07-31T09:30:21Z,1219,6,1,8,1,0,1,1,1,1785488732
2026-07-31T09:30:21Z,1220,14,7,4,1,0,1,1,1,1785488678
2026-07-31T09:30:21Z,1221,2,2,19,0,0,1,1,1,1785489987
2026-07-31T09:30:21Z,1222,28,1,1,0,0,1,1,1,1785489112
2026-07-31T09:30:21Z,1223,23,0,6,0,0,1,1,1,1785488941
2026-07-31T09:30:21Z,1226,0,0,3,0,0,0,1,1,1781868931
2026-07-31T09:30:21Z,1227,22,1,3,0,0,1,1,1,1785489244
2026-07-31T09:30:21Z,1228,18,1,10,1,0,1,1,1,1785490058
2026-07-31T09:30:21Z,1229,35,0,10,0,0,1,1,1,1785489760
2026-07-31T09:35:21Z,1,0,0,23,0,0,1,1,1,1785485488
2026-07-31T09:35:21Z,2,23,0,1,3,0,1,1,1,1785489989
2026-07-31T09:35:21Z,3,9,0,4,1,0,1,1,1,1785485488
2026-07-31T09:35:21Z,4,1,0,20,1,0,1,1,1,1785487895
2026-07-31T09:35:21Z,5,9,3,13,1,0,1,1,1,1785484887
2026-07-31T09:35:21Z,6,6,2,9,0,0,1,1,1,1785486991
2026-07-31T09:35:21Z,7,1,1,38,0,0,1,1,1,1785487290
2026-07-31T09:35:21Z,8,0,0,43,0,0,1,1,1,1785487014
2026-07-31T09:35:21Z,9,0,0,22,1,0,1,1,1,1785487593
2026-07-31T09:35:21Z,10,3,1,18,2,0,1,1,1,1785488230
2026-07-31T09:35:21Z,11,15,6,3,1,0,1,1,1,1785490019
2026-07-31T09:35:21Z,12,0,0,23,0,0,1,1,1,1785490105
2026-07-31T09:35:21Z,13,11,0,19,0,0,1,1,1,1785488834
2026-07-31T09:35:21Z,14,1,0,41,0,1,1,1,1,1785489782
2026-07-31T09:35:21Z,15,3,0,12,0,0,1,1,1,1785488861
2026-07-31T09:35:21Z,16,8,0,16,2,1,1,1,1,1785487292
2026-07-31T09:35:21Z,17,8,0,18,1,0,1,1,1,1785488377
2026-07-31T09:35:21Z,18,7,0,9,2,0,1,1,1,1785488039
2026-07-31T09:35:21Z,19,4,0,22,1,0,1,1,1,1785486089
2026-07-31T09:35:21Z,20,32,0,3,0,0,1,1,1,1785485188
2026-07-31T09:35:21Z,21,1,0,17,1,0,1,1,1,1785484888
2026-07-31T09:35:21Z,22,18,0,46,1,0,1,1,1,1785490378
2026-07-31T09:35:21Z,23,10,5,21,0,0,1,1,1,1785487895
2026-07-31T09:35:21Z,24,0,0,9,2,0,1,1,1,1785490506
2026-07-31T09:35:21Z,25,1,1,79,0,1,1,1,1,1785490220
2026-07-31T09:35:21Z,26,0,0,27,0,0,1,1,1,1785485188
2026-07-31T09:35:21Z,28,15,3,0,0,0,1,1,1,1785486991
2026-07-31T09:35:21Z,30,1,0,27,1,0,1,1,1,1785486089
2026-07-31T09:35:21Z,31,0,0,17,2,0,1,1,1,1785490336
2026-07-31T09:35:21Z,32,24,4,3,0,0,1,1,1,1785487895
2026-07-31T09:35:21Z,34,2,0,34,1,0,1,1,1,1785482614
2026-07-31T09:35:21Z,35,2,1,44,1,0,1,1,1,1785486762
2026-07-31T09:35:21Z,36,0,0,0,0,0,0,1,1,86400
2026-07-31T09:35:21Z,37,0,0,23,0,0,1,1,1,1785487041
2026-07-31T09:35:21Z,38,1,0,22,0,0,1,1,1,1785490318
2026-07-31T09:35:21Z,39,24,6,15,0,0,1,1,1,1785490063
2026-07-31T09:35:21Z,40,13,0,7,1,0,1,1,1,1785485488
2026-07-31T09:35:21Z,41,1,0,41,1,0,1,1,1,1785488255
2026-07-31T09:35:21Z,42,31,8,0,0,0,1,1,1,1785472558
2026-07-31T09:35:21Z,43,5,0,18,0,0,1,1,1,1785490390
2026-07-31T09:35:21Z,45,1,0,27,1,0,1,1,1,1785485789
2026-07-31T09:35:21Z,46,13,2,18,0,0,1,1,1,1785485708
2026-07-31T09:35:21Z,47,13,5,1,1,0,1,1,1,1785489312
2026-07-31T09:35:21Z,48,20,0,7,0,0,1,1,1,1785487579
2026-07-31T09:35:21Z,49,5,0,15,3,0,1,1,1,1785490512
2026-07-31T09:35:21Z,50,1,1,18,0,0,1,1,1,1785488641
2026-07-31T09:35:21Z,51,68,0,9,0,0,1,1,1,1785487292
2026-07-31T09:35:21Z,52,1,0,23,3,0,1,1,1,1785490392
2026-07-31T09:35:21Z,55,1,1,22,0,0,1,1,1,1785487781
2026-07-31T09:35:21Z,56,0,0,43,0,0,1,1,1,1785487593
2026-07-31T09:35:21Z,57,0,0,27,0,0,1,1,1,1785486089
2026-07-31T09:35:21Z,58,0,0,28,0,0,1,1,1,1785489985
2026-07-31T09:35:21Z,59,0,0,25,2,0,1,1,1,1785490227
2026-07-31T09:35:21Z,61,1,1,38,0,0,1,1,1,1785490335
2026-07-31T09:35:21Z,62,1,0,47,1,0,1,1,1,1785490208
2026-07-31T09:35:21Z,63,14,0,5,0,0,1,1,1,1785486089
2026-07-31T09:35:21Z,64,9,0,6,4,0,1,1,1,1785486992
2026-07-31T09:35:21Z,65,17,7,1,1,0,1,1,1,1785487593
2026-07-31T09:35:21Z,67,17,0,22,0,0,1,1,1,1785485188
2026-07-31T09:35:21Z,68,0,0,37,0,0,1,1,1,1785488201
2026-07-31T09:35:21Z,69,15,2,0,0,0,1,1,1,1785485188
2026-07-31T09:35:21Z,71,1,0,25,1,0,1,1,1,1785490035
2026-07-31T09:35:21Z,72,14,2,15,2,0,1,1,1,1785489629
2026-07-31T09:35:21Z,73,0,0,31,0,0,1,1,1,1785488201
2026-07-31T09:35:21Z,74,13,6,6,0,0,1,1,1,1785489103
2026-07-31T09:35:21Z,75,0,0,31,1,0,1,1,1,1785487292
2026-07-31T09:35:21Z,76,18,0,0,1,0,1,1,1,1785490510
2026-07-31T09:35:21Z,77,24,1,2,1,0,1,1,1,1785488624
2026-07-31T09:35:21Z,78,9,4,13,1,0,1,1,1,1785490382
2026-07-31T09:35:21Z,79,4,3,12,1,0,1,1,1,1785490503
2026-07-31T09:35:21Z,80,18,0,2,3,0,1,1,1,1785490456
2026-07-31T09:35:21Z,81,5,0,26,0,0,1,1,1,1785486390
2026-07-31T09:35:21Z,82,12,0,11,0,0,1,1,1,1785486690
2026-07-31T09:35:21Z,83,6,1,26,2,0,1,1,1,1785490509
2026-07-31T09:35:21Z,84,27,0,0,0,0,1,1,1,1785487883
2026-07-31T09:35:21Z,85,1,1,14,0,0,1,1,1,1785486991
2026-07-31T09:35:21Z,86,25,0,1,1,0,1,1,1,1785486691
2026-07-31T09:35:21Z,87,10,0,9,0,0,1,1,1,1785488201
2026-07-31T09:35:21Z,88,0,0,42,1,0,1,1,1,1785484888
2026-07-31T09:35:21Z,89,22,0,13,0,0,1,1,1,1785487292
2026-07-31T09:35:21Z,90,7,3,9,2,0,1,1,1,1785489643
2026-07-31T09:35:21Z,91,14,0,3,0,0,1,1,1,1785485188
2026-07-31T09:35:21Z,92,10,4,6,3,0,1,1,1,1785490483
2026-07-31T09:35:21Z,93,0,0,23,0,0,1,1,1,1785486390
2026-07-31T09:35:21Z,94,2,0,16,1,0,1,1,1,1785486390
2026-07-31T09:35:21Z,95,27,2,6,1,1,1,1,1,1785490515
2026-07-31T09:35:21Z,96,29,0,1,1,0,1,1,1,1785488201
2026-07-31T09:35:21Z,97,0,0,16,1,0,1,1,1,1785490265
2026-07-31T09:35:21Z,98,19,0,15,1,0,1,1,1,1785486089
2026-07-31T09:35:21Z,99,4,2,11,0,0,1,1,1,1785486802
2026-07-31T09:35:21Z,100,1,0,26,0,0,1,1,1,1785488201
2026-07-31T09:35:21Z,101,1,0,13,1,0,1,1,1,1785485789
2026-07-31T09:35:21Z,102,0,0,23,0,0,1,1,1,1785487553
2026-07-31T09:35:21Z,103,5,0,25,0,0,1,1,1,1785489200
2026-07-31T09:35:21Z,104,0,0,25,2,0,1,1,1,1785490514
2026-07-31T09:35:21Z,105,16,1,3,0,0,1,1,1,1785486390
2026-07-31T09:35:21Z,106,0,0,21,0,0,1,1,1,1785486390
2026-07-31T09:35:21Z,107,0,0,37,0,0,1,1,1,1785485489
2026-07-31T09:35:21Z,108,15,1,20,0,0,1,1,1,1785489455
2026-07-31T09:35:21Z,109,7,0,16,0,0,1,1,1,1785489961
2026-07-31T09:35:21Z,110,14,2,9,0,0,1,1,1,1785488165
2026-07-31T09:35:21Z,111,0,0,36,0,0,1,1,1,1785479678
2026-07-31T09:35:21Z,112,4,0,10,1,0,1,1,1,1785490423
2026-07-31T09:35:21Z,113,4,0,12,3,0,1,1,1,1785490422
2026-07-31T09:35:21Z,114,6,6,23,1,1,1,1,1,1785490504
2026-07-31T09:35:21Z,115,3,1,23,2,0,1,1,1,1785479033
2026-07-31T09:35:21Z,116,3,3,23,1,0,1,1,1,1785487594
2026-07-31T09:35:21Z,118,20,9,0,3,0,1,1,1,1785490019
2026-07-31T09:35:21Z,119,32,2,2,4,0,1,1,1,1785489175
2026-07-31T09:35:21Z,120,23,1,3,1,0,1,1,1,1785490184
2026-07-31T09:35:21Z,121,7,3,11,0,1,1,1,1,1785490212
2026-07-31T09:35:21Z,122,13,0,7,1,0,1,1,1,1785487594
2026-07-31T09:35:21Z,123,8,1,39,0,0,1,1,1,1785485188
2026-07-31T09:35:21Z,124,32,1,3,0,0,1,1,1,1785486746
2026-07-31T09:35:21Z,125,6,2,17,0,0,1,1,1,1785490205
2026-07-31T09:35:21Z,126,24,2,7,0,0,1,1,1,1785489920
2026-07-31T09:35:21Z,127,8,0,25,2,0,1,1,1,1785490281
2026-07-31T09:35:21Z,128,18,1,1,0,0,1,1,1,1785488201
2026-07-31T09:35:21Z,129,17,1,0,2,0,1,1,1,1785486089
2026-07-31T09:35:21Z,130,5,1,12,0,0,1,1,1,1785490452
2026-07-31T09:35:21Z,131,7,2,2,2,0,1,1,1,1785488201
2026-07-31T09:35:21Z,132,13,6,1,0,1,1,1,1,1785490417
2026-07-31T09:35:21Z,134,5,0,13,5,0,1,1,1,1785490315
2026-07-31T09:35:21Z,135,8,4,10,1,0,1,1,1,1785488917
2026-07-31T09:35:21Z,136,7,0,8,1,7,1,1,1,1785490368
2026-07-31T09:35:21Z,137,8,2,11,0,0,1,1,1,1785490163
2026-07-31T09:35:21Z,138,35,2,2,0,0,1,1,1,1785490483
2026-07-31T09:35:21Z,139,19,5,0,0,0,1,1,1,1785485188
2026-07-31T09:35:21Z,140,18,8,3,2,0,1,1,1,1785490511
2026-07-31T09:35:21Z,141,31,1,5,0,0,1,1,1,1785485909
2026-07-31T09:35:21Z,142,23,1,0,0,0,1,1,1,1785490160
2026-07-31T09:35:21Z,143,13,3,17,1,0,1,1,1,1785487895
2026-07-31T09:35:21Z,144,23,1,4,0,0,1,1,1,1785486390
2026-07-31T09:35:21Z,146,8,1,14,1,0,1,1,1,1785486463
2026-07-31T09:35:21Z,147,10,2,7,2,0,1,1,1,1785490482
2026-07-31T09:35:21Z,148,24,0,2,0,1,1,1,1,1785490235
2026-07-31T09:35:21Z,149,17,4,9,1,0,1,1,1,1785489364
2026-07-31T09:35:21Z,150,31,7,2,2,0,1,1,1,1785490480
2026-07-31T09:35:21Z,151,22,7,1,0,0,1,1,1,1785485600
2026-07-31T09:35:21Z,152,20,1,3,4,0,1,1,1,1785490482
2026-07-31T09:35:21Z,153,12,1,13,6,0,1,1,1,1785490287
2026-07-31T09:35:21Z,154,14,3,6,3,0,1,1,1,1785490469
2026-07-31T09:35:21Z,155,13,4,0,1,0,1,1,1,1785490396
2026-07-31T09:35:21Z,156,15,1,4,0,0,1,1,1,1785489085
2026-07-31T09:35:21Z,157,15,0,10,2,0,1,1,1,1785490312
2026-07-31T09:35:21Z,158,16,2,0,0,0,1,1,1,1785488201
2026-07-31T09:35:21Z,159,5,2,14,0,0,1,1,1,1785488201
2026-07-31T09:35:21Z,160,19,1,0,0,0,1,1,1,1785487895
2026-07-31T09:35:21Z,161,16,2,6,0,0,1,1,1,1785489840
2026-07-31T09:35:21Z,162,10,0,16,1,0,1,1,1,1785488396
2026-07-31T09:35:21Z,163,30,3,1,0,0,1,1,1,1785489189
2026-07-31T09:35:21Z,164,25,7,2,0,0,1,1,1,1785486691
2026-07-31T09:35:21Z,165,21,10,9,1,0,1,1,1,1785490458
2026-07-31T09:35:21Z,166,32,8,3,4,0,1,1,1,1785490510
2026-07-31T09:35:21Z,167,20,9,1,2,0,1,1,1,1785489960
2026-07-31T09:35:21Z,168,21,0,5,1,0,1,1,1,1785490270
2026-07-31T09:35:21Z,169,1,0,21,0,1,1,1,1,1785487293
2026-07-31T09:35:21Z,170,17,4,0,2,0,1,1,1,1785488379
2026-07-31T09:35:21Z,171,10,3,1,2,0,1,1,1,1785490467
2026-07-31T09:35:21Z,173,36,0,3,0,0,1,1,1,1785486839
2026-07-31T09:35:21Z,174,22,1,2,2,0,1,1,1,1785487895
2026-07-31T09:35:21Z,175,7,0,24,0,0,1,1,1,1785487001
2026-07-31T09:35:21Z,176,2,1,12,0,1,1,1,1,1785487016
2026-07-31T09:35:21Z,177,20,1,7,0,0,1,1,1,1785490247
2026-07-31T09:35:21Z,178,2,0,10,2,1,1,1,1,1785490507
2026-07-31T09:35:21Z,179,11,1,3,1,0,1,1,1,1785486089
2026-07-31T09:35:21Z,180,27,0,3,0,0,1,1,1,1785487594
2026-07-31T09:35:21Z,181,12,1,2,1,0,1,1,1,1785489531
2026-07-31T09:35:21Z,182,15,1,2,0,0,1,1,1,1785489885
2026-07-31T09:35:21Z,183,15,0,8,0,0,1,1,1,1785489730
2026-07-31T09:35:21Z,184,0,0,22,1,0,1,1,1,1785488157
2026-07-31T09:35:21Z,185,12,1,0,2,1,1,1,1,1785484888
2026-07-31T09:35:21Z,186,4,1,15,0,0,1,1,1,1785487895
2026-07-31T09:35:21Z,187,8,0,19,1,0,1,1,1,1785490132
2026-07-31T09:35:21Z,188,12,0,7,8,0,1,1,1,1785490445
2026-07-31T09:35:21Z,189,15,4,0,0,0,1,1,1,1785487895
2026-07-31T09:35:21Z,190,4,1,19,0,0,1,1,1,1785488585
2026-07-31T09:35:21Z,191,2,1,37,0,0,1,1,1,1785486690
2026-07-31T09:35:21Z,192,12,4,16,3,0,1,1,1,1785486089
2026-07-31T09:35:21Z,193,2,0,13,0,0,1,1,1,1785488202
2026-07-31T09:35:21Z,194,17,1,9,1,0,1,1,1,1785486691
2026-07-31T09:35:21Z,195,12,1,5,2,0,1,1,1,1785487594
2026-07-31T09:35:21Z,196,24,1,0,3,0,1,1,1,1785490395
2026-07-31T09:35:21Z,197,16,3,1,1,1,1,1,1,1785489625
2026-07-31T09:35:21Z,198,21,16,2,0,0,1,1,1,1785488927
2026-07-31T09:35:21Z,199,6,5,6,3,0,1,1,1,1785489674
2026-07-31T09:35:21Z,200,15,0,10,1,0,1,1,1,1785486390
2026-07-31T09:35:21Z,201,7,3,16,0,0,1,1,1,1785490142
2026-07-31T09:35:21Z,202,0,0,27,0,0,1,1,1,1785486691
2026-07-31T09:35:21Z,203,26,3,4,1,0,1,1,1,1785487252
2026-07-31T09:35:21Z,204,30,1,4,1,0,1,1,1,1785490206
2026-07-31T09:35:21Z,205,13,1,14,0,0,1,1,1,1785488894
2026-07-31T09:35:21Z,206,1,1,13,1,0,1,1,1,1785486448
2026-07-31T09:35:21Z,207,13,0,8,0,0,1,1,1,1785489325
2026-07-31T09:35:21Z,208,2,0,27,0,0,1,1,1,1785486390
2026-07-31T09:35:21Z,209,6,0,22,3,0,1,1,1,1785490501
2026-07-31T09:35:21Z,210,23,2,4,0,0,1,1,1,1785485488
2026-07-31T09:35:21Z,211,15,6,7,1,0,1,1,1,1785487008
2026-07-31T09:35:21Z,212,25,0,9,1,0,1,1,1,1785490383
2026-07-31T09:35:21Z,213,12,1,9,2,0,1,1,1,1785490505
2026-07-31T09:35:21Z,214,29,0,14,4,0,1,1,1,1785490284
2026-07-31T09:35:21Z,215,6,2,16,1,0,1,1,1,1785490465
2026-07-31T09:35:21Z,216,9,0,9,1,0,1,1,1,1785487593
2026-07-31T09:35:21Z,217,9,0,19,1,0,1,1,1,1785490231
2026-07-31T09:35:21Z,218,20,5,17,2,0,1,1,1,1785489912
2026-07-31T09:35:21Z,219,1,1,24,1,0,1,1,1,1785489320
2026-07-31T09:35:21Z,220,24,7,17,1,1,1,1,1,1785484887
2026-07-31T09:35:21Z,221,12,8,2,1,0,1,1,1,1785489668
2026-07-31T09:35:21Z,222,16,12,2,1,0,1,1,1,1785485037
2026-07-31T09:35:21Z,223,8,3,24,3,0,1,1,1,1785490256
2026-07-31T09:35:21Z,224,7,5,14,1,0,1,1,1,1785487750
2026-07-31T09:35:21Z,225,10,0,3,6,0,1,1,1,1785487206
2026-07-31T09:35:21Z,226,30,10,1,0,0,1,1,1,1785489438
2026-07-31T09:35:21Z,227,19,13,7,0,1,1,1,1,1785485181
2026-07-31T09:35:21Z,228,1,0,17,1,0,1,1,1,1785484888
2026-07-31T09:35:21Z,230,16,9,10,0,0,1,1,1,1785486691
2026-07-31T09:35:21Z,232,13,6,3,1,0,1,1,1,1785486390
2026-07-31T09:35:21Z,233,19,0,10,2,0,1,1,1,1785487026
2026-07-31T09:35:21Z,234,8,3,6,3,2,1,1,1,1785487594
2026-07-31T09:35:21Z,236,14,3,5,0,0,1,1,1,1785486991
2026-07-31T09:35:21Z,237,21,4,1,1,0,1,1,1,1785489236
2026-07-31T09:35:21Z,239,23,18,1,3,0,1,1,1,1785486691
2026-07-31T09:35:21Z,241,19,6,4,0,0,1,1,1,1785487895
2026-07-31T09:35:21Z,242,1,1,21,1,0,1,1,1,1785487593
2026-07-31T09:35:21Z,243,11,0,19,1,0,1,1,1,1785490214
2026-07-31T09:35:21Z,244,13,1,13,1,0,1,1,1,1785488405
2026-07-31T09:35:21Z,245,6,4,17,0,0,1,1,1,1785490437
2026-07-31T09:35:21Z,246,13,0,10,0,0,1,1,1,1785487895
2026-07-31T09:35:21Z,247,12,10,10,1,0,1,1,1,1785488201
2026-07-31T09:35:21Z,248,18,3,2,3,0,1,1,1,1785490306
2026-07-31T09:35:21Z,249,2,0,17,0,0,1,1,1,1785488201
2026-07-31T09:35:21Z,250,23,5,4,0,0,1,1,1,1785487895
2026-07-31T09:35:21Z,251,22,5,2,3,0,1,1,1,1785486991
2026-07-31T09:35:21Z,253,7,4,11,1,0,1,1,1,1785488201
2026-07-31T09:35:21Z,254,26,21,16,1,0,1,1,1,1785485789
2026-07-31T09:35:21Z,255,5,0,17,0,1,1,1,1,1785490393
2026-07-31T09:35:21Z,256,9,4,12,2,0,1,1,1,1785490433
2026-07-31T09:35:21Z,257,13,5,5,1,0,1,1,1,1785489536
2026-07-31T09:35:21Z,258,1,0,18,0,0,1,1,1,1785482036
2026-07-31T09:35:21Z,259,20,3,2,0,1,1,1,1,1785487540
2026-07-31T09:35:21Z,260,14,4,2,3,0,1,1,1,1785486424
2026-07-31T09:35:21Z,261,15,0,2,1,1,1,1,1,1785489370
2026-07-31T09:35:21Z,262,20,11,3,0,0,1,1,1,1785490512
2026-07-31T09:35:21Z,263,13,3,2,0,0,1,1,1,1785489158
2026-07-31T09:35:21Z,264,18,6,0,1,0,1,1,1,1785488201
2026-07-31T09:35:21Z,265,14,0,1,0,0,1,1,1,1785490183
2026-07-31T09:35:21Z,266,16,7,0,3,0,1,1,1,1785488864
2026-07-31T09:35:21Z,267,7,3,6,2,0,1,1,1,1785484888
2026-07-31T09:35:21Z,268,23,9,0,0,0,1,1,1,1785484887
2026-07-31T09:35:21Z,269,9,3,13,1,0,1,1,1,1785484888
2026-07-31T09:35:21Z,270,25,3,2,0,0,1,1,1,1785485188
2026-07-31T09:35:21Z,271,0,0,17,2,0,1,1,1,1785486991
2026-07-31T09:35:21Z,272,13,13,9,1,0,1,1,1,1785486390
2026-07-31T09:35:21Z,273,14,5,1,0,0,1,1,1,1785484888
2026-07-31T09:35:21Z,274,17,7,1,1,0,1,1,1,1785490514
2026-07-31T09:35:21Z,275,13,0,6,2,2,1,1,1,1785490497
2026-07-31T09:35:21Z,276,1,0,26,0,0,1,1,1,1785486991
2026-07-31T09:35:21Z,277,12,1,6,5,0,1,1,1,1785488201
2026-07-31T09:35:21Z,278,23,2,5,2,1,1,1,1,1785487967
2026-07-31T09:35:21Z,279,17,0,2,0,0,1,1,1,1785487347
2026-07-31T09:35:21Z,280,10,1,19,2,0,1,1,1,1785490388
2026-07-31T09:35:21Z,281,19,0,0,0,0,1,1,1,1785486089
2026-07-31T09:35:21Z,282,5,2,13,0,0,1,1,1,1785484887
2026-07-31T09:35:21Z,283,34,1,1,0,0,1,1,1,1785486992
2026-07-31T09:35:21Z,284,18,4,15,2,0,1,1,1,1785488133
2026-07-31T09:35:21Z,285,8,7,15,0,0,1,1,1,1785485188
2026-07-31T09:35:21Z,286,16,15,2,5,0,1,1,1,1785488250
2026-07-31T09:35:21Z,287,13,4,7,3,0,1,1,1,1785484887
2026-07-31T09:35:21Z,288,14,10,5,0,0,1,1,1,1785486991
2026-07-31T09:35:21Z,289,24,3,0,3,0,1,1,1,1785488202
2026-07-31T09:35:21Z,290,7,0,31,1,0,1,1,1,1785486991
2026-07-31T09:35:21Z,291,9,2,12,2,0,1,1,1,1785488389
2026-07-31T09:35:21Z,292,22,0,1,0,0,1,1,1,1785485789
2026-07-31T09:35:21Z,293,17,10,6,0,0,1,1,1,1785486991
2026-07-31T09:35:21Z,294,0,0,21,1,0,1,1,1,1785486991
2026-07-31T09:35:21Z,297,11,1,5,2,1,1,1,1,1785488298
2026-07-31T09:35:21Z,301,17,1,2,0,0,1,1,1,1785486691
2026-07-31T09:35:21Z,302,0,0,23,0,0,1,1,1,1785486991
2026-07-31T09:35:21Z,303,19,0,0,0,0,1,1,1,1785485188
2026-07-31T09:35:21Z,304,0,0,0,0,0,0,1,1,86400
2026-07-31T09:35:21Z,305,19,0,0,0,0,1,1,1,1785485188
2026-07-31T09:35:21Z,306,2,0,29,1,0,1,1,1,1785485188
2026-07-31T09:35:21Z,307,17,1,4,1,1,1,1,1,1785490508
2026-07-31T09:35:21Z,308,14,0,3,2,0,1,1,1,1785485188
2026-07-31T09:35:21Z,309,13,3,0,1,0,1,1,1,1785488427
2026-07-31T09:35:21Z,311,15,0,0,0,0,1,1,1,1785486992
2026-07-31T09:35:21Z,312,6,3,12,4,1,1,1,1,1785490202
2026-07-31T09:35:21Z,313,3,1,12,0,0,1,1,1,1785486991
2026-07-31T09:35:21Z,314,4,3,11,3,0,1,1,1,1785486991
2026-07-31T09:35:21Z,315,23,6,6,2,0,1,1,1,1785488865
2026-07-31T09:35:21Z,316,4,1,20,6,1,1,1,1,1785490391
2026-07-31T09:35:21Z,317,0,0,30,0,1,1,1,1,1785490363
2026-07-31T09:35:21Z,318,16,0,3,0,0,1,1,1,1785486991
2026-07-31T09:35:21Z,319,17,3,5,1,0,1,1,1,1785489161
2026-07-31T09:35:21Z,320,18,5,0,1,0,1,1,1,1785487292
2026-07-31T09:35:21Z,321,8,1,7,4,0,1,1,1,1785490308
2026-07-31T09:35:21Z,322,4,1,24,1,0,1,1,1,1785489880
2026-07-31T09:35:21Z,323,8,0,11,0,0,1,1,1,1785487292
2026-07-31T09:35:21Z,324,7,2,19,1,0,1,1,1,1785490505
2026-07-31T09:35:21Z,325,4,3,21,2,0,1,1,1,1785489487
2026-07-31T09:35:21Z,327,26,0,0,1,0,1,1,1,1785489831
2026-07-31T09:35:21Z,328,20,0,1,1,0,1,1,1,1785484794
2026-07-31T09:35:21Z,329,17,0,0,2,0,1,1,1,1785487643
2026-07-31T09:35:21Z,330,3,0,19,0,0,1,1,1,1785485188
2026-07-31T09:35:21Z,331,12,3,10,1,0,1,1,1,1785487675
2026-07-31T09:35:21Z,332,10,3,7,2,0,1,1,1,1785487292
2026-07-31T09:35:21Z,333,2,1,20,1,0,1,1,1,1785487896
2026-07-31T09:35:21Z,334,11,8,12,0,0,1,1,1,1785487804
2026-07-31T09:35:21Z,335,3,2,18,1,1,1,1,1,1785487292
2026-07-31T09:35:21Z,336,18,2,1,0,0,1,1,1,1785487293
2026-07-31T09:35:21Z,337,17,3,1,5,0,1,1,1,1785490375
2026-07-31T09:35:21Z,338,17,8,2,0,0,1,1,1,1785487389
2026-07-31T09:35:21Z,339,21,11,1,1,0,1,1,1,1785490259
2026-07-31T09:35:21Z,340,13,11,1,1,0,1,1,1,1785487293
2026-07-31T09:35:21Z,341,11,4,8,0,0,1,1,1,1785487352
2026-07-31T09:35:21Z,342,12,6,1,2,0,1,1,1,1785490143
2026-07-31T09:35:21Z,343,21,1,1,1,0,1,1,1,1785487543
2026-07-31T09:35:21Z,344,23,9,0,0,0,1,1,1,1785488186
2026-07-31T09:35:21Z,345,19,3,0,0,0,1,1,1,1785487292
2026-07-31T09:35:21Z,346,9,6,14,0,0,1,1,1,1785489426
2026-07-31T09:35:21Z,347,0,0,42,2,0,1,1,1,1785490504
2026-07-31T09:35:21Z,348,21,3,0,1,1,1,1,1,1785490313
2026-07-31T09:35:21Z,349,6,1,13,0,0,1,1,1,1785487293
2026-07-31T09:35:21Z,350,24,3,1,1,1,1,1,1,1785487293
2026-07-31T09:35:21Z,351,20,3,0,3,0,1,1,1,1785490304
2026-07-31T09:35:21Z,355,22,0,1,0,0,1,1,1,1785490119
2026-07-31T09:35:21Z,356,18,2,1,0,0,1,1,1,1785487896
2026-07-31T09:35:21Z,357,13,4,6,0,0,1,1,1,1785485188
2026-07-31T09:35:21Z,358,24,4,2,1,0,1,1,1,1785487594
2026-07-31T09:35:21Z,359,20,0,7,0,0,1,1,1,1785489979
2026-07-31T09:35:21Z,360,16,4,1,2,0,1,1,1,1785487594
2026-07-31T09:35:21Z,362,17,5,0,2,0,1,1,1,1785487292
2026-07-31T09:35:21Z,363,2,0,25,0,0,1,1,1,1785489580
2026-07-31T09:35:21Z,364,19,3,0,0,0,1,1,1,1785487896
2026-07-31T09:35:21Z,365,17,5,3,3,0,1,1,1,1785488201
2026-07-31T09:35:21Z,366,14,8,2,7,0,1,1,1,1785490485
2026-07-31T09:35:21Z,367,13,6,4,2,0,1,1,1,1785490457
2026-07-31T09:35:21Z,368,20,3,1,2,0,1,1,1,1785486991
2026-07-31T09:35:21Z,370,15,8,12,0,0,1,1,1,1785487896
2026-07-31T09:35:21Z,371,4,2,14,1,0,1,1,1,1785484735
2026-07-31T09:35:21Z,372,8,2,7,0,0,1,1,1,1785487594
2026-07-31T09:35:21Z,373,24,8,3,0,0,1,1,1,1785486433
2026-07-31T09:35:21Z,374,17,7,0,2,0,1,1,1,1785490352
2026-07-31T09:35:21Z,375,20,5,4,3,0,1,1,1,1785487593
2026-07-31T09:35:21Z,376,28,3,6,5,0,1,1,1,1785490431
2026-07-31T09:35:21Z,377,25,9,2,0,0,1,1,1,1785487594
2026-07-31T09:35:21Z,378,22,5,0,1,1,1,1,1,1785490265
2026-07-31T09:35:21Z,379,15,0,12,0,0,1,1,1,1785490393
2026-07-31T09:35:21Z,380,22,7,0,1,0,1,1,1,1785489276
2026-07-31T09:35:21Z,381,14,0,9,0,0,1,1,1,1785488686
2026-07-31T09:35:21Z,383,13,0,0,2,0,1,1,1,1785490079
2026-07-31T09:35:21Z,384,26,1,0,1,0,1,1,1,1785487594
2026-07-31T09:35:21Z,385,14,2,2,2,0,1,1,1,1785487594
2026-07-31T09:35:21Z,387,21,2,2,0,0,1,1,1,1785490060
2026-07-31T09:35:21Z,388,16,3,33,0,0,1,1,1,1785485188
2026-07-31T09:35:21Z,389,9,8,6,0,0,1,1,1,1785487293
2026-07-31T09:35:21Z,390,16,0,19,0,0,1,1,1,1785489336
2026-07-31T09:35:21Z,391,4,0,10,1,0,1,1,1,1785487292
2026-07-31T09:35:21Z,392,3,3,15,1,0,1,1,1,1785490215
2026-07-31T09:35:21Z,393,3,3,5,3,0,1,1,1,1785487292
2026-07-31T09:35:21Z,394,9,6,2,2,0,1,1,1,1785487594
2026-07-31T09:35:21Z,396,7,7,32,3,0,1,1,1,1785487595
2026-07-31T09:35:21Z,397,4,4,27,0,0,1,1,1,1785488201
2026-07-31T09:35:21Z,399,12,1,3,2,0,1,1,1,1785490391
2026-07-31T09:35:21Z,400,11,6,9,3,0,1,1,1,1785489267
2026-07-31T09:35:21Z,401,9,0,22,8,0,1,1,1,1785490115
2026-07-31T09:35:21Z,403,3,0,26,2,0,1,1,1,1785490335
2026-07-31T09:35:21Z,404,2,1,20,1,0,1,1,1,1785486690
2026-07-31T09:35:21Z,406,2,0,32,1,0,1,1,1,1785486993
2026-07-31T09:35:21Z,407,16,3,17,1,0,1,1,1,1785484887
2026-07-31T09:35:21Z,408,12,2,20,1,0,1,1,1,1785480622
2026-07-31T09:35:21Z,409,0,0,20,3,0,1,1,1,1785488970
2026-07-31T09:35:21Z,413,20,5,1,2,0,1,1,1,1785490104
2026-07-31T09:35:21Z,414,13,4,1,1,0,1,1,1,1785485488
2026-07-31T09:35:21Z,417,10,6,8,1,0,1,1,1,1785489641
2026-07-31T09:35:21Z,418,1,0,13,1,0,1,1,1,1785488201
2026-07-31T09:35:21Z,419,10,0,12,1,0,1,1,1,1785487895
2026-07-31T09:35:21Z,421,1,0,18,0,0,1,1,1,1785488201
2026-07-31T09:35:21Z,422,3,3,23,1,0,1,1,1,1785490175
2026-07-31T09:35:21Z,423,5,1,18,0,0,1,1,1,1785490296
2026-07-31T09:35:21Z,424,2,1,10,3,0,1,1,1,1785490491
2026-07-31T09:35:21Z,425,20,0,1,0,1,1,1,1,1785485489
2026-07-31T09:35:21Z,426,0,0,35,2,0,1,1,1,1785490002
2026-07-31T09:35:21Z,427,14,1,0,1,0,1,1,1,1785490375
2026-07-31T09:35:21Z,428,14,1,4,1,0,1,1,1,1785488201
2026-07-31T09:35:21Z,429,1,0,20,2,0,1,1,1,1785488273
2026-07-31T09:35:21Z,430,28,0,0,3,0,1,1,1,1785485488
2026-07-31T09:35:21Z,431,15,0,17,1,0,1,1,1,1785488642
2026-07-31T09:35:21Z,432,18,0,11,2,0,1,1,1,1785488201
2026-07-31T09:35:21Z,433,19,6,3,1,0,1,1,1,1785488201
2026-07-31T09:35:21Z,437,3,1,15,1,0,1,1,1,1785487897
2026-07-31T09:35:21Z,438,17,0,1,1,0,1,1,1,1785490503
2026-07-31T09:35:21Z,439,5,0,10,0,0,1,1,1,1785488201
2026-07-31T09:35:21Z,440,13,1,0,2,0,1,1,1,1785488201
2026-07-31T09:35:21Z,441,10,2,4,1,0,1,1,1,1785485488
2026-07-31T09:35:21Z,442,17,9,1,1,0,1,1,1,1785487895
2026-07-31T09:35:21Z,443,4,2,23,0,0,1,1,1,1785485488
2026-07-31T09:35:21Z,444,2,2,21,0,0,1,1,1,1785485488
2026-07-31T09:35:21Z,445,7,2,15,1,0,1,1,1,1785490414
2026-07-31T09:35:21Z,446,1,1,21,1,0,1,1,1,1785487896
2026-07-31T09:35:21Z,447,3,0,18,1,1,1,1,1,1785485488
2026-07-31T09:35:21Z,448,9,4,5,1,0,1,1,1,1785487895
2026-07-31T09:35:21Z,452,8,6,10,1,0,1,1,1,1785487661
2026-07-31T09:35:21Z,453,5,5,9,1,0,1,1,1,1785489638
2026-07-31T09:35:21Z,454,9,0,10,0,0,1,1,1,1785489971
2026-07-31T09:35:21Z,455,0,0,39,0,0,1,1,1,1785487895
2026-07-31T09:35:21Z,456,9,0,10,1,0,1,1,1,1785490346
2026-07-31T09:35:21Z,457,25,2,0,2,0,1,1,1,1785487895
2026-07-31T09:35:21Z,458,15,6,8,0,0,1,1,1,1785487229
2026-07-31T09:35:21Z,459,15,0,0,0,0,1,1,1,1785485789
2026-07-31T09:35:21Z,460,18,2,4,1,0,1,1,1,1785490370
2026-07-31T09:35:21Z,461,5,1,14,0,0,1,1,1,1785487878
2026-07-31T09:35:21Z,462,11,0,10,0,0,1,1,1,1785489254
2026-07-31T09:35:21Z,463,13,1,6,0,0,1,1,1,1785487897
2026-07-31T09:35:21Z,464,3,1,11,0,0,1,1,1,1785485789
2026-07-31T09:35:21Z,465,0,0,14,1,0,1,1,1,1785485789
2026-07-31T09:35:21Z,466,11,3,2,2,0,1,1,1,1785485789
2026-07-31T09:35:21Z,467,5,1,13,1,0,1,1,1,1785471818
2026-07-31T09:35:21Z,468,17,1,1,1,0,1,1,1,1785485789
2026-07-31T09:35:21Z,469,2,1,21,0,0,1,1,1,1785487896
2026-07-31T09:35:21Z,470,13,1,0,2,0,1,1,1,1785490505
2026-07-31T09:35:21Z,471,22,2,5,0,0,1,1,1,1785487895
2026-07-31T09:35:21Z,472,18,6,0,1,0,1,1,1,1785490468
2026-07-31T09:35:21Z,473,19,5,0,0,0,1,1,1,1785485789
2026-07-31T09:35:21Z,474,16,0,3,0,0,1,1,1,1785488959
2026-07-31T09:35:21Z,475,3,0,15,1,0,1,1,1,1785485789
2026-07-31T09:35:21Z,477,10,7,4,1,0,1,1,1,1785490289
2026-07-31T09:35:21Z,478,6,0,24,1,0,1,1,1,1785485789
2026-07-31T09:35:21Z,479,1,1,25,1,0,1,1,1,1785489149
2026-07-31T09:35:21Z,480,2,0,10,3,0,1,1,1,1785485789
2026-07-31T09:35:21Z,481,27,1,7,1,0,1,1,1,1785490233
2026-07-31T09:35:21Z,482,17,5,1,1,0,1,1,1,1785490512
2026-07-31T09:35:21Z,483,2,0,23,2,0,1,1,1,1785490449
2026-07-31T09:35:21Z,484,8,2,10,1,0,1,1,1,1785490429
2026-07-31T09:35:21Z,485,16,6,1,1,1,1,1,1,1785490205
2026-07-31T09:35:21Z,486,25,6,0,2,0,1,1,1,1785490504
2026-07-31T09:35:21Z,487,8,5,10,1,0,1,1,1,1785490150
2026-07-31T09:35:21Z,489,12,6,3,0,0,1,1,1,1785488501
2026-07-31T09:35:21Z,490,3,1,13,0,0,1,1,1,1785489499
2026-07-31T09:35:21Z,491,4,1,17,0,0,1,1,1,1785486090
2026-07-31T09:35:21Z,492,5,3,2,4,0,1,1,1,1785490514
2026-07-31T09:35:21Z,493,0,0,26,1,0,1,1,1,1785487895
2026-07-31T09:35:21Z,495,9,0,3,3,0,1,1,1,1785489700
2026-07-31T09:35:21Z,496,27,1,0,0,0,1,1,1,1785486089
2026-07-31T09:35:21Z,497,17,0,1,1,0,1,1,1,1785488201
2026-07-31T09:35:21Z,498,21,3,1,1,0,1,1,1,1785490089
2026-07-31T09:35:21Z,499,17,1,1,1,0,1,1,1,1785487896
2026-07-31T09:35:21Z,500,8,4,1,6,0,1,1,1,1785487895
2026-07-31T09:35:21Z,501,10,4,11,0,0,1,1,1,1785487896
2026-07-31T09:35:21Z,502,6,0,13,0,0,1,1,1,1785486089
2026-07-31T09:35:21Z,503,26,0,4,1,0,1,1,1,1785487895
2026-07-31T09:35:21Z,504,0,0,39,0,0,1,1,1,1785486562
2026-07-31T09:35:21Z,505,10,1,1,1,0,1,1,1,1785487586
2026-07-31T09:35:21Z,511,2,1,21,0,0,1,1,1,1785486354
2026-07-31T09:35:21Z,512,5,0,22,0,0,1,1,1,1785490037
2026-07-31T09:35:21Z,514,10,0,0,1,0,1,1,1,1785486089
2026-07-31T09:35:21Z,515,2,0,17,0,0,1,1,1,1785487895
2026-07-31T09:35:21Z,516,0,0,27,0,0,1,1,1,1785484039
2026-07-31T09:35:21Z,517,14,3,8,1,0,1,1,1,1785486090
2026-07-31T09:35:21Z,518,14,1,0,1,0,1,1,1,1785486390
2026-07-31T09:35:21Z,519,4,0,13,2,0,1,1,1,1785489254
2026-07-31T09:35:21Z,520,11,7,10,5,1,1,1,1,1785490511
2026-07-31T09:35:21Z,521,18,5,5,0,0,1,1,1,1785487895
2026-07-31T09:35:21Z,522,0,0,22,1,0,1,1,1,1785486390
2026-07-31T09:35:21Z,523,6,3,16,1,0,1,1,1,1785489661
2026-07-31T09:35:21Z,524,1,0,22,0,0,1,1,1,1785489530
2026-07-31T09:35:21Z,525,10,0,9,0,0,1,1,1,1785489376
2026-07-31T09:35:21Z,526,13,1,0,2,0,1,1,1,1785486390
2026-07-31T09:35:21Z,527,4,2,19,3,0,1,1,1,1785490244
2026-07-31T09:35:21Z,528,21,2,1,1,0,1,1,1,1785486390
2026-07-31T09:35:21Z,529,6,3,7,6,0,1,1,1,1785490513
2026-07-31T09:35:21Z,530,16,1,3,2,0,1,1,1,1785488201
2026-07-31T09:35:21Z,531,19,0,2,1,1,1,1,1,1785490098
2026-07-31T09:35:21Z,532,3,3,27,1,0,1,1,1,1785488341
2026-07-31T09:35:21Z,533,8,1,9,2,0,1,1,1,1785486390
2026-07-31T09:35:21Z,534,15,2,8,0,0,1,1,1,1785490275
2026-07-31T09:35:21Z,535,2,0,13,0,0,1,1,1,1785486390
2026-07-31T09:35:21Z,536,1,0,22,0,0,1,1,1,1785488201
2026-07-31T09:35:21Z,537,1,1,19,0,0,1,1,1,1785488280
2026-07-31T09:35:21Z,538,21,8,0,0,2,1,1,1,1785490305
2026-07-31T09:35:21Z,539,5,5,26,0,0,1,1,1,1785488201
2026-07-31T09:35:21Z,540,2,1,17,0,0,1,1,1,1785486391
2026-07-31T09:35:21Z,541,26,2,0,1,0,1,1,1,1785486390
2026-07-31T09:35:21Z,542,2,2,21,0,0,1,1,1,1785486390
2026-07-31T09:35:21Z,543,17,2,1,1,0,1,1,1,1785488201
2026-07-31T09:35:21Z,544,14,1,4,4,0,1,1,1,1785486390
2026-07-31T09:35:21Z,545,0,0,17,2,0,1,1,1,1785486390
2026-07-31T09:35:21Z,546,16,8,3,0,0,1,1,1,1785489048
2026-07-31T09:35:21Z,547,19,0,6,0,0,1,1,1,1785488201
2026-07-31T09:35:21Z,548,14,1,9,0,0,1,1,1,1785486390
2026-07-31T09:35:21Z,549,19,0,4,0,0,1,1,1,1785490211
2026-07-31T09:35:21Z,550,18,2,1,0,0,1,1,1,1785489656
2026-07-31T09:35:21Z,551,16,4,7,0,0,1,1,1,1785486390
2026-07-31T09:35:21Z,552,27,3,0,0,0,1,1,1,1785486390
2026-07-31T09:35:21Z,553,20,4,1,1,1,1,1,1,1785490230
2026-07-31T09:35:21Z,554,1,1,18,0,0,1,1,1,1785486691
2026-07-31T09:35:21Z,555,13,6,1,1,0,1,1,1,1785489915
2026-07-31T09:35:21Z,556,21,4,0,2,0,1,1,1,1785490357
2026-07-31T09:35:21Z,557,6,4,12,5,0,1,1,1,1785488202
2026-07-31T09:35:21Z,558,27,4,10,0,0,1,1,1,1785488201
2026-07-31T09:35:21Z,559,1,0,17,1,0,1,1,1,1785489501
2026-07-31T09:35:21Z,560,9,0,18,0,0,1,1,1,1785488201
2026-07-31T09:35:21Z,561,13,1,9,1,0,1,1,1,1785486390
2026-07-31T09:35:21Z,562,3,0,29,3,0,1,1,1,1785486691
2026-07-31T09:35:21Z,563,10,0,4,0,0,1,1,1,1785490429
2026-07-31T09:35:21Z,564,12,0,6,1,0,1,1,1,1785488201
2026-07-31T09:35:21Z,565,6,2,13,0,0,1,1,1,1785490461
2026-07-31T09:35:21Z,566,16,0,2,1,0,1,1,1,1785490465
2026-07-31T09:35:21Z,567,25,1,1,1,0,1,1,1,1785485492
2026-07-31T09:35:21Z,568,14,0,4,1,0,1,1,1,1785490328
2026-07-31T09:35:21Z,569,17,3,2,0,0,1,1,1,1785486691
2026-07-31T09:35:21Z,570,13,1,6,0,0,1,1,1,1785486691
2026-07-31T09:35:21Z,571,0,0,23,0,0,1,1,1,1785486691
2026-07-31T09:35:21Z,572,16,5,2,1,0,1,1,1,1785488201
2026-07-31T09:35:21Z,573,13,0,2,0,0,1,1,1,1785486691
2026-07-31T09:35:21Z,574,10,3,5,0,0,1,1,1,1785489676
2026-07-31T09:35:21Z,575,6,0,14,1,0,1,1,1,1785489599
2026-07-31T09:35:21Z,576,3,0,14,2,0,1,1,1,1785488201
2026-07-31T09:35:21Z,577,13,0,18,0,0,1,1,1,1785488201
2026-07-31T09:35:21Z,578,15,10,7,1,0,1,1,1,1785486996
2026-07-31T09:35:21Z,579,4,0,39,0,0,1,1,1,1785486691
2026-07-31T09:35:21Z,580,5,0,24,0,0,1,1,1,1785490191
2026-07-31T09:35:21Z,581,18,2,1,0,0,1,1,1,1785487551
2026-07-31T09:35:21Z,582,22,0,38,1,0,1,1,1,1785490512
2026-07-31T09:35:21Z,583,23,1,0,0,0,1,1,1,1785486691
2026-07-31T09:35:21Z,584,9,4,6,4,0,1,1,1,1785486691
2026-07-31T09:35:21Z,585,16,3,10,0,1,1,1,1,1785488201
2026-07-31T09:35:21Z,586,13,0,22,0,0,1,1,1,1785488201
2026-07-31T09:35:21Z,587,20,0,3,1,0,1,1,1,1785489118
2026-07-31T09:35:21Z,588,12,4,4,3,0,1,1,1,1785490400
2026-07-31T09:35:21Z,589,0,0,0,23,0,1,1,1,1785490373
2026-07-31T09:35:21Z,590,19,4,11,1,0,1,1,1,1785488201
2026-07-31T09:35:21Z,591,28,1,0,2,0,1,1,1,1785486691
2026-07-31T09:35:21Z,592,12,0,11,0,0,1,1,1,1785488952
2026-07-31T09:35:21Z,593,0,0,38,0,0,1,1,1,1785488201
2026-07-31T09:35:21Z,594,6,0,12,3,0,1,1,1,1785490463
2026-07-31T09:35:21Z,595,0,0,3,0,0,0,1,1,1784046673
2026-07-31T09:35:21Z,605,0,0,2,1,0,0,1,1,1783975843
2026-07-31T09:35:21Z,606,0,0,0,0,0,0,1,1,86400
2026-07-31T09:35:21Z,607,9,1,22,1,0,1,1,1,1785488201
2026-07-31T09:35:21Z,608,0,0,50,0,0,1,1,1,1785490318
2026-07-31T09:35:21Z,609,2,0,21,0,0,1,1,1,1785488201
2026-07-31T09:35:21Z,610,0,0,35,0,0,1,1,1,1785488201
2026-07-31T09:35:21Z,611,13,0,13,1,0,1,1,1,1785490509
2026-07-31T09:35:21Z,612,6,1,9,0,0,1,1,1,1785486691
2026-07-31T09:35:21Z,613,9,0,2,4,0,1,1,1,1785489318
2026-07-31T09:35:21Z,614,1,1,23,2,1,1,1,1,1785488202
2026-07-31T09:35:21Z,617,11,0,2,2,0,1,1,1,1785489767
2026-07-31T09:35:21Z,618,13,2,1,5,0,1,1,1,1785486690
2026-07-31T09:35:21Z,619,7,2,12,0,0,1,1,1,1785488201
2026-07-31T09:35:21Z,620,0,0,27,0,0,1,1,1,1785488201
2026-07-31T09:35:21Z,621,7,2,15,1,0,1,1,1,1785488201
2026-07-31T09:35:21Z,622,5,2,17,1,0,1,1,1,1785488201
2026-07-31T09:35:21Z,623,9,2,20,1,0,1,1,1,1785488201
2026-07-31T09:35:21Z,624,2,0,13,0,0,1,1,1,1785486691
2026-07-31T09:35:21Z,625,5,0,14,2,0,1,1,1,1785488201
2026-07-31T09:35:21Z,626,2,0,43,0,2,1,1,1,1785490207
2026-07-31T09:35:21Z,627,13,6,6,0,0,1,1,1,1785488201
2026-07-31T09:35:21Z,628,0,0,15,2,2,1,1,1,1785490327
2026-07-31T09:35:21Z,629,4,1,6,1,0,1,1,1,1785490382
2026-07-31T09:35:21Z,630,3,2,21,3,0,1,1,1,1785490513
2026-07-31T09:35:21Z,631,2,1,21,0,0,1,1,1,1785488201
2026-07-31T09:35:21Z,632,21,1,0,2,0,1,1,1,1785489788
2026-07-31T09:35:21Z,633,11,1,0,4,0,1,1,1,1785490309
2026-07-31T09:35:21Z,634,11,2,8,0,0,1,1,1,1785486991
2026-07-31T09:35:21Z,635,17,1,2,0,0,1,1,1,1785488201
2026-07-31T09:35:21Z,636,10,2,5,0,0,1,1,1,1785488201
2026-07-31T09:35:21Z,637,7,0,12,0,0,1,1,1,1785490209
2026-07-31T09:35:21Z,638,9,2,8,2,0,1,1,1,1785489804
2026-07-31T09:35:21Z,639,5,1,11,3,0,1,1,1,1785479066
2026-07-31T09:35:21Z,640,1,1,21,1,0,1,1,1,1785490513
2026-07-31T09:35:21Z,641,21,1,3,2,0,1,1,1,1785487278
2026-07-31T09:35:21Z,642,4,2,7,8,0,1,1,1,1785490512
2026-07-31T09:35:21Z,643,2,0,17,8,0,1,1,1,1785490512
2026-07-31T09:35:21Z,644,12,0,2,1,0,1,1,1,1785486991
2026-07-31T09:35:21Z,645,11,0,10,1,1,1,1,1,1785488495
2026-07-31T09:35:21Z,646,7,2,12,0,0,1,1,1,1785490392
2026-07-31T09:35:21Z,647,30,1,1,0,0,1,1,1,1785490486
2026-07-31T09:35:21Z,648,6,0,11,1,1,1,1,1,1785490432
2026-07-31T09:35:21Z,649,18,2,12,1,0,1,1,1,1785490307
2026-07-31T09:35:21Z,650,5,1,9,0,0,1,1,1,1785488201
2026-07-31T09:35:21Z,651,11,9,12,0,0,1,1,1,1785482207
2026-07-31T09:35:21Z,652,4,2,17,2,0,1,1,1,1785490502
2026-07-31T09:35:21Z,653,8,1,9,2,0,1,1,1,1785488201
2026-07-31T09:35:21Z,654,2,2,13,0,0,1,1,1,1785488202
2026-07-31T09:35:21Z,655,6,3,2,4,1,1,1,1,1785490413
2026-07-31T09:35:21Z,656,19,7,0,0,0,1,1,1,1785489841
2026-07-31T09:35:21Z,657,9,1,3,2,3,1,1,1,1785490447
2026-07-31T09:35:21Z,658,9,1,1,0,0,1,1,1,1785473427
2026-07-31T09:35:21Z,659,8,3,5,2,0,1,1,1,1785488201
2026-07-31T09:35:21Z,660,13,0,14,4,0,1,1,1,1785490421
2026-07-31T09:35:21Z,661,1,1,18,0,0,1,1,1,1785488202
2026-07-31T09:35:21Z,662,7,5,14,2,0,1,1,1,1785480458
2026-07-31T09:35:21Z,663,14,6,0,1,0,1,1,1,1785488201
2026-07-31T09:35:21Z,664,0,0,27,0,0,1,1,1,1785488202
2026-07-31T09:35:21Z,665,12,3,3,0,0,1,1,1,1785488202
2026-07-31T09:35:21Z,666,7,2,6,2,0,1,1,1,1785488201
2026-07-31T09:35:21Z,667,0,0,19,0,0,1,1,1,1785486991
2026-07-31T09:35:21Z,668,10,1,8,1,0,1,1,1,1785488201
2026-07-31T09:35:21Z,669,14,5,0,0,0,1,1,1,1785488201
2026-07-31T09:35:21Z,670,11,2,16,0,0,1,1,1,1785486992
2026-07-31T09:35:21Z,671,24,5,2,1,0,1,1,1,1785489576
2026-07-31T09:35:21Z,672,13,2,6,3,1,1,1,1,1785486991
2026-07-31T09:35:21Z,673,11,0,10,2,0,1,1,1,1785490469
2026-07-31T09:35:21Z,674,3,2,17,3,0,1,1,1,1785490320
2026-07-31T09:35:21Z,675,12,6,1,2,0,1,1,1,1785490313
2026-07-31T09:35:21Z,676,6,1,15,1,0,1,1,1,1785488643
2026-07-31T09:35:21Z,681,12,3,1,2,0,1,1,1,1785489270
2026-07-31T09:35:21Z,682,4,1,14,1,0,1,1,1,1785486991
2026-07-31T09:35:21Z,683,4,1,15,0,0,1,1,1,1785490156
2026-07-31T09:35:21Z,684,3,0,24,0,0,1,1,1,1785487883
2026-07-31T09:35:21Z,685,10,0,15,1,1,1,1,1,1785488201
2026-07-31T09:35:21Z,686,10,0,14,3,0,1,1,1,1785490487
2026-07-31T09:35:21Z,687,11,0,18,1,1,1,1,1,1785490503
2026-07-31T09:35:21Z,688,10,0,2,7,0,1,1,1,1785490310
2026-07-31T09:35:21Z,692,4,1,17,0,0,1,1,1,1785489419
2026-07-31T09:35:21Z,693,5,0,3,3,0,1,1,1,1785488989
2026-07-31T09:35:21Z,694,9,5,12,0,0,1,1,1,1785488738
2026-07-31T09:35:21Z,695,17,11,6,0,0,1,1,1,1785488876
2026-07-31T09:35:21Z,696,19,14,3,1,0,1,1,1,1785488796
2026-07-31T09:35:21Z,697,21,2,2,0,0,1,1,1,1785490209
2026-07-31T09:35:21Z,698,27,1,0,0,0,1,1,1,1785489751
2026-07-31T09:35:21Z,699,7,0,7,1,0,1,1,1,1785489288
2026-07-31T09:35:21Z,700,19,4,0,0,0,1,1,1,1785489415
2026-07-31T09:35:21Z,701,17,6,2,0,0,1,1,1,1785488846
2026-07-31T09:35:21Z,702,18,0,4,1,0,1,1,1,1785489871
2026-07-31T09:35:21Z,704,9,2,6,0,0,1,1,1,1785490062
2026-07-31T09:35:21Z,705,5,3,9,1,0,1,1,1,1785489527
2026-07-31T09:35:21Z,706,12,2,0,3,0,1,1,1,1785488813
2026-07-31T09:35:21Z,707,10,2,5,0,0,1,1,1,1785489452
2026-07-31T09:35:21Z,708,18,2,0,1,0,1,1,1,1785489657
2026-07-31T09:35:21Z,709,11,1,1,3,0,1,1,1,1785489473
2026-07-31T09:35:21Z,710,16,3,2,1,0,1,1,1,1785488887
2026-07-31T09:35:21Z,711,19,4,0,4,0,1,1,1,1785488952
2026-07-31T09:35:21Z,712,15,10,0,0,0,1,1,1,1785488829
2026-07-31T09:35:21Z,713,6,0,17,0,0,1,1,1,1785489924
2026-07-31T09:35:21Z,716,3,1,12,0,0,1,1,1,1785489172
2026-07-31T09:35:21Z,717,3,1,19,3,0,1,1,1,1785489249
2026-07-31T09:35:21Z,718,3,1,11,1,0,1,1,1,1785488999
2026-07-31T09:35:21Z,719,7,1,22,0,0,1,1,1,1785490225
2026-07-31T09:35:21Z,720,2,1,17,0,0,1,1,1,1785489464
2026-07-31T09:35:21Z,721,0,0,21,2,0,1,1,1,1785490262
2026-07-31T09:35:21Z,722,5,0,10,0,0,1,1,1,1785489217
2026-07-31T09:35:21Z,723,12,1,11,0,0,1,1,1,1785489252
2026-07-31T09:35:21Z,724,21,4,2,0,0,1,1,1,1785490410
2026-07-31T09:35:21Z,725,21,5,1,1,0,1,1,1,1785490323
2026-07-31T09:35:21Z,726,19,3,0,0,0,1,1,1,1785490181
2026-07-31T09:35:21Z,727,9,4,12,2,0,1,1,1,1785490210
2026-07-31T09:35:21Z,728,9,0,5,1,0,1,1,1,1785489766
2026-07-31T09:35:21Z,729,6,0,13,0,0,1,1,1,1785488827
2026-07-31T09:35:21Z,730,3,2,10,2,0,1,1,1,1785490362
2026-07-31T09:35:21Z,731,10,3,4,1,0,1,1,1,1785489473
2026-07-31T09:35:21Z,732,9,5,6,0,0,1,1,1,1785490512
2026-07-31T09:35:21Z,733,4,0,23,0,0,1,1,1,1785489486
2026-07-31T09:35:21Z,734,0,0,14,0,0,1,1,1,1785490470
2026-07-31T09:35:21Z,735,4,3,23,0,0,1,1,1,1785489349
2026-07-31T09:35:21Z,736,7,1,12,0,0,1,1,1,1785489902
2026-07-31T09:35:21Z,737,4,3,10,0,1,1,1,1,1785489890
2026-07-31T09:35:21Z,738,16,5,1,2,0,1,1,1,1785490095
2026-07-31T09:35:21Z,739,19,2,7,1,0,1,1,1,1785489510
2026-07-31T09:35:21Z,741,7,1,16,0,0,1,1,1,1785489794
2026-07-31T09:35:21Z,742,5,0,27,3,0,1,1,1,1785489910
2026-07-31T09:35:21Z,743,8,3,9,2,0,1,1,1,1785489664
2026-07-31T09:35:21Z,744,11,4,3,1,0,1,1,1,1785490170
2026-07-31T09:35:21Z,745,14,4,4,1,0,1,1,1,1785490178
2026-07-31T09:35:21Z,746,12,3,9,2,0,1,1,1,1785489153
2026-07-31T09:35:21Z,747,0,0,4,0,0,0,1,1,1783446606
2026-07-31T09:35:21Z,748,10,1,13,0,0,1,1,1,1785489150
2026-07-31T09:35:21Z,749,7,5,15,1,0,1,1,1,1785489065
2026-07-31T09:35:21Z,750,2,1,9,0,0,1,1,1,1785490476
2026-07-31T09:35:21Z,751,8,0,15,0,0,1,1,1,1785490402
2026-07-31T09:35:21Z,752,13,1,3,1,0,1,1,1,1785490194
2026-07-31T09:35:21Z,753,5,0,10,0,0,1,1,1,1785490308
2026-07-31T09:35:21Z,754,1,1,13,1,0,1,1,1,1785488910
2026-07-31T09:35:21Z,755,12,3,10,1,0,1,1,1,1785489031
2026-07-31T09:35:21Z,756,2,0,35,0,0,1,1,1,1785489747
2026-07-31T09:35:21Z,757,18,9,1,0,0,1,1,1,1785489143
2026-07-31T09:35:21Z,758,22,3,1,0,0,1,1,1,1785488749
2026-07-31T09:35:21Z,759,5,3,10,0,0,1,1,1,1785490292
2026-07-31T09:35:21Z,760,8,3,11,0,0,1,1,1,1785488200
2026-07-31T09:35:21Z,761,15,0,7,1,0,1,1,1,1785490478
2026-07-31T09:35:21Z,762,7,4,4,4,0,1,1,1,1785489422
2026-07-31T09:35:21Z,768,8,0,8,3,0,1,1,1,1785490402
2026-07-31T09:35:21Z,769,16,12,3,0,0,1,1,1,1785490026
2026-07-31T09:35:21Z,770,11,3,6,2,0,1,1,1,1785489961
2026-07-31T09:35:21Z,771,13,3,1,1,0,1,1,1,1785489394
2026-07-31T09:35:21Z,772,7,3,8,0,0,1,1,1,1785490020
2026-07-31T09:35:21Z,773,15,4,4,0,0,1,1,1,1785489853
2026-07-31T09:35:21Z,774,9,5,3,3,0,1,1,1,1785489799
2026-07-31T09:35:21Z,775,6,0,11,1,1,1,1,1,1785488308
2026-07-31T09:35:21Z,776,3,1,17,1,0,1,1,1,1785490183
2026-07-31T09:35:21Z,777,10,0,2,3,0,1,1,1,1785489911
2026-07-31T09:35:21Z,778,13,0,3,3,0,1,1,1,1785490151
2026-07-31T09:35:21Z,779,8,1,10,1,0,1,1,1,1785488945
2026-07-31T09:35:21Z,780,17,4,1,1,0,1,1,1,1785490381
2026-07-31T09:35:21Z,781,6,2,3,2,0,1,1,1,1785488897
2026-07-31T09:35:21Z,782,5,3,10,4,0,1,1,1,1785489680
2026-07-31T09:35:21Z,783,7,1,12,0,0,1,1,1,1785488954
2026-07-31T09:35:21Z,784,15,2,4,0,0,1,1,1,1785490377
2026-07-31T09:35:21Z,785,11,2,2,6,0,1,1,1,1785489125
2026-07-31T09:35:21Z,786,11,5,8,0,0,1,1,1,1785488769
2026-07-31T09:35:21Z,787,11,5,2,2,0,1,1,1,1785490225
2026-07-31T09:35:21Z,788,3,0,12,0,0,1,1,1,1785489445
2026-07-31T09:35:21Z,789,9,2,2,4,0,1,1,1,1785490359
2026-07-31T09:35:21Z,790,2,0,21,0,0,1,1,1,1785490077
2026-07-31T09:35:21Z,791,7,2,11,0,1,1,1,1,1785489609
2026-07-31T09:35:21Z,793,4,0,10,1,0,1,1,1,1785489819
2026-07-31T09:35:21Z,794,8,3,19,2,0,1,1,1,1785490278
2026-07-31T09:35:21Z,796,0,0,17,2,0,1,1,1,1785489613
2026-07-31T09:35:21Z,797,1,0,14,0,0,1,1,1,1785487593
2026-07-31T09:35:21Z,798,6,0,18,1,0,1,1,1,1785489446
2026-07-31T09:35:21Z,799,15,1,1,3,0,1,1,1,1785489582
2026-07-31T09:35:21Z,800,1,0,19,1,0,1,1,1,1785489208
2026-07-31T09:35:21Z,801,4,2,16,1,0,1,1,1,1785489637
2026-07-31T09:35:21Z,802,8,0,23,0,0,1,1,1,1785489739
2026-07-31T09:35:21Z,803,1,1,14,0,0,1,1,1,1785489413
2026-07-31T09:35:21Z,806,8,3,7,0,0,1,1,1,1785488200
2026-07-31T09:35:21Z,807,14,0,8,3,0,1,1,1,1785490018
2026-07-31T09:35:21Z,808,0,0,23,2,0,1,1,1,1785488225
2026-07-31T09:35:21Z,809,5,1,17,1,0,1,1,1,1785489584
2026-07-31T09:35:21Z,810,2,0,13,4,0,1,1,1,1785490047
2026-07-31T09:35:21Z,815,4,1,6,4,1,1,1,1,1785489715
2026-07-31T09:35:21Z,817,10,5,5,0,0,1,1,1,1785488927
2026-07-31T09:35:21Z,818,6,0,16,1,0,1,1,1,1785490155
2026-07-31T09:35:21Z,819,6,4,9,0,0,1,1,1,1785487291
2026-07-31T09:35:21Z,820,8,2,9,0,0,1,1,1,1785488848
2026-07-31T09:35:21Z,821,2,1,13,0,0,1,1,1,1785489777
2026-07-31T09:35:21Z,822,1,0,20,2,0,1,1,1,1785490096
2026-07-31T09:35:21Z,823,0,0,14,1,0,1,1,1,1785489244
2026-07-31T09:35:21Z,824,12,3,6,1,0,1,1,1,1785488710
2026-07-31T09:35:21Z,825,8,5,7,0,0,1,1,1,1785488201
2026-07-31T09:35:21Z,826,10,2,8,1,0,1,1,1,1785488718
2026-07-31T09:35:21Z,827,16,5,4,1,0,1,1,1,1785490040
2026-07-31T09:35:21Z,828,9,0,7,2,0,1,1,1,1785490438
2026-07-31T09:35:21Z,829,16,7,11,0,0,1,1,1,1785488956
2026-07-31T09:35:21Z,830,12,3,10,1,0,1,1,1,1785490021
2026-07-31T09:35:21Z,831,7,2,7,1,0,1,1,1,1785489217
2026-07-31T09:35:21Z,832,10,3,5,3,0,1,1,1,1785489300
2026-07-31T09:35:21Z,833,1,0,17,1,0,1,1,1,1785489056
2026-07-31T09:35:21Z,834,1,0,22,1,0,1,1,1,1785490371
2026-07-31T09:35:21Z,835,16,6,0,2,0,1,1,1,1785488785
2026-07-31T09:35:21Z,837,5,1,0,10,0,1,1,1,1785489281
2026-07-31T09:35:21Z,838,14,3,1,0,0,1,1,1,1785489950
2026-07-31T09:35:21Z,839,20,1,9,0,0,1,1,1,1785488063
2026-07-31T09:35:21Z,840,7,3,20,2,0,1,1,1,1785490414
2026-07-31T09:35:21Z,841,7,1,8,0,0,1,1,1,1785489213
2026-07-31T09:35:21Z,842,7,2,16,0,0,1,1,1,1785489004
2026-07-31T09:35:21Z,843,8,0,22,1,0,1,1,1,1785489239
2026-07-31T09:35:21Z,844,6,0,17,0,0,1,1,1,1785489202
2026-07-31T09:35:21Z,845,5,3,12,2,0,1,1,1,1785489388
2026-07-31T09:35:21Z,846,4,0,13,2,0,1,1,1,1785490339
2026-07-31T09:35:21Z,847,7,1,20,0,0,1,1,1,1785490125
2026-07-31T09:35:21Z,848,10,3,8,1,0,1,1,1,1785488215
2026-07-31T09:35:21Z,849,7,2,8,0,0,1,1,1,1785490186
2026-07-31T09:35:21Z,850,9,0,1,1,0,1,1,1,1785490434
2026-07-31T09:35:21Z,851,3,3,32,2,0,1,1,1,1785490276
2026-07-31T09:35:21Z,852,12,6,7,0,0,1,1,1,1785489104
2026-07-31T09:35:21Z,853,10,5,13,0,0,1,1,1,1785489977
2026-07-31T09:35:21Z,854,3,2,12,0,0,1,1,1,1785490048
2026-07-31T09:35:21Z,855,25,0,2,0,0,1,1,1,1785488200
2026-07-31T09:35:21Z,857,1,1,18,0,0,1,1,1,1785489302
2026-07-31T09:35:21Z,858,4,1,14,1,0,1,1,1,1785489758
2026-07-31T09:35:21Z,859,3,0,17,1,0,1,1,1,1785489983
2026-07-31T09:35:21Z,861,8,1,2,1,0,1,1,1,1785488201
2026-07-31T09:35:21Z,862,2,1,13,0,0,1,1,1,1785489241
2026-07-31T09:35:21Z,863,13,0,5,1,0,1,1,1,1785488200
2026-07-31T09:35:21Z,866,11,3,8,0,0,1,1,1,1785489540
2026-07-31T09:35:21Z,867,12,0,3,0,0,1,1,1,1785488857
2026-07-31T09:35:21Z,868,13,2,2,0,0,1,1,1,1785489062
2026-07-31T09:35:21Z,870,7,4,6,2,0,1,1,1,1785489278
2026-07-31T09:35:21Z,871,0,0,10,1,0,1,1,1,1785490473
2026-07-31T09:35:21Z,872,0,0,14,1,0,1,1,1,1785489199
2026-07-31T09:35:21Z,873,0,0,32,1,0,1,1,1,1785489175
2026-07-31T09:35:21Z,874,5,2,7,3,0,1,1,1,1785489378
2026-07-31T09:35:21Z,875,15,11,0,0,0,1,1,1,1785490255
2026-07-31T09:35:21Z,877,11,10,6,2,0,1,1,1,1785488804
2026-07-31T09:35:21Z,878,3,2,15,1,0,1,1,1,1785489385
2026-07-31T09:35:21Z,879,1,0,18,0,0,1,1,1,1785490243
2026-07-31T09:35:21Z,880,3,0,19,1,0,1,1,1,1785490252
2026-07-31T09:35:21Z,881,2,0,17,0,0,1,1,1,1785489237
2026-07-31T09:35:21Z,882,10,0,6,3,0,1,1,1,1785488200
2026-07-31T09:35:21Z,883,10,6,9,0,0,1,1,1,1785489506
2026-07-31T09:35:21Z,884,11,7,10,0,0,1,1,1,1785489985
2026-07-31T09:35:21Z,885,1,0,18,0,0,1,1,1,1785489086
2026-07-31T09:35:21Z,886,17,1,11,1,0,1,1,1,1785489875
2026-07-31T09:35:21Z,887,3,1,11,3,0,1,1,1,1785489803
2026-07-31T09:35:21Z,888,12,0,27,2,0,1,1,1,1785490441
2026-07-31T09:35:21Z,889,17,1,0,2,0,1,1,1,1785489394
2026-07-31T09:35:21Z,890,6,4,9,0,0,1,1,1,1785489632
2026-07-31T09:35:21Z,891,20,0,2,1,0,1,1,1,1785490396
2026-07-31T09:35:21Z,892,13,1,2,0,0,1,1,1,1785488200
2026-07-31T09:35:21Z,895,0,0,18,1,0,1,1,1,1785489208
2026-07-31T09:35:21Z,896,6,0,29,0,0,1,1,1,1785488200
2026-07-31T09:35:21Z,897,11,1,10,0,0,1,1,1,1785489274
2026-07-31T09:35:21Z,898,2,0,17,0,0,1,1,1,1785489005
2026-07-31T09:35:21Z,899,0,0,18,1,0,1,1,1,1785490052
2026-07-31T09:35:21Z,900,19,1,6,2,0,1,1,1,1785490228
2026-07-31T09:35:21Z,901,12,0,6,1,0,1,1,1,1785489765
2026-07-31T09:35:21Z,902,9,0,5,1,0,1,1,1,1785488945
2026-07-31T09:35:21Z,903,14,2,4,1,0,1,1,1,1785490198
2026-07-31T09:35:21Z,904,10,4,8,1,0,1,1,1,1785489393
2026-07-31T09:35:21Z,905,4,0,23,0,0,1,1,1,1785489492
2026-07-31T09:35:21Z,906,8,5,19,0,0,1,1,1,1785490244
2026-07-31T09:35:21Z,907,6,1,25,0,0,1,1,1,1785489584
2026-07-31T09:35:21Z,908,11,0,12,0,0,1,1,1,1785489379
2026-07-31T09:35:21Z,909,14,4,8,1,0,1,1,1,1785489020
2026-07-31T09:35:21Z,910,20,0,11,0,0,1,1,1,1785489298
2026-07-31T09:35:21Z,911,3,0,16,0,0,1,1,1,1785488938
2026-07-31T09:35:21Z,912,9,5,12,2,0,1,1,1,1785489864
2026-07-31T09:35:21Z,913,3,1,16,0,0,1,1,1,1785489919
2026-07-31T09:35:21Z,914,6,1,13,0,0,1,1,1,1785489740
2026-07-31T09:35:21Z,915,7,0,15,1,0,1,1,1,1785489494
2026-07-31T09:35:21Z,916,23,8,0,0,0,1,1,1,1785489536
2026-07-31T09:35:21Z,917,4,0,29,2,0,1,1,1,1785490128
2026-07-31T09:35:21Z,918,13,5,4,2,0,1,1,1,1785489306
2026-07-31T09:35:21Z,919,13,3,25,1,0,1,1,1,1785489996
2026-07-31T09:35:21Z,920,4,2,15,0,0,1,1,1,1785489734
2026-07-31T09:35:21Z,921,12,0,9,0,0,1,1,1,1785489069
2026-07-31T09:35:21Z,922,4,1,17,0,0,1,1,1,1785489871
2026-07-31T09:35:21Z,923,19,2,0,0,0,1,1,1,1785488747
2026-07-31T09:35:21Z,924,8,2,13,0,0,1,1,1,1785490084
2026-07-31T09:35:21Z,925,13,0,8,0,0,1,1,1,1785489547
2026-07-31T09:35:21Z,926,0,0,21,0,0,1,1,1,1785489688
2026-07-31T09:35:21Z,927,1,0,34,0,0,1,1,1,1785490089
2026-07-31T09:35:21Z,928,5,3,14,0,0,1,1,1,1785464301
2026-07-31T09:35:21Z,929,0,0,23,0,0,1,1,1,1785488702
2026-07-31T09:35:21Z,930,0,0,30,1,0,1,1,1,1785489297
2026-07-31T09:35:21Z,931,8,3,15,0,0,1,1,1,1785489618
2026-07-31T09:35:21Z,932,4,0,12,3,0,1,1,1,1785489457
2026-07-31T09:35:21Z,933,0,0,23,0,0,1,1,1,1785489669
2026-07-31T09:35:21Z,934,3,0,27,1,0,1,1,1,1785489542
2026-07-31T09:35:21Z,935,9,2,9,1,0,1,1,1,1785490251
2026-07-31T09:35:21Z,936,4,1,15,0,0,1,1,1,1785456801
2026-07-31T09:35:21Z,940,10,0,1,0,0,1,1,1,1785487595
2026-07-31T09:35:21Z,941,10,1,13,2,0,1,1,1,1785489809
2026-07-31T09:35:21Z,942,5,0,16,0,0,1,1,1,1785490186
2026-07-31T09:35:21Z,943,9,8,6,0,0,1,1,1,1785489313
2026-07-31T09:35:21Z,944,9,8,6,0,0,1,1,1,1785489128
2026-07-31T09:35:21Z,945,10,8,5,0,0,1,1,1,1785490454
2026-07-31T09:35:21Z,946,7,5,12,0,0,1,1,1,1785487593
2026-07-31T09:35:21Z,947,7,5,10,0,0,1,1,1,1785489142
2026-07-31T09:35:21Z,948,25,8,1,5,0,1,1,1,1785490075
2026-07-31T09:35:21Z,949,2,0,13,0,0,1,1,1,1785490164
2026-07-31T09:35:21Z,950,16,4,0,1,0,1,1,1,1785489154
2026-07-31T09:35:21Z,951,18,4,5,0,0,1,1,1,1785489351
2026-07-31T09:35:21Z,952,9,0,46,0,0,1,1,1,1785490496
2026-07-31T09:35:21Z,953,14,2,0,1,0,1,1,1,1785490225
2026-07-31T09:35:21Z,954,17,4,2,0,0,1,1,1,1785489251
2026-07-31T09:35:21Z,955,4,3,17,6,0,1,1,1,1785490039
2026-07-31T09:35:21Z,956,22,1,0,1,0,1,1,1,1785489322
2026-07-31T09:35:21Z,957,15,0,14,0,0,1,1,1,1785490353
2026-07-31T09:35:21Z,958,19,0,12,0,0,1,1,1,1785489862
2026-07-31T09:35:21Z,959,20,8,0,3,0,1,1,1,1785489029
2026-07-31T09:35:21Z,960,22,1,0,1,0,1,1,1,1785489512
2026-07-31T09:35:21Z,961,3,2,17,3,0,1,1,1,1785489860
2026-07-31T09:35:21Z,962,8,3,24,3,0,1,1,1,1785490115
2026-07-31T09:35:21Z,963,6,0,16,1,0,1,1,1,1785489228
2026-07-31T09:35:21Z,964,21,8,1,1,0,1,1,1,1785488862
2026-07-31T09:35:21Z,965,5,1,21,1,0,1,1,1,1785489359
2026-07-31T09:35:21Z,966,28,0,3,0,0,1,1,1,1785489864
2026-07-31T09:35:21Z,967,19,0,0,2,0,1,1,1,1785490233
2026-07-31T09:35:21Z,968,15,0,3,1,0,1,1,1,1785490137
2026-07-31T09:35:21Z,969,10,6,15,2,0,1,1,1,1785489075
2026-07-31T09:35:21Z,970,11,1,7,1,0,1,1,1,1785489465
2026-07-31T09:35:21Z,971,15,0,7,1,0,1,1,1,1785489437
2026-07-31T09:35:21Z,972,9,1,13,1,0,1,1,1,1785489103
2026-07-31T09:35:21Z,973,8,3,14,1,0,1,1,1,1785490432
2026-07-31T09:35:21Z,974,12,0,15,0,0,1,1,1,1785489818
2026-07-31T09:35:21Z,977,7,7,11,3,0,1,1,1,1785489372
2026-07-31T09:35:21Z,978,11,0,12,0,0,1,1,1,1785490237
2026-07-31T09:35:21Z,979,14,1,3,0,0,1,1,1,1785489783
2026-07-31T09:35:21Z,980,1,0,18,2,0,1,1,1,1785489161
2026-07-31T09:35:21Z,981,19,1,1,1,0,1,1,1,1785488868
2026-07-31T09:35:21Z,982,3,1,14,2,0,1,1,1,1785489172
2026-07-31T09:35:21Z,983,2,1,20,1,0,1,1,1,1785489586
2026-07-31T09:35:21Z,984,6,0,17,0,0,1,1,1,1785488761
2026-07-31T09:35:21Z,985,8,0,23,0,0,1,1,1,1785489863
2026-07-31T09:35:21Z,986,4,0,15,0,0,1,1,1,1785489169
2026-07-31T09:35:21Z,987,6,0,16,1,0,1,1,1,1785489706
2026-07-31T09:35:21Z,988,5,1,13,1,0,1,1,1,1785489321
2026-07-31T09:35:21Z,989,9,4,10,0,0,1,1,1,1785490127
2026-07-31T09:35:21Z,990,13,1,0,2,0,1,1,1,1785489373
2026-07-31T09:35:21Z,991,10,2,8,1,0,1,1,1,1785489034
2026-07-31T09:35:21Z,992,10,7,12,1,0,1,1,1,1785489908
2026-07-31T09:35:21Z,993,0,0,27,0,0,1,1,1,1785476008
2026-07-31T09:35:21Z,994,3,1,18,0,0,1,1,1,1785490122
2026-07-31T09:35:21Z,995,8,2,19,0,0,1,1,1,1785489342
2026-07-31T09:35:21Z,996,8,1,15,0,0,1,1,1,1785489144
2026-07-31T09:35:21Z,997,11,5,10,2,0,1,1,1,1785490420
2026-07-31T09:35:21Z,998,3,2,19,1,0,1,1,1,1785489459
2026-07-31T09:35:21Z,999,3,1,15,2,1,1,1,1,1785489241
2026-07-31T09:35:21Z,1000,4,2,17,0,0,1,1,1,1785490029
2026-07-31T09:35:21Z,1001,1,0,26,0,0,1,1,1,1785489482
2026-07-31T09:35:21Z,1002,0,0,27,4,0,1,1,1,1785489483
2026-07-31T09:35:21Z,1003,0,0,22,1,0,1,1,1,1785489108
2026-07-31T09:35:21Z,1004,8,1,15,0,0,1,1,1,1785490365
2026-07-31T09:35:21Z,1005,20,1,3,0,0,1,1,1,1785489296
2026-07-31T09:35:21Z,1006,7,4,11,1,0,1,1,1,1785489132
2026-07-31T09:35:21Z,1007,2,1,19,0,0,1,1,1,1785488763
2026-07-31T09:35:21Z,1008,6,5,15,2,0,1,1,1,1785490083
2026-07-31T09:35:21Z,1009,19,2,8,4,0,1,1,1,1785489952
2026-07-31T09:35:21Z,1010,7,2,20,0,0,1,1,1,1785488967
2026-07-31T09:35:21Z,1011,8,2,9,2,0,1,1,1,1785489506
2026-07-31T09:35:21Z,1012,4,3,18,1,0,1,1,1,1785489062
2026-07-31T09:35:21Z,1013,4,1,18,1,0,1,1,1,1785489660
2026-07-31T09:35:21Z,1014,7,2,13,3,0,1,1,1,1785489580
2026-07-31T09:35:21Z,1015,3,1,25,3,0,1,1,1,1785489856
2026-07-31T09:35:21Z,1016,10,5,21,0,0,1,1,1,1785488923
2026-07-31T09:35:21Z,1017,14,5,7,0,0,1,1,1,1785490285
2026-07-31T09:35:21Z,1018,7,2,15,0,0,1,1,1,1785489150
2026-07-31T09:35:21Z,1019,9,6,6,0,0,1,1,1,1785489080
2026-07-31T09:35:21Z,1020,18,3,3,0,0,1,1,1,1785490154
2026-07-31T09:35:21Z,1021,9,3,5,1,0,1,1,1,1785489881
2026-07-31T09:35:21Z,1022,14,0,13,0,0,1,1,1,1785489240
2026-07-31T09:35:21Z,1023,13,1,9,1,0,1,1,1,1785488884
2026-07-31T09:35:21Z,1024,5,2,13,1,0,1,1,1,1785489883
2026-07-31T09:35:21Z,1025,4,0,14,0,1,1,1,1,1785489208
2026-07-31T09:35:21Z,1026,8,5,18,5,0,1,1,1,1785490235
2026-07-31T09:35:21Z,1028,2,0,20,1,0,1,1,1,1785489240
2026-07-31T09:35:21Z,1029,9,9,5,1,0,1,1,1,1785490177
2026-07-31T09:35:21Z,1030,14,5,9,0,0,1,1,1,1785489922
2026-07-31T09:35:21Z,1031,8,0,11,0,0,1,1,1,1785490290
2026-07-31T09:35:21Z,1032,7,1,12,0,0,1,1,1,1785489137
2026-07-31T09:35:21Z,1033,9,5,9,1,0,1,1,1,1785489950
2026-07-31T09:35:21Z,1034,2,0,13,0,0,1,1,1,1785489154
2026-07-31T09:35:21Z,1035,1,0,16,2,0,1,1,1,1785489182
2026-07-31T09:35:21Z,1036,15,1,0,0,0,1,1,1,1785489733
2026-07-31T09:35:21Z,1037,4,0,14,1,0,1,1,1,1785489585
2026-07-31T09:35:21Z,1038,2,0,12,1,0,1,1,1,1785488852
2026-07-31T09:35:21Z,1039,7,2,12,0,0,1,1,1,1785489291
2026-07-31T09:35:21Z,1040,7,3,10,2,0,1,1,1,1785489174
2026-07-31T09:35:21Z,1041,10,3,8,1,0,1,1,1,1785489867
2026-07-31T09:35:21Z,1042,12,1,1,2,0,1,1,1,1785489321
2026-07-31T09:35:21Z,1043,9,0,7,3,0,1,1,1,1785489211
2026-07-31T09:35:21Z,1044,2,1,12,1,0,1,1,1,1785488907
2026-07-31T09:35:21Z,1045,11,1,8,0,0,1,1,1,1785489125
2026-07-31T09:35:21Z,1046,9,0,6,0,0,1,1,1,1785490345
2026-07-31T09:35:21Z,1047,4,0,17,0,0,1,1,1,1785489890
2026-07-31T09:35:21Z,1048,10,1,9,0,0,1,1,1,1785489102
2026-07-31T09:35:21Z,1049,6,0,15,0,0,1,1,1,1785489164
2026-07-31T09:35:21Z,1050,17,4,4,0,0,1,1,1,1785490262
2026-07-31T09:35:21Z,1051,8,3,13,0,0,1,1,1,1785490155
2026-07-31T09:35:21Z,1052,17,2,5,0,0,1,1,1,1785488963
2026-07-31T09:35:21Z,1053,2,1,13,0,0,1,1,1,1785489032
2026-07-31T09:35:21Z,1054,14,1,1,0,0,1,1,1,1785489292
2026-07-31T09:35:21Z,1055,7,1,12,0,0,1,1,1,1785489269
2026-07-31T09:35:21Z,1057,18,0,0,1,0,1,1,1,1785488961
2026-07-31T09:35:21Z,1058,1,0,55,0,0,1,1,1,1785489199
2026-07-31T09:35:21Z,1059,0,0,18,1,0,1,1,1,1785489163
2026-07-31T09:35:21Z,1060,30,0,7,0,0,1,1,1,1785489948
2026-07-31T09:35:21Z,1061,7,1,29,1,0,1,1,1,1785489255
2026-07-31T09:35:21Z,1062,2,0,15,0,0,1,1,1,1785489647
2026-07-31T09:35:21Z,1063,12,1,6,1,0,1,1,1,1785489181
2026-07-31T09:35:21Z,1064,3,0,19,1,0,1,1,1,1785489511
2026-07-31T09:35:21Z,1065,16,3,7,0,0,1,1,1,1785489750
2026-07-31T09:35:21Z,1066,10,2,13,0,0,1,1,1,1785489576
2026-07-31T09:35:21Z,1067,8,2,13,2,0,1,1,1,1785489843
2026-07-31T09:35:21Z,1068,8,2,13,2,0,1,1,1,1785489334
2026-07-31T09:35:21Z,1069,12,3,11,0,0,1,1,1,1785489384
2026-07-31T09:35:21Z,1070,12,2,11,0,0,1,1,1,1785489481
2026-07-31T09:35:21Z,1071,7,4,16,0,0,1,1,1,1785489520
2026-07-31T09:35:21Z,1072,11,1,11,1,0,1,1,1,1785489899
2026-07-31T09:35:21Z,1073,26,7,0,1,0,1,1,1,1785488815
2026-07-31T09:35:21Z,1074,0,0,52,1,0,1,1,1,1785489496
2026-07-31T09:35:21Z,1075,10,10,11,0,0,1,1,1,1785488888
2026-07-31T09:35:21Z,1076,14,11,7,0,0,1,1,1,1785490143
2026-07-31T09:35:21Z,1077,8,5,13,0,0,1,1,1,1785489104
2026-07-31T09:35:21Z,1078,11,10,10,0,0,1,1,1,1785490185
2026-07-31T09:35:21Z,1079,11,8,10,0,0,1,1,1,1785488997
2026-07-31T09:35:21Z,1080,10,8,10,1,0,1,1,1,1785489597
2026-07-31T09:35:21Z,1081,13,8,6,0,0,1,1,1,1785489990
2026-07-31T09:35:21Z,1082,7,7,1,0,0,1,1,1,1785489476
2026-07-31T09:35:21Z,1083,13,11,8,0,0,1,1,1,1785489262
2026-07-31T09:35:21Z,1084,9,8,12,0,0,1,1,1,1785488882
2026-07-31T09:35:21Z,1085,10,10,11,0,0,1,1,1,1785490424
2026-07-31T09:35:21Z,1086,0,0,20,1,0,1,1,1,1785489230
2026-07-31T09:35:21Z,1087,12,7,3,0,0,1,1,1,1785490242
2026-07-31T09:35:21Z,1088,10,7,5,0,0,1,1,1,1785489184
2026-07-31T09:35:21Z,1089,5,3,10,0,0,1,1,1,1785489541
2026-07-31T09:35:21Z,1090,11,10,4,0,0,1,1,1,1785490071
2026-07-31T09:35:21Z,1091,12,7,3,0,0,1,1,1,1785489983
2026-07-31T09:35:21Z,1092,9,9,5,1,0,1,1,1,1785489529
2026-07-31T09:35:21Z,1093,7,6,8,0,0,1,1,1,1785489892
2026-07-31T09:35:21Z,1094,10,8,8,1,0,1,1,1,1785489696
2026-07-31T09:35:21Z,1095,9,8,6,0,0,1,1,1,1785489837
2026-07-31T09:35:21Z,1096,3,1,15,1,0,1,1,1,1785489501
2026-07-31T09:35:21Z,1097,9,9,6,0,0,1,1,1,1785489715
2026-07-31T09:35:21Z,1098,9,7,10,0,0,1,1,1,1785490055
2026-07-31T09:35:21Z,1099,7,6,8,0,0,1,1,1,1785488971
2026-07-31T09:35:21Z,1100,6,2,23,0,0,1,1,1,1785487894
2026-07-31T09:35:21Z,1101,9,5,12,0,0,1,1,1,1785490489
2026-07-31T09:35:21Z,1102,9,4,4,0,0,1,1,1,1785489970
2026-07-31T09:35:21Z,1103,10,5,11,0,0,1,1,1,1785487895
2026-07-31T09:35:21Z,1104,10,5,11,0,0,1,1,1,1785490435
2026-07-31T09:35:21Z,1105,7,3,6,0,0,1,1,1,1785489856
2026-07-31T09:35:21Z,1106,13,7,8,0,0,1,1,1,1785488956
2026-07-31T09:35:21Z,1107,9,5,6,0,0,1,1,1,1785489254
2026-07-31T09:35:21Z,1108,6,3,18,3,0,1,1,1,1785489740
2026-07-31T09:35:21Z,1109,6,1,9,0,0,1,1,1,1785489210
2026-07-31T09:35:21Z,1110,12,4,9,0,0,1,1,1,1785490304
2026-07-31T09:35:21Z,1111,3,2,18,0,0,1,1,1,1785475740
2026-07-31T09:35:21Z,1112,38,0,15,0,0,1,1,1,1785489014
2026-07-31T09:35:21Z,1113,1,0,20,0,0,1,1,1,1785490262
2026-07-31T09:35:21Z,1115,17,5,3,3,0,1,1,1,1785489652
2026-07-31T09:35:21Z,1116,5,1,14,0,0,1,1,1,1785489156
2026-07-31T09:35:21Z,1117,10,3,13,0,0,1,1,1,1785489534
2026-07-31T09:35:21Z,1118,17,1,3,1,0,1,1,1,1785490343
2026-07-31T09:35:21Z,1119,13,1,4,0,0,1,1,1,1785490171
2026-07-31T09:35:21Z,1120,13,0,6,0,0,1,1,1,1785489234
2026-07-31T09:35:21Z,1121,14,2,4,3,0,1,1,1,1785488201
2026-07-31T09:35:21Z,1122,17,9,1,3,0,1,1,1,1785490368
2026-07-31T09:35:21Z,1123,6,3,15,2,0,1,1,1,1785490437
2026-07-31T09:35:21Z,1124,9,1,2,4,0,1,1,1,1785490180
2026-07-31T09:35:21Z,1125,15,1,8,0,0,1,1,1,1785489432
2026-07-31T09:35:21Z,1126,4,0,16,1,0,1,1,1,1785490270
2026-07-31T09:35:21Z,1127,6,1,12,1,0,1,1,1,1785489477
2026-07-31T09:35:21Z,1128,14,2,0,1,0,1,1,1,1785489160
2026-07-31T09:35:21Z,1129,3,2,17,1,0,1,1,1,1785488885
2026-07-31T09:35:21Z,1130,6,0,9,0,0,1,1,1,1785488949
2026-07-31T09:35:21Z,1131,0,0,48,1,0,1,1,1,1785489908
2026-07-31T09:35:21Z,1132,13,6,7,1,0,1,1,1,1785488966
2026-07-31T09:35:21Z,1133,14,11,5,2,0,1,1,1,1785490093
2026-07-31T09:35:21Z,1134,11,7,8,0,0,1,1,1,1785489661
2026-07-31T09:35:21Z,1135,10,5,11,0,0,1,1,1,1785488755
2026-07-31T09:35:21Z,1136,6,0,17,0,0,1,1,1,1785489326
2026-07-31T09:35:21Z,1137,13,0,2,0,0,1,1,1,1785489078
2026-07-31T09:35:21Z,1138,15,2,4,0,0,1,1,1,1785489118
2026-07-31T09:35:21Z,1139,18,4,1,2,0,1,1,1,1785489648
2026-07-31T09:35:21Z,1140,22,3,0,1,0,1,1,1,1785488859
2026-07-31T09:35:21Z,1141,2,1,19,0,0,1,1,1,1785490372
2026-07-31T09:35:21Z,1142,2,0,19,0,0,1,1,1,1785489794
2026-07-31T09:35:21Z,1143,22,0,6,1,0,1,1,1,1785488699
2026-07-31T09:35:21Z,1144,7,1,13,1,0,1,1,1,1785489399
2026-07-31T09:35:21Z,1145,12,6,8,1,0,1,1,1,1785489533
2026-07-31T09:35:21Z,1146,10,0,5,4,0,1,1,1,1785490511
2026-07-31T09:35:21Z,1147,3,0,16,0,0,1,1,1,1785489082
2026-07-31T09:35:21Z,1148,24,6,7,0,0,1,1,1,1785490311
2026-07-31T09:35:21Z,1149,4,4,21,0,0,1,1,1,1785488801
2026-07-31T09:35:21Z,1150,18,1,1,0,0,1,1,1,1785488941
2026-07-31T09:35:21Z,1151,12,0,9,0,0,1,1,1,1785489803
2026-07-31T09:35:21Z,1152,18,1,11,0,0,1,1,1,1785490256
2026-07-31T09:35:21Z,1153,22,6,0,1,0,1,1,1,1785489690
2026-07-31T09:35:21Z,1154,13,1,6,0,0,1,1,1,1785490403
2026-07-31T09:35:21Z,1155,16,6,4,1,0,1,1,1,1785489146
2026-07-31T09:35:21Z,1158,3,0,15,1,0,1,1,1,1785489046
2026-07-31T09:35:21Z,1159,13,1,6,0,0,1,1,1,1785489401
2026-07-31T09:35:21Z,1160,9,1,9,1,0,1,1,1,1785489964
2026-07-31T09:35:21Z,1161,3,0,15,1,0,1,1,1,1785489535
2026-07-31T09:35:21Z,1162,2,1,17,0,0,1,1,1,1785489785
2026-07-31T09:35:21Z,1163,1,1,17,1,0,1,1,1,1785489161
2026-07-31T09:35:21Z,1164,6,1,13,0,0,1,1,1,1785489222
2026-07-31T09:35:21Z,1165,5,0,16,0,0,1,1,1,1785489953
2026-07-31T09:35:21Z,1166,12,3,8,1,0,1,1,1,1785489466
2026-07-31T09:35:21Z,1167,4,0,11,0,0,1,1,1,1785488932
2026-07-31T09:35:21Z,1168,2,1,20,1,0,1,1,1,1785489415
2026-07-31T09:35:21Z,1169,3,0,15,1,0,1,1,1,1785489069
2026-07-31T09:35:21Z,1170,6,0,14,1,0,1,1,1,1785489438
2026-07-31T09:35:21Z,1171,8,7,14,1,0,1,1,1,1785489108
2026-07-31T09:35:21Z,1172,7,2,6,2,0,1,1,1,1785489316
2026-07-31T09:35:21Z,1173,13,5,6,0,0,1,1,1,1785489316
2026-07-31T09:35:21Z,1174,7,3,8,0,0,1,1,1,1785489001
2026-07-31T09:35:21Z,1175,9,5,10,0,0,1,1,1,1785488201
2026-07-31T09:35:21Z,1176,19,1,2,0,0,1,1,1,1785490337
2026-07-31T09:35:21Z,1177,2,0,19,0,0,1,1,1,1785490259
2026-07-31T09:35:21Z,1178,2,1,13,0,0,1,1,1,1785488972
2026-07-31T09:35:21Z,1181,10,0,4,1,0,1,1,1,1785490378
2026-07-31T09:35:21Z,1182,0,0,20,0,0,1,1,1,1785489557
2026-07-31T09:35:21Z,1183,1,0,42,2,0,1,1,1,1785489489
2026-07-31T09:35:21Z,1184,12,6,8,1,0,1,1,1,1785490441
2026-07-31T09:35:21Z,1185,10,5,11,0,0,1,1,1,1785490385
2026-07-31T09:35:21Z,1186,9,5,10,0,0,1,1,1,1785489584
2026-07-31T09:35:21Z,1187,12,6,8,1,0,1,1,1,1785489943
2026-07-31T09:35:21Z,1188,9,3,6,0,0,1,1,1,1785489260
2026-07-31T09:35:21Z,1189,10,5,9,0,0,1,1,1,1785489344
2026-07-31T09:35:21Z,1190,10,5,11,0,0,1,1,1,1785488737
2026-07-31T09:35:21Z,1191,10,5,5,0,0,1,1,1,1785489268
2026-07-31T09:35:21Z,1192,10,6,10,1,0,1,1,1,1785489106
2026-07-31T09:35:21Z,1193,6,4,5,2,0,1,1,1,1785490078
2026-07-31T09:35:21Z,1197,9,6,7,1,0,1,1,1,1785490160
2026-07-31T09:35:21Z,1198,14,4,5,2,0,1,1,1,1785489629
2026-07-31T09:35:21Z,1199,2,0,17,0,0,1,1,1,1785489646
2026-07-31T09:35:21Z,1200,11,5,4,0,0,1,1,1,1785489304
2026-07-31T09:35:21Z,1201,11,5,4,0,0,1,1,1,1785489281
2026-07-31T09:35:21Z,1202,12,6,3,0,0,1,1,1,1785489380
2026-07-31T09:35:21Z,1203,9,6,6,0,0,1,1,1,1785489277
2026-07-31T09:35:21Z,1204,7,3,11,1,0,1,1,1,1785489020
2026-07-31T09:35:21Z,1206,11,5,10,0,0,1,1,1,1785490053
2026-07-31T09:35:21Z,1207,8,4,6,1,0,1,1,1,1785489594
2026-07-31T09:35:21Z,1208,7,2,11,1,0,1,1,1,1785489499
2026-07-31T09:35:21Z,1216,7,0,13,1,0,1,1,1,1785490283
2026-07-31T09:35:21Z,1218,4,0,17,0,0,1,1,1,1785488861
2026-07-31T09:35:21Z,1219,6,1,8,1,0,1,1,1,1785488732
2026-07-31T09:35:21Z,1220,15,8,4,0,0,1,1,1,1785490311
2026-07-31T09:35:21Z,1221,1,1,19,1,0,1,1,1,1785490274
2026-07-31T09:35:21Z,1222,28,1,1,0,0,1,1,1,1785489112
2026-07-31T09:35:21Z,1223,23,0,6,0,0,1,1,1,1785488941
2026-07-31T09:35:21Z,1226,0,0,3,0,0,0,1,1,1781868931
2026-07-31T09:35:21Z,1227,22,1,3,0,0,1,1,1,1785489244
2026-07-31T09:35:21Z,1228,17,1,11,1,0,1,1,1,1785490473
2026-07-31T09:35:21Z,1229,35,0,10,0,0,1,1,1,1785490368
2026-07-31T09:40:21Z,1,0,0,23,0,0,1,1,1,1785485488
2026-07-31T09:40:21Z,2,23,0,1,3,0,1,1,1,1785489989
2026-07-31T09:40:21Z,3,9,0,4,1,0,1,1,1,1785485488
2026-07-31T09:40:21Z,4,1,0,20,1,0,1,1,1,1785487895
2026-07-31T09:40:21Z,5,9,3,13,1,0,1,1,1,1785484887
2026-07-31T09:40:21Z,6,6,2,9,0,0,1,1,1,1785486991
2026-07-31T09:40:21Z,7,1,1,38,0,0,1,1,1,1785487290
2026-07-31T09:40:21Z,8,0,0,43,0,0,1,1,1,1785487014
2026-07-31T09:40:21Z,9,0,0,22,1,0,1,1,1,1785487593
2026-07-31T09:40:21Z,10,3,1,18,2,0,1,1,1,1785488230
2026-07-31T09:40:21Z,11,15,6,3,1,0,1,1,1,1785490019
2026-07-31T09:40:21Z,12,0,0,23,0,0,1,1,1,1785490105
2026-07-31T09:40:21Z,13,11,0,19,0,0,1,1,1,1785488834
2026-07-31T09:40:21Z,14,1,0,41,0,1,1,1,1,1785489782
2026-07-31T09:40:21Z,15,3,0,12,0,0,1,1,1,1785488861
2026-07-31T09:40:21Z,16,8,0,16,2,1,1,1,1,1785487292
2026-07-31T09:40:21Z,17,8,0,18,1,0,1,1,1,1785488377
2026-07-31T09:40:21Z,18,7,0,9,2,0,1,1,1,1785488039
2026-07-31T09:40:21Z,19,5,0,21,1,0,1,1,1,1785490687
2026-07-31T09:40:21Z,20,32,0,3,0,0,1,1,1,1785485188
2026-07-31T09:40:21Z,21,1,0,17,1,0,1,1,1,1785484888
2026-07-31T09:40:21Z,22,18,0,46,1,0,1,1,1,1785490378
2026-07-31T09:40:21Z,23,10,5,21,0,0,1,1,1,1785487895
2026-07-31T09:40:21Z,24,0,0,9,2,0,1,1,1,1785490807
2026-07-31T09:40:21Z,25,1,1,79,0,1,1,1,1,1785490535
2026-07-31T09:40:21Z,26,0,0,27,0,0,1,1,1,1785485188
2026-07-31T09:40:21Z,28,15,3,0,0,0,1,1,1,1785486991
2026-07-31T09:40:21Z,30,1,0,27,1,0,1,1,1,1785486089
2026-07-31T09:40:21Z,31,0,0,17,2,0,1,1,1,1785490650
2026-07-31T09:40:21Z,32,24,4,3,0,0,1,1,1,1785487895
2026-07-31T09:40:21Z,34,1,0,35,1,0,1,1,1,1785490647
2026-07-31T09:40:21Z,35,2,1,44,1,0,1,1,1,1785486762
2026-07-31T09:40:21Z,36,0,0,0,0,0,0,1,1,86400
2026-07-31T09:40:21Z,37,0,0,23,0,0,1,1,1,1785487041
2026-07-31T09:40:21Z,38,1,0,22,0,0,1,1,1,1785490318
2026-07-31T09:40:21Z,39,24,6,15,0,0,1,1,1,1785490063
2026-07-31T09:40:21Z,40,13,0,7,1,0,1,1,1,1785485488
2026-07-31T09:40:21Z,41,1,0,41,1,0,1,1,1,1785488255
2026-07-31T09:40:21Z,42,31,8,0,0,0,1,1,1,1785472558
2026-07-31T09:40:21Z,43,5,0,18,0,0,1,1,1,1785490390
2026-07-31T09:40:21Z,45,1,0,27,1,0,1,1,1,1785485789
2026-07-31T09:40:21Z,46,13,2,18,0,0,1,1,1,1785485708
2026-07-31T09:40:21Z,47,13,5,1,1,0,1,1,1,1785489312
2026-07-31T09:40:21Z,48,20,0,7,0,0,1,1,1,1785487579
2026-07-31T09:40:21Z,49,5,0,15,3,0,1,1,1,1785490812
2026-07-31T09:40:21Z,50,1,1,18,0,0,1,1,1,1785488641
2026-07-31T09:40:21Z,51,68,0,9,0,0,1,1,1,1785487292
2026-07-31T09:40:21Z,52,0,0,24,3,0,1,1,1,1785490707
2026-07-31T09:40:21Z,55,1,1,22,0,0,1,1,1,1785487781
2026-07-31T09:40:21Z,56,0,0,43,0,0,1,1,1,1785487593
2026-07-31T09:40:21Z,57,0,0,27,0,0,1,1,1,1785486089
2026-07-31T09:40:21Z,58,0,0,28,0,0,1,1,1,1785489985
2026-07-31T09:40:21Z,59,0,0,25,2,0,1,1,1,1785490567
2026-07-31T09:40:21Z,61,1,1,38,0,0,1,1,1,1785490335
2026-07-31T09:40:21Z,62,1,0,47,1,0,1,1,1,1785490208
2026-07-31T09:40:21Z,63,14,0,5,0,0,1,1,1,1785486089
2026-07-31T09:40:21Z,64,9,0,6,4,0,1,1,1,1785486992
2026-07-31T09:40:21Z,65,17,7,1,1,0,1,1,1,1785487593
2026-07-31T09:40:21Z,67,17,0,22,0,0,1,1,1,1785485188
2026-07-31T09:40:21Z,68,0,0,37,0,0,1,1,1,1785488201
2026-07-31T09:40:21Z,69,15,2,0,0,0,1,1,1,1785485188
2026-07-31T09:40:21Z,71,1,0,25,1,0,1,1,1,1785490035
2026-07-31T09:40:21Z,72,17,5,12,2,0,1,1,1,1785490814
2026-07-31T09:40:21Z,73,0,0,31,0,0,1,1,1,1785488201
2026-07-31T09:40:21Z,74,13,6,6,0,0,1,1,1,1785489103
2026-07-31T09:40:21Z,75,0,0,31,1,0,1,1,1,1785487292
2026-07-31T09:40:21Z,76,18,0,0,1,0,1,1,1,1785490810
2026-07-31T09:40:21Z,77,24,1,2,1,0,1,1,1,1785488624
2026-07-31T09:40:21Z,78,9,4,13,1,0,1,1,1,1785490382
2026-07-31T09:40:21Z,79,5,4,11,1,0,1,1,1,1785490738
2026-07-31T09:40:21Z,80,18,0,2,3,0,1,1,1,1785490771
2026-07-31T09:40:21Z,81,5,0,26,0,0,1,1,1,1785486390
2026-07-31T09:40:21Z,82,12,0,11,0,0,1,1,1,1785486690
2026-07-31T09:40:21Z,83,6,1,27,1,0,1,1,1,1785490687
2026-07-31T09:40:21Z,84,27,0,0,0,0,1,1,1,1785487883
2026-07-31T09:40:21Z,85,1,1,14,0,0,1,1,1,1785486991
2026-07-31T09:40:21Z,86,25,0,1,1,0,1,1,1,1785486691
2026-07-31T09:40:21Z,87,10,0,9,0,0,1,1,1,1785488201
2026-07-31T09:40:21Z,88,1,0,41,1,0,1,1,1,1785490680
2026-07-31T09:40:21Z,89,22,0,13,0,0,1,1,1,1785487292
2026-07-31T09:40:21Z,90,7,3,9,2,0,1,1,1,1785489643
2026-07-31T09:40:21Z,91,13,0,4,0,0,1,1,1,1785490693
2026-07-31T09:40:21Z,92,10,4,6,3,0,1,1,1,1785490799
2026-07-31T09:40:21Z,93,0,0,23,0,0,1,1,1,1785486390
2026-07-31T09:40:21Z,94,2,0,16,1,0,1,1,1,1785486390
2026-07-31T09:40:21Z,95,25,2,8,1,1,1,1,1,1785490815
2026-07-31T09:40:21Z,96,29,0,1,1,0,1,1,1,1785488201
2026-07-31T09:40:21Z,97,0,0,16,1,0,1,1,1,1785490580
2026-07-31T09:40:21Z,98,19,0,15,1,0,1,1,1,1785486089
2026-07-31T09:40:21Z,99,4,2,11,0,0,1,1,1,1785486802
2026-07-31T09:40:21Z,100,1,0,26,0,0,1,1,1,1785488201
2026-07-31T09:40:21Z,101,1,0,13,1,0,1,1,1,1785485789
2026-07-31T09:40:21Z,102,0,0,23,0,0,1,1,1,1785487553
2026-07-31T09:40:21Z,103,5,0,25,0,0,1,1,1,1785489200
2026-07-31T09:40:21Z,104,0,0,25,2,0,1,1,1,1785490813
2026-07-31T09:40:21Z,105,16,1,3,0,0,1,1,1,1785486390
2026-07-31T09:40:21Z,106,1,0,20,0,0,1,1,1,1785490634
2026-07-31T09:40:21Z,107,0,0,37,0,0,1,1,1,1785485489
2026-07-31T09:40:21Z,108,15,1,20,0,0,1,1,1,1785489455
2026-07-31T09:40:21Z,109,7,0,16,0,0,1,1,1,1785489961
2026-07-31T09:40:21Z,110,14,2,9,0,0,1,1,1,1785488165
2026-07-31T09:40:21Z,111,0,0,36,0,0,1,1,1,1785479678
2026-07-31T09:40:21Z,112,4,0,10,1,0,1,1,1,1785490423
2026-07-31T09:40:21Z,113,4,0,12,3,0,1,1,1,1785490737
2026-07-31T09:40:21Z,114,6,6,23,1,1,1,1,1,1785490504
2026-07-31T09:40:21Z,115,3,1,23,2,0,1,1,1,1785479033
2026-07-31T09:40:21Z,116,3,3,23,1,0,1,1,1,1785487594
2026-07-31T09:40:21Z,118,20,9,0,3,0,1,1,1,1785490019
2026-07-31T09:40:21Z,119,32,2,2,4,0,1,1,1,1785489175
2026-07-31T09:40:21Z,120,23,1,3,1,0,1,1,1,1785490184
2026-07-31T09:40:21Z,121,7,3,11,0,1,1,1,1,1785490527
2026-07-31T09:40:21Z,122,11,0,9,1,0,1,1,1,1785490756
2026-07-31T09:40:21Z,123,8,1,39,0,0,1,1,1,1785485188
2026-07-31T09:40:21Z,124,32,1,3,0,0,1,1,1,1785486746
2026-07-31T09:40:21Z,125,6,2,17,0,0,1,1,1,1785490205
2026-07-31T09:40:21Z,126,24,2,7,0,0,1,1,1,1785489920
2026-07-31T09:40:21Z,127,8,0,25,2,0,1,1,1,1785490596
2026-07-31T09:40:21Z,128,17,1,2,0,0,1,1,1,1785490685
2026-07-31T09:40:21Z,129,17,1,0,2,0,1,1,1,1785486089
2026-07-31T09:40:21Z,130,5,1,12,0,0,1,1,1,1785490452
2026-07-31T09:40:21Z,131,9,3,0,2,0,1,1,1,1785490792
2026-07-31T09:40:21Z,132,13,6,1,0,1,1,1,1,1785490417
2026-07-31T09:40:21Z,134,5,0,13,5,0,1,1,1,1785490630
2026-07-31T09:40:21Z,135,8,4,10,1,0,1,1,1,1785488917
2026-07-31T09:40:21Z,136,7,0,8,1,7,1,1,1,1785490686
2026-07-31T09:40:21Z,137,8,2,11,0,0,1,1,1,1785490163
2026-07-31T09:40:21Z,138,35,2,2,0,0,1,1,1,1785490788
2026-07-31T09:40:21Z,139,18,4,1,0,0,1,1,1,1785490729
2026-07-31T09:40:21Z,140,17,8,4,2,0,1,1,1,1785490816
2026-07-31T09:40:21Z,141,31,1,5,0,0,1,1,1,1785485909
2026-07-31T09:40:21Z,142,23,1,0,0,0,1,1,1,1785490160
2026-07-31T09:40:21Z,143,13,3,17,1,0,1,1,1,1785487895
2026-07-31T09:40:21Z,144,23,1,4,0,0,1,1,1,1785486390
2026-07-31T09:40:21Z,146,8,1,14,1,0,1,1,1,1785486463
2026-07-31T09:40:21Z,147,10,2,7,2,0,1,1,1,1785490787
2026-07-31T09:40:21Z,148,24,0,2,0,1,1,1,1,1785490550
2026-07-31T09:40:21Z,149,17,4,9,1,0,1,1,1,1785489364
2026-07-31T09:40:21Z,150,31,7,2,2,0,1,1,1,1785490795
2026-07-31T09:40:21Z,151,22,7,1,0,0,1,1,1,1785485600
2026-07-31T09:40:21Z,152,20,1,3,4,0,1,1,1,1785490797
2026-07-31T09:40:21Z,153,12,1,13,6,0,1,1,1,1785490763
2026-07-31T09:40:21Z,154,14,3,6,3,0,1,1,1,1785490785
2026-07-31T09:40:21Z,155,11,4,2,1,0,1,1,1,1785490808
2026-07-31T09:40:21Z,156,15,1,4,0,0,1,1,1,1785489085
2026-07-31T09:40:21Z,157,15,0,10,2,0,1,1,1,1785490627
2026-07-31T09:40:21Z,158,16,2,0,0,0,1,1,1,1785488201
2026-07-31T09:40:21Z,159,5,2,14,0,0,1,1,1,1785488201
2026-07-31T09:40:21Z,160,19,1,0,0,0,1,1,1,1785487895
2026-07-31T09:40:21Z,161,16,2,6,0,0,1,1,1,1785489840
2026-07-31T09:40:21Z,162,10,0,16,1,0,1,1,1,1785488396
2026-07-31T09:40:21Z,163,30,3,1,0,0,1,1,1,1785489189
2026-07-31T09:40:21Z,164,25,7,2,0,0,1,1,1,1785486691
2026-07-31T09:40:21Z,165,21,10,9,1,0,1,1,1,1785490458
2026-07-31T09:40:21Z,166,32,8,3,4,0,1,1,1,1785490816
2026-07-31T09:40:21Z,167,20,9,1,2,0,1,1,1,1785489960
2026-07-31T09:40:21Z,168,20,0,6,1,0,1,1,1,1785490730
2026-07-31T09:40:21Z,169,1,0,21,0,1,1,1,1,1785487293
2026-07-31T09:40:21Z,170,17,4,0,2,0,1,1,1,1785488379
2026-07-31T09:40:21Z,171,10,3,1,2,0,1,1,1,1785490783
2026-07-31T09:40:21Z,173,37,0,2,0,0,1,1,1,1785490623
2026-07-31T09:40:21Z,174,22,1,2,2,0,1,1,1,1785487895
2026-07-31T09:40:21Z,175,7,0,24,0,0,1,1,1,1785487001
2026-07-31T09:40:21Z,176,2,1,12,0,1,1,1,1,1785487016
2026-07-31T09:40:21Z,177,19,1,8,0,0,1,1,1,1785490600
2026-07-31T09:40:21Z,178,2,0,10,2,1,1,1,1,1785490815
2026-07-31T09:40:21Z,179,11,1,3,1,0,1,1,1,1785486089
2026-07-31T09:40:21Z,180,27,0,3,0,0,1,1,1,1785487594
2026-07-31T09:40:21Z,181,12,1,2,1,0,1,1,1,1785489531
2026-07-31T09:40:21Z,182,15,1,2,0,0,1,1,1,1785489885
2026-07-31T09:40:21Z,183,15,0,8,0,0,1,1,1,1785489730
2026-07-31T09:40:21Z,184,0,0,22,1,0,1,1,1,1785488157
2026-07-31T09:40:21Z,185,12,1,0,2,1,1,1,1,1785484888
2026-07-31T09:40:21Z,186,4,1,15,0,0,1,1,1,1785487895
2026-07-31T09:40:21Z,187,8,0,19,1,0,1,1,1,1785490132
2026-07-31T09:40:21Z,188,12,0,7,8,0,1,1,1,1785490761
2026-07-31T09:40:21Z,189,15,4,0,0,0,1,1,1,1785487895
2026-07-31T09:40:21Z,190,4,1,19,0,0,1,1,1,1785488585
2026-07-31T09:40:21Z,191,2,1,37,0,0,1,1,1,1785486690
2026-07-31T09:40:21Z,192,12,4,16,3,0,1,1,1,1785486089
2026-07-31T09:40:21Z,193,1,0,14,0,0,1,1,1,1785490688
2026-07-31T09:40:21Z,194,17,1,9,1,0,1,1,1,1785486691
2026-07-31T09:40:21Z,195,12,1,5,2,0,1,1,1,1785487594
2026-07-31T09:40:21Z,196,24,1,0,3,0,1,1,1,1785490710
2026-07-31T09:40:21Z,197,16,3,1,1,1,1,1,1,1785489625
2026-07-31T09:40:21Z,198,21,16,2,0,0,1,1,1,1785488927
2026-07-31T09:40:21Z,199,6,5,6,3,0,1,1,1,1785489674
2026-07-31T09:40:21Z,200,15,0,10,1,0,1,1,1,1785486390
2026-07-31T09:40:21Z,201,7,3,16,0,0,1,1,1,1785490142
2026-07-31T09:40:21Z,202,0,0,27,0,0,1,1,1,1785486691
2026-07-31T09:40:21Z,203,26,3,4,1,0,1,1,1,1785487252
2026-07-31T09:40:21Z,204,30,1,4,1,0,1,1,1,1785490206
2026-07-31T09:40:21Z,205,13,1,14,0,0,1,1,1,1785488894
2026-07-31T09:40:21Z,206,1,1,13,1,0,1,1,1,1785486448
2026-07-31T09:40:21Z,207,13,0,8,0,0,1,1,1,1785489325
2026-07-31T09:40:21Z,208,2,0,27,0,0,1,1,1,1785486390
2026-07-31T09:40:21Z,209,6,0,22,3,0,1,1,1,1785490817
2026-07-31T09:40:21Z,210,23,2,4,0,0,1,1,1,1785485488
2026-07-31T09:40:21Z,211,14,6,8,1,0,1,1,1,1785490780
2026-07-31T09:40:21Z,212,25,0,9,1,0,1,1,1,1785490698
2026-07-31T09:40:21Z,213,12,1,9,2,0,1,1,1,1785490505
2026-07-31T09:40:21Z,214,29,0,14,4,0,1,1,1,1785490284
2026-07-31T09:40:21Z,215,6,2,16,1,0,1,1,1,1785490465
2026-07-31T09:40:21Z,216,9,0,9,1,0,1,1,1,1785487593
2026-07-31T09:40:21Z,217,9,0,19,1,0,1,1,1,1785490546
2026-07-31T09:40:21Z,218,20,5,17,2,0,1,1,1,1785489912
2026-07-31T09:40:21Z,219,1,1,24,1,0,1,1,1,1785489320
2026-07-31T09:40:21Z,220,24,7,17,1,1,1,1,1,1785484887
2026-07-31T09:40:21Z,221,12,8,2,1,0,1,1,1,1785489668
2026-07-31T09:40:21Z,222,15,11,2,2,0,1,1,1,1785490771
2026-07-31T09:40:21Z,223,8,3,24,3,0,1,1,1,1785490571
2026-07-31T09:40:21Z,224,7,5,14,1,0,1,1,1,1785487750
2026-07-31T09:40:21Z,225,10,0,3,6,0,1,1,1,1785487206
2026-07-31T09:40:21Z,226,30,10,1,0,0,1,1,1,1785489438
2026-07-31T09:40:21Z,227,19,13,7,0,1,1,1,1,1785485181
2026-07-31T09:40:21Z,228,1,0,17,1,0,1,1,1,1785484888
2026-07-31T09:40:21Z,230,16,9,10,0,0,1,1,1,1785486691
2026-07-31T09:40:21Z,232,13,6,3,1,0,1,1,1,1785486390
2026-07-31T09:40:21Z,233,19,0,10,2,0,1,1,1,1785487026
2026-07-31T09:40:21Z,234,8,3,6,3,2,1,1,1,1785487594
2026-07-31T09:40:21Z,236,14,3,5,0,0,1,1,1,1785486991
2026-07-31T09:40:21Z,237,21,4,1,1,0,1,1,1,1785489236
2026-07-31T09:40:21Z,239,23,18,1,3,0,1,1,1,1785486691
2026-07-31T09:40:21Z,241,18,6,5,0,0,1,1,1,1785490525
2026-07-31T09:40:21Z,242,1,1,21,1,0,1,1,1,1785487593
2026-07-31T09:40:21Z,243,11,0,19,1,0,1,1,1,1785490214
2026-07-31T09:40:21Z,244,13,1,13,1,0,1,1,1,1785488405
2026-07-31T09:40:21Z,245,6,4,17,0,0,1,1,1,1785490437
2026-07-31T09:40:21Z,246,13,0,10,0,0,1,1,1,1785487895
2026-07-31T09:40:21Z,247,12,10,10,1,0,1,1,1,1785488201
2026-07-31T09:40:21Z,248,18,3,2,3,0,1,1,1,1785490306
2026-07-31T09:40:21Z,249,2,0,17,0,0,1,1,1,1785488201
2026-07-31T09:40:21Z,250,23,5,4,0,0,1,1,1,1785487895
2026-07-31T09:40:21Z,251,22,5,2,3,0,1,1,1,1785486991
2026-07-31T09:40:21Z,253,7,4,11,1,0,1,1,1,1785488201
2026-07-31T09:40:21Z,254,26,21,16,1,0,1,1,1,1785485789
2026-07-31T09:40:21Z,255,5,0,17,0,1,1,1,1,1785490709
2026-07-31T09:40:21Z,256,9,4,12,2,0,1,1,1,1785490433
2026-07-31T09:40:21Z,257,13,5,5,1,0,1,1,1,1785489536
2026-07-31T09:40:21Z,258,1,0,18,0,0,1,1,1,1785482036
2026-07-31T09:40:21Z,259,20,3,1,1,1,1,1,1,1785490674
2026-07-31T09:40:21Z,260,14,4,2,3,0,1,1,1,1785486424
2026-07-31T09:40:21Z,261,15,0,2,1,1,1,1,1,1785489370
2026-07-31T09:40:21Z,262,20,11,3,0,0,1,1,1,1785490512
2026-07-31T09:40:21Z,263,13,3,2,0,0,1,1,1,1785489158
2026-07-31T09:40:21Z,264,18,6,0,1,0,1,1,1,1785488201
2026-07-31T09:40:21Z,265,14,0,1,0,0,1,1,1,1785490183
2026-07-31T09:40:21Z,266,16,7,0,3,0,1,1,1,1785488864
2026-07-31T09:40:21Z,267,7,3,6,2,0,1,1,1,1785484888
2026-07-31T09:40:21Z,268,23,9,0,0,0,1,1,1,1785484887
2026-07-31T09:40:21Z,269,10,4,12,1,0,1,1,1,1785490639
2026-07-31T09:40:21Z,270,25,3,2,0,0,1,1,1,1785485188
2026-07-31T09:40:21Z,271,0,0,17,2,0,1,1,1,1785486991
2026-07-31T09:40:21Z,272,13,13,9,1,0,1,1,1,1785486390
2026-07-31T09:40:21Z,273,14,5,1,0,0,1,1,1,1785484888
2026-07-31T09:40:21Z,274,17,7,1,1,0,1,1,1,1785490514
2026-07-31T09:40:21Z,275,13,0,6,2,2,1,1,1,1785490497
2026-07-31T09:40:21Z,276,1,0,26,0,0,1,1,1,1785486991
2026-07-31T09:40:21Z,277,12,1,6,5,0,1,1,1,1785488201
2026-07-31T09:40:21Z,278,23,2,5,2,1,1,1,1,1785487967
2026-07-31T09:40:21Z,279,17,0,2,0,0,1,1,1,1785487347
2026-07-31T09:40:21Z,280,9,1,19,3,0,1,1,1,1785490703
2026-07-31T09:40:21Z,281,19,0,0,0,0,1,1,1,1785486089
2026-07-31T09:40:21Z,282,5,2,13,0,0,1,1,1,1785484887
2026-07-31T09:40:21Z,283,34,1,1,0,0,1,1,1,1785486992
2026-07-31T09:40:21Z,284,18,4,15,2,0,1,1,1,1785488133
2026-07-31T09:40:21Z,285,8,7,15,0,0,1,1,1,1785485188
2026-07-31T09:40:21Z,286,16,15,2,5,0,1,1,1,1785488250
2026-07-31T09:40:21Z,287,13,4,7,3,0,1,1,1,1785484887
2026-07-31T09:40:21Z,288,14,10,5,0,0,1,1,1,1785486991
2026-07-31T09:40:21Z,289,24,3,0,3,0,1,1,1,1785488202
2026-07-31T09:40:21Z,290,7,0,31,1,0,1,1,1,1785486991
2026-07-31T09:40:21Z,291,10,2,11,2,0,1,1,1,1785490741
2026-07-31T09:40:21Z,292,22,0,1,0,0,1,1,1,1785485789
2026-07-31T09:40:21Z,293,17,10,6,0,0,1,1,1,1785486991
2026-07-31T09:40:21Z,294,0,0,21,1,0,1,1,1,1785486991
2026-07-31T09:40:21Z,297,11,1,5,2,1,1,1,1,1785488298
2026-07-31T09:40:21Z,301,17,1,2,0,0,1,1,1,1785486691
2026-07-31T09:40:21Z,302,0,0,23,0,0,1,1,1,1785486991
2026-07-31T09:40:21Z,303,19,0,0,0,0,1,1,1,1785485188
2026-07-31T09:40:21Z,304,0,0,0,0,0,0,1,1,86400
2026-07-31T09:40:21Z,305,19,0,0,0,0,1,1,1,1785485188
2026-07-31T09:40:21Z,306,2,0,29,1,0,1,1,1,1785485188
2026-07-31T09:40:21Z,307,17,1,4,1,1,1,1,1,1785490508
2026-07-31T09:40:21Z,308,14,0,3,2,0,1,1,1,1785485188
2026-07-31T09:40:21Z,309,13,3,0,1,0,1,1,1,1785488427
2026-07-31T09:40:21Z,311,15,0,0,0,0,1,1,1,1785486992
2026-07-31T09:40:21Z,312,6,3,12,4,1,1,1,1,1785490706
2026-07-31T09:40:21Z,313,3,1,12,0,0,1,1,1,1785486991
2026-07-31T09:40:21Z,314,4,3,11,3,0,1,1,1,1785486991
2026-07-31T09:40:21Z,315,23,6,6,2,0,1,1,1,1785488865
2026-07-31T09:40:21Z,316,4,1,20,6,1,1,1,1,1785490709
2026-07-31T09:40:21Z,317,0,0,30,0,1,1,1,1,1785490678
2026-07-31T09:40:21Z,318,16,0,3,0,0,1,1,1,1785486991
2026-07-31T09:40:21Z,319,17,3,5,1,0,1,1,1,1785489161
2026-07-31T09:40:21Z,320,18,5,0,1,0,1,1,1,1785487292
2026-07-31T09:40:21Z,321,8,1,7,4,0,1,1,1,1785490624
2026-07-31T09:40:21Z,322,4,1,24,1,0,1,1,1,1785489880
2026-07-31T09:40:21Z,323,8,0,11,0,0,1,1,1,1785487292
2026-07-31T09:40:21Z,324,7,2,19,1,0,1,1,1,1785490814
2026-07-31T09:40:21Z,325,4,3,21,2,0,1,1,1,1785489487
2026-07-31T09:40:21Z,327,26,0,0,1,0,1,1,1,1785489831
2026-07-31T09:40:21Z,328,20,0,1,1,0,1,1,1,1785484794
2026-07-31T09:40:21Z,329,17,0,0,2,0,1,1,1,1785487643
2026-07-31T09:40:21Z,330,3,0,19,0,0,1,1,1,1785485188
2026-07-31T09:40:21Z,331,12,3,10,1,0,1,1,1,1785487675
2026-07-31T09:40:21Z,332,10,3,7,2,0,1,1,1,1785487292
2026-07-31T09:40:21Z,333,2,1,20,1,0,1,1,1,1785487896
2026-07-31T09:40:21Z,334,11,8,12,0,0,1,1,1,1785487804
2026-07-31T09:40:21Z,335,3,2,18,1,1,1,1,1,1785487292
2026-07-31T09:40:21Z,336,18,2,1,0,0,1,1,1,1785487293
2026-07-31T09:40:21Z,337,17,3,1,5,0,1,1,1,1785490690
2026-07-31T09:40:21Z,338,17,8,2,0,0,1,1,1,1785487389
2026-07-31T09:40:21Z,339,21,11,1,1,0,1,1,1,1785490259
2026-07-31T09:40:21Z,340,13,11,1,1,0,1,1,1,1785490814
2026-07-31T09:40:21Z,341,11,4,8,0,0,1,1,1,1785487352
2026-07-31T09:40:21Z,342,12,6,1,2,0,1,1,1,1785490143
2026-07-31T09:40:21Z,343,21,1,1,1,0,1,1,1,1785487543
2026-07-31T09:40:21Z,344,23,9,0,0,0,1,1,1,1785488186
2026-07-31T09:40:21Z,345,19,3,0,0,0,1,1,1,1785487292
2026-07-31T09:40:21Z,346,9,6,14,0,0,1,1,1,1785489426
2026-07-31T09:40:21Z,347,0,0,42,2,0,1,1,1,1785490814
2026-07-31T09:40:21Z,348,21,3,0,1,1,1,1,1,1785490628
2026-07-31T09:40:21Z,349,6,1,13,0,0,1,1,1,1785487293
2026-07-31T09:40:21Z,350,24,3,1,1,1,1,1,1,1785487293
2026-07-31T09:40:21Z,351,20,3,0,3,0,1,1,1,1785490619
2026-07-31T09:40:21Z,355,22,0,1,0,0,1,1,1,1785490119
2026-07-31T09:40:21Z,356,18,2,1,0,0,1,1,1,1785487896
2026-07-31T09:40:21Z,357,13,4,6,0,0,1,1,1,1785485188
2026-07-31T09:40:21Z,358,24,4,2,1,0,1,1,1,1785487594
2026-07-31T09:40:21Z,359,20,0,7,0,0,1,1,1,1785489979
2026-07-31T09:40:21Z,360,16,4,1,2,0,1,1,1,1785487594
2026-07-31T09:40:21Z,362,17,5,0,2,0,1,1,1,1785487292
2026-07-31T09:40:21Z,363,2,0,25,0,0,1,1,1,1785489580
2026-07-31T09:40:21Z,364,19,3,0,0,0,1,1,1,1785487896
2026-07-31T09:40:21Z,365,17,5,3,3,0,1,1,1,1785488201
2026-07-31T09:40:21Z,366,14,8,2,7,0,1,1,1,1785490738
2026-07-31T09:40:21Z,367,13,6,4,2,0,1,1,1,1785490457
2026-07-31T09:40:21Z,368,20,3,1,2,0,1,1,1,1785486991
2026-07-31T09:40:21Z,370,15,8,12,0,0,1,1,1,1785487896
2026-07-31T09:40:21Z,371,4,2,14,1,0,1,1,1,1785484735
2026-07-31T09:40:21Z,372,8,2,7,0,0,1,1,1,1785487594
2026-07-31T09:40:21Z,373,24,8,3,0,0,1,1,1,1785486433
2026-07-31T09:40:21Z,374,17,7,0,2,0,1,1,1,1785490667
2026-07-31T09:40:21Z,375,20,5,4,3,0,1,1,1,1785487593
2026-07-31T09:40:21Z,376,27,3,7,5,0,1,1,1,1785490526
2026-07-31T09:40:21Z,377,25,9,2,0,0,1,1,1,1785487594
2026-07-31T09:40:21Z,378,21,5,1,1,1,1,1,1,1785490580
2026-07-31T09:40:21Z,379,15,0,12,0,0,1,1,1,1785490393
2026-07-31T09:40:21Z,380,22,7,0,1,0,1,1,1,1785489276
2026-07-31T09:40:21Z,381,14,0,9,0,0,1,1,1,1785488686
2026-07-31T09:40:21Z,383,13,0,0,2,0,1,1,1,1785490079
2026-07-31T09:40:21Z,384,26,1,0,1,0,1,1,1,1785487594
2026-07-31T09:40:21Z,385,14,2,2,2,0,1,1,1,1785487594
2026-07-31T09:40:21Z,387,21,2,2,0,0,1,1,1,1785490060
2026-07-31T09:40:21Z,388,16,3,33,0,0,1,1,1,1785485188
2026-07-31T09:40:21Z,389,9,8,6,0,0,1,1,1,1785487293
2026-07-31T09:40:21Z,390,16,0,19,0,0,1,1,1,1785489336
2026-07-31T09:40:21Z,391,4,0,10,1,0,1,1,1,1785487292
2026-07-31T09:40:21Z,392,3,3,15,1,0,1,1,1,1785490530
2026-07-31T09:40:21Z,393,3,3,5,3,0,1,1,1,1785487292
2026-07-31T09:40:21Z,394,9,6,2,2,0,1,1,1,1785487594
2026-07-31T09:40:21Z,396,7,7,32,3,0,1,1,1,1785487595
2026-07-31T09:40:21Z,397,4,4,27,0,0,1,1,1,1785488201
2026-07-31T09:40:21Z,399,12,1,3,2,0,1,1,1,1785490391
2026-07-31T09:40:21Z,400,11,6,9,3,0,1,1,1,1785489267
2026-07-31T09:40:21Z,401,9,0,22,8,0,1,1,1,1785490115
2026-07-31T09:40:21Z,403,3,0,26,2,0,1,1,1,1785490650
2026-07-31T09:40:21Z,404,2,1,20,1,0,1,1,1,1785486690
2026-07-31T09:40:21Z,406,2,0,32,1,0,1,1,1,1785486993
2026-07-31T09:40:21Z,407,16,3,17,1,0,1,1,1,1785484887
2026-07-31T09:40:21Z,408,13,2,19,1,0,1,1,1,1785490525
2026-07-31T09:40:21Z,409,0,0,20,3,0,1,1,1,1785488970
2026-07-31T09:40:21Z,413,20,5,1,2,0,1,1,1,1785490104
2026-07-31T09:40:21Z,414,13,4,1,1,0,1,1,1,1785485488
2026-07-31T09:40:21Z,417,10,6,8,1,0,1,1,1,1785489641
2026-07-31T09:40:21Z,418,1,0,13,1,0,1,1,1,1785488201
2026-07-31T09:40:21Z,419,10,0,12,1,0,1,1,1,1785487895
2026-07-31T09:40:21Z,421,1,0,18,0,0,1,1,1,1785488201
2026-07-31T09:40:21Z,422,3,3,23,1,0,1,1,1,1785490175
2026-07-31T09:40:21Z,423,5,1,18,0,0,1,1,1,1785490296
2026-07-31T09:40:21Z,424,3,1,9,3,0,1,1,1,1785490811
2026-07-31T09:40:21Z,425,20,0,1,0,1,1,1,1,1785485489
2026-07-31T09:40:21Z,426,0,0,35,2,0,1,1,1,1785490002
2026-07-31T09:40:21Z,427,14,1,0,1,0,1,1,1,1785490695
2026-07-31T09:40:21Z,428,14,1,4,1,0,1,1,1,1785488201
2026-07-31T09:40:21Z,429,1,0,20,2,0,1,1,1,1785488273
2026-07-31T09:40:21Z,430,28,0,0,3,0,1,1,1,1785485488
2026-07-31T09:40:21Z,431,15,0,17,1,0,1,1,1,1785488642
2026-07-31T09:40:21Z,432,18,0,11,2,0,1,1,1,1785490634
2026-07-31T09:40:21Z,433,19,6,3,1,0,1,1,1,1785488201
2026-07-31T09:40:21Z,437,3,1,15,1,0,1,1,1,1785487897
2026-07-31T09:40:21Z,438,17,0,1,1,0,1,1,1,1785490503
2026-07-31T09:40:21Z,439,5,0,10,0,0,1,1,1,1785490814
2026-07-31T09:40:21Z,440,13,1,0,2,0,1,1,1,1785488201
2026-07-31T09:40:21Z,441,10,2,4,1,0,1,1,1,1785485488
2026-07-31T09:40:21Z,442,17,9,1,1,0,1,1,1,1785487895
2026-07-31T09:40:21Z,443,4,2,23,0,0,1,1,1,1785485488
2026-07-31T09:40:21Z,444,2,2,21,0,0,1,1,1,1785485488
2026-07-31T09:40:21Z,445,7,2,15,1,0,1,1,1,1785490729
2026-07-31T09:40:21Z,446,1,1,21,1,0,1,1,1,1785487896
2026-07-31T09:40:21Z,447,3,0,18,1,1,1,1,1,1785485488
2026-07-31T09:40:21Z,448,9,4,5,1,0,1,1,1,1785487895
2026-07-31T09:40:21Z,452,8,6,10,1,0,1,1,1,1785487661
2026-07-31T09:40:21Z,453,5,5,9,1,0,1,1,1,1785489638
2026-07-31T09:40:21Z,454,9,0,10,0,0,1,1,1,1785489971
2026-07-31T09:40:21Z,455,0,0,39,0,0,1,1,1,1785487895
2026-07-31T09:40:21Z,456,9,0,10,1,0,1,1,1,1785490661
2026-07-31T09:40:21Z,457,25,2,0,2,0,1,1,1,1785487895
2026-07-31T09:40:21Z,458,14,6,9,0,0,1,1,1,1785490753
2026-07-31T09:40:21Z,459,15,0,0,0,0,1,1,1,1785485789
2026-07-31T09:40:21Z,460,18,2,4,1,0,1,1,1,1785490370
2026-07-31T09:40:21Z,461,5,1,14,0,0,1,1,1,1785487878
2026-07-31T09:40:21Z,462,8,0,13,0,0,1,1,1,1785490583
2026-07-31T09:40:21Z,463,13,1,6,0,0,1,1,1,1785487897
2026-07-31T09:40:21Z,464,3,1,11,0,0,1,1,1,1785485789
2026-07-31T09:40:21Z,465,0,0,14,1,0,1,1,1,1785485789
2026-07-31T09:40:21Z,466,11,3,2,2,0,1,1,1,1785485789
2026-07-31T09:40:21Z,467,5,1,13,1,0,1,1,1,1785471818
2026-07-31T09:40:21Z,468,17,1,1,1,0,1,1,1,1785485789
2026-07-31T09:40:21Z,469,2,1,21,0,0,1,1,1,1785487896
2026-07-31T09:40:21Z,470,13,1,0,2,0,1,1,1,1785490505
2026-07-31T09:40:21Z,471,22,2,5,0,0,1,1,1,1785487895
2026-07-31T09:40:21Z,472,18,6,0,1,0,1,1,1,1785490783
2026-07-31T09:40:21Z,473,19,5,0,0,0,1,1,1,1785485789
2026-07-31T09:40:21Z,474,16,0,3,0,0,1,1,1,1785488959
2026-07-31T09:40:21Z,475,3,0,15,1,0,1,1,1,1785485789
2026-07-31T09:40:21Z,477,10,7,4,1,0,1,1,1,1785490289
2026-07-31T09:40:21Z,478,6,0,24,1,0,1,1,1,1785485789
2026-07-31T09:40:21Z,479,1,1,25,1,0,1,1,1,1785489149
2026-07-31T09:40:21Z,480,2,0,10,3,0,1,1,1,1785485789
2026-07-31T09:40:21Z,481,27,1,7,1,0,1,1,1,1785490548
2026-07-31T09:40:21Z,482,18,6,1,0,0,1,1,1,1785490527
2026-07-31T09:40:21Z,483,2,0,23,2,0,1,1,1,1785490764
2026-07-31T09:40:21Z,484,8,2,10,1,0,1,1,1,1785490748
2026-07-31T09:40:21Z,485,16,6,1,1,1,1,1,1,1785490520
2026-07-31T09:40:21Z,486,25,6,0,2,0,1,1,1,1785490504
2026-07-31T09:40:21Z,487,8,5,10,1,0,1,1,1,1785490150
2026-07-31T09:40:21Z,489,12,6,3,0,0,1,1,1,1785488501
2026-07-31T09:40:21Z,490,3,1,13,0,0,1,1,1,1785489499
2026-07-31T09:40:21Z,491,4,1,17,0,0,1,1,1,1785486090
2026-07-31T09:40:21Z,492,5,3,2,4,0,1,1,1,1785490812
2026-07-31T09:40:21Z,493,0,0,26,1,0,1,1,1,1785487895
2026-07-31T09:40:21Z,495,9,0,3,3,0,1,1,1,1785489700
2026-07-31T09:40:21Z,496,27,1,0,0,0,1,1,1,1785486089
2026-07-31T09:40:21Z,497,17,0,1,1,0,1,1,1,1785488201
2026-07-31T09:40:21Z,498,21,3,1,1,0,1,1,1,1785490089
2026-07-31T09:40:21Z,499,17,1,1,1,0,1,1,1,1785487896
2026-07-31T09:40:21Z,500,8,4,1,6,0,1,1,1,1785487895
2026-07-31T09:40:21Z,501,10,4,11,0,0,1,1,1,1785487896
2026-07-31T09:40:21Z,502,6,0,13,0,0,1,1,1,1785486089
2026-07-31T09:40:21Z,503,26,0,4,1,0,1,1,1,1785487895
2026-07-31T09:40:21Z,504,0,0,39,0,0,1,1,1,1785486562
2026-07-31T09:40:21Z,505,10,1,1,1,0,1,1,1,1785487586
2026-07-31T09:40:21Z,511,2,1,21,0,0,1,1,1,1785486354
2026-07-31T09:40:21Z,512,5,0,22,0,0,1,1,1,1785490037
2026-07-31T09:40:21Z,514,10,0,0,1,0,1,1,1,1785486089
2026-07-31T09:40:21Z,515,2,0,17,0,0,1,1,1,1785487895
2026-07-31T09:40:21Z,516,0,0,27,0,0,1,1,1,1785484039
2026-07-31T09:40:21Z,517,14,3,8,1,0,1,1,1,1785486090
2026-07-31T09:40:21Z,518,14,1,0,1,0,1,1,1,1785486390
2026-07-31T09:40:21Z,519,4,0,13,2,0,1,1,1,1785489254
2026-07-31T09:40:21Z,520,11,7,10,5,1,1,1,1,1785490814
2026-07-31T09:40:21Z,521,18,5,5,0,0,1,1,1,1785487895
2026-07-31T09:40:21Z,522,0,0,22,1,0,1,1,1,1785486390
2026-07-31T09:40:21Z,523,6,3,16,1,0,1,1,1,1785489661
2026-07-31T09:40:21Z,524,1,0,22,0,0,1,1,1,1785489530
2026-07-31T09:40:21Z,525,10,0,9,0,0,1,1,1,1785489376
2026-07-31T09:40:21Z,526,13,1,0,2,0,1,1,1,1785486390
2026-07-31T09:40:21Z,527,4,2,19,3,0,1,1,1,1785490559
2026-07-31T09:40:21Z,528,21,2,1,1,0,1,1,1,1785486390
2026-07-31T09:40:21Z,529,6,3,7,6,0,1,1,1,1785490814
2026-07-31T09:40:21Z,530,16,1,3,2,0,1,1,1,1785488201
2026-07-31T09:40:21Z,531,19,0,2,1,1,1,1,1,1785490098
2026-07-31T09:40:21Z,532,3,3,27,1,0,1,1,1,1785488341
2026-07-31T09:40:21Z,533,8,1,9,2,0,1,1,1,1785486390
2026-07-31T09:40:21Z,534,15,2,8,0,0,1,1,1,1785490275
2026-07-31T09:40:21Z,535,2,0,13,0,0,1,1,1,1785486390
2026-07-31T09:40:21Z,536,1,0,22,0,0,1,1,1,1785488201
2026-07-31T09:40:21Z,537,1,1,19,0,0,1,1,1,1785488280
2026-07-31T09:40:21Z,538,21,8,0,0,2,1,1,1,1785490620
2026-07-31T09:40:21Z,539,5,5,26,0,0,1,1,1,1785488201
2026-07-31T09:40:21Z,540,2,1,17,0,0,1,1,1,1785486391
2026-07-31T09:40:21Z,541,26,2,0,1,0,1,1,1,1785486390
2026-07-31T09:40:21Z,542,2,2,21,0,0,1,1,1,1785486390
2026-07-31T09:40:21Z,543,17,2,1,1,0,1,1,1,1785488201
2026-07-31T09:40:21Z,544,14,1,4,4,0,1,1,1,1785486390
2026-07-31T09:40:21Z,545,0,0,17,2,0,1,1,1,1785486390
2026-07-31T09:40:21Z,546,16,8,3,0,0,1,1,1,1785489048
2026-07-31T09:40:21Z,547,19,0,6,0,0,1,1,1,1785488201
2026-07-31T09:40:21Z,548,14,1,9,0,0,1,1,1,1785486390
2026-07-31T09:40:21Z,549,19,0,4,0,0,1,1,1,1785490211
2026-07-31T09:40:21Z,550,17,1,2,0,0,1,1,1,1785490648
2026-07-31T09:40:21Z,551,16,4,7,0,0,1,1,1,1785486390
2026-07-31T09:40:21Z,552,27,3,0,0,0,1,1,1,1785486390
2026-07-31T09:40:21Z,553,19,4,2,1,1,1,1,1,1785490805
2026-07-31T09:40:21Z,554,1,1,18,0,0,1,1,1,1785486691
2026-07-31T09:40:21Z,555,13,6,1,1,0,1,1,1,1785489915
2026-07-31T09:40:21Z,556,21,4,0,2,0,1,1,1,1785490672
2026-07-31T09:40:21Z,557,6,4,12,5,0,1,1,1,1785488202
2026-07-31T09:40:21Z,558,28,4,9,0,0,1,1,1,1785490667
2026-07-31T09:40:21Z,559,1,0,17,1,0,1,1,1,1785489501
2026-07-31T09:40:21Z,560,9,0,18,0,0,1,1,1,1785488201
2026-07-31T09:40:21Z,561,13,1,9,1,0,1,1,1,1785486390
2026-07-31T09:40:21Z,562,3,0,29,3,0,1,1,1,1785486691
2026-07-31T09:40:21Z,563,10,0,4,0,0,1,1,1,1785490429
2026-07-31T09:40:21Z,564,12,0,6,1,0,1,1,1,1785488201
2026-07-31T09:40:21Z,565,6,2,13,0,0,1,1,1,1785490461
2026-07-31T09:40:21Z,566,16,0,2,1,0,1,1,1,1785490780
2026-07-31T09:40:21Z,567,25,1,1,1,0,1,1,1,1785485492
2026-07-31T09:40:21Z,568,14,0,4,1,0,1,1,1,1785490328
2026-07-31T09:40:21Z,569,17,3,2,0,0,1,1,1,1785486691
2026-07-31T09:40:21Z,570,12,1,6,1,0,1,1,1,1785490778
2026-07-31T09:40:21Z,571,0,0,23,0,0,1,1,1,1785486691
2026-07-31T09:40:21Z,572,16,5,2,1,0,1,1,1,1785488201
2026-07-31T09:40:21Z,573,13,0,2,0,0,1,1,1,1785486691
2026-07-31T09:40:21Z,574,10,3,5,0,0,1,1,1,1785489676
2026-07-31T09:40:21Z,575,6,0,14,1,0,1,1,1,1785489599
2026-07-31T09:40:21Z,576,3,0,14,2,0,1,1,1,1785488201
2026-07-31T09:40:21Z,577,13,0,18,0,0,1,1,1,1785488201
2026-07-31T09:40:21Z,578,15,10,7,1,0,1,1,1,1785486996
2026-07-31T09:40:21Z,579,4,0,39,0,0,1,1,1,1785486691
2026-07-31T09:40:21Z,580,5,0,24,0,0,1,1,1,1785490191
2026-07-31T09:40:21Z,581,18,2,1,0,0,1,1,1,1785487551
2026-07-31T09:40:21Z,582,22,0,38,1,0,1,1,1,1785490800
2026-07-31T09:40:21Z,583,23,1,0,0,0,1,1,1,1785486691
2026-07-31T09:40:21Z,584,9,4,6,4,0,1,1,1,1785486691
2026-07-31T09:40:21Z,585,16,3,10,0,1,1,1,1,1785488201
2026-07-31T09:40:21Z,586,13,0,22,0,0,1,1,1,1785488201
2026-07-31T09:40:21Z,587,20,0,3,1,0,1,1,1,1785489118
2026-07-31T09:40:21Z,588,12,4,4,3,0,1,1,1,1785490715
2026-07-31T09:40:21Z,589,0,0,0,23,0,1,1,1,1785490590
2026-07-31T09:40:21Z,590,19,4,11,1,0,1,1,1,1785488201
2026-07-31T09:40:21Z,591,28,1,0,2,0,1,1,1,1785486691
2026-07-31T09:40:21Z,592,12,0,11,0,0,1,1,1,1785488952
2026-07-31T09:40:21Z,593,0,0,38,0,0,1,1,1,1785488201
2026-07-31T09:40:21Z,594,6,0,12,3,0,1,1,1,1785490778
2026-07-31T09:40:21Z,595,0,0,3,0,0,0,1,1,1784046673
2026-07-31T09:40:21Z,605,0,0,2,1,0,0,1,1,1783975843
2026-07-31T09:40:21Z,606,0,0,0,0,0,0,1,1,86400
2026-07-31T09:40:21Z,607,9,1,22,1,0,1,1,1,1785488201
2026-07-31T09:40:21Z,608,0,0,50,0,0,1,1,1,1785490318
2026-07-31T09:40:21Z,609,2,0,21,0,0,1,1,1,1785488201
2026-07-31T09:40:21Z,610,0,0,35,0,0,1,1,1,1785488201
2026-07-31T09:40:21Z,611,13,0,13,1,0,1,1,1,1785490509
2026-07-31T09:40:21Z,612,6,1,9,0,0,1,1,1,1785486691
2026-07-31T09:40:21Z,613,9,0,2,4,0,1,1,1,1785489318
2026-07-31T09:40:21Z,614,1,1,23,2,1,1,1,1,1785488202
2026-07-31T09:40:21Z,617,11,0,2,2,0,1,1,1,1785489767
2026-07-31T09:40:21Z,618,13,2,1,5,0,1,1,1,1785486690
2026-07-31T09:40:21Z,619,7,2,12,0,0,1,1,1,1785488201
2026-07-31T09:40:21Z,620,0,0,27,0,0,1,1,1,1785488201
2026-07-31T09:40:21Z,621,7,2,15,1,0,1,1,1,1785488201
2026-07-31T09:40:21Z,622,5,2,17,1,0,1,1,1,1785488201
2026-07-31T09:40:21Z,623,9,2,20,1,0,1,1,1,1785488201
2026-07-31T09:40:21Z,624,2,0,13,0,0,1,1,1,1785486691
2026-07-31T09:40:21Z,625,5,0,14,2,0,1,1,1,1785488201
2026-07-31T09:40:21Z,626,2,0,43,0,2,1,1,1,1785490207
2026-07-31T09:40:21Z,627,13,6,6,0,0,1,1,1,1785488201
2026-07-31T09:40:21Z,628,0,0,15,2,2,1,1,1,1785490634
2026-07-31T09:40:21Z,629,4,1,6,1,0,1,1,1,1785490697
2026-07-31T09:40:21Z,630,3,2,21,3,0,1,1,1,1785490513
2026-07-31T09:40:21Z,631,2,1,21,0,0,1,1,1,1785488201
2026-07-31T09:40:21Z,632,21,1,0,2,0,1,1,1,1785489788
2026-07-31T09:40:21Z,633,11,1,0,4,0,1,1,1,1785490605
2026-07-31T09:40:21Z,634,11,2,8,0,0,1,1,1,1785486991
2026-07-31T09:40:21Z,635,17,1,2,0,0,1,1,1,1785488201
2026-07-31T09:40:21Z,636,10,2,5,0,0,1,1,1,1785488201
2026-07-31T09:40:21Z,637,7,0,12,0,0,1,1,1,1785490209
2026-07-31T09:40:21Z,638,9,2,8,2,0,1,1,1,1785489804
2026-07-31T09:40:21Z,639,5,1,11,3,0,1,1,1,1785479066
2026-07-31T09:40:21Z,640,1,1,21,1,0,1,1,1,1785490513
2026-07-31T09:40:21Z,641,21,1,3,2,0,1,1,1,1785487278
2026-07-31T09:40:21Z,642,4,2,7,8,0,1,1,1,1785490812
2026-07-31T09:40:21Z,643,2,0,17,8,0,1,1,1,1785490813
2026-07-31T09:40:21Z,644,12,0,2,1,0,1,1,1,1785486991
2026-07-31T09:40:21Z,645,11,0,10,1,1,1,1,1,1785488495
2026-07-31T09:40:21Z,646,7,2,12,0,0,1,1,1,1785490706
2026-07-31T09:40:21Z,647,30,1,1,0,0,1,1,1,1785490486
2026-07-31T09:40:21Z,648,6,0,12,1,0,1,1,1,1785490674
2026-07-31T09:40:21Z,649,18,2,12,1,0,1,1,1,1785490307
2026-07-31T09:40:21Z,650,5,1,9,0,0,1,1,1,1785488201
2026-07-31T09:40:21Z,651,11,9,12,0,0,1,1,1,1785482207
2026-07-31T09:40:21Z,652,4,2,17,2,0,1,1,1,1785490502
2026-07-31T09:40:21Z,653,8,1,9,2,0,1,1,1,1785488201
2026-07-31T09:40:21Z,654,2,2,13,0,0,1,1,1,1785488202
2026-07-31T09:40:21Z,655,6,3,2,4,1,1,1,1,1785490730
2026-07-31T09:40:21Z,656,19,7,0,0,0,1,1,1,1785489841
2026-07-31T09:40:21Z,657,9,1,3,2,3,1,1,1,1785490762
2026-07-31T09:40:21Z,658,9,1,1,0,0,1,1,1,1785473427
2026-07-31T09:40:21Z,659,8,3,5,2,0,1,1,1,1785488201
2026-07-31T09:40:21Z,660,13,0,14,4,0,1,1,1,1785490736
2026-07-31T09:40:21Z,661,1,1,18,0,0,1,1,1,1785488202
2026-07-31T09:40:21Z,662,7,5,14,2,0,1,1,1,1785480458
2026-07-31T09:40:21Z,663,14,6,0,1,0,1,1,1,1785488201
2026-07-31T09:40:21Z,664,0,0,27,0,0,1,1,1,1785488202
2026-07-31T09:40:21Z,665,12,3,3,0,0,1,1,1,1785488202
2026-07-31T09:40:21Z,666,7,2,6,2,0,1,1,1,1785488201
2026-07-31T09:40:21Z,667,0,0,19,0,0,1,1,1,1785486991
2026-07-31T09:40:21Z,668,10,1,8,1,0,1,1,1,1785488201
2026-07-31T09:40:21Z,669,14,5,0,0,0,1,1,1,1785488201
2026-07-31T09:40:21Z,670,11,2,16,0,0,1,1,1,1785486992
2026-07-31T09:40:21Z,671,25,5,1,1,0,1,1,1,1785490776
2026-07-31T09:40:21Z,672,13,2,6,3,1,1,1,1,1785486991
2026-07-31T09:40:21Z,673,11,0,10,2,0,1,1,1,1785490469
2026-07-31T09:40:21Z,674,3,2,17,3,0,1,1,1,1785490640
2026-07-31T09:40:21Z,675,12,6,1,2,0,1,1,1,1785490627
2026-07-31T09:40:21Z,676,7,1,14,1,0,1,1,1,1785490771
2026-07-31T09:40:21Z,681,12,3,1,2,0,1,1,1,1785489270
2026-07-31T09:40:21Z,682,4,1,14,1,0,1,1,1,1785486991
2026-07-31T09:40:21Z,683,4,1,15,0,0,1,1,1,1785490156
2026-07-31T09:40:21Z,684,3,0,24,0,0,1,1,1,1785487883
2026-07-31T09:40:21Z,685,10,0,15,1,1,1,1,1,1785488201
2026-07-31T09:40:21Z,686,11,0,14,2,0,1,1,1,1785490806
2026-07-31T09:40:21Z,687,11,0,18,1,1,1,1,1,1785490503
2026-07-31T09:40:21Z,688,10,0,2,7,0,1,1,1,1785490573
2026-07-31T09:40:21Z,692,4,1,17,0,0,1,1,1,1785489419
2026-07-31T09:40:21Z,693,6,0,2,3,0,1,1,1,1785490800
2026-07-31T09:40:21Z,694,9,5,12,0,0,1,1,1,1785490553
2026-07-31T09:40:21Z,695,17,11,6,0,0,1,1,1,1785490694
2026-07-31T09:40:21Z,696,19,14,3,1,0,1,1,1,1785490615
2026-07-31T09:40:21Z,697,21,2,2,0,0,1,1,1,1785490209
2026-07-31T09:40:21Z,698,27,1,0,0,0,1,1,1,1785489751
2026-07-31T09:40:21Z,699,7,0,7,1,0,1,1,1,1785489288
2026-07-31T09:40:21Z,700,19,4,0,0,0,1,1,1,1785489415
2026-07-31T09:40:21Z,701,17,6,2,0,0,1,1,1,1785490665
2026-07-31T09:40:21Z,702,18,0,4,1,0,1,1,1,1785489871
2026-07-31T09:40:21Z,704,9,2,6,0,0,1,1,1,1785490062
2026-07-31T09:40:21Z,705,5,3,9,1,0,1,1,1,1785489527
2026-07-31T09:40:21Z,706,12,2,0,3,0,1,1,1,1785490627
2026-07-31T09:40:21Z,707,10,2,5,0,0,1,1,1,1785489452
2026-07-31T09:40:21Z,708,18,2,0,1,0,1,1,1,1785489657
2026-07-31T09:40:21Z,709,11,1,1,3,0,1,1,1,1785489473
2026-07-31T09:40:21Z,710,16,3,2,1,0,1,1,1,1785490704
2026-07-31T09:40:21Z,711,19,4,0,4,0,1,1,1,1785490771
2026-07-31T09:40:21Z,712,15,10,0,0,0,1,1,1,1785490644
2026-07-31T09:40:21Z,713,6,0,17,0,0,1,1,1,1785489924
2026-07-31T09:40:21Z,716,3,1,12,0,0,1,1,1,1785489172
2026-07-31T09:40:21Z,717,3,1,19,3,0,1,1,1,1785489249
2026-07-31T09:40:21Z,718,3,1,11,1,0,1,1,1,1785490812
2026-07-31T09:40:21Z,719,7,1,22,0,0,1,1,1,1785490225
2026-07-31T09:40:21Z,720,2,1,17,0,0,1,1,1,1785489464
2026-07-31T09:40:21Z,721,0,0,21,2,0,1,1,1,1785490262
2026-07-31T09:40:21Z,722,5,0,10,0,0,1,1,1,1785489217
2026-07-31T09:40:21Z,723,12,1,11,0,0,1,1,1,1785489252
2026-07-31T09:40:21Z,724,21,4,2,0,0,1,1,1,1785490410
2026-07-31T09:40:21Z,725,21,5,1,1,0,1,1,1,1785490784
2026-07-31T09:40:21Z,726,19,3,0,0,0,1,1,1,1785490181
2026-07-31T09:40:21Z,727,9,4,12,2,0,1,1,1,1785490210
2026-07-31T09:40:21Z,728,9,0,5,1,0,1,1,1,1785489766
2026-07-31T09:40:21Z,729,6,0,13,0,0,1,1,1,1785490642
2026-07-31T09:40:21Z,730,3,2,10,2,0,1,1,1,1785490362
2026-07-31T09:40:21Z,731,10,3,4,1,0,1,1,1,1785489473
2026-07-31T09:40:21Z,732,9,5,6,0,0,1,1,1,1785490512
2026-07-31T09:40:21Z,733,4,0,23,0,0,1,1,1,1785489486
2026-07-31T09:40:21Z,734,0,0,14,0,0,1,1,1,1785490470
2026-07-31T09:40:21Z,735,4,3,23,0,0,1,1,1,1785489349
2026-07-31T09:40:21Z,736,7,1,12,0,0,1,1,1,1785489902
2026-07-31T09:40:21Z,737,4,3,10,0,1,1,1,1,1785489890
2026-07-31T09:40:21Z,738,16,5,1,2,0,1,1,1,1785490095
2026-07-31T09:40:21Z,739,19,2,7,1,0,1,1,1,1785489510
2026-07-31T09:40:21Z,741,7,1,16,0,0,1,1,1,1785489794
2026-07-31T09:40:21Z,742,5,0,27,3,0,1,1,1,1785489910
2026-07-31T09:40:21Z,743,8,3,9,2,0,1,1,1,1785489664
2026-07-31T09:40:21Z,744,11,4,3,1,0,1,1,1,1785490170
2026-07-31T09:40:21Z,745,14,4,4,1,0,1,1,1,1785490178
2026-07-31T09:40:21Z,746,12,3,9,2,0,1,1,1,1785489153
2026-07-31T09:40:21Z,747,0,0,4,0,0,0,1,1,1783446606
2026-07-31T09:40:21Z,748,10,1,13,0,0,1,1,1,1785489150
2026-07-31T09:40:21Z,749,6,5,16,1,0,1,1,1,1785490530
2026-07-31T09:40:21Z,750,2,1,9,0,0,1,1,1,1785490476
2026-07-31T09:40:21Z,751,8,0,15,0,0,1,1,1,1785490402
2026-07-31T09:40:21Z,752,13,1,3,1,0,1,1,1,1785490194
2026-07-31T09:40:21Z,753,5,0,10,0,0,1,1,1,1785490308
2026-07-31T09:40:21Z,754,1,1,13,1,0,1,1,1,1785490722
2026-07-31T09:40:21Z,755,12,3,10,1,0,1,1,1,1785489031
2026-07-31T09:40:21Z,756,2,0,35,0,0,1,1,1,1785489747
2026-07-31T09:40:21Z,757,18,9,1,0,0,1,1,1,1785489143
2026-07-31T09:40:21Z,758,22,3,1,0,0,1,1,1,1785490567
2026-07-31T09:40:21Z,759,4,2,11,0,0,1,1,1,1785490619
2026-07-31T09:40:21Z,760,8,3,11,0,0,1,1,1,1785488200
2026-07-31T09:40:21Z,761,15,0,7,1,0,1,1,1,1785490478
2026-07-31T09:40:21Z,762,7,4,4,4,0,1,1,1,1785489422
2026-07-31T09:40:21Z,768,8,0,8,3,0,1,1,1,1785490402
2026-07-31T09:40:21Z,769,16,12,3,0,0,1,1,1,1785490026
2026-07-31T09:40:21Z,770,11,3,6,2,0,1,1,1,1785489961
2026-07-31T09:40:21Z,771,13,3,1,1,0,1,1,1,1785489394
2026-07-31T09:40:21Z,772,7,3,8,0,0,1,1,1,1785490020
2026-07-31T09:40:21Z,773,15,4,4,0,0,1,1,1,1785489853
2026-07-31T09:40:21Z,774,9,5,3,3,0,1,1,1,1785489799
2026-07-31T09:40:21Z,775,6,0,11,1,1,1,1,1,1785488308
2026-07-31T09:40:21Z,776,3,1,17,1,0,1,1,1,1785490183
2026-07-31T09:40:21Z,777,10,0,2,3,0,1,1,1,1785489911
2026-07-31T09:40:21Z,778,13,0,3,3,0,1,1,1,1785490151
2026-07-31T09:40:21Z,779,8,1,10,1,0,1,1,1,1785490764
2026-07-31T09:40:21Z,780,17,4,1,1,0,1,1,1,1785490381
2026-07-31T09:40:21Z,781,6,2,3,2,0,1,1,1,1785490708
2026-07-31T09:40:21Z,782,5,3,10,4,0,1,1,1,1785489680
2026-07-31T09:40:21Z,783,7,1,12,0,0,1,1,1,1785490768
2026-07-31T09:40:21Z,784,15,2,4,0,0,1,1,1,1785490377
2026-07-31T09:40:21Z,785,11,2,2,6,0,1,1,1,1785489125
2026-07-31T09:40:21Z,786,11,5,8,0,0,1,1,1,1785490586
2026-07-31T09:40:21Z,787,11,5,2,2,0,1,1,1,1785490225
2026-07-31T09:40:21Z,788,3,0,12,0,0,1,1,1,1785489445
2026-07-31T09:40:21Z,789,9,2,2,4,0,1,1,1,1785490359
2026-07-31T09:40:21Z,790,2,0,21,0,0,1,1,1,1785490077
2026-07-31T09:40:21Z,791,7,2,11,0,1,1,1,1,1785489609
2026-07-31T09:40:21Z,793,4,0,10,1,0,1,1,1,1785489819
2026-07-31T09:40:21Z,794,8,3,19,2,0,1,1,1,1785490278
2026-07-31T09:40:21Z,796,0,0,17,2,0,1,1,1,1785489613
2026-07-31T09:40:21Z,797,1,0,14,0,0,1,1,1,1785487593
2026-07-31T09:40:21Z,798,6,0,18,1,0,1,1,1,1785489446
2026-07-31T09:40:21Z,799,15,1,1,3,0,1,1,1,1785489582
2026-07-31T09:40:21Z,800,1,0,19,1,0,1,1,1,1785489208
2026-07-31T09:40:21Z,801,4,2,16,1,0,1,1,1,1785489637
2026-07-31T09:40:21Z,802,8,0,23,0,0,1,1,1,1785489739
2026-07-31T09:40:21Z,803,1,1,14,0,0,1,1,1,1785489413
2026-07-31T09:40:21Z,806,8,3,7,0,0,1,1,1,1785488200
2026-07-31T09:40:21Z,807,14,0,8,3,0,1,1,1,1785490018
2026-07-31T09:40:21Z,808,0,0,23,2,0,1,1,1,1785488225
2026-07-31T09:40:21Z,809,5,1,17,1,0,1,1,1,1785489584
2026-07-31T09:40:21Z,810,2,0,13,4,0,1,1,1,1785490047
2026-07-31T09:40:21Z,815,4,1,6,4,1,1,1,1,1785489715
2026-07-31T09:40:21Z,817,10,5,5,0,0,1,1,1,1785490742
2026-07-31T09:40:21Z,818,6,0,16,1,0,1,1,1,1785490155
2026-07-31T09:40:21Z,819,6,4,9,0,0,1,1,1,1785487291
2026-07-31T09:40:21Z,820,8,2,9,0,0,1,1,1,1785490660
2026-07-31T09:40:21Z,821,2,1,13,0,0,1,1,1,1785489777
2026-07-31T09:40:21Z,822,1,0,20,2,0,1,1,1,1785490096
2026-07-31T09:40:21Z,823,0,0,14,1,0,1,1,1,1785489244
2026-07-31T09:40:21Z,824,12,3,6,1,0,1,1,1,1785490524
2026-07-31T09:40:21Z,825,8,5,7,0,0,1,1,1,1785488201
2026-07-31T09:40:21Z,826,10,2,8,1,0,1,1,1,1785490535
2026-07-31T09:40:21Z,827,16,5,4,1,0,1,1,1,1785490040
2026-07-31T09:40:21Z,828,10,0,7,1,0,1,1,1,1785490558
2026-07-31T09:40:21Z,829,16,7,11,0,0,1,1,1,1785490777
2026-07-31T09:40:21Z,830,12,3,10,1,0,1,1,1,1785490021
2026-07-31T09:40:21Z,831,7,2,7,1,0,1,1,1,1785489217
2026-07-31T09:40:21Z,832,10,3,5,3,0,1,1,1,1785489300
2026-07-31T09:40:21Z,833,1,0,17,1,0,1,1,1,1785489056
2026-07-31T09:40:21Z,834,1,0,22,1,0,1,1,1,1785490371
2026-07-31T09:40:21Z,835,16,6,0,2,0,1,1,1,1785490602
2026-07-31T09:40:21Z,837,5,1,0,10,0,1,1,1,1785489281
2026-07-31T09:40:21Z,838,14,3,1,0,0,1,1,1,1785489950
2026-07-31T09:40:21Z,839,20,1,9,0,0,1,1,1,1785488063
2026-07-31T09:40:21Z,840,7,3,20,2,0,1,1,1,1785490693
2026-07-31T09:40:21Z,841,7,1,8,0,0,1,1,1,1785489213
2026-07-31T09:40:21Z,842,7,2,16,0,0,1,1,1,1785489004
2026-07-31T09:40:21Z,843,8,0,22,1,0,1,1,1,1785489239
2026-07-31T09:40:21Z,844,6,0,17,0,0,1,1,1,1785489202
2026-07-31T09:40:21Z,845,5,3,12,2,0,1,1,1,1785489388
2026-07-31T09:40:21Z,846,4,0,13,2,0,1,1,1,1785490339
2026-07-31T09:40:21Z,847,7,1,20,0,0,1,1,1,1785490125
2026-07-31T09:40:21Z,848,10,3,8,1,0,1,1,1,1785488215
2026-07-31T09:40:21Z,849,7,2,8,0,0,1,1,1,1785490186
2026-07-31T09:40:21Z,850,9,0,1,1,0,1,1,1,1785490434
2026-07-31T09:40:21Z,851,3,3,32,2,0,1,1,1,1785490276
2026-07-31T09:40:21Z,852,12,6,7,0,0,1,1,1,1785489104
2026-07-31T09:40:21Z,853,10,5,13,0,0,1,1,1,1785489977
2026-07-31T09:40:21Z,854,3,2,12,0,0,1,1,1,1785490048
2026-07-31T09:40:21Z,855,25,0,2,0,0,1,1,1,1785488200
2026-07-31T09:40:21Z,857,1,1,18,0,0,1,1,1,1785489302
2026-07-31T09:40:21Z,858,4,1,14,1,0,1,1,1,1785489758
2026-07-31T09:40:21Z,859,3,0,17,1,0,1,1,1,1785489983
2026-07-31T09:40:21Z,861,8,1,2,1,0,1,1,1,1785488201
2026-07-31T09:40:21Z,862,2,1,13,0,0,1,1,1,1785489241
2026-07-31T09:40:21Z,863,13,0,5,1,0,1,1,1,1785488200
2026-07-31T09:40:21Z,866,11,3,8,0,0,1,1,1,1785489540
2026-07-31T09:40:21Z,867,12,0,3,0,0,1,1,1,1785490668
2026-07-31T09:40:21Z,868,13,2,2,0,0,1,1,1,1785489062
2026-07-31T09:40:21Z,870,7,4,6,2,0,1,1,1,1785489278
2026-07-31T09:40:21Z,871,0,0,10,1,0,1,1,1,1785490473
2026-07-31T09:40:21Z,872,0,0,14,1,0,1,1,1,1785489199
2026-07-31T09:40:21Z,873,0,0,32,1,0,1,1,1,1785489175
2026-07-31T09:40:21Z,874,5,2,7,3,0,1,1,1,1785489378
2026-07-31T09:40:21Z,875,15,11,0,0,0,1,1,1,1785490255
2026-07-31T09:40:21Z,877,11,10,6,2,0,1,1,1,1785490620
2026-07-31T09:40:21Z,878,3,2,15,1,0,1,1,1,1785489385
2026-07-31T09:40:21Z,879,1,0,18,0,0,1,1,1,1785490243
2026-07-31T09:40:21Z,880,3,0,19,1,0,1,1,1,1785490252
2026-07-31T09:40:21Z,881,2,0,17,0,0,1,1,1,1785489237
2026-07-31T09:40:21Z,882,10,0,6,3,0,1,1,1,1785488200
2026-07-31T09:40:21Z,883,10,6,9,0,0,1,1,1,1785489506
2026-07-31T09:40:21Z,884,11,7,10,0,0,1,1,1,1785490612
2026-07-31T09:40:21Z,885,1,0,18,0,0,1,1,1,1785489086
2026-07-31T09:40:21Z,886,17,1,11,1,0,1,1,1,1785489875
2026-07-31T09:40:21Z,887,3,1,11,3,0,1,1,1,1785489803
2026-07-31T09:40:21Z,888,12,0,27,2,0,1,1,1,1785490748
2026-07-31T09:40:21Z,889,17,1,0,2,0,1,1,1,1785489394
2026-07-31T09:40:21Z,890,6,4,9,0,0,1,1,1,1785489632
2026-07-31T09:40:21Z,891,20,0,2,1,0,1,1,1,1785490396
2026-07-31T09:40:21Z,892,13,1,2,0,0,1,1,1,1785488200
2026-07-31T09:40:21Z,895,0,0,18,1,0,1,1,1,1785489208
2026-07-31T09:40:21Z,896,6,0,29,0,0,1,1,1,1785488200
2026-07-31T09:40:21Z,897,11,1,10,0,0,1,1,1,1785489274
2026-07-31T09:40:21Z,898,2,0,17,0,0,1,1,1,1785489005
2026-07-31T09:40:21Z,899,0,0,18,1,0,1,1,1,1785490052
2026-07-31T09:40:21Z,900,19,1,6,2,0,1,1,1,1785490228
2026-07-31T09:40:21Z,901,12,0,6,1,0,1,1,1,1785489765
2026-07-31T09:40:21Z,902,9,0,5,1,0,1,1,1,1785490758
2026-07-31T09:40:21Z,903,14,2,4,1,0,1,1,1,1785490198
2026-07-31T09:40:21Z,904,10,4,8,1,0,1,1,1,1785489393
2026-07-31T09:40:21Z,905,4,0,23,0,0,1,1,1,1785489492
2026-07-31T09:40:21Z,906,8,5,19,0,0,1,1,1,1785490244
2026-07-31T09:40:21Z,907,6,1,25,0,0,1,1,1,1785489584
2026-07-31T09:40:21Z,908,11,0,12,0,0,1,1,1,1785489379
2026-07-31T09:40:21Z,909,15,5,8,0,0,1,1,1,1785490766
2026-07-31T09:40:21Z,910,20,0,11,0,0,1,1,1,1785489298
2026-07-31T09:40:21Z,911,3,0,16,0,0,1,1,1,1785490753
2026-07-31T09:40:21Z,912,9,5,12,2,0,1,1,1,1785489864
2026-07-31T09:40:21Z,913,3,1,16,0,0,1,1,1,1785489919
2026-07-31T09:40:21Z,914,7,2,12,0,0,1,1,1,1785490718
2026-07-31T09:40:21Z,915,7,0,15,1,0,1,1,1,1785489494
2026-07-31T09:40:21Z,916,23,8,0,0,0,1,1,1,1785489536
2026-07-31T09:40:21Z,917,4,0,29,2,0,1,1,1,1785490128
2026-07-31T09:40:21Z,918,13,5,4,2,0,1,1,1,1785489306
2026-07-31T09:40:21Z,919,14,3,24,1,0,1,1,1,1785490555
2026-07-31T09:40:21Z,920,4,2,15,0,0,1,1,1,1785489734
2026-07-31T09:40:21Z,921,12,0,9,0,0,1,1,1,1785489069
2026-07-31T09:40:21Z,922,4,1,17,0,0,1,1,1,1785489871
2026-07-31T09:40:21Z,923,19,2,0,0,0,1,1,1,1785490563
2026-07-31T09:40:21Z,924,8,2,13,0,0,1,1,1,1785490084
2026-07-31T09:40:21Z,925,13,0,8,0,0,1,1,1,1785489547
2026-07-31T09:40:21Z,926,0,0,21,0,0,1,1,1,1785489688
2026-07-31T09:40:21Z,927,1,0,34,0,0,1,1,1,1785490089
2026-07-31T09:40:21Z,928,5,3,14,0,0,1,1,1,1785464301
2026-07-31T09:40:21Z,929,0,0,23,0,0,1,1,1,1785490519
2026-07-31T09:40:21Z,930,0,0,30,1,0,1,1,1,1785489297
2026-07-31T09:40:21Z,931,8,3,15,0,0,1,1,1,1785489618
2026-07-31T09:40:21Z,932,4,0,12,3,0,1,1,1,1785489457
2026-07-31T09:40:21Z,933,0,0,23,0,0,1,1,1,1785489669
2026-07-31T09:40:21Z,934,2,0,28,1,0,1,1,1,1785490751
2026-07-31T09:40:21Z,935,9,2,9,1,0,1,1,1,1785490251
2026-07-31T09:40:21Z,936,4,1,15,0,0,1,1,1,1785456801
2026-07-31T09:40:21Z,940,10,0,1,0,0,1,1,1,1785487595
2026-07-31T09:40:21Z,941,10,1,13,2,0,1,1,1,1785489809
2026-07-31T09:40:21Z,942,5,0,16,0,0,1,1,1,1785490186
2026-07-31T09:40:21Z,943,9,8,6,0,0,1,1,1,1785489313
2026-07-31T09:40:21Z,944,9,8,6,0,0,1,1,1,1785489128
2026-07-31T09:40:21Z,945,10,8,5,0,0,1,1,1,1785490454
2026-07-31T09:40:21Z,946,7,5,12,0,0,1,1,1,1785487593
2026-07-31T09:40:21Z,947,7,5,10,0,0,1,1,1,1785489142
2026-07-31T09:40:21Z,948,24,8,2,5,0,1,1,1,1785490805
2026-07-31T09:40:21Z,949,2,0,13,0,0,1,1,1,1785490164
2026-07-31T09:40:21Z,950,15,4,1,1,0,1,1,1,1785490662
2026-07-31T09:40:21Z,951,18,4,5,0,0,1,1,1,1785489351
2026-07-31T09:40:21Z,952,9,0,46,0,0,1,1,1,1785490496
2026-07-31T09:40:21Z,953,14,2,0,1,0,1,1,1,1785490225
2026-07-31T09:40:21Z,954,17,4,2,0,0,1,1,1,1785489251
2026-07-31T09:40:21Z,955,4,3,17,6,0,1,1,1,1785490039
2026-07-31T09:40:21Z,956,22,1,0,1,0,1,1,1,1785489322
2026-07-31T09:40:21Z,957,15,0,14,0,0,1,1,1,1785490353
2026-07-31T09:40:21Z,958,19,0,12,0,0,1,1,1,1785489862
2026-07-31T09:40:21Z,959,20,8,0,3,0,1,1,1,1785489029
2026-07-31T09:40:21Z,960,22,1,0,1,0,1,1,1,1785489512
2026-07-31T09:40:21Z,961,3,2,17,3,0,1,1,1,1785489860
2026-07-31T09:40:21Z,962,8,3,24,3,0,1,1,1,1785490115
2026-07-31T09:40:21Z,963,6,0,16,1,0,1,1,1,1785489228
2026-07-31T09:40:21Z,964,21,8,1,1,0,1,1,1,1785490682
2026-07-31T09:40:21Z,965,5,1,21,1,0,1,1,1,1785489359
2026-07-31T09:40:21Z,966,28,0,3,0,0,1,1,1,1785489864
2026-07-31T09:40:21Z,967,19,0,1,1,0,1,1,1,1785490786
2026-07-31T09:40:21Z,968,15,0,3,1,0,1,1,1,1785490137
2026-07-31T09:40:21Z,969,10,6,15,2,0,1,1,1,1785489075
2026-07-31T09:40:21Z,970,11,1,6,2,0,1,1,1,1785490768
2026-07-31T09:40:21Z,971,14,0,8,1,0,1,1,1,1785490706
2026-07-31T09:40:21Z,972,9,1,13,1,0,1,1,1,1785489103
2026-07-31T09:40:21Z,973,8,3,14,1,0,1,1,1,1785490432
2026-07-31T09:40:21Z,974,12,0,15,0,0,1,1,1,1785489818
2026-07-31T09:40:21Z,977,7,7,11,3,0,1,1,1,1785489372
2026-07-31T09:40:21Z,978,11,0,12,0,0,1,1,1,1785490237
2026-07-31T09:40:21Z,979,14,1,3,0,0,1,1,1,1785489783
2026-07-31T09:40:21Z,980,1,0,18,2,0,1,1,1,1785490520
2026-07-31T09:40:21Z,981,19,1,1,1,0,1,1,1,1785490685
2026-07-31T09:40:21Z,982,3,1,14,2,0,1,1,1,1785489172
2026-07-31T09:40:21Z,983,2,1,20,1,0,1,1,1,1785489586
2026-07-31T09:40:21Z,984,6,0,17,0,0,1,1,1,1785490583
2026-07-31T09:40:21Z,985,8,0,23,0,0,1,1,1,1785489863
2026-07-31T09:40:21Z,986,4,0,15,0,0,1,1,1,1785489169
2026-07-31T09:40:21Z,987,6,0,16,1,0,1,1,1,1785489706
2026-07-31T09:40:21Z,988,5,1,13,1,0,1,1,1,1785489321
2026-07-31T09:40:21Z,989,9,4,10,0,0,1,1,1,1785490127
2026-07-31T09:40:21Z,990,13,1,0,2,0,1,1,1,1785489373
2026-07-31T09:40:21Z,991,11,2,8,0,0,1,1,1,1785490613
2026-07-31T09:40:21Z,992,10,7,12,1,0,1,1,1,1785489908
2026-07-31T09:40:21Z,993,0,0,27,0,0,1,1,1,1785476008
2026-07-31T09:40:21Z,994,3,1,18,0,0,1,1,1,1785490122
2026-07-31T09:40:21Z,995,8,2,19,0,0,1,1,1,1785489342
2026-07-31T09:40:21Z,996,8,1,15,0,0,1,1,1,1785489144
2026-07-31T09:40:21Z,997,11,5,10,2,0,1,1,1,1785490728
2026-07-31T09:40:21Z,998,3,2,19,1,0,1,1,1,1785489459
2026-07-31T09:40:21Z,999,3,1,15,2,1,1,1,1,1785489241
2026-07-31T09:40:21Z,1000,4,2,17,0,0,1,1,1,1785490029
2026-07-31T09:40:21Z,1001,1,0,26,0,0,1,1,1,1785489482
2026-07-31T09:40:21Z,1002,0,0,27,4,0,1,1,1,1785489483
2026-07-31T09:40:21Z,1003,0,0,22,1,0,1,1,1,1785489108
2026-07-31T09:40:21Z,1004,8,1,15,0,0,1,1,1,1785490365
2026-07-31T09:40:21Z,1005,20,1,3,0,0,1,1,1,1785489296
2026-07-31T09:40:21Z,1006,7,4,11,1,0,1,1,1,1785489132
2026-07-31T09:40:21Z,1007,2,1,19,0,0,1,1,1,1785490580
2026-07-31T09:40:21Z,1008,6,5,15,2,0,1,1,1,1785490083
2026-07-31T09:40:21Z,1009,19,2,8,4,0,1,1,1,1785489952
2026-07-31T09:40:21Z,1010,7,2,20,0,0,1,1,1,1785490786
2026-07-31T09:40:21Z,1011,8,2,9,2,0,1,1,1,1785489506
2026-07-31T09:40:21Z,1012,4,3,18,1,0,1,1,1,1785489062
2026-07-31T09:40:21Z,1013,4,1,18,1,0,1,1,1,1785489660
2026-07-31T09:40:21Z,1014,7,2,13,3,0,1,1,1,1785489580
2026-07-31T09:40:21Z,1015,3,1,25,3,0,1,1,1,1785489856
2026-07-31T09:40:21Z,1016,10,5,21,0,0,1,1,1,1785490744
2026-07-31T09:40:21Z,1017,14,5,7,0,0,1,1,1,1785490285
2026-07-31T09:40:21Z,1018,7,2,15,0,0,1,1,1,1785489150
2026-07-31T09:40:21Z,1019,9,6,6,0,0,1,1,1,1785489080
2026-07-31T09:40:21Z,1020,18,3,3,0,0,1,1,1,1785490154
2026-07-31T09:40:21Z,1021,9,3,5,1,0,1,1,1,1785489881
2026-07-31T09:40:21Z,1022,14,0,13,0,0,1,1,1,1785489240
2026-07-31T09:40:21Z,1023,13,1,9,1,0,1,1,1,1785490702
2026-07-31T09:40:21Z,1024,5,2,13,1,0,1,1,1,1785489883
2026-07-31T09:40:21Z,1025,4,0,14,0,1,1,1,1,1785489208
2026-07-31T09:40:21Z,1026,8,5,18,5,0,1,1,1,1785490235
2026-07-31T09:40:21Z,1028,2,0,20,1,0,1,1,1,1785489240
2026-07-31T09:40:21Z,1029,9,9,5,1,0,1,1,1,1785490177
2026-07-31T09:40:21Z,1030,14,5,9,0,0,1,1,1,1785489922
2026-07-31T09:40:21Z,1031,8,0,11,0,0,1,1,1,1785490290
2026-07-31T09:40:21Z,1032,7,1,12,0,0,1,1,1,1785489137
2026-07-31T09:40:21Z,1033,9,5,9,1,0,1,1,1,1785489950
2026-07-31T09:40:21Z,1034,2,0,13,0,0,1,1,1,1785489154
2026-07-31T09:40:21Z,1035,1,0,16,2,0,1,1,1,1785489182
2026-07-31T09:40:21Z,1036,15,1,0,0,0,1,1,1,1785489733
2026-07-31T09:40:21Z,1037,4,0,14,1,0,1,1,1,1785489585
2026-07-31T09:40:21Z,1038,2,0,12,1,0,1,1,1,1785490666
2026-07-31T09:40:21Z,1039,7,2,12,0,0,1,1,1,1785489291
2026-07-31T09:40:21Z,1040,7,3,10,2,0,1,1,1,1785489174
2026-07-31T09:40:21Z,1041,10,3,8,1,0,1,1,1,1785489867
2026-07-31T09:40:21Z,1042,12,1,1,2,0,1,1,1,1785489321
2026-07-31T09:40:21Z,1043,9,0,7,3,0,1,1,1,1785489211
2026-07-31T09:40:21Z,1044,2,1,12,1,0,1,1,1,1785490721
2026-07-31T09:40:21Z,1045,11,1,8,0,0,1,1,1,1785489125
2026-07-31T09:40:21Z,1046,9,0,6,0,0,1,1,1,1785490345
2026-07-31T09:40:21Z,1047,4,0,17,0,0,1,1,1,1785489890
2026-07-31T09:40:21Z,1048,10,1,9,0,0,1,1,1,1785489102
2026-07-31T09:40:21Z,1049,6,0,15,0,0,1,1,1,1785489164
2026-07-31T09:40:21Z,1050,17,4,4,0,0,1,1,1,1785490262
2026-07-31T09:40:21Z,1051,8,3,13,0,0,1,1,1,1785490155
2026-07-31T09:40:21Z,1052,17,2,5,0,0,1,1,1,1785490780
2026-07-31T09:40:21Z,1053,2,1,13,0,0,1,1,1,1785489032
2026-07-31T09:40:21Z,1054,14,1,1,0,0,1,1,1,1785489292
2026-07-31T09:40:21Z,1055,7,1,12,0,0,1,1,1,1785489269
2026-07-31T09:40:21Z,1057,18,0,0,1,0,1,1,1,1785490775
2026-07-31T09:40:21Z,1058,1,0,55,0,0,1,1,1,1785489199
2026-07-31T09:40:21Z,1059,0,0,18,1,0,1,1,1,1785489163
2026-07-31T09:40:21Z,1060,30,0,7,0,0,1,1,1,1785489948
2026-07-31T09:40:21Z,1061,7,1,29,1,0,1,1,1,1785489255
2026-07-31T09:40:21Z,1062,2,0,15,0,0,1,1,1,1785489647
2026-07-31T09:40:21Z,1063,12,1,6,1,0,1,1,1,1785489181
2026-07-31T09:40:21Z,1064,3,0,19,1,0,1,1,1,1785489511
2026-07-31T09:40:21Z,1065,16,3,7,0,0,1,1,1,1785489750
2026-07-31T09:40:21Z,1066,10,2,13,0,0,1,1,1,1785489576
2026-07-31T09:40:21Z,1067,8,2,13,2,0,1,1,1,1785489843
2026-07-31T09:40:21Z,1068,8,2,13,2,0,1,1,1,1785489334
2026-07-31T09:40:21Z,1069,12,3,11,0,0,1,1,1,1785489384
2026-07-31T09:40:21Z,1070,12,2,11,0,0,1,1,1,1785489481
2026-07-31T09:40:21Z,1071,7,4,16,0,0,1,1,1,1785489520
2026-07-31T09:40:21Z,1072,11,1,11,1,0,1,1,1,1785489899
2026-07-31T09:40:21Z,1073,26,7,0,1,0,1,1,1,1785490635
2026-07-31T09:40:21Z,1074,0,0,52,1,0,1,1,1,1785489496
2026-07-31T09:40:21Z,1075,10,10,11,0,0,1,1,1,1785490706
2026-07-31T09:40:21Z,1076,14,11,7,0,0,1,1,1,1785490143
2026-07-31T09:40:21Z,1077,8,5,13,0,0,1,1,1,1785489104
2026-07-31T09:40:21Z,1078,11,10,10,0,0,1,1,1,1785490185
2026-07-31T09:40:21Z,1079,11,8,10,0,0,1,1,1,1785490814
2026-07-31T09:40:21Z,1080,10,8,10,1,0,1,1,1,1785489597
2026-07-31T09:40:21Z,1081,13,8,6,0,0,1,1,1,1785489990
2026-07-31T09:40:21Z,1082,7,7,1,0,0,1,1,1,1785489476
2026-07-31T09:40:21Z,1083,13,11,8,0,0,1,1,1,1785489262
2026-07-31T09:40:21Z,1084,9,8,12,0,0,1,1,1,1785490699
2026-07-31T09:40:21Z,1085,10,10,11,0,0,1,1,1,1785490424
2026-07-31T09:40:21Z,1086,0,0,20,1,0,1,1,1,1785489230
2026-07-31T09:40:21Z,1087,12,7,3,0,0,1,1,1,1785490242
2026-07-31T09:40:21Z,1088,10,7,5,0,0,1,1,1,1785489184
2026-07-31T09:40:21Z,1089,5,3,10,0,0,1,1,1,1785489541
2026-07-31T09:40:21Z,1090,11,10,4,0,0,1,1,1,1785490071
2026-07-31T09:40:21Z,1091,12,7,3,0,0,1,1,1,1785489983
2026-07-31T09:40:21Z,1092,9,9,5,1,0,1,1,1,1785489529
2026-07-31T09:40:21Z,1093,7,6,8,0,0,1,1,1,1785489892
2026-07-31T09:40:21Z,1094,10,8,8,1,0,1,1,1,1785489696
2026-07-31T09:40:21Z,1095,9,8,6,0,0,1,1,1,1785489837
2026-07-31T09:40:21Z,1096,3,1,15,1,0,1,1,1,1785489501
2026-07-31T09:40:21Z,1097,9,9,6,0,0,1,1,1,1785489715
2026-07-31T09:40:21Z,1098,9,7,10,0,0,1,1,1,1785490055
2026-07-31T09:40:21Z,1099,7,6,8,0,0,1,1,1,1785490786
2026-07-31T09:40:21Z,1100,6,2,23,0,0,1,1,1,1785487894
2026-07-31T09:40:21Z,1101,9,5,12,0,0,1,1,1,1785490679
2026-07-31T09:40:21Z,1102,9,4,4,0,0,1,1,1,1785489970
2026-07-31T09:40:21Z,1103,10,5,11,0,0,1,1,1,1785487895
2026-07-31T09:40:21Z,1104,10,5,11,0,0,1,1,1,1785490435
2026-07-31T09:40:21Z,1105,7,3,6,0,0,1,1,1,1785489856
2026-07-31T09:40:21Z,1106,13,7,8,0,0,1,1,1,1785490774
2026-07-31T09:40:21Z,1107,9,5,6,0,0,1,1,1,1785489254
2026-07-31T09:40:21Z,1108,6,3,18,3,0,1,1,1,1785489740
2026-07-31T09:40:21Z,1109,6,1,9,0,0,1,1,1,1785489210
2026-07-31T09:40:21Z,1110,12,4,9,0,0,1,1,1,1785490304
2026-07-31T09:40:21Z,1111,3,2,18,0,0,1,1,1,1785475740
2026-07-31T09:40:21Z,1112,38,0,15,0,0,1,1,1,1785489014
2026-07-31T09:40:21Z,1113,1,0,20,0,0,1,1,1,1785490262
2026-07-31T09:40:21Z,1115,17,5,3,3,0,1,1,1,1785489652
2026-07-31T09:40:21Z,1116,5,1,14,0,0,1,1,1,1785489156
2026-07-31T09:40:21Z,1117,10,3,13,0,0,1,1,1,1785489534
2026-07-31T09:40:21Z,1118,16,1,3,2,0,1,1,1,1785490783
2026-07-31T09:40:21Z,1119,13,1,4,0,0,1,1,1,1785490171
2026-07-31T09:40:21Z,1120,13,0,6,0,0,1,1,1,1785489234
2026-07-31T09:40:21Z,1121,14,2,4,3,0,1,1,1,1785488201
2026-07-31T09:40:21Z,1122,17,9,1,3,0,1,1,1,1785490368
2026-07-31T09:40:21Z,1123,6,3,15,2,0,1,1,1,1785490611
2026-07-31T09:40:21Z,1124,8,0,2,5,0,1,1,1,1785490783
2026-07-31T09:40:21Z,1125,15,1,8,0,0,1,1,1,1785489432
2026-07-31T09:40:21Z,1126,4,0,16,1,0,1,1,1,1785490573
2026-07-31T09:40:21Z,1127,6,1,12,1,0,1,1,1,1785489477
2026-07-31T09:40:21Z,1128,14,2,0,1,0,1,1,1,1785489160
2026-07-31T09:40:21Z,1129,3,2,17,1,0,1,1,1,1785490699
2026-07-31T09:40:21Z,1130,6,0,9,0,0,1,1,1,1785490762
2026-07-31T09:40:21Z,1131,0,0,48,1,0,1,1,1,1785489908
2026-07-31T09:40:21Z,1132,14,7,7,0,0,1,1,1,1785490569
2026-07-31T09:40:21Z,1133,15,12,5,1,0,1,1,1,1785490785
2026-07-31T09:40:21Z,1134,11,7,8,0,0,1,1,1,1785489661
2026-07-31T09:40:21Z,1135,10,5,11,0,0,1,1,1,1785490572
2026-07-31T09:40:21Z,1136,6,0,17,0,0,1,1,1,1785489326
2026-07-31T09:40:21Z,1137,13,0,2,0,0,1,1,1,1785489078
2026-07-31T09:40:21Z,1138,15,2,4,0,0,1,1,1,1785489118
2026-07-31T09:40:21Z,1139,18,4,1,2,0,1,1,1,1785489648
2026-07-31T09:40:21Z,1140,22,3,0,1,0,1,1,1,1785490679
2026-07-31T09:40:21Z,1141,2,1,19,0,0,1,1,1,1785490372
2026-07-31T09:40:21Z,1142,2,0,19,0,0,1,1,1,1785489794
2026-07-31T09:40:21Z,1143,20,0,8,1,0,1,1,1,1785490706
2026-07-31T09:40:21Z,1144,7,1,13,1,0,1,1,1,1785489399
2026-07-31T09:40:21Z,1145,13,6,7,1,0,1,1,1,1785490715
2026-07-31T09:40:21Z,1146,10,0,5,4,0,1,1,1,1785490511
2026-07-31T09:40:21Z,1147,3,0,16,0,0,1,1,1,1785489082
2026-07-31T09:40:21Z,1148,24,6,7,0,0,1,1,1,1785490311
2026-07-31T09:40:21Z,1149,4,4,21,0,0,1,1,1,1785490619
2026-07-31T09:40:21Z,1150,18,1,1,0,0,1,1,1,1785490758
2026-07-31T09:40:21Z,1151,12,0,9,0,0,1,1,1,1785489803
2026-07-31T09:40:21Z,1152,18,1,11,0,0,1,1,1,1785490809
2026-07-31T09:40:21Z,1153,22,6,0,1,0,1,1,1,1785489690
2026-07-31T09:40:21Z,1154,13,1,6,0,0,1,1,1,1785490403
2026-07-31T09:40:21Z,1155,15,6,5,1,0,1,1,1,1785490654
2026-07-31T09:40:21Z,1158,3,0,15,1,0,1,1,1,1785489046
2026-07-31T09:40:21Z,1159,13,1,6,0,0,1,1,1,1785489401
2026-07-31T09:40:21Z,1160,9,1,9,1,0,1,1,1,1785489964
2026-07-31T09:40:21Z,1161,3,0,15,1,0,1,1,1,1785489535
2026-07-31T09:40:21Z,1162,2,1,17,0,0,1,1,1,1785489785
2026-07-31T09:40:21Z,1163,1,1,17,1,0,1,1,1,1785489161
2026-07-31T09:40:21Z,1164,6,1,13,0,0,1,1,1,1785489222
2026-07-31T09:40:21Z,1165,5,0,16,0,0,1,1,1,1785489953
2026-07-31T09:40:21Z,1166,12,3,8,1,0,1,1,1,1785489466
2026-07-31T09:40:21Z,1167,4,0,11,0,0,1,1,1,1785490746
2026-07-31T09:40:21Z,1168,2,1,20,1,0,1,1,1,1785489415
2026-07-31T09:40:21Z,1169,3,0,15,1,0,1,1,1,1785489069
2026-07-31T09:40:21Z,1170,6,0,14,1,0,1,1,1,1785489438
2026-07-31T09:40:21Z,1171,8,7,14,1,0,1,1,1,1785490656
2026-07-31T09:40:21Z,1172,7,2,6,2,0,1,1,1,1785489316
2026-07-31T09:40:21Z,1173,13,5,6,0,0,1,1,1,1785489316
2026-07-31T09:40:21Z,1174,7,3,8,0,0,1,1,1,1785490815
2026-07-31T09:40:21Z,1175,9,5,10,0,0,1,1,1,1785488201
2026-07-31T09:40:21Z,1176,19,1,2,0,0,1,1,1,1785490337
2026-07-31T09:40:21Z,1177,2,0,19,0,0,1,1,1,1785490259
2026-07-31T09:40:21Z,1178,2,1,13,0,0,1,1,1,1785490784
2026-07-31T09:40:21Z,1181,10,0,4,1,0,1,1,1,1785490378
2026-07-31T09:40:21Z,1182,0,0,20,0,0,1,1,1,1785489557
2026-07-31T09:40:21Z,1183,1,0,42,2,0,1,1,1,1785490816
2026-07-31T09:40:21Z,1184,12,6,8,1,0,1,1,1,1785490441
2026-07-31T09:40:21Z,1185,10,5,11,0,0,1,1,1,1785490385
2026-07-31T09:40:21Z,1186,9,5,10,0,0,1,1,1,1785489584
2026-07-31T09:40:21Z,1187,12,6,8,1,0,1,1,1,1785489943
2026-07-31T09:40:21Z,1188,9,3,6,0,0,1,1,1,1785489260
2026-07-31T09:40:21Z,1189,10,5,9,0,0,1,1,1,1785489344
2026-07-31T09:40:21Z,1190,10,5,11,0,0,1,1,1,1785490554
2026-07-31T09:40:21Z,1191,10,5,5,0,0,1,1,1,1785489268
2026-07-31T09:40:21Z,1192,10,6,10,1,0,1,1,1,1785489106
2026-07-31T09:40:21Z,1193,6,4,5,2,0,1,1,1,1785490078
2026-07-31T09:40:21Z,1197,9,6,7,1,0,1,1,1,1785490160
2026-07-31T09:40:21Z,1198,14,4,5,2,0,1,1,1,1785489629
2026-07-31T09:40:21Z,1199,2,0,17,0,0,1,1,1,1785489646
2026-07-31T09:40:21Z,1200,11,5,4,0,0,1,1,1,1785489304
2026-07-31T09:40:21Z,1201,11,5,4,0,0,1,1,1,1785489281
2026-07-31T09:40:21Z,1202,12,6,3,0,0,1,1,1,1785489380
2026-07-31T09:40:21Z,1203,9,6,6,0,0,1,1,1,1785489277
2026-07-31T09:40:21Z,1204,7,3,11,1,0,1,1,1,1785489020
2026-07-31T09:40:21Z,1206,11,5,10,0,0,1,1,1,1785490053
2026-07-31T09:40:21Z,1207,8,4,6,1,0,1,1,1,1785489594
2026-07-31T09:40:21Z,1208,7,2,11,1,0,1,1,1,1785489499
2026-07-31T09:40:21Z,1216,7,0,13,1,0,1,1,1,1785490283
2026-07-31T09:40:21Z,1218,4,0,17,0,0,1,1,1,1785490677
2026-07-31T09:40:21Z,1219,6,1,8,1,0,1,1,1,1785490545
2026-07-31T09:40:21Z,1220,14,7,4,1,0,1,1,1,1785490573
2026-07-31T09:40:21Z,1221,1,1,19,1,0,1,1,1,1785490274
2026-07-31T09:40:21Z,1222,28,1,1,0,0,1,1,1,1785489112
2026-07-31T09:40:21Z,1223,23,0,6,0,0,1,1,1,1785490764
2026-07-31T09:40:21Z,1226,0,0,3,0,0,0,1,1,1781868931
2026-07-31T09:40:21Z,1227,22,1,3,0,0,1,1,1,1785490790
2026-07-31T09:40:21Z,1228,17,1,11,1,0,1,1,1,1785490473
2026-07-31T09:40:21Z,1229,35,0,10,0,0,1,1,1,1785490771
2026-07-31T09:45:21Z,1,0,0,23,0,0,1,1,1,1785485488
2026-07-31T09:45:21Z,2,23,0,1,3,0,1,1,1,1785489989
2026-07-31T09:45:21Z,3,9,0,4,1,0,1,1,1,1785485488
2026-07-31T09:45:21Z,4,1,0,20,1,0,1,1,1,1785487895
2026-07-31T09:45:21Z,5,9,3,13,1,0,1,1,1,1785484887
2026-07-31T09:45:21Z,6,6,2,9,0,0,1,1,1,1785486991
2026-07-31T09:45:21Z,7,1,1,38,0,0,1,1,1,1785487290
2026-07-31T09:45:21Z,8,0,0,43,0,0,1,1,1,1785487014
2026-07-31T09:45:21Z,9,0,0,22,1,0,1,1,1,1785487593
2026-07-31T09:45:21Z,10,3,1,18,2,0,1,1,1,1785488230
2026-07-31T09:45:21Z,11,15,6,3,1,0,1,1,1,1785490019
2026-07-31T09:45:21Z,12,0,0,23,0,0,1,1,1,1785490105
2026-07-31T09:45:21Z,13,11,0,19,0,0,1,1,1,1785488834
2026-07-31T09:45:21Z,14,2,0,40,0,1,1,1,1,1785490856
2026-07-31T09:45:21Z,15,3,0,12,0,0,1,1,1,1785488861
2026-07-31T09:45:21Z,16,8,0,16,2,1,1,1,1,1785487292
2026-07-31T09:45:21Z,17,8,0,18,1,0,1,1,1,1785488377
2026-07-31T09:45:21Z,18,7,0,9,2,0,1,1,1,1785488039
2026-07-31T09:45:21Z,19,6,0,20,1,0,1,1,1,1785490944
2026-07-31T09:45:21Z,20,32,0,3,0,0,1,1,1,1785485188
2026-07-31T09:45:21Z,21,1,0,17,1,0,1,1,1,1785484888
2026-07-31T09:45:21Z,22,19,0,45,1,0,1,1,1,1785490884
2026-07-31T09:45:21Z,23,10,5,21,0,0,1,1,1,1785487895
2026-07-31T09:45:21Z,24,0,0,9,2,0,1,1,1,1785491117
2026-07-31T09:45:21Z,25,1,1,79,0,1,1,1,1,1785490850
2026-07-31T09:45:21Z,26,0,0,27,0,0,1,1,1,1785485188
2026-07-31T09:45:21Z,28,15,3,0,0,0,1,1,1,1785486991
2026-07-31T09:45:21Z,30,1,0,27,1,0,1,1,1,1785486089
2026-07-31T09:45:21Z,31,0,0,17,2,0,1,1,1,1785490965
2026-07-31T09:45:21Z,32,24,4,3,0,0,1,1,1,1785487895
2026-07-31T09:45:21Z,34,1,0,35,1,0,1,1,1,1785490647
2026-07-31T09:45:21Z,35,2,1,44,1,0,1,1,1,1785486762
2026-07-31T09:45:21Z,36,0,0,0,0,0,0,1,1,86400
2026-07-31T09:45:21Z,37,0,0,23,0,0,1,1,1,1785487041
2026-07-31T09:45:21Z,38,1,0,22,0,0,1,1,1,1785490318
2026-07-31T09:45:21Z,39,24,6,15,0,0,1,1,1,1785490063
2026-07-31T09:45:21Z,40,13,0,7,1,0,1,1,1,1785485488
2026-07-31T09:45:21Z,41,1,0,41,1,0,1,1,1,1785488255
2026-07-31T09:45:21Z,42,31,8,0,0,0,1,1,1,1785472558
2026-07-31T09:45:21Z,43,5,0,18,0,0,1,1,1,1785490390
2026-07-31T09:45:21Z,45,1,0,27,1,0,1,1,1,1785485789
2026-07-31T09:45:21Z,46,13,2,18,0,0,1,1,1,1785485708
2026-07-31T09:45:21Z,47,13,5,1,1,0,1,1,1,1785489312
2026-07-31T09:45:21Z,48,20,0,7,0,0,1,1,1,1785487579
2026-07-31T09:45:21Z,49,5,0,15,3,0,1,1,1,1785491113
2026-07-31T09:45:21Z,50,1,1,18,0,0,1,1,1,1785488641
2026-07-31T09:45:21Z,51,68,0,9,0,0,1,1,1,1785487292
2026-07-31T09:45:21Z,52,0,0,24,3,0,1,1,1,1785491021
2026-07-31T09:45:21Z,55,1,1,22,0,0,1,1,1,1785487781
2026-07-31T09:45:21Z,56,0,0,43,0,0,1,1,1,1785487593
2026-07-31T09:45:21Z,57,0,0,27,0,0,1,1,1,1785486089
2026-07-31T09:45:21Z,58,0,0,28,0,0,1,1,1,1785489985
2026-07-31T09:45:21Z,59,0,0,25,2,0,1,1,1,1785490857
2026-07-31T09:45:21Z,61,1,1,38,0,0,1,1,1,1785490335
2026-07-31T09:45:21Z,62,2,0,46,1,0,1,1,1,1785491075
2026-07-31T09:45:21Z,63,14,0,5,0,0,1,1,1,1785486089
2026-07-31T09:45:21Z,64,9,0,6,4,0,1,1,1,1785486992
2026-07-31T09:45:21Z,65,17,7,1,1,0,1,1,1,1785487593
2026-07-31T09:45:21Z,67,17,0,22,0,0,1,1,1,1785485188
2026-07-31T09:45:21Z,68,0,0,37,0,0,1,1,1,1785488201
2026-07-31T09:45:21Z,69,15,2,0,0,0,1,1,1,1785485188
2026-07-31T09:45:21Z,71,1,0,25,1,0,1,1,1,1785490035
2026-07-31T09:45:21Z,72,18,5,11,2,0,1,1,1,1785490995
2026-07-31T09:45:21Z,73,0,0,31,0,0,1,1,1,1785488201
2026-07-31T09:45:21Z,74,13,6,6,0,0,1,1,1,1785489103
2026-07-31T09:45:21Z,75,0,0,31,1,0,1,1,1,1785487292
2026-07-31T09:45:21Z,76,18,0,0,1,0,1,1,1,1785491111
2026-07-31T09:45:21Z,77,24,1,2,1,0,1,1,1,1785488624
2026-07-31T09:45:21Z,78,9,4,13,1,0,1,1,1,1785490382
2026-07-31T09:45:21Z,79,4,3,12,1,0,1,1,1,1785491109
2026-07-31T09:45:21Z,80,18,0,2,3,0,1,1,1,1785491087
2026-07-31T09:45:21Z,81,5,0,26,0,0,1,1,1,1785486390
2026-07-31T09:45:21Z,82,12,0,11,0,0,1,1,1,1785486690
2026-07-31T09:45:21Z,83,6,1,27,1,0,1,1,1,1785490937
2026-07-31T09:45:21Z,84,27,0,0,0,0,1,1,1,1785487883
2026-07-31T09:45:21Z,85,1,1,14,0,0,1,1,1,1785486991
2026-07-31T09:45:21Z,86,25,0,1,1,0,1,1,1,1785486691
2026-07-31T09:45:21Z,87,10,0,9,0,0,1,1,1,1785488201
2026-07-31T09:45:21Z,88,1,0,41,1,0,1,1,1,1785490680
2026-07-31T09:45:21Z,89,22,0,13,0,0,1,1,1,1785487292
2026-07-31T09:45:21Z,90,6,2,10,2,0,1,1,1,1785490958
2026-07-31T09:45:21Z,91,13,0,4,0,0,1,1,1,1785490693
2026-07-31T09:45:21Z,92,10,4,6,3,0,1,1,1,1785491114
2026-07-31T09:45:21Z,93,0,0,23,0,0,1,1,1,1785486390
2026-07-31T09:45:21Z,94,2,0,16,1,0,1,1,1,1785486390
2026-07-31T09:45:21Z,95,25,2,8,1,1,1,1,1,1785491116
2026-07-31T09:45:21Z,96,29,0,1,1,0,1,1,1,1785488201
2026-07-31T09:45:21Z,97,0,0,16,1,0,1,1,1,1785490925
2026-07-31T09:45:21Z,98,19,0,15,1,0,1,1,1,1785486089
2026-07-31T09:45:21Z,99,4,2,11,0,0,1,1,1,1785486802
2026-07-31T09:45:21Z,100,1,0,26,0,0,1,1,1,1785488201
2026-07-31T09:45:21Z,101,1,0,13,1,0,1,1,1,1785485789
2026-07-31T09:45:21Z,102,0,0,23,0,0,1,1,1,1785487553
2026-07-31T09:45:21Z,103,5,0,25,0,0,1,1,1,1785489200
2026-07-31T09:45:21Z,104,0,0,25,2,0,1,1,1,1785491110
2026-07-31T09:45:21Z,105,16,1,3,0,0,1,1,1,1785486390
2026-07-31T09:45:21Z,106,1,0,20,0,0,1,1,1,1785490634
2026-07-31T09:45:21Z,107,0,0,37,0,0,1,1,1,1785485489
2026-07-31T09:45:21Z,108,15,1,20,0,0,1,1,1,1785489455
2026-07-31T09:45:21Z,109,7,0,16,0,0,1,1,1,1785489961
2026-07-31T09:45:21Z,110,14,2,9,0,0,1,1,1,1785488165
2026-07-31T09:45:21Z,111,1,0,35,0,0,1,1,1,1785490951
2026-07-31T09:45:21Z,112,4,0,10,1,0,1,1,1,1785490423
2026-07-31T09:45:21Z,113,4,0,12,3,0,1,1,1,1785491111
2026-07-31T09:45:21Z,114,6,6,23,1,1,1,1,1,1785490819
2026-07-31T09:45:21Z,115,3,1,23,2,0,1,1,1,1785479033
2026-07-31T09:45:21Z,116,3,3,23,1,0,1,1,1,1785487594
2026-07-31T09:45:21Z,118,20,9,0,3,0,1,1,1,1785490019
2026-07-31T09:45:21Z,119,32,2,2,4,0,1,1,1,1785489175
2026-07-31T09:45:21Z,120,22,1,4,1,0,1,1,1,1785491101
2026-07-31T09:45:21Z,121,6,2,12,0,1,1,1,1,1785490878
2026-07-31T09:45:21Z,122,11,0,9,1,0,1,1,1,1785490756
2026-07-31T09:45:21Z,123,8,1,39,0,0,1,1,1,1785485188
2026-07-31T09:45:21Z,124,32,1,3,0,0,1,1,1,1785486746
2026-07-31T09:45:21Z,125,6,2,17,0,0,1,1,1,1785490205
2026-07-31T09:45:21Z,126,25,2,6,0,0,1,1,1,1785491001
2026-07-31T09:45:21Z,127,8,0,25,2,0,1,1,1,1785490912
2026-07-31T09:45:21Z,128,17,1,2,0,0,1,1,1,1785490685
2026-07-31T09:45:21Z,129,17,1,0,2,0,1,1,1,1785486089
2026-07-31T09:45:21Z,130,5,1,12,0,0,1,1,1,1785490452
2026-07-31T09:45:21Z,131,9,3,0,2,0,1,1,1,1785490792
2026-07-31T09:45:21Z,132,13,6,1,0,1,1,1,1,1785490417
2026-07-31T09:45:21Z,134,5,0,13,5,0,1,1,1,1785490946
2026-07-31T09:45:21Z,135,8,4,10,1,0,1,1,1,1785488917
2026-07-31T09:45:21Z,136,7,0,8,1,7,1,1,1,1785491004
2026-07-31T09:45:21Z,137,8,2,11,0,0,1,1,1,1785490163
2026-07-31T09:45:21Z,138,35,2,2,0,0,1,1,1,1785491096
2026-07-31T09:45:21Z,139,18,4,1,0,0,1,1,1,1785490729
2026-07-31T09:45:21Z,140,18,9,3,2,0,1,1,1,1785491117
2026-07-31T09:45:21Z,141,31,1,5,0,0,1,1,1,1785485909
2026-07-31T09:45:21Z,142,23,1,0,0,0,1,1,1,1785490160
2026-07-31T09:45:21Z,143,13,3,17,1,0,1,1,1,1785487895
2026-07-31T09:45:21Z,144,23,1,4,0,0,1,1,1,1785486390
2026-07-31T09:45:21Z,146,8,1,14,1,0,1,1,1,1785486463
2026-07-31T09:45:21Z,147,9,2,8,2,0,1,1,1,1785491095
2026-07-31T09:45:21Z,148,24,0,2,0,1,1,1,1,1785490865
2026-07-31T09:45:21Z,149,17,4,9,1,0,1,1,1,1785489364
2026-07-31T09:45:21Z,150,31,7,2,2,0,1,1,1,1785491110
2026-07-31T09:45:21Z,151,22,7,1,0,0,1,1,1,1785485600
2026-07-31T09:45:21Z,152,20,1,3,4,0,1,1,1,1785491113
2026-07-31T09:45:21Z,153,12,1,13,6,0,1,1,1,1785490919
2026-07-31T09:45:21Z,154,14,3,6,3,0,1,1,1,1785491100
2026-07-31T09:45:21Z,155,10,4,3,1,0,1,1,1,1785490914
2026-07-31T09:45:21Z,156,15,1,4,0,0,1,1,1,1785489085
2026-07-31T09:45:21Z,157,15,0,10,2,0,1,1,1,1785490943
2026-07-31T09:45:21Z,158,16,2,0,0,0,1,1,1,1785488201
2026-07-31T09:45:21Z,159,5,2,14,0,0,1,1,1,1785488201
2026-07-31T09:45:21Z,160,19,1,0,0,0,1,1,1,1785487895
2026-07-31T09:45:21Z,161,17,3,5,0,0,1,1,1,1785491045
2026-07-31T09:45:21Z,162,10,0,16,1,0,1,1,1,1785488396
2026-07-31T09:45:21Z,163,30,3,1,0,0,1,1,1,1785489189
2026-07-31T09:45:21Z,164,25,7,2,0,0,1,1,1,1785486691
2026-07-31T09:45:21Z,165,21,10,9,1,0,1,1,1,1785490458
2026-07-31T09:45:21Z,166,32,8,3,4,0,1,1,1,1785491117
2026-07-31T09:45:21Z,167,20,9,1,2,0,1,1,1,1785489960
2026-07-31T09:45:21Z,168,20,0,6,1,0,1,1,1,1785490900
2026-07-31T09:45:21Z,169,1,0,21,0,1,1,1,1,1785487293
2026-07-31T09:45:21Z,170,17,4,0,2,0,1,1,1,1785488379
2026-07-31T09:45:21Z,171,10,3,1,2,0,1,1,1,1785491098
2026-07-31T09:45:21Z,173,37,0,2,0,0,1,1,1,1785490623
2026-07-31T09:45:21Z,174,22,1,2,2,0,1,1,1,1785487895
2026-07-31T09:45:21Z,175,8,0,23,0,0,1,1,1,1785491110
2026-07-31T09:45:21Z,176,3,1,11,0,1,1,1,1,1785491032
2026-07-31T09:45:21Z,177,19,1,8,0,0,1,1,1,1785490600
2026-07-31T09:45:21Z,178,2,0,10,2,1,1,1,1,1785491112
2026-07-31T09:45:21Z,179,11,1,3,1,0,1,1,1,1785486089
2026-07-31T09:45:21Z,180,27,0,3,0,0,1,1,1,1785487594
2026-07-31T09:45:21Z,181,12,1,2,1,0,1,1,1,1785489531
2026-07-31T09:45:21Z,182,15,1,2,0,0,1,1,1,1785489885
2026-07-31T09:45:21Z,183,15,0,8,0,0,1,1,1,1785489730
2026-07-31T09:45:21Z,184,0,0,22,1,0,1,1,1,1785488157
2026-07-31T09:45:21Z,185,12,1,0,2,1,1,1,1,1785484888
2026-07-31T09:45:21Z,186,4,1,15,0,0,1,1,1,1785487895
2026-07-31T09:45:21Z,187,8,0,19,1,0,1,1,1,1785490132
2026-07-31T09:45:21Z,188,12,0,7,8,0,1,1,1,1785491077
2026-07-31T09:45:21Z,189,15,4,0,0,0,1,1,1,1785487895
2026-07-31T09:45:21Z,190,4,1,19,0,0,1,1,1,1785488585
2026-07-31T09:45:21Z,191,2,1,37,0,0,1,1,1,1785486690
2026-07-31T09:45:21Z,192,12,4,16,3,0,1,1,1,1785486089
2026-07-31T09:45:21Z,193,1,0,14,0,0,1,1,1,1785490688
2026-07-31T09:45:21Z,194,17,1,9,1,0,1,1,1,1785486691
2026-07-31T09:45:21Z,195,12,1,5,2,0,1,1,1,1785487594
2026-07-31T09:45:21Z,196,24,1,0,3,0,1,1,1,1785491026
2026-07-31T09:45:21Z,197,16,3,1,1,1,1,1,1,1785489625
2026-07-31T09:45:21Z,198,20,16,3,0,0,1,1,1,1785491110
2026-07-31T09:45:21Z,199,6,5,6,3,0,1,1,1,1785489674
2026-07-31T09:45:21Z,200,15,0,10,1,0,1,1,1,1785486390
2026-07-31T09:45:21Z,201,7,3,16,0,0,1,1,1,1785490142
2026-07-31T09:45:21Z,202,0,0,27,0,0,1,1,1,1785486691
2026-07-31T09:45:21Z,203,26,3,4,1,0,1,1,1,1785487252
2026-07-31T09:45:21Z,204,30,1,4,1,0,1,1,1,1785490206
2026-07-31T09:45:21Z,205,13,1,14,0,0,1,1,1,1785488894
2026-07-31T09:45:21Z,206,1,1,13,1,0,1,1,1,1785486448
2026-07-31T09:45:21Z,207,13,0,8,0,0,1,1,1,1785489325
2026-07-31T09:45:21Z,208,2,0,27,0,0,1,1,1,1785486390
2026-07-31T09:45:21Z,209,6,0,22,3,0,1,1,1,1785491109
2026-07-31T09:45:21Z,210,23,2,4,0,0,1,1,1,1785485488
2026-07-31T09:45:21Z,211,14,6,8,1,0,1,1,1,1785490780
2026-07-31T09:45:21Z,212,25,0,9,1,0,1,1,1,1785491013
2026-07-31T09:45:21Z,213,12,1,9,2,0,1,1,1,1785490819
2026-07-31T09:45:21Z,214,29,0,14,4,0,1,1,1,1785490284
2026-07-31T09:45:21Z,215,6,2,16,1,0,1,1,1,1785490465
2026-07-31T09:45:21Z,216,9,0,9,1,0,1,1,1,1785487593
2026-07-31T09:45:21Z,217,9,0,19,1,0,1,1,1,1785490861
2026-07-31T09:45:21Z,218,20,5,17,2,0,1,1,1,1785489912
2026-07-31T09:45:21Z,219,1,1,24,1,0,1,1,1,1785489320
2026-07-31T09:45:21Z,220,24,7,17,1,1,1,1,1,1785484887
2026-07-31T09:45:21Z,221,12,8,2,1,0,1,1,1,1785489668
2026-07-31T09:45:21Z,222,15,11,2,2,0,1,1,1,1785490771
2026-07-31T09:45:21Z,223,8,3,24,3,0,1,1,1,1785491118
2026-07-31T09:45:21Z,224,7,5,14,1,0,1,1,1,1785487750
2026-07-31T09:45:21Z,225,10,0,3,6,0,1,1,1,1785487206
2026-07-31T09:45:21Z,226,30,10,1,0,0,1,1,1,1785489438
2026-07-31T09:45:21Z,227,19,13,7,0,1,1,1,1,1785485181
2026-07-31T09:45:21Z,228,1,0,17,1,0,1,1,1,1785484888
2026-07-31T09:45:21Z,230,16,9,10,0,0,1,1,1,1785486691
2026-07-31T09:45:21Z,232,13,6,3,1,0,1,1,1,1785486390
2026-07-31T09:45:21Z,233,19,0,10,2,0,1,1,1,1785487026
2026-07-31T09:45:21Z,234,7,3,7,3,2,1,1,1,1785491043
2026-07-31T09:45:21Z,236,14,3,5,0,0,1,1,1,1785486991
2026-07-31T09:45:21Z,237,21,4,1,1,0,1,1,1,1785489236
2026-07-31T09:45:21Z,239,23,18,1,3,0,1,1,1,1785486691
2026-07-31T09:45:21Z,241,18,6,5,0,0,1,1,1,1785490525
2026-07-31T09:45:21Z,242,1,1,21,1,0,1,1,1,1785487593
2026-07-31T09:45:21Z,243,10,0,20,1,0,1,1,1,1785491059
2026-07-31T09:45:21Z,244,13,1,13,1,0,1,1,1,1785488405
2026-07-31T09:45:21Z,245,6,4,17,0,0,1,1,1,1785490437
2026-07-31T09:45:21Z,246,13,0,10,0,0,1,1,1,1785487895
2026-07-31T09:45:21Z,247,12,10,10,1,0,1,1,1,1785488201
2026-07-31T09:45:21Z,248,18,3,2,3,0,1,1,1,1785490306
2026-07-31T09:45:21Z,249,2,0,17,0,0,1,1,1,1785488201
2026-07-31T09:45:21Z,250,23,5,4,0,0,1,1,1,1785487895
2026-07-31T09:45:21Z,251,22,5,2,3,0,1,1,1,1785486991
2026-07-31T09:45:21Z,253,7,4,11,1,0,1,1,1,1785488201
2026-07-31T09:45:21Z,254,26,21,16,1,0,1,1,1,1785485789
2026-07-31T09:45:21Z,255,5,0,17,0,1,1,1,1,1785491024
2026-07-31T09:45:21Z,256,9,4,12,2,0,1,1,1,1785490433
2026-07-31T09:45:21Z,257,13,5,5,1,0,1,1,1,1785489536
2026-07-31T09:45:21Z,258,1,0,18,0,0,1,1,1,1785482036
2026-07-31T09:45:21Z,259,20,3,2,0,1,1,1,1,1785490854
2026-07-31T09:45:21Z,260,14,4,2,3,0,1,1,1,1785486424
2026-07-31T09:45:21Z,261,15,0,2,1,1,1,1,1,1785489370
2026-07-31T09:45:21Z,262,20,11,3,0,0,1,1,1,1785490512
2026-07-31T09:45:21Z,263,13,3,2,0,0,1,1,1,1785489158
2026-07-31T09:45:21Z,264,18,6,0,1,0,1,1,1,1785488201
2026-07-31T09:45:21Z,265,14,0,1,0,0,1,1,1,1785490183
2026-07-31T09:45:21Z,266,16,7,0,3,0,1,1,1,1785488864
2026-07-31T09:45:21Z,267,7,3,6,2,0,1,1,1,1785484888
2026-07-31T09:45:21Z,268,23,9,0,0,0,1,1,1,1785484887
2026-07-31T09:45:21Z,269,10,4,12,1,0,1,1,1,1785490639
2026-07-31T09:45:21Z,270,25,3,2,0,0,1,1,1,1785485188
2026-07-31T09:45:21Z,271,0,0,17,2,0,1,1,1,1785486991
2026-07-31T09:45:21Z,272,13,13,9,1,0,1,1,1,1785486390
2026-07-31T09:45:21Z,273,14,5,1,0,0,1,1,1,1785484888
2026-07-31T09:45:21Z,274,17,7,1,1,0,1,1,1,1785490514
2026-07-31T09:45:21Z,275,13,0,6,2,2,1,1,1,1785490840
2026-07-31T09:45:21Z,276,1,0,26,0,0,1,1,1,1785486991
2026-07-31T09:45:21Z,277,12,1,6,5,0,1,1,1,1785488201
2026-07-31T09:45:21Z,278,23,2,5,2,1,1,1,1,1785487967
2026-07-31T09:45:21Z,279,17,0,2,0,0,1,1,1,1785487347
2026-07-31T09:45:21Z,280,9,1,20,2,0,1,1,1,1785491018
2026-07-31T09:45:21Z,281,19,0,0,0,0,1,1,1,1785486089
2026-07-31T09:45:21Z,282,5,2,13,0,0,1,1,1,1785484887
2026-07-31T09:45:21Z,283,34,1,1,0,0,1,1,1,1785486992
2026-07-31T09:45:21Z,284,18,4,15,2,0,1,1,1,1785488133
2026-07-31T09:45:21Z,285,8,7,15,0,0,1,1,1,1785485188
2026-07-31T09:45:21Z,286,16,15,2,5,0,1,1,1,1785488250
2026-07-31T09:45:21Z,287,13,4,7,3,0,1,1,1,1785484887
2026-07-31T09:45:21Z,288,14,10,5,0,0,1,1,1,1785486991
2026-07-31T09:45:21Z,289,24,3,0,3,0,1,1,1,1785488202
2026-07-31T09:45:21Z,290,7,0,31,1,0,1,1,1,1785486991
2026-07-31T09:45:21Z,291,10,2,11,2,0,1,1,1,1785490741
2026-07-31T09:45:21Z,292,22,0,1,0,0,1,1,1,1785485789
2026-07-31T09:45:21Z,293,17,10,6,0,0,1,1,1,1785486991
2026-07-31T09:45:21Z,294,0,0,21,1,0,1,1,1,1785486991
2026-07-31T09:45:21Z,297,11,1,5,2,1,1,1,1,1785488298
2026-07-31T09:45:21Z,301,17,1,2,0,0,1,1,1,1785486691
2026-07-31T09:45:21Z,302,0,0,23,0,0,1,1,1,1785486991
2026-07-31T09:45:21Z,303,19,0,0,0,0,1,1,1,1785485188
2026-07-31T09:45:21Z,304,0,0,0,0,0,0,1,1,86400
2026-07-31T09:45:21Z,305,19,0,0,0,0,1,1,1,1785485188
2026-07-31T09:45:21Z,306,2,0,29,1,0,1,1,1,1785485188
2026-07-31T09:45:21Z,307,18,1,3,1,1,1,1,1,1785491007
2026-07-31T09:45:21Z,308,14,0,3,2,0,1,1,1,1785485188
2026-07-31T09:45:21Z,309,13,3,0,1,0,1,1,1,1785488427
2026-07-31T09:45:21Z,311,15,0,0,0,0,1,1,1,1785486992
2026-07-31T09:45:21Z,312,6,3,12,4,1,1,1,1,1785490833
2026-07-31T09:45:21Z,313,3,1,12,0,0,1,1,1,1785486991
2026-07-31T09:45:21Z,314,4,3,11,3,0,1,1,1,1785486991
2026-07-31T09:45:21Z,315,23,6,6,2,0,1,1,1,1785491108
2026-07-31T09:45:21Z,316,4,1,20,6,1,1,1,1,1785491027
2026-07-31T09:45:21Z,317,0,0,30,0,1,1,1,1,1785490993
2026-07-31T09:45:21Z,318,16,0,3,0,0,1,1,1,1785486991
2026-07-31T09:45:21Z,319,17,3,5,1,0,1,1,1,1785490975
2026-07-31T09:45:21Z,320,18,5,0,1,0,1,1,1,1785491087
2026-07-31T09:45:21Z,321,8,1,7,4,0,1,1,1,1785490939
2026-07-31T09:45:21Z,322,4,1,24,1,0,1,1,1,1785489880
2026-07-31T09:45:21Z,323,8,0,11,0,0,1,1,1,1785487292
2026-07-31T09:45:21Z,324,7,2,19,1,0,1,1,1,1785491110
2026-07-31T09:45:21Z,325,4,3,21,2,0,1,1,1,1785489487
2026-07-31T09:45:21Z,327,26,0,0,1,0,1,1,1,1785489831
2026-07-31T09:45:21Z,328,20,0,1,1,0,1,1,1,1785484794
2026-07-31T09:45:21Z,329,17,0,0,2,0,1,1,1,1785487643
2026-07-31T09:45:21Z,330,3,0,19,0,0,1,1,1,1785485188
2026-07-31T09:45:21Z,331,12,3,10,1,0,1,1,1,1785487675
2026-07-31T09:45:21Z,332,10,3,7,2,0,1,1,1,1785487292
2026-07-31T09:45:21Z,333,2,1,20,1,0,1,1,1,1785487896
2026-07-31T09:45:21Z,334,11,8,12,0,0,1,1,1,1785487804
2026-07-31T09:45:21Z,335,3,2,18,1,1,1,1,1,1785487292
2026-07-31T09:45:21Z,336,18,2,1,0,0,1,1,1,1785487293
2026-07-31T09:45:21Z,337,17,3,1,5,0,1,1,1,1785491005
2026-07-31T09:45:21Z,338,17,8,2,0,0,1,1,1,1785487389
2026-07-31T09:45:21Z,339,21,11,1,1,0,1,1,1,1785490259
2026-07-31T09:45:21Z,340,12,11,2,1,0,1,1,1,1785490818
2026-07-31T09:45:21Z,341,11,4,8,0,0,1,1,1,1785487352
2026-07-31T09:45:21Z,342,12,6,1,2,0,1,1,1,1785490143
2026-07-31T09:45:21Z,343,21,1,1,1,0,1,1,1,1785487543
2026-07-31T09:45:21Z,344,23,9,0,0,0,1,1,1,1785488186
2026-07-31T09:45:21Z,345,19,3,0,0,0,1,1,1,1785487292
2026-07-31T09:45:21Z,346,9,6,14,0,0,1,1,1,1785489426
2026-07-31T09:45:21Z,347,0,0,42,2,0,1,1,1,1785491109
2026-07-31T09:45:21Z,348,21,3,0,1,1,1,1,1,1785490943
2026-07-31T09:45:21Z,349,6,1,13,0,0,1,1,1,1785487293
2026-07-31T09:45:21Z,350,24,3,1,1,1,1,1,1,1785487293
2026-07-31T09:45:21Z,351,20,3,0,3,0,1,1,1,1785490934
2026-07-31T09:45:21Z,355,21,0,2,0,0,1,1,1,1785490901
2026-07-31T09:45:21Z,356,18,2,1,0,0,1,1,1,1785487896
2026-07-31T09:45:21Z,357,13,4,6,0,0,1,1,1,1785485188
2026-07-31T09:45:21Z,358,24,4,2,1,0,1,1,1,1785487594
2026-07-31T09:45:21Z,359,20,0,7,0,0,1,1,1,1785489979
2026-07-31T09:45:21Z,360,16,4,1,2,0,1,1,1,1785487594
2026-07-31T09:45:21Z,362,17,5,0,2,0,1,1,1,1785487292
2026-07-31T09:45:21Z,363,2,0,25,0,0,1,1,1,1785489580
2026-07-31T09:45:21Z,364,19,3,0,0,0,1,1,1,1785487896
2026-07-31T09:45:21Z,365,15,4,5,3,0,1,1,1,1785491063
2026-07-31T09:45:21Z,366,14,8,2,7,0,1,1,1,1785491051
2026-07-31T09:45:21Z,367,15,8,2,2,0,1,1,1,1785491056
2026-07-31T09:45:21Z,368,20,3,1,2,0,1,1,1,1785486991
2026-07-31T09:45:21Z,370,14,7,13,0,0,1,1,1,1785490886
2026-07-31T09:45:21Z,371,4,2,14,1,0,1,1,1,1785484735
2026-07-31T09:45:21Z,372,8,2,7,0,0,1,1,1,1785487594
2026-07-31T09:45:21Z,373,24,8,3,0,0,1,1,1,1785486433
2026-07-31T09:45:21Z,374,17,7,0,2,0,1,1,1,1785490982
2026-07-31T09:45:21Z,375,20,5,4,3,0,1,1,1,1785487593
2026-07-31T09:45:21Z,376,27,3,7,5,0,1,1,1,1785490526
2026-07-31T09:45:21Z,377,25,9,2,0,0,1,1,1,1785487594
2026-07-31T09:45:21Z,378,21,5,1,1,1,1,1,1,1785490895
2026-07-31T09:45:21Z,379,15,0,12,0,0,1,1,1,1785490393
2026-07-31T09:45:21Z,380,22,7,0,1,0,1,1,1,1785489276
2026-07-31T09:45:21Z,381,14,0,9,0,0,1,1,1,1785488686
2026-07-31T09:45:21Z,383,13,0,0,2,0,1,1,1,1785490079
2026-07-31T09:45:21Z,384,26,1,0,1,0,1,1,1,1785487594
2026-07-31T09:45:21Z,385,14,2,2,2,0,1,1,1,1785487594
2026-07-31T09:45:21Z,387,21,2,2,0,0,1,1,1,1785490060
2026-07-31T09:45:21Z,388,16,3,33,0,0,1,1,1,1785485188
2026-07-31T09:45:21Z,389,9,8,6,0,0,1,1,1,1785487293
2026-07-31T09:45:21Z,390,16,0,19,0,0,1,1,1,1785489336
2026-07-31T09:45:21Z,391,4,0,10,1,0,1,1,1,1785487292
2026-07-31T09:45:21Z,392,3,3,15,1,0,1,1,1,1785490846
2026-07-31T09:45:21Z,393,3,3,5,3,0,1,1,1,1785487292
2026-07-31T09:45:21Z,394,9,6,2,2,0,1,1,1,1785487594
2026-07-31T09:45:21Z,396,7,7,32,3,0,1,1,1,1785487595
2026-07-31T09:45:21Z,397,4,4,27,0,0,1,1,1,1785488201
2026-07-31T09:45:21Z,399,12,1,3,2,0,1,1,1,1785490391
2026-07-31T09:45:21Z,400,11,6,9,3,0,1,1,1,1785491087
2026-07-31T09:45:21Z,401,9,0,22,8,0,1,1,1,1785490115
2026-07-31T09:45:21Z,403,3,0,26,2,0,1,1,1,1785490965
2026-07-31T09:45:21Z,404,2,1,20,1,0,1,1,1,1785486690
2026-07-31T09:45:21Z,406,2,0,32,1,0,1,1,1,1785486993
2026-07-31T09:45:21Z,407,16,3,17,1,0,1,1,1,1785484887
2026-07-31T09:45:21Z,408,13,2,19,1,0,1,1,1,1785490525
2026-07-31T09:45:21Z,409,0,0,20,3,0,1,1,1,1785488970
2026-07-31T09:45:21Z,413,20,5,1,2,0,1,1,1,1785490104
2026-07-31T09:45:21Z,414,13,4,1,1,0,1,1,1,1785485488
2026-07-31T09:45:21Z,417,11,6,7,1,0,1,1,1,1785491073
2026-07-31T09:45:21Z,418,1,0,14,0,0,1,1,1,1785490913
2026-07-31T09:45:21Z,419,10,0,12,1,0,1,1,1,1785487895
2026-07-31T09:45:21Z,421,1,0,18,0,0,1,1,1,1785488201
2026-07-31T09:45:21Z,422,3,3,23,1,0,1,1,1,1785490175
2026-07-31T09:45:21Z,423,5,1,18,0,0,1,1,1,1785490296
2026-07-31T09:45:21Z,424,3,1,9,3,0,1,1,1,1785490811
2026-07-31T09:45:21Z,425,20,0,1,0,1,1,1,1,1785485489
2026-07-31T09:45:21Z,426,0,0,35,2,0,1,1,1,1785490002
2026-07-31T09:45:21Z,427,14,1,0,1,0,1,1,1,1785491015
2026-07-31T09:45:21Z,428,15,1,4,0,0,1,1,1,1785491038
2026-07-31T09:45:21Z,429,1,0,20,2,0,1,1,1,1785488273
2026-07-31T09:45:21Z,430,28,0,0,3,0,1,1,1,1785485488
2026-07-31T09:45:21Z,431,15,0,17,1,0,1,1,1,1785488642
2026-07-31T09:45:21Z,432,18,0,11,2,0,1,1,1,1785490634
2026-07-31T09:45:21Z,433,19,6,3,1,0,1,1,1,1785488201
2026-07-31T09:45:21Z,437,3,1,15,1,0,1,1,1,1785487897
2026-07-31T09:45:21Z,438,17,0,1,1,0,1,1,1,1785490819
2026-07-31T09:45:21Z,439,4,0,11,0,0,1,1,1,1785490818
2026-07-31T09:45:21Z,440,13,1,0,2,0,1,1,1,1785488201
2026-07-31T09:45:21Z,441,10,2,4,1,0,1,1,1,1785485488
2026-07-31T09:45:21Z,442,17,9,1,1,0,1,1,1,1785487895
2026-07-31T09:45:21Z,443,4,2,23,0,0,1,1,1,1785485488
2026-07-31T09:45:21Z,444,2,2,21,0,0,1,1,1,1785485488
2026-07-31T09:45:21Z,445,7,2,15,1,0,1,1,1,1785491044
2026-07-31T09:45:21Z,446,1,1,21,1,0,1,1,1,1785487896
2026-07-31T09:45:21Z,447,3,0,18,1,1,1,1,1,1785485488
2026-07-31T09:45:21Z,448,9,4,5,1,0,1,1,1,1785487895
2026-07-31T09:45:21Z,452,8,6,10,1,0,1,1,1,1785487661
2026-07-31T09:45:21Z,453,5,5,9,1,0,1,1,1,1785489638
2026-07-31T09:45:21Z,454,9,0,10,0,0,1,1,1,1785489971
2026-07-31T09:45:21Z,455,0,0,39,0,0,1,1,1,1785487895
2026-07-31T09:45:21Z,456,9,0,10,1,0,1,1,1,1785490976
2026-07-31T09:45:21Z,457,25,2,0,2,0,1,1,1,1785487895
2026-07-31T09:45:21Z,458,14,6,9,0,0,1,1,1,1785490753
2026-07-31T09:45:21Z,459,15,0,0,0,0,1,1,1,1785485789
2026-07-31T09:45:21Z,460,18,2,4,1,0,1,1,1,1785490370
2026-07-31T09:45:21Z,461,5,1,14,0,0,1,1,1,1785487878
2026-07-31T09:45:21Z,462,8,0,13,0,0,1,1,1,1785490583
2026-07-31T09:45:21Z,463,13,1,6,0,0,1,1,1,1785487897
2026-07-31T09:45:21Z,464,3,1,11,0,0,1,1,1,1785485789
2026-07-31T09:45:21Z,465,0,0,14,1,0,1,1,1,1785485789
2026-07-31T09:45:21Z,466,11,3,2,2,0,1,1,1,1785485789
2026-07-31T09:45:21Z,467,5,1,13,1,0,1,1,1,1785471818
2026-07-31T09:45:21Z,468,17,1,1,1,0,1,1,1,1785485789
2026-07-31T09:45:21Z,469,2,1,21,0,0,1,1,1,1785487896
2026-07-31T09:45:21Z,470,13,1,0,2,0,1,1,1,1785490821
2026-07-31T09:45:21Z,471,22,2,5,0,0,1,1,1,1785487895
2026-07-31T09:45:21Z,472,18,6,0,1,0,1,1,1,1785491097
2026-07-31T09:45:21Z,473,19,5,0,0,0,1,1,1,1785485789
2026-07-31T09:45:21Z,474,16,0,3,0,0,1,1,1,1785488959
2026-07-31T09:45:21Z,475,4,1,14,1,0,1,1,1,1785490904
2026-07-31T09:45:21Z,477,10,7,4,1,0,1,1,1,1785490289
2026-07-31T09:45:21Z,478,6,0,24,1,0,1,1,1,1785485789
2026-07-31T09:45:21Z,479,1,1,25,1,0,1,1,1,1785489149
2026-07-31T09:45:21Z,480,2,0,10,3,0,1,1,1,1785485789
2026-07-31T09:45:21Z,481,28,1,6,1,0,1,1,1,1785491004
2026-07-31T09:45:21Z,482,18,6,1,0,0,1,1,1,1785490527
2026-07-31T09:45:21Z,483,2,0,23,2,0,1,1,1,1785491079
2026-07-31T09:45:21Z,484,8,2,10,1,0,1,1,1,1785491067
2026-07-31T09:45:21Z,485,16,6,1,1,1,1,1,1,1785490834
2026-07-31T09:45:21Z,486,25,6,0,2,0,1,1,1,1785490820
2026-07-31T09:45:21Z,487,8,5,10,1,0,1,1,1,1785490150
2026-07-31T09:45:21Z,489,12,6,3,0,0,1,1,1,1785488501
2026-07-31T09:45:21Z,490,3,1,13,0,0,1,1,1,1785489499
2026-07-31T09:45:21Z,491,4,1,17,0,0,1,1,1,1785486090
2026-07-31T09:45:21Z,492,5,3,2,4,0,1,1,1,1785491115
2026-07-31T09:45:21Z,493,0,0,26,1,0,1,1,1,1785487895
2026-07-31T09:45:21Z,495,9,0,3,3,0,1,1,1,1785489700
2026-07-31T09:45:21Z,496,27,1,0,0,0,1,1,1,1785486089
2026-07-31T09:45:21Z,497,16,0,2,1,0,1,1,1,1785491100
2026-07-31T09:45:21Z,498,21,3,1,1,0,1,1,1,1785490089
2026-07-31T09:45:21Z,499,17,1,1,1,0,1,1,1,1785487896
2026-07-31T09:45:21Z,500,8,4,1,6,0,1,1,1,1785487895
2026-07-31T09:45:21Z,501,10,4,11,0,0,1,1,1,1785487896
2026-07-31T09:45:21Z,502,6,0,13,0,0,1,1,1,1785486089
2026-07-31T09:45:21Z,503,26,0,4,1,0,1,1,1,1785487895
2026-07-31T09:45:21Z,504,0,0,39,0,0,1,1,1,1785486562
2026-07-31T09:45:21Z,505,10,1,1,1,0,1,1,1,1785487586
2026-07-31T09:45:21Z,511,2,1,21,0,0,1,1,1,1785486354
2026-07-31T09:45:21Z,512,6,0,21,0,0,1,1,1,1785490938
2026-07-31T09:45:21Z,514,10,0,0,1,0,1,1,1,1785486089
2026-07-31T09:45:21Z,515,2,0,17,0,0,1,1,1,1785487895
2026-07-31T09:45:21Z,516,0,0,27,0,0,1,1,1,1785484039
2026-07-31T09:45:21Z,517,14,3,8,1,0,1,1,1,1785486090
2026-07-31T09:45:21Z,518,14,1,0,1,0,1,1,1,1785486390
2026-07-31T09:45:21Z,519,4,0,13,2,0,1,1,1,1785491077
2026-07-31T09:45:21Z,520,11,7,10,5,1,1,1,1,1785491114
2026-07-31T09:45:21Z,521,18,5,5,0,0,1,1,1,1785487895
2026-07-31T09:45:21Z,522,0,0,22,1,0,1,1,1,1785486390
2026-07-31T09:45:21Z,523,6,3,16,1,0,1,1,1,1785489661
2026-07-31T09:45:21Z,524,0,0,23,0,0,1,1,1,1785490958
2026-07-31T09:45:21Z,525,10,0,9,0,0,1,1,1,1785489376
2026-07-31T09:45:21Z,526,13,1,0,2,0,1,1,1,1785486390
2026-07-31T09:45:21Z,527,4,2,19,3,0,1,1,1,1785490873
2026-07-31T09:45:21Z,528,21,2,1,1,0,1,1,1,1785486390
2026-07-31T09:45:21Z,529,6,3,7,6,0,1,1,1,1785491114
2026-07-31T09:45:21Z,530,16,1,3,2,0,1,1,1,1785488201
2026-07-31T09:45:21Z,531,20,0,1,1,1,1,1,1,1785491109
2026-07-31T09:45:21Z,532,3,3,27,1,0,1,1,1,1785488341
2026-07-31T09:45:21Z,533,8,1,9,2,0,1,1,1,1785486390
2026-07-31T09:45:21Z,534,14,2,9,0,0,1,1,1,1785490909
2026-07-31T09:45:21Z,535,2,0,13,0,0,1,1,1,1785486390
2026-07-31T09:45:21Z,536,1,0,22,0,0,1,1,1,1785488201
2026-07-31T09:45:21Z,537,1,1,19,0,0,1,1,1,1785488280
2026-07-31T09:45:21Z,538,21,8,0,0,2,1,1,1,1785490935
2026-07-31T09:45:21Z,539,5,5,26,0,0,1,1,1,1785488201
2026-07-31T09:45:21Z,540,2,1,17,0,0,1,1,1,1785486391
2026-07-31T09:45:21Z,541,25,2,1,1,0,1,1,1,1785490843
2026-07-31T09:45:21Z,542,2,2,21,0,0,1,1,1,1785486390
2026-07-31T09:45:21Z,543,17,2,1,1,0,1,1,1,1785488201
2026-07-31T09:45:21Z,544,14,1,4,4,0,1,1,1,1785486390
2026-07-31T09:45:21Z,545,0,0,17,2,0,1,1,1,1785486390
2026-07-31T09:45:21Z,546,16,8,3,0,0,1,1,1,1785489048
2026-07-31T09:45:21Z,547,18,0,7,0,0,1,1,1,1785491051
2026-07-31T09:45:21Z,548,14,1,9,0,0,1,1,1,1785486390
2026-07-31T09:45:21Z,549,19,0,4,0,0,1,1,1,1785490211
2026-07-31T09:45:21Z,550,17,1,2,0,0,1,1,1,1785490648
2026-07-31T09:45:21Z,551,16,4,7,0,0,1,1,1,1785486390
2026-07-31T09:45:21Z,552,27,3,0,0,0,1,1,1,1785486390
2026-07-31T09:45:21Z,553,19,4,2,1,1,1,1,1,1785490860
2026-07-31T09:45:21Z,554,1,1,18,0,0,1,1,1,1785486691
2026-07-31T09:45:21Z,555,13,6,1,1,0,1,1,1,1785489915
2026-07-31T09:45:21Z,556,21,4,0,2,0,1,1,1,1785490987
2026-07-31T09:45:21Z,557,6,4,12,5,0,1,1,1,1785488202
2026-07-31T09:45:21Z,558,28,4,9,0,0,1,1,1,1785490667
2026-07-31T09:45:21Z,559,1,0,17,1,0,1,1,1,1785489501
2026-07-31T09:45:21Z,560,9,0,18,0,0,1,1,1,1785488201
2026-07-31T09:45:21Z,561,13,1,9,1,0,1,1,1,1785486390
2026-07-31T09:45:21Z,562,3,0,29,3,0,1,1,1,1785486691
2026-07-31T09:45:21Z,563,10,0,4,0,0,1,1,1,1785490429
2026-07-31T09:45:21Z,564,12,0,6,1,0,1,1,1,1785488201
2026-07-31T09:45:21Z,565,6,2,13,0,0,1,1,1,1785490461
2026-07-31T09:45:21Z,566,16,0,2,1,0,1,1,1,1785491096
2026-07-31T09:45:21Z,567,25,1,1,1,0,1,1,1,1785485492
2026-07-31T09:45:21Z,568,14,0,4,1,0,1,1,1,1785490328
2026-07-31T09:45:21Z,569,16,3,3,0,0,1,1,1,1785491094
2026-07-31T09:45:21Z,570,13,1,5,1,0,1,1,1,1785490859
2026-07-31T09:45:21Z,571,0,0,23,0,0,1,1,1,1785486691
2026-07-31T09:45:21Z,572,16,5,2,1,0,1,1,1,1785488201
2026-07-31T09:45:21Z,573,13,0,2,0,0,1,1,1,1785486691
2026-07-31T09:45:21Z,574,10,3,5,0,0,1,1,1,1785489676
2026-07-31T09:45:21Z,575,6,0,14,1,0,1,1,1,1785489599
2026-07-31T09:45:21Z,576,3,0,14,2,0,1,1,1,1785488201
2026-07-31T09:45:21Z,577,13,0,18,0,0,1,1,1,1785488201
2026-07-31T09:45:21Z,578,15,10,7,1,0,1,1,1,1785486996
2026-07-31T09:45:21Z,579,4,0,39,0,0,1,1,1,1785486691
2026-07-31T09:45:21Z,580,5,0,24,0,0,1,1,1,1785490191
2026-07-31T09:45:21Z,581,18,2,1,0,0,1,1,1,1785487551
2026-07-31T09:45:21Z,582,22,0,38,1,0,1,1,1,1785491091
2026-07-31T09:45:21Z,583,23,1,0,0,0,1,1,1,1785486691
2026-07-31T09:45:21Z,584,9,4,6,4,0,1,1,1,1785486691
2026-07-31T09:45:21Z,585,16,3,10,0,1,1,1,1,1785488201
2026-07-31T09:45:21Z,586,13,0,22,0,0,1,1,1,1785488201
2026-07-31T09:45:21Z,587,20,0,3,1,0,1,1,1,1785489118
2026-07-31T09:45:21Z,588,12,4,4,3,0,1,1,1,1785491030
2026-07-31T09:45:21Z,589,0,0,0,23,0,1,1,1,1785490919
2026-07-31T09:45:21Z,590,19,4,11,1,0,1,1,1,1785488201
2026-07-31T09:45:21Z,591,28,1,0,2,0,1,1,1,1785486691
2026-07-31T09:45:21Z,592,12,0,11,0,0,1,1,1,1785488952
2026-07-31T09:45:21Z,593,0,0,38,0,0,1,1,1,1785488201
2026-07-31T09:45:21Z,594,7,0,11,3,0,1,1,1,1785491093
2026-07-31T09:45:21Z,595,0,0,3,0,0,0,1,1,1784046673
2026-07-31T09:45:21Z,605,0,0,2,1,0,0,1,1,1783975843
2026-07-31T09:45:21Z,606,0,0,0,0,0,0,1,1,86400
2026-07-31T09:45:21Z,607,9,1,22,1,0,1,1,1,1785488201
2026-07-31T09:45:21Z,608,0,0,50,0,0,1,1,1,1785490318
2026-07-31T09:45:21Z,609,2,0,21,0,0,1,1,1,1785488201
2026-07-31T09:45:21Z,610,0,0,35,0,0,1,1,1,1785488201
2026-07-31T09:45:21Z,611,13,0,13,1,0,1,1,1,1785490509
2026-07-31T09:45:21Z,612,6,1,9,0,0,1,1,1,1785486691
2026-07-31T09:45:21Z,613,9,0,2,4,0,1,1,1,1785489318
2026-07-31T09:45:21Z,614,1,1,23,2,1,1,1,1,1785488202
2026-07-31T09:45:21Z,617,11,0,2,2,0,1,1,1,1785489767
2026-07-31T09:45:21Z,618,13,2,1,5,0,1,1,1,1785486690
2026-07-31T09:45:21Z,619,7,2,12,0,0,1,1,1,1785488201
2026-07-31T09:45:21Z,620,0,0,27,0,0,1,1,1,1785488201
2026-07-31T09:45:21Z,621,7,2,15,1,0,1,1,1,1785488201
2026-07-31T09:45:21Z,622,5,2,17,1,0,1,1,1,1785488201
2026-07-31T09:45:21Z,623,9,2,20,1,0,1,1,1,1785488201
2026-07-31T09:45:21Z,624,2,0,13,0,0,1,1,1,1785486691
2026-07-31T09:45:21Z,625,5,0,14,2,0,1,1,1,1785488201
2026-07-31T09:45:21Z,626,2,0,43,0,2,1,1,1,1785490207
2026-07-31T09:45:21Z,627,13,6,6,0,0,1,1,1,1785488201
2026-07-31T09:45:21Z,628,0,0,15,2,2,1,1,1,1785490957
2026-07-31T09:45:21Z,629,4,1,6,1,0,1,1,1,1785491011
2026-07-31T09:45:21Z,630,3,2,21,3,0,1,1,1,1785490828
2026-07-31T09:45:21Z,631,2,1,21,0,0,1,1,1,1785488201
2026-07-31T09:45:21Z,632,21,1,0,2,0,1,1,1,1785489788
2026-07-31T09:45:21Z,633,11,1,0,4,0,1,1,1,1785490909
2026-07-31T09:45:21Z,634,11,2,8,0,0,1,1,1,1785486991
2026-07-31T09:45:21Z,635,17,1,2,0,0,1,1,1,1785488201
2026-07-31T09:45:21Z,636,10,2,5,0,0,1,1,1,1785488201
2026-07-31T09:45:21Z,637,7,0,12,0,0,1,1,1,1785490209
2026-07-31T09:45:21Z,638,9,2,8,2,0,1,1,1,1785489804
2026-07-31T09:45:21Z,639,5,1,11,3,0,1,1,1,1785479066
2026-07-31T09:45:21Z,640,1,1,21,1,0,1,1,1,1785490828
2026-07-31T09:45:21Z,641,20,1,4,2,0,1,1,1,1785490941
2026-07-31T09:45:21Z,642,4,2,7,8,0,1,1,1,1785491118
2026-07-31T09:45:21Z,643,2,0,17,8,0,1,1,1,1785491116
2026-07-31T09:45:21Z,644,12,0,2,1,0,1,1,1,1785486991
2026-07-31T09:45:21Z,645,11,0,10,1,1,1,1,1,1785488495
2026-07-31T09:45:21Z,646,7,2,12,0,0,1,1,1,1785491023
2026-07-31T09:45:21Z,647,30,1,1,0,0,1,1,1,1785490486
2026-07-31T09:45:21Z,648,6,0,12,1,0,1,1,1,1785490674
2026-07-31T09:45:21Z,649,18,2,12,1,0,1,1,1,1785490307
2026-07-31T09:45:21Z,650,5,1,9,0,0,1,1,1,1785488201
2026-07-31T09:45:21Z,651,11,9,12,0,0,1,1,1,1785482207
2026-07-31T09:45:21Z,652,4,2,17,2,0,1,1,1,1785490817
2026-07-31T09:45:21Z,653,8,1,9,2,0,1,1,1,1785488201
2026-07-31T09:45:21Z,654,2,2,13,0,0,1,1,1,1785488202
2026-07-31T09:45:21Z,655,6,3,2,4,1,1,1,1,1785491047
2026-07-31T09:45:21Z,656,19,7,0,0,0,1,1,1,1785489841
2026-07-31T09:45:21Z,657,9,1,3,2,3,1,1,1,1785491078
2026-07-31T09:45:21Z,658,9,1,1,0,0,1,1,1,1785473427
2026-07-31T09:45:21Z,659,8,3,5,2,0,1,1,1,1785488201
2026-07-31T09:45:21Z,660,13,0,14,4,0,1,1,1,1785491051
2026-07-31T09:45:21Z,661,1,1,18,0,0,1,1,1,1785488202
2026-07-31T09:45:21Z,662,7,5,14,2,0,1,1,1,1785480458
2026-07-31T09:45:21Z,663,13,6,1,1,0,1,1,1,1785491091
2026-07-31T09:45:21Z,664,0,0,27,0,0,1,1,1,1785488202
2026-07-31T09:45:21Z,665,12,3,3,0,0,1,1,1,1785488202
2026-07-31T09:45:21Z,666,7,2,6,2,0,1,1,1,1785488201
2026-07-31T09:45:21Z,667,0,0,19,0,0,1,1,1,1785486991
2026-07-31T09:45:21Z,668,10,1,8,1,0,1,1,1,1785488201
2026-07-31T09:45:21Z,669,14,5,0,0,0,1,1,1,1785488201
2026-07-31T09:45:21Z,670,11,2,16,0,0,1,1,1,1785486992
2026-07-31T09:45:21Z,671,26,5,0,1,0,1,1,1,1785490988
2026-07-31T09:45:21Z,672,13,2,6,3,1,1,1,1,1785486991
2026-07-31T09:45:21Z,673,11,0,10,2,0,1,1,1,1785490469
2026-07-31T09:45:21Z,674,3,2,17,3,0,1,1,1,1785490961
2026-07-31T09:45:21Z,675,12,6,1,2,0,1,1,1,1785490942
2026-07-31T09:45:21Z,676,7,1,14,1,0,1,1,1,1785490771
2026-07-31T09:45:21Z,681,12,3,1,2,0,1,1,1,1785489270
2026-07-31T09:45:21Z,682,4,1,14,1,0,1,1,1,1785486991
2026-07-31T09:45:21Z,683,4,1,15,0,0,1,1,1,1785490156
2026-07-31T09:45:21Z,684,3,0,24,0,0,1,1,1,1785487883
2026-07-31T09:45:21Z,685,10,0,15,1,1,1,1,1,1785488201
2026-07-31T09:45:21Z,686,11,0,14,2,0,1,1,1,1785490806
2026-07-31T09:45:21Z,687,11,0,18,1,1,1,1,1,1785490818
2026-07-31T09:45:21Z,688,10,0,2,7,0,1,1,1,1785490888
2026-07-31T09:45:21Z,692,4,1,17,0,0,1,1,1,1785489419
2026-07-31T09:45:21Z,693,6,0,2,3,0,1,1,1,1785490800
2026-07-31T09:45:21Z,694,9,5,12,0,0,1,1,1,1785490553
2026-07-31T09:45:21Z,695,17,11,6,0,0,1,1,1,1785490694
2026-07-31T09:45:21Z,696,19,14,3,1,0,1,1,1,1785490615
2026-07-31T09:45:21Z,697,21,2,2,0,0,1,1,1,1785490209
2026-07-31T09:45:21Z,698,27,1,0,0,0,1,1,1,1785489751
2026-07-31T09:45:21Z,699,7,0,7,1,0,1,1,1,1785491102
2026-07-31T09:45:21Z,700,19,4,0,0,0,1,1,1,1785489415
2026-07-31T09:45:21Z,701,17,6,2,0,0,1,1,1,1785490665
2026-07-31T09:45:21Z,702,18,0,4,1,0,1,1,1,1785489871
2026-07-31T09:45:21Z,704,9,2,6,0,0,1,1,1,1785490062
2026-07-31T09:45:21Z,705,5,3,9,1,0,1,1,1,1785489527
2026-07-31T09:45:21Z,706,12,2,0,3,0,1,1,1,1785490627
2026-07-31T09:45:21Z,707,10,2,5,0,0,1,1,1,1785489452
2026-07-31T09:45:21Z,708,18,2,0,1,0,1,1,1,1785489657
2026-07-31T09:45:21Z,709,11,1,1,3,0,1,1,1,1785489473
2026-07-31T09:45:21Z,710,16,3,2,1,0,1,1,1,1785490704
2026-07-31T09:45:21Z,711,18,3,1,4,0,1,1,1,1785490943
2026-07-31T09:45:21Z,712,15,10,0,0,0,1,1,1,1785490644
2026-07-31T09:45:21Z,713,6,0,17,0,0,1,1,1,1785489924
2026-07-31T09:45:21Z,716,3,1,12,0,0,1,1,1,1785490987
2026-07-31T09:45:21Z,717,3,1,19,3,0,1,1,1,1785491066
2026-07-31T09:45:21Z,718,3,1,11,1,0,1,1,1,1785490812
2026-07-31T09:45:21Z,719,7,1,22,0,0,1,1,1,1785490225
2026-07-31T09:45:21Z,720,2,1,17,0,0,1,1,1,1785489464
2026-07-31T09:45:21Z,721,0,0,21,2,0,1,1,1,1785490262
2026-07-31T09:45:21Z,722,5,0,10,0,0,1,1,1,1785491031
2026-07-31T09:45:21Z,723,12,1,11,0,0,1,1,1,1785491074
2026-07-31T09:45:21Z,724,21,4,2,0,0,1,1,1,1785490410
2026-07-31T09:45:21Z,725,21,5,1,1,0,1,1,1,1785490784
2026-07-31T09:45:21Z,726,19,3,0,0,0,1,1,1,1785490181
2026-07-31T09:45:21Z,727,9,4,12,2,0,1,1,1,1785490210
2026-07-31T09:45:21Z,728,9,0,5,1,0,1,1,1,1785489766
2026-07-31T09:45:21Z,729,6,0,13,0,0,1,1,1,1785490642
2026-07-31T09:45:21Z,730,3,2,10,2,0,1,1,1,1785490362
2026-07-31T09:45:21Z,731,10,3,4,1,0,1,1,1,1785489473
2026-07-31T09:45:21Z,732,9,5,6,0,0,1,1,1,1785490512
2026-07-31T09:45:21Z,733,4,0,23,0,0,1,1,1,1785489486
2026-07-31T09:45:21Z,734,0,0,14,0,0,1,1,1,1785490470
2026-07-31T09:45:21Z,735,4,3,23,0,0,1,1,1,1785489349
2026-07-31T09:45:21Z,736,7,1,12,0,0,1,1,1,1785489902
2026-07-31T09:45:21Z,737,4,3,10,0,1,1,1,1,1785489890
2026-07-31T09:45:21Z,738,16,5,1,2,0,1,1,1,1785490095
2026-07-31T09:45:21Z,739,19,2,7,1,0,1,1,1,1785489510
2026-07-31T09:45:21Z,741,7,1,16,0,0,1,1,1,1785489794
2026-07-31T09:45:21Z,742,5,0,27,3,0,1,1,1,1785489910
2026-07-31T09:45:21Z,743,8,3,9,2,0,1,1,1,1785489664
2026-07-31T09:45:21Z,744,11,4,3,1,0,1,1,1,1785490170
2026-07-31T09:45:21Z,745,14,4,4,1,0,1,1,1,1785490178
2026-07-31T09:45:21Z,746,12,3,9,2,0,1,1,1,1785490971
2026-07-31T09:45:21Z,747,0,0,4,0,0,0,1,1,1783446606
2026-07-31T09:45:21Z,748,10,1,13,0,0,1,1,1,1785490968
2026-07-31T09:45:21Z,749,6,5,16,1,0,1,1,1,1785490885
2026-07-31T09:45:21Z,750,2,1,9,0,0,1,1,1,1785490476
2026-07-31T09:45:21Z,751,8,0,15,0,0,1,1,1,1785490402
2026-07-31T09:45:21Z,752,13,1,3,1,0,1,1,1,1785490194
2026-07-31T09:45:21Z,753,5,0,10,0,0,1,1,1,1785490308
2026-07-31T09:45:21Z,754,1,1,13,1,0,1,1,1,1785490722
2026-07-31T09:45:21Z,755,12,3,10,1,0,1,1,1,1785490848
2026-07-31T09:45:21Z,756,2,0,35,0,0,1,1,1,1785489747
2026-07-31T09:45:21Z,757,18,9,1,0,0,1,1,1,1785490959
2026-07-31T09:45:21Z,758,22,3,1,0,0,1,1,1,1785490567
2026-07-31T09:45:21Z,759,4,2,11,0,0,1,1,1,1785490619
2026-07-31T09:45:21Z,760,8,3,11,0,0,1,1,1,1785488200
2026-07-31T09:45:21Z,761,15,0,7,1,0,1,1,1,1785490478
2026-07-31T09:45:21Z,762,7,4,4,4,0,1,1,1,1785489422
2026-07-31T09:45:21Z,768,8,0,8,3,0,1,1,1,1785490402
2026-07-31T09:45:21Z,769,17,12,2,0,0,1,1,1,1785490935
2026-07-31T09:45:21Z,770,11,3,6,2,0,1,1,1,1785489961
2026-07-31T09:45:21Z,771,13,3,1,1,0,1,1,1,1785489394
2026-07-31T09:45:21Z,772,7,3,8,0,0,1,1,1,1785490020
2026-07-31T09:45:21Z,773,15,4,4,0,0,1,1,1,1785489853
2026-07-31T09:45:21Z,774,10,5,2,3,0,1,1,1,1785490869
2026-07-31T09:45:21Z,775,6,0,11,1,1,1,1,1,1785488308
2026-07-31T09:45:21Z,776,3,1,17,1,0,1,1,1,1785490183
2026-07-31T09:45:21Z,777,10,0,2,3,0,1,1,1,1785489911
2026-07-31T09:45:21Z,778,13,0,3,3,0,1,1,1,1785490151
2026-07-31T09:45:21Z,779,8,1,10,1,0,1,1,1,1785490764
2026-07-31T09:45:21Z,780,17,4,1,1,0,1,1,1,1785490381
2026-07-31T09:45:21Z,781,6,2,3,2,0,1,1,1,1785490708
2026-07-31T09:45:21Z,782,5,3,10,4,0,1,1,1,1785489680
2026-07-31T09:45:21Z,783,7,1,12,0,0,1,1,1,1785490768
2026-07-31T09:45:21Z,784,15,2,4,0,0,1,1,1,1785490377
2026-07-31T09:45:21Z,785,11,2,2,6,0,1,1,1,1785490940
2026-07-31T09:45:21Z,786,11,5,8,0,0,1,1,1,1785490586
2026-07-31T09:45:21Z,787,11,5,2,2,0,1,1,1,1785490225
2026-07-31T09:45:21Z,788,3,0,12,0,0,1,1,1,1785489445
2026-07-31T09:45:21Z,789,9,2,2,4,0,1,1,1,1785490359
2026-07-31T09:45:21Z,790,2,0,21,0,0,1,1,1,1785490077
2026-07-31T09:45:21Z,791,7,2,11,0,1,1,1,1,1785489609
2026-07-31T09:45:21Z,793,4,0,10,1,0,1,1,1,1785489819
2026-07-31T09:45:21Z,794,8,3,19,2,0,1,1,1,1785490278
2026-07-31T09:45:21Z,796,0,0,17,2,0,1,1,1,1785489613
2026-07-31T09:45:21Z,797,1,0,14,0,0,1,1,1,1785487593
2026-07-31T09:45:21Z,798,6,0,18,1,0,1,1,1,1785489446
2026-07-31T09:45:21Z,799,15,1,1,3,0,1,1,1,1785489582
2026-07-31T09:45:21Z,800,1,0,19,1,0,1,1,1,1785491026
2026-07-31T09:45:21Z,801,4,2,16,1,0,1,1,1,1785489637
2026-07-31T09:45:21Z,802,8,0,23,0,0,1,1,1,1785489739
2026-07-31T09:45:21Z,803,1,1,14,0,0,1,1,1,1785489413
2026-07-31T09:45:21Z,806,8,3,7,0,0,1,1,1,1785488200
2026-07-31T09:45:21Z,807,14,0,8,3,0,1,1,1,1785490018
2026-07-31T09:45:21Z,808,0,0,23,2,0,1,1,1,1785488225
2026-07-31T09:45:21Z,809,5,1,17,1,0,1,1,1,1785489584
2026-07-31T09:45:21Z,810,2,0,13,4,0,1,1,1,1785490047
2026-07-31T09:45:21Z,815,4,1,6,4,1,1,1,1,1785489715
2026-07-31T09:45:21Z,817,10,5,5,0,0,1,1,1,1785490742
2026-07-31T09:45:21Z,818,6,0,16,1,0,1,1,1,1785490155
2026-07-31T09:45:21Z,819,6,4,9,0,0,1,1,1,1785487291
2026-07-31T09:45:21Z,820,8,2,9,0,0,1,1,1,1785490660
2026-07-31T09:45:21Z,821,2,1,13,0,0,1,1,1,1785489777
2026-07-31T09:45:21Z,822,1,0,20,2,0,1,1,1,1785490096
2026-07-31T09:45:21Z,823,0,0,14,1,0,1,1,1,1785491060
2026-07-31T09:45:21Z,824,12,3,6,1,0,1,1,1,1785490524
2026-07-31T09:45:21Z,825,8,5,7,0,0,1,1,1,1785488201
2026-07-31T09:45:21Z,826,10,2,8,1,0,1,1,1,1785490535
2026-07-31T09:45:21Z,827,16,5,4,1,0,1,1,1,1785490040
2026-07-31T09:45:21Z,828,10,0,7,1,0,1,1,1,1785490558
2026-07-31T09:45:21Z,829,16,7,11,0,0,1,1,1,1785490777
2026-07-31T09:45:21Z,830,13,3,9,1,0,1,1,1,1785491053
2026-07-31T09:45:21Z,831,7,2,7,1,0,1,1,1,1785491029
2026-07-31T09:45:21Z,832,10,3,5,3,0,1,1,1,1785491116
2026-07-31T09:45:21Z,833,1,0,17,1,0,1,1,1,1785490871
2026-07-31T09:45:21Z,834,1,0,22,1,0,1,1,1,1785490371
2026-07-31T09:45:21Z,835,16,6,0,2,0,1,1,1,1785490602
2026-07-31T09:45:21Z,837,5,1,0,10,0,1,1,1,1785491097
2026-07-31T09:45:21Z,838,13,3,2,0,0,1,1,1,1785490855
2026-07-31T09:45:21Z,839,20,1,9,0,0,1,1,1,1785488063
2026-07-31T09:45:21Z,840,7,3,20,2,0,1,1,1,1785490693
2026-07-31T09:45:21Z,841,7,1,8,0,0,1,1,1,1785491026
2026-07-31T09:45:21Z,842,7,2,16,0,0,1,1,1,1785490822
2026-07-31T09:45:21Z,843,8,0,22,1,0,1,1,1,1785491062
2026-07-31T09:45:21Z,844,6,0,17,0,0,1,1,1,1785491021
2026-07-31T09:45:21Z,845,5,3,12,2,0,1,1,1,1785489388
2026-07-31T09:45:21Z,846,4,0,13,2,0,1,1,1,1785490339
2026-07-31T09:45:21Z,847,7,1,20,0,0,1,1,1,1785490125
2026-07-31T09:45:21Z,848,10,3,8,1,0,1,1,1,1785488215
2026-07-31T09:45:21Z,849,7,2,8,0,0,1,1,1,1785490186
2026-07-31T09:45:21Z,850,9,0,1,1,0,1,1,1,1785490434
2026-07-31T09:45:21Z,851,3,3,32,2,0,1,1,1,1785490276
2026-07-31T09:45:21Z,852,12,6,7,0,0,1,1,1,1785490918
2026-07-31T09:45:21Z,853,10,5,13,0,0,1,1,1,1785489977
2026-07-31T09:45:21Z,854,3,2,12,0,0,1,1,1,1785490048
2026-07-31T09:45:21Z,855,25,0,2,0,0,1,1,1,1785488200
2026-07-31T09:45:21Z,857,1,1,18,0,0,1,1,1,1785491115
2026-07-31T09:45:21Z,858,4,1,14,1,0,1,1,1,1785489758
2026-07-31T09:45:21Z,859,3,0,17,1,0,1,1,1,1785489983
2026-07-31T09:45:21Z,861,8,1,2,1,0,1,1,1,1785488201
2026-07-31T09:45:21Z,862,2,1,13,0,0,1,1,1,1785491053
2026-07-31T09:45:21Z,863,13,0,5,1,0,1,1,1,1785488200
2026-07-31T09:45:21Z,866,11,3,8,0,0,1,1,1,1785489540
2026-07-31T09:45:21Z,867,12,0,3,0,0,1,1,1,1785490668
2026-07-31T09:45:21Z,868,13,2,2,0,0,1,1,1,1785490876
2026-07-31T09:45:21Z,870,7,4,6,2,0,1,1,1,1785491093
2026-07-31T09:45:21Z,871,0,0,10,1,0,1,1,1,1785490473
2026-07-31T09:45:21Z,872,0,0,14,1,0,1,1,1,1785491013
2026-07-31T09:45:21Z,873,0,0,32,1,0,1,1,1,1785490998
2026-07-31T09:45:21Z,874,5,2,7,3,0,1,1,1,1785489378
2026-07-31T09:45:21Z,875,15,11,0,0,0,1,1,1,1785490255
2026-07-31T09:45:21Z,877,11,10,6,2,0,1,1,1,1785490620
2026-07-31T09:45:21Z,878,3,2,15,1,0,1,1,1,1785489385
2026-07-31T09:45:21Z,879,1,0,18,0,0,1,1,1,1785490243
2026-07-31T09:45:21Z,880,3,0,19,1,0,1,1,1,1785490252
2026-07-31T09:45:21Z,881,2,0,17,0,0,1,1,1,1785491054
2026-07-31T09:45:21Z,882,10,0,6,3,0,1,1,1,1785488200
2026-07-31T09:45:21Z,883,10,6,9,0,0,1,1,1,1785489506
2026-07-31T09:45:21Z,884,11,7,10,0,0,1,1,1,1785490612
2026-07-31T09:45:21Z,885,1,0,18,0,0,1,1,1,1785490902
2026-07-31T09:45:21Z,886,17,1,11,1,0,1,1,1,1785489875
2026-07-31T09:45:21Z,887,3,1,11,3,0,1,1,1,1785489803
2026-07-31T09:45:21Z,888,12,0,27,2,0,1,1,1,1785491056
2026-07-31T09:45:21Z,889,17,1,0,2,0,1,1,1,1785489394
2026-07-31T09:45:21Z,890,6,4,9,0,0,1,1,1,1785489632
2026-07-31T09:45:21Z,891,20,0,2,1,0,1,1,1,1785490396
2026-07-31T09:45:21Z,892,13,1,2,0,0,1,1,1,1785488200
2026-07-31T09:45:21Z,895,0,0,18,1,0,1,1,1,1785489208
2026-07-31T09:45:21Z,896,7,0,28,0,0,1,1,1,1785490930
2026-07-31T09:45:21Z,897,11,1,10,0,0,1,1,1,1785491092
2026-07-31T09:45:21Z,898,2,0,17,0,0,1,1,1,1785490820
2026-07-31T09:45:21Z,899,0,0,18,1,0,1,1,1,1785490052
2026-07-31T09:45:21Z,900,19,1,6,2,0,1,1,1,1785490228
2026-07-31T09:45:21Z,901,12,0,6,1,0,1,1,1,1785489765
2026-07-31T09:45:21Z,902,9,0,5,1,0,1,1,1,1785490758
2026-07-31T09:45:21Z,903,14,2,4,1,0,1,1,1,1785490198
2026-07-31T09:45:21Z,904,10,4,8,1,0,1,1,1,1785489393
2026-07-31T09:45:21Z,905,4,0,23,0,0,1,1,1,1785489492
2026-07-31T09:45:21Z,906,8,5,19,0,0,1,1,1,1785490244
2026-07-31T09:45:21Z,907,6,1,25,0,0,1,1,1,1785489584
2026-07-31T09:45:21Z,908,11,0,12,0,0,1,1,1,1785489379
2026-07-31T09:45:21Z,909,14,4,8,1,0,1,1,1,1785490918
2026-07-31T09:45:21Z,910,20,0,11,0,0,1,1,1,1785491118
2026-07-31T09:45:21Z,911,3,0,16,0,0,1,1,1,1785490753
2026-07-31T09:45:21Z,912,9,5,12,2,0,1,1,1,1785489864
2026-07-31T09:45:21Z,913,3,1,16,0,0,1,1,1,1785489919
2026-07-31T09:45:21Z,914,7,2,12,0,0,1,1,1,1785490718
2026-07-31T09:45:21Z,915,7,0,15,1,0,1,1,1,1785489494
2026-07-31T09:45:21Z,916,23,8,0,0,0,1,1,1,1785489536
2026-07-31T09:45:21Z,917,4,0,29,2,0,1,1,1,1785490128
2026-07-31T09:45:21Z,918,13,5,4,2,0,1,1,1,1785489306
2026-07-31T09:45:21Z,919,15,3,23,1,0,1,1,1,1785491013
2026-07-31T09:45:21Z,920,4,2,15,0,0,1,1,1,1785489734
2026-07-31T09:45:21Z,921,12,0,9,0,0,1,1,1,1785490886
2026-07-31T09:45:21Z,922,3,1,17,1,0,1,1,1,1785490869
2026-07-31T09:45:21Z,923,19,2,0,0,0,1,1,1,1785490563
2026-07-31T09:45:21Z,924,8,2,13,0,0,1,1,1,1785490084
2026-07-31T09:45:21Z,925,13,0,8,0,0,1,1,1,1785489547
2026-07-31T09:45:21Z,926,0,0,21,0,0,1,1,1,1785489688
2026-07-31T09:45:21Z,927,1,0,34,0,0,1,1,1,1785490089
2026-07-31T09:45:21Z,928,5,3,14,0,0,1,1,1,1785464301
2026-07-31T09:45:21Z,929,0,0,23,0,0,1,1,1,1785490519
2026-07-31T09:45:21Z,930,0,0,30,1,0,1,1,1,1785491117
2026-07-31T09:45:21Z,931,8,3,15,0,0,1,1,1,1785489618
2026-07-31T09:45:21Z,932,4,0,12,3,0,1,1,1,1785489457
2026-07-31T09:45:21Z,933,0,0,23,0,0,1,1,1,1785489669
2026-07-31T09:45:21Z,934,2,0,28,1,0,1,1,1,1785490831
2026-07-31T09:45:21Z,935,10,2,8,1,0,1,1,1,1785491110
2026-07-31T09:45:21Z,936,4,1,15,0,0,1,1,1,1785456801
2026-07-31T09:45:21Z,940,9,0,2,0,0,1,1,1,1785491001
2026-07-31T09:45:21Z,941,10,1,13,2,0,1,1,1,1785489809
2026-07-31T09:45:21Z,942,5,0,16,0,0,1,1,1,1785490186
2026-07-31T09:45:21Z,943,9,8,6,0,0,1,1,1,1785489313
2026-07-31T09:45:21Z,944,9,8,6,0,0,1,1,1,1785490942
2026-07-31T09:45:21Z,945,10,8,5,0,0,1,1,1,1785490454
2026-07-31T09:45:21Z,946,7,5,12,0,0,1,1,1,1785487593
2026-07-31T09:45:21Z,947,7,5,10,0,0,1,1,1,1785490955
2026-07-31T09:45:21Z,948,24,8,2,5,0,1,1,1,1785490805
2026-07-31T09:45:21Z,949,2,0,13,0,0,1,1,1,1785491056
2026-07-31T09:45:21Z,950,15,4,1,1,0,1,1,1,1785490968
2026-07-31T09:45:21Z,951,18,4,5,0,0,1,1,1,1785489351
2026-07-31T09:45:21Z,952,9,0,46,0,0,1,1,1,1785490496
2026-07-31T09:45:21Z,953,13,2,1,1,0,1,1,1,1785490969
2026-07-31T09:45:21Z,954,17,4,2,0,0,1,1,1,1785491067
2026-07-31T09:45:21Z,955,4,3,17,6,0,1,1,1,1785490039
2026-07-31T09:45:21Z,956,22,1,0,1,0,1,1,1,1785490999
2026-07-31T09:45:21Z,957,15,0,14,0,0,1,1,1,1785490353
2026-07-31T09:45:21Z,958,19,0,12,0,0,1,1,1,1785489862
2026-07-31T09:45:21Z,959,20,8,0,3,0,1,1,1,1785490845
2026-07-31T09:45:21Z,960,22,1,0,1,0,1,1,1,1785489512
2026-07-31T09:45:21Z,961,3,2,17,3,0,1,1,1,1785489860
2026-07-31T09:45:21Z,962,8,3,24,3,0,1,1,1,1785490115
2026-07-31T09:45:21Z,963,7,0,15,1,0,1,1,1,1785491051
2026-07-31T09:45:21Z,964,21,8,1,1,0,1,1,1,1785490682
2026-07-31T09:45:21Z,965,5,1,21,1,0,1,1,1,1785489359
2026-07-31T09:45:21Z,966,28,0,3,0,0,1,1,1,1785489864
2026-07-31T09:45:21Z,967,19,0,1,1,0,1,1,1,1785490786
2026-07-31T09:45:21Z,968,15,0,3,1,0,1,1,1,1785490947
2026-07-31T09:45:21Z,969,10,6,15,2,0,1,1,1,1785490965
2026-07-31T09:45:21Z,970,11,1,6,2,0,1,1,1,1785490768
2026-07-31T09:45:21Z,971,14,0,8,1,0,1,1,1,1785490706
2026-07-31T09:45:21Z,972,9,1,13,1,0,1,1,1,1785490921
2026-07-31T09:45:21Z,973,8,3,14,1,0,1,1,1,1785490432
2026-07-31T09:45:21Z,974,12,0,15,0,0,1,1,1,1785489818
2026-07-31T09:45:21Z,977,7,7,11,3,0,1,1,1,1785489372
2026-07-31T09:45:21Z,978,11,0,12,0,0,1,1,1,1785490237
2026-07-31T09:45:21Z,979,14,1,3,0,0,1,1,1,1785489783
2026-07-31T09:45:21Z,980,1,0,18,2,0,1,1,1,1785490520
2026-07-31T09:45:21Z,981,19,1,1,1,0,1,1,1,1785490685
2026-07-31T09:45:21Z,982,3,1,14,2,0,1,1,1,1785490987
2026-07-31T09:45:21Z,983,2,1,20,1,0,1,1,1,1785489586
2026-07-31T09:45:21Z,984,6,0,17,0,0,1,1,1,1785490583
2026-07-31T09:45:21Z,985,9,0,22,0,0,1,1,1,1785491114
2026-07-31T09:45:21Z,986,4,0,15,0,0,1,1,1,1785490985
2026-07-31T09:45:21Z,987,6,0,16,1,0,1,1,1,1785489706
2026-07-31T09:45:21Z,988,5,1,13,1,0,1,1,1,1785489321
2026-07-31T09:45:21Z,989,9,4,10,0,0,1,1,1,1785490127
2026-07-31T09:45:21Z,990,13,1,0,2,0,1,1,1,1785489373
2026-07-31T09:45:21Z,991,10,2,8,1,0,1,1,1,1785490851
2026-07-31T09:45:21Z,992,10,7,12,1,0,1,1,1,1785489908
2026-07-31T09:45:21Z,993,0,0,27,0,0,1,1,1,1785476008
2026-07-31T09:45:21Z,994,3,1,18,0,0,1,1,1,1785490122
2026-07-31T09:45:21Z,995,8,2,19,0,0,1,1,1,1785489342
2026-07-31T09:45:21Z,996,8,1,15,0,0,1,1,1,1785490962
2026-07-31T09:45:21Z,997,11,5,10,2,0,1,1,1,1785491035
2026-07-31T09:45:21Z,998,3,2,19,1,0,1,1,1,1785489459
2026-07-31T09:45:21Z,999,3,1,15,2,1,1,1,1,1785491055
2026-07-31T09:45:21Z,1000,4,2,17,0,0,1,1,1,1785490029
2026-07-31T09:45:21Z,1001,1,0,26,0,0,1,1,1,1785489482
2026-07-31T09:45:21Z,1002,0,0,27,4,0,1,1,1,1785489483
2026-07-31T09:45:21Z,1003,0,0,22,1,0,1,1,1,1785490924
2026-07-31T09:45:21Z,1004,8,1,15,0,0,1,1,1,1785490365
2026-07-31T09:45:21Z,1005,20,1,3,0,0,1,1,1,1785491112
2026-07-31T09:45:21Z,1006,7,4,11,1,0,1,1,1,1785490948
2026-07-31T09:45:21Z,1007,2,1,19,0,0,1,1,1,1785490580
2026-07-31T09:45:21Z,1008,6,5,15,2,0,1,1,1,1785490083
2026-07-31T09:45:21Z,1009,19,2,8,4,0,1,1,1,1785489952
2026-07-31T09:45:21Z,1010,7,2,20,0,0,1,1,1,1785490786
2026-07-31T09:45:21Z,1011,8,2,9,2,0,1,1,1,1785489506
2026-07-31T09:45:21Z,1012,4,3,18,1,0,1,1,1,1785490879
2026-07-31T09:45:21Z,1013,4,1,18,1,0,1,1,1,1785489660
2026-07-31T09:45:21Z,1014,7,2,13,3,0,1,1,1,1785489580
2026-07-31T09:45:21Z,1015,3,1,25,3,0,1,1,1,1785489856
2026-07-31T09:45:21Z,1016,10,5,21,0,0,1,1,1,1785490744
2026-07-31T09:45:21Z,1017,14,5,7,0,0,1,1,1,1785490285
2026-07-31T09:45:21Z,1018,7,2,15,0,0,1,1,1,1785490966
2026-07-31T09:45:21Z,1019,9,6,6,0,0,1,1,1,1785490894
2026-07-31T09:45:21Z,1020,18,3,3,0,0,1,1,1,1785490154
2026-07-31T09:45:21Z,1021,9,3,5,1,0,1,1,1,1785489881
2026-07-31T09:45:21Z,1022,14,0,13,0,0,1,1,1,1785491058
2026-07-31T09:45:21Z,1023,13,1,9,1,0,1,1,1,1785490702
2026-07-31T09:45:21Z,1024,5,2,13,1,0,1,1,1,1785489883
2026-07-31T09:45:21Z,1025,4,0,14,0,1,1,1,1,1785491027
2026-07-31T09:45:21Z,1026,8,5,18,5,0,1,1,1,1785490235
2026-07-31T09:45:21Z,1028,2,0,20,1,0,1,1,1,1785491058
2026-07-31T09:45:21Z,1029,9,9,5,1,0,1,1,1,1785490177
2026-07-31T09:45:21Z,1030,14,5,9,0,0,1,1,1,1785489922
2026-07-31T09:45:21Z,1031,8,0,11,0,0,1,1,1,1785490290
2026-07-31T09:45:21Z,1032,7,1,12,0,0,1,1,1,1785490953
2026-07-31T09:45:21Z,1033,9,5,9,1,0,1,1,1,1785489950
2026-07-31T09:45:21Z,1034,2,0,13,0,0,1,1,1,1785490968
2026-07-31T09:45:21Z,1035,1,0,16,2,0,1,1,1,1785490999
2026-07-31T09:45:21Z,1036,15,1,0,0,0,1,1,1,1785489733
2026-07-31T09:45:21Z,1037,4,0,14,1,0,1,1,1,1785489585
2026-07-31T09:45:21Z,1038,2,0,12,1,0,1,1,1,1785490666
2026-07-31T09:45:21Z,1039,7,2,12,0,0,1,1,1,1785491107
2026-07-31T09:45:21Z,1040,7,3,10,2,0,1,1,1,1785490990
2026-07-31T09:45:21Z,1041,11,3,8,0,0,1,1,1,1785490871
2026-07-31T09:45:21Z,1042,12,1,1,2,0,1,1,1,1785490927
2026-07-31T09:45:21Z,1043,9,0,7,3,0,1,1,1,1785491026
2026-07-31T09:45:21Z,1044,2,1,12,1,0,1,1,1,1785490721
2026-07-31T09:45:21Z,1045,11,1,8,0,0,1,1,1,1785490940
2026-07-31T09:45:21Z,1046,9,0,6,0,0,1,1,1,1785490345
2026-07-31T09:45:21Z,1047,4,0,17,0,0,1,1,1,1785489890
2026-07-31T09:45:21Z,1048,10,1,9,0,0,1,1,1,1785490917
2026-07-31T09:45:21Z,1049,6,0,15,0,0,1,1,1,1785490980
2026-07-31T09:45:21Z,1050,17,4,4,0,0,1,1,1,1785490262
2026-07-31T09:45:21Z,1051,8,3,13,0,0,1,1,1,1785490155
2026-07-31T09:45:21Z,1052,17,2,5,0,0,1,1,1,1785490780
2026-07-31T09:45:21Z,1053,2,1,13,0,0,1,1,1,1785490846
2026-07-31T09:45:21Z,1054,14,1,1,0,0,1,1,1,1785491106
2026-07-31T09:45:21Z,1055,7,1,12,0,0,1,1,1,1785491084
2026-07-31T09:45:21Z,1057,18,0,0,1,0,1,1,1,1785491093
2026-07-31T09:45:21Z,1058,1,0,55,0,0,1,1,1,1785491030
2026-07-31T09:45:21Z,1059,0,0,18,1,0,1,1,1,1785490976
2026-07-31T09:45:21Z,1060,30,0,7,0,0,1,1,1,1785489948
2026-07-31T09:45:21Z,1061,9,1,27,1,0,1,1,1,1785491078
2026-07-31T09:45:21Z,1062,2,0,15,0,0,1,1,1,1785489647
2026-07-31T09:45:21Z,1063,12,1,6,1,0,1,1,1,1785490996
2026-07-31T09:45:21Z,1064,3,0,19,1,0,1,1,1,1785489511
2026-07-31T09:45:21Z,1065,16,3,7,0,0,1,1,1,1785489750
2026-07-31T09:45:21Z,1066,10,2,13,0,0,1,1,1,1785489576
2026-07-31T09:45:21Z,1067,8,2,13,2,0,1,1,1,1785489843
2026-07-31T09:45:21Z,1068,8,2,13,2,0,1,1,1,1785489334
2026-07-31T09:45:21Z,1069,12,3,11,0,0,1,1,1,1785489384
2026-07-31T09:45:21Z,1070,12,2,11,0,0,1,1,1,1785489481
2026-07-31T09:45:21Z,1071,7,4,16,0,0,1,1,1,1785489520
2026-07-31T09:45:21Z,1072,11,1,11,1,0,1,1,1,1785489899
2026-07-31T09:45:21Z,1073,26,7,0,1,0,1,1,1,1785490635
2026-07-31T09:45:21Z,1074,0,0,52,1,0,1,1,1,1785491077
2026-07-31T09:45:21Z,1075,10,10,11,0,0,1,1,1,1785490706
2026-07-31T09:45:21Z,1076,14,11,7,0,0,1,1,1,1785490143
2026-07-31T09:45:21Z,1077,8,5,13,0,0,1,1,1,1785490923
2026-07-31T09:45:21Z,1078,11,10,10,0,0,1,1,1,1785490185
2026-07-31T09:45:21Z,1079,11,8,10,0,0,1,1,1,1785490814
2026-07-31T09:45:21Z,1080,10,8,10,1,0,1,1,1,1785489597
2026-07-31T09:45:21Z,1081,13,8,6,0,0,1,1,1,1785489990
2026-07-31T09:45:21Z,1082,7,7,1,0,0,1,1,1,1785489476
2026-07-31T09:45:21Z,1083,13,11,8,0,0,1,1,1,1785491082
2026-07-31T09:45:21Z,1084,9,8,12,0,0,1,1,1,1785490699
2026-07-31T09:45:21Z,1085,10,10,11,0,0,1,1,1,1785490424
2026-07-31T09:45:21Z,1086,0,0,20,1,0,1,1,1,1785491050
2026-07-31T09:45:21Z,1087,12,7,3,0,0,1,1,1,1785490242
2026-07-31T09:45:21Z,1088,10,7,5,0,0,1,1,1,1785490999
2026-07-31T09:45:21Z,1089,5,3,10,0,0,1,1,1,1785489541
2026-07-31T09:45:21Z,1090,11,10,4,0,0,1,1,1,1785490071
2026-07-31T09:45:21Z,1091,12,7,3,0,0,1,1,1,1785489983
2026-07-31T09:45:21Z,1092,9,9,5,1,0,1,1,1,1785489529
2026-07-31T09:45:21Z,1093,7,6,8,0,0,1,1,1,1785489892
2026-07-31T09:45:21Z,1094,10,8,8,1,0,1,1,1,1785490952
2026-07-31T09:45:21Z,1095,9,8,6,0,0,1,1,1,1785489837
2026-07-31T09:45:21Z,1096,3,1,15,1,0,1,1,1,1785489501
2026-07-31T09:45:21Z,1097,9,9,6,0,0,1,1,1,1785489715
2026-07-31T09:45:21Z,1098,9,7,10,0,0,1,1,1,1785490055
2026-07-31T09:45:21Z,1099,7,6,8,0,0,1,1,1,1785490786
2026-07-31T09:45:21Z,1100,6,2,23,0,0,1,1,1,1785487894
2026-07-31T09:45:21Z,1101,9,5,12,0,0,1,1,1,1785490679
2026-07-31T09:45:21Z,1102,9,4,4,0,0,1,1,1,1785489970
2026-07-31T09:45:21Z,1103,10,5,11,0,0,1,1,1,1785487895
2026-07-31T09:45:21Z,1104,10,5,11,0,0,1,1,1,1785490435
2026-07-31T09:45:21Z,1105,7,3,6,0,0,1,1,1,1785489856
2026-07-31T09:45:21Z,1106,13,7,8,0,0,1,1,1,1785490774
2026-07-31T09:45:21Z,1107,9,5,6,0,0,1,1,1,1785491068
2026-07-31T09:45:21Z,1108,6,3,18,3,0,1,1,1,1785489740
2026-07-31T09:45:21Z,1109,6,1,9,0,0,1,1,1,1785491025
2026-07-31T09:45:21Z,1110,12,4,9,0,0,1,1,1,1785490304
2026-07-31T09:45:21Z,1111,3,2,18,0,0,1,1,1,1785475740
2026-07-31T09:45:21Z,1112,38,0,15,0,0,1,1,1,1785490845
2026-07-31T09:45:21Z,1113,1,0,20,0,0,1,1,1,1785490262
2026-07-31T09:45:21Z,1115,17,5,3,3,0,1,1,1,1785489652
2026-07-31T09:45:21Z,1116,5,1,14,0,0,1,1,1,1785490972
2026-07-31T09:45:21Z,1117,10,3,13,0,0,1,1,1,1785489534
2026-07-31T09:45:21Z,1118,16,1,3,2,0,1,1,1,1785490783
2026-07-31T09:45:21Z,1119,13,1,4,0,0,1,1,1,1785490171
2026-07-31T09:45:21Z,1120,13,0,6,0,0,1,1,1,1785491052
2026-07-31T09:45:21Z,1121,14,2,4,3,0,1,1,1,1785488201
2026-07-31T09:45:21Z,1122,17,9,1,3,0,1,1,1,1785490368
2026-07-31T09:45:21Z,1123,6,3,15,2,0,1,1,1,1785490611
2026-07-31T09:45:21Z,1124,8,0,2,5,0,1,1,1,1785490783
2026-07-31T09:45:21Z,1125,15,1,8,0,0,1,1,1,1785489432
2026-07-31T09:45:21Z,1126,4,0,16,1,0,1,1,1,1785490573
2026-07-31T09:45:21Z,1127,6,1,12,1,0,1,1,1,1785489477
2026-07-31T09:45:21Z,1128,14,2,0,1,0,1,1,1,1785490974
2026-07-31T09:45:21Z,1129,3,2,17,1,0,1,1,1,1785490699
2026-07-31T09:45:21Z,1130,6,0,9,0,0,1,1,1,1785490762
2026-07-31T09:45:21Z,1131,0,0,48,1,0,1,1,1,1785489908
2026-07-31T09:45:21Z,1132,13,6,7,1,0,1,1,1,1785490857
2026-07-31T09:45:21Z,1133,15,12,5,1,0,1,1,1,1785490785
2026-07-31T09:45:21Z,1134,11,7,8,0,0,1,1,1,1785489661
2026-07-31T09:45:21Z,1135,10,5,11,0,0,1,1,1,1785490572
2026-07-31T09:45:21Z,1136,6,0,17,0,0,1,1,1,1785489326
2026-07-31T09:45:21Z,1137,13,0,2,0,0,1,1,1,1785490892
2026-07-31T09:45:21Z,1138,15,2,4,0,0,1,1,1,1785490933
2026-07-31T09:45:21Z,1139,18,4,1,2,0,1,1,1,1785489648
2026-07-31T09:45:21Z,1140,22,3,0,1,0,1,1,1,1785490679
2026-07-31T09:45:21Z,1141,2,1,19,0,0,1,1,1,1785490372
2026-07-31T09:45:21Z,1142,2,0,19,0,0,1,1,1,1785489794
2026-07-31T09:45:21Z,1143,20,0,8,1,0,1,1,1,1785490706
2026-07-31T09:45:21Z,1144,7,1,13,1,0,1,1,1,1785489399
2026-07-31T09:45:21Z,1145,13,6,7,1,0,1,1,1,1785490715
2026-07-31T09:45:21Z,1146,10,0,5,4,0,1,1,1,1785490511
2026-07-31T09:45:21Z,1147,3,0,16,0,0,1,1,1,1785490897
2026-07-31T09:45:21Z,1148,24,6,7,0,0,1,1,1,1785490311
2026-07-31T09:45:21Z,1149,4,4,21,0,0,1,1,1,1785490619
2026-07-31T09:45:21Z,1150,18,1,1,0,0,1,1,1,1785490758
2026-07-31T09:45:21Z,1151,12,0,9,0,0,1,1,1,1785489803
2026-07-31T09:45:21Z,1152,18,1,11,0,0,1,1,1,1785491080
2026-07-31T09:45:21Z,1153,22,6,0,1,0,1,1,1,1785489690
2026-07-31T09:45:21Z,1154,13,1,6,0,0,1,1,1,1785490403
2026-07-31T09:45:21Z,1155,15,6,5,1,0,1,1,1,1785490963
2026-07-31T09:45:21Z,1158,3,0,15,1,0,1,1,1,1785490861
2026-07-31T09:45:21Z,1159,13,1,6,0,0,1,1,1,1785489401
2026-07-31T09:45:21Z,1160,9,1,9,1,0,1,1,1,1785489964
2026-07-31T09:45:21Z,1161,3,0,15,1,0,1,1,1,1785489535
2026-07-31T09:45:21Z,1162,2,1,17,0,0,1,1,1,1785489785
2026-07-31T09:45:21Z,1163,1,1,17,1,0,1,1,1,1785490977
2026-07-31T09:45:21Z,1164,6,1,13,0,0,1,1,1,1785491036
2026-07-31T09:45:21Z,1165,5,0,16,0,0,1,1,1,1785489953
2026-07-31T09:45:21Z,1166,12,3,8,1,0,1,1,1,1785489466
2026-07-31T09:45:21Z,1167,4,0,11,0,0,1,1,1,1785490746
2026-07-31T09:45:21Z,1168,2,1,20,1,0,1,1,1,1785489415
2026-07-31T09:45:21Z,1169,3,0,15,1,0,1,1,1,1785490884
2026-07-31T09:45:21Z,1170,6,0,14,1,0,1,1,1,1785489438
2026-07-31T09:45:21Z,1171,8,7,14,1,0,1,1,1,1785490926
2026-07-31T09:45:21Z,1172,7,2,6,2,0,1,1,1,1785491055
2026-07-31T09:45:21Z,1173,13,5,6,0,0,1,1,1,1785489316
2026-07-31T09:45:21Z,1174,6,3,9,0,0,1,1,1,1785490886
2026-07-31T09:45:21Z,1175,9,5,10,0,0,1,1,1,1785488201
2026-07-31T09:45:21Z,1176,19,1,2,0,0,1,1,1,1785490337
2026-07-31T09:45:21Z,1177,2,0,19,0,0,1,1,1,1785490259
2026-07-31T09:45:21Z,1178,2,1,13,0,0,1,1,1,1785490784
2026-07-31T09:45:21Z,1181,10,0,4,1,0,1,1,1,1785490378
2026-07-31T09:45:21Z,1182,0,0,20,0,0,1,1,1,1785489557
2026-07-31T09:45:21Z,1183,1,0,42,2,0,1,1,1,1785490816
2026-07-31T09:45:21Z,1184,12,6,8,1,0,1,1,1,1785490441
2026-07-31T09:45:21Z,1185,10,5,11,0,0,1,1,1,1785490385
2026-07-31T09:45:21Z,1186,9,5,10,0,0,1,1,1,1785489584
2026-07-31T09:45:21Z,1187,12,6,8,1,0,1,1,1,1785489943
2026-07-31T09:45:21Z,1188,9,3,6,0,0,1,1,1,1785491074
2026-07-31T09:45:21Z,1189,10,5,9,0,0,1,1,1,1785489344
2026-07-31T09:45:21Z,1190,10,5,11,0,0,1,1,1,1785490554
2026-07-31T09:45:21Z,1191,10,5,5,0,0,1,1,1,1785491082
2026-07-31T09:45:21Z,1192,10,6,10,1,0,1,1,1,1785490923
2026-07-31T09:45:21Z,1193,6,4,5,2,0,1,1,1,1785490078
2026-07-31T09:45:21Z,1197,9,6,7,1,0,1,1,1,1785490160
2026-07-31T09:45:21Z,1198,14,4,5,2,0,1,1,1,1785489629
2026-07-31T09:45:21Z,1199,2,0,17,0,0,1,1,1,1785489646
2026-07-31T09:45:21Z,1200,11,5,4,0,0,1,1,1,1785491118
2026-07-31T09:45:21Z,1201,11,5,4,0,0,1,1,1,1785491095
2026-07-31T09:45:21Z,1202,12,6,3,0,0,1,1,1,1785489380
2026-07-31T09:45:21Z,1203,9,6,6,0,0,1,1,1,1785491091
2026-07-31T09:45:21Z,1204,7,3,11,1,0,1,1,1,1785490835
2026-07-31T09:45:21Z,1206,11,5,10,0,0,1,1,1,1785490053
2026-07-31T09:45:21Z,1207,8,4,6,1,0,1,1,1,1785489594
2026-07-31T09:45:21Z,1208,7,2,11,1,0,1,1,1,1785489499
2026-07-31T09:45:21Z,1216,7,0,13,1,0,1,1,1,1785490283
2026-07-31T09:45:21Z,1218,4,0,17,0,0,1,1,1,1785490677
2026-07-31T09:45:21Z,1219,6,1,8,1,0,1,1,1,1785490545
2026-07-31T09:45:21Z,1220,14,7,4,1,0,1,1,1,1785490573
2026-07-31T09:45:21Z,1221,1,1,19,1,0,1,1,1,1785490274
2026-07-31T09:45:21Z,1222,28,1,1,0,0,1,1,1,1785490931
2026-07-31T09:45:21Z,1223,23,0,6,0,0,1,1,1,1785490764
2026-07-31T09:45:21Z,1226,0,0,3,0,0,0,1,1,1781868931
2026-07-31T09:45:21Z,1227,22,1,3,0,0,1,1,1,1785490790
2026-07-31T09:45:21Z,1228,17,1,11,1,0,1,1,1,1785490473
2026-07-31T09:45:21Z,1229,35,0,10,0,0,1,1,1,1785490981
2026-07-31T09:50:21Z,1,1,0,22,0,0,1,1,1,1785491228
2026-07-31T09:50:21Z,2,23,0,1,3,0,1,1,1,1785489989
2026-07-31T09:50:21Z,3,9,0,4,1,0,1,1,1,1785485488
2026-07-31T09:50:21Z,4,1,0,20,1,0,1,1,1,1785487895
2026-07-31T09:50:21Z,5,9,3,13,1,0,1,1,1,1785484887
2026-07-31T09:50:21Z,6,6,2,9,0,0,1,1,1,1785486991
2026-07-31T09:50:21Z,7,1,1,38,0,0,1,1,1,1785487290
2026-07-31T09:50:21Z,8,0,0,43,0,0,1,1,1,1785487014
2026-07-31T09:50:21Z,9,0,0,22,1,0,1,1,1,1785487593
2026-07-31T09:50:21Z,10,2,0,19,3,0,1,1,1,1785491289
2026-07-31T09:50:21Z,11,15,6,3,1,0,1,1,1,1785491275
2026-07-31T09:50:21Z,12,0,0,23,0,0,1,1,1,1785490105
2026-07-31T09:50:21Z,13,11,0,19,0,0,1,1,1,1785488834
2026-07-31T09:50:21Z,14,2,0,40,0,1,1,1,1,1785490856
2026-07-31T09:50:21Z,15,3,0,12,0,0,1,1,1,1785488861
2026-07-31T09:50:21Z,16,8,0,16,2,1,1,1,1,1785487292
2026-07-31T09:50:21Z,17,8,0,18,1,0,1,1,1,1785488377
2026-07-31T09:50:21Z,18,7,0,9,2,0,1,1,1,1785488039
2026-07-31T09:50:21Z,19,7,0,19,1,0,1,1,1,1785491211
2026-07-31T09:50:21Z,20,32,0,3,0,0,1,1,1,1785485188
2026-07-31T09:50:21Z,21,1,0,17,1,0,1,1,1,1785484888
2026-07-31T09:50:21Z,22,19,0,45,1,0,1,1,1,1785490884
2026-07-31T09:50:21Z,23,10,5,21,0,0,1,1,1,1785487895
2026-07-31T09:50:21Z,24,0,0,9,2,0,1,1,1,1785491407
2026-07-31T09:50:21Z,25,2,2,78,0,1,1,1,1,1785491184
2026-07-31T09:50:21Z,26,0,0,27,0,0,1,1,1,1785485188
2026-07-31T09:50:21Z,28,15,3,0,0,0,1,1,1,1785486991
2026-07-31T09:50:21Z,30,1,0,27,1,0,1,1,1,1785486089
2026-07-31T09:50:21Z,31,0,0,17,2,0,1,1,1,1785491280
2026-07-31T09:50:21Z,32,24,4,3,0,0,1,1,1,1785487895
2026-07-31T09:50:21Z,34,1,0,35,1,0,1,1,1,1785490647
2026-07-31T09:50:21Z,35,2,1,44,1,0,1,1,1,1785486762
2026-07-31T09:50:21Z,36,0,0,0,0,0,0,1,1,86400
2026-07-31T09:50:21Z,37,0,0,23,0,0,1,1,1,1785487041
2026-07-31T09:50:21Z,38,1,0,22,0,0,1,1,1,1785490318
2026-07-31T09:50:21Z,39,24,6,15,0,0,1,1,1,1785490063
2026-07-31T09:50:21Z,40,13,0,7,1,0,1,1,1,1785485488
2026-07-31T09:50:21Z,41,1,0,41,1,0,1,1,1,1785488255
2026-07-31T09:50:21Z,42,31,8,0,0,0,1,1,1,1785472558
2026-07-31T09:50:21Z,43,5,0,18,0,0,1,1,1,1785490390
2026-07-31T09:50:21Z,45,1,0,27,1,0,1,1,1,1785485789
2026-07-31T09:50:21Z,46,12,2,19,0,0,1,1,1,1785491240
2026-07-31T09:50:21Z,47,13,5,1,1,0,1,1,1,1785489312
2026-07-31T09:50:21Z,48,20,0,7,0,0,1,1,1,1785487579
2026-07-31T09:50:21Z,49,4,0,16,3,0,1,1,1,1785491402
2026-07-31T09:50:21Z,50,1,1,18,0,0,1,1,1,1785488641
2026-07-31T09:50:21Z,51,68,0,9,0,0,1,1,1,1785487292
2026-07-31T09:50:21Z,52,0,0,24,3,0,1,1,1,1785491337
2026-07-31T09:50:21Z,55,1,1,22,0,0,1,1,1,1785487781
2026-07-31T09:50:21Z,56,0,0,43,0,0,1,1,1,1785487593
2026-07-31T09:50:21Z,57,0,0,27,0,0,1,1,1,1785486089
2026-07-31T09:50:21Z,58,0,0,28,0,0,1,1,1,1785489985
2026-07-31T09:50:21Z,59,0,0,25,2,0,1,1,1,1785491172
2026-07-31T09:50:21Z,61,1,1,38,0,0,1,1,1,1785490335
2026-07-31T09:50:21Z,62,2,0,46,1,0,1,1,1,1785491075
2026-07-31T09:50:21Z,63,14,0,5,0,0,1,1,1,1785486089
2026-07-31T09:50:21Z,64,9,0,6,4,0,1,1,1,1785486992
2026-07-31T09:50:21Z,65,16,7,2,1,0,1,1,1,1785491350
2026-07-31T09:50:21Z,67,17,0,22,0,0,1,1,1,1785485188
2026-07-31T09:50:21Z,68,0,0,37,0,0,1,1,1,1785488201
2026-07-31T09:50:21Z,69,15,2,0,0,0,1,1,1,1785485188
2026-07-31T09:50:21Z,71,0,0,26,1,0,1,1,1,1785491326
2026-07-31T09:50:21Z,72,18,5,11,2,0,1,1,1,1785490995
2026-07-31T09:50:21Z,73,0,0,31,0,0,1,1,1,1785488201
2026-07-31T09:50:21Z,74,13,6,6,0,0,1,1,1,1785489103
2026-07-31T09:50:21Z,75,0,0,31,1,0,1,1,1,1785487292
2026-07-31T09:50:21Z,76,18,0,0,1,0,1,1,1,1785491401
2026-07-31T09:50:21Z,77,24,1,2,1,0,1,1,1,1785488624
2026-07-31T09:50:21Z,78,9,4,13,1,0,1,1,1,1785490382
2026-07-31T09:50:21Z,79,5,3,11,1,0,1,1,1,1785491374
2026-07-31T09:50:21Z,80,18,0,2,3,0,1,1,1,1785491403
2026-07-31T09:50:21Z,81,5,0,26,0,0,1,1,1,1785486390
2026-07-31T09:50:21Z,82,12,0,11,0,0,1,1,1,1785486690
2026-07-31T09:50:21Z,83,8,1,25,1,0,1,1,1,1785491398
2026-07-31T09:50:21Z,84,27,0,0,0,0,1,1,1,1785487883
2026-07-31T09:50:21Z,85,1,1,14,0,0,1,1,1,1785486991
2026-07-31T09:50:21Z,86,25,0,1,1,0,1,1,1,1785486691
2026-07-31T09:50:21Z,87,10,0,9,0,0,1,1,1,1785488201
2026-07-31T09:50:21Z,88,1,0,41,1,0,1,1,1,1785490680
2026-07-31T09:50:21Z,89,22,0,13,0,0,1,1,1,1785487292
2026-07-31T09:50:21Z,90,6,2,10,2,0,1,1,1,1785490958
2026-07-31T09:50:21Z,91,13,0,4,0,0,1,1,1,1785490693
2026-07-31T09:50:21Z,92,10,4,6,3,0,1,1,1,1785491114
2026-07-31T09:50:21Z,93,0,0,23,0,0,1,1,1,1785486390
2026-07-31T09:50:21Z,94,2,0,16,1,0,1,1,1,1785486390
2026-07-31T09:50:21Z,95,25,2,8,1,1,1,1,1,1785491406
2026-07-31T09:50:21Z,96,29,0,1,1,0,1,1,1,1785488201
2026-07-31T09:50:21Z,97,0,0,16,1,0,1,1,1,1785491210
2026-07-31T09:50:21Z,98,19,0,15,1,0,1,1,1,1785486089
2026-07-31T09:50:21Z,99,4,2,11,0,0,1,1,1,1785486802
2026-07-31T09:50:21Z,100,1,0,26,0,0,1,1,1,1785488201
2026-07-31T09:50:21Z,101,1,0,13,1,0,1,1,1,1785485789
2026-07-31T09:50:21Z,102,0,0,23,0,0,1,1,1,1785487553
2026-07-31T09:50:21Z,103,5,0,25,0,0,1,1,1,1785489200
2026-07-31T09:50:21Z,104,0,0,25,2,0,1,1,1,1785491408
2026-07-31T09:50:21Z,105,16,1,3,0,0,1,1,1,1785486390
2026-07-31T09:50:21Z,106,1,0,20,0,0,1,1,1,1785490634
2026-07-31T09:50:21Z,107,0,0,37,0,0,1,1,1,1785485489
2026-07-31T09:50:21Z,108,15,1,20,0,0,1,1,1,1785489455
2026-07-31T09:50:21Z,109,7,0,16,0,0,1,1,1,1785489961
2026-07-31T09:50:21Z,110,14,2,9,0,0,1,1,1,1785488165
2026-07-31T09:50:21Z,111,1,0,35,0,0,1,1,1,1785490951
2026-07-31T09:50:21Z,112,4,0,10,1,0,1,1,1,1785490423
2026-07-31T09:50:21Z,113,5,0,11,3,0,1,1,1,1785491367
2026-07-31T09:50:21Z,114,6,6,23,1,1,1,1,1,1785491135
2026-07-31T09:50:21Z,115,3,1,23,2,0,1,1,1,1785479033
2026-07-31T09:50:21Z,116,3,3,23,1,0,1,1,1,1785487594
2026-07-31T09:50:21Z,118,20,9,0,3,0,1,1,1,1785490019
2026-07-31T09:50:21Z,119,32,2,2,4,0,1,1,1,1785489175
2026-07-31T09:50:21Z,120,22,1,4,1,0,1,1,1,1785491101
2026-07-31T09:50:21Z,121,6,2,12,0,1,1,1,1,1785491157
2026-07-31T09:50:21Z,122,11,0,9,1,0,1,1,1,1785490756
2026-07-31T09:50:21Z,123,8,1,39,0,0,1,1,1,1785485188
2026-07-31T09:50:21Z,124,32,1,3,0,0,1,1,1,1785486746
2026-07-31T09:50:21Z,125,6,2,17,0,0,1,1,1,1785490205
2026-07-31T09:50:21Z,126,25,2,6,0,0,1,1,1,1785491001
2026-07-31T09:50:21Z,127,8,0,25,2,0,1,1,1,1785491227
2026-07-31T09:50:21Z,128,17,1,2,0,0,1,1,1,1785490685
2026-07-31T09:50:21Z,129,17,1,0,2,0,1,1,1,1785486089
2026-07-31T09:50:21Z,130,5,1,12,0,0,1,1,1,1785490452
2026-07-31T09:50:21Z,131,9,3,0,2,0,1,1,1,1785490792
2026-07-31T09:50:21Z,132,13,6,1,0,1,1,1,1,1785490417
2026-07-31T09:50:21Z,134,5,0,13,5,0,1,1,1,1785491261
2026-07-31T09:50:21Z,135,8,4,10,1,0,1,1,1,1785488917
2026-07-31T09:50:21Z,136,7,0,8,1,7,1,1,1,1785491322
2026-07-31T09:50:21Z,137,9,2,10,0,0,1,1,1,1785491408
2026-07-31T09:50:21Z,138,35,2,2,0,0,1,1,1,1785491401
2026-07-31T09:50:21Z,139,18,4,1,0,0,1,1,1,1785490729
2026-07-31T09:50:21Z,140,18,9,3,2,0,1,1,1,1785491407
2026-07-31T09:50:21Z,141,31,1,5,0,0,1,1,1,1785485909
2026-07-31T09:50:21Z,142,23,1,0,0,0,1,1,1,1785490160
2026-07-31T09:50:21Z,143,13,3,17,1,0,1,1,1,1785487895
2026-07-31T09:50:21Z,144,23,1,4,0,0,1,1,1,1785486390
2026-07-31T09:50:21Z,146,8,1,14,1,0,1,1,1,1785486463
2026-07-31T09:50:21Z,147,9,2,8,2,0,1,1,1,1785491400
2026-07-31T09:50:21Z,148,25,0,1,0,1,1,1,1,1785491206
2026-07-31T09:50:21Z,149,17,4,9,1,0,1,1,1,1785489364
2026-07-31T09:50:21Z,150,31,7,2,2,0,1,1,1,1785491110
2026-07-31T09:50:21Z,151,20,7,3,0,0,1,1,1,1785491384
2026-07-31T09:50:21Z,152,20,1,3,4,0,1,1,1,1785491113
2026-07-31T09:50:21Z,153,12,1,13,6,0,1,1,1,1785491236
2026-07-31T09:50:21Z,154,14,3,6,3,0,1,1,1,1785491100
2026-07-31T09:50:21Z,155,9,4,4,1,0,1,1,1,1785491245
2026-07-31T09:50:21Z,156,15,1,4,0,0,1,1,1,1785489085
2026-07-31T09:50:21Z,157,15,0,10,2,0,1,1,1,1785491258
2026-07-31T09:50:21Z,158,16,2,0,0,0,1,1,1,1785488201
2026-07-31T09:50:21Z,159,5,2,14,0,0,1,1,1,1785488201
2026-07-31T09:50:21Z,160,19,1,0,0,0,1,1,1,1785487895
2026-07-31T09:50:21Z,161,17,3,5,0,0,1,1,1,1785491045
2026-07-31T09:50:21Z,162,10,0,16,1,0,1,1,1,1785488396
2026-07-31T09:50:21Z,163,30,3,1,0,0,1,1,1,1785489189
2026-07-31T09:50:21Z,164,25,7,2,0,0,1,1,1,1785486691
2026-07-31T09:50:21Z,165,21,10,9,1,0,1,1,1,1785490458
2026-07-31T09:50:21Z,166,32,8,3,4,0,1,1,1,1785491408
2026-07-31T09:50:21Z,167,19,9,2,2,0,1,1,1,1785491219
2026-07-31T09:50:21Z,168,20,0,6,1,0,1,1,1,1785491215
2026-07-31T09:50:21Z,169,1,0,21,0,1,1,1,1,1785487293
2026-07-31T09:50:21Z,170,17,4,0,2,0,1,1,1,1785488379
2026-07-31T09:50:21Z,171,10,3,1,2,0,1,1,1,1785491098
2026-07-31T09:50:21Z,173,37,0,2,0,0,1,1,1,1785490623
2026-07-31T09:50:21Z,174,22,1,2,2,0,1,1,1,1785487895
2026-07-31T09:50:21Z,175,8,0,23,0,0,1,1,1,1785491110
2026-07-31T09:50:21Z,176,5,2,9,0,1,1,1,1,1785491280
2026-07-31T09:50:21Z,177,19,1,8,0,0,1,1,1,1785490600
2026-07-31T09:50:21Z,178,2,0,10,2,1,1,1,1,1785491408
2026-07-31T09:50:21Z,179,11,1,3,1,0,1,1,1,1785486089
2026-07-31T09:50:21Z,180,27,0,3,0,0,1,1,1,1785487594
2026-07-31T09:50:21Z,181,11,1,3,1,0,1,1,1,1785491378
2026-07-31T09:50:21Z,182,15,1,2,0,0,1,1,1,1785489885
2026-07-31T09:50:21Z,183,15,0,8,0,0,1,1,1,1785491239
2026-07-31T09:50:21Z,184,0,0,22,1,0,1,1,1,1785488157
2026-07-31T09:50:21Z,185,12,1,0,2,1,1,1,1,1785484888
2026-07-31T09:50:21Z,186,4,1,15,0,0,1,1,1,1785487895
2026-07-31T09:50:21Z,187,8,0,19,1,0,1,1,1,1785490132
2026-07-31T09:50:21Z,188,12,0,7,8,0,1,1,1,1785491393
2026-07-31T09:50:21Z,189,15,4,0,0,0,1,1,1,1785487895
2026-07-31T09:50:21Z,190,3,0,20,0,0,1,1,1,1785491273
2026-07-31T09:50:21Z,191,2,1,37,0,0,1,1,1,1785486690
2026-07-31T09:50:21Z,192,12,4,16,3,0,1,1,1,1785486089
2026-07-31T09:50:21Z,193,1,0,14,0,0,1,1,1,1785490688
2026-07-31T09:50:21Z,194,17,1,9,1,0,1,1,1,1785486691
2026-07-31T09:50:21Z,195,12,1,5,2,0,1,1,1,1785487594
2026-07-31T09:50:21Z,196,24,1,0,3,0,1,1,1,1785491342
2026-07-31T09:50:21Z,197,16,3,1,1,1,1,1,1,1785489625
2026-07-31T09:50:21Z,198,20,16,3,0,0,1,1,1,1785491110
2026-07-31T09:50:21Z,199,6,5,6,3,0,1,1,1,1785489674
2026-07-31T09:50:21Z,200,15,0,10,1,0,1,1,1,1785486390
2026-07-31T09:50:21Z,201,7,3,16,0,0,1,1,1,1785490142
2026-07-31T09:50:21Z,202,0,0,27,0,0,1,1,1,1785486691
2026-07-31T09:50:21Z,203,26,3,4,1,0,1,1,1,1785487252
2026-07-31T09:50:21Z,204,30,1,4,1,0,1,1,1,1785490206
2026-07-31T09:50:21Z,205,13,1,14,0,0,1,1,1,1785488894
2026-07-31T09:50:21Z,206,1,1,13,1,0,1,1,1,1785486448
2026-07-31T09:50:21Z,207,12,0,8,1,0,1,1,1,1785491125
2026-07-31T09:50:21Z,208,2,0,27,0,0,1,1,1,1785486390
2026-07-31T09:50:21Z,209,7,0,22,2,0,1,1,1,1785491138
2026-07-31T09:50:21Z,210,23,2,4,0,0,1,1,1,1785485488
2026-07-31T09:50:21Z,211,14,6,8,1,0,1,1,1,1785490780
2026-07-31T09:50:21Z,212,24,0,10,1,0,1,1,1,1785491328
2026-07-31T09:50:21Z,213,12,1,9,2,0,1,1,1,1785491134
2026-07-31T09:50:21Z,214,29,0,14,4,0,1,1,1,1785490284
2026-07-31T09:50:21Z,215,6,2,16,1,0,1,1,1,1785490465
2026-07-31T09:50:21Z,216,9,0,9,1,0,1,1,1,1785487593
2026-07-31T09:50:21Z,217,9,0,19,1,0,1,1,1,1785491176
2026-07-31T09:50:21Z,218,21,5,16,2,0,1,1,1,1785491342
2026-07-31T09:50:21Z,219,1,1,24,1,0,1,1,1,1785489320
2026-07-31T09:50:21Z,220,23,6,18,1,1,1,1,1,1785491278
2026-07-31T09:50:21Z,221,13,8,1,1,0,1,1,1,1785491306
2026-07-31T09:50:21Z,222,13,11,4,2,0,1,1,1,1785491355
2026-07-31T09:50:21Z,223,8,3,24,3,0,1,1,1,1785491201
2026-07-31T09:50:21Z,224,7,5,14,1,0,1,1,1,1785487750
2026-07-31T09:50:21Z,225,10,0,3,6,0,1,1,1,1785487206
2026-07-31T09:50:21Z,226,30,10,1,0,0,1,1,1,1785491255
2026-07-31T09:50:21Z,227,19,13,7,0,1,1,1,1,1785485181
2026-07-31T09:50:21Z,228,1,0,17,1,0,1,1,1,1785484888
2026-07-31T09:50:21Z,230,16,9,10,0,0,1,1,1,1785486691
2026-07-31T09:50:21Z,232,13,6,3,1,0,1,1,1,1785486390
2026-07-31T09:50:21Z,233,19,0,10,2,0,1,1,1,1785487026
2026-07-31T09:50:21Z,234,7,3,7,3,2,1,1,1,1785491043
2026-07-31T09:50:21Z,236,12,2,7,0,0,1,1,1,1785491381
2026-07-31T09:50:21Z,237,21,4,1,1,0,1,1,1,1785489236
2026-07-31T09:50:21Z,239,23,18,1,3,0,1,1,1,1785486691
2026-07-31T09:50:21Z,241,18,6,5,0,0,1,1,1,1785490525
2026-07-31T09:50:21Z,242,1,1,21,1,0,1,1,1,1785487593
2026-07-31T09:50:21Z,243,10,0,20,1,0,1,1,1,1785491059
2026-07-31T09:50:21Z,244,13,1,13,1,0,1,1,1,1785488405
2026-07-31T09:50:21Z,245,6,4,17,0,0,1,1,1,1785490437
2026-07-31T09:50:21Z,246,13,0,10,0,0,1,1,1,1785487895
2026-07-31T09:50:21Z,247,12,10,10,1,0,1,1,1,1785488201
2026-07-31T09:50:21Z,248,18,3,2,3,0,1,1,1,1785490306
2026-07-31T09:50:21Z,249,2,0,17,0,0,1,1,1,1785488201
2026-07-31T09:50:21Z,250,23,5,4,0,0,1,1,1,1785487895
2026-07-31T09:50:21Z,251,22,5,2,3,0,1,1,1,1785486991
2026-07-31T09:50:21Z,253,8,4,10,1,0,1,1,1,1785491210
2026-07-31T09:50:21Z,254,26,21,16,1,0,1,1,1,1785485789
2026-07-31T09:50:21Z,255,5,0,17,0,1,1,1,1,1785491339
2026-07-31T09:50:21Z,256,9,4,12,2,0,1,1,1,1785490433
2026-07-31T09:50:21Z,257,13,5,5,1,0,1,1,1,1785489536
2026-07-31T09:50:21Z,258,1,0,18,0,0,1,1,1,1785482036
2026-07-31T09:50:21Z,259,20,3,2,0,1,1,1,1,1785490854
2026-07-31T09:50:21Z,260,14,4,2,3,0,1,1,1,1785486424
2026-07-31T09:50:21Z,261,15,0,2,1,1,1,1,1,1785489370
2026-07-31T09:50:21Z,262,20,11,3,0,0,1,1,1,1785490512
2026-07-31T09:50:21Z,263,14,3,1,0,0,1,1,1,1785491399
2026-07-31T09:50:21Z,264,18,6,0,1,0,1,1,1,1785488201
2026-07-31T09:50:21Z,265,14,0,1,0,0,1,1,1,1785490183
2026-07-31T09:50:21Z,266,16,7,0,3,0,1,1,1,1785488864
2026-07-31T09:50:21Z,267,7,3,6,2,0,1,1,1,1785484888
2026-07-31T09:50:21Z,268,23,9,0,0,0,1,1,1,1785484887
2026-07-31T09:50:21Z,269,10,4,12,1,0,1,1,1,1785490639
2026-07-31T09:50:21Z,270,24,2,3,0,0,1,1,1,1785491394
2026-07-31T09:50:21Z,271,0,0,17,2,0,1,1,1,1785486991
2026-07-31T09:50:21Z,272,13,13,9,1,0,1,1,1,1785486390
2026-07-31T09:50:21Z,273,14,5,1,0,0,1,1,1,1785484888
2026-07-31T09:50:21Z,274,17,7,1,1,0,1,1,1,1785490514
2026-07-31T09:50:21Z,275,13,0,6,2,2,1,1,1,1785491183
2026-07-31T09:50:21Z,276,1,0,26,0,0,1,1,1,1785486991
2026-07-31T09:50:21Z,277,12,1,6,5,0,1,1,1,1785488201
2026-07-31T09:50:21Z,278,23,2,5,2,1,1,1,1,1785487967
2026-07-31T09:50:21Z,279,17,0,2,0,0,1,1,1,1785487347
2026-07-31T09:50:21Z,280,9,1,20,2,0,1,1,1,1785491333
2026-07-31T09:50:21Z,281,19,0,0,0,0,1,1,1,1785486089
2026-07-31T09:50:21Z,282,5,2,13,0,0,1,1,1,1785484887
2026-07-31T09:50:21Z,283,34,1,1,0,0,1,1,1,1785486992
2026-07-31T09:50:21Z,284,18,4,15,2,0,1,1,1,1785488133
2026-07-31T09:50:21Z,285,8,7,15,0,0,1,1,1,1785485188
2026-07-31T09:50:21Z,286,16,15,2,5,0,1,1,1,1785488250
2026-07-31T09:50:21Z,287,13,4,7,3,0,1,1,1,1785484887
2026-07-31T09:50:21Z,288,14,10,5,0,0,1,1,1,1785486991
2026-07-31T09:50:21Z,289,24,3,0,3,0,1,1,1,1785488202
2026-07-31T09:50:21Z,290,7,0,31,1,0,1,1,1,1785486991
2026-07-31T09:50:21Z,291,10,2,11,2,0,1,1,1,1785490741
2026-07-31T09:50:21Z,292,22,0,1,0,0,1,1,1,1785485789
2026-07-31T09:50:21Z,293,17,10,6,0,0,1,1,1,1785486991
2026-07-31T09:50:21Z,294,0,0,21,1,0,1,1,1,1785486991
2026-07-31T09:50:21Z,297,13,3,3,2,1,1,1,1,1785491404
2026-07-31T09:50:21Z,301,17,1,2,0,0,1,1,1,1785486691
2026-07-31T09:50:21Z,302,0,0,23,0,0,1,1,1,1785486991
2026-07-31T09:50:21Z,303,19,0,0,0,0,1,1,1,1785485188
2026-07-31T09:50:21Z,304,0,0,0,0,0,0,1,1,86400
2026-07-31T09:50:21Z,305,19,0,0,0,0,1,1,1,1785485188
2026-07-31T09:50:21Z,306,2,0,29,1,0,1,1,1,1785485188
2026-07-31T09:50:21Z,307,18,1,3,1,1,1,1,1,1785491139
2026-07-31T09:50:21Z,308,14,0,3,2,0,1,1,1,1785485188
2026-07-31T09:50:21Z,309,13,3,0,1,0,1,1,1,1785488427
2026-07-31T09:50:21Z,311,15,0,0,0,0,1,1,1,1785486992
2026-07-31T09:50:21Z,312,6,3,12,4,1,1,1,1,1785491148
2026-07-31T09:50:21Z,313,3,1,12,0,0,1,1,1,1785486991
2026-07-31T09:50:21Z,314,4,3,11,3,0,1,1,1,1785486991
2026-07-31T09:50:21Z,315,23,6,6,2,0,1,1,1,1785491141
2026-07-31T09:50:21Z,316,4,1,20,6,1,1,1,1,1785491344
2026-07-31T09:50:21Z,317,0,0,30,0,1,1,1,1,1785491308
2026-07-31T09:50:21Z,318,16,0,3,0,0,1,1,1,1785486991
2026-07-31T09:50:21Z,319,18,3,4,1,0,1,1,1,1785491234
2026-07-31T09:50:21Z,320,18,5,0,1,0,1,1,1,1785491087
2026-07-31T09:50:21Z,321,8,1,7,4,0,1,1,1,1785491254
2026-07-31T09:50:21Z,322,4,1,24,1,0,1,1,1,1785489880
2026-07-31T09:50:21Z,323,8,0,11,0,0,1,1,1,1785487292
2026-07-31T09:50:21Z,324,7,2,19,1,0,1,1,1,1785491405
2026-07-31T09:50:21Z,325,4,3,21,2,0,1,1,1,1785489487
2026-07-31T09:50:21Z,327,26,0,0,1,0,1,1,1,1785489831
2026-07-31T09:50:21Z,328,20,0,1,1,0,1,1,1,1785484794
2026-07-31T09:50:21Z,329,17,0,0,2,0,1,1,1,1785487643
2026-07-31T09:50:21Z,330,3,0,19,0,0,1,1,1,1785485188
2026-07-31T09:50:21Z,331,12,3,10,1,0,1,1,1,1785487675
2026-07-31T09:50:21Z,332,10,3,7,2,0,1,1,1,1785487292
2026-07-31T09:50:21Z,333,2,1,20,1,0,1,1,1,1785487896
2026-07-31T09:50:21Z,334,11,8,12,0,0,1,1,1,1785487804
2026-07-31T09:50:21Z,335,3,2,18,1,1,1,1,1,1785487292
2026-07-31T09:50:21Z,336,18,2,1,0,0,1,1,1,1785487293
2026-07-31T09:50:21Z,337,17,3,1,5,0,1,1,1,1785491320
2026-07-31T09:50:21Z,338,17,8,2,0,0,1,1,1,1785487389
2026-07-31T09:50:21Z,339,21,11,2,0,0,1,1,1,1785491284
2026-07-31T09:50:21Z,340,13,11,1,1,0,1,1,1,1785491300
2026-07-31T09:50:21Z,341,11,4,8,0,0,1,1,1,1785487352
2026-07-31T09:50:21Z,342,12,6,1,2,0,1,1,1,1785490143
2026-07-31T09:50:21Z,343,21,1,1,1,0,1,1,1,1785487543
2026-07-31T09:50:21Z,344,23,9,0,0,0,1,1,1,1785488186
2026-07-31T09:50:21Z,345,19,3,0,0,0,1,1,1,1785487292
2026-07-31T09:50:21Z,346,9,6,14,0,0,1,1,1,1785489426
2026-07-31T09:50:21Z,347,0,0,42,2,0,1,1,1,1785491405
2026-07-31T09:50:21Z,348,21,3,0,1,1,1,1,1,1785491258
2026-07-31T09:50:21Z,349,6,1,13,0,0,1,1,1,1785487293
2026-07-31T09:50:21Z,350,24,3,1,1,1,1,1,1,1785487293
2026-07-31T09:50:21Z,351,20,3,0,3,0,1,1,1,1785491249
2026-07-31T09:50:21Z,355,21,0,2,0,0,1,1,1,1785490901
2026-07-31T09:50:21Z,356,18,2,1,0,0,1,1,1,1785487896
2026-07-31T09:50:21Z,357,13,4,6,0,0,1,1,1,1785485188
2026-07-31T09:50:21Z,358,24,4,2,1,0,1,1,1,1785487594
2026-07-31T09:50:21Z,359,20,0,7,0,0,1,1,1,1785489979
2026-07-31T09:50:21Z,360,16,4,1,2,0,1,1,1,1785487594
2026-07-31T09:50:21Z,362,17,5,0,2,0,1,1,1,1785487292
2026-07-31T09:50:21Z,363,2,0,25,0,0,1,1,1,1785489580
2026-07-31T09:50:21Z,364,19,3,0,0,0,1,1,1,1785487896
2026-07-31T09:50:21Z,365,15,4,5,3,0,1,1,1,1785491063
2026-07-31T09:50:21Z,366,14,8,2,7,0,1,1,1,1785491365
2026-07-31T09:50:21Z,367,15,8,2,2,0,1,1,1,1785491056
2026-07-31T09:50:21Z,368,20,3,1,2,0,1,1,1,1785486991
2026-07-31T09:50:21Z,370,14,7,13,0,0,1,1,1,1785490886
2026-07-31T09:50:21Z,371,4,2,14,1,0,1,1,1,1785484735
2026-07-31T09:50:21Z,372,8,2,7,0,0,1,1,1,1785487594
2026-07-31T09:50:21Z,373,24,8,3,0,0,1,1,1,1785486433
2026-07-31T09:50:21Z,374,16,7,1,2,0,1,1,1,1785491297
2026-07-31T09:50:21Z,375,20,5,4,3,0,1,1,1,1785487593
2026-07-31T09:50:21Z,376,27,3,7,5,0,1,1,1,1785490526
2026-07-31T09:50:21Z,377,25,9,2,0,0,1,1,1,1785487594
2026-07-31T09:50:21Z,378,21,5,1,1,1,1,1,1,1785491210
2026-07-31T09:50:21Z,379,15,0,12,0,0,1,1,1,1785490393
2026-07-31T09:50:21Z,380,22,7,0,1,0,1,1,1,1785489276
2026-07-31T09:50:21Z,381,14,0,9,0,0,1,1,1,1785488686
2026-07-31T09:50:21Z,383,13,0,0,2,0,1,1,1,1785490079
2026-07-31T09:50:21Z,384,26,1,0,1,0,1,1,1,1785487594
2026-07-31T09:50:21Z,385,14,2,2,2,0,1,1,1,1785487594
2026-07-31T09:50:21Z,387,21,2,2,0,0,1,1,1,1785490060
2026-07-31T09:50:21Z,388,16,3,33,0,0,1,1,1,1785485188
2026-07-31T09:50:21Z,389,9,8,6,0,0,1,1,1,1785487293
2026-07-31T09:50:21Z,390,16,0,19,0,0,1,1,1,1785489336
2026-07-31T09:50:21Z,391,4,0,10,1,0,1,1,1,1785487292
2026-07-31T09:50:21Z,392,3,3,15,1,0,1,1,1,1785491165
2026-07-31T09:50:21Z,393,3,3,5,3,0,1,1,1,1785487292
2026-07-31T09:50:21Z,394,9,6,2,2,0,1,1,1,1785487594
2026-07-31T09:50:21Z,396,7,7,32,3,0,1,1,1,1785487595
2026-07-31T09:50:21Z,397,4,4,27,0,0,1,1,1,1785488201
2026-07-31T09:50:21Z,399,12,1,3,2,0,1,1,1,1785490391
2026-07-31T09:50:21Z,400,11,6,9,3,0,1,1,1,1785491087
2026-07-31T09:50:21Z,401,9,0,22,8,0,1,1,1,1785490115
2026-07-31T09:50:21Z,403,3,0,26,2,0,1,1,1,1785491280
2026-07-31T09:50:21Z,404,2,1,20,1,0,1,1,1,1785486690
2026-07-31T09:50:21Z,406,2,0,32,1,0,1,1,1,1785486993
2026-07-31T09:50:21Z,407,15,3,18,1,0,1,1,1,1785491169
2026-07-31T09:50:21Z,408,13,2,19,1,0,1,1,1,1785491284
2026-07-31T09:50:21Z,409,0,0,20,3,0,1,1,1,1785488970
2026-07-31T09:50:21Z,413,20,5,1,2,0,1,1,1,1785490104
2026-07-31T09:50:21Z,414,13,4,1,1,0,1,1,1,1785485488
2026-07-31T09:50:21Z,417,11,6,7,1,0,1,1,1,1785491073
2026-07-31T09:50:21Z,418,1,0,14,0,0,1,1,1,1785490913
2026-07-31T09:50:21Z,419,10,0,12,1,0,1,1,1,1785487895
2026-07-31T09:50:21Z,421,1,0,18,0,0,1,1,1,1785488201
2026-07-31T09:50:21Z,422,3,3,23,1,0,1,1,1,1785490175
2026-07-31T09:50:21Z,423,5,1,18,0,0,1,1,1,1785490296
2026-07-31T09:50:21Z,424,4,1,8,3,0,1,1,1,1785491373
2026-07-31T09:50:21Z,425,20,0,1,0,1,1,1,1,1785485489
2026-07-31T09:50:21Z,426,0,0,35,2,0,1,1,1,1785490002
2026-07-31T09:50:21Z,427,14,1,0,1,0,1,1,1,1785491335
2026-07-31T09:50:21Z,428,15,1,4,0,0,1,1,1,1785491038
2026-07-31T09:50:21Z,429,1,0,20,2,0,1,1,1,1785488273
2026-07-31T09:50:21Z,430,28,0,0,3,0,1,1,1,1785485488
2026-07-31T09:50:21Z,431,15,0,17,1,0,1,1,1,1785488642
2026-07-31T09:50:21Z,432,18,0,11,2,0,1,1,1,1785490634
2026-07-31T09:50:21Z,433,19,6,3,1,0,1,1,1,1785488201
2026-07-31T09:50:21Z,437,3,1,15,1,0,1,1,1,1785487897
2026-07-31T09:50:21Z,438,17,0,1,1,0,1,1,1,1785491134
2026-07-31T09:50:21Z,439,4,0,11,0,0,1,1,1,1785490818
2026-07-31T09:50:21Z,440,13,1,0,2,0,1,1,1,1785488201
2026-07-31T09:50:21Z,441,10,2,4,1,0,1,1,1,1785485488
2026-07-31T09:50:21Z,442,17,9,1,1,0,1,1,1,1785487895
2026-07-31T09:50:21Z,443,4,2,23,0,0,1,1,1,1785485488
2026-07-31T09:50:21Z,444,2,2,21,0,0,1,1,1,1785485488
2026-07-31T09:50:21Z,445,7,2,15,1,0,1,1,1,1785491359
2026-07-31T09:50:21Z,446,1,1,21,1,0,1,1,1,1785487896
2026-07-31T09:50:21Z,447,3,0,18,1,1,1,1,1,1785485488
2026-07-31T09:50:21Z,448,9,4,5,1,0,1,1,1,1785487895
2026-07-31T09:50:21Z,452,8,6,10,1,0,1,1,1,1785487661
2026-07-31T09:50:21Z,453,5,5,9,1,0,1,1,1,1785489638
2026-07-31T09:50:21Z,454,9,0,10,0,0,1,1,1,1785489971
2026-07-31T09:50:21Z,455,1,0,38,0,0,1,1,1,1785491169
2026-07-31T09:50:21Z,456,9,0,10,1,0,1,1,1,1785491291
2026-07-31T09:50:21Z,457,25,2,0,2,0,1,1,1,1785487895
2026-07-31T09:50:21Z,458,13,5,10,0,0,1,1,1,1785491311
2026-07-31T09:50:21Z,459,15,0,0,0,0,1,1,1,1785485789
2026-07-31T09:50:21Z,460,18,2,4,1,0,1,1,1,1785490370
2026-07-31T09:50:21Z,461,5,1,14,0,0,1,1,1,1785487878
2026-07-31T09:50:21Z,462,9,1,12,0,0,1,1,1,1785491329
2026-07-31T09:50:21Z,463,13,1,6,0,0,1,1,1,1785487897
2026-07-31T09:50:21Z,464,3,1,11,0,0,1,1,1,1785485789
2026-07-31T09:50:21Z,465,0,0,14,1,0,1,1,1,1785485789
2026-07-31T09:50:21Z,466,11,3,2,2,0,1,1,1,1785485789
2026-07-31T09:50:21Z,467,5,1,13,1,0,1,1,1,1785471818
2026-07-31T09:50:21Z,468,17,1,1,1,0,1,1,1,1785485789
2026-07-31T09:50:21Z,469,2,1,21,0,0,1,1,1,1785487896
2026-07-31T09:50:21Z,470,13,1,0,2,0,1,1,1,1785491137
2026-07-31T09:50:21Z,471,22,2,5,0,0,1,1,1,1785487895
2026-07-31T09:50:21Z,472,18,6,0,1,0,1,1,1,1785491097
2026-07-31T09:50:21Z,473,19,5,0,0,0,1,1,1,1785485789
2026-07-31T09:50:21Z,474,16,0,3,0,0,1,1,1,1785488959
2026-07-31T09:50:21Z,475,4,1,14,1,0,1,1,1,1785490904
2026-07-31T09:50:21Z,477,10,7,4,1,0,1,1,1,1785490289
2026-07-31T09:50:21Z,478,6,0,24,1,0,1,1,1,1785485789
2026-07-31T09:50:21Z,479,1,1,25,1,0,1,1,1,1785489149
2026-07-31T09:50:21Z,480,2,0,10,3,0,1,1,1,1785491326
2026-07-31T09:50:21Z,481,28,1,6,1,0,1,1,1,1785491178
2026-07-31T09:50:21Z,482,18,6,1,0,0,1,1,1,1785490527
2026-07-31T09:50:21Z,483,2,0,23,2,0,1,1,1,1785491394
2026-07-31T09:50:21Z,484,8,2,10,1,0,1,1,1,1785491386
2026-07-31T09:50:21Z,485,16,6,1,1,1,1,1,1,1785491149
2026-07-31T09:50:21Z,486,25,6,0,2,0,1,1,1,1785491136
2026-07-31T09:50:21Z,487,8,5,10,1,0,1,1,1,1785490150
2026-07-31T09:50:21Z,489,12,6,3,0,0,1,1,1,1785488501
2026-07-31T09:50:21Z,490,3,1,13,0,0,1,1,1,1785489499
2026-07-31T09:50:21Z,491,4,1,17,0,0,1,1,1,1785486090
2026-07-31T09:50:21Z,492,5,3,2,4,0,1,1,1,1785491405
2026-07-31T09:50:21Z,493,0,0,26,1,0,1,1,1,1785487895
2026-07-31T09:50:21Z,495,9,0,3,3,0,1,1,1,1785489700
2026-07-31T09:50:21Z,496,27,1,0,0,0,1,1,1,1785486089
2026-07-31T09:50:21Z,497,16,0,2,1,0,1,1,1,1785491100
2026-07-31T09:50:21Z,498,21,3,1,1,0,1,1,1,1785490089
2026-07-31T09:50:21Z,499,17,1,1,1,0,1,1,1,1785487896
2026-07-31T09:50:21Z,500,8,4,1,6,0,1,1,1,1785487895
2026-07-31T09:50:21Z,501,10,4,11,0,0,1,1,1,1785487896
2026-07-31T09:50:21Z,502,6,0,13,0,0,1,1,1,1785486089
2026-07-31T09:50:21Z,503,26,0,4,1,0,1,1,1,1785487895
2026-07-31T09:50:21Z,504,0,0,39,0,0,1,1,1,1785486562
2026-07-31T09:50:21Z,505,10,1,1,1,0,1,1,1,1785487586
2026-07-31T09:50:21Z,511,4,3,19,0,0,1,1,1,1785491383
2026-07-31T09:50:21Z,512,6,0,21,0,0,1,1,1,1785490938
2026-07-31T09:50:21Z,514,10,0,0,1,0,1,1,1,1785486089
2026-07-31T09:50:21Z,515,2,0,17,0,0,1,1,1,1785487895
2026-07-31T09:50:21Z,516,0,0,27,0,0,1,1,1,1785484039
2026-07-31T09:50:21Z,517,14,3,8,1,0,1,1,1,1785486090
2026-07-31T09:50:21Z,518,14,1,0,1,0,1,1,1,1785486390
2026-07-31T09:50:21Z,519,4,0,13,2,0,1,1,1,1785491077
2026-07-31T09:50:21Z,520,11,7,10,5,1,1,1,1,1785491404
2026-07-31T09:50:21Z,521,18,5,5,0,0,1,1,1,1785487895
2026-07-31T09:50:21Z,522,0,0,22,1,0,1,1,1,1785486390
2026-07-31T09:50:21Z,523,6,3,16,1,0,1,1,1,1785489661
2026-07-31T09:50:21Z,524,1,0,22,0,0,1,1,1,1785491359
2026-07-31T09:50:21Z,525,10,0,9,0,0,1,1,1,1785489376
2026-07-31T09:50:21Z,526,13,1,0,2,0,1,1,1,1785486390
2026-07-31T09:50:21Z,527,4,2,19,3,0,1,1,1,1785491188
2026-07-31T09:50:21Z,528,21,2,1,1,0,1,1,1,1785486390
2026-07-31T09:50:21Z,529,6,3,7,6,0,1,1,1,1785491404
2026-07-31T09:50:21Z,530,16,1,3,2,0,1,1,1,1785488201
2026-07-31T09:50:21Z,531,20,0,1,1,1,1,1,1,1785491109
2026-07-31T09:50:21Z,532,3,3,27,1,0,1,1,1,1785488341
2026-07-31T09:50:21Z,533,8,1,9,2,0,1,1,1,1785486390
2026-07-31T09:50:21Z,534,14,2,9,0,0,1,1,1,1785490909
2026-07-31T09:50:21Z,535,2,0,13,0,0,1,1,1,1785486390
2026-07-31T09:50:21Z,536,1,0,22,0,0,1,1,1,1785488201
2026-07-31T09:50:21Z,537,1,1,19,0,0,1,1,1,1785488280
2026-07-31T09:50:21Z,538,21,8,0,0,2,1,1,1,1785491250
2026-07-31T09:50:21Z,539,5,5,26,0,0,1,1,1,1785488201
2026-07-31T09:50:21Z,540,2,1,17,0,0,1,1,1,1785486391
2026-07-31T09:50:21Z,541,25,2,1,1,0,1,1,1,1785490843
2026-07-31T09:50:21Z,542,2,2,21,0,0,1,1,1,1785486390
2026-07-31T09:50:21Z,543,17,2,1,1,0,1,1,1,1785488201
2026-07-31T09:50:21Z,544,14,1,4,4,0,1,1,1,1785486390
2026-07-31T09:50:21Z,545,0,0,17,2,0,1,1,1,1785486390
2026-07-31T09:50:21Z,546,16,8,3,0,0,1,1,1,1785489048
2026-07-31T09:50:21Z,547,18,0,7,0,0,1,1,1,1785491051
2026-07-31T09:50:21Z,548,14,1,9,0,0,1,1,1,1785486390
2026-07-31T09:50:21Z,549,19,0,4,0,0,1,1,1,1785490211
2026-07-31T09:50:21Z,550,17,1,2,0,0,1,1,1,1785490648
2026-07-31T09:50:21Z,551,16,4,7,0,0,1,1,1,1785486390
2026-07-31T09:50:21Z,552,27,3,0,0,0,1,1,1,1785486390
2026-07-31T09:50:21Z,553,18,4,3,1,1,1,1,1,1785491176
2026-07-31T09:50:21Z,554,1,1,18,0,0,1,1,1,1785486691
2026-07-31T09:50:21Z,555,13,6,1,1,0,1,1,1,1785489915
2026-07-31T09:50:21Z,556,20,4,1,2,0,1,1,1,1785491364
2026-07-31T09:50:21Z,557,6,4,12,5,0,1,1,1,1785488202
2026-07-31T09:50:21Z,558,28,4,9,0,0,1,1,1,1785490667
2026-07-31T09:50:21Z,559,1,0,17,1,0,1,1,1,1785489501
2026-07-31T09:50:21Z,560,9,0,18,0,0,1,1,1,1785488201
2026-07-31T09:50:21Z,561,13,1,9,1,0,1,1,1,1785486390
2026-07-31T09:50:21Z,562,3,0,29,3,0,1,1,1,1785486691
2026-07-31T09:50:21Z,563,10,0,4,0,0,1,1,1,1785490429
2026-07-31T09:50:21Z,564,12,0,6,1,0,1,1,1,1785488201
2026-07-31T09:50:21Z,565,6,2,13,0,0,1,1,1,1785490461
2026-07-31T09:50:21Z,566,16,0,2,1,0,1,1,1,1785491096
2026-07-31T09:50:21Z,567,25,1,1,1,0,1,1,1,1785485492
2026-07-31T09:50:21Z,568,14,0,4,1,0,1,1,1,1785490328
2026-07-31T09:50:21Z,569,16,3,3,0,0,1,1,1,1785491094
2026-07-31T09:50:21Z,570,12,0,6,1,0,1,1,1,1785491158
2026-07-31T09:50:21Z,571,0,0,23,0,0,1,1,1,1785486691
2026-07-31T09:50:21Z,572,14,4,4,1,0,1,1,1,1785491187
2026-07-31T09:50:21Z,573,13,0,2,0,0,1,1,1,1785486691
2026-07-31T09:50:21Z,574,10,3,5,0,0,1,1,1,1785489676
2026-07-31T09:50:21Z,575,6,0,14,1,0,1,1,1,1785489599
2026-07-31T09:50:21Z,576,3,0,14,2,0,1,1,1,1785488201
2026-07-31T09:50:21Z,577,13,0,18,0,0,1,1,1,1785488201
2026-07-31T09:50:21Z,578,15,10,7,1,0,1,1,1,1785486996
2026-07-31T09:50:21Z,579,4,0,39,0,0,1,1,1,1785486691
2026-07-31T09:50:21Z,580,5,0,24,0,0,1,1,1,1785490191
2026-07-31T09:50:21Z,581,18,2,1,0,0,1,1,1,1785487551
2026-07-31T09:50:21Z,582,22,0,38,1,0,1,1,1,1785491396
2026-07-31T09:50:21Z,583,23,1,0,0,0,1,1,1,1785486691
2026-07-31T09:50:21Z,584,9,4,6,4,0,1,1,1,1785486691
2026-07-31T09:50:21Z,585,16,3,10,0,1,1,1,1,1785488201
2026-07-31T09:50:21Z,586,13,0,22,0,0,1,1,1,1785488201
2026-07-31T09:50:21Z,587,20,0,3,1,0,1,1,1,1785489118
2026-07-31T09:50:21Z,588,12,4,4,3,0,1,1,1,1785491345
2026-07-31T09:50:21Z,589,0,0,0,23,0,1,1,1,1785491264
2026-07-31T09:50:21Z,590,18,3,11,2,0,1,1,1,1785491148
2026-07-31T09:50:21Z,591,28,1,0,2,0,1,1,1,1785486691
2026-07-31T09:50:21Z,592,12,0,11,0,0,1,1,1,1785488952
2026-07-31T09:50:21Z,593,0,0,38,0,0,1,1,1,1785488201
2026-07-31T09:50:21Z,594,7,0,11,3,0,1,1,1,1785491408
2026-07-31T09:50:21Z,595,0,0,3,0,0,0,1,1,1784046673
2026-07-31T09:50:21Z,605,0,0,2,1,0,0,1,1,1783975843
2026-07-31T09:50:21Z,606,0,0,0,0,0,0,1,1,86400
2026-07-31T09:50:21Z,607,9,1,22,1,0,1,1,1,1785488201
2026-07-31T09:50:21Z,608,0,0,50,0,0,1,1,1,1785490318
2026-07-31T09:50:21Z,609,2,0,21,0,0,1,1,1,1785488201
2026-07-31T09:50:21Z,610,0,0,35,0,0,1,1,1,1785488201
2026-07-31T09:50:21Z,611,13,0,13,1,0,1,1,1,1785490509
2026-07-31T09:50:21Z,612,6,1,9,0,0,1,1,1,1785486691
2026-07-31T09:50:21Z,613,9,0,2,4,0,1,1,1,1785489318
2026-07-31T09:50:21Z,614,1,1,23,2,1,1,1,1,1785488202
2026-07-31T09:50:21Z,617,11,0,2,2,0,1,1,1,1785489767
2026-07-31T09:50:21Z,618,13,2,1,5,0,1,1,1,1785486690
2026-07-31T09:50:21Z,619,7,2,12,0,0,1,1,1,1785488201
2026-07-31T09:50:21Z,620,0,0,27,0,0,1,1,1,1785488201
2026-07-31T09:50:21Z,621,7,2,15,1,0,1,1,1,1785488201
2026-07-31T09:50:21Z,622,5,2,17,1,0,1,1,1,1785488201
2026-07-31T09:50:21Z,623,9,2,20,1,0,1,1,1,1785488201
2026-07-31T09:50:21Z,624,2,0,13,0,0,1,1,1,1785486691
2026-07-31T09:50:21Z,625,5,0,14,2,0,1,1,1,1785488201
2026-07-31T09:50:21Z,626,2,0,43,0,2,1,1,1,1785490207
2026-07-31T09:50:21Z,627,13,6,6,0,0,1,1,1,1785488201
2026-07-31T09:50:21Z,628,0,0,15,2,2,1,1,1,1785491269
2026-07-31T09:50:21Z,629,4,1,6,1,0,1,1,1,1785491327
2026-07-31T09:50:21Z,630,3,2,21,3,0,1,1,1,1785491143
2026-07-31T09:50:21Z,631,2,1,21,0,0,1,1,1,1785488201
2026-07-31T09:50:21Z,632,21,1,0,2,0,1,1,1,1785489788
2026-07-31T09:50:21Z,633,11,1,0,4,0,1,1,1,1785491213
2026-07-31T09:50:21Z,634,11,2,8,0,0,1,1,1,1785486991
2026-07-31T09:50:21Z,635,17,1,2,0,0,1,1,1,1785488201
2026-07-31T09:50:21Z,636,10,2,5,0,0,1,1,1,1785488201
2026-07-31T09:50:21Z,637,7,0,12,0,0,1,1,1,1785490209
2026-07-31T09:50:21Z,638,9,2,8,2,0,1,1,1,1785489804
2026-07-31T09:50:21Z,639,5,1,11,3,0,1,1,1,1785479066
2026-07-31T09:50:21Z,640,1,1,21,1,0,1,1,1,1785491143
2026-07-31T09:50:21Z,641,20,1,4,2,0,1,1,1,1785490941
2026-07-31T09:50:21Z,642,4,2,7,8,0,1,1,1,1785491408
2026-07-31T09:50:21Z,643,2,0,17,8,0,1,1,1,1785491403
2026-07-31T09:50:21Z,644,12,0,2,1,0,1,1,1,1785486991
2026-07-31T09:50:21Z,645,11,0,10,1,1,1,1,1,1785488495
2026-07-31T09:50:21Z,646,7,2,12,0,0,1,1,1,1785491336
2026-07-31T09:50:21Z,647,30,1,1,0,0,1,1,1,1785490486
2026-07-31T09:50:21Z,648,6,0,12,1,0,1,1,1,1785490674
2026-07-31T09:50:21Z,649,18,2,12,1,0,1,1,1,1785490307
2026-07-31T09:50:21Z,650,5,1,9,0,0,1,1,1,1785488201
2026-07-31T09:50:21Z,651,10,9,13,0,0,1,1,1,1785491370
2026-07-31T09:50:21Z,652,4,2,17,2,0,1,1,1,1785491132
2026-07-31T09:50:21Z,653,8,1,9,2,0,1,1,1,1785488201
2026-07-31T09:50:21Z,654,2,2,13,0,0,1,1,1,1785488202
2026-07-31T09:50:21Z,655,6,3,2,4,1,1,1,1,1785491362
2026-07-31T09:50:21Z,656,19,7,0,0,0,1,1,1,1785489841
2026-07-31T09:50:21Z,657,9,1,3,2,3,1,1,1,1785491395
2026-07-31T09:50:21Z,658,9,1,1,0,0,1,1,1,1785473427
2026-07-31T09:50:21Z,659,8,3,5,2,0,1,1,1,1785488201
2026-07-31T09:50:21Z,660,13,0,14,4,0,1,1,1,1785491366
2026-07-31T09:50:21Z,661,1,1,18,0,0,1,1,1,1785488202
2026-07-31T09:50:21Z,662,7,5,14,2,0,1,1,1,1785480458
2026-07-31T09:50:21Z,663,13,6,1,1,0,1,1,1,1785491091
2026-07-31T09:50:21Z,664,0,0,27,0,0,1,1,1,1785488202
2026-07-31T09:50:21Z,665,12,3,3,0,0,1,1,1,1785488202
2026-07-31T09:50:21Z,666,7,2,6,2,0,1,1,1,1785488201
2026-07-31T09:50:21Z,667,0,0,19,0,0,1,1,1,1785486991
2026-07-31T09:50:21Z,668,10,1,8,1,0,1,1,1,1785488201
2026-07-31T09:50:21Z,669,14,5,0,0,0,1,1,1,1785488201
2026-07-31T09:50:21Z,670,11,2,16,0,0,1,1,1,1785486992
2026-07-31T09:50:21Z,671,26,5,0,1,0,1,1,1,1785490988
2026-07-31T09:50:21Z,672,13,2,6,3,1,1,1,1,1785486991
2026-07-31T09:50:21Z,673,11,0,10,2,0,1,1,1,1785490469
2026-07-31T09:50:21Z,674,3,2,17,3,0,1,1,1,1785491282
2026-07-31T09:50:21Z,675,12,6,1,2,0,1,1,1,1785491257
2026-07-31T09:50:21Z,676,7,1,14,1,0,1,1,1,1785490771
2026-07-31T09:50:21Z,681,12,3,1,2,0,1,1,1,1785489270
2026-07-31T09:50:21Z,682,4,1,14,1,0,1,1,1,1785486991
2026-07-31T09:50:21Z,683,4,1,15,0,0,1,1,1,1785490156
2026-07-31T09:50:21Z,684,3,0,24,0,0,1,1,1,1785487883
2026-07-31T09:50:21Z,685,10,0,15,1,1,1,1,1,1785488201
2026-07-31T09:50:21Z,686,11,0,14,2,0,1,1,1,1785491121
2026-07-31T09:50:21Z,687,11,0,18,1,1,1,1,1,1785491133
2026-07-31T09:50:21Z,688,10,0,2,7,0,1,1,1,1785491204
2026-07-31T09:50:21Z,692,4,1,17,0,0,1,1,1,1785491234
2026-07-31T09:50:21Z,693,6,0,2,3,0,1,1,1,1785490800
2026-07-31T09:50:21Z,694,9,5,12,0,0,1,1,1,1785490553
2026-07-31T09:50:21Z,695,17,11,6,0,0,1,1,1,1785490694
2026-07-31T09:50:21Z,696,19,14,3,1,0,1,1,1,1785490615
2026-07-31T09:50:21Z,697,21,2,2,0,0,1,1,1,1785490209
2026-07-31T09:50:21Z,698,27,1,0,0,0,1,1,1,1785489751
2026-07-31T09:50:21Z,699,7,0,7,1,0,1,1,1,1785491102
2026-07-31T09:50:21Z,700,19,4,0,0,0,1,1,1,1785491231
2026-07-31T09:50:21Z,701,17,6,2,0,0,1,1,1,1785490665
2026-07-31T09:50:21Z,702,19,0,4,0,0,1,1,1,1785491242
2026-07-31T09:50:21Z,704,9,2,6,0,0,1,1,1,1785490062
2026-07-31T09:50:21Z,705,5,3,9,1,0,1,1,1,1785491341
2026-07-31T09:50:21Z,706,12,2,0,3,0,1,1,1,1785490627
2026-07-31T09:50:21Z,707,10,2,5,0,0,1,1,1,1785491264
2026-07-31T09:50:21Z,708,18,2,0,1,0,1,1,1,1785489657
2026-07-31T09:50:21Z,709,11,1,1,3,0,1,1,1,1785491290
2026-07-31T09:50:21Z,710,16,3,2,1,0,1,1,1,1785490704
2026-07-31T09:50:21Z,711,18,3,1,4,0,1,1,1,1785490943
2026-07-31T09:50:21Z,712,15,10,0,0,0,1,1,1,1785490644
2026-07-31T09:50:21Z,713,5,0,18,0,0,1,1,1,1785491308
2026-07-31T09:50:21Z,716,3,1,12,0,0,1,1,1,1785490987
2026-07-31T09:50:21Z,717,3,1,19,3,0,1,1,1,1785491066
2026-07-31T09:50:21Z,718,3,1,11,1,0,1,1,1,1785490812
2026-07-31T09:50:21Z,719,7,1,22,0,0,1,1,1,1785490225
2026-07-31T09:50:21Z,720,2,1,17,0,0,1,1,1,1785491278
2026-07-31T09:50:21Z,721,0,0,21,2,0,1,1,1,1785490262
2026-07-31T09:50:21Z,722,5,0,10,0,0,1,1,1,1785491031
2026-07-31T09:50:21Z,723,12,1,11,0,0,1,1,1,1785491074
2026-07-31T09:50:21Z,724,21,4,2,0,0,1,1,1,1785490410
2026-07-31T09:50:21Z,725,21,5,1,1,0,1,1,1,1785490784
2026-07-31T09:50:21Z,726,19,3,0,0,0,1,1,1,1785490181
2026-07-31T09:50:21Z,727,9,4,12,2,0,1,1,1,1785490210
2026-07-31T09:50:21Z,728,9,0,5,1,0,1,1,1,1785489766
2026-07-31T09:50:21Z,729,5,0,14,0,0,1,1,1,1785491251
2026-07-31T09:50:21Z,730,3,2,10,2,0,1,1,1,1785490362
2026-07-31T09:50:21Z,731,10,3,4,1,0,1,1,1,1785491288
2026-07-31T09:50:21Z,732,9,5,6,0,0,1,1,1,1785490512
2026-07-31T09:50:21Z,733,4,0,23,0,0,1,1,1,1785491304
2026-07-31T09:50:21Z,734,0,0,14,0,0,1,1,1,1785490470
2026-07-31T09:50:21Z,735,4,3,23,0,0,1,1,1,1785491167
2026-07-31T09:50:21Z,736,7,1,12,0,0,1,1,1,1785489902
2026-07-31T09:50:21Z,737,4,3,10,0,1,1,1,1,1785489890
2026-07-31T09:50:21Z,738,16,5,1,2,0,1,1,1,1785490095
2026-07-31T09:50:21Z,739,19,2,7,1,0,1,1,1,1785491331
2026-07-31T09:50:21Z,741,7,1,16,0,0,1,1,1,1785489794
2026-07-31T09:50:21Z,742,5,0,27,3,0,1,1,1,1785489910
2026-07-31T09:50:21Z,743,8,3,9,2,0,1,1,1,1785489664
2026-07-31T09:50:21Z,744,11,4,3,1,0,1,1,1,1785490170
2026-07-31T09:50:21Z,745,14,4,4,1,0,1,1,1,1785490178
2026-07-31T09:50:21Z,746,11,2,10,2,0,1,1,1,1785491383
2026-07-31T09:50:21Z,747,0,0,4,0,0,0,1,1,1783446606
2026-07-31T09:50:21Z,748,10,1,13,0,0,1,1,1,1785490968
2026-07-31T09:50:21Z,749,6,5,16,1,0,1,1,1,1785490885
2026-07-31T09:50:21Z,750,2,1,9,0,0,1,1,1,1785491228
2026-07-31T09:50:21Z,751,8,0,15,0,0,1,1,1,1785490402
2026-07-31T09:50:21Z,752,13,1,3,1,0,1,1,1,1785490194
2026-07-31T09:50:21Z,753,5,0,10,0,0,1,1,1,1785490308
2026-07-31T09:50:21Z,754,1,1,13,1,0,1,1,1,1785490722
2026-07-31T09:50:21Z,755,12,3,10,1,0,1,1,1,1785490848
2026-07-31T09:50:21Z,756,2,0,35,0,0,1,1,1,1785489747
2026-07-31T09:50:21Z,757,18,9,1,0,0,1,1,1,1785490959
2026-07-31T09:50:21Z,758,22,3,1,0,0,1,1,1,1785490567
2026-07-31T09:50:21Z,759,4,2,11,0,0,1,1,1,1785490619
2026-07-31T09:50:21Z,760,8,3,11,0,0,1,1,1,1785488200
2026-07-31T09:50:21Z,761,15,0,7,1,0,1,1,1,1785490478
2026-07-31T09:50:21Z,762,7,4,4,4,0,1,1,1,1785491235
2026-07-31T09:50:21Z,768,8,0,8,3,0,1,1,1,1785490402
2026-07-31T09:50:21Z,769,17,12,2,0,0,1,1,1,1785491240
2026-07-31T09:50:21Z,770,11,3,6,2,0,1,1,1,1785489961
2026-07-31T09:50:21Z,771,13,3,1,1,0,1,1,1,1785491213
2026-07-31T09:50:21Z,772,7,3,8,0,0,1,1,1,1785490020
2026-07-31T09:50:21Z,773,15,4,4,0,0,1,1,1,1785489853
2026-07-31T09:50:21Z,774,10,5,2,3,0,1,1,1,1785490869
2026-07-31T09:50:21Z,775,6,0,11,1,1,1,1,1,1785488308
2026-07-31T09:50:21Z,776,3,1,17,1,0,1,1,1,1785490183
2026-07-31T09:50:21Z,777,10,0,2,3,0,1,1,1,1785489911
2026-07-31T09:50:21Z,778,13,0,3,3,0,1,1,1,1785490151
2026-07-31T09:50:21Z,779,8,1,10,1,0,1,1,1,1785490764
2026-07-31T09:50:21Z,780,17,4,1,1,0,1,1,1,1785490381
2026-07-31T09:50:21Z,781,6,2,3,2,0,1,1,1,1785490708
2026-07-31T09:50:21Z,782,5,3,10,4,0,1,1,1,1785489680
2026-07-31T09:50:21Z,783,7,1,12,0,0,1,1,1,1785490768
2026-07-31T09:50:21Z,784,15,2,4,0,0,1,1,1,1785490377
2026-07-31T09:50:21Z,785,11,2,2,6,0,1,1,1,1785490940
2026-07-31T09:50:21Z,786,11,5,8,0,0,1,1,1,1785490586
2026-07-31T09:50:21Z,787,11,5,2,2,0,1,1,1,1785490225
2026-07-31T09:50:21Z,788,3,0,12,0,0,1,1,1,1785491259
2026-07-31T09:50:21Z,789,9,2,2,4,0,1,1,1,1785490359
2026-07-31T09:50:21Z,790,2,0,21,0,0,1,1,1,1785490077
2026-07-31T09:50:21Z,791,7,2,11,0,1,1,1,1,1785489609
2026-07-31T09:50:21Z,793,4,0,10,1,0,1,1,1,1785489819
2026-07-31T09:50:21Z,794,8,3,19,2,0,1,1,1,1785490278
2026-07-31T09:50:21Z,796,0,0,17,2,0,1,1,1,1785489613
2026-07-31T09:50:21Z,797,1,0,14,0,0,1,1,1,1785487593
2026-07-31T09:50:21Z,798,6,0,18,1,0,1,1,1,1785491265
2026-07-31T09:50:21Z,799,15,1,1,3,0,1,1,1,1785491397
2026-07-31T09:50:21Z,800,1,0,19,1,0,1,1,1,1785491026
2026-07-31T09:50:21Z,801,4,2,16,1,0,1,1,1,1785489637
2026-07-31T09:50:21Z,802,8,0,23,0,0,1,1,1,1785489739
2026-07-31T09:50:21Z,803,1,1,14,0,0,1,1,1,1785491227
2026-07-31T09:50:21Z,806,8,3,7,0,0,1,1,1,1785488200
2026-07-31T09:50:21Z,807,14,0,8,3,0,1,1,1,1785490018
2026-07-31T09:50:21Z,808,0,0,23,2,0,1,1,1,1785488225
2026-07-31T09:50:21Z,809,5,1,17,1,0,1,1,1,1785491401
2026-07-31T09:50:21Z,810,2,0,13,4,0,1,1,1,1785490047
2026-07-31T09:50:21Z,815,4,1,6,4,1,1,1,1,1785489715
2026-07-31T09:50:21Z,817,10,5,5,0,0,1,1,1,1785490742
2026-07-31T09:50:21Z,818,6,0,16,1,0,1,1,1,1785490155
2026-07-31T09:50:21Z,819,6,4,9,0,0,1,1,1,1785487291
2026-07-31T09:50:21Z,820,8,2,9,0,0,1,1,1,1785490660
2026-07-31T09:50:21Z,821,2,1,13,0,0,1,1,1,1785489777
2026-07-31T09:50:21Z,822,0,0,21,2,0,1,1,1,1785491212
2026-07-31T09:50:21Z,823,0,0,14,1,0,1,1,1,1785491060
2026-07-31T09:50:21Z,824,12,3,6,1,0,1,1,1,1785490524
2026-07-31T09:50:21Z,825,8,5,7,0,0,1,1,1,1785488201
2026-07-31T09:50:21Z,826,10,2,8,1,0,1,1,1,1785490535
2026-07-31T09:50:21Z,827,16,5,4,1,0,1,1,1,1785490040
2026-07-31T09:50:21Z,828,10,0,7,1,0,1,1,1,1785490558
2026-07-31T09:50:21Z,829,16,7,11,0,0,1,1,1,1785490777
2026-07-31T09:50:21Z,830,13,3,9,1,0,1,1,1,1785491053
2026-07-31T09:50:21Z,831,7,2,7,1,0,1,1,1,1785491029
2026-07-31T09:50:21Z,832,10,3,5,3,0,1,1,1,1785491116
2026-07-31T09:50:21Z,833,1,0,17,1,0,1,1,1,1785490871
2026-07-31T09:50:21Z,834,1,0,22,1,0,1,1,1,1785490371
2026-07-31T09:50:21Z,835,16,6,0,2,0,1,1,1,1785490602
2026-07-31T09:50:21Z,837,5,1,0,10,0,1,1,1,1785491097
2026-07-31T09:50:21Z,838,13,3,2,0,0,1,1,1,1785490855
2026-07-31T09:50:21Z,839,20,1,9,0,0,1,1,1,1785488063
2026-07-31T09:50:21Z,840,7,3,20,2,0,1,1,1,1785490693
2026-07-31T09:50:21Z,841,7,1,8,0,0,1,1,1,1785491026
2026-07-31T09:50:21Z,842,7,2,16,0,0,1,1,1,1785490822
2026-07-31T09:50:21Z,843,8,0,22,1,0,1,1,1,1785491062
2026-07-31T09:50:21Z,844,6,0,17,0,0,1,1,1,1785491021
2026-07-31T09:50:21Z,845,5,3,12,2,0,1,1,1,1785491204
2026-07-31T09:50:21Z,846,4,0,13,2,0,1,1,1,1785490339
2026-07-31T09:50:21Z,847,7,1,20,0,0,1,1,1,1785490125
2026-07-31T09:50:21Z,848,10,3,8,1,0,1,1,1,1785488215
2026-07-31T09:50:21Z,849,7,2,8,0,0,1,1,1,1785490186
2026-07-31T09:50:21Z,850,9,0,1,1,0,1,1,1,1785490434
2026-07-31T09:50:21Z,851,3,3,32,2,0,1,1,1,1785490276
2026-07-31T09:50:21Z,852,12,6,7,0,0,1,1,1,1785490918
2026-07-31T09:50:21Z,853,10,5,13,0,0,1,1,1,1785489977
2026-07-31T09:50:21Z,854,3,2,12,0,0,1,1,1,1785490048
2026-07-31T09:50:21Z,855,25,0,2,0,0,1,1,1,1785488200
2026-07-31T09:50:21Z,857,1,1,18,0,0,1,1,1,1785491115
2026-07-31T09:50:21Z,858,4,1,14,1,0,1,1,1,1785489758
2026-07-31T09:50:21Z,859,3,0,17,1,0,1,1,1,1785489983
2026-07-31T09:50:21Z,861,8,1,2,1,0,1,1,1,1785488201
2026-07-31T09:50:21Z,862,2,1,13,0,0,1,1,1,1785491053
2026-07-31T09:50:21Z,863,13,0,5,1,0,1,1,1,1785488200
2026-07-31T09:50:21Z,866,11,3,8,0,0,1,1,1,1785491355
2026-07-31T09:50:21Z,867,12,0,3,0,0,1,1,1,1785490668
2026-07-31T09:50:21Z,868,13,2,2,0,0,1,1,1,1785490876
2026-07-31T09:50:21Z,870,7,4,6,2,0,1,1,1,1785491093
2026-07-31T09:50:21Z,871,0,0,10,1,0,1,1,1,1785490473
2026-07-31T09:50:21Z,872,0,0,14,1,0,1,1,1,1785491013
2026-07-31T09:50:21Z,873,0,0,32,1,0,1,1,1,1785490998
2026-07-31T09:50:21Z,874,5,2,7,3,0,1,1,1,1785491194
2026-07-31T09:50:21Z,875,14,10,0,1,0,1,1,1,1785491160
2026-07-31T09:50:21Z,877,11,10,6,2,0,1,1,1,1785490620
2026-07-31T09:50:21Z,878,3,2,15,1,0,1,1,1,1785491202
2026-07-31T09:50:21Z,879,1,0,18,0,0,1,1,1,1785490243
2026-07-31T09:50:21Z,880,3,0,19,1,0,1,1,1,1785491162
2026-07-31T09:50:21Z,881,2,0,17,0,0,1,1,1,1785491054
2026-07-31T09:50:21Z,882,10,0,6,3,0,1,1,1,1785488200
2026-07-31T09:50:21Z,883,10,6,9,0,0,1,1,1,1785491321
2026-07-31T09:50:21Z,884,11,7,10,0,0,1,1,1,1785490612
2026-07-31T09:50:21Z,885,1,0,18,0,0,1,1,1,1785490902
2026-07-31T09:50:21Z,886,16,1,11,2,0,1,1,1,1785491240
2026-07-31T09:50:21Z,887,3,1,11,3,0,1,1,1,1785489803
2026-07-31T09:50:21Z,888,12,0,27,2,0,1,1,1,1785491364
2026-07-31T09:50:21Z,889,17,1,0,2,0,1,1,1,1785491208
2026-07-31T09:50:21Z,890,6,4,9,0,0,1,1,1,1785489632
2026-07-31T09:50:21Z,891,20,0,2,1,0,1,1,1,1785490396
2026-07-31T09:50:21Z,892,13,1,2,0,0,1,1,1,1785488200
2026-07-31T09:50:21Z,895,0,0,18,1,0,1,1,1,1785489208
2026-07-31T09:50:21Z,896,7,0,28,0,0,1,1,1,1785490930
2026-07-31T09:50:21Z,897,11,1,10,0,0,1,1,1,1785491092
2026-07-31T09:50:21Z,898,2,0,17,0,0,1,1,1,1785490820
2026-07-31T09:50:21Z,899,0,0,18,1,0,1,1,1,1785490052
2026-07-31T09:50:21Z,900,19,1,6,2,0,1,1,1,1785490228
2026-07-31T09:50:21Z,901,12,0,6,1,0,1,1,1,1785489765
2026-07-31T09:50:21Z,902,9,0,5,1,0,1,1,1,1785490758
2026-07-31T09:50:21Z,903,14,2,4,1,0,1,1,1,1785490198
2026-07-31T09:50:21Z,904,10,4,8,1,0,1,1,1,1785491209
2026-07-31T09:50:21Z,905,4,0,23,0,0,1,1,1,1785491310
2026-07-31T09:50:21Z,906,8,5,19,0,0,1,1,1,1785490244
2026-07-31T09:50:21Z,907,6,1,24,1,0,1,1,1,1785491406
2026-07-31T09:50:21Z,908,11,0,12,0,0,1,1,1,1785491196
2026-07-31T09:50:21Z,909,14,4,8,1,0,1,1,1,1785490918
2026-07-31T09:50:21Z,910,20,0,11,0,0,1,1,1,1785491119
2026-07-31T09:50:21Z,911,3,0,16,0,0,1,1,1,1785490753
2026-07-31T09:50:21Z,912,9,5,12,2,0,1,1,1,1785489864
2026-07-31T09:50:21Z,913,3,1,16,0,0,1,1,1,1785489919
2026-07-31T09:50:21Z,914,8,2,11,0,0,1,1,1,1785491177
2026-07-31T09:50:21Z,915,7,0,15,1,0,1,1,1,1785491311
2026-07-31T09:50:21Z,916,23,8,0,0,0,1,1,1,1785491355
2026-07-31T09:50:21Z,917,4,0,29,2,0,1,1,1,1785490128
2026-07-31T09:50:21Z,918,13,5,4,2,0,1,1,1,1785491122
2026-07-31T09:50:21Z,919,16,3,22,1,0,1,1,1,1785491311
2026-07-31T09:50:21Z,920,4,2,15,0,0,1,1,1,1785489734
2026-07-31T09:50:21Z,921,12,0,9,0,0,1,1,1,1785490886
2026-07-31T09:50:21Z,922,3,1,17,1,0,1,1,1,1785490869
2026-07-31T09:50:21Z,923,19,2,0,0,0,1,1,1,1785490563
2026-07-31T09:50:21Z,924,8,2,13,0,0,1,1,1,1785490084
2026-07-31T09:50:21Z,925,13,0,8,0,0,1,1,1,1785491364
2026-07-31T09:50:21Z,926,0,0,21,0,0,1,1,1,1785489688
2026-07-31T09:50:21Z,927,1,0,34,0,0,1,1,1,1785490089
2026-07-31T09:50:21Z,928,5,3,14,0,0,1,1,1,1785464301
2026-07-31T09:50:21Z,929,0,0,23,0,0,1,1,1,1785490519
2026-07-31T09:50:21Z,930,0,0,30,1,0,1,1,1,1785491117
2026-07-31T09:50:21Z,931,8,3,15,0,0,1,1,1,1785489618
2026-07-31T09:50:21Z,932,4,0,12,3,0,1,1,1,1785491274
2026-07-31T09:50:21Z,933,0,0,23,0,0,1,1,1,1785489669
2026-07-31T09:50:21Z,934,3,0,27,1,0,1,1,1,1785491206
2026-07-31T09:50:21Z,935,11,3,7,1,0,1,1,1,1785491404
2026-07-31T09:50:21Z,936,4,1,15,0,0,1,1,1,1785456801
2026-07-31T09:50:21Z,940,9,0,2,0,0,1,1,1,1785491001
2026-07-31T09:50:21Z,941,10,1,13,2,0,1,1,1,1785489809
2026-07-31T09:50:21Z,942,5,0,16,0,0,1,1,1,1785490186
2026-07-31T09:50:21Z,943,9,8,6,0,0,1,1,1,1785491125
2026-07-31T09:50:21Z,944,9,8,6,0,0,1,1,1,1785490942
2026-07-31T09:50:21Z,945,10,8,5,0,0,1,1,1,1785490454
2026-07-31T09:50:21Z,946,7,5,12,0,0,1,1,1,1785487593
2026-07-31T09:50:21Z,947,7,5,10,0,0,1,1,1,1785490955
2026-07-31T09:50:21Z,948,24,8,2,5,0,1,1,1,1785490805
2026-07-31T09:50:21Z,949,2,0,13,0,0,1,1,1,1785491056
2026-07-31T09:50:21Z,950,14,4,2,1,0,1,1,1,1785491167
2026-07-31T09:50:21Z,951,18,4,5,0,0,1,1,1,1785491169
2026-07-31T09:50:21Z,952,9,0,46,0,0,1,1,1,1785490496
2026-07-31T09:50:21Z,953,13,2,1,1,0,1,1,1,1785490969
2026-07-31T09:50:21Z,954,17,4,2,0,0,1,1,1,1785491067
2026-07-31T09:50:21Z,955,4,3,17,6,0,1,1,1,1785490039
2026-07-31T09:50:21Z,956,22,1,0,1,0,1,1,1,1785490999
2026-07-31T09:50:21Z,957,15,0,14,0,0,1,1,1,1785490353
2026-07-31T09:50:21Z,958,19,0,12,0,0,1,1,1,1785489862
2026-07-31T09:50:21Z,959,20,8,0,3,0,1,1,1,1785490845
2026-07-31T09:50:21Z,960,22,1,0,1,0,1,1,1,1785491329
2026-07-31T09:50:21Z,961,3,2,17,3,0,1,1,1,1785489860
2026-07-31T09:50:21Z,962,8,3,24,3,0,1,1,1,1785490115
2026-07-31T09:50:21Z,963,7,0,15,1,0,1,1,1,1785491051
2026-07-31T09:50:21Z,964,20,8,2,1,0,1,1,1,1785491323
2026-07-31T09:50:21Z,965,5,1,21,1,0,1,1,1,1785491171
2026-07-31T09:50:21Z,966,28,0,3,0,0,1,1,1,1785489864
2026-07-31T09:50:21Z,967,19,0,1,1,0,1,1,1,1785490786
2026-07-31T09:50:21Z,968,15,0,3,1,0,1,1,1,1785490947
2026-07-31T09:50:21Z,969,10,6,15,2,0,1,1,1,1785490965
2026-07-31T09:50:21Z,970,11,1,6,2,0,1,1,1,1785491281
2026-07-31T09:50:21Z,971,14,0,8,1,0,1,1,1,1785491254
2026-07-31T09:50:21Z,972,9,1,13,1,0,1,1,1,1785490921
2026-07-31T09:50:21Z,973,9,4,13,1,0,1,1,1,1785491268
2026-07-31T09:50:21Z,974,12,0,15,0,0,1,1,1,1785489818
2026-07-31T09:50:21Z,977,7,7,11,3,0,1,1,1,1785491188
2026-07-31T09:50:21Z,978,11,0,12,0,0,1,1,1,1785490237
2026-07-31T09:50:21Z,979,14,1,3,0,0,1,1,1,1785489783
2026-07-31T09:50:21Z,980,1,0,18,2,0,1,1,1,1785490520
2026-07-31T09:50:21Z,981,19,1,1,1,0,1,1,1,1785490685
2026-07-31T09:50:21Z,982,3,1,14,2,0,1,1,1,1785490987
2026-07-31T09:50:21Z,983,2,1,20,1,0,1,1,1,1785491403
2026-07-31T09:50:21Z,984,6,0,17,0,0,1,1,1,1785490583
2026-07-31T09:50:21Z,985,9,0,22,0,0,1,1,1,1785491114
2026-07-31T09:50:21Z,986,4,0,15,0,0,1,1,1,1785490985
2026-07-31T09:50:21Z,987,6,0,16,1,0,1,1,1,1785489706
2026-07-31T09:50:21Z,988,5,1,13,1,0,1,1,1,1785491137
2026-07-31T09:50:21Z,989,9,4,10,0,0,1,1,1,1785490127
2026-07-31T09:50:21Z,990,13,1,0,2,0,1,1,1,1785491186
2026-07-31T09:50:21Z,991,10,2,8,1,0,1,1,1,1785490851
2026-07-31T09:50:21Z,992,10,7,12,1,0,1,1,1,1785489908
2026-07-31T09:50:21Z,993,0,0,27,0,0,1,1,1,1785476008
2026-07-31T09:50:21Z,994,3,1,18,0,0,1,1,1,1785490122
2026-07-31T09:50:21Z,995,8,2,19,0,0,1,1,1,1785491161
2026-07-31T09:50:21Z,996,8,1,15,0,0,1,1,1,1785490962
2026-07-31T09:50:21Z,997,11,5,10,2,0,1,1,1,1785491035
2026-07-31T09:50:21Z,998,3,2,19,1,0,1,1,1,1785491276
2026-07-31T09:50:21Z,999,3,1,15,2,1,1,1,1,1785491055
2026-07-31T09:50:21Z,1000,4,2,17,0,0,1,1,1,1785490029
2026-07-31T09:50:21Z,1001,1,0,26,0,0,1,1,1,1785491300
2026-07-31T09:50:21Z,1002,0,0,27,4,0,1,1,1,1785491304
2026-07-31T09:50:21Z,1003,0,0,22,1,0,1,1,1,1785490924
2026-07-31T09:50:21Z,1004,8,1,15,0,0,1,1,1,1785490365
2026-07-31T09:50:21Z,1005,20,1,3,0,0,1,1,1,1785491113
2026-07-31T09:50:21Z,1006,7,4,11,1,0,1,1,1,1785490948
2026-07-31T09:50:21Z,1007,2,1,19,0,0,1,1,1,1785490580
2026-07-31T09:50:21Z,1008,6,5,15,2,0,1,1,1,1785490083
2026-07-31T09:50:21Z,1009,19,2,8,4,0,1,1,1,1785489952
2026-07-31T09:50:21Z,1010,7,2,20,0,0,1,1,1,1785490786
2026-07-31T09:50:21Z,1011,8,2,9,2,0,1,1,1,1785491321
2026-07-31T09:50:21Z,1012,4,3,18,1,0,1,1,1,1785490879
2026-07-31T09:50:21Z,1013,4,1,18,1,0,1,1,1,1785491293
2026-07-31T09:50:21Z,1014,7,2,13,3,0,1,1,1,1785491397
2026-07-31T09:50:21Z,1015,3,1,25,3,0,1,1,1,1785489856
2026-07-31T09:50:21Z,1016,10,5,21,0,0,1,1,1,1785490744
2026-07-31T09:50:21Z,1017,14,5,7,0,0,1,1,1,1785490285
2026-07-31T09:50:21Z,1018,7,2,15,0,0,1,1,1,1785490966
2026-07-31T09:50:21Z,1019,9,6,6,0,0,1,1,1,1785490894
2026-07-31T09:50:21Z,1020,18,3,3,0,0,1,1,1,1785490154
2026-07-31T09:50:21Z,1021,9,3,5,1,0,1,1,1,1785489881
2026-07-31T09:50:21Z,1022,14,0,13,0,0,1,1,1,1785491058
2026-07-31T09:50:21Z,1023,13,1,9,1,0,1,1,1,1785490702
2026-07-31T09:50:21Z,1024,5,2,13,1,0,1,1,1,1785489883
2026-07-31T09:50:21Z,1025,4,0,14,0,1,1,1,1,1785491027
2026-07-31T09:50:21Z,1026,8,5,18,5,0,1,1,1,1785490235
2026-07-31T09:50:21Z,1028,2,0,20,1,0,1,1,1,1785491058
2026-07-31T09:50:21Z,1029,9,9,5,1,0,1,1,1,1785490177
2026-07-31T09:50:21Z,1030,14,5,9,0,0,1,1,1,1785489922
2026-07-31T09:50:21Z,1031,8,0,11,0,0,1,1,1,1785490290
2026-07-31T09:50:21Z,1032,7,1,12,0,0,1,1,1,1785490953
2026-07-31T09:50:21Z,1033,9,5,9,1,0,1,1,1,1785489950
2026-07-31T09:50:21Z,1034,2,0,13,0,0,1,1,1,1785490968
2026-07-31T09:50:21Z,1035,1,0,16,2,0,1,1,1,1785490999
2026-07-31T09:50:21Z,1036,15,1,0,0,0,1,1,1,1785489733
2026-07-31T09:50:21Z,1037,5,1,14,0,0,1,1,1,1785491167
2026-07-31T09:50:21Z,1038,2,0,12,1,0,1,1,1,1785490666
2026-07-31T09:50:21Z,1039,7,2,12,0,0,1,1,1,1785491107
2026-07-31T09:50:21Z,1040,7,3,10,2,0,1,1,1,1785490990
2026-07-31T09:50:21Z,1041,11,3,8,0,0,1,1,1,1785490871
2026-07-31T09:50:21Z,1042,12,1,1,2,0,1,1,1,1785491210
2026-07-31T09:50:21Z,1043,9,0,7,3,0,1,1,1,1785491026
2026-07-31T09:50:21Z,1044,2,1,12,1,0,1,1,1,1785490721
2026-07-31T09:50:21Z,1045,11,1,8,0,0,1,1,1,1785490940
2026-07-31T09:50:21Z,1046,9,0,6,0,0,1,1,1,1785490345
2026-07-31T09:50:21Z,1047,4,0,17,0,0,1,1,1,1785489890
2026-07-31T09:50:21Z,1048,10,1,9,0,0,1,1,1,1785490917
2026-07-31T09:50:21Z,1049,6,0,15,0,0,1,1,1,1785490980
2026-07-31T09:50:21Z,1050,17,4,4,0,0,1,1,1,1785490262
2026-07-31T09:50:21Z,1051,8,3,13,0,0,1,1,1,1785490155
2026-07-31T09:50:21Z,1052,17,2,5,0,0,1,1,1,1785490780
2026-07-31T09:50:21Z,1053,2,1,13,0,0,1,1,1,1785490846
2026-07-31T09:50:21Z,1054,14,1,1,0,0,1,1,1,1785491106
2026-07-31T09:50:21Z,1055,7,1,12,0,0,1,1,1,1785491084
2026-07-31T09:50:21Z,1057,18,0,0,1,0,1,1,1,1785491093
2026-07-31T09:50:21Z,1058,1,0,55,0,0,1,1,1,1785491030
2026-07-31T09:50:21Z,1059,0,0,18,1,0,1,1,1,1785490976
2026-07-31T09:50:21Z,1060,30,0,7,0,0,1,1,1,1785489948
2026-07-31T09:50:21Z,1061,9,1,27,1,0,1,1,1,1785491078
2026-07-31T09:50:21Z,1062,2,0,15,0,0,1,1,1,1785489647
2026-07-31T09:50:21Z,1063,12,1,6,1,0,1,1,1,1785490996
2026-07-31T09:50:21Z,1064,3,0,19,1,0,1,1,1,1785491328
2026-07-31T09:50:21Z,1065,16,3,7,0,0,1,1,1,1785489750
2026-07-31T09:50:21Z,1066,10,2,13,0,0,1,1,1,1785491393
2026-07-31T09:50:21Z,1067,8,2,13,2,0,1,1,1,1785489843
2026-07-31T09:50:21Z,1068,8,2,13,2,0,1,1,1,1785491152
2026-07-31T09:50:21Z,1069,12,3,11,0,0,1,1,1,1785491202
2026-07-31T09:50:21Z,1070,12,2,11,0,0,1,1,1,1785491298
2026-07-31T09:50:21Z,1071,7,4,16,0,0,1,1,1,1785491337
2026-07-31T09:50:21Z,1072,11,1,11,1,0,1,1,1,1785489899
2026-07-31T09:50:21Z,1073,26,7,0,1,0,1,1,1,1785490635
2026-07-31T09:50:21Z,1074,0,0,52,1,0,1,1,1,1785491077
2026-07-31T09:50:21Z,1075,10,10,11,0,0,1,1,1,1785490706
2026-07-31T09:50:21Z,1076,14,11,7,0,0,1,1,1,1785490143
2026-07-31T09:50:21Z,1077,8,5,13,0,0,1,1,1,1785490923
2026-07-31T09:50:21Z,1078,11,10,10,0,0,1,1,1,1785490185
2026-07-31T09:50:21Z,1079,11,8,10,0,0,1,1,1,1785490814
2026-07-31T09:50:21Z,1080,10,8,10,1,0,1,1,1,1785489597
2026-07-31T09:50:21Z,1081,13,8,6,0,0,1,1,1,1785489990
2026-07-31T09:50:21Z,1082,7,7,1,0,0,1,1,1,1785491286
2026-07-31T09:50:21Z,1083,13,11,8,0,0,1,1,1,1785491082
2026-07-31T09:50:21Z,1084,9,8,12,0,0,1,1,1,1785490699
2026-07-31T09:50:21Z,1085,10,10,11,0,0,1,1,1,1785490424
2026-07-31T09:50:21Z,1086,0,0,20,1,0,1,1,1,1785491050
2026-07-31T09:50:21Z,1087,12,7,3,0,0,1,1,1,1785490242
2026-07-31T09:50:21Z,1088,10,7,5,0,0,1,1,1,1785490999
2026-07-31T09:50:21Z,1089,5,3,10,0,0,1,1,1,1785491355
2026-07-31T09:50:21Z,1090,11,10,4,0,0,1,1,1,1785490071
2026-07-31T09:50:21Z,1091,12,7,3,0,0,1,1,1,1785489983
2026-07-31T09:50:21Z,1092,9,9,5,1,0,1,1,1,1785491344
2026-07-31T09:50:21Z,1093,7,6,8,0,0,1,1,1,1785489892
2026-07-31T09:50:21Z,1094,10,8,8,1,0,1,1,1,1785490952
2026-07-31T09:50:21Z,1095,9,8,6,0,0,1,1,1,1785489837
2026-07-31T09:50:21Z,1096,3,1,15,1,0,1,1,1,1785491316
2026-07-31T09:50:21Z,1097,9,9,6,0,0,1,1,1,1785489715
2026-07-31T09:50:21Z,1098,9,7,10,0,0,1,1,1,1785490055
2026-07-31T09:50:21Z,1099,7,6,8,0,0,1,1,1,1785490786
2026-07-31T09:50:21Z,1100,6,2,23,0,0,1,1,1,1785487894
2026-07-31T09:50:21Z,1101,9,5,12,0,0,1,1,1,1785490679
2026-07-31T09:50:21Z,1102,9,4,4,0,0,1,1,1,1785489970
2026-07-31T09:50:21Z,1103,10,5,11,0,0,1,1,1,1785487895
2026-07-31T09:50:21Z,1104,10,5,11,0,0,1,1,1,1785490435
2026-07-31T09:50:21Z,1105,7,3,6,0,0,1,1,1,1785489856
2026-07-31T09:50:21Z,1106,13,7,8,0,0,1,1,1,1785490774
2026-07-31T09:50:21Z,1107,9,5,6,0,0,1,1,1,1785491068
2026-07-31T09:50:21Z,1108,6,3,18,3,0,1,1,1,1785489740
2026-07-31T09:50:21Z,1109,6,1,9,0,0,1,1,1,1785491025
2026-07-31T09:50:21Z,1110,12,4,9,0,0,1,1,1,1785490304
2026-07-31T09:50:21Z,1111,3,2,18,0,0,1,1,1,1785475740
2026-07-31T09:50:21Z,1112,38,0,15,0,0,1,1,1,1785490845
2026-07-31T09:50:21Z,1113,1,0,20,0,0,1,1,1,1785490262
2026-07-31T09:50:21Z,1115,17,5,3,3,0,1,1,1,1785489652
2026-07-31T09:50:21Z,1116,5,1,14,0,0,1,1,1,1785490972
2026-07-31T09:50:21Z,1117,10,3,13,0,0,1,1,1,1785491351
2026-07-31T09:50:21Z,1118,16,1,3,2,0,1,1,1,1785490783
2026-07-31T09:50:21Z,1119,13,1,4,0,0,1,1,1,1785490171
2026-07-31T09:50:21Z,1120,13,0,6,0,0,1,1,1,1785491052
2026-07-31T09:50:21Z,1121,14,2,4,3,0,1,1,1,1785488201
2026-07-31T09:50:21Z,1122,17,9,1,3,0,1,1,1,1785490368
2026-07-31T09:50:21Z,1123,6,3,15,2,0,1,1,1,1785490611
2026-07-31T09:50:21Z,1124,8,0,2,5,0,1,1,1,1785490783
2026-07-31T09:50:21Z,1125,15,1,8,0,0,1,1,1,1785491249
2026-07-31T09:50:21Z,1126,4,0,16,1,0,1,1,1,1785490573
2026-07-31T09:50:21Z,1127,6,1,12,1,0,1,1,1,1785491292
2026-07-31T09:50:21Z,1128,14,2,0,1,0,1,1,1,1785490974
2026-07-31T09:50:21Z,1129,3,2,17,1,0,1,1,1,1785490699
2026-07-31T09:50:21Z,1130,6,0,9,0,0,1,1,1,1785490762
2026-07-31T09:50:21Z,1131,0,0,48,1,0,1,1,1,1785489908
2026-07-31T09:50:21Z,1132,13,6,7,1,0,1,1,1,1785490857
2026-07-31T09:50:21Z,1133,15,12,5,1,0,1,1,1,1785490785
2026-07-31T09:50:21Z,1134,11,7,8,0,0,1,1,1,1785489661
2026-07-31T09:50:21Z,1135,10,5,11,0,0,1,1,1,1785490572
2026-07-31T09:50:21Z,1136,6,0,17,0,0,1,1,1,1785491143
2026-07-31T09:50:21Z,1137,13,0,2,0,0,1,1,1,1785490892
2026-07-31T09:50:21Z,1138,15,2,4,0,0,1,1,1,1785490933
2026-07-31T09:50:21Z,1139,18,4,1,2,0,1,1,1,1785489648
2026-07-31T09:50:21Z,1140,22,3,0,1,0,1,1,1,1785490679
2026-07-31T09:50:21Z,1141,2,1,19,0,0,1,1,1,1785490372
2026-07-31T09:50:21Z,1142,2,0,19,0,0,1,1,1,1785489794
2026-07-31T09:50:21Z,1143,20,0,8,1,0,1,1,1,1785490706
2026-07-31T09:50:21Z,1144,7,1,13,1,0,1,1,1,1785491214
2026-07-31T09:50:21Z,1145,13,6,7,1,0,1,1,1,1785491351
2026-07-31T09:50:21Z,1146,10,0,5,4,0,1,1,1,1785490511
2026-07-31T09:50:21Z,1147,3,0,16,0,0,1,1,1,1785490897
2026-07-31T09:50:21Z,1148,24,6,7,0,0,1,1,1,1785490311
2026-07-31T09:50:21Z,1149,3,3,22,0,0,1,1,1,1785491257
2026-07-31T09:50:21Z,1150,18,1,1,0,0,1,1,1,1785490758
2026-07-31T09:50:21Z,1151,12,0,9,0,0,1,1,1,1785489803
2026-07-31T09:50:21Z,1152,18,1,11,0,0,1,1,1,1785491080
2026-07-31T09:50:21Z,1153,22,6,0,1,0,1,1,1,1785489690
2026-07-31T09:50:21Z,1154,13,1,6,0,0,1,1,1,1785490403
2026-07-31T09:50:21Z,1155,15,6,5,1,0,1,1,1,1785490963
2026-07-31T09:50:21Z,1158,3,0,15,1,0,1,1,1,1785490861
2026-07-31T09:50:21Z,1159,13,1,6,0,0,1,1,1,1785491216
2026-07-31T09:50:21Z,1160,9,1,9,1,0,1,1,1,1785489964
2026-07-31T09:50:21Z,1161,3,0,15,1,0,1,1,1,1785491351
2026-07-31T09:50:21Z,1162,2,1,17,0,0,1,1,1,1785489785
2026-07-31T09:50:21Z,1163,1,1,17,1,0,1,1,1,1785490977
2026-07-31T09:50:21Z,1164,6,1,13,0,0,1,1,1,1785491036
2026-07-31T09:50:21Z,1165,5,0,16,0,0,1,1,1,1785489953
2026-07-31T09:50:21Z,1166,12,3,8,1,0,1,1,1,1785491283
2026-07-31T09:50:21Z,1167,4,0,11,0,0,1,1,1,1785490746
2026-07-31T09:50:21Z,1168,2,1,20,1,0,1,1,1,1785491232
2026-07-31T09:50:21Z,1169,3,0,15,1,0,1,1,1,1785490884
2026-07-31T09:50:21Z,1170,6,0,14,1,0,1,1,1,1785491254
2026-07-31T09:50:21Z,1171,8,7,14,1,0,1,1,1,1785490926
2026-07-31T09:50:21Z,1172,7,2,6,2,0,1,1,1,1785491138
2026-07-31T09:50:21Z,1173,13,5,6,0,0,1,1,1,1785491133
2026-07-31T09:50:21Z,1174,6,3,9,0,0,1,1,1,1785490886
2026-07-31T09:50:21Z,1175,8,4,11,0,0,1,1,1,1785491319
2026-07-31T09:50:21Z,1176,19,1,2,0,0,1,1,1,1785490337
2026-07-31T09:50:21Z,1177,2,0,19,0,0,1,1,1,1785490259
2026-07-31T09:50:21Z,1178,2,1,13,0,0,1,1,1,1785490784
2026-07-31T09:50:21Z,1181,10,0,4,1,0,1,1,1,1785490378
2026-07-31T09:50:21Z,1182,0,0,20,0,0,1,1,1,1785491373
2026-07-31T09:50:21Z,1183,1,0,42,2,0,1,1,1,1785490816
2026-07-31T09:50:21Z,1184,12,6,8,1,0,1,1,1,1785490441
2026-07-31T09:50:21Z,1185,10,5,11,0,0,1,1,1,1785490385
2026-07-31T09:50:21Z,1186,9,5,10,0,0,1,1,1,1785491400
2026-07-31T09:50:21Z,1187,12,6,8,1,0,1,1,1,1785489943
2026-07-31T09:50:21Z,1188,9,3,6,0,0,1,1,1,1785491074
2026-07-31T09:50:21Z,1189,10,5,9,0,0,1,1,1,1785491161
2026-07-31T09:50:21Z,1190,10,5,11,0,0,1,1,1,1785490554
2026-07-31T09:50:21Z,1191,10,5,5,0,0,1,1,1,1785491082
2026-07-31T09:50:21Z,1192,10,6,10,1,0,1,1,1,1785490923
2026-07-31T09:50:21Z,1193,6,4,5,2,0,1,1,1,1785490078
2026-07-31T09:50:21Z,1197,9,6,7,1,0,1,1,1,1785490160
2026-07-31T09:50:21Z,1198,14,4,5,2,0,1,1,1,1785489629
2026-07-31T09:50:21Z,1199,2,0,17,0,0,1,1,1,1785489646
2026-07-31T09:50:21Z,1200,11,5,4,0,0,1,1,1,1785491118
2026-07-31T09:50:21Z,1201,11,5,4,0,0,1,1,1,1785491095
2026-07-31T09:50:21Z,1202,12,6,3,0,0,1,1,1,1785491194
2026-07-31T09:50:21Z,1203,9,6,6,0,0,1,1,1,1785491091
2026-07-31T09:50:21Z,1204,7,3,11,1,0,1,1,1,1785490835
2026-07-31T09:50:21Z,1206,11,5,10,0,0,1,1,1,1785490053
2026-07-31T09:50:21Z,1207,8,4,6,1,0,1,1,1,1785491407
2026-07-31T09:50:21Z,1208,7,2,11,1,0,1,1,1,1785491315
2026-07-31T09:50:21Z,1216,7,0,13,1,0,1,1,1,1785490283
2026-07-31T09:50:21Z,1218,4,0,17,0,0,1,1,1,1785490677
2026-07-31T09:50:21Z,1219,6,1,8,1,0,1,1,1,1785490545
2026-07-31T09:50:21Z,1220,14,7,4,1,0,1,1,1,1785490573
2026-07-31T09:50:21Z,1221,1,1,19,1,0,1,1,1,1785490274
2026-07-31T09:50:21Z,1222,28,1,1,0,0,1,1,1,1785490931
2026-07-31T09:50:21Z,1223,23,0,6,0,0,1,1,1,1785490764
2026-07-31T09:50:21Z,1226,0,0,3,0,0,0,1,1,1781868931
2026-07-31T09:50:21Z,1227,22,1,3,0,0,1,1,1,1785490790
2026-07-31T09:50:21Z,1228,17,1,11,1,0,1,1,1,1785490473
2026-07-31T09:50:21Z,1229,35,0,10,0,0,1,1,1,1785491287
2026-07-31T09:55:21Z,1,1,0,22,0,0,1,1,1,1785491228
2026-07-31T09:55:21Z,2,23,0,1,3,0,1,1,1,1785489989
2026-07-31T09:55:21Z,3,9,0,4,1,0,1,1,1,1785485488
2026-07-31T09:55:21Z,4,1,0,20,1,0,1,1,1,1785487895
2026-07-31T09:55:21Z,5,9,3,13,1,0,1,1,1,1785484887
2026-07-31T09:55:21Z,6,6,2,9,0,0,1,1,1,1785486991
2026-07-31T09:55:21Z,7,1,1,38,0,0,1,1,1,1785487290
2026-07-31T09:55:21Z,8,0,0,43,0,0,1,1,1,1785487014
2026-07-31T09:55:21Z,9,0,0,22,1,0,1,1,1,1785487593
2026-07-31T09:55:21Z,10,2,0,19,3,0,1,1,1,1785491289
2026-07-31T09:55:21Z,11,15,6,3,1,0,1,1,1,1785491275
2026-07-31T09:55:21Z,12,0,0,23,0,0,1,1,1,1785490105
2026-07-31T09:55:21Z,13,11,0,19,0,0,1,1,1,1785488834
2026-07-31T09:55:21Z,14,3,0,39,0,1,1,1,1,1785491439
2026-07-31T09:55:21Z,15,3,0,12,0,0,1,1,1,1785488861
2026-07-31T09:55:21Z,16,8,0,16,2,1,1,1,1,1785487292
2026-07-31T09:55:21Z,17,7,0,19,1,0,1,1,1,1785491479
2026-07-31T09:55:21Z,18,7,0,9,2,0,1,1,1,1785488039
2026-07-31T09:55:21Z,19,7,0,19,1,0,1,1,1,1785491211
2026-07-31T09:55:21Z,20,32,0,3,0,0,1,1,1,1785485188
2026-07-31T09:55:21Z,21,1,0,17,1,0,1,1,1,1785484888
2026-07-31T09:55:21Z,22,18,0,46,1,0,1,1,1,1785491500
2026-07-31T09:55:21Z,23,10,5,21,0,0,1,1,1,1785487895
2026-07-31T09:55:21Z,24,0,0,9,2,0,1,1,1,1785491708
2026-07-31T09:55:21Z,25,2,2,78,0,1,1,1,1,1785491481
2026-07-31T09:55:21Z,26,1,0,26,0,0,1,1,1,1785491464
2026-07-31T09:55:21Z,28,15,3,0,0,0,1,1,1,1785486991
2026-07-31T09:55:21Z,30,1,0,27,1,0,1,1,1,1785486089
2026-07-31T09:55:21Z,31,0,0,17,2,0,1,1,1,1785491595
2026-07-31T09:55:21Z,32,23,3,4,0,0,1,1,1,1785491676
2026-07-31T09:55:21Z,34,1,0,35,1,0,1,1,1,1785490647
2026-07-31T09:55:21Z,35,2,1,44,1,0,1,1,1,1785486762
2026-07-31T09:55:21Z,36,0,0,0,0,0,0,1,1,86400
2026-07-31T09:55:21Z,37,1,0,22,0,0,1,1,1,1785491559
2026-07-31T09:55:21Z,38,1,0,22,0,0,1,1,1,1785490318
2026-07-31T09:55:21Z,39,24,6,15,0,0,1,1,1,1785490063
2026-07-31T09:55:21Z,40,13,0,7,1,0,1,1,1,1785485488
2026-07-31T09:55:21Z,41,2,1,40,1,0,1,1,1,1785491500
2026-07-31T09:55:21Z,42,31,8,0,0,0,1,1,1,1785472558
2026-07-31T09:55:21Z,43,5,0,18,0,0,1,1,1,1785490390
2026-07-31T09:55:21Z,45,1,0,27,1,0,1,1,1,1785485789
2026-07-31T09:55:21Z,46,12,2,19,0,0,1,1,1,1785491240
2026-07-31T09:55:21Z,47,13,5,1,1,0,1,1,1,1785489312
2026-07-31T09:55:21Z,48,20,0,7,0,0,1,1,1,1785487579
2026-07-31T09:55:21Z,49,4,0,16,3,0,1,1,1,1785491703
2026-07-31T09:55:21Z,50,1,1,18,0,0,1,1,1,1785488641
2026-07-31T09:55:21Z,51,68,0,9,0,0,1,1,1,1785487292
2026-07-31T09:55:21Z,52,0,0,24,3,0,1,1,1,1785491652
2026-07-31T09:55:21Z,55,1,1,22,0,0,1,1,1,1785487781
2026-07-31T09:55:21Z,56,0,0,43,0,0,1,1,1,1785487593
2026-07-31T09:55:21Z,57,0,0,27,0,0,1,1,1,1785486089
2026-07-31T09:55:21Z,58,0,0,28,0,0,1,1,1,1785489985
2026-07-31T09:55:21Z,59,1,0,24,2,0,1,1,1,1785491487
2026-07-31T09:55:21Z,61,2,1,37,0,0,1,1,1,1785491414
2026-07-31T09:55:21Z,62,2,0,46,1,0,1,1,1,1785491075
2026-07-31T09:55:21Z,63,14,0,5,0,0,1,1,1,1785486089
2026-07-31T09:55:21Z,64,9,0,6,4,0,1,1,1,1785486992
2026-07-31T09:55:21Z,65,16,7,2,1,0,1,1,1,1785491350
2026-07-31T09:55:21Z,67,17,0,22,0,0,1,1,1,1785485188
2026-07-31T09:55:21Z,68,0,0,37,0,0,1,1,1,1785488201
2026-07-31T09:55:21Z,69,15,2,0,0,0,1,1,1,1785485188
2026-07-31T09:55:21Z,71,0,0,26,1,0,1,1,1,1785491326
2026-07-31T09:55:21Z,72,18,5,11,2,0,1,1,1,1785490995
2026-07-31T09:55:21Z,73,1,0,30,0,0,1,1,1,1785491470
2026-07-31T09:55:21Z,74,13,6,6,0,0,1,1,1,1785489103
2026-07-31T09:55:21Z,75,0,0,31,1,0,1,1,1,1785487292
2026-07-31T09:55:21Z,76,18,0,0,1,0,1,1,1,1785491701
2026-07-31T09:55:21Z,77,23,0,3,1,0,1,1,1,1785491669
2026-07-31T09:55:21Z,78,9,4,13,1,0,1,1,1,1785490382
2026-07-31T09:55:21Z,79,5,3,11,1,0,1,1,1,1785491374
2026-07-31T09:55:21Z,80,18,0,2,3,0,1,1,1,1785491403
2026-07-31T09:55:21Z,81,5,0,26,0,0,1,1,1,1785486390
2026-07-31T09:55:21Z,82,13,0,10,0,0,1,1,1,1785491653
2026-07-31T09:55:21Z,83,8,1,25,1,0,1,1,1,1785491398
2026-07-31T09:55:21Z,84,27,0,0,0,0,1,1,1,1785487883
2026-07-31T09:55:21Z,85,1,1,14,0,0,1,1,1,1785486991
2026-07-31T09:55:21Z,86,25,0,1,1,0,1,1,1,1785486691
2026-07-31T09:55:21Z,87,10,0,9,0,0,1,1,1,1785488201
2026-07-31T09:55:21Z,88,1,0,41,1,0,1,1,1,1785490680
2026-07-31T09:55:21Z,89,22,0,13,0,0,1,1,1,1785487292
2026-07-31T09:55:21Z,90,6,2,10,2,0,1,1,1,1785490958
2026-07-31T09:55:21Z,91,13,0,4,0,0,1,1,1,1785490693
2026-07-31T09:55:21Z,92,10,4,6,3,0,1,1,1,1785491429
2026-07-31T09:55:21Z,93,0,0,23,0,0,1,1,1,1785486390
2026-07-31T09:55:21Z,94,2,0,16,1,0,1,1,1,1785486390
2026-07-31T09:55:21Z,95,25,2,8,1,1,1,1,1,1785491706
2026-07-31T09:55:21Z,96,29,0,1,1,0,1,1,1,1785488201
2026-07-31T09:55:21Z,97,0,0,16,1,0,1,1,1,1785491525
2026-07-31T09:55:21Z,98,19,0,15,1,0,1,1,1,1785486089
2026-07-31T09:55:21Z,99,4,2,11,0,0,1,1,1,1785486802
2026-07-31T09:55:21Z,100,1,0,26,0,0,1,1,1,1785488201
2026-07-31T09:55:21Z,101,1,0,13,1,0,1,1,1,1785485789
2026-07-31T09:55:21Z,102,0,0,23,0,0,1,1,1,1785487553
2026-07-31T09:55:21Z,103,5,0,25,0,0,1,1,1,1785489200
2026-07-31T09:55:21Z,104,0,0,25,2,0,1,1,1,1785491703
2026-07-31T09:55:21Z,105,16,1,3,0,0,1,1,1,1785486390
2026-07-31T09:55:21Z,106,1,0,20,0,0,1,1,1,1785490634
2026-07-31T09:55:21Z,107,0,0,37,0,0,1,1,1,1785485489
2026-07-31T09:55:21Z,108,15,1,20,0,0,1,1,1,1785489455
2026-07-31T09:55:21Z,109,7,0,16,0,0,1,1,1,1785489961
2026-07-31T09:55:21Z,110,14,2,9,0,0,1,1,1,1785488165
2026-07-31T09:55:21Z,111,1,0,35,0,0,1,1,1,1785490951
2026-07-31T09:55:21Z,112,4,0,10,1,0,1,1,1,1785490423
2026-07-31T09:55:21Z,113,5,0,11,3,0,1,1,1,1785491681
2026-07-31T09:55:21Z,114,6,6,23,1,1,1,1,1,1785491450
2026-07-31T09:55:21Z,115,3,1,23,2,0,1,1,1,1785479033
2026-07-31T09:55:21Z,116,3,3,23,1,0,1,1,1,1785487594
2026-07-31T09:55:21Z,118,20,9,0,3,0,1,1,1,1785490019
2026-07-31T09:55:21Z,119,32,2,2,4,0,1,1,1,1785489175
2026-07-31T09:55:21Z,120,22,1,4,1,0,1,1,1,1785491101
2026-07-31T09:55:21Z,121,6,2,12,0,1,1,1,1,1785491472
2026-07-31T09:55:21Z,122,10,0,10,1,0,1,1,1,1785491486
2026-07-31T09:55:21Z,123,8,1,39,0,0,1,1,1,1785485188
2026-07-31T09:55:21Z,124,32,1,3,0,0,1,1,1,1785486746
2026-07-31T09:55:21Z,125,6,2,17,0,0,1,1,1,1785490205
2026-07-31T09:55:21Z,126,25,2,6,0,0,1,1,1,1785491001
2026-07-31T09:55:21Z,127,8,0,25,2,0,1,1,1,1785491542
2026-07-31T09:55:21Z,128,17,1,2,0,0,1,1,1,1785490685
2026-07-31T09:55:21Z,129,17,1,0,2,0,1,1,1,1785486089
2026-07-31T09:55:21Z,130,5,1,12,0,0,1,1,1,1785490452
2026-07-31T09:55:21Z,131,9,3,0,2,0,1,1,1,1785490792
2026-07-31T09:55:21Z,132,13,6,1,0,1,1,1,1,1785490417
2026-07-31T09:55:21Z,134,5,0,13,5,0,1,1,1,1785491577
2026-07-31T09:55:21Z,135,8,4,10,1,0,1,1,1,1785488917
2026-07-31T09:55:21Z,136,7,0,8,1,7,1,1,1,1785491640
2026-07-31T09:55:21Z,137,9,2,10,0,0,1,1,1,1785491408
2026-07-31T09:55:21Z,138,35,2,2,0,0,1,1,1,1785491708
2026-07-31T09:55:21Z,139,17,3,2,0,0,1,1,1,1785491526
2026-07-31T09:55:21Z,140,18,9,3,2,0,1,1,1,1785491705
2026-07-31T09:55:21Z,141,31,1,5,0,0,1,1,1,1785485909
2026-07-31T09:55:21Z,142,23,1,0,0,0,1,1,1,1785490160
2026-07-31T09:55:21Z,143,13,3,17,1,0,1,1,1,1785487895
2026-07-31T09:55:21Z,144,23,1,4,0,0,1,1,1,1785486390
2026-07-31T09:55:21Z,146,8,1,14,1,0,1,1,1,1785486463
2026-07-31T09:55:21Z,147,9,2,8,2,0,1,1,1,1785491707
2026-07-31T09:55:21Z,148,24,0,2,0,1,1,1,1,1785491570
2026-07-31T09:55:21Z,149,17,4,9,1,0,1,1,1,1785489364
2026-07-31T09:55:21Z,150,31,7,2,2,0,1,1,1,1785491425
2026-07-31T09:55:21Z,151,19,6,4,0,0,1,1,1,1785491456
2026-07-31T09:55:21Z,152,19,1,4,4,0,1,1,1,1785491531
2026-07-31T09:55:21Z,153,13,1,12,6,0,1,1,1,1785491551
2026-07-31T09:55:21Z,154,15,3,5,3,0,1,1,1,1785491678
2026-07-31T09:55:21Z,155,9,4,4,1,0,1,1,1,1785491543
2026-07-31T09:55:21Z,156,15,1,4,0,0,1,1,1,1785489085
2026-07-31T09:55:21Z,157,15,0,10,2,0,1,1,1,1785491574
2026-07-31T09:55:21Z,158,16,2,0,0,0,1,1,1,1785488201
2026-07-31T09:55:21Z,159,5,2,14,0,0,1,1,1,1785488201
2026-07-31T09:55:21Z,160,18,1,1,0,0,1,1,1,1785491594
2026-07-31T09:55:21Z,161,18,3,4,0,0,1,1,1,1785491642
2026-07-31T09:55:21Z,162,10,0,16,1,0,1,1,1,1785488396
2026-07-31T09:55:21Z,163,30,3,1,0,0,1,1,1,1785489189
2026-07-31T09:55:21Z,164,25,7,2,0,0,1,1,1,1785486691
2026-07-31T09:55:21Z,165,21,10,9,1,0,1,1,1,1785490458
2026-07-31T09:55:21Z,166,32,8,3,4,0,1,1,1,1785491707
2026-07-31T09:55:21Z,167,19,9,2,2,0,1,1,1,1785491219
2026-07-31T09:55:21Z,168,20,0,6,1,0,1,1,1,1785491530
2026-07-31T09:55:21Z,169,1,0,21,0,1,1,1,1,1785487293
2026-07-31T09:55:21Z,170,17,4,0,2,0,1,1,1,1785488379
2026-07-31T09:55:21Z,171,10,3,1,2,0,1,1,1,1785491413
2026-07-31T09:55:21Z,173,37,0,2,0,0,1,1,1,1785490623
2026-07-31T09:55:21Z,174,21,1,3,2,0,1,1,1,1785491643
2026-07-31T09:55:21Z,175,8,0,23,0,0,1,1,1,1785491110
2026-07-31T09:55:21Z,176,5,2,9,0,1,1,1,1,1785491280
2026-07-31T09:55:21Z,177,19,1,8,0,0,1,1,1,1785491415
2026-07-31T09:55:21Z,178,2,0,10,2,1,1,1,1,1785491703
2026-07-31T09:55:21Z,179,11,1,3,1,0,1,1,1,1785486089
2026-07-31T09:55:21Z,180,27,0,3,0,0,1,1,1,1785487594
2026-07-31T09:55:21Z,181,11,1,3,1,0,1,1,1,1785491378
2026-07-31T09:55:21Z,182,15,1,2,0,0,1,1,1,1785489885
2026-07-31T09:55:21Z,183,15,0,8,0,0,1,1,1,1785491239
2026-07-31T09:55:21Z,184,0,0,22,1,0,1,1,1,1785488157
2026-07-31T09:55:21Z,185,12,1,0,2,1,1,1,1,1785484888
2026-07-31T09:55:21Z,186,4,1,15,0,0,1,1,1,1785487895
2026-07-31T09:55:21Z,187,8,0,19,1,0,1,1,1,1785490132
2026-07-31T09:55:21Z,188,12,0,7,8,0,1,1,1,1785491709
2026-07-31T09:55:21Z,189,15,4,0,0,0,1,1,1,1785487895
2026-07-31T09:55:21Z,190,4,0,19,0,0,1,1,1,1785491483
2026-07-31T09:55:21Z,191,2,1,37,0,0,1,1,1,1785486690
2026-07-31T09:55:21Z,192,12,4,16,3,0,1,1,1,1785486089
2026-07-31T09:55:21Z,193,1,0,14,0,0,1,1,1,1785490688
2026-07-31T09:55:21Z,194,17,1,9,1,0,1,1,1,1785486691
2026-07-31T09:55:21Z,195,12,1,5,2,0,1,1,1,1785487594
2026-07-31T09:55:21Z,196,24,1,0,3,0,1,1,1,1785491658
2026-07-31T09:55:21Z,197,16,3,1,1,1,1,1,1,1785489625
2026-07-31T09:55:21Z,198,19,16,4,0,0,1,1,1,1785491699
2026-07-31T09:55:21Z,199,6,5,6,3,0,1,1,1,1785489674
2026-07-31T09:55:21Z,200,14,0,11,1,0,1,1,1,1785491571
2026-07-31T09:55:21Z,201,7,3,16,0,0,1,1,1,1785490142
2026-07-31T09:55:21Z,202,0,0,27,0,0,1,1,1,1785486691
2026-07-31T09:55:21Z,203,26,3,4,1,0,1,1,1,1785487252
2026-07-31T09:55:21Z,204,30,1,4,1,0,1,1,1,1785490206
2026-07-31T09:55:21Z,205,13,1,14,0,0,1,1,1,1785488894
2026-07-31T09:55:21Z,206,1,1,13,1,0,1,1,1,1785486448
2026-07-31T09:55:21Z,207,12,0,8,1,0,1,1,1,1785491125
2026-07-31T09:55:21Z,208,2,0,27,0,0,1,1,1,1785486390
2026-07-31T09:55:21Z,209,7,0,22,2,0,1,1,1,1785491448
2026-07-31T09:55:21Z,210,23,2,4,0,0,1,1,1,1785485488
2026-07-31T09:55:21Z,211,14,6,8,1,0,1,1,1,1785490780
2026-07-31T09:55:21Z,212,23,0,11,1,0,1,1,1,1785491644
2026-07-31T09:55:21Z,213,12,1,9,2,0,1,1,1,1785491449
2026-07-31T09:55:21Z,214,29,0,14,4,0,1,1,1,1785490284
2026-07-31T09:55:21Z,215,6,2,16,1,0,1,1,1,1785490465
2026-07-31T09:55:21Z,216,7,0,11,1,0,1,1,1,1785491552
2026-07-31T09:55:21Z,217,9,0,19,1,0,1,1,1,1785491491
2026-07-31T09:55:21Z,218,20,4,17,2,0,1,1,1,1785491486
2026-07-31T09:55:21Z,219,1,1,24,1,0,1,1,1,1785489320
2026-07-31T09:55:21Z,220,23,6,18,1,1,1,1,1,1785491278
2026-07-31T09:55:21Z,221,13,8,1,1,0,1,1,1,1785491306
2026-07-31T09:55:21Z,222,13,11,4,2,0,1,1,1,1785491355
2026-07-31T09:55:21Z,223,8,3,24,3,0,1,1,1,1785491585
2026-07-31T09:55:21Z,224,6,4,15,1,0,1,1,1,1785491603
2026-07-31T09:55:21Z,225,10,0,3,6,0,1,1,1,1785487206
2026-07-31T09:55:21Z,226,30,10,1,0,0,1,1,1,1785491255
2026-07-31T09:55:21Z,227,21,13,5,0,1,1,1,1,1785491572
2026-07-31T09:55:21Z,228,1,0,17,1,0,1,1,1,1785484888
2026-07-31T09:55:21Z,230,16,9,10,0,0,1,1,1,1785486691
2026-07-31T09:55:21Z,232,13,6,3,1,0,1,1,1,1785486390
2026-07-31T09:55:21Z,233,19,0,10,2,0,1,1,1,1785487026
2026-07-31T09:55:21Z,234,7,3,7,3,2,1,1,1,1785491043
2026-07-31T09:55:21Z,236,12,2,7,0,0,1,1,1,1785491381
2026-07-31T09:55:21Z,237,21,4,1,1,0,1,1,1,1785489236
2026-07-31T09:55:21Z,239,23,18,1,3,0,1,1,1,1785486691
2026-07-31T09:55:21Z,241,18,6,5,0,0,1,1,1,1785490525
2026-07-31T09:55:21Z,242,1,1,21,1,0,1,1,1,1785487593
2026-07-31T09:55:21Z,243,10,0,20,1,0,1,1,1,1785491059
2026-07-31T09:55:21Z,244,13,1,13,1,0,1,1,1,1785488405
2026-07-31T09:55:21Z,245,6,4,17,0,0,1,1,1,1785490437
2026-07-31T09:55:21Z,246,13,0,10,0,0,1,1,1,1785487895
2026-07-31T09:55:21Z,247,12,10,10,1,0,1,1,1,1785488201
2026-07-31T09:55:21Z,248,18,3,2,3,0,1,1,1,1785490306
2026-07-31T09:55:21Z,249,2,0,17,0,0,1,1,1,1785488201
2026-07-31T09:55:21Z,250,23,5,4,0,0,1,1,1,1785487895
2026-07-31T09:55:21Z,251,22,5,2,3,0,1,1,1,1785486991
2026-07-31T09:55:21Z,253,8,4,10,1,0,1,1,1,1785491210
2026-07-31T09:55:21Z,254,26,21,16,1,0,1,1,1,1785485789
2026-07-31T09:55:21Z,255,5,0,17,0,1,1,1,1,1785491653
2026-07-31T09:55:21Z,256,9,4,12,2,0,1,1,1,1785490433
2026-07-31T09:55:21Z,257,13,5,5,1,0,1,1,1,1785489536
2026-07-31T09:55:21Z,258,1,0,18,0,0,1,1,1,1785482036
2026-07-31T09:55:21Z,259,20,3,2,0,1,1,1,1,1785490854
2026-07-31T09:55:21Z,260,14,4,2,3,0,1,1,1,1785486424
2026-07-31T09:55:21Z,261,15,0,2,1,1,1,1,1,1785489370
2026-07-31T09:55:21Z,262,20,11,3,0,0,1,1,1,1785490512
2026-07-31T09:55:21Z,263,14,3,1,0,0,1,1,1,1785491399
2026-07-31T09:55:21Z,264,18,6,0,1,0,1,1,1,1785488201
2026-07-31T09:55:21Z,265,14,0,1,0,0,1,1,1,1785490183
2026-07-31T09:55:21Z,266,16,7,0,3,0,1,1,1,1785488864
2026-07-31T09:55:21Z,267,7,3,6,2,0,1,1,1,1785484888
2026-07-31T09:55:21Z,268,23,9,0,0,0,1,1,1,1785484887
2026-07-31T09:55:21Z,269,10,4,12,1,0,1,1,1,1785490639
2026-07-31T09:55:21Z,270,23,1,4,0,0,1,1,1,1785491481
2026-07-31T09:55:21Z,271,0,0,17,2,0,1,1,1,1785486991
2026-07-31T09:55:21Z,272,13,13,9,1,0,1,1,1,1785486390
2026-07-31T09:55:21Z,273,14,5,1,0,0,1,1,1,1785484888
2026-07-31T09:55:21Z,274,16,6,2,1,0,1,1,1,1785491514
2026-07-31T09:55:21Z,275,13,0,6,2,2,1,1,1,1785491526
2026-07-31T09:55:21Z,276,1,0,26,0,0,1,1,1,1785486991
2026-07-31T09:55:21Z,277,12,1,6,5,0,1,1,1,1785488201
2026-07-31T09:55:21Z,278,23,2,5,2,1,1,1,1,1785487967
2026-07-31T09:55:21Z,279,17,0,2,0,0,1,1,1,1785487347
2026-07-31T09:55:21Z,280,10,2,19,2,0,1,1,1,1785491682
2026-07-31T09:55:21Z,281,19,0,0,0,0,1,1,1,1785486089
2026-07-31T09:55:21Z,282,5,2,13,0,0,1,1,1,1785484887
2026-07-31T09:55:21Z,283,34,1,1,0,0,1,1,1,1785486992
2026-07-31T09:55:21Z,284,18,4,15,2,0,1,1,1,1785488133
2026-07-31T09:55:21Z,285,8,7,15,0,0,1,1,1,1785485188
2026-07-31T09:55:21Z,286,16,15,2,5,0,1,1,1,1785488250
2026-07-31T09:55:21Z,287,13,4,7,3,0,1,1,1,1785484887
2026-07-31T09:55:21Z,288,14,10,5,0,0,1,1,1,1785486991
2026-07-31T09:55:21Z,289,24,3,0,3,0,1,1,1,1785488202
2026-07-31T09:55:21Z,290,8,0,30,1,0,1,1,1,1785491552
2026-07-31T09:55:21Z,291,10,2,11,2,0,1,1,1,1785490741
2026-07-31T09:55:21Z,292,22,0,1,0,0,1,1,1,1785485789
2026-07-31T09:55:21Z,293,17,10,6,0,0,1,1,1,1785486991
2026-07-31T09:55:21Z,294,0,0,21,1,0,1,1,1,1785486991
2026-07-31T09:55:21Z,297,14,4,2,2,1,1,1,1,1785491414
2026-07-31T09:55:21Z,301,17,1,2,0,0,1,1,1,1785486691
2026-07-31T09:55:21Z,302,0,0,23,0,0,1,1,1,1785486991
2026-07-31T09:55:21Z,303,19,0,0,0,0,1,1,1,1785485188
2026-07-31T09:55:21Z,304,0,0,0,0,0,0,1,1,86400
2026-07-31T09:55:21Z,305,19,0,0,0,0,1,1,1,1785485188
2026-07-31T09:55:21Z,306,2,0,29,1,0,1,1,1,1785485188
2026-07-31T09:55:21Z,307,18,1,3,1,1,1,1,1,1785491454
2026-07-31T09:55:21Z,308,14,0,3,2,0,1,1,1,1785485188
2026-07-31T09:55:21Z,309,13,3,0,1,0,1,1,1,1785488427
2026-07-31T09:55:21Z,311,15,0,0,0,0,1,1,1,1785486992
2026-07-31T09:55:21Z,312,6,3,12,4,1,1,1,1,1785491463
2026-07-31T09:55:21Z,313,3,1,12,0,0,1,1,1,1785486991
2026-07-31T09:55:21Z,314,4,3,11,3,0,1,1,1,1785486991
2026-07-31T09:55:21Z,315,23,6,6,2,0,1,1,1,1785491460
2026-07-31T09:55:21Z,316,3,1,20,7,1,1,1,1,1785491692
2026-07-31T09:55:21Z,317,0,0,30,0,1,1,1,1,1785491623
2026-07-31T09:55:21Z,318,16,0,3,0,0,1,1,1,1785486991
2026-07-31T09:55:21Z,319,18,3,4,1,0,1,1,1,1785491234
2026-07-31T09:55:21Z,320,18,5,0,1,0,1,1,1,1785491087
2026-07-31T09:55:21Z,321,8,1,7,4,0,1,1,1,1785491569
2026-07-31T09:55:21Z,322,4,1,24,1,0,1,1,1,1785489880
2026-07-31T09:55:21Z,323,8,0,11,0,0,1,1,1,1785487292
2026-07-31T09:55:21Z,324,12,3,14,1,0,1,1,1,1785491701
2026-07-31T09:55:21Z,325,4,3,21,2,0,1,1,1,1785489487
2026-07-31T09:55:21Z,327,26,0,0,1,0,1,1,1,1785489831
2026-07-31T09:55:21Z,328,20,0,1,1,0,1,1,1,1785484794
2026-07-31T09:55:21Z,329,17,0,0,2,0,1,1,1,1785487643
2026-07-31T09:55:21Z,330,3,0,19,0,0,1,1,1,1785485188
2026-07-31T09:55:21Z,331,12,3,10,1,0,1,1,1,1785487675
2026-07-31T09:55:21Z,332,10,3,7,2,0,1,1,1,1785487292
2026-07-31T09:55:21Z,333,1,1,21,1,0,1,1,1,1785491427
2026-07-31T09:55:21Z,334,11,8,12,0,0,1,1,1,1785487804
2026-07-31T09:55:21Z,335,3,2,18,1,1,1,1,1,1785487292
2026-07-31T09:55:21Z,336,18,2,1,0,0,1,1,1,1785487293
2026-07-31T09:55:21Z,337,17,3,1,5,0,1,1,1,1785491635
2026-07-31T09:55:21Z,338,17,8,2,0,0,1,1,1,1785487389
2026-07-31T09:55:21Z,339,21,11,2,0,0,1,1,1,1785491284
2026-07-31T09:55:21Z,340,13,11,1,1,0,1,1,1,1785491300
2026-07-31T09:55:21Z,341,11,4,8,0,0,1,1,1,1785487352
2026-07-31T09:55:21Z,342,12,6,1,2,0,1,1,1,1785490143
2026-07-31T09:55:21Z,343,21,1,1,1,0,1,1,1,1785487543
2026-07-31T09:55:21Z,344,23,9,0,0,0,1,1,1,1785488186
2026-07-31T09:55:21Z,345,19,3,0,0,0,1,1,1,1785487292
2026-07-31T09:55:21Z,346,9,6,14,0,0,1,1,1,1785489426
2026-07-31T09:55:21Z,347,0,0,42,2,0,1,1,1,1785491700
2026-07-31T09:55:21Z,348,21,3,0,1,1,1,1,1,1785491573
2026-07-31T09:55:21Z,349,6,1,13,0,0,1,1,1,1785487293
2026-07-31T09:55:21Z,350,24,3,1,1,1,1,1,1,1785487293
2026-07-31T09:55:21Z,351,20,3,0,3,0,1,1,1,1785491564
2026-07-31T09:55:21Z,355,21,0,2,0,0,1,1,1,1785490901
2026-07-31T09:55:21Z,356,17,1,2,0,0,1,1,1,1785491511
2026-07-31T09:55:21Z,357,13,4,6,0,0,1,1,1,1785485188
2026-07-31T09:55:21Z,358,24,4,2,1,0,1,1,1,1785487594
2026-07-31T09:55:21Z,359,20,0,7,0,0,1,1,1,1785489979
2026-07-31T09:55:21Z,360,16,4,1,2,0,1,1,1,1785487594
2026-07-31T09:55:21Z,362,17,5,0,2,0,1,1,1,1785487292
2026-07-31T09:55:21Z,363,2,0,25,0,0,1,1,1,1785489580
2026-07-31T09:55:21Z,364,19,3,0,0,0,1,1,1,1785487896
2026-07-31T09:55:21Z,365,15,4,5,3,0,1,1,1,1785491063
2026-07-31T09:55:21Z,366,14,8,2,7,0,1,1,1,1785491680
2026-07-31T09:55:21Z,367,15,8,2,2,0,1,1,1,1785491056
2026-07-31T09:55:21Z,368,20,3,1,2,0,1,1,1,1785486991
2026-07-31T09:55:21Z,370,14,7,13,0,0,1,1,1,1785491707
2026-07-31T09:55:21Z,371,4,2,14,1,0,1,1,1,1785484735
2026-07-31T09:55:21Z,372,8,2,7,0,0,1,1,1,1785487594
2026-07-31T09:55:21Z,373,24,8,3,0,0,1,1,1,1785486433
2026-07-31T09:55:21Z,374,16,7,1,2,0,1,1,1,1785491612
2026-07-31T09:55:21Z,375,20,5,4,3,0,1,1,1,1785487593
2026-07-31T09:55:21Z,376,27,3,7,5,0,1,1,1,1785490526
2026-07-31T09:55:21Z,377,25,9,2,0,0,1,1,1,1785487594
2026-07-31T09:55:21Z,378,21,5,1,1,1,1,1,1,1785491525
2026-07-31T09:55:21Z,379,15,0,12,0,0,1,1,1,1785490393
2026-07-31T09:55:21Z,380,22,7,0,1,0,1,1,1,1785489276
2026-07-31T09:55:21Z,381,14,0,9,0,0,1,1,1,1785488686
2026-07-31T09:55:21Z,383,13,0,0,2,0,1,1,1,1785490079
2026-07-31T09:55:21Z,384,26,1,0,1,0,1,1,1,1785487594
2026-07-31T09:55:21Z,385,14,2,2,2,0,1,1,1,1785487594
2026-07-31T09:55:21Z,387,21,2,2,0,0,1,1,1,1785490060
2026-07-31T09:55:21Z,388,15,3,34,0,0,1,1,1,1785491593
2026-07-31T09:55:21Z,389,9,8,6,0,0,1,1,1,1785487293
2026-07-31T09:55:21Z,390,16,0,19,0,0,1,1,1,1785489336
2026-07-31T09:55:21Z,391,4,0,10,1,0,1,1,1,1785487292
2026-07-31T09:55:21Z,392,3,3,15,1,0,1,1,1,1785491506
2026-07-31T09:55:21Z,393,3,3,5,3,0,1,1,1,1785487292
2026-07-31T09:55:21Z,394,9,6,2,2,0,1,1,1,1785487594
2026-07-31T09:55:21Z,396,7,7,32,3,0,1,1,1,1785487595
2026-07-31T09:55:21Z,397,4,4,27,0,0,1,1,1,1785488201
2026-07-31T09:55:21Z,399,12,1,3,2,0,1,1,1,1785490391
2026-07-31T09:55:21Z,400,11,6,9,3,0,1,1,1,1785491087
2026-07-31T09:55:21Z,401,9,0,22,8,0,1,1,1,1785490115
2026-07-31T09:55:21Z,403,3,0,26,2,0,1,1,1,1785491595
2026-07-31T09:55:21Z,404,2,1,20,1,0,1,1,1,1785486690
2026-07-31T09:55:21Z,406,1,0,33,1,0,1,1,1,1785491659
2026-07-31T09:55:21Z,407,15,3,18,1,0,1,1,1,1785491169
2026-07-31T09:55:21Z,408,13,2,19,1,0,1,1,1,1785491284
2026-07-31T09:55:21Z,409,0,0,20,3,0,1,1,1,1785488970
2026-07-31T09:55:21Z,413,20,5,1,2,0,1,1,1,1785490104
2026-07-31T09:55:21Z,414,13,4,1,1,0,1,1,1,1785485488
2026-07-31T09:55:21Z,417,11,6,7,1,0,1,1,1,1785491073
2026-07-31T09:55:21Z,418,1,0,14,0,0,1,1,1,1785490913
2026-07-31T09:55:21Z,419,10,0,12,1,0,1,1,1,1785487895
2026-07-31T09:55:21Z,421,1,0,18,0,0,1,1,1,1785488201
2026-07-31T09:55:21Z,422,3,3,23,1,0,1,1,1,1785490175
2026-07-31T09:55:21Z,423,5,1,18,0,0,1,1,1,1785490296
2026-07-31T09:55:21Z,424,4,1,8,3,0,1,1,1,1785491435
2026-07-31T09:55:21Z,425,20,0,1,0,1,1,1,1,1785485489
2026-07-31T09:55:21Z,426,0,0,35,2,0,1,1,1,1785490002
2026-07-31T09:55:21Z,427,14,1,0,1,0,1,1,1,1785491655
2026-07-31T09:55:21Z,428,16,2,3,0,0,1,1,1,1785491618
2026-07-31T09:55:21Z,429,1,0,20,2,0,1,1,1,1785488273
2026-07-31T09:55:21Z,430,28,0,0,3,0,1,1,1,1785485488
2026-07-31T09:55:21Z,431,15,0,17,1,0,1,1,1,1785488642
2026-07-31T09:55:21Z,432,18,0,11,2,0,1,1,1,1785490634
2026-07-31T09:55:21Z,433,19,6,3,1,0,1,1,1,1785488201
2026-07-31T09:55:21Z,437,3,1,15,1,0,1,1,1,1785487897
2026-07-31T09:55:21Z,438,17,0,1,1,0,1,1,1,1785491449
2026-07-31T09:55:21Z,439,4,0,11,0,0,1,1,1,1785490818
2026-07-31T09:55:21Z,440,13,1,0,2,0,1,1,1,1785488201
2026-07-31T09:55:21Z,441,10,2,4,1,0,1,1,1,1785485488
2026-07-31T09:55:21Z,442,17,9,1,1,0,1,1,1,1785487895
2026-07-31T09:55:21Z,443,4,2,23,0,0,1,1,1,1785485488
2026-07-31T09:55:21Z,444,2,2,21,0,0,1,1,1,1785485488
2026-07-31T09:55:21Z,445,7,2,15,1,0,1,1,1,1785491674
2026-07-31T09:55:21Z,446,1,1,21,1,0,1,1,1,1785487896
2026-07-31T09:55:21Z,447,3,0,18,1,1,1,1,1,1785485488
2026-07-31T09:55:21Z,448,9,4,5,1,0,1,1,1,1785487895
2026-07-31T09:55:21Z,452,8,6,10,1,0,1,1,1,1785487661
2026-07-31T09:55:21Z,453,5,5,9,1,0,1,1,1,1785489638
2026-07-31T09:55:21Z,454,9,0,10,0,0,1,1,1,1785489971
2026-07-31T09:55:21Z,455,1,0,38,0,0,1,1,1,1785491169
2026-07-31T09:55:21Z,456,9,0,10,1,0,1,1,1,1785491605
2026-07-31T09:55:21Z,457,25,2,0,2,0,1,1,1,1785487895
2026-07-31T09:55:21Z,458,13,5,10,0,0,1,1,1,1785491311
2026-07-31T09:55:21Z,459,15,0,0,0,0,1,1,1,1785485789
2026-07-31T09:55:21Z,460,18,2,4,1,0,1,1,1,1785490370
2026-07-31T09:55:21Z,461,5,1,14,0,0,1,1,1,1785487878
2026-07-31T09:55:21Z,462,9,1,12,0,0,1,1,1,1785491329
2026-07-31T09:55:21Z,463,13,1,6,0,0,1,1,1,1785487897
2026-07-31T09:55:21Z,464,3,1,11,0,0,1,1,1,1785485789
2026-07-31T09:55:21Z,465,0,0,14,1,0,1,1,1,1785485789
2026-07-31T09:55:21Z,466,11,3,2,2,0,1,1,1,1785485789
2026-07-31T09:55:21Z,467,5,1,13,1,0,1,1,1,1785471818
2026-07-31T09:55:21Z,468,17,1,1,1,0,1,1,1,1785485789
2026-07-31T09:55:21Z,469,2,1,21,0,0,1,1,1,1785487896
2026-07-31T09:55:21Z,470,12,1,1,2,0,1,1,1,1785491520
2026-07-31T09:55:21Z,471,22,2,5,0,0,1,1,1,1785487895
2026-07-31T09:55:21Z,472,18,6,0,1,0,1,1,1,1785491412
2026-07-31T09:55:21Z,473,19,5,0,0,0,1,1,1,1785485789
2026-07-31T09:55:21Z,474,16,0,3,0,0,1,1,1,1785488959
2026-07-31T09:55:21Z,475,4,1,14,1,0,1,1,1,1785490904
2026-07-31T09:55:21Z,477,10,7,4,1,0,1,1,1,1785490289
2026-07-31T09:55:21Z,478,6,0,24,1,0,1,1,1,1785485789
2026-07-31T09:55:21Z,479,1,1,25,1,0,1,1,1,1785489149
2026-07-31T09:55:21Z,480,2,0,10,3,0,1,1,1,1785491326
2026-07-31T09:55:21Z,481,28,1,6,1,0,1,1,1,1785491493
2026-07-31T09:55:21Z,482,18,6,1,0,0,1,1,1,1785490527
2026-07-31T09:55:21Z,483,2,0,23,2,0,1,1,1,1785491394
2026-07-31T09:55:21Z,484,7,2,11,1,0,1,1,1,1785491706
2026-07-31T09:55:21Z,485,16,6,1,1,1,1,1,1,1785491465
2026-07-31T09:55:21Z,486,25,6,0,2,0,1,1,1,1785491452
2026-07-31T09:55:21Z,487,8,5,10,1,0,1,1,1,1785490150
2026-07-31T09:55:21Z,489,12,6,3,0,0,1,1,1,1785488501
2026-07-31T09:55:21Z,490,3,1,13,0,0,1,1,1,1785489499
2026-07-31T09:55:21Z,491,4,1,17,0,0,1,1,1,1785486090
2026-07-31T09:55:21Z,492,5,3,2,4,0,1,1,1,1785491706
2026-07-31T09:55:21Z,493,0,0,26,1,0,1,1,1,1785487895
2026-07-31T09:55:21Z,495,9,0,3,3,0,1,1,1,1785489700
2026-07-31T09:55:21Z,496,27,1,0,0,0,1,1,1,1785486089
2026-07-31T09:55:21Z,497,16,0,2,1,0,1,1,1,1785491100
2026-07-31T09:55:21Z,498,21,3,1,1,0,1,1,1,1785490089
2026-07-31T09:55:21Z,499,17,1,1,1,0,1,1,1,1785487896
2026-07-31T09:55:21Z,500,8,4,1,6,0,1,1,1,1785487895
2026-07-31T09:55:21Z,501,10,4,11,0,0,1,1,1,1785487896
2026-07-31T09:55:21Z,502,6,0,13,0,0,1,1,1,1785486089
2026-07-31T09:55:21Z,503,26,0,4,1,0,1,1,1,1785487895
2026-07-31T09:55:21Z,504,0,0,39,0,0,1,1,1,1785486562
2026-07-31T09:55:21Z,505,10,1,1,1,0,1,1,1,1785487586
2026-07-31T09:55:21Z,511,4,3,19,0,0,1,1,1,1785491383
2026-07-31T09:55:21Z,512,6,0,21,0,0,1,1,1,1785490938
2026-07-31T09:55:21Z,514,10,0,0,1,0,1,1,1,1785486089
2026-07-31T09:55:21Z,515,2,0,17,0,0,1,1,1,1785487895
2026-07-31T09:55:21Z,516,0,0,27,0,0,1,1,1,1785484039
2026-07-31T09:55:21Z,517,14,3,8,1,0,1,1,1,1785486090
2026-07-31T09:55:21Z,518,14,1,0,1,0,1,1,1,1785486390
2026-07-31T09:55:21Z,519,4,0,13,2,0,1,1,1,1785491077
2026-07-31T09:55:21Z,520,11,7,10,5,1,1,1,1,1785491707
2026-07-31T09:55:21Z,521,18,5,5,0,0,1,1,1,1785487895
2026-07-31T09:55:21Z,522,0,0,22,1,0,1,1,1,1785486390
2026-07-31T09:55:21Z,523,6,3,16,1,0,1,1,1,1785489661
2026-07-31T09:55:21Z,524,1,0,22,0,0,1,1,1,1785491359
2026-07-31T09:55:21Z,525,10,0,9,0,0,1,1,1,1785489376
2026-07-31T09:55:21Z,526,13,1,0,2,0,1,1,1,1785486390
2026-07-31T09:55:21Z,527,4,2,19,3,0,1,1,1,1785491503
2026-07-31T09:55:21Z,528,21,2,1,1,0,1,1,1,1785491705
2026-07-31T09:55:21Z,529,6,3,7,6,0,1,1,1,1785491705
2026-07-31T09:55:21Z,530,16,1,3,2,0,1,1,1,1785488201
2026-07-31T09:55:21Z,531,20,0,1,1,1,1,1,1,1785491109
2026-07-31T09:55:21Z,532,3,3,27,1,0,1,1,1,1785488341
2026-07-31T09:55:21Z,533,8,1,9,2,0,1,1,1,1785486390
2026-07-31T09:55:21Z,534,14,2,9,0,0,1,1,1,1785490909
2026-07-31T09:55:21Z,535,2,0,13,0,0,1,1,1,1785486390
2026-07-31T09:55:21Z,536,1,0,22,0,0,1,1,1,1785488201
2026-07-31T09:55:21Z,537,1,1,19,0,0,1,1,1,1785488280
2026-07-31T09:55:21Z,538,21,8,0,0,2,1,1,1,1785491565
2026-07-31T09:55:21Z,539,5,5,26,0,0,1,1,1,1785488201
2026-07-31T09:55:21Z,540,2,1,17,0,0,1,1,1,1785486391
2026-07-31T09:55:21Z,541,25,2,1,1,0,1,1,1,1785490843
2026-07-31T09:55:21Z,542,2,2,21,0,0,1,1,1,1785486390
2026-07-31T09:55:21Z,543,17,2,1,1,0,1,1,1,1785488201
2026-07-31T09:55:21Z,544,14,1,4,4,0,1,1,1,1785486390
2026-07-31T09:55:21Z,545,0,0,17,2,0,1,1,1,1785486390
2026-07-31T09:55:21Z,546,16,8,3,0,0,1,1,1,1785489048
2026-07-31T09:55:21Z,547,18,0,7,0,0,1,1,1,1785491051
2026-07-31T09:55:21Z,548,14,1,9,0,0,1,1,1,1785486390
2026-07-31T09:55:21Z,549,19,0,4,0,0,1,1,1,1785490211
2026-07-31T09:55:21Z,550,17,1,2,0,0,1,1,1,1785490648
2026-07-31T09:55:21Z,551,16,4,7,0,0,1,1,1,1785486390
2026-07-31T09:55:21Z,552,27,3,0,0,0,1,1,1,1785486390
2026-07-31T09:55:21Z,553,18,4,3,1,1,1,1,1,1785491491
2026-07-31T09:55:21Z,554,1,1,18,0,0,1,1,1,1785486691
2026-07-31T09:55:21Z,555,13,6,1,1,0,1,1,1,1785489915
2026-07-31T09:55:21Z,556,20,4,1,2,0,1,1,1,1785491617
2026-07-31T09:55:21Z,557,6,4,12,5,0,1,1,1,1785488202
2026-07-31T09:55:21Z,558,28,4,9,0,0,1,1,1,1785490667
2026-07-31T09:55:21Z,559,1,0,17,1,0,1,1,1,1785489501
2026-07-31T09:55:21Z,560,9,0,18,0,0,1,1,1,1785488201
2026-07-31T09:55:21Z,561,14,1,8,1,0,1,1,1,1785491627
2026-07-31T09:55:21Z,562,3,0,29,3,0,1,1,1,1785486691
2026-07-31T09:55:21Z,563,10,0,4,0,0,1,1,1,1785490429
2026-07-31T09:55:21Z,564,12,0,6,1,0,1,1,1,1785488201
2026-07-31T09:55:21Z,565,6,2,13,0,0,1,1,1,1785490461
2026-07-31T09:55:21Z,566,16,0,2,1,0,1,1,1,1785491682
2026-07-31T09:55:21Z,567,25,1,1,1,0,1,1,1,1785485492
2026-07-31T09:55:21Z,568,14,0,4,1,0,1,1,1,1785490328
2026-07-31T09:55:21Z,569,16,3,3,0,0,1,1,1,1785491094
2026-07-31T09:55:21Z,570,12,0,7,0,0,1,1,1,1785491560
2026-07-31T09:55:21Z,571,0,0,23,0,0,1,1,1,1785486691
2026-07-31T09:55:21Z,572,14,4,4,1,0,1,1,1,1785491187
2026-07-31T09:55:21Z,573,13,0,2,0,0,1,1,1,1785486691
2026-07-31T09:55:21Z,574,10,3,5,0,0,1,1,1,1785489676
2026-07-31T09:55:21Z,575,6,0,14,1,0,1,1,1,1785489599
2026-07-31T09:55:21Z,576,3,0,14,2,0,1,1,1,1785488201
2026-07-31T09:55:21Z,577,13,0,18,0,0,1,1,1,1785488201
2026-07-31T09:55:21Z,578,15,10,7,1,0,1,1,1,1785486996
2026-07-31T09:55:21Z,579,4,0,39,0,0,1,1,1,1785486691
2026-07-31T09:55:21Z,580,5,0,24,0,0,1,1,1,1785490191
2026-07-31T09:55:21Z,581,18,2,1,0,0,1,1,1,1785487551
2026-07-31T09:55:21Z,582,21,0,39,1,0,1,1,1,1785491690
2026-07-31T09:55:21Z,583,22,1,1,0,0,1,1,1,1785491599
2026-07-31T09:55:21Z,584,9,4,6,4,0,1,1,1,1785486691
2026-07-31T09:55:21Z,585,15,3,11,0,1,1,1,1,1785491492
2026-07-31T09:55:21Z,586,13,0,22,0,0,1,1,1,1785488201
2026-07-31T09:55:21Z,587,19,0,4,1,0,1,1,1,1785491646
2026-07-31T09:55:21Z,588,12,4,4,3,0,1,1,1,1785491660
2026-07-31T09:55:21Z,589,0,0,0,23,0,1,1,1,1785491594
2026-07-31T09:55:21Z,590,18,3,11,2,0,1,1,1,1785491148
2026-07-31T09:55:21Z,591,28,1,0,2,0,1,1,1,1785486691
2026-07-31T09:55:21Z,592,12,0,11,0,0,1,1,1,1785488952
2026-07-31T09:55:21Z,593,0,0,38,0,0,1,1,1,1785488201
2026-07-31T09:55:21Z,594,7,0,11,3,0,1,1,1,1785491408
2026-07-31T09:55:21Z,595,0,0,3,0,0,0,1,1,1784046673
2026-07-31T09:55:21Z,605,0,0,2,1,0,0,1,1,1783975843
2026-07-31T09:55:21Z,606,0,0,0,0,0,0,1,1,86400
2026-07-31T09:55:21Z,607,10,2,21,1,0,1,1,1,1785491607
2026-07-31T09:55:21Z,608,0,0,50,0,0,1,1,1,1785490318
2026-07-31T09:55:21Z,609,2,0,21,0,0,1,1,1,1785488201
2026-07-31T09:55:21Z,610,0,0,35,0,0,1,1,1,1785488201
2026-07-31T09:55:21Z,611,13,0,13,1,0,1,1,1,1785490509
2026-07-31T09:55:21Z,612,6,1,9,0,0,1,1,1,1785486691
2026-07-31T09:55:21Z,613,9,0,2,4,0,1,1,1,1785489318
2026-07-31T09:55:21Z,614,1,1,23,2,1,1,1,1,1785488202
2026-07-31T09:55:21Z,617,11,0,2,2,0,1,1,1,1785489767
2026-07-31T09:55:21Z,618,13,2,1,5,0,1,1,1,1785486690
2026-07-31T09:55:21Z,619,7,2,12,0,0,1,1,1,1785488201
2026-07-31T09:55:21Z,620,0,0,27,0,0,1,1,1,1785488201
2026-07-31T09:55:21Z,621,7,2,15,1,0,1,1,1,1785488201
2026-07-31T09:55:21Z,622,5,2,17,1,0,1,1,1,1785488201
2026-07-31T09:55:21Z,623,9,2,20,1,0,1,1,1,1785488201
2026-07-31T09:55:21Z,624,2,0,13,0,0,1,1,1,1785486691
2026-07-31T09:55:21Z,625,5,0,14,2,0,1,1,1,1785488201
2026-07-31T09:55:21Z,626,2,0,43,0,2,1,1,1,1785490207
2026-07-31T09:55:21Z,627,13,6,6,0,0,1,1,1,1785488201
2026-07-31T09:55:21Z,628,0,0,15,2,2,1,1,1,1785491583
2026-07-31T09:55:21Z,629,4,1,6,1,0,1,1,1,1785491641
2026-07-31T09:55:21Z,630,3,2,21,3,0,1,1,1,1785491458
2026-07-31T09:55:21Z,631,2,1,21,0,0,1,1,1,1785488201
2026-07-31T09:55:21Z,632,21,1,0,2,0,1,1,1,1785489788
2026-07-31T09:55:21Z,633,11,1,0,4,0,1,1,1,1785491517
2026-07-31T09:55:21Z,634,11,2,8,0,0,1,1,1,1785486991
2026-07-31T09:55:21Z,635,17,1,2,0,0,1,1,1,1785488201
2026-07-31T09:55:21Z,636,10,2,5,0,0,1,1,1,1785488201
2026-07-31T09:55:21Z,637,7,0,12,0,0,1,1,1,1785490209
2026-07-31T09:55:21Z,638,9,2,8,2,0,1,1,1,1785491617
2026-07-31T09:55:21Z,639,5,1,11,3,0,1,1,1,1785479066
2026-07-31T09:55:21Z,640,1,1,21,1,0,1,1,1,1785491458
2026-07-31T09:55:21Z,641,20,1,4,2,0,1,1,1,1785490941
2026-07-31T09:55:21Z,642,4,2,7,8,0,1,1,1,1785491708
2026-07-31T09:55:21Z,643,2,0,17,8,0,1,1,1,1785491706
2026-07-31T09:55:21Z,644,12,0,2,1,0,1,1,1,1785486991
2026-07-31T09:55:21Z,645,11,0,10,1,1,1,1,1,1785488495
2026-07-31T09:55:21Z,646,7,2,12,0,0,1,1,1,1785491651
2026-07-31T09:55:21Z,647,30,1,1,0,0,1,1,1,1785490486
2026-07-31T09:55:21Z,648,6,0,12,1,0,1,1,1,1785490674
2026-07-31T09:55:21Z,649,19,3,11,1,0,1,1,1,1785491695
2026-07-31T09:55:21Z,650,5,1,9,0,0,1,1,1,1785488201
2026-07-31T09:55:21Z,651,10,9,13,0,0,1,1,1,1785491370
2026-07-31T09:55:21Z,652,4,2,17,2,0,1,1,1,1785491447
2026-07-31T09:55:21Z,653,7,1,10,2,0,1,1,1,1785491694
2026-07-31T09:55:21Z,654,2,2,13,0,0,1,1,1,1785488202
2026-07-31T09:55:21Z,655,6,3,2,4,1,1,1,1,1785491678
2026-07-31T09:55:21Z,656,19,7,0,0,0,1,1,1,1785489841
2026-07-31T09:55:21Z,657,9,1,3,2,3,1,1,1,1785491395
2026-07-31T09:55:21Z,658,9,1,1,0,0,1,1,1,1785473427
2026-07-31T09:55:21Z,659,8,3,5,2,0,1,1,1,1785488201
2026-07-31T09:55:21Z,660,13,0,14,4,0,1,1,1,1785491681
2026-07-31T09:55:21Z,661,1,1,18,0,0,1,1,1,1785488202
2026-07-31T09:55:21Z,662,7,5,14,2,0,1,1,1,1785480458
2026-07-31T09:55:21Z,663,13,6,1,1,0,1,1,1,1785491091
2026-07-31T09:55:21Z,664,0,0,27,0,0,1,1,1,1785488202
2026-07-31T09:55:21Z,665,12,3,3,0,0,1,1,1,1785488202
2026-07-31T09:55:21Z,666,7,2,6,2,0,1,1,1,1785488201
2026-07-31T09:55:21Z,667,0,0,19,0,0,1,1,1,1785486991
2026-07-31T09:55:21Z,668,10,1,8,1,0,1,1,1,1785488201
2026-07-31T09:55:21Z,669,14,5,0,0,0,1,1,1,1785488201
2026-07-31T09:55:21Z,670,11,2,16,0,0,1,1,1,1785486992
2026-07-31T09:55:21Z,671,26,5,0,1,0,1,1,1,1785490988
2026-07-31T09:55:21Z,672,12,2,7,3,1,1,1,1,1785491597
2026-07-31T09:55:21Z,673,11,0,10,2,0,1,1,1,1785491521
2026-07-31T09:55:21Z,674,3,2,17,3,0,1,1,1,1785491602
2026-07-31T09:55:21Z,675,12,6,1,2,0,1,1,1,1785491571
2026-07-31T09:55:21Z,676,7,1,14,1,0,1,1,1,1785490771
2026-07-31T09:55:21Z,681,12,3,1,2,0,1,1,1,1785489270
2026-07-31T09:55:21Z,682,4,1,14,1,0,1,1,1,1785486991
2026-07-31T09:55:21Z,683,4,1,15,0,0,1,1,1,1785490156
2026-07-31T09:55:21Z,684,3,0,24,0,0,1,1,1,1785487883
2026-07-31T09:55:21Z,685,10,0,15,1,1,1,1,1,1785488201
2026-07-31T09:55:21Z,686,11,0,14,2,0,1,1,1,1785491436
2026-07-31T09:55:21Z,687,11,0,18,1,1,1,1,1,1785491448
2026-07-31T09:55:21Z,688,10,0,2,7,0,1,1,1,1785491519
2026-07-31T09:55:21Z,692,4,1,17,0,0,1,1,1,1785491234
2026-07-31T09:55:21Z,693,6,0,2,3,0,1,1,1,1785490800
2026-07-31T09:55:21Z,694,8,5,13,0,0,1,1,1,1785491420
2026-07-31T09:55:21Z,695,17,11,6,0,0,1,1,1,1785490694
2026-07-31T09:55:21Z,696,19,14,3,1,0,1,1,1,1785490615
2026-07-31T09:55:21Z,697,21,2,2,0,0,1,1,1,1785490209
2026-07-31T09:55:21Z,698,27,1,0,0,0,1,1,1,1785491569
2026-07-31T09:55:21Z,699,7,0,7,1,0,1,1,1,1785491102
2026-07-31T09:55:21Z,700,19,4,0,0,0,1,1,1,1785491231
2026-07-31T09:55:21Z,701,17,6,2,0,0,1,1,1,1785490665
2026-07-31T09:55:21Z,702,18,0,4,1,0,1,1,1,1785491692
2026-07-31T09:55:21Z,704,9,2,6,0,0,1,1,1,1785490062
2026-07-31T09:55:21Z,705,4,2,9,2,0,1,1,1,1785491501
2026-07-31T09:55:21Z,706,12,2,0,3,0,1,1,1,1785490627
2026-07-31T09:55:21Z,707,10,2,5,0,0,1,1,1,1785491264
2026-07-31T09:55:21Z,708,18,2,0,1,0,1,1,1,1785491472
2026-07-31T09:55:21Z,709,11,1,1,3,0,1,1,1,1785491290
2026-07-31T09:55:21Z,710,16,3,2,1,0,1,1,1,1785490704
2026-07-31T09:55:21Z,711,18,3,1,4,0,1,1,1,1785490943
2026-07-31T09:55:21Z,712,15,10,0,0,0,1,1,1,1785490644
2026-07-31T09:55:21Z,713,5,0,18,0,0,1,1,1,1785491308
2026-07-31T09:55:21Z,716,3,1,12,0,0,1,1,1,1785490987
2026-07-31T09:55:21Z,717,4,1,18,3,0,1,1,1,1785491461
2026-07-31T09:55:21Z,718,3,1,11,1,0,1,1,1,1785490812
2026-07-31T09:55:21Z,719,7,1,22,0,0,1,1,1,1785490225
2026-07-31T09:55:21Z,720,2,1,17,0,0,1,1,1,1785491278
2026-07-31T09:55:21Z,721,0,0,21,2,0,1,1,1,1785490262
2026-07-31T09:55:21Z,722,5,0,10,0,0,1,1,1,1785491031
2026-07-31T09:55:21Z,723,12,1,11,0,0,1,1,1,1785491074
2026-07-31T09:55:21Z,724,21,4,2,0,0,1,1,1,1785490410
2026-07-31T09:55:21Z,725,21,5,1,1,0,1,1,1,1785490784
2026-07-31T09:55:21Z,726,19,3,0,0,0,1,1,1,1785490181
2026-07-31T09:55:21Z,727,9,4,12,2,0,1,1,1,1785490210
2026-07-31T09:55:21Z,728,9,0,5,1,0,1,1,1,1785491580
2026-07-31T09:55:21Z,729,5,0,14,0,0,1,1,1,1785491251
2026-07-31T09:55:21Z,730,3,2,10,2,0,1,1,1,1785490362
2026-07-31T09:55:21Z,731,10,3,4,1,0,1,1,1,1785491288
2026-07-31T09:55:21Z,732,9,5,6,0,0,1,1,1,1785490512
2026-07-31T09:55:21Z,733,4,0,23,0,0,1,1,1,1785491304
2026-07-31T09:55:21Z,734,0,0,14,0,0,1,1,1,1785490470
2026-07-31T09:55:21Z,735,4,3,23,0,0,1,1,1,1785491167
2026-07-31T09:55:21Z,736,7,1,12,0,0,1,1,1,1785489902
2026-07-31T09:55:21Z,737,4,3,10,0,1,1,1,1,1785491709
2026-07-31T09:55:21Z,738,16,5,1,2,0,1,1,1,1785491678
2026-07-31T09:55:21Z,739,19,2,7,1,0,1,1,1,1785491331
2026-07-31T09:55:21Z,741,7,1,16,0,0,1,1,1,1785491610
2026-07-31T09:55:21Z,742,5,0,27,3,0,1,1,1,1785489910
2026-07-31T09:55:21Z,743,8,3,9,2,0,1,1,1,1785491480
2026-07-31T09:55:21Z,744,12,4,3,0,0,1,1,1,1785491461
2026-07-31T09:55:21Z,745,14,4,4,1,0,1,1,1,1785490178
2026-07-31T09:55:21Z,746,11,2,10,2,0,1,1,1,1785491383
2026-07-31T09:55:21Z,747,0,0,4,0,0,0,1,1,1783446606
2026-07-31T09:55:21Z,748,10,1,13,0,0,1,1,1,1785490968
2026-07-31T09:55:21Z,749,5,5,17,1,0,1,1,1,1785491599
2026-07-31T09:55:21Z,750,2,1,9,0,0,1,1,1,1785491228
2026-07-31T09:55:21Z,751,8,0,15,0,0,1,1,1,1785490402
2026-07-31T09:55:21Z,752,13,1,3,1,0,1,1,1,1785490194
2026-07-31T09:55:21Z,753,5,0,10,0,0,1,1,1,1785490308
2026-07-31T09:55:21Z,754,1,1,13,1,0,1,1,1,1785490722
2026-07-31T09:55:21Z,755,11,2,11,1,0,1,1,1,1785491435
2026-07-31T09:55:21Z,756,2,0,35,0,0,1,1,1,1785491570
2026-07-31T09:55:21Z,757,18,9,1,0,0,1,1,1,1785490959
2026-07-31T09:55:21Z,758,22,3,1,0,0,1,1,1,1785490567
2026-07-31T09:55:21Z,759,4,2,11,0,0,1,1,1,1785490619
2026-07-31T09:55:21Z,760,8,3,11,0,0,1,1,1,1785488200
2026-07-31T09:55:21Z,761,15,0,7,1,0,1,1,1,1785491414
2026-07-31T09:55:21Z,762,7,4,4,4,0,1,1,1,1785491235
2026-07-31T09:55:21Z,768,8,0,8,3,0,1,1,1,1785490402
2026-07-31T09:55:21Z,769,17,12,2,0,0,1,1,1,1785491240
2026-07-31T09:55:21Z,770,11,3,6,2,0,1,1,1,1785489961
2026-07-31T09:55:21Z,771,13,3,1,1,0,1,1,1,1785491213
2026-07-31T09:55:21Z,772,7,3,8,0,0,1,1,1,1785490020
2026-07-31T09:55:21Z,773,15,4,4,0,0,1,1,1,1785491671
2026-07-31T09:55:21Z,774,10,5,2,3,0,1,1,1,1785491614
2026-07-31T09:55:21Z,775,6,0,11,1,1,1,1,1,1785488308
2026-07-31T09:55:21Z,776,3,1,17,1,0,1,1,1,1785490183
2026-07-31T09:55:21Z,777,10,0,2,3,0,1,1,1,1785489911
2026-07-31T09:55:21Z,778,13,0,3,3,0,1,1,1,1785491683
2026-07-31T09:55:21Z,779,8,1,10,1,0,1,1,1,1785490764
2026-07-31T09:55:21Z,780,18,4,0,1,0,1,1,1,1785491593
2026-07-31T09:55:21Z,781,6,2,3,2,0,1,1,1,1785490708
2026-07-31T09:55:21Z,782,5,3,10,4,0,1,1,1,1785491497
2026-07-31T09:55:21Z,783,7,1,12,0,0,1,1,1,1785490768
2026-07-31T09:55:21Z,784,15,2,4,0,0,1,1,1,1785490377
2026-07-31T09:55:21Z,785,11,2,2,6,0,1,1,1,1785490940
2026-07-31T09:55:21Z,786,11,5,8,0,0,1,1,1,1785490586
2026-07-31T09:55:21Z,787,11,5,2,2,0,1,1,1,1785490225
2026-07-31T09:55:21Z,788,3,0,12,0,0,1,1,1,1785491259
2026-07-31T09:55:21Z,789,9,2,2,4,0,1,1,1,1785491490
2026-07-31T09:55:21Z,790,2,0,21,0,0,1,1,1,1785490077
2026-07-31T09:55:21Z,791,7,2,11,0,1,1,1,1,1785491428
2026-07-31T09:55:21Z,793,4,0,10,1,0,1,1,1,1785491631
2026-07-31T09:55:21Z,794,8,3,19,2,0,1,1,1,1785490278
2026-07-31T09:55:21Z,796,0,0,17,2,0,1,1,1,1785491429
2026-07-31T09:55:21Z,797,1,0,14,0,0,1,1,1,1785487593
2026-07-31T09:55:21Z,798,6,0,18,1,0,1,1,1,1785491265
2026-07-31T09:55:21Z,799,15,1,1,3,0,1,1,1,1785491397
2026-07-31T09:55:21Z,800,1,0,19,1,0,1,1,1,1785491026
2026-07-31T09:55:21Z,801,4,2,16,1,0,1,1,1,1785491454
2026-07-31T09:55:21Z,802,8,0,23,0,0,1,1,1,1785491559
2026-07-31T09:55:21Z,803,1,1,14,0,0,1,1,1,1785491227
2026-07-31T09:55:21Z,806,8,3,7,0,0,1,1,1,1785488200
2026-07-31T09:55:21Z,807,14,0,8,3,0,1,1,1,1785490018
2026-07-31T09:55:21Z,808,0,0,23,2,0,1,1,1,1785488225
2026-07-31T09:55:21Z,809,5,1,17,1,0,1,1,1,1785491401
2026-07-31T09:55:21Z,810,2,0,13,4,0,1,1,1,1785490047
2026-07-31T09:55:21Z,815,4,1,6,4,1,1,1,1,1785491537
2026-07-31T09:55:21Z,817,10,5,5,0,0,1,1,1,1785490742
2026-07-31T09:55:21Z,818,6,0,16,1,0,1,1,1,1785490155
2026-07-31T09:55:21Z,819,6,4,9,0,0,1,1,1,1785487291
2026-07-31T09:55:21Z,820,8,2,9,0,0,1,1,1,1785490660
2026-07-31T09:55:21Z,821,2,1,13,0,0,1,1,1,1785491589
2026-07-31T09:55:21Z,822,0,0,21,2,0,1,1,1,1785491212
2026-07-31T09:55:21Z,823,0,0,14,1,0,1,1,1,1785491060
2026-07-31T09:55:21Z,824,12,3,6,1,0,1,1,1,1785490524
2026-07-31T09:55:21Z,825,8,5,7,0,0,1,1,1,1785488201
2026-07-31T09:55:21Z,826,10,2,8,1,0,1,1,1,1785490535
2026-07-31T09:55:21Z,827,16,5,4,1,0,1,1,1,1785490040
2026-07-31T09:55:21Z,828,10,0,7,1,0,1,1,1,1785490558
2026-07-31T09:55:21Z,829,16,7,11,0,0,1,1,1,1785490777
2026-07-31T09:55:21Z,830,13,3,9,1,0,1,1,1,1785491053
2026-07-31T09:55:21Z,831,7,2,7,1,0,1,1,1,1785491029
2026-07-31T09:55:21Z,832,10,3,5,3,0,1,1,1,1785491116
2026-07-31T09:55:21Z,833,1,0,17,1,0,1,1,1,1785490871
2026-07-31T09:55:21Z,834,1,0,22,1,0,1,1,1,1785490371
2026-07-31T09:55:21Z,835,16,6,0,2,0,1,1,1,1785490602
2026-07-31T09:55:21Z,837,5,1,0,10,0,1,1,1,1785491097
2026-07-31T09:55:21Z,838,13,3,2,0,0,1,1,1,1785490855
2026-07-31T09:55:21Z,839,19,1,10,0,0,1,1,1,1785491470
2026-07-31T09:55:21Z,840,7,3,20,2,0,1,1,1,1785490693
2026-07-31T09:55:21Z,841,7,1,8,0,0,1,1,1,1785491026
2026-07-31T09:55:21Z,842,7,2,16,0,0,1,1,1,1785490822
2026-07-31T09:55:21Z,843,8,0,22,1,0,1,1,1,1785491062
2026-07-31T09:55:21Z,844,6,0,17,0,0,1,1,1,1785491021
2026-07-31T09:55:21Z,845,5,3,12,2,0,1,1,1,1785491204
2026-07-31T09:55:21Z,846,4,0,13,2,0,1,1,1,1785490339
2026-07-31T09:55:21Z,847,7,1,20,0,0,1,1,1,1785490125
2026-07-31T09:55:21Z,848,10,3,8,1,0,1,1,1,1785488215
2026-07-31T09:55:21Z,849,7,2,8,0,0,1,1,1,1785490186
2026-07-31T09:55:21Z,850,9,0,1,1,0,1,1,1,1785490434
2026-07-31T09:55:21Z,851,3,3,32,2,0,1,1,1,1785490276
2026-07-31T09:55:21Z,852,12,6,7,0,0,1,1,1,1785490918
2026-07-31T09:55:21Z,853,10,5,13,0,0,1,1,1,1785489977
2026-07-31T09:55:21Z,854,3,2,12,0,0,1,1,1,1785490048
2026-07-31T09:55:21Z,855,25,0,2,0,0,1,1,1,1785488200
2026-07-31T09:55:21Z,857,1,1,18,0,0,1,1,1,1785491115
2026-07-31T09:55:21Z,858,4,1,14,1,0,1,1,1,1785491576
2026-07-31T09:55:21Z,859,3,0,17,1,0,1,1,1,1785489983
2026-07-31T09:55:21Z,861,8,1,2,1,0,1,1,1,1785488201
2026-07-31T09:55:21Z,862,2,1,13,0,0,1,1,1,1785491053
2026-07-31T09:55:21Z,863,13,0,5,1,0,1,1,1,1785488200
2026-07-31T09:55:21Z,866,11,3,8,0,0,1,1,1,1785491355
2026-07-31T09:55:21Z,867,12,0,3,0,0,1,1,1,1785490668
2026-07-31T09:55:21Z,868,13,2,2,0,0,1,1,1,1785490876
2026-07-31T09:55:21Z,870,7,4,6,2,0,1,1,1,1785491093
2026-07-31T09:55:21Z,871,0,0,10,1,0,1,1,1,1785490473
2026-07-31T09:55:21Z,872,0,0,14,1,0,1,1,1,1785491013
2026-07-31T09:55:21Z,873,0,0,32,1,0,1,1,1,1785490998
2026-07-31T09:55:21Z,874,5,2,7,3,0,1,1,1,1785491194
2026-07-31T09:55:21Z,875,14,10,0,1,0,1,1,1,1785491160
2026-07-31T09:55:21Z,877,11,10,6,2,0,1,1,1,1785490620
2026-07-31T09:55:21Z,878,3,2,15,1,0,1,1,1,1785491202
2026-07-31T09:55:21Z,879,1,0,18,0,0,1,1,1,1785490243
2026-07-31T09:55:21Z,880,3,0,19,1,0,1,1,1,1785491162
2026-07-31T09:55:21Z,881,2,0,17,0,0,1,1,1,1785491054
2026-07-31T09:55:21Z,882,10,0,6,3,0,1,1,1,1785488200
2026-07-31T09:55:21Z,883,10,6,9,0,0,1,1,1,1785491321
2026-07-31T09:55:21Z,884,11,7,10,0,0,1,1,1,1785490612
2026-07-31T09:55:21Z,885,1,0,18,0,0,1,1,1,1785490902
2026-07-31T09:55:21Z,886,16,1,12,1,0,1,1,1,1785491696
2026-07-31T09:55:21Z,887,3,1,11,3,0,1,1,1,1785491616
2026-07-31T09:55:21Z,888,12,0,27,2,0,1,1,1,1785491649
2026-07-31T09:55:21Z,889,17,1,0,2,0,1,1,1,1785491208
2026-07-31T09:55:21Z,890,6,4,9,0,0,1,1,1,1785489632
2026-07-31T09:55:21Z,891,20,0,2,1,0,1,1,1,1785490396
2026-07-31T09:55:21Z,892,13,1,2,0,0,1,1,1,1785488200
2026-07-31T09:55:21Z,895,0,0,18,1,0,1,1,1,1785489208
2026-07-31T09:55:21Z,896,7,0,28,0,0,1,1,1,1785490930
2026-07-31T09:55:21Z,897,11,1,10,0,0,1,1,1,1785491092
2026-07-31T09:55:21Z,898,2,0,17,0,0,1,1,1,1785490820
2026-07-31T09:55:21Z,899,0,0,18,1,0,1,1,1,1785490052
2026-07-31T09:55:21Z,900,19,1,6,2,0,1,1,1,1785490228
2026-07-31T09:55:21Z,901,12,0,6,1,0,1,1,1,1785491580
2026-07-31T09:55:21Z,902,9,0,5,1,0,1,1,1,1785490758
2026-07-31T09:55:21Z,903,14,2,4,1,0,1,1,1,1785490198
2026-07-31T09:55:21Z,904,10,4,8,1,0,1,1,1,1785491209
2026-07-31T09:55:21Z,905,4,0,23,0,0,1,1,1,1785491310
2026-07-31T09:55:21Z,906,8,5,19,0,0,1,1,1,1785490244
2026-07-31T09:55:21Z,907,7,1,24,0,0,1,1,1,1785491417
2026-07-31T09:55:21Z,908,11,0,12,0,0,1,1,1,1785491196
2026-07-31T09:55:21Z,909,14,4,8,1,0,1,1,1,1785490918
2026-07-31T09:55:21Z,910,19,0,12,0,0,1,1,1,1785491599
2026-07-31T09:55:21Z,911,3,0,16,0,0,1,1,1,1785490753
2026-07-31T09:55:21Z,912,9,5,12,2,0,1,1,1,1785491685
2026-07-31T09:55:21Z,913,3,1,16,0,0,1,1,1,1785489919
2026-07-31T09:55:21Z,914,8,2,11,0,0,1,1,1,1785491554
2026-07-31T09:55:21Z,915,8,1,14,1,0,1,1,1,1785491419
2026-07-31T09:55:21Z,916,22,7,0,1,0,1,1,1,1785491693
2026-07-31T09:55:21Z,917,4,0,29,2,0,1,1,1,1785490128
2026-07-31T09:55:21Z,918,13,5,4,2,0,1,1,1,1785491122
2026-07-31T09:55:21Z,919,16,3,22,1,0,1,1,1,1785491705
2026-07-31T09:55:21Z,920,4,2,15,0,0,1,1,1,1785491549
2026-07-31T09:55:21Z,921,12,0,9,0,0,1,1,1,1785490886
2026-07-31T09:55:21Z,922,4,1,17,0,0,1,1,1,1785491690
2026-07-31T09:55:21Z,923,19,2,0,0,0,1,1,1,1785490563
2026-07-31T09:55:21Z,924,8,2,13,0,0,1,1,1,1785490084
2026-07-31T09:55:21Z,925,13,0,8,0,0,1,1,1,1785491364
2026-07-31T09:55:21Z,926,0,0,21,0,0,1,1,1,1785491504
2026-07-31T09:55:21Z,927,1,0,34,0,0,1,1,1,1785490089
2026-07-31T09:55:21Z,928,5,3,14,0,0,1,1,1,1785464301
2026-07-31T09:55:21Z,929,0,0,23,0,0,1,1,1,1785490519
2026-07-31T09:55:21Z,930,0,0,30,1,0,1,1,1,1785491117
2026-07-31T09:55:21Z,931,8,3,15,0,0,1,1,1,1785491437
2026-07-31T09:55:21Z,932,4,0,12,3,0,1,1,1,1785491274
2026-07-31T09:55:21Z,933,0,0,23,0,0,1,1,1,1785491486
2026-07-31T09:55:21Z,934,3,0,27,1,0,1,1,1,1785491206
2026-07-31T09:55:21Z,935,11,3,7,1,0,1,1,1,1785491404
2026-07-31T09:55:21Z,936,4,1,15,0,0,1,1,1,1785456801
2026-07-31T09:55:21Z,940,9,0,2,0,0,1,1,1,1785491001
2026-07-31T09:55:21Z,941,10,1,13,2,0,1,1,1,1785491625
2026-07-31T09:55:21Z,942,6,1,15,0,0,1,1,1,1785491561
2026-07-31T09:55:21Z,943,9,8,6,0,0,1,1,1,1785491125
2026-07-31T09:55:21Z,944,9,8,6,0,0,1,1,1,1785490942
2026-07-31T09:55:21Z,945,10,8,5,0,0,1,1,1,1785490454
2026-07-31T09:55:21Z,946,7,5,12,0,0,1,1,1,1785487593
2026-07-31T09:55:21Z,947,7,5,10,0,0,1,1,1,1785490955
2026-07-31T09:55:21Z,948,24,8,2,5,0,1,1,1,1785491497
2026-07-31T09:55:21Z,949,2,0,13,0,0,1,1,1,1785491680
2026-07-31T09:55:21Z,950,14,4,2,1,0,1,1,1,1785491167
2026-07-31T09:55:21Z,951,19,5,4,0,0,1,1,1,1785491673
2026-07-31T09:55:21Z,952,10,0,45,0,0,1,1,1,1785491542
2026-07-31T09:55:21Z,953,13,2,1,1,0,1,1,1,1785490969
2026-07-31T09:55:21Z,954,17,4,2,0,0,1,1,1,1785491067
2026-07-31T09:55:21Z,955,4,3,17,6,0,1,1,1,1785490039
2026-07-31T09:55:21Z,956,21,0,1,1,0,1,1,1,1785491699
2026-07-31T09:55:21Z,957,15,0,14,0,0,1,1,1,1785490353
2026-07-31T09:55:21Z,958,19,0,12,0,0,1,1,1,1785491683
2026-07-31T09:55:21Z,959,20,8,0,3,0,1,1,1,1785490845
2026-07-31T09:55:21Z,960,22,1,0,1,0,1,1,1,1785491329
2026-07-31T09:55:21Z,961,3,2,17,3,0,1,1,1,1785491676
2026-07-31T09:55:21Z,962,8,3,24,3,0,1,1,1,1785490115
2026-07-31T09:55:21Z,963,8,0,14,1,0,1,1,1,1785491464
2026-07-31T09:55:21Z,964,20,8,2,1,0,1,1,1,1785491323
2026-07-31T09:55:21Z,965,5,1,21,1,0,1,1,1,1785491171
2026-07-31T09:55:21Z,966,28,0,3,0,0,1,1,1,1785491684
2026-07-31T09:55:21Z,967,19,0,1,1,0,1,1,1,1785490786
2026-07-31T09:55:21Z,968,15,0,3,1,0,1,1,1,1785490947
2026-07-31T09:55:21Z,969,10,6,15,2,0,1,1,1,1785490965
2026-07-31T09:55:21Z,970,12,1,5,2,0,1,1,1,1785491581
2026-07-31T09:55:21Z,971,13,0,9,1,0,1,1,1,1785491596
2026-07-31T09:55:21Z,972,9,1,13,1,0,1,1,1,1785490921
2026-07-31T09:55:21Z,973,9,4,13,1,0,1,1,1,1785491268
2026-07-31T09:55:21Z,974,12,0,15,0,0,1,1,1,1785491636
2026-07-31T09:55:21Z,977,7,7,11,3,0,1,1,1,1785491188
2026-07-31T09:55:21Z,978,11,0,12,0,0,1,1,1,1785490237
2026-07-31T09:55:21Z,979,15,1,2,0,0,1,1,1,1785491602
2026-07-31T09:55:21Z,980,1,0,18,2,0,1,1,1,1785490520
2026-07-31T09:55:21Z,981,19,1,1,1,0,1,1,1,1785490685
2026-07-31T09:55:21Z,982,3,1,14,2,0,1,1,1,1785490987
2026-07-31T09:55:21Z,983,2,1,20,1,0,1,1,1,1785491403
2026-07-31T09:55:21Z,984,6,0,17,0,0,1,1,1,1785490583
2026-07-31T09:55:21Z,985,10,0,21,0,0,1,1,1,1785491681
2026-07-31T09:55:21Z,986,4,0,15,0,0,1,1,1,1785490985
2026-07-31T09:55:21Z,987,6,0,16,1,0,1,1,1,1785491526
2026-07-31T09:55:21Z,988,5,1,13,1,0,1,1,1,1785491137
2026-07-31T09:55:21Z,989,9,4,10,0,0,1,1,1,1785490127
2026-07-31T09:55:21Z,990,13,1,0,2,0,1,1,1,1785491186
2026-07-31T09:55:21Z,991,10,2,8,1,0,1,1,1,1785490851
2026-07-31T09:55:21Z,992,10,7,12,1,0,1,1,1,1785489908
2026-07-31T09:55:21Z,993,0,0,27,0,0,1,1,1,1785476008
2026-07-31T09:55:21Z,994,3,1,18,0,0,1,1,1,1785490122
2026-07-31T09:55:21Z,995,8,2,19,0,0,1,1,1,1785491161
2026-07-31T09:55:21Z,996,8,1,15,0,0,1,1,1,1785490962
2026-07-31T09:55:21Z,997,11,5,10,2,0,1,1,1,1785491645
2026-07-31T09:55:21Z,998,3,2,19,1,0,1,1,1,1785491276
2026-07-31T09:55:21Z,999,3,1,15,2,1,1,1,1,1785491055
2026-07-31T09:55:21Z,1000,4,2,17,0,0,1,1,1,1785490029
2026-07-31T09:55:21Z,1001,1,0,26,0,0,1,1,1,1785491300
2026-07-31T09:55:21Z,1002,0,0,27,4,0,1,1,1,1785491304
2026-07-31T09:55:21Z,1003,0,0,22,1,0,1,1,1,1785490924
2026-07-31T09:55:21Z,1004,8,1,15,0,0,1,1,1,1785490365
2026-07-31T09:55:21Z,1005,20,1,3,0,0,1,1,1,1785491113
2026-07-31T09:55:21Z,1006,7,4,11,1,0,1,1,1,1785490948
2026-07-31T09:55:21Z,1007,2,1,19,0,0,1,1,1,1785490580
2026-07-31T09:55:21Z,1008,6,5,15,2,0,1,1,1,1785490083
2026-07-31T09:55:21Z,1009,19,2,8,4,0,1,1,1,1785489952
2026-07-31T09:55:21Z,1010,7,2,20,0,0,1,1,1,1785490786
2026-07-31T09:55:21Z,1011,8,2,9,2,0,1,1,1,1785491321
2026-07-31T09:55:21Z,1012,4,3,18,1,0,1,1,1,1785490879
2026-07-31T09:55:21Z,1013,4,1,18,1,0,1,1,1,1785491476
2026-07-31T09:55:21Z,1014,7,2,13,3,0,1,1,1,1785491397
2026-07-31T09:55:21Z,1015,3,1,25,3,0,1,1,1,1785491677
2026-07-31T09:55:21Z,1016,10,5,21,0,0,1,1,1,1785490744
2026-07-31T09:55:21Z,1017,14,5,7,0,0,1,1,1,1785490285
2026-07-31T09:55:21Z,1018,7,2,15,0,0,1,1,1,1785490966
2026-07-31T09:55:21Z,1019,9,6,6,0,0,1,1,1,1785490894
2026-07-31T09:55:21Z,1020,18,3,3,0,0,1,1,1,1785490154
2026-07-31T09:55:21Z,1021,9,3,5,1,0,1,1,1,1785491695
2026-07-31T09:55:21Z,1022,14,0,13,0,0,1,1,1,1785491058
2026-07-31T09:55:21Z,1023,13,1,9,1,0,1,1,1,1785490702
2026-07-31T09:55:21Z,1024,5,2,13,1,0,1,1,1,1785491698
2026-07-31T09:55:21Z,1025,4,0,14,0,1,1,1,1,1785491027
2026-07-31T09:55:21Z,1026,8,5,18,5,0,1,1,1,1785490235
2026-07-31T09:55:21Z,1028,2,0,20,1,0,1,1,1,1785491058
2026-07-31T09:55:21Z,1029,9,9,5,1,0,1,1,1,1785490177
2026-07-31T09:55:21Z,1030,14,5,9,0,0,1,1,1,1785489922
2026-07-31T09:55:21Z,1031,8,0,11,0,0,1,1,1,1785490290
2026-07-31T09:55:21Z,1032,7,1,12,0,0,1,1,1,1785490953
2026-07-31T09:55:21Z,1033,9,5,9,1,0,1,1,1,1785489950
2026-07-31T09:55:21Z,1034,2,0,13,0,0,1,1,1,1785490968
2026-07-31T09:55:21Z,1035,1,0,16,2,0,1,1,1,1785490999
2026-07-31T09:55:21Z,1036,14,0,1,0,0,1,1,1,1785491583
2026-07-31T09:55:21Z,1037,4,0,14,1,0,1,1,1,1785491506
2026-07-31T09:55:21Z,1038,2,0,12,1,0,1,1,1,1785490666
2026-07-31T09:55:21Z,1039,7,2,12,0,0,1,1,1,1785491107
2026-07-31T09:55:21Z,1040,7,3,10,2,0,1,1,1,1785490990
2026-07-31T09:55:21Z,1041,10,3,8,1,0,1,1,1,1785491685
2026-07-31T09:55:21Z,1042,12,1,1,2,0,1,1,1,1785491210
2026-07-31T09:55:21Z,1043,9,0,7,3,0,1,1,1,1785491026
2026-07-31T09:55:21Z,1044,2,1,12,1,0,1,1,1,1785490721
2026-07-31T09:55:21Z,1045,11,1,8,0,0,1,1,1,1785490940
2026-07-31T09:55:21Z,1046,9,0,6,0,0,1,1,1,1785490345
2026-07-31T09:55:21Z,1047,4,0,17,0,0,1,1,1,1785491707
2026-07-31T09:55:21Z,1048,10,1,9,0,0,1,1,1,1785490917
2026-07-31T09:55:21Z,1049,6,0,15,0,0,1,1,1,1785490980
2026-07-31T09:55:21Z,1050,17,4,4,0,0,1,1,1,1785490262
2026-07-31T09:55:21Z,1051,8,3,13,0,0,1,1,1,1785490155
2026-07-31T09:55:21Z,1052,17,2,5,0,0,1,1,1,1785490780
2026-07-31T09:55:21Z,1053,2,1,13,0,0,1,1,1,1785490846
2026-07-31T09:55:21Z,1054,14,1,1,0,0,1,1,1,1785491106
2026-07-31T09:55:21Z,1055,7,1,12,0,0,1,1,1,1785491084
2026-07-31T09:55:21Z,1057,18,0,0,1,0,1,1,1,1785491093
2026-07-31T09:55:21Z,1058,1,0,55,0,0,1,1,1,1785491030
2026-07-31T09:55:21Z,1059,0,0,18,1,0,1,1,1,1785490976
2026-07-31T09:55:21Z,1060,30,0,7,0,0,1,1,1,1785489948
2026-07-31T09:55:21Z,1061,10,1,26,1,0,1,1,1,1785491594
2026-07-31T09:55:21Z,1062,2,0,15,0,0,1,1,1,1785491460
2026-07-31T09:55:21Z,1063,12,1,6,1,0,1,1,1,1785490996
2026-07-31T09:55:21Z,1064,3,0,19,1,0,1,1,1,1785491328
2026-07-31T09:55:21Z,1065,16,3,7,0,0,1,1,1,1785491568
2026-07-31T09:55:21Z,1066,10,2,13,0,0,1,1,1,1785491393
2026-07-31T09:55:21Z,1067,8,2,13,2,0,1,1,1,1785491660
2026-07-31T09:55:21Z,1068,8,2,13,2,0,1,1,1,1785491152
2026-07-31T09:55:21Z,1069,12,3,11,0,0,1,1,1,1785491202
2026-07-31T09:55:21Z,1070,12,2,11,0,0,1,1,1,1785491298
2026-07-31T09:55:21Z,1071,7,4,16,0,0,1,1,1,1785491337
2026-07-31T09:55:21Z,1072,11,1,11,1,0,1,1,1,1785491576
2026-07-31T09:55:21Z,1073,25,6,1,1,0,1,1,1,1785491540
2026-07-31T09:55:21Z,1074,0,0,52,1,0,1,1,1,1785491077
2026-07-31T09:55:21Z,1075,10,10,11,0,0,1,1,1,1785490706
2026-07-31T09:55:21Z,1076,14,11,7,0,0,1,1,1,1785490143
2026-07-31T09:55:21Z,1077,8,5,13,0,0,1,1,1,1785490923
2026-07-31T09:55:21Z,1078,11,10,10,0,0,1,1,1,1785490185
2026-07-31T09:55:21Z,1079,11,8,10,0,0,1,1,1,1785490814
2026-07-31T09:55:21Z,1080,10,8,10,1,0,1,1,1,1785491414
2026-07-31T09:55:21Z,1081,13,8,6,0,0,1,1,1,1785489990
2026-07-31T09:55:21Z,1082,7,7,1,0,0,1,1,1,1785491286
2026-07-31T09:55:21Z,1083,13,11,8,0,0,1,1,1,1785491082
2026-07-31T09:55:21Z,1084,9,8,12,0,0,1,1,1,1785490699
2026-07-31T09:55:21Z,1085,10,10,11,0,0,1,1,1,1785490424
2026-07-31T09:55:21Z,1086,0,0,20,1,0,1,1,1,1785491050
2026-07-31T09:55:21Z,1087,12,7,3,0,0,1,1,1,1785490242
2026-07-31T09:55:21Z,1088,10,7,5,0,0,1,1,1,1785490999
2026-07-31T09:55:21Z,1089,5,3,10,0,0,1,1,1,1785491355
2026-07-31T09:55:21Z,1090,11,10,4,0,0,1,1,1,1785490071
2026-07-31T09:55:21Z,1091,12,7,3,0,0,1,1,1,1785489983
2026-07-31T09:55:21Z,1092,9,9,5,1,0,1,1,1,1785491344
2026-07-31T09:55:21Z,1093,7,6,8,0,0,1,1,1,1785491706
2026-07-31T09:55:21Z,1094,10,8,8,1,0,1,1,1,1785490952
2026-07-31T09:55:21Z,1095,9,8,6,0,0,1,1,1,1785491650
2026-07-31T09:55:21Z,1096,3,1,15,1,0,1,1,1,1785491316
2026-07-31T09:55:21Z,1097,9,9,6,0,0,1,1,1,1785491531
2026-07-31T09:55:21Z,1098,9,7,10,0,0,1,1,1,1785490055
2026-07-31T09:55:21Z,1099,7,6,8,0,0,1,1,1,1785490786
2026-07-31T09:55:21Z,1100,6,2,23,0,0,1,1,1,1785487894
2026-07-31T09:55:21Z,1101,9,5,12,0,0,1,1,1,1785490679
2026-07-31T09:55:21Z,1102,9,4,4,0,0,1,1,1,1785489970
2026-07-31T09:55:21Z,1103,10,5,11,0,0,1,1,1,1785487895
2026-07-31T09:55:21Z,1104,10,5,11,0,0,1,1,1,1785490435
2026-07-31T09:55:21Z,1105,7,3,6,0,0,1,1,1,1785491668
2026-07-31T09:55:21Z,1106,13,7,8,0,0,1,1,1,1785490774
2026-07-31T09:55:21Z,1107,9,5,6,0,0,1,1,1,1785491068
2026-07-31T09:55:21Z,1108,6,3,18,3,0,1,1,1,1785491560
2026-07-31T09:55:21Z,1109,6,1,9,0,0,1,1,1,1785491025
2026-07-31T09:55:21Z,1110,12,4,9,0,0,1,1,1,1785490304
2026-07-31T09:55:21Z,1111,3,2,18,0,0,1,1,1,1785475740
2026-07-31T09:55:21Z,1112,38,0,15,0,0,1,1,1,1785490845
2026-07-31T09:55:21Z,1113,1,0,20,0,0,1,1,1,1785490262
2026-07-31T09:55:21Z,1115,17,5,3,3,0,1,1,1,1785491470
2026-07-31T09:55:21Z,1116,5,1,14,0,0,1,1,1,1785490972
2026-07-31T09:55:21Z,1117,10,3,13,0,0,1,1,1,1785491351
2026-07-31T09:55:21Z,1118,16,1,3,2,0,1,1,1,1785490783
2026-07-31T09:55:21Z,1119,12,1,4,1,0,1,1,1,1785491459
2026-07-31T09:55:21Z,1120,13,0,6,0,0,1,1,1,1785491052
2026-07-31T09:55:21Z,1121,14,2,4,3,0,1,1,1,1785488201
2026-07-31T09:55:21Z,1122,17,9,1,3,0,1,1,1,1785490368
2026-07-31T09:55:21Z,1123,6,3,15,2,0,1,1,1,1785490611
2026-07-31T09:55:21Z,1124,8,0,2,5,0,1,1,1,1785490783
2026-07-31T09:55:21Z,1125,15,1,8,0,0,1,1,1,1785491249
2026-07-31T09:55:21Z,1126,4,0,16,1,0,1,1,1,1785490573
2026-07-31T09:55:21Z,1127,6,1,12,1,0,1,1,1,1785491292
2026-07-31T09:55:21Z,1128,14,2,0,1,0,1,1,1,1785490974
2026-07-31T09:55:21Z,1129,3,2,17,1,0,1,1,1,1785490699
2026-07-31T09:55:21Z,1130,6,0,9,0,0,1,1,1,1785490762
2026-07-31T09:55:21Z,1131,0,0,48,1,0,1,1,1,1785489908
2026-07-31T09:55:21Z,1132,13,6,7,1,0,1,1,1,1785490857
2026-07-31T09:55:21Z,1133,15,12,5,1,0,1,1,1,1785490785
2026-07-31T09:55:21Z,1134,11,7,8,0,0,1,1,1,1785491478
2026-07-31T09:55:21Z,1135,10,5,11,0,0,1,1,1,1785490572
2026-07-31T09:55:21Z,1136,6,0,17,0,0,1,1,1,1785491143
2026-07-31T09:55:21Z,1137,13,0,2,0,0,1,1,1,1785490892
2026-07-31T09:55:21Z,1138,15,2,4,0,0,1,1,1,1785490933
2026-07-31T09:55:21Z,1139,18,4,1,2,0,1,1,1,1785491457
2026-07-31T09:55:21Z,1140,22,3,0,1,0,1,1,1,1785490679
2026-07-31T09:55:21Z,1141,2,1,19,0,0,1,1,1,1785490372
2026-07-31T09:55:21Z,1142,2,0,19,0,0,1,1,1,1785491610
2026-07-31T09:55:21Z,1143,20,0,8,1,0,1,1,1,1785490706
2026-07-31T09:55:21Z,1144,7,1,13,1,0,1,1,1,1785491214
2026-07-31T09:55:21Z,1145,13,6,7,1,0,1,1,1,1785491351
2026-07-31T09:55:21Z,1146,10,0,5,4,0,1,1,1,1785490511
2026-07-31T09:55:21Z,1147,3,0,16,0,0,1,1,1,1785490897
2026-07-31T09:55:21Z,1148,24,6,7,0,0,1,1,1,1785491652
2026-07-31T09:55:21Z,1149,3,3,22,0,0,1,1,1,1785491257
2026-07-31T09:55:21Z,1150,18,1,1,0,0,1,1,1,1785490758
2026-07-31T09:55:21Z,1151,12,0,9,0,0,1,1,1,1785491619
2026-07-31T09:55:21Z,1152,18,1,11,0,0,1,1,1,1785491677
2026-07-31T09:55:21Z,1153,22,6,0,1,0,1,1,1,1785491507
2026-07-31T09:55:21Z,1154,13,1,6,0,0,1,1,1,1785490403
2026-07-31T09:55:21Z,1155,15,6,5,1,0,1,1,1,1785490963
2026-07-31T09:55:21Z,1158,3,0,15,1,0,1,1,1,1785490861
2026-07-31T09:55:21Z,1159,13,1,6,0,0,1,1,1,1785491216
2026-07-31T09:55:21Z,1160,9,1,9,1,0,1,1,1,1785489964
2026-07-31T09:55:21Z,1161,3,0,15,1,0,1,1,1,1785491351
2026-07-31T09:55:21Z,1162,2,1,17,0,0,1,1,1,1785491601
2026-07-31T09:55:21Z,1163,1,1,17,1,0,1,1,1,1785490977
2026-07-31T09:55:21Z,1164,6,1,13,0,0,1,1,1,1785491036
2026-07-31T09:55:21Z,1165,5,0,16,0,0,1,1,1,1785489953
2026-07-31T09:55:21Z,1166,12,3,8,1,0,1,1,1,1785491283
2026-07-31T09:55:21Z,1167,4,0,11,0,0,1,1,1,1785490746
2026-07-31T09:55:21Z,1168,2,1,20,1,0,1,1,1,1785491232
2026-07-31T09:55:21Z,1169,3,0,15,1,0,1,1,1,1785490884
2026-07-31T09:55:21Z,1170,6,0,14,1,0,1,1,1,1785491254
2026-07-31T09:55:21Z,1171,8,7,14,1,0,1,1,1,1785490926
2026-07-31T09:55:21Z,1172,7,2,6,2,0,1,1,1,1785491138
2026-07-31T09:55:21Z,1173,13,5,6,0,0,1,1,1,1785491133
2026-07-31T09:55:21Z,1174,6,3,9,0,0,1,1,1,1785490886
2026-07-31T09:55:21Z,1175,8,4,11,0,0,1,1,1,1785491319
2026-07-31T09:55:21Z,1176,19,1,2,0,0,1,1,1,1785490337
2026-07-31T09:55:21Z,1177,2,0,19,0,0,1,1,1,1785490259
2026-07-31T09:55:21Z,1178,2,1,13,0,0,1,1,1,1785490784
2026-07-31T09:55:21Z,1181,10,0,4,1,0,1,1,1,1785490378
2026-07-31T09:55:21Z,1182,1,0,19,0,0,1,1,1,1785491546
2026-07-31T09:55:21Z,1183,1,0,42,2,0,1,1,1,1785490816
2026-07-31T09:55:21Z,1184,12,6,8,1,0,1,1,1,1785490441
2026-07-31T09:55:21Z,1185,10,5,11,0,0,1,1,1,1785490385
2026-07-31T09:55:21Z,1186,9,5,10,0,0,1,1,1,1785491400
2026-07-31T09:55:21Z,1187,12,6,8,1,0,1,1,1,1785489943
2026-07-31T09:55:21Z,1188,10,4,5,0,0,1,1,1,1785491703
2026-07-31T09:55:21Z,1189,10,5,9,0,0,1,1,1,1785491161
2026-07-31T09:55:21Z,1190,10,5,11,0,0,1,1,1,1785490554
2026-07-31T09:55:21Z,1191,10,5,5,0,0,1,1,1,1785491082
2026-07-31T09:55:21Z,1192,10,6,10,1,0,1,1,1,1785490923
2026-07-31T09:55:21Z,1193,6,4,5,2,0,1,1,1,1785490078
2026-07-31T09:55:21Z,1197,9,6,7,1,0,1,1,1,1785491431
2026-07-31T09:55:21Z,1198,14,4,5,2,0,1,1,1,1785491446
2026-07-31T09:55:21Z,1199,2,0,17,0,0,1,1,1,1785491461
2026-07-31T09:55:21Z,1200,11,5,4,0,0,1,1,1,1785491118
2026-07-31T09:55:21Z,1201,11,5,4,0,0,1,1,1,1785491095
2026-07-31T09:55:21Z,1202,12,6,3,0,0,1,1,1,1785491194
2026-07-31T09:55:21Z,1203,9,6,6,0,0,1,1,1,1785491091
2026-07-31T09:55:21Z,1204,7,3,11,1,0,1,1,1,1785490835
2026-07-31T09:55:21Z,1206,11,5,10,0,0,1,1,1,1785490053
2026-07-31T09:55:21Z,1207,8,4,6,1,0,1,1,1,1785491407
2026-07-31T09:55:21Z,1208,7,2,11,1,0,1,1,1,1785491315
2026-07-31T09:55:21Z,1216,7,0,13,1,0,1,1,1,1785490283
2026-07-31T09:55:21Z,1218,4,0,17,0,0,1,1,1,1785490677
2026-07-31T09:55:21Z,1219,6,1,8,1,0,1,1,1,1785490545
2026-07-31T09:55:21Z,1220,14,7,4,1,0,1,1,1,1785490573
2026-07-31T09:55:21Z,1221,1,1,19,1,0,1,1,1,1785490274
2026-07-31T09:55:21Z,1222,28,1,1,0,0,1,1,1,1785490931
2026-07-31T09:55:21Z,1223,23,0,6,0,0,1,1,1,1785490764
2026-07-31T09:55:21Z,1226,0,0,3,0,0,0,1,1,1781868931
2026-07-31T09:55:21Z,1227,22,1,3,0,0,1,1,1,1785490790
2026-07-31T09:55:21Z,1228,16,1,12,1,0,1,1,1,1785491513
2026-07-31T09:55:21Z,1229,35,0,10,0,0,1,1,1,1785491594
2026-07-31T10:00:21Z,1,1,0,22,0,0,1,1,1,1785491228
2026-07-31T10:00:21Z,2,22,0,2,3,0,1,1,1,1785491731
2026-07-31T10:00:21Z,3,9,0,4,1,0,1,1,1,1785485488
2026-07-31T10:00:21Z,4,1,0,20,1,0,1,1,1,1785487895
2026-07-31T10:00:21Z,5,9,3,13,1,0,1,1,1,1785484887
2026-07-31T10:00:21Z,6,6,2,9,0,0,1,1,1,1785486991
2026-07-31T10:00:21Z,7,1,1,38,0,0,1,1,1,1785487290
2026-07-31T10:00:21Z,8,0,0,43,0,0,1,1,1,1785487014
2026-07-31T10:00:21Z,9,0,0,22,1,0,1,1,1,1785487593
2026-07-31T10:00:21Z,10,1,0,20,3,0,1,1,1,1785491840
2026-07-31T10:00:21Z,11,15,6,3,1,0,1,1,1,1785491275
2026-07-31T10:00:21Z,12,0,0,23,0,0,1,1,1,1785490105
2026-07-31T10:00:21Z,13,11,0,19,0,0,1,1,1,1785488834
2026-07-31T10:00:21Z,14,3,0,39,0,1,1,1,1,1785491439
2026-07-31T10:00:21Z,15,3,0,12,0,0,1,1,1,1785488861
2026-07-31T10:00:21Z,16,8,0,16,2,1,1,1,1,1785487292
2026-07-31T10:00:21Z,17,7,0,19,1,0,1,1,1,1785491479
2026-07-31T10:00:21Z,18,7,0,9,2,0,1,1,1,1785488039
2026-07-31T10:00:21Z,19,8,0,18,1,0,1,1,1,1785491759
2026-07-31T10:00:21Z,20,31,0,4,0,0,1,1,1,1785491965
2026-07-31T10:00:21Z,21,1,0,17,1,0,1,1,1,1785484888
2026-07-31T10:00:21Z,22,18,0,46,1,0,1,1,1,1785491500
2026-07-31T10:00:21Z,23,10,5,21,0,0,1,1,1,1785487895
2026-07-31T10:00:21Z,24,0,0,9,2,0,1,1,1,1785492008
2026-07-31T10:00:21Z,25,2,2,78,0,1,1,1,1,1785491796
2026-07-31T10:00:21Z,26,1,0,26,0,0,1,1,1,1785491464
2026-07-31T10:00:21Z,28,15,3,0,0,0,1,1,1,1785486991
2026-07-31T10:00:21Z,30,1,0,27,1,0,1,1,1,1785486089
2026-07-31T10:00:21Z,31,0,0,17,2,0,1,1,1,1785491910
2026-07-31T10:00:21Z,32,22,1,5,0,0,1,1,1,1785491991
2026-07-31T10:00:21Z,34,1,0,35,1,0,1,1,1,1785490647
2026-07-31T10:00:21Z,35,2,1,44,1,0,1,1,1,1785486762
2026-07-31T10:00:21Z,36,0,0,0,0,0,0,1,1,86400
2026-07-31T10:00:21Z,37,1,0,22,0,0,1,1,1,1785491559
2026-07-31T10:00:21Z,38,1,0,22,0,0,1,1,1,1785490318
2026-07-31T10:00:21Z,39,24,6,15,0,0,1,1,1,1785490063
2026-07-31T10:00:21Z,40,13,0,7,1,0,1,1,1,1785485488
2026-07-31T10:00:21Z,41,2,1,40,1,0,1,1,1,1785491500
2026-07-31T10:00:21Z,42,31,8,0,0,0,1,1,1,1785472558
2026-07-31T10:00:21Z,43,5,0,18,0,0,1,1,1,1785490390
2026-07-31T10:00:21Z,45,1,0,27,1,0,1,1,1,1785485789
2026-07-31T10:00:21Z,46,12,2,19,0,0,1,1,1,1785491240
2026-07-31T10:00:21Z,47,13,5,1,1,0,1,1,1,1785489312
2026-07-31T10:00:21Z,48,20,0,7,0,0,1,1,1,1785487579
2026-07-31T10:00:21Z,49,4,0,16,3,0,1,1,1,1785492003
2026-07-31T10:00:21Z,50,1,1,18,0,0,1,1,1,1785488641
2026-07-31T10:00:21Z,51,68,0,9,0,0,1,1,1,1785487292
2026-07-31T10:00:21Z,52,0,0,24,3,0,1,1,1,1785491967
2026-07-31T10:00:21Z,55,1,1,22,0,0,1,1,1,1785487781
2026-07-31T10:00:21Z,56,0,0,43,0,0,1,1,1,1785487593
2026-07-31T10:00:21Z,57,0,0,27,0,0,1,1,1,1785486089
2026-07-31T10:00:21Z,58,0,0,28,0,0,1,1,1,1785489985
2026-07-31T10:00:21Z,59,1,0,24,2,0,1,1,1,1785491802
2026-07-31T10:00:21Z,61,2,1,37,0,0,1,1,1,1785491414
2026-07-31T10:00:21Z,62,3,1,45,1,0,1,1,1,1785491866
2026-07-31T10:00:21Z,63,14,0,5,0,0,1,1,1,1785486089
2026-07-31T10:00:21Z,64,9,0,6,4,0,1,1,1,1785486992
2026-07-31T10:00:21Z,65,16,7,2,1,0,1,1,1,1785491350
2026-07-31T10:00:21Z,67,16,0,23,0,0,1,1,1,1785491870
2026-07-31T10:00:21Z,68,0,0,37,0,0,1,1,1,1785488201
2026-07-31T10:00:21Z,69,15,2,0,0,0,1,1,1,1785485188
2026-07-31T10:00:21Z,71,0,0,26,1,0,1,1,1,1785491326
2026-07-31T10:00:21Z,72,18,5,11,2,0,1,1,1,1785490995
2026-07-31T10:00:21Z,73,1,0,30,0,0,1,1,1,1785491470
2026-07-31T10:00:21Z,74,13,6,6,0,0,1,1,1,1785489103
2026-07-31T10:00:21Z,75,0,0,31,1,0,1,1,1,1785487292
2026-07-31T10:00:21Z,76,18,0,0,1,0,1,1,1,1785492001
2026-07-31T10:00:21Z,77,23,0,3,1,0,1,1,1,1785491669
2026-07-31T10:00:21Z,78,8,4,14,1,0,1,1,1,1785491762
2026-07-31T10:00:21Z,79,5,3,11,1,0,1,1,1,1785491374
2026-07-31T10:00:21Z,80,17,0,3,3,0,1,1,1,1785491974
2026-07-31T10:00:21Z,81,5,0,26,0,0,1,1,1,1785486390
2026-07-31T10:00:21Z,82,12,0,11,0,0,1,1,1,1785491795
2026-07-31T10:00:21Z,83,9,1,24,1,0,1,1,1,1785491955
2026-07-31T10:00:21Z,84,26,0,1,0,0,1,1,1,1785491870
2026-07-31T10:00:21Z,85,1,1,14,0,0,1,1,1,1785486991
2026-07-31T10:00:21Z,86,25,0,1,1,0,1,1,1,1785486691
2026-07-31T10:00:21Z,87,10,0,9,0,0,1,1,1,1785488201
2026-07-31T10:00:21Z,88,1,0,41,1,0,1,1,1,1785490680
2026-07-31T10:00:21Z,89,22,0,13,0,0,1,1,1,1785487292
2026-07-31T10:00:21Z,90,6,2,10,2,0,1,1,1,1785490958
2026-07-31T10:00:21Z,91,13,0,4,0,0,1,1,1,1785490693
2026-07-31T10:00:21Z,92,10,4,6,3,0,1,1,1,1785491745
2026-07-31T10:00:21Z,93,0,0,23,0,0,1,1,1,1785486390
2026-07-31T10:00:21Z,94,2,0,16,1,0,1,1,1,1785486390
2026-07-31T10:00:21Z,95,25,2,8,1,1,1,1,1,1785492006
2026-07-31T10:00:21Z,96,28,0,2,1,0,1,1,1,1785491842
2026-07-31T10:00:21Z,97,0,0,16,1,0,1,1,1,1785491840
2026-07-31T10:00:21Z,98,20,0,14,1,0,1,1,1,1785491722
2026-07-31T10:00:21Z,99,4,2,11,0,0,1,1,1,1785486802
2026-07-31T10:00:21Z,100,1,0,26,0,0,1,1,1,1785488201
2026-07-31T10:00:21Z,101,1,0,13,1,0,1,1,1,1785485789
2026-07-31T10:00:21Z,102,0,0,23,0,0,1,1,1,1785487553
2026-07-31T10:00:21Z,103,5,0,25,0,0,1,1,1,1785489200
2026-07-31T10:00:21Z,104,0,0,25,2,0,1,1,1,1785492000
2026-07-31T10:00:21Z,105,16,1,3,0,0,1,1,1,1785486390
2026-07-31T10:00:21Z,106,1,0,20,0,0,1,1,1,1785490634
2026-07-31T10:00:21Z,107,0,0,37,0,0,1,1,1,1785485489
2026-07-31T10:00:21Z,108,15,1,20,0,0,1,1,1,1785489455
2026-07-31T10:00:21Z,109,7,0,16,0,0,1,1,1,1785489961
2026-07-31T10:00:21Z,110,14,2,9,0,0,1,1,1,1785488165
2026-07-31T10:00:21Z,111,1,0,35,0,0,1,1,1,1785490951
2026-07-31T10:00:21Z,112,4,0,10,1,0,1,1,1,1785490423
2026-07-31T10:00:21Z,113,5,0,11,3,0,1,1,1,1785491996
2026-07-31T10:00:21Z,114,6,6,23,1,1,1,1,1,1785491765
2026-07-31T10:00:21Z,115,3,1,23,2,0,1,1,1,1785479033
2026-07-31T10:00:21Z,116,3,3,23,1,0,1,1,1,1785487594
2026-07-31T10:00:21Z,118,20,9,0,3,0,1,1,1,1785491837
2026-07-31T10:00:21Z,119,32,2,2,4,0,1,1,1,1785489175
2026-07-31T10:00:21Z,120,22,1,4,1,0,1,1,1,1785491912
2026-07-31T10:00:21Z,121,6,2,12,0,1,1,1,1,1785491787
2026-07-31T10:00:21Z,122,10,0,10,1,0,1,1,1,1785491486
2026-07-31T10:00:21Z,123,8,1,39,0,0,1,1,1,1785485188
2026-07-31T10:00:21Z,124,31,0,4,0,0,1,1,1,1785491855
2026-07-31T10:00:21Z,125,6,2,17,0,0,1,1,1,1785490205
2026-07-31T10:00:21Z,126,25,2,6,0,0,1,1,1,1785491001
2026-07-31T10:00:21Z,127,8,0,25,2,0,1,1,1,1785491857
2026-07-31T10:00:21Z,128,17,1,2,0,0,1,1,1,1785490685
2026-07-31T10:00:21Z,129,17,1,0,2,0,1,1,1,1785486089
2026-07-31T10:00:21Z,130,5,1,12,0,0,1,1,1,1785490452
2026-07-31T10:00:21Z,131,9,3,0,2,0,1,1,1,1785490792
2026-07-31T10:00:21Z,132,13,6,1,0,1,1,1,1,1785490417
2026-07-31T10:00:21Z,134,5,0,13,5,0,1,1,1,1785491892
2026-07-31T10:00:21Z,135,8,4,10,1,0,1,1,1,1785488917
2026-07-31T10:00:21Z,136,7,0,8,1,7,1,1,1,1785491958
2026-07-31T10:00:21Z,137,8,2,11,0,0,1,1,1,1785491896
2026-07-31T10:00:21Z,138,35,2,2,0,0,1,1,1,1785491987
2026-07-31T10:00:21Z,139,17,3,2,0,0,1,1,1,1785491526
2026-07-31T10:00:21Z,140,18,9,3,2,0,1,1,1,1785492008
2026-07-31T10:00:21Z,141,31,1,5,0,0,1,1,1,1785485909
2026-07-31T10:00:21Z,142,23,1,0,0,0,1,1,1,1785490160
2026-07-31T10:00:21Z,143,13,3,17,1,0,1,1,1,1785487895
2026-07-31T10:00:21Z,144,22,0,5,0,0,1,1,1,1785491889
2026-07-31T10:00:21Z,146,8,1,14,1,0,1,1,1,1785486463
2026-07-31T10:00:21Z,147,9,2,8,2,0,1,1,1,1785491986
2026-07-31T10:00:21Z,148,24,0,2,0,1,1,1,1,1785491810
2026-07-31T10:00:21Z,149,17,4,9,1,0,1,1,1,1785489364
2026-07-31T10:00:21Z,150,30,7,3,2,0,1,1,1,1785491993
2026-07-31T10:00:21Z,151,19,6,4,0,0,1,1,1,1785491456
2026-07-31T10:00:21Z,152,19,1,4,4,0,1,1,1,1785491743
2026-07-31T10:00:21Z,153,13,1,12,6,0,1,1,1,1785491868
2026-07-31T10:00:21Z,154,16,3,4,3,0,1,1,1,1785491747
2026-07-31T10:00:21Z,155,9,4,4,1,0,1,1,1,1785491858
2026-07-31T10:00:21Z,156,15,1,4,0,0,1,1,1,1785489085
2026-07-31T10:00:21Z,157,15,0,10,2,0,1,1,1,1785491890
2026-07-31T10:00:21Z,158,16,2,0,0,0,1,1,1,1785488201
2026-07-31T10:00:21Z,159,5,2,14,0,0,1,1,1,1785488201
2026-07-31T10:00:21Z,160,18,1,1,0,0,1,1,1,1785491594
2026-07-31T10:00:21Z,161,18,3,4,0,0,1,1,1,1785491642
2026-07-31T10:00:21Z,162,10,0,16,1,0,1,1,1,1785488396
2026-07-31T10:00:21Z,163,30,3,1,0,0,1,1,1,1785489189
2026-07-31T10:00:21Z,164,25,7,2,0,0,1,1,1,1785486691
2026-07-31T10:00:21Z,165,21,10,9,1,0,1,1,1,1785490458
2026-07-31T10:00:21Z,166,32,8,3,4,0,1,1,1,1785492003
2026-07-31T10:00:21Z,167,19,9,2,2,0,1,1,1,1785491219
2026-07-31T10:00:21Z,168,20,0,6,1,0,1,1,1,1785491846
2026-07-31T10:00:21Z,169,1,0,21,0,1,1,1,1,1785487293
2026-07-31T10:00:21Z,170,17,4,0,2,0,1,1,1,1785488379
2026-07-31T10:00:21Z,171,10,3,1,2,0,1,1,1,1785491728
2026-07-31T10:00:21Z,173,37,0,2,0,0,1,1,1,1785490623
2026-07-31T10:00:21Z,174,21,1,3,2,0,1,1,1,1785491643
2026-07-31T10:00:21Z,175,8,0,23,0,0,1,1,1,1785491110
2026-07-31T10:00:21Z,176,6,2,8,0,1,1,1,1,1785491763
2026-07-31T10:00:21Z,177,19,1,8,0,0,1,1,1,1785491415
2026-07-31T10:00:21Z,178,2,0,10,2,1,1,1,1,1785492011
2026-07-31T10:00:21Z,179,11,1,3,1,0,1,1,1,1785486089
2026-07-31T10:00:21Z,180,27,0,3,0,0,1,1,1,1785487594
2026-07-31T10:00:21Z,181,11,1,3,1,0,1,1,1,1785491378
2026-07-31T10:00:21Z,182,14,1,3,0,0,1,1,1,1785491813
2026-07-31T10:00:21Z,183,15,0,8,0,0,1,1,1,1785491239
2026-07-31T10:00:21Z,184,2,0,20,1,0,1,1,1,1785491941
2026-07-31T10:00:21Z,185,12,1,0,2,1,1,1,1,1785484888
2026-07-31T10:00:21Z,186,4,1,15,0,0,1,1,1,1785487895
2026-07-31T10:00:21Z,187,9,0,18,1,0,1,1,1,1785491965
2026-07-31T10:00:21Z,188,11,0,8,8,0,1,1,1,1785491773
2026-07-31T10:00:21Z,189,15,4,0,0,0,1,1,1,1785487895
2026-07-31T10:00:21Z,190,3,0,20,0,0,1,1,1,1785491731
2026-07-31T10:00:21Z,191,2,1,37,0,0,1,1,1,1785486690
2026-07-31T10:00:21Z,192,12,4,16,3,0,1,1,1,1785486089
2026-07-31T10:00:21Z,193,1,0,14,0,0,1,1,1,1785490688
2026-07-31T10:00:21Z,194,17,1,9,1,0,1,1,1,1785486691
2026-07-31T10:00:21Z,195,12,1,5,2,0,1,1,1,1785487594
2026-07-31T10:00:21Z,196,23,1,1,3,0,1,1,1,1785491973
2026-07-31T10:00:21Z,197,16,3,1,1,1,1,1,1,1785489625
2026-07-31T10:00:21Z,198,19,16,4,0,0,1,1,1,1785491699
2026-07-31T10:00:21Z,199,6,5,6,3,0,1,1,1,1785489674
2026-07-31T10:00:21Z,200,13,0,12,1,0,1,1,1,1785491801
2026-07-31T10:00:21Z,201,8,4,15,0,0,1,1,1,1785491857
2026-07-31T10:00:21Z,202,0,0,27,0,0,1,1,1,1785486691
2026-07-31T10:00:21Z,203,26,3,4,1,0,1,1,1,1785487252
2026-07-31T10:00:21Z,204,30,1,4,1,0,1,1,1,1785490206
2026-07-31T10:00:21Z,205,13,1,14,0,0,1,1,1,1785488894
2026-07-31T10:00:21Z,206,1,1,13,1,0,1,1,1,1785486448
2026-07-31T10:00:21Z,207,12,0,8,1,0,1,1,1,1785491125
2026-07-31T10:00:21Z,208,3,0,26,0,0,1,1,1,1785491719
2026-07-31T10:00:21Z,209,6,0,21,3,1,1,1,1,1785491829
2026-07-31T10:00:21Z,210,23,2,4,0,0,1,1,1,1785485488
2026-07-31T10:00:21Z,211,14,6,8,1,0,1,1,1,1785490780
2026-07-31T10:00:21Z,212,23,0,11,1,0,1,1,1,1785491959
2026-07-31T10:00:21Z,213,12,1,9,2,0,1,1,1,1785491764
2026-07-31T10:00:21Z,214,29,0,14,4,0,1,1,1,1785490284
2026-07-31T10:00:21Z,215,6,2,16,1,0,1,1,1,1785490465
2026-07-31T10:00:21Z,216,7,0,11,1,0,1,1,1,1785491552
2026-07-31T10:00:21Z,217,9,0,19,1,0,1,1,1,1785491806
2026-07-31T10:00:21Z,218,21,4,16,2,0,1,1,1,1785491919
2026-07-31T10:00:21Z,219,1,1,24,1,0,1,1,1,1785489320
2026-07-31T10:00:21Z,220,23,6,18,1,1,1,1,1,1785491278
2026-07-31T10:00:21Z,221,13,8,1,1,0,1,1,1,1785491306
2026-07-31T10:00:21Z,222,12,10,5,2,0,1,1,1,1785491803
2026-07-31T10:00:21Z,223,8,4,24,3,0,1,1,1,1785491831
2026-07-31T10:00:21Z,224,6,4,15,1,0,1,1,1,1785491603
2026-07-31T10:00:21Z,225,10,0,3,6,0,1,1,1,1785487206
2026-07-31T10:00:21Z,226,30,10,1,0,0,1,1,1,1785491255
2026-07-31T10:00:21Z,227,21,13,5,0,1,1,1,1,1785491572
2026-07-31T10:00:21Z,228,1,0,17,1,0,1,1,1,1785484888
2026-07-31T10:00:21Z,230,16,9,10,0,0,1,1,1,1785486691
2026-07-31T10:00:21Z,232,13,6,3,1,0,1,1,1,1785486390
2026-07-31T10:00:21Z,233,19,0,10,2,0,1,1,1,1785487026
2026-07-31T10:00:21Z,234,7,3,7,3,2,1,1,1,1785491043
2026-07-31T10:00:21Z,236,12,2,7,0,0,1,1,1,1785491381
2026-07-31T10:00:21Z,237,21,4,1,1,0,1,1,1,1785489236
2026-07-31T10:00:21Z,239,23,18,1,3,0,1,1,1,1785486691
2026-07-31T10:00:21Z,241,18,6,5,0,0,1,1,1,1785490525
2026-07-31T10:00:21Z,242,1,1,21,1,0,1,1,1,1785487593
2026-07-31T10:00:21Z,243,9,0,21,1,0,1,1,1,1785491961
2026-07-31T10:00:21Z,244,13,1,13,1,0,1,1,1,1785488405
2026-07-31T10:00:21Z,245,6,4,17,0,0,1,1,1,1785490437
2026-07-31T10:00:21Z,246,13,0,10,0,0,1,1,1,1785487895
2026-07-31T10:00:21Z,247,12,10,10,1,0,1,1,1,1785488201
2026-07-31T10:00:21Z,248,18,3,2,3,0,1,1,1,1785490306
2026-07-31T10:00:21Z,249,3,1,16,0,0,1,1,1,1785491901
2026-07-31T10:00:21Z,250,24,7,3,0,0,1,1,1,1785491888
2026-07-31T10:00:21Z,251,22,5,2,3,0,1,1,1,1785486991
2026-07-31T10:00:21Z,253,8,4,10,1,0,1,1,1,1785491210
2026-07-31T10:00:21Z,254,26,21,16,1,0,1,1,1,1785485789
2026-07-31T10:00:21Z,255,5,0,17,0,1,1,1,1,1785491968
2026-07-31T10:00:21Z,256,9,4,12,2,0,1,1,1,1785490433
2026-07-31T10:00:21Z,257,13,5,5,1,0,1,1,1,1785489536
2026-07-31T10:00:21Z,258,1,0,18,0,0,1,1,1,1785482036
2026-07-31T10:00:21Z,259,20,3,2,0,1,1,1,1,1785490854
2026-07-31T10:00:21Z,260,14,4,2,3,0,1,1,1,1785486424
2026-07-31T10:00:21Z,261,15,0,2,1,1,1,1,1,1785489370
2026-07-31T10:00:21Z,262,19,10,4,0,0,1,1,1,1785491923
2026-07-31T10:00:21Z,263,14,3,1,0,0,1,1,1,1785491399
2026-07-31T10:00:21Z,264,18,6,0,1,0,1,1,1,1785488201
2026-07-31T10:00:21Z,265,14,0,1,0,0,1,1,1,1785490183
2026-07-31T10:00:21Z,266,16,7,0,3,0,1,1,1,1785492011
2026-07-31T10:00:21Z,267,7,3,6,2,0,1,1,1,1785484888
2026-07-31T10:00:21Z,268,23,9,0,0,0,1,1,1,1785484887
2026-07-31T10:00:21Z,269,10,4,12,1,0,1,1,1,1785490639
2026-07-31T10:00:21Z,270,23,1,4,0,0,1,1,1,1785491481
2026-07-31T10:00:21Z,271,0,0,17,2,0,1,1,1,1785486991
2026-07-31T10:00:21Z,272,13,13,9,1,0,1,1,1,1785486390
2026-07-31T10:00:21Z,273,14,5,1,0,0,1,1,1,1785484888
2026-07-31T10:00:21Z,274,16,6,2,1,0,1,1,1,1785491514
2026-07-31T10:00:21Z,275,13,0,6,2,2,1,1,1,1785491867
2026-07-31T10:00:21Z,276,1,0,26,0,0,1,1,1,1785486991
2026-07-31T10:00:21Z,277,12,1,6,5,0,1,1,1,1785488201
2026-07-31T10:00:21Z,278,23,2,5,2,1,1,1,1,1785487967
2026-07-31T10:00:21Z,279,18,0,1,0,0,1,1,1,1785491956
2026-07-31T10:00:21Z,280,10,2,19,2,0,1,1,1,1785491963
2026-07-31T10:00:21Z,281,19,0,0,0,0,1,1,1,1785486089
2026-07-31T10:00:21Z,282,5,2,13,0,0,1,1,1,1785484887
2026-07-31T10:00:21Z,283,33,1,2,0,0,1,1,1,1785491784
2026-07-31T10:00:21Z,284,17,3,16,2,0,1,1,1,1785491874
2026-07-31T10:00:21Z,285,8,7,15,0,0,1,1,1,1785485188
2026-07-31T10:00:21Z,286,16,15,2,5,0,1,1,1,1785488250
2026-07-31T10:00:21Z,287,13,4,7,3,0,1,1,1,1785484887
2026-07-31T10:00:21Z,288,14,10,5,0,0,1,1,1,1785486991
2026-07-31T10:00:21Z,289,23,2,1,3,0,1,1,1,1785491925
2026-07-31T10:00:21Z,290,8,0,30,1,0,1,1,1,1785491552
2026-07-31T10:00:21Z,291,10,2,11,2,0,1,1,1,1785490741
2026-07-31T10:00:21Z,292,22,0,1,0,0,1,1,1,1785485789
2026-07-31T10:00:21Z,293,17,10,6,0,0,1,1,1,1785486991
2026-07-31T10:00:21Z,294,0,0,21,1,0,1,1,1,1785486991
2026-07-31T10:00:21Z,297,14,4,2,2,1,1,1,1,1785491414
2026-07-31T10:00:21Z,301,17,1,2,0,0,1,1,1,1785486691
2026-07-31T10:00:21Z,302,0,0,23,0,0,1,1,1,1785486991
2026-07-31T10:00:21Z,303,19,0,0,0,0,1,1,1,1785485188
2026-07-31T10:00:21Z,304,0,0,0,0,0,0,1,1,86400
2026-07-31T10:00:21Z,305,19,0,0,0,0,1,1,1,1785485188
2026-07-31T10:00:21Z,306,2,0,29,1,0,1,1,1,1785485188
2026-07-31T10:00:21Z,307,18,1,3,1,1,1,1,1,1785491769
2026-07-31T10:00:21Z,308,14,0,3,2,0,1,1,1,1785485188
2026-07-31T10:00:21Z,309,13,3,0,1,0,1,1,1,1785488427
2026-07-31T10:00:21Z,311,15,0,0,0,0,1,1,1,1785486992
2026-07-31T10:00:21Z,312,6,3,12,4,1,1,1,1,1785491779
2026-07-31T10:00:21Z,313,3,1,12,0,0,1,1,1,1785486991
2026-07-31T10:00:21Z,314,4,3,11,3,0,1,1,1,1785486991
2026-07-31T10:00:21Z,315,23,6,6,2,0,1,1,1,1785491768
2026-07-31T10:00:21Z,316,3,1,20,7,1,1,1,1,1785491979
2026-07-31T10:00:21Z,317,0,0,30,0,1,1,1,1,1785491938
2026-07-31T10:00:21Z,318,16,0,3,0,0,1,1,1,1785486991
2026-07-31T10:00:21Z,319,18,3,4,1,0,1,1,1,1785491234
2026-07-31T10:00:21Z,320,18,5,0,1,0,1,1,1,1785491087
2026-07-31T10:00:21Z,321,7,1,8,4,0,1,1,1,1785491932
2026-07-31T10:00:21Z,322,4,1,24,1,0,1,1,1,1785489880
2026-07-31T10:00:21Z,323,8,0,11,0,0,1,1,1,1785487292
2026-07-31T10:00:21Z,324,16,3,10,1,0,1,1,1,1785492011
2026-07-31T10:00:21Z,325,4,3,21,2,0,1,1,1,1785489487
2026-07-31T10:00:21Z,327,26,0,0,1,0,1,1,1,1785489831
2026-07-31T10:00:21Z,328,20,0,1,1,0,1,1,1,1785484794
2026-07-31T10:00:21Z,329,17,0,0,2,0,1,1,1,1785487643
2026-07-31T10:00:21Z,330,3,0,19,0,0,1,1,1,1785485188
2026-07-31T10:00:21Z,331,12,3,10,1,0,1,1,1,1785487675
2026-07-31T10:00:21Z,332,10,3,7,2,0,1,1,1,1785487292
2026-07-31T10:00:21Z,333,1,1,21,1,0,1,1,1,1785491427
2026-07-31T10:00:21Z,334,11,8,12,0,0,1,1,1,1785487804
2026-07-31T10:00:21Z,335,3,2,18,1,1,1,1,1,1785487292
2026-07-31T10:00:21Z,336,18,2,1,0,0,1,1,1,1785487293
2026-07-31T10:00:21Z,337,17,3,1,5,0,1,1,1,1785491949
2026-07-31T10:00:21Z,338,17,8,2,0,0,1,1,1,1785487389
2026-07-31T10:00:21Z,339,20,10,3,0,0,1,1,1,1785491731
2026-07-31T10:00:21Z,340,13,11,1,1,0,1,1,1,1785491300
2026-07-31T10:00:21Z,341,11,4,8,0,0,1,1,1,1785487352
2026-07-31T10:00:21Z,342,12,6,1,2,0,1,1,1,1785490143
2026-07-31T10:00:21Z,343,21,1,1,1,0,1,1,1,1785487543
2026-07-31T10:00:21Z,344,23,9,0,0,0,1,1,1,1785488186
2026-07-31T10:00:21Z,345,19,3,0,0,0,1,1,1,1785487292
2026-07-31T10:00:21Z,346,9,6,14,0,0,1,1,1,1785489426
2026-07-31T10:00:21Z,347,3,0,39,2,0,1,1,1,1785492010
2026-07-31T10:00:21Z,348,21,3,0,1,1,1,1,1,1785491888
2026-07-31T10:00:21Z,349,6,1,13,0,0,1,1,1,1785487293
2026-07-31T10:00:21Z,350,24,3,1,1,1,1,1,1,1785487293
2026-07-31T10:00:21Z,351,20,3,0,3,0,1,1,1,1785491879
2026-07-31T10:00:21Z,355,21,0,2,0,0,1,1,1,1785490901
2026-07-31T10:00:21Z,356,17,1,2,0,0,1,1,1,1785491511
2026-07-31T10:00:21Z,357,13,4,6,0,0,1,1,1,1785485188
2026-07-31T10:00:21Z,358,24,4,2,1,0,1,1,1,1785487594
2026-07-31T10:00:21Z,359,20,0,7,0,0,1,1,1,1785489979
2026-07-31T10:00:21Z,360,16,4,1,2,0,1,1,1,1785487594
2026-07-31T10:00:21Z,362,17,5,0,2,0,1,1,1,1785487292
2026-07-31T10:00:21Z,363,2,0,25,0,0,1,1,1,1785489580
2026-07-31T10:00:21Z,364,19,3,0,0,0,1,1,1,1785487896
2026-07-31T10:00:21Z,365,15,4,5,3,0,1,1,1,1785491063
2026-07-31T10:00:21Z,366,14,8,2,7,0,1,1,1,1785491995
2026-07-31T10:00:21Z,367,15,8,2,2,0,1,1,1,1785491056
2026-07-31T10:00:21Z,368,20,3,1,2,0,1,1,1,1785486991
2026-07-31T10:00:21Z,370,13,7,14,0,0,1,1,1,1785491892
2026-07-31T10:00:21Z,371,4,2,14,1,0,1,1,1,1785484735
2026-07-31T10:00:21Z,372,8,2,7,0,0,1,1,1,1785487594
2026-07-31T10:00:21Z,373,24,8,3,0,0,1,1,1,1785486433
2026-07-31T10:00:21Z,374,16,7,1,2,0,1,1,1,1785491927
2026-07-31T10:00:21Z,375,20,5,4,3,0,1,1,1,1785487593
2026-07-31T10:00:21Z,376,27,3,7,5,0,1,1,1,1785490526
2026-07-31T10:00:21Z,377,25,9,2,0,0,1,1,1,1785487594
2026-07-31T10:00:21Z,378,21,5,1,1,1,1,1,1,1785491840
2026-07-31T10:00:21Z,379,14,0,13,0,0,1,1,1,1785492001
2026-07-31T10:00:21Z,380,21,6,1,1,0,1,1,1,1785491878
2026-07-31T10:00:21Z,381,13,0,10,0,0,1,1,1,1785491744
2026-07-31T10:00:21Z,383,12,0,1,2,0,1,1,1,1785491998
2026-07-31T10:00:21Z,384,26,1,0,1,0,1,1,1,1785487594
2026-07-31T10:00:21Z,385,14,2,2,2,0,1,1,1,1785487594
2026-07-31T10:00:21Z,387,21,2,2,0,0,1,1,1,1785491874
2026-07-31T10:00:21Z,388,15,3,34,0,0,1,1,1,1785491593
2026-07-31T10:00:21Z,389,9,8,6,0,0,1,1,1,1785487293
2026-07-31T10:00:21Z,390,16,0,19,0,0,1,1,1,1785489336
2026-07-31T10:00:21Z,391,4,0,10,1,0,1,1,1,1785487292
2026-07-31T10:00:21Z,392,2,2,16,1,0,1,1,1,1785491963
2026-07-31T10:00:21Z,393,3,3,5,3,0,1,1,1,1785487292
2026-07-31T10:00:21Z,394,9,6,2,2,0,1,1,1,1785487594
2026-07-31T10:00:21Z,396,7,7,32,3,0,1,1,1,1785487595
2026-07-31T10:00:21Z,397,4,4,27,0,0,1,1,1,1785488201
2026-07-31T10:00:21Z,399,12,1,3,2,0,1,1,1,1785490391
2026-07-31T10:00:21Z,400,11,6,9,3,0,1,1,1,1785491087
2026-07-31T10:00:21Z,401,9,0,22,8,0,1,1,1,1785490115
2026-07-31T10:00:21Z,403,3,0,26,2,0,1,1,1,1785491910
2026-07-31T10:00:21Z,404,1,1,21,1,0,1,1,1,1785491837
2026-07-31T10:00:21Z,406,1,0,33,1,0,1,1,1,1785491659
2026-07-31T10:00:21Z,407,15,3,18,1,0,1,1,1,1785491169
2026-07-31T10:00:21Z,408,13,2,19,1,0,1,1,1,1785491284
2026-07-31T10:00:21Z,409,0,0,20,3,0,1,1,1,1785488970
2026-07-31T10:00:21Z,413,20,5,1,2,0,1,1,1,1785490104
2026-07-31T10:00:21Z,414,13,4,1,1,0,1,1,1,1785485488
2026-07-31T10:00:21Z,417,11,6,7,1,0,1,1,1,1785491073
2026-07-31T10:00:21Z,418,1,0,14,0,0,1,1,1,1785490913
2026-07-31T10:00:21Z,419,10,0,12,1,0,1,1,1,1785487895
2026-07-31T10:00:21Z,421,1,0,18,0,0,1,1,1,1785488201
2026-07-31T10:00:21Z,422,3,3,23,1,0,1,1,1,1785490175
2026-07-31T10:00:21Z,423,5,1,18,0,0,1,1,1,1785491746
2026-07-31T10:00:21Z,424,5,2,7,3,0,1,1,1,1785491772
2026-07-31T10:00:21Z,425,19,0,2,0,1,1,1,1,1785491863
2026-07-31T10:00:21Z,426,0,0,35,2,0,1,1,1,1785490002
2026-07-31T10:00:21Z,427,14,1,0,1,0,1,1,1,1785491975
2026-07-31T10:00:21Z,428,17,2,2,0,0,1,1,1,1785491937
2026-07-31T10:00:21Z,429,1,0,20,2,0,1,1,1,1785488273
2026-07-31T10:00:21Z,430,28,0,0,3,0,1,1,1,1785485488
2026-07-31T10:00:21Z,431,15,0,17,1,0,1,1,1,1785488642
2026-07-31T10:00:21Z,432,18,0,11,2,0,1,1,1,1785490634
2026-07-31T10:00:21Z,433,19,6,3,1,0,1,1,1,1785488201
2026-07-31T10:00:21Z,437,3,1,15,1,0,1,1,1,1785487897
2026-07-31T10:00:21Z,438,17,0,1,1,0,1,1,1,1785491764
2026-07-31T10:00:21Z,439,4,0,11,0,0,1,1,1,1785490818
2026-07-31T10:00:21Z,440,13,1,0,2,0,1,1,1,1785488201
2026-07-31T10:00:21Z,441,11,2,3,1,0,1,1,1,1785491835
2026-07-31T10:00:21Z,442,17,9,1,1,0,1,1,1,1785487895
2026-07-31T10:00:21Z,443,4,2,23,0,0,1,1,1,1785485488
2026-07-31T10:00:21Z,444,2,2,21,0,0,1,1,1,1785485488
2026-07-31T10:00:21Z,445,7,2,15,1,0,1,1,1,1785491989
2026-07-31T10:00:21Z,446,1,1,21,1,0,1,1,1,1785487896
2026-07-31T10:00:21Z,447,3,0,18,1,1,1,1,1,1785485488
2026-07-31T10:00:21Z,448,9,4,5,1,0,1,1,1,1785487895
2026-07-31T10:00:21Z,452,8,6,10,1,0,1,1,1,1785487661
2026-07-31T10:00:21Z,453,6,5,8,1,0,1,1,1,1785491911
2026-07-31T10:00:21Z,454,9,0,10,0,0,1,1,1,1785489971
2026-07-31T10:00:21Z,455,1,0,38,0,0,1,1,1,1785491169
2026-07-31T10:00:21Z,456,9,0,10,1,0,1,1,1,1785491920
2026-07-31T10:00:21Z,457,25,2,0,2,0,1,1,1,1785487895
2026-07-31T10:00:21Z,458,13,5,10,0,0,1,1,1,1785491311
2026-07-31T10:00:21Z,459,15,0,0,0,0,1,1,1,1785485789
2026-07-31T10:00:21Z,460,18,2,4,1,0,1,1,1,1785490370
2026-07-31T10:00:21Z,461,5,1,14,0,0,1,1,1,1785487878
2026-07-31T10:00:21Z,462,9,1,12,0,0,1,1,1,1785491329
2026-07-31T10:00:21Z,463,13,1,6,0,0,1,1,1,1785487897
2026-07-31T10:00:21Z,464,3,1,11,0,0,1,1,1,1785485789
2026-07-31T10:00:21Z,465,0,0,14,1,0,1,1,1,1785485789
2026-07-31T10:00:21Z,466,11,3,2,2,0,1,1,1,1785485789
2026-07-31T10:00:21Z,467,5,1,13,1,0,1,1,1,1785471818
2026-07-31T10:00:21Z,468,17,1,1,1,0,1,1,1,1785485789
2026-07-31T10:00:21Z,469,2,1,21,0,0,1,1,1,1785487896
2026-07-31T10:00:21Z,470,12,1,1,2,0,1,1,1,1785491768
2026-07-31T10:00:21Z,471,22,2,5,0,0,1,1,1,1785487895
2026-07-31T10:00:21Z,472,18,6,0,1,0,1,1,1,1785491727
2026-07-31T10:00:21Z,473,19,5,0,0,0,1,1,1,1785485789
2026-07-31T10:00:21Z,474,16,0,3,0,0,1,1,1,1785488959
2026-07-31T10:00:21Z,475,4,1,14,1,0,1,1,1,1785490904
2026-07-31T10:00:21Z,477,10,7,4,1,0,1,1,1,1785490289
2026-07-31T10:00:21Z,478,6,0,24,1,0,1,1,1,1785485789
2026-07-31T10:00:21Z,479,1,1,25,1,0,1,1,1,1785489149
2026-07-31T10:00:21Z,480,2,0,10,3,0,1,1,1,1785491326
2026-07-31T10:00:21Z,481,28,1,6,1,0,1,1,1,1785491809
2026-07-31T10:00:21Z,482,18,6,1,0,0,1,1,1,1785490527
2026-07-31T10:00:21Z,483,1,0,24,2,0,1,1,1,1785491768
2026-07-31T10:00:21Z,484,7,2,11,1,0,1,1,1,1785491706
2026-07-31T10:00:21Z,485,16,6,1,1,1,1,1,1,1785491780
2026-07-31T10:00:21Z,486,25,6,0,2,0,1,1,1,1785491768
2026-07-31T10:00:21Z,487,8,5,10,1,0,1,1,1,1785490150
2026-07-31T10:00:21Z,489,12,6,3,0,0,1,1,1,1785488501
2026-07-31T10:00:21Z,490,3,1,13,0,0,1,1,1,1785489499
2026-07-31T10:00:21Z,491,4,1,17,0,0,1,1,1,1785486090
2026-07-31T10:00:21Z,492,5,3,2,4,0,1,1,1,1785492006
2026-07-31T10:00:21Z,493,0,0,26,1,0,1,1,1,1785487895
2026-07-31T10:00:21Z,495,9,0,3,3,0,1,1,1,1785489700
2026-07-31T10:00:21Z,496,27,1,0,0,0,1,1,1,1785486089
2026-07-31T10:00:21Z,497,17,0,1,1,0,1,1,1,1785491850
2026-07-31T10:00:21Z,498,21,3,1,1,0,1,1,1,1785490089
2026-07-31T10:00:21Z,499,17,1,1,1,0,1,1,1,1785487896
2026-07-31T10:00:21Z,500,8,4,2,5,0,1,1,1,1785491843
2026-07-31T10:00:21Z,501,10,4,11,0,0,1,1,1,1785487896
2026-07-31T10:00:21Z,502,6,0,13,0,0,1,1,1,1785486089
2026-07-31T10:00:21Z,503,26,0,4,1,0,1,1,1,1785487895
2026-07-31T10:00:21Z,504,0,0,39,0,0,1,1,1,1785486562
2026-07-31T10:00:21Z,505,10,1,1,1,0,1,1,1,1785487586
2026-07-31T10:00:21Z,511,5,3,18,0,0,1,1,1,1785491793
2026-07-31T10:00:21Z,512,6,0,21,0,0,1,1,1,1785490938
2026-07-31T10:00:21Z,514,10,0,0,1,0,1,1,1,1785486089
2026-07-31T10:00:21Z,515,2,0,17,0,0,1,1,1,1785487895
2026-07-31T10:00:21Z,516,0,0,27,0,0,1,1,1,1785484039
2026-07-31T10:00:21Z,517,14,3,8,1,0,1,1,1,1785486090
2026-07-31T10:00:21Z,518,14,1,0,1,0,1,1,1,1785486390
2026-07-31T10:00:21Z,519,4,0,13,2,0,1,1,1,1785491077
2026-07-31T10:00:21Z,520,11,7,10,5,1,1,1,1,1785492008
2026-07-31T10:00:21Z,521,18,5,5,0,0,1,1,1,1785487895
2026-07-31T10:00:21Z,522,0,0,22,1,0,1,1,1,1785486390
2026-07-31T10:00:21Z,523,6,3,16,1,0,1,1,1,1785489661
2026-07-31T10:00:21Z,524,1,0,22,0,0,1,1,1,1785491359
2026-07-31T10:00:21Z,525,10,0,9,0,0,1,1,1,1785489376
2026-07-31T10:00:21Z,526,13,1,0,2,0,1,1,1,1785486390
2026-07-31T10:00:21Z,527,4,2,19,3,0,1,1,1,1785491817
2026-07-31T10:00:21Z,528,20,1,2,1,0,1,1,1,1785491758
2026-07-31T10:00:21Z,529,6,3,7,6,0,1,1,1,1785492008
2026-07-31T10:00:21Z,530,15,1,4,2,0,1,1,1,1785491966
2026-07-31T10:00:21Z,531,20,0,1,1,1,1,1,1,1785491109
2026-07-31T10:00:21Z,532,3,3,27,1,0,1,1,1,1785488341
2026-07-31T10:00:21Z,533,8,1,9,2,0,1,1,1,1785486390
2026-07-31T10:00:21Z,534,14,2,9,0,0,1,1,1,1785490909
2026-07-31T10:00:21Z,535,2,0,13,0,0,1,1,1,1785486390
2026-07-31T10:00:21Z,536,1,0,22,0,0,1,1,1,1785488201
2026-07-31T10:00:21Z,537,1,1,19,0,0,1,1,1,1785488280
2026-07-31T10:00:21Z,538,21,8,0,0,2,1,1,1,1785491880
2026-07-31T10:00:21Z,539,5,5,26,0,0,1,1,1,1785488201
2026-07-31T10:00:21Z,540,2,1,17,0,0,1,1,1,1785486391
2026-07-31T10:00:21Z,541,25,2,1,1,0,1,1,1,1785490843
2026-07-31T10:00:21Z,542,2,2,21,0,0,1,1,1,1785486390
2026-07-31T10:00:21Z,543,17,2,1,1,0,1,1,1,1785488201
2026-07-31T10:00:21Z,544,14,1,4,4,0,1,1,1,1785486390
2026-07-31T10:00:21Z,545,0,0,17,2,0,1,1,1,1785486390
2026-07-31T10:00:21Z,546,16,8,3,0,0,1,1,1,1785489048
2026-07-31T10:00:21Z,547,19,1,6,0,0,1,1,1,1785491753
2026-07-31T10:00:21Z,548,14,1,9,0,0,1,1,1,1785486390
2026-07-31T10:00:21Z,549,19,0,4,0,0,1,1,1,1785490211
2026-07-31T10:00:21Z,550,17,1,2,0,0,1,1,1,1785490648
2026-07-31T10:00:21Z,551,16,4,7,0,0,1,1,1,1785486390
2026-07-31T10:00:21Z,552,27,3,0,0,0,1,1,1,1785486390
2026-07-31T10:00:21Z,553,18,4,3,1,1,1,1,1,1785491806
2026-07-31T10:00:21Z,554,1,1,18,0,0,1,1,1,1785486691
2026-07-31T10:00:21Z,555,13,6,1,1,0,1,1,1,1785489915
2026-07-31T10:00:21Z,556,20,4,1,2,0,1,1,1,1785491931
2026-07-31T10:00:21Z,557,6,4,12,5,0,1,1,1,1785488202
2026-07-31T10:00:21Z,558,28,4,9,0,0,1,1,1,1785490667
2026-07-31T10:00:21Z,559,1,0,17,1,0,1,1,1,1785489501
2026-07-31T10:00:21Z,560,9,0,18,0,0,1,1,1,1785488201
2026-07-31T10:00:21Z,561,14,1,8,1,0,1,1,1,1785491627
2026-07-31T10:00:21Z,562,3,0,29,3,0,1,1,1,1785486691
2026-07-31T10:00:21Z,563,10,0,4,0,0,1,1,1,1785490429
2026-07-31T10:00:21Z,564,12,0,6,1,0,1,1,1,1785488201
2026-07-31T10:00:21Z,565,6,2,13,0,0,1,1,1,1785490461
2026-07-31T10:00:21Z,566,16,0,2,1,0,1,1,1,1785491725
2026-07-31T10:00:21Z,567,25,1,1,1,0,1,1,1,1785485492
2026-07-31T10:00:21Z,568,14,0,4,1,0,1,1,1,1785490328
2026-07-31T10:00:21Z,569,16,3,3,0,0,1,1,1,1785491094
2026-07-31T10:00:21Z,570,12,0,7,0,0,1,1,1,1785491560
2026-07-31T10:00:21Z,571,0,0,23,0,0,1,1,1,1785486691
2026-07-31T10:00:21Z,572,14,4,4,1,0,1,1,1,1785491187
2026-07-31T10:00:21Z,573,13,0,2,0,0,1,1,1,1785486691
2026-07-31T10:00:21Z,574,10,3,5,0,0,1,1,1,1785489676
2026-07-31T10:00:21Z,575,6,0,14,1,0,1,1,1,1785489599
2026-07-31T10:00:21Z,576,3,0,14,2,0,1,1,1,1785488201
2026-07-31T10:00:21Z,577,14,0,17,0,0,1,1,1,1785491933
2026-07-31T10:00:21Z,578,15,10,7,1,0,1,1,1,1785486996
2026-07-31T10:00:21Z,579,4,0,39,0,0,1,1,1,1785486691
2026-07-31T10:00:21Z,580,5,0,24,0,0,1,1,1,1785490191
2026-07-31T10:00:21Z,581,17,2,2,0,0,1,1,1,1785491955
2026-07-31T10:00:21Z,582,21,0,39,1,0,1,1,1,1785492004
2026-07-31T10:00:21Z,583,22,1,1,0,0,1,1,1,1785491599
2026-07-31T10:00:21Z,584,9,4,6,4,0,1,1,1,1785486691
2026-07-31T10:00:21Z,585,15,3,11,0,1,1,1,1,1785491492
2026-07-31T10:00:21Z,586,13,0,22,0,0,1,1,1,1785488201
2026-07-31T10:00:21Z,587,19,0,4,1,0,1,1,1,1785491646
2026-07-31T10:00:21Z,588,12,4,4,3,0,1,1,1,1785491975
2026-07-31T10:00:21Z,589,0,0,0,23,0,1,1,1,1785491924
2026-07-31T10:00:21Z,590,18,3,11,2,0,1,1,1,1785491148
2026-07-31T10:00:21Z,591,28,1,0,2,0,1,1,1,1785486691
2026-07-31T10:00:21Z,592,12,0,11,0,0,1,1,1,1785488952
2026-07-31T10:00:21Z,593,0,0,38,0,0,1,1,1,1785488201
2026-07-31T10:00:21Z,594,7,0,11,3,0,1,1,1,1785491723
2026-07-31T10:00:21Z,595,0,0,3,0,0,0,1,1,1784046673
2026-07-31T10:00:21Z,605,0,0,2,1,0,0,1,1,1783975843
2026-07-31T10:00:21Z,606,0,0,0,0,0,0,1,1,86400
2026-07-31T10:00:21Z,607,9,2,22,1,0,1,1,1,1785491787
2026-07-31T10:00:21Z,608,0,0,50,0,0,1,1,1,1785490318
2026-07-31T10:00:21Z,609,2,0,21,0,0,1,1,1,1785488201
2026-07-31T10:00:21Z,610,0,0,35,0,0,1,1,1,1785488201
2026-07-31T10:00:21Z,611,14,0,12,1,0,1,1,1,1785491795
2026-07-31T10:00:21Z,612,6,1,9,0,0,1,1,1,1785486691
2026-07-31T10:00:21Z,613,9,0,2,4,0,1,1,1,1785489318
2026-07-31T10:00:21Z,614,1,1,23,2,1,1,1,1,1785488202
2026-07-31T10:00:21Z,617,11,0,2,2,0,1,1,1,1785489767
2026-07-31T10:00:21Z,618,13,2,1,5,0,1,1,1,1785486690
2026-07-31T10:00:21Z,619,7,2,12,0,0,1,1,1,1785488201
2026-07-31T10:00:21Z,620,0,0,27,0,0,1,1,1,1785488201
2026-07-31T10:00:21Z,621,8,2,14,1,0,1,1,1,1785491896
2026-07-31T10:00:21Z,622,5,2,17,1,0,1,1,1,1785488201
2026-07-31T10:00:21Z,623,9,2,20,1,0,1,1,1,1785488201
2026-07-31T10:00:21Z,624,2,0,13,0,0,1,1,1,1785486691
2026-07-31T10:00:21Z,625,5,0,14,2,0,1,1,1,1785488201
2026-07-31T10:00:21Z,626,2,0,43,0,2,1,1,1,1785490207
2026-07-31T10:00:21Z,627,13,6,6,0,0,1,1,1,1785488201
2026-07-31T10:00:21Z,628,0,0,15,2,2,1,1,1,1785491893
2026-07-31T10:00:21Z,629,4,1,6,1,0,1,1,1,1785491956
2026-07-31T10:00:21Z,630,3,2,21,3,0,1,1,1,1785491773
2026-07-31T10:00:21Z,631,2,1,21,0,0,1,1,1,1785488201
2026-07-31T10:00:21Z,632,21,1,0,2,0,1,1,1,1785489788
2026-07-31T10:00:21Z,633,11,1,0,4,0,1,1,1,1785491821
2026-07-31T10:00:21Z,634,11,2,8,0,0,1,1,1,1785486991
2026-07-31T10:00:21Z,635,17,1,2,0,0,1,1,1,1785488201
2026-07-31T10:00:21Z,636,10,2,5,0,0,1,1,1,1785488201
2026-07-31T10:00:21Z,637,7,0,12,0,0,1,1,1,1785490209
2026-07-31T10:00:21Z,638,9,2,8,2,0,1,1,1,1785491617
2026-07-31T10:00:21Z,639,5,1,11,3,0,1,1,1,1785479066
2026-07-31T10:00:21Z,640,1,1,21,1,0,1,1,1,1785491773
2026-07-31T10:00:21Z,641,20,1,4,2,0,1,1,1,1785490941
2026-07-31T10:00:21Z,642,4,2,7,8,0,1,1,1,1785492009
2026-07-31T10:00:21Z,643,2,0,17,8,0,1,1,1,1785492009
2026-07-31T10:00:21Z,644,12,0,2,1,0,1,1,1,1785486991
2026-07-31T10:00:21Z,645,11,0,10,1,1,1,1,1,1785488495
2026-07-31T10:00:21Z,646,7,2,12,0,0,1,1,1,1785491967
2026-07-31T10:00:21Z,647,30,1,1,0,0,1,1,1,1785490486
2026-07-31T10:00:21Z,648,6,0,12,1,0,1,1,1,1785490674
2026-07-31T10:00:21Z,649,19,3,11,1,0,1,1,1,1785491820
2026-07-31T10:00:21Z,650,5,1,9,0,0,1,1,1,1785488201
2026-07-31T10:00:21Z,651,10,9,13,0,0,1,1,1,1785491370
2026-07-31T10:00:21Z,652,4,2,17,2,0,1,1,1,1785491762
2026-07-31T10:00:21Z,653,7,1,10,2,0,1,1,1,1785491694
2026-07-31T10:00:21Z,654,2,2,13,0,0,1,1,1,1785488202
2026-07-31T10:00:21Z,655,6,3,2,4,1,1,1,1,1785491995
2026-07-31T10:00:21Z,656,19,7,0,0,0,1,1,1,1785489841
2026-07-31T10:00:21Z,657,9,1,3,2,3,1,1,1,1785491711
2026-07-31T10:00:21Z,658,9,1,1,0,0,1,1,1,1785473427
2026-07-31T10:00:21Z,659,8,3,5,2,0,1,1,1,1785488201
2026-07-31T10:00:21Z,660,13,0,14,4,0,1,1,1,1785491996
2026-07-31T10:00:21Z,661,1,1,18,0,0,1,1,1,1785488202
2026-07-31T10:00:21Z,662,7,5,14,2,0,1,1,1,1785480458
2026-07-31T10:00:21Z,663,13,6,1,1,0,1,1,1,1785491091
2026-07-31T10:00:21Z,664,0,0,27,0,0,1,1,1,1785488202
2026-07-31T10:00:21Z,665,12,3,3,0,0,1,1,1,1785488202
2026-07-31T10:00:21Z,666,7,2,6,2,0,1,1,1,1785488201
2026-07-31T10:00:21Z,667,0,0,19,0,0,1,1,1,1785486991
2026-07-31T10:00:21Z,668,10,1,8,1,0,1,1,1,1785488201
2026-07-31T10:00:21Z,669,14,5,0,0,0,1,1,1,1785488201
2026-07-31T10:00:21Z,670,11,2,16,0,0,1,1,1,1785486992
2026-07-31T10:00:21Z,671,25,5,1,1,0,1,1,1,1785491754
2026-07-31T10:00:21Z,672,12,2,7,3,1,1,1,1,1785491597
2026-07-31T10:00:21Z,673,11,0,10,2,0,1,1,1,1785491521
2026-07-31T10:00:21Z,674,3,2,17,3,0,1,1,1,1785491924
2026-07-31T10:00:21Z,675,12,6,1,2,0,1,1,1,1785491886
2026-07-31T10:00:21Z,676,7,1,14,1,0,1,1,1,1785490771
2026-07-31T10:00:21Z,681,12,3,1,2,0,1,1,1,1785489270
2026-07-31T10:00:21Z,682,4,1,14,1,0,1,1,1,1785486991
2026-07-31T10:00:21Z,683,4,1,15,0,0,1,1,1,1785491977
2026-07-31T10:00:21Z,684,3,0,24,0,0,1,1,1,1785487883
2026-07-31T10:00:21Z,685,10,0,15,1,1,1,1,1,1785488201
2026-07-31T10:00:21Z,686,11,0,14,2,0,1,1,1,1785491751
2026-07-31T10:00:21Z,687,11,0,18,1,1,1,1,1,1785491763
2026-07-31T10:00:21Z,688,10,0,2,7,0,1,1,1,1785491834
2026-07-31T10:00:21Z,692,5,2,16,0,0,1,1,1,1785491925
2026-07-31T10:00:21Z,693,6,0,2,3,0,1,1,1,1785490800
2026-07-31T10:00:21Z,694,8,5,13,0,0,1,1,1,1785491420
2026-07-31T10:00:21Z,695,17,11,6,0,0,1,1,1,1785490694
2026-07-31T10:00:21Z,696,18,13,3,2,0,1,1,1,1785491801
2026-07-31T10:00:21Z,697,21,2,2,0,0,1,1,1,1785490209
2026-07-31T10:00:21Z,698,27,1,0,0,0,1,1,1,1785491569
2026-07-31T10:00:21Z,699,7,0,7,1,0,1,1,1,1785491102
2026-07-31T10:00:21Z,700,19,4,0,0,0,1,1,1,1785491231
2026-07-31T10:00:21Z,701,17,6,2,0,0,1,1,1,1785490665
2026-07-31T10:00:21Z,702,18,0,4,1,0,1,1,1,1785491692
2026-07-31T10:00:21Z,704,9,2,6,0,0,1,1,1,1785491876
2026-07-31T10:00:21Z,705,4,2,9,2,0,1,1,1,1785491501
2026-07-31T10:00:21Z,706,12,2,0,3,0,1,1,1,1785490627
2026-07-31T10:00:21Z,707,10,2,5,0,0,1,1,1,1785491264
2026-07-31T10:00:21Z,708,18,2,0,1,0,1,1,1,1785491472
2026-07-31T10:00:21Z,709,11,1,1,3,0,1,1,1,1785491290
2026-07-31T10:00:21Z,710,17,3,1,1,0,1,1,1,1785491916
2026-07-31T10:00:21Z,711,18,3,1,4,0,1,1,1,1785490943
2026-07-31T10:00:21Z,712,15,10,0,0,0,1,1,1,1785490644
2026-07-31T10:00:21Z,713,5,0,18,0,0,1,1,1,1785491744
2026-07-31T10:00:21Z,716,3,1,12,0,0,1,1,1,1785490987
2026-07-31T10:00:21Z,717,4,1,18,3,0,1,1,1,1785491461
2026-07-31T10:00:21Z,718,3,1,11,1,0,1,1,1,1785490812
2026-07-31T10:00:21Z,719,7,1,22,0,0,1,1,1,1785490225
2026-07-31T10:00:21Z,720,2,1,17,0,0,1,1,1,1785491278
2026-07-31T10:00:21Z,721,0,0,21,2,0,1,1,1,1785490262
2026-07-31T10:00:21Z,722,5,0,10,0,0,1,1,1,1785491031
2026-07-31T10:00:21Z,723,12,1,11,0,0,1,1,1,1785491074
2026-07-31T10:00:21Z,724,21,4,2,0,0,1,1,1,1785490410
2026-07-31T10:00:21Z,725,21,5,1,1,0,1,1,1,1785491796
2026-07-31T10:00:21Z,726,19,3,0,0,0,1,1,1,1785491997
2026-07-31T10:00:21Z,727,9,4,12,2,0,1,1,1,1785490210
2026-07-31T10:00:21Z,728,9,0,5,1,0,1,1,1,1785491580
2026-07-31T10:00:21Z,729,5,0,14,0,0,1,1,1,1785491251
2026-07-31T10:00:21Z,730,3,2,10,2,0,1,1,1,1785490362
2026-07-31T10:00:21Z,731,10,3,4,1,0,1,1,1,1785491288
2026-07-31T10:00:21Z,732,9,5,6,0,0,1,1,1,1785490512
2026-07-31T10:00:21Z,733,4,0,23,0,0,1,1,1,1785491304
2026-07-31T10:00:21Z,734,3,2,11,0,0,1,1,1,1785491866
2026-07-31T10:00:21Z,735,4,3,23,0,0,1,1,1,1785491167
2026-07-31T10:00:21Z,736,7,1,12,0,0,1,1,1,1785491719
2026-07-31T10:00:21Z,737,4,3,10,0,1,1,1,1,1785491709
2026-07-31T10:00:21Z,738,16,5,1,2,0,1,1,1,1785491678
2026-07-31T10:00:21Z,739,19,2,7,1,0,1,1,1,1785491331
2026-07-31T10:00:21Z,741,7,1,16,0,0,1,1,1,1785491610
2026-07-31T10:00:21Z,742,5,0,27,3,0,1,1,1,1785491736
2026-07-31T10:00:21Z,743,8,3,9,2,0,1,1,1,1785491480
2026-07-31T10:00:21Z,744,11,4,3,1,0,1,1,1,1785491985
2026-07-31T10:00:21Z,745,14,4,4,1,0,1,1,1,1785491995
2026-07-31T10:00:21Z,746,11,2,10,2,0,1,1,1,1785491383
2026-07-31T10:00:21Z,747,0,0,4,0,0,0,1,1,1783446606
2026-07-31T10:00:21Z,748,10,1,13,0,0,1,1,1,1785490968
2026-07-31T10:00:21Z,749,5,5,17,1,0,1,1,1,1785491599
2026-07-31T10:00:21Z,750,2,1,9,0,0,1,1,1,1785491228
2026-07-31T10:00:21Z,751,8,0,15,0,0,1,1,1,1785490402
2026-07-31T10:00:21Z,752,13,1,3,1,0,1,1,1,1785490194
2026-07-31T10:00:21Z,753,5,0,10,0,0,1,1,1,1785490308
2026-07-31T10:00:21Z,754,1,1,13,1,0,1,1,1,1785490722
2026-07-31T10:00:21Z,755,11,2,11,1,0,1,1,1,1785491435
2026-07-31T10:00:21Z,756,2,0,35,0,0,1,1,1,1785491570
2026-07-31T10:00:21Z,757,18,9,1,0,0,1,1,1,1785490959
2026-07-31T10:00:21Z,758,23,3,0,0,0,1,1,1,1785491925
2026-07-31T10:00:21Z,759,4,2,11,0,0,1,1,1,1785490619
2026-07-31T10:00:21Z,760,8,3,11,0,0,1,1,1,1785488200
2026-07-31T10:00:21Z,761,15,0,7,1,0,1,1,1,1785491414
2026-07-31T10:00:21Z,762,7,4,4,4,0,1,1,1,1785491235
2026-07-31T10:00:21Z,768,8,0,8,3,0,1,1,1,1785490402
2026-07-31T10:00:21Z,769,17,12,2,0,0,1,1,1,1785491842
2026-07-31T10:00:21Z,770,11,3,6,2,0,1,1,1,1785491777
2026-07-31T10:00:21Z,771,13,3,1,1,0,1,1,1,1785491213
2026-07-31T10:00:21Z,772,7,3,8,0,0,1,1,1,1785491834
2026-07-31T10:00:21Z,773,15,4,4,0,0,1,1,1,1785491671
2026-07-31T10:00:21Z,774,10,5,2,3,0,1,1,1,1785491614
2026-07-31T10:00:21Z,775,6,0,11,1,1,1,1,1,1785488308
2026-07-31T10:00:21Z,776,3,1,17,1,0,1,1,1,1785492001
2026-07-31T10:00:21Z,777,10,0,2,3,0,1,1,1,1785491738
2026-07-31T10:00:21Z,778,13,0,3,3,0,1,1,1,1785491725
2026-07-31T10:00:21Z,779,8,1,10,1,0,1,1,1,1785490764
2026-07-31T10:00:21Z,780,18,4,0,1,0,1,1,1,1785491593
2026-07-31T10:00:21Z,781,6,2,3,2,0,1,1,1,1785490708
2026-07-31T10:00:21Z,782,5,3,10,4,0,1,1,1,1785491497
2026-07-31T10:00:21Z,783,6,0,13,0,0,1,1,1,1785491968
2026-07-31T10:00:21Z,784,16,2,3,0,0,1,1,1,1785491848
2026-07-31T10:00:21Z,785,11,2,2,6,0,1,1,1,1785490940
2026-07-31T10:00:21Z,786,11,5,8,0,0,1,1,1,1785490586
2026-07-31T10:00:21Z,787,11,5,2,2,0,1,1,1,1785490225
2026-07-31T10:00:21Z,788,3,0,12,0,0,1,1,1,1785491259
2026-07-31T10:00:21Z,789,9,2,2,4,0,1,1,1,1785491490
2026-07-31T10:00:21Z,790,2,0,21,0,0,1,1,1,1785491894
2026-07-31T10:00:21Z,791,7,2,11,0,1,1,1,1,1785491428
2026-07-31T10:00:21Z,793,4,0,10,1,0,1,1,1,1785491631
2026-07-31T10:00:21Z,794,8,3,19,2,0,1,1,1,1785490278
2026-07-31T10:00:21Z,796,0,0,17,2,0,1,1,1,1785491429
2026-07-31T10:00:21Z,797,1,0,14,0,0,1,1,1,1785487593
2026-07-31T10:00:21Z,798,6,0,18,1,0,1,1,1,1785491265
2026-07-31T10:00:21Z,799,15,1,1,3,0,1,1,1,1785491397
2026-07-31T10:00:21Z,800,1,0,19,1,0,1,1,1,1785491026
2026-07-31T10:00:21Z,801,4,2,16,1,0,1,1,1,1785491454
2026-07-31T10:00:21Z,802,8,0,23,0,0,1,1,1,1785491559
2026-07-31T10:00:21Z,803,1,1,14,0,0,1,1,1,1785491227
2026-07-31T10:00:21Z,806,8,3,7,0,0,1,1,1,1785488200
2026-07-31T10:00:21Z,807,14,0,8,3,0,1,1,1,1785491836
2026-07-31T10:00:21Z,808,0,0,23,2,0,1,1,1,1785488225
2026-07-31T10:00:21Z,809,5,1,17,1,0,1,1,1,1785491401
2026-07-31T10:00:21Z,810,2,0,13,4,0,1,1,1,1785491861
2026-07-31T10:00:21Z,815,4,1,6,4,1,1,1,1,1785491537
2026-07-31T10:00:21Z,817,10,5,5,0,0,1,1,1,1785490742
2026-07-31T10:00:21Z,818,6,0,16,1,0,1,1,1,1785491976
2026-07-31T10:00:21Z,819,6,4,9,0,0,1,1,1,1785487291
2026-07-31T10:00:21Z,820,8,2,9,0,0,1,1,1,1785490660
2026-07-31T10:00:21Z,821,2,1,13,0,0,1,1,1,1785491589
2026-07-31T10:00:21Z,822,1,0,20,2,0,1,1,1,1785491914
2026-07-31T10:00:21Z,823,0,0,14,1,0,1,1,1,1785491060
2026-07-31T10:00:21Z,824,12,3,6,1,0,1,1,1,1785490524
2026-07-31T10:00:21Z,825,8,5,7,0,0,1,1,1,1785488201
2026-07-31T10:00:21Z,826,10,2,8,1,0,1,1,1,1785490535
2026-07-31T10:00:21Z,827,16,5,4,1,0,1,1,1,1785491860
2026-07-31T10:00:21Z,828,10,0,7,1,0,1,1,1,1785491749
2026-07-31T10:00:21Z,829,16,7,11,0,0,1,1,1,1785490777
2026-07-31T10:00:21Z,830,13,3,9,1,0,1,1,1,1785491840
2026-07-31T10:00:21Z,831,7,2,7,1,0,1,1,1,1785491029
2026-07-31T10:00:21Z,832,10,3,5,3,0,1,1,1,1785491116
2026-07-31T10:00:21Z,833,1,0,17,1,0,1,1,1,1785490871
2026-07-31T10:00:21Z,834,1,0,22,1,0,1,1,1,1785490371
2026-07-31T10:00:21Z,835,16,6,0,2,0,1,1,1,1785490602
2026-07-31T10:00:21Z,837,5,1,0,10,0,1,1,1,1785491097
2026-07-31T10:00:21Z,838,13,3,2,0,0,1,1,1,1785491766
2026-07-31T10:00:21Z,839,19,1,10,0,0,1,1,1,1785491470
2026-07-31T10:00:21Z,840,7,3,20,2,0,1,1,1,1785490693
2026-07-31T10:00:21Z,841,7,1,8,0,0,1,1,1,1785491026
2026-07-31T10:00:21Z,842,7,2,16,0,0,1,1,1,1785490822
2026-07-31T10:00:21Z,843,8,0,22,1,0,1,1,1,1785491062
2026-07-31T10:00:21Z,844,6,0,17,0,0,1,1,1,1785491021
2026-07-31T10:00:21Z,845,5,3,12,2,0,1,1,1,1785491204
2026-07-31T10:00:21Z,846,4,0,13,2,0,1,1,1,1785490339
2026-07-31T10:00:21Z,847,7,1,20,0,0,1,1,1,1785491946
2026-07-31T10:00:21Z,848,10,3,8,1,0,1,1,1,1785488215
2026-07-31T10:00:21Z,849,7,2,8,0,0,1,1,1,1785492000
2026-07-31T10:00:21Z,850,9,0,1,1,0,1,1,1,1785490434
2026-07-31T10:00:21Z,851,3,3,32,2,0,1,1,1,1785490276
2026-07-31T10:00:21Z,852,12,6,7,0,0,1,1,1,1785490918
2026-07-31T10:00:21Z,853,10,5,13,0,0,1,1,1,1785491795
2026-07-31T10:00:21Z,854,3,2,12,0,0,1,1,1,1785491861
2026-07-31T10:00:21Z,855,25,0,2,0,0,1,1,1,1785488200
2026-07-31T10:00:21Z,857,1,1,18,0,0,1,1,1,1785491115
2026-07-31T10:00:21Z,858,4,1,14,1,0,1,1,1,1785491576
2026-07-31T10:00:21Z,859,3,0,17,1,0,1,1,1,1785491799
2026-07-31T10:00:21Z,861,8,1,2,1,0,1,1,1,1785488201
2026-07-31T10:00:21Z,862,2,1,13,0,0,1,1,1,1785491053
2026-07-31T10:00:21Z,863,13,0,5,1,0,1,1,1,1785488200
2026-07-31T10:00:21Z,866,11,3,8,0,0,1,1,1,1785491355
2026-07-31T10:00:21Z,867,12,0,3,0,0,1,1,1,1785490668
2026-07-31T10:00:21Z,868,13,2,2,0,0,1,1,1,1785490876
2026-07-31T10:00:21Z,870,7,4,6,2,0,1,1,1,1785491093
2026-07-31T10:00:21Z,871,0,0,10,1,0,1,1,1,1785490473
2026-07-31T10:00:21Z,872,0,0,14,1,0,1,1,1,1785491013
2026-07-31T10:00:21Z,873,0,0,32,1,0,1,1,1,1785490998
2026-07-31T10:00:21Z,874,5,2,7,3,0,1,1,1,1785491194
2026-07-31T10:00:21Z,875,14,10,0,1,0,1,1,1,1785491160
2026-07-31T10:00:21Z,877,11,10,6,2,0,1,1,1,1785490620
2026-07-31T10:00:21Z,878,3,2,15,1,0,1,1,1,1785491202
2026-07-31T10:00:21Z,879,1,0,18,0,0,1,1,1,1785490243
2026-07-31T10:00:21Z,880,3,0,19,1,0,1,1,1,1785491162
2026-07-31T10:00:21Z,881,2,0,17,0,0,1,1,1,1785491054
2026-07-31T10:00:21Z,882,10,0,6,3,0,1,1,1,1785488200
2026-07-31T10:00:21Z,883,10,6,9,0,0,1,1,1,1785491321
2026-07-31T10:00:21Z,884,11,7,10,0,0,1,1,1,1785490612
2026-07-31T10:00:21Z,885,1,0,18,0,0,1,1,1,1785490902
2026-07-31T10:00:21Z,886,16,1,12,1,0,1,1,1,1785491696
2026-07-31T10:00:21Z,887,3,1,11,3,0,1,1,1,1785491616
2026-07-31T10:00:21Z,888,12,0,27,2,0,1,1,1,1785491977
2026-07-31T10:00:21Z,889,17,1,0,2,0,1,1,1,1785491208
2026-07-31T10:00:21Z,890,6,4,9,0,0,1,1,1,1785489632
2026-07-31T10:00:21Z,891,20,0,2,1,0,1,1,1,1785490396
2026-07-31T10:00:21Z,892,13,1,2,0,0,1,1,1,1785488200
2026-07-31T10:00:21Z,895,0,0,18,1,0,1,1,1,1785489208
2026-07-31T10:00:21Z,896,7,0,28,0,0,1,1,1,1785490930
2026-07-31T10:00:21Z,897,11,1,10,0,0,1,1,1,1785491092
2026-07-31T10:00:21Z,898,2,0,17,0,0,1,1,1,1785490820
2026-07-31T10:00:21Z,899,0,0,18,1,0,1,1,1,1785491868
2026-07-31T10:00:21Z,900,19,1,6,2,0,1,1,1,1785490228
2026-07-31T10:00:21Z,901,12,0,6,1,0,1,1,1,1785491580
2026-07-31T10:00:21Z,902,9,0,5,1,0,1,1,1,1785490758
2026-07-31T10:00:21Z,903,14,2,4,1,0,1,1,1,1785490198
2026-07-31T10:00:21Z,904,10,4,8,1,0,1,1,1,1785491209
2026-07-31T10:00:21Z,905,4,0,23,0,0,1,1,1,1785491310
2026-07-31T10:00:21Z,906,8,5,19,0,0,1,1,1,1785490244
2026-07-31T10:00:21Z,907,7,1,24,0,0,1,1,1,1785491417
2026-07-31T10:00:21Z,908,11,0,12,0,0,1,1,1,1785491196
2026-07-31T10:00:21Z,909,14,4,8,1,0,1,1,1,1785490918
2026-07-31T10:00:21Z,910,21,1,10,0,0,1,1,1,1785491939
2026-07-31T10:00:21Z,911,4,1,15,0,0,1,1,1,1785491772
2026-07-31T10:00:21Z,912,9,5,12,2,0,1,1,1,1785491685
2026-07-31T10:00:21Z,913,3,1,16,0,0,1,1,1,1785491735
2026-07-31T10:00:21Z,914,8,2,11,0,0,1,1,1,1785491554
2026-07-31T10:00:21Z,915,8,1,14,1,0,1,1,1,1785491419
2026-07-31T10:00:21Z,916,22,7,0,1,0,1,1,1,1785491693
2026-07-31T10:00:21Z,917,4,0,29,2,0,1,1,1,1785491953
2026-07-31T10:00:21Z,918,13,5,4,2,0,1,1,1,1785491122
2026-07-31T10:00:21Z,919,16,3,21,2,0,1,1,1,1785491821
2026-07-31T10:00:21Z,920,4,2,15,0,0,1,1,1,1785491549
2026-07-31T10:00:21Z,921,12,0,9,0,0,1,1,1,1785490886
2026-07-31T10:00:21Z,922,4,1,17,0,0,1,1,1,1785491690
2026-07-31T10:00:21Z,923,19,2,0,0,0,1,1,1,1785490563
2026-07-31T10:00:21Z,924,8,2,13,0,0,1,1,1,1785491900
2026-07-31T10:00:21Z,925,13,0,8,0,0,1,1,1,1785491364
2026-07-31T10:00:21Z,926,0,0,21,0,0,1,1,1,1785491504
2026-07-31T10:00:21Z,927,1,0,34,0,0,1,1,1,1785491912
2026-07-31T10:00:21Z,928,5,3,14,0,0,1,1,1,1785464301
2026-07-31T10:00:21Z,929,0,0,23,0,0,1,1,1,1785490519
2026-07-31T10:00:21Z,930,0,0,30,1,0,1,1,1,1785491117
2026-07-31T10:00:21Z,931,8,3,15,0,0,1,1,1,1785491437
2026-07-31T10:00:21Z,932,4,0,12,3,0,1,1,1,1785491274
2026-07-31T10:00:21Z,933,0,0,23,0,0,1,1,1,1785491486
2026-07-31T10:00:21Z,934,3,0,27,1,0,1,1,1,1785491206
2026-07-31T10:00:21Z,935,11,3,7,1,0,1,1,1,1785491404
2026-07-31T10:00:21Z,936,4,1,15,0,0,1,1,1,1785456801
2026-07-31T10:00:21Z,940,9,0,2,0,0,1,1,1,1785491001
2026-07-31T10:00:21Z,941,10,1,13,2,0,1,1,1,1785491625
2026-07-31T10:00:21Z,942,6,1,15,0,0,1,1,1,1785492002
2026-07-31T10:00:21Z,943,9,8,6,0,0,1,1,1,1785491125
2026-07-31T10:00:21Z,944,9,8,6,0,0,1,1,1,1785490942
2026-07-31T10:00:21Z,945,10,8,5,0,0,1,1,1,1785490454
2026-07-31T10:00:21Z,946,7,5,12,0,0,1,1,1,1785487593
2026-07-31T10:00:21Z,947,7,5,10,0,0,1,1,1,1785490955
2026-07-31T10:00:21Z,948,24,8,2,5,0,1,1,1,1785491718
2026-07-31T10:00:21Z,949,2,0,13,0,0,1,1,1,1785491680
2026-07-31T10:00:21Z,950,14,4,2,1,0,1,1,1,1785491167
2026-07-31T10:00:21Z,951,18,4,5,0,0,1,1,1,1785491758
2026-07-31T10:00:21Z,952,10,0,45,0,0,1,1,1,1785491542
2026-07-31T10:00:21Z,953,13,2,1,1,0,1,1,1,1785490969
2026-07-31T10:00:21Z,954,17,4,2,0,0,1,1,1,1785491067
2026-07-31T10:00:21Z,955,4,3,17,6,0,1,1,1,1785491858
2026-07-31T10:00:21Z,956,21,0,1,1,0,1,1,1,1785491699
2026-07-31T10:00:21Z,957,15,0,14,0,0,1,1,1,1785490353
2026-07-31T10:00:21Z,958,19,0,12,0,0,1,1,1,1785491683
2026-07-31T10:00:21Z,959,20,8,0,3,0,1,1,1,1785490845
2026-07-31T10:00:21Z,960,22,1,0,1,0,1,1,1,1785491329
2026-07-31T10:00:21Z,961,3,2,17,3,0,1,1,1,1785491676
2026-07-31T10:00:21Z,962,9,3,23,3,0,1,1,1,1785492002
2026-07-31T10:00:21Z,963,9,0,13,1,0,1,1,1,1785491984
2026-07-31T10:00:21Z,964,20,8,2,1,0,1,1,1,1785491323
2026-07-31T10:00:21Z,965,5,1,21,1,0,1,1,1,1785491171
2026-07-31T10:00:21Z,966,28,0,3,0,0,1,1,1,1785491684
2026-07-31T10:00:21Z,967,19,0,1,1,0,1,1,1,1785490786
2026-07-31T10:00:21Z,968,15,0,3,1,0,1,1,1,1785490947
2026-07-31T10:00:21Z,969,10,6,15,2,0,1,1,1,1785490965
2026-07-31T10:00:21Z,970,12,1,5,2,0,1,1,1,1785491581
2026-07-31T10:00:21Z,971,12,0,10,1,0,1,1,1,1785491786
2026-07-31T10:00:21Z,972,9,1,13,1,0,1,1,1,1785490921
2026-07-31T10:00:21Z,973,9,4,13,1,0,1,1,1,1785491268
2026-07-31T10:00:21Z,974,12,0,15,0,0,1,1,1,1785491636
2026-07-31T10:00:21Z,977,7,7,11,3,0,1,1,1,1785491188
2026-07-31T10:00:21Z,978,11,0,12,0,0,1,1,1,1785490237
2026-07-31T10:00:21Z,979,14,1,3,0,0,1,1,1,1785491935
2026-07-31T10:00:21Z,980,1,0,18,2,0,1,1,1,1785490520
2026-07-31T10:00:21Z,981,19,1,1,1,0,1,1,1,1785490685
2026-07-31T10:00:21Z,982,3,1,14,2,0,1,1,1,1785490987
2026-07-31T10:00:21Z,983,2,1,20,1,0,1,1,1,1785491403
2026-07-31T10:00:21Z,984,6,0,17,0,0,1,1,1,1785490583
2026-07-31T10:00:21Z,985,10,0,21,0,0,1,1,1,1785491681
2026-07-31T10:00:21Z,986,4,0,15,0,0,1,1,1,1785490985
2026-07-31T10:00:21Z,987,6,0,16,1,0,1,1,1,1785491526
2026-07-31T10:00:21Z,988,5,1,13,1,0,1,1,1,1785491137
2026-07-31T10:00:21Z,989,9,4,10,0,0,1,1,1,1785491943
2026-07-31T10:00:21Z,990,13,1,0,2,0,1,1,1,1785491186
2026-07-31T10:00:21Z,991,10,2,8,1,0,1,1,1,1785490851
2026-07-31T10:00:21Z,992,10,7,12,1,0,1,1,1,1785491725
2026-07-31T10:00:21Z,993,0,0,27,0,0,1,1,1,1785476008
2026-07-31T10:00:21Z,994,3,1,18,0,0,1,1,1,1785491941
2026-07-31T10:00:21Z,995,7,1,20,0,0,1,1,1,1785491812
2026-07-31T10:00:21Z,996,8,1,15,0,0,1,1,1,1785490962
2026-07-31T10:00:21Z,997,11,5,10,2,0,1,1,1,1785491953
2026-07-31T10:00:21Z,998,3,2,19,1,0,1,1,1,1785491276
2026-07-31T10:00:21Z,999,3,1,15,2,1,1,1,1,1785491055
2026-07-31T10:00:21Z,1000,4,2,17,0,0,1,1,1,1785491845
2026-07-31T10:00:21Z,1001,2,1,25,0,0,1,1,1,1785491949
2026-07-31T10:00:21Z,1002,0,0,27,4,0,1,1,1,1785491304
2026-07-31T10:00:21Z,1003,0,0,22,1,0,1,1,1,1785490924
2026-07-31T10:00:21Z,1004,8,1,15,0,0,1,1,1,1785490365
2026-07-31T10:00:21Z,1005,20,1,3,0,0,1,1,1,1785491113
2026-07-31T10:00:21Z,1006,7,4,11,1,0,1,1,1,1785490948
2026-07-31T10:00:21Z,1007,2,1,19,0,0,1,1,1,1785490580
2026-07-31T10:00:21Z,1008,6,5,15,2,0,1,1,1,1785491901
2026-07-31T10:00:21Z,1009,19,2,8,4,0,1,1,1,1785491769
2026-07-31T10:00:21Z,1010,7,2,20,0,0,1,1,1,1785490786
2026-07-31T10:00:21Z,1011,8,2,9,2,0,1,1,1,1785491321
2026-07-31T10:00:21Z,1012,4,3,18,1,0,1,1,1,1785490879
2026-07-31T10:00:21Z,1013,4,1,18,1,0,1,1,1,1785491476
2026-07-31T10:00:21Z,1014,7,2,13,3,0,1,1,1,1785491397
2026-07-31T10:00:21Z,1015,3,1,25,3,0,1,1,1,1785491677
2026-07-31T10:00:21Z,1016,10,5,21,0,0,1,1,1,1785490744
2026-07-31T10:00:21Z,1017,14,5,7,0,0,1,1,1,1785490285
2026-07-31T10:00:21Z,1018,7,2,15,0,0,1,1,1,1785490966
2026-07-31T10:00:21Z,1019,9,6,6,0,0,1,1,1,1785490894
2026-07-31T10:00:21Z,1020,18,3,3,0,0,1,1,1,1785491971
2026-07-31T10:00:21Z,1021,9,3,5,1,0,1,1,1,1785491695
2026-07-31T10:00:21Z,1022,14,0,13,0,0,1,1,1,1785491058
2026-07-31T10:00:21Z,1023,13,1,9,1,0,1,1,1,1785490702
2026-07-31T10:00:21Z,1024,5,2,13,1,0,1,1,1,1785491698
2026-07-31T10:00:21Z,1025,4,0,14,0,1,1,1,1,1785491027
2026-07-31T10:00:21Z,1026,8,5,18,5,0,1,1,1,1785491903
2026-07-31T10:00:21Z,1028,2,0,20,1,0,1,1,1,1785491058
2026-07-31T10:00:21Z,1029,9,9,5,1,0,1,1,1,1785491992
2026-07-31T10:00:21Z,1030,14,5,9,0,0,1,1,1,1785491740
2026-07-31T10:00:21Z,1031,8,0,11,0,0,1,1,1,1785490290
2026-07-31T10:00:21Z,1032,7,1,12,0,0,1,1,1,1785490953
2026-07-31T10:00:21Z,1033,9,5,9,1,0,1,1,1,1785491766
2026-07-31T10:00:21Z,1034,2,0,13,0,0,1,1,1,1785490968
2026-07-31T10:00:21Z,1035,1,0,16,2,0,1,1,1,1785490999
2026-07-31T10:00:21Z,1036,14,0,1,0,0,1,1,1,1785491583
2026-07-31T10:00:21Z,1037,4,0,14,1,0,1,1,1,1785491506
2026-07-31T10:00:21Z,1038,2,0,12,1,0,1,1,1,1785490666
2026-07-31T10:00:21Z,1039,7,2,12,0,0,1,1,1,1785491107
2026-07-31T10:00:21Z,1040,7,3,10,2,0,1,1,1,1785490990
2026-07-31T10:00:21Z,1041,10,3,8,1,0,1,1,1,1785491685
2026-07-31T10:00:21Z,1042,12,1,1,2,0,1,1,1,1785491210
2026-07-31T10:00:21Z,1043,9,0,7,3,0,1,1,1,1785491026
2026-07-31T10:00:21Z,1044,2,1,12,1,0,1,1,1,1785490721
2026-07-31T10:00:21Z,1045,11,1,8,0,0,1,1,1,1785490940
2026-07-31T10:00:21Z,1046,9,0,6,0,0,1,1,1,1785490345
2026-07-31T10:00:21Z,1047,4,0,17,0,0,1,1,1,1785491707
2026-07-31T10:00:21Z,1048,10,1,9,0,0,1,1,1,1785490917
2026-07-31T10:00:21Z,1049,6,0,15,0,0,1,1,1,1785490980
2026-07-31T10:00:21Z,1050,17,4,4,0,0,1,1,1,1785490262
2026-07-31T10:00:21Z,1051,8,3,13,0,0,1,1,1,1785491971
2026-07-31T10:00:21Z,1052,17,2,5,0,0,1,1,1,1785490780
2026-07-31T10:00:21Z,1053,2,1,13,0,0,1,1,1,1785490846
2026-07-31T10:00:21Z,1054,14,1,1,0,0,1,1,1,1785491106
2026-07-31T10:00:21Z,1055,7,1,12,0,0,1,1,1,1785491084
2026-07-31T10:00:21Z,1057,18,0,0,1,0,1,1,1,1785491093
2026-07-31T10:00:21Z,1058,1,0,55,0,0,1,1,1,1785491030
2026-07-31T10:00:21Z,1059,0,0,18,1,0,1,1,1,1785490976
2026-07-31T10:00:21Z,1060,30,0,7,0,0,1,1,1,1785491773
2026-07-31T10:00:21Z,1061,10,1,26,1,0,1,1,1,1785491594
2026-07-31T10:00:21Z,1062,2,0,15,0,0,1,1,1,1785491460
2026-07-31T10:00:21Z,1063,12,1,6,1,0,1,1,1,1785490996
2026-07-31T10:00:21Z,1064,3,0,19,1,0,1,1,1,1785491328
2026-07-31T10:00:21Z,1065,16,3,7,0,0,1,1,1,1785491568
2026-07-31T10:00:21Z,1066,10,2,13,0,0,1,1,1,1785491393
2026-07-31T10:00:21Z,1067,8,2,13,2,0,1,1,1,1785491660
2026-07-31T10:00:21Z,1068,8,2,13,2,0,1,1,1,1785491152
2026-07-31T10:00:21Z,1069,12,3,11,0,0,1,1,1,1785491202
2026-07-31T10:00:21Z,1070,12,2,11,0,0,1,1,1,1785491298
2026-07-31T10:00:21Z,1071,7,4,16,0,0,1,1,1,1785491337
2026-07-31T10:00:21Z,1072,11,1,11,1,0,1,1,1,1785491723
2026-07-31T10:00:21Z,1073,25,6,1,1,0,1,1,1,1785491540
2026-07-31T10:00:21Z,1074,0,0,52,1,0,1,1,1,1785491077
2026-07-31T10:00:21Z,1075,10,10,11,0,0,1,1,1,1785490706
2026-07-31T10:00:21Z,1076,14,11,7,0,0,1,1,1,1785491960
2026-07-31T10:00:21Z,1077,8,5,13,0,0,1,1,1,1785490923
2026-07-31T10:00:21Z,1078,11,10,10,0,0,1,1,1,1785492003
2026-07-31T10:00:21Z,1079,11,8,10,0,0,1,1,1,1785490814
2026-07-31T10:00:21Z,1080,10,8,10,1,0,1,1,1,1785491414
2026-07-31T10:00:21Z,1081,13,8,6,0,0,1,1,1,1785491804
2026-07-31T10:00:21Z,1082,7,7,1,0,0,1,1,1,1785491286
2026-07-31T10:00:21Z,1083,13,11,8,0,0,1,1,1,1785491082
2026-07-31T10:00:21Z,1084,9,8,12,0,0,1,1,1,1785490699
2026-07-31T10:00:21Z,1085,10,10,11,0,0,1,1,1,1785490424
2026-07-31T10:00:21Z,1086,0,0,20,1,0,1,1,1,1785491050
2026-07-31T10:00:21Z,1087,12,7,3,0,0,1,1,1,1785490242
2026-07-31T10:00:21Z,1088,10,7,5,0,0,1,1,1,1785490999
2026-07-31T10:00:21Z,1089,5,3,10,0,0,1,1,1,1785491355
2026-07-31T10:00:21Z,1090,11,10,4,0,0,1,1,1,1785491885
2026-07-31T10:00:21Z,1091,12,7,3,0,0,1,1,1,1785491797
2026-07-31T10:00:21Z,1092,9,9,5,1,0,1,1,1,1785491344
2026-07-31T10:00:21Z,1093,7,6,8,0,0,1,1,1,1785491706
2026-07-31T10:00:21Z,1094,10,8,8,1,0,1,1,1,1785490952
2026-07-31T10:00:21Z,1095,9,8,6,0,0,1,1,1,1785491650
2026-07-31T10:00:21Z,1096,3,1,15,1,0,1,1,1,1785491316
2026-07-31T10:00:21Z,1097,9,9,6,0,0,1,1,1,1785491531
2026-07-31T10:00:21Z,1098,9,7,10,0,0,1,1,1,1785491871
2026-07-31T10:00:21Z,1099,7,6,8,0,0,1,1,1,1785490786
2026-07-31T10:00:21Z,1100,6,2,23,0,0,1,1,1,1785487894
2026-07-31T10:00:21Z,1101,9,5,12,0,0,1,1,1,1785490679
2026-07-31T10:00:21Z,1102,9,4,4,0,0,1,1,1,1785491782
2026-07-31T10:00:21Z,1103,10,5,11,0,0,1,1,1,1785487895
2026-07-31T10:00:21Z,1104,10,5,11,0,0,1,1,1,1785490435
2026-07-31T10:00:21Z,1105,7,3,6,0,0,1,1,1,1785491668
2026-07-31T10:00:21Z,1106,13,7,8,0,0,1,1,1,1785490774
2026-07-31T10:00:21Z,1107,9,5,6,0,0,1,1,1,1785491068
2026-07-31T10:00:21Z,1108,6,3,18,3,0,1,1,1,1785491560
2026-07-31T10:00:21Z,1109,6,1,9,0,0,1,1,1,1785491025
2026-07-31T10:00:21Z,1110,12,4,9,0,0,1,1,1,1785490304
2026-07-31T10:00:21Z,1111,3,2,18,0,0,1,1,1,1785475740
2026-07-31T10:00:21Z,1112,39,0,14,0,0,1,1,1,1785492002
2026-07-31T10:00:21Z,1113,1,0,20,0,0,1,1,1,1785490262
2026-07-31T10:00:21Z,1115,17,5,3,3,0,1,1,1,1785491470
2026-07-31T10:00:21Z,1116,5,1,14,0,0,1,1,1,1785490972
2026-07-31T10:00:21Z,1117,10,3,13,0,0,1,1,1,1785491351
2026-07-31T10:00:21Z,1118,16,1,3,2,0,1,1,1,1785490783
2026-07-31T10:00:21Z,1119,13,1,4,0,0,1,1,1,1785491986
2026-07-31T10:00:21Z,1120,13,0,6,0,0,1,1,1,1785491052
2026-07-31T10:00:21Z,1121,14,2,4,3,0,1,1,1,1785488201
2026-07-31T10:00:21Z,1122,16,9,2,3,0,1,1,1,1785491813
2026-07-31T10:00:21Z,1123,6,3,15,2,0,1,1,1,1785490611
2026-07-31T10:00:21Z,1124,9,1,2,4,0,1,1,1,1785491996
2026-07-31T10:00:21Z,1125,15,1,8,0,0,1,1,1,1785491249
2026-07-31T10:00:21Z,1126,4,0,16,1,0,1,1,1,1785490573
2026-07-31T10:00:21Z,1127,6,1,12,1,0,1,1,1,1785491292
2026-07-31T10:00:21Z,1128,14,2,0,1,0,1,1,1,1785490974
2026-07-31T10:00:21Z,1129,3,2,17,1,0,1,1,1,1785490699
2026-07-31T10:00:21Z,1130,6,0,9,0,0,1,1,1,1785490762
2026-07-31T10:00:21Z,1131,0,0,48,1,0,1,1,1,1785491736
2026-07-31T10:00:21Z,1132,13,6,7,1,0,1,1,1,1785490857
2026-07-31T10:00:21Z,1133,14,11,5,2,0,1,1,1,1785491907
2026-07-31T10:00:21Z,1134,11,7,8,0,0,1,1,1,1785491478
2026-07-31T10:00:21Z,1135,10,5,11,0,0,1,1,1,1785490572
2026-07-31T10:00:21Z,1136,6,0,17,0,0,1,1,1,1785491143
2026-07-31T10:00:21Z,1137,13,0,2,0,0,1,1,1,1785490892
2026-07-31T10:00:21Z,1138,15,2,4,0,0,1,1,1,1785490933
2026-07-31T10:00:21Z,1139,18,4,1,2,0,1,1,1,1785491457
2026-07-31T10:00:21Z,1140,22,3,0,1,0,1,1,1,1785490679
2026-07-31T10:00:21Z,1141,2,1,19,0,0,1,1,1,1785490372
2026-07-31T10:00:21Z,1142,2,0,19,0,0,1,1,1,1785491610
2026-07-31T10:00:21Z,1143,20,0,8,1,0,1,1,1,1785490706
2026-07-31T10:00:21Z,1144,7,1,13,1,0,1,1,1,1785491214
2026-07-31T10:00:21Z,1145,13,6,7,1,0,1,1,1,1785491351
2026-07-31T10:00:21Z,1146,10,0,5,4,0,1,1,1,1785490511
2026-07-31T10:00:21Z,1147,3,0,16,0,0,1,1,1,1785490897
2026-07-31T10:00:21Z,1148,24,6,7,0,0,1,1,1,1785491652
2026-07-31T10:00:21Z,1149,3,3,22,0,0,1,1,1,1785491257
2026-07-31T10:00:21Z,1150,18,1,1,0,0,1,1,1,1785490758
2026-07-31T10:00:21Z,1151,12,0,9,0,0,1,1,1,1785491619
2026-07-31T10:00:21Z,1152,18,1,11,0,0,1,1,1,1785491979
2026-07-31T10:00:21Z,1153,22,6,0,1,0,1,1,1,1785491507
2026-07-31T10:00:21Z,1154,13,1,6,0,0,1,1,1,1785490403
2026-07-31T10:00:21Z,1155,15,6,5,1,0,1,1,1,1785490963
2026-07-31T10:00:21Z,1158,3,0,15,1,0,1,1,1,1785491720
2026-07-31T10:00:21Z,1159,13,1,6,0,0,1,1,1,1785491216
2026-07-31T10:00:21Z,1160,9,1,9,1,0,1,1,1,1785491836
2026-07-31T10:00:21Z,1161,3,0,15,1,0,1,1,1,1785491351
2026-07-31T10:00:21Z,1162,2,1,17,0,0,1,1,1,1785491601
2026-07-31T10:00:21Z,1163,1,1,17,1,0,1,1,1,1785490977
2026-07-31T10:00:21Z,1164,6,1,13,0,0,1,1,1,1785491036
2026-07-31T10:00:21Z,1165,5,0,16,0,0,1,1,1,1785491769
2026-07-31T10:00:21Z,1166,12,3,8,1,0,1,1,1,1785491283
2026-07-31T10:00:21Z,1167,4,0,11,0,0,1,1,1,1785490746
2026-07-31T10:00:21Z,1168,2,1,20,1,0,1,1,1,1785491232
2026-07-31T10:00:21Z,1169,3,0,15,1,0,1,1,1,1785490884
2026-07-31T10:00:21Z,1170,6,0,14,1,0,1,1,1,1785491254
2026-07-31T10:00:21Z,1171,8,7,14,1,0,1,1,1,1785490926
2026-07-31T10:00:21Z,1172,7,2,6,2,0,1,1,1,1785491138
2026-07-31T10:00:21Z,1173,13,5,6,0,0,1,1,1,1785491133
2026-07-31T10:00:21Z,1174,6,3,9,0,0,1,1,1,1785490886
2026-07-31T10:00:21Z,1175,8,4,11,0,0,1,1,1,1785491319
2026-07-31T10:00:21Z,1176,19,1,2,0,0,1,1,1,1785490337
2026-07-31T10:00:21Z,1177,2,0,19,0,0,1,1,1,1785490259
2026-07-31T10:00:21Z,1178,2,1,13,0,0,1,1,1,1785490784
2026-07-31T10:00:21Z,1181,10,0,4,1,0,1,1,1,1785490378
2026-07-31T10:00:21Z,1182,1,0,19,0,0,1,1,1,1785491546
2026-07-31T10:00:21Z,1183,1,0,42,2,0,1,1,1,1785490816
2026-07-31T10:00:21Z,1184,12,6,8,1,0,1,1,1,1785490441
2026-07-31T10:00:21Z,1185,10,5,11,0,0,1,1,1,1785490385
2026-07-31T10:00:21Z,1186,9,5,10,0,0,1,1,1,1785491400
2026-07-31T10:00:21Z,1187,12,6,8,1,0,1,1,1,1785491754
2026-07-31T10:00:21Z,1188,10,5,5,0,0,1,1,1,1785491732
2026-07-31T10:00:21Z,1189,10,5,9,0,0,1,1,1,1785491161
2026-07-31T10:00:21Z,1190,10,5,11,0,0,1,1,1,1785490554
2026-07-31T10:00:21Z,1191,10,5,5,0,0,1,1,1,1785491082
2026-07-31T10:00:21Z,1192,10,6,10,1,0,1,1,1,1785490923
2026-07-31T10:00:21Z,1193,6,4,5,2,0,1,1,1,1785491899
2026-07-31T10:00:21Z,1197,9,6,7,1,0,1,1,1,1785491862
2026-07-31T10:00:21Z,1198,14,4,5,2,0,1,1,1,1785491446
2026-07-31T10:00:21Z,1199,2,0,17,0,0,1,1,1,1785491461
2026-07-31T10:00:21Z,1200,11,5,4,0,0,1,1,1,1785491118
2026-07-31T10:00:21Z,1201,11,5,4,0,0,1,1,1,1785491095
2026-07-31T10:00:21Z,1202,12,6,3,0,0,1,1,1,1785491194
2026-07-31T10:00:21Z,1203,9,6,6,0,0,1,1,1,1785491091
2026-07-31T10:00:21Z,1204,7,3,11,1,0,1,1,1,1785490835
2026-07-31T10:00:21Z,1206,11,5,10,0,0,1,1,1,1785491870
2026-07-31T10:00:21Z,1207,8,4,6,1,0,1,1,1,1785491407
2026-07-31T10:00:21Z,1208,7,2,11,1,0,1,1,1,1785491315
2026-07-31T10:00:21Z,1216,7,0,13,1,0,1,1,1,1785490283
2026-07-31T10:00:21Z,1218,4,0,17,0,0,1,1,1,1785490677
2026-07-31T10:00:21Z,1219,6,1,8,1,0,1,1,1,1785490545
2026-07-31T10:00:21Z,1220,14,7,4,1,0,1,1,1,1785490573
2026-07-31T10:00:21Z,1221,1,1,19,1,0,1,1,1,1785491804
2026-07-31T10:00:21Z,1222,29,1,0,0,0,1,1,1,1785491888
2026-07-31T10:00:21Z,1223,23,0,6,0,0,1,1,1,1785490764
2026-07-31T10:00:21Z,1226,0,0,3,0,0,0,1,1,1781868931
2026-07-31T10:00:21Z,1227,22,1,3,0,0,1,1,1,1785490790
2026-07-31T10:00:21Z,1228,15,1,13,1,0,1,1,1,1785491873
2026-07-31T10:00:21Z,1229,35,0,10,0,0,1,1,1,1785491900
2026-07-31T10:05:21Z,1,2,0,21,0,0,1,1,1,1785492071
2026-07-31T10:05:21Z,2,22,0,2,3,0,1,1,1,1785491731
2026-07-31T10:05:21Z,3,9,0,4,1,0,1,1,1,1785485488
2026-07-31T10:05:21Z,4,1,0,20,1,0,1,1,1,1785487895
2026-07-31T10:05:21Z,5,9,3,13,1,0,1,1,1,1785484887
2026-07-31T10:05:21Z,6,6,2,9,0,0,1,1,1,1785486991
2026-07-31T10:05:21Z,7,1,1,38,0,0,1,1,1,1785487290
2026-07-31T10:05:21Z,8,0,0,43,0,0,1,1,1,1785487014
2026-07-31T10:05:21Z,9,0,0,22,1,0,1,1,1,1785487593
2026-07-31T10:05:21Z,10,1,0,20,3,0,1,1,1,1785491840
2026-07-31T10:05:21Z,11,15,6,3,1,0,1,1,1,1785491275
2026-07-31T10:05:21Z,12,0,0,23,0,0,1,1,1,1785490105
2026-07-31T10:05:21Z,13,11,0,19,0,0,1,1,1,1785488834
2026-07-31T10:05:21Z,14,3,0,39,0,1,1,1,1,1785491439
2026-07-31T10:05:21Z,15,3,0,12,0,0,1,1,1,1785488861
2026-07-31T10:05:21Z,16,8,0,16,2,1,1,1,1,1785487292
2026-07-31T10:05:21Z,17,7,0,19,1,0,1,1,1,1785491479
2026-07-31T10:05:21Z,18,6,0,10,2,0,1,1,1,1785492179
2026-07-31T10:05:21Z,19,8,0,18,1,0,1,1,1,1785491759
2026-07-31T10:05:21Z,20,31,0,4,0,0,1,1,1,1785491965
2026-07-31T10:05:21Z,21,1,0,17,1,0,1,1,1,1785484888
2026-07-31T10:05:21Z,22,18,0,46,1,0,1,1,1,1785491500
2026-07-31T10:05:21Z,23,10,5,21,0,0,1,1,1,1785487895
2026-07-31T10:05:21Z,24,0,0,9,2,0,1,1,1,1785492308
2026-07-31T10:05:21Z,25,2,2,79,0,0,1,1,1,1785492025
2026-07-31T10:05:21Z,26,1,0,26,0,0,1,1,1,1785491464
2026-07-31T10:05:21Z,28,15,3,0,0,0,1,1,1,1785486991
2026-07-31T10:05:21Z,30,1,0,27,1,0,1,1,1,1785486089
2026-07-31T10:05:21Z,31,0,0,17,2,0,1,1,1,1785492224
2026-07-31T10:05:21Z,32,22,1,5,0,0,1,1,1,1785491991
2026-07-31T10:05:21Z,34,1,0,35,1,0,1,1,1,1785490647
2026-07-31T10:05:21Z,35,1,0,45,1,0,1,1,1,1785492309
2026-07-31T10:05:21Z,36,0,0,0,0,0,0,1,1,86400
2026-07-31T10:05:21Z,37,1,0,22,0,0,1,1,1,1785491559
2026-07-31T10:05:21Z,38,1,0,22,0,0,1,1,1,1785490318
2026-07-31T10:05:21Z,39,24,6,15,0,0,1,1,1,1785490063
2026-07-31T10:05:21Z,40,14,0,6,1,0,1,1,1,1785492177
2026-07-31T10:05:21Z,41,2,1,40,1,0,1,1,1,1785491500
2026-07-31T10:05:21Z,42,31,8,0,0,0,1,1,1,1785472558
2026-07-31T10:05:21Z,43,5,0,18,0,0,1,1,1,1785490390
2026-07-31T10:05:21Z,45,2,0,26,1,0,1,1,1,1785492300
2026-07-31T10:05:21Z,46,12,2,19,0,0,1,1,1,1785491240
2026-07-31T10:05:21Z,47,13,5,1,1,0,1,1,1,1785489312
2026-07-31T10:05:21Z,48,20,0,7,0,0,1,1,1,1785487579
2026-07-31T10:05:21Z,49,4,0,16,3,0,1,1,1,1785492304
2026-07-31T10:05:21Z,50,1,1,18,0,0,1,1,1,1785488641
2026-07-31T10:05:21Z,51,68,0,9,0,0,1,1,1,1785487292
2026-07-31T10:05:21Z,52,0,0,24,3,0,1,1,1,1785492283
2026-07-31T10:05:21Z,55,1,1,22,0,0,1,1,1,1785487781
2026-07-31T10:05:21Z,56,0,0,43,0,0,1,1,1,1785487593
2026-07-31T10:05:21Z,57,0,0,27,0,0,1,1,1,1785486089
2026-07-31T10:05:21Z,58,0,0,28,0,0,1,1,1,1785489985
2026-07-31T10:05:21Z,59,1,0,24,2,0,1,1,1,1785492117
2026-07-31T10:05:21Z,61,2,1,37,0,0,1,1,1,1785491414
2026-07-31T10:05:21Z,62,3,1,45,1,0,1,1,1,1785491866
2026-07-31T10:05:21Z,63,14,0,5,0,0,1,1,1,1785486089
2026-07-31T10:05:21Z,64,9,0,6,4,0,1,1,1,1785486992
2026-07-31T10:05:21Z,65,16,7,2,1,0,1,1,1,1785491350
2026-07-31T10:05:21Z,67,16,0,23,0,0,1,1,1,1785491870
2026-07-31T10:05:21Z,68,0,0,37,0,0,1,1,1,1785488201
2026-07-31T10:05:21Z,69,15,2,0,0,0,1,1,1,1785485188
2026-07-31T10:05:21Z,71,0,0,26,1,0,1,1,1,1785491326
2026-07-31T10:05:21Z,72,18,5,11,2,0,1,1,1,1785490995
2026-07-31T10:05:21Z,73,1,0,30,0,0,1,1,1,1785491470
2026-07-31T10:05:21Z,74,13,6,6,0,0,1,1,1,1785489103
2026-07-31T10:05:21Z,75,0,0,31,1,0,1,1,1,1785487292
2026-07-31T10:05:21Z,76,17,0,1,1,0,1,1,1,1785492302
2026-07-31T10:05:21Z,77,23,0,3,1,0,1,1,1,1785491669
2026-07-31T10:05:21Z,78,8,4,14,1,0,1,1,1,1785492198
2026-07-31T10:05:21Z,79,5,3,11,1,0,1,1,1,1785491374
2026-07-31T10:05:21Z,80,18,0,2,3,0,1,1,1,1785492131
2026-07-31T10:05:21Z,81,5,0,26,0,0,1,1,1,1785486390
2026-07-31T10:05:21Z,82,12,0,11,0,0,1,1,1,1785491795
2026-07-31T10:05:21Z,83,10,1,23,1,0,1,1,1,1785492290
2026-07-31T10:05:21Z,84,26,0,1,0,0,1,1,1,1785491870
2026-07-31T10:05:21Z,85,1,1,14,0,0,1,1,1,1785486991
2026-07-31T10:05:21Z,86,25,0,1,1,0,1,1,1,1785486691
2026-07-31T10:05:21Z,87,10,0,9,0,0,1,1,1,1785488201
2026-07-31T10:05:21Z,88,1,0,41,1,0,1,1,1,1785490680
2026-07-31T10:05:21Z,89,22,0,13,0,0,1,1,1,1785487292
2026-07-31T10:05:21Z,90,6,2,10,2,0,1,1,1,1785490958
2026-07-31T10:05:21Z,91,13,0,4,0,0,1,1,1,1785490693
2026-07-31T10:05:21Z,92,10,4,6,3,0,1,1,1,1785492060
2026-07-31T10:05:21Z,93,0,0,23,0,0,1,1,1,1785486390
2026-07-31T10:05:21Z,94,2,0,16,1,0,1,1,1,1785486390
2026-07-31T10:05:21Z,95,25,2,8,1,1,1,1,1,1785492299
2026-07-31T10:05:21Z,96,28,0,2,1,0,1,1,1,1785491842
2026-07-31T10:05:21Z,97,0,0,16,1,0,1,1,1,1785492156
2026-07-31T10:05:21Z,98,20,0,14,1,0,1,1,1,1785491722
2026-07-31T10:05:21Z,99,4,2,11,0,0,1,1,1,1785486802
2026-07-31T10:05:21Z,100,2,1,25,0,0,1,1,1,1785492190
2026-07-31T10:05:21Z,101,1,0,13,1,0,1,1,1,1785485789
2026-07-31T10:05:21Z,102,0,0,23,0,0,1,1,1,1785487553
2026-07-31T10:05:21Z,103,5,0,25,0,0,1,1,1,1785489200
2026-07-31T10:05:21Z,104,0,0,25,2,0,1,1,1,1785492299
2026-07-31T10:05:21Z,105,16,1,3,0,0,1,1,1,1785486390
2026-07-31T10:05:21Z,106,1,0,20,0,0,1,1,1,1785490634
2026-07-31T10:05:21Z,107,0,0,37,0,0,1,1,1,1785485489
2026-07-31T10:05:21Z,108,15,1,20,0,0,1,1,1,1785489455
2026-07-31T10:05:21Z,109,7,0,16,0,0,1,1,1,1785489961
2026-07-31T10:05:21Z,110,14,2,9,0,0,1,1,1,1785488165
2026-07-31T10:05:21Z,111,1,0,35,0,0,1,1,1,1785490951
2026-07-31T10:05:21Z,112,4,0,10,1,0,1,1,1,1785490423
2026-07-31T10:05:21Z,113,5,0,11,3,0,1,1,1,1785492311
2026-07-31T10:05:21Z,114,6,6,23,1,1,1,1,1,1785492080
2026-07-31T10:05:21Z,115,3,1,23,2,0,1,1,1,1785479033
2026-07-31T10:05:21Z,116,3,3,23,1,0,1,1,1,1785487594
2026-07-31T10:05:21Z,118,20,9,0,3,0,1,1,1,1785491837
2026-07-31T10:05:21Z,119,32,2,2,4,0,1,1,1,1785489175
2026-07-31T10:05:21Z,120,22,1,4,1,0,1,1,1,1785492200
2026-07-31T10:05:21Z,121,6,2,12,0,1,1,1,1,1785492102
2026-07-31T10:05:21Z,122,10,0,10,1,0,1,1,1,1785491486
2026-07-31T10:05:21Z,123,8,1,39,0,0,1,1,1,1785485188
2026-07-31T10:05:21Z,124,30,0,5,0,0,1,1,1,1785492197
2026-07-31T10:05:21Z,125,6,2,17,0,0,1,1,1,1785490205
2026-07-31T10:05:21Z,126,25,2,6,0,0,1,1,1,1785491001
2026-07-31T10:05:21Z,127,9,1,24,2,0,1,1,1,1785492224
2026-07-31T10:05:21Z,128,17,1,2,0,0,1,1,1,1785490685
2026-07-31T10:05:21Z,129,17,1,0,2,0,1,1,1,1785486089
2026-07-31T10:05:21Z,130,5,1,12,0,0,1,1,1,1785490452
2026-07-31T10:05:21Z,131,9,3,0,2,0,1,1,1,1785490792
2026-07-31T10:05:21Z,132,13,6,1,0,1,1,1,1,1785490417
2026-07-31T10:05:21Z,134,5,0,13,5,0,1,1,1,1785492208
2026-07-31T10:05:21Z,135,8,4,10,1,0,1,1,1,1785488917
2026-07-31T10:05:21Z,136,7,0,8,1,7,1,1,1,1785492276
2026-07-31T10:05:21Z,137,8,2,11,0,0,1,1,1,1785491896
2026-07-31T10:05:21Z,138,35,2,2,0,0,1,1,1,1785492294
2026-07-31T10:05:21Z,139,17,3,2,0,0,1,1,1,1785491526
2026-07-31T10:05:21Z,140,18,9,3,2,0,1,1,1,1785492308
2026-07-31T10:05:21Z,141,31,1,5,0,0,1,1,1,1785485909
2026-07-31T10:05:21Z,142,23,1,0,0,0,1,1,1,1785490160
2026-07-31T10:05:21Z,143,13,3,17,1,0,1,1,1,1785487895
2026-07-31T10:05:21Z,144,22,0,5,0,0,1,1,1,1785491889
2026-07-31T10:05:21Z,146,8,1,14,1,0,1,1,1,1785486463
2026-07-31T10:05:21Z,147,9,2,8,2,0,1,1,1,1785492293
2026-07-31T10:05:21Z,148,24,0,2,0,1,1,1,1,1785492126
2026-07-31T10:05:21Z,149,16,4,10,1,0,1,1,1,1785492202
2026-07-31T10:05:21Z,150,30,7,3,2,0,1,1,1,1785492055
2026-07-31T10:05:21Z,151,19,6,4,0,0,1,1,1,1785491456
2026-07-31T10:05:21Z,152,19,1,4,4,0,1,1,1,1785492058
2026-07-31T10:05:21Z,153,13,1,12,6,0,1,1,1,1785492307
2026-07-31T10:05:21Z,154,16,3,4,3,0,1,1,1,1785492044
2026-07-31T10:05:21Z,155,9,4,4,1,0,1,1,1,1785492173
2026-07-31T10:05:21Z,156,14,1,5,0,0,1,1,1,1785492278
2026-07-31T10:05:21Z,157,15,0,10,2,0,1,1,1,1785492206
2026-07-31T10:05:21Z,158,16,2,0,0,0,1,1,1,1785488201
2026-07-31T10:05:21Z,159,5,2,14,0,0,1,1,1,1785488201
2026-07-31T10:05:21Z,160,18,1,1,0,0,1,1,1,1785491594
2026-07-31T10:05:21Z,161,18,3,4,0,0,1,1,1,1785491642
2026-07-31T10:05:21Z,162,10,0,16,1,0,1,1,1,1785488396
2026-07-31T10:05:21Z,163,29,3,2,0,0,1,1,1,1785492192
2026-07-31T10:05:21Z,164,25,7,2,0,0,1,1,1,1785486691
2026-07-31T10:05:21Z,165,21,10,9,1,0,1,1,1,1785490458
2026-07-31T10:05:21Z,166,32,8,3,4,0,1,1,1,1785492311
2026-07-31T10:05:21Z,167,19,9,2,2,0,1,1,1,1785491219
2026-07-31T10:05:21Z,168,20,0,6,1,0,1,1,1,1785492161
2026-07-31T10:05:21Z,169,1,0,21,0,1,1,1,1,1785487293
2026-07-31T10:05:21Z,170,17,4,0,2,0,1,1,1,1785488379
2026-07-31T10:05:21Z,171,10,3,1,2,0,1,1,1,1785492042
2026-07-31T10:05:21Z,173,37,0,2,0,0,1,1,1,1785490623
2026-07-31T10:05:21Z,174,21,1,3,2,0,1,1,1,1785491643
2026-07-31T10:05:21Z,175,8,0,23,0,0,1,1,1,1785491110
2026-07-31T10:05:21Z,176,6,2,8,0,1,1,1,1,1785491763
2026-07-31T10:05:21Z,177,19,1,8,0,0,1,1,1,1785491415
2026-07-31T10:05:21Z,178,2,0,10,2,1,1,1,1,1785492309
2026-07-31T10:05:21Z,179,12,2,2,1,0,1,1,1,1785492090
2026-07-31T10:05:21Z,180,28,0,2,0,0,1,1,1,1785492120
2026-07-31T10:05:21Z,181,12,1,2,1,0,1,1,1,1785492149
2026-07-31T10:05:21Z,182,13,1,4,0,0,1,1,1,1785492045
2026-07-31T10:05:21Z,183,15,0,8,0,0,1,1,1,1785491239
2026-07-31T10:05:21Z,184,2,0,20,1,0,1,1,1,1785491941
2026-07-31T10:05:21Z,185,12,1,0,2,1,1,1,1,1785484888
2026-07-31T10:05:21Z,186,3,0,16,0,0,1,1,1,1785492102
2026-07-31T10:05:21Z,187,9,0,18,1,0,1,1,1,1785491965
2026-07-31T10:05:21Z,188,11,0,8,8,0,1,1,1,1785492025
2026-07-31T10:05:21Z,189,15,4,0,0,0,1,1,1,1785487895
2026-07-31T10:05:21Z,190,3,0,20,0,0,1,1,1,1785491731
2026-07-31T10:05:21Z,191,2,1,37,0,0,1,1,1,1785486690
2026-07-31T10:05:21Z,192,12,4,16,3,0,1,1,1,1785486089
2026-07-31T10:05:21Z,193,1,0,14,0,0,1,1,1,1785490688
2026-07-31T10:05:21Z,194,17,1,9,1,0,1,1,1,1785486691
2026-07-31T10:05:21Z,195,12,1,5,2,0,1,1,1,1785487594
2026-07-31T10:05:21Z,196,23,1,1,3,0,1,1,1,1785492288
2026-07-31T10:05:21Z,197,16,3,1,1,1,1,1,1,1785489625
2026-07-31T10:05:21Z,198,19,16,4,0,0,1,1,1,1785491699
2026-07-31T10:05:21Z,199,6,5,6,3,0,1,1,1,1785489674
2026-07-31T10:05:21Z,200,13,0,12,1,0,1,1,1,1785491801
2026-07-31T10:05:21Z,201,8,4,15,0,0,1,1,1,1785491857
2026-07-31T10:05:21Z,202,0,0,27,0,0,1,1,1,1785486691
2026-07-31T10:05:21Z,203,26,3,4,1,0,1,1,1,1785487252
2026-07-31T10:05:21Z,204,30,1,4,1,0,1,1,1,1785490206
2026-07-31T10:05:21Z,205,13,1,14,0,0,1,1,1,1785488894
2026-07-31T10:05:21Z,206,1,1,13,1,0,1,1,1,1785486448
2026-07-31T10:05:21Z,207,12,0,8,1,0,1,1,1,1785491125
2026-07-31T10:05:21Z,208,3,0,26,0,0,1,1,1,1785491719
2026-07-31T10:05:21Z,209,6,0,21,3,1,1,1,1,1785492117
2026-07-31T10:05:21Z,210,23,2,4,0,0,1,1,1,1785485488
2026-07-31T10:05:21Z,211,14,6,8,1,0,1,1,1,1785490780
2026-07-31T10:05:21Z,212,23,0,11,1,0,1,1,1,1785492274
2026-07-31T10:05:21Z,213,11,1,10,2,0,1,1,1,1785492138
2026-07-31T10:05:21Z,214,29,0,14,4,0,1,1,1,1785492100
2026-07-31T10:05:21Z,215,6,2,16,1,0,1,1,1,1785490465
2026-07-31T10:05:21Z,216,7,0,11,1,0,1,1,1,1785491552
2026-07-31T10:05:21Z,217,9,0,19,1,0,1,1,1,1785492121
2026-07-31T10:05:21Z,218,21,4,16,2,0,1,1,1,1785491919
2026-07-31T10:05:21Z,219,1,1,24,1,0,1,1,1,1785489320
2026-07-31T10:05:21Z,220,23,6,18,1,1,1,1,1,1785491278
2026-07-31T10:05:21Z,221,13,8,1,1,0,1,1,1,1785491306
2026-07-31T10:05:21Z,222,12,10,5,2,0,1,1,1,1785491803
2026-07-31T10:05:21Z,223,8,4,24,3,0,1,1,1,1785492172
2026-07-31T10:05:21Z,224,6,4,15,1,0,1,1,1,1785491603
2026-07-31T10:05:21Z,225,10,0,3,6,0,1,1,1,1785487206
2026-07-31T10:05:21Z,226,30,10,1,0,0,1,1,1,1785492292
2026-07-31T10:05:21Z,227,21,13,5,0,1,1,1,1,1785491572
2026-07-31T10:05:21Z,228,1,0,17,1,0,1,1,1,1785484888
2026-07-31T10:05:21Z,230,16,9,10,0,0,1,1,1,1785486691
2026-07-31T10:05:21Z,232,13,6,3,1,0,1,1,1,1785486390
2026-07-31T10:05:21Z,233,19,0,10,2,0,1,1,1,1785487026
2026-07-31T10:05:21Z,234,7,3,7,3,2,1,1,1,1785491043
2026-07-31T10:05:21Z,236,12,2,7,0,0,1,1,1,1785491381
2026-07-31T10:05:21Z,237,20,4,2,1,0,1,1,1,1785492227
2026-07-31T10:05:21Z,239,23,18,1,3,0,1,1,1,1785486691
2026-07-31T10:05:21Z,241,18,6,5,0,0,1,1,1,1785490525
2026-07-31T10:05:21Z,242,2,2,20,1,0,1,1,1,1785492103
2026-07-31T10:05:21Z,243,9,0,21,1,0,1,1,1,1785491961
2026-07-31T10:05:21Z,244,13,1,13,1,0,1,1,1,1785488405
2026-07-31T10:05:21Z,245,6,4,17,0,0,1,1,1,1785490437
2026-07-31T10:05:21Z,246,13,0,10,0,0,1,1,1,1785487895
2026-07-31T10:05:21Z,247,12,10,10,1,0,1,1,1,1785488201
2026-07-31T10:05:21Z,248,18,3,2,3,0,1,1,1,1785490306
2026-07-31T10:05:21Z,249,5,3,14,0,0,1,1,1,1785492066
2026-07-31T10:05:21Z,250,24,7,3,0,0,1,1,1,1785491888
2026-07-31T10:05:21Z,251,21,5,3,3,0,1,1,1,1785492116
2026-07-31T10:05:21Z,253,8,4,10,1,0,1,1,1,1785491210
2026-07-31T10:05:21Z,254,26,21,16,1,0,1,1,1,1785485789
2026-07-31T10:05:21Z,255,5,0,17,0,1,1,1,1,1785492284
2026-07-31T10:05:21Z,256,9,4,12,2,0,1,1,1,1785490433
2026-07-31T10:05:21Z,257,14,5,4,1,0,1,1,1,1785492175
2026-07-31T10:05:21Z,258,1,0,18,0,0,1,1,1,1785482036
2026-07-31T10:05:21Z,259,20,3,1,1,1,1,1,1,1785492284
2026-07-31T10:05:21Z,260,14,4,2,3,0,1,1,1,1785486424
2026-07-31T10:05:21Z,261,15,0,2,1,1,1,1,1,1785489370
2026-07-31T10:05:21Z,262,19,10,4,0,0,1,1,1,1785492166
2026-07-31T10:05:21Z,263,14,3,1,0,0,1,1,1,1785491399
2026-07-31T10:05:21Z,264,17,5,1,1,0,1,1,1,1785492272
2026-07-31T10:05:21Z,265,14,0,1,0,0,1,1,1,1785490183
2026-07-31T10:05:21Z,266,14,7,2,3,0,1,1,1,1785492036
2026-07-31T10:05:21Z,267,7,3,6,2,0,1,1,1,1785484888
2026-07-31T10:05:21Z,268,23,9,0,0,0,1,1,1,1785484887
2026-07-31T10:05:21Z,269,9,3,13,1,0,1,1,1,1785492045
2026-07-31T10:05:21Z,270,23,1,4,0,0,1,1,1,1785491481
2026-07-31T10:05:21Z,271,0,0,17,2,0,1,1,1,1785486991
2026-07-31T10:05:21Z,272,13,13,9,1,0,1,1,1,1785486390
2026-07-31T10:05:21Z,273,14,5,1,0,0,1,1,1,1785484888
2026-07-31T10:05:21Z,274,16,6,2,1,0,1,1,1,1785491514
2026-07-31T10:05:21Z,275,13,0,6,2,2,1,1,1,1785492211
2026-07-31T10:05:21Z,276,1,0,26,0,0,1,1,1,1785486991
2026-07-31T10:05:21Z,277,12,1,6,5,0,1,1,1,1785488201
2026-07-31T10:05:21Z,278,23,2,5,2,1,1,1,1,1785487967
2026-07-31T10:05:21Z,279,18,0,1,0,0,1,1,1,1785491956
2026-07-31T10:05:21Z,280,10,2,19,2,0,1,1,1,1785492279
2026-07-31T10:05:21Z,281,19,0,0,0,0,1,1,1,1785486089
2026-07-31T10:05:21Z,282,5,2,13,0,0,1,1,1,1785484887
2026-07-31T10:05:21Z,283,33,1,2,0,0,1,1,1,1785491784
2026-07-31T10:05:21Z,284,17,3,16,2,0,1,1,1,1785491874
2026-07-31T10:05:21Z,285,8,7,15,0,0,1,1,1,1785485188
2026-07-31T10:05:21Z,286,16,15,2,5,0,1,1,1,1785488250
2026-07-31T10:05:21Z,287,13,4,7,3,0,1,1,1,1785484887
2026-07-31T10:05:21Z,288,13,10,6,0,0,1,1,1,1785492238
2026-07-31T10:05:21Z,289,23,2,1,3,0,1,1,1,1785491925
2026-07-31T10:05:21Z,290,8,0,30,1,0,1,1,1,1785491552
2026-07-31T10:05:21Z,291,11,2,10,2,0,1,1,1,1785492052
2026-07-31T10:05:21Z,292,22,0,1,0,0,1,1,1,1785485789
2026-07-31T10:05:21Z,293,17,10,6,0,0,1,1,1,1785486991
2026-07-31T10:05:21Z,294,0,0,21,1,0,1,1,1,1785486991
2026-07-31T10:05:21Z,297,14,4,2,2,1,1,1,1,1785491414
2026-07-31T10:05:21Z,301,17,1,2,0,0,1,1,1,1785486691
2026-07-31T10:05:21Z,302,0,0,23,0,0,1,1,1,1785486991
2026-07-31T10:05:21Z,303,19,0,0,0,0,1,1,1,1785485188
2026-07-31T10:05:21Z,304,0,0,0,0,0,0,1,1,86400
2026-07-31T10:05:21Z,305,19,0,0,0,0,1,1,1,1785485188
2026-07-31T10:05:21Z,306,2,0,29,1,0,1,1,1,1785485188
2026-07-31T10:05:21Z,307,18,1,3,1,1,1,1,1,1785492084
2026-07-31T10:05:21Z,308,14,0,3,2,0,1,1,1,1785485188
2026-07-31T10:05:21Z,309,13,3,0,1,0,1,1,1,1785488427
2026-07-31T10:05:21Z,311,15,0,0,0,0,1,1,1,1785486992
2026-07-31T10:05:21Z,312,6,3,12,4,1,1,1,1,1785492093
2026-07-31T10:05:21Z,313,3,1,12,0,0,1,1,1,1785486991
2026-07-31T10:05:21Z,314,4,3,11,3,0,1,1,1,1785486991
2026-07-31T10:05:21Z,315,23,6,6,2,0,1,1,1,1785491768
2026-07-31T10:05:21Z,316,3,1,20,7,1,1,1,1,1785492296
2026-07-31T10:05:21Z,317,0,0,30,0,1,1,1,1,1785492253
2026-07-31T10:05:21Z,318,16,0,3,0,0,1,1,1,1785486991
2026-07-31T10:05:21Z,319,17,3,5,1,0,1,1,1,1785492252
2026-07-31T10:05:21Z,320,18,5,0,1,0,1,1,1,1785491087
2026-07-31T10:05:21Z,321,7,1,8,4,0,1,1,1,1785492199
2026-07-31T10:05:21Z,322,4,1,24,1,0,1,1,1,1785489880
2026-07-31T10:05:21Z,323,8,0,11,0,0,1,1,1,1785487292
2026-07-31T10:05:21Z,324,19,5,7,1,0,1,1,1,1785492306
2026-07-31T10:05:21Z,325,4,3,21,2,0,1,1,1,1785489487
2026-07-31T10:05:21Z,327,26,0,0,1,0,1,1,1,1785489831
2026-07-31T10:05:21Z,328,20,0,1,1,0,1,1,1,1785484794
2026-07-31T10:05:21Z,329,17,0,0,2,0,1,1,1,1785487643
2026-07-31T10:05:21Z,330,2,0,20,0,0,1,1,1,1785492058
2026-07-31T10:05:21Z,331,11,3,11,1,0,1,1,1,1785492097
2026-07-31T10:05:21Z,332,10,3,7,2,0,1,1,1,1785487292
2026-07-31T10:05:21Z,333,1,1,21,1,0,1,1,1,1785491427
2026-07-31T10:05:21Z,334,11,8,12,0,0,1,1,1,1785487804
2026-07-31T10:05:21Z,335,3,2,18,1,1,1,1,1,1785487292
2026-07-31T10:05:21Z,336,18,2,1,0,0,1,1,1,1785487293
2026-07-31T10:05:21Z,337,16,3,2,5,0,1,1,1,1785492264
2026-07-31T10:05:21Z,338,17,8,2,0,0,1,1,1,1785487389
2026-07-31T10:05:21Z,339,20,10,3,0,0,1,1,1,1785491731
2026-07-31T10:05:21Z,340,13,11,1,1,0,1,1,1,1785491300
2026-07-31T10:05:21Z,341,11,4,8,0,0,1,1,1,1785487352
2026-07-31T10:05:21Z,342,12,6,1,2,0,1,1,1,1785490143
2026-07-31T10:05:21Z,343,20,1,2,1,0,1,1,1,1785492240
2026-07-31T10:05:21Z,344,23,9,0,0,0,1,1,1,1785488186
2026-07-31T10:05:21Z,345,19,3,0,0,0,1,1,1,1785487292
2026-07-31T10:05:21Z,346,9,6,14,0,0,1,1,1,1785489426
2026-07-31T10:05:21Z,347,1,0,41,2,0,1,1,1,1785492306
2026-07-31T10:05:21Z,348,21,3,0,1,1,1,1,1,1785492203
2026-07-31T10:05:21Z,349,6,1,13,0,0,1,1,1,1785487293
2026-07-31T10:05:21Z,350,24,3,1,1,1,1,1,1,1785487293
2026-07-31T10:05:21Z,351,20,3,0,3,0,1,1,1,1785492194
2026-07-31T10:05:21Z,355,21,0,2,0,0,1,1,1,1785490901
2026-07-31T10:05:21Z,356,17,1,2,0,0,1,1,1,1785491511
2026-07-31T10:05:21Z,357,13,4,6,0,0,1,1,1,1785485188
2026-07-31T10:05:21Z,358,24,4,2,1,0,1,1,1,1785487594
2026-07-31T10:05:21Z,359,19,0,8,0,0,1,1,1,1785492286
2026-07-31T10:05:21Z,360,15,4,1,3,0,1,1,1,1785492172
2026-07-31T10:05:21Z,362,17,5,0,2,0,1,1,1,1785487292
2026-07-31T10:05:21Z,363,2,0,25,0,0,1,1,1,1785489580
2026-07-31T10:05:21Z,364,19,3,0,0,0,1,1,1,1785487896
2026-07-31T10:05:21Z,365,15,4,5,3,0,1,1,1,1785491063
2026-07-31T10:05:21Z,366,14,8,2,7,0,1,1,1,1785492311
2026-07-31T10:05:21Z,367,15,8,2,2,0,1,1,1,1785491056
2026-07-31T10:05:21Z,368,20,3,1,2,0,1,1,1,1785486991
2026-07-31T10:05:21Z,370,13,7,14,0,0,1,1,1,1785491892
2026-07-31T10:05:21Z,371,4,2,14,1,0,1,1,1,1785484735
2026-07-31T10:05:21Z,372,8,2,7,0,0,1,1,1,1785487594
2026-07-31T10:05:21Z,373,24,8,3,0,0,1,1,1,1785486433
2026-07-31T10:05:21Z,374,16,7,1,2,0,1,1,1,1785492242
2026-07-31T10:05:21Z,375,20,5,4,3,0,1,1,1,1785487593
2026-07-31T10:05:21Z,376,27,3,7,5,0,1,1,1,1785490526
2026-07-31T10:05:21Z,377,25,9,2,0,0,1,1,1,1785487594
2026-07-31T10:05:21Z,378,21,5,1,1,1,1,1,1,1785492155
2026-07-31T10:05:21Z,379,14,0,13,0,0,1,1,1,1785492001
2026-07-31T10:05:21Z,380,21,6,1,1,0,1,1,1,1785491878
2026-07-31T10:05:21Z,381,13,0,10,0,0,1,1,1,1785491744
2026-07-31T10:05:21Z,383,12,0,1,2,0,1,1,1,1785491998
2026-07-31T10:05:21Z,384,26,1,0,1,0,1,1,1,1785487594
2026-07-31T10:05:21Z,385,14,2,2,2,0,1,1,1,1785487594
2026-07-31T10:05:21Z,387,21,2,2,0,0,1,1,1,1785491874
2026-07-31T10:05:21Z,388,15,3,34,0,0,1,1,1,1785491593
2026-07-31T10:05:21Z,389,9,8,6,0,0,1,1,1,1785487293
2026-07-31T10:05:21Z,390,16,0,19,0,0,1,1,1,1785489336
2026-07-31T10:05:21Z,391,4,0,10,1,0,1,1,1,1785487292
2026-07-31T10:05:21Z,392,2,2,16,1,0,1,1,1,1785492138
2026-07-31T10:05:21Z,393,3,3,5,3,0,1,1,1,1785487292
2026-07-31T10:05:21Z,394,9,6,2,2,0,1,1,1,1785487594
2026-07-31T10:05:21Z,396,7,7,32,3,0,1,1,1,1785487595
2026-07-31T10:05:21Z,397,4,4,27,0,0,1,1,1,1785488201
2026-07-31T10:05:21Z,399,12,1,3,2,0,1,1,1,1785490391
2026-07-31T10:05:21Z,400,11,6,9,3,0,1,1,1,1785491087
2026-07-31T10:05:21Z,401,9,0,22,8,0,1,1,1,1785490115
2026-07-31T10:05:21Z,403,3,0,26,2,0,1,1,1,1785492225
2026-07-31T10:05:21Z,404,1,1,21,1,0,1,1,1,1785491837
2026-07-31T10:05:21Z,406,1,0,33,1,0,1,1,1,1785491659
2026-07-31T10:05:21Z,407,15,3,18,1,0,1,1,1,1785491169
2026-07-31T10:05:21Z,408,13,2,19,1,0,1,1,1,1785491284
2026-07-31T10:05:21Z,409,0,0,20,3,0,1,1,1,1785488970
2026-07-31T10:05:21Z,413,20,5,1,2,0,1,1,1,1785490104
2026-07-31T10:05:21Z,414,13,4,1,1,0,1,1,1,1785485488
2026-07-31T10:05:21Z,417,11,6,7,1,0,1,1,1,1785491073
2026-07-31T10:05:21Z,418,1,0,14,0,0,1,1,1,1785490913
2026-07-31T10:05:21Z,419,10,0,12,1,0,1,1,1,1785487895
2026-07-31T10:05:21Z,421,1,0,18,0,0,1,1,1,1785488201
2026-07-31T10:05:21Z,422,3,3,23,1,0,1,1,1,1785490175
2026-07-31T10:05:21Z,423,5,1,18,0,0,1,1,1,1785491746
2026-07-31T10:05:21Z,424,5,2,7,3,0,1,1,1,1785492065
2026-07-31T10:05:21Z,425,19,0,2,0,1,1,1,1,1785491863
2026-07-31T10:05:21Z,426,1,0,34,2,0,1,1,1,1785492043
2026-07-31T10:05:21Z,427,14,1,0,1,0,1,1,1,1785492295
2026-07-31T10:05:21Z,428,17,2,2,0,0,1,1,1,1785492282
2026-07-31T10:05:21Z,429,0,0,21,2,0,1,1,1,1785492151
2026-07-31T10:05:21Z,430,28,0,0,3,0,1,1,1,1785485488
2026-07-31T10:05:21Z,431,15,0,17,1,0,1,1,1,1785488642
2026-07-31T10:05:21Z,432,18,0,11,2,0,1,1,1,1785490634
2026-07-31T10:05:21Z,433,19,6,3,1,0,1,1,1,1785488201
2026-07-31T10:05:21Z,437,3,1,15,1,0,1,1,1,1785487897
2026-07-31T10:05:21Z,438,17,0,1,1,0,1,1,1,1785492079
2026-07-31T10:05:21Z,439,4,0,11,0,0,1,1,1,1785490818
2026-07-31T10:05:21Z,440,13,1,0,2,0,1,1,1,1785488201
2026-07-31T10:05:21Z,441,11,2,3,1,0,1,1,1,1785491835
2026-07-31T10:05:21Z,442,17,9,1,1,0,1,1,1,1785487895
2026-07-31T10:05:21Z,443,4,2,23,0,0,1,1,1,1785485488
2026-07-31T10:05:21Z,444,2,2,21,0,0,1,1,1,1785485488
2026-07-31T10:05:21Z,445,7,2,15,1,0,1,1,1,1785492303
2026-07-31T10:05:21Z,446,1,1,21,1,0,1,1,1,1785487896
2026-07-31T10:05:21Z,447,2,0,19,1,1,1,1,1,1785492174
2026-07-31T10:05:21Z,448,9,4,5,1,0,1,1,1,1785487895
2026-07-31T10:05:21Z,452,8,6,10,1,0,1,1,1,1785487661
2026-07-31T10:05:21Z,453,6,5,8,1,0,1,1,1,1785491911
2026-07-31T10:05:21Z,454,9,0,10,0,0,1,1,1,1785489971
2026-07-31T10:05:21Z,455,1,0,38,0,0,1,1,1,1785491169
2026-07-31T10:05:21Z,456,8,0,11,1,0,1,1,1,1785492236
2026-07-31T10:05:21Z,457,25,2,0,2,0,1,1,1,1785487895
2026-07-31T10:05:21Z,458,13,5,10,0,0,1,1,1,1785491311
2026-07-31T10:05:21Z,459,15,0,0,0,0,1,1,1,1785485789
2026-07-31T10:05:21Z,460,18,2,4,1,0,1,1,1,1785490370
2026-07-31T10:05:21Z,461,5,1,14,0,0,1,1,1,1785487878
2026-07-31T10:05:21Z,462,9,1,12,0,0,1,1,1,1785491329
2026-07-31T10:05:21Z,463,13,1,6,0,0,1,1,1,1785487897
2026-07-31T10:05:21Z,464,3,1,11,0,0,1,1,1,1785485789
2026-07-31T10:05:21Z,465,0,0,14,1,0,1,1,1,1785485789
2026-07-31T10:05:21Z,466,11,3,2,2,0,1,1,1,1785485789
2026-07-31T10:05:21Z,467,5,1,13,1,0,1,1,1,1785471818
2026-07-31T10:05:21Z,468,17,1,1,1,0,1,1,1,1785485789
2026-07-31T10:05:21Z,469,2,1,21,0,0,1,1,1,1785487896
2026-07-31T10:05:21Z,470,12,1,1,2,0,1,1,1,1785492084
2026-07-31T10:05:21Z,471,22,2,5,0,0,1,1,1,1785487895
2026-07-31T10:05:21Z,472,18,6,0,1,0,1,1,1,1785492042
2026-07-31T10:05:21Z,473,19,5,0,0,0,1,1,1,1785485789
2026-07-31T10:05:21Z,474,16,0,3,0,0,1,1,1,1785488959
2026-07-31T10:05:21Z,475,4,1,14,1,0,1,1,1,1785490904
2026-07-31T10:05:21Z,477,9,7,5,1,0,1,1,1,1785492057
2026-07-31T10:05:21Z,478,7,0,23,1,0,1,1,1,1785492276
2026-07-31T10:05:21Z,479,1,1,25,1,0,1,1,1,1785489149
2026-07-31T10:05:21Z,480,2,0,10,3,0,1,1,1,1785491326
2026-07-31T10:05:21Z,481,28,1,6,1,0,1,1,1,1785492124
2026-07-31T10:05:21Z,482,18,6,1,0,0,1,1,1,1785490527
2026-07-31T10:05:21Z,483,1,0,24,2,0,1,1,1,1785492024
2026-07-31T10:05:21Z,484,7,2,11,1,0,1,1,1,1785492301
2026-07-31T10:05:21Z,485,16,6,1,1,1,1,1,1,1785492095
2026-07-31T10:05:21Z,486,25,6,0,2,0,1,1,1,1785492083
2026-07-31T10:05:21Z,487,8,5,10,1,0,1,1,1,1785490150
2026-07-31T10:05:21Z,489,12,6,3,0,0,1,1,1,1785488501
2026-07-31T10:05:21Z,490,3,1,13,0,0,1,1,1,1785489499
2026-07-31T10:05:21Z,491,4,1,17,0,0,1,1,1,1785486090
2026-07-31T10:05:21Z,492,5,3,2,4,0,1,1,1,1785492309
2026-07-31T10:05:21Z,493,0,0,26,1,0,1,1,1,1785487895
2026-07-31T10:05:21Z,495,9,0,3,3,0,1,1,1,1785489700
2026-07-31T10:05:21Z,496,27,1,0,0,0,1,1,1,1785486089
2026-07-31T10:05:21Z,497,17,0,1,1,0,1,1,1,1785491850
2026-07-31T10:05:21Z,498,21,3,1,1,0,1,1,1,1785490089
2026-07-31T10:05:21Z,499,17,1,1,1,0,1,1,1,1785487896
2026-07-31T10:05:21Z,500,8,4,2,5,0,1,1,1,1785491843
2026-07-31T10:05:21Z,501,10,4,11,0,0,1,1,1,1785487896
2026-07-31T10:05:21Z,502,6,0,13,0,0,1,1,1,1785486089
2026-07-31T10:05:21Z,503,25,0,5,1,0,1,1,1,1785492181
2026-07-31T10:05:21Z,504,1,0,38,0,0,1,1,1,1785492055
2026-07-31T10:05:21Z,505,10,1,1,1,0,1,1,1,1785487586
2026-07-31T10:05:21Z,511,5,3,18,0,0,1,1,1,1785491793
2026-07-31T10:05:21Z,512,6,0,21,0,0,1,1,1,1785490938
2026-07-31T10:05:21Z,514,9,1,1,1,0,1,1,1,1785492216
2026-07-31T10:05:21Z,515,2,0,17,0,0,1,1,1,1785487895
2026-07-31T10:05:21Z,516,0,0,27,0,0,1,1,1,1785484039
2026-07-31T10:05:21Z,517,14,3,8,1,0,1,1,1,1785486090
2026-07-31T10:05:21Z,518,14,1,0,1,0,1,1,1,1785486390
2026-07-31T10:05:21Z,519,4,0,13,2,0,1,1,1,1785491077
2026-07-31T10:05:21Z,520,11,7,10,5,1,1,1,1,1785492308
2026-07-31T10:05:21Z,521,18,5,5,0,0,1,1,1,1785487895
2026-07-31T10:05:21Z,522,0,0,22,1,0,1,1,1,1785486390
2026-07-31T10:05:21Z,523,6,3,16,1,0,1,1,1,1785489661
2026-07-31T10:05:21Z,524,1,0,22,0,0,1,1,1,1785491359
2026-07-31T10:05:21Z,525,9,0,10,0,0,1,1,1,1785492201
2026-07-31T10:05:21Z,526,13,1,0,2,0,1,1,1,1785486390
2026-07-31T10:05:21Z,527,4,2,19,3,0,1,1,1,1785492132
2026-07-31T10:05:21Z,528,20,1,2,1,0,1,1,1,1785491758
2026-07-31T10:05:21Z,529,6,3,7,6,0,1,1,1,1785492311
2026-07-31T10:05:21Z,530,15,1,4,2,0,1,1,1,1785492096
2026-07-31T10:05:21Z,531,20,0,1,1,1,1,1,1,1785491109
2026-07-31T10:05:21Z,532,3,3,27,1,0,1,1,1,1785488341
2026-07-31T10:05:21Z,533,8,1,9,2,0,1,1,1,1785486390
2026-07-31T10:05:21Z,534,14,2,9,0,0,1,1,1,1785490909
2026-07-31T10:05:21Z,535,2,0,13,0,0,1,1,1,1785486390
2026-07-31T10:05:21Z,536,1,0,22,0,0,1,1,1,1785488201
2026-07-31T10:05:21Z,537,1,1,19,0,0,1,1,1,1785488280
2026-07-31T10:05:21Z,538,21,8,0,0,2,1,1,1,1785492195
2026-07-31T10:05:21Z,539,5,5,26,0,0,1,1,1,1785488201
2026-07-31T10:05:21Z,540,2,1,17,0,0,1,1,1,1785486391
2026-07-31T10:05:21Z,541,25,2,1,1,0,1,1,1,1785490843
2026-07-31T10:05:21Z,542,2,2,21,0,0,1,1,1,1785486390
2026-07-31T10:05:21Z,543,17,2,1,1,0,1,1,1,1785488201
2026-07-31T10:05:21Z,544,14,1,4,4,0,1,1,1,1785486390
2026-07-31T10:05:21Z,545,0,0,17,2,0,1,1,1,1785486390
2026-07-31T10:05:21Z,546,16,8,3,0,0,1,1,1,1785489048
2026-07-31T10:05:21Z,547,19,1,6,0,0,1,1,1,1785491753
2026-07-31T10:05:21Z,548,14,1,9,0,0,1,1,1,1785486390
2026-07-31T10:05:21Z,549,19,0,4,0,0,1,1,1,1785490211
2026-07-31T10:05:21Z,550,17,1,2,0,0,1,1,1,1785490648
2026-07-31T10:05:21Z,551,16,4,7,0,0,1,1,1,1785486390
2026-07-31T10:05:21Z,552,27,3,0,0,0,1,1,1,1785486390
2026-07-31T10:05:21Z,553,18,4,3,1,1,1,1,1,1785492121
2026-07-31T10:05:21Z,554,1,1,18,0,0,1,1,1,1785486691
2026-07-31T10:05:21Z,555,13,6,1,1,0,1,1,1,1785489915
2026-07-31T10:05:21Z,556,20,4,1,2,0,1,1,1,1785492246
2026-07-31T10:05:21Z,557,6,4,12,5,0,1,1,1,1785488202
2026-07-31T10:05:21Z,558,28,4,9,0,0,1,1,1,1785490667
2026-07-31T10:05:21Z,559,1,0,17,1,0,1,1,1,1785489501
2026-07-31T10:05:21Z,560,10,0,17,0,0,1,1,1,1785492157
2026-07-31T10:05:21Z,561,14,1,8,1,0,1,1,1,1785491627
2026-07-31T10:05:21Z,562,3,0,29,3,0,1,1,1,1785486691
2026-07-31T10:05:21Z,563,10,0,4,0,0,1,1,1,1785490429
2026-07-31T10:05:21Z,564,12,0,6,1,0,1,1,1,1785488201
2026-07-31T10:05:21Z,565,6,2,13,0,0,1,1,1,1785490461
2026-07-31T10:05:21Z,566,16,0,2,1,0,1,1,1,1785492040
2026-07-31T10:05:21Z,567,25,1,1,1,0,1,1,1,1785485492
2026-07-31T10:05:21Z,568,14,0,4,1,0,1,1,1,1785490328
2026-07-31T10:05:21Z,569,16,3,3,0,0,1,1,1,1785491094
2026-07-31T10:05:21Z,570,12,0,7,0,0,1,1,1,1785491560
2026-07-31T10:05:21Z,571,0,0,23,0,0,1,1,1,1785486691
2026-07-31T10:05:21Z,572,14,4,4,1,0,1,1,1,1785491187
2026-07-31T10:05:21Z,573,13,0,2,0,0,1,1,1,1785486691
2026-07-31T10:05:21Z,574,10,3,5,0,0,1,1,1,1785489676
2026-07-31T10:05:21Z,575,6,0,14,1,0,1,1,1,1785489599
2026-07-31T10:05:21Z,576,3,0,14,2,0,1,1,1,1785488201
2026-07-31T10:05:21Z,577,14,0,17,0,0,1,1,1,1785491933
2026-07-31T10:05:21Z,578,15,10,7,1,0,1,1,1,1785486996
2026-07-31T10:05:21Z,579,4,0,39,0,0,1,1,1,1785486691
2026-07-31T10:05:21Z,580,5,0,24,0,0,1,1,1,1785490191
2026-07-31T10:05:21Z,581,17,2,2,0,0,1,1,1,1785491955
2026-07-31T10:05:21Z,582,21,0,39,1,0,1,1,1,1785492287
2026-07-31T10:05:21Z,583,23,1,0,0,0,1,1,1,1785492035
2026-07-31T10:05:21Z,584,9,4,6,4,0,1,1,1,1785486691
2026-07-31T10:05:21Z,585,15,3,11,0,1,1,1,1,1785491492
2026-07-31T10:05:21Z,586,13,0,22,0,0,1,1,1,1785492308
2026-07-31T10:05:21Z,587,19,0,4,1,0,1,1,1,1785491646
2026-07-31T10:05:21Z,588,12,4,4,3,0,1,1,1,1785492290
2026-07-31T10:05:21Z,589,0,0,0,23,0,1,1,1,1785492269
2026-07-31T10:05:21Z,590,17,2,12,2,0,1,1,1,1785492102
2026-07-31T10:05:21Z,591,28,1,0,2,0,1,1,1,1785486691
2026-07-31T10:05:21Z,592,12,0,11,0,0,1,1,1,1785488952
2026-07-31T10:05:21Z,593,0,0,38,0,0,1,1,1,1785488201
2026-07-31T10:05:21Z,594,7,0,11,3,0,1,1,1,1785492038
2026-07-31T10:05:21Z,595,0,0,3,0,0,0,1,1,1784046673
2026-07-31T10:05:21Z,605,0,0,2,1,0,0,1,1,1783975843
2026-07-31T10:05:21Z,606,0,0,0,0,0,0,1,1,86400
2026-07-31T10:05:21Z,607,9,2,22,1,0,1,1,1,1785491787
2026-07-31T10:05:21Z,608,0,0,50,0,0,1,1,1,1785490318
2026-07-31T10:05:21Z,609,2,0,21,0,0,1,1,1,1785488201
2026-07-31T10:05:21Z,610,0,0,35,0,0,1,1,1,1785488201
2026-07-31T10:05:21Z,611,14,0,12,1,0,1,1,1,1785491795
2026-07-31T10:05:21Z,612,6,1,9,0,0,1,1,1,1785486691
2026-07-31T10:05:21Z,613,9,0,2,4,0,1,1,1,1785489318
2026-07-31T10:05:21Z,614,1,1,23,2,1,1,1,1,1785488202
2026-07-31T10:05:21Z,617,11,0,2,2,0,1,1,1,1785489767
2026-07-31T10:05:21Z,618,13,2,1,5,0,1,1,1,1785486690
2026-07-31T10:05:21Z,619,6,2,13,0,0,1,1,1,1785492115
2026-07-31T10:05:21Z,620,1,0,26,0,0,1,1,1,1785492178
2026-07-31T10:05:21Z,621,6,2,16,1,0,1,1,1,1785492151
2026-07-31T10:05:21Z,622,5,2,17,1,0,1,1,1,1785488201
2026-07-31T10:05:21Z,623,9,2,20,1,0,1,1,1,1785488201
2026-07-31T10:05:21Z,624,2,0,13,0,0,1,1,1,1785486691
2026-07-31T10:05:21Z,625,5,0,14,2,0,1,1,1,1785488201
2026-07-31T10:05:21Z,626,2,0,43,0,2,1,1,1,1785490207
2026-07-31T10:05:21Z,627,13,6,6,0,0,1,1,1,1785488201
2026-07-31T10:05:21Z,628,0,0,15,2,2,1,1,1,1785492209
2026-07-31T10:05:21Z,629,4,1,6,1,0,1,1,1,1785492271
2026-07-31T10:05:21Z,630,3,2,21,3,0,1,1,1,1785492089
2026-07-31T10:05:21Z,631,2,1,21,0,0,1,1,1,1785488201
2026-07-31T10:05:21Z,632,21,1,0,2,0,1,1,1,1785489788
2026-07-31T10:05:21Z,633,11,1,0,4,0,1,1,1,1785492125
2026-07-31T10:05:21Z,634,11,2,8,0,0,1,1,1,1785486991
2026-07-31T10:05:21Z,635,17,1,2,0,0,1,1,1,1785488201
2026-07-31T10:05:21Z,636,10,2,5,0,0,1,1,1,1785488201
2026-07-31T10:05:21Z,637,7,0,12,0,0,1,1,1,1785490209
2026-07-31T10:05:21Z,638,9,2,8,2,0,1,1,1,1785491617
2026-07-31T10:05:21Z,639,5,1,11,3,0,1,1,1,1785479066
2026-07-31T10:05:21Z,640,1,1,21,1,0,1,1,1,1785492088
2026-07-31T10:05:21Z,641,19,1,5,2,0,1,1,1,1785492142
2026-07-31T10:05:21Z,642,4,2,7,8,0,1,1,1,1785492309
2026-07-31T10:05:21Z,643,3,0,16,8,0,1,1,1,1785492310
2026-07-31T10:05:21Z,644,12,0,2,1,0,1,1,1,1785486991
2026-07-31T10:05:21Z,645,11,0,10,1,1,1,1,1,1785488495
2026-07-31T10:05:21Z,646,7,2,12,0,0,1,1,1,1785492283
2026-07-31T10:05:21Z,647,30,1,1,0,0,1,1,1,1785490486
2026-07-31T10:05:21Z,648,6,0,12,1,0,1,1,1,1785490674
2026-07-31T10:05:21Z,649,19,3,11,1,0,1,1,1,1785491820
2026-07-31T10:05:21Z,650,5,1,9,0,0,1,1,1,1785488201
2026-07-31T10:05:21Z,651,10,9,13,0,0,1,1,1,1785491370
2026-07-31T10:05:21Z,652,4,2,17,2,0,1,1,1,1785492078
2026-07-31T10:05:21Z,653,7,1,10,2,0,1,1,1,1785491694
2026-07-31T10:05:21Z,654,2,2,13,0,0,1,1,1,1785488202
2026-07-31T10:05:21Z,655,7,3,1,4,1,1,1,1,1785492140
2026-07-31T10:05:21Z,656,19,7,0,0,0,1,1,1,1785489841
2026-07-31T10:05:21Z,657,9,1,3,2,3,1,1,1,1785492027
2026-07-31T10:05:21Z,658,9,1,1,0,0,1,1,1,1785473427
2026-07-31T10:05:21Z,659,8,3,5,2,0,1,1,1,1785488201
2026-07-31T10:05:21Z,660,13,0,14,4,0,1,1,1,1785492311
2026-07-31T10:05:21Z,661,1,1,18,0,0,1,1,1,1785488202
2026-07-31T10:05:21Z,662,7,5,14,2,0,1,1,1,1785480458
2026-07-31T10:05:21Z,663,13,6,1,1,0,1,1,1,1785491091
2026-07-31T10:05:21Z,664,0,0,27,0,0,1,1,1,1785488202
2026-07-31T10:05:21Z,665,12,3,3,0,0,1,1,1,1785488202
2026-07-31T10:05:21Z,666,7,2,6,2,0,1,1,1,1785488201
2026-07-31T10:05:21Z,667,0,0,19,0,0,1,1,1,1785486991
2026-07-31T10:05:21Z,668,10,1,8,1,0,1,1,1,1785488201
2026-07-31T10:05:21Z,669,14,5,0,0,0,1,1,1,1785488201
2026-07-31T10:05:21Z,670,11,2,16,0,0,1,1,1,1785486992
2026-07-31T10:05:21Z,671,25,5,1,1,0,1,1,1,1785491754
2026-07-31T10:05:21Z,672,12,2,7,3,1,1,1,1,1785491597
2026-07-31T10:05:21Z,673,11,0,10,2,0,1,1,1,1785491521
2026-07-31T10:05:21Z,674,2,2,18,3,0,1,1,1,1785492244
2026-07-31T10:05:21Z,675,12,6,1,2,0,1,1,1,1785492201
2026-07-31T10:05:21Z,676,7,1,14,1,0,1,1,1,1785490771
2026-07-31T10:05:21Z,681,12,3,1,2,0,1,1,1,1785489270
2026-07-31T10:05:21Z,682,4,1,14,1,0,1,1,1,1785486991
2026-07-31T10:05:21Z,683,4,1,15,0,0,1,1,1,1785491977
2026-07-31T10:05:21Z,684,3,0,24,0,0,1,1,1,1785487883
2026-07-31T10:05:21Z,685,10,0,15,1,1,1,1,1,1785488201
2026-07-31T10:05:21Z,686,11,0,14,2,0,1,1,1,1785492066
2026-07-31T10:05:21Z,687,11,0,18,1,1,1,1,1,1785492078
2026-07-31T10:05:21Z,688,10,0,2,7,0,1,1,1,1785492150
2026-07-31T10:05:21Z,692,5,2,16,0,0,1,1,1,1785491925
2026-07-31T10:05:21Z,693,6,0,2,3,0,1,1,1,1785490800
2026-07-31T10:05:21Z,694,8,5,13,0,0,1,1,1,1785491420
2026-07-31T10:05:21Z,695,17,11,6,0,0,1,1,1,1785490694
2026-07-31T10:05:21Z,696,18,13,3,2,0,1,1,1,1785491801
2026-07-31T10:05:21Z,697,22,2,1,0,0,1,1,1,1785492025
2026-07-31T10:05:21Z,698,26,1,1,0,0,1,1,1,1785492292
2026-07-31T10:05:21Z,699,7,0,7,1,0,1,1,1,1785491102
2026-07-31T10:05:21Z,700,19,4,0,0,0,1,1,1,1785491231
2026-07-31T10:05:21Z,701,17,6,2,0,0,1,1,1,1785490665
2026-07-31T10:05:21Z,702,18,0,4,1,0,1,1,1,1785491692
2026-07-31T10:05:21Z,704,9,2,6,0,0,1,1,1,1785491876
2026-07-31T10:05:21Z,705,4,2,9,2,0,1,1,1,1785491501
2026-07-31T10:05:21Z,706,12,2,0,3,0,1,1,1,1785490627
2026-07-31T10:05:21Z,707,10,2,5,0,0,1,1,1,1785491264
2026-07-31T10:05:21Z,708,18,2,0,1,0,1,1,1,1785491472
2026-07-31T10:05:21Z,709,11,1,1,3,0,1,1,1,1785491290
2026-07-31T10:05:21Z,710,17,3,1,1,0,1,1,1,1785491916
2026-07-31T10:05:21Z,711,18,3,1,4,0,1,1,1,1785490943
2026-07-31T10:05:21Z,712,15,10,0,0,0,1,1,1,1785490644
2026-07-31T10:05:21Z,713,5,0,18,0,0,1,1,1,1785491744
2026-07-31T10:05:21Z,716,3,1,12,0,0,1,1,1,1785490987
2026-07-31T10:05:21Z,717,3,1,19,3,0,1,1,1,1785492162
2026-07-31T10:05:21Z,718,3,1,11,1,0,1,1,1,1785490812
2026-07-31T10:05:21Z,719,8,2,21,0,0,1,1,1,1785492181
2026-07-31T10:05:21Z,720,2,1,17,0,0,1,1,1,1785491278
2026-07-31T10:05:21Z,721,0,0,21,2,0,1,1,1,1785492081
2026-07-31T10:05:21Z,722,5,0,10,0,0,1,1,1,1785491031
2026-07-31T10:05:21Z,723,12,1,11,0,0,1,1,1,1785491074
2026-07-31T10:05:21Z,724,21,4,2,0,0,1,1,1,1785492227
2026-07-31T10:05:21Z,725,21,5,1,1,0,1,1,1,1785491796
2026-07-31T10:05:21Z,726,19,3,0,0,0,1,1,1,1785491997
2026-07-31T10:05:21Z,727,9,4,12,2,0,1,1,1,1785492028
2026-07-31T10:05:21Z,728,9,0,5,1,0,1,1,1,1785491580
2026-07-31T10:05:21Z,729,5,0,14,0,0,1,1,1,1785491251
2026-07-31T10:05:21Z,730,3,2,10,2,0,1,1,1,1785492176
2026-07-31T10:05:21Z,731,9,3,5,1,0,1,1,1,1785492124
2026-07-31T10:05:21Z,732,9,5,6,0,0,1,1,1,1785490512
2026-07-31T10:05:21Z,733,4,0,23,0,0,1,1,1,1785491304
2026-07-31T10:05:21Z,734,3,2,11,0,0,1,1,1,1785492282
2026-07-31T10:05:21Z,735,4,3,23,0,0,1,1,1,1785491167
2026-07-31T10:05:21Z,736,7,1,12,0,0,1,1,1,1785491719
2026-07-31T10:05:21Z,737,4,3,10,0,1,1,1,1,1785491709
2026-07-31T10:05:21Z,738,16,5,1,2,0,1,1,1,1785491678
2026-07-31T10:05:21Z,739,19,2,7,1,0,1,1,1,1785491331
2026-07-31T10:05:21Z,741,7,1,16,0,0,1,1,1,1785491610
2026-07-31T10:05:21Z,742,5,0,27,3,0,1,1,1,1785491736
2026-07-31T10:05:21Z,743,8,3,9,2,0,1,1,1,1785491480
2026-07-31T10:05:21Z,744,11,4,3,1,0,1,1,1,1785491985
2026-07-31T10:05:21Z,745,14,4,4,1,0,1,1,1,1785491995
2026-07-31T10:05:21Z,746,11,2,10,2,0,1,1,1,1785491383
2026-07-31T10:05:21Z,747,0,0,4,0,0,0,1,1,1783446606
2026-07-31T10:05:21Z,748,10,1,13,0,0,1,1,1,1785490968
2026-07-31T10:05:21Z,749,5,5,17,1,0,1,1,1,1785491599
2026-07-31T10:05:21Z,750,2,1,9,0,0,1,1,1,1785491228
2026-07-31T10:05:21Z,751,8,0,15,0,0,1,1,1,1785492220
2026-07-31T10:05:21Z,752,13,1,3,1,0,1,1,1,1785490194
2026-07-31T10:05:21Z,753,5,0,10,0,0,1,1,1,1785492121
2026-07-31T10:05:21Z,754,1,1,13,1,0,1,1,1,1785490722
2026-07-31T10:05:21Z,755,11,2,11,1,0,1,1,1,1785491435
2026-07-31T10:05:21Z,756,2,0,35,0,0,1,1,1,1785491570
2026-07-31T10:05:21Z,757,18,9,1,0,0,1,1,1,1785490959
2026-07-31T10:05:21Z,758,23,3,0,0,0,1,1,1,1785491925
2026-07-31T10:05:21Z,759,4,2,11,0,0,1,1,1,1785492110
2026-07-31T10:05:21Z,760,8,3,11,0,0,1,1,1,1785488200
2026-07-31T10:05:21Z,761,15,0,7,1,0,1,1,1,1785491414
2026-07-31T10:05:21Z,762,7,4,4,4,0,1,1,1,1785491235
2026-07-31T10:05:21Z,768,8,0,8,3,0,1,1,1,1785492215
2026-07-31T10:05:21Z,769,17,12,2,0,0,1,1,1,1785491842
2026-07-31T10:05:21Z,770,11,3,6,2,0,1,1,1,1785491777
2026-07-31T10:05:21Z,771,13,3,1,1,0,1,1,1,1785491213
2026-07-31T10:05:21Z,772,7,3,8,0,0,1,1,1,1785491834
2026-07-31T10:05:21Z,773,15,4,4,0,0,1,1,1,1785491671
2026-07-31T10:05:21Z,774,10,5,2,3,0,1,1,1,1785491614
2026-07-31T10:05:21Z,775,6,0,11,1,1,1,1,1,1785488308
2026-07-31T10:05:21Z,776,3,1,17,1,0,1,1,1,1785492001
2026-07-31T10:05:21Z,777,10,0,2,3,0,1,1,1,1785491738
2026-07-31T10:05:21Z,778,13,0,3,3,0,1,1,1,1785491725
2026-07-31T10:05:21Z,779,8,1,10,1,0,1,1,1,1785490764
2026-07-31T10:05:21Z,780,18,4,0,1,0,1,1,1,1785492197
2026-07-31T10:05:21Z,781,6,2,3,2,0,1,1,1,1785490708
2026-07-31T10:05:21Z,782,5,3,10,4,0,1,1,1,1785491497
2026-07-31T10:05:21Z,783,6,0,13,0,0,1,1,1,1785491968
2026-07-31T10:05:21Z,784,16,2,3,0,0,1,1,1,1785492191
2026-07-31T10:05:21Z,785,11,2,2,6,0,1,1,1,1785490940
2026-07-31T10:05:21Z,786,11,5,8,0,0,1,1,1,1785490586
2026-07-31T10:05:21Z,787,11,5,2,2,0,1,1,1,1785492040
2026-07-31T10:05:21Z,788,3,0,12,0,0,1,1,1,1785491259
2026-07-31T10:05:21Z,789,9,2,2,4,0,1,1,1,1785491490
2026-07-31T10:05:21Z,790,2,0,21,0,0,1,1,1,1785491894
2026-07-31T10:05:21Z,791,7,2,11,0,1,1,1,1,1785491428
2026-07-31T10:05:21Z,793,4,0,10,1,0,1,1,1,1785491631
2026-07-31T10:05:21Z,794,8,3,19,2,0,1,1,1,1785492099
2026-07-31T10:05:21Z,796,0,0,17,2,0,1,1,1,1785491429
2026-07-31T10:05:21Z,797,1,0,14,0,0,1,1,1,1785487593
2026-07-31T10:05:21Z,798,6,0,18,1,0,1,1,1,1785491265
2026-07-31T10:05:21Z,799,15,1,1,3,0,1,1,1,1785491397
2026-07-31T10:05:21Z,800,1,0,19,1,0,1,1,1,1785491026
2026-07-31T10:05:21Z,801,4,2,16,1,0,1,1,1,1785491454
2026-07-31T10:05:21Z,802,8,0,23,0,0,1,1,1,1785491559
2026-07-31T10:05:21Z,803,1,1,14,0,0,1,1,1,1785491227
2026-07-31T10:05:21Z,806,8,3,7,0,0,1,1,1,1785488200
2026-07-31T10:05:21Z,807,14,0,8,3,0,1,1,1,1785491836
2026-07-31T10:05:21Z,808,0,0,23,2,0,1,1,1,1785488225
2026-07-31T10:05:21Z,809,5,1,17,1,0,1,1,1,1785491401
2026-07-31T10:05:21Z,810,2,0,13,4,0,1,1,1,1785491861
2026-07-31T10:05:21Z,815,4,1,6,4,1,1,1,1,1785491537
2026-07-31T10:05:21Z,817,10,5,5,0,0,1,1,1,1785490742
2026-07-31T10:05:21Z,818,6,0,16,1,0,1,1,1,1785491976
2026-07-31T10:05:21Z,819,6,4,9,0,0,1,1,1,1785487291
2026-07-31T10:05:21Z,820,8,2,9,0,0,1,1,1,1785490660
2026-07-31T10:05:21Z,821,2,1,13,0,0,1,1,1,1785491589
2026-07-31T10:05:21Z,822,1,0,20,2,0,1,1,1,1785491914
2026-07-31T10:05:21Z,823,0,0,14,1,0,1,1,1,1785491060
2026-07-31T10:05:21Z,824,13,4,5,1,0,1,1,1,1785492224
2026-07-31T10:05:21Z,825,8,5,7,0,0,1,1,1,1785488201
2026-07-31T10:05:21Z,826,10,2,8,1,0,1,1,1,1785490535
2026-07-31T10:05:21Z,827,16,5,4,1,0,1,1,1,1785491860
2026-07-31T10:05:21Z,828,10,0,6,1,1,1,1,1,1785492254
2026-07-31T10:05:21Z,829,16,7,11,0,0,1,1,1,1785490777
2026-07-31T10:05:21Z,830,13,3,9,1,0,1,1,1,1785491840
2026-07-31T10:05:21Z,831,7,2,7,1,0,1,1,1,1785491029
2026-07-31T10:05:21Z,832,10,3,5,3,0,1,1,1,1785491116
2026-07-31T10:05:21Z,833,1,0,17,1,0,1,1,1,1785490871
2026-07-31T10:05:21Z,834,1,0,22,1,0,1,1,1,1785492187
2026-07-31T10:05:21Z,835,16,6,0,2,0,1,1,1,1785490602
2026-07-31T10:05:21Z,837,5,1,0,10,0,1,1,1,1785491097
2026-07-31T10:05:21Z,838,13,3,2,0,0,1,1,1,1785491766
2026-07-31T10:05:21Z,839,19,1,10,0,0,1,1,1,1785491470
2026-07-31T10:05:21Z,840,7,3,20,2,0,1,1,1,1785492233
2026-07-31T10:05:21Z,841,7,1,8,0,0,1,1,1,1785491026
2026-07-31T10:05:21Z,842,7,2,16,0,0,1,1,1,1785490822
2026-07-31T10:05:21Z,843,8,0,22,1,0,1,1,1,1785491062
2026-07-31T10:05:21Z,844,6,0,17,0,0,1,1,1,1785491021
2026-07-31T10:05:21Z,845,5,3,12,2,0,1,1,1,1785491204
2026-07-31T10:05:21Z,846,3,0,14,2,0,1,1,1,1785492274
2026-07-31T10:05:21Z,847,7,1,20,0,0,1,1,1,1785491946
2026-07-31T10:05:21Z,848,10,3,8,1,0,1,1,1,1785488215
2026-07-31T10:05:21Z,849,7,2,8,0,0,1,1,1,1785492000
2026-07-31T10:05:21Z,850,9,0,1,1,0,1,1,1,1785492252
2026-07-31T10:05:21Z,851,3,3,32,2,0,1,1,1,1785492103
2026-07-31T10:05:21Z,852,12,6,7,0,0,1,1,1,1785490918
2026-07-31T10:05:21Z,853,10,5,13,0,0,1,1,1,1785491795
2026-07-31T10:05:21Z,854,3,2,12,0,0,1,1,1,1785491861
2026-07-31T10:05:21Z,855,25,0,2,0,0,1,1,1,1785488200
2026-07-31T10:05:21Z,857,1,1,18,0,0,1,1,1,1785491115
2026-07-31T10:05:21Z,858,4,1,14,1,0,1,1,1,1785491576
2026-07-31T10:05:21Z,859,3,0,17,1,0,1,1,1,1785491799
2026-07-31T10:05:21Z,861,8,1,2,1,0,1,1,1,1785488201
2026-07-31T10:05:21Z,862,2,1,13,0,0,1,1,1,1785491053
2026-07-31T10:05:21Z,863,13,0,5,1,0,1,1,1,1785488200
2026-07-31T10:05:21Z,866,11,3,8,0,0,1,1,1,1785491355
2026-07-31T10:05:21Z,867,12,0,3,0,0,1,1,1,1785490668
2026-07-31T10:05:21Z,868,13,2,2,0,0,1,1,1,1785490876
2026-07-31T10:05:21Z,870,7,4,6,2,0,1,1,1,1785491093
2026-07-31T10:05:21Z,871,0,0,10,1,0,1,1,1,1785492285
2026-07-31T10:05:21Z,872,0,0,14,1,0,1,1,1,1785491013
2026-07-31T10:05:21Z,873,0,0,32,1,0,1,1,1,1785490998
2026-07-31T10:05:21Z,874,5,2,7,3,0,1,1,1,1785491194
2026-07-31T10:05:21Z,875,15,11,0,0,0,1,1,1,1785492072
2026-07-31T10:05:21Z,877,11,10,6,2,0,1,1,1,1785490620
2026-07-31T10:05:21Z,878,3,2,15,1,0,1,1,1,1785491202
2026-07-31T10:05:21Z,879,1,0,18,0,0,1,1,1,1785492059
2026-07-31T10:05:21Z,880,3,0,19,1,0,1,1,1,1785492070
2026-07-31T10:05:21Z,881,2,0,17,0,0,1,1,1,1785491054
2026-07-31T10:05:21Z,882,10,0,6,3,0,1,1,1,1785488200
2026-07-31T10:05:21Z,883,10,6,9,0,0,1,1,1,1785491321
2026-07-31T10:05:21Z,884,11,7,10,0,0,1,1,1,1785490612
2026-07-31T10:05:21Z,885,1,0,18,0,0,1,1,1,1785490902
2026-07-31T10:05:21Z,886,16,1,12,1,0,1,1,1,1785491696
2026-07-31T10:05:21Z,887,3,1,11,3,0,1,1,1,1785491616
2026-07-31T10:05:21Z,888,12,0,27,2,0,1,1,1,1785492286
2026-07-31T10:05:21Z,889,17,1,0,2,0,1,1,1,1785491208
2026-07-31T10:05:21Z,890,6,4,9,0,0,1,1,1,1785489632
2026-07-31T10:05:21Z,891,21,0,2,0,0,1,1,1,1785492214
2026-07-31T10:05:21Z,892,13,1,2,0,0,1,1,1,1785488200
2026-07-31T10:05:21Z,895,0,0,18,1,0,1,1,1,1785489208
2026-07-31T10:05:21Z,896,7,0,28,0,0,1,1,1,1785490930
2026-07-31T10:05:21Z,897,11,1,10,0,0,1,1,1,1785491092
2026-07-31T10:05:21Z,898,2,0,17,0,0,1,1,1,1785490820
2026-07-31T10:05:21Z,899,0,0,18,1,0,1,1,1,1785491868
2026-07-31T10:05:21Z,900,19,1,6,2,0,1,1,1,1785492048
2026-07-31T10:05:21Z,901,11,0,7,1,0,1,1,1,1785492265
2026-07-31T10:05:21Z,902,9,0,5,1,0,1,1,1,1785490758
2026-07-31T10:05:21Z,903,14,2,4,1,0,1,1,1,1785492019
2026-07-31T10:05:21Z,904,10,4,8,1,0,1,1,1,1785491209
2026-07-31T10:05:21Z,905,4,0,23,0,0,1,1,1,1785491310
2026-07-31T10:05:21Z,906,8,5,19,0,0,1,1,1,1785492065
2026-07-31T10:05:21Z,907,7,1,24,0,0,1,1,1,1785491417
2026-07-31T10:05:21Z,908,11,0,12,0,0,1,1,1,1785491196
2026-07-31T10:05:21Z,909,14,4,8,1,0,1,1,1,1785490918
2026-07-31T10:05:21Z,910,21,1,10,0,0,1,1,1,1785491939
2026-07-31T10:05:21Z,911,4,1,15,0,0,1,1,1,1785491772
2026-07-31T10:05:21Z,912,9,5,12,2,0,1,1,1,1785491685
2026-07-31T10:05:21Z,913,3,1,16,0,0,1,1,1,1785491735
2026-07-31T10:05:21Z,914,8,2,11,0,0,1,1,1,1785491554
2026-07-31T10:05:21Z,915,9,1,13,1,0,1,1,1,1785492042
2026-07-31T10:05:21Z,916,22,7,0,1,0,1,1,1,1785491693
2026-07-31T10:05:21Z,917,5,1,28,2,0,1,1,1,1785492023
2026-07-31T10:05:21Z,918,12,4,5,2,0,1,1,1,1785492166
2026-07-31T10:05:21Z,919,16,3,21,2,0,1,1,1,1785491821
2026-07-31T10:05:21Z,920,4,2,15,0,0,1,1,1,1785491549
2026-07-31T10:05:21Z,921,12,0,9,0,0,1,1,1,1785490886
2026-07-31T10:05:21Z,922,4,1,17,0,0,1,1,1,1785491690
2026-07-31T10:05:21Z,923,19,2,0,0,0,1,1,1,1785490563
2026-07-31T10:05:21Z,924,8,2,13,0,0,1,1,1,1785491900
2026-07-31T10:05:21Z,925,13,0,8,0,0,1,1,1,1785491364
2026-07-31T10:05:21Z,926,0,0,21,0,0,1,1,1,1785491504
2026-07-31T10:05:21Z,927,1,0,34,0,0,1,1,1,1785491912
2026-07-31T10:05:21Z,928,5,3,14,0,0,1,1,1,1785464301
2026-07-31T10:05:21Z,929,0,0,23,0,0,1,1,1,1785490519
2026-07-31T10:05:21Z,930,0,0,30,1,0,1,1,1,1785491117
2026-07-31T10:05:21Z,931,8,3,15,0,0,1,1,1,1785491437
2026-07-31T10:05:21Z,932,4,0,12,3,0,1,1,1,1785491274
2026-07-31T10:05:21Z,933,0,0,23,0,0,1,1,1,1785491486
2026-07-31T10:05:21Z,934,3,0,27,1,0,1,1,1,1785491206
2026-07-31T10:05:21Z,935,11,3,7,1,0,1,1,1,1785492065
2026-07-31T10:05:21Z,936,4,1,15,0,0,1,1,1,1785456801
2026-07-31T10:05:21Z,940,9,0,2,0,0,1,1,1,1785491001
2026-07-31T10:05:21Z,941,10,1,13,2,0,1,1,1,1785491625
2026-07-31T10:05:21Z,942,6,1,15,0,0,1,1,1,1785492002
2026-07-31T10:05:21Z,943,9,8,6,0,0,1,1,1,1785491125
2026-07-31T10:05:21Z,944,9,8,6,0,0,1,1,1,1785490942
2026-07-31T10:05:21Z,945,10,8,5,0,0,1,1,1,1785492269
2026-07-31T10:05:21Z,946,7,5,12,0,0,1,1,1,1785487593
2026-07-31T10:05:21Z,947,7,5,10,0,0,1,1,1,1785490955
2026-07-31T10:05:21Z,948,24,8,2,5,0,1,1,1,1785491718
2026-07-31T10:05:21Z,949,1,0,14,0,0,1,1,1,1785492136
2026-07-31T10:05:21Z,950,14,4,2,1,0,1,1,1,1785491167
2026-07-31T10:05:21Z,951,18,4,5,0,0,1,1,1,1785491758
2026-07-31T10:05:21Z,952,11,0,44,0,0,1,1,1,1785492254
2026-07-31T10:05:21Z,953,13,2,1,1,0,1,1,1,1785492039
2026-07-31T10:05:21Z,954,17,4,2,0,0,1,1,1,1785491067
2026-07-31T10:05:21Z,955,4,3,17,6,0,1,1,1,1785491858
2026-07-31T10:05:21Z,956,21,0,1,1,0,1,1,1,1785491699
2026-07-31T10:05:21Z,957,15,0,14,0,0,1,1,1,1785492172
2026-07-31T10:05:21Z,958,20,1,11,0,0,1,1,1,1785492117
2026-07-31T10:05:21Z,959,20,8,0,3,0,1,1,1,1785490845
2026-07-31T10:05:21Z,960,22,1,0,1,0,1,1,1,1785491329
2026-07-31T10:05:21Z,961,3,2,17,3,0,1,1,1,1785491676
2026-07-31T10:05:21Z,962,9,3,23,3,0,1,1,1,1785492002
2026-07-31T10:05:21Z,963,9,0,13,1,0,1,1,1,1785491984
2026-07-31T10:05:21Z,964,20,8,2,1,0,1,1,1,1785491323
2026-07-31T10:05:21Z,965,5,1,21,1,0,1,1,1,1785491171
2026-07-31T10:05:21Z,966,28,0,3,0,0,1,1,1,1785491684
2026-07-31T10:05:21Z,967,18,0,1,2,0,1,1,1,1785492051
2026-07-31T10:05:21Z,968,15,0,3,1,0,1,1,1,1785490947
2026-07-31T10:05:21Z,969,10,6,15,2,0,1,1,1,1785490965
2026-07-31T10:05:21Z,970,12,1,5,2,0,1,1,1,1785491581
2026-07-31T10:05:21Z,971,12,0,10,1,0,1,1,1,1785491786
2026-07-31T10:05:21Z,972,9,1,13,1,0,1,1,1,1785490921
2026-07-31T10:05:21Z,973,9,4,13,1,0,1,1,1,1785492251
2026-07-31T10:05:21Z,974,12,0,15,0,0,1,1,1,1785491636
2026-07-31T10:05:21Z,977,7,7,11,3,0,1,1,1,1785491188
2026-07-31T10:05:21Z,978,11,0,12,0,0,1,1,1,1785492054
2026-07-31T10:05:21Z,979,13,1,4,0,0,1,1,1,1785492190
2026-07-31T10:05:21Z,980,1,0,18,2,0,1,1,1,1785490520
2026-07-31T10:05:21Z,981,19,1,1,1,0,1,1,1,1785490685
2026-07-31T10:05:21Z,982,3,1,14,2,0,1,1,1,1785490987
2026-07-31T10:05:21Z,983,2,1,20,1,0,1,1,1,1785491403
2026-07-31T10:05:21Z,984,6,0,17,0,0,1,1,1,1785490583
2026-07-31T10:05:21Z,985,11,0,20,0,0,1,1,1,1785492087
2026-07-31T10:05:21Z,986,4,0,15,0,0,1,1,1,1785490985
2026-07-31T10:05:21Z,987,6,0,16,1,0,1,1,1,1785491526
2026-07-31T10:05:21Z,988,5,1,13,1,0,1,1,1,1785491137
2026-07-31T10:05:21Z,989,9,4,10,0,0,1,1,1,1785491943
2026-07-31T10:05:21Z,990,13,1,0,2,0,1,1,1,1785491186
2026-07-31T10:05:21Z,991,10,2,8,1,0,1,1,1,1785490851
2026-07-31T10:05:21Z,992,10,7,12,1,0,1,1,1,1785491725
2026-07-31T10:05:21Z,993,0,0,27,0,0,1,1,1,1785476008
2026-07-31T10:05:21Z,994,3,1,18,0,0,1,1,1,1785491941
2026-07-31T10:05:21Z,995,7,1,20,0,0,1,1,1,1785491812
2026-07-31T10:05:21Z,996,8,1,15,0,0,1,1,1,1785490962
2026-07-31T10:05:21Z,997,11,5,10,2,0,1,1,1,1785492260
2026-07-31T10:05:21Z,998,3,2,19,1,0,1,1,1,1785491276
2026-07-31T10:05:21Z,999,3,1,15,2,1,1,1,1,1785491055
2026-07-31T10:05:21Z,1000,5,2,16,0,0,1,1,1,1785492305
2026-07-31T10:05:21Z,1001,2,1,25,0,0,1,1,1,1785491949
2026-07-31T10:05:21Z,1002,0,0,27,4,0,1,1,1,1785491304
2026-07-31T10:05:21Z,1003,0,0,22,1,0,1,1,1,1785490924
2026-07-31T10:05:21Z,1004,8,1,15,0,0,1,1,1,1785492182
2026-07-31T10:05:21Z,1005,20,1,3,0,0,1,1,1,1785491113
2026-07-31T10:05:21Z,1006,7,4,11,1,0,1,1,1,1785490948
2026-07-31T10:05:21Z,1007,2,1,19,0,0,1,1,1,1785490580
2026-07-31T10:05:21Z,1008,6,5,15,2,0,1,1,1,1785491901
2026-07-31T10:05:21Z,1009,19,2,8,4,0,1,1,1,1785491769
2026-07-31T10:05:21Z,1010,7,2,20,0,0,1,1,1,1785490786
2026-07-31T10:05:21Z,1011,8,2,9,2,0,1,1,1,1785491321
2026-07-31T10:05:21Z,1012,4,3,18,1,0,1,1,1,1785490879
2026-07-31T10:05:21Z,1013,4,1,18,1,0,1,1,1,1785491476
2026-07-31T10:05:21Z,1014,7,2,13,3,0,1,1,1,1785491397
2026-07-31T10:05:21Z,1015,3,1,25,3,0,1,1,1,1785491677
2026-07-31T10:05:21Z,1016,10,5,21,0,0,1,1,1,1785490744
2026-07-31T10:05:21Z,1017,14,5,7,0,0,1,1,1,1785492102
2026-07-31T10:05:21Z,1018,7,2,15,0,0,1,1,1,1785490966
2026-07-31T10:05:21Z,1019,9,6,6,0,0,1,1,1,1785490894
2026-07-31T10:05:21Z,1020,18,3,3,0,0,1,1,1,1785491971
2026-07-31T10:05:21Z,1021,9,3,5,1,0,1,1,1,1785491695
2026-07-31T10:05:21Z,1022,14,0,13,0,0,1,1,1,1785491058
2026-07-31T10:05:21Z,1023,13,1,9,1,0,1,1,1,1785490702
2026-07-31T10:05:21Z,1024,5,2,13,1,0,1,1,1,1785491698
2026-07-31T10:05:21Z,1025,4,0,14,0,1,1,1,1,1785491027
2026-07-31T10:05:21Z,1026,7,4,18,6,0,1,1,1,1785492265
2026-07-31T10:05:21Z,1028,2,0,20,1,0,1,1,1,1785491058
2026-07-31T10:05:21Z,1029,9,9,5,1,0,1,1,1,1785491992
2026-07-31T10:05:21Z,1030,14,5,9,0,0,1,1,1,1785491740
2026-07-31T10:05:21Z,1031,8,0,11,0,0,1,1,1,1785492104
2026-07-31T10:05:21Z,1032,7,1,12,0,0,1,1,1,1785490953
2026-07-31T10:05:21Z,1033,9,5,9,1,0,1,1,1,1785491766
2026-07-31T10:05:21Z,1034,2,0,13,0,0,1,1,1,1785490968
2026-07-31T10:05:21Z,1035,1,0,16,2,0,1,1,1,1785490999
2026-07-31T10:05:21Z,1036,14,0,1,0,0,1,1,1,1785491583
2026-07-31T10:05:21Z,1037,4,0,14,1,0,1,1,1,1785491506
2026-07-31T10:05:21Z,1038,2,0,12,1,0,1,1,1,1785490666
2026-07-31T10:05:21Z,1039,7,2,12,0,0,1,1,1,1785491107
2026-07-31T10:05:21Z,1040,7,3,10,2,0,1,1,1,1785490990
2026-07-31T10:05:21Z,1041,10,3,8,1,0,1,1,1,1785491685
2026-07-31T10:05:21Z,1042,12,1,1,2,0,1,1,1,1785491210
2026-07-31T10:05:21Z,1043,9,0,7,3,0,1,1,1,1785491026
2026-07-31T10:05:21Z,1044,2,1,12,1,0,1,1,1,1785490721
2026-07-31T10:05:21Z,1045,11,1,8,0,0,1,1,1,1785490940
2026-07-31T10:05:21Z,1046,9,0,6,0,0,1,1,1,1785492158
2026-07-31T10:05:21Z,1047,4,0,17,0,0,1,1,1,1785491707
2026-07-31T10:05:21Z,1048,10,1,9,0,0,1,1,1,1785490917
2026-07-31T10:05:21Z,1049,6,0,15,0,0,1,1,1,1785490980
2026-07-31T10:05:21Z,1050,17,4,4,0,0,1,1,1,1785492079
2026-07-31T10:05:21Z,1051,8,3,13,0,0,1,1,1,1785491971
2026-07-31T10:05:21Z,1052,17,2,5,0,0,1,1,1,1785490780
2026-07-31T10:05:21Z,1053,2,1,13,0,0,1,1,1,1785490846
2026-07-31T10:05:21Z,1054,14,1,1,0,0,1,1,1,1785491106
2026-07-31T10:05:21Z,1055,8,2,11,0,0,1,1,1,1785492113
2026-07-31T10:05:21Z,1057,18,0,0,1,0,1,1,1,1785491093
2026-07-31T10:05:21Z,1058,1,0,55,0,0,1,1,1,1785491030
2026-07-31T10:05:21Z,1059,0,0,18,1,0,1,1,1,1785490976
2026-07-31T10:05:21Z,1060,30,0,7,0,0,1,1,1,1785491773
2026-07-31T10:05:21Z,1061,10,1,26,1,0,1,1,1,1785491594
2026-07-31T10:05:21Z,1062,2,0,15,0,0,1,1,1,1785491460
2026-07-31T10:05:21Z,1063,12,1,6,1,0,1,1,1,1785490996
2026-07-31T10:05:21Z,1064,3,0,19,1,0,1,1,1,1785491328
2026-07-31T10:05:21Z,1065,16,3,7,0,0,1,1,1,1785491568
2026-07-31T10:05:21Z,1066,10,2,13,0,0,1,1,1,1785491393
2026-07-31T10:05:21Z,1067,8,2,13,2,0,1,1,1,1785491660
2026-07-31T10:05:21Z,1068,8,2,13,2,0,1,1,1,1785491152
2026-07-31T10:05:21Z,1069,12,3,11,0,0,1,1,1,1785491202
2026-07-31T10:05:21Z,1070,12,2,11,0,0,1,1,1,1785491298
2026-07-31T10:05:21Z,1071,7,4,16,0,0,1,1,1,1785491337
2026-07-31T10:05:21Z,1072,11,1,11,1,0,1,1,1,1785491723
2026-07-31T10:05:21Z,1073,25,6,1,1,0,1,1,1,1785491540
2026-07-31T10:05:21Z,1074,0,0,52,1,0,1,1,1,1785491077
2026-07-31T10:05:21Z,1075,10,10,11,0,0,1,1,1,1785490706
2026-07-31T10:05:21Z,1076,14,11,7,0,0,1,1,1,1785491960
2026-07-31T10:05:21Z,1077,8,5,13,0,0,1,1,1,1785490923
2026-07-31T10:05:21Z,1078,11,10,10,0,0,1,1,1,1785492003
2026-07-31T10:05:21Z,1079,11,8,10,0,0,1,1,1,1785490814
2026-07-31T10:05:21Z,1080,10,8,10,1,0,1,1,1,1785491414
2026-07-31T10:05:21Z,1081,13,8,6,0,0,1,1,1,1785491804
2026-07-31T10:05:21Z,1082,7,7,1,0,0,1,1,1,1785491286
2026-07-31T10:05:21Z,1083,13,11,8,0,0,1,1,1,1785491082
2026-07-31T10:05:21Z,1084,9,8,12,0,0,1,1,1,1785490699
2026-07-31T10:05:21Z,1085,10,10,11,0,0,1,1,1,1785492162
2026-07-31T10:05:21Z,1086,0,0,20,1,0,1,1,1,1785491050
2026-07-31T10:05:21Z,1087,12,7,3,0,0,1,1,1,1785492056
2026-07-31T10:05:21Z,1088,10,7,5,0,0,1,1,1,1785490999
2026-07-31T10:05:21Z,1089,5,3,10,0,0,1,1,1,1785491355
2026-07-31T10:05:21Z,1090,11,10,4,0,0,1,1,1,1785491885
2026-07-31T10:05:21Z,1091,12,7,3,0,0,1,1,1,1785491797
2026-07-31T10:05:21Z,1092,9,9,5,1,0,1,1,1,1785491344
2026-07-31T10:05:21Z,1093,7,6,8,0,0,1,1,1,1785491706
2026-07-31T10:05:21Z,1094,10,8,8,1,0,1,1,1,1785490952
2026-07-31T10:05:21Z,1095,9,8,6,0,0,1,1,1,1785491650
2026-07-31T10:05:21Z,1096,3,1,15,1,0,1,1,1,1785491316
2026-07-31T10:05:21Z,1097,9,9,6,0,0,1,1,1,1785491531
2026-07-31T10:05:21Z,1098,9,7,10,0,0,1,1,1,1785491871
2026-07-31T10:05:21Z,1099,7,6,8,0,0,1,1,1,1785490786
2026-07-31T10:05:21Z,1100,6,2,23,0,0,1,1,1,1785487894
2026-07-31T10:05:21Z,1101,9,5,12,0,0,1,1,1,1785490679
2026-07-31T10:05:21Z,1102,9,4,4,0,0,1,1,1,1785491782
2026-07-31T10:05:21Z,1103,10,5,11,0,0,1,1,1,1785487895
2026-07-31T10:05:21Z,1104,10,5,11,0,0,1,1,1,1785492251
2026-07-31T10:05:21Z,1105,7,3,6,0,0,1,1,1,1785491668
2026-07-31T10:05:21Z,1106,13,7,8,0,0,1,1,1,1785490774
2026-07-31T10:05:21Z,1107,9,5,6,0,0,1,1,1,1785491068
2026-07-31T10:05:21Z,1108,6,3,18,3,0,1,1,1,1785491560
2026-07-31T10:05:21Z,1109,6,1,9,0,0,1,1,1,1785491025
2026-07-31T10:05:21Z,1110,12,4,9,0,0,1,1,1,1785492121
2026-07-31T10:05:21Z,1111,3,2,18,0,0,1,1,1,1785475740
2026-07-31T10:05:21Z,1112,39,0,14,0,0,1,1,1,1785492002
2026-07-31T10:05:21Z,1113,1,0,20,0,0,1,1,1,1785492076
2026-07-31T10:05:21Z,1115,17,5,3,3,0,1,1,1,1785491470
2026-07-31T10:05:21Z,1116,5,1,14,0,0,1,1,1,1785490972
2026-07-31T10:05:21Z,1117,10,3,13,0,0,1,1,1,1785491351
2026-07-31T10:05:21Z,1118,17,1,3,1,0,1,1,1,1785492156
2026-07-31T10:05:21Z,1119,13,1,4,0,0,1,1,1,1785491986
2026-07-31T10:05:21Z,1120,13,0,6,0,0,1,1,1,1785491052
2026-07-31T10:05:21Z,1121,14,2,4,3,0,1,1,1,1785488201
2026-07-31T10:05:21Z,1122,15,9,3,3,0,1,1,1,1785492225
2026-07-31T10:05:21Z,1123,6,3,15,2,0,1,1,1,1785492255
2026-07-31T10:05:21Z,1124,9,1,2,4,0,1,1,1,1785491996
2026-07-31T10:05:21Z,1125,15,1,8,0,0,1,1,1,1785491249
2026-07-31T10:05:21Z,1126,4,0,16,1,0,1,1,1,1785492150
2026-07-31T10:05:21Z,1127,6,1,12,1,0,1,1,1,1785491292
2026-07-31T10:05:21Z,1128,14,2,0,1,0,1,1,1,1785490974
2026-07-31T10:05:21Z,1129,3,2,17,1,0,1,1,1,1785490699
2026-07-31T10:05:21Z,1130,6,0,9,0,0,1,1,1,1785490762
2026-07-31T10:05:21Z,1131,0,0,48,1,0,1,1,1,1785491736
2026-07-31T10:05:21Z,1132,13,6,7,1,0,1,1,1,1785490857
2026-07-31T10:05:21Z,1133,14,11,5,2,0,1,1,1,1785491907
2026-07-31T10:05:21Z,1134,11,7,8,0,0,1,1,1,1785491478
2026-07-31T10:05:21Z,1135,10,5,11,0,0,1,1,1,1785490572
2026-07-31T10:05:21Z,1136,6,0,17,0,0,1,1,1,1785491143
2026-07-31T10:05:21Z,1137,13,0,2,0,0,1,1,1,1785490892
2026-07-31T10:05:21Z,1138,15,2,4,0,0,1,1,1,1785490933
2026-07-31T10:05:21Z,1139,18,4,1,2,0,1,1,1,1785491457
2026-07-31T10:05:21Z,1140,22,3,0,1,0,1,1,1,1785490679
2026-07-31T10:05:21Z,1141,2,1,19,0,0,1,1,1,1785492188
2026-07-31T10:05:21Z,1142,2,0,19,0,0,1,1,1,1785491610
2026-07-31T10:05:21Z,1143,20,0,8,1,0,1,1,1,1785490706
2026-07-31T10:05:21Z,1144,7,1,13,1,0,1,1,1,1785491214
2026-07-31T10:05:21Z,1145,13,6,7,1,0,1,1,1,1785491351
2026-07-31T10:05:21Z,1146,10,0,5,4,0,1,1,1,1785490511
2026-07-31T10:05:21Z,1147,3,0,16,0,0,1,1,1,1785490897
2026-07-31T10:05:21Z,1148,24,6,7,0,0,1,1,1,1785491652
2026-07-31T10:05:21Z,1149,3,3,22,0,0,1,1,1,1785491257
2026-07-31T10:05:21Z,1150,18,1,1,0,0,1,1,1,1785490758
2026-07-31T10:05:21Z,1151,12,0,9,0,0,1,1,1,1785491619
2026-07-31T10:05:21Z,1152,18,1,11,0,0,1,1,1,1785492235
2026-07-31T10:05:21Z,1153,22,6,0,1,0,1,1,1,1785491507
2026-07-31T10:05:21Z,1154,13,1,6,0,0,1,1,1,1785492218
2026-07-31T10:05:21Z,1155,15,6,5,1,0,1,1,1,1785490963
2026-07-31T10:05:21Z,1158,3,0,15,1,0,1,1,1,1785491720
2026-07-31T10:05:21Z,1159,13,1,6,0,0,1,1,1,1785491216
2026-07-31T10:05:21Z,1160,9,1,9,1,0,1,1,1,1785491836
2026-07-31T10:05:21Z,1161,3,0,15,1,0,1,1,1,1785491351
2026-07-31T10:05:21Z,1162,2,1,17,0,0,1,1,1,1785491601
2026-07-31T10:05:21Z,1163,1,1,17,1,0,1,1,1,1785490977
2026-07-31T10:05:21Z,1164,6,1,13,0,0,1,1,1,1785491036
2026-07-31T10:05:21Z,1165,5,0,16,0,0,1,1,1,1785491769
2026-07-31T10:05:21Z,1166,12,3,8,1,0,1,1,1,1785491283
2026-07-31T10:05:21Z,1167,4,0,11,0,0,1,1,1,1785490746
2026-07-31T10:05:21Z,1168,2,1,20,1,0,1,1,1,1785491232
2026-07-31T10:05:21Z,1169,3,0,15,1,0,1,1,1,1785490884
2026-07-31T10:05:21Z,1170,6,0,14,1,0,1,1,1,1785491254
2026-07-31T10:05:21Z,1171,8,7,14,1,0,1,1,1,1785490926
2026-07-31T10:05:21Z,1172,7,2,6,2,0,1,1,1,1785491138
2026-07-31T10:05:21Z,1173,13,5,6,0,0,1,1,1,1785491133
2026-07-31T10:05:21Z,1174,6,3,9,0,0,1,1,1,1785490886
2026-07-31T10:05:21Z,1175,8,4,11,0,0,1,1,1,1785491319
2026-07-31T10:05:21Z,1176,19,1,2,0,0,1,1,1,1785492153
2026-07-31T10:05:21Z,1177,2,0,19,0,0,1,1,1,1785492075
2026-07-31T10:05:21Z,1178,2,1,13,0,0,1,1,1,1785490784
2026-07-31T10:05:21Z,1181,10,0,4,1,0,1,1,1,1785490378
2026-07-31T10:05:21Z,1182,1,0,19,0,0,1,1,1,1785491546
2026-07-31T10:05:21Z,1183,1,0,42,2,0,1,1,1,1785490816
2026-07-31T10:05:21Z,1184,12,6,8,1,0,1,1,1,1785492258
2026-07-31T10:05:21Z,1185,10,5,11,0,0,1,1,1,1785492203
2026-07-31T10:05:21Z,1186,9,5,10,0,0,1,1,1,1785491400
2026-07-31T10:05:21Z,1187,12,6,8,1,0,1,1,1,1785491754
2026-07-31T10:05:21Z,1188,10,5,5,0,0,1,1,1,1785491732
2026-07-31T10:05:21Z,1189,10,5,9,0,0,1,1,1,1785491161
2026-07-31T10:05:21Z,1190,10,5,11,0,0,1,1,1,1785490554
2026-07-31T10:05:21Z,1191,10,5,5,0,0,1,1,1,1785491082
2026-07-31T10:05:21Z,1192,10,6,10,1,0,1,1,1,1785490923
2026-07-31T10:05:21Z,1193,6,4,5,2,0,1,1,1,1785491899
2026-07-31T10:05:21Z,1197,9,6,7,1,0,1,1,1,1785491862
2026-07-31T10:05:21Z,1198,14,4,5,2,0,1,1,1,1785491446
2026-07-31T10:05:21Z,1199,2,0,17,0,0,1,1,1,1785491461
2026-07-31T10:05:21Z,1200,11,5,4,0,0,1,1,1,1785491118
2026-07-31T10:05:21Z,1201,11,5,4,0,0,1,1,1,1785491095
2026-07-31T10:05:21Z,1202,12,6,3,0,0,1,1,1,1785491194
2026-07-31T10:05:21Z,1203,9,6,6,0,0,1,1,1,1785491091
2026-07-31T10:05:21Z,1204,7,3,11,1,0,1,1,1,1785490835
2026-07-31T10:05:21Z,1206,11,5,10,0,0,1,1,1,1785491870
2026-07-31T10:05:21Z,1207,8,4,6,1,0,1,1,1,1785491407
2026-07-31T10:05:21Z,1208,7,2,11,1,0,1,1,1,1785491315
2026-07-31T10:05:21Z,1216,7,0,13,1,0,1,1,1,1785492099
2026-07-31T10:05:21Z,1218,4,0,17,0,0,1,1,1,1785490677
2026-07-31T10:05:21Z,1219,6,1,8,1,0,1,1,1,1785492023
2026-07-31T10:05:21Z,1220,14,7,4,1,0,1,1,1,1785492150
2026-07-31T10:05:21Z,1221,1,1,19,1,0,1,1,1,1785491804
2026-07-31T10:05:21Z,1222,29,1,0,0,0,1,1,1,1785491888
2026-07-31T10:05:21Z,1223,23,0,6,0,0,1,1,1,1785490764
2026-07-31T10:05:21Z,1226,0,0,3,0,0,0,1,1,1781868931
2026-07-31T10:05:21Z,1227,22,1,3,0,0,1,1,1,1785490790
2026-07-31T10:05:21Z,1228,15,1,13,1,0,1,1,1,1785491873
2026-07-31T10:05:21Z,1229,34,0,10,0,1,1,1,1,1785492308
2026-07-31T10:10:21Z,1,2,0,21,0,0,1,1,1,1785492071
2026-07-31T10:10:21Z,2,21,0,3,3,0,1,1,1,1785492483
2026-07-31T10:10:21Z,3,9,0,4,1,0,1,1,1,1785485488
2026-07-31T10:10:21Z,4,1,0,20,1,0,1,1,1,1785487895
2026-07-31T10:10:21Z,5,9,3,13,1,0,1,1,1,1785484887
2026-07-31T10:10:21Z,6,6,2,9,0,0,1,1,1,1785486991
2026-07-31T10:10:21Z,7,1,0,38,0,0,1,1,1,1785492363
2026-07-31T10:10:21Z,8,0,0,43,0,0,1,1,1,1785487014
2026-07-31T10:10:21Z,9,1,0,21,1,0,1,1,1,1785492426
2026-07-31T10:10:21Z,10,1,0,20,3,0,1,1,1,1785491840
2026-07-31T10:10:21Z,11,16,6,2,1,0,1,1,1,1785492323
2026-07-31T10:10:21Z,12,0,0,23,0,0,1,1,1,1785490105
2026-07-31T10:10:21Z,13,11,0,19,0,0,1,1,1,1785488834
2026-07-31T10:10:21Z,14,3,0,39,0,1,1,1,1,1785491439
2026-07-31T10:10:21Z,15,3,0,12,0,0,1,1,1,1785488861
2026-07-31T10:10:21Z,16,8,0,16,2,1,1,1,1,1785487292
2026-07-31T10:10:21Z,17,7,0,19,1,0,1,1,1,1785491479
2026-07-31T10:10:21Z,18,6,0,10,2,0,1,1,1,1785492179
2026-07-31T10:10:21Z,19,10,0,16,1,0,1,1,1,1785492542
2026-07-31T10:10:21Z,20,31,0,4,0,0,1,1,1,1785491965
2026-07-31T10:10:21Z,21,1,0,17,1,0,1,1,1,1785484888
2026-07-31T10:10:21Z,22,19,0,45,1,0,1,1,1,1785492488
2026-07-31T10:10:21Z,23,10,5,21,0,0,1,1,1,1785487895
2026-07-31T10:10:21Z,24,0,0,9,2,0,1,1,1,1785492609
2026-07-31T10:10:21Z,25,2,2,79,0,0,1,1,1,1785492025
2026-07-31T10:10:21Z,26,1,0,26,0,0,1,1,1,1785491464
2026-07-31T10:10:21Z,28,15,3,0,0,0,1,1,1,1785486991
2026-07-31T10:10:21Z,30,1,0,27,1,0,1,1,1,1785486089
2026-07-31T10:10:21Z,31,0,0,17,2,0,1,1,1,1785492540
2026-07-31T10:10:21Z,32,21,1,6,0,0,1,1,1,1785492510
2026-07-31T10:10:21Z,34,2,1,34,1,0,1,1,1,1785492502
2026-07-31T10:10:21Z,35,2,0,44,1,0,1,1,1,1785492353
2026-07-31T10:10:21Z,36,0,0,0,0,0,0,1,1,86400
2026-07-31T10:10:21Z,37,1,0,22,0,0,1,1,1,1785491559
2026-07-31T10:10:21Z,38,1,0,22,0,0,1,1,1,1785490318
2026-07-31T10:10:21Z,39,24,6,15,0,0,1,1,1,1785490063
2026-07-31T10:10:21Z,40,14,0,6,1,0,1,1,1,1785492177
2026-07-31T10:10:21Z,41,2,1,40,1,0,1,1,1,1785491500
2026-07-31T10:10:21Z,42,31,8,0,0,0,1,1,1,1785472558
2026-07-31T10:10:21Z,43,5,0,18,0,0,1,1,1,1785490390
2026-07-31T10:10:21Z,45,2,0,26,1,0,1,1,1,1785492300
2026-07-31T10:10:21Z,46,12,2,19,0,0,1,1,1,1785491240
2026-07-31T10:10:21Z,47,13,5,1,1,0,1,1,1,1785489312
2026-07-31T10:10:21Z,48,20,0,7,0,0,1,1,1,1785487579
2026-07-31T10:10:21Z,49,4,0,16,3,0,1,1,1,1785492604
2026-07-31T10:10:21Z,50,1,1,18,0,0,1,1,1,1785488641
2026-07-31T10:10:21Z,51,68,0,9,0,0,1,1,1,1785487292
2026-07-31T10:10:21Z,52,1,0,23,3,0,1,1,1,1785492598
2026-07-31T10:10:21Z,55,1,1,22,0,0,1,1,1,1785487781
2026-07-31T10:10:21Z,56,0,0,43,0,0,1,1,1,1785487593
2026-07-31T10:10:21Z,57,0,0,27,0,0,1,1,1,1785486089
2026-07-31T10:10:21Z,58,0,0,28,0,0,1,1,1,1785489985
2026-07-31T10:10:21Z,59,1,0,24,2,0,1,1,1,1785492433
2026-07-31T10:10:21Z,61,2,1,37,0,0,1,1,1,1785491414
2026-07-31T10:10:21Z,62,3,1,45,1,0,1,1,1,1785491866
2026-07-31T10:10:21Z,63,14,0,5,0,0,1,1,1,1785486089
2026-07-31T10:10:21Z,64,9,0,6,4,0,1,1,1,1785486992
2026-07-31T10:10:21Z,65,16,7,2,1,0,1,1,1,1785491350
2026-07-31T10:10:21Z,67,16,0,23,0,0,1,1,1,1785491870
2026-07-31T10:10:21Z,68,0,0,37,0,0,1,1,1,1785488201
2026-07-31T10:10:21Z,69,15,2,0,0,0,1,1,1,1785485188
2026-07-31T10:10:21Z,71,1,0,25,1,0,1,1,1,1785492429
2026-07-31T10:10:21Z,72,19,5,10,2,0,1,1,1,1785492368
2026-07-31T10:10:21Z,73,1,0,30,0,0,1,1,1,1785491470
2026-07-31T10:10:21Z,74,13,6,6,0,0,1,1,1,1785489103
2026-07-31T10:10:21Z,75,0,0,31,1,0,1,1,1,1785487292
2026-07-31T10:10:21Z,76,17,0,1,1,0,1,1,1,1785492612
2026-07-31T10:10:21Z,77,23,0,3,1,0,1,1,1,1785492484
2026-07-31T10:10:21Z,78,8,4,14,1,0,1,1,1,1785492198
2026-07-31T10:10:21Z,79,5,3,11,1,0,1,1,1,1785491374
2026-07-31T10:10:21Z,80,18,0,2,3,0,1,1,1,1785492350
2026-07-31T10:10:21Z,81,5,0,26,0,0,1,1,1,1785486390
2026-07-31T10:10:21Z,82,12,0,11,0,0,1,1,1,1785491795
2026-07-31T10:10:21Z,83,9,1,24,1,0,1,1,1,1785492532
2026-07-31T10:10:21Z,84,26,0,1,0,0,1,1,1,1785491870
2026-07-31T10:10:21Z,85,0,0,15,0,0,1,1,1,1785492381
2026-07-31T10:10:21Z,86,25,0,1,1,0,1,1,1,1785486691
2026-07-31T10:10:21Z,87,10,0,9,0,0,1,1,1,1785488201
2026-07-31T10:10:21Z,88,1,0,41,1,0,1,1,1,1785490680
2026-07-31T10:10:21Z,89,22,0,13,0,0,1,1,1,1785487292
2026-07-31T10:10:21Z,90,6,2,10,2,0,1,1,1,1785490958
2026-07-31T10:10:21Z,91,13,0,4,0,0,1,1,1,1785490693
2026-07-31T10:10:21Z,92,10,4,6,3,0,1,1,1,1785492375
2026-07-31T10:10:21Z,93,0,0,23,0,0,1,1,1,1785486390
2026-07-31T10:10:21Z,94,2,0,16,1,0,1,1,1,1785486390
2026-07-31T10:10:21Z,95,25,2,8,1,1,1,1,1,1785492299
2026-07-31T10:10:21Z,96,28,0,2,1,0,1,1,1,1785491842
2026-07-31T10:10:21Z,97,0,0,16,1,0,1,1,1,1785492470
2026-07-31T10:10:21Z,98,20,0,14,1,0,1,1,1,1785491722
2026-07-31T10:10:21Z,99,4,2,11,0,0,1,1,1,1785486802
2026-07-31T10:10:21Z,100,1,0,26,0,0,1,1,1,1785492496
2026-07-31T10:10:21Z,101,1,0,13,1,0,1,1,1,1785485789
2026-07-31T10:10:21Z,102,0,0,23,0,0,1,1,1,1785487553
2026-07-31T10:10:21Z,103,6,0,24,0,0,1,1,1,1785492441
2026-07-31T10:10:21Z,104,0,0,25,2,0,1,1,1,1785492612
2026-07-31T10:10:21Z,105,16,1,3,0,0,1,1,1,1785486390
2026-07-31T10:10:21Z,106,1,0,20,0,0,1,1,1,1785490634
2026-07-31T10:10:21Z,107,0,0,37,0,0,1,1,1,1785485489
2026-07-31T10:10:21Z,108,15,1,20,0,0,1,1,1,1785489455
2026-07-31T10:10:21Z,109,8,0,15,0,0,1,1,1,1785492371
2026-07-31T10:10:21Z,110,14,2,9,0,0,1,1,1,1785488165
2026-07-31T10:10:21Z,111,1,0,35,0,0,1,1,1,1785490951
2026-07-31T10:10:21Z,112,4,0,10,1,0,1,1,1,1785490423
2026-07-31T10:10:21Z,113,5,0,11,3,0,1,1,1,1785492311
2026-07-31T10:10:21Z,114,6,6,23,1,1,1,1,1,1785492396
2026-07-31T10:10:21Z,115,3,1,23,2,0,1,1,1,1785479033
2026-07-31T10:10:21Z,116,3,3,23,1,0,1,1,1,1785487594
2026-07-31T10:10:21Z,118,20,9,0,3,0,1,1,1,1785491837
2026-07-31T10:10:21Z,119,32,2,2,4,0,1,1,1,1785489175
2026-07-31T10:10:21Z,120,22,1,4,1,0,1,1,1,1785492200
2026-07-31T10:10:21Z,121,6,2,12,0,1,1,1,1,1785492611
2026-07-31T10:10:21Z,122,10,0,10,1,0,1,1,1,1785491486
2026-07-31T10:10:21Z,123,8,1,39,0,0,1,1,1,1785485188
2026-07-31T10:10:21Z,124,30,0,5,0,0,1,1,1,1785492197
2026-07-31T10:10:21Z,125,6,2,17,0,0,1,1,1,1785490205
2026-07-31T10:10:21Z,126,25,2,6,0,0,1,1,1,1785491001
2026-07-31T10:10:21Z,127,9,1,24,2,0,1,1,1,1785492488
2026-07-31T10:10:21Z,128,17,1,2,0,0,1,1,1,1785490685
2026-07-31T10:10:21Z,129,17,1,0,2,0,1,1,1,1785486089
2026-07-31T10:10:21Z,130,5,1,12,0,0,1,1,1,1785490452
2026-07-31T10:10:21Z,131,8,3,1,2,0,1,1,1,1785492564
2026-07-31T10:10:21Z,132,13,6,1,0,1,1,1,1,1785490417
2026-07-31T10:10:21Z,134,5,0,13,5,0,1,1,1,1785492523
2026-07-31T10:10:21Z,135,8,4,10,1,0,1,1,1,1785488917
2026-07-31T10:10:21Z,136,7,0,8,1,7,1,1,1,1785492594
2026-07-31T10:10:21Z,137,8,2,11,0,0,1,1,1,1785491896
2026-07-31T10:10:21Z,138,35,2,2,0,0,1,1,1,1785492600
2026-07-31T10:10:21Z,139,17,3,2,0,0,1,1,1,1785491526
2026-07-31T10:10:21Z,140,18,9,3,2,0,1,1,1,1785492609
2026-07-31T10:10:21Z,141,31,1,5,0,0,1,1,1,1785485909
2026-07-31T10:10:21Z,142,23,1,0,0,0,1,1,1,1785490160
2026-07-31T10:10:21Z,143,13,3,17,1,0,1,1,1,1785487895
2026-07-31T10:10:21Z,144,22,0,5,0,0,1,1,1,1785491889
2026-07-31T10:10:21Z,146,8,1,14,1,0,1,1,1,1785486463
2026-07-31T10:10:21Z,147,9,2,8,2,0,1,1,1,1785492598
2026-07-31T10:10:21Z,148,24,0,2,0,1,1,1,1,1785492441
2026-07-31T10:10:21Z,149,16,4,10,1,0,1,1,1,1785492202
2026-07-31T10:10:21Z,150,29,7,4,2,0,1,1,1,1785492498
2026-07-31T10:10:21Z,151,19,6,4,0,0,1,1,1,1785491456
2026-07-31T10:10:21Z,152,19,1,4,4,0,1,1,1,1785492373
2026-07-31T10:10:21Z,153,13,1,12,6,0,1,1,1,1785492605
2026-07-31T10:10:21Z,154,15,2,5,3,0,1,1,1,1785492359
2026-07-31T10:10:21Z,155,9,4,4,1,0,1,1,1,1785492487
2026-07-31T10:10:21Z,156,14,1,5,0,0,1,1,1,1785492278
2026-07-31T10:10:21Z,157,15,0,10,2,0,1,1,1,1785492521
2026-07-31T10:10:21Z,158,16,2,0,0,0,1,1,1,1785488201
2026-07-31T10:10:21Z,159,5,2,14,0,0,1,1,1,1785488201
2026-07-31T10:10:21Z,160,18,1,1,0,0,1,1,1,1785491594
2026-07-31T10:10:21Z,161,18,3,4,0,0,1,1,1,1785491642
2026-07-31T10:10:21Z,162,10,0,16,1,0,1,1,1,1785488396
2026-07-31T10:10:21Z,163,29,3,2,0,0,1,1,1,1785492192
2026-07-31T10:10:21Z,164,25,7,2,0,0,1,1,1,1785486691
2026-07-31T10:10:21Z,165,21,10,9,1,0,1,1,1,1785490458
2026-07-31T10:10:21Z,166,33,8,3,3,0,1,1,1,1785492608
2026-07-31T10:10:21Z,167,19,9,2,2,0,1,1,1,1785491219
2026-07-31T10:10:21Z,168,18,0,8,1,0,1,1,1,1785492476
2026-07-31T10:10:21Z,169,1,0,21,0,1,1,1,1,1785487293
2026-07-31T10:10:21Z,170,17,4,0,2,0,1,1,1,1785488379
2026-07-31T10:10:21Z,171,10,3,1,2,0,1,1,1,1785492357
2026-07-31T10:10:21Z,173,37,0,2,0,0,1,1,1,1785490623
2026-07-31T10:10:21Z,174,21,1,3,2,0,1,1,1,1785491643
2026-07-31T10:10:21Z,175,8,0,23,0,0,1,1,1,1785491110
2026-07-31T10:10:21Z,176,7,2,7,0,1,1,1,1,1785492475
2026-07-31T10:10:21Z,177,19,1,8,0,0,1,1,1,1785491415
2026-07-31T10:10:21Z,178,2,0,10,2,1,1,1,1,1785492604
2026-07-31T10:10:21Z,179,12,2,2,1,0,1,1,1,1785492090
2026-07-31T10:10:21Z,180,28,0,2,0,0,1,1,1,1785492120
2026-07-31T10:10:21Z,181,12,1,2,1,0,1,1,1,1785492149
2026-07-31T10:10:21Z,182,13,1,4,0,0,1,1,1,1785492045
2026-07-31T10:10:21Z,183,14,0,9,0,0,1,1,1,1785492326
2026-07-31T10:10:21Z,184,2,0,20,1,0,1,1,1,1785491941
2026-07-31T10:10:21Z,185,12,1,0,2,1,1,1,1,1785484888
2026-07-31T10:10:21Z,186,3,0,16,0,0,1,1,1,1785492102
2026-07-31T10:10:21Z,187,9,0,18,1,0,1,1,1,1785491965
2026-07-31T10:10:21Z,188,11,0,8,8,0,1,1,1,1785492341
2026-07-31T10:10:21Z,189,15,4,0,0,0,1,1,1,1785487895
2026-07-31T10:10:21Z,190,4,0,19,0,0,1,1,1,1785492508
2026-07-31T10:10:21Z,191,2,1,37,0,0,1,1,1,1785486690
2026-07-31T10:10:21Z,192,12,4,16,3,0,1,1,1,1785486089
2026-07-31T10:10:21Z,193,1,0,14,0,0,1,1,1,1785490688
2026-07-31T10:10:21Z,194,17,1,9,1,0,1,1,1,1785486691
2026-07-31T10:10:21Z,195,12,1,5,2,0,1,1,1,1785487594
2026-07-31T10:10:21Z,196,22,1,2,3,0,1,1,1,1785492603
2026-07-31T10:10:21Z,197,16,3,1,1,1,1,1,1,1785489625
2026-07-31T10:10:21Z,198,18,16,5,0,0,1,1,1,1785492571
2026-07-31T10:10:21Z,199,6,5,6,3,0,1,1,1,1785489674
2026-07-31T10:10:21Z,200,13,0,12,1,0,1,1,1,1785491801
2026-07-31T10:10:21Z,201,8,4,15,0,0,1,1,1,1785491857
2026-07-31T10:10:21Z,202,0,0,27,0,0,1,1,1,1785486691
2026-07-31T10:10:21Z,203,26,3,4,1,0,1,1,1,1785487252
2026-07-31T10:10:21Z,204,30,1,4,1,0,1,1,1,1785490206
2026-07-31T10:10:21Z,205,13,1,14,0,0,1,1,1,1785488894
2026-07-31T10:10:21Z,206,1,1,13,1,0,1,1,1,1785486448
2026-07-31T10:10:21Z,207,12,0,8,1,0,1,1,1,1785491125
2026-07-31T10:10:21Z,208,3,0,26,0,0,1,1,1,1785491719
2026-07-31T10:10:21Z,209,8,0,20,3,0,1,1,1,1785492579
2026-07-31T10:10:21Z,210,23,2,4,0,0,1,1,1,1785485488
2026-07-31T10:10:21Z,211,14,6,8,1,0,1,1,1,1785490780
2026-07-31T10:10:21Z,212,23,0,11,1,0,1,1,1,1785492589
2026-07-31T10:10:21Z,213,11,1,10,2,0,1,1,1,1785492395
2026-07-31T10:10:21Z,214,29,0,14,4,0,1,1,1,1785492100
2026-07-31T10:10:21Z,215,6,2,16,1,0,1,1,1,1785490465
2026-07-31T10:10:21Z,216,7,0,11,1,0,1,1,1,1785491552
2026-07-31T10:10:21Z,217,10,0,18,1,0,1,1,1,1785492553
2026-07-31T10:10:21Z,218,22,4,15,2,0,1,1,1,1785492569
2026-07-31T10:10:21Z,219,1,1,24,1,0,1,1,1,1785489320
2026-07-31T10:10:21Z,220,23,6,18,1,1,1,1,1,1785491278
2026-07-31T10:10:21Z,221,13,8,1,1,0,1,1,1,1785491306
2026-07-31T10:10:21Z,222,12,10,5,2,0,1,1,1,1785491803
2026-07-31T10:10:21Z,223,7,3,25,3,0,1,1,1,1785492462
2026-07-31T10:10:21Z,224,6,4,15,1,0,1,1,1,1785491603
2026-07-31T10:10:21Z,225,10,0,3,6,0,1,1,1,1785487206
2026-07-31T10:10:21Z,226,30,10,1,0,0,1,1,1,1785492292
2026-07-31T10:10:21Z,227,21,14,4,1,1,1,1,1,1785492569
2026-07-31T10:10:21Z,228,1,0,17,1,0,1,1,1,1785484888
2026-07-31T10:10:21Z,230,16,9,10,0,0,1,1,1,1785486691
2026-07-31T10:10:21Z,232,13,6,3,1,0,1,1,1,1785486390
2026-07-31T10:10:21Z,233,19,0,10,2,0,1,1,1,1785487026
2026-07-31T10:10:21Z,234,7,3,7,3,2,1,1,1,1785491043
2026-07-31T10:10:21Z,236,12,2,7,0,0,1,1,1,1785491381
2026-07-31T10:10:21Z,237,20,4,2,1,0,1,1,1,1785492227
2026-07-31T10:10:21Z,239,23,18,1,3,0,1,1,1,1785486691
2026-07-31T10:10:21Z,241,18,6,5,0,0,1,1,1,1785490525
2026-07-31T10:10:21Z,242,2,2,20,1,0,1,1,1,1785492103
2026-07-31T10:10:21Z,243,9,0,21,1,0,1,1,1,1785491961
2026-07-31T10:10:21Z,244,14,2,12,1,0,1,1,1,1785492355
2026-07-31T10:10:21Z,245,6,4,17,0,0,1,1,1,1785490437
2026-07-31T10:10:21Z,246,13,0,10,0,0,1,1,1,1785487895
2026-07-31T10:10:21Z,247,12,10,10,1,0,1,1,1,1785488201
2026-07-31T10:10:21Z,248,18,3,2,3,0,1,1,1,1785490306
2026-07-31T10:10:21Z,249,6,3,13,0,0,1,1,1,1785492523
2026-07-31T10:10:21Z,250,24,7,3,0,0,1,1,1,1785491888
2026-07-31T10:10:21Z,251,20,4,4,3,0,1,1,1,1785492529
2026-07-31T10:10:21Z,253,8,4,10,1,0,1,1,1,1785491210
2026-07-31T10:10:21Z,254,26,21,16,1,0,1,1,1,1785485789
2026-07-31T10:10:21Z,255,5,0,17,0,1,1,1,1,1785492598
2026-07-31T10:10:21Z,256,9,4,12,2,0,1,1,1,1785490433
2026-07-31T10:10:21Z,257,14,5,4,1,0,1,1,1,1785492175
2026-07-31T10:10:21Z,258,1,0,18,0,0,1,1,1,1785482036
2026-07-31T10:10:21Z,259,20,3,1,1,1,1,1,1,1785492284
2026-07-31T10:10:21Z,260,14,4,3,2,0,1,1,1,1785492455
2026-07-31T10:10:21Z,261,16,0,1,1,1,1,1,1,1785492368
2026-07-31T10:10:21Z,262,19,10,4,0,0,1,1,1,1785492327
2026-07-31T10:10:21Z,263,14,3,1,0,0,1,1,1,1785491399
2026-07-31T10:10:21Z,264,17,5,1,1,0,1,1,1,1785492272
2026-07-31T10:10:21Z,265,14,0,1,0,0,1,1,1,1785490183
2026-07-31T10:10:21Z,266,14,7,2,3,0,1,1,1,1785492036
2026-07-31T10:10:21Z,267,7,3,6,2,0,1,1,1,1785484888
2026-07-31T10:10:21Z,268,23,9,0,0,0,1,1,1,1785484887
2026-07-31T10:10:21Z,269,9,3,13,1,0,1,1,1,1785492045
2026-07-31T10:10:21Z,270,23,1,4,0,0,1,1,1,1785491481
2026-07-31T10:10:21Z,271,0,0,17,2,0,1,1,1,1785486991
2026-07-31T10:10:21Z,272,13,13,9,1,0,1,1,1,1785486390
2026-07-31T10:10:21Z,273,14,5,1,0,0,1,1,1,1785484888
2026-07-31T10:10:21Z,274,16,6,2,1,0,1,1,1,1785491514
2026-07-31T10:10:21Z,275,13,0,6,2,2,1,1,1,1785492552
2026-07-31T10:10:21Z,276,1,0,26,0,0,1,1,1,1785486991
2026-07-31T10:10:21Z,277,12,1,6,5,0,1,1,1,1785488201
2026-07-31T10:10:21Z,278,22,2,6,2,1,1,1,1,1785492494
2026-07-31T10:10:21Z,279,18,0,1,0,0,1,1,1,1785491956
2026-07-31T10:10:21Z,280,10,2,19,2,0,1,1,1,1785492594
2026-07-31T10:10:21Z,281,19,0,0,0,0,1,1,1,1785486089
2026-07-31T10:10:21Z,282,5,2,13,0,0,1,1,1,1785484887
2026-07-31T10:10:21Z,283,33,1,2,0,0,1,1,1,1785491784
2026-07-31T10:10:21Z,284,17,3,16,2,0,1,1,1,1785491874
2026-07-31T10:10:21Z,285,8,7,15,0,0,1,1,1,1785485188
2026-07-31T10:10:21Z,286,16,15,2,5,0,1,1,1,1785488250
2026-07-31T10:10:21Z,287,13,4,7,3,0,1,1,1,1785484887
2026-07-31T10:10:21Z,288,13,10,6,0,0,1,1,1,1785492238
2026-07-31T10:10:21Z,289,23,2,1,3,0,1,1,1,1785491925
2026-07-31T10:10:21Z,290,8,0,30,1,0,1,1,1,1785491552
2026-07-31T10:10:21Z,291,11,2,10,2,0,1,1,1,1785492052
2026-07-31T10:10:21Z,292,22,0,1,0,0,1,1,1,1785485789
2026-07-31T10:10:21Z,293,17,10,6,0,0,1,1,1,1785486991
2026-07-31T10:10:21Z,294,0,0,21,1,0,1,1,1,1785486991
2026-07-31T10:10:21Z,297,14,4,2,2,1,1,1,1,1785491414
2026-07-31T10:10:21Z,301,17,1,2,0,0,1,1,1,1785486691
2026-07-31T10:10:21Z,302,0,0,23,0,0,1,1,1,1785486991
2026-07-31T10:10:21Z,303,19,0,0,0,0,1,1,1,1785485188
2026-07-31T10:10:21Z,304,0,0,0,0,0,0,1,1,86400
2026-07-31T10:10:21Z,305,19,0,0,0,0,1,1,1,1785485188
2026-07-31T10:10:21Z,306,2,0,29,1,0,1,1,1,1785485188
2026-07-31T10:10:21Z,307,18,1,3,1,1,1,1,1,1785492399
2026-07-31T10:10:21Z,308,14,0,3,2,0,1,1,1,1785485188
2026-07-31T10:10:21Z,309,13,3,0,1,0,1,1,1,1785488427
2026-07-31T10:10:21Z,311,15,0,0,0,0,1,1,1,1785486992
2026-07-31T10:10:21Z,312,6,3,12,4,1,1,1,1,1785492408
2026-07-31T10:10:21Z,313,3,1,12,0,0,1,1,1,1785486991
2026-07-31T10:10:21Z,314,4,3,11,3,0,1,1,1,1785486991
2026-07-31T10:10:21Z,315,23,6,6,2,0,1,1,1,1785491768
2026-07-31T10:10:21Z,316,3,1,21,6,1,1,1,1,1785492612
2026-07-31T10:10:21Z,317,0,0,30,0,1,1,1,1,1785492568
2026-07-31T10:10:21Z,318,16,0,3,0,0,1,1,1,1785486991
2026-07-31T10:10:21Z,319,17,3,5,1,0,1,1,1,1785492252
2026-07-31T10:10:21Z,320,18,5,0,1,0,1,1,1,1785491087
2026-07-31T10:10:21Z,321,8,2,7,4,0,1,1,1,1785492514
2026-07-31T10:10:21Z,322,4,1,24,1,0,1,1,1,1785489880
2026-07-31T10:10:21Z,323,9,0,10,0,0,1,1,1,1785492561
2026-07-31T10:10:21Z,324,19,5,7,1,0,1,1,1,1785492601
2026-07-31T10:10:21Z,325,4,3,21,2,0,1,1,1,1785489487
2026-07-31T10:10:21Z,327,26,0,0,1,0,1,1,1,1785489831
2026-07-31T10:10:21Z,328,20,0,1,1,0,1,1,1,1785484794
2026-07-31T10:10:21Z,329,17,0,0,2,0,1,1,1,1785492480
2026-07-31T10:10:21Z,330,2,0,20,0,0,1,1,1,1785492058
2026-07-31T10:10:21Z,331,11,3,11,1,0,1,1,1,1785492097
2026-07-31T10:10:21Z,332,10,3,7,2,0,1,1,1,1785487292
2026-07-31T10:10:21Z,333,1,1,21,1,0,1,1,1,1785491427
2026-07-31T10:10:21Z,334,11,8,12,0,0,1,1,1,1785487804
2026-07-31T10:10:21Z,335,4,2,17,1,1,1,1,1,1785492511
2026-07-31T10:10:21Z,336,18,2,1,0,0,1,1,1,1785487293
2026-07-31T10:10:21Z,337,16,3,2,5,0,1,1,1,1785492579
2026-07-31T10:10:21Z,338,17,8,2,0,0,1,1,1,1785487389
2026-07-31T10:10:21Z,339,21,10,2,0,0,1,1,1,1785492460
2026-07-31T10:10:21Z,340,13,11,1,1,0,1,1,1,1785491300
2026-07-31T10:10:21Z,341,11,4,8,0,0,1,1,1,1785487352
2026-07-31T10:10:21Z,342,12,6,1,2,0,1,1,1,1785490143
2026-07-31T10:10:21Z,343,20,1,2,1,0,1,1,1,1785492240
2026-07-31T10:10:21Z,344,23,9,0,0,0,1,1,1,1785488186
2026-07-31T10:10:21Z,345,19,3,0,0,0,1,1,1,1785487292
2026-07-31T10:10:21Z,346,9,6,14,0,0,1,1,1,1785489426
2026-07-31T10:10:21Z,347,2,1,40,2,0,1,1,1,1785492601
2026-07-31T10:10:21Z,348,21,3,0,1,1,1,1,1,1785492518
2026-07-31T10:10:21Z,349,7,1,12,0,0,1,1,1,1785492406
2026-07-31T10:10:21Z,350,24,3,1,1,1,1,1,1,1785487293
2026-07-31T10:10:21Z,351,19,2,1,3,0,1,1,1,1785492509
2026-07-31T10:10:21Z,355,21,0,2,0,0,1,1,1,1785490901
2026-07-31T10:10:21Z,356,17,1,2,0,0,1,1,1,1785491511
2026-07-31T10:10:21Z,357,13,4,6,0,0,1,1,1,1785485188
2026-07-31T10:10:21Z,358,24,4,2,1,0,1,1,1,1785487594
2026-07-31T10:10:21Z,359,19,0,8,0,0,1,1,1,1785492286
2026-07-31T10:10:21Z,360,14,3,3,2,0,1,1,1,1785492564
2026-07-31T10:10:21Z,362,17,5,0,2,0,1,1,1,1785487292
2026-07-31T10:10:21Z,363,2,0,25,0,0,1,1,1,1785489580
2026-07-31T10:10:21Z,364,19,3,0,0,0,1,1,1,1785487896
2026-07-31T10:10:21Z,365,15,4,5,3,0,1,1,1,1785491063
2026-07-31T10:10:21Z,366,14,8,2,7,0,1,1,1,1785492311
2026-07-31T10:10:21Z,367,15,8,2,2,0,1,1,1,1785491056
2026-07-31T10:10:21Z,368,20,3,1,2,0,1,1,1,1785486991
2026-07-31T10:10:21Z,370,13,7,14,0,0,1,1,1,1785491892
2026-07-31T10:10:21Z,371,4,2,14,1,0,1,1,1,1785484735
2026-07-31T10:10:21Z,372,8,2,7,0,0,1,1,1,1785487594
2026-07-31T10:10:21Z,373,24,8,3,0,0,1,1,1,1785486433
2026-07-31T10:10:21Z,374,16,7,1,2,0,1,1,1,1785492557
2026-07-31T10:10:21Z,375,21,5,3,3,0,1,1,1,1785492530
2026-07-31T10:10:21Z,376,27,3,7,5,0,1,1,1,1785490526
2026-07-31T10:10:21Z,377,25,9,2,0,0,1,1,1,1785487594
2026-07-31T10:10:21Z,378,21,5,1,1,1,1,1,1,1785492470
2026-07-31T10:10:21Z,379,14,0,13,0,0,1,1,1,1785492001
2026-07-31T10:10:21Z,380,21,6,1,1,0,1,1,1,1785491878
2026-07-31T10:10:21Z,381,13,0,10,0,0,1,1,1,1785491744
2026-07-31T10:10:21Z,383,12,0,1,2,0,1,1,1,1785491998
2026-07-31T10:10:21Z,384,26,1,0,1,0,1,1,1,1785487594
2026-07-31T10:10:21Z,385,14,2,2,2,0,1,1,1,1785487594
2026-07-31T10:10:21Z,387,21,2,2,0,0,1,1,1,1785491874
2026-07-31T10:10:21Z,388,15,3,34,0,0,1,1,1,1785491593
2026-07-31T10:10:21Z,389,9,8,6,0,0,1,1,1,1785487293
2026-07-31T10:10:21Z,390,16,0,19,0,0,1,1,1,1785489336
2026-07-31T10:10:21Z,391,4,0,10,1,0,1,1,1,1785487292
2026-07-31T10:10:21Z,392,2,2,16,1,0,1,1,1,1785492453
2026-07-31T10:10:21Z,393,3,3,5,3,0,1,1,1,1785487292
2026-07-31T10:10:21Z,394,9,6,2,2,0,1,1,1,1785487594
2026-07-31T10:10:21Z,396,7,7,32,3,0,1,1,1,1785487595
2026-07-31T10:10:21Z,397,4,4,27,0,0,1,1,1,1785488201
2026-07-31T10:10:21Z,399,12,1,3,2,0,1,1,1,1785490391
2026-07-31T10:10:21Z,400,11,6,9,3,0,1,1,1,1785491087
2026-07-31T10:10:21Z,401,8,0,23,8,0,1,1,1,1785492393
2026-07-31T10:10:21Z,403,3,0,26,2,0,1,1,1,1785492540
2026-07-31T10:10:21Z,404,1,1,21,1,0,1,1,1,1785491837
2026-07-31T10:10:21Z,406,1,0,33,1,0,1,1,1,1785491659
2026-07-31T10:10:21Z,407,15,3,18,1,0,1,1,1,1785491169
2026-07-31T10:10:21Z,408,13,2,19,1,0,1,1,1,1785491284
2026-07-31T10:10:21Z,409,0,0,20,3,0,1,1,1,1785488970
2026-07-31T10:10:21Z,413,20,5,1,2,0,1,1,1,1785490104
2026-07-31T10:10:21Z,414,12,4,1,2,0,1,1,1,1785492444
2026-07-31T10:10:21Z,417,11,6,7,1,0,1,1,1,1785491073
2026-07-31T10:10:21Z,418,1,0,14,0,0,1,1,1,1785490913
2026-07-31T10:10:21Z,419,10,0,12,1,0,1,1,1,1785487895
2026-07-31T10:10:21Z,421,1,0,18,0,0,1,1,1,1785488201
2026-07-31T10:10:21Z,422,3,3,23,1,0,1,1,1,1785490175
2026-07-31T10:10:21Z,423,5,1,18,0,0,1,1,1,1785491746
2026-07-31T10:10:21Z,424,5,2,7,3,0,1,1,1,1785492380
2026-07-31T10:10:21Z,425,19,0,2,0,1,1,1,1,1785491863
2026-07-31T10:10:21Z,426,1,0,34,2,0,1,1,1,1785492043
2026-07-31T10:10:21Z,427,14,1,0,1,0,1,1,1,1785492295
2026-07-31T10:10:21Z,428,17,2,2,0,0,1,1,1,1785492282
2026-07-31T10:10:21Z,429,0,0,21,2,0,1,1,1,1785492151
2026-07-31T10:10:21Z,430,28,0,0,3,0,1,1,1,1785485488
2026-07-31T10:10:21Z,431,15,0,17,1,0,1,1,1,1785488642
2026-07-31T10:10:21Z,432,18,0,11,2,0,1,1,1,1785490634
2026-07-31T10:10:21Z,433,19,6,3,1,0,1,1,1,1785488201
2026-07-31T10:10:21Z,437,3,1,15,1,0,1,1,1,1785487897
2026-07-31T10:10:21Z,438,17,0,1,1,0,1,1,1,1785492394
2026-07-31T10:10:21Z,439,4,0,11,0,0,1,1,1,1785490818
2026-07-31T10:10:21Z,440,13,1,0,2,0,1,1,1,1785488201
2026-07-31T10:10:21Z,441,10,2,4,1,0,1,1,1,1785492561
2026-07-31T10:10:21Z,442,17,9,1,1,0,1,1,1,1785487895
2026-07-31T10:10:21Z,443,4,2,23,0,0,1,1,1,1785485488
2026-07-31T10:10:21Z,444,2,2,21,0,0,1,1,1,1785485488
2026-07-31T10:10:21Z,445,7,2,15,1,0,1,1,1,1785492303
2026-07-31T10:10:21Z,446,1,1,21,1,0,1,1,1,1785487896
2026-07-31T10:10:21Z,447,2,0,19,1,1,1,1,1,1785492174
2026-07-31T10:10:21Z,448,9,4,5,1,0,1,1,1,1785487895
2026-07-31T10:10:21Z,452,8,6,10,1,0,1,1,1,1785487661
2026-07-31T10:10:21Z,453,6,5,8,1,0,1,1,1,1785491911
2026-07-31T10:10:21Z,454,9,0,10,0,0,1,1,1,1785489971
2026-07-31T10:10:21Z,455,1,0,38,0,0,1,1,1,1785491169
2026-07-31T10:10:21Z,456,9,0,10,1,0,1,1,1,1785492551
2026-07-31T10:10:21Z,457,25,2,0,2,0,1,1,1,1785487895
2026-07-31T10:10:21Z,458,13,5,10,0,0,1,1,1,1785491311
2026-07-31T10:10:21Z,459,15,0,0,0,0,1,1,1,1785485789
2026-07-31T10:10:21Z,460,17,2,5,1,0,1,1,1,1785492405
2026-07-31T10:10:21Z,461,5,1,14,0,0,1,1,1,1785487878
2026-07-31T10:10:21Z,462,9,1,12,0,0,1,1,1,1785491329
2026-07-31T10:10:21Z,463,13,1,6,0,0,1,1,1,1785487897
2026-07-31T10:10:21Z,464,3,1,11,0,0,1,1,1,1785485789
2026-07-31T10:10:21Z,465,0,0,14,1,0,1,1,1,1785485789
2026-07-31T10:10:21Z,466,11,3,2,2,0,1,1,1,1785485789
2026-07-31T10:10:21Z,467,5,1,13,1,0,1,1,1,1785471818
2026-07-31T10:10:21Z,468,17,1,1,1,0,1,1,1,1785485789
2026-07-31T10:10:21Z,469,2,1,21,0,0,1,1,1,1785487896
2026-07-31T10:10:21Z,470,12,1,1,2,0,1,1,1,1785492398
2026-07-31T10:10:21Z,471,22,2,5,0,0,1,1,1,1785487895
2026-07-31T10:10:21Z,472,18,6,0,1,0,1,1,1,1785492357
2026-07-31T10:10:21Z,473,19,5,0,0,0,1,1,1,1785485789
2026-07-31T10:10:21Z,474,16,0,3,0,0,1,1,1,1785488959
2026-07-31T10:10:21Z,475,4,1,14,1,0,1,1,1,1785490904
2026-07-31T10:10:21Z,477,9,7,5,1,0,1,1,1,1785492057
2026-07-31T10:10:21Z,478,7,0,23,1,0,1,1,1,1785492276
2026-07-31T10:10:21Z,479,0,0,26,1,0,1,1,1,1785492473
2026-07-31T10:10:21Z,480,2,0,10,3,0,1,1,1,1785492542
2026-07-31T10:10:21Z,481,28,1,6,1,0,1,1,1,1785492439
2026-07-31T10:10:21Z,482,18,6,1,0,0,1,1,1,1785490527
2026-07-31T10:10:21Z,483,1,0,24,2,0,1,1,1,1785492608
2026-07-31T10:10:21Z,484,6,2,12,1,0,1,1,1,1785492466
2026-07-31T10:10:21Z,485,16,6,1,1,1,1,1,1,1785492410
2026-07-31T10:10:21Z,486,25,6,0,2,0,1,1,1,1785492397
2026-07-31T10:10:21Z,487,7,5,11,1,0,1,1,1,1785492522
2026-07-31T10:10:21Z,489,12,6,3,0,0,1,1,1,1785488501
2026-07-31T10:10:21Z,490,3,1,13,0,0,1,1,1,1785489499
2026-07-31T10:10:21Z,491,4,1,17,0,0,1,1,1,1785486090
2026-07-31T10:10:21Z,492,5,3,2,4,0,1,1,1,1785492610
2026-07-31T10:10:21Z,493,0,0,26,1,0,1,1,1,1785487895
2026-07-31T10:10:21Z,495,9,0,3,3,0,1,1,1,1785489700
2026-07-31T10:10:21Z,496,27,1,0,0,0,1,1,1,1785486089
2026-07-31T10:10:21Z,497,17,0,1,1,0,1,1,1,1785491850
2026-07-31T10:10:21Z,498,21,3,1,1,0,1,1,1,1785490089
2026-07-31T10:10:21Z,499,17,1,1,1,0,1,1,1,1785487896
2026-07-31T10:10:21Z,500,9,4,1,5,0,1,1,1,1785492345
2026-07-31T10:10:21Z,501,10,4,11,0,0,1,1,1,1785487896
2026-07-31T10:10:21Z,502,6,0,13,0,0,1,1,1,1785486089
2026-07-31T10:10:21Z,503,25,0,5,1,0,1,1,1,1785492181
2026-07-31T10:10:21Z,504,1,0,38,0,0,1,1,1,1785492055
2026-07-31T10:10:21Z,505,10,1,1,1,0,1,1,1,1785487586
2026-07-31T10:10:21Z,511,6,4,17,0,0,1,1,1,1785492514
2026-07-31T10:10:21Z,512,6,0,21,0,0,1,1,1,1785490938
2026-07-31T10:10:21Z,514,9,1,1,1,0,1,1,1,1785492216
2026-07-31T10:10:21Z,515,2,0,17,0,0,1,1,1,1785487895
2026-07-31T10:10:21Z,516,0,0,27,0,0,1,1,1,1785484039
2026-07-31T10:10:21Z,517,15,3,7,1,0,1,1,1,1785492410
2026-07-31T10:10:21Z,518,14,1,0,1,0,1,1,1,1785486390
2026-07-31T10:10:21Z,519,4,0,13,2,0,1,1,1,1785491077
2026-07-31T10:10:21Z,520,11,7,10,5,1,1,1,1,1785492611
2026-07-31T10:10:21Z,521,19,6,4,0,0,1,1,1,1785492587
2026-07-31T10:10:21Z,522,0,0,22,1,0,1,1,1,1785486390
2026-07-31T10:10:21Z,523,6,3,16,1,0,1,1,1,1785489661
2026-07-31T10:10:21Z,524,1,0,22,0,0,1,1,1,1785491359
2026-07-31T10:10:21Z,525,9,0,10,0,0,1,1,1,1785492201
2026-07-31T10:10:21Z,526,13,1,0,2,0,1,1,1,1785486390
2026-07-31T10:10:21Z,527,4,2,19,3,0,1,1,1,1785492447
2026-07-31T10:10:21Z,528,20,1,2,1,0,1,1,1,1785491758
2026-07-31T10:10:21Z,529,6,3,7,6,0,1,1,1,1785492611
2026-07-31T10:10:21Z,530,15,1,4,2,0,1,1,1,1785492096
2026-07-31T10:10:21Z,531,20,0,1,1,1,1,1,1,1785491109
2026-07-31T10:10:21Z,532,3,3,27,1,0,1,1,1,1785488341
2026-07-31T10:10:21Z,533,8,1,9,2,0,1,1,1,1785486390
2026-07-31T10:10:21Z,534,14,2,9,0,0,1,1,1,1785490909
2026-07-31T10:10:21Z,535,2,0,13,0,0,1,1,1,1785486390
2026-07-31T10:10:21Z,536,1,0,22,0,0,1,1,1,1785488201
2026-07-31T10:10:21Z,537,1,1,19,0,0,1,1,1,1785488280
2026-07-31T10:10:21Z,538,21,8,0,0,2,1,1,1,1785492510
2026-07-31T10:10:21Z,539,5,5,26,0,0,1,1,1,1785488201
2026-07-31T10:10:21Z,540,2,1,17,0,0,1,1,1,1785486391
2026-07-31T10:10:21Z,541,24,1,2,1,0,1,1,1,1785492560
2026-07-31T10:10:21Z,542,2,2,21,0,0,1,1,1,1785486390
2026-07-31T10:10:21Z,543,17,2,1,1,0,1,1,1,1785488201
2026-07-31T10:10:21Z,544,14,1,4,4,0,1,1,1,1785486390
2026-07-31T10:10:21Z,545,0,0,17,2,0,1,1,1,1785486390
2026-07-31T10:10:21Z,546,16,8,3,0,0,1,1,1,1785489048
2026-07-31T10:10:21Z,547,19,1,6,0,0,1,1,1,1785491753
2026-07-31T10:10:21Z,548,14,1,9,0,0,1,1,1,1785486390
2026-07-31T10:10:21Z,549,19,0,4,0,0,1,1,1,1785490211
2026-07-31T10:10:21Z,550,17,1,2,0,0,1,1,1,1785490648
2026-07-31T10:10:21Z,551,16,4,7,0,0,1,1,1,1785486390
2026-07-31T10:10:21Z,552,27,3,0,0,0,1,1,1,1785486390
2026-07-31T10:10:21Z,553,18,4,3,1,1,1,1,1,1785492437
2026-07-31T10:10:21Z,554,1,1,18,0,0,1,1,1,1785486691
2026-07-31T10:10:21Z,555,13,6,1,1,0,1,1,1,1785489915
2026-07-31T10:10:21Z,556,20,4,1,2,0,1,1,1,1785492561
2026-07-31T10:10:21Z,557,6,4,12,5,0,1,1,1,1785488202
2026-07-31T10:10:21Z,558,29,4,8,0,0,1,1,1,1785492430
2026-07-31T10:10:21Z,559,0,0,18,1,0,1,1,1,1785492602
2026-07-31T10:10:21Z,560,10,0,17,0,0,1,1,1,1785492157
2026-07-31T10:10:21Z,561,14,1,8,1,0,1,1,1,1785491627
2026-07-31T10:10:21Z,562,3,0,29,3,0,1,1,1,1785486691
2026-07-31T10:10:21Z,563,10,0,4,0,0,1,1,1,1785490429
2026-07-31T10:10:21Z,564,12,0,6,1,0,1,1,1,1785488201
2026-07-31T10:10:21Z,565,6,2,13,0,0,1,1,1,1785490461
2026-07-31T10:10:21Z,566,16,0,2,1,0,1,1,1,1785492355
2026-07-31T10:10:21Z,567,25,1,1,1,0,1,1,1,1785485492
2026-07-31T10:10:21Z,568,14,0,4,1,0,1,1,1,1785490328
2026-07-31T10:10:21Z,569,15,2,4,0,0,1,1,1,1785492410
2026-07-31T10:10:21Z,570,12,0,7,0,0,1,1,1,1785491560
2026-07-31T10:10:21Z,571,0,0,23,0,0,1,1,1,1785486691
2026-07-31T10:10:21Z,572,14,4,4,1,0,1,1,1,1785491187
2026-07-31T10:10:21Z,573,13,0,2,0,0,1,1,1,1785486691
2026-07-31T10:10:21Z,574,10,3,5,0,0,1,1,1,1785489676
2026-07-31T10:10:21Z,575,6,0,14,1,0,1,1,1,1785489599
2026-07-31T10:10:21Z,576,3,0,14,2,0,1,1,1,1785488201
2026-07-31T10:10:21Z,577,14,0,17,0,0,1,1,1,1785491933
2026-07-31T10:10:21Z,578,15,10,7,1,0,1,1,1,1785486996
2026-07-31T10:10:21Z,579,4,0,39,0,0,1,1,1,1785486691
2026-07-31T10:10:21Z,580,5,0,24,0,0,1,1,1,1785490191
2026-07-31T10:10:21Z,581,17,2,2,0,0,1,1,1,1785491955
2026-07-31T10:10:21Z,582,21,0,39,1,0,1,1,1,1785492607
2026-07-31T10:10:21Z,583,23,1,0,0,0,1,1,1,1785492035
2026-07-31T10:10:21Z,584,9,4,6,4,0,1,1,1,1785486691
2026-07-31T10:10:21Z,585,15,3,11,0,1,1,1,1,1785491492
2026-07-31T10:10:21Z,586,12,0,23,0,0,1,1,1,1785492315
2026-07-31T10:10:21Z,587,19,0,4,1,0,1,1,1,1785491646
2026-07-31T10:10:21Z,588,12,4,4,3,0,1,1,1,1785492605
2026-07-31T10:10:21Z,589,0,0,0,23,0,1,1,1,1785492601
2026-07-31T10:10:21Z,590,17,2,12,2,0,1,1,1,1785492102
2026-07-31T10:10:21Z,591,28,1,0,2,0,1,1,1,1785486691
2026-07-31T10:10:21Z,592,12,0,11,0,0,1,1,1,1785488952
2026-07-31T10:10:21Z,593,0,0,38,0,0,1,1,1,1785488201
2026-07-31T10:10:21Z,594,7,0,11,3,0,1,1,1,1785492353
2026-07-31T10:10:21Z,595,0,0,3,0,0,0,1,1,1784046673
2026-07-31T10:10:21Z,605,0,0,2,1,0,0,1,1,1783975843
2026-07-31T10:10:21Z,606,0,0,0,0,0,0,1,1,86400
2026-07-31T10:10:21Z,607,11,2,20,1,0,1,1,1,1785492495
2026-07-31T10:10:21Z,608,0,0,50,0,0,1,1,1,1785490318
2026-07-31T10:10:21Z,609,2,0,21,0,0,1,1,1,1785488201
2026-07-31T10:10:21Z,610,0,0,35,0,0,1,1,1,1785488201
2026-07-31T10:10:21Z,611,14,0,12,1,0,1,1,1,1785491795
2026-07-31T10:10:21Z,612,6,1,9,0,0,1,1,1,1785486691
2026-07-31T10:10:21Z,613,9,0,2,4,0,1,1,1,1785489318
2026-07-31T10:10:21Z,614,1,1,23,2,1,1,1,1,1785488202
2026-07-31T10:10:21Z,617,11,0,2,2,0,1,1,1,1785489767
2026-07-31T10:10:21Z,618,13,2,1,5,0,1,1,1,1785486690
2026-07-31T10:10:21Z,619,6,2,13,0,0,1,1,1,1785492115
2026-07-31T10:10:21Z,620,1,0,26,0,0,1,1,1,1785492178
2026-07-31T10:10:21Z,621,6,2,16,1,0,1,1,1,1785492151
2026-07-31T10:10:21Z,622,5,2,17,1,0,1,1,1,1785488201
2026-07-31T10:10:21Z,623,9,2,20,1,0,1,1,1,1785488201
2026-07-31T10:10:21Z,624,2,0,13,0,0,1,1,1,1785486691
2026-07-31T10:10:21Z,625,5,0,14,2,0,1,1,1,1785488201
2026-07-31T10:10:21Z,626,2,0,43,0,2,1,1,1,1785490207
2026-07-31T10:10:21Z,627,13,6,6,0,0,1,1,1,1785488201
2026-07-31T10:10:21Z,628,0,0,15,2,2,1,1,1,1785492524
2026-07-31T10:10:21Z,629,4,1,6,1,0,1,1,1,1785492585
2026-07-31T10:10:21Z,630,3,2,21,3,0,1,1,1,1785492404
2026-07-31T10:10:21Z,631,2,1,21,0,0,1,1,1,1785488201
2026-07-31T10:10:21Z,632,21,1,0,2,0,1,1,1,1785489788
2026-07-31T10:10:21Z,633,11,1,0,4,0,1,1,1,1785492429
2026-07-31T10:10:21Z,634,11,2,8,0,0,1,1,1,1785486991
2026-07-31T10:10:21Z,635,17,1,2,0,0,1,1,1,1785488201
2026-07-31T10:10:21Z,636,10,2,5,0,0,1,1,1,1785488201
2026-07-31T10:10:21Z,637,7,0,12,0,0,1,1,1,1785490209
2026-07-31T10:10:21Z,638,9,2,8,2,0,1,1,1,1785491617
2026-07-31T10:10:21Z,639,5,1,11,3,0,1,1,1,1785479066
2026-07-31T10:10:21Z,640,2,2,20,1,0,1,1,1,1785492403
2026-07-31T10:10:21Z,641,19,1,5,2,0,1,1,1,1785492142
2026-07-31T10:10:21Z,642,4,2,7,8,0,1,1,1,1785492612
2026-07-31T10:10:21Z,643,2,0,17,8,0,1,1,1,1785492610
2026-07-31T10:10:21Z,644,12,0,2,1,0,1,1,1,1785486991
2026-07-31T10:10:21Z,645,11,0,10,1,1,1,1,1,1785488495
2026-07-31T10:10:21Z,646,7,2,12,0,0,1,1,1,1785492597
2026-07-31T10:10:21Z,647,30,1,1,0,0,1,1,1,1785490486
2026-07-31T10:10:21Z,648,6,0,12,1,0,1,1,1,1785490674
2026-07-31T10:10:21Z,649,19,3,11,1,0,1,1,1,1785491820
2026-07-31T10:10:21Z,650,5,1,9,0,0,1,1,1,1785488201
2026-07-31T10:10:21Z,651,10,9,13,0,0,1,1,1,1785491370
2026-07-31T10:10:21Z,652,4,2,17,2,0,1,1,1,1785492393
2026-07-31T10:10:21Z,653,7,1,10,2,0,1,1,1,1785491694
2026-07-31T10:10:21Z,654,2,2,13,0,0,1,1,1,1785488202
2026-07-31T10:10:21Z,655,7,3,1,4,1,1,1,1,1785492312
2026-07-31T10:10:21Z,656,19,7,0,0,0,1,1,1,1785489841
2026-07-31T10:10:21Z,657,9,1,3,2,3,1,1,1,1785492343
2026-07-31T10:10:21Z,658,9,1,1,0,0,1,1,1,1785473427
2026-07-31T10:10:21Z,659,8,3,5,2,0,1,1,1,1785488201
2026-07-31T10:10:21Z,660,13,0,14,4,0,1,1,1,1785492311
2026-07-31T10:10:21Z,661,2,1,17,0,0,1,1,1,1785492505
2026-07-31T10:10:21Z,662,7,5,14,2,0,1,1,1,1785480458
2026-07-31T10:10:21Z,663,13,6,1,1,0,1,1,1,1785491091
2026-07-31T10:10:21Z,664,0,0,27,0,0,1,1,1,1785488202
2026-07-31T10:10:21Z,665,12,3,3,0,0,1,1,1,1785488202
2026-07-31T10:10:21Z,666,7,2,6,2,0,1,1,1,1785488201
2026-07-31T10:10:21Z,667,0,0,19,0,0,1,1,1,1785486991
2026-07-31T10:10:21Z,668,10,1,8,1,0,1,1,1,1785488201
2026-07-31T10:10:21Z,669,14,5,0,0,0,1,1,1,1785488201
2026-07-31T10:10:21Z,670,11,2,16,0,0,1,1,1,1785486992
2026-07-31T10:10:21Z,671,25,5,1,1,0,1,1,1,1785491754
2026-07-31T10:10:21Z,672,12,2,7,3,1,1,1,1,1785491597
2026-07-31T10:10:21Z,673,11,0,10,2,0,1,1,1,1785491521
2026-07-31T10:10:21Z,674,3,2,17,3,0,1,1,1,1785492584
2026-07-31T10:10:21Z,675,12,6,1,2,0,1,1,1,1785492516
2026-07-31T10:10:21Z,676,7,1,14,1,0,1,1,1,1785490771
2026-07-31T10:10:21Z,681,12,3,1,2,0,1,1,1,1785489270
2026-07-31T10:10:21Z,682,4,1,14,1,0,1,1,1,1785486991
2026-07-31T10:10:21Z,683,4,1,15,0,0,1,1,1,1785491977
2026-07-31T10:10:21Z,684,3,0,24,0,0,1,1,1,1785487883
2026-07-31T10:10:21Z,685,10,0,15,1,1,1,1,1,1785488201
2026-07-31T10:10:21Z,686,11,0,14,2,0,1,1,1,1785492381
2026-07-31T10:10:21Z,687,11,0,18,1,1,1,1,1,1785492393
2026-07-31T10:10:21Z,688,10,0,2,7,0,1,1,1,1785492466
2026-07-31T10:10:21Z,692,6,2,15,0,0,1,1,1,1785492552
2026-07-31T10:10:21Z,693,6,0,2,3,0,1,1,1,1785492611
2026-07-31T10:10:21Z,694,8,5,13,0,0,1,1,1,1785492368
2026-07-31T10:10:21Z,695,17,11,6,0,0,1,1,1,1785492512
2026-07-31T10:10:21Z,696,18,13,3,2,0,1,1,1,1785492434
2026-07-31T10:10:21Z,697,22,2,1,0,0,1,1,1,1785492025
2026-07-31T10:10:21Z,698,27,1,0,0,0,1,1,1,1785492365
2026-07-31T10:10:21Z,699,7,0,7,1,0,1,1,1,1785491102
2026-07-31T10:10:21Z,700,19,4,0,0,0,1,1,1,1785491231
2026-07-31T10:10:21Z,701,17,6,2,0,0,1,1,1,1785492482
2026-07-31T10:10:21Z,702,18,0,4,1,0,1,1,1,1785491692
2026-07-31T10:10:21Z,704,9,2,6,0,0,1,1,1,1785491876
2026-07-31T10:10:21Z,705,4,2,9,2,0,1,1,1,1785491501
2026-07-31T10:10:21Z,706,12,2,0,3,0,1,1,1,1785492442
2026-07-31T10:10:21Z,707,10,2,5,0,0,1,1,1,1785491264
2026-07-31T10:10:21Z,708,18,2,0,1,0,1,1,1,1785491472
2026-07-31T10:10:21Z,709,11,1,1,3,0,1,1,1,1785491290
2026-07-31T10:10:21Z,710,17,3,1,1,0,1,1,1,1785492522
2026-07-31T10:10:21Z,711,18,3,1,4,0,1,1,1,1785492589
2026-07-31T10:10:21Z,712,15,10,0,0,0,1,1,1,1785492460
2026-07-31T10:10:21Z,713,5,0,18,0,0,1,1,1,1785491744
2026-07-31T10:10:21Z,716,3,1,12,0,0,1,1,1,1785490987
2026-07-31T10:10:21Z,717,3,1,19,3,0,1,1,1,1785492162
2026-07-31T10:10:21Z,718,3,1,11,1,0,1,1,1,1785490812
2026-07-31T10:10:21Z,719,8,2,21,0,0,1,1,1,1785492181
2026-07-31T10:10:21Z,720,2,1,17,0,0,1,1,1,1785491278
2026-07-31T10:10:21Z,721,0,0,21,2,0,1,1,1,1785492081
2026-07-31T10:10:21Z,722,5,0,10,0,0,1,1,1,1785491031
2026-07-31T10:10:21Z,723,12,1,11,0,0,1,1,1,1785491074
2026-07-31T10:10:21Z,724,21,4,2,0,0,1,1,1,1785492227
2026-07-31T10:10:21Z,725,21,5,1,1,0,1,1,1,1785491796
2026-07-31T10:10:21Z,726,19,3,0,0,0,1,1,1,1785491997
2026-07-31T10:10:21Z,727,9,4,12,2,0,1,1,1,1785492028
2026-07-31T10:10:21Z,728,9,0,5,1,0,1,1,1,1785491580
2026-07-31T10:10:21Z,729,5,0,14,0,0,1,1,1,1785492458
2026-07-31T10:10:21Z,730,3,2,10,2,0,1,1,1,1785492176
2026-07-31T10:10:21Z,731,9,3,5,1,0,1,1,1,1785492124
2026-07-31T10:10:21Z,732,9,5,6,0,0,1,1,1,1785492327
2026-07-31T10:10:21Z,733,4,0,23,0,0,1,1,1,1785491304
2026-07-31T10:10:21Z,734,4,2,10,0,0,1,1,1,1785492539
2026-07-31T10:10:21Z,735,4,3,23,0,0,1,1,1,1785491167
2026-07-31T10:10:21Z,736,6,0,13,0,0,1,1,1,1785492329
2026-07-31T10:10:21Z,737,4,3,10,0,1,1,1,1,1785491709
2026-07-31T10:10:21Z,738,16,5,1,2,0,1,1,1,1785491678
2026-07-31T10:10:21Z,739,19,2,7,1,0,1,1,1,1785491331
2026-07-31T10:10:21Z,741,7,1,16,0,0,1,1,1,1785491610
2026-07-31T10:10:21Z,742,5,0,27,3,0,1,1,1,1785491736
2026-07-31T10:10:21Z,743,8,3,9,2,0,1,1,1,1785491480
2026-07-31T10:10:21Z,744,11,4,3,1,0,1,1,1,1785491985
2026-07-31T10:10:21Z,745,14,4,4,1,0,1,1,1,1785491995
2026-07-31T10:10:21Z,746,11,2,10,2,0,1,1,1,1785491383
2026-07-31T10:10:21Z,747,0,0,4,0,0,0,1,1,1783446606
2026-07-31T10:10:21Z,748,10,1,13,0,0,1,1,1,1785490968
2026-07-31T10:10:21Z,749,5,5,17,1,0,1,1,1,1785491599
2026-07-31T10:10:21Z,750,1,1,10,0,0,1,1,1,1785492395
2026-07-31T10:10:21Z,751,8,0,15,0,0,1,1,1,1785492220
2026-07-31T10:10:21Z,752,13,1,3,1,0,1,1,1,1785490194
2026-07-31T10:10:21Z,753,5,0,10,0,0,1,1,1,1785492121
2026-07-31T10:10:21Z,754,1,1,13,1,0,1,1,1,1785492534
2026-07-31T10:10:21Z,755,11,2,11,1,0,1,1,1,1785491435
2026-07-31T10:10:21Z,756,2,0,35,0,0,1,1,1,1785491570
2026-07-31T10:10:21Z,757,18,9,1,0,0,1,1,1,1785490959
2026-07-31T10:10:21Z,758,23,3,0,0,0,1,1,1,1785492384
2026-07-31T10:10:21Z,759,4,2,11,0,0,1,1,1,1785492110
2026-07-31T10:10:21Z,760,8,3,11,0,0,1,1,1,1785488200
2026-07-31T10:10:21Z,761,15,0,7,1,0,1,1,1,1785491414
2026-07-31T10:10:21Z,762,7,4,4,4,0,1,1,1,1785491235
2026-07-31T10:10:21Z,768,8,0,8,3,0,1,1,1,1785492215
2026-07-31T10:10:21Z,769,17,12,2,0,0,1,1,1,1785491842
2026-07-31T10:10:21Z,770,11,3,6,2,0,1,1,1,1785491777
2026-07-31T10:10:21Z,771,13,3,1,1,0,1,1,1,1785491213
2026-07-31T10:10:21Z,772,7,3,8,0,0,1,1,1,1785491834
2026-07-31T10:10:21Z,773,15,4,4,0,0,1,1,1,1785491671
2026-07-31T10:10:21Z,774,10,5,2,3,0,1,1,1,1785491614
2026-07-31T10:10:21Z,775,6,0,11,1,1,1,1,1,1785488308
2026-07-31T10:10:21Z,776,3,1,17,1,0,1,1,1,1785492001
2026-07-31T10:10:21Z,777,10,0,2,3,0,1,1,1,1785491738
2026-07-31T10:10:21Z,778,13,0,3,3,0,1,1,1,1785491725
2026-07-31T10:10:21Z,779,8,1,10,1,0,1,1,1,1785492584
2026-07-31T10:10:21Z,780,18,4,0,1,0,1,1,1,1785492197
2026-07-31T10:10:21Z,781,6,2,3,2,0,1,1,1,1785492519
2026-07-31T10:10:21Z,782,5,3,10,4,0,1,1,1,1785491497
2026-07-31T10:10:21Z,783,6,0,13,0,0,1,1,1,1785492583
2026-07-31T10:10:21Z,784,19,2,0,0,0,1,1,1,1785492506
2026-07-31T10:10:21Z,785,11,2,2,6,0,1,1,1,1785490940
2026-07-31T10:10:21Z,786,11,5,8,0,0,1,1,1,1785492405
2026-07-31T10:10:21Z,787,11,5,2,2,0,1,1,1,1785492040
2026-07-31T10:10:21Z,788,3,0,12,0,0,1,1,1,1785491259
2026-07-31T10:10:21Z,789,9,2,2,4,0,1,1,1,1785491490
2026-07-31T10:10:21Z,790,2,0,21,0,0,1,1,1,1785491894
2026-07-31T10:10:21Z,791,7,2,11,0,1,1,1,1,1785491428
2026-07-31T10:10:21Z,793,4,0,10,1,0,1,1,1,1785491631
2026-07-31T10:10:21Z,794,9,4,18,2,0,1,1,1,1785492571
2026-07-31T10:10:21Z,796,0,0,17,2,0,1,1,1,1785491429
2026-07-31T10:10:21Z,797,1,0,14,0,0,1,1,1,1785487593
2026-07-31T10:10:21Z,798,6,0,18,1,0,1,1,1,1785491265
2026-07-31T10:10:21Z,799,15,1,1,3,0,1,1,1,1785491397
2026-07-31T10:10:21Z,800,1,0,19,1,0,1,1,1,1785491026
2026-07-31T10:10:21Z,801,4,2,16,1,0,1,1,1,1785491454
2026-07-31T10:10:21Z,802,8,0,23,0,0,1,1,1,1785491559
2026-07-31T10:10:21Z,803,1,1,14,0,0,1,1,1,1785491227
2026-07-31T10:10:21Z,806,8,3,7,0,0,1,1,1,1785488200
2026-07-31T10:10:21Z,807,14,0,8,3,0,1,1,1,1785491836
2026-07-31T10:10:21Z,808,0,0,23,2,0,1,1,1,1785488225
2026-07-31T10:10:21Z,809,5,1,17,1,0,1,1,1,1785491401
2026-07-31T10:10:21Z,810,2,0,13,4,0,1,1,1,1785491861
2026-07-31T10:10:21Z,815,4,1,6,4,1,1,1,1,1785491537
2026-07-31T10:10:21Z,817,10,5,5,0,0,1,1,1,1785492556
2026-07-31T10:10:21Z,818,6,0,16,1,0,1,1,1,1785491976
2026-07-31T10:10:21Z,819,6,4,9,0,0,1,1,1,1785487291
2026-07-31T10:10:21Z,820,8,2,9,0,0,1,1,1,1785492474
2026-07-31T10:10:21Z,821,2,1,13,0,0,1,1,1,1785491589
2026-07-31T10:10:21Z,822,1,0,20,2,0,1,1,1,1785491914
2026-07-31T10:10:21Z,823,0,0,14,1,0,1,1,1,1785491060
2026-07-31T10:10:21Z,824,13,4,5,1,0,1,1,1,1785492339
2026-07-31T10:10:21Z,825,8,5,7,0,0,1,1,1,1785488201
2026-07-31T10:10:21Z,826,10,2,8,1,0,1,1,1,1785492353
2026-07-31T10:10:21Z,827,16,5,4,1,0,1,1,1,1785491860
2026-07-31T10:10:21Z,828,10,0,6,1,1,1,1,1,1785492565
2026-07-31T10:10:21Z,829,16,7,11,0,0,1,1,1,1785492598
2026-07-31T10:10:21Z,830,14,3,8,1,0,1,1,1,1785492552
2026-07-31T10:10:21Z,831,7,2,7,1,0,1,1,1,1785491029
2026-07-31T10:10:21Z,832,10,3,5,3,0,1,1,1,1785491116
2026-07-31T10:10:21Z,833,1,0,17,1,0,1,1,1,1785490871
2026-07-31T10:10:21Z,834,1,0,22,1,0,1,1,1,1785492187
2026-07-31T10:10:21Z,835,16,6,0,2,0,1,1,1,1785492418
2026-07-31T10:10:21Z,837,5,1,0,10,0,1,1,1,1785491097
2026-07-31T10:10:21Z,838,13,3,2,0,0,1,1,1,1785491766
2026-07-31T10:10:21Z,839,19,1,10,0,0,1,1,1,1785491470
2026-07-31T10:10:21Z,840,8,3,19,2,0,1,1,1,1785492522
2026-07-31T10:10:21Z,841,7,1,8,0,0,1,1,1,1785491026
2026-07-31T10:10:21Z,842,7,2,16,0,0,1,1,1,1785490822
2026-07-31T10:10:21Z,843,8,0,22,1,0,1,1,1,1785491062
2026-07-31T10:10:21Z,844,6,0,17,0,0,1,1,1,1785491021
2026-07-31T10:10:21Z,845,5,3,12,2,0,1,1,1,1785491204
2026-07-31T10:10:21Z,846,3,0,14,2,0,1,1,1,1785492274
2026-07-31T10:10:21Z,847,7,1,20,0,0,1,1,1,1785491946
2026-07-31T10:10:21Z,848,10,3,8,1,0,1,1,1,1785488215
2026-07-31T10:10:21Z,849,7,2,8,0,0,1,1,1,1785492000
2026-07-31T10:10:21Z,850,9,0,1,1,0,1,1,1,1785492252
2026-07-31T10:10:21Z,851,3,3,32,2,0,1,1,1,1785492103
2026-07-31T10:10:21Z,852,12,6,7,0,0,1,1,1,1785490918
2026-07-31T10:10:21Z,853,10,5,13,0,0,1,1,1,1785491795
2026-07-31T10:10:21Z,854,3,2,12,0,0,1,1,1,1785491861
2026-07-31T10:10:21Z,855,25,0,2,0,0,1,1,1,1785488200
2026-07-31T10:10:21Z,857,1,1,18,0,0,1,1,1,1785491115
2026-07-31T10:10:21Z,858,4,1,14,1,0,1,1,1,1785491576
2026-07-31T10:10:21Z,859,3,0,17,1,0,1,1,1,1785491799
2026-07-31T10:10:21Z,861,8,1,2,1,0,1,1,1,1785488201
2026-07-31T10:10:21Z,862,2,1,13,0,0,1,1,1,1785491053
2026-07-31T10:10:21Z,863,13,0,5,1,0,1,1,1,1785488200
2026-07-31T10:10:21Z,866,11,3,8,0,0,1,1,1,1785491355
2026-07-31T10:10:21Z,867,12,0,3,0,0,1,1,1,1785492480
2026-07-31T10:10:21Z,868,13,2,2,0,0,1,1,1,1785490876
2026-07-31T10:10:21Z,870,7,4,6,2,0,1,1,1,1785491093
2026-07-31T10:10:21Z,871,0,0,10,1,0,1,1,1,1785492285
2026-07-31T10:10:21Z,872,0,0,14,1,0,1,1,1,1785491013
2026-07-31T10:10:21Z,873,0,0,32,1,0,1,1,1,1785490998
2026-07-31T10:10:21Z,874,5,2,7,3,0,1,1,1,1785491194
2026-07-31T10:10:21Z,875,15,11,0,0,0,1,1,1,1785492072
2026-07-31T10:10:21Z,877,11,10,6,2,0,1,1,1,1785492438
2026-07-31T10:10:21Z,878,3,2,15,1,0,1,1,1,1785491202
2026-07-31T10:10:21Z,879,1,0,18,0,0,1,1,1,1785492059
2026-07-31T10:10:21Z,880,3,0,19,1,0,1,1,1,1785492070
2026-07-31T10:10:21Z,881,2,0,17,0,0,1,1,1,1785491054
2026-07-31T10:10:21Z,882,10,0,6,3,0,1,1,1,1785488200
2026-07-31T10:10:21Z,883,10,6,9,0,0,1,1,1,1785491321
2026-07-31T10:10:21Z,884,11,7,10,0,0,1,1,1,1785492429
2026-07-31T10:10:21Z,885,1,0,18,0,0,1,1,1,1785490902
2026-07-31T10:10:21Z,886,16,1,12,1,0,1,1,1,1785491696
2026-07-31T10:10:21Z,887,3,1,11,3,0,1,1,1,1785491616
2026-07-31T10:10:21Z,888,12,0,27,2,0,1,1,1,1785492594
2026-07-31T10:10:21Z,889,17,1,0,2,0,1,1,1,1785491208
2026-07-31T10:10:21Z,890,6,4,9,0,0,1,1,1,1785489632
2026-07-31T10:10:21Z,891,20,0,2,1,0,1,1,1,1785492531
2026-07-31T10:10:21Z,892,13,1,2,0,0,1,1,1,1785488200
2026-07-31T10:10:21Z,895,0,0,18,1,0,1,1,1,1785489208
2026-07-31T10:10:21Z,896,7,0,28,0,0,1,1,1,1785490930
2026-07-31T10:10:21Z,897,11,1,10,0,0,1,1,1,1785491092
2026-07-31T10:10:21Z,898,2,0,17,0,0,1,1,1,1785490820
2026-07-31T10:10:21Z,899,0,0,18,1,0,1,1,1,1785491868
2026-07-31T10:10:21Z,900,19,1,6,2,0,1,1,1,1785492048
2026-07-31T10:10:21Z,901,11,0,7,1,0,1,1,1,1785492265
2026-07-31T10:10:21Z,902,9,0,5,1,0,1,1,1,1785492572
2026-07-31T10:10:21Z,903,14,2,4,1,0,1,1,1,1785492019
2026-07-31T10:10:21Z,904,10,4,8,1,0,1,1,1,1785491209
2026-07-31T10:10:21Z,905,4,0,23,0,0,1,1,1,1785491310
2026-07-31T10:10:21Z,906,8,5,19,0,0,1,1,1,1785492065
2026-07-31T10:10:21Z,907,7,1,24,0,0,1,1,1,1785491417
2026-07-31T10:10:21Z,908,11,0,12,0,0,1,1,1,1785491196
2026-07-31T10:10:21Z,909,15,5,8,0,0,1,1,1,1785492583
2026-07-31T10:10:21Z,910,22,1,9,0,0,1,1,1,1785492520
2026-07-31T10:10:21Z,911,4,1,15,0,0,1,1,1,1785492568
2026-07-31T10:10:21Z,912,9,5,12,2,0,1,1,1,1785491685
2026-07-31T10:10:21Z,913,3,1,16,0,0,1,1,1,1785491735
2026-07-31T10:10:21Z,914,8,2,11,0,0,1,1,1,1785491554
2026-07-31T10:10:21Z,915,9,1,13,1,0,1,1,1,1785492042
2026-07-31T10:10:21Z,916,22,7,0,1,0,1,1,1,1785491693
2026-07-31T10:10:21Z,917,5,1,28,2,0,1,1,1,1785492023
2026-07-31T10:10:21Z,918,12,4,5,2,0,1,1,1,1785492166
2026-07-31T10:10:21Z,919,15,2,22,2,0,1,1,1,1785492443
2026-07-31T10:10:21Z,920,4,2,15,0,0,1,1,1,1785491549
2026-07-31T10:10:21Z,921,12,0,9,0,0,1,1,1,1785490886
2026-07-31T10:10:21Z,922,4,1,17,0,0,1,1,1,1785491690
2026-07-31T10:10:21Z,923,19,2,0,0,0,1,1,1,1785492378
2026-07-31T10:10:21Z,924,8,2,13,0,0,1,1,1,1785491900
2026-07-31T10:10:21Z,925,13,0,8,0,0,1,1,1,1785491364
2026-07-31T10:10:21Z,926,0,0,21,0,0,1,1,1,1785491504
2026-07-31T10:10:21Z,927,1,0,34,0,0,1,1,1,1785491912
2026-07-31T10:10:21Z,928,5,3,14,0,0,1,1,1,1785464301
2026-07-31T10:10:21Z,929,0,0,23,0,0,1,1,1,1785492336
2026-07-31T10:10:21Z,930,0,0,30,1,0,1,1,1,1785491117
2026-07-31T10:10:21Z,931,8,3,15,0,0,1,1,1,1785491437
2026-07-31T10:10:21Z,932,4,0,12,3,0,1,1,1,1785491274
2026-07-31T10:10:21Z,933,0,0,23,0,0,1,1,1,1785491486
2026-07-31T10:10:21Z,934,3,0,27,1,0,1,1,1,1785491206
2026-07-31T10:10:21Z,935,11,3,7,1,0,1,1,1,1785492065
2026-07-31T10:10:21Z,936,4,1,15,0,0,1,1,1,1785456801
2026-07-31T10:10:21Z,940,9,0,2,0,0,1,1,1,1785491001
2026-07-31T10:10:21Z,941,10,1,13,2,0,1,1,1,1785491625
2026-07-31T10:10:21Z,942,6,1,15,0,0,1,1,1,1785492002
2026-07-31T10:10:21Z,943,9,8,6,0,0,1,1,1,1785491125
2026-07-31T10:10:21Z,944,9,8,6,0,0,1,1,1,1785490942
2026-07-31T10:10:21Z,945,10,8,5,0,0,1,1,1,1785492269
2026-07-31T10:10:21Z,946,7,5,12,0,0,1,1,1,1785487593
2026-07-31T10:10:21Z,947,7,5,10,0,0,1,1,1,1785490955
2026-07-31T10:10:21Z,948,24,8,2,5,0,1,1,1,1785491718
2026-07-31T10:10:21Z,949,1,0,14,0,0,1,1,1,1785492136
2026-07-31T10:10:21Z,950,14,4,2,1,0,1,1,1,1785491167
2026-07-31T10:10:21Z,951,18,4,5,0,0,1,1,1,1785491758
2026-07-31T10:10:21Z,952,11,0,44,0,0,1,1,1,1785492341
2026-07-31T10:10:21Z,953,13,2,1,1,0,1,1,1,1785492039
2026-07-31T10:10:21Z,954,17,4,2,0,0,1,1,1,1785491067
2026-07-31T10:10:21Z,955,4,3,17,6,0,1,1,1,1785491858
2026-07-31T10:10:21Z,956,21,0,1,1,0,1,1,1,1785491699
2026-07-31T10:10:21Z,957,15,0,14,0,0,1,1,1,1785492172
2026-07-31T10:10:21Z,958,19,1,12,0,0,1,1,1,1785492413
2026-07-31T10:10:21Z,959,20,8,0,3,0,1,1,1,1785490845
2026-07-31T10:10:21Z,960,22,1,0,1,0,1,1,1,1785491329
2026-07-31T10:10:21Z,961,3,2,17,3,0,1,1,1,1785491676
2026-07-31T10:10:21Z,962,9,3,23,3,0,1,1,1,1785492002
2026-07-31T10:10:21Z,963,10,0,12,1,0,1,1,1,1785492416
2026-07-31T10:10:21Z,964,20,8,2,1,0,1,1,1,1785492502
2026-07-31T10:10:21Z,965,5,1,21,1,0,1,1,1,1785491171
2026-07-31T10:10:21Z,966,28,0,3,0,0,1,1,1,1785491684
2026-07-31T10:10:21Z,967,19,0,1,1,0,1,1,1,1785492603
2026-07-31T10:10:21Z,968,15,0,3,1,0,1,1,1,1785490947
2026-07-31T10:10:21Z,969,10,6,15,2,0,1,1,1,1785490965
2026-07-31T10:10:21Z,970,12,1,5,2,0,1,1,1,1785491581
2026-07-31T10:10:21Z,971,11,0,11,1,0,1,1,1,1785492454
2026-07-31T10:10:21Z,972,9,1,13,1,0,1,1,1,1785490921
2026-07-31T10:10:21Z,973,9,4,13,1,0,1,1,1,1785492251
2026-07-31T10:10:21Z,974,12,0,15,0,0,1,1,1,1785491636
2026-07-31T10:10:21Z,977,7,7,11,3,0,1,1,1,1785491188
2026-07-31T10:10:21Z,978,11,0,12,0,0,1,1,1,1785492054
2026-07-31T10:10:21Z,979,13,1,4,0,0,1,1,1,1785492190
2026-07-31T10:10:21Z,980,1,0,18,2,0,1,1,1,1785492337
2026-07-31T10:10:21Z,981,19,1,1,1,0,1,1,1,1785492502
2026-07-31T10:10:21Z,982,3,1,14,2,0,1,1,1,1785490987
2026-07-31T10:10:21Z,983,2,1,20,1,0,1,1,1,1785491403
2026-07-31T10:10:21Z,984,6,0,17,0,0,1,1,1,1785492408
2026-07-31T10:10:21Z,985,11,0,20,0,0,1,1,1,1785492087
2026-07-31T10:10:21Z,986,4,0,15,0,0,1,1,1,1785490985
2026-07-31T10:10:21Z,987,6,0,16,1,0,1,1,1,1785491526
2026-07-31T10:10:21Z,988,5,1,13,1,0,1,1,1,1785491137
2026-07-31T10:10:21Z,989,9,4,10,0,0,1,1,1,1785491943
2026-07-31T10:10:21Z,990,13,1,0,2,0,1,1,1,1785491186
2026-07-31T10:10:21Z,991,11,2,8,0,0,1,1,1,1785492428
2026-07-31T10:10:21Z,992,10,7,12,1,0,1,1,1,1785491725
2026-07-31T10:10:21Z,993,0,0,27,0,0,1,1,1,1785476008
2026-07-31T10:10:21Z,994,3,1,18,0,0,1,1,1,1785491941
2026-07-31T10:10:21Z,995,7,1,20,0,0,1,1,1,1785491812
2026-07-31T10:10:21Z,996,8,1,15,0,0,1,1,1,1785490962
2026-07-31T10:10:21Z,997,11,5,10,2,0,1,1,1,1785492567
2026-07-31T10:10:21Z,998,3,2,19,1,0,1,1,1,1785491276
2026-07-31T10:10:21Z,999,3,1,15,2,1,1,1,1,1785491055
2026-07-31T10:10:21Z,1000,5,2,16,0,0,1,1,1,1785492305
2026-07-31T10:10:21Z,1001,2,1,25,0,0,1,1,1,1785491949
2026-07-31T10:10:21Z,1002,0,0,27,4,0,1,1,1,1785491304
2026-07-31T10:10:21Z,1003,0,0,22,1,0,1,1,1,1785490924
2026-07-31T10:10:21Z,1004,8,1,15,0,0,1,1,1,1785492182
2026-07-31T10:10:21Z,1005,20,1,3,0,0,1,1,1,1785491113
2026-07-31T10:10:21Z,1006,7,4,11,1,0,1,1,1,1785490948
2026-07-31T10:10:21Z,1007,2,1,19,0,0,1,1,1,1785492396
2026-07-31T10:10:21Z,1008,6,5,15,2,0,1,1,1,1785491901
2026-07-31T10:10:21Z,1009,19,2,8,4,0,1,1,1,1785491769
2026-07-31T10:10:21Z,1010,7,2,20,0,0,1,1,1,1785492604
2026-07-31T10:10:21Z,1011,8,2,9,2,0,1,1,1,1785491321
2026-07-31T10:10:21Z,1012,4,3,18,1,0,1,1,1,1785490879
2026-07-31T10:10:21Z,1013,4,1,18,1,0,1,1,1,1785491476
2026-07-31T10:10:21Z,1014,7,2,13,3,0,1,1,1,1785491397
2026-07-31T10:10:21Z,1015,3,1,25,3,0,1,1,1,1785491677
2026-07-31T10:10:21Z,1016,10,5,21,0,0,1,1,1,1785492565
2026-07-31T10:10:21Z,1017,14,5,7,0,0,1,1,1,1785492102
2026-07-31T10:10:21Z,1018,7,2,15,0,0,1,1,1,1785490966
2026-07-31T10:10:21Z,1019,9,6,6,0,0,1,1,1,1785490894
2026-07-31T10:10:21Z,1020,18,3,3,0,0,1,1,1,1785491971
2026-07-31T10:10:21Z,1021,9,3,5,1,0,1,1,1,1785491695
2026-07-31T10:10:21Z,1022,14,0,13,0,0,1,1,1,1785491058
2026-07-31T10:10:21Z,1023,13,1,9,1,0,1,1,1,1785492519
2026-07-31T10:10:21Z,1024,5,2,13,1,0,1,1,1,1785491698
2026-07-31T10:10:21Z,1025,4,0,14,0,1,1,1,1,1785491027
2026-07-31T10:10:21Z,1026,7,4,18,6,0,1,1,1,1785492265
2026-07-31T10:10:21Z,1028,2,0,20,1,0,1,1,1,1785491058
2026-07-31T10:10:21Z,1029,9,9,5,1,0,1,1,1,1785491992
2026-07-31T10:10:21Z,1030,14,5,9,0,0,1,1,1,1785491740
2026-07-31T10:10:21Z,1031,8,0,11,0,0,1,1,1,1785492104
2026-07-31T10:10:21Z,1032,7,1,12,0,0,1,1,1,1785490953
2026-07-31T10:10:21Z,1033,9,5,9,1,0,1,1,1,1785491766
2026-07-31T10:10:21Z,1034,2,0,13,0,0,1,1,1,1785490968
2026-07-31T10:10:21Z,1035,1,0,16,2,0,1,1,1,1785490999
2026-07-31T10:10:21Z,1036,14,0,1,0,0,1,1,1,1785491583
2026-07-31T10:10:21Z,1037,4,0,14,1,0,1,1,1,1785491506
2026-07-31T10:10:21Z,1038,2,0,12,1,0,1,1,1,1785492479
2026-07-31T10:10:21Z,1039,7,2,12,0,0,1,1,1,1785491107
2026-07-31T10:10:21Z,1040,7,3,10,2,0,1,1,1,1785490990
2026-07-31T10:10:21Z,1041,10,3,8,1,0,1,1,1,1785491685
2026-07-31T10:10:21Z,1042,12,1,1,2,0,1,1,1,1785491210
2026-07-31T10:10:21Z,1043,9,0,7,3,0,1,1,1,1785491026
2026-07-31T10:10:21Z,1044,2,1,12,1,0,1,1,1,1785492535
2026-07-31T10:10:21Z,1045,11,1,8,0,0,1,1,1,1785490940
2026-07-31T10:10:21Z,1046,9,0,6,0,0,1,1,1,1785492158
2026-07-31T10:10:21Z,1047,4,0,17,0,0,1,1,1,1785491707
2026-07-31T10:10:21Z,1048,10,1,9,0,0,1,1,1,1785490917
2026-07-31T10:10:21Z,1049,6,0,15,0,0,1,1,1,1785490980
2026-07-31T10:10:21Z,1050,17,4,4,0,0,1,1,1,1785492079
2026-07-31T10:10:21Z,1051,8,3,13,0,0,1,1,1,1785491971
2026-07-31T10:10:21Z,1052,17,2,5,0,0,1,1,1,1785492597
2026-07-31T10:10:21Z,1053,2,1,13,0,0,1,1,1,1785490846
2026-07-31T10:10:21Z,1054,14,1,1,0,0,1,1,1,1785491106
2026-07-31T10:10:21Z,1055,8,2,11,0,0,1,1,1,1785492113
2026-07-31T10:10:21Z,1057,18,0,0,1,0,1,1,1,1785492588
2026-07-31T10:10:21Z,1058,1,0,55,0,0,1,1,1,1785491030
2026-07-31T10:10:21Z,1059,0,0,18,1,0,1,1,1,1785490976
2026-07-31T10:10:21Z,1060,31,0,6,0,0,1,1,1,1785492532
2026-07-31T10:10:21Z,1061,10,1,26,1,0,1,1,1,1785491594
2026-07-31T10:10:21Z,1062,2,0,15,0,0,1,1,1,1785491460
2026-07-31T10:10:21Z,1063,12,1,6,1,0,1,1,1,1785490996
2026-07-31T10:10:21Z,1064,3,0,19,1,0,1,1,1,1785491328
2026-07-31T10:10:21Z,1065,16,3,7,0,0,1,1,1,1785491568
2026-07-31T10:10:21Z,1066,10,2,13,0,0,1,1,1,1785491393
2026-07-31T10:10:21Z,1067,8,2,13,2,0,1,1,1,1785491660
2026-07-31T10:10:21Z,1068,8,2,13,2,0,1,1,1,1785491152
2026-07-31T10:10:21Z,1069,12,3,11,0,0,1,1,1,1785491202
2026-07-31T10:10:21Z,1070,12,2,11,0,0,1,1,1,1785491298
2026-07-31T10:10:21Z,1071,7,4,16,0,0,1,1,1,1785491337
2026-07-31T10:10:21Z,1072,11,1,11,1,0,1,1,1,1785491723
2026-07-31T10:10:21Z,1073,25,6,1,1,0,1,1,1,1785492455
2026-07-31T10:10:21Z,1074,0,0,52,1,0,1,1,1,1785491077
2026-07-31T10:10:21Z,1075,10,10,11,0,0,1,1,1,1785492523
2026-07-31T10:10:21Z,1076,14,11,7,0,0,1,1,1,1785491960
2026-07-31T10:10:21Z,1077,8,5,13,0,0,1,1,1,1785490923
2026-07-31T10:10:21Z,1078,11,10,10,0,0,1,1,1,1785492003
2026-07-31T10:10:21Z,1079,11,8,10,0,0,1,1,1,1785490814
2026-07-31T10:10:21Z,1080,10,8,10,1,0,1,1,1,1785491414
2026-07-31T10:10:21Z,1081,13,8,6,0,0,1,1,1,1785491804
2026-07-31T10:10:21Z,1082,7,7,1,0,0,1,1,1,1785491286
2026-07-31T10:10:21Z,1083,13,11,8,0,0,1,1,1,1785491082
2026-07-31T10:10:21Z,1084,9,8,12,0,0,1,1,1,1785492516
2026-07-31T10:10:21Z,1085,10,10,11,0,0,1,1,1,1785492162
2026-07-31T10:10:21Z,1086,0,0,20,1,0,1,1,1,1785491050
2026-07-31T10:10:21Z,1087,12,7,3,0,0,1,1,1,1785492056
2026-07-31T10:10:21Z,1088,10,7,5,0,0,1,1,1,1785490999
2026-07-31T10:10:21Z,1089,5,3,10,0,0,1,1,1,1785491355
2026-07-31T10:10:21Z,1090,11,10,4,0,0,1,1,1,1785491885
2026-07-31T10:10:21Z,1091,12,7,3,0,0,1,1,1,1785491797
2026-07-31T10:10:21Z,1092,9,9,5,1,0,1,1,1,1785491344
2026-07-31T10:10:21Z,1093,7,6,8,0,0,1,1,1,1785491706
2026-07-31T10:10:21Z,1094,10,8,8,1,0,1,1,1,1785490952
2026-07-31T10:10:21Z,1095,9,8,6,0,0,1,1,1,1785491650
2026-07-31T10:10:21Z,1096,3,1,15,1,0,1,1,1,1785491316
2026-07-31T10:10:21Z,1097,9,9,6,0,0,1,1,1,1785491531
2026-07-31T10:10:21Z,1098,9,7,10,0,0,1,1,1,1785491871
2026-07-31T10:10:21Z,1099,7,6,8,0,0,1,1,1,1785492602
2026-07-31T10:10:21Z,1100,6,2,23,0,0,1,1,1,1785487894
2026-07-31T10:10:21Z,1101,9,5,12,0,0,1,1,1,1785492495
2026-07-31T10:10:21Z,1102,9,4,4,0,0,1,1,1,1785491782
2026-07-31T10:10:21Z,1103,10,5,11,0,0,1,1,1,1785487895
2026-07-31T10:10:21Z,1104,10,5,11,0,0,1,1,1,1785492251
2026-07-31T10:10:21Z,1105,8,4,5,0,0,1,1,1,1785492588
2026-07-31T10:10:21Z,1106,13,7,8,0,0,1,1,1,1785492591
2026-07-31T10:10:21Z,1107,9,5,6,0,0,1,1,1,1785491068
2026-07-31T10:10:21Z,1108,6,3,18,3,0,1,1,1,1785491560
2026-07-31T10:10:21Z,1109,6,1,9,0,0,1,1,1,1785491025
2026-07-31T10:10:21Z,1110,12,4,9,0,0,1,1,1,1785492121
2026-07-31T10:10:21Z,1111,3,2,18,0,0,1,1,1,1785475740
2026-07-31T10:10:21Z,1112,39,0,14,0,0,1,1,1,1785492002
2026-07-31T10:10:21Z,1113,1,0,20,0,0,1,1,1,1785492076
2026-07-31T10:10:21Z,1115,17,5,3,3,0,1,1,1,1785491470
2026-07-31T10:10:21Z,1116,5,1,14,0,0,1,1,1,1785490972
2026-07-31T10:10:21Z,1117,13,3,9,1,0,1,1,1,1785492548
2026-07-31T10:10:21Z,1118,16,1,3,2,0,1,1,1,1785492600
2026-07-31T10:10:21Z,1119,13,1,4,0,0,1,1,1,1785491986
2026-07-31T10:10:21Z,1120,13,0,6,0,0,1,1,1,1785491052
2026-07-31T10:10:21Z,1121,14,2,4,3,0,1,1,1,1785488201
2026-07-31T10:10:21Z,1122,15,9,3,3,0,1,1,1,1785492225
2026-07-31T10:10:21Z,1123,6,3,15,2,0,1,1,1,1785492426
2026-07-31T10:10:21Z,1124,8,0,2,5,0,1,1,1,1785492599
2026-07-31T10:10:21Z,1125,15,1,8,0,0,1,1,1,1785491249
2026-07-31T10:10:21Z,1126,4,0,16,1,0,1,1,1,1785492150
2026-07-31T10:10:21Z,1127,6,1,12,1,0,1,1,1,1785491292
2026-07-31T10:10:21Z,1128,14,2,0,1,0,1,1,1,1785490974
2026-07-31T10:10:21Z,1129,3,2,17,1,0,1,1,1,1785492515
2026-07-31T10:10:21Z,1130,6,0,9,0,0,1,1,1,1785492575
2026-07-31T10:10:21Z,1131,0,0,48,1,0,1,1,1,1785491736
2026-07-31T10:10:21Z,1132,13,6,7,1,0,1,1,1,1785492433
2026-07-31T10:10:21Z,1133,15,12,5,1,0,1,1,1,1785492602
2026-07-31T10:10:21Z,1134,11,7,8,0,0,1,1,1,1785491478
2026-07-31T10:10:21Z,1135,10,5,11,0,0,1,1,1,1785492389
2026-07-31T10:10:21Z,1136,6,0,17,0,0,1,1,1,1785491143
2026-07-31T10:10:21Z,1137,13,0,2,0,0,1,1,1,1785490892
2026-07-31T10:10:21Z,1138,15,2,4,0,0,1,1,1,1785490933
2026-07-31T10:10:21Z,1139,18,4,1,2,0,1,1,1,1785491457
2026-07-31T10:10:21Z,1140,22,3,0,1,0,1,1,1,1785492500
2026-07-31T10:10:21Z,1141,2,0,19,0,0,1,1,1,1785492512
2026-07-31T10:10:21Z,1142,2,0,19,0,0,1,1,1,1785491610
2026-07-31T10:10:21Z,1143,20,0,8,1,0,1,1,1,1785492341
2026-07-31T10:10:21Z,1144,7,1,13,1,0,1,1,1,1785491214
2026-07-31T10:10:21Z,1145,13,6,7,1,0,1,1,1,1785491351
2026-07-31T10:10:21Z,1146,10,0,5,4,0,1,1,1,1785492326
2026-07-31T10:10:21Z,1147,3,0,16,0,0,1,1,1,1785490897
2026-07-31T10:10:21Z,1148,24,6,7,0,0,1,1,1,1785491652
2026-07-31T10:10:21Z,1149,3,3,22,0,0,1,1,1,1785492438
2026-07-31T10:10:21Z,1150,18,1,1,0,0,1,1,1,1785492575
2026-07-31T10:10:21Z,1151,12,0,9,0,0,1,1,1,1785491619
2026-07-31T10:10:21Z,1152,18,1,11,0,0,1,1,1,1785492611
2026-07-31T10:10:21Z,1153,21,6,1,1,0,1,1,1,1785492465
2026-07-31T10:10:21Z,1154,13,1,6,0,0,1,1,1,1785492218
2026-07-31T10:10:21Z,1155,15,6,5,1,0,1,1,1,1785490963
2026-07-31T10:10:21Z,1158,3,0,15,1,0,1,1,1,1785491720
2026-07-31T10:10:21Z,1159,13,1,6,0,0,1,1,1,1785491216
2026-07-31T10:10:21Z,1160,9,1,9,1,0,1,1,1,1785491836
2026-07-31T10:10:21Z,1161,3,0,15,1,0,1,1,1,1785491351
2026-07-31T10:10:21Z,1162,2,1,17,0,0,1,1,1,1785491601
2026-07-31T10:10:21Z,1163,1,1,17,1,0,1,1,1,1785490977
2026-07-31T10:10:21Z,1164,6,1,13,0,0,1,1,1,1785491036
2026-07-31T10:10:21Z,1165,5,0,16,0,0,1,1,1,1785491769
2026-07-31T10:10:21Z,1166,12,3,8,1,0,1,1,1,1785491283
2026-07-31T10:10:21Z,1167,4,0,11,0,0,1,1,1,1785492560
2026-07-31T10:10:21Z,1168,2,1,20,1,0,1,1,1,1785491232
2026-07-31T10:10:21Z,1169,3,0,15,1,0,1,1,1,1785490884
2026-07-31T10:10:21Z,1170,6,0,14,1,0,1,1,1,1785491254
2026-07-31T10:10:21Z,1171,7,6,15,1,0,1,1,1,1785492587
2026-07-31T10:10:21Z,1172,7,2,6,2,0,1,1,1,1785491138
2026-07-31T10:10:21Z,1173,13,5,6,0,0,1,1,1,1785491133
2026-07-31T10:10:21Z,1174,6,3,9,0,0,1,1,1,1785490886
2026-07-31T10:10:21Z,1175,8,4,11,0,0,1,1,1,1785491319
2026-07-31T10:10:21Z,1176,19,1,2,0,0,1,1,1,1785492153
2026-07-31T10:10:21Z,1177,2,0,19,0,0,1,1,1,1785492075
2026-07-31T10:10:21Z,1178,2,1,13,0,0,1,1,1,1785492595
2026-07-31T10:10:21Z,1181,11,0,3,1,0,1,1,1,1785492552
2026-07-31T10:10:21Z,1182,1,0,19,0,0,1,1,1,1785491546
2026-07-31T10:10:21Z,1183,1,0,42,2,0,1,1,1,1785490816
2026-07-31T10:10:21Z,1184,12,6,8,1,0,1,1,1,1785492258
2026-07-31T10:10:21Z,1185,10,5,11,0,0,1,1,1,1785492203
2026-07-31T10:10:21Z,1186,9,5,10,0,0,1,1,1,1785491400
2026-07-31T10:10:21Z,1187,12,6,8,1,0,1,1,1,1785491754
2026-07-31T10:10:21Z,1188,10,5,5,0,0,1,1,1,1785491732
2026-07-31T10:10:21Z,1189,10,5,9,0,0,1,1,1,1785491161
2026-07-31T10:10:21Z,1190,10,5,11,0,0,1,1,1,1785492371
2026-07-31T10:10:21Z,1191,10,5,5,0,0,1,1,1,1785491082
2026-07-31T10:10:21Z,1192,10,6,10,1,0,1,1,1,1785490923
2026-07-31T10:10:21Z,1193,6,4,5,2,0,1,1,1,1785491899
2026-07-31T10:10:21Z,1197,9,6,7,1,0,1,1,1,1785491862
2026-07-31T10:10:21Z,1198,14,4,5,2,0,1,1,1,1785491446
2026-07-31T10:10:21Z,1199,2,0,17,0,0,1,1,1,1785491461
2026-07-31T10:10:21Z,1200,11,5,4,0,0,1,1,1,1785491118
2026-07-31T10:10:21Z,1201,11,5,4,0,0,1,1,1,1785491095
2026-07-31T10:10:21Z,1202,12,6,3,0,0,1,1,1,1785491194
2026-07-31T10:10:21Z,1203,9,6,6,0,0,1,1,1,1785491091
2026-07-31T10:10:21Z,1204,7,3,11,1,0,1,1,1,1785490835
2026-07-31T10:10:21Z,1206,11,5,10,0,0,1,1,1,1785491870
2026-07-31T10:10:21Z,1207,8,4,6,1,0,1,1,1,1785491407
2026-07-31T10:10:21Z,1208,7,2,11,1,0,1,1,1,1785491315
2026-07-31T10:10:21Z,1216,7,0,13,1,0,1,1,1,1785492099
2026-07-31T10:10:21Z,1218,4,0,17,0,0,1,1,1,1785492493
2026-07-31T10:10:21Z,1219,6,1,8,1,0,1,1,1,1785492398
2026-07-31T10:10:21Z,1220,14,7,4,1,0,1,1,1,1785492150
2026-07-31T10:10:21Z,1221,1,1,19,1,0,1,1,1,1785491804
2026-07-31T10:10:21Z,1222,29,1,0,0,0,1,1,1,1785491888
2026-07-31T10:10:21Z,1223,23,0,6,0,0,1,1,1,1785492586
2026-07-31T10:10:21Z,1226,0,0,3,0,0,0,1,1,1781868931
2026-07-31T10:10:21Z,1227,22,1,3,0,0,1,1,1,1785492602
2026-07-31T10:10:21Z,1228,15,1,13,1,0,1,1,1,1785491873
2026-07-31T10:10:21Z,1229,34,0,10,0,1,1,1,1,1785492608
2026-07-31T10:15:21Z,1,2,0,21,0,0,1,1,1,1785492071
2026-07-31T10:15:21Z,2,21,0,3,3,0,1,1,1,1785492483
2026-07-31T10:15:21Z,3,9,0,4,1,0,1,1,1,1785485488
2026-07-31T10:15:21Z,4,1,0,20,1,0,1,1,1,1785487895
2026-07-31T10:15:21Z,5,9,3,13,1,0,1,1,1,1785484887
2026-07-31T10:15:21Z,6,6,2,9,0,0,1,1,1,1785486991
2026-07-31T10:15:21Z,7,1,0,38,0,0,1,1,1,1785492363
2026-07-31T10:15:21Z,8,0,0,43,0,0,1,1,1,1785487014
2026-07-31T10:15:21Z,9,1,0,21,1,0,1,1,1,1785492426
2026-07-31T10:15:21Z,10,1,0,20,3,0,1,1,1,1785491840
2026-07-31T10:15:21Z,11,16,6,2,1,0,1,1,1,1785492323
2026-07-31T10:15:21Z,12,0,0,23,0,0,1,1,1,1785490105
2026-07-31T10:15:21Z,13,11,0,19,0,0,1,1,1,1785488834
2026-07-31T10:15:21Z,14,3,0,39,0,1,1,1,1,1785491439
2026-07-31T10:15:21Z,15,3,0,12,0,0,1,1,1,1785488861
2026-07-31T10:15:21Z,16,8,0,16,2,1,1,1,1,1785487292
2026-07-31T10:15:21Z,17,7,0,19,1,0,1,1,1,1785491479
2026-07-31T10:15:21Z,18,6,0,10,2,0,1,1,1,1785492179
2026-07-31T10:15:21Z,19,10,0,16,1,0,1,1,1,1785492542
2026-07-31T10:15:21Z,20,31,0,4,0,0,1,1,1,1785491965
2026-07-31T10:15:21Z,21,1,0,17,1,0,1,1,1,1785484888
2026-07-31T10:15:21Z,22,19,0,45,1,0,1,1,1,1785492488
2026-07-31T10:15:21Z,23,10,5,21,0,0,1,1,1,1785487895
2026-07-31T10:15:21Z,24,0,0,9,2,0,1,1,1,1785492909
2026-07-31T10:15:21Z,25,2,2,79,0,0,1,1,1,1785492025
2026-07-31T10:15:21Z,26,1,0,26,0,0,1,1,1,1785491464
2026-07-31T10:15:21Z,28,15,3,0,0,0,1,1,1,1785486991
2026-07-31T10:15:21Z,30,1,0,27,1,0,1,1,1,1785486089
2026-07-31T10:15:21Z,31,0,0,17,2,0,1,1,1,1785492855
2026-07-31T10:15:21Z,32,21,1,6,0,0,1,1,1,1785492510
2026-07-31T10:15:21Z,34,2,1,34,1,0,1,1,1,1785492502
2026-07-31T10:15:21Z,35,4,1,42,1,0,1,1,1,1785492897
2026-07-31T10:15:21Z,36,0,0,0,0,0,0,1,1,86400
2026-07-31T10:15:21Z,37,1,0,22,0,0,1,1,1,1785491559
2026-07-31T10:15:21Z,38,1,0,22,0,0,1,1,1,1785490318
2026-07-31T10:15:21Z,39,24,6,15,0,0,1,1,1,1785490063
2026-07-31T10:15:21Z,40,14,0,6,1,0,1,1,1,1785492177
2026-07-31T10:15:21Z,41,2,1,40,1,0,1,1,1,1785491500
2026-07-31T10:15:21Z,42,31,8,0,0,0,1,1,1,1785472558
2026-07-31T10:15:21Z,43,5,0,18,0,0,1,1,1,1785490390
2026-07-31T10:15:21Z,45,2,0,26,1,0,1,1,1,1785492300
2026-07-31T10:15:21Z,46,12,2,19,0,0,1,1,1,1785491240
2026-07-31T10:15:21Z,47,14,6,0,1,0,1,1,1,1785492895
2026-07-31T10:15:21Z,48,20,0,7,0,0,1,1,1,1785487579
2026-07-31T10:15:21Z,49,4,0,16,3,0,1,1,1,1785492914
2026-07-31T10:15:21Z,50,1,1,18,0,0,1,1,1,1785488641
2026-07-31T10:15:21Z,51,68,0,9,0,0,1,1,1,1785487292
2026-07-31T10:15:21Z,52,1,0,23,3,0,1,1,1,1785492913
2026-07-31T10:15:21Z,55,1,1,22,0,0,1,1,1,1785487781
2026-07-31T10:15:21Z,56,0,0,43,0,0,1,1,1,1785487593
2026-07-31T10:15:21Z,57,0,0,27,0,0,1,1,1,1785486089
2026-07-31T10:15:21Z,58,0,0,28,0,0,1,1,1,1785489985
2026-07-31T10:15:21Z,59,1,0,24,2,0,1,1,1,1785492748
2026-07-31T10:15:21Z,61,2,1,37,0,0,1,1,1,1785491414
2026-07-31T10:15:21Z,62,3,1,45,1,0,1,1,1,1785491866
2026-07-31T10:15:21Z,63,13,0,6,0,0,1,1,1,1785492690
2026-07-31T10:15:21Z,64,9,0,6,4,0,1,1,1,1785486992
2026-07-31T10:15:21Z,65,16,7,2,1,0,1,1,1,1785491350
2026-07-31T10:15:21Z,67,16,0,23,0,0,1,1,1,1785491870
2026-07-31T10:15:21Z,68,0,0,37,0,0,1,1,1,1785488201
2026-07-31T10:15:21Z,69,15,2,0,0,0,1,1,1,1785485188
2026-07-31T10:15:21Z,71,2,0,24,1,0,1,1,1,1785492683
2026-07-31T10:15:21Z,72,19,5,10,2,0,1,1,1,1785492368
2026-07-31T10:15:21Z,73,1,0,30,0,0,1,1,1,1785491470
2026-07-31T10:15:21Z,74,13,6,6,0,0,1,1,1,1785489103
2026-07-31T10:15:21Z,75,0,0,31,1,0,1,1,1,1785487292
2026-07-31T10:15:21Z,76,17,0,1,1,0,1,1,1,1785492913
2026-07-31T10:15:21Z,77,23,0,3,1,0,1,1,1,1785492484
2026-07-31T10:15:21Z,78,8,4,14,1,0,1,1,1,1785492198
2026-07-31T10:15:21Z,79,5,3,11,1,0,1,1,1,1785491374
2026-07-31T10:15:21Z,80,18,0,2,3,0,1,1,1,1785492666
2026-07-31T10:15:21Z,81,5,0,26,0,0,1,1,1,1785486390
2026-07-31T10:15:21Z,82,12,0,11,0,0,1,1,1,1785491795
2026-07-31T10:15:21Z,83,9,1,24,1,0,1,1,1,1785492894
2026-07-31T10:15:21Z,84,25,0,2,0,0,1,1,1,1785492855
2026-07-31T10:15:21Z,85,0,0,15,0,0,1,1,1,1785492381
2026-07-31T10:15:21Z,86,25,0,1,1,0,1,1,1,1785486691
2026-07-31T10:15:21Z,87,10,0,9,0,0,1,1,1,1785488201
2026-07-31T10:15:21Z,88,2,0,40,1,0,1,1,1,1785492709
2026-07-31T10:15:21Z,89,22,0,13,0,0,1,1,1,1785487292
2026-07-31T10:15:21Z,90,6,2,10,2,0,1,1,1,1785490958
2026-07-31T10:15:21Z,91,13,0,4,0,0,1,1,1,1785490693
2026-07-31T10:15:21Z,92,10,4,6,3,0,1,1,1,1785492690
2026-07-31T10:15:21Z,93,0,0,23,0,0,1,1,1,1785486390
2026-07-31T10:15:21Z,94,3,0,15,1,0,1,1,1,1785492659
2026-07-31T10:15:21Z,95,25,2,8,1,1,1,1,1,1785492299
2026-07-31T10:15:21Z,96,28,0,2,1,0,1,1,1,1785491842
2026-07-31T10:15:21Z,97,0,0,16,1,0,1,1,1,1785492785
2026-07-31T10:15:21Z,98,20,0,14,1,0,1,1,1,1785491722
2026-07-31T10:15:21Z,99,4,2,11,0,0,1,1,1,1785486802
2026-07-31T10:15:21Z,100,1,0,26,0,0,1,1,1,1785492496
2026-07-31T10:15:21Z,101,1,0,13,1,0,1,1,1,1785485789
2026-07-31T10:15:21Z,102,0,0,23,0,0,1,1,1,1785487553
2026-07-31T10:15:21Z,103,6,0,24,0,0,1,1,1,1785492441
2026-07-31T10:15:21Z,104,0,0,25,2,0,1,1,1,1785492909
2026-07-31T10:15:21Z,105,16,1,3,0,0,1,1,1,1785486390
2026-07-31T10:15:21Z,106,1,0,20,0,0,1,1,1,1785490634
2026-07-31T10:15:21Z,107,0,0,37,0,0,1,1,1,1785485489
2026-07-31T10:15:21Z,108,14,1,21,0,0,1,1,1,1785492695
2026-07-31T10:15:21Z,109,9,0,14,0,0,1,1,1,1785492885
2026-07-31T10:15:21Z,110,14,2,9,0,0,1,1,1,1785488165
2026-07-31T10:15:21Z,111,1,0,35,0,0,1,1,1,1785490951
2026-07-31T10:15:21Z,112,4,0,10,1,0,1,1,1,1785490423
2026-07-31T10:15:21Z,113,5,0,11,3,0,1,1,1,1785492734
2026-07-31T10:15:21Z,114,6,6,23,1,1,1,1,1,1785492712
2026-07-31T10:15:21Z,115,3,1,23,2,0,1,1,1,1785479033
2026-07-31T10:15:21Z,116,3,3,23,1,0,1,1,1,1785487594
2026-07-31T10:15:21Z,118,20,9,0,3,0,1,1,1,1785491837
2026-07-31T10:15:21Z,119,31,2,3,4,0,1,1,1,1785492713
2026-07-31T10:15:21Z,120,21,1,5,1,0,1,1,1,1785492726
2026-07-31T10:15:21Z,121,5,2,13,0,1,1,1,1,1785492732
2026-07-31T10:15:21Z,122,10,0,10,1,0,1,1,1,1785491486
2026-07-31T10:15:21Z,123,8,1,39,0,0,1,1,1,1785485188
2026-07-31T10:15:21Z,124,30,0,5,0,0,1,1,1,1785492197
2026-07-31T10:15:21Z,125,6,2,17,0,0,1,1,1,1785490205
2026-07-31T10:15:21Z,126,25,2,6,0,0,1,1,1,1785491001
2026-07-31T10:15:21Z,127,9,1,24,2,0,1,1,1,1785492804
2026-07-31T10:15:21Z,128,17,1,2,0,0,1,1,1,1785490685
2026-07-31T10:15:21Z,129,17,1,0,2,0,1,1,1,1785486089
2026-07-31T10:15:21Z,130,5,1,12,0,0,1,1,1,1785490452
2026-07-31T10:15:21Z,131,8,3,1,2,0,1,1,1,1785492564
2026-07-31T10:15:21Z,132,13,6,1,0,1,1,1,1,1785490417
2026-07-31T10:15:21Z,134,5,0,13,5,0,1,1,1,1785492839
2026-07-31T10:15:21Z,135,8,4,10,1,0,1,1,1,1785488917
2026-07-31T10:15:21Z,136,7,0,8,1,7,1,1,1,1785492913
2026-07-31T10:15:21Z,137,8,2,11,0,0,1,1,1,1785491896
2026-07-31T10:15:21Z,138,35,2,2,0,0,1,1,1,1785492908
2026-07-31T10:15:21Z,139,17,3,2,0,0,1,1,1,1785491526
2026-07-31T10:15:21Z,140,17,9,4,2,0,1,1,1,1785492909
2026-07-31T10:15:21Z,141,31,1,5,0,0,1,1,1,1785485909
2026-07-31T10:15:21Z,142,23,1,0,0,0,1,1,1,1785490160
2026-07-31T10:15:21Z,143,13,3,17,1,0,1,1,1,1785487895
2026-07-31T10:15:21Z,144,22,0,5,0,0,1,1,1,1785491889
2026-07-31T10:15:21Z,146,8,1,14,1,0,1,1,1,1785486463
2026-07-31T10:15:21Z,147,10,3,7,2,0,1,1,1,1785492907
2026-07-31T10:15:21Z,148,24,0,2,0,1,1,1,1,1785492755
2026-07-31T10:15:21Z,149,16,4,10,1,0,1,1,1,1785492202
2026-07-31T10:15:21Z,150,29,7,4,2,0,1,1,1,1785492685
2026-07-31T10:15:21Z,151,20,6,3,0,0,1,1,1,1785492686
2026-07-31T10:15:21Z,152,19,1,4,4,0,1,1,1,1785492688
2026-07-31T10:15:21Z,153,13,1,12,6,0,1,1,1,1785492912
2026-07-31T10:15:21Z,154,15,2,5,3,0,1,1,1,1785492674
2026-07-31T10:15:21Z,155,9,4,4,1,0,1,1,1,1785492802
2026-07-31T10:15:21Z,156,14,1,5,0,0,1,1,1,1785492278
2026-07-31T10:15:21Z,157,16,0,9,2,0,1,1,1,1785492908
2026-07-31T10:15:21Z,158,16,2,0,0,0,1,1,1,1785488201
2026-07-31T10:15:21Z,159,5,2,14,0,0,1,1,1,1785488201
2026-07-31T10:15:21Z,160,18,1,1,0,0,1,1,1,1785491594
2026-07-31T10:15:21Z,161,19,3,3,0,0,1,1,1,1785492832
2026-07-31T10:15:21Z,162,10,0,16,1,0,1,1,1,1785488396
2026-07-31T10:15:21Z,163,29,3,1,0,1,1,1,1,1785492773
2026-07-31T10:15:21Z,164,25,7,1,1,0,1,1,1,1785492858
2026-07-31T10:15:21Z,165,21,10,9,1,0,1,1,1,1785490458
2026-07-31T10:15:21Z,166,33,8,3,3,0,1,1,1,1785492913
2026-07-31T10:15:21Z,167,19,9,2,2,0,1,1,1,1785491219
2026-07-31T10:15:21Z,168,18,0,8,1,0,1,1,1,1785492791
2026-07-31T10:15:21Z,169,1,0,21,0,1,1,1,1,1785487293
2026-07-31T10:15:21Z,170,17,4,0,2,0,1,1,1,1785488379
2026-07-31T10:15:21Z,171,10,3,1,2,0,1,1,1,1785492672
2026-07-31T10:15:21Z,173,37,0,2,0,0,1,1,1,1785490623
2026-07-31T10:15:21Z,174,21,1,3,2,0,1,1,1,1785491643
2026-07-31T10:15:21Z,175,8,0,23,0,0,1,1,1,1785491110
2026-07-31T10:15:21Z,176,7,2,7,0,1,1,1,1,1785492475
2026-07-31T10:15:21Z,177,19,1,8,0,0,1,1,1,1785491415
2026-07-31T10:15:21Z,178,2,0,10,2,1,1,1,1,1785492911
2026-07-31T10:15:21Z,179,12,2,2,1,0,1,1,1,1785492090
2026-07-31T10:15:21Z,180,28,0,2,0,0,1,1,1,1785492120
2026-07-31T10:15:21Z,181,12,1,2,1,0,1,1,1,1785492149
2026-07-31T10:15:21Z,182,13,1,4,0,0,1,1,1,1785492045
2026-07-31T10:15:21Z,183,14,0,9,0,0,1,1,1,1785492326
2026-07-31T10:15:21Z,184,2,0,20,1,0,1,1,1,1785491941
2026-07-31T10:15:21Z,185,12,1,0,2,1,1,1,1,1785484888
2026-07-31T10:15:21Z,186,3,0,16,0,0,1,1,1,1785492102
2026-07-31T10:15:21Z,187,9,0,18,1,0,1,1,1,1785491965
2026-07-31T10:15:21Z,188,11,0,8,8,0,1,1,1,1785492891
2026-07-31T10:15:21Z,189,15,4,0,0,0,1,1,1,1785487895
2026-07-31T10:15:21Z,190,4,0,19,0,0,1,1,1,1785492508
2026-07-31T10:15:21Z,191,2,1,37,0,0,1,1,1,1785486690
2026-07-31T10:15:21Z,192,12,4,16,3,0,1,1,1,1785486089
2026-07-31T10:15:21Z,193,1,0,14,0,0,1,1,1,1785490688
2026-07-31T10:15:21Z,194,16,1,10,1,0,1,1,1,1785492888
2026-07-31T10:15:21Z,195,12,1,5,2,0,1,1,1,1785487594
2026-07-31T10:15:21Z,196,22,1,3,2,0,1,1,1,1785492850
2026-07-31T10:15:21Z,197,16,3,1,1,1,1,1,1,1785489625
2026-07-31T10:15:21Z,198,18,16,5,0,0,1,1,1,1785492571
2026-07-31T10:15:21Z,199,6,5,6,3,0,1,1,1,1785489674
2026-07-31T10:15:21Z,200,12,0,13,1,0,1,1,1,1785492701
2026-07-31T10:15:21Z,201,8,4,15,0,0,1,1,1,1785491857
2026-07-31T10:15:21Z,202,0,0,27,0,0,1,1,1,1785486691
2026-07-31T10:15:21Z,203,26,3,4,1,0,1,1,1,1785487252
2026-07-31T10:15:21Z,204,30,1,4,1,0,1,1,1,1785490206
2026-07-31T10:15:21Z,205,13,1,14,0,0,1,1,1,1785488894
2026-07-31T10:15:21Z,206,1,1,13,1,0,1,1,1,1785486448
2026-07-31T10:15:21Z,207,12,0,8,1,0,1,1,1,1785491125
2026-07-31T10:15:21Z,208,3,0,26,0,0,1,1,1,1785491719
2026-07-31T10:15:21Z,209,8,0,20,3,0,1,1,1,1785492746
2026-07-31T10:15:21Z,210,23,2,4,0,0,1,1,1,1785485488
2026-07-31T10:15:21Z,211,14,6,8,1,0,1,1,1,1785490780
2026-07-31T10:15:21Z,212,23,0,11,1,0,1,1,1,1785492905
2026-07-31T10:15:21Z,213,11,1,10,2,0,1,1,1,1785492709
2026-07-31T10:15:21Z,214,29,0,14,4,0,1,1,1,1785492100
2026-07-31T10:15:21Z,215,6,2,16,1,0,1,1,1,1785490465
2026-07-31T10:15:21Z,216,7,0,11,1,0,1,1,1,1785491552
2026-07-31T10:15:21Z,217,10,0,18,1,0,1,1,1,1785492752
2026-07-31T10:15:21Z,218,21,4,16,2,0,1,1,1,1785492822
2026-07-31T10:15:21Z,219,1,1,24,1,0,1,1,1,1785489320
2026-07-31T10:15:21Z,220,23,6,18,1,1,1,1,1,1785491278
2026-07-31T10:15:21Z,221,13,8,1,1,0,1,1,1,1785491306
2026-07-31T10:15:21Z,222,12,10,5,2,0,1,1,1,1785491803
2026-07-31T10:15:21Z,223,7,3,25,3,0,1,1,1,1785492777
2026-07-31T10:15:21Z,224,6,4,15,1,0,1,1,1,1785491603
2026-07-31T10:15:21Z,225,10,0,3,6,0,1,1,1,1785487206
2026-07-31T10:15:21Z,226,30,10,1,0,0,1,1,1,1785492292
2026-07-31T10:15:21Z,227,22,14,3,1,1,1,1,1,1785492835
2026-07-31T10:15:21Z,228,2,0,16,1,0,1,1,1,1785492801
2026-07-31T10:15:21Z,230,16,9,10,0,0,1,1,1,1785486691
2026-07-31T10:15:21Z,232,13,6,3,1,0,1,1,1,1785486390
2026-07-31T10:15:21Z,233,19,0,10,2,0,1,1,1,1785487026
2026-07-31T10:15:21Z,234,7,3,7,3,2,1,1,1,1785491043
2026-07-31T10:15:21Z,236,12,2,7,0,0,1,1,1,1785491381
2026-07-31T10:15:21Z,237,20,4,2,1,0,1,1,1,1785492227
2026-07-31T10:15:21Z,239,23,18,1,3,0,1,1,1,1785486691
2026-07-31T10:15:21Z,241,18,6,5,0,0,1,1,1,1785490525
2026-07-31T10:15:21Z,242,2,2,20,1,0,1,1,1,1785492103
2026-07-31T10:15:21Z,243,9,0,21,1,0,1,1,1,1785491961
2026-07-31T10:15:21Z,244,14,2,12,1,0,1,1,1,1785492355
2026-07-31T10:15:21Z,245,6,4,17,0,0,1,1,1,1785490437
2026-07-31T10:15:21Z,246,13,0,10,0,0,1,1,1,1785487895
2026-07-31T10:15:21Z,247,12,10,10,1,0,1,1,1,1785488201
2026-07-31T10:15:21Z,248,17,3,3,3,0,1,1,1,1785492853
2026-07-31T10:15:21Z,249,6,3,13,0,0,1,1,1,1785492523
2026-07-31T10:15:21Z,250,24,7,3,0,0,1,1,1,1785491888
2026-07-31T10:15:21Z,251,20,4,4,3,0,1,1,1,1785492529
2026-07-31T10:15:21Z,253,9,4,9,1,0,1,1,1,1785492879
2026-07-31T10:15:21Z,254,26,21,16,1,0,1,1,1,1785485789
2026-07-31T10:15:21Z,255,5,0,17,0,1,1,1,1,1785492913
2026-07-31T10:15:21Z,256,9,4,12,2,0,1,1,1,1785490433
2026-07-31T10:15:21Z,257,14,5,4,1,0,1,1,1,1785492175
2026-07-31T10:15:21Z,258,1,0,18,0,0,1,1,1,1785482036
2026-07-31T10:15:21Z,259,20,3,2,0,1,1,1,1,1785492630
2026-07-31T10:15:21Z,260,13,4,4,2,0,1,1,1,1785492850
2026-07-31T10:15:21Z,261,16,0,1,1,1,1,1,1,1785492368
2026-07-31T10:15:21Z,262,19,10,4,0,0,1,1,1,1785492327
2026-07-31T10:15:21Z,263,14,3,1,0,0,1,1,1,1785491399
2026-07-31T10:15:21Z,264,17,5,1,1,0,1,1,1,1785492272
2026-07-31T10:15:21Z,265,14,0,1,0,0,1,1,1,1785490183
2026-07-31T10:15:21Z,266,14,7,2,3,0,1,1,1,1785492036
2026-07-31T10:15:21Z,267,7,3,6,2,0,1,1,1,1785484888
2026-07-31T10:15:21Z,268,23,9,0,0,0,1,1,1,1785484887
2026-07-31T10:15:21Z,269,9,3,13,1,0,1,1,1,1785492045
2026-07-31T10:15:21Z,270,23,1,4,0,0,1,1,1,1785491481
2026-07-31T10:15:21Z,271,0,0,17,2,0,1,1,1,1785486991
2026-07-31T10:15:21Z,272,13,13,9,1,0,1,1,1,1785486390
2026-07-31T10:15:21Z,273,13,5,2,0,0,1,1,1,1785492772
2026-07-31T10:15:21Z,274,16,6,2,1,0,1,1,1,1785491514
2026-07-31T10:15:21Z,275,13,0,6,2,2,1,1,1,1785492895
2026-07-31T10:15:21Z,276,1,0,26,0,0,1,1,1,1785486991
2026-07-31T10:15:21Z,277,12,1,6,5,0,1,1,1,1785488201
2026-07-31T10:15:21Z,278,22,2,6,2,1,1,1,1,1785492494
2026-07-31T10:15:21Z,279,18,0,1,0,0,1,1,1,1785491956
2026-07-31T10:15:21Z,280,10,2,19,2,0,1,1,1,1785492909
2026-07-31T10:15:21Z,281,19,0,0,0,0,1,1,1,1785486089
2026-07-31T10:15:21Z,282,5,2,13,0,0,1,1,1,1785484887
2026-07-31T10:15:21Z,283,33,1,2,0,0,1,1,1,1785491784
2026-07-31T10:15:21Z,284,17,3,16,2,0,1,1,1,1785492907
2026-07-31T10:15:21Z,285,8,7,15,0,0,1,1,1,1785485188
2026-07-31T10:15:21Z,286,16,15,2,5,0,1,1,1,1785488250
2026-07-31T10:15:21Z,287,14,4,6,3,0,1,1,1,1785492851
2026-07-31T10:15:21Z,288,13,10,6,0,0,1,1,1,1785492238
2026-07-31T10:15:21Z,289,22,2,2,3,0,1,1,1,1785492744
2026-07-31T10:15:21Z,290,8,0,30,1,0,1,1,1,1785491552
2026-07-31T10:15:21Z,291,10,1,11,2,0,1,1,1,1785492854
2026-07-31T10:15:21Z,292,22,0,1,0,0,1,1,1,1785485789
2026-07-31T10:15:21Z,293,17,10,6,0,0,1,1,1,1785486991
2026-07-31T10:15:21Z,294,0,0,21,1,0,1,1,1,1785486991
2026-07-31T10:15:21Z,297,14,4,3,1,1,1,1,1,1785492909
2026-07-31T10:15:21Z,301,17,1,2,0,0,1,1,1,1785486691
2026-07-31T10:15:21Z,302,0,0,23,0,0,1,1,1,1785486991
2026-07-31T10:15:21Z,303,19,0,0,0,0,1,1,1,1785485188
2026-07-31T10:15:21Z,304,0,0,0,0,0,0,1,1,86400
2026-07-31T10:15:21Z,305,19,0,0,0,0,1,1,1,1785485188
2026-07-31T10:15:21Z,306,2,0,29,1,0,1,1,1,1785485188
2026-07-31T10:15:21Z,307,18,1,3,1,1,1,1,1,1785492714
2026-07-31T10:15:21Z,308,14,0,3,2,0,1,1,1,1785485188
2026-07-31T10:15:21Z,309,13,3,0,1,0,1,1,1,1785488427
2026-07-31T10:15:21Z,311,15,0,0,0,0,1,1,1,1785486992
2026-07-31T10:15:21Z,312,6,3,12,4,1,1,1,1,1785492723
2026-07-31T10:15:21Z,313,3,1,12,0,0,1,1,1,1785486991
2026-07-31T10:15:21Z,314,4,3,11,3,0,1,1,1,1785486991
2026-07-31T10:15:21Z,315,23,6,6,2,0,1,1,1,1785491768
2026-07-31T10:15:21Z,316,4,1,21,5,1,1,1,1,1785492741
2026-07-31T10:15:21Z,317,0,0,30,0,1,1,1,1,1785492883
2026-07-31T10:15:21Z,318,16,0,3,0,0,1,1,1,1785486991
2026-07-31T10:15:21Z,319,17,3,5,1,0,1,1,1,1785492789
2026-07-31T10:15:21Z,320,18,5,0,1,0,1,1,1,1785491087
2026-07-31T10:15:21Z,321,8,2,7,4,0,1,1,1,1785492829
2026-07-31T10:15:21Z,322,4,1,24,1,0,1,1,1,1785489880
2026-07-31T10:15:21Z,323,9,0,10,0,0,1,1,1,1785492561
2026-07-31T10:15:21Z,324,19,5,7,1,0,1,1,1,1785492911
2026-07-31T10:15:21Z,325,4,3,21,2,0,1,1,1,1785489487
2026-07-31T10:15:21Z,327,26,0,0,1,0,1,1,1,1785489831
2026-07-31T10:15:21Z,328,20,0,1,1,0,1,1,1,1785484794
2026-07-31T10:15:21Z,329,17,0,0,2,0,1,1,1,1785492480
2026-07-31T10:15:21Z,330,2,0,20,0,0,1,1,1,1785492058
2026-07-31T10:15:21Z,331,11,3,11,1,0,1,1,1,1785492097
2026-07-31T10:15:21Z,332,10,3,7,2,0,1,1,1,1785487292
2026-07-31T10:15:21Z,333,2,2,20,1,0,1,1,1,1785492618
2026-07-31T10:15:21Z,334,11,8,12,0,0,1,1,1,1785487804
2026-07-31T10:15:21Z,335,4,2,17,1,1,1,1,1,1785492511
2026-07-31T10:15:21Z,336,18,2,1,0,0,1,1,1,1785487293
2026-07-31T10:15:21Z,337,16,3,2,5,0,1,1,1,1785492894
2026-07-31T10:15:21Z,338,17,8,2,0,0,1,1,1,1785487389
2026-07-31T10:15:21Z,339,21,10,2,0,0,1,1,1,1785492460
2026-07-31T10:15:21Z,340,13,11,1,1,0,1,1,1,1785491300
2026-07-31T10:15:21Z,341,11,4,8,0,0,1,1,1,1785487352
2026-07-31T10:15:21Z,342,12,5,0,3,0,1,1,1,1785492817
2026-07-31T10:15:21Z,343,21,1,1,1,0,1,1,1,1785492630
2026-07-31T10:15:21Z,344,23,9,0,0,0,1,1,1,1785488186
2026-07-31T10:15:21Z,345,19,3,0,0,0,1,1,1,1785487292
2026-07-31T10:15:21Z,346,9,6,14,0,0,1,1,1,1785489426
2026-07-31T10:15:21Z,347,2,1,40,2,0,1,1,1,1785492911
2026-07-31T10:15:21Z,348,21,3,0,1,1,1,1,1,1785492833
2026-07-31T10:15:21Z,349,7,1,12,0,0,1,1,1,1785492406
2026-07-31T10:15:21Z,350,24,3,1,1,1,1,1,1,1785487293
2026-07-31T10:15:21Z,351,19,2,1,3,0,1,1,1,1785492825
2026-07-31T10:15:21Z,355,21,0,2,0,0,1,1,1,1785490901
2026-07-31T10:15:21Z,356,17,1,2,0,0,1,1,1,1785491511
2026-07-31T10:15:21Z,357,13,4,6,0,0,1,1,1,1785485188
2026-07-31T10:15:21Z,358,24,4,2,1,0,1,1,1,1785487594
2026-07-31T10:15:21Z,359,19,0,8,0,0,1,1,1,1785492286
2026-07-31T10:15:21Z,360,14,3,3,2,0,1,1,1,1785492564
2026-07-31T10:15:21Z,362,17,5,0,2,0,1,1,1,1785487292
2026-07-31T10:15:21Z,363,2,0,25,0,0,1,1,1,1785489580
2026-07-31T10:15:21Z,364,19,3,0,0,0,1,1,1,1785487896
2026-07-31T10:15:21Z,365,15,4,5,3,0,1,1,1,1785491063
2026-07-31T10:15:21Z,366,13,8,3,7,0,1,1,1,1785492765
2026-07-31T10:15:21Z,367,15,8,2,2,0,1,1,1,1785491056
2026-07-31T10:15:21Z,368,20,3,1,2,0,1,1,1,1785486991
2026-07-31T10:15:21Z,370,13,7,14,0,0,1,1,1,1785491892
2026-07-31T10:15:21Z,371,4,2,14,1,0,1,1,1,1785484735
2026-07-31T10:15:21Z,372,8,2,7,0,0,1,1,1,1785487594
2026-07-31T10:15:21Z,373,24,8,3,0,0,1,1,1,1785486433
2026-07-31T10:15:21Z,374,16,7,1,2,0,1,1,1,1785492872
2026-07-31T10:15:21Z,375,21,5,3,3,0,1,1,1,1785492530
2026-07-31T10:15:21Z,376,27,3,7,5,0,1,1,1,1785490526
2026-07-31T10:15:21Z,377,24,9,3,0,0,1,1,1,1785492622
2026-07-31T10:15:21Z,378,21,5,1,1,1,1,1,1,1785492785
2026-07-31T10:15:21Z,379,14,0,13,0,0,1,1,1,1785492001
2026-07-31T10:15:21Z,380,21,6,1,1,0,1,1,1,1785491878
2026-07-31T10:15:21Z,381,12,0,11,0,0,1,1,1,1785492804
2026-07-31T10:15:21Z,383,12,0,1,2,0,1,1,1,1785491998
2026-07-31T10:15:21Z,384,24,1,2,1,0,1,1,1,1785492881
2026-07-31T10:15:21Z,385,15,2,1,2,0,1,1,1,1785492622
2026-07-31T10:15:21Z,387,21,2,2,0,0,1,1,1,1785491874
2026-07-31T10:15:21Z,388,15,2,34,0,0,1,1,1,1785492784
2026-07-31T10:15:21Z,389,9,8,6,0,0,1,1,1,1785487293
2026-07-31T10:15:21Z,390,16,0,19,0,0,1,1,1,1785489336
2026-07-31T10:15:21Z,391,4,0,10,1,0,1,1,1,1785487292
2026-07-31T10:15:21Z,392,2,2,16,1,0,1,1,1,1785492768
2026-07-31T10:15:21Z,393,3,3,5,3,0,1,1,1,1785487292
2026-07-31T10:15:21Z,394,9,6,2,2,0,1,1,1,1785487594
2026-07-31T10:15:21Z,396,7,7,32,3,0,1,1,1,1785487595
2026-07-31T10:15:21Z,397,5,5,26,0,0,1,1,1,1785492823
2026-07-31T10:15:21Z,399,12,1,3,2,0,1,1,1,1785490391
2026-07-31T10:15:21Z,400,11,6,9,3,0,1,1,1,1785492906
2026-07-31T10:15:21Z,401,8,0,23,8,0,1,1,1,1785492393
2026-07-31T10:15:21Z,403,3,0,26,2,0,1,1,1,1785492855
2026-07-31T10:15:21Z,404,1,1,21,1,0,1,1,1,1785491837
2026-07-31T10:15:21Z,406,2,1,32,1,0,1,1,1,1785492719
2026-07-31T10:15:21Z,407,15,3,18,1,0,1,1,1,1785491169
2026-07-31T10:15:21Z,408,13,2,19,1,0,1,1,1,1785491284
2026-07-31T10:15:21Z,409,0,0,20,3,0,1,1,1,1785488970
2026-07-31T10:15:21Z,413,20,5,1,2,0,1,1,1,1785490104
2026-07-31T10:15:21Z,414,12,4,2,1,0,1,1,1,1785492668
2026-07-31T10:15:21Z,417,11,6,7,1,0,1,1,1,1785491073
2026-07-31T10:15:21Z,418,1,0,14,0,0,1,1,1,1785490913
2026-07-31T10:15:21Z,419,10,0,12,1,0,1,1,1,1785487895
2026-07-31T10:15:21Z,421,1,0,18,0,0,1,1,1,1785488201
2026-07-31T10:15:21Z,422,3,3,23,1,0,1,1,1,1785490175
2026-07-31T10:15:21Z,423,5,1,18,0,0,1,1,1,1785491746
2026-07-31T10:15:21Z,424,4,2,8,3,0,1,1,1,1785492699
2026-07-31T10:15:21Z,425,19,0,2,0,1,1,1,1,1785491863
2026-07-31T10:15:21Z,426,1,0,34,2,0,1,1,1,1785492043
2026-07-31T10:15:21Z,427,14,1,0,1,0,1,1,1,1785492615
2026-07-31T10:15:21Z,428,17,2,2,0,0,1,1,1,1785492282
2026-07-31T10:15:21Z,429,0,0,21,2,0,1,1,1,1785492151
2026-07-31T10:15:21Z,430,28,0,0,3,0,1,1,1,1785485488
2026-07-31T10:15:21Z,431,15,0,17,1,0,1,1,1,1785488642
2026-07-31T10:15:21Z,432,18,0,11,2,0,1,1,1,1785490634
2026-07-31T10:15:21Z,433,19,6,3,1,0,1,1,1,1785488201
2026-07-31T10:15:21Z,437,2,1,16,1,0,1,1,1,1785492837
2026-07-31T10:15:21Z,438,17,0,1,1,0,1,1,1,1785492709
2026-07-31T10:15:21Z,439,4,0,11,0,0,1,1,1,1785490818
2026-07-31T10:15:21Z,440,13,1,0,2,0,1,1,1,1785488201
2026-07-31T10:15:21Z,441,10,2,4,1,0,1,1,1,1785492561
2026-07-31T10:15:21Z,442,17,9,1,1,0,1,1,1,1785487895
2026-07-31T10:15:21Z,443,4,2,23,0,0,1,1,1,1785485488
2026-07-31T10:15:21Z,444,2,2,21,0,0,1,1,1,1785485488
2026-07-31T10:15:21Z,445,7,2,15,1,0,1,1,1,1785492618
2026-07-31T10:15:21Z,446,1,1,21,1,0,1,1,1,1785487896
2026-07-31T10:15:21Z,447,2,0,19,1,1,1,1,1,1785492174
2026-07-31T10:15:21Z,448,9,4,5,1,0,1,1,1,1785487895
2026-07-31T10:15:21Z,452,8,6,10,1,0,1,1,1,1785487661
2026-07-31T10:15:21Z,453,6,5,8,1,0,1,1,1,1785491911
2026-07-31T10:15:21Z,454,9,0,10,0,0,1,1,1,1785489971
2026-07-31T10:15:21Z,455,2,0,37,0,0,1,1,1,1785492761
2026-07-31T10:15:21Z,456,9,0,10,1,0,1,1,1,1785492866
2026-07-31T10:15:21Z,457,25,2,0,2,0,1,1,1,1785487895
2026-07-31T10:15:21Z,458,13,5,10,0,0,1,1,1,1785491311
2026-07-31T10:15:21Z,459,15,0,0,0,0,1,1,1,1785485789
2026-07-31T10:15:21Z,460,17,2,5,1,0,1,1,1,1785492405
2026-07-31T10:15:21Z,461,5,1,14,0,0,1,1,1,1785487878
2026-07-31T10:15:21Z,462,10,1,11,0,0,1,1,1,1785492711
2026-07-31T10:15:21Z,463,13,1,6,0,0,1,1,1,1785487897
2026-07-31T10:15:21Z,464,3,1,11,0,0,1,1,1,1785485789
2026-07-31T10:15:21Z,465,0,0,14,1,0,1,1,1,1785485789
2026-07-31T10:15:21Z,466,11,3,2,2,0,1,1,1,1785485789
2026-07-31T10:15:21Z,467,5,1,13,1,0,1,1,1,1785471818
2026-07-31T10:15:21Z,468,17,1,1,1,0,1,1,1,1785485789
2026-07-31T10:15:21Z,469,2,1,21,0,0,1,1,1,1785487896
2026-07-31T10:15:21Z,470,12,1,1,2,0,1,1,1,1785492714
2026-07-31T10:15:21Z,471,22,2,5,0,0,1,1,1,1785487895
2026-07-31T10:15:21Z,472,18,6,0,1,0,1,1,1,1785492671
2026-07-31T10:15:21Z,473,19,5,0,0,0,1,1,1,1785485789
2026-07-31T10:15:21Z,474,16,0,3,0,0,1,1,1,1785488959
2026-07-31T10:15:21Z,475,5,1,13,1,0,1,1,1,1785492726
2026-07-31T10:15:21Z,477,9,7,5,1,0,1,1,1,1785492057
2026-07-31T10:15:21Z,478,7,0,23,1,0,1,1,1,1785492276
2026-07-31T10:15:21Z,479,0,0,26,1,0,1,1,1,1785492473
2026-07-31T10:15:21Z,480,2,0,10,3,0,1,1,1,1785492542
2026-07-31T10:15:21Z,481,29,1,5,1,0,1,1,1,1785492877
2026-07-31T10:15:21Z,482,18,6,1,0,0,1,1,1,1785490527
2026-07-31T10:15:21Z,483,1,0,24,2,0,1,1,1,1785492773
2026-07-31T10:15:21Z,484,6,2,12,1,0,1,1,1,1785492665
2026-07-31T10:15:21Z,485,16,6,1,1,1,1,1,1,1785492724
2026-07-31T10:15:21Z,486,25,6,0,2,0,1,1,1,1785492713
2026-07-31T10:15:21Z,487,7,5,11,1,0,1,1,1,1785492522
2026-07-31T10:15:21Z,489,12,6,3,0,0,1,1,1,1785488501
2026-07-31T10:15:21Z,490,2,1,14,0,0,1,1,1,1785492713
2026-07-31T10:15:21Z,491,4,1,17,0,0,1,1,1,1785486090
2026-07-31T10:15:21Z,492,4,2,3,4,0,1,1,1,1785492910
2026-07-31T10:15:21Z,493,0,0,26,1,0,1,1,1,1785487895
2026-07-31T10:15:21Z,495,9,0,3,3,0,1,1,1,1785489700
2026-07-31T10:15:21Z,496,26,1,1,0,0,1,1,1,1785492797
2026-07-31T10:15:21Z,497,17,0,1,1,0,1,1,1,1785491850
2026-07-31T10:15:21Z,498,21,3,1,1,0,1,1,1,1785490089
2026-07-31T10:15:21Z,499,17,1,1,1,0,1,1,1,1785487896
2026-07-31T10:15:21Z,500,9,4,1,5,0,1,1,1,1785492345
2026-07-31T10:15:21Z,501,11,4,10,0,0,1,1,1,1785492885
2026-07-31T10:15:21Z,502,6,0,13,0,0,1,1,1,1785486089
2026-07-31T10:15:21Z,503,25,0,5,1,0,1,1,1,1785492181
2026-07-31T10:15:21Z,504,1,0,38,0,0,1,1,1,1785492055
2026-07-31T10:15:21Z,505,10,1,1,1,0,1,1,1,1785487586
2026-07-31T10:15:21Z,511,6,4,17,0,0,1,1,1,1785492514
2026-07-31T10:15:21Z,512,6,0,21,0,0,1,1,1,1785490938
2026-07-31T10:15:21Z,514,9,1,1,1,0,1,1,1,1785492216
2026-07-31T10:15:21Z,515,2,0,17,0,0,1,1,1,1785487895
2026-07-31T10:15:21Z,516,0,0,27,0,0,1,1,1,1785484039
2026-07-31T10:15:21Z,517,15,3,7,1,0,1,1,1,1785492410
2026-07-31T10:15:21Z,518,14,1,0,1,0,1,1,1,1785486390
2026-07-31T10:15:21Z,519,4,0,13,2,0,1,1,1,1785492899
2026-07-31T10:15:21Z,520,11,7,10,5,1,1,1,1,1785492912
2026-07-31T10:15:21Z,521,19,6,4,0,0,1,1,1,1785492587
2026-07-31T10:15:21Z,522,0,0,22,1,0,1,1,1,1785486390
2026-07-31T10:15:21Z,523,6,3,16,1,0,1,1,1,1785489661
2026-07-31T10:15:21Z,524,1,0,22,0,0,1,1,1,1785491359
2026-07-31T10:15:21Z,525,9,0,10,0,0,1,1,1,1785492201
2026-07-31T10:15:21Z,526,13,1,0,2,0,1,1,1,1785486390
2026-07-31T10:15:21Z,527,4,2,19,3,0,1,1,1,1785492762
2026-07-31T10:15:21Z,528,20,1,2,1,0,1,1,1,1785491758
2026-07-31T10:15:21Z,529,6,3,7,6,0,1,1,1,1785492912
2026-07-31T10:15:21Z,530,15,1,4,2,0,1,1,1,1785492825
2026-07-31T10:15:21Z,531,20,0,1,1,1,1,1,1,1785491109
2026-07-31T10:15:21Z,532,3,3,27,1,0,1,1,1,1785488341
2026-07-31T10:15:21Z,533,8,1,9,2,0,1,1,1,1785486390
2026-07-31T10:15:21Z,534,14,2,9,0,0,1,1,1,1785490909
2026-07-31T10:15:21Z,535,2,0,13,0,0,1,1,1,1785486390
2026-07-31T10:15:21Z,536,1,0,22,0,0,1,1,1,1785488201
2026-07-31T10:15:21Z,537,1,1,19,0,0,1,1,1,1785488280
2026-07-31T10:15:21Z,538,21,8,0,0,2,1,1,1,1785492825
2026-07-31T10:15:21Z,539,5,5,26,0,0,1,1,1,1785488201
2026-07-31T10:15:21Z,540,2,1,17,0,0,1,1,1,1785486391
2026-07-31T10:15:21Z,541,22,1,4,1,0,1,1,1,1785492852
2026-07-31T10:15:21Z,542,2,2,21,0,0,1,1,1,1785486390
2026-07-31T10:15:21Z,543,17,2,1,1,0,1,1,1,1785488201
2026-07-31T10:15:21Z,544,14,1,4,4,0,1,1,1,1785486390
2026-07-31T10:15:21Z,545,1,0,16,2,0,1,1,1,1785492723
2026-07-31T10:15:21Z,546,16,8,3,0,0,1,1,1,1785489048
2026-07-31T10:15:21Z,547,19,1,6,0,0,1,1,1,1785491753
2026-07-31T10:15:21Z,548,14,1,9,0,0,1,1,1,1785486390
2026-07-31T10:15:21Z,549,19,0,4,0,0,1,1,1,1785490211
2026-07-31T10:15:21Z,550,16,1,3,0,0,1,1,1,1785492776
2026-07-31T10:15:21Z,551,16,4,7,0,0,1,1,1,1785486390
2026-07-31T10:15:21Z,552,27,3,0,0,0,1,1,1,1785486390
2026-07-31T10:15:21Z,553,18,4,3,1,1,1,1,1,1785492752
2026-07-31T10:15:21Z,554,1,1,18,0,0,1,1,1,1785486691
2026-07-31T10:15:21Z,555,13,6,1,1,0,1,1,1,1785489915
2026-07-31T10:15:21Z,556,20,4,1,2,0,1,1,1,1785492875
2026-07-31T10:15:21Z,557,6,4,12,5,0,1,1,1,1785488202
2026-07-31T10:15:21Z,558,29,4,8,0,0,1,1,1,1785492430
2026-07-31T10:15:21Z,559,0,0,18,1,0,1,1,1,1785492602
2026-07-31T10:15:21Z,560,10,0,17,0,0,1,1,1,1785492157
2026-07-31T10:15:21Z,561,14,1,8,1,0,1,1,1,1785491627
2026-07-31T10:15:21Z,562,3,0,29,3,0,1,1,1,1785486691
2026-07-31T10:15:21Z,563,10,0,4,0,0,1,1,1,1785490429
2026-07-31T10:15:21Z,564,12,0,6,1,0,1,1,1,1785488201
2026-07-31T10:15:21Z,565,6,2,13,0,0,1,1,1,1785490461
2026-07-31T10:15:21Z,566,16,0,2,1,0,1,1,1,1785492670
2026-07-31T10:15:21Z,567,25,1,1,1,0,1,1,1,1785485492
2026-07-31T10:15:21Z,568,14,0,4,1,0,1,1,1,1785490328
2026-07-31T10:15:21Z,569,15,2,4,0,0,1,1,1,1785492410
2026-07-31T10:15:21Z,570,12,0,7,0,0,1,1,1,1785491560
2026-07-31T10:15:21Z,571,0,0,23,0,0,1,1,1,1785486691
2026-07-31T10:15:21Z,572,14,4,4,1,0,1,1,1,1785491187
2026-07-31T10:15:21Z,573,13,0,2,0,0,1,1,1,1785486691
2026-07-31T10:15:21Z,574,10,3,5,0,0,1,1,1,1785492718
2026-07-31T10:15:21Z,575,5,0,15,1,0,1,1,1,1785492780
2026-07-31T10:15:21Z,576,3,0,14,2,0,1,1,1,1785488201
2026-07-31T10:15:21Z,577,14,0,17,0,0,1,1,1,1785491933
2026-07-31T10:15:21Z,578,15,10,7,1,0,1,1,1,1785486996
2026-07-31T10:15:21Z,579,4,0,39,0,0,1,1,1,1785486691
2026-07-31T10:15:21Z,580,5,0,24,0,0,1,1,1,1785490191
2026-07-31T10:15:21Z,581,17,2,2,0,0,1,1,1,1785491955
2026-07-31T10:15:21Z,582,21,0,39,1,0,1,1,1,1785492914
2026-07-31T10:15:21Z,583,23,1,0,0,0,1,1,1,1785492035
2026-07-31T10:15:21Z,584,9,4,6,4,0,1,1,1,1785486691
2026-07-31T10:15:21Z,585,15,3,11,0,1,1,1,1,1785491492
2026-07-31T10:15:21Z,586,11,0,24,0,0,1,1,1,1785492703
2026-07-31T10:15:21Z,587,19,0,4,1,0,1,1,1,1785491646
2026-07-31T10:15:21Z,588,12,4,4,3,0,1,1,1,1785492605
2026-07-31T10:15:21Z,589,0,0,0,23,0,1,1,1,1785492601
2026-07-31T10:15:21Z,590,17,2,12,2,0,1,1,1,1785492102
2026-07-31T10:15:21Z,591,28,1,0,2,0,1,1,1,1785486691
2026-07-31T10:15:21Z,592,12,0,11,0,0,1,1,1,1785488952
2026-07-31T10:15:21Z,593,0,0,38,0,0,1,1,1,1785488201
2026-07-31T10:15:21Z,594,7,0,11,3,0,1,1,1,1785492668
2026-07-31T10:15:21Z,595,0,0,3,0,0,0,1,1,1784046673
2026-07-31T10:15:21Z,605,0,0,2,1,0,0,1,1,1783975843
2026-07-31T10:15:21Z,606,0,0,0,0,0,0,1,1,86400
2026-07-31T10:15:21Z,607,11,2,20,1,0,1,1,1,1785492495
2026-07-31T10:15:21Z,608,0,0,50,0,0,1,1,1,1785490318
2026-07-31T10:15:21Z,609,2,0,21,0,0,1,1,1,1785488201
2026-07-31T10:15:21Z,610,0,0,35,0,0,1,1,1,1785488201
2026-07-31T10:15:21Z,611,14,0,12,1,0,1,1,1,1785491795
2026-07-31T10:15:21Z,612,6,1,9,0,0,1,1,1,1785486691
2026-07-31T10:15:21Z,613,9,0,2,4,0,1,1,1,1785489318
2026-07-31T10:15:21Z,614,1,1,23,2,1,1,1,1,1785488202
2026-07-31T10:15:21Z,617,11,0,2,2,0,1,1,1,1785489767
2026-07-31T10:15:21Z,618,13,2,1,5,0,1,1,1,1785486690
2026-07-31T10:15:21Z,619,6,2,13,0,0,1,1,1,1785492115
2026-07-31T10:15:21Z,620,1,0,26,0,0,1,1,1,1785492178
2026-07-31T10:15:21Z,621,6,2,16,1,0,1,1,1,1785492151
2026-07-31T10:15:21Z,622,5,2,17,1,0,1,1,1,1785488201
2026-07-31T10:15:21Z,623,9,2,20,1,0,1,1,1,1785488201
2026-07-31T10:15:21Z,624,2,0,13,0,0,1,1,1,1785486691
2026-07-31T10:15:21Z,625,6,0,13,2,0,1,1,1,1785492688
2026-07-31T10:15:21Z,626,2,0,43,0,2,1,1,1,1785490207
2026-07-31T10:15:21Z,627,13,6,6,0,0,1,1,1,1785488201
2026-07-31T10:15:21Z,628,0,0,15,2,2,1,1,1,1785492847
2026-07-31T10:15:21Z,629,4,1,6,1,0,1,1,1,1785492900
2026-07-31T10:15:21Z,630,3,2,21,3,0,1,1,1,1785492719
2026-07-31T10:15:21Z,631,2,1,21,0,0,1,1,1,1785488201
2026-07-31T10:15:21Z,632,20,0,1,2,0,1,1,1,1785492884
2026-07-31T10:15:21Z,633,11,1,0,4,0,1,1,1,1785492733
2026-07-31T10:15:21Z,634,11,2,8,0,0,1,1,1,1785486991
2026-07-31T10:15:21Z,635,17,1,2,0,0,1,1,1,1785488201
2026-07-31T10:15:21Z,636,10,2,5,0,0,1,1,1,1785488201
2026-07-31T10:15:21Z,637,7,0,12,0,0,1,1,1,1785490209
2026-07-31T10:15:21Z,638,9,2,8,2,0,1,1,1,1785491617
2026-07-31T10:15:21Z,639,5,1,11,3,0,1,1,1,1785479066
2026-07-31T10:15:21Z,640,2,2,20,1,0,1,1,1,1785492718
2026-07-31T10:15:21Z,641,19,1,5,2,0,1,1,1,1785492142
2026-07-31T10:15:21Z,642,4,2,7,8,0,1,1,1,1785492913
2026-07-31T10:15:21Z,643,2,0,17,8,0,1,1,1,1785492911
2026-07-31T10:15:21Z,644,12,0,2,1,0,1,1,1,1785486991
2026-07-31T10:15:21Z,645,11,0,10,1,1,1,1,1,1785488495
2026-07-31T10:15:21Z,646,7,2,12,0,0,1,1,1,1785492913
2026-07-31T10:15:21Z,647,29,1,2,0,0,1,1,1,1785492741
2026-07-31T10:15:21Z,648,6,0,12,1,0,1,1,1,1785490674
2026-07-31T10:15:21Z,649,19,3,11,1,0,1,1,1,1785491820
2026-07-31T10:15:21Z,650,5,1,9,0,0,1,1,1,1785488201
2026-07-31T10:15:21Z,651,10,9,13,0,0,1,1,1,1785491370
2026-07-31T10:15:21Z,652,4,2,17,2,0,1,1,1,1785492707
2026-07-31T10:15:21Z,653,7,1,10,2,0,1,1,1,1785491694
2026-07-31T10:15:21Z,654,2,2,13,0,0,1,1,1,1785488202
2026-07-31T10:15:21Z,655,7,3,1,4,1,1,1,1,1785492628
2026-07-31T10:15:21Z,656,19,7,0,0,0,1,1,1,1785489841
2026-07-31T10:15:21Z,657,9,1,3,2,3,1,1,1,1785492659
2026-07-31T10:15:21Z,658,9,1,1,0,0,1,1,1,1785473427
2026-07-31T10:15:21Z,659,8,3,5,2,0,1,1,1,1785488201
2026-07-31T10:15:21Z,660,13,0,14,4,0,1,1,1,1785492626
2026-07-31T10:15:21Z,661,2,1,17,0,0,1,1,1,1785492505
2026-07-31T10:15:21Z,662,7,5,14,2,0,1,1,1,1785480458
2026-07-31T10:15:21Z,663,13,6,1,1,0,1,1,1,1785491091
2026-07-31T10:15:21Z,664,0,0,27,0,0,1,1,1,1785488202
2026-07-31T10:15:21Z,665,12,3,3,0,0,1,1,1,1785488202
2026-07-31T10:15:21Z,666,7,2,6,2,0,1,1,1,1785488201
2026-07-31T10:15:21Z,667,0,0,19,0,0,1,1,1,1785486991
2026-07-31T10:15:21Z,668,10,1,8,1,0,1,1,1,1785488201
2026-07-31T10:15:21Z,669,14,5,0,0,0,1,1,1,1785488201
2026-07-31T10:15:21Z,670,11,2,16,0,0,1,1,1,1785486992
2026-07-31T10:15:21Z,671,25,5,1,1,0,1,1,1,1785491754
2026-07-31T10:15:21Z,672,12,2,7,3,1,1,1,1,1785491597
2026-07-31T10:15:21Z,673,11,0,10,2,0,1,1,1,1785491521
2026-07-31T10:15:21Z,674,3,2,17,3,0,1,1,1,1785492887
2026-07-31T10:15:21Z,675,12,6,1,2,0,1,1,1,1785492831
2026-07-31T10:15:21Z,676,7,1,14,1,0,1,1,1,1785490771
2026-07-31T10:15:21Z,681,12,3,1,2,0,1,1,1,1785489270
2026-07-31T10:15:21Z,682,4,1,14,1,0,1,1,1,1785486991
2026-07-31T10:15:21Z,683,4,1,15,0,0,1,1,1,1785491977
2026-07-31T10:15:21Z,684,3,0,24,0,0,1,1,1,1785487883
2026-07-31T10:15:21Z,685,10,0,15,1,1,1,1,1,1785488201
2026-07-31T10:15:21Z,686,11,0,14,2,0,1,1,1,1785492696
2026-07-31T10:15:21Z,687,11,0,18,1,1,1,1,1,1785492708
2026-07-31T10:15:21Z,688,10,0,2,7,0,1,1,1,1785492780
2026-07-31T10:15:21Z,692,6,2,15,0,0,1,1,1,1785492552
2026-07-31T10:15:21Z,693,6,0,2,3,0,1,1,1,1785492611
2026-07-31T10:15:21Z,694,8,5,13,0,0,1,1,1,1785492368
2026-07-31T10:15:21Z,695,17,11,6,0,0,1,1,1,1785492512
2026-07-31T10:15:21Z,696,18,13,3,2,0,1,1,1,1785492434
2026-07-31T10:15:21Z,697,22,2,1,0,0,1,1,1,1785492025
2026-07-31T10:15:21Z,698,27,1,0,0,0,1,1,1,1785492365
2026-07-31T10:15:21Z,699,7,0,7,1,0,1,1,1,1785492914
2026-07-31T10:15:21Z,700,19,4,0,0,0,1,1,1,1785491231
2026-07-31T10:15:21Z,701,17,6,2,0,0,1,1,1,1785492482
2026-07-31T10:15:21Z,702,18,0,4,1,0,1,1,1,1785491692
2026-07-31T10:15:21Z,704,8,2,7,0,0,1,1,1,1785492747
2026-07-31T10:15:21Z,705,4,2,9,2,0,1,1,1,1785491501
2026-07-31T10:15:21Z,706,12,2,0,3,0,1,1,1,1785492442
2026-07-31T10:15:21Z,707,10,2,5,0,0,1,1,1,1785491264
2026-07-31T10:15:21Z,708,17,2,1,1,0,1,1,1,1785492827
2026-07-31T10:15:21Z,709,11,1,1,3,0,1,1,1,1785491290
2026-07-31T10:15:21Z,710,17,3,1,1,0,1,1,1,1785492522
2026-07-31T10:15:21Z,711,18,3,1,4,0,1,1,1,1785492889
2026-07-31T10:15:21Z,712,15,10,0,0,0,1,1,1,1785492460
2026-07-31T10:15:21Z,713,5,0,18,0,0,1,1,1,1785491744
2026-07-31T10:15:21Z,716,3,1,12,0,0,1,1,1,1785492801
2026-07-31T10:15:21Z,717,3,1,19,3,0,1,1,1,1785492883
2026-07-31T10:15:21Z,718,3,1,11,1,0,1,1,1,1785492624
2026-07-31T10:15:21Z,719,8,2,21,0,0,1,1,1,1785492181
2026-07-31T10:15:21Z,720,2,1,17,0,0,1,1,1,1785491278
2026-07-31T10:15:21Z,721,0,0,21,2,0,1,1,1,1785492081
2026-07-31T10:15:21Z,722,5,0,10,0,0,1,1,1,1785492847
2026-07-31T10:15:21Z,723,12,1,11,0,0,1,1,1,1785492894
2026-07-31T10:15:21Z,724,21,4,2,0,0,1,1,1,1785492227
2026-07-31T10:15:21Z,725,22,6,0,1,0,1,1,1,1785492657
2026-07-31T10:15:21Z,726,19,3,0,0,0,1,1,1,1785491997
2026-07-31T10:15:21Z,727,9,4,12,2,0,1,1,1,1785492028
2026-07-31T10:15:21Z,728,9,0,5,1,0,1,1,1,1785491580
2026-07-31T10:15:21Z,729,5,0,14,0,0,1,1,1,1785492458
2026-07-31T10:15:21Z,730,3,2,10,2,0,1,1,1,1785492176
2026-07-31T10:15:21Z,731,9,3,5,1,0,1,1,1,1785492124
2026-07-31T10:15:21Z,732,9,5,6,0,0,1,1,1,1785492327
2026-07-31T10:15:21Z,733,4,0,23,0,0,1,1,1,1785491304
2026-07-31T10:15:21Z,734,4,2,10,0,0,1,1,1,1785492539
2026-07-31T10:15:21Z,735,4,3,23,0,0,1,1,1,1785491167
2026-07-31T10:15:21Z,736,6,0,13,0,0,1,1,1,1785492329
2026-07-31T10:15:21Z,737,4,3,10,0,1,1,1,1,1785491709
2026-07-31T10:15:21Z,738,16,5,1,2,0,1,1,1,1785491678
2026-07-31T10:15:21Z,739,19,2,7,1,0,1,1,1,1785491331
2026-07-31T10:15:21Z,741,7,1,16,0,0,1,1,1,1785491610
2026-07-31T10:15:21Z,742,5,0,27,3,0,1,1,1,1785491736
2026-07-31T10:15:21Z,743,9,3,8,2,0,1,1,1,1785492848
2026-07-31T10:15:21Z,744,11,4,3,1,0,1,1,1,1785491985
2026-07-31T10:15:21Z,745,14,4,4,1,0,1,1,1,1785491995
2026-07-31T10:15:21Z,746,11,2,10,2,0,1,1,1,1785492790
2026-07-31T10:15:21Z,747,0,0,4,0,0,0,1,1,1783446606
2026-07-31T10:15:21Z,748,10,1,13,0,0,1,1,1,1785492788
2026-07-31T10:15:21Z,749,5,5,17,1,0,1,1,1,1785492705
2026-07-31T10:15:21Z,750,1,1,10,0,0,1,1,1,1785492395
2026-07-31T10:15:21Z,751,9,1,14,0,0,1,1,1,1785492728
2026-07-31T10:15:21Z,752,13,1,3,1,0,1,1,1,1785490194
2026-07-31T10:15:21Z,753,5,0,10,0,0,1,1,1,1785492121
2026-07-31T10:15:21Z,754,1,1,13,1,0,1,1,1,1785492534
2026-07-31T10:15:21Z,755,11,2,11,1,0,1,1,1,1785492664
2026-07-31T10:15:21Z,756,2,0,35,0,0,1,1,1,1785491570
2026-07-31T10:15:21Z,757,15,8,4,0,0,1,1,1,1785492789
2026-07-31T10:15:21Z,758,23,3,0,0,0,1,1,1,1785492384
2026-07-31T10:15:21Z,759,4,2,11,0,0,1,1,1,1785492110
2026-07-31T10:15:21Z,760,8,3,11,0,0,1,1,1,1785488200
2026-07-31T10:15:21Z,761,16,0,6,1,0,1,1,1,1785492890
2026-07-31T10:15:21Z,762,6,3,4,5,0,1,1,1,1785492903
2026-07-31T10:15:21Z,768,8,0,8,3,0,1,1,1,1785492215
2026-07-31T10:15:21Z,769,17,12,2,0,0,1,1,1,1785491842
2026-07-31T10:15:21Z,770,11,3,6,2,0,1,1,1,1785491777
2026-07-31T10:15:21Z,771,13,3,1,1,0,1,1,1,1785491213
2026-07-31T10:15:21Z,772,7,3,8,0,0,1,1,1,1785491834
2026-07-31T10:15:21Z,773,15,4,4,0,0,1,1,1,1785491671
2026-07-31T10:15:21Z,774,9,5,3,3,0,1,1,1,1785492895
2026-07-31T10:15:21Z,775,6,0,11,1,1,1,1,1,1785488308
2026-07-31T10:15:21Z,776,3,1,17,1,0,1,1,1,1785492001
2026-07-31T10:15:21Z,777,10,0,2,3,0,1,1,1,1785491738
2026-07-31T10:15:21Z,778,13,0,3,3,0,1,1,1,1785491725
2026-07-31T10:15:21Z,779,8,1,10,1,0,1,1,1,1785492776
2026-07-31T10:15:21Z,780,18,4,0,1,0,1,1,1,1785492197
2026-07-31T10:15:21Z,781,6,2,3,2,0,1,1,1,1785492519
2026-07-31T10:15:21Z,782,5,3,10,4,0,1,1,1,1785491497
2026-07-31T10:15:21Z,783,6,0,13,0,0,1,1,1,1785492583
2026-07-31T10:15:21Z,784,19,2,0,0,0,1,1,1,1785492506
2026-07-31T10:15:21Z,785,11,2,2,6,0,1,1,1,1785492755
2026-07-31T10:15:21Z,786,11,5,8,0,0,1,1,1,1785492405
2026-07-31T10:15:21Z,787,11,5,2,2,0,1,1,1,1785492040
2026-07-31T10:15:21Z,788,3,0,12,0,0,1,1,1,1785491259
2026-07-31T10:15:21Z,789,9,2,2,4,0,1,1,1,1785491490
2026-07-31T10:15:21Z,790,3,0,20,0,0,1,1,1,1785492712
2026-07-31T10:15:21Z,791,7,2,11,0,1,1,1,1,1785491428
2026-07-31T10:15:21Z,793,4,0,10,1,0,1,1,1,1785491631
2026-07-31T10:15:21Z,794,9,4,18,2,0,1,1,1,1785492571
2026-07-31T10:15:21Z,796,0,0,17,2,0,1,1,1,1785491429
2026-07-31T10:15:21Z,797,1,0,14,0,0,1,1,1,1785487593
2026-07-31T10:15:21Z,798,6,0,18,1,0,1,1,1,1785491265
2026-07-31T10:15:21Z,799,15,1,1,3,0,1,1,1,1785491397
2026-07-31T10:15:21Z,800,1,0,19,1,0,1,1,1,1785492843
2026-07-31T10:15:21Z,801,4,2,16,1,0,1,1,1,1785491454
2026-07-31T10:15:21Z,802,8,0,23,0,0,1,1,1,1785491559
2026-07-31T10:15:21Z,803,1,1,14,0,0,1,1,1,1785491227
2026-07-31T10:15:21Z,806,8,3,7,0,0,1,1,1,1785488200
2026-07-31T10:15:21Z,807,14,0,8,3,0,1,1,1,1785491836
2026-07-31T10:15:21Z,808,0,0,23,2,0,1,1,1,1785488225
2026-07-31T10:15:21Z,809,5,1,17,1,0,1,1,1,1785491401
2026-07-31T10:15:21Z,810,2,0,13,4,0,1,1,1,1785491861
2026-07-31T10:15:21Z,815,4,1,6,4,1,1,1,1,1785491537
2026-07-31T10:15:21Z,817,10,5,5,0,0,1,1,1,1785492556
2026-07-31T10:15:21Z,818,6,0,16,1,0,1,1,1,1785491976
2026-07-31T10:15:21Z,819,6,4,9,0,0,1,1,1,1785487291
2026-07-31T10:15:21Z,820,8,2,9,0,0,1,1,1,1785492474
2026-07-31T10:15:21Z,821,2,1,13,0,0,1,1,1,1785491589
2026-07-31T10:15:21Z,822,1,0,20,2,0,1,1,1,1785491914
2026-07-31T10:15:21Z,823,0,0,14,1,0,1,1,1,1785492874
2026-07-31T10:15:21Z,824,13,4,5,1,0,1,1,1,1785492339
2026-07-31T10:15:21Z,825,8,5,7,0,0,1,1,1,1785488201
2026-07-31T10:15:21Z,826,10,2,8,1,0,1,1,1,1785492353
2026-07-31T10:15:21Z,827,16,5,4,1,0,1,1,1,1785491860
2026-07-31T10:15:21Z,828,10,0,7,1,0,1,1,1,1785492686
2026-07-31T10:15:21Z,829,16,7,11,0,0,1,1,1,1785492598
2026-07-31T10:15:21Z,830,14,3,8,1,0,1,1,1,1785492552
2026-07-31T10:15:21Z,831,7,2,7,1,0,1,1,1,1785492841
2026-07-31T10:15:21Z,832,10,3,5,3,0,1,1,1,1785492869
2026-07-31T10:15:21Z,833,1,0,17,1,0,1,1,1,1785492687
2026-07-31T10:15:21Z,834,1,0,22,1,0,1,1,1,1785492187
2026-07-31T10:15:21Z,835,16,6,0,2,0,1,1,1,1785492418
2026-07-31T10:15:21Z,837,5,1,0,10,0,1,1,1,1785492913
2026-07-31T10:15:21Z,838,13,3,2,0,0,1,1,1,1785491766
2026-07-31T10:15:21Z,839,19,1,10,0,0,1,1,1,1785491470
2026-07-31T10:15:21Z,840,8,3,19,2,0,1,1,1,1785492522
2026-07-31T10:15:21Z,841,7,1,8,0,0,1,1,1,1785492837
2026-07-31T10:15:21Z,842,7,2,16,0,0,1,1,1,1785492640
2026-07-31T10:15:21Z,843,8,0,22,1,0,1,1,1,1785492887
2026-07-31T10:15:21Z,844,6,0,17,0,0,1,1,1,1785492840
2026-07-31T10:15:21Z,845,5,3,12,2,0,1,1,1,1785491204
2026-07-31T10:15:21Z,846,3,0,14,2,0,1,1,1,1785492274
2026-07-31T10:15:21Z,847,7,1,20,0,0,1,1,1,1785491946
2026-07-31T10:15:21Z,848,10,3,8,1,0,1,1,1,1785488215
2026-07-31T10:15:21Z,849,7,2,8,0,0,1,1,1,1785492000
2026-07-31T10:15:21Z,850,9,0,1,1,0,1,1,1,1785492252
2026-07-31T10:15:21Z,851,3,3,32,2,0,1,1,1,1785492103
2026-07-31T10:15:21Z,852,12,6,7,0,0,1,1,1,1785492733
2026-07-31T10:15:21Z,853,10,5,13,0,0,1,1,1,1785491795
2026-07-31T10:15:21Z,854,3,2,12,0,0,1,1,1,1785491861
2026-07-31T10:15:21Z,855,25,0,2,0,0,1,1,1,1785488200
2026-07-31T10:15:21Z,857,1,1,18,0,0,1,1,1,1785491115
2026-07-31T10:15:21Z,858,4,1,14,1,0,1,1,1,1785491576
2026-07-31T10:15:21Z,859,3,0,17,1,0,1,1,1,1785491799
2026-07-31T10:15:21Z,861,8,1,2,1,0,1,1,1,1785488201
2026-07-31T10:15:21Z,862,2,1,13,0,0,1,1,1,1785492865
2026-07-31T10:15:21Z,863,13,0,5,1,0,1,1,1,1785488200
2026-07-31T10:15:21Z,866,11,3,8,0,0,1,1,1,1785491355
2026-07-31T10:15:21Z,867,12,0,3,0,0,1,1,1,1785492480
2026-07-31T10:15:21Z,868,13,2,2,0,0,1,1,1,1785492690
2026-07-31T10:15:21Z,870,7,4,6,2,0,1,1,1,1785492910
2026-07-31T10:15:21Z,871,0,0,10,1,0,1,1,1,1785492285
2026-07-31T10:15:21Z,872,0,0,14,1,0,1,1,1,1785492827
2026-07-31T10:15:21Z,873,0,0,32,1,0,1,1,1,1785492819
2026-07-31T10:15:21Z,874,5,2,7,3,0,1,1,1,1785491194
2026-07-31T10:15:21Z,875,15,11,0,0,0,1,1,1,1785492072
2026-07-31T10:15:21Z,877,11,10,6,2,0,1,1,1,1785492438
2026-07-31T10:15:21Z,878,3,2,15,1,0,1,1,1,1785491202
2026-07-31T10:15:21Z,879,1,0,18,0,0,1,1,1,1785492059
2026-07-31T10:15:21Z,880,3,0,19,1,0,1,1,1,1785492070
2026-07-31T10:15:21Z,881,2,0,17,0,0,1,1,1,1785492871
2026-07-31T10:15:21Z,882,10,0,6,3,0,1,1,1,1785488200
2026-07-31T10:15:21Z,883,10,6,9,0,0,1,1,1,1785491321
2026-07-31T10:15:21Z,884,11,7,10,0,0,1,1,1,1785492429
2026-07-31T10:15:21Z,885,1,0,18,0,0,1,1,1,1785492716
2026-07-31T10:15:21Z,886,16,1,12,1,0,1,1,1,1785491696
2026-07-31T10:15:21Z,887,3,1,11,3,0,1,1,1,1785491616
2026-07-31T10:15:21Z,888,12,0,27,2,0,1,1,1,1785492902
2026-07-31T10:15:21Z,889,17,1,0,2,0,1,1,1,1785491208
2026-07-31T10:15:21Z,890,6,4,9,0,0,1,1,1,1785489632
2026-07-31T10:15:21Z,891,20,0,2,1,0,1,1,1,1785492531
2026-07-31T10:15:21Z,892,13,1,2,0,0,1,1,1,1785488200
2026-07-31T10:15:21Z,895,0,0,18,1,0,1,1,1,1785489208
2026-07-31T10:15:21Z,896,7,0,28,0,0,1,1,1,1785490930
2026-07-31T10:15:21Z,897,11,1,10,0,0,1,1,1,1785492911
2026-07-31T10:15:21Z,898,2,0,17,0,0,1,1,1,1785492635
2026-07-31T10:15:21Z,899,0,0,18,1,0,1,1,1,1785491868
2026-07-31T10:15:21Z,900,19,1,6,2,0,1,1,1,1785492048
2026-07-31T10:15:21Z,901,11,0,7,1,0,1,1,1,1785492265
2026-07-31T10:15:21Z,902,9,0,5,1,0,1,1,1,1785492572
2026-07-31T10:15:21Z,903,14,2,4,1,0,1,1,1,1785492019
2026-07-31T10:15:21Z,904,10,4,8,1,0,1,1,1,1785491209
2026-07-31T10:15:21Z,905,4,0,23,0,0,1,1,1,1785491310
2026-07-31T10:15:21Z,906,8,5,19,0,0,1,1,1,1785492065
2026-07-31T10:15:21Z,907,7,1,24,0,0,1,1,1,1785491417
2026-07-31T10:15:21Z,908,11,0,12,0,0,1,1,1,1785491196
2026-07-31T10:15:21Z,909,14,4,8,1,0,1,1,1,1785492865
2026-07-31T10:15:21Z,910,22,1,9,0,0,1,1,1,1785492520
2026-07-31T10:15:21Z,911,4,1,15,0,0,1,1,1,1785492568
2026-07-31T10:15:21Z,912,9,5,12,2,0,1,1,1,1785491685
2026-07-31T10:15:21Z,913,3,1,16,0,0,1,1,1,1785491735
2026-07-31T10:15:21Z,914,8,2,11,0,0,1,1,1,1785491554
2026-07-31T10:15:21Z,915,9,1,13,1,0,1,1,1,1785492042
2026-07-31T10:15:21Z,916,22,7,0,1,0,1,1,1,1785491693
2026-07-31T10:15:21Z,917,5,1,28,2,0,1,1,1,1785492023
2026-07-31T10:15:21Z,918,12,4,5,2,0,1,1,1,1785492166
2026-07-31T10:15:21Z,919,15,2,22,2,0,1,1,1,1785492443
2026-07-31T10:15:21Z,920,4,2,15,0,0,1,1,1,1785491549
2026-07-31T10:15:21Z,921,12,0,9,0,0,1,1,1,1785492704
2026-07-31T10:15:21Z,922,3,1,17,1,0,1,1,1,1785492685
2026-07-31T10:15:21Z,923,19,2,0,0,0,1,1,1,1785492378
2026-07-31T10:15:21Z,924,8,2,13,0,0,1,1,1,1785491900
2026-07-31T10:15:21Z,925,13,0,8,0,0,1,1,1,1785491364
2026-07-31T10:15:21Z,926,0,0,21,0,0,1,1,1,1785491504
2026-07-31T10:15:21Z,927,1,0,34,0,0,1,1,1,1785491912
2026-07-31T10:15:21Z,928,5,3,14,0,0,1,1,1,1785464301
2026-07-31T10:15:21Z,929,0,0,23,0,0,1,1,1,1785492336
2026-07-31T10:15:21Z,930,0,0,30,1,0,1,1,1,1785491117
2026-07-31T10:15:21Z,931,8,3,15,0,0,1,1,1,1785491437
2026-07-31T10:15:21Z,932,4,0,12,3,0,1,1,1,1785491274
2026-07-31T10:15:21Z,933,0,0,23,0,0,1,1,1,1785491486
2026-07-31T10:15:21Z,934,3,0,27,1,0,1,1,1,1785492651
2026-07-31T10:15:21Z,935,11,3,7,1,0,1,1,1,1785492065
2026-07-31T10:15:21Z,936,4,1,15,0,0,1,1,1,1785456801
2026-07-31T10:15:21Z,940,9,0,2,0,0,1,1,1,1785491001
2026-07-31T10:15:21Z,941,10,1,13,2,0,1,1,1,1785491625
2026-07-31T10:15:21Z,942,7,1,14,0,0,1,1,1,1785492794
2026-07-31T10:15:21Z,943,9,8,6,0,0,1,1,1,1785491125
2026-07-31T10:15:21Z,944,9,8,6,0,0,1,1,1,1785492755
2026-07-31T10:15:21Z,945,10,8,5,0,0,1,1,1,1785492269
2026-07-31T10:15:21Z,946,7,5,12,0,0,1,1,1,1785487593
2026-07-31T10:15:21Z,947,7,5,10,0,0,1,1,1,1785492769
2026-07-31T10:15:21Z,948,24,8,2,5,0,1,1,1,1785491718
2026-07-31T10:15:21Z,949,1,0,14,0,0,1,1,1,1785492871
2026-07-31T10:15:21Z,950,14,4,2,1,0,1,1,1,1785492782
2026-07-31T10:15:21Z,951,18,4,5,0,0,1,1,1,1785491758
2026-07-31T10:15:21Z,952,11,0,44,0,0,1,1,1,1785492341
2026-07-31T10:15:21Z,953,13,2,1,1,0,1,1,1,1785492039
2026-07-31T10:15:21Z,954,17,4,2,0,0,1,1,1,1785492883
2026-07-31T10:15:21Z,955,4,3,17,6,0,1,1,1,1785491858
2026-07-31T10:15:21Z,956,21,0,1,1,0,1,1,1,1785492815
2026-07-31T10:15:21Z,957,15,0,14,0,0,1,1,1,1785492172
2026-07-31T10:15:21Z,958,19,1,12,0,0,1,1,1,1785492413
2026-07-31T10:15:21Z,959,20,8,0,3,0,1,1,1,1785492663
2026-07-31T10:15:21Z,960,21,1,1,1,0,1,1,1,1785492639
2026-07-31T10:15:21Z,961,3,2,17,3,0,1,1,1,1785491676
2026-07-31T10:15:21Z,962,9,3,23,3,0,1,1,1,1785492002
2026-07-31T10:15:21Z,963,10,0,12,1,0,1,1,1,1785492862
2026-07-31T10:15:21Z,964,19,8,3,1,0,1,1,1,1785492695
2026-07-31T10:15:21Z,965,5,1,21,1,0,1,1,1,1785491171
2026-07-31T10:15:21Z,966,28,0,3,0,0,1,1,1,1785491684
2026-07-31T10:15:21Z,967,19,0,1,1,0,1,1,1,1785492603
2026-07-31T10:15:21Z,968,15,0,3,1,0,1,1,1,1785492762
2026-07-31T10:15:21Z,969,9,5,16,2,0,1,1,1,1785492855
2026-07-31T10:15:21Z,970,12,1,5,2,0,1,1,1,1785491581
2026-07-31T10:15:21Z,971,11,0,11,1,0,1,1,1,1785492454
2026-07-31T10:15:21Z,972,9,1,13,1,0,1,1,1,1785492738
2026-07-31T10:15:21Z,973,9,4,13,1,0,1,1,1,1785492251
2026-07-31T10:15:21Z,974,12,0,15,0,0,1,1,1,1785491636
2026-07-31T10:15:21Z,977,7,7,11,3,0,1,1,1,1785491188
2026-07-31T10:15:21Z,978,11,0,12,0,0,1,1,1,1785492054
2026-07-31T10:15:21Z,979,13,1,4,0,0,1,1,1,1785492190
2026-07-31T10:15:21Z,980,1,0,18,2,0,1,1,1,1785492337
2026-07-31T10:15:21Z,981,19,1,1,1,0,1,1,1,1785492502
2026-07-31T10:15:21Z,982,3,1,14,2,0,1,1,1,1785492802
2026-07-31T10:15:21Z,983,2,1,20,1,0,1,1,1,1785491403
2026-07-31T10:15:21Z,984,6,0,17,0,0,1,1,1,1785492408
2026-07-31T10:15:21Z,985,11,0,20,0,0,1,1,1,1785492087
2026-07-31T10:15:21Z,986,4,0,15,0,0,1,1,1,1785492800
2026-07-31T10:15:21Z,987,6,0,16,1,0,1,1,1,1785491526
2026-07-31T10:15:21Z,988,5,1,13,1,0,1,1,1,1785491137
2026-07-31T10:15:21Z,989,9,4,10,0,0,1,1,1,1785491943
2026-07-31T10:15:21Z,990,13,1,0,2,0,1,1,1,1785491186
2026-07-31T10:15:21Z,991,10,2,8,1,0,1,1,1,1785492669
2026-07-31T10:15:21Z,992,10,7,12,1,0,1,1,1,1785491725
2026-07-31T10:15:21Z,993,0,0,27,0,0,1,1,1,1785476008
2026-07-31T10:15:21Z,994,3,1,18,0,0,1,1,1,1785491941
2026-07-31T10:15:21Z,995,7,1,20,0,0,1,1,1,1785491812
2026-07-31T10:15:21Z,996,8,1,15,0,0,1,1,1,1785492779
2026-07-31T10:15:21Z,997,11,5,10,2,0,1,1,1,1785492874
2026-07-31T10:15:21Z,998,2,2,20,1,0,1,1,1,1785492860
2026-07-31T10:15:21Z,999,3,1,15,2,1,1,1,1,1785492869
2026-07-31T10:15:21Z,1000,5,2,16,0,0,1,1,1,1785492305
2026-07-31T10:15:21Z,1001,2,1,25,0,0,1,1,1,1785491949
2026-07-31T10:15:21Z,1002,0,0,27,4,0,1,1,1,1785491304
2026-07-31T10:15:21Z,1003,0,0,22,1,0,1,1,1,1785492741
2026-07-31T10:15:21Z,1004,8,1,15,0,0,1,1,1,1785492182
2026-07-31T10:15:21Z,1005,20,1,3,0,0,1,1,1,1785491113
2026-07-31T10:15:21Z,1006,7,4,11,1,0,1,1,1,1785492763
2026-07-31T10:15:21Z,1007,2,1,19,0,0,1,1,1,1785492396
2026-07-31T10:15:21Z,1008,6,5,15,2,0,1,1,1,1785491901
2026-07-31T10:15:21Z,1009,19,2,8,4,0,1,1,1,1785491769
2026-07-31T10:15:21Z,1010,7,2,20,0,0,1,1,1,1785492604
2026-07-31T10:15:21Z,1011,8,2,9,2,0,1,1,1,1785491321
2026-07-31T10:15:21Z,1012,4,3,18,1,0,1,1,1,1785492696
2026-07-31T10:15:21Z,1013,4,1,18,1,0,1,1,1,1785491476
2026-07-31T10:15:21Z,1014,7,2,13,3,0,1,1,1,1785491397
2026-07-31T10:15:21Z,1015,3,1,25,3,0,1,1,1,1785491677
2026-07-31T10:15:21Z,1016,10,5,21,0,0,1,1,1,1785492565
2026-07-31T10:15:21Z,1017,14,5,7,0,0,1,1,1,1785492102
2026-07-31T10:15:21Z,1018,7,2,15,0,0,1,1,1,1785492783
2026-07-31T10:15:21Z,1019,9,6,6,0,0,1,1,1,1785492708
2026-07-31T10:15:21Z,1020,18,3,3,0,0,1,1,1,1785491971
2026-07-31T10:15:21Z,1021,9,3,5,1,0,1,1,1,1785491695
2026-07-31T10:15:21Z,1022,14,0,13,0,0,1,1,1,1785492878
2026-07-31T10:15:21Z,1023,13,1,9,1,0,1,1,1,1785492519
2026-07-31T10:15:21Z,1024,5,2,13,1,0,1,1,1,1785491698
2026-07-31T10:15:21Z,1025,4,0,14,0,1,1,1,1,1785492846
2026-07-31T10:15:21Z,1026,7,4,18,6,0,1,1,1,1785492265
2026-07-31T10:15:21Z,1028,2,0,20,1,0,1,1,1,1785492875
2026-07-31T10:15:21Z,1029,9,9,5,1,0,1,1,1,1785491992
2026-07-31T10:15:21Z,1030,14,5,9,0,0,1,1,1,1785491740
2026-07-31T10:15:21Z,1031,8,0,11,0,0,1,1,1,1785492104
2026-07-31T10:15:21Z,1032,7,1,12,0,0,1,1,1,1785492769
2026-07-31T10:15:21Z,1033,9,5,9,1,0,1,1,1,1785491766
2026-07-31T10:15:21Z,1034,2,0,13,0,0,1,1,1,1785492781
2026-07-31T10:15:21Z,1035,1,0,16,2,0,1,1,1,1785492815
2026-07-31T10:15:21Z,1036,14,0,1,0,0,1,1,1,1785491583
2026-07-31T10:15:21Z,1037,4,0,14,1,0,1,1,1,1785491506
2026-07-31T10:15:21Z,1038,2,0,12,1,0,1,1,1,1785492479
2026-07-31T10:15:21Z,1039,7,2,12,0,0,1,1,1,1785491107
2026-07-31T10:15:21Z,1040,7,3,10,2,0,1,1,1,1785492808
2026-07-31T10:15:21Z,1041,11,3,8,0,0,1,1,1,1785492687
2026-07-31T10:15:21Z,1042,12,1,1,2,0,1,1,1,1785492785
2026-07-31T10:15:21Z,1043,9,0,7,3,0,1,1,1,1785492842
2026-07-31T10:15:21Z,1044,2,1,12,1,0,1,1,1,1785492535
2026-07-31T10:15:21Z,1045,11,1,8,0,0,1,1,1,1785492755
2026-07-31T10:15:21Z,1046,9,0,6,0,0,1,1,1,1785492158
2026-07-31T10:15:21Z,1047,4,0,17,0,0,1,1,1,1785491707
2026-07-31T10:15:21Z,1048,10,1,9,0,0,1,1,1,1785492733
2026-07-31T10:15:21Z,1049,5,0,16,0,0,1,1,1,1785492798
2026-07-31T10:15:21Z,1050,17,4,4,0,0,1,1,1,1785492079
2026-07-31T10:15:21Z,1051,8,3,13,0,0,1,1,1,1785491971
2026-07-31T10:15:21Z,1052,17,2,5,0,0,1,1,1,1785492597
2026-07-31T10:15:21Z,1053,2,1,13,0,0,1,1,1,1785492660
2026-07-31T10:15:21Z,1054,14,1,1,0,0,1,1,1,1785491106
2026-07-31T10:15:21Z,1055,8,2,11,0,0,1,1,1,1785492900
2026-07-31T10:15:21Z,1057,18,0,0,1,0,1,1,1,1785492588
2026-07-31T10:15:21Z,1058,1,0,55,0,0,1,1,1,1785492861
2026-07-31T10:15:21Z,1059,0,0,18,1,0,1,1,1,1785492790
2026-07-31T10:15:21Z,1060,31,0,6,0,0,1,1,1,1785492532
2026-07-31T10:15:21Z,1061,10,1,26,1,0,1,1,1,1785492901
2026-07-31T10:15:21Z,1062,2,0,15,0,0,1,1,1,1785491460
2026-07-31T10:15:21Z,1063,12,1,6,1,0,1,1,1,1785492811
2026-07-31T10:15:21Z,1064,3,0,19,1,0,1,1,1,1785491328
2026-07-31T10:15:21Z,1065,16,3,7,0,0,1,1,1,1785491568
2026-07-31T10:15:21Z,1066,10,2,13,0,0,1,1,1,1785491393
2026-07-31T10:15:21Z,1067,8,2,13,2,0,1,1,1,1785491660
2026-07-31T10:15:21Z,1068,8,2,13,2,0,1,1,1,1785491152
2026-07-31T10:15:21Z,1069,12,3,11,0,0,1,1,1,1785491202
2026-07-31T10:15:21Z,1070,12,2,11,0,0,1,1,1,1785491298
2026-07-31T10:15:21Z,1071,7,4,16,0,0,1,1,1,1785491337
2026-07-31T10:15:21Z,1072,11,1,11,1,0,1,1,1,1785491723
2026-07-31T10:15:21Z,1073,25,6,1,1,0,1,1,1,1785492455
2026-07-31T10:15:21Z,1074,1,1,52,0,0,1,1,1,1785492897
2026-07-31T10:15:21Z,1075,10,10,11,0,0,1,1,1,1785492523
2026-07-31T10:15:21Z,1076,14,11,7,0,0,1,1,1,1785491960
2026-07-31T10:15:21Z,1077,8,5,13,0,0,1,1,1,1785492740
2026-07-31T10:15:21Z,1078,11,10,10,0,0,1,1,1,1785492003
2026-07-31T10:15:21Z,1079,11,8,10,0,0,1,1,1,1785492631
2026-07-31T10:15:21Z,1080,10,8,10,1,0,1,1,1,1785491414
2026-07-31T10:15:21Z,1081,13,8,6,0,0,1,1,1,1785491804
2026-07-31T10:15:21Z,1082,7,7,1,0,0,1,1,1,1785491286
2026-07-31T10:15:21Z,1083,13,11,8,0,0,1,1,1,1785492899
2026-07-31T10:15:21Z,1084,9,8,12,0,0,1,1,1,1785492516
2026-07-31T10:15:21Z,1085,10,10,11,0,0,1,1,1,1785492162
2026-07-31T10:15:21Z,1086,0,0,20,1,0,1,1,1,1785492868
2026-07-31T10:15:21Z,1087,12,7,3,0,0,1,1,1,1785492056
2026-07-31T10:15:21Z,1088,10,7,5,0,0,1,1,1,1785492814
2026-07-31T10:15:21Z,1089,5,3,10,0,0,1,1,1,1785491355
2026-07-31T10:15:21Z,1090,11,10,4,0,0,1,1,1,1785491885
2026-07-31T10:15:21Z,1091,12,7,3,0,0,1,1,1,1785491797
2026-07-31T10:15:21Z,1092,9,9,5,1,0,1,1,1,1785491344
2026-07-31T10:15:21Z,1093,7,6,8,0,0,1,1,1,1785491706
2026-07-31T10:15:21Z,1094,10,8,8,1,0,1,1,1,1785492776
2026-07-31T10:15:21Z,1095,9,8,6,0,0,1,1,1,1785491650
2026-07-31T10:15:21Z,1096,3,1,15,1,0,1,1,1,1785491316
2026-07-31T10:15:21Z,1097,9,9,6,0,0,1,1,1,1785491531
2026-07-31T10:15:21Z,1098,9,7,10,0,0,1,1,1,1785491871
2026-07-31T10:15:21Z,1099,7,6,8,0,0,1,1,1,1785492602
2026-07-31T10:15:21Z,1100,6,2,23,0,0,1,1,1,1785487894
2026-07-31T10:15:21Z,1101,9,5,12,0,0,1,1,1,1785492495
2026-07-31T10:15:21Z,1102,9,4,4,0,0,1,1,1,1785491782
2026-07-31T10:15:21Z,1103,10,5,11,0,0,1,1,1,1785487895
2026-07-31T10:15:21Z,1104,10,5,11,0,0,1,1,1,1785492251
2026-07-31T10:15:21Z,1105,8,4,5,0,0,1,1,1,1785492588
2026-07-31T10:15:21Z,1106,11,6,10,0,0,1,1,1,1785492890
2026-07-31T10:15:21Z,1107,9,5,6,0,0,1,1,1,1785492882
2026-07-31T10:15:21Z,1108,6,3,18,3,0,1,1,1,1785491560
2026-07-31T10:15:21Z,1109,6,1,9,0,0,1,1,1,1785492838
2026-07-31T10:15:21Z,1110,12,4,9,0,0,1,1,1,1785492121
2026-07-31T10:15:21Z,1111,3,2,18,0,0,1,1,1,1785475740
2026-07-31T10:15:21Z,1112,39,0,14,0,0,1,1,1,1785492678
2026-07-31T10:15:21Z,1113,1,0,20,0,0,1,1,1,1785492076
2026-07-31T10:15:21Z,1115,17,5,3,3,0,1,1,1,1785491470
2026-07-31T10:15:21Z,1116,5,1,14,0,0,1,1,1,1785492787
2026-07-31T10:15:21Z,1117,13,3,9,1,0,1,1,1,1785492548
2026-07-31T10:15:21Z,1118,16,1,3,2,0,1,1,1,1785492600
2026-07-31T10:15:21Z,1119,13,1,4,0,0,1,1,1,1785491986
2026-07-31T10:15:21Z,1120,13,0,6,0,0,1,1,1,1785492867
2026-07-31T10:15:21Z,1121,14,2,4,3,0,1,1,1,1785488201
2026-07-31T10:15:21Z,1122,15,9,3,3,0,1,1,1,1785492225
2026-07-31T10:15:21Z,1123,6,3,15,2,0,1,1,1,1785492426
2026-07-31T10:15:21Z,1124,8,0,2,5,0,1,1,1,1785492599
2026-07-31T10:15:21Z,1125,15,1,8,0,0,1,1,1,1785491249
2026-07-31T10:15:21Z,1126,4,0,16,1,0,1,1,1,1785492150
2026-07-31T10:15:21Z,1127,6,1,12,1,0,1,1,1,1785491292
2026-07-31T10:15:21Z,1128,14,2,0,1,0,1,1,1,1785492788
2026-07-31T10:15:21Z,1129,3,2,17,1,0,1,1,1,1785492515
2026-07-31T10:15:21Z,1130,6,0,9,0,0,1,1,1,1785492575
2026-07-31T10:15:21Z,1131,0,0,48,1,0,1,1,1,1785491736
2026-07-31T10:15:21Z,1132,13,6,7,1,0,1,1,1,1785492433
2026-07-31T10:15:21Z,1133,15,12,5,1,0,1,1,1,1785492602
2026-07-31T10:15:21Z,1134,11,7,8,0,0,1,1,1,1785491478
2026-07-31T10:15:21Z,1135,10,5,11,0,0,1,1,1,1785492389
2026-07-31T10:15:21Z,1136,6,0,17,0,0,1,1,1,1785491143
2026-07-31T10:15:21Z,1137,13,0,2,0,0,1,1,1,1785492707
2026-07-31T10:15:21Z,1138,15,2,4,0,0,1,1,1,1785492749
2026-07-31T10:15:21Z,1139,18,4,1,2,0,1,1,1,1785491457
2026-07-31T10:15:21Z,1140,22,3,0,1,0,1,1,1,1785492500
2026-07-31T10:15:21Z,1141,2,0,19,0,0,1,1,1,1785492512
2026-07-31T10:15:21Z,1142,2,0,19,0,0,1,1,1,1785491610
2026-07-31T10:15:21Z,1143,20,0,8,1,0,1,1,1,1785492341
2026-07-31T10:15:21Z,1144,7,1,13,1,0,1,1,1,1785491214
2026-07-31T10:15:21Z,1145,13,6,7,1,0,1,1,1,1785491351
2026-07-31T10:15:21Z,1146,11,1,4,4,0,1,1,1,1785492890
2026-07-31T10:15:21Z,1147,3,0,16,0,0,1,1,1,1785492714
2026-07-31T10:15:21Z,1148,24,6,7,0,0,1,1,1,1785491652
2026-07-31T10:15:21Z,1149,3,3,22,0,0,1,1,1,1785492438
2026-07-31T10:15:21Z,1150,18,1,1,0,0,1,1,1,1785492575
2026-07-31T10:15:21Z,1151,12,0,9,0,0,1,1,1,1785491619
2026-07-31T10:15:21Z,1152,18,1,11,0,0,1,1,1,1785492717
2026-07-31T10:15:21Z,1153,21,6,1,1,0,1,1,1,1785492465
2026-07-31T10:15:21Z,1154,13,1,6,0,0,1,1,1,1785492218
2026-07-31T10:15:21Z,1155,15,6,5,1,0,1,1,1,1785492780
2026-07-31T10:15:21Z,1158,3,0,15,1,0,1,1,1,1785492677
2026-07-31T10:15:21Z,1159,13,1,6,0,0,1,1,1,1785491216
2026-07-31T10:15:21Z,1160,9,1,9,1,0,1,1,1,1785491836
2026-07-31T10:15:21Z,1161,3,0,15,1,0,1,1,1,1785491351
2026-07-31T10:15:21Z,1162,2,1,17,0,0,1,1,1,1785491601
2026-07-31T10:15:21Z,1163,1,1,17,1,0,1,1,1,1785492793
2026-07-31T10:15:21Z,1164,6,1,13,0,0,1,1,1,1785492852
2026-07-31T10:15:21Z,1165,5,0,16,0,0,1,1,1,1785491769
2026-07-31T10:15:21Z,1166,12,3,8,1,0,1,1,1,1785491283
2026-07-31T10:15:21Z,1167,4,0,11,0,0,1,1,1,1785492560
2026-07-31T10:15:21Z,1168,2,1,20,1,0,1,1,1,1785491232
2026-07-31T10:15:21Z,1169,3,0,15,1,0,1,1,1,1785492699
2026-07-31T10:15:21Z,1170,6,0,14,1,0,1,1,1,1785491254
2026-07-31T10:15:21Z,1171,7,6,15,1,0,1,1,1,1785492744
2026-07-31T10:15:21Z,1172,7,2,6,2,0,1,1,1,1785492869
2026-07-31T10:15:21Z,1173,13,5,6,0,0,1,1,1,1785491133
2026-07-31T10:15:21Z,1174,6,3,9,0,0,1,1,1,1785492628
2026-07-31T10:15:21Z,1175,8,4,11,0,0,1,1,1,1785491319
2026-07-31T10:15:21Z,1176,19,1,2,0,0,1,1,1,1785492153
2026-07-31T10:15:21Z,1177,2,0,19,0,0,1,1,1,1785492075
2026-07-31T10:15:21Z,1178,2,1,13,0,0,1,1,1,1785492595
2026-07-31T10:15:21Z,1181,11,0,3,1,0,1,1,1,1785492552
2026-07-31T10:15:21Z,1182,1,0,19,0,0,1,1,1,1785491546
2026-07-31T10:15:21Z,1183,1,0,42,2,0,1,1,1,1785492643
2026-07-31T10:15:21Z,1184,12,6,8,1,0,1,1,1,1785492258
2026-07-31T10:15:21Z,1185,10,5,11,0,0,1,1,1,1785492203
2026-07-31T10:15:21Z,1186,9,5,10,0,0,1,1,1,1785491400
2026-07-31T10:15:21Z,1187,12,6,8,1,0,1,1,1,1785491754
2026-07-31T10:15:21Z,1188,10,5,5,0,0,1,1,1,1785492888
2026-07-31T10:15:21Z,1189,10,5,9,0,0,1,1,1,1785491161
2026-07-31T10:15:21Z,1190,10,5,11,0,0,1,1,1,1785492371
2026-07-31T10:15:21Z,1191,10,5,5,0,0,1,1,1,1785492895
2026-07-31T10:15:21Z,1192,10,6,10,1,0,1,1,1,1785492739
2026-07-31T10:15:21Z,1193,6,4,5,2,0,1,1,1,1785491899
2026-07-31T10:15:21Z,1197,9,6,7,1,0,1,1,1,1785491862
2026-07-31T10:15:21Z,1198,14,4,5,2,0,1,1,1,1785491446
2026-07-31T10:15:21Z,1199,2,0,17,0,0,1,1,1,1785491461
2026-07-31T10:15:21Z,1200,11,5,4,0,0,1,1,1,1785491118
2026-07-31T10:15:21Z,1201,11,5,4,0,0,1,1,1,1785492908
2026-07-31T10:15:21Z,1202,12,6,3,0,0,1,1,1,1785491194
2026-07-31T10:15:21Z,1203,9,6,6,0,0,1,1,1,1785492905
2026-07-31T10:15:21Z,1204,7,3,11,1,0,1,1,1,1785492652
2026-07-31T10:15:21Z,1206,11,5,10,0,0,1,1,1,1785491870
2026-07-31T10:15:21Z,1207,8,4,6,1,0,1,1,1,1785491407
2026-07-31T10:15:21Z,1208,7,2,11,1,0,1,1,1,1785491315
2026-07-31T10:15:21Z,1216,7,0,13,1,0,1,1,1,1785492099
2026-07-31T10:15:21Z,1218,4,0,17,0,0,1,1,1,1785492493
2026-07-31T10:15:21Z,1219,6,1,8,1,0,1,1,1,1785492398
2026-07-31T10:15:21Z,1220,14,7,4,1,0,1,1,1,1785492150
2026-07-31T10:15:21Z,1221,1,1,19,1,0,1,1,1,1785491804
2026-07-31T10:15:21Z,1222,29,1,0,0,0,1,1,1,1785492752
2026-07-31T10:15:21Z,1223,23,0,6,0,0,1,1,1,1785492586
2026-07-31T10:15:21Z,1226,0,0,3,0,0,0,1,1,1781868931
2026-07-31T10:15:21Z,1227,22,1,3,0,0,1,1,1,1785492602
2026-07-31T10:15:21Z,1228,15,1,13,1,0,1,1,1,1785491873
2026-07-31T10:15:21Z,1229,34,0,11,0,0,1,1,1,1785492728
2026-07-31T10:20:21Z,1,3,0,20,0,0,1,1,1,1785492989
2026-07-31T10:20:21Z,2,21,0,3,3,0,1,1,1,1785492483
2026-07-31T10:20:21Z,3,9,0,4,1,0,1,1,1,1785485488
2026-07-31T10:20:21Z,4,1,0,20,1,0,1,1,1,1785487895
2026-07-31T10:20:21Z,5,9,3,13,1,0,1,1,1,1785484887
2026-07-31T10:20:21Z,6,6,2,9,0,0,1,1,1,1785486991
2026-07-31T10:20:21Z,7,1,0,38,0,0,1,1,1,1785492363
2026-07-31T10:20:21Z,8,0,0,43,0,0,1,1,1,1785487014
2026-07-31T10:20:21Z,9,1,0,21,1,0,1,1,1,1785492426
2026-07-31T10:20:21Z,10,0,0,21,3,0,1,1,1,1785493107
2026-07-31T10:20:21Z,11,16,6,2,1,0,1,1,1,1785493091
2026-07-31T10:20:21Z,12,0,0,23,0,0,1,1,1,1785490105
2026-07-31T10:20:21Z,13,11,0,19,0,0,1,1,1,1785488834
2026-07-31T10:20:21Z,14,3,0,39,0,1,1,1,1,1785491439
2026-07-31T10:20:21Z,15,3,0,12,0,0,1,1,1,1785488861
2026-07-31T10:20:21Z,16,8,0,16,2,1,1,1,1,1785487292
2026-07-31T10:20:21Z,17,7,0,19,1,0,1,1,1,1785491479
2026-07-31T10:20:21Z,18,6,0,10,2,0,1,1,1,1785492179
2026-07-31T10:20:21Z,19,11,0,15,1,0,1,1,1,1785493205
2026-07-31T10:20:21Z,20,31,0,4,0,0,1,1,1,1785491965
2026-07-31T10:20:21Z,21,1,0,17,1,0,1,1,1,1785484888
2026-07-31T10:20:21Z,22,19,0,45,1,0,1,1,1,1785492488
2026-07-31T10:20:21Z,23,10,5,21,0,0,1,1,1,1785487895
2026-07-31T10:20:21Z,24,0,0,9,2,0,1,1,1,1785493209
2026-07-31T10:20:21Z,25,2,2,78,0,1,1,1,1,1785493080
2026-07-31T10:20:21Z,26,1,0,26,0,0,1,1,1,1785491464
2026-07-31T10:20:21Z,28,15,3,0,0,0,1,1,1,1785486991
2026-07-31T10:20:21Z,30,1,0,27,1,0,1,1,1,1785486089
2026-07-31T10:20:21Z,31,0,0,17,2,0,1,1,1,1785493170
2026-07-31T10:20:21Z,32,21,1,6,0,0,1,1,1,1785492510
2026-07-31T10:20:21Z,34,2,1,34,1,0,1,1,1,1785492502
2026-07-31T10:20:21Z,35,4,1,42,1,0,1,1,1,1785492897
2026-07-31T10:20:21Z,36,0,0,0,0,0,0,1,1,86400
2026-07-31T10:20:21Z,37,1,0,22,0,0,1,1,1,1785491559
2026-07-31T10:20:21Z,38,1,0,22,0,0,1,1,1,1785490318
2026-07-31T10:20:21Z,39,24,6,15,0,0,1,1,1,1785490063
2026-07-31T10:20:21Z,40,15,0,5,1,0,1,1,1,1785492943
2026-07-31T10:20:21Z,41,2,1,40,1,0,1,1,1,1785491500
2026-07-31T10:20:21Z,42,31,8,0,0,0,1,1,1,1785472558
2026-07-31T10:20:21Z,43,5,0,18,0,0,1,1,1,1785490390
2026-07-31T10:20:21Z,45,2,0,26,1,0,1,1,1,1785492300
2026-07-31T10:20:21Z,46,12,2,19,0,0,1,1,1,1785491240
2026-07-31T10:20:21Z,47,14,6,0,1,0,1,1,1,1785492895
2026-07-31T10:20:21Z,48,20,0,7,0,0,1,1,1,1785487579
2026-07-31T10:20:21Z,49,4,0,16,3,0,1,1,1,1785493215
2026-07-31T10:20:21Z,50,1,1,18,0,0,1,1,1,1785488641
2026-07-31T10:20:21Z,51,68,0,9,0,0,1,1,1,1785487292
2026-07-31T10:20:21Z,52,1,0,23,3,0,1,1,1,1785492913
2026-07-31T10:20:21Z,55,1,1,22,0,0,1,1,1,1785487781
2026-07-31T10:20:21Z,56,0,0,43,0,0,1,1,1,1785487593
2026-07-31T10:20:21Z,57,0,0,27,0,0,1,1,1,1785486089
2026-07-31T10:20:21Z,58,0,0,28,0,0,1,1,1,1785489985
2026-07-31T10:20:21Z,59,1,0,24,2,0,1,1,1,1785493063
2026-07-31T10:20:21Z,61,2,1,37,0,0,1,1,1,1785491414
2026-07-31T10:20:21Z,62,4,2,44,1,0,1,1,1,1785493063
2026-07-31T10:20:21Z,63,13,0,6,0,0,1,1,1,1785492690
2026-07-31T10:20:21Z,64,10,1,5,4,0,1,1,1,1785493091
2026-07-31T10:20:21Z,65,16,7,2,1,0,1,1,1,1785491350
2026-07-31T10:20:21Z,67,16,0,23,0,0,1,1,1,1785491870
2026-07-31T10:20:21Z,68,0,0,37,0,0,1,1,1,1785488201
2026-07-31T10:20:21Z,69,15,2,0,0,0,1,1,1,1785485188
2026-07-31T10:20:21Z,71,2,0,24,1,0,1,1,1,1785492683
2026-07-31T10:20:21Z,72,19,5,10,2,0,1,1,1,1785492368
2026-07-31T10:20:21Z,73,1,0,30,0,0,1,1,1,1785491470
2026-07-31T10:20:21Z,74,13,6,6,0,0,1,1,1,1785489103
2026-07-31T10:20:21Z,75,0,0,31,1,0,1,1,1,1785487292
2026-07-31T10:20:21Z,76,17,0,1,1,0,1,1,1,1785493213
2026-07-31T10:20:21Z,77,23,0,3,1,0,1,1,1,1785492484
2026-07-31T10:20:21Z,78,8,4,14,1,0,1,1,1,1785492198
2026-07-31T10:20:21Z,79,5,3,11,1,0,1,1,1,1785491374
2026-07-31T10:20:21Z,80,18,0,2,3,0,1,1,1,1785492981
2026-07-31T10:20:21Z,81,5,0,26,0,0,1,1,1,1785486390
2026-07-31T10:20:21Z,82,12,0,11,0,0,1,1,1,1785491795
2026-07-31T10:20:21Z,83,9,1,24,1,0,1,1,1,1785493092
2026-07-31T10:20:21Z,84,25,0,2,0,0,1,1,1,1785492855
2026-07-31T10:20:21Z,85,0,0,15,0,0,1,1,1,1785492381
2026-07-31T10:20:21Z,86,25,0,1,1,0,1,1,1,1785486691
2026-07-31T10:20:21Z,87,10,0,9,0,0,1,1,1,1785488201
2026-07-31T10:20:21Z,88,2,0,40,1,0,1,1,1,1785492709
2026-07-31T10:20:21Z,89,22,0,13,0,0,1,1,1,1785487292
2026-07-31T10:20:21Z,90,6,2,10,2,0,1,1,1,1785490958
2026-07-31T10:20:21Z,91,13,0,4,0,0,1,1,1,1785490693
2026-07-31T10:20:21Z,92,10,4,6,3,0,1,1,1,1785493006
2026-07-31T10:20:21Z,93,0,0,23,0,0,1,1,1,1785486390
2026-07-31T10:20:21Z,94,3,0,15,1,0,1,1,1,1785492659
2026-07-31T10:20:21Z,95,24,2,9,1,1,1,1,1,1785493084
2026-07-31T10:20:21Z,96,28,0,2,1,0,1,1,1,1785491842
2026-07-31T10:20:21Z,97,0,0,16,1,0,1,1,1,1785493100
2026-07-31T10:20:21Z,98,20,0,14,1,0,1,1,1,1785491722
2026-07-31T10:20:21Z,99,4,2,11,0,0,1,1,1,1785486802
2026-07-31T10:20:21Z,100,1,0,26,0,0,1,1,1,1785492496
2026-07-31T10:20:21Z,101,1,0,13,1,0,1,1,1,1785485789
2026-07-31T10:20:21Z,102,0,0,23,0,0,1,1,1,1785487553
2026-07-31T10:20:21Z,103,6,0,24,0,0,1,1,1,1785492441
2026-07-31T10:20:21Z,104,0,0,25,2,0,1,1,1,1785493206
2026-07-31T10:20:21Z,105,16,1,3,0,0,1,1,1,1785486390
2026-07-31T10:20:21Z,106,1,0,20,0,0,1,1,1,1785490634
2026-07-31T10:20:21Z,107,0,0,37,0,0,1,1,1,1785485489
2026-07-31T10:20:21Z,108,14,1,21,0,0,1,1,1,1785492695
2026-07-31T10:20:21Z,109,12,0,11,0,0,1,1,1,1785493199
2026-07-31T10:20:21Z,110,14,2,9,0,0,1,1,1,1785488165
2026-07-31T10:20:21Z,111,1,0,35,0,0,1,1,1,1785490951
2026-07-31T10:20:21Z,112,4,0,10,1,0,1,1,1,1785490423
2026-07-31T10:20:21Z,113,5,0,11,3,0,1,1,1,1785493134
2026-07-31T10:20:21Z,114,6,6,23,1,1,1,1,1,1785493028
2026-07-31T10:20:21Z,115,3,1,23,2,0,1,1,1,1785479033
2026-07-31T10:20:21Z,116,3,3,23,1,0,1,1,1,1785487594
2026-07-31T10:20:21Z,118,20,9,0,3,0,1,1,1,1785491837
2026-07-31T10:20:21Z,119,31,2,3,4,0,1,1,1,1785492713
2026-07-31T10:20:21Z,120,21,1,5,1,0,1,1,1,1785492726
2026-07-31T10:20:21Z,121,5,2,13,0,1,1,1,1,1785493047
2026-07-31T10:20:21Z,122,10,0,10,1,0,1,1,1,1785491486
2026-07-31T10:20:21Z,123,8,1,39,0,0,1,1,1,1785485188
2026-07-31T10:20:21Z,124,30,0,5,0,0,1,1,1,1785492197
2026-07-31T10:20:21Z,125,6,2,17,0,0,1,1,1,1785490205
2026-07-31T10:20:21Z,126,24,2,7,0,0,1,1,1,1785493015
2026-07-31T10:20:21Z,127,9,1,24,2,0,1,1,1,1785493119
2026-07-31T10:20:21Z,128,17,1,2,0,0,1,1,1,1785490685
2026-07-31T10:20:21Z,129,17,1,0,2,0,1,1,1,1785486089
2026-07-31T10:20:21Z,130,5,1,12,0,0,1,1,1,1785490452
2026-07-31T10:20:21Z,131,8,3,1,2,0,1,1,1,1785492564
2026-07-31T10:20:21Z,132,13,6,1,0,1,1,1,1,1785490417
2026-07-31T10:20:21Z,134,5,0,13,5,0,1,1,1,1785493154
2026-07-31T10:20:21Z,135,8,4,10,1,0,1,1,1,1785488917
2026-07-31T10:20:21Z,136,7,0,8,1,7,1,1,1,1785492913
2026-07-31T10:20:21Z,137,8,2,11,0,0,1,1,1,1785491896
2026-07-31T10:20:21Z,138,35,2,2,0,0,1,1,1,1785493215
2026-07-31T10:20:21Z,139,17,3,2,0,0,1,1,1,1785491526
2026-07-31T10:20:21Z,140,17,9,4,2,0,1,1,1,1785493212
2026-07-31T10:20:21Z,141,31,1,5,0,0,1,1,1,1785485909
2026-07-31T10:20:21Z,142,23,1,0,0,0,1,1,1,1785490160
2026-07-31T10:20:21Z,143,13,3,17,1,0,1,1,1,1785487895
2026-07-31T10:20:21Z,144,22,0,5,0,0,1,1,1,1785491889
2026-07-31T10:20:21Z,146,8,1,14,1,0,1,1,1,1785486463
2026-07-31T10:20:21Z,147,10,3,7,2,0,1,1,1,1785493215
2026-07-31T10:20:21Z,148,24,0,2,0,1,1,1,1,1785493070
2026-07-31T10:20:21Z,149,17,4,9,1,0,1,1,1,1785493052
2026-07-31T10:20:21Z,150,28,7,5,2,0,1,1,1,1785493066
2026-07-31T10:20:21Z,151,20,6,3,0,0,1,1,1,1785492686
2026-07-31T10:20:21Z,152,20,2,3,4,0,1,1,1,1785493038
2026-07-31T10:20:21Z,153,13,1,12,6,0,1,1,1,1785493210
2026-07-31T10:20:21Z,154,15,2,5,3,0,1,1,1,1785492989
2026-07-31T10:20:21Z,155,9,4,4,1,0,1,1,1,1785493117
2026-07-31T10:20:21Z,156,14,1,5,0,0,1,1,1,1785492278
2026-07-31T10:20:21Z,157,16,0,9,2,0,1,1,1,1785493153
2026-07-31T10:20:21Z,158,16,2,0,0,0,1,1,1,1785488201
2026-07-31T10:20:21Z,159,4,1,15,0,0,1,1,1,1785492987
2026-07-31T10:20:21Z,160,18,1,1,0,0,1,1,1,1785491594
2026-07-31T10:20:21Z,161,19,3,3,0,0,1,1,1,1785492832
2026-07-31T10:20:21Z,162,10,0,16,1,0,1,1,1,1785488396
2026-07-31T10:20:21Z,163,28,3,2,0,1,1,1,1,1785493025
2026-07-31T10:20:21Z,164,25,7,1,1,0,1,1,1,1785492858
2026-07-31T10:20:21Z,165,21,10,9,1,0,1,1,1,1785490458
2026-07-31T10:20:21Z,166,33,8,3,3,0,1,1,1,1785493212
2026-07-31T10:20:21Z,167,19,9,2,2,0,1,1,1,1785491219
2026-07-31T10:20:21Z,168,18,0,8,1,0,1,1,1,1785493106
2026-07-31T10:20:21Z,169,1,0,21,0,1,1,1,1,1785487293
2026-07-31T10:20:21Z,170,17,4,0,2,0,1,1,1,1785488379
2026-07-31T10:20:21Z,171,10,3,1,2,0,1,1,1,1785492988
2026-07-31T10:20:21Z,173,37,0,2,0,0,1,1,1,1785490623
2026-07-31T10:20:21Z,174,21,1,3,2,0,1,1,1,1785491643
2026-07-31T10:20:21Z,175,8,0,23,0,0,1,1,1,1785491110
2026-07-31T10:20:21Z,176,7,2,7,0,1,1,1,1,1785492475
2026-07-31T10:20:21Z,177,19,1,8,0,0,1,1,1,1785493211
2026-07-31T10:20:21Z,178,2,0,10,2,1,1,1,1,1785493209
2026-07-31T10:20:21Z,179,12,2,2,1,0,1,1,1,1785492090
2026-07-31T10:20:21Z,180,28,0,2,0,0,1,1,1,1785492120
2026-07-31T10:20:21Z,181,12,1,2,1,0,1,1,1,1785492149
2026-07-31T10:20:21Z,182,13,1,4,0,0,1,1,1,1785492045
2026-07-31T10:20:21Z,183,14,0,9,0,0,1,1,1,1785492326
2026-07-31T10:20:21Z,184,2,0,20,1,0,1,1,1,1785491941
2026-07-31T10:20:21Z,185,12,1,0,2,1,1,1,1,1785484888
2026-07-31T10:20:21Z,186,3,0,16,0,0,1,1,1,1785492102
2026-07-31T10:20:21Z,187,9,0,18,1,0,1,1,1,1785491965
2026-07-31T10:20:21Z,188,11,0,8,8,0,1,1,1,1785492974
2026-07-31T10:20:21Z,189,15,4,0,0,0,1,1,1,1785487895
2026-07-31T10:20:21Z,190,4,0,19,0,0,1,1,1,1785492508
2026-07-31T10:20:21Z,191,2,1,37,0,0,1,1,1,1785486690
2026-07-31T10:20:21Z,192,12,4,16,3,0,1,1,1,1785486089
2026-07-31T10:20:21Z,193,1,0,14,0,0,1,1,1,1785490688
2026-07-31T10:20:21Z,194,16,1,10,1,0,1,1,1,1785492888
2026-07-31T10:20:21Z,195,11,1,6,2,0,1,1,1,1785493068
2026-07-31T10:20:21Z,196,22,1,3,2,0,1,1,1,1785493022
2026-07-31T10:20:21Z,197,16,3,1,1,1,1,1,1,1785489625
2026-07-31T10:20:21Z,198,18,16,5,0,0,1,1,1,1785492571
2026-07-31T10:20:21Z,199,6,5,6,3,0,1,1,1,1785489674
2026-07-31T10:20:21Z,200,12,0,13,1,0,1,1,1,1785492701
2026-07-31T10:20:21Z,201,8,4,15,0,0,1,1,1,1785491857
2026-07-31T10:20:21Z,202,1,0,26,0,0,1,1,1,1785492963
2026-07-31T10:20:21Z,203,26,3,4,1,0,1,1,1,1785487252
2026-07-31T10:20:21Z,204,29,0,5,1,0,1,1,1,1785493180
2026-07-31T10:20:21Z,205,13,1,14,0,0,1,1,1,1785488894
2026-07-31T10:20:21Z,206,1,1,13,1,0,1,1,1,1785486448
2026-07-31T10:20:21Z,207,12,0,8,1,0,1,1,1,1785491125
2026-07-31T10:20:21Z,208,3,0,26,0,0,1,1,1,1785491719
2026-07-31T10:20:21Z,209,8,0,20,3,0,1,1,1,1785493026
2026-07-31T10:20:21Z,210,23,2,4,0,0,1,1,1,1785485488
2026-07-31T10:20:21Z,211,14,6,8,1,0,1,1,1,1785490780
2026-07-31T10:20:21Z,212,22,0,12,1,0,1,1,1,1785493096
2026-07-31T10:20:21Z,213,11,1,10,2,0,1,1,1,1785493025
2026-07-31T10:20:21Z,214,29,0,14,4,0,1,1,1,1785492100
2026-07-31T10:20:21Z,215,5,2,17,1,0,1,1,1,1785492966
2026-07-31T10:20:21Z,216,7,0,11,1,0,1,1,1,1785491552
2026-07-31T10:20:21Z,217,10,0,18,1,0,1,1,1,1785493067
2026-07-31T10:20:21Z,218,21,4,16,2,0,1,1,1,1785492822
2026-07-31T10:20:21Z,219,1,1,24,1,0,1,1,1,1785489320
2026-07-31T10:20:21Z,220,23,6,18,1,1,1,1,1,1785491278
2026-07-31T10:20:21Z,221,13,8,1,1,0,1,1,1,1785491306
2026-07-31T10:20:21Z,222,12,10,5,2,0,1,1,1,1785491803
2026-07-31T10:20:21Z,223,7,3,25,3,0,1,1,1,1785493126
2026-07-31T10:20:21Z,224,6,4,15,1,0,1,1,1,1785491603
2026-07-31T10:20:21Z,225,10,0,3,6,0,1,1,1,1785487206
2026-07-31T10:20:21Z,226,30,10,1,0,0,1,1,1,1785493072
2026-07-31T10:20:21Z,227,22,14,3,1,1,1,1,1,1785492835
2026-07-31T10:20:21Z,228,2,0,16,1,0,1,1,1,1785492801
2026-07-31T10:20:21Z,230,17,9,9,0,0,1,1,1,1785493194
2026-07-31T10:20:21Z,232,13,6,3,1,0,1,1,1,1785486390
2026-07-31T10:20:21Z,233,19,0,10,2,0,1,1,1,1785487026
2026-07-31T10:20:21Z,234,7,3,7,3,2,1,1,1,1785491043
2026-07-31T10:20:21Z,236,12,2,7,0,0,1,1,1,1785491381
2026-07-31T10:20:21Z,237,20,4,2,1,0,1,1,1,1785492227
2026-07-31T10:20:21Z,239,23,18,1,3,0,1,1,1,1785486691
2026-07-31T10:20:21Z,241,18,6,5,0,0,1,1,1,1785490525
2026-07-31T10:20:21Z,242,2,2,20,1,0,1,1,1,1785492103
2026-07-31T10:20:21Z,243,9,0,21,1,0,1,1,1,1785491961
2026-07-31T10:20:21Z,244,14,2,12,1,0,1,1,1,1785492355
2026-07-31T10:20:21Z,245,6,4,17,0,0,1,1,1,1785490437
2026-07-31T10:20:21Z,246,13,0,10,0,0,1,1,1,1785487895
2026-07-31T10:20:21Z,247,12,10,10,1,0,1,1,1,1785488201
2026-07-31T10:20:21Z,248,18,3,2,3,0,1,1,1,1785493190
2026-07-31T10:20:21Z,249,6,3,13,0,0,1,1,1,1785492523
2026-07-31T10:20:21Z,250,24,7,3,0,0,1,1,1,1785491888
2026-07-31T10:20:21Z,251,20,4,4,3,0,1,1,1,1785492529
2026-07-31T10:20:21Z,253,9,4,9,1,0,1,1,1,1785492879
2026-07-31T10:20:21Z,254,26,21,16,1,0,1,1,1,1785485789
2026-07-31T10:20:21Z,255,5,0,17,0,1,1,1,1,1785492913
2026-07-31T10:20:21Z,256,9,4,12,2,0,1,1,1,1785490433
2026-07-31T10:20:21Z,257,14,5,4,1,0,1,1,1,1785492175
2026-07-31T10:20:21Z,258,0,0,19,0,0,1,1,1,1785493027
2026-07-31T10:20:21Z,259,20,3,2,0,1,1,1,1,1785492630
2026-07-31T10:20:21Z,260,13,4,4,2,0,1,1,1,1785492850
2026-07-31T10:20:21Z,261,16,0,1,1,1,1,1,1,1785492368
2026-07-31T10:20:21Z,262,18,9,4,1,0,1,1,1,1785492991
2026-07-31T10:20:21Z,263,14,3,1,0,0,1,1,1,1785491399
2026-07-31T10:20:21Z,264,17,5,1,1,0,1,1,1,1785492272
2026-07-31T10:20:21Z,265,14,0,1,0,0,1,1,1,1785490183
2026-07-31T10:20:21Z,266,14,7,2,3,0,1,1,1,1785492036
2026-07-31T10:20:21Z,267,7,3,6,2,0,1,1,1,1785484888
2026-07-31T10:20:21Z,268,23,9,0,0,0,1,1,1,1785484887
2026-07-31T10:20:21Z,269,9,3,13,1,0,1,1,1,1785492045
2026-07-31T10:20:21Z,270,23,1,4,0,0,1,1,1,1785491481
2026-07-31T10:20:21Z,271,0,0,17,2,0,1,1,1,1785486991
2026-07-31T10:20:21Z,272,13,13,9,1,0,1,1,1,1785486390
2026-07-31T10:20:21Z,273,13,5,2,0,0,1,1,1,1785492772
2026-07-31T10:20:21Z,274,15,6,3,1,0,1,1,1,1785493047
2026-07-31T10:20:21Z,275,13,0,6,2,2,1,1,1,1785492895
2026-07-31T10:20:21Z,276,1,0,26,0,0,1,1,1,1785486991
2026-07-31T10:20:21Z,277,12,1,6,5,0,1,1,1,1785488201
2026-07-31T10:20:21Z,278,22,2,6,2,1,1,1,1,1785492494
2026-07-31T10:20:21Z,279,17,0,2,0,0,1,1,1,1785493037
2026-07-31T10:20:21Z,280,9,2,19,3,0,1,1,1,1785493042
2026-07-31T10:20:21Z,281,19,0,0,0,0,1,1,1,1785486089
2026-07-31T10:20:21Z,282,5,2,13,0,0,1,1,1,1785484887
2026-07-31T10:20:21Z,283,33,1,2,0,0,1,1,1,1785491784
2026-07-31T10:20:21Z,284,16,3,17,2,0,1,1,1,1785492919
2026-07-31T10:20:21Z,285,8,7,15,0,0,1,1,1,1785485188
2026-07-31T10:20:21Z,286,16,15,2,5,0,1,1,1,1785488250
2026-07-31T10:20:21Z,287,14,4,6,3,0,1,1,1,1785492851
2026-07-31T10:20:21Z,288,13,10,6,0,0,1,1,1,1785492238
2026-07-31T10:20:21Z,289,23,2,1,3,0,1,1,1,1785493119
2026-07-31T10:20:21Z,290,8,0,30,1,0,1,1,1,1785491552
2026-07-31T10:20:21Z,291,10,1,11,2,0,1,1,1,1785492854
2026-07-31T10:20:21Z,292,22,0,1,0,0,1,1,1,1785485789
2026-07-31T10:20:21Z,293,17,10,6,0,0,1,1,1,1785486991
2026-07-31T10:20:21Z,294,0,0,21,1,0,1,1,1,1785486991
2026-07-31T10:20:21Z,297,14,4,3,1,1,1,1,1,1785492915
2026-07-31T10:20:21Z,301,17,1,2,0,0,1,1,1,1785486691
2026-07-31T10:20:21Z,302,0,0,23,0,0,1,1,1,1785486991
2026-07-31T10:20:21Z,303,18,0,1,0,0,1,1,1,1785493153
2026-07-31T10:20:21Z,304,0,0,0,0,0,0,1,1,86400
2026-07-31T10:20:21Z,305,19,0,0,0,0,1,1,1,1785485188
2026-07-31T10:20:21Z,306,3,0,28,1,0,1,1,1,1785493147
2026-07-31T10:20:21Z,307,18,1,3,1,1,1,1,1,1785493028
2026-07-31T10:20:21Z,308,15,0,2,2,0,1,1,1,1785492975
2026-07-31T10:20:21Z,309,13,3,0,1,0,1,1,1,1785488427
2026-07-31T10:20:21Z,311,15,0,0,0,0,1,1,1,1785486992
2026-07-31T10:20:21Z,312,6,3,12,4,1,1,1,1,1785493039
2026-07-31T10:20:21Z,313,3,1,12,0,0,1,1,1,1785486991
2026-07-31T10:20:21Z,314,4,3,11,3,0,1,1,1,1785486991
2026-07-31T10:20:21Z,315,23,6,6,2,0,1,1,1,1785491768
2026-07-31T10:20:21Z,316,4,1,21,5,1,1,1,1,1785492930
2026-07-31T10:20:21Z,317,0,0,30,0,1,1,1,1,1785493198
2026-07-31T10:20:21Z,318,16,0,3,0,0,1,1,1,1785486991
2026-07-31T10:20:21Z,319,17,3,5,1,0,1,1,1,1785492789
2026-07-31T10:20:21Z,320,18,5,0,1,0,1,1,1,1785491087
2026-07-31T10:20:21Z,321,8,2,7,4,0,1,1,1,1785493144
2026-07-31T10:20:21Z,322,4,1,24,1,0,1,1,1,1785489880
2026-07-31T10:20:21Z,323,9,0,10,0,0,1,1,1,1785492561
2026-07-31T10:20:21Z,324,19,5,7,1,0,1,1,1,1785493207
2026-07-31T10:20:21Z,325,4,3,21,2,0,1,1,1,1785489487
2026-07-31T10:20:21Z,327,26,0,0,1,0,1,1,1,1785489831
2026-07-31T10:20:21Z,328,19,0,2,1,0,1,1,1,1785493176
2026-07-31T10:20:21Z,329,17,0,0,2,0,1,1,1,1785492480
2026-07-31T10:20:21Z,330,2,0,20,0,0,1,1,1,1785492058
2026-07-31T10:20:21Z,331,11,3,11,1,0,1,1,1,1785492097
2026-07-31T10:20:21Z,332,10,3,7,2,0,1,1,1,1785487292
2026-07-31T10:20:21Z,333,2,2,20,1,0,1,1,1,1785492618
2026-07-31T10:20:21Z,334,11,8,12,0,0,1,1,1,1785487804
2026-07-31T10:20:21Z,335,4,2,17,1,1,1,1,1,1785492511
2026-07-31T10:20:21Z,336,18,2,1,0,0,1,1,1,1785487293
2026-07-31T10:20:21Z,337,16,3,2,5,0,1,1,1,1785493209
2026-07-31T10:20:21Z,338,17,8,2,0,0,1,1,1,1785487389
2026-07-31T10:20:21Z,339,21,10,2,0,0,1,1,1,1785492460
2026-07-31T10:20:21Z,340,13,11,1,1,0,1,1,1,1785491300
2026-07-31T10:20:21Z,341,11,4,8,0,0,1,1,1,1785487352
2026-07-31T10:20:21Z,342,12,5,0,3,0,1,1,1,1785492817
2026-07-31T10:20:21Z,343,21,1,1,1,0,1,1,1,1785492630
2026-07-31T10:20:21Z,344,23,9,0,0,0,1,1,1,1785488186
2026-07-31T10:20:21Z,345,19,3,0,0,0,1,1,1,1785487292
2026-07-31T10:20:21Z,346,9,6,14,0,0,1,1,1,1785489426
2026-07-31T10:20:21Z,347,3,1,39,2,0,1,1,1,1785493207
2026-07-31T10:20:21Z,348,21,3,0,1,1,1,1,1,1785493148
2026-07-31T10:20:21Z,349,7,1,12,0,0,1,1,1,1785492406
2026-07-31T10:20:21Z,350,25,3,0,1,1,1,1,1,1785493029
2026-07-31T10:20:21Z,351,19,2,1,3,0,1,1,1,1785493140
2026-07-31T10:20:21Z,355,21,0,2,0,0,1,1,1,1785490901
2026-07-31T10:20:21Z,356,17,1,2,0,0,1,1,1,1785491511
2026-07-31T10:20:21Z,357,13,4,6,0,0,1,1,1,1785485188
2026-07-31T10:20:21Z,358,24,4,2,1,0,1,1,1,1785487594
2026-07-31T10:20:21Z,359,19,0,8,0,0,1,1,1,1785492286
2026-07-31T10:20:21Z,360,14,3,3,2,0,1,1,1,1785492564
2026-07-31T10:20:21Z,362,17,5,0,2,0,1,1,1,1785487292
2026-07-31T10:20:21Z,363,2,0,25,0,0,1,1,1,1785489580
2026-07-31T10:20:21Z,364,19,3,0,0,0,1,1,1,1785487896
2026-07-31T10:20:21Z,365,15,4,5,3,0,1,1,1,1785491063
2026-07-31T10:20:21Z,366,13,8,3,7,0,1,1,1,1785492941
2026-07-31T10:20:21Z,367,15,8,2,2,0,1,1,1,1785491056
2026-07-31T10:20:21Z,368,20,3,1,2,0,1,1,1,1785486991
2026-07-31T10:20:21Z,370,12,7,15,0,0,1,1,1,1785493079
2026-07-31T10:20:21Z,371,4,2,14,1,0,1,1,1,1785484735
2026-07-31T10:20:21Z,372,8,2,7,0,0,1,1,1,1785487594
2026-07-31T10:20:21Z,373,24,8,3,0,0,1,1,1,1785486433
2026-07-31T10:20:21Z,374,16,7,1,2,0,1,1,1,1785493187
2026-07-31T10:20:21Z,375,20,5,4,3,0,1,1,1,1785493117
2026-07-31T10:20:21Z,376,27,3,7,5,0,1,1,1,1785490526
2026-07-31T10:20:21Z,377,23,9,4,0,0,1,1,1,1785493056
2026-07-31T10:20:21Z,378,21,5,1,1,1,1,1,1,1785493101
2026-07-31T10:20:21Z,379,14,0,13,0,0,1,1,1,1785492001
2026-07-31T10:20:21Z,380,21,6,1,1,0,1,1,1,1785491878
2026-07-31T10:20:21Z,381,12,0,11,0,0,1,1,1,1785492804
2026-07-31T10:20:21Z,383,12,0,1,2,0,1,1,1,1785491998
2026-07-31T10:20:21Z,384,24,1,2,1,0,1,1,1,1785492881
2026-07-31T10:20:21Z,385,14,2,2,2,0,1,1,1,1785493153
2026-07-31T10:20:21Z,387,21,2,2,0,0,1,1,1,1785491874
2026-07-31T10:20:21Z,388,15,2,34,0,0,1,1,1,1785492784
2026-07-31T10:20:21Z,389,9,8,6,0,0,1,1,1,1785487293
2026-07-31T10:20:21Z,390,16,0,19,0,0,1,1,1,1785489336
2026-07-31T10:20:21Z,391,4,0,10,1,0,1,1,1,1785487292
2026-07-31T10:20:21Z,392,2,2,16,1,0,1,1,1,1785493083
2026-07-31T10:20:21Z,393,3,3,5,3,0,1,1,1,1785487292
2026-07-31T10:20:21Z,394,9,6,2,2,0,1,1,1,1785487594
2026-07-31T10:20:21Z,396,7,7,32,3,0,1,1,1,1785487595
2026-07-31T10:20:21Z,397,5,5,26,0,0,1,1,1,1785492823
2026-07-31T10:20:21Z,399,12,1,3,2,0,1,1,1,1785490391
2026-07-31T10:20:21Z,400,11,6,9,3,0,1,1,1,1785492906
2026-07-31T10:20:21Z,401,8,0,23,8,0,1,1,1,1785492393
2026-07-31T10:20:21Z,403,3,0,26,2,0,1,1,1,1785493170
2026-07-31T10:20:21Z,404,1,1,21,1,0,1,1,1,1785491837
2026-07-31T10:20:21Z,406,2,1,32,1,0,1,1,1,1785492719
2026-07-31T10:20:21Z,407,16,3,17,1,0,1,1,1,1785493065
2026-07-31T10:20:21Z,408,13,2,19,1,0,1,1,1,1785491284
2026-07-31T10:20:21Z,409,0,0,20,3,0,1,1,1,1785488970
2026-07-31T10:20:21Z,413,20,5,1,2,0,1,1,1,1785490104
2026-07-31T10:20:21Z,414,12,4,2,1,0,1,1,1,1785492668
2026-07-31T10:20:21Z,417,11,6,7,1,0,1,1,1,1785491073
2026-07-31T10:20:21Z,418,1,0,14,0,0,1,1,1,1785490913
2026-07-31T10:20:21Z,419,10,0,12,1,0,1,1,1,1785487895
2026-07-31T10:20:21Z,421,1,0,18,0,0,1,1,1,1785488201
2026-07-31T10:20:21Z,422,3,3,23,1,0,1,1,1,1785490175
2026-07-31T10:20:21Z,423,5,1,18,0,0,1,1,1,1785491746
2026-07-31T10:20:21Z,424,4,2,8,3,0,1,1,1,1785493010
2026-07-31T10:20:21Z,425,19,0,2,0,1,1,1,1,1785491863
2026-07-31T10:20:21Z,426,1,0,34,2,0,1,1,1,1785492043
2026-07-31T10:20:21Z,427,14,1,0,1,0,1,1,1,1785492935
2026-07-31T10:20:21Z,428,16,2,3,0,0,1,1,1,1785492983
2026-07-31T10:20:21Z,429,0,0,21,2,0,1,1,1,1785492151
2026-07-31T10:20:21Z,430,28,0,0,3,0,1,1,1,1785485488
2026-07-31T10:20:21Z,431,15,0,17,1,0,1,1,1,1785488642
2026-07-31T10:20:21Z,432,18,0,11,2,0,1,1,1,1785490634
2026-07-31T10:20:21Z,433,19,6,3,1,0,1,1,1,1785488201
2026-07-31T10:20:21Z,437,2,1,16,1,0,1,1,1,1785492837
2026-07-31T10:20:21Z,438,17,0,1,1,0,1,1,1,1785493024
2026-07-31T10:20:21Z,439,4,0,11,0,0,1,1,1,1785490818
2026-07-31T10:20:21Z,440,13,1,0,2,0,1,1,1,1785488201
2026-07-31T10:20:21Z,441,10,2,4,1,0,1,1,1,1785492561
2026-07-31T10:20:21Z,442,17,9,1,1,0,1,1,1,1785487895
2026-07-31T10:20:21Z,443,4,2,23,0,0,1,1,1,1785485488
2026-07-31T10:20:21Z,444,2,2,21,0,0,1,1,1,1785485488
2026-07-31T10:20:21Z,445,7,2,15,1,0,1,1,1,1785492933
2026-07-31T10:20:21Z,446,1,1,21,1,0,1,1,1,1785487896
2026-07-31T10:20:21Z,447,2,0,19,1,1,1,1,1,1785492174
2026-07-31T10:20:21Z,448,9,4,5,1,0,1,1,1,1785487895
2026-07-31T10:20:21Z,452,8,6,10,1,0,1,1,1,1785487661
2026-07-31T10:20:21Z,453,6,5,8,1,0,1,1,1,1785491911
2026-07-31T10:20:21Z,454,9,0,10,0,0,1,1,1,1785489971
2026-07-31T10:20:21Z,455,2,0,37,0,0,1,1,1,1785492761
2026-07-31T10:20:21Z,456,8,0,11,1,0,1,1,1,1785493181
2026-07-31T10:20:21Z,457,25,2,0,2,0,1,1,1,1785487895
2026-07-31T10:20:21Z,458,12,5,11,0,0,1,1,1,1785493020
2026-07-31T10:20:21Z,459,15,0,0,0,0,1,1,1,1785485789
2026-07-31T10:20:21Z,460,17,2,5,1,0,1,1,1,1785492405
2026-07-31T10:20:21Z,461,5,1,14,0,0,1,1,1,1785487878
2026-07-31T10:20:21Z,462,10,1,11,0,0,1,1,1,1785492711
2026-07-31T10:20:21Z,463,13,1,6,0,0,1,1,1,1785487897
2026-07-31T10:20:21Z,464,3,1,11,0,0,1,1,1,1785485789
2026-07-31T10:20:21Z,465,0,0,14,1,0,1,1,1,1785485789
2026-07-31T10:20:21Z,466,11,3,2,2,0,1,1,1,1785485789
2026-07-31T10:20:21Z,467,5,1,13,1,0,1,1,1,1785471818
2026-07-31T10:20:21Z,468,17,1,1,1,0,1,1,1,1785485789
2026-07-31T10:20:21Z,469,2,1,21,0,0,1,1,1,1785487896
2026-07-31T10:20:21Z,470,12,1,1,2,0,1,1,1,1785493028
2026-07-31T10:20:21Z,471,22,2,5,0,0,1,1,1,1785487895
2026-07-31T10:20:21Z,472,18,6,0,1,0,1,1,1,1785493141
2026-07-31T10:20:21Z,473,19,5,0,0,0,1,1,1,1785485789
2026-07-31T10:20:21Z,474,16,0,3,0,0,1,1,1,1785488959
2026-07-31T10:20:21Z,475,5,1,13,1,0,1,1,1,1785492726
2026-07-31T10:20:21Z,477,9,7,5,1,0,1,1,1,1785492057
2026-07-31T10:20:21Z,478,7,0,23,1,0,1,1,1,1785492276
2026-07-31T10:20:21Z,479,0,0,26,1,0,1,1,1,1785492473
2026-07-31T10:20:21Z,480,3,0,9,3,0,1,1,1,1785493168
2026-07-31T10:20:21Z,481,29,1,5,1,0,1,1,1,1785493069
2026-07-31T10:20:21Z,482,18,6,1,0,0,1,1,1,1785490527
2026-07-31T10:20:21Z,483,1,0,24,2,0,1,1,1,1785492970
2026-07-31T10:20:21Z,484,6,2,12,1,0,1,1,1,1785492984
2026-07-31T10:20:21Z,485,16,6,1,1,1,1,1,1,1785493039
2026-07-31T10:20:21Z,486,25,6,0,2,0,1,1,1,1785493027
2026-07-31T10:20:21Z,487,7,5,11,1,0,1,1,1,1785492522
2026-07-31T10:20:21Z,489,12,6,3,0,0,1,1,1,1785488501
2026-07-31T10:20:21Z,490,2,1,14,0,0,1,1,1,1785492713
2026-07-31T10:20:21Z,491,4,1,17,0,0,1,1,1,1785486090
2026-07-31T10:20:21Z,492,4,2,3,4,0,1,1,1,1785493213
2026-07-31T10:20:21Z,493,0,0,26,1,0,1,1,1,1785487895
2026-07-31T10:20:21Z,495,9,0,3,3,0,1,1,1,1785489700
2026-07-31T10:20:21Z,496,26,1,1,0,0,1,1,1,1785492797
2026-07-31T10:20:21Z,497,17,0,1,1,0,1,1,1,1785491850
2026-07-31T10:20:21Z,498,21,3,1,1,0,1,1,1,1785490089
2026-07-31T10:20:21Z,499,17,1,1,1,0,1,1,1,1785487896
2026-07-31T10:20:21Z,500,8,4,2,5,0,1,1,1,1785492941
2026-07-31T10:20:21Z,501,11,4,10,0,0,1,1,1,1785492885
2026-07-31T10:20:21Z,502,6,0,13,0,0,1,1,1,1785486089
2026-07-31T10:20:21Z,503,25,0,5,1,0,1,1,1,1785492181
2026-07-31T10:20:21Z,504,1,0,38,0,0,1,1,1,1785492055
2026-07-31T10:20:21Z,505,10,1,1,1,0,1,1,1,1785487586
2026-07-31T10:20:21Z,511,6,4,17,0,0,1,1,1,1785492514
2026-07-31T10:20:21Z,512,6,0,21,0,0,1,1,1,1785490938
2026-07-31T10:20:21Z,514,8,0,2,1,0,1,1,1,1785492997
2026-07-31T10:20:21Z,515,2,0,17,0,0,1,1,1,1785487895
2026-07-31T10:20:21Z,516,0,0,27,0,0,1,1,1,1785484039
2026-07-31T10:20:21Z,517,15,3,7,1,0,1,1,1,1785492410
2026-07-31T10:20:21Z,518,14,1,0,1,0,1,1,1,1785486390
2026-07-31T10:20:21Z,519,4,0,13,2,0,1,1,1,1785492899
2026-07-31T10:20:21Z,520,11,7,10,5,1,1,1,1,1785493212
2026-07-31T10:20:21Z,521,19,6,4,0,0,1,1,1,1785492587
2026-07-31T10:20:21Z,522,0,0,22,1,0,1,1,1,1785486390
2026-07-31T10:20:21Z,523,5,3,17,1,0,1,1,1,1785493103
2026-07-31T10:20:21Z,524,1,0,22,0,0,1,1,1,1785491359
2026-07-31T10:20:21Z,525,9,0,10,0,0,1,1,1,1785492201
2026-07-31T10:20:21Z,526,13,1,0,2,0,1,1,1,1785486390
2026-07-31T10:20:21Z,527,4,2,19,3,0,1,1,1,1785493077
2026-07-31T10:20:21Z,528,20,1,2,1,0,1,1,1,1785491758
2026-07-31T10:20:21Z,529,6,3,7,6,0,1,1,1,1785493215
2026-07-31T10:20:21Z,530,14,1,5,2,0,1,1,1,1785493152
2026-07-31T10:20:21Z,531,19,0,2,1,1,1,1,1,1785493153
2026-07-31T10:20:21Z,532,3,3,27,1,0,1,1,1,1785488341
2026-07-31T10:20:21Z,533,8,1,9,2,0,1,1,1,1785486390
2026-07-31T10:20:21Z,534,14,2,9,0,0,1,1,1,1785490909
2026-07-31T10:20:21Z,535,2,0,13,0,0,1,1,1,1785486390
2026-07-31T10:20:21Z,536,1,0,22,0,0,1,1,1,1785488201
2026-07-31T10:20:21Z,537,1,1,19,0,0,1,1,1,1785488280
2026-07-31T10:20:21Z,538,21,8,0,0,2,1,1,1,1785493139
2026-07-31T10:20:21Z,539,5,5,26,0,0,1,1,1,1785488201
2026-07-31T10:20:21Z,540,2,1,17,0,0,1,1,1,1785486391
2026-07-31T10:20:21Z,541,22,1,4,1,0,1,1,1,1785492852
2026-07-31T10:20:21Z,542,2,2,21,0,0,1,1,1,1785486390
2026-07-31T10:20:21Z,543,17,2,1,1,0,1,1,1,1785488201
2026-07-31T10:20:21Z,544,14,1,4,4,0,1,1,1,1785486390
2026-07-31T10:20:21Z,545,1,0,16,2,0,1,1,1,1785492723
2026-07-31T10:20:21Z,546,16,8,3,0,0,1,1,1,1785489048
2026-07-31T10:20:21Z,547,19,1,6,0,0,1,1,1,1785491753
2026-07-31T10:20:21Z,548,14,1,9,0,0,1,1,1,1785486390
2026-07-31T10:20:21Z,549,19,0,4,0,0,1,1,1,1785490211
2026-07-31T10:20:21Z,550,16,1,3,0,0,1,1,1,1785492776
2026-07-31T10:20:21Z,551,16,4,7,0,0,1,1,1,1785486390
2026-07-31T10:20:21Z,552,27,3,0,0,0,1,1,1,1785486390
2026-07-31T10:20:21Z,553,18,4,3,1,1,1,1,1,1785493067
2026-07-31T10:20:21Z,554,1,1,18,0,0,1,1,1,1785486691
2026-07-31T10:20:21Z,555,13,6,1,1,0,1,1,1,1785489915
2026-07-31T10:20:21Z,556,20,4,1,2,0,1,1,1,1785493190
2026-07-31T10:20:21Z,557,6,4,12,5,0,1,1,1,1785488202
2026-07-31T10:20:21Z,558,31,4,6,0,0,1,1,1,1785493048
2026-07-31T10:20:21Z,559,0,0,18,1,0,1,1,1,1785492602
2026-07-31T10:20:21Z,560,10,0,17,0,0,1,1,1,1785492157
2026-07-31T10:20:21Z,561,14,1,8,1,0,1,1,1,1785491627
2026-07-31T10:20:21Z,562,3,0,29,3,0,1,1,1,1785486691
2026-07-31T10:20:21Z,563,10,0,4,0,0,1,1,1,1785490429
2026-07-31T10:20:21Z,564,12,0,6,1,0,1,1,1,1785488201
2026-07-31T10:20:21Z,565,6,2,13,0,0,1,1,1,1785490461
2026-07-31T10:20:21Z,566,14,0,4,1,0,1,1,1,1785493151
2026-07-31T10:20:21Z,567,25,1,1,1,0,1,1,1,1785485492
2026-07-31T10:20:21Z,568,14,0,4,1,0,1,1,1,1785490328
2026-07-31T10:20:21Z,569,15,2,4,0,0,1,1,1,1785492410
2026-07-31T10:20:21Z,570,12,0,7,0,0,1,1,1,1785491560
2026-07-31T10:20:21Z,571,0,0,23,0,0,1,1,1,1785486691
2026-07-31T10:20:21Z,572,14,4,4,1,0,1,1,1,1785491187
2026-07-31T10:20:21Z,573,13,0,2,0,0,1,1,1,1785486691
2026-07-31T10:20:21Z,574,10,3,5,0,0,1,1,1,1785492718
2026-07-31T10:20:21Z,575,5,0,15,1,0,1,1,1,1785492780
2026-07-31T10:20:21Z,576,3,0,14,2,0,1,1,1,1785488201
2026-07-31T10:20:21Z,577,14,0,17,0,0,1,1,1,1785491933
2026-07-31T10:20:21Z,578,15,10,7,1,0,1,1,1,1785486996
2026-07-31T10:20:21Z,579,4,0,39,0,0,1,1,1,1785486691
2026-07-31T10:20:21Z,580,5,0,24,0,0,1,1,1,1785490191
2026-07-31T10:20:21Z,581,17,2,2,0,0,1,1,1,1785491955
2026-07-31T10:20:21Z,582,21,0,39,1,0,1,1,1,1785493215
2026-07-31T10:20:21Z,583,23,1,0,0,0,1,1,1,1785492035
2026-07-31T10:20:21Z,584,9,4,6,4,0,1,1,1,1785486691
2026-07-31T10:20:21Z,585,14,3,12,0,1,1,1,1,1785493053
2026-07-31T10:20:21Z,586,11,0,24,0,0,1,1,1,1785492703
2026-07-31T10:20:21Z,587,19,0,4,1,0,1,1,1,1785491646
2026-07-31T10:20:21Z,588,12,4,4,3,0,1,1,1,1785492920
2026-07-31T10:20:21Z,589,0,0,0,23,0,1,1,1,1785492934
2026-07-31T10:20:21Z,590,17,2,12,2,0,1,1,1,1785492102
2026-07-31T10:20:21Z,591,28,1,0,2,0,1,1,1,1785486691
2026-07-31T10:20:21Z,592,12,0,11,0,0,1,1,1,1785488952
2026-07-31T10:20:21Z,593,0,0,38,0,0,1,1,1,1785488201
2026-07-31T10:20:21Z,594,7,0,11,3,0,1,1,1,1785492983
2026-07-31T10:20:21Z,595,0,0,3,0,0,0,1,1,1784046673
2026-07-31T10:20:21Z,605,0,0,2,1,0,0,1,1,1783975843
2026-07-31T10:20:21Z,606,0,0,0,0,0,0,1,1,86400
2026-07-31T10:20:21Z,607,11,2,20,1,0,1,1,1,1785492495
2026-07-31T10:20:21Z,608,0,0,50,0,0,1,1,1,1785490318
2026-07-31T10:20:21Z,609,2,0,21,0,0,1,1,1,1785488201
2026-07-31T10:20:21Z,610,0,0,35,0,0,1,1,1,1785488201
2026-07-31T10:20:21Z,611,14,0,12,1,0,1,1,1,1785491795
2026-07-31T10:20:21Z,612,6,1,9,0,0,1,1,1,1785486691
2026-07-31T10:20:21Z,613,9,0,2,4,0,1,1,1,1785489318
2026-07-31T10:20:21Z,614,1,1,23,2,1,1,1,1,1785488202
2026-07-31T10:20:21Z,617,11,0,2,2,0,1,1,1,1785489767
2026-07-31T10:20:21Z,618,13,2,1,5,0,1,1,1,1785486690
2026-07-31T10:20:21Z,619,4,1,14,1,0,1,1,1,1785493167
2026-07-31T10:20:21Z,620,1,0,26,0,0,1,1,1,1785492178
2026-07-31T10:20:21Z,621,6,2,16,1,0,1,1,1,1785492151
2026-07-31T10:20:21Z,622,5,2,17,1,0,1,1,1,1785488201
2026-07-31T10:20:21Z,623,9,2,20,1,0,1,1,1,1785488201
2026-07-31T10:20:21Z,624,2,0,13,0,0,1,1,1,1785493211
2026-07-31T10:20:21Z,625,6,0,13,2,0,1,1,1,1785492688
2026-07-31T10:20:21Z,626,2,0,43,0,2,1,1,1,1785490207
2026-07-31T10:20:21Z,627,14,6,5,0,0,1,1,1,1785493197
2026-07-31T10:20:21Z,628,0,0,15,2,2,1,1,1,1785493159
2026-07-31T10:20:21Z,629,4,1,6,1,0,1,1,1,1785493215
2026-07-31T10:20:21Z,630,3,2,21,3,0,1,1,1,1785493034
2026-07-31T10:20:21Z,631,2,1,21,0,0,1,1,1,1785488201
2026-07-31T10:20:21Z,632,20,0,1,2,0,1,1,1,1785492884
2026-07-31T10:20:21Z,633,11,1,0,4,0,1,1,1,1785493037
2026-07-31T10:20:21Z,634,11,2,8,0,0,1,1,1,1785486991
2026-07-31T10:20:21Z,635,17,1,2,0,0,1,1,1,1785488201
2026-07-31T10:20:21Z,636,10,2,5,0,0,1,1,1,1785488201
2026-07-31T10:20:21Z,637,7,0,12,0,0,1,1,1,1785490209
2026-07-31T10:20:21Z,638,9,2,8,2,0,1,1,1,1785491617
2026-07-31T10:20:21Z,639,5,1,11,3,0,1,1,1,1785479066
2026-07-31T10:20:21Z,640,2,2,20,1,0,1,1,1,1785493033
2026-07-31T10:20:21Z,641,19,1,5,2,0,1,1,1,1785492142
2026-07-31T10:20:21Z,642,4,2,7,8,0,1,1,1,1785493213
2026-07-31T10:20:21Z,643,2,0,17,8,0,1,1,1,1785493211
2026-07-31T10:20:21Z,644,12,0,2,1,0,1,1,1,1785486991
2026-07-31T10:20:21Z,645,11,0,10,1,1,1,1,1,1785488495
2026-07-31T10:20:21Z,646,7,2,12,0,0,1,1,1,1785492913
2026-07-31T10:20:21Z,647,29,1,2,0,0,1,1,1,1785492741
2026-07-31T10:20:21Z,648,6,0,12,1,0,1,1,1,1785490674
2026-07-31T10:20:21Z,649,19,3,11,1,0,1,1,1,1785491820
2026-07-31T10:20:21Z,650,5,1,9,0,0,1,1,1,1785488201
2026-07-31T10:20:21Z,651,10,9,13,0,0,1,1,1,1785491370
2026-07-31T10:20:21Z,652,4,2,17,2,0,1,1,1,1785493022
2026-07-31T10:20:21Z,653,7,1,10,2,0,1,1,1,1785491694
2026-07-31T10:20:21Z,654,2,2,13,0,0,1,1,1,1785488202
2026-07-31T10:20:21Z,655,7,3,1,4,1,1,1,1,1785492945
2026-07-31T10:20:21Z,656,19,7,0,0,0,1,1,1,1785489841
2026-07-31T10:20:21Z,657,9,1,3,2,3,1,1,1,1785492976
2026-07-31T10:20:21Z,658,9,1,1,0,0,1,1,1,1785473427
2026-07-31T10:20:21Z,659,8,3,5,2,0,1,1,1,1785488201
2026-07-31T10:20:21Z,660,13,0,14,4,0,1,1,1,1785492941
2026-07-31T10:20:21Z,661,2,1,17,0,0,1,1,1,1785492505
2026-07-31T10:20:21Z,662,7,5,14,2,0,1,1,1,1785480458
2026-07-31T10:20:21Z,663,13,6,1,1,0,1,1,1,1785491091
2026-07-31T10:20:21Z,664,0,0,27,0,0,1,1,1,1785488202
2026-07-31T10:20:21Z,665,12,3,3,0,0,1,1,1,1785488202
2026-07-31T10:20:21Z,666,7,2,6,2,0,1,1,1,1785488201
2026-07-31T10:20:21Z,667,0,0,19,0,0,1,1,1,1785486991
2026-07-31T10:20:21Z,668,10,1,8,1,0,1,1,1,1785488201
2026-07-31T10:20:21Z,669,14,5,0,0,0,1,1,1,1785488201
2026-07-31T10:20:21Z,670,11,2,16,0,0,1,1,1,1785486992
2026-07-31T10:20:21Z,671,24,5,2,1,0,1,1,1,1785493090
2026-07-31T10:20:21Z,672,12,2,7,3,1,1,1,1,1785491597
2026-07-31T10:20:21Z,673,11,0,10,2,0,1,1,1,1785492987
2026-07-31T10:20:21Z,674,3,2,17,3,0,1,1,1,1785493208
2026-07-31T10:20:21Z,675,12,6,1,2,0,1,1,1,1785493146
2026-07-31T10:20:21Z,676,7,1,14,1,0,1,1,1,1785490771
2026-07-31T10:20:21Z,681,12,3,0,3,0,1,1,1,1785493203
2026-07-31T10:20:21Z,682,4,1,14,1,0,1,1,1,1785486991
2026-07-31T10:20:21Z,683,4,1,15,0,0,1,1,1,1785491977
2026-07-31T10:20:21Z,684,3,0,24,0,0,1,1,1,1785487883
2026-07-31T10:20:21Z,685,10,0,15,1,1,1,1,1,1785488201
2026-07-31T10:20:21Z,686,11,0,14,2,0,1,1,1,1785493011
2026-07-31T10:20:21Z,687,11,0,18,1,1,1,1,1,1785493022
2026-07-31T10:20:21Z,688,10,0,2,7,0,1,1,1,1785493096
2026-07-31T10:20:21Z,692,7,3,14,0,0,1,1,1,1785493049
2026-07-31T10:20:21Z,693,6,0,2,3,0,1,1,1,1785492611
2026-07-31T10:20:21Z,694,8,5,13,0,0,1,1,1,1785492368
2026-07-31T10:20:21Z,695,17,11,6,0,0,1,1,1,1785492512
2026-07-31T10:20:21Z,696,18,13,3,2,0,1,1,1,1785492434
2026-07-31T10:20:21Z,697,22,2,1,0,0,1,1,1,1785492025
2026-07-31T10:20:21Z,698,27,1,0,0,0,1,1,1,1785492365
2026-07-31T10:20:21Z,699,7,0,7,1,0,1,1,1,1785492916
2026-07-31T10:20:21Z,700,19,4,0,0,0,1,1,1,1785493050
2026-07-31T10:20:21Z,701,17,6,2,0,0,1,1,1,1785492482
2026-07-31T10:20:21Z,702,19,0,4,0,0,1,1,1,1785493058
2026-07-31T10:20:21Z,704,8,2,7,0,0,1,1,1,1785492747
2026-07-31T10:20:21Z,705,4,2,9,2,0,1,1,1,1785493156
2026-07-31T10:20:21Z,706,12,2,0,3,0,1,1,1,1785492442
2026-07-31T10:20:21Z,707,10,2,5,0,0,1,1,1,1785493076
2026-07-31T10:20:21Z,708,18,3,0,1,0,1,1,1,1785493144
2026-07-31T10:20:21Z,709,11,1,1,3,0,1,1,1,1785493107
2026-07-31T10:20:21Z,710,17,3,1,1,0,1,1,1,1785492522
2026-07-31T10:20:21Z,711,18,3,1,4,0,1,1,1,1785492889
2026-07-31T10:20:21Z,712,15,10,0,0,0,1,1,1,1785492460
2026-07-31T10:20:21Z,713,5,0,18,0,0,1,1,1,1785491744
2026-07-31T10:20:21Z,716,3,1,12,0,0,1,1,1,1785492801
2026-07-31T10:20:21Z,717,3,1,19,3,0,1,1,1,1785492883
2026-07-31T10:20:21Z,718,3,1,11,1,0,1,1,1,1785492624
2026-07-31T10:20:21Z,719,8,2,21,0,0,1,1,1,1785492181
2026-07-31T10:20:21Z,720,2,1,17,0,0,1,1,1,1785493092
2026-07-31T10:20:21Z,721,0,0,21,2,0,1,1,1,1785492081
2026-07-31T10:20:21Z,722,5,0,10,0,0,1,1,1,1785492847
2026-07-31T10:20:21Z,723,12,1,11,0,0,1,1,1,1785492894
2026-07-31T10:20:21Z,724,21,4,2,0,0,1,1,1,1785492227
2026-07-31T10:20:21Z,725,22,6,0,1,0,1,1,1,1785492657
2026-07-31T10:20:21Z,726,19,3,0,0,0,1,1,1,1785491997
2026-07-31T10:20:21Z,727,9,4,12,2,0,1,1,1,1785492028
2026-07-31T10:20:21Z,728,9,0,5,1,0,1,1,1,1785491580
2026-07-31T10:20:21Z,729,5,0,14,0,0,1,1,1,1785492458
2026-07-31T10:20:21Z,730,3,2,10,2,0,1,1,1,1785492176
2026-07-31T10:20:21Z,731,9,3,5,1,0,1,1,1,1785493103
2026-07-31T10:20:21Z,732,9,5,6,0,0,1,1,1,1785492327
2026-07-31T10:20:21Z,733,4,0,23,0,0,1,1,1,1785493123
2026-07-31T10:20:21Z,734,4,2,10,0,0,1,1,1,1785492539
2026-07-31T10:20:21Z,735,4,3,23,0,0,1,1,1,1785492984
2026-07-31T10:20:21Z,736,6,0,13,0,0,1,1,1,1785492329
2026-07-31T10:20:21Z,737,4,3,10,0,1,1,1,1,1785491709
2026-07-31T10:20:21Z,738,16,5,1,2,0,1,1,1,1785491678
2026-07-31T10:20:21Z,739,19,2,7,1,0,1,1,1,1785493152
2026-07-31T10:20:21Z,741,7,1,16,0,0,1,1,1,1785491610
2026-07-31T10:20:21Z,742,5,0,27,3,0,1,1,1,1785491736
2026-07-31T10:20:21Z,743,9,3,8,2,0,1,1,1,1785492848
2026-07-31T10:20:21Z,744,11,4,3,1,0,1,1,1,1785491985
2026-07-31T10:20:21Z,745,14,4,4,1,0,1,1,1,1785491995
2026-07-31T10:20:21Z,746,11,2,10,2,0,1,1,1,1785492790
2026-07-31T10:20:21Z,747,0,0,4,0,0,0,1,1,1783446606
2026-07-31T10:20:21Z,748,10,1,13,0,0,1,1,1,1785492788
2026-07-31T10:20:21Z,749,5,5,17,1,0,1,1,1,1785492705
2026-07-31T10:20:21Z,750,1,1,10,0,0,1,1,1,1785493041
2026-07-31T10:20:21Z,751,9,1,14,0,0,1,1,1,1785492728
2026-07-31T10:20:21Z,752,13,1,3,1,0,1,1,1,1785490194
2026-07-31T10:20:21Z,753,5,0,10,0,0,1,1,1,1785492121
2026-07-31T10:20:21Z,754,1,1,12,2,0,1,1,1,1785493035
2026-07-31T10:20:21Z,755,11,2,11,1,0,1,1,1,1785492664
2026-07-31T10:20:21Z,756,2,0,35,0,0,1,1,1,1785491570
2026-07-31T10:20:21Z,757,15,8,4,0,0,1,1,1,1785492789
2026-07-31T10:20:21Z,758,23,3,0,0,0,1,1,1,1785492384
2026-07-31T10:20:21Z,759,3,2,12,0,0,1,1,1,1785493046
2026-07-31T10:20:21Z,760,8,3,11,0,0,1,1,1,1785488200
2026-07-31T10:20:21Z,761,16,0,6,1,0,1,1,1,1785492890
2026-07-31T10:20:21Z,762,6,3,4,5,0,1,1,1,1785493050
2026-07-31T10:20:21Z,768,8,0,8,3,0,1,1,1,1785492215
2026-07-31T10:20:21Z,769,17,12,2,0,0,1,1,1,1785491842
2026-07-31T10:20:21Z,770,11,3,6,2,0,1,1,1,1785491777
2026-07-31T10:20:21Z,771,13,3,1,1,0,1,1,1,1785493031
2026-07-31T10:20:21Z,772,7,3,8,0,0,1,1,1,1785491834
2026-07-31T10:20:21Z,773,15,4,4,0,0,1,1,1,1785491671
2026-07-31T10:20:21Z,774,10,5,2,3,0,1,1,1,1785493206
2026-07-31T10:20:21Z,775,6,0,11,1,1,1,1,1,1785488308
2026-07-31T10:20:21Z,776,3,1,17,1,0,1,1,1,1785492001
2026-07-31T10:20:21Z,777,10,0,2,3,0,1,1,1,1785491738
2026-07-31T10:20:21Z,778,13,0,3,3,0,1,1,1,1785491725
2026-07-31T10:20:21Z,779,8,1,10,1,0,1,1,1,1785492776
2026-07-31T10:20:21Z,780,18,4,0,1,0,1,1,1,1785492197
2026-07-31T10:20:21Z,781,6,2,3,2,0,1,1,1,1785492519
2026-07-31T10:20:21Z,782,5,3,10,4,0,1,1,1,1785491497
2026-07-31T10:20:21Z,783,6,0,13,0,0,1,1,1,1785492583
2026-07-31T10:20:21Z,784,19,2,0,0,0,1,1,1,1785492506
2026-07-31T10:20:21Z,785,11,2,2,6,0,1,1,1,1785492755
2026-07-31T10:20:21Z,786,11,5,8,0,0,1,1,1,1785492405
2026-07-31T10:20:21Z,787,11,5,2,2,0,1,1,1,1785492040
2026-07-31T10:20:21Z,788,3,0,12,0,0,1,1,1,1785493073
2026-07-31T10:20:21Z,789,8,1,3,4,0,1,1,1,1785493189
2026-07-31T10:20:21Z,790,3,0,20,0,0,1,1,1,1785492712
2026-07-31T10:20:21Z,791,7,2,11,0,1,1,1,1,1785491428
2026-07-31T10:20:21Z,793,4,0,10,1,0,1,1,1,1785491631
2026-07-31T10:20:21Z,794,10,4,17,2,0,1,1,1,1785492924
2026-07-31T10:20:21Z,796,0,0,17,2,0,1,1,1,1785491429
2026-07-31T10:20:21Z,797,1,0,14,0,0,1,1,1,1785487593
2026-07-31T10:20:21Z,798,7,1,17,1,0,1,1,1,1785493084
2026-07-31T10:20:21Z,799,15,1,1,3,0,1,1,1,1785493212
2026-07-31T10:20:21Z,800,2,0,18,1,0,1,1,1,1785493154
2026-07-31T10:20:21Z,801,4,2,16,1,0,1,1,1,1785491454
2026-07-31T10:20:21Z,802,8,0,23,0,0,1,1,1,1785491559
2026-07-31T10:20:21Z,803,1,1,14,0,0,1,1,1,1785493041
2026-07-31T10:20:21Z,806,8,3,7,0,0,1,1,1,1785488200
2026-07-31T10:20:21Z,807,14,0,8,3,0,1,1,1,1785491836
2026-07-31T10:20:21Z,808,0,0,23,2,0,1,1,1,1785488225
2026-07-31T10:20:21Z,809,4,0,18,1,0,1,1,1,1785493211
2026-07-31T10:20:21Z,810,2,0,13,4,0,1,1,1,1785491861
2026-07-31T10:20:21Z,815,4,1,6,4,1,1,1,1,1785491537
2026-07-31T10:20:21Z,817,10,5,5,0,0,1,1,1,1785492556
2026-07-31T10:20:21Z,818,6,0,16,1,0,1,1,1,1785491976
2026-07-31T10:20:21Z,819,6,4,9,0,0,1,1,1,1785487291
2026-07-31T10:20:21Z,820,8,2,9,0,0,1,1,1,1785492474
2026-07-31T10:20:21Z,821,2,1,13,0,0,1,1,1,1785491589
2026-07-31T10:20:21Z,822,1,0,20,2,0,1,1,1,1785491914
2026-07-31T10:20:21Z,823,0,0,14,1,0,1,1,1,1785492874
2026-07-31T10:20:21Z,824,13,4,5,1,0,1,1,1,1785492339
2026-07-31T10:20:21Z,825,8,5,7,0,0,1,1,1,1785488201
2026-07-31T10:20:21Z,826,10,2,8,1,0,1,1,1,1785492353
2026-07-31T10:20:21Z,827,16,5,4,1,0,1,1,1,1785491860
2026-07-31T10:20:21Z,828,10,0,7,1,0,1,1,1,1785493198
2026-07-31T10:20:21Z,829,16,7,11,0,0,1,1,1,1785492598
2026-07-31T10:20:21Z,830,14,3,8,1,0,1,1,1,1785492552
2026-07-31T10:20:21Z,831,7,2,7,1,0,1,1,1,1785492841
2026-07-31T10:20:21Z,832,10,3,5,3,0,1,1,1,1785492931
2026-07-31T10:20:21Z,833,1,0,17,1,0,1,1,1,1785492687
2026-07-31T10:20:21Z,834,1,0,22,1,0,1,1,1,1785492187
2026-07-31T10:20:21Z,835,16,6,0,2,0,1,1,1,1785492418
2026-07-31T10:20:21Z,837,5,1,0,10,0,1,1,1,1785492913
2026-07-31T10:20:21Z,838,13,3,2,0,0,1,1,1,1785491766
2026-07-31T10:20:21Z,839,18,1,11,0,0,1,1,1,1785493157
2026-07-31T10:20:21Z,840,8,3,19,2,0,1,1,1,1785492522
2026-07-31T10:20:21Z,841,7,1,8,0,0,1,1,1,1785492837
2026-07-31T10:20:21Z,842,7,2,16,0,0,1,1,1,1785492640
2026-07-31T10:20:21Z,843,8,0,22,1,0,1,1,1,1785492887
2026-07-31T10:20:21Z,844,6,0,17,0,0,1,1,1,1785492840
2026-07-31T10:20:21Z,845,5,3,12,2,0,1,1,1,1785493020
2026-07-31T10:20:21Z,846,3,0,14,2,0,1,1,1,1785492274
2026-07-31T10:20:21Z,847,7,1,20,0,0,1,1,1,1785491946
2026-07-31T10:20:21Z,848,10,3,8,1,0,1,1,1,1785488215
2026-07-31T10:20:21Z,849,7,2,8,0,0,1,1,1,1785492000
2026-07-31T10:20:21Z,850,9,0,1,1,0,1,1,1,1785492252
2026-07-31T10:20:21Z,851,3,3,32,2,0,1,1,1,1785492103
2026-07-31T10:20:21Z,852,12,6,7,0,0,1,1,1,1785492733
2026-07-31T10:20:21Z,853,10,5,13,0,0,1,1,1,1785491795
2026-07-31T10:20:21Z,854,3,2,12,0,0,1,1,1,1785491861
2026-07-31T10:20:21Z,855,25,0,2,0,0,1,1,1,1785488200
2026-07-31T10:20:21Z,857,1,1,18,0,0,1,1,1,1785492930
2026-07-31T10:20:21Z,858,4,1,14,1,0,1,1,1,1785491576
2026-07-31T10:20:21Z,859,3,0,17,1,0,1,1,1,1785491799
2026-07-31T10:20:21Z,861,8,1,2,1,0,1,1,1,1785488201
2026-07-31T10:20:21Z,862,1,1,14,0,0,1,1,1,1785493211
2026-07-31T10:20:21Z,863,13,0,5,1,0,1,1,1,1785488200
2026-07-31T10:20:21Z,866,11,3,8,0,0,1,1,1,1785493171
2026-07-31T10:20:21Z,867,12,0,3,0,0,1,1,1,1785492480
2026-07-31T10:20:21Z,868,13,2,2,0,0,1,1,1,1785492690
2026-07-31T10:20:21Z,870,7,4,6,2,0,1,1,1,1785492910
2026-07-31T10:20:21Z,871,0,0,10,1,0,1,1,1,1785492285
2026-07-31T10:20:21Z,872,0,0,14,1,0,1,1,1,1785492827
2026-07-31T10:20:21Z,873,0,0,32,1,0,1,1,1,1785492819
2026-07-31T10:20:21Z,874,4,2,8,3,0,1,1,1,1785493009
2026-07-31T10:20:21Z,875,14,10,0,1,0,1,1,1,1785492977
2026-07-31T10:20:21Z,877,11,10,6,2,0,1,1,1,1785492438
2026-07-31T10:20:21Z,878,3,2,15,1,0,1,1,1,1785493018
2026-07-31T10:20:21Z,879,1,0,18,0,0,1,1,1,1785492059
2026-07-31T10:20:21Z,880,3,0,19,1,0,1,1,1,1785492979
2026-07-31T10:20:21Z,881,2,0,17,0,0,1,1,1,1785492871
2026-07-31T10:20:21Z,882,10,0,6,3,0,1,1,1,1785488200
2026-07-31T10:20:21Z,883,10,6,9,0,0,1,1,1,1785493136
2026-07-31T10:20:21Z,884,11,7,10,0,0,1,1,1,1785492429
2026-07-31T10:20:21Z,885,1,0,18,0,0,1,1,1,1785492716
2026-07-31T10:20:21Z,886,15,1,12,2,0,1,1,1,1785493055
2026-07-31T10:20:21Z,887,3,1,11,3,0,1,1,1,1785491616
2026-07-31T10:20:21Z,888,12,0,27,2,0,1,1,1,1785493117
2026-07-31T10:20:21Z,889,17,1,0,2,0,1,1,1,1785493023
2026-07-31T10:20:21Z,890,6,4,9,0,0,1,1,1,1785489632
2026-07-31T10:20:21Z,891,20,0,2,1,0,1,1,1,1785492531
2026-07-31T10:20:21Z,892,13,1,2,0,0,1,1,1,1785488200
2026-07-31T10:20:21Z,895,0,0,18,1,0,1,1,1,1785489208
2026-07-31T10:20:21Z,896,7,0,28,0,0,1,1,1,1785490930
2026-07-31T10:20:21Z,897,11,1,10,0,0,1,1,1,1785492911
2026-07-31T10:20:21Z,898,2,0,17,0,0,1,1,1,1785492635
2026-07-31T10:20:21Z,899,0,0,18,1,0,1,1,1,1785491868
2026-07-31T10:20:21Z,900,19,1,6,2,0,1,1,1,1785492048
2026-07-31T10:20:21Z,901,11,0,7,1,0,1,1,1,1785492265
2026-07-31T10:20:21Z,902,9,0,5,1,0,1,1,1,1785492572
2026-07-31T10:20:21Z,903,14,2,4,1,0,1,1,1,1785492019
2026-07-31T10:20:21Z,904,10,4,8,1,0,1,1,1,1785493025
2026-07-31T10:20:21Z,905,5,0,22,0,0,1,1,1,1785493128
2026-07-31T10:20:21Z,906,8,5,19,0,0,1,1,1,1785492065
2026-07-31T10:20:21Z,907,7,1,24,0,0,1,1,1,1785491417
2026-07-31T10:20:21Z,908,11,0,12,0,0,1,1,1,1785493013
2026-07-31T10:20:21Z,909,14,4,8,1,0,1,1,1,1785492865
2026-07-31T10:20:21Z,910,22,1,9,0,0,1,1,1,1785492939
2026-07-31T10:20:21Z,911,4,1,15,0,0,1,1,1,1785492568
2026-07-31T10:20:21Z,912,9,5,12,2,0,1,1,1,1785491685
2026-07-31T10:20:21Z,913,3,1,16,0,0,1,1,1,1785491735
2026-07-31T10:20:21Z,914,8,2,11,0,0,1,1,1,1785491554
2026-07-31T10:20:21Z,915,10,1,12,1,0,1,1,1,1785493127
2026-07-31T10:20:21Z,916,22,7,0,1,0,1,1,1,1785493174
2026-07-31T10:20:21Z,917,5,1,28,2,0,1,1,1,1785492023
2026-07-31T10:20:21Z,918,12,4,5,2,0,1,1,1,1785492938
2026-07-31T10:20:21Z,919,14,1,23,2,0,1,1,1,1785493113
2026-07-31T10:20:21Z,920,4,2,15,0,0,1,1,1,1785491549
2026-07-31T10:20:21Z,921,12,0,9,0,0,1,1,1,1785492704
2026-07-31T10:20:21Z,922,3,1,17,1,0,1,1,1,1785492685
2026-07-31T10:20:21Z,923,19,2,0,0,0,1,1,1,1785492378
2026-07-31T10:20:21Z,924,8,2,13,0,0,1,1,1,1785491900
2026-07-31T10:20:21Z,925,13,0,8,0,0,1,1,1,1785493182
2026-07-31T10:20:21Z,926,0,0,21,0,0,1,1,1,1785491504
2026-07-31T10:20:21Z,927,1,0,34,0,0,1,1,1,1785491912
2026-07-31T10:20:21Z,928,5,3,14,0,0,1,1,1,1785464301
2026-07-31T10:20:21Z,929,0,0,23,0,0,1,1,1,1785492336
2026-07-31T10:20:21Z,930,0,0,30,1,0,1,1,1,1785492937
2026-07-31T10:20:21Z,931,8,3,15,0,0,1,1,1,1785491437
2026-07-31T10:20:21Z,932,5,0,11,3,0,1,1,1,1785493089
2026-07-31T10:20:21Z,933,0,0,23,0,0,1,1,1,1785491486
2026-07-31T10:20:21Z,934,3,0,27,1,0,1,1,1,1785492651
2026-07-31T10:20:21Z,935,11,3,7,1,0,1,1,1,1785492065
2026-07-31T10:20:21Z,936,4,1,15,0,0,1,1,1,1785456801
2026-07-31T10:20:21Z,940,9,0,2,0,0,1,1,1,1785491001
2026-07-31T10:20:21Z,941,10,1,13,2,0,1,1,1,1785491625
2026-07-31T10:20:21Z,942,6,1,14,1,0,1,1,1,1785493025
2026-07-31T10:20:21Z,943,9,8,6,0,0,1,1,1,1785492938
2026-07-31T10:20:21Z,944,9,8,6,0,0,1,1,1,1785492755
2026-07-31T10:20:21Z,945,10,8,5,0,0,1,1,1,1785492269
2026-07-31T10:20:21Z,946,7,5,12,0,0,1,1,1,1785487593
2026-07-31T10:20:21Z,947,7,5,10,0,0,1,1,1,1785492769
2026-07-31T10:20:21Z,948,24,8,2,5,0,1,1,1,1785491718
2026-07-31T10:20:21Z,949,1,0,14,0,0,1,1,1,1785492871
2026-07-31T10:20:21Z,950,14,4,2,1,0,1,1,1,1785492782
2026-07-31T10:20:21Z,951,17,3,5,1,0,1,1,1,1785493169
2026-07-31T10:20:21Z,952,10,0,45,0,0,1,1,1,1785492955
2026-07-31T10:20:21Z,953,13,2,1,1,0,1,1,1,1785492039
2026-07-31T10:20:21Z,954,17,4,2,0,0,1,1,1,1785492883
2026-07-31T10:20:21Z,955,4,3,17,6,0,1,1,1,1785491858
2026-07-31T10:20:21Z,956,21,0,1,1,0,1,1,1,1785492988
2026-07-31T10:20:21Z,957,15,0,14,0,0,1,1,1,1785492172
2026-07-31T10:20:21Z,958,18,1,13,0,0,1,1,1,1785492971
2026-07-31T10:20:21Z,959,20,8,0,3,0,1,1,1,1785492663
2026-07-31T10:20:21Z,960,21,1,1,1,0,1,1,1,1785493146
2026-07-31T10:20:21Z,961,3,2,17,3,0,1,1,1,1785491676
2026-07-31T10:20:21Z,962,9,3,23,3,0,1,1,1,1785492002
2026-07-31T10:20:21Z,963,9,0,13,1,0,1,1,1,1785493116
2026-07-31T10:20:21Z,964,18,8,4,1,0,1,1,1,1785493045
2026-07-31T10:20:21Z,965,5,1,21,1,0,1,1,1,1785492984
2026-07-31T10:20:21Z,966,28,0,3,0,0,1,1,1,1785491684
2026-07-31T10:20:21Z,967,19,0,1,1,0,1,1,1,1785492603
2026-07-31T10:20:21Z,968,15,0,3,1,0,1,1,1,1785492762
2026-07-31T10:20:21Z,969,9,5,16,2,0,1,1,1,1785492855
2026-07-31T10:20:21Z,970,12,1,5,2,0,1,1,1,1785493096
2026-07-31T10:20:21Z,971,11,0,11,1,0,1,1,1,1785493071
2026-07-31T10:20:21Z,972,9,1,13,1,0,1,1,1,1785492738
2026-07-31T10:20:21Z,973,8,4,14,1,0,1,1,1,1785493126
2026-07-31T10:20:21Z,974,12,0,15,0,0,1,1,1,1785491636
2026-07-31T10:20:21Z,977,7,7,11,3,0,1,1,1,1785493004
2026-07-31T10:20:21Z,978,11,0,12,0,0,1,1,1,1785492054
2026-07-31T10:20:21Z,979,13,1,4,0,0,1,1,1,1785492190
2026-07-31T10:20:21Z,980,1,0,18,2,0,1,1,1,1785492337
2026-07-31T10:20:21Z,981,19,1,1,1,0,1,1,1,1785492502
2026-07-31T10:20:21Z,982,3,1,14,2,0,1,1,1,1785492802
2026-07-31T10:20:21Z,983,2,1,20,1,0,1,1,1,1785493208
2026-07-31T10:20:21Z,984,6,0,17,0,0,1,1,1,1785492408
2026-07-31T10:20:21Z,985,11,0,20,0,0,1,1,1,1785492087
2026-07-31T10:20:21Z,986,4,0,15,0,0,1,1,1,1785492800
2026-07-31T10:20:21Z,987,6,0,16,1,0,1,1,1,1785491526
2026-07-31T10:20:21Z,988,5,1,13,1,0,1,1,1,1785492954
2026-07-31T10:20:21Z,989,9,4,10,0,0,1,1,1,1785491943
2026-07-31T10:20:21Z,990,13,1,0,2,0,1,1,1,1785493000
2026-07-31T10:20:21Z,991,10,2,8,1,0,1,1,1,1785492669
2026-07-31T10:20:21Z,992,10,7,12,1,0,1,1,1,1785491725
2026-07-31T10:20:21Z,993,0,0,27,0,0,1,1,1,1785476008
2026-07-31T10:20:21Z,994,3,1,18,0,0,1,1,1,1785491941
2026-07-31T10:20:21Z,995,7,1,20,0,0,1,1,1,1785492979
2026-07-31T10:20:21Z,996,8,1,15,0,0,1,1,1,1785492779
2026-07-31T10:20:21Z,997,11,5,10,2,0,1,1,1,1785493181
2026-07-31T10:20:21Z,998,2,2,20,1,0,1,1,1,1785493093
2026-07-31T10:20:21Z,999,3,1,15,2,1,1,1,1,1785492869
2026-07-31T10:20:21Z,1000,5,2,16,0,0,1,1,1,1785492305
2026-07-31T10:20:21Z,1001,2,1,25,0,0,1,1,1,1785493119
2026-07-31T10:20:21Z,1002,0,0,27,4,0,1,1,1,1785493124
2026-07-31T10:20:21Z,1003,0,0,22,1,0,1,1,1,1785492741
2026-07-31T10:20:21Z,1004,8,1,15,0,0,1,1,1,1785492182
2026-07-31T10:20:21Z,1005,20,1,3,0,0,1,1,1,1785492930
2026-07-31T10:20:21Z,1006,7,4,11,1,0,1,1,1,1785492763
2026-07-31T10:20:21Z,1007,2,1,19,0,0,1,1,1,1785492396
2026-07-31T10:20:21Z,1008,6,5,15,2,0,1,1,1,1785491901
2026-07-31T10:20:21Z,1009,19,2,8,4,0,1,1,1,1785491769
2026-07-31T10:20:21Z,1010,7,2,20,0,0,1,1,1,1785492604
2026-07-31T10:20:21Z,1011,8,2,9,2,0,1,1,1,1785493137
2026-07-31T10:20:21Z,1012,4,3,18,1,0,1,1,1,1785492696
2026-07-31T10:20:21Z,1013,4,1,18,1,0,1,1,1,1785493109
2026-07-31T10:20:21Z,1014,7,2,13,3,0,1,1,1,1785493215
2026-07-31T10:20:21Z,1015,3,1,25,3,0,1,1,1,1785491677
2026-07-31T10:20:21Z,1016,10,5,21,0,0,1,1,1,1785492565
2026-07-31T10:20:21Z,1017,14,5,7,0,0,1,1,1,1785492102
2026-07-31T10:20:21Z,1018,7,2,15,0,0,1,1,1,1785492783
2026-07-31T10:20:21Z,1019,9,6,6,0,0,1,1,1,1785492708
2026-07-31T10:20:21Z,1020,18,3,3,0,0,1,1,1,1785491971
2026-07-31T10:20:21Z,1021,9,3,5,1,0,1,1,1,1785491695
2026-07-31T10:20:21Z,1022,14,0,13,0,0,1,1,1,1785492878
2026-07-31T10:20:21Z,1023,13,1,9,1,0,1,1,1,1785492519
2026-07-31T10:20:21Z,1024,5,2,13,1,0,1,1,1,1785491698
2026-07-31T10:20:21Z,1025,4,0,14,0,1,1,1,1,1785492846
2026-07-31T10:20:21Z,1026,7,4,18,6,0,1,1,1,1785492265
2026-07-31T10:20:21Z,1028,2,0,20,1,0,1,1,1,1785492875
2026-07-31T10:20:21Z,1029,9,9,5,1,0,1,1,1,1785491992
2026-07-31T10:20:21Z,1030,14,5,9,0,0,1,1,1,1785491740
2026-07-31T10:20:21Z,1031,8,0,11,0,0,1,1,1,1785492104
2026-07-31T10:20:21Z,1032,7,1,12,0,0,1,1,1,1785492769
2026-07-31T10:20:21Z,1033,9,5,9,1,0,1,1,1,1785491766
2026-07-31T10:20:21Z,1034,2,0,13,0,0,1,1,1,1785492781
2026-07-31T10:20:21Z,1035,1,0,16,2,0,1,1,1,1785492815
2026-07-31T10:20:21Z,1036,14,0,1,0,0,1,1,1,1785491583
2026-07-31T10:20:21Z,1037,4,0,14,1,0,1,1,1,1785493083
2026-07-31T10:20:21Z,1038,2,0,12,1,0,1,1,1,1785492479
2026-07-31T10:20:21Z,1039,7,2,12,0,0,1,1,1,1785492923
2026-07-31T10:20:21Z,1040,7,3,10,2,0,1,1,1,1785492808
2026-07-31T10:20:21Z,1041,11,3,8,0,0,1,1,1,1785492687
2026-07-31T10:20:21Z,1042,12,1,1,2,0,1,1,1,1785492785
2026-07-31T10:20:21Z,1043,9,0,7,3,0,1,1,1,1785492842
2026-07-31T10:20:21Z,1044,2,1,12,1,0,1,1,1,1785492535
2026-07-31T10:20:21Z,1045,11,1,8,0,0,1,1,1,1785492755
2026-07-31T10:20:21Z,1046,9,0,6,0,0,1,1,1,1785492158
2026-07-31T10:20:21Z,1047,4,0,17,0,0,1,1,1,1785491707
2026-07-31T10:20:21Z,1048,10,1,9,0,0,1,1,1,1785492733
2026-07-31T10:20:21Z,1049,5,0,16,0,0,1,1,1,1785492798
2026-07-31T10:20:21Z,1050,17,4,4,0,0,1,1,1,1785492079
2026-07-31T10:20:21Z,1051,8,3,13,0,0,1,1,1,1785491971
2026-07-31T10:20:21Z,1052,17,2,5,0,0,1,1,1,1785492597
2026-07-31T10:20:21Z,1053,2,1,13,0,0,1,1,1,1785492660
2026-07-31T10:20:21Z,1054,14,1,1,0,0,1,1,1,1785492920
2026-07-31T10:20:21Z,1055,8,2,11,0,0,1,1,1,1785492900
2026-07-31T10:20:21Z,1057,18,0,0,1,0,1,1,1,1785492588
2026-07-31T10:20:21Z,1058,1,0,55,0,0,1,1,1,1785492861
2026-07-31T10:20:21Z,1059,0,0,18,1,0,1,1,1,1785492790
2026-07-31T10:20:21Z,1060,31,0,6,0,0,1,1,1,1785492532
2026-07-31T10:20:21Z,1061,10,1,26,1,0,1,1,1,1785492901
2026-07-31T10:20:21Z,1062,2,0,15,0,0,1,1,1,1785491460
2026-07-31T10:20:21Z,1063,12,1,6,1,0,1,1,1,1785492811
2026-07-31T10:20:21Z,1064,3,0,19,1,0,1,1,1,1785493145
2026-07-31T10:20:21Z,1065,16,3,7,0,0,1,1,1,1785491568
2026-07-31T10:20:21Z,1066,10,2,13,0,0,1,1,1,1785493210
2026-07-31T10:20:21Z,1067,8,2,13,2,0,1,1,1,1785491660
2026-07-31T10:20:21Z,1068,8,2,13,2,0,1,1,1,1785492969
2026-07-31T10:20:21Z,1069,12,3,11,0,0,1,1,1,1785493019
2026-07-31T10:20:21Z,1070,12,2,11,0,0,1,1,1,1785493115
2026-07-31T10:20:21Z,1071,7,4,16,0,0,1,1,1,1785493154
2026-07-31T10:20:21Z,1072,11,1,11,1,0,1,1,1,1785491723
2026-07-31T10:20:21Z,1073,25,6,1,1,0,1,1,1,1785492455
2026-07-31T10:20:21Z,1074,0,0,52,1,0,1,1,1,1785492973
2026-07-31T10:20:21Z,1075,10,10,11,0,0,1,1,1,1785492523
2026-07-31T10:20:21Z,1076,14,11,7,0,0,1,1,1,1785491960
2026-07-31T10:20:21Z,1077,8,5,13,0,0,1,1,1,1785492740
2026-07-31T10:20:21Z,1078,11,10,10,0,0,1,1,1,1785492003
2026-07-31T10:20:21Z,1079,11,8,10,0,0,1,1,1,1785492631
2026-07-31T10:20:21Z,1080,10,8,10,1,0,1,1,1,1785491414
2026-07-31T10:20:21Z,1081,13,8,6,0,0,1,1,1,1785491804
2026-07-31T10:20:21Z,1082,7,7,1,0,0,1,1,1,1785493099
2026-07-31T10:20:21Z,1083,13,11,8,0,0,1,1,1,1785492899
2026-07-31T10:20:21Z,1084,9,8,12,0,0,1,1,1,1785492516
2026-07-31T10:20:21Z,1085,10,10,11,0,0,1,1,1,1785492162
2026-07-31T10:20:21Z,1086,0,0,20,1,0,1,1,1,1785492868
2026-07-31T10:20:21Z,1087,12,7,3,0,0,1,1,1,1785492056
2026-07-31T10:20:21Z,1088,10,7,5,0,0,1,1,1,1785492814
2026-07-31T10:20:21Z,1089,5,3,10,0,0,1,1,1,1785493169
2026-07-31T10:20:21Z,1090,10,9,5,0,0,1,1,1,1785493015
2026-07-31T10:20:21Z,1091,12,7,3,0,0,1,1,1,1785491797
2026-07-31T10:20:21Z,1092,9,9,5,1,0,1,1,1,1785493158
2026-07-31T10:20:21Z,1093,7,6,8,0,0,1,1,1,1785491706
2026-07-31T10:20:21Z,1094,10,8,8,1,0,1,1,1,1785492776
2026-07-31T10:20:21Z,1095,9,8,6,0,0,1,1,1,1785491650
2026-07-31T10:20:21Z,1096,3,1,15,1,0,1,1,1,1785493131
2026-07-31T10:20:21Z,1097,9,9,6,0,0,1,1,1,1785491531
2026-07-31T10:20:21Z,1098,9,7,10,0,0,1,1,1,1785491871
2026-07-31T10:20:21Z,1099,7,6,8,0,0,1,1,1,1785492602
2026-07-31T10:20:21Z,1100,6,2,23,0,0,1,1,1,1785487894
2026-07-31T10:20:21Z,1101,9,5,12,0,0,1,1,1,1785492495
2026-07-31T10:20:21Z,1102,9,4,4,0,0,1,1,1,1785491782
2026-07-31T10:20:21Z,1103,10,5,11,0,0,1,1,1,1785487895
2026-07-31T10:20:21Z,1104,10,5,11,0,0,1,1,1,1785492251
2026-07-31T10:20:21Z,1105,8,4,5,0,0,1,1,1,1785492588
2026-07-31T10:20:21Z,1106,10,5,11,0,0,1,1,1,1785492914
2026-07-31T10:20:21Z,1107,9,5,6,0,0,1,1,1,1785492882
2026-07-31T10:20:21Z,1108,6,3,18,3,0,1,1,1,1785491560
2026-07-31T10:20:21Z,1109,6,1,9,0,0,1,1,1,1785492838
2026-07-31T10:20:21Z,1110,12,4,9,0,0,1,1,1,1785492121
2026-07-31T10:20:21Z,1111,3,2,18,0,0,1,1,1,1785475740
2026-07-31T10:20:21Z,1112,39,0,14,0,0,1,1,1,1785492678
2026-07-31T10:20:21Z,1113,1,0,20,0,0,1,1,1,1785492076
2026-07-31T10:20:21Z,1115,17,5,3,3,0,1,1,1,1785491470
2026-07-31T10:20:21Z,1116,5,1,14,0,0,1,1,1,1785492787
2026-07-31T10:20:21Z,1117,13,3,9,1,0,1,1,1,1785493169
2026-07-31T10:20:21Z,1118,16,1,3,2,0,1,1,1,1785492600
2026-07-31T10:20:21Z,1119,13,1,4,0,0,1,1,1,1785491986
2026-07-31T10:20:21Z,1120,13,0,6,0,0,1,1,1,1785492867
2026-07-31T10:20:21Z,1121,14,2,4,3,0,1,1,1,1785488201
2026-07-31T10:20:21Z,1122,15,9,3,3,0,1,1,1,1785492225
2026-07-31T10:20:21Z,1123,6,3,15,2,0,1,1,1,1785492426
2026-07-31T10:20:21Z,1124,8,0,2,5,0,1,1,1,1785492599
2026-07-31T10:20:21Z,1125,15,1,8,0,0,1,1,1,1785493066
2026-07-31T10:20:21Z,1126,4,0,16,1,0,1,1,1,1785492150
2026-07-31T10:20:21Z,1127,6,1,12,1,0,1,1,1,1785493107
2026-07-31T10:20:21Z,1128,14,2,0,1,0,1,1,1,1785492788
2026-07-31T10:20:21Z,1129,3,2,17,1,0,1,1,1,1785492515
2026-07-31T10:20:21Z,1130,6,0,9,0,0,1,1,1,1785492575
2026-07-31T10:20:21Z,1131,0,0,48,1,0,1,1,1,1785491736
2026-07-31T10:20:21Z,1132,13,6,7,1,0,1,1,1,1785492433
2026-07-31T10:20:21Z,1133,15,12,5,1,0,1,1,1,1785492602
2026-07-31T10:20:21Z,1134,11,7,8,0,0,1,1,1,1785491478
2026-07-31T10:20:21Z,1135,10,5,11,0,0,1,1,1,1785492389
2026-07-31T10:20:21Z,1136,6,0,17,0,0,1,1,1,1785492961
2026-07-31T10:20:21Z,1137,13,0,2,0,0,1,1,1,1785492707
2026-07-31T10:20:21Z,1138,15,2,4,0,0,1,1,1,1785492749
2026-07-31T10:20:21Z,1139,18,4,1,2,0,1,1,1,1785491457
2026-07-31T10:20:21Z,1140,22,3,0,1,0,1,1,1,1785492500
2026-07-31T10:20:21Z,1141,2,0,19,0,0,1,1,1,1785492512
2026-07-31T10:20:21Z,1142,2,0,19,0,0,1,1,1,1785491610
2026-07-31T10:20:21Z,1143,19,0,9,1,0,1,1,1,1785493122
2026-07-31T10:20:21Z,1144,7,1,13,1,0,1,1,1,1785493028
2026-07-31T10:20:21Z,1145,13,6,7,1,0,1,1,1,1785493168
2026-07-31T10:20:21Z,1146,11,1,4,4,0,1,1,1,1785492890
2026-07-31T10:20:21Z,1147,3,0,16,0,0,1,1,1,1785492714
2026-07-31T10:20:21Z,1148,24,6,7,0,0,1,1,1,1785491652
2026-07-31T10:20:21Z,1149,3,3,22,0,0,1,1,1,1785492438
2026-07-31T10:20:21Z,1150,18,1,1,0,0,1,1,1,1785492575
2026-07-31T10:20:21Z,1151,12,0,9,0,0,1,1,1,1785491619
2026-07-31T10:20:21Z,1152,18,1,11,0,0,1,1,1,1785493186
2026-07-31T10:20:21Z,1153,21,6,1,1,0,1,1,1,1785492465
2026-07-31T10:20:21Z,1154,13,1,6,0,0,1,1,1,1785492218
2026-07-31T10:20:21Z,1155,15,6,5,1,0,1,1,1,1785492780
2026-07-31T10:20:21Z,1158,3,0,15,1,0,1,1,1,1785492677
2026-07-31T10:20:21Z,1159,13,1,6,0,0,1,1,1,1785493032
2026-07-31T10:20:21Z,1160,9,1,9,1,0,1,1,1,1785491836
2026-07-31T10:20:21Z,1161,3,0,15,1,0,1,1,1,1785493167
2026-07-31T10:20:21Z,1162,2,1,17,0,0,1,1,1,1785491601
2026-07-31T10:20:21Z,1163,1,1,17,1,0,1,1,1,1785492793
2026-07-31T10:20:21Z,1164,6,1,13,0,0,1,1,1,1785492852
2026-07-31T10:20:21Z,1165,5,0,16,0,0,1,1,1,1785491769
2026-07-31T10:20:21Z,1166,12,3,8,1,0,1,1,1,1785493100
2026-07-31T10:20:21Z,1167,4,0,11,0,0,1,1,1,1785492560
2026-07-31T10:20:21Z,1168,2,1,20,1,0,1,1,1,1785493049
2026-07-31T10:20:21Z,1169,3,0,15,1,0,1,1,1,1785492699
2026-07-31T10:20:21Z,1170,6,0,14,1,0,1,1,1,1785493071
2026-07-31T10:20:21Z,1171,7,6,15,1,0,1,1,1,1785492744
2026-07-31T10:20:21Z,1172,7,2,6,2,0,1,1,1,1785492959
2026-07-31T10:20:21Z,1173,13,5,6,0,0,1,1,1,1785492948
2026-07-31T10:20:21Z,1174,6,3,9,0,0,1,1,1,1785492628
2026-07-31T10:20:21Z,1175,8,4,11,0,0,1,1,1,1785491319
2026-07-31T10:20:21Z,1176,19,1,2,0,0,1,1,1,1785492153
2026-07-31T10:20:21Z,1177,2,0,19,0,0,1,1,1,1785492075
2026-07-31T10:20:21Z,1178,2,1,13,0,0,1,1,1,1785492595
2026-07-31T10:20:21Z,1181,11,0,3,1,0,1,1,1,1785492552
2026-07-31T10:20:21Z,1182,1,0,19,0,0,1,1,1,1785493188
2026-07-31T10:20:21Z,1183,1,0,42,2,0,1,1,1,1785492643
2026-07-31T10:20:21Z,1184,12,6,8,1,0,1,1,1,1785492258
2026-07-31T10:20:21Z,1185,10,5,11,0,0,1,1,1,1785492203
2026-07-31T10:20:21Z,1186,9,5,10,0,0,1,1,1,1785493215
2026-07-31T10:20:21Z,1187,12,6,8,1,0,1,1,1,1785491754
2026-07-31T10:20:21Z,1188,10,5,5,0,0,1,1,1,1785492888
2026-07-31T10:20:21Z,1189,10,5,9,0,0,1,1,1,1785492977
2026-07-31T10:20:21Z,1190,10,5,11,0,0,1,1,1,1785492371
2026-07-31T10:20:21Z,1191,10,5,5,0,0,1,1,1,1785492895
2026-07-31T10:20:21Z,1192,10,6,10,1,0,1,1,1,1785492739
2026-07-31T10:20:21Z,1193,6,4,5,2,0,1,1,1,1785491899
2026-07-31T10:20:21Z,1197,9,6,7,1,0,1,1,1,1785491862
2026-07-31T10:20:21Z,1198,14,4,5,2,0,1,1,1,1785491446
2026-07-31T10:20:21Z,1199,2,0,17,0,0,1,1,1,1785491461
2026-07-31T10:20:21Z,1200,11,5,4,0,0,1,1,1,1785492931
2026-07-31T10:20:21Z,1201,11,5,4,0,0,1,1,1,1785492908
2026-07-31T10:20:21Z,1202,12,6,3,0,0,1,1,1,1785493009
2026-07-31T10:20:21Z,1203,9,6,6,0,0,1,1,1,1785492905
2026-07-31T10:20:21Z,1204,7,3,11,1,0,1,1,1,1785492652
2026-07-31T10:20:21Z,1206,11,5,10,0,0,1,1,1,1785491870
2026-07-31T10:20:21Z,1207,8,4,6,1,0,1,1,1,1785491407
2026-07-31T10:20:21Z,1208,7,2,11,1,0,1,1,1,1785493131
2026-07-31T10:20:21Z,1216,7,0,13,1,0,1,1,1,1785492099
2026-07-31T10:20:21Z,1218,4,0,17,0,0,1,1,1,1785492493
2026-07-31T10:20:21Z,1219,6,1,8,1,0,1,1,1,1785492398
2026-07-31T10:20:21Z,1220,14,7,4,1,0,1,1,1,1785492150
2026-07-31T10:20:21Z,1221,1,1,19,1,0,1,1,1,1785491804
2026-07-31T10:20:21Z,1222,29,1,0,0,0,1,1,1,1785492752
2026-07-31T10:20:21Z,1223,23,0,6,0,0,1,1,1,1785492586
2026-07-31T10:20:21Z,1226,0,0,3,0,0,0,1,1,1781868931
2026-07-31T10:20:21Z,1227,21,1,4,0,0,1,1,1,1785493072
2026-07-31T10:20:21Z,1228,15,1,13,1,0,1,1,1,1785491873
2026-07-31T10:20:21Z,1229,34,0,11,0,0,1,1,1,1785493035
2026-07-31T10:25:21Z,1,3,0,20,0,0,1,1,1,1785492989
2026-07-31T10:25:21Z,2,21,0,3,3,0,1,1,1,1785492483
2026-07-31T10:25:21Z,3,9,0,4,1,0,1,1,1,1785485488
2026-07-31T10:25:21Z,4,1,0,20,1,0,1,1,1,1785487895
2026-07-31T10:25:21Z,5,9,3,13,1,0,1,1,1,1785484887
2026-07-31T10:25:21Z,6,6,2,9,0,0,1,1,1,1785486991
2026-07-31T10:25:21Z,7,1,0,38,0,0,1,1,1,1785492363
2026-07-31T10:25:21Z,8,0,0,43,0,0,1,1,1,1785487014
2026-07-31T10:25:21Z,9,1,0,21,1,0,1,1,1,1785493415
2026-07-31T10:25:21Z,10,0,0,21,3,0,1,1,1,1785493107
2026-07-31T10:25:21Z,11,16,6,2,1,0,1,1,1,1785493091
2026-07-31T10:25:21Z,12,0,0,23,0,0,1,1,1,1785490105
2026-07-31T10:25:21Z,13,11,0,19,0,0,1,1,1,1785488834
2026-07-31T10:25:21Z,14,3,0,39,0,1,1,1,1,1785491439
2026-07-31T10:25:21Z,15,3,0,12,0,0,1,1,1,1785488861
2026-07-31T10:25:21Z,16,8,0,16,2,1,1,1,1,1785487292
2026-07-31T10:25:21Z,17,7,0,19,1,0,1,1,1,1785491479
2026-07-31T10:25:21Z,18,6,0,10,2,0,1,1,1,1785492179
2026-07-31T10:25:21Z,19,11,0,15,1,0,1,1,1,1785493205
2026-07-31T10:25:21Z,20,31,0,4,0,0,1,1,1,1785491965
2026-07-31T10:25:21Z,21,1,0,17,1,0,1,1,1,1785493427
2026-07-31T10:25:21Z,22,19,0,45,1,0,1,1,1,1785492488
2026-07-31T10:25:21Z,23,10,5,21,0,0,1,1,1,1785487895
2026-07-31T10:25:21Z,24,0,0,9,2,0,1,1,1,1785493510
2026-07-31T10:25:21Z,25,2,2,78,0,1,1,1,1,1785493330
2026-07-31T10:25:21Z,26,1,0,26,0,0,1,1,1,1785491464
2026-07-31T10:25:21Z,28,15,3,0,0,0,1,1,1,1785486991
2026-07-31T10:25:21Z,30,1,0,27,1,0,1,1,1,1785486089
2026-07-31T10:25:21Z,31,0,0,17,2,0,1,1,1,1785493485
2026-07-31T10:25:21Z,32,19,1,8,0,0,1,1,1,1785493506
2026-07-31T10:25:21Z,34,3,1,33,1,0,1,1,1,1785493238
2026-07-31T10:25:21Z,35,4,1,42,1,0,1,1,1,1785492897
2026-07-31T10:25:21Z,36,0,0,0,0,0,0,1,1,86400
2026-07-31T10:25:21Z,37,1,0,22,0,0,1,1,1,1785491559
2026-07-31T10:25:21Z,38,1,0,22,0,0,1,1,1,1785490318
2026-07-31T10:25:21Z,39,23,5,16,0,0,1,1,1,1785493410
2026-07-31T10:25:21Z,40,15,0,5,1,0,1,1,1,1785492943
2026-07-31T10:25:21Z,41,2,1,40,1,0,1,1,1,1785491500
2026-07-31T10:25:21Z,42,31,8,0,0,0,1,1,1,1785472558
2026-07-31T10:25:21Z,43,5,0,18,0,0,1,1,1,1785490390
2026-07-31T10:25:21Z,45,2,0,26,1,0,1,1,1,1785492300
2026-07-31T10:25:21Z,46,12,2,19,0,0,1,1,1,1785491240
2026-07-31T10:25:21Z,47,14,6,0,1,0,1,1,1,1785492895
2026-07-31T10:25:21Z,48,20,0,7,0,0,1,1,1,1785487579
2026-07-31T10:25:21Z,49,4,0,16,3,0,1,1,1,1785493515
2026-07-31T10:25:21Z,50,1,1,18,0,0,1,1,1,1785488641
2026-07-31T10:25:21Z,51,68,0,9,0,0,1,1,1,1785487292
2026-07-31T10:25:21Z,52,0,0,24,3,0,1,1,1,1785493261
2026-07-31T10:25:21Z,55,1,1,22,0,0,1,1,1,1785487781
2026-07-31T10:25:21Z,56,0,0,43,0,0,1,1,1,1785487593
2026-07-31T10:25:21Z,57,0,0,27,0,0,1,1,1,1785486089
2026-07-31T10:25:21Z,58,0,0,28,0,0,1,1,1,1785489985
2026-07-31T10:25:21Z,59,1,0,24,2,0,1,1,1,1785493378
2026-07-31T10:25:21Z,61,2,1,37,0,0,1,1,1,1785491414
2026-07-31T10:25:21Z,62,5,3,43,1,0,1,1,1,1785493490
2026-07-31T10:25:21Z,63,13,0,6,0,0,1,1,1,1785492690
2026-07-31T10:25:21Z,64,10,1,5,4,0,1,1,1,1785493091
2026-07-31T10:25:21Z,65,16,7,2,1,0,1,1,1,1785491350
2026-07-31T10:25:21Z,67,16,0,23,0,0,1,1,1,1785491870
2026-07-31T10:25:21Z,68,0,0,37,0,0,1,1,1,1785488201
2026-07-31T10:25:21Z,69,13,1,2,0,0,1,1,1,1785493502
2026-07-31T10:25:21Z,71,2,0,24,1,0,1,1,1,1785492683
2026-07-31T10:25:21Z,72,20,5,9,2,0,1,1,1,1785493237
2026-07-31T10:25:21Z,73,1,0,30,0,0,1,1,1,1785491470
2026-07-31T10:25:21Z,74,13,6,6,0,0,1,1,1,1785489103
2026-07-31T10:25:21Z,75,0,0,31,1,0,1,1,1,1785487292
2026-07-31T10:25:21Z,76,17,0,1,1,0,1,1,1,1785493513
2026-07-31T10:25:21Z,77,23,0,3,1,0,1,1,1,1785492484
2026-07-31T10:25:21Z,78,7,3,14,2,0,1,1,1,1785493347
2026-07-31T10:25:21Z,79,5,3,11,1,0,1,1,1,1785491374
2026-07-31T10:25:21Z,80,17,0,3,3,0,1,1,1,1785493453
2026-07-31T10:25:21Z,81,5,0,26,0,0,1,1,1,1785486390
2026-07-31T10:25:21Z,82,12,0,11,0,0,1,1,1,1785491795
2026-07-31T10:25:21Z,83,9,1,24,1,0,1,1,1,1785493092
2026-07-31T10:25:21Z,84,24,0,3,0,0,1,1,1,1785493402
2026-07-31T10:25:21Z,85,0,0,15,0,0,1,1,1,1785492381
2026-07-31T10:25:21Z,86,25,0,1,1,0,1,1,1,1785486691
2026-07-31T10:25:21Z,87,10,0,9,0,0,1,1,1,1785488201
2026-07-31T10:25:21Z,88,2,0,40,1,0,1,1,1,1785492709
2026-07-31T10:25:21Z,89,22,0,13,0,0,1,1,1,1785487292
2026-07-31T10:25:21Z,90,6,2,10,2,0,1,1,1,1785490958
2026-07-31T10:25:21Z,91,13,0,4,0,0,1,1,1,1785490693
2026-07-31T10:25:21Z,92,10,4,6,3,0,1,1,1,1785493321
2026-07-31T10:25:21Z,93,0,0,23,0,0,1,1,1,1785486390
2026-07-31T10:25:21Z,94,3,0,15,1,0,1,1,1,1785492659
2026-07-31T10:25:21Z,95,24,2,9,1,1,1,1,1,1785493084
2026-07-31T10:25:21Z,96,28,0,2,1,0,1,1,1,1785491842
2026-07-31T10:25:21Z,97,0,0,16,1,0,1,1,1,1785493415
2026-07-31T10:25:21Z,98,20,0,14,1,0,1,1,1,1785491722
2026-07-31T10:25:21Z,99,4,2,11,0,0,1,1,1,1785486802
2026-07-31T10:25:21Z,100,1,0,26,0,0,1,1,1,1785492496
2026-07-31T10:25:21Z,101,1,0,13,1,0,1,1,1,1785485789
2026-07-31T10:25:21Z,102,0,0,23,0,0,1,1,1,1785487553
2026-07-31T10:25:21Z,103,6,0,24,0,0,1,1,1,1785492441
2026-07-31T10:25:21Z,104,0,0,25,2,0,1,1,1,1785493516
2026-07-31T10:25:21Z,105,16,1,3,0,0,1,1,1,1785486390
2026-07-31T10:25:21Z,106,1,0,20,0,0,1,1,1,1785490634
2026-07-31T10:25:21Z,107,0,0,37,0,0,1,1,1,1785485489
2026-07-31T10:25:21Z,108,14,1,21,0,0,1,1,1,1785492695
2026-07-31T10:25:21Z,109,13,0,10,0,0,1,1,1,1785493420
2026-07-31T10:25:21Z,110,14,2,9,0,0,1,1,1,1785488165
2026-07-31T10:25:21Z,111,1,0,35,0,0,1,1,1,1785490951
2026-07-31T10:25:21Z,112,4,0,10,1,0,1,1,1,1785490423
2026-07-31T10:25:21Z,113,5,0,11,3,0,1,1,1,1785493486
2026-07-31T10:25:21Z,114,6,6,23,1,1,1,1,1,1785493343
2026-07-31T10:25:21Z,115,2,1,24,2,0,1,1,1,1785493359
2026-07-31T10:25:21Z,116,3,3,23,1,0,1,1,1,1785487594
2026-07-31T10:25:21Z,118,20,9,0,3,0,1,1,1,1785491837
2026-07-31T10:25:21Z,119,31,2,3,4,0,1,1,1,1785492713
2026-07-31T10:25:21Z,120,21,1,5,1,0,1,1,1,1785492726
2026-07-31T10:25:21Z,121,5,2,13,0,1,1,1,1,1785493362
2026-07-31T10:25:21Z,122,10,0,10,1,0,1,1,1,1785491486
2026-07-31T10:25:21Z,123,8,1,39,0,0,1,1,1,1785485188
2026-07-31T10:25:21Z,124,30,0,5,0,0,1,1,1,1785492197
2026-07-31T10:25:21Z,125,6,2,17,0,0,1,1,1,1785490205
2026-07-31T10:25:21Z,126,23,2,8,0,0,1,1,1,1785493316
2026-07-31T10:25:21Z,127,9,1,24,2,0,1,1,1,1785493434
2026-07-31T10:25:21Z,128,17,1,2,0,0,1,1,1,1785490685
2026-07-31T10:25:21Z,129,17,1,0,2,0,1,1,1,1785486089
2026-07-31T10:25:21Z,130,5,1,12,0,0,1,1,1,1785490452
2026-07-31T10:25:21Z,131,8,3,1,2,0,1,1,1,1785492564
2026-07-31T10:25:21Z,132,13,6,1,0,1,1,1,1,1785490417
2026-07-31T10:25:21Z,134,5,0,13,5,0,1,1,1,1785493470
2026-07-31T10:25:21Z,135,8,4,10,1,0,1,1,1,1785488917
2026-07-31T10:25:21Z,136,7,0,8,1,7,1,1,1,1785493230
2026-07-31T10:25:21Z,137,8,2,11,0,0,1,1,1,1785491896
2026-07-31T10:25:21Z,138,35,2,2,0,0,1,1,1,1785493495
2026-07-31T10:25:21Z,139,17,3,2,0,0,1,1,1,1785491526
2026-07-31T10:25:21Z,140,17,9,4,2,0,1,1,1,1785493513
2026-07-31T10:25:21Z,141,30,1,6,0,0,1,1,1,1785493491
2026-07-31T10:25:21Z,142,23,1,0,0,0,1,1,1,1785490160
2026-07-31T10:25:21Z,143,13,3,17,1,0,1,1,1,1785487895
2026-07-31T10:25:21Z,144,22,0,5,0,0,1,1,1,1785491889
2026-07-31T10:25:21Z,146,8,1,14,1,0,1,1,1,1785486463
2026-07-31T10:25:21Z,147,10,3,7,2,0,1,1,1,1785493494
2026-07-31T10:25:21Z,148,24,0,2,0,1,1,1,1,1785493386
2026-07-31T10:25:21Z,149,17,4,9,1,0,1,1,1,1785493052
2026-07-31T10:25:21Z,150,27,6,5,3,0,1,1,1,1785493404
2026-07-31T10:25:21Z,151,20,6,3,0,0,1,1,1,1785492686
2026-07-31T10:25:21Z,152,20,2,3,4,0,1,1,1,1785493318
2026-07-31T10:25:21Z,153,13,1,12,6,0,1,1,1,1785493276
2026-07-31T10:25:21Z,154,15,2,5,3,0,1,1,1,1785493303
2026-07-31T10:25:21Z,155,10,4,3,1,0,1,1,1,1785493433
2026-07-31T10:25:21Z,156,13,0,6,0,0,1,1,1,1785493377
2026-07-31T10:25:21Z,157,15,0,10,2,0,1,1,1,1785493468
2026-07-31T10:25:21Z,158,16,2,0,0,0,1,1,1,1785488201
2026-07-31T10:25:21Z,159,4,1,15,0,0,1,1,1,1785492987
2026-07-31T10:25:21Z,160,18,1,1,0,0,1,1,1,1785491594
2026-07-31T10:25:21Z,161,19,3,3,0,0,1,1,1,1785492832
2026-07-31T10:25:21Z,162,10,0,16,1,0,1,1,1,1785488396
2026-07-31T10:25:21Z,163,28,3,2,0,1,1,1,1,1785493341
2026-07-31T10:25:21Z,164,25,7,1,1,0,1,1,1,1785492858
2026-07-31T10:25:21Z,165,21,10,9,1,0,1,1,1,1785490458
2026-07-31T10:25:21Z,166,32,8,3,4,0,1,1,1,1785493509
2026-07-31T10:25:21Z,167,19,9,2,2,0,1,1,1,1785491219
2026-07-31T10:25:21Z,168,18,0,8,1,0,1,1,1,1785493435
2026-07-31T10:25:21Z,169,1,0,21,0,1,1,1,1,1785487293
2026-07-31T10:25:21Z,170,17,4,0,2,0,1,1,1,1785488379
2026-07-31T10:25:21Z,171,10,3,1,2,0,1,1,1,1785493302
2026-07-31T10:25:21Z,173,37,0,2,0,0,1,1,1,1785490623
2026-07-31T10:25:21Z,174,22,1,2,2,0,1,1,1,1785493471
2026-07-31T10:25:21Z,175,8,0,23,0,0,1,1,1,1785491110
2026-07-31T10:25:21Z,176,7,2,7,0,1,1,1,1,1785492475
2026-07-31T10:25:21Z,177,18,1,9,0,0,1,1,1,1785493337
2026-07-31T10:25:21Z,178,2,0,10,2,1,1,1,1,1785493514
2026-07-31T10:25:21Z,179,12,2,2,1,0,1,1,1,1785492090
2026-07-31T10:25:21Z,180,28,0,2,0,0,1,1,1,1785492120
2026-07-31T10:25:21Z,181,12,1,2,1,0,1,1,1,1785492149
2026-07-31T10:25:21Z,182,13,1,4,0,0,1,1,1,1785492045
2026-07-31T10:25:21Z,183,14,0,9,0,0,1,1,1,1785492326
2026-07-31T10:25:21Z,184,2,0,20,1,0,1,1,1,1785491941
2026-07-31T10:25:21Z,185,11,1,1,2,1,1,1,1,1785493425
2026-07-31T10:25:21Z,186,3,0,16,0,0,1,1,1,1785492102
2026-07-31T10:25:21Z,187,9,0,18,1,0,1,1,1,1785491965
2026-07-31T10:25:21Z,188,11,0,8,8,0,1,1,1,1785493289
2026-07-31T10:25:21Z,189,15,4,0,0,0,1,1,1,1785487895
2026-07-31T10:25:21Z,190,4,0,19,0,0,1,1,1,1785492508
2026-07-31T10:25:21Z,191,2,1,37,0,0,1,1,1,1785486690
2026-07-31T10:25:21Z,192,12,4,16,3,0,1,1,1,1785486089
2026-07-31T10:25:21Z,193,1,0,14,0,0,1,1,1,1785490688
2026-07-31T10:25:21Z,194,15,1,11,1,0,1,1,1,1785493255
2026-07-31T10:25:21Z,195,11,1,6,2,0,1,1,1,1785493068
2026-07-31T10:25:21Z,196,22,1,3,2,0,1,1,1,1785493235
2026-07-31T10:25:21Z,197,16,3,1,1,1,1,1,1,1785489625
2026-07-31T10:25:21Z,198,18,16,5,0,0,1,1,1,1785492571
2026-07-31T10:25:21Z,199,7,6,5,3,0,1,1,1,1785493386
2026-07-31T10:25:21Z,200,12,0,13,1,0,1,1,1,1785492701
2026-07-31T10:25:21Z,201,8,4,15,0,0,1,1,1,1785491857
2026-07-31T10:25:21Z,202,1,0,26,0,0,1,1,1,1785492963
2026-07-31T10:25:21Z,203,26,2,4,1,0,1,1,1,1785493376
2026-07-31T10:25:21Z,204,29,0,5,1,0,1,1,1,1785493180
2026-07-31T10:25:21Z,205,13,1,14,0,0,1,1,1,1785488894
2026-07-31T10:25:21Z,206,1,1,13,1,0,1,1,1,1785486448
2026-07-31T10:25:21Z,207,12,0,8,1,0,1,1,1,1785491125
2026-07-31T10:25:21Z,208,3,0,26,0,0,1,1,1,1785491719
2026-07-31T10:25:21Z,209,8,0,20,3,0,1,1,1,1785493342
2026-07-31T10:25:21Z,210,23,2,4,0,0,1,1,1,1785485488
2026-07-31T10:25:21Z,211,14,6,8,1,0,1,1,1,1785490780
2026-07-31T10:25:21Z,212,22,0,12,1,0,1,1,1,1785493219
2026-07-31T10:25:21Z,213,11,1,10,2,0,1,1,1,1785493340
2026-07-31T10:25:21Z,214,30,0,13,4,0,1,1,1,1785493458
2026-07-31T10:25:21Z,215,5,2,17,1,0,1,1,1,1785492966
2026-07-31T10:25:21Z,216,7,0,11,1,0,1,1,1,1785491552
2026-07-31T10:25:21Z,217,10,0,18,1,0,1,1,1,1785493382
2026-07-31T10:25:21Z,218,21,5,16,2,0,1,1,1,1785493460
2026-07-31T10:25:21Z,219,1,1,24,1,0,1,1,1,1785489320
2026-07-31T10:25:21Z,220,23,6,18,1,1,1,1,1,1785491278
2026-07-31T10:25:21Z,221,13,8,1,1,0,1,1,1,1785491306
2026-07-31T10:25:21Z,222,12,10,5,2,0,1,1,1,1785491803
2026-07-31T10:25:21Z,223,7,3,25,3,0,1,1,1,1785493408
2026-07-31T10:25:21Z,224,6,4,15,1,0,1,1,1,1785491603
2026-07-31T10:25:21Z,225,11,0,2,6,0,1,1,1,1785493486
2026-07-31T10:25:21Z,226,30,10,1,0,0,1,1,1,1785493072
2026-07-31T10:25:21Z,227,22,14,3,1,1,1,1,1,1785492835
2026-07-31T10:25:21Z,228,2,0,16,1,0,1,1,1,1785492801
2026-07-31T10:25:21Z,230,17,9,9,0,0,1,1,1,1785493194
2026-07-31T10:25:21Z,232,12,6,4,1,0,1,1,1,1785493284
2026-07-31T10:25:21Z,233,19,0,10,2,0,1,1,1,1785487026
2026-07-31T10:25:21Z,234,7,3,7,3,2,1,1,1,1785491043
2026-07-31T10:25:21Z,236,12,2,7,0,0,1,1,1,1785491381
2026-07-31T10:25:21Z,237,20,4,2,1,0,1,1,1,1785492227
2026-07-31T10:25:21Z,239,23,18,1,3,0,1,1,1,1785486691
2026-07-31T10:25:21Z,241,18,6,5,0,0,1,1,1,1785490525
2026-07-31T10:25:21Z,242,2,2,20,1,0,1,1,1,1785492103
2026-07-31T10:25:21Z,243,9,0,21,1,0,1,1,1,1785491961
2026-07-31T10:25:21Z,244,14,2,12,1,0,1,1,1,1785492355
2026-07-31T10:25:21Z,245,6,4,17,0,0,1,1,1,1785490437
2026-07-31T10:25:21Z,246,13,0,10,0,0,1,1,1,1785487895
2026-07-31T10:25:21Z,247,12,10,10,1,0,1,1,1,1785488201
2026-07-31T10:25:21Z,248,18,3,2,3,0,1,1,1,1785493190
2026-07-31T10:25:21Z,249,6,3,13,0,0,1,1,1,1785492523
2026-07-31T10:25:21Z,250,24,7,3,0,0,1,1,1,1785491888
2026-07-31T10:25:21Z,251,20,4,4,3,0,1,1,1,1785492529
2026-07-31T10:25:21Z,253,9,4,9,1,0,1,1,1,1785492879
2026-07-31T10:25:21Z,254,26,21,16,1,0,1,1,1,1785485789
2026-07-31T10:25:21Z,255,5,0,17,0,1,1,1,1,1785493228
2026-07-31T10:25:21Z,256,9,4,12,2,0,1,1,1,1785490433
2026-07-31T10:25:21Z,257,14,5,4,1,0,1,1,1,1785492175
2026-07-31T10:25:21Z,258,0,0,19,0,0,1,1,1,1785493027
2026-07-31T10:25:21Z,259,20,3,2,0,1,1,1,1,1785492630
2026-07-31T10:25:21Z,260,11,2,5,3,0,1,1,1,1785493444
2026-07-31T10:25:21Z,261,16,0,1,1,1,1,1,1,1785492368
2026-07-31T10:25:21Z,262,18,9,4,1,0,1,1,1,1785493240
2026-07-31T10:25:21Z,263,13,3,2,0,0,1,1,1,1785493338
2026-07-31T10:25:21Z,264,17,5,1,1,0,1,1,1,1785493512
2026-07-31T10:25:21Z,265,13,0,2,0,0,1,1,1,1785493506
2026-07-31T10:25:21Z,266,14,7,2,3,0,1,1,1,1785492036
2026-07-31T10:25:21Z,267,7,3,6,2,0,1,1,1,1785484888
2026-07-31T10:25:21Z,268,23,9,0,0,0,1,1,1,1785484887
2026-07-31T10:25:21Z,269,9,3,13,1,0,1,1,1,1785492045
2026-07-31T10:25:21Z,270,23,1,4,0,0,1,1,1,1785491481
2026-07-31T10:25:21Z,271,0,0,17,2,0,1,1,1,1785486991
2026-07-31T10:25:21Z,272,13,13,9,1,0,1,1,1,1785486390
2026-07-31T10:25:21Z,273,13,5,2,0,0,1,1,1,1785492772
2026-07-31T10:25:21Z,274,15,6,3,1,0,1,1,1,1785493047
2026-07-31T10:25:21Z,275,13,0,6,2,2,1,1,1,1785493237
2026-07-31T10:25:21Z,276,1,0,26,0,0,1,1,1,1785486991
2026-07-31T10:25:21Z,277,12,1,6,5,0,1,1,1,1785488201
2026-07-31T10:25:21Z,278,22,2,6,2,1,1,1,1,1785492494
2026-07-31T10:25:21Z,279,17,0,2,0,0,1,1,1,1785493037
2026-07-31T10:25:21Z,280,9,2,19,3,0,1,1,1,1785493224
2026-07-31T10:25:21Z,281,19,0,0,0,0,1,1,1,1785486089
2026-07-31T10:25:21Z,282,5,2,13,0,0,1,1,1,1785484887
2026-07-31T10:25:21Z,283,33,1,2,0,0,1,1,1,1785491784
2026-07-31T10:25:21Z,284,16,3,17,2,0,1,1,1,1785492919
2026-07-31T10:25:21Z,285,8,7,15,0,0,1,1,1,1785485188
2026-07-31T10:25:21Z,286,16,15,2,5,0,1,1,1,1785488250
2026-07-31T10:25:21Z,287,14,4,6,3,0,1,1,1,1785492851
2026-07-31T10:25:21Z,288,13,10,6,0,0,1,1,1,1785492238
2026-07-31T10:25:21Z,289,23,2,1,3,0,1,1,1,1785493119
2026-07-31T10:25:21Z,290,8,0,30,1,0,1,1,1,1785491552
2026-07-31T10:25:21Z,291,10,1,11,2,0,1,1,1,1785492854
2026-07-31T10:25:21Z,292,22,0,1,0,0,1,1,1,1785485789
2026-07-31T10:25:21Z,293,17,10,6,0,0,1,1,1,1785486991
2026-07-31T10:25:21Z,294,1,1,20,1,0,1,1,1,1785493458
2026-07-31T10:25:21Z,297,14,4,3,1,1,1,1,1,1785493456
2026-07-31T10:25:21Z,301,17,1,2,0,0,1,1,1,1785486691
2026-07-31T10:25:21Z,302,0,0,23,0,0,1,1,1,1785486991
2026-07-31T10:25:21Z,303,18,0,1,0,0,1,1,1,1785493153
2026-07-31T10:25:21Z,304,0,0,0,0,0,0,1,1,86400
2026-07-31T10:25:21Z,305,19,0,0,0,0,1,1,1,1785485188
2026-07-31T10:25:21Z,306,3,0,28,1,0,1,1,1,1785493147
2026-07-31T10:25:21Z,307,18,1,3,1,1,1,1,1,1785493344
2026-07-31T10:25:21Z,308,15,0,2,2,0,1,1,1,1785492975
2026-07-31T10:25:21Z,309,13,3,0,1,0,1,1,1,1785488427
2026-07-31T10:25:21Z,311,15,0,0,0,0,1,1,1,1785486992
2026-07-31T10:25:21Z,312,6,3,12,4,1,1,1,1,1785493354
2026-07-31T10:25:21Z,313,3,1,12,0,0,1,1,1,1785486991
2026-07-31T10:25:21Z,314,4,3,11,3,0,1,1,1,1785486991
2026-07-31T10:25:21Z,315,23,6,6,2,0,1,1,1,1785491768
2026-07-31T10:25:21Z,316,3,1,21,6,1,1,1,1,1785493449
2026-07-31T10:25:21Z,317,0,0,30,0,1,1,1,1,1785493514
2026-07-31T10:25:21Z,318,16,0,3,0,0,1,1,1,1785486991
2026-07-31T10:25:21Z,319,16,2,6,1,0,1,1,1,1785493437
2026-07-31T10:25:21Z,320,18,5,0,1,0,1,1,1,1785491087
2026-07-31T10:25:21Z,321,8,2,7,4,0,1,1,1,1785493459
2026-07-31T10:25:21Z,322,4,1,24,1,0,1,1,1,1785489880
2026-07-31T10:25:21Z,323,9,0,10,0,0,1,1,1,1785492561
2026-07-31T10:25:21Z,324,19,5,7,1,0,1,1,1,1785493516
2026-07-31T10:25:21Z,325,4,3,21,2,0,1,1,1,1785489487
2026-07-31T10:25:21Z,327,25,0,1,1,0,1,1,1,1785493489
2026-07-31T10:25:21Z,328,19,0,2,1,0,1,1,1,1785493176
2026-07-31T10:25:21Z,329,17,0,0,2,0,1,1,1,1785492480
2026-07-31T10:25:21Z,330,2,0,20,0,0,1,1,1,1785492058
2026-07-31T10:25:21Z,331,11,3,11,1,0,1,1,1,1785492097
2026-07-31T10:25:21Z,332,10,3,7,2,0,1,1,1,1785487292
2026-07-31T10:25:21Z,333,2,2,20,1,0,1,1,1,1785492618
2026-07-31T10:25:21Z,334,11,8,12,0,0,1,1,1,1785487804
2026-07-31T10:25:21Z,335,4,2,17,1,1,1,1,1,1785492511
2026-07-31T10:25:21Z,336,18,2,1,0,0,1,1,1,1785487293
2026-07-31T10:25:21Z,337,16,3,2,5,0,1,1,1,1785493209
2026-07-31T10:25:21Z,338,17,8,2,0,0,1,1,1,1785487389
2026-07-31T10:25:21Z,339,22,10,1,0,0,1,1,1,1785493420
2026-07-31T10:25:21Z,340,13,11,1,1,0,1,1,1,1785491300
2026-07-31T10:25:21Z,341,11,4,8,0,0,1,1,1,1785487352
2026-07-31T10:25:21Z,342,12,5,0,3,0,1,1,1,1785492817
2026-07-31T10:25:21Z,343,21,1,1,1,0,1,1,1,1785492630
2026-07-31T10:25:21Z,344,23,9,0,0,0,1,1,1,1785488186
2026-07-31T10:25:21Z,345,19,3,0,0,0,1,1,1,1785487292
2026-07-31T10:25:21Z,346,9,6,14,0,0,1,1,1,1785489426
2026-07-31T10:25:21Z,347,5,2,37,2,0,1,1,1,1785493516
2026-07-31T10:25:21Z,348,21,3,0,1,1,1,1,1,1785493463
2026-07-31T10:25:21Z,349,7,1,12,0,0,1,1,1,1785492406
2026-07-31T10:25:21Z,350,25,3,0,1,1,1,1,1,1785493029
2026-07-31T10:25:21Z,351,19,2,1,3,0,1,1,1,1785493455
2026-07-31T10:25:21Z,355,21,0,2,0,0,1,1,1,1785490901
2026-07-31T10:25:21Z,356,17,1,2,0,0,1,1,1,1785491511
2026-07-31T10:25:21Z,357,13,4,6,0,0,1,1,1,1785485188
2026-07-31T10:25:21Z,358,24,4,2,1,0,1,1,1,1785487594
2026-07-31T10:25:21Z,359,19,0,8,0,0,1,1,1,1785492286
2026-07-31T10:25:21Z,360,14,3,3,2,0,1,1,1,1785492564
2026-07-31T10:25:21Z,362,16,4,1,2,0,1,1,1,1785493387
2026-07-31T10:25:21Z,363,2,0,25,0,0,1,1,1,1785489580
2026-07-31T10:25:21Z,364,19,3,0,0,0,1,1,1,1785487896
2026-07-31T10:25:21Z,365,14,2,5,4,0,1,1,1,1785493437
2026-07-31T10:25:21Z,366,12,7,4,7,0,1,1,1,1785493283
2026-07-31T10:25:21Z,367,15,8,2,2,0,1,1,1,1785491056
2026-07-31T10:25:21Z,368,20,3,1,2,0,1,1,1,1785486991
2026-07-31T10:25:21Z,370,12,7,15,0,0,1,1,1,1785493079
2026-07-31T10:25:21Z,371,5,2,13,1,0,1,1,1,1785493227
2026-07-31T10:25:21Z,372,8,2,7,0,0,1,1,1,1785487594
2026-07-31T10:25:21Z,373,24,8,3,0,0,1,1,1,1785486433
2026-07-31T10:25:21Z,374,16,7,1,2,0,1,1,1,1785493502
2026-07-31T10:25:21Z,375,20,5,4,3,0,1,1,1,1785493117
2026-07-31T10:25:21Z,376,28,3,6,5,0,1,1,1,1785493208
2026-07-31T10:25:21Z,377,23,9,4,0,0,1,1,1,1785493056
2026-07-31T10:25:21Z,378,20,5,2,1,1,1,1,1,1785493415
2026-07-31T10:25:21Z,379,14,0,13,0,0,1,1,1,1785492001
2026-07-31T10:25:21Z,380,21,6,1,1,0,1,1,1,1785491878
2026-07-31T10:25:21Z,381,11,0,12,0,0,1,1,1,1785493395
2026-07-31T10:25:21Z,383,12,0,1,2,0,1,1,1,1785491998
2026-07-31T10:25:21Z,384,24,1,2,1,0,1,1,1,1785492881
2026-07-31T10:25:21Z,385,14,2,2,2,0,1,1,1,1785493153
2026-07-31T10:25:21Z,387,21,2,2,0,0,1,1,1,1785491874
2026-07-31T10:25:21Z,388,16,2,33,0,0,1,1,1,1785493266
2026-07-31T10:25:21Z,389,9,8,6,0,0,1,1,1,1785487293
2026-07-31T10:25:21Z,390,16,0,19,0,0,1,1,1,1785489336
2026-07-31T10:25:21Z,391,4,0,10,1,0,1,1,1,1785487292
2026-07-31T10:25:21Z,392,2,2,16,1,0,1,1,1,1785493398
2026-07-31T10:25:21Z,393,3,3,5,3,0,1,1,1,1785487292
2026-07-31T10:25:21Z,394,8,6,3,2,0,1,1,1,1785493338
2026-07-31T10:25:21Z,396,7,7,32,3,0,1,1,1,1785487595
2026-07-31T10:25:21Z,397,5,5,26,0,0,1,1,1,1785492823
2026-07-31T10:25:21Z,399,12,1,3,2,0,1,1,1,1785490391
2026-07-31T10:25:21Z,400,11,6,9,3,0,1,1,1,1785492906
2026-07-31T10:25:21Z,401,8,0,23,8,0,1,1,1,1785492393
2026-07-31T10:25:21Z,403,3,0,26,2,0,1,1,1,1785493486
2026-07-31T10:25:21Z,404,1,1,21,1,0,1,1,1,1785491837
2026-07-31T10:25:21Z,406,3,2,31,1,0,1,1,1,1785493340
2026-07-31T10:25:21Z,407,16,3,17,1,0,1,1,1,1785493065
2026-07-31T10:25:21Z,408,13,2,19,1,0,1,1,1,1785491284
2026-07-31T10:25:21Z,409,1,0,19,3,0,1,1,1,1785493289
2026-07-31T10:25:21Z,413,20,5,1,2,0,1,1,1,1785490104
2026-07-31T10:25:21Z,414,12,4,2,1,0,1,1,1,1785492668
2026-07-31T10:25:21Z,417,11,6,7,1,0,1,1,1,1785491073
2026-07-31T10:25:21Z,418,1,0,14,0,0,1,1,1,1785490913
2026-07-31T10:25:21Z,419,10,0,12,1,0,1,1,1,1785487895
2026-07-31T10:25:21Z,421,1,0,18,0,0,1,1,1,1785488201
2026-07-31T10:25:21Z,422,4,3,22,1,0,1,1,1,1785493261
2026-07-31T10:25:21Z,423,5,1,18,0,0,1,1,1,1785491746
2026-07-31T10:25:21Z,424,4,2,8,3,0,1,1,1,1785493325
2026-07-31T10:25:21Z,425,19,0,2,0,1,1,1,1,1785491863
2026-07-31T10:25:21Z,426,1,0,34,2,0,1,1,1,1785492043
2026-07-31T10:25:21Z,427,14,1,0,1,0,1,1,1,1785493255
2026-07-31T10:25:21Z,428,17,2,2,0,0,1,1,1,1785493428
2026-07-31T10:25:21Z,429,0,0,21,2,0,1,1,1,1785492151
2026-07-31T10:25:21Z,430,28,0,0,3,0,1,1,1,1785485488
2026-07-31T10:25:21Z,431,15,0,17,1,0,1,1,1,1785488642
2026-07-31T10:25:21Z,432,18,0,11,2,0,1,1,1,1785490634
2026-07-31T10:25:21Z,433,19,6,3,1,0,1,1,1,1785488201
2026-07-31T10:25:21Z,437,2,1,16,1,0,1,1,1,1785492837
2026-07-31T10:25:21Z,438,17,0,1,1,0,1,1,1,1785493339
2026-07-31T10:25:21Z,439,4,0,11,0,0,1,1,1,1785490818
2026-07-31T10:25:21Z,440,13,1,0,2,0,1,1,1,1785488201
2026-07-31T10:25:21Z,441,12,2,2,1,0,1,1,1,1785493368
2026-07-31T10:25:21Z,442,17,9,1,1,0,1,1,1,1785487895
2026-07-31T10:25:21Z,443,4,2,23,0,0,1,1,1,1785485488
2026-07-31T10:25:21Z,444,2,2,21,0,0,1,1,1,1785485488
2026-07-31T10:25:21Z,445,7,2,15,1,0,1,1,1,1785493248
2026-07-31T10:25:21Z,446,1,1,21,1,0,1,1,1,1785487896
2026-07-31T10:25:21Z,447,2,0,19,1,1,1,1,1,1785492174
2026-07-31T10:25:21Z,448,9,4,5,1,0,1,1,1,1785487895
2026-07-31T10:25:21Z,452,8,6,10,1,0,1,1,1,1785487661
2026-07-31T10:25:21Z,453,6,5,8,1,0,1,1,1,1785491911
2026-07-31T10:25:21Z,454,9,0,10,0,0,1,1,1,1785489971
2026-07-31T10:25:21Z,455,2,0,37,0,0,1,1,1,1785492761
2026-07-31T10:25:21Z,456,8,0,11,1,0,1,1,1,1785493496
2026-07-31T10:25:21Z,457,25,2,0,2,0,1,1,1,1785487895
2026-07-31T10:25:21Z,458,11,4,12,0,0,1,1,1,1785493232
2026-07-31T10:25:21Z,459,15,0,0,0,0,1,1,1,1785485789
2026-07-31T10:25:21Z,460,17,2,5,1,0,1,1,1,1785492405
2026-07-31T10:25:21Z,461,5,1,14,0,0,1,1,1,1785487878
2026-07-31T10:25:21Z,462,10,1,11,0,0,1,1,1,1785492711
2026-07-31T10:25:21Z,463,13,1,6,0,0,1,1,1,1785487897
2026-07-31T10:25:21Z,464,3,1,11,0,0,1,1,1,1785485789
2026-07-31T10:25:21Z,465,0,0,14,1,0,1,1,1,1785485789
2026-07-31T10:25:21Z,466,11,3,2,2,0,1,1,1,1785485789
2026-07-31T10:25:21Z,467,5,1,13,1,0,1,1,1,1785471818
2026-07-31T10:25:21Z,468,17,1,1,1,0,1,1,1,1785485789
2026-07-31T10:25:21Z,469,2,1,21,0,0,1,1,1,1785487896
2026-07-31T10:25:21Z,470,12,1,1,2,0,1,1,1,1785493344
2026-07-31T10:25:21Z,471,22,2,5,0,0,1,1,1,1785487895
2026-07-31T10:25:21Z,472,17,5,1,1,0,1,1,1,1785493374
2026-07-31T10:25:21Z,473,19,5,0,0,0,1,1,1,1785485789
2026-07-31T10:25:21Z,474,16,0,3,0,0,1,1,1,1785488959
2026-07-31T10:25:21Z,475,5,1,13,1,0,1,1,1,1785492726
2026-07-31T10:25:21Z,477,9,7,5,1,0,1,1,1,1785492057
2026-07-31T10:25:21Z,478,7,0,23,1,0,1,1,1,1785492276
2026-07-31T10:25:21Z,479,0,0,26,1,0,1,1,1,1785492473
2026-07-31T10:25:21Z,480,3,0,9,3,0,1,1,1,1785493168
2026-07-31T10:25:21Z,481,29,1,5,1,0,1,1,1,1785493384
2026-07-31T10:25:21Z,482,18,6,1,0,0,1,1,1,1785490527
2026-07-31T10:25:21Z,483,1,0,24,2,0,1,1,1,1785493285
2026-07-31T10:25:21Z,484,6,2,12,1,0,1,1,1,1785493303
2026-07-31T10:25:21Z,485,16,6,1,1,1,1,1,1,1785493354
2026-07-31T10:25:21Z,486,25,6,0,2,0,1,1,1,1785493343
2026-07-31T10:25:21Z,487,7,5,11,1,0,1,1,1,1785492522
2026-07-31T10:25:21Z,489,12,6,3,0,0,1,1,1,1785488501
2026-07-31T10:25:21Z,490,2,1,14,0,0,1,1,1,1785492713
2026-07-31T10:25:21Z,491,4,1,17,0,0,1,1,1,1785486090
2026-07-31T10:25:21Z,492,4,2,3,4,0,1,1,1,1785493514
2026-07-31T10:25:21Z,493,0,0,26,1,0,1,1,1,1785487895
2026-07-31T10:25:21Z,495,9,0,3,3,0,1,1,1,1785489700
2026-07-31T10:25:21Z,496,25,1,2,0,0,1,1,1,1785493232
2026-07-31T10:25:21Z,497,17,0,1,1,0,1,1,1,1785491850
2026-07-31T10:25:21Z,498,20,3,2,1,0,1,1,1,1785493313
2026-07-31T10:25:21Z,499,17,1,1,1,0,1,1,1,1785487896
2026-07-31T10:25:21Z,500,8,4,2,5,0,1,1,1,1785492941
2026-07-31T10:25:21Z,501,11,4,10,0,0,1,1,1,1785492885
2026-07-31T10:25:21Z,502,6,0,13,0,0,1,1,1,1785486089
2026-07-31T10:25:21Z,503,26,0,4,1,0,1,1,1,1785493503
2026-07-31T10:25:21Z,504,1,0,38,0,0,1,1,1,1785492055
2026-07-31T10:25:21Z,505,10,1,1,1,0,1,1,1,1785487586
2026-07-31T10:25:21Z,511,6,4,17,0,0,1,1,1,1785492514
2026-07-31T10:25:21Z,512,6,0,21,0,0,1,1,1,1785490938
2026-07-31T10:25:21Z,514,8,0,2,1,0,1,1,1,1785492997
2026-07-31T10:25:21Z,515,2,0,17,0,0,1,1,1,1785487895
2026-07-31T10:25:21Z,516,0,0,27,0,0,1,1,1,1785484039
2026-07-31T10:25:21Z,517,15,3,7,1,0,1,1,1,1785492410
2026-07-31T10:25:21Z,518,14,1,0,1,0,1,1,1,1785486390
2026-07-31T10:25:21Z,519,4,0,13,2,0,1,1,1,1785492899
2026-07-31T10:25:21Z,520,12,8,9,5,1,1,1,1,1785493513
2026-07-31T10:25:21Z,521,19,6,4,0,0,1,1,1,1785492587
2026-07-31T10:25:21Z,522,0,0,22,1,0,1,1,1,1785486390
2026-07-31T10:25:21Z,523,5,3,17,1,0,1,1,1,1785493103
2026-07-31T10:25:21Z,524,1,0,22,0,0,1,1,1,1785491359
2026-07-31T10:25:21Z,525,9,0,10,0,0,1,1,1,1785492201
2026-07-31T10:25:21Z,526,13,1,0,2,0,1,1,1,1785486390
2026-07-31T10:25:21Z,527,4,2,19,3,0,1,1,1,1785493392
2026-07-31T10:25:21Z,528,20,1,2,1,0,1,1,1,1785491758
2026-07-31T10:25:21Z,529,6,3,7,6,0,1,1,1,1785493515
2026-07-31T10:25:21Z,530,14,1,5,2,0,1,1,1,1785493152
2026-07-31T10:25:21Z,531,19,0,2,1,1,1,1,1,1785493153
2026-07-31T10:25:21Z,532,3,3,27,1,0,1,1,1,1785488341
2026-07-31T10:25:21Z,533,8,1,9,2,0,1,1,1,1785486390
2026-07-31T10:25:21Z,534,14,2,9,0,0,1,1,1,1785490909
2026-07-31T10:25:21Z,535,2,0,13,0,0,1,1,1,1785486390
2026-07-31T10:25:21Z,536,1,0,22,0,0,1,1,1,1785488201
2026-07-31T10:25:21Z,537,1,1,19,0,0,1,1,1,1785488280
2026-07-31T10:25:21Z,538,21,8,0,0,2,1,1,1,1785493454
2026-07-31T10:25:21Z,539,5,5,26,0,0,1,1,1,1785488201
2026-07-31T10:25:21Z,540,2,1,17,0,0,1,1,1,1785486391
2026-07-31T10:25:21Z,541,22,1,4,1,0,1,1,1,1785492852
2026-07-31T10:25:21Z,542,2,2,21,0,0,1,1,1,1785486390
2026-07-31T10:25:21Z,543,17,2,1,1,0,1,1,1,1785488201
2026-07-31T10:25:21Z,544,13,1,5,4,0,1,1,1,1785493267
2026-07-31T10:25:21Z,545,1,0,16,2,0,1,1,1,1785492723
2026-07-31T10:25:21Z,546,16,8,3,0,0,1,1,1,1785489048
2026-07-31T10:25:21Z,547,19,1,6,0,0,1,1,1,1785491753
2026-07-31T10:25:21Z,548,14,1,9,0,0,1,1,1,1785486390
2026-07-31T10:25:21Z,549,19,0,4,0,0,1,1,1,1785490211
2026-07-31T10:25:21Z,550,16,1,3,0,0,1,1,1,1785492776
2026-07-31T10:25:21Z,551,16,4,7,0,0,1,1,1,1785486390
2026-07-31T10:25:21Z,552,27,3,0,0,0,1,1,1,1785486390
2026-07-31T10:25:21Z,553,18,4,3,1,1,1,1,1,1785493382
2026-07-31T10:25:21Z,554,1,1,18,0,0,1,1,1,1785486691
2026-07-31T10:25:21Z,555,12,5,2,1,0,1,1,1,1785493469
2026-07-31T10:25:21Z,556,20,4,1,2,0,1,1,1,1785493505
2026-07-31T10:25:21Z,557,6,4,12,5,0,1,1,1,1785488202
2026-07-31T10:25:21Z,558,30,3,7,0,0,1,1,1,1785493401
2026-07-31T10:25:21Z,559,0,0,18,1,0,1,1,1,1785492602
2026-07-31T10:25:21Z,560,10,0,17,0,0,1,1,1,1785492157
2026-07-31T10:25:21Z,561,14,1,8,1,0,1,1,1,1785491627
2026-07-31T10:25:21Z,562,3,0,29,3,0,1,1,1,1785486691
2026-07-31T10:25:21Z,563,10,0,4,0,0,1,1,1,1785490429
2026-07-31T10:25:21Z,564,12,0,6,1,0,1,1,1,1785488201
2026-07-31T10:25:21Z,565,6,2,13,0,0,1,1,1,1785490461
2026-07-31T10:25:21Z,566,14,0,4,1,0,1,1,1,1785493498
2026-07-31T10:25:21Z,567,25,1,1,1,0,1,1,1,1785485492
2026-07-31T10:25:21Z,568,14,0,4,1,0,1,1,1,1785490328
2026-07-31T10:25:21Z,569,15,2,4,0,0,1,1,1,1785492410
2026-07-31T10:25:21Z,570,12,0,7,0,0,1,1,1,1785491560
2026-07-31T10:25:21Z,571,0,0,23,0,0,1,1,1,1785486691
2026-07-31T10:25:21Z,572,14,4,4,1,0,1,1,1,1785491187
2026-07-31T10:25:21Z,573,13,0,2,0,0,1,1,1,1785486691
2026-07-31T10:25:21Z,574,10,3,5,0,0,1,1,1,1785492718
2026-07-31T10:25:21Z,575,5,0,15,1,0,1,1,1,1785492780
2026-07-31T10:25:21Z,576,3,0,14,2,0,1,1,1,1785488201
2026-07-31T10:25:21Z,577,14,0,17,0,0,1,1,1,1785491933
2026-07-31T10:25:21Z,578,15,10,7,1,0,1,1,1,1785486996
2026-07-31T10:25:21Z,579,4,0,39,0,0,1,1,1,1785486691
2026-07-31T10:25:21Z,580,5,0,24,0,0,1,1,1,1785490191
2026-07-31T10:25:21Z,581,17,2,2,0,0,1,1,1,1785491955
2026-07-31T10:25:21Z,582,21,0,39,1,0,1,1,1,1785493511
2026-07-31T10:25:21Z,583,23,1,0,0,0,1,1,1,1785492035
2026-07-31T10:25:21Z,584,9,4,6,4,0,1,1,1,1785486691
2026-07-31T10:25:21Z,585,14,3,12,0,1,1,1,1,1785493053
2026-07-31T10:25:21Z,586,11,0,24,0,0,1,1,1,1785492703
2026-07-31T10:25:21Z,587,19,0,4,1,0,1,1,1,1785491646
2026-07-31T10:25:21Z,588,12,4,4,2,1,1,1,1,1785493268
2026-07-31T10:25:21Z,589,0,0,0,23,0,1,1,1,1785493279
2026-07-31T10:25:21Z,590,17,2,12,2,0,1,1,1,1785492102
2026-07-31T10:25:21Z,591,28,1,0,2,0,1,1,1,1785486691
2026-07-31T10:25:21Z,592,12,0,11,0,0,1,1,1,1785488952
2026-07-31T10:25:21Z,593,0,0,38,0,0,1,1,1,1785488201
2026-07-31T10:25:21Z,594,7,0,11,3,0,1,1,1,1785493298
2026-07-31T10:25:21Z,595,0,0,3,0,0,0,1,1,1784046673
2026-07-31T10:25:21Z,605,0,0,2,1,0,0,1,1,1783975843
2026-07-31T10:25:21Z,606,0,0,0,0,0,0,1,1,86400
2026-07-31T10:25:21Z,607,11,2,20,1,0,1,1,1,1785492495
2026-07-31T10:25:21Z,608,0,0,50,0,0,1,1,1,1785490318
2026-07-31T10:25:21Z,609,2,0,21,0,0,1,1,1,1785488201
2026-07-31T10:25:21Z,610,0,0,35,0,0,1,1,1,1785488201
2026-07-31T10:25:21Z,611,14,0,12,1,0,1,1,1,1785491795
2026-07-31T10:25:21Z,612,6,1,9,0,0,1,1,1,1785486691
2026-07-31T10:25:21Z,613,9,0,2,4,0,1,1,1,1785489318
2026-07-31T10:25:21Z,614,1,1,23,2,1,1,1,1,1785488202
2026-07-31T10:25:21Z,617,11,0,2,2,0,1,1,1,1785489767
2026-07-31T10:25:21Z,618,13,2,1,5,0,1,1,1,1785486690
2026-07-31T10:25:21Z,619,4,1,14,1,0,1,1,1,1785493167
2026-07-31T10:25:21Z,620,1,0,26,0,0,1,1,1,1785492178
2026-07-31T10:25:21Z,621,6,2,16,1,0,1,1,1,1785492151
2026-07-31T10:25:21Z,622,5,2,17,1,0,1,1,1,1785488201
2026-07-31T10:25:21Z,623,9,2,20,1,0,1,1,1,1785488201
2026-07-31T10:25:21Z,624,1,0,14,0,0,1,1,1,1785493218
2026-07-31T10:25:21Z,625,6,0,13,2,0,1,1,1,1785492688
2026-07-31T10:25:21Z,626,3,0,42,0,2,1,1,1,1785493349
2026-07-31T10:25:21Z,627,14,6,5,0,0,1,1,1,1785493197
2026-07-31T10:25:21Z,628,0,0,15,2,2,1,1,1,1785493477
2026-07-31T10:25:21Z,629,4,1,6,1,0,1,1,1,1785493215
2026-07-31T10:25:21Z,630,3,2,21,3,0,1,1,1,1785493349
2026-07-31T10:25:21Z,631,2,1,21,0,0,1,1,1,1785488201
2026-07-31T10:25:21Z,632,20,0,1,2,0,1,1,1,1785492884
2026-07-31T10:25:21Z,633,11,1,0,4,0,1,1,1,1785493341
2026-07-31T10:25:21Z,634,11,2,8,0,0,1,1,1,1785486991
2026-07-31T10:25:21Z,635,17,1,2,0,0,1,1,1,1785488201
2026-07-31T10:25:21Z,636,10,2,5,0,0,1,1,1,1785488201
2026-07-31T10:25:21Z,637,7,0,12,0,0,1,1,1,1785490209
2026-07-31T10:25:21Z,638,9,2,8,2,0,1,1,1,1785493430
2026-07-31T10:25:21Z,639,5,1,11,3,0,1,1,1,1785479066
2026-07-31T10:25:21Z,640,2,2,20,1,0,1,1,1,1785493348
2026-07-31T10:25:21Z,641,17,1,7,2,0,1,1,1,1785493395
2026-07-31T10:25:21Z,642,4,2,7,8,0,1,1,1,1785493514
2026-07-31T10:25:21Z,643,2,0,17,8,0,1,1,1,1785493514
2026-07-31T10:25:21Z,644,12,0,2,1,0,1,1,1,1785486991
2026-07-31T10:25:21Z,645,11,0,10,1,1,1,1,1,1785488495
2026-07-31T10:25:21Z,646,7,2,12,0,0,1,1,1,1785493227
2026-07-31T10:25:21Z,647,29,1,2,0,0,1,1,1,1785492741
2026-07-31T10:25:21Z,648,6,0,12,1,0,1,1,1,1785490674
2026-07-31T10:25:21Z,649,19,3,11,1,0,1,1,1,1785491820
2026-07-31T10:25:21Z,650,5,1,9,0,0,1,1,1,1785488201
2026-07-31T10:25:21Z,651,9,8,14,0,0,1,1,1,1785493406
2026-07-31T10:25:21Z,652,4,2,17,2,0,1,1,1,1785493337
2026-07-31T10:25:21Z,653,7,1,10,2,0,1,1,1,1785491694
2026-07-31T10:25:21Z,654,2,2,13,0,0,1,1,1,1785488202
2026-07-31T10:25:21Z,655,7,3,1,4,1,1,1,1,1785493461
2026-07-31T10:25:21Z,656,19,7,0,0,0,1,1,1,1785489841
2026-07-31T10:25:21Z,657,9,1,3,2,3,1,1,1,1785493292
2026-07-31T10:25:21Z,658,9,1,1,0,0,1,1,1,1785473427
2026-07-31T10:25:21Z,659,8,3,5,2,0,1,1,1,1785488201
2026-07-31T10:25:21Z,660,13,0,14,4,0,1,1,1,1785493257
2026-07-31T10:25:21Z,661,2,1,17,0,0,1,1,1,1785492505
2026-07-31T10:25:21Z,662,5,3,15,3,0,1,1,1,1785493489
2026-07-31T10:25:21Z,663,12,5,2,1,0,1,1,1,1785493447
2026-07-31T10:25:21Z,664,0,0,27,0,0,1,1,1,1785488202
2026-07-31T10:25:21Z,665,12,3,3,0,0,1,1,1,1785488202
2026-07-31T10:25:21Z,666,7,2,6,2,0,1,1,1,1785488201
2026-07-31T10:25:21Z,667,0,0,19,0,0,1,1,1,1785486991
2026-07-31T10:25:21Z,668,10,1,8,1,0,1,1,1,1785488201
2026-07-31T10:25:21Z,669,14,5,0,0,0,1,1,1,1785488201
2026-07-31T10:25:21Z,670,11,2,16,0,0,1,1,1,1785486992
2026-07-31T10:25:21Z,671,25,5,1,1,0,1,1,1,1785493284
2026-07-31T10:25:21Z,672,12,2,7,3,1,1,1,1,1785491597
2026-07-31T10:25:21Z,673,11,0,10,2,0,1,1,1,1785493259
2026-07-31T10:25:21Z,674,3,2,17,3,0,1,1,1,1785493208
2026-07-31T10:25:21Z,675,11,6,2,2,0,1,1,1,1785493461
2026-07-31T10:25:21Z,676,6,0,15,1,0,1,1,1,1785493473
2026-07-31T10:25:21Z,681,12,3,1,2,0,1,1,1,1785493369
2026-07-31T10:25:21Z,682,4,1,14,1,0,1,1,1,1785486991
2026-07-31T10:25:21Z,683,4,1,15,0,0,1,1,1,1785491977
2026-07-31T10:25:21Z,684,3,0,24,0,0,1,1,1,1785487883
2026-07-31T10:25:21Z,685,10,0,15,1,1,1,1,1,1785488201
2026-07-31T10:25:21Z,686,11,0,14,2,0,1,1,1,1785493326
2026-07-31T10:25:21Z,687,11,0,18,1,1,1,1,1,1785493337
2026-07-31T10:25:21Z,688,10,0,2,7,0,1,1,1,1785493411
2026-07-31T10:25:21Z,692,8,3,13,0,0,1,1,1,1785493490
2026-07-31T10:25:21Z,693,6,0,2,3,0,1,1,1,1785492611
2026-07-31T10:25:21Z,694,8,5,13,0,0,1,1,1,1785492368
2026-07-31T10:25:21Z,695,17,11,6,0,0,1,1,1,1785492512
2026-07-31T10:25:21Z,696,18,13,3,2,0,1,1,1,1785492434
2026-07-31T10:25:21Z,697,22,2,1,0,0,1,1,1,1785492025
2026-07-31T10:25:21Z,698,27,1,0,0,0,1,1,1,1785493388
2026-07-31T10:25:21Z,699,7,0,7,1,0,1,1,1,1785492916
2026-07-31T10:25:21Z,700,19,4,0,0,0,1,1,1,1785493050
2026-07-31T10:25:21Z,701,17,6,2,0,0,1,1,1,1785492482
2026-07-31T10:25:21Z,702,18,0,4,1,0,1,1,1,1785493515
2026-07-31T10:25:21Z,704,8,2,7,0,0,1,1,1,1785492747
2026-07-31T10:25:21Z,705,4,2,9,2,0,1,1,1,1785493156
2026-07-31T10:25:21Z,706,12,2,0,3,0,1,1,1,1785492442
2026-07-31T10:25:21Z,707,10,2,5,0,0,1,1,1,1785493076
2026-07-31T10:25:21Z,708,18,3,0,1,0,1,1,1,1785493287
2026-07-31T10:25:21Z,709,10,0,2,3,0,1,1,1,1785493298
2026-07-31T10:25:21Z,710,17,3,1,1,0,1,1,1,1785492522
2026-07-31T10:25:21Z,711,18,3,1,4,0,1,1,1,1785492889
2026-07-31T10:25:21Z,712,15,10,0,0,0,1,1,1,1785492460
2026-07-31T10:25:21Z,713,5,0,18,0,0,1,1,1,1785491744
2026-07-31T10:25:21Z,716,3,1,12,0,0,1,1,1,1785492801
2026-07-31T10:25:21Z,717,3,1,19,3,0,1,1,1,1785492883
2026-07-31T10:25:21Z,718,3,1,11,1,0,1,1,1,1785492624
2026-07-31T10:25:21Z,719,8,2,21,0,0,1,1,1,1785492181
2026-07-31T10:25:21Z,720,2,1,17,0,0,1,1,1,1785493092
2026-07-31T10:25:21Z,721,0,0,21,2,0,1,1,1,1785492081
2026-07-31T10:25:21Z,722,5,0,10,0,0,1,1,1,1785492847
2026-07-31T10:25:21Z,723,12,1,11,0,0,1,1,1,1785492894
2026-07-31T10:25:21Z,724,21,4,2,0,0,1,1,1,1785492227
2026-07-31T10:25:21Z,725,22,6,0,1,0,1,1,1,1785492657
2026-07-31T10:25:21Z,726,19,3,0,0,0,1,1,1,1785491997
2026-07-31T10:25:21Z,727,9,4,12,2,0,1,1,1,1785492028
2026-07-31T10:25:21Z,728,9,0,5,1,0,1,1,1,1785493393
2026-07-31T10:25:21Z,729,5,0,14,0,0,1,1,1,1785492458
2026-07-31T10:25:21Z,730,3,2,10,2,0,1,1,1,1785492176
2026-07-31T10:25:21Z,731,9,3,5,1,0,1,1,1,1785493103
2026-07-31T10:25:21Z,732,9,5,6,0,0,1,1,1,1785492327
2026-07-31T10:25:21Z,733,4,0,23,0,0,1,1,1,1785493123
2026-07-31T10:25:21Z,734,4,2,10,0,0,1,1,1,1785492539
2026-07-31T10:25:21Z,735,4,3,23,0,0,1,1,1,1785492984
2026-07-31T10:25:21Z,736,6,0,13,0,0,1,1,1,1785492329
2026-07-31T10:25:21Z,737,4,3,10,0,1,1,1,1,1785491709
2026-07-31T10:25:21Z,738,17,6,1,1,0,1,1,1,1785493463
2026-07-31T10:25:21Z,739,19,2,7,1,0,1,1,1,1785493152
2026-07-31T10:25:21Z,741,7,1,16,0,0,1,1,1,1785493426
2026-07-31T10:25:21Z,742,5,0,27,3,0,1,1,1,1785491736
2026-07-31T10:25:21Z,743,9,3,8,2,0,1,1,1,1785493295
2026-07-31T10:25:21Z,744,11,4,4,0,0,1,1,1,1785493480
2026-07-31T10:25:21Z,745,14,4,4,1,0,1,1,1,1785491995
2026-07-31T10:25:21Z,746,11,2,10,2,0,1,1,1,1785492790
2026-07-31T10:25:21Z,747,0,0,4,0,0,0,1,1,1783446606
2026-07-31T10:25:21Z,748,10,1,13,0,0,1,1,1,1785492788
2026-07-31T10:25:21Z,749,5,5,17,1,0,1,1,1,1785492705
2026-07-31T10:25:21Z,750,1,1,10,0,0,1,1,1,1785493041
2026-07-31T10:25:21Z,751,9,1,14,0,0,1,1,1,1785492728
2026-07-31T10:25:21Z,752,13,1,3,1,0,1,1,1,1785490194
2026-07-31T10:25:21Z,753,5,0,10,0,0,1,1,1,1785492121
2026-07-31T10:25:21Z,754,2,1,11,2,0,1,1,1,1785493354
2026-07-31T10:25:21Z,755,11,2,11,1,0,1,1,1,1785492664
2026-07-31T10:25:21Z,756,3,0,34,0,0,1,1,1,1785493394
2026-07-31T10:25:21Z,757,15,8,4,0,0,1,1,1,1785492789
2026-07-31T10:25:21Z,758,23,3,0,0,0,1,1,1,1785492384
2026-07-31T10:25:21Z,759,3,2,12,0,0,1,1,1,1785493046
2026-07-31T10:25:21Z,760,8,3,11,0,0,1,1,1,1785488200
2026-07-31T10:25:21Z,761,16,0,6,1,0,1,1,1,1785493233
2026-07-31T10:25:21Z,762,6,3,4,5,0,1,1,1,1785493050
2026-07-31T10:25:21Z,768,8,0,8,3,0,1,1,1,1785492215
2026-07-31T10:25:21Z,769,17,12,2,0,0,1,1,1,1785493441
2026-07-31T10:25:21Z,770,11,3,6,2,0,1,1,1,1785491777
2026-07-31T10:25:21Z,771,13,3,1,1,0,1,1,1,1785493031
2026-07-31T10:25:21Z,772,7,3,8,0,0,1,1,1,1785491834
2026-07-31T10:25:21Z,773,15,4,4,0,0,1,1,1,1785493488
2026-07-31T10:25:21Z,774,10,5,2,3,0,1,1,1,1785493428
2026-07-31T10:25:21Z,775,6,0,11,1,1,1,1,1,1785488308
2026-07-31T10:25:21Z,776,3,1,17,1,0,1,1,1,1785492001
2026-07-31T10:25:21Z,777,10,0,2,3,0,1,1,1,1785491738
2026-07-31T10:25:21Z,778,13,0,3,3,0,1,1,1,1785493499
2026-07-31T10:25:21Z,779,8,1,10,1,0,1,1,1,1785492776
2026-07-31T10:25:21Z,780,18,4,0,1,0,1,1,1,1785492197
2026-07-31T10:25:21Z,781,6,2,3,2,0,1,1,1,1785493514
2026-07-31T10:25:21Z,782,5,3,10,4,0,1,1,1,1785493313
2026-07-31T10:25:21Z,783,6,0,13,0,0,1,1,1,1785492583
2026-07-31T10:25:21Z,784,19,2,0,0,0,1,1,1,1785492506
2026-07-31T10:25:21Z,785,11,2,2,6,0,1,1,1,1785492755
2026-07-31T10:25:21Z,786,11,5,8,0,0,1,1,1,1785492405
2026-07-31T10:25:21Z,787,11,5,2,2,0,1,1,1,1785492040
2026-07-31T10:25:21Z,788,3,0,12,0,0,1,1,1,1785493073
2026-07-31T10:25:21Z,789,8,1,3,4,0,1,1,1,1785493303
2026-07-31T10:25:21Z,790,3,0,20,0,0,1,1,1,1785492712
2026-07-31T10:25:21Z,791,7,2,11,0,1,1,1,1,1785493247
2026-07-31T10:25:21Z,793,4,0,10,1,0,1,1,1,1785493442
2026-07-31T10:25:21Z,794,10,4,17,2,0,1,1,1,1785492924
2026-07-31T10:25:21Z,796,0,0,17,2,0,1,1,1,1785493244
2026-07-31T10:25:21Z,797,1,0,14,0,0,1,1,1,1785487593
2026-07-31T10:25:21Z,798,7,1,17,1,0,1,1,1,1785493084
2026-07-31T10:25:21Z,799,15,1,1,3,0,1,1,1,1785493212
2026-07-31T10:25:21Z,800,2,0,18,1,0,1,1,1,1785493154
2026-07-31T10:25:21Z,801,4,2,16,1,0,1,1,1,1785493270
2026-07-31T10:25:21Z,802,8,0,23,0,0,1,1,1,1785493381
2026-07-31T10:25:21Z,803,1,1,14,0,0,1,1,1,1785493041
2026-07-31T10:25:21Z,806,8,3,7,0,0,1,1,1,1785488200
2026-07-31T10:25:21Z,807,14,0,8,3,0,1,1,1,1785491836
2026-07-31T10:25:21Z,808,0,0,23,2,0,1,1,1,1785488225
2026-07-31T10:25:21Z,809,4,0,18,1,0,1,1,1,1785493218
2026-07-31T10:25:21Z,810,2,0,13,4,0,1,1,1,1785491861
2026-07-31T10:25:21Z,815,4,1,6,4,1,1,1,1,1785493354
2026-07-31T10:25:21Z,817,10,5,5,0,0,1,1,1,1785492556
2026-07-31T10:25:21Z,818,6,0,16,1,0,1,1,1,1785491976
2026-07-31T10:25:21Z,819,6,4,9,0,0,1,1,1,1785487291
2026-07-31T10:25:21Z,820,8,2,9,0,0,1,1,1,1785492474
2026-07-31T10:25:21Z,821,2,1,13,0,0,1,1,1,1785493402
2026-07-31T10:25:21Z,822,1,0,20,2,0,1,1,1,1785491914
2026-07-31T10:25:21Z,823,0,0,14,1,0,1,1,1,1785492874
2026-07-31T10:25:21Z,824,13,4,5,1,0,1,1,1,1785492339
2026-07-31T10:25:21Z,825,8,5,7,0,0,1,1,1,1785488201
2026-07-31T10:25:21Z,826,10,2,8,1,0,1,1,1,1785492353
2026-07-31T10:25:21Z,827,16,5,4,1,0,1,1,1,1785491860
2026-07-31T10:25:21Z,828,10,0,7,1,0,1,1,1,1785493198
2026-07-31T10:25:21Z,829,16,7,11,0,0,1,1,1,1785492598
2026-07-31T10:25:21Z,830,14,3,8,1,0,1,1,1,1785492552
2026-07-31T10:25:21Z,831,7,2,7,1,0,1,1,1,1785492841
2026-07-31T10:25:21Z,832,10,3,5,3,0,1,1,1,1785492931
2026-07-31T10:25:21Z,833,1,0,17,1,0,1,1,1,1785492687
2026-07-31T10:25:21Z,834,1,0,22,1,0,1,1,1,1785492187
2026-07-31T10:25:21Z,835,16,6,0,2,0,1,1,1,1785492418
2026-07-31T10:25:21Z,837,5,1,0,10,0,1,1,1,1785492913
2026-07-31T10:25:21Z,838,13,3,2,0,0,1,1,1,1785491766
2026-07-31T10:25:21Z,839,20,1,9,0,0,1,1,1,1785493501
2026-07-31T10:25:21Z,840,8,3,19,2,0,1,1,1,1785492522
2026-07-31T10:25:21Z,841,7,1,8,0,0,1,1,1,1785492837
2026-07-31T10:25:21Z,842,7,2,16,0,0,1,1,1,1785492640
2026-07-31T10:25:21Z,843,8,0,22,1,0,1,1,1,1785492887
2026-07-31T10:25:21Z,844,6,0,17,0,0,1,1,1,1785492840
2026-07-31T10:25:21Z,845,5,3,12,2,0,1,1,1,1785493020
2026-07-31T10:25:21Z,846,3,0,14,2,0,1,1,1,1785492274
2026-07-31T10:25:21Z,847,7,1,20,0,0,1,1,1,1785491946
2026-07-31T10:25:21Z,848,10,3,8,1,0,1,1,1,1785488215
2026-07-31T10:25:21Z,849,7,2,8,0,0,1,1,1,1785493498
2026-07-31T10:25:21Z,850,9,0,1,1,0,1,1,1,1785492252
2026-07-31T10:25:21Z,851,3,3,32,2,0,1,1,1,1785492103
2026-07-31T10:25:21Z,852,12,6,7,0,0,1,1,1,1785492733
2026-07-31T10:25:21Z,853,10,5,13,0,0,1,1,1,1785491795
2026-07-31T10:25:21Z,854,3,2,12,0,0,1,1,1,1785491861
2026-07-31T10:25:21Z,855,25,0,2,0,0,1,1,1,1785488200
2026-07-31T10:25:21Z,857,1,1,18,0,0,1,1,1,1785492930
2026-07-31T10:25:21Z,858,4,1,14,1,0,1,1,1,1785493393
2026-07-31T10:25:21Z,859,3,0,17,1,0,1,1,1,1785491799
2026-07-31T10:25:21Z,861,8,1,2,1,0,1,1,1,1785488201
2026-07-31T10:25:21Z,862,2,2,13,0,0,1,1,1,1785493304
2026-07-31T10:25:21Z,863,13,0,5,1,0,1,1,1,1785488200
2026-07-31T10:25:21Z,866,11,3,8,0,0,1,1,1,1785493171
2026-07-31T10:25:21Z,867,12,0,3,0,0,1,1,1,1785492480
2026-07-31T10:25:21Z,868,13,2,2,0,0,1,1,1,1785492690
2026-07-31T10:25:21Z,870,7,4,6,2,0,1,1,1,1785492910
2026-07-31T10:25:21Z,871,0,0,10,1,0,1,1,1,1785492285
2026-07-31T10:25:21Z,872,0,0,14,1,0,1,1,1,1785492827
2026-07-31T10:25:21Z,873,0,0,32,1,0,1,1,1,1785492819
2026-07-31T10:25:21Z,874,4,2,8,3,0,1,1,1,1785493009
2026-07-31T10:25:21Z,875,14,10,0,1,0,1,1,1,1785492977
2026-07-31T10:25:21Z,877,11,10,6,2,0,1,1,1,1785492438
2026-07-31T10:25:21Z,878,3,2,15,1,0,1,1,1,1785493018
2026-07-31T10:25:21Z,879,1,0,18,0,0,1,1,1,1785492059
2026-07-31T10:25:21Z,880,3,0,19,1,0,1,1,1,1785492979
2026-07-31T10:25:21Z,881,2,0,17,0,0,1,1,1,1785492871
2026-07-31T10:25:21Z,882,10,0,6,3,0,1,1,1,1785488200
2026-07-31T10:25:21Z,883,10,6,9,0,0,1,1,1,1785493136
2026-07-31T10:25:21Z,884,11,7,10,0,0,1,1,1,1785492429
2026-07-31T10:25:21Z,885,1,0,18,0,0,1,1,1,1785492716
2026-07-31T10:25:21Z,886,16,1,12,1,0,1,1,1,1785493516
2026-07-31T10:25:21Z,887,3,1,11,3,0,1,1,1,1785493428
2026-07-31T10:25:21Z,888,12,0,27,2,0,1,1,1,1785493474
2026-07-31T10:25:21Z,889,17,1,0,2,0,1,1,1,1785493023
2026-07-31T10:25:21Z,890,6,4,9,0,0,1,1,1,1785489632
2026-07-31T10:25:21Z,891,20,0,2,1,0,1,1,1,1785492531
2026-07-31T10:25:21Z,892,13,1,2,0,0,1,1,1,1785488200
2026-07-31T10:25:21Z,895,0,0,18,1,0,1,1,1,1785489208
2026-07-31T10:25:21Z,896,6,0,29,0,0,1,1,1,1785493238
2026-07-31T10:25:21Z,897,11,1,10,0,0,1,1,1,1785492911
2026-07-31T10:25:21Z,898,2,0,17,0,0,1,1,1,1785492635
2026-07-31T10:25:21Z,899,0,0,18,1,0,1,1,1,1785491868
2026-07-31T10:25:21Z,900,19,1,6,2,0,1,1,1,1785492048
2026-07-31T10:25:21Z,901,11,0,7,1,0,1,1,1,1785493396
2026-07-31T10:25:21Z,902,9,0,5,1,0,1,1,1,1785492572
2026-07-31T10:25:21Z,903,14,2,4,1,0,1,1,1,1785492019
2026-07-31T10:25:21Z,904,10,4,8,1,0,1,1,1,1785493025
2026-07-31T10:25:21Z,905,5,0,22,0,0,1,1,1,1785493128
2026-07-31T10:25:21Z,906,7,4,20,0,0,1,1,1,1785493462
2026-07-31T10:25:21Z,907,6,1,25,0,0,1,1,1,1785493385
2026-07-31T10:25:21Z,908,11,0,12,0,0,1,1,1,1785493013
2026-07-31T10:25:21Z,909,13,3,9,1,0,1,1,1,1785493334
2026-07-31T10:25:21Z,910,22,1,9,0,0,1,1,1,1785492939
2026-07-31T10:25:21Z,911,4,1,15,0,0,1,1,1,1785492568
2026-07-31T10:25:21Z,912,9,5,12,2,0,1,1,1,1785493510
2026-07-31T10:25:21Z,913,3,1,16,0,0,1,1,1,1785491735
2026-07-31T10:25:21Z,914,8,2,11,0,0,1,1,1,1785493368
2026-07-31T10:25:21Z,915,10,1,12,1,0,1,1,1,1785493127
2026-07-31T10:25:21Z,916,22,7,0,1,0,1,1,1,1785493174
2026-07-31T10:25:21Z,917,7,2,26,2,0,1,1,1,1785493478
2026-07-31T10:25:21Z,918,12,4,5,2,0,1,1,1,1785492938
2026-07-31T10:25:21Z,919,14,1,23,2,0,1,1,1,1785493113
2026-07-31T10:25:21Z,920,4,2,15,0,0,1,1,1,1785493364
2026-07-31T10:25:21Z,921,12,0,9,0,0,1,1,1,1785492704
2026-07-31T10:25:21Z,922,4,1,17,0,0,1,1,1,1785493508
2026-07-31T10:25:21Z,923,19,2,0,0,0,1,1,1,1785492378
2026-07-31T10:25:21Z,924,8,2,13,0,0,1,1,1,1785491900
2026-07-31T10:25:21Z,925,13,0,8,0,0,1,1,1,1785493182
2026-07-31T10:25:21Z,926,0,0,21,0,0,1,1,1,1785493321
2026-07-31T10:25:21Z,927,1,0,34,0,0,1,1,1,1785491912
2026-07-31T10:25:21Z,928,5,3,14,0,0,1,1,1,1785464301
2026-07-31T10:25:21Z,929,0,0,23,0,0,1,1,1,1785492336
2026-07-31T10:25:21Z,930,0,0,30,1,0,1,1,1,1785492937
2026-07-31T10:25:21Z,931,8,3,15,0,0,1,1,1,1785493254
2026-07-31T10:25:21Z,932,5,0,11,3,0,1,1,1,1785493089
2026-07-31T10:25:21Z,933,1,0,22,0,0,1,1,1,1785493354
2026-07-31T10:25:21Z,934,2,0,28,1,0,1,1,1,1785493440
2026-07-31T10:25:21Z,935,11,3,7,1,0,1,1,1,1785492065
2026-07-31T10:25:21Z,936,4,1,15,0,0,1,1,1,1785456801
2026-07-31T10:25:21Z,940,9,0,2,0,0,1,1,1,1785491001
2026-07-31T10:25:21Z,941,10,1,13,2,0,1,1,1,1785493444
2026-07-31T10:25:21Z,942,6,1,14,1,0,1,1,1,1785493025
2026-07-31T10:25:21Z,943,9,8,6,0,0,1,1,1,1785492938
2026-07-31T10:25:21Z,944,9,8,6,0,0,1,1,1,1785492755
2026-07-31T10:25:21Z,945,10,8,5,0,0,1,1,1,1785492269
2026-07-31T10:25:21Z,946,7,5,12,0,0,1,1,1,1785487593
2026-07-31T10:25:21Z,947,7,5,10,0,0,1,1,1,1785492769
2026-07-31T10:25:21Z,948,24,8,2,5,0,1,1,1,1785493356
2026-07-31T10:25:21Z,949,1,0,14,0,0,1,1,1,1785492871
2026-07-31T10:25:21Z,950,14,4,2,1,0,1,1,1,1785492782
2026-07-31T10:25:21Z,951,17,3,5,1,0,1,1,1,1785493169
2026-07-31T10:25:21Z,952,10,0,45,0,0,1,1,1,1785492955
2026-07-31T10:25:21Z,953,13,2,1,1,0,1,1,1,1785492039
2026-07-31T10:25:21Z,954,17,4,2,0,0,1,1,1,1785492883
2026-07-31T10:25:21Z,955,4,3,17,6,0,1,1,1,1785491858
2026-07-31T10:25:21Z,956,21,0,1,1,0,1,1,1,1785492988
2026-07-31T10:25:21Z,957,15,0,14,0,0,1,1,1,1785492172
2026-07-31T10:25:21Z,958,18,1,13,0,0,1,1,1,1785493504
2026-07-31T10:25:21Z,959,20,8,0,3,0,1,1,1,1785492663
2026-07-31T10:25:21Z,960,21,1,1,1,0,1,1,1,1785493146
2026-07-31T10:25:21Z,961,3,2,17,3,0,1,1,1,1785493492
2026-07-31T10:25:21Z,962,9,3,23,3,0,1,1,1,1785492002
2026-07-31T10:25:21Z,963,9,0,13,1,0,1,1,1,1785493116
2026-07-31T10:25:21Z,964,18,8,4,1,0,1,1,1,1785493045
2026-07-31T10:25:21Z,965,5,1,21,1,0,1,1,1,1785492984
2026-07-31T10:25:21Z,966,28,0,3,0,0,1,1,1,1785493504
2026-07-31T10:25:21Z,967,18,0,2,1,0,1,1,1,1785493504
2026-07-31T10:25:21Z,968,15,0,3,1,0,1,1,1,1785492762
2026-07-31T10:25:21Z,969,10,6,15,2,0,1,1,1,1785493265
2026-07-31T10:25:21Z,970,11,1,6,2,0,1,1,1,1785493270
2026-07-31T10:25:21Z,971,11,0,11,1,0,1,1,1,1785493071
2026-07-31T10:25:21Z,972,9,1,13,1,0,1,1,1,1785492738
2026-07-31T10:25:21Z,973,8,4,14,1,0,1,1,1,1785493126
2026-07-31T10:25:21Z,974,12,0,15,0,0,1,1,1,1785493455
2026-07-31T10:25:21Z,977,7,7,11,3,0,1,1,1,1785493004
2026-07-31T10:25:21Z,978,11,0,12,0,0,1,1,1,1785492054
2026-07-31T10:25:21Z,979,13,1,4,0,0,1,1,1,1785493410
2026-07-31T10:25:21Z,980,1,0,18,2,0,1,1,1,1785492337
2026-07-31T10:25:21Z,981,18,0,2,1,0,1,1,1,1785493285
2026-07-31T10:25:21Z,982,3,1,14,2,0,1,1,1,1785492802
2026-07-31T10:25:21Z,983,2,1,20,1,0,1,1,1,1785493220
2026-07-31T10:25:21Z,984,6,0,17,0,0,1,1,1,1785492408
2026-07-31T10:25:21Z,985,12,0,19,0,0,1,1,1,1785493500
2026-07-31T10:25:21Z,986,4,0,15,0,0,1,1,1,1785492800
2026-07-31T10:25:21Z,987,6,0,16,1,0,1,1,1,1785493342
2026-07-31T10:25:21Z,988,5,1,13,1,0,1,1,1,1785492954
2026-07-31T10:25:21Z,989,9,4,10,0,0,1,1,1,1785491943
2026-07-31T10:25:21Z,990,13,1,0,2,0,1,1,1,1785493000
2026-07-31T10:25:21Z,991,10,2,8,1,0,1,1,1,1785492669
2026-07-31T10:25:21Z,992,10,7,12,1,0,1,1,1,1785491725
2026-07-31T10:25:21Z,993,0,0,27,0,0,1,1,1,1785476008
2026-07-31T10:25:21Z,994,3,1,18,0,0,1,1,1,1785491941
2026-07-31T10:25:21Z,995,7,1,20,0,0,1,1,1,1785492979
2026-07-31T10:25:21Z,996,8,1,15,0,0,1,1,1,1785492779
2026-07-31T10:25:21Z,997,11,5,10,2,0,1,1,1,1785493488
2026-07-31T10:25:21Z,998,2,2,20,1,0,1,1,1,1785493093
2026-07-31T10:25:21Z,999,3,1,15,2,1,1,1,1,1785492869
2026-07-31T10:25:21Z,1000,5,2,16,0,0,1,1,1,1785492305
2026-07-31T10:25:21Z,1001,2,1,25,0,0,1,1,1,1785493119
2026-07-31T10:25:21Z,1002,0,0,27,4,0,1,1,1,1785493124
2026-07-31T10:25:21Z,1003,0,0,22,1,0,1,1,1,1785492741
2026-07-31T10:25:21Z,1004,8,1,15,0,0,1,1,1,1785492182
2026-07-31T10:25:21Z,1005,20,1,3,0,0,1,1,1,1785492930
2026-07-31T10:25:21Z,1006,7,4,11,1,0,1,1,1,1785492763
2026-07-31T10:25:21Z,1007,2,1,19,0,0,1,1,1,1785492396
2026-07-31T10:25:21Z,1008,6,5,15,2,0,1,1,1,1785491901
2026-07-31T10:25:21Z,1009,19,2,8,4,0,1,1,1,1785491769
2026-07-31T10:25:21Z,1010,7,2,20,0,0,1,1,1,1785492604
2026-07-31T10:25:21Z,1011,8,2,9,2,0,1,1,1,1785493137
2026-07-31T10:25:21Z,1012,4,3,18,1,0,1,1,1,1785492696
2026-07-31T10:25:21Z,1013,4,1,18,1,0,1,1,1,1785493292
2026-07-31T10:25:21Z,1014,7,2,13,3,0,1,1,1,1785493216
2026-07-31T10:25:21Z,1015,3,1,25,3,0,1,1,1,1785493497
2026-07-31T10:25:21Z,1016,10,5,21,0,0,1,1,1,1785492565
2026-07-31T10:25:21Z,1017,14,5,7,0,0,1,1,1,1785492102
2026-07-31T10:25:21Z,1018,7,2,15,0,0,1,1,1,1785492783
2026-07-31T10:25:21Z,1019,9,6,6,0,0,1,1,1,1785492708
2026-07-31T10:25:21Z,1020,18,3,3,0,0,1,1,1,1785491971
2026-07-31T10:25:21Z,1021,9,3,5,1,0,1,1,1,1785493509
2026-07-31T10:25:21Z,1022,14,0,13,0,0,1,1,1,1785492878
2026-07-31T10:25:21Z,1023,13,1,9,1,0,1,1,1,1785492519
2026-07-31T10:25:21Z,1024,5,2,13,1,0,1,1,1,1785493516
2026-07-31T10:25:21Z,1025,4,0,14,0,1,1,1,1,1785492846
2026-07-31T10:25:21Z,1026,7,4,18,6,0,1,1,1,1785492265
2026-07-31T10:25:21Z,1028,2,0,20,1,0,1,1,1,1785492875
2026-07-31T10:25:21Z,1029,9,9,5,1,0,1,1,1,1785491992
2026-07-31T10:25:21Z,1030,14,5,9,0,0,1,1,1,1785491740
2026-07-31T10:25:21Z,1031,8,0,11,0,0,1,1,1,1785492104
2026-07-31T10:25:21Z,1032,7,1,12,0,0,1,1,1,1785492769
2026-07-31T10:25:21Z,1033,9,5,9,1,0,1,1,1,1785491766
2026-07-31T10:25:21Z,1034,2,0,13,0,0,1,1,1,1785492781
2026-07-31T10:25:21Z,1035,1,0,16,2,0,1,1,1,1785492815
2026-07-31T10:25:21Z,1036,14,0,1,0,0,1,1,1,1785493360
2026-07-31T10:25:21Z,1037,4,0,14,1,0,1,1,1,1785493083
2026-07-31T10:25:21Z,1038,2,0,12,1,0,1,1,1,1785492479
2026-07-31T10:25:21Z,1039,7,2,12,0,0,1,1,1,1785492923
2026-07-31T10:25:21Z,1040,7,3,10,2,0,1,1,1,1785492808
2026-07-31T10:25:21Z,1041,10,3,8,1,0,1,1,1,1785493504
2026-07-31T10:25:21Z,1042,12,1,1,2,0,1,1,1,1785492785
2026-07-31T10:25:21Z,1043,9,0,7,3,0,1,1,1,1785492842
2026-07-31T10:25:21Z,1044,2,1,12,1,0,1,1,1,1785492535
2026-07-31T10:25:21Z,1045,11,1,8,0,0,1,1,1,1785492755
2026-07-31T10:25:21Z,1046,9,0,6,0,0,1,1,1,1785492158
2026-07-31T10:25:21Z,1047,4,0,17,0,0,1,1,1,1785491707
2026-07-31T10:25:21Z,1048,10,1,9,0,0,1,1,1,1785492733
2026-07-31T10:25:21Z,1049,5,0,16,0,0,1,1,1,1785492798
2026-07-31T10:25:21Z,1050,17,4,4,0,0,1,1,1,1785492079
2026-07-31T10:25:21Z,1051,8,3,13,0,0,1,1,1,1785491971
2026-07-31T10:25:21Z,1052,17,2,5,0,0,1,1,1,1785492597
2026-07-31T10:25:21Z,1053,2,1,13,0,0,1,1,1,1785492660
2026-07-31T10:25:21Z,1054,14,1,1,0,0,1,1,1,1785492920
2026-07-31T10:25:21Z,1055,8,2,11,0,0,1,1,1,1785492900
2026-07-31T10:25:21Z,1057,17,0,1,1,0,1,1,1,1785493376
2026-07-31T10:25:21Z,1058,1,0,55,0,0,1,1,1,1785492861
2026-07-31T10:25:21Z,1059,0,0,18,1,0,1,1,1,1785492790
2026-07-31T10:25:21Z,1060,31,0,6,0,0,1,1,1,1785492532
2026-07-31T10:25:21Z,1061,12,1,24,1,0,1,1,1,1785493360
2026-07-31T10:25:21Z,1062,2,0,15,0,0,1,1,1,1785493273
2026-07-31T10:25:21Z,1063,12,1,6,1,0,1,1,1,1785492811
2026-07-31T10:25:21Z,1064,3,0,19,1,0,1,1,1,1785493145
2026-07-31T10:25:21Z,1065,16,3,7,0,0,1,1,1,1785493385
2026-07-31T10:25:21Z,1066,10,2,13,0,0,1,1,1,1785493210
2026-07-31T10:25:21Z,1067,8,2,13,2,0,1,1,1,1785493478
2026-07-31T10:25:21Z,1068,8,2,13,2,0,1,1,1,1785492969
2026-07-31T10:25:21Z,1069,12,3,11,0,0,1,1,1,1785493019
2026-07-31T10:25:21Z,1070,12,2,11,0,0,1,1,1,1785493115
2026-07-31T10:25:21Z,1071,7,4,16,0,0,1,1,1,1785493154
2026-07-31T10:25:21Z,1072,11,1,11,1,0,1,1,1,1785493393
2026-07-31T10:25:21Z,1073,25,6,1,1,0,1,1,1,1785492455
2026-07-31T10:25:21Z,1074,0,0,52,1,0,1,1,1,1785492973
2026-07-31T10:25:21Z,1075,10,10,11,0,0,1,1,1,1785492523
2026-07-31T10:25:21Z,1076,15,12,6,0,0,1,1,1,1785493475
2026-07-31T10:25:21Z,1077,8,5,13,0,0,1,1,1,1785492740
2026-07-31T10:25:21Z,1078,11,10,10,0,0,1,1,1,1785492003
2026-07-31T10:25:21Z,1079,11,8,10,0,0,1,1,1,1785492631
2026-07-31T10:25:21Z,1080,10,8,10,1,0,1,1,1,1785493231
2026-07-31T10:25:21Z,1081,13,8,6,0,0,1,1,1,1785491804
2026-07-31T10:25:21Z,1082,7,7,1,0,0,1,1,1,1785493099
2026-07-31T10:25:21Z,1083,13,11,8,0,0,1,1,1,1785492899
2026-07-31T10:25:21Z,1084,9,8,12,0,0,1,1,1,1785492516
2026-07-31T10:25:21Z,1085,10,10,11,0,0,1,1,1,1785492162
2026-07-31T10:25:21Z,1086,0,0,20,1,0,1,1,1,1785492868
2026-07-31T10:25:21Z,1087,12,7,3,0,0,1,1,1,1785492056
2026-07-31T10:25:21Z,1088,10,7,5,0,0,1,1,1,1785492814
2026-07-31T10:25:21Z,1089,5,3,10,0,0,1,1,1,1785493169
2026-07-31T10:25:21Z,1090,10,9,5,0,0,1,1,1,1785493015
2026-07-31T10:25:21Z,1091,12,7,3,0,0,1,1,1,1785491797
2026-07-31T10:25:21Z,1092,9,9,5,1,0,1,1,1,1785493158
2026-07-31T10:25:21Z,1093,7,6,8,0,0,1,1,1,1785491706
2026-07-31T10:25:21Z,1094,10,8,8,1,0,1,1,1,1785492776
2026-07-31T10:25:21Z,1095,9,8,6,0,0,1,1,1,1785493462
2026-07-31T10:25:21Z,1096,3,1,15,1,0,1,1,1,1785493131
2026-07-31T10:25:21Z,1097,9,9,6,0,0,1,1,1,1785493345
2026-07-31T10:25:21Z,1098,9,7,10,0,0,1,1,1,1785491871
2026-07-31T10:25:21Z,1099,7,6,8,0,0,1,1,1,1785492602
2026-07-31T10:25:21Z,1100,6,2,23,0,0,1,1,1,1785487894
2026-07-31T10:25:21Z,1101,9,5,12,0,0,1,1,1,1785492495
2026-07-31T10:25:21Z,1102,9,4,4,0,0,1,1,1,1785491782
2026-07-31T10:25:21Z,1103,10,5,11,0,0,1,1,1,1785487895
2026-07-31T10:25:21Z,1104,10,5,11,0,0,1,1,1,1785492251
2026-07-31T10:25:21Z,1105,8,4,5,0,0,1,1,1,1785493481
2026-07-31T10:25:21Z,1106,10,5,11,0,0,1,1,1,1785492914
2026-07-31T10:25:21Z,1107,9,5,6,0,0,1,1,1,1785492882
2026-07-31T10:25:21Z,1108,6,3,18,3,0,1,1,1,1785493379
2026-07-31T10:25:21Z,1109,6,1,9,0,0,1,1,1,1785492838
2026-07-31T10:25:21Z,1110,12,4,9,0,0,1,1,1,1785492121
2026-07-31T10:25:21Z,1111,3,2,18,0,0,1,1,1,1785475740
2026-07-31T10:25:21Z,1112,39,0,14,0,0,1,1,1,1785492678
2026-07-31T10:25:21Z,1113,1,0,20,0,0,1,1,1,1785492076
2026-07-31T10:25:21Z,1115,17,5,3,3,0,1,1,1,1785493287
2026-07-31T10:25:21Z,1116,5,1,14,0,0,1,1,1,1785492787
2026-07-31T10:25:21Z,1117,13,3,9,1,0,1,1,1,1785493169
2026-07-31T10:25:21Z,1118,16,1,3,2,0,1,1,1,1785492600
2026-07-31T10:25:21Z,1119,12,1,4,1,0,1,1,1,1785493274
2026-07-31T10:25:21Z,1120,13,0,6,0,0,1,1,1,1785492867
2026-07-31T10:25:21Z,1121,14,2,4,3,0,1,1,1,1785493508
2026-07-31T10:25:21Z,1122,15,9,3,3,0,1,1,1,1785492225
2026-07-31T10:25:21Z,1123,6,3,15,2,0,1,1,1,1785492426
2026-07-31T10:25:21Z,1124,8,0,2,5,0,1,1,1,1785492599
2026-07-31T10:25:21Z,1125,15,1,8,0,0,1,1,1,1785493066
2026-07-31T10:25:21Z,1126,4,0,16,1,0,1,1,1,1785492150
2026-07-31T10:25:21Z,1127,6,1,12,1,0,1,1,1,1785493107
2026-07-31T10:25:21Z,1128,14,2,0,1,0,1,1,1,1785492788
2026-07-31T10:25:21Z,1129,3,2,17,1,0,1,1,1,1785492515
2026-07-31T10:25:21Z,1130,6,0,9,0,0,1,1,1,1785492575
2026-07-31T10:25:21Z,1131,0,0,48,1,0,1,1,1,1785491736
2026-07-31T10:25:21Z,1132,13,6,7,1,0,1,1,1,1785492433
2026-07-31T10:25:21Z,1133,15,12,5,1,0,1,1,1,1785492602
2026-07-31T10:25:21Z,1134,11,7,8,0,0,1,1,1,1785493293
2026-07-31T10:25:21Z,1135,10,5,11,0,0,1,1,1,1785492389
2026-07-31T10:25:21Z,1136,6,0,17,0,0,1,1,1,1785492961
2026-07-31T10:25:21Z,1137,13,0,2,0,0,1,1,1,1785492707
2026-07-31T10:25:21Z,1138,15,2,4,0,0,1,1,1,1785492749
2026-07-31T10:25:21Z,1139,18,4,1,2,0,1,1,1,1785493273
2026-07-31T10:25:21Z,1140,22,3,0,1,0,1,1,1,1785492500
2026-07-31T10:25:21Z,1141,2,0,19,0,0,1,1,1,1785492512
2026-07-31T10:25:21Z,1142,2,0,19,0,0,1,1,1,1785493426
2026-07-31T10:25:21Z,1143,19,0,9,1,0,1,1,1,1785493122
2026-07-31T10:25:21Z,1144,7,1,13,1,0,1,1,1,1785493028
2026-07-31T10:25:21Z,1145,13,6,7,1,0,1,1,1,1785493168
2026-07-31T10:25:21Z,1146,11,1,4,4,0,1,1,1,1785492890
2026-07-31T10:25:21Z,1147,3,0,16,0,0,1,1,1,1785492714
2026-07-31T10:25:21Z,1148,24,6,7,0,0,1,1,1,1785493474
2026-07-31T10:25:21Z,1149,3,3,22,0,0,1,1,1,1785492438
2026-07-31T10:25:21Z,1150,18,1,1,0,0,1,1,1,1785492575
2026-07-31T10:25:21Z,1151,12,0,9,0,0,1,1,1,1785493435
2026-07-31T10:25:21Z,1152,18,1,11,0,0,1,1,1,1785493288
2026-07-31T10:25:21Z,1153,21,6,1,1,0,1,1,1,1785493323
2026-07-31T10:25:21Z,1154,13,1,6,0,0,1,1,1,1785492218
2026-07-31T10:25:21Z,1155,14,6,6,1,0,1,1,1,1785493337
2026-07-31T10:25:21Z,1158,3,0,15,1,0,1,1,1,1785492677
2026-07-31T10:25:21Z,1159,13,1,6,0,0,1,1,1,1785493032
2026-07-31T10:25:21Z,1160,9,1,9,1,0,1,1,1,1785491836
2026-07-31T10:25:21Z,1161,3,0,15,1,0,1,1,1,1785493167
2026-07-31T10:25:21Z,1162,2,1,17,0,0,1,1,1,1785493417
2026-07-31T10:25:21Z,1163,1,1,17,1,0,1,1,1,1785492793
2026-07-31T10:25:21Z,1164,6,1,13,0,0,1,1,1,1785492852
2026-07-31T10:25:21Z,1165,5,0,16,0,0,1,1,1,1785491769
2026-07-31T10:25:21Z,1166,12,3,8,1,0,1,1,1,1785493100
2026-07-31T10:25:21Z,1167,4,0,11,0,0,1,1,1,1785492560
2026-07-31T10:25:21Z,1168,2,1,20,1,0,1,1,1,1785493049
2026-07-31T10:25:21Z,1169,3,0,15,1,0,1,1,1,1785492699
2026-07-31T10:25:21Z,1170,6,0,14,1,0,1,1,1,1785493071
2026-07-31T10:25:21Z,1171,7,6,15,1,0,1,1,1,1785492744
2026-07-31T10:25:21Z,1172,7,2,6,2,0,1,1,1,1785492959
2026-07-31T10:25:21Z,1173,13,5,6,0,0,1,1,1,1785492948
2026-07-31T10:25:21Z,1174,6,3,9,0,0,1,1,1,1785492628
2026-07-31T10:25:21Z,1175,8,4,11,0,0,1,1,1,1785491319
2026-07-31T10:25:21Z,1176,19,1,2,0,0,1,1,1,1785492153
2026-07-31T10:25:21Z,1177,2,0,19,0,0,1,1,1,1785492075
2026-07-31T10:25:21Z,1178,2,1,13,0,0,1,1,1,1785492595
2026-07-31T10:25:21Z,1181,11,0,3,1,0,1,1,1,1785492552
2026-07-31T10:25:21Z,1182,2,0,18,0,0,1,1,1,1785493458
2026-07-31T10:25:21Z,1183,1,0,42,2,0,1,1,1,1785492643
2026-07-31T10:25:21Z,1184,12,6,8,1,0,1,1,1,1785492258
2026-07-31T10:25:21Z,1185,10,5,11,0,0,1,1,1,1785492203
2026-07-31T10:25:21Z,1186,9,5,10,0,0,1,1,1,1785493216
2026-07-31T10:25:21Z,1187,12,6,8,1,0,1,1,1,1785491754
2026-07-31T10:25:21Z,1188,10,5,5,0,0,1,1,1,1785492888
2026-07-31T10:25:21Z,1189,10,5,9,0,0,1,1,1,1785492977
2026-07-31T10:25:21Z,1190,10,5,11,0,0,1,1,1,1785492371
2026-07-31T10:25:21Z,1191,10,5,5,0,0,1,1,1,1785492895
2026-07-31T10:25:21Z,1192,10,6,10,1,0,1,1,1,1785492739
2026-07-31T10:25:21Z,1193,6,4,5,2,0,1,1,1,1785491899
2026-07-31T10:25:21Z,1197,9,6,7,1,0,1,1,1,1785491862
2026-07-31T10:25:21Z,1198,14,4,5,2,0,1,1,1,1785493263
2026-07-31T10:25:21Z,1199,2,0,17,0,0,1,1,1,1785493276
2026-07-31T10:25:21Z,1200,11,5,4,0,0,1,1,1,1785492931
2026-07-31T10:25:21Z,1201,11,5,4,0,0,1,1,1,1785492908
2026-07-31T10:25:21Z,1202,12,6,3,0,0,1,1,1,1785493009
2026-07-31T10:25:21Z,1203,9,6,6,0,0,1,1,1,1785492905
2026-07-31T10:25:21Z,1204,7,3,11,1,0,1,1,1,1785492652
2026-07-31T10:25:21Z,1206,11,5,10,0,0,1,1,1,1785491870
2026-07-31T10:25:21Z,1207,8,4,6,1,0,1,1,1,1785493221
2026-07-31T10:25:21Z,1208,7,2,11,1,0,1,1,1,1785493131
2026-07-31T10:25:21Z,1216,7,0,13,1,0,1,1,1,1785492099
2026-07-31T10:25:21Z,1218,4,0,17,0,0,1,1,1,1785492493
2026-07-31T10:25:21Z,1219,6,1,8,1,0,1,1,1,1785492398
2026-07-31T10:25:21Z,1220,14,7,4,1,0,1,1,1,1785492150
2026-07-31T10:25:21Z,1221,1,1,19,1,0,1,1,1,1785491804
2026-07-31T10:25:21Z,1222,29,1,0,0,0,1,1,1,1785492752
2026-07-31T10:25:21Z,1223,23,0,6,0,0,1,1,1,1785492586
2026-07-31T10:25:21Z,1226,0,0,3,0,0,0,1,1,1781868931
2026-07-31T10:25:21Z,1227,21,1,4,0,0,1,1,1,1785493072
2026-07-31T10:25:21Z,1228,14,0,14,1,0,1,1,1,1785493335
2026-07-31T10:25:21Z,1229,34,0,11,0,0,1,1,1,1785493035
2026-07-31T10:30:21Z,1,3,0,20,0,0,1,1,1,1785492989
2026-07-31T10:30:21Z,2,21,0,3,3,0,1,1,1,1785492483
2026-07-31T10:30:21Z,3,9,0,4,1,0,1,1,1,1785485488
2026-07-31T10:30:21Z,4,1,0,20,1,0,1,1,1,1785487895
2026-07-31T10:30:21Z,5,9,3,13,1,0,1,1,1,1785484887
2026-07-31T10:30:21Z,6,6,2,9,0,0,1,1,1,1785486991
2026-07-31T10:30:21Z,7,1,0,38,0,0,1,1,1,1785492363
2026-07-31T10:30:21Z,8,0,0,43,0,0,1,1,1,1785487014
2026-07-31T10:30:21Z,9,1,0,21,1,0,1,1,1,1785493415
2026-07-31T10:30:21Z,10,0,0,21,3,0,1,1,1,1785493107
2026-07-31T10:30:21Z,11,16,6,2,1,0,1,1,1,1785493091
2026-07-31T10:30:21Z,12,0,0,23,0,0,1,1,1,1785490105
2026-07-31T10:30:21Z,13,11,0,19,0,0,1,1,1,1785488834
2026-07-31T10:30:21Z,14,3,0,39,0,1,1,1,1,1785491439
2026-07-31T10:30:21Z,15,3,0,12,0,0,1,1,1,1785488861
2026-07-31T10:30:21Z,16,8,0,16,2,1,1,1,1,1785487292
2026-07-31T10:30:21Z,17,7,0,19,1,0,1,1,1,1785491479
2026-07-31T10:30:21Z,18,6,0,10,2,0,1,1,1,1785492179
2026-07-31T10:30:21Z,19,11,0,15,1,0,1,1,1,1785493205
2026-07-31T10:30:21Z,20,31,0,4,0,0,1,1,1,1785491965
2026-07-31T10:30:21Z,21,1,0,17,1,0,1,1,1,1785493427
2026-07-31T10:30:21Z,22,19,0,45,1,0,1,1,1,1785492488
2026-07-31T10:30:21Z,23,10,5,21,0,0,1,1,1,1785487895
2026-07-31T10:30:21Z,24,0,0,9,2,0,1,1,1,1785493810
2026-07-31T10:30:21Z,25,2,2,78,0,1,1,1,1,1785493646
2026-07-31T10:30:21Z,26,1,0,26,0,0,1,1,1,1785491464
2026-07-31T10:30:21Z,28,15,3,0,0,0,1,1,1,1785486991
2026-07-31T10:30:21Z,30,1,0,27,1,0,1,1,1,1785486089
2026-07-31T10:30:21Z,31,0,0,17,2,0,1,1,1,1785493800
2026-07-31T10:30:21Z,32,19,1,8,0,0,1,1,1,1785493506
2026-07-31T10:30:21Z,34,3,1,33,1,0,1,1,1,1785493238
2026-07-31T10:30:21Z,35,3,1,43,1,0,1,1,1,1785493681
2026-07-31T10:30:21Z,36,0,0,0,0,0,0,1,1,86400
2026-07-31T10:30:21Z,37,1,0,22,0,0,1,1,1,1785491559
2026-07-31T10:30:21Z,38,1,0,22,0,0,1,1,1,1785490318
2026-07-31T10:30:21Z,39,23,5,16,0,0,1,1,1,1785493410
2026-07-31T10:30:21Z,40,16,0,4,1,0,1,1,1,1785493705
2026-07-31T10:30:21Z,41,2,1,40,1,0,1,1,1,1785491500
2026-07-31T10:30:21Z,42,31,8,0,0,0,1,1,1,1785472558
2026-07-31T10:30:21Z,43,5,0,18,0,0,1,1,1,1785490390
2026-07-31T10:30:21Z,45,2,0,26,1,0,1,1,1,1785492300
2026-07-31T10:30:21Z,46,12,2,19,0,0,1,1,1,1785491240
2026-07-31T10:30:21Z,47,14,6,0,1,0,1,1,1,1785492895
2026-07-31T10:30:21Z,48,20,0,7,0,0,1,1,1,1785487579
2026-07-31T10:30:21Z,49,4,0,16,3,0,1,1,1,1785493815
2026-07-31T10:30:21Z,50,1,1,18,0,0,1,1,1,1785488641
2026-07-31T10:30:21Z,51,68,0,9,0,0,1,1,1,1785487292
2026-07-31T10:30:21Z,52,0,0,24,3,0,1,1,1,1785493543
2026-07-31T10:30:21Z,55,1,1,22,0,0,1,1,1,1785487781
2026-07-31T10:30:21Z,56,1,0,42,0,0,1,1,1,1785493668
2026-07-31T10:30:21Z,57,0,0,27,0,0,1,1,1,1785486089
2026-07-31T10:30:21Z,58,0,0,28,0,0,1,1,1,1785489985
2026-07-31T10:30:21Z,59,1,0,24,2,0,1,1,1,1785493693
2026-07-31T10:30:21Z,61,2,1,37,0,0,1,1,1,1785491414
2026-07-31T10:30:21Z,62,5,3,43,1,0,1,1,1,1785493490
2026-07-31T10:30:21Z,63,13,0,6,0,0,1,1,1,1785492690
2026-07-31T10:30:21Z,64,10,1,5,4,0,1,1,1,1785493091
2026-07-31T10:30:21Z,65,16,7,2,1,0,1,1,1,1785491350
2026-07-31T10:30:21Z,67,16,0,23,0,0,1,1,1,1785491870
2026-07-31T10:30:21Z,68,0,0,37,0,0,1,1,1,1785488201
2026-07-31T10:30:21Z,69,13,1,2,0,0,1,1,1,1785493502
2026-07-31T10:30:21Z,71,2,0,24,1,0,1,1,1,1785492683
2026-07-31T10:30:21Z,72,20,5,9,2,0,1,1,1,1785493237
2026-07-31T10:30:21Z,73,1,0,30,0,0,1,1,1,1785491470
2026-07-31T10:30:21Z,74,13,6,6,0,0,1,1,1,1785489103
2026-07-31T10:30:21Z,75,0,0,31,1,0,1,1,1,1785487292
2026-07-31T10:30:21Z,76,17,0,1,1,0,1,1,1,1785493814
2026-07-31T10:30:21Z,77,23,0,3,1,0,1,1,1,1785492484
2026-07-31T10:30:21Z,78,7,3,14,2,0,1,1,1,1785493347
2026-07-31T10:30:21Z,79,5,3,11,1,0,1,1,1,1785491374
2026-07-31T10:30:21Z,80,16,0,4,3,0,1,1,1,1785493749
2026-07-31T10:30:21Z,81,5,0,26,0,0,1,1,1,1785486390
2026-07-31T10:30:21Z,82,12,0,11,0,0,1,1,1,1785491795
2026-07-31T10:30:21Z,83,9,1,24,1,0,1,1,1,1785493816
2026-07-31T10:30:21Z,84,24,0,3,0,0,1,1,1,1785493402
2026-07-31T10:30:21Z,85,0,0,15,0,0,1,1,1,1785492381
2026-07-31T10:30:21Z,86,25,0,1,1,0,1,1,1,1785486691
2026-07-31T10:30:21Z,87,10,0,9,0,0,1,1,1,1785488201
2026-07-31T10:30:21Z,88,2,0,40,1,0,1,1,1,1785492709
2026-07-31T10:30:21Z,89,22,0,13,0,0,1,1,1,1785487292
2026-07-31T10:30:21Z,90,6,2,10,2,0,1,1,1,1785490958
2026-07-31T10:30:21Z,91,13,0,4,0,0,1,1,1,1785490693
2026-07-31T10:30:21Z,92,10,4,6,3,0,1,1,1,1785493636
2026-07-31T10:30:21Z,93,0,0,23,0,0,1,1,1,1785486390
2026-07-31T10:30:21Z,94,3,0,15,1,0,1,1,1,1785492659
2026-07-31T10:30:21Z,95,24,2,9,1,1,1,1,1,1785493084
2026-07-31T10:30:21Z,96,28,0,2,1,0,1,1,1,1785491842
2026-07-31T10:30:21Z,97,0,0,16,1,0,1,1,1,1785493730
2026-07-31T10:30:21Z,98,20,0,14,1,0,1,1,1,1785491722
2026-07-31T10:30:21Z,99,4,2,11,0,0,1,1,1,1785486802
2026-07-31T10:30:21Z,100,1,0,26,0,0,1,1,1,1785492496
2026-07-31T10:30:21Z,101,1,0,13,1,0,1,1,1,1785485789
2026-07-31T10:30:21Z,102,0,0,23,0,0,1,1,1,1785487553
2026-07-31T10:30:21Z,103,6,0,24,0,0,1,1,1,1785492441
2026-07-31T10:30:21Z,104,0,0,25,2,0,1,1,1,1785493816
2026-07-31T10:30:21Z,105,16,1,3,0,0,1,1,1,1785486390
2026-07-31T10:30:21Z,106,1,0,20,0,0,1,1,1,1785490634
2026-07-31T10:30:21Z,107,0,0,37,0,0,1,1,1,1785485489
2026-07-31T10:30:21Z,108,13,1,22,0,0,1,1,1,1785493594
2026-07-31T10:30:21Z,109,12,0,11,0,0,1,1,1,1785493802
2026-07-31T10:30:21Z,110,14,1,9,0,0,1,1,1,1785493815
2026-07-31T10:30:21Z,111,1,0,35,0,0,1,1,1,1785490951
2026-07-31T10:30:21Z,112,4,0,10,1,0,1,1,1,1785490423
2026-07-31T10:30:21Z,113,5,0,11,3,0,1,1,1,1785493755
2026-07-31T10:30:21Z,114,6,6,23,1,1,1,1,1,1785493659
2026-07-31T10:30:21Z,115,2,1,24,2,0,1,1,1,1785493359
2026-07-31T10:30:21Z,116,3,3,23,1,0,1,1,1,1785487594
2026-07-31T10:30:21Z,118,20,9,0,3,0,1,1,1,1785493657
2026-07-31T10:30:21Z,119,29,2,5,4,0,1,1,1,1785493660
2026-07-31T10:30:21Z,120,21,1,5,1,0,1,1,1,1785492726
2026-07-31T10:30:21Z,121,5,2,13,0,1,1,1,1,1785493677
2026-07-31T10:30:21Z,122,10,0,10,1,0,1,1,1,1785491486
2026-07-31T10:30:21Z,123,8,1,39,0,0,1,1,1,1785485188
2026-07-31T10:30:21Z,124,30,0,5,0,0,1,1,1,1785492197
2026-07-31T10:30:21Z,125,6,2,17,0,0,1,1,1,1785490205
2026-07-31T10:30:21Z,126,23,2,8,0,0,1,1,1,1785493316
2026-07-31T10:30:21Z,127,9,1,24,2,0,1,1,1,1785493749
2026-07-31T10:30:21Z,128,17,1,2,0,0,1,1,1,1785490685
2026-07-31T10:30:21Z,129,17,1,0,2,0,1,1,1,1785486089
2026-07-31T10:30:21Z,130,5,1,12,0,0,1,1,1,1785490452
2026-07-31T10:30:21Z,131,7,3,2,2,0,1,1,1,1785493570
2026-07-31T10:30:21Z,132,13,6,1,0,1,1,1,1,1785490417
2026-07-31T10:30:21Z,134,4,0,14,5,0,1,1,1,1785493785
2026-07-31T10:30:21Z,135,8,4,10,1,0,1,1,1,1785488917
2026-07-31T10:30:21Z,136,7,0,8,1,7,1,1,1,1785493549
2026-07-31T10:30:21Z,137,8,2,11,0,0,1,1,1,1785491896
2026-07-31T10:30:21Z,138,35,2,2,0,0,1,1,1,1785493800
2026-07-31T10:30:21Z,139,17,3,2,0,0,1,1,1,1785491526
2026-07-31T10:30:21Z,140,16,9,5,2,0,1,1,1,1785493813
2026-07-31T10:30:21Z,141,30,1,6,0,0,1,1,1,1785493588
2026-07-31T10:30:21Z,142,23,1,0,0,0,1,1,1,1785490160
2026-07-31T10:30:21Z,143,14,3,16,1,0,1,1,1,1785493526
2026-07-31T10:30:21Z,144,22,0,5,0,0,1,1,1,1785491889
2026-07-31T10:30:21Z,146,8,1,14,1,0,1,1,1,1785486463
2026-07-31T10:30:21Z,147,10,3,7,2,0,1,1,1,1785493799
2026-07-31T10:30:21Z,148,23,0,3,0,1,1,1,1,1785493701
2026-07-31T10:30:21Z,149,17,4,9,1,0,1,1,1,1785493052
2026-07-31T10:30:21Z,150,27,6,5,3,0,1,1,1,1785493631
2026-07-31T10:30:21Z,151,20,6,3,0,0,1,1,1,1785492686
2026-07-31T10:30:21Z,152,20,2,3,4,0,1,1,1,1785493633
2026-07-31T10:30:21Z,153,13,1,12,6,0,1,1,1,1785493591
2026-07-31T10:30:21Z,154,15,2,5,3,0,1,1,1,1785493618
2026-07-31T10:30:21Z,155,10,4,3,1,0,1,1,1,1785493748
2026-07-31T10:30:21Z,156,13,0,6,0,0,1,1,1,1785493377
2026-07-31T10:30:21Z,157,14,0,11,2,0,1,1,1,1785493784
2026-07-31T10:30:21Z,158,16,2,0,0,0,1,1,1,1785488201
2026-07-31T10:30:21Z,159,4,1,15,0,0,1,1,1,1785492987
2026-07-31T10:30:21Z,160,18,1,1,0,0,1,1,1,1785491594
2026-07-31T10:30:21Z,161,19,3,3,0,0,1,1,1,1785492832
2026-07-31T10:30:21Z,162,10,0,16,1,0,1,1,1,1785488396
2026-07-31T10:30:21Z,163,27,2,3,0,1,1,1,1,1785493656
2026-07-31T10:30:21Z,164,25,7,1,1,0,1,1,1,1785492858
2026-07-31T10:30:21Z,165,21,10,9,1,0,1,1,1,1785490458
2026-07-31T10:30:21Z,166,32,8,3,4,0,1,1,1,1785493817
2026-07-31T10:30:21Z,167,19,9,2,2,0,1,1,1,1785491219
2026-07-31T10:30:21Z,168,18,0,8,1,0,1,1,1,1785493736
2026-07-31T10:30:21Z,169,1,0,21,0,1,1,1,1,1785487293
2026-07-31T10:30:21Z,170,17,4,0,2,0,1,1,1,1785488379
2026-07-31T10:30:21Z,171,10,3,1,2,0,1,1,1,1785493617
2026-07-31T10:30:21Z,173,37,0,2,0,0,1,1,1,1785490623
2026-07-31T10:30:21Z,174,22,1,2,2,0,1,1,1,1785493579
2026-07-31T10:30:21Z,175,7,0,24,0,0,1,1,1,1785493749
2026-07-31T10:30:21Z,176,7,2,7,0,1,1,1,1,1785492475
2026-07-31T10:30:21Z,177,18,1,9,0,0,1,1,1,1785493337
2026-07-31T10:30:21Z,178,2,0,10,2,1,1,1,1,1785493815
2026-07-31T10:30:21Z,179,12,2,2,1,0,1,1,1,1785492090
2026-07-31T10:30:21Z,180,28,0,2,0,0,1,1,1,1785492120
2026-07-31T10:30:21Z,181,12,1,2,1,0,1,1,1,1785492149
2026-07-31T10:30:21Z,182,12,1,5,0,0,1,1,1,1785493536
2026-07-31T10:30:21Z,183,14,0,9,0,0,1,1,1,1785492326
2026-07-31T10:30:21Z,184,3,1,19,1,0,1,1,1,1785493773
2026-07-31T10:30:21Z,185,11,1,1,2,1,1,1,1,1785493425
2026-07-31T10:30:21Z,186,3,0,16,0,0,1,1,1,1785492102
2026-07-31T10:30:21Z,187,9,0,18,1,0,1,1,1,1785491965
2026-07-31T10:30:21Z,188,11,0,8,8,0,1,1,1,1785493606
2026-07-31T10:30:21Z,189,15,4,0,0,0,1,1,1,1785487895
2026-07-31T10:30:21Z,190,4,0,19,0,0,1,1,1,1785492508
2026-07-31T10:30:21Z,191,1,0,38,0,0,1,1,1,1785493694
2026-07-31T10:30:21Z,192,12,4,16,3,0,1,1,1,1785486089
2026-07-31T10:30:21Z,193,1,0,14,0,0,1,1,1,1785490688
2026-07-31T10:30:21Z,194,15,1,11,1,0,1,1,1,1785493255
2026-07-31T10:30:21Z,195,11,1,6,2,0,1,1,1,1785493068
2026-07-31T10:30:21Z,196,21,1,4,2,0,1,1,1,1785493681
2026-07-31T10:30:21Z,197,16,3,1,1,1,1,1,1,1785489625
2026-07-31T10:30:21Z,198,18,16,5,0,0,1,1,1,1785492571
2026-07-31T10:30:21Z,199,7,6,5,3,0,1,1,1,1785493386
2026-07-31T10:30:21Z,200,12,0,13,1,0,1,1,1,1785492701
2026-07-31T10:30:21Z,201,8,4,15,0,0,1,1,1,1785491857
2026-07-31T10:30:21Z,202,1,0,26,0,0,1,1,1,1785492963
2026-07-31T10:30:21Z,203,26,2,4,1,0,1,1,1,1785493376
2026-07-31T10:30:21Z,204,29,0,5,1,0,1,1,1,1785493180
2026-07-31T10:30:21Z,205,13,1,14,0,0,1,1,1,1785488894
2026-07-31T10:30:21Z,206,2,1,12,1,0,1,1,1,1785493776
2026-07-31T10:30:21Z,207,12,0,8,1,0,1,1,1,1785491125
2026-07-31T10:30:21Z,208,3,0,26,0,0,1,1,1,1785491719
2026-07-31T10:30:21Z,209,8,0,20,3,0,1,1,1,1785493815
2026-07-31T10:30:21Z,210,23,2,4,0,0,1,1,1,1785485488
2026-07-31T10:30:21Z,211,14,6,8,1,0,1,1,1,1785490780
2026-07-31T10:30:21Z,212,22,0,12,1,0,1,1,1,1785493534
2026-07-31T10:30:21Z,213,11,1,10,2,0,1,1,1,1785493655
2026-07-31T10:30:21Z,214,30,0,13,4,0,1,1,1,1785493458
2026-07-31T10:30:21Z,215,5,2,17,1,0,1,1,1,1785492966
2026-07-31T10:30:21Z,216,7,0,11,1,0,1,1,1,1785491552
2026-07-31T10:30:21Z,217,10,0,18,1,0,1,1,1,1785493696
2026-07-31T10:30:21Z,218,21,5,16,2,0,1,1,1,1785493560
2026-07-31T10:30:21Z,219,1,1,24,1,0,1,1,1,1785489320
2026-07-31T10:30:21Z,220,23,6,18,1,1,1,1,1,1785491278
2026-07-31T10:30:21Z,221,13,8,1,1,0,1,1,1,1785491306
2026-07-31T10:30:21Z,222,12,10,5,2,0,1,1,1,1785491803
2026-07-31T10:30:21Z,223,7,3,25,3,0,1,1,1,1785493724
2026-07-31T10:30:21Z,224,6,4,15,1,0,1,1,1,1785491603
2026-07-31T10:30:21Z,225,10,0,3,6,0,1,1,1,1785493603
2026-07-31T10:30:21Z,226,30,10,1,0,0,1,1,1,1785493072
2026-07-31T10:30:21Z,227,22,14,3,1,1,1,1,1,1785492835
2026-07-31T10:30:21Z,228,1,0,17,1,0,1,1,1,1785493588
2026-07-31T10:30:21Z,230,17,9,9,0,0,1,1,1,1785493194
2026-07-31T10:30:21Z,232,12,6,4,1,0,1,1,1,1785493284
2026-07-31T10:30:21Z,233,19,0,10,2,0,1,1,1,1785487026
2026-07-31T10:30:21Z,234,7,3,7,3,2,1,1,1,1785491043
2026-07-31T10:30:21Z,236,12,2,7,0,0,1,1,1,1785491381
2026-07-31T10:30:21Z,237,20,4,2,1,0,1,1,1,1785492227
2026-07-31T10:30:21Z,239,23,18,1,3,0,1,1,1,1785486691
2026-07-31T10:30:21Z,241,18,6,5,0,0,1,1,1,1785490525
2026-07-31T10:30:21Z,242,3,2,19,1,0,1,1,1,1785493793
2026-07-31T10:30:21Z,243,9,0,21,1,0,1,1,1,1785491961
2026-07-31T10:30:21Z,244,14,2,12,1,0,1,1,1,1785492355
2026-07-31T10:30:21Z,245,6,4,17,0,0,1,1,1,1785490437
2026-07-31T10:30:21Z,246,13,0,10,0,0,1,1,1,1785487895
2026-07-31T10:30:21Z,247,12,10,10,1,0,1,1,1,1785488201
2026-07-31T10:30:21Z,248,18,3,2,3,0,1,1,1,1785493190
2026-07-31T10:30:21Z,249,6,3,13,0,0,1,1,1,1785492523
2026-07-31T10:30:21Z,250,24,7,3,0,0,1,1,1,1785491888
2026-07-31T10:30:21Z,251,20,4,4,3,0,1,1,1,1785492529
2026-07-31T10:30:21Z,253,9,4,9,1,0,1,1,1,1785492879
2026-07-31T10:30:21Z,254,26,21,16,1,0,1,1,1,1785485789
2026-07-31T10:30:21Z,255,5,0,17,0,1,1,1,1,1785493544
2026-07-31T10:30:21Z,256,9,4,12,2,0,1,1,1,1785490433
2026-07-31T10:30:21Z,257,14,5,4,1,0,1,1,1,1785492175
2026-07-31T10:30:21Z,258,0,0,19,0,0,1,1,1,1785493027
2026-07-31T10:30:21Z,259,20,3,2,0,1,1,1,1,1785492630
2026-07-31T10:30:21Z,260,11,2,5,3,0,1,1,1,1785493444
2026-07-31T10:30:21Z,261,16,0,1,1,1,1,1,1,1785492368
2026-07-31T10:30:21Z,262,17,8,5,1,0,1,1,1,1785493808
2026-07-31T10:30:21Z,263,13,3,2,0,0,1,1,1,1785493338
2026-07-31T10:30:21Z,264,16,5,2,1,0,1,1,1,1785493523
2026-07-31T10:30:21Z,265,13,0,2,0,0,1,1,1,1785493506
2026-07-31T10:30:21Z,266,14,7,2,3,0,1,1,1,1785492036
2026-07-31T10:30:21Z,267,7,3,6,2,0,1,1,1,1785484888
2026-07-31T10:30:21Z,268,23,9,0,0,0,1,1,1,1785484887
2026-07-31T10:30:21Z,269,9,3,13,1,0,1,1,1,1785492045
2026-07-31T10:30:21Z,270,23,1,4,0,0,1,1,1,1785491481
2026-07-31T10:30:21Z,271,0,0,17,2,0,1,1,1,1785486991
2026-07-31T10:30:21Z,272,13,13,9,1,0,1,1,1,1785486390
2026-07-31T10:30:21Z,273,13,5,2,0,0,1,1,1,1785492772
2026-07-31T10:30:21Z,274,17,7,1,1,0,1,1,1,1785493723
2026-07-31T10:30:21Z,275,13,0,6,2,2,1,1,1,1785493581
2026-07-31T10:30:21Z,276,1,0,26,0,0,1,1,1,1785486991
2026-07-31T10:30:21Z,277,11,1,7,5,0,1,1,1,1785493543
2026-07-31T10:30:21Z,278,22,2,6,2,1,1,1,1,1785492494
2026-07-31T10:30:21Z,279,17,0,2,0,0,1,1,1,1785493037
2026-07-31T10:30:21Z,280,9,2,19,3,0,1,1,1,1785493539
2026-07-31T10:30:21Z,281,19,0,0,0,0,1,1,1,1785486089
2026-07-31T10:30:21Z,282,5,2,13,0,0,1,1,1,1785484887
2026-07-31T10:30:21Z,283,33,1,2,0,0,1,1,1,1785491784
2026-07-31T10:30:21Z,284,16,3,17,2,0,1,1,1,1785492919
2026-07-31T10:30:21Z,285,8,7,15,0,0,1,1,1,1785485188
2026-07-31T10:30:21Z,286,16,15,3,4,0,1,1,1,1785493775
2026-07-31T10:30:21Z,287,14,4,6,3,0,1,1,1,1785492851
2026-07-31T10:30:21Z,288,12,9,7,0,0,1,1,1,1785493800
2026-07-31T10:30:21Z,289,23,2,1,3,0,1,1,1,1785493119
2026-07-31T10:30:21Z,290,8,0,30,1,0,1,1,1,1785491552
2026-07-31T10:30:21Z,291,10,1,11,2,0,1,1,1,1785493768
2026-07-31T10:30:21Z,292,22,0,1,0,0,1,1,1,1785485789
2026-07-31T10:30:21Z,293,17,10,6,0,0,1,1,1,1785486991
2026-07-31T10:30:21Z,294,1,1,20,1,0,1,1,1,1785493458
2026-07-31T10:30:21Z,297,14,4,3,1,1,1,1,1,1785493456
2026-07-31T10:30:21Z,301,17,1,2,0,0,1,1,1,1785486691
2026-07-31T10:30:21Z,302,0,0,23,0,0,1,1,1,1785486991
2026-07-31T10:30:21Z,303,18,0,1,0,0,1,1,1,1785493153
2026-07-31T10:30:21Z,304,0,0,0,0,0,0,1,1,86400
2026-07-31T10:30:21Z,305,19,0,0,0,0,1,1,1,1785485188
2026-07-31T10:30:21Z,306,3,0,28,1,0,1,1,1,1785493147
2026-07-31T10:30:21Z,307,18,1,3,1,1,1,1,1,1785493659
2026-07-31T10:30:21Z,308,15,0,2,2,0,1,1,1,1785492975
2026-07-31T10:30:21Z,309,13,3,0,1,0,1,1,1,1785488427
2026-07-31T10:30:21Z,311,15,0,0,0,0,1,1,1,1785486992
2026-07-31T10:30:21Z,312,6,3,12,4,1,1,1,1,1785493668
2026-07-31T10:30:21Z,313,3,1,12,0,0,1,1,1,1785486991
2026-07-31T10:30:21Z,314,4,3,11,3,0,1,1,1,1785486991
2026-07-31T10:30:21Z,315,23,6,6,2,0,1,1,1,1785491768
2026-07-31T10:30:21Z,316,3,1,21,6,1,1,1,1,1785493565
2026-07-31T10:30:21Z,317,0,0,30,0,1,1,1,1,1785493514
2026-07-31T10:30:21Z,318,16,0,3,0,0,1,1,1,1785486991
2026-07-31T10:30:21Z,319,16,3,6,1,0,1,1,1,1785493630
2026-07-31T10:30:21Z,320,18,5,0,1,0,1,1,1,1785491087
2026-07-31T10:30:21Z,321,8,2,7,4,0,1,1,1,1785493774
2026-07-31T10:30:21Z,322,4,1,24,1,0,1,1,1,1785489880
2026-07-31T10:30:21Z,323,9,0,10,0,0,1,1,1,1785492561
2026-07-31T10:30:21Z,324,20,5,6,1,0,1,1,1,1785493812
2026-07-31T10:30:21Z,325,4,3,21,2,0,1,1,1,1785489487
2026-07-31T10:30:21Z,327,25,0,1,1,0,1,1,1,1785493489
2026-07-31T10:30:21Z,328,19,0,2,1,0,1,1,1,1785493176
2026-07-31T10:30:21Z,329,17,0,0,2,0,1,1,1,1785492480
2026-07-31T10:30:21Z,330,2,0,20,0,0,1,1,1,1785492058
2026-07-31T10:30:21Z,331,11,3,11,1,0,1,1,1,1785492097
2026-07-31T10:30:21Z,332,10,3,7,2,0,1,1,1,1785487292
2026-07-31T10:30:21Z,333,2,2,20,1,0,1,1,1,1785492618
2026-07-31T10:30:21Z,334,11,8,12,0,0,1,1,1,1785487804
2026-07-31T10:30:21Z,335,4,2,17,1,1,1,1,1,1785492511
2026-07-31T10:30:21Z,336,18,2,1,0,0,1,1,1,1785487293
2026-07-31T10:30:21Z,337,16,3,2,5,0,1,1,1,1785493524
2026-07-31T10:30:21Z,338,17,8,2,0,0,1,1,1,1785487389
2026-07-31T10:30:21Z,339,22,10,1,0,0,1,1,1,1785493420
2026-07-31T10:30:21Z,340,13,11,1,1,0,1,1,1,1785491300
2026-07-31T10:30:21Z,341,10,3,9,0,0,1,1,1,1785493774
2026-07-31T10:30:21Z,342,12,5,0,3,0,1,1,1,1785492817
2026-07-31T10:30:21Z,343,21,1,1,1,0,1,1,1,1785492630
2026-07-31T10:30:21Z,344,23,9,0,0,0,1,1,1,1785488186
2026-07-31T10:30:21Z,345,19,3,0,0,0,1,1,1,1785487292
2026-07-31T10:30:21Z,346,9,6,14,0,0,1,1,1,1785489426
2026-07-31T10:30:21Z,347,6,2,36,2,0,1,1,1,1785493812
2026-07-31T10:30:21Z,348,21,3,0,1,1,1,1,1,1785493779
2026-07-31T10:30:21Z,349,7,1,12,0,0,1,1,1,1785492406
2026-07-31T10:30:21Z,350,25,3,0,1,1,1,1,1,1785493029
2026-07-31T10:30:21Z,351,19,2,1,3,0,1,1,1,1785493771
2026-07-31T10:30:21Z,355,21,0,2,0,0,1,1,1,1785490901
2026-07-31T10:30:21Z,356,16,0,2,1,0,1,1,1,1785493586
2026-07-31T10:30:21Z,357,13,4,6,0,0,1,1,1,1785485188
2026-07-31T10:30:21Z,358,24,4,2,1,0,1,1,1,1785487594
2026-07-31T10:30:21Z,359,19,0,8,0,0,1,1,1,1785493814
2026-07-31T10:30:21Z,360,14,3,3,2,0,1,1,1,1785492564
2026-07-31T10:30:21Z,362,16,4,1,2,0,1,1,1,1785493387
2026-07-31T10:30:21Z,363,2,0,25,0,0,1,1,1,1785489580
2026-07-31T10:30:21Z,364,19,3,0,0,0,1,1,1,1785487896
2026-07-31T10:30:21Z,365,14,2,5,4,0,1,1,1,1785493437
2026-07-31T10:30:21Z,366,12,7,4,7,0,1,1,1,1785493571
2026-07-31T10:30:21Z,367,15,8,2,2,0,1,1,1,1785491056
2026-07-31T10:30:21Z,368,20,3,1,2,0,1,1,1,1785486991
2026-07-31T10:30:21Z,370,10,7,17,0,0,1,1,1,1785493654
2026-07-31T10:30:21Z,371,5,2,13,1,0,1,1,1,1785493227
2026-07-31T10:30:21Z,372,7,2,8,0,0,1,1,1,1785493678
2026-07-31T10:30:21Z,373,25,9,2,0,0,1,1,1,1785493650
2026-07-31T10:30:21Z,374,16,7,1,2,0,1,1,1,1785493817
2026-07-31T10:30:21Z,375,20,5,4,3,0,1,1,1,1785493117
2026-07-31T10:30:21Z,376,28,3,6,5,0,1,1,1,1785493208
2026-07-31T10:30:21Z,377,23,9,4,0,0,1,1,1,1785493056
2026-07-31T10:30:21Z,378,21,5,1,1,1,1,1,1,1785493747
2026-07-31T10:30:21Z,379,14,0,13,0,0,1,1,1,1785492001
2026-07-31T10:30:21Z,380,20,6,2,1,0,1,1,1,1785493756
2026-07-31T10:30:21Z,381,11,0,12,0,0,1,1,1,1785493395
2026-07-31T10:30:21Z,383,11,0,2,2,0,1,1,1,1785493739
2026-07-31T10:30:21Z,384,24,1,2,1,0,1,1,1,1785492881
2026-07-31T10:30:21Z,385,14,2,2,2,0,1,1,1,1785493153
2026-07-31T10:30:21Z,387,21,2,2,0,0,1,1,1,1785493687
2026-07-31T10:30:21Z,388,16,2,33,0,0,1,1,1,1785493266
2026-07-31T10:30:21Z,389,9,8,6,0,0,1,1,1,1785487293
2026-07-31T10:30:21Z,390,16,0,19,0,0,1,1,1,1785489336
2026-07-31T10:30:21Z,391,4,0,10,1,0,1,1,1,1785487292
2026-07-31T10:30:21Z,392,2,2,16,1,0,1,1,1,1785493713
2026-07-31T10:30:21Z,393,3,3,5,3,0,1,1,1,1785487292
2026-07-31T10:30:21Z,394,8,6,3,2,0,1,1,1,1785493338
2026-07-31T10:30:21Z,396,7,7,32,3,0,1,1,1,1785487595
2026-07-31T10:30:21Z,397,5,5,26,0,0,1,1,1,1785492823
2026-07-31T10:30:21Z,399,12,1,3,2,0,1,1,1,1785490391
2026-07-31T10:30:21Z,400,11,6,9,3,0,1,1,1,1785492906
2026-07-31T10:30:21Z,401,8,0,23,8,0,1,1,1,1785492393
2026-07-31T10:30:21Z,403,2,0,27,2,0,1,1,1,1785493801
2026-07-31T10:30:21Z,404,1,1,21,1,0,1,1,1,1785491837
2026-07-31T10:30:21Z,406,4,2,30,1,0,1,1,1,1785493683
2026-07-31T10:30:21Z,407,16,3,17,1,0,1,1,1,1785493065
2026-07-31T10:30:21Z,408,13,2,19,1,0,1,1,1,1785491284
2026-07-31T10:30:21Z,409,1,0,19,3,0,1,1,1,1785493289
2026-07-31T10:30:21Z,413,20,5,1,2,0,1,1,1,1785493578
2026-07-31T10:30:21Z,414,12,4,2,1,0,1,1,1,1785492668
2026-07-31T10:30:21Z,417,11,6,7,1,0,1,1,1,1785491073
2026-07-31T10:30:21Z,418,1,0,14,0,0,1,1,1,1785490913
2026-07-31T10:30:21Z,419,10,0,12,1,0,1,1,1,1785487895
2026-07-31T10:30:21Z,421,1,0,18,0,0,1,1,1,1785488201
2026-07-31T10:30:21Z,422,4,3,22,1,0,1,1,1,1785493261
2026-07-31T10:30:21Z,423,5,1,18,0,0,1,1,1,1785491746
2026-07-31T10:30:21Z,424,3,1,9,3,0,1,1,1,1785493755
2026-07-31T10:30:21Z,425,19,0,2,0,1,1,1,1,1785491863
2026-07-31T10:30:21Z,426,1,0,34,2,0,1,1,1,1785492043
2026-07-31T10:30:21Z,427,14,1,0,1,0,1,1,1,1785493576
2026-07-31T10:30:21Z,428,17,2,2,0,0,1,1,1,1785493428
2026-07-31T10:30:21Z,429,0,0,21,2,0,1,1,1,1785492151
2026-07-31T10:30:21Z,430,28,0,0,3,0,1,1,1,1785485488
2026-07-31T10:30:21Z,431,15,0,17,1,0,1,1,1,1785488642
2026-07-31T10:30:21Z,432,18,0,11,2,0,1,1,1,1785490634
2026-07-31T10:30:21Z,433,19,6,3,1,0,1,1,1,1785488201
2026-07-31T10:30:21Z,437,2,1,16,1,0,1,1,1,1785492837
2026-07-31T10:30:21Z,438,17,0,1,1,0,1,1,1,1785493655
2026-07-31T10:30:21Z,439,4,0,11,0,0,1,1,1,1785490818
2026-07-31T10:30:21Z,440,13,1,0,2,0,1,1,1,1785488201
2026-07-31T10:30:21Z,441,13,2,1,1,0,1,1,1,1785493649
2026-07-31T10:30:21Z,442,17,9,1,1,0,1,1,1,1785487895
2026-07-31T10:30:21Z,443,4,2,23,0,0,1,1,1,1785485488
2026-07-31T10:30:21Z,444,2,2,21,0,0,1,1,1,1785485488
2026-07-31T10:30:21Z,445,7,2,15,1,0,1,1,1,1785493563
2026-07-31T10:30:21Z,446,1,1,21,1,0,1,1,1,1785487896
2026-07-31T10:30:21Z,447,2,0,19,1,1,1,1,1,1785492174
2026-07-31T10:30:21Z,448,9,4,5,1,0,1,1,1,1785487895
2026-07-31T10:30:21Z,452,8,6,10,1,0,1,1,1,1785487661
2026-07-31T10:30:21Z,453,6,5,8,1,0,1,1,1,1785491911
2026-07-31T10:30:21Z,454,9,0,10,0,0,1,1,1,1785489971
2026-07-31T10:30:21Z,455,2,0,37,0,0,1,1,1,1785492761
2026-07-31T10:30:21Z,456,8,0,11,1,0,1,1,1,1785493811
2026-07-31T10:30:21Z,457,25,2,0,2,0,1,1,1,1785487895
2026-07-31T10:30:21Z,458,11,4,12,0,0,1,1,1,1785493232
2026-07-31T10:30:21Z,459,15,0,0,0,0,1,1,1,1785485789
2026-07-31T10:30:21Z,460,16,2,6,1,0,1,1,1,1785493525
2026-07-31T10:30:21Z,461,5,1,14,0,0,1,1,1,1785487878
2026-07-31T10:30:21Z,462,11,1,10,0,0,1,1,1,1785493747
2026-07-31T10:30:21Z,463,13,1,6,0,0,1,1,1,1785487897
2026-07-31T10:30:21Z,464,3,1,11,0,0,1,1,1,1785485789
2026-07-31T10:30:21Z,465,0,0,14,1,0,1,1,1,1785485789
2026-07-31T10:30:21Z,466,11,3,2,2,0,1,1,1,1785485789
2026-07-31T10:30:21Z,467,5,1,13,1,0,1,1,1,1785471818
2026-07-31T10:30:21Z,468,17,1,1,1,0,1,1,1,1785485789
2026-07-31T10:30:21Z,469,2,1,21,0,0,1,1,1,1785487896
2026-07-31T10:30:21Z,470,12,1,1,2,0,1,1,1,1785493659
2026-07-31T10:30:21Z,471,22,2,5,0,0,1,1,1,1785487895
2026-07-31T10:30:21Z,472,17,5,1,1,0,1,1,1,1785493616
2026-07-31T10:30:21Z,473,19,5,0,0,0,1,1,1,1785485789
2026-07-31T10:30:21Z,474,16,0,3,0,0,1,1,1,1785488959
2026-07-31T10:30:21Z,475,5,1,13,1,0,1,1,1,1785492726
2026-07-31T10:30:21Z,477,9,7,5,1,0,1,1,1,1785492057
2026-07-31T10:30:21Z,478,7,0,23,1,0,1,1,1,1785492276
2026-07-31T10:30:21Z,479,0,0,26,1,0,1,1,1,1785492473
2026-07-31T10:30:21Z,480,3,0,9,3,0,1,1,1,1785493168
2026-07-31T10:30:21Z,481,30,1,4,1,0,1,1,1,1785493714
2026-07-31T10:30:21Z,482,18,6,1,0,0,1,1,1,1785490527
2026-07-31T10:30:21Z,483,1,0,23,3,0,1,1,1,1785493603
2026-07-31T10:30:21Z,484,6,2,12,1,0,1,1,1,1785493623
2026-07-31T10:30:21Z,485,16,6,1,1,1,1,1,1,1785493670
2026-07-31T10:30:21Z,486,25,6,0,2,0,1,1,1,1785493658
2026-07-31T10:30:21Z,487,6,4,12,1,0,1,1,1,1785493687
2026-07-31T10:30:21Z,489,12,6,3,0,0,1,1,1,1785488501
2026-07-31T10:30:21Z,490,2,1,14,0,0,1,1,1,1785492713
2026-07-31T10:30:21Z,491,4,1,17,0,0,1,1,1,1785486090
2026-07-31T10:30:21Z,492,4,2,3,4,0,1,1,1,1785493817
2026-07-31T10:30:21Z,493,0,0,26,1,0,1,1,1,1785487895
2026-07-31T10:30:21Z,495,9,0,3,3,0,1,1,1,1785489700
2026-07-31T10:30:21Z,496,25,1,2,0,0,1,1,1,1785493232
2026-07-31T10:30:21Z,497,17,0,1,1,0,1,1,1,1785491850
2026-07-31T10:30:21Z,498,20,3,2,1,0,1,1,1,1785493313
2026-07-31T10:30:21Z,499,17,1,1,1,0,1,1,1,1785487896
2026-07-31T10:30:21Z,500,8,4,2,5,0,1,1,1,1785492941
2026-07-31T10:30:21Z,501,11,4,10,0,0,1,1,1,1785492885
2026-07-31T10:30:21Z,502,6,0,13,0,0,1,1,1,1785486089
2026-07-31T10:30:21Z,503,26,0,4,1,0,1,1,1,1785493503
2026-07-31T10:30:21Z,504,1,0,38,0,0,1,1,1,1785492055
2026-07-31T10:30:21Z,505,10,1,1,1,0,1,1,1,1785487586
2026-07-31T10:30:21Z,511,6,4,17,0,0,1,1,1,1785492514
2026-07-31T10:30:21Z,512,6,0,21,0,0,1,1,1,1785490938
2026-07-31T10:30:21Z,514,8,0,2,1,0,1,1,1,1785492997
2026-07-31T10:30:21Z,515,2,0,17,0,0,1,1,1,1785487895
2026-07-31T10:30:21Z,516,0,0,27,0,0,1,1,1,1785484039
2026-07-31T10:30:21Z,517,15,3,7,1,0,1,1,1,1785492410
2026-07-31T10:30:21Z,518,14,1,0,1,0,1,1,1,1785486390
2026-07-31T10:30:21Z,519,4,0,13,2,0,1,1,1,1785492899
2026-07-31T10:30:21Z,520,12,8,9,5,1,1,1,1,1785493813
2026-07-31T10:30:21Z,521,19,6,4,0,0,1,1,1,1785492587
2026-07-31T10:30:21Z,522,0,0,22,1,0,1,1,1,1785486390
2026-07-31T10:30:21Z,523,5,3,17,1,0,1,1,1,1785493103
2026-07-31T10:30:21Z,524,1,0,22,0,0,1,1,1,1785491359
2026-07-31T10:30:21Z,525,9,0,10,0,0,1,1,1,1785492201
2026-07-31T10:30:21Z,526,13,1,0,2,0,1,1,1,1785486390
2026-07-31T10:30:21Z,527,4,2,19,3,0,1,1,1,1785493707
2026-07-31T10:30:21Z,528,20,1,2,1,0,1,1,1,1785491758
2026-07-31T10:30:21Z,529,6,3,7,6,0,1,1,1,1785493816
2026-07-31T10:30:21Z,530,13,0,7,1,0,1,1,1,1785493790
2026-07-31T10:30:21Z,531,19,0,2,1,1,1,1,1,1785493153
2026-07-31T10:30:21Z,532,3,3,27,1,0,1,1,1,1785488341
2026-07-31T10:30:21Z,533,8,1,9,2,0,1,1,1,1785486390
2026-07-31T10:30:21Z,534,13,2,10,0,0,1,1,1,1785493773
2026-07-31T10:30:21Z,535,2,0,13,0,0,1,1,1,1785486390
2026-07-31T10:30:21Z,536,2,0,21,0,0,1,1,1,1785493591
2026-07-31T10:30:21Z,537,1,1,19,0,0,1,1,1,1785488280
2026-07-31T10:30:21Z,538,21,8,0,0,2,1,1,1,1785493769
2026-07-31T10:30:21Z,539,5,5,26,0,0,1,1,1,1785488201
2026-07-31T10:30:21Z,540,2,1,17,0,0,1,1,1,1785486391
2026-07-31T10:30:21Z,541,22,1,4,1,0,1,1,1,1785492852
2026-07-31T10:30:21Z,542,3,2,20,0,0,1,1,1,1785493794
2026-07-31T10:30:21Z,543,17,2,1,1,0,1,1,1,1785488201
2026-07-31T10:30:21Z,544,14,1,4,4,0,1,1,1,1785493619
2026-07-31T10:30:21Z,545,1,0,16,2,0,1,1,1,1785492723
2026-07-31T10:30:21Z,546,16,8,3,0,0,1,1,1,1785489048
2026-07-31T10:30:21Z,547,19,1,6,0,0,1,1,1,1785491753
2026-07-31T10:30:21Z,548,14,1,9,0,0,1,1,1,1785486390
2026-07-31T10:30:21Z,549,19,0,4,0,0,1,1,1,1785490211
2026-07-31T10:30:21Z,550,16,1,3,0,0,1,1,1,1785492776
2026-07-31T10:30:21Z,551,16,4,7,0,0,1,1,1,1785486390
2026-07-31T10:30:21Z,552,27,3,0,0,0,1,1,1,1785486390
2026-07-31T10:30:21Z,553,18,4,3,1,1,1,1,1,1785493697
2026-07-31T10:30:21Z,554,1,1,18,0,0,1,1,1,1785486691
2026-07-31T10:30:21Z,555,12,5,2,1,0,1,1,1,1785493469
2026-07-31T10:30:21Z,556,20,4,1,2,0,1,1,1,1785493505
2026-07-31T10:30:21Z,557,6,4,12,5,0,1,1,1,1785488202
2026-07-31T10:30:21Z,558,30,3,7,0,0,1,1,1,1785493401
2026-07-31T10:30:21Z,559,0,0,18,1,0,1,1,1,1785492602
2026-07-31T10:30:21Z,560,10,0,17,0,0,1,1,1,1785492157
2026-07-31T10:30:21Z,561,14,1,8,1,0,1,1,1,1785491627
2026-07-31T10:30:21Z,562,3,0,29,3,0,1,1,1,1785486691
2026-07-31T10:30:21Z,563,10,0,4,0,0,1,1,1,1785490429
2026-07-31T10:30:21Z,564,11,0,7,1,0,1,1,1,1785493733
2026-07-31T10:30:21Z,565,6,2,13,0,0,1,1,1,1785490461
2026-07-31T10:30:21Z,566,14,0,4,1,0,1,1,1,1785493614
2026-07-31T10:30:21Z,567,26,1,0,1,0,1,1,1,1785493771
2026-07-31T10:30:21Z,568,14,0,4,1,0,1,1,1,1785490328
2026-07-31T10:30:21Z,569,15,2,4,0,0,1,1,1,1785492410
2026-07-31T10:30:21Z,570,12,0,7,0,0,1,1,1,1785491560
2026-07-31T10:30:21Z,571,1,0,22,0,0,1,1,1,1785493752
2026-07-31T10:30:21Z,572,14,4,4,1,0,1,1,1,1785491187
2026-07-31T10:30:21Z,573,13,0,2,0,0,1,1,1,1785486691
2026-07-31T10:30:21Z,574,10,3,5,0,0,1,1,1,1785492718
2026-07-31T10:30:21Z,575,5,0,15,1,0,1,1,1,1785492780
2026-07-31T10:30:21Z,576,3,0,14,2,0,1,1,1,1785488201
2026-07-31T10:30:21Z,577,14,0,17,0,0,1,1,1,1785491933
2026-07-31T10:30:21Z,578,15,10,7,1,0,1,1,1,1785486996
2026-07-31T10:30:21Z,579,4,0,39,0,0,1,1,1,1785486691
2026-07-31T10:30:21Z,580,4,0,25,0,0,1,1,1,1785493686
2026-07-31T10:30:21Z,581,17,2,2,0,0,1,1,1,1785491955
2026-07-31T10:30:21Z,582,21,0,39,1,0,1,1,1,1785493817
2026-07-31T10:30:21Z,583,23,1,0,0,0,1,1,1,1785492035
2026-07-31T10:30:21Z,584,9,4,6,4,0,1,1,1,1785486691
2026-07-31T10:30:21Z,585,14,3,12,0,1,1,1,1,1785493053
2026-07-31T10:30:21Z,586,11,0,24,0,0,1,1,1,1785492703
2026-07-31T10:30:21Z,587,19,0,4,1,0,1,1,1,1785491646
2026-07-31T10:30:21Z,588,12,4,4,2,1,1,1,1,1785493550
2026-07-31T10:30:21Z,589,0,0,0,23,0,1,1,1,1785493608
2026-07-31T10:30:21Z,590,17,2,12,2,0,1,1,1,1785492102
2026-07-31T10:30:21Z,591,28,1,0,2,0,1,1,1,1785486691
2026-07-31T10:30:21Z,592,12,0,11,0,0,1,1,1,1785488952
2026-07-31T10:30:21Z,593,0,0,38,0,0,1,1,1,1785488201
2026-07-31T10:30:21Z,594,7,0,11,3,0,1,1,1,1785493613
2026-07-31T10:30:21Z,595,0,0,3,0,0,0,1,1,1784046673
2026-07-31T10:30:21Z,605,0,0,2,1,0,0,1,1,1783975843
2026-07-31T10:30:21Z,606,0,0,0,0,0,0,1,1,86400
2026-07-31T10:30:21Z,607,11,2,20,1,0,1,1,1,1785492495
2026-07-31T10:30:21Z,608,0,0,50,0,0,1,1,1,1785490318
2026-07-31T10:30:21Z,609,2,0,21,0,0,1,1,1,1785488201
2026-07-31T10:30:21Z,610,0,0,35,0,0,1,1,1,1785488201
2026-07-31T10:30:21Z,611,14,0,12,1,0,1,1,1,1785491795
2026-07-31T10:30:21Z,612,6,1,9,0,0,1,1,1,1785486691
2026-07-31T10:30:21Z,613,9,0,2,4,0,1,1,1,1785489318
2026-07-31T10:30:21Z,614,1,1,23,2,1,1,1,1,1785488202
2026-07-31T10:30:21Z,617,11,0,2,2,0,1,1,1,1785489767
2026-07-31T10:30:21Z,618,13,2,1,5,0,1,1,1,1785486690
2026-07-31T10:30:21Z,619,4,1,14,1,0,1,1,1,1785493167
2026-07-31T10:30:21Z,620,1,0,26,0,0,1,1,1,1785492178
2026-07-31T10:30:21Z,621,6,2,16,1,0,1,1,1,1785492151
2026-07-31T10:30:21Z,622,5,2,17,1,0,1,1,1,1785488201
2026-07-31T10:30:21Z,623,9,2,20,1,0,1,1,1,1785488201
2026-07-31T10:30:21Z,624,1,0,14,0,0,1,1,1,1785493218
2026-07-31T10:30:21Z,625,6,0,13,2,0,1,1,1,1785492688
2026-07-31T10:30:21Z,626,3,0,42,0,2,1,1,1,1785493349
2026-07-31T10:30:21Z,627,14,6,5,0,0,1,1,1,1785493197
2026-07-31T10:30:21Z,628,0,0,15,2,2,1,1,1,1785493792
2026-07-31T10:30:21Z,629,4,1,6,1,0,1,1,1,1785493530
2026-07-31T10:30:21Z,630,3,2,21,3,0,1,1,1,1785493664
2026-07-31T10:30:21Z,631,2,1,21,0,0,1,1,1,1785488201
2026-07-31T10:30:21Z,632,20,0,1,2,0,1,1,1,1785492884
2026-07-31T10:30:21Z,633,11,1,0,4,0,1,1,1,1785493645
2026-07-31T10:30:21Z,634,11,2,8,0,0,1,1,1,1785486991
2026-07-31T10:30:21Z,635,17,1,2,0,0,1,1,1,1785488201
2026-07-31T10:30:21Z,636,10,2,5,0,0,1,1,1,1785488201
2026-07-31T10:30:21Z,637,7,0,12,0,0,1,1,1,1785490209
2026-07-31T10:30:21Z,638,9,2,8,2,0,1,1,1,1785493430
2026-07-31T10:30:21Z,639,5,1,11,3,0,1,1,1,1785479066
2026-07-31T10:30:21Z,640,2,2,20,1,0,1,1,1,1785493663
2026-07-31T10:30:21Z,641,17,1,7,2,0,1,1,1,1785493395
2026-07-31T10:30:21Z,642,5,2,6,8,0,1,1,1,1785493814
2026-07-31T10:30:21Z,643,3,0,17,7,0,1,1,1,1785493817
2026-07-31T10:30:21Z,644,12,0,2,1,0,1,1,1,1785486991
2026-07-31T10:30:21Z,645,11,0,10,1,1,1,1,1,1785488495
2026-07-31T10:30:21Z,646,7,2,12,0,0,1,1,1,1785493542
2026-07-31T10:30:21Z,647,29,1,2,0,0,1,1,1,1785492741
2026-07-31T10:30:21Z,648,6,0,12,1,0,1,1,1,1785490674
2026-07-31T10:30:21Z,649,19,3,11,1,0,1,1,1,1785493644
2026-07-31T10:30:21Z,650,5,1,9,0,0,1,1,1,1785488201
2026-07-31T10:30:21Z,651,9,8,14,0,0,1,1,1,1785493406
2026-07-31T10:30:21Z,652,4,2,17,2,0,1,1,1,1785493652
2026-07-31T10:30:21Z,653,7,1,10,2,0,1,1,1,1785491694
2026-07-31T10:30:21Z,654,2,2,13,0,0,1,1,1,1785488202
2026-07-31T10:30:21Z,655,7,3,1,4,1,1,1,1,1785493578
2026-07-31T10:30:21Z,656,19,7,0,0,0,1,1,1,1785489841
2026-07-31T10:30:21Z,657,9,1,3,2,3,1,1,1,1785493608
2026-07-31T10:30:21Z,658,9,1,1,0,0,1,1,1,1785473427
2026-07-31T10:30:21Z,659,8,3,5,2,0,1,1,1,1785488201
2026-07-31T10:30:21Z,660,13,0,14,4,0,1,1,1,1785493572
2026-07-31T10:30:21Z,661,2,1,17,0,0,1,1,1,1785492505
2026-07-31T10:30:21Z,662,5,3,15,3,0,1,1,1,1785493489
2026-07-31T10:30:21Z,663,12,5,2,1,0,1,1,1,1785493447
2026-07-31T10:30:21Z,664,0,0,27,0,0,1,1,1,1785488202
2026-07-31T10:30:21Z,665,12,3,3,0,0,1,1,1,1785488202
2026-07-31T10:30:21Z,666,7,2,6,2,0,1,1,1,1785488201
2026-07-31T10:30:21Z,667,0,0,19,0,0,1,1,1,1785486991
2026-07-31T10:30:21Z,668,10,1,8,1,0,1,1,1,1785488201
2026-07-31T10:30:21Z,669,14,5,0,0,0,1,1,1,1785488201
2026-07-31T10:30:21Z,670,11,2,16,0,0,1,1,1,1785486992
2026-07-31T10:30:21Z,671,25,5,1,1,0,1,1,1,1785493284
2026-07-31T10:30:21Z,672,12,2,7,3,1,1,1,1,1785491597
2026-07-31T10:30:21Z,673,11,0,10,2,0,1,1,1,1785493259
2026-07-31T10:30:21Z,674,3,2,17,3,0,1,1,1,1785493529
2026-07-31T10:30:21Z,675,11,6,2,2,0,1,1,1,1785493776
2026-07-31T10:30:21Z,676,6,0,15,1,0,1,1,1,1785493473
2026-07-31T10:30:21Z,681,12,3,1,2,0,1,1,1,1785493369
2026-07-31T10:30:21Z,682,4,1,14,1,0,1,1,1,1785486991
2026-07-31T10:30:21Z,683,4,1,15,0,0,1,1,1,1785493800
2026-07-31T10:30:21Z,684,3,0,24,0,0,1,1,1,1785487883
2026-07-31T10:30:21Z,685,10,0,15,1,1,1,1,1,1785488201
2026-07-31T10:30:21Z,686,11,0,14,2,0,1,1,1,1785493641
2026-07-31T10:30:21Z,687,11,0,18,1,1,1,1,1,1785493652
2026-07-31T10:30:21Z,688,10,0,2,7,0,1,1,1,1785493725
2026-07-31T10:30:21Z,692,8,3,13,0,0,1,1,1,1785493490
2026-07-31T10:30:21Z,693,6,0,2,3,0,1,1,1,1785492611
2026-07-31T10:30:21Z,694,8,5,13,0,0,1,1,1,1785492368
2026-07-31T10:30:21Z,695,17,11,6,0,0,1,1,1,1785492512
2026-07-31T10:30:21Z,696,18,13,3,2,0,1,1,1,1785492434
2026-07-31T10:30:21Z,697,22,2,1,0,0,1,1,1,1785492025
2026-07-31T10:30:21Z,698,26,1,1,0,0,1,1,1,1785493775
2026-07-31T10:30:21Z,699,7,0,7,1,0,1,1,1,1785492916
2026-07-31T10:30:21Z,700,19,4,0,0,0,1,1,1,1785493050
2026-07-31T10:30:21Z,701,17,6,2,0,0,1,1,1,1785492482
2026-07-31T10:30:21Z,702,18,0,4,1,0,1,1,1,1785493515
2026-07-31T10:30:21Z,704,8,2,7,0,0,1,1,1,1785493691
2026-07-31T10:30:21Z,705,4,2,9,2,0,1,1,1,1785493156
2026-07-31T10:30:21Z,706,12,2,0,3,0,1,1,1,1785492442
2026-07-31T10:30:21Z,707,10,2,5,0,0,1,1,1,1785493076
2026-07-31T10:30:21Z,708,18,3,0,1,0,1,1,1,1785493287
2026-07-31T10:30:21Z,709,10,0,2,3,0,1,1,1,1785493298
2026-07-31T10:30:21Z,710,17,3,1,1,0,1,1,1,1785492522
2026-07-31T10:30:21Z,711,19,4,0,4,0,1,1,1,1785493761
2026-07-31T10:30:21Z,712,15,10,0,0,0,1,1,1,1785492460
2026-07-31T10:30:21Z,713,5,0,18,0,0,1,1,1,1785493561
2026-07-31T10:30:21Z,716,4,2,11,0,0,1,1,1,1785493749
2026-07-31T10:30:21Z,717,3,1,19,3,0,1,1,1,1785492883
2026-07-31T10:30:21Z,718,3,1,11,1,0,1,1,1,1785492624
2026-07-31T10:30:21Z,719,8,2,21,0,0,1,1,1,1785492181
2026-07-31T10:30:21Z,720,2,1,17,0,0,1,1,1,1785493092
2026-07-31T10:30:21Z,721,0,0,21,2,0,1,1,1,1785492081
2026-07-31T10:30:21Z,722,5,0,10,0,0,1,1,1,1785492847
2026-07-31T10:30:21Z,723,12,1,11,0,0,1,1,1,1785492894
2026-07-31T10:30:21Z,724,21,4,2,0,0,1,1,1,1785492227
2026-07-31T10:30:21Z,725,22,6,0,1,0,1,1,1,1785493615
2026-07-31T10:30:21Z,726,19,3,0,0,0,1,1,1,1785493812
2026-07-31T10:30:21Z,727,9,4,12,2,0,1,1,1,1785492028
2026-07-31T10:30:21Z,728,9,0,5,1,0,1,1,1,1785493393
2026-07-31T10:30:21Z,729,5,0,14,0,0,1,1,1,1785492458
2026-07-31T10:30:21Z,730,3,2,10,2,0,1,1,1,1785492176
2026-07-31T10:30:21Z,731,9,3,5,1,0,1,1,1,1785493103
2026-07-31T10:30:21Z,732,9,5,6,0,0,1,1,1,1785492327
2026-07-31T10:30:21Z,733,4,0,23,0,0,1,1,1,1785493123
2026-07-31T10:30:21Z,734,4,2,10,0,0,1,1,1,1785492539
2026-07-31T10:30:21Z,735,4,3,23,0,0,1,1,1,1785492984
2026-07-31T10:30:21Z,736,6,0,13,0,0,1,1,1,1785493535
2026-07-31T10:30:21Z,737,4,3,10,0,1,1,1,1,1785493528
2026-07-31T10:30:21Z,738,16,5,1,2,0,1,1,1,1785493577
2026-07-31T10:30:21Z,739,19,2,7,1,0,1,1,1,1785493152
2026-07-31T10:30:21Z,741,7,1,16,0,0,1,1,1,1785493426
2026-07-31T10:30:21Z,742,4,0,28,3,0,1,1,1,1785493568
2026-07-31T10:30:21Z,743,9,3,8,2,0,1,1,1,1785493295
2026-07-31T10:30:21Z,744,10,4,4,1,0,1,1,1,1785493801
2026-07-31T10:30:21Z,745,14,4,4,1,0,1,1,1,1785493811
2026-07-31T10:30:21Z,746,11,2,10,2,0,1,1,1,1785492790
2026-07-31T10:30:21Z,747,0,0,4,0,0,0,1,1,1783446606
2026-07-31T10:30:21Z,748,10,1,13,0,0,1,1,1,1785492788
2026-07-31T10:30:21Z,749,5,5,17,1,0,1,1,1,1785492705
2026-07-31T10:30:21Z,750,1,1,10,0,0,1,1,1,1785493041
2026-07-31T10:30:21Z,751,9,1,14,0,0,1,1,1,1785492728
2026-07-31T10:30:21Z,752,13,1,3,1,0,1,1,1,1785490194
2026-07-31T10:30:21Z,753,5,0,10,0,0,1,1,1,1785492121
2026-07-31T10:30:21Z,754,2,1,11,2,0,1,1,1,1785493354
2026-07-31T10:30:21Z,755,11,2,11,1,0,1,1,1,1785492664
2026-07-31T10:30:21Z,756,3,0,34,0,0,1,1,1,1785493394
2026-07-31T10:30:21Z,757,15,8,4,0,0,1,1,1,1785492789
2026-07-31T10:30:21Z,758,23,3,0,0,0,1,1,1,1785492384
2026-07-31T10:30:21Z,759,3,2,12,0,0,1,1,1,1785493046
2026-07-31T10:30:21Z,760,8,3,11,0,0,1,1,1,1785488200
2026-07-31T10:30:21Z,761,17,0,5,1,0,1,1,1,1785493807
2026-07-31T10:30:21Z,762,6,3,4,5,0,1,1,1,1785493050
2026-07-31T10:30:21Z,768,8,0,8,3,0,1,1,1,1785492215
2026-07-31T10:30:21Z,769,17,12,2,0,0,1,1,1,1785493657
2026-07-31T10:30:21Z,770,11,3,6,2,0,1,1,1,1785493593
2026-07-31T10:30:21Z,771,13,3,1,1,0,1,1,1,1785493031
2026-07-31T10:30:21Z,772,7,3,8,0,0,1,1,1,1785493649
2026-07-31T10:30:21Z,773,15,4,4,0,0,1,1,1,1785493488
2026-07-31T10:30:21Z,774,10,5,2,3,0,1,1,1,1785493428
2026-07-31T10:30:21Z,775,6,0,11,1,1,1,1,1,1785488308
2026-07-31T10:30:21Z,776,3,1,17,1,0,1,1,1,1785493817
2026-07-31T10:30:21Z,777,10,0,2,3,0,1,1,1,1785493572
2026-07-31T10:30:21Z,778,13,0,3,3,0,1,1,1,1785493614
2026-07-31T10:30:21Z,779,8,1,10,1,0,1,1,1,1785492776
2026-07-31T10:30:21Z,780,18,4,0,1,0,1,1,1,1785492197
2026-07-31T10:30:21Z,781,4,0,4,3,0,1,1,1,1785493638
2026-07-31T10:30:21Z,782,5,3,10,4,0,1,1,1,1785493313
2026-07-31T10:30:21Z,783,6,0,13,0,0,1,1,1,1785492583
2026-07-31T10:30:21Z,784,19,2,0,0,0,1,1,1,1785492506
2026-07-31T10:30:21Z,785,11,2,2,6,0,1,1,1,1785492755
2026-07-31T10:30:21Z,786,11,5,8,0,0,1,1,1,1785492405
2026-07-31T10:30:21Z,787,11,5,2,2,0,1,1,1,1785492040
2026-07-31T10:30:21Z,788,3,0,12,0,0,1,1,1,1785493073
2026-07-31T10:30:21Z,789,8,1,3,4,0,1,1,1,1785493303
2026-07-31T10:30:21Z,790,3,0,20,0,0,1,1,1,1785493711
2026-07-31T10:30:21Z,791,9,2,9,0,1,1,1,1,1785493723
2026-07-31T10:30:21Z,793,4,0,10,1,0,1,1,1,1785493442
2026-07-31T10:30:21Z,794,10,4,17,2,0,1,1,1,1785492924
2026-07-31T10:30:21Z,796,0,0,17,2,0,1,1,1,1785493244
2026-07-31T10:30:21Z,797,1,0,14,0,0,1,1,1,1785487593
2026-07-31T10:30:21Z,798,8,1,16,1,0,1,1,1,1785493743
2026-07-31T10:30:21Z,799,15,1,1,3,0,1,1,1,1785493212
2026-07-31T10:30:21Z,800,2,0,18,1,0,1,1,1,1785493154
2026-07-31T10:30:21Z,801,4,2,16,1,0,1,1,1,1785493270
2026-07-31T10:30:21Z,802,8,0,23,0,0,1,1,1,1785493381
2026-07-31T10:30:21Z,803,1,1,14,0,0,1,1,1,1785493041
2026-07-31T10:30:21Z,806,8,3,7,0,0,1,1,1,1785488200
2026-07-31T10:30:21Z,807,14,0,8,3,0,1,1,1,1785493656
2026-07-31T10:30:21Z,808,0,0,23,2,0,1,1,1,1785488225
2026-07-31T10:30:21Z,809,4,0,18,1,0,1,1,1,1785493218
2026-07-31T10:30:21Z,810,2,0,13,4,0,1,1,1,1785493673
2026-07-31T10:30:21Z,815,4,1,6,4,1,1,1,1,1785493354
2026-07-31T10:30:21Z,817,10,5,5,0,0,1,1,1,1785492556
2026-07-31T10:30:21Z,818,6,0,16,1,0,1,1,1,1785493798
2026-07-31T10:30:21Z,819,6,4,9,0,0,1,1,1,1785487291
2026-07-31T10:30:21Z,820,8,2,9,0,0,1,1,1,1785492474
2026-07-31T10:30:21Z,821,2,1,13,0,0,1,1,1,1785493402
2026-07-31T10:30:21Z,822,2,0,19,2,0,1,1,1,1785493732
2026-07-31T10:30:21Z,823,0,0,14,1,0,1,1,1,1785492874
2026-07-31T10:30:21Z,824,13,4,5,1,0,1,1,1,1785492339
2026-07-31T10:30:21Z,825,8,5,7,0,0,1,1,1,1785488201
2026-07-31T10:30:21Z,826,10,2,8,1,0,1,1,1,1785492353
2026-07-31T10:30:21Z,827,16,5,4,1,0,1,1,1,1785493679
2026-07-31T10:30:21Z,828,10,0,7,1,0,1,1,1,1785493566
2026-07-31T10:30:21Z,829,16,7,11,0,0,1,1,1,1785492598
2026-07-31T10:30:21Z,830,14,3,8,1,0,1,1,1,1785493659
2026-07-31T10:30:21Z,831,7,2,7,1,0,1,1,1,1785492841
2026-07-31T10:30:21Z,832,10,3,5,3,0,1,1,1,1785492931
2026-07-31T10:30:21Z,833,1,0,17,1,0,1,1,1,1785492687
2026-07-31T10:30:21Z,834,1,0,22,1,0,1,1,1,1785492187
2026-07-31T10:30:21Z,835,16,6,0,2,0,1,1,1,1785492418
2026-07-31T10:30:21Z,837,5,1,0,10,0,1,1,1,1785492913
2026-07-31T10:30:21Z,838,13,3,2,0,0,1,1,1,1785493579
2026-07-31T10:30:21Z,839,22,1,7,0,0,1,1,1,1785493714
2026-07-31T10:30:21Z,840,9,4,18,2,0,1,1,1,1785493785
2026-07-31T10:30:21Z,841,7,1,8,0,0,1,1,1,1785492837
2026-07-31T10:30:21Z,842,7,2,16,0,0,1,1,1,1785492640
2026-07-31T10:30:21Z,843,8,0,22,1,0,1,1,1,1785492887
2026-07-31T10:30:21Z,844,6,0,17,0,0,1,1,1,1785492840
2026-07-31T10:30:21Z,845,5,3,12,2,0,1,1,1,1785493020
2026-07-31T10:30:21Z,846,3,0,14,2,0,1,1,1,1785492274
2026-07-31T10:30:21Z,847,7,1,20,0,0,1,1,1,1785493766
2026-07-31T10:30:21Z,848,10,3,8,1,0,1,1,1,1785488215
2026-07-31T10:30:21Z,849,6,1,9,0,0,1,1,1,1785493814
2026-07-31T10:30:21Z,850,9,0,1,1,0,1,1,1,1785492252
2026-07-31T10:30:21Z,851,3,3,32,2,0,1,1,1,1785492103
2026-07-31T10:30:21Z,852,12,6,7,0,0,1,1,1,1785492733
2026-07-31T10:30:21Z,853,10,5,13,0,0,1,1,1,1785493614
2026-07-31T10:30:21Z,854,3,2,12,0,0,1,1,1,1785493675
2026-07-31T10:30:21Z,855,25,0,2,0,0,1,1,1,1785488200
2026-07-31T10:30:21Z,857,1,1,18,0,0,1,1,1,1785492930
2026-07-31T10:30:21Z,858,4,1,14,1,0,1,1,1,1785493393
2026-07-31T10:30:21Z,859,3,0,17,1,0,1,1,1,1785493615
2026-07-31T10:30:21Z,861,8,1,2,1,0,1,1,1,1785488201
2026-07-31T10:30:21Z,862,2,2,13,0,0,1,1,1,1785493304
2026-07-31T10:30:21Z,863,13,0,5,1,0,1,1,1,1785488200
2026-07-31T10:30:21Z,866,11,3,8,0,0,1,1,1,1785493171
2026-07-31T10:30:21Z,867,12,0,3,0,0,1,1,1,1785492480
2026-07-31T10:30:21Z,868,13,2,2,0,0,1,1,1,1785492690
2026-07-31T10:30:21Z,870,7,4,6,2,0,1,1,1,1785492910
2026-07-31T10:30:21Z,871,0,0,10,1,0,1,1,1,1785492285
2026-07-31T10:30:21Z,872,0,0,14,1,0,1,1,1,1785492827
2026-07-31T10:30:21Z,873,0,0,32,1,0,1,1,1,1785492819
2026-07-31T10:30:21Z,874,4,2,8,3,0,1,1,1,1785493009
2026-07-31T10:30:21Z,875,14,10,0,1,0,1,1,1,1785492977
2026-07-31T10:30:21Z,877,11,10,6,2,0,1,1,1,1785492438
2026-07-31T10:30:21Z,878,3,2,15,1,0,1,1,1,1785493018
2026-07-31T10:30:21Z,879,1,0,18,0,0,1,1,1,1785492059
2026-07-31T10:30:21Z,880,3,0,19,1,0,1,1,1,1785492979
2026-07-31T10:30:21Z,881,2,0,17,0,0,1,1,1,1785492871
2026-07-31T10:30:21Z,882,10,0,6,3,0,1,1,1,1785488200
2026-07-31T10:30:21Z,883,10,6,9,0,0,1,1,1,1785493136
2026-07-31T10:30:21Z,884,11,7,10,0,0,1,1,1,1785492429
2026-07-31T10:30:21Z,885,1,0,18,0,0,1,1,1,1785492716
2026-07-31T10:30:21Z,886,16,1,12,1,0,1,1,1,1785493518
2026-07-31T10:30:21Z,887,3,1,11,3,0,1,1,1,1785493428
2026-07-31T10:30:21Z,888,14,0,25,2,0,1,1,1,1785493812
2026-07-31T10:30:21Z,889,17,1,0,2,0,1,1,1,1785493023
2026-07-31T10:30:21Z,890,6,4,9,0,0,1,1,1,1785489632
2026-07-31T10:30:21Z,891,20,0,2,1,0,1,1,1,1785492531
2026-07-31T10:30:21Z,892,13,1,2,0,0,1,1,1,1785488200
2026-07-31T10:30:21Z,895,0,0,18,1,0,1,1,1,1785489208
2026-07-31T10:30:21Z,896,6,0,29,0,0,1,1,1,1785493238
2026-07-31T10:30:21Z,897,11,1,10,0,0,1,1,1,1785492911
2026-07-31T10:30:21Z,898,2,0,17,0,0,1,1,1,1785492635
2026-07-31T10:30:21Z,899,0,0,18,1,0,1,1,1,1785493683
2026-07-31T10:30:21Z,900,18,1,7,2,0,1,1,1,1785493699
2026-07-31T10:30:21Z,901,11,0,7,1,0,1,1,1,1785493396
2026-07-31T10:30:21Z,902,9,0,5,1,0,1,1,1,1785492572
2026-07-31T10:30:21Z,903,14,2,4,1,0,1,1,1,1785492019
2026-07-31T10:30:21Z,904,10,4,8,1,0,1,1,1,1785493025
2026-07-31T10:30:21Z,905,5,0,22,0,0,1,1,1,1785493128
2026-07-31T10:30:21Z,906,7,4,20,0,0,1,1,1,1785493462
2026-07-31T10:30:21Z,907,6,1,25,0,0,1,1,1,1785493385
2026-07-31T10:30:21Z,908,11,0,12,0,0,1,1,1,1785493013
2026-07-31T10:30:21Z,909,13,3,9,1,0,1,1,1,1785493334
2026-07-31T10:30:21Z,910,22,1,9,0,0,1,1,1,1785492939
2026-07-31T10:30:21Z,911,4,1,15,0,0,1,1,1,1785492568
2026-07-31T10:30:21Z,912,8,4,13,2,0,1,1,1,1785493631
2026-07-31T10:30:21Z,913,3,1,16,0,0,1,1,1,1785493551
2026-07-31T10:30:21Z,914,8,2,11,0,0,1,1,1,1785493368
2026-07-31T10:30:21Z,915,10,1,12,1,0,1,1,1,1785493127
2026-07-31T10:30:21Z,916,22,7,0,1,0,1,1,1,1785493174
2026-07-31T10:30:21Z,917,7,2,26,2,0,1,1,1,1785493779
2026-07-31T10:30:21Z,918,12,4,5,2,0,1,1,1,1785492938
2026-07-31T10:30:21Z,919,14,1,23,2,0,1,1,1,1785493645
2026-07-31T10:30:21Z,920,4,2,15,0,0,1,1,1,1785493364
2026-07-31T10:30:21Z,921,12,0,9,0,0,1,1,1,1785492704
2026-07-31T10:30:21Z,922,4,1,17,0,0,1,1,1,1785493508
2026-07-31T10:30:21Z,923,19,2,0,0,0,1,1,1,1785492378
2026-07-31T10:30:21Z,924,8,2,13,0,0,1,1,1,1785493717
2026-07-31T10:30:21Z,925,13,0,8,0,0,1,1,1,1785493182
2026-07-31T10:30:21Z,926,0,0,21,0,0,1,1,1,1785493321
2026-07-31T10:30:21Z,927,1,0,34,0,0,1,1,1,1785493733
2026-07-31T10:30:21Z,928,5,3,14,0,0,1,1,1,1785464301
2026-07-31T10:30:21Z,929,0,0,23,0,0,1,1,1,1785492336
2026-07-31T10:30:21Z,930,0,0,30,1,0,1,1,1,1785492937
2026-07-31T10:30:21Z,931,10,4,13,0,0,1,1,1,1785493775
2026-07-31T10:30:21Z,932,5,0,11,3,0,1,1,1,1785493089
2026-07-31T10:30:21Z,933,1,0,22,0,0,1,1,1,1785493354
2026-07-31T10:30:21Z,934,2,0,28,1,0,1,1,1,1785493440
2026-07-31T10:30:21Z,935,11,3,7,1,0,1,1,1,1785492065
2026-07-31T10:30:21Z,936,4,1,15,0,0,1,1,1,1785456801
2026-07-31T10:30:21Z,940,8,0,3,0,0,1,1,1,1785493586
2026-07-31T10:30:21Z,941,10,1,13,2,0,1,1,1,1785493444
2026-07-31T10:30:21Z,942,6,1,14,1,0,1,1,1,1785493818
2026-07-31T10:30:21Z,943,9,8,6,0,0,1,1,1,1785492938
2026-07-31T10:30:21Z,944,9,8,6,0,0,1,1,1,1785492755
2026-07-31T10:30:21Z,945,10,8,5,0,0,1,1,1,1785492269
2026-07-31T10:30:21Z,946,7,5,12,0,0,1,1,1,1785487593
2026-07-31T10:30:21Z,947,7,5,10,0,0,1,1,1,1785492769
2026-07-31T10:30:21Z,948,24,8,2,5,0,1,1,1,1785493536
2026-07-31T10:30:21Z,949,2,1,13,0,0,1,1,1,1785493764
2026-07-31T10:30:21Z,950,14,4,2,1,0,1,1,1,1785492782
2026-07-31T10:30:21Z,951,18,4,4,1,0,1,1,1,1785493683
2026-07-31T10:30:21Z,952,10,0,45,0,0,1,1,1,1785492955
2026-07-31T10:30:21Z,953,13,2,1,1,0,1,1,1,1785492039
2026-07-31T10:30:21Z,954,17,4,2,0,0,1,1,1,1785492883
2026-07-31T10:30:21Z,955,4,3,17,6,0,1,1,1,1785493675
2026-07-31T10:30:21Z,956,21,0,1,1,0,1,1,1,1785493609
2026-07-31T10:30:21Z,957,15,0,14,0,0,1,1,1,1785492172
2026-07-31T10:30:21Z,958,18,1,13,0,0,1,1,1,1785493504
2026-07-31T10:30:21Z,959,20,8,0,3,0,1,1,1,1785492663
2026-07-31T10:30:21Z,960,21,1,1,1,0,1,1,1,1785493146
2026-07-31T10:30:21Z,961,3,2,17,3,0,1,1,1,1785493492
2026-07-31T10:30:21Z,962,9,3,23,3,0,1,1,1,1785493762
2026-07-31T10:30:21Z,963,9,0,13,1,0,1,1,1,1785493116
2026-07-31T10:30:21Z,964,18,8,4,1,0,1,1,1,1785493045
2026-07-31T10:30:21Z,965,5,1,21,1,0,1,1,1,1785492984
2026-07-31T10:30:21Z,966,28,0,3,0,0,1,1,1,1785493505
2026-07-31T10:30:21Z,967,18,0,2,1,0,1,1,1,1785493504
2026-07-31T10:30:21Z,968,15,0,3,1,0,1,1,1,1785492762
2026-07-31T10:30:21Z,969,10,6,15,2,0,1,1,1,1785493265
2026-07-31T10:30:21Z,970,11,1,6,2,0,1,1,1,1785493270
2026-07-31T10:30:21Z,971,11,0,11,1,0,1,1,1,1785493071
2026-07-31T10:30:21Z,972,9,1,13,1,0,1,1,1,1785492738
2026-07-31T10:30:21Z,973,8,4,14,1,0,1,1,1,1785493126
2026-07-31T10:30:21Z,974,14,0,13,0,0,1,1,1,1785493560
2026-07-31T10:30:21Z,977,7,7,11,3,0,1,1,1,1785493004
2026-07-31T10:30:21Z,978,11,0,12,0,0,1,1,1,1785492054
2026-07-31T10:30:21Z,979,13,1,4,0,0,1,1,1,1785493410
2026-07-31T10:30:21Z,980,1,0,18,2,0,1,1,1,1785492337
2026-07-31T10:30:21Z,981,18,0,2,1,0,1,1,1,1785493285
2026-07-31T10:30:21Z,982,3,1,14,2,0,1,1,1,1785492802
2026-07-31T10:30:21Z,983,2,1,20,1,0,1,1,1,1785493220
2026-07-31T10:30:21Z,984,6,0,17,0,0,1,1,1,1785492408
2026-07-31T10:30:21Z,985,12,0,19,0,0,1,1,1,1785493500
2026-07-31T10:30:21Z,986,4,0,15,0,0,1,1,1,1785492800
2026-07-31T10:30:21Z,987,6,0,16,1,0,1,1,1,1785493342
2026-07-31T10:30:21Z,988,5,1,13,1,0,1,1,1,1785492954
2026-07-31T10:30:21Z,989,9,4,10,0,0,1,1,1,1785493758
2026-07-31T10:30:21Z,990,13,1,0,2,0,1,1,1,1785493000
2026-07-31T10:30:21Z,991,10,2,8,1,0,1,1,1,1785492669
2026-07-31T10:30:21Z,992,10,7,12,1,0,1,1,1,1785493545
2026-07-31T10:30:21Z,993,0,0,27,0,0,1,1,1,1785476008
2026-07-31T10:30:21Z,994,3,1,18,0,0,1,1,1,1785493758
2026-07-31T10:30:21Z,995,7,1,20,0,0,1,1,1,1785492979
2026-07-31T10:30:21Z,996,8,1,15,0,0,1,1,1,1785492779
2026-07-31T10:30:21Z,997,11,5,10,2,0,1,1,1,1785493795
2026-07-31T10:30:21Z,998,2,2,20,1,0,1,1,1,1785493093
2026-07-31T10:30:21Z,999,3,1,15,2,1,1,1,1,1785492869
2026-07-31T10:30:21Z,1000,5,2,16,0,0,1,1,1,1785493662
2026-07-31T10:30:21Z,1001,2,1,25,0,0,1,1,1,1785493119
2026-07-31T10:30:21Z,1002,0,0,27,4,0,1,1,1,1785493124
2026-07-31T10:30:21Z,1003,0,0,22,1,0,1,1,1,1785492741
2026-07-31T10:30:21Z,1004,8,1,15,0,0,1,1,1,1785492182
2026-07-31T10:30:21Z,1005,20,1,3,0,0,1,1,1,1785492930
2026-07-31T10:30:21Z,1006,7,4,11,1,0,1,1,1,1785492763
2026-07-31T10:30:21Z,1007,2,1,19,0,0,1,1,1,1785492396
2026-07-31T10:30:21Z,1008,6,5,15,2,0,1,1,1,1785493720
2026-07-31T10:30:21Z,1009,19,2,8,4,0,1,1,1,1785493586
2026-07-31T10:30:21Z,1010,7,2,20,0,0,1,1,1,1785492604
2026-07-31T10:30:21Z,1011,8,2,9,2,0,1,1,1,1785493137
2026-07-31T10:30:21Z,1012,4,3,18,1,0,1,1,1,1785492696
2026-07-31T10:30:21Z,1013,4,1,18,1,0,1,1,1,1785493292
2026-07-31T10:30:21Z,1014,7,2,13,3,0,1,1,1,1785493216
2026-07-31T10:30:21Z,1015,3,1,25,3,0,1,1,1,1785493497
2026-07-31T10:30:21Z,1016,10,5,21,0,0,1,1,1,1785492565
2026-07-31T10:30:21Z,1017,14,5,7,0,0,1,1,1,1785492102
2026-07-31T10:30:21Z,1018,7,2,15,0,0,1,1,1,1785492783
2026-07-31T10:30:21Z,1019,9,6,6,0,0,1,1,1,1785492708
2026-07-31T10:30:21Z,1020,18,3,3,0,0,1,1,1,1785493787
2026-07-31T10:30:21Z,1021,9,3,5,1,0,1,1,1,1785493509
2026-07-31T10:30:21Z,1022,14,0,13,0,0,1,1,1,1785492878
2026-07-31T10:30:21Z,1023,13,1,9,1,0,1,1,1,1785492519
2026-07-31T10:30:21Z,1024,5,2,13,1,0,1,1,1,1785493516
2026-07-31T10:30:21Z,1025,4,0,14,0,1,1,1,1,1785492846
2026-07-31T10:30:21Z,1026,7,4,18,6,0,1,1,1,1785493725
2026-07-31T10:30:21Z,1028,2,0,20,1,0,1,1,1,1785492875
2026-07-31T10:30:21Z,1029,9,9,5,1,0,1,1,1,1785493806
2026-07-31T10:30:21Z,1030,14,5,9,0,0,1,1,1,1785493558
2026-07-31T10:30:21Z,1031,8,0,11,0,0,1,1,1,1785492104
2026-07-31T10:30:21Z,1032,7,1,12,0,0,1,1,1,1785492769
2026-07-31T10:30:21Z,1033,9,5,9,1,0,1,1,1,1785493582
2026-07-31T10:30:21Z,1034,2,0,13,0,0,1,1,1,1785492781
2026-07-31T10:30:21Z,1035,1,0,16,2,0,1,1,1,1785492815
2026-07-31T10:30:21Z,1036,14,0,1,0,0,1,1,1,1785493360
2026-07-31T10:30:21Z,1037,4,0,14,1,0,1,1,1,1785493083
2026-07-31T10:30:21Z,1038,2,0,12,1,0,1,1,1,1785492479
2026-07-31T10:30:21Z,1039,7,2,12,0,0,1,1,1,1785492923
2026-07-31T10:30:21Z,1040,7,3,10,2,0,1,1,1,1785492808
2026-07-31T10:30:21Z,1041,10,3,8,1,0,1,1,1,1785493504
2026-07-31T10:30:21Z,1042,12,1,1,2,0,1,1,1,1785492785
2026-07-31T10:30:21Z,1043,9,0,7,3,0,1,1,1,1785492842
2026-07-31T10:30:21Z,1044,2,1,12,1,0,1,1,1,1785492535
2026-07-31T10:30:21Z,1045,11,1,8,0,0,1,1,1,1785492755
2026-07-31T10:30:21Z,1046,9,0,6,0,0,1,1,1,1785492158
2026-07-31T10:30:21Z,1047,4,0,17,0,0,1,1,1,1785493523
2026-07-31T10:30:21Z,1048,10,1,9,0,0,1,1,1,1785492733
2026-07-31T10:30:21Z,1049,5,0,16,0,0,1,1,1,1785492798
2026-07-31T10:30:21Z,1050,17,4,4,0,0,1,1,1,1785492079
2026-07-31T10:30:21Z,1051,8,3,13,0,0,1,1,1,1785493787
2026-07-31T10:30:21Z,1052,17,2,5,0,0,1,1,1,1785492597
2026-07-31T10:30:21Z,1053,2,1,13,0,0,1,1,1,1785492660
2026-07-31T10:30:21Z,1054,14,1,1,0,0,1,1,1,1785492920
2026-07-31T10:30:21Z,1055,8,2,11,0,0,1,1,1,1785492900
2026-07-31T10:30:21Z,1057,17,0,1,1,0,1,1,1,1785493376
2026-07-31T10:30:21Z,1058,1,0,55,0,0,1,1,1,1785492861
2026-07-31T10:30:21Z,1059,0,0,18,1,0,1,1,1,1785492790
2026-07-31T10:30:21Z,1060,31,0,6,0,0,1,1,1,1785493600
2026-07-31T10:30:21Z,1061,12,1,24,1,0,1,1,1,1785493360
2026-07-31T10:30:21Z,1062,2,0,15,0,0,1,1,1,1785493273
2026-07-31T10:30:21Z,1063,12,1,6,1,0,1,1,1,1785492811
2026-07-31T10:30:21Z,1064,3,0,19,1,0,1,1,1,1785493145
2026-07-31T10:30:21Z,1065,16,3,7,0,0,1,1,1,1785493385
2026-07-31T10:30:21Z,1066,10,2,13,0,0,1,1,1,1785493210
2026-07-31T10:30:21Z,1067,8,2,13,2,0,1,1,1,1785493478
2026-07-31T10:30:21Z,1068,8,2,13,2,0,1,1,1,1785492969
2026-07-31T10:30:21Z,1069,12,3,11,0,0,1,1,1,1785493019
2026-07-31T10:30:21Z,1070,12,2,11,0,0,1,1,1,1785493115
2026-07-31T10:30:21Z,1071,7,4,16,0,0,1,1,1,1785493154
2026-07-31T10:30:21Z,1072,11,1,11,1,0,1,1,1,1785493545
2026-07-31T10:30:21Z,1073,24,5,2,1,0,1,1,1,1785493710
2026-07-31T10:30:21Z,1074,0,0,52,1,0,1,1,1,1785492973
2026-07-31T10:30:21Z,1075,10,10,11,0,0,1,1,1,1785492523
2026-07-31T10:30:21Z,1076,15,12,6,0,0,1,1,1,1785493777
2026-07-31T10:30:21Z,1077,8,5,13,0,0,1,1,1,1785492740
2026-07-31T10:30:21Z,1078,11,10,10,0,0,1,1,1,1785493817
2026-07-31T10:30:21Z,1079,11,8,10,0,0,1,1,1,1785492631
2026-07-31T10:30:21Z,1080,10,8,10,1,0,1,1,1,1785493231
2026-07-31T10:30:21Z,1081,13,8,6,0,0,1,1,1,1785493619
2026-07-31T10:30:21Z,1082,7,7,1,0,0,1,1,1,1785493099
2026-07-31T10:30:21Z,1083,13,11,8,0,0,1,1,1,1785492899
2026-07-31T10:30:21Z,1084,9,8,12,0,0,1,1,1,1785492516
2026-07-31T10:30:21Z,1085,10,10,11,0,0,1,1,1,1785492162
2026-07-31T10:30:21Z,1086,0,0,20,1,0,1,1,1,1785492868
2026-07-31T10:30:21Z,1087,12,7,3,0,0,1,1,1,1785492056
2026-07-31T10:30:21Z,1088,10,7,5,0,0,1,1,1,1785492814
2026-07-31T10:30:21Z,1089,5,3,10,0,0,1,1,1,1785493169
2026-07-31T10:30:21Z,1090,10,9,5,0,0,1,1,1,1785493700
2026-07-31T10:30:21Z,1091,12,7,3,0,0,1,1,1,1785493612
2026-07-31T10:30:21Z,1092,9,9,5,1,0,1,1,1,1785493158
2026-07-31T10:30:21Z,1093,7,6,8,0,0,1,1,1,1785493520
2026-07-31T10:30:21Z,1094,10,8,8,1,0,1,1,1,1785492776
2026-07-31T10:30:21Z,1095,9,8,6,0,0,1,1,1,1785493462
2026-07-31T10:30:21Z,1096,3,1,15,1,0,1,1,1,1785493131
2026-07-31T10:30:21Z,1097,9,9,6,0,0,1,1,1,1785493345
2026-07-31T10:30:21Z,1098,9,7,10,0,0,1,1,1,1785493687
2026-07-31T10:30:21Z,1099,7,6,8,0,0,1,1,1,1785492602
2026-07-31T10:30:21Z,1100,8,4,21,0,0,1,1,1,1785493678
2026-07-31T10:30:21Z,1101,9,5,12,0,0,1,1,1,1785492495
2026-07-31T10:30:21Z,1102,9,4,4,0,0,1,1,1,1785493595
2026-07-31T10:30:21Z,1103,10,5,11,0,0,1,1,1,1785487895
2026-07-31T10:30:21Z,1104,10,5,11,0,0,1,1,1,1785492251
2026-07-31T10:30:21Z,1105,8,4,5,0,0,1,1,1,1785493481
2026-07-31T10:30:21Z,1106,10,5,11,0,0,1,1,1,1785492914
2026-07-31T10:30:21Z,1107,9,5,6,0,0,1,1,1,1785492882
2026-07-31T10:30:21Z,1108,6,3,18,3,0,1,1,1,1785493379
2026-07-31T10:30:21Z,1109,6,1,9,0,0,1,1,1,1785492838
2026-07-31T10:30:21Z,1110,12,4,9,0,0,1,1,1,1785492121
2026-07-31T10:30:21Z,1111,3,2,18,0,0,1,1,1,1785475740
2026-07-31T10:30:21Z,1112,39,0,14,0,0,1,1,1,1785492678
2026-07-31T10:30:21Z,1113,1,0,20,0,0,1,1,1,1785492076
2026-07-31T10:30:21Z,1115,17,5,3,3,0,1,1,1,1785493287
2026-07-31T10:30:21Z,1116,5,1,14,0,0,1,1,1,1785492787
2026-07-31T10:30:21Z,1117,13,3,9,1,0,1,1,1,1785493169
2026-07-31T10:30:21Z,1118,16,1,3,2,0,1,1,1,1785492600
2026-07-31T10:30:21Z,1119,13,1,4,0,0,1,1,1,1785493802
2026-07-31T10:30:21Z,1120,13,0,6,0,0,1,1,1,1785492867
2026-07-31T10:30:21Z,1121,14,2,4,3,0,1,1,1,1785493508
2026-07-31T10:30:21Z,1122,15,9,3,3,0,1,1,1,1785492225
2026-07-31T10:30:21Z,1123,6,3,15,2,0,1,1,1,1785492426
2026-07-31T10:30:21Z,1124,8,1,3,4,0,1,1,1,1785493811
2026-07-31T10:30:21Z,1125,15,1,8,0,0,1,1,1,1785493066
2026-07-31T10:30:21Z,1126,4,0,16,1,0,1,1,1,1785492150
2026-07-31T10:30:21Z,1127,6,1,12,1,0,1,1,1,1785493107
2026-07-31T10:30:21Z,1128,14,2,0,1,0,1,1,1,1785492788
2026-07-31T10:30:21Z,1129,3,2,17,1,0,1,1,1,1785492515
2026-07-31T10:30:21Z,1130,6,0,9,0,0,1,1,1,1785492575
2026-07-31T10:30:21Z,1131,0,0,48,1,0,1,1,1,1785493565
2026-07-31T10:30:21Z,1132,13,6,7,1,0,1,1,1,1785492433
2026-07-31T10:30:21Z,1133,15,12,4,2,0,1,1,1,1785493783
2026-07-31T10:30:21Z,1134,11,7,8,0,0,1,1,1,1785493293
2026-07-31T10:30:21Z,1135,10,5,11,0,0,1,1,1,1785492389
2026-07-31T10:30:21Z,1136,5,0,18,0,0,1,1,1,1785493560
2026-07-31T10:30:21Z,1137,13,0,2,0,0,1,1,1,1785492707
2026-07-31T10:30:21Z,1138,15,2,4,0,0,1,1,1,1785492749
2026-07-31T10:30:21Z,1139,18,4,1,2,0,1,1,1,1785493273
2026-07-31T10:30:21Z,1140,22,3,0,1,0,1,1,1,1785492500
2026-07-31T10:30:21Z,1141,2,0,19,0,0,1,1,1,1785492512
2026-07-31T10:30:21Z,1142,2,0,19,0,0,1,1,1,1785493426
2026-07-31T10:30:21Z,1143,20,1,8,1,0,1,1,1,1785493604
2026-07-31T10:30:21Z,1144,7,1,13,1,0,1,1,1,1785493028
2026-07-31T10:30:21Z,1145,13,6,7,1,0,1,1,1,1785493168
2026-07-31T10:30:21Z,1146,11,1,4,4,0,1,1,1,1785492890
2026-07-31T10:30:21Z,1147,3,0,16,0,0,1,1,1,1785492714
2026-07-31T10:30:21Z,1148,24,6,7,0,0,1,1,1,1785493474
2026-07-31T10:30:21Z,1149,3,3,22,0,0,1,1,1,1785492438
2026-07-31T10:30:21Z,1150,18,1,1,0,0,1,1,1,1785492575
2026-07-31T10:30:21Z,1151,12,0,9,0,0,1,1,1,1785493435
2026-07-31T10:30:21Z,1152,19,1,10,0,0,1,1,1,1785493655
2026-07-31T10:30:21Z,1153,21,6,1,1,0,1,1,1,1785493798
2026-07-31T10:30:21Z,1154,13,1,6,0,0,1,1,1,1785492218
2026-07-31T10:30:21Z,1155,14,6,6,1,0,1,1,1,1785493337
2026-07-31T10:30:21Z,1158,3,0,15,1,0,1,1,1,1785492677
2026-07-31T10:30:21Z,1159,13,1,6,0,0,1,1,1,1785493032
2026-07-31T10:30:21Z,1160,9,1,9,1,0,1,1,1,1785493709
2026-07-31T10:30:21Z,1161,3,0,15,1,0,1,1,1,1785493167
2026-07-31T10:30:21Z,1162,2,1,17,0,0,1,1,1,1785493417
2026-07-31T10:30:21Z,1163,1,1,17,1,0,1,1,1,1785492793
2026-07-31T10:30:21Z,1164,6,1,13,0,0,1,1,1,1785492852
2026-07-31T10:30:21Z,1165,5,0,16,0,0,1,1,1,1785493585
2026-07-31T10:30:21Z,1166,12,3,8,1,0,1,1,1,1785493100
2026-07-31T10:30:21Z,1167,4,0,11,0,0,1,1,1,1785492560
2026-07-31T10:30:21Z,1168,2,1,20,1,0,1,1,1,1785493049
2026-07-31T10:30:21Z,1169,3,0,15,1,0,1,1,1,1785492699
2026-07-31T10:30:21Z,1170,6,0,14,1,0,1,1,1,1785493071
2026-07-31T10:30:21Z,1171,7,6,15,1,0,1,1,1,1785492744
2026-07-31T10:30:21Z,1172,7,2,6,2,0,1,1,1,1785492959
2026-07-31T10:30:21Z,1173,13,5,6,0,0,1,1,1,1785492948
2026-07-31T10:30:21Z,1174,7,4,8,0,0,1,1,1,1785493608
2026-07-31T10:30:21Z,1175,7,3,12,0,0,1,1,1,1785493715
2026-07-31T10:30:21Z,1176,19,1,2,0,0,1,1,1,1785492153
2026-07-31T10:30:21Z,1177,2,0,19,0,0,1,1,1,1785492075
2026-07-31T10:30:21Z,1178,2,1,13,0,0,1,1,1,1785492595
2026-07-31T10:30:21Z,1181,11,0,3,1,0,1,1,1,1785492552
2026-07-31T10:30:21Z,1182,2,0,18,0,0,1,1,1,1785493458
2026-07-31T10:30:21Z,1183,1,0,42,2,0,1,1,1,1785492643
2026-07-31T10:30:21Z,1184,12,6,8,1,0,1,1,1,1785492258
2026-07-31T10:30:21Z,1185,10,5,11,0,0,1,1,1,1785492203
2026-07-31T10:30:21Z,1186,9,5,10,0,0,1,1,1,1785493216
2026-07-31T10:30:21Z,1187,12,6,8,1,0,1,1,1,1785493564
2026-07-31T10:30:21Z,1188,10,5,5,0,0,1,1,1,1785492888
2026-07-31T10:30:21Z,1189,10,5,9,0,0,1,1,1,1785492977
2026-07-31T10:30:21Z,1190,10,5,11,0,0,1,1,1,1785492371
2026-07-31T10:30:21Z,1191,10,5,5,0,0,1,1,1,1785492895
2026-07-31T10:30:21Z,1192,10,6,10,1,0,1,1,1,1785492739
2026-07-31T10:30:21Z,1193,6,4,5,2,0,1,1,1,1785493721
2026-07-31T10:30:21Z,1197,9,6,7,1,0,1,1,1,1785493675
2026-07-31T10:30:21Z,1198,14,4,5,2,0,1,1,1,1785493263
2026-07-31T10:30:21Z,1199,2,0,17,0,0,1,1,1,1785493276
2026-07-31T10:30:21Z,1200,11,5,4,0,0,1,1,1,1785492931
2026-07-31T10:30:21Z,1201,11,5,4,0,0,1,1,1,1785492908
2026-07-31T10:30:21Z,1202,12,6,3,0,0,1,1,1,1785493009
2026-07-31T10:30:21Z,1203,9,6,6,0,0,1,1,1,1785492905
2026-07-31T10:30:21Z,1204,7,3,11,1,0,1,1,1,1785492652
2026-07-31T10:30:21Z,1206,11,5,10,0,0,1,1,1,1785493686
2026-07-31T10:30:21Z,1207,8,4,6,1,0,1,1,1,1785493221
2026-07-31T10:30:21Z,1208,7,2,11,1,0,1,1,1,1785493131
2026-07-31T10:30:21Z,1216,7,0,13,1,0,1,1,1,1785492099
2026-07-31T10:30:21Z,1218,4,0,17,0,0,1,1,1,1785492493
2026-07-31T10:30:21Z,1219,6,1,8,1,0,1,1,1,1785492398
2026-07-31T10:30:21Z,1220,14,7,4,1,0,1,1,1,1785492150
2026-07-31T10:30:21Z,1221,1,1,19,1,0,1,1,1,1785493623
2026-07-31T10:30:21Z,1222,29,1,0,0,0,1,1,1,1785492752
2026-07-31T10:30:21Z,1223,23,0,6,0,0,1,1,1,1785492586
2026-07-31T10:30:21Z,1226,0,0,3,0,0,0,1,1,1781868931
2026-07-31T10:30:21Z,1227,21,1,4,0,0,1,1,1,1785493072
2026-07-31T10:30:21Z,1228,14,0,14,1,0,1,1,1,1785493687
2026-07-31T10:30:21Z,1229,34,0,11,0,0,1,1,1,1785493647
2026-07-31T10:35:21Z,1,3,0,20,0,0,1,1,1,1785492989
2026-07-31T10:35:21Z,2,21,0,3,3,0,1,1,1,1785492483
2026-07-31T10:35:21Z,3,9,0,4,1,0,1,1,1,1785485488
2026-07-31T10:35:21Z,4,1,0,20,1,0,1,1,1,1785487895
2026-07-31T10:35:21Z,5,9,3,13,1,0,1,1,1,1785484887
2026-07-31T10:35:21Z,6,6,2,9,0,0,1,1,1,1785486991
2026-07-31T10:35:21Z,7,1,0,38,0,0,1,1,1,1785492363
2026-07-31T10:35:21Z,8,0,0,43,0,0,1,1,1,1785487014
2026-07-31T10:35:21Z,9,1,0,21,1,0,1,1,1,1785493415
2026-07-31T10:35:21Z,10,0,0,21,2,0,1,1,1,1785493107
2026-07-31T10:35:21Z,11,16,6,2,1,0,1,1,1,1785493091
2026-07-31T10:35:21Z,12,0,0,23,0,0,1,1,1,1785490105
2026-07-31T10:35:21Z,13,11,0,19,0,0,1,1,1,1785488834
2026-07-31T10:35:21Z,14,3,0,39,0,1,1,1,1,1785491439
2026-07-31T10:35:21Z,15,3,0,12,0,0,1,1,1,1785488861
2026-07-31T10:35:21Z,16,8,0,16,2,1,1,1,1,1785487292
2026-07-31T10:35:21Z,17,7,0,19,1,0,1,1,1,1785491479
2026-07-31T10:35:21Z,18,6,0,10,2,0,1,1,1,1785492179
2026-07-31T10:35:21Z,19,12,0,14,1,0,1,1,1,1785494019
2026-07-31T10:35:21Z,20,31,0,4,0,0,1,1,1,1785491965
2026-07-31T10:35:21Z,21,1,0,17,1,0,1,1,1,1785493427
2026-07-31T10:35:21Z,22,19,0,45,1,0,1,1,1,1785492488
2026-07-31T10:35:21Z,23,10,5,21,0,0,1,1,1,1785487895
2026-07-31T10:35:21Z,24,1,0,8,2,0,1,1,1,1785494110
2026-07-31T10:35:21Z,25,2,2,78,0,1,1,1,1,1785493961
2026-07-31T10:35:21Z,26,1,0,26,0,0,1,1,1,1785491464
2026-07-31T10:35:21Z,28,15,3,0,0,0,1,1,1,1785486991
2026-07-31T10:35:21Z,30,1,0,27,1,0,1,1,1,1785486089
2026-07-31T10:35:21Z,31,0,0,17,2,0,1,1,1,1785494115
2026-07-31T10:35:21Z,32,19,1,8,0,0,1,1,1,1785493506
2026-07-31T10:35:21Z,34,3,1,33,1,0,1,1,1,1785493238
2026-07-31T10:35:21Z,35,3,1,43,1,0,1,1,1,1785493681
2026-07-31T10:35:21Z,36,0,0,0,0,0,0,1,1,86400
2026-07-31T10:35:21Z,37,1,0,22,0,0,1,1,1,1785491559
2026-07-31T10:35:21Z,38,1,0,22,0,0,1,1,1,1785490318
2026-07-31T10:35:21Z,39,23,5,16,0,0,1,1,1,1785493410
2026-07-31T10:35:21Z,40,16,0,4,1,0,1,1,1,1785493705
2026-07-31T10:35:21Z,41,3,1,39,1,0,1,1,1,1785494071
2026-07-31T10:35:21Z,42,31,8,0,0,0,1,1,1,1785472558
2026-07-31T10:35:21Z,43,5,0,18,0,0,1,1,1,1785490390
2026-07-31T10:35:21Z,45,2,0,26,1,0,1,1,1,1785492300
2026-07-31T10:35:21Z,46,12,2,19,0,0,1,1,1,1785491240
2026-07-31T10:35:21Z,47,14,6,0,1,0,1,1,1,1785492895
2026-07-31T10:35:21Z,48,20,0,7,0,0,1,1,1,1785487579
2026-07-31T10:35:21Z,49,4,0,16,3,0,1,1,1,1785494116
2026-07-31T10:35:21Z,50,2,2,17,0,0,1,1,1,1785494027
2026-07-31T10:35:21Z,51,68,0,9,0,0,1,1,1,1785487292
2026-07-31T10:35:21Z,52,0,0,24,3,0,1,1,1,1785493858
2026-07-31T10:35:21Z,55,1,1,22,0,0,1,1,1,1785487781
2026-07-31T10:35:21Z,56,1,0,42,0,0,1,1,1,1785493668
2026-07-31T10:35:21Z,57,0,0,27,0,0,1,1,1,1785486089
2026-07-31T10:35:21Z,58,0,0,28,0,0,1,1,1,1785489985
2026-07-31T10:35:21Z,59,1,0,24,2,0,1,1,1,1785494008
2026-07-31T10:35:21Z,61,2,1,37,0,0,1,1,1,1785491414
2026-07-31T10:35:21Z,62,5,3,43,1,0,1,1,1,1785493490
2026-07-31T10:35:21Z,63,13,0,6,0,0,1,1,1,1785492690
2026-07-31T10:35:21Z,64,10,1,5,4,0,1,1,1,1785493091
2026-07-31T10:35:21Z,65,16,7,2,1,0,1,1,1,1785491350
2026-07-31T10:35:21Z,67,16,0,23,0,0,1,1,1,1785491870
2026-07-31T10:35:21Z,68,0,0,37,0,0,1,1,1,1785488201
2026-07-31T10:35:21Z,69,13,1,2,0,0,1,1,1,1785493502
2026-07-31T10:35:21Z,71,2,0,24,1,0,1,1,1,1785492683
2026-07-31T10:35:21Z,72,19,5,10,2,0,1,1,1,1785493839
2026-07-31T10:35:21Z,73,1,0,30,0,0,1,1,1,1785491470
2026-07-31T10:35:21Z,74,13,6,6,0,0,1,1,1,1785489103
2026-07-31T10:35:21Z,75,0,0,31,1,0,1,1,1,1785487292
2026-07-31T10:35:21Z,76,17,0,1,1,0,1,1,1,1785494114
2026-07-31T10:35:21Z,77,24,0,2,1,0,1,1,1,1785494000
2026-07-31T10:35:21Z,78,7,3,14,2,0,1,1,1,1785494013
2026-07-31T10:35:21Z,79,5,3,11,1,0,1,1,1,1785491374
2026-07-31T10:35:21Z,80,16,0,4,3,0,1,1,1,1785493927
2026-07-31T10:35:21Z,81,5,0,26,0,0,1,1,1,1785486390
2026-07-31T10:35:21Z,82,13,1,10,0,0,1,1,1,1785493968
2026-07-31T10:35:21Z,83,8,1,25,1,0,1,1,1,1785494013
2026-07-31T10:35:21Z,84,23,0,4,0,0,1,1,1,1785493962
2026-07-31T10:35:21Z,85,0,0,15,0,0,1,1,1,1785492381
2026-07-31T10:35:21Z,86,25,0,1,1,0,1,1,1,1785486691
2026-07-31T10:35:21Z,87,10,0,9,0,0,1,1,1,1785488201
2026-07-31T10:35:21Z,88,2,0,40,1,0,1,1,1,1785492709
2026-07-31T10:35:21Z,89,22,0,13,0,0,1,1,1,1785487292
2026-07-31T10:35:21Z,90,6,2,10,2,0,1,1,1,1785490958
2026-07-31T10:35:21Z,91,13,0,4,0,0,1,1,1,1785490693
2026-07-31T10:35:21Z,92,11,4,5,3,0,1,1,1,1785494112
2026-07-31T10:35:21Z,93,0,0,23,0,0,1,1,1,1785486390
2026-07-31T10:35:21Z,94,3,0,15,1,0,1,1,1,1785492659
2026-07-31T10:35:21Z,95,24,2,9,1,1,1,1,1,1785493084
2026-07-31T10:35:21Z,96,28,0,2,1,0,1,1,1,1785491842
2026-07-31T10:35:21Z,97,0,0,16,1,0,1,1,1,1785494045
2026-07-31T10:35:21Z,98,20,0,14,1,0,1,1,1,1785491722
2026-07-31T10:35:21Z,99,4,2,11,0,0,1,1,1,1785486802
2026-07-31T10:35:21Z,100,2,0,25,0,0,1,1,1,1785494078
2026-07-31T10:35:21Z,101,1,0,13,2,0,1,1,1,1785494110
2026-07-31T10:35:21Z,102,0,0,23,0,0,1,1,1,1785487553
2026-07-31T10:35:21Z,103,8,0,22,0,0,1,1,1,1785493912
2026-07-31T10:35:21Z,104,0,0,25,2,0,1,1,1,1785494114
2026-07-31T10:35:21Z,105,16,1,3,0,0,1,1,1,1785486390
2026-07-31T10:35:21Z,106,1,0,20,0,0,1,1,1,1785490634
2026-07-31T10:35:21Z,107,0,0,37,0,0,1,1,1,1785485489
2026-07-31T10:35:21Z,108,12,1,23,0,0,1,1,1,1785493874
2026-07-31T10:35:21Z,109,13,0,10,0,0,1,1,1,1785493876
2026-07-31T10:35:21Z,110,12,0,11,0,0,1,1,1,1785493883
2026-07-31T10:35:21Z,111,1,0,35,0,0,1,1,1,1785490951
2026-07-31T10:35:21Z,112,3,0,11,1,0,1,1,1,1785494058
2026-07-31T10:35:21Z,113,6,0,10,3,0,1,1,1,1785494115
2026-07-31T10:35:21Z,114,6,6,23,1,1,1,1,1,1785493975
2026-07-31T10:35:21Z,115,4,3,22,2,0,1,1,1,1785493935
2026-07-31T10:35:21Z,116,3,3,23,1,0,1,1,1,1785487594
2026-07-31T10:35:21Z,118,20,9,0,3,0,1,1,1,1785493657
2026-07-31T10:35:21Z,119,30,2,4,4,0,1,1,1,1785494106
2026-07-31T10:35:21Z,120,21,1,5,1,0,1,1,1,1785492726
2026-07-31T10:35:21Z,121,4,2,14,0,1,1,1,1,1785493992
2026-07-31T10:35:21Z,122,10,0,10,1,0,1,1,1,1785491486
2026-07-31T10:35:21Z,123,9,1,38,0,0,1,1,1,1785493871
2026-07-31T10:35:21Z,124,30,0,5,0,0,1,1,1,1785492197
2026-07-31T10:35:21Z,125,6,2,17,0,0,1,1,1,1785490205
2026-07-31T10:35:21Z,126,23,2,8,0,0,1,1,1,1785493316
2026-07-31T10:35:21Z,127,9,1,24,2,0,1,1,1,1785494065
2026-07-31T10:35:21Z,128,17,1,2,0,0,1,1,1,1785490685
2026-07-31T10:35:21Z,129,17,1,0,2,0,1,1,1,1785486089
2026-07-31T10:35:21Z,130,5,1,12,0,0,1,1,1,1785490452
2026-07-31T10:35:21Z,131,7,3,2,2,0,1,1,1,1785493570
2026-07-31T10:35:21Z,132,12,6,2,0,1,1,1,1,1785493839
2026-07-31T10:35:21Z,134,4,0,14,5,0,1,1,1,1785494101
2026-07-31T10:35:21Z,135,8,4,10,1,0,1,1,1,1785488917
2026-07-31T10:35:21Z,136,7,0,8,1,7,1,1,1,1785493867
2026-07-31T10:35:21Z,137,7,2,12,0,0,1,1,1,1785494102
2026-07-31T10:35:21Z,138,35,2,2,0,0,1,1,1,1785494107
2026-07-31T10:35:21Z,139,17,3,2,0,0,1,1,1,1785491526
2026-07-31T10:35:21Z,140,15,8,6,2,0,1,1,1,1785494119
2026-07-31T10:35:21Z,141,29,1,7,0,0,1,1,1,1785494017
2026-07-31T10:35:21Z,142,23,1,0,0,0,1,1,1,1785490160
2026-07-31T10:35:21Z,143,14,3,16,1,0,1,1,1,1785493526
2026-07-31T10:35:21Z,144,22,0,5,0,0,1,1,1,1785491889
2026-07-31T10:35:21Z,146,7,1,15,1,0,1,1,1,1785493850
2026-07-31T10:35:21Z,147,10,3,7,2,0,1,1,1,1785494106
2026-07-31T10:35:21Z,148,23,0,3,0,1,1,1,1,1785494016
2026-07-31T10:35:21Z,149,16,3,10,1,0,1,1,1,1785493972
2026-07-31T10:35:21Z,150,26,6,6,3,0,1,1,1,1785494066
2026-07-31T10:35:21Z,151,19,6,4,0,0,1,1,1,1785494082
2026-07-31T10:35:21Z,152,20,2,3,4,0,1,1,1,1785493948
2026-07-31T10:35:21Z,153,13,1,12,6,0,1,1,1,1785493907
2026-07-31T10:35:21Z,154,16,2,4,3,0,1,1,1,1785493933
2026-07-31T10:35:21Z,155,10,4,3,1,0,1,1,1,1785494062
2026-07-31T10:35:21Z,156,13,0,6,0,0,1,1,1,1785493377
2026-07-31T10:35:21Z,157,13,0,12,2,0,1,1,1,1785494100
2026-07-31T10:35:21Z,158,16,2,0,0,0,1,1,1,1785488201
2026-07-31T10:35:21Z,159,3,1,16,0,0,1,1,1,1785494005
2026-07-31T10:35:21Z,160,18,1,1,0,0,1,1,1,1785491594
2026-07-31T10:35:21Z,161,19,3,3,0,0,1,1,1,1785492832
2026-07-31T10:35:21Z,162,10,0,16,1,0,1,1,1,1785488396
2026-07-31T10:35:21Z,163,27,2,3,0,1,1,1,1,1785493971
2026-07-31T10:35:21Z,164,25,7,1,1,0,1,1,1,1785492858
2026-07-31T10:35:21Z,165,21,10,9,1,0,1,1,1,1785490458
2026-07-31T10:35:21Z,166,32,8,3,4,0,1,1,1,1785494114
2026-07-31T10:35:21Z,167,19,9,2,2,0,1,1,1,1785491219
2026-07-31T10:35:21Z,168,18,0,8,1,0,1,1,1,1785494051
2026-07-31T10:35:21Z,169,2,0,20,0,1,1,1,1,1785494013
2026-07-31T10:35:21Z,170,17,4,0,2,0,1,1,1,1785488379
2026-07-31T10:35:21Z,171,10,3,1,2,0,1,1,1,1785493932
2026-07-31T10:35:21Z,173,37,1,2,0,0,1,1,1,1785494039
2026-07-31T10:35:21Z,174,22,1,2,2,0,1,1,1,1785493579
2026-07-31T10:35:21Z,175,7,0,24,0,0,1,1,1,1785493749
2026-07-31T10:35:21Z,176,7,2,7,0,1,1,1,1,1785492475
2026-07-31T10:35:21Z,177,18,1,9,0,0,1,1,1,1785493337
2026-07-31T10:35:21Z,178,2,0,10,2,1,1,1,1,1785494110
2026-07-31T10:35:21Z,179,11,1,3,1,0,1,1,1,1785493869
2026-07-31T10:35:21Z,180,28,0,2,0,0,1,1,1,1785492120
2026-07-31T10:35:21Z,181,11,0,3,1,0,1,1,1,1785493892
2026-07-31T10:35:21Z,182,12,1,5,0,0,1,1,1,1785493536
2026-07-31T10:35:21Z,183,14,0,9,0,0,1,1,1,1785492326
2026-07-31T10:35:21Z,184,3,1,19,1,0,1,1,1,1785493773
2026-07-31T10:35:21Z,185,11,1,1,2,1,1,1,1,1785493425
2026-07-31T10:35:21Z,186,3,0,16,0,0,1,1,1,1785492102
2026-07-31T10:35:21Z,187,9,0,18,1,0,1,1,1,1785491965
2026-07-31T10:35:21Z,188,11,0,8,8,0,1,1,1,1785493922
2026-07-31T10:35:21Z,189,14,4,1,0,0,1,1,1,1785493971
2026-07-31T10:35:21Z,190,4,0,19,0,0,1,1,1,1785492508
2026-07-31T10:35:21Z,191,1,0,38,0,0,1,1,1,1785493694
2026-07-31T10:35:21Z,192,12,4,16,3,0,1,1,1,1785486089
2026-07-31T10:35:21Z,193,2,0,13,0,0,1,1,1,1785493892
2026-07-31T10:35:21Z,194,15,1,11,1,0,1,1,1,1785493255
2026-07-31T10:35:21Z,195,11,1,6,2,0,1,1,1,1785493068
2026-07-31T10:35:21Z,196,21,1,4,2,0,1,1,1,1785493866
2026-07-31T10:35:21Z,197,16,3,1,1,1,1,1,1,1785489625
2026-07-31T10:35:21Z,198,18,16,5,0,0,1,1,1,1785492571
2026-07-31T10:35:21Z,199,7,6,5,3,0,1,1,1,1785493386
2026-07-31T10:35:21Z,200,12,0,13,1,0,1,1,1,1785492701
2026-07-31T10:35:21Z,201,7,3,16,0,0,1,1,1,1785494069
2026-07-31T10:35:21Z,202,0,0,27,0,0,1,1,1,1785494022
2026-07-31T10:35:21Z,203,26,2,4,1,0,1,1,1,1785493376
2026-07-31T10:35:21Z,204,29,0,5,1,0,1,1,1,1785493180
2026-07-31T10:35:21Z,205,13,1,14,0,0,1,1,1,1785488894
2026-07-31T10:35:21Z,206,2,1,12,1,0,1,1,1,1785493776
2026-07-31T10:35:21Z,207,12,0,8,1,0,1,1,1,1785491125
2026-07-31T10:35:21Z,208,3,0,26,0,0,1,1,1,1785491719
2026-07-31T10:35:21Z,209,6,0,22,3,0,1,1,1,1785493973
2026-07-31T10:35:21Z,210,23,2,4,0,0,1,1,1,1785485488
2026-07-31T10:35:21Z,211,14,6,8,1,0,1,1,1,1785490780
2026-07-31T10:35:21Z,212,22,0,12,1,0,1,1,1,1785493849
2026-07-31T10:35:21Z,213,11,1,10,2,0,1,1,1,1785493969
2026-07-31T10:35:21Z,214,28,0,15,4,0,1,1,1,1785493947
2026-07-31T10:35:21Z,215,5,2,17,1,0,1,1,1,1785492966
2026-07-31T10:35:21Z,216,7,0,11,1,0,1,1,1,1785491552
2026-07-31T10:35:21Z,217,10,0,18,1,0,1,1,1,1785494011
2026-07-31T10:35:21Z,218,21,5,16,2,0,1,1,1,1785493560
2026-07-31T10:35:21Z,219,1,1,24,1,0,1,1,1,1785494026
2026-07-31T10:35:21Z,220,23,6,18,1,1,1,1,1,1785491278
2026-07-31T10:35:21Z,221,13,8,1,1,0,1,1,1,1785491306
2026-07-31T10:35:21Z,222,12,10,5,2,0,1,1,1,1785491803
2026-07-31T10:35:21Z,223,7,3,25,3,0,1,1,1,1785494054
2026-07-31T10:35:21Z,224,6,4,15,1,0,1,1,1,1785491603
2026-07-31T10:35:21Z,225,10,0,3,6,0,1,1,1,1785493603
2026-07-31T10:35:21Z,226,30,10,1,0,0,1,1,1,1785493072
2026-07-31T10:35:21Z,227,22,14,3,1,1,1,1,1,1785492835
2026-07-31T10:35:21Z,228,1,0,17,1,0,1,1,1,1785493588
2026-07-31T10:35:21Z,230,17,9,9,0,0,1,1,1,1785493194
2026-07-31T10:35:21Z,232,12,6,4,1,0,1,1,1,1785493284
2026-07-31T10:35:21Z,233,18,0,11,2,0,1,1,1,1785494040
2026-07-31T10:35:21Z,234,7,3,7,3,2,1,1,1,1785491043
2026-07-31T10:35:21Z,236,12,2,7,0,0,1,1,1,1785491381
2026-07-31T10:35:21Z,237,20,4,2,1,0,1,1,1,1785492227
2026-07-31T10:35:21Z,239,23,18,1,3,0,1,1,1,1785486691
2026-07-31T10:35:21Z,241,17,6,6,0,0,1,1,1,1785494031
2026-07-31T10:35:21Z,242,3,2,19,1,0,1,1,1,1785493793
2026-07-31T10:35:21Z,243,9,0,21,1,0,1,1,1,1785491961
2026-07-31T10:35:21Z,244,14,2,12,1,0,1,1,1,1785492355
2026-07-31T10:35:21Z,245,6,4,17,0,0,1,1,1,1785490437
2026-07-31T10:35:21Z,246,13,0,10,0,0,1,1,1,1785487895
2026-07-31T10:35:21Z,247,12,10,10,1,0,1,1,1,1785488201
2026-07-31T10:35:21Z,248,17,3,3,3,0,1,1,1,1785493912
2026-07-31T10:35:21Z,249,6,3,13,0,0,1,1,1,1785492523
2026-07-31T10:35:21Z,250,24,7,3,0,0,1,1,1,1785491888
2026-07-31T10:35:21Z,251,20,4,4,3,0,1,1,1,1785492529
2026-07-31T10:35:21Z,253,9,4,9,1,0,1,1,1,1785492879
2026-07-31T10:35:21Z,254,26,21,16,1,0,1,1,1,1785485789
2026-07-31T10:35:21Z,255,5,0,17,0,1,1,1,1,1785493859
2026-07-31T10:35:21Z,256,9,4,12,2,0,1,1,1,1785490433
2026-07-31T10:35:21Z,257,14,5,4,1,0,1,1,1,1785492175
2026-07-31T10:35:21Z,258,1,1,18,0,0,1,1,1,1785493898
2026-07-31T10:35:21Z,259,20,3,2,0,1,1,1,1,1785492630
2026-07-31T10:35:21Z,260,11,2,5,3,0,1,1,1,1785493444
2026-07-31T10:35:21Z,261,15,0,2,1,1,1,1,1,1785493961
2026-07-31T10:35:21Z,262,17,8,5,1,0,1,1,1,1785493870
2026-07-31T10:35:21Z,263,13,3,2,0,0,1,1,1,1785493338
2026-07-31T10:35:21Z,264,16,5,2,1,0,1,1,1,1785493523
2026-07-31T10:35:21Z,265,13,0,2,0,0,1,1,1,1785493506
2026-07-31T10:35:21Z,266,14,7,2,3,0,1,1,1,1785492036
2026-07-31T10:35:21Z,267,7,3,6,2,0,1,1,1,1785484888
2026-07-31T10:35:21Z,268,23,9,0,0,0,1,1,1,1785484887
2026-07-31T10:35:21Z,269,9,3,13,1,0,1,1,1,1785492045
2026-07-31T10:35:21Z,270,23,1,4,0,0,1,1,1,1785491481
2026-07-31T10:35:21Z,271,0,0,17,2,0,1,1,1,1785486991
2026-07-31T10:35:21Z,272,13,13,9,1,0,1,1,1,1785486390
2026-07-31T10:35:21Z,273,13,5,2,0,0,1,1,1,1785492772
2026-07-31T10:35:21Z,274,17,7,1,1,0,1,1,1,1785493723
2026-07-31T10:35:21Z,275,13,0,6,2,2,1,1,1,1785493924
2026-07-31T10:35:21Z,276,1,0,26,0,0,1,1,1,1785486991
2026-07-31T10:35:21Z,277,11,1,7,5,0,1,1,1,1785493543
2026-07-31T10:35:21Z,278,22,2,6,2,1,1,1,1,1785492494
2026-07-31T10:35:21Z,279,17,0,2,0,0,1,1,1,1785493037
2026-07-31T10:35:21Z,280,9,2,19,3,0,1,1,1,1785493854
2026-07-31T10:35:21Z,281,19,0,0,0,0,1,1,1,1785486089
2026-07-31T10:35:21Z,282,5,2,13,0,0,1,1,1,1785484887
2026-07-31T10:35:21Z,283,33,1,2,0,0,1,1,1,1785491784
2026-07-31T10:35:21Z,284,16,3,17,2,0,1,1,1,1785492919
2026-07-31T10:35:21Z,285,8,7,15,0,0,1,1,1,1785485188
2026-07-31T10:35:21Z,286,16,15,3,4,0,1,1,1,1785493775
2026-07-31T10:35:21Z,287,14,4,6,3,0,1,1,1,1785492851
2026-07-31T10:35:21Z,288,12,9,7,0,0,1,1,1,1785493800
2026-07-31T10:35:21Z,289,23,2,1,3,0,1,1,1,1785493119
2026-07-31T10:35:21Z,290,8,0,30,1,0,1,1,1,1785494043
2026-07-31T10:35:21Z,291,10,1,11,2,0,1,1,1,1785493768
2026-07-31T10:35:21Z,292,22,0,1,0,0,1,1,1,1785485789
2026-07-31T10:35:21Z,293,17,10,6,0,0,1,1,1,1785486991
2026-07-31T10:35:21Z,294,1,1,20,1,0,1,1,1,1785493458
2026-07-31T10:35:21Z,297,14,4,3,1,1,1,1,1,1785493456
2026-07-31T10:35:21Z,301,17,1,2,0,0,1,1,1,1785486691
2026-07-31T10:35:21Z,302,0,0,23,0,0,1,1,1,1785486991
2026-07-31T10:35:21Z,303,17,0,2,0,0,1,1,1,1785494091
2026-07-31T10:35:21Z,304,0,0,0,0,0,0,1,1,86400
2026-07-31T10:35:21Z,305,19,0,0,0,0,1,1,1,1785485188
2026-07-31T10:35:21Z,306,3,0,28,1,0,1,1,1,1785493147
2026-07-31T10:35:21Z,307,18,1,3,1,1,1,1,1,1785493974
2026-07-31T10:35:21Z,308,16,0,1,2,0,1,1,1,1785493891
2026-07-31T10:35:21Z,309,13,3,0,1,0,1,1,1,1785488427
2026-07-31T10:35:21Z,311,15,0,0,0,0,1,1,1,1785486992
2026-07-31T10:35:21Z,312,6,3,12,4,1,1,1,1,1785493983
2026-07-31T10:35:21Z,313,3,1,12,0,0,1,1,1,1785486991
2026-07-31T10:35:21Z,314,4,3,11,3,0,1,1,1,1785486991
2026-07-31T10:35:21Z,315,23,6,6,2,0,1,1,1,1785491768
2026-07-31T10:35:21Z,316,3,1,21,6,1,1,1,1,1785493882
2026-07-31T10:35:21Z,317,0,0,30,0,1,1,1,1,1785493829
2026-07-31T10:35:21Z,318,16,0,3,0,0,1,1,1,1785486991
2026-07-31T10:35:21Z,319,16,3,6,1,0,1,1,1,1785493630
2026-07-31T10:35:21Z,320,18,5,0,1,0,1,1,1,1785491087
2026-07-31T10:35:21Z,321,8,2,7,4,0,1,1,1,1785494089
2026-07-31T10:35:21Z,322,4,1,24,1,0,1,1,1,1785489880
2026-07-31T10:35:21Z,323,9,0,10,0,0,1,1,1,1785492561
2026-07-31T10:35:21Z,324,20,5,5,2,0,1,1,1,1785494107
2026-07-31T10:35:21Z,325,4,3,21,2,0,1,1,1,1785489487
2026-07-31T10:35:21Z,327,25,0,1,1,0,1,1,1,1785493489
2026-07-31T10:35:21Z,328,18,0,3,1,0,1,1,1,1785493903
2026-07-31T10:35:21Z,329,17,0,0,2,0,1,1,1,1785492480
2026-07-31T10:35:21Z,330,0,0,22,0,0,1,1,1,1785494031
2026-07-31T10:35:21Z,331,12,3,10,1,0,1,1,1,1785494003
2026-07-31T10:35:21Z,332,10,3,7,2,0,1,1,1,1785487292
2026-07-31T10:35:21Z,333,2,2,20,1,0,1,1,1,1785492618
2026-07-31T10:35:21Z,334,11,8,12,0,0,1,1,1,1785487804
2026-07-31T10:35:21Z,335,3,1,18,1,1,1,1,1,1785493931
2026-07-31T10:35:21Z,336,18,2,1,0,0,1,1,1,1785487293
2026-07-31T10:35:21Z,337,16,3,2,5,0,1,1,1,1785493839
2026-07-31T10:35:21Z,338,17,8,2,0,0,1,1,1,1785487389
2026-07-31T10:35:21Z,339,22,10,1,0,0,1,1,1,1785493420
2026-07-31T10:35:21Z,340,13,11,1,1,0,1,1,1,1785491300
2026-07-31T10:35:21Z,341,10,3,9,0,0,1,1,1,1785493774
2026-07-31T10:35:21Z,342,12,5,0,3,0,1,1,1,1785492817
2026-07-31T10:35:21Z,343,21,1,1,1,0,1,1,1,1785492630
2026-07-31T10:35:21Z,344,23,9,0,0,0,1,1,1,1785488186
2026-07-31T10:35:21Z,345,19,3,0,0,0,1,1,1,1785487292
2026-07-31T10:35:21Z,346,9,6,14,0,0,1,1,1,1785489426
2026-07-31T10:35:21Z,347,7,3,35,2,0,1,1,1,1785494116
2026-07-31T10:35:21Z,348,21,3,0,1,1,1,1,1,1785494093
2026-07-31T10:35:21Z,349,8,2,11,0,0,1,1,1,1785494111
2026-07-31T10:35:21Z,350,25,3,0,1,1,1,1,1,1785493029
2026-07-31T10:35:21Z,351,19,2,1,3,0,1,1,1,1785494086
2026-07-31T10:35:21Z,355,21,0,2,0,0,1,1,1,1785490901
2026-07-31T10:35:21Z,356,16,0,2,1,0,1,1,1,1785493586
2026-07-31T10:35:21Z,357,13,4,6,0,0,1,1,1,1785485188
2026-07-31T10:35:21Z,358,24,4,2,1,0,1,1,1,1785487594
2026-07-31T10:35:21Z,359,18,0,9,0,0,1,1,1,1785493819
2026-07-31T10:35:21Z,360,14,3,3,2,0,1,1,1,1785492564
2026-07-31T10:35:21Z,362,16,4,1,2,0,1,1,1,1785493387
2026-07-31T10:35:21Z,363,2,0,25,0,0,1,1,1,1785489580
2026-07-31T10:35:21Z,364,19,3,0,0,0,1,1,1,1785487896
2026-07-31T10:35:21Z,365,15,2,4,4,0,1,1,1,1785493902
2026-07-31T10:35:21Z,366,10,7,6,7,0,1,1,1,1785494037
2026-07-31T10:35:21Z,367,15,8,2,2,0,1,1,1,1785491056
2026-07-31T10:35:21Z,368,20,3,1,2,0,1,1,1,1785486991
2026-07-31T10:35:21Z,370,10,7,17,0,0,1,1,1,1785493654
2026-07-31T10:35:21Z,371,5,2,13,1,0,1,1,1,1785493227
2026-07-31T10:35:21Z,372,7,2,8,0,0,1,1,1,1785493678
2026-07-31T10:35:21Z,373,25,9,2,0,0,1,1,1,1785493650
2026-07-31T10:35:21Z,374,16,7,1,2,0,1,1,1,1785493817
2026-07-31T10:35:21Z,375,21,6,3,3,0,1,1,1,1785494080
2026-07-31T10:35:21Z,376,28,3,6,5,0,1,1,1,1785493208
2026-07-31T10:35:21Z,377,23,9,4,0,0,1,1,1,1785493056
2026-07-31T10:35:21Z,378,21,5,1,1,1,1,1,1,1785494045
2026-07-31T10:35:21Z,379,15,0,12,0,0,1,1,1,1785494064
2026-07-31T10:35:21Z,380,20,6,2,1,0,1,1,1,1785493756
2026-07-31T10:35:21Z,381,11,0,12,0,0,1,1,1,1785493395
2026-07-31T10:35:21Z,383,11,0,2,2,0,1,1,1,1785493739
2026-07-31T10:35:21Z,384,24,1,2,1,0,1,1,1,1785492881
2026-07-31T10:35:21Z,385,14,2,2,2,0,1,1,1,1785493153
2026-07-31T10:35:21Z,387,21,2,2,0,0,1,1,1,1785493687
2026-07-31T10:35:21Z,388,17,3,32,0,0,1,1,1,1785494116
2026-07-31T10:35:21Z,389,9,8,6,0,0,1,1,1,1785487293
2026-07-31T10:35:21Z,390,16,0,19,0,0,1,1,1,1785489336
2026-07-31T10:35:21Z,391,4,0,10,1,0,1,1,1,1785487292
2026-07-31T10:35:21Z,392,2,2,16,1,0,1,1,1,1785494028
2026-07-31T10:35:21Z,393,3,3,5,3,0,1,1,1,1785487292
2026-07-31T10:35:21Z,394,7,5,4,2,0,1,1,1,1785493943
2026-07-31T10:35:21Z,396,7,7,32,3,0,1,1,1,1785487595
2026-07-31T10:35:21Z,397,6,5,25,0,0,1,1,1,1785494011
2026-07-31T10:35:21Z,399,11,0,4,2,0,1,1,1,1785494065
2026-07-31T10:35:21Z,400,11,6,9,3,0,1,1,1,1785492906
2026-07-31T10:35:21Z,401,7,0,24,8,0,1,1,1,1785493947
2026-07-31T10:35:21Z,403,2,0,27,2,0,1,1,1,1785494116
2026-07-31T10:35:21Z,404,1,1,21,1,0,1,1,1,1785491837
2026-07-31T10:35:21Z,406,4,2,30,1,0,1,1,1,1785494114
2026-07-31T10:35:21Z,407,16,3,17,1,0,1,1,1,1785493065
2026-07-31T10:35:21Z,408,13,2,19,1,0,1,1,1,1785491284
2026-07-31T10:35:21Z,409,1,0,19,3,0,1,1,1,1785493289
2026-07-31T10:35:21Z,413,20,5,1,2,0,1,1,1,1785493578
2026-07-31T10:35:21Z,414,12,4,2,1,0,1,1,1,1785492668
2026-07-31T10:35:21Z,417,11,6,7,1,0,1,1,1,1785491073
2026-07-31T10:35:21Z,418,1,0,14,0,0,1,1,1,1785490913
2026-07-31T10:35:21Z,419,10,0,12,1,0,1,1,1,1785487895
2026-07-31T10:35:21Z,421,1,0,18,0,0,1,1,1,1785488201
2026-07-31T10:35:21Z,422,4,3,22,1,0,1,1,1,1785493261
2026-07-31T10:35:21Z,423,5,1,18,0,0,1,1,1,1785491746
2026-07-31T10:35:21Z,424,3,1,9,3,0,1,1,1,1785493955
2026-07-31T10:35:21Z,425,19,0,2,0,1,1,1,1,1785491863
2026-07-31T10:35:21Z,426,1,0,34,2,0,1,1,1,1785492043
2026-07-31T10:35:21Z,427,14,1,0,1,0,1,1,1,1785493896
2026-07-31T10:35:21Z,428,17,2,1,1,0,1,1,1,1785494102
2026-07-31T10:35:21Z,429,0,0,21,2,0,1,1,1,1785492151
2026-07-31T10:35:21Z,430,28,0,0,3,0,1,1,1,1785485488
2026-07-31T10:35:21Z,431,15,0,17,1,0,1,1,1,1785488642
2026-07-31T10:35:21Z,432,19,0,10,2,0,0,1,1,1785493981
2026-07-31T10:35:21Z,433,19,6,3,1,0,1,1,1,1785488201
2026-07-31T10:35:21Z,437,2,1,16,1,0,1,1,1,1785492837
2026-07-31T10:35:21Z,438,17,0,1,1,0,1,1,1,1785493969
2026-07-31T10:35:21Z,439,4,0,11,0,0,1,1,1,1785490818
2026-07-31T10:35:21Z,440,13,1,0,2,0,1,1,1,1785488201
2026-07-31T10:35:21Z,441,13,2,1,1,0,1,1,1,1785493649
2026-07-31T10:35:21Z,442,17,9,1,1,0,1,1,1,1785487895
2026-07-31T10:35:21Z,443,4,2,23,0,0,1,1,1,1785485488
2026-07-31T10:35:21Z,444,2,2,21,0,0,1,1,1,1785485488
2026-07-31T10:35:21Z,445,7,2,15,1,0,1,1,1,1785493878
2026-07-31T10:35:21Z,446,1,1,21,1,0,1,1,1,1785487896
2026-07-31T10:35:21Z,447,2,0,19,1,1,1,1,1,1785492174
2026-07-31T10:35:21Z,448,9,4,5,1,0,1,1,1,1785487895
2026-07-31T10:35:21Z,452,8,6,10,1,0,1,1,1,1785487661
2026-07-31T10:35:21Z,453,6,5,8,1,0,1,1,1,1785491911
2026-07-31T10:35:21Z,454,9,0,10,0,0,1,1,1,1785489971
2026-07-31T10:35:21Z,455,2,0,37,0,0,1,1,1,1785492761
2026-07-31T10:35:21Z,456,8,0,11,1,0,1,1,1,1785493811
2026-07-31T10:35:21Z,457,25,2,0,2,0,1,1,1,1785487895
2026-07-31T10:35:21Z,458,11,4,12,0,0,1,1,1,1785493232
2026-07-31T10:35:21Z,459,15,0,0,0,0,1,1,1,1785485789
2026-07-31T10:35:21Z,460,16,2,6,1,0,1,1,1,1785493525
2026-07-31T10:35:21Z,461,5,1,14,0,0,1,1,1,1785487878
2026-07-31T10:35:21Z,462,11,1,10,0,0,1,1,1,1785493747
2026-07-31T10:35:21Z,463,13,1,6,0,0,1,1,1,1785487897
2026-07-31T10:35:21Z,464,3,1,11,0,0,1,1,1,1785485789
2026-07-31T10:35:21Z,465,0,0,14,1,0,1,1,1,1785485789
2026-07-31T10:35:21Z,466,11,3,2,2,0,1,1,1,1785485789
2026-07-31T10:35:21Z,467,4,1,14,1,0,1,1,1,1785493991
2026-07-31T10:35:21Z,468,17,1,1,1,0,1,1,1,1785485789
2026-07-31T10:35:21Z,469,2,1,21,0,0,1,1,1,1785487896
2026-07-31T10:35:21Z,470,12,1,1,2,0,1,1,1,1785493975
2026-07-31T10:35:21Z,471,22,2,5,0,0,1,1,1,1785487895
2026-07-31T10:35:21Z,472,15,4,2,2,0,1,1,1,1785493965
2026-07-31T10:35:21Z,473,19,5,0,0,0,1,1,1,1785485789
2026-07-31T10:35:21Z,474,16,0,3,0,0,1,1,1,1785488959
2026-07-31T10:35:21Z,475,5,1,13,1,0,1,1,1,1785492726
2026-07-31T10:35:21Z,477,9,7,5,1,0,1,1,1,1785492057
2026-07-31T10:35:21Z,478,7,0,23,1,0,1,1,1,1785492276
2026-07-31T10:35:21Z,479,0,0,26,1,0,1,1,1,1785492473
2026-07-31T10:35:21Z,480,3,0,9,3,0,1,1,1,1785493168
2026-07-31T10:35:21Z,481,30,1,4,1,0,1,1,1,1785494015
2026-07-31T10:35:21Z,482,18,6,1,0,0,1,1,1,1785490527
2026-07-31T10:35:21Z,483,1,0,23,3,0,1,1,1,1785493916
2026-07-31T10:35:21Z,484,5,2,13,1,0,1,1,1,1785493986
2026-07-31T10:35:21Z,485,16,6,1,1,1,1,1,1,1785493985
2026-07-31T10:35:21Z,486,25,6,0,2,0,1,1,1,1785493974
2026-07-31T10:35:21Z,487,6,4,12,1,0,1,1,1,1785493687
2026-07-31T10:35:21Z,489,12,6,3,0,0,1,1,1,1785488501
2026-07-31T10:35:21Z,490,2,1,14,0,0,1,1,1,1785492713
2026-07-31T10:35:21Z,491,4,1,17,0,0,1,1,1,1785486090
2026-07-31T10:35:21Z,492,4,2,3,4,0,1,1,1,1785494115
2026-07-31T10:35:21Z,493,0,0,26,1,0,1,1,1,1785487895
2026-07-31T10:35:21Z,495,9,0,3,3,0,1,1,1,1785489700
2026-07-31T10:35:21Z,496,25,1,2,0,0,1,1,1,1785493232
2026-07-31T10:35:21Z,497,17,0,1,1,0,1,1,1,1785491850
2026-07-31T10:35:21Z,498,20,3,2,1,0,1,1,1,1785493313
2026-07-31T10:35:21Z,499,17,1,1,1,0,1,1,1,1785487896
2026-07-31T10:35:21Z,500,8,4,2,5,0,1,1,1,1785492941
2026-07-31T10:35:21Z,501,11,4,10,0,0,1,1,1,1785492885
2026-07-31T10:35:21Z,502,6,0,13,0,0,1,1,1,1785486089
2026-07-31T10:35:21Z,503,26,0,4,1,0,1,1,1,1785493503
2026-07-31T10:35:21Z,504,1,0,38,0,0,1,1,1,1785492055
2026-07-31T10:35:21Z,505,10,1,1,1,0,1,1,1,1785487586
2026-07-31T10:35:21Z,511,6,4,17,0,0,1,1,1,1785492514
2026-07-31T10:35:21Z,512,6,0,21,0,0,1,1,1,1785490938
2026-07-31T10:35:21Z,514,8,0,2,1,0,1,1,1,1785492997
2026-07-31T10:35:21Z,515,2,0,17,0,0,1,1,1,1785487895
2026-07-31T10:35:21Z,516,0,0,27,0,0,1,1,1,1785484039
2026-07-31T10:35:21Z,517,15,3,7,1,0,1,1,1,1785492410
2026-07-31T10:35:21Z,518,14,1,0,1,0,1,1,1,1785486390
2026-07-31T10:35:21Z,519,4,0,13,2,0,1,1,1,1785492899
2026-07-31T10:35:21Z,520,12,8,9,5,1,1,1,1,1785494116
2026-07-31T10:35:21Z,521,18,5,5,0,0,1,1,1,1785494100
2026-07-31T10:35:21Z,522,0,0,22,1,0,1,1,1,1785486390
2026-07-31T10:35:21Z,523,5,3,17,1,0,1,1,1,1785493103
2026-07-31T10:35:21Z,524,1,0,22,0,0,1,1,1,1785491359
2026-07-31T10:35:21Z,525,9,0,10,0,0,1,1,1,1785492201
2026-07-31T10:35:21Z,526,13,1,0,2,0,1,1,1,1785486390
2026-07-31T10:35:21Z,527,4,2,19,3,0,1,1,1,1785494023
2026-07-31T10:35:21Z,528,20,1,2,1,0,1,1,1,1785491758
2026-07-31T10:35:21Z,529,6,3,7,6,0,1,1,1,1785494119
2026-07-31T10:35:21Z,530,13,0,7,1,0,1,1,1,1785493790
2026-07-31T10:35:21Z,531,19,0,2,1,1,1,1,1,1785493153
2026-07-31T10:35:21Z,532,3,3,27,1,0,1,1,1,1785488341
2026-07-31T10:35:21Z,533,8,1,9,2,0,1,1,1,1785486390
2026-07-31T10:35:21Z,534,13,2,10,0,0,1,1,1,1785493773
2026-07-31T10:35:21Z,535,2,0,13,0,0,1,1,1,1785486390
2026-07-31T10:35:21Z,536,1,0,22,0,0,1,1,1,1785493955
2026-07-31T10:35:21Z,537,1,1,19,0,0,1,1,1,1785488280
2026-07-31T10:35:21Z,538,20,7,1,0,2,1,1,1,1785494084
2026-07-31T10:35:21Z,539,5,5,26,0,0,1,1,1,1785488201
2026-07-31T10:35:21Z,540,2,1,17,0,0,1,1,1,1785486391
2026-07-31T10:35:21Z,541,22,1,4,1,0,1,1,1,1785492852
2026-07-31T10:35:21Z,542,4,2,19,0,0,1,1,1,1785493905
2026-07-31T10:35:21Z,543,17,2,1,1,0,1,1,1,1785488201
2026-07-31T10:35:21Z,544,14,1,4,4,0,1,1,1,1785493619
2026-07-31T10:35:21Z,545,1,0,16,2,0,1,1,1,1785492723
2026-07-31T10:35:21Z,546,16,8,3,0,0,1,1,1,1785489048
2026-07-31T10:35:21Z,547,20,1,5,0,0,1,1,1,1785493853
2026-07-31T10:35:21Z,548,14,1,9,0,0,1,1,1,1785486390
2026-07-31T10:35:21Z,549,19,0,4,0,0,1,1,1,1785490211
2026-07-31T10:35:21Z,550,16,1,3,0,0,1,1,1,1785492776
2026-07-31T10:35:21Z,551,16,4,7,0,0,1,1,1,1785486390
2026-07-31T10:35:21Z,552,27,3,0,0,0,1,1,1,1785486390
2026-07-31T10:35:21Z,553,18,4,3,1,1,1,1,1,1785494012
2026-07-31T10:35:21Z,554,1,1,18,0,0,1,1,1,1785486691
2026-07-31T10:35:21Z,555,12,5,2,1,0,1,1,1,1785493469
2026-07-31T10:35:21Z,556,20,4,1,2,0,1,1,1,1785493820
2026-07-31T10:35:21Z,557,6,4,12,5,0,1,1,1,1785488202
2026-07-31T10:35:21Z,558,30,3,7,0,0,1,1,1,1785493401
2026-07-31T10:35:21Z,559,0,0,18,1,0,1,1,1,1785492602
2026-07-31T10:35:21Z,560,10,0,17,0,0,1,1,1,1785492157
2026-07-31T10:35:21Z,561,14,1,8,1,0,1,1,1,1785491627
2026-07-31T10:35:21Z,562,3,0,29,3,0,1,1,1,1785486691
2026-07-31T10:35:21Z,563,10,0,4,0,0,1,1,1,1785490429
2026-07-31T10:35:21Z,564,10,0,8,1,0,1,1,1,1785493840
2026-07-31T10:35:21Z,565,6,2,13,0,0,1,1,1,1785490461
2026-07-31T10:35:21Z,566,13,0,5,1,0,1,1,1,1785493988
2026-07-31T10:35:21Z,567,26,1,0,1,0,1,1,1,1785493771
2026-07-31T10:35:21Z,568,14,0,4,1,0,1,1,1,1785490328
2026-07-31T10:35:21Z,569,15,2,4,0,0,1,1,1,1785492410
2026-07-31T10:35:21Z,570,12,0,7,0,0,1,1,1,1785491560
2026-07-31T10:35:21Z,571,1,0,22,0,0,1,1,1,1785493752
2026-07-31T10:35:21Z,572,14,4,4,1,0,1,1,1,1785491187
2026-07-31T10:35:21Z,573,13,0,2,0,0,1,1,1,1785486691
2026-07-31T10:35:21Z,574,10,3,5,0,0,1,1,1,1785493936
2026-07-31T10:35:21Z,575,5,0,15,1,0,1,1,1,1785492780
2026-07-31T10:35:21Z,576,3,0,14,2,0,1,1,1,1785488201
2026-07-31T10:35:21Z,577,14,0,17,0,0,1,1,1,1785491933
2026-07-31T10:35:21Z,578,15,10,7,1,0,1,1,1,1785486996
2026-07-31T10:35:21Z,579,4,0,39,0,0,1,1,1,1785486691
2026-07-31T10:35:21Z,580,4,0,25,0,0,1,1,1,1785493686
2026-07-31T10:35:21Z,581,17,2,2,0,0,1,1,1,1785491955
2026-07-31T10:35:21Z,582,21,0,39,1,0,1,1,1,1785494104
2026-07-31T10:35:21Z,583,23,1,0,0,0,1,1,1,1785492035
2026-07-31T10:35:21Z,584,9,4,6,4,0,1,1,1,1785486691
2026-07-31T10:35:21Z,585,13,2,13,0,1,1,1,1,1785493978
2026-07-31T10:35:21Z,586,11,0,24,0,0,1,1,1,1785494115
2026-07-31T10:35:21Z,587,19,0,4,1,0,1,1,1,1785491646
2026-07-31T10:35:21Z,588,12,4,4,2,1,1,1,1,1785493865
2026-07-31T10:35:21Z,589,0,0,0,23,0,1,1,1,1785493937
2026-07-31T10:35:21Z,590,17,2,12,2,0,1,1,1,1785492102
2026-07-31T10:35:21Z,591,28,1,0,2,0,1,1,1,1785486691
2026-07-31T10:35:21Z,592,12,0,11,0,0,1,1,1,1785488952
2026-07-31T10:35:21Z,593,0,0,38,0,0,1,1,1,1785488201
2026-07-31T10:35:21Z,594,8,0,10,3,0,1,1,1,1785494076
2026-07-31T10:35:21Z,595,0,0,3,0,0,0,1,1,1784046673
2026-07-31T10:35:21Z,605,0,0,2,1,0,0,1,1,1783975843
2026-07-31T10:35:21Z,606,0,0,0,0,0,0,1,1,86400
2026-07-31T10:35:21Z,607,11,2,20,1,0,1,1,1,1785492495
2026-07-31T10:35:21Z,608,0,0,50,0,0,1,1,1,1785490318
2026-07-31T10:35:21Z,609,2,0,21,0,0,1,1,1,1785488201
2026-07-31T10:35:21Z,610,0,0,35,0,0,1,1,1,1785488201
2026-07-31T10:35:21Z,611,14,0,12,1,0,1,1,1,1785491795
2026-07-31T10:35:21Z,612,6,1,9,0,0,1,1,1,1785486691
2026-07-31T10:35:21Z,613,9,0,2,4,0,1,1,1,1785489318
2026-07-31T10:35:21Z,614,1,1,23,2,1,1,1,1,1785488202
2026-07-31T10:35:21Z,617,11,0,2,2,0,1,1,1,1785489767
2026-07-31T10:35:21Z,618,13,2,1,5,0,1,1,1,1785486690
2026-07-31T10:35:21Z,619,4,1,14,1,0,1,1,1,1785493167
2026-07-31T10:35:21Z,620,1,0,26,0,0,1,1,1,1785492178
2026-07-31T10:35:21Z,621,6,2,16,1,0,1,1,1,1785492151
2026-07-31T10:35:21Z,622,5,2,17,1,0,1,1,1,1785488201
2026-07-31T10:35:21Z,623,10,2,19,1,0,1,1,1,1785493892
2026-07-31T10:35:21Z,624,1,0,14,0,0,1,1,1,1785493218
2026-07-31T10:35:21Z,625,6,0,13,2,0,1,1,1,1785492688
2026-07-31T10:35:21Z,626,3,0,42,0,2,1,1,1,1785493349
2026-07-31T10:35:21Z,627,14,6,5,0,0,1,1,1,1785493197
2026-07-31T10:35:21Z,628,0,0,15,2,2,1,1,1,1785494098
2026-07-31T10:35:21Z,629,4,1,6,1,0,1,1,1,1785493844
2026-07-31T10:35:21Z,630,3,2,21,3,0,1,1,1,1785493979
2026-07-31T10:35:21Z,631,2,1,21,0,0,1,1,1,1785488201
2026-07-31T10:35:21Z,632,20,0,1,2,0,1,1,1,1785492884
2026-07-31T10:35:21Z,633,11,1,0,4,0,1,1,1,1785493949
2026-07-31T10:35:21Z,634,11,2,8,0,0,1,1,1,1785486991
2026-07-31T10:35:21Z,635,17,1,2,0,0,1,1,1,1785488201
2026-07-31T10:35:21Z,636,10,2,5,0,0,1,1,1,1785488201
2026-07-31T10:35:21Z,637,7,0,12,0,0,1,1,1,1785490209
2026-07-31T10:35:21Z,638,9,2,8,2,0,1,1,1,1785493430
2026-07-31T10:35:21Z,639,5,1,11,3,0,1,1,1,1785479066
2026-07-31T10:35:21Z,640,2,2,20,1,0,1,1,1,1785493979
2026-07-31T10:35:21Z,641,16,0,8,2,0,1,1,1,1785494076
2026-07-31T10:35:21Z,642,5,2,6,8,0,1,1,1,1785494114
2026-07-31T10:35:21Z,643,3,0,17,7,0,1,1,1,1785494115
2026-07-31T10:35:21Z,644,12,0,2,1,0,1,1,1,1785486991
2026-07-31T10:35:21Z,645,11,0,10,1,1,1,1,1,1785488495
2026-07-31T10:35:21Z,646,7,2,12,0,0,1,1,1,1785493857
2026-07-31T10:35:21Z,647,29,1,2,0,0,1,1,1,1785492741
2026-07-31T10:35:21Z,648,6,0,12,1,0,1,1,1,1785490674
2026-07-31T10:35:21Z,649,19,3,11,1,0,1,1,1,1785493644
2026-07-31T10:35:21Z,650,5,1,9,0,0,1,1,1,1785488201
2026-07-31T10:35:21Z,651,9,8,14,0,0,1,1,1,1785493406
2026-07-31T10:35:21Z,652,4,2,17,2,0,1,1,1,1785493967
2026-07-31T10:35:21Z,653,7,1,10,2,0,1,1,1,1785491694
2026-07-31T10:35:21Z,654,2,2,13,0,0,1,1,1,1785488202
2026-07-31T10:35:21Z,655,7,3,1,4,1,1,1,1,1785493894
2026-07-31T10:35:21Z,656,19,7,0,0,0,1,1,1,1785489841
2026-07-31T10:35:21Z,657,9,1,3,2,3,1,1,1,1785493924
2026-07-31T10:35:21Z,658,9,1,1,0,0,1,1,1,1785473427
2026-07-31T10:35:21Z,659,8,3,5,2,0,1,1,1,1785488201
2026-07-31T10:35:21Z,660,13,0,14,4,0,1,1,1,1785493887
2026-07-31T10:35:21Z,661,2,1,17,0,0,1,1,1,1785492505
2026-07-31T10:35:21Z,662,4,3,16,3,0,1,1,1,1785493876
2026-07-31T10:35:21Z,663,12,5,2,1,0,1,1,1,1785493447
2026-07-31T10:35:21Z,664,0,0,27,0,0,1,1,1,1785488202
2026-07-31T10:35:21Z,665,12,3,3,0,0,1,1,1,1785488202
2026-07-31T10:35:21Z,666,7,2,6,2,0,1,1,1,1785488201
2026-07-31T10:35:21Z,667,0,0,19,0,0,1,1,1,1785486991
2026-07-31T10:35:21Z,668,10,1,8,1,0,1,1,1,1785488201
2026-07-31T10:35:21Z,669,13,5,1,0,0,1,1,1,1785493864
2026-07-31T10:35:21Z,670,11,2,16,0,0,1,1,1,1785486992
2026-07-31T10:35:21Z,671,24,5,2,1,0,1,1,1,1785494036
2026-07-31T10:35:21Z,672,12,2,7,3,1,1,1,1,1785491597
2026-07-31T10:35:21Z,673,11,0,10,2,0,1,1,1,1785493259
2026-07-31T10:35:21Z,674,3,2,17,3,0,1,1,1,1785493849
2026-07-31T10:35:21Z,675,11,6,2,2,0,1,1,1,1785494091
2026-07-31T10:35:21Z,676,6,0,15,1,0,1,1,1,1785493473
2026-07-31T10:35:21Z,681,12,3,0,3,0,1,1,1,1785494108
2026-07-31T10:35:21Z,682,4,1,14,1,0,1,1,1,1785486991
2026-07-31T10:35:21Z,683,4,1,15,0,0,1,1,1,1785493800
2026-07-31T10:35:21Z,684,3,0,24,0,0,1,1,1,1785487883
2026-07-31T10:35:21Z,685,10,0,15,1,1,1,1,1,1785488201
2026-07-31T10:35:21Z,686,11,0,14,2,0,1,1,1,1785493956
2026-07-31T10:35:21Z,687,11,0,18,1,1,1,1,1,1785493967
2026-07-31T10:35:21Z,688,10,0,2,7,0,1,1,1,1785494041
2026-07-31T10:35:21Z,692,9,4,12,0,0,1,1,1,1785493892
2026-07-31T10:35:21Z,693,6,0,2,3,0,1,1,1,1785492611
2026-07-31T10:35:21Z,694,8,5,13,0,0,1,1,1,1785492368
2026-07-31T10:35:21Z,695,17,11,6,0,0,1,1,1,1785492512
2026-07-31T10:35:21Z,696,18,13,3,2,0,1,1,1,1785492434
2026-07-31T10:35:21Z,697,22,2,1,0,0,1,1,1,1785493839
2026-07-31T10:35:21Z,698,26,1,1,0,0,1,1,1,1785493775
2026-07-31T10:35:21Z,699,7,0,7,1,0,1,1,1,1785492916
2026-07-31T10:35:21Z,700,19,4,0,0,0,1,1,1,1785493050
2026-07-31T10:35:21Z,701,17,6,2,0,0,1,1,1,1785492482
2026-07-31T10:35:21Z,702,18,0,4,1,0,1,1,1,1785493515
2026-07-31T10:35:21Z,704,8,2,7,0,0,1,1,1,1785493691
2026-07-31T10:35:21Z,705,4,2,9,2,0,1,1,1,1785493156
2026-07-31T10:35:21Z,706,12,2,0,3,0,1,1,1,1785492442
2026-07-31T10:35:21Z,707,10,2,5,0,0,1,1,1,1785493076
2026-07-31T10:35:21Z,708,18,3,0,1,0,1,1,1,1785493287
2026-07-31T10:35:21Z,709,10,0,2,3,0,1,1,1,1785493298
2026-07-31T10:35:21Z,710,17,3,1,1,0,1,1,1,1785492522
2026-07-31T10:35:21Z,711,19,4,0,4,0,1,1,1,1785493761
2026-07-31T10:35:21Z,712,15,10,0,0,0,1,1,1,1785492460
2026-07-31T10:35:21Z,713,5,0,18,0,0,1,1,1,1785493561
2026-07-31T10:35:21Z,716,4,2,11,0,0,1,1,1,1785493749
2026-07-31T10:35:21Z,717,4,2,18,3,0,1,1,1,1785493819
2026-07-31T10:35:21Z,718,3,1,11,1,0,1,1,1,1785492624
2026-07-31T10:35:21Z,719,8,2,21,0,0,1,1,1,1785493861
2026-07-31T10:35:21Z,720,2,1,17,0,0,1,1,1,1785493092
2026-07-31T10:35:21Z,721,0,0,21,2,0,1,1,1,1785493899
2026-07-31T10:35:21Z,722,5,0,10,0,0,1,1,1,1785492847
2026-07-31T10:35:21Z,723,12,1,11,0,0,1,1,1,1785492894
2026-07-31T10:35:21Z,724,21,4,2,0,0,1,1,1,1785494045
2026-07-31T10:35:21Z,725,21,6,1,1,0,1,1,1,1785493868
2026-07-31T10:35:21Z,726,18,3,1,0,0,1,1,1,1785493912
2026-07-31T10:35:21Z,727,9,4,12,2,0,1,1,1,1785493847
2026-07-31T10:35:21Z,728,9,0,5,1,0,1,1,1,1785493393
2026-07-31T10:35:21Z,729,5,0,14,0,0,1,1,1,1785492458
2026-07-31T10:35:21Z,730,3,2,10,2,0,1,1,1,1785493990
2026-07-31T10:35:21Z,731,9,3,5,1,0,1,1,1,1785493103
2026-07-31T10:35:21Z,732,8,5,7,0,0,1,1,1,1785494054
2026-07-31T10:35:21Z,733,4,0,23,0,0,1,1,1,1785493123
2026-07-31T10:35:21Z,734,4,2,10,0,0,1,1,1,1785494093
2026-07-31T10:35:21Z,735,4,3,23,0,0,1,1,1,1785492984
2026-07-31T10:35:21Z,736,6,0,13,0,0,1,1,1,1785493535
2026-07-31T10:35:21Z,737,4,3,10,0,1,1,1,1,1785493528
2026-07-31T10:35:21Z,738,16,5,1,2,0,1,1,1,1785493577
2026-07-31T10:35:21Z,739,19,2,7,1,0,1,1,1,1785493152
2026-07-31T10:35:21Z,741,7,1,16,0,0,1,1,1,1785493426
2026-07-31T10:35:21Z,742,4,0,28,3,0,1,1,1,1785493568
2026-07-31T10:35:21Z,743,9,3,8,2,0,1,1,1,1785493295
2026-07-31T10:35:21Z,744,10,4,4,1,0,1,1,1,1785493801
2026-07-31T10:35:21Z,745,14,4,4,1,0,1,1,1,1785493811
2026-07-31T10:35:21Z,746,10,2,11,2,0,1,1,1,1785494087
2026-07-31T10:35:21Z,747,0,0,4,0,0,0,1,1,1783446606
2026-07-31T10:35:21Z,748,10,1,13,0,0,1,1,1,1785492788
2026-07-31T10:35:21Z,749,5,5,17,1,0,1,1,1,1785492705
2026-07-31T10:35:21Z,750,1,1,10,0,0,1,1,1,1785493041
2026-07-31T10:35:21Z,751,11,1,12,0,0,1,1,1,1785494038
2026-07-31T10:35:21Z,752,13,1,3,1,0,1,1,1,1785490194
2026-07-31T10:35:21Z,753,5,0,10,0,0,1,1,1,1785493935
2026-07-31T10:35:21Z,754,1,0,12,2,0,1,1,1,1785494031
2026-07-31T10:35:21Z,755,11,2,11,1,0,1,1,1,1785492664
2026-07-31T10:35:21Z,756,3,0,34,0,0,1,1,1,1785493394
2026-07-31T10:35:21Z,757,15,8,4,0,0,1,1,1,1785492789
2026-07-31T10:35:21Z,758,23,3,0,0,0,1,1,1,1785492384
2026-07-31T10:35:21Z,759,3,2,12,0,0,1,1,1,1785493925
2026-07-31T10:35:21Z,760,8,3,11,0,0,1,1,1,1785488200
2026-07-31T10:35:21Z,761,17,0,5,1,0,1,1,1,1785493807
2026-07-31T10:35:21Z,762,6,3,4,5,0,1,1,1,1785493050
2026-07-31T10:35:21Z,768,8,0,8,3,0,1,1,1,1785494030
2026-07-31T10:35:21Z,769,17,12,2,0,0,1,1,1,1785493657
2026-07-31T10:35:21Z,770,11,3,6,2,0,1,1,1,1785493593
2026-07-31T10:35:21Z,771,13,3,1,1,0,1,1,1,1785493031
2026-07-31T10:35:21Z,772,7,3,8,0,0,1,1,1,1785493649
2026-07-31T10:35:21Z,773,15,4,4,0,0,1,1,1,1785493488
2026-07-31T10:35:21Z,774,10,5,2,3,0,1,1,1,1785493428
2026-07-31T10:35:21Z,775,6,0,11,1,1,1,1,1,1785488308
2026-07-31T10:35:21Z,776,3,1,17,1,0,1,1,1,1785493821
2026-07-31T10:35:21Z,777,10,0,2,3,0,1,1,1,1785493572
2026-07-31T10:35:21Z,778,13,0,3,3,0,1,1,1,1785493614
2026-07-31T10:35:21Z,779,8,1,10,1,0,1,1,1,1785492776
2026-07-31T10:35:21Z,780,18,4,0,1,0,1,1,1,1785494012
2026-07-31T10:35:21Z,781,4,0,4,3,0,1,1,1,1785493638
2026-07-31T10:35:21Z,782,5,3,10,4,0,1,1,1,1785493313
2026-07-31T10:35:21Z,783,6,0,13,0,0,1,1,1,1785492583
2026-07-31T10:35:21Z,784,19,2,0,0,0,1,1,1,1785494006
2026-07-31T10:35:21Z,785,11,2,2,6,0,1,1,1,1785492755
2026-07-31T10:35:21Z,786,11,5,8,0,0,1,1,1,1785492405
2026-07-31T10:35:21Z,787,11,5,2,2,0,1,1,1,1785493854
2026-07-31T10:35:21Z,788,3,0,12,0,0,1,1,1,1785493073
2026-07-31T10:35:21Z,789,8,1,3,4,0,1,1,1,1785493303
2026-07-31T10:35:21Z,790,3,0,20,0,0,1,1,1,1785493711
2026-07-31T10:35:21Z,791,8,1,10,0,1,1,1,1,1785494086
2026-07-31T10:35:21Z,793,4,0,10,1,0,1,1,1,1785493442
2026-07-31T10:35:21Z,794,10,4,17,2,0,1,1,1,1785493918
2026-07-31T10:35:21Z,796,0,0,17,2,0,1,1,1,1785493244
2026-07-31T10:35:21Z,797,1,0,14,0,0,1,1,1,1785487593
2026-07-31T10:35:21Z,798,8,1,16,1,0,1,1,1,1785493743
2026-07-31T10:35:21Z,799,15,1,1,3,0,1,1,1,1785493212
2026-07-31T10:35:21Z,800,2,0,18,1,0,1,1,1,1785493154
2026-07-31T10:35:21Z,801,4,2,16,1,0,1,1,1,1785493270
2026-07-31T10:35:21Z,802,8,0,23,0,0,1,1,1,1785493381
2026-07-31T10:35:21Z,803,1,1,14,0,0,1,1,1,1785493041
2026-07-31T10:35:21Z,806,8,3,7,0,0,1,1,1,1785488200
2026-07-31T10:35:21Z,807,14,0,8,3,0,1,1,1,1785493656
2026-07-31T10:35:21Z,808,0,0,23,2,0,1,1,1,1785488225
2026-07-31T10:35:21Z,809,4,0,18,1,0,1,1,1,1785493218
2026-07-31T10:35:21Z,810,2,0,13,4,0,1,1,1,1785493673
2026-07-31T10:35:21Z,815,4,1,6,4,1,1,1,1,1785493354
2026-07-31T10:35:21Z,817,10,5,5,0,0,1,1,1,1785492556
2026-07-31T10:35:21Z,818,6,0,16,1,0,1,1,1,1785493798
2026-07-31T10:35:21Z,819,6,4,9,0,0,1,1,1,1785487291
2026-07-31T10:35:21Z,820,8,2,9,0,0,1,1,1,1785492474
2026-07-31T10:35:21Z,821,2,1,13,0,0,1,1,1,1785493402
2026-07-31T10:35:21Z,822,2,0,19,2,0,1,1,1,1785493732
2026-07-31T10:35:21Z,823,0,0,14,1,0,1,1,1,1785492874
2026-07-31T10:35:21Z,824,13,4,5,1,0,1,1,1,1785492339
2026-07-31T10:35:21Z,825,7,4,8,0,0,1,1,1,1785493925
2026-07-31T10:35:21Z,826,10,2,8,1,0,1,1,1,1785492353
2026-07-31T10:35:21Z,827,16,5,4,1,0,1,1,1,1785493679
2026-07-31T10:35:21Z,828,10,0,7,1,0,1,1,1,1785493566
2026-07-31T10:35:21Z,829,16,7,11,0,0,1,1,1,1785492598
2026-07-31T10:35:21Z,830,14,3,8,1,0,1,1,1,1785493659
2026-07-31T10:35:21Z,831,7,2,7,1,0,1,1,1,1785492841
2026-07-31T10:35:21Z,832,10,3,5,3,0,1,1,1,1785492931
2026-07-31T10:35:21Z,833,1,0,17,1,0,1,1,1,1785492687
2026-07-31T10:35:21Z,834,2,0,21,1,0,1,1,1,1785494054
2026-07-31T10:35:21Z,835,16,6,0,2,0,1,1,1,1785492418
2026-07-31T10:35:21Z,837,5,1,0,10,0,1,1,1,1785492913
2026-07-31T10:35:21Z,838,13,3,2,0,0,1,1,1,1785493579
2026-07-31T10:35:21Z,839,22,1,7,0,0,1,1,1,1785493714
2026-07-31T10:35:21Z,840,9,4,18,2,0,1,1,1,1785494053
2026-07-31T10:35:21Z,841,7,1,8,0,0,1,1,1,1785492837
2026-07-31T10:35:21Z,842,7,2,16,0,0,1,1,1,1785492640
2026-07-31T10:35:21Z,843,8,0,22,1,0,1,1,1,1785492887
2026-07-31T10:35:21Z,844,6,0,17,0,0,1,1,1,1785492840
2026-07-31T10:35:21Z,845,5,3,12,2,0,1,1,1,1785493020
2026-07-31T10:35:21Z,846,3,0,14,2,0,1,1,1,1785493971
2026-07-31T10:35:21Z,847,7,1,20,0,0,1,1,1,1785493766
2026-07-31T10:35:21Z,848,10,3,8,1,0,1,1,1,1785488215
2026-07-31T10:35:21Z,849,6,1,9,0,0,1,1,1,1785493814
2026-07-31T10:35:21Z,850,9,0,1,1,0,1,1,1,1785494072
2026-07-31T10:35:21Z,851,3,3,32,2,0,1,1,1,1785493927
2026-07-31T10:35:21Z,852,12,6,7,0,0,1,1,1,1785492733
2026-07-31T10:35:21Z,853,10,5,13,0,0,1,1,1,1785493614
2026-07-31T10:35:21Z,854,3,2,12,0,0,1,1,1,1785493675
2026-07-31T10:35:21Z,855,25,0,2,0,0,1,1,1,1785488200
2026-07-31T10:35:21Z,857,1,1,18,0,0,1,1,1,1785492930
2026-07-31T10:35:21Z,858,4,1,14,1,0,1,1,1,1785493393
2026-07-31T10:35:21Z,859,3,0,17,1,0,1,1,1,1785493615
2026-07-31T10:35:21Z,861,8,1,2,1,0,1,1,1,1785488201
2026-07-31T10:35:21Z,862,2,2,13,0,0,1,1,1,1785493304
2026-07-31T10:35:21Z,863,13,0,5,1,0,1,1,1,1785488200
2026-07-31T10:35:21Z,866,11,3,8,0,0,1,1,1,1785493171
2026-07-31T10:35:21Z,867,12,0,3,0,0,1,1,1,1785492480
2026-07-31T10:35:21Z,868,13,2,2,0,0,1,1,1,1785492690
2026-07-31T10:35:21Z,870,7,4,6,2,0,1,1,1,1785492910
2026-07-31T10:35:21Z,871,0,0,10,1,0,1,1,1,1785494096
2026-07-31T10:35:21Z,872,0,0,14,1,0,1,1,1,1785492827
2026-07-31T10:35:21Z,873,0,0,32,1,0,1,1,1,1785492819
2026-07-31T10:35:21Z,874,4,1,8,3,0,1,1,1,1785493994
2026-07-31T10:35:21Z,875,15,11,0,0,0,1,1,1,1785493890
2026-07-31T10:35:21Z,877,11,10,6,2,0,1,1,1,1785492438
2026-07-31T10:35:21Z,878,3,2,15,1,0,1,1,1,1785493018
2026-07-31T10:35:21Z,879,1,0,18,0,0,1,1,1,1785493876
2026-07-31T10:35:21Z,880,3,0,19,1,0,1,1,1,1785493886
2026-07-31T10:35:21Z,881,2,0,17,0,0,1,1,1,1785492871
2026-07-31T10:35:21Z,882,10,0,6,3,0,1,1,1,1785488200
2026-07-31T10:35:21Z,883,10,6,9,0,0,1,1,1,1785493136
2026-07-31T10:35:21Z,884,11,7,10,0,0,1,1,1,1785492429
2026-07-31T10:35:21Z,885,1,0,18,0,0,1,1,1,1785492716
2026-07-31T10:35:21Z,886,16,1,12,1,0,1,1,1,1785493518
2026-07-31T10:35:21Z,887,3,1,11,3,0,1,1,1,1785493428
2026-07-31T10:35:21Z,888,14,0,25,2,0,1,1,1,1785493945
2026-07-31T10:35:21Z,889,17,1,0,2,0,1,1,1,1785493023
2026-07-31T10:35:21Z,890,6,4,9,0,0,1,1,1,1785489632
2026-07-31T10:35:21Z,891,21,0,2,0,0,1,1,1,1785494031
2026-07-31T10:35:21Z,892,13,1,2,0,0,1,1,1,1785488200
2026-07-31T10:35:21Z,895,0,0,18,1,0,1,1,1,1785489208
2026-07-31T10:35:21Z,896,6,0,29,0,0,1,1,1,1785493238
2026-07-31T10:35:21Z,897,11,1,10,0,0,1,1,1,1785492911
2026-07-31T10:35:21Z,898,2,0,17,0,0,1,1,1,1785492635
2026-07-31T10:35:21Z,899,0,0,18,1,0,1,1,1,1785493683
2026-07-31T10:35:21Z,900,18,1,7,2,0,1,1,1,1785493867
2026-07-31T10:35:21Z,901,10,0,8,1,0,1,1,1,1785494074
2026-07-31T10:35:21Z,902,9,0,5,1,0,1,1,1,1785492572
2026-07-31T10:35:21Z,903,14,2,4,1,0,1,1,1,1785493839
2026-07-31T10:35:21Z,904,10,4,8,1,0,1,1,1,1785493025
2026-07-31T10:35:21Z,905,5,0,22,0,0,1,1,1,1785493128
2026-07-31T10:35:21Z,906,7,4,20,0,0,1,1,1,1785493887
2026-07-31T10:35:21Z,907,6,1,25,0,0,1,1,1,1785493385
2026-07-31T10:35:21Z,908,11,0,12,0,0,1,1,1,1785493013
2026-07-31T10:35:21Z,909,13,3,9,1,0,1,1,1,1785494095
2026-07-31T10:35:21Z,910,22,1,9,0,0,1,1,1,1785492939
2026-07-31T10:35:21Z,911,4,1,15,0,0,1,1,1,1785492568
2026-07-31T10:35:21Z,912,9,4,12,2,0,1,1,1,1785493829
2026-07-31T10:35:21Z,913,3,1,16,0,0,1,1,1,1785493551
2026-07-31T10:35:21Z,914,8,2,11,0,0,1,1,1,1785493820
2026-07-31T10:35:21Z,915,10,1,12,1,0,1,1,1,1785493127
2026-07-31T10:35:21Z,916,22,7,0,1,0,1,1,1,1785493174
2026-07-31T10:35:21Z,917,7,2,26,2,0,1,1,1,1785493779
2026-07-31T10:35:21Z,918,12,4,5,2,0,1,1,1,1785492938
2026-07-31T10:35:21Z,919,13,0,24,2,0,1,1,1,1785494112
2026-07-31T10:35:21Z,920,4,2,15,0,0,1,1,1,1785493364
2026-07-31T10:35:21Z,921,12,0,9,0,0,1,1,1,1785492704
2026-07-31T10:35:21Z,922,4,1,17,0,0,1,1,1,1785493508
2026-07-31T10:35:21Z,923,19,2,0,0,0,1,1,1,1785492378
2026-07-31T10:35:21Z,924,8,2,13,0,0,1,1,1,1785493717
2026-07-31T10:35:21Z,925,13,0,8,0,0,1,1,1,1785493182
2026-07-31T10:35:21Z,926,0,0,21,0,0,1,1,1,1785493321
2026-07-31T10:35:21Z,927,1,0,34,0,0,1,1,1,1785493733
2026-07-31T10:35:21Z,928,5,3,14,0,0,0,1,1,1785464301
2026-07-31T10:35:21Z,929,0,0,23,0,0,1,1,1,1785492336
2026-07-31T10:35:21Z,930,0,0,30,1,0,1,1,1,1785492937
2026-07-31T10:35:21Z,931,10,4,13,0,0,1,1,1,1785493775
2026-07-31T10:35:21Z,932,4,0,12,3,0,1,1,1,1785494099
2026-07-31T10:35:21Z,933,0,0,23,0,0,1,1,1,1785493986
2026-07-31T10:35:21Z,934,2,0,28,1,0,1,1,1,1785493440
2026-07-31T10:35:21Z,935,12,4,6,1,0,1,1,1,1785494045
2026-07-31T10:35:21Z,936,4,1,15,0,0,1,1,1,1785456801
2026-07-31T10:35:21Z,940,8,0,3,0,0,1,1,1,1785493586
2026-07-31T10:35:21Z,941,9,1,14,2,0,1,1,1,1785493928
2026-07-31T10:35:21Z,942,6,1,14,1,0,1,1,1,1785493818
2026-07-31T10:35:21Z,943,9,8,6,0,0,1,1,1,1785492938
2026-07-31T10:35:21Z,944,9,8,6,0,0,1,1,1,1785492755
2026-07-31T10:35:21Z,945,10,8,5,0,0,1,1,1,1785494083
2026-07-31T10:35:21Z,946,7,5,12,0,0,1,1,1,1785487593
2026-07-31T10:35:21Z,947,7,5,10,0,0,1,1,1,1785492769
2026-07-31T10:35:21Z,948,23,8,3,5,0,1,1,1,1785494054
2026-07-31T10:35:21Z,949,2,1,13,0,0,1,1,1,1785493764
2026-07-31T10:35:21Z,950,14,4,2,1,0,1,1,1,1785492782
2026-07-31T10:35:21Z,951,18,4,4,1,0,1,1,1,1785493683
2026-07-31T10:35:21Z,952,11,0,44,0,0,1,1,1,1785493933
2026-07-31T10:35:21Z,953,13,2,1,1,0,1,1,1,1785493853
2026-07-31T10:35:21Z,954,17,4,2,0,0,1,1,1,1785492883
2026-07-31T10:35:21Z,955,4,3,17,6,0,1,1,1,1785493675
2026-07-31T10:35:21Z,956,21,0,1,1,0,1,1,1,1785493609
2026-07-31T10:35:21Z,957,15,0,14,0,0,1,1,1,1785493992
2026-07-31T10:35:21Z,958,19,1,12,0,0,1,1,1,1785494114
2026-07-31T10:35:21Z,959,20,8,0,3,0,1,1,1,1785492663
2026-07-31T10:35:21Z,960,21,1,1,1,0,1,1,1,1785493146
2026-07-31T10:35:21Z,961,3,2,17,3,0,1,1,1,1785493492
2026-07-31T10:35:21Z,962,9,3,23,3,0,1,1,1,1785493762
2026-07-31T10:35:21Z,963,9,0,13,1,0,1,1,1,1785493116
2026-07-31T10:35:21Z,964,18,8,4,1,0,1,1,1,1785493045
2026-07-31T10:35:21Z,965,6,2,20,1,0,1,1,1,1785494093
2026-07-31T10:35:21Z,966,26,0,5,0,0,1,1,1,1785494066
2026-07-31T10:35:21Z,967,17,0,2,2,0,1,1,1,1785493868
2026-07-31T10:35:21Z,968,15,0,3,1,0,1,1,1,1785492762
2026-07-31T10:35:21Z,969,10,6,15,2,0,1,1,1,1785493265
2026-07-31T10:35:21Z,970,11,1,6,2,0,1,1,1,1785493270
2026-07-31T10:35:21Z,971,11,0,11,1,0,1,1,1,1785493071
2026-07-31T10:35:21Z,972,9,1,13,1,0,1,1,1,1785492738
2026-07-31T10:35:21Z,973,8,4,14,1,0,1,1,1,1785494070
2026-07-31T10:35:21Z,974,14,0,13,0,0,1,1,1,1785493560
2026-07-31T10:35:21Z,977,7,7,11,3,0,1,1,1,1785493004
2026-07-31T10:35:21Z,978,11,0,12,0,0,1,1,1,1785493873
2026-07-31T10:35:21Z,979,13,1,4,0,0,1,1,1,1785493410
2026-07-31T10:35:21Z,980,1,0,18,2,0,1,1,1,1785492337
2026-07-31T10:35:21Z,981,18,0,2,1,0,1,1,1,1785493285
2026-07-31T10:35:21Z,982,3,1,14,2,0,1,1,1,1785492802
2026-07-31T10:35:21Z,983,2,1,20,1,0,1,1,1,1785493220
2026-07-31T10:35:21Z,984,6,0,17,0,0,1,1,1,1785492408
2026-07-31T10:35:21Z,985,13,1,18,0,0,1,1,1,1785493995
2026-07-31T10:35:21Z,986,4,0,15,0,0,1,1,1,1785492800
2026-07-31T10:35:21Z,987,6,0,16,1,0,1,1,1,1785493342
2026-07-31T10:35:21Z,988,5,1,13,1,0,1,1,1,1785492954
2026-07-31T10:35:21Z,989,9,4,10,0,0,1,1,1,1785493758
2026-07-31T10:35:21Z,990,13,1,0,2,0,1,1,1,1785493000
2026-07-31T10:35:21Z,991,10,2,8,1,0,1,1,1,1785492669
2026-07-31T10:35:21Z,992,10,7,12,1,0,1,1,1,1785493545
2026-07-31T10:35:21Z,993,0,0,27,0,0,1,1,1,1785476008
2026-07-31T10:35:21Z,994,3,1,18,0,0,1,1,1,1785493758
2026-07-31T10:35:21Z,995,7,1,20,0,0,1,1,1,1785492979
2026-07-31T10:35:21Z,996,8,1,15,0,0,1,1,1,1785492779
2026-07-31T10:35:21Z,997,11,5,10,2,0,1,1,1,1785494102
2026-07-31T10:35:21Z,998,2,2,20,1,0,1,1,1,1785493093
2026-07-31T10:35:21Z,999,2,0,16,2,1,1,1,1,1785493969
2026-07-31T10:35:21Z,1000,5,2,16,0,0,1,1,1,1785493662
2026-07-31T10:35:21Z,1001,2,1,25,0,0,1,1,1,1785493119
2026-07-31T10:35:21Z,1002,0,0,27,4,0,1,1,1,1785493124
2026-07-31T10:35:21Z,1003,0,0,22,1,0,1,1,1,1785492741
2026-07-31T10:35:21Z,1004,8,1,15,0,0,1,1,1,1785493999
2026-07-31T10:35:21Z,1005,20,1,3,0,0,1,1,1,1785492930
2026-07-31T10:35:21Z,1006,7,4,11,1,0,1,1,1,1785492763
2026-07-31T10:35:21Z,1007,2,1,19,0,0,1,1,1,1785492396
2026-07-31T10:35:21Z,1008,6,5,15,2,0,1,1,1,1785493720
2026-07-31T10:35:21Z,1009,19,2,8,4,0,1,1,1,1785493586
2026-07-31T10:35:21Z,1010,7,2,20,0,0,1,1,1,1785492604
2026-07-31T10:35:21Z,1011,8,2,9,2,0,1,1,1,1785493137
2026-07-31T10:35:21Z,1012,4,3,18,1,0,1,1,1,1785492696
2026-07-31T10:35:21Z,1013,4,1,18,1,0,1,1,1,1785493292
2026-07-31T10:35:21Z,1014,7,2,13,3,0,1,1,1,1785493216
2026-07-31T10:35:21Z,1015,3,1,25,3,0,1,1,1,1785493497
2026-07-31T10:35:21Z,1016,10,5,21,0,0,1,1,1,1785492565
2026-07-31T10:35:21Z,1017,14,5,7,0,0,1,1,1,1785493919
2026-07-31T10:35:21Z,1018,7,2,15,0,0,1,1,1,1785492783
2026-07-31T10:35:21Z,1019,9,6,6,0,0,1,1,1,1785492708
2026-07-31T10:35:21Z,1020,18,3,3,0,0,1,1,1,1785493787
2026-07-31T10:35:21Z,1021,9,3,5,1,0,1,1,1,1785493509
2026-07-31T10:35:21Z,1022,14,0,13,0,0,1,1,1,1785492878
2026-07-31T10:35:21Z,1023,13,1,9,1,0,1,1,1,1785492519
2026-07-31T10:35:21Z,1024,5,2,13,1,0,1,1,1,1785493516
2026-07-31T10:35:21Z,1025,4,0,14,0,1,1,1,1,1785492846
2026-07-31T10:35:21Z,1026,7,4,18,6,0,1,1,1,1785493870
2026-07-31T10:35:21Z,1028,2,0,20,1,0,1,1,1,1785492875
2026-07-31T10:35:21Z,1029,9,9,5,1,0,1,1,1,1785493806
2026-07-31T10:35:21Z,1030,14,5,9,0,0,1,1,1,1785493558
2026-07-31T10:35:21Z,1031,8,0,11,0,0,1,1,1,1785493920
2026-07-31T10:35:21Z,1032,7,1,12,0,0,1,1,1,1785492769
2026-07-31T10:35:21Z,1033,9,5,8,2,0,1,1,1,1785493879
2026-07-31T10:35:21Z,1034,2,0,13,0,0,1,1,1,1785492781
2026-07-31T10:35:21Z,1035,1,0,16,2,0,1,1,1,1785492815
2026-07-31T10:35:21Z,1036,14,0,1,0,0,1,1,1,1785493360
2026-07-31T10:35:21Z,1037,4,0,14,1,0,1,1,1,1785493083
2026-07-31T10:35:21Z,1038,2,0,12,1,0,1,1,1,1785492479
2026-07-31T10:35:21Z,1039,7,2,12,0,0,1,1,1,1785492923
2026-07-31T10:35:21Z,1040,7,3,10,2,0,1,1,1,1785492808
2026-07-31T10:35:21Z,1041,10,3,8,1,0,1,1,1,1785493504
2026-07-31T10:35:21Z,1042,12,1,1,2,0,1,1,1,1785492785
2026-07-31T10:35:21Z,1043,9,0,7,3,0,1,1,1,1785492842
2026-07-31T10:35:21Z,1044,2,1,12,1,0,1,1,1,1785492535
2026-07-31T10:35:21Z,1045,11,1,8,0,0,1,1,1,1785492755
2026-07-31T10:35:21Z,1046,9,0,6,0,0,1,1,1,1785493972
2026-07-31T10:35:21Z,1047,4,0,17,0,0,1,1,1,1785493523
2026-07-31T10:35:21Z,1048,10,1,9,0,0,1,1,1,1785492733
2026-07-31T10:35:21Z,1049,5,0,16,0,0,1,1,1,1785492798
2026-07-31T10:35:21Z,1050,17,4,4,0,0,1,1,1,1785493896
2026-07-31T10:35:21Z,1051,8,3,13,0,0,1,1,1,1785493787
2026-07-31T10:35:21Z,1052,17,2,5,0,0,1,1,1,1785492597
2026-07-31T10:35:21Z,1053,2,1,13,0,0,1,1,1,1785492660
2026-07-31T10:35:21Z,1054,14,1,1,0,0,1,1,1,1785492920
2026-07-31T10:35:21Z,1055,8,2,11,0,0,1,1,1,1785492900
2026-07-31T10:35:21Z,1057,17,0,1,1,0,1,1,1,1785493376
2026-07-31T10:35:21Z,1058,2,0,54,0,0,1,1,1,1785494035
2026-07-31T10:35:21Z,1059,0,0,18,1,0,1,1,1,1785492790
2026-07-31T10:35:21Z,1060,31,0,6,0,0,1,1,1,1785493600
2026-07-31T10:35:21Z,1061,12,1,24,1,0,1,1,1,1785493360
2026-07-31T10:35:21Z,1062,2,0,15,0,0,1,1,1,1785493273
2026-07-31T10:35:21Z,1063,12,1,6,1,0,1,1,1,1785492811
2026-07-31T10:35:21Z,1064,3,0,19,1,0,1,1,1,1785493145
2026-07-31T10:35:21Z,1065,16,3,7,0,0,1,1,1,1785493385
2026-07-31T10:35:21Z,1066,10,2,13,0,0,1,1,1,1785493210
2026-07-31T10:35:21Z,1067,8,2,13,2,0,1,1,1,1785493948
2026-07-31T10:35:21Z,1068,8,2,13,2,0,1,1,1,1785492969
2026-07-31T10:35:21Z,1069,12,3,11,0,0,1,1,1,1785493019
2026-07-31T10:35:21Z,1070,12,2,11,0,0,1,1,1,1785493115
2026-07-31T10:35:21Z,1071,7,4,16,0,0,1,1,1,1785493154
2026-07-31T10:35:21Z,1072,11,1,11,1,0,1,1,1,1785493545
2026-07-31T10:35:21Z,1073,24,5,2,1,0,1,1,1,1785493710
2026-07-31T10:35:21Z,1074,1,0,51,1,0,1,1,1,1785493986
2026-07-31T10:35:21Z,1075,10,10,11,0,0,1,1,1,1785492523
2026-07-31T10:35:21Z,1076,15,12,6,0,0,1,1,1,1785493777
2026-07-31T10:35:21Z,1077,8,5,13,0,0,1,1,1,1785492740
2026-07-31T10:35:21Z,1078,11,10,10,0,0,1,1,1,1785493821
2026-07-31T10:35:21Z,1079,11,8,10,0,0,1,1,1,1785492631
2026-07-31T10:35:21Z,1080,10,8,10,1,0,1,1,1,1785493231
2026-07-31T10:35:21Z,1081,13,8,6,0,0,1,1,1,1785493619
2026-07-31T10:35:21Z,1082,7,7,1,0,0,1,1,1,1785493099
2026-07-31T10:35:21Z,1083,13,11,8,0,0,1,1,1,1785492899
2026-07-31T10:35:21Z,1084,9,8,12,0,0,1,1,1,1785492516
2026-07-31T10:35:21Z,1085,10,10,11,0,0,1,1,1,1785493982
2026-07-31T10:35:21Z,1086,0,0,20,1,0,1,1,1,1785492868
2026-07-31T10:35:21Z,1087,12,7,3,0,0,1,1,1,1785493871
2026-07-31T10:35:21Z,1088,10,7,5,0,0,1,1,1,1785492814
2026-07-31T10:35:21Z,1089,5,3,10,0,0,1,1,1,1785493169
2026-07-31T10:35:21Z,1090,10,9,5,0,0,1,1,1,1785493700
2026-07-31T10:35:21Z,1091,12,7,3,0,0,1,1,1,1785493612
2026-07-31T10:35:21Z,1092,9,9,5,1,0,1,1,1,1785493158
2026-07-31T10:35:21Z,1093,7,6,8,0,0,1,1,1,1785493520
2026-07-31T10:35:21Z,1094,10,8,8,1,0,1,1,1,1785492776
2026-07-31T10:35:21Z,1095,9,8,6,0,0,1,1,1,1785493462
2026-07-31T10:35:21Z,1096,3,1,15,1,0,1,1,1,1785493131
2026-07-31T10:35:21Z,1097,9,9,6,0,0,1,1,1,1785493345
2026-07-31T10:35:21Z,1098,9,7,10,0,0,1,1,1,1785493687
2026-07-31T10:35:21Z,1099,7,6,8,0,0,1,1,1,1785492602
2026-07-31T10:35:21Z,1100,8,4,21,0,0,1,1,1,1785493678
2026-07-31T10:35:21Z,1101,9,5,12,0,0,1,1,1,1785492495
2026-07-31T10:35:21Z,1102,9,4,4,0,0,1,1,1,1785493595
2026-07-31T10:35:21Z,1103,10,5,11,0,0,1,1,1,1785487895
2026-07-31T10:35:21Z,1104,10,5,11,0,0,1,1,1,1785494067
2026-07-31T10:35:21Z,1105,8,4,5,0,0,1,1,1,1785493481
2026-07-31T10:35:21Z,1106,10,5,11,0,0,1,1,1,1785492914
2026-07-31T10:35:21Z,1107,9,5,6,0,0,1,1,1,1785492882
2026-07-31T10:35:21Z,1108,6,3,18,3,0,1,1,1,1785493379
2026-07-31T10:35:21Z,1109,6,1,9,0,0,1,1,1,1785492838
2026-07-31T10:35:21Z,1110,12,4,9,0,0,1,1,1,1785493937
2026-07-31T10:35:21Z,1111,3,2,18,0,0,1,1,1,1785475740
2026-07-31T10:35:21Z,1112,39,0,14,0,0,1,1,1,1785492678
2026-07-31T10:35:21Z,1113,1,0,20,0,0,1,1,1,1785493891
2026-07-31T10:35:21Z,1115,17,5,3,3,0,1,1,1,1785493287
2026-07-31T10:35:21Z,1116,5,1,14,0,0,1,1,1,1785492787
2026-07-31T10:35:21Z,1117,12,3,9,2,0,1,1,1,1785494026
2026-07-31T10:35:21Z,1118,17,1,3,1,0,1,1,1,1785493966
2026-07-31T10:35:21Z,1119,13,1,4,0,0,1,1,1,1785493802
2026-07-31T10:35:21Z,1120,13,0,6,0,0,1,1,1,1785492867
2026-07-31T10:35:21Z,1121,13,2,5,3,0,1,1,1,1785494055
2026-07-31T10:35:21Z,1122,15,9,3,3,0,1,1,1,1785494003
2026-07-31T10:35:21Z,1123,6,3,15,2,0,1,1,1,1785494075
2026-07-31T10:35:21Z,1124,8,1,3,4,0,1,1,1,1785493811
2026-07-31T10:35:21Z,1125,15,1,8,0,0,1,1,1,1785493066
2026-07-31T10:35:21Z,1126,4,0,16,1,0,1,1,1,1785494041
2026-07-31T10:35:21Z,1127,5,1,13,1,0,1,1,1,1785494012
2026-07-31T10:35:21Z,1128,14,2,0,1,0,1,1,1,1785492788
2026-07-31T10:35:21Z,1129,3,2,17,1,0,1,1,1,1785492515
2026-07-31T10:35:21Z,1130,6,0,9,0,0,1,1,1,1785492575
2026-07-31T10:35:21Z,1131,0,0,48,1,0,1,1,1,1785493565
2026-07-31T10:35:21Z,1132,13,6,7,1,0,1,1,1,1785492433
2026-07-31T10:35:21Z,1133,15,12,4,2,0,1,1,1,1785493783
2026-07-31T10:35:21Z,1134,10,5,9,0,0,1,1,1,1785494009
2026-07-31T10:35:21Z,1135,10,5,11,0,0,1,1,1,1785492389
2026-07-31T10:35:21Z,1136,5,0,18,0,0,1,1,1,1785493560
2026-07-31T10:35:21Z,1137,13,0,2,0,0,1,1,1,1785492707
2026-07-31T10:35:21Z,1138,15,2,4,0,0,1,1,1,1785492749
2026-07-31T10:35:21Z,1139,17,3,2,2,0,1,1,1,1785493939
2026-07-31T10:35:21Z,1140,22,3,0,1,0,1,1,1,1785492500
2026-07-31T10:35:21Z,1141,2,0,19,0,0,1,1,1,1785494004
2026-07-31T10:35:21Z,1142,2,0,19,0,0,1,1,1,1785493426
2026-07-31T10:35:21Z,1143,20,1,8,1,0,1,1,1,1785493604
2026-07-31T10:35:21Z,1144,7,1,13,1,0,1,1,1,1785493028
2026-07-31T10:35:21Z,1145,13,6,7,1,0,1,1,1,1785493168
2026-07-31T10:35:21Z,1146,11,1,4,4,0,1,1,1,1785492890
2026-07-31T10:35:21Z,1147,3,0,16,0,0,1,1,1,1785492714
2026-07-31T10:35:21Z,1148,24,6,7,0,0,1,1,1,1785493474
2026-07-31T10:35:21Z,1149,3,3,22,0,0,1,1,1,1785492438
2026-07-31T10:35:21Z,1150,17,1,2,0,0,1,1,1,1785493861
2026-07-31T10:35:21Z,1151,12,0,9,0,0,1,1,1,1785493435
2026-07-31T10:35:21Z,1152,19,1,10,0,0,1,1,1,1785493655
2026-07-31T10:35:21Z,1153,20,6,2,1,0,1,1,1,1785493898
2026-07-31T10:35:21Z,1154,13,1,6,0,0,1,1,1,1785494031
2026-07-31T10:35:21Z,1155,14,6,6,1,0,1,1,1,1785493337
2026-07-31T10:35:21Z,1158,3,0,15,1,0,1,1,1,1785492677
2026-07-31T10:35:21Z,1159,13,1,6,0,0,1,1,1,1785493032
2026-07-31T10:35:21Z,1160,9,1,9,1,0,1,1,1,1785493709
2026-07-31T10:35:21Z,1161,3,0,15,1,0,1,1,1,1785493167
2026-07-31T10:35:21Z,1162,2,1,17,0,0,1,1,1,1785493417
2026-07-31T10:35:21Z,1163,1,1,17,1,0,1,1,1,1785492793
2026-07-31T10:35:21Z,1164,6,1,13,0,0,1,1,1,1785492852
2026-07-31T10:35:21Z,1165,5,0,16,0,0,1,1,1,1785493585
2026-07-31T10:35:21Z,1166,12,3,8,1,0,1,1,1,1785493100
2026-07-31T10:35:21Z,1167,4,0,11,0,0,1,1,1,1785492560
2026-07-31T10:35:21Z,1168,2,1,20,1,0,1,1,1,1785493049
2026-07-31T10:35:21Z,1169,3,0,15,1,0,1,1,1,1785492699
2026-07-31T10:35:21Z,1170,6,0,14,1,0,1,1,1,1785493071
2026-07-31T10:35:21Z,1171,7,6,15,1,0,1,1,1,1785492744
2026-07-31T10:35:21Z,1172,6,2,7,2,0,1,1,1,1785493997
2026-07-31T10:35:21Z,1173,13,5,6,0,0,1,1,1,1785492948
2026-07-31T10:35:21Z,1174,7,4,8,0,0,1,1,1,1785493608
2026-07-31T10:35:21Z,1175,7,3,12,0,0,1,1,1,1785493715
2026-07-31T10:35:21Z,1176,19,1,2,0,0,1,1,1,1785493969
2026-07-31T10:35:21Z,1177,2,0,19,0,0,1,1,1,1785493891
2026-07-31T10:35:21Z,1178,2,1,13,0,0,1,1,1,1785492595
2026-07-31T10:35:21Z,1181,11,0,3,1,0,1,1,1,1785492552
2026-07-31T10:35:21Z,1182,2,0,18,0,0,1,1,1,1785493458
2026-07-31T10:35:21Z,1183,1,0,42,2,0,1,1,1,1785492643
2026-07-31T10:35:21Z,1184,12,6,8,1,0,1,1,1,1785494074
2026-07-31T10:35:21Z,1185,10,5,11,0,0,1,1,1,1785494021
2026-07-31T10:35:21Z,1186,9,5,10,0,0,1,1,1,1785493216
2026-07-31T10:35:21Z,1187,12,6,8,1,0,1,1,1,1785493564
2026-07-31T10:35:21Z,1188,10,5,5,0,0,1,1,1,1785492888
2026-07-31T10:35:21Z,1189,10,5,9,0,0,1,1,1,1785492977
2026-07-31T10:35:21Z,1190,10,5,11,0,0,1,1,1,1785492371
2026-07-31T10:35:21Z,1191,10,5,5,0,0,1,1,1,1785492895
2026-07-31T10:35:21Z,1192,10,6,10,1,0,1,1,1,1785492739
2026-07-31T10:35:21Z,1193,6,4,5,2,0,1,1,1,1785493721
2026-07-31T10:35:21Z,1197,9,6,7,1,0,1,1,1,1785494006
2026-07-31T10:35:21Z,1198,14,4,5,2,0,1,1,1,1785493263
2026-07-31T10:35:21Z,1199,2,0,17,0,0,1,1,1,1785493276
2026-07-31T10:35:21Z,1200,11,5,4,0,0,1,1,1,1785492931
2026-07-31T10:35:21Z,1201,11,5,4,0,0,1,1,1,1785492908
2026-07-31T10:35:21Z,1202,12,6,3,0,0,1,1,1,1785493009
2026-07-31T10:35:21Z,1203,9,6,6,0,0,1,1,1,1785492905
2026-07-31T10:35:21Z,1204,7,3,11,1,0,1,1,1,1785492652
2026-07-31T10:35:21Z,1206,11,5,10,0,0,1,1,1,1785493686
2026-07-31T10:35:21Z,1207,8,4,6,1,0,1,1,1,1785493221
2026-07-31T10:35:21Z,1208,7,2,11,1,0,1,1,1,1785493131
2026-07-31T10:35:21Z,1216,7,0,13,1,0,1,1,1,1785493916
2026-07-31T10:35:21Z,1218,4,0,17,0,0,1,1,1,1785492493
2026-07-31T10:35:21Z,1219,6,1,8,1,0,1,1,1,1785492398
2026-07-31T10:35:21Z,1220,14,7,4,1,0,1,1,1,1785494041
2026-07-31T10:35:21Z,1221,1,1,19,1,0,1,1,1,1785493623
2026-07-31T10:35:21Z,1222,29,1,0,0,0,1,1,1,1785492752
2026-07-31T10:35:21Z,1223,23,0,6,0,0,1,1,1,1785492586
2026-07-31T10:35:21Z,1226,0,0,3,0,0,0,1,1,1781868931
2026-07-31T10:35:21Z,1227,21,1,4,0,0,1,1,1,1785493072
2026-07-31T10:35:21Z,1228,14,0,14,1,0,1,1,1,1785493687
2026-07-31T10:35:21Z,1229,34,0,11,0,0,1,1,1,1785493954
2026-07-31T10:40:21Z,1,3,0,20,0,0,1,1,1,1785492989
2026-07-31T10:40:21Z,2,21,0,3,3,0,1,1,1,1785492483
2026-07-31T10:40:21Z,3,9,0,4,1,0,1,1,1,1785485488
2026-07-31T10:40:21Z,4,1,0,20,1,0,1,1,1,1785487895
2026-07-31T10:40:21Z,5,9,3,13,1,0,1,1,1,1785484887
2026-07-31T10:40:21Z,6,6,2,9,0,0,1,1,1,1785486991
2026-07-31T10:40:21Z,7,1,0,38,0,0,1,1,1,1785492363
2026-07-31T10:40:21Z,8,0,0,43,0,0,1,1,1,1785487014
2026-07-31T10:40:21Z,9,1,0,21,1,0,1,1,1,1785493415
2026-07-31T10:40:21Z,10,0,0,21,2,0,1,1,1,1785493107
2026-07-31T10:40:21Z,11,15,6,3,1,0,1,1,1,1785494229
2026-07-31T10:40:21Z,12,0,0,23,0,0,1,1,1,1785490105
2026-07-31T10:40:21Z,13,11,0,19,0,0,1,1,1,1785488834
2026-07-31T10:40:21Z,14,3,0,39,0,1,1,1,1,1785491439
2026-07-31T10:40:21Z,15,3,0,12,0,0,1,1,1,1785488861
2026-07-31T10:40:21Z,16,8,0,16,2,1,1,1,1,1785487292
2026-07-31T10:40:21Z,17,7,0,19,1,0,1,1,1,1785491479
2026-07-31T10:40:21Z,18,5,0,11,2,0,1,1,1,1785494155
2026-07-31T10:40:21Z,19,13,0,13,1,0,1,1,1,1785494295
2026-07-31T10:40:21Z,20,31,0,4,0,0,1,1,1,1785491965
2026-07-31T10:40:21Z,21,2,0,16,1,0,1,1,1,1785494362
2026-07-31T10:40:21Z,22,19,0,45,1,0,1,1,1,1785492488
2026-07-31T10:40:21Z,23,10,5,21,0,0,1,1,1,1785487895
2026-07-31T10:40:21Z,24,1,0,8,2,0,1,1,1,1785494400
2026-07-31T10:40:21Z,25,2,2,78,0,1,1,1,1,1785494276
2026-07-31T10:40:21Z,26,1,0,26,0,0,1,1,1,1785491464
2026-07-31T10:40:21Z,28,15,3,0,0,0,1,1,1,1785486991
2026-07-31T10:40:21Z,30,1,0,27,1,0,1,1,1,1785486089
2026-07-31T10:40:21Z,31,0,0,17,2,0,1,1,1,1785494115
2026-07-31T10:40:21Z,32,19,1,8,0,0,1,1,1,1785493506
2026-07-31T10:40:21Z,34,3,1,33,1,0,1,1,1,1785493238
2026-07-31T10:40:21Z,35,3,1,43,1,0,1,1,1,1785493681
2026-07-31T10:40:21Z,36,0,0,0,0,0,0,1,1,86400
2026-07-31T10:40:21Z,37,1,0,22,0,0,1,1,1,1785491559
2026-07-31T10:40:21Z,38,1,0,22,0,0,1,1,1,1785490318
2026-07-31T10:40:21Z,39,23,5,16,0,0,1,1,1,1785493410
2026-07-31T10:40:21Z,40,16,0,4,1,0,1,1,1,1785493705
2026-07-31T10:40:21Z,41,4,2,38,1,0,1,1,1,1785494369
2026-07-31T10:40:21Z,42,31,8,0,0,0,1,1,1,1785472558
2026-07-31T10:40:21Z,43,5,0,18,0,0,1,1,1,1785490390
2026-07-31T10:40:21Z,45,2,0,26,1,0,1,1,1,1785492300
2026-07-31T10:40:21Z,46,12,2,19,0,0,1,1,1,1785491240
2026-07-31T10:40:21Z,47,13,6,1,1,0,1,1,1,1785494261
2026-07-31T10:40:21Z,48,20,0,7,0,0,1,1,1,1785487579
2026-07-31T10:40:21Z,49,4,0,16,3,0,1,1,1,1785494406
2026-07-31T10:40:21Z,50,2,2,17,0,0,1,1,1,1785494027
2026-07-31T10:40:21Z,51,68,0,9,0,0,1,1,1,1785487292
2026-07-31T10:40:21Z,52,0,0,24,3,0,1,1,1,1785494173
2026-07-31T10:40:21Z,55,2,1,21,0,0,1,1,1,1785494366
2026-07-31T10:40:21Z,56,1,0,42,0,0,1,1,1,1785493668
2026-07-31T10:40:21Z,57,1,1,26,0,0,1,1,1,1785494138
2026-07-31T10:40:21Z,58,0,0,28,0,0,1,1,1,1785489985
2026-07-31T10:40:21Z,59,1,0,24,2,0,1,1,1,1785494323
2026-07-31T10:40:21Z,61,2,1,37,0,0,1,1,1,1785491414
2026-07-31T10:40:21Z,62,5,3,43,1,0,1,1,1,1785493490
2026-07-31T10:40:21Z,63,13,0,6,0,0,1,1,1,1785492690
2026-07-31T10:40:21Z,64,10,1,5,4,0,1,1,1,1785493091
2026-07-31T10:40:21Z,65,16,7,2,1,0,1,1,1,1785491350
2026-07-31T10:40:21Z,67,16,0,23,0,0,1,1,1,1785491870
2026-07-31T10:40:21Z,68,0,0,37,0,0,1,1,1,1785488201
2026-07-31T10:40:21Z,69,13,1,2,0,0,1,1,1,1785493502
2026-07-31T10:40:21Z,71,2,0,24,1,0,1,1,1,1785492683
2026-07-31T10:40:21Z,72,19,5,10,2,0,1,1,1,1785493839
2026-07-31T10:40:21Z,73,1,0,30,0,0,1,1,1,1785491470
2026-07-31T10:40:21Z,74,13,6,6,0,0,1,1,1,1785489103
2026-07-31T10:40:21Z,75,2,0,29,1,0,1,1,1,1785494290
2026-07-31T10:40:21Z,76,18,0,0,1,0,1,1,1,1785494404
2026-07-31T10:40:21Z,77,24,0,2,1,0,1,1,1,1785494000
2026-07-31T10:40:21Z,78,7,3,14,2,0,1,1,1,1785494013
2026-07-31T10:40:21Z,79,5,3,11,1,0,1,1,1,1785491374
2026-07-31T10:40:21Z,80,16,0,4,3,0,1,1,1,1785494243
2026-07-31T10:40:21Z,81,5,0,26,0,0,1,1,1,1785486390
2026-07-31T10:40:21Z,82,13,1,10,0,0,1,1,1,1785493968
2026-07-31T10:40:21Z,83,9,2,24,1,0,1,1,1,1785494401
2026-07-31T10:40:21Z,84,23,0,4,0,0,1,1,1,1785493962
2026-07-31T10:40:21Z,85,0,0,15,0,0,1,1,1,1785492381
2026-07-31T10:40:21Z,86,25,0,1,1,0,1,1,1,1785486691
2026-07-31T10:40:21Z,87,10,0,9,0,0,1,1,1,1785488201
2026-07-31T10:40:21Z,88,2,0,40,1,0,1,1,1,1785492709
2026-07-31T10:40:21Z,89,22,0,13,0,0,1,1,1,1785487292
2026-07-31T10:40:21Z,90,7,3,9,2,0,1,1,1,1785494250
2026-07-31T10:40:21Z,91,13,0,4,0,0,1,1,1,1785490693
2026-07-31T10:40:21Z,92,9,2,7,3,0,1,1,1,1785494336
2026-07-31T10:40:21Z,93,0,0,23,0,0,1,1,1,1785486390
2026-07-31T10:40:21Z,94,3,0,15,1,0,1,1,1,1785492659
2026-07-31T10:40:21Z,95,25,2,8,1,1,1,1,1,1785494407
2026-07-31T10:40:21Z,96,28,0,2,1,0,1,1,1,1785491842
2026-07-31T10:40:21Z,97,0,0,16,1,0,1,1,1,1785494360
2026-07-31T10:40:21Z,98,20,0,14,1,0,1,1,1,1785491722
2026-07-31T10:40:21Z,99,4,2,11,0,0,1,1,1,1785486802
2026-07-31T10:40:21Z,100,1,0,26,0,0,1,1,1,1785494211
2026-07-31T10:40:21Z,101,1,0,13,2,0,1,1,1,1785494153
2026-07-31T10:40:21Z,102,0,0,23,0,0,1,1,1,1785487553
2026-07-31T10:40:21Z,103,9,0,21,0,0,1,1,1,1785494213
2026-07-31T10:40:21Z,104,0,0,25,2,0,1,1,1,1785494409
2026-07-31T10:40:21Z,105,16,1,3,0,0,1,1,1,1785486390
2026-07-31T10:40:21Z,106,1,0,20,0,0,1,1,1,1785490634
2026-07-31T10:40:21Z,107,0,0,37,0,0,1,1,1,1785485489
2026-07-31T10:40:21Z,108,10,1,24,1,0,1,1,1,1785494278
2026-07-31T10:40:21Z,109,13,0,10,0,0,1,1,1,1785493876
2026-07-31T10:40:21Z,110,12,0,11,0,0,1,1,1,1785493883
2026-07-31T10:40:21Z,111,1,0,35,0,0,1,1,1,1785490951
2026-07-31T10:40:21Z,112,2,0,12,1,0,1,1,1,1785494173
2026-07-31T10:40:21Z,113,6,0,10,3,0,1,1,1,1785494407
2026-07-31T10:40:21Z,114,6,6,23,1,1,1,1,1,1785494291
2026-07-31T10:40:21Z,115,5,3,21,2,0,1,1,1,1785494237
2026-07-31T10:40:21Z,116,3,3,23,1,0,1,1,1,1785487594
2026-07-31T10:40:21Z,118,20,9,0,3,0,1,1,1,1785493657
2026-07-31T10:40:21Z,119,30,2,4,4,0,1,1,1,1785494106
2026-07-31T10:40:21Z,120,21,1,5,1,0,1,1,1,1785492726
2026-07-31T10:40:21Z,121,2,1,16,0,1,1,1,1,1785494392
2026-07-31T10:40:21Z,122,10,0,10,1,0,1,1,1,1785491486
2026-07-31T10:40:21Z,123,10,2,37,0,0,1,1,1,1785494350
2026-07-31T10:40:21Z,124,30,0,5,0,0,1,1,1,1785492197
2026-07-31T10:40:21Z,125,6,2,17,0,0,1,1,1,1785490205
2026-07-31T10:40:21Z,126,23,2,8,0,0,1,1,1,1785493316
2026-07-31T10:40:21Z,127,9,1,24,2,0,1,1,1,1785494380
2026-07-31T10:40:21Z,128,17,1,2,0,0,1,1,1,1785490685
2026-07-31T10:40:21Z,129,17,1,0,2,0,1,1,1,1785486089
2026-07-31T10:40:21Z,130,5,1,12,0,0,1,1,1,1785490452
2026-07-31T10:40:21Z,131,7,3,2,2,0,1,1,1,1785493570
2026-07-31T10:40:21Z,132,12,6,2,0,1,1,1,1,1785493839
2026-07-31T10:40:21Z,134,4,0,14,5,0,1,1,1,1785494101
2026-07-31T10:40:21Z,135,8,4,10,1,0,1,1,1,1785488917
2026-07-31T10:40:21Z,136,7,0,8,1,7,1,1,1,1785494185
2026-07-31T10:40:21Z,137,8,2,11,0,0,1,1,1,1785494396
2026-07-31T10:40:21Z,138,35,2,2,0,0,1,1,1,1785494161
2026-07-31T10:40:21Z,139,17,3,2,0,0,1,1,1,1785491526
2026-07-31T10:40:21Z,140,15,8,6,2,0,1,1,1,1785494409
2026-07-31T10:40:21Z,141,29,1,7,0,0,1,1,1,1785494017
2026-07-31T10:40:21Z,142,22,1,1,0,0,1,1,1,1785494365
2026-07-31T10:40:21Z,143,14,3,16,1,0,1,1,1,1785493526
2026-07-31T10:40:21Z,144,22,0,5,0,0,1,1,1,1785491889
2026-07-31T10:40:21Z,146,7,1,15,1,0,1,1,1,1785493850
2026-07-31T10:40:21Z,147,10,3,7,2,0,1,1,1,1785494160
2026-07-31T10:40:21Z,148,23,0,3,0,1,1,1,1,1785494331
2026-07-31T10:40:21Z,149,16,3,10,1,0,1,1,1,1785493972
2026-07-31T10:40:21Z,150,26,6,6,3,0,1,1,1,1785494262
2026-07-31T10:40:21Z,151,19,6,4,0,0,1,1,1,1785494082
2026-07-31T10:40:21Z,152,20,2,3,4,0,1,1,1,1785494263
2026-07-31T10:40:21Z,153,13,1,12,6,0,1,1,1,1785494398
2026-07-31T10:40:21Z,154,17,3,3,3,0,1,1,1,1785494276
2026-07-31T10:40:21Z,155,10,4,3,1,0,1,1,1,1785494377
2026-07-31T10:40:21Z,156,13,0,6,0,0,1,1,1,1785493377
2026-07-31T10:40:21Z,157,13,0,12,2,0,1,1,1,1785494100
2026-07-31T10:40:21Z,158,16,2,0,0,0,1,1,1,1785488201
2026-07-31T10:40:21Z,159,3,1,16,0,0,1,1,1,1785494005
2026-07-31T10:40:21Z,160,18,1,1,0,0,1,1,1,1785491594
2026-07-31T10:40:21Z,161,20,4,2,0,0,1,1,1,1785494158
2026-07-31T10:40:21Z,162,10,0,16,1,0,1,1,1,1785488396
2026-07-31T10:40:21Z,163,26,2,4,0,1,1,1,1,1785494287
2026-07-31T10:40:21Z,164,25,7,1,1,0,1,1,1,1785492858
2026-07-31T10:40:21Z,165,21,10,9,1,0,1,1,1,1785490458
2026-07-31T10:40:21Z,166,32,8,3,4,0,1,1,1,1785494408
2026-07-31T10:40:21Z,167,19,9,2,2,0,1,1,1,1785491219
2026-07-31T10:40:21Z,168,18,0,8,1,0,1,1,1,1785494366
2026-07-31T10:40:21Z,169,2,0,20,0,1,1,1,1,1785494013
2026-07-31T10:40:21Z,170,17,4,0,2,0,1,1,1,1785488379
2026-07-31T10:40:21Z,171,10,3,1,2,0,1,1,1,1785494247
2026-07-31T10:40:21Z,173,37,1,2,0,0,1,1,1,1785494039
2026-07-31T10:40:21Z,174,21,1,3,2,0,1,1,1,1785494205
2026-07-31T10:40:21Z,175,8,0,23,0,0,1,1,1,1785494142
2026-07-31T10:40:21Z,176,7,2,7,0,1,1,1,1,1785492475
2026-07-31T10:40:21Z,177,18,1,9,0,0,1,1,1,1785493337
2026-07-31T10:40:21Z,178,2,0,10,2,1,1,1,1,1785494405
2026-07-31T10:40:21Z,179,11,1,3,1,0,1,1,1,1785493869
2026-07-31T10:40:21Z,180,28,0,2,0,0,1,1,1,1785492120
2026-07-31T10:40:21Z,181,11,0,3,1,0,1,1,1,1785493892
2026-07-31T10:40:21Z,182,12,1,5,0,0,1,1,1,1785493536
2026-07-31T10:40:21Z,183,14,0,9,0,0,1,1,1,1785492326
2026-07-31T10:40:21Z,184,3,1,19,1,0,1,1,1,1785493773
2026-07-31T10:40:21Z,185,11,1,1,2,1,1,1,1,1785493425
2026-07-31T10:40:21Z,186,3,0,16,0,0,1,1,1,1785492102
2026-07-31T10:40:21Z,187,9,0,18,1,0,1,1,1,1785491965
2026-07-31T10:40:21Z,188,11,0,8,8,0,1,1,1,1785494238
2026-07-31T10:40:21Z,189,14,4,1,0,0,1,1,1,1785493971
2026-07-31T10:40:21Z,190,4,0,19,0,0,1,1,1,1785492508
2026-07-31T10:40:21Z,191,1,0,38,0,0,1,1,1,1785493694
2026-07-31T10:40:21Z,192,12,4,16,3,0,1,1,1,1785486089
2026-07-31T10:40:21Z,193,2,0,13,0,0,1,1,1,1785493892
2026-07-31T10:40:21Z,194,15,1,11,1,0,1,1,1,1785493255
2026-07-31T10:40:21Z,195,9,1,8,2,0,1,1,1,1785494236
2026-07-31T10:40:21Z,196,21,1,4,2,0,1,1,1,1785494181
2026-07-31T10:40:21Z,197,16,3,1,1,1,1,1,1,1785489625
2026-07-31T10:40:21Z,198,18,16,5,0,0,1,1,1,1785492571
2026-07-31T10:40:21Z,199,6,6,6,3,0,1,1,1,1785494335
2026-07-31T10:40:21Z,200,12,0,13,1,0,1,1,1,1785492701
2026-07-31T10:40:21Z,201,7,3,16,0,0,1,1,1,1785494069
2026-07-31T10:40:21Z,202,0,0,27,0,0,1,1,1,1785494022
2026-07-31T10:40:21Z,203,26,2,4,1,0,1,1,1,1785493376
2026-07-31T10:40:21Z,204,29,0,5,1,0,1,1,1,1785493180
2026-07-31T10:40:21Z,205,13,1,14,0,0,1,1,1,1785488894
2026-07-31T10:40:21Z,206,1,1,13,1,0,1,1,1,1785494311
2026-07-31T10:40:21Z,207,12,0,8,1,0,1,1,1,1785491125
2026-07-31T10:40:21Z,208,3,0,26,0,0,1,1,1,1785491719
2026-07-31T10:40:21Z,209,6,0,22,3,0,1,1,1,1785494288
2026-07-31T10:40:21Z,210,23,2,4,0,0,1,1,1,1785485488
2026-07-31T10:40:21Z,211,14,6,8,1,0,1,1,1,1785490780
2026-07-31T10:40:21Z,212,22,0,12,1,0,1,1,1,1785494165
2026-07-31T10:40:21Z,213,11,1,10,2,0,1,1,1,1785494284
2026-07-31T10:40:21Z,214,28,0,15,4,0,1,1,1,1785493947
2026-07-31T10:40:21Z,215,5,2,17,1,0,1,1,1,1785492966
2026-07-31T10:40:21Z,216,7,0,11,1,0,1,1,1,1785491552
2026-07-31T10:40:21Z,217,10,0,18,1,0,1,1,1,1785494327
2026-07-31T10:40:21Z,218,21,5,16,2,0,1,1,1,1785493560
2026-07-31T10:40:21Z,219,1,1,24,1,0,1,1,1,1785494246
2026-07-31T10:40:21Z,220,23,6,18,1,1,1,1,1,1785491278
2026-07-31T10:40:21Z,221,13,8,1,1,0,1,1,1,1785491306
2026-07-31T10:40:21Z,222,10,10,7,2,0,1,1,1,1785494388
2026-07-31T10:40:21Z,223,7,3,25,3,0,1,1,1,1785494355
2026-07-31T10:40:21Z,224,6,4,15,1,0,1,1,1,1785491603
2026-07-31T10:40:21Z,225,10,0,3,6,0,1,1,1,1785493603
2026-07-31T10:40:21Z,226,30,10,1,0,0,1,1,1,1785493072
2026-07-31T10:40:21Z,227,22,14,3,1,1,1,1,1,1785492835
2026-07-31T10:40:21Z,228,1,0,17,1,0,1,1,1,1785493588
2026-07-31T10:40:21Z,230,17,9,9,0,0,1,1,1,1785494330
2026-07-31T10:40:21Z,232,12,6,4,1,0,1,1,1,1785493284
2026-07-31T10:40:21Z,233,18,0,11,2,0,1,1,1,1785494040
2026-07-31T10:40:21Z,234,7,3,7,3,2,1,1,1,1785491043
2026-07-31T10:40:21Z,236,12,2,7,0,0,1,1,1,1785491381
2026-07-31T10:40:21Z,237,20,4,2,1,0,1,1,1,1785492227
2026-07-31T10:40:21Z,239,22,17,2,3,0,1,1,1,1785494143
2026-07-31T10:40:21Z,241,17,6,6,0,0,1,1,1,1785494031
2026-07-31T10:40:21Z,242,3,2,19,1,0,1,1,1,1785493793
2026-07-31T10:40:21Z,243,9,0,21,1,0,1,1,1,1785491961
2026-07-31T10:40:21Z,244,14,2,12,1,0,1,1,1,1785492355
2026-07-31T10:40:21Z,245,6,4,17,0,0,1,1,1,1785490437
2026-07-31T10:40:21Z,246,13,0,10,0,0,1,1,1,1785487895
2026-07-31T10:40:21Z,247,12,10,10,1,0,1,1,1,1785488201
2026-07-31T10:40:21Z,248,17,3,3,3,0,1,1,1,1785493912
2026-07-31T10:40:21Z,249,6,3,13,0,0,1,1,1,1785492523
2026-07-31T10:40:21Z,250,24,7,3,0,0,1,1,1,1785491888
2026-07-31T10:40:21Z,251,21,4,3,3,0,1,1,1,1785494205
2026-07-31T10:40:21Z,253,9,4,9,1,0,1,1,1,1785492879
2026-07-31T10:40:21Z,254,26,21,16,1,0,1,1,1,1785485789
2026-07-31T10:40:21Z,255,5,0,17,0,1,1,1,1,1785494174
2026-07-31T10:40:21Z,256,8,3,13,2,0,1,1,1,1785494371
2026-07-31T10:40:21Z,257,14,5,4,1,0,1,1,1,1785492175
2026-07-31T10:40:21Z,258,1,1,18,0,0,1,1,1,1785493898
2026-07-31T10:40:21Z,259,20,3,2,0,1,1,1,1,1785492630
2026-07-31T10:40:21Z,260,12,2,4,3,0,1,1,1,1785494258
2026-07-31T10:40:21Z,261,14,0,3,1,1,1,1,1,1785494358
2026-07-31T10:40:21Z,262,17,8,5,1,0,1,1,1,1785494186
2026-07-31T10:40:21Z,263,13,3,2,0,0,1,1,1,1785493338
2026-07-31T10:40:21Z,264,16,5,2,1,0,1,1,1,1785493523
2026-07-31T10:40:21Z,265,13,0,2,0,0,1,1,1,1785493506
2026-07-31T10:40:21Z,266,14,7,2,3,0,1,1,1,1785492036
2026-07-31T10:40:21Z,267,7,3,6,2,0,1,1,1,1785484888
2026-07-31T10:40:21Z,268,23,9,0,0,0,1,1,1,1785484887
2026-07-31T10:40:21Z,269,9,3,13,1,0,1,1,1,1785492045
2026-07-31T10:40:21Z,270,23,1,4,0,0,1,1,1,1785491481
2026-07-31T10:40:21Z,271,1,0,16,2,0,1,1,1,1785494376
2026-07-31T10:40:21Z,272,13,13,9,1,0,1,1,1,1785486390
2026-07-31T10:40:21Z,273,13,5,2,0,0,1,1,1,1785492772
2026-07-31T10:40:21Z,274,17,7,1,1,0,1,1,1,1785493723
2026-07-31T10:40:21Z,275,13,0,6,2,2,1,1,1,1785494267
2026-07-31T10:40:21Z,276,1,0,26,0,0,1,1,1,1785486991
2026-07-31T10:40:21Z,277,10,1,8,5,0,1,1,1,1785494389
2026-07-31T10:40:21Z,278,21,2,7,2,1,1,1,1,1785494240
2026-07-31T10:40:21Z,279,17,0,2,0,0,1,1,1,1785493037
2026-07-31T10:40:21Z,280,9,2,19,3,0,1,1,1,1785494171
2026-07-31T10:40:21Z,281,19,0,0,0,0,1,1,1,1785486089
2026-07-31T10:40:21Z,282,5,2,13,0,0,1,1,1,1785484887
2026-07-31T10:40:21Z,283,33,1,2,0,0,1,1,1,1785491784
2026-07-31T10:40:21Z,284,16,3,17,2,0,1,1,1,1785492919
2026-07-31T10:40:21Z,285,8,7,15,0,0,1,1,1,1785485188
2026-07-31T10:40:21Z,286,16,15,3,4,0,1,1,1,1785493775
2026-07-31T10:40:21Z,287,14,4,6,3,0,1,1,1,1785492851
2026-07-31T10:40:21Z,288,11,8,7,1,0,1,1,1,1785494374
2026-07-31T10:40:21Z,289,23,2,1,3,0,1,1,1,1785493119
2026-07-31T10:40:21Z,290,8,0,30,1,0,1,1,1,1785494043
2026-07-31T10:40:21Z,291,10,1,11,2,0,1,1,1,1785493768
2026-07-31T10:40:21Z,292,22,0,1,0,0,1,1,1,1785485789
2026-07-31T10:40:21Z,293,17,10,6,0,0,1,1,1,1785486991
2026-07-31T10:40:21Z,294,1,1,20,1,0,1,1,1,1785493458
2026-07-31T10:40:21Z,297,14,4,3,1,1,1,1,1,1785493456
2026-07-31T10:40:21Z,301,17,1,2,0,0,1,1,1,1785486691
2026-07-31T10:40:21Z,302,0,0,23,0,0,1,1,1,1785486991
2026-07-31T10:40:21Z,303,17,0,2,0,0,1,1,1,1785494091
2026-07-31T10:40:21Z,304,0,0,0,0,0,0,1,1,86400
2026-07-31T10:40:21Z,305,19,0,0,0,0,1,1,1,1785485188
2026-07-31T10:40:21Z,306,3,0,28,1,0,1,1,1,1785493147
2026-07-31T10:40:21Z,307,18,1,3,1,1,1,1,1,1785494289
2026-07-31T10:40:21Z,308,16,0,1,2,0,1,1,1,1785493891
2026-07-31T10:40:21Z,309,13,3,0,1,0,1,1,1,1785488427
2026-07-31T10:40:21Z,311,15,0,0,0,0,1,1,1,1785486992
2026-07-31T10:40:21Z,312,6,3,12,4,1,1,1,1,1785494298
2026-07-31T10:40:21Z,313,3,1,12,0,0,1,1,1,1785486991
2026-07-31T10:40:21Z,314,4,3,11,3,0,1,1,1,1785486991
2026-07-31T10:40:21Z,315,23,6,6,2,0,1,1,1,1785491768
2026-07-31T10:40:21Z,316,3,1,22,5,1,1,1,1,1785494199
2026-07-31T10:40:21Z,317,0,0,30,0,1,1,1,1,1785494144
2026-07-31T10:40:21Z,318,16,0,3,0,0,1,1,1,1785486991
2026-07-31T10:40:21Z,319,17,3,5,1,0,1,1,1,1785494292
2026-07-31T10:40:21Z,320,17,5,1,1,0,1,1,1,1785494181
2026-07-31T10:40:21Z,321,8,2,7,4,0,1,1,1,1785494404
2026-07-31T10:40:21Z,322,5,1,23,1,0,1,1,1,1785494250
2026-07-31T10:40:21Z,323,9,0,10,0,0,1,1,1,1785492561
2026-07-31T10:40:21Z,324,20,5,5,2,0,1,1,1,1785494403
2026-07-31T10:40:21Z,325,5,3,20,2,0,1,1,1,1785494379
2026-07-31T10:40:21Z,327,25,0,1,1,0,1,1,1,1785493489
2026-07-31T10:40:21Z,328,18,0,3,1,0,1,1,1,1785493903
2026-07-31T10:40:21Z,329,17,0,0,2,0,1,1,1,1785492480
2026-07-31T10:40:21Z,330,0,0,22,0,0,1,1,1,1785494031
2026-07-31T10:40:21Z,331,12,3,10,1,0,1,1,1,1785494003
2026-07-31T10:40:21Z,332,10,3,7,2,0,1,1,1,1785487292
2026-07-31T10:40:21Z,333,2,2,20,1,0,1,1,1,1785492618
2026-07-31T10:40:21Z,334,11,8,12,0,0,1,1,1,1785487804
2026-07-31T10:40:21Z,335,3,1,18,1,1,1,1,1,1785493931
2026-07-31T10:40:21Z,336,18,2,1,0,0,1,1,1,1785487293
2026-07-31T10:40:21Z,337,17,4,1,5,0,1,1,1,1785494225
2026-07-31T10:40:21Z,338,17,8,2,0,0,1,1,1,1785487389
2026-07-31T10:40:21Z,339,22,10,1,0,0,1,1,1,1785493420
2026-07-31T10:40:21Z,340,12,10,2,1,0,1,1,1,1785494356
2026-07-31T10:40:21Z,341,10,3,9,0,0,1,1,1,1785493774
2026-07-31T10:40:21Z,342,12,5,0,3,0,1,1,1,1785492817
2026-07-31T10:40:21Z,343,21,1,1,1,0,1,1,1,1785492630
2026-07-31T10:40:21Z,344,23,9,0,0,0,1,1,1,1785488186
2026-07-31T10:40:21Z,345,19,3,0,0,0,1,1,1,1785487292
2026-07-31T10:40:21Z,346,9,6,14,0,0,1,1,1,1785489426
2026-07-31T10:40:21Z,347,7,3,35,2,0,1,1,1,1785494403
2026-07-31T10:40:21Z,348,21,3,0,1,1,1,1,1,1785494408
2026-07-31T10:40:21Z,349,8,2,11,0,0,1,1,1,1785494111
2026-07-31T10:40:21Z,350,25,3,0,1,1,1,1,1,1785493029
2026-07-31T10:40:21Z,351,19,2,1,3,0,1,1,1,1785494401
2026-07-31T10:40:21Z,355,22,1,1,0,0,1,1,1,1785494179
2026-07-31T10:40:21Z,356,16,0,2,1,0,1,1,1,1785493586
2026-07-31T10:40:21Z,357,13,4,6,0,0,1,1,1,1785485188
2026-07-31T10:40:21Z,358,24,4,2,1,0,1,1,1,1785487594
2026-07-31T10:40:21Z,359,18,0,9,0,0,1,1,1,1785493819
2026-07-31T10:40:21Z,360,14,3,3,2,0,1,1,1,1785492564
2026-07-31T10:40:21Z,362,16,4,1,2,0,1,1,1,1785493387
2026-07-31T10:40:21Z,363,2,0,25,0,0,1,1,1,1785489580
2026-07-31T10:40:21Z,364,19,3,0,0,0,1,1,1,1785487896
2026-07-31T10:40:21Z,365,16,2,3,4,0,1,1,1,1785494142
2026-07-31T10:40:21Z,366,9,7,6,8,0,1,1,1,1785494224
2026-07-31T10:40:21Z,367,15,8,2,2,0,1,1,1,1785491056
2026-07-31T10:40:21Z,368,19,3,2,2,0,1,1,1,1785494176
2026-07-31T10:40:21Z,370,10,7,17,0,0,1,1,1,1785493654
2026-07-31T10:40:21Z,371,5,2,13,1,0,1,1,1,1785493227
2026-07-31T10:40:21Z,372,6,1,9,0,0,1,1,1,1785494163
2026-07-31T10:40:21Z,373,25,9,2,0,0,1,1,1,1785493650
2026-07-31T10:40:21Z,374,16,7,1,2,0,1,1,1,1785494132
2026-07-31T10:40:21Z,375,21,6,3,3,0,1,1,1,1785494080
2026-07-31T10:40:21Z,376,28,3,6,5,0,1,1,1,1785493208
2026-07-31T10:40:21Z,377,23,9,4,0,0,1,1,1,1785493056
2026-07-31T10:40:21Z,378,20,5,2,1,1,1,1,1,1785494360
2026-07-31T10:40:21Z,379,15,0,12,0,0,1,1,1,1785494064
2026-07-31T10:40:21Z,380,20,6,2,1,0,1,1,1,1785493756
2026-07-31T10:40:21Z,381,10,0,13,0,0,1,1,1,1785494336
2026-07-31T10:40:21Z,383,11,0,2,2,0,1,1,1,1785493739
2026-07-31T10:40:21Z,384,24,1,2,1,0,1,1,1,1785492881
2026-07-31T10:40:21Z,385,14,2,2,2,0,1,1,1,1785493153
2026-07-31T10:40:21Z,387,21,2,2,0,0,1,1,1,1785493687
2026-07-31T10:40:21Z,388,19,2,30,0,0,1,1,1,1785494401
2026-07-31T10:40:21Z,389,9,8,6,0,0,1,1,1,1785487293
2026-07-31T10:40:21Z,390,16,0,19,0,0,1,1,1,1785489336
2026-07-31T10:40:21Z,391,4,0,10,1,0,1,1,1,1785487292
2026-07-31T10:40:21Z,392,2,2,16,1,0,1,1,1,1785494343
2026-07-31T10:40:21Z,393,3,3,5,3,0,1,1,1,1785487292
2026-07-31T10:40:21Z,394,6,4,5,2,0,1,1,1,1785494395
2026-07-31T10:40:21Z,396,7,7,32,3,0,1,1,1,1785487595
2026-07-31T10:40:21Z,397,6,5,25,0,0,1,1,1,1785494011
2026-07-31T10:40:21Z,399,12,1,3,2,0,1,1,1,1785494326
2026-07-31T10:40:21Z,400,11,6,9,3,0,1,1,1,1785492906
2026-07-31T10:40:21Z,401,5,0,26,8,0,1,1,1,1785494315
2026-07-31T10:40:21Z,403,2,0,27,2,0,1,1,1,1785494116
2026-07-31T10:40:21Z,404,1,1,21,1,0,1,1,1,1785491837
2026-07-31T10:40:21Z,406,4,2,30,1,0,1,1,1,1785494405
2026-07-31T10:40:21Z,407,16,3,17,1,0,1,1,1,1785493065
2026-07-31T10:40:21Z,408,13,2,19,1,0,1,1,1,1785491284
2026-07-31T10:40:21Z,409,1,0,19,3,0,1,1,1,1785493289
2026-07-31T10:40:21Z,413,20,5,1,2,0,1,1,1,1785493578
2026-07-31T10:40:21Z,414,12,4,2,1,0,1,1,1,1785492668
2026-07-31T10:40:21Z,417,12,7,6,1,0,1,1,1,1785494370
2026-07-31T10:40:21Z,418,1,0,14,0,0,1,1,1,1785490913
2026-07-31T10:40:21Z,419,10,0,12,1,0,1,1,1,1785487895
2026-07-31T10:40:21Z,421,1,0,18,0,0,1,1,1,1785488201
2026-07-31T10:40:21Z,422,4,3,22,1,0,1,1,1,1785493261
2026-07-31T10:40:21Z,423,5,1,18,0,0,1,1,1,1785491746
2026-07-31T10:40:21Z,424,4,2,8,3,0,1,1,1,1785494375
2026-07-31T10:40:21Z,425,19,0,2,0,1,1,1,1,1785491863
2026-07-31T10:40:21Z,426,1,0,34,2,0,1,1,1,1785492043
2026-07-31T10:40:21Z,427,14,1,0,1,0,1,1,1,1785494216
2026-07-31T10:40:21Z,428,17,2,2,0,0,1,1,1,1785494310
2026-07-31T10:40:21Z,429,0,0,21,2,0,1,1,1,1785492151
2026-07-31T10:40:21Z,430,28,0,0,3,0,1,1,1,1785485488
2026-07-31T10:40:21Z,431,15,0,17,1,0,1,1,1,1785488642
2026-07-31T10:40:21Z,432,19,0,10,2,0,0,1,1,1785493981
2026-07-31T10:40:21Z,433,19,6,3,1,0,1,1,1,1785488201
2026-07-31T10:40:21Z,437,2,1,16,1,0,1,1,1,1785492837
2026-07-31T10:40:21Z,438,17,0,1,1,0,1,1,1,1785494284
2026-07-31T10:40:21Z,439,4,0,11,0,0,1,1,1,1785490818
2026-07-31T10:40:21Z,440,12,1,1,2,0,1,1,1,1785494364
2026-07-31T10:40:21Z,441,13,2,1,1,0,1,1,1,1785493649
2026-07-31T10:40:21Z,442,18,9,0,1,0,1,1,1,1785494300
2026-07-31T10:40:21Z,443,4,2,23,0,0,1,1,1,1785485488
2026-07-31T10:40:21Z,444,2,2,21,0,0,1,1,1,1785485488
2026-07-31T10:40:21Z,445,7,2,15,1,0,1,1,1,1785494193
2026-07-31T10:40:21Z,446,1,1,21,1,0,1,1,1,1785487896
2026-07-31T10:40:21Z,447,2,0,19,1,1,1,1,1,1785492174
2026-07-31T10:40:21Z,448,9,4,5,1,0,1,1,1,1785487895
2026-07-31T10:40:21Z,452,8,6,10,1,0,1,1,1,1785487661
2026-07-31T10:40:21Z,453,6,5,8,1,0,1,1,1,1785491911
2026-07-31T10:40:21Z,454,9,0,10,0,0,1,1,1,1785489971
2026-07-31T10:40:21Z,455,2,0,37,0,0,1,1,1,1785492761
2026-07-31T10:40:21Z,456,8,0,11,1,0,1,1,1,1785494125
2026-07-31T10:40:21Z,457,25,2,0,2,0,1,1,1,1785487895
2026-07-31T10:40:21Z,458,11,4,12,0,0,1,1,1,1785493232
2026-07-31T10:40:21Z,459,15,0,0,0,0,1,1,1,1785485789
2026-07-31T10:40:21Z,460,16,2,6,1,0,1,1,1,1785493525
2026-07-31T10:40:21Z,461,5,1,14,0,0,1,1,1,1785487878
2026-07-31T10:40:21Z,462,11,1,10,0,0,1,1,1,1785493747
2026-07-31T10:40:21Z,463,13,1,6,0,0,1,1,1,1785487897
2026-07-31T10:40:21Z,464,3,1,11,0,0,1,1,1,1785485789
2026-07-31T10:40:21Z,465,0,0,14,1,0,1,1,1,1785485789
2026-07-31T10:40:21Z,466,11,3,2,2,0,1,1,1,1785485789
2026-07-31T10:40:21Z,467,3,1,15,1,0,1,1,1,1785494407
2026-07-31T10:40:21Z,468,17,1,1,1,0,1,1,1,1785485789
2026-07-31T10:40:21Z,469,2,1,21,0,0,1,1,1,1785487896
2026-07-31T10:40:21Z,470,12,1,1,2,0,1,1,1,1785494290
2026-07-31T10:40:21Z,471,22,2,5,0,0,1,1,1,1785487895
2026-07-31T10:40:21Z,472,15,4,2,2,0,1,1,1,1785494247
2026-07-31T10:40:21Z,473,19,5,0,0,0,1,1,1,1785485789
2026-07-31T10:40:21Z,474,16,0,3,0,0,1,1,1,1785488959
2026-07-31T10:40:21Z,475,5,1,13,1,0,1,1,1,1785492726
2026-07-31T10:40:21Z,477,9,7,5,1,0,1,1,1,1785492057
2026-07-31T10:40:21Z,478,7,0,23,1,0,1,1,1,1785492276
2026-07-31T10:40:21Z,479,0,0,26,1,0,1,1,1,1785492473
2026-07-31T10:40:21Z,480,3,0,9,3,0,1,1,1,1785493168
2026-07-31T10:40:21Z,481,30,1,4,1,0,1,1,1,1785494330
2026-07-31T10:40:21Z,482,18,6,1,0,0,1,1,1,1785490527
2026-07-31T10:40:21Z,483,2,0,23,2,0,1,1,1,1785494278
2026-07-31T10:40:21Z,484,5,2,13,1,0,1,1,1,1785494261
2026-07-31T10:40:21Z,485,16,6,1,1,1,1,1,1,1785494300
2026-07-31T10:40:21Z,486,25,6,0,2,0,1,1,1,1785494289
2026-07-31T10:40:21Z,487,6,4,12,1,0,1,1,1,1785493687
2026-07-31T10:40:21Z,489,12,6,3,0,0,1,1,1,1785488501
2026-07-31T10:40:21Z,490,2,1,14,0,0,1,1,1,1785492713
2026-07-31T10:40:21Z,491,4,1,17,0,0,1,1,1,1785486090
2026-07-31T10:40:21Z,492,4,2,3,4,0,1,1,1,1785494405
2026-07-31T10:40:21Z,493,0,0,26,1,0,1,1,1,1785487895
2026-07-31T10:40:21Z,495,9,0,3,3,0,1,1,1,1785489700
2026-07-31T10:40:21Z,496,24,1,3,0,0,1,1,1,1785494329
2026-07-31T10:40:21Z,497,16,0,2,1,0,1,1,1,1785494248
2026-07-31T10:40:21Z,498,20,3,2,1,0,1,1,1,1785493313
2026-07-31T10:40:21Z,499,17,1,1,1,0,1,1,1,1785487896
2026-07-31T10:40:21Z,500,8,4,2,5,0,1,1,1,1785492941
2026-07-31T10:40:21Z,501,11,4,10,0,0,1,1,1,1785492885
2026-07-31T10:40:21Z,502,6,0,13,0,0,1,1,1,1785486089
2026-07-31T10:40:21Z,503,26,0,4,1,0,1,1,1,1785493503
2026-07-31T10:40:21Z,504,1,0,38,0,0,1,1,1,1785492055
2026-07-31T10:40:21Z,505,10,1,1,1,0,1,1,1,1785487586
2026-07-31T10:40:21Z,511,5,4,18,0,0,1,1,1,1785494157
2026-07-31T10:40:21Z,512,6,0,21,0,0,1,1,1,1785490938
2026-07-31T10:40:21Z,514,8,0,2,1,0,1,1,1,1785492997
2026-07-31T10:40:21Z,515,2,0,17,0,0,1,1,1,1785487895
2026-07-31T10:40:21Z,516,0,0,27,0,0,1,1,1,1785484039
2026-07-31T10:40:21Z,517,14,2,8,1,0,1,1,1,1785494306
2026-07-31T10:40:21Z,518,13,1,1,1,0,1,1,1,1785494366
2026-07-31T10:40:21Z,519,4,0,13,2,0,1,1,1,1785492899
2026-07-31T10:40:21Z,520,12,8,9,5,1,1,1,1,1785494408
2026-07-31T10:40:21Z,521,18,5,5,0,0,1,1,1,1785494100
2026-07-31T10:40:21Z,522,0,0,22,1,0,1,1,1,1785486390
2026-07-31T10:40:21Z,523,5,3,17,1,0,1,1,1,1785493103
2026-07-31T10:40:21Z,524,1,0,22,0,0,1,1,1,1785491359
2026-07-31T10:40:21Z,525,9,0,10,0,0,1,1,1,1785492201
2026-07-31T10:40:21Z,526,13,1,0,2,0,1,1,1,1785486390
2026-07-31T10:40:21Z,527,4,2,19,3,0,1,1,1,1785494337
2026-07-31T10:40:21Z,528,20,1,2,1,0,1,1,1,1785491758
2026-07-31T10:40:21Z,529,6,3,7,6,0,1,1,1,1785494406
2026-07-31T10:40:21Z,530,13,0,7,1,0,1,1,1,1785493790
2026-07-31T10:40:21Z,531,19,0,2,1,1,1,1,1,1785493153
2026-07-31T10:40:21Z,532,3,3,27,1,0,1,1,1,1785488341
2026-07-31T10:40:21Z,533,8,1,9,2,0,1,1,1,1785486390
2026-07-31T10:40:21Z,534,13,2,10,0,0,1,1,1,1785493773
2026-07-31T10:40:21Z,535,3,0,12,0,0,1,1,1,1785494305
2026-07-31T10:40:21Z,536,1,0,22,0,0,1,1,1,1785493955
2026-07-31T10:40:21Z,537,1,1,19,0,0,1,1,1,1785488280
2026-07-31T10:40:21Z,538,20,7,1,0,2,1,1,1,1785494399
2026-07-31T10:40:21Z,539,5,5,26,0,0,1,1,1,1785488201
2026-07-31T10:40:21Z,540,2,1,17,0,0,1,1,1,1785486391
2026-07-31T10:40:21Z,541,22,1,4,1,0,1,1,1,1785492852
2026-07-31T10:40:21Z,542,4,2,19,0,0,1,1,1,1785493905
2026-07-31T10:40:21Z,543,17,2,1,1,0,1,1,1,1785488201
2026-07-31T10:40:21Z,544,14,1,4,4,0,1,1,1,1785494314
2026-07-31T10:40:21Z,545,2,0,15,2,0,1,1,1,1785494166
2026-07-31T10:40:21Z,546,15,8,4,0,0,1,1,1,1785494355
2026-07-31T10:40:21Z,547,19,1,6,0,0,1,1,1,1785494297
2026-07-31T10:40:21Z,548,14,1,9,0,0,1,1,1,1785486390
2026-07-31T10:40:21Z,549,19,0,4,0,0,1,1,1,1785490211
2026-07-31T10:40:21Z,550,15,1,4,0,0,1,1,1,1785494197
2026-07-31T10:40:21Z,551,16,4,7,0,0,1,1,1,1785486390
2026-07-31T10:40:21Z,552,27,3,0,0,0,1,1,1,1785486390
2026-07-31T10:40:21Z,553,18,4,2,2,1,1,1,1,1785494398
2026-07-31T10:40:21Z,554,1,1,18,0,0,1,1,1,1785486691
2026-07-31T10:40:21Z,555,12,5,2,1,0,1,1,1,1785493469
2026-07-31T10:40:21Z,556,20,4,1,2,0,1,1,1,1785494135
2026-07-31T10:40:21Z,557,6,4,12,5,0,1,1,1,1785488202
2026-07-31T10:40:21Z,558,32,3,5,0,0,1,1,1,1785494250
2026-07-31T10:40:21Z,559,0,0,18,1,0,1,1,1,1785492602
2026-07-31T10:40:21Z,560,10,0,17,0,0,1,1,1,1785492157
2026-07-31T10:40:21Z,561,15,2,7,1,0,1,1,1,1785494372
2026-07-31T10:40:21Z,562,3,0,29,3,0,1,1,1,1785486691
2026-07-31T10:40:21Z,563,10,0,4,0,0,1,1,1,1785490429
2026-07-31T10:40:21Z,564,10,0,8,1,0,1,1,1,1785493840
2026-07-31T10:40:21Z,565,6,2,13,0,0,1,1,1,1785490461
2026-07-31T10:40:21Z,566,13,0,5,1,0,1,1,1,1785494244
2026-07-31T10:40:21Z,567,26,1,0,1,0,1,1,1,1785493771
2026-07-31T10:40:21Z,568,14,0,4,1,0,1,1,1,1785490328
2026-07-31T10:40:21Z,569,15,2,4,0,0,1,1,1,1785492410
2026-07-31T10:40:21Z,570,12,0,7,0,0,1,1,1,1785491560
2026-07-31T10:40:21Z,571,1,0,22,0,0,1,1,1,1785493752
2026-07-31T10:40:21Z,572,14,4,4,1,0,1,1,1,1785491187
2026-07-31T10:40:21Z,573,13,0,2,0,0,1,1,1,1785486691
2026-07-31T10:40:21Z,574,10,3,5,0,0,1,1,1,1785493936
2026-07-31T10:40:21Z,575,5,0,15,1,0,1,1,1,1785492780
2026-07-31T10:40:21Z,576,3,0,14,2,0,1,1,1,1785488201
2026-07-31T10:40:21Z,577,13,0,18,0,0,1,1,1,1785494339
2026-07-31T10:40:21Z,578,15,10,7,1,0,1,1,1,1785486996
2026-07-31T10:40:21Z,579,4,0,39,0,0,1,1,1,1785486691
2026-07-31T10:40:21Z,580,4,0,25,0,0,1,1,1,1785493686
2026-07-31T10:40:21Z,581,16,2,3,0,0,1,1,1,1785494396
2026-07-31T10:40:21Z,582,21,0,39,1,0,1,1,1,1785494407
2026-07-31T10:40:21Z,583,23,1,0,0,0,1,1,1,1785492035
2026-07-31T10:40:21Z,584,9,4,6,4,0,1,1,1,1785486691
2026-07-31T10:40:21Z,585,13,2,13,0,1,1,1,1,1785493978
2026-07-31T10:40:21Z,586,10,0,25,0,0,1,1,1,1785494120
2026-07-31T10:40:21Z,587,19,0,4,1,0,1,1,1,1785491646
2026-07-31T10:40:21Z,588,11,3,5,2,1,1,1,1,1785494374
2026-07-31T10:40:21Z,589,0,0,0,23,0,1,1,1,1785494282
2026-07-31T10:40:21Z,590,17,2,12,2,0,1,1,1,1785492102
2026-07-31T10:40:21Z,591,27,0,1,2,0,1,1,1,1785494362
2026-07-31T10:40:21Z,592,12,0,11,0,0,1,1,1,1785488952
2026-07-31T10:40:21Z,593,0,0,38,0,0,1,1,1,1785488201
2026-07-31T10:40:21Z,594,8,0,10,3,0,1,1,1,1785494244
2026-07-31T10:40:21Z,595,0,0,3,0,0,0,1,1,1784046673
2026-07-31T10:40:21Z,605,0,0,2,1,0,0,1,1,1783975843
2026-07-31T10:40:21Z,606,0,0,0,0,0,0,1,1,86400
2026-07-31T10:40:21Z,607,11,2,20,1,0,1,1,1,1785492495
2026-07-31T10:40:21Z,608,1,0,49,0,0,1,1,1,1785494279
2026-07-31T10:40:21Z,609,2,0,21,0,0,1,1,1,1785488201
2026-07-31T10:40:21Z,610,0,0,35,0,0,1,1,1,1785488201
2026-07-31T10:40:21Z,611,13,0,13,1,0,1,1,1,1785494266
2026-07-31T10:40:21Z,612,6,1,9,0,0,1,1,1,1785486691
2026-07-31T10:40:21Z,613,9,0,2,4,0,1,1,1,1785489318
2026-07-31T10:40:21Z,614,1,1,23,2,1,1,1,1,1785488202
2026-07-31T10:40:21Z,617,11,0,2,2,0,1,1,1,1785489767
2026-07-31T10:40:21Z,618,13,2,1,5,0,1,1,1,1785486690
2026-07-31T10:40:21Z,619,4,1,14,1,0,1,1,1,1785493167
2026-07-31T10:40:21Z,620,1,0,26,0,0,1,1,1,1785492178
2026-07-31T10:40:21Z,621,6,2,16,1,0,1,1,1,1785492151
2026-07-31T10:40:21Z,622,5,2,17,1,0,1,1,1,1785488201
2026-07-31T10:40:21Z,623,10,2,19,1,0,1,1,1,1785493892
2026-07-31T10:40:21Z,624,1,0,14,0,0,1,1,1,1785493218
2026-07-31T10:40:21Z,625,5,0,14,2,0,1,1,1,1785494153
2026-07-31T10:40:21Z,626,3,0,42,0,2,1,1,1,1785493349
2026-07-31T10:40:21Z,627,14,6,5,0,0,1,1,1,1785493197
2026-07-31T10:40:21Z,628,0,0,15,2,2,1,1,1,1785494405
2026-07-31T10:40:21Z,629,4,1,6,1,0,1,1,1,1785494159
2026-07-31T10:40:21Z,630,3,2,21,3,0,1,1,1,1785494293
2026-07-31T10:40:21Z,631,2,1,21,0,0,1,1,1,1785488201
2026-07-31T10:40:21Z,632,20,0,1,2,0,1,1,1,1785492884
2026-07-31T10:40:21Z,633,11,1,0,4,0,1,1,1,1785494253
2026-07-31T10:40:21Z,634,11,2,8,0,0,1,1,1,1785486991
2026-07-31T10:40:21Z,635,17,1,2,0,0,1,1,1,1785488201
2026-07-31T10:40:21Z,636,10,2,5,0,0,1,1,1,1785488201
2026-07-31T10:40:21Z,637,7,0,12,0,0,1,1,1,1785490209
2026-07-31T10:40:21Z,638,9,2,8,2,0,1,1,1,1785493430
2026-07-31T10:40:21Z,639,5,1,11,3,0,1,1,1,1785479066
2026-07-31T10:40:21Z,640,3,3,19,1,0,1,1,1,1785494348
2026-07-31T10:40:21Z,641,16,0,8,2,0,1,1,1,1785494076
2026-07-31T10:40:21Z,642,5,2,6,8,0,1,1,1,1785494407
2026-07-31T10:40:21Z,643,3,0,17,7,0,1,1,1,1785494405
2026-07-31T10:40:21Z,644,12,0,2,1,0,1,1,1,1785486991
2026-07-31T10:40:21Z,645,11,0,10,1,1,1,1,1,1785488495
2026-07-31T10:40:21Z,646,7,2,12,0,0,1,1,1,1785494173
2026-07-31T10:40:21Z,647,29,1,2,0,0,1,1,1,1785492741
2026-07-31T10:40:21Z,648,6,0,12,1,0,1,1,1,1785490674
2026-07-31T10:40:21Z,649,19,3,11,1,0,1,1,1,1785493644
2026-07-31T10:40:21Z,650,5,1,9,0,0,1,1,1,1785488201
2026-07-31T10:40:21Z,651,8,7,15,0,0,1,1,1,1785494343
2026-07-31T10:40:21Z,652,4,2,17,2,0,1,1,1,1785494282
2026-07-31T10:40:21Z,653,8,1,9,2,0,1,1,1,1785494372
2026-07-31T10:40:21Z,654,2,2,13,0,0,1,1,1,1785488202
2026-07-31T10:40:21Z,655,7,3,1,4,1,1,1,1,1785494211
2026-07-31T10:40:21Z,656,19,7,0,0,0,1,1,1,1785489841
2026-07-31T10:40:21Z,657,9,1,3,2,3,1,1,1,1785494241
2026-07-31T10:40:21Z,658,9,1,1,0,0,1,1,1,1785473427
2026-07-31T10:40:21Z,659,8,3,5,2,0,1,1,1,1785488201
2026-07-31T10:40:21Z,660,13,0,14,4,0,1,1,1,1785494202
2026-07-31T10:40:21Z,661,2,1,17,0,0,1,1,1,1785492505
2026-07-31T10:40:21Z,662,4,3,16,3,0,1,1,1,1785493876
2026-07-31T10:40:21Z,663,12,5,2,1,0,1,1,1,1785493447
2026-07-31T10:40:21Z,664,0,0,27,0,0,1,1,1,1785488202
2026-07-31T10:40:21Z,665,12,3,3,0,0,1,1,1,1785488202
2026-07-31T10:40:21Z,666,7,2,6,2,0,1,1,1,1785488201
2026-07-31T10:40:21Z,667,0,0,19,0,0,1,1,1,1785486991
2026-07-31T10:40:21Z,668,10,1,8,1,0,1,1,1,1785488201
2026-07-31T10:40:21Z,669,13,5,1,0,0,1,1,1,1785493864
2026-07-31T10:40:21Z,670,11,2,16,0,0,1,1,1,1785486992
2026-07-31T10:40:21Z,671,24,5,2,1,0,1,1,1,1785494036
2026-07-31T10:40:21Z,672,12,2,7,3,1,1,1,1,1785491597
2026-07-31T10:40:21Z,673,12,0,9,2,0,1,1,1,1785494378
2026-07-31T10:40:21Z,674,4,2,16,3,0,1,1,1,1785494381
2026-07-31T10:40:21Z,675,11,6,2,2,0,1,1,1,1785494405
2026-07-31T10:40:21Z,676,6,0,15,1,0,1,1,1,1785493473
2026-07-31T10:40:21Z,681,12,3,1,2,0,1,1,1,1785494302
2026-07-31T10:40:21Z,682,4,1,14,1,0,1,1,1,1785486991
2026-07-31T10:40:21Z,683,4,1,15,0,0,1,1,1,1785493800
2026-07-31T10:40:21Z,684,3,0,24,0,0,1,1,1,1785487883
2026-07-31T10:40:21Z,685,10,0,15,1,1,1,1,1,1785488201
2026-07-31T10:40:21Z,686,11,0,14,2,0,1,1,1,1785494271
2026-07-31T10:40:21Z,687,11,0,18,1,1,1,1,1,1785494283
2026-07-31T10:40:21Z,688,10,0,2,7,0,1,1,1,1785494356
2026-07-31T10:40:21Z,692,5,2,16,0,0,1,1,1,1785494399
2026-07-31T10:40:21Z,693,6,0,2,3,0,1,1,1,1785492611
2026-07-31T10:40:21Z,694,8,5,13,0,0,1,1,1,1785494183
2026-07-31T10:40:21Z,695,16,11,7,0,0,1,1,1,1785494331
2026-07-31T10:40:21Z,696,18,13,3,2,0,1,1,1,1785494254
2026-07-31T10:40:21Z,697,22,2,1,0,0,1,1,1,1785493839
2026-07-31T10:40:21Z,698,24,1,3,0,0,1,1,1,1785494279
2026-07-31T10:40:21Z,699,7,0,7,1,0,1,1,1,1785492916
2026-07-31T10:40:21Z,700,19,4,0,0,0,1,1,1,1785493050
2026-07-31T10:40:21Z,701,17,6,2,0,0,1,1,1,1785494298
2026-07-31T10:40:21Z,702,18,0,4,1,0,1,1,1,1785493515
2026-07-31T10:40:21Z,704,8,2,7,0,0,1,1,1,1785493691
2026-07-31T10:40:21Z,705,4,2,9,2,0,1,1,1,1785493156
2026-07-31T10:40:21Z,706,12,2,0,3,0,1,1,1,1785494258
2026-07-31T10:40:21Z,707,10,2,5,0,0,1,1,1,1785493076
2026-07-31T10:40:21Z,708,18,3,0,1,0,1,1,1,1785493287
2026-07-31T10:40:21Z,709,10,0,2,3,0,1,1,1,1785493298
2026-07-31T10:40:21Z,710,17,3,1,1,0,1,1,1,1785494338
2026-07-31T10:40:21Z,711,19,4,0,4,0,1,1,1,1785494406
2026-07-31T10:40:21Z,712,15,10,0,0,0,1,1,1,1785494276
2026-07-31T10:40:21Z,713,5,0,18,0,0,1,1,1,1785493561
2026-07-31T10:40:21Z,716,4,2,11,0,0,1,1,1,1785493749
2026-07-31T10:40:21Z,717,4,2,18,3,0,1,1,1,1785493819
2026-07-31T10:40:21Z,718,3,1,11,1,0,1,1,1,1785492624
2026-07-31T10:40:21Z,719,8,2,21,0,0,1,1,1,1785493861
2026-07-31T10:40:21Z,720,2,1,17,0,0,1,1,1,1785493092
2026-07-31T10:40:21Z,721,0,0,21,2,0,1,1,1,1785493899
2026-07-31T10:40:21Z,722,5,0,10,0,0,1,1,1,1785492847
2026-07-31T10:40:21Z,723,12,1,11,0,0,1,1,1,1785492894
2026-07-31T10:40:21Z,724,21,4,2,0,0,1,1,1,1785494045
2026-07-31T10:40:21Z,725,21,6,1,1,0,1,1,1,1785493868
2026-07-31T10:40:21Z,726,18,3,1,0,0,1,1,1,1785493912
2026-07-31T10:40:21Z,727,9,4,12,2,0,1,1,1,1785493847
2026-07-31T10:40:21Z,728,9,0,5,1,0,1,1,1,1785493393
2026-07-31T10:40:21Z,729,5,0,14,0,0,1,1,1,1785494273
2026-07-31T10:40:21Z,730,3,2,10,2,0,1,1,1,1785493990
2026-07-31T10:40:21Z,731,9,3,5,1,0,1,1,1,1785493103
2026-07-31T10:40:21Z,732,8,5,7,0,0,1,1,1,1785494142
2026-07-31T10:40:21Z,733,4,0,23,0,0,1,1,1,1785493123
2026-07-31T10:40:21Z,734,4,2,10,0,0,1,1,1,1785494093
2026-07-31T10:40:21Z,735,3,2,24,0,0,1,1,1,1785494197
2026-07-31T10:40:21Z,736,6,0,13,0,0,1,1,1,1785493535
2026-07-31T10:40:21Z,737,4,3,10,0,1,1,1,1,1785493528
2026-07-31T10:40:21Z,738,16,5,1,2,0,1,1,1,1785493577
2026-07-31T10:40:21Z,739,19,2,7,1,0,1,1,1,1785493152
2026-07-31T10:40:21Z,741,7,1,16,0,0,1,1,1,1785493426
2026-07-31T10:40:21Z,742,5,1,27,3,0,1,1,1,1785494359
2026-07-31T10:40:21Z,743,9,3,8,2,0,1,1,1,1785493295
2026-07-31T10:40:21Z,744,10,4,4,1,0,1,1,1,1785493801
2026-07-31T10:40:21Z,745,14,4,4,1,0,1,1,1,1785493811
2026-07-31T10:40:21Z,746,10,2,11,2,0,1,1,1,1785494087
2026-07-31T10:40:21Z,747,0,0,4,0,0,0,1,1,1783446606
2026-07-31T10:40:21Z,748,10,1,13,0,0,1,1,1,1785492788
2026-07-31T10:40:21Z,749,5,5,17,1,0,1,1,1,1785492705
2026-07-31T10:40:21Z,750,1,1,10,0,0,1,1,1,1785493041
2026-07-31T10:40:21Z,751,11,1,12,0,0,1,1,1,1785494038
2026-07-31T10:40:21Z,752,13,1,3,1,0,1,1,1,1785490194
2026-07-31T10:40:21Z,753,5,0,10,0,0,1,1,1,1785493935
2026-07-31T10:40:21Z,754,1,0,12,2,0,1,1,1,1785494346
2026-07-31T10:40:21Z,755,11,2,11,1,0,1,1,1,1785492664
2026-07-31T10:40:21Z,756,3,0,34,0,0,1,1,1,1785493394
2026-07-31T10:40:21Z,757,15,8,4,0,0,1,1,1,1785492789
2026-07-31T10:40:21Z,758,23,3,0,0,0,1,1,1,1785494203
2026-07-31T10:40:21Z,759,3,2,12,0,0,1,1,1,1785493925
2026-07-31T10:40:21Z,760,8,3,11,0,0,1,1,1,1785488200
2026-07-31T10:40:21Z,761,17,0,5,1,0,1,1,1,1785493807
2026-07-31T10:40:21Z,762,6,3,4,5,0,1,1,1,1785493050
2026-07-31T10:40:21Z,768,8,0,8,3,0,1,1,1,1785494030
2026-07-31T10:40:21Z,769,17,12,2,0,0,1,1,1,1785493657
2026-07-31T10:40:21Z,770,11,3,6,2,0,1,1,1,1785493593
2026-07-31T10:40:21Z,771,13,3,1,1,0,1,1,1,1785493031
2026-07-31T10:40:21Z,772,7,3,8,0,0,1,1,1,1785493649
2026-07-31T10:40:21Z,773,15,4,4,0,0,1,1,1,1785493488
2026-07-31T10:40:21Z,774,10,5,2,3,0,1,1,1,1785493428
2026-07-31T10:40:21Z,775,6,0,11,1,1,1,1,1,1785488308
2026-07-31T10:40:21Z,776,3,1,17,1,0,1,1,1,1785493821
2026-07-31T10:40:21Z,777,10,0,2,3,0,1,1,1,1785493572
2026-07-31T10:40:21Z,778,13,0,3,3,0,1,1,1,1785493614
2026-07-31T10:40:21Z,779,8,1,10,1,0,1,1,1,1785494401
2026-07-31T10:40:21Z,780,18,4,0,1,0,1,1,1,1785494012
2026-07-31T10:40:21Z,781,4,0,4,3,0,1,1,1,1785494330
2026-07-31T10:40:21Z,782,5,3,10,4,0,1,1,1,1785493313
2026-07-31T10:40:21Z,783,6,0,13,0,0,1,1,1,1785494397
2026-07-31T10:40:21Z,784,19,2,0,0,0,1,1,1,1785494006
2026-07-31T10:40:21Z,785,11,2,2,6,0,1,1,1,1785492755
2026-07-31T10:40:21Z,786,11,5,8,0,0,1,1,1,1785494222
2026-07-31T10:40:21Z,787,11,5,2,2,0,1,1,1,1785493854
2026-07-31T10:40:21Z,788,3,0,12,0,0,1,1,1,1785493073
2026-07-31T10:40:21Z,789,8,1,3,4,0,1,1,1,1785493303
2026-07-31T10:40:21Z,790,3,0,20,0,0,1,1,1,1785493711
2026-07-31T10:40:21Z,791,8,1,10,0,1,1,1,1,1785494086
2026-07-31T10:40:21Z,793,4,0,10,1,0,1,1,1,1785493442
2026-07-31T10:40:21Z,794,10,4,17,2,0,1,1,1,1785493918
2026-07-31T10:40:21Z,796,0,0,17,2,0,1,1,1,1785493244
2026-07-31T10:40:21Z,797,1,0,14,0,0,1,1,1,1785487593
2026-07-31T10:40:21Z,798,9,1,15,1,0,1,1,1,1785494381
2026-07-31T10:40:21Z,799,15,1,1,3,0,1,1,1,1785493212
2026-07-31T10:40:21Z,800,2,0,18,1,0,1,1,1,1785493154
2026-07-31T10:40:21Z,801,4,2,16,1,0,1,1,1,1785493270
2026-07-31T10:40:21Z,802,8,0,23,0,0,1,1,1,1785493381
2026-07-31T10:40:21Z,803,1,1,14,0,0,1,1,1,1785493041
2026-07-31T10:40:21Z,806,8,3,7,0,0,1,1,1,1785488200
2026-07-31T10:40:21Z,807,14,0,8,3,0,1,1,1,1785493656
2026-07-31T10:40:21Z,808,0,0,23,2,0,1,1,1,1785488225
2026-07-31T10:40:21Z,809,4,0,18,1,0,1,1,1,1785493218
2026-07-31T10:40:21Z,810,2,0,13,4,0,1,1,1,1785493673
2026-07-31T10:40:21Z,815,4,1,6,4,1,1,1,1,1785493354
2026-07-31T10:40:21Z,817,10,5,5,0,0,1,1,1,1785494371
2026-07-31T10:40:21Z,818,6,0,16,1,0,1,1,1,1785493798
2026-07-31T10:40:21Z,819,6,4,9,0,0,1,1,1,1785487291
2026-07-31T10:40:21Z,820,8,2,9,0,0,1,1,1,1785494287
2026-07-31T10:40:21Z,821,2,1,13,0,0,1,1,1,1785493402
2026-07-31T10:40:21Z,822,2,0,19,2,0,1,1,1,1785493732
2026-07-31T10:40:21Z,823,0,0,14,1,0,1,1,1,1785492874
2026-07-31T10:40:21Z,824,13,4,5,1,0,1,1,1,1785494154
2026-07-31T10:40:21Z,825,7,4,8,0,0,1,1,1,1785493925
2026-07-31T10:40:21Z,826,10,2,8,1,0,1,1,1,1785494172
2026-07-31T10:40:21Z,827,16,5,4,1,0,1,1,1,1785493679
2026-07-31T10:40:21Z,828,10,0,7,1,0,1,1,1,1785493566
2026-07-31T10:40:21Z,829,16,7,11,0,0,1,1,1,1785492598
2026-07-31T10:40:21Z,830,15,3,7,1,0,1,1,1,1785494390
2026-07-31T10:40:21Z,831,7,2,7,1,0,1,1,1,1785492841
2026-07-31T10:40:21Z,832,10,3,5,3,0,1,1,1,1785492931
2026-07-31T10:40:21Z,833,1,0,17,1,0,1,1,1,1785492687
2026-07-31T10:40:21Z,834,2,0,21,1,0,1,1,1,1785494054
2026-07-31T10:40:21Z,835,16,6,0,2,0,1,1,1,1785494235
2026-07-31T10:40:21Z,837,5,1,0,10,0,1,1,1,1785492913
2026-07-31T10:40:21Z,838,13,3,2,0,0,1,1,1,1785493579
2026-07-31T10:40:21Z,839,22,1,7,0,0,1,1,1,1785493714
2026-07-31T10:40:21Z,840,9,4,18,2,0,1,1,1,1785494053
2026-07-31T10:40:21Z,841,7,1,8,0,0,1,1,1,1785492837
2026-07-31T10:40:21Z,842,7,2,16,0,0,1,1,1,1785492640
2026-07-31T10:40:21Z,843,8,0,22,1,0,1,1,1,1785492887
2026-07-31T10:40:21Z,844,6,0,17,0,0,1,1,1,1785492840
2026-07-31T10:40:21Z,845,5,3,12,2,0,1,1,1,1785493020
2026-07-31T10:40:21Z,846,3,0,14,2,0,1,1,1,1785493971
2026-07-31T10:40:21Z,847,7,1,20,0,0,1,1,1,1785493766
2026-07-31T10:40:21Z,848,10,3,8,1,0,1,1,1,1785488215
2026-07-31T10:40:21Z,849,6,1,9,0,0,1,1,1,1785493814
2026-07-31T10:40:21Z,850,8,0,2,1,0,1,1,1,1785494138
2026-07-31T10:40:21Z,851,3,3,32,2,0,1,1,1,1785493927
2026-07-31T10:40:21Z,852,12,6,7,0,0,1,1,1,1785492733
2026-07-31T10:40:21Z,853,10,5,13,0,0,1,1,1,1785493614
2026-07-31T10:40:21Z,854,3,2,12,0,0,1,1,1,1785493675
2026-07-31T10:40:21Z,855,25,0,2,0,0,1,1,1,1785488200
2026-07-31T10:40:21Z,857,1,1,18,0,0,1,1,1,1785492930
2026-07-31T10:40:21Z,858,4,1,14,1,0,1,1,1,1785493393
2026-07-31T10:40:21Z,859,3,0,17,1,0,1,1,1,1785493615
2026-07-31T10:40:21Z,861,8,1,2,1,0,1,1,1,1785488201
2026-07-31T10:40:21Z,862,2,2,13,0,0,1,1,1,1785493304
2026-07-31T10:40:21Z,863,13,0,5,1,0,1,1,1,1785488200
2026-07-31T10:40:21Z,866,11,3,8,0,0,1,1,1,1785493171
2026-07-31T10:40:21Z,867,12,0,3,0,0,1,1,1,1785494292
2026-07-31T10:40:21Z,868,13,2,2,0,0,1,1,1,1785492690
2026-07-31T10:40:21Z,870,7,4,6,2,0,1,1,1,1785492910
2026-07-31T10:40:21Z,871,0,0,10,1,0,1,1,1,1785494096
2026-07-31T10:40:21Z,872,0,0,14,1,0,1,1,1,1785492827
2026-07-31T10:40:21Z,873,0,0,32,1,0,1,1,1,1785492819
2026-07-31T10:40:21Z,874,4,1,8,3,0,1,1,1,1785493994
2026-07-31T10:40:21Z,875,15,11,0,0,0,1,1,1,1785493890
2026-07-31T10:40:21Z,877,11,10,6,2,0,1,1,1,1785494255
2026-07-31T10:40:21Z,878,3,2,15,1,0,1,1,1,1785493018
2026-07-31T10:40:21Z,879,1,0,18,0,0,1,1,1,1785493876
2026-07-31T10:40:21Z,880,2,0,20,1,0,1,1,1,1785494402
2026-07-31T10:40:21Z,881,2,0,17,0,0,1,1,1,1785492871
2026-07-31T10:40:21Z,882,10,0,6,3,0,1,1,1,1785488200
2026-07-31T10:40:21Z,883,10,6,9,0,0,1,1,1,1785493136
2026-07-31T10:40:21Z,884,11,7,10,0,0,1,1,1,1785494247
2026-07-31T10:40:21Z,885,1,0,18,0,0,1,1,1,1785492716
2026-07-31T10:40:21Z,886,16,1,12,1,0,1,1,1,1785493518
2026-07-31T10:40:21Z,887,3,1,11,3,0,1,1,1,1785493428
2026-07-31T10:40:21Z,888,15,0,24,2,0,1,1,1,1785494334
2026-07-31T10:40:21Z,889,17,1,0,2,0,1,1,1,1785493023
2026-07-31T10:40:21Z,890,6,4,9,0,0,1,1,1,1785489632
2026-07-31T10:40:21Z,891,21,0,2,0,0,1,1,1,1785494031
2026-07-31T10:40:21Z,892,13,1,2,0,0,1,1,1,1785488200
2026-07-31T10:40:21Z,895,0,0,18,1,0,1,1,1,1785489208
2026-07-31T10:40:21Z,896,6,0,29,0,0,1,1,1,1785493238
2026-07-31T10:40:21Z,897,11,1,10,0,0,1,1,1,1785492911
2026-07-31T10:40:21Z,898,2,0,17,0,0,1,1,1,1785492635
2026-07-31T10:40:21Z,899,0,0,18,1,0,1,1,1,1785493683
2026-07-31T10:40:21Z,900,18,1,7,2,0,1,1,1,1785493867
2026-07-31T10:40:21Z,901,9,0,9,1,0,1,1,1,1785494352
2026-07-31T10:40:21Z,902,9,0,5,1,0,1,1,1,1785494386
2026-07-31T10:40:21Z,903,14,2,4,1,0,1,1,1,1785493839
2026-07-31T10:40:21Z,904,10,4,8,1,0,1,1,1,1785493025
2026-07-31T10:40:21Z,905,5,0,22,0,0,1,1,1,1785493128
2026-07-31T10:40:21Z,906,7,4,20,0,0,1,1,1,1785493887
2026-07-31T10:40:21Z,907,7,2,24,0,0,1,1,1,1785494396
2026-07-31T10:40:21Z,908,11,0,12,0,0,1,1,1,1785493013
2026-07-31T10:40:21Z,909,14,4,9,0,0,1,1,1,1785494401
2026-07-31T10:40:21Z,910,24,1,7,0,0,1,1,1,1785494368
2026-07-31T10:40:21Z,911,4,1,15,0,0,1,1,1,1785494384
2026-07-31T10:40:21Z,912,9,4,12,2,0,1,1,1,1785493829
2026-07-31T10:40:21Z,913,3,1,16,0,0,1,1,1,1785493551
2026-07-31T10:40:21Z,914,8,2,11,0,0,1,1,1,1785493820
2026-07-31T10:40:21Z,915,10,1,12,1,0,1,1,1,1785493127
2026-07-31T10:40:21Z,916,22,7,0,1,0,1,1,1,1785493174
2026-07-31T10:40:21Z,917,7,2,26,2,0,1,1,1,1785493779
2026-07-31T10:40:21Z,918,12,4,5,2,0,1,1,1,1785492938
2026-07-31T10:40:21Z,919,14,0,23,2,0,1,1,1,1785494396
2026-07-31T10:40:21Z,920,4,2,15,0,0,1,1,1,1785493364
2026-07-31T10:40:21Z,921,12,0,9,0,0,1,1,1,1785492704
2026-07-31T10:40:21Z,922,4,1,17,0,0,1,1,1,1785493508
2026-07-31T10:40:21Z,923,19,2,0,0,0,1,1,1,1785494194
2026-07-31T10:40:21Z,924,8,2,13,0,0,1,1,1,1785493717
2026-07-31T10:40:21Z,925,13,0,8,0,0,1,1,1,1785493182
2026-07-31T10:40:21Z,926,0,0,21,0,0,1,1,1,1785493321
2026-07-31T10:40:21Z,927,1,0,33,1,0,1,1,1,1785494406
2026-07-31T10:40:21Z,928,5,3,14,0,0,0,1,1,1785464301
2026-07-31T10:40:21Z,929,0,0,23,0,0,1,1,1,1785494153
2026-07-31T10:40:21Z,930,0,0,30,1,0,1,1,1,1785492937
2026-07-31T10:40:21Z,931,10,4,13,0,0,1,1,1,1785493775
2026-07-31T10:40:21Z,932,3,0,13,3,0,1,1,1,1785494143
2026-07-31T10:40:21Z,933,0,0,23,0,0,1,1,1,1785493986
2026-07-31T10:40:21Z,934,2,0,28,1,0,1,1,1,1785493440
2026-07-31T10:40:21Z,935,12,4,6,1,0,1,1,1,1785494045
2026-07-31T10:40:21Z,936,4,1,15,0,0,1,1,1,1785456801
2026-07-31T10:40:21Z,940,9,0,2,0,0,1,1,1,1785494277
2026-07-31T10:40:21Z,941,9,1,14,2,0,1,1,1,1785493928
2026-07-31T10:40:21Z,942,6,1,14,1,0,1,1,1,1785493818
2026-07-31T10:40:21Z,943,9,8,6,0,0,1,1,1,1785492938
2026-07-31T10:40:21Z,944,9,8,6,0,0,1,1,1,1785492755
2026-07-31T10:40:21Z,945,10,8,5,0,0,1,1,1,1785494083
2026-07-31T10:40:21Z,946,7,5,12,0,0,1,1,1,1785487593
2026-07-31T10:40:21Z,947,7,5,10,0,0,1,1,1,1785492769
2026-07-31T10:40:21Z,948,23,8,3,5,0,1,1,1,1785494054
2026-07-31T10:40:21Z,949,2,1,13,0,0,1,1,1,1785493764
2026-07-31T10:40:21Z,950,14,4,2,1,0,1,1,1,1785492782
2026-07-31T10:40:21Z,951,18,4,4,1,0,1,1,1,1785493683
2026-07-31T10:40:21Z,952,12,0,43,0,0,1,1,1,1785494206
2026-07-31T10:40:21Z,953,13,2,1,1,0,1,1,1,1785493853
2026-07-31T10:40:21Z,954,17,4,2,0,0,1,1,1,1785492883
2026-07-31T10:40:21Z,955,4,3,17,6,0,1,1,1,1785493675
2026-07-31T10:40:21Z,956,21,0,1,1,0,1,1,1,1785493609
2026-07-31T10:40:21Z,957,15,0,14,0,0,1,1,1,1785493992
2026-07-31T10:40:21Z,958,19,1,12,0,0,1,1,1,1785494114
2026-07-31T10:40:21Z,959,20,8,0,3,0,1,1,1,1785492663
2026-07-31T10:40:21Z,960,20,0,2,1,0,1,1,1,1785494301
2026-07-31T10:40:21Z,961,3,2,17,3,0,1,1,1,1785493492
2026-07-31T10:40:21Z,962,9,3,23,3,0,1,1,1,1785493762
2026-07-31T10:40:21Z,963,9,0,13,1,0,1,1,1,1785493116
2026-07-31T10:40:21Z,964,18,8,4,1,0,1,1,1,1785494322
2026-07-31T10:40:21Z,965,6,2,20,1,0,1,1,1,1785494093
2026-07-31T10:40:21Z,966,25,0,6,0,0,1,1,1,1785494139
2026-07-31T10:40:21Z,967,17,0,2,2,0,1,1,1,1785493868
2026-07-31T10:40:21Z,968,15,0,3,1,0,1,1,1,1785492762
2026-07-31T10:40:21Z,969,10,6,15,2,0,1,1,1,1785493265
2026-07-31T10:40:21Z,970,11,1,6,2,0,1,1,1,1785493270
2026-07-31T10:40:21Z,971,10,0,12,1,0,1,1,1,1785494235
2026-07-31T10:40:21Z,972,9,1,13,1,0,1,1,1,1785492738
2026-07-31T10:40:21Z,973,8,4,14,1,0,1,1,1,1785494070
2026-07-31T10:40:21Z,974,14,0,13,0,0,1,1,1,1785493560
2026-07-31T10:40:21Z,977,7,7,11,3,0,1,1,1,1785493004
2026-07-31T10:40:21Z,978,11,0,12,0,0,1,1,1,1785493873
2026-07-31T10:40:21Z,979,13,1,4,0,0,1,1,1,1785493410
2026-07-31T10:40:21Z,980,1,0,18,2,0,1,1,1,1785494154
2026-07-31T10:40:21Z,981,18,0,2,1,0,1,1,1,1785494319
2026-07-31T10:40:21Z,982,3,1,14,2,0,1,1,1,1785492802
2026-07-31T10:40:21Z,983,2,1,20,1,0,1,1,1,1785493220
2026-07-31T10:40:21Z,984,6,0,17,0,0,1,1,1,1785494231
2026-07-31T10:40:21Z,985,14,1,17,0,0,1,1,1,1785494291
2026-07-31T10:40:21Z,986,4,0,15,0,0,1,1,1,1785492800
2026-07-31T10:40:21Z,987,6,0,16,1,0,1,1,1,1785493342
2026-07-31T10:40:21Z,988,5,1,13,1,0,1,1,1,1785492954
2026-07-31T10:40:21Z,989,9,4,10,0,0,1,1,1,1785493758
2026-07-31T10:40:21Z,990,13,1,0,2,0,1,1,1,1785493000
2026-07-31T10:40:21Z,991,11,2,8,0,0,1,1,1,1785494244
2026-07-31T10:40:21Z,992,10,7,12,1,0,1,1,1,1785493545
2026-07-31T10:40:21Z,993,0,0,27,0,0,1,1,1,1785476008
2026-07-31T10:40:21Z,994,3,1,18,0,0,1,1,1,1785493758
2026-07-31T10:40:21Z,995,7,1,20,0,0,1,1,1,1785492979
2026-07-31T10:40:21Z,996,8,1,15,0,0,1,1,1,1785492779
2026-07-31T10:40:21Z,997,11,5,10,2,0,1,1,1,1785494102
2026-07-31T10:40:21Z,998,2,2,20,1,0,1,1,1,1785493093
2026-07-31T10:40:21Z,999,2,0,16,2,1,1,1,1,1785493969
2026-07-31T10:40:21Z,1000,5,2,16,0,0,1,1,1,1785493662
2026-07-31T10:40:21Z,1001,2,1,25,0,0,1,1,1,1785493119
2026-07-31T10:40:21Z,1002,0,0,27,4,0,1,1,1,1785493124
2026-07-31T10:40:21Z,1003,0,0,22,1,0,1,1,1,1785492741
2026-07-31T10:40:21Z,1004,8,1,15,0,0,1,1,1,1785493999
2026-07-31T10:40:21Z,1005,20,1,3,0,0,1,1,1,1785492930
2026-07-31T10:40:21Z,1006,7,4,11,1,0,1,1,1,1785492763
2026-07-31T10:40:21Z,1007,2,1,19,0,0,1,1,1,1785494212
2026-07-31T10:40:21Z,1008,6,5,15,2,0,1,1,1,1785493720
2026-07-31T10:40:21Z,1009,19,2,8,4,0,1,1,1,1785493586
2026-07-31T10:40:21Z,1010,7,2,20,0,0,1,1,1,1785492604
2026-07-31T10:40:21Z,1011,8,2,9,2,0,1,1,1,1785493137
2026-07-31T10:40:21Z,1012,4,3,18,1,0,1,1,1,1785492696
2026-07-31T10:40:21Z,1013,4,1,18,1,0,1,1,1,1785493292
2026-07-31T10:40:21Z,1014,7,2,13,3,0,1,1,1,1785493216
2026-07-31T10:40:21Z,1015,3,1,25,3,0,1,1,1,1785493497
2026-07-31T10:40:21Z,1016,10,5,21,0,0,1,1,1,1785494385
2026-07-31T10:40:21Z,1017,14,5,7,0,0,1,1,1,1785493919
2026-07-31T10:40:21Z,1018,7,2,15,0,0,1,1,1,1785492783
2026-07-31T10:40:21Z,1019,9,6,6,0,0,1,1,1,1785492708
2026-07-31T10:40:21Z,1020,18,3,3,0,0,1,1,1,1785493787
2026-07-31T10:40:21Z,1021,9,3,5,1,0,1,1,1,1785493509
2026-07-31T10:40:21Z,1022,14,0,13,0,0,1,1,1,1785492878
2026-07-31T10:40:21Z,1023,13,1,9,1,0,1,1,1,1785494337
2026-07-31T10:40:21Z,1024,5,2,13,1,0,1,1,1,1785493516
2026-07-31T10:40:21Z,1025,4,0,14,0,1,1,1,1,1785492846
2026-07-31T10:40:21Z,1026,7,4,18,6,0,1,1,1,1785493870
2026-07-31T10:40:21Z,1028,2,0,20,1,0,1,1,1,1785492875
2026-07-31T10:40:21Z,1029,9,9,5,1,0,1,1,1,1785493806
2026-07-31T10:40:21Z,1030,14,5,9,0,0,1,1,1,1785493558
2026-07-31T10:40:21Z,1031,8,0,11,0,0,1,1,1,1785493920
2026-07-31T10:40:21Z,1032,7,1,12,0,0,1,1,1,1785492769
2026-07-31T10:40:21Z,1033,9,5,8,2,0,1,1,1,1785493879
2026-07-31T10:40:21Z,1034,2,0,13,0,0,1,1,1,1785492781
2026-07-31T10:40:21Z,1035,1,0,16,2,0,1,1,1,1785492815
2026-07-31T10:40:21Z,1036,14,0,1,0,0,1,1,1,1785493360
2026-07-31T10:40:21Z,1037,4,0,14,1,0,1,1,1,1785493083
2026-07-31T10:40:21Z,1038,2,0,12,1,0,1,1,1,1785494293
2026-07-31T10:40:21Z,1039,7,2,12,0,0,1,1,1,1785492923
2026-07-31T10:40:21Z,1040,7,3,10,2,0,1,1,1,1785492808
2026-07-31T10:40:21Z,1041,10,3,8,1,0,1,1,1,1785493504
2026-07-31T10:40:21Z,1042,12,1,1,2,0,1,1,1,1785492785
2026-07-31T10:40:21Z,1043,10,0,6,3,0,1,1,1,1785494344
2026-07-31T10:40:21Z,1044,2,1,12,1,0,1,1,1,1785494348
2026-07-31T10:40:21Z,1045,10,0,9,0,0,1,1,1,1785494131
2026-07-31T10:40:21Z,1046,9,0,6,0,0,1,1,1,1785493972
2026-07-31T10:40:21Z,1047,4,0,17,0,0,1,1,1,1785493523
2026-07-31T10:40:21Z,1048,10,1,9,0,0,1,1,1,1785492733
2026-07-31T10:40:21Z,1049,5,0,16,0,0,1,1,1,1785492798
2026-07-31T10:40:21Z,1050,17,4,4,0,0,1,1,1,1785493896
2026-07-31T10:40:21Z,1051,8,3,13,0,0,1,1,1,1785493787
2026-07-31T10:40:21Z,1052,17,2,5,0,0,1,1,1,1785492597
2026-07-31T10:40:21Z,1053,2,1,13,0,0,1,1,1,1785492660
2026-07-31T10:40:21Z,1054,14,1,1,0,0,1,1,1,1785492920
2026-07-31T10:40:21Z,1055,8,2,11,0,0,1,1,1,1785492900
2026-07-31T10:40:21Z,1057,17,0,1,1,0,1,1,1,1785494403
2026-07-31T10:40:21Z,1058,2,0,54,0,0,1,1,1,1785494035
2026-07-31T10:40:21Z,1059,0,0,18,1,0,1,1,1,1785492790
2026-07-31T10:40:21Z,1060,31,0,6,0,0,1,1,1,1785493600
2026-07-31T10:40:21Z,1061,13,1,23,1,0,1,1,1,1785494282
2026-07-31T10:40:21Z,1062,2,0,15,0,0,1,1,1,1785493273
2026-07-31T10:40:21Z,1063,12,1,6,1,0,1,1,1,1785492811
2026-07-31T10:40:21Z,1064,3,0,19,1,0,1,1,1,1785493145
2026-07-31T10:40:21Z,1065,16,3,7,0,0,1,1,1,1785493385
2026-07-31T10:40:21Z,1066,10,2,13,0,0,1,1,1,1785493210
2026-07-31T10:40:21Z,1067,8,2,13,2,0,1,1,1,1785493948
2026-07-31T10:40:21Z,1068,8,2,13,2,0,1,1,1,1785492969
2026-07-31T10:40:21Z,1069,12,3,11,0,0,1,1,1,1785493019
2026-07-31T10:40:21Z,1070,12,2,11,0,0,1,1,1,1785493115
2026-07-31T10:40:21Z,1071,7,4,16,0,0,1,1,1,1785493154
2026-07-31T10:40:21Z,1072,11,1,11,1,0,1,1,1,1785493545
2026-07-31T10:40:21Z,1073,23,4,3,1,0,1,1,1,1785494275
2026-07-31T10:40:21Z,1074,1,0,51,1,0,1,1,1,1785493986
2026-07-31T10:40:21Z,1075,10,10,11,0,0,1,1,1,1785494340
2026-07-31T10:40:21Z,1076,15,12,6,0,0,1,1,1,1785493777
2026-07-31T10:40:21Z,1077,8,5,13,0,0,1,1,1,1785492740
2026-07-31T10:40:21Z,1078,11,10,10,0,0,1,1,1,1785493821
2026-07-31T10:40:21Z,1079,11,8,10,0,0,1,1,1,1785492631
2026-07-31T10:40:21Z,1080,10,8,10,1,0,1,1,1,1785493231
2026-07-31T10:40:21Z,1081,13,8,6,0,0,1,1,1,1785493619
2026-07-31T10:40:21Z,1082,7,7,1,0,0,1,1,1,1785493099
2026-07-31T10:40:21Z,1083,13,11,8,0,0,1,1,1,1785492899
2026-07-31T10:40:21Z,1084,9,8,12,0,0,1,1,1,1785494334
2026-07-31T10:40:21Z,1085,10,10,11,0,0,1,1,1,1785493982
2026-07-31T10:40:21Z,1086,0,0,20,1,0,1,1,1,1785492868
2026-07-31T10:40:21Z,1087,12,7,3,0,0,1,1,1,1785493871
2026-07-31T10:40:21Z,1088,10,7,5,0,0,1,1,1,1785492814
2026-07-31T10:40:21Z,1089,5,3,10,0,0,1,1,1,1785493169
2026-07-31T10:40:21Z,1090,10,9,5,0,0,1,1,1,1785493700
2026-07-31T10:40:21Z,1091,12,7,3,0,0,1,1,1,1785493612
2026-07-31T10:40:21Z,1092,9,9,5,1,0,1,1,1,1785493158
2026-07-31T10:40:21Z,1093,7,6,8,0,0,1,1,1,1785493520
2026-07-31T10:40:21Z,1094,10,8,8,1,0,1,1,1,1785492776
2026-07-31T10:40:21Z,1095,9,8,6,0,0,1,1,1,1785493462
2026-07-31T10:40:21Z,1096,3,1,15,1,0,1,1,1,1785493131
2026-07-31T10:40:21Z,1097,9,9,6,0,0,1,1,1,1785493345
2026-07-31T10:40:21Z,1098,9,7,10,0,0,1,1,1,1785493687
2026-07-31T10:40:21Z,1099,7,6,8,0,0,1,1,1,1785492602
2026-07-31T10:40:21Z,1100,8,4,21,0,0,1,1,1,1785493678
2026-07-31T10:40:21Z,1101,9,5,12,0,0,1,1,1,1785494312
2026-07-31T10:40:21Z,1102,9,4,4,0,0,1,1,1,1785493595
2026-07-31T10:40:21Z,1103,10,5,11,0,0,1,1,1,1785487895
2026-07-31T10:40:21Z,1104,10,5,11,0,0,1,1,1,1785494067
2026-07-31T10:40:21Z,1105,8,4,5,0,0,1,1,1,1785493481
2026-07-31T10:40:21Z,1106,10,5,11,0,0,1,1,1,1785494408
2026-07-31T10:40:21Z,1107,9,5,6,0,0,1,1,1,1785492882
2026-07-31T10:40:21Z,1108,6,3,18,3,0,1,1,1,1785493379
2026-07-31T10:40:21Z,1109,6,1,9,0,0,1,1,1,1785492838
2026-07-31T10:40:21Z,1110,12,4,9,0,0,1,1,1,1785493937
2026-07-31T10:40:21Z,1111,3,2,18,0,0,1,1,1,1785475740
2026-07-31T10:40:21Z,1112,39,0,14,0,0,1,1,1,1785492678
2026-07-31T10:40:21Z,1113,1,0,20,0,0,1,1,1,1785493891
2026-07-31T10:40:21Z,1115,17,5,3,3,0,1,1,1,1785493287
2026-07-31T10:40:21Z,1116,5,1,14,0,0,1,1,1,1785492787
2026-07-31T10:40:21Z,1117,12,3,9,2,0,1,1,1,1785494026
2026-07-31T10:40:21Z,1118,17,1,3,1,0,1,1,1,1785493966
2026-07-31T10:40:21Z,1119,13,1,4,0,0,1,1,1,1785493802
2026-07-31T10:40:21Z,1120,13,0,6,0,0,1,1,1,1785492867
2026-07-31T10:40:21Z,1121,13,2,5,3,0,1,1,1,1785494055
2026-07-31T10:40:21Z,1122,15,9,3,3,0,1,1,1,1785494003
2026-07-31T10:40:21Z,1123,5,2,16,2,0,1,1,1,1785494368
2026-07-31T10:40:21Z,1124,8,1,3,4,0,1,1,1,1785493811
2026-07-31T10:40:21Z,1125,15,1,8,0,0,1,1,1,1785493066
2026-07-31T10:40:21Z,1126,4,0,16,1,0,1,1,1,1785494041
2026-07-31T10:40:21Z,1127,5,1,13,1,0,1,1,1,1785494012
2026-07-31T10:40:21Z,1128,14,2,0,1,0,1,1,1,1785492788
2026-07-31T10:40:21Z,1129,3,2,17,1,0,1,1,1,1785494329
2026-07-31T10:40:21Z,1130,8,0,7,0,0,1,1,1,1785494389
2026-07-31T10:40:21Z,1131,0,0,48,1,0,1,1,1,1785493565
2026-07-31T10:40:21Z,1132,13,6,7,1,0,1,1,1,1785494323
2026-07-31T10:40:21Z,1133,15,12,4,2,0,1,1,1,1785493783
2026-07-31T10:40:21Z,1134,10,5,9,0,0,1,1,1,1785494009
2026-07-31T10:40:21Z,1135,10,5,11,0,0,1,1,1,1785494207
2026-07-31T10:40:21Z,1136,5,0,18,0,0,1,1,1,1785493560
2026-07-31T10:40:21Z,1137,13,0,2,0,0,1,1,1,1785492707
2026-07-31T10:40:21Z,1138,15,2,4,0,0,1,1,1,1785492749
2026-07-31T10:40:21Z,1139,17,3,2,2,0,1,1,1,1785493939
2026-07-31T10:40:21Z,1140,21,2,1,1,0,1,1,1,1785494321
2026-07-31T10:40:21Z,1141,1,0,20,0,0,1,1,1,1785494126
2026-07-31T10:40:21Z,1142,2,0,19,0,0,1,1,1,1785493426
2026-07-31T10:40:21Z,1143,19,0,9,1,0,1,1,1,1785494272
2026-07-31T10:40:21Z,1144,7,1,13,1,0,1,1,1,1785493028
2026-07-31T10:40:21Z,1145,13,6,7,1,0,1,1,1,1785493168
2026-07-31T10:40:21Z,1146,10,0,5,4,0,1,1,1,1785494329
2026-07-31T10:40:21Z,1147,3,0,16,0,0,1,1,1,1785492714
2026-07-31T10:40:21Z,1148,23,6,8,0,0,1,1,1,1785494281
2026-07-31T10:40:21Z,1149,3,3,22,0,0,1,1,1,1785494256
2026-07-31T10:40:21Z,1150,17,1,2,0,0,1,1,1,1785494392
2026-07-31T10:40:21Z,1151,12,0,9,0,0,1,1,1,1785493435
2026-07-31T10:40:21Z,1152,20,1,9,0,0,1,1,1,1785494336
2026-07-31T10:40:21Z,1153,20,6,2,1,0,1,1,1,1785493898
2026-07-31T10:40:21Z,1154,13,1,6,0,0,1,1,1,1785494031
2026-07-31T10:40:21Z,1155,14,6,6,1,0,1,1,1,1785493337
2026-07-31T10:40:21Z,1158,3,0,15,1,0,1,1,1,1785492677
2026-07-31T10:40:21Z,1159,13,1,6,0,0,1,1,1,1785493032
2026-07-31T10:40:21Z,1160,9,1,9,1,0,1,1,1,1785493709
2026-07-31T10:40:21Z,1161,3,0,15,1,0,1,1,1,1785493167
2026-07-31T10:40:21Z,1162,2,1,17,0,0,1,1,1,1785493417
2026-07-31T10:40:21Z,1163,1,1,17,1,0,1,1,1,1785492793
2026-07-31T10:40:21Z,1164,6,1,13,0,0,1,1,1,1785492852
2026-07-31T10:40:21Z,1165,5,0,16,0,0,1,1,1,1785493585
2026-07-31T10:40:21Z,1166,12,3,8,1,0,1,1,1,1785493100
2026-07-31T10:40:21Z,1167,4,0,11,0,0,1,1,1,1785494374
2026-07-31T10:40:21Z,1168,2,1,20,1,0,1,1,1,1785493049
2026-07-31T10:40:21Z,1169,3,0,15,1,0,1,1,1,1785492699
2026-07-31T10:40:21Z,1170,6,0,14,1,0,1,1,1,1785493071
2026-07-31T10:40:21Z,1171,7,6,15,1,0,1,1,1,1785492744
2026-07-31T10:40:21Z,1172,6,2,7,2,0,1,1,1,1785493997
2026-07-31T10:40:21Z,1173,13,5,6,0,0,1,1,1,1785492948
2026-07-31T10:40:21Z,1174,7,4,8,0,0,1,1,1,1785493608
2026-07-31T10:40:21Z,1175,7,3,12,0,0,1,1,1,1785493715
2026-07-31T10:40:21Z,1176,19,1,2,0,0,1,1,1,1785493969
2026-07-31T10:40:21Z,1177,2,0,19,0,0,1,1,1,1785493891
2026-07-31T10:40:21Z,1178,2,1,13,0,0,1,1,1,1785494408
2026-07-31T10:40:21Z,1181,11,0,3,1,0,1,1,1,1785492552
2026-07-31T10:40:21Z,1182,2,0,18,0,0,1,1,1,1785493458
2026-07-31T10:40:21Z,1183,2,0,41,2,0,1,1,1,1785494304
2026-07-31T10:40:21Z,1184,12,6,8,1,0,1,1,1,1785494074
2026-07-31T10:40:21Z,1185,10,5,11,0,0,1,1,1,1785494021
2026-07-31T10:40:21Z,1186,9,5,10,0,0,1,1,1,1785493216
2026-07-31T10:40:21Z,1187,12,6,8,1,0,1,1,1,1785493564
2026-07-31T10:40:21Z,1188,10,5,5,0,0,1,1,1,1785492888
2026-07-31T10:40:21Z,1189,10,5,9,0,0,1,1,1,1785492977
2026-07-31T10:40:21Z,1190,10,5,11,0,0,1,1,1,1785494188
2026-07-31T10:40:21Z,1191,10,5,5,0,0,1,1,1,1785492895
2026-07-31T10:40:21Z,1192,10,6,10,1,0,1,1,1,1785492739
2026-07-31T10:40:21Z,1193,6,4,5,2,0,1,1,1,1785493721
2026-07-31T10:40:21Z,1197,9,6,7,1,0,1,1,1,1785494006
2026-07-31T10:40:21Z,1198,14,4,5,2,0,1,1,1,1785493263
2026-07-31T10:40:21Z,1199,2,0,17,0,0,1,1,1,1785493276
2026-07-31T10:40:21Z,1200,11,5,4,0,0,1,1,1,1785492931
2026-07-31T10:40:21Z,1201,11,5,4,0,0,1,1,1,1785492908
2026-07-31T10:40:21Z,1202,12,6,3,0,0,1,1,1,1785493009
2026-07-31T10:40:21Z,1203,9,6,6,0,0,1,1,1,1785492905
2026-07-31T10:40:21Z,1204,7,3,11,1,0,1,1,1,1785492652
2026-07-31T10:40:21Z,1206,11,5,10,0,0,1,1,1,1785493686
2026-07-31T10:40:21Z,1207,8,4,6,1,0,1,1,1,1785493221
2026-07-31T10:40:21Z,1208,7,2,11,1,0,1,1,1,1785493131
2026-07-31T10:40:21Z,1216,7,0,13,1,0,1,1,1,1785493916
2026-07-31T10:40:21Z,1218,4,0,17,0,0,1,1,1,1785494310
2026-07-31T10:40:21Z,1219,6,1,8,1,0,1,1,1,1785494172
2026-07-31T10:40:21Z,1220,14,7,4,1,0,1,1,1,1785494041
2026-07-31T10:40:21Z,1221,1,1,19,1,0,1,1,1,1785493623
2026-07-31T10:40:21Z,1222,29,1,0,0,0,1,1,1,1785492752
2026-07-31T10:40:21Z,1223,23,0,6,0,0,1,1,1,1785494408
2026-07-31T10:40:21Z,1226,0,0,3,0,0,0,1,1,1781868931
2026-07-31T10:40:21Z,1227,21,1,4,0,0,1,1,1,1785493072
2026-07-31T10:40:21Z,1228,14,0,14,1,0,1,1,1,1785493687
2026-07-31T10:40:21Z,1229,34,0,11,0,0,1,1,1,1785494260
2026-07-31T10:45:21Z,1,3,0,20,0,0,1,1,1,1785492989
2026-07-31T10:45:21Z,2,21,0,3,3,0,1,1,1,1785492483
2026-07-31T10:45:21Z,3,9,0,4,1,0,1,1,1,1785485488
2026-07-31T10:45:21Z,4,1,0,20,1,0,1,1,1,1785487895
2026-07-31T10:45:21Z,5,9,3,13,1,0,1,1,1,1785484887
2026-07-31T10:45:21Z,6,6,2,9,0,0,1,1,1,1785486991
2026-07-31T10:45:21Z,7,1,0,38,0,0,1,1,1,1785492363
2026-07-31T10:45:21Z,8,0,0,43,0,0,1,1,1,1785487014
2026-07-31T10:45:21Z,9,1,0,21,1,0,1,1,1,1785493415
2026-07-31T10:45:21Z,10,0,0,21,2,0,1,1,1,1785493107
2026-07-31T10:45:21Z,11,15,6,3,1,0,1,1,1,1785494229
2026-07-31T10:45:21Z,12,0,0,23,0,0,1,1,1,1785490105
2026-07-31T10:45:21Z,13,11,0,19,0,0,1,1,1,1785488834
2026-07-31T10:45:21Z,14,3,0,39,0,1,1,1,1,1785491439
2026-07-31T10:45:21Z,15,3,0,12,0,0,1,1,1,1785488861
2026-07-31T10:45:21Z,16,8,0,16,2,1,1,1,1,1785487292
2026-07-31T10:45:21Z,17,7,0,19,1,0,1,1,1,1785491479
2026-07-31T10:45:21Z,18,5,0,11,2,0,1,1,1,1785494155
2026-07-31T10:45:21Z,19,13,0,13,1,0,1,1,1,1785494295
2026-07-31T10:45:21Z,20,31,0,4,0,0,1,1,1,1785491965
2026-07-31T10:45:21Z,21,4,0,14,1,0,1,1,1,1785494629
2026-07-31T10:45:21Z,22,19,0,45,1,0,1,1,1,1785492488
2026-07-31T10:45:21Z,23,10,5,21,0,0,1,1,1,1785487895
2026-07-31T10:45:21Z,24,1,0,8,2,0,1,1,1,1785494701
2026-07-31T10:45:21Z,25,2,2,78,0,1,1,1,1,1785494592
2026-07-31T10:45:21Z,26,1,0,26,0,0,1,1,1,1785491464
2026-07-31T10:45:21Z,28,15,3,0,0,0,1,1,1,1785486991
2026-07-31T10:45:21Z,30,1,0,27,1,0,1,1,1,1785486089
2026-07-31T10:45:21Z,31,0,0,17,2,0,1,1,1,1785494474
2026-07-31T10:45:21Z,32,19,1,8,0,0,1,1,1,1785493506
2026-07-31T10:45:21Z,34,3,1,33,1,0,1,1,1,1785493238
2026-07-31T10:45:21Z,35,4,1,42,1,0,1,1,1,1785494708
2026-07-31T10:45:21Z,36,0,0,0,0,0,0,1,1,86400
2026-07-31T10:45:21Z,37,1,0,22,0,0,1,1,1,1785491559
2026-07-31T10:45:21Z,38,1,0,22,0,0,1,1,1,1785490318
2026-07-31T10:45:21Z,39,23,5,16,0,0,1,1,1,1785493410
2026-07-31T10:45:21Z,40,16,0,4,1,0,1,1,1,1785493705
2026-07-31T10:45:21Z,41,5,2,37,1,0,1,1,1,1785494427
2026-07-31T10:45:21Z,42,31,8,0,0,0,1,1,1,1785472558
2026-07-31T10:45:21Z,43,5,0,18,0,0,1,1,1,1785490390
2026-07-31T10:45:21Z,45,3,1,25,1,0,1,1,1,1785494556
2026-07-31T10:45:21Z,46,12,2,19,0,0,1,1,1,1785491240
2026-07-31T10:45:21Z,47,12,6,2,1,0,1,1,1,1785494549
2026-07-31T10:45:21Z,48,20,0,7,0,0,1,1,1,1785487579
2026-07-31T10:45:21Z,49,4,0,16,3,0,1,1,1,1785494706
2026-07-31T10:45:21Z,50,2,2,17,0,0,1,1,1,1785494027
2026-07-31T10:45:21Z,51,68,0,9,0,0,1,1,1,1785487292
2026-07-31T10:45:21Z,52,0,0,24,3,0,1,1,1,1785494488
2026-07-31T10:45:21Z,55,2,1,21,0,0,1,1,1,1785494709
2026-07-31T10:45:21Z,56,1,0,42,0,0,1,1,1,1785493668
2026-07-31T10:45:21Z,57,0,0,27,0,0,1,1,1,1785494456
2026-07-31T10:45:21Z,58,0,0,28,0,0,1,1,1,1785489985
2026-07-31T10:45:21Z,59,1,0,24,2,0,1,1,1,1785494639
2026-07-31T10:45:21Z,61,2,1,37,0,0,1,1,1,1785491414
2026-07-31T10:45:21Z,62,6,3,42,1,0,1,1,1,1785494676
2026-07-31T10:45:21Z,63,13,0,6,0,0,1,1,1,1785492690
2026-07-31T10:45:21Z,64,10,1,5,4,0,1,1,1,1785493091
2026-07-31T10:45:21Z,65,16,7,2,1,0,1,1,1,1785491350
2026-07-31T10:45:21Z,67,16,0,23,0,0,1,1,1,1785491870
2026-07-31T10:45:21Z,68,0,0,37,0,0,1,1,1,1785488201
2026-07-31T10:45:21Z,69,13,1,2,0,0,1,1,1,1785493502
2026-07-31T10:45:21Z,71,2,0,24,1,0,1,1,1,1785492683
2026-07-31T10:45:21Z,72,20,5,9,2,0,1,1,1,1785494665
2026-07-31T10:45:21Z,73,3,0,28,0,0,1,1,1,1785494574
2026-07-31T10:45:21Z,74,13,6,6,0,0,1,1,1,1785489103
2026-07-31T10:45:21Z,75,2,0,29,1,0,1,1,1,1785494290
2026-07-31T10:45:21Z,76,18,0,0,1,0,1,1,1,1785494704
2026-07-31T10:45:21Z,77,24,0,2,1,0,1,1,1,1785494000
2026-07-31T10:45:21Z,78,7,3,14,2,0,1,1,1,1785494013
2026-07-31T10:45:21Z,79,5,3,11,1,0,1,1,1,1785491374
2026-07-31T10:45:21Z,80,16,0,4,3,0,1,1,1,1785494558
2026-07-31T10:45:21Z,81,5,0,26,0,0,1,1,1,1785486390
2026-07-31T10:45:21Z,82,13,1,10,0,0,1,1,1,1785493968
2026-07-31T10:45:21Z,83,9,2,24,1,0,1,1,1,1785494428
2026-07-31T10:45:21Z,84,23,0,4,0,0,1,1,1,1785493962
2026-07-31T10:45:21Z,85,0,0,15,0,0,1,1,1,1785492381
2026-07-31T10:45:21Z,86,25,0,1,1,0,1,1,1,1785486691
2026-07-31T10:45:21Z,87,10,0,9,0,0,1,1,1,1785488201
2026-07-31T10:45:21Z,88,2,0,40,1,0,1,1,1,1785492709
2026-07-31T10:45:21Z,89,22,0,13,0,0,1,1,1,1785487292
2026-07-31T10:45:21Z,90,7,3,9,2,0,1,1,1,1785494250
2026-07-31T10:45:21Z,91,13,0,4,0,0,1,1,1,1785490693
2026-07-31T10:45:21Z,92,9,2,7,3,0,1,1,1,1785494582
2026-07-31T10:45:21Z,93,1,0,22,0,0,1,1,1,1785494591
2026-07-31T10:45:21Z,94,3,0,15,1,0,1,1,1,1785492659
2026-07-31T10:45:21Z,95,25,1,7,2,1,1,1,1,1785494659
2026-07-31T10:45:21Z,96,28,0,2,1,0,1,1,1,1785491842
2026-07-31T10:45:21Z,97,1,1,15,1,0,1,1,1,1785494675
2026-07-31T10:45:21Z,98,20,0,14,1,0,1,1,1,1785491722
2026-07-31T10:45:21Z,99,4,2,11,0,0,1,1,1,1785486802
2026-07-31T10:45:21Z,100,2,0,25,0,0,1,1,1,1785494691
2026-07-31T10:45:21Z,101,1,0,13,2,0,1,1,1,1785494153
2026-07-31T10:45:21Z,102,0,0,23,0,0,1,1,1,1785487553
2026-07-31T10:45:21Z,103,9,0,21,0,0,1,1,1,1785494213
2026-07-31T10:45:21Z,104,0,0,25,2,0,1,1,1,1785494708
2026-07-31T10:45:21Z,105,16,1,3,0,0,1,1,1,1785486390
2026-07-31T10:45:21Z,106,2,0,19,0,0,1,1,1,1785494608
2026-07-31T10:45:21Z,107,0,0,37,0,0,1,1,1,1785485489
2026-07-31T10:45:21Z,108,10,2,24,1,0,1,1,1,1785494508
2026-07-31T10:45:21Z,109,15,0,8,0,0,1,1,1,1785494694
2026-07-31T10:45:21Z,110,12,0,11,0,0,1,1,1,1785493883
2026-07-31T10:45:21Z,111,0,0,36,0,0,1,1,1,1785494653
2026-07-31T10:45:21Z,112,2,0,12,1,0,1,1,1,1785494173
2026-07-31T10:45:21Z,113,5,0,11,3,0,1,1,1,1785494581
2026-07-31T10:45:21Z,114,6,6,23,1,1,1,1,1,1785494607
2026-07-31T10:45:21Z,115,5,3,21,2,0,1,1,1,1785494237
2026-07-31T10:45:21Z,116,3,3,23,1,0,1,1,1,1785487594
2026-07-31T10:45:21Z,118,20,9,0,3,0,1,1,1,1785493657
2026-07-31T10:45:21Z,119,29,2,5,4,0,1,1,1,1785494509
2026-07-31T10:45:21Z,120,21,1,5,1,0,1,1,1,1785492726
2026-07-31T10:45:21Z,121,2,1,16,0,1,1,1,1,1785494622
2026-07-31T10:45:21Z,122,10,0,10,1,0,1,1,1,1785491486
2026-07-31T10:45:21Z,123,10,2,37,0,0,1,1,1,1785494350
2026-07-31T10:45:21Z,124,29,0,6,0,0,1,1,1,1785494587
2026-07-31T10:45:21Z,125,5,2,18,0,0,1,1,1,1785494503
2026-07-31T10:45:21Z,126,23,2,8,0,0,1,1,1,1785493316
2026-07-31T10:45:21Z,127,9,1,24,2,0,1,1,1,1785494695
2026-07-31T10:45:21Z,128,17,1,2,0,0,1,1,1,1785490685
2026-07-31T10:45:21Z,129,17,1,0,2,0,1,1,1,1785486089
2026-07-31T10:45:21Z,130,4,1,13,0,0,1,1,1,1785494685
2026-07-31T10:45:21Z,131,7,3,2,2,0,1,1,1,1785493570
2026-07-31T10:45:21Z,132,13,6,1,0,1,1,1,1,1785494491
2026-07-31T10:45:21Z,134,4,0,14,5,0,1,1,1,1785494417
2026-07-31T10:45:21Z,135,7,4,11,1,0,1,1,1,1785494538
2026-07-31T10:45:21Z,136,6,0,8,2,7,1,1,1,1785494699
2026-07-31T10:45:21Z,137,7,2,12,0,0,1,1,1,1785494557
2026-07-31T10:45:21Z,138,35,2,2,0,0,1,1,1,1785494468
2026-07-31T10:45:21Z,139,16,3,3,0,0,1,1,1,1785494659
2026-07-31T10:45:21Z,140,13,7,8,2,0,1,1,1,1785494709
2026-07-31T10:45:21Z,141,30,1,6,0,0,1,1,1,1785494627
2026-07-31T10:45:21Z,142,22,1,1,0,0,1,1,1,1785494365
2026-07-31T10:45:21Z,143,14,3,16,1,0,1,1,1,1785493526
2026-07-31T10:45:21Z,144,23,0,4,0,0,1,1,1,1785494642
2026-07-31T10:45:21Z,146,7,1,15,1,0,1,1,1,1785493850
2026-07-31T10:45:21Z,147,10,3,7,2,0,1,1,1,1785494467
2026-07-31T10:45:21Z,148,23,0,3,0,1,1,1,1,1785494647
2026-07-31T10:45:21Z,149,16,3,10,1,0,1,1,1,1785493972
2026-07-31T10:45:21Z,150,25,6,7,3,0,1,1,1,1785494577
2026-07-31T10:45:21Z,151,19,6,4,0,0,1,1,1,1785494082
2026-07-31T10:45:21Z,152,20,2,3,4,0,1,1,1,1785494578
2026-07-31T10:45:21Z,153,13,1,12,6,0,1,1,1,1785494541
2026-07-31T10:45:21Z,154,17,3,3,3,0,1,1,1,1785494564
2026-07-31T10:45:21Z,155,10,4,3,1,0,1,1,1,1785494692
2026-07-31T10:45:21Z,156,14,1,5,0,0,1,1,1,1785494528
2026-07-31T10:45:21Z,157,13,0,12,2,0,1,1,1,1785494415
2026-07-31T10:45:21Z,158,16,2,0,0,0,1,1,1,1785488201
2026-07-31T10:45:21Z,159,2,1,17,0,0,1,1,1,1785494564
2026-07-31T10:45:21Z,160,18,1,1,0,0,1,1,1,1785491594
2026-07-31T10:45:21Z,161,21,4,1,0,0,1,1,1,1785494428
2026-07-31T10:45:21Z,162,10,0,16,1,0,1,1,1,1785488396
2026-07-31T10:45:21Z,163,26,2,4,0,1,1,1,1,1785494601
2026-07-31T10:45:21Z,164,25,7,1,1,0,1,1,1,1785492858
2026-07-31T10:45:21Z,165,21,10,9,1,0,1,1,1,1785490458
2026-07-31T10:45:21Z,166,32,8,3,4,0,1,1,1,1785494704
2026-07-31T10:45:21Z,167,19,9,2,2,0,1,1,1,1785491219
2026-07-31T10:45:21Z,168,18,0,8,1,0,1,1,1,1785494682
2026-07-31T10:45:21Z,169,2,0,20,0,1,1,1,1,1785494013
2026-07-31T10:45:21Z,170,16,4,1,2,0,1,1,1,1785494649
2026-07-31T10:45:21Z,171,10,3,1,2,0,1,1,1,1785494561
2026-07-31T10:45:21Z,173,37,1,2,0,0,1,1,1,1785494039
2026-07-31T10:45:21Z,174,21,1,3,2,0,1,1,1,1785494205
2026-07-31T10:45:21Z,175,6,0,25,0,0,1,1,1,1785494611
2026-07-31T10:45:21Z,176,7,2,7,0,1,1,1,1,1785492475
2026-07-31T10:45:21Z,177,18,1,9,0,0,1,1,1,1785493337
2026-07-31T10:45:21Z,178,2,0,10,2,1,1,1,1,1785494710
2026-07-31T10:45:21Z,179,11,1,3,1,0,1,1,1,1785493869
2026-07-31T10:45:21Z,180,28,0,2,0,0,1,1,1,1785492120
2026-07-31T10:45:21Z,181,11,0,3,1,0,1,1,1,1785493892
2026-07-31T10:45:21Z,182,12,1,5,0,0,1,1,1,1785493536
2026-07-31T10:45:21Z,183,13,0,10,0,0,1,1,1,1785494505
2026-07-31T10:45:21Z,184,3,1,19,1,0,1,1,1,1785493773
2026-07-31T10:45:21Z,185,11,1,1,2,1,1,1,1,1785493425
2026-07-31T10:45:21Z,186,3,0,16,0,0,1,1,1,1785492102
2026-07-31T10:45:21Z,187,9,0,18,1,0,1,1,1,1785491965
2026-07-31T10:45:21Z,188,11,0,8,8,0,1,1,1,1785494554
2026-07-31T10:45:21Z,189,14,4,1,0,0,1,1,1,1785493971
2026-07-31T10:45:21Z,190,4,0,19,0,0,1,1,1,1785492508
2026-07-31T10:45:21Z,191,2,0,37,0,0,1,1,1,1785494702
2026-07-31T10:45:21Z,192,12,4,16,3,0,1,1,1,1785486089
2026-07-31T10:45:21Z,193,2,0,13,0,0,1,1,1,1785493892
2026-07-31T10:45:21Z,194,15,1,11,1,0,1,1,1,1785493255
2026-07-31T10:45:21Z,195,9,1,8,2,0,1,1,1,1785494236
2026-07-31T10:45:21Z,196,20,1,5,2,0,1,1,1,1785494497
2026-07-31T10:45:21Z,197,16,3,1,1,1,1,1,1,1785489625
2026-07-31T10:45:21Z,198,18,16,5,0,0,1,1,1,1785492571
2026-07-31T10:45:21Z,199,6,6,6,3,0,1,1,1,1785494335
2026-07-31T10:45:21Z,200,12,0,13,1,0,1,1,1,1785492701
2026-07-31T10:45:21Z,201,6,2,17,0,0,1,1,1,1785494490
2026-07-31T10:45:21Z,202,0,0,27,0,0,1,1,1,1785494022
2026-07-31T10:45:21Z,203,26,2,4,1,0,1,1,1,1785493376
2026-07-31T10:45:21Z,204,29,0,5,1,0,1,1,1,1785493180
2026-07-31T10:45:21Z,205,13,1,14,0,0,1,1,1,1785488894
2026-07-31T10:45:21Z,206,1,1,13,1,0,1,1,1,1785494311
2026-07-31T10:45:21Z,207,12,0,8,1,0,1,1,1,1785491125
2026-07-31T10:45:21Z,208,3,0,26,0,0,1,1,1,1785491719
2026-07-31T10:45:21Z,209,6,0,22,3,0,1,1,1,1785494604
2026-07-31T10:45:21Z,210,23,2,4,0,0,1,1,1,1785485488
2026-07-31T10:45:21Z,211,14,6,8,1,0,1,1,1,1785490780
2026-07-31T10:45:21Z,212,22,0,12,1,0,1,1,1,1785494480
2026-07-31T10:45:21Z,213,11,1,10,2,0,1,1,1,1785494599
2026-07-31T10:45:21Z,214,29,1,14,4,0,1,1,1,1785494464
2026-07-31T10:45:21Z,215,5,2,17,1,0,1,1,1,1785492966
2026-07-31T10:45:21Z,216,7,0,11,1,0,1,1,1,1785491552
2026-07-31T10:45:21Z,217,10,0,18,1,0,1,1,1,1785494642
2026-07-31T10:45:21Z,218,21,5,16,2,0,1,1,1,1785493560
2026-07-31T10:45:21Z,219,1,1,24,1,0,1,1,1,1785494246
2026-07-31T10:45:21Z,220,23,6,18,1,1,1,1,1,1785491278
2026-07-31T10:45:21Z,221,13,8,1,1,0,1,1,1,1785491306
2026-07-31T10:45:21Z,222,10,10,7,2,0,1,1,1,1785494388
2026-07-31T10:45:21Z,223,7,3,25,3,0,1,1,1,1785494674
2026-07-31T10:45:21Z,224,6,4,15,1,0,1,1,1,1785491603
2026-07-31T10:45:21Z,225,11,0,2,6,0,1,1,1,1785494490
2026-07-31T10:45:21Z,226,30,10,1,0,0,1,1,1,1785493072
2026-07-31T10:45:21Z,227,23,14,2,1,1,1,1,1,1785494494
2026-07-31T10:45:21Z,228,1,0,17,1,0,1,1,1,1785493588
2026-07-31T10:45:21Z,230,17,9,9,0,0,1,1,1,1785494330
2026-07-31T10:45:21Z,232,12,6,4,1,0,1,1,1,1785493284
2026-07-31T10:45:21Z,233,18,0,11,2,0,1,1,1,1785494040
2026-07-31T10:45:21Z,234,7,3,7,3,2,1,1,1,1785491043
2026-07-31T10:45:21Z,236,12,2,7,0,0,1,1,1,1785491381
2026-07-31T10:45:21Z,237,20,4,2,1,0,1,1,1,1785492227
2026-07-31T10:45:21Z,239,22,17,2,3,0,1,1,1,1785494143
2026-07-31T10:45:21Z,241,17,6,6,0,0,1,1,1,1785494031
2026-07-31T10:45:21Z,242,3,2,19,1,0,1,1,1,1785493793
2026-07-31T10:45:21Z,243,10,0,20,1,0,1,1,1,1785494698
2026-07-31T10:45:21Z,244,14,2,12,1,0,1,1,1,1785492355
2026-07-31T10:45:21Z,245,6,4,17,0,0,1,1,1,1785490437
2026-07-31T10:45:21Z,246,13,0,10,0,0,1,1,1,1785487895
2026-07-31T10:45:21Z,247,11,10,11,1,0,1,1,1,1785494557
2026-07-31T10:45:21Z,248,18,4,2,3,0,1,1,1,1785494594
2026-07-31T10:45:21Z,249,6,3,13,0,0,1,1,1,1785492523
2026-07-31T10:45:21Z,250,23,7,4,0,0,1,1,1,1785494630
2026-07-31T10:45:21Z,251,20,4,4,3,0,1,1,1,1785494669
2026-07-31T10:45:21Z,253,9,4,9,1,0,1,1,1,1785492879
2026-07-31T10:45:21Z,254,26,21,16,1,0,1,1,1,1785485789
2026-07-31T10:45:21Z,255,5,0,17,0,1,1,1,1,1785494489
2026-07-31T10:45:21Z,256,8,3,13,2,0,1,1,1,1785494371
2026-07-31T10:45:21Z,257,14,5,4,1,0,1,1,1,1785492175
2026-07-31T10:45:21Z,258,1,1,18,0,0,1,1,1,1785493898
2026-07-31T10:45:21Z,259,20,3,2,0,1,1,1,1,1785492630
2026-07-31T10:45:21Z,260,11,2,5,3,0,1,1,1,1785494547
2026-07-31T10:45:21Z,261,14,0,3,1,1,1,1,1,1785494358
2026-07-31T10:45:21Z,262,17,8,5,1,0,1,1,1,1785494699
2026-07-31T10:45:21Z,263,13,3,2,0,0,1,1,1,1785493338
2026-07-31T10:45:21Z,264,16,5,2,1,0,1,1,1,1785493523
2026-07-31T10:45:21Z,265,13,0,2,0,0,1,1,1,1785493506
2026-07-31T10:45:21Z,266,14,7,2,3,0,1,1,1,1785492036
2026-07-31T10:45:21Z,267,7,3,6,2,0,1,1,1,1785484888
2026-07-31T10:45:21Z,268,23,9,0,0,0,1,1,1,1785484887
2026-07-31T10:45:21Z,269,9,3,13,1,0,1,1,1,1785492045
2026-07-31T10:45:21Z,270,23,1,4,0,0,1,1,1,1785491481
2026-07-31T10:45:21Z,271,1,0,16,2,0,1,1,1,1785494376
2026-07-31T10:45:21Z,272,13,13,9,1,0,1,1,1,1785486390
2026-07-31T10:45:21Z,273,13,5,2,0,0,1,1,1,1785492772
2026-07-31T10:45:21Z,274,17,7,1,1,0,1,1,1,1785493723
2026-07-31T10:45:21Z,275,13,0,6,2,2,1,1,1,1785494610
2026-07-31T10:45:21Z,276,1,0,26,0,0,1,1,1,1785486991
2026-07-31T10:45:21Z,277,10,1,8,5,0,1,1,1,1785494389
2026-07-31T10:45:21Z,278,21,2,7,2,1,1,1,1,1785494240
2026-07-31T10:45:21Z,279,17,0,2,0,0,1,1,1,1785493037
2026-07-31T10:45:21Z,280,9,2,19,3,0,1,1,1,1785494486
2026-07-31T10:45:21Z,281,19,0,0,0,0,1,1,1,1785486089
2026-07-31T10:45:21Z,282,5,2,13,0,0,1,1,1,1785484887
2026-07-31T10:45:21Z,283,33,1,2,0,0,1,1,1,1785491784
2026-07-31T10:45:21Z,284,16,3,17,2,0,1,1,1,1785492919
2026-07-31T10:45:21Z,285,8,7,15,0,0,1,1,1,1785485188
2026-07-31T10:45:21Z,286,16,15,3,4,0,1,1,1,1785493775
2026-07-31T10:45:21Z,287,14,4,6,3,0,1,1,1,1785492851
2026-07-31T10:45:21Z,288,11,8,8,0,0,1,1,1,1785494552
2026-07-31T10:45:21Z,289,23,2,1,3,0,1,1,1,1785493119
2026-07-31T10:45:21Z,290,9,0,29,1,0,1,1,1,1785494483
2026-07-31T10:45:21Z,291,10,1,11,2,0,1,1,1,1785493768
2026-07-31T10:45:21Z,292,22,0,1,0,0,1,1,1,1785485789
2026-07-31T10:45:21Z,293,17,10,6,0,0,1,1,1,1785486991
2026-07-31T10:45:21Z,294,1,1,20,1,0,1,1,1,1785493458
2026-07-31T10:45:21Z,297,14,4,3,1,1,1,1,1,1785494465
2026-07-31T10:45:21Z,301,17,1,2,0,0,1,1,1,1785486691
2026-07-31T10:45:21Z,302,0,0,23,0,0,1,1,1,1785486991
2026-07-31T10:45:21Z,303,17,0,2,0,0,1,1,1,1785494091
2026-07-31T10:45:21Z,304,0,0,0,0,0,0,1,1,86400
2026-07-31T10:45:21Z,305,19,0,0,0,0,1,1,1,1785485188
2026-07-31T10:45:21Z,306,4,0,27,1,0,1,1,1,1785494504
2026-07-31T10:45:21Z,307,18,1,3,1,1,1,1,1,1785494603
2026-07-31T10:45:21Z,308,17,0,0,2,0,1,1,1,1785494451
2026-07-31T10:45:21Z,309,13,3,0,1,0,1,1,1,1785488427
2026-07-31T10:45:21Z,311,15,0,0,0,0,1,1,1,1785486992
2026-07-31T10:45:21Z,312,5,3,13,4,1,1,1,1,1785494613
2026-07-31T10:45:21Z,313,3,1,12,0,0,1,1,1,1785486991
2026-07-31T10:45:21Z,314,4,3,11,3,0,1,1,1,1785486991
2026-07-31T10:45:21Z,315,23,6,6,2,0,1,1,1,1785491768
2026-07-31T10:45:21Z,316,2,0,22,6,1,1,1,1,1785494583
2026-07-31T10:45:21Z,317,0,0,30,0,1,1,1,1,1785494459
2026-07-31T10:45:21Z,318,16,0,3,0,0,1,1,1,1785486991
2026-07-31T10:45:21Z,319,17,3,5,1,0,1,1,1,1785494603
2026-07-31T10:45:21Z,320,17,5,1,1,0,1,1,1,1785494181
2026-07-31T10:45:21Z,321,8,2,7,4,0,1,1,1,1785494404
2026-07-31T10:45:21Z,322,5,1,23,1,0,1,1,1,1785494250
2026-07-31T10:45:21Z,323,9,0,10,0,0,1,1,1,1785492561
2026-07-31T10:45:21Z,324,20,5,5,2,0,1,1,1,1785494698
2026-07-31T10:45:21Z,325,5,3,20,2,0,1,1,1,1785494379
2026-07-31T10:45:21Z,327,24,0,2,1,0,1,1,1,1785494673
2026-07-31T10:45:21Z,328,18,0,3,1,0,1,1,1,1785493903
2026-07-31T10:45:21Z,329,17,0,0,2,0,1,1,1,1785492480
2026-07-31T10:45:21Z,330,0,0,22,0,0,1,1,1,1785494031
2026-07-31T10:45:21Z,331,12,3,10,1,0,1,1,1,1785494003
2026-07-31T10:45:21Z,332,10,3,7,2,0,1,1,1,1785487292
2026-07-31T10:45:21Z,333,2,2,20,1,0,1,1,1,1785492618
2026-07-31T10:45:21Z,334,9,7,14,0,0,1,1,1,1785494691
2026-07-31T10:45:21Z,335,3,1,18,1,1,1,1,1,1785493931
2026-07-31T10:45:21Z,336,18,2,1,0,0,1,1,1,1785487293
2026-07-31T10:45:21Z,337,17,4,1,5,0,1,1,1,1785494469
2026-07-31T10:45:21Z,338,17,8,2,0,0,1,1,1,1785487389
2026-07-31T10:45:21Z,339,22,10,1,0,0,1,1,1,1785493420
2026-07-31T10:45:21Z,340,12,10,2,1,0,1,1,1,1785494356
2026-07-31T10:45:21Z,341,10,3,9,0,0,1,1,1,1785493774
2026-07-31T10:45:21Z,342,12,5,0,3,0,1,1,1,1785492817
2026-07-31T10:45:21Z,343,21,1,1,1,0,1,1,1,1785492630
2026-07-31T10:45:21Z,344,23,9,0,0,0,1,1,1,1785488186
2026-07-31T10:45:21Z,345,19,3,0,0,0,1,1,1,1785487292
2026-07-31T10:45:21Z,346,9,6,14,0,0,1,1,1,1785489426
2026-07-31T10:45:21Z,347,7,3,35,2,0,1,1,1,1785494699
2026-07-31T10:45:21Z,348,21,3,0,1,1,1,1,1,1785494408
2026-07-31T10:45:21Z,349,8,2,11,0,0,1,1,1,1785494111
2026-07-31T10:45:21Z,350,25,3,0,1,1,1,1,1,1785493029
2026-07-31T10:45:21Z,351,19,2,1,3,0,1,1,1,1785494401
2026-07-31T10:45:21Z,355,22,1,1,0,0,1,1,1,1785494179
2026-07-31T10:45:21Z,356,16,0,2,1,0,1,1,1,1785493586
2026-07-31T10:45:21Z,357,13,4,6,0,0,1,1,1,1785485188
2026-07-31T10:45:21Z,358,24,4,2,1,0,1,1,1,1785487594
2026-07-31T10:45:21Z,359,18,0,9,0,0,1,1,1,1785494445
2026-07-31T10:45:21Z,360,13,3,4,2,0,1,1,1,1785494684
2026-07-31T10:45:21Z,362,16,4,1,2,0,1,1,1,1785493387
2026-07-31T10:45:21Z,363,3,0,24,0,0,1,1,1,1785494663
2026-07-31T10:45:21Z,364,19,3,0,0,0,1,1,1,1785487896
2026-07-31T10:45:21Z,365,16,2,3,4,0,1,1,1,1785494142
2026-07-31T10:45:21Z,366,9,7,6,8,0,1,1,1,1785494516
2026-07-31T10:45:21Z,367,14,8,3,2,0,1,1,1,1785494445
2026-07-31T10:45:21Z,368,19,3,2,2,0,1,1,1,1785494176
2026-07-31T10:45:21Z,370,10,7,17,0,0,1,1,1,1785493654
2026-07-31T10:45:21Z,371,5,2,13,1,0,1,1,1,1785493227
2026-07-31T10:45:21Z,372,6,1,9,0,0,1,1,1,1785494163
2026-07-31T10:45:21Z,373,25,9,2,0,0,1,1,1,1785493650
2026-07-31T10:45:21Z,374,16,7,1,2,0,1,1,1,1785494447
2026-07-31T10:45:21Z,375,21,6,3,3,0,1,1,1,1785494080
2026-07-31T10:45:21Z,376,28,3,6,5,0,1,1,1,1785493208
2026-07-31T10:45:21Z,377,23,9,4,0,0,1,1,1,1785493056
2026-07-31T10:45:21Z,378,20,5,2,1,1,1,1,1,1785494675
2026-07-31T10:45:21Z,379,13,0,14,0,0,1,1,1,1785494662
2026-07-31T10:45:21Z,380,20,6,2,1,0,1,1,1,1785493756
2026-07-31T10:45:21Z,381,10,0,13,0,0,1,1,1,1785494336
2026-07-31T10:45:21Z,383,11,0,2,2,0,1,1,1,1785494599
2026-07-31T10:45:21Z,384,24,1,2,1,0,1,1,1,1785492881
2026-07-31T10:45:21Z,385,14,2,2,2,0,1,1,1,1785493153
2026-07-31T10:45:21Z,387,21,2,2,0,0,1,1,1,1785493687
2026-07-31T10:45:21Z,388,18,2,31,0,0,1,1,1,1785494640
2026-07-31T10:45:21Z,389,9,8,6,0,0,1,1,1,1785487293
2026-07-31T10:45:21Z,390,16,0,19,0,0,1,1,1,1785489336
2026-07-31T10:45:21Z,391,4,0,10,1,0,1,1,1,1785487292
2026-07-31T10:45:21Z,392,2,2,16,1,0,1,1,1,1785494658
2026-07-31T10:45:21Z,393,3,3,5,3,0,1,1,1,1785487292
2026-07-31T10:45:21Z,394,6,4,5,2,0,1,1,1,1785494395
2026-07-31T10:45:21Z,396,7,7,32,3,0,1,1,1,1785487595
2026-07-31T10:45:21Z,397,6,5,25,0,0,1,1,1,1785494011
2026-07-31T10:45:21Z,399,12,1,3,2,0,1,1,1,1785494326
2026-07-31T10:45:21Z,400,11,6,9,3,0,1,1,1,1785492906
2026-07-31T10:45:21Z,401,5,0,26,8,0,1,1,1,1785494315
2026-07-31T10:45:21Z,403,2,0,27,2,0,1,1,1,1785494432
2026-07-31T10:45:21Z,404,2,2,20,1,0,1,1,1,1785494495
2026-07-31T10:45:21Z,406,4,2,30,1,0,1,1,1,1785494405
2026-07-31T10:45:21Z,407,16,3,17,1,0,1,1,1,1785493065
2026-07-31T10:45:21Z,408,13,2,19,1,0,1,1,1,1785491284
2026-07-31T10:45:21Z,409,1,0,19,3,0,1,1,1,1785493289
2026-07-31T10:45:21Z,413,20,5,1,2,0,1,1,1,1785493578
2026-07-31T10:45:21Z,414,11,3,3,1,0,1,1,1,1785494613
2026-07-31T10:45:21Z,417,12,7,6,1,0,1,1,1,1785494370
2026-07-31T10:45:21Z,418,1,0,14,0,0,1,1,1,1785490913
2026-07-31T10:45:21Z,419,10,0,12,1,0,1,1,1,1785487895
2026-07-31T10:45:21Z,421,1,0,18,0,0,1,1,1,1785488201
2026-07-31T10:45:21Z,422,4,3,22,1,0,1,1,1,1785493261
2026-07-31T10:45:21Z,423,4,2,19,0,0,1,1,1,1785494704
2026-07-31T10:45:21Z,424,3,2,9,3,0,1,1,1,1785494584
2026-07-31T10:45:21Z,425,19,0,2,0,1,1,1,1,1785491863
2026-07-31T10:45:21Z,426,1,0,34,2,0,1,1,1,1785492043
2026-07-31T10:45:21Z,427,14,1,0,1,0,1,1,1,1785494536
2026-07-31T10:45:21Z,428,17,2,2,0,0,1,1,1,1785494310
2026-07-31T10:45:21Z,429,0,0,21,2,0,1,1,1,1785492151
2026-07-31T10:45:21Z,430,28,0,0,3,0,1,1,1,1785485488
2026-07-31T10:45:21Z,431,15,0,17,1,0,1,1,1,1785488642
2026-07-31T10:45:21Z,432,18,0,11,2,0,0,1,1,1785494673
2026-07-31T10:45:21Z,433,19,6,3,1,0,1,1,1,1785488201
2026-07-31T10:45:21Z,437,2,1,16,1,0,1,1,1,1785492837
2026-07-31T10:45:21Z,438,17,0,1,1,0,1,1,1,1785494599
2026-07-31T10:45:21Z,439,5,0,10,0,0,1,1,1,1785494601
2026-07-31T10:45:21Z,440,11,1,2,2,0,1,1,1,1785494594
2026-07-31T10:45:21Z,441,13,2,1,1,0,1,1,1,1785493649
2026-07-31T10:45:21Z,442,18,9,0,1,0,1,1,1,1785494300
2026-07-31T10:45:21Z,443,4,2,23,0,0,1,1,1,1785485488
2026-07-31T10:45:21Z,444,2,2,21,0,0,1,1,1,1785485488
2026-07-31T10:45:21Z,445,7,2,15,1,0,1,1,1,1785494508
2026-07-31T10:45:21Z,446,0,0,22,1,0,1,1,1,1785494652
2026-07-31T10:45:21Z,447,2,0,19,1,1,1,1,1,1785492174
2026-07-31T10:45:21Z,448,9,4,5,1,0,1,1,1,1785487895
2026-07-31T10:45:21Z,452,8,6,10,1,0,1,1,1,1785487661
2026-07-31T10:45:21Z,453,7,5,7,1,0,1,1,1,1785494607
2026-07-31T10:45:21Z,454,9,0,10,0,0,1,1,1,1785489971
2026-07-31T10:45:21Z,455,2,0,37,0,0,1,1,1,1785492761
2026-07-31T10:45:21Z,456,8,0,11,1,0,1,1,1,1785494440
2026-07-31T10:45:21Z,457,25,2,0,2,0,1,1,1,1785487895
2026-07-31T10:45:21Z,458,11,4,12,0,0,1,1,1,1785493232
2026-07-31T10:45:21Z,459,15,0,0,0,0,1,1,1,1785485789
2026-07-31T10:45:21Z,460,16,2,6,1,0,1,1,1,1785493525
2026-07-31T10:45:21Z,461,5,1,14,0,0,1,1,1,1785487878
2026-07-31T10:45:21Z,462,12,1,9,0,0,1,1,1,1785494468
2026-07-31T10:45:21Z,463,13,1,6,0,0,1,1,1,1785487897
2026-07-31T10:45:21Z,464,3,1,11,0,0,1,1,1,1785485789
2026-07-31T10:45:21Z,465,0,0,14,1,0,1,1,1,1785485789
2026-07-31T10:45:21Z,466,11,3,2,2,0,1,1,1,1785485789
2026-07-31T10:45:21Z,467,3,1,15,1,0,1,1,1,1785494407
2026-07-31T10:45:21Z,468,17,1,1,1,0,1,1,1,1785485789
2026-07-31T10:45:21Z,469,2,1,21,0,0,1,1,1,1785487896
2026-07-31T10:45:21Z,470,12,1,1,2,0,1,1,1,1785494606
2026-07-31T10:45:21Z,471,22,2,5,0,0,1,1,1,1785487895
2026-07-31T10:45:21Z,472,15,4,3,1,0,1,1,1,1785494572
2026-07-31T10:45:21Z,473,19,5,0,0,0,1,1,1,1785485789
2026-07-31T10:45:21Z,474,16,0,3,0,0,1,1,1,1785488959
2026-07-31T10:45:21Z,475,5,1,13,1,0,1,1,1,1785492726
2026-07-31T10:45:21Z,477,9,7,5,1,0,1,1,1,1785492057
2026-07-31T10:45:21Z,478,7,0,23,1,0,1,1,1,1785492276
2026-07-31T10:45:21Z,479,0,0,26,1,0,1,1,1,1785492473
2026-07-31T10:45:21Z,480,3,0,9,3,0,1,1,1,1785493168
2026-07-31T10:45:21Z,481,29,1,5,1,0,1,1,1,1785494645
2026-07-31T10:45:21Z,482,18,6,1,0,0,1,1,1,1785490527
2026-07-31T10:45:21Z,483,2,0,23,2,0,1,1,1,1785494546
2026-07-31T10:45:21Z,484,5,2,13,1,0,1,1,1,1785494580
2026-07-31T10:45:21Z,485,16,6,1,1,1,1,1,1,1785494614
2026-07-31T10:45:21Z,486,25,6,0,2,0,1,1,1,1785494605
2026-07-31T10:45:21Z,487,6,4,12,1,0,1,1,1,1785493687
2026-07-31T10:45:21Z,489,12,6,3,0,0,1,1,1,1785488501
2026-07-31T10:45:21Z,490,2,1,14,0,0,1,1,1,1785492713
2026-07-31T10:45:21Z,491,4,1,17,0,0,1,1,1,1785486090
2026-07-31T10:45:21Z,492,4,2,3,4,0,1,1,1,1785494708
2026-07-31T10:45:21Z,493,0,0,26,1,0,1,1,1,1785487895
2026-07-31T10:45:21Z,495,9,0,3,3,0,1,1,1,1785489700
2026-07-31T10:45:21Z,496,24,1,3,0,0,1,1,1,1785494329
2026-07-31T10:45:21Z,497,16,0,2,1,0,1,1,1,1785494248
2026-07-31T10:45:21Z,498,20,3,2,1,0,1,1,1,1785493313
2026-07-31T10:45:21Z,499,17,1,1,1,0,1,1,1,1785487896
2026-07-31T10:45:21Z,500,8,4,2,5,0,1,1,1,1785492941
2026-07-31T10:45:21Z,501,11,4,10,0,0,1,1,1,1785492885
2026-07-31T10:45:21Z,502,6,0,13,0,0,1,1,1,1785486089
2026-07-31T10:45:21Z,503,26,0,4,1,0,1,1,1,1785493503
2026-07-31T10:45:21Z,504,1,0,38,0,0,1,1,1,1785492055
2026-07-31T10:45:21Z,505,10,1,1,1,0,1,1,1,1785487586
2026-07-31T10:45:21Z,511,5,4,18,0,0,1,1,1,1785494157
2026-07-31T10:45:21Z,512,6,0,21,0,0,1,1,1,1785490938
2026-07-31T10:45:21Z,514,8,0,2,1,0,1,1,1,1785492997
2026-07-31T10:45:21Z,515,2,0,17,0,0,1,1,1,1785487895
2026-07-31T10:45:21Z,516,0,0,27,0,0,1,1,1,1785484039
2026-07-31T10:45:21Z,517,14,2,8,1,0,1,1,1,1785494306
2026-07-31T10:45:21Z,518,13,1,1,1,0,1,1,1,1785494366
2026-07-31T10:45:21Z,519,4,0,13,2,0,1,1,1,1785492899
2026-07-31T10:45:21Z,520,12,8,9,5,1,1,1,1,1785494708
2026-07-31T10:45:21Z,521,18,5,5,0,0,1,1,1,1785494100
2026-07-31T10:45:21Z,522,0,0,22,1,0,1,1,1,1785486390
2026-07-31T10:45:21Z,523,5,3,17,1,0,1,1,1,1785493103
2026-07-31T10:45:21Z,524,1,0,22,0,0,1,1,1,1785491359
2026-07-31T10:45:21Z,525,9,0,10,0,0,1,1,1,1785492201
2026-07-31T10:45:21Z,526,13,1,0,2,0,1,1,1,1785486390
2026-07-31T10:45:21Z,527,5,2,18,3,0,1,1,1,1785494685
2026-07-31T10:45:21Z,528,20,1,2,1,0,1,1,1,1785491758
2026-07-31T10:45:21Z,529,6,3,7,6,0,1,1,1,1785494709
2026-07-31T10:45:21Z,530,13,0,7,1,0,1,1,1,1785493790
2026-07-31T10:45:21Z,531,19,0,2,1,1,1,1,1,1785493153
2026-07-31T10:45:21Z,532,3,3,27,1,0,1,1,1,1785488341
2026-07-31T10:45:21Z,533,8,1,9,2,0,1,1,1,1785486390
2026-07-31T10:45:21Z,534,14,2,9,0,0,1,1,1,1785494507
2026-07-31T10:45:21Z,535,3,0,12,0,0,1,1,1,1785494305
2026-07-31T10:45:21Z,536,1,0,22,0,0,1,1,1,1785493955
2026-07-31T10:45:21Z,537,3,1,17,0,0,1,1,1,1785494448
2026-07-31T10:45:21Z,538,20,7,1,0,2,1,1,1,1785494399
2026-07-31T10:45:21Z,539,5,5,26,0,0,1,1,1,1785488201
2026-07-31T10:45:21Z,540,2,1,17,0,0,1,1,1,1785486391
2026-07-31T10:45:21Z,541,22,1,4,1,0,1,1,1,1785492852
2026-07-31T10:45:21Z,542,4,2,19,0,0,1,1,1,1785493905
2026-07-31T10:45:21Z,543,17,2,1,1,0,1,1,1,1785488201
2026-07-31T10:45:21Z,544,14,1,4,4,0,1,1,1,1785494314
2026-07-31T10:45:21Z,545,2,0,15,2,0,1,1,1,1785494166
2026-07-31T10:45:21Z,546,15,8,4,0,0,1,1,1,1785494355
2026-07-31T10:45:21Z,547,19,1,6,0,0,1,1,1,1785494297
2026-07-31T10:45:21Z,548,14,1,9,0,0,1,1,1,1785486390
2026-07-31T10:45:21Z,549,20,0,3,0,0,1,1,1,1785494684
2026-07-31T10:45:21Z,550,15,1,4,0,0,1,1,1,1785494197
2026-07-31T10:45:21Z,551,16,4,7,0,0,1,1,1,1785486390
2026-07-31T10:45:21Z,552,27,3,0,0,0,1,1,1,1785486390
2026-07-31T10:45:21Z,553,16,2,4,2,1,1,1,1,1785494642
2026-07-31T10:45:21Z,554,1,1,18,0,0,1,1,1,1785486691
2026-07-31T10:45:21Z,555,12,5,2,1,0,1,1,1,1785493469
2026-07-31T10:45:21Z,556,20,4,1,2,0,1,1,1,1785494451
2026-07-31T10:45:21Z,557,6,4,12,5,0,1,1,1,1785488202
2026-07-31T10:45:21Z,558,32,3,5,0,0,1,1,1,1785494250
2026-07-31T10:45:21Z,559,0,0,18,1,0,1,1,1,1785492602
2026-07-31T10:45:21Z,560,10,0,17,0,0,1,1,1,1785492157
2026-07-31T10:45:21Z,561,16,2,6,1,0,1,1,1,1785494469
2026-07-31T10:45:21Z,562,3,0,29,3,0,1,1,1,1785486691
2026-07-31T10:45:21Z,563,10,0,4,0,0,1,1,1,1785490429
2026-07-31T10:45:21Z,564,10,0,8,1,0,1,1,1,1785493840
2026-07-31T10:45:21Z,565,6,2,13,0,0,1,1,1,1785490461
2026-07-31T10:45:21Z,566,13,0,5,1,0,1,1,1,1785494559
2026-07-31T10:45:21Z,567,26,1,0,1,0,1,1,1,1785493771
2026-07-31T10:45:21Z,568,14,0,4,1,0,1,1,1,1785490328
2026-07-31T10:45:21Z,569,15,2,4,0,0,1,1,1,1785492410
2026-07-31T10:45:21Z,570,12,0,7,0,0,1,1,1,1785491560
2026-07-31T10:45:21Z,571,1,0,22,0,0,1,1,1,1785493752
2026-07-31T10:45:21Z,572,14,4,4,1,0,1,1,1,1785491187
2026-07-31T10:45:21Z,573,13,0,2,0,0,1,1,1,1785486691
2026-07-31T10:45:21Z,574,8,3,7,0,0,1,1,1,1785494679
2026-07-31T10:45:21Z,575,5,0,15,1,0,1,1,1,1785492780
2026-07-31T10:45:21Z,576,3,0,14,2,0,1,1,1,1785488201
2026-07-31T10:45:21Z,577,13,0,18,0,0,1,1,1,1785494339
2026-07-31T10:45:21Z,578,14,9,8,1,0,1,1,1,1785494654
2026-07-31T10:45:21Z,579,4,0,39,0,0,1,1,1,1785486691
2026-07-31T10:45:21Z,580,4,0,25,0,0,1,1,1,1785493686
2026-07-31T10:45:21Z,581,15,1,4,0,0,1,1,1,1785494485
2026-07-31T10:45:21Z,582,21,0,39,1,0,1,1,1,1785494701
2026-07-31T10:45:21Z,583,23,1,0,0,0,1,1,1,1785492035
2026-07-31T10:45:21Z,584,9,4,6,4,0,1,1,1,1785486691
2026-07-31T10:45:21Z,585,13,2,13,0,1,1,1,1,1785493978
2026-07-31T10:45:21Z,586,10,0,25,0,0,1,1,1,1785494120
2026-07-31T10:45:21Z,587,18,0,5,1,0,1,1,1,1785494453
2026-07-31T10:45:21Z,588,11,3,5,2,1,1,1,1,1785494495
2026-07-31T10:45:21Z,589,0,0,0,23,0,1,1,1,1785494612
2026-07-31T10:45:21Z,590,17,2,12,2,0,1,1,1,1785492102
2026-07-31T10:45:21Z,591,26,0,2,2,0,1,1,1,1785494620
2026-07-31T10:45:21Z,592,12,0,11,0,0,1,1,1,1785488952
2026-07-31T10:45:21Z,593,0,0,38,0,0,1,1,1,1785488201
2026-07-31T10:45:21Z,594,7,0,11,3,0,1,1,1,1785494691
2026-07-31T10:45:21Z,595,0,0,3,0,0,0,1,1,1784046673
2026-07-31T10:45:21Z,605,0,0,2,1,0,0,1,1,1783975843
2026-07-31T10:45:21Z,606,0,0,0,0,0,0,1,1,86400
2026-07-31T10:45:21Z,607,10,2,21,1,0,1,1,1,1785494678
2026-07-31T10:45:21Z,608,1,0,49,0,0,1,1,1,1785494279
2026-07-31T10:45:21Z,609,0,0,23,0,0,1,1,1,1785494652
2026-07-31T10:45:21Z,610,1,0,34,0,0,1,1,1,1785494557
2026-07-31T10:45:21Z,611,13,0,13,1,0,1,1,1,1785494266
2026-07-31T10:45:21Z,612,6,1,9,0,0,1,1,1,1785486691
2026-07-31T10:45:21Z,613,9,0,2,4,0,1,1,1,1785489318
2026-07-31T10:45:21Z,614,1,1,23,2,1,1,1,1,1785488202
2026-07-31T10:45:21Z,617,11,0,2,2,0,1,1,1,1785489767
2026-07-31T10:45:21Z,618,13,2,1,5,0,1,1,1,1785486690
2026-07-31T10:45:21Z,619,4,1,14,1,0,1,1,1,1785493167
2026-07-31T10:45:21Z,620,0,0,27,0,0,1,1,1,1785494435
2026-07-31T10:45:21Z,621,5,1,17,1,0,1,1,1,1785494472
2026-07-31T10:45:21Z,622,5,2,17,1,0,1,1,1,1785488201
2026-07-31T10:45:21Z,623,10,2,19,1,0,1,1,1,1785493892
2026-07-31T10:45:21Z,624,1,0,14,0,0,1,1,1,1785493218
2026-07-31T10:45:21Z,625,5,0,14,2,0,1,1,1,1785494153
2026-07-31T10:45:21Z,626,3,0,42,0,2,1,1,1,1785493349
2026-07-31T10:45:21Z,627,14,6,5,0,0,1,1,1,1785493197
2026-07-31T10:45:21Z,628,0,0,15,2,2,1,1,1,1785494421
2026-07-31T10:45:21Z,629,4,1,6,1,0,1,1,1,1785494474
2026-07-31T10:45:21Z,630,3,2,21,3,0,1,1,1,1785494608
2026-07-31T10:45:21Z,631,2,1,21,0,0,1,1,1,1785488201
2026-07-31T10:45:21Z,632,20,0,1,2,0,1,1,1,1785492884
2026-07-31T10:45:21Z,633,11,1,0,4,0,1,1,1,1785494557
2026-07-31T10:45:21Z,634,11,2,8,0,0,1,1,1,1785486991
2026-07-31T10:45:21Z,635,17,1,2,0,0,1,1,1,1785488201
2026-07-31T10:45:21Z,636,10,2,5,0,0,1,1,1,1785488201
2026-07-31T10:45:21Z,637,7,0,12,0,0,1,1,1,1785490209
2026-07-31T10:45:21Z,638,9,2,8,2,0,1,1,1,1785493430
2026-07-31T10:45:21Z,639,5,1,11,3,0,1,1,1,1785479066
2026-07-31T10:45:21Z,640,3,3,19,1,0,1,1,1,1785494609
2026-07-31T10:45:21Z,641,16,0,8,2,0,1,1,1,1785494076
2026-07-31T10:45:21Z,642,5,2,6,8,0,1,1,1,1785494710
2026-07-31T10:45:21Z,643,3,0,17,7,0,1,1,1,1785494708
2026-07-31T10:45:21Z,644,12,0,2,1,0,1,1,1,1785486991
2026-07-31T10:45:21Z,645,11,0,10,1,1,1,1,1,1785488495
2026-07-31T10:45:21Z,646,7,2,12,0,0,1,1,1,1785494487
2026-07-31T10:45:21Z,647,29,1,2,0,0,1,1,1,1785492741
2026-07-31T10:45:21Z,648,6,0,12,1,0,1,1,1,1785490674
2026-07-31T10:45:21Z,649,19,3,11,1,0,1,1,1,1785493644
2026-07-31T10:45:21Z,650,5,1,9,0,0,1,1,1,1785488201
2026-07-31T10:45:21Z,651,8,7,15,0,0,1,1,1,1785494343
2026-07-31T10:45:21Z,652,4,2,17,2,0,1,1,1,1785494597
2026-07-31T10:45:21Z,653,9,1,8,2,0,1,1,1,1785494586
2026-07-31T10:45:21Z,654,2,2,13,0,0,1,1,1,1785488202
2026-07-31T10:45:21Z,655,7,3,1,4,1,1,1,1,1785494529
2026-07-31T10:45:21Z,656,18,7,1,0,0,1,1,1,1785494552
2026-07-31T10:45:21Z,657,9,1,3,2,3,1,1,1,1785494557
2026-07-31T10:45:21Z,658,9,1,1,0,0,1,1,1,1785473427
2026-07-31T10:45:21Z,659,8,3,5,2,0,1,1,1,1785488201
2026-07-31T10:45:21Z,660,13,0,14,4,0,1,1,1,1785494518
2026-07-31T10:45:21Z,661,2,1,17,0,0,1,1,1,1785492505
2026-07-31T10:45:21Z,662,4,3,16,3,0,1,1,1,1785493876
2026-07-31T10:45:21Z,663,12,5,2,1,0,1,1,1,1785493447
2026-07-31T10:45:21Z,664,0,0,27,0,0,1,1,1,1785488202
2026-07-31T10:45:21Z,665,12,3,3,0,0,1,1,1,1785488202
2026-07-31T10:45:21Z,666,7,2,6,2,0,1,1,1,1785488201
2026-07-31T10:45:21Z,667,0,0,19,0,0,1,1,1,1785486991
2026-07-31T10:45:21Z,668,10,1,8,1,0,1,1,1,1785488201
2026-07-31T10:45:21Z,669,13,5,1,0,0,1,1,1,1785493864
2026-07-31T10:45:21Z,670,10,2,16,1,0,1,1,1,1785494710
2026-07-31T10:45:21Z,671,23,5,3,1,0,1,1,1,1785494418
2026-07-31T10:45:21Z,672,12,2,7,3,1,1,1,1,1785491597
2026-07-31T10:45:21Z,673,13,0,8,2,0,1,1,1,1785494648
2026-07-31T10:45:21Z,674,5,3,15,3,0,1,1,1,1785494623
2026-07-31T10:45:21Z,675,11,6,2,2,0,1,1,1,1785494405
2026-07-31T10:45:21Z,676,6,0,15,1,0,1,1,1,1785493473
2026-07-31T10:45:21Z,681,11,3,2,2,0,1,1,1,1785494497
2026-07-31T10:45:21Z,682,4,1,14,1,0,1,1,1,1785486991
2026-07-31T10:45:21Z,683,4,1,15,0,0,1,1,1,1785493800
2026-07-31T10:45:21Z,684,3,0,24,0,0,1,1,1,1785487883
2026-07-31T10:45:21Z,685,10,0,15,1,1,1,1,1,1785488201
2026-07-31T10:45:21Z,686,11,0,14,2,0,1,1,1,1785494586
2026-07-31T10:45:21Z,687,11,0,18,1,1,1,1,1,1785494597
2026-07-31T10:45:21Z,688,10,0,2,7,0,1,1,1,1785494671
2026-07-31T10:45:21Z,692,1,0,20,0,0,1,1,1,1785494537
2026-07-31T10:45:21Z,693,6,0,2,3,0,1,1,1,1785494422
2026-07-31T10:45:21Z,694,8,5,13,0,0,1,1,1,1785494183
2026-07-31T10:45:21Z,695,16,11,7,0,0,1,1,1,1785494331
2026-07-31T10:45:21Z,696,18,13,3,2,0,1,1,1,1785494254
2026-07-31T10:45:21Z,697,22,2,1,0,0,1,1,1,1785493839
2026-07-31T10:45:21Z,698,24,1,3,0,0,1,1,1,1785494279
2026-07-31T10:45:21Z,699,7,0,7,1,0,1,1,1,1785492916
2026-07-31T10:45:21Z,700,19,4,0,0,0,1,1,1,1785493050
2026-07-31T10:45:21Z,701,17,6,2,0,0,1,1,1,1785494298
2026-07-31T10:45:21Z,702,18,0,4,1,0,1,1,1,1785493515
2026-07-31T10:45:21Z,704,8,2,7,0,0,1,1,1,1785493691
2026-07-31T10:45:21Z,705,4,2,9,2,0,1,1,1,1785493156
2026-07-31T10:45:21Z,706,12,2,0,3,0,1,1,1,1785494258
2026-07-31T10:45:21Z,707,10,2,5,0,0,1,1,1,1785493076
2026-07-31T10:45:21Z,708,18,3,0,1,0,1,1,1,1785493287
2026-07-31T10:45:21Z,709,10,0,2,3,0,1,1,1,1785493298
2026-07-31T10:45:21Z,710,17,3,1,1,0,1,1,1,1785494338
2026-07-31T10:45:21Z,711,19,4,0,4,0,1,1,1,1785494406
2026-07-31T10:45:21Z,712,13,9,2,0,0,1,1,1,1785494468
2026-07-31T10:45:21Z,713,5,0,18,0,0,1,1,1,1785493561
2026-07-31T10:45:21Z,716,4,2,11,0,0,1,1,1,1785494617
2026-07-31T10:45:21Z,717,4,2,18,3,0,1,1,1,1785494701
2026-07-31T10:45:21Z,718,3,1,11,1,0,1,1,1,1785494436
2026-07-31T10:45:21Z,719,8,2,21,0,0,1,1,1,1785493861
2026-07-31T10:45:21Z,720,2,1,17,0,0,1,1,1,1785493092
2026-07-31T10:45:21Z,721,0,0,21,2,0,1,1,1,1785493899
2026-07-31T10:45:21Z,722,5,0,10,0,0,1,1,1,1785494662
2026-07-31T10:45:21Z,723,12,1,11,0,0,1,1,1,1785494708
2026-07-31T10:45:21Z,724,21,4,2,0,0,1,1,1,1785494045
2026-07-31T10:45:21Z,725,21,6,1,1,0,1,1,1,1785493868
2026-07-31T10:45:21Z,726,18,3,1,0,0,1,1,1,1785493912
2026-07-31T10:45:21Z,727,9,4,12,2,0,1,1,1,1785493847
2026-07-31T10:45:21Z,728,9,0,5,1,0,1,1,1,1785493393
2026-07-31T10:45:21Z,729,4,0,15,0,0,1,1,1,1785494636
2026-07-31T10:45:21Z,730,3,2,10,2,0,1,1,1,1785493990
2026-07-31T10:45:21Z,731,9,3,5,1,0,1,1,1,1785493103
2026-07-31T10:45:21Z,732,9,6,6,0,0,1,1,1,1785494568
2026-07-31T10:45:21Z,733,4,0,23,0,0,1,1,1,1785493123
2026-07-31T10:45:21Z,734,5,2,9,0,0,1,1,1,1785494500
2026-07-31T10:45:21Z,735,3,2,24,0,0,1,1,1,1785494197
2026-07-31T10:45:21Z,736,6,0,13,0,0,1,1,1,1785493535
2026-07-31T10:45:21Z,737,4,3,10,0,1,1,1,1,1785493528
2026-07-31T10:45:21Z,738,16,5,1,2,0,1,1,1,1785493577
2026-07-31T10:45:21Z,739,19,2,7,1,0,1,1,1,1785493152
2026-07-31T10:45:21Z,741,7,1,16,0,0,1,1,1,1785493426
2026-07-31T10:45:21Z,742,6,1,26,3,0,1,1,1,1785494622
2026-07-31T10:45:21Z,743,9,3,8,2,0,1,1,1,1785493295
2026-07-31T10:45:21Z,744,10,4,4,1,0,1,1,1,1785493801
2026-07-31T10:45:21Z,745,14,4,4,1,0,1,1,1,1785493811
2026-07-31T10:45:21Z,746,10,2,11,2,0,1,1,1,1785494608
2026-07-31T10:45:21Z,747,0,0,4,0,0,0,1,1,1783446606
2026-07-31T10:45:21Z,748,10,1,13,0,0,1,1,1,1785494608
2026-07-31T10:45:21Z,749,5,5,17,1,0,1,1,1,1785494524
2026-07-31T10:45:21Z,750,1,1,10,0,0,1,1,1,1785493041
2026-07-31T10:45:21Z,751,11,1,12,0,0,1,1,1,1785494038
2026-07-31T10:45:21Z,752,13,1,3,1,0,1,1,1,1785490194
2026-07-31T10:45:21Z,753,5,0,10,0,0,1,1,1,1785493935
2026-07-31T10:45:21Z,754,2,1,12,1,0,1,1,1,1785494472
2026-07-31T10:45:21Z,755,11,2,11,1,0,1,1,1,1785494480
2026-07-31T10:45:21Z,756,3,0,34,0,0,1,1,1,1785493394
2026-07-31T10:45:21Z,757,15,8,4,0,0,1,1,1,1785494591
2026-07-31T10:45:21Z,758,23,3,0,0,0,1,1,1,1785494203
2026-07-31T10:45:21Z,759,3,2,12,0,0,1,1,1,1785493925
2026-07-31T10:45:21Z,760,8,3,11,0,0,1,1,1,1785488200
2026-07-31T10:45:21Z,761,17,0,5,1,0,1,1,1,1785493807
2026-07-31T10:45:21Z,762,6,3,4,5,0,1,1,1,1785493050
2026-07-31T10:45:21Z,768,8,0,8,3,0,1,1,1,1785494030
2026-07-31T10:45:21Z,769,16,12,3,0,0,1,1,1,1785494443
2026-07-31T10:45:21Z,770,11,3,6,2,0,1,1,1,1785493593
2026-07-31T10:45:21Z,771,13,3,1,1,0,1,1,1,1785493031
2026-07-31T10:45:21Z,772,7,3,8,0,0,1,1,1,1785493649
2026-07-31T10:45:21Z,773,15,4,4,0,0,1,1,1,1785493488
2026-07-31T10:45:21Z,774,10,5,2,3,0,1,1,1,1785493428
2026-07-31T10:45:21Z,775,6,0,11,1,1,1,1,1,1785488308
2026-07-31T10:45:21Z,776,3,1,17,1,0,1,1,1,1785493821
2026-07-31T10:45:21Z,777,10,0,2,3,0,1,1,1,1785493572
2026-07-31T10:45:21Z,778,13,0,3,3,0,1,1,1,1785493614
2026-07-31T10:45:21Z,779,8,1,10,1,0,1,1,1,1785494401
2026-07-31T10:45:21Z,780,17,4,1,1,0,1,1,1,1785494531
2026-07-31T10:45:21Z,781,4,0,4,3,0,1,1,1,1785494330
2026-07-31T10:45:21Z,782,4,3,11,4,0,1,1,1,1785494702
2026-07-31T10:45:21Z,783,6,0,13,0,0,1,1,1,1785494397
2026-07-31T10:45:21Z,784,19,2,0,0,0,1,1,1,1785494006
2026-07-31T10:45:21Z,785,11,2,2,6,0,1,1,1,1785494572
2026-07-31T10:45:21Z,786,12,5,7,0,0,1,1,1,1785494544
2026-07-31T10:45:21Z,787,11,5,2,2,0,1,1,1,1785493854
2026-07-31T10:45:21Z,788,3,0,12,0,0,1,1,1,1785493073
2026-07-31T10:45:21Z,789,8,1,3,4,0,1,1,1,1785493303
2026-07-31T10:45:21Z,790,3,0,20,0,0,1,1,1,1785493711
2026-07-31T10:45:21Z,791,8,1,10,0,1,1,1,1,1785494086
2026-07-31T10:45:21Z,793,4,0,10,1,0,1,1,1,1785493442
2026-07-31T10:45:21Z,794,11,4,16,2,0,1,1,1,1785494703
2026-07-31T10:45:21Z,796,0,0,17,2,0,1,1,1,1785493244
2026-07-31T10:45:21Z,797,1,0,14,0,0,1,1,1,1785487593
2026-07-31T10:45:21Z,798,9,1,15,1,0,1,1,1,1785494381
2026-07-31T10:45:21Z,799,15,1,1,3,0,1,1,1,1785493212
2026-07-31T10:45:21Z,800,2,0,18,1,0,1,1,1,1785494660
2026-07-31T10:45:21Z,801,4,2,16,1,0,1,1,1,1785493270
2026-07-31T10:45:21Z,802,8,0,23,0,0,1,1,1,1785493381
2026-07-31T10:45:21Z,803,1,1,14,0,0,1,1,1,1785493041
2026-07-31T10:45:21Z,806,8,3,7,0,0,1,1,1,1785488200
2026-07-31T10:45:21Z,807,14,0,8,3,0,1,1,1,1785493656
2026-07-31T10:45:21Z,808,0,0,23,2,0,1,1,1,1785488225
2026-07-31T10:45:21Z,809,4,0,18,1,0,1,1,1,1785493218
2026-07-31T10:45:21Z,810,2,0,13,4,0,1,1,1,1785493673
2026-07-31T10:45:21Z,815,4,1,6,4,1,1,1,1,1785493354
2026-07-31T10:45:21Z,817,10,5,5,0,0,1,1,1,1785494371
2026-07-31T10:45:21Z,818,6,0,16,1,0,1,1,1,1785493798
2026-07-31T10:45:21Z,819,6,4,9,0,0,1,1,1,1785487291
2026-07-31T10:45:21Z,820,8,2,9,0,0,1,1,1,1785494287
2026-07-31T10:45:21Z,821,2,1,13,0,0,1,1,1,1785493402
2026-07-31T10:45:21Z,822,2,0,19,2,0,1,1,1,1785493732
2026-07-31T10:45:21Z,823,0,0,14,1,0,1,1,1,1785494688
2026-07-31T10:45:21Z,824,13,4,5,1,0,1,1,1,1785494154
2026-07-31T10:45:21Z,825,7,4,8,0,0,1,1,1,1785493925
2026-07-31T10:45:21Z,826,10,2,8,1,0,1,1,1,1785494172
2026-07-31T10:45:21Z,827,16,5,4,1,0,1,1,1,1785493679
2026-07-31T10:45:21Z,828,10,0,7,1,0,1,1,1,1785493566
2026-07-31T10:45:21Z,829,16,7,11,0,0,1,1,1,1785494420
2026-07-31T10:45:21Z,830,15,3,7,1,0,1,1,1,1785494390
2026-07-31T10:45:21Z,831,7,2,7,1,0,1,1,1,1785494653
2026-07-31T10:45:21Z,832,10,3,5,3,0,1,1,1,1785492931
2026-07-31T10:45:21Z,833,1,0,17,1,0,1,1,1,1785494502
2026-07-31T10:45:21Z,834,2,0,21,1,0,1,1,1,1785494054
2026-07-31T10:45:21Z,835,16,6,0,2,0,1,1,1,1785494235
2026-07-31T10:45:21Z,837,5,1,0,10,0,1,1,1,1785492913
2026-07-31T10:45:21Z,838,13,3,2,0,0,1,1,1,1785493579
2026-07-31T10:45:21Z,839,22,1,7,0,0,1,1,1,1785493714
2026-07-31T10:45:21Z,840,8,4,19,2,0,1,1,1,1785494670
2026-07-31T10:45:21Z,841,7,1,8,0,0,1,1,1,1785494649
2026-07-31T10:45:21Z,842,7,2,16,0,0,1,1,1,1785494457
2026-07-31T10:45:21Z,843,8,0,22,1,0,1,1,1,1785494710
2026-07-31T10:45:21Z,844,6,0,17,0,0,1,1,1,1785494659
2026-07-31T10:45:21Z,845,5,3,12,2,0,1,1,1,1785493020
2026-07-31T10:45:21Z,846,3,0,14,2,0,1,1,1,1785493971
2026-07-31T10:45:21Z,847,7,1,20,0,0,1,1,1,1785493766
2026-07-31T10:45:21Z,848,10,3,8,1,0,1,1,1,1785488215
2026-07-31T10:45:21Z,849,6,1,9,0,0,1,1,1,1785493814
2026-07-31T10:45:21Z,850,8,0,2,1,0,1,1,1,1785494138
2026-07-31T10:45:21Z,851,4,3,31,2,0,1,1,1,1785494610
2026-07-31T10:45:21Z,852,12,6,7,0,0,1,1,1,1785494548
2026-07-31T10:45:21Z,853,10,5,13,0,0,1,1,1,1785493614
2026-07-31T10:45:21Z,854,3,2,12,0,0,1,1,1,1785493675
2026-07-31T10:45:21Z,855,25,0,2,0,0,1,1,1,1785488200
2026-07-31T10:45:21Z,857,1,1,18,0,0,1,1,1,1785492930
2026-07-31T10:45:21Z,858,4,1,14,1,0,1,1,1,1785493393
2026-07-31T10:45:21Z,859,3,0,17,1,0,1,1,1,1785493615
2026-07-31T10:45:21Z,861,8,1,2,1,0,1,1,1,1785488201
2026-07-31T10:45:21Z,862,2,2,13,0,0,1,1,1,1785494677
2026-07-31T10:45:21Z,863,13,0,5,1,0,1,1,1,1785488200
2026-07-31T10:45:21Z,866,11,3,8,0,0,1,1,1,1785493171
2026-07-31T10:45:21Z,867,12,0,3,0,0,1,1,1,1785494292
2026-07-31T10:45:21Z,868,13,2,2,0,0,1,1,1,1785494504
2026-07-31T10:45:21Z,870,7,4,6,2,0,1,1,1,1785492910
2026-07-31T10:45:21Z,871,0,0,10,1,0,1,1,1,1785494096
2026-07-31T10:45:21Z,872,0,0,14,1,0,1,1,1,1785494641
2026-07-31T10:45:21Z,873,0,0,32,1,0,1,1,1,1785494641
2026-07-31T10:45:21Z,874,4,1,8,3,0,1,1,1,1785493994
2026-07-31T10:45:21Z,875,15,11,0,0,0,1,1,1,1785493890
2026-07-31T10:45:21Z,877,11,10,6,2,0,1,1,1,1785494255
2026-07-31T10:45:21Z,878,3,2,15,1,0,1,1,1,1785493018
2026-07-31T10:45:21Z,879,1,0,18,0,0,1,1,1,1785493876
2026-07-31T10:45:21Z,880,2,0,20,1,0,1,1,1,1785494434
2026-07-31T10:45:21Z,881,2,0,17,0,0,1,1,1,1785494689
2026-07-31T10:45:21Z,882,10,0,6,3,0,1,1,1,1785488200
2026-07-31T10:45:21Z,883,10,6,9,0,0,1,1,1,1785493136
2026-07-31T10:45:21Z,884,11,7,10,0,0,1,1,1,1785494247
2026-07-31T10:45:21Z,885,1,0,18,0,0,1,1,1,1785494532
2026-07-31T10:45:21Z,886,16,1,12,1,0,1,1,1,1785493518
2026-07-31T10:45:21Z,887,3,1,11,3,0,1,1,1,1785493428
2026-07-31T10:45:21Z,888,15,0,24,2,0,1,1,1,1785494694
2026-07-31T10:45:21Z,889,17,1,0,2,0,1,1,1,1785493023
2026-07-31T10:45:21Z,890,6,4,9,0,0,1,1,1,1785489632
2026-07-31T10:45:21Z,891,21,0,2,0,0,1,1,1,1785494031
2026-07-31T10:45:21Z,892,13,1,2,0,0,1,1,1,1785488200
2026-07-31T10:45:21Z,895,0,0,18,1,0,1,1,1,1785489208
2026-07-31T10:45:21Z,896,6,0,29,0,0,1,1,1,1785493238
2026-07-31T10:45:21Z,897,11,1,10,0,0,1,1,1,1785492911
2026-07-31T10:45:21Z,898,2,0,17,0,0,1,1,1,1785494450
2026-07-31T10:45:21Z,899,0,0,18,1,0,1,1,1,1785493683
2026-07-31T10:45:21Z,900,18,1,7,2,0,1,1,1,1785493867
2026-07-31T10:45:21Z,901,9,0,9,1,0,1,1,1,1785494352
2026-07-31T10:45:21Z,902,9,0,5,1,0,1,1,1,1785494386
2026-07-31T10:45:21Z,903,14,2,4,1,0,1,1,1,1785493839
2026-07-31T10:45:21Z,904,10,4,8,1,0,1,1,1,1785493025
2026-07-31T10:45:21Z,905,5,0,22,0,0,1,1,1,1785493128
2026-07-31T10:45:21Z,906,7,4,20,0,0,1,1,1,1785493887
2026-07-31T10:45:21Z,907,7,2,24,0,0,1,1,1,1785494396
2026-07-31T10:45:21Z,908,11,0,12,0,0,1,1,1,1785493013
2026-07-31T10:45:21Z,909,13,3,9,1,0,1,1,1,1785494540
2026-07-31T10:45:21Z,910,26,1,5,0,0,1,1,1,1785494620
2026-07-31T10:45:21Z,911,4,1,15,0,0,1,1,1,1785494384
2026-07-31T10:45:21Z,912,10,4,11,2,0,1,1,1,1785494553
2026-07-31T10:45:21Z,913,3,1,16,0,0,1,1,1,1785493551
2026-07-31T10:45:21Z,914,9,3,10,0,0,1,1,1,1785494500
2026-07-31T10:45:21Z,915,10,1,12,1,0,1,1,1,1785493127
2026-07-31T10:45:21Z,916,22,7,0,1,0,1,1,1,1785493174
2026-07-31T10:45:21Z,917,7,2,26,2,0,1,1,1,1785493779
2026-07-31T10:45:21Z,918,12,4,5,2,0,1,1,1,1785492938
2026-07-31T10:45:21Z,919,14,0,23,2,0,1,1,1,1785494396
2026-07-31T10:45:21Z,920,4,2,15,0,0,1,1,1,1785493364
2026-07-31T10:45:21Z,921,12,0,9,0,0,1,1,1,1785494520
2026-07-31T10:45:21Z,922,3,1,17,1,0,1,1,1,1785494501
2026-07-31T10:45:21Z,923,19,2,0,0,0,1,1,1,1785494194
2026-07-31T10:45:21Z,924,8,2,13,0,0,1,1,1,1785493717
2026-07-31T10:45:21Z,925,13,0,8,0,0,1,1,1,1785493182
2026-07-31T10:45:21Z,926,0,0,21,0,0,1,1,1,1785493321
2026-07-31T10:45:21Z,927,2,0,33,0,0,1,1,1,1785494412
2026-07-31T10:45:21Z,928,5,3,14,0,0,0,1,1,1785464301
2026-07-31T10:45:21Z,929,0,0,23,0,0,1,1,1,1785494153
2026-07-31T10:45:21Z,930,0,0,30,1,0,1,1,1,1785492937
2026-07-31T10:45:21Z,931,10,4,13,0,0,1,1,1,1785493775
2026-07-31T10:45:21Z,932,2,0,14,3,0,1,1,1,1785494697
2026-07-31T10:45:21Z,933,0,0,23,0,0,1,1,1,1785493986
2026-07-31T10:45:21Z,934,2,0,28,1,0,1,1,1,1785494471
2026-07-31T10:45:21Z,935,12,4,6,1,0,1,1,1,1785494045
2026-07-31T10:45:21Z,936,4,1,15,0,0,1,1,1,1785456801
2026-07-31T10:45:21Z,940,9,0,2,0,0,1,1,1,1785494277
2026-07-31T10:45:21Z,941,9,1,14,2,0,1,1,1,1785493928
2026-07-31T10:45:21Z,942,6,1,14,1,0,1,1,1,1785493818
2026-07-31T10:45:21Z,943,9,8,6,0,0,1,1,1,1785492938
2026-07-31T10:45:21Z,944,9,8,6,0,0,1,1,1,1785494569
2026-07-31T10:45:21Z,945,10,8,5,0,0,1,1,1,1785494083
2026-07-31T10:45:21Z,946,7,5,12,0,0,1,1,1,1785487593
2026-07-31T10:45:21Z,947,7,5,10,0,0,1,1,1,1785494583
2026-07-31T10:45:21Z,948,23,8,3,5,0,1,1,1,1785494054
2026-07-31T10:45:21Z,949,3,2,12,0,0,1,1,1,1785494687
2026-07-31T10:45:21Z,950,13,4,3,1,0,1,1,1,1785494595
2026-07-31T10:45:21Z,951,18,4,4,1,0,1,1,1,1785493683
2026-07-31T10:45:21Z,952,12,0,43,0,0,1,1,1,1785494206
2026-07-31T10:45:21Z,953,13,2,1,1,0,1,1,1,1785493853
2026-07-31T10:45:21Z,954,17,4,2,0,0,1,1,1,1785494699
2026-07-31T10:45:21Z,955,4,3,17,6,0,1,1,1,1785493675
2026-07-31T10:45:21Z,956,21,0,1,1,0,1,1,1,1785494630
2026-07-31T10:45:21Z,957,15,0,14,0,0,1,1,1,1785493992
2026-07-31T10:45:21Z,958,19,1,12,0,0,1,1,1,1785494114
2026-07-31T10:45:21Z,959,20,8,0,3,0,1,1,1,1785494480
2026-07-31T10:45:21Z,960,20,0,2,1,0,1,1,1,1785494301
2026-07-31T10:45:21Z,961,3,2,17,3,0,1,1,1,1785493492
2026-07-31T10:45:21Z,962,9,3,23,3,0,1,1,1,1785493762
2026-07-31T10:45:21Z,963,9,0,13,1,0,1,1,1,1785494679
2026-07-31T10:45:21Z,964,18,8,4,1,0,1,1,1,1785494322
2026-07-31T10:45:21Z,965,6,2,20,1,0,1,1,1,1785494093
2026-07-31T10:45:21Z,966,25,0,6,0,0,1,1,1,1785494139
2026-07-31T10:45:21Z,967,18,0,2,1,0,1,1,1,1785494419
2026-07-31T10:45:21Z,968,15,0,3,1,0,1,1,1,1785494577
2026-07-31T10:45:21Z,969,12,8,14,1,0,1,1,1,1785494564
2026-07-31T10:45:21Z,970,11,1,6,2,0,1,1,1,1785493270
2026-07-31T10:45:21Z,971,10,0,12,1,0,1,1,1,1785494235
2026-07-31T10:45:21Z,972,9,1,13,1,0,1,1,1,1785494556
2026-07-31T10:45:21Z,973,8,4,14,1,0,1,1,1,1785494070
2026-07-31T10:45:21Z,974,14,0,13,0,0,1,1,1,1785493560
2026-07-31T10:45:21Z,977,7,7,11,3,0,1,1,1,1785493004
2026-07-31T10:45:21Z,978,11,0,12,0,0,1,1,1,1785493873
2026-07-31T10:45:21Z,979,13,1,4,0,0,1,1,1,1785493410
2026-07-31T10:45:21Z,980,1,0,18,2,0,1,1,1,1785494154
2026-07-31T10:45:21Z,981,18,0,2,1,0,1,1,1,1785494319
2026-07-31T10:45:21Z,982,3,1,14,2,0,1,1,1,1785494617
2026-07-31T10:45:21Z,983,2,1,20,1,0,1,1,1,1785493220
2026-07-31T10:45:21Z,984,6,0,17,0,0,1,1,1,1785494231
2026-07-31T10:45:21Z,985,13,0,18,0,0,1,1,1,1785494668
2026-07-31T10:45:21Z,986,4,0,15,0,0,1,1,1,1785494615
2026-07-31T10:45:21Z,987,6,0,16,1,0,1,1,1,1785493342
2026-07-31T10:45:21Z,988,5,1,13,1,0,1,1,1,1785492954
2026-07-31T10:45:21Z,989,9,4,10,0,0,1,1,1,1785493758
2026-07-31T10:45:21Z,990,13,1,0,2,0,1,1,1,1785493000
2026-07-31T10:45:21Z,991,10,2,8,1,0,1,1,1,1785494486
2026-07-31T10:45:21Z,992,10,7,12,1,0,1,1,1,1785493545
2026-07-31T10:45:21Z,993,0,0,27,0,0,1,1,1,1785476008
2026-07-31T10:45:21Z,994,3,1,18,0,0,1,1,1,1785493758
2026-07-31T10:45:21Z,995,7,1,20,0,0,1,1,1,1785492979
2026-07-31T10:45:21Z,996,8,1,15,0,0,1,1,1,1785494597
2026-07-31T10:45:21Z,997,10,5,10,3,0,1,1,1,1785494621
2026-07-31T10:45:21Z,998,3,3,19,1,0,1,1,1,1785494581
2026-07-31T10:45:21Z,999,2,0,16,2,1,1,1,1,1785494682
2026-07-31T10:45:21Z,1000,5,2,16,0,0,1,1,1,1785493662
2026-07-31T10:45:21Z,1001,2,1,25,0,0,1,1,1,1785493119
2026-07-31T10:45:21Z,1002,0,0,27,4,0,1,1,1,1785493124
2026-07-31T10:45:21Z,1003,0,0,22,1,0,1,1,1,1785494558
2026-07-31T10:45:21Z,1004,8,1,15,0,0,1,1,1,1785493999
2026-07-31T10:45:21Z,1005,20,1,3,0,0,1,1,1,1785492930
2026-07-31T10:45:21Z,1006,7,4,11,1,0,1,1,1,1785494579
2026-07-31T10:45:21Z,1007,2,1,19,0,0,1,1,1,1785494212
2026-07-31T10:45:21Z,1008,6,5,15,2,0,1,1,1,1785493720
2026-07-31T10:45:21Z,1009,19,2,8,4,0,1,1,1,1785493586
2026-07-31T10:45:21Z,1010,7,2,20,0,0,1,1,1,1785494423
2026-07-31T10:45:21Z,1011,8,2,9,2,0,1,1,1,1785493137
2026-07-31T10:45:21Z,1012,4,3,18,1,0,1,1,1,1785494514
2026-07-31T10:45:21Z,1013,4,1,18,1,0,1,1,1,1785493292
2026-07-31T10:45:21Z,1014,7,2,13,3,0,1,1,1,1785493216
2026-07-31T10:45:21Z,1015,3,1,25,3,0,1,1,1,1785493497
2026-07-31T10:45:21Z,1016,10,5,21,0,0,1,1,1,1785494701
2026-07-31T10:45:21Z,1017,14,5,7,0,0,1,1,1,1785493919
2026-07-31T10:45:21Z,1018,7,2,15,0,0,1,1,1,1785494600
2026-07-31T10:45:21Z,1019,9,6,6,0,0,1,1,1,1785494522
2026-07-31T10:45:21Z,1020,18,3,3,0,0,1,1,1,1785493787
2026-07-31T10:45:21Z,1021,9,3,5,1,0,1,1,1,1785493509
2026-07-31T10:45:21Z,1022,14,0,13,0,0,1,1,1,1785494698
2026-07-31T10:45:21Z,1023,13,1,9,1,0,1,1,1,1785494337
2026-07-31T10:45:21Z,1024,5,2,13,1,0,1,1,1,1785493516
2026-07-31T10:45:21Z,1025,4,0,14,0,1,1,1,1,1785494665
2026-07-31T10:45:21Z,1026,7,4,18,6,0,1,1,1,1785493870
2026-07-31T10:45:21Z,1028,2,0,20,1,0,1,1,1,1785494692
2026-07-31T10:45:21Z,1029,9,9,5,1,0,1,1,1,1785493806
2026-07-31T10:45:21Z,1030,14,5,9,0,0,1,1,1,1785493558
2026-07-31T10:45:21Z,1031,8,0,11,0,0,1,1,1,1785493920
2026-07-31T10:45:21Z,1032,7,1,12,0,0,1,1,1,1785494584
2026-07-31T10:45:21Z,1033,9,5,8,2,0,1,1,1,1785493879
2026-07-31T10:45:21Z,1034,2,0,13,0,0,1,1,1,1785494594
2026-07-31T10:45:21Z,1035,1,0,16,2,0,1,1,1,1785494632
2026-07-31T10:45:21Z,1036,14,0,1,0,0,1,1,1,1785493360
2026-07-31T10:45:21Z,1037,4,0,14,1,0,1,1,1,1785493083
2026-07-31T10:45:21Z,1038,2,0,12,1,0,1,1,1,1785494293
2026-07-31T10:45:21Z,1039,7,2,12,0,0,1,1,1,1785492923
2026-07-31T10:45:21Z,1040,7,3,10,2,0,1,1,1,1785494624
2026-07-31T10:45:21Z,1041,11,3,8,0,0,1,1,1,1785494503
2026-07-31T10:45:21Z,1042,12,1,1,2,0,1,1,1,1785494675
2026-07-31T10:45:21Z,1043,10,0,6,3,0,1,1,1,1785494659
2026-07-31T10:45:21Z,1044,2,1,12,1,0,1,1,1,1785494348
2026-07-31T10:45:21Z,1045,10,0,9,0,0,1,1,1,1785494570
2026-07-31T10:45:21Z,1046,9,0,6,0,0,1,1,1,1785493972
2026-07-31T10:45:21Z,1047,4,0,17,0,0,1,1,1,1785493523
2026-07-31T10:45:21Z,1048,10,1,9,0,0,1,1,1,1785494548
2026-07-31T10:45:21Z,1049,5,0,16,0,0,1,1,1,1785494615
2026-07-31T10:45:21Z,1050,17,4,4,0,0,1,1,1,1785493896
2026-07-31T10:45:21Z,1051,8,3,13,0,0,1,1,1,1785493787
2026-07-31T10:45:21Z,1052,17,2,5,0,0,1,1,1,1785494413
2026-07-31T10:45:21Z,1053,2,1,13,0,0,1,1,1,1785494474
2026-07-31T10:45:21Z,1054,14,1,1,0,0,1,1,1,1785492920
2026-07-31T10:45:21Z,1055,8,2,11,0,0,1,1,1,1785492900
2026-07-31T10:45:21Z,1057,18,0,0,1,0,1,1,1,1785494632
2026-07-31T10:45:21Z,1058,2,0,54,0,0,1,1,1,1785494693
2026-07-31T10:45:21Z,1059,0,0,18,1,0,1,1,1,1785494603
2026-07-31T10:45:21Z,1060,31,0,6,0,0,1,1,1,1785493600
2026-07-31T10:45:21Z,1061,14,1,22,1,0,1,1,1,1785494490
2026-07-31T10:45:21Z,1062,2,0,15,0,0,1,1,1,1785493273
2026-07-31T10:45:21Z,1063,12,1,6,1,0,1,1,1,1785494627
2026-07-31T10:45:21Z,1064,3,0,19,1,0,1,1,1,1785493145
2026-07-31T10:45:21Z,1065,16,3,7,0,0,1,1,1,1785493385
2026-07-31T10:45:21Z,1066,10,2,13,0,0,1,1,1,1785493210
2026-07-31T10:45:21Z,1067,8,2,13,2,0,1,1,1,1785493948
2026-07-31T10:45:21Z,1068,8,2,13,2,0,1,1,1,1785492969
2026-07-31T10:45:21Z,1069,12,3,11,0,0,1,1,1,1785493019
2026-07-31T10:45:21Z,1070,12,2,11,0,0,1,1,1,1785493115
2026-07-31T10:45:21Z,1071,7,4,16,0,0,1,1,1,1785493154
2026-07-31T10:45:21Z,1072,11,1,11,1,0,1,1,1,1785493545
2026-07-31T10:45:21Z,1073,22,3,4,1,0,1,1,1,1785494462
2026-07-31T10:45:21Z,1074,1,0,51,1,0,1,1,1,1785493986
2026-07-31T10:45:21Z,1075,10,10,11,0,0,1,1,1,1785494340
2026-07-31T10:45:21Z,1076,15,12,6,0,0,1,1,1,1785493777
2026-07-31T10:45:21Z,1077,8,5,13,0,0,1,1,1,1785494558
2026-07-31T10:45:21Z,1078,11,10,10,0,0,1,1,1,1785493821
2026-07-31T10:45:21Z,1079,11,8,10,0,0,1,1,1,1785494447
2026-07-31T10:45:21Z,1080,10,8,10,1,0,1,1,1,1785493231
2026-07-31T10:45:21Z,1081,13,8,6,0,0,1,1,1,1785493619
2026-07-31T10:45:21Z,1082,7,7,1,0,0,1,1,1,1785493099
2026-07-31T10:45:21Z,1083,13,11,8,0,0,1,1,1,1785492899
2026-07-31T10:45:21Z,1084,9,8,12,0,0,1,1,1,1785494334
2026-07-31T10:45:21Z,1085,10,10,11,0,0,1,1,1,1785493982
2026-07-31T10:45:21Z,1086,0,0,20,1,0,1,1,1,1785494687
2026-07-31T10:45:21Z,1087,12,7,3,0,0,1,1,1,1785493871
2026-07-31T10:45:21Z,1088,10,7,5,0,0,1,1,1,1785494630
2026-07-31T10:45:21Z,1089,5,3,10,0,0,1,1,1,1785493169
2026-07-31T10:45:21Z,1090,10,9,5,0,0,1,1,1,1785493700
2026-07-31T10:45:21Z,1091,12,7,3,0,0,1,1,1,1785493612
2026-07-31T10:45:21Z,1092,9,9,5,1,0,1,1,1,1785493158
2026-07-31T10:45:21Z,1093,7,6,8,0,0,1,1,1,1785493520
2026-07-31T10:45:21Z,1094,10,8,8,1,0,1,1,1,1785494581
2026-07-31T10:45:21Z,1095,9,8,6,0,0,1,1,1,1785493462
2026-07-31T10:45:21Z,1096,3,1,15,1,0,1,1,1,1785493131
2026-07-31T10:45:21Z,1097,9,9,6,0,0,1,1,1,1785493345
2026-07-31T10:45:21Z,1098,9,7,10,0,0,1,1,1,1785493687
2026-07-31T10:45:21Z,1099,7,6,8,0,0,1,1,1,1785494417
2026-07-31T10:45:21Z,1100,8,4,21,0,0,1,1,1,1785493678
2026-07-31T10:45:21Z,1101,9,5,12,0,0,1,1,1,1785494312
2026-07-31T10:45:21Z,1102,9,4,4,0,0,1,1,1,1785493595
2026-07-31T10:45:21Z,1103,10,5,11,0,0,1,1,1,1785487895
2026-07-31T10:45:21Z,1104,10,5,11,0,0,1,1,1,1785494067
2026-07-31T10:45:21Z,1105,8,4,5,0,0,1,1,1,1785493481
2026-07-31T10:45:21Z,1106,10,5,11,0,0,1,1,1,1785494408
2026-07-31T10:45:21Z,1107,9,5,6,0,0,1,1,1,1785494696
2026-07-31T10:45:21Z,1108,8,4,16,2,1,1,1,1,1785494580
2026-07-31T10:45:21Z,1109,6,1,9,0,0,1,1,1,1785494651
2026-07-31T10:45:21Z,1110,12,4,9,0,0,1,1,1,1785493937
2026-07-31T10:45:21Z,1111,3,2,18,0,0,1,1,1,1785475740
2026-07-31T10:45:21Z,1112,39,0,14,0,0,1,1,1,1785494510
2026-07-31T10:45:21Z,1113,1,0,20,0,0,1,1,1,1785493891
2026-07-31T10:45:21Z,1115,17,5,3,3,0,1,1,1,1785493287
2026-07-31T10:45:21Z,1116,5,1,14,0,0,1,1,1,1785494602
2026-07-31T10:45:21Z,1117,12,3,9,2,0,1,1,1,1785494026
2026-07-31T10:45:21Z,1118,16,1,3,2,0,1,1,1,1785494416
2026-07-31T10:45:21Z,1119,13,1,4,0,0,1,1,1,1785493802
2026-07-31T10:45:21Z,1120,13,0,6,0,0,1,1,1,1785494684
2026-07-31T10:45:21Z,1121,13,2,5,3,0,1,1,1,1785494055
2026-07-31T10:45:21Z,1122,15,9,3,3,0,1,1,1,1785494003
2026-07-31T10:45:21Z,1123,5,2,16,2,0,1,1,1,1785494368
2026-07-31T10:45:21Z,1124,6,0,4,5,0,1,1,1,1785494563
2026-07-31T10:45:21Z,1125,15,1,8,0,0,1,1,1,1785493066
2026-07-31T10:45:21Z,1126,4,0,16,1,0,1,1,1,1785494041
2026-07-31T10:45:21Z,1127,6,1,12,1,0,1,1,1,1785494460
2026-07-31T10:45:21Z,1128,14,2,0,1,0,1,1,1,1785494602
2026-07-31T10:45:21Z,1129,1,1,19,1,0,1,1,1,1785494639
2026-07-31T10:45:21Z,1130,8,0,7,0,0,1,1,1,1785494389
2026-07-31T10:45:21Z,1131,0,0,48,1,0,1,1,1,1785493565
2026-07-31T10:45:21Z,1132,13,6,7,1,0,1,1,1,1785494323
2026-07-31T10:45:21Z,1133,16,13,4,1,0,1,1,1,1785494418
2026-07-31T10:45:21Z,1134,10,5,9,0,0,1,1,1,1785494009
2026-07-31T10:45:21Z,1135,10,5,11,0,0,1,1,1,1785494207
2026-07-31T10:45:21Z,1136,5,0,18,0,0,1,1,1,1785493560
2026-07-31T10:45:21Z,1137,13,0,2,0,0,1,1,1,1785494521
2026-07-31T10:45:21Z,1138,15,2,4,0,0,1,1,1,1785494564
2026-07-31T10:45:21Z,1139,17,3,2,2,0,1,1,1,1785493939
2026-07-31T10:45:21Z,1140,21,2,1,1,0,1,1,1,1785494321
2026-07-31T10:45:21Z,1141,0,0,21,0,0,1,1,1,1785494432
2026-07-31T10:45:21Z,1142,2,0,19,0,0,1,1,1,1785493426
2026-07-31T10:45:21Z,1143,18,0,10,1,0,1,1,1,1785494502
2026-07-31T10:45:21Z,1144,7,1,13,1,0,1,1,1,1785493028
2026-07-31T10:45:21Z,1145,13,6,7,1,0,1,1,1,1785493168
2026-07-31T10:45:21Z,1146,8,0,7,4,0,1,1,1,1785494433
2026-07-31T10:45:21Z,1147,3,0,16,0,0,1,1,1,1785494529
2026-07-31T10:45:21Z,1148,24,6,7,0,0,1,1,1,1785494447
2026-07-31T10:45:21Z,1149,4,3,21,0,0,1,1,1,1785494517
2026-07-31T10:45:21Z,1150,17,1,2,0,0,1,1,1,1785494392
2026-07-31T10:45:21Z,1151,12,0,9,0,0,1,1,1,1785493435
2026-07-31T10:45:21Z,1152,21,1,8,0,0,1,1,1,1785494672
2026-07-31T10:45:21Z,1153,20,6,2,1,0,1,1,1,1785493898
2026-07-31T10:45:21Z,1154,13,1,6,0,0,1,1,1,1785494031
2026-07-31T10:45:21Z,1155,14,6,5,2,0,1,1,1,1785494699
2026-07-31T10:45:21Z,1158,3,0,15,1,0,1,1,1,1785494492
2026-07-31T10:45:21Z,1159,13,1,6,0,0,1,1,1,1785493032
2026-07-31T10:45:21Z,1160,9,1,9,1,0,1,1,1,1785493709
2026-07-31T10:45:21Z,1161,3,0,15,1,0,1,1,1,1785493167
2026-07-31T10:45:21Z,1162,2,1,17,0,0,1,1,1,1785493417
2026-07-31T10:45:21Z,1163,1,1,17,1,0,1,1,1,1785494610
2026-07-31T10:45:21Z,1164,6,1,13,0,0,1,1,1,1785494668
2026-07-31T10:45:21Z,1165,5,0,16,0,0,1,1,1,1785493585
2026-07-31T10:45:21Z,1166,12,3,8,1,0,1,1,1,1785493100
2026-07-31T10:45:21Z,1167,4,0,11,0,0,1,1,1,1785494374
2026-07-31T10:45:21Z,1168,2,1,20,1,0,1,1,1,1785493049
2026-07-31T10:45:21Z,1169,3,0,15,1,0,1,1,1,1785494514
2026-07-31T10:45:21Z,1170,6,0,14,1,0,1,1,1,1785493071
2026-07-31T10:45:21Z,1171,7,6,15,1,0,1,1,1,1785494561
2026-07-31T10:45:21Z,1172,6,2,7,2,0,1,1,1,1785494683
2026-07-31T10:45:21Z,1173,13,5,6,0,0,1,1,1,1785492948
2026-07-31T10:45:21Z,1174,7,4,8,0,0,1,1,1,1785494442
2026-07-31T10:45:21Z,1175,7,3,12,0,0,1,1,1,1785493715
2026-07-31T10:45:21Z,1176,19,1,2,0,0,1,1,1,1785493969
2026-07-31T10:45:21Z,1177,2,0,19,0,0,1,1,1,1785493891
2026-07-31T10:45:21Z,1178,2,1,13,0,0,1,1,1,1785494408
2026-07-31T10:45:21Z,1181,11,0,3,1,0,1,1,1,1785492552
2026-07-31T10:45:21Z,1182,2,0,18,0,0,1,1,1,1785493458
2026-07-31T10:45:21Z,1183,2,0,41,2,0,1,1,1,1785494469
2026-07-31T10:45:21Z,1184,12,6,8,1,0,1,1,1,1785494664
2026-07-31T10:45:21Z,1185,10,5,11,0,0,1,1,1,1785494021
2026-07-31T10:45:21Z,1186,9,5,10,0,0,1,1,1,1785493216
2026-07-31T10:45:21Z,1187,12,6,8,1,0,1,1,1,1785493564
2026-07-31T10:45:21Z,1188,10,5,5,0,0,1,1,1,1785494702
2026-07-31T10:45:21Z,1189,10,5,9,0,0,1,1,1,1785492977
2026-07-31T10:45:21Z,1190,10,5,11,0,0,1,1,1,1785494188
2026-07-31T10:45:21Z,1191,10,5,5,0,0,1,1,1,1785494709
2026-07-31T10:45:21Z,1192,10,6,10,1,0,1,1,1,1785494555
2026-07-31T10:45:21Z,1193,6,4,5,2,0,1,1,1,1785493721
2026-07-31T10:45:21Z,1197,9,6,7,1,0,1,1,1,1785494006
2026-07-31T10:45:21Z,1198,14,4,5,2,0,1,1,1,1785493263
2026-07-31T10:45:21Z,1199,2,0,17,0,0,1,1,1,1785493276
2026-07-31T10:45:21Z,1200,11,5,4,0,0,1,1,1,1785492931
2026-07-31T10:45:21Z,1201,11,5,4,0,0,1,1,1,1785492908
2026-07-31T10:45:21Z,1202,12,6,3,0,0,1,1,1,1785493009
2026-07-31T10:45:21Z,1203,9,6,6,0,0,1,1,1,1785492905
2026-07-31T10:45:21Z,1204,7,3,11,1,0,1,1,1,1785494468
2026-07-31T10:45:21Z,1206,11,5,10,0,0,1,1,1,1785493686
2026-07-31T10:45:21Z,1207,8,4,6,1,0,1,1,1,1785493221
2026-07-31T10:45:21Z,1208,7,2,11,1,0,1,1,1,1785493131
2026-07-31T10:45:21Z,1216,7,0,13,1,0,1,1,1,1785493916
2026-07-31T10:45:21Z,1218,4,0,17,0,0,1,1,1,1785494310
2026-07-31T10:45:21Z,1219,6,1,8,1,0,1,1,1,1785494172
2026-07-31T10:45:21Z,1220,14,7,4,1,0,1,1,1,1785494041
2026-07-31T10:45:21Z,1221,1,1,19,1,0,1,1,1,1785493623
2026-07-31T10:45:21Z,1222,28,1,1,0,0,1,1,1,1785494572
2026-07-31T10:45:21Z,1223,23,0,6,0,0,1,1,1,1785494409
2026-07-31T10:45:21Z,1226,0,0,3,0,0,0,1,1,1781868931
2026-07-31T10:45:21Z,1227,21,1,4,0,0,1,1,1,1785494414
2026-07-31T10:45:21Z,1228,14,0,14,1,0,1,1,1,1785493687
2026-07-31T10:45:21Z,1229,34,0,11,0,0,1,1,1,1785494567
2026-07-31T10:50:21Z,1,4,0,19,0,0,1,1,1,1785494930
2026-07-31T10:50:21Z,2,21,0,3,3,0,1,1,1,1785492483
2026-07-31T10:50:21Z,3,9,0,4,1,0,1,1,1,1785485488
2026-07-31T10:50:21Z,4,1,0,20,1,0,1,1,1,1785487895
2026-07-31T10:50:21Z,5,9,3,13,1,0,1,1,1,1785484887
2026-07-31T10:50:21Z,6,5,1,10,0,0,1,1,1,1785494978
2026-07-31T10:50:21Z,7,1,0,38,0,0,1,1,1,1785492363
2026-07-31T10:50:21Z,8,1,1,42,0,0,1,1,1,1785494804
2026-07-31T10:50:21Z,9,1,0,21,1,0,1,1,1,1785493415
2026-07-31T10:50:21Z,10,0,0,21,2,0,1,1,1,1785493107
2026-07-31T10:50:21Z,11,16,6,2,1,0,1,1,1,1785494936
2026-07-31T10:50:21Z,12,0,0,23,0,0,1,1,1,1785490105
2026-07-31T10:50:21Z,13,11,0,19,0,0,1,1,1,1785488834
2026-07-31T10:50:21Z,14,4,0,38,0,1,1,1,1,1785494830
2026-07-31T10:50:21Z,15,3,0,12,0,0,1,1,1,1785488861
2026-07-31T10:50:21Z,16,8,0,16,2,1,1,1,1,1785487292
2026-07-31T10:50:21Z,17,7,0,19,1,0,1,1,1,1785491479
2026-07-31T10:50:21Z,18,6,0,10,2,0,1,1,1,1785494953
2026-07-31T10:50:21Z,19,12,0,14,1,0,1,1,1,1785494996
2026-07-31T10:50:21Z,20,31,0,4,0,0,1,1,1,1785491965
2026-07-31T10:50:21Z,21,5,0,13,1,0,1,1,1,1785494737
2026-07-31T10:50:21Z,22,19,0,45,1,0,1,1,1,1785492488
2026-07-31T10:50:21Z,23,10,5,21,0,0,1,1,1,1785487895
2026-07-31T10:50:21Z,24,1,0,8,2,0,1,1,1,1785495011
2026-07-31T10:50:21Z,25,2,2,78,0,1,1,1,1,1785494907
2026-07-31T10:50:21Z,26,1,0,26,0,0,1,1,1,1785491464
2026-07-31T10:50:21Z,28,15,3,0,0,0,1,1,1,1785486991
2026-07-31T10:50:21Z,30,1,0,27,1,0,1,1,1,1785486089
2026-07-31T10:50:21Z,31,0,0,17,2,0,1,1,1,1785494745
2026-07-31T10:50:21Z,32,18,1,9,0,0,1,1,1,1785494994
2026-07-31T10:50:21Z,34,3,1,33,1,0,1,1,1,1785493238
2026-07-31T10:50:21Z,35,4,1,42,1,0,1,1,1,1785494708
2026-07-31T10:50:21Z,36,0,0,0,0,0,0,1,1,86400
2026-07-31T10:50:21Z,37,1,0,22,0,0,1,1,1,1785491559
2026-07-31T10:50:21Z,38,1,0,22,0,0,1,1,1,1785490318
2026-07-31T10:50:21Z,39,23,5,16,0,0,1,1,1,1785493410
2026-07-31T10:50:21Z,40,16,0,4,1,0,1,1,1,1785493705
2026-07-31T10:50:21Z,41,5,2,37,1,0,1,1,1,1785494427
2026-07-31T10:50:21Z,42,31,8,0,0,0,1,1,1,1785472558
2026-07-31T10:50:21Z,43,5,0,18,0,0,1,1,1,1785490390
2026-07-31T10:50:21Z,45,3,1,25,1,0,1,1,1,1785494556
2026-07-31T10:50:21Z,46,12,2,19,0,0,1,1,1,1785491240
2026-07-31T10:50:21Z,47,11,6,3,1,0,1,1,1,1785494983
2026-07-31T10:50:21Z,48,21,0,6,0,0,1,1,1,1785494874
2026-07-31T10:50:21Z,49,4,0,16,3,0,1,1,1,1785495006
2026-07-31T10:50:21Z,50,2,2,17,0,0,1,1,1,1785494027
2026-07-31T10:50:21Z,51,68,0,9,0,0,1,1,1,1785487292
2026-07-31T10:50:21Z,52,0,0,24,3,0,1,1,1,1785494803
2026-07-31T10:50:21Z,55,2,1,21,0,0,1,1,1,1785494802
2026-07-31T10:50:21Z,56,3,0,40,0,0,1,1,1,1785494985
2026-07-31T10:50:21Z,57,0,0,27,0,0,1,1,1,1785494456
2026-07-31T10:50:21Z,58,0,0,28,0,0,1,1,1,1785489985
2026-07-31T10:50:21Z,59,2,0,23,2,0,1,1,1,1785494954
2026-07-31T10:50:21Z,61,2,1,37,0,0,1,1,1,1785491414
2026-07-31T10:50:21Z,62,10,5,38,1,0,1,1,1,1785494767
2026-07-31T10:50:21Z,63,13,0,6,0,0,1,1,1,1785492690
2026-07-31T10:50:21Z,64,10,1,5,4,0,1,1,1,1785493091
2026-07-31T10:50:21Z,65,16,7,2,1,0,1,1,1,1785491350
2026-07-31T10:50:21Z,67,16,0,23,0,0,1,1,1,1785491870
2026-07-31T10:50:21Z,68,0,0,37,0,0,1,1,1,1785488201
2026-07-31T10:50:21Z,69,13,1,2,0,0,1,1,1,1785493502
2026-07-31T10:50:21Z,71,4,0,22,1,0,1,1,1,1785494768
2026-07-31T10:50:21Z,72,20,5,9,2,0,1,1,1,1785494665
2026-07-31T10:50:21Z,73,3,0,28,0,0,1,1,1,1785494574
2026-07-31T10:50:21Z,74,13,6,6,0,0,1,1,1,1785489103
2026-07-31T10:50:21Z,75,2,0,29,1,0,1,1,1,1785494290
2026-07-31T10:50:21Z,76,18,0,0,1,0,1,1,1,1785495005
2026-07-31T10:50:21Z,77,24,0,2,1,0,1,1,1,1785494000
2026-07-31T10:50:21Z,78,7,3,14,2,0,1,1,1,1785494013
2026-07-31T10:50:21Z,79,3,3,13,1,0,1,1,1,1785494899
2026-07-31T10:50:21Z,80,16,0,4,3,0,1,1,1,1785494874
2026-07-31T10:50:21Z,81,4,0,27,0,0,1,1,1,1785495001
2026-07-31T10:50:21Z,82,14,1,9,0,0,1,1,1,1785494924
2026-07-31T10:50:21Z,83,8,2,25,1,0,1,1,1,1785494944
2026-07-31T10:50:21Z,84,23,0,4,0,0,1,1,1,1785493962
2026-07-31T10:50:21Z,85,2,1,13,0,0,1,1,1,1785494942
2026-07-31T10:50:21Z,86,25,0,1,1,0,1,1,1,1785486691
2026-07-31T10:50:21Z,87,10,0,9,0,0,1,1,1,1785488201
2026-07-31T10:50:21Z,88,2,0,40,1,0,1,1,1,1785492709
2026-07-31T10:50:21Z,89,22,0,13,0,0,1,1,1,1785487292
2026-07-31T10:50:21Z,90,6,3,10,2,0,1,1,1,1785494993
2026-07-31T10:50:21Z,91,13,0,4,0,0,1,1,1,1785490693
2026-07-31T10:50:21Z,92,9,2,7,3,0,1,1,1,1785494897
2026-07-31T10:50:21Z,93,1,0,22,0,0,1,1,1,1785494591
2026-07-31T10:50:21Z,94,3,0,15,1,0,1,1,1,1785492659
2026-07-31T10:50:21Z,95,25,1,7,2,1,1,1,1,1785494659
2026-07-31T10:50:21Z,96,28,0,2,1,0,1,1,1,1785491842
2026-07-31T10:50:21Z,97,1,1,15,1,0,1,1,1,1785494991
2026-07-31T10:50:21Z,98,20,0,14,1,0,1,1,1,1785491722
2026-07-31T10:50:21Z,99,4,2,11,0,0,1,1,1,1785486802
2026-07-31T10:50:21Z,100,1,0,26,0,0,1,1,1,1785494789
2026-07-31T10:50:21Z,101,1,0,13,1,0,1,1,1,1785494152
2026-07-31T10:50:21Z,102,0,0,23,0,0,1,1,1,1785487553
2026-07-31T10:50:21Z,103,10,0,20,0,0,1,1,1,1785495008
2026-07-31T10:50:21Z,104,0,0,25,2,0,1,1,1,1785495005
2026-07-31T10:50:21Z,105,16,1,3,0,0,1,1,1,1785486390
2026-07-31T10:50:21Z,106,2,0,19,0,0,1,1,1,1785494608
2026-07-31T10:50:21Z,107,0,0,37,0,0,1,1,1,1785485489
2026-07-31T10:50:21Z,108,10,2,24,1,0,1,1,1,1785494508
2026-07-31T10:50:21Z,109,15,0,8,0,0,1,1,1,1785494694
2026-07-31T10:50:21Z,110,12,0,11,0,0,1,1,1,1785493883
2026-07-31T10:50:21Z,111,0,0,36,0,0,1,1,1,1785494653
2026-07-31T10:50:21Z,112,1,0,13,1,0,1,1,1,1785494789
2026-07-31T10:50:21Z,113,5,0,12,2,0,1,1,1,1785494971
2026-07-31T10:50:21Z,114,6,6,23,1,1,1,1,1,1785494922
2026-07-31T10:50:21Z,115,5,2,22,1,0,1,1,1,1785494872
2026-07-31T10:50:21Z,116,3,3,23,1,0,1,1,1,1785487594
2026-07-31T10:50:21Z,118,20,9,0,3,0,1,1,1,1785493657
2026-07-31T10:50:21Z,119,27,2,7,4,0,1,1,1,1785494836
2026-07-31T10:50:21Z,120,22,1,4,1,0,1,1,1,1785494877
2026-07-31T10:50:21Z,121,2,1,16,0,1,1,1,1,1785494937
2026-07-31T10:50:21Z,122,11,1,9,1,0,1,1,1,1785494872
2026-07-31T10:50:21Z,123,10,2,37,0,0,1,1,1,1785494350
2026-07-31T10:50:21Z,124,29,0,6,0,0,1,1,1,1785494587
2026-07-31T10:50:21Z,125,6,3,17,0,0,1,1,1,1785495002
2026-07-31T10:50:21Z,126,23,2,8,0,0,1,1,1,1785493316
2026-07-31T10:50:21Z,127,9,1,24,2,0,1,1,1,1785495010
2026-07-31T10:50:21Z,128,17,1,2,0,0,1,1,1,1785490685
2026-07-31T10:50:21Z,129,17,1,0,2,0,1,1,1,1785486089
2026-07-31T10:50:21Z,130,4,1,13,0,0,1,1,1,1785494685
2026-07-31T10:50:21Z,131,7,3,2,2,0,1,1,1,1785493570
2026-07-31T10:50:21Z,132,13,6,1,0,1,1,1,1,1785494491
2026-07-31T10:50:21Z,134,4,0,14,5,0,1,1,1,1785494733
2026-07-31T10:50:21Z,135,6,4,12,1,0,1,1,1,1785494830
2026-07-31T10:50:21Z,136,6,0,8,2,7,1,1,1,1785494822
2026-07-31T10:50:21Z,137,6,2,13,0,0,1,1,1,1785494721
2026-07-31T10:50:21Z,138,35,2,2,0,0,1,1,1,1785494775
2026-07-31T10:50:21Z,139,16,3,3,0,0,1,1,1,1785494659
2026-07-31T10:50:21Z,140,12,6,9,2,0,1,1,1,1785495010
2026-07-31T10:50:21Z,141,30,1,6,0,0,1,1,1,1785494627
2026-07-31T10:50:21Z,142,22,1,1,0,0,1,1,1,1785494365
2026-07-31T10:50:21Z,143,13,3,17,1,0,1,1,1,1785495008
2026-07-31T10:50:21Z,144,23,0,4,0,0,1,1,1,1785494642
2026-07-31T10:50:21Z,146,7,1,15,1,0,1,1,1,1785493850
2026-07-31T10:50:21Z,147,11,3,6,2,0,1,1,1,1785494959
2026-07-31T10:50:21Z,148,23,0,3,0,1,1,1,1,1785494962
2026-07-31T10:50:21Z,149,16,3,10,1,0,1,1,1,1785493972
2026-07-31T10:50:21Z,150,24,6,8,3,0,1,1,1,1785494892
2026-07-31T10:50:21Z,151,19,6,4,0,0,1,1,1,1785494082
2026-07-31T10:50:21Z,152,20,2,3,4,0,1,1,1,1785494893
2026-07-31T10:50:21Z,153,14,1,11,6,0,1,1,1,1785494921
2026-07-31T10:50:21Z,154,16,2,4,3,0,1,1,1,1785494879
2026-07-31T10:50:21Z,155,10,4,3,1,0,1,1,1,1785495007
2026-07-31T10:50:21Z,156,14,1,5,0,0,1,1,1,1785494528
2026-07-31T10:50:21Z,157,12,0,13,2,0,1,1,1,1785494866
2026-07-31T10:50:21Z,158,16,2,0,0,0,1,1,1,1785488201
2026-07-31T10:50:21Z,159,2,1,17,0,0,1,1,1,1785494564
2026-07-31T10:50:21Z,160,17,1,2,0,0,1,1,1,1785494960
2026-07-31T10:50:21Z,161,20,4,2,0,0,1,1,1,1785495009
2026-07-31T10:50:21Z,162,11,0,15,1,0,1,1,1,1785494928
2026-07-31T10:50:21Z,163,25,2,5,0,1,1,1,1,1785494951
2026-07-31T10:50:21Z,164,25,6,1,1,0,1,1,1,1785494924
2026-07-31T10:50:21Z,165,20,10,10,1,0,1,1,1,1785494829
2026-07-31T10:50:21Z,166,32,8,3,4,0,1,1,1,1785495012
2026-07-31T10:50:21Z,167,19,9,2,2,0,1,1,1,1785491219
2026-07-31T10:50:21Z,168,17,0,9,1,0,1,1,1,1785494997
2026-07-31T10:50:21Z,169,2,0,20,0,1,1,1,1,1785494013
2026-07-31T10:50:21Z,170,16,4,1,2,0,1,1,1,1785494649
2026-07-31T10:50:21Z,171,9,2,2,2,0,1,1,1,1785494958
2026-07-31T10:50:21Z,173,37,1,2,0,0,1,1,1,1785494039
2026-07-31T10:50:21Z,174,20,1,4,2,0,1,1,1,1785494757
2026-07-31T10:50:21Z,175,7,0,24,0,0,1,1,1,1785494988
2026-07-31T10:50:21Z,176,7,2,7,0,1,1,1,1,1785492475
2026-07-31T10:50:21Z,177,18,1,9,0,0,1,1,1,1785493337
2026-07-31T10:50:21Z,178,2,0,10,2,1,1,1,1,1785495011
2026-07-31T10:50:21Z,179,11,1,3,1,0,1,1,1,1785493869
2026-07-31T10:50:21Z,180,28,0,2,0,0,1,1,1,1785492120
2026-07-31T10:50:21Z,181,11,0,3,1,0,1,1,1,1785493892
2026-07-31T10:50:21Z,182,11,1,6,0,0,1,1,1,1785494826
2026-07-31T10:50:21Z,183,12,0,11,0,0,1,1,1,1785494891
2026-07-31T10:50:21Z,184,3,1,19,1,0,1,1,1,1785493773
2026-07-31T10:50:21Z,185,11,1,1,2,1,1,1,1,1785493425
2026-07-31T10:50:21Z,186,3,0,16,0,0,1,1,1,1785492102
2026-07-31T10:50:21Z,187,9,0,18,1,0,1,1,1,1785491965
2026-07-31T10:50:21Z,188,11,0,8,8,0,1,1,1,1785494870
2026-07-31T10:50:21Z,189,14,4,1,0,0,1,1,1,1785493971
2026-07-31T10:50:21Z,190,4,0,19,0,0,1,1,1,1785492508
2026-07-31T10:50:21Z,191,2,0,37,0,0,1,1,1,1785494702
2026-07-31T10:50:21Z,192,12,4,16,3,0,1,1,1,1785486089
2026-07-31T10:50:21Z,193,2,0,13,0,0,1,1,1,1785493892
2026-07-31T10:50:21Z,194,15,1,11,1,0,1,1,1,1785493255
2026-07-31T10:50:21Z,195,9,1,8,2,0,1,1,1,1785494236
2026-07-31T10:50:21Z,196,19,1,6,2,0,1,1,1,1785494812
2026-07-31T10:50:21Z,197,16,3,1,1,1,1,1,1,1785489625
2026-07-31T10:50:21Z,198,17,15,6,0,0,1,1,1,1785494878
2026-07-31T10:50:21Z,199,6,6,6,3,0,1,1,1,1785494335
2026-07-31T10:50:21Z,200,12,0,13,1,0,1,1,1,1785492701
2026-07-31T10:50:21Z,201,6,2,17,0,0,1,1,1,1785494490
2026-07-31T10:50:21Z,202,0,0,27,0,0,1,1,1,1785494022
2026-07-31T10:50:21Z,203,26,2,4,1,0,1,1,1,1785493376
2026-07-31T10:50:21Z,204,27,0,7,1,0,1,1,1,1785494921
2026-07-31T10:50:21Z,205,12,1,15,0,0,1,1,1,1785494992
2026-07-31T10:50:21Z,206,1,1,13,1,0,1,1,1,1785494311
2026-07-31T10:50:21Z,207,13,1,7,1,0,1,1,1,1785494761
2026-07-31T10:50:21Z,208,3,0,26,0,0,1,1,1,1785491719
2026-07-31T10:50:21Z,209,5,0,23,3,0,1,1,1,1785494920
2026-07-31T10:50:21Z,210,23,2,4,0,0,1,1,1,1785485488
2026-07-31T10:50:21Z,211,14,6,8,1,0,1,1,1,1785490780
2026-07-31T10:50:21Z,212,22,0,12,1,0,1,1,1,1785494795
2026-07-31T10:50:21Z,213,11,1,10,2,0,1,1,1,1785494915
2026-07-31T10:50:21Z,214,29,1,14,4,0,1,1,1,1785494464
2026-07-31T10:50:21Z,215,5,2,17,1,0,1,1,1,1785492966
2026-07-31T10:50:21Z,216,7,0,11,1,0,1,1,1,1785491552
2026-07-31T10:50:21Z,217,10,0,18,1,0,1,1,1,1785494957
2026-07-31T10:50:21Z,218,20,5,16,3,0,1,1,1,1785494981
2026-07-31T10:50:21Z,219,1,1,24,1,0,1,1,1,1785494246
2026-07-31T10:50:21Z,220,24,6,17,1,1,1,1,1,1785494914
2026-07-31T10:50:21Z,221,12,7,2,1,0,1,1,1,1785494967
2026-07-31T10:50:21Z,222,10,10,7,2,0,1,1,1,1785494388
2026-07-31T10:50:21Z,223,7,3,25,3,0,1,1,1,1785494986
2026-07-31T10:50:21Z,224,6,4,15,1,0,1,1,1,1785491603
2026-07-31T10:50:21Z,225,11,0,2,6,0,1,1,1,1785494490
2026-07-31T10:50:21Z,226,30,10,1,0,0,1,1,1,1785494889
2026-07-31T10:50:21Z,227,23,14,2,1,1,1,1,1,1785494494
2026-07-31T10:50:21Z,228,1,0,17,1,0,1,1,1,1785493588
2026-07-31T10:50:21Z,230,17,9,9,0,0,1,1,1,1785494330
2026-07-31T10:50:21Z,232,12,6,4,1,0,1,1,1,1785493284
2026-07-31T10:50:21Z,233,18,0,11,2,0,1,1,1,1785494040
2026-07-31T10:50:21Z,234,7,3,7,3,2,1,1,1,1785491043
2026-07-31T10:50:21Z,236,11,2,8,0,0,1,1,1,1785494961
2026-07-31T10:50:21Z,237,20,4,2,1,0,1,1,1,1785492227
2026-07-31T10:50:21Z,239,22,17,2,3,0,1,1,1,1785494143
2026-07-31T10:50:21Z,241,17,6,6,0,0,1,1,1,1785494031
2026-07-31T10:50:21Z,242,3,2,19,1,0,1,1,1,1785493793
2026-07-31T10:50:21Z,243,9,0,21,1,0,1,1,1,1785495008
2026-07-31T10:50:21Z,244,15,2,11,1,0,1,1,1,1785494996
2026-07-31T10:50:21Z,245,6,4,17,0,0,1,1,1,1785490437
2026-07-31T10:50:21Z,246,14,0,9,0,0,1,1,1,1785494804
2026-07-31T10:50:21Z,247,11,10,11,1,0,1,1,1,1785494557
2026-07-31T10:50:21Z,248,18,4,2,3,0,1,1,1,1785494594
2026-07-31T10:50:21Z,249,6,3,13,0,0,1,1,1,1785492523
2026-07-31T10:50:21Z,250,23,7,4,0,0,1,1,1,1785494630
2026-07-31T10:50:21Z,251,19,4,5,3,0,1,1,1,1785494879
2026-07-31T10:50:21Z,253,9,4,10,0,0,1,1,1,1785494823
2026-07-31T10:50:21Z,254,26,20,16,1,0,1,1,1,1785494890
2026-07-31T10:50:21Z,255,4,0,18,0,1,1,1,1,1785495010
2026-07-31T10:50:21Z,256,7,3,14,2,0,1,1,1,1785494877
2026-07-31T10:50:21Z,257,14,5,4,1,0,1,1,1,1785492175
2026-07-31T10:50:21Z,258,1,1,18,0,0,1,1,1,1785493898
2026-07-31T10:50:21Z,259,19,3,3,0,1,1,1,1,1785494976
2026-07-31T10:50:21Z,260,11,2,5,3,0,1,1,1,1785494547
2026-07-31T10:50:21Z,261,14,0,3,1,1,1,1,1,1785494358
2026-07-31T10:50:21Z,262,15,8,7,1,0,1,1,1,1785494892
2026-07-31T10:50:21Z,263,13,3,2,0,0,1,1,1,1785493338
2026-07-31T10:50:21Z,264,13,2,3,3,0,1,1,1,1785494914
2026-07-31T10:50:21Z,265,13,0,2,0,0,1,1,1,1785493506
2026-07-31T10:50:21Z,266,13,7,3,3,0,1,1,1,1785494945
2026-07-31T10:50:21Z,267,7,3,6,2,0,1,1,1,1785484888
2026-07-31T10:50:21Z,268,23,9,0,0,0,1,1,1,1785484887
2026-07-31T10:50:21Z,269,9,3,14,0,0,1,1,1,1785494811
2026-07-31T10:50:21Z,270,23,1,4,0,0,1,1,1,1785491481
2026-07-31T10:50:21Z,271,1,0,16,2,0,1,1,1,1785494376
2026-07-31T10:50:21Z,272,13,13,9,1,0,1,1,1,1785486390
2026-07-31T10:50:21Z,273,13,5,2,0,0,1,1,1,1785492772
2026-07-31T10:50:21Z,274,16,6,2,1,0,1,1,1,1785494937
2026-07-31T10:50:21Z,275,13,0,6,2,2,1,1,1,1785494952
2026-07-31T10:50:21Z,276,1,0,26,0,0,1,1,1,1785486991
2026-07-31T10:50:21Z,277,11,1,7,5,0,1,1,1,1785494879
2026-07-31T10:50:21Z,278,20,2,8,2,1,1,1,1,1785494775
2026-07-31T10:50:21Z,279,17,0,2,0,0,1,1,1,1785493037
2026-07-31T10:50:21Z,280,9,2,19,3,0,1,1,1,1785494801
2026-07-31T10:50:21Z,281,19,0,0,0,0,1,1,1,1785486089
2026-07-31T10:50:21Z,282,5,2,13,0,0,1,1,1,1785484887
2026-07-31T10:50:21Z,283,33,1,2,0,0,1,1,1,1785491784
2026-07-31T10:50:21Z,284,16,3,17,2,0,1,1,1,1785492919
2026-07-31T10:50:21Z,285,8,7,15,0,0,1,1,1,1785485188
2026-07-31T10:50:21Z,286,17,15,2,4,0,1,1,1,1785494712
2026-07-31T10:50:21Z,287,14,4,6,3,0,1,1,1,1785492851
2026-07-31T10:50:21Z,288,10,7,9,0,0,1,1,1,1785494804
2026-07-31T10:50:21Z,289,23,2,1,3,0,1,1,1,1785493119
2026-07-31T10:50:21Z,290,9,0,29,1,0,1,1,1,1785494483
2026-07-31T10:50:21Z,291,9,1,12,2,0,1,1,1,1785494744
2026-07-31T10:50:21Z,292,22,0,1,0,0,1,1,1,1785485789
2026-07-31T10:50:21Z,293,17,10,6,0,0,1,1,1,1785486991
2026-07-31T10:50:21Z,294,1,1,20,1,0,1,1,1,1785493458
2026-07-31T10:50:21Z,297,14,4,3,1,1,1,1,1,1785494465
2026-07-31T10:50:21Z,301,17,1,2,0,0,1,1,1,1785486691
2026-07-31T10:50:21Z,302,0,0,23,0,0,1,1,1,1785486991
2026-07-31T10:50:21Z,303,17,0,2,0,0,1,1,1,1785494091
2026-07-31T10:50:21Z,304,0,0,0,0,0,0,1,1,86400
2026-07-31T10:50:21Z,305,19,0,0,0,0,1,1,1,1785485188
2026-07-31T10:50:21Z,306,4,0,27,1,0,1,1,1,1785494504
2026-07-31T10:50:21Z,307,18,1,3,1,1,1,1,1,1785494918
2026-07-31T10:50:21Z,308,16,0,1,2,0,1,1,1,1785494866
2026-07-31T10:50:21Z,309,13,3,0,1,0,1,1,1,1785488427
2026-07-31T10:50:21Z,311,15,0,0,0,0,1,1,1,1785486992
2026-07-31T10:50:21Z,312,5,3,13,4,1,1,1,1,1785494928
2026-07-31T10:50:21Z,313,3,1,12,0,0,1,1,1,1785486991
2026-07-31T10:50:21Z,314,4,3,11,3,0,1,1,1,1785486991
2026-07-31T10:50:21Z,315,23,6,6,2,0,1,1,1,1785491768
2026-07-31T10:50:21Z,316,2,0,23,5,1,1,1,1,1785494909
2026-07-31T10:50:21Z,317,0,0,30,0,1,1,1,1,1785494774
2026-07-31T10:50:21Z,318,16,0,3,0,0,1,1,1,1785486991
2026-07-31T10:50:21Z,319,17,3,5,1,0,1,1,1,1785494603
2026-07-31T10:50:21Z,320,17,5,1,1,0,1,1,1,1785494181
2026-07-31T10:50:21Z,321,8,2,7,4,0,1,1,1,1785494719
2026-07-31T10:50:21Z,322,5,1,23,1,0,1,1,1,1785494250
2026-07-31T10:50:21Z,323,9,0,10,0,0,1,1,1,1785492561
2026-07-31T10:50:21Z,324,20,5,6,1,0,1,1,1,1785495008
2026-07-31T10:50:21Z,325,5,3,20,2,0,1,1,1,1785494379
2026-07-31T10:50:21Z,327,24,0,2,1,0,1,1,1,1785494673
2026-07-31T10:50:21Z,328,18,0,3,1,0,1,1,1,1785493903
2026-07-31T10:50:21Z,329,17,0,0,2,0,1,1,1,1785492480
2026-07-31T10:50:21Z,330,0,0,22,0,0,1,1,1,1785494031
2026-07-31T10:50:21Z,331,11,3,11,1,0,1,1,1,1785494930
2026-07-31T10:50:21Z,332,11,3,6,2,0,1,1,1,1785494972
2026-07-31T10:50:21Z,333,2,2,20,1,0,1,1,1,1785492618
2026-07-31T10:50:21Z,334,9,7,14,0,0,1,1,1,1785494691
2026-07-31T10:50:21Z,335,3,1,18,1,1,1,1,1,1785493931
2026-07-31T10:50:21Z,336,18,2,1,0,0,1,1,1,1785487293
2026-07-31T10:50:21Z,337,17,4,1,5,0,1,1,1,1785494784
2026-07-31T10:50:21Z,338,16,7,3,0,0,1,1,1,1785494779
2026-07-31T10:50:21Z,339,21,10,2,0,0,1,1,1,1785494732
2026-07-31T10:50:21Z,340,12,10,2,1,0,1,1,1,1785494356
2026-07-31T10:50:21Z,341,10,3,9,0,0,1,1,1,1785493774
2026-07-31T10:50:21Z,342,12,5,0,3,0,1,1,1,1785492817
2026-07-31T10:50:21Z,343,21,1,1,1,0,1,1,1,1785492630
2026-07-31T10:50:21Z,344,23,9,0,0,0,1,1,1,1785488186
2026-07-31T10:50:21Z,345,19,3,0,0,0,1,1,1,1785487292
2026-07-31T10:50:21Z,346,9,6,14,0,0,1,1,1,1785489426
2026-07-31T10:50:21Z,347,7,3,35,2,0,1,1,1,1785495008
2026-07-31T10:50:21Z,348,20,3,1,1,1,1,1,1,1785494883
2026-07-31T10:50:21Z,349,8,2,11,0,0,1,1,1,1785494111
2026-07-31T10:50:21Z,350,24,3,1,1,1,1,1,1,1785494733
2026-07-31T10:50:21Z,351,18,2,2,3,0,1,1,1,1785494997
2026-07-31T10:50:21Z,355,22,1,1,0,0,1,1,1,1785494179
2026-07-31T10:50:21Z,356,16,0,2,1,0,1,1,1,1785493586
2026-07-31T10:50:21Z,357,13,4,6,0,0,1,1,1,1785485188
2026-07-31T10:50:21Z,358,24,4,2,1,0,1,1,1,1785487594
2026-07-31T10:50:21Z,359,18,0,9,0,0,1,1,1,1785494445
2026-07-31T10:50:21Z,360,13,3,4,2,0,1,1,1,1785494684
2026-07-31T10:50:21Z,362,16,4,1,2,0,1,1,1,1785493387
2026-07-31T10:50:21Z,363,3,0,24,0,0,1,1,1,1785494663
2026-07-31T10:50:21Z,364,19,3,0,0,0,1,1,1,1785487896
2026-07-31T10:50:21Z,365,16,2,3,4,0,1,1,1,1785494142
2026-07-31T10:50:21Z,366,9,7,7,7,0,1,1,1,1785494879
2026-07-31T10:50:21Z,367,14,8,4,1,0,1,1,1,1785494945
2026-07-31T10:50:21Z,368,19,3,2,2,0,1,1,1,1785494176
2026-07-31T10:50:21Z,370,10,7,17,0,0,1,1,1,1785493654
2026-07-31T10:50:21Z,371,5,2,13,1,0,1,1,1,1785495008
2026-07-31T10:50:21Z,372,6,1,9,0,0,1,1,1,1785494163
2026-07-31T10:50:21Z,373,25,9,2,0,0,1,1,1,1785493650
2026-07-31T10:50:21Z,374,17,8,0,2,0,1,1,1,1785494854
2026-07-31T10:50:21Z,375,22,8,2,3,0,1,1,1,1785494857
2026-07-31T10:50:21Z,376,28,3,6,5,0,1,1,1,1785493208
2026-07-31T10:50:21Z,377,23,9,4,0,0,1,1,1,1785493056
2026-07-31T10:50:21Z,378,20,5,2,1,1,1,1,1,1785494990
2026-07-31T10:50:21Z,379,13,0,14,0,0,1,1,1,1785494662
2026-07-31T10:50:21Z,380,20,6,2,1,0,1,1,1,1785493756
2026-07-31T10:50:21Z,381,9,0,14,0,0,1,1,1,1785494807
2026-07-31T10:50:21Z,383,11,0,2,2,0,1,1,1,1785494822
2026-07-31T10:50:21Z,384,24,1,2,1,0,1,1,1,1785492881
2026-07-31T10:50:21Z,385,14,2,2,2,0,1,1,1,1785493153
2026-07-31T10:50:21Z,387,21,2,2,0,0,1,1,1,1785493687
2026-07-31T10:50:21Z,388,18,2,31,0,0,1,1,1,1785494640
2026-07-31T10:50:21Z,389,9,8,6,0,0,1,1,1,1785487293
2026-07-31T10:50:21Z,390,15,0,20,0,0,1,1,1,1785494877
2026-07-31T10:50:21Z,391,4,0,10,1,0,1,1,1,1785487292
2026-07-31T10:50:21Z,392,2,2,16,1,0,1,1,1,1785494973
2026-07-31T10:50:21Z,393,3,3,5,3,0,1,1,1,1785487292
2026-07-31T10:50:21Z,394,6,4,5,2,0,1,1,1,1785494395
2026-07-31T10:50:21Z,396,7,7,32,3,0,1,1,1,1785487595
2026-07-31T10:50:21Z,397,6,5,25,0,0,1,1,1,1785494011
2026-07-31T10:50:21Z,399,12,1,3,2,0,1,1,1,1785494326
2026-07-31T10:50:21Z,400,11,6,9,3,0,1,1,1,1785494724
2026-07-31T10:50:21Z,401,5,0,26,8,0,1,1,1,1785494315
2026-07-31T10:50:21Z,403,1,0,28,2,0,1,1,1,1785494957
2026-07-31T10:50:21Z,404,2,2,20,1,0,1,1,1,1785494495
2026-07-31T10:50:21Z,406,3,2,31,1,0,1,1,1,1785494806
2026-07-31T10:50:21Z,407,16,3,17,1,0,1,1,1,1785493065
2026-07-31T10:50:21Z,408,13,2,19,1,0,1,1,1,1785491284
2026-07-31T10:50:21Z,409,1,0,19,3,0,1,1,1,1785493289
2026-07-31T10:50:21Z,413,20,5,1,2,0,1,1,1,1785493578
2026-07-31T10:50:21Z,414,11,3,3,1,0,1,1,1,1785494613
2026-07-31T10:50:21Z,417,12,7,6,1,0,1,1,1,1785494370
2026-07-31T10:50:21Z,418,1,0,14,0,0,1,1,1,1785490913
2026-07-31T10:50:21Z,419,10,0,12,1,0,1,1,1,1785487895
2026-07-31T10:50:21Z,421,1,0,18,0,0,1,1,1,1785488201
2026-07-31T10:50:21Z,422,4,3,22,1,0,1,1,1,1785493261
2026-07-31T10:50:21Z,423,4,2,19,0,0,1,1,1,1785494704
2026-07-31T10:50:21Z,424,3,2,9,3,0,1,1,1,1785494898
2026-07-31T10:50:21Z,425,19,0,2,0,1,1,1,1,1785491863
2026-07-31T10:50:21Z,426,1,0,34,2,0,1,1,1,1785492043
2026-07-31T10:50:21Z,427,13,1,1,1,0,1,1,1,1785494856
2026-07-31T10:50:21Z,428,17,2,2,0,0,1,1,1,1785494310
2026-07-31T10:50:21Z,429,0,0,21,2,0,1,1,1,1785492151
2026-07-31T10:50:21Z,430,28,0,0,3,0,1,1,1,1785485488
2026-07-31T10:50:21Z,431,15,0,17,1,0,1,1,1,1785488642
2026-07-31T10:50:21Z,432,18,0,11,2,0,0,1,1,1785494673
2026-07-31T10:50:21Z,433,19,6,3,1,0,1,1,1,1785488201
2026-07-31T10:50:21Z,437,2,1,16,1,0,1,1,1,1785492837
2026-07-31T10:50:21Z,438,17,0,1,1,0,1,1,1,1785494914
2026-07-31T10:50:21Z,439,5,0,10,0,0,1,1,1,1785494601
2026-07-31T10:50:21Z,440,12,2,1,2,0,1,1,1,1785494963
2026-07-31T10:50:21Z,441,13,2,1,1,0,1,1,1,1785493649
2026-07-31T10:50:21Z,442,18,9,0,1,0,1,1,1,1785494300
2026-07-31T10:50:21Z,443,4,2,23,0,0,1,1,1,1785485488
2026-07-31T10:50:21Z,444,2,2,21,0,0,1,1,1,1785485488
2026-07-31T10:50:21Z,445,7,2,15,1,0,1,1,1,1785494823
2026-07-31T10:50:21Z,446,0,0,22,1,0,1,1,1,1785494652
2026-07-31T10:50:21Z,447,2,0,19,1,1,1,1,1,1785492174
2026-07-31T10:50:21Z,448,9,4,5,1,0,1,1,1,1785487895
2026-07-31T10:50:21Z,452,9,6,9,1,0,1,1,1,1785494991
2026-07-31T10:50:21Z,453,7,5,7,1,0,1,1,1,1785494607
2026-07-31T10:50:21Z,454,9,0,10,0,0,1,1,1,1785489971
2026-07-31T10:50:21Z,455,2,0,37,0,0,1,1,1,1785492761
2026-07-31T10:50:21Z,456,9,0,10,1,0,1,1,1,1785494761
2026-07-31T10:50:21Z,457,25,2,0,2,0,1,1,1,1785487895
2026-07-31T10:50:21Z,458,11,4,12,0,0,1,1,1,1785493232
2026-07-31T10:50:21Z,459,15,0,0,0,0,1,1,1,1785485789
2026-07-31T10:50:21Z,460,16,2,6,1,0,1,1,1,1785493525
2026-07-31T10:50:21Z,461,5,1,14,0,0,1,1,1,1785487878
2026-07-31T10:50:21Z,462,13,1,8,0,0,1,1,1,1785494791
2026-07-31T10:50:21Z,463,13,1,6,0,0,1,1,1,1785487897
2026-07-31T10:50:21Z,464,3,1,11,0,0,1,1,1,1785485789
2026-07-31T10:50:21Z,465,0,0,14,1,0,1,1,1,1785485789
2026-07-31T10:50:21Z,466,11,3,2,2,0,1,1,1,1785485789
2026-07-31T10:50:21Z,467,3,1,15,1,0,1,1,1,1785494407
2026-07-31T10:50:21Z,468,17,1,1,1,0,1,1,1,1785485789
2026-07-31T10:50:21Z,469,2,1,21,0,0,1,1,1,1785487896
2026-07-31T10:50:21Z,470,12,1,1,2,0,1,1,1,1785494922
2026-07-31T10:50:21Z,471,22,2,5,0,0,1,1,1,1785487895
2026-07-31T10:50:21Z,472,15,4,3,1,0,1,1,1,1785494877
2026-07-31T10:50:21Z,473,19,5,0,0,0,1,1,1,1785485789
2026-07-31T10:50:21Z,474,16,0,3,0,0,1,1,1,1785488959
2026-07-31T10:50:21Z,475,5,1,13,1,0,1,1,1,1785492726
2026-07-31T10:50:21Z,477,9,7,5,1,0,1,1,1,1785492057
2026-07-31T10:50:21Z,478,7,0,23,1,0,1,1,1,1785492276
2026-07-31T10:50:21Z,479,0,0,26,1,0,1,1,1,1785492473
2026-07-31T10:50:21Z,480,3,0,9,3,0,1,1,1,1785494974
2026-07-31T10:50:21Z,481,29,1,5,1,0,1,1,1,1785494960
2026-07-31T10:50:21Z,482,18,6,1,0,0,1,1,1,1785490527
2026-07-31T10:50:21Z,483,1,0,24,2,0,1,1,1,1785494992
2026-07-31T10:50:21Z,484,5,2,13,1,0,1,1,1,1785494900
2026-07-31T10:50:21Z,485,16,6,1,1,1,1,1,1,1785494930
2026-07-31T10:50:21Z,486,25,6,0,2,0,1,1,1,1785494922
2026-07-31T10:50:21Z,487,6,4,12,1,0,1,1,1,1785493687
2026-07-31T10:50:21Z,489,13,7,2,0,0,1,1,1,1785494987
2026-07-31T10:50:21Z,490,2,1,14,0,0,1,1,1,1785492713
2026-07-31T10:50:21Z,491,4,1,17,0,0,1,1,1,1785486090
2026-07-31T10:50:21Z,492,4,2,3,4,0,1,1,1,1785495011
2026-07-31T10:50:21Z,493,0,0,26,1,0,1,1,1,1785487895
2026-07-31T10:50:21Z,495,9,0,3,3,0,1,1,1,1785489700
2026-07-31T10:50:21Z,496,24,1,3,0,0,1,1,1,1785494329
2026-07-31T10:50:21Z,497,16,0,2,1,0,1,1,1,1785494248
2026-07-31T10:50:21Z,498,20,3,2,1,0,1,1,1,1785493313
2026-07-31T10:50:21Z,499,15,0,3,1,0,1,1,1,1785495005
2026-07-31T10:50:21Z,500,7,4,3,5,0,1,1,1,1785494804
2026-07-31T10:50:21Z,501,11,4,10,0,0,1,1,1,1785492885
2026-07-31T10:50:21Z,502,6,0,13,0,0,1,1,1,1785486089
2026-07-31T10:50:21Z,503,25,0,5,1,0,1,1,1,1785494764
2026-07-31T10:50:21Z,504,1,0,38,0,0,1,1,1,1785492055
2026-07-31T10:50:21Z,505,10,1,1,1,0,1,1,1,1785487586
2026-07-31T10:50:21Z,511,5,4,18,0,0,1,1,1,1785494157
2026-07-31T10:50:21Z,512,6,0,21,0,0,1,1,1,1785490938
2026-07-31T10:50:21Z,514,8,0,2,1,0,1,1,1,1785492997
2026-07-31T10:50:21Z,515,2,0,17,0,0,1,1,1,1785487895
2026-07-31T10:50:21Z,516,0,0,27,0,0,1,1,1,1785484039
2026-07-31T10:50:21Z,517,13,2,9,1,0,1,1,1,1785494998
2026-07-31T10:50:21Z,518,13,1,1,1,0,1,1,1,1785494366
2026-07-31T10:50:21Z,519,4,0,13,2,0,1,1,1,1785494724
2026-07-31T10:50:21Z,520,12,8,9,5,1,1,1,1,1785495010
2026-07-31T10:50:21Z,521,18,5,5,0,0,1,1,1,1785494100
2026-07-31T10:50:21Z,522,1,0,21,1,0,1,1,1,1785494985
2026-07-31T10:50:21Z,523,6,4,16,1,0,1,1,1,1785494750
2026-07-31T10:50:21Z,524,0,0,23,0,0,1,1,1,1785494956
2026-07-31T10:50:21Z,525,8,0,11,0,0,1,1,1,1785494735
2026-07-31T10:50:21Z,526,13,1,0,2,0,1,1,1,1785486390
2026-07-31T10:50:21Z,527,5,2,18,3,0,1,1,1,1785494967
2026-07-31T10:50:21Z,528,20,1,2,1,0,1,1,1,1785491758
2026-07-31T10:50:21Z,529,6,3,7,6,0,1,1,1,1785495011
2026-07-31T10:50:21Z,530,13,0,7,1,0,1,1,1,1785493790
2026-07-31T10:50:21Z,531,19,0,2,1,1,1,1,1,1785493153
2026-07-31T10:50:21Z,532,3,3,27,1,0,1,1,1,1785488341
2026-07-31T10:50:21Z,533,8,1,9,2,0,1,1,1,1785486390
2026-07-31T10:50:21Z,534,14,2,9,0,0,1,1,1,1785494507
2026-07-31T10:50:21Z,535,3,0,12,0,0,1,1,1,1785494305
2026-07-31T10:50:21Z,536,2,0,21,0,0,1,1,1,1785494950
2026-07-31T10:50:21Z,537,3,1,17,0,0,1,1,1,1785494448
2026-07-31T10:50:21Z,538,20,7,1,0,2,1,1,1,1785494713
2026-07-31T10:50:21Z,539,5,5,26,0,0,1,1,1,1785488201
2026-07-31T10:50:21Z,540,2,1,17,0,0,1,1,1,1785486391
2026-07-31T10:50:21Z,541,22,2,4,1,0,1,1,1,1785494937
2026-07-31T10:50:21Z,542,4,2,19,0,0,1,1,1,1785493905
2026-07-31T10:50:21Z,543,16,2,2,1,0,1,1,1,1785494968
2026-07-31T10:50:21Z,544,14,1,4,4,0,1,1,1,1785495001
2026-07-31T10:50:21Z,545,4,0,13,2,0,1,1,1,1785494931
2026-07-31T10:50:21Z,546,15,8,4,0,0,1,1,1,1785494355
2026-07-31T10:50:21Z,547,19,1,6,0,0,1,1,1,1785494297
2026-07-31T10:50:21Z,548,14,1,9,0,0,1,1,1,1785486390
2026-07-31T10:50:21Z,549,20,0,3,0,0,1,1,1,1785494873
2026-07-31T10:50:21Z,550,13,0,6,0,0,1,1,1,1785495012
2026-07-31T10:50:21Z,551,16,4,7,0,0,1,1,1,1785486390
2026-07-31T10:50:21Z,552,27,3,0,0,0,1,1,1,1785486390
2026-07-31T10:50:21Z,553,15,1,5,2,1,1,1,1,1785494957
2026-07-31T10:50:21Z,554,1,1,18,0,0,1,1,1,1785486691
2026-07-31T10:50:21Z,555,12,5,2,1,0,1,1,1,1785493469
2026-07-31T10:50:21Z,556,19,4,2,2,0,1,1,1,1785494986
2026-07-31T10:50:21Z,557,7,4,11,5,0,1,1,1,1785494913
2026-07-31T10:50:21Z,558,32,3,5,0,0,1,1,1,1785494250
2026-07-31T10:50:21Z,559,0,0,18,1,0,1,1,1,1785492602
2026-07-31T10:50:21Z,560,10,0,17,0,0,1,1,1,1785492157
2026-07-31T10:50:21Z,561,16,2,6,1,0,1,1,1,1785494469
2026-07-31T10:50:21Z,562,3,0,29,3,0,1,1,1,1785486691
2026-07-31T10:50:21Z,563,10,0,4,0,0,1,1,1,1785490429
2026-07-31T10:50:21Z,564,10,0,8,1,0,1,1,1,1785493840
2026-07-31T10:50:21Z,565,6,1,13,0,0,1,1,1,1785494896
2026-07-31T10:50:21Z,566,13,0,5,1,0,1,1,1,1785494874
2026-07-31T10:50:21Z,567,26,1,0,1,0,1,1,1,1785493771
2026-07-31T10:50:21Z,568,14,0,4,1,0,1,1,1,1785490328
2026-07-31T10:50:21Z,569,15,2,4,0,0,1,1,1,1785492410
2026-07-31T10:50:21Z,570,12,0,7,0,0,1,1,1,1785491560
2026-07-31T10:50:21Z,571,1,0,22,0,0,1,1,1,1785493752
2026-07-31T10:50:21Z,572,14,4,4,1,0,1,1,1,1785491187
2026-07-31T10:50:21Z,573,13,0,2,0,0,1,1,1,1785486691
2026-07-31T10:50:21Z,574,8,3,7,0,0,1,1,1,1785494679
2026-07-31T10:50:21Z,575,4,0,16,1,0,1,1,1,1785494906
2026-07-31T10:50:21Z,576,2,0,15,2,0,1,1,1,1785494813
2026-07-31T10:50:21Z,577,14,0,17,0,0,1,1,1,1785494976
2026-07-31T10:50:21Z,578,14,9,8,1,0,1,1,1,1785494654
2026-07-31T10:50:21Z,579,4,0,39,0,0,1,1,1,1785486691
2026-07-31T10:50:21Z,580,4,0,25,0,0,1,1,1,1785493686
2026-07-31T10:50:21Z,581,14,1,5,0,0,1,1,1,1785494959
2026-07-31T10:50:21Z,582,20,0,40,2,0,1,1,1,1785495007
2026-07-31T10:50:21Z,583,23,1,0,0,0,1,1,1,1785492035
2026-07-31T10:50:21Z,584,9,4,6,4,0,1,1,1,1785486691
2026-07-31T10:50:21Z,585,13,2,13,0,1,1,1,1,1785493978
2026-07-31T10:50:21Z,586,10,0,25,0,0,1,1,1,1785494120
2026-07-31T10:50:21Z,587,18,0,5,1,0,1,1,1,1785494453
2026-07-31T10:50:21Z,588,11,3,5,2,1,1,1,1,1785494810
2026-07-31T10:50:21Z,589,0,0,0,23,0,1,1,1,1785494940
2026-07-31T10:50:21Z,590,17,2,12,2,0,1,1,1,1785492102
2026-07-31T10:50:21Z,591,26,0,2,2,0,1,1,1,1785494620
2026-07-31T10:50:21Z,592,11,0,12,0,0,1,1,1,1785495011
2026-07-31T10:50:21Z,593,0,0,38,0,0,1,1,1,1785488201
2026-07-31T10:50:21Z,594,7,0,11,3,0,1,1,1,1785495011
2026-07-31T10:50:21Z,595,0,0,3,0,0,0,1,1,1784046673
2026-07-31T10:50:21Z,605,0,0,2,1,0,0,1,1,1783975843
2026-07-31T10:50:21Z,606,0,0,0,0,0,0,1,1,86400
2026-07-31T10:50:21Z,607,10,2,21,1,0,1,1,1,1785494678
2026-07-31T10:50:21Z,608,0,0,50,0,0,1,1,1,1785494810
2026-07-31T10:50:21Z,609,0,0,23,0,0,1,1,1,1785494652
2026-07-31T10:50:21Z,610,1,0,34,0,0,1,1,1,1785494557
2026-07-31T10:50:21Z,611,13,0,13,1,0,1,1,1,1785494266
2026-07-31T10:50:21Z,612,6,1,9,0,0,1,1,1,1785486691
2026-07-31T10:50:21Z,613,9,0,2,4,0,1,1,1,1785489318
2026-07-31T10:50:21Z,614,1,1,23,2,1,1,1,1,1785488202
2026-07-31T10:50:21Z,617,10,0,3,2,0,1,1,1,1785494811
2026-07-31T10:50:21Z,618,13,2,1,5,0,1,1,1,1785486690
2026-07-31T10:50:21Z,619,3,1,15,1,0,1,1,1,1785494782
2026-07-31T10:50:21Z,620,0,0,27,0,0,1,1,1,1785494435
2026-07-31T10:50:21Z,621,4,1,18,1,0,1,1,1,1785494815
2026-07-31T10:50:21Z,622,5,2,17,1,0,1,1,1,1785488201
2026-07-31T10:50:21Z,623,10,2,19,1,0,1,1,1,1785493892
2026-07-31T10:50:21Z,624,1,0,14,0,0,1,1,1,1785493218
2026-07-31T10:50:21Z,625,5,0,14,2,0,1,1,1,1785494153
2026-07-31T10:50:21Z,626,4,0,41,0,2,1,1,1,1785494764
2026-07-31T10:50:21Z,627,14,6,5,0,0,1,1,1,1785493197
2026-07-31T10:50:21Z,628,0,0,15,2,2,1,1,1,1785494728
2026-07-31T10:50:21Z,629,4,1,6,1,0,1,1,1,1785494788
2026-07-31T10:50:21Z,630,3,2,21,3,0,1,1,1,1785494923
2026-07-31T10:50:21Z,631,2,1,21,0,0,1,1,1,1785488201
2026-07-31T10:50:21Z,632,20,0,1,2,0,1,1,1,1785492884
2026-07-31T10:50:21Z,633,11,1,0,4,0,1,1,1,1785494861
2026-07-31T10:50:21Z,634,11,2,8,0,0,1,1,1,1785486991
2026-07-31T10:50:21Z,635,16,1,3,0,0,1,1,1,1785494941
2026-07-31T10:50:21Z,636,10,2,5,0,0,1,1,1,1785488201
2026-07-31T10:50:21Z,637,7,0,12,0,0,1,1,1,1785490209
2026-07-31T10:50:21Z,638,9,2,8,2,0,1,1,1,1785493430
2026-07-31T10:50:21Z,639,5,1,11,3,0,1,1,1,1785479066
2026-07-31T10:50:21Z,640,3,3,19,1,0,1,1,1,1785494924
2026-07-31T10:50:21Z,641,16,0,8,2,0,1,1,1,1785494076
2026-07-31T10:50:21Z,642,5,2,6,8,0,1,1,1,1785495011
2026-07-31T10:50:21Z,643,3,0,17,7,0,1,1,1,1785495009
2026-07-31T10:50:21Z,644,12,0,2,1,0,1,1,1,1785486991
2026-07-31T10:50:21Z,645,11,0,10,1,1,1,1,1,1785488495
2026-07-31T10:50:21Z,646,7,2,12,0,0,1,1,1,1785494802
2026-07-31T10:50:21Z,647,29,1,2,0,0,1,1,1,1785492741
2026-07-31T10:50:21Z,648,6,0,12,1,0,1,1,1,1785490674
2026-07-31T10:50:21Z,649,19,3,11,1,0,1,1,1,1785493644
2026-07-31T10:50:21Z,650,5,1,9,0,0,1,1,1,1785488201
2026-07-31T10:50:21Z,651,8,7,15,0,0,1,1,1,1785494343
2026-07-31T10:50:21Z,652,3,2,18,2,0,1,1,1,1785494912
2026-07-31T10:50:21Z,653,9,1,8,2,0,1,1,1,1785494586
2026-07-31T10:50:21Z,654,2,2,13,0,0,1,1,1,1785488202
2026-07-31T10:50:21Z,655,7,3,1,4,1,1,1,1,1785494846
2026-07-31T10:50:21Z,656,18,7,1,0,0,1,1,1,1785494552
2026-07-31T10:50:21Z,657,9,1,3,2,3,1,1,1,1785494873
2026-07-31T10:50:21Z,658,9,1,1,0,0,1,1,1,1785473427
2026-07-31T10:50:21Z,659,8,3,5,2,0,1,1,1,1785488201
2026-07-31T10:50:21Z,660,13,0,14,4,0,1,1,1,1785494834
2026-07-31T10:50:21Z,661,2,1,17,0,0,1,1,1,1785492505
2026-07-31T10:50:21Z,662,4,3,16,3,0,1,1,1,1785493876
2026-07-31T10:50:21Z,663,12,5,2,1,0,1,1,1,1785493447
2026-07-31T10:50:21Z,664,0,0,27,0,0,1,1,1,1785488202
2026-07-31T10:50:21Z,665,12,3,3,0,0,1,1,1,1785488202
2026-07-31T10:50:21Z,666,7,2,6,2,0,1,1,1,1785488201
2026-07-31T10:50:21Z,667,0,0,19,0,0,1,1,1,1785486991
2026-07-31T10:50:21Z,668,10,1,8,1,0,1,1,1,1785488201
2026-07-31T10:50:21Z,669,13,5,1,0,0,1,1,1,1785493864
2026-07-31T10:50:21Z,670,9,2,17,1,0,1,1,1,1785494714
2026-07-31T10:50:21Z,671,23,5,3,1,0,1,1,1,1785494418
2026-07-31T10:50:21Z,672,12,2,7,3,1,1,1,1,1785491597
2026-07-31T10:50:21Z,673,13,0,8,2,0,1,1,1,1785494648
2026-07-31T10:50:21Z,674,5,3,15,3,0,1,1,1,1785494813
2026-07-31T10:50:21Z,675,11,7,2,2,0,1,1,1,1785494880
2026-07-31T10:50:21Z,676,6,0,15,1,0,1,1,1,1785493473
2026-07-31T10:50:21Z,681,11,3,2,2,0,1,1,1,1785494497
2026-07-31T10:50:21Z,682,4,1,14,1,0,1,1,1,1785486991
2026-07-31T10:50:21Z,683,4,1,15,0,0,1,1,1,1785493800
2026-07-31T10:50:21Z,684,3,0,24,0,0,1,1,1,1785487883
2026-07-31T10:50:21Z,685,10,0,15,1,1,1,1,1,1785488201
2026-07-31T10:50:21Z,686,11,0,14,2,0,1,1,1,1785494901
2026-07-31T10:50:21Z,687,11,0,18,1,1,1,1,1,1785494913
2026-07-31T10:50:21Z,688,10,0,2,7,0,1,1,1,1785494987
2026-07-31T10:50:21Z,692,2,0,19,0,0,1,1,1,1785494913
2026-07-31T10:50:21Z,693,6,0,2,3,0,1,1,1,1785494422
2026-07-31T10:50:21Z,694,8,5,13,0,0,1,1,1,1785494183
2026-07-31T10:50:21Z,695,16,11,7,0,0,1,1,1,1785494331
2026-07-31T10:50:21Z,696,18,13,3,2,0,1,1,1,1785494254
2026-07-31T10:50:21Z,697,22,2,1,0,0,1,1,1,1785493839
2026-07-31T10:50:21Z,698,24,1,3,0,0,1,1,1,1785494279
2026-07-31T10:50:21Z,699,7,0,7,1,0,1,1,1,1785494730
2026-07-31T10:50:21Z,700,19,4,0,0,0,1,1,1,1785494867
2026-07-31T10:50:21Z,701,17,6,2,0,0,1,1,1,1785494298
2026-07-31T10:50:21Z,702,19,0,4,0,0,1,1,1,1785494873
2026-07-31T10:50:21Z,704,8,2,7,0,0,1,1,1,1785493691
2026-07-31T10:50:21Z,705,4,2,9,2,0,1,1,1,1785494971
2026-07-31T10:50:21Z,706,12,2,0,3,0,1,1,1,1785494258
2026-07-31T10:50:21Z,707,10,2,5,0,0,1,1,1,1785494888
2026-07-31T10:50:21Z,708,17,2,1,1,0,1,1,1,1785494984
2026-07-31T10:50:21Z,709,10,0,2,3,0,1,1,1,1785494924
2026-07-31T10:50:21Z,710,17,3,1,1,0,1,1,1,1785494338
2026-07-31T10:50:21Z,711,19,4,0,4,0,1,1,1,1785494406
2026-07-31T10:50:21Z,712,12,9,3,0,0,1,1,1,1785494934
2026-07-31T10:50:21Z,713,5,0,18,0,0,1,1,1,1785493561
2026-07-31T10:50:21Z,716,4,2,11,0,0,1,1,1,1785494617
2026-07-31T10:50:21Z,717,4,2,18,3,0,1,1,1,1785494701
2026-07-31T10:50:21Z,718,3,1,11,1,0,1,1,1,1785494436
2026-07-31T10:50:21Z,719,8,2,21,0,0,1,1,1,1785493861
2026-07-31T10:50:21Z,720,2,1,17,0,0,1,1,1,1785494906
2026-07-31T10:50:21Z,721,0,0,21,2,0,1,1,1,1785493899
2026-07-31T10:50:21Z,722,5,0,10,0,0,1,1,1,1785494662
2026-07-31T10:50:21Z,723,12,1,11,0,0,1,1,1,1785494741
2026-07-31T10:50:21Z,724,21,4,2,0,0,1,1,1,1785494045
2026-07-31T10:50:21Z,725,21,6,1,1,0,1,1,1,1785493868
2026-07-31T10:50:21Z,726,18,3,1,0,0,1,1,1,1785493912
2026-07-31T10:50:21Z,727,9,4,12,2,0,1,1,1,1785493847
2026-07-31T10:50:21Z,728,9,0,5,1,0,1,1,1,1785493393
2026-07-31T10:50:21Z,729,3,0,16,0,0,1,1,1,1785494897
2026-07-31T10:50:21Z,730,3,2,10,2,0,1,1,1,1785493990
2026-07-31T10:50:21Z,731,9,3,5,1,0,1,1,1,1785494918
2026-07-31T10:50:21Z,732,8,5,7,0,0,1,1,1,1785494838
2026-07-31T10:50:21Z,733,4,0,23,0,0,1,1,1,1785494942
2026-07-31T10:50:21Z,734,0,0,13,1,0,1,1,1,1785495010
2026-07-31T10:50:21Z,735,3,2,24,0,0,1,1,1,1785494802
2026-07-31T10:50:21Z,736,6,0,13,0,0,1,1,1,1785493535
2026-07-31T10:50:21Z,737,4,3,10,0,1,1,1,1,1785493528
2026-07-31T10:50:21Z,738,16,5,1,2,0,1,1,1,1785493577
2026-07-31T10:50:21Z,739,19,2,7,1,0,1,1,1,1785494974
2026-07-31T10:50:21Z,741,7,1,16,0,0,1,1,1,1785493426
2026-07-31T10:50:21Z,742,6,1,26,3,0,1,1,1,1785494622
2026-07-31T10:50:21Z,743,9,3,8,2,0,1,1,1,1785493295
2026-07-31T10:50:21Z,744,10,4,4,1,0,1,1,1,1785493801
2026-07-31T10:50:21Z,745,14,4,4,1,0,1,1,1,1785493811
2026-07-31T10:50:21Z,746,11,3,10,2,0,1,1,1,1785494872
2026-07-31T10:50:21Z,747,0,0,4,0,0,0,1,1,1783446606
2026-07-31T10:50:21Z,748,10,1,13,0,0,1,1,1,1785494608
2026-07-31T10:50:21Z,749,5,5,17,1,0,1,1,1,1785494524
2026-07-31T10:50:21Z,750,1,1,10,0,0,1,1,1,1785494852
2026-07-31T10:50:21Z,751,11,1,12,0,0,1,1,1,1785494038
2026-07-31T10:50:21Z,752,13,1,3,1,0,1,1,1,1785490194
2026-07-31T10:50:21Z,753,5,0,10,0,0,1,1,1,1785493935
2026-07-31T10:50:21Z,754,2,1,12,1,0,1,1,1,1785494472
2026-07-31T10:50:21Z,755,12,2,10,1,0,1,1,1,1785494991
2026-07-31T10:50:21Z,756,4,1,33,0,0,1,1,1,1785494748
2026-07-31T10:50:21Z,757,15,8,4,0,0,1,1,1,1785494591
2026-07-31T10:50:21Z,758,22,3,1,0,0,1,1,1,1785494778
2026-07-31T10:50:21Z,759,3,2,12,0,0,1,1,1,1785493925
2026-07-31T10:50:21Z,760,8,3,11,0,0,1,1,1,1785488200
2026-07-31T10:50:21Z,761,17,0,5,1,0,1,1,1,1785493807
2026-07-31T10:50:21Z,762,6,3,4,5,0,1,1,1,1785494887
2026-07-31T10:50:21Z,768,8,0,8,3,0,1,1,1,1785494030
2026-07-31T10:50:21Z,769,16,12,3,0,0,1,1,1,1785494443
2026-07-31T10:50:21Z,770,11,3,6,2,0,1,1,1,1785493593
2026-07-31T10:50:21Z,771,13,3,1,1,0,1,1,1,1785494850
2026-07-31T10:50:21Z,772,8,3,7,0,0,1,1,1,1785494805
2026-07-31T10:50:21Z,773,15,4,4,0,0,1,1,1,1785493488
2026-07-31T10:50:21Z,774,10,5,2,3,0,1,1,1,1785493428
2026-07-31T10:50:21Z,775,7,0,10,1,1,1,1,1,1785494713
2026-07-31T10:50:21Z,776,3,1,17,1,0,1,1,1,1785493821
2026-07-31T10:50:21Z,777,10,0,2,3,0,1,1,1,1785493572
2026-07-31T10:50:21Z,778,13,0,3,3,0,1,1,1,1785493614
2026-07-31T10:50:21Z,779,8,1,10,1,0,1,1,1,1785494401
2026-07-31T10:50:21Z,780,17,4,1,1,0,1,1,1,1785494531
2026-07-31T10:50:21Z,781,4,0,4,3,0,1,1,1,1785494330
2026-07-31T10:50:21Z,782,4,3,11,4,0,1,1,1,1785494702
2026-07-31T10:50:21Z,783,6,0,13,0,0,1,1,1,1785494397
2026-07-31T10:50:21Z,784,19,2,0,0,0,1,1,1,1785494006
2026-07-31T10:50:21Z,785,11,2,2,6,0,1,1,1,1785494572
2026-07-31T10:50:21Z,786,12,5,7,0,0,1,1,1,1785494544
2026-07-31T10:50:21Z,787,11,5,2,2,0,1,1,1,1785493854
2026-07-31T10:50:21Z,788,3,0,12,0,0,1,1,1,1785494887
2026-07-31T10:50:21Z,789,8,1,3,4,0,1,1,1,1785493303
2026-07-31T10:50:21Z,790,3,0,20,0,0,1,1,1,1785493711
2026-07-31T10:50:21Z,791,8,1,10,0,1,1,1,1,1785494086
2026-07-31T10:50:21Z,793,4,0,10,1,0,1,1,1,1785493442
2026-07-31T10:50:21Z,794,12,4,15,2,0,1,1,1,1785494724
2026-07-31T10:50:21Z,796,0,0,17,2,0,1,1,1,1785493244
2026-07-31T10:50:21Z,797,2,0,13,0,0,1,1,1,1785494961
2026-07-31T10:50:21Z,798,10,1,14,1,0,1,1,1,1785494904
2026-07-31T10:50:21Z,799,15,1,1,3,0,1,1,1,1785493212
2026-07-31T10:50:21Z,800,2,0,18,1,0,1,1,1,1785494660
2026-07-31T10:50:21Z,801,4,2,16,1,0,1,1,1,1785493270
2026-07-31T10:50:21Z,802,8,0,23,0,0,1,1,1,1785493381
2026-07-31T10:50:21Z,803,1,1,14,0,0,1,1,1,1785494855
2026-07-31T10:50:21Z,806,8,3,7,0,0,1,1,1,1785488200
2026-07-31T10:50:21Z,807,14,0,8,3,0,1,1,1,1785493656
2026-07-31T10:50:21Z,808,0,0,23,2,0,1,1,1,1785488225
2026-07-31T10:50:21Z,809,4,0,18,1,0,1,1,1,1785493218
2026-07-31T10:50:21Z,810,2,0,13,4,0,1,1,1,1785493673
2026-07-31T10:50:21Z,815,4,1,6,4,1,1,1,1,1785493354
2026-07-31T10:50:21Z,817,11,5,4,0,0,1,1,1,1785494911
2026-07-31T10:50:21Z,818,6,0,16,1,0,1,1,1,1785493798
2026-07-31T10:50:21Z,819,6,4,9,0,0,1,1,1,1785487291
2026-07-31T10:50:21Z,820,8,2,9,0,0,1,1,1,1785494287
2026-07-31T10:50:21Z,821,2,1,13,0,0,1,1,1,1785493402
2026-07-31T10:50:21Z,822,2,0,19,2,0,1,1,1,1785493732
2026-07-31T10:50:21Z,823,0,0,14,1,0,1,1,1,1785494688
2026-07-31T10:50:21Z,824,13,4,5,1,0,1,1,1,1785494154
2026-07-31T10:50:21Z,825,7,4,8,0,0,1,1,1,1785493925
2026-07-31T10:50:21Z,826,10,2,8,1,0,1,1,1,1785494172
2026-07-31T10:50:21Z,827,16,5,4,1,0,1,1,1,1785493679
2026-07-31T10:50:21Z,828,10,0,7,1,0,1,1,1,1785493566
2026-07-31T10:50:21Z,829,16,7,11,0,0,1,1,1,1785494420
2026-07-31T10:50:21Z,830,15,3,7,1,0,1,1,1,1785494390
2026-07-31T10:50:21Z,831,7,2,7,1,0,1,1,1,1785494653
2026-07-31T10:50:21Z,832,10,3,5,3,0,1,1,1,1785494880
2026-07-31T10:50:21Z,833,1,0,17,1,0,1,1,1,1785494502
2026-07-31T10:50:21Z,834,2,0,21,1,0,1,1,1,1785494054
2026-07-31T10:50:21Z,835,16,6,0,2,0,1,1,1,1785494235
2026-07-31T10:50:21Z,837,5,1,0,10,0,1,1,1,1785494728
2026-07-31T10:50:21Z,838,13,3,2,0,0,1,1,1,1785493579
2026-07-31T10:50:21Z,839,20,1,9,0,0,1,1,1,1785494960
2026-07-31T10:50:21Z,840,8,4,19,2,0,1,1,1,1785494670
2026-07-31T10:50:21Z,841,7,1,8,0,0,1,1,1,1785494649
2026-07-31T10:50:21Z,842,7,2,16,0,0,1,1,1,1785494457
2026-07-31T10:50:21Z,843,8,0,22,1,0,1,1,1,1785494710
2026-07-31T10:50:21Z,844,6,0,17,0,0,1,1,1,1785494659
2026-07-31T10:50:21Z,845,5,3,12,2,0,1,1,1,1785494836
2026-07-31T10:50:21Z,846,3,0,14,2,0,1,1,1,1785493971
2026-07-31T10:50:21Z,847,7,1,20,0,0,1,1,1,1785493766
2026-07-31T10:50:21Z,848,10,3,8,1,0,1,1,1,1785488215
2026-07-31T10:50:21Z,849,6,1,8,1,0,1,1,1,1785494927
2026-07-31T10:50:21Z,850,8,0,2,1,0,1,1,1,1785494138
2026-07-31T10:50:21Z,851,3,3,32,2,0,1,1,1,1785494964
2026-07-31T10:50:21Z,852,12,6,7,0,0,1,1,1,1785494548
2026-07-31T10:50:21Z,853,10,5,13,0,0,1,1,1,1785493614
2026-07-31T10:50:21Z,854,3,2,12,0,0,1,1,1,1785493675
2026-07-31T10:50:21Z,855,25,0,2,0,0,1,1,1,1785488200
2026-07-31T10:50:21Z,857,2,2,17,0,0,1,1,1,1785494918
2026-07-31T10:50:21Z,858,4,1,14,1,0,1,1,1,1785493393
2026-07-31T10:50:21Z,859,3,0,17,1,0,1,1,1,1785493615
2026-07-31T10:50:21Z,861,8,1,2,1,0,1,1,1,1785488201
2026-07-31T10:50:21Z,862,2,2,13,0,0,1,1,1,1785494677
2026-07-31T10:50:21Z,863,13,0,5,1,0,1,1,1,1785488200
2026-07-31T10:50:21Z,866,11,3,8,0,0,1,1,1,1785494986
2026-07-31T10:50:21Z,867,12,0,3,0,0,1,1,1,1785494292
2026-07-31T10:50:21Z,868,13,2,2,0,0,1,1,1,1785494504
2026-07-31T10:50:21Z,870,7,4,6,2,0,1,1,1,1785494724
2026-07-31T10:50:21Z,871,0,0,10,1,0,1,1,1,1785494096
2026-07-31T10:50:21Z,872,0,0,14,1,0,1,1,1,1785494641
2026-07-31T10:50:21Z,873,0,0,32,1,0,1,1,1,1785494641
2026-07-31T10:50:21Z,874,4,1,8,3,0,1,1,1,1785494825
2026-07-31T10:50:21Z,875,14,10,0,1,0,1,1,1,1785494794
2026-07-31T10:50:21Z,877,11,10,6,2,0,1,1,1,1785494255
2026-07-31T10:50:21Z,878,3,2,15,1,0,1,1,1,1785494835
2026-07-31T10:50:21Z,879,1,0,18,0,0,1,1,1,1785493876
2026-07-31T10:50:21Z,880,2,0,20,1,0,1,1,1,1785494796
2026-07-31T10:50:21Z,881,2,0,17,0,0,1,1,1,1785494689
2026-07-31T10:50:21Z,882,10,0,6,3,0,1,1,1,1785488200
2026-07-31T10:50:21Z,883,10,6,9,0,0,1,1,1,1785494950
2026-07-31T10:50:21Z,884,11,7,10,0,0,1,1,1,1785494247
2026-07-31T10:50:21Z,885,1,0,18,0,0,1,1,1,1785494532
2026-07-31T10:50:21Z,886,15,1,12,2,0,1,1,1,1785494871
2026-07-31T10:50:21Z,887,3,1,11,3,0,1,1,1,1785493428
2026-07-31T10:50:21Z,888,15,0,24,2,0,1,1,1,1785494813
2026-07-31T10:50:21Z,889,16,0,1,2,0,1,1,1,1785494837
2026-07-31T10:50:21Z,890,6,4,9,0,0,1,1,1,1785489632
2026-07-31T10:50:21Z,891,20,0,2,1,0,1,1,1,1785494984
2026-07-31T10:50:21Z,892,13,1,2,0,0,1,1,1,1785488200
2026-07-31T10:50:21Z,895,0,0,18,1,0,1,1,1,1785489208
2026-07-31T10:50:21Z,896,6,0,29,0,0,1,1,1,1785493238
2026-07-31T10:50:21Z,897,11,1,10,0,0,1,1,1,1785494728
2026-07-31T10:50:21Z,898,2,0,17,0,0,1,1,1,1785494450
2026-07-31T10:50:21Z,899,0,0,18,1,0,1,1,1,1785493683
2026-07-31T10:50:21Z,900,17,1,8,2,0,1,1,1,1785494721
2026-07-31T10:50:21Z,901,9,0,9,1,0,1,1,1,1785494352
2026-07-31T10:50:21Z,902,9,0,5,1,0,1,1,1,1785494386
2026-07-31T10:50:21Z,903,14,2,4,1,0,1,1,1,1785493839
2026-07-31T10:50:21Z,904,10,4,8,1,0,1,1,1,1785494841
2026-07-31T10:50:21Z,905,6,1,21,0,0,1,1,1,1785494947
2026-07-31T10:50:21Z,906,6,3,21,0,0,1,1,1,1785494845
2026-07-31T10:50:21Z,907,7,2,24,0,0,1,1,1,1785494396
2026-07-31T10:50:21Z,908,11,0,12,0,0,1,1,1,1785494830
2026-07-31T10:50:21Z,909,13,3,9,1,0,1,1,1,1785494540
2026-07-31T10:50:21Z,910,26,1,5,0,0,1,1,1,1785494800
2026-07-31T10:50:21Z,911,4,1,15,0,0,1,1,1,1785494384
2026-07-31T10:50:21Z,912,10,4,11,2,0,1,1,1,1785494553
2026-07-31T10:50:21Z,913,3,1,16,0,0,1,1,1,1785493551
2026-07-31T10:50:21Z,914,8,3,11,0,0,1,1,1,1785494977
2026-07-31T10:50:21Z,915,10,1,12,1,0,1,1,1,1785494945
2026-07-31T10:50:21Z,916,22,7,0,1,0,1,1,1,1785494995
2026-07-31T10:50:21Z,917,9,2,24,2,0,1,1,1,1785494935
2026-07-31T10:50:21Z,918,13,4,4,2,0,1,1,1,1785494898
2026-07-31T10:50:21Z,919,14,0,23,2,0,1,1,1,1785494396
2026-07-31T10:50:21Z,920,4,2,15,0,0,1,1,1,1785493364
2026-07-31T10:50:21Z,921,12,0,9,0,0,1,1,1,1785494520
2026-07-31T10:50:21Z,922,3,1,17,1,0,1,1,1,1785494501
2026-07-31T10:50:21Z,923,19,2,0,0,0,1,1,1,1785494194
2026-07-31T10:50:21Z,924,8,2,13,0,0,1,1,1,1785493717
2026-07-31T10:50:21Z,925,13,0,8,0,0,1,1,1,1785495000
2026-07-31T10:50:21Z,926,0,0,21,0,0,1,1,1,1785493321
2026-07-31T10:50:21Z,927,2,0,33,0,0,1,1,1,1785494412
2026-07-31T10:50:21Z,928,5,3,14,0,0,0,1,1,1785464301
2026-07-31T10:50:21Z,929,0,0,23,0,0,1,1,1,1785494153
2026-07-31T10:50:21Z,930,0,0,30,1,0,1,1,1,1785494757
2026-07-31T10:50:21Z,931,8,4,15,0,0,1,1,1,1785494861
2026-07-31T10:50:21Z,932,2,0,14,3,0,1,1,1,1785494905
2026-07-31T10:50:21Z,933,0,0,23,0,0,1,1,1,1785493986
2026-07-31T10:50:21Z,934,3,0,27,1,0,1,1,1,1785494722
2026-07-31T10:50:21Z,935,12,4,6,1,0,1,1,1,1785494045
2026-07-31T10:50:21Z,936,4,1,15,0,0,1,1,1,1785456801
2026-07-31T10:50:21Z,940,9,0,2,0,0,1,1,1,1785494277
2026-07-31T10:50:21Z,941,9,1,14,2,0,1,1,1,1785493928
2026-07-31T10:50:21Z,942,6,1,14,1,0,1,1,1,1785493818
2026-07-31T10:50:21Z,943,9,8,6,0,0,1,1,1,1785494750
2026-07-31T10:50:21Z,944,9,8,6,0,0,1,1,1,1785494569
2026-07-31T10:50:21Z,945,10,8,5,0,0,1,1,1,1785494083
2026-07-31T10:50:21Z,946,7,5,12,0,0,1,1,1,1785487593
2026-07-31T10:50:21Z,947,7,5,10,0,0,1,1,1,1785494583
2026-07-31T10:50:21Z,948,23,8,3,5,0,1,1,1,1785494054
2026-07-31T10:50:21Z,949,2,2,13,0,0,1,1,1,1785494791
2026-07-31T10:50:21Z,950,13,4,3,1,0,1,1,1,1785494595
2026-07-31T10:50:21Z,951,18,4,4,1,0,1,1,1,1785494804
2026-07-31T10:50:21Z,952,12,1,43,0,0,1,1,1,1785494915
2026-07-31T10:50:21Z,953,13,2,1,1,0,1,1,1,1785493853
2026-07-31T10:50:21Z,954,17,4,2,0,0,1,1,1,1785494699
2026-07-31T10:50:21Z,955,4,3,17,6,0,1,1,1,1785493675
2026-07-31T10:50:21Z,956,21,0,1,1,0,1,1,1,1785494630
2026-07-31T10:50:21Z,957,15,0,14,0,0,1,1,1,1785493992
2026-07-31T10:50:21Z,958,18,2,13,0,0,1,1,1,1785494975
2026-07-31T10:50:21Z,959,20,8,0,3,0,1,1,1,1785494480
2026-07-31T10:50:21Z,960,20,0,2,1,0,1,1,1,1785494963
2026-07-31T10:50:21Z,961,3,2,17,3,0,1,1,1,1785493492
2026-07-31T10:50:21Z,962,9,3,23,3,0,1,1,1,1785493762
2026-07-31T10:50:21Z,963,9,0,13,1,0,1,1,1,1785494679
2026-07-31T10:50:21Z,964,18,8,4,1,0,1,1,1,1785494322
2026-07-31T10:50:21Z,965,6,2,20,1,0,1,1,1,1785494797
2026-07-31T10:50:21Z,966,25,0,6,0,0,1,1,1,1785494139
2026-07-31T10:50:21Z,967,18,0,2,1,0,1,1,1,1785494419
2026-07-31T10:50:21Z,968,16,0,2,1,0,1,1,1,1785494790
2026-07-31T10:50:21Z,969,11,7,14,2,0,1,1,1,1785494745
2026-07-31T10:50:21Z,970,11,1,6,2,0,1,1,1,1785494912
2026-07-31T10:50:21Z,971,10,0,12,1,0,1,1,1,1785494888
2026-07-31T10:50:21Z,972,9,1,13,1,0,1,1,1,1785494556
2026-07-31T10:50:21Z,973,8,4,14,1,0,1,1,1,1785494070
2026-07-31T10:50:21Z,974,15,0,12,0,0,1,1,1,1785494723
2026-07-31T10:50:21Z,977,7,7,11,3,0,1,1,1,1785494819
2026-07-31T10:50:21Z,978,11,0,12,0,0,1,1,1,1785493873
2026-07-31T10:50:21Z,979,13,1,4,0,0,1,1,1,1785493410
2026-07-31T10:50:21Z,980,1,0,18,2,0,1,1,1,1785494154
2026-07-31T10:50:21Z,981,18,0,2,1,0,1,1,1,1785494319
2026-07-31T10:50:21Z,982,3,1,14,2,0,1,1,1,1785494617
2026-07-31T10:50:21Z,983,2,1,20,1,0,1,1,1,1785493220
2026-07-31T10:50:21Z,984,6,0,17,0,0,1,1,1,1785494231
2026-07-31T10:50:21Z,985,13,0,18,0,0,1,1,1,1785494668
2026-07-31T10:50:21Z,986,4,0,15,0,0,1,1,1,1785494615
2026-07-31T10:50:21Z,987,6,0,16,1,0,1,1,1,1785493342
2026-07-31T10:50:21Z,988,5,1,13,1,0,1,1,1,1785494770
2026-07-31T10:50:21Z,989,9,4,10,0,0,1,1,1,1785493758
2026-07-31T10:50:21Z,990,13,1,0,2,0,1,1,1,1785494814
2026-07-31T10:50:21Z,991,10,2,8,1,0,1,1,1,1785494486
2026-07-31T10:50:21Z,992,10,7,12,1,0,1,1,1,1785493545
2026-07-31T10:50:21Z,993,0,0,27,0,0,1,1,1,1785476008
2026-07-31T10:50:21Z,994,3,1,18,0,0,1,1,1,1785493758
2026-07-31T10:50:21Z,995,7,1,20,0,0,1,1,1,1785494798
2026-07-31T10:50:21Z,996,8,1,15,0,0,1,1,1,1785494597
2026-07-31T10:50:21Z,997,10,5,10,3,0,1,1,1,1785494900
2026-07-31T10:50:21Z,998,3,3,19,1,0,1,1,1,1785494910
2026-07-31T10:50:21Z,999,2,0,16,2,1,1,1,1,1785494682
2026-07-31T10:50:21Z,1000,5,2,16,0,0,1,1,1,1785493662
2026-07-31T10:50:21Z,1001,2,1,25,0,0,1,1,1,1785494937
2026-07-31T10:50:21Z,1002,0,0,27,4,0,1,1,1,1785494944
2026-07-31T10:50:21Z,1003,0,0,22,1,0,1,1,1,1785494558
2026-07-31T10:50:21Z,1004,8,1,15,0,0,1,1,1,1785493999
2026-07-31T10:50:21Z,1005,20,1,3,0,0,1,1,1,1785494747
2026-07-31T10:50:21Z,1006,7,4,11,1,0,1,1,1,1785494579
2026-07-31T10:50:21Z,1007,2,1,19,0,0,1,1,1,1785494212
2026-07-31T10:50:21Z,1008,6,5,15,2,0,1,1,1,1785493720
2026-07-31T10:50:21Z,1009,19,2,8,4,0,1,1,1,1785493586
2026-07-31T10:50:21Z,1010,7,2,20,0,0,1,1,1,1785494423
2026-07-31T10:50:21Z,1011,8,2,9,2,0,1,1,1,1785494952
2026-07-31T10:50:21Z,1012,4,3,18,1,0,1,1,1,1785494514
2026-07-31T10:50:21Z,1013,4,1,18,1,0,1,1,1,1785494927
2026-07-31T10:50:21Z,1014,7,2,13,3,0,1,1,1,1785493216
2026-07-31T10:50:21Z,1015,3,1,25,3,0,1,1,1,1785493497
2026-07-31T10:50:21Z,1016,10,5,21,0,0,1,1,1,1785494801
2026-07-31T10:50:21Z,1017,14,5,7,0,0,1,1,1,1785493919
2026-07-31T10:50:21Z,1018,7,2,15,0,0,1,1,1,1785494600
2026-07-31T10:50:21Z,1019,9,6,6,0,0,1,1,1,1785494522
2026-07-31T10:50:21Z,1020,18,3,3,0,0,1,1,1,1785493787
2026-07-31T10:50:21Z,1021,9,3,5,1,0,1,1,1,1785493509
2026-07-31T10:50:21Z,1022,14,0,13,0,0,1,1,1,1785494698
2026-07-31T10:50:21Z,1023,13,1,9,1,0,1,1,1,1785494337
2026-07-31T10:50:21Z,1024,5,2,13,1,0,1,1,1,1785493516
2026-07-31T10:50:21Z,1025,4,0,14,0,1,1,1,1,1785494665
2026-07-31T10:50:21Z,1026,7,4,18,6,0,1,1,1,1785493870
2026-07-31T10:50:21Z,1028,2,0,20,1,0,1,1,1,1785494692
2026-07-31T10:50:21Z,1029,9,9,5,1,0,1,1,1,1785493806
2026-07-31T10:50:21Z,1030,14,5,9,0,0,1,1,1,1785493558
2026-07-31T10:50:21Z,1031,8,0,11,0,0,1,1,1,1785493920
2026-07-31T10:50:21Z,1032,7,1,12,0,0,1,1,1,1785494584
2026-07-31T10:50:21Z,1033,9,5,8,2,0,1,1,1,1785493879
2026-07-31T10:50:21Z,1034,2,0,13,0,0,1,1,1,1785494594
2026-07-31T10:50:21Z,1035,1,0,16,2,0,1,1,1,1785494632
2026-07-31T10:50:21Z,1036,14,0,1,0,0,1,1,1,1785493360
2026-07-31T10:50:21Z,1037,4,0,14,1,0,1,1,1,1785494973
2026-07-31T10:50:21Z,1038,2,0,12,1,0,1,1,1,1785494293
2026-07-31T10:50:21Z,1039,7,2,12,0,0,1,1,1,1785494738
2026-07-31T10:50:21Z,1040,7,3,10,2,0,1,1,1,1785494624
2026-07-31T10:50:21Z,1041,11,3,8,0,0,1,1,1,1785494503
2026-07-31T10:50:21Z,1042,12,1,1,2,0,1,1,1,1785494675
2026-07-31T10:50:21Z,1043,10,0,6,3,0,1,1,1,1785494659
2026-07-31T10:50:21Z,1044,2,1,12,1,0,1,1,1,1785494348
2026-07-31T10:50:21Z,1045,10,0,9,0,0,1,1,1,1785494570
2026-07-31T10:50:21Z,1046,9,0,6,0,0,1,1,1,1785493972
2026-07-31T10:50:21Z,1047,4,0,17,0,0,1,1,1,1785493523
2026-07-31T10:50:21Z,1048,10,1,9,0,0,1,1,1,1785494548
2026-07-31T10:50:21Z,1049,5,0,16,0,0,1,1,1,1785494615
2026-07-31T10:50:21Z,1050,17,4,4,0,0,1,1,1,1785493896
2026-07-31T10:50:21Z,1051,8,3,13,0,0,1,1,1,1785493787
2026-07-31T10:50:21Z,1052,17,2,5,0,0,1,1,1,1785494413
2026-07-31T10:50:21Z,1053,2,1,13,0,0,1,1,1,1785494474
2026-07-31T10:50:21Z,1054,14,1,1,0,0,1,1,1,1785494734
2026-07-31T10:50:21Z,1055,8,2,11,0,0,1,1,1,1785494715
2026-07-31T10:50:21Z,1057,16,0,2,1,0,1,1,1,1785494892
2026-07-31T10:50:21Z,1058,3,0,52,1,0,1,1,1,1785494838
2026-07-31T10:50:21Z,1059,0,0,18,1,0,1,1,1,1785494603
2026-07-31T10:50:21Z,1060,31,0,6,0,0,1,1,1,1785493600
2026-07-31T10:50:21Z,1061,14,1,22,1,0,1,1,1,1785494725
2026-07-31T10:50:21Z,1062,2,0,15,0,0,1,1,1,1785493273
2026-07-31T10:50:21Z,1063,12,1,6,1,0,1,1,1,1785494627
2026-07-31T10:50:21Z,1064,3,0,19,1,0,1,1,1,1785494961
2026-07-31T10:50:21Z,1065,16,3,7,0,0,1,1,1,1785493385
2026-07-31T10:50:21Z,1066,10,2,13,0,0,1,1,1,1785493210
2026-07-31T10:50:21Z,1067,8,2,13,2,0,1,1,1,1785493948
2026-07-31T10:50:21Z,1068,8,2,13,2,0,1,1,1,1785494788
2026-07-31T10:50:21Z,1069,12,3,11,0,0,1,1,1,1785494836
2026-07-31T10:50:21Z,1070,12,2,11,0,0,1,1,1,1785494933
2026-07-31T10:50:21Z,1071,7,4,16,0,0,1,1,1,1785494971
2026-07-31T10:50:21Z,1072,11,1,11,1,0,1,1,1,1785493545
2026-07-31T10:50:21Z,1073,21,2,5,1,0,1,1,1,1785494747
2026-07-31T10:50:21Z,1074,1,0,51,1,0,1,1,1,1785494870
2026-07-31T10:50:21Z,1075,10,10,11,0,0,1,1,1,1785494340
2026-07-31T10:50:21Z,1076,15,12,6,0,0,1,1,1,1785493777
2026-07-31T10:50:21Z,1077,8,5,13,0,0,1,1,1,1785494558
2026-07-31T10:50:21Z,1078,11,10,10,0,0,1,1,1,1785493821
2026-07-31T10:50:21Z,1079,11,8,10,0,0,1,1,1,1785494447
2026-07-31T10:50:21Z,1080,10,8,10,1,0,1,1,1,1785493231
2026-07-31T10:50:21Z,1081,13,8,6,0,0,1,1,1,1785493619
2026-07-31T10:50:21Z,1082,7,7,1,0,0,1,1,1,1785494909
2026-07-31T10:50:21Z,1083,13,11,8,0,0,1,1,1,1785494718
2026-07-31T10:50:21Z,1084,9,8,12,0,0,1,1,1,1785494334
2026-07-31T10:50:21Z,1085,10,10,11,0,0,1,1,1,1785493982
2026-07-31T10:50:21Z,1086,0,0,20,1,0,1,1,1,1785494687
2026-07-31T10:50:21Z,1087,12,7,3,0,0,1,1,1,1785493871
2026-07-31T10:50:21Z,1088,10,7,5,0,0,1,1,1,1785494630
2026-07-31T10:50:21Z,1089,5,3,10,0,0,1,1,1,1785494983
2026-07-31T10:50:21Z,1090,10,9,5,0,0,1,1,1,1785493700
2026-07-31T10:50:21Z,1091,12,7,3,0,0,1,1,1,1785493612
2026-07-31T10:50:21Z,1092,9,9,5,1,0,1,1,1,1785494973
2026-07-31T10:50:21Z,1093,7,6,8,0,0,1,1,1,1785493520
2026-07-31T10:50:21Z,1094,10,8,8,1,0,1,1,1,1785494581
2026-07-31T10:50:21Z,1095,9,8,6,0,0,1,1,1,1785493462
2026-07-31T10:50:21Z,1096,3,1,15,1,0,1,1,1,1785494947
2026-07-31T10:50:21Z,1097,9,9,6,0,0,1,1,1,1785493345
2026-07-31T10:50:21Z,1098,9,7,10,0,0,1,1,1,1785493687
2026-07-31T10:50:21Z,1099,7,6,8,0,0,1,1,1,1785494417
2026-07-31T10:50:21Z,1100,8,4,21,0,0,1,1,1,1785493678
2026-07-31T10:50:21Z,1101,9,5,12,0,0,1,1,1,1785494312
2026-07-31T10:50:21Z,1102,9,4,4,0,0,1,1,1,1785493595
2026-07-31T10:50:21Z,1103,10,5,11,0,0,1,1,1,1785487895
2026-07-31T10:50:21Z,1104,10,5,11,0,0,1,1,1,1785494067
2026-07-31T10:50:21Z,1105,8,4,5,0,0,1,1,1,1785493481
2026-07-31T10:50:21Z,1106,10,5,11,0,0,1,1,1,1785494408
2026-07-31T10:50:21Z,1107,9,5,6,0,0,1,1,1,1785494696
2026-07-31T10:50:21Z,1108,8,4,16,2,1,1,1,1,1785494580
2026-07-31T10:50:21Z,1109,6,1,9,0,0,1,1,1,1785494651
2026-07-31T10:50:21Z,1110,12,4,9,0,0,1,1,1,1785493937
2026-07-31T10:50:21Z,1111,3,2,18,0,0,1,1,1,1785475740
2026-07-31T10:50:21Z,1112,39,0,14,0,0,1,1,1,1785494510
2026-07-31T10:50:21Z,1113,1,0,20,0,0,1,1,1,1785493891
2026-07-31T10:50:21Z,1115,17,5,3,3,0,1,1,1,1785493287
2026-07-31T10:50:21Z,1116,5,1,14,0,0,1,1,1,1785494602
2026-07-31T10:50:21Z,1117,13,3,9,1,0,1,1,1,1785494986
2026-07-31T10:50:21Z,1118,16,1,3,2,0,1,1,1,1785494416
2026-07-31T10:50:21Z,1119,13,1,4,0,0,1,1,1,1785493802
2026-07-31T10:50:21Z,1120,13,0,6,0,0,1,1,1,1785494684
2026-07-31T10:50:21Z,1121,13,2,5,3,0,1,1,1,1785494055
2026-07-31T10:50:21Z,1122,15,9,3,3,0,1,1,1,1785494003
2026-07-31T10:50:21Z,1123,5,2,16,2,0,1,1,1,1785494368
2026-07-31T10:50:21Z,1124,7,0,3,5,0,1,1,1,1785494949
2026-07-31T10:50:21Z,1125,15,1,8,0,0,1,1,1,1785494884
2026-07-31T10:50:21Z,1126,4,0,16,1,0,1,1,1,1785494041
2026-07-31T10:50:21Z,1127,6,1,12,1,0,1,1,1,1785494923
2026-07-31T10:50:21Z,1128,14,2,0,1,0,1,1,1,1785494602
2026-07-31T10:50:21Z,1129,1,1,19,1,0,1,1,1,1785494639
2026-07-31T10:50:21Z,1130,8,0,7,0,0,1,1,1,1785494389
2026-07-31T10:50:21Z,1131,0,0,48,1,0,1,1,1,1785493565
2026-07-31T10:50:21Z,1132,13,6,7,1,0,1,1,1,1785494323
2026-07-31T10:50:21Z,1133,16,13,4,1,0,1,1,1,1785494418
2026-07-31T10:50:21Z,1134,10,5,9,0,0,1,1,1,1785494009
2026-07-31T10:50:21Z,1135,10,5,11,0,0,1,1,1,1785494207
2026-07-31T10:50:21Z,1136,5,0,18,0,0,1,1,1,1785494778
2026-07-31T10:50:21Z,1137,13,0,2,0,0,1,1,1,1785494521
2026-07-31T10:50:21Z,1138,15,2,4,0,0,1,1,1,1785494564
2026-07-31T10:50:21Z,1139,17,4,3,1,0,1,1,1,1785494771
2026-07-31T10:50:21Z,1140,21,2,1,1,0,1,1,1,1785494321
2026-07-31T10:50:21Z,1141,0,0,21,0,0,1,1,1,1785494432
2026-07-31T10:50:21Z,1142,2,0,19,0,0,1,1,1,1785493426
2026-07-31T10:50:21Z,1143,18,0,10,1,0,1,1,1,1785494502
2026-07-31T10:50:21Z,1144,7,1,13,1,0,1,1,1,1785494843
2026-07-31T10:50:21Z,1145,13,6,7,1,0,1,1,1,1785494985
2026-07-31T10:50:21Z,1146,7,0,8,4,0,1,1,1,1785494956
2026-07-31T10:50:21Z,1147,3,0,16,0,0,1,1,1,1785494529
2026-07-31T10:50:21Z,1148,24,6,7,0,0,1,1,1,1785494447
2026-07-31T10:50:21Z,1149,4,3,21,0,0,1,1,1,1785494517
2026-07-31T10:50:21Z,1150,17,1,2,0,0,1,1,1,1785494392
2026-07-31T10:50:21Z,1151,12,0,9,0,0,1,1,1,1785493435
2026-07-31T10:50:21Z,1152,21,1,8,0,0,1,1,1,1785494837
2026-07-31T10:50:21Z,1153,20,6,2,1,0,1,1,1,1785493898
2026-07-31T10:50:21Z,1154,13,1,6,0,0,1,1,1,1785494031
2026-07-31T10:50:21Z,1155,15,6,5,1,0,1,1,1,1785494710
2026-07-31T10:50:21Z,1158,3,0,15,1,0,1,1,1,1785494492
2026-07-31T10:50:21Z,1159,13,1,6,0,0,1,1,1,1785494847
2026-07-31T10:50:21Z,1160,9,1,9,1,0,1,1,1,1785493709
2026-07-31T10:50:21Z,1161,3,0,15,1,0,1,1,1,1785494982
2026-07-31T10:50:21Z,1162,2,1,17,0,0,1,1,1,1785493417
2026-07-31T10:50:21Z,1163,1,1,17,1,0,1,1,1,1785494610
2026-07-31T10:50:21Z,1164,6,1,13,0,0,1,1,1,1785494668
2026-07-31T10:50:21Z,1165,5,0,16,0,0,1,1,1,1785493585
2026-07-31T10:50:21Z,1166,12,2,8,1,0,1,1,1,1785494917
2026-07-31T10:50:21Z,1167,4,0,11,0,0,1,1,1,1785494374
2026-07-31T10:50:21Z,1168,2,1,20,1,0,1,1,1,1785494865
2026-07-31T10:50:21Z,1169,3,0,15,1,0,1,1,1,1785494514
2026-07-31T10:50:21Z,1170,6,0,14,1,0,1,1,1,1785494887
2026-07-31T10:50:21Z,1171,7,6,15,1,0,1,1,1,1785494561
2026-07-31T10:50:21Z,1172,6,2,7,2,0,1,1,1,1785494782
2026-07-31T10:50:21Z,1173,13,5,6,0,0,1,1,1,1785494763
2026-07-31T10:50:21Z,1174,7,4,8,0,0,1,1,1,1785494442
2026-07-31T10:50:21Z,1175,6,3,13,0,0,1,1,1,1785494939
2026-07-31T10:50:21Z,1176,19,1,2,0,0,1,1,1,1785493969
2026-07-31T10:50:21Z,1177,3,1,18,0,0,1,1,1,1785494735
2026-07-31T10:50:21Z,1178,2,1,13,0,0,1,1,1,1785494408
2026-07-31T10:50:21Z,1181,11,0,3,1,0,1,1,1,1785492552
2026-07-31T10:50:21Z,1182,2,0,18,0,0,1,1,1,1785495004
2026-07-31T10:50:21Z,1183,2,0,41,2,0,1,1,1,1785494469
2026-07-31T10:50:21Z,1184,12,6,8,1,0,1,1,1,1785494664
2026-07-31T10:50:21Z,1185,10,5,11,0,0,1,1,1,1785494021
2026-07-31T10:50:21Z,1186,9,5,10,0,0,1,1,1,1785493216
2026-07-31T10:50:21Z,1187,12,6,8,1,0,1,1,1,1785493564
2026-07-31T10:50:21Z,1188,10,5,5,0,0,1,1,1,1785494702
2026-07-31T10:50:21Z,1189,10,5,9,0,0,1,1,1,1785494792
2026-07-31T10:50:21Z,1190,10,5,11,0,0,1,1,1,1785494188
2026-07-31T10:50:21Z,1191,10,5,5,0,0,1,1,1,1785494709
2026-07-31T10:50:21Z,1192,10,6,10,1,0,1,1,1,1785494555
2026-07-31T10:50:21Z,1193,6,4,5,2,0,1,1,1,1785493721
2026-07-31T10:50:21Z,1197,9,6,7,1,0,1,1,1,1785494006
2026-07-31T10:50:21Z,1198,14,4,5,2,0,1,1,1,1785493263
2026-07-31T10:50:21Z,1199,2,0,17,0,0,1,1,1,1785493276
2026-07-31T10:50:21Z,1200,11,5,4,0,0,1,1,1,1785494745
2026-07-31T10:50:21Z,1201,11,5,4,0,0,1,1,1,1785494722
2026-07-31T10:50:21Z,1202,12,6,3,0,0,1,1,1,1785494823
2026-07-31T10:50:21Z,1203,9,6,6,0,0,1,1,1,1785494719
2026-07-31T10:50:21Z,1204,7,3,11,1,0,1,1,1,1785494468
2026-07-31T10:50:21Z,1206,11,5,10,0,0,1,1,1,1785493686
2026-07-31T10:50:21Z,1207,8,4,6,1,0,1,1,1,1785493221
2026-07-31T10:50:21Z,1208,7,2,11,1,0,1,1,1,1785494946
2026-07-31T10:50:21Z,1216,7,0,13,1,0,1,1,1,1785493916
2026-07-31T10:50:21Z,1218,4,0,17,0,0,1,1,1,1785494310
2026-07-31T10:50:21Z,1219,6,1,8,1,0,1,1,1,1785494172
2026-07-31T10:50:21Z,1220,14,7,4,1,0,1,1,1,1785494041
2026-07-31T10:50:21Z,1221,1,1,19,1,0,1,1,1,1785493623
2026-07-31T10:50:21Z,1222,28,1,1,0,0,1,1,1,1785494572
2026-07-31T10:50:21Z,1223,23,0,6,0,0,1,1,1,1785494409
2026-07-31T10:50:21Z,1226,0,0,3,0,0,0,1,1,1781868931
2026-07-31T10:50:21Z,1227,21,1,4,0,0,1,1,1,1785494414
2026-07-31T10:50:21Z,1228,14,0,14,1,0,1,1,1,1785493687
2026-07-31T10:50:21Z,1229,35,1,10,0,0,1,1,1,1785494842
2026-07-31T10:55:21Z,1,4,0,19,0,0,1,1,1,1785494930
2026-07-31T10:55:21Z,2,21,0,3,3,0,1,1,1,1785492483
2026-07-31T10:55:21Z,3,8,0,5,1,0,1,1,1,1785495313
2026-07-31T10:55:21Z,4,1,0,20,1,0,1,1,1,1785487895
2026-07-31T10:55:21Z,5,9,3,13,1,0,1,1,1,1785484887
2026-07-31T10:55:21Z,6,4,0,11,0,0,1,1,1,1785495229
2026-07-31T10:55:21Z,7,1,0,38,0,0,1,1,1,1785492363
2026-07-31T10:55:21Z,8,1,1,42,0,0,1,1,1,1785494804
2026-07-31T10:55:21Z,9,1,0,21,1,0,1,1,1,1785493415
2026-07-31T10:55:21Z,10,0,0,21,3,0,1,1,1,1785495163
2026-07-31T10:55:21Z,11,16,6,2,1,0,1,1,1,1785494936
2026-07-31T10:55:21Z,12,0,0,23,0,0,1,1,1,1785490105
2026-07-31T10:55:21Z,13,11,0,19,0,0,1,1,1,1785488834
2026-07-31T10:55:21Z,14,4,0,38,0,1,1,1,1,1785494830
2026-07-31T10:55:21Z,15,3,0,12,0,0,1,1,1,1785488861
2026-07-31T10:55:21Z,16,8,0,16,2,1,1,1,1,1785487292
2026-07-31T10:55:21Z,17,7,0,19,1,0,1,1,1,1785491479
2026-07-31T10:55:21Z,18,6,0,10,2,0,1,1,1,1785494953
2026-07-31T10:55:21Z,19,13,0,13,1,0,1,1,1,1785495176
2026-07-31T10:55:21Z,20,31,0,4,0,0,1,1,1,1785491965
2026-07-31T10:55:21Z,21,5,0,13,1,0,1,1,1,1785494737
2026-07-31T10:55:21Z,22,19,0,45,1,0,1,1,1,1785492488
2026-07-31T10:55:21Z,23,10,5,21,0,0,1,1,1,1785487895
2026-07-31T10:55:21Z,24,1,0,8,2,0,1,1,1,1785495312
2026-07-31T10:55:21Z,25,3,2,77,0,1,1,1,1,1785495264
2026-07-31T10:55:21Z,26,1,0,26,0,0,1,1,1,1785491464
2026-07-31T10:55:21Z,28,13,3,2,0,0,1,1,1,1785495274
2026-07-31T10:55:21Z,30,1,0,27,1,0,1,1,1,1785486089
2026-07-31T10:55:21Z,31,0,0,17,2,0,1,1,1,1785495060
2026-07-31T10:55:21Z,32,17,0,10,0,0,1,1,1,1785495139
2026-07-31T10:55:21Z,34,3,1,33,1,0,1,1,1,1785493238
2026-07-31T10:55:21Z,35,4,1,42,1,0,1,1,1,1785494708
2026-07-31T10:55:21Z,36,0,0,0,0,0,0,1,1,86400
2026-07-31T10:55:21Z,37,1,0,22,0,0,1,1,1,1785491559
2026-07-31T10:55:21Z,38,1,0,22,0,0,1,1,1,1785490318
2026-07-31T10:55:21Z,39,22,5,17,0,0,1,1,1,1785495289
2026-07-31T10:55:21Z,40,17,0,3,1,0,1,1,1,1785495251
2026-07-31T10:55:21Z,41,5,2,37,1,0,1,1,1,1785494427
2026-07-31T10:55:21Z,42,31,8,0,0,0,1,1,1,1785472558
2026-07-31T10:55:21Z,43,5,0,18,0,0,1,1,1,1785490390
2026-07-31T10:55:21Z,45,3,1,25,1,0,1,1,1,1785494556
2026-07-31T10:55:21Z,46,12,2,19,0,0,1,1,1,1785491240
2026-07-31T10:55:21Z,47,11,6,3,1,0,1,1,1,1785494983
2026-07-31T10:55:21Z,48,21,0,6,0,0,1,1,1,1785494874
2026-07-31T10:55:21Z,49,5,0,15,3,0,1,1,1,1785495307
2026-07-31T10:55:21Z,50,7,6,12,0,0,1,1,1,1785495287
2026-07-31T10:55:21Z,51,68,0,9,0,0,1,1,1,1785487292
2026-07-31T10:55:21Z,52,1,0,23,3,0,1,1,1,1785495202
2026-07-31T10:55:21Z,55,2,1,21,0,0,1,1,1,1785495312
2026-07-31T10:55:21Z,56,3,0,40,0,0,1,1,1,1785494985
2026-07-31T10:55:21Z,57,0,0,27,0,0,1,1,1,1785494456
2026-07-31T10:55:21Z,58,1,1,27,0,0,1,1,1,1785495207
2026-07-31T10:55:21Z,59,2,0,23,2,0,1,1,1,1785495269
2026-07-31T10:55:21Z,61,2,1,37,0,0,1,1,1,1785491414
2026-07-31T10:55:21Z,62,9,4,39,1,0,1,1,1,1785495170
2026-07-31T10:55:21Z,63,12,0,7,0,0,1,1,1,1785495212
2026-07-31T10:55:21Z,64,10,1,5,4,0,1,1,1,1785493091
2026-07-31T10:55:21Z,65,16,7,2,1,0,1,1,1,1785491350
2026-07-31T10:55:21Z,67,17,0,22,0,0,1,1,1,1785495019
2026-07-31T10:55:21Z,68,2,0,35,0,0,1,1,1,1785495122
2026-07-31T10:55:21Z,69,13,1,2,0,0,1,1,1,1785493502
2026-07-31T10:55:21Z,71,4,0,22,1,0,1,1,1,1785494768
2026-07-31T10:55:21Z,72,20,5,9,2,0,1,1,1,1785494665
2026-07-31T10:55:21Z,73,4,0,27,0,0,1,1,1,1785495229
2026-07-31T10:55:21Z,74,12,5,7,0,0,1,1,1,1785495308
2026-07-31T10:55:21Z,75,4,0,27,1,0,1,1,1,1785495138
2026-07-31T10:55:21Z,76,18,0,0,1,0,1,1,1,1785495305
2026-07-31T10:55:21Z,77,24,0,2,1,0,1,1,1,1785494000
2026-07-31T10:55:21Z,78,7,3,14,2,0,1,1,1,1785494013
2026-07-31T10:55:21Z,79,3,3,13,1,0,1,1,1,1785494899
2026-07-31T10:55:21Z,80,16,0,4,3,0,1,1,1,1785495189
2026-07-31T10:55:21Z,81,4,0,27,0,0,1,1,1,1785495058
2026-07-31T10:55:21Z,82,14,1,9,0,0,1,1,1,1785495226
2026-07-31T10:55:21Z,83,8,2,25,1,0,1,1,1,1785495080
2026-07-31T10:55:21Z,84,23,0,4,0,0,1,1,1,1785493962
2026-07-31T10:55:21Z,85,2,1,13,0,0,1,1,1,1785494942
2026-07-31T10:55:21Z,86,25,0,1,1,0,1,1,1,1785486691
2026-07-31T10:55:21Z,87,10,0,9,0,0,1,1,1,1785488201
2026-07-31T10:55:21Z,88,2,0,40,1,0,1,1,1,1785492709
2026-07-31T10:55:21Z,89,22,0,13,0,0,1,1,1,1785487292
2026-07-31T10:55:21Z,90,6,3,10,2,0,1,1,1,1785494993
2026-07-31T10:55:21Z,91,13,0,4,0,0,1,1,1,1785490693
2026-07-31T10:55:21Z,92,9,2,7,3,0,1,1,1,1785495213
2026-07-31T10:55:21Z,93,1,0,22,0,0,1,1,1,1785494591
2026-07-31T10:55:21Z,94,3,0,15,1,0,1,1,1,1785492659
2026-07-31T10:55:21Z,95,25,1,7,2,1,1,1,1,1785494659
2026-07-31T10:55:21Z,96,28,0,2,1,0,1,1,1,1785491842
2026-07-31T10:55:21Z,97,1,1,15,1,0,1,1,1,1785495306
2026-07-31T10:55:21Z,98,20,0,14,1,0,1,1,1,1785491722
2026-07-31T10:55:21Z,99,2,1,13,0,0,1,1,1,1785495294
2026-07-31T10:55:21Z,100,1,0,26,0,0,1,1,1,1785494789
2026-07-31T10:55:21Z,101,1,0,13,1,0,1,1,1,1785494152
2026-07-31T10:55:21Z,102,0,0,23,0,0,1,1,1,1785487553
2026-07-31T10:55:21Z,103,9,0,21,0,0,1,1,1,1785495270
2026-07-31T10:55:21Z,104,0,0,25,2,0,1,1,1,1785495302
2026-07-31T10:55:21Z,105,16,1,3,0,0,1,1,1,1785486390
2026-07-31T10:55:21Z,106,2,0,19,0,0,1,1,1,1785494608
2026-07-31T10:55:21Z,107,0,0,37,0,0,1,1,1,1785485489
2026-07-31T10:55:21Z,108,10,2,24,1,0,1,1,1,1785494508
2026-07-31T10:55:21Z,109,15,0,8,0,0,1,1,1,1785495308
2026-07-31T10:55:21Z,110,12,0,11,0,0,1,1,1,1785493883
2026-07-31T10:55:21Z,111,0,0,36,0,0,1,1,1,1785494653
2026-07-31T10:55:21Z,112,1,0,13,1,0,1,1,1,1785494789
2026-07-31T10:55:21Z,113,5,0,12,2,0,1,1,1,1785495168
2026-07-31T10:55:21Z,114,6,6,23,1,1,1,1,1,1785495238
2026-07-31T10:55:21Z,115,5,2,22,1,0,1,1,1,1785494872
2026-07-31T10:55:21Z,116,3,3,23,1,0,1,1,1,1785487594
2026-07-31T10:55:21Z,118,20,9,0,3,0,1,1,1,1785493657
2026-07-31T10:55:21Z,119,26,2,8,4,0,1,1,1,1785495199
2026-07-31T10:55:21Z,120,22,1,4,1,0,1,1,1,1785494877
2026-07-31T10:55:21Z,121,2,1,16,0,1,1,1,1,1785495252
2026-07-31T10:55:21Z,122,10,1,10,1,0,1,1,1,1785495114
2026-07-31T10:55:21Z,123,10,2,37,0,0,1,1,1,1785494350
2026-07-31T10:55:21Z,124,30,0,5,0,0,1,1,1,1785495035
2026-07-31T10:55:21Z,125,7,3,16,0,0,1,1,1,1785495174
2026-07-31T10:55:21Z,126,23,2,8,0,0,1,1,1,1785493316
2026-07-31T10:55:21Z,127,10,2,24,1,0,1,1,1,1785495208
2026-07-31T10:55:21Z,128,17,1,2,0,0,1,1,1,1785490685
2026-07-31T10:55:21Z,129,16,1,1,2,0,1,1,1,1785495046
2026-07-31T10:55:21Z,130,5,1,12,0,0,1,1,1,1785495263
2026-07-31T10:55:21Z,131,7,3,2,2,0,1,1,1,1785493570
2026-07-31T10:55:21Z,132,13,6,1,0,1,1,1,1,1785494491
2026-07-31T10:55:21Z,134,4,0,14,5,0,1,1,1,1785495047
2026-07-31T10:55:21Z,135,6,4,12,1,0,1,1,1,1785494830
2026-07-31T10:55:21Z,136,6,0,9,1,7,1,1,1,1785495272
2026-07-31T10:55:21Z,137,6,2,13,0,0,1,1,1,1785494721
2026-07-31T10:55:21Z,138,35,2,2,0,0,1,1,1,1785495081
2026-07-31T10:55:21Z,139,16,3,3,0,0,1,1,1,1785494659
2026-07-31T10:55:21Z,140,11,6,11,1,0,1,1,1,1785495313
2026-07-31T10:55:21Z,141,29,0,7,0,0,1,1,1,1785495227
2026-07-31T10:55:21Z,142,22,1,1,0,0,1,1,1,1785494365
2026-07-31T10:55:21Z,143,14,3,16,1,0,1,1,1,1785495078
2026-07-31T10:55:21Z,144,23,0,4,0,0,1,1,1,1785494642
2026-07-31T10:55:21Z,146,7,1,15,1,0,1,1,1,1785493850
2026-07-31T10:55:21Z,147,11,2,6,2,0,1,1,1,1785495257
2026-07-31T10:55:21Z,148,22,0,4,0,1,1,1,1,1785495277
2026-07-31T10:55:21Z,149,17,3,9,1,0,1,1,1,1785495142
2026-07-31T10:55:21Z,150,23,6,9,3,0,1,1,1,1785495214
2026-07-31T10:55:21Z,151,19,6,4,0,0,1,1,1,1785494082
2026-07-31T10:55:21Z,152,19,2,4,4,0,1,1,1,1785495208
2026-07-31T10:55:21Z,153,15,1,10,6,0,1,1,1,1785495174
2026-07-31T10:55:21Z,154,16,2,4,3,0,1,1,1,1785495194
2026-07-31T10:55:21Z,155,10,4,3,1,0,1,1,1,1785495007
2026-07-31T10:55:21Z,156,13,1,6,0,0,1,1,1,1785495188
2026-07-31T10:55:21Z,157,13,0,12,2,0,1,1,1,1785495082
2026-07-31T10:55:21Z,158,15,2,1,0,0,1,1,1,1785495049
2026-07-31T10:55:21Z,159,2,1,17,0,0,1,1,1,1785494564
2026-07-31T10:55:21Z,160,17,1,2,0,0,1,1,1,1785494960
2026-07-31T10:55:21Z,161,19,4,3,0,0,1,1,1,1785495016
2026-07-31T10:55:21Z,162,11,0,15,1,0,1,1,1,1785494928
2026-07-31T10:55:21Z,163,23,2,7,0,1,1,1,1,1785495268
2026-07-31T10:55:21Z,164,25,6,1,1,0,1,1,1,1785494924
2026-07-31T10:55:21Z,165,20,10,10,1,0,1,1,1,1785494829
2026-07-31T10:55:21Z,166,32,8,3,4,0,1,1,1,1785495309
2026-07-31T10:55:21Z,167,19,9,2,2,0,1,1,1,1785491219
2026-07-31T10:55:21Z,168,17,0,9,1,0,1,1,1,1785495312
2026-07-31T10:55:21Z,169,1,0,21,0,1,1,1,1,1785495078
2026-07-31T10:55:21Z,170,16,4,1,2,0,1,1,1,1785494649
2026-07-31T10:55:21Z,171,8,2,3,2,0,1,1,1,1785495312
2026-07-31T10:55:21Z,173,37,1,2,0,0,1,1,1,1785494039
2026-07-31T10:55:21Z,174,20,1,4,2,0,1,1,1,1785494757
2026-07-31T10:55:21Z,175,7,0,24,0,0,1,1,1,1785494988
2026-07-31T10:55:21Z,176,6,1,8,0,1,1,1,1,1785495213
2026-07-31T10:55:21Z,177,18,1,9,0,0,1,1,1,1785495051
2026-07-31T10:55:21Z,178,2,0,10,2,1,1,1,1,1785495306
2026-07-31T10:55:21Z,179,11,1,3,1,0,1,1,1,1785493869
2026-07-31T10:55:21Z,180,16,0,13,1,0,1,1,1,1785495311
2026-07-31T10:55:21Z,181,12,0,2,1,0,1,1,1,1785495124
2026-07-31T10:55:21Z,182,11,1,6,0,0,1,1,1,1785494826
2026-07-31T10:55:21Z,183,12,0,11,0,0,1,1,1,1785494891
2026-07-31T10:55:21Z,184,3,1,19,1,0,1,1,1,1785493773
2026-07-31T10:55:21Z,185,11,1,1,2,1,1,1,1,1785493425
2026-07-31T10:55:21Z,186,3,0,16,0,0,1,1,1,1785492102
2026-07-31T10:55:21Z,187,10,0,17,1,0,1,1,1,1785495039
2026-07-31T10:55:21Z,188,11,0,8,8,0,1,1,1,1785495186
2026-07-31T10:55:21Z,189,14,4,1,0,0,1,1,1,1785493971
2026-07-31T10:55:21Z,190,4,0,19,0,0,1,1,1,1785492508
2026-07-31T10:55:21Z,191,2,0,37,0,0,1,1,1,1785494702
2026-07-31T10:55:21Z,192,11,3,17,3,0,1,1,1,1785495088
2026-07-31T10:55:21Z,193,3,0,12,0,0,1,1,1,1785495288
2026-07-31T10:55:21Z,194,13,1,13,1,0,1,1,1,1785495176
2026-07-31T10:55:21Z,195,9,1,8,2,0,1,1,1,1785494236
2026-07-31T10:55:21Z,196,19,1,6,2,0,1,1,1,1785495311
2026-07-31T10:55:21Z,197,16,3,1,1,1,1,1,1,1785489625
2026-07-31T10:55:21Z,198,17,15,6,0,0,1,1,1,1785494878
2026-07-31T10:55:21Z,199,4,4,7,4,0,1,1,1,1785495063
2026-07-31T10:55:21Z,200,12,0,13,1,0,1,1,1,1785492701
2026-07-31T10:55:21Z,201,6,2,17,0,0,1,1,1,1785494490
2026-07-31T10:55:21Z,202,0,0,27,0,0,1,1,1,1785494022
2026-07-31T10:55:21Z,203,26,2,4,1,0,1,1,1,1785495170
2026-07-31T10:55:21Z,204,28,0,6,1,0,1,1,1,1785495234
2026-07-31T10:55:21Z,205,12,1,15,0,0,1,1,1,1785494992
2026-07-31T10:55:21Z,206,1,1,13,1,0,1,1,1,1785494311
2026-07-31T10:55:21Z,207,13,1,7,1,0,1,1,1,1785494761
2026-07-31T10:55:21Z,208,4,0,25,0,0,1,1,1,1785495303
2026-07-31T10:55:21Z,209,5,0,23,3,0,1,1,1,1785495235
2026-07-31T10:55:21Z,210,23,2,4,0,0,1,1,1,1785485488
2026-07-31T10:55:21Z,211,13,6,9,1,0,1,1,1,1785495115
2026-07-31T10:55:21Z,212,24,0,10,1,0,1,1,1,1785495225
2026-07-31T10:55:21Z,213,11,1,10,2,0,1,1,1,1785495230
2026-07-31T10:55:21Z,214,29,1,14,4,0,1,1,1,1785494464
2026-07-31T10:55:21Z,215,5,2,17,1,0,1,1,1,1785492966
2026-07-31T10:55:21Z,216,7,0,11,1,0,1,1,1,1785491552
2026-07-31T10:55:21Z,217,10,0,18,1,0,1,1,1,1785495272
2026-07-31T10:55:21Z,218,20,5,17,2,0,1,1,1,1785495160
2026-07-31T10:55:21Z,219,2,1,23,1,0,1,1,1,1785495280
2026-07-31T10:55:21Z,220,24,6,17,1,1,1,1,1,1785494914
2026-07-31T10:55:21Z,221,12,7,1,2,0,1,1,1,1785495043
2026-07-31T10:55:21Z,222,10,10,7,2,0,1,1,1,1785494388
2026-07-31T10:55:21Z,223,7,3,25,3,0,1,1,1,1785495301
2026-07-31T10:55:21Z,224,7,4,14,1,0,1,1,1,1785495241
2026-07-31T10:55:21Z,225,12,0,1,6,0,1,1,1,1785495124
2026-07-31T10:55:21Z,226,30,10,1,0,0,1,1,1,1785494889
2026-07-31T10:55:21Z,227,23,14,2,1,1,1,1,1,1785494494
2026-07-31T10:55:21Z,228,1,0,17,1,0,1,1,1,1785493588
2026-07-31T10:55:21Z,230,17,9,9,0,0,1,1,1,1785494330
2026-07-31T10:55:21Z,232,12,6,4,1,0,1,1,1,1785493284
2026-07-31T10:55:21Z,233,17,0,12,2,0,1,1,1,1785495030
2026-07-31T10:55:21Z,234,7,3,7,3,2,1,1,1,1785491043
2026-07-31T10:55:21Z,236,11,2,8,0,0,1,1,1,1785494961
2026-07-31T10:55:21Z,237,20,4,2,1,0,1,1,1,1785492227
2026-07-31T10:55:21Z,239,22,17,2,3,0,1,1,1,1785494143
2026-07-31T10:55:21Z,241,17,6,5,1,0,1,1,1,1785495211
2026-07-31T10:55:21Z,242,3,2,19,1,0,1,1,1,1785493793
2026-07-31T10:55:21Z,243,9,0,21,1,0,1,1,1,1785495008
2026-07-31T10:55:21Z,244,15,2,11,1,0,1,1,1,1785494996
2026-07-31T10:55:21Z,245,6,4,17,0,0,1,1,1,1785490437
2026-07-31T10:55:21Z,246,14,0,9,0,0,1,1,1,1785494804
2026-07-31T10:55:21Z,247,11,10,11,1,0,1,1,1,1785494557
2026-07-31T10:55:21Z,248,18,4,2,3,0,1,1,1,1785494594
2026-07-31T10:55:21Z,249,6,3,13,0,0,1,1,1,1785492523
2026-07-31T10:55:21Z,250,23,7,4,0,0,1,1,1,1785494630
2026-07-31T10:55:21Z,251,19,4,5,3,0,1,1,1,1785494879
2026-07-31T10:55:21Z,253,9,4,10,0,0,1,1,1,1785494823
2026-07-31T10:55:21Z,254,26,20,16,1,0,1,1,1,1785494890
2026-07-31T10:55:21Z,255,3,0,19,0,1,1,1,1,1785495221
2026-07-31T10:55:21Z,256,7,3,14,2,0,1,1,1,1785494877
2026-07-31T10:55:21Z,257,14,5,4,1,0,1,1,1,1785492175
2026-07-31T10:55:21Z,258,1,1,18,0,0,1,1,1,1785493898
2026-07-31T10:55:21Z,259,19,3,3,0,1,1,1,1,1785494976
2026-07-31T10:55:21Z,260,11,2,5,3,0,1,1,1,1785494547
2026-07-31T10:55:21Z,261,14,0,3,1,1,1,1,1,1785494358
2026-07-31T10:55:21Z,262,15,8,6,2,0,1,1,1,1785495131
2026-07-31T10:55:21Z,263,13,3,2,0,0,1,1,1,1785493338
2026-07-31T10:55:21Z,264,12,2,4,3,0,1,1,1,1785495069
2026-07-31T10:55:21Z,265,13,0,2,0,0,1,1,1,1785493506
2026-07-31T10:55:21Z,266,13,7,3,3,0,1,1,1,1785494945
2026-07-31T10:55:21Z,267,7,3,6,2,0,1,1,1,1785484888
2026-07-31T10:55:21Z,268,23,9,0,0,0,1,1,1,1785484887
2026-07-31T10:55:21Z,269,9,3,14,0,0,1,1,1,1785494811
2026-07-31T10:55:21Z,270,23,1,4,0,0,1,1,1,1785491481
2026-07-31T10:55:21Z,271,2,0,15,2,0,1,1,1,1785495095
2026-07-31T10:55:21Z,272,13,13,10,0,0,1,1,1,1785495153
2026-07-31T10:55:21Z,273,13,5,2,0,0,1,1,1,1785492772
2026-07-31T10:55:21Z,274,15,5,3,1,0,1,1,1,1785495240
2026-07-31T10:55:21Z,275,13,0,6,2,2,1,1,1,1785495295
2026-07-31T10:55:21Z,276,1,0,26,0,0,1,1,1,1785486991
2026-07-31T10:55:21Z,277,12,1,6,5,0,1,1,1,1785495302
2026-07-31T10:55:21Z,278,20,2,8,2,1,1,1,1,1785494775
2026-07-31T10:55:21Z,279,18,1,1,0,0,1,1,1,1785495228
2026-07-31T10:55:21Z,280,9,2,19,3,0,1,1,1,1785495115
2026-07-31T10:55:21Z,281,19,0,0,0,0,1,1,1,1785486089
2026-07-31T10:55:21Z,282,5,2,13,0,0,1,1,1,1785484887
2026-07-31T10:55:21Z,283,32,1,3,0,0,1,1,1,1785495135
2026-07-31T10:55:21Z,284,16,3,17,2,0,1,1,1,1785492919
2026-07-31T10:55:21Z,285,8,7,15,0,0,1,1,1,1785485188
2026-07-31T10:55:21Z,286,17,15,2,4,0,1,1,1,1785494712
2026-07-31T10:55:21Z,287,14,4,6,3,0,1,1,1,1785492851
2026-07-31T10:55:21Z,288,10,7,9,0,0,1,1,1,1785494804
2026-07-31T10:55:21Z,289,23,2,1,3,0,1,1,1,1785493119
2026-07-31T10:55:21Z,290,9,0,29,1,0,1,1,1,1785494483
2026-07-31T10:55:21Z,291,9,1,12,2,0,1,1,1,1785494744
2026-07-31T10:55:21Z,292,21,0,1,1,0,1,1,1,1785495162
2026-07-31T10:55:21Z,293,17,10,6,0,0,1,1,1,1785486991
2026-07-31T10:55:21Z,294,1,1,20,1,0,1,1,1,1785493458
2026-07-31T10:55:21Z,297,14,4,3,1,1,1,1,1,1785494465
2026-07-31T10:55:21Z,301,17,0,2,0,0,1,1,1,1785495280
2026-07-31T10:55:21Z,302,0,0,23,0,0,1,1,1,1785486991
2026-07-31T10:55:21Z,303,17,0,2,0,0,1,1,1,1785494091
2026-07-31T10:55:21Z,304,0,0,0,0,0,0,1,1,86400
2026-07-31T10:55:21Z,305,19,0,0,0,0,1,1,1,1785485188
2026-07-31T10:55:21Z,306,3,0,28,1,0,1,1,1,1785495144
2026-07-31T10:55:21Z,307,18,1,3,1,1,1,1,1,1785495234
2026-07-31T10:55:21Z,308,15,0,2,2,0,1,1,1,1785495280
2026-07-31T10:55:21Z,309,13,3,0,1,0,1,1,1,1785488427
2026-07-31T10:55:21Z,311,15,0,0,0,0,1,1,1,1785486992
2026-07-31T10:55:21Z,312,5,3,13,4,1,1,1,1,1785495243
2026-07-31T10:55:21Z,313,3,1,12,0,0,1,1,1,1785486991
2026-07-31T10:55:21Z,314,4,3,11,3,0,1,1,1,1785486991
2026-07-31T10:55:21Z,315,23,6,6,2,0,1,1,1,1785491768
2026-07-31T10:55:21Z,316,2,0,23,5,1,1,1,1,1785495151
2026-07-31T10:55:21Z,317,0,0,30,0,1,1,1,1,1785495089
2026-07-31T10:55:21Z,318,16,0,3,0,0,1,1,1,1785486991
2026-07-31T10:55:21Z,319,18,3,4,1,0,1,1,1,1785495310
2026-07-31T10:55:21Z,320,16,5,2,1,0,1,1,1,1785495214
2026-07-31T10:55:21Z,321,8,2,7,4,0,1,1,1,1785495034
2026-07-31T10:55:21Z,322,5,1,23,1,0,1,1,1,1785494250
2026-07-31T10:55:21Z,323,9,0,10,0,0,1,1,1,1785492561
2026-07-31T10:55:21Z,324,20,5,6,1,0,1,1,1,1785495303
2026-07-31T10:55:21Z,325,5,3,20,2,0,1,1,1,1785494379
2026-07-31T10:55:21Z,327,23,0,3,1,0,1,1,1,1785495222
2026-07-31T10:55:21Z,328,17,0,4,1,0,1,1,1,1785495033
2026-07-31T10:55:21Z,329,17,0,0,2,0,1,1,1,1785492480
2026-07-31T10:55:21Z,330,0,0,22,0,0,1,1,1,1785494031
2026-07-31T10:55:21Z,331,12,3,10,1,0,1,1,1,1785495303
2026-07-31T10:55:21Z,332,11,3,6,2,0,1,1,1,1785494972
2026-07-31T10:55:21Z,333,2,2,20,1,0,1,1,1,1785492618
2026-07-31T10:55:21Z,334,9,7,14,0,0,1,1,1,1785494691
2026-07-31T10:55:21Z,335,3,1,18,1,1,1,1,1,1785493931
2026-07-31T10:55:21Z,336,18,2,1,0,0,1,1,1,1785487293
2026-07-31T10:55:21Z,337,17,4,1,5,0,1,1,1,1785495099
2026-07-31T10:55:21Z,338,16,7,3,0,0,1,1,1,1785494779
2026-07-31T10:55:21Z,339,21,10,2,0,0,1,1,1,1785494732
2026-07-31T10:55:21Z,340,12,10,2,1,0,1,1,1,1785494356
2026-07-31T10:55:21Z,341,10,2,9,0,0,1,1,1,1785495243
2026-07-31T10:55:21Z,342,12,5,0,3,0,1,1,1,1785492817
2026-07-31T10:55:21Z,343,20,1,2,1,0,1,1,1,1785495276
2026-07-31T10:55:21Z,344,23,9,0,0,0,1,1,1,1785488186
2026-07-31T10:55:21Z,345,19,3,0,0,0,1,1,1,1785487292
2026-07-31T10:55:21Z,346,9,6,14,0,0,1,1,1,1785489426
2026-07-31T10:55:21Z,347,10,4,32,2,0,1,1,1,1785495304
2026-07-31T10:55:21Z,348,20,3,1,1,1,1,1,1,1785495038
2026-07-31T10:55:21Z,349,7,1,12,0,0,1,1,1,1785495033
2026-07-31T10:55:21Z,350,24,3,1,1,1,1,1,1,1785494733
2026-07-31T10:55:21Z,351,18,2,2,3,0,1,1,1,1785495031
2026-07-31T10:55:21Z,355,22,1,1,0,0,1,1,1,1785494179
2026-07-31T10:55:21Z,356,16,0,2,1,0,1,1,1,1785493586
2026-07-31T10:55:21Z,357,12,4,7,0,0,1,1,1,1785495036
2026-07-31T10:55:21Z,358,24,4,2,1,0,1,1,1,1785487594
2026-07-31T10:55:21Z,359,18,0,9,0,0,1,1,1,1785494445
2026-07-31T10:55:21Z,360,13,3,4,2,0,1,1,1,1785494684
2026-07-31T10:55:21Z,362,16,4,1,2,0,1,1,1,1785493387
2026-07-31T10:55:21Z,363,1,0,26,0,0,1,1,1,1785495123
2026-07-31T10:55:21Z,364,19,3,0,0,0,1,1,1,1785487896
2026-07-31T10:55:21Z,365,16,2,3,4,0,1,1,1,1785494142
2026-07-31T10:55:21Z,366,9,7,7,7,0,1,1,1,1785495146
2026-07-31T10:55:21Z,367,14,8,4,1,0,1,1,1,1785494945
2026-07-31T10:55:21Z,368,18,3,3,2,0,1,1,1,1785495255
2026-07-31T10:55:21Z,370,9,7,18,0,0,1,1,1,1785495224
2026-07-31T10:55:21Z,371,4,1,14,1,0,1,1,1,1785495014
2026-07-31T10:55:21Z,372,6,1,9,0,0,1,1,1,1785494163
2026-07-31T10:55:21Z,373,25,9,2,0,0,1,1,1,1785493650
2026-07-31T10:55:21Z,374,17,8,0,2,0,1,1,1,1785495076
2026-07-31T10:55:21Z,375,22,8,2,3,0,1,1,1,1785494857
2026-07-31T10:55:21Z,376,29,4,5,5,0,1,1,1,1785495177
2026-07-31T10:55:21Z,377,23,9,4,0,0,1,1,1,1785493056
2026-07-31T10:55:21Z,378,20,5,2,1,1,1,1,1,1785495305
2026-07-31T10:55:21Z,379,13,0,14,0,0,1,1,1,1785494662
2026-07-31T10:55:21Z,380,20,6,2,1,0,1,1,1,1785493756
2026-07-31T10:55:21Z,381,9,0,14,0,0,1,1,1,1785494807
2026-07-31T10:55:21Z,383,12,0,1,2,0,1,1,1,1785495233
2026-07-31T10:55:21Z,384,24,1,2,1,0,1,1,1,1785492881
2026-07-31T10:55:21Z,385,13,2,3,2,0,1,1,1,1785495132
2026-07-31T10:55:21Z,387,21,2,2,0,0,1,1,1,1785493687
2026-07-31T10:55:21Z,388,18,2,31,0,0,1,1,1,1785494640
2026-07-31T10:55:21Z,389,8,7,7,0,0,1,1,1,1785495116
2026-07-31T10:55:21Z,390,15,0,20,0,0,1,1,1,1785494877
2026-07-31T10:55:21Z,391,4,0,10,1,0,1,1,1,1785487292
2026-07-31T10:55:21Z,392,2,2,16,1,0,1,1,1,1785495288
2026-07-31T10:55:21Z,393,3,3,5,3,0,1,1,1,1785487292
2026-07-31T10:55:21Z,394,6,4,5,2,0,1,1,1,1785494395
2026-07-31T10:55:21Z,396,8,7,31,3,0,1,1,1,1785495055
2026-07-31T10:55:21Z,397,6,5,25,0,0,1,1,1,1785494011
2026-07-31T10:55:21Z,399,12,1,3,2,0,1,1,1,1785494326
2026-07-31T10:55:21Z,400,11,6,9,3,0,1,1,1,1785494724
2026-07-31T10:55:21Z,401,5,0,26,8,0,1,1,1,1785495226
2026-07-31T10:55:21Z,403,1,0,28,2,0,1,1,1,1785495062
2026-07-31T10:55:21Z,404,2,2,20,1,0,1,1,1,1785494495
2026-07-31T10:55:21Z,406,3,2,31,1,0,1,1,1,1785494806
2026-07-31T10:55:21Z,407,16,3,17,1,0,1,1,1,1785493065
2026-07-31T10:55:21Z,408,13,2,19,1,0,1,1,1,1785491284
2026-07-31T10:55:21Z,409,1,0,19,3,0,1,1,1,1785493289
2026-07-31T10:55:21Z,413,20,5,1,2,0,1,1,1,1785493578
2026-07-31T10:55:21Z,414,11,3,3,1,0,1,1,1,1785494613
2026-07-31T10:55:21Z,417,12,7,6,1,0,1,1,1,1785494370
2026-07-31T10:55:21Z,418,1,0,14,0,0,1,1,1,1785490913
2026-07-31T10:55:21Z,419,10,0,12,1,0,1,1,1,1785487895
2026-07-31T10:55:21Z,421,1,0,18,0,0,1,1,1,1785488201
2026-07-31T10:55:21Z,422,4,3,22,1,0,1,1,1,1785493261
2026-07-31T10:55:21Z,423,4,2,19,0,0,1,1,1,1785494704
2026-07-31T10:55:21Z,424,3,2,9,3,0,1,1,1,1785495213
2026-07-31T10:55:21Z,425,18,0,3,0,1,1,1,1,1785495308
2026-07-31T10:55:21Z,426,1,0,34,2,0,1,1,1,1785492043
2026-07-31T10:55:21Z,427,13,1,1,1,0,1,1,1,1785495176
2026-07-31T10:55:21Z,428,17,2,1,1,0,1,1,1,1785495244
2026-07-31T10:55:21Z,429,0,0,21,2,0,1,1,1,1785492151
2026-07-31T10:55:21Z,430,28,0,0,3,0,1,1,1,1785485488
2026-07-31T10:55:21Z,431,15,0,17,1,0,1,1,1,1785488642
2026-07-31T10:55:21Z,432,18,0,11,2,0,0,1,1,1785494673
2026-07-31T10:55:21Z,433,19,6,3,1,0,1,1,1,1785488201
2026-07-31T10:55:21Z,437,1,0,17,1,0,1,1,1,1785495299
2026-07-31T10:55:21Z,438,17,0,1,1,0,1,1,1,1785495229
2026-07-31T10:55:21Z,439,5,0,10,0,0,1,1,1,1785494601
2026-07-31T10:55:21Z,440,12,2,1,2,0,1,1,1,1785494963
2026-07-31T10:55:21Z,441,12,1,2,1,0,1,1,1,1785495062
2026-07-31T10:55:21Z,442,18,9,0,1,0,1,1,1,1785494300
2026-07-31T10:55:21Z,443,4,2,23,0,0,1,1,1,1785485488
2026-07-31T10:55:21Z,444,2,2,21,0,0,1,1,1,1785485488
2026-07-31T10:55:21Z,445,7,2,15,1,0,1,1,1,1785495138
2026-07-31T10:55:21Z,446,0,0,22,1,0,1,1,1,1785494652
2026-07-31T10:55:21Z,447,2,0,19,1,1,1,1,1,1785492174
2026-07-31T10:55:21Z,448,9,4,5,1,0,1,1,1,1785487895
2026-07-31T10:55:21Z,452,9,6,9,1,0,1,1,1,1785494991
2026-07-31T10:55:21Z,453,7,5,7,1,0,1,1,1,1785494607
2026-07-31T10:55:21Z,454,9,0,10,0,0,1,1,1,1785489971
2026-07-31T10:55:21Z,455,2,0,37,0,0,1,1,1,1785492761
2026-07-31T10:55:21Z,456,9,0,10,1,0,1,1,1,1785495070
2026-07-31T10:55:21Z,457,25,2,0,2,0,1,1,1,1785487895
2026-07-31T10:55:21Z,458,11,4,12,0,0,1,1,1,1785493232
2026-07-31T10:55:21Z,459,15,0,0,0,0,1,1,1,1785485789
2026-07-31T10:55:21Z,460,16,2,6,1,0,1,1,1,1785493525
2026-07-31T10:55:21Z,461,5,1,14,0,0,1,1,1,1785487878
2026-07-31T10:55:21Z,462,13,1,8,0,0,1,1,1,1785494791
2026-07-31T10:55:21Z,463,13,1,6,0,0,1,1,1,1785487897
2026-07-31T10:55:21Z,464,3,1,11,0,0,1,1,1,1785485789
2026-07-31T10:55:21Z,465,0,0,14,1,0,1,1,1,1785485789
2026-07-31T10:55:21Z,466,11,3,2,2,0,1,1,1,1785485789
2026-07-31T10:55:21Z,467,3,1,15,1,0,1,1,1,1785494407
2026-07-31T10:55:21Z,468,17,1,1,1,0,1,1,1,1785485789
2026-07-31T10:55:21Z,469,2,1,21,0,0,1,1,1,1785487896
2026-07-31T10:55:21Z,470,12,1,1,2,0,1,1,1,1785495237
2026-07-31T10:55:21Z,471,22,2,5,0,0,1,1,1,1785487895
2026-07-31T10:55:21Z,472,14,3,4,1,0,1,1,1,1785495210
2026-07-31T10:55:21Z,473,19,5,0,0,0,1,1,1,1785485789
2026-07-31T10:55:21Z,474,16,0,3,0,0,1,1,1,1785488959
2026-07-31T10:55:21Z,475,5,1,13,1,0,1,1,1,1785492726
2026-07-31T10:55:21Z,477,9,7,5,1,0,1,1,1,1785492057
2026-07-31T10:55:21Z,478,6,0,24,1,0,1,1,1,1785495169
2026-07-31T10:55:21Z,479,0,0,26,1,0,1,1,1,1785492473
2026-07-31T10:55:21Z,480,3,0,9,3,0,1,1,1,1785494974
2026-07-31T10:55:21Z,481,29,1,5,1,0,1,1,1,1785495275
2026-07-31T10:55:21Z,482,18,6,1,0,0,1,1,1,1785490527
2026-07-31T10:55:21Z,483,1,0,24,2,0,1,1,1,1785495175
2026-07-31T10:55:21Z,484,5,2,13,1,0,1,1,1,1785495219
2026-07-31T10:55:21Z,485,16,6,1,1,1,1,1,1,1785495244
2026-07-31T10:55:21Z,486,25,6,0,2,0,1,1,1,1785495236
2026-07-31T10:55:21Z,487,6,4,12,1,0,1,1,1,1785493687
2026-07-31T10:55:21Z,489,13,7,2,0,0,1,1,1,1785494987
2026-07-31T10:55:21Z,490,2,1,14,0,0,1,1,1,1785492713
2026-07-31T10:55:21Z,491,4,1,17,0,0,1,1,1,1785486090
2026-07-31T10:55:21Z,492,4,2,3,4,0,1,1,1,1785495311
2026-07-31T10:55:21Z,493,0,0,26,1,0,1,1,1,1785487895
2026-07-31T10:55:21Z,495,9,0,3,3,0,1,1,1,1785489700
2026-07-31T10:55:21Z,496,24,1,3,0,0,1,1,1,1785494329
2026-07-31T10:55:21Z,497,16,0,2,1,0,1,1,1,1785494248
2026-07-31T10:55:21Z,498,20,3,2,1,0,1,1,1,1785493313
2026-07-31T10:55:21Z,499,15,0,3,1,0,1,1,1,1785495005
2026-07-31T10:55:21Z,500,7,4,3,5,0,1,1,1,1785494804
2026-07-31T10:55:21Z,501,11,4,10,0,0,1,1,1,1785492885
2026-07-31T10:55:21Z,502,6,0,13,0,0,1,1,1,1785486089
2026-07-31T10:55:21Z,503,25,0,5,1,0,1,1,1,1785494764
2026-07-31T10:55:21Z,504,2,1,37,0,0,1,1,1,1785495029
2026-07-31T10:55:21Z,505,10,1,1,1,0,1,1,1,1785487586
2026-07-31T10:55:21Z,511,4,3,19,0,0,1,1,1,1785495030
2026-07-31T10:55:21Z,512,7,0,20,0,0,1,1,1,1785495252
2026-07-31T10:55:21Z,514,8,0,2,1,0,1,1,1,1785492997
2026-07-31T10:55:21Z,515,2,0,17,0,0,1,1,1,1785487895
2026-07-31T10:55:21Z,516,1,0,26,0,0,1,1,1,1785495288
2026-07-31T10:55:21Z,517,13,2,9,1,0,1,1,1,1785494998
2026-07-31T10:55:21Z,518,13,1,1,1,0,1,1,1,1785494366
2026-07-31T10:55:21Z,519,4,0,13,2,0,1,1,1,1785494724
2026-07-31T10:55:21Z,520,10,7,11,5,1,1,1,1,1785495310
2026-07-31T10:55:21Z,521,18,5,5,0,0,1,1,1,1785494100
2026-07-31T10:55:21Z,522,1,0,21,1,0,1,1,1,1785494985
2026-07-31T10:55:21Z,523,6,4,16,1,0,1,1,1,1785494750
2026-07-31T10:55:21Z,524,0,0,23,0,0,1,1,1,1785494956
2026-07-31T10:55:21Z,525,8,0,11,0,0,1,1,1,1785494735
2026-07-31T10:55:21Z,526,13,1,0,2,0,1,1,1,1785486390
2026-07-31T10:55:21Z,527,5,2,18,3,0,1,1,1,1785495282
2026-07-31T10:55:21Z,528,22,1,0,1,0,1,1,1,1785495313
2026-07-31T10:55:21Z,529,6,3,7,6,0,1,1,1,1785495305
2026-07-31T10:55:21Z,530,13,0,7,1,0,1,1,1,1785493790
2026-07-31T10:55:21Z,531,19,0,2,1,1,1,1,1,1785493153
2026-07-31T10:55:21Z,532,3,3,27,1,0,1,1,1,1785488341
2026-07-31T10:55:21Z,533,7,1,10,2,0,1,1,1,1785495060
2026-07-31T10:55:21Z,534,12,0,10,1,0,1,1,1,1785495118
2026-07-31T10:55:21Z,535,3,0,12,0,0,1,1,1,1785494305
2026-07-31T10:55:21Z,536,2,0,21,0,0,1,1,1,1785494950
2026-07-31T10:55:21Z,537,3,1,17,0,0,1,1,1,1785494448
2026-07-31T10:55:21Z,538,20,7,1,0,2,1,1,1,1785495028
2026-07-31T10:55:21Z,539,5,5,26,0,0,1,1,1,1785488201
2026-07-31T10:55:21Z,540,2,1,17,0,0,1,1,1,1785486391
2026-07-31T10:55:21Z,541,22,2,4,1,0,1,1,1,1785494937
2026-07-31T10:55:21Z,542,4,2,19,0,0,1,1,1,1785493905
2026-07-31T10:55:21Z,543,16,2,2,1,0,1,1,1,1785494968
2026-07-31T10:55:21Z,544,14,1,4,4,0,1,1,1,1785495001
2026-07-31T10:55:21Z,545,3,0,14,2,0,1,1,1,1785495149
2026-07-31T10:55:21Z,546,15,8,4,0,0,1,1,1,1785494355
2026-07-31T10:55:21Z,547,19,1,6,0,0,1,1,1,1785494297
2026-07-31T10:55:21Z,548,14,1,9,0,0,1,1,1,1785486390
2026-07-31T10:55:21Z,549,20,0,3,0,0,1,1,1,1785494873
2026-07-31T10:55:21Z,550,13,0,6,0,0,1,1,1,1785495012
2026-07-31T10:55:21Z,551,16,4,7,0,0,1,1,1,1785486390
2026-07-31T10:55:21Z,552,27,3,0,0,0,1,1,1,1785486390
2026-07-31T10:55:21Z,553,16,1,4,2,1,1,1,1,1785495285
2026-07-31T10:55:21Z,554,1,1,18,0,0,1,1,1,1785486691
2026-07-31T10:55:21Z,555,12,5,2,1,0,1,1,1,1785493469
2026-07-31T10:55:21Z,556,19,4,2,2,0,1,1,1,1785495081
2026-07-31T10:55:21Z,557,7,4,11,5,0,1,1,1,1785494913
2026-07-31T10:55:21Z,558,34,4,3,0,0,1,1,1,1785495307
2026-07-31T10:55:21Z,559,0,0,18,1,0,1,1,1,1785492602
2026-07-31T10:55:21Z,560,10,0,17,0,0,1,1,1,1785492157
2026-07-31T10:55:21Z,561,16,2,6,1,0,1,1,1,1785494469
2026-07-31T10:55:21Z,562,3,0,29,3,0,1,1,1,1785486691
2026-07-31T10:55:21Z,563,9,0,5,0,0,1,1,1,1785495042
2026-07-31T10:55:21Z,564,10,0,8,1,0,1,1,1,1785493840
2026-07-31T10:55:21Z,565,7,1,12,0,0,1,1,1,1785495023
2026-07-31T10:55:21Z,566,13,0,5,1,0,1,1,1,1785495221
2026-07-31T10:55:21Z,567,26,1,0,1,0,1,1,1,1785493771
2026-07-31T10:55:21Z,568,14,0,4,1,0,1,1,1,1785490328
2026-07-31T10:55:21Z,569,15,2,4,0,0,1,1,1,1785492410
2026-07-31T10:55:21Z,570,11,0,8,0,0,1,1,1,1785495115
2026-07-31T10:55:21Z,571,2,0,21,0,0,1,1,1,1785495151
2026-07-31T10:55:21Z,572,13,4,5,1,0,1,1,1,1785495273
2026-07-31T10:55:21Z,573,13,0,2,0,0,1,1,1,1785486691
2026-07-31T10:55:21Z,574,8,3,7,0,0,1,1,1,1785494679
2026-07-31T10:55:21Z,575,4,0,16,1,0,1,1,1,1785494906
2026-07-31T10:55:21Z,576,2,0,15,2,0,1,1,1,1785494813
2026-07-31T10:55:21Z,577,15,0,16,0,0,1,1,1,1785495182
2026-07-31T10:55:21Z,578,13,9,9,1,0,1,1,1,1785495206
2026-07-31T10:55:21Z,579,5,0,38,0,0,1,1,1,1785495141
2026-07-31T10:55:21Z,580,3,0,26,0,0,1,1,1,1785495149
2026-07-31T10:55:21Z,581,14,1,5,0,0,1,1,1,1785494959
2026-07-31T10:55:21Z,582,19,0,41,1,0,1,1,1,1785495300
2026-07-31T10:55:21Z,583,23,1,0,0,0,1,1,1,1785492035
2026-07-31T10:55:21Z,584,9,4,6,4,0,1,1,1,1785486691
2026-07-31T10:55:21Z,585,13,2,13,0,1,1,1,1,1785493978
2026-07-31T10:55:21Z,586,10,0,25,0,0,1,1,1,1785495227
2026-07-31T10:55:21Z,587,18,0,5,1,0,1,1,1,1785494453
2026-07-31T10:55:21Z,588,11,3,5,2,1,1,1,1,1785495125
2026-07-31T10:55:21Z,589,0,0,0,23,0,1,1,1,1785495287
2026-07-31T10:55:21Z,590,17,2,12,2,0,1,1,1,1785492102
2026-07-31T10:55:21Z,591,27,1,1,2,0,1,1,1,1785495263
2026-07-31T10:55:21Z,592,11,0,12,0,0,1,1,1,1785495011
2026-07-31T10:55:21Z,593,0,0,38,0,0,1,1,1,1785488201
2026-07-31T10:55:21Z,594,6,0,12,3,0,1,1,1,1785495189
2026-07-31T10:55:21Z,595,0,0,3,0,0,0,1,1,1784046673
2026-07-31T10:55:21Z,605,0,0,2,1,0,0,1,1,1783975843
2026-07-31T10:55:21Z,606,0,0,0,0,0,0,1,1,86400
2026-07-31T10:55:21Z,607,10,2,21,1,0,1,1,1,1785494678
2026-07-31T10:55:21Z,608,1,0,49,0,0,1,1,1,1785495016
2026-07-31T10:55:21Z,609,0,0,23,0,0,1,1,1,1785494652
2026-07-31T10:55:21Z,610,1,0,34,0,0,1,1,1,1785494557
2026-07-31T10:55:21Z,611,13,0,13,1,0,1,1,1,1785494266
2026-07-31T10:55:21Z,612,6,1,9,0,0,1,1,1,1785486691
2026-07-31T10:55:21Z,613,9,0,2,4,0,1,1,1,1785489318
2026-07-31T10:55:21Z,614,1,1,23,2,1,1,1,1,1785488202
2026-07-31T10:55:21Z,617,10,0,3,2,0,1,1,1,1785494811
2026-07-31T10:55:21Z,618,13,2,1,5,0,1,1,1,1785486690
2026-07-31T10:55:21Z,619,3,1,15,1,0,1,1,1,1785494782
2026-07-31T10:55:21Z,620,1,0,26,0,0,1,1,1,1785495096
2026-07-31T10:55:21Z,621,4,1,18,1,0,1,1,1,1785494815
2026-07-31T10:55:21Z,622,5,2,17,1,0,1,1,1,1785488201
2026-07-31T10:55:21Z,623,9,2,20,1,0,1,1,1,1785495075
2026-07-31T10:55:21Z,624,1,0,14,0,0,1,1,1,1785493218
2026-07-31T10:55:21Z,625,4,0,15,2,0,1,1,1,1785495075
2026-07-31T10:55:21Z,626,5,0,40,0,2,1,1,1,1785495289
2026-07-31T10:55:21Z,627,14,6,5,0,0,1,1,1,1785493197
2026-07-31T10:55:21Z,628,0,0,15,2,2,1,1,1,1785495043
2026-07-31T10:55:21Z,629,4,1,6,1,0,1,1,1,1785495103
2026-07-31T10:55:21Z,630,3,2,21,3,0,1,1,1,1785495238
2026-07-31T10:55:21Z,631,2,1,21,0,0,1,1,1,1785488201
2026-07-31T10:55:21Z,632,20,0,1,2,0,1,1,1,1785492884
2026-07-31T10:55:21Z,633,11,1,0,4,0,1,1,1,1785495165
2026-07-31T10:55:21Z,634,11,2,8,0,0,1,1,1,1785486991
2026-07-31T10:55:21Z,635,16,1,3,0,0,1,1,1,1785494941
2026-07-31T10:55:21Z,636,10,2,5,0,0,1,1,1,1785488201
2026-07-31T10:55:21Z,637,7,0,12,0,0,1,1,1,1785490209
2026-07-31T10:55:21Z,638,8,1,9,2,0,1,1,1,1785495242
2026-07-31T10:55:21Z,639,5,1,11,3,0,1,1,1,1785479066
2026-07-31T10:55:21Z,640,3,3,19,1,0,1,1,1,1785495239
2026-07-31T10:55:21Z,641,18,0,6,2,0,1,1,1,1785495298
2026-07-31T10:55:21Z,642,4,2,7,8,0,1,1,1,1785495311
2026-07-31T10:55:21Z,643,2,0,18,7,0,1,1,1,1785495312
2026-07-31T10:55:21Z,644,12,0,2,1,0,1,1,1,1785486991
2026-07-31T10:55:21Z,645,11,0,10,1,1,1,1,1,1785488495
2026-07-31T10:55:21Z,646,7,2,12,0,0,1,1,1,1785495116
2026-07-31T10:55:21Z,647,29,1,2,0,0,1,1,1,1785492741
2026-07-31T10:55:21Z,648,6,0,12,1,0,1,1,1,1785490674
2026-07-31T10:55:21Z,649,19,3,11,1,0,1,1,1,1785493644
2026-07-31T10:55:21Z,650,5,1,9,0,0,1,1,1,1785488201
2026-07-31T10:55:21Z,651,8,7,15,0,0,1,1,1,1785494343
2026-07-31T10:55:21Z,652,3,2,18,2,0,1,1,1,1785495227
2026-07-31T10:55:21Z,653,9,1,8,2,0,1,1,1,1785494586
2026-07-31T10:55:21Z,654,2,2,13,0,0,1,1,1,1785488202
2026-07-31T10:55:21Z,655,7,3,1,4,1,1,1,1,1785495277
2026-07-31T10:55:21Z,656,18,7,1,0,0,1,1,1,1785494552
2026-07-31T10:55:21Z,657,9,1,3,2,3,1,1,1,1785495188
2026-07-31T10:55:21Z,658,9,1,1,0,0,1,1,1,1785473427
2026-07-31T10:55:21Z,659,8,3,5,2,0,1,1,1,1785488201
2026-07-31T10:55:21Z,660,13,0,14,4,0,1,1,1,1785495148
2026-07-31T10:55:21Z,661,2,1,17,0,0,1,1,1,1785492505
2026-07-31T10:55:21Z,662,4,3,16,3,0,1,1,1,1785493876
2026-07-31T10:55:21Z,663,12,5,2,1,0,1,1,1,1785493447
2026-07-31T10:55:21Z,664,1,0,26,0,0,1,1,1,1785495012
2026-07-31T10:55:21Z,665,12,3,3,0,0,1,1,1,1785488202
2026-07-31T10:55:21Z,666,7,2,6,2,0,1,1,1,1785488201
2026-07-31T10:55:21Z,667,0,0,19,0,0,1,1,1,1785486991
2026-07-31T10:55:21Z,668,10,1,8,1,0,1,1,1,1785488201
2026-07-31T10:55:21Z,669,13,5,1,0,0,1,1,1,1785493864
2026-07-31T10:55:21Z,670,9,2,17,1,0,1,1,1,1785494714
2026-07-31T10:55:21Z,671,23,5,3,1,0,1,1,1,1785494418
2026-07-31T10:55:21Z,672,12,2,7,3,1,1,1,1,1785491597
2026-07-31T10:55:21Z,673,13,0,8,2,0,1,1,1,1785495069
2026-07-31T10:55:21Z,674,5,3,15,3,0,1,1,1,1785495133
2026-07-31T10:55:21Z,675,11,7,2,2,0,1,1,1,1785495035
2026-07-31T10:55:21Z,676,6,0,15,1,0,1,1,1,1785493473
2026-07-31T10:55:21Z,681,11,3,2,2,0,1,1,1,1785494497
2026-07-31T10:55:21Z,682,4,1,14,1,0,1,1,1,1785486991
2026-07-31T10:55:21Z,683,4,1,15,0,0,1,1,1,1785493800
2026-07-31T10:55:21Z,684,3,0,24,0,0,1,1,1,1785487883
2026-07-31T10:55:21Z,685,10,0,15,1,1,1,1,1,1785488201
2026-07-31T10:55:21Z,686,10,0,15,2,0,1,1,1,1785495216
2026-07-31T10:55:21Z,687,11,0,18,1,1,1,1,1,1785495228
2026-07-31T10:55:21Z,688,10,0,2,7,0,1,1,1,1785495302
2026-07-31T10:55:21Z,692,5,2,16,0,0,1,1,1,1785495253
2026-07-31T10:55:21Z,693,6,0,2,3,0,1,1,1,1785494422
2026-07-31T10:55:21Z,694,8,5,13,0,0,1,1,1,1785494183
2026-07-31T10:55:21Z,695,15,10,8,0,0,1,1,1,1785495140
2026-07-31T10:55:21Z,696,18,13,3,2,0,1,1,1,1785495309
2026-07-31T10:55:21Z,697,22,2,1,0,0,1,1,1,1785493839
2026-07-31T10:55:21Z,698,23,1,4,0,0,1,1,1,1785495250
2026-07-31T10:55:21Z,699,7,0,7,1,0,1,1,1,1785494730
2026-07-31T10:55:21Z,700,19,4,0,0,0,1,1,1,1785494867
2026-07-31T10:55:21Z,701,17,6,2,0,0,1,1,1,1785494298
2026-07-31T10:55:21Z,702,19,0,4,0,0,1,1,1,1785494873
2026-07-31T10:55:21Z,704,8,2,7,0,0,1,1,1,1785493691
2026-07-31T10:55:21Z,705,4,2,9,2,0,1,1,1,1785494971
2026-07-31T10:55:21Z,706,12,2,0,3,0,1,1,1,1785494258
2026-07-31T10:55:21Z,707,10,2,5,0,0,1,1,1,1785494888
2026-07-31T10:55:21Z,708,17,2,1,1,0,1,1,1,1785495104
2026-07-31T10:55:21Z,709,10,0,2,3,0,1,1,1,1785494924
2026-07-31T10:55:21Z,710,17,3,1,1,0,1,1,1,1785494338
2026-07-31T10:55:21Z,711,19,4,0,4,0,1,1,1,1785494406
2026-07-31T10:55:21Z,712,11,9,4,0,0,1,1,1,1785495080
2026-07-31T10:55:21Z,713,5,0,18,0,0,1,1,1,1785493561
2026-07-31T10:55:21Z,716,4,2,11,0,0,1,1,1,1785494617
2026-07-31T10:55:21Z,717,4,2,18,3,0,1,1,1,1785494701
2026-07-31T10:55:21Z,718,3,1,11,1,0,1,1,1,1785494436
2026-07-31T10:55:21Z,719,8,2,21,0,0,1,1,1,1785493861
2026-07-31T10:55:21Z,720,2,1,17,0,0,1,1,1,1785494906
2026-07-31T10:55:21Z,721,0,0,21,2,0,1,1,1,1785493899
2026-07-31T10:55:21Z,722,5,0,10,0,0,1,1,1,1785494662
2026-07-31T10:55:21Z,723,12,1,11,0,0,1,1,1,1785494741
2026-07-31T10:55:21Z,724,21,4,2,0,0,1,1,1,1785494045
2026-07-31T10:55:21Z,725,18,6,4,1,0,1,1,1,1785495211
2026-07-31T10:55:21Z,726,18,3,1,0,0,1,1,1,1785493912
2026-07-31T10:55:21Z,727,9,4,12,2,0,1,1,1,1785493847
2026-07-31T10:55:21Z,728,9,0,5,1,0,1,1,1,1785495207
2026-07-31T10:55:21Z,729,3,0,16,0,0,1,1,1,1785494897
2026-07-31T10:55:21Z,730,3,2,10,2,0,1,1,1,1785493990
2026-07-31T10:55:21Z,731,9,3,5,1,0,1,1,1,1785494918
2026-07-31T10:55:21Z,732,8,5,7,0,0,1,1,1,1785494838
2026-07-31T10:55:21Z,733,6,0,21,0,0,1,1,1,1785495292
2026-07-31T10:55:21Z,734,1,0,13,0,0,1,1,1,1785495230
2026-07-31T10:55:21Z,735,2,2,25,0,0,1,1,1,1785495038
2026-07-31T10:55:21Z,736,6,0,13,0,0,1,1,1,1785493535
2026-07-31T10:55:21Z,737,4,3,10,0,1,1,1,1,1785493528
2026-07-31T10:55:21Z,738,17,6,1,1,0,1,1,1,1785495279
2026-07-31T10:55:21Z,739,19,2,7,1,0,1,1,1,1785494974
2026-07-31T10:55:21Z,741,7,1,16,0,0,1,1,1,1785495242
2026-07-31T10:55:21Z,742,6,1,26,3,0,1,1,1,1785494622
2026-07-31T10:55:21Z,743,9,3,8,2,0,1,1,1,1785495111
2026-07-31T10:55:21Z,744,11,4,4,0,0,1,1,1,1785495092
2026-07-31T10:55:21Z,745,14,4,4,1,0,1,1,1,1785493811
2026-07-31T10:55:21Z,746,10,3,11,2,0,1,1,1,1785495116
2026-07-31T10:55:21Z,747,0,0,4,0,0,0,1,1,1783446606
2026-07-31T10:55:21Z,748,10,1,13,0,0,1,1,1,1785494608
2026-07-31T10:55:21Z,749,5,5,17,1,0,1,1,1,1785494524
2026-07-31T10:55:21Z,750,1,1,10,0,0,1,1,1,1785494852
2026-07-31T10:55:21Z,751,11,1,12,0,0,1,1,1,1785494038
2026-07-31T10:55:21Z,752,14,1,2,1,0,1,1,1,1785495135
2026-07-31T10:55:21Z,753,5,0,10,0,0,1,1,1,1785493935
2026-07-31T10:55:21Z,754,2,1,12,1,0,1,1,1,1785494472
2026-07-31T10:55:21Z,755,12,2,10,1,0,1,1,1,1785494991
2026-07-31T10:55:21Z,756,5,1,32,0,0,1,1,1,1785495218
2026-07-31T10:55:21Z,757,15,8,4,0,0,1,1,1,1785494591
2026-07-31T10:55:21Z,758,22,3,1,0,0,1,1,1,1785494778
2026-07-31T10:55:21Z,759,3,2,12,0,0,1,1,1,1785493925
2026-07-31T10:55:21Z,760,8,3,11,0,0,1,1,1,1785488200
2026-07-31T10:55:21Z,761,17,0,5,1,0,1,1,1,1785495051
2026-07-31T10:55:21Z,762,6,3,4,5,0,1,1,1,1785494887
2026-07-31T10:55:21Z,768,8,0,8,3,0,1,1,1,1785494030
2026-07-31T10:55:21Z,769,16,12,3,0,0,1,1,1,1785494443
2026-07-31T10:55:21Z,770,11,3,6,2,0,1,1,1,1785493593
2026-07-31T10:55:21Z,771,13,3,1,1,0,1,1,1,1785494850
2026-07-31T10:55:21Z,772,8,3,7,0,0,1,1,1,1785494805
2026-07-31T10:55:21Z,773,15,4,4,0,0,1,1,1,1785495306
2026-07-31T10:55:21Z,774,9,5,3,3,0,1,1,1,1785495243
2026-07-31T10:55:21Z,775,7,0,10,1,1,1,1,1,1785494713
2026-07-31T10:55:21Z,776,3,1,17,1,0,1,1,1,1785493821
2026-07-31T10:55:21Z,777,10,0,2,3,0,1,1,1,1785493572
2026-07-31T10:55:21Z,778,13,0,3,3,0,1,1,1,1785495314
2026-07-31T10:55:21Z,779,8,1,10,1,0,1,1,1,1785494401
2026-07-31T10:55:21Z,780,18,4,0,1,0,1,1,1,1785495182
2026-07-31T10:55:21Z,781,4,0,4,3,0,1,1,1,1785494330
2026-07-31T10:55:21Z,782,4,3,11,4,0,1,1,1,1785495129
2026-07-31T10:55:21Z,783,6,0,13,0,0,1,1,1,1785494397
2026-07-31T10:55:21Z,784,19,2,0,0,0,1,1,1,1785494006
2026-07-31T10:55:21Z,785,11,2,2,6,0,1,1,1,1785494572
2026-07-31T10:55:21Z,786,12,5,7,0,0,1,1,1,1785494544
2026-07-31T10:55:21Z,787,11,5,2,2,0,1,1,1,1785493854
2026-07-31T10:55:21Z,788,3,0,12,0,0,1,1,1,1785494887
2026-07-31T10:55:21Z,789,8,1,3,4,0,1,1,1,1785495115
2026-07-31T10:55:21Z,790,3,0,20,0,0,1,1,1,1785493711
2026-07-31T10:55:21Z,791,8,1,10,0,1,1,1,1,1785495070
2026-07-31T10:55:21Z,793,4,0,10,1,0,1,1,1,1785495254
2026-07-31T10:55:21Z,794,12,4,15,2,0,1,1,1,1785494724
2026-07-31T10:55:21Z,796,0,0,17,2,0,1,1,1,1785495060
2026-07-31T10:55:21Z,797,2,0,13,0,0,1,1,1,1785494961
2026-07-31T10:55:21Z,798,10,1,14,1,0,1,1,1,1785494904
2026-07-31T10:55:21Z,799,15,1,1,3,0,1,1,1,1785495028
2026-07-31T10:55:21Z,800,3,0,17,1,0,1,1,1,1785495312
2026-07-31T10:55:21Z,801,4,2,16,1,0,1,1,1,1785495087
2026-07-31T10:55:21Z,802,8,0,23,0,0,1,1,1,1785495201
2026-07-31T10:55:21Z,803,1,1,14,0,0,1,1,1,1785494855
2026-07-31T10:55:21Z,806,8,3,7,0,0,1,1,1,1785495309
2026-07-31T10:55:21Z,807,14,0,8,3,0,1,1,1,1785493656
2026-07-31T10:55:21Z,808,0,0,23,2,0,1,1,1,1785488225
2026-07-31T10:55:21Z,809,4,0,18,1,0,1,1,1,1785495038
2026-07-31T10:55:21Z,810,2,0,13,4,0,1,1,1,1785493673
2026-07-31T10:55:21Z,815,3,1,7,4,1,1,1,1,1785495224
2026-07-31T10:55:21Z,817,11,5,4,0,0,1,1,1,1785494911
2026-07-31T10:55:21Z,818,6,0,16,1,0,1,1,1,1785493798
2026-07-31T10:55:21Z,819,6,4,9,0,0,1,1,1,1785487291
2026-07-31T10:55:21Z,820,8,2,9,0,0,1,1,1,1785494287
2026-07-31T10:55:21Z,821,2,1,13,0,0,1,1,1,1785495215
2026-07-31T10:55:21Z,822,2,0,19,2,0,1,1,1,1785493732
2026-07-31T10:55:21Z,823,0,0,14,1,0,1,1,1,1785494688
2026-07-31T10:55:21Z,824,13,4,5,1,0,1,1,1,1785494154
2026-07-31T10:55:21Z,825,7,4,8,0,0,1,1,1,1785493925
2026-07-31T10:55:21Z,826,10,2,8,1,0,1,1,1,1785494172
2026-07-31T10:55:21Z,827,16,5,4,1,0,1,1,1,1785493679
2026-07-31T10:55:21Z,828,10,0,7,1,0,1,1,1,1785493566
2026-07-31T10:55:21Z,829,16,7,11,0,0,1,1,1,1785494420
2026-07-31T10:55:21Z,830,15,3,7,1,0,1,1,1,1785494390
2026-07-31T10:55:21Z,831,7,2,7,1,0,1,1,1,1785494653
2026-07-31T10:55:21Z,832,10,3,5,3,0,1,1,1,1785495165
2026-07-31T10:55:21Z,833,1,0,17,1,0,1,1,1,1785494502
2026-07-31T10:55:21Z,834,2,0,21,1,0,1,1,1,1785495288
2026-07-31T10:55:21Z,835,15,6,1,2,0,1,1,1,1785495064
2026-07-31T10:55:21Z,837,5,1,0,10,0,1,1,1,1785494728
2026-07-31T10:55:21Z,838,13,3,2,0,0,1,1,1,1785493579
2026-07-31T10:55:21Z,839,12,0,17,0,0,1,1,1,1785495302
2026-07-31T10:55:21Z,840,9,4,18,2,0,1,1,1,1785495014
2026-07-31T10:55:21Z,841,7,1,8,0,0,1,1,1,1785494649
2026-07-31T10:55:21Z,842,7,2,16,0,0,1,1,1,1785494457
2026-07-31T10:55:21Z,843,8,0,22,1,0,1,1,1,1785494710
2026-07-31T10:55:21Z,844,6,0,17,0,0,1,1,1,1785494659
2026-07-31T10:55:21Z,845,5,3,12,2,0,1,1,1,1785494836
2026-07-31T10:55:21Z,846,3,0,14,2,0,1,1,1,1785493971
2026-07-31T10:55:21Z,847,7,1,20,0,0,1,1,1,1785493766
2026-07-31T10:55:21Z,848,10,3,8,1,0,1,1,1,1785488215
2026-07-31T10:55:21Z,849,6,1,8,1,0,1,1,1,1785494927
2026-07-31T10:55:21Z,850,8,0,2,1,0,1,1,1,1785494138
2026-07-31T10:55:21Z,851,3,3,32,2,0,1,1,1,1785494964
2026-07-31T10:55:21Z,852,12,6,7,0,0,1,1,1,1785494548
2026-07-31T10:55:21Z,853,10,5,13,0,0,1,1,1,1785493614
2026-07-31T10:55:21Z,854,3,2,12,0,0,1,1,1,1785493675
2026-07-31T10:55:21Z,855,25,0,2,0,0,1,1,1,1785488200
2026-07-31T10:55:21Z,857,2,2,17,0,0,1,1,1,1785494918
2026-07-31T10:55:21Z,858,4,1,14,1,0,1,1,1,1785495211
2026-07-31T10:55:21Z,859,3,0,17,1,0,1,1,1,1785493615
2026-07-31T10:55:21Z,861,8,1,2,1,0,1,1,1,1785488201
2026-07-31T10:55:21Z,862,2,2,13,0,0,1,1,1,1785494677
2026-07-31T10:55:21Z,863,13,0,5,1,0,1,1,1,1785488200
2026-07-31T10:55:21Z,866,11,3,8,0,0,1,1,1,1785494986
2026-07-31T10:55:21Z,867,12,0,3,0,0,1,1,1,1785494292
2026-07-31T10:55:21Z,868,13,2,2,0,0,1,1,1,1785494504
2026-07-31T10:55:21Z,870,7,4,6,2,0,1,1,1,1785494724
2026-07-31T10:55:21Z,871,0,0,10,1,0,1,1,1,1785494096
2026-07-31T10:55:21Z,872,0,0,14,1,0,1,1,1,1785494641
2026-07-31T10:55:21Z,873,1,1,31,1,0,1,1,1,1785495066
2026-07-31T10:55:21Z,874,5,2,7,3,0,1,1,1,1785495238
2026-07-31T10:55:21Z,875,14,10,0,1,0,1,1,1,1785494794
2026-07-31T10:55:21Z,877,11,10,6,2,0,1,1,1,1785494255
2026-07-31T10:55:21Z,878,3,2,15,1,0,1,1,1,1785494835
2026-07-31T10:55:21Z,879,1,0,18,0,0,1,1,1,1785493876
2026-07-31T10:55:21Z,880,2,0,20,1,0,1,1,1,1785494796
2026-07-31T10:55:21Z,881,2,0,17,0,0,1,1,1,1785494689
2026-07-31T10:55:21Z,882,10,0,6,3,0,1,1,1,1785488200
2026-07-31T10:55:21Z,883,10,6,9,0,0,1,1,1,1785494950
2026-07-31T10:55:21Z,884,11,7,10,0,0,1,1,1,1785494247
2026-07-31T10:55:21Z,885,1,0,18,0,0,1,1,1,1785494532
2026-07-31T10:55:21Z,886,15,1,12,2,0,1,1,1,1785494871
2026-07-31T10:55:21Z,887,3,1,11,3,0,1,1,1,1785495241
2026-07-31T10:55:21Z,888,15,0,24,2,0,1,1,1,1785495301
2026-07-31T10:55:21Z,889,15,0,2,2,0,1,1,1,1785495159
2026-07-31T10:55:21Z,890,6,4,9,0,0,1,1,1,1785489632
2026-07-31T10:55:21Z,891,20,0,2,1,0,1,1,1,1785494984
2026-07-31T10:55:21Z,892,13,1,2,0,0,1,1,1,1785488200
2026-07-31T10:55:21Z,895,0,0,18,1,0,1,1,1,1785489208
2026-07-31T10:55:21Z,896,6,0,29,0,0,1,1,1,1785493238
2026-07-31T10:55:21Z,897,11,1,10,0,0,1,1,1,1785494728
2026-07-31T10:55:21Z,898,2,0,17,0,0,1,1,1,1785494450
2026-07-31T10:55:21Z,899,0,0,18,1,0,1,1,1,1785493683
2026-07-31T10:55:21Z,900,17,1,8,2,0,1,1,1,1785494721
2026-07-31T10:55:21Z,901,9,0,9,1,0,1,1,1,1785495213
2026-07-31T10:55:21Z,902,9,0,5,1,0,1,1,1,1785494386
2026-07-31T10:55:21Z,903,14,2,4,1,0,1,1,1,1785493839
2026-07-31T10:55:21Z,904,10,4,8,1,0,1,1,1,1785494841
2026-07-31T10:55:21Z,905,6,1,21,0,0,1,1,1,1785494947
2026-07-31T10:55:21Z,906,7,4,20,0,0,1,1,1,1785495121
2026-07-31T10:55:21Z,907,7,2,24,0,0,1,1,1,1785495047
2026-07-31T10:55:21Z,908,11,0,12,0,0,1,1,1,1785494830
2026-07-31T10:55:21Z,909,13,3,9,1,0,1,1,1,1785494540
2026-07-31T10:55:21Z,910,26,1,5,0,0,1,1,1,1785494800
2026-07-31T10:55:21Z,911,4,1,15,0,0,1,1,1,1785494384
2026-07-31T10:55:21Z,912,11,4,10,2,0,1,1,1,1785495191
2026-07-31T10:55:21Z,913,3,1,16,0,0,1,1,1,1785493551
2026-07-31T10:55:21Z,914,6,2,13,0,0,1,1,1,1785495290
2026-07-31T10:55:21Z,915,9,1,13,1,0,1,1,1,1785495307
2026-07-31T10:55:21Z,916,22,7,0,1,0,1,1,1,1785494995
2026-07-31T10:55:21Z,917,10,2,23,2,0,1,1,1,1785495195
2026-07-31T10:55:21Z,918,12,3,5,2,0,1,1,1,1785495210
2026-07-31T10:55:21Z,919,16,0,21,2,0,1,1,1,1785495305
2026-07-31T10:55:21Z,920,4,2,15,0,0,1,1,1,1785495178
2026-07-31T10:55:21Z,921,12,0,9,0,0,1,1,1,1785494520
2026-07-31T10:55:21Z,922,3,1,17,1,0,1,1,1,1785494501
2026-07-31T10:55:21Z,923,18,2,1,0,0,1,1,1,1785495041
2026-07-31T10:55:21Z,924,8,2,13,0,0,1,1,1,1785493717
2026-07-31T10:55:21Z,925,13,0,8,0,0,1,1,1,1785495000
2026-07-31T10:55:21Z,926,0,0,21,0,0,1,1,1,1785495136
2026-07-31T10:55:21Z,927,3,0,32,0,0,1,1,1,1785495245
2026-07-31T10:55:21Z,928,5,3,14,0,0,0,1,1,1785464301
2026-07-31T10:55:21Z,929,0,0,23,0,0,1,1,1,1785494153
2026-07-31T10:55:21Z,930,0,0,30,1,0,1,1,1,1785494757
2026-07-31T10:55:21Z,931,8,4,15,0,0,1,1,1,1785495072
2026-07-31T10:55:21Z,932,2,0,14,3,0,1,1,1,1785494905
2026-07-31T10:55:21Z,933,0,0,23,0,0,1,1,1,1785495120
2026-07-31T10:55:21Z,934,4,0,26,1,0,1,1,1,1785495125
2026-07-31T10:55:21Z,935,12,4,6,1,0,1,1,1,1785494045
2026-07-31T10:55:21Z,936,4,1,15,0,0,1,1,1,1785456801
2026-07-31T10:55:21Z,940,9,0,2,0,0,1,1,1,1785494277
2026-07-31T10:55:21Z,941,8,1,15,2,0,1,1,1,1785495261
2026-07-31T10:55:21Z,942,6,1,14,1,0,1,1,1,1785493818
2026-07-31T10:55:21Z,943,9,8,6,0,0,1,1,1,1785494750
2026-07-31T10:55:21Z,944,9,8,6,0,0,1,1,1,1785494569
2026-07-31T10:55:21Z,945,10,8,5,0,0,1,1,1,1785494083
2026-07-31T10:55:21Z,946,7,5,12,0,0,1,1,1,1785487593
2026-07-31T10:55:21Z,947,7,5,10,0,0,1,1,1,1785494583
2026-07-31T10:55:21Z,948,23,8,3,5,0,1,1,1,1785495141
2026-07-31T10:55:21Z,949,2,2,13,0,0,1,1,1,1785494791
2026-07-31T10:55:21Z,950,13,4,3,1,0,1,1,1,1785495313
2026-07-31T10:55:21Z,951,18,4,4,1,0,1,1,1,1785494804
2026-07-31T10:55:21Z,952,13,1,42,0,0,1,1,1,1785495207
2026-07-31T10:55:21Z,953,13,2,1,1,0,1,1,1,1785493853
2026-07-31T10:55:21Z,954,17,4,2,0,0,1,1,1,1785494699
2026-07-31T10:55:21Z,955,4,3,17,6,0,1,1,1,1785493675
2026-07-31T10:55:21Z,956,21,0,1,1,0,1,1,1,1785494630
2026-07-31T10:55:21Z,957,15,0,14,0,0,1,1,1,1785493992
2026-07-31T10:55:21Z,958,19,2,12,0,0,1,1,1,1785495304
2026-07-31T10:55:21Z,959,19,8,1,3,0,1,1,1,1785495057
2026-07-31T10:55:21Z,960,20,0,2,1,0,1,1,1,1785495290
2026-07-31T10:55:21Z,961,3,2,17,3,0,1,1,1,1785495309
2026-07-31T10:55:21Z,962,9,3,23,3,0,1,1,1,1785493762
2026-07-31T10:55:21Z,963,9,0,13,1,0,1,1,1,1785494679
2026-07-31T10:55:21Z,964,18,8,4,1,0,1,1,1,1785494322
2026-07-31T10:55:21Z,965,6,2,20,1,0,1,1,1,1785494797
2026-07-31T10:55:21Z,966,25,0,6,0,0,1,1,1,1785494139
2026-07-31T10:55:21Z,967,17,0,3,1,0,1,1,1,1785495289
2026-07-31T10:55:21Z,968,15,0,3,1,0,1,1,1,1785495172
2026-07-31T10:55:21Z,969,11,7,14,2,0,1,1,1,1785494745
2026-07-31T10:55:21Z,970,12,1,5,2,0,1,1,1,1785495261
2026-07-31T10:55:21Z,971,10,0,12,1,0,1,1,1,1785494888
2026-07-31T10:55:21Z,972,9,1,13,1,0,1,1,1,1785494556
2026-07-31T10:55:21Z,973,8,4,14,1,0,1,1,1,1785494070
2026-07-31T10:55:21Z,974,15,0,12,0,0,1,1,1,1785495274
2026-07-31T10:55:21Z,977,7,7,11,3,0,1,1,1,1785494819
2026-07-31T10:55:21Z,978,11,0,12,0,0,1,1,1,1785493873
2026-07-31T10:55:21Z,979,12,1,5,0,0,1,1,1,1785495309
2026-07-31T10:55:21Z,980,1,0,18,2,0,1,1,1,1785494154
2026-07-31T10:55:21Z,981,18,0,2,1,0,1,1,1,1785494319
2026-07-31T10:55:21Z,982,3,1,14,2,0,1,1,1,1785494617
2026-07-31T10:55:21Z,983,2,1,20,1,0,1,1,1,1785495041
2026-07-31T10:55:21Z,984,6,0,17,0,0,1,1,1,1785494231
2026-07-31T10:55:21Z,985,13,0,18,0,0,1,1,1,1785495314
2026-07-31T10:55:21Z,986,4,0,15,0,0,1,1,1,1785494615
2026-07-31T10:55:21Z,987,6,0,16,1,0,1,1,1,1785495159
2026-07-31T10:55:21Z,988,5,1,13,1,0,1,1,1,1785494770
2026-07-31T10:55:21Z,989,9,4,10,0,0,1,1,1,1785493758
2026-07-31T10:55:21Z,990,13,1,0,2,0,1,1,1,1785494814
2026-07-31T10:55:21Z,991,10,2,8,1,0,1,1,1,1785494486
2026-07-31T10:55:21Z,992,10,7,12,1,0,1,1,1,1785493545
2026-07-31T10:55:21Z,993,0,0,27,0,0,1,1,1,1785476008
2026-07-31T10:55:21Z,994,3,1,18,0,0,1,1,1,1785493758
2026-07-31T10:55:21Z,995,7,1,20,0,0,1,1,1,1785494798
2026-07-31T10:55:21Z,996,8,1,15,0,0,1,1,1,1785494597
2026-07-31T10:55:21Z,997,11,5,10,2,0,1,1,1,1785495019
2026-07-31T10:55:21Z,998,3,3,19,1,0,1,1,1,1785494910
2026-07-31T10:55:21Z,999,2,0,16,2,1,1,1,1,1785494682
2026-07-31T10:55:21Z,1000,5,2,16,0,0,1,1,1,1785493662
2026-07-31T10:55:21Z,1001,2,1,25,0,0,1,1,1,1785494937
2026-07-31T10:55:21Z,1002,0,0,27,4,0,1,1,1,1785494944
2026-07-31T10:55:21Z,1003,0,0,22,1,0,1,1,1,1785494558
2026-07-31T10:55:21Z,1004,8,1,15,0,0,1,1,1,1785493999
2026-07-31T10:55:21Z,1005,20,1,3,0,0,1,1,1,1785494747
2026-07-31T10:55:21Z,1006,7,4,11,1,0,1,1,1,1785494579
2026-07-31T10:55:21Z,1007,2,1,19,0,0,1,1,1,1785494212
2026-07-31T10:55:21Z,1008,6,5,15,2,0,1,1,1,1785493720
2026-07-31T10:55:21Z,1009,19,2,8,4,0,1,1,1,1785493586
2026-07-31T10:55:21Z,1010,7,2,20,0,0,1,1,1,1785494423
2026-07-31T10:55:21Z,1011,8,2,9,2,0,1,1,1,1785494952
2026-07-31T10:55:21Z,1012,4,3,18,1,0,1,1,1,1785494514
2026-07-31T10:55:21Z,1013,4,1,18,1,0,1,1,1,1785495107
2026-07-31T10:55:21Z,1014,7,2,13,3,0,1,1,1,1785495033
2026-07-31T10:55:21Z,1015,3,1,25,3,0,1,1,1,1785495314
2026-07-31T10:55:21Z,1016,10,5,21,0,0,1,1,1,1785495217
2026-07-31T10:55:21Z,1017,14,5,7,0,0,1,1,1,1785493919
2026-07-31T10:55:21Z,1018,7,2,15,0,0,1,1,1,1785494600
2026-07-31T10:55:21Z,1019,9,6,6,0,0,1,1,1,1785494522
2026-07-31T10:55:21Z,1020,18,3,3,0,0,1,1,1,1785493787
2026-07-31T10:55:21Z,1021,9,3,5,1,0,1,1,1,1785493509
2026-07-31T10:55:21Z,1022,14,0,13,0,0,1,1,1,1785494698
2026-07-31T10:55:21Z,1023,13,1,9,1,0,1,1,1,1785494337
2026-07-31T10:55:21Z,1024,5,2,13,1,0,1,1,1,1785493516
2026-07-31T10:55:21Z,1025,4,0,14,0,1,1,1,1,1785494665
2026-07-31T10:55:21Z,1026,7,4,18,6,0,1,1,1,1785493870
2026-07-31T10:55:21Z,1028,2,0,20,1,0,1,1,1,1785494692
2026-07-31T10:55:21Z,1029,9,9,5,1,0,1,1,1,1785493806
2026-07-31T10:55:21Z,1030,14,5,9,0,0,1,1,1,1785493558
2026-07-31T10:55:21Z,1031,8,0,11,0,0,1,1,1,1785493920
2026-07-31T10:55:21Z,1032,7,1,12,0,0,1,1,1,1785494584
2026-07-31T10:55:21Z,1033,9,5,8,2,0,1,1,1,1785493879
2026-07-31T10:55:21Z,1034,2,0,13,0,0,1,1,1,1785494594
2026-07-31T10:55:21Z,1035,1,0,16,2,0,1,1,1,1785494632
2026-07-31T10:55:21Z,1036,14,0,1,0,0,1,1,1,1785495175
2026-07-31T10:55:21Z,1037,4,0,14,1,0,1,1,1,1785494973
2026-07-31T10:55:21Z,1038,2,0,12,1,0,1,1,1,1785494293
2026-07-31T10:55:21Z,1039,7,2,12,0,0,1,1,1,1785494738
2026-07-31T10:55:21Z,1040,7,3,10,2,0,1,1,1,1785494624
2026-07-31T10:55:21Z,1041,11,3,8,0,0,1,1,1,1785494503
2026-07-31T10:55:21Z,1042,12,1,1,2,0,1,1,1,1785494675
2026-07-31T10:55:21Z,1043,10,0,6,3,0,1,1,1,1785494659
2026-07-31T10:55:21Z,1044,2,1,12,1,0,1,1,1,1785494348
2026-07-31T10:55:21Z,1045,10,0,9,0,0,1,1,1,1785494570
2026-07-31T10:55:21Z,1046,9,0,6,0,0,1,1,1,1785493972
2026-07-31T10:55:21Z,1047,4,0,17,0,0,1,1,1,1785493523
2026-07-31T10:55:21Z,1048,10,1,9,0,0,1,1,1,1785494548
2026-07-31T10:55:21Z,1049,5,0,16,0,0,1,1,1,1785494615
2026-07-31T10:55:21Z,1050,17,4,4,0,0,1,1,1,1785493896
2026-07-31T10:55:21Z,1051,8,3,13,0,0,1,1,1,1785493787
2026-07-31T10:55:21Z,1052,17,2,5,0,0,1,1,1,1785494413
2026-07-31T10:55:21Z,1053,2,1,13,0,0,1,1,1,1785494474
2026-07-31T10:55:21Z,1054,14,1,1,0,0,1,1,1,1785494734
2026-07-31T10:55:21Z,1055,8,2,11,0,0,1,1,1,1785494715
2026-07-31T10:55:21Z,1057,16,0,2,1,0,1,1,1,1785494892
2026-07-31T10:55:21Z,1058,3,0,52,1,0,1,1,1,1785494838
2026-07-31T10:55:21Z,1059,0,0,18,1,0,1,1,1,1785494603
2026-07-31T10:55:21Z,1060,31,0,6,0,0,1,1,1,1785493600
2026-07-31T10:55:21Z,1061,14,1,22,1,0,1,1,1,1785494725
2026-07-31T10:55:21Z,1062,3,1,14,0,0,1,1,1,1785495311
2026-07-31T10:55:21Z,1063,12,1,6,1,0,1,1,1,1785494627
2026-07-31T10:55:21Z,1064,3,0,19,1,0,1,1,1,1785494961
2026-07-31T10:55:21Z,1065,16,3,7,0,0,1,1,1,1785495203
2026-07-31T10:55:21Z,1066,10,2,13,0,0,1,1,1,1785495027
2026-07-31T10:55:21Z,1067,8,2,13,2,0,1,1,1,1785495295
2026-07-31T10:55:21Z,1068,8,2,13,2,0,1,1,1,1785494788
2026-07-31T10:55:21Z,1069,12,3,11,0,0,1,1,1,1785494836
2026-07-31T10:55:21Z,1070,12,2,11,0,0,1,1,1,1785494933
2026-07-31T10:55:21Z,1071,7,4,16,0,0,1,1,1,1785494971
2026-07-31T10:55:21Z,1072,11,1,11,1,0,1,1,1,1785495211
2026-07-31T10:55:21Z,1073,21,2,5,1,0,1,1,1,1785494747
2026-07-31T10:55:21Z,1074,1,0,51,1,0,1,1,1,1785494870
2026-07-31T10:55:21Z,1075,10,10,11,0,0,1,1,1,1785494340
2026-07-31T10:55:21Z,1076,15,12,6,0,0,1,1,1,1785493777
2026-07-31T10:55:21Z,1077,8,5,13,0,0,1,1,1,1785494558
2026-07-31T10:55:21Z,1078,11,10,10,0,0,1,1,1,1785493821
2026-07-31T10:55:21Z,1079,11,8,10,0,0,1,1,1,1785494447
2026-07-31T10:55:21Z,1080,10,8,10,1,0,1,1,1,1785495049
2026-07-31T10:55:21Z,1081,13,8,6,0,0,1,1,1,1785493619
2026-07-31T10:55:21Z,1082,7,7,1,0,0,1,1,1,1785494909
2026-07-31T10:55:21Z,1083,13,11,8,0,0,1,1,1,1785494718
2026-07-31T10:55:21Z,1084,9,8,12,0,0,1,1,1,1785494334
2026-07-31T10:55:21Z,1085,10,10,11,0,0,1,1,1,1785493982
2026-07-31T10:55:21Z,1086,0,0,20,1,0,1,1,1,1785494687
2026-07-31T10:55:21Z,1087,12,7,3,0,0,1,1,1,1785493871
2026-07-31T10:55:21Z,1088,10,7,5,0,0,1,1,1,1785494630
2026-07-31T10:55:21Z,1089,5,3,10,0,0,1,1,1,1785494983
2026-07-31T10:55:21Z,1090,10,9,5,0,0,1,1,1,1785493700
2026-07-31T10:55:21Z,1091,12,7,3,0,0,1,1,1,1785493612
2026-07-31T10:55:21Z,1092,9,9,5,1,0,1,1,1,1785494973
2026-07-31T10:55:21Z,1093,7,6,8,0,0,1,1,1,1785493520
2026-07-31T10:55:21Z,1094,10,8,8,1,0,1,1,1,1785494581
2026-07-31T10:55:21Z,1095,8,7,7,0,0,1,1,1,1785495275
2026-07-31T10:55:21Z,1096,3,1,15,1,0,1,1,1,1785494947
2026-07-31T10:55:21Z,1097,9,9,6,0,0,1,1,1,1785495160
2026-07-31T10:55:21Z,1098,9,7,10,0,0,1,1,1,1785493687
2026-07-31T10:55:21Z,1099,7,6,8,0,0,1,1,1,1785494417
2026-07-31T10:55:21Z,1100,8,4,21,0,0,1,1,1,1785493678
2026-07-31T10:55:21Z,1101,9,5,12,0,0,1,1,1,1785494312
2026-07-31T10:55:21Z,1102,9,4,4,0,0,1,1,1,1785493595
2026-07-31T10:55:21Z,1103,10,5,11,0,0,1,1,1,1785487895
2026-07-31T10:55:21Z,1104,10,5,11,0,0,1,1,1,1785494067
2026-07-31T10:55:21Z,1105,8,4,5,0,0,1,1,1,1785495294
2026-07-31T10:55:21Z,1106,10,5,11,0,0,1,1,1,1785494408
2026-07-31T10:55:21Z,1107,9,5,6,0,0,1,1,1,1785494696
2026-07-31T10:55:21Z,1108,8,4,16,2,1,1,1,1,1785495198
2026-07-31T10:55:21Z,1109,6,1,9,0,0,1,1,1,1785494651
2026-07-31T10:55:21Z,1110,12,4,9,0,0,1,1,1,1785493937
2026-07-31T10:55:21Z,1111,3,2,18,0,0,1,1,1,1785475740
2026-07-31T10:55:21Z,1112,37,0,16,0,0,1,1,1,1785495074
2026-07-31T10:55:21Z,1113,1,0,20,0,0,1,1,1,1785493891
2026-07-31T10:55:21Z,1115,17,5,3,3,0,1,1,1,1785495105
2026-07-31T10:55:21Z,1116,5,1,14,0,0,1,1,1,1785494602
2026-07-31T10:55:21Z,1117,13,3,9,1,0,1,1,1,1785494986
2026-07-31T10:55:21Z,1118,17,1,2,2,0,1,1,1,1785495070
2026-07-31T10:55:21Z,1119,12,1,4,1,0,1,1,1,1785495090
2026-07-31T10:55:21Z,1120,13,0,6,0,0,1,1,1,1785494684
2026-07-31T10:55:21Z,1121,12,1,6,3,0,1,1,1,1785495051
2026-07-31T10:55:21Z,1122,14,9,4,3,0,1,1,1,1785495080
2026-07-31T10:55:21Z,1123,5,2,16,2,0,1,1,1,1785494368
2026-07-31T10:55:21Z,1124,8,0,2,5,0,1,1,1,1785495110
2026-07-31T10:55:21Z,1125,15,1,8,0,0,1,1,1,1785494884
2026-07-31T10:55:21Z,1126,4,0,16,1,0,1,1,1,1785494041
2026-07-31T10:55:21Z,1127,6,1,12,1,0,1,1,1,1785494923
2026-07-31T10:55:21Z,1128,14,2,0,1,0,1,1,1,1785494602
2026-07-31T10:55:21Z,1129,1,1,19,1,0,1,1,1,1785494639
2026-07-31T10:55:21Z,1130,8,0,7,0,0,1,1,1,1785495260
2026-07-31T10:55:21Z,1131,0,0,48,1,0,1,1,1,1785493565
2026-07-31T10:55:21Z,1132,13,6,7,1,0,1,1,1,1785494323
2026-07-31T10:55:21Z,1133,16,13,4,1,0,1,1,1,1785494418
2026-07-31T10:55:21Z,1134,10,5,9,0,0,1,1,1,1785495109
2026-07-31T10:55:21Z,1135,10,5,11,0,0,1,1,1,1785494207
2026-07-31T10:55:21Z,1136,6,0,17,0,0,1,1,1,1785495284
2026-07-31T10:55:21Z,1137,13,0,2,0,0,1,1,1,1785494521
2026-07-31T10:55:21Z,1138,16,3,3,0,0,1,1,1,1785495313
2026-07-31T10:55:21Z,1139,17,4,3,1,0,1,1,1,1785495090
2026-07-31T10:55:21Z,1140,21,2,1,1,0,1,1,1,1785494321
2026-07-31T10:55:21Z,1141,1,0,20,0,0,1,1,1,1785495256
2026-07-31T10:55:21Z,1142,2,0,19,0,0,1,1,1,1785495239
2026-07-31T10:55:21Z,1143,18,0,10,1,0,1,1,1,1785494502
2026-07-31T10:55:21Z,1144,7,1,13,1,0,1,1,1,1785494843
2026-07-31T10:55:21Z,1145,13,6,7,1,0,1,1,1,1785494985
2026-07-31T10:55:21Z,1146,7,0,8,4,0,1,1,1,1785495313
2026-07-31T10:55:21Z,1147,3,0,16,0,0,1,1,1,1785494529
2026-07-31T10:55:21Z,1148,24,6,7,0,0,1,1,1,1785495295
2026-07-31T10:55:21Z,1149,4,3,21,0,0,1,1,1,1785494517
2026-07-31T10:55:21Z,1150,16,0,3,0,0,1,1,1,1785495069
2026-07-31T10:55:21Z,1151,12,0,9,0,0,1,1,1,1785495250
2026-07-31T10:55:21Z,1152,21,1,8,0,0,1,1,1,1785494837
2026-07-31T10:55:21Z,1153,20,6,2,1,0,1,1,1,1785495139
2026-07-31T10:55:21Z,1154,13,1,6,0,0,1,1,1,1785494031
2026-07-31T10:55:21Z,1155,16,7,4,1,0,1,1,1,1785495268
2026-07-31T10:55:21Z,1158,3,0,15,1,0,1,1,1,1785494492
2026-07-31T10:55:21Z,1159,13,1,6,0,0,1,1,1,1785494847
2026-07-31T10:55:21Z,1160,8,1,10,1,0,1,1,1,1785495201
2026-07-31T10:55:21Z,1161,3,0,15,1,0,1,1,1,1785494982
2026-07-31T10:55:21Z,1162,2,1,17,0,0,1,1,1,1785495232
2026-07-31T10:55:21Z,1163,1,1,17,1,0,1,1,1,1785494610
2026-07-31T10:55:21Z,1164,6,1,13,0,0,1,1,1,1785494668
2026-07-31T10:55:21Z,1165,5,0,16,0,0,1,1,1,1785493585
2026-07-31T10:55:21Z,1166,12,2,8,1,0,1,1,1,1785494917
2026-07-31T10:55:21Z,1167,4,0,11,0,0,1,1,1,1785494374
2026-07-31T10:55:21Z,1168,1,1,21,1,0,1,1,1,1785495202
2026-07-31T10:55:21Z,1169,3,0,15,1,0,1,1,1,1785494514
2026-07-31T10:55:21Z,1170,6,0,14,1,0,1,1,1,1785494887
2026-07-31T10:55:21Z,1171,7,6,15,1,0,1,1,1,1785494561
2026-07-31T10:55:21Z,1172,6,2,7,2,0,1,1,1,1785494782
2026-07-31T10:55:21Z,1173,13,5,6,0,0,1,1,1,1785494763
2026-07-31T10:55:21Z,1174,7,4,8,0,0,1,1,1,1785494442
2026-07-31T10:55:21Z,1175,6,3,13,0,0,1,1,1,1785494939
2026-07-31T10:55:21Z,1176,19,1,2,0,0,1,1,1,1785493969
2026-07-31T10:55:21Z,1177,3,1,18,0,0,1,1,1,1785494735
2026-07-31T10:55:21Z,1178,2,1,13,0,0,1,1,1,1785494408
2026-07-31T10:55:21Z,1181,11,0,3,1,0,1,1,1,1785492552
2026-07-31T10:55:21Z,1182,3,0,17,0,0,1,1,1,1785495225
2026-07-31T10:55:21Z,1183,2,0,41,2,0,1,1,1,1785494469
2026-07-31T10:55:21Z,1184,12,6,8,1,0,1,1,1,1785494664
2026-07-31T10:55:21Z,1185,10,5,11,0,0,1,1,1,1785494021
2026-07-31T10:55:21Z,1186,9,5,10,0,0,1,1,1,1785495032
2026-07-31T10:55:21Z,1187,12,6,8,1,0,1,1,1,1785493564
2026-07-31T10:55:21Z,1188,10,5,5,0,0,1,1,1,1785494702
2026-07-31T10:55:21Z,1189,10,5,9,0,0,1,1,1,1785494792
2026-07-31T10:55:21Z,1190,10,5,11,0,0,1,1,1,1785494188
2026-07-31T10:55:21Z,1191,10,5,5,0,0,1,1,1,1785494709
2026-07-31T10:55:21Z,1192,10,6,10,1,0,1,1,1,1785494555
2026-07-31T10:55:21Z,1193,6,4,5,2,0,1,1,1,1785493721
2026-07-31T10:55:21Z,1197,9,6,7,1,0,1,1,1,1785495272
2026-07-31T10:55:21Z,1198,14,4,5,2,0,1,1,1,1785495080
2026-07-31T10:55:21Z,1199,2,0,17,0,0,1,1,1,1785495091
2026-07-31T10:55:21Z,1200,11,5,4,0,0,1,1,1,1785494745
2026-07-31T10:55:21Z,1201,11,5,4,0,0,1,1,1,1785494722
2026-07-31T10:55:21Z,1202,12,6,3,0,0,1,1,1,1785494823
2026-07-31T10:55:21Z,1203,10,5,5,0,0,1,1,1,1785495293
2026-07-31T10:55:21Z,1204,7,3,11,1,0,1,1,1,1785494468
2026-07-31T10:55:21Z,1206,11,5,10,0,0,1,1,1,1785493686
2026-07-31T10:55:21Z,1207,8,4,6,1,0,1,1,1,1785495035
2026-07-31T10:55:21Z,1208,7,2,11,1,0,1,1,1,1785494946
2026-07-31T10:55:21Z,1216,7,0,13,1,0,1,1,1,1785493916
2026-07-31T10:55:21Z,1218,4,0,17,0,0,1,1,1,1785494310
2026-07-31T10:55:21Z,1219,6,1,8,1,0,1,1,1,1785494172
2026-07-31T10:55:21Z,1220,14,7,4,1,0,1,1,1,1785494041
2026-07-31T10:55:21Z,1221,1,1,19,1,0,1,1,1,1785493623
2026-07-31T10:55:21Z,1222,28,1,1,0,0,1,1,1,1785494572
2026-07-31T10:55:21Z,1223,23,0,6,0,0,1,1,1,1785494409
2026-07-31T10:55:21Z,1226,0,0,3,0,0,0,1,1,1781868931
2026-07-31T10:55:21Z,1227,21,1,4,0,0,1,1,1,1785494414
2026-07-31T10:55:21Z,1228,15,0,13,1,0,1,1,1,1785495312
2026-07-31T10:55:21Z,1229,35,1,10,0,0,1,1,1,1785495261
2026-07-31T11:00:21Z,1,4,0,19,0,0,1,1,1,1785494930
2026-07-31T11:00:21Z,2,21,0,3,3,0,1,1,1,1785492483
2026-07-31T11:00:21Z,3,8,0,5,1,0,1,1,1,1785495313
2026-07-31T11:00:21Z,4,1,0,20,1,0,1,1,1,1785487895
2026-07-31T11:00:21Z,5,10,3,12,1,0,1,1,1,1785495606
2026-07-31T11:00:21Z,6,4,0,11,0,0,1,1,1,1785495229
2026-07-31T11:00:21Z,7,1,0,38,0,0,1,1,1,1785492363
2026-07-31T11:00:21Z,8,1,1,42,0,0,1,1,1,1785494804
2026-07-31T11:00:21Z,9,1,0,21,1,0,1,1,1,1785493415
2026-07-31T11:00:21Z,10,1,0,20,3,0,1,1,1,1785495599
2026-07-31T11:00:21Z,11,16,6,2,1,0,1,1,1,1785494936
2026-07-31T11:00:21Z,12,0,0,23,0,0,1,1,1,1785490105
2026-07-31T11:00:21Z,13,11,0,19,0,0,1,1,1,1785488834
2026-07-31T11:00:21Z,14,4,0,38,0,1,1,1,1,1785494830
2026-07-31T11:00:21Z,15,3,0,12,0,0,1,1,1,1785488861
2026-07-31T11:00:21Z,16,8,0,16,2,1,1,1,1,1785487292
2026-07-31T11:00:21Z,17,7,0,19,1,0,1,1,1,1785491479
2026-07-31T11:00:21Z,18,6,0,10,2,0,1,1,1,1785494953
2026-07-31T11:00:21Z,19,12,0,14,1,0,1,1,1,1785495614
2026-07-31T11:00:21Z,20,31,0,4,0,0,1,1,1,1785491965
2026-07-31T11:00:21Z,21,4,0,14,1,0,1,1,1,1785495430
2026-07-31T11:00:21Z,22,20,0,44,1,0,1,1,1,1785495405
2026-07-31T11:00:21Z,23,11,5,20,0,0,1,1,1,1785495531
2026-07-31T11:00:21Z,24,1,0,8,2,0,1,1,1,1785495612
2026-07-31T11:00:21Z,25,3,2,77,0,1,1,1,1,1785495538
2026-07-31T11:00:21Z,26,1,0,26,0,0,1,1,1,1785491464
2026-07-31T11:00:21Z,28,13,3,2,0,0,1,1,1,1785495274
2026-07-31T11:00:21Z,30,2,1,26,1,0,1,1,1,1785495459
2026-07-31T11:00:21Z,31,0,0,17,2,0,1,1,1,1785495375
2026-07-31T11:00:21Z,32,17,0,10,0,0,1,1,1,1785495139
2026-07-31T11:00:21Z,34,5,2,31,1,0,1,1,1,1785495426
2026-07-31T11:00:21Z,35,5,2,41,1,0,1,1,1,1785495408
2026-07-31T11:00:21Z,36,0,0,0,0,0,0,1,1,86400
2026-07-31T11:00:21Z,37,2,0,21,0,0,1,1,1,1785495562
2026-07-31T11:00:21Z,38,1,0,22,0,0,1,1,1,1785490318
2026-07-31T11:00:21Z,39,22,5,17,0,0,1,1,1,1785495289
2026-07-31T11:00:21Z,40,17,0,3,1,0,1,1,1,1785495251
2026-07-31T11:00:21Z,41,5,2,37,1,0,1,1,1,1785494427
2026-07-31T11:00:21Z,42,31,8,0,0,0,1,1,1,1785472558
2026-07-31T11:00:21Z,43,5,0,18,0,0,1,1,1,1785490390
2026-07-31T11:00:21Z,45,4,2,24,1,0,1,1,1,1785495461
2026-07-31T11:00:21Z,46,11,1,20,0,0,1,1,1,1785495608
2026-07-31T11:00:21Z,47,11,6,3,1,0,1,1,1,1785494983
2026-07-31T11:00:21Z,48,21,0,6,0,0,1,1,1,1785494874
2026-07-31T11:00:21Z,49,5,0,15,3,0,1,1,1,1785495607
2026-07-31T11:00:21Z,50,14,9,5,0,0,1,1,1,1785495593
2026-07-31T11:00:21Z,51,68,0,9,0,0,1,1,1,1785487292
2026-07-31T11:00:21Z,52,1,0,23,3,0,1,1,1,1785495433
2026-07-31T11:00:21Z,55,2,1,21,0,0,1,1,1,1785495312
2026-07-31T11:00:21Z,56,3,0,40,0,0,1,1,1,1785494985
2026-07-31T11:00:21Z,57,0,0,27,0,0,1,1,1,1785494456
2026-07-31T11:00:21Z,58,1,1,26,1,0,1,1,1,1785495613
2026-07-31T11:00:21Z,59,3,0,22,2,0,1,1,1,1785495584
2026-07-31T11:00:21Z,61,2,1,37,0,0,1,1,1,1785491414
2026-07-31T11:00:21Z,62,9,4,39,1,0,1,1,1,1785495170
2026-07-31T11:00:21Z,63,12,0,7,0,0,1,1,1,1785495212
2026-07-31T11:00:21Z,64,10,1,5,4,0,1,1,1,1785493091
2026-07-31T11:00:21Z,65,16,7,2,1,0,1,1,1,1785491350
2026-07-31T11:00:21Z,67,17,0,22,0,0,1,1,1,1785495019
2026-07-31T11:00:21Z,68,2,0,35,0,0,1,1,1,1785495122
2026-07-31T11:00:21Z,69,12,1,3,0,0,1,1,1,1785495562
2026-07-31T11:00:21Z,71,4,0,22,1,0,1,1,1,1785494768
2026-07-31T11:00:21Z,72,20,5,9,2,0,1,1,1,1785494665
2026-07-31T11:00:21Z,73,5,0,26,0,0,1,1,1,1785495341
2026-07-31T11:00:21Z,74,12,5,7,0,0,1,1,1,1785495370
2026-07-31T11:00:21Z,75,4,0,27,1,0,1,1,1,1785495138
2026-07-31T11:00:21Z,76,18,0,0,1,0,1,1,1,1785495616
2026-07-31T11:00:21Z,77,24,0,2,1,0,1,1,1,1785494000
2026-07-31T11:00:21Z,78,7,3,14,2,0,1,1,1,1785494013
2026-07-31T11:00:21Z,79,3,3,13,1,0,1,1,1,1785494899
2026-07-31T11:00:21Z,80,17,1,3,3,0,1,1,1,1785495542
2026-07-31T11:00:21Z,81,4,0,27,0,0,1,1,1,1785495058
2026-07-31T11:00:21Z,82,14,1,9,0,0,1,1,1,1785495226
2026-07-31T11:00:21Z,83,7,2,26,1,0,1,1,1,1785495542
2026-07-31T11:00:21Z,84,23,0,4,0,0,1,1,1,1785493962
2026-07-31T11:00:21Z,85,2,1,13,0,0,1,1,1,1785494942
2026-07-31T11:00:21Z,86,25,0,1,1,0,1,1,1,1785486691
2026-07-31T11:00:21Z,87,10,0,9,0,0,1,1,1,1785488201
2026-07-31T11:00:21Z,88,3,0,38,2,0,1,1,1,1785495334
2026-07-31T11:00:21Z,89,22,0,13,0,0,1,1,1,1785487292
2026-07-31T11:00:21Z,90,5,2,11,2,0,1,1,1,1785495341
2026-07-31T11:00:21Z,91,13,0,4,0,0,1,1,1,1785490693
2026-07-31T11:00:21Z,92,9,2,7,3,0,1,1,1,1785495528
2026-07-31T11:00:21Z,93,1,0,22,0,0,1,1,1,1785494591
2026-07-31T11:00:21Z,94,3,0,15,1,0,1,1,1,1785492659
2026-07-31T11:00:21Z,95,25,1,7,2,1,1,1,1,1785495371
2026-07-31T11:00:21Z,96,28,0,2,1,0,1,1,1,1785491842
2026-07-31T11:00:21Z,97,1,1,15,1,0,1,1,1,1785495306
2026-07-31T11:00:21Z,98,20,0,14,1,0,1,1,1,1785491722
2026-07-31T11:00:21Z,99,3,0,12,0,0,1,1,1,1785495473
2026-07-31T11:00:21Z,100,1,0,26,0,0,1,1,1,1785494789
2026-07-31T11:00:21Z,101,1,0,13,1,0,1,1,1,1785494152
2026-07-31T11:00:21Z,102,0,0,23,0,0,1,1,1,1785487553
2026-07-31T11:00:21Z,103,10,1,20,0,0,1,1,1,1785495372
2026-07-31T11:00:21Z,104,0,0,25,2,0,1,1,1,1785495615
2026-07-31T11:00:21Z,105,15,1,4,0,0,1,1,1,1785495595
2026-07-31T11:00:21Z,106,2,0,19,0,0,1,1,1,1785494608
2026-07-31T11:00:21Z,107,1,1,36,0,0,1,1,1,1785495502
2026-07-31T11:00:21Z,108,10,2,24,1,0,1,1,1,1785494508
2026-07-31T11:00:21Z,109,16,0,7,0,0,1,1,1,1785495487
2026-07-31T11:00:21Z,110,12,0,11,0,0,1,1,1,1785493883
2026-07-31T11:00:21Z,111,0,0,36,0,0,1,1,1,1785494653
2026-07-31T11:00:21Z,112,1,0,13,1,0,1,1,1,1785494789
2026-07-31T11:00:21Z,113,5,0,12,2,0,1,1,1,1785495462
2026-07-31T11:00:21Z,114,6,6,23,1,1,1,1,1,1785495553
2026-07-31T11:00:21Z,115,5,2,22,1,0,1,1,1,1785494872
2026-07-31T11:00:21Z,116,3,3,23,1,0,1,1,1,1785487594
2026-07-31T11:00:21Z,118,20,9,0,3,0,1,1,1,1785495475
2026-07-31T11:00:21Z,119,25,2,9,4,0,1,1,1,1785495592
2026-07-31T11:00:21Z,120,22,1,4,1,0,1,1,1,1785494877
2026-07-31T11:00:21Z,121,2,1,16,0,1,1,1,1,1785495566
2026-07-31T11:00:21Z,122,9,1,11,1,0,1,1,1,1785495609
2026-07-31T11:00:21Z,123,9,2,38,0,0,1,1,1,1785495347
2026-07-31T11:00:21Z,124,30,0,5,0,0,1,1,1,1785495035
2026-07-31T11:00:21Z,125,6,3,17,0,0,1,1,1,1785495596
2026-07-31T11:00:21Z,126,23,1,8,0,0,1,1,1,1785495590
2026-07-31T11:00:21Z,127,10,2,24,1,0,1,1,1,1785495325
2026-07-31T11:00:21Z,128,17,1,2,0,0,1,1,1,1785490685
2026-07-31T11:00:21Z,129,16,1,1,2,0,1,1,1,1785495046
2026-07-31T11:00:21Z,130,5,1,12,0,0,1,1,1,1785495263
2026-07-31T11:00:21Z,131,9,3,0,2,0,1,1,1,1785495384
2026-07-31T11:00:21Z,132,13,6,1,0,1,1,1,1,1785494491
2026-07-31T11:00:21Z,134,4,0,14,5,0,1,1,1,1785495362
2026-07-31T11:00:21Z,135,5,4,13,1,0,1,1,1,1785495502
2026-07-31T11:00:21Z,136,6,0,9,1,7,1,1,1,1785495458
2026-07-31T11:00:21Z,137,8,2,11,0,0,1,1,1,1785495583
2026-07-31T11:00:21Z,138,35,2,2,0,0,1,1,1,1785495418
2026-07-31T11:00:21Z,139,15,3,4,0,0,1,1,1,1785495424
2026-07-31T11:00:21Z,140,9,6,13,1,0,1,1,1,1785495613
2026-07-31T11:00:21Z,141,29,0,7,0,0,1,1,1,1785495227
2026-07-31T11:00:21Z,142,22,1,1,0,0,1,1,1,1785494365
2026-07-31T11:00:21Z,143,14,3,16,1,0,1,1,1,1785495609
2026-07-31T11:00:21Z,144,23,0,4,0,0,1,1,1,1785495520
2026-07-31T11:00:21Z,146,5,1,17,1,0,1,1,1,1785495397
2026-07-31T11:00:21Z,147,11,2,6,2,0,1,1,1,1785495417
2026-07-31T11:00:21Z,148,21,0,5,0,1,1,1,1,1785495592
2026-07-31T11:00:21Z,149,17,3,9,1,0,1,1,1,1785495142
2026-07-31T11:00:21Z,150,23,6,9,3,0,1,1,1,1785495523
2026-07-31T11:00:21Z,151,18,6,5,0,0,1,1,1,1785495470
2026-07-31T11:00:21Z,152,18,2,5,4,0,1,1,1,1785495523
2026-07-31T11:00:21Z,153,16,2,9,6,0,1,1,1,1785495490
2026-07-31T11:00:21Z,154,16,2,4,3,0,1,1,1,1785495509
2026-07-31T11:00:21Z,155,10,4,3,1,0,1,1,1,1785495322
2026-07-31T11:00:21Z,156,13,1,6,0,0,1,1,1,1785495188
2026-07-31T11:00:21Z,157,13,0,12,2,0,1,1,1,1785495363
2026-07-31T11:00:21Z,158,15,2,1,0,0,1,1,1,1785495049
2026-07-31T11:00:21Z,159,2,1,17,0,0,1,1,1,1785494564
2026-07-31T11:00:21Z,160,17,1,2,0,0,1,1,1,1785494960
2026-07-31T11:00:21Z,161,19,4,3,0,0,1,1,1,1785495016
2026-07-31T11:00:21Z,162,11,0,15,1,0,1,1,1,1785494928
2026-07-31T11:00:21Z,163,23,2,7,0,1,1,1,1,1785495547
2026-07-31T11:00:21Z,164,24,6,2,1,0,1,1,1,1785495354
2026-07-31T11:00:21Z,165,21,10,9,1,0,1,1,1,1785495613
2026-07-31T11:00:21Z,166,32,8,3,4,0,1,1,1,1785495616
2026-07-31T11:00:21Z,167,19,9,2,2,0,1,1,1,1785491219
2026-07-31T11:00:21Z,168,17,1,9,1,0,1,1,1,1785495436
2026-07-31T11:00:21Z,169,1,0,21,0,1,1,1,1,1785495078
2026-07-31T11:00:21Z,170,16,4,1,2,0,1,1,1,1785494649
2026-07-31T11:00:21Z,171,8,2,3,2,0,1,1,1,1785495506
2026-07-31T11:00:21Z,173,36,0,3,0,0,1,1,1,1785495400
2026-07-31T11:00:21Z,174,20,1,4,2,0,1,1,1,1785494757
2026-07-31T11:00:21Z,175,7,0,24,0,0,1,1,1,1785494988
2026-07-31T11:00:21Z,176,6,1,8,0,1,1,1,1,1785495213
2026-07-31T11:00:21Z,177,18,1,9,0,0,1,1,1,1785495051
2026-07-31T11:00:21Z,178,2,0,10,2,1,1,1,1,1785495613
2026-07-31T11:00:21Z,179,11,1,3,1,0,1,1,1,1785493869
2026-07-31T11:00:21Z,180,8,0,21,1,0,1,1,1,1785495571
2026-07-31T11:00:21Z,181,12,0,2,1,0,1,1,1,1785495124
2026-07-31T11:00:21Z,182,11,1,6,0,0,1,1,1,1785494826
2026-07-31T11:00:21Z,183,12,0,11,0,0,1,1,1,1785494891
2026-07-31T11:00:21Z,184,3,1,19,1,0,1,1,1,1785493773
2026-07-31T11:00:21Z,185,11,1,1,2,1,1,1,1,1785493425
2026-07-31T11:00:21Z,186,3,0,16,0,0,1,1,1,1785492102
2026-07-31T11:00:21Z,187,10,0,17,1,0,1,1,1,1785495039
2026-07-31T11:00:21Z,188,11,0,8,8,0,1,1,1,1785495502
2026-07-31T11:00:21Z,189,14,4,1,0,0,1,1,1,1785493971
2026-07-31T11:00:21Z,190,4,0,19,0,0,1,1,1,1785492508
2026-07-31T11:00:21Z,191,2,0,37,0,0,1,1,1,1785494702
2026-07-31T11:00:21Z,192,11,3,17,3,0,1,1,1,1785495088
2026-07-31T11:00:21Z,193,3,0,12,0,0,1,1,1,1785495288
2026-07-31T11:00:21Z,194,12,1,14,1,0,1,1,1,1785495357
2026-07-31T11:00:21Z,195,11,3,8,0,0,1,1,1,1785495613
2026-07-31T11:00:21Z,196,17,1,10,0,0,1,1,1,1785495530
2026-07-31T11:00:21Z,197,16,3,1,1,1,1,1,1,1785489625
2026-07-31T11:00:21Z,198,17,15,6,0,0,1,1,1,1785494878
2026-07-31T11:00:21Z,199,4,4,7,4,0,1,1,1,1785495063
2026-07-31T11:00:21Z,200,12,0,13,1,0,1,1,1,1785492701
2026-07-31T11:00:21Z,201,5,2,18,0,0,1,1,1,1785495451
2026-07-31T11:00:21Z,202,0,0,27,0,0,1,1,1,1785494022
2026-07-31T11:00:21Z,203,26,2,4,1,0,1,1,1,1785495170
2026-07-31T11:00:21Z,204,27,0,7,1,0,1,1,1,1785495550
2026-07-31T11:00:21Z,205,12,1,15,0,0,1,1,1,1785494992
2026-07-31T11:00:21Z,206,2,2,12,1,0,1,1,1,1785495327
2026-07-31T11:00:21Z,207,12,0,9,0,0,1,1,1,1785495428
2026-07-31T11:00:21Z,208,4,0,25,0,0,1,1,1,1785495303
2026-07-31T11:00:21Z,209,5,0,23,3,0,1,1,1,1785495551
2026-07-31T11:00:21Z,210,23,2,4,0,0,1,1,1,1785495543
2026-07-31T11:00:21Z,211,13,6,9,1,0,1,1,1,1785495115
2026-07-31T11:00:21Z,212,24,0,10,1,0,1,1,1,1785495426
2026-07-31T11:00:21Z,213,11,1,10,2,0,1,1,1,1785495545
2026-07-31T11:00:21Z,214,30,1,13,4,0,1,1,1,1785495351
2026-07-31T11:00:21Z,215,5,2,17,1,0,1,1,1,1785492966
2026-07-31T11:00:21Z,216,7,0,11,1,0,1,1,1,1785491552
2026-07-31T11:00:21Z,217,12,0,16,1,0,1,1,1,1785495587
2026-07-31T11:00:21Z,218,19,5,18,2,0,1,1,1,1785495441
2026-07-31T11:00:21Z,219,2,1,23,1,0,1,1,1,1785495280
2026-07-31T11:00:21Z,220,24,6,17,1,1,1,1,1,1785494914
2026-07-31T11:00:21Z,221,11,7,2,2,0,1,1,1,1785495589
2026-07-31T11:00:21Z,222,10,10,7,2,0,1,1,1,1785494388
2026-07-31T11:00:21Z,223,7,3,25,3,0,1,1,1,1785495436
2026-07-31T11:00:21Z,224,7,4,14,1,0,1,1,1,1785495241
2026-07-31T11:00:21Z,225,12,0,1,6,0,1,1,1,1785495391
2026-07-31T11:00:21Z,226,30,10,1,0,0,1,1,1,1785494889
2026-07-31T11:00:21Z,227,23,14,2,1,1,1,1,1,1785494494
2026-07-31T11:00:21Z,228,1,0,17,1,0,1,1,1,1785493588
2026-07-31T11:00:21Z,230,17,9,9,0,0,1,1,1,1785494330
2026-07-31T11:00:21Z,232,11,6,5,1,0,1,1,1,1785495574
2026-07-31T11:00:21Z,233,17,0,12,2,0,1,1,1,1785495030
2026-07-31T11:00:21Z,234,8,3,6,3,2,1,1,1,1785495478
2026-07-31T11:00:21Z,236,10,1,9,0,0,1,1,1,1785495587
2026-07-31T11:00:21Z,237,20,4,2,1,0,1,1,1,1785492227
2026-07-31T11:00:21Z,239,22,17,2,3,0,1,1,1,1785494143
2026-07-31T11:00:21Z,241,17,6,5,1,0,1,1,1,1785495211
2026-07-31T11:00:21Z,242,3,2,19,1,0,1,1,1,1785493793
2026-07-31T11:00:21Z,243,9,0,21,1,0,1,1,1,1785495008
2026-07-31T11:00:21Z,244,15,2,11,1,0,1,1,1,1785494996
2026-07-31T11:00:21Z,245,6,4,17,0,0,1,1,1,1785490437
2026-07-31T11:00:21Z,246,14,0,9,0,0,1,1,1,1785494804
2026-07-31T11:00:21Z,247,11,10,12,0,0,1,1,1,1785495449
2026-07-31T11:00:21Z,248,18,4,2,3,0,1,1,1,1785494594
2026-07-31T11:00:21Z,249,5,2,14,0,0,1,1,1,1785495511
2026-07-31T11:00:21Z,250,23,7,4,0,0,1,1,1,1785494630
2026-07-31T11:00:21Z,251,19,4,5,3,0,1,1,1,1785494879
2026-07-31T11:00:21Z,253,9,4,10,0,0,1,1,1,1785494823
2026-07-31T11:00:21Z,254,26,20,16,1,0,1,1,1,1785494890
2026-07-31T11:00:21Z,255,2,0,20,0,1,1,1,1,1785495504
2026-07-31T11:00:21Z,256,7,3,14,2,0,1,1,1,1785494877
2026-07-31T11:00:21Z,257,13,4,5,1,0,1,1,1,1785495478
2026-07-31T11:00:21Z,258,1,1,18,0,0,1,1,1,1785493898
2026-07-31T11:00:21Z,259,19,3,3,0,1,1,1,1,1785494976
2026-07-31T11:00:21Z,260,11,2,5,3,0,1,1,1,1785494547
2026-07-31T11:00:21Z,261,14,0,3,1,1,1,1,1,1785494358
2026-07-31T11:00:21Z,262,14,8,7,2,0,1,1,1,1785495446
2026-07-31T11:00:21Z,263,13,3,2,0,0,1,1,1,1785493338
2026-07-31T11:00:21Z,264,12,2,4,3,0,1,1,1,1785495069
2026-07-31T11:00:21Z,265,13,0,2,0,0,1,1,1,1785493506
2026-07-31T11:00:21Z,266,12,7,5,2,0,1,1,1,1785495521
2026-07-31T11:00:21Z,267,7,3,6,2,0,1,1,1,1785484888
2026-07-31T11:00:21Z,268,23,9,0,0,0,1,1,1,1785484887
2026-07-31T11:00:21Z,269,9,3,14,0,0,1,1,1,1785494811
2026-07-31T11:00:21Z,270,23,1,4,0,0,1,1,1,1785491481
2026-07-31T11:00:21Z,271,2,0,15,2,0,1,1,1,1785495095
2026-07-31T11:00:21Z,272,13,13,10,0,0,1,1,1,1785495153
2026-07-31T11:00:21Z,273,13,5,2,0,0,1,1,1,1785492772
2026-07-31T11:00:21Z,274,16,6,2,1,0,1,1,1,1785495416
2026-07-31T11:00:21Z,275,13,0,6,2,2,1,1,1,1785495295
2026-07-31T11:00:21Z,276,2,1,25,0,0,1,1,1,1785495487
2026-07-31T11:00:21Z,277,11,1,7,5,0,1,1,1,1785495319
2026-07-31T11:00:21Z,278,20,2,8,2,1,1,1,1,1785494775
2026-07-31T11:00:21Z,279,18,1,1,0,0,1,1,1,1785495228
2026-07-31T11:00:21Z,280,9,2,19,3,0,1,1,1,1785495431
2026-07-31T11:00:21Z,281,19,0,0,0,0,1,1,1,1785486089
2026-07-31T11:00:21Z,282,5,2,13,0,0,1,1,1,1785484887
2026-07-31T11:00:21Z,283,33,1,2,0,0,1,1,1,1785495390
2026-07-31T11:00:21Z,284,16,3,17,2,0,1,1,1,1785492919
2026-07-31T11:00:21Z,285,8,7,15,0,0,1,1,1,1785485188
2026-07-31T11:00:21Z,286,16,15,3,4,0,1,1,1,1785495570
2026-07-31T11:00:21Z,287,14,4,6,3,0,1,1,1,1785492851
2026-07-31T11:00:21Z,288,12,8,7,0,0,1,1,1,1785495596
2026-07-31T11:00:21Z,289,22,2,2,3,0,1,1,1,1785495370
2026-07-31T11:00:21Z,290,9,0,29,1,0,1,1,1,1785494483
2026-07-31T11:00:21Z,291,8,1,13,2,0,1,1,1,1785495615
2026-07-31T11:00:21Z,292,21,0,1,1,0,1,1,1,1785495162
2026-07-31T11:00:21Z,293,17,10,6,0,0,1,1,1,1785486991
2026-07-31T11:00:21Z,294,1,1,20,1,0,1,1,1,1785493458
2026-07-31T11:00:21Z,297,14,4,3,1,1,1,1,1,1785494465
2026-07-31T11:00:21Z,301,17,0,2,0,0,1,1,1,1785495477
2026-07-31T11:00:21Z,302,0,0,23,0,0,1,1,1,1785486991
2026-07-31T11:00:21Z,303,17,0,2,0,0,1,1,1,1785494091
2026-07-31T11:00:21Z,304,0,0,0,0,0,0,1,1,86400
2026-07-31T11:00:21Z,305,11,0,7,1,0,1,1,1,1785495611
2026-07-31T11:00:21Z,306,3,0,28,1,0,1,1,1,1785495144
2026-07-31T11:00:21Z,307,18,1,3,1,1,1,1,1,1785495549
2026-07-31T11:00:21Z,308,15,0,2,2,0,1,1,1,1785495280
2026-07-31T11:00:21Z,309,12,3,1,1,0,1,1,1,1785495417
2026-07-31T11:00:21Z,311,15,0,0,0,0,1,1,1,1785486992
2026-07-31T11:00:21Z,312,5,3,13,4,1,1,1,1,1785495559
2026-07-31T11:00:21Z,313,3,1,12,0,0,1,1,1,1785486991
2026-07-31T11:00:21Z,314,4,3,11,3,0,1,1,1,1785486991
2026-07-31T11:00:21Z,315,23,6,6,2,0,1,1,1,1785491768
2026-07-31T11:00:21Z,316,1,0,23,6,1,1,1,1,1785495546
2026-07-31T11:00:21Z,317,0,0,30,0,1,1,1,1,1785495404
2026-07-31T11:00:21Z,318,16,0,3,0,0,1,1,1,1785486991
2026-07-31T11:00:21Z,319,19,3,3,1,0,1,1,1,1785495334
2026-07-31T11:00:21Z,320,16,5,2,1,0,1,1,1,1785495214
2026-07-31T11:00:21Z,321,8,2,7,4,0,1,1,1,1785495349
2026-07-31T11:00:21Z,322,5,1,23,1,0,1,1,1,1785494250
2026-07-31T11:00:21Z,323,9,0,10,0,0,1,1,1,1785492561
2026-07-31T11:00:21Z,324,21,5,4,2,0,1,1,1,1785495614
2026-07-31T11:00:21Z,325,5,3,20,2,0,1,1,1,1785494379
2026-07-31T11:00:21Z,327,24,0,2,1,0,1,1,1,1785495368
2026-07-31T11:00:21Z,328,17,0,4,1,0,1,1,1,1785495033
2026-07-31T11:00:21Z,329,17,0,0,2,0,1,1,1,1785492480
2026-07-31T11:00:21Z,330,0,0,22,0,0,1,1,1,1785494031
2026-07-31T11:00:21Z,331,11,3,11,1,0,1,1,1,1785495459
2026-07-31T11:00:21Z,332,10,2,7,2,0,1,1,1,1785495613
2026-07-31T11:00:21Z,333,2,2,20,1,0,1,1,1,1785492618
2026-07-31T11:00:21Z,334,9,7,14,0,0,1,1,1,1785494691
2026-07-31T11:00:21Z,335,3,1,18,1,1,1,1,1,1785493931
2026-07-31T11:00:21Z,336,18,2,1,0,0,1,1,1,1785487293
2026-07-31T11:00:21Z,337,18,4,0,5,0,1,1,1,1785495455
2026-07-31T11:00:21Z,338,16,7,3,0,0,1,1,1,1785494779
2026-07-31T11:00:21Z,339,21,10,2,0,0,1,1,1,1785494732
2026-07-31T11:00:21Z,340,12,10,2,1,0,1,1,1,1785494356
2026-07-31T11:00:21Z,341,10,2,9,0,0,1,1,1,1785495243
2026-07-31T11:00:21Z,342,12,5,0,3,0,1,1,1,1785492817
2026-07-31T11:00:21Z,343,20,1,2,1,0,1,1,1,1785495276
2026-07-31T11:00:21Z,344,23,9,0,0,0,1,1,1,1785488186
2026-07-31T11:00:21Z,345,19,3,0,0,0,1,1,1,1785487292
2026-07-31T11:00:21Z,346,9,6,14,0,0,1,1,1,1785489426
2026-07-31T11:00:21Z,347,11,4,31,2,0,1,1,1,1785495614
2026-07-31T11:00:21Z,348,20,3,1,1,1,1,1,1,1785495353
2026-07-31T11:00:21Z,349,7,1,12,0,0,1,1,1,1785495033
2026-07-31T11:00:21Z,350,24,3,1,1,1,1,1,1,1785494733
2026-07-31T11:00:21Z,351,18,2,2,3,0,1,1,1,1785495346
2026-07-31T11:00:21Z,355,22,1,1,0,0,1,1,1,1785494179
2026-07-31T11:00:21Z,356,16,0,2,1,0,1,1,1,1785493586
2026-07-31T11:00:21Z,357,11,4,8,0,0,1,1,1,1785495405
2026-07-31T11:00:21Z,358,24,4,2,1,0,1,1,1,1785487594
2026-07-31T11:00:21Z,359,17,0,10,0,0,1,1,1,1785495484
2026-07-31T11:00:21Z,360,13,3,4,2,0,1,1,1,1785494684
2026-07-31T11:00:21Z,362,16,4,1,2,0,1,1,1,1785493387
2026-07-31T11:00:21Z,363,2,0,25,0,0,1,1,1,1785495461
2026-07-31T11:00:21Z,364,18,3,1,0,0,1,1,1,1785495555
2026-07-31T11:00:21Z,365,16,2,3,4,0,1,1,1,1785494142
2026-07-31T11:00:21Z,366,9,7,7,7,0,1,1,1,1785495461
2026-07-31T11:00:21Z,367,14,8,4,1,0,1,1,1,1785494945
2026-07-31T11:00:21Z,368,16,3,5,2,0,1,1,1,1785495372
2026-07-31T11:00:21Z,370,9,7,18,0,0,1,1,1,1785495224
2026-07-31T11:00:21Z,371,4,1,14,1,0,1,1,1,1785495014
2026-07-31T11:00:21Z,372,6,1,9,0,0,1,1,1,1785494163
2026-07-31T11:00:21Z,373,25,9,2,0,0,1,1,1,1785493650
2026-07-31T11:00:21Z,374,17,8,0,2,0,1,1,1,1785495391
2026-07-31T11:00:21Z,375,22,8,2,3,0,1,1,1,1785494857
2026-07-31T11:00:21Z,376,29,4,5,5,0,1,1,1,1785495177
2026-07-31T11:00:21Z,377,23,9,4,0,0,1,1,1,1785493056
2026-07-31T11:00:21Z,378,20,5,2,1,1,1,1,1,1785495305
2026-07-31T11:00:21Z,379,13,0,14,0,0,1,1,1,1785494662
2026-07-31T11:00:21Z,380,20,6,2,1,0,1,1,1,1785493756
2026-07-31T11:00:21Z,381,9,0,14,0,0,1,1,1,1785494807
2026-07-31T11:00:21Z,383,13,0,0,2,0,1,1,1,1785495422
2026-07-31T11:00:21Z,384,24,1,2,1,0,1,1,1,1785492881
2026-07-31T11:00:21Z,385,13,2,3,2,0,1,1,1,1785495433
2026-07-31T11:00:21Z,387,21,2,2,0,0,1,1,1,1785495503
2026-07-31T11:00:21Z,388,18,2,31,0,0,1,1,1,1785494640
2026-07-31T11:00:21Z,389,8,7,7,0,0,1,1,1,1785495116
2026-07-31T11:00:21Z,390,15,0,20,0,0,1,1,1,1785494877
2026-07-31T11:00:21Z,391,4,0,10,1,0,1,1,1,1785487292
2026-07-31T11:00:21Z,392,2,2,16,1,0,1,1,1,1785495603
2026-07-31T11:00:21Z,393,3,3,5,3,0,1,1,1,1785487292
2026-07-31T11:00:21Z,394,6,4,5,2,0,1,1,1,1785494395
2026-07-31T11:00:21Z,396,8,7,31,3,0,1,1,1,1785495055
2026-07-31T11:00:21Z,397,6,5,25,0,0,1,1,1,1785494011
2026-07-31T11:00:21Z,399,11,0,4,2,0,1,1,1,1785495541
2026-07-31T11:00:21Z,400,11,6,9,3,0,1,1,1,1785494724
2026-07-31T11:00:21Z,401,5,0,26,8,0,1,1,1,1785495226
2026-07-31T11:00:21Z,403,1,0,28,2,0,1,1,1,1785495377
2026-07-31T11:00:21Z,404,2,2,20,1,0,1,1,1,1785494495
2026-07-31T11:00:21Z,406,2,2,32,1,0,1,1,1,1785495535
2026-07-31T11:00:21Z,407,16,3,17,1,0,1,1,1,1785493065
2026-07-31T11:00:21Z,408,13,2,19,1,0,1,1,1,1785491284
2026-07-31T11:00:21Z,409,1,0,19,3,0,1,1,1,1785493289
2026-07-31T11:00:21Z,413,20,5,1,2,0,1,1,1,1785493578
2026-07-31T11:00:21Z,414,10,2,4,1,0,1,1,1,1785495352
2026-07-31T11:00:21Z,417,12,7,6,1,0,1,1,1,1785494370
2026-07-31T11:00:21Z,418,1,0,14,0,0,1,1,1,1785490913
2026-07-31T11:00:21Z,419,10,0,12,1,0,1,1,1,1785487895
2026-07-31T11:00:21Z,421,1,0,18,0,0,1,1,1,1785488201
2026-07-31T11:00:21Z,422,4,3,22,1,0,1,1,1,1785493261
2026-07-31T11:00:21Z,423,4,2,19,0,0,1,1,1,1785494704
2026-07-31T11:00:21Z,424,4,2,8,3,0,1,1,1,1785495528
2026-07-31T11:00:21Z,425,18,0,3,0,1,1,1,1,1785495308
2026-07-31T11:00:21Z,426,1,0,34,2,0,1,1,1,1785492043
2026-07-31T11:00:21Z,427,13,1,1,1,0,1,1,1,1785495496
2026-07-31T11:00:21Z,428,17,2,2,0,0,1,1,1,1785495324
2026-07-31T11:00:21Z,429,0,0,21,2,0,1,1,1,1785492151
2026-07-31T11:00:21Z,430,28,0,0,3,0,1,1,1,1785485488
2026-07-31T11:00:21Z,431,15,0,17,1,0,1,1,1,1785495603
2026-07-31T11:00:21Z,432,18,0,11,2,0,0,1,1,1785495451
2026-07-31T11:00:21Z,433,19,6,3,1,0,1,1,1,1785488201
2026-07-31T11:00:21Z,437,1,0,17,1,0,1,1,1,1785495299
2026-07-31T11:00:21Z,438,17,0,1,1,0,1,1,1,1785495544
2026-07-31T11:00:21Z,439,5,0,10,0,0,1,1,1,1785494601
2026-07-31T11:00:21Z,440,11,2,2,2,0,1,1,1,1785495569
2026-07-31T11:00:21Z,441,12,1,2,1,0,1,1,1,1785495062
2026-07-31T11:00:21Z,442,18,9,0,1,0,1,1,1,1785494300
2026-07-31T11:00:21Z,443,4,2,23,0,0,1,1,1,1785485488
2026-07-31T11:00:21Z,444,2,2,21,0,0,1,1,1,1785485488
2026-07-31T11:00:21Z,445,7,2,15,1,0,1,1,1,1785495453
2026-07-31T11:00:21Z,446,0,0,22,1,0,1,1,1,1785494652
2026-07-31T11:00:21Z,447,2,0,19,1,1,1,1,1,1785492174
2026-07-31T11:00:21Z,448,9,4,5,1,0,1,1,1,1785487895
2026-07-31T11:00:21Z,452,9,6,9,1,0,1,1,1,1785494991
2026-07-31T11:00:21Z,453,7,5,7,1,0,1,1,1,1785494607
2026-07-31T11:00:21Z,454,9,0,10,0,0,1,1,1,1785489971
2026-07-31T11:00:21Z,455,2,0,37,0,0,1,1,1,1785492761
2026-07-31T11:00:21Z,456,8,0,11,1,0,1,1,1,1785495480
2026-07-31T11:00:21Z,457,24,2,1,2,0,1,1,1,1785495322
2026-07-31T11:00:21Z,458,11,4,12,0,0,1,1,1,1785493232
2026-07-31T11:00:21Z,459,15,0,0,0,0,1,1,1,1785485789
2026-07-31T11:00:21Z,460,16,2,6,1,0,1,1,1,1785493525
2026-07-31T11:00:21Z,461,5,1,14,0,0,1,1,1,1785487878
2026-07-31T11:00:21Z,462,13,1,8,0,0,1,1,1,1785494791
2026-07-31T11:00:21Z,463,13,1,6,0,0,1,1,1,1785487897
2026-07-31T11:00:21Z,464,3,1,11,0,0,1,1,1,1785485789
2026-07-31T11:00:21Z,465,0,0,14,1,0,1,1,1,1785485789
2026-07-31T11:00:21Z,466,11,3,2,2,0,1,1,1,1785485789
2026-07-31T11:00:21Z,467,3,1,15,1,0,1,1,1,1785494407
2026-07-31T11:00:21Z,468,17,1,1,1,0,1,1,1,1785485789
2026-07-31T11:00:21Z,469,2,1,21,0,0,1,1,1,1785487896
2026-07-31T11:00:21Z,470,12,1,1,2,0,1,1,1,1785495553
2026-07-31T11:00:21Z,471,22,2,5,0,0,1,1,1,1785487895
2026-07-31T11:00:21Z,472,14,3,4,1,0,1,1,1,1785495507
2026-07-31T11:00:21Z,473,19,5,0,0,0,1,1,1,1785485789
2026-07-31T11:00:21Z,474,16,0,3,0,0,1,1,1,1785488959
2026-07-31T11:00:21Z,475,5,1,13,1,0,1,1,1,1785492726
2026-07-31T11:00:21Z,477,9,7,5,1,0,1,1,1,1785492057
2026-07-31T11:00:21Z,478,5,0,25,1,0,1,1,1,1785495605
2026-07-31T11:00:21Z,479,1,0,25,1,0,1,1,1,1785495354
2026-07-31T11:00:21Z,480,3,0,9,3,0,1,1,1,1785495583
2026-07-31T11:00:21Z,481,28,1,6,1,0,1,1,1,1785495591
2026-07-31T11:00:21Z,482,17,6,2,0,0,1,1,1,1785495430
2026-07-31T11:00:21Z,483,1,0,24,2,0,1,1,1,1785495490
2026-07-31T11:00:21Z,484,5,2,13,1,0,1,1,1,1785495538
2026-07-31T11:00:21Z,485,16,6,1,1,1,1,1,1,1785495560
2026-07-31T11:00:21Z,486,25,6,0,2,0,1,1,1,1785495552
2026-07-31T11:00:21Z,487,6,4,12,1,0,1,1,1,1785493687
2026-07-31T11:00:21Z,489,13,7,2,0,0,1,1,1,1785494987
2026-07-31T11:00:21Z,490,2,1,14,0,0,1,1,1,1785492713
2026-07-31T11:00:21Z,491,4,1,17,0,0,1,1,1,1785486090
2026-07-31T11:00:21Z,492,4,2,3,4,0,1,1,1,1785495612
2026-07-31T11:00:21Z,493,0,0,26,1,0,1,1,1,1785487895
2026-07-31T11:00:21Z,495,9,0,3,3,0,1,1,1,1785489700
2026-07-31T11:00:21Z,496,24,1,3,0,0,1,1,1,1785494329
2026-07-31T11:00:21Z,497,16,0,2,1,0,1,1,1,1785494248
2026-07-31T11:00:21Z,498,20,3,2,1,0,1,1,1,1785493313
2026-07-31T11:00:21Z,499,15,0,3,1,0,1,1,1,1785495005
2026-07-31T11:00:21Z,500,7,4,3,5,0,1,1,1,1785494804
2026-07-31T11:00:21Z,501,11,4,10,0,0,1,1,1,1785492885
2026-07-31T11:00:21Z,502,6,0,13,0,0,1,1,1,1785486089
2026-07-31T11:00:21Z,503,25,0,5,1,0,1,1,1,1785494764
2026-07-31T11:00:21Z,504,2,1,37,0,0,1,1,1,1785495029
2026-07-31T11:00:21Z,505,10,1,1,1,0,1,1,1,1785487586
2026-07-31T11:00:21Z,511,6,3,17,0,0,1,1,1,1785495483
2026-07-31T11:00:21Z,512,7,0,20,0,0,1,1,1,1785495252
2026-07-31T11:00:21Z,514,8,0,2,1,0,1,1,1,1785492997
2026-07-31T11:00:21Z,515,2,0,17,0,0,1,1,1,1785487895
2026-07-31T11:00:21Z,516,1,0,26,0,0,1,1,1,1785495288
2026-07-31T11:00:21Z,517,13,2,9,1,0,1,1,1,1785494998
2026-07-31T11:00:21Z,518,13,1,1,1,0,1,1,1,1785494366
2026-07-31T11:00:21Z,519,3,0,14,2,0,1,1,1,1785495571
2026-07-31T11:00:21Z,520,10,7,11,5,1,1,1,1,1785495614
2026-07-31T11:00:21Z,521,18,5,5,0,0,1,1,1,1785494100
2026-07-31T11:00:21Z,522,1,0,21,1,0,1,1,1,1785494985
2026-07-31T11:00:21Z,523,6,4,16,1,0,1,1,1,1785494750
2026-07-31T11:00:21Z,524,0,0,23,0,0,1,1,1,1785494956
2026-07-31T11:00:21Z,525,8,0,11,0,0,1,1,1,1785494735
2026-07-31T11:00:21Z,526,13,1,0,2,0,1,1,1,1785486390
2026-07-31T11:00:21Z,527,5,2,18,3,0,1,1,1,1785495597
2026-07-31T11:00:21Z,528,21,1,1,1,0,1,1,1,1785495324
2026-07-31T11:00:21Z,529,6,3,7,6,0,1,1,1,1785495611
2026-07-31T11:00:21Z,530,13,0,7,1,0,1,1,1,1785493790
2026-07-31T11:00:21Z,531,19,0,2,1,1,1,1,1,1785493153
2026-07-31T11:00:21Z,532,3,3,27,1,0,1,1,1,1785488341
2026-07-31T11:00:21Z,533,7,1,10,2,0,1,1,1,1785495060
2026-07-31T11:00:21Z,534,12,0,10,1,0,1,1,1,1785495118
2026-07-31T11:00:21Z,535,3,0,12,0,0,1,1,1,1785494305
2026-07-31T11:00:21Z,536,3,1,20,0,0,1,1,1,1785495501
2026-07-31T11:00:21Z,537,3,1,17,0,0,1,1,1,1785494448
2026-07-31T11:00:21Z,538,20,7,1,0,2,1,1,1,1785495343
2026-07-31T11:00:21Z,539,5,5,26,0,0,1,1,1,1785488201
2026-07-31T11:00:21Z,540,2,1,17,0,0,1,1,1,1785486391
2026-07-31T11:00:21Z,541,21,2,5,1,0,1,1,1,1785495405
2026-07-31T11:00:21Z,542,4,2,19,0,0,1,1,1,1785493905
2026-07-31T11:00:21Z,543,15,2,3,1,0,1,1,1,1785495451
2026-07-31T11:00:21Z,544,14,1,4,4,0,1,1,1,1785495001
2026-07-31T11:00:21Z,545,3,0,14,2,0,1,1,1,1785495149
2026-07-31T11:00:21Z,546,15,8,4,0,0,1,1,1,1785494355
2026-07-31T11:00:21Z,547,19,1,6,0,0,1,1,1,1785494297
2026-07-31T11:00:21Z,548,15,1,8,0,0,1,1,1,1785495571
2026-07-31T11:00:21Z,549,20,0,2,1,0,1,1,1,1785495580
2026-07-31T11:00:21Z,550,13,0,6,0,0,1,1,1,1785495012
2026-07-31T11:00:21Z,551,16,4,7,0,0,1,1,1,1785486390
2026-07-31T11:00:21Z,552,27,3,0,0,0,1,1,1,1785486390
2026-07-31T11:00:21Z,553,17,1,3,2,1,1,1,1,1785495587
2026-07-31T11:00:21Z,554,1,1,18,0,0,1,1,1,1785486691
2026-07-31T11:00:21Z,555,12,5,2,1,0,1,1,1,1785493469
2026-07-31T11:00:21Z,556,19,4,2,2,0,1,1,1,1785495395
2026-07-31T11:00:21Z,557,7,4,11,5,0,1,1,1,1785494913
2026-07-31T11:00:21Z,558,35,4,2,0,0,1,1,1,1785495388
2026-07-31T11:00:21Z,559,0,0,18,1,0,1,1,1,1785492602
2026-07-31T11:00:21Z,560,10,0,17,0,0,1,1,1,1785492157
2026-07-31T11:00:21Z,561,16,2,6,1,0,1,1,1,1785494469
2026-07-31T11:00:21Z,562,3,0,29,3,0,1,1,1,1785486691
2026-07-31T11:00:21Z,563,9,0,5,0,0,1,1,1,1785495042
2026-07-31T11:00:21Z,564,10,0,8,1,0,1,1,1,1785493840
2026-07-31T11:00:21Z,565,6,1,13,0,0,1,1,1,1785495416
2026-07-31T11:00:21Z,566,13,0,5,1,0,1,1,1,1785495505
2026-07-31T11:00:21Z,567,26,1,0,1,0,1,1,1,1785493771
2026-07-31T11:00:21Z,568,15,0,4,0,0,1,1,1,1785495509
2026-07-31T11:00:21Z,569,15,2,4,0,0,1,1,1,1785492410
2026-07-31T11:00:21Z,570,11,0,8,0,0,1,1,1,1785495115
2026-07-31T11:00:21Z,571,1,0,22,0,0,1,1,1,1785495473
2026-07-31T11:00:21Z,572,13,4,5,1,0,1,1,1,1785495273
2026-07-31T11:00:21Z,573,13,0,2,0,0,1,1,1,1785486691
2026-07-31T11:00:21Z,574,8,3,7,0,0,1,1,1,1785494679
2026-07-31T11:00:21Z,575,4,0,16,1,0,1,1,1,1785494906
2026-07-31T11:00:21Z,576,2,0,15,2,0,1,1,1,1785494813
2026-07-31T11:00:21Z,577,14,0,17,0,0,1,1,1,1785495589
2026-07-31T11:00:21Z,578,12,9,10,1,0,1,1,1,1785495518
2026-07-31T11:00:21Z,579,5,0,38,0,0,1,1,1,1785495141
2026-07-31T11:00:21Z,580,3,0,26,0,0,1,1,1,1785495149
2026-07-31T11:00:21Z,581,15,1,4,0,0,1,1,1,1785495449
2026-07-31T11:00:21Z,582,18,0,42,1,0,1,1,1,1785495609
2026-07-31T11:00:21Z,583,23,1,0,0,0,1,1,1,1785492035
2026-07-31T11:00:21Z,584,9,4,6,4,0,1,1,1,1785486691
2026-07-31T11:00:21Z,585,12,2,14,0,1,1,1,1,1785495459
2026-07-31T11:00:21Z,586,10,0,25,0,0,1,1,1,1785495227
2026-07-31T11:00:21Z,587,18,0,5,1,0,1,1,1,1785495599
2026-07-31T11:00:21Z,588,11,3,5,2,1,1,1,1,1785495440
2026-07-31T11:00:21Z,589,0,0,0,23,0,1,1,1,1785495615
2026-07-31T11:00:21Z,590,17,2,12,2,0,1,1,1,1785492102
2026-07-31T11:00:21Z,591,27,1,1,2,0,1,1,1,1785495263
2026-07-31T11:00:21Z,592,11,0,12,0,0,1,1,1,1785495011
2026-07-31T11:00:21Z,593,0,0,38,0,0,1,1,1,1785488201
2026-07-31T11:00:21Z,594,6,0,12,3,0,1,1,1,1785495504
2026-07-31T11:00:21Z,595,0,0,3,0,0,0,1,1,1784046673
2026-07-31T11:00:21Z,605,0,0,2,1,0,0,1,1,1783975843
2026-07-31T11:00:21Z,606,0,0,0,0,0,0,1,1,86400
2026-07-31T11:00:21Z,607,11,2,20,1,0,1,1,1,1785495576
2026-07-31T11:00:21Z,608,1,0,49,0,0,1,1,1,1785495016
2026-07-31T11:00:21Z,609,0,0,23,0,0,1,1,1,1785494652
2026-07-31T11:00:21Z,610,1,0,34,0,0,1,1,1,1785494557
2026-07-31T11:00:21Z,611,13,0,13,1,0,1,1,1,1785494266
2026-07-31T11:00:21Z,612,6,1,9,0,0,1,1,1,1785486691
2026-07-31T11:00:21Z,613,9,0,2,4,0,1,1,1,1785489318
2026-07-31T11:00:21Z,614,1,1,23,2,1,1,1,1,1785488202
2026-07-31T11:00:21Z,617,10,0,3,2,0,1,1,1,1785494811
2026-07-31T11:00:21Z,618,12,1,2,5,0,1,1,1,1785495559
2026-07-31T11:00:21Z,619,3,1,15,1,0,1,1,1,1785494782
2026-07-31T11:00:21Z,620,1,0,26,0,0,1,1,1,1785495096
2026-07-31T11:00:21Z,621,4,1,18,1,0,1,1,1,1785494815
2026-07-31T11:00:21Z,622,5,2,17,1,0,1,1,1,1785488201
2026-07-31T11:00:21Z,623,9,2,20,1,0,1,1,1,1785495075
2026-07-31T11:00:21Z,624,1,0,14,0,0,1,1,1,1785493218
2026-07-31T11:00:21Z,625,4,0,15,2,0,1,1,1,1785495075
2026-07-31T11:00:21Z,626,5,0,40,0,2,1,1,1,1785495289
2026-07-31T11:00:21Z,627,14,6,5,0,0,1,1,1,1785493197
2026-07-31T11:00:21Z,628,0,0,15,2,2,1,1,1,1785495358
2026-07-31T11:00:21Z,629,4,1,6,1,0,1,1,1,1785495418
2026-07-31T11:00:21Z,630,3,2,21,3,0,1,1,1,1785495553
2026-07-31T11:00:21Z,631,2,1,21,0,0,1,1,1,1785488201
2026-07-31T11:00:21Z,632,20,0,1,2,0,1,1,1,1785492884
2026-07-31T11:00:21Z,633,11,1,0,4,0,1,1,1,1785495469
2026-07-31T11:00:21Z,634,11,2,8,0,0,1,1,1,1785486991
2026-07-31T11:00:21Z,635,16,1,3,0,0,1,1,1,1785494941
2026-07-31T11:00:21Z,636,10,2,5,0,0,1,1,1,1785488201
2026-07-31T11:00:21Z,637,7,0,12,0,0,1,1,1,1785490209
2026-07-31T11:00:21Z,638,8,1,9,2,0,1,1,1,1785495242
2026-07-31T11:00:21Z,639,5,1,11,3,0,1,1,1,1785479066
2026-07-31T11:00:21Z,640,4,3,18,1,0,1,1,1,1785495574
2026-07-31T11:00:21Z,641,20,0,4,2,0,1,1,1,1785495543
2026-07-31T11:00:21Z,642,5,3,6,8,0,1,1,1,1785495612
2026-07-31T11:00:21Z,643,2,0,18,7,0,1,1,1,1785495615
2026-07-31T11:00:21Z,644,12,0,2,1,0,1,1,1,1785486991
2026-07-31T11:00:21Z,645,11,0,10,1,1,1,1,1,1785488495
2026-07-31T11:00:21Z,646,7,2,12,0,0,1,1,1,1785495432
2026-07-31T11:00:21Z,647,29,1,2,0,0,1,1,1,1785492741
2026-07-31T11:00:21Z,648,6,0,12,1,0,1,1,1,1785490674
2026-07-31T11:00:21Z,649,19,3,11,1,0,1,1,1,1785495468
2026-07-31T11:00:21Z,650,5,1,9,0,0,1,1,1,1785488201
2026-07-31T11:00:21Z,651,8,7,15,0,0,1,1,1,1785494343
2026-07-31T11:00:21Z,652,3,2,18,2,0,1,1,1,1785495541
2026-07-31T11:00:21Z,653,9,1,8,2,0,1,1,1,1785494586
2026-07-31T11:00:21Z,654,2,2,13,0,0,1,1,1,1785488202
2026-07-31T11:00:21Z,655,7,3,1,4,1,1,1,1,1785495481
2026-07-31T11:00:21Z,656,18,7,1,0,0,1,1,1,1785494552
2026-07-31T11:00:21Z,657,9,1,3,2,3,1,1,1,1785495504
2026-07-31T11:00:21Z,658,9,1,1,0,0,1,1,1,1785473427
2026-07-31T11:00:21Z,659,9,4,4,2,0,1,1,1,1785495529
2026-07-31T11:00:21Z,660,12,0,15,4,0,1,1,1,1785495463
2026-07-31T11:00:21Z,661,2,1,17,0,0,1,1,1,1785492505
2026-07-31T11:00:21Z,662,4,3,16,3,0,1,1,1,1785493876
2026-07-31T11:00:21Z,663,12,5,2,1,0,1,1,1,1785493447
2026-07-31T11:00:21Z,664,1,0,26,0,0,1,1,1,1785495012
2026-07-31T11:00:21Z,665,12,3,3,0,0,1,1,1,1785488202
2026-07-31T11:00:21Z,666,7,2,6,2,0,1,1,1,1785488201
2026-07-31T11:00:21Z,667,0,0,19,0,0,1,1,1,1785486991
2026-07-31T11:00:21Z,668,10,1,8,1,0,1,1,1,1785488201
2026-07-31T11:00:21Z,669,13,5,1,0,0,1,1,1,1785493864
2026-07-31T11:00:21Z,670,11,2,16,0,0,1,1,1,1785495559
2026-07-31T11:00:21Z,671,24,5,2,1,0,1,1,1,1785495323
2026-07-31T11:00:21Z,672,12,2,7,3,1,1,1,1,1785491597
2026-07-31T11:00:21Z,673,13,0,8,2,0,1,1,1,1785495590
2026-07-31T11:00:21Z,674,5,3,15,3,0,1,1,1,1785495455
2026-07-31T11:00:21Z,675,11,7,2,2,0,1,1,1,1785495350
2026-07-31T11:00:21Z,676,6,0,15,1,0,1,1,1,1785493473
2026-07-31T11:00:21Z,681,10,3,3,2,0,1,1,1,1785495347
2026-07-31T11:00:21Z,682,4,1,14,1,0,1,1,1,1785486991
2026-07-31T11:00:21Z,683,4,1,15,0,0,1,1,1,1785493800
2026-07-31T11:00:21Z,684,3,0,24,0,0,1,1,1,1785487883
2026-07-31T11:00:21Z,685,10,0,15,1,1,1,1,1,1785488201
2026-07-31T11:00:21Z,686,10,0,15,2,0,1,1,1,1785495531
2026-07-31T11:00:21Z,687,11,0,18,1,1,1,1,1,1785495543
2026-07-31T11:00:21Z,688,10,0,2,7,0,1,1,1,1785495302
2026-07-31T11:00:21Z,692,8,5,13,0,0,1,1,1,1785495519
2026-07-31T11:00:21Z,693,6,0,2,3,0,1,1,1,1785494422
2026-07-31T11:00:21Z,694,8,5,13,0,0,1,1,1,1785494183
2026-07-31T11:00:21Z,695,15,10,8,0,0,1,1,1,1785495140
2026-07-31T11:00:21Z,696,17,13,4,2,0,1,1,1,1785495324
2026-07-31T11:00:21Z,697,22,2,1,0,0,1,1,1,1785493839
2026-07-31T11:00:21Z,698,23,1,4,0,0,1,1,1,1785495250
2026-07-31T11:00:21Z,699,7,0,7,1,0,1,1,1,1785494730
2026-07-31T11:00:21Z,700,19,4,0,0,0,1,1,1,1785494867
2026-07-31T11:00:21Z,701,16,6,3,0,0,1,1,1,1785495375
2026-07-31T11:00:21Z,702,18,0,4,1,0,1,1,1,1785495336
2026-07-31T11:00:21Z,704,8,2,7,0,0,1,1,1,1785495505
2026-07-31T11:00:21Z,705,4,2,9,2,0,1,1,1,1785494971
2026-07-31T11:00:21Z,706,12,2,0,3,0,1,1,1,1785494258
2026-07-31T11:00:21Z,707,10,2,5,0,0,1,1,1,1785494888
2026-07-31T11:00:21Z,708,17,2,1,1,0,1,1,1,1785495104
2026-07-31T11:00:21Z,709,10,0,2,3,0,1,1,1,1785494924
2026-07-31T11:00:21Z,710,16,3,2,1,0,1,1,1,1785495417
2026-07-31T11:00:21Z,711,19,4,0,4,0,1,1,1,1785494406
2026-07-31T11:00:21Z,712,11,9,4,0,0,1,1,1,1785495080
2026-07-31T11:00:21Z,713,5,0,18,0,0,1,1,1,1785495378
2026-07-31T11:00:21Z,716,4,2,11,0,0,1,1,1,1785494617
2026-07-31T11:00:21Z,717,4,2,18,3,0,1,1,1,1785494701
2026-07-31T11:00:21Z,718,4,1,10,1,0,1,1,1,1785495419
2026-07-31T11:00:21Z,719,8,2,21,0,0,1,1,1,1785493861
2026-07-31T11:00:21Z,720,2,1,17,0,0,1,1,1,1785494906
2026-07-31T11:00:21Z,721,0,0,21,2,0,1,1,1,1785493899
2026-07-31T11:00:21Z,722,5,0,10,0,0,1,1,1,1785494662
2026-07-31T11:00:21Z,723,12,1,11,0,0,1,1,1,1785494741
2026-07-31T11:00:21Z,724,21,4,2,0,0,1,1,1,1785494045
2026-07-31T11:00:21Z,725,18,6,4,1,0,1,1,1,1785495435
2026-07-31T11:00:21Z,726,17,2,1,1,0,1,1,1,1785495535
2026-07-31T11:00:21Z,727,9,4,12,2,0,1,1,1,1785493847
2026-07-31T11:00:21Z,728,9,0,5,1,0,1,1,1,1785495207
2026-07-31T11:00:21Z,729,3,0,16,0,0,1,1,1,1785494897
2026-07-31T11:00:21Z,730,3,2,10,2,0,1,1,1,1785493990
2026-07-31T11:00:21Z,731,9,3,5,1,0,1,1,1,1785494918
2026-07-31T11:00:21Z,732,7,5,8,0,0,1,1,1,1785495333
2026-07-31T11:00:21Z,733,7,1,20,0,0,1,1,1,1785495412
2026-07-31T11:00:21Z,734,2,0,11,1,0,1,1,1,1785495436
2026-07-31T11:00:21Z,735,2,2,25,0,0,1,1,1,1785495038
2026-07-31T11:00:21Z,736,6,0,13,0,0,1,1,1,1785495351
2026-07-31T11:00:21Z,737,4,3,10,0,1,1,1,1,1785495346
2026-07-31T11:00:21Z,738,17,5,0,2,0,1,1,1,1785495611
2026-07-31T11:00:21Z,739,19,2,7,1,0,1,1,1,1785494974
2026-07-31T11:00:21Z,741,7,1,16,0,0,1,1,1,1785495242
2026-07-31T11:00:21Z,742,6,1,26,3,0,1,1,1,1785495468
2026-07-31T11:00:21Z,743,9,3,8,2,0,1,1,1,1785495111
2026-07-31T11:00:21Z,744,11,4,4,0,0,1,1,1,1785495092
2026-07-31T11:00:21Z,745,14,4,4,1,0,1,1,1,1785493811
2026-07-31T11:00:21Z,746,10,3,11,2,0,1,1,1,1785495116
2026-07-31T11:00:21Z,747,0,0,4,0,0,0,1,1,1783446606
2026-07-31T11:00:21Z,748,10,1,13,0,0,1,1,1,1785494608
2026-07-31T11:00:21Z,749,5,5,17,1,0,1,1,1,1785494524
2026-07-31T11:00:21Z,750,1,1,10,0,0,1,1,1,1785494852
2026-07-31T11:00:21Z,751,10,0,13,0,0,1,1,1,1785495545
2026-07-31T11:00:21Z,752,14,1,2,1,0,1,1,1,1785495135
2026-07-31T11:00:21Z,753,5,0,10,0,0,1,1,1,1785493935
2026-07-31T11:00:21Z,754,2,1,12,1,0,1,1,1,1785494472
2026-07-31T11:00:21Z,755,12,2,10,1,0,1,1,1,1785494991
2026-07-31T11:00:21Z,756,6,2,31,0,0,1,1,1,1785495528
2026-07-31T11:00:21Z,757,15,8,4,0,0,1,1,1,1785494591
2026-07-31T11:00:21Z,758,22,3,1,0,0,1,1,1,1785494778
2026-07-31T11:00:21Z,759,3,2,12,0,0,1,1,1,1785493925
2026-07-31T11:00:21Z,760,8,3,11,0,0,1,1,1,1785488200
2026-07-31T11:00:21Z,761,17,0,5,1,0,1,1,1,1785495051
2026-07-31T11:00:21Z,762,5,3,5,5,0,1,1,1,1785495324
2026-07-31T11:00:21Z,768,8,0,8,3,0,1,1,1,1785494030
2026-07-31T11:00:21Z,769,16,12,3,0,0,1,1,1,1785495473
2026-07-31T11:00:21Z,770,11,3,6,2,0,1,1,1,1785495410
2026-07-31T11:00:21Z,771,13,3,1,1,0,1,1,1,1785494850
2026-07-31T11:00:21Z,772,8,2,7,0,0,1,1,1,1785495498
2026-07-31T11:00:21Z,773,15,4,4,0,0,1,1,1,1785495306
2026-07-31T11:00:21Z,774,9,5,3,3,0,1,1,1,1785495243
2026-07-31T11:00:21Z,775,7,0,10,1,1,1,1,1,1785494713
2026-07-31T11:00:21Z,776,3,1,17,1,0,1,1,1,1785493821
2026-07-31T11:00:21Z,777,10,0,2,3,0,1,1,1,1785495391
2026-07-31T11:00:21Z,778,13,0,3,3,0,1,1,1,1785495505
2026-07-31T11:00:21Z,779,8,1,10,1,0,1,1,1,1785494401
2026-07-31T11:00:21Z,780,18,4,0,1,0,1,1,1,1785495432
2026-07-31T11:00:21Z,781,4,0,4,3,0,1,1,1,1785494330
2026-07-31T11:00:21Z,782,4,3,11,4,0,1,1,1,1785495129
2026-07-31T11:00:21Z,783,6,0,13,0,0,1,1,1,1785494397
2026-07-31T11:00:21Z,784,19,2,0,0,0,1,1,1,1785494006
2026-07-31T11:00:21Z,785,11,2,2,6,0,1,1,1,1785494572
2026-07-31T11:00:21Z,786,12,5,7,0,0,1,1,1,1785494544
2026-07-31T11:00:21Z,787,11,5,2,2,0,1,1,1,1785493854
2026-07-31T11:00:21Z,788,3,0,12,0,0,1,1,1,1785494887
2026-07-31T11:00:21Z,789,8,1,3,4,0,1,1,1,1785495115
2026-07-31T11:00:21Z,790,3,0,20,0,0,1,1,1,1785495529
2026-07-31T11:00:21Z,791,7,1,11,0,1,1,1,1,1785495433
2026-07-31T11:00:21Z,793,4,0,10,1,0,1,1,1,1785495254
2026-07-31T11:00:21Z,794,13,5,14,2,0,1,1,1,1785495352
2026-07-31T11:00:21Z,796,0,0,17,2,0,1,1,1,1785495060
2026-07-31T11:00:21Z,797,2,0,13,0,0,1,1,1,1785494961
2026-07-31T11:00:21Z,798,11,1,13,1,0,1,1,1,1785495592
2026-07-31T11:00:21Z,799,15,1,1,3,0,1,1,1,1785495028
2026-07-31T11:00:21Z,800,3,0,17,1,0,1,1,1,1785495312
2026-07-31T11:00:21Z,801,4,2,15,2,0,1,1,1,1785495393
2026-07-31T11:00:21Z,802,8,0,23,0,0,1,1,1,1785495201
2026-07-31T11:00:21Z,803,1,1,14,0,0,1,1,1,1785494855
2026-07-31T11:00:21Z,806,8,3,7,0,0,1,1,1,1785495509
2026-07-31T11:00:21Z,807,14,0,8,3,0,1,1,1,1785495474
2026-07-31T11:00:21Z,808,0,0,23,2,0,1,1,1,1785488225
2026-07-31T11:00:21Z,809,4,0,18,1,0,1,1,1,1785495038
2026-07-31T11:00:21Z,810,2,0,13,4,0,1,1,1,1785495486
2026-07-31T11:00:21Z,815,3,1,7,4,1,1,1,1,1785495224
2026-07-31T11:00:21Z,817,11,5,4,0,0,1,1,1,1785494911
2026-07-31T11:00:21Z,818,6,0,16,1,0,1,1,1,1785495616
2026-07-31T11:00:21Z,819,6,4,9,0,0,1,1,1,1785487291
2026-07-31T11:00:21Z,820,8,2,9,0,0,1,1,1,1785494287
2026-07-31T11:00:21Z,821,2,1,13,0,0,1,1,1,1785495215
2026-07-31T11:00:21Z,822,2,0,19,2,0,1,1,1,1785495551
2026-07-31T11:00:21Z,823,0,0,14,1,0,1,1,1,1785494688
2026-07-31T11:00:21Z,824,13,4,5,1,0,1,1,1,1785494154
2026-07-31T11:00:21Z,825,7,4,8,0,0,1,1,1,1785493925
2026-07-31T11:00:21Z,826,8,2,9,2,0,1,1,1,1785495583
2026-07-31T11:00:21Z,827,15,4,5,1,0,1,1,1,1785495500
2026-07-31T11:00:21Z,828,10,0,7,1,0,1,1,1,1785495384
2026-07-31T11:00:21Z,829,16,7,11,0,0,1,1,1,1785494420
2026-07-31T11:00:21Z,830,15,3,7,1,0,1,1,1,1785495478
2026-07-31T11:00:21Z,831,7,2,7,1,0,1,1,1,1785494653
2026-07-31T11:00:21Z,832,10,3,5,3,0,1,1,1,1785495346
2026-07-31T11:00:21Z,833,1,0,17,1,0,1,1,1,1785494502
2026-07-31T11:00:21Z,834,2,0,21,1,0,1,1,1,1785495288
2026-07-31T11:00:21Z,835,15,6,1,2,0,1,1,1,1785495064
2026-07-31T11:00:21Z,837,5,1,0,10,0,1,1,1,1785494728
2026-07-31T11:00:21Z,838,12,3,3,0,0,1,1,1,1785495584
2026-07-31T11:00:21Z,839,6,0,23,0,0,1,1,1,1785495475
2026-07-31T11:00:21Z,840,9,4,18,2,0,1,1,1,1785495014
2026-07-31T11:00:21Z,841,7,1,8,0,0,1,1,1,1785494649
2026-07-31T11:00:21Z,842,7,2,16,0,0,1,1,1,1785494457
2026-07-31T11:00:21Z,843,8,0,22,1,0,1,1,1,1785494710
2026-07-31T11:00:21Z,844,6,0,17,0,0,1,1,1,1785494659
2026-07-31T11:00:21Z,845,5,3,12,2,0,1,1,1,1785494836
2026-07-31T11:00:21Z,846,3,0,14,2,0,1,1,1,1785493971
2026-07-31T11:00:21Z,847,7,1,20,0,0,1,1,1,1785495585
2026-07-31T11:00:21Z,848,10,3,8,1,0,1,1,1,1785488215
2026-07-31T11:00:21Z,849,6,1,8,1,0,1,1,1,1785494927
2026-07-31T11:00:21Z,850,8,0,2,1,0,1,1,1,1785494138
2026-07-31T11:00:21Z,851,4,4,31,2,0,1,1,1,1785495462
2026-07-31T11:00:21Z,852,12,6,7,0,0,1,1,1,1785494548
2026-07-31T11:00:21Z,853,10,5,13,0,0,1,1,1,1785495433
2026-07-31T11:00:21Z,854,3,2,12,0,0,1,1,1,1785495490
2026-07-31T11:00:21Z,855,25,0,2,0,0,1,1,1,1785488200
2026-07-31T11:00:21Z,857,2,2,17,0,0,1,1,1,1785494918
2026-07-31T11:00:21Z,858,4,1,14,1,0,1,1,1,1785495211
2026-07-31T11:00:21Z,859,3,0,17,1,0,1,1,1,1785495431
2026-07-31T11:00:21Z,861,8,1,2,1,0,1,1,1,1785488201
2026-07-31T11:00:21Z,862,2,2,13,0,0,1,1,1,1785494677
2026-07-31T11:00:21Z,863,13,0,5,1,0,1,1,1,1785488200
2026-07-31T11:00:21Z,866,11,3,8,0,0,1,1,1,1785494986
2026-07-31T11:00:21Z,867,12,0,3,0,0,1,1,1,1785494292
2026-07-31T11:00:21Z,868,13,2,2,0,0,1,1,1,1785494504
2026-07-31T11:00:21Z,870,7,4,6,2,0,1,1,1,1785494724
2026-07-31T11:00:21Z,871,0,0,10,1,0,1,1,1,1785494096
2026-07-31T11:00:21Z,872,0,0,14,1,0,1,1,1,1785494641
2026-07-31T11:00:21Z,873,1,1,31,1,0,1,1,1,1785495066
2026-07-31T11:00:21Z,874,4,2,8,3,0,1,1,1,1785495324
2026-07-31T11:00:21Z,875,14,10,0,1,0,1,1,1,1785494794
2026-07-31T11:00:21Z,877,11,10,6,2,0,1,1,1,1785494255
2026-07-31T11:00:21Z,878,3,2,15,1,0,1,1,1,1785494835
2026-07-31T11:00:21Z,879,1,0,18,0,0,1,1,1,1785493876
2026-07-31T11:00:21Z,880,2,0,20,1,0,1,1,1,1785494796
2026-07-31T11:00:21Z,881,2,0,17,0,0,1,1,1,1785494689
2026-07-31T11:00:21Z,882,10,0,6,3,0,1,1,1,1785488200
2026-07-31T11:00:21Z,883,10,6,9,0,0,1,1,1,1785494950
2026-07-31T11:00:21Z,884,11,7,10,0,0,1,1,1,1785494247
2026-07-31T11:00:21Z,885,1,0,18,0,0,1,1,1,1785494532
2026-07-31T11:00:21Z,886,16,1,12,1,0,1,1,1,1785495339
2026-07-31T11:00:21Z,887,3,1,11,3,0,1,1,1,1785495241
2026-07-31T11:00:21Z,888,16,0,23,2,0,1,1,1,1785495582
2026-07-31T11:00:21Z,889,15,0,2,2,0,1,1,1,1785495159
2026-07-31T11:00:21Z,890,6,4,9,0,0,1,1,1,1785489632
2026-07-31T11:00:21Z,891,20,0,2,1,0,1,1,1,1785494984
2026-07-31T11:00:21Z,892,13,1,2,0,0,1,1,1,1785488200
2026-07-31T11:00:21Z,895,0,0,18,1,0,1,1,1,1785489208
2026-07-31T11:00:21Z,896,6,0,29,0,0,1,1,1,1785493238
2026-07-31T11:00:21Z,897,11,1,10,0,0,1,1,1,1785494728
2026-07-31T11:00:21Z,898,2,0,17,0,0,1,1,1,1785494450
2026-07-31T11:00:21Z,899,0,0,18,1,0,1,1,1,1785495498
2026-07-31T11:00:21Z,900,17,1,8,2,0,1,1,1,1785494721
2026-07-31T11:00:21Z,901,9,0,9,1,0,1,1,1,1785495213
2026-07-31T11:00:21Z,902,9,0,5,1,0,1,1,1,1785494386
2026-07-31T11:00:21Z,903,14,2,4,1,0,1,1,1,1785493839
2026-07-31T11:00:21Z,904,10,4,8,1,0,1,1,1,1785494841
2026-07-31T11:00:21Z,905,6,1,21,0,0,1,1,1,1785494947
2026-07-31T11:00:21Z,906,7,4,20,0,0,1,1,1,1785495595
2026-07-31T11:00:21Z,907,8,2,23,0,0,1,1,1,1785495599
2026-07-31T11:00:21Z,908,11,0,12,0,0,1,1,1,1785494830
2026-07-31T11:00:21Z,909,12,2,10,1,0,1,1,1,1785495385
2026-07-31T11:00:21Z,910,27,1,4,0,0,1,1,1,1785495358
2026-07-31T11:00:21Z,911,4,1,15,0,0,1,1,1,1785494384
2026-07-31T11:00:21Z,912,11,4,10,2,0,1,1,1,1785495332
2026-07-31T11:00:21Z,913,3,1,16,0,0,1,1,1,1785495367
2026-07-31T11:00:21Z,914,6,2,13,0,0,1,1,1,1785495290
2026-07-31T11:00:21Z,915,10,1,12,1,0,1,1,1,1785495447
2026-07-31T11:00:21Z,916,21,7,1,1,0,1,1,1,1785495390
2026-07-31T11:00:21Z,917,10,2,23,2,0,1,1,1,1785495605
2026-07-31T11:00:21Z,918,12,3,5,2,0,1,1,1,1785495210
2026-07-31T11:00:21Z,919,14,0,23,2,0,1,1,1,1785495551
2026-07-31T11:00:21Z,920,4,2,15,0,0,1,1,1,1785495178
2026-07-31T11:00:21Z,921,12,0,9,0,0,1,1,1,1785494520
2026-07-31T11:00:21Z,922,4,1,17,0,0,1,1,1,1785495326
2026-07-31T11:00:21Z,923,18,2,1,0,0,1,1,1,1785495041
2026-07-31T11:00:21Z,924,8,2,13,0,0,1,1,1,1785495533
2026-07-31T11:00:21Z,925,13,0,8,0,0,1,1,1,1785495000
2026-07-31T11:00:21Z,926,0,0,21,0,0,1,1,1,1785495136
2026-07-31T11:00:21Z,927,4,0,31,0,0,1,1,1,1785495555
2026-07-31T11:00:21Z,928,5,3,14,0,0,0,1,1,1785464301
2026-07-31T11:00:21Z,929,0,0,23,0,0,1,1,1,1785494153
2026-07-31T11:00:21Z,930,0,0,30,1,0,1,1,1,1785494757
2026-07-31T11:00:21Z,931,9,5,14,0,0,1,1,1,1785495469
2026-07-31T11:00:21Z,932,2,0,14,3,0,1,1,1,1785494905
2026-07-31T11:00:21Z,933,0,0,23,0,0,1,1,1,1785495120
2026-07-31T11:00:21Z,934,4,0,26,1,0,1,1,1,1785495601
2026-07-31T11:00:21Z,935,13,5,5,1,0,1,1,1,1785495532
2026-07-31T11:00:21Z,936,4,1,15,0,0,1,1,1,1785456801
2026-07-31T11:00:21Z,940,9,0,2,0,0,1,1,1,1785494277
2026-07-31T11:00:21Z,941,8,1,15,2,0,1,1,1,1785495261
2026-07-31T11:00:21Z,942,6,1,14,1,0,1,1,1,1785493818
2026-07-31T11:00:21Z,943,9,8,6,0,0,1,1,1,1785494750
2026-07-31T11:00:21Z,944,9,8,6,0,0,1,1,1,1785494569
2026-07-31T11:00:21Z,945,10,8,5,0,0,1,1,1,1785494083
2026-07-31T11:00:21Z,946,7,5,12,0,0,1,1,1,1785487593
2026-07-31T11:00:21Z,947,7,5,10,0,0,1,1,1,1785494583
2026-07-31T11:00:21Z,948,23,7,3,5,0,1,1,1,1785495578
2026-07-31T11:00:21Z,949,2,2,13,0,0,1,1,1,1785494791
2026-07-31T11:00:21Z,950,13,4,3,1,0,1,1,1,1785495313
2026-07-31T11:00:21Z,951,18,4,4,1,0,1,1,1,1785494804
2026-07-31T11:00:21Z,952,14,2,41,0,0,1,1,1,1785495547
2026-07-31T11:00:21Z,953,13,2,1,1,0,1,1,1,1785493853
2026-07-31T11:00:21Z,954,17,4,2,0,0,1,1,1,1785494699
2026-07-31T11:00:21Z,955,4,3,17,6,0,1,1,1,1785495493
2026-07-31T11:00:21Z,956,21,0,1,1,0,1,1,1,1785494630
2026-07-31T11:00:21Z,957,15,0,14,0,0,1,1,1,1785493992
2026-07-31T11:00:21Z,958,20,2,11,0,0,1,1,1,1785495384
2026-07-31T11:00:21Z,959,19,8,1,3,0,1,1,1,1785495057
2026-07-31T11:00:21Z,960,20,0,2,1,0,1,1,1,1785495290
2026-07-31T11:00:21Z,961,3,2,17,3,0,1,1,1,1785495309
2026-07-31T11:00:21Z,962,9,3,23,3,0,1,1,1,1785495584
2026-07-31T11:00:21Z,963,10,0,12,1,0,1,1,1,1785495357
2026-07-31T11:00:21Z,964,18,8,4,1,0,1,1,1,1785494322
2026-07-31T11:00:21Z,965,6,2,20,1,0,1,1,1,1785494797
2026-07-31T11:00:21Z,966,25,0,6,0,0,1,1,1,1785495325
2026-07-31T11:00:21Z,967,17,0,3,1,0,1,1,1,1785495289
2026-07-31T11:00:21Z,968,15,0,3,1,0,1,1,1,1785495172
2026-07-31T11:00:21Z,969,11,7,14,2,0,1,1,1,1785494745
2026-07-31T11:00:21Z,970,12,1,5,2,0,1,1,1,1785495261
2026-07-31T11:00:21Z,971,10,0,12,1,0,1,1,1,1785494888
2026-07-31T11:00:21Z,972,9,1,13,1,0,1,1,1,1785494556
2026-07-31T11:00:21Z,973,8,4,14,1,0,1,1,1,1785494070
2026-07-31T11:00:21Z,974,15,0,12,0,0,1,1,1,1785495274
2026-07-31T11:00:21Z,977,7,7,11,3,0,1,1,1,1785494819
2026-07-31T11:00:21Z,978,11,0,12,0,0,1,1,1,1785493873
2026-07-31T11:00:21Z,979,12,1,5,0,0,1,1,1,1785495309
2026-07-31T11:00:21Z,980,1,0,18,2,0,1,1,1,1785494154
2026-07-31T11:00:21Z,981,18,0,2,1,0,1,1,1,1785494319
2026-07-31T11:00:21Z,982,3,1,14,2,0,1,1,1,1785494617
2026-07-31T11:00:21Z,983,2,1,20,1,0,1,1,1,1785495041
2026-07-31T11:00:21Z,984,6,0,17,0,0,1,1,1,1785494231
2026-07-31T11:00:21Z,985,14,1,17,0,0,1,1,1,1785495436
2026-07-31T11:00:21Z,986,4,0,15,0,0,1,1,1,1785494615
2026-07-31T11:00:21Z,987,6,0,16,1,0,1,1,1,1785495159
2026-07-31T11:00:21Z,988,5,1,13,1,0,1,1,1,1785494770
2026-07-31T11:00:21Z,989,9,4,10,0,0,1,1,1,1785495574
2026-07-31T11:00:21Z,990,13,1,0,2,0,1,1,1,1785494814
2026-07-31T11:00:21Z,991,10,2,8,1,0,1,1,1,1785494486
2026-07-31T11:00:21Z,992,10,7,12,1,0,1,1,1,1785495363
2026-07-31T11:00:21Z,993,0,0,27,0,0,1,1,1,1785476008
2026-07-31T11:00:21Z,994,3,1,18,0,0,1,1,1,1785495577
2026-07-31T11:00:21Z,995,7,1,20,0,0,1,1,1,1785494798
2026-07-31T11:00:21Z,996,8,1,15,0,0,1,1,1,1785494597
2026-07-31T11:00:21Z,997,10,5,10,3,0,1,1,1,1785495510
2026-07-31T11:00:21Z,998,3,3,19,1,0,1,1,1,1785494910
2026-07-31T11:00:21Z,999,2,0,16,2,1,1,1,1,1785494682
2026-07-31T11:00:21Z,1000,5,2,16,0,0,1,1,1,1785495478
2026-07-31T11:00:21Z,1001,2,1,25,0,0,1,1,1,1785494937
2026-07-31T11:00:21Z,1002,0,0,27,4,0,1,1,1,1785494944
2026-07-31T11:00:21Z,1003,0,0,22,1,0,1,1,1,1785494558
2026-07-31T11:00:21Z,1004,8,1,15,0,0,1,1,1,1785493999
2026-07-31T11:00:21Z,1005,20,1,3,0,0,1,1,1,1785494747
2026-07-31T11:00:21Z,1006,7,4,11,1,0,1,1,1,1785494579
2026-07-31T11:00:21Z,1007,2,1,19,0,0,1,1,1,1785494212
2026-07-31T11:00:21Z,1008,6,5,15,2,0,1,1,1,1785495538
2026-07-31T11:00:21Z,1009,19,2,8,4,0,1,1,1,1785495405
2026-07-31T11:00:21Z,1010,7,2,20,0,0,1,1,1,1785494423
2026-07-31T11:00:21Z,1011,8,2,9,2,0,1,1,1,1785494952
2026-07-31T11:00:21Z,1012,4,3,18,1,0,1,1,1,1785494514
2026-07-31T11:00:21Z,1013,4,1,18,1,0,1,1,1,1785495107
2026-07-31T11:00:21Z,1014,7,2,13,3,0,1,1,1,1785495033
2026-07-31T11:00:21Z,1015,3,1,25,3,0,1,1,1,1785495318
2026-07-31T11:00:21Z,1016,9,5,22,0,0,1,1,1,1785495512
2026-07-31T11:00:21Z,1017,14,5,7,0,0,1,1,1,1785493919
2026-07-31T11:00:21Z,1018,7,2,15,0,0,1,1,1,1785494600
2026-07-31T11:00:21Z,1019,9,6,6,0,0,1,1,1,1785494522
2026-07-31T11:00:21Z,1020,18,3,3,0,0,1,1,1,1785495605
2026-07-31T11:00:21Z,1021,9,3,5,1,0,1,1,1,1785495324
2026-07-31T11:00:21Z,1022,14,0,13,0,0,1,1,1,1785494698
2026-07-31T11:00:21Z,1023,13,1,9,1,0,1,1,1,1785494337
2026-07-31T11:00:21Z,1024,5,2,13,1,0,1,1,1,1785495332
2026-07-31T11:00:21Z,1025,4,0,14,0,1,1,1,1,1785494665
2026-07-31T11:00:21Z,1026,7,4,18,6,0,1,1,1,1785495546
2026-07-31T11:00:21Z,1028,2,0,20,1,0,1,1,1,1785494692
2026-07-31T11:00:21Z,1029,9,9,5,1,0,1,1,1,1785493806
2026-07-31T11:00:21Z,1030,14,5,9,0,0,1,1,1,1785495375
2026-07-31T11:00:21Z,1031,8,0,11,0,0,1,1,1,1785493920
2026-07-31T11:00:21Z,1032,7,1,12,0,0,1,1,1,1785494584
2026-07-31T11:00:21Z,1033,9,5,8,2,0,1,1,1,1785495398
2026-07-31T11:00:21Z,1034,2,0,13,0,0,1,1,1,1785494594
2026-07-31T11:00:21Z,1035,1,0,16,2,0,1,1,1,1785494632
2026-07-31T11:00:21Z,1036,14,0,1,0,0,1,1,1,1785495175
2026-07-31T11:00:21Z,1037,5,0,13,1,0,1,1,1,1785495415
2026-07-31T11:00:21Z,1038,2,0,12,1,0,1,1,1,1785494293
2026-07-31T11:00:21Z,1039,7,2,12,0,0,1,1,1,1785494738
2026-07-31T11:00:21Z,1040,7,3,10,2,0,1,1,1,1785494624
2026-07-31T11:00:21Z,1041,10,3,8,1,0,1,1,1,1785495322
2026-07-31T11:00:21Z,1042,12,1,1,2,0,1,1,1,1785494675
2026-07-31T11:00:21Z,1043,10,0,6,3,0,1,1,1,1785494659
2026-07-31T11:00:21Z,1044,2,1,12,1,0,1,1,1,1785494348
2026-07-31T11:00:21Z,1045,10,0,9,0,0,1,1,1,1785494570
2026-07-31T11:00:21Z,1046,8,0,7,0,0,1,1,1,1785495368
2026-07-31T11:00:21Z,1047,4,0,17,0,0,1,1,1,1785495340
2026-07-31T11:00:21Z,1048,10,1,9,0,0,1,1,1,1785494548
2026-07-31T11:00:21Z,1049,5,0,16,0,0,1,1,1,1785494615
2026-07-31T11:00:21Z,1050,17,4,4,0,0,1,1,1,1785493896
2026-07-31T11:00:21Z,1051,8,3,13,0,0,1,1,1,1785495603
2026-07-31T11:00:21Z,1052,17,2,5,0,0,1,1,1,1785494413
2026-07-31T11:00:21Z,1053,2,1,13,0,0,1,1,1,1785494474
2026-07-31T11:00:21Z,1054,14,1,1,0,0,1,1,1,1785494734
2026-07-31T11:00:21Z,1055,8,2,11,0,0,1,1,1,1785494715
2026-07-31T11:00:21Z,1057,17,0,1,1,0,1,1,1,1785495401
2026-07-31T11:00:21Z,1058,4,0,51,1,0,1,1,1,1785495580
2026-07-31T11:00:21Z,1059,0,0,18,1,0,1,1,1,1785494603
2026-07-31T11:00:21Z,1060,31,0,6,0,0,1,1,1,1785495425
2026-07-31T11:00:21Z,1061,14,1,22,1,0,1,1,1,1785494725
2026-07-31T11:00:21Z,1062,3,1,14,0,0,1,1,1,1785495311
2026-07-31T11:00:21Z,1063,12,1,6,1,0,1,1,1,1785494627
2026-07-31T11:00:21Z,1064,3,0,19,1,0,1,1,1,1785494961
2026-07-31T11:00:21Z,1065,16,3,7,0,0,1,1,1,1785495203
2026-07-31T11:00:21Z,1066,10,2,13,0,0,1,1,1,1785495027
2026-07-31T11:00:21Z,1067,8,2,13,2,0,1,1,1,1785495295
2026-07-31T11:00:21Z,1068,8,2,13,2,0,1,1,1,1785494788
2026-07-31T11:00:21Z,1069,12,3,11,0,0,1,1,1,1785494836
2026-07-31T11:00:21Z,1070,12,2,11,0,0,1,1,1,1785494933
2026-07-31T11:00:21Z,1071,7,4,16,0,0,1,1,1,1785494971
2026-07-31T11:00:21Z,1072,11,1,11,1,0,1,1,1,1785495366
2026-07-31T11:00:21Z,1073,21,2,5,1,0,1,1,1,1785494747
2026-07-31T11:00:21Z,1074,1,0,51,1,0,1,1,1,1785494870
2026-07-31T11:00:21Z,1075,10,10,11,0,0,1,1,1,1785494340
2026-07-31T11:00:21Z,1076,15,12,6,0,0,1,1,1,1785495595
2026-07-31T11:00:21Z,1077,8,5,13,0,0,1,1,1,1785494558
2026-07-31T11:00:21Z,1078,11,10,10,0,0,1,1,1,1785493821
2026-07-31T11:00:21Z,1079,11,8,10,0,0,1,1,1,1785494447
2026-07-31T11:00:21Z,1080,10,8,10,1,0,1,1,1,1785495049
2026-07-31T11:00:21Z,1081,13,8,6,0,0,1,1,1,1785495433
2026-07-31T11:00:21Z,1082,7,7,1,0,0,1,1,1,1785494909
2026-07-31T11:00:21Z,1083,13,11,8,0,0,1,1,1,1785494718
2026-07-31T11:00:21Z,1084,9,8,12,0,0,1,1,1,1785494334
2026-07-31T11:00:21Z,1085,10,10,11,0,0,1,1,1,1785493982
2026-07-31T11:00:21Z,1086,0,0,20,1,0,1,1,1,1785494687
2026-07-31T11:00:21Z,1087,12,7,3,0,0,1,1,1,1785493871
2026-07-31T11:00:21Z,1088,10,7,5,0,0,1,1,1,1785494630
2026-07-31T11:00:21Z,1089,5,3,10,0,0,1,1,1,1785494983
2026-07-31T11:00:21Z,1090,10,9,5,0,0,1,1,1,1785495514
2026-07-31T11:00:21Z,1091,12,7,3,0,0,1,1,1,1785495427
2026-07-31T11:00:21Z,1092,9,9,5,1,0,1,1,1,1785494973
2026-07-31T11:00:21Z,1093,7,6,8,0,0,1,1,1,1785495335
2026-07-31T11:00:21Z,1094,11,9,7,1,0,1,1,1,1785495381
2026-07-31T11:00:21Z,1095,8,7,7,0,0,1,1,1,1785495275
2026-07-31T11:00:21Z,1096,3,1,15,1,0,1,1,1,1785494947
2026-07-31T11:00:21Z,1097,9,9,6,0,0,1,1,1,1785495160
2026-07-31T11:00:21Z,1098,9,7,10,0,0,1,1,1,1785495503
2026-07-31T11:00:21Z,1099,7,6,8,0,0,1,1,1,1785494417
2026-07-31T11:00:21Z,1100,8,4,21,0,0,1,1,1,1785493678
2026-07-31T11:00:21Z,1101,9,5,12,0,0,1,1,1,1785494312
2026-07-31T11:00:21Z,1102,9,4,4,0,0,1,1,1,1785495408
2026-07-31T11:00:21Z,1103,10,5,11,0,0,1,1,1,1785487895
2026-07-31T11:00:21Z,1104,10,5,11,0,0,1,1,1,1785494067
2026-07-31T11:00:21Z,1105,8,4,5,0,0,1,1,1,1785495294
2026-07-31T11:00:21Z,1106,10,5,11,0,0,1,1,1,1785494408
2026-07-31T11:00:21Z,1107,9,5,6,0,0,1,1,1,1785494696
2026-07-31T11:00:21Z,1108,8,4,16,2,1,1,1,1,1785495198
2026-07-31T11:00:21Z,1109,6,1,9,0,0,1,1,1,1785494651
2026-07-31T11:00:21Z,1110,12,4,9,0,0,1,1,1,1785493937
2026-07-31T11:00:21Z,1111,3,2,18,0,0,1,1,1,1785475740
2026-07-31T11:00:21Z,1112,37,0,16,0,0,1,1,1,1785495074
2026-07-31T11:00:21Z,1113,1,0,20,0,0,1,1,1,1785493891
2026-07-31T11:00:21Z,1115,17,5,3,3,0,1,1,1,1785495105
2026-07-31T11:00:21Z,1116,5,1,14,0,0,1,1,1,1785494602
2026-07-31T11:00:21Z,1117,13,3,9,1,0,1,1,1,1785494986
2026-07-31T11:00:21Z,1118,17,1,2,2,0,1,1,1,1785495070
2026-07-31T11:00:21Z,1119,12,1,4,1,0,1,1,1,1785495615
2026-07-31T11:00:21Z,1120,13,0,6,0,0,1,1,1,1785494684
2026-07-31T11:00:21Z,1121,12,1,6,3,0,1,1,1,1785495051
2026-07-31T11:00:21Z,1122,14,9,4,3,0,1,1,1,1785495080
2026-07-31T11:00:21Z,1123,5,2,16,2,0,1,1,1,1785494368
2026-07-31T11:00:21Z,1124,11,3,1,3,0,1,1,1,1785495537
2026-07-31T11:00:21Z,1125,15,1,8,0,0,1,1,1,1785494884
2026-07-31T11:00:21Z,1126,4,0,16,1,0,1,1,1,1785494041
2026-07-31T11:00:21Z,1127,5,0,13,1,0,1,1,1,1785495396
2026-07-31T11:00:21Z,1128,14,2,0,1,0,1,1,1,1785494602
2026-07-31T11:00:21Z,1129,1,1,19,1,0,1,1,1,1785494639
2026-07-31T11:00:21Z,1130,8,0,7,0,0,1,1,1,1785495578
2026-07-31T11:00:21Z,1131,0,0,48,1,0,1,1,1,1785495393
2026-07-31T11:00:21Z,1132,13,6,7,1,0,1,1,1,1785494323
2026-07-31T11:00:21Z,1133,15,12,4,2,0,1,1,1,1785495535
2026-07-31T11:00:21Z,1134,10,5,9,0,0,1,1,1,1785495109
2026-07-31T11:00:21Z,1135,10,5,11,0,0,1,1,1,1785494207
2026-07-31T11:00:21Z,1136,6,0,17,0,0,1,1,1,1785495284
2026-07-31T11:00:21Z,1137,13,0,2,0,0,1,1,1,1785494521
2026-07-31T11:00:21Z,1138,16,3,3,0,0,1,1,1,1785495313
2026-07-31T11:00:21Z,1139,17,4,3,1,0,1,1,1,1785495090
2026-07-31T11:00:21Z,1140,21,2,1,1,0,1,1,1,1785494321
2026-07-31T11:00:21Z,1141,2,0,19,0,0,1,1,1,1785495527
2026-07-31T11:00:21Z,1142,2,0,19,0,0,1,1,1,1785495239
2026-07-31T11:00:21Z,1143,18,0,10,1,0,1,1,1,1785494502
2026-07-31T11:00:21Z,1144,7,1,13,1,0,1,1,1,1785494843
2026-07-31T11:00:21Z,1145,13,6,7,1,0,1,1,1,1785494985
2026-07-31T11:00:21Z,1146,7,0,8,4,0,1,1,1,1785495313
2026-07-31T11:00:21Z,1147,3,0,16,0,0,1,1,1,1785494529
2026-07-31T11:00:21Z,1148,24,6,7,0,0,1,1,1,1785495295
2026-07-31T11:00:21Z,1149,4,3,21,0,0,1,1,1,1785494517
2026-07-31T11:00:21Z,1150,16,0,3,0,0,1,1,1,1785495069
2026-07-31T11:00:21Z,1151,12,0,9,0,0,1,1,1,1785495250
2026-07-31T11:00:21Z,1152,21,0,8,0,0,1,1,1,1785495542
2026-07-31T11:00:21Z,1153,20,6,2,1,0,1,1,1,1785495139
2026-07-31T11:00:21Z,1154,13,1,6,0,0,1,1,1,1785494031
2026-07-31T11:00:21Z,1155,16,7,4,1,0,1,1,1,1785495268
2026-07-31T11:00:21Z,1158,3,0,15,1,0,1,1,1,1785494492
2026-07-31T11:00:21Z,1159,13,1,6,0,0,1,1,1,1785494847
2026-07-31T11:00:21Z,1160,8,1,10,1,0,1,1,1,1785495581
2026-07-31T11:00:21Z,1161,3,0,15,1,0,1,1,1,1785494982
2026-07-31T11:00:21Z,1162,2,1,17,0,0,1,1,1,1785495232
2026-07-31T11:00:21Z,1163,1,1,17,1,0,1,1,1,1785494610
2026-07-31T11:00:21Z,1164,6,1,13,0,0,1,1,1,1785494668
2026-07-31T11:00:21Z,1165,5,0,16,0,0,1,1,1,1785495401
2026-07-31T11:00:21Z,1166,12,2,8,1,0,1,1,1,1785494917
2026-07-31T11:00:21Z,1167,4,0,11,0,0,1,1,1,1785494374
2026-07-31T11:00:21Z,1168,1,1,21,1,0,1,1,1,1785495202
2026-07-31T11:00:21Z,1169,3,0,15,1,0,1,1,1,1785494514
2026-07-31T11:00:21Z,1170,6,0,14,1,0,1,1,1,1785494887
2026-07-31T11:00:21Z,1171,7,6,15,1,0,1,1,1,1785494561
2026-07-31T11:00:21Z,1172,6,2,7,2,0,1,1,1,1785494782
2026-07-31T11:00:21Z,1173,13,5,6,0,0,1,1,1,1785494763
2026-07-31T11:00:21Z,1174,7,4,8,0,0,1,1,1,1785494442
2026-07-31T11:00:21Z,1175,6,3,13,0,0,1,1,1,1785494939
2026-07-31T11:00:21Z,1176,19,1,2,0,0,1,1,1,1785493969
2026-07-31T11:00:21Z,1177,3,1,18,0,0,1,1,1,1785494735
2026-07-31T11:00:21Z,1178,2,1,13,0,0,1,1,1,1785494408
2026-07-31T11:00:21Z,1181,11,0,3,1,0,1,1,1,1785492552
2026-07-31T11:00:21Z,1182,3,0,17,0,0,1,1,1,1785495225
2026-07-31T11:00:21Z,1183,2,0,41,2,0,1,1,1,1785494469
2026-07-31T11:00:21Z,1184,11,5,9,1,0,1,1,1,1785495465
2026-07-31T11:00:21Z,1185,10,5,11,0,0,1,1,1,1785494021
2026-07-31T11:00:21Z,1186,9,5,10,0,0,1,1,1,1785495032
2026-07-31T11:00:21Z,1187,12,6,8,1,0,1,1,1,1785495374
2026-07-31T11:00:21Z,1188,10,5,5,0,0,1,1,1,1785494702
2026-07-31T11:00:21Z,1189,10,5,9,0,0,1,1,1,1785494792
2026-07-31T11:00:21Z,1190,10,5,11,0,0,1,1,1,1785494188
2026-07-31T11:00:21Z,1191,10,5,5,0,0,1,1,1,1785494709
2026-07-31T11:00:21Z,1192,10,6,10,1,0,1,1,1,1785494555
2026-07-31T11:00:21Z,1193,6,4,5,2,0,1,1,1,1785495542
2026-07-31T11:00:21Z,1197,9,6,7,1,0,1,1,1,1785495489
2026-07-31T11:00:21Z,1198,14,4,5,2,0,1,1,1,1785495080
2026-07-31T11:00:21Z,1199,2,0,17,0,0,1,1,1,1785495091
2026-07-31T11:00:21Z,1200,11,5,4,0,0,1,1,1,1785494745
2026-07-31T11:00:21Z,1201,11,5,4,0,0,1,1,1,1785494722
2026-07-31T11:00:21Z,1202,12,6,3,0,0,1,1,1,1785494823
2026-07-31T11:00:21Z,1203,10,5,5,0,0,1,1,1,1785495293
2026-07-31T11:00:21Z,1204,7,3,11,1,0,1,1,1,1785494468
2026-07-31T11:00:21Z,1206,11,5,10,0,0,1,1,1,1785495503
2026-07-31T11:00:21Z,1207,8,4,6,1,0,1,1,1,1785495035
2026-07-31T11:00:21Z,1208,7,2,11,1,0,1,1,1,1785494946
2026-07-31T11:00:21Z,1216,7,0,13,1,0,1,1,1,1785493916
2026-07-31T11:00:21Z,1218,4,0,17,0,0,1,1,1,1785494310
2026-07-31T11:00:21Z,1219,6,1,8,1,0,1,1,1,1785494172
2026-07-31T11:00:21Z,1220,14,7,4,1,0,1,1,1,1785494041
2026-07-31T11:00:21Z,1221,1,1,19,1,0,1,1,1,1785495439
2026-07-31T11:00:21Z,1222,28,1,1,0,0,1,1,1,1785494572
2026-07-31T11:00:21Z,1223,22,0,7,0,0,1,1,1,1785495465
2026-07-31T11:00:21Z,1226,0,0,3,0,0,0,1,1,1781868931
2026-07-31T11:00:21Z,1227,21,1,4,0,0,1,1,1,1785494414
2026-07-31T11:00:21Z,1228,15,0,13,1,0,1,1,1,1785495502
2026-07-31T11:00:21Z,1229,35,1,10,0,0,1,1,1,1785495568
2026-07-31T11:05:21Z,1,4,0,19,0,0,1,1,1,1785494930
2026-07-31T11:05:21Z,2,21,0,3,3,0,1,1,1,1785492483
2026-07-31T11:05:21Z,3,8,0,5,1,0,1,1,1,1785495313
2026-07-31T11:05:21Z,4,1,0,20,1,0,1,1,1,1785487895
2026-07-31T11:05:21Z,5,10,3,12,1,0,1,1,1,1785495606
2026-07-31T11:05:21Z,6,4,0,11,0,0,1,1,1,1785495229
2026-07-31T11:05:21Z,7,1,0,38,0,0,1,1,1,1785492363
2026-07-31T11:05:21Z,8,1,1,42,0,0,1,1,1,1785494804
2026-07-31T11:05:21Z,9,2,1,20,1,0,1,1,1,1785495678
2026-07-31T11:05:21Z,10,1,0,20,2,0,1,1,1,1785495599
2026-07-31T11:05:21Z,11,16,6,2,1,0,1,1,1,1785494936
2026-07-31T11:05:21Z,12,0,0,23,0,0,1,1,1,1785490105
2026-07-31T11:05:21Z,13,11,0,19,0,0,1,1,1,1785488834
2026-07-31T11:05:21Z,14,4,0,38,0,1,1,1,1,1785494830
2026-07-31T11:05:21Z,15,3,0,12,0,0,1,1,1,1785488861
2026-07-31T11:05:21Z,16,8,0,16,2,1,1,1,1,1785487292
2026-07-31T11:05:21Z,17,6,0,20,1,0,1,1,1,1785495851
2026-07-31T11:05:21Z,18,6,0,10,2,0,1,1,1,1785494953
2026-07-31T11:05:21Z,19,12,0,14,1,0,1,1,1,1785495614
2026-07-31T11:05:21Z,20,31,0,4,0,0,1,1,1,1785491965
2026-07-31T11:05:21Z,21,5,0,13,1,0,1,1,1,1785495624
2026-07-31T11:05:21Z,22,20,0,44,1,0,1,1,1,1785495405
2026-07-31T11:05:21Z,23,11,5,20,0,0,1,1,1,1785495531
2026-07-31T11:05:21Z,24,1,0,8,2,0,1,1,1,1785495912
2026-07-31T11:05:21Z,25,3,2,77,0,1,1,1,1,1785495910
2026-07-31T11:05:21Z,26,1,0,26,0,0,1,1,1,1785491464
2026-07-31T11:05:21Z,28,11,3,4,0,0,1,1,1,1785495670
2026-07-31T11:05:21Z,30,2,1,26,1,0,1,1,1,1785495459
2026-07-31T11:05:21Z,31,0,0,17,2,0,1,1,1,1785495690
2026-07-31T11:05:21Z,32,17,0,10,0,0,1,1,1,1785495139
2026-07-31T11:05:21Z,34,7,2,29,1,0,1,1,1,1785495825
2026-07-31T11:05:21Z,35,5,3,41,1,0,1,1,1,1785495824
2026-07-31T11:05:21Z,36,0,0,0,0,0,0,1,1,86400
2026-07-31T11:05:21Z,37,1,0,22,0,0,1,1,1,1785495848
2026-07-31T11:05:21Z,38,1,0,22,0,0,1,1,1,1785490318
2026-07-31T11:05:21Z,39,22,5,17,0,0,1,1,1,1785495289
2026-07-31T11:05:21Z,40,19,0,1,1,0,1,1,1,1785495818
2026-07-31T11:05:21Z,41,6,3,36,1,0,1,1,1,1785495782
2026-07-31T11:05:21Z,42,31,8,0,0,0,1,1,1,1785472558
2026-07-31T11:05:21Z,43,5,0,18,0,0,1,1,1,1785490390
2026-07-31T11:05:21Z,45,4,2,24,1,0,1,1,1,1785495461
2026-07-31T11:05:21Z,46,10,1,21,0,0,1,1,1,1785495780
2026-07-31T11:05:21Z,47,10,6,4,1,0,1,1,1,1785495668
2026-07-31T11:05:21Z,48,21,0,6,0,0,1,1,1,1785494874
2026-07-31T11:05:21Z,49,5,0,15,3,0,1,1,1,1785495907
2026-07-31T11:05:21Z,50,18,11,1,0,0,1,1,1,1785495744
2026-07-31T11:05:21Z,51,68,0,9,0,0,1,1,1,1785487292
2026-07-31T11:05:21Z,52,1,0,23,3,0,1,1,1,1785495748
2026-07-31T11:05:21Z,55,2,1,21,0,0,1,1,1,1785495312
2026-07-31T11:05:21Z,56,2,0,41,0,0,1,1,1,1785495645
2026-07-31T11:05:21Z,57,0,0,27,0,0,1,1,1,1785494456
2026-07-31T11:05:21Z,58,2,1,26,0,0,1,1,1,1785495616
2026-07-31T11:05:21Z,59,3,0,22,2,0,1,1,1,1785495899
2026-07-31T11:05:21Z,61,2,1,37,0,0,1,1,1,1785491414
2026-07-31T11:05:21Z,62,9,4,39,1,0,1,1,1,1785495170
2026-07-31T11:05:21Z,63,12,0,7,0,0,1,1,1,1785495212
2026-07-31T11:05:21Z,64,10,1,5,4,0,1,1,1,1785493091
2026-07-31T11:05:21Z,65,16,7,2,1,0,1,1,1,1785491350
2026-07-31T11:05:21Z,67,18,0,21,0,0,1,1,1,1785495722
2026-07-31T11:05:21Z,68,2,0,35,0,0,1,1,1,1785495122
2026-07-31T11:05:21Z,69,11,0,4,0,0,1,1,1,1785495677
2026-07-31T11:05:21Z,71,4,0,22,1,0,1,1,1,1785494768
2026-07-31T11:05:21Z,72,20,5,9,2,0,1,1,1,1785494665
2026-07-31T11:05:21Z,73,5,0,26,0,0,1,1,1,1785495341
2026-07-31T11:05:21Z,74,11,5,8,0,0,1,1,1,1785495797
2026-07-31T11:05:21Z,75,4,0,27,1,0,1,1,1,1785495138
2026-07-31T11:05:21Z,76,18,0,0,1,0,1,1,1,1785495916
2026-07-31T11:05:21Z,77,24,0,2,1,0,1,1,1,1785494000
2026-07-31T11:05:21Z,78,8,4,14,1,0,1,1,1,1785495835
2026-07-31T11:05:21Z,79,3,3,13,1,0,1,1,1,1785494899
2026-07-31T11:05:21Z,80,17,1,3,3,0,1,1,1,1785495820
2026-07-31T11:05:21Z,81,5,1,26,0,0,1,1,1,1785495915
2026-07-31T11:05:21Z,82,14,1,9,0,0,1,1,1,1785495226
2026-07-31T11:05:21Z,83,7,2,25,2,0,1,1,1,1785495836
2026-07-31T11:05:21Z,84,23,0,4,0,0,1,1,1,1785493962
2026-07-31T11:05:21Z,85,3,1,12,0,0,1,1,1,1785495661
2026-07-31T11:05:21Z,86,25,0,1,1,0,1,1,1,1785486691
2026-07-31T11:05:21Z,87,10,0,9,0,0,1,1,1,1785488201
2026-07-31T11:05:21Z,88,4,0,37,2,0,1,1,1,1785495725
2026-07-31T11:05:21Z,89,22,0,13,0,0,1,1,1,1785487292
2026-07-31T11:05:21Z,90,6,2,10,2,0,1,1,1,1785495721
2026-07-31T11:05:21Z,91,13,0,4,0,0,1,1,1,1785490693
2026-07-31T11:05:21Z,92,10,2,6,3,0,1,1,1,1785495915
2026-07-31T11:05:21Z,93,1,0,22,0,0,1,1,1,1785494591
2026-07-31T11:05:21Z,94,3,0,15,1,0,1,1,1,1785492659
2026-07-31T11:05:21Z,95,24,1,8,2,1,1,1,1,1785495710
2026-07-31T11:05:21Z,96,28,0,2,1,0,1,1,1,1785491842
2026-07-31T11:05:21Z,97,1,1,15,1,0,1,1,1,1785495621
2026-07-31T11:05:21Z,98,22,0,12,1,0,1,1,1,1785495695
2026-07-31T11:05:21Z,99,3,0,12,0,0,1,1,1,1785495473
2026-07-31T11:05:21Z,100,1,0,26,0,0,1,1,1,1785494789
2026-07-31T11:05:21Z,101,1,0,13,1,0,1,1,1,1785494152
2026-07-31T11:05:21Z,102,0,0,23,0,0,1,1,1,1785487553
2026-07-31T11:05:21Z,103,11,1,19,0,0,1,1,1,1785495893
2026-07-31T11:05:21Z,104,0,0,25,2,0,1,1,1,1785495912
2026-07-31T11:05:21Z,105,14,1,5,0,0,1,1,1,1785495616
2026-07-31T11:05:21Z,106,2,0,19,0,0,1,1,1,1785494608
2026-07-31T11:05:21Z,107,1,1,36,0,0,1,1,1,1785495502
2026-07-31T11:05:21Z,108,10,2,24,1,0,1,1,1,1785494508
2026-07-31T11:05:21Z,109,19,0,4,0,0,1,1,1,1785495854
2026-07-31T11:05:21Z,110,12,0,11,0,0,1,1,1,1785493883
2026-07-31T11:05:21Z,111,0,0,36,0,0,1,1,1,1785494653
2026-07-31T11:05:21Z,112,1,0,13,1,0,1,1,1,1785494789
2026-07-31T11:05:21Z,113,6,0,11,2,0,1,1,1,1785495777
2026-07-31T11:05:21Z,114,6,6,23,1,1,1,1,1,1785495869
2026-07-31T11:05:21Z,115,5,2,22,1,0,1,1,1,1785494872
2026-07-31T11:05:21Z,116,3,3,23,1,0,1,1,1,1785487594
2026-07-31T11:05:21Z,118,20,9,0,3,0,1,1,1,1785495475
2026-07-31T11:05:21Z,119,25,2,9,4,0,1,1,1,1785495592
2026-07-31T11:05:21Z,120,22,1,4,1,0,1,1,1,1785494877
2026-07-31T11:05:21Z,121,2,1,16,0,1,1,1,1,1785495881
2026-07-31T11:05:21Z,122,9,1,11,1,0,1,1,1,1785495609
2026-07-31T11:05:21Z,123,8,2,39,0,0,1,1,1,1785495830
2026-07-31T11:05:21Z,124,29,0,6,0,0,1,1,1,1785495702
2026-07-31T11:05:21Z,125,7,4,16,0,0,1,1,1,1785495799
2026-07-31T11:05:21Z,126,23,1,8,0,0,1,1,1,1785495872
2026-07-31T11:05:21Z,127,10,2,24,1,0,1,1,1,1785495641
2026-07-31T11:05:21Z,128,17,1,2,0,0,1,1,1,1785490685
2026-07-31T11:05:21Z,129,16,1,1,2,0,1,1,1,1785495046
2026-07-31T11:05:21Z,130,5,1,12,0,0,1,1,1,1785495263
2026-07-31T11:05:21Z,131,9,3,0,2,0,1,1,1,1785495384
2026-07-31T11:05:21Z,132,13,6,1,0,1,1,1,1,1785494491
2026-07-31T11:05:21Z,134,4,0,14,5,0,1,1,1,1785495678
2026-07-31T11:05:21Z,135,5,4,13,1,0,1,1,1,1785495502
2026-07-31T11:05:21Z,136,5,0,9,2,7,1,1,1,1785495896
2026-07-31T11:05:21Z,137,7,1,12,0,0,1,1,1,1785495882
2026-07-31T11:05:21Z,138,35,2,2,0,0,1,1,1,1785495723
2026-07-31T11:05:21Z,139,15,3,4,0,0,1,1,1,1785495424
2026-07-31T11:05:21Z,140,9,6,13,1,0,1,1,1,1785495914
2026-07-31T11:05:21Z,141,30,0,6,0,0,1,1,1,1785495781
2026-07-31T11:05:21Z,142,22,1,1,0,0,1,1,1,1785494365
2026-07-31T11:05:21Z,143,12,2,18,1,0,1,1,1,1785495874
2026-07-31T11:05:21Z,144,23,0,4,0,0,1,1,1,1785495520
2026-07-31T11:05:21Z,146,5,1,17,1,0,1,1,1,1785495397
2026-07-31T11:05:21Z,147,11,2,6,2,0,1,1,1,1785495722
2026-07-31T11:05:21Z,148,21,0,5,0,1,1,1,1,1785495907
2026-07-31T11:05:21Z,149,17,3,9,1,0,1,1,1,1785495142
2026-07-31T11:05:21Z,150,22,6,10,3,0,1,1,1,1785495838
2026-07-31T11:05:21Z,151,18,6,5,0,0,1,1,1,1785495470
2026-07-31T11:05:21Z,152,17,2,6,4,0,1,1,1,1785495901
2026-07-31T11:05:21Z,153,17,2,8,6,0,1,1,1,1785495865
2026-07-31T11:05:21Z,154,17,2,3,3,0,1,1,1,1785495912
2026-07-31T11:05:21Z,155,10,4,3,1,0,1,1,1,1785495637
2026-07-31T11:05:21Z,156,12,1,7,0,0,1,1,1,1785495804
2026-07-31T11:05:21Z,157,12,0,13,2,0,1,1,1,1785495843
2026-07-31T11:05:21Z,158,16,2,0,0,0,1,1,1,1785495734
2026-07-31T11:05:21Z,159,2,1,17,0,0,1,1,1,1785494564
2026-07-31T11:05:21Z,160,17,1,2,0,0,1,1,1,1785494960
2026-07-31T11:05:21Z,161,20,4,2,0,0,1,1,1,1785495783
2026-07-31T11:05:21Z,162,11,0,15,1,0,1,1,1,1785494928
2026-07-31T11:05:21Z,163,23,2,7,0,1,1,1,1,1785495862
2026-07-31T11:05:21Z,164,24,6,2,1,0,1,1,1,1785495354
2026-07-31T11:05:21Z,165,20,10,10,1,0,1,1,1,1785495771
2026-07-31T11:05:21Z,166,32,8,3,4,0,1,1,1,1785495914
2026-07-31T11:05:21Z,167,18,9,3,2,0,1,1,1,1785495810
2026-07-31T11:05:21Z,168,15,0,10,2,0,1,1,1,1785495895
2026-07-31T11:05:21Z,169,0,0,22,0,1,1,1,1,1785495705
2026-07-31T11:05:21Z,170,16,4,2,1,0,1,1,1,1785495899
2026-07-31T11:05:21Z,171,7,2,4,2,0,1,1,1,1785495866
2026-07-31T11:05:21Z,173,38,0,1,0,0,1,1,1,1785495912
2026-07-31T11:05:21Z,174,20,1,4,2,0,1,1,1,1785494757
2026-07-31T11:05:21Z,175,7,0,24,0,0,1,1,1,1785494988
2026-07-31T11:05:21Z,176,6,1,8,0,1,1,1,1,1785495213
2026-07-31T11:05:21Z,177,18,1,9,0,0,1,1,1,1785495051
2026-07-31T11:05:21Z,178,2,0,10,2,1,1,1,1,1785495911
2026-07-31T11:05:21Z,179,12,1,2,1,0,1,1,1,1785495744
2026-07-31T11:05:21Z,180,2,0,27,1,0,1,1,1,1785495773
2026-07-31T11:05:21Z,181,11,0,3,1,0,1,1,1,1785495767
2026-07-31T11:05:21Z,182,11,1,6,0,0,1,1,1,1785494826
2026-07-31T11:05:21Z,183,12,0,11,0,0,1,1,1,1785494891
2026-07-31T11:05:21Z,184,4,1,18,1,0,1,1,1,1785495797
2026-07-31T11:05:21Z,185,11,1,1,2,1,1,1,1,1785493425
2026-07-31T11:05:21Z,186,3,0,16,0,0,1,1,1,1785492102
2026-07-31T11:05:21Z,187,10,0,17,1,0,1,1,1,1785495039
2026-07-31T11:05:21Z,188,11,0,8,7,1,1,1,1,1785495863
2026-07-31T11:05:21Z,189,14,4,1,0,0,1,1,1,1785493971
2026-07-31T11:05:21Z,190,4,0,19,0,0,1,1,1,1785495731
2026-07-31T11:05:21Z,191,2,0,37,0,0,1,1,1,1785494702
2026-07-31T11:05:21Z,192,11,3,17,3,0,1,1,1,1785495088
2026-07-31T11:05:21Z,193,3,0,12,0,0,1,1,1,1785495904
2026-07-31T11:05:21Z,194,12,1,14,1,0,1,1,1,1785495357
2026-07-31T11:05:21Z,195,11,3,8,0,0,1,1,1,1785495900
2026-07-31T11:05:21Z,196,17,1,10,0,0,1,1,1,1785495757
2026-07-31T11:05:21Z,197,16,3,1,1,1,1,1,1,1785489625
2026-07-31T11:05:21Z,198,17,15,6,0,0,1,1,1,1785494878
2026-07-31T11:05:21Z,199,4,4,7,4,0,1,1,1,1785495063
2026-07-31T11:05:21Z,200,12,0,13,1,0,1,1,1,1785492701
2026-07-31T11:05:21Z,201,4,1,19,0,0,1,1,1,1785495870
2026-07-31T11:05:21Z,202,0,0,27,0,0,1,1,1,1785494022
2026-07-31T11:05:21Z,203,26,2,4,1,0,1,1,1,1785495170
2026-07-31T11:05:21Z,204,27,0,7,1,0,1,1,1,1785495550
2026-07-31T11:05:21Z,205,11,1,16,0,0,1,1,1,1785495851
2026-07-31T11:05:21Z,206,2,2,12,1,0,1,1,1,1785495327
2026-07-31T11:05:21Z,207,12,0,9,0,0,1,1,1,1785495428
2026-07-31T11:05:21Z,208,4,0,25,0,0,1,1,1,1785495303
2026-07-31T11:05:21Z,209,5,0,23,3,0,1,1,1,1785495866
2026-07-31T11:05:21Z,210,25,2,2,0,0,1,1,1,1785495656
2026-07-31T11:05:21Z,211,13,6,9,1,0,1,1,1,1785495115
2026-07-31T11:05:21Z,212,24,0,10,1,0,1,1,1,1785495742
2026-07-31T11:05:21Z,213,11,1,10,2,0,1,1,1,1785495860
2026-07-31T11:05:21Z,214,23,0,22,2,0,1,1,1,1785495895
2026-07-31T11:05:21Z,215,5,2,17,1,0,1,1,1,1785492966
2026-07-31T11:05:21Z,216,7,0,11,1,0,1,1,1,1785491552
2026-07-31T11:05:21Z,217,11,0,17,1,0,1,1,1,1785495902
2026-07-31T11:05:21Z,218,19,5,18,2,0,1,1,1,1785495441
2026-07-31T11:05:21Z,219,3,1,22,1,0,1,1,1,1785495747
2026-07-31T11:05:21Z,220,24,6,17,1,1,1,1,1,1785495869
2026-07-31T11:05:21Z,221,11,7,2,2,0,1,1,1,1785495660
2026-07-31T11:05:21Z,222,9,9,7,3,0,1,1,1,1785495823
2026-07-31T11:05:21Z,223,7,3,25,3,0,1,1,1,1785495816
2026-07-31T11:05:21Z,224,6,4,15,1,0,1,1,1,1785495727
2026-07-31T11:05:21Z,225,12,0,1,6,0,1,1,1,1785495391
2026-07-31T11:05:21Z,226,28,8,2,1,0,1,1,1,1785495706
2026-07-31T11:05:21Z,227,23,14,2,1,1,1,1,1,1785494494
2026-07-31T11:05:21Z,228,2,0,16,1,0,1,1,1,1785495859
2026-07-31T11:05:21Z,230,16,9,10,0,0,1,1,1,1785495828
2026-07-31T11:05:21Z,232,11,7,5,1,0,1,1,1,1785495797
2026-07-31T11:05:21Z,233,17,0,12,2,0,1,1,1,1785495030
2026-07-31T11:05:21Z,234,8,3,6,3,2,1,1,1,1785495478
2026-07-31T11:05:21Z,236,10,1,9,0,0,1,1,1,1785495587
2026-07-31T11:05:21Z,237,20,4,2,1,0,1,1,1,1785492227
2026-07-31T11:05:21Z,239,21,17,3,3,0,1,1,1,1785495711
2026-07-31T11:05:21Z,241,18,6,4,1,0,1,1,1,1785495737
2026-07-31T11:05:21Z,242,3,2,19,1,0,1,1,1,1785493793
2026-07-31T11:05:21Z,243,9,0,21,1,0,1,1,1,1785495008
2026-07-31T11:05:21Z,244,15,2,11,1,0,1,1,1,1785494996
2026-07-31T11:05:21Z,245,6,4,17,0,0,1,1,1,1785490437
2026-07-31T11:05:21Z,246,14,0,9,0,0,1,1,1,1785494804
2026-07-31T11:05:21Z,247,11,10,11,1,0,1,1,1,1785495667
2026-07-31T11:05:21Z,248,18,4,2,3,0,1,1,1,1785494594
2026-07-31T11:05:21Z,249,5,2,14,0,0,1,1,1,1785495511
2026-07-31T11:05:21Z,250,23,7,4,0,0,1,1,1,1785494630
2026-07-31T11:05:21Z,251,19,4,5,3,0,1,1,1,1785494879
2026-07-31T11:05:21Z,253,9,4,10,0,0,1,1,1,1785494823
2026-07-31T11:05:21Z,254,26,20,16,1,0,1,1,1,1785494890
2026-07-31T11:05:21Z,255,1,0,21,1,1,1,1,1,1785495748
2026-07-31T11:05:21Z,256,7,3,14,2,0,1,1,1,1785494877
2026-07-31T11:05:21Z,257,13,4,6,0,0,1,1,1,1785495813
2026-07-31T11:05:21Z,258,1,1,18,0,0,1,1,1,1785493898
2026-07-31T11:05:21Z,259,19,3,3,0,1,1,1,1,1785494976
2026-07-31T11:05:21Z,260,11,2,5,3,0,1,1,1,1785494547
2026-07-31T11:05:21Z,261,13,0,4,1,1,1,1,1,1785495684
2026-07-31T11:05:21Z,262,14,8,7,2,0,1,1,1,1785495761
2026-07-31T11:05:21Z,263,13,3,2,0,0,1,1,1,1785493338
2026-07-31T11:05:21Z,264,12,2,4,3,0,1,1,1,1785495069
2026-07-31T11:05:21Z,265,12,0,3,0,0,1,1,1,1785495664
2026-07-31T11:05:21Z,266,12,7,5,2,0,1,1,1,1785495521
2026-07-31T11:05:21Z,267,7,3,6,2,0,1,1,1,1785484888
2026-07-31T11:05:21Z,268,23,9,0,0,0,1,1,1,1785484887
2026-07-31T11:05:21Z,269,9,3,14,0,0,1,1,1,1785494811
2026-07-31T11:05:21Z,270,23,1,4,0,0,1,1,1,1785491481
2026-07-31T11:05:21Z,271,2,0,15,2,0,1,1,1,1785495095
2026-07-31T11:05:21Z,272,13,13,10,0,0,1,1,1,1785495153
2026-07-31T11:05:21Z,273,13,5,2,0,0,1,1,1,1785492772
2026-07-31T11:05:21Z,274,16,6,2,1,0,1,1,1,1785495416
2026-07-31T11:05:21Z,275,13,0,6,2,2,1,1,1,1785495637
2026-07-31T11:05:21Z,276,2,1,25,0,0,1,1,1,1785495487
2026-07-31T11:05:21Z,277,11,1,7,5,0,1,1,1,1785495319
2026-07-31T11:05:21Z,278,20,2,8,2,1,1,1,1,1785495880
2026-07-31T11:05:21Z,279,18,1,1,0,0,1,1,1,1785495228
2026-07-31T11:05:21Z,280,9,2,19,3,0,1,1,1,1785495746
2026-07-31T11:05:21Z,281,19,0,0,0,0,1,1,1,1785486089
2026-07-31T11:05:21Z,282,5,2,13,0,0,1,1,1,1785484887
2026-07-31T11:05:21Z,283,33,1,2,0,0,1,1,1,1785495390
2026-07-31T11:05:21Z,284,16,3,17,2,0,1,1,1,1785492919
2026-07-31T11:05:21Z,285,8,7,15,0,0,1,1,1,1785485188
2026-07-31T11:05:21Z,286,16,15,3,4,0,1,1,1,1785495570
2026-07-31T11:05:21Z,287,14,4,6,3,0,1,1,1,1785492851
2026-07-31T11:05:21Z,288,12,8,7,0,0,1,1,1,1785495596
2026-07-31T11:05:21Z,289,22,2,2,3,0,1,1,1,1785495370
2026-07-31T11:05:21Z,290,9,0,29,1,0,1,1,1,1785494483
2026-07-31T11:05:21Z,291,8,1,13,2,0,1,1,1,1785495615
2026-07-31T11:05:21Z,292,21,0,1,1,0,1,1,1,1785495162
2026-07-31T11:05:21Z,293,17,10,6,0,0,1,1,1,1785486991
2026-07-31T11:05:21Z,294,1,1,20,1,0,1,1,1,1785493458
2026-07-31T11:05:21Z,297,14,4,3,1,1,1,1,1,1785494465
2026-07-31T11:05:21Z,301,17,0,2,0,0,1,1,1,1785495825
2026-07-31T11:05:21Z,302,1,0,22,0,0,1,1,1,1785495703
2026-07-31T11:05:21Z,303,17,0,2,0,0,1,1,1,1785494091
2026-07-31T11:05:21Z,304,0,0,0,0,0,0,1,1,86400
2026-07-31T11:05:21Z,305,5,0,13,1,0,1,1,1,1785495911
2026-07-31T11:05:21Z,306,3,0,28,1,0,1,1,1,1785495144
2026-07-31T11:05:21Z,307,18,1,3,1,1,1,1,1,1785495864
2026-07-31T11:05:21Z,308,15,0,2,2,0,1,1,1,1785495280
2026-07-31T11:05:21Z,309,12,3,1,1,0,1,1,1,1785495417
2026-07-31T11:05:21Z,311,15,0,0,0,0,1,1,1,1785486992
2026-07-31T11:05:21Z,312,3,1,15,4,1,1,1,1,1785495874
2026-07-31T11:05:21Z,313,3,1,12,0,0,1,1,1,1785486991
2026-07-31T11:05:21Z,314,4,3,11,3,0,1,1,1,1785486991
2026-07-31T11:05:21Z,315,23,6,6,2,0,1,1,1,1785491768
2026-07-31T11:05:21Z,316,1,0,23,6,1,1,1,1,1785495785
2026-07-31T11:05:21Z,317,0,0,30,0,1,1,1,1,1785495719
2026-07-31T11:05:21Z,318,16,0,3,0,0,1,1,1,1785486991
2026-07-31T11:05:21Z,319,19,3,3,1,0,1,1,1,1785495334
2026-07-31T11:05:21Z,320,16,5,2,1,0,1,1,1,1785495214
2026-07-31T11:05:21Z,321,8,2,7,4,0,1,1,1,1785495664
2026-07-31T11:05:21Z,322,5,1,23,1,0,1,1,1,1785494250
2026-07-31T11:05:21Z,323,9,0,10,0,0,1,1,1,1785492561
2026-07-31T11:05:21Z,324,21,5,4,2,0,1,1,1,1785495909
2026-07-31T11:05:21Z,325,5,3,20,2,0,1,1,1,1785494379
2026-07-31T11:05:21Z,327,23,0,3,1,0,1,1,1,1785495703
2026-07-31T11:05:21Z,328,17,0,4,1,0,1,1,1,1785495033
2026-07-31T11:05:21Z,329,17,0,0,2,0,1,1,1,1785492480
2026-07-31T11:05:21Z,330,1,0,21,0,0,1,1,1,1785495617
2026-07-31T11:05:21Z,331,11,3,11,1,0,1,1,1,1785495459
2026-07-31T11:05:21Z,332,10,2,7,2,0,1,1,1,1785495613
2026-07-31T11:05:21Z,333,2,2,20,1,0,1,1,1,1785492618
2026-07-31T11:05:21Z,334,9,7,14,0,0,1,1,1,1785494691
2026-07-31T11:05:21Z,335,3,1,18,1,1,1,1,1,1785493931
2026-07-31T11:05:21Z,336,18,2,1,0,0,1,1,1,1785487293
2026-07-31T11:05:21Z,337,18,4,0,5,0,1,1,1,1785495729
2026-07-31T11:05:21Z,338,16,7,3,0,0,1,1,1,1785494779
2026-07-31T11:05:21Z,339,21,10,2,0,0,1,1,1,1785494732
2026-07-31T11:05:21Z,340,12,10,2,1,0,1,1,1,1785494356
2026-07-31T11:05:21Z,341,10,2,9,0,0,1,1,1,1785495243
2026-07-31T11:05:21Z,342,12,5,0,3,0,1,1,1,1785492817
2026-07-31T11:05:21Z,343,20,1,2,1,0,1,1,1,1785495276
2026-07-31T11:05:21Z,344,23,9,0,0,0,1,1,1,1785488186
2026-07-31T11:05:21Z,345,19,3,0,0,0,1,1,1,1785487292
2026-07-31T11:05:21Z,346,9,6,14,0,0,1,1,1,1785489426
2026-07-31T11:05:21Z,347,10,4,32,2,0,1,1,1,1785495909
2026-07-31T11:05:21Z,348,20,3,1,1,1,1,1,1,1785495667
2026-07-31T11:05:21Z,349,7,1,12,0,0,1,1,1,1785495033
2026-07-31T11:05:21Z,350,24,3,1,1,1,1,1,1,1785494733
2026-07-31T11:05:21Z,351,18,2,2,3,0,1,1,1,1785495661
2026-07-31T11:05:21Z,355,21,1,2,0,0,1,1,1,1785495680
2026-07-31T11:05:21Z,356,16,0,2,1,0,1,1,1,1785493586
2026-07-31T11:05:21Z,357,11,4,8,0,0,1,1,1,1785495405
2026-07-31T11:05:21Z,358,24,4,2,1,0,1,1,1,1785487594
2026-07-31T11:05:21Z,359,18,0,9,0,0,1,1,1,1785495789
2026-07-31T11:05:21Z,360,13,3,4,2,0,1,1,1,1785494684
2026-07-31T11:05:21Z,362,16,4,1,2,0,1,1,1,1785493387
2026-07-31T11:05:21Z,363,2,0,25,0,0,1,1,1,1785495461
2026-07-31T11:05:21Z,364,18,3,1,0,0,1,1,1,1785495555
2026-07-31T11:05:21Z,365,16,2,3,4,0,1,1,1,1785494142
2026-07-31T11:05:21Z,366,9,7,7,7,0,1,1,1,1785495776
2026-07-31T11:05:21Z,367,14,8,4,1,0,1,1,1,1785494945
2026-07-31T11:05:21Z,368,16,3,5,2,0,1,1,1,1785495372
2026-07-31T11:05:21Z,370,9,7,18,0,0,1,1,1,1785495224
2026-07-31T11:05:21Z,371,4,1,14,1,0,1,1,1,1785495014
2026-07-31T11:05:21Z,372,6,1,9,0,0,1,1,1,1785494163
2026-07-31T11:05:21Z,373,25,9,2,0,0,1,1,1,1785493650
2026-07-31T11:05:21Z,374,17,8,0,2,0,1,1,1,1785495706
2026-07-31T11:05:21Z,375,23,9,1,3,0,1,1,1,1785495696
2026-07-31T11:05:21Z,376,29,4,5,5,0,1,1,1,1785495177
2026-07-31T11:05:21Z,377,23,9,4,0,0,1,1,1,1785493056
2026-07-31T11:05:21Z,378,20,5,2,1,1,1,1,1,1785495621
2026-07-31T11:05:21Z,379,13,0,14,0,0,1,1,1,1785494662
2026-07-31T11:05:21Z,380,19,6,3,1,0,1,1,1,1785495869
2026-07-31T11:05:21Z,381,9,0,14,0,0,1,1,1,1785494807
2026-07-31T11:05:21Z,383,13,0,0,2,0,1,1,1,1785495422
2026-07-31T11:05:21Z,384,24,1,2,1,0,1,1,1,1785492881
2026-07-31T11:05:21Z,385,14,3,2,2,0,1,1,1,1785495741
2026-07-31T11:05:21Z,387,20,2,3,0,0,1,1,1,1785495823
2026-07-31T11:05:21Z,388,18,2,31,0,0,1,1,1,1785494640
2026-07-31T11:05:21Z,389,8,7,7,0,0,1,1,1,1785495116
2026-07-31T11:05:21Z,390,16,0,19,0,0,1,1,1,1785495807
2026-07-31T11:05:21Z,391,4,0,10,1,0,1,1,1,1785487292
2026-07-31T11:05:21Z,392,2,2,16,1,0,1,1,1,1785495603
2026-07-31T11:05:21Z,393,3,3,5,3,0,1,1,1,1785487292
2026-07-31T11:05:21Z,394,6,4,5,2,0,1,1,1,1785494395
2026-07-31T11:05:21Z,396,9,7,30,3,0,1,1,1,1785495633
2026-07-31T11:05:21Z,397,6,5,25,0,0,1,1,1,1785494011
2026-07-31T11:05:21Z,399,11,0,4,2,0,1,1,1,1785495541
2026-07-31T11:05:21Z,400,10,5,9,4,0,1,1,1,1785495856
2026-07-31T11:05:21Z,401,6,0,25,8,0,1,1,1,1785495835
2026-07-31T11:05:21Z,403,1,0,28,2,0,1,1,1,1785495692
2026-07-31T11:05:21Z,404,2,2,20,1,0,1,1,1,1785494495
2026-07-31T11:05:21Z,406,2,2,32,1,0,1,1,1,1785495535
2026-07-31T11:05:21Z,407,17,3,16,1,0,1,1,1,1785495804
2026-07-31T11:05:21Z,408,12,2,20,1,0,1,1,1,1785495811
2026-07-31T11:05:21Z,409,1,0,19,3,0,1,1,1,1785493289
2026-07-31T11:05:21Z,413,20,5,1,2,0,1,1,1,1785493578
2026-07-31T11:05:21Z,414,10,2,4,1,0,1,1,1,1785495352
2026-07-31T11:05:21Z,417,12,7,6,1,0,1,1,1,1785494370
2026-07-31T11:05:21Z,418,1,0,14,0,0,1,1,1,1785490913
2026-07-31T11:05:21Z,419,10,0,12,1,0,1,1,1,1785487895
2026-07-31T11:05:21Z,421,1,0,18,0,0,1,1,1,1785488201
2026-07-31T11:05:21Z,422,4,3,22,1,0,1,1,1,1785493261
2026-07-31T11:05:21Z,423,3,2,20,0,0,1,1,1,1785495719
2026-07-31T11:05:21Z,424,4,2,8,3,0,1,1,1,1785495843
2026-07-31T11:05:21Z,425,18,0,3,0,1,1,1,1,1785495308
2026-07-31T11:05:21Z,426,1,0,34,2,0,1,1,1,1785492043
2026-07-31T11:05:21Z,427,13,1,1,1,0,1,1,1,1785495817
2026-07-31T11:05:21Z,428,17,2,1,1,0,1,1,1,1785495913
2026-07-31T11:05:21Z,429,0,0,21,2,0,1,1,1,1785492151
2026-07-31T11:05:21Z,430,27,0,1,3,0,1,1,1,1785495841
2026-07-31T11:05:21Z,431,15,0,17,1,0,1,1,1,1785495603
2026-07-31T11:05:21Z,432,18,0,11,2,0,0,1,1,1785495451
2026-07-31T11:05:21Z,433,18,5,3,2,0,1,1,1,1785495888
2026-07-31T11:05:21Z,437,1,0,17,1,0,1,1,1,1785495299
2026-07-31T11:05:21Z,438,17,0,1,1,0,1,1,1,1785495859
2026-07-31T11:05:21Z,439,5,0,10,0,0,1,1,1,1785494601
2026-07-31T11:05:21Z,440,11,2,2,2,0,1,1,1,1785495569
2026-07-31T11:05:21Z,441,12,1,2,1,0,1,1,1,1785495062
2026-07-31T11:05:21Z,442,18,9,0,1,0,1,1,1,1785494300
2026-07-31T11:05:21Z,443,4,2,23,0,0,1,1,1,1785485488
2026-07-31T11:05:21Z,444,2,2,21,0,0,1,1,1,1785485488
2026-07-31T11:05:21Z,445,7,2,15,1,0,1,1,1,1785495767
2026-07-31T11:05:21Z,446,0,0,22,1,0,1,1,1,1785494652
2026-07-31T11:05:21Z,447,2,0,19,1,1,1,1,1,1785492174
2026-07-31T11:05:21Z,448,9,4,5,1,0,1,1,1,1785487895
2026-07-31T11:05:21Z,452,9,6,9,1,0,1,1,1,1785494991
2026-07-31T11:05:21Z,453,7,5,7,1,0,1,1,1,1785494607
2026-07-31T11:05:21Z,454,9,0,10,0,0,1,1,1,1785489971
2026-07-31T11:05:21Z,455,2,0,37,0,0,1,1,1,1785492761
2026-07-31T11:05:21Z,456,8,0,11,1,0,1,1,1,1785495700
2026-07-31T11:05:21Z,457,24,2,1,2,0,1,1,1,1785495322
2026-07-31T11:05:21Z,458,10,4,13,0,0,1,1,1,1785495744
2026-07-31T11:05:21Z,459,15,0,0,0,0,1,1,1,1785485789
2026-07-31T11:05:21Z,460,16,2,6,1,0,1,1,1,1785495786
2026-07-31T11:05:21Z,461,6,1,13,0,0,1,1,1,1785495790
2026-07-31T11:05:21Z,462,14,1,7,0,0,1,1,1,1785495907
2026-07-31T11:05:21Z,463,13,1,6,0,0,1,1,1,1785487897
2026-07-31T11:05:21Z,464,3,1,11,0,0,1,1,1,1785485789
2026-07-31T11:05:21Z,465,1,1,13,1,0,1,1,1,1785495632
2026-07-31T11:05:21Z,466,11,3,2,2,0,1,1,1,1785485789
2026-07-31T11:05:21Z,467,3,1,15,1,0,1,1,1,1785494407
2026-07-31T11:05:21Z,468,17,1,1,1,0,1,1,1,1785485789
2026-07-31T11:05:21Z,469,2,1,21,0,0,1,1,1,1785487896
2026-07-31T11:05:21Z,470,12,1,1,2,0,1,1,1,1785495868
2026-07-31T11:05:21Z,471,22,2,5,0,0,1,1,1,1785487895
2026-07-31T11:05:21Z,472,14,3,4,1,0,1,1,1,1785495823
2026-07-31T11:05:21Z,473,19,5,0,0,0,1,1,1,1785485789
2026-07-31T11:05:21Z,474,15,0,4,0,0,1,1,1,1785495804
2026-07-31T11:05:21Z,475,5,1,13,1,0,1,1,1,1785492726
2026-07-31T11:05:21Z,477,9,7,5,1,0,1,1,1,1785492057
2026-07-31T11:05:21Z,478,6,0,24,1,0,1,1,1,1785495648
2026-07-31T11:05:21Z,479,1,0,25,1,0,1,1,1,1785495354
2026-07-31T11:05:21Z,480,3,0,9,3,0,1,1,1,1785495583
2026-07-31T11:05:21Z,481,27,1,7,1,0,1,1,1,1785495915
2026-07-31T11:05:21Z,482,17,6,2,0,0,1,1,1,1785495430
2026-07-31T11:05:21Z,483,1,0,24,2,0,1,1,1,1785495805
2026-07-31T11:05:21Z,484,5,2,13,1,0,1,1,1,1785495858
2026-07-31T11:05:21Z,485,16,6,1,1,1,1,1,1,1785495874
2026-07-31T11:05:21Z,486,25,6,0,2,0,1,1,1,1785495867
2026-07-31T11:05:21Z,487,6,4,12,1,0,1,1,1,1785493687
2026-07-31T11:05:21Z,489,13,7,2,0,0,1,1,1,1785494987
2026-07-31T11:05:21Z,490,3,1,13,0,0,1,1,1,1785495837
2026-07-31T11:05:21Z,491,4,1,17,0,0,1,1,1,1785486090
2026-07-31T11:05:21Z,492,4,2,3,4,0,1,1,1,1785495912
2026-07-31T11:05:21Z,493,0,0,26,1,0,1,1,1,1785487895
2026-07-31T11:05:21Z,495,10,1,2,3,0,1,1,1,1785495779
2026-07-31T11:05:21Z,496,25,1,2,0,0,1,1,1,1785495751
2026-07-31T11:05:21Z,497,16,0,2,1,0,1,1,1,1785494248
2026-07-31T11:05:21Z,498,20,3,2,1,0,1,1,1,1785493313
2026-07-31T11:05:21Z,499,15,0,3,1,0,1,1,1,1785495005
2026-07-31T11:05:21Z,500,7,4,3,5,0,1,1,1,1785494804
2026-07-31T11:05:21Z,501,11,4,10,0,0,1,1,1,1785492885
2026-07-31T11:05:21Z,502,6,0,13,0,0,1,1,1,1785486089
2026-07-31T11:05:21Z,503,25,0,5,1,0,1,1,1,1785494764
2026-07-31T11:05:21Z,504,2,1,37,0,0,1,1,1,1785495029
2026-07-31T11:05:21Z,505,10,1,1,1,0,1,1,1,1785487586
2026-07-31T11:05:21Z,511,6,3,17,0,0,1,1,1,1785495483
2026-07-31T11:05:21Z,512,7,0,20,0,0,1,1,1,1785495252
2026-07-31T11:05:21Z,514,8,0,2,1,0,1,1,1,1785492997
2026-07-31T11:05:21Z,515,1,0,18,0,0,1,1,1,1785495697
2026-07-31T11:05:21Z,516,2,0,25,0,0,1,1,1,1785495789
2026-07-31T11:05:21Z,517,13,2,9,1,0,1,1,1,1785494998
2026-07-31T11:05:21Z,518,13,1,1,1,0,1,1,1,1785494366
2026-07-31T11:05:21Z,519,3,0,14,2,0,1,1,1,1785495571
2026-07-31T11:05:21Z,520,10,7,11,5,1,1,1,1,1785495914
2026-07-31T11:05:21Z,521,18,5,5,0,0,1,1,1,1785494100
2026-07-31T11:05:21Z,522,1,0,21,1,0,1,1,1,1785494985
2026-07-31T11:05:21Z,523,6,4,16,1,0,1,1,1,1785494750
2026-07-31T11:05:21Z,524,0,0,23,0,0,1,1,1,1785494956
2026-07-31T11:05:21Z,525,8,0,11,0,0,1,1,1,1785494735
2026-07-31T11:05:21Z,526,13,1,0,2,0,1,1,1,1785486390
2026-07-31T11:05:21Z,527,5,2,18,3,0,1,1,1,1785495912
2026-07-31T11:05:21Z,528,21,1,1,1,0,1,1,1,1785495324
2026-07-31T11:05:21Z,529,6,3,7,6,0,1,1,1,1785495914
2026-07-31T11:05:21Z,530,13,0,7,1,0,1,1,1,1785493790
2026-07-31T11:05:21Z,531,19,0,2,1,1,1,1,1,1785493153
2026-07-31T11:05:21Z,532,3,3,27,1,0,1,1,1,1785488341
2026-07-31T11:05:21Z,533,7,1,10,2,0,1,1,1,1785495060
2026-07-31T11:05:21Z,534,12,0,10,1,0,1,1,1,1785495118
2026-07-31T11:05:21Z,535,3,0,12,0,0,1,1,1,1785494305
2026-07-31T11:05:21Z,536,3,1,20,0,0,1,1,1,1785495501
2026-07-31T11:05:21Z,537,3,1,17,0,0,1,1,1,1785494448
2026-07-31T11:05:21Z,538,20,7,1,0,2,1,1,1,1785495658
2026-07-31T11:05:21Z,539,5,5,26,0,0,1,1,1,1785488201
2026-07-31T11:05:21Z,540,2,1,17,0,0,1,1,1,1785486391
2026-07-31T11:05:21Z,541,20,2,6,1,0,1,1,1,1785495913
2026-07-31T11:05:21Z,542,4,2,19,0,0,1,1,1,1785493905
2026-07-31T11:05:21Z,543,15,2,3,1,0,1,1,1,1785495451
2026-07-31T11:05:21Z,544,14,1,4,4,0,1,1,1,1785495001
2026-07-31T11:05:21Z,545,2,0,15,2,0,1,1,1,1785495875
2026-07-31T11:05:21Z,546,15,8,4,0,0,1,1,1,1785494355
2026-07-31T11:05:21Z,547,19,1,6,0,0,1,1,1,1785494297
2026-07-31T11:05:21Z,548,15,1,8,0,0,1,1,1,1785495571
2026-07-31T11:05:21Z,549,19,0,4,0,0,1,1,1,1785495753
2026-07-31T11:05:21Z,550,13,0,6,0,0,1,1,1,1785495012
2026-07-31T11:05:21Z,551,16,4,7,0,0,1,1,1,1785486390
2026-07-31T11:05:21Z,552,27,3,0,0,0,1,1,1,1785486390
2026-07-31T11:05:21Z,553,16,1,4,2,1,1,1,1,1785495902
2026-07-31T11:05:21Z,554,1,1,18,0,0,1,1,1,1785486691
2026-07-31T11:05:21Z,555,12,5,2,1,0,1,1,1,1785493469
2026-07-31T11:05:21Z,556,19,4,2,2,0,1,1,1,1785495710
2026-07-31T11:05:21Z,557,7,4,11,5,0,1,1,1,1785494913
2026-07-31T11:05:21Z,558,36,4,1,0,0,1,1,1,1785495773
2026-07-31T11:05:21Z,559,0,0,18,1,0,1,1,1,1785492602
2026-07-31T11:05:21Z,560,10,0,17,0,0,1,1,1,1785492157
2026-07-31T11:05:21Z,561,16,2,6,1,0,1,1,1,1785494469
2026-07-31T11:05:21Z,562,3,0,29,3,0,1,1,1,1785486691
2026-07-31T11:05:21Z,563,8,0,6,0,0,1,1,1,1785495674
2026-07-31T11:05:21Z,564,9,0,9,1,0,1,1,1,1785495850
2026-07-31T11:05:21Z,565,6,1,13,0,0,1,1,1,1785495416
2026-07-31T11:05:21Z,566,13,0,5,1,0,1,1,1,1785495819
2026-07-31T11:05:21Z,567,26,1,0,1,0,1,1,1,1785493771
2026-07-31T11:05:21Z,568,15,0,4,0,0,1,1,1,1785495509
2026-07-31T11:05:21Z,569,15,2,4,0,0,1,1,1,1785492410
2026-07-31T11:05:21Z,570,11,0,8,0,0,1,1,1,1785495115
2026-07-31T11:05:21Z,571,1,0,22,0,0,1,1,1,1785495473
2026-07-31T11:05:21Z,572,13,4,5,1,0,1,1,1,1785495273
2026-07-31T11:05:21Z,573,12,0,3,0,0,1,1,1,1785495664
2026-07-31T11:05:21Z,574,8,3,7,0,0,1,1,1,1785494679
2026-07-31T11:05:21Z,575,4,0,16,1,0,1,1,1,1785494906
2026-07-31T11:05:21Z,576,2,0,15,2,0,1,1,1,1785494813
2026-07-31T11:05:21Z,577,14,0,17,0,0,1,1,1,1785495589
2026-07-31T11:05:21Z,578,12,9,10,1,0,1,1,1,1785495518
2026-07-31T11:05:21Z,579,5,0,38,0,0,1,1,1,1785495141
2026-07-31T11:05:21Z,580,3,0,26,0,0,1,1,1,1785495149
2026-07-31T11:05:21Z,581,15,1,4,0,0,1,1,1,1785495449
2026-07-31T11:05:21Z,582,18,0,42,1,0,1,1,1,1785495912
2026-07-31T11:05:21Z,583,23,1,0,0,0,1,1,1,1785492035
2026-07-31T11:05:21Z,584,9,4,6,4,0,1,1,1,1785486691
2026-07-31T11:05:21Z,585,12,2,14,0,1,1,1,1,1785495459
2026-07-31T11:05:21Z,586,10,0,25,0,0,1,1,1,1785495227
2026-07-31T11:05:21Z,587,17,0,6,1,0,1,1,1,1785495633
2026-07-31T11:05:21Z,588,11,3,5,2,1,1,1,1,1785495755
2026-07-31T11:05:21Z,589,0,0,0,23,0,1,1,1,1785495615
2026-07-31T11:05:21Z,590,16,2,13,2,0,1,1,1,1785495772
2026-07-31T11:05:21Z,591,27,1,1,2,0,1,1,1,1785495263
2026-07-31T11:05:21Z,592,11,0,12,0,0,1,1,1,1785495011
2026-07-31T11:05:21Z,593,1,0,37,0,0,1,1,1,1785495752
2026-07-31T11:05:21Z,594,6,0,12,3,0,1,1,1,1785495818
2026-07-31T11:05:21Z,595,0,0,3,0,0,0,1,1,1784046673
2026-07-31T11:05:21Z,605,0,0,2,1,0,0,1,1,1783975843
2026-07-31T11:05:21Z,606,0,0,0,0,0,0,1,1,86400
2026-07-31T11:05:21Z,607,11,2,20,1,0,1,1,1,1785495576
2026-07-31T11:05:21Z,608,2,1,48,0,0,1,1,1,1785495657
2026-07-31T11:05:21Z,609,1,1,22,0,0,1,1,1,1785495767
2026-07-31T11:05:21Z,610,1,0,34,0,0,1,1,1,1785494557
2026-07-31T11:05:21Z,611,13,0,13,1,0,1,1,1,1785494266
2026-07-31T11:05:21Z,612,6,1,9,0,0,1,1,1,1785486691
2026-07-31T11:05:21Z,613,9,0,2,4,0,1,1,1,1785489318
2026-07-31T11:05:21Z,614,2,2,22,2,1,1,1,1,1785495770
2026-07-31T11:05:21Z,617,10,0,3,2,0,1,1,1,1785494811
2026-07-31T11:05:21Z,618,12,1,2,5,0,1,1,1,1785495559
2026-07-31T11:05:21Z,619,3,1,15,1,0,1,1,1,1785494782
2026-07-31T11:05:21Z,620,1,0,26,0,0,1,1,1,1785495096
2026-07-31T11:05:21Z,621,4,1,18,1,0,1,1,1,1785494815
2026-07-31T11:05:21Z,622,5,2,17,1,0,1,1,1,1785488201
2026-07-31T11:05:21Z,623,7,1,22,1,0,1,1,1,1785495866
2026-07-31T11:05:21Z,624,1,0,14,0,0,1,1,1,1785493218
2026-07-31T11:05:21Z,625,4,0,15,2,0,1,1,1,1785495075
2026-07-31T11:05:21Z,626,5,0,40,0,2,1,1,1,1785495289
2026-07-31T11:05:21Z,627,14,6,5,0,0,1,1,1,1785493197
2026-07-31T11:05:21Z,628,0,0,15,2,2,1,1,1,1785495681
2026-07-31T11:05:21Z,629,4,1,6,1,0,1,1,1,1785495732
2026-07-31T11:05:21Z,630,3,2,21,3,0,1,1,1,1785495868
2026-07-31T11:05:21Z,631,2,1,21,0,0,1,1,1,1785488201
2026-07-31T11:05:21Z,632,20,0,1,2,0,1,1,1,1785492884
2026-07-31T11:05:21Z,633,11,1,0,4,0,1,1,1,1785495773
2026-07-31T11:05:21Z,634,11,2,8,0,0,1,1,1,1785486991
2026-07-31T11:05:21Z,635,16,1,3,0,0,1,1,1,1785494941
2026-07-31T11:05:21Z,636,10,2,5,0,0,1,1,1,1785488201
2026-07-31T11:05:21Z,637,7,0,12,0,0,1,1,1,1785490209
2026-07-31T11:05:21Z,638,8,1,9,2,0,1,1,1,1785495242
2026-07-31T11:05:21Z,639,5,1,11,3,0,1,1,1,1785479066
2026-07-31T11:05:21Z,640,4,3,18,1,0,1,1,1,1785495869
2026-07-31T11:05:21Z,641,20,0,4,2,0,1,1,1,1785495543
2026-07-31T11:05:21Z,642,5,3,6,8,0,1,1,1,1785495912
2026-07-31T11:05:21Z,643,2,0,18,7,0,1,1,1,1785495915
2026-07-31T11:05:21Z,644,12,0,2,1,0,1,1,1,1785486991
2026-07-31T11:05:21Z,645,11,0,10,1,1,1,1,1,1785488495
2026-07-31T11:05:21Z,646,7,2,12,0,0,1,1,1,1785495746
2026-07-31T11:05:21Z,647,29,1,2,0,0,1,1,1,1785492741
2026-07-31T11:05:21Z,648,6,0,12,1,0,1,1,1,1785490674
2026-07-31T11:05:21Z,649,19,3,11,1,0,1,1,1,1785495468
2026-07-31T11:05:21Z,650,5,1,9,0,0,1,1,1,1785488201
2026-07-31T11:05:21Z,651,8,7,15,0,0,1,1,1,1785494343
2026-07-31T11:05:21Z,652,3,2,18,2,0,1,1,1,1785495856
2026-07-31T11:05:21Z,653,9,1,8,2,0,1,1,1,1785494586
2026-07-31T11:05:21Z,654,2,2,13,0,0,1,1,1,1785488202
2026-07-31T11:05:21Z,655,7,3,1,4,1,1,1,1,1785495799
2026-07-31T11:05:21Z,656,17,7,2,0,0,1,1,1,1785495881
2026-07-31T11:05:21Z,657,9,1,3,2,3,1,1,1,1785495820
2026-07-31T11:05:21Z,658,9,1,1,0,0,1,1,1,1785473427
2026-07-31T11:05:21Z,659,8,3,5,2,0,1,1,1,1785495755
2026-07-31T11:05:21Z,660,12,0,15,4,0,1,1,1,1785495779
2026-07-31T11:05:21Z,661,2,1,17,0,0,1,1,1,1785492505
2026-07-31T11:05:21Z,662,4,3,16,3,0,1,1,1,1785493876
2026-07-31T11:05:21Z,663,12,5,2,1,0,1,1,1,1785493447
2026-07-31T11:05:21Z,664,1,0,26,0,0,1,1,1,1785495012
2026-07-31T11:05:21Z,665,12,3,3,0,0,1,1,1,1785488202
2026-07-31T11:05:21Z,666,8,2,5,2,0,1,1,1,1785495733
2026-07-31T11:05:21Z,667,0,0,19,0,0,1,1,1,1785486991
2026-07-31T11:05:21Z,668,10,1,8,1,0,1,1,1,1785488201
2026-07-31T11:05:21Z,669,13,5,1,0,0,1,1,1,1785493864
2026-07-31T11:05:21Z,670,10,1,17,0,0,1,1,1,1785495785
2026-07-31T11:05:21Z,671,24,5,2,1,0,1,1,1,1785495323
2026-07-31T11:05:21Z,672,12,2,7,3,1,1,1,1,1785491597
2026-07-31T11:05:21Z,673,13,0,8,2,0,1,1,1,1785495590
2026-07-31T11:05:21Z,674,5,3,15,3,0,1,1,1,1785495776
2026-07-31T11:05:21Z,675,11,7,2,2,0,1,1,1,1785495665
2026-07-31T11:05:21Z,676,5,0,16,1,0,1,1,1,1785495687
2026-07-31T11:05:21Z,681,10,3,3,2,0,1,1,1,1785495347
2026-07-31T11:05:21Z,682,4,1,14,1,0,1,1,1,1785486991
2026-07-31T11:05:21Z,683,4,1,15,0,0,1,1,1,1785495619
2026-07-31T11:05:21Z,684,3,0,24,0,0,1,1,1,1785487883
2026-07-31T11:05:21Z,685,10,0,15,1,1,1,1,1,1785488201
2026-07-31T11:05:21Z,686,10,0,15,2,0,1,1,1,1785495847
2026-07-31T11:05:21Z,687,11,0,18,1,1,1,1,1,1785495858
2026-07-31T11:05:21Z,688,10,0,2,7,0,1,1,1,1785495758
2026-07-31T11:05:21Z,692,8,5,11,2,0,1,1,1,1785495642
2026-07-31T11:05:21Z,693,6,0,2,3,0,1,1,1,1785494422
2026-07-31T11:05:21Z,694,8,5,13,0,0,1,1,1,1785494183
2026-07-31T11:05:21Z,695,15,10,8,0,0,1,1,1,1785495140
2026-07-31T11:05:21Z,696,17,13,4,2,0,1,1,1,1785495324
2026-07-31T11:05:21Z,697,23,2,0,0,0,1,1,1,1785495696
2026-07-31T11:05:21Z,698,23,1,4,0,0,1,1,1,1785495250
2026-07-31T11:05:21Z,699,7,0,7,1,0,1,1,1,1785494730
2026-07-31T11:05:21Z,700,19,4,0,0,0,1,1,1,1785494867
2026-07-31T11:05:21Z,701,16,6,3,0,0,1,1,1,1785495375
2026-07-31T11:05:21Z,702,18,0,3,2,0,1,1,1,1785495863
2026-07-31T11:05:21Z,704,7,2,8,0,0,1,1,1,1785495914
2026-07-31T11:05:21Z,705,4,2,9,2,0,1,1,1,1785494971
2026-07-31T11:05:21Z,706,12,2,0,3,0,1,1,1,1785494258
2026-07-31T11:05:21Z,707,10,2,5,0,0,1,1,1,1785494888
2026-07-31T11:05:21Z,708,17,2,1,1,0,1,1,1,1785495104
2026-07-31T11:05:21Z,709,10,0,2,3,0,1,1,1,1785494924
2026-07-31T11:05:21Z,710,16,3,2,1,0,1,1,1,1785495908
2026-07-31T11:05:21Z,711,19,4,0,4,0,1,1,1,1785494406
2026-07-31T11:05:21Z,712,11,9,4,0,0,1,1,1,1785495080
2026-07-31T11:05:21Z,713,5,0,18,0,0,1,1,1,1785495378
2026-07-31T11:05:21Z,716,4,2,11,0,0,1,1,1,1785494617
2026-07-31T11:05:21Z,717,4,2,18,3,0,1,1,1,1785494701
2026-07-31T11:05:21Z,718,4,1,10,1,0,1,1,1,1785495419
2026-07-31T11:05:21Z,719,8,2,21,0,0,1,1,1,1785495680
2026-07-31T11:05:21Z,720,2,1,17,0,0,1,1,1,1785494906
2026-07-31T11:05:21Z,721,0,0,21,2,0,1,1,1,1785495716
2026-07-31T11:05:21Z,722,5,0,10,0,0,1,1,1,1785494662
2026-07-31T11:05:21Z,723,12,1,11,0,0,1,1,1,1785494741
2026-07-31T11:05:21Z,724,21,4,2,0,0,1,1,1,1785495863
2026-07-31T11:05:21Z,725,17,5,5,1,0,1,1,1,1785495873
2026-07-31T11:05:21Z,726,18,3,1,0,0,1,1,1,1785495628
2026-07-31T11:05:21Z,727,9,4,12,2,0,1,1,1,1785495664
2026-07-31T11:05:21Z,728,9,0,5,1,0,1,1,1,1785495207
2026-07-31T11:05:21Z,729,3,0,16,0,0,1,1,1,1785494897
2026-07-31T11:05:21Z,730,3,2,10,2,0,1,1,1,1785495804
2026-07-31T11:05:21Z,731,9,3,5,1,0,1,1,1,1785494918
2026-07-31T11:05:21Z,732,7,5,8,0,0,1,1,1,1785495333
2026-07-31T11:05:21Z,733,7,1,20,0,0,1,1,1,1785495412
2026-07-31T11:05:21Z,734,2,0,11,1,0,1,1,1,1785495905
2026-07-31T11:05:21Z,735,2,2,25,0,0,1,1,1,1785495038
2026-07-31T11:05:21Z,736,6,0,13,0,0,1,1,1,1785495351
2026-07-31T11:05:21Z,737,4,3,10,0,1,1,1,1,1785495346
2026-07-31T11:05:21Z,738,17,5,0,2,0,1,1,1,1785495611
2026-07-31T11:05:21Z,739,19,2,7,1,0,1,1,1,1785494974
2026-07-31T11:05:21Z,741,7,1,16,0,0,1,1,1,1785495242
2026-07-31T11:05:21Z,742,6,1,26,3,0,1,1,1,1785495468
2026-07-31T11:05:21Z,743,9,3,8,2,0,1,1,1,1785495111
2026-07-31T11:05:21Z,744,10,4,4,1,0,1,1,1,1785495616
2026-07-31T11:05:21Z,745,14,4,4,1,0,1,1,1,1785495629
2026-07-31T11:05:21Z,746,10,2,11,2,0,1,1,1,1785495775
2026-07-31T11:05:21Z,747,0,0,4,0,0,0,1,1,1783446606
2026-07-31T11:05:21Z,748,10,1,13,0,0,1,1,1,1785494608
2026-07-31T11:05:21Z,749,5,5,17,1,0,1,1,1,1785494524
2026-07-31T11:05:21Z,750,1,1,10,0,0,1,1,1,1785494852
2026-07-31T11:05:21Z,751,10,0,13,0,0,1,1,1,1785495855
2026-07-31T11:05:21Z,752,14,1,2,1,0,1,1,1,1785495135
2026-07-31T11:05:21Z,753,6,0,9,0,0,1,1,1,1785495748
2026-07-31T11:05:21Z,754,2,1,12,1,0,1,1,1,1785494472
2026-07-31T11:05:21Z,755,12,2,10,1,0,1,1,1,1785494991
2026-07-31T11:05:21Z,756,6,2,31,0,0,1,1,1,1785495528
2026-07-31T11:05:21Z,757,16,9,3,0,0,1,1,1,1785495802
2026-07-31T11:05:21Z,758,23,3,0,0,0,1,1,1,1785495667
2026-07-31T11:05:21Z,759,3,2,12,0,0,1,1,1,1785495741
2026-07-31T11:05:21Z,760,8,3,11,0,0,1,1,1,1785488200
2026-07-31T11:05:21Z,761,17,0,5,1,0,1,1,1,1785495051
2026-07-31T11:05:21Z,762,5,3,5,5,0,1,1,1,1785495324
2026-07-31T11:05:21Z,768,8,0,8,3,0,1,1,1,1785495844
2026-07-31T11:05:21Z,769,16,12,3,0,0,1,1,1,1785495473
2026-07-31T11:05:21Z,770,11,3,6,2,0,1,1,1,1785495410
2026-07-31T11:05:21Z,771,13,3,1,1,0,1,1,1,1785494850
2026-07-31T11:05:21Z,772,8,2,7,0,0,1,1,1,1785495498
2026-07-31T11:05:21Z,773,15,4,4,0,0,1,1,1,1785495306
2026-07-31T11:05:21Z,774,9,5,3,3,0,1,1,1,1785495243
2026-07-31T11:05:21Z,775,7,0,10,1,1,1,1,1,1785494713
2026-07-31T11:05:21Z,776,3,1,17,1,0,1,1,1,1785495641
2026-07-31T11:05:21Z,777,10,0,2,3,0,1,1,1,1785495391
2026-07-31T11:05:21Z,778,13,0,3,3,0,1,1,1,1785495505
2026-07-31T11:05:21Z,779,8,1,10,1,0,1,1,1,1785494401
2026-07-31T11:05:21Z,780,18,4,0,1,0,1,1,1,1785495827
2026-07-31T11:05:21Z,781,4,0,4,3,0,1,1,1,1785494330
2026-07-31T11:05:21Z,782,4,3,11,4,0,1,1,1,1785495129
2026-07-31T11:05:21Z,783,6,0,13,0,0,1,1,1,1785494397
2026-07-31T11:05:21Z,784,19,2,0,0,0,1,1,1,1785495821
2026-07-31T11:05:21Z,785,11,2,2,6,0,1,1,1,1785494572
2026-07-31T11:05:21Z,786,12,5,7,0,0,1,1,1,1785494544
2026-07-31T11:05:21Z,787,11,5,2,2,0,1,1,1,1785495668
2026-07-31T11:05:21Z,788,3,0,12,0,0,1,1,1,1785494887
2026-07-31T11:05:21Z,789,8,1,3,4,0,1,1,1,1785495115
2026-07-31T11:05:21Z,790,3,0,20,0,0,1,1,1,1785495529
2026-07-31T11:05:21Z,791,7,1,11,0,1,1,1,1,1785495433
2026-07-31T11:05:21Z,793,4,0,10,1,0,1,1,1,1785495254
2026-07-31T11:05:21Z,794,14,5,13,2,0,1,1,1,1785495876
2026-07-31T11:05:21Z,796,0,0,17,2,0,1,1,1,1785495060
2026-07-31T11:05:21Z,797,2,0,13,0,0,1,1,1,1785494961
2026-07-31T11:05:21Z,798,10,1,14,1,0,1,1,1,1785495671
2026-07-31T11:05:21Z,799,15,1,1,3,0,1,1,1,1785495028
2026-07-31T11:05:21Z,800,4,0,16,1,0,1,1,1,1785495772
2026-07-31T11:05:21Z,801,4,2,15,2,0,1,1,1,1785495393
2026-07-31T11:05:21Z,802,8,0,23,0,0,1,1,1,1785495201
2026-07-31T11:05:21Z,803,1,1,14,0,0,1,1,1,1785494855
2026-07-31T11:05:21Z,806,7,3,8,0,0,1,1,1,1785495653
2026-07-31T11:05:21Z,807,13,0,9,3,0,1,1,1,1785495809
2026-07-31T11:05:21Z,808,0,0,23,2,0,1,1,1,1785488225
2026-07-31T11:05:21Z,809,4,0,18,1,0,1,1,1,1785495038
2026-07-31T11:05:21Z,810,2,0,13,4,0,1,1,1,1785495486
2026-07-31T11:05:21Z,815,3,1,7,4,1,1,1,1,1785495224
2026-07-31T11:05:21Z,817,11,5,4,0,0,1,1,1,1785494911
2026-07-31T11:05:21Z,818,6,0,16,1,0,1,1,1,1785495617
2026-07-31T11:05:21Z,819,6,4,9,0,0,1,1,1,1785487291
2026-07-31T11:05:21Z,820,8,2,9,0,0,1,1,1,1785494287
2026-07-31T11:05:21Z,821,2,1,13,0,0,1,1,1,1785495215
2026-07-31T11:05:21Z,822,2,0,19,2,0,1,1,1,1785495551
2026-07-31T11:05:21Z,823,0,0,14,1,0,1,1,1,1785494688
2026-07-31T11:05:21Z,824,13,4,5,1,0,1,1,1,1785494154
2026-07-31T11:05:21Z,825,8,5,7,0,0,1,1,1,1785495662
2026-07-31T11:05:21Z,826,8,2,9,2,0,1,1,1,1785495583
2026-07-31T11:05:21Z,827,15,4,5,1,0,1,1,1,1785495500
2026-07-31T11:05:21Z,828,10,0,7,1,0,1,1,1,1785495384
2026-07-31T11:05:21Z,829,16,7,11,0,0,1,1,1,1785494420
2026-07-31T11:05:21Z,830,15,3,7,1,0,1,1,1,1785495478
2026-07-31T11:05:21Z,831,7,2,7,1,0,1,1,1,1785494653
2026-07-31T11:05:21Z,832,10,3,5,3,0,1,1,1,1785495346
2026-07-31T11:05:21Z,833,1,0,17,1,0,1,1,1,1785494502
2026-07-31T11:05:21Z,834,3,0,20,1,0,1,1,1,1785495819
2026-07-31T11:05:21Z,835,15,6,1,2,0,1,1,1,1785495064
2026-07-31T11:05:21Z,837,5,1,0,10,0,1,1,1,1785494728
2026-07-31T11:05:21Z,838,12,3,3,0,0,1,1,1,1785495584
2026-07-31T11:05:21Z,839,6,0,23,0,0,1,1,1,1785495475
2026-07-31T11:05:21Z,840,9,4,18,2,0,1,1,1,1785495872
2026-07-31T11:05:21Z,841,7,1,8,0,0,1,1,1,1785494649
2026-07-31T11:05:21Z,842,7,2,16,0,0,1,1,1,1785494457
2026-07-31T11:05:21Z,843,8,0,22,1,0,1,1,1,1785494710
2026-07-31T11:05:21Z,844,6,0,17,0,0,1,1,1,1785494659
2026-07-31T11:05:21Z,845,5,3,12,2,0,1,1,1,1785494836
2026-07-31T11:05:21Z,846,3,0,14,2,0,1,1,1,1785495787
2026-07-31T11:05:21Z,847,7,1,20,0,0,1,1,1,1785495585
2026-07-31T11:05:21Z,848,10,3,8,1,0,1,1,1,1785488215
2026-07-31T11:05:21Z,849,6,1,8,1,0,1,1,1,1785495903
2026-07-31T11:05:21Z,850,8,0,2,1,0,1,1,1,1785495890
2026-07-31T11:05:21Z,851,4,4,31,2,0,1,1,1,1785495750
2026-07-31T11:05:21Z,852,12,6,7,0,0,1,1,1,1785494548
2026-07-31T11:05:21Z,853,10,5,13,0,0,1,1,1,1785495433
2026-07-31T11:05:21Z,854,3,2,12,0,0,1,1,1,1785495490
2026-07-31T11:05:21Z,855,25,0,2,0,0,1,1,1,1785488200
2026-07-31T11:05:21Z,857,2,2,17,0,0,1,1,1,1785494918
2026-07-31T11:05:21Z,858,4,1,14,1,0,1,1,1,1785495211
2026-07-31T11:05:21Z,859,3,0,17,1,0,1,1,1,1785495431
2026-07-31T11:05:21Z,861,8,1,2,1,0,1,1,1,1785488201
2026-07-31T11:05:21Z,862,2,2,13,0,0,1,1,1,1785494677
2026-07-31T11:05:21Z,863,13,0,5,1,0,1,1,1,1785488200
2026-07-31T11:05:21Z,866,11,3,8,0,0,1,1,1,1785494986
2026-07-31T11:05:21Z,867,12,0,3,0,0,1,1,1,1785494292
2026-07-31T11:05:21Z,868,13,2,2,0,0,1,1,1,1785494504
2026-07-31T11:05:21Z,870,7,4,6,2,0,1,1,1,1785494724
2026-07-31T11:05:21Z,871,0,0,10,1,0,1,1,1,1785495908
2026-07-31T11:05:21Z,872,0,0,14,1,0,1,1,1,1785494641
2026-07-31T11:05:21Z,873,1,1,31,1,0,1,1,1,1785495066
2026-07-31T11:05:21Z,874,4,2,8,3,0,1,1,1,1785495324
2026-07-31T11:05:21Z,875,15,11,0,0,0,1,1,1,1785495708
2026-07-31T11:05:21Z,877,11,10,6,2,0,1,1,1,1785494255
2026-07-31T11:05:21Z,878,3,2,15,1,0,1,1,1,1785494835
2026-07-31T11:05:21Z,879,1,0,18,0,0,1,1,1,1785495693
2026-07-31T11:05:21Z,880,2,0,20,1,0,1,1,1,1785495705
2026-07-31T11:05:21Z,881,1,0,18,0,0,1,1,1,1785495899
2026-07-31T11:05:21Z,882,10,0,6,3,0,1,1,1,1785488200
2026-07-31T11:05:21Z,883,10,6,9,0,0,1,1,1,1785494950
2026-07-31T11:05:21Z,884,11,7,10,0,0,1,1,1,1785494247
2026-07-31T11:05:21Z,885,1,0,18,0,0,1,1,1,1785494532
2026-07-31T11:05:21Z,886,17,1,11,1,0,1,1,1,1785495895
2026-07-31T11:05:21Z,887,3,1,11,3,0,1,1,1,1785495241
2026-07-31T11:05:21Z,888,17,0,22,2,0,1,1,1,1785495832
2026-07-31T11:05:21Z,889,15,0,2,2,0,1,1,1,1785495159
2026-07-31T11:05:21Z,890,6,4,9,0,0,1,1,1,1785489632
2026-07-31T11:05:21Z,891,21,0,2,0,0,1,1,1,1785495850
2026-07-31T11:05:21Z,892,13,1,2,0,0,1,1,1,1785488200
2026-07-31T11:05:21Z,895,0,0,18,1,0,1,1,1,1785489208
2026-07-31T11:05:21Z,896,6,0,29,0,0,1,1,1,1785493238
2026-07-31T11:05:21Z,897,11,1,10,0,0,1,1,1,1785494728
2026-07-31T11:05:21Z,898,2,0,17,0,0,1,1,1,1785494450
2026-07-31T11:05:21Z,899,0,0,18,1,0,1,1,1,1785495498
2026-07-31T11:05:21Z,900,16,0,9,2,0,1,1,1,1785495915
2026-07-31T11:05:21Z,901,9,0,9,1,0,1,1,1,1785495213
2026-07-31T11:05:21Z,902,9,0,5,1,0,1,1,1,1785494386
2026-07-31T11:05:21Z,903,14,2,4,1,0,1,1,1,1785495658
2026-07-31T11:05:21Z,904,10,4,8,1,0,1,1,1,1785494841
2026-07-31T11:05:21Z,905,6,1,21,0,0,1,1,1,1785494947
2026-07-31T11:05:21Z,906,7,4,20,0,0,1,1,1,1785495709
2026-07-31T11:05:21Z,907,8,2,23,0,0,1,1,1,1785495599
2026-07-31T11:05:21Z,908,11,0,12,0,0,1,1,1,1785494830
2026-07-31T11:05:21Z,909,12,2,10,1,0,1,1,1,1785495385
2026-07-31T11:05:21Z,910,27,1,4,0,0,1,1,1,1785495358
2026-07-31T11:05:21Z,911,4,1,15,0,0,1,1,1,1785494384
2026-07-31T11:05:21Z,912,13,4,8,2,0,1,1,1,1785495869
2026-07-31T11:05:21Z,913,3,1,16,0,0,1,1,1,1785495367
2026-07-31T11:05:21Z,914,7,2,12,0,0,1,1,1,1785495707
2026-07-31T11:05:21Z,915,10,1,12,1,0,1,1,1,1785495447
2026-07-31T11:05:21Z,916,21,7,1,1,0,1,1,1,1785495390
2026-07-31T11:05:21Z,917,10,2,23,2,0,1,1,1,1785495605
2026-07-31T11:05:21Z,918,11,2,6,2,0,1,1,1,1785495824
2026-07-31T11:05:21Z,919,17,0,20,2,0,1,1,1,1785495712
2026-07-31T11:05:21Z,920,4,2,15,0,0,1,1,1,1785495178
2026-07-31T11:05:21Z,921,12,0,9,0,0,1,1,1,1785494520
2026-07-31T11:05:21Z,922,4,1,17,0,0,1,1,1,1785495326
2026-07-31T11:05:21Z,923,18,2,1,0,0,1,1,1,1785495041
2026-07-31T11:05:21Z,924,8,2,13,0,0,1,1,1,1785495533
2026-07-31T11:05:21Z,925,13,0,8,0,0,1,1,1,1785495000
2026-07-31T11:05:21Z,926,1,0,20,0,0,1,1,1,1785495862
2026-07-31T11:05:21Z,927,4,0,31,0,0,1,1,1,1785495555
2026-07-31T11:05:21Z,928,5,3,14,0,0,0,1,1,1785464301
2026-07-31T11:05:21Z,929,0,0,23,0,0,1,1,1,1785494153
2026-07-31T11:05:21Z,930,0,0,30,1,0,1,1,1,1785494757
2026-07-31T11:05:21Z,931,10,6,13,0,0,1,1,1,1785495645
2026-07-31T11:05:21Z,932,2,0,14,3,0,1,1,1,1785494905
2026-07-31T11:05:21Z,933,0,0,23,0,0,1,1,1,1785495120
2026-07-31T11:05:21Z,934,3,0,27,1,0,1,1,1,1785495638
2026-07-31T11:05:21Z,935,15,5,3,1,0,1,1,1,1785495814
2026-07-31T11:05:21Z,936,4,1,15,0,0,1,1,1,1785456801
2026-07-31T11:05:21Z,940,9,0,2,0,0,1,1,1,1785494277
2026-07-31T11:05:21Z,941,7,1,16,2,0,1,1,1,1785495714
2026-07-31T11:05:21Z,942,5,0,15,1,0,1,1,1,1785495645
2026-07-31T11:05:21Z,943,9,8,6,0,0,1,1,1,1785494750
2026-07-31T11:05:21Z,944,9,8,6,0,0,1,1,1,1785494569
2026-07-31T11:05:21Z,945,10,8,5,0,0,1,1,1,1785495897
2026-07-31T11:05:21Z,946,7,5,12,0,0,1,1,1,1785487593
2026-07-31T11:05:21Z,947,7,5,10,0,0,1,1,1,1785494583
2026-07-31T11:05:21Z,948,24,8,2,5,0,1,1,1,1785495734
2026-07-31T11:05:21Z,949,2,2,13,0,0,1,1,1,1785494791
2026-07-31T11:05:21Z,950,12,4,4,1,0,1,1,1,1785495646
2026-07-31T11:05:21Z,951,18,4,4,1,0,1,1,1,1785494804
2026-07-31T11:05:21Z,952,14,2,41,0,0,1,1,1,1785495907
2026-07-31T11:05:21Z,953,13,2,1,1,0,1,1,1,1785495667
2026-07-31T11:05:21Z,954,17,4,2,0,0,1,1,1,1785494699
2026-07-31T11:05:21Z,955,4,3,17,6,0,1,1,1,1785495493
2026-07-31T11:05:21Z,956,21,0,1,1,0,1,1,1,1785494630
2026-07-31T11:05:21Z,957,15,0,14,0,0,1,1,1,1785495812
2026-07-31T11:05:21Z,958,20,2,11,0,0,1,1,1,1785495820
2026-07-31T11:05:21Z,959,19,8,1,3,0,1,1,1,1785495057
2026-07-31T11:05:21Z,960,20,0,2,1,0,1,1,1,1785495290
2026-07-31T11:05:21Z,961,3,2,17,3,0,1,1,1,1785495309
2026-07-31T11:05:21Z,962,9,3,23,3,0,1,1,1,1785495584
2026-07-31T11:05:21Z,963,10,0,12,1,0,1,1,1,1785495357
2026-07-31T11:05:21Z,964,17,8,5,1,0,1,1,1,1785495780
2026-07-31T11:05:21Z,965,6,2,20,1,0,1,1,1,1785494797
2026-07-31T11:05:21Z,966,25,0,6,0,0,1,1,1,1785495325
2026-07-31T11:05:21Z,967,16,0,3,2,0,1,1,1,1785495684
2026-07-31T11:05:21Z,968,16,0,2,1,0,1,1,1,1785495709
2026-07-31T11:05:21Z,969,12,7,13,2,0,1,1,1,1785495721
2026-07-31T11:05:21Z,970,12,1,5,2,0,1,1,1,1785495261
2026-07-31T11:05:21Z,971,10,0,12,1,0,1,1,1,1785494888
2026-07-31T11:05:21Z,972,9,1,13,1,0,1,1,1,1785494556
2026-07-31T11:05:21Z,973,8,4,14,1,0,1,1,1,1785495889
2026-07-31T11:05:21Z,974,13,0,14,0,0,1,1,1,1785495829
2026-07-31T11:05:21Z,977,7,7,11,3,0,1,1,1,1785494819
2026-07-31T11:05:21Z,978,11,0,12,0,0,1,1,1,1785495689
2026-07-31T11:05:21Z,979,13,1,4,0,0,1,1,1,1785495892
2026-07-31T11:05:21Z,980,1,0,18,2,0,1,1,1,1785494154
2026-07-31T11:05:21Z,981,19,0,1,1,0,1,1,1,1785495624
2026-07-31T11:05:21Z,982,3,1,14,2,0,1,1,1,1785494617
2026-07-31T11:05:21Z,983,2,1,20,1,0,1,1,1,1785495041
2026-07-31T11:05:21Z,984,6,0,17,0,0,1,1,1,1785494231
2026-07-31T11:05:21Z,985,13,0,17,1,0,1,1,1,1785495638
2026-07-31T11:05:21Z,986,4,0,15,0,0,1,1,1,1785494615
2026-07-31T11:05:21Z,987,6,0,16,1,0,1,1,1,1785495159
2026-07-31T11:05:21Z,988,5,1,13,1,0,1,1,1,1785494770
2026-07-31T11:05:21Z,989,9,4,10,0,0,1,1,1,1785495574
2026-07-31T11:05:21Z,990,13,1,0,2,0,1,1,1,1785494814
2026-07-31T11:05:21Z,991,10,2,8,1,0,1,1,1,1785494486
2026-07-31T11:05:21Z,992,10,7,12,1,0,1,1,1,1785495363
2026-07-31T11:05:21Z,993,0,0,27,0,0,1,1,1,1785476008
2026-07-31T11:05:21Z,994,3,1,18,0,0,1,1,1,1785495577
2026-07-31T11:05:21Z,995,7,1,20,0,0,1,1,1,1785494798
2026-07-31T11:05:21Z,996,8,1,15,0,0,1,1,1,1785494597
2026-07-31T11:05:21Z,997,10,5,10,3,0,1,1,1,1785495817
2026-07-31T11:05:21Z,998,3,3,19,1,0,1,1,1,1785494910
2026-07-31T11:05:21Z,999,2,0,16,2,1,1,1,1,1785494682
2026-07-31T11:05:21Z,1000,5,2,16,0,0,1,1,1,1785495478
2026-07-31T11:05:21Z,1001,2,1,25,0,0,1,1,1,1785494937
2026-07-31T11:05:21Z,1002,0,0,27,4,0,1,1,1,1785494944
2026-07-31T11:05:21Z,1003,0,0,22,1,0,1,1,1,1785494558
2026-07-31T11:05:21Z,1004,8,1,15,0,0,1,1,1,1785495816
2026-07-31T11:05:21Z,1005,20,1,3,0,0,1,1,1,1785494747
2026-07-31T11:05:21Z,1006,7,4,11,1,0,1,1,1,1785494579
2026-07-31T11:05:21Z,1007,2,1,19,0,0,1,1,1,1785494212
2026-07-31T11:05:21Z,1008,6,5,15,2,0,1,1,1,1785495538
2026-07-31T11:05:21Z,1009,19,2,8,4,0,1,1,1,1785495405
2026-07-31T11:05:21Z,1010,7,2,20,0,0,1,1,1,1785494423
2026-07-31T11:05:21Z,1011,8,2,9,2,0,1,1,1,1785494952
2026-07-31T11:05:21Z,1012,4,3,18,1,0,1,1,1,1785494514
2026-07-31T11:05:21Z,1013,4,1,18,1,0,1,1,1,1785495107
2026-07-31T11:05:21Z,1014,7,2,13,3,0,1,1,1,1785495033
2026-07-31T11:05:21Z,1015,3,1,25,3,0,1,1,1,1785495318
2026-07-31T11:05:21Z,1016,9,5,22,0,0,1,1,1,1785495512
2026-07-31T11:05:21Z,1017,14,5,7,0,0,1,1,1,1785495735
2026-07-31T11:05:21Z,1018,7,2,15,0,0,1,1,1,1785494600
2026-07-31T11:05:21Z,1019,9,6,6,0,0,1,1,1,1785494522
2026-07-31T11:05:21Z,1020,18,3,3,0,0,1,1,1,1785495605
2026-07-31T11:05:21Z,1021,9,3,5,1,0,1,1,1,1785495324
2026-07-31T11:05:21Z,1022,14,0,13,0,0,1,1,1,1785494698
2026-07-31T11:05:21Z,1023,13,1,9,1,0,1,1,1,1785494337
2026-07-31T11:05:21Z,1024,5,2,13,1,0,1,1,1,1785495332
2026-07-31T11:05:21Z,1025,4,0,14,0,1,1,1,1,1785494665
2026-07-31T11:05:21Z,1026,7,4,18,6,0,1,1,1,1785495687
2026-07-31T11:05:21Z,1028,2,0,20,1,0,1,1,1,1785494692
2026-07-31T11:05:21Z,1029,9,9,5,1,0,1,1,1,1785495621
2026-07-31T11:05:21Z,1030,14,5,9,0,0,1,1,1,1785495375
2026-07-31T11:05:21Z,1031,8,0,11,0,0,1,1,1,1785495734
2026-07-31T11:05:21Z,1032,7,1,12,0,0,1,1,1,1785494584
2026-07-31T11:05:21Z,1033,9,5,8,2,0,1,1,1,1785495398
2026-07-31T11:05:21Z,1034,2,0,13,0,0,1,1,1,1785494594
2026-07-31T11:05:21Z,1035,1,0,16,2,0,1,1,1,1785494632
2026-07-31T11:05:21Z,1036,14,0,1,0,0,1,1,1,1785495175
2026-07-31T11:05:21Z,1037,5,0,13,1,0,1,1,1,1785495415
2026-07-31T11:05:21Z,1038,2,0,12,1,0,1,1,1,1785494293
2026-07-31T11:05:21Z,1039,7,2,12,0,0,1,1,1,1785494738
2026-07-31T11:05:21Z,1040,7,3,10,2,0,1,1,1,1785494624
2026-07-31T11:05:21Z,1041,10,3,8,1,0,1,1,1,1785495322
2026-07-31T11:05:21Z,1042,12,1,1,2,0,1,1,1,1785494675
2026-07-31T11:05:21Z,1043,10,0,6,3,0,1,1,1,1785494659
2026-07-31T11:05:21Z,1044,2,1,12,1,0,1,1,1,1785494348
2026-07-31T11:05:21Z,1045,10,0,9,0,0,1,1,1,1785494570
2026-07-31T11:05:21Z,1046,8,0,7,0,0,1,1,1,1785495785
2026-07-31T11:05:21Z,1047,5,0,16,0,0,1,1,1,1785495753
2026-07-31T11:05:21Z,1048,10,1,9,0,0,1,1,1,1785494548
2026-07-31T11:05:21Z,1049,5,0,16,0,0,1,1,1,1785494615
2026-07-31T11:05:21Z,1050,17,4,4,0,0,1,1,1,1785495713
2026-07-31T11:05:21Z,1051,8,3,13,0,0,1,1,1,1785495603
2026-07-31T11:05:21Z,1052,17,2,5,0,0,1,1,1,1785494413
2026-07-31T11:05:21Z,1053,2,1,13,0,0,1,1,1,1785494474
2026-07-31T11:05:21Z,1054,14,1,1,0,0,1,1,1,1785494734
2026-07-31T11:05:21Z,1055,8,2,11,0,0,1,1,1,1785494715
2026-07-31T11:05:21Z,1057,17,0,1,1,0,1,1,1,1785495401
2026-07-31T11:05:21Z,1058,4,0,51,1,0,1,1,1,1785495580
2026-07-31T11:05:21Z,1059,0,0,18,1,0,1,1,1,1785494603
2026-07-31T11:05:21Z,1060,31,0,6,0,0,1,1,1,1785495425
2026-07-31T11:05:21Z,1061,14,1,22,1,0,1,1,1,1785494725
2026-07-31T11:05:21Z,1062,4,2,13,0,0,1,1,1,1785495641
2026-07-31T11:05:21Z,1063,12,1,6,1,0,1,1,1,1785494627
2026-07-31T11:05:21Z,1064,3,0,19,1,0,1,1,1,1785494961
2026-07-31T11:05:21Z,1065,16,3,7,0,0,1,1,1,1785495203
2026-07-31T11:05:21Z,1066,10,2,13,0,0,1,1,1,1785495027
2026-07-31T11:05:21Z,1067,8,2,13,2,0,1,1,1,1785495295
2026-07-31T11:05:21Z,1068,8,2,13,2,0,1,1,1,1785494788
2026-07-31T11:05:21Z,1069,12,3,11,0,0,1,1,1,1785494836
2026-07-31T11:05:21Z,1070,12,2,11,0,0,1,1,1,1785494933
2026-07-31T11:05:21Z,1071,7,4,16,0,0,1,1,1,1785494971
2026-07-31T11:05:21Z,1072,11,1,11,1,0,1,1,1,1785495366
2026-07-31T11:05:21Z,1073,21,2,5,1,0,1,1,1,1785494747
2026-07-31T11:05:21Z,1074,1,0,51,1,0,1,1,1,1785494870
2026-07-31T11:05:21Z,1075,10,10,11,0,0,1,1,1,1785494340
2026-07-31T11:05:21Z,1076,15,12,6,0,0,1,1,1,1785495595
2026-07-31T11:05:21Z,1077,8,5,13,0,0,1,1,1,1785494558
2026-07-31T11:05:21Z,1078,11,10,10,0,0,1,1,1,1785495638
2026-07-31T11:05:21Z,1079,11,8,10,0,0,1,1,1,1785494447
2026-07-31T11:05:21Z,1080,10,8,10,1,0,1,1,1,1785495049
2026-07-31T11:05:21Z,1081,13,8,6,0,0,1,1,1,1785495433
2026-07-31T11:05:21Z,1082,7,7,1,0,0,1,1,1,1785494909
2026-07-31T11:05:21Z,1083,13,11,8,0,0,1,1,1,1785494718
2026-07-31T11:05:21Z,1084,9,8,12,0,0,1,1,1,1785494334
2026-07-31T11:05:21Z,1085,10,10,11,0,0,1,1,1,1785495802
2026-07-31T11:05:21Z,1086,0,0,20,1,0,1,1,1,1785494687
2026-07-31T11:05:21Z,1087,12,7,3,0,0,1,1,1,1785495685
2026-07-31T11:05:21Z,1088,10,7,5,0,0,1,1,1,1785494630
2026-07-31T11:05:21Z,1089,5,3,10,0,0,1,1,1,1785494983
2026-07-31T11:05:21Z,1090,10,9,5,0,0,1,1,1,1785495514
2026-07-31T11:05:21Z,1091,12,7,3,0,0,1,1,1,1785495427
2026-07-31T11:05:21Z,1092,9,9,5,1,0,1,1,1,1785494973
2026-07-31T11:05:21Z,1093,7,6,8,0,0,1,1,1,1785495335
2026-07-31T11:05:21Z,1094,11,9,7,1,0,1,1,1,1785495381
2026-07-31T11:05:21Z,1095,8,7,7,0,0,1,1,1,1785495275
2026-07-31T11:05:21Z,1096,3,1,15,1,0,1,1,1,1785494947
2026-07-31T11:05:21Z,1097,9,9,6,0,0,1,1,1,1785495160
2026-07-31T11:05:21Z,1098,9,7,10,0,0,1,1,1,1785495503
2026-07-31T11:05:21Z,1099,7,6,8,0,0,1,1,1,1785494417
2026-07-31T11:05:21Z,1100,8,4,21,0,0,1,1,1,1785493678
2026-07-31T11:05:21Z,1101,9,5,12,0,0,1,1,1,1785494312
2026-07-31T11:05:21Z,1102,9,4,4,0,0,1,1,1,1785495408
2026-07-31T11:05:21Z,1103,10,5,11,0,0,1,1,1,1785487895
2026-07-31T11:05:21Z,1104,10,5,11,0,0,1,1,1,1785495885
2026-07-31T11:05:21Z,1105,8,4,5,0,0,1,1,1,1785495294
2026-07-31T11:05:21Z,1106,10,5,11,0,0,1,1,1,1785494408
2026-07-31T11:05:21Z,1107,9,5,6,0,0,1,1,1,1785494696
2026-07-31T11:05:21Z,1108,8,4,16,2,1,1,1,1,1785495198
2026-07-31T11:05:21Z,1109,6,1,9,0,0,1,1,1,1785494651
2026-07-31T11:05:21Z,1110,12,4,9,0,0,1,1,1,1785495753
2026-07-31T11:05:21Z,1111,3,2,18,0,0,1,1,1,1785475740
2026-07-31T11:05:21Z,1112,37,0,16,0,0,1,1,1,1785495074
2026-07-31T11:05:21Z,1113,1,0,20,0,0,1,1,1,1785495705
2026-07-31T11:05:21Z,1115,17,5,3,3,0,1,1,1,1785495105
2026-07-31T11:05:21Z,1116,5,1,14,0,0,1,1,1,1785494602
2026-07-31T11:05:21Z,1117,12,3,9,2,0,1,1,1,1785495844
2026-07-31T11:05:21Z,1118,18,1,2,1,0,1,1,1,1785495778
2026-07-31T11:05:21Z,1119,13,1,4,0,0,1,1,1,1785495617
2026-07-31T11:05:21Z,1120,13,0,6,0,0,1,1,1,1785494684
2026-07-31T11:05:21Z,1121,12,1,6,3,0,1,1,1,1785495051
2026-07-31T11:05:21Z,1122,14,9,4,3,0,1,1,1,1785495820
2026-07-31T11:05:21Z,1123,5,2,16,2,0,1,1,1,1785495894
2026-07-31T11:05:21Z,1124,10,2,1,4,0,1,1,1,1785495626
2026-07-31T11:05:21Z,1125,15,1,8,0,0,1,1,1,1785494884
2026-07-31T11:05:21Z,1126,3,0,17,1,0,1,1,1,1785495719
2026-07-31T11:05:21Z,1127,5,0,13,1,0,1,1,1,1785495396
2026-07-31T11:05:21Z,1128,14,2,0,1,0,1,1,1,1785494602
2026-07-31T11:05:21Z,1129,1,1,19,1,0,1,1,1,1785494639
2026-07-31T11:05:21Z,1130,8,0,7,0,0,1,1,1,1785495578
2026-07-31T11:05:21Z,1131,0,0,48,1,0,1,1,1,1785495393
2026-07-31T11:05:21Z,1132,13,6,7,1,0,1,1,1,1785494323
2026-07-31T11:05:21Z,1133,15,12,4,2,0,1,1,1,1785495535
2026-07-31T11:05:21Z,1134,10,5,9,0,0,1,1,1,1785495109
2026-07-31T11:05:21Z,1135,10,5,11,0,0,1,1,1,1785494207
2026-07-31T11:05:21Z,1136,6,0,17,0,0,1,1,1,1785495284
2026-07-31T11:05:21Z,1137,13,0,2,0,0,1,1,1,1785494521
2026-07-31T11:05:21Z,1138,16,3,3,0,0,1,1,1,1785495313
2026-07-31T11:05:21Z,1139,17,4,3,1,0,1,1,1,1785495090
2026-07-31T11:05:21Z,1140,21,2,1,1,0,1,1,1,1785494321
2026-07-31T11:05:21Z,1141,2,0,19,0,0,1,1,1,1785495819
2026-07-31T11:05:21Z,1142,2,0,19,0,0,1,1,1,1785495239
2026-07-31T11:05:21Z,1143,18,0,10,1,0,1,1,1,1785495759
2026-07-31T11:05:21Z,1144,7,1,13,1,0,1,1,1,1785494843
2026-07-31T11:05:21Z,1145,13,6,7,1,0,1,1,1,1785494985
2026-07-31T11:05:21Z,1146,6,0,9,4,0,1,1,1,1785495894
2026-07-31T11:05:21Z,1147,3,0,16,0,0,1,1,1,1785494529
2026-07-31T11:05:21Z,1148,23,6,8,0,0,1,1,1,1785495627
2026-07-31T11:05:21Z,1149,4,3,21,0,0,1,1,1,1785494517
2026-07-31T11:05:21Z,1150,16,0,3,0,0,1,1,1,1785495069
2026-07-31T11:05:21Z,1151,12,0,9,0,0,1,1,1,1785495250
2026-07-31T11:05:21Z,1152,21,0,8,0,0,1,1,1,1785495725
2026-07-31T11:05:21Z,1153,20,6,2,1,0,1,1,1,1785495139
2026-07-31T11:05:21Z,1154,13,1,6,0,0,1,1,1,1785495844
2026-07-31T11:05:21Z,1155,16,7,4,1,0,1,1,1,1785495268
2026-07-31T11:05:21Z,1158,3,0,15,1,0,1,1,1,1785494492
2026-07-31T11:05:21Z,1159,13,1,6,0,0,1,1,1,1785494847
2026-07-31T11:05:21Z,1160,8,1,10,1,0,1,1,1,1785495581
2026-07-31T11:05:21Z,1161,3,0,15,1,0,1,1,1,1785494982
2026-07-31T11:05:21Z,1162,2,1,17,0,0,1,1,1,1785495232
2026-07-31T11:05:21Z,1163,1,1,17,1,0,1,1,1,1785494610
2026-07-31T11:05:21Z,1164,6,1,13,0,0,1,1,1,1785494668
2026-07-31T11:05:21Z,1165,5,0,16,0,0,1,1,1,1785495401
2026-07-31T11:05:21Z,1166,12,2,8,1,0,1,1,1,1785494917
2026-07-31T11:05:21Z,1167,4,0,11,0,0,1,1,1,1785494374
2026-07-31T11:05:21Z,1168,1,1,21,1,0,1,1,1,1785495202
2026-07-31T11:05:21Z,1169,3,0,15,1,0,1,1,1,1785494514
2026-07-31T11:05:21Z,1170,6,0,14,1,0,1,1,1,1785494887
2026-07-31T11:05:21Z,1171,7,6,15,1,0,1,1,1,1785494561
2026-07-31T11:05:21Z,1172,6,2,7,2,0,1,1,1,1785494782
2026-07-31T11:05:21Z,1173,13,5,6,0,0,1,1,1,1785494763
2026-07-31T11:05:21Z,1174,7,4,8,0,0,1,1,1,1785494442
2026-07-31T11:05:21Z,1175,6,3,13,0,0,1,1,1,1785494939
2026-07-31T11:05:21Z,1176,19,1,2,0,0,1,1,1,1785495785
2026-07-31T11:05:21Z,1177,3,1,18,0,0,1,1,1,1785495709
2026-07-31T11:05:21Z,1178,2,1,13,0,0,1,1,1,1785494408
2026-07-31T11:05:21Z,1181,11,0,3,1,0,1,1,1,1785492552
2026-07-31T11:05:21Z,1182,2,0,18,0,0,1,1,1,1785495794
2026-07-31T11:05:21Z,1183,2,0,41,2,0,1,1,1,1785494469
2026-07-31T11:05:21Z,1184,11,5,9,1,0,1,1,1,1785495891
2026-07-31T11:05:21Z,1185,10,5,11,0,0,1,1,1,1785495839
2026-07-31T11:05:21Z,1186,9,5,10,0,0,1,1,1,1785495032
2026-07-31T11:05:21Z,1187,12,6,8,1,0,1,1,1,1785495374
2026-07-31T11:05:21Z,1188,10,5,5,0,0,1,1,1,1785494702
2026-07-31T11:05:21Z,1189,10,5,9,0,0,1,1,1,1785494792
2026-07-31T11:05:21Z,1190,9,5,12,0,0,1,1,1,1785495779
2026-07-31T11:05:21Z,1191,10,5,5,0,0,1,1,1,1785494709
2026-07-31T11:05:21Z,1192,10,6,10,1,0,1,1,1,1785494555
2026-07-31T11:05:21Z,1193,6,4,5,2,0,1,1,1,1785495542
2026-07-31T11:05:21Z,1197,9,6,7,1,0,1,1,1,1785495489
2026-07-31T11:05:21Z,1198,14,4,5,2,0,1,1,1,1785495080
2026-07-31T11:05:21Z,1199,2,0,17,0,0,1,1,1,1785495091
2026-07-31T11:05:21Z,1200,11,5,4,0,0,1,1,1,1785494745
2026-07-31T11:05:21Z,1201,11,5,4,0,0,1,1,1,1785494722
2026-07-31T11:05:21Z,1202,12,6,3,0,0,1,1,1,1785494823
2026-07-31T11:05:21Z,1203,10,5,5,0,0,1,1,1,1785495293
2026-07-31T11:05:21Z,1204,7,3,11,1,0,1,1,1,1785494468
2026-07-31T11:05:21Z,1206,11,5,10,0,0,1,1,1,1785495503
2026-07-31T11:05:21Z,1207,8,4,6,1,0,1,1,1,1785495035
2026-07-31T11:05:21Z,1208,7,2,11,1,0,1,1,1,1785494946
2026-07-31T11:05:21Z,1216,7,0,13,1,0,1,1,1,1785495732
2026-07-31T11:05:21Z,1218,4,0,17,0,0,1,1,1,1785494310
2026-07-31T11:05:21Z,1219,6,1,8,1,0,1,1,1,1785494172
2026-07-31T11:05:21Z,1220,15,8,4,0,0,1,1,1,1785495759
2026-07-31T11:05:21Z,1221,1,1,19,1,0,1,1,1,1785495439
2026-07-31T11:05:21Z,1222,28,1,1,0,0,1,1,1,1785494572
2026-07-31T11:05:21Z,1223,22,0,7,0,0,1,1,1,1785495465
2026-07-31T11:05:21Z,1226,0,0,3,0,0,0,1,1,1781868931
2026-07-31T11:05:21Z,1227,21,1,4,0,0,1,1,1,1785494414
2026-07-31T11:05:21Z,1228,15,0,13,1,0,1,1,1,1785495502
2026-07-31T11:05:21Z,1229,35,1,10,0,0,1,1,1,1785495875
2026-07-31T11:10:21Z,1,4,0,19,0,0,1,1,1,1785494930
2026-07-31T11:10:21Z,2,21,0,3,3,0,1,1,1,1785492483
2026-07-31T11:10:21Z,3,9,0,4,1,0,1,1,1,1785496203
2026-07-31T11:10:21Z,4,1,0,20,1,0,1,1,1,1785487895
2026-07-31T11:10:21Z,5,10,3,12,1,0,1,1,1,1785495606
2026-07-31T11:10:21Z,6,4,0,11,0,0,1,1,1,1785495229
2026-07-31T11:10:21Z,7,1,0,38,0,0,1,1,1,1785492363
2026-07-31T11:10:21Z,8,2,1,41,0,0,1,1,1,1785496124
2026-07-31T11:10:21Z,9,2,1,20,1,0,1,1,1,1785495678
2026-07-31T11:10:21Z,10,1,0,20,3,0,1,1,1,1785496199
2026-07-31T11:10:21Z,11,16,6,2,1,0,1,1,1,1785494936
2026-07-31T11:10:21Z,12,0,0,23,0,0,1,1,1,1785490105
2026-07-31T11:10:21Z,13,11,0,19,0,0,1,1,1,1785488834
2026-07-31T11:10:21Z,14,4,0,38,0,1,1,1,1,1785494830
2026-07-31T11:10:21Z,15,3,0,12,0,0,1,1,1,1785488861
2026-07-31T11:10:21Z,16,8,0,16,2,1,1,1,1,1785487292
2026-07-31T11:10:21Z,17,6,0,20,1,0,1,1,1,1785495851
2026-07-31T11:10:21Z,18,6,0,10,2,0,1,1,1,1785494953
2026-07-31T11:10:21Z,19,12,0,14,1,0,1,1,1,1785495614
2026-07-31T11:10:21Z,20,31,0,4,0,0,1,1,1,1785491965
2026-07-31T11:10:21Z,21,4,0,14,1,0,1,1,1,1785496017
2026-07-31T11:10:21Z,22,20,0,44,1,0,1,1,1,1785495405
2026-07-31T11:10:21Z,23,11,5,20,0,0,1,1,1,1785495531
2026-07-31T11:10:21Z,24,1,0,8,2,0,1,1,1,1785496213
2026-07-31T11:10:21Z,25,3,2,77,0,1,1,1,1,1785496169
2026-07-31T11:10:21Z,26,1,0,26,0,0,1,1,1,1785491464
2026-07-31T11:10:21Z,28,11,3,4,0,0,1,1,1,1785495670
2026-07-31T11:10:21Z,30,2,1,26,1,0,1,1,1,1785495459
2026-07-31T11:10:21Z,31,0,0,17,2,0,1,1,1,1785496005
2026-07-31T11:10:21Z,32,17,0,10,0,0,1,1,1,1785495139
2026-07-31T11:10:21Z,34,7,2,29,1,0,1,1,1,1785495825
2026-07-31T11:10:21Z,35,5,3,41,1,0,1,1,1,1785496103
2026-07-31T11:10:21Z,36,0,0,0,0,0,0,1,1,86400
2026-07-31T11:10:21Z,37,1,0,22,0,0,1,1,1,1785495848
2026-07-31T11:10:21Z,38,3,0,20,0,0,1,1,1,1785496152
2026-07-31T11:10:21Z,39,22,5,17,0,0,1,1,1,1785495289
2026-07-31T11:10:21Z,40,19,0,1,1,0,1,1,1,1785495818
2026-07-31T11:10:21Z,41,6,3,36,1,0,1,1,1,1785495782
2026-07-31T11:10:21Z,42,31,8,0,0,0,1,1,1,1785472558
2026-07-31T11:10:21Z,43,5,0,18,0,0,1,1,1,1785490390
2026-07-31T11:10:21Z,45,6,3,22,1,0,1,1,1,1785496085
2026-07-31T11:10:21Z,46,11,1,20,0,0,1,1,1,1785496120
2026-07-31T11:10:21Z,47,10,6,4,1,0,1,1,1,1785495668
2026-07-31T11:10:21Z,48,6,0,21,0,0,1,1,1,1785496205
2026-07-31T11:10:21Z,49,5,0,15,3,0,1,1,1,1785496218
2026-07-31T11:10:21Z,50,18,11,1,0,0,1,1,1,1785495744
2026-07-31T11:10:21Z,51,68,0,9,0,0,1,1,1,1785487292
2026-07-31T11:10:21Z,52,1,0,23,3,0,1,1,1,1785496064
2026-07-31T11:10:21Z,55,3,1,20,0,0,1,1,1,1785496094
2026-07-31T11:10:21Z,56,3,0,40,0,0,1,1,1,1785495988
2026-07-31T11:10:21Z,57,0,0,27,0,0,1,1,1,1785494456
2026-07-31T11:10:21Z,58,2,1,26,0,0,1,1,1,1785495616
2026-07-31T11:10:21Z,59,4,0,21,2,0,1,1,1,1785496214
2026-07-31T11:10:21Z,61,2,1,37,0,0,1,1,1,1785491414
2026-07-31T11:10:21Z,62,10,4,38,1,0,1,1,1,1785496208
2026-07-31T11:10:21Z,63,12,0,7,0,0,1,1,1,1785496214
2026-07-31T11:10:21Z,64,10,1,5,4,0,1,1,1,1785493091
2026-07-31T11:10:21Z,65,16,7,2,1,0,1,1,1,1785491350
2026-07-31T11:10:21Z,67,18,0,21,0,0,1,1,1,1785495722
2026-07-31T11:10:21Z,68,2,0,35,0,0,1,1,1,1785495122
2026-07-31T11:10:21Z,69,11,0,4,0,0,1,1,1,1785495677
2026-07-31T11:10:21Z,71,3,0,23,1,0,1,1,1,1785496171
2026-07-31T11:10:21Z,72,20,5,9,2,0,1,1,1,1785494665
2026-07-31T11:10:21Z,73,5,0,26,0,0,1,1,1,1785495341
2026-07-31T11:10:21Z,74,11,5,8,0,0,1,1,1,1785495797
2026-07-31T11:10:21Z,75,4,0,27,1,0,1,1,1,1785495138
2026-07-31T11:10:21Z,76,18,0,0,1,0,1,1,1,1785496216
2026-07-31T11:10:21Z,77,24,0,2,1,0,1,1,1,1785494000
2026-07-31T11:10:21Z,78,8,4,14,1,0,1,1,1,1785495835
2026-07-31T11:10:21Z,79,3,3,13,1,0,1,1,1,1785494899
2026-07-31T11:10:21Z,80,17,1,3,3,0,1,1,1,1785496135
2026-07-31T11:10:21Z,81,5,1,26,0,0,1,1,1,1785495915
2026-07-31T11:10:21Z,82,14,1,9,0,0,1,1,1,1785495226
2026-07-31T11:10:21Z,83,7,2,25,2,0,1,1,1,1785496180
2026-07-31T11:10:21Z,84,23,0,4,0,0,1,1,1,1785493962
2026-07-31T11:10:21Z,85,3,1,12,0,0,1,1,1,1785495661
2026-07-31T11:10:21Z,86,25,0,1,1,0,1,1,1,1785486691
2026-07-31T11:10:21Z,87,11,0,8,0,0,1,1,1,1785495937
2026-07-31T11:10:21Z,88,4,0,38,1,0,1,1,1,1785496053
2026-07-31T11:10:21Z,89,22,0,13,0,0,1,1,1,1785487292
2026-07-31T11:10:21Z,90,6,2,10,2,0,1,1,1,1785495721
2026-07-31T11:10:21Z,91,14,0,3,0,0,1,1,1,1785496160
2026-07-31T11:10:21Z,92,9,1,7,3,0,1,1,1,1785496159
2026-07-31T11:10:21Z,93,2,0,21,0,0,1,1,1,1785495930
2026-07-31T11:10:21Z,94,3,0,15,1,0,1,1,1,1785492659
2026-07-31T11:10:21Z,95,24,1,9,1,1,1,1,1,1785495977
2026-07-31T11:10:21Z,96,28,0,2,1,0,1,1,1,1785491842
2026-07-31T11:10:21Z,97,1,1,15,1,0,1,1,1,1785495936
2026-07-31T11:10:21Z,98,22,0,12,1,0,1,1,1,1785495695
2026-07-31T11:10:21Z,99,3,0,12,0,0,1,1,1,1785495473
2026-07-31T11:10:21Z,100,1,0,26,0,0,1,1,1,1785494789
2026-07-31T11:10:21Z,101,1,0,13,1,0,1,1,1,1785494152
2026-07-31T11:10:21Z,102,0,0,23,0,0,1,1,1,1785487553
2026-07-31T11:10:21Z,103,11,1,19,0,0,1,1,1,1785496194
2026-07-31T11:10:21Z,104,0,0,25,2,0,1,1,1,1785496210
2026-07-31T11:10:21Z,105,14,1,5,0,0,1,1,1,1785495616
2026-07-31T11:10:21Z,106,2,0,19,0,0,1,1,1,1785494608
2026-07-31T11:10:21Z,107,2,1,35,0,0,1,1,1,1785496008
2026-07-31T11:10:21Z,108,11,2,23,1,0,1,1,1,1785496001
2026-07-31T11:10:21Z,109,20,0,3,0,0,1,1,1,1785496150
2026-07-31T11:10:21Z,110,12,0,11,0,0,1,1,1,1785493883
2026-07-31T11:10:21Z,111,0,0,36,0,0,1,1,1,1785494653
2026-07-31T11:10:21Z,112,1,0,13,1,0,1,1,1,1785494789
2026-07-31T11:10:21Z,113,6,0,11,2,0,1,1,1,1785496210
2026-07-31T11:10:21Z,114,6,6,23,1,1,1,1,1,1785496184
2026-07-31T11:10:21Z,115,5,2,22,1,0,1,1,1,1785494872
2026-07-31T11:10:21Z,116,3,3,23,1,0,1,1,1,1785487594
2026-07-31T11:10:21Z,118,20,9,0,3,0,1,1,1,1785495475
2026-07-31T11:10:21Z,119,24,2,10,4,0,1,1,1,1785495974
2026-07-31T11:10:21Z,120,21,1,5,1,0,1,1,1,1785496194
2026-07-31T11:10:21Z,121,3,1,15,0,1,1,1,1,1785496213
2026-07-31T11:10:21Z,122,8,1,12,1,0,1,1,1,1785495940
2026-07-31T11:10:21Z,123,8,2,39,0,0,1,1,1,1785495830
2026-07-31T11:10:21Z,124,29,0,6,0,0,1,1,1,1785495702
2026-07-31T11:10:21Z,125,8,4,15,0,0,1,1,1,1785496188
2026-07-31T11:10:21Z,126,24,2,7,0,0,1,1,1,1785495920
2026-07-31T11:10:21Z,127,10,2,24,1,0,1,1,1,1785495956
2026-07-31T11:10:21Z,128,17,1,2,0,0,1,1,1,1785490685
2026-07-31T11:10:21Z,129,15,1,2,2,0,1,1,1,1785496201
2026-07-31T11:10:21Z,130,5,1,12,0,0,1,1,1,1785495263
2026-07-31T11:10:21Z,131,9,3,0,2,0,1,1,1,1785495384
2026-07-31T11:10:21Z,132,13,6,1,0,1,1,1,1,1785494491
2026-07-31T11:10:21Z,134,3,0,15,5,0,1,1,1,1785496188
2026-07-31T11:10:21Z,135,5,4,13,1,0,1,1,1,1785495502
2026-07-31T11:10:21Z,136,5,0,10,1,7,1,1,1,1785496156
2026-07-31T11:10:21Z,137,7,1,12,0,0,1,1,1,1785495882
2026-07-31T11:10:21Z,138,35,2,2,0,0,1,1,1,1785496031
2026-07-31T11:10:21Z,139,15,3,4,0,0,1,1,1,1785495424
2026-07-31T11:10:21Z,140,9,6,13,1,0,1,1,1,1785496214
2026-07-31T11:10:21Z,141,31,0,5,0,0,1,1,1,1785496113
2026-07-31T11:10:21Z,142,22,1,1,0,0,1,1,1,1785494365
2026-07-31T11:10:21Z,143,12,2,18,1,0,1,1,1,1785495874
2026-07-31T11:10:21Z,144,23,0,4,0,0,1,1,1,1785495520
2026-07-31T11:10:21Z,146,5,1,17,1,0,1,1,1,1785495397
2026-07-31T11:10:21Z,147,11,2,6,2,0,1,1,1,1785496030
2026-07-31T11:10:21Z,148,20,0,6,0,1,1,1,1,1785496177
2026-07-31T11:10:21Z,149,17,3,9,1,0,1,1,1,1785495142
2026-07-31T11:10:21Z,150,22,6,10,3,0,1,1,1,1785496154
2026-07-31T11:10:21Z,151,18,6,5,0,0,1,1,1,1785495470
2026-07-31T11:10:21Z,152,16,2,7,4,0,1,1,1,1785496154
2026-07-31T11:10:21Z,153,17,2,8,6,0,1,1,1,1785496215
2026-07-31T11:10:21Z,154,16,2,4,3,0,1,1,1,1785496140
2026-07-31T11:10:21Z,155,10,4,3,1,0,1,1,1,1785495952
2026-07-31T11:10:21Z,156,12,1,7,0,0,1,1,1,1785495804
2026-07-31T11:10:21Z,157,12,0,13,2,0,1,1,1,1785495994
2026-07-31T11:10:21Z,158,16,2,0,0,0,1,1,1,1785495734
2026-07-31T11:10:21Z,159,2,1,17,0,0,1,1,1,1785494564
2026-07-31T11:10:21Z,160,16,0,3,0,0,1,1,1,1785496016
2026-07-31T11:10:21Z,161,19,4,3,0,0,1,1,1,1785496062
2026-07-31T11:10:21Z,162,12,0,14,1,0,1,1,1,1785496015
2026-07-31T11:10:21Z,163,23,2,7,0,1,1,1,1,1785496177
2026-07-31T11:10:21Z,164,23,6,3,1,0,1,1,1,1785496022
2026-07-31T11:10:21Z,165,22,10,8,1,0,1,1,1,1785496046
2026-07-31T11:10:21Z,166,32,8,3,4,0,1,1,1,1785496211
2026-07-31T11:10:21Z,167,17,9,4,2,0,1,1,1,1785496162
2026-07-31T11:10:21Z,168,15,0,10,2,0,1,1,1,1785495943
2026-07-31T11:10:21Z,169,0,0,22,0,1,1,1,1,1785495705
2026-07-31T11:10:21Z,170,17,5,1,1,0,1,1,1,1785495962
2026-07-31T11:10:21Z,171,7,2,4,2,0,1,1,1,1785496135
2026-07-31T11:10:21Z,173,37,0,2,0,0,1,1,1,1785495918
2026-07-31T11:10:21Z,174,20,1,4,2,0,1,1,1,1785494757
2026-07-31T11:10:21Z,175,7,0,24,0,0,1,1,1,1785494988
2026-07-31T11:10:21Z,176,5,1,9,0,1,1,1,1,1785495966
2026-07-31T11:10:21Z,177,19,2,8,0,0,1,1,1,1785496058
2026-07-31T11:10:21Z,178,2,0,10,2,1,1,1,1,1785496216
2026-07-31T11:10:21Z,179,12,1,2,1,0,1,1,1,1785495744
2026-07-31T11:10:21Z,180,2,0,28,0,0,1,1,1,1785496018
2026-07-31T11:10:21Z,181,11,0,3,1,0,1,1,1,1785495767
2026-07-31T11:10:21Z,182,11,1,6,0,0,1,1,1,1785494826
2026-07-31T11:10:21Z,183,12,0,11,0,0,1,1,1,1785494891
2026-07-31T11:10:21Z,184,5,1,17,1,0,1,1,1,1785495998
2026-07-31T11:10:21Z,185,11,1,1,2,1,1,1,1,1785493425
2026-07-31T11:10:21Z,186,3,0,16,0,0,1,1,1,1785492102
2026-07-31T11:10:21Z,187,10,0,17,1,0,1,1,1,1785495039
2026-07-31T11:10:21Z,188,11,0,8,7,1,1,1,1,1785496134
2026-07-31T11:10:21Z,189,14,4,1,0,0,1,1,1,1785493971
2026-07-31T11:10:21Z,190,5,1,18,0,0,1,1,1,1785496202
2026-07-31T11:10:21Z,191,2,0,37,0,0,1,1,1,1785494702
2026-07-31T11:10:21Z,192,11,3,17,3,0,1,1,1,1785495088
2026-07-31T11:10:21Z,193,1,0,13,1,0,1,1,1,1785496004
2026-07-31T11:10:21Z,194,12,1,14,1,0,1,1,1,1785495357
2026-07-31T11:10:21Z,195,11,3,8,0,0,1,1,1,1785495900
2026-07-31T11:10:21Z,196,17,1,10,0,0,1,1,1,1785496073
2026-07-31T11:10:21Z,197,16,3,1,1,1,1,1,1,1785489625
2026-07-31T11:10:21Z,198,17,15,6,0,0,1,1,1,1785494878
2026-07-31T11:10:21Z,199,4,4,7,4,0,1,1,1,1785495063
2026-07-31T11:10:21Z,200,12,0,13,1,0,1,1,1,1785492701
2026-07-31T11:10:21Z,201,4,1,19,0,0,1,1,1,1785495870
2026-07-31T11:10:21Z,202,0,0,27,0,0,1,1,1,1785494022
2026-07-31T11:10:21Z,203,26,2,4,1,0,1,1,1,1785495170
2026-07-31T11:10:21Z,204,27,0,7,1,0,1,1,1,1785495550
2026-07-31T11:10:21Z,205,11,1,16,0,0,1,1,1,1785495851
2026-07-31T11:10:21Z,206,2,2,12,1,0,1,1,1,1785495327
2026-07-31T11:10:21Z,207,12,0,9,0,0,1,1,1,1785495428
2026-07-31T11:10:21Z,208,5,1,24,0,0,1,1,1,1785496099
2026-07-31T11:10:21Z,209,5,0,23,3,0,1,1,1,1785496182
2026-07-31T11:10:21Z,210,25,2,2,0,0,1,1,1,1785495656
2026-07-31T11:10:21Z,211,13,6,9,1,0,1,1,1,1785495115
2026-07-31T11:10:21Z,212,25,0,9,1,0,1,1,1,1785496057
2026-07-31T11:10:21Z,213,11,1,10,2,0,1,1,1,1785496175
2026-07-31T11:10:21Z,214,24,0,21,2,0,1,1,1,1785496109
2026-07-31T11:10:21Z,215,5,2,17,1,0,1,1,1,1785492966
2026-07-31T11:10:21Z,216,7,0,11,1,0,1,1,1,1785491552
2026-07-31T11:10:21Z,217,10,0,18,1,0,1,1,1,1785496217
2026-07-31T11:10:21Z,218,19,5,18,2,0,1,1,1,1785495441
2026-07-31T11:10:21Z,219,3,1,22,1,0,1,1,1,1785495747
2026-07-31T11:10:21Z,220,24,6,17,1,1,1,1,1,1785495869
2026-07-31T11:10:21Z,221,11,7,2,2,0,1,1,1,1785495660
2026-07-31T11:10:21Z,222,9,9,9,1,0,1,1,1,1785496082
2026-07-31T11:10:21Z,223,8,3,24,3,0,1,1,1,1785496133
2026-07-31T11:10:21Z,224,6,4,15,1,0,1,1,1,1785495727
2026-07-31T11:10:21Z,225,12,0,1,6,0,1,1,1,1785495391
2026-07-31T11:10:21Z,226,27,8,3,1,0,1,1,1,1785496083
2026-07-31T11:10:21Z,227,23,14,2,1,1,1,1,1,1785494494
2026-07-31T11:10:21Z,228,2,0,16,1,0,1,1,1,1785495859
2026-07-31T11:10:21Z,230,16,9,10,0,0,1,1,1,1785495828
2026-07-31T11:10:21Z,232,12,7,4,1,0,1,1,1,1785496068
2026-07-31T11:10:21Z,233,16,0,13,2,0,1,1,1,1785496010
2026-07-31T11:10:21Z,234,7,3,7,3,2,1,1,1,1785496188
2026-07-31T11:10:21Z,236,10,1,9,0,0,1,1,1,1785495587
2026-07-31T11:10:21Z,237,20,4,2,1,0,1,1,1,1785492227
2026-07-31T11:10:21Z,239,21,17,3,3,0,1,1,1,1785495711
2026-07-31T11:10:21Z,241,18,6,4,1,0,1,1,1,1785495737
2026-07-31T11:10:21Z,242,2,2,20,1,0,1,1,1,1785496084
2026-07-31T11:10:21Z,243,9,0,21,1,0,1,1,1,1785495008
2026-07-31T11:10:21Z,244,15,2,11,1,0,1,1,1,1785494996
2026-07-31T11:10:21Z,245,5,4,18,0,0,1,1,1,1785496117
2026-07-31T11:10:21Z,246,14,0,9,0,0,1,1,1,1785494804
2026-07-31T11:10:21Z,247,11,10,11,1,0,1,1,1,1785495667
2026-07-31T11:10:21Z,248,19,5,2,2,0,1,1,1,1785496015
2026-07-31T11:10:21Z,249,5,2,14,0,0,1,1,1,1785495511
2026-07-31T11:10:21Z,250,23,7,4,0,0,1,1,1,1785494630
2026-07-31T11:10:21Z,251,19,4,5,3,0,1,1,1,1785494879
2026-07-31T11:10:21Z,253,9,4,10,0,0,1,1,1,1785494823
2026-07-31T11:10:21Z,254,25,20,17,1,0,1,1,1,1785495972
2026-07-31T11:10:21Z,255,0,0,22,0,1,1,1,1,1785496160
2026-07-31T11:10:21Z,256,7,3,14,2,0,1,1,1,1785494877
2026-07-31T11:10:21Z,257,13,5,6,0,0,1,1,1,1785496159
2026-07-31T11:10:21Z,258,1,1,18,0,0,1,1,1,1785493898
2026-07-31T11:10:21Z,259,19,3,3,0,1,1,1,1,1785494976
2026-07-31T11:10:21Z,260,11,2,5,3,0,1,1,1,1785494547
2026-07-31T11:10:21Z,261,14,0,3,1,1,1,1,1,1785495989
2026-07-31T11:10:21Z,262,14,8,7,2,0,1,1,1,1785496076
2026-07-31T11:10:21Z,263,12,2,3,0,0,1,1,1,1785495970
2026-07-31T11:10:21Z,264,11,2,5,3,0,1,1,1,1785496029
2026-07-31T11:10:21Z,265,12,0,3,0,0,1,1,1,1785495664
2026-07-31T11:10:21Z,266,12,7,5,2,0,1,1,1,1785495521
2026-07-31T11:10:21Z,267,7,3,6,2,0,1,1,1,1785484888
2026-07-31T11:10:21Z,268,23,9,0,0,0,1,1,1,1785484887
2026-07-31T11:10:21Z,269,8,3,15,0,0,1,1,1,1785496011
2026-07-31T11:10:21Z,270,23,1,4,0,0,1,1,1,1785491481
2026-07-31T11:10:21Z,271,2,0,15,2,0,1,1,1,1785495095
2026-07-31T11:10:21Z,272,13,13,10,0,0,1,1,1,1785495153
2026-07-31T11:10:21Z,273,13,5,2,0,0,1,1,1,1785492772
2026-07-31T11:10:21Z,274,16,6,2,1,0,1,1,1,1785495416
2026-07-31T11:10:21Z,275,13,0,6,2,2,1,1,1,1785495979
2026-07-31T11:10:21Z,276,2,1,25,0,0,1,1,1,1785495487
2026-07-31T11:10:21Z,277,12,1,6,5,0,1,1,1,1785495962
2026-07-31T11:10:21Z,278,20,2,8,2,1,1,1,1,1785495880
2026-07-31T11:10:21Z,279,17,0,2,0,0,1,1,1,1785496190
2026-07-31T11:10:21Z,280,9,2,19,3,0,1,1,1,1785496061
2026-07-31T11:10:21Z,281,19,0,0,0,0,1,1,1,1785486089
2026-07-31T11:10:21Z,282,5,2,13,0,0,1,1,1,1785484887
2026-07-31T11:10:21Z,283,32,1,3,0,0,1,1,1,1785496044
2026-07-31T11:10:21Z,284,16,3,17,2,0,1,1,1,1785492919
2026-07-31T11:10:21Z,285,8,7,15,0,0,1,1,1,1785485188
2026-07-31T11:10:21Z,286,15,15,4,4,0,1,1,1,1785496216
2026-07-31T11:10:21Z,287,15,4,5,3,0,1,1,1,1785496139
2026-07-31T11:10:21Z,288,12,8,7,0,0,1,1,1,1785495596
2026-07-31T11:10:21Z,289,21,1,3,3,0,1,1,1,1785496128
2026-07-31T11:10:21Z,290,9,0,29,1,0,1,1,1,1785494483
2026-07-31T11:10:21Z,291,8,1,13,2,0,1,1,1,1785495615
2026-07-31T11:10:21Z,292,20,0,2,1,0,1,1,1,1785495982
2026-07-31T11:10:21Z,293,17,10,6,0,0,1,1,1,1785486991
2026-07-31T11:10:21Z,294,1,1,20,1,0,1,1,1,1785493458
2026-07-31T11:10:21Z,297,16,4,1,2,0,1,1,1,1785496218
2026-07-31T11:10:21Z,301,17,0,2,0,0,1,1,1,1785495825
2026-07-31T11:10:21Z,302,1,0,22,0,0,1,1,1,1785495703
2026-07-31T11:10:21Z,303,17,0,2,0,0,1,1,1,1785494091
2026-07-31T11:10:21Z,304,0,0,0,0,0,0,1,1,86400
2026-07-31T11:10:21Z,305,5,0,13,1,0,1,1,1,1785496212
2026-07-31T11:10:21Z,306,3,0,28,1,0,1,1,1,1785495144
2026-07-31T11:10:21Z,307,18,1,3,1,1,1,1,1,1785496179
2026-07-31T11:10:21Z,308,16,0,1,2,0,1,1,1,1785496194
2026-07-31T11:10:21Z,309,12,3,1,1,0,1,1,1,1785495417
2026-07-31T11:10:21Z,311,15,0,0,0,0,1,1,1,1785486992
2026-07-31T11:10:21Z,312,4,2,14,4,1,1,1,1,1785496189
2026-07-31T11:10:21Z,313,3,1,12,0,0,1,1,1,1785486991
2026-07-31T11:10:21Z,314,4,3,11,3,0,1,1,1,1785486991
2026-07-31T11:10:21Z,315,23,6,6,2,0,1,1,1,1785491768
2026-07-31T11:10:21Z,316,1,0,24,5,1,1,1,1,1785496103
2026-07-31T11:10:21Z,317,0,0,30,0,1,1,1,1,1785496034
2026-07-31T11:10:21Z,318,16,0,3,0,0,1,1,1,1785486991
2026-07-31T11:10:21Z,319,19,3,3,1,0,1,1,1,1785495334
2026-07-31T11:10:21Z,320,16,5,2,1,0,1,1,1,1785495214
2026-07-31T11:10:21Z,321,8,2,7,4,0,1,1,1,1785495979
2026-07-31T11:10:21Z,322,5,1,23,1,0,1,1,1,1785494250
2026-07-31T11:10:21Z,323,9,0,10,0,0,1,1,1,1785492561
2026-07-31T11:10:21Z,324,21,5,4,2,0,1,1,1,1785496218
2026-07-31T11:10:21Z,325,5,3,20,2,0,1,1,1,1785494379
2026-07-31T11:10:21Z,327,23,0,3,1,0,1,1,1,1785495703
2026-07-31T11:10:21Z,328,17,0,4,1,0,1,1,1,1785495033
2026-07-31T11:10:21Z,329,17,0,0,2,0,1,1,1,1785492480
2026-07-31T11:10:21Z,330,1,0,21,0,0,1,1,1,1785495617
2026-07-31T11:10:21Z,331,10,3,12,1,0,1,1,1,1785496150
2026-07-31T11:10:21Z,332,10,2,7,2,0,1,1,1,1785495613
2026-07-31T11:10:21Z,333,2,2,20,1,0,1,1,1,1785492618
2026-07-31T11:10:21Z,334,9,7,14,0,0,1,1,1,1785494691
2026-07-31T11:10:21Z,335,3,1,18,1,1,1,1,1,1785493931
2026-07-31T11:10:21Z,336,18,2,1,0,0,1,1,1,1785487293
2026-07-31T11:10:21Z,337,18,4,0,5,0,1,1,1,1785496044
2026-07-31T11:10:21Z,338,16,7,3,0,0,1,1,1,1785494779
2026-07-31T11:10:21Z,339,21,9,2,0,0,1,1,1,1785496087
2026-07-31T11:10:21Z,340,12,10,2,1,0,1,1,1,1785494356
2026-07-31T11:10:21Z,341,10,2,9,0,0,1,1,1,1785495243
2026-07-31T11:10:21Z,342,12,5,0,3,0,1,1,1,1785492817
2026-07-31T11:10:21Z,343,20,1,2,1,0,1,1,1,1785495276
2026-07-31T11:10:21Z,344,23,9,0,0,0,1,1,1,1785488186
2026-07-31T11:10:21Z,345,19,3,0,0,0,1,1,1,1785487292
2026-07-31T11:10:21Z,346,10,6,13,0,0,1,1,1,1785496194
2026-07-31T11:10:21Z,347,13,5,29,2,0,1,1,1,1785496218
2026-07-31T11:10:21Z,348,20,3,1,1,1,1,1,1,1785495982
2026-07-31T11:10:21Z,349,7,2,12,0,0,1,1,1,1785496207
2026-07-31T11:10:21Z,350,24,3,1,1,1,1,1,1,1785494733
2026-07-31T11:10:21Z,351,18,2,2,3,0,1,1,1,1785495976
2026-07-31T11:10:21Z,355,21,1,2,0,0,1,1,1,1785495680
2026-07-31T11:10:21Z,356,16,0,2,1,0,1,1,1,1785493586
2026-07-31T11:10:21Z,357,9,4,10,0,0,1,1,1,1785496009
2026-07-31T11:10:21Z,358,24,4,2,1,0,1,1,1,1785487594
2026-07-31T11:10:21Z,359,17,0,10,0,0,1,1,1,1785495976
2026-07-31T11:10:21Z,360,13,3,4,2,0,1,1,1,1785494684
2026-07-31T11:10:21Z,362,16,4,1,2,0,1,1,1,1785493387
2026-07-31T11:10:21Z,363,2,0,25,0,0,1,1,1,1785495461
2026-07-31T11:10:21Z,364,18,3,1,0,0,1,1,1,1785495555
2026-07-31T11:10:21Z,365,16,2,3,4,0,1,1,1,1785494142
2026-07-31T11:10:21Z,366,9,7,7,7,0,1,1,1,1785496091
2026-07-31T11:10:21Z,367,15,9,3,1,0,1,1,1,1785496088
2026-07-31T11:10:21Z,368,16,3,5,2,0,1,1,1,1785495949
2026-07-31T11:10:21Z,370,9,7,18,0,0,1,1,1,1785495224
2026-07-31T11:10:21Z,371,4,1,14,1,0,1,1,1,1785495014
2026-07-31T11:10:21Z,372,6,1,9,0,0,1,1,1,1785494163
2026-07-31T11:10:21Z,373,25,9,2,0,0,1,1,1,1785493650
2026-07-31T11:10:21Z,374,16,7,1,2,0,1,1,1,1785496059
2026-07-31T11:10:21Z,375,22,9,2,3,0,1,1,1,1785495940
2026-07-31T11:10:21Z,376,30,5,4,5,0,1,1,1,1785496158
2026-07-31T11:10:21Z,377,23,9,4,0,0,1,1,1,1785493056
2026-07-31T11:10:21Z,378,20,5,2,1,1,1,1,1,1785495936
2026-07-31T11:10:21Z,379,13,0,14,0,0,1,1,1,1785494662
2026-07-31T11:10:21Z,380,19,6,3,1,0,1,1,1,1785495869
2026-07-31T11:10:21Z,381,9,0,14,0,0,1,1,1,1785494807
2026-07-31T11:10:21Z,383,12,0,1,2,0,1,1,1,1785495979
2026-07-31T11:10:21Z,384,24,1,2,1,0,1,1,1,1785492881
2026-07-31T11:10:21Z,385,14,3,2,2,0,1,1,1,1785495741
2026-07-31T11:10:21Z,387,20,2,3,0,0,1,1,1,1785496115
2026-07-31T11:10:21Z,388,18,2,31,0,0,1,1,1,1785494640
2026-07-31T11:10:21Z,389,8,7,7,0,0,1,1,1,1785495116
2026-07-31T11:10:21Z,390,17,0,18,0,0,1,1,1,1785496106
2026-07-31T11:10:21Z,391,4,0,10,1,0,1,1,1,1785487292
2026-07-31T11:10:21Z,392,2,2,16,1,0,1,1,1,1785495918
2026-07-31T11:10:21Z,393,3,3,5,3,0,1,1,1,1785487292
2026-07-31T11:10:21Z,394,6,4,5,2,0,1,1,1,1785494395
2026-07-31T11:10:21Z,396,9,7,30,3,0,1,1,1,1785495633
2026-07-31T11:10:21Z,397,6,5,25,0,0,1,1,1,1785494011
2026-07-31T11:10:21Z,399,11,0,4,2,0,1,1,1,1785495541
2026-07-31T11:10:21Z,400,10,5,9,4,0,1,1,1,1785495856
2026-07-31T11:10:21Z,401,5,0,26,8,0,1,1,1,1785496057
2026-07-31T11:10:21Z,403,1,0,28,2,0,1,1,1,1785496007
2026-07-31T11:10:21Z,404,3,2,19,1,0,1,1,1,1785496100
2026-07-31T11:10:21Z,406,2,2,32,1,0,1,1,1,1785495535
2026-07-31T11:10:21Z,407,17,3,16,1,0,1,1,1,1785495804
2026-07-31T11:10:21Z,408,12,2,20,1,0,1,1,1,1785495811
2026-07-31T11:10:21Z,409,1,0,19,3,0,1,1,1,1785493289
2026-07-31T11:10:21Z,413,20,5,1,2,0,1,1,1,1785493578
2026-07-31T11:10:21Z,414,10,2,4,1,0,1,1,1,1785495352
2026-07-31T11:10:21Z,417,12,7,6,1,0,1,1,1,1785494370
2026-07-31T11:10:21Z,418,1,0,14,0,0,1,1,1,1785490913
2026-07-31T11:10:21Z,419,10,0,12,1,0,1,1,1,1785487895
2026-07-31T11:10:21Z,421,1,0,18,0,0,1,1,1,1785488201
2026-07-31T11:10:21Z,422,4,3,22,1,0,1,1,1,1785493261
2026-07-31T11:10:21Z,423,3,2,20,0,0,1,1,1,1785495719
2026-07-31T11:10:21Z,424,4,2,8,3,0,1,1,1,1785496158
2026-07-31T11:10:21Z,425,17,0,4,0,1,1,1,1,1785495951
2026-07-31T11:10:21Z,426,1,0,34,2,0,1,1,1,1785492043
2026-07-31T11:10:21Z,427,13,1,1,1,0,1,1,1,1785496137
2026-07-31T11:10:21Z,428,17,2,1,1,0,1,1,1,1785495958
2026-07-31T11:10:21Z,429,0,0,21,2,0,1,1,1,1785492151
2026-07-31T11:10:21Z,430,27,0,1,3,0,1,1,1,1785495841
2026-07-31T11:10:21Z,431,15,0,17,1,0,1,1,1,1785495603
2026-07-31T11:10:21Z,432,17,0,12,2,0,0,1,1,1785495998
2026-07-31T11:10:21Z,433,18,5,3,2,0,1,1,1,1785495888
2026-07-31T11:10:21Z,437,1,1,17,1,0,1,1,1,1785496073
2026-07-31T11:10:21Z,438,17,0,1,1,0,1,1,1,1785496174
2026-07-31T11:10:21Z,439,5,0,10,0,0,1,1,1,1785494601
2026-07-31T11:10:21Z,440,11,2,2,2,0,1,1,1,1785495569
2026-07-31T11:10:21Z,441,12,1,2,1,0,1,1,1,1785495062
2026-07-31T11:10:21Z,442,18,9,0,1,0,1,1,1,1785494300
2026-07-31T11:10:21Z,443,4,2,23,0,0,1,1,1,1785485488
2026-07-31T11:10:21Z,444,2,2,21,0,0,1,1,1,1785485488
2026-07-31T11:10:21Z,445,7,2,15,1,0,1,1,1,1785496082
2026-07-31T11:10:21Z,446,0,0,22,1,0,1,1,1,1785494652
2026-07-31T11:10:21Z,447,2,0,19,1,1,1,1,1,1785492174
2026-07-31T11:10:21Z,448,9,4,5,1,0,1,1,1,1785487895
2026-07-31T11:10:21Z,452,9,6,9,1,0,1,1,1,1785494991
2026-07-31T11:10:21Z,453,7,5,7,1,0,1,1,1,1785494607
2026-07-31T11:10:21Z,454,9,0,10,0,0,1,1,1,1785489971
2026-07-31T11:10:21Z,455,2,0,37,0,0,1,1,1,1785492761
2026-07-31T11:10:21Z,456,8,0,11,1,0,1,1,1,1785496015
2026-07-31T11:10:21Z,457,24,2,1,2,0,1,1,1,1785495322
2026-07-31T11:10:21Z,458,10,4,13,0,0,1,1,1,1785495744
2026-07-31T11:10:21Z,459,15,0,0,0,0,1,1,1,1785485789
2026-07-31T11:10:21Z,460,16,2,6,1,0,1,1,1,1785495786
2026-07-31T11:10:21Z,461,6,1,13,0,0,1,1,1,1785495790
2026-07-31T11:10:21Z,462,13,1,8,0,0,1,1,1,1785496165
2026-07-31T11:10:21Z,463,13,1,6,0,0,1,1,1,1785487897
2026-07-31T11:10:21Z,464,3,1,11,0,0,1,1,1,1785485789
2026-07-31T11:10:21Z,465,1,1,13,1,0,1,1,1,1785495632
2026-07-31T11:10:21Z,466,11,3,2,2,0,1,1,1,1785485789
2026-07-31T11:10:21Z,467,3,1,15,1,0,1,1,1,1785494407
2026-07-31T11:10:21Z,468,17,1,1,1,0,1,1,1,1785485789
2026-07-31T11:10:21Z,469,2,2,21,0,0,1,1,1,1785496012
2026-07-31T11:10:21Z,470,12,1,1,2,0,1,1,1,1785496183
2026-07-31T11:10:21Z,471,22,2,5,0,0,1,1,1,1785487895
2026-07-31T11:10:21Z,472,14,3,4,1,0,1,1,1,1785496138
2026-07-31T11:10:21Z,473,18,4,1,0,0,1,1,1,1785496016
2026-07-31T11:10:21Z,474,15,0,4,0,0,1,1,1,1785495804
2026-07-31T11:10:21Z,475,5,1,13,1,0,1,1,1,1785492726
2026-07-31T11:10:21Z,477,9,7,5,1,0,1,1,1,1785492057
2026-07-31T11:10:21Z,478,5,0,25,1,0,1,1,1,1785496216
2026-07-31T11:10:21Z,479,1,0,25,1,0,1,1,1,1785495354
2026-07-31T11:10:21Z,480,3,0,9,3,0,1,1,1,1785495583
2026-07-31T11:10:21Z,481,26,0,8,1,0,1,1,1,1785496032
2026-07-31T11:10:21Z,482,17,6,2,0,0,1,1,1,1785495430
2026-07-31T11:10:21Z,483,1,0,24,2,0,1,1,1,1785496120
2026-07-31T11:10:21Z,484,5,2,13,1,0,1,1,1,1785496178
2026-07-31T11:10:21Z,485,16,6,1,1,1,1,1,1,1785496189
2026-07-31T11:10:21Z,486,25,6,0,2,0,1,1,1,1785496182
2026-07-31T11:10:21Z,487,6,4,12,1,0,1,1,1,1785493687
2026-07-31T11:10:21Z,489,13,7,2,0,0,1,1,1,1785494987
2026-07-31T11:10:21Z,490,3,1,13,0,0,1,1,1,1785496077
2026-07-31T11:10:21Z,491,4,1,17,0,0,1,1,1,1785486090
2026-07-31T11:10:21Z,492,4,2,3,4,0,1,1,1,1785496215
2026-07-31T11:10:21Z,493,0,0,26,1,0,1,1,1,1785487895
2026-07-31T11:10:21Z,495,10,1,2,3,0,1,1,1,1785495779
2026-07-31T11:10:21Z,496,24,0,3,0,0,1,1,1,1785496211
2026-07-31T11:10:21Z,497,16,0,2,1,0,1,1,1,1785494248
2026-07-31T11:10:21Z,498,21,3,1,1,0,1,1,1,1785495929
2026-07-31T11:10:21Z,499,15,0,3,1,0,1,1,1,1785495005
2026-07-31T11:10:21Z,500,7,4,3,5,0,1,1,1,1785494804
2026-07-31T11:10:21Z,501,12,5,9,0,0,1,1,1,1785496130
2026-07-31T11:10:21Z,502,6,0,13,0,0,1,1,1,1785486089
2026-07-31T11:10:21Z,503,25,0,5,1,0,1,1,1,1785494764
2026-07-31T11:10:21Z,504,2,1,37,0,0,1,1,1,1785495029
2026-07-31T11:10:21Z,505,10,1,1,1,0,1,1,1,1785487586
2026-07-31T11:10:21Z,511,6,3,17,0,0,1,1,1,1785495483
2026-07-31T11:10:21Z,512,8,0,19,0,0,1,1,1,1785496149
2026-07-31T11:10:21Z,514,8,0,2,1,0,1,1,1,1785492997
2026-07-31T11:10:21Z,515,1,0,18,0,0,1,1,1,1785495697
2026-07-31T11:10:21Z,516,3,0,24,0,0,1,1,1,1785496158
2026-07-31T11:10:21Z,517,13,2,9,1,0,1,1,1,1785494998
2026-07-31T11:10:21Z,518,13,1,1,1,0,1,1,1,1785494366
2026-07-31T11:10:21Z,519,3,0,14,2,0,1,1,1,1785495571
2026-07-31T11:10:21Z,520,10,7,11,5,1,1,1,1,1785496217
2026-07-31T11:10:21Z,521,18,5,5,0,0,1,1,1,1785494100
2026-07-31T11:10:21Z,522,0,0,22,1,0,1,1,1,1785496158
2026-07-31T11:10:21Z,523,6,4,16,1,0,1,1,1,1785494750
2026-07-31T11:10:21Z,524,0,0,23,0,0,1,1,1,1785494956
2026-07-31T11:10:21Z,525,8,0,11,0,0,1,1,1,1785494735
2026-07-31T11:10:21Z,526,13,1,0,2,0,1,1,1,1785486390
2026-07-31T11:10:21Z,527,6,3,17,3,0,1,1,1,1785495990
2026-07-31T11:10:21Z,528,21,1,1,1,0,1,1,1,1785495324
2026-07-31T11:10:21Z,529,6,3,7,6,0,1,1,1,1785496217
2026-07-31T11:10:21Z,530,13,0,7,1,0,1,1,1,1785493790
2026-07-31T11:10:21Z,531,20,0,1,1,1,1,1,1,1785496037
2026-07-31T11:10:21Z,532,3,3,27,1,0,1,1,1,1785488341
2026-07-31T11:10:21Z,533,7,1,10,2,0,1,1,1,1785495060
2026-07-31T11:10:21Z,534,13,1,9,1,0,1,1,1,1785496192
2026-07-31T11:10:21Z,535,3,0,12,0,0,1,1,1,1785494305
2026-07-31T11:10:21Z,536,7,0,16,0,0,1,1,1,1785496209
2026-07-31T11:10:21Z,537,3,1,17,0,0,1,1,1,1785494448
2026-07-31T11:10:21Z,538,20,7,1,0,2,1,1,1,1785495973
2026-07-31T11:10:21Z,539,5,5,26,0,0,1,1,1,1785488201
2026-07-31T11:10:21Z,540,2,1,17,0,0,1,1,1,1785486391
2026-07-31T11:10:21Z,541,20,2,6,1,0,1,1,1,1785495921
2026-07-31T11:10:21Z,542,6,2,17,0,0,1,1,1,1785496154
2026-07-31T11:10:21Z,543,15,2,3,1,0,1,1,1,1785495451
2026-07-31T11:10:21Z,544,14,1,4,4,0,1,1,1,1785495001
2026-07-31T11:10:21Z,545,3,0,14,2,0,1,1,1,1785495931
2026-07-31T11:10:21Z,546,14,8,5,0,0,1,1,1,1785496032
2026-07-31T11:10:21Z,547,19,1,6,0,0,1,1,1,1785494297
2026-07-31T11:10:21Z,548,15,1,8,0,0,1,1,1,1785495571
2026-07-31T11:10:21Z,549,19,0,3,1,0,1,1,1,1785496193
2026-07-31T11:10:21Z,550,14,1,5,0,0,1,1,1,1785496083
2026-07-31T11:10:21Z,551,16,4,7,0,0,1,1,1,1785486390
2026-07-31T11:10:21Z,552,27,3,0,0,0,1,1,1,1785486390
2026-07-31T11:10:21Z,553,15,1,5,2,1,1,1,1,1785496217
2026-07-31T11:10:21Z,554,1,1,18,0,0,1,1,1,1785486691
2026-07-31T11:10:21Z,555,12,5,2,1,0,1,1,1,1785493469
2026-07-31T11:10:21Z,556,19,4,2,2,0,1,1,1,1785496025
2026-07-31T11:10:21Z,557,8,4,10,5,0,1,1,1,1785496073
2026-07-31T11:10:21Z,558,35,4,2,0,0,1,1,1,1785496009
2026-07-31T11:10:21Z,559,0,0,18,1,0,1,1,1,1785492602
2026-07-31T11:10:21Z,560,10,0,17,0,0,1,1,1,1785492157
2026-07-31T11:10:21Z,561,17,2,5,1,0,1,1,1,1785495946
2026-07-31T11:10:21Z,562,3,0,29,3,0,1,1,1,1785486691
2026-07-31T11:10:21Z,563,8,0,6,0,0,1,1,1,1785495674
2026-07-31T11:10:21Z,564,9,0,9,1,0,1,1,1,1785495850
2026-07-31T11:10:21Z,565,5,1,14,0,0,1,1,1,1785495977
2026-07-31T11:10:21Z,566,13,0,5,1,0,1,1,1,1785496134
2026-07-31T11:10:21Z,567,26,1,0,1,0,1,1,1,1785493771
2026-07-31T11:10:21Z,568,15,0,4,0,0,1,1,1,1785495509
2026-07-31T11:10:21Z,569,16,2,3,0,0,1,1,1,1785496200
2026-07-31T11:10:21Z,570,11,0,8,0,0,1,1,1,1785495115
2026-07-31T11:10:21Z,571,1,0,22,0,0,1,1,1,1785495473
2026-07-31T11:10:21Z,572,13,4,5,1,0,1,1,1,1785495273
2026-07-31T11:10:21Z,573,12,0,3,0,0,1,1,1,1785495664
2026-07-31T11:10:21Z,574,8,3,7,0,0,1,1,1,1785494679
2026-07-31T11:10:21Z,575,4,0,16,1,0,1,1,1,1785494906
2026-07-31T11:10:21Z,576,2,0,15,2,0,1,1,1,1785494813
2026-07-31T11:10:21Z,577,14,0,17,0,0,1,1,1,1785495589
2026-07-31T11:10:21Z,578,12,9,10,1,0,1,1,1,1785495518
2026-07-31T11:10:21Z,579,5,0,38,0,0,1,1,1,1785495141
2026-07-31T11:10:21Z,580,3,0,26,0,0,1,1,1,1785495149
2026-07-31T11:10:21Z,581,15,1,4,0,0,1,1,1,1785495449
2026-07-31T11:10:21Z,582,18,0,42,1,0,1,1,1,1785496215
2026-07-31T11:10:21Z,583,23,1,0,0,0,1,1,1,1785492035
2026-07-31T11:10:21Z,584,9,4,6,4,0,1,1,1,1785486691
2026-07-31T11:10:21Z,585,12,2,14,0,1,1,1,1,1785495459
2026-07-31T11:10:21Z,586,10,0,25,0,0,1,1,1,1785496217
2026-07-31T11:10:21Z,587,17,0,6,1,0,1,1,1,1785495633
2026-07-31T11:10:21Z,588,11,3,5,2,1,1,1,1,1785496070
2026-07-31T11:10:21Z,589,0,0,0,23,0,1,1,1,1785495944
2026-07-31T11:10:21Z,590,17,2,13,1,0,1,1,1,1785496171
2026-07-31T11:10:21Z,591,27,1,1,2,0,1,1,1,1785495263
2026-07-31T11:10:21Z,592,11,0,12,0,0,1,1,1,1785495011
2026-07-31T11:10:21Z,593,2,0,36,0,0,1,1,1,1785495953
2026-07-31T11:10:21Z,594,6,0,12,3,0,1,1,1,1785496133
2026-07-31T11:10:21Z,595,0,0,3,0,0,0,1,1,1784046673
2026-07-31T11:10:21Z,605,0,0,2,1,0,0,1,1,1783975843
2026-07-31T11:10:21Z,606,0,0,0,0,0,0,1,1,86400
2026-07-31T11:10:21Z,607,10,1,21,1,0,1,1,1,1785495996
2026-07-31T11:10:21Z,608,2,1,48,0,0,1,1,1,1785495657
2026-07-31T11:10:21Z,609,1,1,22,0,0,1,1,1,1785495767
2026-07-31T11:10:21Z,610,1,0,34,0,0,1,1,1,1785494557
2026-07-31T11:10:21Z,611,13,0,13,1,0,1,1,1,1785494266
2026-07-31T11:10:21Z,612,6,1,9,0,0,1,1,1,1785486691
2026-07-31T11:10:21Z,613,9,0,2,4,0,1,1,1,1785489318
2026-07-31T11:10:21Z,614,2,2,22,2,1,1,1,1,1785495770
2026-07-31T11:10:21Z,617,10,0,3,2,0,1,1,1,1785494811
2026-07-31T11:10:21Z,618,11,1,3,5,0,1,1,1,1785496082
2026-07-31T11:10:21Z,619,4,1,14,1,0,1,1,1,1785496200
2026-07-31T11:10:21Z,620,1,0,26,0,0,1,1,1,1785495096
2026-07-31T11:10:21Z,621,4,1,18,1,0,1,1,1,1785494815
2026-07-31T11:10:21Z,622,5,2,17,1,0,1,1,1,1785488201
2026-07-31T11:10:21Z,623,4,1,25,1,0,1,1,1,1785496189
2026-07-31T11:10:21Z,624,1,0,14,0,0,1,1,1,1785493218
2026-07-31T11:10:21Z,625,4,0,15,2,0,1,1,1,1785495075
2026-07-31T11:10:21Z,626,5,0,40,0,2,1,1,1,1785495289
2026-07-31T11:10:21Z,627,14,6,5,0,0,1,1,1,1785493197
2026-07-31T11:10:21Z,628,0,0,15,2,2,1,1,1,1785495993
2026-07-31T11:10:21Z,629,4,1,6,1,0,1,1,1,1785496047
2026-07-31T11:10:21Z,630,3,2,21,3,0,1,1,1,1785496183
2026-07-31T11:10:21Z,631,2,1,21,0,0,1,1,1,1785488201
2026-07-31T11:10:21Z,632,20,0,1,2,0,1,1,1,1785492884
2026-07-31T11:10:21Z,633,11,1,0,4,0,1,1,1,1785496077
2026-07-31T11:10:21Z,634,11,2,8,0,0,1,1,1,1785486991
2026-07-31T11:10:21Z,635,16,1,3,0,0,1,1,1,1785494941
2026-07-31T11:10:21Z,636,10,2,5,0,0,1,1,1,1785488201
2026-07-31T11:10:21Z,637,7,0,12,0,0,1,1,1,1785490209
2026-07-31T11:10:21Z,638,8,1,9,2,0,1,1,1,1785495242
2026-07-31T11:10:21Z,639,5,1,11,3,0,1,1,1,1785479066
2026-07-31T11:10:21Z,640,5,3,17,1,0,1,1,1,1785496184
2026-07-31T11:10:21Z,641,19,0,5,2,0,1,1,1,1785496186
2026-07-31T11:10:21Z,642,5,3,6,8,0,1,1,1,1785496218
2026-07-31T11:10:21Z,643,2,0,18,7,0,1,1,1,1785496213
2026-07-31T11:10:21Z,644,12,0,2,1,0,1,1,1,1785486991
2026-07-31T11:10:21Z,645,11,0,10,1,1,1,1,1,1785488495
2026-07-31T11:10:21Z,646,7,2,12,0,0,1,1,1,1785496061
2026-07-31T11:10:21Z,647,29,1,2,0,0,1,1,1,1785492741
2026-07-31T11:10:21Z,648,6,0,12,1,0,1,1,1,1785490674
2026-07-31T11:10:21Z,649,19,3,11,1,0,1,1,1,1785495468
2026-07-31T11:10:21Z,650,5,1,9,0,0,1,1,1,1785488201
2026-07-31T11:10:21Z,651,8,7,15,0,0,1,1,1,1785494343
2026-07-31T11:10:21Z,652,3,2,18,2,0,1,1,1,1785496172
2026-07-31T11:10:21Z,653,9,1,8,2,0,1,1,1,1785494586
2026-07-31T11:10:21Z,654,2,2,13,0,0,1,1,1,1785488202
2026-07-31T11:10:21Z,655,7,3,1,4,1,1,1,1,1785496115
2026-07-31T11:10:21Z,656,17,7,2,0,0,1,1,1,1785495881
2026-07-31T11:10:21Z,657,9,1,3,2,3,1,1,1,1785496136
2026-07-31T11:10:21Z,658,9,1,1,0,0,1,1,1,1785473427
2026-07-31T11:10:21Z,659,8,3,5,2,0,1,1,1,1785495755
2026-07-31T11:10:21Z,660,12,0,15,4,0,1,1,1,1785496095
2026-07-31T11:10:21Z,661,2,1,17,0,0,1,1,1,1785492505
2026-07-31T11:10:21Z,662,4,3,16,3,0,1,1,1,1785493876
2026-07-31T11:10:21Z,663,11,5,3,1,0,1,1,1,1785496113
2026-07-31T11:10:21Z,664,1,0,26,0,0,1,1,1,1785495012
2026-07-31T11:10:21Z,665,12,3,3,0,0,1,1,1,1785488202
2026-07-31T11:10:21Z,666,8,2,5,2,0,1,1,1,1785495733
2026-07-31T11:10:21Z,667,0,0,19,0,0,1,1,1,1785486991
2026-07-31T11:10:21Z,668,10,1,8,1,0,1,1,1,1785488201
2026-07-31T11:10:21Z,669,13,5,1,0,0,1,1,1,1785493864
2026-07-31T11:10:21Z,670,10,1,17,0,0,1,1,1,1785495785
2026-07-31T11:10:21Z,671,23,5,3,1,0,1,1,1,1785496062
2026-07-31T11:10:21Z,672,12,2,7,3,1,1,1,1,1785491597
2026-07-31T11:10:21Z,673,15,0,6,2,0,1,1,1,1785496006
2026-07-31T11:10:21Z,674,5,3,15,3,0,1,1,1,1785496097
2026-07-31T11:10:21Z,675,11,7,2,2,0,1,1,1,1785495980
2026-07-31T11:10:21Z,676,5,0,16,1,0,1,1,1,1785495687
2026-07-31T11:10:21Z,681,10,3,3,2,0,1,1,1,1785495347
2026-07-31T11:10:21Z,682,4,1,14,1,0,1,1,1,1785486991
2026-07-31T11:10:21Z,683,4,1,15,0,0,1,1,1,1785495619
2026-07-31T11:10:21Z,684,3,0,24,0,0,1,1,1,1785487883
2026-07-31T11:10:21Z,685,10,0,15,1,1,1,1,1,1785488201
2026-07-31T11:10:21Z,686,10,0,15,2,0,1,1,1,1785496162
2026-07-31T11:10:21Z,687,11,0,18,1,1,1,1,1,1785496173
2026-07-31T11:10:21Z,688,10,0,2,7,0,1,1,1,1785495931
2026-07-31T11:10:21Z,692,8,5,11,2,0,1,1,1,1785495642
2026-07-31T11:10:21Z,693,6,0,2,3,0,1,1,1,1785494422
2026-07-31T11:10:21Z,694,8,5,13,0,0,1,1,1,1785495998
2026-07-31T11:10:21Z,695,15,10,8,0,0,1,1,1,1785496148
2026-07-31T11:10:21Z,696,17,13,4,2,0,1,1,1,1785496073
2026-07-31T11:10:21Z,697,23,2,0,0,0,1,1,1,1785495696
2026-07-31T11:10:21Z,698,23,1,4,0,0,1,1,1,1785495250
2026-07-31T11:10:21Z,699,7,0,7,1,0,1,1,1,1785494730
2026-07-31T11:10:21Z,700,19,4,0,0,0,1,1,1,1785494867
2026-07-31T11:10:21Z,701,16,6,3,0,0,1,1,1,1785496115
2026-07-31T11:10:21Z,702,18,0,3,2,0,1,1,1,1785495863
2026-07-31T11:10:21Z,704,7,2,8,0,0,1,1,1,1785495914
2026-07-31T11:10:21Z,705,4,2,9,2,0,1,1,1,1785494971
2026-07-31T11:10:21Z,706,12,2,0,3,0,1,1,1,1785496074
2026-07-31T11:10:21Z,707,8,1,7,0,0,1,1,1,1785496183
2026-07-31T11:10:21Z,708,17,2,1,1,0,1,1,1,1785495104
2026-07-31T11:10:21Z,709,10,0,2,3,0,1,1,1,1785494924
2026-07-31T11:10:21Z,710,15,3,3,1,0,1,1,1,1785496154
2026-07-31T11:10:21Z,711,19,4,0,4,0,1,1,1,1785494406
2026-07-31T11:10:21Z,712,11,9,4,0,0,1,1,1,1785496091
2026-07-31T11:10:21Z,713,5,0,18,0,0,1,1,1,1785495378
2026-07-31T11:10:21Z,716,4,2,11,0,0,1,1,1,1785494617
2026-07-31T11:10:21Z,717,4,2,18,3,0,1,1,1,1785494701
2026-07-31T11:10:21Z,718,4,1,10,1,0,1,1,1,1785495419
2026-07-31T11:10:21Z,719,8,2,21,0,0,1,1,1,1785495680
2026-07-31T11:10:21Z,720,2,1,17,0,0,1,1,1,1785494906
2026-07-31T11:10:21Z,721,0,0,21,2,0,1,1,1,1785495716
2026-07-31T11:10:21Z,722,5,0,10,0,0,1,1,1,1785494662
2026-07-31T11:10:21Z,723,12,1,11,0,0,1,1,1,1785494741
2026-07-31T11:10:21Z,724,21,4,2,0,0,1,1,1,1785495863
2026-07-31T11:10:21Z,725,17,5,5,1,0,1,1,1,1785495873
2026-07-31T11:10:21Z,726,18,3,1,0,0,1,1,1,1785495628
2026-07-31T11:10:21Z,727,9,4,12,2,0,1,1,1,1785495664
2026-07-31T11:10:21Z,728,9,0,5,1,0,1,1,1,1785495207
2026-07-31T11:10:21Z,729,3,0,16,0,0,1,1,1,1785496089
2026-07-31T11:10:21Z,730,3,2,10,2,0,1,1,1,1785495804
2026-07-31T11:10:21Z,731,9,3,5,1,0,1,1,1,1785494918
2026-07-31T11:10:21Z,732,7,5,8,0,0,1,1,1,1785495957
2026-07-31T11:10:21Z,733,7,1,20,0,0,1,1,1,1785495412
2026-07-31T11:10:21Z,734,2,0,11,1,0,1,1,1,1785495905
2026-07-31T11:10:21Z,735,2,2,25,0,0,1,1,1,1785495038
2026-07-31T11:10:21Z,736,6,0,13,0,0,1,1,1,1785495351
2026-07-31T11:10:21Z,737,4,3,10,0,1,1,1,1,1785495346
2026-07-31T11:10:21Z,738,16,4,1,2,0,1,1,1,1785495962
2026-07-31T11:10:21Z,739,19,2,7,1,0,1,1,1,1785494974
2026-07-31T11:10:21Z,741,7,1,16,0,0,1,1,1,1785495242
2026-07-31T11:10:21Z,742,6,1,26,3,0,1,1,1,1785495468
2026-07-31T11:10:21Z,743,9,3,8,2,0,1,1,1,1785495111
2026-07-31T11:10:21Z,744,9,3,5,1,0,1,1,1,1785496098
2026-07-31T11:10:21Z,745,14,4,4,1,0,1,1,1,1785495629
2026-07-31T11:10:21Z,746,9,1,12,2,0,1,1,1,1785496072
2026-07-31T11:10:21Z,747,0,0,4,0,0,0,1,1,1783446606
2026-07-31T11:10:21Z,748,10,1,13,0,0,1,1,1,1785494608
2026-07-31T11:10:21Z,749,5,5,17,1,0,1,1,1,1785494524
2026-07-31T11:10:21Z,750,1,1,10,0,0,1,1,1,1785494852
2026-07-31T11:10:21Z,751,9,0,14,0,0,1,1,1,1785496188
2026-07-31T11:10:21Z,752,14,1,2,1,0,1,1,1,1785495135
2026-07-31T11:10:21Z,753,6,0,9,0,0,1,1,1,1785495748
2026-07-31T11:10:21Z,754,2,1,12,1,0,1,1,1,1785496157
2026-07-31T11:10:21Z,755,12,2,10,1,0,1,1,1,1785494991
2026-07-31T11:10:21Z,756,8,4,29,0,0,1,1,1,1785496184
2026-07-31T11:10:21Z,757,16,9,3,0,0,1,1,1,1785495802
2026-07-31T11:10:21Z,758,23,3,0,0,0,1,1,1,1785496021
2026-07-31T11:10:21Z,759,3,2,12,0,0,1,1,1,1785495741
2026-07-31T11:10:21Z,760,8,3,11,0,0,1,1,1,1785488200
2026-07-31T11:10:21Z,761,17,0,5,1,0,1,1,1,1785495051
2026-07-31T11:10:21Z,762,5,3,5,5,0,1,1,1,1785495324
2026-07-31T11:10:21Z,768,8,0,8,3,0,1,1,1,1785495844
2026-07-31T11:10:21Z,769,16,12,3,0,0,1,1,1,1785495473
2026-07-31T11:10:21Z,770,11,3,6,2,0,1,1,1,1785495410
2026-07-31T11:10:21Z,771,13,3,1,1,0,1,1,1,1785494850
2026-07-31T11:10:21Z,772,8,2,7,0,0,1,1,1,1785495498
2026-07-31T11:10:21Z,773,15,4,4,0,0,1,1,1,1785495306
2026-07-31T11:10:21Z,774,9,5,3,3,0,1,1,1,1785495243
2026-07-31T11:10:21Z,775,7,0,10,1,1,1,1,1,1785494713
2026-07-31T11:10:21Z,776,3,1,17,1,0,1,1,1,1785495641
2026-07-31T11:10:21Z,777,10,0,2,3,0,1,1,1,1785495391
2026-07-31T11:10:21Z,778,13,0,3,3,0,1,1,1,1785495505
2026-07-31T11:10:21Z,779,8,1,10,1,0,1,1,1,1785496217
2026-07-31T11:10:21Z,780,18,4,0,1,0,1,1,1,1785495951
2026-07-31T11:10:21Z,781,4,0,4,3,0,1,1,1,1785496141
2026-07-31T11:10:21Z,782,4,3,11,4,0,1,1,1,1785495129
2026-07-31T11:10:21Z,783,6,0,13,0,0,1,1,1,1785496212
2026-07-31T11:10:21Z,784,19,2,0,0,0,1,1,1,1785495821
2026-07-31T11:10:21Z,785,11,2,2,6,0,1,1,1,1785494572
2026-07-31T11:10:21Z,786,12,5,7,0,0,1,1,1,1785496039
2026-07-31T11:10:21Z,787,11,5,2,2,0,1,1,1,1785495668
2026-07-31T11:10:21Z,788,3,0,12,0,0,1,1,1,1785494887
2026-07-31T11:10:21Z,789,8,1,3,4,0,1,1,1,1785495115
2026-07-31T11:10:21Z,790,2,0,21,0,0,1,1,1,1785496061
2026-07-31T11:10:21Z,791,7,1,11,0,1,1,1,1,1785495433
2026-07-31T11:10:21Z,793,4,0,10,1,0,1,1,1,1785495254
2026-07-31T11:10:21Z,794,14,5,13,2,0,1,1,1,1785495876
2026-07-31T11:10:21Z,796,0,0,17,2,0,1,1,1,1785495060
2026-07-31T11:10:21Z,797,2,0,13,0,0,1,1,1,1785494961
2026-07-31T11:10:21Z,798,10,1,14,1,0,1,1,1,1785495671
2026-07-31T11:10:21Z,799,15,1,1,3,0,1,1,1,1785495028
2026-07-31T11:10:21Z,800,4,0,16,1,0,1,1,1,1785495772
2026-07-31T11:10:21Z,801,4,2,15,2,0,1,1,1,1785495393
2026-07-31T11:10:21Z,802,8,0,23,0,0,1,1,1,1785495201
2026-07-31T11:10:21Z,803,1,1,14,0,0,1,1,1,1785494855
2026-07-31T11:10:21Z,806,7,3,8,0,0,1,1,1,1785495653
2026-07-31T11:10:21Z,807,13,0,9,3,0,1,1,1,1785495809
2026-07-31T11:10:21Z,808,0,0,23,2,0,1,1,1,1785488225
2026-07-31T11:10:21Z,809,4,0,18,1,0,1,1,1,1785495038
2026-07-31T11:10:21Z,810,2,0,13,4,0,1,1,1,1785495486
2026-07-31T11:10:21Z,815,3,1,7,4,1,1,1,1,1785495224
2026-07-31T11:10:21Z,817,11,5,4,0,0,1,1,1,1785496186
2026-07-31T11:10:21Z,818,6,0,16,1,0,1,1,1,1785495617
2026-07-31T11:10:21Z,819,6,4,9,0,0,1,1,1,1785487291
2026-07-31T11:10:21Z,820,8,2,9,0,0,1,1,1,1785496100
2026-07-31T11:10:21Z,821,2,1,13,0,0,1,1,1,1785495215
2026-07-31T11:10:21Z,822,3,0,18,2,0,1,1,1,1785496076
2026-07-31T11:10:21Z,823,0,0,14,1,0,1,1,1,1785494688
2026-07-31T11:10:21Z,824,14,5,5,0,0,1,1,1,1785496041
2026-07-31T11:10:21Z,825,8,5,7,0,0,1,1,1,1785495662
2026-07-31T11:10:21Z,826,8,2,9,2,0,1,1,1,1785495989
2026-07-31T11:10:21Z,827,15,4,5,1,0,1,1,1,1785495500
2026-07-31T11:10:21Z,828,10,0,7,1,0,1,1,1,1785495384
2026-07-31T11:10:21Z,829,16,7,11,0,0,1,1,1,1785494420
2026-07-31T11:10:21Z,830,15,3,7,1,0,1,1,1,1785495478
2026-07-31T11:10:21Z,831,7,2,7,1,0,1,1,1,1785494653
2026-07-31T11:10:21Z,832,10,3,5,3,0,1,1,1,1785495346
2026-07-31T11:10:21Z,833,1,0,17,1,0,1,1,1,1785494502
2026-07-31T11:10:21Z,834,3,0,20,1,0,1,1,1,1785495819
2026-07-31T11:10:21Z,835,15,6,1,2,0,1,1,1,1785496051
2026-07-31T11:10:21Z,837,5,1,0,10,0,1,1,1,1785494728
2026-07-31T11:10:21Z,838,12,3,3,0,0,1,1,1,1785495584
2026-07-31T11:10:21Z,839,6,0,23,0,0,1,1,1,1785495475
2026-07-31T11:10:21Z,840,8,4,19,2,0,1,1,1,1785496140
2026-07-31T11:10:21Z,841,7,1,8,0,0,1,1,1,1785494649
2026-07-31T11:10:21Z,842,7,2,16,0,0,1,1,1,1785494457
2026-07-31T11:10:21Z,843,8,0,22,1,0,1,1,1,1785494710
2026-07-31T11:10:21Z,844,6,0,17,0,0,1,1,1,1785494659
2026-07-31T11:10:21Z,845,5,3,12,2,0,1,1,1,1785494836
2026-07-31T11:10:21Z,846,3,0,14,2,0,1,1,1,1785495787
2026-07-31T11:10:21Z,847,7,1,20,0,0,1,1,1,1785495585
2026-07-31T11:10:21Z,848,10,3,8,1,0,1,1,1,1785488215
2026-07-31T11:10:21Z,849,6,1,8,1,0,1,1,1,1785495903
2026-07-31T11:10:21Z,850,8,0,1,2,0,1,1,1,1785496119
2026-07-31T11:10:21Z,851,4,4,31,2,0,1,1,1,1785495750
2026-07-31T11:10:21Z,852,12,6,7,0,0,1,1,1,1785494548
2026-07-31T11:10:21Z,853,10,5,13,0,0,1,1,1,1785495433
2026-07-31T11:10:21Z,854,3,2,12,0,0,1,1,1,1785495490
2026-07-31T11:10:21Z,855,25,0,2,0,0,1,1,1,1785488200
2026-07-31T11:10:21Z,857,2,2,17,0,0,1,1,1,1785494918
2026-07-31T11:10:21Z,858,4,1,14,1,0,1,1,1,1785495211
2026-07-31T11:10:21Z,859,3,0,17,1,0,1,1,1,1785495431
2026-07-31T11:10:21Z,861,8,1,2,1,0,1,1,1,1785488201
2026-07-31T11:10:21Z,862,2,2,13,0,0,1,1,1,1785494677
2026-07-31T11:10:21Z,863,13,0,5,1,0,1,1,1,1785488200
2026-07-31T11:10:21Z,866,11,3,8,0,0,1,1,1,1785494986
2026-07-31T11:10:21Z,867,12,0,3,0,0,1,1,1,1785496103
2026-07-31T11:10:21Z,868,13,2,2,0,0,1,1,1,1785494504
2026-07-31T11:10:21Z,870,7,4,6,2,0,1,1,1,1785494724
2026-07-31T11:10:21Z,871,0,0,10,1,0,1,1,1,1785495908
2026-07-31T11:10:21Z,872,0,0,14,1,0,1,1,1,1785494641
2026-07-31T11:10:21Z,873,2,1,30,1,0,1,1,1,1785495998
2026-07-31T11:10:21Z,874,4,2,8,3,0,1,1,1,1785495324
2026-07-31T11:10:21Z,875,15,11,0,0,0,1,1,1,1785495708
2026-07-31T11:10:21Z,877,11,10,6,2,0,1,1,1,1785496072
2026-07-31T11:10:21Z,878,4,3,14,1,0,1,1,1,1785496206
2026-07-31T11:10:21Z,879,1,0,18,0,0,1,1,1,1785495693
2026-07-31T11:10:21Z,880,2,0,20,1,0,1,1,1,1785495705
2026-07-31T11:10:21Z,881,1,0,18,0,0,1,1,1,1785495899
2026-07-31T11:10:21Z,882,10,0,6,3,0,1,1,1,1785488200
2026-07-31T11:10:21Z,883,10,6,9,0,0,1,1,1,1785494950
2026-07-31T11:10:21Z,884,11,7,10,0,0,1,1,1,1785496065
2026-07-31T11:10:21Z,885,1,0,18,0,0,1,1,1,1785494532
2026-07-31T11:10:21Z,886,17,1,11,1,0,1,1,1,1785495895
2026-07-31T11:10:21Z,887,3,1,11,3,0,1,1,1,1785495241
2026-07-31T11:10:21Z,888,17,0,22,2,0,1,1,1,1785496133
2026-07-31T11:10:21Z,889,15,0,2,2,0,1,1,1,1785495159
2026-07-31T11:10:21Z,890,6,4,9,0,0,1,1,1,1785489632
2026-07-31T11:10:21Z,891,21,0,2,0,0,1,1,1,1785495850
2026-07-31T11:10:21Z,892,13,1,2,0,0,1,1,1,1785488200
2026-07-31T11:10:21Z,895,0,0,18,1,0,1,1,1,1785489208
2026-07-31T11:10:21Z,896,6,0,29,0,0,1,1,1,1785493238
2026-07-31T11:10:21Z,897,11,1,10,0,0,1,1,1,1785494728
2026-07-31T11:10:21Z,898,2,0,17,0,0,1,1,1,1785494450
2026-07-31T11:10:21Z,899,0,0,18,1,0,1,1,1,1785495498
2026-07-31T11:10:21Z,900,16,0,9,2,0,1,1,1,1785495915
2026-07-31T11:10:21Z,901,9,0,9,1,0,1,1,1,1785495213
2026-07-31T11:10:21Z,902,9,0,5,1,0,1,1,1,1785496199
2026-07-31T11:10:21Z,903,13,2,5,1,0,1,1,1,1785496108
2026-07-31T11:10:21Z,904,10,4,8,1,0,1,1,1,1785494841
2026-07-31T11:10:21Z,905,6,1,21,0,0,1,1,1,1785494947
2026-07-31T11:10:21Z,906,7,4,20,0,0,1,1,1,1785495709
2026-07-31T11:10:21Z,907,7,2,24,0,0,1,1,1,1785496099
2026-07-31T11:10:21Z,908,10,0,13,0,0,1,1,1,1785496071
2026-07-31T11:10:21Z,909,13,3,10,0,0,1,1,1,1785496218
2026-07-31T11:10:21Z,910,27,1,4,0,0,1,1,1,1785495358
2026-07-31T11:10:21Z,911,4,1,15,0,0,1,1,1,1785496199
2026-07-31T11:10:21Z,912,13,4,8,2,0,1,1,1,1785495869
2026-07-31T11:10:21Z,913,3,1,16,0,0,1,1,1,1785495367
2026-07-31T11:10:21Z,914,9,2,10,0,0,1,1,1,1785496127
2026-07-31T11:10:21Z,915,10,1,12,1,0,1,1,1,1785495447
2026-07-31T11:10:21Z,916,21,7,1,1,0,1,1,1,1785495390
2026-07-31T11:10:21Z,917,11,3,22,2,0,1,1,1,1785495985
2026-07-31T11:10:21Z,918,11,2,6,2,0,1,1,1,1785495824
2026-07-31T11:10:21Z,919,15,0,22,2,0,1,1,1,1785496100
2026-07-31T11:10:21Z,920,4,2,15,0,0,1,1,1,1785495178
2026-07-31T11:10:21Z,921,12,0,9,0,0,1,1,1,1785494520
2026-07-31T11:10:21Z,922,4,1,17,0,0,1,1,1,1785495326
2026-07-31T11:10:21Z,923,17,2,2,0,0,1,1,1,1785496010
2026-07-31T11:10:21Z,924,8,2,13,0,0,1,1,1,1785495533
2026-07-31T11:10:21Z,925,13,0,8,0,0,1,1,1,1785495000
2026-07-31T11:10:21Z,926,1,0,20,0,0,1,1,1,1785495862
2026-07-31T11:10:21Z,927,3,0,32,0,0,1,1,1,1785496116
2026-07-31T11:10:21Z,928,5,3,14,0,0,0,1,1,1785464301
2026-07-31T11:10:21Z,929,0,0,23,0,0,1,1,1,1785495970
2026-07-31T11:10:21Z,930,0,0,30,1,0,1,1,1,1785494757
2026-07-31T11:10:21Z,931,10,6,13,0,0,1,1,1,1785495645
2026-07-31T11:10:21Z,932,3,0,13,3,0,1,1,1,1785496021
2026-07-31T11:10:21Z,933,0,0,23,0,0,1,1,1,1785495120
2026-07-31T11:10:21Z,934,2,0,28,1,0,1,1,1,1785496119
2026-07-31T11:10:21Z,935,15,5,3,1,0,1,1,1,1785495814
2026-07-31T11:10:21Z,936,4,1,15,0,0,1,1,1,1785456801
2026-07-31T11:10:21Z,940,9,0,2,0,0,1,1,1,1785494277
2026-07-31T11:10:21Z,941,7,1,16,2,0,1,1,1,1785495714
2026-07-31T11:10:21Z,942,5,0,15,1,0,1,1,1,1785495645
2026-07-31T11:10:21Z,943,9,8,6,0,0,1,1,1,1785494750
2026-07-31T11:10:21Z,944,9,8,6,0,0,1,1,1,1785494569
2026-07-31T11:10:21Z,945,10,8,5,0,0,1,1,1,1785495897
2026-07-31T11:10:21Z,946,7,5,12,0,0,1,1,1,1785487593
2026-07-31T11:10:21Z,947,7,5,10,0,0,1,1,1,1785494583
2026-07-31T11:10:21Z,948,24,8,2,5,0,1,1,1,1785495734
2026-07-31T11:10:21Z,949,2,2,13,0,0,1,1,1,1785494791
2026-07-31T11:10:21Z,950,12,4,4,1,0,1,1,1,1785495646
2026-07-31T11:10:21Z,951,18,4,4,1,0,1,1,1,1785494804
2026-07-31T11:10:21Z,952,15,3,40,0,0,1,1,1,1785496085
2026-07-31T11:10:21Z,953,13,2,1,1,0,1,1,1,1785495667
2026-07-31T11:10:21Z,954,17,5,2,0,0,1,1,1,1785496215
2026-07-31T11:10:21Z,955,4,3,17,6,0,1,1,1,1785495493
2026-07-31T11:10:21Z,956,21,0,1,1,0,1,1,1,1785494630
2026-07-31T11:10:21Z,957,15,0,14,0,0,1,1,1,1785495812
2026-07-31T11:10:21Z,958,19,1,12,0,0,1,1,1,1785496144
2026-07-31T11:10:21Z,959,19,8,1,3,0,1,1,1,1785495057
2026-07-31T11:10:21Z,960,21,0,1,1,0,1,1,1,1785496149
2026-07-31T11:10:21Z,961,2,2,18,3,0,1,1,1,1785496124
2026-07-31T11:10:21Z,962,9,3,23,3,0,1,1,1,1785495584
2026-07-31T11:10:21Z,963,10,0,12,1,0,1,1,1,1785495357
2026-07-31T11:10:21Z,964,17,8,5,1,0,1,1,1,1785496142
2026-07-31T11:10:21Z,965,6,2,20,1,0,1,1,1,1785494797
2026-07-31T11:10:21Z,966,24,0,7,0,0,1,1,1,1785496024
2026-07-31T11:10:21Z,967,15,0,4,2,0,1,1,1,1785496177
2026-07-31T11:10:21Z,968,15,0,3,1,0,1,1,1,1785495927
2026-07-31T11:10:21Z,969,12,7,13,2,0,1,1,1,1785495721
2026-07-31T11:10:21Z,970,11,1,6,2,0,1,1,1,1785496166
2026-07-31T11:10:21Z,971,10,0,12,1,0,1,1,1,1785494888
2026-07-31T11:10:21Z,972,9,1,13,1,0,1,1,1,1785494556
2026-07-31T11:10:21Z,973,8,4,14,1,0,1,1,1,1785495889
2026-07-31T11:10:21Z,974,13,0,14,0,0,1,1,1,1785495829
2026-07-31T11:10:21Z,977,7,7,11,3,0,1,1,1,1785494819
2026-07-31T11:10:21Z,978,11,0,12,0,0,1,1,1,1785495689
2026-07-31T11:10:21Z,979,13,1,4,0,0,1,1,1,1785495892
2026-07-31T11:10:21Z,980,2,0,17,2,0,1,1,1,1785495987
2026-07-31T11:10:21Z,981,19,0,1,1,0,1,1,1,1785496135
2026-07-31T11:10:21Z,982,3,1,14,2,0,1,1,1,1785494617
2026-07-31T11:10:21Z,983,2,1,20,1,0,1,1,1,1785495041
2026-07-31T11:10:21Z,984,6,0,17,0,0,1,1,1,1785496053
2026-07-31T11:10:21Z,985,13,0,18,0,0,1,1,1,1785496157
2026-07-31T11:10:21Z,986,4,0,15,0,0,1,1,1,1785494615
2026-07-31T11:10:21Z,987,6,0,16,1,0,1,1,1,1785495159
2026-07-31T11:10:21Z,988,5,1,13,1,0,1,1,1,1785494770
2026-07-31T11:10:21Z,989,9,4,10,0,0,1,1,1,1785495574
2026-07-31T11:10:21Z,990,13,1,0,2,0,1,1,1,1785494814
2026-07-31T11:10:21Z,991,11,2,8,0,0,1,1,1,1785496059
2026-07-31T11:10:21Z,992,10,7,12,1,0,1,1,1,1785495363
2026-07-31T11:10:21Z,993,0,0,27,0,0,1,1,1,1785476008
2026-07-31T11:10:21Z,994,3,1,18,0,0,1,1,1,1785495577
2026-07-31T11:10:21Z,995,7,1,20,0,0,1,1,1,1785494798
2026-07-31T11:10:21Z,996,8,1,15,0,0,1,1,1,1785494597
2026-07-31T11:10:21Z,997,10,5,10,3,0,1,1,1,1785496125
2026-07-31T11:10:21Z,998,3,3,19,1,0,1,1,1,1785494910
2026-07-31T11:10:21Z,999,2,0,16,2,1,1,1,1,1785494682
2026-07-31T11:10:21Z,1000,5,2,16,0,0,1,1,1,1785495478
2026-07-31T11:10:21Z,1001,2,1,25,0,0,1,1,1,1785494937
2026-07-31T11:10:21Z,1002,0,0,27,4,0,1,1,1,1785494944
2026-07-31T11:10:21Z,1003,0,0,22,1,0,1,1,1,1785494558
2026-07-31T11:10:21Z,1004,8,1,15,0,0,1,1,1,1785495816
2026-07-31T11:10:21Z,1005,20,1,3,0,0,1,1,1,1785494747
2026-07-31T11:10:21Z,1006,7,4,11,1,0,1,1,1,1785494579
2026-07-31T11:10:21Z,1007,2,1,19,0,0,1,1,1,1785496028
2026-07-31T11:10:21Z,1008,6,5,15,2,0,1,1,1,1785495538
2026-07-31T11:10:21Z,1009,19,2,8,4,0,1,1,1,1785495405
2026-07-31T11:10:21Z,1010,7,2,20,0,0,1,1,1,1785494423
2026-07-31T11:10:21Z,1011,8,2,9,2,0,1,1,1,1785494952
2026-07-31T11:10:21Z,1012,4,3,18,1,0,1,1,1,1785494514
2026-07-31T11:10:21Z,1013,4,1,18,1,0,1,1,1,1785495107
2026-07-31T11:10:21Z,1014,7,2,13,3,0,1,1,1,1785495033
2026-07-31T11:10:21Z,1015,3,1,25,3,0,1,1,1,1785495318
2026-07-31T11:10:21Z,1016,9,5,22,0,0,1,1,1,1785496206
2026-07-31T11:10:21Z,1017,14,5,7,0,0,1,1,1,1785495735
2026-07-31T11:10:21Z,1018,7,2,15,0,0,1,1,1,1785494600
2026-07-31T11:10:21Z,1019,9,6,6,0,0,1,1,1,1785494522
2026-07-31T11:10:21Z,1020,18,3,3,0,0,1,1,1,1785495605
2026-07-31T11:10:21Z,1021,9,3,5,1,0,1,1,1,1785495324
2026-07-31T11:10:21Z,1022,14,0,13,0,0,1,1,1,1785494698
2026-07-31T11:10:21Z,1023,13,1,9,1,0,1,1,1,1785496155
2026-07-31T11:10:21Z,1024,5,2,13,1,0,1,1,1,1785495332
2026-07-31T11:10:21Z,1025,4,0,14,0,1,1,1,1,1785494665
2026-07-31T11:10:21Z,1026,7,4,18,6,0,1,1,1,1785495687
2026-07-31T11:10:21Z,1028,2,0,20,1,0,1,1,1,1785494692
2026-07-31T11:10:21Z,1029,9,9,5,1,0,1,1,1,1785495621
2026-07-31T11:10:21Z,1030,14,5,9,0,0,1,1,1,1785495375
2026-07-31T11:10:21Z,1031,8,0,11,0,0,1,1,1,1785495734
2026-07-31T11:10:21Z,1032,7,1,12,0,0,1,1,1,1785494584
2026-07-31T11:10:21Z,1033,9,5,8,2,0,1,1,1,1785495398
2026-07-31T11:10:21Z,1034,2,0,13,0,0,1,1,1,1785494594
2026-07-31T11:10:21Z,1035,1,0,16,2,0,1,1,1,1785494632
2026-07-31T11:10:21Z,1036,14,0,1,0,0,1,1,1,1785495175
2026-07-31T11:10:21Z,1037,5,0,13,1,0,1,1,1,1785495415
2026-07-31T11:10:21Z,1038,2,0,12,1,0,1,1,1,1785496107
2026-07-31T11:10:21Z,1039,7,2,12,0,0,1,1,1,1785494738
2026-07-31T11:10:21Z,1040,7,3,10,2,0,1,1,1,1785494624
2026-07-31T11:10:21Z,1041,10,3,8,1,0,1,1,1,1785495322
2026-07-31T11:10:21Z,1042,12,1,1,2,0,1,1,1,1785494675
2026-07-31T11:10:21Z,1043,10,0,6,3,0,1,1,1,1785494659
2026-07-31T11:10:21Z,1044,1,0,13,1,0,1,1,1,1785496162
2026-07-31T11:10:21Z,1045,10,0,9,0,0,1,1,1,1785494570
2026-07-31T11:10:21Z,1046,8,0,7,0,0,1,1,1,1785495785
2026-07-31T11:10:21Z,1047,5,0,16,0,0,1,1,1,1785495753
2026-07-31T11:10:21Z,1048,10,1,9,0,0,1,1,1,1785494548
2026-07-31T11:10:21Z,1049,5,0,16,0,0,1,1,1,1785494615
2026-07-31T11:10:21Z,1050,17,4,4,0,0,1,1,1,1785495713
2026-07-31T11:10:21Z,1051,8,3,13,0,0,1,1,1,1785495603
2026-07-31T11:10:21Z,1052,17,2,5,0,0,1,1,1,1785494413
2026-07-31T11:10:21Z,1053,2,1,13,0,0,1,1,1,1785494474
2026-07-31T11:10:21Z,1054,14,1,1,0,0,1,1,1,1785494734
2026-07-31T11:10:21Z,1055,8,2,11,0,0,1,1,1,1785494715
2026-07-31T11:10:21Z,1057,17,0,1,1,0,1,1,1,1785496217
2026-07-31T11:10:21Z,1058,6,0,49,1,0,1,1,1,1785496164
2026-07-31T11:10:21Z,1059,0,0,18,1,0,1,1,1,1785494603
2026-07-31T11:10:21Z,1060,31,0,6,0,0,1,1,1,1785495425
2026-07-31T11:10:21Z,1061,14,1,22,1,0,1,1,1,1785494725
2026-07-31T11:10:21Z,1062,4,2,13,0,0,1,1,1,1785495641
2026-07-31T11:10:21Z,1063,12,1,6,1,0,1,1,1,1785494627
2026-07-31T11:10:21Z,1064,3,0,19,1,0,1,1,1,1785494961
2026-07-31T11:10:21Z,1065,16,3,7,0,0,1,1,1,1785495203
2026-07-31T11:10:21Z,1066,10,2,13,0,0,1,1,1,1785495027
2026-07-31T11:10:21Z,1067,8,2,13,2,0,1,1,1,1785495295
2026-07-31T11:10:21Z,1068,8,2,13,2,0,1,1,1,1785494788
2026-07-31T11:10:21Z,1069,12,3,11,0,0,1,1,1,1785494836
2026-07-31T11:10:21Z,1070,12,2,11,0,0,1,1,1,1785494933
2026-07-31T11:10:21Z,1071,7,4,16,0,0,1,1,1,1785494971
2026-07-31T11:10:21Z,1072,11,1,11,1,0,1,1,1,1785495366
2026-07-31T11:10:21Z,1073,21,2,5,1,0,1,1,1,1785496094
2026-07-31T11:10:21Z,1074,1,0,51,1,0,1,1,1,1785494870
2026-07-31T11:10:21Z,1075,10,10,11,0,0,1,1,1,1785496158
2026-07-31T11:10:21Z,1076,15,12,6,0,0,1,1,1,1785495595
2026-07-31T11:10:21Z,1077,8,5,13,0,0,1,1,1,1785494558
2026-07-31T11:10:21Z,1078,11,10,10,0,0,1,1,1,1785495638
2026-07-31T11:10:21Z,1079,11,8,10,0,0,1,1,1,1785494447
2026-07-31T11:10:21Z,1080,10,8,10,1,0,1,1,1,1785495049
2026-07-31T11:10:21Z,1081,13,8,6,0,0,1,1,1,1785495433
2026-07-31T11:10:21Z,1082,7,7,1,0,0,1,1,1,1785494909
2026-07-31T11:10:21Z,1083,13,11,8,0,0,1,1,1,1785494718
2026-07-31T11:10:21Z,1084,9,8,12,0,0,1,1,1,1785496151
2026-07-31T11:10:21Z,1085,10,10,11,0,0,1,1,1,1785495802
2026-07-31T11:10:21Z,1086,0,0,20,1,0,1,1,1,1785494687
2026-07-31T11:10:21Z,1087,12,7,3,0,0,1,1,1,1785495685
2026-07-31T11:10:21Z,1088,10,7,5,0,0,1,1,1,1785494630
2026-07-31T11:10:21Z,1089,5,3,10,0,0,1,1,1,1785494983
2026-07-31T11:10:21Z,1090,10,9,5,0,0,1,1,1,1785495514
2026-07-31T11:10:21Z,1091,12,7,3,0,0,1,1,1,1785495427
2026-07-31T11:10:21Z,1092,9,9,5,1,0,1,1,1,1785494973
2026-07-31T11:10:21Z,1093,7,6,8,0,0,1,1,1,1785495335
2026-07-31T11:10:21Z,1094,11,9,7,1,0,1,1,1,1785495381
2026-07-31T11:10:21Z,1095,8,7,7,0,0,1,1,1,1785495275
2026-07-31T11:10:21Z,1096,3,1,15,1,0,1,1,1,1785494947
2026-07-31T11:10:21Z,1097,9,9,6,0,0,1,1,1,1785495160
2026-07-31T11:10:21Z,1098,9,7,10,0,0,1,1,1,1785495503
2026-07-31T11:10:21Z,1099,7,6,8,0,0,1,1,1,1785494417
2026-07-31T11:10:21Z,1100,8,4,21,0,0,1,1,1,1785493678
2026-07-31T11:10:21Z,1101,9,5,12,0,0,1,1,1,1785496129
2026-07-31T11:10:21Z,1102,9,4,4,0,0,1,1,1,1785495408
2026-07-31T11:10:21Z,1103,10,5,11,0,0,1,1,1,1785487895
2026-07-31T11:10:21Z,1104,10,5,11,0,0,1,1,1,1785495885
2026-07-31T11:10:21Z,1105,8,4,5,0,0,1,1,1,1785495294
2026-07-31T11:10:21Z,1106,10,5,11,0,0,1,1,1,1785494408
2026-07-31T11:10:21Z,1107,9,5,6,0,0,1,1,1,1785494696
2026-07-31T11:10:21Z,1108,8,4,16,2,1,1,1,1,1785495198
2026-07-31T11:10:21Z,1109,6,1,9,0,0,1,1,1,1785494651
2026-07-31T11:10:21Z,1110,12,4,9,0,0,1,1,1,1785495753
2026-07-31T11:10:21Z,1111,3,2,18,0,0,1,1,1,1785475740
2026-07-31T11:10:21Z,1112,37,0,16,0,0,1,1,1,1785495074
2026-07-31T11:10:21Z,1113,1,0,20,0,0,1,1,1,1785495705
2026-07-31T11:10:21Z,1115,17,5,3,3,0,1,1,1,1785495105
2026-07-31T11:10:21Z,1116,5,1,14,0,0,1,1,1,1785494602
2026-07-31T11:10:21Z,1117,12,3,9,2,0,1,1,1,1785495844
2026-07-31T11:10:21Z,1118,18,1,2,1,0,1,1,1,1785495778
2026-07-31T11:10:21Z,1119,13,1,4,0,0,1,1,1,1785495617
2026-07-31T11:10:21Z,1120,13,0,6,0,0,1,1,1,1785494684
2026-07-31T11:10:21Z,1121,12,1,6,3,0,1,1,1,1785495051
2026-07-31T11:10:21Z,1122,14,9,4,3,0,1,1,1,1785495820
2026-07-31T11:10:21Z,1123,5,2,16,2,0,1,1,1,1785496056
2026-07-31T11:10:21Z,1124,10,2,1,4,0,1,1,1,1785495626
2026-07-31T11:10:21Z,1125,15,1,8,0,0,1,1,1,1785494884
2026-07-31T11:10:21Z,1126,3,0,17,1,0,1,1,1,1785495931
2026-07-31T11:10:21Z,1127,5,0,13,1,0,1,1,1,1785495396
2026-07-31T11:10:21Z,1128,14,2,0,1,0,1,1,1,1785494602
2026-07-31T11:10:21Z,1129,1,1,19,1,0,1,1,1,1785496146
2026-07-31T11:10:21Z,1130,9,0,6,0,0,1,1,1,1785496202
2026-07-31T11:10:21Z,1131,0,0,48,1,0,1,1,1,1785495393
2026-07-31T11:10:21Z,1132,14,6,6,1,0,1,1,1,1785496214
2026-07-31T11:10:21Z,1133,16,12,3,2,0,1,1,1,1785496178
2026-07-31T11:10:21Z,1134,10,5,9,0,0,1,1,1,1785495109
2026-07-31T11:10:21Z,1135,10,5,11,0,0,1,1,1,1785496024
2026-07-31T11:10:21Z,1136,6,0,17,0,0,1,1,1,1785495284
2026-07-31T11:10:21Z,1137,13,0,2,0,0,1,1,1,1785494521
2026-07-31T11:10:21Z,1138,16,3,3,0,0,1,1,1,1785495313
2026-07-31T11:10:21Z,1139,17,4,3,1,0,1,1,1,1785495090
2026-07-31T11:10:21Z,1140,21,2,1,1,0,1,1,1,1785496141
2026-07-31T11:10:21Z,1141,4,0,17,0,0,1,1,1,1785496092
2026-07-31T11:10:21Z,1142,2,0,19,0,0,1,1,1,1785495239
2026-07-31T11:10:21Z,1143,18,0,10,1,0,1,1,1,1785495981
2026-07-31T11:10:21Z,1144,7,1,13,1,0,1,1,1,1785494843
2026-07-31T11:10:21Z,1145,13,6,7,1,0,1,1,1,1785494985
2026-07-31T11:10:21Z,1146,7,0,9,3,0,1,1,1,1785495978
2026-07-31T11:10:21Z,1147,4,0,15,0,0,1,1,1,1785496170
2026-07-31T11:10:21Z,1148,23,6,8,0,0,1,1,1,1785495627
2026-07-31T11:10:21Z,1149,4,3,21,0,0,1,1,1,1785496077
2026-07-31T11:10:21Z,1150,16,0,3,0,0,1,1,1,1785496208
2026-07-31T11:10:21Z,1151,12,0,9,0,0,1,1,1,1785495250
2026-07-31T11:10:21Z,1152,21,0,8,0,0,1,1,1,1785495725
2026-07-31T11:10:21Z,1153,20,6,2,1,0,1,1,1,1785495139
2026-07-31T11:10:21Z,1154,13,1,6,0,0,1,1,1,1785495844
2026-07-31T11:10:21Z,1155,16,7,4,1,0,1,1,1,1785495268
2026-07-31T11:10:21Z,1158,3,0,15,1,0,1,1,1,1785494492
2026-07-31T11:10:21Z,1159,13,1,6,0,0,1,1,1,1785494847
2026-07-31T11:10:21Z,1160,8,1,10,1,0,1,1,1,1785495581
2026-07-31T11:10:21Z,1161,3,0,15,1,0,1,1,1,1785494982
2026-07-31T11:10:21Z,1162,2,1,17,0,0,1,1,1,1785495232
2026-07-31T11:10:21Z,1163,1,1,17,1,0,1,1,1,1785494610
2026-07-31T11:10:21Z,1164,6,1,13,0,0,1,1,1,1785494668
2026-07-31T11:10:21Z,1165,5,0,16,0,0,1,1,1,1785495401
2026-07-31T11:10:21Z,1166,12,2,8,1,0,1,1,1,1785494917
2026-07-31T11:10:21Z,1167,4,0,11,0,0,1,1,1,1785496187
2026-07-31T11:10:21Z,1168,1,1,21,1,0,1,1,1,1785495202
2026-07-31T11:10:21Z,1169,3,0,15,1,0,1,1,1,1785494514
2026-07-31T11:10:21Z,1170,6,0,14,1,0,1,1,1,1785494887
2026-07-31T11:10:21Z,1171,7,6,15,1,0,1,1,1,1785494561
2026-07-31T11:10:21Z,1172,6,2,7,2,0,1,1,1,1785494782
2026-07-31T11:10:21Z,1173,13,5,6,0,0,1,1,1,1785494763
2026-07-31T11:10:21Z,1174,6,3,9,0,0,1,1,1,1785496107
2026-07-31T11:10:21Z,1175,5,3,14,0,0,1,1,1,1785496110
2026-07-31T11:10:21Z,1176,19,1,2,0,0,1,1,1,1785495785
2026-07-31T11:10:21Z,1177,3,1,18,0,0,1,1,1,1785495709
2026-07-31T11:10:21Z,1178,2,1,13,0,0,1,1,1,1785496218
2026-07-31T11:10:21Z,1181,11,0,3,1,0,1,1,1,1785492552
2026-07-31T11:10:21Z,1182,2,0,18,0,0,1,1,1,1785495794
2026-07-31T11:10:21Z,1183,3,0,40,2,0,1,1,1,1785495988
2026-07-31T11:10:21Z,1184,11,5,9,1,0,1,1,1,1785495891
2026-07-31T11:10:21Z,1185,10,5,11,0,0,1,1,1,1785495839
2026-07-31T11:10:21Z,1186,9,5,10,0,0,1,1,1,1785495032
2026-07-31T11:10:21Z,1187,12,6,8,1,0,1,1,1,1785495374
2026-07-31T11:10:21Z,1188,10,5,5,0,0,1,1,1,1785494702
2026-07-31T11:10:21Z,1189,10,5,9,0,0,1,1,1,1785494792
2026-07-31T11:10:21Z,1190,9,5,12,0,0,1,1,1,1785496005
2026-07-31T11:10:21Z,1191,10,5,5,0,0,1,1,1,1785494709
2026-07-31T11:10:21Z,1192,10,6,10,1,0,1,1,1,1785494555
2026-07-31T11:10:21Z,1193,6,4,5,2,0,1,1,1,1785495542
2026-07-31T11:10:21Z,1197,9,6,7,1,0,1,1,1,1785495489
2026-07-31T11:10:21Z,1198,14,4,5,2,0,1,1,1,1785495080
2026-07-31T11:10:21Z,1199,2,0,17,0,0,1,1,1,1785495091
2026-07-31T11:10:21Z,1200,10,5,5,0,0,1,1,1,1785496183
2026-07-31T11:10:21Z,1201,10,5,5,0,0,1,1,1,1785495966
2026-07-31T11:10:21Z,1202,12,6,3,0,0,1,1,1,1785494823
2026-07-31T11:10:21Z,1203,10,5,5,0,0,1,1,1,1785495293
2026-07-31T11:10:21Z,1204,7,3,11,1,0,1,1,1,1785494468
2026-07-31T11:10:21Z,1206,11,5,10,0,0,1,1,1,1785495503
2026-07-31T11:10:21Z,1207,8,4,6,1,0,1,1,1,1785495035
2026-07-31T11:10:21Z,1208,7,2,11,1,0,1,1,1,1785494946
2026-07-31T11:10:21Z,1216,7,0,13,1,0,1,1,1,1785495732
2026-07-31T11:10:21Z,1218,4,0,17,0,0,1,1,1,1785496126
2026-07-31T11:10:21Z,1219,6,1,8,1,0,1,1,1,1785496161
2026-07-31T11:10:21Z,1220,14,7,4,1,0,1,1,1,1785495931
2026-07-31T11:10:21Z,1221,1,1,19,1,0,1,1,1,1785495439
2026-07-31T11:10:21Z,1222,28,1,1,0,0,1,1,1,1785494572
2026-07-31T11:10:21Z,1223,22,0,7,0,0,1,1,1,1785495465
2026-07-31T11:10:21Z,1226,0,0,3,0,0,0,1,1,1781868931
2026-07-31T11:10:21Z,1227,21,1,4,0,0,1,1,1,1785494414
2026-07-31T11:10:21Z,1228,15,0,13,1,0,1,1,1,1785495502
2026-07-31T11:10:21Z,1229,35,1,10,0,0,1,1,1,1785496181
2026-07-31T11:15:21Z,1,4,0,19,0,0,1,1,1,1785494930
2026-07-31T11:15:21Z,2,20,0,4,3,0,1,1,1,1785496480
2026-07-31T11:15:21Z,3,10,1,3,1,0,1,1,1,1785496246
2026-07-31T11:15:21Z,4,1,0,20,1,0,1,1,1,1785487895
2026-07-31T11:15:21Z,5,10,3,12,1,0,1,1,1,1785495606
2026-07-31T11:15:21Z,6,4,0,11,0,0,1,1,1,1785495229
2026-07-31T11:15:21Z,7,2,0,37,0,0,1,1,1,1785496278
2026-07-31T11:15:21Z,8,2,1,41,0,0,1,1,1,1785496124
2026-07-31T11:15:21Z,9,2,1,20,1,0,1,1,1,1785495678
2026-07-31T11:15:21Z,10,0,0,21,2,0,1,1,1,1785496277
2026-07-31T11:15:21Z,11,16,6,2,1,0,1,1,1,1785494936
2026-07-31T11:15:21Z,12,0,0,23,0,0,1,1,1,1785490105
2026-07-31T11:15:21Z,13,11,0,19,0,0,1,1,1,1785488834
2026-07-31T11:15:21Z,14,4,0,38,0,1,1,1,1,1785494830
2026-07-31T11:15:21Z,15,2,0,13,0,0,1,1,1,1785496271
2026-07-31T11:15:21Z,16,8,0,16,2,1,1,1,1,1785487292
2026-07-31T11:15:21Z,17,5,0,21,1,0,1,1,1,1785496350
2026-07-31T11:15:21Z,18,6,0,10,2,0,1,1,1,1785494953
2026-07-31T11:15:21Z,19,12,0,14,1,0,1,1,1,1785495614
2026-07-31T11:15:21Z,20,31,0,4,0,0,1,1,1,1785491965
2026-07-31T11:15:21Z,21,4,0,14,1,0,1,1,1,1785496017
2026-07-31T11:15:21Z,22,20,0,44,1,0,1,1,1,1785495405
2026-07-31T11:15:21Z,23,12,5,19,0,0,1,1,1,1785496244
2026-07-31T11:15:21Z,24,1,0,8,2,0,1,1,1,1785496503
2026-07-31T11:15:21Z,25,3,2,77,0,1,1,1,1,1785496484
2026-07-31T11:15:21Z,26,1,0,26,0,0,1,1,1,1785491464
2026-07-31T11:15:21Z,28,11,3,4,0,0,1,1,1,1785495670
2026-07-31T11:15:21Z,30,2,1,26,1,0,1,1,1,1785495459
2026-07-31T11:15:21Z,31,0,0,17,2,0,1,1,1,1785496320
2026-07-31T11:15:21Z,32,17,0,10,0,0,1,1,1,1785495139
2026-07-31T11:15:21Z,34,8,2,28,1,0,1,1,1,1785496449
2026-07-31T11:15:21Z,35,6,3,40,1,0,1,1,1,1785496315
2026-07-31T11:15:21Z,36,0,0,0,0,0,0,1,1,86400
2026-07-31T11:15:21Z,37,1,0,22,0,0,1,1,1,1785495848
2026-07-31T11:15:21Z,38,4,0,19,0,0,1,1,1,1785496427
2026-07-31T11:15:21Z,39,22,5,17,0,0,1,1,1,1785495289
2026-07-31T11:15:21Z,40,19,0,1,1,0,1,1,1,1785495818
2026-07-31T11:15:21Z,41,6,3,36,1,0,1,1,1,1785495782
2026-07-31T11:15:21Z,42,31,8,0,0,0,1,1,1,1785472558
2026-07-31T11:15:21Z,43,5,0,18,0,0,1,1,1,1785490390
2026-07-31T11:15:21Z,45,6,3,22,1,0,1,1,1,1785496085
2026-07-31T11:15:21Z,46,11,1,20,0,0,1,1,1,1785496120
2026-07-31T11:15:21Z,47,10,6,4,1,0,1,1,1,1785495668
2026-07-31T11:15:21Z,48,4,0,23,0,0,1,1,1,1785496252
2026-07-31T11:15:21Z,49,5,0,15,3,0,1,1,1,1785496508
2026-07-31T11:15:21Z,50,18,11,1,0,0,1,1,1,1785495744
2026-07-31T11:15:21Z,51,68,0,9,0,0,1,1,1,1785487292
2026-07-31T11:15:21Z,52,1,0,23,3,0,1,1,1,1785496379
2026-07-31T11:15:21Z,55,2,1,21,0,0,1,1,1,1785496390
2026-07-31T11:15:21Z,56,3,0,40,0,0,1,1,1,1785495988
2026-07-31T11:15:21Z,57,0,0,27,0,0,1,1,1,1785494456
2026-07-31T11:15:21Z,58,2,1,26,0,0,1,1,1,1785495616
2026-07-31T11:15:21Z,59,6,0,19,2,0,1,1,1,1785496506
2026-07-31T11:15:21Z,61,2,1,37,0,0,1,1,1,1785491414
2026-07-31T11:15:21Z,62,10,4,38,1,0,1,1,1,1785496208
2026-07-31T11:15:21Z,63,11,0,8,0,0,1,1,1,1785496219
2026-07-31T11:15:21Z,64,10,1,5,4,0,1,1,1,1785493091
2026-07-31T11:15:21Z,65,16,7,2,1,0,1,1,1,1785491350
2026-07-31T11:15:21Z,67,18,0,21,0,0,1,1,1,1785495722
2026-07-31T11:15:21Z,68,2,0,35,0,0,1,1,1,1785495122
2026-07-31T11:15:21Z,69,10,0,5,0,0,1,1,1,1785496275
2026-07-31T11:15:21Z,71,2,0,24,1,0,1,1,1,1785496273
2026-07-31T11:15:21Z,72,19,5,10,2,0,1,1,1,1785496317
2026-07-31T11:15:21Z,73,7,0,24,0,0,1,1,1,1785496459
2026-07-31T11:15:21Z,74,11,5,8,0,0,1,1,1,1785495797
2026-07-31T11:15:21Z,75,4,0,27,1,0,1,1,1,1785495138
2026-07-31T11:15:21Z,76,18,0,0,1,0,1,1,1,1785496506
2026-07-31T11:15:21Z,77,24,0,2,1,0,1,1,1,1785494000
2026-07-31T11:15:21Z,78,9,4,13,1,0,1,1,1,1785496249
2026-07-31T11:15:21Z,79,2,2,14,1,0,1,1,1,1785496351
2026-07-31T11:15:21Z,80,18,1,2,3,0,1,1,1,1785496504
2026-07-31T11:15:21Z,81,5,1,26,0,0,1,1,1,1785495915
2026-07-31T11:15:21Z,82,14,1,9,0,0,1,1,1,1785495226
2026-07-31T11:15:21Z,83,7,2,25,2,0,1,1,1,1785496500
2026-07-31T11:15:21Z,84,23,0,4,0,0,1,1,1,1785493962
2026-07-31T11:15:21Z,85,3,1,12,0,0,1,1,1,1785495661
2026-07-31T11:15:21Z,86,25,0,1,1,0,1,1,1,1785486691
2026-07-31T11:15:21Z,87,11,0,8,0,0,1,1,1,1785495937
2026-07-31T11:15:21Z,88,4,0,38,1,0,1,1,1,1785496053
2026-07-31T11:15:21Z,89,22,0,13,0,0,1,1,1,1785487292
2026-07-31T11:15:21Z,90,6,2,10,2,0,1,1,1,1785495721
2026-07-31T11:15:21Z,91,14,0,3,0,0,1,1,1,1785496160
2026-07-31T11:15:21Z,92,9,1,7,3,0,1,1,1,1785496474
2026-07-31T11:15:21Z,93,2,0,21,0,0,1,1,1,1785495930
2026-07-31T11:15:21Z,94,3,0,15,1,0,1,1,1,1785492659
2026-07-31T11:15:21Z,95,24,1,9,1,1,1,1,1,1785495977
2026-07-31T11:15:21Z,96,28,0,2,1,0,1,1,1,1785491842
2026-07-31T11:15:21Z,97,1,1,15,1,0,1,1,1,1785496366
2026-07-31T11:15:21Z,98,22,0,12,1,0,1,1,1,1785495695
2026-07-31T11:15:21Z,99,3,0,12,0,0,1,1,1,1785495473
2026-07-31T11:15:21Z,100,0,0,27,0,0,1,1,1,1785496347
2026-07-31T11:15:21Z,101,1,0,13,2,0,1,1,1,1785496404
2026-07-31T11:15:21Z,102,0,0,23,0,0,1,1,1,1785487553
2026-07-31T11:15:21Z,103,11,1,19,0,0,1,1,1,1785496327
2026-07-31T11:15:21Z,104,0,0,25,2,0,1,1,1,1785496507
2026-07-31T11:15:21Z,105,14,1,5,0,0,1,1,1,1785495616
2026-07-31T11:15:21Z,106,2,0,19,0,0,1,1,1,1785494608
2026-07-31T11:15:21Z,107,3,1,34,0,0,1,1,1,1785496481
2026-07-31T11:15:21Z,108,11,2,23,1,0,1,1,1,1785496001
2026-07-31T11:15:21Z,109,20,0,3,0,0,1,1,1,1785496150
2026-07-31T11:15:21Z,110,12,0,11,0,0,1,1,1,1785493883
2026-07-31T11:15:21Z,111,1,1,35,0,0,1,1,1,1785496368
2026-07-31T11:15:21Z,112,1,0,13,1,0,1,1,1,1785494789
2026-07-31T11:15:21Z,113,6,0,11,2,0,1,1,1,1785496407
2026-07-31T11:15:21Z,114,6,6,23,1,1,1,1,1,1785496500
2026-07-31T11:15:21Z,115,5,2,22,1,0,1,1,1,1785494872
2026-07-31T11:15:21Z,116,3,3,23,1,0,1,1,1,1785487594
2026-07-31T11:15:21Z,118,20,9,0,3,0,1,1,1,1785495475
2026-07-31T11:15:21Z,119,23,1,11,4,0,1,1,1,1785496314
2026-07-31T11:15:21Z,120,21,1,5,1,0,1,1,1,1785496194
2026-07-31T11:15:21Z,121,3,1,15,0,1,1,1,1,1785496213
2026-07-31T11:15:21Z,122,8,1,12,1,0,1,1,1,1785495940
2026-07-31T11:15:21Z,123,8,2,39,0,0,1,1,1,1785495830
2026-07-31T11:15:21Z,124,29,0,6,0,0,1,1,1,1785495702
2026-07-31T11:15:21Z,125,8,4,15,0,0,1,1,1,1785496188
2026-07-31T11:15:21Z,126,24,2,7,0,0,1,1,1,1785495920
2026-07-31T11:15:21Z,127,10,2,24,1,0,1,1,1,1785496271
2026-07-31T11:15:21Z,128,17,1,2,0,0,1,1,1,1785490685
2026-07-31T11:15:21Z,129,16,1,1,2,0,1,1,1,1785496350
2026-07-31T11:15:21Z,130,5,1,12,0,0,1,1,1,1785495263
2026-07-31T11:15:21Z,131,9,3,0,2,0,1,1,1,1785495384
2026-07-31T11:15:21Z,132,13,6,1,0,1,1,1,1,1785494491
2026-07-31T11:15:21Z,134,2,0,16,5,0,1,1,1,1785496399
2026-07-31T11:15:21Z,135,5,4,13,1,0,1,1,1,1785495502
2026-07-31T11:15:21Z,136,5,0,10,1,7,1,1,1,1785496414
2026-07-31T11:15:21Z,137,7,1,12,0,0,1,1,1,1785495882
2026-07-31T11:15:21Z,138,35,2,2,0,0,1,1,1,1785496337
2026-07-31T11:15:21Z,139,15,3,4,0,0,1,1,1,1785495424
2026-07-31T11:15:21Z,140,8,6,14,1,0,1,1,1,1785496504
2026-07-31T11:15:21Z,141,29,0,7,0,0,1,1,1,1785496507
2026-07-31T11:15:21Z,142,21,0,2,0,0,1,1,1,1785496237
2026-07-31T11:15:21Z,143,12,1,18,1,0,1,1,1,1785496435
2026-07-31T11:15:21Z,144,23,0,4,0,0,1,1,1,1785495520
2026-07-31T11:15:21Z,146,5,1,17,1,0,1,1,1,1785495397
2026-07-31T11:15:21Z,147,12,2,5,2,0,1,1,1,1785496335
2026-07-31T11:15:21Z,148,20,0,6,0,1,1,1,1,1785496222
2026-07-31T11:15:21Z,149,17,3,10,0,0,1,1,1,1785496243
2026-07-31T11:15:21Z,150,22,6,10,3,0,1,1,1,1785496469
2026-07-31T11:15:21Z,151,18,6,5,0,0,1,1,1,1785495470
2026-07-31T11:15:21Z,152,16,2,7,4,0,1,1,1,1785496469
2026-07-31T11:15:21Z,153,16,2,8,7,0,1,1,1,1785496499
2026-07-31T11:15:21Z,154,16,2,4,3,0,1,1,1,1785496455
2026-07-31T11:15:21Z,155,10,4,3,1,0,1,1,1,1785496266
2026-07-31T11:15:21Z,156,11,1,8,0,0,1,1,1,1785496264
2026-07-31T11:15:21Z,157,12,0,13,2,0,1,1,1,1785496310
2026-07-31T11:15:21Z,158,16,2,0,0,0,1,1,1,1785495734
2026-07-31T11:15:21Z,159,2,1,17,0,0,1,1,1,1785494564
2026-07-31T11:15:21Z,160,16,0,3,0,0,1,1,1,1785496016
2026-07-31T11:15:21Z,161,20,4,2,0,0,1,1,1,1785496444
2026-07-31T11:15:21Z,162,12,0,14,1,0,1,1,1,1785496015
2026-07-31T11:15:21Z,163,22,2,8,0,1,1,1,1,1785496492
2026-07-31T11:15:21Z,164,24,7,3,0,0,1,1,1,1785496360
2026-07-31T11:15:21Z,165,22,10,8,1,0,1,1,1,1785496046
2026-07-31T11:15:21Z,166,32,8,3,4,0,1,1,1,1785496506
2026-07-31T11:15:21Z,167,17,9,4,2,0,1,1,1,1785496426
2026-07-31T11:15:21Z,168,15,0,10,2,0,1,1,1,1785496259
2026-07-31T11:15:21Z,169,0,0,22,0,1,1,1,1,1785495705
2026-07-31T11:15:21Z,170,17,5,1,1,0,1,1,1,1785495962
2026-07-31T11:15:21Z,171,8,2,3,2,0,1,1,1,1785496450
2026-07-31T11:15:21Z,173,38,0,1,0,0,1,1,1,1785496394
2026-07-31T11:15:21Z,174,20,1,4,2,0,1,1,1,1785494757
2026-07-31T11:15:21Z,175,8,0,23,0,0,1,1,1,1785496253
2026-07-31T11:15:21Z,176,5,1,9,0,1,1,1,1,1785495966
2026-07-31T11:15:21Z,177,17,2,10,0,0,1,1,1,1785496470
2026-07-31T11:15:21Z,178,2,0,10,2,1,1,1,1,1785496502
2026-07-31T11:15:21Z,179,11,1,3,1,0,1,1,1,1785496429
2026-07-31T11:15:21Z,180,3,1,27,0,0,1,1,1,1785496443
2026-07-31T11:15:21Z,181,11,0,3,1,0,1,1,1,1785495767
2026-07-31T11:15:21Z,182,11,1,6,0,0,1,1,1,1785494826
2026-07-31T11:15:21Z,183,12,0,11,0,0,1,1,1,1785494891
2026-07-31T11:15:21Z,184,5,1,17,1,0,1,1,1,1785495998
2026-07-31T11:15:21Z,185,11,1,1,2,1,1,1,1,1785493425
2026-07-31T11:15:21Z,186,3,0,16,0,0,1,1,1,1785492102
2026-07-31T11:15:21Z,187,10,0,17,1,0,1,1,1,1785495039
2026-07-31T11:15:21Z,188,11,0,8,8,0,1,1,1,1785496449
2026-07-31T11:15:21Z,189,14,4,1,0,0,1,1,1,1785493971
2026-07-31T11:15:21Z,190,5,1,18,0,0,1,1,1,1785496202
2026-07-31T11:15:21Z,191,3,1,36,0,0,1,1,1,1785496495
2026-07-31T11:15:21Z,192,10,2,18,3,0,1,1,1,1785496406
2026-07-31T11:15:21Z,193,1,0,13,1,0,1,1,1,1785496004
2026-07-31T11:15:21Z,194,12,1,14,1,0,1,1,1,1785495357
2026-07-31T11:15:21Z,195,11,3,8,0,0,1,1,1,1785495900
2026-07-31T11:15:21Z,196,17,1,10,0,0,1,1,1,1785496389
2026-07-31T11:15:21Z,197,16,3,1,1,1,1,1,1,1785489625
2026-07-31T11:15:21Z,198,17,15,6,0,0,1,1,1,1785494878
2026-07-31T11:15:21Z,199,4,4,10,1,0,1,1,1,1785496384
2026-07-31T11:15:21Z,200,12,0,13,1,0,1,1,1,1785492701
2026-07-31T11:15:21Z,201,3,1,20,0,0,1,1,1,1785496467
2026-07-31T11:15:21Z,202,0,0,27,0,0,1,1,1,1785494022
2026-07-31T11:15:21Z,203,27,2,3,1,0,1,1,1,1785496410
2026-07-31T11:15:21Z,204,25,0,9,1,0,1,1,1,1785496494
2026-07-31T11:15:21Z,205,11,1,16,0,0,1,1,1,1785495851
2026-07-31T11:15:21Z,206,2,2,12,1,0,1,1,1,1785495327
2026-07-31T11:15:21Z,207,12,0,9,0,0,1,1,1,1785495428
2026-07-31T11:15:21Z,208,6,1,23,0,0,1,1,1,1785496304
2026-07-31T11:15:21Z,209,5,0,23,3,0,1,1,1,1785496497
2026-07-31T11:15:21Z,210,25,2,2,0,0,1,1,1,1785495656
2026-07-31T11:15:21Z,211,13,6,9,1,0,1,1,1,1785495115
2026-07-31T11:15:21Z,212,26,1,8,1,0,1,1,1,1785496372
2026-07-31T11:15:21Z,213,11,1,10,2,0,1,1,1,1785496490
2026-07-31T11:15:21Z,214,23,0,22,2,0,1,1,1,1785496347
2026-07-31T11:15:21Z,215,5,2,17,1,0,1,1,1,1785492966
2026-07-31T11:15:21Z,216,7,0,11,1,0,1,1,1,1785491552
2026-07-31T11:15:21Z,217,10,0,18,1,0,1,1,1,1785496217
2026-07-31T11:15:21Z,218,19,5,18,2,0,1,1,1,1785495441
2026-07-31T11:15:21Z,219,2,1,23,1,0,1,1,1,1785496386
2026-07-31T11:15:21Z,220,24,6,17,1,1,1,1,1,1785495869
2026-07-31T11:15:21Z,221,11,7,2,2,0,1,1,1,1785495660
2026-07-31T11:15:21Z,222,11,11,7,1,0,1,1,1,1785496240
2026-07-31T11:15:21Z,223,8,3,24,3,0,1,1,1,1785496496
2026-07-31T11:15:21Z,224,7,5,15,0,0,1,1,1,1785496266
2026-07-31T11:15:21Z,225,12,0,1,6,0,1,1,1,1785495391
2026-07-31T11:15:21Z,226,27,8,3,1,0,1,1,1,1785496083
2026-07-31T11:15:21Z,227,23,14,2,1,1,1,1,1,1785494494
2026-07-31T11:15:21Z,228,2,0,16,1,0,1,1,1,1785495859
2026-07-31T11:15:21Z,230,15,8,11,0,0,1,1,1,1785496368
2026-07-31T11:15:21Z,232,12,7,4,1,0,1,1,1,1785496068
2026-07-31T11:15:21Z,233,16,0,13,2,0,1,1,1,1785496010
2026-07-31T11:15:21Z,234,7,3,7,3,2,1,1,1,1785496188
2026-07-31T11:15:21Z,236,10,1,9,0,0,1,1,1,1785495587
2026-07-31T11:15:21Z,237,20,4,2,1,0,1,1,1,1785492227
2026-07-31T11:15:21Z,239,21,17,3,3,0,1,1,1,1785495711
2026-07-31T11:15:21Z,241,18,6,4,1,0,1,1,1,1785495737
2026-07-31T11:15:21Z,242,2,2,20,1,0,1,1,1,1785496084
2026-07-31T11:15:21Z,243,9,0,21,1,0,1,1,1,1785495008
2026-07-31T11:15:21Z,244,14,2,12,1,0,1,1,1,1785496456
2026-07-31T11:15:21Z,245,5,4,18,0,0,1,1,1,1785496117
2026-07-31T11:15:21Z,246,13,0,10,0,0,1,1,1,1785496399
2026-07-31T11:15:21Z,247,11,10,11,1,0,1,1,1,1785495667
2026-07-31T11:15:21Z,248,20,5,1,2,0,1,1,1,1785496488
2026-07-31T11:15:21Z,249,5,2,14,0,0,1,1,1,1785495511
2026-07-31T11:15:21Z,250,23,7,4,0,0,1,1,1,1785494630
2026-07-31T11:15:21Z,251,19,4,5,3,0,1,1,1,1785494879
2026-07-31T11:15:21Z,253,9,4,10,0,0,1,1,1,1785494823
2026-07-31T11:15:21Z,254,25,20,17,1,0,1,1,1,1785495972
2026-07-31T11:15:21Z,255,0,0,22,0,1,1,1,1,1785496378
2026-07-31T11:15:21Z,256,8,4,13,2,0,1,1,1,1785496241
2026-07-31T11:15:21Z,257,13,5,6,0,0,1,1,1,1785496159
2026-07-31T11:15:21Z,258,9,1,10,0,0,1,1,1,1785496487
2026-07-31T11:15:21Z,259,19,3,3,0,1,1,1,1,1785494976
2026-07-31T11:15:21Z,260,10,2,6,3,0,1,1,1,1785496370
2026-07-31T11:15:21Z,261,14,0,3,1,1,1,1,1,1785496508
2026-07-31T11:15:21Z,262,15,9,7,1,0,1,1,1,1785496474
2026-07-31T11:15:21Z,263,12,2,3,0,0,1,1,1,1785495970
2026-07-31T11:15:21Z,264,11,2,5,3,0,1,1,1,1785496029
2026-07-31T11:15:21Z,265,12,0,3,0,0,1,1,1,1785495664
2026-07-31T11:15:21Z,266,12,7,5,2,0,1,1,1,1785495521
2026-07-31T11:15:21Z,267,7,3,6,2,0,1,1,1,1785484888
2026-07-31T11:15:21Z,268,23,9,0,0,0,1,1,1,1785484887
2026-07-31T11:15:21Z,269,8,3,15,0,0,1,1,1,1785496011
2026-07-31T11:15:21Z,270,23,1,4,0,0,1,1,1,1785491481
2026-07-31T11:15:21Z,271,3,0,14,2,0,1,1,1,1785496257
2026-07-31T11:15:21Z,272,13,13,10,0,0,1,1,1,1785495153
2026-07-31T11:15:21Z,273,13,5,2,0,0,1,1,1,1785492772
2026-07-31T11:15:21Z,274,16,6,2,1,0,1,1,1,1785495416
2026-07-31T11:15:21Z,275,13,0,6,2,2,1,1,1,1785496322
2026-07-31T11:15:21Z,276,2,1,25,0,0,1,1,1,1785495487
2026-07-31T11:15:21Z,277,12,1,6,5,0,1,1,1,1785495962
2026-07-31T11:15:21Z,278,20,2,8,2,1,1,1,1,1785495880
2026-07-31T11:15:21Z,279,17,0,2,0,0,1,1,1,1785496190
2026-07-31T11:15:21Z,280,9,2,19,3,0,1,1,1,1785496376
2026-07-31T11:15:21Z,281,19,0,0,0,0,1,1,1,1785486089
2026-07-31T11:15:21Z,282,5,2,13,0,0,1,1,1,1785484887
2026-07-31T11:15:21Z,283,32,1,3,0,0,1,1,1,1785496044
2026-07-31T11:15:21Z,284,16,3,17,2,0,1,1,1,1785492919
2026-07-31T11:15:21Z,285,8,7,15,0,0,1,1,1,1785485188
2026-07-31T11:15:21Z,286,15,15,4,4,0,1,1,1,1785496216
2026-07-31T11:15:21Z,287,15,4,5,3,0,1,1,1,1785496139
2026-07-31T11:15:21Z,288,12,8,7,0,0,1,1,1,1785495596
2026-07-31T11:15:21Z,289,21,1,3,3,0,1,1,1,1785496128
2026-07-31T11:15:21Z,290,9,0,29,1,0,1,1,1,1785494483
2026-07-31T11:15:21Z,291,8,1,13,2,0,1,1,1,1785495615
2026-07-31T11:15:21Z,292,20,0,2,1,0,1,1,1,1785495982
2026-07-31T11:15:21Z,293,17,10,6,0,0,1,1,1,1785486991
2026-07-31T11:15:21Z,294,1,1,20,1,0,1,1,1,1785493458
2026-07-31T11:15:21Z,297,14,4,3,1,1,1,1,1,1785496484
2026-07-31T11:15:21Z,301,17,0,2,0,0,1,1,1,1785496440
2026-07-31T11:15:21Z,302,1,0,22,0,0,1,1,1,1785495703
2026-07-31T11:15:21Z,303,16,0,3,0,0,1,1,1,1785496448
2026-07-31T11:15:21Z,304,0,0,0,0,0,0,1,1,86400
2026-07-31T11:15:21Z,305,4,0,14,1,0,1,1,1,1785496502
2026-07-31T11:15:21Z,306,3,0,28,1,0,1,1,1,1785495144
2026-07-31T11:15:21Z,307,18,1,3,1,1,1,1,1,1785496494
2026-07-31T11:15:21Z,308,17,0,0,2,0,1,1,1,1785496461
2026-07-31T11:15:21Z,309,12,3,1,1,0,1,1,1,1785495417
2026-07-31T11:15:21Z,311,15,0,0,0,0,1,1,1,1785486992
2026-07-31T11:15:21Z,312,4,2,14,4,1,1,1,1,1785496504
2026-07-31T11:15:21Z,313,3,1,12,0,0,1,1,1,1785486991
2026-07-31T11:15:21Z,314,4,3,11,3,0,1,1,1,1785486991
2026-07-31T11:15:21Z,315,23,6,6,2,0,1,1,1,1785491768
2026-07-31T11:15:21Z,316,1,0,24,5,1,1,1,1,1785496421
2026-07-31T11:15:21Z,317,0,0,30,0,1,1,1,1,1785496349
2026-07-31T11:15:21Z,318,16,0,3,0,0,1,1,1,1785486991
2026-07-31T11:15:21Z,319,20,4,2,1,0,1,1,1,1785496418
2026-07-31T11:15:21Z,320,16,5,2,1,0,1,1,1,1785495214
2026-07-31T11:15:21Z,321,8,2,7,4,0,1,1,1,1785496294
2026-07-31T11:15:21Z,322,5,1,23,1,0,1,1,1,1785494250
2026-07-31T11:15:21Z,323,9,0,10,0,0,1,1,1,1785492561
2026-07-31T11:15:21Z,324,21,5,4,2,0,1,1,1,1785496500
2026-07-31T11:15:21Z,325,5,3,20,2,0,1,1,1,1785494379
2026-07-31T11:15:21Z,327,24,0,2,1,0,1,1,1,1785496286
2026-07-31T11:15:21Z,328,17,0,4,1,0,1,1,1,1785495033
2026-07-31T11:15:21Z,329,16,0,1,2,0,1,1,1,1785496402
2026-07-31T11:15:21Z,330,1,0,21,0,0,1,1,1,1785495617
2026-07-31T11:15:21Z,331,9,3,13,1,0,1,1,1,1785496322
2026-07-31T11:15:21Z,332,10,2,7,2,0,1,1,1,1785495613
2026-07-31T11:15:21Z,333,2,2,20,1,0,1,1,1,1785492618
2026-07-31T11:15:21Z,334,7,7,16,0,0,1,1,1,1785496353
2026-07-31T11:15:21Z,335,3,1,18,1,1,1,1,1,1785493931
2026-07-31T11:15:21Z,336,17,2,2,0,0,1,1,1,1785496291
2026-07-31T11:15:21Z,337,18,4,0,5,0,1,1,1,1785496359
2026-07-31T11:15:21Z,338,15,7,4,0,0,1,1,1,1785496261
2026-07-31T11:15:21Z,339,21,9,2,0,0,1,1,1,1785496087
2026-07-31T11:15:21Z,340,13,11,1,1,0,1,1,1,1785496245
2026-07-31T11:15:21Z,341,9,2,10,0,0,1,1,1,1785496504
2026-07-31T11:15:21Z,342,12,5,0,3,0,1,1,1,1785492817
2026-07-31T11:15:21Z,343,19,1,3,1,0,1,1,1,1785496259
2026-07-31T11:15:21Z,344,23,9,0,0,0,1,1,1,1785488186
2026-07-31T11:15:21Z,345,19,3,0,0,0,1,1,1,1785487292
2026-07-31T11:15:21Z,346,10,6,13,0,0,1,1,1,1785496194
2026-07-31T11:15:21Z,347,22,7,20,2,0,1,1,1,1785496500
2026-07-31T11:15:21Z,348,21,3,0,1,1,1,1,1,1785496297
2026-07-31T11:15:21Z,349,7,2,12,0,0,1,1,1,1785496207
2026-07-31T11:15:21Z,350,24,3,1,1,1,1,1,1,1785494733
2026-07-31T11:15:21Z,351,18,2,2,3,0,1,1,1,1785496291
2026-07-31T11:15:21Z,355,22,1,1,0,0,1,1,1,1785496462
2026-07-31T11:15:21Z,356,16,0,2,1,0,1,1,1,1785493586
2026-07-31T11:15:21Z,357,9,4,10,0,0,1,1,1,1785496009
2026-07-31T11:15:21Z,358,24,4,2,1,0,1,1,1,1785487594
2026-07-31T11:15:21Z,359,17,0,10,0,0,1,1,1,1785495976
2026-07-31T11:15:21Z,360,12,3,5,2,0,1,1,1,1785496464
2026-07-31T11:15:21Z,362,16,4,1,2,0,1,1,1,1785493387
2026-07-31T11:15:21Z,363,2,0,25,0,0,1,1,1,1785495461
2026-07-31T11:15:21Z,364,18,3,1,0,0,1,1,1,1785495555
2026-07-31T11:15:21Z,365,16,2,3,4,0,1,1,1,1785494142
2026-07-31T11:15:21Z,366,9,7,7,7,0,1,1,1,1785496407
2026-07-31T11:15:21Z,367,15,9,3,1,0,1,1,1,1785496088
2026-07-31T11:15:21Z,368,16,3,5,2,0,1,1,1,1785495949
2026-07-31T11:15:21Z,370,9,7,18,0,0,1,1,1,1785495224
2026-07-31T11:15:21Z,371,4,1,14,1,0,1,1,1,1785495014
2026-07-31T11:15:21Z,372,6,1,9,0,0,1,1,1,1785494163
2026-07-31T11:15:21Z,373,25,9,2,0,0,1,1,1,1785493650
2026-07-31T11:15:21Z,374,16,7,1,2,0,1,1,1,1785496335
2026-07-31T11:15:21Z,375,21,9,3,3,0,1,1,1,1785496346
2026-07-31T11:15:21Z,376,30,5,4,5,0,1,1,1,1785496158
2026-07-31T11:15:21Z,377,23,9,4,0,0,1,1,1,1785493056
2026-07-31T11:15:21Z,378,20,5,2,1,1,1,1,1,1785496251
2026-07-31T11:15:21Z,379,13,0,14,0,0,1,1,1,1785494662
2026-07-31T11:15:21Z,380,19,6,3,1,0,1,1,1,1785495869
2026-07-31T11:15:21Z,381,9,0,14,0,0,1,1,1,1785494807
2026-07-31T11:15:21Z,383,12,0,1,2,0,1,1,1,1785495979
2026-07-31T11:15:21Z,384,24,1,2,1,0,1,1,1,1785492881
2026-07-31T11:15:21Z,385,16,4,0,2,0,1,1,1,1785496496
2026-07-31T11:15:21Z,387,20,2,3,0,0,1,1,1,1785496115
2026-07-31T11:15:21Z,388,17,2,32,0,0,1,1,1,1785496249
2026-07-31T11:15:21Z,389,8,7,7,0,0,1,1,1,1785495116
2026-07-31T11:15:21Z,390,17,0,18,0,0,1,1,1,1785496106
2026-07-31T11:15:21Z,391,4,0,10,1,0,1,1,1,1785487292
2026-07-31T11:15:21Z,392,2,2,16,1,0,1,1,1,1785496233
2026-07-31T11:15:21Z,393,3,3,5,3,0,1,1,1,1785487292
2026-07-31T11:15:21Z,394,7,4,4,2,0,1,1,1,1785496484
2026-07-31T11:15:21Z,396,9,7,30,3,0,1,1,1,1785495633
2026-07-31T11:15:21Z,397,6,5,25,0,0,1,1,1,1785494011
2026-07-31T11:15:21Z,399,11,0,4,2,0,1,1,1,1785495541
2026-07-31T11:15:21Z,400,10,5,9,4,0,1,1,1,1785495856
2026-07-31T11:15:21Z,401,5,0,26,8,0,1,1,1,1785496346
2026-07-31T11:15:21Z,403,1,0,28,2,0,1,1,1,1785496322
2026-07-31T11:15:21Z,404,3,2,19,1,0,1,1,1,1785496100
2026-07-31T11:15:21Z,406,1,1,33,1,0,1,1,1,1785496488
2026-07-31T11:15:21Z,407,17,3,16,1,0,1,1,1,1785495804
2026-07-31T11:15:21Z,408,12,2,20,1,0,1,1,1,1785495811
2026-07-31T11:15:21Z,409,1,0,19,3,0,1,1,1,1785493289
2026-07-31T11:15:21Z,413,20,5,1,2,0,1,1,1,1785493578
2026-07-31T11:15:21Z,414,10,2,4,1,0,1,1,1,1785495352
2026-07-31T11:15:21Z,417,12,7,6,1,0,1,1,1,1785494370
2026-07-31T11:15:21Z,418,1,0,14,0,0,1,1,1,1785490913
2026-07-31T11:15:21Z,419,10,0,12,1,0,1,1,1,1785487895
2026-07-31T11:15:21Z,421,2,0,17,0,0,1,1,1,1785496453
2026-07-31T11:15:21Z,422,4,3,22,1,0,1,1,1,1785493261
2026-07-31T11:15:21Z,423,3,2,20,0,0,1,1,1,1785495719
2026-07-31T11:15:21Z,424,3,2,9,3,0,1,1,1,1785496472
2026-07-31T11:15:21Z,425,17,0,4,0,1,1,1,1,1785495951
2026-07-31T11:15:21Z,426,0,0,35,2,0,1,1,1,1785496425
2026-07-31T11:15:21Z,427,13,1,1,1,0,1,1,1,1785496457
2026-07-31T11:15:21Z,428,17,2,1,1,0,1,1,1,1785496319
2026-07-31T11:15:21Z,429,0,0,21,2,0,1,1,1,1785492151
2026-07-31T11:15:21Z,430,27,0,1,3,0,1,1,1,1785495841
2026-07-31T11:15:21Z,431,15,0,17,1,0,1,1,1,1785495603
2026-07-31T11:15:21Z,432,17,0,12,2,0,0,1,1,1785495998
2026-07-31T11:15:21Z,433,18,5,3,2,0,1,1,1,1785495888
2026-07-31T11:15:21Z,437,1,1,17,1,0,1,1,1,1785496073
2026-07-31T11:15:21Z,438,17,0,1,1,0,1,1,1,1785496489
2026-07-31T11:15:21Z,439,5,0,10,0,0,1,1,1,1785494601
2026-07-31T11:15:21Z,440,11,2,2,2,0,1,1,1,1785495569
2026-07-31T11:15:21Z,441,12,1,2,1,0,1,1,1,1785495062
2026-07-31T11:15:21Z,442,18,9,0,1,0,1,1,1,1785494300
2026-07-31T11:15:21Z,443,4,2,23,0,0,1,1,1,1785485488
2026-07-31T11:15:21Z,444,2,2,21,0,0,1,1,1,1785485488
2026-07-31T11:15:21Z,445,7,2,15,1,0,1,1,1,1785496398
2026-07-31T11:15:21Z,446,0,0,22,1,0,1,1,1,1785494652
2026-07-31T11:15:21Z,447,3,0,18,1,1,1,1,1,1785496389
2026-07-31T11:15:21Z,448,9,4,5,1,0,1,1,1,1785487895
2026-07-31T11:15:21Z,452,8,6,10,1,0,1,1,1,1785496385
2026-07-31T11:15:21Z,453,7,5,7,1,0,1,1,1,1785494607
2026-07-31T11:15:21Z,454,10,0,9,0,0,1,1,1,1785496505
2026-07-31T11:15:21Z,455,2,0,37,0,0,1,1,1,1785492761
2026-07-31T11:15:21Z,456,8,0,11,1,0,1,1,1,1785496330
2026-07-31T11:15:21Z,457,24,2,1,2,0,1,1,1,1785495322
2026-07-31T11:15:21Z,458,10,4,13,0,0,1,1,1,1785495744
2026-07-31T11:15:21Z,459,15,0,0,0,0,1,1,1,1785496502
2026-07-31T11:15:21Z,460,17,2,5,1,0,1,1,1,1785496361
2026-07-31T11:15:21Z,461,6,1,13,0,0,1,1,1,1785495790
2026-07-31T11:15:21Z,462,14,1,7,0,0,1,1,1,1785496395
2026-07-31T11:15:21Z,463,13,1,6,0,0,1,1,1,1785487897
2026-07-31T11:15:21Z,464,3,1,11,0,0,1,1,1,1785485789
2026-07-31T11:15:21Z,465,0,0,14,1,0,1,1,1,1785496369
2026-07-31T11:15:21Z,466,11,3,2,2,0,1,1,1,1785485789
2026-07-31T11:15:21Z,467,3,1,15,1,0,1,1,1,1785494407
2026-07-31T11:15:21Z,468,17,1,1,1,0,1,1,1,1785485789
2026-07-31T11:15:21Z,469,2,2,21,0,0,1,1,1,1785496012
2026-07-31T11:15:21Z,470,12,1,1,2,0,1,1,1,1785496499
2026-07-31T11:15:21Z,471,22,2,5,0,0,1,1,1,1785487895
2026-07-31T11:15:21Z,472,14,3,4,1,0,1,1,1,1785496452
2026-07-31T11:15:21Z,473,18,4,1,0,0,1,1,1,1785496016
2026-07-31T11:15:21Z,474,15,0,4,0,0,1,1,1,1785495804
2026-07-31T11:15:21Z,475,5,1,13,1,0,1,1,1,1785492726
2026-07-31T11:15:21Z,477,9,7,5,1,0,1,1,1,1785492057
2026-07-31T11:15:21Z,478,5,0,25,1,0,1,1,1,1785496216
2026-07-31T11:15:21Z,479,1,0,25,1,0,1,1,1,1785495354
2026-07-31T11:15:21Z,480,3,0,9,3,0,1,1,1,1785495583
2026-07-31T11:15:21Z,481,26,0,8,1,0,1,1,1,1785496222
2026-07-31T11:15:21Z,482,17,6,2,0,0,1,1,1,1785495430
2026-07-31T11:15:21Z,483,1,0,24,2,0,1,1,1,1785496435
2026-07-31T11:15:21Z,484,5,2,13,1,0,1,1,1,1785496497
2026-07-31T11:15:21Z,485,16,6,1,1,1,1,1,1,1785496504
2026-07-31T11:15:21Z,486,25,6,0,2,0,1,1,1,1785496498
2026-07-31T11:15:21Z,487,5,4,13,1,0,1,1,1,1785496372
2026-07-31T11:15:21Z,489,11,5,3,1,0,1,1,1,1785496344
2026-07-31T11:15:21Z,490,3,1,13,0,0,1,1,1,1785496077
2026-07-31T11:15:21Z,491,4,1,17,0,0,1,1,1,1785486090
2026-07-31T11:15:21Z,492,4,2,3,4,0,1,1,1,1785496508
2026-07-31T11:15:21Z,493,0,0,26,1,0,1,1,1,1785487895
2026-07-31T11:15:21Z,495,10,1,2,3,0,1,1,1,1785495779
2026-07-31T11:15:21Z,496,25,1,2,0,0,1,1,1,1785496422
2026-07-31T11:15:21Z,497,16,0,2,1,0,1,1,1,1785494248
2026-07-31T11:15:21Z,498,21,3,1,1,0,1,1,1,1785495929
2026-07-31T11:15:21Z,499,15,0,3,1,0,1,1,1,1785495005
2026-07-31T11:15:21Z,500,7,4,3,5,0,1,1,1,1785494804
2026-07-31T11:15:21Z,501,12,5,9,0,0,1,1,1,1785496130
2026-07-31T11:15:21Z,502,6,0,13,0,0,1,1,1,1785486089
2026-07-31T11:15:21Z,503,25,0,5,1,0,1,1,1,1785494764
2026-07-31T11:15:21Z,504,2,1,37,0,0,1,1,1,1785495029
2026-07-31T11:15:21Z,505,10,1,1,1,0,1,1,1,1785487586
2026-07-31T11:15:21Z,511,6,3,17,0,0,1,1,1,1785495483
2026-07-31T11:15:21Z,512,8,0,19,0,0,1,1,1,1785496149
2026-07-31T11:15:21Z,514,8,0,2,1,0,1,1,1,1785492997
2026-07-31T11:15:21Z,515,1,0,18,0,0,1,1,1,1785495697
2026-07-31T11:15:21Z,516,2,0,25,0,0,1,1,1,1785496476
2026-07-31T11:15:21Z,517,13,2,9,1,0,1,1,1,1785494998
2026-07-31T11:15:21Z,518,13,1,1,1,0,1,1,1,1785494366
2026-07-31T11:15:21Z,519,3,0,14,2,0,1,1,1,1785495571
2026-07-31T11:15:21Z,520,9,6,12,5,1,1,1,1,1785496505
2026-07-31T11:15:21Z,521,18,5,5,0,0,1,1,1,1785494100
2026-07-31T11:15:21Z,522,0,0,22,1,0,1,1,1,1785496158
2026-07-31T11:15:21Z,523,6,4,16,1,0,1,1,1,1785494750
2026-07-31T11:15:21Z,524,0,0,23,0,0,1,1,1,1785494956
2026-07-31T11:15:21Z,525,8,0,11,0,0,1,1,1,1785494735
2026-07-31T11:15:21Z,526,13,1,0,2,0,1,1,1,1785486390
2026-07-31T11:15:21Z,527,6,3,17,3,0,1,1,1,1785496227
2026-07-31T11:15:21Z,528,21,1,1,1,0,1,1,1,1785495324
2026-07-31T11:15:21Z,529,6,3,7,6,0,1,1,1,1785496504
2026-07-31T11:15:21Z,530,12,0,8,1,0,1,1,1,1785496403
2026-07-31T11:15:21Z,531,18,0,3,1,1,1,1,1,1785496463
2026-07-31T11:15:21Z,532,3,3,27,1,0,1,1,1,1785488341
2026-07-31T11:15:21Z,533,7,1,10,2,0,1,1,1,1785495060
2026-07-31T11:15:21Z,534,13,1,9,1,0,1,1,1,1785496192
2026-07-31T11:15:21Z,535,3,0,12,0,0,1,1,1,1785494305
2026-07-31T11:15:21Z,536,7,0,16,0,0,1,1,1,1785496209
2026-07-31T11:15:21Z,537,2,0,18,0,0,1,1,1,1785496408
2026-07-31T11:15:21Z,538,20,7,1,0,2,1,1,1,1785496288
2026-07-31T11:15:21Z,539,5,5,26,0,0,1,1,1,1785488201
2026-07-31T11:15:21Z,540,1,1,18,0,0,1,1,1,1785496316
2026-07-31T11:15:21Z,541,20,2,6,1,0,1,1,1,1785495921
2026-07-31T11:15:21Z,542,6,2,17,0,0,1,1,1,1785496154
2026-07-31T11:15:21Z,543,15,2,3,1,0,1,1,1,1785495451
2026-07-31T11:15:21Z,544,14,1,4,4,0,1,1,1,1785495001
2026-07-31T11:15:21Z,545,3,0,14,2,0,1,1,1,1785495931
2026-07-31T11:15:21Z,546,12,8,7,0,0,1,1,1,1785496346
2026-07-31T11:15:21Z,547,19,1,6,0,0,1,1,1,1785494297
2026-07-31T11:15:21Z,548,15,1,8,0,0,1,1,1,1785495571
2026-07-31T11:15:21Z,549,20,0,2,1,0,1,1,1,1785496352
2026-07-31T11:15:21Z,550,14,1,5,0,0,1,1,1,1785496083
2026-07-31T11:15:21Z,551,16,4,7,0,0,1,1,1,1785486390
2026-07-31T11:15:21Z,552,27,3,0,0,0,1,1,1,1785486390
2026-07-31T11:15:21Z,553,15,1,5,2,1,1,1,1,1785496217
2026-07-31T11:15:21Z,554,1,1,18,0,0,1,1,1,1785486691
2026-07-31T11:15:21Z,555,12,5,2,1,0,1,1,1,1785493469
2026-07-31T11:15:21Z,556,19,4,2,2,0,1,1,1,1785496340
2026-07-31T11:15:21Z,557,8,4,10,5,0,1,1,1,1785496073
2026-07-31T11:15:21Z,558,36,4,1,0,0,1,1,1,1785496303
2026-07-31T11:15:21Z,559,0,0,18,1,0,1,1,1,1785492602
2026-07-31T11:15:21Z,560,10,0,17,0,0,1,1,1,1785492157
2026-07-31T11:15:21Z,561,17,2,5,1,0,1,1,1,1785495946
2026-07-31T11:15:21Z,562,3,0,29,3,0,1,1,1,1785486691
2026-07-31T11:15:21Z,563,8,0,6,0,0,1,1,1,1785495674
2026-07-31T11:15:21Z,564,9,0,9,1,0,1,1,1,1785495850
2026-07-31T11:15:21Z,565,5,1,14,0,0,1,1,1,1785495977
2026-07-31T11:15:21Z,566,13,0,5,1,0,1,1,1,1785496449
2026-07-31T11:15:21Z,567,26,1,0,1,0,1,1,1,1785493771
2026-07-31T11:15:21Z,568,15,0,4,0,0,1,1,1,1785495509
2026-07-31T11:15:21Z,569,16,2,3,0,0,1,1,1,1785496200
2026-07-31T11:15:21Z,570,10,0,9,0,0,1,1,1,1785496382
2026-07-31T11:15:21Z,571,2,0,21,0,0,1,1,1,1785496336
2026-07-31T11:15:21Z,572,12,4,6,1,0,1,1,1,1785496361
2026-07-31T11:15:21Z,573,12,0,3,0,0,1,1,1,1785495664
2026-07-31T11:15:21Z,574,8,3,7,0,0,1,1,1,1785494679
2026-07-31T11:15:21Z,575,4,0,16,1,0,1,1,1,1785494906
2026-07-31T11:15:21Z,576,2,0,15,2,0,1,1,1,1785494813
2026-07-31T11:15:21Z,577,14,0,17,0,0,1,1,1,1785495589
2026-07-31T11:15:21Z,578,12,9,10,1,0,1,1,1,1785495518
2026-07-31T11:15:21Z,579,5,0,38,0,0,1,1,1,1785495141
2026-07-31T11:15:21Z,580,3,0,26,0,0,1,1,1,1785495149
2026-07-31T11:15:21Z,581,14,1,5,0,0,1,1,1,1785496238
2026-07-31T11:15:21Z,582,18,0,42,1,0,1,1,1,1785496508
2026-07-31T11:15:21Z,583,22,1,1,0,0,1,1,1,1785496368
2026-07-31T11:15:21Z,584,9,4,6,4,0,1,1,1,1785486691
2026-07-31T11:15:21Z,585,13,2,13,0,1,1,1,1,1785496316
2026-07-31T11:15:21Z,586,9,0,26,0,0,1,1,1,1785496224
2026-07-31T11:15:21Z,587,17,0,6,1,0,1,1,1,1785495633
2026-07-31T11:15:21Z,588,11,3,5,2,1,1,1,1,1785496385
2026-07-31T11:15:21Z,589,0,0,0,23,0,1,1,1,1785496452
2026-07-31T11:15:21Z,590,17,2,13,1,0,1,1,1,1785496171
2026-07-31T11:15:21Z,591,27,1,1,2,0,1,1,1,1785495263
2026-07-31T11:15:21Z,592,11,0,12,0,0,1,1,1,1785495011
2026-07-31T11:15:21Z,593,2,0,36,0,0,1,1,1,1785495953
2026-07-31T11:15:21Z,594,5,0,13,3,0,1,1,1,1785496448
2026-07-31T11:15:21Z,595,0,0,3,0,0,0,1,1,1784046673
2026-07-31T11:15:21Z,605,0,0,2,1,0,0,1,1,1783975843
2026-07-31T11:15:21Z,606,0,0,0,0,0,0,1,1,86400
2026-07-31T11:15:21Z,607,11,2,20,1,0,1,1,1,1785496483
2026-07-31T11:15:21Z,608,4,1,46,0,0,1,1,1,1785496284
2026-07-31T11:15:21Z,609,0,0,23,0,0,1,1,1,1785496326
2026-07-31T11:15:21Z,610,1,0,34,0,0,1,1,1,1785494557
2026-07-31T11:15:21Z,611,13,0,13,1,0,1,1,1,1785494266
2026-07-31T11:15:21Z,612,6,1,9,0,0,1,1,1,1785486691
2026-07-31T11:15:21Z,613,9,0,2,4,0,1,1,1,1785489318
2026-07-31T11:15:21Z,614,2,2,22,2,1,1,1,1,1785495770
2026-07-31T11:15:21Z,617,11,1,2,2,0,1,1,1,1785496459
2026-07-31T11:15:21Z,618,11,1,3,5,0,1,1,1,1785496082
2026-07-31T11:15:21Z,619,3,1,15,1,0,1,1,1,1785496377
2026-07-31T11:15:21Z,620,1,0,26,0,0,1,1,1,1785495096
2026-07-31T11:15:21Z,621,3,1,19,1,0,1,1,1,1785496509
2026-07-31T11:15:21Z,622,5,2,17,1,0,1,1,1,1785488201
2026-07-31T11:15:21Z,623,4,1,25,1,0,1,1,1,1785496189
2026-07-31T11:15:21Z,624,1,0,14,0,0,1,1,1,1785493218
2026-07-31T11:15:21Z,625,4,0,15,2,0,1,1,1,1785495075
2026-07-31T11:15:21Z,626,5,0,40,0,2,1,1,1,1785495289
2026-07-31T11:15:21Z,627,14,6,5,0,0,1,1,1,1785493197
2026-07-31T11:15:21Z,628,0,0,15,2,2,1,1,1,1785496311
2026-07-31T11:15:21Z,629,4,1,6,1,0,1,1,1,1785496362
2026-07-31T11:15:21Z,630,3,2,21,3,0,1,1,1,1785496499
2026-07-31T11:15:21Z,631,2,1,21,0,0,1,1,1,1785488201
2026-07-31T11:15:21Z,632,20,0,1,2,0,1,1,1,1785492884
2026-07-31T11:15:21Z,633,11,1,0,4,0,1,1,1,1785496381
2026-07-31T11:15:21Z,634,11,2,8,0,0,1,1,1,1785486991
2026-07-31T11:15:21Z,635,16,1,3,0,0,1,1,1,1785494941
2026-07-31T11:15:21Z,636,10,2,5,0,0,1,1,1,1785488201
2026-07-31T11:15:21Z,637,7,0,12,0,0,1,1,1,1785490209
2026-07-31T11:15:21Z,638,7,1,10,2,0,1,1,1,1785496377
2026-07-31T11:15:21Z,639,5,1,11,3,0,1,1,1,1785479066
2026-07-31T11:15:21Z,640,5,3,17,1,0,1,1,1,1785496499
2026-07-31T11:15:21Z,641,18,0,6,2,0,1,1,1,1785496306
2026-07-31T11:15:21Z,642,4,3,7,8,0,1,1,1,1785496508
2026-07-31T11:15:21Z,643,2,0,18,7,0,1,1,1,1785496509
2026-07-31T11:15:21Z,644,12,0,2,1,0,1,1,1,1785486991
2026-07-31T11:15:21Z,645,11,0,10,1,1,1,1,1,1785488495
2026-07-31T11:15:21Z,646,7,2,12,0,0,1,1,1,1785496377
2026-07-31T11:15:21Z,647,29,1,2,0,0,1,1,1,1785492741
2026-07-31T11:15:21Z,648,5,0,13,1,0,1,1,1,1785496315
2026-07-31T11:15:21Z,649,19,3,11,1,0,1,1,1,1785495468
2026-07-31T11:15:21Z,650,5,1,9,0,0,1,1,1,1785488201
2026-07-31T11:15:21Z,651,8,7,15,0,0,1,1,1,1785494343
2026-07-31T11:15:21Z,652,3,2,18,2,0,1,1,1,1785496486
2026-07-31T11:15:21Z,653,9,1,8,2,0,1,1,1,1785494586
2026-07-31T11:15:21Z,654,2,2,13,0,0,1,1,1,1785488202
2026-07-31T11:15:21Z,655,7,3,1,4,1,1,1,1,1785496433
2026-07-31T11:15:21Z,656,18,7,1,0,0,1,1,1,1785496291
2026-07-31T11:15:21Z,657,9,1,3,2,3,1,1,1,1785496452
2026-07-31T11:15:21Z,658,9,1,1,0,0,1,1,1,1785473427
2026-07-31T11:15:21Z,659,8,3,5,2,0,1,1,1,1785495755
2026-07-31T11:15:21Z,660,12,0,15,4,0,1,1,1,1785496410
2026-07-31T11:15:21Z,661,2,1,17,0,0,1,1,1,1785492505
2026-07-31T11:15:21Z,662,4,3,16,3,0,1,1,1,1785493876
2026-07-31T11:15:21Z,663,11,5,3,1,0,1,1,1,1785496113
2026-07-31T11:15:21Z,664,1,0,26,0,0,1,1,1,1785495012
2026-07-31T11:15:21Z,665,12,3,3,0,0,1,1,1,1785488202
2026-07-31T11:15:21Z,666,8,2,5,2,0,1,1,1,1785495733
2026-07-31T11:15:21Z,667,0,0,19,0,0,1,1,1,1785486991
2026-07-31T11:15:21Z,668,10,1,8,1,0,1,1,1,1785488201
2026-07-31T11:15:21Z,669,14,5,0,0,0,1,1,1,1785496316
2026-07-31T11:15:21Z,670,10,1,17,0,0,1,1,1,1785495785
2026-07-31T11:15:21Z,671,23,5,3,1,0,1,1,1,1785496062
2026-07-31T11:15:21Z,672,12,2,7,3,1,1,1,1,1785491597
2026-07-31T11:15:21Z,673,15,0,6,2,0,1,1,1,1785496363
2026-07-31T11:15:21Z,674,5,3,15,3,0,1,1,1,1785496418
2026-07-31T11:15:21Z,675,11,7,2,2,0,1,1,1,1785496295
2026-07-31T11:15:21Z,676,5,0,16,1,0,1,1,1,1785496403
2026-07-31T11:15:21Z,681,10,3,3,2,0,1,1,1,1785495347
2026-07-31T11:15:21Z,682,4,1,14,1,0,1,1,1,1785486991
2026-07-31T11:15:21Z,683,4,1,15,0,0,1,1,1,1785495619
2026-07-31T11:15:21Z,684,3,0,24,0,0,1,1,1,1785487883
2026-07-31T11:15:21Z,685,10,0,15,1,1,1,1,1,1785488201
2026-07-31T11:15:21Z,686,10,0,15,2,0,1,1,1,1785496477
2026-07-31T11:15:21Z,687,11,0,18,1,1,1,1,1,1785496489
2026-07-31T11:15:21Z,688,10,0,2,7,0,1,1,1,1785496248
2026-07-31T11:15:21Z,692,9,6,10,2,0,1,1,1,1785496272
2026-07-31T11:15:21Z,693,6,0,2,3,0,1,1,1,1785496233
2026-07-31T11:15:21Z,694,8,5,13,0,0,1,1,1,1785495998
2026-07-31T11:15:21Z,695,15,10,8,0,0,1,1,1,1785496148
2026-07-31T11:15:21Z,696,17,13,4,2,0,1,1,1,1785496073
2026-07-31T11:15:21Z,697,23,2,0,0,0,1,1,1,1785495696
2026-07-31T11:15:21Z,698,23,1,4,0,0,1,1,1,1785495250
2026-07-31T11:15:21Z,699,7,0,7,1,0,1,1,1,1785494730
2026-07-31T11:15:21Z,700,19,4,0,0,0,1,1,1,1785494867
2026-07-31T11:15:21Z,701,16,6,3,0,0,1,1,1,1785496115
2026-07-31T11:15:21Z,702,18,0,3,2,0,1,1,1,1785495863
2026-07-31T11:15:21Z,704,7,2,8,0,0,1,1,1,1785495914
2026-07-31T11:15:21Z,705,4,1,9,2,0,1,1,1,1785496504
2026-07-31T11:15:21Z,706,12,2,0,3,0,1,1,1,1785496074
2026-07-31T11:15:21Z,707,8,1,7,0,0,1,1,1,1785496183
2026-07-31T11:15:21Z,708,17,2,1,1,0,1,1,1,1785495104
2026-07-31T11:15:21Z,709,10,0,2,3,0,1,1,1,1785494924
2026-07-31T11:15:21Z,710,15,3,3,1,0,1,1,1,1785496154
2026-07-31T11:15:21Z,711,19,4,0,4,0,1,1,1,1785496225
2026-07-31T11:15:21Z,712,11,9,4,0,0,1,1,1,1785496091
2026-07-31T11:15:21Z,713,5,0,18,0,0,1,1,1,1785495378
2026-07-31T11:15:21Z,716,4,2,11,0,0,1,1,1,1785496432
2026-07-31T11:15:21Z,717,4,2,18,3,0,1,1,1,1785494701
2026-07-31T11:15:21Z,718,5,1,9,1,0,1,1,1,1785496251
2026-07-31T11:15:21Z,719,8,2,21,0,0,1,1,1,1785495680
2026-07-31T11:15:21Z,720,2,1,17,0,0,1,1,1,1785494906
2026-07-31T11:15:21Z,721,0,0,21,2,0,1,1,1,1785495716
2026-07-31T11:15:21Z,722,5,0,10,0,0,1,1,1,1785496477
2026-07-31T11:15:21Z,723,12,1,11,0,0,1,1,1,1785494741
2026-07-31T11:15:21Z,724,23,4,0,0,0,1,1,1,1785496464
2026-07-31T11:15:21Z,725,17,5,5,1,0,1,1,1,1785495873
2026-07-31T11:15:21Z,726,18,3,1,0,0,1,1,1,1785495628
2026-07-31T11:15:21Z,727,9,4,12,2,0,1,1,1,1785495664
2026-07-31T11:15:21Z,728,9,0,5,1,0,1,1,1,1785495207
2026-07-31T11:15:21Z,729,3,0,16,0,0,1,1,1,1785496089
2026-07-31T11:15:21Z,730,3,2,10,2,0,1,1,1,1785495804
2026-07-31T11:15:21Z,731,9,3,5,1,0,1,1,1,1785494918
2026-07-31T11:15:21Z,732,7,5,8,0,0,1,1,1,1785495957
2026-07-31T11:15:21Z,733,7,1,20,0,0,1,1,1,1785495412
2026-07-31T11:15:21Z,734,2,0,11,1,0,1,1,1,1785495905
2026-07-31T11:15:21Z,735,2,2,25,0,0,1,1,1,1785495038
2026-07-31T11:15:21Z,736,6,0,13,0,0,1,1,1,1785495351
2026-07-31T11:15:21Z,737,4,3,10,0,1,1,1,1,1785495346
2026-07-31T11:15:21Z,738,16,4,1,2,0,1,1,1,1785495962
2026-07-31T11:15:21Z,739,19,2,7,1,0,1,1,1,1785494974
2026-07-31T11:15:21Z,741,7,1,16,0,0,1,1,1,1785495242
2026-07-31T11:15:21Z,742,6,1,26,3,0,1,1,1,1785495468
2026-07-31T11:15:21Z,743,9,3,8,2,0,1,1,1,1785495111
2026-07-31T11:15:21Z,744,9,3,5,1,0,1,1,1,1785496098
2026-07-31T11:15:21Z,745,14,4,4,1,0,1,1,1,1785495629
2026-07-31T11:15:21Z,746,9,1,12,2,0,1,1,1,1785496426
2026-07-31T11:15:21Z,747,0,0,4,0,0,0,1,1,1783446606
2026-07-31T11:15:21Z,748,10,1,13,0,0,1,1,1,1785496427
2026-07-31T11:15:21Z,749,5,5,17,1,0,1,1,1,1785496342
2026-07-31T11:15:21Z,750,1,1,10,0,0,1,1,1,1785494852
2026-07-31T11:15:21Z,751,9,0,14,0,0,1,1,1,1785496188
2026-07-31T11:15:21Z,752,14,1,2,1,0,1,1,1,1785495135
2026-07-31T11:15:21Z,753,5,0,10,0,0,1,1,1,1785496503
2026-07-31T11:15:21Z,754,2,1,12,1,0,1,1,1,1785496157
2026-07-31T11:15:21Z,755,12,2,10,1,0,1,1,1,1785496296
2026-07-31T11:15:21Z,756,8,4,29,0,0,1,1,1,1785496184
2026-07-31T11:15:21Z,757,16,9,3,0,0,1,1,1,1785496408
2026-07-31T11:15:21Z,758,23,3,0,0,0,1,1,1,1785496021
2026-07-31T11:15:21Z,759,3,2,12,0,0,1,1,1,1785495741
2026-07-31T11:15:21Z,760,8,3,11,0,0,1,1,1,1785488200
2026-07-31T11:15:21Z,761,17,0,5,1,0,1,1,1,1785495051
2026-07-31T11:15:21Z,762,5,3,5,5,0,1,1,1,1785495324
2026-07-31T11:15:21Z,768,8,0,8,3,0,1,1,1,1785495844
2026-07-31T11:15:21Z,769,16,11,3,0,0,1,1,1,1785496489
2026-07-31T11:15:21Z,770,11,3,6,2,0,1,1,1,1785495410
2026-07-31T11:15:21Z,771,13,3,1,1,0,1,1,1,1785494850
2026-07-31T11:15:21Z,772,8,2,7,0,0,1,1,1,1785495498
2026-07-31T11:15:21Z,773,15,4,4,0,0,1,1,1,1785495306
2026-07-31T11:15:21Z,774,11,6,1,3,0,1,1,1,1785496431
2026-07-31T11:15:21Z,775,7,0,10,1,1,1,1,1,1785494713
2026-07-31T11:15:21Z,776,3,1,17,1,0,1,1,1,1785495641
2026-07-31T11:15:21Z,777,10,0,2,3,0,1,1,1,1785495391
2026-07-31T11:15:21Z,778,13,0,3,3,0,1,1,1,1785495505
2026-07-31T11:15:21Z,779,8,1,10,1,0,1,1,1,1785496217
2026-07-31T11:15:21Z,780,17,3,1,1,0,1,1,1,1785496347
2026-07-31T11:15:21Z,781,4,0,4,3,0,1,1,1,1785496141
2026-07-31T11:15:21Z,782,4,3,11,4,0,1,1,1,1785495129
2026-07-31T11:15:21Z,783,6,0,13,0,0,1,1,1,1785496212
2026-07-31T11:15:21Z,784,19,2,0,0,0,1,1,1,1785495821
2026-07-31T11:15:21Z,785,11,2,2,6,0,1,1,1,1785496387
2026-07-31T11:15:21Z,786,12,5,7,0,0,1,1,1,1785496039
2026-07-31T11:15:21Z,787,11,5,2,2,0,1,1,1,1785495668
2026-07-31T11:15:21Z,788,3,0,12,0,0,1,1,1,1785494887
2026-07-31T11:15:21Z,789,8,1,3,4,0,1,1,1,1785495115
2026-07-31T11:15:21Z,790,2,0,21,0,0,1,1,1,1785496061
2026-07-31T11:15:21Z,791,7,1,11,0,1,1,1,1,1785495433
2026-07-31T11:15:21Z,793,4,0,10,1,0,1,1,1,1785495254
2026-07-31T11:15:21Z,794,14,5,13,2,0,1,1,1,1785495876
2026-07-31T11:15:21Z,796,0,0,17,2,0,1,1,1,1785495060
2026-07-31T11:15:21Z,797,2,0,13,0,0,1,1,1,1785494961
2026-07-31T11:15:21Z,798,10,1,14,1,0,1,1,1,1785495671
2026-07-31T11:15:21Z,799,15,1,1,3,0,1,1,1,1785495028
2026-07-31T11:15:21Z,800,4,0,16,1,0,1,1,1,1785496475
2026-07-31T11:15:21Z,801,4,2,15,2,0,1,1,1,1785495393
2026-07-31T11:15:21Z,802,8,0,23,0,0,1,1,1,1785495201
2026-07-31T11:15:21Z,803,1,1,14,0,0,1,1,1,1785494855
2026-07-31T11:15:21Z,806,7,3,8,0,0,1,1,1,1785495653
2026-07-31T11:15:21Z,807,13,0,9,3,0,1,1,1,1785495809
2026-07-31T11:15:21Z,808,0,0,23,2,0,1,1,1,1785488225
2026-07-31T11:15:21Z,809,4,0,18,1,0,1,1,1,1785495038
2026-07-31T11:15:21Z,810,2,0,13,4,0,1,1,1,1785495486
2026-07-31T11:15:21Z,815,3,1,7,4,1,1,1,1,1785495224
2026-07-31T11:15:21Z,817,11,5,4,0,0,1,1,1,1785496186
2026-07-31T11:15:21Z,818,6,0,16,1,0,1,1,1,1785495617
2026-07-31T11:15:21Z,819,6,4,9,0,0,1,1,1,1785487291
2026-07-31T11:15:21Z,820,8,2,9,0,0,1,1,1,1785496100
2026-07-31T11:15:21Z,821,2,1,13,0,0,1,1,1,1785495215
2026-07-31T11:15:21Z,822,3,0,18,2,0,1,1,1,1785496076
2026-07-31T11:15:21Z,823,0,0,14,1,0,1,1,1,1785496501
2026-07-31T11:15:21Z,824,14,5,5,0,0,1,1,1,1785496422
2026-07-31T11:15:21Z,825,8,5,7,0,0,1,1,1,1785495662
2026-07-31T11:15:21Z,826,8,2,9,2,0,1,1,1,1785495989
2026-07-31T11:15:21Z,827,15,4,5,1,0,1,1,1,1785495500
2026-07-31T11:15:21Z,828,10,0,7,1,0,1,1,1,1785495384
2026-07-31T11:15:21Z,829,16,7,11,0,0,1,1,1,1785496243
2026-07-31T11:15:21Z,830,16,3,6,1,0,1,1,1,1785496311
2026-07-31T11:15:21Z,831,6,2,8,1,0,1,1,1,1785496465
2026-07-31T11:15:21Z,832,10,3,5,3,0,1,1,1,1785495346
2026-07-31T11:15:21Z,833,1,0,17,1,0,1,1,1,1785496318
2026-07-31T11:15:21Z,834,3,0,20,1,0,1,1,1,1785495819
2026-07-31T11:15:21Z,835,14,5,2,2,0,1,1,1,1785496302
2026-07-31T11:15:21Z,837,5,1,0,10,0,1,1,1,1785494728
2026-07-31T11:15:21Z,838,12,3,3,0,0,1,1,1,1785495584
2026-07-31T11:15:21Z,839,6,0,23,0,0,1,1,1,1785495475
2026-07-31T11:15:21Z,840,8,4,19,2,0,1,1,1,1785496140
2026-07-31T11:15:21Z,841,7,1,8,0,0,1,1,1,1785496460
2026-07-31T11:15:21Z,842,7,2,16,0,0,1,1,1,1785496275
2026-07-31T11:15:21Z,843,8,0,22,1,0,1,1,1,1785494710
2026-07-31T11:15:21Z,844,6,0,17,0,0,1,1,1,1785496478
2026-07-31T11:15:21Z,845,5,3,12,2,0,1,1,1,1785494836
2026-07-31T11:15:21Z,846,3,0,14,2,0,1,1,1,1785495787
2026-07-31T11:15:21Z,847,7,1,20,0,0,1,1,1,1785495585
2026-07-31T11:15:21Z,848,10,3,8,1,0,1,1,1,1785488215
2026-07-31T11:15:21Z,849,5,1,9,1,0,1,1,1,1785496367
2026-07-31T11:15:21Z,850,8,0,1,2,0,1,1,1,1785496119
2026-07-31T11:15:21Z,851,4,4,31,2,0,1,1,1,1785495750
2026-07-31T11:15:21Z,852,12,6,7,0,0,1,1,1,1785496363
2026-07-31T11:15:21Z,853,10,5,13,0,0,1,1,1,1785495433
2026-07-31T11:15:21Z,854,3,2,12,0,0,1,1,1,1785495490
2026-07-31T11:15:21Z,855,25,0,2,0,0,1,1,1,1785488200
2026-07-31T11:15:21Z,857,2,2,17,0,0,1,1,1,1785494918
2026-07-31T11:15:21Z,858,4,1,14,1,0,1,1,1,1785495211
2026-07-31T11:15:21Z,859,3,0,17,1,0,1,1,1,1785495431
2026-07-31T11:15:21Z,861,8,1,2,1,0,1,1,1,1785488201
2026-07-31T11:15:21Z,862,2,2,13,0,0,1,1,1,1785496490
2026-07-31T11:15:21Z,863,13,0,5,1,0,1,1,1,1785488200
2026-07-31T11:15:21Z,866,11,3,8,0,0,1,1,1,1785494986
2026-07-31T11:15:21Z,867,12,0,3,0,0,1,1,1,1785496103
2026-07-31T11:15:21Z,868,13,2,2,0,0,1,1,1,1785496319
2026-07-31T11:15:21Z,870,7,4,6,2,0,1,1,1,1785494724
2026-07-31T11:15:21Z,871,0,0,10,1,0,1,1,1,1785495908
2026-07-31T11:15:21Z,872,0,0,14,1,0,1,1,1,1785496454
2026-07-31T11:15:21Z,873,2,1,30,1,0,1,1,1,1785496465
2026-07-31T11:15:21Z,874,4,2,8,3,0,1,1,1,1785495324
2026-07-31T11:15:21Z,875,15,11,0,0,0,1,1,1,1785495708
2026-07-31T11:15:21Z,877,11,10,6,2,0,1,1,1,1785496072
2026-07-31T11:15:21Z,878,4,3,14,1,0,1,1,1,1785496206
2026-07-31T11:15:21Z,879,1,0,18,0,0,1,1,1,1785495693
2026-07-31T11:15:21Z,880,1,0,21,1,0,1,1,1,1785496500
2026-07-31T11:15:21Z,881,1,0,18,0,0,1,1,1,1785496506
2026-07-31T11:15:21Z,882,10,0,6,3,0,1,1,1,1785488200
2026-07-31T11:15:21Z,883,10,6,9,0,0,1,1,1,1785494950
2026-07-31T11:15:21Z,884,11,7,10,0,0,1,1,1,1785496065
2026-07-31T11:15:21Z,885,1,0,18,0,0,1,1,1,1785496347
2026-07-31T11:15:21Z,886,17,1,11,1,0,1,1,1,1785495895
2026-07-31T11:15:21Z,887,3,1,11,3,0,1,1,1,1785495241
2026-07-31T11:15:21Z,888,11,0,28,1,1,1,1,1,1785496482
2026-07-31T11:15:21Z,889,15,0,2,2,0,1,1,1,1785495159
2026-07-31T11:15:21Z,890,6,4,9,0,0,1,1,1,1785489632
2026-07-31T11:15:21Z,891,21,0,2,0,0,1,1,1,1785495850
2026-07-31T11:15:21Z,892,13,1,2,0,0,1,1,1,1785488200
2026-07-31T11:15:21Z,895,0,0,18,1,0,1,1,1,1785489208
2026-07-31T11:15:21Z,896,6,0,29,0,0,1,1,1,1785493238
2026-07-31T11:15:21Z,897,11,1,10,0,0,1,1,1,1785494728
2026-07-31T11:15:21Z,898,2,0,17,0,0,1,1,1,1785496266
2026-07-31T11:15:21Z,899,0,0,18,1,0,1,1,1,1785495498
2026-07-31T11:15:21Z,900,15,0,10,2,0,1,1,1,1785496443
2026-07-31T11:15:21Z,901,10,0,8,1,0,1,1,1,1785496281
2026-07-31T11:15:21Z,902,8,0,6,1,0,1,1,1,1785496405
2026-07-31T11:15:21Z,903,13,2,5,1,0,1,1,1,1785496108
2026-07-31T11:15:21Z,904,10,4,8,1,0,1,1,1,1785494841
2026-07-31T11:15:21Z,905,6,1,21,0,0,1,1,1,1785494947
2026-07-31T11:15:21Z,906,7,4,20,0,0,1,1,1,1785495709
2026-07-31T11:15:21Z,907,7,2,24,0,0,1,1,1,1785496099
2026-07-31T11:15:21Z,908,10,0,13,0,0,1,1,1,1785496071
2026-07-31T11:15:21Z,909,11,2,11,1,0,1,1,1,1785496484
2026-07-31T11:15:21Z,910,27,1,4,0,0,1,1,1,1785495358
2026-07-31T11:15:21Z,911,4,1,15,0,0,1,1,1,1785496199
2026-07-31T11:15:21Z,912,13,4,8,2,0,1,1,1,1785495869
2026-07-31T11:15:21Z,913,3,1,16,0,0,1,1,1,1785495367
2026-07-31T11:15:21Z,914,8,2,11,0,0,1,1,1,1785496473
2026-07-31T11:15:21Z,915,10,1,12,1,0,1,1,1,1785495447
2026-07-31T11:15:21Z,916,21,7,1,1,0,1,1,1,1785495390
2026-07-31T11:15:21Z,917,11,3,22,2,0,1,1,1,1785495985
2026-07-31T11:15:21Z,918,12,2,5,2,0,1,1,1,1785496297
2026-07-31T11:15:21Z,919,15,0,22,2,0,1,1,1,1785496100
2026-07-31T11:15:21Z,920,4,2,15,0,0,1,1,1,1785495178
2026-07-31T11:15:21Z,921,12,0,9,0,0,1,1,1,1785496336
2026-07-31T11:15:21Z,922,4,1,16,1,0,1,1,1,1785496509
2026-07-31T11:15:21Z,923,17,2,2,0,0,1,1,1,1785496010
2026-07-31T11:15:21Z,924,8,2,13,0,0,1,1,1,1785495533
2026-07-31T11:15:21Z,925,13,0,8,0,0,1,1,1,1785495000
2026-07-31T11:15:21Z,926,2,1,19,0,0,1,1,1,1785496231
2026-07-31T11:15:21Z,927,3,0,32,0,0,1,1,1,1785496116
2026-07-31T11:15:21Z,928,5,3,14,0,0,0,1,1,1785464301
2026-07-31T11:15:21Z,929,0,0,23,0,0,1,1,1,1785495970
2026-07-31T11:15:21Z,930,0,0,30,1,0,1,1,1,1785494757
2026-07-31T11:15:21Z,931,9,6,14,0,0,1,1,1,1785496336
2026-07-31T11:15:21Z,932,3,0,13,3,0,1,1,1,1785496021
2026-07-31T11:15:21Z,933,0,0,23,0,0,1,1,1,1785495120
2026-07-31T11:15:21Z,934,4,0,26,1,0,1,1,1,1785496325
2026-07-31T11:15:21Z,935,15,5,3,1,0,1,1,1,1785495814
2026-07-31T11:15:21Z,936,4,1,15,0,0,1,1,1,1785456801
2026-07-31T11:15:21Z,940,9,0,2,0,0,1,1,1,1785494277
2026-07-31T11:15:21Z,941,7,1,16,2,0,1,1,1,1785495714
2026-07-31T11:15:21Z,942,5,0,15,1,0,1,1,1,1785495645
2026-07-31T11:15:21Z,943,9,8,6,0,0,1,1,1,1785494750
2026-07-31T11:15:21Z,944,9,8,6,0,0,1,1,1,1785496383
2026-07-31T11:15:21Z,945,10,8,5,0,0,1,1,1,1785495897
2026-07-31T11:15:21Z,946,7,5,12,0,0,1,1,1,1785487593
2026-07-31T11:15:21Z,947,7,5,10,0,0,1,1,1,1785496396
2026-07-31T11:15:21Z,948,24,8,2,5,0,1,1,1,1785495734
2026-07-31T11:15:21Z,949,3,3,12,0,0,1,1,1,1785496500
2026-07-31T11:15:21Z,950,12,4,4,1,0,1,1,1,1785496408
2026-07-31T11:15:21Z,951,18,4,4,1,0,1,1,1,1785494804
2026-07-31T11:15:21Z,952,15,3,40,0,0,1,1,1,1785496085
2026-07-31T11:15:21Z,953,12,1,2,1,0,1,1,1,1785496494
2026-07-31T11:15:21Z,954,17,5,2,0,0,1,1,1,1785496215
2026-07-31T11:15:21Z,955,4,3,17,6,0,1,1,1,1785495493
2026-07-31T11:15:21Z,956,21,0,1,1,0,1,1,1,1785496445
2026-07-31T11:15:21Z,957,15,0,14,0,0,1,1,1,1785495812
2026-07-31T11:15:21Z,958,18,1,13,0,0,1,1,1,1785496336
2026-07-31T11:15:21Z,959,19,8,1,3,0,1,1,1,1785496297
2026-07-31T11:15:21Z,960,20,0,2,1,0,1,1,1,1785496424
2026-07-31T11:15:21Z,961,2,2,18,3,0,1,1,1,1785496124
2026-07-31T11:15:21Z,962,9,3,23,3,0,1,1,1,1785495584
2026-07-31T11:15:21Z,963,10,0,12,1,0,1,1,1,1785496496
2026-07-31T11:15:21Z,964,17,8,5,1,0,1,1,1,1785496142
2026-07-31T11:15:21Z,965,6,2,20,1,0,1,1,1,1785494797
2026-07-31T11:15:21Z,966,24,0,7,0,0,1,1,1,1785496024
2026-07-31T11:15:21Z,967,16,0,4,1,0,1,1,1,1785496235
2026-07-31T11:15:21Z,968,15,0,3,1,0,1,1,1,1785496393
2026-07-31T11:15:21Z,969,12,7,13,2,0,1,1,1,1785496320
2026-07-31T11:15:21Z,970,11,1,6,2,0,1,1,1,1785496166
2026-07-31T11:15:21Z,971,10,0,12,1,0,1,1,1,1785494888
2026-07-31T11:15:21Z,972,9,1,13,1,0,1,1,1,1785496373
2026-07-31T11:15:21Z,973,8,4,14,1,0,1,1,1,1785495889
2026-07-31T11:15:21Z,974,13,0,14,0,0,1,1,1,1785495829
2026-07-31T11:15:21Z,977,7,7,11,3,0,1,1,1,1785494819
2026-07-31T11:15:21Z,978,11,0,12,0,0,1,1,1,1785495689
2026-07-31T11:15:21Z,979,12,0,5,0,0,1,1,1,1785496288
2026-07-31T11:15:21Z,980,3,0,16,2,0,1,1,1,1785496450
2026-07-31T11:15:21Z,981,19,0,1,1,0,1,1,1,1785496135
2026-07-31T11:15:21Z,982,3,1,14,2,0,1,1,1,1785496433
2026-07-31T11:15:21Z,983,2,1,20,1,0,1,1,1,1785495041
2026-07-31T11:15:21Z,984,5,0,17,1,0,1,1,1,1785496434
2026-07-31T11:15:21Z,985,13,0,18,0,0,1,1,1,1785496157
2026-07-31T11:15:21Z,986,4,0,15,0,0,1,1,1,1785496430
2026-07-31T11:15:21Z,987,6,0,16,1,0,1,1,1,1785495159
2026-07-31T11:15:21Z,988,5,1,13,1,0,1,1,1,1785494770
2026-07-31T11:15:21Z,989,9,4,10,0,0,1,1,1,1785495574
2026-07-31T11:15:21Z,990,13,1,0,2,0,1,1,1,1785494814
2026-07-31T11:15:21Z,991,10,2,8,1,0,1,1,1,1785496303
2026-07-31T11:15:21Z,992,10,7,12,1,0,1,1,1,1785495363
2026-07-31T11:15:21Z,993,0,0,27,0,0,1,1,1,1785476008
2026-07-31T11:15:21Z,994,3,1,18,0,0,1,1,1,1785495577
2026-07-31T11:15:21Z,995,7,1,20,0,0,1,1,1,1785494798
2026-07-31T11:15:21Z,996,8,1,15,0,0,1,1,1,1785496415
2026-07-31T11:15:21Z,997,11,5,10,2,0,1,1,1,1785496440
2026-07-31T11:15:21Z,998,3,3,19,1,0,1,1,1,1785494910
2026-07-31T11:15:21Z,999,2,0,16,2,1,1,1,1,1785496496
2026-07-31T11:15:21Z,1000,5,2,16,0,0,1,1,1,1785495478
2026-07-31T11:15:21Z,1001,2,1,25,0,0,1,1,1,1785494937
2026-07-31T11:15:21Z,1002,0,0,27,4,0,1,1,1,1785494944
2026-07-31T11:15:21Z,1003,0,0,22,1,0,1,1,1,1785496375
2026-07-31T11:15:21Z,1004,8,1,15,0,0,1,1,1,1785495816
2026-07-31T11:15:21Z,1005,20,1,3,0,0,1,1,1,1785494747
2026-07-31T11:15:21Z,1006,7,4,11,1,0,1,1,1,1785496395
2026-07-31T11:15:21Z,1007,2,1,19,0,0,1,1,1,1785496028
2026-07-31T11:15:21Z,1008,6,5,15,2,0,1,1,1,1785495538
2026-07-31T11:15:21Z,1009,19,2,8,4,0,1,1,1,1785495405
2026-07-31T11:15:21Z,1010,7,2,20,0,0,1,1,1,1785496241
2026-07-31T11:15:21Z,1011,7,2,10,2,0,1,1,1,1785496406
2026-07-31T11:15:21Z,1012,4,3,18,1,0,1,1,1,1785496332
2026-07-31T11:15:21Z,1013,4,1,18,1,0,1,1,1,1785495107
2026-07-31T11:15:21Z,1014,7,2,13,3,0,1,1,1,1785495033
2026-07-31T11:15:21Z,1015,3,1,25,3,0,1,1,1,1785495318
2026-07-31T11:15:21Z,1016,10,5,21,0,0,1,1,1,1785496465
2026-07-31T11:15:21Z,1017,14,5,7,0,0,1,1,1,1785495735
2026-07-31T11:15:21Z,1018,7,2,15,0,0,1,1,1,1785496417
2026-07-31T11:15:21Z,1019,9,6,6,0,0,1,1,1,1785496337
2026-07-31T11:15:21Z,1020,18,3,3,0,0,1,1,1,1785495605
2026-07-31T11:15:21Z,1021,9,3,5,1,0,1,1,1,1785495324
2026-07-31T11:15:21Z,1022,14,0,13,0,0,1,1,1,1785494698
2026-07-31T11:15:21Z,1023,13,1,9,1,0,1,1,1,1785496155
2026-07-31T11:15:21Z,1024,5,2,13,1,0,1,1,1,1785495332
2026-07-31T11:15:21Z,1025,4,0,14,0,1,1,1,1,1785496485
2026-07-31T11:15:21Z,1026,7,4,18,6,0,1,1,1,1785495687
2026-07-31T11:15:21Z,1028,2,0,20,1,0,1,1,1,1785496509
2026-07-31T11:15:21Z,1029,9,9,5,1,0,1,1,1,1785495621
2026-07-31T11:15:21Z,1030,14,5,9,0,0,1,1,1,1785495375
2026-07-31T11:15:21Z,1031,8,0,11,0,0,1,1,1,1785495734
2026-07-31T11:15:21Z,1032,7,1,12,0,0,1,1,1,1785496399
2026-07-31T11:15:21Z,1033,9,5,8,2,0,1,1,1,1785495398
2026-07-31T11:15:21Z,1034,2,0,13,0,0,1,1,1,1785496408
2026-07-31T11:15:21Z,1035,1,0,16,2,0,1,1,1,1785496450
2026-07-31T11:15:21Z,1036,14,0,1,0,0,1,1,1,1785495175
2026-07-31T11:15:21Z,1037,5,0,13,1,0,1,1,1,1785495415
2026-07-31T11:15:21Z,1038,2,0,12,1,0,1,1,1,1785496107
2026-07-31T11:15:21Z,1039,7,2,12,0,0,1,1,1,1785494738
2026-07-31T11:15:21Z,1040,7,3,10,2,0,1,1,1,1785496440
2026-07-31T11:15:21Z,1041,11,3,8,0,0,1,1,1,1785496319
2026-07-31T11:15:21Z,1042,12,1,1,2,0,1,1,1,1785496368
2026-07-31T11:15:21Z,1043,10,0,6,3,0,1,1,1,1785496474
2026-07-31T11:15:21Z,1044,1,0,13,1,0,1,1,1,1785496162
2026-07-31T11:15:21Z,1045,10,0,9,0,0,1,1,1,1785496386
2026-07-31T11:15:21Z,1046,8,0,7,0,0,1,1,1,1785495785
2026-07-31T11:15:21Z,1047,5,0,16,0,0,1,1,1,1785495753
2026-07-31T11:15:21Z,1048,10,1,9,0,0,1,1,1,1785496364
2026-07-31T11:15:21Z,1049,5,0,16,0,0,1,1,1,1785496435
2026-07-31T11:15:21Z,1050,17,4,4,0,0,1,1,1,1785495713
2026-07-31T11:15:21Z,1051,8,3,13,0,0,1,1,1,1785495603
2026-07-31T11:15:21Z,1052,17,2,5,0,0,1,1,1,1785496230
2026-07-31T11:15:21Z,1053,2,1,13,0,0,1,1,1,1785496287
2026-07-31T11:15:21Z,1054,14,1,1,0,0,1,1,1,1785494734
2026-07-31T11:15:21Z,1055,7,1,12,0,0,1,1,1,1785496364
2026-07-31T11:15:21Z,1057,17,0,1,1,0,1,1,1,1785496217
2026-07-31T11:15:21Z,1058,6,0,49,1,0,1,1,1,1785496164
2026-07-31T11:15:21Z,1059,0,0,18,1,0,1,1,1,1785496418
2026-07-31T11:15:21Z,1060,31,0,6,0,0,1,1,1,1785495425
2026-07-31T11:15:21Z,1061,13,1,23,1,0,1,1,1,1785496340
2026-07-31T11:15:21Z,1062,4,2,13,0,0,1,1,1,1785495641
2026-07-31T11:15:21Z,1063,12,1,6,1,0,1,1,1,1785496442
2026-07-31T11:15:21Z,1064,3,0,19,1,0,1,1,1,1785494961
2026-07-31T11:15:21Z,1065,16,3,7,0,0,1,1,1,1785495203
2026-07-31T11:15:21Z,1066,10,2,13,0,0,1,1,1,1785495027
2026-07-31T11:15:21Z,1067,8,2,13,2,0,1,1,1,1785495295
2026-07-31T11:15:21Z,1068,8,2,13,2,0,1,1,1,1785494788
2026-07-31T11:15:21Z,1069,12,3,11,0,0,1,1,1,1785494836
2026-07-31T11:15:21Z,1070,12,2,11,0,0,1,1,1,1785494933
2026-07-31T11:15:21Z,1071,7,4,16,0,0,1,1,1,1785494971
2026-07-31T11:15:21Z,1072,11,1,11,1,0,1,1,1,1785495366
2026-07-31T11:15:21Z,1073,21,2,5,1,0,1,1,1,1785496094
2026-07-31T11:15:21Z,1074,1,0,51,1,0,1,1,1,1785494870
2026-07-31T11:15:21Z,1075,10,10,11,0,0,1,1,1,1785496158
2026-07-31T11:15:21Z,1076,15,12,6,0,0,1,1,1,1785495595
2026-07-31T11:15:21Z,1077,8,5,13,0,0,1,1,1,1785496376
2026-07-31T11:15:21Z,1078,11,10,10,0,0,1,1,1,1785495638
2026-07-31T11:15:21Z,1079,11,8,10,0,0,1,1,1,1785496264
2026-07-31T11:15:21Z,1080,10,8,10,1,0,1,1,1,1785495049
2026-07-31T11:15:21Z,1081,13,8,6,0,0,1,1,1,1785495433
2026-07-31T11:15:21Z,1082,7,7,1,0,0,1,1,1,1785494909
2026-07-31T11:15:21Z,1083,13,11,8,0,0,1,1,1,1785494718
2026-07-31T11:15:21Z,1084,9,8,12,0,0,1,1,1,1785496151
2026-07-31T11:15:21Z,1085,10,10,11,0,0,1,1,1,1785495802
2026-07-31T11:15:21Z,1086,0,0,20,1,0,1,1,1,1785496505
2026-07-31T11:15:21Z,1087,12,7,3,0,0,1,1,1,1785495685
2026-07-31T11:15:21Z,1088,10,7,5,0,0,1,1,1,1785496446
2026-07-31T11:15:21Z,1089,5,3,10,0,0,1,1,1,1785494983
2026-07-31T11:15:21Z,1090,10,9,5,0,0,1,1,1,1785495514
2026-07-31T11:15:21Z,1091,12,7,3,0,0,1,1,1,1785495427
2026-07-31T11:15:21Z,1092,9,9,5,1,0,1,1,1,1785494973
2026-07-31T11:15:21Z,1093,7,6,8,0,0,1,1,1,1785495335
2026-07-31T11:15:21Z,1094,11,9,7,1,0,1,1,1,1785496444
2026-07-31T11:15:21Z,1095,8,7,7,0,0,1,1,1,1785495275
2026-07-31T11:15:21Z,1096,3,1,15,1,0,1,1,1,1785494947
2026-07-31T11:15:21Z,1097,9,9,6,0,0,1,1,1,1785495160
2026-07-31T11:15:21Z,1098,9,7,10,0,0,1,1,1,1785495503
2026-07-31T11:15:21Z,1099,7,6,8,0,0,1,1,1,1785496233
2026-07-31T11:15:21Z,1100,8,4,21,0,0,1,1,1,1785493678
2026-07-31T11:15:21Z,1101,9,5,12,0,0,1,1,1,1785496129
2026-07-31T11:15:21Z,1102,9,4,4,0,0,1,1,1,1785495408
2026-07-31T11:15:21Z,1103,10,5,11,0,0,1,1,1,1785487895
2026-07-31T11:15:21Z,1104,10,5,11,0,0,1,1,1,1785495885
2026-07-31T11:15:21Z,1105,8,4,5,0,0,1,1,1,1785495294
2026-07-31T11:15:21Z,1106,10,5,11,0,0,1,1,1,1785496225
2026-07-31T11:15:21Z,1107,9,5,6,0,0,1,1,1,1785496509
2026-07-31T11:15:21Z,1108,8,4,16,2,1,1,1,1,1785495198
2026-07-31T11:15:21Z,1109,6,1,9,0,0,1,1,1,1785496465
2026-07-31T11:15:21Z,1110,12,4,9,0,0,1,1,1,1785495753
2026-07-31T11:15:21Z,1111,3,2,18,0,0,1,1,1,1785475740
2026-07-31T11:15:21Z,1112,37,0,16,0,0,1,1,1,1785496341
2026-07-31T11:15:21Z,1113,1,0,20,0,0,1,1,1,1785495705
2026-07-31T11:15:21Z,1115,17,5,3,3,0,1,1,1,1785495105
2026-07-31T11:15:21Z,1116,5,1,14,0,0,1,1,1,1785496418
2026-07-31T11:15:21Z,1117,13,3,8,2,0,1,1,1,1785496502
2026-07-31T11:15:21Z,1118,17,1,2,2,0,1,1,1,1785496232
2026-07-31T11:15:21Z,1119,12,1,5,0,0,1,1,1,1785496489
2026-07-31T11:15:21Z,1120,13,0,6,0,0,1,1,1,1785496502
2026-07-31T11:15:21Z,1121,12,1,6,3,0,1,1,1,1785496480
2026-07-31T11:15:21Z,1122,13,8,5,3,0,1,1,1,1785496454
2026-07-31T11:15:21Z,1123,5,2,16,2,0,1,1,1,1785496056
2026-07-31T11:15:21Z,1124,9,1,1,5,0,1,1,1,1785496232
2026-07-31T11:15:21Z,1125,15,1,8,0,0,1,1,1,1785494884
2026-07-31T11:15:21Z,1126,3,0,17,1,0,1,1,1,1785495931
2026-07-31T11:15:21Z,1127,5,0,13,1,0,1,1,1,1785495396
2026-07-31T11:15:21Z,1128,14,2,0,1,0,1,1,1,1785496417
2026-07-31T11:15:21Z,1129,1,1,19,1,0,1,1,1,1785496146
2026-07-31T11:15:21Z,1130,10,0,5,0,0,1,1,1,1785496278
2026-07-31T11:15:21Z,1131,1,0,47,1,0,1,1,1,1785496466
2026-07-31T11:15:21Z,1132,14,6,6,1,0,1,1,1,1785496214
2026-07-31T11:15:21Z,1133,17,13,3,1,0,1,1,1,1785496234
2026-07-31T11:15:21Z,1134,10,5,9,0,0,1,1,1,1785495109
2026-07-31T11:15:21Z,1135,10,5,11,0,0,1,1,1,1785496024
2026-07-31T11:15:21Z,1136,6,0,17,0,0,1,1,1,1785495284
2026-07-31T11:15:21Z,1137,13,0,2,0,0,1,1,1,1785496334
2026-07-31T11:15:21Z,1138,16,3,3,0,0,1,1,1,1785496379
2026-07-31T11:15:21Z,1139,17,4,3,1,0,1,1,1,1785495090
2026-07-31T11:15:21Z,1140,22,2,0,1,0,1,1,1,1785496289
2026-07-31T11:15:21Z,1141,4,0,17,0,0,1,1,1,1785496092
2026-07-31T11:15:21Z,1142,2,0,19,0,0,1,1,1,1785495239
2026-07-31T11:15:21Z,1143,18,0,10,1,0,1,1,1,1785495981
2026-07-31T11:15:21Z,1144,7,1,13,1,0,1,1,1,1785494843
2026-07-31T11:15:21Z,1145,13,6,7,1,0,1,1,1,1785494985
2026-07-31T11:15:21Z,1146,6,0,10,3,0,1,1,1,1785496508
2026-07-31T11:15:21Z,1147,4,0,15,0,0,1,1,1,1785496344
2026-07-31T11:15:21Z,1148,23,6,8,0,0,1,1,1,1785495627
2026-07-31T11:15:21Z,1149,4,3,21,0,0,1,1,1,1785496077
2026-07-31T11:15:21Z,1150,16,0,3,0,0,1,1,1,1785496208
2026-07-31T11:15:21Z,1151,12,0,9,0,0,1,1,1,1785495250
2026-07-31T11:15:21Z,1152,21,0,8,0,0,1,1,1,1785496358
2026-07-31T11:15:21Z,1153,20,6,2,1,0,1,1,1,1785495139
2026-07-31T11:15:21Z,1154,13,1,6,0,0,1,1,1,1785495844
2026-07-31T11:15:21Z,1155,16,7,4,1,0,1,1,1,1785496413
2026-07-31T11:15:21Z,1158,3,0,15,1,0,1,1,1,1785496307
2026-07-31T11:15:21Z,1159,13,1,6,0,0,1,1,1,1785494847
2026-07-31T11:15:21Z,1160,8,1,10,1,0,1,1,1,1785495581
2026-07-31T11:15:21Z,1161,3,0,15,1,0,1,1,1,1785494982
2026-07-31T11:15:21Z,1162,2,1,17,0,0,1,1,1,1785495232
2026-07-31T11:15:21Z,1163,1,1,17,1,0,1,1,1,1785496425
2026-07-31T11:15:21Z,1164,6,1,13,0,0,1,1,1,1785496482
2026-07-31T11:15:21Z,1165,5,0,16,0,0,1,1,1,1785495401
2026-07-31T11:15:21Z,1166,12,2,8,1,0,1,1,1,1785494917
2026-07-31T11:15:21Z,1167,4,0,11,0,0,1,1,1,1785496187
2026-07-31T11:15:21Z,1168,1,1,21,1,0,1,1,1,1785495202
2026-07-31T11:15:21Z,1169,3,0,15,1,0,1,1,1,1785496330
2026-07-31T11:15:21Z,1170,6,0,14,1,0,1,1,1,1785494887
2026-07-31T11:15:21Z,1171,7,6,15,1,0,1,1,1,1785496379
2026-07-31T11:15:21Z,1172,6,2,7,2,0,1,1,1,1785496497
2026-07-31T11:15:21Z,1173,13,5,6,0,0,1,1,1,1785494763
2026-07-31T11:15:21Z,1174,6,3,9,0,0,1,1,1,1785496256
2026-07-31T11:15:21Z,1175,5,3,14,0,0,1,1,1,1785496110
2026-07-31T11:15:21Z,1176,19,1,2,0,0,1,1,1,1785495785
2026-07-31T11:15:21Z,1177,3,1,18,0,0,1,1,1,1785495709
2026-07-31T11:15:21Z,1178,2,1,13,0,0,1,1,1,1785496220
2026-07-31T11:15:21Z,1181,11,0,3,1,0,1,1,1,1785492552
2026-07-31T11:15:21Z,1182,2,0,18,0,0,1,1,1,1785495794
2026-07-31T11:15:21Z,1183,7,1,36,2,0,1,1,1,1785496420
2026-07-31T11:15:21Z,1184,11,5,9,1,0,1,1,1,1785495891
2026-07-31T11:15:21Z,1185,10,5,11,0,0,1,1,1,1785495839
2026-07-31T11:15:21Z,1186,9,5,10,0,0,1,1,1,1785495032
2026-07-31T11:15:21Z,1187,12,6,8,1,0,1,1,1,1785495374
2026-07-31T11:15:21Z,1188,10,5,5,0,0,1,1,1,1785494702
2026-07-31T11:15:21Z,1189,10,5,9,0,0,1,1,1,1785494792
2026-07-31T11:15:21Z,1190,9,5,12,0,0,1,1,1,1785496005
2026-07-31T11:15:21Z,1191,10,5,5,0,0,1,1,1,1785494709
2026-07-31T11:15:21Z,1192,10,6,10,1,0,1,1,1,1785496372
2026-07-31T11:15:21Z,1193,6,4,5,2,0,1,1,1,1785495542
2026-07-31T11:15:21Z,1197,9,6,7,1,0,1,1,1,1785495489
2026-07-31T11:15:21Z,1198,14,4,5,2,0,1,1,1,1785495080
2026-07-31T11:15:21Z,1199,2,0,17,0,0,1,1,1,1785495091
2026-07-31T11:15:21Z,1200,10,5,5,0,0,1,1,1,1785496183
2026-07-31T11:15:21Z,1201,10,5,5,0,0,1,1,1,1785495966
2026-07-31T11:15:21Z,1202,10,5,5,0,0,1,1,1,1785496486
2026-07-31T11:15:21Z,1203,10,5,5,0,0,1,1,1,1785495293
2026-07-31T11:15:21Z,1204,7,3,11,1,0,1,1,1,1785496283
2026-07-31T11:15:21Z,1206,11,5,10,0,0,1,1,1,1785495503
2026-07-31T11:15:21Z,1207,8,4,6,1,0,1,1,1,1785495035
2026-07-31T11:15:21Z,1208,7,2,11,1,0,1,1,1,1785494946
2026-07-31T11:15:21Z,1216,7,0,13,1,0,1,1,1,1785495732
2026-07-31T11:15:21Z,1218,4,0,17,0,0,1,1,1,1785496126
2026-07-31T11:15:21Z,1219,6,1,8,1,0,1,1,1,1785496161
2026-07-31T11:15:21Z,1220,14,7,4,1,0,1,1,1,1785495931
2026-07-31T11:15:21Z,1221,1,1,19,1,0,1,1,1,1785495439
2026-07-31T11:15:21Z,1222,26,0,3,0,0,1,1,1,1785496443
2026-07-31T11:15:21Z,1223,22,0,7,0,0,1,1,1,1785496231
2026-07-31T11:15:21Z,1226,0,0,3,0,0,0,1,1,1781868931
2026-07-31T11:15:21Z,1227,21,1,4,0,0,1,1,1,1785496225
2026-07-31T11:15:21Z,1228,15,0,13,1,0,1,1,1,1785495502
2026-07-31T11:15:21Z,1229,35,1,10,0,0,1,1,1,1785496251
2026-07-31T11:20:21Z,1,4,0,19,0,0,1,1,1,1785496706
2026-07-31T11:20:21Z,2,19,0,5,3,0,1,1,1,1785496778
2026-07-31T11:20:21Z,3,10,1,3,1,0,1,1,1,1785496246
2026-07-31T11:20:21Z,4,2,1,19,1,0,1,1,1,1785496749
2026-07-31T11:20:21Z,5,10,3,12,1,0,1,1,1,1785495606
2026-07-31T11:20:21Z,6,4,0,11,0,0,1,1,1,1785495229
2026-07-31T11:20:21Z,7,2,0,37,0,0,1,1,1,1785496278
2026-07-31T11:20:21Z,8,5,2,38,0,0,1,1,1,1785496647
2026-07-31T11:20:21Z,9,2,1,20,1,0,1,1,1,1785495678
2026-07-31T11:20:21Z,10,0,0,21,2,0,1,1,1,1785496277
2026-07-31T11:20:21Z,11,16,6,2,1,0,1,1,1,1785496721
2026-07-31T11:20:21Z,12,0,0,23,0,0,1,1,1,1785490105
2026-07-31T11:20:21Z,13,11,0,19,0,0,1,1,1,1785488834
2026-07-31T11:20:21Z,14,4,0,38,0,1,1,1,1,1785494830
2026-07-31T11:20:21Z,15,2,0,13,0,0,1,1,1,1785496271
2026-07-31T11:20:21Z,16,8,0,16,2,1,1,1,1,1785487292
2026-07-31T11:20:21Z,17,6,0,20,1,0,1,1,1,1785496647
2026-07-31T11:20:21Z,18,5,0,11,2,0,1,1,1,1785496696
2026-07-31T11:20:21Z,19,11,0,15,1,0,1,1,1,1785496645
2026-07-31T11:20:21Z,20,31,0,4,0,0,1,1,1,1785491965
2026-07-31T11:20:21Z,21,4,0,14,1,0,1,1,1,1785496719
2026-07-31T11:20:21Z,22,20,0,44,1,0,1,1,1,1785495405
2026-07-31T11:20:21Z,23,12,5,19,0,0,1,1,1,1785496244
2026-07-31T11:20:21Z,24,1,0,8,2,0,1,1,1,1785496803
2026-07-31T11:20:21Z,25,3,2,77,0,1,1,1,1,1785496800
2026-07-31T11:20:21Z,26,0,0,27,0,0,1,1,1,1785496791
2026-07-31T11:20:21Z,28,11,3,4,0,0,1,1,1,1785495670
2026-07-31T11:20:21Z,30,2,0,26,1,0,1,1,1,1785496613
2026-07-31T11:20:21Z,31,0,0,17,2,0,1,1,1,1785496635
2026-07-31T11:20:21Z,32,15,0,12,0,0,1,1,1,1785496770
2026-07-31T11:20:21Z,34,8,2,28,1,0,1,1,1,1785496449
2026-07-31T11:20:21Z,35,6,3,40,1,0,1,1,1,1785496315
2026-07-31T11:20:21Z,36,0,0,0,0,0,0,1,1,86400
2026-07-31T11:20:21Z,37,1,0,22,0,0,1,1,1,1785495848
2026-07-31T11:20:21Z,38,4,0,19,0,0,1,1,1,1785496427
2026-07-31T11:20:21Z,39,22,5,17,0,0,1,1,1,1785495289
2026-07-31T11:20:21Z,40,20,1,0,1,0,1,1,1,1785496581
2026-07-31T11:20:21Z,41,6,3,36,1,0,1,1,1,1785495782
2026-07-31T11:20:21Z,42,31,8,0,0,0,1,1,1,1785472558
2026-07-31T11:20:21Z,43,5,0,18,0,0,1,1,1,1785490390
2026-07-31T11:20:21Z,45,6,3,22,1,0,1,1,1,1785496085
2026-07-31T11:20:21Z,46,11,1,20,0,0,1,1,1,1785496120
2026-07-31T11:20:21Z,47,10,6,4,1,0,1,1,1,1785495668
2026-07-31T11:20:21Z,48,4,0,23,0,0,1,1,1,1785496252
2026-07-31T11:20:21Z,49,5,0,15,3,0,1,1,1,1785496809
2026-07-31T11:20:21Z,50,18,11,1,0,0,1,1,1,1785495744
2026-07-31T11:20:21Z,51,67,0,10,0,0,1,1,1,1785496670
2026-07-31T11:20:21Z,52,2,0,22,3,0,1,1,1,1785496802
2026-07-31T11:20:21Z,55,1,1,22,0,0,1,1,1,1785496529
2026-07-31T11:20:21Z,56,3,0,40,0,0,1,1,1,1785495988
2026-07-31T11:20:21Z,57,0,0,27,0,0,1,1,1,1785494456
2026-07-31T11:20:21Z,58,2,1,26,0,0,1,1,1,1785495616
2026-07-31T11:20:21Z,59,7,0,18,2,0,1,1,1,1785496647
2026-07-31T11:20:21Z,61,3,1,36,0,0,1,1,1,1785496753
2026-07-31T11:20:21Z,62,10,4,38,1,0,1,1,1,1785496208
2026-07-31T11:20:21Z,63,11,0,8,0,0,1,1,1,1785496219
2026-07-31T11:20:21Z,64,10,1,5,4,0,1,1,1,1785493091
2026-07-31T11:20:21Z,65,16,7,2,1,0,1,1,1,1785491350
2026-07-31T11:20:21Z,67,17,0,22,0,0,1,1,1,1785496634
2026-07-31T11:20:21Z,68,2,0,35,0,0,1,1,1,1785495122
2026-07-31T11:20:21Z,69,11,0,4,0,0,1,1,1,1785496678
2026-07-31T11:20:21Z,71,2,0,24,1,0,1,1,1,1785496273
2026-07-31T11:20:21Z,72,20,5,9,2,0,1,1,1,1785496696
2026-07-31T11:20:21Z,73,7,0,24,0,0,1,1,1,1785496459
2026-07-31T11:20:21Z,74,11,5,8,0,0,1,1,1,1785495797
2026-07-31T11:20:21Z,75,4,0,27,1,0,1,1,1,1785495138
2026-07-31T11:20:21Z,76,16,0,2,1,0,1,1,1,1785496806
2026-07-31T11:20:21Z,77,24,0,2,1,0,1,1,1,1785494000
2026-07-31T11:20:21Z,78,10,4,12,1,0,1,1,1,1785496660
2026-07-31T11:20:21Z,79,2,2,14,1,0,1,1,1,1785496351
2026-07-31T11:20:21Z,80,18,1,2,3,0,1,1,1,1785496767
2026-07-31T11:20:21Z,81,5,1,26,0,0,1,1,1,1785495915
2026-07-31T11:20:21Z,82,14,1,9,0,0,1,1,1,1785495226
2026-07-31T11:20:21Z,83,7,2,25,2,0,1,1,1,1785496810
2026-07-31T11:20:21Z,84,23,0,4,0,0,1,1,1,1785493962
2026-07-31T11:20:21Z,85,3,1,12,0,0,1,1,1,1785496579
2026-07-31T11:20:21Z,86,25,0,1,1,0,1,1,1,1785486691
2026-07-31T11:20:21Z,87,11,0,8,0,0,1,1,1,1785495937
2026-07-31T11:20:21Z,88,4,0,38,1,0,1,1,1,1785496053
2026-07-31T11:20:21Z,89,22,0,13,0,0,1,1,1,1785487292
2026-07-31T11:20:21Z,90,6,2,10,2,0,1,1,1,1785496732
2026-07-31T11:20:21Z,91,14,0,3,0,0,1,1,1,1785496160
2026-07-31T11:20:21Z,92,9,1,7,3,0,1,1,1,1785496789
2026-07-31T11:20:21Z,93,2,0,21,0,0,1,1,1,1785495930
2026-07-31T11:20:21Z,94,3,0,15,1,0,1,1,1,1785492659
2026-07-31T11:20:21Z,95,23,1,10,1,1,1,1,1,1785496748
2026-07-31T11:20:21Z,96,27,0,3,1,0,1,1,1,1785496730
2026-07-31T11:20:21Z,97,1,1,15,1,0,1,1,1,1785496566
2026-07-31T11:20:21Z,98,22,0,12,1,0,1,1,1,1785495695
2026-07-31T11:20:21Z,99,3,0,12,0,0,1,1,1,1785495473
2026-07-31T11:20:21Z,100,0,0,27,0,0,1,1,1,1785496347
2026-07-31T11:20:21Z,101,1,0,13,2,0,1,1,1,1785496404
2026-07-31T11:20:21Z,102,0,0,23,0,0,1,1,1,1785487553
2026-07-31T11:20:21Z,103,11,1,19,0,0,1,1,1,1785496327
2026-07-31T11:20:21Z,104,0,0,25,2,0,1,1,1,1785496804
2026-07-31T11:20:21Z,105,14,1,5,0,0,1,1,1,1785495616
2026-07-31T11:20:21Z,106,2,0,19,0,0,1,1,1,1785494608
2026-07-31T11:20:21Z,107,4,1,33,0,0,1,1,1,1785496797
2026-07-31T11:20:21Z,108,11,2,23,1,0,1,1,1,1785496001
2026-07-31T11:20:21Z,109,20,0,3,0,0,1,1,1,1785496150
2026-07-31T11:20:21Z,110,11,0,12,0,0,1,1,1,1785496783
2026-07-31T11:20:21Z,111,1,1,35,0,0,1,1,1,1785496368
2026-07-31T11:20:21Z,112,1,0,13,1,0,1,1,1,1785494789
2026-07-31T11:20:21Z,113,7,0,10,2,0,1,1,1,1785496722
2026-07-31T11:20:21Z,114,6,6,23,1,1,1,1,1,1785496500
2026-07-31T11:20:21Z,115,5,2,22,1,0,1,1,1,1785494872
2026-07-31T11:20:21Z,116,3,3,23,1,0,1,1,1,1785487594
2026-07-31T11:20:21Z,118,20,9,0,3,0,1,1,1,1785495475
2026-07-31T11:20:21Z,119,23,1,11,4,0,1,1,1,1785496655
2026-07-31T11:20:21Z,120,21,1,5,1,0,1,1,1,1785496194
2026-07-31T11:20:21Z,121,3,1,15,0,1,1,1,1,1785496512
2026-07-31T11:20:21Z,122,8,1,12,1,0,1,1,1,1785495940
2026-07-31T11:20:21Z,123,8,2,39,0,0,1,1,1,1785495830
2026-07-31T11:20:21Z,124,29,0,6,0,0,1,1,1,1785495702
2026-07-31T11:20:21Z,125,7,4,16,0,0,1,1,1,1785496628
2026-07-31T11:20:21Z,126,23,2,8,0,0,1,1,1,1785496708
2026-07-31T11:20:21Z,127,9,2,25,1,0,1,1,1,1785496586
2026-07-31T11:20:21Z,128,17,1,2,0,0,1,1,1,1785490685
2026-07-31T11:20:21Z,129,16,1,1,2,0,1,1,1,1785496350
2026-07-31T11:20:21Z,130,5,1,12,0,0,1,1,1,1785495263
2026-07-31T11:20:21Z,131,9,3,0,2,0,1,1,1,1785495384
2026-07-31T11:20:21Z,132,13,6,1,0,1,1,1,1,1785494491
2026-07-31T11:20:21Z,134,1,0,17,5,0,1,1,1,1785496624
2026-07-31T11:20:21Z,135,5,4,13,1,0,1,1,1,1785495502
2026-07-31T11:20:21Z,136,6,0,9,1,7,1,1,1,1785496807
2026-07-31T11:20:21Z,137,6,1,13,0,0,1,1,1,1785496807
2026-07-31T11:20:21Z,138,35,2,2,0,0,1,1,1,1785496643
2026-07-31T11:20:21Z,139,15,3,4,0,0,1,1,1,1785495424
2026-07-31T11:20:21Z,140,8,6,14,1,0,1,1,1,1785496810
2026-07-31T11:20:21Z,141,29,0,7,0,0,1,1,1,1785496507
2026-07-31T11:20:21Z,142,21,0,2,0,0,1,1,1,1785496237
2026-07-31T11:20:21Z,143,12,1,18,1,0,1,1,1,1785496435
2026-07-31T11:20:21Z,144,23,0,4,0,0,1,1,1,1785495520
2026-07-31T11:20:21Z,146,5,1,17,1,0,1,1,1,1785495397
2026-07-31T11:20:21Z,147,12,2,5,2,0,1,1,1,1785496800
2026-07-31T11:20:21Z,148,20,0,6,0,1,1,1,1,1785496537
2026-07-31T11:20:21Z,149,17,3,10,0,0,1,1,1,1785496243
2026-07-31T11:20:21Z,150,23,7,9,3,0,1,1,1,1785496784
2026-07-31T11:20:21Z,151,18,6,5,0,0,1,1,1,1785495470
2026-07-31T11:20:21Z,152,16,2,7,4,0,1,1,1,1785496785
2026-07-31T11:20:21Z,153,16,2,9,6,0,1,1,1,1785496806
2026-07-31T11:20:21Z,154,14,2,6,3,0,1,1,1,1785496770
2026-07-31T11:20:21Z,155,10,4,3,1,0,1,1,1,1785496581
2026-07-31T11:20:21Z,156,11,1,8,0,0,1,1,1,1785496264
2026-07-31T11:20:21Z,157,12,0,13,2,0,1,1,1,1785496625
2026-07-31T11:20:21Z,158,16,2,0,0,0,1,1,1,1785495734
2026-07-31T11:20:21Z,159,2,1,17,0,0,1,1,1,1785494564
2026-07-31T11:20:21Z,160,15,0,4,0,0,1,1,1,1785496757
2026-07-31T11:20:21Z,161,20,4,2,0,0,1,1,1,1785496444
2026-07-31T11:20:21Z,162,12,0,14,1,0,1,1,1,1785496015
2026-07-31T11:20:21Z,163,22,2,8,0,1,1,1,1,1785496807
2026-07-31T11:20:21Z,164,24,7,3,0,0,1,1,1,1785496360
2026-07-31T11:20:21Z,165,22,10,8,1,0,1,1,1,1785496046
2026-07-31T11:20:21Z,166,32,8,3,4,0,1,1,1,1785496802
2026-07-31T11:20:21Z,167,15,8,6,2,0,1,1,1,1785496692
2026-07-31T11:20:21Z,168,15,0,10,2,0,1,1,1,1785496574
2026-07-31T11:20:21Z,169,0,0,22,0,1,1,1,1,1785495705
2026-07-31T11:20:21Z,170,17,5,1,1,0,1,1,1,1785495962
2026-07-31T11:20:21Z,171,8,2,3,2,0,1,1,1,1785496764
2026-07-31T11:20:21Z,173,38,0,1,0,0,1,1,1,1785496394
2026-07-31T11:20:21Z,174,20,1,4,2,0,1,1,1,1785494757
2026-07-31T11:20:21Z,175,8,0,23,0,0,1,1,1,1785496253
2026-07-31T11:20:21Z,176,5,1,9,0,1,1,1,1,1785495966
2026-07-31T11:20:21Z,177,17,2,10,0,0,1,1,1,1785496470
2026-07-31T11:20:21Z,178,2,0,10,2,1,1,1,1,1785496809
2026-07-31T11:20:21Z,179,11,1,3,1,0,1,1,1,1785496429
2026-07-31T11:20:21Z,180,3,1,27,0,0,1,1,1,1785496443
2026-07-31T11:20:21Z,181,11,0,3,1,0,1,1,1,1785495767
2026-07-31T11:20:21Z,182,10,0,7,0,0,1,1,1,1785496632
2026-07-31T11:20:21Z,183,12,0,11,0,0,1,1,1,1785494891
2026-07-31T11:20:21Z,184,5,1,17,1,0,1,1,1,1785495998
2026-07-31T11:20:21Z,185,10,0,2,2,1,1,1,1,1785496645
2026-07-31T11:20:21Z,186,4,0,15,0,0,1,1,1,1785496683
2026-07-31T11:20:21Z,187,10,0,17,1,0,1,1,1,1785495039
2026-07-31T11:20:21Z,188,11,0,8,8,0,1,1,1,1785496765
2026-07-31T11:20:21Z,189,14,4,1,0,0,1,1,1,1785493971
2026-07-31T11:20:21Z,190,5,1,18,0,0,1,1,1,1785496202
2026-07-31T11:20:21Z,191,3,1,36,0,0,1,1,1,1785496688
2026-07-31T11:20:21Z,192,9,1,19,3,0,1,1,1,1785496653
2026-07-31T11:20:21Z,193,1,0,13,1,0,1,1,1,1785496004
2026-07-31T11:20:21Z,194,12,1,14,1,0,1,1,1,1785495357
2026-07-31T11:20:21Z,195,11,3,8,0,0,1,1,1,1785495900
2026-07-31T11:20:21Z,196,16,1,11,0,0,1,1,1,1785496802
2026-07-31T11:20:21Z,197,16,3,2,0,1,1,1,1,1785496784
2026-07-31T11:20:21Z,198,17,15,6,0,0,1,1,1,1785494878
2026-07-31T11:20:21Z,199,7,7,7,1,0,1,1,1,1785496746
2026-07-31T11:20:21Z,200,12,0,13,1,0,1,1,1,1785492701
2026-07-31T11:20:21Z,201,2,1,21,0,0,1,1,1,1785496602
2026-07-31T11:20:21Z,202,0,0,27,0,0,1,1,1,1785494022
2026-07-31T11:20:21Z,203,27,2,3,1,0,1,1,1,1785496410
2026-07-31T11:20:21Z,204,25,0,9,1,0,1,1,1,1785496494
2026-07-31T11:20:21Z,205,11,1,16,0,0,1,1,1,1785495851
2026-07-31T11:20:21Z,206,2,2,12,1,0,1,1,1,1785495327
2026-07-31T11:20:21Z,207,12,0,9,0,0,1,1,1,1785495428
2026-07-31T11:20:21Z,208,6,1,23,0,0,1,1,1,1785496304
2026-07-31T11:20:21Z,209,4,0,24,3,0,1,1,1,1785496769
2026-07-31T11:20:21Z,210,24,2,3,0,0,1,1,1,1785496670
2026-07-31T11:20:21Z,211,12,6,10,1,0,1,1,1,1785496752
2026-07-31T11:20:21Z,212,26,1,8,1,0,1,1,1,1785496687
2026-07-31T11:20:21Z,213,11,1,10,2,0,1,1,1,1785496805
2026-07-31T11:20:21Z,214,23,0,22,2,0,1,1,1,1785496347
2026-07-31T11:20:21Z,215,5,2,17,1,0,1,1,1,1785492966
2026-07-31T11:20:21Z,216,7,0,11,1,0,1,1,1,1785491552
2026-07-31T11:20:21Z,217,9,0,19,1,0,1,1,1,1785496797
2026-07-31T11:20:21Z,218,18,4,19,2,0,1,1,1,1785496804
2026-07-31T11:20:21Z,219,2,1,23,1,0,1,1,1,1785496386
2026-07-31T11:20:21Z,220,24,6,18,0,1,1,1,1,1785496769
2026-07-31T11:20:21Z,221,10,7,3,2,0,1,1,1,1785496517
2026-07-31T11:20:21Z,222,11,11,7,1,0,1,1,1,1785496240
2026-07-31T11:20:21Z,223,10,3,22,3,0,1,1,1,1785496720
2026-07-31T11:20:21Z,224,7,5,15,0,0,1,1,1,1785496266
2026-07-31T11:20:21Z,225,13,1,0,6,0,1,1,1,1785496731
2026-07-31T11:20:21Z,226,27,8,2,2,0,1,1,1,1785496792
2026-07-31T11:20:21Z,227,24,14,1,1,1,1,1,1,1785496725
2026-07-31T11:20:21Z,228,2,0,16,1,0,1,1,1,1785495859
2026-07-31T11:20:21Z,230,14,7,12,0,0,1,1,1,1785496536
2026-07-31T11:20:21Z,232,12,7,4,1,0,1,1,1,1785496068
2026-07-31T11:20:21Z,233,17,0,12,2,0,1,1,1,1785496781
2026-07-31T11:20:21Z,234,7,3,7,3,2,1,1,1,1785496188
2026-07-31T11:20:21Z,236,10,1,9,0,0,1,1,1,1785495587
2026-07-31T11:20:21Z,237,20,4,2,1,0,1,1,1,1785492227
2026-07-31T11:20:21Z,239,21,17,3,3,0,1,1,1,1785495711
2026-07-31T11:20:21Z,241,18,6,4,1,0,1,1,1,1785495737
2026-07-31T11:20:21Z,242,2,2,20,1,0,1,1,1,1785496084
2026-07-31T11:20:21Z,243,9,0,21,1,0,1,1,1,1785495008
2026-07-31T11:20:21Z,244,13,2,13,1,0,1,1,1,1785496533
2026-07-31T11:20:21Z,245,5,4,18,0,0,1,1,1,1785496117
2026-07-31T11:20:21Z,246,13,0,10,0,0,1,1,1,1785496399
2026-07-31T11:20:21Z,247,11,10,11,1,0,1,1,1,1785495667
2026-07-31T11:20:21Z,248,20,5,1,2,0,1,1,1,1785496488
2026-07-31T11:20:21Z,249,5,2,14,0,0,1,1,1,1785495511
2026-07-31T11:20:21Z,250,23,7,4,0,0,1,1,1,1785494630
2026-07-31T11:20:21Z,251,19,4,5,3,0,1,1,1,1785494879
2026-07-31T11:20:21Z,253,8,3,11,0,0,1,1,1,1785496808
2026-07-31T11:20:21Z,254,23,20,19,1,0,1,1,1,1785496738
2026-07-31T11:20:21Z,255,0,0,22,0,1,1,1,1,1785496693
2026-07-31T11:20:21Z,256,8,4,13,2,0,1,1,1,1785496241
2026-07-31T11:20:21Z,257,13,5,6,0,0,1,1,1,1785496159
2026-07-31T11:20:21Z,258,19,1,0,0,0,1,1,1,1785496711
2026-07-31T11:20:21Z,259,19,3,3,0,1,1,1,1,1785494976
2026-07-31T11:20:21Z,260,10,2,6,3,0,1,1,1,1785496370
2026-07-31T11:20:21Z,261,13,0,4,1,1,1,1,1,1785496517
2026-07-31T11:20:21Z,262,15,9,7,1,0,1,1,1,1785496707
2026-07-31T11:20:21Z,263,11,1,4,0,0,1,1,1,1785496806
2026-07-31T11:20:21Z,264,11,2,5,3,0,1,1,1,1785496029
2026-07-31T11:20:21Z,265,12,0,3,0,0,1,1,1,1785495664
2026-07-31T11:20:21Z,266,13,7,4,2,0,1,1,1,1785496541
2026-07-31T11:20:21Z,267,6,2,7,2,0,1,1,1,1785496732
2026-07-31T11:20:21Z,268,23,9,0,0,0,1,1,1,1785484887
2026-07-31T11:20:21Z,269,8,3,15,0,0,1,1,1,1785496011
2026-07-31T11:20:21Z,270,23,1,4,0,0,1,1,1,1785491481
2026-07-31T11:20:21Z,271,3,0,14,2,0,1,1,1,1785496257
2026-07-31T11:20:21Z,272,13,13,10,0,0,1,1,1,1785495153
2026-07-31T11:20:21Z,273,13,5,2,0,0,1,1,1,1785492772
2026-07-31T11:20:21Z,274,15,6,3,1,0,1,1,1,1785496720
2026-07-31T11:20:21Z,275,13,0,6,2,2,1,1,1,1785496665
2026-07-31T11:20:21Z,276,2,1,25,0,0,1,1,1,1785495487
2026-07-31T11:20:21Z,277,12,1,6,5,0,1,1,1,1785495962
2026-07-31T11:20:21Z,278,19,2,9,2,1,1,1,1,1785496808
2026-07-31T11:20:21Z,279,17,0,2,0,0,1,1,1,1785496190
2026-07-31T11:20:21Z,280,10,2,18,3,0,1,1,1,1785496691
2026-07-31T11:20:21Z,281,19,0,0,0,0,1,1,1,1785486089
2026-07-31T11:20:21Z,282,5,2,13,0,0,1,1,1,1785484887
2026-07-31T11:20:21Z,283,32,1,3,0,0,1,1,1,1785496044
2026-07-31T11:20:21Z,284,16,3,17,2,0,1,1,1,1785492919
2026-07-31T11:20:21Z,285,8,7,15,0,0,1,1,1,1785485188
2026-07-31T11:20:21Z,286,15,15,4,4,0,1,1,1,1785496216
2026-07-31T11:20:21Z,287,15,4,5,3,0,1,1,1,1785496139
2026-07-31T11:20:21Z,288,12,8,7,0,0,1,1,1,1785495596
2026-07-31T11:20:21Z,289,21,1,3,3,0,1,1,1,1785496128
2026-07-31T11:20:21Z,290,9,0,29,1,0,1,1,1,1785494483
2026-07-31T11:20:21Z,291,8,1,13,2,0,1,1,1,1785495615
2026-07-31T11:20:21Z,292,20,0,2,1,0,1,1,1,1785495982
2026-07-31T11:20:21Z,293,17,10,6,0,0,1,1,1,1785486991
2026-07-31T11:20:21Z,294,1,1,20,1,0,1,1,1,1785493458
2026-07-31T11:20:21Z,297,13,4,4,1,1,1,1,1,1785496686
2026-07-31T11:20:21Z,301,17,0,2,0,0,1,1,1,1785496440
2026-07-31T11:20:21Z,302,1,0,22,0,0,1,1,1,1785495703
2026-07-31T11:20:21Z,303,16,0,3,0,0,1,1,1,1785496448
2026-07-31T11:20:21Z,304,0,0,0,0,0,0,1,1,86400
2026-07-31T11:20:21Z,305,4,0,14,1,0,1,1,1,1785496802
2026-07-31T11:20:21Z,306,3,0,28,1,0,1,1,1,1785495144
2026-07-31T11:20:21Z,307,18,1,3,1,1,1,1,1,1785496809
2026-07-31T11:20:21Z,308,17,0,0,2,0,1,1,1,1785496461
2026-07-31T11:20:21Z,309,12,3,1,1,0,1,1,1,1785495417
2026-07-31T11:20:21Z,311,15,0,0,0,0,1,1,1,1785486992
2026-07-31T11:20:21Z,312,4,2,14,4,1,1,1,1,1785496504
2026-07-31T11:20:21Z,313,3,1,12,0,0,1,1,1,1785486991
2026-07-31T11:20:21Z,314,4,3,11,3,0,1,1,1,1785486991
2026-07-31T11:20:21Z,315,23,6,6,2,0,1,1,1,1785491768
2026-07-31T11:20:21Z,316,0,0,25,5,1,1,1,1,1785496738
2026-07-31T11:20:21Z,317,0,0,30,0,1,1,1,1,1785496664
2026-07-31T11:20:21Z,318,16,0,3,0,0,1,1,1,1785486991
2026-07-31T11:20:21Z,319,20,4,2,1,0,1,1,1,1785496418
2026-07-31T11:20:21Z,320,16,5,2,1,0,1,1,1,1785495214
2026-07-31T11:20:21Z,321,8,2,7,4,0,1,1,1,1785496609
2026-07-31T11:20:21Z,322,5,1,23,1,0,1,1,1,1785494250
2026-07-31T11:20:21Z,323,9,0,10,0,0,1,1,1,1785492561
2026-07-31T11:20:21Z,324,21,5,4,2,0,1,1,1,1785496810
2026-07-31T11:20:21Z,325,5,3,20,2,0,1,1,1,1785494379
2026-07-31T11:20:21Z,327,24,0,2,1,0,1,1,1,1785496286
2026-07-31T11:20:21Z,328,17,0,4,1,0,1,1,1,1785495033
2026-07-31T11:20:21Z,329,16,0,1,2,0,1,1,1,1785496402
2026-07-31T11:20:21Z,330,1,0,21,0,0,1,1,1,1785495617
2026-07-31T11:20:21Z,331,8,2,14,1,0,1,1,1,1785496563
2026-07-31T11:20:21Z,332,10,2,7,2,0,1,1,1,1785495613
2026-07-31T11:20:21Z,333,2,2,20,1,0,1,1,1,1785492618
2026-07-31T11:20:21Z,334,8,7,15,0,0,1,1,1,1785496773
2026-07-31T11:20:21Z,335,3,1,18,1,1,1,1,1,1785496788
2026-07-31T11:20:21Z,336,17,2,2,0,0,1,1,1,1785496291
2026-07-31T11:20:21Z,337,18,4,0,5,0,1,1,1,1785496675
2026-07-31T11:20:21Z,338,13,6,6,0,0,1,1,1,1785496612
2026-07-31T11:20:21Z,339,23,9,0,0,0,1,1,1,1785496790
2026-07-31T11:20:21Z,340,13,11,1,1,0,1,1,1,1785496245
2026-07-31T11:20:21Z,341,9,2,10,0,0,1,1,1,1785496504
2026-07-31T11:20:21Z,342,11,5,1,3,0,1,1,1,1785496523
2026-07-31T11:20:21Z,343,19,1,3,1,0,1,1,1,1785496259
2026-07-31T11:20:21Z,344,23,9,0,0,0,1,1,1,1785488186
2026-07-31T11:20:21Z,345,19,3,0,0,0,1,1,1,1785487292
2026-07-31T11:20:21Z,346,10,6,13,0,0,1,1,1,1785496194
2026-07-31T11:20:21Z,347,23,6,19,2,0,1,1,1,1785496810
2026-07-31T11:20:21Z,348,21,3,0,1,1,1,1,1,1785496612
2026-07-31T11:20:21Z,349,8,2,11,0,0,1,1,1,1785496603
2026-07-31T11:20:21Z,350,24,3,1,1,1,1,1,1,1785494733
2026-07-31T11:20:21Z,351,17,2,3,3,0,1,1,1,1785496606
2026-07-31T11:20:21Z,355,22,1,1,0,0,1,1,1,1785496462
2026-07-31T11:20:21Z,356,16,0,2,1,0,1,1,1,1785493586
2026-07-31T11:20:21Z,357,8,4,11,0,0,1,1,1,1785496664
2026-07-31T11:20:21Z,358,24,4,2,1,0,1,1,1,1785487594
2026-07-31T11:20:21Z,359,17,0,10,0,0,1,1,1,1785495976
2026-07-31T11:20:21Z,360,12,3,5,2,0,1,1,1,1785496464
2026-07-31T11:20:21Z,362,16,4,1,2,0,1,1,1,1785493387
2026-07-31T11:20:21Z,363,2,0,25,0,0,1,1,1,1785495461
2026-07-31T11:20:21Z,364,17,3,2,0,0,1,1,1,1785496544
2026-07-31T11:20:21Z,365,15,2,4,4,0,1,1,1,1785496778
2026-07-31T11:20:21Z,366,9,7,7,7,0,1,1,1,1785496722
2026-07-31T11:20:21Z,367,15,9,2,2,0,1,1,1,1785496790
2026-07-31T11:20:21Z,368,16,3,5,2,0,1,1,1,1785495949
2026-07-31T11:20:21Z,370,9,7,18,0,0,1,1,1,1785495224
2026-07-31T11:20:21Z,371,4,1,14,1,0,1,1,1,1785495014
2026-07-31T11:20:21Z,372,6,1,9,0,0,1,1,1,1785494163
2026-07-31T11:20:21Z,373,25,9,2,0,0,1,1,1,1785493650
2026-07-31T11:20:21Z,374,16,7,1,2,0,1,1,1,1785496650
2026-07-31T11:20:21Z,375,21,9,3,3,0,1,1,1,1785496346
2026-07-31T11:20:21Z,376,29,5,5,5,0,1,1,1,1785496543
2026-07-31T11:20:21Z,377,23,9,4,0,0,1,1,1,1785493056
2026-07-31T11:20:21Z,378,19,5,3,1,1,1,1,1,1785496664
2026-07-31T11:20:21Z,379,13,0,14,0,0,1,1,1,1785494662
2026-07-31T11:20:21Z,380,19,6,3,1,0,1,1,1,1785495869
2026-07-31T11:20:21Z,381,9,0,14,0,0,1,1,1,1785496797
2026-07-31T11:20:21Z,383,12,0,1,2,0,1,1,1,1785495979
2026-07-31T11:20:21Z,384,24,1,2,1,0,1,1,1,1785492881
2026-07-31T11:20:21Z,385,16,4,0,2,0,1,1,1,1785496496
2026-07-31T11:20:21Z,387,20,2,3,0,0,1,1,1,1785496115
2026-07-31T11:20:21Z,388,18,2,31,0,0,1,1,1,1785496778
2026-07-31T11:20:21Z,389,8,7,7,0,0,1,1,1,1785495116
2026-07-31T11:20:21Z,390,17,0,18,0,0,1,1,1,1785496106
2026-07-31T11:20:21Z,391,4,0,10,1,0,1,1,1,1785487292
2026-07-31T11:20:21Z,392,2,2,16,1,0,1,1,1,1785496611
2026-07-31T11:20:21Z,393,3,3,5,3,0,1,1,1,1785487292
2026-07-31T11:20:21Z,394,7,4,4,2,0,1,1,1,1785496484
2026-07-31T11:20:21Z,396,9,7,30,3,0,1,1,1,1785495633
2026-07-31T11:20:21Z,397,6,5,25,0,0,1,1,1,1785494011
2026-07-31T11:20:21Z,399,11,0,4,2,0,1,1,1,1785495541
2026-07-31T11:20:21Z,400,10,5,9,4,0,1,1,1,1785496543
2026-07-31T11:20:21Z,401,5,0,26,8,0,1,1,1,1785496346
2026-07-31T11:20:21Z,403,1,0,28,2,0,1,1,1,1785496637
2026-07-31T11:20:21Z,404,3,2,19,1,0,1,1,1,1785496100
2026-07-31T11:20:21Z,406,1,1,33,1,0,1,1,1,1785496488
2026-07-31T11:20:21Z,407,17,3,16,1,0,1,1,1,1785495804
2026-07-31T11:20:21Z,408,13,3,19,1,0,1,1,1,1785496628
2026-07-31T11:20:21Z,409,1,0,19,3,0,1,1,1,1785493289
2026-07-31T11:20:21Z,413,20,5,1,2,0,1,1,1,1785493578
2026-07-31T11:20:21Z,414,10,2,4,1,0,1,1,1,1785495352
2026-07-31T11:20:21Z,417,12,7,6,1,0,1,1,1,1785494370
2026-07-31T11:20:21Z,418,1,0,14,0,0,1,1,1,1785490913
2026-07-31T11:20:21Z,419,10,0,12,1,0,1,1,1,1785487895
2026-07-31T11:20:21Z,421,2,0,17,0,0,1,1,1,1785496453
2026-07-31T11:20:21Z,422,4,3,22,1,0,1,1,1,1785493261
2026-07-31T11:20:21Z,423,3,2,20,0,0,1,1,1,1785495719
2026-07-31T11:20:21Z,424,3,2,9,3,0,1,1,1,1785496787
2026-07-31T11:20:21Z,425,17,0,4,0,1,1,1,1,1785495951
2026-07-31T11:20:21Z,426,0,0,35,2,0,1,1,1,1785496425
2026-07-31T11:20:21Z,427,13,1,1,1,0,1,1,1,1785496777
2026-07-31T11:20:21Z,428,17,2,1,1,0,1,1,1,1785496319
2026-07-31T11:20:21Z,429,0,0,21,2,0,1,1,1,1785492151
2026-07-31T11:20:21Z,430,28,0,0,3,0,1,1,1,1785496636
2026-07-31T11:20:21Z,431,15,0,17,1,0,1,1,1,1785495603
2026-07-31T11:20:21Z,432,17,0,12,2,0,0,1,1,1785495998
2026-07-31T11:20:21Z,433,18,5,3,2,0,1,1,1,1785495888
2026-07-31T11:20:21Z,437,1,1,17,1,0,1,1,1,1785496073
2026-07-31T11:20:21Z,438,17,0,1,1,0,1,1,1,1785496805
2026-07-31T11:20:21Z,439,5,0,10,0,0,1,1,1,1785494601
2026-07-31T11:20:21Z,440,11,2,2,2,0,1,1,1,1785495569
2026-07-31T11:20:21Z,441,12,1,2,1,0,1,1,1,1785495062
2026-07-31T11:20:21Z,442,17,9,1,1,0,1,1,1,1785496714
2026-07-31T11:20:21Z,443,4,2,23,0,0,1,1,1,1785485488
2026-07-31T11:20:21Z,444,2,2,21,0,0,1,1,1,1785485488
2026-07-31T11:20:21Z,445,7,2,15,1,0,1,1,1,1785496712
2026-07-31T11:20:21Z,446,0,0,22,1,0,1,1,1,1785494652
2026-07-31T11:20:21Z,447,3,0,18,1,1,1,1,1,1785496389
2026-07-31T11:20:21Z,448,9,4,5,1,0,1,1,1,1785487895
2026-07-31T11:20:21Z,452,8,6,10,1,0,1,1,1,1785496385
2026-07-31T11:20:21Z,453,7,5,7,1,0,1,1,1,1785494607
2026-07-31T11:20:21Z,454,9,0,10,0,0,1,1,1,1785496511
2026-07-31T11:20:21Z,455,2,0,37,0,0,1,1,1,1785492761
2026-07-31T11:20:21Z,456,8,0,11,1,0,1,1,1,1785496645
2026-07-31T11:20:21Z,457,24,2,1,2,0,1,1,1,1785495322
2026-07-31T11:20:21Z,458,10,4,13,0,0,1,1,1,1785495744
2026-07-31T11:20:21Z,459,14,0,1,0,0,1,1,1,1785496514
2026-07-31T11:20:21Z,460,18,2,4,1,0,1,1,1,1785496807
2026-07-31T11:20:21Z,461,7,1,12,0,0,1,1,1,1785496770
2026-07-31T11:20:21Z,462,15,1,6,0,0,1,1,1,1785496514
2026-07-31T11:20:21Z,463,13,1,6,0,0,1,1,1,1785487897
2026-07-31T11:20:21Z,464,3,1,11,0,0,1,1,1,1785485789
2026-07-31T11:20:21Z,465,0,0,14,1,0,1,1,1,1785496369
2026-07-31T11:20:21Z,466,11,3,2,2,0,1,1,1,1785485789
2026-07-31T11:20:21Z,467,3,1,16,0,0,1,1,1,1785496712
2026-07-31T11:20:21Z,468,17,1,1,1,0,1,1,1,1785485789
2026-07-31T11:20:21Z,469,2,2,21,0,0,1,1,1,1785496012
2026-07-31T11:20:21Z,470,11,1,2,2,0,1,1,1,1785496781
2026-07-31T11:20:21Z,471,22,2,5,0,0,1,1,1,1785487895
2026-07-31T11:20:21Z,472,14,3,4,1,0,1,1,1,1785496767
2026-07-31T11:20:21Z,473,18,4,1,0,0,1,1,1,1785496016
2026-07-31T11:20:21Z,474,15,0,4,0,0,1,1,1,1785495804
2026-07-31T11:20:21Z,475,5,1,13,1,0,1,1,1,1785492726
2026-07-31T11:20:21Z,477,9,7,5,1,0,1,1,1,1785492057
2026-07-31T11:20:21Z,478,4,0,26,1,0,1,1,1,1785496553
2026-07-31T11:20:21Z,479,1,0,25,1,0,1,1,1,1785495354
2026-07-31T11:20:21Z,480,3,0,9,3,0,1,1,1,1785495583
2026-07-31T11:20:21Z,481,27,0,7,1,0,1,1,1,1785496599
2026-07-31T11:20:21Z,482,17,6,2,0,0,1,1,1,1785495430
2026-07-31T11:20:21Z,483,1,0,24,2,0,1,1,1,1785496749
2026-07-31T11:20:21Z,484,5,2,13,1,0,1,1,1,1785496497
2026-07-31T11:20:21Z,485,16,6,1,1,1,1,1,1,1785496504
2026-07-31T11:20:21Z,486,25,6,0,2,0,1,1,1,1785496498
2026-07-31T11:20:21Z,487,5,4,13,1,0,1,1,1,1785496372
2026-07-31T11:20:21Z,489,11,5,3,1,0,1,1,1,1785496344
2026-07-31T11:20:21Z,490,3,1,13,0,0,1,1,1,1785496546
2026-07-31T11:20:21Z,491,4,1,17,0,0,1,1,1,1785486090
2026-07-31T11:20:21Z,492,4,2,3,4,0,1,1,1,1785496806
2026-07-31T11:20:21Z,493,1,0,25,1,0,1,1,1,1785496554
2026-07-31T11:20:21Z,495,10,1,2,3,0,1,1,1,1785495779
2026-07-31T11:20:21Z,496,25,1,2,0,0,1,1,1,1785496422
2026-07-31T11:20:21Z,497,12,0,6,1,0,1,1,1,1785496693
2026-07-31T11:20:21Z,498,22,3,0,1,0,1,1,1,1785496642
2026-07-31T11:20:21Z,499,14,0,4,1,0,1,1,1,1785496555
2026-07-31T11:20:21Z,500,7,4,3,5,0,1,1,1,1785494804
2026-07-31T11:20:21Z,501,12,5,9,0,0,1,1,1,1785496130
2026-07-31T11:20:21Z,502,6,0,13,0,0,1,1,1,1785486089
2026-07-31T11:20:21Z,503,25,0,5,1,0,1,1,1,1785494764
2026-07-31T11:20:21Z,504,2,1,37,0,0,1,1,1,1785495029
2026-07-31T11:20:21Z,505,9,1,2,1,0,1,1,1,1785496599
2026-07-31T11:20:21Z,511,6,3,17,0,0,1,1,1,1785495483
2026-07-31T11:20:21Z,512,8,0,19,0,0,1,1,1,1785496149
2026-07-31T11:20:21Z,514,8,0,2,1,0,1,1,1,1785492997
2026-07-31T11:20:21Z,515,1,0,18,0,0,1,1,1,1785495697
2026-07-31T11:20:21Z,516,3,0,24,0,0,1,1,1,1785496742
2026-07-31T11:20:21Z,517,13,2,9,1,0,1,1,1,1785494998
2026-07-31T11:20:21Z,518,13,1,1,1,0,1,1,1,1785494366
2026-07-31T11:20:21Z,519,3,0,14,2,0,1,1,1,1785495571
2026-07-31T11:20:21Z,520,9,6,12,5,1,1,1,1,1785496810
2026-07-31T11:20:21Z,521,18,5,5,0,0,1,1,1,1785494100
2026-07-31T11:20:21Z,522,0,0,22,1,0,1,1,1,1785496158
2026-07-31T11:20:21Z,523,6,4,16,1,0,1,1,1,1785494750
2026-07-31T11:20:21Z,524,0,0,23,0,0,1,1,1,1785494956
2026-07-31T11:20:21Z,525,9,0,10,0,0,1,1,1,1785496670
2026-07-31T11:20:21Z,526,13,1,0,2,0,1,1,1,1785486390
2026-07-31T11:20:21Z,527,6,3,17,3,0,1,1,1,1785496542
2026-07-31T11:20:21Z,528,21,1,1,1,0,1,1,1,1785495324
2026-07-31T11:20:21Z,529,6,3,7,6,0,1,1,1,1785496807
2026-07-31T11:20:21Z,530,12,0,8,1,0,1,1,1,1785496403
2026-07-31T11:20:21Z,531,18,0,3,1,1,1,1,1,1785496463
2026-07-31T11:20:21Z,532,3,3,27,1,0,1,1,1,1785488341
2026-07-31T11:20:21Z,533,6,0,11,2,0,1,1,1,1785496728
2026-07-31T11:20:21Z,534,13,1,9,1,0,1,1,1,1785496192
2026-07-31T11:20:21Z,535,3,0,12,0,0,1,1,1,1785494305
2026-07-31T11:20:21Z,536,9,0,14,0,0,1,1,1,1785496776
2026-07-31T11:20:21Z,537,2,0,18,0,0,1,1,1,1785496408
2026-07-31T11:20:21Z,538,19,6,2,0,2,1,1,1,1785496603
2026-07-31T11:20:21Z,539,5,5,26,0,0,1,1,1,1785488201
2026-07-31T11:20:21Z,540,0,0,19,0,0,1,1,1,1785496523
2026-07-31T11:20:21Z,541,20,2,6,1,0,1,1,1,1785495921
2026-07-31T11:20:21Z,542,8,4,15,0,0,1,1,1,1785496806
2026-07-31T11:20:21Z,543,14,2,4,1,0,1,1,1,1785496633
2026-07-31T11:20:21Z,544,14,1,4,4,0,1,1,1,1785496747
2026-07-31T11:20:21Z,545,3,0,14,2,0,1,1,1,1785496651
2026-07-31T11:20:21Z,546,12,8,7,0,0,1,1,1,1785496346
2026-07-31T11:20:21Z,547,19,1,6,0,0,1,1,1,1785494297
2026-07-31T11:20:21Z,548,15,1,8,0,0,1,1,1,1785495571
2026-07-31T11:20:21Z,549,20,0,3,0,0,1,1,1,1785496667
2026-07-31T11:20:21Z,550,14,1,5,0,0,1,1,1,1785496083
2026-07-31T11:20:21Z,551,16,4,7,0,0,1,1,1,1785486390
2026-07-31T11:20:21Z,552,27,3,0,0,0,1,1,1,1785486390
2026-07-31T11:20:21Z,553,14,1,6,2,1,1,1,1,1785496717
2026-07-31T11:20:21Z,554,1,1,18,0,0,1,1,1,1785486691
2026-07-31T11:20:21Z,555,12,5,2,1,0,1,1,1,1785493469
2026-07-31T11:20:21Z,556,18,4,3,2,0,1,1,1,1785496778
2026-07-31T11:20:21Z,557,8,4,10,5,0,1,1,1,1785496073
2026-07-31T11:20:21Z,558,36,4,1,0,0,1,1,1,1785496303
2026-07-31T11:20:21Z,559,0,0,18,1,0,1,1,1,1785492602
2026-07-31T11:20:21Z,560,10,0,17,0,0,1,1,1,1785492157
2026-07-31T11:20:21Z,561,17,2,5,1,0,1,1,1,1785495946
2026-07-31T11:20:21Z,562,3,0,29,3,0,1,1,1,1785486691
2026-07-31T11:20:21Z,563,8,0,6,0,0,1,1,1,1785495674
2026-07-31T11:20:21Z,564,9,0,9,1,0,1,1,1,1785495850
2026-07-31T11:20:21Z,565,5,1,14,0,0,1,1,1,1785495977
2026-07-31T11:20:21Z,566,13,0,5,1,0,1,1,1,1785496764
2026-07-31T11:20:21Z,567,26,1,0,1,0,1,1,1,1785493771
2026-07-31T11:20:21Z,568,15,0,4,0,0,1,1,1,1785495509
2026-07-31T11:20:21Z,569,16,2,3,0,0,1,1,1,1785496200
2026-07-31T11:20:21Z,570,10,0,9,0,0,1,1,1,1785496382
2026-07-31T11:20:21Z,571,2,0,21,0,0,1,1,1,1785496336
2026-07-31T11:20:21Z,572,12,4,6,1,0,1,1,1,1785496361
2026-07-31T11:20:21Z,573,11,0,4,0,0,1,1,1,1785496522
2026-07-31T11:20:21Z,574,7,2,8,0,0,1,1,1,1785496626
2026-07-31T11:20:21Z,575,4,0,16,1,0,1,1,1,1785494906
2026-07-31T11:20:21Z,576,2,0,15,2,0,1,1,1,1785494813
2026-07-31T11:20:21Z,577,14,0,17,0,0,1,1,1,1785495589
2026-07-31T11:20:21Z,578,12,9,10,1,0,1,1,1,1785495518
2026-07-31T11:20:21Z,579,5,0,38,0,0,1,1,1,1785495141
2026-07-31T11:20:21Z,580,2,0,27,0,0,1,1,1,1785496658
2026-07-31T11:20:21Z,581,14,1,5,0,0,1,1,1,1785496238
2026-07-31T11:20:21Z,582,18,0,42,1,0,1,1,1,1785496809
2026-07-31T11:20:21Z,583,22,1,1,0,0,1,1,1,1785496368
2026-07-31T11:20:21Z,584,9,4,6,4,0,1,1,1,1785486691
2026-07-31T11:20:21Z,585,13,2,13,0,1,1,1,1,1785496316
2026-07-31T11:20:21Z,586,9,0,26,0,0,1,1,1,1785496224
2026-07-31T11:20:21Z,587,18,0,5,1,0,1,1,1,1785496798
2026-07-31T11:20:21Z,588,11,3,5,2,1,1,1,1,1785496700
2026-07-31T11:20:21Z,589,10,4,0,13,0,1,1,1,1785496630
2026-07-31T11:20:21Z,590,17,2,13,1,0,1,1,1,1785496171
2026-07-31T11:20:21Z,591,27,1,1,2,0,1,1,1,1785495263
2026-07-31T11:20:21Z,592,11,0,12,0,0,1,1,1,1785496499
2026-07-31T11:20:21Z,593,2,0,36,0,0,1,1,1,1785495953
2026-07-31T11:20:21Z,594,6,0,12,3,0,1,1,1,1785496763
2026-07-31T11:20:21Z,595,0,0,3,0,0,0,1,1,1784046673
2026-07-31T11:20:21Z,605,0,0,2,1,0,0,1,1,1783975843
2026-07-31T11:20:21Z,606,0,0,0,0,0,0,1,1,86400
2026-07-31T11:20:21Z,607,10,2,21,1,0,1,1,1,1785496731
2026-07-31T11:20:21Z,608,4,1,46,0,0,1,1,1,1785496284
2026-07-31T11:20:21Z,609,0,0,23,0,0,1,1,1,1785496326
2026-07-31T11:20:21Z,610,1,0,34,0,0,1,1,1,1785494557
2026-07-31T11:20:21Z,611,13,0,13,1,0,1,1,1,1785494266
2026-07-31T11:20:21Z,612,6,1,9,0,0,1,1,1,1785486691
2026-07-31T11:20:21Z,613,9,0,2,4,0,1,1,1,1785489318
2026-07-31T11:20:21Z,614,2,2,22,2,1,1,1,1,1785495770
2026-07-31T11:20:21Z,617,11,1,2,2,0,1,1,1,1785496459
2026-07-31T11:20:21Z,618,11,1,3,5,0,1,1,1,1785496082
2026-07-31T11:20:21Z,619,3,1,15,1,0,1,1,1,1785496377
2026-07-31T11:20:21Z,620,1,0,26,0,0,1,1,1,1785495096
2026-07-31T11:20:21Z,621,2,1,20,1,0,1,1,1,1785496518
2026-07-31T11:20:21Z,622,5,2,17,1,0,1,1,1,1785488201
2026-07-31T11:20:21Z,623,4,1,25,1,0,1,1,1,1785496189
2026-07-31T11:20:21Z,624,1,0,14,0,0,1,1,1,1785493218
2026-07-31T11:20:21Z,625,4,0,15,2,0,1,1,1,1785495075
2026-07-31T11:20:21Z,626,5,0,40,0,2,1,1,1,1785495289
2026-07-31T11:20:21Z,627,14,6,5,0,0,1,1,1,1785493197
2026-07-31T11:20:21Z,628,0,0,15,2,2,1,1,1,1785496618
2026-07-31T11:20:21Z,629,4,1,6,1,0,1,1,1,1785496676
2026-07-31T11:20:21Z,630,3,2,21,3,0,1,1,1,1785496499
2026-07-31T11:20:21Z,631,2,1,21,0,0,1,1,1,1785488201
2026-07-31T11:20:21Z,632,20,0,1,2,0,1,1,1,1785492884
2026-07-31T11:20:21Z,633,12,1,0,3,0,1,1,1,1785496790
2026-07-31T11:20:21Z,634,11,2,8,0,0,1,1,1,1785486991
2026-07-31T11:20:21Z,635,16,1,3,0,0,1,1,1,1785494941
2026-07-31T11:20:21Z,636,10,2,5,0,0,1,1,1,1785488201
2026-07-31T11:20:21Z,637,8,1,11,0,0,1,1,1,1785496599
2026-07-31T11:20:21Z,638,7,1,10,2,0,1,1,1,1785496377
2026-07-31T11:20:21Z,639,5,1,11,3,0,1,1,1,1785479066
2026-07-31T11:20:21Z,640,5,3,17,1,0,1,1,1,1785496499
2026-07-31T11:20:21Z,641,17,0,7,2,0,1,1,1,1785496675
2026-07-31T11:20:21Z,642,4,3,7,8,0,1,1,1,1785496808
2026-07-31T11:20:21Z,643,2,0,18,7,0,1,1,1,1785496807
2026-07-31T11:20:21Z,644,12,0,2,1,0,1,1,1,1785486991
2026-07-31T11:20:21Z,645,11,0,10,1,1,1,1,1,1785488495
2026-07-31T11:20:21Z,646,7,2,12,0,0,1,1,1,1785496691
2026-07-31T11:20:21Z,647,29,1,2,0,0,1,1,1,1785492741
2026-07-31T11:20:21Z,648,5,0,13,1,0,1,1,1,1785496315
2026-07-31T11:20:21Z,649,19,3,11,1,0,1,1,1,1785495468
2026-07-31T11:20:21Z,650,5,1,9,0,0,1,1,1,1785488201
2026-07-31T11:20:21Z,651,7,7,16,0,0,1,1,1,1785496786
2026-07-31T11:20:21Z,652,3,2,18,2,0,1,1,1,1785496801
2026-07-31T11:20:21Z,653,9,1,8,2,0,1,1,1,1785494586
2026-07-31T11:20:21Z,654,2,2,13,0,0,1,1,1,1785488202
2026-07-31T11:20:21Z,655,7,3,1,4,1,1,1,1,1785496749
2026-07-31T11:20:21Z,656,18,7,1,0,0,1,1,1,1785496291
2026-07-31T11:20:21Z,657,9,1,3,2,3,1,1,1,1785496767
2026-07-31T11:20:21Z,658,9,1,1,0,0,1,1,1,1785473427
2026-07-31T11:20:21Z,659,8,3,5,2,0,1,1,1,1785495755
2026-07-31T11:20:21Z,660,12,0,15,4,0,1,1,1,1785496725
2026-07-31T11:20:21Z,661,2,1,17,0,0,1,1,1,1785492505
2026-07-31T11:20:21Z,662,4,3,16,3,0,1,1,1,1785493876
2026-07-31T11:20:21Z,663,11,5,3,1,0,1,1,1,1785496113
2026-07-31T11:20:21Z,664,1,0,26,0,0,1,1,1,1785495012
2026-07-31T11:20:21Z,665,12,3,3,0,0,1,1,1,1785488202
2026-07-31T11:20:21Z,666,8,2,5,2,0,1,1,1,1785495733
2026-07-31T11:20:21Z,667,0,0,19,0,0,1,1,1,1785486991
2026-07-31T11:20:21Z,668,10,1,8,1,0,1,1,1,1785488201
2026-07-31T11:20:21Z,669,14,5,0,0,0,1,1,1,1785496316
2026-07-31T11:20:21Z,670,10,2,17,0,0,1,1,1,1785496697
2026-07-31T11:20:21Z,671,24,5,2,1,0,1,1,1,1785496512
2026-07-31T11:20:21Z,672,12,2,7,3,1,1,1,1,1785491597
2026-07-31T11:20:21Z,673,15,0,6,2,0,1,1,1,1785496773
2026-07-31T11:20:21Z,674,5,3,15,3,0,1,1,1,1785496739
2026-07-31T11:20:21Z,675,11,7,2,2,0,1,1,1,1785496610
2026-07-31T11:20:21Z,676,6,0,15,1,0,1,1,1,1785496594
2026-07-31T11:20:21Z,681,10,3,3,2,0,1,1,1,1785495347
2026-07-31T11:20:21Z,682,4,1,14,1,0,1,1,1,1785486991
2026-07-31T11:20:21Z,683,4,1,15,0,0,1,1,1,1785495619
2026-07-31T11:20:21Z,684,3,0,24,0,0,1,1,1,1785487883
2026-07-31T11:20:21Z,685,10,0,15,1,1,1,1,1,1785488201
2026-07-31T11:20:21Z,686,10,0,15,2,0,1,1,1,1785496791
2026-07-31T11:20:21Z,687,11,0,18,1,1,1,1,1,1785496804
2026-07-31T11:20:21Z,688,10,0,2,7,0,1,1,1,1785496563
2026-07-31T11:20:21Z,692,10,7,9,2,0,1,1,1,1785496768
2026-07-31T11:20:21Z,693,6,0,2,3,0,1,1,1,1785496233
2026-07-31T11:20:21Z,694,8,5,13,0,0,1,1,1,1785495998
2026-07-31T11:20:21Z,695,15,10,8,0,0,1,1,1,1785496148
2026-07-31T11:20:21Z,696,17,13,4,2,0,1,1,1,1785496652
2026-07-31T11:20:21Z,697,20,1,3,0,0,1,1,1,1785496741
2026-07-31T11:20:21Z,698,22,1,5,0,0,1,1,1,1785496584
2026-07-31T11:20:21Z,699,7,0,7,1,0,1,1,1,1785496544
2026-07-31T11:20:21Z,700,19,4,0,0,0,1,1,1,1785496685
2026-07-31T11:20:21Z,701,16,6,3,0,0,1,1,1,1785496115
2026-07-31T11:20:21Z,702,18,0,4,1,0,1,1,1,1785496689
2026-07-31T11:20:21Z,704,7,2,8,0,0,1,1,1,1785495914
2026-07-31T11:20:21Z,705,4,1,9,2,0,1,1,1,1785496785
2026-07-31T11:20:21Z,706,12,2,0,3,0,1,1,1,1785496074
2026-07-31T11:20:21Z,707,8,1,7,0,0,1,1,1,1785496701
2026-07-31T11:20:21Z,708,17,2,1,1,0,1,1,1,1785495104
2026-07-31T11:20:21Z,709,10,0,2,3,0,1,1,1,1785496741
2026-07-31T11:20:21Z,710,15,3,3,1,0,1,1,1,1785496154
2026-07-31T11:20:21Z,711,18,4,1,4,0,1,1,1,1785496647
2026-07-31T11:20:21Z,712,10,9,5,0,0,1,1,1,1785496799
2026-07-31T11:20:21Z,713,5,0,18,0,0,1,1,1,1785495378
2026-07-31T11:20:21Z,716,4,2,11,0,0,1,1,1,1785496432
2026-07-31T11:20:21Z,717,4,2,18,3,0,1,1,1,1785496518
2026-07-31T11:20:21Z,718,5,1,9,1,0,1,1,1,1785496251
2026-07-31T11:20:21Z,719,8,2,21,0,0,1,1,1,1785495680
2026-07-31T11:20:21Z,720,2,1,17,0,0,1,1,1,1785496720
2026-07-31T11:20:21Z,721,0,0,21,2,0,1,1,1,1785495716
2026-07-31T11:20:21Z,722,5,0,10,0,0,1,1,1,1785496477
2026-07-31T11:20:21Z,723,12,1,11,0,0,1,1,1,1785496560
2026-07-31T11:20:21Z,724,23,4,0,0,0,1,1,1,1785496464
2026-07-31T11:20:21Z,725,17,5,5,1,0,1,1,1,1785495873
2026-07-31T11:20:21Z,726,18,3,1,0,0,1,1,1,1785495628
2026-07-31T11:20:21Z,727,9,4,12,2,0,1,1,1,1785495664
2026-07-31T11:20:21Z,728,9,0,5,1,0,1,1,1,1785495207
2026-07-31T11:20:21Z,729,1,0,18,0,0,1,1,1,1785496694
2026-07-31T11:20:21Z,730,3,2,10,2,0,1,1,1,1785495804
2026-07-31T11:20:21Z,731,9,3,5,1,0,1,1,1,1785496734
2026-07-31T11:20:21Z,732,7,5,8,0,0,1,1,1,1785495957
2026-07-31T11:20:21Z,733,8,2,19,0,0,1,1,1,1785496760
2026-07-31T11:20:21Z,734,2,0,11,1,0,1,1,1,1785495905
2026-07-31T11:20:21Z,735,2,2,25,0,0,1,1,1,1785496619
2026-07-31T11:20:21Z,736,6,0,13,0,0,1,1,1,1785495351
2026-07-31T11:20:21Z,737,4,3,10,0,1,1,1,1,1785495346
2026-07-31T11:20:21Z,738,16,4,1,2,0,1,1,1,1785495962
2026-07-31T11:20:21Z,739,19,2,7,1,0,1,1,1,1785496796
2026-07-31T11:20:21Z,741,7,1,16,0,0,1,1,1,1785495242
2026-07-31T11:20:21Z,742,6,1,26,3,0,1,1,1,1785495468
2026-07-31T11:20:21Z,743,9,3,8,2,0,1,1,1,1785495111
2026-07-31T11:20:21Z,744,9,3,5,1,0,1,1,1,1785496098
2026-07-31T11:20:21Z,745,14,4,4,1,0,1,1,1,1785495629
2026-07-31T11:20:21Z,746,9,1,12,2,0,1,1,1,1785496426
2026-07-31T11:20:21Z,747,0,0,4,0,0,0,1,1,1783446606
2026-07-31T11:20:21Z,748,10,1,13,0,0,1,1,1,1785496427
2026-07-31T11:20:21Z,749,5,5,17,1,0,1,1,1,1785496342
2026-07-31T11:20:21Z,750,1,1,10,0,0,1,1,1,1785496664
2026-07-31T11:20:21Z,751,9,0,14,0,0,1,1,1,1785496188
2026-07-31T11:20:21Z,752,14,1,2,1,0,1,1,1,1785495135
2026-07-31T11:20:21Z,753,5,0,10,0,0,1,1,1,1785496503
2026-07-31T11:20:21Z,754,2,1,12,1,0,1,1,1,1785496157
2026-07-31T11:20:21Z,755,12,2,10,1,0,1,1,1,1785496296
2026-07-31T11:20:21Z,756,10,5,27,0,0,1,1,1,1785496795
2026-07-31T11:20:21Z,757,16,9,3,0,0,1,1,1,1785496408
2026-07-31T11:20:21Z,758,23,3,0,0,0,1,1,1,1785496021
2026-07-31T11:20:21Z,759,3,2,12,0,0,1,1,1,1785495741
2026-07-31T11:20:21Z,760,8,3,11,0,0,1,1,1,1785488200
2026-07-31T11:20:21Z,761,17,0,5,1,0,1,1,1,1785495051
2026-07-31T11:20:21Z,762,5,3,5,5,0,1,1,1,1785496704
2026-07-31T11:20:21Z,768,8,0,8,3,0,1,1,1,1785495844
2026-07-31T11:20:21Z,769,16,11,3,0,0,1,1,1,1785496810
2026-07-31T11:20:21Z,770,11,3,6,2,0,1,1,1,1785495410
2026-07-31T11:20:21Z,771,13,3,1,1,0,1,1,1,1785496668
2026-07-31T11:20:21Z,772,7,1,8,0,0,1,1,1,1785496655
2026-07-31T11:20:21Z,773,15,4,4,0,0,1,1,1,1785495306
2026-07-31T11:20:21Z,774,11,6,1,3,0,1,1,1,1785496431
2026-07-31T11:20:21Z,775,7,0,10,1,1,1,1,1,1785494713
2026-07-31T11:20:21Z,776,3,1,17,1,0,1,1,1,1785495641
2026-07-31T11:20:21Z,777,10,0,2,3,0,1,1,1,1785495391
2026-07-31T11:20:21Z,778,13,0,3,3,0,1,1,1,1785495505
2026-07-31T11:20:21Z,779,8,1,10,1,0,1,1,1,1785496217
2026-07-31T11:20:21Z,780,18,3,0,1,0,1,1,1,1785496585
2026-07-31T11:20:21Z,781,4,0,4,3,0,1,1,1,1785496141
2026-07-31T11:20:21Z,782,4,3,11,4,0,1,1,1,1785495129
2026-07-31T11:20:21Z,783,6,0,13,0,0,1,1,1,1785496212
2026-07-31T11:20:21Z,784,19,2,0,0,0,1,1,1,1785495821
2026-07-31T11:20:21Z,785,11,2,2,6,0,1,1,1,1785496387
2026-07-31T11:20:21Z,786,12,5,7,0,0,1,1,1,1785496039
2026-07-31T11:20:21Z,787,11,5,2,2,0,1,1,1,1785495668
2026-07-31T11:20:21Z,788,3,0,12,0,0,1,1,1,1785496701
2026-07-31T11:20:21Z,789,8,1,3,4,0,1,1,1,1785495115
2026-07-31T11:20:21Z,790,2,0,21,0,0,1,1,1,1785496061
2026-07-31T11:20:21Z,791,7,1,11,0,1,1,1,1,1785495433
2026-07-31T11:20:21Z,793,4,0,10,1,0,1,1,1,1785495254
2026-07-31T11:20:21Z,794,14,5,13,2,0,1,1,1,1785495876
2026-07-31T11:20:21Z,796,1,0,16,2,0,1,1,1,1785496537
2026-07-31T11:20:21Z,797,2,0,13,0,0,1,1,1,1785494961
2026-07-31T11:20:21Z,798,9,1,15,1,0,1,1,1,1785496727
2026-07-31T11:20:21Z,799,15,1,1,3,0,1,1,1,1785495028
2026-07-31T11:20:21Z,800,4,0,16,1,0,1,1,1,1785496475
2026-07-31T11:20:21Z,801,5,3,14,2,0,1,1,1,1785496652
2026-07-31T11:20:21Z,802,8,0,23,0,0,1,1,1,1785495201
2026-07-31T11:20:21Z,803,1,1,14,0,0,1,1,1,1785496669
2026-07-31T11:20:21Z,806,7,3,8,0,0,1,1,1,1785495653
2026-07-31T11:20:21Z,807,13,0,9,3,0,1,1,1,1785495809
2026-07-31T11:20:21Z,808,0,0,23,2,0,1,1,1,1785488225
2026-07-31T11:20:21Z,809,4,0,18,1,0,1,1,1,1785495038
2026-07-31T11:20:21Z,810,2,0,13,4,0,1,1,1,1785495486
2026-07-31T11:20:21Z,815,3,1,7,4,1,1,1,1,1785495224
2026-07-31T11:20:21Z,817,11,5,4,0,0,1,1,1,1785496186
2026-07-31T11:20:21Z,818,6,0,16,1,0,1,1,1,1785495617
2026-07-31T11:20:21Z,819,6,4,9,0,0,1,1,1,1785487291
2026-07-31T11:20:21Z,820,8,2,9,0,0,1,1,1,1785496100
2026-07-31T11:20:21Z,821,2,1,13,0,0,1,1,1,1785495215
2026-07-31T11:20:21Z,822,3,0,18,2,0,1,1,1,1785496076
2026-07-31T11:20:21Z,823,0,0,14,1,0,1,1,1,1785496501
2026-07-31T11:20:21Z,824,13,5,6,0,0,1,1,1,1785496649
2026-07-31T11:20:21Z,825,8,5,7,0,0,1,1,1,1785495662
2026-07-31T11:20:21Z,826,10,2,7,2,0,1,1,1,1785496695
2026-07-31T11:20:21Z,827,15,4,5,1,0,1,1,1,1785495500
2026-07-31T11:20:21Z,828,10,0,7,1,0,1,1,1,1785495384
2026-07-31T11:20:21Z,829,16,7,11,0,0,1,1,1,1785496243
2026-07-31T11:20:21Z,830,16,3,6,1,0,1,1,1,1785496311
2026-07-31T11:20:21Z,831,6,2,8,1,0,1,1,1,1785496465
2026-07-31T11:20:21Z,832,10,3,5,3,0,1,1,1,1785496739
2026-07-31T11:20:21Z,833,1,0,17,1,0,1,1,1,1785496318
2026-07-31T11:20:21Z,834,2,0,21,1,0,1,1,1,1785496720
2026-07-31T11:20:21Z,835,14,5,2,2,0,1,1,1,1785496302
2026-07-31T11:20:21Z,837,5,1,0,10,0,1,1,1,1785496544
2026-07-31T11:20:21Z,838,13,3,2,0,0,1,1,1,1785496679
2026-07-31T11:20:21Z,839,7,0,22,0,0,1,1,1,1785496578
2026-07-31T11:20:21Z,840,8,4,19,2,0,1,1,1,1785496140
2026-07-31T11:20:21Z,841,7,1,8,0,0,1,1,1,1785496460
2026-07-31T11:20:21Z,842,7,2,16,0,0,1,1,1,1785496275
2026-07-31T11:20:21Z,843,8,0,22,1,0,1,1,1,1785496536
2026-07-31T11:20:21Z,844,6,0,17,0,0,1,1,1,1785496478
2026-07-31T11:20:21Z,845,5,3,12,2,0,1,1,1,1785496653
2026-07-31T11:20:21Z,846,3,0,14,2,0,1,1,1,1785495787
2026-07-31T11:20:21Z,847,7,1,20,0,0,1,1,1,1785495585
2026-07-31T11:20:21Z,848,10,3,8,1,0,1,1,1,1785488215
2026-07-31T11:20:21Z,849,5,1,9,1,0,1,1,1,1785496367
2026-07-31T11:20:21Z,850,8,0,1,2,0,1,1,1,1785496119
2026-07-31T11:20:21Z,851,4,4,31,2,0,1,1,1,1785495750
2026-07-31T11:20:21Z,852,12,6,7,0,0,1,1,1,1785496363
2026-07-31T11:20:21Z,853,10,5,13,0,0,1,1,1,1785495433
2026-07-31T11:20:21Z,854,3,2,12,0,0,1,1,1,1785495490
2026-07-31T11:20:21Z,855,26,0,1,0,0,1,1,1,1785496693
2026-07-31T11:20:21Z,857,2,2,17,0,0,1,1,1,1785496558
2026-07-31T11:20:21Z,858,4,1,14,1,0,1,1,1,1785495211
2026-07-31T11:20:21Z,859,3,0,17,1,0,1,1,1,1785495431
2026-07-31T11:20:21Z,861,8,1,2,1,0,1,1,1,1785488201
2026-07-31T11:20:21Z,862,2,2,13,0,0,1,1,1,1785496490
2026-07-31T11:20:21Z,863,13,0,5,1,0,1,1,1,1785488200
2026-07-31T11:20:21Z,866,11,3,8,0,0,1,1,1,1785496802
2026-07-31T11:20:21Z,867,12,0,3,0,0,1,1,1,1785496103
2026-07-31T11:20:21Z,868,13,2,2,0,0,1,1,1,1785496319
2026-07-31T11:20:21Z,870,7,4,6,2,0,1,1,1,1785496538
2026-07-31T11:20:21Z,871,0,0,10,1,0,1,1,1,1785495908
2026-07-31T11:20:21Z,872,0,0,14,1,0,1,1,1,1785496454
2026-07-31T11:20:21Z,873,2,1,30,1,0,1,1,1,1785496465
2026-07-31T11:20:21Z,874,4,2,8,3,0,1,1,1,1785496642
2026-07-31T11:20:21Z,875,14,10,0,1,0,1,1,1,1785496610
2026-07-31T11:20:21Z,877,11,10,6,2,0,1,1,1,1785496072
2026-07-31T11:20:21Z,878,4,3,14,1,0,1,1,1,1785496652
2026-07-31T11:20:21Z,879,1,0,18,0,0,1,1,1,1785495693
2026-07-31T11:20:21Z,880,1,0,21,1,0,1,1,1,1785496612
2026-07-31T11:20:21Z,881,1,0,18,0,0,1,1,1,1785496506
2026-07-31T11:20:21Z,882,10,0,6,3,0,1,1,1,1785488200
2026-07-31T11:20:21Z,883,10,6,9,0,0,1,1,1,1785496765
2026-07-31T11:20:21Z,884,11,7,10,0,0,1,1,1,1785496065
2026-07-31T11:20:21Z,885,1,0,18,0,0,1,1,1,1785496347
2026-07-31T11:20:21Z,886,16,1,11,2,0,1,1,1,1785496686
2026-07-31T11:20:21Z,887,3,1,11,3,0,1,1,1,1785495241
2026-07-31T11:20:21Z,888,7,0,32,1,1,1,1,1,1785496803
2026-07-31T11:20:21Z,889,15,0,2,2,0,1,1,1,1785496650
2026-07-31T11:20:21Z,890,6,4,9,0,0,1,1,1,1785489632
2026-07-31T11:20:21Z,891,20,0,2,1,0,1,1,1,1785496801
2026-07-31T11:20:21Z,892,13,1,2,0,0,1,1,1,1785488200
2026-07-31T11:20:21Z,895,0,0,18,1,0,1,1,1,1785489208
2026-07-31T11:20:21Z,896,6,0,29,0,0,1,1,1,1785493238
2026-07-31T11:20:21Z,897,11,1,10,0,0,1,1,1,1785496546
2026-07-31T11:20:21Z,898,2,0,17,0,0,1,1,1,1785496266
2026-07-31T11:20:21Z,899,0,0,18,1,0,1,1,1,1785495498
2026-07-31T11:20:21Z,900,14,0,11,2,0,1,1,1,1785496710
2026-07-31T11:20:21Z,901,10,0,8,1,0,1,1,1,1785496281
2026-07-31T11:20:21Z,902,8,0,6,1,0,1,1,1,1785496405
2026-07-31T11:20:21Z,903,13,2,5,1,0,1,1,1,1785496108
2026-07-31T11:20:21Z,904,10,4,8,1,0,1,1,1,1785496657
2026-07-31T11:20:21Z,905,7,1,20,0,0,1,1,1,1785496766
2026-07-31T11:20:21Z,906,6,3,21,0,0,1,1,1,1785496584
2026-07-31T11:20:21Z,907,7,2,24,0,0,1,1,1,1785496099
2026-07-31T11:20:21Z,908,10,0,13,0,0,1,1,1,1785496647
2026-07-31T11:20:21Z,909,11,2,11,1,0,1,1,1,1785496484
2026-07-31T11:20:21Z,910,27,1,4,0,0,1,1,1,1785496580
2026-07-31T11:20:21Z,911,4,1,15,0,0,1,1,1,1785496199
2026-07-31T11:20:21Z,912,13,4,8,2,0,1,1,1,1785495869
2026-07-31T11:20:21Z,913,3,1,16,0,0,1,1,1,1785495367
2026-07-31T11:20:21Z,914,8,2,11,0,0,1,1,1,1785496717
2026-07-31T11:20:21Z,915,10,1,12,1,0,1,1,1,1785496762
2026-07-31T11:20:21Z,916,21,7,1,1,0,1,1,1,1785496810
2026-07-31T11:20:21Z,917,11,3,22,2,0,1,1,1,1785495985
2026-07-31T11:20:21Z,918,12,2,5,2,0,1,1,1,1785496570
2026-07-31T11:20:21Z,919,14,0,23,2,0,1,1,1,1785496806
2026-07-31T11:20:21Z,920,4,2,15,0,0,1,1,1,1785495178
2026-07-31T11:20:21Z,921,12,0,9,0,0,1,1,1,1785496336
2026-07-31T11:20:21Z,922,3,0,17,1,0,1,1,1,1785496522
2026-07-31T11:20:21Z,923,16,1,3,0,0,1,1,1,1785496791
2026-07-31T11:20:21Z,924,8,2,13,0,0,1,1,1,1785495533
2026-07-31T11:20:21Z,925,13,0,8,0,0,1,1,1,1785495000
2026-07-31T11:20:21Z,926,2,1,19,0,0,1,1,1,1785496231
2026-07-31T11:20:21Z,927,3,0,32,0,0,1,1,1,1785496116
2026-07-31T11:20:21Z,928,5,3,14,0,0,0,1,1,1785464301
2026-07-31T11:20:21Z,929,0,0,23,0,0,1,1,1,1785495970
2026-07-31T11:20:21Z,930,0,0,30,1,0,1,1,1,1785496577
2026-07-31T11:20:21Z,931,9,6,14,0,0,1,1,1,1785496336
2026-07-31T11:20:21Z,932,3,0,13,3,0,1,1,1,1785496720
2026-07-31T11:20:21Z,933,0,0,23,0,0,1,1,1,1785495120
2026-07-31T11:20:21Z,934,4,0,26,1,0,1,1,1,1785496325
2026-07-31T11:20:21Z,935,15,5,3,1,0,1,1,1,1785495814
2026-07-31T11:20:21Z,936,4,1,15,0,0,1,1,1,1785456801
2026-07-31T11:20:21Z,940,9,0,2,0,0,1,1,1,1785494277
2026-07-31T11:20:21Z,941,7,1,16,2,0,1,1,1,1785495714
2026-07-31T11:20:21Z,942,5,0,15,1,0,1,1,1,1785495645
2026-07-31T11:20:21Z,943,9,8,6,0,0,1,1,1,1785496563
2026-07-31T11:20:21Z,944,9,8,6,0,0,1,1,1,1785496383
2026-07-31T11:20:21Z,945,10,8,5,0,0,1,1,1,1785495897
2026-07-31T11:20:21Z,946,7,5,12,0,0,1,1,1,1785487593
2026-07-31T11:20:21Z,947,7,5,10,0,0,1,1,1,1785496396
2026-07-31T11:20:21Z,948,24,8,2,5,0,1,1,1,1785495734
2026-07-31T11:20:21Z,949,3,3,12,0,0,1,1,1,1785496573
2026-07-31T11:20:21Z,950,12,4,4,1,0,1,1,1,1785496408
2026-07-31T11:20:21Z,951,18,4,4,1,0,1,1,1,1785496622
2026-07-31T11:20:21Z,952,16,3,39,0,0,1,1,1,1785496764
2026-07-31T11:20:21Z,953,12,1,2,1,0,1,1,1,1785496494
2026-07-31T11:20:21Z,954,17,5,2,0,0,1,1,1,1785496515
2026-07-31T11:20:21Z,955,4,3,17,6,0,1,1,1,1785495493
2026-07-31T11:20:21Z,956,21,0,1,1,0,1,1,1,1785496445
2026-07-31T11:20:21Z,957,15,0,14,0,0,1,1,1,1785495812
2026-07-31T11:20:21Z,958,18,1,13,0,0,1,1,1,1785496336
2026-07-31T11:20:21Z,959,19,8,1,3,0,1,1,1,1785496297
2026-07-31T11:20:21Z,960,20,0,2,1,0,1,1,1,1785496780
2026-07-31T11:20:21Z,961,2,2,18,3,0,1,1,1,1785496124
2026-07-31T11:20:21Z,962,9,3,23,3,0,1,1,1,1785495584
2026-07-31T11:20:21Z,963,10,0,12,1,0,1,1,1,1785496496
2026-07-31T11:20:21Z,964,17,8,5,1,0,1,1,1,1785496142
2026-07-31T11:20:21Z,965,6,2,20,1,0,1,1,1,1785496610
2026-07-31T11:20:21Z,966,24,0,7,0,0,1,1,1,1785496024
2026-07-31T11:20:21Z,967,17,0,3,1,0,1,1,1,1785496749
2026-07-31T11:20:21Z,968,14,0,4,1,0,1,1,1,1785496603
2026-07-31T11:20:21Z,969,12,7,13,2,0,1,1,1,1785496320
2026-07-31T11:20:21Z,970,11,1,6,2,0,1,1,1,1785496729
2026-07-31T11:20:21Z,971,10,0,12,1,0,1,1,1,1785496704
2026-07-31T11:20:21Z,972,9,1,13,1,0,1,1,1,1785496373
2026-07-31T11:20:21Z,973,8,4,14,1,0,1,1,1,1785495889
2026-07-31T11:20:21Z,974,13,0,14,0,0,1,1,1,1785495829
2026-07-31T11:20:21Z,977,7,7,11,3,0,1,1,1,1785496635
2026-07-31T11:20:21Z,978,11,0,12,0,0,1,1,1,1785495689
2026-07-31T11:20:21Z,979,12,0,5,0,0,1,1,1,1785496288
2026-07-31T11:20:21Z,980,3,0,16,2,0,1,1,1,1785496450
2026-07-31T11:20:21Z,981,19,0,1,1,0,1,1,1,1785496135
2026-07-31T11:20:21Z,982,3,1,14,2,0,1,1,1,1785496433
2026-07-31T11:20:21Z,983,2,1,20,1,0,1,1,1,1785495041
2026-07-31T11:20:21Z,984,6,0,17,0,0,1,1,1,1785496554
2026-07-31T11:20:21Z,985,13,0,18,0,0,1,1,1,1785496157
2026-07-31T11:20:21Z,986,4,0,15,0,0,1,1,1,1785496430
2026-07-31T11:20:21Z,987,6,0,16,1,0,1,1,1,1785495159
2026-07-31T11:20:21Z,988,5,1,13,1,0,1,1,1,1785496586
2026-07-31T11:20:21Z,989,9,4,10,0,0,1,1,1,1785495574
2026-07-31T11:20:21Z,990,13,1,0,2,0,1,1,1,1785496628
2026-07-31T11:20:21Z,991,10,2,8,1,0,1,1,1,1785496303
2026-07-31T11:20:21Z,992,10,7,12,1,0,1,1,1,1785495363
2026-07-31T11:20:21Z,993,0,0,27,0,0,1,1,1,1785476008
2026-07-31T11:20:21Z,994,3,1,18,0,0,1,1,1,1785495577
2026-07-31T11:20:21Z,995,7,1,20,0,0,1,1,1,1785496616
2026-07-31T11:20:21Z,996,8,1,15,0,0,1,1,1,1785496415
2026-07-31T11:20:21Z,997,10,5,10,3,0,1,1,1,1785496737
2026-07-31T11:20:21Z,998,3,3,19,1,0,1,1,1,1785496728
2026-07-31T11:20:21Z,999,2,0,16,2,1,1,1,1,1785496496
2026-07-31T11:20:21Z,1000,5,2,16,0,0,1,1,1,1785495478
2026-07-31T11:20:21Z,1001,2,1,25,0,0,1,1,1,1785496756
2026-07-31T11:20:21Z,1002,0,0,27,4,0,1,1,1,1785496765
2026-07-31T11:20:21Z,1003,0,0,22,1,0,1,1,1,1785496375
2026-07-31T11:20:21Z,1004,8,1,15,0,0,1,1,1,1785495816
2026-07-31T11:20:21Z,1005,20,1,3,0,0,1,1,1,1785496564
2026-07-31T11:20:21Z,1006,7,4,11,1,0,1,1,1,1785496395
2026-07-31T11:20:21Z,1007,2,1,19,0,0,1,1,1,1785496028
2026-07-31T11:20:21Z,1008,6,5,15,2,0,1,1,1,1785495538
2026-07-31T11:20:21Z,1009,19,2,8,4,0,1,1,1,1785495405
2026-07-31T11:20:21Z,1010,7,2,20,0,0,1,1,1,1785496241
2026-07-31T11:20:21Z,1011,7,2,10,2,0,1,1,1,1785496767
2026-07-31T11:20:21Z,1012,4,3,18,1,0,1,1,1,1785496332
2026-07-31T11:20:21Z,1013,4,1,18,1,0,1,1,1,1785496744
2026-07-31T11:20:21Z,1014,7,2,13,3,0,1,1,1,1785495033
2026-07-31T11:20:21Z,1015,3,1,25,3,0,1,1,1,1785495318
2026-07-31T11:20:21Z,1016,10,5,21,0,0,1,1,1,1785496465
2026-07-31T11:20:21Z,1017,14,5,7,0,0,1,1,1,1785495735
2026-07-31T11:20:21Z,1018,7,2,15,0,0,1,1,1,1785496417
2026-07-31T11:20:21Z,1019,9,6,6,0,0,1,1,1,1785496337
2026-07-31T11:20:21Z,1020,18,3,3,0,0,1,1,1,1785495605
2026-07-31T11:20:21Z,1021,9,3,5,1,0,1,1,1,1785495324
2026-07-31T11:20:21Z,1022,14,0,13,0,0,1,1,1,1785496517
2026-07-31T11:20:21Z,1023,13,1,9,1,0,1,1,1,1785496155
2026-07-31T11:20:21Z,1024,5,2,13,1,0,1,1,1,1785495332
2026-07-31T11:20:21Z,1025,4,0,14,0,1,1,1,1,1785496485
2026-07-31T11:20:21Z,1026,7,4,18,6,0,1,1,1,1785495687
2026-07-31T11:20:21Z,1028,2,0,20,1,0,1,1,1,1785496509
2026-07-31T11:20:21Z,1029,9,9,5,1,0,1,1,1,1785495621
2026-07-31T11:20:21Z,1030,14,5,9,0,0,1,1,1,1785495375
2026-07-31T11:20:21Z,1031,8,0,11,0,0,1,1,1,1785495734
2026-07-31T11:20:21Z,1032,7,1,12,0,0,1,1,1,1785496399
2026-07-31T11:20:21Z,1033,9,5,8,2,0,1,1,1,1785495398
2026-07-31T11:20:21Z,1034,2,0,13,0,0,1,1,1,1785496408
2026-07-31T11:20:21Z,1035,1,0,16,2,0,1,1,1,1785496450
2026-07-31T11:20:21Z,1036,14,0,1,0,0,1,1,1,1785495175
2026-07-31T11:20:21Z,1037,6,1,13,0,0,1,1,1,1785496613
2026-07-31T11:20:21Z,1038,2,0,12,1,0,1,1,1,1785496107
2026-07-31T11:20:21Z,1039,7,2,12,0,0,1,1,1,1785496554
2026-07-31T11:20:21Z,1040,7,3,10,2,0,1,1,1,1785496440
2026-07-31T11:20:21Z,1041,11,3,8,0,0,1,1,1,1785496319
2026-07-31T11:20:21Z,1042,12,1,1,2,0,1,1,1,1785496566
2026-07-31T11:20:21Z,1043,10,0,6,3,0,1,1,1,1785496474
2026-07-31T11:20:21Z,1044,1,0,13,1,0,1,1,1,1785496162
2026-07-31T11:20:21Z,1045,10,0,9,0,0,1,1,1,1785496386
2026-07-31T11:20:21Z,1046,8,0,7,0,0,1,1,1,1785495785
2026-07-31T11:20:21Z,1047,5,0,16,0,0,1,1,1,1785495753
2026-07-31T11:20:21Z,1048,10,1,9,0,0,1,1,1,1785496364
2026-07-31T11:20:21Z,1049,5,0,16,0,0,1,1,1,1785496435
2026-07-31T11:20:21Z,1050,17,4,4,0,0,1,1,1,1785495713
2026-07-31T11:20:21Z,1051,8,3,13,0,0,1,1,1,1785495603
2026-07-31T11:20:21Z,1052,17,2,5,0,0,1,1,1,1785496230
2026-07-31T11:20:21Z,1053,2,1,13,0,0,1,1,1,1785496287
2026-07-31T11:20:21Z,1054,14,1,1,0,0,1,1,1,1785496547
2026-07-31T11:20:21Z,1055,7,1,12,0,0,1,1,1,1785496531
2026-07-31T11:20:21Z,1057,16,0,2,1,0,1,1,1,1785496781
2026-07-31T11:20:21Z,1058,6,0,49,1,0,1,1,1,1785496527
2026-07-31T11:20:21Z,1059,0,0,18,1,0,1,1,1,1785496418
2026-07-31T11:20:21Z,1060,31,0,6,0,0,1,1,1,1785495425
2026-07-31T11:20:21Z,1061,13,1,23,1,0,1,1,1,1785496685
2026-07-31T11:20:21Z,1062,4,2,13,0,0,1,1,1,1785495641
2026-07-31T11:20:21Z,1063,12,1,6,1,0,1,1,1,1785496442
2026-07-31T11:20:21Z,1064,3,0,19,1,0,1,1,1,1785496778
2026-07-31T11:20:21Z,1065,16,3,7,0,0,1,1,1,1785495203
2026-07-31T11:20:21Z,1066,10,2,13,0,0,1,1,1,1785495027
2026-07-31T11:20:21Z,1067,8,2,13,2,0,1,1,1,1785495295
2026-07-31T11:20:21Z,1068,8,2,13,2,0,1,1,1,1785496609
2026-07-31T11:20:21Z,1069,12,3,11,0,0,1,1,1,1785496654
2026-07-31T11:20:21Z,1070,12,2,11,0,0,1,1,1,1785496750
2026-07-31T11:20:21Z,1071,7,4,16,0,0,1,1,1,1785496789
2026-07-31T11:20:21Z,1072,11,1,11,1,0,1,1,1,1785495366
2026-07-31T11:20:21Z,1073,21,2,5,1,0,1,1,1,1785496094
2026-07-31T11:20:21Z,1074,1,0,51,1,0,1,1,1,1785496765
2026-07-31T11:20:21Z,1075,10,10,11,0,0,1,1,1,1785496158
2026-07-31T11:20:21Z,1076,15,12,6,0,0,1,1,1,1785495595
2026-07-31T11:20:21Z,1077,8,5,13,0,0,1,1,1,1785496376
2026-07-31T11:20:21Z,1078,11,10,10,0,0,1,1,1,1785495638
2026-07-31T11:20:21Z,1079,11,8,10,0,0,1,1,1,1785496264
2026-07-31T11:20:21Z,1080,10,8,10,1,0,1,1,1,1785495049
2026-07-31T11:20:21Z,1081,13,8,6,0,0,1,1,1,1785495433
2026-07-31T11:20:21Z,1082,7,7,1,0,0,1,1,1,1785496719
2026-07-31T11:20:21Z,1083,13,11,8,0,0,1,1,1,1785496535
2026-07-31T11:20:21Z,1084,9,8,12,0,0,1,1,1,1785496151
2026-07-31T11:20:21Z,1085,10,10,11,0,0,1,1,1,1785495802
2026-07-31T11:20:21Z,1086,0,0,20,1,0,1,1,1,1785496505
2026-07-31T11:20:21Z,1087,12,7,3,0,0,1,1,1,1785495685
2026-07-31T11:20:21Z,1088,10,7,5,0,0,1,1,1,1785496446
2026-07-31T11:20:21Z,1089,5,3,10,0,0,1,1,1,1785496797
2026-07-31T11:20:21Z,1090,9,8,6,0,0,1,1,1,1785496692
2026-07-31T11:20:21Z,1091,12,7,3,0,0,1,1,1,1785495427
2026-07-31T11:20:21Z,1092,9,9,5,1,0,1,1,1,1785496789
2026-07-31T11:20:21Z,1093,7,6,8,0,0,1,1,1,1785495335
2026-07-31T11:20:21Z,1094,11,9,7,1,0,1,1,1,1785496444
2026-07-31T11:20:21Z,1095,8,7,7,0,0,1,1,1,1785495275
2026-07-31T11:20:21Z,1096,3,1,15,1,0,1,1,1,1785496762
2026-07-31T11:20:21Z,1097,9,9,6,0,0,1,1,1,1785495160
2026-07-31T11:20:21Z,1098,9,7,10,0,0,1,1,1,1785495503
2026-07-31T11:20:21Z,1099,7,6,8,0,0,1,1,1,1785496233
2026-07-31T11:20:21Z,1100,8,4,21,0,0,1,1,1,1785493678
2026-07-31T11:20:21Z,1101,9,5,12,0,0,1,1,1,1785496129
2026-07-31T11:20:21Z,1102,9,4,4,0,0,1,1,1,1785495408
2026-07-31T11:20:21Z,1103,10,5,11,0,0,1,1,1,1785487895
2026-07-31T11:20:21Z,1104,10,5,11,0,0,1,1,1,1785495885
2026-07-31T11:20:21Z,1105,8,4,5,0,0,1,1,1,1785495294
2026-07-31T11:20:21Z,1106,10,5,11,0,0,1,1,1,1785496225
2026-07-31T11:20:21Z,1107,9,5,6,0,0,1,1,1,1785496511
2026-07-31T11:20:21Z,1108,8,4,16,2,1,1,1,1,1785495198
2026-07-31T11:20:21Z,1109,6,1,9,0,0,1,1,1,1785496465
2026-07-31T11:20:21Z,1110,12,4,9,0,0,1,1,1,1785495753
2026-07-31T11:20:21Z,1111,3,2,18,0,0,1,1,1,1785475740
2026-07-31T11:20:21Z,1112,37,0,16,0,0,1,1,1,1785496341
2026-07-31T11:20:21Z,1113,2,0,19,0,0,1,1,1,1785496573
2026-07-31T11:20:21Z,1115,17,5,3,3,0,1,1,1,1785495105
2026-07-31T11:20:21Z,1116,5,1,14,0,0,1,1,1,1785496418
2026-07-31T11:20:21Z,1117,16,4,6,1,0,1,1,1,1785496804
2026-07-31T11:20:21Z,1118,17,1,2,2,0,1,1,1,1785496232
2026-07-31T11:20:21Z,1119,12,1,5,0,0,1,1,1,1785496489
2026-07-31T11:20:21Z,1120,13,0,6,0,0,1,1,1,1785496502
2026-07-31T11:20:21Z,1121,11,1,7,3,0,1,1,1,1785496565
2026-07-31T11:20:21Z,1122,13,8,5,3,0,1,1,1,1785496454
2026-07-31T11:20:21Z,1123,6,2,15,2,0,1,1,1,1785496773
2026-07-31T11:20:21Z,1124,9,1,1,5,0,1,1,1,1785496232
2026-07-31T11:20:21Z,1125,15,1,8,0,0,1,1,1,1785496705
2026-07-31T11:20:21Z,1126,3,0,17,1,0,1,1,1,1785495931
2026-07-31T11:20:21Z,1127,5,0,13,1,0,1,1,1,1785496738
2026-07-31T11:20:21Z,1128,14,2,0,1,0,1,1,1,1785496417
2026-07-31T11:20:21Z,1129,1,1,19,1,0,1,1,1,1785496146
2026-07-31T11:20:21Z,1130,13,0,2,0,0,1,1,1,1785496708
2026-07-31T11:20:21Z,1131,1,0,47,1,0,1,1,1,1785496466
2026-07-31T11:20:21Z,1132,14,6,6,1,0,1,1,1,1785496214
2026-07-31T11:20:21Z,1133,16,13,4,1,0,1,1,1,1785496569
2026-07-31T11:20:21Z,1134,10,5,9,0,0,1,1,1,1785495109
2026-07-31T11:20:21Z,1135,10,5,11,0,0,1,1,1,1785496024
2026-07-31T11:20:21Z,1136,6,0,17,0,0,1,1,1,1785496596
2026-07-31T11:20:21Z,1137,12,0,3,0,0,1,1,1,1785496727
2026-07-31T11:20:21Z,1138,16,3,3,0,0,1,1,1,1785496379
2026-07-31T11:20:21Z,1139,17,4,3,1,0,1,1,1,1785495090
2026-07-31T11:20:21Z,1140,21,1,1,1,0,1,1,1,1785496661
2026-07-31T11:20:21Z,1141,4,0,17,0,0,1,1,1,1785496092
2026-07-31T11:20:21Z,1142,2,0,19,0,0,1,1,1,1785495239
2026-07-31T11:20:21Z,1143,18,0,10,1,0,1,1,1,1785495981
2026-07-31T11:20:21Z,1144,7,1,13,1,0,1,1,1,1785496657
2026-07-31T11:20:21Z,1145,13,6,7,1,0,1,1,1,1785496803
2026-07-31T11:20:21Z,1146,5,0,11,3,0,1,1,1,1785496723
2026-07-31T11:20:21Z,1147,4,0,15,0,0,1,1,1,1785496344
2026-07-31T11:20:21Z,1148,22,6,9,0,0,1,1,1,1785496647
2026-07-31T11:20:21Z,1149,4,3,21,0,0,1,1,1,1785496077
2026-07-31T11:20:21Z,1150,15,0,4,0,0,1,1,1,1785496526
2026-07-31T11:20:21Z,1151,12,0,9,0,0,1,1,1,1785495250
2026-07-31T11:20:21Z,1152,21,0,8,0,0,1,1,1,1785496793
2026-07-31T11:20:21Z,1153,20,6,2,1,0,1,1,1,1785495139
2026-07-31T11:20:21Z,1154,13,1,6,0,0,1,1,1,1785495844
2026-07-31T11:20:21Z,1155,16,7,4,1,0,1,1,1,1785496413
2026-07-31T11:20:21Z,1158,3,0,15,1,0,1,1,1,1785496307
2026-07-31T11:20:21Z,1159,13,1,6,0,0,1,1,1,1785496663
2026-07-31T11:20:21Z,1160,8,1,10,1,0,1,1,1,1785495581
2026-07-31T11:20:21Z,1161,3,0,15,1,0,1,1,1,1785496798
2026-07-31T11:20:21Z,1162,2,1,17,0,0,1,1,1,1785495232
2026-07-31T11:20:21Z,1163,1,1,17,1,0,1,1,1,1785496425
2026-07-31T11:20:21Z,1164,6,1,13,0,0,1,1,1,1785496482
2026-07-31T11:20:21Z,1165,5,0,16,0,0,1,1,1,1785495401
2026-07-31T11:20:21Z,1166,12,2,8,1,0,1,1,1,1785496734
2026-07-31T11:20:21Z,1167,4,0,11,0,0,1,1,1,1785496187
2026-07-31T11:20:21Z,1168,1,1,21,1,0,1,1,1,1785496683
2026-07-31T11:20:21Z,1169,3,0,15,1,0,1,1,1,1785496330
2026-07-31T11:20:21Z,1170,6,0,14,1,0,1,1,1,1785496703
2026-07-31T11:20:21Z,1171,7,6,15,1,0,1,1,1,1785496379
2026-07-31T11:20:21Z,1172,6,2,7,2,0,1,1,1,1785496602
2026-07-31T11:20:21Z,1173,13,5,6,0,0,1,1,1,1785496579
2026-07-31T11:20:21Z,1174,6,3,9,0,0,1,1,1,1785496256
2026-07-31T11:20:21Z,1175,5,3,14,0,0,1,1,1,1785496110
2026-07-31T11:20:21Z,1176,19,1,2,0,0,1,1,1,1785495785
2026-07-31T11:20:21Z,1177,3,1,18,0,0,1,1,1,1785495709
2026-07-31T11:20:21Z,1178,2,1,13,0,0,1,1,1,1785496220
2026-07-31T11:20:21Z,1181,11,0,3,1,0,1,1,1,1785492552
2026-07-31T11:20:21Z,1182,2,0,18,0,0,1,1,1,1785495794
2026-07-31T11:20:21Z,1183,8,1,35,2,0,1,1,1,1785496595
2026-07-31T11:20:21Z,1184,11,5,9,1,0,1,1,1,1785495891
2026-07-31T11:20:21Z,1185,10,5,11,0,0,1,1,1,1785495839
2026-07-31T11:20:21Z,1186,9,5,10,0,0,1,1,1,1785495032
2026-07-31T11:20:21Z,1187,12,6,8,1,0,1,1,1,1785495374
2026-07-31T11:20:21Z,1188,10,5,5,0,0,1,1,1,1785496516
2026-07-31T11:20:21Z,1189,10,5,9,0,0,1,1,1,1785496608
2026-07-31T11:20:21Z,1190,9,5,12,0,0,1,1,1,1785496005
2026-07-31T11:20:21Z,1191,10,5,5,0,0,1,1,1,1785496523
2026-07-31T11:20:21Z,1192,10,6,10,1,0,1,1,1,1785496372
2026-07-31T11:20:21Z,1193,6,4,5,2,0,1,1,1,1785495542
2026-07-31T11:20:21Z,1197,9,6,7,1,0,1,1,1,1785495489
2026-07-31T11:20:21Z,1198,14,4,5,2,0,1,1,1,1785495080
2026-07-31T11:20:21Z,1199,2,0,17,0,0,1,1,1,1785495091
2026-07-31T11:20:21Z,1200,10,5,5,0,0,1,1,1,1785496558
2026-07-31T11:20:21Z,1201,10,5,5,0,0,1,1,1,1785496536
2026-07-31T11:20:21Z,1202,10,5,5,0,0,1,1,1,1785496637
2026-07-31T11:20:21Z,1203,10,5,5,0,0,1,1,1,1785496534
2026-07-31T11:20:21Z,1204,8,4,11,0,0,1,1,1,1785496774
2026-07-31T11:20:21Z,1206,11,5,10,0,0,1,1,1,1785495503
2026-07-31T11:20:21Z,1207,8,4,6,1,0,1,1,1,1785495035
2026-07-31T11:20:21Z,1208,8,3,11,0,0,1,1,1,1785496762
2026-07-31T11:20:21Z,1216,7,0,13,1,0,1,1,1,1785495732
2026-07-31T11:20:21Z,1218,4,0,17,0,0,1,1,1,1785496126
2026-07-31T11:20:21Z,1219,6,1,8,1,0,1,1,1,1785496161
2026-07-31T11:20:21Z,1220,14,7,4,1,0,1,1,1,1785495931
2026-07-31T11:20:21Z,1221,1,1,19,1,0,1,1,1,1785495439
2026-07-31T11:20:21Z,1222,27,0,2,0,0,1,1,1,1785496533
2026-07-31T11:20:21Z,1223,22,0,7,0,0,1,1,1,1785496231
2026-07-31T11:20:21Z,1226,0,0,3,0,0,0,1,1,1781868931
2026-07-31T11:20:21Z,1227,21,1,4,0,0,1,1,1,1785496225
2026-07-31T11:20:21Z,1228,15,0,13,1,0,1,1,1,1785495502
2026-07-31T11:20:21Z,1229,35,1,10,0,0,1,1,1,1785496251
2026-07-31T11:25:21Z,1,4,0,19,0,0,1,1,1,1785496706
2026-07-31T11:25:21Z,2,19,0,5,3,0,1,1,1,1785496778
2026-07-31T11:25:21Z,3,9,0,4,1,0,1,1,1,1785497060
2026-07-31T11:25:21Z,4,2,1,19,1,0,1,1,1,1785496749
2026-07-31T11:25:21Z,5,10,3,12,1,0,1,1,1,1785495606
2026-07-31T11:25:21Z,6,5,0,10,0,0,1,1,1,1785496938
2026-07-31T11:25:21Z,7,2,0,37,0,0,1,1,1,1785496278
2026-07-31T11:25:21Z,8,5,2,38,0,0,1,1,1,1785496647
2026-07-31T11:25:21Z,9,2,1,20,1,0,1,1,1,1785495678
2026-07-31T11:25:21Z,10,0,0,21,2,0,1,1,1,1785496277
2026-07-31T11:25:21Z,11,15,5,3,1,0,1,1,1,1785496865
2026-07-31T11:25:21Z,12,0,0,23,0,0,1,1,1,1785490105
2026-07-31T11:25:21Z,13,11,0,19,0,0,1,1,1,1785488834
2026-07-31T11:25:21Z,14,4,0,38,0,1,1,1,1,1785494830
2026-07-31T11:25:21Z,15,2,0,13,0,0,1,1,1,1785496271
2026-07-31T11:25:21Z,16,8,0,16,2,1,1,1,1,1785487292
2026-07-31T11:25:21Z,17,4,0,22,1,0,1,1,1,1785496946
2026-07-31T11:25:21Z,18,5,0,11,2,0,1,1,1,1785496696
2026-07-31T11:25:21Z,19,11,0,15,1,0,1,1,1,1785496645
2026-07-31T11:25:21Z,20,30,0,5,0,0,1,1,1,1785497064
2026-07-31T11:25:21Z,21,7,0,11,1,0,1,1,1,1785497096
2026-07-31T11:25:21Z,22,21,0,43,1,0,1,1,1,1785497072
2026-07-31T11:25:21Z,23,13,5,18,0,0,1,1,1,1785497060
2026-07-31T11:25:21Z,24,1,0,8,2,0,1,1,1,1785497103
2026-07-31T11:25:21Z,25,3,2,77,0,1,1,1,1,1785496800
2026-07-31T11:25:21Z,26,0,0,27,0,0,1,1,1,1785496791
2026-07-31T11:25:21Z,28,11,3,4,0,0,1,1,1,1785495670
2026-07-31T11:25:21Z,30,2,0,26,1,0,1,1,1,1785496613
2026-07-31T11:25:21Z,31,0,0,17,2,0,1,1,1,1785496950
2026-07-31T11:25:21Z,32,14,0,13,0,0,1,1,1,1785496942
2026-07-31T11:25:21Z,34,8,2,28,1,0,1,1,1,1785496449
2026-07-31T11:25:21Z,35,7,3,39,1,0,1,1,1,1785496864
2026-07-31T11:25:21Z,36,0,0,0,0,0,0,1,1,86400
2026-07-31T11:25:21Z,37,1,0,22,0,0,1,1,1,1785495848
2026-07-31T11:25:21Z,38,6,0,17,0,0,1,1,1,1785497057
2026-07-31T11:25:21Z,39,22,5,17,0,0,1,1,1,1785495289
2026-07-31T11:25:21Z,40,20,1,0,1,0,1,1,1,1785496581
2026-07-31T11:25:21Z,41,6,3,36,1,0,1,1,1,1785495782
2026-07-31T11:25:21Z,42,31,8,0,0,0,1,1,1,1785472558
2026-07-31T11:25:21Z,43,5,0,18,0,0,1,1,1,1785490390
2026-07-31T11:25:21Z,45,6,3,22,1,0,1,1,1,1785496085
2026-07-31T11:25:21Z,46,10,0,21,0,0,1,1,1,1785496937
2026-07-31T11:25:21Z,47,10,6,4,1,0,1,1,1,1785495668
2026-07-31T11:25:21Z,48,4,0,23,0,0,1,1,1,1785496252
2026-07-31T11:25:21Z,49,5,0,15,3,0,1,1,1,1785497109
2026-07-31T11:25:21Z,50,18,11,1,0,0,1,1,1,1785495744
2026-07-31T11:25:21Z,51,67,0,10,0,0,1,1,1,1785496670
2026-07-31T11:25:21Z,52,2,0,22,3,0,1,1,1,1785497009
2026-07-31T11:25:21Z,55,1,1,22,0,0,1,1,1,1785496529
2026-07-31T11:25:21Z,56,3,0,40,0,0,1,1,1,1785495988
2026-07-31T11:25:21Z,57,0,0,27,0,0,1,1,1,1785494456
2026-07-31T11:25:21Z,58,2,1,26,0,0,1,1,1,1785495616
2026-07-31T11:25:21Z,59,8,0,17,2,0,1,1,1,1785496902
2026-07-31T11:25:21Z,61,3,1,36,0,0,1,1,1,1785496753
2026-07-31T11:25:21Z,62,10,4,38,1,0,1,1,1,1785496991
2026-07-31T11:25:21Z,63,11,0,8,0,0,1,1,1,1785496219
2026-07-31T11:25:21Z,64,10,1,5,4,0,1,1,1,1785493091
2026-07-31T11:25:21Z,65,16,7,2,1,0,1,1,1,1785491350
2026-07-31T11:25:21Z,67,17,0,22,0,0,1,1,1,1785496634
2026-07-31T11:25:21Z,68,3,1,34,0,0,1,1,1,1785496918
2026-07-31T11:25:21Z,69,11,0,4,0,0,1,1,1,1785496678
2026-07-31T11:25:21Z,71,2,0,24,1,0,1,1,1,1785496823
2026-07-31T11:25:21Z,72,21,6,8,2,0,1,1,1,1785497036
2026-07-31T11:25:21Z,73,8,0,23,0,0,1,1,1,1785497080
2026-07-31T11:25:21Z,74,11,5,8,0,0,1,1,1,1785495797
2026-07-31T11:25:21Z,75,4,0,27,1,0,1,1,1,1785495138
2026-07-31T11:25:21Z,76,7,0,11,1,0,1,1,1,1785497107
2026-07-31T11:25:21Z,77,24,0,2,1,0,1,1,1,1785494000
2026-07-31T11:25:21Z,78,9,4,13,1,0,1,1,1,1785496859
2026-07-31T11:25:21Z,79,2,2,14,1,0,1,1,1,1785496351
2026-07-31T11:25:21Z,80,17,1,3,3,0,1,1,1,1785497082
2026-07-31T11:25:21Z,81,5,1,26,0,0,1,1,1,1785495915
2026-07-31T11:25:21Z,82,14,1,9,0,0,1,1,1,1785497064
2026-07-31T11:25:21Z,83,7,2,25,2,0,1,1,1,1785497106
2026-07-31T11:25:21Z,84,23,0,4,0,0,1,1,1,1785493962
2026-07-31T11:25:21Z,85,3,1,12,0,0,1,1,1,1785496579
2026-07-31T11:25:21Z,86,25,0,1,1,0,1,1,1,1785486691
2026-07-31T11:25:21Z,87,11,0,8,0,0,1,1,1,1785495937
2026-07-31T11:25:21Z,88,4,0,38,1,0,1,1,1,1785496053
2026-07-31T11:25:21Z,89,22,0,13,0,0,1,1,1,1785487292
2026-07-31T11:25:21Z,90,7,2,9,2,0,1,1,1,1785497099
2026-07-31T11:25:21Z,91,14,0,3,0,0,1,1,1,1785496160
2026-07-31T11:25:21Z,92,9,1,7,3,0,1,1,1,1785497105
2026-07-31T11:25:21Z,93,2,0,21,0,0,1,1,1,1785495930
2026-07-31T11:25:21Z,94,3,0,15,1,0,1,1,1,1785492659
2026-07-31T11:25:21Z,95,23,1,10,1,1,1,1,1,1785496748
2026-07-31T11:25:21Z,96,26,0,4,1,0,1,1,1,1785497022
2026-07-31T11:25:21Z,97,1,1,15,1,0,1,1,1,1785496881
2026-07-31T11:25:21Z,98,23,0,11,1,0,1,1,1,1785496941
2026-07-31T11:25:21Z,99,3,0,12,0,0,1,1,1,1785495473
2026-07-31T11:25:21Z,100,0,0,27,0,0,1,1,1,1785496347
2026-07-31T11:25:21Z,101,1,0,13,2,0,1,1,1,1785497046
2026-07-31T11:25:21Z,102,0,0,23,0,0,1,1,1,1785487553
2026-07-31T11:25:21Z,103,10,1,20,0,0,1,1,1,1785497072
2026-07-31T11:25:21Z,104,0,0,25,2,0,1,1,1,1785497101
2026-07-31T11:25:21Z,105,14,1,5,0,0,1,1,1,1785495616
2026-07-31T11:25:21Z,106,3,0,18,0,0,1,1,1,1785496954
2026-07-31T11:25:21Z,107,5,1,32,0,0,1,1,1,1785497100
2026-07-31T11:25:21Z,108,10,2,24,1,0,1,1,1,1785497082
2026-07-31T11:25:21Z,109,20,0,3,0,0,1,1,1,1785496150
2026-07-31T11:25:21Z,110,11,0,12,0,0,1,1,1,1785496783
2026-07-31T11:25:21Z,111,2,1,34,0,0,1,1,1,1785497018
2026-07-31T11:25:21Z,112,1,0,13,1,0,1,1,1,1785496898
2026-07-31T11:25:21Z,113,7,0,10,2,0,1,1,1,1785497037
2026-07-31T11:25:21Z,114,6,6,23,1,1,1,1,1,1785496816
2026-07-31T11:25:21Z,115,6,3,21,1,0,1,1,1,1785497044
2026-07-31T11:25:21Z,116,3,3,23,1,0,1,1,1,1785487594
2026-07-31T11:25:21Z,118,20,9,1,2,0,1,1,1,1785496824
2026-07-31T11:25:21Z,119,23,1,11,4,0,1,1,1,1785496655
2026-07-31T11:25:21Z,120,20,1,6,1,0,1,1,1,1785497107
2026-07-31T11:25:21Z,121,3,1,15,0,1,1,1,1,1785496827
2026-07-31T11:25:21Z,122,8,1,12,1,0,1,1,1,1785495940
2026-07-31T11:25:21Z,123,9,2,38,0,0,1,1,1,1785497025
2026-07-31T11:25:21Z,124,28,0,7,0,0,1,1,1,1785497007
2026-07-31T11:25:21Z,125,7,4,16,0,0,1,1,1,1785496628
2026-07-31T11:25:21Z,126,23,2,8,0,0,1,1,1,1785496708
2026-07-31T11:25:21Z,127,7,2,26,2,0,1,1,1,1785496988
2026-07-31T11:25:21Z,128,15,0,4,0,0,1,1,1,1785497052
2026-07-31T11:25:21Z,129,16,1,1,2,0,1,1,1,1785496350
2026-07-31T11:25:21Z,130,5,1,12,0,0,1,1,1,1785495263
2026-07-31T11:25:21Z,131,9,3,0,2,0,1,1,1,1785495384
2026-07-31T11:25:21Z,132,13,6,1,0,1,1,1,1,1785494491
2026-07-31T11:25:21Z,134,1,0,17,5,0,1,1,1,1785496940
2026-07-31T11:25:21Z,135,5,4,13,1,0,1,1,1,1785495502
2026-07-31T11:25:21Z,136,6,0,8,2,7,1,1,1,1785497050
2026-07-31T11:25:21Z,137,6,1,13,0,0,1,1,1,1785496807
2026-07-31T11:25:21Z,138,35,2,2,0,0,1,1,1,1785496951
2026-07-31T11:25:21Z,139,15,3,4,0,0,1,1,1,1785495424
2026-07-31T11:25:21Z,140,8,6,14,1,0,1,1,1,1785497110
2026-07-31T11:25:21Z,141,29,0,7,0,0,1,1,1,1785496507
2026-07-31T11:25:21Z,142,21,0,2,0,0,1,1,1,1785496237
2026-07-31T11:25:21Z,143,12,1,18,1,0,1,1,1,1785496435
2026-07-31T11:25:21Z,144,23,0,4,0,0,1,1,1,1785495520
2026-07-31T11:25:21Z,146,5,1,17,1,0,1,1,1,1785495397
2026-07-31T11:25:21Z,147,12,2,5,2,0,1,1,1,1785496948
2026-07-31T11:25:21Z,148,21,0,5,0,1,1,1,1,1785496976
2026-07-31T11:25:21Z,149,17,3,10,0,0,1,1,1,1785496243
2026-07-31T11:25:21Z,150,22,6,10,3,0,1,1,1,1785497104
2026-07-31T11:25:21Z,151,18,6,5,0,0,1,1,1,1785495470
2026-07-31T11:25:21Z,152,15,2,8,4,0,1,1,1,1785497100
2026-07-31T11:25:21Z,153,13,2,10,8,0,1,1,1,1785497091
2026-07-31T11:25:21Z,154,14,2,6,3,0,1,1,1,1785497093
2026-07-31T11:25:21Z,155,10,4,3,1,0,1,1,1,1785496896
2026-07-31T11:25:21Z,156,9,1,10,0,0,1,1,1,1785497102
2026-07-31T11:25:21Z,157,12,0,13,2,0,1,1,1,1785496941
2026-07-31T11:25:21Z,158,15,2,1,0,0,1,1,1,1785496978
2026-07-31T11:25:21Z,159,0,0,19,0,0,1,1,1,1785497085
2026-07-31T11:25:21Z,160,15,0,4,0,0,1,1,1,1785496757
2026-07-31T11:25:21Z,161,20,4,2,0,0,1,1,1,1785496444
2026-07-31T11:25:21Z,162,12,0,14,1,0,1,1,1,1785496015
2026-07-31T11:25:21Z,163,22,2,8,0,1,1,1,1,1785496807
2026-07-31T11:25:21Z,164,24,7,3,0,0,1,1,1,1785496360
2026-07-31T11:25:21Z,165,23,11,7,1,0,1,1,1,1785496840
2026-07-31T11:25:21Z,166,32,8,3,4,0,1,1,1,1785497112
2026-07-31T11:25:21Z,167,15,8,6,2,0,1,1,1,1785496692
2026-07-31T11:25:21Z,168,15,0,10,2,0,1,1,1,1785496889
2026-07-31T11:25:21Z,169,0,0,22,0,1,1,1,1,1785495705
2026-07-31T11:25:21Z,170,17,5,1,1,0,1,1,1,1785495962
2026-07-31T11:25:21Z,171,8,2,3,2,0,1,1,1,1785497079
2026-07-31T11:25:21Z,173,37,0,2,0,0,1,1,1,1785497044
2026-07-31T11:25:21Z,174,19,0,5,2,0,1,1,1,1785496966
2026-07-31T11:25:21Z,175,8,0,23,0,0,1,1,1,1785496253
2026-07-31T11:25:21Z,176,4,1,10,0,1,1,1,1,1785497062
2026-07-31T11:25:21Z,177,17,2,10,0,0,1,1,1,1785496870
2026-07-31T11:25:21Z,178,2,0,10,2,1,1,1,1,1785497108
2026-07-31T11:25:21Z,179,11,1,3,1,0,1,1,1,1785496429
2026-07-31T11:25:21Z,180,2,0,28,0,0,1,1,1,1785497022
2026-07-31T11:25:21Z,181,11,0,4,0,0,1,1,1,1785497057
2026-07-31T11:25:21Z,182,9,0,8,0,0,1,1,1,1785497030
2026-07-31T11:25:21Z,183,12,0,11,0,0,1,1,1,1785494891
2026-07-31T11:25:21Z,184,5,0,17,1,0,1,1,1,1785496979
2026-07-31T11:25:21Z,185,10,0,2,2,1,1,1,1,1785496645
2026-07-31T11:25:21Z,186,4,0,15,0,0,1,1,1,1785496683
2026-07-31T11:25:21Z,187,9,0,18,1,0,1,1,1,1785497039
2026-07-31T11:25:21Z,188,11,0,8,8,0,1,1,1,1785497082
2026-07-31T11:25:21Z,189,14,4,1,0,0,1,1,1,1785493971
2026-07-31T11:25:21Z,190,7,1,16,0,0,1,1,1,1785496971
2026-07-31T11:25:21Z,191,3,1,36,0,0,1,1,1,1785496688
2026-07-31T11:25:21Z,192,9,1,19,3,0,1,1,1,1785496653
2026-07-31T11:25:21Z,193,1,0,13,1,0,1,1,1,1785496004
2026-07-31T11:25:21Z,194,12,1,14,1,0,1,1,1,1785495357
2026-07-31T11:25:21Z,195,11,3,8,0,0,1,1,1,1785495900
2026-07-31T11:25:21Z,196,16,1,11,0,0,1,1,1,1785497019
2026-07-31T11:25:21Z,197,15,4,3,0,1,1,1,1,1785497011
2026-07-31T11:25:21Z,198,17,15,6,0,0,1,1,1,1785494878
2026-07-31T11:25:21Z,199,7,7,7,1,0,1,1,1,1785496746
2026-07-31T11:25:21Z,200,12,0,13,1,0,1,1,1,1785492701
2026-07-31T11:25:21Z,201,2,1,21,0,0,1,1,1,1785496602
2026-07-31T11:25:21Z,202,0,0,27,0,0,1,1,1,1785494022
2026-07-31T11:25:21Z,203,27,2,3,1,0,1,1,1,1785496410
2026-07-31T11:25:21Z,204,25,0,9,1,0,1,1,1,1785496494
2026-07-31T11:25:21Z,205,10,1,17,0,0,1,1,1,1785496943
2026-07-31T11:25:21Z,206,2,2,12,1,0,1,1,1,1785495327
2026-07-31T11:25:21Z,207,12,0,9,0,0,1,1,1,1785495428
2026-07-31T11:25:21Z,208,6,1,23,0,0,1,1,1,1785496304
2026-07-31T11:25:21Z,209,5,0,23,3,0,1,1,1,1785497102
2026-07-31T11:25:21Z,210,24,2,3,0,0,1,1,1,1785496670
2026-07-31T11:25:21Z,211,12,6,10,1,0,1,1,1,1785496752
2026-07-31T11:25:21Z,212,25,1,9,1,0,1,1,1,1785497061
2026-07-31T11:25:21Z,213,10,1,11,2,0,1,1,1,1785497035
2026-07-31T11:25:21Z,214,23,0,22,2,0,1,1,1,1785496347
2026-07-31T11:25:21Z,215,5,2,17,1,0,1,1,1,1785492966
2026-07-31T11:25:21Z,216,7,0,11,1,0,1,1,1,1785491552
2026-07-31T11:25:21Z,217,9,0,19,1,0,1,1,1,1785496848
2026-07-31T11:25:21Z,218,18,4,19,2,0,1,1,1,1785496804
2026-07-31T11:25:21Z,219,3,1,22,1,0,1,1,1,1785497067
2026-07-31T11:25:21Z,220,24,6,18,0,1,1,1,1,1785496769
2026-07-31T11:25:21Z,221,10,7,3,2,0,1,1,1,1785496517
2026-07-31T11:25:21Z,222,12,12,6,1,0,1,1,1,1785497072
2026-07-31T11:25:21Z,223,11,3,20,4,0,1,1,1,1785497080
2026-07-31T11:25:21Z,224,7,5,15,0,0,1,1,1,1785496266
2026-07-31T11:25:21Z,225,13,1,0,6,0,1,1,1,1785496731
2026-07-31T11:25:21Z,226,28,8,2,1,0,1,1,1,1785496818
2026-07-31T11:25:21Z,227,23,14,2,1,1,1,1,1,1785496945
2026-07-31T11:25:21Z,228,2,0,16,1,0,1,1,1,1785495859
2026-07-31T11:25:21Z,230,14,7,12,0,0,1,1,1,1785496536
2026-07-31T11:25:21Z,232,12,7,4,1,0,1,1,1,1785496068
2026-07-31T11:25:21Z,233,17,0,12,2,0,1,1,1,1785496781
2026-07-31T11:25:21Z,234,7,3,7,3,2,1,1,1,1785496188
2026-07-31T11:25:21Z,236,10,1,9,0,0,1,1,1,1785495587
2026-07-31T11:25:21Z,237,20,4,2,1,0,1,1,1,1785492227
2026-07-31T11:25:21Z,239,20,17,4,3,0,1,1,1,1785496988
2026-07-31T11:25:21Z,241,18,6,4,1,0,1,1,1,1785495737
2026-07-31T11:25:21Z,242,2,2,20,1,0,1,1,1,1785496084
2026-07-31T11:25:21Z,243,10,1,20,1,0,1,1,1,1785497111
2026-07-31T11:25:21Z,244,13,2,13,1,0,1,1,1,1785496533
2026-07-31T11:25:21Z,245,5,4,18,0,0,1,1,1,1785496117
2026-07-31T11:25:21Z,246,13,0,10,0,0,1,1,1,1785496399
2026-07-31T11:25:21Z,247,11,10,11,1,0,1,1,1,1785495667
2026-07-31T11:25:21Z,248,20,5,1,2,0,1,1,1,1785496488
2026-07-31T11:25:21Z,249,5,2,14,0,0,1,1,1,1785495511
2026-07-31T11:25:21Z,250,23,7,4,0,0,1,1,1,1785494630
2026-07-31T11:25:21Z,251,19,4,5,3,0,1,1,1,1785494879
2026-07-31T11:25:21Z,253,7,2,12,0,0,1,1,1,1785496816
2026-07-31T11:25:21Z,254,22,20,20,1,0,1,1,1,1785497063
2026-07-31T11:25:21Z,255,0,0,22,0,1,1,1,1,1785497008
2026-07-31T11:25:21Z,256,7,4,14,2,0,1,1,1,1785496830
2026-07-31T11:25:21Z,257,13,5,6,0,0,1,1,1,1785497012
2026-07-31T11:25:21Z,258,19,1,0,0,0,1,1,1,1785497039
2026-07-31T11:25:21Z,259,19,3,3,0,1,1,1,1,1785494976
2026-07-31T11:25:21Z,260,9,2,7,3,0,1,1,1,1785496907
2026-07-31T11:25:21Z,261,13,0,4,1,1,1,1,1,1785496517
2026-07-31T11:25:21Z,262,15,9,7,1,0,1,1,1,1785497022
2026-07-31T11:25:21Z,263,11,1,4,0,0,1,1,1,1785496806
2026-07-31T11:25:21Z,264,11,2,5,3,0,1,1,1,1785496029
2026-07-31T11:25:21Z,265,12,0,3,0,0,1,1,1,1785495664
2026-07-31T11:25:21Z,266,13,7,4,2,0,1,1,1,1785496541
2026-07-31T11:25:21Z,267,6,2,7,2,0,1,1,1,1785496732
2026-07-31T11:25:21Z,268,23,9,0,0,0,1,1,1,1785484887
2026-07-31T11:25:21Z,269,8,3,15,0,0,1,1,1,1785496011
2026-07-31T11:25:21Z,270,23,1,4,0,0,1,1,1,1785491481
2026-07-31T11:25:21Z,271,3,0,14,2,0,1,1,1,1785496257
2026-07-31T11:25:21Z,272,13,13,10,0,0,1,1,1,1785495153
2026-07-31T11:25:21Z,273,13,5,2,0,0,1,1,1,1785492772
2026-07-31T11:25:21Z,274,15,6,3,1,0,1,1,1,1785496720
2026-07-31T11:25:21Z,275,13,0,6,2,2,1,1,1,1785497007
2026-07-31T11:25:21Z,276,3,2,24,0,0,1,1,1,1785496927
2026-07-31T11:25:21Z,277,12,1,6,5,0,1,1,1,1785495962
2026-07-31T11:25:21Z,278,17,2,11,2,1,1,1,1,1785497054
2026-07-31T11:25:21Z,279,16,0,3,0,0,1,1,1,1785496935
2026-07-31T11:25:21Z,280,10,2,18,3,0,1,1,1,1785497006
2026-07-31T11:25:21Z,281,19,0,0,0,0,1,1,1,1785486089
2026-07-31T11:25:21Z,282,5,2,13,0,0,1,1,1,1785484887
2026-07-31T11:25:21Z,283,32,1,3,0,0,1,1,1,1785496044
2026-07-31T11:25:21Z,284,16,3,17,2,0,1,1,1,1785492919
2026-07-31T11:25:21Z,285,8,7,15,0,0,1,1,1,1785485188
2026-07-31T11:25:21Z,286,15,15,4,4,0,1,1,1,1785496216
2026-07-31T11:25:21Z,287,15,4,5,3,0,1,1,1,1785496139
2026-07-31T11:25:21Z,288,12,8,7,0,0,1,1,1,1785495596
2026-07-31T11:25:21Z,289,21,1,3,3,0,1,1,1,1785496128
2026-07-31T11:25:21Z,290,9,0,29,1,0,1,1,1,1785494483
2026-07-31T11:25:21Z,291,6,1,15,2,0,1,1,1,1785496941
2026-07-31T11:25:21Z,292,20,0,2,1,0,1,1,1,1785495982
2026-07-31T11:25:21Z,293,17,10,6,0,0,1,1,1,1785486991
2026-07-31T11:25:21Z,294,1,1,20,1,0,1,1,1,1785493458
2026-07-31T11:25:21Z,297,12,3,5,1,1,1,1,1,1785496910
2026-07-31T11:25:21Z,301,17,0,2,0,0,1,1,1,1785496440
2026-07-31T11:25:21Z,302,1,0,22,0,0,1,1,1,1785495703
2026-07-31T11:25:21Z,303,16,0,3,0,0,1,1,1,1785496448
2026-07-31T11:25:21Z,304,0,0,0,0,0,0,1,1,86400
2026-07-31T11:25:21Z,305,4,0,14,1,0,1,1,1,1785497102
2026-07-31T11:25:21Z,306,3,0,28,1,0,1,1,1,1785495144
2026-07-31T11:25:21Z,307,17,0,4,1,1,1,1,1,1785496974
2026-07-31T11:25:21Z,308,17,0,0,2,0,1,1,1,1785496461
2026-07-31T11:25:21Z,309,12,3,1,1,0,1,1,1,1785495417
2026-07-31T11:25:21Z,311,15,0,0,0,0,1,1,1,1785486992
2026-07-31T11:25:21Z,312,4,2,14,4,1,1,1,1,1785496819
2026-07-31T11:25:21Z,313,3,1,12,0,0,1,1,1,1785486991
2026-07-31T11:25:21Z,314,4,3,11,3,0,1,1,1,1785486991
2026-07-31T11:25:21Z,315,23,6,6,2,0,1,1,1,1785491768
2026-07-31T11:25:21Z,316,0,0,25,5,1,1,1,1,1785497055
2026-07-31T11:25:21Z,317,0,0,30,0,1,1,1,1,1785496979
2026-07-31T11:25:21Z,318,16,0,3,0,0,1,1,1,1785486991
2026-07-31T11:25:21Z,319,20,4,2,1,0,1,1,1,1785496418
2026-07-31T11:25:21Z,320,16,5,2,1,0,1,1,1,1785495214
2026-07-31T11:25:21Z,321,8,2,7,4,0,1,1,1,1785496924
2026-07-31T11:25:21Z,322,5,1,23,1,0,1,1,1,1785494250
2026-07-31T11:25:21Z,323,10,0,9,0,0,1,1,1,1785496848
2026-07-31T11:25:21Z,324,22,5,4,1,0,1,1,1,1785497106
2026-07-31T11:25:21Z,325,4,2,19,4,0,1,1,1,1785497062
2026-07-31T11:25:21Z,327,24,0,2,1,0,1,1,1,1785496286
2026-07-31T11:25:21Z,328,16,0,5,1,0,1,1,1,1785496856
2026-07-31T11:25:21Z,329,16,0,1,2,0,1,1,1,1785496402
2026-07-31T11:25:21Z,330,1,0,21,0,0,1,1,1,1785495617
2026-07-31T11:25:21Z,331,8,2,14,1,0,1,1,1,1785496563
2026-07-31T11:25:21Z,332,10,2,7,2,0,1,1,1,1785495613
2026-07-31T11:25:21Z,333,3,2,19,1,0,1,1,1,1785497071
2026-07-31T11:25:21Z,334,8,7,15,0,0,1,1,1,1785496773
2026-07-31T11:25:21Z,335,2,1,19,1,1,1,1,1,1785496901
2026-07-31T11:25:21Z,336,17,2,2,0,0,1,1,1,1785496291
2026-07-31T11:25:21Z,337,17,4,1,5,0,1,1,1,1785496990
2026-07-31T11:25:21Z,338,13,6,6,0,0,1,1,1,1785496612
2026-07-31T11:25:21Z,339,23,9,0,0,0,1,1,1,1785496790
2026-07-31T11:25:21Z,340,13,11,1,1,0,1,1,1,1785496245
2026-07-31T11:25:21Z,341,9,2,10,0,0,1,1,1,1785496504
2026-07-31T11:25:21Z,342,8,4,4,3,0,1,1,1,1785497059
2026-07-31T11:25:21Z,343,18,1,4,1,0,1,1,1,1785496922
2026-07-31T11:25:21Z,344,23,9,0,0,0,1,1,1,1785488186
2026-07-31T11:25:21Z,345,18,3,1,0,0,1,1,1,1785496885
2026-07-31T11:25:21Z,346,10,6,13,0,0,1,1,1,1785496194
2026-07-31T11:25:21Z,347,25,6,17,2,0,1,1,1,1785497105
2026-07-31T11:25:21Z,348,21,3,0,1,1,1,1,1,1785496927
2026-07-31T11:25:21Z,349,8,2,11,0,0,1,1,1,1785496603
2026-07-31T11:25:21Z,350,24,3,1,1,1,1,1,1,1785494733
2026-07-31T11:25:21Z,351,16,2,4,3,0,1,1,1,1785497099
2026-07-31T11:25:21Z,355,22,1,1,0,0,1,1,1,1785496462
2026-07-31T11:25:21Z,356,16,0,2,1,0,1,1,1,1785493586
2026-07-31T11:25:21Z,357,8,4,11,0,0,1,1,1,1785496664
2026-07-31T11:25:21Z,358,22,3,4,1,0,1,1,1,1785497102
2026-07-31T11:25:21Z,359,17,0,10,0,0,1,1,1,1785495976
2026-07-31T11:25:21Z,360,12,3,5,2,0,1,1,1,1785496464
2026-07-31T11:25:21Z,362,16,4,1,2,0,1,1,1,1785493387
2026-07-31T11:25:21Z,363,2,0,25,0,0,1,1,1,1785495461
2026-07-31T11:25:21Z,364,17,3,2,0,0,1,1,1,1785496544
2026-07-31T11:25:21Z,365,14,2,5,4,0,1,1,1,1785496975
2026-07-31T11:25:21Z,366,8,7,8,7,0,1,1,1,1785497037
2026-07-31T11:25:21Z,367,15,9,2,2,0,1,1,1,1785496820
2026-07-31T11:25:21Z,368,17,3,4,2,0,1,1,1,1785496928
2026-07-31T11:25:21Z,370,9,7,18,0,0,1,1,1,1785495224
2026-07-31T11:25:21Z,371,3,0,15,1,0,1,1,1,1785496958
2026-07-31T11:25:21Z,372,6,1,9,0,0,1,1,1,1785494163
2026-07-31T11:25:21Z,373,25,9,2,0,0,1,1,1,1785493650
2026-07-31T11:25:21Z,374,15,6,2,2,0,1,1,1,1785496966
2026-07-31T11:25:21Z,375,21,9,3,3,0,1,1,1,1785496346
2026-07-31T11:25:21Z,376,29,5,5,5,0,1,1,1,1785496543
2026-07-31T11:25:21Z,377,23,9,4,0,0,1,1,1,1785493056
2026-07-31T11:25:21Z,378,19,5,3,1,1,1,1,1,1785496880
2026-07-31T11:25:21Z,379,14,1,13,0,0,1,1,1,1785496875
2026-07-31T11:25:21Z,380,19,6,4,0,0,1,1,1,1785496843
2026-07-31T11:25:21Z,381,8,0,15,0,0,1,1,1,1785496825
2026-07-31T11:25:21Z,383,12,0,2,1,0,1,1,1,1785497094
2026-07-31T11:25:21Z,384,24,1,2,1,0,1,1,1,1785492881
2026-07-31T11:25:21Z,385,16,4,0,2,0,1,1,1,1785496496
2026-07-31T11:25:21Z,387,20,2,3,0,0,1,1,1,1785496960
2026-07-31T11:25:21Z,388,19,2,30,0,0,1,1,1,1785496846
2026-07-31T11:25:21Z,389,8,7,7,0,0,1,1,1,1785495116
2026-07-31T11:25:21Z,390,17,0,18,0,0,1,1,1,1785496106
2026-07-31T11:25:21Z,391,4,0,10,1,0,1,1,1,1785487292
2026-07-31T11:25:21Z,392,2,2,16,1,0,1,1,1,1785496863
2026-07-31T11:25:21Z,393,3,3,5,3,0,1,1,1,1785487292
2026-07-31T11:25:21Z,394,7,4,4,2,0,1,1,1,1785496484
2026-07-31T11:25:21Z,396,9,7,30,3,0,1,1,1,1785495633
2026-07-31T11:25:21Z,397,5,5,26,0,0,1,1,1,1785497106
2026-07-31T11:25:21Z,399,11,0,4,2,0,1,1,1,1785495541
2026-07-31T11:25:21Z,400,10,5,9,4,0,1,1,1,1785496543
2026-07-31T11:25:21Z,401,5,0,26,8,0,1,1,1,1785496346
2026-07-31T11:25:21Z,403,17,0,12,2,0,1,1,1,1785497083
2026-07-31T11:25:21Z,404,3,2,19,1,0,1,1,1,1785496100
2026-07-31T11:25:21Z,406,1,1,33,1,0,1,1,1,1785496488
2026-07-31T11:25:21Z,407,17,3,16,1,0,1,1,1,1785495804
2026-07-31T11:25:21Z,408,13,3,19,1,0,1,1,1,1785496628
2026-07-31T11:25:21Z,409,1,0,19,3,0,1,1,1,1785493289
2026-07-31T11:25:21Z,413,19,5,2,2,0,1,1,1,1785497033
2026-07-31T11:25:21Z,414,10,2,4,1,0,1,1,1,1785495352
2026-07-31T11:25:21Z,417,13,8,6,0,0,1,1,1,1785496987
2026-07-31T11:25:21Z,418,1,0,14,0,0,1,1,1,1785490913
2026-07-31T11:25:21Z,419,10,0,12,1,0,1,1,1,1785487895
2026-07-31T11:25:21Z,421,2,0,17,0,0,1,1,1,1785496453
2026-07-31T11:25:21Z,422,4,3,22,1,0,1,1,1,1785493261
2026-07-31T11:25:21Z,423,3,2,20,0,0,1,1,1,1785495719
2026-07-31T11:25:21Z,424,4,2,8,3,0,1,1,1,1785497106
2026-07-31T11:25:21Z,425,17,0,4,0,1,1,1,1,1785495951
2026-07-31T11:25:21Z,426,0,0,35,2,0,1,1,1,1785496425
2026-07-31T11:25:21Z,427,13,1,1,1,0,1,1,1,1785497097
2026-07-31T11:25:21Z,428,17,2,1,1,0,1,1,1,1785496319
2026-07-31T11:25:21Z,429,0,0,21,2,0,1,1,1,1785492151
2026-07-31T11:25:21Z,430,28,0,0,3,0,1,1,1,1785496636
2026-07-31T11:25:21Z,431,15,0,17,1,0,1,1,1,1785495603
2026-07-31T11:25:21Z,432,17,0,12,2,0,0,1,1,1785495998
2026-07-31T11:25:21Z,433,18,5,3,2,0,1,1,1,1785495888
2026-07-31T11:25:21Z,437,2,2,16,1,0,1,1,1,1785496820
2026-07-31T11:25:21Z,438,17,0,1,1,0,1,1,1,1785496805
2026-07-31T11:25:21Z,439,5,0,10,0,0,1,1,1,1785494601
2026-07-31T11:25:21Z,440,11,2,2,2,0,1,1,1,1785495569
2026-07-31T11:25:21Z,441,12,1,2,1,0,1,1,1,1785495062
2026-07-31T11:25:21Z,442,16,9,2,1,0,1,1,1,1785496960
2026-07-31T11:25:21Z,443,4,2,23,0,0,1,1,1,1785485488
2026-07-31T11:25:21Z,444,2,2,21,0,0,1,1,1,1785485488
2026-07-31T11:25:21Z,445,7,2,15,1,0,1,1,1,1785497028
2026-07-31T11:25:21Z,446,0,0,22,1,0,1,1,1,1785494652
2026-07-31T11:25:21Z,447,3,0,18,1,1,1,1,1,1785496389
2026-07-31T11:25:21Z,448,9,4,5,1,0,1,1,1,1785487895
2026-07-31T11:25:21Z,452,7,5,11,1,0,1,1,1,1785496909
2026-07-31T11:25:21Z,453,7,5,7,1,0,1,1,1,1785494607
2026-07-31T11:25:21Z,454,9,0,10,0,0,1,1,1,1785496511
2026-07-31T11:25:21Z,455,2,0,37,0,0,1,1,1,1785492761
2026-07-31T11:25:21Z,456,8,0,11,1,0,1,1,1,1785496960
2026-07-31T11:25:21Z,457,24,2,1,2,0,1,1,1,1785495322
2026-07-31T11:25:21Z,458,10,4,13,0,0,1,1,1,1785495744
2026-07-31T11:25:21Z,459,14,0,1,0,0,1,1,1,1785496514
2026-07-31T11:25:21Z,460,18,2,4,1,0,1,1,1,1785496807
2026-07-31T11:25:21Z,461,7,1,12,0,0,1,1,1,1785496770
2026-07-31T11:25:21Z,462,15,1,6,0,0,1,1,1,1785496514
2026-07-31T11:25:21Z,463,13,1,6,0,0,1,1,1,1785487897
2026-07-31T11:25:21Z,464,3,1,11,0,0,1,1,1,1785485789
2026-07-31T11:25:21Z,465,0,0,14,1,0,1,1,1,1785496369
2026-07-31T11:25:21Z,466,11,3,2,2,0,1,1,1,1785485789
2026-07-31T11:25:21Z,467,2,1,17,0,0,1,1,1,1785497019
2026-07-31T11:25:21Z,468,17,1,1,1,0,1,1,1,1785485789
2026-07-31T11:25:21Z,469,1,1,22,0,0,1,1,1,1785497045
2026-07-31T11:25:21Z,470,11,1,2,2,0,1,1,1,1785496816
2026-07-31T11:25:21Z,471,22,2,5,0,0,1,1,1,1785487895
2026-07-31T11:25:21Z,472,14,3,4,1,0,1,1,1,1785497082
2026-07-31T11:25:21Z,473,18,4,1,0,0,1,1,1,1785496016
2026-07-31T11:25:21Z,474,15,0,4,0,0,1,1,1,1785495804
2026-07-31T11:25:21Z,475,5,1,13,1,0,1,1,1,1785492726
2026-07-31T11:25:21Z,477,8,6,6,1,0,1,1,1,1785496817
2026-07-31T11:25:21Z,478,5,0,25,1,0,1,1,1,1785496843
2026-07-31T11:25:21Z,479,1,0,25,1,0,1,1,1,1785495354
2026-07-31T11:25:21Z,480,3,0,9,3,0,1,1,1,1785495583
2026-07-31T11:25:21Z,481,27,0,7,1,0,1,1,1,1785496853
2026-07-31T11:25:21Z,482,17,6,2,0,0,1,1,1,1785495430
2026-07-31T11:25:21Z,483,1,0,24,2,0,1,1,1,1785497065
2026-07-31T11:25:21Z,484,4,1,14,1,0,1,1,1,1785497033
2026-07-31T11:25:21Z,485,16,6,1,1,1,1,1,1,1785496819
2026-07-31T11:25:21Z,486,25,6,0,2,0,1,1,1,1785496815
2026-07-31T11:25:21Z,487,4,3,14,1,0,1,1,1,1785496896
2026-07-31T11:25:21Z,489,11,5,3,1,0,1,1,1,1785496344
2026-07-31T11:25:21Z,490,3,1,13,0,0,1,1,1,1785496546
2026-07-31T11:25:21Z,491,4,1,17,0,0,1,1,1,1785486090
2026-07-31T11:25:21Z,492,4,2,3,4,0,1,1,1,1785497112
2026-07-31T11:25:21Z,493,1,0,25,1,0,1,1,1,1785496554
2026-07-31T11:25:21Z,495,10,1,1,4,0,1,1,1,1785497015
2026-07-31T11:25:21Z,496,25,1,2,0,0,1,1,1,1785496422
2026-07-31T11:25:21Z,497,12,0,6,1,0,1,1,1,1785496693
2026-07-31T11:25:21Z,498,22,3,0,1,0,1,1,1,1785496642
2026-07-31T11:25:21Z,499,14,0,4,1,0,1,1,1,1785497022
2026-07-31T11:25:21Z,500,7,4,3,5,0,1,1,1,1785494804
2026-07-31T11:25:21Z,501,12,5,9,0,0,1,1,1,1785496130
2026-07-31T11:25:21Z,502,6,0,13,0,0,1,1,1,1785486089
2026-07-31T11:25:21Z,503,25,0,5,1,0,1,1,1,1785494764
2026-07-31T11:25:21Z,504,3,1,36,0,0,1,1,1,1785496813
2026-07-31T11:25:21Z,505,9,1,2,1,0,1,1,1,1785496599
2026-07-31T11:25:21Z,511,6,3,17,0,0,1,1,1,1785495483
2026-07-31T11:25:21Z,512,7,0,20,0,0,1,1,1,1785496856
2026-07-31T11:25:21Z,514,7,0,3,1,0,1,1,1,1785497051
2026-07-31T11:25:21Z,515,1,0,18,0,0,1,1,1,1785495697
2026-07-31T11:25:21Z,516,4,0,23,0,0,1,1,1,1785496994
2026-07-31T11:25:21Z,517,13,2,9,1,0,1,1,1,1785494998
2026-07-31T11:25:21Z,518,13,1,1,1,0,1,1,1,1785494366
2026-07-31T11:25:21Z,519,3,0,14,2,0,1,1,1,1785495571
2026-07-31T11:25:21Z,520,10,6,11,5,1,1,1,1,1785497108
2026-07-31T11:25:21Z,521,18,5,5,0,0,1,1,1,1785494100
2026-07-31T11:25:21Z,522,0,0,22,1,0,1,1,1,1785496158
2026-07-31T11:25:21Z,523,6,4,16,1,0,1,1,1,1785494750
2026-07-31T11:25:21Z,524,0,0,23,0,0,1,1,1,1785494956
2026-07-31T11:25:21Z,525,9,0,10,0,0,1,1,1,1785496670
2026-07-31T11:25:21Z,526,13,1,0,2,0,1,1,1,1785486390
2026-07-31T11:25:21Z,527,6,3,17,3,0,1,1,1,1785496856
2026-07-31T11:25:21Z,528,21,1,1,1,0,1,1,1,1785495324
2026-07-31T11:25:21Z,529,6,3,7,6,0,1,1,1,1785497111
2026-07-31T11:25:21Z,530,12,0,8,1,0,1,1,1,1785496403
2026-07-31T11:25:21Z,531,18,0,3,1,1,1,1,1,1785496463
2026-07-31T11:25:21Z,532,3,3,27,1,0,1,1,1,1785488341
2026-07-31T11:25:21Z,533,6,0,11,2,0,1,1,1,1785496728
2026-07-31T11:25:21Z,534,12,1,10,1,0,1,1,1,1785496980
2026-07-31T11:25:21Z,535,3,0,12,0,0,1,1,1,1785494305
2026-07-31T11:25:21Z,536,12,0,11,0,0,1,1,1,1785497092
2026-07-31T11:25:21Z,537,2,0,18,0,0,1,1,1,1785496408
2026-07-31T11:25:21Z,538,19,6,2,0,2,1,1,1,1785496918
2026-07-31T11:25:21Z,539,5,5,26,0,0,1,1,1,1785488201
2026-07-31T11:25:21Z,540,0,0,19,0,0,1,1,1,1785496523
2026-07-31T11:25:21Z,541,20,2,6,1,0,1,1,1,1785497106
2026-07-31T11:25:21Z,542,9,5,14,0,0,1,1,1,1785497105
2026-07-31T11:25:21Z,543,14,2,4,1,0,1,1,1,1785496633
2026-07-31T11:25:21Z,544,14,1,4,4,0,1,1,1,1785497006
2026-07-31T11:25:21Z,545,2,0,15,2,0,1,1,1,1785497044
2026-07-31T11:25:21Z,546,12,8,7,0,0,1,1,1,1785496346
2026-07-31T11:25:21Z,547,18,1,7,0,0,1,1,1,1785496945
2026-07-31T11:25:21Z,548,15,1,8,0,0,1,1,1,1785495571
2026-07-31T11:25:21Z,549,20,0,3,0,0,1,1,1,1785496667
2026-07-31T11:25:21Z,550,14,1,5,0,0,1,1,1,1785496083
2026-07-31T11:25:21Z,551,16,4,7,0,0,1,1,1,1785486390
2026-07-31T11:25:21Z,552,27,3,0,0,0,1,1,1,1785486390
2026-07-31T11:25:21Z,553,14,1,6,2,1,1,1,1,1785497087
2026-07-31T11:25:21Z,554,1,1,18,0,0,1,1,1,1785486691
2026-07-31T11:25:21Z,555,11,4,3,1,0,1,1,1,1785496928
2026-07-31T11:25:21Z,556,18,4,3,2,0,1,1,1,1785496970
2026-07-31T11:25:21Z,557,8,4,10,5,0,1,1,1,1785496073
2026-07-31T11:25:21Z,558,36,4,1,0,0,1,1,1,1785496303
2026-07-31T11:25:21Z,559,0,0,18,1,0,1,1,1,1785492602
2026-07-31T11:25:21Z,560,10,0,17,0,0,1,1,1,1785492157
2026-07-31T11:25:21Z,561,18,2,4,1,0,1,1,1,1785496941
2026-07-31T11:25:21Z,562,3,0,29,3,0,1,1,1,1785486691
2026-07-31T11:25:21Z,563,9,0,5,0,0,1,1,1,1785496881
2026-07-31T11:25:21Z,564,9,0,9,1,0,1,1,1,1785495850
2026-07-31T11:25:21Z,565,5,1,14,0,0,1,1,1,1785497102
2026-07-31T11:25:21Z,566,14,1,4,1,0,1,1,1,1785497079
2026-07-31T11:25:21Z,567,26,1,0,1,0,1,1,1,1785493771
2026-07-31T11:25:21Z,568,16,0,2,1,0,1,1,1,1785496988
2026-07-31T11:25:21Z,569,16,2,3,0,0,1,1,1,1785496200
2026-07-31T11:25:21Z,570,10,0,9,0,0,1,1,1,1785496382
2026-07-31T11:25:21Z,571,3,0,20,0,0,1,1,1,1785497045
2026-07-31T11:25:21Z,572,12,4,6,1,0,1,1,1,1785496361
2026-07-31T11:25:21Z,573,11,0,4,0,0,1,1,1,1785496522
2026-07-31T11:25:21Z,574,7,2,8,0,0,1,1,1,1785496626
2026-07-31T11:25:21Z,575,4,0,16,1,0,1,1,1,1785494906
2026-07-31T11:25:21Z,576,2,0,15,2,0,1,1,1,1785494813
2026-07-31T11:25:21Z,577,17,0,14,0,0,1,1,1,1785497050
2026-07-31T11:25:21Z,578,12,9,10,1,0,1,1,1,1785495518
2026-07-31T11:25:21Z,579,5,0,38,0,0,1,1,1,1785495141
2026-07-31T11:25:21Z,580,2,0,27,0,0,1,1,1,1785496658
2026-07-31T11:25:21Z,581,13,0,6,0,0,1,1,1,1785497106
2026-07-31T11:25:21Z,582,18,0,42,1,0,1,1,1,1785497089
2026-07-31T11:25:21Z,583,22,1,1,0,0,1,1,1,1785496368
2026-07-31T11:25:21Z,584,9,4,6,4,0,1,1,1,1785497110
2026-07-31T11:25:21Z,585,13,2,13,0,1,1,1,1,1785496316
2026-07-31T11:25:21Z,586,10,0,25,0,0,1,1,1,1785496987
2026-07-31T11:25:21Z,587,17,0,6,1,0,1,1,1,1785496844
2026-07-31T11:25:21Z,588,11,3,5,2,1,1,1,1,1785497015
2026-07-31T11:25:21Z,589,15,7,5,2,0,1,1,1,1785497071
2026-07-31T11:25:21Z,590,16,2,14,1,0,1,1,1,1785496962
2026-07-31T11:25:21Z,591,27,1,1,2,0,1,1,1,1785495263
2026-07-31T11:25:21Z,592,11,0,12,0,0,1,1,1,1785496499
2026-07-31T11:25:21Z,593,2,0,36,0,0,1,1,1,1785495953
2026-07-31T11:25:21Z,594,6,0,13,2,0,1,1,1,1785497078
2026-07-31T11:25:21Z,595,0,0,3,0,0,0,1,1,1784046673
2026-07-31T11:25:21Z,605,0,0,2,1,0,0,1,1,1783975843
2026-07-31T11:25:21Z,606,0,0,0,0,0,0,1,1,86400
2026-07-31T11:25:21Z,607,10,2,21,1,0,1,1,1,1785496731
2026-07-31T11:25:21Z,608,4,1,46,0,0,1,1,1,1785496284
2026-07-31T11:25:21Z,609,0,0,23,0,0,1,1,1,1785496326
2026-07-31T11:25:21Z,610,1,0,34,0,0,1,1,1,1785494557
2026-07-31T11:25:21Z,611,13,1,13,1,0,1,1,1,1785497063
2026-07-31T11:25:21Z,612,6,1,9,0,0,1,1,1,1785486691
2026-07-31T11:25:21Z,613,9,0,2,4,0,1,1,1,1785489318
2026-07-31T11:25:21Z,614,2,2,22,2,1,1,1,1,1785495770
2026-07-31T11:25:21Z,617,13,2,1,1,0,1,1,1,1785497067
2026-07-31T11:25:21Z,618,11,1,3,5,0,1,1,1,1785496082
2026-07-31T11:25:21Z,619,4,2,15,0,0,1,1,1,1785496956
2026-07-31T11:25:21Z,620,1,0,26,0,0,1,1,1,1785495096
2026-07-31T11:25:21Z,621,2,1,20,1,0,1,1,1,1785496518
2026-07-31T11:25:21Z,622,5,2,17,1,0,1,1,1,1785488201
2026-07-31T11:25:21Z,623,4,1,25,1,0,1,1,1,1785497082
2026-07-31T11:25:21Z,624,1,0,14,0,0,1,1,1,1785493218
2026-07-31T11:25:21Z,625,4,0,15,2,0,1,1,1,1785495075
2026-07-31T11:25:21Z,626,5,0,40,0,2,1,1,1,1785495289
2026-07-31T11:25:21Z,627,14,6,5,0,0,1,1,1,1785493197
2026-07-31T11:25:21Z,628,0,0,15,2,2,1,1,1,1785496940
2026-07-31T11:25:21Z,629,4,1,6,1,0,1,1,1,1785496991
2026-07-31T11:25:21Z,630,3,2,21,3,0,1,1,1,1785496814
2026-07-31T11:25:21Z,631,2,1,21,0,0,1,1,1,1785488201
2026-07-31T11:25:21Z,632,20,0,1,2,0,1,1,1,1785492884
2026-07-31T11:25:21Z,633,12,1,0,3,0,1,1,1,1785496989
2026-07-31T11:25:21Z,634,11,2,8,0,0,1,1,1,1785486991
2026-07-31T11:25:21Z,635,16,1,3,0,0,1,1,1,1785494941
2026-07-31T11:25:21Z,636,10,2,5,0,0,1,1,1,1785488201
2026-07-31T11:25:21Z,637,8,1,11,0,0,1,1,1,1785496599
2026-07-31T11:25:21Z,638,7,1,10,2,0,1,1,1,1785497055
2026-07-31T11:25:21Z,639,5,1,11,3,0,1,1,1,1785479066
2026-07-31T11:25:21Z,640,5,3,17,1,0,1,1,1,1785497051
2026-07-31T11:25:21Z,641,18,0,6,2,0,1,1,1,1785497043
2026-07-31T11:25:21Z,642,5,4,6,8,0,1,1,1,1785497111
2026-07-31T11:25:21Z,643,2,0,18,7,0,1,1,1,1785497110
2026-07-31T11:25:21Z,644,12,0,2,1,0,1,1,1,1785486991
2026-07-31T11:25:21Z,645,11,0,10,1,1,1,1,1,1785488495
2026-07-31T11:25:21Z,646,7,2,12,0,0,1,1,1,1785497006
2026-07-31T11:25:21Z,647,28,1,3,0,0,1,1,1,1785496900
2026-07-31T11:25:21Z,648,5,0,13,1,0,1,1,1,1785496315
2026-07-31T11:25:21Z,649,19,2,11,1,0,1,1,1,1785497002
2026-07-31T11:25:21Z,650,5,1,9,0,0,1,1,1,1785488201
2026-07-31T11:25:21Z,651,7,7,16,0,0,1,1,1,1785496786
2026-07-31T11:25:21Z,652,3,2,18,2,0,1,1,1,1785496801
2026-07-31T11:25:21Z,653,9,1,8,2,0,1,1,1,1785494586
2026-07-31T11:25:21Z,654,2,2,13,0,0,1,1,1,1785488202
2026-07-31T11:25:21Z,655,7,3,1,4,1,1,1,1,1785497093
2026-07-31T11:25:21Z,656,17,7,2,0,0,1,1,1,1785497086
2026-07-31T11:25:21Z,657,9,1,3,2,3,1,1,1,1785497083
2026-07-31T11:25:21Z,658,9,1,1,0,0,1,1,1,1785473427
2026-07-31T11:25:21Z,659,8,3,5,2,0,1,1,1,1785495755
2026-07-31T11:25:21Z,660,12,0,15,4,0,1,1,1,1785497040
2026-07-31T11:25:21Z,661,2,1,17,0,0,1,1,1,1785492505
2026-07-31T11:25:21Z,662,4,3,16,3,0,1,1,1,1785493876
2026-07-31T11:25:21Z,663,11,5,3,1,0,1,1,1,1785496113
2026-07-31T11:25:21Z,664,1,0,26,0,0,1,1,1,1785495012
2026-07-31T11:25:21Z,665,12,3,3,0,0,1,1,1,1785488202
2026-07-31T11:25:21Z,666,8,2,5,2,0,1,1,1,1785495733
2026-07-31T11:25:21Z,667,0,0,19,0,0,1,1,1,1785486991
2026-07-31T11:25:21Z,668,10,1,8,1,0,1,1,1,1785488201
2026-07-31T11:25:21Z,669,14,5,0,0,0,1,1,1,1785496316
2026-07-31T11:25:21Z,670,10,2,17,0,0,1,1,1,1785496697
2026-07-31T11:25:21Z,671,24,5,2,1,0,1,1,1,1785496512
2026-07-31T11:25:21Z,672,12,2,7,3,1,1,1,1,1785491597
2026-07-31T11:25:21Z,673,16,0,5,2,0,1,1,1,1785497053
2026-07-31T11:25:21Z,674,5,3,15,3,0,1,1,1,1785497059
2026-07-31T11:25:21Z,675,11,7,2,2,0,1,1,1,1785496924
2026-07-31T11:25:21Z,676,6,0,15,1,0,1,1,1,1785496594
2026-07-31T11:25:21Z,681,10,3,3,2,0,1,1,1,1785495347
2026-07-31T11:25:21Z,682,4,1,14,1,0,1,1,1,1785486991
2026-07-31T11:25:21Z,683,4,1,15,0,0,1,1,1,1785495619
2026-07-31T11:25:21Z,684,3,0,24,0,0,1,1,1,1785487883
2026-07-31T11:25:21Z,685,10,0,15,1,1,1,1,1,1785488201
2026-07-31T11:25:21Z,686,10,0,15,2,0,1,1,1,1785497106
2026-07-31T11:25:21Z,687,11,0,18,1,1,1,1,1,1785496804
2026-07-31T11:25:21Z,688,10,0,2,7,0,1,1,1,1785496879
2026-07-31T11:25:21Z,692,12,9,9,0,0,1,1,1,1785497087
2026-07-31T11:25:21Z,693,6,0,2,3,0,1,1,1,1785496233
2026-07-31T11:25:21Z,694,8,5,13,0,0,1,1,1,1785495998
2026-07-31T11:25:21Z,695,15,10,8,0,0,1,1,1,1785496148
2026-07-31T11:25:21Z,696,17,13,4,2,0,1,1,1,1785496652
2026-07-31T11:25:21Z,697,12,1,11,0,0,1,1,1,1785497048
2026-07-31T11:25:21Z,698,22,1,5,0,0,1,1,1,1785497024
2026-07-31T11:25:21Z,699,7,0,7,1,0,1,1,1,1785496544
2026-07-31T11:25:21Z,700,19,4,0,0,0,1,1,1,1785496685
2026-07-31T11:25:21Z,701,16,6,3,0,0,1,1,1,1785496115
2026-07-31T11:25:21Z,702,18,0,4,1,0,1,1,1,1785496689
2026-07-31T11:25:21Z,704,7,2,8,0,0,1,1,1,1785495914
2026-07-31T11:25:21Z,705,4,1,9,2,0,1,1,1,1785496785
2026-07-31T11:25:21Z,706,12,2,0,3,0,1,1,1,1785496074
2026-07-31T11:25:21Z,707,8,1,7,0,0,1,1,1,1785496701
2026-07-31T11:25:21Z,708,17,2,1,1,0,1,1,1,1785496920
2026-07-31T11:25:21Z,709,10,0,2,3,0,1,1,1,1785496741
2026-07-31T11:25:21Z,710,15,3,3,1,0,1,1,1,1785496154
2026-07-31T11:25:21Z,711,19,4,0,4,0,1,1,1,1785496892
2026-07-31T11:25:21Z,712,10,9,5,0,0,1,1,1,1785496799
2026-07-31T11:25:21Z,713,5,0,18,0,0,1,1,1,1785495378
2026-07-31T11:25:21Z,716,4,2,11,0,0,1,1,1,1785496432
2026-07-31T11:25:21Z,717,4,2,18,3,0,1,1,1,1785496518
2026-07-31T11:25:21Z,718,5,1,9,1,0,1,1,1,1785496251
2026-07-31T11:25:21Z,719,8,2,21,0,0,1,1,1,1785495680
2026-07-31T11:25:21Z,720,2,1,17,0,0,1,1,1,1785496720
2026-07-31T11:25:21Z,721,0,0,21,2,0,1,1,1,1785495716
2026-07-31T11:25:21Z,722,5,0,10,0,0,1,1,1,1785496477
2026-07-31T11:25:21Z,723,12,1,11,0,0,1,1,1,1785496560
2026-07-31T11:25:21Z,724,23,4,0,0,0,1,1,1,1785496464
2026-07-31T11:25:21Z,725,17,5,5,1,0,1,1,1,1785495873
2026-07-31T11:25:21Z,726,18,3,1,0,0,1,1,1,1785495628
2026-07-31T11:25:21Z,727,8,3,12,3,0,1,1,1,1785497092
2026-07-31T11:25:21Z,728,9,0,5,1,0,1,1,1,1785497023
2026-07-31T11:25:21Z,729,1,0,18,0,0,1,1,1,1785496694
2026-07-31T11:25:21Z,730,3,2,10,2,0,1,1,1,1785495804
2026-07-31T11:25:21Z,731,9,3,5,1,0,1,1,1,1785496734
2026-07-31T11:25:21Z,732,7,5,8,0,0,1,1,1,1785495957
2026-07-31T11:25:21Z,733,8,2,19,0,0,1,1,1,1785496760
2026-07-31T11:25:21Z,734,3,1,11,0,0,1,1,1,1785496818
2026-07-31T11:25:21Z,735,2,2,25,0,0,1,1,1,1785496619
2026-07-31T11:25:21Z,736,6,0,13,0,0,1,1,1,1785495351
2026-07-31T11:25:21Z,737,4,3,10,0,1,1,1,1,1785495346
2026-07-31T11:25:21Z,738,17,5,1,1,0,1,1,1,1785497095
2026-07-31T11:25:21Z,739,19,2,7,1,0,1,1,1,1785496796
2026-07-31T11:25:21Z,741,7,1,16,0,0,1,1,1,1785497058
2026-07-31T11:25:21Z,742,2,0,30,3,0,1,1,1,1785497110
2026-07-31T11:25:21Z,743,9,3,8,2,0,1,1,1,1785496928
2026-07-31T11:25:21Z,744,10,3,5,0,0,1,1,1,1785496908
2026-07-31T11:25:21Z,745,14,4,4,1,0,1,1,1,1785495629
2026-07-31T11:25:21Z,746,10,1,11,2,0,1,1,1,1785497104
2026-07-31T11:25:21Z,747,0,0,4,0,0,0,1,1,1783446606
2026-07-31T11:25:21Z,748,10,1,13,0,0,1,1,1,1785496427
2026-07-31T11:25:21Z,749,5,5,17,1,0,1,1,1,1785496342
2026-07-31T11:25:21Z,750,1,1,10,0,0,1,1,1,1785496664
2026-07-31T11:25:21Z,751,9,0,14,0,0,1,1,1,1785496188
2026-07-31T11:25:21Z,752,15,1,1,1,0,1,1,1,1785497009
2026-07-31T11:25:21Z,753,4,0,11,0,0,1,1,1,1785496827
2026-07-31T11:25:21Z,754,2,1,12,1,0,1,1,1,1785496157
2026-07-31T11:25:21Z,755,12,2,10,1,0,1,1,1,1785496296
2026-07-31T11:25:21Z,756,10,5,27,0,0,1,1,1,1785497104
2026-07-31T11:25:21Z,757,16,9,3,0,0,1,1,1,1785496408
2026-07-31T11:25:21Z,758,23,3,0,0,0,1,1,1,1785496021
2026-07-31T11:25:21Z,759,3,2,12,0,0,1,1,1,1785495741
2026-07-31T11:25:21Z,760,8,3,11,0,0,1,1,1,1785488200
2026-07-31T11:25:21Z,761,17,0,5,1,0,1,1,1,1785496869
2026-07-31T11:25:21Z,762,5,3,5,5,0,1,1,1,1785496704
2026-07-31T11:25:21Z,768,8,0,8,3,0,1,1,1,1785495844
2026-07-31T11:25:21Z,769,15,11,4,0,0,1,1,1,1785496817
2026-07-31T11:25:21Z,770,11,3,6,2,0,1,1,1,1785495410
2026-07-31T11:25:21Z,771,13,3,1,1,0,1,1,1,1785496668
2026-07-31T11:25:21Z,772,7,1,8,0,0,1,1,1,1785496655
2026-07-31T11:25:21Z,773,15,4,4,0,0,1,1,1,1785495306
2026-07-31T11:25:21Z,774,11,6,1,3,0,1,1,1,1785497056
2026-07-31T11:25:21Z,775,7,0,10,1,1,1,1,1,1785494713
2026-07-31T11:25:21Z,776,3,1,17,1,0,1,1,1,1785495641
2026-07-31T11:25:21Z,777,10,0,2,3,0,1,1,1,1785495391
2026-07-31T11:25:21Z,778,13,0,3,3,0,1,1,1,1785495505
2026-07-31T11:25:21Z,779,8,1,10,1,0,1,1,1,1785496217
2026-07-31T11:25:21Z,780,18,3,0,1,0,1,1,1,1785496585
2026-07-31T11:25:21Z,781,4,0,4,3,0,1,1,1,1785496141
2026-07-31T11:25:21Z,782,4,3,11,4,0,1,1,1,1785496946
2026-07-31T11:25:21Z,783,6,0,13,0,0,1,1,1,1785496212
2026-07-31T11:25:21Z,784,19,2,0,0,0,1,1,1,1785495821
2026-07-31T11:25:21Z,785,11,2,2,6,0,1,1,1,1785496387
2026-07-31T11:25:21Z,786,12,5,7,0,0,1,1,1,1785496039
2026-07-31T11:25:21Z,787,11,5,2,2,0,1,1,1,1785495668
2026-07-31T11:25:21Z,788,3,0,12,0,0,1,1,1,1785496701
2026-07-31T11:25:21Z,789,8,1,3,4,0,1,1,1,1785496928
2026-07-31T11:25:21Z,790,2,0,21,0,0,1,1,1,1785496061
2026-07-31T11:25:21Z,791,7,1,11,0,1,1,1,1,1785496889
2026-07-31T11:25:21Z,793,4,0,10,1,0,1,1,1,1785497066
2026-07-31T11:25:21Z,794,15,6,12,2,0,1,1,1,1785497018
2026-07-31T11:25:21Z,796,1,0,16,2,0,1,1,1,1785496876
2026-07-31T11:25:21Z,797,2,0,13,0,0,1,1,1,1785494961
2026-07-31T11:25:21Z,798,9,1,15,1,0,1,1,1,1785496727
2026-07-31T11:25:21Z,799,15,1,1,3,0,1,1,1,1785496844
2026-07-31T11:25:21Z,800,4,0,16,1,0,1,1,1,1785496475
2026-07-31T11:25:21Z,801,7,4,13,1,0,1,1,1,1785496922
2026-07-31T11:25:21Z,802,8,0,23,0,0,1,1,1,1785497022
2026-07-31T11:25:21Z,803,1,1,14,0,0,1,1,1,1785496669
2026-07-31T11:25:21Z,806,7,3,8,0,0,1,1,1,1785495653
2026-07-31T11:25:21Z,807,13,0,9,3,0,1,1,1,1785495809
2026-07-31T11:25:21Z,808,0,0,23,2,0,1,1,1,1785488225
2026-07-31T11:25:21Z,809,4,0,18,1,0,1,1,1,1785496855
2026-07-31T11:25:21Z,810,2,0,13,4,0,1,1,1,1785495486
2026-07-31T11:25:21Z,815,3,1,7,4,1,1,1,1,1785497032
2026-07-31T11:25:21Z,817,11,5,4,0,0,1,1,1,1785496186
2026-07-31T11:25:21Z,818,6,0,16,1,0,1,1,1,1785495617
2026-07-31T11:25:21Z,819,6,4,9,0,0,1,1,1,1785487291
2026-07-31T11:25:21Z,820,8,2,9,0,0,1,1,1,1785496100
2026-07-31T11:25:21Z,821,2,1,13,0,0,1,1,1,1785497027
2026-07-31T11:25:21Z,822,4,0,17,2,0,1,1,1,1785496939
2026-07-31T11:25:21Z,823,0,0,14,1,0,1,1,1,1785496501
2026-07-31T11:25:21Z,824,13,5,6,0,0,1,1,1,1785496817
2026-07-31T11:25:21Z,825,8,5,7,0,0,1,1,1,1785495662
2026-07-31T11:25:21Z,826,10,2,7,2,0,1,1,1,1785496695
2026-07-31T11:25:21Z,827,15,4,5,1,0,1,1,1,1785495500
2026-07-31T11:25:21Z,828,10,0,7,1,0,1,1,1,1785495384
2026-07-31T11:25:21Z,829,15,6,12,0,0,1,1,1,1785496838
2026-07-31T11:25:21Z,830,17,2,5,1,0,1,1,1,1785496947
2026-07-31T11:25:21Z,831,6,2,8,1,0,1,1,1,1785496465
2026-07-31T11:25:21Z,832,10,3,5,3,0,1,1,1,1785496739
2026-07-31T11:25:21Z,833,0,0,18,1,0,1,1,1,1785496884
2026-07-31T11:25:21Z,834,2,0,21,1,0,1,1,1,1785496720
2026-07-31T11:25:21Z,835,14,5,2,2,0,1,1,1,1785496302
2026-07-31T11:25:21Z,837,5,1,0,10,0,1,1,1,1785496544
2026-07-31T11:25:21Z,838,13,3,2,0,0,1,1,1,1785496679
2026-07-31T11:25:21Z,839,9,1,20,0,0,1,1,1,1785497016
2026-07-31T11:25:21Z,840,8,4,19,2,0,1,1,1,1785496140
2026-07-31T11:25:21Z,841,7,1,8,0,0,1,1,1,1785496460
2026-07-31T11:25:21Z,842,7,2,16,0,0,1,1,1,1785496275
2026-07-31T11:25:21Z,843,8,0,22,1,0,1,1,1,1785496536
2026-07-31T11:25:21Z,844,6,0,17,0,0,1,1,1,1785496478
2026-07-31T11:25:21Z,845,5,3,12,2,0,1,1,1,1785496653
2026-07-31T11:25:21Z,846,3,0,14,2,0,1,1,1,1785495787
2026-07-31T11:25:21Z,847,7,1,20,0,0,1,1,1,1785495585
2026-07-31T11:25:21Z,848,9,3,9,1,0,1,1,1,1785497067
2026-07-31T11:25:21Z,849,5,1,9,1,0,1,1,1,1785496367
2026-07-31T11:25:21Z,850,8,0,1,2,0,1,1,1,1785496119
2026-07-31T11:25:21Z,851,4,4,31,2,0,1,1,1,1785495750
2026-07-31T11:25:21Z,852,12,6,7,0,0,1,1,1,1785496363
2026-07-31T11:25:21Z,853,10,5,13,0,0,1,1,1,1785495433
2026-07-31T11:25:21Z,854,3,2,12,0,0,1,1,1,1785495490
2026-07-31T11:25:21Z,855,26,0,1,0,0,1,1,1,1785497110
2026-07-31T11:25:21Z,857,2,2,17,0,0,1,1,1,1785496558
2026-07-31T11:25:21Z,858,4,1,14,1,0,1,1,1,1785497028
2026-07-31T11:25:21Z,859,3,0,17,1,0,1,1,1,1785495431
2026-07-31T11:25:21Z,861,8,1,2,1,0,1,1,1,1785488201
2026-07-31T11:25:21Z,862,2,2,13,0,0,1,1,1,1785496490
2026-07-31T11:25:21Z,863,13,0,5,1,0,1,1,1,1785488200
2026-07-31T11:25:21Z,866,11,3,8,0,0,1,1,1,1785496802
2026-07-31T11:25:21Z,867,13,1,2,0,0,1,1,1,1785497020
2026-07-31T11:25:21Z,868,12,2,3,0,0,1,1,1,1785497005
2026-07-31T11:25:21Z,870,7,4,6,2,0,1,1,1,1785496538
2026-07-31T11:25:21Z,871,0,0,10,1,0,1,1,1,1785495908
2026-07-31T11:25:21Z,872,0,0,14,1,0,1,1,1,1785496454
2026-07-31T11:25:21Z,873,3,1,29,1,0,1,1,1,1785497097
2026-07-31T11:25:21Z,874,4,2,8,3,0,1,1,1,1785496642
2026-07-31T11:25:21Z,875,14,10,0,1,0,1,1,1,1785496610
2026-07-31T11:25:21Z,877,11,10,6,2,0,1,1,1,1785496072
2026-07-31T11:25:21Z,878,4,3,14,1,0,1,1,1,1785496652
2026-07-31T11:25:21Z,879,2,1,17,0,0,1,1,1,1785497032
2026-07-31T11:25:21Z,880,1,0,21,1,0,1,1,1,1785496612
2026-07-31T11:25:21Z,881,1,0,18,0,0,1,1,1,1785496506
2026-07-31T11:25:21Z,882,10,0,6,3,0,1,1,1,1785488200
2026-07-31T11:25:21Z,883,10,6,9,0,0,1,1,1,1785496765
2026-07-31T11:25:21Z,884,10,7,11,0,0,1,1,1,1785496821
2026-07-31T11:25:21Z,885,1,0,18,0,0,1,1,1,1785496347
2026-07-31T11:25:21Z,886,18,2,9,2,0,1,1,1,1785497091
2026-07-31T11:25:21Z,887,3,1,11,3,0,1,1,1,1785497054
2026-07-31T11:25:21Z,888,5,0,34,1,1,1,1,1,1785496967
2026-07-31T11:25:21Z,889,15,0,2,2,0,1,1,1,1785496650
2026-07-31T11:25:21Z,890,6,4,9,0,0,1,1,1,1785489632
2026-07-31T11:25:21Z,891,20,0,2,1,0,1,1,1,1785496801
2026-07-31T11:25:21Z,892,13,1,2,0,0,1,1,1,1785488200
2026-07-31T11:25:21Z,895,0,0,18,1,0,1,1,1,1785489208
2026-07-31T11:25:21Z,896,6,0,29,0,0,1,1,1,1785493238
2026-07-31T11:25:21Z,897,11,1,10,0,0,1,1,1,1785496546
2026-07-31T11:25:21Z,898,2,0,17,0,0,1,1,1,1785496266
2026-07-31T11:25:21Z,899,0,0,18,1,0,1,1,1,1785495498
2026-07-31T11:25:21Z,900,14,0,11,2,0,1,1,1,1785496710
2026-07-31T11:25:21Z,901,10,0,8,1,0,1,1,1,1785497029
2026-07-31T11:25:21Z,902,8,0,6,1,0,1,1,1,1785496405
2026-07-31T11:25:21Z,903,13,2,5,1,0,1,1,1,1785496108
2026-07-31T11:25:21Z,904,10,4,8,1,0,1,1,1,1785496657
2026-07-31T11:25:21Z,905,8,2,19,0,0,1,1,1,1785496877
2026-07-31T11:25:21Z,906,5,2,22,0,0,1,1,1,1785496939
2026-07-31T11:25:21Z,907,7,2,24,0,0,1,1,1,1785496867
2026-07-31T11:25:21Z,908,10,0,13,0,0,1,1,1,1785496647
2026-07-31T11:25:21Z,909,9,1,13,1,0,1,1,1,1785496909
2026-07-31T11:25:21Z,910,27,1,4,0,0,1,1,1,1785497056
2026-07-31T11:25:21Z,911,4,1,15,0,0,1,1,1,1785496199
2026-07-31T11:25:21Z,912,13,4,8,2,0,1,1,1,1785495869
2026-07-31T11:25:21Z,913,3,1,16,0,0,1,1,1,1785495367
2026-07-31T11:25:21Z,914,8,2,11,0,0,1,1,1,1785496997
2026-07-31T11:25:21Z,915,10,1,12,1,0,1,1,1,1785496762
2026-07-31T11:25:21Z,916,21,7,1,1,0,1,1,1,1785496814
2026-07-31T11:25:21Z,917,12,4,21,2,0,1,1,1,1785496837
2026-07-31T11:25:21Z,918,12,2,5,2,0,1,1,1,1785496570
2026-07-31T11:25:21Z,919,13,0,24,2,0,1,1,1,1785496815
2026-07-31T11:25:21Z,920,4,2,15,0,0,1,1,1,1785496992
2026-07-31T11:25:21Z,921,12,0,9,0,0,1,1,1,1785496336
2026-07-31T11:25:21Z,922,3,0,17,1,0,1,1,1,1785496522
2026-07-31T11:25:21Z,923,16,1,3,0,0,1,1,1,1785496791
2026-07-31T11:25:21Z,924,8,2,13,0,0,1,1,1,1785495533
2026-07-31T11:25:21Z,925,13,0,8,0,0,1,1,1,1785496818
2026-07-31T11:25:21Z,926,2,1,19,0,0,1,1,1,1785496951
2026-07-31T11:25:21Z,927,3,0,32,0,0,1,1,1,1785496116
2026-07-31T11:25:21Z,928,5,3,14,0,0,0,1,1,1785464301
2026-07-31T11:25:21Z,929,0,0,23,0,0,1,1,1,1785495970
2026-07-31T11:25:21Z,930,0,0,30,1,0,1,1,1,1785496577
2026-07-31T11:25:21Z,931,9,6,14,0,0,1,1,1,1785496890
2026-07-31T11:25:21Z,932,3,0,13,3,0,1,1,1,1785496720
2026-07-31T11:25:21Z,933,0,0,23,0,0,1,1,1,1785496937
2026-07-31T11:25:21Z,934,4,0,26,1,0,1,1,1,1785496325
2026-07-31T11:25:21Z,935,15,5,3,1,0,1,1,1,1785495814
2026-07-31T11:25:21Z,936,4,1,15,0,0,1,1,1,1785456801
2026-07-31T11:25:21Z,940,10,0,1,0,0,1,1,1,1785496815
2026-07-31T11:25:21Z,941,7,1,16,2,0,1,1,1,1785497077
2026-07-31T11:25:21Z,942,5,0,15,1,0,1,1,1,1785495645
2026-07-31T11:25:21Z,943,9,8,6,0,0,1,1,1,1785496563
2026-07-31T11:25:21Z,944,9,8,6,0,0,1,1,1,1785496383
2026-07-31T11:25:21Z,945,10,8,5,0,0,1,1,1,1785495897
2026-07-31T11:25:21Z,946,7,5,12,0,0,1,1,1,1785487593
2026-07-31T11:25:21Z,947,7,5,10,0,0,1,1,1,1785496396
2026-07-31T11:25:21Z,948,25,9,1,5,0,1,1,1,1785497103
2026-07-31T11:25:21Z,949,5,3,10,0,0,1,1,1,1785496893
2026-07-31T11:25:21Z,950,12,4,4,1,0,1,1,1,1785496408
2026-07-31T11:25:21Z,951,18,4,4,1,0,1,1,1,1785496622
2026-07-31T11:25:21Z,952,16,3,39,0,0,1,1,1,1785496764
2026-07-31T11:25:21Z,953,10,1,4,1,0,1,1,1,1785497075
2026-07-31T11:25:21Z,954,17,5,2,0,0,1,1,1,1785496515
2026-07-31T11:25:21Z,955,5,3,16,6,0,1,1,1,1785496905
2026-07-31T11:25:21Z,956,21,0,1,1,0,1,1,1,1785496445
2026-07-31T11:25:21Z,957,14,0,15,0,0,1,1,1,1785496938
2026-07-31T11:25:21Z,958,18,1,13,0,0,1,1,1,1785496336
2026-07-31T11:25:21Z,959,19,8,1,3,0,1,1,1,1785496297
2026-07-31T11:25:21Z,960,20,0,2,1,0,1,1,1,1785496780
2026-07-31T11:25:21Z,961,2,2,18,3,0,1,1,1,1785496124
2026-07-31T11:25:21Z,962,9,3,23,3,0,1,1,1,1785495584
2026-07-31T11:25:21Z,963,10,0,12,1,0,1,1,1,1785496496
2026-07-31T11:25:21Z,964,16,8,6,1,0,1,1,1,1785496957
2026-07-31T11:25:21Z,965,6,2,20,1,0,1,1,1,1785496610
2026-07-31T11:25:21Z,966,24,0,7,0,0,1,1,1,1785496024
2026-07-31T11:25:21Z,967,17,0,3,1,0,1,1,1,1785496749
2026-07-31T11:25:21Z,968,14,0,4,1,0,1,1,1,1785496603
2026-07-31T11:25:21Z,969,12,7,13,2,0,1,1,1,1785496320
2026-07-31T11:25:21Z,970,11,1,6,2,0,1,1,1,1785496729
2026-07-31T11:25:21Z,971,10,0,12,1,0,1,1,1,1785496704
2026-07-31T11:25:21Z,972,9,1,13,1,0,1,1,1,1785496373
2026-07-31T11:25:21Z,973,8,4,14,1,0,1,1,1,1785495889
2026-07-31T11:25:21Z,974,14,0,13,0,0,1,1,1,1785497093
2026-07-31T11:25:21Z,977,6,6,12,3,0,1,1,1,1785496816
2026-07-31T11:25:21Z,978,11,0,12,0,0,1,1,1,1785495689
2026-07-31T11:25:21Z,979,12,0,5,0,0,1,1,1,1785497036
2026-07-31T11:25:21Z,980,3,0,16,2,0,1,1,1,1785496450
2026-07-31T11:25:21Z,981,19,0,1,1,0,1,1,1,1785496135
2026-07-31T11:25:21Z,982,3,1,14,2,0,1,1,1,1785496433
2026-07-31T11:25:21Z,983,2,1,20,1,0,1,1,1,1785496858
2026-07-31T11:25:21Z,984,6,0,17,0,0,1,1,1,1785496554
2026-07-31T11:25:21Z,985,13,0,18,0,0,1,1,1,1785496157
2026-07-31T11:25:21Z,986,4,0,15,0,0,1,1,1,1785496430
2026-07-31T11:25:21Z,987,6,0,16,1,0,1,1,1,1785496976
2026-07-31T11:25:21Z,988,5,1,13,1,0,1,1,1,1785496586
2026-07-31T11:25:21Z,989,9,4,10,0,0,1,1,1,1785495574
2026-07-31T11:25:21Z,990,13,1,0,2,0,1,1,1,1785496628
2026-07-31T11:25:21Z,991,10,2,8,1,0,1,1,1,1785496303
2026-07-31T11:25:21Z,992,10,7,12,1,0,1,1,1,1785495363
2026-07-31T11:25:21Z,993,0,0,27,0,0,1,1,1,1785476008
2026-07-31T11:25:21Z,994,3,1,18,0,0,1,1,1,1785495577
2026-07-31T11:25:21Z,995,7,1,20,0,0,1,1,1,1785496616
2026-07-31T11:25:21Z,996,8,1,15,0,0,1,1,1,1785496415
2026-07-31T11:25:21Z,997,10,5,10,3,0,1,1,1,1785497045
2026-07-31T11:25:21Z,998,3,3,19,1,0,1,1,1,1785496728
2026-07-31T11:25:21Z,999,2,0,16,2,1,1,1,1,1785496496
2026-07-31T11:25:21Z,1000,5,2,16,0,0,1,1,1,1785495478
2026-07-31T11:25:21Z,1001,2,1,25,0,0,1,1,1,1785496756
2026-07-31T11:25:21Z,1002,0,0,27,4,0,1,1,1,1785496765
2026-07-31T11:25:21Z,1003,0,0,22,1,0,1,1,1,1785496375
2026-07-31T11:25:21Z,1004,8,1,15,0,0,1,1,1,1785495816
2026-07-31T11:25:21Z,1005,20,1,3,0,0,1,1,1,1785496564
2026-07-31T11:25:21Z,1006,7,4,11,1,0,1,1,1,1785496395
2026-07-31T11:25:21Z,1007,2,1,19,0,0,1,1,1,1785496028
2026-07-31T11:25:21Z,1008,6,5,15,2,0,1,1,1,1785495538
2026-07-31T11:25:21Z,1009,19,2,8,4,0,1,1,1,1785495405
2026-07-31T11:25:21Z,1010,7,2,20,0,0,1,1,1,1785496241
2026-07-31T11:25:21Z,1011,7,2,10,2,0,1,1,1,1785496767
2026-07-31T11:25:21Z,1012,4,3,18,1,0,1,1,1,1785496332
2026-07-31T11:25:21Z,1013,4,1,18,1,0,1,1,1,1785496923
2026-07-31T11:25:21Z,1014,7,2,13,3,0,1,1,1,1785496850
2026-07-31T11:25:21Z,1015,3,1,25,3,0,1,1,1,1785495318
2026-07-31T11:25:21Z,1016,10,5,21,0,0,1,1,1,1785496465
2026-07-31T11:25:21Z,1017,14,5,7,0,0,1,1,1,1785495735
2026-07-31T11:25:21Z,1018,7,2,15,0,0,1,1,1,1785496417
2026-07-31T11:25:21Z,1019,9,6,6,0,0,1,1,1,1785496337
2026-07-31T11:25:21Z,1020,18,3,3,0,0,1,1,1,1785495605
2026-07-31T11:25:21Z,1021,9,3,5,1,0,1,1,1,1785495324
2026-07-31T11:25:21Z,1022,14,0,13,0,0,1,1,1,1785496517
2026-07-31T11:25:21Z,1023,13,1,9,1,0,1,1,1,1785496155
2026-07-31T11:25:21Z,1024,5,2,13,1,0,1,1,1,1785495332
2026-07-31T11:25:21Z,1025,4,0,14,0,1,1,1,1,1785496485
2026-07-31T11:25:21Z,1026,7,4,18,6,0,1,1,1,1785495687
2026-07-31T11:25:21Z,1028,2,0,20,1,0,1,1,1,1785496509
2026-07-31T11:25:21Z,1029,9,9,5,1,0,1,1,1,1785495621
2026-07-31T11:25:21Z,1030,14,5,9,0,0,1,1,1,1785495375
2026-07-31T11:25:21Z,1031,8,0,11,0,0,1,1,1,1785495734
2026-07-31T11:25:21Z,1032,7,1,12,0,0,1,1,1,1785496399
2026-07-31T11:25:21Z,1033,9,5,8,2,0,1,1,1,1785495398
2026-07-31T11:25:21Z,1034,2,0,13,0,0,1,1,1,1785496408
2026-07-31T11:25:21Z,1035,1,0,16,2,0,1,1,1,1785496450
2026-07-31T11:25:21Z,1036,14,0,1,0,0,1,1,1,1785496989
2026-07-31T11:25:21Z,1037,5,0,13,1,0,1,1,1,1785496863
2026-07-31T11:25:21Z,1038,2,0,12,1,0,1,1,1,1785496107
2026-07-31T11:25:21Z,1039,7,2,12,0,0,1,1,1,1785496554
2026-07-31T11:25:21Z,1040,7,3,10,2,0,1,1,1,1785496440
2026-07-31T11:25:21Z,1041,11,3,8,0,0,1,1,1,1785496319
2026-07-31T11:25:21Z,1042,12,1,1,2,0,1,1,1,1785496566
2026-07-31T11:25:21Z,1043,10,0,6,3,0,1,1,1,1785496474
2026-07-31T11:25:21Z,1044,1,0,13,1,0,1,1,1,1785496162
2026-07-31T11:25:21Z,1045,10,0,9,0,0,1,1,1,1785496386
2026-07-31T11:25:21Z,1046,8,0,7,0,0,1,1,1,1785495785
2026-07-31T11:25:21Z,1047,5,0,16,0,0,1,1,1,1785495753
2026-07-31T11:25:21Z,1048,10,1,9,0,0,1,1,1,1785496364
2026-07-31T11:25:21Z,1049,5,0,16,0,0,1,1,1,1785496435
2026-07-31T11:25:21Z,1050,17,4,4,0,0,1,1,1,1785495713
2026-07-31T11:25:21Z,1051,8,3,13,0,0,1,1,1,1785495603
2026-07-31T11:25:21Z,1052,17,2,5,0,0,1,1,1,1785496230
2026-07-31T11:25:21Z,1053,2,1,13,0,0,1,1,1,1785496287
2026-07-31T11:25:21Z,1054,14,1,1,0,0,1,1,1,1785496547
2026-07-31T11:25:21Z,1055,7,1,12,0,0,1,1,1,1785496531
2026-07-31T11:25:21Z,1057,15,0,3,1,0,1,1,1,1785496833
2026-07-31T11:25:21Z,1058,6,0,49,1,0,1,1,1,1785496527
2026-07-31T11:25:21Z,1059,0,0,18,1,0,1,1,1,1785496418
2026-07-31T11:25:21Z,1060,31,0,6,0,0,1,1,1,1785495425
2026-07-31T11:25:21Z,1061,13,1,23,1,0,1,1,1,1785496685
2026-07-31T11:25:21Z,1062,5,2,12,0,0,1,1,1,1785497080
2026-07-31T11:25:21Z,1063,12,1,6,1,0,1,1,1,1785496442
2026-07-31T11:25:21Z,1064,3,0,19,1,0,1,1,1,1785496778
2026-07-31T11:25:21Z,1065,16,3,7,0,0,1,1,1,1785497020
2026-07-31T11:25:21Z,1066,10,2,13,0,0,1,1,1,1785496843
2026-07-31T11:25:21Z,1067,8,2,13,2,0,1,1,1,1785497112
2026-07-31T11:25:21Z,1068,8,2,13,2,0,1,1,1,1785496609
2026-07-31T11:25:21Z,1069,12,3,11,0,0,1,1,1,1785496654
2026-07-31T11:25:21Z,1070,12,2,11,0,0,1,1,1,1785496750
2026-07-31T11:25:21Z,1071,7,4,16,0,0,1,1,1,1785496789
2026-07-31T11:25:21Z,1072,11,1,11,1,0,1,1,1,1785497028
2026-07-31T11:25:21Z,1073,20,2,6,1,0,1,1,1,1785496912
2026-07-31T11:25:21Z,1074,1,0,51,1,0,1,1,1,1785496765
2026-07-31T11:25:21Z,1075,10,10,11,0,0,1,1,1,1785496158
2026-07-31T11:25:21Z,1076,15,12,6,0,0,1,1,1,1785495595
2026-07-31T11:25:21Z,1077,8,5,13,0,0,1,1,1,1785496376
2026-07-31T11:25:21Z,1078,11,10,10,0,0,1,1,1,1785495638
2026-07-31T11:25:21Z,1079,11,8,10,0,0,1,1,1,1785496264
2026-07-31T11:25:21Z,1080,10,8,10,1,0,1,1,1,1785496866
2026-07-31T11:25:21Z,1081,13,8,6,0,0,1,1,1,1785495433
2026-07-31T11:25:21Z,1082,7,7,1,0,0,1,1,1,1785496719
2026-07-31T11:25:21Z,1083,13,11,8,0,0,1,1,1,1785496535
2026-07-31T11:25:21Z,1084,9,8,12,0,0,1,1,1,1785496151
2026-07-31T11:25:21Z,1085,10,10,11,0,0,1,1,1,1785495802
2026-07-31T11:25:21Z,1086,0,0,20,1,0,1,1,1,1785496505
2026-07-31T11:25:21Z,1087,12,7,3,0,0,1,1,1,1785495685
2026-07-31T11:25:21Z,1088,10,7,5,0,0,1,1,1,1785496446
2026-07-31T11:25:21Z,1089,5,3,10,0,0,1,1,1,1785496797
2026-07-31T11:25:21Z,1090,9,8,6,0,0,1,1,1,1785496692
2026-07-31T11:25:21Z,1091,12,7,3,0,0,1,1,1,1785495427
2026-07-31T11:25:21Z,1092,9,9,5,1,0,1,1,1,1785496789
2026-07-31T11:25:21Z,1093,7,6,8,0,0,1,1,1,1785495335
2026-07-31T11:25:21Z,1094,11,9,7,1,0,1,1,1,1785496444
2026-07-31T11:25:21Z,1095,8,7,7,0,0,1,1,1,1785497088
2026-07-31T11:25:21Z,1096,3,1,15,1,0,1,1,1,1785496762
2026-07-31T11:25:21Z,1097,9,9,6,0,0,1,1,1,1785496974
2026-07-31T11:25:21Z,1098,9,7,10,0,0,1,1,1,1785495503
2026-07-31T11:25:21Z,1099,7,6,8,0,0,1,1,1,1785496233
2026-07-31T11:25:21Z,1100,8,4,21,0,0,1,1,1,1785493678
2026-07-31T11:25:21Z,1101,9,5,12,0,0,1,1,1,1785496129
2026-07-31T11:25:21Z,1102,9,4,4,0,0,1,1,1,1785495408
2026-07-31T11:25:21Z,1103,10,5,11,0,0,1,1,1,1785487895
2026-07-31T11:25:21Z,1104,10,5,11,0,0,1,1,1,1785495885
2026-07-31T11:25:21Z,1105,8,4,5,0,0,1,1,1,1785497107
2026-07-31T11:25:21Z,1106,10,5,11,0,0,1,1,1,1785496225
2026-07-31T11:25:21Z,1107,9,5,6,0,0,1,1,1,1785496511
2026-07-31T11:25:21Z,1108,8,4,16,2,1,1,1,1,1785497017
2026-07-31T11:25:21Z,1109,8,3,7,0,0,1,1,1,1785497104
2026-07-31T11:25:21Z,1110,12,4,9,0,0,1,1,1,1785495753
2026-07-31T11:25:21Z,1111,3,2,18,0,0,1,1,1,1785475740
2026-07-31T11:25:21Z,1112,39,0,14,0,0,1,1,1,1785497102
2026-07-31T11:25:21Z,1113,2,0,19,0,0,1,1,1,1785496573
2026-07-31T11:25:21Z,1115,16,5,4,3,0,1,1,1,1785496992
2026-07-31T11:25:21Z,1116,5,1,14,0,0,1,1,1,1785496418
2026-07-31T11:25:21Z,1117,16,4,6,1,0,1,1,1,1785496804
2026-07-31T11:25:21Z,1118,17,1,2,2,0,1,1,1,1785496232
2026-07-31T11:25:21Z,1119,11,1,5,1,0,1,1,1,1785496906
2026-07-31T11:25:21Z,1120,13,0,6,0,0,1,1,1,1785496502
2026-07-31T11:25:21Z,1121,11,1,7,3,0,1,1,1,1785496565
2026-07-31T11:25:21Z,1122,13,8,5,3,0,1,1,1,1785496454
2026-07-31T11:25:21Z,1123,6,2,15,2,0,1,1,1,1785496773
2026-07-31T11:25:21Z,1124,9,1,1,5,0,1,1,1,1785496232
2026-07-31T11:25:21Z,1125,15,1,8,0,0,1,1,1,1785496705
2026-07-31T11:25:21Z,1126,3,0,17,1,0,1,1,1,1785495931
2026-07-31T11:25:21Z,1127,6,1,12,1,0,1,1,1,1785496902
2026-07-31T11:25:21Z,1128,14,2,0,1,0,1,1,1,1785496417
2026-07-31T11:25:21Z,1129,1,1,19,1,0,1,1,1,1785496146
2026-07-31T11:25:21Z,1130,12,0,3,0,0,1,1,1,1785496901
2026-07-31T11:25:21Z,1131,1,0,47,1,0,1,1,1,1785496466
2026-07-31T11:25:21Z,1132,14,6,6,1,0,1,1,1,1785496214
2026-07-31T11:25:21Z,1133,17,13,3,1,0,1,1,1,1785496813
2026-07-31T11:25:21Z,1134,10,5,9,0,0,1,1,1,1785496925
2026-07-31T11:25:21Z,1135,10,5,11,0,0,1,1,1,1785496024
2026-07-31T11:25:21Z,1136,6,0,17,0,0,1,1,1,1785496596
2026-07-31T11:25:21Z,1137,13,0,2,0,0,1,1,1,1785496812
2026-07-31T11:25:21Z,1138,16,3,3,0,0,1,1,1,1785496379
2026-07-31T11:25:21Z,1139,16,4,4,1,0,1,1,1,1785496994
2026-07-31T11:25:21Z,1140,19,0,3,1,0,1,1,1,1785497055
2026-07-31T11:25:21Z,1141,4,0,17,0,0,1,1,1,1785496092
2026-07-31T11:25:21Z,1142,2,0,19,0,0,1,1,1,1785497056
2026-07-31T11:25:21Z,1143,18,0,10,1,0,1,1,1,1785495981
2026-07-31T11:25:21Z,1144,7,1,13,1,0,1,1,1,1785496657
2026-07-31T11:25:21Z,1145,13,6,7,1,0,1,1,1,1785496803
2026-07-31T11:25:21Z,1146,4,0,12,3,0,1,1,1,1785496853
2026-07-31T11:25:21Z,1147,5,1,14,0,0,1,1,1,1785496933
2026-07-31T11:25:21Z,1148,21,6,10,0,0,1,1,1,1785497111
2026-07-31T11:25:21Z,1149,4,3,21,0,0,1,1,1,1785496077
2026-07-31T11:25:21Z,1150,15,0,4,0,0,1,1,1,1785496526
2026-07-31T11:25:21Z,1151,13,0,8,0,0,1,1,1,1785497067
2026-07-31T11:25:21Z,1152,20,0,9,0,0,1,1,1,1785497084
2026-07-31T11:25:21Z,1153,20,6,2,1,0,1,1,1,1785496956
2026-07-31T11:25:21Z,1154,13,1,6,0,0,1,1,1,1785495844
2026-07-31T11:25:21Z,1155,16,7,4,1,0,1,1,1,1785496413
2026-07-31T11:25:21Z,1158,3,0,15,1,0,1,1,1,1785496307
2026-07-31T11:25:21Z,1159,13,1,6,0,0,1,1,1,1785496663
2026-07-31T11:25:21Z,1160,8,1,10,1,0,1,1,1,1785495581
2026-07-31T11:25:21Z,1161,3,0,15,1,0,1,1,1,1785496798
2026-07-31T11:25:21Z,1162,2,1,17,0,0,1,1,1,1785497048
2026-07-31T11:25:21Z,1163,1,1,17,1,0,1,1,1,1785496425
2026-07-31T11:25:21Z,1164,6,1,13,0,0,1,1,1,1785496482
2026-07-31T11:25:21Z,1165,5,0,16,0,0,1,1,1,1785495401
2026-07-31T11:25:21Z,1166,12,2,8,1,0,1,1,1,1785496734
2026-07-31T11:25:21Z,1167,4,0,11,0,0,1,1,1,1785496187
2026-07-31T11:25:21Z,1168,1,1,21,1,0,1,1,1,1785496683
2026-07-31T11:25:21Z,1169,3,0,15,1,0,1,1,1,1785496330
2026-07-31T11:25:21Z,1170,6,0,14,1,0,1,1,1,1785496703
2026-07-31T11:25:21Z,1171,7,6,15,1,0,1,1,1,1785496379
2026-07-31T11:25:21Z,1172,6,2,7,2,0,1,1,1,1785496602
2026-07-31T11:25:21Z,1173,13,5,6,0,0,1,1,1,1785496579
2026-07-31T11:25:21Z,1174,6,3,9,0,0,1,1,1,1785496256
2026-07-31T11:25:21Z,1175,5,3,14,0,0,1,1,1,1785496110
2026-07-31T11:25:21Z,1176,19,1,2,0,0,1,1,1,1785495785
2026-07-31T11:25:21Z,1177,3,1,18,0,0,1,1,1,1785495709
2026-07-31T11:25:21Z,1178,2,1,13,0,0,1,1,1,1785496220
2026-07-31T11:25:21Z,1181,11,0,3,1,0,1,1,1,1785492552
2026-07-31T11:25:21Z,1182,2,0,18,0,0,1,1,1,1785496820
2026-07-31T11:25:21Z,1183,9,1,34,2,0,1,1,1,1785496917
2026-07-31T11:25:21Z,1184,10,5,10,1,0,1,1,1,1785497099
2026-07-31T11:25:21Z,1185,10,5,11,0,0,1,1,1,1785495839
2026-07-31T11:25:21Z,1186,9,5,10,0,0,1,1,1,1785496848
2026-07-31T11:25:21Z,1187,12,6,8,1,0,1,1,1,1785495374
2026-07-31T11:25:21Z,1188,10,5,5,0,0,1,1,1,1785496516
2026-07-31T11:25:21Z,1189,10,5,9,0,0,1,1,1,1785496608
2026-07-31T11:25:21Z,1190,9,4,12,0,0,1,1,1,1785497111
2026-07-31T11:25:21Z,1191,10,5,5,0,0,1,1,1,1785496523
2026-07-31T11:25:21Z,1192,10,6,10,1,0,1,1,1,1785496372
2026-07-31T11:25:21Z,1193,6,4,5,2,0,1,1,1,1785495542
2026-07-31T11:25:21Z,1197,9,6,7,1,0,1,1,1,1785495489
2026-07-31T11:25:21Z,1198,14,4,5,2,0,1,1,1,1785496896
2026-07-31T11:25:21Z,1199,2,0,17,0,0,1,1,1,1785496920
2026-07-31T11:25:21Z,1200,10,5,5,0,0,1,1,1,1785496558
2026-07-31T11:25:21Z,1201,10,5,5,0,0,1,1,1,1785496536
2026-07-31T11:25:21Z,1202,10,5,5,0,0,1,1,1,1785496637
2026-07-31T11:25:21Z,1203,10,5,5,0,0,1,1,1,1785496534
2026-07-31T11:25:21Z,1204,8,4,11,0,0,1,1,1,1785496774
2026-07-31T11:25:21Z,1206,11,5,10,0,0,1,1,1,1785495503
2026-07-31T11:25:21Z,1207,8,4,6,1,0,1,1,1,1785496849
2026-07-31T11:25:21Z,1208,8,3,11,0,0,1,1,1,1785496762
2026-07-31T11:25:21Z,1216,7,0,13,1,0,1,1,1,1785495732
2026-07-31T11:25:21Z,1218,4,0,17,0,0,1,1,1,1785496126
2026-07-31T11:25:21Z,1219,6,1,8,1,0,1,1,1,1785496161
2026-07-31T11:25:21Z,1220,14,7,4,1,0,1,1,1,1785495931
2026-07-31T11:25:21Z,1221,1,1,19,1,0,1,1,1,1785495439
2026-07-31T11:25:21Z,1222,27,0,2,0,0,1,1,1,1785497100
2026-07-31T11:25:21Z,1223,22,0,7,0,0,1,1,1,1785496231
2026-07-31T11:25:21Z,1226,0,0,3,0,0,0,1,1,1781868931
2026-07-31T11:25:21Z,1227,21,1,4,0,0,1,1,1,1785496225
2026-07-31T11:25:21Z,1228,15,0,14,0,0,1,1,1,1785496959
2026-07-31T11:25:21Z,1229,35,1,10,0,0,1,1,1,1785496251
2026-07-31T11:30:21Z,1,5,0,18,0,0,1,1,1,1785497381
2026-07-31T11:30:21Z,2,19,0,5,3,0,1,1,1,1785496778
2026-07-31T11:30:21Z,3,8,0,5,1,0,1,1,1,1785497278
2026-07-31T11:30:21Z,4,2,1,19,1,0,1,1,1,1785496749
2026-07-31T11:30:21Z,5,10,3,12,1,0,1,1,1,1785495606
2026-07-31T11:30:21Z,6,6,1,9,0,0,1,1,1,1785497131
2026-07-31T11:30:21Z,7,2,0,37,0,0,1,1,1,1785496278
2026-07-31T11:30:21Z,8,5,2,38,0,0,1,1,1,1785496647
2026-07-31T11:30:21Z,9,2,1,20,1,0,1,1,1,1785495678
2026-07-31T11:30:21Z,10,0,0,21,2,0,1,1,1,1785496277
2026-07-31T11:30:21Z,11,15,5,3,1,0,1,1,1,1785496865
2026-07-31T11:30:21Z,12,0,0,23,0,0,1,1,1,1785490105
2026-07-31T11:30:21Z,13,11,0,19,0,0,1,1,1,1785488834
2026-07-31T11:30:21Z,14,6,0,35,1,1,1,1,1,1785497413
2026-07-31T11:30:21Z,15,2,0,13,0,0,1,1,1,1785496271
2026-07-31T11:30:21Z,16,8,0,16,2,1,1,1,1,1785487292
2026-07-31T11:30:21Z,17,4,0,22,1,0,1,1,1,1785496946
2026-07-31T11:30:21Z,18,5,0,11,2,0,1,1,1,1785496696
2026-07-31T11:30:21Z,19,10,0,16,1,0,1,1,1,1785497356
2026-07-31T11:30:21Z,20,30,0,5,0,0,1,1,1,1785497064
2026-07-31T11:30:21Z,21,7,0,11,1,0,1,1,1,1785497386
2026-07-31T11:30:21Z,22,21,0,43,1,0,1,1,1,1785497072
2026-07-31T11:30:21Z,23,13,5,18,0,0,1,1,1,1785497060
2026-07-31T11:30:21Z,24,1,1,8,2,0,1,1,1,1785497404
2026-07-31T11:30:21Z,25,3,2,77,0,1,1,1,1,1785497115
2026-07-31T11:30:21Z,26,0,0,27,0,0,1,1,1,1785496791
2026-07-31T11:30:21Z,28,11,3,4,0,0,1,1,1,1785495670
2026-07-31T11:30:21Z,30,2,0,26,1,0,1,1,1,1785496613
2026-07-31T11:30:21Z,31,0,0,17,2,0,1,1,1,1785497264
2026-07-31T11:30:21Z,32,12,0,15,0,0,1,1,1,1785497345
2026-07-31T11:30:21Z,34,8,2,28,1,0,1,1,1,1785496449
2026-07-31T11:30:21Z,35,7,3,39,1,0,1,1,1,1785496864
2026-07-31T11:30:21Z,36,0,0,0,0,0,0,1,1,86400
2026-07-31T11:30:21Z,37,1,0,22,0,0,1,1,1,1785495848
2026-07-31T11:30:21Z,38,6,0,17,0,0,1,1,1,1785497057
2026-07-31T11:30:21Z,39,22,5,17,0,0,1,1,1,1785495289
2026-07-31T11:30:21Z,40,20,1,0,1,0,1,1,1,1785496581
2026-07-31T11:30:21Z,41,6,2,36,1,0,1,1,1,1785497319
2026-07-31T11:30:21Z,42,31,8,0,0,0,1,1,1,1785472558
2026-07-31T11:30:21Z,43,4,0,19,0,0,1,1,1,1785497380
2026-07-31T11:30:21Z,45,6,3,22,1,0,1,1,1,1785496085
2026-07-31T11:30:21Z,46,11,0,20,0,0,1,1,1,1785497358
2026-07-31T11:30:21Z,47,10,6,4,1,0,1,1,1,1785495668
2026-07-31T11:30:21Z,48,4,0,23,0,0,1,1,1,1785496252
2026-07-31T11:30:21Z,49,5,0,15,3,0,1,1,1,1785497409
2026-07-31T11:30:21Z,50,18,11,1,0,0,1,1,1,1785495744
2026-07-31T11:30:21Z,51,67,0,10,0,0,1,1,1,1785496670
2026-07-31T11:30:21Z,52,4,0,20,3,0,1,1,1,1785497324
2026-07-31T11:30:21Z,55,2,1,21,0,0,1,1,1,1785497268
2026-07-31T11:30:21Z,56,2,0,41,0,0,1,1,1,1785497136
2026-07-31T11:30:21Z,57,1,0,26,0,0,1,1,1,1785497276
2026-07-31T11:30:21Z,58,2,1,26,0,0,1,1,1,1785495616
2026-07-31T11:30:21Z,59,10,0,15,2,0,1,1,1,1785497274
2026-07-31T11:30:21Z,61,3,1,36,0,0,1,1,1,1785496753
2026-07-31T11:30:21Z,62,10,4,38,1,0,1,1,1,1785496991
2026-07-31T11:30:21Z,63,11,0,8,0,0,1,1,1,1785496219
2026-07-31T11:30:21Z,64,10,1,5,4,0,1,1,1,1785493091
2026-07-31T11:30:21Z,65,16,7,2,1,0,1,1,1,1785491350
2026-07-31T11:30:21Z,67,17,0,22,0,0,1,1,1,1785496634
2026-07-31T11:30:21Z,68,4,1,33,0,0,1,1,1,1785497369
2026-07-31T11:30:21Z,69,11,0,4,0,0,1,1,1,1785496678
2026-07-31T11:30:21Z,71,2,0,24,1,0,1,1,1,1785496823
2026-07-31T11:30:21Z,72,21,6,8,2,0,1,1,1,1785497036
2026-07-31T11:30:21Z,73,10,1,21,0,0,1,1,1,1785497362
2026-07-31T11:30:21Z,74,11,5,8,0,0,1,1,1,1785495797
2026-07-31T11:30:21Z,75,4,0,27,1,0,1,1,1,1785495138
2026-07-31T11:30:21Z,76,5,0,13,1,0,1,1,1,1785497407
2026-07-31T11:30:21Z,77,24,0,2,1,0,1,1,1,1785494000
2026-07-31T11:30:21Z,78,9,4,13,1,0,1,1,1,1785496859
2026-07-31T11:30:21Z,79,2,2,14,1,0,1,1,1,1785496351
2026-07-31T11:30:21Z,80,17,1,3,3,0,1,1,1,1785497398
2026-07-31T11:30:21Z,81,5,1,26,0,0,1,1,1,1785495915
2026-07-31T11:30:21Z,82,15,1,8,0,0,1,1,1,1785497399
2026-07-31T11:30:21Z,83,7,1,25,2,0,1,1,1,1785497402
2026-07-31T11:30:21Z,84,23,0,4,0,0,1,1,1,1785493962
2026-07-31T11:30:21Z,85,3,1,12,0,0,1,1,1,1785496579
2026-07-31T11:30:21Z,86,25,0,1,1,0,1,1,1,1785486691
2026-07-31T11:30:21Z,87,12,0,7,0,0,1,1,1,1785497387
2026-07-31T11:30:21Z,88,4,0,38,1,0,1,1,1,1785496053
2026-07-31T11:30:21Z,89,22,0,13,0,0,1,1,1,1785487292
2026-07-31T11:30:21Z,90,7,2,9,2,0,1,1,1,1785497099
2026-07-31T11:30:21Z,91,14,0,3,0,0,1,1,1,1785496160
2026-07-31T11:30:21Z,92,8,1,8,3,0,1,1,1,1785497393
2026-07-31T11:30:21Z,93,2,0,21,0,0,1,1,1,1785495930
2026-07-31T11:30:21Z,94,3,0,15,1,0,1,1,1,1785492659
2026-07-31T11:30:21Z,95,23,1,10,1,1,1,1,1,1785496748
2026-07-31T11:30:21Z,96,26,0,4,1,0,1,1,1,1785497022
2026-07-31T11:30:21Z,97,1,1,15,1,0,1,1,1,1785497196
2026-07-31T11:30:21Z,98,23,0,11,1,0,1,1,1,1785496941
2026-07-31T11:30:21Z,99,3,0,12,0,0,1,1,1,1785495473
2026-07-31T11:30:21Z,100,1,0,26,0,0,1,1,1,1785497316
2026-07-31T11:30:21Z,101,1,0,13,2,0,1,1,1,1785497046
2026-07-31T11:30:21Z,102,0,0,23,0,0,1,1,1,1785487553
2026-07-31T11:30:21Z,103,9,1,21,0,0,1,1,1,1785497316
2026-07-31T11:30:21Z,104,0,0,25,2,0,1,1,1,1785497412
2026-07-31T11:30:21Z,105,14,1,5,0,0,1,1,1,1785495616
2026-07-31T11:30:21Z,106,3,0,18,0,0,1,1,1,1785496954
2026-07-31T11:30:21Z,107,5,2,32,0,0,1,1,1,1785497193
2026-07-31T11:30:21Z,108,10,2,24,1,0,1,1,1,1785497178
2026-07-31T11:30:21Z,109,21,0,2,0,0,1,1,1,1785497334
2026-07-31T11:30:21Z,110,11,0,12,0,0,1,1,1,1785496783
2026-07-31T11:30:21Z,111,1,1,35,0,0,1,1,1,1785497165
2026-07-31T11:30:21Z,112,1,0,13,1,0,1,1,1,1785496898
2026-07-31T11:30:21Z,113,7,0,10,2,0,1,1,1,1785497352
2026-07-31T11:30:21Z,114,6,6,23,1,1,1,1,1,1785497131
2026-07-31T11:30:21Z,115,6,3,21,1,0,1,1,1,1785497044
2026-07-31T11:30:21Z,116,3,3,23,1,0,1,1,1,1785487594
2026-07-31T11:30:21Z,118,19,8,2,2,0,1,1,1,1785497380
2026-07-31T11:30:21Z,119,23,1,11,4,0,1,1,1,1785496655
2026-07-31T11:30:21Z,120,19,1,7,1,0,1,1,1,1785497113
2026-07-31T11:30:21Z,121,3,1,15,0,1,1,1,1,1785497142
2026-07-31T11:30:21Z,122,8,1,12,1,0,1,1,1,1785495940
2026-07-31T11:30:21Z,123,10,2,37,0,0,1,1,1,1785497302
2026-07-31T11:30:21Z,124,26,0,9,0,0,1,1,1,1785497214
2026-07-31T11:30:21Z,125,6,4,17,0,0,1,1,1,1785497312
2026-07-31T11:30:21Z,126,23,2,8,0,0,1,1,1,1785496708
2026-07-31T11:30:21Z,127,10,1,23,2,0,1,1,1,1785497389
2026-07-31T11:30:21Z,128,15,0,4,0,0,1,1,1,1785497052
2026-07-31T11:30:21Z,129,15,1,2,2,0,1,1,1,1785497227
2026-07-31T11:30:21Z,130,5,1,12,0,0,1,1,1,1785495263
2026-07-31T11:30:21Z,131,9,3,0,2,0,1,1,1,1785495384
2026-07-31T11:30:21Z,132,13,6,1,0,1,1,1,1,1785494491
2026-07-31T11:30:21Z,134,2,0,16,5,0,1,1,1,1785497359
2026-07-31T11:30:21Z,135,5,4,13,1,0,1,1,1,1785495502
2026-07-31T11:30:21Z,136,6,0,8,2,7,1,1,1,1785497368
2026-07-31T11:30:21Z,137,7,1,12,0,0,1,1,1,1785497196
2026-07-31T11:30:21Z,138,34,2,3,0,0,1,1,1,1785497405
2026-07-31T11:30:21Z,139,15,3,4,0,0,1,1,1,1785497412
2026-07-31T11:30:21Z,140,9,6,13,1,0,1,1,1,1785497411
2026-07-31T11:30:21Z,141,30,0,6,0,0,1,1,1,1785497335
2026-07-31T11:30:21Z,142,21,0,2,0,0,1,1,1,1785496237
2026-07-31T11:30:21Z,143,12,1,18,1,0,1,1,1,1785496435
2026-07-31T11:30:21Z,144,22,0,5,0,0,1,1,1,1785497180
2026-07-31T11:30:21Z,146,5,1,17,1,0,1,1,1,1785495397
2026-07-31T11:30:21Z,147,13,2,4,2,0,1,1,1,1785497296
2026-07-31T11:30:21Z,148,21,0,5,0,1,1,1,1,1785497347
2026-07-31T11:30:21Z,149,17,3,10,0,0,1,1,1,1785496243
2026-07-31T11:30:21Z,150,22,6,10,3,0,1,1,1,1785497104
2026-07-31T11:30:21Z,151,17,6,6,0,0,1,1,1,1785497402
2026-07-31T11:30:21Z,152,15,2,8,4,0,1,1,1,1785497100
2026-07-31T11:30:21Z,153,12,1,13,6,0,1,1,1,1785497406
2026-07-31T11:30:21Z,154,13,2,7,3,0,1,1,1,1785497400
2026-07-31T11:30:21Z,155,10,4,3,1,0,1,1,1,1785497210
2026-07-31T11:30:21Z,156,6,0,13,0,0,1,1,1,1785497385
2026-07-31T11:30:21Z,157,11,0,14,2,0,1,1,1,1785497257
2026-07-31T11:30:21Z,158,15,2,1,0,0,1,1,1,1785496978
2026-07-31T11:30:21Z,159,0,0,19,0,0,1,1,1,1785497085
2026-07-31T11:30:21Z,160,14,0,5,0,0,1,1,1,1785497349
2026-07-31T11:30:21Z,161,20,4,2,0,0,1,1,1,1785496444
2026-07-31T11:30:21Z,162,12,0,14,1,0,1,1,1,1785496015
2026-07-31T11:30:21Z,163,22,2,8,0,1,1,1,1,1785497123
2026-07-31T11:30:21Z,164,24,7,3,0,0,1,1,1,1785496360
2026-07-31T11:30:21Z,165,24,11,6,1,0,1,1,1,1785497273
2026-07-31T11:30:21Z,166,32,8,3,4,0,1,1,1,1785497405
2026-07-31T11:30:21Z,167,15,8,6,2,0,1,1,1,1785496692
2026-07-31T11:30:21Z,168,18,1,7,2,0,1,1,1,1785497336
2026-07-31T11:30:21Z,169,1,0,21,0,1,1,1,1,1785497237
2026-07-31T11:30:21Z,170,17,5,1,1,0,1,1,1,1785495962
2026-07-31T11:30:21Z,171,8,2,3,2,0,1,1,1,1785497394
2026-07-31T11:30:21Z,173,35,0,4,0,0,1,1,1,1785497384
2026-07-31T11:30:21Z,174,19,1,5,2,0,1,1,1,1785497215
2026-07-31T11:30:21Z,175,8,0,23,0,0,1,1,1,1785497290
2026-07-31T11:30:21Z,176,4,1,10,0,1,1,1,1,1785497062
2026-07-31T11:30:21Z,177,17,2,10,0,0,1,1,1,1785497413
2026-07-31T11:30:21Z,178,2,0,10,2,1,1,1,1,1785497412
2026-07-31T11:30:21Z,179,11,1,3,1,0,1,1,1,1785496429
2026-07-31T11:30:21Z,180,2,0,28,0,0,1,1,1,1785497022
2026-07-31T11:30:21Z,181,11,0,4,0,0,1,1,1,1785497057
2026-07-31T11:30:21Z,182,9,0,8,0,0,1,1,1,1785497030
2026-07-31T11:30:21Z,183,12,0,11,0,0,1,1,1,1785494891
2026-07-31T11:30:21Z,184,5,0,17,1,0,1,1,1,1785497294
2026-07-31T11:30:21Z,185,10,0,2,2,1,1,1,1,1785496645
2026-07-31T11:30:21Z,186,3,0,16,0,0,1,1,1,1785497321
2026-07-31T11:30:21Z,187,8,0,19,1,0,1,1,1,1785497307
2026-07-31T11:30:21Z,188,10,0,9,8,0,1,1,1,1785497398
2026-07-31T11:30:21Z,189,13,3,1,1,0,1,1,1,1785497319
2026-07-31T11:30:21Z,190,7,1,16,0,0,1,1,1,1785496971
2026-07-31T11:30:21Z,191,3,1,36,0,0,1,1,1,1785496688
2026-07-31T11:30:21Z,192,9,1,19,3,0,1,1,1,1785496653
2026-07-31T11:30:21Z,193,0,0,14,1,0,1,1,1,1785497216
2026-07-31T11:30:21Z,194,12,1,14,1,0,1,1,1,1785495357
2026-07-31T11:30:21Z,195,9,3,10,0,0,1,1,1,1785497289
2026-07-31T11:30:21Z,196,16,1,11,0,0,1,1,1,1785497335
2026-07-31T11:30:21Z,197,15,4,3,0,1,1,1,1,1785497011
2026-07-31T11:30:21Z,198,17,15,6,0,0,1,1,1,1785494878
2026-07-31T11:30:21Z,199,7,7,7,1,0,1,1,1,1785496746
2026-07-31T11:30:21Z,200,12,0,13,1,0,1,1,1,1785492701
2026-07-31T11:30:21Z,201,2,1,21,0,0,1,1,1,1785496602
2026-07-31T11:30:21Z,202,0,0,27,0,0,1,1,1,1785494022
2026-07-31T11:30:21Z,203,26,2,4,1,0,1,1,1,1785497162
2026-07-31T11:30:21Z,204,25,0,9,1,0,1,1,1,1785496494
2026-07-31T11:30:21Z,205,10,1,17,0,0,1,1,1,1785496943
2026-07-31T11:30:21Z,206,2,2,12,1,0,1,1,1,1785495327
2026-07-31T11:30:21Z,207,12,0,9,0,0,1,1,1,1785495428
2026-07-31T11:30:21Z,208,6,1,23,0,0,1,1,1,1785497290
2026-07-31T11:30:21Z,209,5,0,23,3,0,1,1,1,1785497164
2026-07-31T11:30:21Z,210,24,2,3,0,0,1,1,1,1785496670
2026-07-31T11:30:21Z,211,11,5,10,2,0,1,1,1,1785497412
2026-07-31T11:30:21Z,212,25,1,9,1,0,1,1,1,1785497318
2026-07-31T11:30:21Z,213,10,1,11,2,0,1,1,1,1785497119
2026-07-31T11:30:21Z,214,21,0,24,2,0,1,1,1,1785497411
2026-07-31T11:30:21Z,215,5,2,17,1,0,1,1,1,1785492966
2026-07-31T11:30:21Z,216,7,0,11,1,0,1,1,1,1785491552
2026-07-31T11:30:21Z,217,9,0,19,1,0,1,1,1,1785497163
2026-07-31T11:30:21Z,218,18,4,19,2,0,1,1,1,1785497410
2026-07-31T11:30:21Z,219,3,1,22,1,0,1,1,1,1785497067
2026-07-31T11:30:21Z,220,24,6,18,0,1,1,1,1,1785496769
2026-07-31T11:30:21Z,221,9,7,4,2,0,1,1,1,1785497282
2026-07-31T11:30:21Z,222,11,11,7,1,0,1,1,1,1785497309
2026-07-31T11:30:21Z,223,11,3,20,4,0,1,1,1,1785497412
2026-07-31T11:30:21Z,224,7,5,15,0,0,1,1,1,1785496266
2026-07-31T11:30:21Z,225,13,1,0,6,0,1,1,1,1785496731
2026-07-31T11:30:21Z,226,28,8,2,1,0,1,1,1,1785496818
2026-07-31T11:30:21Z,227,23,14,2,1,1,1,1,1,1785496945
2026-07-31T11:30:21Z,228,2,0,16,1,0,1,1,1,1785495859
2026-07-31T11:30:21Z,230,14,7,12,0,0,1,1,1,1785496536
2026-07-31T11:30:21Z,232,12,7,4,1,0,1,1,1,1785496068
2026-07-31T11:30:21Z,233,16,0,13,2,0,1,1,1,1785497376
2026-07-31T11:30:21Z,234,7,3,7,3,2,1,1,1,1785497297
2026-07-31T11:30:21Z,236,10,1,9,0,0,1,1,1,1785495587
2026-07-31T11:30:21Z,237,20,4,2,1,0,1,1,1,1785492227
2026-07-31T11:30:21Z,239,20,17,4,3,0,1,1,1,1785496988
2026-07-31T11:30:21Z,241,18,6,4,1,0,1,1,1,1785495737
2026-07-31T11:30:21Z,242,2,2,20,1,0,1,1,1,1785496084
2026-07-31T11:30:21Z,243,8,1,22,1,0,1,1,1,1785497255
2026-07-31T11:30:21Z,244,13,2,13,1,0,1,1,1,1785496533
2026-07-31T11:30:21Z,245,5,4,18,0,0,1,1,1,1785497360
2026-07-31T11:30:21Z,246,13,0,10,0,0,1,1,1,1785496399
2026-07-31T11:30:21Z,247,11,10,11,1,0,1,1,1,1785495667
2026-07-31T11:30:21Z,248,19,5,2,2,0,1,1,1,1785497262
2026-07-31T11:30:21Z,249,5,2,14,0,0,1,1,1,1785495511
2026-07-31T11:30:21Z,250,23,7,4,0,0,1,1,1,1785494630
2026-07-31T11:30:21Z,251,20,5,5,2,0,1,1,1,1785497216
2026-07-31T11:30:21Z,253,7,2,12,0,0,1,1,1,1785496816
2026-07-31T11:30:21Z,254,21,20,21,1,0,1,1,1,1785497213
2026-07-31T11:30:21Z,255,0,0,22,0,1,1,1,1,1785497322
2026-07-31T11:30:21Z,256,7,4,14,2,0,1,1,1,1785496830
2026-07-31T11:30:21Z,257,13,5,6,0,0,1,1,1,1785497012
2026-07-31T11:30:21Z,258,19,1,0,0,0,1,1,1,1785497039
2026-07-31T11:30:21Z,259,19,3,3,0,1,1,1,1,1785494976
2026-07-31T11:30:21Z,260,8,1,7,4,0,1,1,1,1785497407
2026-07-31T11:30:21Z,261,13,0,4,1,1,1,1,1,1785496517
2026-07-31T11:30:21Z,262,14,9,8,1,0,1,1,1,1785497337
2026-07-31T11:30:21Z,263,10,0,5,0,0,1,1,1,1785497281
2026-07-31T11:30:21Z,264,11,2,5,3,0,1,1,1,1785496029
2026-07-31T11:30:21Z,265,12,0,3,0,0,1,1,1,1785495664
2026-07-31T11:30:21Z,266,13,7,4,2,0,1,1,1,1785496541
2026-07-31T11:30:21Z,267,6,2,7,2,0,1,1,1,1785496732
2026-07-31T11:30:21Z,268,23,9,0,0,0,1,1,1,1785484887
2026-07-31T11:30:21Z,269,8,3,15,0,0,1,1,1,1785496011
2026-07-31T11:30:21Z,270,23,1,4,0,0,1,1,1,1785491481
2026-07-31T11:30:21Z,271,3,0,14,2,0,1,1,1,1785496257
2026-07-31T11:30:21Z,272,13,13,10,0,0,1,1,1,1785495153
2026-07-31T11:30:21Z,273,13,5,2,0,0,1,1,1,1785492772
2026-07-31T11:30:21Z,274,15,6,3,1,0,1,1,1,1785496720
2026-07-31T11:30:21Z,275,13,0,6,2,2,1,1,1,1785497351
2026-07-31T11:30:21Z,276,3,2,24,0,0,1,1,1,1785496927
2026-07-31T11:30:21Z,277,13,1,5,5,0,1,1,1,1785497401
2026-07-31T11:30:21Z,278,17,2,11,2,1,1,1,1,1785497054
2026-07-31T11:30:21Z,279,14,0,5,0,0,1,1,1,1785497403
2026-07-31T11:30:21Z,280,10,2,18,3,0,1,1,1,1785497322
2026-07-31T11:30:21Z,281,19,0,0,0,0,1,1,1,1785486089
2026-07-31T11:30:21Z,282,5,2,13,0,0,1,1,1,1785484887
2026-07-31T11:30:21Z,283,31,1,4,0,0,1,1,1,1785497151
2026-07-31T11:30:21Z,284,15,2,18,2,0,1,1,1,1785497411
2026-07-31T11:30:21Z,285,8,7,15,0,0,1,1,1,1785485188
2026-07-31T11:30:21Z,286,14,14,5,4,0,1,1,1,1785497240
2026-07-31T11:30:21Z,287,15,4,5,3,0,1,1,1,1785496139
2026-07-31T11:30:21Z,288,11,8,8,0,0,1,1,1,1785497254
2026-07-31T11:30:21Z,289,21,1,3,3,0,1,1,1,1785496128
2026-07-31T11:30:21Z,290,9,0,29,1,0,1,1,1,1785494483
2026-07-31T11:30:21Z,291,6,1,15,2,0,1,1,1,1785496941
2026-07-31T11:30:21Z,292,20,0,2,1,0,1,1,1,1785495982
2026-07-31T11:30:21Z,293,16,10,7,0,0,1,1,1,1785497407
2026-07-31T11:30:21Z,294,1,1,20,1,0,1,1,1,1785493458
2026-07-31T11:30:21Z,297,12,3,5,1,1,1,1,1,1785496910
2026-07-31T11:30:21Z,301,17,0,2,0,0,1,1,1,1785496440
2026-07-31T11:30:21Z,302,1,0,22,0,0,1,1,1,1785495703
2026-07-31T11:30:21Z,303,16,0,3,0,0,1,1,1,1785496448
2026-07-31T11:30:21Z,304,0,0,0,0,0,0,1,1,86400
2026-07-31T11:30:21Z,305,3,0,15,1,0,1,1,1,1785497403
2026-07-31T11:30:21Z,306,3,0,28,1,0,1,1,1,1785495144
2026-07-31T11:30:21Z,307,17,0,4,1,1,1,1,1,1785497124
2026-07-31T11:30:21Z,308,17,0,0,2,0,1,1,1,1785496461
2026-07-31T11:30:21Z,309,12,3,1,1,0,1,1,1,1785495417
2026-07-31T11:30:21Z,311,15,0,0,0,0,1,1,1,1785486992
2026-07-31T11:30:21Z,312,4,2,14,4,1,1,1,1,1785497133
2026-07-31T11:30:21Z,313,3,1,12,0,0,1,1,1,1785486991
2026-07-31T11:30:21Z,314,4,3,11,3,0,1,1,1,1785486991
2026-07-31T11:30:21Z,315,21,5,8,2,0,1,1,1,1785497348
2026-07-31T11:30:21Z,316,0,0,25,5,1,1,1,1,1785497372
2026-07-31T11:30:21Z,317,0,0,30,0,1,1,1,1,1785497294
2026-07-31T11:30:21Z,318,16,0,3,0,0,1,1,1,1785486991
2026-07-31T11:30:21Z,319,20,4,2,1,0,1,1,1,1785496418
2026-07-31T11:30:21Z,320,16,5,2,1,0,1,1,1,1785495214
2026-07-31T11:30:21Z,321,8,2,7,4,0,1,1,1,1785497239
2026-07-31T11:30:21Z,322,6,1,22,1,0,1,1,1,1785497204
2026-07-31T11:30:21Z,323,10,0,9,0,0,1,1,1,1785496848
2026-07-31T11:30:21Z,324,23,6,3,1,0,1,1,1,1785497401
2026-07-31T11:30:21Z,325,4,2,19,4,0,1,1,1,1785497062
2026-07-31T11:30:21Z,327,24,0,2,1,0,1,1,1,1785496286
2026-07-31T11:30:21Z,328,16,0,5,1,0,1,1,1,1785497412
2026-07-31T11:30:21Z,329,16,0,1,2,0,1,1,1,1785496402
2026-07-31T11:30:21Z,330,1,0,21,0,0,1,1,1,1785495617
2026-07-31T11:30:21Z,331,7,2,15,1,0,1,1,1,1785497175
2026-07-31T11:30:21Z,332,10,2,7,2,0,1,1,1,1785495613
2026-07-31T11:30:21Z,333,2,2,20,1,0,1,1,1,1785497162
2026-07-31T11:30:21Z,334,8,7,15,0,0,1,1,1,1785496773
2026-07-31T11:30:21Z,335,2,1,19,1,1,1,1,1,1785496901
2026-07-31T11:30:21Z,336,17,2,2,0,0,1,1,1,1785496291
2026-07-31T11:30:21Z,337,17,5,1,5,0,1,1,1,1785497305
2026-07-31T11:30:21Z,338,13,6,6,0,0,1,1,1,1785496612
2026-07-31T11:30:21Z,339,21,9,2,0,0,1,1,1,1785497234
2026-07-31T11:30:21Z,340,13,11,1,1,0,1,1,1,1785496245
2026-07-31T11:30:21Z,341,8,2,11,0,0,1,1,1,1785497183
2026-07-31T11:30:21Z,342,7,3,5,3,0,1,1,1,1785497280
2026-07-31T11:30:21Z,343,18,1,4,1,0,1,1,1,1785496922
2026-07-31T11:30:21Z,344,23,9,0,0,0,1,1,1,1785488186
2026-07-31T11:30:21Z,345,18,3,1,0,0,1,1,1,1785496885
2026-07-31T11:30:21Z,346,10,6,13,0,0,1,1,1,1785496194
2026-07-31T11:30:21Z,347,28,6,14,2,0,1,1,1,1785497364
2026-07-31T11:30:21Z,348,21,3,0,1,1,1,1,1,1785497242
2026-07-31T11:30:21Z,349,8,2,11,0,0,1,1,1,1785496603
2026-07-31T11:30:21Z,350,23,3,2,1,1,1,1,1,1785497157
2026-07-31T11:30:21Z,351,15,2,5,3,0,1,1,1,1785497236
2026-07-31T11:30:21Z,355,22,1,1,0,0,1,1,1,1785496462
2026-07-31T11:30:21Z,356,16,0,2,1,0,1,1,1,1785493586
2026-07-31T11:30:21Z,357,8,4,11,0,0,1,1,1,1785496664
2026-07-31T11:30:21Z,358,21,3,5,1,0,1,1,1,1785497252
2026-07-31T11:30:21Z,359,17,0,10,0,0,1,1,1,1785495976
2026-07-31T11:30:21Z,360,12,3,5,2,0,1,1,1,1785496464
2026-07-31T11:30:21Z,362,15,4,2,2,0,1,1,1,1785497306
2026-07-31T11:30:21Z,363,3,0,24,0,0,1,1,1,1785497169
2026-07-31T11:30:21Z,364,17,3,2,0,0,1,1,1,1785496544
2026-07-31T11:30:21Z,365,13,2,6,4,0,1,1,1,1785497195
2026-07-31T11:30:21Z,366,8,7,8,7,0,1,1,1,1785497352
2026-07-31T11:30:21Z,367,14,9,3,2,0,1,1,1,1785497196
2026-07-31T11:30:21Z,368,17,3,4,2,0,1,1,1,1785496928
2026-07-31T11:30:21Z,370,9,7,18,0,0,1,1,1,1785495224
2026-07-31T11:30:21Z,371,4,0,14,1,0,1,1,1,1785497231
2026-07-31T11:30:21Z,372,6,1,9,0,0,1,1,1,1785494163
2026-07-31T11:30:21Z,373,25,9,2,0,0,1,1,1,1785493650
2026-07-31T11:30:21Z,374,15,6,2,2,0,1,1,1,1785497280
2026-07-31T11:30:21Z,375,20,8,3,4,0,1,1,1,1785497366
2026-07-31T11:30:21Z,376,29,5,5,5,0,1,1,1,1785496543
2026-07-31T11:30:21Z,377,23,9,4,0,0,1,1,1,1785493056
2026-07-31T11:30:21Z,378,19,5,3,1,1,1,1,1,1785497195
2026-07-31T11:30:21Z,379,14,1,13,0,0,1,1,1,1785497267
2026-07-31T11:30:21Z,380,19,6,4,0,0,1,1,1,1785496843
2026-07-31T11:30:21Z,381,6,0,16,1,0,1,1,1,1785497277
2026-07-31T11:30:21Z,383,12,0,2,1,0,1,1,1,1785497094
2026-07-31T11:30:21Z,384,24,1,2,1,0,1,1,1,1785492881
2026-07-31T11:30:21Z,385,16,4,0,2,0,1,1,1,1785496496
2026-07-31T11:30:21Z,387,20,2,3,0,0,1,1,1,1785496960
2026-07-31T11:30:21Z,388,18,2,31,0,0,1,1,1,1785497173
2026-07-31T11:30:21Z,389,8,7,7,0,0,1,1,1,1785495116
2026-07-31T11:30:21Z,390,16,0,19,0,0,1,1,1,1785497230
2026-07-31T11:30:21Z,391,3,0,11,1,0,1,1,1,1785497329
2026-07-31T11:30:21Z,392,2,2,16,1,0,1,1,1,1785497178
2026-07-31T11:30:21Z,393,3,3,5,3,0,1,1,1,1785487292
2026-07-31T11:30:21Z,394,7,4,4,2,0,1,1,1,1785496484
2026-07-31T11:30:21Z,396,9,7,30,3,0,1,1,1,1785495633
2026-07-31T11:30:21Z,397,5,5,26,0,0,1,1,1,1785497106
2026-07-31T11:30:21Z,399,11,0,4,2,0,1,1,1,1785497411
2026-07-31T11:30:21Z,400,10,5,9,4,0,1,1,1,1785496543
2026-07-31T11:30:21Z,401,5,0,26,8,0,1,1,1,1785496346
2026-07-31T11:30:21Z,403,19,0,9,3,0,1,1,1,1785497413
2026-07-31T11:30:21Z,404,2,2,20,1,0,1,1,1,1785497225
2026-07-31T11:30:21Z,406,2,2,32,1,0,1,1,1,1785497256
2026-07-31T11:30:21Z,407,17,3,16,1,0,1,1,1,1785495804
2026-07-31T11:30:21Z,408,13,3,18,2,0,1,1,1,1785497327
2026-07-31T11:30:21Z,409,1,0,19,3,0,1,1,1,1785493289
2026-07-31T11:30:21Z,413,19,5,2,2,0,1,1,1,1785497033
2026-07-31T11:30:21Z,414,10,2,4,1,0,1,1,1,1785495352
2026-07-31T11:30:21Z,417,12,8,7,0,0,1,1,1,1785497232
2026-07-31T11:30:21Z,418,1,0,14,0,0,1,1,1,1785490913
2026-07-31T11:30:21Z,419,10,0,12,1,0,1,1,1,1785487895
2026-07-31T11:30:21Z,421,2,0,17,0,0,1,1,1,1785496453
2026-07-31T11:30:21Z,422,4,3,22,1,0,1,1,1,1785493261
2026-07-31T11:30:21Z,423,3,2,20,0,0,1,1,1,1785495719
2026-07-31T11:30:21Z,424,4,2,8,3,0,1,1,1,1785497194
2026-07-31T11:30:21Z,425,17,0,4,0,1,1,1,1,1785495951
2026-07-31T11:30:21Z,426,0,0,35,2,0,1,1,1,1785496425
2026-07-31T11:30:21Z,427,13,1,1,1,0,1,1,1,1785497097
2026-07-31T11:30:21Z,428,17,2,1,1,0,1,1,1,1785496319
2026-07-31T11:30:21Z,429,1,1,20,2,0,1,1,1,1785497410
2026-07-31T11:30:21Z,430,28,0,0,3,0,1,1,1,1785496636
2026-07-31T11:30:21Z,431,15,0,17,1,0,1,1,1,1785495603
2026-07-31T11:30:21Z,432,17,0,12,2,0,0,1,1,1785495998
2026-07-31T11:30:21Z,433,18,5,3,2,0,1,1,1,1785495888
2026-07-31T11:30:21Z,437,2,2,16,1,0,1,1,1,1785496820
2026-07-31T11:30:21Z,438,16,0,2,1,0,1,1,1,1785497256
2026-07-31T11:30:21Z,439,5,0,10,0,0,1,1,1,1785494601
2026-07-31T11:30:21Z,440,12,3,1,2,0,1,1,1,1785497234
2026-07-31T11:30:21Z,441,12,1,2,1,0,1,1,1,1785495062
2026-07-31T11:30:21Z,442,16,9,2,1,0,1,1,1,1785496960
2026-07-31T11:30:21Z,443,4,2,23,0,0,1,1,1,1785485488
2026-07-31T11:30:21Z,444,2,2,21,0,0,1,1,1,1785485488
2026-07-31T11:30:21Z,445,7,2,15,1,0,1,1,1,1785497343
2026-07-31T11:30:21Z,446,0,0,22,1,0,1,1,1,1785494652
2026-07-31T11:30:21Z,447,3,0,18,1,1,1,1,1,1785496389
2026-07-31T11:30:21Z,448,9,4,5,1,0,1,1,1,1785487895
2026-07-31T11:30:21Z,452,7,5,11,1,0,1,1,1,1785496909
2026-07-31T11:30:21Z,453,6,5,8,1,0,1,1,1,1785497385
2026-07-31T11:30:21Z,454,9,0,10,0,0,1,1,1,1785496511
2026-07-31T11:30:21Z,455,3,1,36,0,0,1,1,1,1785497314
2026-07-31T11:30:21Z,456,8,0,11,1,0,1,1,1,1785497275
2026-07-31T11:30:21Z,457,24,2,1,2,0,1,1,1,1785497302
2026-07-31T11:30:21Z,458,10,4,13,0,0,1,1,1,1785495744
2026-07-31T11:30:21Z,459,14,0,1,0,0,1,1,1,1785496514
2026-07-31T11:30:21Z,460,18,2,4,1,0,1,1,1,1785496807
2026-07-31T11:30:21Z,461,7,1,12,0,0,1,1,1,1785496770
2026-07-31T11:30:21Z,462,15,1,6,0,0,1,1,1,1785496514
2026-07-31T11:30:21Z,463,13,1,6,0,0,1,1,1,1785487897
2026-07-31T11:30:21Z,464,3,1,11,0,0,1,1,1,1785485789
2026-07-31T11:30:21Z,465,0,0,14,1,0,1,1,1,1785496369
2026-07-31T11:30:21Z,466,12,3,1,2,0,1,1,1,1785497185
2026-07-31T11:30:21Z,467,1,1,18,0,0,1,1,1,1785497262
2026-07-31T11:30:21Z,468,17,1,1,1,0,1,1,1,1785485789
2026-07-31T11:30:21Z,469,1,1,22,0,0,1,1,1,1785497045
2026-07-31T11:30:21Z,470,11,1,2,2,0,1,1,1,1785497130
2026-07-31T11:30:21Z,471,22,2,5,0,0,1,1,1,1785487895
2026-07-31T11:30:21Z,472,14,4,4,1,0,1,1,1,1785497397
2026-07-31T11:30:21Z,473,18,4,1,0,0,1,1,1,1785496016
2026-07-31T11:30:21Z,474,15,0,4,0,0,1,1,1,1785495804
2026-07-31T11:30:21Z,475,5,1,13,1,0,1,1,1,1785492726
2026-07-31T11:30:21Z,477,8,6,6,1,0,1,1,1,1785496817
2026-07-31T11:30:21Z,478,5,0,25,1,0,1,1,1,1785496843
2026-07-31T11:30:21Z,479,2,0,24,1,0,1,1,1,1785497259
2026-07-31T11:30:21Z,480,3,0,9,3,0,1,1,1,1785495583
2026-07-31T11:30:21Z,481,28,0,6,1,0,1,1,1,1785497367
2026-07-31T11:30:21Z,482,17,6,2,0,0,1,1,1,1785495430
2026-07-31T11:30:21Z,483,1,0,24,2,0,1,1,1,1785497380
2026-07-31T11:30:21Z,484,4,1,14,1,0,1,1,1,1785497136
2026-07-31T11:30:21Z,485,15,6,2,1,1,1,1,1,1785497204
2026-07-31T11:30:21Z,486,22,4,2,3,0,1,1,1,1785497383
2026-07-31T11:30:21Z,487,3,3,15,1,0,1,1,1,1785497326
2026-07-31T11:30:21Z,489,11,5,3,1,0,1,1,1,1785496344
2026-07-31T11:30:21Z,490,3,1,13,0,0,1,1,1,1785496546
2026-07-31T11:30:21Z,491,4,1,17,0,0,1,1,1,1785486090
2026-07-31T11:30:21Z,492,4,2,3,4,0,1,1,1,1785497412
2026-07-31T11:30:21Z,493,1,0,25,1,0,1,1,1,1785496554
2026-07-31T11:30:21Z,495,10,1,2,3,0,1,1,1,1785497254
2026-07-31T11:30:21Z,496,23,1,4,0,0,1,1,1,1785497272
2026-07-31T11:30:21Z,497,12,0,6,1,0,1,1,1,1785496693
2026-07-31T11:30:21Z,498,22,3,0,1,0,1,1,1,1785496642
2026-07-31T11:30:21Z,499,14,0,4,1,0,1,1,1,1785497022
2026-07-31T11:30:21Z,500,7,4,3,5,0,1,1,1,1785494804
2026-07-31T11:30:21Z,501,12,5,9,0,0,1,1,1,1785496130
2026-07-31T11:30:21Z,502,7,0,12,0,0,1,1,1,1785497133
2026-07-31T11:30:21Z,503,25,0,5,1,0,1,1,1,1785494764
2026-07-31T11:30:21Z,504,4,1,35,0,0,1,1,1,1785497121
2026-07-31T11:30:21Z,505,8,0,3,1,0,1,1,1,1785497220
2026-07-31T11:30:21Z,511,6,3,17,0,0,1,1,1,1785495483
2026-07-31T11:30:21Z,512,7,0,20,0,0,1,1,1,1785496856
2026-07-31T11:30:21Z,514,7,0,3,1,0,1,1,1,1785497051
2026-07-31T11:30:21Z,515,1,0,18,0,0,1,1,1,1785495697
2026-07-31T11:30:21Z,516,4,0,23,0,0,1,1,1,1785496994
2026-07-31T11:30:21Z,517,13,2,9,1,0,1,1,1,1785494998
2026-07-31T11:30:21Z,518,13,1,1,1,0,1,1,1,1785494366
2026-07-31T11:30:21Z,519,3,0,14,2,0,1,1,1,1785495571
2026-07-31T11:30:21Z,520,10,6,11,5,1,1,1,1,1785497411
2026-07-31T11:30:21Z,521,18,5,5,0,0,1,1,1,1785494100
2026-07-31T11:30:21Z,522,0,0,22,1,0,1,1,1,1785496158
2026-07-31T11:30:21Z,523,6,4,16,1,0,1,1,1,1785494750
2026-07-31T11:30:21Z,524,0,0,23,0,0,1,1,1,1785494956
2026-07-31T11:30:21Z,525,9,0,10,0,0,1,1,1,1785496670
2026-07-31T11:30:21Z,526,13,1,0,2,0,1,1,1,1785486390
2026-07-31T11:30:21Z,527,6,3,17,3,0,1,1,1,1785497171
2026-07-31T11:30:21Z,528,21,1,1,1,0,1,1,1,1785495324
2026-07-31T11:30:21Z,529,6,3,7,6,0,1,1,1,1785497411
2026-07-31T11:30:21Z,530,11,0,9,1,0,1,1,1,1785497176
2026-07-31T11:30:21Z,531,18,0,3,1,1,1,1,1,1785496463
2026-07-31T11:30:21Z,532,3,3,27,1,0,1,1,1,1785488341
2026-07-31T11:30:21Z,533,6,0,11,2,0,1,1,1,1785496728
2026-07-31T11:30:21Z,534,11,1,11,1,0,1,1,1,1785497401
2026-07-31T11:30:21Z,535,3,0,12,0,0,1,1,1,1785494305
2026-07-31T11:30:21Z,536,13,0,10,0,0,1,1,1,1785497358
2026-07-31T11:30:21Z,537,3,0,17,0,0,1,1,1,1785497391
2026-07-31T11:30:21Z,538,19,6,2,0,2,1,1,1,1785497233
2026-07-31T11:30:21Z,539,5,5,26,0,0,1,1,1,1785488201
2026-07-31T11:30:21Z,540,0,0,19,0,0,1,1,1,1785496523
2026-07-31T11:30:21Z,541,19,2,7,1,0,1,1,1,1785497113
2026-07-31T11:30:21Z,542,9,5,14,0,0,1,1,1,1785497105
2026-07-31T11:30:21Z,543,14,2,4,1,0,1,1,1,1785496633
2026-07-31T11:30:21Z,544,14,1,4,4,0,1,1,1,1785497006
2026-07-31T11:30:21Z,545,3,0,14,2,0,1,1,1,1785497302
2026-07-31T11:30:21Z,546,12,8,7,0,0,1,1,1,1785496346
2026-07-31T11:30:21Z,547,17,1,8,0,0,1,1,1,1785497193
2026-07-31T11:30:21Z,548,15,1,8,0,0,1,1,1,1785495571
2026-07-31T11:30:21Z,549,19,0,4,0,0,1,1,1,1785497228
2026-07-31T11:30:21Z,550,13,1,6,0,0,1,1,1,1785497121
2026-07-31T11:30:21Z,551,15,4,8,0,0,1,1,1,1785497170
2026-07-31T11:30:21Z,552,27,3,0,0,0,1,1,1,1785486390
2026-07-31T11:30:21Z,553,13,1,7,2,1,1,1,1,1785497266
2026-07-31T11:30:21Z,554,1,1,18,0,0,1,1,1,1785486691
2026-07-31T11:30:21Z,555,11,4,3,1,0,1,1,1,1785496928
2026-07-31T11:30:21Z,556,18,4,3,2,0,1,1,1,1785497284
2026-07-31T11:30:21Z,557,8,4,10,5,0,1,1,1,1785496073
2026-07-31T11:30:21Z,558,36,4,1,0,0,1,1,1,1785496303
2026-07-31T11:30:21Z,559,0,0,18,1,0,1,1,1,1785492602
2026-07-31T11:30:21Z,560,10,0,17,0,0,1,1,1,1785492157
2026-07-31T11:30:21Z,561,18,2,4,1,0,1,1,1,1785496941
2026-07-31T11:30:21Z,562,3,0,29,3,0,1,1,1,1785486691
2026-07-31T11:30:21Z,563,8,0,6,0,0,1,1,1,1785497221
2026-07-31T11:30:21Z,564,9,0,9,1,0,1,1,1,1785495850
2026-07-31T11:30:21Z,565,5,1,14,0,0,1,1,1,1785497102
2026-07-31T11:30:21Z,566,14,1,4,1,0,1,1,1,1785497394
2026-07-31T11:30:21Z,567,26,1,0,1,0,1,1,1,1785493771
2026-07-31T11:30:21Z,568,16,0,2,1,0,1,1,1,1785496988
2026-07-31T11:30:21Z,569,16,2,3,0,0,1,1,1,1785496200
2026-07-31T11:30:21Z,570,8,0,11,0,0,1,1,1,1785497289
2026-07-31T11:30:21Z,571,4,0,19,0,0,1,1,1,1785497294
2026-07-31T11:30:21Z,572,12,4,6,1,0,1,1,1,1785496361
2026-07-31T11:30:21Z,573,10,0,5,0,0,1,1,1,1785497162
2026-07-31T11:30:21Z,574,7,2,8,0,0,1,1,1,1785496626
2026-07-31T11:30:21Z,575,4,0,16,1,0,1,1,1,1785494906
2026-07-31T11:30:21Z,576,2,0,15,2,0,1,1,1,1785494813
2026-07-31T11:30:21Z,577,17,0,14,0,0,1,1,1,1785497050
2026-07-31T11:30:21Z,578,12,9,10,1,0,1,1,1,1785495518
2026-07-31T11:30:21Z,579,5,0,38,0,0,1,1,1,1785495141
2026-07-31T11:30:21Z,580,3,0,26,0,0,1,1,1,1785497187
2026-07-31T11:30:21Z,581,11,0,8,0,0,1,1,1,1785497394
2026-07-31T11:30:21Z,582,19,0,41,1,0,1,1,1,1785497412
2026-07-31T11:30:21Z,583,22,1,1,0,0,1,1,1,1785496368
2026-07-31T11:30:21Z,584,8,4,7,4,0,1,1,1,1785497203
2026-07-31T11:30:21Z,585,14,2,12,0,1,1,1,1,1785497274
2026-07-31T11:30:21Z,586,10,0,25,0,0,1,1,1,1785496987
2026-07-31T11:30:21Z,587,16,0,7,1,0,1,1,1,1785497288
2026-07-31T11:30:21Z,588,10,3,6,2,1,1,1,1,1785497407
2026-07-31T11:30:21Z,589,14,7,6,2,0,1,1,1,1785497410
2026-07-31T11:30:21Z,590,16,2,14,1,0,1,1,1,1785496962
2026-07-31T11:30:21Z,591,26,0,2,2,0,1,1,1,1785497401
2026-07-31T11:30:21Z,592,11,0,12,0,0,1,1,1,1785496499
2026-07-31T11:30:21Z,593,2,0,36,0,0,1,1,1,1785495953
2026-07-31T11:30:21Z,594,6,0,13,2,0,1,1,1,1785497393
2026-07-31T11:30:21Z,595,0,0,3,0,0,0,1,1,1784046673
2026-07-31T11:30:21Z,605,0,0,2,1,0,0,1,1,1783975843
2026-07-31T11:30:21Z,606,0,0,0,0,0,0,1,1,86400
2026-07-31T11:30:21Z,607,10,2,21,1,0,1,1,1,1785496731
2026-07-31T11:30:21Z,608,3,1,47,0,0,1,1,1,1785497177
2026-07-31T11:30:21Z,609,0,0,23,0,0,1,1,1,1785496326
2026-07-31T11:30:21Z,610,1,0,34,0,0,1,1,1,1785494557
2026-07-31T11:30:21Z,611,13,1,13,1,0,1,1,1,1785497063
2026-07-31T11:30:21Z,612,6,1,9,0,0,1,1,1,1785486691
2026-07-31T11:30:21Z,613,9,0,2,4,0,1,1,1,1785489318
2026-07-31T11:30:21Z,614,2,2,22,2,1,1,1,1,1785495770
2026-07-31T11:30:21Z,617,13,2,1,1,0,1,1,1,1785497067
2026-07-31T11:30:21Z,618,11,1,3,5,0,1,1,1,1785496082
2026-07-31T11:30:21Z,619,4,2,15,0,0,1,1,1,1785496956
2026-07-31T11:30:21Z,620,1,0,26,0,0,1,1,1,1785495096
2026-07-31T11:30:21Z,621,3,1,19,1,0,1,1,1,1785497404
2026-07-31T11:30:21Z,622,5,2,17,1,0,1,1,1,1785488201
2026-07-31T11:30:21Z,623,4,1,25,1,0,1,1,1,1785497082
2026-07-31T11:30:21Z,624,1,0,14,0,0,1,1,1,1785493218
2026-07-31T11:30:21Z,625,4,0,15,2,0,1,1,1,1785495075
2026-07-31T11:30:21Z,626,5,0,40,0,2,1,1,1,1785495289
2026-07-31T11:30:21Z,627,14,6,5,0,0,1,1,1,1785493197
2026-07-31T11:30:21Z,628,0,0,15,2,2,1,1,1,1785497248
2026-07-31T11:30:21Z,629,4,1,6,1,0,1,1,1,1785497306
2026-07-31T11:30:21Z,630,3,2,21,3,0,1,1,1,1785497129
2026-07-31T11:30:21Z,631,2,0,21,0,0,1,1,1,1785497308
2026-07-31T11:30:21Z,632,20,0,1,2,0,1,1,1,1785492884
2026-07-31T11:30:21Z,633,12,1,0,3,0,1,1,1,1785497293
2026-07-31T11:30:21Z,634,11,2,8,0,0,1,1,1,1785486991
2026-07-31T11:30:21Z,635,16,1,3,0,0,1,1,1,1785494941
2026-07-31T11:30:21Z,636,10,2,5,0,0,1,1,1,1785488201
2026-07-31T11:30:21Z,637,8,1,11,0,0,1,1,1,1785496599
2026-07-31T11:30:21Z,638,7,1,10,2,0,1,1,1,1785497055
2026-07-31T11:30:21Z,639,5,1,11,3,0,1,1,1,1785479066
2026-07-31T11:30:21Z,640,5,3,17,1,0,1,1,1,1785497129
2026-07-31T11:30:21Z,641,18,1,6,2,0,1,1,1,1785497411
2026-07-31T11:30:21Z,642,5,4,6,8,0,1,1,1,1785497412
2026-07-31T11:30:21Z,643,2,0,18,7,0,1,1,1,1785497413
2026-07-31T11:30:21Z,644,12,0,2,1,0,1,1,1,1785486991
2026-07-31T11:30:21Z,645,11,0,10,1,1,1,1,1,1785488495
2026-07-31T11:30:21Z,646,7,2,12,0,0,1,1,1,1785497323
2026-07-31T11:30:21Z,647,28,1,3,0,0,1,1,1,1785496900
2026-07-31T11:30:21Z,648,5,0,13,1,0,1,1,1,1785496315
2026-07-31T11:30:21Z,649,18,2,12,1,0,1,1,1,1785497391
2026-07-31T11:30:21Z,650,5,1,9,0,0,1,1,1,1785488201
2026-07-31T11:30:21Z,651,7,7,16,0,0,1,1,1,1785496786
2026-07-31T11:30:21Z,652,3,2,18,2,0,1,1,1,1785497116
2026-07-31T11:30:21Z,653,9,1,8,2,0,1,1,1,1785494586
2026-07-31T11:30:21Z,654,2,2,13,0,0,1,1,1,1785488202
2026-07-31T11:30:21Z,655,7,3,1,4,1,1,1,1,1785497381
2026-07-31T11:30:21Z,656,17,7,2,0,0,1,1,1,1785497086
2026-07-31T11:30:21Z,657,9,1,3,2,3,1,1,1,1785497399
2026-07-31T11:30:21Z,658,9,1,1,0,0,1,1,1,1785473427
2026-07-31T11:30:21Z,659,8,3,5,2,0,1,1,1,1785495755
2026-07-31T11:30:21Z,660,12,0,15,4,0,1,1,1,1785497355
2026-07-31T11:30:21Z,661,3,1,16,0,0,1,1,1,1785497195
2026-07-31T11:30:21Z,662,4,3,16,3,0,1,1,1,1785493876
2026-07-31T11:30:21Z,663,11,5,3,1,0,1,1,1,1785496113
2026-07-31T11:30:21Z,664,1,0,26,0,0,1,1,1,1785495012
2026-07-31T11:30:21Z,665,12,3,3,0,0,1,1,1,1785488202
2026-07-31T11:30:21Z,666,8,2,5,2,0,1,1,1,1785495733
2026-07-31T11:30:21Z,667,0,0,19,0,0,1,1,1,1785486991
2026-07-31T11:30:21Z,668,10,1,8,1,0,1,1,1,1785488201
2026-07-31T11:30:21Z,669,14,5,0,0,0,1,1,1,1785496316
2026-07-31T11:30:21Z,670,10,2,17,0,0,1,1,1,1785496697
2026-07-31T11:30:21Z,671,24,5,2,1,0,1,1,1,1785496512
2026-07-31T11:30:21Z,672,12,2,7,3,1,1,1,1,1785491597
2026-07-31T11:30:21Z,673,16,0,5,2,0,1,1,1,1785497053
2026-07-31T11:30:21Z,674,4,2,16,3,0,1,1,1,1785497397
2026-07-31T11:30:21Z,675,11,7,2,2,0,1,1,1,1785497239
2026-07-31T11:30:21Z,676,5,0,16,1,0,1,1,1,1785497263
2026-07-31T11:30:21Z,681,10,3,3,2,0,1,1,1,1785497260
2026-07-31T11:30:21Z,682,4,1,14,1,0,1,1,1,1785486991
2026-07-31T11:30:21Z,683,4,1,15,0,0,1,1,1,1785495619
2026-07-31T11:30:21Z,684,3,0,24,0,0,1,1,1,1785487883
2026-07-31T11:30:21Z,685,10,0,15,1,1,1,1,1,1785488201
2026-07-31T11:30:21Z,686,8,0,16,3,0,1,1,1,1785497367
2026-07-31T11:30:21Z,687,11,0,18,1,1,1,1,1,1785497119
2026-07-31T11:30:21Z,688,10,0,2,7,0,1,1,1,1785497194
2026-07-31T11:30:21Z,692,12,9,9,0,0,1,1,1,1785497087
2026-07-31T11:30:21Z,693,6,0,2,3,0,1,1,1,1785496233
2026-07-31T11:30:21Z,694,8,5,13,0,0,1,1,1,1785495998
2026-07-31T11:30:21Z,695,15,10,8,0,0,1,1,1,1785496148
2026-07-31T11:30:21Z,696,18,14,3,2,0,1,1,1,1785497378
2026-07-31T11:30:21Z,697,8,1,15,0,0,1,1,1,1785497211
2026-07-31T11:30:21Z,698,22,1,5,0,0,1,1,1,1785497368
2026-07-31T11:30:21Z,699,7,0,7,1,0,1,1,1,1785496544
2026-07-31T11:30:21Z,700,19,4,0,0,0,1,1,1,1785496685
2026-07-31T11:30:21Z,701,16,6,3,0,0,1,1,1,1785496115
2026-07-31T11:30:21Z,702,17,0,4,2,0,1,1,1,1785497155
2026-07-31T11:30:21Z,704,7,2,8,0,0,1,1,1,1785497320
2026-07-31T11:30:21Z,705,4,1,9,2,0,1,1,1,1785496785
2026-07-31T11:30:21Z,706,12,2,0,3,0,1,1,1,1785496074
2026-07-31T11:30:21Z,707,8,1,7,0,0,1,1,1,1785496701
2026-07-31T11:30:21Z,708,18,2,0,1,0,1,1,1,1785497198
2026-07-31T11:30:21Z,709,11,1,1,3,0,1,1,1,1785497146
2026-07-31T11:30:21Z,710,15,3,3,1,0,1,1,1,1785496154
2026-07-31T11:30:21Z,711,19,4,0,4,0,1,1,1,1785496892
2026-07-31T11:30:21Z,712,10,9,5,0,0,1,1,1,1785496799
2026-07-31T11:30:21Z,713,5,0,18,0,0,1,1,1,1785497196
2026-07-31T11:30:21Z,716,3,2,12,0,0,1,1,1,1785497140
2026-07-31T11:30:21Z,717,4,2,18,3,0,1,1,1,1785496518
2026-07-31T11:30:21Z,718,5,1,9,1,0,1,1,1,1785496251
2026-07-31T11:30:21Z,719,8,2,21,0,0,1,1,1,1785495680
2026-07-31T11:30:21Z,720,2,1,17,0,0,1,1,1,1785496720
2026-07-31T11:30:21Z,721,1,1,20,2,0,1,1,1,1785497344
2026-07-31T11:30:21Z,722,5,0,10,0,0,1,1,1,1785496477
2026-07-31T11:30:21Z,723,12,1,11,0,0,1,1,1,1785496560
2026-07-31T11:30:21Z,724,23,4,0,0,0,1,1,1,1785496464
2026-07-31T11:30:21Z,725,17,5,5,1,0,1,1,1,1785497254
2026-07-31T11:30:21Z,726,16,2,2,1,0,1,1,1,1785497349
2026-07-31T11:30:21Z,727,8,3,12,3,0,1,1,1,1785497092
2026-07-31T11:30:21Z,728,9,0,5,1,0,1,1,1,1785497023
2026-07-31T11:30:21Z,729,1,0,18,0,0,1,1,1,1785496694
2026-07-31T11:30:21Z,730,3,2,10,2,0,1,1,1,1785495804
2026-07-31T11:30:21Z,731,9,3,5,1,0,1,1,1,1785496734
2026-07-31T11:30:21Z,732,7,5,8,0,0,1,1,1,1785495957
2026-07-31T11:30:21Z,733,8,2,19,0,0,1,1,1,1785496760
2026-07-31T11:30:21Z,734,4,2,10,0,0,1,1,1,1785497378
2026-07-31T11:30:21Z,735,2,2,25,0,0,1,1,1,1785496619
2026-07-31T11:30:21Z,736,6,0,13,0,0,1,1,1,1785497166
2026-07-31T11:30:21Z,737,4,3,10,0,1,1,1,1,1785497163
2026-07-31T11:30:21Z,738,16,4,1,2,0,1,1,1,1785497381
2026-07-31T11:30:21Z,739,20,2,6,1,0,1,1,1,1785497277
2026-07-31T11:30:21Z,741,7,1,16,0,0,1,1,1,1785497058
2026-07-31T11:30:21Z,742,2,0,31,2,0,1,1,1,1785497367
2026-07-31T11:30:21Z,743,9,3,8,2,0,1,1,1,1785496928
2026-07-31T11:30:21Z,744,10,3,5,0,0,1,1,1,1785496908
2026-07-31T11:30:21Z,745,14,4,4,1,0,1,1,1,1785495629
2026-07-31T11:30:21Z,746,9,0,12,2,0,1,1,1,1785497157
2026-07-31T11:30:21Z,747,0,0,4,0,0,0,1,1,1783446606
2026-07-31T11:30:21Z,748,10,1,13,0,0,1,1,1,1785496427
2026-07-31T11:30:21Z,749,5,5,17,1,0,1,1,1,1785496342
2026-07-31T11:30:21Z,750,6,0,5,0,0,1,1,1,1785497270
2026-07-31T11:30:21Z,751,8,0,15,0,0,1,1,1,1785497264
2026-07-31T11:30:21Z,752,15,1,1,1,0,1,1,1,1785497009
2026-07-31T11:30:21Z,753,4,0,11,0,0,1,1,1,1785496827
2026-07-31T11:30:21Z,754,2,1,12,1,0,1,1,1,1785496157
2026-07-31T11:30:21Z,755,12,2,10,1,0,1,1,1,1785496296
2026-07-31T11:30:21Z,756,10,5,27,0,0,1,1,1,1785497104
2026-07-31T11:30:21Z,757,16,9,3,0,0,1,1,1,1785496408
2026-07-31T11:30:21Z,758,23,3,0,0,0,1,1,1,1785496021
2026-07-31T11:30:21Z,759,3,2,12,0,0,1,1,1,1785495741
2026-07-31T11:30:21Z,760,8,3,11,0,0,1,1,1,1785488200
2026-07-31T11:30:21Z,761,17,0,5,1,0,1,1,1,1785496869
2026-07-31T11:30:21Z,762,5,3,5,5,0,1,1,1,1785496704
2026-07-31T11:30:21Z,768,8,0,8,3,0,1,1,1,1785495844
2026-07-31T11:30:21Z,769,15,11,4,0,0,1,1,1,1785497289
2026-07-31T11:30:21Z,770,11,3,6,2,0,1,1,1,1785497222
2026-07-31T11:30:21Z,771,13,3,1,1,0,1,1,1,1785496668
2026-07-31T11:30:21Z,772,7,1,8,0,0,1,1,1,1785497277
2026-07-31T11:30:21Z,773,15,4,4,0,0,1,1,1,1785497123
2026-07-31T11:30:21Z,774,11,6,1,3,0,1,1,1,1785497056
2026-07-31T11:30:21Z,775,7,0,10,1,1,1,1,1,1785494713
2026-07-31T11:30:21Z,776,3,1,17,1,0,1,1,1,1785495641
2026-07-31T11:30:21Z,777,10,0,2,3,0,1,1,1,1785497208
2026-07-31T11:30:21Z,778,13,0,3,3,0,1,1,1,1785497394
2026-07-31T11:30:21Z,779,8,1,10,1,0,1,1,1,1785496217
2026-07-31T11:30:21Z,780,17,3,1,1,0,1,1,1,1785497275
2026-07-31T11:30:21Z,781,4,0,4,3,0,1,1,1,1785496141
2026-07-31T11:30:21Z,782,4,3,11,4,0,1,1,1,1785496946
2026-07-31T11:30:21Z,783,6,0,13,0,0,1,1,1,1785496212
2026-07-31T11:30:21Z,784,19,2,0,0,0,1,1,1,1785495821
2026-07-31T11:30:21Z,785,11,2,2,6,0,1,1,1,1785496387
2026-07-31T11:30:21Z,786,12,5,7,0,0,1,1,1,1785496039
2026-07-31T11:30:21Z,787,10,5,3,2,0,1,1,1,1785497162
2026-07-31T11:30:21Z,788,3,0,12,0,0,1,1,1,1785496701
2026-07-31T11:30:21Z,789,8,1,3,4,0,1,1,1,1785496928
2026-07-31T11:30:21Z,790,2,0,21,0,0,1,1,1,1785497346
2026-07-31T11:30:21Z,791,7,1,11,0,1,1,1,1,1785496889
2026-07-31T11:30:21Z,793,4,0,10,1,0,1,1,1,1785497066
2026-07-31T11:30:21Z,794,16,7,11,2,0,1,1,1,1785497258
2026-07-31T11:30:21Z,796,1,0,16,2,0,1,1,1,1785496876
2026-07-31T11:30:21Z,797,2,0,13,0,0,1,1,1,1785494961
2026-07-31T11:30:21Z,798,9,1,15,1,0,1,1,1,1785496727
2026-07-31T11:30:21Z,799,15,1,1,3,0,1,1,1,1785496844
2026-07-31T11:30:21Z,800,4,0,16,1,0,1,1,1,1785496475
2026-07-31T11:30:21Z,801,7,4,13,1,0,1,1,1,1785496922
2026-07-31T11:30:21Z,802,8,0,23,0,0,1,1,1,1785497022
2026-07-31T11:30:21Z,803,1,1,14,0,0,1,1,1,1785496669
2026-07-31T11:30:21Z,806,8,3,7,0,0,1,1,1,1785497158
2026-07-31T11:30:21Z,807,14,1,9,2,0,1,1,1,1785497293
2026-07-31T11:30:21Z,808,0,0,23,2,0,1,1,1,1785488225
2026-07-31T11:30:21Z,809,4,0,18,1,0,1,1,1,1785496855
2026-07-31T11:30:21Z,810,2,0,13,4,0,1,1,1,1785497299
2026-07-31T11:30:21Z,815,1,1,9,4,1,1,1,1,1785497272
2026-07-31T11:30:21Z,817,11,5,4,0,0,1,1,1,1785496186
2026-07-31T11:30:21Z,818,6,0,16,1,0,1,1,1,1785497412
2026-07-31T11:30:21Z,819,6,4,9,0,0,1,1,1,1785487291
2026-07-31T11:30:21Z,820,8,2,9,0,0,1,1,1,1785496100
2026-07-31T11:30:21Z,821,2,1,13,0,0,1,1,1,1785497027
2026-07-31T11:30:21Z,822,4,0,17,2,0,1,1,1,1785497368
2026-07-31T11:30:21Z,823,0,0,14,1,0,1,1,1,1785496501
2026-07-31T11:30:21Z,824,13,5,6,0,0,1,1,1,1785496817
2026-07-31T11:30:21Z,825,8,5,7,0,0,1,1,1,1785495662
2026-07-31T11:30:21Z,826,11,2,6,2,0,1,1,1,1785497251
2026-07-31T11:30:21Z,827,15,4,5,1,0,1,1,1,1785497321
2026-07-31T11:30:21Z,828,10,0,7,1,0,1,1,1,1785497203
2026-07-31T11:30:21Z,829,15,6,12,0,0,1,1,1,1785496838
2026-07-31T11:30:21Z,830,17,2,5,1,0,1,1,1,1785497297
2026-07-31T11:30:21Z,831,6,2,8,1,0,1,1,1,1785496465
2026-07-31T11:30:21Z,832,10,3,5,3,0,1,1,1,1785496739
2026-07-31T11:30:21Z,833,0,0,18,1,0,1,1,1,1785496884
2026-07-31T11:30:21Z,834,3,0,20,1,0,1,1,1,1785497247
2026-07-31T11:30:21Z,835,14,5,2,2,0,1,1,1,1785496302
2026-07-31T11:30:21Z,837,5,1,0,10,0,1,1,1,1785496544
2026-07-31T11:30:21Z,838,13,3,2,0,0,1,1,1,1785497208
2026-07-31T11:30:21Z,839,10,2,19,0,0,1,1,1,1785497351
2026-07-31T11:30:21Z,840,9,4,18,2,0,1,1,1,1785497342
2026-07-31T11:30:21Z,841,7,1,8,0,0,1,1,1,1785496460
2026-07-31T11:30:21Z,842,7,2,16,0,0,1,1,1,1785496275
2026-07-31T11:30:21Z,843,8,0,22,1,0,1,1,1,1785496536
2026-07-31T11:30:21Z,844,6,0,17,0,0,1,1,1,1785496478
2026-07-31T11:30:21Z,845,5,3,12,2,0,1,1,1,1785496653
2026-07-31T11:30:21Z,846,3,0,14,2,0,1,1,1,1785495787
2026-07-31T11:30:21Z,847,7,1,20,0,0,1,1,1,1785497408
2026-07-31T11:30:21Z,848,9,3,9,1,0,1,1,1,1785497067
2026-07-31T11:30:21Z,849,5,1,9,1,0,1,1,1,1785497348
2026-07-31T11:30:21Z,850,8,0,1,2,0,1,1,1,1785496119
2026-07-31T11:30:21Z,851,4,4,31,2,0,1,1,1,1785495750
2026-07-31T11:30:21Z,852,12,6,7,0,0,1,1,1,1785496363
2026-07-31T11:30:21Z,853,10,5,13,0,0,1,1,1,1785497251
2026-07-31T11:30:21Z,854,3,2,12,0,0,1,1,1,1785497304
2026-07-31T11:30:21Z,855,25,0,2,0,0,1,1,1,1785497123
2026-07-31T11:30:21Z,857,2,2,17,0,0,1,1,1,1785496558
2026-07-31T11:30:21Z,858,4,1,14,1,0,1,1,1,1785497028
2026-07-31T11:30:21Z,859,3,0,17,1,0,1,1,1,1785497246
2026-07-31T11:30:21Z,861,8,1,2,1,0,1,1,1,1785488201
2026-07-31T11:30:21Z,862,2,2,13,0,0,1,1,1,1785496490
2026-07-31T11:30:21Z,863,13,0,5,1,0,1,1,1,1785488200
2026-07-31T11:30:21Z,866,11,3,8,0,0,1,1,1,1785496802
2026-07-31T11:30:21Z,867,13,1,2,0,0,1,1,1,1785497020
2026-07-31T11:30:21Z,868,12,2,3,0,0,1,1,1,1785497005
2026-07-31T11:30:21Z,870,7,4,6,2,0,1,1,1,1785496538
2026-07-31T11:30:21Z,871,0,0,10,1,0,1,1,1,1785495908
2026-07-31T11:30:21Z,872,0,0,14,1,0,1,1,1,1785496454
2026-07-31T11:30:21Z,873,3,1,29,1,0,1,1,1,1785497097
2026-07-31T11:30:21Z,874,4,2,8,3,0,1,1,1,1785496642
2026-07-31T11:30:21Z,875,14,10,0,1,0,1,1,1,1785496610
2026-07-31T11:30:21Z,877,11,10,6,2,0,1,1,1,1785496072
2026-07-31T11:30:21Z,878,4,3,14,1,0,1,1,1,1785496652
2026-07-31T11:30:21Z,879,2,1,17,0,0,1,1,1,1785497032
2026-07-31T11:30:21Z,880,1,0,21,1,0,1,1,1,1785496612
2026-07-31T11:30:21Z,881,1,0,18,0,0,1,1,1,1785496506
2026-07-31T11:30:21Z,882,10,0,6,3,0,1,1,1,1785488200
2026-07-31T11:30:21Z,883,10,6,9,0,0,1,1,1,1785496765
2026-07-31T11:30:21Z,884,10,7,11,0,0,1,1,1,1785496821
2026-07-31T11:30:21Z,885,1,0,18,0,0,1,1,1,1785496347
2026-07-31T11:30:21Z,886,17,2,10,2,0,1,1,1,1785497207
2026-07-31T11:30:21Z,887,3,1,11,3,0,1,1,1,1785497054
2026-07-31T11:30:21Z,888,5,0,34,1,1,1,1,1,1785497267
2026-07-31T11:30:21Z,889,15,0,2,2,0,1,1,1,1785496650
2026-07-31T11:30:21Z,890,6,4,9,0,0,1,1,1,1785489632
2026-07-31T11:30:21Z,891,20,0,2,1,0,1,1,1,1785496801
2026-07-31T11:30:21Z,892,13,1,2,0,0,1,1,1,1785488200
2026-07-31T11:30:21Z,895,0,0,18,1,0,1,1,1,1785489208
2026-07-31T11:30:21Z,896,6,0,29,0,0,1,1,1,1785493238
2026-07-31T11:30:21Z,897,11,1,10,0,0,1,1,1,1785496546
2026-07-31T11:30:21Z,898,3,0,16,0,0,1,1,1,1785497298
2026-07-31T11:30:21Z,899,0,0,18,1,0,1,1,1,1785497313
2026-07-31T11:30:21Z,900,14,0,11,2,0,1,1,1,1785496710
2026-07-31T11:30:21Z,901,10,0,8,1,0,1,1,1,1785497029
2026-07-31T11:30:21Z,902,8,0,6,1,0,1,1,1,1785496405
2026-07-31T11:30:21Z,903,13,2,5,1,0,1,1,1,1785496108
2026-07-31T11:30:21Z,904,10,4,8,1,0,1,1,1,1785496657
2026-07-31T11:30:21Z,905,8,2,19,0,0,1,1,1,1785496877
2026-07-31T11:30:21Z,906,5,2,22,0,0,1,1,1,1785496939
2026-07-31T11:30:21Z,907,8,3,23,0,0,1,1,1,1785497164
2026-07-31T11:30:21Z,908,10,0,13,0,0,1,1,1,1785496647
2026-07-31T11:30:21Z,909,8,0,14,1,0,1,1,1,1785497221
2026-07-31T11:30:21Z,910,28,1,3,0,0,1,1,1,1785497151
2026-07-31T11:30:21Z,911,4,1,15,0,0,1,1,1,1785496199
2026-07-31T11:30:21Z,912,13,4,8,2,0,1,1,1,1785497153
2026-07-31T11:30:21Z,913,3,1,16,0,0,1,1,1,1785497182
2026-07-31T11:30:21Z,914,8,2,11,0,0,1,1,1,1785496997
2026-07-31T11:30:21Z,915,10,1,12,1,0,1,1,1,1785496762
2026-07-31T11:30:21Z,916,22,7,0,1,0,1,1,1,1785497354
2026-07-31T11:30:21Z,917,12,4,21,2,0,1,1,1,1785496837
2026-07-31T11:30:21Z,918,12,2,5,2,0,1,1,1,1785497335
2026-07-31T11:30:21Z,919,11,0,26,2,0,1,1,1,1785497305
2026-07-31T11:30:21Z,920,4,2,15,0,0,1,1,1,1785496992
2026-07-31T11:30:21Z,921,12,0,9,0,0,1,1,1,1785496336
2026-07-31T11:30:21Z,922,4,0,17,0,0,1,1,1,1785497146
2026-07-31T11:30:21Z,923,16,1,3,0,0,1,1,1,1785496791
2026-07-31T11:30:21Z,924,8,2,13,0,0,1,1,1,1785497349
2026-07-31T11:30:21Z,925,13,0,8,0,0,1,1,1,1785496818
2026-07-31T11:30:21Z,926,2,1,19,0,0,1,1,1,1785496951
2026-07-31T11:30:21Z,927,3,0,32,0,0,1,1,1,1785497377
2026-07-31T11:30:21Z,928,5,3,14,0,0,0,1,1,1785464301
2026-07-31T11:30:21Z,929,0,0,23,0,0,1,1,1,1785495970
2026-07-31T11:30:21Z,930,0,0,30,1,0,1,1,1,1785496577
2026-07-31T11:30:21Z,931,9,6,14,0,0,1,1,1,1785496890
2026-07-31T11:30:21Z,932,3,0,13,3,0,1,1,1,1785496720
2026-07-31T11:30:21Z,933,0,0,23,0,0,1,1,1,1785496937
2026-07-31T11:30:21Z,934,4,0,26,1,0,1,1,1,1785496325
2026-07-31T11:30:21Z,935,15,5,3,1,0,1,1,1,1785495814
2026-07-31T11:30:21Z,936,4,1,15,0,0,1,1,1,1785456801
2026-07-31T11:30:21Z,940,10,0,1,0,0,1,1,1,1785496815
2026-07-31T11:30:21Z,941,7,1,16,2,0,1,1,1,1785497077
2026-07-31T11:30:21Z,942,6,0,14,1,0,1,1,1,1785497229
2026-07-31T11:30:21Z,943,9,8,6,0,0,1,1,1,1785496563
2026-07-31T11:30:21Z,944,9,8,6,0,0,1,1,1,1785496383
2026-07-31T11:30:21Z,945,10,8,5,0,0,1,1,1,1785495897
2026-07-31T11:30:21Z,946,7,5,12,0,0,1,1,1,1785487593
2026-07-31T11:30:21Z,947,7,5,10,0,0,1,1,1,1785496396
2026-07-31T11:30:21Z,948,25,9,1,5,0,1,1,1,1785497238
2026-07-31T11:30:21Z,949,7,3,8,0,0,1,1,1,1785497366
2026-07-31T11:30:21Z,950,12,4,4,1,0,1,1,1,1785496408
2026-07-31T11:30:21Z,951,18,4,4,1,0,1,1,1,1785496622
2026-07-31T11:30:21Z,952,16,3,39,0,0,1,1,1,1785496764
2026-07-31T11:30:21Z,953,10,1,4,1,0,1,1,1,1785497075
2026-07-31T11:30:21Z,954,17,5,2,0,0,1,1,1,1785496515
2026-07-31T11:30:21Z,955,5,3,16,6,0,1,1,1,1785497310
2026-07-31T11:30:21Z,956,21,0,1,1,0,1,1,1,1785496445
2026-07-31T11:30:21Z,957,15,0,14,0,0,1,1,1,1785497404
2026-07-31T11:30:21Z,958,19,1,12,0,0,1,1,1,1785497292
2026-07-31T11:30:21Z,959,18,8,2,3,0,1,1,1,1785497204
2026-07-31T11:30:21Z,960,20,0,2,1,0,1,1,1,1785496780
2026-07-31T11:30:21Z,961,2,2,18,3,0,1,1,1,1785497125
2026-07-31T11:30:21Z,962,9,3,23,3,0,1,1,1,1785497406
2026-07-31T11:30:21Z,963,10,0,12,1,0,1,1,1,1785496496
2026-07-31T11:30:21Z,964,15,8,7,1,0,1,1,1,1785497168
2026-07-31T11:30:21Z,965,6,2,20,1,0,1,1,1,1785496610
2026-07-31T11:30:21Z,966,24,0,7,0,0,1,1,1,1785497145
2026-07-31T11:30:21Z,967,18,0,2,1,0,1,1,1,1785497203
2026-07-31T11:30:21Z,968,14,0,4,1,0,1,1,1,1785496603
2026-07-31T11:30:21Z,969,12,7,13,2,0,1,1,1,1785496320
2026-07-31T11:30:21Z,970,11,1,6,2,0,1,1,1,1785497329
2026-07-31T11:30:21Z,971,11,0,11,1,0,1,1,1,1785497297
2026-07-31T11:30:21Z,972,9,1,13,1,0,1,1,1,1785496373
2026-07-31T11:30:21Z,973,8,4,14,1,0,1,1,1,1785495889
2026-07-31T11:30:21Z,974,14,0,13,0,0,1,1,1,1785497093
2026-07-31T11:30:21Z,977,6,6,12,3,0,1,1,1,1785496816
2026-07-31T11:30:21Z,978,11,0,12,0,0,1,1,1,1785495689
2026-07-31T11:30:21Z,979,12,0,5,0,0,1,1,1,1785497036
2026-07-31T11:30:21Z,980,3,0,16,2,0,1,1,1,1785496450
2026-07-31T11:30:21Z,981,19,0,1,1,0,1,1,1,1785496135
2026-07-31T11:30:21Z,982,3,1,14,2,0,1,1,1,1785496433
2026-07-31T11:30:21Z,983,2,1,20,1,0,1,1,1,1785496858
2026-07-31T11:30:21Z,984,6,0,17,0,0,1,1,1,1785496554
2026-07-31T11:30:21Z,985,13,0,18,0,0,1,1,1,1785497138
2026-07-31T11:30:21Z,986,4,0,15,0,0,1,1,1,1785496430
2026-07-31T11:30:21Z,987,6,0,16,1,0,1,1,1,1785496976
2026-07-31T11:30:21Z,988,5,1,13,1,0,1,1,1,1785496586
2026-07-31T11:30:21Z,989,9,4,10,0,0,1,1,1,1785497390
2026-07-31T11:30:21Z,990,13,1,0,2,0,1,1,1,1785496628
2026-07-31T11:30:21Z,991,10,2,8,1,0,1,1,1,1785496303
2026-07-31T11:30:21Z,992,10,7,12,1,0,1,1,1,1785497181
2026-07-31T11:30:21Z,993,0,0,27,0,0,1,1,1,1785476008
2026-07-31T11:30:21Z,994,3,1,18,0,0,1,1,1,1785497398
2026-07-31T11:30:21Z,995,6,0,21,0,0,1,1,1,1785497176
2026-07-31T11:30:21Z,996,8,1,15,0,0,1,1,1,1785496415
2026-07-31T11:30:21Z,997,10,5,10,3,0,1,1,1,1785497352
2026-07-31T11:30:21Z,998,3,3,19,1,0,1,1,1,1785496728
2026-07-31T11:30:21Z,999,2,0,16,2,1,1,1,1,1785496496
2026-07-31T11:30:21Z,1000,5,2,16,0,0,1,1,1,1785497294
2026-07-31T11:30:21Z,1001,2,1,25,0,0,1,1,1,1785496756
2026-07-31T11:30:21Z,1002,0,0,27,4,0,1,1,1,1785496765
2026-07-31T11:30:21Z,1003,0,0,22,1,0,1,1,1,1785496375
2026-07-31T11:30:21Z,1004,8,1,15,0,0,1,1,1,1785495816
2026-07-31T11:30:21Z,1005,20,1,3,0,0,1,1,1,1785496564
2026-07-31T11:30:21Z,1006,7,4,11,1,0,1,1,1,1785496395
2026-07-31T11:30:21Z,1007,2,1,19,0,0,1,1,1,1785496028
2026-07-31T11:30:21Z,1008,6,5,15,2,0,1,1,1,1785497356
2026-07-31T11:30:21Z,1009,19,2,8,4,0,1,1,1,1785497227
2026-07-31T11:30:21Z,1010,7,2,20,0,0,1,1,1,1785496241
2026-07-31T11:30:21Z,1011,7,2,10,2,0,1,1,1,1785496767
2026-07-31T11:30:21Z,1012,4,3,18,1,0,1,1,1,1785496332
2026-07-31T11:30:21Z,1013,4,1,18,1,0,1,1,1,1785496923
2026-07-31T11:30:21Z,1014,7,2,13,3,0,1,1,1,1785496850
2026-07-31T11:30:21Z,1015,3,1,25,3,0,1,1,1,1785497138
2026-07-31T11:30:21Z,1016,10,5,21,0,0,1,1,1,1785496465
2026-07-31T11:30:21Z,1017,14,5,7,0,0,1,1,1,1785495735
2026-07-31T11:30:21Z,1018,7,2,15,0,0,1,1,1,1785496417
2026-07-31T11:30:21Z,1019,9,6,6,0,0,1,1,1,1785496337
2026-07-31T11:30:21Z,1020,18,3,3,0,0,1,1,1,1785495605
2026-07-31T11:30:21Z,1021,9,3,5,1,0,1,1,1,1785497138
2026-07-31T11:30:21Z,1022,14,0,13,0,0,1,1,1,1785496517
2026-07-31T11:30:21Z,1023,13,1,9,1,0,1,1,1,1785496155
2026-07-31T11:30:21Z,1024,5,2,13,1,0,1,1,1,1785497147
2026-07-31T11:30:21Z,1025,4,0,14,0,1,1,1,1,1785496485
2026-07-31T11:30:21Z,1026,7,4,18,6,0,1,1,1,1785497368
2026-07-31T11:30:21Z,1028,2,0,20,1,0,1,1,1,1785496509
2026-07-31T11:30:21Z,1029,9,9,5,1,0,1,1,1,1785495621
2026-07-31T11:30:21Z,1030,14,5,9,0,0,1,1,1,1785497194
2026-07-31T11:30:21Z,1031,8,0,11,0,0,1,1,1,1785495734
2026-07-31T11:30:21Z,1032,7,1,12,0,0,1,1,1,1785496399
2026-07-31T11:30:21Z,1033,9,5,8,2,0,1,1,1,1785497213
2026-07-31T11:30:21Z,1034,3,0,12,0,0,1,1,1,1785497249
2026-07-31T11:30:21Z,1035,1,0,16,2,0,1,1,1,1785496450
2026-07-31T11:30:21Z,1036,14,0,1,0,0,1,1,1,1785496989
2026-07-31T11:30:21Z,1037,5,0,13,1,0,1,1,1,1785496863
2026-07-31T11:30:21Z,1038,2,0,12,1,0,1,1,1,1785496107
2026-07-31T11:30:21Z,1039,7,2,12,0,0,1,1,1,1785496554
2026-07-31T11:30:21Z,1040,7,3,10,2,0,1,1,1,1785496440
2026-07-31T11:30:21Z,1041,10,3,8,1,0,1,1,1,1785497141
2026-07-31T11:30:21Z,1042,12,1,1,2,0,1,1,1,1785496566
2026-07-31T11:30:21Z,1043,10,0,6,3,0,1,1,1,1785496474
2026-07-31T11:30:21Z,1044,1,0,13,1,0,1,1,1,1785496162
2026-07-31T11:30:21Z,1045,10,0,9,0,0,1,1,1,1785496386
2026-07-31T11:30:21Z,1046,8,0,7,0,0,1,1,1,1785495785
2026-07-31T11:30:21Z,1047,5,0,16,0,0,1,1,1,1785497156
2026-07-31T11:30:21Z,1048,10,1,9,0,0,1,1,1,1785496364
2026-07-31T11:30:21Z,1049,5,0,16,0,0,1,1,1,1785496435
2026-07-31T11:30:21Z,1050,17,4,4,0,0,1,1,1,1785495713
2026-07-31T11:30:21Z,1051,8,3,13,0,0,1,1,1,1785495603
2026-07-31T11:30:21Z,1052,17,2,5,0,0,1,1,1,1785496230
2026-07-31T11:30:21Z,1053,2,1,13,0,0,1,1,1,1785496287
2026-07-31T11:30:21Z,1054,14,1,1,0,0,1,1,1,1785496547
2026-07-31T11:30:21Z,1055,7,1,12,0,0,1,1,1,1785496531
2026-07-31T11:30:21Z,1057,15,0,3,1,0,1,1,1,1785496833
2026-07-31T11:30:21Z,1058,6,0,49,1,0,1,1,1,1785496527
2026-07-31T11:30:21Z,1059,1,0,17,1,0,1,1,1,1785497321
2026-07-31T11:30:21Z,1060,31,0,6,0,0,1,1,1,1785497251
2026-07-31T11:30:21Z,1061,15,1,21,1,0,1,1,1,1785497375
2026-07-31T11:30:21Z,1062,5,1,12,0,0,1,1,1,1785497340
2026-07-31T11:30:21Z,1063,12,1,6,1,0,1,1,1,1785496442
2026-07-31T11:30:21Z,1064,3,0,19,1,0,1,1,1,1785496778
2026-07-31T11:30:21Z,1065,16,3,7,0,0,1,1,1,1785497020
2026-07-31T11:30:21Z,1066,10,2,13,0,0,1,1,1,1785496843
2026-07-31T11:30:21Z,1067,8,2,13,2,0,1,1,1,1785497113
2026-07-31T11:30:21Z,1068,8,2,13,2,0,1,1,1,1785496609
2026-07-31T11:30:21Z,1069,12,3,11,0,0,1,1,1,1785496654
2026-07-31T11:30:21Z,1070,12,2,11,0,0,1,1,1,1785496750
2026-07-31T11:30:21Z,1071,7,4,16,0,0,1,1,1,1785496789
2026-07-31T11:30:21Z,1072,11,1,11,1,0,1,1,1,1785497187
2026-07-31T11:30:21Z,1073,20,2,6,1,0,1,1,1,1785496912
2026-07-31T11:30:21Z,1074,1,0,51,1,0,1,1,1,1785497328
2026-07-31T11:30:21Z,1075,10,10,11,0,0,1,1,1,1785496158
2026-07-31T11:30:21Z,1076,15,12,6,0,0,1,1,1,1785497413
2026-07-31T11:30:21Z,1077,8,5,13,0,0,1,1,1,1785496376
2026-07-31T11:30:21Z,1078,11,10,10,0,0,1,1,1,1785495638
2026-07-31T11:30:21Z,1079,11,8,10,0,0,1,1,1,1785496264
2026-07-31T11:30:21Z,1080,10,8,10,1,0,1,1,1,1785496866
2026-07-31T11:30:21Z,1081,13,8,6,0,0,1,1,1,1785497248
2026-07-31T11:30:21Z,1082,7,7,1,0,0,1,1,1,1785496719
2026-07-31T11:30:21Z,1083,13,11,8,0,0,1,1,1,1785496535
2026-07-31T11:30:21Z,1084,9,8,12,0,0,1,1,1,1785496151
2026-07-31T11:30:21Z,1085,10,10,11,0,0,1,1,1,1785495802
2026-07-31T11:30:21Z,1086,0,0,20,1,0,1,1,1,1785496505
2026-07-31T11:30:21Z,1087,12,7,3,0,0,1,1,1,1785495685
2026-07-31T11:30:21Z,1088,10,7,5,0,0,1,1,1,1785496446
2026-07-31T11:30:21Z,1089,5,3,10,0,0,1,1,1,1785496797
2026-07-31T11:30:21Z,1090,9,8,6,0,0,1,1,1,1785497329
2026-07-31T11:30:21Z,1091,12,7,3,0,0,1,1,1,1785497242
2026-07-31T11:30:21Z,1092,9,9,5,1,0,1,1,1,1785496789
2026-07-31T11:30:21Z,1093,7,6,8,0,0,1,1,1,1785497150
2026-07-31T11:30:21Z,1094,12,10,6,1,0,1,1,1,1785497176
2026-07-31T11:30:21Z,1095,8,7,7,0,0,1,1,1,1785497088
2026-07-31T11:30:21Z,1096,3,1,15,1,0,1,1,1,1785496762
2026-07-31T11:30:21Z,1097,9,9,6,0,0,1,1,1,1785496974
2026-07-31T11:30:21Z,1098,9,7,10,0,0,1,1,1,1785497319
2026-07-31T11:30:21Z,1099,7,6,8,0,0,1,1,1,1785496233
2026-07-31T11:30:21Z,1100,8,4,21,0,0,1,1,1,1785493678
2026-07-31T11:30:21Z,1101,9,5,12,0,0,1,1,1,1785496129
2026-07-31T11:30:21Z,1102,9,4,4,0,0,1,1,1,1785497221
2026-07-31T11:30:21Z,1103,10,5,11,0,0,1,1,1,1785487895
2026-07-31T11:30:21Z,1104,10,5,11,0,0,1,1,1,1785495885
2026-07-31T11:30:21Z,1105,8,4,5,0,0,1,1,1,1785497107
2026-07-31T11:30:21Z,1106,10,5,11,0,0,1,1,1,1785496225
2026-07-31T11:30:21Z,1107,9,5,6,0,0,1,1,1,1785496511
2026-07-31T11:30:21Z,1108,8,4,16,2,1,1,1,1,1785497017
2026-07-31T11:30:21Z,1109,9,4,6,0,0,1,1,1,1785497114
2026-07-31T11:30:21Z,1110,12,4,9,0,0,1,1,1,1785495753
2026-07-31T11:30:21Z,1111,3,2,18,0,0,1,1,1,1785475740
2026-07-31T11:30:21Z,1112,38,0,15,0,0,1,1,1,1785497319
2026-07-31T11:30:21Z,1113,2,0,19,0,0,1,1,1,1785496573
2026-07-31T11:30:21Z,1115,16,5,4,3,0,1,1,1,1785496992
2026-07-31T11:30:21Z,1116,5,1,14,0,0,1,1,1,1785496418
2026-07-31T11:30:21Z,1117,16,4,6,1,0,1,1,1,1785496804
2026-07-31T11:30:21Z,1118,16,1,3,2,0,1,1,1,1785497292
2026-07-31T11:30:21Z,1119,11,1,5,1,0,1,1,1,1785496906
2026-07-31T11:30:21Z,1120,13,0,6,0,0,1,1,1,1785496502
2026-07-31T11:30:21Z,1121,11,1,7,3,0,1,1,1,1785496565
2026-07-31T11:30:21Z,1122,13,8,5,3,0,1,1,1,1785496454
2026-07-31T11:30:21Z,1123,7,3,14,2,0,1,1,1,1785497231
2026-07-31T11:30:21Z,1124,11,3,1,3,0,1,1,1,1785497350
2026-07-31T11:30:21Z,1125,15,1,8,0,0,1,1,1,1785496705
2026-07-31T11:30:21Z,1126,3,0,17,1,0,1,1,1,1785495931
2026-07-31T11:30:21Z,1127,5,1,13,1,0,1,1,1,1785497407
2026-07-31T11:30:21Z,1128,14,2,0,1,0,1,1,1,1785496417
2026-07-31T11:30:21Z,1129,1,1,19,1,0,1,1,1,1785496146
2026-07-31T11:30:21Z,1130,12,0,3,0,0,1,1,1,1785496901
2026-07-31T11:30:21Z,1131,1,0,47,1,0,1,1,1,1785497222
2026-07-31T11:30:21Z,1132,14,6,6,1,0,1,1,1,1785496214
2026-07-31T11:30:21Z,1133,16,12,3,2,0,1,1,1,1785497349
2026-07-31T11:30:21Z,1134,10,5,9,0,0,1,1,1,1785496925
2026-07-31T11:30:21Z,1135,10,5,11,0,0,1,1,1,1785496024
2026-07-31T11:30:21Z,1136,6,0,17,0,0,1,1,1,1785496596
2026-07-31T11:30:21Z,1137,13,0,2,0,0,1,1,1,1785496812
2026-07-31T11:30:21Z,1138,16,3,3,0,0,1,1,1,1785496379
2026-07-31T11:30:21Z,1139,16,4,4,1,0,1,1,1,1785496994
2026-07-31T11:30:21Z,1140,19,0,3,1,0,1,1,1,1785497055
2026-07-31T11:30:21Z,1141,4,0,17,0,0,1,1,1,1785496092
2026-07-31T11:30:21Z,1142,2,0,19,0,0,1,1,1,1785497056
2026-07-31T11:30:21Z,1143,17,0,11,1,0,1,1,1,1785497266
2026-07-31T11:30:21Z,1144,7,1,13,1,0,1,1,1,1785496657
2026-07-31T11:30:21Z,1145,13,6,7,1,0,1,1,1,1785496803
2026-07-31T11:30:21Z,1146,3,0,13,3,0,1,1,1,1785497397
2026-07-31T11:30:21Z,1147,4,1,15,0,0,1,1,1,1785497116
2026-07-31T11:30:21Z,1148,20,6,11,0,0,1,1,1,1785497129
2026-07-31T11:30:21Z,1149,4,3,21,0,0,1,1,1,1785496077
2026-07-31T11:30:21Z,1150,14,0,5,0,0,1,1,1,1785497232
2026-07-31T11:30:21Z,1151,13,0,8,0,0,1,1,1,1785497067
2026-07-31T11:30:21Z,1152,20,0,9,0,0,1,1,1,1785497349
2026-07-31T11:30:21Z,1153,20,6,2,1,0,1,1,1,1785496956
2026-07-31T11:30:21Z,1154,13,1,6,0,0,1,1,1,1785495844
2026-07-31T11:30:21Z,1155,16,7,4,1,0,1,1,1,1785496413
2026-07-31T11:30:21Z,1158,3,0,15,1,0,1,1,1,1785496307
2026-07-31T11:30:21Z,1159,13,1,6,0,0,1,1,1,1785496663
2026-07-31T11:30:21Z,1160,8,1,10,1,0,1,1,1,1785495581
2026-07-31T11:30:21Z,1161,3,0,15,1,0,1,1,1,1785496798
2026-07-31T11:30:21Z,1162,2,1,17,0,0,1,1,1,1785497048
2026-07-31T11:30:21Z,1163,1,1,17,1,0,1,1,1,1785496425
2026-07-31T11:30:21Z,1164,6,1,13,0,0,1,1,1,1785496482
2026-07-31T11:30:21Z,1165,5,0,16,0,0,1,1,1,1785497217
2026-07-31T11:30:21Z,1166,12,2,8,1,0,1,1,1,1785496734
2026-07-31T11:30:21Z,1167,4,0,11,0,0,1,1,1,1785496187
2026-07-31T11:30:21Z,1168,1,1,21,1,0,1,1,1,1785496683
2026-07-31T11:30:21Z,1169,3,0,15,1,0,1,1,1,1785496330
2026-07-31T11:30:21Z,1170,6,0,14,1,0,1,1,1,1785496703
2026-07-31T11:30:21Z,1171,7,6,15,1,0,1,1,1,1785496379
2026-07-31T11:30:21Z,1172,6,2,7,2,0,1,1,1,1785496602
2026-07-31T11:30:21Z,1173,13,5,6,0,0,1,1,1,1785496579
2026-07-31T11:30:21Z,1174,6,3,9,0,0,1,1,1,1785496256
2026-07-31T11:30:21Z,1175,5,3,14,0,0,1,1,1,1785496110
2026-07-31T11:30:21Z,1176,19,1,2,0,0,1,1,1,1785495785
2026-07-31T11:30:21Z,1177,3,1,18,0,0,1,1,1,1785495709
2026-07-31T11:30:21Z,1178,2,1,13,0,0,1,1,1,1785496220
2026-07-31T11:30:21Z,1181,11,0,3,1,0,1,1,1,1785492552
2026-07-31T11:30:21Z,1182,2,0,18,0,0,1,1,1,1785496820
2026-07-31T11:30:21Z,1183,9,1,34,2,0,1,1,1,1785496917
2026-07-31T11:30:21Z,1184,9,4,11,1,0,1,1,1,1785497310
2026-07-31T11:30:21Z,1185,10,5,11,0,0,1,1,1,1785495839
2026-07-31T11:30:21Z,1186,9,5,10,0,0,1,1,1,1785496848
2026-07-31T11:30:21Z,1187,12,6,8,1,0,1,1,1,1785497185
2026-07-31T11:30:21Z,1188,10,5,5,0,0,1,1,1,1785496516
2026-07-31T11:30:21Z,1189,10,5,9,0,0,1,1,1,1785496608
2026-07-31T11:30:21Z,1190,9,4,12,0,0,1,1,1,1785497111
2026-07-31T11:30:21Z,1191,10,5,5,0,0,1,1,1,1785496523
2026-07-31T11:30:21Z,1192,10,6,10,1,0,1,1,1,1785496372
2026-07-31T11:30:21Z,1193,6,4,5,2,0,1,1,1,1785497364
2026-07-31T11:30:21Z,1197,9,6,7,1,0,1,1,1,1785497303
2026-07-31T11:30:21Z,1198,14,4,5,2,0,1,1,1,1785496896
2026-07-31T11:30:21Z,1199,2,0,17,0,0,1,1,1,1785496920
2026-07-31T11:30:21Z,1200,10,5,5,0,0,1,1,1,1785496558
2026-07-31T11:30:21Z,1201,10,5,5,0,0,1,1,1,1785496536
2026-07-31T11:30:21Z,1202,10,5,5,0,0,1,1,1,1785496637
2026-07-31T11:30:21Z,1203,10,5,5,0,0,1,1,1,1785496534
2026-07-31T11:30:21Z,1204,8,4,11,0,0,1,1,1,1785496774
2026-07-31T11:30:21Z,1206,11,5,10,0,0,1,1,1,1785497319
2026-07-31T11:30:21Z,1207,8,4,6,1,0,1,1,1,1785496849
2026-07-31T11:30:21Z,1208,8,3,11,0,0,1,1,1,1785496762
2026-07-31T11:30:21Z,1216,7,0,13,1,0,1,1,1,1785495732
2026-07-31T11:30:21Z,1218,4,0,17,0,0,1,1,1,1785496126
2026-07-31T11:30:21Z,1219,6,1,8,1,0,1,1,1,1785496161
2026-07-31T11:30:21Z,1220,14,7,4,1,0,1,1,1,1785495931
2026-07-31T11:30:21Z,1221,1,1,19,1,0,1,1,1,1785497255
2026-07-31T11:30:21Z,1222,27,0,2,0,0,1,1,1,1785497129
2026-07-31T11:30:21Z,1223,22,0,7,0,0,1,1,1,1785496231
2026-07-31T11:30:21Z,1226,0,0,3,0,0,0,1,1,1781868931
2026-07-31T11:30:21Z,1227,20,1,5,0,0,1,1,1,1785497265
2026-07-31T11:30:21Z,1228,15,0,14,0,0,1,1,1,1785497289
2026-07-31T11:30:21Z,1229,35,1,10,0,0,1,1,1,1785497400
2026-07-31T11:35:21Z,1,5,0,18,0,0,1,1,1,1785497381
2026-07-31T11:35:21Z,2,20,0,4,3,0,1,1,1,1785497459
2026-07-31T11:35:21Z,3,8,0,5,1,0,1,1,1,1785497278
2026-07-31T11:35:21Z,4,2,1,19,1,0,1,1,1,1785496749
2026-07-31T11:35:21Z,5,10,3,12,1,0,1,1,1,1785495606
2026-07-31T11:35:21Z,6,6,1,9,0,0,1,1,1,1785497131
2026-07-31T11:35:21Z,7,2,0,37,0,0,1,1,1,1785496278
2026-07-31T11:35:21Z,8,6,2,37,0,0,1,1,1,1785497690
2026-07-31T11:35:21Z,9,1,0,20,2,0,1,1,1,1785497711
2026-07-31T11:35:21Z,10,0,0,21,2,0,1,1,1,1785496277
2026-07-31T11:35:21Z,11,15,5,3,1,0,1,1,1,1785496865
2026-07-31T11:35:21Z,12,0,0,23,0,0,1,1,1,1785490105
2026-07-31T11:35:21Z,13,11,0,19,0,0,1,1,1,1785488834
2026-07-31T11:35:21Z,14,7,1,35,0,1,1,1,1,1785497416
2026-07-31T11:35:21Z,15,2,0,13,0,0,1,1,1,1785496271
2026-07-31T11:35:21Z,16,8,0,16,2,1,1,1,1,1785487292
2026-07-31T11:35:21Z,17,3,0,23,1,0,1,1,1,1785497436
2026-07-31T11:35:21Z,18,4,0,12,2,0,1,1,1,1785497675
2026-07-31T11:35:21Z,19,11,1,15,1,0,1,1,1,1785497608
2026-07-31T11:35:21Z,20,30,0,5,0,0,1,1,1,1785497064
2026-07-31T11:35:21Z,21,8,0,10,1,0,1,1,1,1785497558
2026-07-31T11:35:21Z,22,21,0,43,1,0,1,1,1,1785497072
2026-07-31T11:35:21Z,23,13,5,18,0,0,1,1,1,1785497060
2026-07-31T11:35:21Z,24,1,1,8,2,0,1,1,1,1785497714
2026-07-31T11:35:21Z,25,3,2,77,0,1,1,1,1,1785497431
2026-07-31T11:35:21Z,26,0,0,27,0,0,1,1,1,1785496791
2026-07-31T11:35:21Z,28,11,3,4,0,0,1,1,1,1785495670
2026-07-31T11:35:21Z,30,1,0,27,1,0,1,1,1,1785497636
2026-07-31T11:35:21Z,31,0,0,17,2,0,1,1,1,1785497579
2026-07-31T11:35:21Z,32,12,0,15,0,0,1,1,1,1785497345
2026-07-31T11:35:21Z,34,9,2,27,1,0,1,1,1,1785497498
2026-07-31T11:35:21Z,35,6,2,40,1,0,1,1,1,1785497494
2026-07-31T11:35:21Z,36,0,0,0,0,0,0,1,1,86400
2026-07-31T11:35:21Z,37,1,0,22,0,0,1,1,1,1785495848
2026-07-31T11:35:21Z,38,6,0,17,0,0,1,1,1,1785497057
2026-07-31T11:35:21Z,39,21,4,18,0,0,1,1,1,1785497619
2026-07-31T11:35:21Z,40,20,1,0,1,0,1,1,1,1785496581
2026-07-31T11:35:21Z,41,6,2,36,1,0,1,1,1,1785497319
2026-07-31T11:35:21Z,42,31,8,0,0,0,1,1,1,1785472558
2026-07-31T11:35:21Z,43,4,0,19,0,0,1,1,1,1785497380
2026-07-31T11:35:21Z,45,6,3,22,1,0,1,1,1,1785496085
2026-07-31T11:35:21Z,46,11,0,20,0,0,1,1,1,1785497358
2026-07-31T11:35:21Z,47,10,6,4,1,0,1,1,1,1785495668
2026-07-31T11:35:21Z,48,4,0,23,0,0,1,1,1,1785496252
2026-07-31T11:35:21Z,49,6,0,14,3,0,1,1,1,1785497710
2026-07-31T11:35:21Z,50,18,11,1,0,0,1,1,1,1785495744
2026-07-31T11:35:21Z,51,63,0,14,0,0,1,1,1,1785497705
2026-07-31T11:35:21Z,52,3,0,21,3,0,1,1,1,1785497640
2026-07-31T11:35:21Z,55,4,1,19,0,0,1,1,1,1785497689
2026-07-31T11:35:21Z,56,2,0,41,0,0,1,1,1,1785497136
2026-07-31T11:35:21Z,57,1,0,26,0,0,1,1,1,1785497276
2026-07-31T11:35:21Z,58,3,1,25,0,0,1,1,1,1785497478
2026-07-31T11:35:21Z,59,10,0,15,2,0,1,1,1,1785497474
2026-07-31T11:35:21Z,61,3,1,36,0,0,1,1,1,1785496753
2026-07-31T11:35:21Z,62,11,4,37,1,0,1,1,1,1785497539
2026-07-31T11:35:21Z,63,11,0,8,0,0,1,1,1,1785496219
2026-07-31T11:35:21Z,64,10,1,5,4,0,1,1,1,1785493091
2026-07-31T11:35:21Z,65,16,7,2,1,0,1,1,1,1785491350
2026-07-31T11:35:21Z,67,17,0,22,0,0,1,1,1,1785496634
2026-07-31T11:35:21Z,68,5,1,32,0,0,1,1,1,1785497535
2026-07-31T11:35:21Z,69,11,0,4,0,0,1,1,1,1785496678
2026-07-31T11:35:21Z,71,1,0,25,1,0,1,1,1,1785497448
2026-07-31T11:35:21Z,72,22,7,7,2,0,1,1,1,1785497610
2026-07-31T11:35:21Z,73,10,1,21,0,0,1,1,1,1785497362
2026-07-31T11:35:21Z,74,11,5,8,0,0,1,1,1,1785495797
2026-07-31T11:35:21Z,75,4,0,27,1,0,1,1,1,1785495138
2026-07-31T11:35:21Z,76,5,0,13,1,0,1,1,1,1785497707
2026-07-31T11:35:21Z,77,24,0,2,1,0,1,1,1,1785494000
2026-07-31T11:35:21Z,78,9,4,13,1,0,1,1,1,1785497643
2026-07-31T11:35:21Z,79,2,2,14,1,0,1,1,1,1785496351
2026-07-31T11:35:21Z,80,17,1,3,3,0,1,1,1,1785497714
2026-07-31T11:35:21Z,81,5,1,26,0,0,1,1,1,1785495915
2026-07-31T11:35:21Z,82,15,1,8,0,0,1,1,1,1785497399
2026-07-31T11:35:21Z,83,6,0,27,1,0,1,1,1,1785497691
2026-07-31T11:35:21Z,84,21,0,6,0,0,1,1,1,1785497689
2026-07-31T11:35:21Z,85,4,1,11,0,0,1,1,1,1785497620
2026-07-31T11:35:21Z,86,25,0,1,1,0,1,1,1,1785486691
2026-07-31T11:35:21Z,87,11,0,8,0,0,1,1,1,1785497467
2026-07-31T11:35:21Z,88,4,0,38,1,0,1,1,1,1785496053
2026-07-31T11:35:21Z,89,22,0,13,0,0,1,1,1,1785487292
2026-07-31T11:35:21Z,90,7,2,9,2,0,1,1,1,1785497099
2026-07-31T11:35:21Z,91,14,0,3,0,0,1,1,1,1785496160
2026-07-31T11:35:21Z,92,8,1,8,3,0,1,1,1,1785497420
2026-07-31T11:35:21Z,93,1,0,22,0,0,1,1,1,1785497616
2026-07-31T11:35:21Z,94,3,0,15,1,0,1,1,1,1785492659
2026-07-31T11:35:21Z,95,22,0,11,1,1,1,1,1,1785497480
2026-07-31T11:35:21Z,96,26,0,4,1,0,1,1,1,1785497022
2026-07-31T11:35:21Z,97,1,1,15,1,0,1,1,1,1785497511
2026-07-31T11:35:21Z,98,24,0,10,1,0,1,1,1,1785497692
2026-07-31T11:35:21Z,99,3,0,12,0,0,1,1,1,1785495473
2026-07-31T11:35:21Z,100,1,0,26,0,0,1,1,1,1785497316
2026-07-31T11:35:21Z,101,1,0,13,2,0,1,1,1,1785497046
2026-07-31T11:35:21Z,102,0,0,23,0,0,1,1,1,1785487553
2026-07-31T11:35:21Z,103,9,1,21,0,0,1,1,1,1785497711
2026-07-31T11:35:21Z,104,0,0,25,2,0,1,1,1,1785497711
2026-07-31T11:35:21Z,105,14,1,5,0,0,1,1,1,1785495616
2026-07-31T11:35:21Z,106,3,0,18,0,0,1,1,1,1785496954
2026-07-31T11:35:21Z,107,8,2,29,0,0,1,1,1,1785497701
2026-07-31T11:35:21Z,108,9,1,25,1,0,1,1,1,1785497713
2026-07-31T11:35:21Z,109,21,0,2,0,0,1,1,1,1785497543
2026-07-31T11:35:21Z,110,11,0,12,0,0,1,1,1,1785496783
2026-07-31T11:35:21Z,111,1,1,35,0,0,1,1,1,1785497165
2026-07-31T11:35:21Z,112,0,0,14,1,0,1,1,1,1785497594
2026-07-31T11:35:21Z,113,7,0,9,2,1,1,1,1,1785497712
2026-07-31T11:35:21Z,114,6,6,23,1,1,1,1,1,1785497447
2026-07-31T11:35:21Z,115,5,3,22,1,0,1,1,1,1785497422
2026-07-31T11:35:21Z,116,2,2,24,1,0,1,1,1,1785497425
2026-07-31T11:35:21Z,118,19,8,2,2,0,1,1,1,1785497380
2026-07-31T11:35:21Z,119,22,0,12,4,0,1,1,1,1785497564
2026-07-31T11:35:21Z,120,20,1,6,1,0,1,1,1,1785497714
2026-07-31T11:35:21Z,121,3,1,15,0,1,1,1,1,1785497457
2026-07-31T11:35:21Z,122,8,1,12,1,0,1,1,1,1785495940
2026-07-31T11:35:21Z,123,10,2,37,0,0,1,1,1,1785497302
2026-07-31T11:35:21Z,124,26,0,9,0,0,1,1,1,1785497214
2026-07-31T11:35:21Z,125,5,4,18,0,0,1,1,1,1785497560
2026-07-31T11:35:21Z,126,23,2,8,0,0,1,1,1,1785496708
2026-07-31T11:35:21Z,127,22,1,11,2,0,1,1,1,1785497687
2026-07-31T11:35:21Z,128,15,0,4,0,0,1,1,1,1785497052
2026-07-31T11:35:21Z,129,15,1,2,2,0,1,1,1,1785497713
2026-07-31T11:35:21Z,130,5,1,12,0,0,1,1,1,1785495263
2026-07-31T11:35:21Z,131,9,3,0,2,0,1,1,1,1785495384
2026-07-31T11:35:21Z,132,13,6,1,0,1,1,1,1,1785494491
2026-07-31T11:35:21Z,134,2,0,16,5,0,1,1,1,1785497571
2026-07-31T11:35:21Z,135,5,4,13,1,0,1,1,1,1785495502
2026-07-31T11:35:21Z,136,5,0,9,2,7,1,1,1,1785497703
2026-07-31T11:35:21Z,137,6,1,13,0,0,1,1,1,1785497447
2026-07-31T11:35:21Z,138,34,2,3,0,0,1,1,1,1785497563
2026-07-31T11:35:21Z,139,14,3,5,0,0,1,1,1,1785497417
2026-07-31T11:35:21Z,140,9,6,13,1,0,1,1,1,1785497714
2026-07-31T11:35:21Z,141,30,0,6,0,0,1,1,1,1785497335
2026-07-31T11:35:21Z,142,21,0,2,0,0,1,1,1,1785496237
2026-07-31T11:35:21Z,143,11,1,19,1,0,1,1,1,1785497689
2026-07-31T11:35:21Z,144,22,0,5,0,0,1,1,1,1785497180
2026-07-31T11:35:21Z,146,5,1,17,1,0,1,1,1,1785495397
2026-07-31T11:35:21Z,147,13,2,4,2,0,1,1,1,1785497561
2026-07-31T11:35:21Z,148,20,1,6,0,1,1,1,1,1785497711
2026-07-31T11:35:21Z,149,17,3,10,0,0,1,1,1,1785496243
2026-07-31T11:35:21Z,150,22,6,10,3,0,1,1,1,1785497414
2026-07-31T11:35:21Z,151,17,6,6,0,0,1,1,1,1785497402
2026-07-31T11:35:21Z,152,15,2,8,4,0,1,1,1,1785497415
2026-07-31T11:35:21Z,153,11,1,13,7,0,1,1,1,1785497714
2026-07-31T11:35:21Z,154,14,3,6,3,0,1,1,1,1785497641
2026-07-31T11:35:21Z,155,10,4,3,1,0,1,1,1,1785497525
2026-07-31T11:35:21Z,156,6,0,13,0,0,1,1,1,1785497385
2026-07-31T11:35:21Z,157,10,0,15,2,0,1,1,1,1785497572
2026-07-31T11:35:21Z,158,15,2,1,0,0,1,1,1,1785496978
2026-07-31T11:35:21Z,159,0,0,19,0,0,1,1,1,1785497085
2026-07-31T11:35:21Z,160,13,0,6,0,0,1,1,1,1785497454
2026-07-31T11:35:21Z,161,21,4,1,0,0,1,1,1,1785497457
2026-07-31T11:35:21Z,162,12,0,14,1,0,1,1,1,1785496015
2026-07-31T11:35:21Z,163,22,2,8,0,1,1,1,1,1785497700
2026-07-31T11:35:21Z,164,23,7,4,0,0,1,1,1,1785497587
2026-07-31T11:35:21Z,165,23,11,7,1,0,1,1,1,1785497447
2026-07-31T11:35:21Z,166,31,8,4,4,0,1,1,1,1785497714
2026-07-31T11:35:21Z,167,14,8,8,1,0,1,1,1,1785497695
2026-07-31T11:35:21Z,168,18,1,7,2,0,1,1,1,1785497519
2026-07-31T11:35:21Z,169,2,0,20,0,1,1,1,1,1785497451
2026-07-31T11:35:21Z,170,17,5,1,1,0,1,1,1,1785495962
2026-07-31T11:35:21Z,171,8,2,3,2,0,1,1,1,1785497708
2026-07-31T11:35:21Z,173,35,0,4,0,0,1,1,1,1785497384
2026-07-31T11:35:21Z,174,19,1,5,2,0,1,1,1,1785497215
2026-07-31T11:35:21Z,175,9,0,22,0,0,1,1,1,1785497471
2026-07-31T11:35:21Z,176,4,1,10,0,1,1,1,1,1785497062
2026-07-31T11:35:21Z,177,16,2,11,0,0,1,1,1,1785497419
2026-07-31T11:35:21Z,178,2,0,10,2,1,1,1,1,1785497713
2026-07-31T11:35:21Z,179,10,1,4,1,0,1,1,1,1785497511
2026-07-31T11:35:21Z,180,2,0,28,0,0,1,1,1,1785497022
2026-07-31T11:35:21Z,181,11,0,4,0,0,1,1,1,1785497057
2026-07-31T11:35:21Z,182,8,0,9,0,0,1,1,1,1785497660
2026-07-31T11:35:21Z,183,11,0,12,0,0,1,1,1,1785497617
2026-07-31T11:35:21Z,184,5,0,17,1,0,1,1,1,1785497294
2026-07-31T11:35:21Z,185,11,0,1,2,1,1,1,1,1785497486
2026-07-31T11:35:21Z,186,4,1,15,0,0,1,1,1,1785497557
2026-07-31T11:35:21Z,187,9,0,18,1,0,1,1,1,1785497511
2026-07-31T11:35:21Z,188,9,0,10,8,0,1,1,1,1785497714
2026-07-31T11:35:21Z,189,13,3,1,1,0,1,1,1,1785497319
2026-07-31T11:35:21Z,190,9,1,14,0,0,1,1,1,1785497692
2026-07-31T11:35:21Z,191,4,1,35,0,0,1,1,1,1785497567
2026-07-31T11:35:21Z,192,9,1,19,3,0,1,1,1,1785496653
2026-07-31T11:35:21Z,193,0,0,14,1,0,1,1,1,1785497216
2026-07-31T11:35:21Z,194,12,1,14,1,0,1,1,1,1785495357
2026-07-31T11:35:21Z,195,9,3,10,0,0,1,1,1,1785497289
2026-07-31T11:35:21Z,196,14,1,12,1,0,1,1,1,1785497691
2026-07-31T11:35:21Z,197,15,5,3,0,1,1,1,1,1785497638
2026-07-31T11:35:21Z,198,17,15,6,0,0,1,1,1,1785494878
2026-07-31T11:35:21Z,199,7,7,7,1,0,1,1,1,1785496746
2026-07-31T11:35:21Z,200,11,0,14,1,0,1,1,1,1785497537
2026-07-31T11:35:21Z,201,1,1,22,0,0,1,1,1,1785497505
2026-07-31T11:35:21Z,202,0,0,27,0,0,1,1,1,1785494022
2026-07-31T11:35:21Z,203,26,2,4,1,0,1,1,1,1785497162
2026-07-31T11:35:21Z,204,25,0,9,1,0,1,1,1,1785496494
2026-07-31T11:35:21Z,205,10,1,17,0,0,1,1,1,1785496943
2026-07-31T11:35:21Z,206,2,2,12,1,0,1,1,1,1785495327
2026-07-31T11:35:21Z,207,12,0,9,0,0,1,1,1,1785495428
2026-07-31T11:35:21Z,208,6,1,23,0,0,1,1,1,1785497290
2026-07-31T11:35:21Z,209,4,0,24,3,0,1,1,1,1785497618
2026-07-31T11:35:21Z,210,23,1,4,0,0,1,1,1,1785497430
2026-07-31T11:35:21Z,211,10,4,11,2,0,1,1,1,1785497417
2026-07-31T11:35:21Z,212,24,1,10,1,0,1,1,1,1785497633
2026-07-31T11:35:21Z,213,10,1,11,2,0,1,1,1,1785497435
2026-07-31T11:35:21Z,214,21,0,23,3,0,1,1,1,1785497564
2026-07-31T11:35:21Z,215,5,2,17,1,0,1,1,1,1785492966
2026-07-31T11:35:21Z,216,6,0,12,1,0,1,1,1,1785497477
2026-07-31T11:35:21Z,217,8,0,20,1,0,1,1,1,1785497634
2026-07-31T11:35:21Z,218,17,4,20,2,0,1,1,1,1785497531
2026-07-31T11:35:21Z,219,5,1,20,1,0,1,1,1,1785497630
2026-07-31T11:35:21Z,220,23,5,19,0,1,1,1,1,1785497632
2026-07-31T11:35:21Z,221,9,7,4,2,0,1,1,1,1785497282
2026-07-31T11:35:21Z,222,11,11,8,0,0,1,1,1,1785497487
2026-07-31T11:35:21Z,223,12,3,19,4,0,1,1,1,1785497622
2026-07-31T11:35:21Z,224,7,5,15,0,0,1,1,1,1785496266
2026-07-31T11:35:21Z,225,13,1,0,6,0,1,1,1,1785496731
2026-07-31T11:35:21Z,226,29,9,1,1,0,1,1,1,1785497442
2026-07-31T11:35:21Z,227,23,14,2,1,1,1,1,1,1785496945
2026-07-31T11:35:21Z,228,2,0,16,1,0,1,1,1,1785495859
2026-07-31T11:35:21Z,230,15,7,11,0,0,1,1,1,1785497711
2026-07-31T11:35:21Z,232,12,7,4,1,0,1,1,1,1785496068
2026-07-31T11:35:21Z,233,15,0,14,2,0,1,1,1,1785497435
2026-07-31T11:35:21Z,234,7,3,7,3,2,1,1,1,1785497297
2026-07-31T11:35:21Z,236,10,1,9,0,0,1,1,1,1785495587
2026-07-31T11:35:21Z,237,19,4,3,1,0,1,1,1,1785497688
2026-07-31T11:35:21Z,239,20,17,4,3,0,1,1,1,1785496988
2026-07-31T11:35:21Z,241,17,6,5,1,0,1,1,1,1785497460
2026-07-31T11:35:21Z,242,3,3,19,1,0,1,1,1,1785497516
2026-07-31T11:35:21Z,243,10,1,20,1,0,1,1,1,1785497638
2026-07-31T11:35:21Z,244,12,2,14,1,0,1,1,1,1785497482
2026-07-31T11:35:21Z,245,5,4,18,0,0,1,1,1,1785497360
2026-07-31T11:35:21Z,246,13,0,10,0,0,1,1,1,1785496399
2026-07-31T11:35:21Z,247,11,10,11,1,0,1,1,1,1785495667
2026-07-31T11:35:21Z,248,18,4,3,2,0,1,1,1,1785497568
2026-07-31T11:35:21Z,249,2,2,17,0,0,1,1,1,1785497619
2026-07-31T11:35:21Z,250,23,7,4,0,0,1,1,1,1785494630
2026-07-31T11:35:21Z,251,20,5,5,2,0,1,1,1,1785497216
2026-07-31T11:35:21Z,253,7,2,12,0,0,1,1,1,1785496816
2026-07-31T11:35:21Z,254,21,20,21,1,0,1,1,1,1785497213
2026-07-31T11:35:21Z,255,0,0,22,0,1,1,1,1,1785497637
2026-07-31T11:35:21Z,256,7,4,14,2,0,1,1,1,1785496830
2026-07-31T11:35:21Z,257,12,5,7,0,0,1,1,1,1785497651
2026-07-31T11:35:21Z,258,18,0,1,0,0,1,1,1,1785497576
2026-07-31T11:35:21Z,259,20,3,2,0,1,1,1,1,1785497523
2026-07-31T11:35:21Z,260,8,1,8,3,0,1,1,1,1785497555
2026-07-31T11:35:21Z,261,13,0,4,1,1,1,1,1,1785496517
2026-07-31T11:35:21Z,262,14,9,8,1,0,1,1,1,1785497652
2026-07-31T11:35:21Z,263,10,0,5,0,0,1,1,1,1785497281
2026-07-31T11:35:21Z,264,10,2,6,3,0,1,1,1,1785497711
2026-07-31T11:35:21Z,265,12,0,3,0,0,1,1,1,1785495664
2026-07-31T11:35:21Z,266,13,7,4,2,0,1,1,1,1785496541
2026-07-31T11:35:21Z,267,6,2,7,2,0,1,1,1,1785496732
2026-07-31T11:35:21Z,268,23,9,0,0,0,1,1,1,1785484887
2026-07-31T11:35:21Z,269,8,3,15,0,0,1,1,1,1785496011
2026-07-31T11:35:21Z,270,23,1,4,0,0,1,1,1,1785491481
2026-07-31T11:35:21Z,271,3,0,14,2,0,1,1,1,1785496257
2026-07-31T11:35:21Z,272,13,13,10,0,0,1,1,1,1785495153
2026-07-31T11:35:21Z,273,13,5,2,0,0,1,1,1,1785492772
2026-07-31T11:35:21Z,274,14,6,4,1,0,1,1,1,1785497656
2026-07-31T11:35:21Z,275,16,0,7,0,0,1,1,1,1785497687
2026-07-31T11:35:21Z,276,3,2,24,0,0,1,1,1,1785496927
2026-07-31T11:35:21Z,277,12,1,6,5,0,1,1,1,1785497428
2026-07-31T11:35:21Z,278,15,1,13,2,1,1,1,1,1785497614
2026-07-31T11:35:21Z,279,14,0,5,0,0,1,1,1,1785497403
2026-07-31T11:35:21Z,280,10,2,18,3,0,1,1,1,1785497637
2026-07-31T11:35:21Z,281,19,0,0,0,0,1,1,1,1785486089
2026-07-31T11:35:21Z,282,5,2,13,0,0,1,1,1,1785484887
2026-07-31T11:35:21Z,283,32,1,3,0,0,1,1,1,1785497443
2026-07-31T11:35:21Z,284,15,2,18,2,0,1,1,1,1785497411
2026-07-31T11:35:21Z,285,8,7,15,0,0,1,1,1,1785485188
2026-07-31T11:35:21Z,286,15,15,5,3,0,1,1,1,1785497708
2026-07-31T11:35:21Z,287,15,4,5,3,0,1,1,1,1785497573
2026-07-31T11:35:21Z,288,13,8,6,0,0,1,1,1,1785497711
2026-07-31T11:35:21Z,289,20,1,4,3,0,1,1,1,1785497631
2026-07-31T11:35:21Z,290,8,0,30,1,0,1,1,1,1785497702
2026-07-31T11:35:21Z,291,5,0,16,2,0,1,1,1,1785497426
2026-07-31T11:35:21Z,292,20,0,2,1,0,1,1,1,1785495982
2026-07-31T11:35:21Z,293,15,10,8,0,0,1,1,1,1785497530
2026-07-31T11:35:21Z,294,1,1,20,1,0,1,1,1,1785493458
2026-07-31T11:35:21Z,297,13,3,4,1,1,1,1,1,1785497658
2026-07-31T11:35:21Z,301,17,0,2,0,0,1,1,1,1785496440
2026-07-31T11:35:21Z,302,2,0,21,0,0,1,1,1,1785497458
2026-07-31T11:35:21Z,303,16,0,3,0,0,1,1,1,1785496448
2026-07-31T11:35:21Z,304,0,0,0,0,0,0,1,1,86400
2026-07-31T11:35:21Z,305,3,0,15,1,0,1,1,1,1785497713
2026-07-31T11:35:21Z,306,3,0,28,1,0,1,1,1,1785495144
2026-07-31T11:35:21Z,307,17,0,4,1,1,1,1,1,1785497439
2026-07-31T11:35:21Z,308,17,0,0,2,0,1,1,1,1785496461
2026-07-31T11:35:21Z,309,12,3,1,1,0,1,1,1,1785495417
2026-07-31T11:35:21Z,311,14,0,1,0,0,1,1,1,1785497436
2026-07-31T11:35:21Z,312,4,2,14,4,1,1,1,1,1785497449
2026-07-31T11:35:21Z,313,3,1,12,0,0,1,1,1,1785486991
2026-07-31T11:35:21Z,314,4,3,11,3,0,1,1,1,1785486991
2026-07-31T11:35:21Z,315,21,5,8,2,0,1,1,1,1785497348
2026-07-31T11:35:21Z,316,0,0,25,5,1,1,1,1,1785497689
2026-07-31T11:35:21Z,317,12,0,18,0,1,1,1,1,1785497708
2026-07-31T11:35:21Z,318,16,0,3,0,0,1,1,1,1785486991
2026-07-31T11:35:21Z,319,20,4,2,1,0,1,1,1,1785496418
2026-07-31T11:35:21Z,320,16,5,2,1,0,1,1,1,1785495214
2026-07-31T11:35:21Z,321,8,2,7,4,0,1,1,1,1785497554
2026-07-31T11:35:21Z,322,6,1,22,1,0,1,1,1,1785497204
2026-07-31T11:35:21Z,323,10,0,9,0,0,1,1,1,1785496848
2026-07-31T11:35:21Z,324,23,6,3,1,0,1,1,1,1785497711
2026-07-31T11:35:21Z,325,5,3,18,4,0,1,1,1,1785497639
2026-07-31T11:35:21Z,327,23,0,3,1,0,1,1,1,1785497570
2026-07-31T11:35:21Z,328,15,0,6,1,0,1,1,1,1785497489
2026-07-31T11:35:21Z,329,16,0,1,2,0,1,1,1,1785496402
2026-07-31T11:35:21Z,330,1,0,21,0,0,1,1,1,1785495617
2026-07-31T11:35:21Z,331,7,2,15,1,0,1,1,1,1785497175
2026-07-31T11:35:21Z,332,10,2,7,2,0,1,1,1,1785495613
2026-07-31T11:35:21Z,333,1,1,21,1,0,1,1,1,1785497503
2026-07-31T11:35:21Z,334,9,8,14,0,0,1,1,1,1785497636
2026-07-31T11:35:21Z,335,2,1,19,1,1,1,1,1,1785496901
2026-07-31T11:35:21Z,336,17,2,2,0,0,1,1,1,1785496291
2026-07-31T11:35:21Z,337,16,4,2,5,0,1,1,1,1785497660
2026-07-31T11:35:21Z,338,13,6,6,0,0,1,1,1,1785496612
2026-07-31T11:35:21Z,339,19,8,4,0,0,1,1,1,1785497706
2026-07-31T11:35:21Z,340,11,10,3,1,0,1,1,1,1785497703
2026-07-31T11:35:21Z,341,8,2,11,0,0,1,1,1,1785497183
2026-07-31T11:35:21Z,342,7,3,5,3,0,1,1,1,1785497280
2026-07-31T11:35:21Z,343,20,1,2,1,0,1,1,1,1785497528
2026-07-31T11:35:21Z,344,23,9,0,0,0,1,1,1,1785488186
2026-07-31T11:35:21Z,345,16,3,3,0,0,1,1,1,1785497571
2026-07-31T11:35:21Z,346,10,6,13,0,0,1,1,1,1785496194
2026-07-31T11:35:21Z,347,31,5,11,2,0,1,1,1,1785497702
2026-07-31T11:35:21Z,348,21,3,0,1,1,1,1,1,1785497557
2026-07-31T11:35:21Z,349,8,2,11,0,0,1,1,1,1785496603
2026-07-31T11:35:21Z,350,22,3,3,1,1,1,1,1,1785497580
2026-07-31T11:35:21Z,351,15,2,5,3,0,1,1,1,1785497551
2026-07-31T11:35:21Z,355,22,1,1,0,0,1,1,1,1785496462
2026-07-31T11:35:21Z,356,16,0,2,1,0,1,1,1,1785493586
2026-07-31T11:35:21Z,357,8,4,11,0,0,1,1,1,1785496664
2026-07-31T11:35:21Z,358,21,3,5,1,0,1,1,1,1785497252
2026-07-31T11:35:21Z,359,17,0,10,0,0,1,1,1,1785495976
2026-07-31T11:35:21Z,360,13,3,4,2,0,1,1,1,1785497615
2026-07-31T11:35:21Z,362,15,4,2,2,0,1,1,1,1785497306
2026-07-31T11:35:21Z,363,3,0,24,0,0,1,1,1,1785497169
2026-07-31T11:35:21Z,364,17,3,2,0,0,1,1,1,1785496544
2026-07-31T11:35:21Z,365,12,1,7,4,0,1,1,1,1785497678
2026-07-31T11:35:21Z,366,8,7,8,7,0,1,1,1,1785497709
2026-07-31T11:35:21Z,367,14,9,4,1,0,1,1,1,1785497713
2026-07-31T11:35:21Z,368,17,3,4,2,0,1,1,1,1785496928
2026-07-31T11:35:21Z,370,8,6,19,0,0,1,1,1,1785497513
2026-07-31T11:35:21Z,371,4,0,14,1,0,1,1,1,1785497231
2026-07-31T11:35:21Z,372,6,1,9,0,0,1,1,1,1785494163
2026-07-31T11:35:21Z,373,25,9,2,0,0,1,1,1,1785493650
2026-07-31T11:35:21Z,374,15,6,2,2,0,1,1,1,1785497595
2026-07-31T11:35:21Z,375,21,7,2,4,0,1,1,1,1785497713
2026-07-31T11:35:21Z,376,29,5,5,5,0,1,1,1,1785496543
2026-07-31T11:35:21Z,377,22,9,5,0,0,1,1,1,1785497455
2026-07-31T11:35:21Z,378,18,5,4,1,1,1,1,1,1785497713
2026-07-31T11:35:21Z,379,14,1,13,0,0,1,1,1,1785497267
2026-07-31T11:35:21Z,380,19,6,4,0,0,1,1,1,1785496843
2026-07-31T11:35:21Z,381,6,0,17,0,0,1,1,1,1785497450
2026-07-31T11:35:21Z,383,11,0,3,1,0,1,1,1,1785497587
2026-07-31T11:35:21Z,384,24,1,2,1,0,1,1,1,1785492881
2026-07-31T11:35:21Z,385,15,4,1,2,0,1,1,1,1785497447
2026-07-31T11:35:21Z,387,20,2,3,0,0,1,1,1,1785496960
2026-07-31T11:35:21Z,388,18,2,31,0,0,1,1,1,1785497173
2026-07-31T11:35:21Z,389,8,7,7,0,0,1,1,1,1785495116
2026-07-31T11:35:21Z,390,15,0,20,0,0,1,1,1,1785497620
2026-07-31T11:35:21Z,391,3,0,11,1,0,1,1,1,1785497329
2026-07-31T11:35:21Z,392,2,2,16,1,0,1,1,1,1785497493
2026-07-31T11:35:21Z,393,3,3,5,3,0,1,1,1,1785487292
2026-07-31T11:35:21Z,394,7,4,4,2,0,1,1,1,1785496484
2026-07-31T11:35:21Z,396,11,7,28,3,0,1,1,1,1785497512
2026-07-31T11:35:21Z,397,5,5,26,0,0,1,1,1,1785497106
2026-07-31T11:35:21Z,399,11,0,4,2,0,1,1,1,1785497544
2026-07-31T11:35:21Z,400,10,5,9,4,0,1,1,1,1785496543
2026-07-31T11:35:21Z,401,5,0,26,8,0,1,1,1,1785496346
2026-07-31T11:35:21Z,403,18,0,9,4,0,1,1,1,1785497582
2026-07-31T11:35:21Z,404,2,2,20,1,0,1,1,1,1785497225
2026-07-31T11:35:21Z,406,2,2,32,1,0,1,1,1,1785497256
2026-07-31T11:35:21Z,407,17,3,16,1,0,1,1,1,1785495804
2026-07-31T11:35:21Z,408,13,3,18,2,0,1,1,1,1785497327
2026-07-31T11:35:21Z,409,1,0,19,3,0,1,1,1,1785493289
2026-07-31T11:35:21Z,413,19,5,2,2,0,1,1,1,1785497033
2026-07-31T11:35:21Z,414,9,2,5,1,0,1,1,1,1785497518
2026-07-31T11:35:21Z,417,12,8,7,0,0,1,1,1,1785497232
2026-07-31T11:35:21Z,418,1,0,14,0,0,1,1,1,1785490913
2026-07-31T11:35:21Z,419,10,0,12,1,0,1,1,1,1785487895
2026-07-31T11:35:21Z,421,2,0,17,0,0,1,1,1,1785496453
2026-07-31T11:35:21Z,422,4,3,22,1,0,1,1,1,1785493261
2026-07-31T11:35:21Z,423,3,2,20,0,0,1,1,1,1785495719
2026-07-31T11:35:21Z,424,5,2,7,3,0,1,1,1,1785497685
2026-07-31T11:35:21Z,425,16,0,5,0,1,1,1,1,1785497662
2026-07-31T11:35:21Z,426,0,0,35,2,0,1,1,1,1785496425
2026-07-31T11:35:21Z,427,13,1,1,1,0,1,1,1,1785497417
2026-07-31T11:35:21Z,428,17,2,1,1,0,1,1,1,1785496319
2026-07-31T11:35:21Z,429,1,1,20,2,0,1,1,1,1785497410
2026-07-31T11:35:21Z,430,28,0,0,3,0,1,1,1,1785496636
2026-07-31T11:35:21Z,431,15,0,17,1,0,1,1,1,1785495603
2026-07-31T11:35:21Z,432,17,0,12,2,0,0,1,1,1785497672
2026-07-31T11:35:21Z,433,18,5,3,2,0,1,1,1,1785495888
2026-07-31T11:35:21Z,437,2,2,16,1,0,1,1,1,1785496820
2026-07-31T11:35:21Z,438,16,0,2,1,0,1,1,1,1785497435
2026-07-31T11:35:21Z,439,6,0,9,0,0,1,1,1,1785497509
2026-07-31T11:35:21Z,440,11,3,2,2,0,1,1,1,1785497649
2026-07-31T11:35:21Z,441,12,1,2,1,0,1,1,1,1785495062
2026-07-31T11:35:21Z,442,17,10,1,1,0,1,1,1,1785497561
2026-07-31T11:35:21Z,443,4,2,23,0,0,1,1,1,1785485488
2026-07-31T11:35:21Z,444,2,2,21,0,0,1,1,1,1785485488
2026-07-31T11:35:21Z,445,7,2,15,1,0,1,1,1,1785497657
2026-07-31T11:35:21Z,446,0,0,22,1,0,1,1,1,1785494652
2026-07-31T11:35:21Z,447,3,0,18,1,1,1,1,1,1785496389
2026-07-31T11:35:21Z,448,9,4,5,1,0,1,1,1,1785487895
2026-07-31T11:35:21Z,452,7,5,11,1,0,1,1,1,1785496909
2026-07-31T11:35:21Z,453,7,5,7,1,0,1,1,1,1785497540
2026-07-31T11:35:21Z,454,9,0,10,0,0,1,1,1,1785496511
2026-07-31T11:35:21Z,455,3,1,36,0,0,1,1,1,1785497314
2026-07-31T11:35:21Z,456,8,0,11,1,0,1,1,1,1785497590
2026-07-31T11:35:21Z,457,24,2,1,2,0,1,1,1,1785497302
2026-07-31T11:35:21Z,458,10,4,13,0,0,1,1,1,1785495744
2026-07-31T11:35:21Z,459,14,0,1,0,0,1,1,1,1785496514
2026-07-31T11:35:21Z,460,18,2,4,1,0,1,1,1,1785496807
2026-07-31T11:35:21Z,461,8,1,11,0,0,1,1,1,1785497427
2026-07-31T11:35:21Z,462,17,2,4,0,0,1,1,1,1785497563
2026-07-31T11:35:21Z,463,12,1,7,0,0,1,1,1,1785497568
2026-07-31T11:35:21Z,464,3,1,11,0,0,1,1,1,1785485789
2026-07-31T11:35:21Z,465,0,0,14,1,0,1,1,1,1785496369
2026-07-31T11:35:21Z,466,12,3,1,2,0,1,1,1,1785497185
2026-07-31T11:35:21Z,467,1,1,18,0,0,1,1,1,1785497262
2026-07-31T11:35:21Z,468,17,1,1,1,0,1,1,1,1785485789
2026-07-31T11:35:21Z,469,1,1,22,0,0,1,1,1,1785497045
2026-07-31T11:35:21Z,470,11,1,2,2,0,1,1,1,1785497446
2026-07-31T11:35:21Z,471,22,2,5,0,0,1,1,1,1785487895
2026-07-31T11:35:21Z,472,14,4,4,1,0,1,1,1,1785497712
2026-07-31T11:35:21Z,473,18,4,1,0,0,1,1,1,1785496016
2026-07-31T11:35:21Z,474,15,0,4,0,0,1,1,1,1785495804
2026-07-31T11:35:21Z,475,5,1,13,1,0,1,1,1,1785492726
2026-07-31T11:35:21Z,477,7,5,7,1,0,1,1,1,1785497500
2026-07-31T11:35:21Z,478,4,0,26,1,0,1,1,1,1785497511
2026-07-31T11:35:21Z,479,2,0,24,1,0,1,1,1,1785497259
2026-07-31T11:35:21Z,480,3,0,9,3,0,1,1,1,1785495583
2026-07-31T11:35:21Z,481,28,0,6,1,0,1,1,1,1785497593
2026-07-31T11:35:21Z,482,17,6,2,0,0,1,1,1,1785495430
2026-07-31T11:35:21Z,483,1,0,24,2,0,1,1,1,1785497695
2026-07-31T11:35:21Z,484,4,1,14,1,0,1,1,1,1785497456
2026-07-31T11:35:21Z,485,15,6,2,1,1,1,1,1,1785497449
2026-07-31T11:35:21Z,486,22,4,2,3,0,1,1,1,1785497445
2026-07-31T11:35:21Z,487,3,3,15,1,0,1,1,1,1785497326
2026-07-31T11:35:21Z,489,11,5,3,1,0,1,1,1,1785496344
2026-07-31T11:35:21Z,490,3,1,13,0,0,1,1,1,1785497597
2026-07-31T11:35:21Z,491,3,1,18,0,0,1,1,1,1785497536
2026-07-31T11:35:21Z,492,4,2,3,4,0,1,1,1,1785497713
2026-07-31T11:35:21Z,493,1,0,25,1,0,1,1,1,1785496554
2026-07-31T11:35:21Z,495,10,1,2,3,0,1,1,1,1785497254
2026-07-31T11:35:21Z,496,22,1,5,0,0,1,1,1,1785497585
2026-07-31T11:35:21Z,497,12,0,6,1,0,1,1,1,1785496693
2026-07-31T11:35:21Z,498,22,3,0,1,0,1,1,1,1785496642
2026-07-31T11:35:21Z,499,14,0,4,1,0,1,1,1,1785497022
2026-07-31T11:35:21Z,500,7,4,3,5,0,1,1,1,1785494804
2026-07-31T11:35:21Z,501,12,5,9,0,0,1,1,1,1785496130
2026-07-31T11:35:21Z,502,7,0,12,0,0,1,1,1,1785497133
2026-07-31T11:35:21Z,503,25,0,5,1,0,1,1,1,1785494764
2026-07-31T11:35:21Z,504,5,1,34,0,0,1,1,1,1785497706
2026-07-31T11:35:21Z,505,8,0,3,1,0,1,1,1,1785497220
2026-07-31T11:35:21Z,511,7,3,16,0,0,1,1,1,1785497487
2026-07-31T11:35:21Z,512,7,0,20,0,0,1,1,1,1785496856
2026-07-31T11:35:21Z,514,7,0,3,1,0,1,1,1,1785497051
2026-07-31T11:35:21Z,515,2,0,17,0,0,1,1,1,1785497478
2026-07-31T11:35:21Z,516,4,0,23,0,0,1,1,1,1785496994
2026-07-31T11:35:21Z,517,13,2,9,1,0,1,1,1,1785494998
2026-07-31T11:35:21Z,518,13,1,1,1,0,1,1,1,1785494366
2026-07-31T11:35:21Z,519,3,0,14,2,0,1,1,1,1785495571
2026-07-31T11:35:21Z,520,10,6,11,5,1,1,1,1,1785497714
2026-07-31T11:35:21Z,521,17,4,6,0,0,1,1,1,1785497490
2026-07-31T11:35:21Z,522,0,0,22,1,0,1,1,1,1785496158
2026-07-31T11:35:21Z,523,6,4,16,1,0,1,1,1,1785494750
2026-07-31T11:35:21Z,524,0,0,23,0,0,1,1,1,1785494956
2026-07-31T11:35:21Z,525,9,0,10,0,0,1,1,1,1785497698
2026-07-31T11:35:21Z,526,13,1,0,2,0,1,1,1,1785486390
2026-07-31T11:35:21Z,527,6,3,17,3,0,1,1,1,1785497486
2026-07-31T11:35:21Z,528,21,1,1,1,0,1,1,1,1785495324
2026-07-31T11:35:21Z,529,6,3,7,6,0,1,1,1,1785497714
2026-07-31T11:35:21Z,530,11,0,9,1,0,1,1,1,1785497176
2026-07-31T11:35:21Z,531,18,0,3,1,1,1,1,1,1785496463
2026-07-31T11:35:21Z,532,3,3,27,1,0,1,1,1,1785488341
2026-07-31T11:35:21Z,533,6,0,11,2,0,1,1,1,1785496728
2026-07-31T11:35:21Z,534,11,1,11,1,0,1,1,1,1785497401
2026-07-31T11:35:21Z,535,3,0,12,0,0,1,1,1,1785494305
2026-07-31T11:35:21Z,536,16,1,7,0,0,1,1,1,1785497591
2026-07-31T11:35:21Z,537,4,0,16,0,0,1,1,1,1785497667
2026-07-31T11:35:21Z,538,19,6,2,0,2,1,1,1,1785497701
2026-07-31T11:35:21Z,539,4,4,27,0,0,1,1,1,1785497708
2026-07-31T11:35:21Z,540,0,0,19,0,0,1,1,1,1785496523
2026-07-31T11:35:21Z,541,19,2,7,1,0,1,1,1,1785497113
2026-07-31T11:35:21Z,542,9,5,13,1,0,1,1,1,1785497655
2026-07-31T11:35:21Z,543,14,2,4,1,0,1,1,1,1785496633
2026-07-31T11:35:21Z,544,11,1,7,4,0,1,1,1,1785497690
2026-07-31T11:35:21Z,545,3,0,14,2,0,1,1,1,1785497302
2026-07-31T11:35:21Z,546,13,8,6,0,0,1,1,1,1785497445
2026-07-31T11:35:21Z,547,17,1,8,0,0,1,1,1,1785497193
2026-07-31T11:35:21Z,548,15,1,8,0,0,1,1,1,1785495571
2026-07-31T11:35:21Z,549,17,0,6,0,0,1,1,1,1785497599
2026-07-31T11:35:21Z,550,13,1,6,0,0,1,1,1,1785497121
2026-07-31T11:35:21Z,551,15,4,8,0,0,1,1,1,1785497170
2026-07-31T11:35:21Z,552,27,3,0,0,0,1,1,1,1785486390
2026-07-31T11:35:21Z,553,13,1,7,2,1,1,1,1,1785497507
2026-07-31T11:35:21Z,554,1,1,18,0,0,1,1,1,1785486691
2026-07-31T11:35:21Z,555,11,4,3,1,0,1,1,1,1785496928
2026-07-31T11:35:21Z,556,18,4,3,2,0,1,1,1,1785497599
2026-07-31T11:35:21Z,557,9,4,9,5,0,1,1,1,1785497604
2026-07-31T11:35:21Z,558,34,4,3,0,0,1,1,1,1785497469
2026-07-31T11:35:21Z,559,0,0,17,2,0,1,1,1,1785497493
2026-07-31T11:35:21Z,560,10,0,17,0,0,1,1,1,1785492157
2026-07-31T11:35:21Z,561,16,1,6,1,0,1,1,1,1785497660
2026-07-31T11:35:21Z,562,3,0,29,3,0,1,1,1,1785486691
2026-07-31T11:35:21Z,563,8,0,6,0,0,1,1,1,1785497221
2026-07-31T11:35:21Z,564,8,0,10,1,0,1,1,1,1785497662
2026-07-31T11:35:21Z,565,5,1,14,0,0,1,1,1,1785497102
2026-07-31T11:35:21Z,566,15,1,3,1,0,1,1,1,1785497710
2026-07-31T11:35:21Z,567,26,1,0,1,0,1,1,1,1785493771
2026-07-31T11:35:21Z,568,16,0,2,1,0,1,1,1,1785496988
2026-07-31T11:35:21Z,569,16,2,3,0,0,1,1,1,1785496200
2026-07-31T11:35:21Z,570,8,0,11,0,0,1,1,1,1785497289
2026-07-31T11:35:21Z,571,5,0,18,0,0,1,1,1,1785497568
2026-07-31T11:35:21Z,572,12,4,6,1,0,1,1,1,1785496361
2026-07-31T11:35:21Z,573,10,0,5,0,0,1,1,1,1785497162
2026-07-31T11:35:21Z,574,6,2,9,0,0,1,1,1,1785497498
2026-07-31T11:35:21Z,575,5,0,15,1,0,1,1,1,1785497652
2026-07-31T11:35:21Z,576,2,0,15,2,0,1,1,1,1785494813
2026-07-31T11:35:21Z,577,19,0,12,0,0,1,1,1,1785497641
2026-07-31T11:35:21Z,578,12,9,10,1,0,1,1,1,1785495518
2026-07-31T11:35:21Z,579,5,0,38,0,0,1,1,1,1785495141
2026-07-31T11:35:21Z,580,3,0,26,0,0,1,1,1,1785497187
2026-07-31T11:35:21Z,581,11,0,8,0,0,1,1,1,1785497394
2026-07-31T11:35:21Z,582,19,0,41,1,0,1,1,1,1785497709
2026-07-31T11:35:21Z,583,21,1,2,0,0,1,1,1,1785497687
2026-07-31T11:35:21Z,584,8,4,7,4,0,1,1,1,1785497203
2026-07-31T11:35:21Z,585,13,2,13,0,1,1,1,1,1785497602
2026-07-31T11:35:21Z,586,10,0,25,0,0,1,1,1,1785496987
2026-07-31T11:35:21Z,587,16,0,7,1,0,1,1,1,1785497540
2026-07-31T11:35:21Z,588,10,3,6,2,1,1,1,1,1785497645
2026-07-31T11:35:21Z,589,16,7,5,1,0,1,1,1,1785497616
2026-07-31T11:35:21Z,590,16,2,14,1,0,1,1,1,1785496962
2026-07-31T11:35:21Z,591,26,0,2,2,0,1,1,1,1785497401
2026-07-31T11:35:21Z,592,11,0,12,0,0,1,1,1,1785496499
2026-07-31T11:35:21Z,593,3,0,35,0,0,1,1,1,1785497527
2026-07-31T11:35:21Z,594,6,0,13,2,0,1,1,1,1785497708
2026-07-31T11:35:21Z,595,0,0,3,0,0,0,1,1,1784046673
2026-07-31T11:35:21Z,605,0,0,2,1,0,0,1,1,1783975843
2026-07-31T11:35:21Z,606,0,0,0,0,0,0,1,1,86400
2026-07-31T11:35:21Z,607,13,3,18,1,0,1,1,1,1785497640
2026-07-31T11:35:21Z,608,3,1,47,0,0,1,1,1,1785497177
2026-07-31T11:35:21Z,609,0,0,23,0,0,1,1,1,1785496326
2026-07-31T11:35:21Z,610,1,0,34,0,0,1,1,1,1785494557
2026-07-31T11:35:21Z,611,10,0,16,1,0,1,1,1,1785497712
2026-07-31T11:35:21Z,612,6,1,9,0,0,1,1,1,1785486691
2026-07-31T11:35:21Z,613,9,0,2,4,0,1,1,1,1785489318
2026-07-31T11:35:21Z,614,2,2,22,2,1,1,1,1,1785495770
2026-07-31T11:35:21Z,617,13,2,1,1,0,1,1,1,1785497067
2026-07-31T11:35:21Z,618,11,1,3,5,0,1,1,1,1785496082
2026-07-31T11:35:21Z,619,4,2,15,0,0,1,1,1,1785496956
2026-07-31T11:35:21Z,620,2,1,25,0,0,1,1,1,1785497452
2026-07-31T11:35:21Z,621,3,1,19,1,0,1,1,1,1785497404
2026-07-31T11:35:21Z,622,5,2,17,1,0,1,1,1,1785488201
2026-07-31T11:35:21Z,623,5,1,24,1,0,1,1,1,1785497511
2026-07-31T11:35:21Z,624,1,0,14,0,0,1,1,1,1785493218
2026-07-31T11:35:21Z,625,3,0,16,2,0,1,1,1,1785497695
2026-07-31T11:35:21Z,626,5,0,40,0,2,1,1,1,1785495289
2026-07-31T11:35:21Z,627,14,6,5,0,0,1,1,1,1785493197
2026-07-31T11:35:21Z,628,1,1,14,2,2,1,1,1,1785497562
2026-07-31T11:35:21Z,629,4,1,6,1,0,1,1,1,1785497620
2026-07-31T11:35:21Z,630,3,2,21,3,0,1,1,1,1785497443
2026-07-31T11:35:21Z,631,2,0,21,0,0,1,1,1,1785497308
2026-07-31T11:35:21Z,632,20,0,1,2,0,1,1,1,1785492884
2026-07-31T11:35:21Z,633,12,1,0,3,0,1,1,1,1785497598
2026-07-31T11:35:21Z,634,11,2,8,0,0,1,1,1,1785486991
2026-07-31T11:35:21Z,635,15,1,4,0,0,1,1,1,1785497505
2026-07-31T11:35:21Z,636,10,2,5,0,0,1,1,1,1785488201
2026-07-31T11:35:21Z,637,8,1,11,0,0,1,1,1,1785496599
2026-07-31T11:35:21Z,638,7,1,10,2,0,1,1,1,1785497055
2026-07-31T11:35:21Z,639,5,1,11,3,0,1,1,1,1785497692
2026-07-31T11:35:21Z,640,5,3,17,1,0,1,1,1,1785497444
2026-07-31T11:35:21Z,641,14,0,10,2,0,1,1,1,1785497616
2026-07-31T11:35:21Z,642,5,4,6,8,0,1,1,1,1785497712
2026-07-31T11:35:21Z,643,2,0,18,7,0,1,1,1,1785497713
2026-07-31T11:35:21Z,644,12,0,2,1,0,1,1,1,1785486991
2026-07-31T11:35:21Z,645,11,0,10,1,1,1,1,1,1785488495
2026-07-31T11:35:21Z,646,7,2,12,0,0,1,1,1,1785497637
2026-07-31T11:35:21Z,647,28,1,3,0,0,1,1,1,1785496900
2026-07-31T11:35:21Z,648,5,0,13,1,0,1,1,1,1785496315
2026-07-31T11:35:21Z,649,18,2,12,1,0,1,1,1,1785497391
2026-07-31T11:35:21Z,650,5,1,9,0,0,1,1,1,1785488201
2026-07-31T11:35:21Z,651,7,7,16,0,0,1,1,1,1785496786
2026-07-31T11:35:21Z,652,3,2,18,2,0,1,1,1,1785497431
2026-07-31T11:35:21Z,653,9,2,9,1,0,1,1,1,1785497494
2026-07-31T11:35:21Z,654,2,2,13,0,0,1,1,1,1785488202
2026-07-31T11:35:21Z,655,7,3,1,4,1,1,1,1,1785497699
2026-07-31T11:35:21Z,656,16,6,3,0,0,1,1,1,1785497518
2026-07-31T11:35:21Z,657,9,1,3,2,3,1,1,1,1785497399
2026-07-31T11:35:21Z,658,9,1,1,0,0,1,1,1,1785473427
2026-07-31T11:35:21Z,659,8,3,5,2,0,1,1,1,1785495755
2026-07-31T11:35:21Z,660,12,0,15,4,0,1,1,1,1785497671
2026-07-31T11:35:21Z,661,3,1,16,0,0,1,1,1,1785497195
2026-07-31T11:35:21Z,662,4,3,16,3,0,1,1,1,1785493876
2026-07-31T11:35:21Z,663,12,6,2,1,0,1,1,1,1785497475
2026-07-31T11:35:21Z,664,1,0,26,0,0,1,1,1,1785495012
2026-07-31T11:35:21Z,665,12,3,3,0,0,1,1,1,1785488202
2026-07-31T11:35:21Z,666,8,2,5,2,0,1,1,1,1785495733
2026-07-31T11:35:21Z,667,0,0,19,0,0,1,1,1,1785486991
2026-07-31T11:35:21Z,668,10,1,8,1,0,1,1,1,1785488201
2026-07-31T11:35:21Z,669,14,5,0,0,0,1,1,1,1785496316
2026-07-31T11:35:21Z,670,10,2,17,0,0,1,1,1,1785496697
2026-07-31T11:35:21Z,671,24,5,2,1,0,1,1,1,1785496512
2026-07-31T11:35:21Z,672,12,2,7,3,1,1,1,1,1785491597
2026-07-31T11:35:21Z,673,16,0,5,2,0,1,1,1,1785497053
2026-07-31T11:35:21Z,674,4,2,16,3,0,1,1,1,1785497701
2026-07-31T11:35:21Z,675,11,7,2,2,0,1,1,1,1785497553
2026-07-31T11:35:21Z,676,6,0,15,1,0,1,1,1,1785497591
2026-07-31T11:35:21Z,681,9,3,3,3,0,1,1,1,1785497482
2026-07-31T11:35:21Z,682,4,1,14,1,0,1,1,1,1785486991
2026-07-31T11:35:21Z,683,4,1,15,0,0,1,1,1,1785497438
2026-07-31T11:35:21Z,684,3,0,24,0,0,1,1,1,1785487883
2026-07-31T11:35:21Z,685,10,0,15,1,1,1,1,1,1785488201
2026-07-31T11:35:21Z,686,8,0,16,3,0,1,1,1,1785497421
2026-07-31T11:35:21Z,687,11,0,18,1,1,1,1,1,1785497434
2026-07-31T11:35:21Z,688,10,0,2,7,0,1,1,1,1785497574
2026-07-31T11:35:21Z,692,11,8,10,0,0,1,1,1,1785497714
2026-07-31T11:35:21Z,693,6,0,2,3,0,1,1,1,1785496233
2026-07-31T11:35:21Z,694,9,5,12,0,0,1,1,1,1785497445
2026-07-31T11:35:21Z,695,15,10,8,0,0,1,1,1,1785496148
2026-07-31T11:35:21Z,696,18,14,3,2,0,1,1,1,1785497378
2026-07-31T11:35:21Z,697,8,1,15,0,0,1,1,1,1785497468
2026-07-31T11:35:21Z,698,22,1,5,0,0,1,1,1,1785497368
2026-07-31T11:35:21Z,699,7,0,7,1,0,1,1,1,1785496544
2026-07-31T11:35:21Z,700,19,4,0,0,0,1,1,1,1785496685
2026-07-31T11:35:21Z,701,16,6,3,0,0,1,1,1,1785496115
2026-07-31T11:35:21Z,702,17,0,4,2,0,1,1,1,1785497155
2026-07-31T11:35:21Z,704,7,2,8,0,0,1,1,1,1785497320
2026-07-31T11:35:21Z,705,4,1,9,2,0,1,1,1,1785496785
2026-07-31T11:35:21Z,706,12,2,0,3,0,1,1,1,1785496074
2026-07-31T11:35:21Z,707,8,1,7,0,0,1,1,1,1785496701
2026-07-31T11:35:21Z,708,18,2,0,1,0,1,1,1,1785497198
2026-07-31T11:35:21Z,709,11,1,1,3,0,1,1,1,1785497146
2026-07-31T11:35:21Z,710,15,3,3,1,0,1,1,1,1785496154
2026-07-31T11:35:21Z,711,19,4,0,4,0,1,1,1,1785496892
2026-07-31T11:35:21Z,712,9,9,6,0,0,1,1,1,1785497516
2026-07-31T11:35:21Z,713,5,0,18,0,0,1,1,1,1785497702
2026-07-31T11:35:21Z,716,3,2,12,0,0,1,1,1,1785497140
2026-07-31T11:35:21Z,717,4,2,18,3,0,1,1,1,1785496518
2026-07-31T11:35:21Z,718,5,1,9,1,0,1,1,1,1785496251
2026-07-31T11:35:21Z,719,8,2,21,0,0,1,1,1,1785497498
2026-07-31T11:35:21Z,720,2,1,17,0,0,1,1,1,1785496720
2026-07-31T11:35:21Z,721,1,1,20,2,0,1,1,1,1785497534
2026-07-31T11:35:21Z,722,5,0,10,0,0,1,1,1,1785496477
2026-07-31T11:35:21Z,723,12,1,11,0,0,1,1,1,1785496560
2026-07-31T11:35:21Z,724,23,4,0,0,0,1,1,1,1785497681
2026-07-31T11:35:21Z,725,17,5,5,1,0,1,1,1,1785497254
2026-07-31T11:35:21Z,726,17,3,2,0,0,1,1,1,1785497444
2026-07-31T11:35:21Z,727,8,3,12,3,0,1,1,1,1785497483
2026-07-31T11:35:21Z,728,9,0,5,1,0,1,1,1,1785497023
2026-07-31T11:35:21Z,729,1,0,18,0,0,1,1,1,1785496694
2026-07-31T11:35:21Z,730,3,2,10,2,0,1,1,1,1785497618
2026-07-31T11:35:21Z,731,9,3,5,1,0,1,1,1,1785496734
2026-07-31T11:35:21Z,732,7,5,8,0,0,1,1,1,1785495957
2026-07-31T11:35:21Z,733,8,2,19,0,0,1,1,1,1785496760
2026-07-31T11:35:21Z,734,6,3,8,0,0,1,1,1,1785497591
2026-07-31T11:35:21Z,735,2,2,25,0,0,1,1,1,1785496619
2026-07-31T11:35:21Z,736,6,0,12,1,0,1,1,1,1785497659
2026-07-31T11:35:21Z,737,4,3,10,0,1,1,1,1,1785497163
2026-07-31T11:35:21Z,738,16,4,1,2,0,1,1,1,1785497381
2026-07-31T11:35:21Z,739,20,2,6,1,0,1,1,1,1785497277
2026-07-31T11:35:21Z,741,7,1,16,0,0,1,1,1,1785497058
2026-07-31T11:35:21Z,742,2,0,31,2,0,1,1,1,1785497669
2026-07-31T11:35:21Z,743,9,3,8,2,0,1,1,1,1785496928
2026-07-31T11:35:21Z,744,9,3,5,1,0,1,1,1,1785497431
2026-07-31T11:35:21Z,745,14,4,4,1,0,1,1,1,1785497444
2026-07-31T11:35:21Z,746,8,0,13,2,0,1,1,1,1785497573
2026-07-31T11:35:21Z,747,0,0,4,0,0,0,1,1,1783446606
2026-07-31T11:35:21Z,748,10,1,13,0,0,1,1,1,1785496427
2026-07-31T11:35:21Z,749,5,5,17,1,0,1,1,1,1785496342
2026-07-31T11:35:21Z,750,5,0,6,0,0,1,1,1,1785497707
2026-07-31T11:35:21Z,751,7,0,16,0,0,1,1,1,1785497672
2026-07-31T11:35:21Z,752,15,1,1,1,0,1,1,1,1785497009
2026-07-31T11:35:21Z,753,3,0,12,0,0,1,1,1,1785497651
2026-07-31T11:35:21Z,754,2,1,12,1,0,1,1,1,1785496157
2026-07-31T11:35:21Z,755,12,2,10,1,0,1,1,1,1785496296
2026-07-31T11:35:21Z,756,12,7,25,0,0,1,1,1,1785497684
2026-07-31T11:35:21Z,757,16,9,3,0,0,1,1,1,1785496408
2026-07-31T11:35:21Z,758,23,3,0,0,0,1,1,1,1785496021
2026-07-31T11:35:21Z,759,3,2,12,0,0,1,1,1,1785497556
2026-07-31T11:35:21Z,760,8,3,11,0,0,1,1,1,1785488200
2026-07-31T11:35:21Z,761,16,0,6,1,0,1,1,1,1785497533
2026-07-31T11:35:21Z,762,5,3,5,5,0,1,1,1,1785496704
2026-07-31T11:35:21Z,768,8,0,8,3,0,1,1,1,1785497659
2026-07-31T11:35:21Z,769,15,11,4,0,0,1,1,1,1785497289
2026-07-31T11:35:21Z,770,11,3,6,2,0,1,1,1,1785497222
2026-07-31T11:35:21Z,771,13,3,1,1,0,1,1,1,1785496668
2026-07-31T11:35:21Z,772,7,1,8,0,0,1,1,1,1785497277
2026-07-31T11:35:21Z,773,15,4,4,0,0,1,1,1,1785497123
2026-07-31T11:35:21Z,774,11,6,1,3,0,1,1,1,1785497056
2026-07-31T11:35:21Z,775,7,0,10,1,1,1,1,1,1785494713
2026-07-31T11:35:21Z,776,3,1,17,1,0,1,1,1,1785497461
2026-07-31T11:35:21Z,777,10,0,2,3,0,1,1,1,1785497208
2026-07-31T11:35:21Z,778,13,0,3,3,0,1,1,1,1785497394
2026-07-31T11:35:21Z,779,8,1,10,1,0,1,1,1,1785496217
2026-07-31T11:35:21Z,780,17,3,1,1,0,1,1,1,1785497642
2026-07-31T11:35:21Z,781,4,0,4,3,0,1,1,1,1785496141
2026-07-31T11:35:21Z,782,4,3,11,4,0,1,1,1,1785496946
2026-07-31T11:35:21Z,783,6,0,13,0,0,1,1,1,1785496212
2026-07-31T11:35:21Z,784,19,2,0,0,0,1,1,1,1785497636
2026-07-31T11:35:21Z,785,11,2,2,6,0,1,1,1,1785496387
2026-07-31T11:35:21Z,786,12,5,7,0,0,1,1,1,1785496039
2026-07-31T11:35:21Z,787,10,5,3,2,0,1,1,1,1785497482
2026-07-31T11:35:21Z,788,3,0,12,0,0,1,1,1,1785496701
2026-07-31T11:35:21Z,789,8,1,3,4,0,1,1,1,1785496928
2026-07-31T11:35:21Z,790,2,0,21,0,0,1,1,1,1785497346
2026-07-31T11:35:21Z,791,7,1,11,0,1,1,1,1,1785496889
2026-07-31T11:35:21Z,793,4,0,10,1,0,1,1,1,1785497066
2026-07-31T11:35:21Z,794,16,7,11,2,0,1,1,1,1785497558
2026-07-31T11:35:21Z,796,1,0,16,2,0,1,1,1,1785496876
2026-07-31T11:35:21Z,797,2,0,13,0,0,1,1,1,1785494961
2026-07-31T11:35:21Z,798,9,1,15,1,0,1,1,1,1785496727
2026-07-31T11:35:21Z,799,15,1,1,3,0,1,1,1,1785496844
2026-07-31T11:35:21Z,800,6,0,14,1,0,1,1,1,1785497623
2026-07-31T11:35:21Z,801,8,5,12,1,0,1,1,1,1785497693
2026-07-31T11:35:21Z,802,8,0,23,0,0,1,1,1,1785497022
2026-07-31T11:35:21Z,803,1,1,14,0,0,1,1,1,1785496669
2026-07-31T11:35:21Z,806,8,3,7,0,0,1,1,1,1785497158
2026-07-31T11:35:21Z,807,14,1,9,2,0,1,1,1,1785497293
2026-07-31T11:35:21Z,808,2,0,21,2,0,1,1,1,1785497500
2026-07-31T11:35:21Z,809,4,0,18,1,0,1,1,1,1785496855
2026-07-31T11:35:21Z,810,2,0,13,4,0,1,1,1,1785497299
2026-07-31T11:35:21Z,815,1,1,9,4,1,1,1,1,1785497272
2026-07-31T11:35:21Z,817,11,5,4,0,0,1,1,1,1785496186
2026-07-31T11:35:21Z,818,5,0,17,1,0,1,1,1,1785497491
2026-07-31T11:35:21Z,819,6,4,9,0,0,1,1,1,1785487291
2026-07-31T11:35:21Z,820,8,2,9,0,0,1,1,1,1785496100
2026-07-31T11:35:21Z,821,2,1,13,0,0,1,1,1,1785497027
2026-07-31T11:35:21Z,822,4,0,17,2,0,1,1,1,1785497688
2026-07-31T11:35:21Z,823,0,0,14,1,0,1,1,1,1785496501
2026-07-31T11:35:21Z,824,13,5,6,0,0,1,1,1,1785496817
2026-07-31T11:35:21Z,825,8,5,7,0,0,1,1,1,1785495662
2026-07-31T11:35:21Z,826,12,2,5,2,0,1,1,1,1785497537
2026-07-31T11:35:21Z,827,15,4,5,1,0,1,1,1,1785497321
2026-07-31T11:35:21Z,828,11,0,6,1,0,1,1,1,1785497612
2026-07-31T11:35:21Z,829,15,6,12,0,0,1,1,1,1785496838
2026-07-31T11:35:21Z,830,17,2,5,1,0,1,1,1,1785497297
2026-07-31T11:35:21Z,831,6,2,8,1,0,1,1,1,1785496465
2026-07-31T11:35:21Z,832,10,3,5,3,0,1,1,1,1785496739
2026-07-31T11:35:21Z,833,0,0,18,1,0,1,1,1,1785496884
2026-07-31T11:35:21Z,834,4,0,19,1,0,1,1,1,1785497635
2026-07-31T11:35:21Z,835,14,5,2,2,0,1,1,1,1785496302
2026-07-31T11:35:21Z,837,5,1,0,10,0,1,1,1,1785496544
2026-07-31T11:35:21Z,838,14,4,1,0,0,1,1,1,1785497438
2026-07-31T11:35:21Z,839,12,2,17,0,0,1,1,1,1785497520
2026-07-31T11:35:21Z,840,9,4,18,2,0,1,1,1,1785497692
2026-07-31T11:35:21Z,841,7,1,8,0,0,1,1,1,1785496460
2026-07-31T11:35:21Z,842,7,2,16,0,0,1,1,1,1785496275
2026-07-31T11:35:21Z,843,8,0,22,1,0,1,1,1,1785496536
2026-07-31T11:35:21Z,844,6,0,17,0,0,1,1,1,1785496478
2026-07-31T11:35:21Z,845,5,3,12,2,0,1,1,1,1785496653
2026-07-31T11:35:21Z,846,3,0,14,2,0,1,1,1,1785497603
2026-07-31T11:35:21Z,847,7,1,20,0,0,1,1,1,1785497408
2026-07-31T11:35:21Z,848,9,3,9,1,0,1,1,1,1785497067
2026-07-31T11:35:21Z,849,5,1,9,1,0,1,1,1,1785497442
2026-07-31T11:35:21Z,850,8,0,1,2,0,1,1,1,1785497708
2026-07-31T11:35:21Z,851,4,4,31,2,0,1,1,1,1785497575
2026-07-31T11:35:21Z,852,12,6,7,0,0,1,1,1,1785496363
2026-07-31T11:35:21Z,853,10,5,13,0,0,1,1,1,1785497251
2026-07-31T11:35:21Z,854,3,2,12,0,0,1,1,1,1785497304
2026-07-31T11:35:21Z,855,25,0,2,0,0,1,1,1,1785497123
2026-07-31T11:35:21Z,857,3,3,16,0,0,1,1,1,1785497633
2026-07-31T11:35:21Z,858,4,1,14,1,0,1,1,1,1785497028
2026-07-31T11:35:21Z,859,3,0,17,1,0,1,1,1,1785497246
2026-07-31T11:35:21Z,861,8,1,2,1,0,1,1,1,1785488201
2026-07-31T11:35:21Z,862,2,2,13,0,0,1,1,1,1785496490
2026-07-31T11:35:21Z,863,13,0,5,1,0,1,1,1,1785488200
2026-07-31T11:35:21Z,866,11,3,8,0,0,1,1,1,1785496802
2026-07-31T11:35:21Z,867,13,1,2,0,0,1,1,1,1785497020
2026-07-31T11:35:21Z,868,12,2,3,0,0,1,1,1,1785497005
2026-07-31T11:35:21Z,870,7,4,6,2,0,1,1,1,1785496538
2026-07-31T11:35:21Z,871,0,0,10,1,0,1,1,1,1785495908
2026-07-31T11:35:21Z,872,0,0,14,1,0,1,1,1,1785496454
2026-07-31T11:35:21Z,873,3,1,29,1,0,1,1,1,1785497097
2026-07-31T11:35:21Z,874,4,2,8,3,0,1,1,1,1785496642
2026-07-31T11:35:21Z,875,15,11,0,0,0,1,1,1,1785497525
2026-07-31T11:35:21Z,877,11,10,6,2,0,1,1,1,1785496072
2026-07-31T11:35:21Z,878,4,3,14,1,0,1,1,1,1785496652
2026-07-31T11:35:21Z,879,2,1,17,0,0,1,1,1,1785497509
2026-07-31T11:35:21Z,880,1,0,21,1,0,1,1,1,1785497523
2026-07-31T11:35:21Z,881,1,0,18,0,0,1,1,1,1785496506
2026-07-31T11:35:21Z,882,10,0,6,3,0,1,1,1,1785488200
2026-07-31T11:35:21Z,883,11,6,8,0,0,1,1,1,1785497540
2026-07-31T11:35:21Z,884,10,7,11,0,0,1,1,1,1785496821
2026-07-31T11:35:21Z,885,1,0,18,0,0,1,1,1,1785496347
2026-07-31T11:35:21Z,886,17,2,10,2,0,1,1,1,1785497207
2026-07-31T11:35:21Z,887,3,1,11,3,0,1,1,1,1785497054
2026-07-31T11:35:21Z,888,7,0,32,1,1,1,1,1,1785497700
2026-07-31T11:35:21Z,889,14,0,3,2,0,1,1,1,1785497714
2026-07-31T11:35:21Z,890,6,4,9,0,0,1,1,1,1785489632
2026-07-31T11:35:21Z,891,21,0,2,0,0,1,1,1,1785497667
2026-07-31T11:35:21Z,892,13,1,2,0,0,1,1,1,1785488200
2026-07-31T11:35:21Z,895,0,0,18,1,0,1,1,1,1785489208
2026-07-31T11:35:21Z,896,6,0,29,0,0,1,1,1,1785493238
2026-07-31T11:35:21Z,897,11,1,10,0,0,1,1,1,1785496546
2026-07-31T11:35:21Z,898,3,0,16,0,0,1,1,1,1785497298
2026-07-31T11:35:21Z,899,0,0,18,1,0,1,1,1,1785497313
2026-07-31T11:35:21Z,900,13,0,12,2,0,1,1,1,1785497657
2026-07-31T11:35:21Z,901,9,0,9,1,0,1,1,1,1785497671
2026-07-31T11:35:21Z,902,8,0,6,1,0,1,1,1,1785496405
2026-07-31T11:35:21Z,903,13,2,5,1,0,1,1,1,1785497478
2026-07-31T11:35:21Z,904,10,4,8,1,0,1,1,1,1785496657
2026-07-31T11:35:21Z,905,8,2,19,0,0,1,1,1,1785496877
2026-07-31T11:35:21Z,906,4,1,23,0,0,1,1,1,1785497709
2026-07-31T11:35:21Z,907,8,3,23,0,0,1,1,1,1785497164
2026-07-31T11:35:21Z,908,10,0,13,0,0,1,1,1,1785496647
2026-07-31T11:35:21Z,909,7,0,15,1,0,1,1,1,1785497575
2026-07-31T11:35:21Z,910,28,1,3,0,0,1,1,1,1785497561
2026-07-31T11:35:21Z,911,4,1,15,0,0,1,1,1,1785496199
2026-07-31T11:35:21Z,912,12,4,9,2,0,1,1,1,1785497689
2026-07-31T11:35:21Z,913,3,1,16,0,0,1,1,1,1785497182
2026-07-31T11:35:21Z,914,8,2,11,0,0,1,1,1,1785496997
2026-07-31T11:35:21Z,915,10,1,12,1,0,1,1,1,1785496762
2026-07-31T11:35:21Z,916,23,8,0,0,0,1,1,1,1785497563
2026-07-31T11:35:21Z,917,12,4,21,2,0,1,1,1,1785497430
2026-07-31T11:35:21Z,918,13,2,4,2,0,1,1,1,1785497499
2026-07-31T11:35:21Z,919,10,0,27,2,0,1,1,1,1785497673
2026-07-31T11:35:21Z,920,4,2,15,0,0,1,1,1,1785496992
2026-07-31T11:35:21Z,921,12,0,9,0,0,1,1,1,1785496336
2026-07-31T11:35:21Z,922,4,0,17,0,0,1,1,1,1785497146
2026-07-31T11:35:21Z,923,16,1,3,0,0,1,1,1,1785496791
2026-07-31T11:35:21Z,924,8,2,13,0,0,1,1,1,1785497349
2026-07-31T11:35:21Z,925,13,0,8,0,0,1,1,1,1785496818
2026-07-31T11:35:21Z,926,2,1,19,0,0,1,1,1,1785496951
2026-07-31T11:35:21Z,927,3,0,32,0,0,1,1,1,1785497377
2026-07-31T11:35:21Z,928,5,3,14,0,0,0,1,1,1785464301
2026-07-31T11:35:21Z,929,0,0,23,0,0,1,1,1,1785495970
2026-07-31T11:35:21Z,930,0,0,30,1,0,1,1,1,1785496577
2026-07-31T11:35:21Z,931,9,6,14,0,0,1,1,1,1785496890
2026-07-31T11:35:21Z,932,3,0,13,3,0,1,1,1,1785496720
2026-07-31T11:35:21Z,933,0,0,23,0,0,1,1,1,1785496937
2026-07-31T11:35:21Z,934,5,0,25,1,0,1,1,1,1785497661
2026-07-31T11:35:21Z,935,14,4,4,1,0,1,1,1,1785497509
2026-07-31T11:35:21Z,936,4,1,15,0,0,1,1,1,1785456801
2026-07-31T11:35:21Z,940,10,0,1,0,0,1,1,1,1785496815
2026-07-31T11:35:21Z,941,7,1,16,2,0,1,1,1,1785497077
2026-07-31T11:35:21Z,942,6,0,14,1,0,1,1,1,1785497450
2026-07-31T11:35:21Z,943,9,8,6,0,0,1,1,1,1785496563
2026-07-31T11:35:21Z,944,9,8,6,0,0,1,1,1,1785496383
2026-07-31T11:35:21Z,945,10,8,5,0,0,1,1,1,1785497712
2026-07-31T11:35:21Z,946,7,5,12,0,0,1,1,1,1785487593
2026-07-31T11:35:21Z,947,7,5,10,0,0,1,1,1,1785496396
2026-07-31T11:35:21Z,948,26,9,0,5,0,1,1,1,1785497440
2026-07-31T11:35:21Z,949,8,3,7,0,0,1,1,1,1785497674
2026-07-31T11:35:21Z,950,12,4,4,1,0,1,1,1,1785496408
2026-07-31T11:35:21Z,951,18,4,4,1,0,1,1,1,1785496622
2026-07-31T11:35:21Z,952,17,4,38,0,0,1,1,1,1785497499
2026-07-31T11:35:21Z,953,11,2,3,1,0,1,1,1,1785497556
2026-07-31T11:35:21Z,954,17,5,2,0,0,1,1,1,1785496515
2026-07-31T11:35:21Z,955,5,3,16,6,0,1,1,1,1785497310
2026-07-31T11:35:21Z,956,22,0,0,1,0,1,1,1,1785497459
2026-07-31T11:35:21Z,957,13,0,16,0,0,1,1,1,1785497631
2026-07-31T11:35:21Z,958,21,1,10,0,0,1,1,1,1785497548
2026-07-31T11:35:21Z,959,19,8,1,3,0,1,1,1,1785497664
2026-07-31T11:35:21Z,960,18,0,4,1,0,1,1,1,1785497709
2026-07-31T11:35:21Z,961,2,2,18,3,0,1,1,1,1785497125
2026-07-31T11:35:21Z,962,9,3,23,3,0,1,1,1,1785497406
2026-07-31T11:35:21Z,963,10,0,12,1,0,1,1,1,1785496496
2026-07-31T11:35:21Z,964,14,8,8,1,0,1,1,1,1785497564
2026-07-31T11:35:21Z,965,6,2,20,1,0,1,1,1,1785496610
2026-07-31T11:35:21Z,966,24,0,7,0,0,1,1,1,1785497564
2026-07-31T11:35:21Z,967,15,0,4,2,0,1,1,1,1785497708
2026-07-31T11:35:21Z,968,14,0,4,1,0,1,1,1,1785496603
2026-07-31T11:35:21Z,969,12,7,13,2,0,1,1,1,1785496320
2026-07-31T11:35:21Z,970,11,1,6,2,0,1,1,1,1785497329
2026-07-31T11:35:21Z,971,11,0,11,1,0,1,1,1,1785497297
2026-07-31T11:35:21Z,972,9,1,13,1,0,1,1,1,1785496373
2026-07-31T11:35:21Z,973,7,4,15,1,0,1,1,1,1785497707
2026-07-31T11:35:21Z,974,14,0,13,0,0,1,1,1,1785497093
2026-07-31T11:35:21Z,977,6,6,12,3,0,1,1,1,1785496816
2026-07-31T11:35:21Z,978,11,0,12,0,0,1,1,1,1785497507
2026-07-31T11:35:21Z,979,11,0,6,0,0,1,1,1,1785497638
2026-07-31T11:35:21Z,980,4,0,15,2,0,1,1,1,1785497520
2026-07-31T11:35:21Z,981,19,0,1,1,0,1,1,1,1785496135
2026-07-31T11:35:21Z,982,3,1,14,2,0,1,1,1,1785496433
2026-07-31T11:35:21Z,983,2,1,20,1,0,1,1,1,1785496858
2026-07-31T11:35:21Z,984,6,0,17,0,0,1,1,1,1785496554
2026-07-31T11:35:21Z,985,14,0,17,0,0,1,1,1,1785497611
2026-07-31T11:35:21Z,986,4,0,15,0,0,1,1,1,1785496430
2026-07-31T11:35:21Z,987,6,0,16,1,0,1,1,1,1785496976
2026-07-31T11:35:21Z,988,5,1,13,1,0,1,1,1,1785496586
2026-07-31T11:35:21Z,989,9,4,10,0,0,1,1,1,1785497390
2026-07-31T11:35:21Z,990,13,1,0,2,0,1,1,1,1785496628
2026-07-31T11:35:21Z,991,10,2,8,1,0,1,1,1,1785496303
2026-07-31T11:35:21Z,992,10,7,12,1,0,1,1,1,1785497181
2026-07-31T11:35:21Z,993,0,0,27,0,0,1,1,1,1785476008
2026-07-31T11:35:21Z,994,3,1,18,0,0,1,1,1,1785497398
2026-07-31T11:35:21Z,995,6,0,21,0,0,1,1,1,1785497176
2026-07-31T11:35:21Z,996,8,1,15,0,0,1,1,1,1785496415
2026-07-31T11:35:21Z,997,10,5,10,3,0,1,1,1,1785497659
2026-07-31T11:35:21Z,998,3,3,19,1,0,1,1,1,1785496728
2026-07-31T11:35:21Z,999,2,0,16,2,1,1,1,1,1785496496
2026-07-31T11:35:21Z,1000,5,2,16,0,0,1,1,1,1785497294
2026-07-31T11:35:21Z,1001,2,1,25,0,0,1,1,1,1785496756
2026-07-31T11:35:21Z,1002,0,0,27,4,0,1,1,1,1785496765
2026-07-31T11:35:21Z,1003,0,0,22,1,0,1,1,1,1785496375
2026-07-31T11:35:21Z,1004,8,1,15,0,0,1,1,1,1785497634
2026-07-31T11:35:21Z,1005,20,1,3,0,0,1,1,1,1785496564
2026-07-31T11:35:21Z,1006,7,4,11,1,0,1,1,1,1785496395
2026-07-31T11:35:21Z,1007,2,1,19,0,0,1,1,1,1785496028
2026-07-31T11:35:21Z,1008,6,5,15,2,0,1,1,1,1785497356
2026-07-31T11:35:21Z,1009,19,2,8,4,0,1,1,1,1785497227
2026-07-31T11:35:21Z,1010,7,2,20,0,0,1,1,1,1785496241
2026-07-31T11:35:21Z,1011,7,2,10,2,0,1,1,1,1785496767
2026-07-31T11:35:21Z,1012,4,3,18,1,0,1,1,1,1785496332
2026-07-31T11:35:21Z,1013,4,1,18,1,0,1,1,1,1785496923
2026-07-31T11:35:21Z,1014,7,2,13,3,0,1,1,1,1785496850
2026-07-31T11:35:21Z,1015,3,1,25,3,0,1,1,1,1785497138
2026-07-31T11:35:21Z,1016,10,5,21,0,0,1,1,1,1785496465
2026-07-31T11:35:21Z,1017,14,5,7,0,0,1,1,1,1785497552
2026-07-31T11:35:21Z,1018,7,2,15,0,0,1,1,1,1785496417
2026-07-31T11:35:21Z,1019,9,6,6,0,0,1,1,1,1785496337
2026-07-31T11:35:21Z,1020,18,3,3,0,0,1,1,1,1785497421
2026-07-31T11:35:21Z,1021,9,3,5,1,0,1,1,1,1785497138
2026-07-31T11:35:21Z,1022,14,0,13,0,0,1,1,1,1785496517
2026-07-31T11:35:21Z,1023,13,1,9,1,0,1,1,1,1785496155
2026-07-31T11:35:21Z,1024,5,2,13,1,0,1,1,1,1785497147
2026-07-31T11:35:21Z,1025,4,0,14,0,1,1,1,1,1785496485
2026-07-31T11:35:21Z,1026,7,4,18,6,0,1,1,1,1785497504
2026-07-31T11:35:21Z,1028,2,0,20,1,0,1,1,1,1785496509
2026-07-31T11:35:21Z,1029,9,9,5,1,0,1,1,1,1785497436
2026-07-31T11:35:21Z,1030,14,5,9,0,0,1,1,1,1785497194
2026-07-31T11:35:21Z,1031,8,0,11,0,0,1,1,1,1785497549
2026-07-31T11:35:21Z,1032,7,1,12,0,0,1,1,1,1785496399
2026-07-31T11:35:21Z,1033,9,5,8,2,0,1,1,1,1785497213
2026-07-31T11:35:21Z,1034,3,0,12,0,0,1,1,1,1785497249
2026-07-31T11:35:21Z,1035,1,0,16,2,0,1,1,1,1785496450
2026-07-31T11:35:21Z,1036,14,0,1,0,0,1,1,1,1785496989
2026-07-31T11:35:21Z,1037,5,0,13,1,0,1,1,1,1785496863
2026-07-31T11:35:21Z,1038,2,0,12,1,0,1,1,1,1785496107
2026-07-31T11:35:21Z,1039,7,2,12,0,0,1,1,1,1785496554
2026-07-31T11:35:21Z,1040,7,3,10,2,0,1,1,1,1785496440
2026-07-31T11:35:21Z,1041,10,3,8,1,0,1,1,1,1785497141
2026-07-31T11:35:21Z,1042,12,1,1,2,0,1,1,1,1785496566
2026-07-31T11:35:21Z,1043,10,0,6,3,0,1,1,1,1785496474
2026-07-31T11:35:21Z,1044,1,0,13,1,0,1,1,1,1785496162
2026-07-31T11:35:21Z,1045,10,0,9,0,0,1,1,1,1785496386
2026-07-31T11:35:21Z,1046,8,0,7,0,0,1,1,1,1785497599
2026-07-31T11:35:21Z,1047,5,0,16,0,0,1,1,1,1785497156
2026-07-31T11:35:21Z,1048,10,1,9,0,0,1,1,1,1785496364
2026-07-31T11:35:21Z,1049,5,0,16,0,0,1,1,1,1785496435
2026-07-31T11:35:21Z,1050,17,4,4,0,0,1,1,1,1785497530
2026-07-31T11:35:21Z,1051,8,3,13,0,0,1,1,1,1785497420
2026-07-31T11:35:21Z,1052,17,2,5,0,0,1,1,1,1785496230
2026-07-31T11:35:21Z,1053,2,1,13,0,0,1,1,1,1785496287
2026-07-31T11:35:21Z,1054,14,1,1,0,0,1,1,1,1785496547
2026-07-31T11:35:21Z,1055,7,1,12,0,0,1,1,1,1785496531
2026-07-31T11:35:21Z,1057,15,0,3,1,0,1,1,1,1785496833
2026-07-31T11:35:21Z,1058,6,0,49,1,0,1,1,1,1785496527
2026-07-31T11:35:21Z,1059,1,0,17,1,0,1,1,1,1785497321
2026-07-31T11:35:21Z,1060,30,0,7,0,0,1,1,1,1785497437
2026-07-31T11:35:21Z,1061,16,1,20,1,0,1,1,1,1785497459
2026-07-31T11:35:21Z,1062,6,1,11,0,0,1,1,1,1785497607
2026-07-31T11:35:21Z,1063,12,1,6,1,0,1,1,1,1785496442
2026-07-31T11:35:21Z,1064,3,0,19,1,0,1,1,1,1785496778
2026-07-31T11:35:21Z,1065,16,3,7,0,0,1,1,1,1785497020
2026-07-31T11:35:21Z,1066,10,2,13,0,0,1,1,1,1785496843
2026-07-31T11:35:21Z,1067,8,2,13,2,0,1,1,1,1785497113
2026-07-31T11:35:21Z,1068,8,2,13,2,0,1,1,1,1785496609
2026-07-31T11:35:21Z,1069,12,3,11,0,0,1,1,1,1785496654
2026-07-31T11:35:21Z,1070,12,2,11,0,0,1,1,1,1785496750
2026-07-31T11:35:21Z,1071,7,4,16,0,0,1,1,1,1785496789
2026-07-31T11:35:21Z,1072,11,1,11,1,0,1,1,1,1785497187
2026-07-31T11:35:21Z,1073,20,2,6,1,0,1,1,1,1785496912
2026-07-31T11:35:21Z,1074,2,0,50,1,0,1,1,1,1785497561
2026-07-31T11:35:21Z,1075,10,10,11,0,0,1,1,1,1785496158
2026-07-31T11:35:21Z,1076,15,12,6,0,0,1,1,1,1785497414
2026-07-31T11:35:21Z,1077,8,5,13,0,0,1,1,1,1785496376
2026-07-31T11:35:21Z,1078,11,10,10,0,0,1,1,1,1785497456
2026-07-31T11:35:21Z,1079,11,8,10,0,0,1,1,1,1785496264
2026-07-31T11:35:21Z,1080,10,8,10,1,0,1,1,1,1785496866
2026-07-31T11:35:21Z,1081,13,8,6,0,0,1,1,1,1785497248
2026-07-31T11:35:21Z,1082,7,7,1,0,0,1,1,1,1785496719
2026-07-31T11:35:21Z,1083,13,11,8,0,0,1,1,1,1785496535
2026-07-31T11:35:21Z,1084,9,8,12,0,0,1,1,1,1785496151
2026-07-31T11:35:21Z,1085,10,10,11,0,0,1,1,1,1785497622
2026-07-31T11:35:21Z,1086,0,0,20,1,0,1,1,1,1785496505
2026-07-31T11:35:21Z,1087,12,7,3,0,0,1,1,1,1785497500
2026-07-31T11:35:21Z,1088,10,7,5,0,0,1,1,1,1785496446
2026-07-31T11:35:21Z,1089,5,3,10,0,0,1,1,1,1785496797
2026-07-31T11:35:21Z,1090,9,8,6,0,0,1,1,1,1785497329
2026-07-31T11:35:21Z,1091,12,7,3,0,0,1,1,1,1785497242
2026-07-31T11:35:21Z,1092,9,9,5,1,0,1,1,1,1785496789
2026-07-31T11:35:21Z,1093,7,6,8,0,0,1,1,1,1785497150
2026-07-31T11:35:21Z,1094,12,10,6,1,0,1,1,1,1785497176
2026-07-31T11:35:21Z,1095,8,7,7,0,0,1,1,1,1785497088
2026-07-31T11:35:21Z,1096,3,1,15,1,0,1,1,1,1785496762
2026-07-31T11:35:21Z,1097,9,9,6,0,0,1,1,1,1785496974
2026-07-31T11:35:21Z,1098,9,7,10,0,0,1,1,1,1785497319
2026-07-31T11:35:21Z,1099,7,6,8,0,0,1,1,1,1785496233
2026-07-31T11:35:21Z,1100,8,4,21,0,0,1,1,1,1785493678
2026-07-31T11:35:21Z,1101,10,5,11,0,0,1,1,1,1785497630
2026-07-31T11:35:21Z,1102,9,4,4,0,0,1,1,1,1785497221
2026-07-31T11:35:21Z,1103,10,5,11,0,0,1,1,1,1785487895
2026-07-31T11:35:21Z,1104,10,5,11,0,0,1,1,1,1785497701
2026-07-31T11:35:21Z,1105,8,4,5,0,0,1,1,1,1785497107
2026-07-31T11:35:21Z,1106,10,5,11,0,0,1,1,1,1785496225
2026-07-31T11:35:21Z,1107,9,5,6,0,0,1,1,1,1785496511
2026-07-31T11:35:21Z,1108,9,5,15,2,1,1,1,1,1785497602
2026-07-31T11:35:21Z,1109,9,4,6,0,0,1,1,1,1785497114
2026-07-31T11:35:21Z,1110,12,4,9,0,0,1,1,1,1785497569
2026-07-31T11:35:21Z,1111,3,2,18,0,0,1,1,1,1785475740
2026-07-31T11:35:21Z,1112,38,0,15,0,0,1,1,1,1785497686
2026-07-31T11:35:21Z,1113,2,0,19,0,0,1,1,1,1785497519
2026-07-31T11:35:21Z,1115,16,5,4,3,0,1,1,1,1785496992
2026-07-31T11:35:21Z,1116,5,1,14,0,0,1,1,1,1785496418
2026-07-31T11:35:21Z,1117,15,4,6,2,0,1,1,1,1785497663
2026-07-31T11:35:21Z,1118,17,1,3,1,0,1,1,1,1785497589
2026-07-31T11:35:21Z,1119,12,1,5,0,0,1,1,1,1785497432
2026-07-31T11:35:21Z,1120,13,0,6,0,0,1,1,1,1785496502
2026-07-31T11:35:21Z,1121,10,1,8,3,0,1,1,1,1785497512
2026-07-31T11:35:21Z,1122,13,8,5,3,0,1,1,1,1785497638
2026-07-31T11:35:21Z,1123,7,3,14,2,0,1,1,1,1785497711
2026-07-31T11:35:21Z,1124,10,2,1,4,0,1,1,1,1785497442
2026-07-31T11:35:21Z,1125,15,1,8,0,0,1,1,1,1785496705
2026-07-31T11:35:21Z,1126,3,0,17,1,0,1,1,1,1785497535
2026-07-31T11:35:21Z,1127,5,1,13,1,0,1,1,1,1785497407
2026-07-31T11:35:21Z,1128,14,2,0,1,0,1,1,1,1785496417
2026-07-31T11:35:21Z,1129,1,1,19,1,0,1,1,1,1785496146
2026-07-31T11:35:21Z,1130,12,0,3,0,0,1,1,1,1785496901
2026-07-31T11:35:21Z,1131,1,0,47,1,0,1,1,1,1785497222
2026-07-31T11:35:21Z,1132,14,6,6,1,0,1,1,1,1785496214
2026-07-31T11:35:21Z,1133,16,12,3,2,0,1,1,1,1785497349
2026-07-31T11:35:21Z,1134,10,5,9,0,0,1,1,1,1785496925
2026-07-31T11:35:21Z,1135,10,5,11,0,0,1,1,1,1785496024
2026-07-31T11:35:21Z,1136,6,0,17,0,0,1,1,1,1785496596
2026-07-31T11:35:21Z,1137,13,0,2,0,0,1,1,1,1785496812
2026-07-31T11:35:21Z,1138,17,3,2,0,0,1,1,1,1785497515
2026-07-31T11:35:21Z,1139,16,4,4,1,0,1,1,1,1785496994
2026-07-31T11:35:21Z,1140,19,0,3,1,0,1,1,1,1785497055
2026-07-31T11:35:21Z,1141,6,0,15,0,0,1,1,1,1785497677
2026-07-31T11:35:21Z,1142,2,0,19,0,0,1,1,1,1785497056
2026-07-31T11:35:21Z,1143,14,0,15,0,0,1,1,1,1785497557
2026-07-31T11:35:21Z,1144,7,1,13,1,0,1,1,1,1785496657
2026-07-31T11:35:21Z,1145,13,6,7,1,0,1,1,1,1785496803
2026-07-31T11:35:21Z,1146,3,0,13,3,0,1,1,1,1785497397
2026-07-31T11:35:21Z,1147,4,1,15,0,0,1,1,1,1785497116
2026-07-31T11:35:21Z,1148,20,6,11,0,0,1,1,1,1785497129
2026-07-31T11:35:21Z,1149,4,3,21,0,0,1,1,1,1785496077
2026-07-31T11:35:21Z,1150,14,0,5,0,0,1,1,1,1785497232
2026-07-31T11:35:21Z,1151,13,0,8,0,0,1,1,1,1785497067
2026-07-31T11:35:21Z,1152,20,0,9,0,0,1,1,1,1785497597
2026-07-31T11:35:21Z,1153,20,6,2,1,0,1,1,1,1785496956
2026-07-31T11:35:21Z,1154,13,1,6,0,0,1,1,1,1785497658
2026-07-31T11:35:21Z,1155,15,7,5,1,0,1,1,1,1785497511
2026-07-31T11:35:21Z,1158,3,0,15,1,0,1,1,1,1785496307
2026-07-31T11:35:21Z,1159,13,1,6,0,0,1,1,1,1785496663
2026-07-31T11:35:21Z,1160,8,1,10,1,0,1,1,1,1785497453
2026-07-31T11:35:21Z,1161,3,0,15,1,0,1,1,1,1785496798
2026-07-31T11:35:21Z,1162,2,1,17,0,0,1,1,1,1785497048
2026-07-31T11:35:21Z,1163,1,1,17,1,0,1,1,1,1785496425
2026-07-31T11:35:21Z,1164,6,1,13,0,0,1,1,1,1785496482
2026-07-31T11:35:21Z,1165,5,0,16,0,0,1,1,1,1785497217
2026-07-31T11:35:21Z,1166,12,2,8,1,0,1,1,1,1785496734
2026-07-31T11:35:21Z,1167,4,0,11,0,0,1,1,1,1785496187
2026-07-31T11:35:21Z,1168,1,1,21,1,0,1,1,1,1785496683
2026-07-31T11:35:21Z,1169,3,0,15,1,0,1,1,1,1785496330
2026-07-31T11:35:21Z,1170,6,0,14,1,0,1,1,1,1785496703
2026-07-31T11:35:21Z,1171,7,6,15,1,0,1,1,1,1785496379
2026-07-31T11:35:21Z,1172,6,2,7,2,0,1,1,1,1785496602
2026-07-31T11:35:21Z,1173,13,5,6,0,0,1,1,1,1785496579
2026-07-31T11:35:21Z,1174,6,3,9,0,0,1,1,1,1785496256
2026-07-31T11:35:21Z,1175,5,3,14,0,0,1,1,1,1785496110
2026-07-31T11:35:21Z,1176,19,1,2,0,0,1,1,1,1785497601
2026-07-31T11:35:21Z,1177,3,1,18,0,0,1,1,1,1785497527
2026-07-31T11:35:21Z,1178,2,1,13,0,0,1,1,1,1785496220
2026-07-31T11:35:21Z,1181,11,0,3,1,0,1,1,1,1785492552
2026-07-31T11:35:21Z,1182,2,0,18,0,0,1,1,1,1785496820
2026-07-31T11:35:21Z,1183,9,1,34,2,0,1,1,1,1785496917
2026-07-31T11:35:21Z,1184,9,4,11,1,0,1,1,1,1785497708
2026-07-31T11:35:21Z,1185,10,5,11,0,0,1,1,1,1785497656
2026-07-31T11:35:21Z,1186,9,5,10,0,0,1,1,1,1785496848
2026-07-31T11:35:21Z,1187,12,6,8,1,0,1,1,1,1785497185
2026-07-31T11:35:21Z,1188,10,5,5,0,0,1,1,1,1785496516
2026-07-31T11:35:21Z,1189,10,5,9,0,0,1,1,1,1785496608
2026-07-31T11:35:21Z,1190,9,4,12,0,0,1,1,1,1785497111
2026-07-31T11:35:21Z,1191,10,5,5,0,0,1,1,1,1785496523
2026-07-31T11:35:21Z,1192,10,6,10,1,0,1,1,1,1785496372
2026-07-31T11:35:21Z,1193,6,4,5,2,0,1,1,1,1785497364
2026-07-31T11:35:21Z,1197,9,6,7,1,0,1,1,1,1785497303
2026-07-31T11:35:21Z,1198,14,4,5,2,0,1,1,1,1785496896
2026-07-31T11:35:21Z,1199,2,0,17,0,0,1,1,1,1785496920
2026-07-31T11:35:21Z,1200,10,5,5,0,0,1,1,1,1785496558
2026-07-31T11:35:21Z,1201,10,5,5,0,0,1,1,1,1785496536
2026-07-31T11:35:21Z,1202,10,5,5,0,0,1,1,1,1785496637
2026-07-31T11:35:21Z,1203,10,5,5,0,0,1,1,1,1785496534
2026-07-31T11:35:21Z,1204,8,4,11,0,0,1,1,1,1785496774
2026-07-31T11:35:21Z,1206,11,5,10,0,0,1,1,1,1785497319
2026-07-31T11:35:21Z,1207,8,4,6,1,0,1,1,1,1785496849
2026-07-31T11:35:21Z,1208,8,3,11,0,0,1,1,1,1785496762
2026-07-31T11:35:21Z,1216,7,0,13,1,0,1,1,1,1785497549
2026-07-31T11:35:21Z,1218,4,0,17,0,0,1,1,1,1785496126
2026-07-31T11:35:21Z,1219,6,1,8,1,0,1,1,1,1785496161
2026-07-31T11:35:21Z,1220,15,8,4,0,0,1,1,1,1785497576
2026-07-31T11:35:21Z,1221,1,1,19,1,0,1,1,1,1785497255
2026-07-31T11:35:21Z,1222,27,0,2,0,0,1,1,1,1785497129
2026-07-31T11:35:21Z,1223,21,0,8,0,0,1,1,1,1785497514
2026-07-31T11:35:21Z,1226,0,0,3,0,0,0,1,1,1781868931
2026-07-31T11:35:21Z,1227,20,1,5,0,0,1,1,1,1785497265
2026-07-31T11:35:21Z,1228,14,0,15,0,0,1,1,1,1785497555
2026-07-31T11:35:21Z,1229,34,1,11,0,0,1,1,1,1785497706
2026-07-31T11:40:21Z,1,5,0,18,0,0,1,1,1,1785497381
2026-07-31T11:40:21Z,2,18,0,6,3,0,1,1,1,1785497809
2026-07-31T11:40:21Z,3,8,0,5,1,0,1,1,1,1785497278
2026-07-31T11:40:21Z,4,3,1,18,1,0,1,1,1,1785497780
2026-07-31T11:40:21Z,5,11,3,11,1,0,1,1,1,1785497818
2026-07-31T11:40:21Z,6,6,1,9,0,0,1,1,1,1785497131
2026-07-31T11:40:21Z,7,2,0,37,0,0,1,1,1,1785496278
2026-07-31T11:40:21Z,8,7,2,36,0,0,1,1,1,1785497899
2026-07-31T11:40:21Z,9,1,0,20,2,0,1,1,1,1785497711
2026-07-31T11:40:21Z,10,0,0,21,2,0,1,1,1,1785496277
2026-07-31T11:40:21Z,11,16,5,2,1,0,1,1,1,1785497741
2026-07-31T11:40:21Z,12,0,0,23,0,0,1,1,1,1785490105
2026-07-31T11:40:21Z,13,11,0,19,0,0,1,1,1,1785488834
2026-07-31T11:40:21Z,14,7,1,35,0,1,1,1,1,1785497416
2026-07-31T11:40:21Z,15,2,0,13,0,0,1,1,1,1785496271
2026-07-31T11:40:21Z,16,8,0,16,2,1,1,1,1,1785487292
2026-07-31T11:40:21Z,17,2,0,24,1,0,1,1,1,1785497797
2026-07-31T11:40:21Z,18,3,0,13,2,0,1,1,1,1785497997
2026-07-31T11:40:21Z,19,11,1,15,1,0,1,1,1,1785497608
2026-07-31T11:40:21Z,20,30,0,5,0,0,1,1,1,1785497064
2026-07-31T11:40:21Z,21,8,0,10,1,0,1,1,1,1785497558
2026-07-31T11:40:21Z,22,20,0,44,1,0,1,1,1,1785497954
2026-07-31T11:40:21Z,23,13,5,18,0,0,1,1,1,1785497060
2026-07-31T11:40:21Z,24,1,1,8,2,0,1,1,1,1785498015
2026-07-31T11:40:21Z,25,6,2,74,0,1,1,1,1,1785497959
2026-07-31T11:40:21Z,26,0,0,27,0,0,1,1,1,1785496791
2026-07-31T11:40:21Z,28,11,3,4,0,0,1,1,1,1785495670
2026-07-31T11:40:21Z,30,1,0,27,1,0,1,1,1,1785497636
2026-07-31T11:40:21Z,31,0,0,17,2,0,1,1,1,1785497894
2026-07-31T11:40:21Z,32,12,0,15,0,0,1,1,1,1785497345
2026-07-31T11:40:21Z,34,9,2,27,1,0,1,1,1,1785497498
2026-07-31T11:40:21Z,35,6,2,40,1,0,1,1,1,1785497494
2026-07-31T11:40:21Z,36,0,0,0,0,0,0,1,1,86400
2026-07-31T11:40:21Z,37,1,0,22,0,0,1,1,1,1785495848
2026-07-31T11:40:21Z,38,6,0,17,0,0,1,1,1,1785497057
2026-07-31T11:40:21Z,39,21,4,18,0,0,1,1,1,1785497619
2026-07-31T11:40:21Z,40,20,1,0,1,0,1,1,1,1785496581
2026-07-31T11:40:21Z,41,6,2,36,1,0,1,1,1,1785497319
2026-07-31T11:40:21Z,42,30,8,1,0,0,1,1,1,1785497801
2026-07-31T11:40:21Z,43,4,0,19,0,0,1,1,1,1785497380
2026-07-31T11:40:21Z,45,6,3,22,1,0,1,1,1,1785496085
2026-07-31T11:40:21Z,46,10,0,21,0,0,1,1,1,1785497748
2026-07-31T11:40:21Z,47,10,6,4,1,0,1,1,1,1785495668
2026-07-31T11:40:21Z,48,4,0,23,0,0,1,1,1,1785496252
2026-07-31T11:40:21Z,49,7,0,13,3,0,1,1,1,1785498010
2026-07-31T11:40:21Z,50,18,11,1,0,0,1,1,1,1785495744
2026-07-31T11:40:21Z,51,55,0,22,0,0,1,1,1,1785497987
2026-07-31T11:40:21Z,52,2,0,22,3,0,1,1,1,1785497955
2026-07-31T11:40:21Z,55,4,1,19,0,0,1,1,1,1785497689
2026-07-31T11:40:21Z,56,2,0,41,0,0,1,1,1,1785497136
2026-07-31T11:40:21Z,57,1,0,26,0,0,1,1,1,1785497276
2026-07-31T11:40:21Z,58,3,1,25,0,0,1,1,1,1785497478
2026-07-31T11:40:21Z,59,11,1,14,2,0,1,1,1,1785497893
2026-07-31T11:40:21Z,61,2,1,37,0,0,1,1,1,1785498010
2026-07-31T11:40:21Z,62,11,4,37,1,0,1,1,1,1785497922
2026-07-31T11:40:21Z,63,11,0,8,0,0,1,1,1,1785496219
2026-07-31T11:40:21Z,64,11,1,4,4,0,1,1,1,1785497923
2026-07-31T11:40:21Z,65,16,7,2,1,0,1,1,1,1785491350
2026-07-31T11:40:21Z,67,17,0,22,0,0,1,1,1,1785496634
2026-07-31T11:40:21Z,68,8,1,29,0,0,1,1,1,1785497966
2026-07-31T11:40:21Z,69,11,0,4,0,0,1,1,1,1785496678
2026-07-31T11:40:21Z,71,1,0,25,1,0,1,1,1,1785497448
2026-07-31T11:40:21Z,72,23,7,6,2,0,1,1,1,1785497960
2026-07-31T11:40:21Z,73,10,1,21,0,0,1,1,1,1785497362
2026-07-31T11:40:21Z,74,11,6,8,0,0,1,1,1,1785497911
2026-07-31T11:40:21Z,75,5,0,26,1,0,1,1,1,1785497947
2026-07-31T11:40:21Z,76,5,0,13,1,0,1,1,1,1785498008
2026-07-31T11:40:21Z,77,24,0,2,1,0,1,1,1,1785494000
2026-07-31T11:40:21Z,78,9,4,13,1,0,1,1,1,1785497643
2026-07-31T11:40:21Z,79,2,2,14,1,0,1,1,1,1785496351
2026-07-31T11:40:21Z,80,17,1,3,3,0,1,1,1,1785497714
2026-07-31T11:40:21Z,81,5,1,26,0,0,1,1,1,1785495915
2026-07-31T11:40:21Z,82,15,1,8,0,0,1,1,1,1785497399
2026-07-31T11:40:21Z,83,6,0,27,1,0,1,1,1,1785497935
2026-07-31T11:40:21Z,84,21,0,6,0,0,1,1,1,1785497689
2026-07-31T11:40:21Z,85,4,1,11,0,0,1,1,1,1785497620
2026-07-31T11:40:21Z,86,25,0,1,1,0,1,1,1,1785486691
2026-07-31T11:40:21Z,87,11,0,8,0,0,1,1,1,1785497467
2026-07-31T11:40:21Z,88,4,0,38,1,0,1,1,1,1785496053
2026-07-31T11:40:21Z,89,22,0,13,0,0,1,1,1,1785487292
2026-07-31T11:40:21Z,90,7,2,9,2,0,1,1,1,1785497099
2026-07-31T11:40:21Z,91,14,0,3,0,0,1,1,1,1785496160
2026-07-31T11:40:21Z,92,8,1,8,3,0,1,1,1,1785497734
2026-07-31T11:40:21Z,93,1,0,22,0,0,1,1,1,1785497616
2026-07-31T11:40:21Z,94,2,0,16,1,0,1,1,1,1785497777
2026-07-31T11:40:21Z,95,23,1,10,1,1,1,1,1,1785497893
2026-07-31T11:40:21Z,96,26,0,4,1,0,1,1,1,1785497022
2026-07-31T11:40:21Z,97,1,1,15,1,0,1,1,1,1785497825
2026-07-31T11:40:21Z,98,24,0,10,1,0,1,1,1,1785497692
2026-07-31T11:40:21Z,99,3,0,12,0,0,1,1,1,1785495473
2026-07-31T11:40:21Z,100,0,0,27,0,0,1,1,1,1785497785
2026-07-31T11:40:21Z,101,2,0,12,2,0,1,1,1,1785497950
2026-07-31T11:40:21Z,102,1,0,22,0,0,1,1,1,1785497942
2026-07-31T11:40:21Z,103,8,1,21,1,0,1,1,1,1785497899
2026-07-31T11:40:21Z,104,0,0,25,2,0,1,1,1,1785498008
2026-07-31T11:40:21Z,105,14,1,5,0,0,1,1,1,1785495616
2026-07-31T11:40:21Z,106,3,0,18,0,0,1,1,1,1785496954
2026-07-31T11:40:21Z,107,6,2,31,0,0,1,1,1,1785497895
2026-07-31T11:40:21Z,108,8,1,26,1,0,1,1,1,1785497956
2026-07-31T11:40:21Z,109,22,0,1,0,0,1,1,1,1785497908
2026-07-31T11:40:21Z,110,11,0,12,0,0,1,1,1,1785496783
2026-07-31T11:40:21Z,111,1,1,35,0,0,1,1,1,1785497165
2026-07-31T11:40:21Z,112,0,0,14,1,0,1,1,1,1785497594
2026-07-31T11:40:21Z,113,7,0,10,2,0,1,1,1,1785497982
2026-07-31T11:40:21Z,114,6,6,23,1,1,1,1,1,1785497763
2026-07-31T11:40:21Z,115,6,3,21,1,0,1,1,1,1785497884
2026-07-31T11:40:21Z,116,2,2,24,1,0,1,1,1,1785497425
2026-07-31T11:40:21Z,118,19,8,2,2,0,1,1,1,1785497380
2026-07-31T11:40:21Z,119,22,0,12,4,0,1,1,1,1785497564
2026-07-31T11:40:21Z,120,21,1,5,1,0,1,1,1,1785497978
2026-07-31T11:40:21Z,121,2,0,16,0,1,1,1,1,1785498001
2026-07-31T11:40:21Z,122,7,1,13,1,0,1,1,1,1785497828
2026-07-31T11:40:21Z,123,10,2,37,0,0,1,1,1,1785497302
2026-07-31T11:40:21Z,124,25,0,9,1,0,1,1,1,1785497907
2026-07-31T11:40:21Z,125,5,4,18,0,0,1,1,1,1785497560
2026-07-31T11:40:21Z,126,24,2,7,0,0,1,1,1,1785497772
2026-07-31T11:40:21Z,127,30,1,3,2,0,1,1,1,1785497920
2026-07-31T11:40:21Z,128,15,0,4,0,0,1,1,1,1785497924
2026-07-31T11:40:21Z,129,15,1,3,1,0,1,1,1,1785497718
2026-07-31T11:40:21Z,130,5,1,12,0,0,1,1,1,1785495263
2026-07-31T11:40:21Z,131,9,3,0,2,0,1,1,1,1785495384
2026-07-31T11:40:21Z,132,13,6,1,0,1,1,1,1,1785494491
2026-07-31T11:40:21Z,134,2,0,16,5,0,1,1,1,1785497967
2026-07-31T11:40:21Z,135,5,4,13,1,0,1,1,1,1785495502
2026-07-31T11:40:21Z,136,5,0,10,1,7,1,1,1,1785498004
2026-07-31T11:40:21Z,137,5,1,14,0,0,1,1,1,1785498006
2026-07-31T11:40:21Z,138,34,2,3,0,0,1,1,1,1785497869
2026-07-31T11:40:21Z,139,13,3,6,0,0,1,1,1,1785497812
2026-07-31T11:40:21Z,140,6,6,15,2,0,1,1,1,1785498014
2026-07-31T11:40:21Z,141,31,0,5,0,0,1,1,1,1785497887
2026-07-31T11:40:21Z,142,21,0,2,0,0,1,1,1,1785497813
2026-07-31T11:40:21Z,143,10,1,21,0,0,1,1,1,1785497812
2026-07-31T11:40:21Z,144,22,0,5,0,0,1,1,1,1785497180
2026-07-31T11:40:21Z,146,5,1,17,1,0,1,1,1,1785495397
2026-07-31T11:40:21Z,147,13,2,4,2,0,1,1,1,1785497867
2026-07-31T11:40:21Z,148,17,0,9,0,1,1,1,1,1785498013
2026-07-31T11:40:21Z,149,17,3,10,0,0,1,1,1,1785496243
2026-07-31T11:40:21Z,150,22,6,10,3,0,1,1,1,1785497729
2026-07-31T11:40:21Z,151,16,6,7,0,0,1,1,1,1785498001
2026-07-31T11:40:21Z,152,15,2,8,4,0,1,1,1,1785497730
2026-07-31T11:40:21Z,153,11,1,13,7,0,1,1,1,1785497892
2026-07-31T11:40:21Z,154,14,3,6,3,0,1,1,1,1785497715
2026-07-31T11:40:21Z,155,10,4,3,1,0,1,1,1,1785497840
2026-07-31T11:40:21Z,156,6,0,13,0,0,1,1,1,1785497385
2026-07-31T11:40:21Z,157,7,0,18,2,0,1,1,1,1785497888
2026-07-31T11:40:21Z,158,15,2,1,0,0,1,1,1,1785496978
2026-07-31T11:40:21Z,159,0,0,19,0,0,1,1,1,1785497085
2026-07-31T11:40:21Z,160,13,0,6,0,0,1,1,1,1785497454
2026-07-31T11:40:21Z,161,20,4,2,0,0,1,1,1,1785497884
2026-07-31T11:40:21Z,162,12,0,14,1,0,1,1,1,1785496015
2026-07-31T11:40:21Z,163,22,2,8,0,1,1,1,1,1785497753
2026-07-31T11:40:21Z,164,24,7,3,0,0,1,1,1,1785497948
2026-07-31T11:40:21Z,165,23,11,7,1,0,1,1,1,1785497447
2026-07-31T11:40:21Z,166,29,8,6,4,0,1,1,1,1785498011
2026-07-31T11:40:21Z,167,14,8,8,1,0,1,1,1,1785497695
2026-07-31T11:40:21Z,168,18,1,7,2,0,1,1,1,1785497834
2026-07-31T11:40:21Z,169,2,0,20,0,1,1,1,1,1785497451
2026-07-31T11:40:21Z,170,17,5,1,1,0,1,1,1,1785495962
2026-07-31T11:40:21Z,171,8,2,3,2,0,1,1,1,1785497708
2026-07-31T11:40:21Z,173,35,0,4,0,0,1,1,1,1785497384
2026-07-31T11:40:21Z,174,19,1,5,2,0,1,1,1,1785497215
2026-07-31T11:40:21Z,175,9,0,22,0,0,1,1,1,1785497471
2026-07-31T11:40:21Z,176,4,1,10,0,1,1,1,1,1785497062
2026-07-31T11:40:21Z,177,15,1,12,0,0,1,1,1,1785497894
2026-07-31T11:40:21Z,178,1,0,11,2,1,1,1,1,1785498011
2026-07-31T11:40:21Z,179,10,1,4,1,0,1,1,1,1785497511
2026-07-31T11:40:21Z,180,2,0,28,0,0,1,1,1,1785497022
2026-07-31T11:40:21Z,181,11,0,4,0,0,1,1,1,1785497057
2026-07-31T11:40:21Z,182,8,0,9,0,0,1,1,1,1785497660
2026-07-31T11:40:21Z,183,11,0,12,0,0,1,1,1,1785497617
2026-07-31T11:40:21Z,184,5,0,17,1,0,1,1,1,1785497294
2026-07-31T11:40:21Z,185,11,0,1,2,1,1,1,1,1785497486
2026-07-31T11:40:21Z,186,4,1,15,0,0,1,1,1,1785497557
2026-07-31T11:40:21Z,187,9,0,18,1,0,1,1,1,1785497511
2026-07-31T11:40:21Z,188,9,0,10,8,0,1,1,1,1785497714
2026-07-31T11:40:21Z,189,13,3,1,1,0,1,1,1,1785497319
2026-07-31T11:40:21Z,190,8,1,15,0,0,1,1,1,1785497801
2026-07-31T11:40:21Z,191,4,1,35,0,0,1,1,1,1785497567
2026-07-31T11:40:21Z,192,9,1,19,3,0,1,1,1,1785496653
2026-07-31T11:40:21Z,193,1,0,14,0,0,1,1,1,1785497905
2026-07-31T11:40:21Z,194,12,1,14,1,0,1,1,1,1785495357
2026-07-31T11:40:21Z,195,10,3,9,0,0,1,1,1,1785497798
2026-07-31T11:40:21Z,196,14,2,12,1,0,1,1,1,1785497966
2026-07-31T11:40:21Z,197,15,5,3,0,1,1,1,1,1785497638
2026-07-31T11:40:21Z,198,17,15,6,0,0,1,1,1,1785494878
2026-07-31T11:40:21Z,199,5,5,9,1,0,1,1,1,1785498003
2026-07-31T11:40:21Z,200,11,0,14,1,0,1,1,1,1785497537
2026-07-31T11:40:21Z,201,1,1,22,0,0,1,1,1,1785497505
2026-07-31T11:40:21Z,202,0,0,27,0,0,1,1,1,1785494022
2026-07-31T11:40:21Z,203,26,2,4,1,0,1,1,1,1785497162
2026-07-31T11:40:21Z,204,25,0,9,1,0,1,1,1,1785496494
2026-07-31T11:40:21Z,205,10,1,17,0,0,1,1,1,1785496943
2026-07-31T11:40:21Z,206,2,2,12,1,0,1,1,1,1785495327
2026-07-31T11:40:21Z,207,12,0,9,0,0,1,1,1,1785495428
2026-07-31T11:40:21Z,208,5,1,24,0,0,1,1,1,1785497965
2026-07-31T11:40:21Z,209,4,0,24,3,0,1,1,1,1785497943
2026-07-31T11:40:21Z,210,23,1,4,0,0,1,1,1,1785497430
2026-07-31T11:40:21Z,211,10,4,11,2,0,1,1,1,1785497417
2026-07-31T11:40:21Z,212,24,1,10,1,0,1,1,1,1785497949
2026-07-31T11:40:21Z,213,10,1,11,2,0,1,1,1,1785497749
2026-07-31T11:40:21Z,214,21,0,23,3,0,1,1,1,1785497564
2026-07-31T11:40:21Z,215,4,2,18,1,0,1,1,1,1785497789
2026-07-31T11:40:21Z,216,6,0,12,1,0,1,1,1,1785497477
2026-07-31T11:40:21Z,217,8,0,20,1,0,1,1,1,1785497792
2026-07-31T11:40:21Z,218,17,4,20,2,0,1,1,1,1785497531
2026-07-31T11:40:21Z,219,6,1,19,1,0,1,1,1,1785497884
2026-07-31T11:40:21Z,220,22,5,20,0,1,1,1,1,1785497756
2026-07-31T11:40:21Z,221,8,6,5,2,0,1,1,1,1785497769
2026-07-31T11:40:21Z,222,11,11,8,0,0,1,1,1,1785497487
2026-07-31T11:40:21Z,223,13,3,18,4,0,1,1,1,1785497909
2026-07-31T11:40:21Z,224,8,5,14,0,0,1,1,1,1785497925
2026-07-31T11:40:21Z,225,13,1,0,6,0,1,1,1,1785496731
2026-07-31T11:40:21Z,226,29,9,1,1,0,1,1,1,1785497442
2026-07-31T11:40:21Z,227,23,14,2,1,1,1,1,1,1785496945
2026-07-31T11:40:21Z,228,1,0,17,1,0,1,1,1,1785497827
2026-07-31T11:40:21Z,230,13,6,13,0,0,1,1,1,1785497795
2026-07-31T11:40:21Z,232,13,7,3,1,0,1,1,1,1785498013
2026-07-31T11:40:21Z,233,15,0,14,2,0,1,1,1,1785498008
2026-07-31T11:40:21Z,234,7,3,7,3,2,1,1,1,1785497297
2026-07-31T11:40:21Z,236,9,1,10,0,0,1,1,1,1785497864
2026-07-31T11:40:21Z,237,20,5,2,1,0,1,1,1,1785497927
2026-07-31T11:40:21Z,239,20,17,4,3,0,1,1,1,1785496988
2026-07-31T11:40:21Z,241,17,6,5,1,0,1,1,1,1785497460
2026-07-31T11:40:21Z,242,11,3,11,1,0,1,1,1,1785497773
2026-07-31T11:40:21Z,243,10,1,20,1,0,1,1,1,1785497638
2026-07-31T11:40:21Z,244,12,2,14,1,0,1,1,1,1785497482
2026-07-31T11:40:21Z,245,5,4,18,0,0,1,1,1,1785497360
2026-07-31T11:40:21Z,246,13,0,10,0,0,1,1,1,1785496399
2026-07-31T11:40:21Z,247,11,10,11,1,0,1,1,1,1785495667
2026-07-31T11:40:21Z,248,17,4,4,2,0,1,1,1,1785497985
2026-07-31T11:40:21Z,249,2,1,17,0,0,1,1,1,1785497954
2026-07-31T11:40:21Z,250,22,7,5,0,0,1,1,1,1785498000
2026-07-31T11:40:21Z,251,20,5,5,2,0,1,1,1,1785497216
2026-07-31T11:40:21Z,253,7,2,12,0,0,1,1,1,1785496816
2026-07-31T11:40:21Z,254,21,20,21,1,0,1,1,1,1785497213
2026-07-31T11:40:21Z,255,0,0,22,0,1,1,1,1,1785497952
2026-07-31T11:40:21Z,256,6,4,15,2,0,1,1,1,1785497960
2026-07-31T11:40:21Z,257,11,5,8,0,0,1,1,1,1785497849
2026-07-31T11:40:21Z,258,18,0,1,0,0,1,1,1,1785497576
2026-07-31T11:40:21Z,259,19,2,3,0,1,1,1,1,1785497762
2026-07-31T11:40:21Z,260,8,1,8,3,0,1,1,1,1785497555
2026-07-31T11:40:21Z,261,13,0,4,1,1,1,1,1,1785496517
2026-07-31T11:40:21Z,262,13,9,9,1,0,1,1,1,1785497968
2026-07-31T11:40:21Z,263,10,0,5,0,0,1,1,1,1785497281
2026-07-31T11:40:21Z,264,10,2,6,3,0,1,1,1,1785497711
2026-07-31T11:40:21Z,265,12,0,3,0,0,1,1,1,1785495664
2026-07-31T11:40:21Z,266,12,7,5,2,0,1,1,1,1785497896
2026-07-31T11:40:21Z,267,6,2,7,2,0,1,1,1,1785496732
2026-07-31T11:40:21Z,268,23,9,0,0,0,1,1,1,1785484887
2026-07-31T11:40:21Z,269,8,3,15,0,0,1,1,1,1785496011
2026-07-31T11:40:21Z,270,23,1,4,0,0,1,1,1,1785491481
2026-07-31T11:40:21Z,271,3,0,14,2,0,1,1,1,1785496257
2026-07-31T11:40:21Z,272,13,12,10,0,0,1,1,1,1785497902
2026-07-31T11:40:21Z,273,13,5,2,0,0,1,1,1,1785492772
2026-07-31T11:40:21Z,274,14,6,4,1,0,1,1,1,1785497656
2026-07-31T11:40:21Z,275,16,0,7,0,0,1,1,1,1785497687
2026-07-31T11:40:21Z,276,3,2,24,0,0,1,1,1,1785496927
2026-07-31T11:40:21Z,277,12,1,6,5,0,1,1,1,1785497428
2026-07-31T11:40:21Z,278,14,1,14,2,1,1,1,1,1785497999
2026-07-31T11:40:21Z,279,15,0,4,0,0,1,1,1,1785497721
2026-07-31T11:40:21Z,280,10,2,18,3,0,1,1,1,1785497952
2026-07-31T11:40:21Z,281,19,0,0,0,0,1,1,1,1785486089
2026-07-31T11:40:21Z,282,5,2,13,0,0,1,1,1,1785484887
2026-07-31T11:40:21Z,283,31,1,4,0,0,1,1,1,1785497916
2026-07-31T11:40:21Z,284,15,2,18,2,0,1,1,1,1785497411
2026-07-31T11:40:21Z,285,8,7,15,0,0,1,1,1,1785485188
2026-07-31T11:40:21Z,286,12,12,7,4,0,1,1,1,1785497968
2026-07-31T11:40:21Z,287,15,4,5,3,0,1,1,1,1785497573
2026-07-31T11:40:21Z,288,12,7,7,0,0,1,1,1,1785497718
2026-07-31T11:40:21Z,289,20,1,4,3,0,1,1,1,1785497631
2026-07-31T11:40:21Z,290,6,0,32,1,0,1,1,1,1785497879
2026-07-31T11:40:21Z,291,5,0,16,2,0,1,1,1,1785497426
2026-07-31T11:40:21Z,292,21,1,1,1,0,1,1,1,1785497717
2026-07-31T11:40:21Z,293,15,10,8,0,0,1,1,1,1785497530
2026-07-31T11:40:21Z,294,1,1,20,1,0,1,1,1,1785493458
2026-07-31T11:40:21Z,297,13,3,4,1,1,1,1,1,1785497978
2026-07-31T11:40:21Z,301,17,0,2,0,0,1,1,1,1785496440
2026-07-31T11:40:21Z,302,3,0,20,0,0,1,1,1,1785497714
2026-07-31T11:40:21Z,303,15,0,4,0,0,1,1,1,1785497900
2026-07-31T11:40:21Z,304,0,0,0,0,0,0,1,1,86400
2026-07-31T11:40:21Z,305,3,0,15,1,0,1,1,1,1785498014
2026-07-31T11:40:21Z,306,3,0,28,1,0,1,1,1,1785495144
2026-07-31T11:40:21Z,307,17,0,4,1,1,1,1,1,1785497754
2026-07-31T11:40:21Z,308,17,0,0,2,0,1,1,1,1785496461
2026-07-31T11:40:21Z,309,12,3,1,1,0,1,1,1,1785495417
2026-07-31T11:40:21Z,311,14,0,1,0,0,1,1,1,1785497436
2026-07-31T11:40:21Z,312,4,2,15,3,1,1,1,1,1785497969
2026-07-31T11:40:21Z,313,3,1,12,0,0,1,1,1,1785486991
2026-07-31T11:40:21Z,314,4,3,11,3,0,1,1,1,1785486991
2026-07-31T11:40:21Z,315,21,5,8,2,0,1,1,1,1785497348
2026-07-31T11:40:21Z,316,0,0,25,5,1,1,1,1,1785498006
2026-07-31T11:40:21Z,317,22,0,8,0,1,1,1,1,1785497925
2026-07-31T11:40:21Z,318,16,0,3,0,0,1,1,1,1785486991
2026-07-31T11:40:21Z,319,20,4,2,1,0,1,1,1,1785496418
2026-07-31T11:40:21Z,320,15,4,3,1,0,1,1,1,1785497994
2026-07-31T11:40:21Z,321,8,2,7,4,0,1,1,1,1785497869
2026-07-31T11:40:21Z,322,6,1,22,1,0,1,1,1,1785497204
2026-07-31T11:40:21Z,323,10,0,9,0,0,1,1,1,1785496848
2026-07-31T11:40:21Z,324,22,5,4,1,0,1,1,1,1785498010
2026-07-31T11:40:21Z,325,5,3,18,4,0,1,1,1,1785497930
2026-07-31T11:40:21Z,327,23,0,3,1,0,1,1,1,1785497570
2026-07-31T11:40:21Z,328,13,0,8,1,0,1,1,1,1785497922
2026-07-31T11:40:21Z,329,16,0,1,2,0,1,1,1,1785496402
2026-07-31T11:40:21Z,330,2,0,20,0,0,1,1,1,1785497841
2026-07-31T11:40:21Z,331,7,2,15,1,0,1,1,1,1785497175
2026-07-31T11:40:21Z,332,10,2,7,2,0,1,1,1,1785495613
2026-07-31T11:40:21Z,333,0,0,22,1,0,1,1,1,1785497774
2026-07-31T11:40:21Z,334,8,8,15,0,0,1,1,1,1785498007
2026-07-31T11:40:21Z,335,2,1,19,1,1,1,1,1,1785496901
2026-07-31T11:40:21Z,336,17,2,2,0,0,1,1,1,1785496291
2026-07-31T11:40:21Z,337,14,3,4,5,0,1,1,1,1785498010
2026-07-31T11:40:21Z,338,13,6,6,0,0,1,1,1,1785496612
2026-07-31T11:40:21Z,339,10,6,13,0,0,1,1,1,1785498013
2026-07-31T11:40:21Z,340,11,10,3,1,0,1,1,1,1785497703
2026-07-31T11:40:21Z,341,5,1,14,0,0,1,1,1,1785497893
2026-07-31T11:40:21Z,342,7,3,5,3,0,1,1,1,1785497280
2026-07-31T11:40:21Z,343,20,1,2,1,0,1,1,1,1785497528
2026-07-31T11:40:21Z,344,23,9,0,0,0,1,1,1,1785488186
2026-07-31T11:40:21Z,345,17,3,2,0,0,1,1,1,1785497875
2026-07-31T11:40:21Z,346,10,6,13,0,0,1,1,1,1785496194
2026-07-31T11:40:21Z,347,33,5,9,2,0,1,1,1,1785497801
2026-07-31T11:40:21Z,348,21,3,0,1,1,1,1,1,1785497872
2026-07-31T11:40:21Z,349,8,2,11,0,0,1,1,1,1785496603
2026-07-31T11:40:21Z,350,21,3,4,1,1,1,1,1,1785497796
2026-07-31T11:40:21Z,351,14,2,6,3,0,1,1,1,1785497866
2026-07-31T11:40:21Z,355,21,1,2,0,0,1,1,1,1785497783
2026-07-31T11:40:21Z,356,16,0,2,1,0,1,1,1,1785493586
2026-07-31T11:40:21Z,357,8,4,11,0,0,1,1,1,1785496664
2026-07-31T11:40:21Z,358,21,3,5,1,0,1,1,1,1785497252
2026-07-31T11:40:21Z,359,16,0,11,0,0,1,1,1,1785497818
2026-07-31T11:40:21Z,360,14,3,3,2,0,1,1,1,1785497825
2026-07-31T11:40:21Z,362,15,4,2,2,0,1,1,1,1785497306
2026-07-31T11:40:21Z,363,3,0,24,0,0,1,1,1,1785497169
2026-07-31T11:40:21Z,364,17,3,2,0,0,1,1,1,1785496544
2026-07-31T11:40:21Z,365,13,1,6,4,0,1,1,1,1785497858
2026-07-31T11:40:21Z,366,6,5,10,7,0,1,1,1,1785497982
2026-07-31T11:40:21Z,367,14,9,4,1,0,1,1,1,1785497713
2026-07-31T11:40:21Z,368,17,3,4,2,0,1,1,1,1785496928
2026-07-31T11:40:21Z,370,8,6,19,0,0,1,1,1,1785497513
2026-07-31T11:40:21Z,371,4,0,14,1,0,1,1,1,1785497231
2026-07-31T11:40:21Z,372,6,1,9,0,0,1,1,1,1785494163
2026-07-31T11:40:21Z,373,25,9,2,0,0,1,1,1,1785493650
2026-07-31T11:40:21Z,374,15,6,2,2,0,1,1,1,1785498007
2026-07-31T11:40:21Z,375,21,7,2,4,0,1,1,1,1785497713
2026-07-31T11:40:21Z,376,30,5,4,5,0,1,1,1,1785497973
2026-07-31T11:40:21Z,377,21,8,6,0,0,1,1,1,1785497912
2026-07-31T11:40:21Z,378,18,5,4,1,1,1,1,1,1785497825
2026-07-31T11:40:21Z,379,14,1,13,0,0,1,1,1,1785497267
2026-07-31T11:40:21Z,380,19,6,4,0,0,1,1,1,1785496843
2026-07-31T11:40:21Z,381,6,0,17,0,0,1,1,1,1785497450
2026-07-31T11:40:21Z,383,9,0,5,1,0,1,1,1,1785497930
2026-07-31T11:40:21Z,384,23,1,3,1,0,1,1,1,1785497868
2026-07-31T11:40:21Z,385,15,4,1,2,0,1,1,1,1785497447
2026-07-31T11:40:21Z,387,20,2,3,0,0,1,1,1,1785496960
2026-07-31T11:40:21Z,388,18,2,31,0,0,1,1,1,1785497883
2026-07-31T11:40:21Z,389,8,7,7,0,0,1,1,1,1785495116
2026-07-31T11:40:21Z,390,15,0,20,0,0,1,1,1,1785497620
2026-07-31T11:40:21Z,391,3,0,11,1,0,1,1,1,1785497329
2026-07-31T11:40:21Z,392,2,2,16,1,0,1,1,1,1785497808
2026-07-31T11:40:21Z,393,3,3,5,3,0,1,1,1,1785487292
2026-07-31T11:40:21Z,394,7,4,4,2,0,1,1,1,1785496484
2026-07-31T11:40:21Z,396,11,7,28,3,0,1,1,1,1785497512
2026-07-31T11:40:21Z,397,5,5,26,0,0,1,1,1,1785497106
2026-07-31T11:40:21Z,399,11,0,4,2,0,1,1,1,1785497544
2026-07-31T11:40:21Z,400,10,5,9,4,0,1,1,1,1785496543
2026-07-31T11:40:21Z,401,5,0,26,8,0,1,1,1,1785496346
2026-07-31T11:40:21Z,403,18,0,9,4,0,1,1,1,1785497897
2026-07-31T11:40:21Z,404,1,1,21,1,0,1,1,1,1785497981
2026-07-31T11:40:21Z,406,2,2,32,1,0,1,1,1,1785497256
2026-07-31T11:40:21Z,407,17,3,16,1,0,1,1,1,1785495804
2026-07-31T11:40:21Z,408,13,3,18,2,0,1,1,1,1785497327
2026-07-31T11:40:21Z,409,1,0,19,3,0,1,1,1,1785493289
2026-07-31T11:40:21Z,413,20,5,1,2,0,1,1,1,1785497849
2026-07-31T11:40:21Z,414,9,2,5,1,0,1,1,1,1785497518
2026-07-31T11:40:21Z,417,10,8,9,0,0,1,1,1,1785497956
2026-07-31T11:40:21Z,418,0,0,15,0,0,1,1,1,1785497765
2026-07-31T11:40:21Z,419,11,0,11,1,0,1,1,1,1785497746
2026-07-31T11:40:21Z,421,2,0,17,0,0,1,1,1,1785496453
2026-07-31T11:40:21Z,422,4,3,22,1,0,1,1,1,1785493261
2026-07-31T11:40:21Z,423,3,2,20,0,0,1,1,1,1785495719
2026-07-31T11:40:21Z,424,5,2,7,3,0,1,1,1,1785497749
2026-07-31T11:40:21Z,425,16,0,5,0,1,1,1,1,1785497662
2026-07-31T11:40:21Z,426,1,0,34,2,0,1,1,1,1785497965
2026-07-31T11:40:21Z,427,12,1,2,1,0,1,1,1,1785497992
2026-07-31T11:40:21Z,428,17,2,1,1,0,1,1,1,1785497833
2026-07-31T11:40:21Z,429,3,2,18,2,0,1,1,1,1785497787
2026-07-31T11:40:21Z,430,27,0,1,3,0,1,1,1,1785497957
2026-07-31T11:40:21Z,431,15,0,17,1,0,1,1,1,1785495603
2026-07-31T11:40:21Z,432,16,0,13,2,0,0,1,1,1785497862
2026-07-31T11:40:21Z,433,18,5,3,2,0,1,1,1,1785495888
2026-07-31T11:40:21Z,437,2,2,16,1,0,1,1,1,1785496820
2026-07-31T11:40:21Z,438,16,0,2,1,0,1,1,1,1785497749
2026-07-31T11:40:21Z,439,6,0,9,0,0,1,1,1,1785497509
2026-07-31T11:40:21Z,440,11,3,2,2,0,1,1,1,1785497649
2026-07-31T11:40:21Z,441,12,1,2,1,0,1,1,1,1785495062
2026-07-31T11:40:21Z,442,17,10,1,1,0,1,1,1,1785497561
2026-07-31T11:40:21Z,443,4,2,23,0,0,1,1,1,1785485488
2026-07-31T11:40:21Z,444,2,2,21,0,0,1,1,1,1785485488
2026-07-31T11:40:21Z,445,7,2,15,1,0,1,1,1,1785497973
2026-07-31T11:40:21Z,446,0,0,22,1,0,1,1,1,1785494652
2026-07-31T11:40:21Z,447,3,0,18,1,1,1,1,1,1785496389
2026-07-31T11:40:21Z,448,9,4,5,1,0,1,1,1,1785487895
2026-07-31T11:40:21Z,452,7,5,11,1,0,1,1,1,1785496909
2026-07-31T11:40:21Z,453,7,5,7,1,0,1,1,1,1785497540
2026-07-31T11:40:21Z,454,8,0,11,0,0,1,1,1,1785497789
2026-07-31T11:40:21Z,455,4,2,35,0,0,1,1,1,1785497844
2026-07-31T11:40:21Z,456,8,0,11,1,0,1,1,1,1785497905
2026-07-31T11:40:21Z,457,24,2,1,2,0,1,1,1,1785497302
2026-07-31T11:40:21Z,458,11,4,12,0,0,1,1,1,1785497899
2026-07-31T11:40:21Z,459,14,0,1,0,0,1,1,1,1785496514
2026-07-31T11:40:21Z,460,17,2,5,1,0,1,1,1,1785497859
2026-07-31T11:40:21Z,461,8,1,11,0,0,1,1,1,1785497427
2026-07-31T11:40:21Z,462,17,2,4,0,0,1,1,1,1785497563
2026-07-31T11:40:21Z,463,11,1,8,0,0,1,1,1,1785497740
2026-07-31T11:40:21Z,464,3,1,11,0,0,1,1,1,1785485789
2026-07-31T11:40:21Z,465,0,0,14,1,0,1,1,1,1785496369
2026-07-31T11:40:21Z,466,12,3,1,2,0,1,1,1,1785497185
2026-07-31T11:40:21Z,467,1,1,18,0,0,1,1,1,1785497262
2026-07-31T11:40:21Z,468,17,1,1,1,0,1,1,1,1785485789
2026-07-31T11:40:21Z,469,1,1,22,0,0,1,1,1,1785497045
2026-07-31T11:40:21Z,470,10,1,3,2,0,1,1,1,1785497824
2026-07-31T11:40:21Z,471,22,2,5,0,0,1,1,1,1785487895
2026-07-31T11:40:21Z,472,14,4,4,1,0,1,1,1,1785497712
2026-07-31T11:40:21Z,473,18,4,0,1,0,1,1,1,1785497996
2026-07-31T11:40:21Z,474,15,0,4,0,0,1,1,1,1785495804
2026-07-31T11:40:21Z,475,4,1,14,1,0,1,1,1,1785497991
2026-07-31T11:40:21Z,477,7,5,7,1,0,1,1,1,1785497500
2026-07-31T11:40:21Z,478,6,0,24,1,0,1,1,1,1785497784
2026-07-31T11:40:21Z,479,4,0,22,1,0,1,1,1,1785497878
2026-07-31T11:40:21Z,480,3,0,9,3,0,1,1,1,1785495583
2026-07-31T11:40:21Z,481,28,0,6,1,0,1,1,1,1785497798
2026-07-31T11:40:21Z,482,17,6,2,0,0,1,1,1,1785495430
2026-07-31T11:40:21Z,483,1,0,24,2,0,1,1,1,1785498010
2026-07-31T11:40:21Z,484,4,1,14,1,0,1,1,1,1785497775
2026-07-31T11:40:21Z,485,15,6,2,1,1,1,1,1,1785497764
2026-07-31T11:40:21Z,486,22,4,2,3,0,1,1,1,1785497760
2026-07-31T11:40:21Z,487,3,3,15,1,0,1,1,1,1785497326
2026-07-31T11:40:21Z,489,9,5,5,1,0,1,1,1,1785497962
2026-07-31T11:40:21Z,490,2,1,14,0,0,1,1,1,1785497883
2026-07-31T11:40:21Z,491,3,1,18,0,0,1,1,1,1785497536
2026-07-31T11:40:21Z,492,4,2,3,4,0,1,1,1,1785498013
2026-07-31T11:40:21Z,493,1,0,25,1,0,1,1,1,1785496554
2026-07-31T11:40:21Z,495,10,1,2,3,0,1,1,1,1785497254
2026-07-31T11:40:21Z,496,22,1,5,0,0,1,1,1,1785497585
2026-07-31T11:40:21Z,497,12,0,6,1,0,1,1,1,1785496693
2026-07-31T11:40:21Z,498,22,3,0,1,0,1,1,1,1785496642
2026-07-31T11:40:21Z,499,14,0,4,1,0,1,1,1,1785497022
2026-07-31T11:40:21Z,500,6,3,4,5,0,1,1,1,1785497903
2026-07-31T11:40:21Z,501,12,5,9,0,0,1,1,1,1785496130
2026-07-31T11:40:21Z,502,7,0,12,0,0,1,1,1,1785497133
2026-07-31T11:40:21Z,503,25,0,5,1,0,1,1,1,1785494764
2026-07-31T11:40:21Z,504,6,1,33,0,0,1,1,1,1785497785
2026-07-31T11:40:21Z,505,7,0,4,1,0,1,1,1,1785497922
2026-07-31T11:40:21Z,511,7,3,16,0,0,1,1,1,1785497487
2026-07-31T11:40:21Z,512,7,0,20,0,0,1,1,1,1785496856
2026-07-31T11:40:21Z,514,7,0,3,1,0,1,1,1,1785497051
2026-07-31T11:40:21Z,515,2,0,17,0,0,1,1,1,1785497478
2026-07-31T11:40:21Z,516,4,0,23,0,0,1,1,1,1785496994
2026-07-31T11:40:21Z,517,12,1,10,1,0,1,1,1,1785497817
2026-07-31T11:40:21Z,518,13,1,1,1,0,1,1,1,1785494366
2026-07-31T11:40:21Z,519,2,0,15,2,0,1,1,1,1785497842
2026-07-31T11:40:21Z,520,10,6,11,5,1,1,1,1,1785498015
2026-07-31T11:40:21Z,521,17,4,6,0,0,1,1,1,1785497490
2026-07-31T11:40:21Z,522,0,0,22,1,0,1,1,1,1785496158
2026-07-31T11:40:21Z,523,6,4,16,1,0,1,1,1,1785494750
2026-07-31T11:40:21Z,524,0,0,23,0,0,1,1,1,1785494956
2026-07-31T11:40:21Z,525,9,0,10,0,0,1,1,1,1785497698
2026-07-31T11:40:21Z,526,13,1,0,2,0,1,1,1,1785486390
2026-07-31T11:40:21Z,527,6,3,17,3,0,1,1,1,1785497801
2026-07-31T11:40:21Z,528,20,1,2,1,0,1,1,1,1785497971
2026-07-31T11:40:21Z,529,6,3,7,6,0,1,1,1,1785498012
2026-07-31T11:40:21Z,530,8,0,11,2,0,1,1,1,1785497983
2026-07-31T11:40:21Z,531,18,0,3,1,1,1,1,1,1785496463
2026-07-31T11:40:21Z,532,3,3,27,1,0,1,1,1,1785488341
2026-07-31T11:40:21Z,533,6,0,11,2,0,1,1,1,1785496728
2026-07-31T11:40:21Z,534,11,1,11,1,0,1,1,1,1785497401
2026-07-31T11:40:21Z,535,3,0,12,0,0,1,1,1,1785494305
2026-07-31T11:40:21Z,536,20,0,3,0,0,1,1,1,1785497930
2026-07-31T11:40:21Z,537,4,0,16,0,0,1,1,1,1785497667
2026-07-31T11:40:21Z,538,17,5,4,0,2,1,1,1,1785497901
2026-07-31T11:40:21Z,539,4,4,27,0,0,1,1,1,1785497708
2026-07-31T11:40:21Z,540,0,0,19,0,0,1,1,1,1785496523
2026-07-31T11:40:21Z,541,19,2,7,1,0,1,1,1,1785497113
2026-07-31T11:40:21Z,542,9,5,13,1,0,1,1,1,1785497655
2026-07-31T11:40:21Z,543,14,2,4,1,0,1,1,1,1785496633
2026-07-31T11:40:21Z,544,10,1,8,4,0,1,1,1,1785497947
2026-07-31T11:40:21Z,545,3,0,14,2,0,1,1,1,1785497302
2026-07-31T11:40:21Z,546,12,7,7,0,0,1,1,1,1785497980
2026-07-31T11:40:21Z,547,18,1,7,0,0,1,1,1,1785497849
2026-07-31T11:40:21Z,548,15,1,8,0,0,1,1,1,1785495571
2026-07-31T11:40:21Z,549,17,0,6,0,0,1,1,1,1785497599
2026-07-31T11:40:21Z,550,9,0,10,0,0,1,1,1,1785498007
2026-07-31T11:40:21Z,551,14,4,9,0,0,1,1,1,1785497735
2026-07-31T11:40:21Z,552,27,3,0,0,0,1,1,1,1785486390
2026-07-31T11:40:21Z,553,13,1,7,2,1,1,1,1,1785497791
2026-07-31T11:40:21Z,554,1,1,18,0,0,1,1,1,1785486691
2026-07-31T11:40:21Z,555,11,4,3,1,0,1,1,1,1785496928
2026-07-31T11:40:21Z,556,18,4,3,2,0,1,1,1,1785497914
2026-07-31T11:40:21Z,557,8,4,10,5,0,1,1,1,1785497799
2026-07-31T11:40:21Z,558,31,4,6,0,0,1,1,1,1785497960
2026-07-31T11:40:21Z,559,0,0,17,2,0,1,1,1,1785497493
2026-07-31T11:40:21Z,560,8,0,19,0,0,1,1,1,1785497877
2026-07-31T11:40:21Z,561,15,1,7,1,0,1,1,1,1785497866
2026-07-31T11:40:21Z,562,3,0,29,3,0,1,1,1,1785486691
2026-07-31T11:40:21Z,563,8,0,6,0,0,1,1,1,1785497221
2026-07-31T11:40:21Z,564,8,0,10,1,0,1,1,1,1785497662
2026-07-31T11:40:21Z,565,6,1,13,0,0,1,1,1,1785497899
2026-07-31T11:40:21Z,566,15,1,3,1,0,1,1,1,1785497710
2026-07-31T11:40:21Z,567,26,1,0,1,0,1,1,1,1785493771
2026-07-31T11:40:21Z,568,16,0,2,1,0,1,1,1,1785496988
2026-07-31T11:40:21Z,569,16,2,3,0,0,1,1,1,1785496200
2026-07-31T11:40:21Z,570,8,0,11,0,0,1,1,1,1785497289
2026-07-31T11:40:21Z,571,5,0,18,0,0,1,1,1,1785497568
2026-07-31T11:40:21Z,572,11,4,7,1,0,1,1,1,1785497951
2026-07-31T11:40:21Z,573,11,0,4,0,0,1,1,1,1785497991
2026-07-31T11:40:21Z,574,6,2,9,0,0,1,1,1,1785497889
2026-07-31T11:40:21Z,575,5,0,15,1,0,1,1,1,1785497652
2026-07-31T11:40:21Z,576,2,0,15,2,0,1,1,1,1785494813
2026-07-31T11:40:21Z,577,19,0,12,0,0,1,1,1,1785497641
2026-07-31T11:40:21Z,578,12,9,10,1,0,1,1,1,1785495518
2026-07-31T11:40:21Z,579,5,0,38,0,0,1,1,1,1785495141
2026-07-31T11:40:21Z,580,3,0,26,0,0,1,1,1,1785497187
2026-07-31T11:40:21Z,581,11,0,8,0,0,1,1,1,1785497394
2026-07-31T11:40:21Z,582,20,0,40,1,0,1,1,1,1785498015
2026-07-31T11:40:21Z,583,20,0,2,1,0,1,1,1,1785497860
2026-07-31T11:40:21Z,584,8,4,7,4,0,1,1,1,1785497203
2026-07-31T11:40:21Z,585,12,2,14,0,1,1,1,1,1785497945
2026-07-31T11:40:21Z,586,10,0,25,0,0,1,1,1,1785496987
2026-07-31T11:40:21Z,587,15,0,8,1,0,1,1,1,1785497746
2026-07-31T11:40:21Z,588,10,3,6,2,1,1,1,1,1785497960
2026-07-31T11:40:21Z,589,15,7,6,1,0,1,1,1,1785497841
2026-07-31T11:40:21Z,590,16,2,14,1,0,1,1,1,1785496962
2026-07-31T11:40:21Z,591,26,0,2,2,0,1,1,1,1785497401
2026-07-31T11:40:21Z,592,11,0,12,0,0,1,1,1,1785496499
2026-07-31T11:40:21Z,593,3,0,35,0,0,1,1,1,1785497527
2026-07-31T11:40:21Z,594,6,0,13,2,0,1,1,1,1785497800
2026-07-31T11:40:21Z,595,0,0,3,0,0,0,1,1,1784046673
2026-07-31T11:40:21Z,605,0,0,2,1,0,0,1,1,1783975843
2026-07-31T11:40:21Z,606,0,0,0,0,0,0,1,1,86400
2026-07-31T11:40:21Z,607,15,3,16,1,0,1,1,1,1785498001
2026-07-31T11:40:21Z,608,3,1,47,0,0,1,1,1,1785497177
2026-07-31T11:40:21Z,609,0,0,23,0,0,1,1,1,1785496326
2026-07-31T11:40:21Z,610,1,0,34,0,0,1,1,1,1785494557
2026-07-31T11:40:21Z,611,3,0,23,1,0,1,1,1,1785497966
2026-07-31T11:40:21Z,612,6,1,9,0,0,1,1,1,1785486691
2026-07-31T11:40:21Z,613,9,0,2,4,0,1,1,1,1785489318
2026-07-31T11:40:21Z,614,2,2,22,2,1,1,1,1,1785495770
2026-07-31T11:40:21Z,617,13,2,1,1,0,1,1,1,1785497067
2026-07-31T11:40:21Z,618,11,1,3,5,0,1,1,1,1785496082
2026-07-31T11:40:21Z,619,3,2,16,0,0,1,1,1,1785497984
2026-07-31T11:40:21Z,620,2,1,25,0,0,1,1,1,1785497452
2026-07-31T11:40:21Z,621,3,0,19,1,0,1,1,1,1785497759
2026-07-31T11:40:21Z,622,5,2,17,1,0,1,1,1,1785488201
2026-07-31T11:40:21Z,623,6,2,23,1,0,1,1,1,1785497980
2026-07-31T11:40:21Z,624,1,0,14,0,0,1,1,1,1785493218
2026-07-31T11:40:21Z,625,3,0,16,2,0,1,1,1,1785497695
2026-07-31T11:40:21Z,626,5,0,40,0,2,1,1,1,1785495289
2026-07-31T11:40:21Z,627,14,6,5,0,0,1,1,1,1785493197
2026-07-31T11:40:21Z,628,1,1,14,2,2,1,1,1,1785497890
2026-07-31T11:40:21Z,629,4,1,6,1,0,1,1,1,1785497935
2026-07-31T11:40:21Z,630,3,2,21,3,0,1,1,1,1785497759
2026-07-31T11:40:21Z,631,2,0,21,0,0,1,1,1,1785497308
2026-07-31T11:40:21Z,632,20,0,1,2,0,1,1,1,1785492884
2026-07-31T11:40:21Z,633,12,1,0,3,0,1,1,1,1785497901
2026-07-31T11:40:21Z,634,11,2,8,0,0,1,1,1,1785486991
2026-07-31T11:40:21Z,635,15,1,4,0,0,1,1,1,1785497505
2026-07-31T11:40:21Z,636,10,2,5,0,0,1,1,1,1785488201
2026-07-31T11:40:21Z,637,8,1,11,0,0,1,1,1,1785496599
2026-07-31T11:40:21Z,638,7,1,10,2,0,1,1,1,1785497055
2026-07-31T11:40:21Z,639,5,1,12,2,0,1,1,1,1785497769
2026-07-31T11:40:21Z,640,4,3,18,1,0,1,1,1,1785497938
2026-07-31T11:40:21Z,641,13,0,11,2,0,1,1,1,1785497958
2026-07-31T11:40:21Z,642,4,3,7,8,0,1,1,1,1785498013
2026-07-31T11:40:21Z,643,2,0,18,7,0,1,1,1,1785498016
2026-07-31T11:40:21Z,644,12,0,2,1,0,1,1,1,1785486991
2026-07-31T11:40:21Z,645,11,0,10,1,1,1,1,1,1785488495
2026-07-31T11:40:21Z,646,7,2,12,0,0,1,1,1,1785497954
2026-07-31T11:40:21Z,647,28,1,3,0,0,1,1,1,1785496900
2026-07-31T11:40:21Z,648,6,0,12,1,0,1,1,1,1785497783
2026-07-31T11:40:21Z,649,18,2,12,1,0,1,1,1,1785497391
2026-07-31T11:40:21Z,650,5,1,9,0,0,1,1,1,1785488201
2026-07-31T11:40:21Z,651,7,7,16,0,0,1,1,1,1785496786
2026-07-31T11:40:21Z,652,3,2,18,2,0,1,1,1,1785497746
2026-07-31T11:40:21Z,653,9,2,9,1,0,1,1,1,1785497494
2026-07-31T11:40:21Z,654,2,2,13,0,0,1,1,1,1785488202
2026-07-31T11:40:21Z,655,7,3,1,4,1,1,1,1,1785498015
2026-07-31T11:40:21Z,656,16,6,3,0,0,1,1,1,1785497518
2026-07-31T11:40:21Z,657,9,1,3,2,3,1,1,1,1785497715
2026-07-31T11:40:21Z,658,9,1,1,0,0,1,1,1,1785473427
2026-07-31T11:40:21Z,659,8,3,5,2,0,1,1,1,1785495755
2026-07-31T11:40:21Z,660,12,0,15,4,0,1,1,1,1785497985
2026-07-31T11:40:21Z,661,3,1,16,0,0,1,1,1,1785497195
2026-07-31T11:40:21Z,662,4,3,16,3,0,1,1,1,1785493876
2026-07-31T11:40:21Z,663,13,6,1,1,0,1,1,1,1785497916
2026-07-31T11:40:21Z,664,1,0,26,0,0,1,1,1,1785495012
2026-07-31T11:40:21Z,665,12,3,3,0,0,1,1,1,1785488202
2026-07-31T11:40:21Z,666,8,2,5,2,0,1,1,1,1785495733
2026-07-31T11:40:21Z,667,0,0,19,0,0,1,1,1,1785486991
2026-07-31T11:40:21Z,668,10,1,8,1,0,1,1,1,1785488201
2026-07-31T11:40:21Z,669,14,5,0,0,0,1,1,1,1785496316
2026-07-31T11:40:21Z,670,10,2,17,0,0,1,1,1,1785496697
2026-07-31T11:40:21Z,671,25,5,1,1,0,1,1,1,1785497816
2026-07-31T11:40:21Z,672,12,2,7,3,1,1,1,1,1785491597
2026-07-31T11:40:21Z,673,16,0,5,2,0,1,1,1,1785497865
2026-07-31T11:40:21Z,674,4,2,16,3,0,1,1,1,1785497701
2026-07-31T11:40:21Z,675,10,6,3,2,0,1,1,1,1785497930
2026-07-31T11:40:21Z,676,8,0,13,1,0,1,1,1,1785498002
2026-07-31T11:40:21Z,681,10,3,2,3,0,1,1,1,1785497998
2026-07-31T11:40:21Z,682,4,1,14,1,0,1,1,1,1785486991
2026-07-31T11:40:21Z,683,4,1,15,0,0,1,1,1,1785497438
2026-07-31T11:40:21Z,684,3,0,24,0,0,1,1,1,1785487883
2026-07-31T11:40:21Z,685,9,0,16,1,1,1,1,1,1785497786
2026-07-31T11:40:21Z,686,8,0,16,3,0,1,1,1,1785497737
2026-07-31T11:40:21Z,687,12,0,17,1,1,1,1,1,1785497994
2026-07-31T11:40:21Z,688,10,0,2,7,0,1,1,1,1785497824
2026-07-31T11:40:21Z,692,3,2,18,0,0,1,1,1,1785497987
2026-07-31T11:40:21Z,693,6,0,2,3,0,1,1,1,1785496233
2026-07-31T11:40:21Z,694,9,5,12,0,0,1,1,1,1785497813
2026-07-31T11:40:21Z,695,14,9,9,0,0,1,1,1,1785498004
2026-07-31T11:40:21Z,696,17,14,4,2,0,1,1,1,1785498014
2026-07-31T11:40:21Z,697,9,1,14,0,0,1,1,1,1785497719
2026-07-31T11:40:21Z,698,22,1,5,0,0,1,1,1,1785497368
2026-07-31T11:40:21Z,699,7,0,7,1,0,1,1,1,1785496544
2026-07-31T11:40:21Z,700,18,4,1,0,0,1,1,1,1785497747
2026-07-31T11:40:21Z,701,16,6,3,0,0,1,1,1,1785497931
2026-07-31T11:40:21Z,702,17,1,5,1,0,1,1,1,1785497996
2026-07-31T11:40:21Z,704,7,2,8,0,0,1,1,1,1785497320
2026-07-31T11:40:21Z,705,4,1,9,2,0,1,1,1,1785496785
2026-07-31T11:40:21Z,706,12,2,0,3,0,1,1,1,1785497890
2026-07-31T11:40:21Z,707,8,1,7,0,0,1,1,1,1785496701
2026-07-31T11:40:21Z,708,18,2,0,1,0,1,1,1,1785497198
2026-07-31T11:40:21Z,709,11,1,1,3,0,1,1,1,1785497146
2026-07-31T11:40:21Z,710,15,3,3,1,0,1,1,1,1785497971
2026-07-31T11:40:21Z,711,19,4,0,4,0,1,1,1,1785496892
2026-07-31T11:40:21Z,712,8,8,7,0,0,1,1,1,1785497907
2026-07-31T11:40:21Z,713,5,0,18,0,0,1,1,1,1785497821
2026-07-31T11:40:21Z,716,3,2,12,0,0,1,1,1,1785497140
2026-07-31T11:40:21Z,717,4,2,18,3,0,1,1,1,1785496518
2026-07-31T11:40:21Z,718,5,1,9,1,0,1,1,1,1785496251
2026-07-31T11:40:21Z,719,8,2,21,0,0,1,1,1,1785497498
2026-07-31T11:40:21Z,720,2,1,17,0,0,1,1,1,1785496720
2026-07-31T11:40:21Z,721,1,1,20,2,0,1,1,1,1785497534
2026-07-31T11:40:21Z,722,5,0,10,0,0,1,1,1,1785496477
2026-07-31T11:40:21Z,723,12,1,11,0,0,1,1,1,1785496560
2026-07-31T11:40:21Z,724,23,4,0,0,0,1,1,1,1785497681
2026-07-31T11:40:21Z,725,17,5,5,1,0,1,1,1,1785497254
2026-07-31T11:40:21Z,726,17,3,2,0,0,1,1,1,1785497444
2026-07-31T11:40:21Z,727,8,3,12,3,0,1,1,1,1785497483
2026-07-31T11:40:21Z,728,9,0,5,1,0,1,1,1,1785497023
2026-07-31T11:40:21Z,729,2,0,17,0,0,1,1,1,1785497934
2026-07-31T11:40:21Z,730,3,2,10,2,0,1,1,1,1785497618
2026-07-31T11:40:21Z,731,9,3,5,1,0,1,1,1,1785496734
2026-07-31T11:40:21Z,732,7,5,8,0,0,1,1,1,1785497772
2026-07-31T11:40:21Z,733,8,2,19,0,0,1,1,1,1785496760
2026-07-31T11:40:21Z,734,6,3,8,0,0,1,1,1,1785497717
2026-07-31T11:40:21Z,735,2,2,25,0,0,1,1,1,1785496619
2026-07-31T11:40:21Z,736,6,0,12,1,0,1,1,1,1785497659
2026-07-31T11:40:21Z,737,4,3,10,0,1,1,1,1,1785497163
2026-07-31T11:40:21Z,738,16,4,1,2,0,1,1,1,1785497381
2026-07-31T11:40:21Z,739,20,2,6,1,0,1,1,1,1785497277
2026-07-31T11:40:21Z,741,7,1,16,0,0,1,1,1,1785497058
2026-07-31T11:40:21Z,742,3,0,30,2,0,1,1,1,1785497839
2026-07-31T11:40:21Z,743,9,3,8,2,0,1,1,1,1785496928
2026-07-31T11:40:21Z,744,9,3,5,1,0,1,1,1,1785497431
2026-07-31T11:40:21Z,745,14,4,4,1,0,1,1,1,1785497444
2026-07-31T11:40:21Z,746,7,0,14,2,0,1,1,1,1785497921
2026-07-31T11:40:21Z,747,0,0,4,0,0,0,1,1,1783446606
2026-07-31T11:40:21Z,748,10,1,13,0,0,1,1,1,1785496427
2026-07-31T11:40:21Z,749,6,5,16,1,0,1,1,1,1785497974
2026-07-31T11:40:21Z,750,3,1,8,0,0,1,1,1,1785497942
2026-07-31T11:40:21Z,751,7,0,16,0,0,1,1,1,1785497940
2026-07-31T11:40:21Z,752,15,1,1,1,0,1,1,1,1785497009
2026-07-31T11:40:21Z,753,4,0,11,0,0,1,1,1,1785497720
2026-07-31T11:40:21Z,754,2,1,12,1,0,1,1,1,1785497969
2026-07-31T11:40:21Z,755,10,2,12,1,0,1,1,1,1785497864
2026-07-31T11:40:21Z,756,12,7,25,0,0,1,1,1,1785497684
2026-07-31T11:40:21Z,757,16,9,3,0,0,1,1,1,1785496408
2026-07-31T11:40:21Z,758,23,3,0,0,0,1,1,1,1785497839
2026-07-31T11:40:21Z,759,3,2,12,0,0,1,1,1,1785497556
2026-07-31T11:40:21Z,760,8,3,11,0,0,1,1,1,1785488200
2026-07-31T11:40:21Z,761,16,0,6,1,0,1,1,1,1785497533
2026-07-31T11:40:21Z,762,5,3,5,5,0,1,1,1,1785496704
2026-07-31T11:40:21Z,768,8,0,8,3,0,1,1,1,1785497659
2026-07-31T11:40:21Z,769,15,11,4,0,0,1,1,1,1785497289
2026-07-31T11:40:21Z,770,11,3,6,2,0,1,1,1,1785497222
2026-07-31T11:40:21Z,771,13,3,1,1,0,1,1,1,1785496668
2026-07-31T11:40:21Z,772,7,1,8,0,0,1,1,1,1785497277
2026-07-31T11:40:21Z,773,15,4,4,0,0,1,1,1,1785497123
2026-07-31T11:40:21Z,774,11,5,1,3,0,1,1,1,1785497847
2026-07-31T11:40:21Z,775,7,0,10,1,1,1,1,1,1785494713
2026-07-31T11:40:21Z,776,3,1,17,1,0,1,1,1,1785497461
2026-07-31T11:40:21Z,777,10,0,2,3,0,1,1,1,1785497208
2026-07-31T11:40:21Z,778,13,0,3,3,0,1,1,1,1785497394
2026-07-31T11:40:21Z,779,8,1,10,1,0,1,1,1,1785496217
2026-07-31T11:40:21Z,780,17,3,1,1,0,1,1,1,1785497642
2026-07-31T11:40:21Z,781,4,0,4,3,0,1,1,1,1785497953
2026-07-31T11:40:21Z,782,4,3,11,4,0,1,1,1,1785496946
2026-07-31T11:40:21Z,783,6,0,13,0,0,1,1,1,1785496212
2026-07-31T11:40:21Z,784,19,2,0,0,0,1,1,1,1785497636
2026-07-31T11:40:21Z,785,11,2,2,6,0,1,1,1,1785496387
2026-07-31T11:40:21Z,786,12,5,7,0,0,1,1,1,1785497856
2026-07-31T11:40:21Z,787,10,5,3,2,0,1,1,1,1785497482
2026-07-31T11:40:21Z,788,3,0,12,0,0,1,1,1,1785496701
2026-07-31T11:40:21Z,789,9,2,2,4,0,1,1,1,1785497988
2026-07-31T11:40:21Z,790,2,0,21,0,0,1,1,1,1785497346
2026-07-31T11:40:21Z,791,7,1,11,0,1,1,1,1,1785496889
2026-07-31T11:40:21Z,793,4,0,10,1,0,1,1,1,1785497066
2026-07-31T11:40:21Z,794,17,8,10,2,0,1,1,1,1785497835
2026-07-31T11:40:21Z,796,1,0,16,2,0,1,1,1,1785496876
2026-07-31T11:40:21Z,797,2,0,13,0,0,1,1,1,1785494961
2026-07-31T11:40:21Z,798,10,1,14,1,0,1,1,1,1785497778
2026-07-31T11:40:21Z,799,15,1,1,3,0,1,1,1,1785496844
2026-07-31T11:40:21Z,800,6,0,14,1,0,1,1,1,1785497623
2026-07-31T11:40:21Z,801,10,6,10,1,0,1,1,1,1785497785
2026-07-31T11:40:21Z,802,8,0,23,0,0,1,1,1,1785497022
2026-07-31T11:40:21Z,803,1,1,14,0,0,1,1,1,1785496669
2026-07-31T11:40:21Z,806,8,3,7,0,0,1,1,1,1785497158
2026-07-31T11:40:21Z,807,14,1,9,2,0,1,1,1,1785497293
2026-07-31T11:40:21Z,808,2,0,21,2,0,1,1,1,1785497500
2026-07-31T11:40:21Z,809,4,0,18,1,0,1,1,1,1785496855
2026-07-31T11:40:21Z,810,2,0,13,4,0,1,1,1,1785497299
2026-07-31T11:40:21Z,815,1,1,9,4,1,1,1,1,1785497272
2026-07-31T11:40:21Z,817,11,5,4,0,0,1,1,1,1785498000
2026-07-31T11:40:21Z,818,5,0,17,1,0,1,1,1,1785497491
2026-07-31T11:40:21Z,819,6,4,9,0,0,1,1,1,1785487291
2026-07-31T11:40:21Z,820,8,2,9,0,0,1,1,1,1785497913
2026-07-31T11:40:21Z,821,2,1,13,0,0,1,1,1,1785497027
2026-07-31T11:40:21Z,822,4,0,18,1,0,1,1,1,1785497872
2026-07-31T11:40:21Z,823,0,0,14,1,0,1,1,1,1785496501
2026-07-31T11:40:21Z,824,13,5,6,0,0,1,1,1,1785497784
2026-07-31T11:40:21Z,825,8,5,7,0,0,1,1,1,1785495662
2026-07-31T11:40:21Z,826,12,2,5,2,0,1,1,1,1785497811
2026-07-31T11:40:21Z,827,15,4,5,1,0,1,1,1,1785497321
2026-07-31T11:40:21Z,828,11,0,6,1,0,1,1,1,1785497612
2026-07-31T11:40:21Z,829,15,6,12,0,0,1,1,1,1785496838
2026-07-31T11:40:21Z,830,17,2,5,1,0,1,1,1,1785497297
2026-07-31T11:40:21Z,831,6,2,8,1,0,1,1,1,1785496465
2026-07-31T11:40:21Z,832,10,3,5,3,0,1,1,1,1785496739
2026-07-31T11:40:21Z,833,0,0,18,1,0,1,1,1,1785496884
2026-07-31T11:40:21Z,834,3,0,20,1,0,1,1,1,1785498007
2026-07-31T11:40:21Z,835,14,5,2,2,0,1,1,1,1785497867
2026-07-31T11:40:21Z,837,5,1,0,10,0,1,1,1,1785496544
2026-07-31T11:40:21Z,838,14,4,1,0,0,1,1,1,1785497438
2026-07-31T11:40:21Z,839,14,2,15,0,0,1,1,1,1785497897
2026-07-31T11:40:21Z,840,9,4,18,2,0,1,1,1,1785497692
2026-07-31T11:40:21Z,841,7,1,8,0,0,1,1,1,1785496460
2026-07-31T11:40:21Z,842,7,2,16,0,0,1,1,1,1785496275
2026-07-31T11:40:21Z,843,8,0,22,1,0,1,1,1,1785496536
2026-07-31T11:40:21Z,844,6,0,17,0,0,1,1,1,1785496478
2026-07-31T11:40:21Z,845,5,3,12,2,0,1,1,1,1785496653
2026-07-31T11:40:21Z,846,3,0,14,2,0,1,1,1,1785497603
2026-07-31T11:40:21Z,847,7,1,20,0,0,1,1,1,1785497408
2026-07-31T11:40:21Z,848,9,3,9,1,0,1,1,1,1785497067
2026-07-31T11:40:21Z,849,5,1,9,1,0,1,1,1,1785497442
2026-07-31T11:40:21Z,850,8,0,1,2,0,1,1,1,1785497708
2026-07-31T11:40:21Z,851,5,5,30,2,0,1,1,1,1785497878
2026-07-31T11:40:21Z,852,12,6,7,0,0,1,1,1,1785496363
2026-07-31T11:40:21Z,853,10,5,13,0,0,1,1,1,1785497251
2026-07-31T11:40:21Z,854,3,2,12,0,0,1,1,1,1785497304
2026-07-31T11:40:21Z,855,25,0,2,0,0,1,1,1,1785497123
2026-07-31T11:40:21Z,857,3,3,16,0,0,1,1,1,1785497633
2026-07-31T11:40:21Z,858,4,1,14,1,0,1,1,1,1785497028
2026-07-31T11:40:21Z,859,3,0,17,1,0,1,1,1,1785497246
2026-07-31T11:40:21Z,861,8,1,2,1,0,1,1,1,1785488201
2026-07-31T11:40:21Z,862,2,2,13,0,0,1,1,1,1785496490
2026-07-31T11:40:21Z,863,13,0,5,1,0,1,1,1,1785488200
2026-07-31T11:40:21Z,866,11,3,8,0,0,1,1,1,1785496802
2026-07-31T11:40:21Z,867,13,1,2,0,0,1,1,1,1785497915
2026-07-31T11:40:21Z,868,12,2,3,0,0,1,1,1,1785497005
2026-07-31T11:40:21Z,870,7,4,6,2,0,1,1,1,1785496538
2026-07-31T11:40:21Z,871,0,0,10,1,0,1,1,1,1785497720
2026-07-31T11:40:21Z,872,0,0,14,1,0,1,1,1,1785496454
2026-07-31T11:40:21Z,873,3,1,29,1,0,1,1,1,1785497097
2026-07-31T11:40:21Z,874,5,2,7,3,0,1,1,1,1785497908
2026-07-31T11:40:21Z,875,15,11,0,0,0,1,1,1,1785497525
2026-07-31T11:40:21Z,877,11,10,6,2,0,1,1,1,1785497890
2026-07-31T11:40:21Z,878,4,3,14,1,0,1,1,1,1785496652
2026-07-31T11:40:21Z,879,3,1,16,0,0,1,1,1,1785497914
2026-07-31T11:40:21Z,880,1,0,21,1,0,1,1,1,1785497523
2026-07-31T11:40:21Z,881,1,0,18,0,0,1,1,1,1785496506
2026-07-31T11:40:21Z,882,10,0,6,3,0,1,1,1,1785488200
2026-07-31T11:40:21Z,883,11,6,8,0,0,1,1,1,1785497540
2026-07-31T11:40:21Z,884,10,7,11,0,0,1,1,1,1785497884
2026-07-31T11:40:21Z,885,1,0,18,0,0,1,1,1,1785496347
2026-07-31T11:40:21Z,886,17,2,10,2,0,1,1,1,1785497207
2026-07-31T11:40:21Z,887,3,1,11,3,0,1,1,1,1785497054
2026-07-31T11:40:21Z,888,9,0,30,1,1,1,1,1,1785497972
2026-07-31T11:40:21Z,889,13,0,4,2,0,1,1,1,1785497718
2026-07-31T11:40:21Z,890,6,4,9,0,0,1,1,1,1785489632
2026-07-31T11:40:21Z,891,21,0,2,0,0,1,1,1,1785497667
2026-07-31T11:40:21Z,892,13,1,2,0,0,1,1,1,1785488200
2026-07-31T11:40:21Z,895,0,0,18,1,0,1,1,1,1785489208
2026-07-31T11:40:21Z,896,6,0,29,0,0,1,1,1,1785493238
2026-07-31T11:40:21Z,897,11,1,10,0,0,1,1,1,1785496546
2026-07-31T11:40:21Z,898,3,0,16,0,0,1,1,1,1785497298
2026-07-31T11:40:21Z,899,0,0,18,1,0,1,1,1,1785497313
2026-07-31T11:40:21Z,900,12,0,13,2,0,1,1,1,1785498015
2026-07-31T11:40:21Z,901,9,0,9,1,0,1,1,1,1785497671
2026-07-31T11:40:21Z,902,8,0,6,1,0,1,1,1,1785498012
2026-07-31T11:40:21Z,903,13,2,5,1,0,1,1,1,1785497478
2026-07-31T11:40:21Z,904,9,4,9,1,0,1,1,1,1785497723
2026-07-31T11:40:21Z,905,8,2,19,0,0,1,1,1,1785496877
2026-07-31T11:40:21Z,906,3,1,24,0,0,1,1,1,1785497716
2026-07-31T11:40:21Z,907,6,2,25,0,0,1,1,1,1785497861
2026-07-31T11:40:21Z,908,10,0,13,0,0,1,1,1,1785496647
2026-07-31T11:40:21Z,909,7,0,15,1,0,1,1,1,1785497575
2026-07-31T11:40:21Z,910,28,1,3,0,0,1,1,1,1785497561
2026-07-31T11:40:21Z,911,4,1,15,0,0,1,1,1,1785498014
2026-07-31T11:40:21Z,912,11,4,10,2,0,1,1,1,1785497748
2026-07-31T11:40:21Z,913,3,1,16,0,0,1,1,1,1785497182
2026-07-31T11:40:21Z,914,8,2,11,0,0,1,1,1,1785496997
2026-07-31T11:40:21Z,915,9,0,13,1,0,1,1,1,1785497855
2026-07-31T11:40:21Z,916,23,8,0,0,0,1,1,1,1785497563
2026-07-31T11:40:21Z,917,14,5,20,1,0,1,1,1,1785497765
2026-07-31T11:40:21Z,918,11,2,6,2,0,1,1,1,1785498005
2026-07-31T11:40:21Z,919,8,0,29,2,0,1,1,1,1785497984
2026-07-31T11:40:21Z,920,4,2,15,0,0,1,1,1,1785496992
2026-07-31T11:40:21Z,921,12,0,9,0,0,1,1,1,1785496336
2026-07-31T11:40:21Z,922,4,0,17,0,0,1,1,1,1785497146
2026-07-31T11:40:21Z,923,16,1,3,0,0,1,1,1,1785497826
2026-07-31T11:40:21Z,924,8,2,13,0,0,1,1,1,1785497349
2026-07-31T11:40:21Z,925,13,0,8,0,0,1,1,1,1785496818
2026-07-31T11:40:21Z,926,2,1,19,0,0,1,1,1,1785496951
2026-07-31T11:40:21Z,927,3,0,32,0,0,1,1,1,1785497377
2026-07-31T11:40:21Z,928,5,3,14,0,0,0,1,1,1785464301
2026-07-31T11:40:21Z,929,0,0,23,0,0,1,1,1,1785497787
2026-07-31T11:40:21Z,930,0,0,30,1,0,1,1,1,1785496577
2026-07-31T11:40:21Z,931,10,6,13,0,0,1,1,1,1785497780
2026-07-31T11:40:21Z,932,3,0,13,3,0,1,1,1,1785496720
2026-07-31T11:40:21Z,933,1,0,22,0,0,1,1,1,1785497989
2026-07-31T11:40:21Z,934,6,0,24,1,0,1,1,1,1785497970
2026-07-31T11:40:21Z,935,15,4,3,1,0,1,1,1,1785497899
2026-07-31T11:40:21Z,936,4,1,15,0,0,1,1,1,1785456801
2026-07-31T11:40:21Z,940,10,0,1,0,0,1,1,1,1785496815
2026-07-31T11:40:21Z,941,7,1,16,2,0,1,1,1,1785497077
2026-07-31T11:40:21Z,942,7,0,13,1,0,1,1,1,1785497918
2026-07-31T11:40:21Z,943,9,8,6,0,0,1,1,1,1785496563
2026-07-31T11:40:21Z,944,9,8,6,0,0,1,1,1,1785496383
2026-07-31T11:40:21Z,945,10,8,5,0,0,1,1,1,1785497712
2026-07-31T11:40:21Z,946,7,5,12,0,0,1,1,1,1785487593
2026-07-31T11:40:21Z,947,7,5,10,0,0,1,1,1,1785496396
2026-07-31T11:40:21Z,948,26,9,0,5,0,1,1,1,1785497440
2026-07-31T11:40:21Z,949,9,4,6,0,0,1,1,1,1785497984
2026-07-31T11:40:21Z,950,12,4,4,1,0,1,1,1,1785496408
2026-07-31T11:40:21Z,951,18,4,4,1,0,1,1,1,1785496622
2026-07-31T11:40:21Z,952,17,4,38,0,0,1,1,1,1785497855
2026-07-31T11:40:21Z,953,10,2,4,1,0,1,1,1,1785497814
2026-07-31T11:40:21Z,954,17,5,2,0,0,1,1,1,1785496515
2026-07-31T11:40:21Z,955,5,3,16,6,0,1,1,1,1785497310
2026-07-31T11:40:21Z,956,22,0,0,1,0,1,1,1,1785497459
2026-07-31T11:40:21Z,957,13,0,16,0,0,1,1,1,1785497631
2026-07-31T11:40:21Z,958,21,1,10,0,0,1,1,1,1785497548
2026-07-31T11:40:21Z,959,19,8,1,3,0,1,1,1,1785497664
2026-07-31T11:40:21Z,960,16,0,6,1,0,1,1,1,1785497900
2026-07-31T11:40:21Z,961,2,2,18,3,0,1,1,1,1785498015
2026-07-31T11:40:21Z,962,9,3,23,3,0,1,1,1,1785497406
2026-07-31T11:40:21Z,963,10,0,12,1,0,1,1,1,1785496496
2026-07-31T11:40:21Z,964,14,8,8,1,0,1,1,1,1785497963
2026-07-31T11:40:21Z,965,6,2,20,1,0,1,1,1,1785496610
2026-07-31T11:40:21Z,966,24,0,7,0,0,1,1,1,1785497564
2026-07-31T11:40:21Z,967,15,0,4,2,0,1,1,1,1785497708
2026-07-31T11:40:21Z,968,14,0,4,1,0,1,1,1,1785496603
2026-07-31T11:40:21Z,969,12,7,13,2,0,1,1,1,1785496320
2026-07-31T11:40:21Z,970,11,1,6,2,0,1,1,1,1785497329
2026-07-31T11:40:21Z,971,13,2,9,1,0,1,1,1,1785497950
2026-07-31T11:40:21Z,972,9,1,13,1,0,1,1,1,1785496373
2026-07-31T11:40:21Z,973,7,4,15,1,0,1,1,1,1785497707
2026-07-31T11:40:21Z,974,15,0,12,0,0,1,1,1,1785497903
2026-07-31T11:40:21Z,977,7,7,12,2,0,1,1,1,1785497845
2026-07-31T11:40:21Z,978,11,0,12,0,0,1,1,1,1785497507
2026-07-31T11:40:21Z,979,11,0,6,0,0,1,1,1,1785497638
2026-07-31T11:40:21Z,980,4,0,15,2,0,1,1,1,1785497789
2026-07-31T11:40:21Z,981,13,0,7,1,0,1,1,1,1785497962
2026-07-31T11:40:21Z,982,3,1,14,2,0,1,1,1,1785496433
2026-07-31T11:40:21Z,983,2,1,20,1,0,1,1,1,1785496858
2026-07-31T11:40:21Z,984,6,0,17,0,0,1,1,1,1785497876
2026-07-31T11:40:21Z,985,15,0,16,0,0,1,1,1,1785497757
2026-07-31T11:40:21Z,986,4,0,15,0,0,1,1,1,1785496430
2026-07-31T11:40:21Z,987,6,0,16,1,0,1,1,1,1785496976
2026-07-31T11:40:21Z,988,5,1,13,1,0,1,1,1,1785496586
2026-07-31T11:40:21Z,989,9,4,10,0,0,1,1,1,1785497390
2026-07-31T11:40:21Z,990,13,1,0,2,0,1,1,1,1785496628
2026-07-31T11:40:21Z,991,11,2,8,0,0,1,1,1,1785497875
2026-07-31T11:40:21Z,992,10,7,12,1,0,1,1,1,1785497181
2026-07-31T11:40:21Z,993,0,0,27,0,0,1,1,1,1785476008
2026-07-31T11:40:21Z,994,3,1,18,0,0,1,1,1,1785497398
2026-07-31T11:40:21Z,995,6,0,21,0,0,1,1,1,1785497176
2026-07-31T11:40:21Z,996,8,1,15,0,0,1,1,1,1785496415
2026-07-31T11:40:21Z,997,10,5,10,3,0,1,1,1,1785497965
2026-07-31T11:40:21Z,998,3,3,19,1,0,1,1,1,1785496728
2026-07-31T11:40:21Z,999,2,0,16,2,1,1,1,1,1785496496
2026-07-31T11:40:21Z,1000,5,2,16,0,0,1,1,1,1785497294
2026-07-31T11:40:21Z,1001,2,1,25,0,0,1,1,1,1785496756
2026-07-31T11:40:21Z,1002,0,0,27,4,0,1,1,1,1785496765
2026-07-31T11:40:21Z,1003,0,0,22,1,0,1,1,1,1785496375
2026-07-31T11:40:21Z,1004,8,1,15,0,0,1,1,1,1785497634
2026-07-31T11:40:21Z,1005,20,1,3,0,0,1,1,1,1785496564
2026-07-31T11:40:21Z,1006,7,4,11,1,0,1,1,1,1785496395
2026-07-31T11:40:21Z,1007,2,1,19,0,0,1,1,1,1785497844
2026-07-31T11:40:21Z,1008,6,5,15,2,0,1,1,1,1785497356
2026-07-31T11:40:21Z,1009,19,2,8,4,0,1,1,1,1785497227
2026-07-31T11:40:21Z,1010,7,2,20,0,0,1,1,1,1785496241
2026-07-31T11:40:21Z,1011,7,2,10,2,0,1,1,1,1785496767
2026-07-31T11:40:21Z,1012,4,3,18,1,0,1,1,1,1785496332
2026-07-31T11:40:21Z,1013,4,1,18,1,0,1,1,1,1785496923
2026-07-31T11:40:21Z,1014,7,2,13,3,0,1,1,1,1785496850
2026-07-31T11:40:21Z,1015,3,1,25,3,0,1,1,1,1785497138
2026-07-31T11:40:21Z,1016,10,5,21,0,0,1,1,1,1785496465
2026-07-31T11:40:21Z,1017,14,5,7,0,0,1,1,1,1785497552
2026-07-31T11:40:21Z,1018,7,2,15,0,0,1,1,1,1785496417
2026-07-31T11:40:21Z,1019,9,6,6,0,0,1,1,1,1785496337
2026-07-31T11:40:21Z,1020,18,3,3,0,0,1,1,1,1785497421
2026-07-31T11:40:21Z,1021,9,3,5,1,0,1,1,1,1785497138
2026-07-31T11:40:21Z,1022,14,0,13,0,0,1,1,1,1785496517
2026-07-31T11:40:21Z,1023,13,1,9,1,0,1,1,1,1785497972
2026-07-31T11:40:21Z,1024,5,2,13,1,0,1,1,1,1785497147
2026-07-31T11:40:21Z,1025,4,0,14,0,1,1,1,1,1785496485
2026-07-31T11:40:21Z,1026,7,4,18,6,0,1,1,1,1785497504
2026-07-31T11:40:21Z,1028,2,0,20,1,0,1,1,1,1785496509
2026-07-31T11:40:21Z,1029,9,9,5,1,0,1,1,1,1785497436
2026-07-31T11:40:21Z,1030,14,5,9,0,0,1,1,1,1785497194
2026-07-31T11:40:21Z,1031,8,0,11,0,0,1,1,1,1785497549
2026-07-31T11:40:21Z,1032,7,1,12,0,0,1,1,1,1785496399
2026-07-31T11:40:21Z,1033,9,5,8,2,0,1,1,1,1785497213
2026-07-31T11:40:21Z,1034,3,0,12,0,0,1,1,1,1785497249
2026-07-31T11:40:21Z,1035,1,0,16,2,0,1,1,1,1785496450
2026-07-31T11:40:21Z,1036,14,0,1,0,0,1,1,1,1785496989
2026-07-31T11:40:21Z,1037,5,0,13,1,0,1,1,1,1785496863
2026-07-31T11:40:21Z,1038,2,0,12,1,0,1,1,1,1785497921
2026-07-31T11:40:21Z,1039,7,2,12,0,0,1,1,1,1785496554
2026-07-31T11:40:21Z,1040,7,3,10,2,0,1,1,1,1785496440
2026-07-31T11:40:21Z,1041,10,3,8,1,0,1,1,1,1785497141
2026-07-31T11:40:21Z,1042,12,1,1,2,0,1,1,1,1785496566
2026-07-31T11:40:21Z,1043,10,0,6,3,0,1,1,1,1785496474
2026-07-31T11:40:21Z,1044,1,0,13,1,0,1,1,1,1785497975
2026-07-31T11:40:21Z,1045,10,0,9,0,0,1,1,1,1785496386
2026-07-31T11:40:21Z,1046,8,0,7,0,0,1,1,1,1785497599
2026-07-31T11:40:21Z,1047,5,0,16,0,0,1,1,1,1785497156
2026-07-31T11:40:21Z,1048,10,1,9,0,0,1,1,1,1785496364
2026-07-31T11:40:21Z,1049,5,0,16,0,0,1,1,1,1785496435
2026-07-31T11:40:21Z,1050,17,4,4,0,0,1,1,1,1785497530
2026-07-31T11:40:21Z,1051,8,3,13,0,0,1,1,1,1785497420
2026-07-31T11:40:21Z,1052,17,2,5,0,0,1,1,1,1785496230
2026-07-31T11:40:21Z,1053,2,1,13,0,0,1,1,1,1785496287
2026-07-31T11:40:21Z,1054,14,1,1,0,0,1,1,1,1785496547
2026-07-31T11:40:21Z,1055,7,1,12,0,0,1,1,1,1785496531
2026-07-31T11:40:21Z,1057,15,0,3,1,0,1,1,1,1785496833
2026-07-31T11:40:21Z,1058,6,0,49,1,0,1,1,1,1785496527
2026-07-31T11:40:21Z,1059,1,0,17,1,0,1,1,1,1785497321
2026-07-31T11:40:21Z,1060,30,0,7,0,0,1,1,1,1785497437
2026-07-31T11:40:21Z,1061,18,1,18,1,0,1,1,1,1785497882
2026-07-31T11:40:21Z,1062,7,1,10,0,0,1,1,1,1785497725
2026-07-31T11:40:21Z,1063,12,1,6,1,0,1,1,1,1785496442
2026-07-31T11:40:21Z,1064,3,0,19,1,0,1,1,1,1785496778
2026-07-31T11:40:21Z,1065,16,3,7,0,0,1,1,1,1785497020
2026-07-31T11:40:21Z,1066,10,2,13,0,0,1,1,1,1785496843
2026-07-31T11:40:21Z,1067,8,2,13,2,0,1,1,1,1785497113
2026-07-31T11:40:21Z,1068,8,2,13,2,0,1,1,1,1785496609
2026-07-31T11:40:21Z,1069,12,3,11,0,0,1,1,1,1785496654
2026-07-31T11:40:21Z,1070,12,2,11,0,0,1,1,1,1785496750
2026-07-31T11:40:21Z,1071,7,4,16,0,0,1,1,1,1785496789
2026-07-31T11:40:21Z,1072,11,1,11,1,0,1,1,1,1785497187
2026-07-31T11:40:21Z,1073,20,2,6,1,0,1,1,1,1785497913
2026-07-31T11:40:21Z,1074,2,0,50,1,0,1,1,1,1785497561
2026-07-31T11:40:21Z,1075,10,10,11,0,0,1,1,1,1785497975
2026-07-31T11:40:21Z,1076,15,12,6,0,0,1,1,1,1785497414
2026-07-31T11:40:21Z,1077,8,5,13,0,0,1,1,1,1785496376
2026-07-31T11:40:21Z,1078,11,10,10,0,0,1,1,1,1785497456
2026-07-31T11:40:21Z,1079,11,8,10,0,0,1,1,1,1785496264
2026-07-31T11:40:21Z,1080,10,8,10,1,0,1,1,1,1785496866
2026-07-31T11:40:21Z,1081,13,8,6,0,0,1,1,1,1785497248
2026-07-31T11:40:21Z,1082,7,7,1,0,0,1,1,1,1785496719
2026-07-31T11:40:21Z,1083,13,11,8,0,0,1,1,1,1785496535
2026-07-31T11:40:21Z,1084,9,8,12,0,0,1,1,1,1785497969
2026-07-31T11:40:21Z,1085,10,10,11,0,0,1,1,1,1785497622
2026-07-31T11:40:21Z,1086,0,0,20,1,0,1,1,1,1785496505
2026-07-31T11:40:21Z,1087,12,7,3,0,0,1,1,1,1785497500
2026-07-31T11:40:21Z,1088,10,7,5,0,0,1,1,1,1785496446
2026-07-31T11:40:21Z,1089,5,3,10,0,0,1,1,1,1785496797
2026-07-31T11:40:21Z,1090,9,8,6,0,0,1,1,1,1785497329
2026-07-31T11:40:21Z,1091,12,7,3,0,0,1,1,1,1785497242
2026-07-31T11:40:21Z,1092,9,9,5,1,0,1,1,1,1785496789
2026-07-31T11:40:21Z,1093,7,6,8,0,0,1,1,1,1785497150
2026-07-31T11:40:21Z,1094,12,10,6,1,0,1,1,1,1785497176
2026-07-31T11:40:21Z,1095,8,7,7,0,0,1,1,1,1785497088
2026-07-31T11:40:21Z,1096,3,1,15,1,0,1,1,1,1785496762
2026-07-31T11:40:21Z,1097,9,9,6,0,0,1,1,1,1785496974
2026-07-31T11:40:21Z,1098,9,7,10,0,0,1,1,1,1785497319
2026-07-31T11:40:21Z,1099,7,6,8,0,0,1,1,1,1785496233
2026-07-31T11:40:21Z,1100,8,4,21,0,0,1,1,1,1785493678
2026-07-31T11:40:21Z,1101,10,5,11,0,0,1,1,1,1785497946
2026-07-31T11:40:21Z,1102,9,4,4,0,0,1,1,1,1785497221
2026-07-31T11:40:21Z,1103,10,5,11,0,0,1,1,1,1785487895
2026-07-31T11:40:21Z,1104,10,5,11,0,0,1,1,1,1785497701
2026-07-31T11:40:21Z,1105,8,4,5,0,0,1,1,1,1785497107
2026-07-31T11:40:21Z,1106,10,5,11,0,0,1,1,1,1785496225
2026-07-31T11:40:21Z,1107,9,5,6,0,0,1,1,1,1785496511
2026-07-31T11:40:21Z,1108,9,5,15,2,1,1,1,1,1785497602
2026-07-31T11:40:21Z,1109,9,4,6,0,0,1,1,1,1785497114
2026-07-31T11:40:21Z,1110,12,4,9,0,0,1,1,1,1785497569
2026-07-31T11:40:21Z,1111,3,2,18,0,0,1,1,1,1785475740
2026-07-31T11:40:21Z,1112,38,0,15,0,0,1,1,1,1785497686
2026-07-31T11:40:21Z,1113,2,0,19,0,0,1,1,1,1785497519
2026-07-31T11:40:21Z,1115,16,5,4,3,0,1,1,1,1785496992
2026-07-31T11:40:21Z,1116,5,1,14,0,0,1,1,1,1785496418
2026-07-31T11:40:21Z,1117,17,6,4,2,0,1,1,1,1785497908
2026-07-31T11:40:21Z,1118,17,1,3,1,0,1,1,1,1785497589
2026-07-31T11:40:21Z,1119,12,1,5,0,0,1,1,1,1785497432
2026-07-31T11:40:21Z,1120,13,0,6,0,0,1,1,1,1785496502
2026-07-31T11:40:21Z,1121,10,1,8,3,0,1,1,1,1785497512
2026-07-31T11:40:21Z,1122,13,8,5,3,0,1,1,1,1785497638
2026-07-31T11:40:21Z,1123,7,3,14,2,0,1,1,1,1785497872
2026-07-31T11:40:21Z,1124,10,2,1,4,0,1,1,1,1785497442
2026-07-31T11:40:21Z,1125,15,1,8,0,0,1,1,1,1785496705
2026-07-31T11:40:21Z,1126,3,0,17,1,0,1,1,1,1785497824
2026-07-31T11:40:21Z,1127,5,1,13,1,0,1,1,1,1785497407
2026-07-31T11:40:21Z,1128,14,2,0,1,0,1,1,1,1785496417
2026-07-31T11:40:21Z,1129,1,1,19,1,0,1,1,1,1785497961
2026-07-31T11:40:21Z,1130,13,0,2,0,0,1,1,1,1785498015
2026-07-31T11:40:21Z,1131,2,0,46,1,0,1,1,1,1785497954
2026-07-31T11:40:21Z,1132,15,7,6,0,0,1,1,1,1785497836
2026-07-31T11:40:21Z,1133,16,12,3,2,0,1,1,1,1785497349
2026-07-31T11:40:21Z,1134,10,5,9,0,0,1,1,1,1785496925
2026-07-31T11:40:21Z,1135,10,5,11,0,0,1,1,1,1785497842
2026-07-31T11:40:21Z,1136,6,0,17,0,0,1,1,1,1785496596
2026-07-31T11:40:21Z,1137,13,0,2,0,0,1,1,1,1785496812
2026-07-31T11:40:21Z,1138,17,3,2,0,0,1,1,1,1785497515
2026-07-31T11:40:21Z,1139,17,4,3,1,0,1,1,1,1785497835
2026-07-31T11:40:21Z,1140,19,0,3,1,0,1,1,1,1785497963
2026-07-31T11:40:21Z,1141,6,0,15,0,0,1,1,1,1785497677
2026-07-31T11:40:21Z,1142,2,0,19,0,0,1,1,1,1785497056
2026-07-31T11:40:21Z,1143,13,0,16,0,0,1,1,1,1785497802
2026-07-31T11:40:21Z,1144,7,1,13,1,0,1,1,1,1785496657
2026-07-31T11:40:21Z,1145,10,5,10,1,0,1,1,1,1785497879
2026-07-31T11:40:21Z,1146,2,0,15,2,0,1,1,1,1785498004
2026-07-31T11:40:21Z,1147,4,1,15,0,0,1,1,1,1785497116
2026-07-31T11:40:21Z,1148,20,6,11,0,0,1,1,1,1785497129
2026-07-31T11:40:21Z,1149,4,3,21,0,0,1,1,1,1785497896
2026-07-31T11:40:21Z,1150,14,0,5,0,0,1,1,1,1785497232
2026-07-31T11:40:21Z,1151,13,0,8,0,0,1,1,1,1785497067
2026-07-31T11:40:21Z,1152,20,0,9,0,0,1,1,1,1785498016
2026-07-31T11:40:21Z,1153,20,6,2,1,0,1,1,1,1785496956
2026-07-31T11:40:21Z,1154,13,1,6,0,0,1,1,1,1785497658
2026-07-31T11:40:21Z,1155,15,7,5,1,0,1,1,1,1785497511
2026-07-31T11:40:21Z,1158,3,0,15,1,0,1,1,1,1785496307
2026-07-31T11:40:21Z,1159,13,1,6,0,0,1,1,1,1785496663
2026-07-31T11:40:21Z,1160,8,1,10,1,0,1,1,1,1785497453
2026-07-31T11:40:21Z,1161,3,0,15,1,0,1,1,1,1785496798
2026-07-31T11:40:21Z,1162,2,1,17,0,0,1,1,1,1785497048
2026-07-31T11:40:21Z,1163,1,1,17,1,0,1,1,1,1785496425
2026-07-31T11:40:21Z,1164,6,1,13,0,0,1,1,1,1785496482
2026-07-31T11:40:21Z,1165,5,0,16,0,0,1,1,1,1785497217
2026-07-31T11:40:21Z,1166,12,2,8,1,0,1,1,1,1785496734
2026-07-31T11:40:21Z,1167,4,0,11,0,0,1,1,1,1785498001
2026-07-31T11:40:21Z,1168,1,1,21,1,0,1,1,1,1785496683
2026-07-31T11:40:21Z,1169,3,0,15,1,0,1,1,1,1785496330
2026-07-31T11:40:21Z,1170,6,0,14,1,0,1,1,1,1785496703
2026-07-31T11:40:21Z,1171,7,6,15,1,0,1,1,1,1785496379
2026-07-31T11:40:21Z,1172,6,2,7,2,0,1,1,1,1785496602
2026-07-31T11:40:21Z,1173,13,5,6,0,0,1,1,1,1785496579
2026-07-31T11:40:21Z,1174,6,3,9,0,0,1,1,1,1785496256
2026-07-31T11:40:21Z,1175,5,3,14,0,0,1,1,1,1785496110
2026-07-31T11:40:21Z,1176,19,1,2,0,0,1,1,1,1785497601
2026-07-31T11:40:21Z,1177,3,1,18,0,0,1,1,1,1785497527
2026-07-31T11:40:21Z,1178,2,1,13,0,0,1,1,1,1785496220
2026-07-31T11:40:21Z,1181,11,0,3,1,0,1,1,1,1785497946
2026-07-31T11:40:21Z,1182,3,0,17,0,0,1,1,1,1785497824
2026-07-31T11:40:21Z,1183,9,1,34,2,0,1,1,1,1785496917
2026-07-31T11:40:21Z,1184,8,2,12,1,0,1,1,1,1785497819
2026-07-31T11:40:21Z,1185,10,5,11,0,0,1,1,1,1785497656
2026-07-31T11:40:21Z,1186,9,5,10,0,0,1,1,1,1785496848
2026-07-31T11:40:21Z,1187,12,6,8,1,0,1,1,1,1785497185
2026-07-31T11:40:21Z,1188,10,5,5,0,0,1,1,1,1785496516
2026-07-31T11:40:21Z,1189,10,5,9,0,0,1,1,1,1785496608
2026-07-31T11:40:21Z,1190,9,4,12,0,0,1,1,1,1785497821
2026-07-31T11:40:21Z,1191,10,5,5,0,0,1,1,1,1785496523
2026-07-31T11:40:21Z,1192,10,6,10,1,0,1,1,1,1785496372
2026-07-31T11:40:21Z,1193,6,4,5,2,0,1,1,1,1785497364
2026-07-31T11:40:21Z,1197,9,6,7,1,0,1,1,1,1785497849
2026-07-31T11:40:21Z,1198,14,4,5,2,0,1,1,1,1785496896
2026-07-31T11:40:21Z,1199,2,0,17,0,0,1,1,1,1785496920
2026-07-31T11:40:21Z,1200,10,5,5,0,0,1,1,1,1785496558
2026-07-31T11:40:21Z,1201,10,5,5,0,0,1,1,1,1785496536
2026-07-31T11:40:21Z,1202,10,5,5,0,0,1,1,1,1785496637
2026-07-31T11:40:21Z,1203,10,5,5,0,0,1,1,1,1785496534
2026-07-31T11:40:21Z,1204,8,4,11,0,0,1,1,1,1785496774
2026-07-31T11:40:21Z,1206,11,5,10,0,0,1,1,1,1785497319
2026-07-31T11:40:21Z,1207,8,4,6,1,0,1,1,1,1785496849
2026-07-31T11:40:21Z,1208,8,3,11,0,0,1,1,1,1785496762
2026-07-31T11:40:21Z,1216,7,0,13,1,0,1,1,1,1785497549
2026-07-31T11:40:21Z,1218,4,0,17,0,0,1,1,1,1785497942
2026-07-31T11:40:21Z,1219,6,1,8,1,0,1,1,1,1785497800
2026-07-31T11:40:21Z,1220,14,7,4,1,0,1,1,1,1785497824
2026-07-31T11:40:21Z,1221,1,1,19,1,0,1,1,1,1785497255
2026-07-31T11:40:21Z,1222,26,0,3,0,0,1,1,1,1785497816
2026-07-31T11:40:21Z,1223,21,0,8,0,0,1,1,1,1785497514
2026-07-31T11:40:21Z,1226,0,0,3,0,0,0,1,1,1781868931
2026-07-31T11:40:21Z,1227,20,1,5,0,0,1,1,1,1785497265
2026-07-31T11:40:21Z,1228,15,1,14,0,0,1,1,1,1785497766
2026-07-31T11:40:21Z,1229,33,0,11,1,0,1,1,1,1785497969
2026-07-31T11:45:21Z,1,5,0,18,0,0,1,1,1,1785497381
2026-07-31T11:45:21Z,2,17,0,7,3,0,1,1,1,1785498239
2026-07-31T11:45:21Z,3,8,0,5,1,0,1,1,1,1785497278
2026-07-31T11:45:21Z,4,3,1,18,1,0,1,1,1,1785497780
2026-07-31T11:45:21Z,5,11,3,11,1,0,1,1,1,1785497818
2026-07-31T11:45:21Z,6,6,1,9,0,0,1,1,1,1785497131
2026-07-31T11:45:21Z,7,2,0,37,0,0,1,1,1,1785496278
2026-07-31T11:45:21Z,8,7,2,36,0,0,1,1,1,1785497899
2026-07-31T11:45:21Z,9,2,1,19,2,0,1,1,1,1785498020
2026-07-31T11:45:21Z,10,0,0,21,2,0,1,1,1,1785496277
2026-07-31T11:45:21Z,11,17,5,1,1,0,1,1,1,1785498283
2026-07-31T11:45:21Z,12,0,0,23,0,0,1,1,1,1785490105
2026-07-31T11:45:21Z,13,11,0,19,0,0,1,1,1,1785488834
2026-07-31T11:45:21Z,14,7,1,35,0,1,1,1,1,1785497416
2026-07-31T11:45:21Z,15,2,0,13,0,0,1,1,1,1785496271
2026-07-31T11:45:21Z,16,8,0,16,2,1,1,1,1,1785487292
2026-07-31T11:45:21Z,17,2,0,24,1,0,1,1,1,1785497797
2026-07-31T11:45:21Z,18,3,0,13,2,0,1,1,1,1785497997
2026-07-31T11:45:21Z,19,12,1,14,1,0,1,1,1,1785498073
2026-07-31T11:45:21Z,20,30,0,5,0,0,1,1,1,1785497064
2026-07-31T11:45:21Z,21,10,0,8,1,0,1,1,1,1785498251
2026-07-31T11:45:21Z,22,20,0,44,1,0,1,1,1,1785497954
2026-07-31T11:45:21Z,23,13,5,18,0,0,1,1,1,1785497060
2026-07-31T11:45:21Z,24,1,1,8,2,0,1,1,1,1785498315
2026-07-31T11:45:21Z,25,7,2,73,0,1,1,1,1,1785498253
2026-07-31T11:45:21Z,26,2,0,25,0,0,1,1,1,1785498309
2026-07-31T11:45:21Z,28,11,3,4,0,0,1,1,1,1785495670
2026-07-31T11:45:21Z,30,1,0,27,1,0,1,1,1,1785497636
2026-07-31T11:45:21Z,31,1,0,16,2,0,1,1,1,1785498217
2026-07-31T11:45:21Z,32,11,0,16,0,0,1,1,1,1785498148
2026-07-31T11:45:21Z,34,9,2,27,1,0,1,1,1,1785497498
2026-07-31T11:45:21Z,35,6,2,40,1,0,1,1,1,1785497494
2026-07-31T11:45:21Z,36,0,0,0,0,0,0,1,1,86400
2026-07-31T11:45:21Z,37,1,0,22,0,0,1,1,1,1785495848
2026-07-31T11:45:21Z,38,7,0,16,0,0,1,1,1,1785498232
2026-07-31T11:45:21Z,39,21,4,18,0,0,1,1,1,1785497619
2026-07-31T11:45:21Z,40,20,1,0,1,0,1,1,1,1785496581
2026-07-31T11:45:21Z,41,6,2,36,1,0,1,1,1,1785498159
2026-07-31T11:45:21Z,42,31,8,0,0,0,1,1,1,1785498227
2026-07-31T11:45:21Z,43,4,0,19,0,0,1,1,1,1785497380
2026-07-31T11:45:21Z,45,6,3,22,1,0,1,1,1,1785498204
2026-07-31T11:45:21Z,46,10,0,21,0,0,1,1,1,1785497748
2026-07-31T11:45:21Z,47,10,6,4,1,0,1,1,1,1785495668
2026-07-31T11:45:21Z,48,4,0,23,0,0,1,1,1,1785496252
2026-07-31T11:45:21Z,49,9,0,11,3,0,1,1,1,1785498310
2026-07-31T11:45:21Z,50,18,11,1,0,0,1,1,1,1785495744
2026-07-31T11:45:21Z,51,47,0,29,1,0,1,1,1,1785498251
2026-07-31T11:45:21Z,52,3,0,21,3,0,1,1,1,1785498271
2026-07-31T11:45:21Z,55,4,0,19,0,0,1,1,1,1785498147
2026-07-31T11:45:21Z,56,1,0,42,0,0,1,1,1,1785498069
2026-07-31T11:45:21Z,57,2,1,25,0,0,1,1,1,1785498142
2026-07-31T11:45:21Z,58,4,1,24,0,0,1,1,1,1785498287
2026-07-31T11:45:21Z,59,12,1,13,2,0,1,1,1,1785498178
2026-07-31T11:45:21Z,61,2,1,37,0,0,1,1,1,1785498010
2026-07-31T11:45:21Z,62,13,5,35,1,0,1,1,1,1785498294
2026-07-31T11:45:21Z,63,10,0,9,0,0,1,1,1,1785498095
2026-07-31T11:45:21Z,64,11,1,4,4,0,1,1,1,1785497923
2026-07-31T11:45:21Z,65,16,7,2,1,0,1,1,1,1785491350
2026-07-31T11:45:21Z,67,16,0,23,0,0,1,1,1,1785498251
2026-07-31T11:45:21Z,68,8,1,29,0,0,1,1,1,1785497966
2026-07-31T11:45:21Z,69,10,0,5,0,0,1,1,1,1785498102
2026-07-31T11:45:21Z,71,1,0,25,1,0,1,1,1,1785497448
2026-07-31T11:45:21Z,72,23,7,6,2,0,1,1,1,1785497960
2026-07-31T11:45:21Z,73,12,1,19,0,0,1,1,1,1785498295
2026-07-31T11:45:21Z,74,11,6,8,0,0,1,1,1,1785497911
2026-07-31T11:45:21Z,75,5,0,26,1,0,1,1,1,1785497947
2026-07-31T11:45:21Z,76,7,0,11,1,0,1,1,1,1785498308
2026-07-31T11:45:21Z,77,24,0,2,1,0,1,1,1,1785494000
2026-07-31T11:45:21Z,78,9,4,13,1,0,1,1,1,1785497643
2026-07-31T11:45:21Z,79,3,2,13,1,0,1,1,1,1785498195
2026-07-31T11:45:21Z,80,17,1,3,3,0,1,1,1,1785498030
2026-07-31T11:45:21Z,81,5,1,26,0,0,1,1,1,1785495915
2026-07-31T11:45:21Z,82,15,1,8,0,0,1,1,1,1785497399
2026-07-31T11:45:21Z,83,6,0,27,1,0,1,1,1,1785497935
2026-07-31T11:45:21Z,84,21,0,6,0,0,1,1,1,1785497689
2026-07-31T11:45:21Z,85,4,1,11,0,0,1,1,1,1785497620
2026-07-31T11:45:21Z,86,24,0,2,1,0,1,1,1,1785498097
2026-07-31T11:45:21Z,87,11,0,8,0,0,1,1,1,1785497467
2026-07-31T11:45:21Z,88,4,0,38,1,0,1,1,1,1785496053
2026-07-31T11:45:21Z,89,21,0,14,0,0,1,1,1,1785498292
2026-07-31T11:45:21Z,90,7,2,9,2,0,1,1,1,1785497099
2026-07-31T11:45:21Z,91,14,0,3,0,0,1,1,1,1785496160
2026-07-31T11:45:21Z,92,8,1,8,3,0,1,1,1,1785498049
2026-07-31T11:45:21Z,93,0,0,23,0,0,1,1,1,1785498071
2026-07-31T11:45:21Z,94,2,0,16,1,0,1,1,1,1785497777
2026-07-31T11:45:21Z,95,22,1,11,1,1,1,1,1,1785498244
2026-07-31T11:45:21Z,96,26,0,4,1,0,1,1,1,1785497022
2026-07-31T11:45:21Z,97,1,1,15,1,0,1,1,1,1785498180
2026-07-31T11:45:21Z,98,24,0,10,1,0,1,1,1,1785497692
2026-07-31T11:45:21Z,99,1,0,13,1,0,1,1,1,1785498067
2026-07-31T11:45:21Z,100,0,0,27,0,0,1,1,1,1785497785
2026-07-31T11:45:21Z,101,1,0,13,1,0,1,1,1,1785498192
2026-07-31T11:45:21Z,102,0,0,23,0,0,1,1,1,1785498197
2026-07-31T11:45:21Z,103,9,1,20,1,0,1,1,1,1785498074
2026-07-31T11:45:21Z,104,0,0,25,2,0,1,1,1,1785498318
2026-07-31T11:45:21Z,105,14,1,5,0,0,1,1,1,1785495616
2026-07-31T11:45:21Z,106,3,0,18,0,0,1,1,1,1785496954
2026-07-31T11:45:21Z,107,6,2,31,0,0,1,1,1,1785497895
2026-07-31T11:45:21Z,108,7,0,28,0,0,1,1,1,1785498161
2026-07-31T11:45:21Z,109,22,0,1,0,0,1,1,1,1785497908
2026-07-31T11:45:21Z,110,10,0,13,0,0,1,1,1,1785498045
2026-07-31T11:45:21Z,111,2,1,34,0,0,1,1,1,1785498231
2026-07-31T11:45:21Z,112,0,0,14,1,0,1,1,1,1785497594
2026-07-31T11:45:21Z,113,7,0,10,2,0,1,1,1,1785498297
2026-07-31T11:45:21Z,114,6,6,23,1,1,1,1,1,1785498079
2026-07-31T11:45:21Z,115,7,3,20,1,0,1,1,1,1785498129
2026-07-31T11:45:21Z,116,2,2,24,1,0,1,1,1,1785497425
2026-07-31T11:45:21Z,118,19,8,2,2,0,1,1,1,1785497380
2026-07-31T11:45:21Z,119,22,0,12,4,0,1,1,1,1785498274
2026-07-31T11:45:21Z,120,20,0,6,1,0,1,1,1,1785498065
2026-07-31T11:45:21Z,121,1,0,17,0,1,1,1,1,1785498165
2026-07-31T11:45:21Z,122,7,1,13,1,0,1,1,1,1785497828
2026-07-31T11:45:21Z,123,10,2,37,0,0,1,1,1,1785497302
2026-07-31T11:45:21Z,124,25,0,10,0,0,1,1,1,1785498098
2026-07-31T11:45:21Z,125,5,4,18,0,0,1,1,1,1785497560
2026-07-31T11:45:21Z,126,25,2,6,0,0,1,1,1,1785498113
2026-07-31T11:45:21Z,127,30,1,3,2,0,1,1,1,1785498162
2026-07-31T11:45:21Z,128,14,0,5,0,0,1,1,1,1785498126
2026-07-31T11:45:21Z,129,14,1,4,1,0,1,1,1,1785498067
2026-07-31T11:45:21Z,130,5,1,12,0,0,1,1,1,1785495263
2026-07-31T11:45:21Z,131,9,3,0,2,0,1,1,1,1785495384
2026-07-31T11:45:21Z,132,13,6,1,0,1,1,1,1,1785494491
2026-07-31T11:45:21Z,134,2,0,17,4,0,1,1,1,1785498202
2026-07-31T11:45:21Z,135,6,4,12,1,0,1,1,1,1785498110
2026-07-31T11:45:21Z,136,5,0,10,1,7,1,1,1,1785498276
2026-07-31T11:45:21Z,137,5,1,14,0,0,1,1,1,1785498106
2026-07-31T11:45:21Z,138,33,2,4,0,0,1,1,1,1785498176
2026-07-31T11:45:21Z,139,13,2,6,0,0,1,1,1,1785498288
2026-07-31T11:45:21Z,140,6,6,15,2,0,1,1,1,1785498315
2026-07-31T11:45:21Z,141,31,0,5,0,0,1,1,1,1785497887
2026-07-31T11:45:21Z,142,20,0,3,0,0,1,1,1,1785498062
2026-07-31T11:45:21Z,143,8,0,23,0,0,1,1,1,1785498076
2026-07-31T11:45:21Z,144,21,0,6,0,0,1,1,1,1785498275
2026-07-31T11:45:21Z,146,5,1,17,1,0,1,1,1,1785495397
2026-07-31T11:45:21Z,147,13,2,4,2,0,1,1,1,1785498175
2026-07-31T11:45:21Z,148,18,0,8,0,1,1,1,1,1785498296
2026-07-31T11:45:21Z,149,17,3,10,0,0,1,1,1,1785496243
2026-07-31T11:45:21Z,150,20,5,12,3,0,1,1,1,1785498313
2026-07-31T11:45:21Z,151,16,6,7,0,0,1,1,1,1785498001
2026-07-31T11:45:21Z,152,15,2,8,4,0,1,1,1,1785498045
2026-07-31T11:45:21Z,153,10,1,14,7,0,1,1,1,1785498208
2026-07-31T11:45:21Z,154,15,3,5,3,0,1,1,1,1785498223
2026-07-31T11:45:21Z,155,10,4,3,1,0,1,1,1,1785498155
2026-07-31T11:45:21Z,156,6,0,13,0,0,1,1,1,1785497385
2026-07-31T11:45:21Z,157,7,0,18,2,0,1,1,1,1785498203
2026-07-31T11:45:21Z,158,14,2,2,0,0,1,1,1,1785498101
2026-07-31T11:45:21Z,159,0,0,19,0,0,1,1,1,1785497085
2026-07-31T11:45:21Z,160,13,0,6,0,0,1,1,1,1785497454
2026-07-31T11:45:21Z,161,21,4,1,0,0,1,1,1,1785498270
2026-07-31T11:45:21Z,162,12,0,14,1,0,1,1,1,1785496015
2026-07-31T11:45:21Z,163,21,2,9,0,1,1,1,1,1785498084
2026-07-31T11:45:21Z,164,24,7,3,0,0,1,1,1,1785497948
2026-07-31T11:45:21Z,165,22,11,8,1,0,1,1,1,1785498284
2026-07-31T11:45:21Z,166,29,8,6,4,0,1,1,1,1785498317
2026-07-31T11:45:21Z,167,13,7,9,1,0,1,1,1,1785498145
2026-07-31T11:45:21Z,168,20,2,5,2,0,1,1,1,1785498254
2026-07-31T11:45:21Z,169,2,0,20,0,1,1,1,1,1785497451
2026-07-31T11:45:21Z,170,18,6,0,1,0,1,1,1,1785498281
2026-07-31T11:45:21Z,171,8,2,3,2,0,1,1,1,1785498023
2026-07-31T11:45:21Z,173,35,0,4,0,0,1,1,1,1785497384
2026-07-31T11:45:21Z,174,18,1,6,2,0,1,1,1,1785498190
2026-07-31T11:45:21Z,175,9,0,22,0,0,1,1,1,1785497471
2026-07-31T11:45:21Z,176,4,1,9,1,1,1,1,1,1785498184
2026-07-31T11:45:21Z,177,15,1,12,0,0,1,1,1,1785497894
2026-07-31T11:45:21Z,178,1,0,11,2,1,1,1,1,1785498318
2026-07-31T11:45:21Z,179,9,0,5,1,0,1,1,1,1785498132
2026-07-31T11:45:21Z,180,2,0,28,0,0,1,1,1,1785497022
2026-07-31T11:45:21Z,181,11,0,4,0,0,1,1,1,1785497057
2026-07-31T11:45:21Z,182,8,0,9,0,0,1,1,1,1785497660
2026-07-31T11:45:21Z,183,10,0,13,1,0,1,1,1,1785498173
2026-07-31T11:45:21Z,184,6,1,16,1,0,1,1,1,1785498039
2026-07-31T11:45:21Z,185,11,0,1,2,1,1,1,1,1785497486
2026-07-31T11:45:21Z,186,4,1,15,0,0,1,1,1,1785497557
2026-07-31T11:45:21Z,187,9,0,18,1,0,1,1,1,1785497511
2026-07-31T11:45:21Z,188,9,0,10,8,0,1,1,1,1785498030
2026-07-31T11:45:21Z,189,11,3,3,1,0,1,1,1,1785498211
2026-07-31T11:45:21Z,190,9,2,14,0,0,1,1,1,1785498288
2026-07-31T11:45:21Z,191,4,1,35,0,0,1,1,1,1785497567
2026-07-31T11:45:21Z,192,9,1,19,3,0,1,1,1,1785496653
2026-07-31T11:45:21Z,193,0,0,15,0,0,1,1,1,1785498041
2026-07-31T11:45:21Z,194,12,1,14,1,0,1,1,1,1785495357
2026-07-31T11:45:21Z,195,10,3,9,0,0,1,1,1,1785497798
2026-07-31T11:45:21Z,196,12,2,14,1,0,1,1,1,1785498282
2026-07-31T11:45:21Z,197,15,5,3,0,1,1,1,1,1785497638
2026-07-31T11:45:21Z,198,16,15,6,1,0,1,1,1,1785498213
2026-07-31T11:45:21Z,199,4,4,10,1,0,1,1,1,1785498237
2026-07-31T11:45:21Z,200,11,0,14,1,0,1,1,1,1785497537
2026-07-31T11:45:21Z,201,1,1,22,0,0,1,1,1,1785497505
2026-07-31T11:45:21Z,202,0,0,27,0,0,1,1,1,1785494022
2026-07-31T11:45:21Z,203,26,2,4,1,0,1,1,1,1785497162
2026-07-31T11:45:21Z,204,25,0,9,1,0,1,1,1,1785496494
2026-07-31T11:45:21Z,205,9,1,18,0,0,1,1,1,1785498280
2026-07-31T11:45:21Z,206,3,3,12,0,0,1,1,1,1785498194
2026-07-31T11:45:21Z,207,12,0,9,0,0,1,1,1,1785495428
2026-07-31T11:45:21Z,208,7,1,22,0,0,1,1,1,1785498192
2026-07-31T11:45:21Z,209,4,0,24,3,0,1,1,1,1785498076
2026-07-31T11:45:21Z,210,23,1,4,0,0,1,1,1,1785497430
2026-07-31T11:45:21Z,211,10,4,11,2,0,1,1,1,1785497417
2026-07-31T11:45:21Z,212,24,1,10,1,0,1,1,1,1785498264
2026-07-31T11:45:21Z,213,10,1,11,2,0,1,1,1,1785498064
2026-07-31T11:45:21Z,214,19,0,25,3,0,1,1,1,1785498176
2026-07-31T11:45:21Z,215,4,2,18,1,0,1,1,1,1785497789
2026-07-31T11:45:21Z,216,6,0,12,1,0,1,1,1,1785497477
2026-07-31T11:45:21Z,217,8,0,20,1,0,1,1,1,1785498107
2026-07-31T11:45:21Z,218,17,5,20,2,0,1,1,1,1785498220
2026-07-31T11:45:21Z,219,6,1,19,1,0,1,1,1,1785497884
2026-07-31T11:45:21Z,220,22,5,20,0,1,1,1,1,1785497756
2026-07-31T11:45:21Z,221,7,6,6,2,0,1,1,1,1785498174
2026-07-31T11:45:21Z,222,11,11,8,0,0,1,1,1,1785497487
2026-07-31T11:45:21Z,223,13,3,18,4,0,1,1,1,1785498256
2026-07-31T11:45:21Z,224,8,5,14,0,0,1,1,1,1785497925
2026-07-31T11:45:21Z,225,13,1,0,6,0,1,1,1,1785496731
2026-07-31T11:45:21Z,226,29,9,0,2,0,1,1,1,1785498283
2026-07-31T11:45:21Z,227,24,14,1,1,1,1,1,1,1785498178
2026-07-31T11:45:21Z,228,0,0,18,1,0,1,1,1,1785498078
2026-07-31T11:45:21Z,230,13,6,13,0,0,1,1,1,1785497795
2026-07-31T11:45:21Z,232,12,6,4,1,0,1,1,1,1785498018
2026-07-31T11:45:21Z,233,15,0,14,2,0,1,1,1,1785498008
2026-07-31T11:45:21Z,234,7,3,7,3,2,1,1,1,1785497297
2026-07-31T11:45:21Z,236,8,1,11,0,0,1,1,1,1785498119
2026-07-31T11:45:21Z,237,20,5,2,1,0,1,1,1,1785497927
2026-07-31T11:45:21Z,239,22,18,2,3,0,1,1,1,1785498122
2026-07-31T11:45:21Z,241,16,5,6,1,0,1,1,1,1785498298
2026-07-31T11:45:21Z,242,10,3,11,2,0,1,1,1,1785498078
2026-07-31T11:45:21Z,243,10,1,20,1,0,1,1,1,1785497638
2026-07-31T11:45:21Z,244,11,2,15,1,0,1,1,1,1785498104
2026-07-31T11:45:21Z,245,5,4,18,0,0,1,1,1,1785497360
2026-07-31T11:45:21Z,246,15,0,8,0,0,1,1,1,1785498300
2026-07-31T11:45:21Z,247,11,10,11,1,0,1,1,1,1785495667
2026-07-31T11:45:21Z,248,18,4,3,2,0,1,1,1,1785498173
2026-07-31T11:45:21Z,249,2,1,17,0,0,1,1,1,1785497954
2026-07-31T11:45:21Z,250,20,6,7,0,0,1,1,1,1785498290
2026-07-31T11:45:21Z,251,20,5,5,2,0,1,1,1,1785497216
2026-07-31T11:45:21Z,253,7,2,12,0,0,1,1,1,1785496816
2026-07-31T11:45:21Z,254,19,19,23,1,0,1,1,1,1785498297
2026-07-31T11:45:21Z,255,0,0,22,0,1,1,1,1,1785498267
2026-07-31T11:45:21Z,256,5,4,16,2,0,1,1,1,1785498199
2026-07-31T11:45:21Z,257,11,5,8,0,0,1,1,1,1785497849
2026-07-31T11:45:21Z,258,18,0,1,0,0,1,1,1,1785497576
2026-07-31T11:45:21Z,259,20,2,2,0,1,1,1,1,1785498216
2026-07-31T11:45:21Z,260,10,2,6,3,0,1,1,1,1785498293
2026-07-31T11:45:21Z,261,11,0,6,1,1,1,1,1,1785498299
2026-07-31T11:45:21Z,262,13,9,9,1,0,1,1,1,1785498283
2026-07-31T11:45:21Z,263,9,0,6,0,0,1,1,1,1785498191
2026-07-31T11:45:21Z,264,10,2,6,3,0,1,1,1,1785497711
2026-07-31T11:45:21Z,265,11,0,4,0,0,1,1,1,1785498197
2026-07-31T11:45:21Z,266,12,7,5,2,0,1,1,1,1785497896
2026-07-31T11:45:21Z,267,6,2,7,2,0,1,1,1,1785496732
2026-07-31T11:45:21Z,268,23,9,0,0,0,1,1,1,1785484887
2026-07-31T11:45:21Z,269,8,3,15,0,0,1,1,1,1785496011
2026-07-31T11:45:21Z,270,23,1,4,0,0,1,1,1,1785491481
2026-07-31T11:45:21Z,271,3,0,14,2,0,1,1,1,1785496257
2026-07-31T11:45:21Z,272,13,12,10,0,0,1,1,1,1785497902
2026-07-31T11:45:21Z,273,13,5,2,0,0,1,1,1,1785492772
2026-07-31T11:45:21Z,274,13,5,4,2,0,1,1,1,1785498047
2026-07-31T11:45:21Z,275,16,0,7,0,0,1,1,1,1785497687
2026-07-31T11:45:21Z,276,3,2,24,0,0,1,1,1,1785496927
2026-07-31T11:45:21Z,277,12,1,6,5,0,1,1,1,1785497428
2026-07-31T11:45:21Z,278,13,1,15,2,1,1,1,1,1785498159
2026-07-31T11:45:21Z,279,15,0,4,0,0,1,1,1,1785497721
2026-07-31T11:45:21Z,280,10,2,18,3,0,1,1,1,1785498267
2026-07-31T11:45:21Z,281,19,0,0,0,0,1,1,1,1785486089
2026-07-31T11:45:21Z,282,5,2,13,0,0,1,1,1,1785484887
2026-07-31T11:45:21Z,283,31,1,4,0,0,1,1,1,1785498313
2026-07-31T11:45:21Z,284,15,2,18,2,0,1,1,1,1785497411
2026-07-31T11:45:21Z,285,8,7,15,0,0,1,1,1,1785485188
2026-07-31T11:45:21Z,286,11,11,8,4,0,1,1,1,1785498140
2026-07-31T11:45:21Z,287,15,4,5,3,0,1,1,1,1785497573
2026-07-31T11:45:21Z,288,13,7,6,0,0,1,1,1,1785498074
2026-07-31T11:45:21Z,289,19,1,5,3,0,1,1,1,1785498118
2026-07-31T11:45:21Z,290,5,0,33,1,0,1,1,1,1785498173
2026-07-31T11:45:21Z,291,5,0,16,2,0,1,1,1,1785497426
2026-07-31T11:45:21Z,292,21,1,1,1,0,1,1,1,1785497717
2026-07-31T11:45:21Z,293,15,10,8,0,0,1,1,1,1785497530
2026-07-31T11:45:21Z,294,1,1,20,1,0,1,1,1,1785493458
2026-07-31T11:45:21Z,297,14,3,3,1,1,1,1,1,1785498278
2026-07-31T11:45:21Z,301,17,0,2,0,0,1,1,1,1785496440
2026-07-31T11:45:21Z,302,3,0,20,0,0,1,1,1,1785497714
2026-07-31T11:45:21Z,303,15,0,4,0,0,1,1,1,1785497900
2026-07-31T11:45:21Z,304,0,0,0,0,0,0,1,1,86400
2026-07-31T11:45:21Z,305,3,0,15,1,0,1,1,1,1785498314
2026-07-31T11:45:21Z,306,3,0,28,1,0,1,1,1,1785495144
2026-07-31T11:45:21Z,307,16,0,5,1,1,1,1,1,1785498237
2026-07-31T11:45:21Z,308,17,0,0,2,0,1,1,1,1785496461
2026-07-31T11:45:21Z,309,12,3,1,1,0,1,1,1,1785495417
2026-07-31T11:45:21Z,311,14,0,1,0,0,1,1,1,1785497436
2026-07-31T11:45:21Z,312,4,2,15,3,1,1,1,1,1785498079
2026-07-31T11:45:21Z,313,3,1,12,0,0,1,1,1,1785486991
2026-07-31T11:45:21Z,314,4,3,11,3,0,1,1,1,1785486991
2026-07-31T11:45:21Z,315,21,5,8,2,0,1,1,1,1785497348
2026-07-31T11:45:21Z,316,0,0,25,5,1,1,1,1,1785498006
2026-07-31T11:45:21Z,317,22,0,8,0,1,1,1,1,1785498240
2026-07-31T11:45:21Z,318,16,0,3,0,0,1,1,1,1785486991
2026-07-31T11:45:21Z,319,20,4,2,1,0,1,1,1,1785498233
2026-07-31T11:45:21Z,320,15,4,3,1,0,1,1,1,1785498278
2026-07-31T11:45:21Z,321,8,2,7,4,0,1,1,1,1785498184
2026-07-31T11:45:21Z,322,6,1,22,1,0,1,1,1,1785497204
2026-07-31T11:45:21Z,323,10,0,9,0,0,1,1,1,1785496848
2026-07-31T11:45:21Z,324,21,5,4,2,0,1,1,1,1785498316
2026-07-31T11:45:21Z,325,6,3,18,3,0,1,1,1,1785498047
2026-07-31T11:45:21Z,327,23,0,3,1,0,1,1,1,1785497570
2026-07-31T11:45:21Z,328,13,0,8,1,0,1,1,1,1785497922
2026-07-31T11:45:21Z,329,16,0,1,2,0,1,1,1,1785496402
2026-07-31T11:45:21Z,330,2,0,20,0,0,1,1,1,1785497841
2026-07-31T11:45:21Z,331,7,2,15,1,0,1,1,1,1785497175
2026-07-31T11:45:21Z,332,10,2,7,2,0,1,1,1,1785495613
2026-07-31T11:45:21Z,333,0,0,22,1,0,1,1,1,1785497774
2026-07-31T11:45:21Z,334,8,8,15,0,0,1,1,1,1785498007
2026-07-31T11:45:21Z,335,2,1,19,1,1,1,1,1,1785496901
2026-07-31T11:45:21Z,336,17,2,2,0,0,1,1,1,1785496291
2026-07-31T11:45:21Z,337,14,3,4,5,0,1,1,1,1785498250
2026-07-31T11:45:21Z,338,13,6,6,0,0,1,1,1,1785496612
2026-07-31T11:45:21Z,339,4,2,18,1,0,1,1,1,1785498286
2026-07-31T11:45:21Z,340,11,10,3,1,0,1,1,1,1785497703
2026-07-31T11:45:21Z,341,4,1,15,0,0,1,1,1,1785498049
2026-07-31T11:45:21Z,342,7,3,5,3,0,1,1,1,1785497280
2026-07-31T11:45:21Z,343,20,1,2,1,0,1,1,1,1785497528
2026-07-31T11:45:21Z,344,23,9,0,0,0,1,1,1,1785488186
2026-07-31T11:45:21Z,345,16,3,3,0,0,1,1,1,1785498182
2026-07-31T11:45:21Z,346,10,6,13,0,0,1,1,1,1785496194
2026-07-31T11:45:21Z,347,34,5,8,2,0,1,1,1,1785498307
2026-07-31T11:45:21Z,348,21,2,0,1,1,1,1,1,1785498187
2026-07-31T11:45:21Z,349,8,2,11,0,0,1,1,1,1785496603
2026-07-31T11:45:21Z,350,20,3,5,1,1,1,1,1,1785498146
2026-07-31T11:45:21Z,351,14,2,6,3,0,1,1,1,1785498181
2026-07-31T11:45:21Z,355,20,1,3,0,0,1,1,1,1785498026
2026-07-31T11:45:21Z,356,16,0,2,1,0,1,1,1,1785493586
2026-07-31T11:45:21Z,357,8,4,11,0,0,1,1,1,1785496664
2026-07-31T11:45:21Z,358,21,4,5,1,0,1,1,1,1785498282
2026-07-31T11:45:21Z,359,16,0,11,0,0,1,1,1,1785497818
2026-07-31T11:45:21Z,360,13,3,4,2,0,1,1,1,1785498105
2026-07-31T11:45:21Z,362,12,1,3,4,0,1,1,1,1785498227
2026-07-31T11:45:21Z,363,4,0,23,0,0,1,1,1,1785498180
2026-07-31T11:45:21Z,364,16,3,3,0,0,1,1,1,1785498287
2026-07-31T11:45:21Z,365,13,1,6,4,0,1,1,1,1785497858
2026-07-31T11:45:21Z,366,6,5,10,7,0,1,1,1,1785498297
2026-07-31T11:45:21Z,367,14,9,4,1,0,1,1,1,1785497713
2026-07-31T11:45:21Z,368,16,3,5,2,0,1,1,1,1785498223
2026-07-31T11:45:21Z,370,8,6,19,0,0,1,1,1,1785497513
2026-07-31T11:45:21Z,371,4,0,14,1,0,1,1,1,1785497231
2026-07-31T11:45:21Z,372,5,1,10,0,0,1,1,1,1785498130
2026-07-31T11:45:21Z,373,25,9,2,0,0,1,1,1,1785493650
2026-07-31T11:45:21Z,374,14,6,3,2,0,1,1,1,1785498225
2026-07-31T11:45:21Z,375,20,7,3,4,0,1,1,1,1785498231
2026-07-31T11:45:21Z,376,30,5,4,5,0,1,1,1,1785497973
2026-07-31T11:45:21Z,377,22,9,5,0,0,1,1,1,1785498027
2026-07-31T11:45:21Z,378,17,5,5,1,1,1,1,1,1785498140
2026-07-31T11:45:21Z,379,13,1,14,0,0,1,1,1,1785498077
2026-07-31T11:45:21Z,380,19,6,4,0,0,1,1,1,1785496843
2026-07-31T11:45:21Z,381,6,0,17,0,0,1,1,1,1785497450
2026-07-31T11:45:21Z,383,10,0,4,1,0,1,1,1,1785498022
2026-07-31T11:45:21Z,384,21,1,5,1,0,1,1,1,1785498206
2026-07-31T11:45:21Z,385,15,4,1,2,0,1,1,1,1785497447
2026-07-31T11:45:21Z,387,20,2,3,0,0,1,1,1,1785496960
2026-07-31T11:45:21Z,388,18,2,31,0,0,1,1,1,1785497883
2026-07-31T11:45:21Z,389,8,7,7,0,0,1,1,1,1785495116
2026-07-31T11:45:21Z,390,14,0,21,0,0,1,1,1,1785498138
2026-07-31T11:45:21Z,391,3,0,11,1,0,1,1,1,1785497329
2026-07-31T11:45:21Z,392,2,2,16,1,0,1,1,1,1785498123
2026-07-31T11:45:21Z,393,3,3,5,3,0,1,1,1,1785487292
2026-07-31T11:45:21Z,394,6,4,5,2,0,1,1,1,1785498256
2026-07-31T11:45:21Z,396,11,7,28,3,0,1,1,1,1785497512
2026-07-31T11:45:21Z,397,5,5,26,0,0,1,1,1,1785497106
2026-07-31T11:45:21Z,399,11,0,4,2,0,1,1,1,1785497544
2026-07-31T11:45:21Z,400,10,5,9,4,0,1,1,1,1785496543
2026-07-31T11:45:21Z,401,4,0,27,8,0,1,1,1,1785498288
2026-07-31T11:45:21Z,403,18,0,9,4,0,1,1,1,1785498213
2026-07-31T11:45:21Z,404,1,1,21,1,0,1,1,1,1785497981
2026-07-31T11:45:21Z,406,2,2,32,1,0,1,1,1,1785497256
2026-07-31T11:45:21Z,407,16,3,17,1,0,1,1,1,1785498083
2026-07-31T11:45:21Z,408,13,3,18,2,0,1,1,1,1785497327
2026-07-31T11:45:21Z,409,2,0,18,3,0,1,1,1,1785498301
2026-07-31T11:45:21Z,413,19,4,2,2,0,1,1,1,1785498044
2026-07-31T11:45:21Z,414,8,2,6,1,0,1,1,1,1785498265
2026-07-31T11:45:21Z,417,10,8,9,0,0,1,1,1,1785497956
2026-07-31T11:45:21Z,418,0,0,15,0,0,1,1,1,1785497765
2026-07-31T11:45:21Z,419,12,1,11,0,0,1,1,1,1785498303
2026-07-31T11:45:21Z,421,2,0,17,0,0,1,1,1,1785496453
2026-07-31T11:45:21Z,422,4,3,22,1,0,1,1,1,1785493261
2026-07-31T11:45:21Z,423,3,2,20,0,0,1,1,1,1785495719
2026-07-31T11:45:21Z,424,6,2,6,3,0,1,1,1,1785498137
2026-07-31T11:45:21Z,425,16,0,5,0,1,1,1,1,1785497662
2026-07-31T11:45:21Z,426,3,0,32,2,0,1,1,1,1785498295
2026-07-31T11:45:21Z,427,12,1,2,1,0,1,1,1,1785498058
2026-07-31T11:45:21Z,428,17,2,1,1,0,1,1,1,1785498138
2026-07-31T11:45:21Z,429,3,2,18,2,0,1,1,1,1785497787
2026-07-31T11:45:21Z,430,27,0,1,3,0,1,1,1,1785498264
2026-07-31T11:45:21Z,431,15,0,17,1,0,1,1,1,1785495603
2026-07-31T11:45:21Z,432,16,0,13,2,0,0,1,1,1785497862
2026-07-31T11:45:21Z,433,18,5,3,2,0,1,1,1,1785495888
2026-07-31T11:45:21Z,437,4,4,14,1,0,1,1,1,1785498226
2026-07-31T11:45:21Z,438,16,0,2,1,0,1,1,1,1785498065
2026-07-31T11:45:21Z,439,5,0,10,0,0,1,1,1,1785498203
2026-07-31T11:45:21Z,440,11,3,2,2,0,1,1,1,1785497649
2026-07-31T11:45:21Z,441,12,1,2,1,0,1,1,1,1785495062
2026-07-31T11:45:21Z,442,17,10,1,1,0,1,1,1,1785497561
2026-07-31T11:45:21Z,443,4,2,23,0,0,1,1,1,1785485488
2026-07-31T11:45:21Z,444,2,2,21,0,0,1,1,1,1785485488
2026-07-31T11:45:21Z,445,7,2,15,1,0,1,1,1,1785498287
2026-07-31T11:45:21Z,446,0,0,22,1,0,1,1,1,1785494652
2026-07-31T11:45:21Z,447,3,0,18,1,1,1,1,1,1785496389
2026-07-31T11:45:21Z,448,9,4,5,1,0,1,1,1,1785487895
2026-07-31T11:45:21Z,452,6,4,12,1,0,1,1,1,1785498196
2026-07-31T11:45:21Z,453,6,5,8,1,0,1,1,1,1785498030
2026-07-31T11:45:21Z,454,8,0,11,0,0,1,1,1,1785498041
2026-07-31T11:45:21Z,455,4,2,35,0,0,1,1,1,1785497844
2026-07-31T11:45:21Z,456,8,0,11,1,0,1,1,1,1785498220
2026-07-31T11:45:21Z,457,24,2,1,2,0,1,1,1,1785497302
2026-07-31T11:45:21Z,458,11,4,12,0,0,1,1,1,1785497899
2026-07-31T11:45:21Z,459,14,0,1,0,0,1,1,1,1785496514
2026-07-31T11:45:21Z,460,17,2,5,1,0,1,1,1,1785497859
2026-07-31T11:45:21Z,461,6,1,13,0,0,1,1,1,1785498194
2026-07-31T11:45:21Z,462,16,1,5,0,0,1,1,1,1785498176
2026-07-31T11:45:21Z,463,11,1,8,0,0,1,1,1,1785497740
2026-07-31T11:45:21Z,464,4,1,10,0,0,1,1,1,1785498095
2026-07-31T11:45:21Z,465,0,0,14,1,0,1,1,1,1785496369
2026-07-31T11:45:21Z,466,12,3,1,2,0,1,1,1,1785497185
2026-07-31T11:45:21Z,467,1,1,18,0,0,1,1,1,1785497262
2026-07-31T11:45:21Z,468,17,1,1,1,0,1,1,1,1785485789
2026-07-31T11:45:21Z,469,1,1,22,0,0,1,1,1,1785497045
2026-07-31T11:45:21Z,470,10,1,3,2,0,1,1,1,1785498078
2026-07-31T11:45:21Z,471,22,2,5,0,0,1,1,1,1785487895
2026-07-31T11:45:21Z,472,14,4,4,1,0,1,1,1,1785498027
2026-07-31T11:45:21Z,473,18,4,0,1,0,1,1,1,1785497996
2026-07-31T11:45:21Z,474,15,0,4,0,0,1,1,1,1785495804
2026-07-31T11:45:21Z,475,4,1,14,1,0,1,1,1,1785497991
2026-07-31T11:45:21Z,477,7,5,7,1,0,1,1,1,1785497500
2026-07-31T11:45:21Z,478,6,0,24,1,0,1,1,1,1785497784
2026-07-31T11:45:21Z,479,5,0,21,1,0,1,1,1,1785498047
2026-07-31T11:45:21Z,480,3,0,9,3,0,1,1,1,1785495583
2026-07-31T11:45:21Z,481,28,0,6,1,0,1,1,1,1785498114
2026-07-31T11:45:21Z,482,17,6,2,0,0,1,1,1,1785495430
2026-07-31T11:45:21Z,483,1,0,24,2,0,1,1,1,1785498010
2026-07-31T11:45:21Z,484,3,1,15,1,0,1,1,1,1785498130
2026-07-31T11:45:21Z,485,15,6,2,1,1,1,1,1,1785498080
2026-07-31T11:45:21Z,486,21,4,3,3,0,1,1,1,1785498077
2026-07-31T11:45:21Z,487,2,2,16,1,0,1,1,1,1785498289
2026-07-31T11:45:21Z,489,6,3,7,2,0,1,1,1,1785498308
2026-07-31T11:45:21Z,490,2,1,14,0,0,1,1,1,1785497883
2026-07-31T11:45:21Z,491,3,1,18,0,0,1,1,1,1785497536
2026-07-31T11:45:21Z,492,4,2,3,4,0,1,1,1,1785498316
2026-07-31T11:45:21Z,493,1,0,25,1,0,1,1,1,1785496554
2026-07-31T11:45:21Z,495,10,1,2,3,0,1,1,1,1785497254
2026-07-31T11:45:21Z,496,22,1,5,0,0,1,1,1,1785497585
2026-07-31T11:45:21Z,497,12,0,6,1,0,1,1,1,1785496693
2026-07-31T11:45:21Z,498,21,3,1,1,0,1,1,1,1785498269
2026-07-31T11:45:21Z,499,14,0,4,1,0,1,1,1,1785497022
2026-07-31T11:45:21Z,500,5,2,4,6,0,1,1,1,1785498077
2026-07-31T11:45:21Z,501,12,5,9,0,0,1,1,1,1785496130
2026-07-31T11:45:21Z,502,7,0,12,0,0,1,1,1,1785497133
2026-07-31T11:45:21Z,503,24,0,6,1,0,1,1,1,1785498304
2026-07-31T11:45:21Z,504,6,1,33,0,0,1,1,1,1785497785
2026-07-31T11:45:21Z,505,7,0,4,1,0,1,1,1,1785497922
2026-07-31T11:45:21Z,511,8,3,15,0,0,1,1,1,1785498191
2026-07-31T11:45:21Z,512,8,0,19,0,0,1,1,1,1785498168
2026-07-31T11:45:21Z,514,7,0,3,1,0,1,1,1,1785497051
2026-07-31T11:45:21Z,515,2,0,17,0,0,1,1,1,1785497478
2026-07-31T11:45:21Z,516,4,0,23,0,0,1,1,1,1785496994
2026-07-31T11:45:21Z,517,12,1,10,1,0,1,1,1,1785497817
2026-07-31T11:45:21Z,518,13,1,1,1,0,1,1,1,1785494366
2026-07-31T11:45:21Z,519,2,0,15,2,0,1,1,1,1785497842
2026-07-31T11:45:21Z,520,10,6,11,5,1,1,1,1,1785498315
2026-07-31T11:45:21Z,521,17,4,6,0,0,1,1,1,1785497490
2026-07-31T11:45:21Z,522,0,0,22,1,0,1,1,1,1785496158
2026-07-31T11:45:21Z,523,6,4,16,1,0,1,1,1,1785494750
2026-07-31T11:45:21Z,524,0,0,23,0,0,1,1,1,1785494956
2026-07-31T11:45:21Z,525,9,0,10,0,0,1,1,1,1785497698
2026-07-31T11:45:21Z,526,13,1,0,2,0,1,1,1,1785486390
2026-07-31T11:45:21Z,527,6,3,17,3,0,1,1,1,1785498116
2026-07-31T11:45:21Z,528,19,1,3,1,0,1,1,1,1785498176
2026-07-31T11:45:21Z,529,6,3,7,6,0,1,1,1,1785498318
2026-07-31T11:45:21Z,530,8,0,11,2,0,1,1,1,1785497983
2026-07-31T11:45:21Z,531,18,0,3,1,1,1,1,1,1785496463
2026-07-31T11:45:21Z,532,3,3,27,1,0,1,1,1,1785488341
2026-07-31T11:45:21Z,533,6,0,11,2,0,1,1,1,1785496728
2026-07-31T11:45:21Z,534,10,1,12,1,0,1,1,1,1785498281
2026-07-31T11:45:21Z,535,3,0,12,0,0,1,1,1,1785494305
2026-07-31T11:45:21Z,536,20,0,3,0,0,1,1,1,1785497930
2026-07-31T11:45:21Z,537,4,0,16,0,0,1,1,1,1785497667
2026-07-31T11:45:21Z,538,17,5,4,0,2,1,1,1,1785498178
2026-07-31T11:45:21Z,539,4,4,27,0,0,1,1,1,1785497708
2026-07-31T11:45:21Z,540,0,0,19,0,0,1,1,1,1785496523
2026-07-31T11:45:21Z,541,20,2,6,1,0,1,1,1,1785498072
2026-07-31T11:45:21Z,542,10,5,12,1,0,1,1,1,1785498156
2026-07-31T11:45:21Z,543,14,2,4,1,0,1,1,1,1785496633
2026-07-31T11:45:21Z,544,10,1,8,4,0,1,1,1,1785497947
2026-07-31T11:45:21Z,545,4,0,13,2,0,1,1,1,1785498052
2026-07-31T11:45:21Z,546,11,6,8,0,0,1,1,1,1785498306
2026-07-31T11:45:21Z,547,18,1,7,0,0,1,1,1,1785497849
2026-07-31T11:45:21Z,548,15,1,8,0,0,1,1,1,1785495571
2026-07-31T11:45:21Z,549,16,0,7,0,0,1,1,1,1785498028
2026-07-31T11:45:21Z,550,9,0,10,0,0,1,1,1,1785498007
2026-07-31T11:45:21Z,551,12,4,11,0,0,1,1,1,1785498105
2026-07-31T11:45:21Z,552,27,3,0,0,0,1,1,1,1785498314
2026-07-31T11:45:21Z,553,15,3,7,0,1,1,1,1,1785498256
2026-07-31T11:45:21Z,554,1,1,18,0,0,1,1,1,1785486691
2026-07-31T11:45:21Z,555,11,4,3,1,0,1,1,1,1785496928
2026-07-31T11:45:21Z,556,18,4,3,2,0,1,1,1,1785498229
2026-07-31T11:45:21Z,557,8,4,10,5,0,1,1,1,1785497799
2026-07-31T11:45:21Z,558,32,4,5,0,0,1,1,1,1785498310
2026-07-31T11:45:21Z,559,0,0,17,2,0,1,1,1,1785497493
2026-07-31T11:45:21Z,560,8,0,19,0,0,1,1,1,1785497877
2026-07-31T11:45:21Z,561,15,1,7,1,0,1,1,1,1785497866
2026-07-31T11:45:21Z,562,3,0,29,3,0,1,1,1,1785486691
2026-07-31T11:45:21Z,563,8,0,6,0,0,1,1,1,1785498173
2026-07-31T11:45:21Z,564,8,0,10,1,0,1,1,1,1785497662
2026-07-31T11:45:21Z,565,5,1,14,0,0,1,1,1,1785498075
2026-07-31T11:45:21Z,566,15,1,3,1,0,1,1,1,1785498024
2026-07-31T11:45:21Z,567,26,1,0,1,0,1,1,1,1785493771
2026-07-31T11:45:21Z,568,16,0,2,1,0,1,1,1,1785496988
2026-07-31T11:45:21Z,569,16,2,3,0,0,1,1,1,1785496200
2026-07-31T11:45:21Z,570,7,0,12,0,0,1,1,1,1785498257
2026-07-31T11:45:21Z,571,7,0,16,0,0,1,1,1,1785498210
2026-07-31T11:45:21Z,572,11,4,7,1,0,1,1,1,1785497951
2026-07-31T11:45:21Z,573,10,0,5,0,0,1,1,1,1785498110
2026-07-31T11:45:21Z,574,6,2,9,0,0,1,1,1,1785497889
2026-07-31T11:45:21Z,575,5,0,15,1,0,1,1,1,1785497652
2026-07-31T11:45:21Z,576,3,1,14,2,0,1,1,1,1785498027
2026-07-31T11:45:21Z,577,19,0,12,0,0,1,1,1,1785497641
2026-07-31T11:45:21Z,578,11,9,11,1,0,1,1,1,1785498281
2026-07-31T11:45:21Z,579,5,0,38,0,0,1,1,1,1785495141
2026-07-31T11:45:21Z,580,2,0,27,0,0,1,1,1,1785498173
2026-07-31T11:45:21Z,581,11,0,8,0,0,1,1,1,1785497394
2026-07-31T11:45:21Z,582,23,0,37,1,0,1,1,1,1785498313
2026-07-31T11:45:21Z,583,20,0,2,1,0,1,1,1,1785497860
2026-07-31T11:45:21Z,584,7,4,7,5,0,1,1,1,1785498143
2026-07-31T11:45:21Z,585,11,2,15,0,1,1,1,1,1785498122
2026-07-31T11:45:21Z,586,10,0,25,0,0,1,1,1,1785496987
2026-07-31T11:45:21Z,587,14,0,9,1,0,1,1,1,1785498106
2026-07-31T11:45:21Z,588,10,3,6,2,1,1,1,1,1785498275
2026-07-31T11:45:21Z,589,15,7,6,1,0,1,1,1,1785497841
2026-07-31T11:45:21Z,590,16,2,14,1,0,1,1,1,1785496962
2026-07-31T11:45:21Z,591,25,0,3,2,0,1,1,1,1785498061
2026-07-31T11:45:21Z,592,11,0,12,0,0,1,1,1,1785496499
2026-07-31T11:45:21Z,593,3,0,35,0,0,1,1,1,1785497527
2026-07-31T11:45:21Z,594,6,1,13,2,0,1,1,1,1785498217
2026-07-31T11:45:21Z,595,0,0,3,0,0,0,1,1,1784046673
2026-07-31T11:45:21Z,605,0,0,2,1,0,0,1,1,1783975843
2026-07-31T11:45:21Z,606,0,0,0,0,0,0,1,1,86400
2026-07-31T11:45:21Z,607,15,3,16,1,0,1,1,1,1785498001
2026-07-31T11:45:21Z,608,5,1,45,0,0,1,1,1,1785498066
2026-07-31T11:45:21Z,609,0,0,23,0,0,1,1,1,1785496326
2026-07-31T11:45:21Z,610,0,0,35,0,0,1,1,1,1785498270
2026-07-31T11:45:21Z,611,2,0,24,1,0,1,1,1,1785498242
2026-07-31T11:45:21Z,612,6,1,9,0,0,1,1,1,1785486691
2026-07-31T11:45:21Z,613,9,0,2,4,0,1,1,1,1785489318
2026-07-31T11:45:21Z,614,2,2,22,2,1,1,1,1,1785495770
2026-07-31T11:45:21Z,617,13,2,1,1,0,1,1,1,1785497067
2026-07-31T11:45:21Z,618,11,1,3,5,0,1,1,1,1785496082
2026-07-31T11:45:21Z,619,3,2,16,0,0,1,1,1,1785497984
2026-07-31T11:45:21Z,620,2,1,25,0,0,1,1,1,1785497452
2026-07-31T11:45:21Z,621,1,0,21,1,0,1,1,1,1785498251
2026-07-31T11:45:21Z,622,6,2,16,1,0,1,1,1,1785498299
2026-07-31T11:45:21Z,623,8,3,21,1,0,1,1,1,1785498054
2026-07-31T11:45:21Z,624,1,0,14,0,0,1,1,1,1785493218
2026-07-31T11:45:21Z,625,3,0,16,2,0,1,1,1,1785497695
2026-07-31T11:45:21Z,626,5,0,40,0,2,1,1,1,1785495289
2026-07-31T11:45:21Z,627,14,6,5,0,0,1,1,1,1785493197
2026-07-31T11:45:21Z,628,1,1,14,2,2,1,1,1,1785498193
2026-07-31T11:45:21Z,629,4,1,6,1,0,1,1,1,1785498250
2026-07-31T11:45:21Z,630,3,2,21,3,0,1,1,1,1785498074
2026-07-31T11:45:21Z,631,3,1,20,0,0,1,1,1,1785498157
2026-07-31T11:45:21Z,632,20,0,1,2,0,1,1,1,1785492884
2026-07-31T11:45:21Z,633,12,1,0,3,0,1,1,1,1785498205
2026-07-31T11:45:21Z,634,10,2,9,0,0,1,1,1,1785498289
2026-07-31T11:45:21Z,635,15,1,4,0,0,1,1,1,1785497505
2026-07-31T11:45:21Z,636,10,2,5,0,0,1,1,1,1785488201
2026-07-31T11:45:21Z,637,8,1,11,0,0,1,1,1,1785496599
2026-07-31T11:45:21Z,638,7,1,10,2,0,1,1,1,1785497055
2026-07-31T11:45:21Z,639,5,1,12,2,0,1,1,1,1785497769
2026-07-31T11:45:21Z,640,4,3,18,1,0,1,1,1,1785498074
2026-07-31T11:45:21Z,641,14,0,10,2,0,1,1,1,1785498184
2026-07-31T11:45:21Z,642,4,3,7,8,0,1,1,1,1785498318
2026-07-31T11:45:21Z,643,2,0,18,7,0,1,1,1,1785498314
2026-07-31T11:45:21Z,644,12,0,2,1,0,1,1,1,1785486991
2026-07-31T11:45:21Z,645,11,0,10,1,1,1,1,1,1785488495
2026-07-31T11:45:21Z,646,7,2,12,0,0,1,1,1,1785498268
2026-07-31T11:45:21Z,647,27,1,4,0,0,1,1,1,1785498136
2026-07-31T11:45:21Z,648,6,0,12,1,0,1,1,1,1785497783
2026-07-31T11:45:21Z,649,18,2,12,1,0,1,1,1,1785498237
2026-07-31T11:45:21Z,650,5,1,9,0,0,1,1,1,1785488201
2026-07-31T11:45:21Z,651,7,7,16,0,0,1,1,1,1785496786
2026-07-31T11:45:21Z,652,3,2,18,2,0,1,1,1,1785498061
2026-07-31T11:45:21Z,653,8,2,10,1,0,1,1,1,1785498189
2026-07-31T11:45:21Z,654,2,2,13,0,0,1,1,1,1785488202
2026-07-31T11:45:21Z,655,7,3,1,4,1,1,1,1,1785498015
2026-07-31T11:45:21Z,656,16,6,3,0,0,1,1,1,1785497518
2026-07-31T11:45:21Z,657,9,1,4,2,2,1,1,1,1785498134
2026-07-31T11:45:21Z,658,9,1,1,0,0,1,1,1,1785473427
2026-07-31T11:45:21Z,659,8,3,5,2,0,1,1,1,1785495755
2026-07-31T11:45:21Z,660,12,0,15,4,0,1,1,1,1785498300
2026-07-31T11:45:21Z,661,3,1,16,0,0,1,1,1,1785497195
2026-07-31T11:45:21Z,662,4,3,16,3,0,1,1,1,1785493876
2026-07-31T11:45:21Z,663,13,6,1,1,0,1,1,1,1785497916
2026-07-31T11:45:21Z,664,1,0,26,0,0,1,1,1,1785495012
2026-07-31T11:45:21Z,665,12,3,3,0,0,1,1,1,1785488202
2026-07-31T11:45:21Z,666,8,2,5,2,0,1,1,1,1785495733
2026-07-31T11:45:21Z,667,0,0,19,0,0,1,1,1,1785486991
2026-07-31T11:45:21Z,668,10,1,8,1,0,1,1,1,1785488201
2026-07-31T11:45:21Z,669,13,5,1,0,0,1,1,1,1785498148
2026-07-31T11:45:21Z,670,9,1,18,0,0,1,1,1,1785498243
2026-07-31T11:45:21Z,671,26,5,0,1,0,1,1,1,1785498199
2026-07-31T11:45:21Z,672,12,2,7,3,1,1,1,1,1785491597
2026-07-31T11:45:21Z,673,17,0,4,2,0,1,1,1,1785498298
2026-07-31T11:45:21Z,674,5,3,15,3,0,1,1,1,1785498238
2026-07-31T11:45:21Z,675,10,6,3,2,0,1,1,1,1785498183
2026-07-31T11:45:21Z,676,8,0,13,1,0,1,1,1,1785498002
2026-07-31T11:45:21Z,681,10,3,2,3,0,1,1,1,1785498119
2026-07-31T11:45:21Z,682,4,1,14,1,0,1,1,1,1785486991
2026-07-31T11:45:21Z,683,4,1,15,0,0,1,1,1,1785497438
2026-07-31T11:45:21Z,684,3,0,24,0,0,1,1,1,1785487883
2026-07-31T11:45:21Z,685,9,0,16,1,1,1,1,1,1785497786
2026-07-31T11:45:21Z,686,8,0,16,3,0,1,1,1,1785498052
2026-07-31T11:45:21Z,687,11,0,18,1,1,1,1,1,1785498288
2026-07-31T11:45:21Z,688,10,0,2,7,0,1,1,1,1785498139
2026-07-31T11:45:21Z,692,0,0,21,0,0,1,1,1,1785498050
2026-07-31T11:45:21Z,693,6,0,2,3,0,1,1,1,1785498043
2026-07-31T11:45:21Z,694,9,5,12,0,0,1,1,1,1785497813
2026-07-31T11:45:21Z,695,13,8,10,0,0,1,1,1,1785498269
2026-07-31T11:45:21Z,696,17,14,4,2,0,1,1,1,1785498014
2026-07-31T11:45:21Z,697,9,1,14,0,0,1,1,1,1785497719
2026-07-31T11:45:21Z,698,22,1,5,0,0,1,1,1,1785497368
2026-07-31T11:45:21Z,699,7,0,7,1,0,1,1,1,1785496544
2026-07-31T11:45:21Z,700,18,4,1,0,0,1,1,1,1785497747
2026-07-31T11:45:21Z,701,16,6,3,0,0,1,1,1,1785497931
2026-07-31T11:45:21Z,702,17,1,5,1,0,1,1,1,1785497996
2026-07-31T11:45:21Z,704,7,2,8,0,0,1,1,1,1785497320
2026-07-31T11:45:21Z,705,4,1,9,2,0,1,1,1,1785496785
2026-07-31T11:45:21Z,706,12,2,0,3,0,1,1,1,1785497890
2026-07-31T11:45:21Z,707,8,1,7,0,0,1,1,1,1785496701
2026-07-31T11:45:21Z,708,18,2,0,1,0,1,1,1,1785497198
2026-07-31T11:45:21Z,709,9,0,3,3,0,1,1,1,1785498178
2026-07-31T11:45:21Z,710,15,3,3,1,0,1,1,1,1785497971
2026-07-31T11:45:21Z,711,18,3,1,4,0,1,1,1,1785498295
2026-07-31T11:45:21Z,712,7,7,8,0,0,1,1,1,1785498274
2026-07-31T11:45:21Z,713,5,0,18,0,0,1,1,1,1785497821
2026-07-31T11:45:21Z,716,3,2,12,0,0,1,1,1,1785498247
2026-07-31T11:45:21Z,717,4,2,18,3,0,1,1,1,1785496518
2026-07-31T11:45:21Z,718,6,1,8,1,0,1,1,1,1785498284
2026-07-31T11:45:21Z,719,8,2,21,0,0,1,1,1,1785497498
2026-07-31T11:45:21Z,720,2,1,17,0,0,1,1,1,1785496720
2026-07-31T11:45:21Z,721,1,1,20,2,0,1,1,1,1785497534
2026-07-31T11:45:21Z,722,5,0,10,0,0,1,1,1,1785498292
2026-07-31T11:45:21Z,723,12,1,11,0,0,1,1,1,1785496560
2026-07-31T11:45:21Z,724,17,4,6,0,0,1,1,1,1785498289
2026-07-31T11:45:21Z,725,17,5,5,1,0,1,1,1,1785497254
2026-07-31T11:45:21Z,726,17,3,2,0,0,1,1,1,1785497444
2026-07-31T11:45:21Z,727,8,3,12,3,0,1,1,1,1785497483
2026-07-31T11:45:21Z,728,9,0,5,1,0,1,1,1,1785497023
2026-07-31T11:45:21Z,729,2,0,17,0,0,1,1,1,1785497934
2026-07-31T11:45:21Z,730,3,2,10,2,0,1,1,1,1785497618
2026-07-31T11:45:21Z,731,9,3,5,1,0,1,1,1,1785496734
2026-07-31T11:45:21Z,732,7,5,8,0,0,1,1,1,1785497772
2026-07-31T11:45:21Z,733,7,2,20,0,0,1,1,1,1785498304
2026-07-31T11:45:21Z,734,5,3,9,0,0,1,1,1,1785498307
2026-07-31T11:45:21Z,735,3,3,24,0,0,1,1,1,1785498218
2026-07-31T11:45:21Z,736,6,0,12,1,0,1,1,1,1785497659
2026-07-31T11:45:21Z,737,4,3,10,0,1,1,1,1,1785497163
2026-07-31T11:45:21Z,738,16,4,1,2,0,1,1,1,1785497381
2026-07-31T11:45:21Z,739,20,2,6,1,0,1,1,1,1785497277
2026-07-31T11:45:21Z,741,7,1,16,0,0,1,1,1,1785497058
2026-07-31T11:45:21Z,742,3,0,30,2,0,1,1,1,1785497839
2026-07-31T11:45:21Z,743,9,3,8,2,0,1,1,1,1785496928
2026-07-31T11:45:21Z,744,9,3,5,1,0,1,1,1,1785497431
2026-07-31T11:45:21Z,745,14,4,4,1,0,1,1,1,1785497444
2026-07-31T11:45:21Z,746,7,0,14,2,0,1,1,1,1785498244
2026-07-31T11:45:21Z,747,0,0,4,0,0,0,1,1,1783446606
2026-07-31T11:45:21Z,748,10,1,13,0,0,1,1,1,1785498248
2026-07-31T11:45:21Z,749,6,5,16,1,0,1,1,1,1785498161
2026-07-31T11:45:21Z,750,3,1,8,0,0,1,1,1,1785497942
2026-07-31T11:45:21Z,751,7,0,16,0,0,1,1,1,1785497940
2026-07-31T11:45:21Z,752,15,1,1,1,0,1,1,1,1785497009
2026-07-31T11:45:21Z,753,3,0,12,0,0,1,1,1,1785498228
2026-07-31T11:45:21Z,754,2,1,12,1,0,1,1,1,1785497969
2026-07-31T11:45:21Z,755,10,2,12,1,0,1,1,1,1785498113
2026-07-31T11:45:21Z,756,11,6,26,0,0,1,1,1,1785498050
2026-07-31T11:45:21Z,757,16,9,3,0,0,1,1,1,1785498224
2026-07-31T11:45:21Z,758,23,3,0,0,0,1,1,1,1785497839
2026-07-31T11:45:21Z,759,3,2,12,0,0,1,1,1,1785497556
2026-07-31T11:45:21Z,760,8,3,11,0,0,1,1,1,1785488200
2026-07-31T11:45:21Z,761,17,0,5,1,0,1,1,1,1785498088
2026-07-31T11:45:21Z,762,5,3,5,5,0,1,1,1,1785496704
2026-07-31T11:45:21Z,768,8,0,8,3,0,1,1,1,1785497659
2026-07-31T11:45:21Z,769,15,11,4,0,0,1,1,1,1785497289
2026-07-31T11:45:21Z,770,11,3,6,2,0,1,1,1,1785497222
2026-07-31T11:45:21Z,771,13,3,1,1,0,1,1,1,1785496668
2026-07-31T11:45:21Z,772,7,1,8,0,0,1,1,1,1785497277
2026-07-31T11:45:21Z,773,15,4,4,0,0,1,1,1,1785497123
2026-07-31T11:45:21Z,774,9,5,3,3,0,1,1,1,1785498303
2026-07-31T11:45:21Z,775,7,0,10,1,1,1,1,1,1785494713
2026-07-31T11:45:21Z,776,3,1,17,1,0,1,1,1,1785497461
2026-07-31T11:45:21Z,777,10,0,2,3,0,1,1,1,1785497208
2026-07-31T11:45:21Z,778,13,0,3,3,0,1,1,1,1785497394
2026-07-31T11:45:21Z,779,8,1,10,1,0,1,1,1,1785498044
2026-07-31T11:45:21Z,780,17,3,1,1,0,1,1,1,1785497642
2026-07-31T11:45:21Z,781,4,0,4,3,0,1,1,1,1785497953
2026-07-31T11:45:21Z,782,4,3,11,4,0,1,1,1,1785496946
2026-07-31T11:45:21Z,783,6,0,13,0,0,1,1,1,1785498027
2026-07-31T11:45:21Z,784,19,2,0,0,0,1,1,1,1785497636
2026-07-31T11:45:21Z,785,11,2,2,6,0,1,1,1,1785498202
2026-07-31T11:45:21Z,786,12,5,7,0,0,1,1,1,1785497856
2026-07-31T11:45:21Z,787,10,5,3,2,0,1,1,1,1785497482
2026-07-31T11:45:21Z,788,3,0,12,0,0,1,1,1,1785496701
2026-07-31T11:45:21Z,789,9,2,2,4,0,1,1,1,1785497988
2026-07-31T11:45:21Z,790,2,0,21,0,0,1,1,1,1785497346
2026-07-31T11:45:21Z,791,8,1,10,0,1,1,1,1,1785498190
2026-07-31T11:45:21Z,793,4,0,10,1,0,1,1,1,1785497066
2026-07-31T11:45:21Z,794,17,8,10,2,0,1,1,1,1785497835
2026-07-31T11:45:21Z,796,1,0,16,2,0,1,1,1,1785496876
2026-07-31T11:45:21Z,797,1,0,14,0,0,1,1,1,1785498067
2026-07-31T11:45:21Z,798,10,1,14,1,0,1,1,1,1785497778
2026-07-31T11:45:21Z,799,14,1,2,3,0,1,1,1,1785498275
2026-07-31T11:45:21Z,800,7,0,13,1,0,1,1,1,1785498293
2026-07-31T11:45:21Z,801,11,6,9,1,0,1,1,1,1785498149
2026-07-31T11:45:21Z,802,8,0,23,0,0,1,1,1,1785497022
2026-07-31T11:45:21Z,803,1,1,14,0,0,1,1,1,1785496669
2026-07-31T11:45:21Z,806,8,3,7,0,0,1,1,1,1785497158
2026-07-31T11:45:21Z,807,14,1,9,2,0,1,1,1,1785497293
2026-07-31T11:45:21Z,808,2,0,21,2,0,1,1,1,1785497500
2026-07-31T11:45:21Z,809,4,0,18,1,0,1,1,1,1785496855
2026-07-31T11:45:21Z,810,2,0,13,4,0,1,1,1,1785497299
2026-07-31T11:45:21Z,815,1,1,9,4,1,1,1,1,1785497272
2026-07-31T11:45:21Z,817,11,5,4,0,0,1,1,1,1785498000
2026-07-31T11:45:21Z,818,5,0,17,1,0,1,1,1,1785497491
2026-07-31T11:45:21Z,819,6,4,9,0,0,1,1,1,1785487291
2026-07-31T11:45:21Z,820,8,2,9,0,0,1,1,1,1785497913
2026-07-31T11:45:21Z,821,2,1,13,0,0,1,1,1,1785497027
2026-07-31T11:45:21Z,822,5,0,17,1,0,1,1,1,1785498197
2026-07-31T11:45:21Z,823,0,0,14,1,0,1,1,1,1785498316
2026-07-31T11:45:21Z,824,13,5,6,0,0,1,1,1,1785498295
2026-07-31T11:45:21Z,825,8,5,7,0,0,1,1,1,1785495662
2026-07-31T11:45:21Z,826,13,3,4,2,0,1,1,1,1785498180
2026-07-31T11:45:21Z,827,15,4,5,1,0,1,1,1,1785497321
2026-07-31T11:45:21Z,828,11,0,6,1,0,1,1,1,1785497612
2026-07-31T11:45:21Z,829,15,6,12,0,0,1,1,1,1785498065
2026-07-31T11:45:21Z,830,17,2,5,1,0,1,1,1,1785497297
2026-07-31T11:45:21Z,831,6,2,8,1,0,1,1,1,1785498278
2026-07-31T11:45:21Z,832,10,3,5,3,0,1,1,1,1785496739
2026-07-31T11:45:21Z,833,0,0,18,1,0,1,1,1,1785498134
2026-07-31T11:45:21Z,834,4,0,19,1,0,1,1,1,1785498093
2026-07-31T11:45:21Z,835,14,5,2,2,0,1,1,1,1785497867
2026-07-31T11:45:21Z,837,5,1,0,10,0,1,1,1,1785496544
2026-07-31T11:45:21Z,838,14,4,1,0,0,1,1,1,1785497438
2026-07-31T11:45:21Z,839,14,2,15,0,0,1,1,1,1785498316
2026-07-31T11:45:21Z,840,9,4,18,2,0,1,1,1,1785497692
2026-07-31T11:45:21Z,841,7,1,8,0,0,1,1,1,1785498272
2026-07-31T11:45:21Z,842,7,2,16,0,0,1,1,1,1785498093
2026-07-31T11:45:21Z,843,8,0,22,1,0,1,1,1,1785496536
2026-07-31T11:45:21Z,844,6,0,17,0,0,1,1,1,1785498298
2026-07-31T11:45:21Z,845,5,3,12,2,0,1,1,1,1785496653
2026-07-31T11:45:21Z,846,3,0,14,2,0,1,1,1,1785497603
2026-07-31T11:45:21Z,847,7,1,20,0,0,1,1,1,1785497408
2026-07-31T11:45:21Z,848,9,3,9,1,0,1,1,1,1785497067
2026-07-31T11:45:21Z,849,5,1,9,1,0,1,1,1,1785497442
2026-07-31T11:45:21Z,850,8,0,1,2,0,1,1,1,1785497708
2026-07-31T11:45:21Z,851,5,5,30,2,0,1,1,1,1785497878
2026-07-31T11:45:21Z,852,12,6,7,0,0,1,1,1,1785498177
2026-07-31T11:45:21Z,853,10,5,13,0,0,1,1,1,1785497251
2026-07-31T11:45:21Z,854,3,2,12,0,0,1,1,1,1785497304
2026-07-31T11:45:21Z,855,25,0,2,0,0,1,1,1,1785497123
2026-07-31T11:45:21Z,857,3,2,16,0,0,1,1,1,1785498314
2026-07-31T11:45:21Z,858,4,1,14,1,0,1,1,1,1785497028
2026-07-31T11:45:21Z,859,3,0,17,1,0,1,1,1,1785497246
2026-07-31T11:45:21Z,861,8,1,2,1,0,1,1,1,1785488201
2026-07-31T11:45:21Z,862,2,2,13,0,0,1,1,1,1785498301
2026-07-31T11:45:21Z,863,13,0,5,1,0,1,1,1,1785488200
2026-07-31T11:45:21Z,866,11,3,8,0,0,1,1,1,1785496802
2026-07-31T11:45:21Z,867,13,1,2,0,0,1,1,1,1785497915
2026-07-31T11:45:21Z,868,12,2,3,0,0,1,1,1,1785498132
2026-07-31T11:45:21Z,870,7,4,6,2,0,1,1,1,1785498161
2026-07-31T11:45:21Z,871,0,0,10,1,0,1,1,1,1785497720
2026-07-31T11:45:21Z,872,0,0,14,1,0,1,1,1,1785498269
2026-07-31T11:45:21Z,873,4,1,28,1,0,1,1,1,1785498287
2026-07-31T11:45:21Z,874,4,1,8,3,0,1,1,1,1785498131
2026-07-31T11:45:21Z,875,15,11,0,0,0,1,1,1,1785497525
2026-07-31T11:45:21Z,877,11,10,6,2,0,1,1,1,1785497890
2026-07-31T11:45:21Z,878,4,3,14,1,0,1,1,1,1785496652
2026-07-31T11:45:21Z,879,3,1,16,0,0,1,1,1,1785497914
2026-07-31T11:45:21Z,880,1,0,21,1,0,1,1,1,1785497523
2026-07-31T11:45:21Z,881,1,0,18,0,0,1,1,1,1785496506
2026-07-31T11:45:21Z,882,10,0,6,3,0,1,1,1,1785488200
2026-07-31T11:45:21Z,883,11,6,8,0,0,1,1,1,1785497540
2026-07-31T11:45:21Z,884,10,7,11,0,0,1,1,1,1785497884
2026-07-31T11:45:21Z,885,1,0,18,0,0,1,1,1,1785498162
2026-07-31T11:45:21Z,886,17,2,10,2,0,1,1,1,1785497207
2026-07-31T11:45:21Z,887,3,1,11,3,0,1,1,1,1785497054
2026-07-31T11:45:21Z,888,9,0,30,1,1,1,1,1,1785497972
2026-07-31T11:45:21Z,889,12,0,5,2,0,1,1,1,1785498162
2026-07-31T11:45:21Z,890,6,4,9,0,0,1,1,1,1785489632
2026-07-31T11:45:21Z,891,21,0,2,0,0,1,1,1,1785497667
2026-07-31T11:45:21Z,892,13,1,2,0,0,1,1,1,1785488200
2026-07-31T11:45:21Z,895,0,0,18,1,0,1,1,1,1785489208
2026-07-31T11:45:21Z,896,6,0,29,0,0,1,1,1,1785493238
2026-07-31T11:45:21Z,897,11,1,10,0,0,1,1,1,1785496546
2026-07-31T11:45:21Z,898,3,0,16,0,0,1,1,1,1785498081
2026-07-31T11:45:21Z,899,0,0,18,1,0,1,1,1,1785497313
2026-07-31T11:45:21Z,900,12,0,13,2,0,1,1,1,1785498257
2026-07-31T11:45:21Z,901,9,0,9,1,0,1,1,1,1785497671
2026-07-31T11:45:21Z,902,8,0,6,1,0,1,1,1,1785498012
2026-07-31T11:45:21Z,903,13,2,5,1,0,1,1,1,1785497478
2026-07-31T11:45:21Z,904,9,4,9,1,0,1,1,1,1785497723
2026-07-31T11:45:21Z,905,8,2,19,0,0,1,1,1,1785496877
2026-07-31T11:45:21Z,906,3,1,24,0,0,1,1,1,1785497716
2026-07-31T11:45:21Z,907,4,2,27,0,0,1,1,1,1785498317
2026-07-31T11:45:21Z,908,10,0,13,0,0,1,1,1,1785496647
2026-07-31T11:45:21Z,909,7,0,15,1,0,1,1,1,1785498207
2026-07-31T11:45:21Z,910,22,1,9,0,0,1,1,1,1785498311
2026-07-31T11:45:21Z,911,4,1,15,0,0,1,1,1,1785498014
2026-07-31T11:45:21Z,912,11,4,10,2,0,1,1,1,1785497748
2026-07-31T11:45:21Z,913,3,1,16,0,0,1,1,1,1785497182
2026-07-31T11:45:21Z,914,9,2,10,0,0,1,1,1,1785498278
2026-07-31T11:45:21Z,915,9,0,13,1,0,1,1,1,1785497855
2026-07-31T11:45:21Z,916,23,8,0,0,0,1,1,1,1785497563
2026-07-31T11:45:21Z,917,14,5,20,1,0,1,1,1,1785497765
2026-07-31T11:45:21Z,918,7,1,10,2,0,1,1,1,1785498282
2026-07-31T11:45:21Z,919,6,0,31,2,0,1,1,1,1785498242
2026-07-31T11:45:21Z,920,4,2,15,0,0,1,1,1,1785496992
2026-07-31T11:45:21Z,921,12,0,9,0,0,1,1,1,1785498154
2026-07-31T11:45:21Z,922,3,0,17,1,0,1,1,1,1785498133
2026-07-31T11:45:21Z,923,16,1,3,0,0,1,1,1,1785497826
2026-07-31T11:45:21Z,924,8,2,13,0,0,1,1,1,1785497349
2026-07-31T11:45:21Z,925,13,0,8,0,0,1,1,1,1785496818
2026-07-31T11:45:21Z,926,2,1,19,0,0,1,1,1,1785496951
2026-07-31T11:45:21Z,927,3,0,32,0,0,1,1,1,1785497377
2026-07-31T11:45:21Z,928,5,3,14,0,0,0,1,1,1785464301
2026-07-31T11:45:21Z,929,1,0,22,0,0,1,1,1,1785498245
2026-07-31T11:45:21Z,930,0,0,30,1,0,1,1,1,1785496577
2026-07-31T11:45:21Z,931,11,7,12,0,0,1,1,1,1785498102
2026-07-31T11:45:21Z,932,3,0,13,3,0,1,1,1,1785496720
2026-07-31T11:45:21Z,933,1,0,22,0,0,1,1,1,1785497989
2026-07-31T11:45:21Z,934,6,0,24,1,0,1,1,1,1785498114
2026-07-31T11:45:21Z,935,15,4,3,1,0,1,1,1,1785497899
2026-07-31T11:45:21Z,936,4,1,15,0,0,1,1,1,1785456801
2026-07-31T11:45:21Z,940,10,0,1,0,0,1,1,1,1785496815
2026-07-31T11:45:21Z,941,8,1,15,2,0,1,1,1,1785498316
2026-07-31T11:45:21Z,942,7,0,13,1,0,1,1,1,1785497918
2026-07-31T11:45:21Z,943,9,8,6,0,0,1,1,1,1785496563
2026-07-31T11:45:21Z,944,9,8,6,0,0,1,1,1,1785498197
2026-07-31T11:45:21Z,945,10,8,5,0,0,1,1,1,1785497712
2026-07-31T11:45:21Z,946,7,5,12,0,0,1,1,1,1785487593
2026-07-31T11:45:21Z,947,7,5,10,0,0,1,1,1,1785498210
2026-07-31T11:45:21Z,948,26,9,0,5,0,1,1,1,1785497440
2026-07-31T11:45:21Z,949,10,4,5,0,0,1,1,1,1785498314
2026-07-31T11:45:21Z,950,11,4,5,1,0,1,1,1,1785498221
2026-07-31T11:45:21Z,951,18,4,4,1,0,1,1,1,1785496622
2026-07-31T11:45:21Z,952,18,4,37,0,0,1,1,1,1785498070
2026-07-31T11:45:21Z,953,10,2,4,1,0,1,1,1,1785497814
2026-07-31T11:45:21Z,954,16,4,3,0,0,1,1,1,1785498140
2026-07-31T11:45:21Z,955,5,3,16,6,0,1,1,1,1785497310
2026-07-31T11:45:21Z,956,22,0,0,1,0,1,1,1,1785498261
2026-07-31T11:45:21Z,957,13,0,16,0,0,1,1,1,1785497631
2026-07-31T11:45:21Z,958,21,1,10,0,0,1,1,1,1785497548
2026-07-31T11:45:21Z,959,19,8,1,3,0,1,1,1,1785498114
2026-07-31T11:45:21Z,960,16,0,6,1,0,1,1,1,1785497900
2026-07-31T11:45:21Z,961,1,1,19,3,0,1,1,1,1785498023
2026-07-31T11:45:21Z,962,9,3,23,3,0,1,1,1,1785497406
2026-07-31T11:45:21Z,963,12,0,10,1,0,1,1,1,1785498316
2026-07-31T11:45:21Z,964,14,8,8,1,0,1,1,1,1785497963
2026-07-31T11:45:21Z,965,6,2,20,1,0,1,1,1,1785496610
2026-07-31T11:45:21Z,966,24,0,7,0,0,1,1,1,1785497564
2026-07-31T11:45:21Z,967,16,0,4,1,0,1,1,1,1785498051
2026-07-31T11:45:21Z,968,14,0,4,1,0,1,1,1,1785498208
2026-07-31T11:45:21Z,969,12,7,13,2,0,1,1,1,1785498209
2026-07-31T11:45:21Z,970,11,1,6,2,0,1,1,1,1785497329
2026-07-31T11:45:21Z,971,12,1,10,1,0,1,1,1,1785498033
2026-07-31T11:45:21Z,972,9,1,13,1,0,1,1,1,1785498191
2026-07-31T11:45:21Z,973,7,4,15,1,0,1,1,1,1785497707
2026-07-31T11:45:21Z,974,16,0,11,0,0,1,1,1,1785498302
2026-07-31T11:45:21Z,977,7,7,12,2,0,1,1,1,1785497845
2026-07-31T11:45:21Z,978,11,0,12,0,0,1,1,1,1785497507
2026-07-31T11:45:21Z,979,11,0,6,0,0,1,1,1,1785497638
2026-07-31T11:45:21Z,980,4,0,15,2,0,1,1,1,1785497789
2026-07-31T11:45:21Z,981,6,0,14,1,0,1,1,1,1785498316
2026-07-31T11:45:21Z,982,3,1,14,2,0,1,1,1,1785498248
2026-07-31T11:45:21Z,983,2,1,20,1,0,1,1,1,1785496858
2026-07-31T11:45:21Z,984,6,0,17,0,0,1,1,1,1785497876
2026-07-31T11:45:21Z,985,15,0,16,0,0,1,1,1,1785498311
2026-07-31T11:45:21Z,986,4,0,15,0,0,1,1,1,1785498246
2026-07-31T11:45:21Z,987,6,0,16,1,0,1,1,1,1785496976
2026-07-31T11:45:21Z,988,5,1,13,1,0,1,1,1,1785496586
2026-07-31T11:45:21Z,989,9,4,10,0,0,1,1,1,1785497390
2026-07-31T11:45:21Z,990,13,1,0,2,0,1,1,1,1785496628
2026-07-31T11:45:21Z,991,10,2,8,1,0,1,1,1,1785498121
2026-07-31T11:45:21Z,992,10,7,12,1,0,1,1,1,1785497181
2026-07-31T11:45:21Z,993,0,0,27,0,0,1,1,1,1785476008
2026-07-31T11:45:21Z,994,3,1,18,0,0,1,1,1,1785497398
2026-07-31T11:45:21Z,995,6,0,21,0,0,1,1,1,1785497176
2026-07-31T11:45:21Z,996,8,1,15,0,0,1,1,1,1785498232
2026-07-31T11:45:21Z,997,11,5,10,2,0,1,1,1,1785498258
2026-07-31T11:45:21Z,998,3,3,19,1,0,1,1,1,1785496728
2026-07-31T11:45:21Z,999,2,0,16,2,1,1,1,1,1785498311
2026-07-31T11:45:21Z,1000,5,2,16,0,0,1,1,1,1785497294
2026-07-31T11:45:21Z,1001,2,1,25,0,0,1,1,1,1785496756
2026-07-31T11:45:21Z,1002,0,0,27,4,0,1,1,1,1785496765
2026-07-31T11:45:21Z,1003,0,0,22,1,0,1,1,1,1785498192
2026-07-31T11:45:21Z,1004,8,1,15,0,0,1,1,1,1785497634
2026-07-31T11:45:21Z,1005,20,1,3,0,0,1,1,1,1785496564
2026-07-31T11:45:21Z,1006,7,4,11,1,0,1,1,1,1785498210
2026-07-31T11:45:21Z,1007,2,1,19,0,0,1,1,1,1785497844
2026-07-31T11:45:21Z,1008,6,5,15,2,0,1,1,1,1785497356
2026-07-31T11:45:21Z,1009,19,2,8,4,0,1,1,1,1785497227
2026-07-31T11:45:21Z,1010,7,2,20,0,0,1,1,1,1785498060
2026-07-31T11:45:21Z,1011,7,2,10,2,0,1,1,1,1785496767
2026-07-31T11:45:21Z,1012,4,3,18,1,0,1,1,1,1785498148
2026-07-31T11:45:21Z,1013,4,1,18,1,0,1,1,1,1785496923
2026-07-31T11:45:21Z,1014,7,2,13,3,0,1,1,1,1785496850
2026-07-31T11:45:21Z,1015,3,1,25,3,0,1,1,1,1785497138
2026-07-31T11:45:21Z,1016,10,5,21,0,0,1,1,1,1785498028
2026-07-31T11:45:21Z,1017,14,5,7,0,0,1,1,1,1785497552
2026-07-31T11:45:21Z,1018,7,2,15,0,0,1,1,1,1785498235
2026-07-31T11:45:21Z,1019,9,6,6,0,0,1,1,1,1785498151
2026-07-31T11:45:21Z,1020,18,3,3,0,0,1,1,1,1785497421
2026-07-31T11:45:21Z,1021,9,3,5,1,0,1,1,1,1785497138
2026-07-31T11:45:21Z,1022,14,0,13,0,0,1,1,1,1785496517
2026-07-31T11:45:21Z,1023,13,1,9,1,0,1,1,1,1785497972
2026-07-31T11:45:21Z,1024,5,2,13,1,0,1,1,1,1785497147
2026-07-31T11:45:21Z,1025,4,0,14,0,1,1,1,1,1785498304
2026-07-31T11:45:21Z,1026,7,4,18,6,0,1,1,1,1785497504
2026-07-31T11:45:21Z,1028,2,0,20,1,0,1,1,1,1785496509
2026-07-31T11:45:21Z,1029,9,9,5,1,0,1,1,1,1785497436
2026-07-31T11:45:21Z,1030,14,5,9,0,0,1,1,1,1785497194
2026-07-31T11:45:21Z,1031,8,0,11,0,0,1,1,1,1785497549
2026-07-31T11:45:21Z,1032,7,1,12,0,0,1,1,1,1785498215
2026-07-31T11:45:21Z,1033,9,5,8,2,0,1,1,1,1785497213
2026-07-31T11:45:21Z,1034,3,0,12,0,0,1,1,1,1785498222
2026-07-31T11:45:21Z,1035,1,0,16,2,0,1,1,1,1785498266
2026-07-31T11:45:21Z,1036,14,0,1,0,0,1,1,1,1785496989
2026-07-31T11:45:21Z,1037,5,0,13,1,0,1,1,1,1785496863
2026-07-31T11:45:21Z,1038,2,0,12,1,0,1,1,1,1785497921
2026-07-31T11:45:21Z,1039,7,2,12,0,0,1,1,1,1785496554
2026-07-31T11:45:21Z,1040,6,3,11,2,0,1,1,1,1785498255
2026-07-31T11:45:21Z,1041,11,3,8,0,0,1,1,1,1785498134
2026-07-31T11:45:21Z,1042,12,1,1,2,0,1,1,1,1785498182
2026-07-31T11:45:21Z,1043,10,0,6,3,0,1,1,1,1785498290
2026-07-31T11:45:21Z,1044,1,0,13,1,0,1,1,1,1785497975
2026-07-31T11:45:21Z,1045,10,0,9,0,0,1,1,1,1785498203
2026-07-31T11:45:21Z,1046,8,0,7,0,0,1,1,1,1785497599
2026-07-31T11:45:21Z,1047,5,0,16,0,0,1,1,1,1785497156
2026-07-31T11:45:21Z,1048,10,1,9,0,0,1,1,1,1785498179
2026-07-31T11:45:21Z,1049,5,0,16,0,0,1,1,1,1785498253
2026-07-31T11:45:21Z,1050,17,4,4,0,0,1,1,1,1785497530
2026-07-31T11:45:21Z,1051,8,3,13,0,0,1,1,1,1785497420
2026-07-31T11:45:21Z,1052,17,2,5,0,0,1,1,1,1785498047
2026-07-31T11:45:21Z,1053,2,1,13,0,0,1,1,1,1785498101
2026-07-31T11:45:21Z,1054,14,1,1,0,0,1,1,1,1785496547
2026-07-31T11:45:21Z,1055,6,0,13,0,0,1,1,1,1785498281
2026-07-31T11:45:21Z,1057,14,0,4,1,0,1,1,1,1785498205
2026-07-31T11:45:21Z,1058,6,0,49,1,0,1,1,1,1785496527
2026-07-31T11:45:21Z,1059,1,0,17,1,0,1,1,1,1785498231
2026-07-31T11:45:21Z,1060,30,0,7,0,0,1,1,1,1785497437
2026-07-31T11:45:21Z,1061,19,1,17,1,0,1,1,1,1785498126
2026-07-31T11:45:21Z,1062,9,1,8,0,0,1,1,1,1785498203
2026-07-31T11:45:21Z,1063,12,1,6,1,0,1,1,1,1785498258
2026-07-31T11:45:21Z,1064,3,0,19,1,0,1,1,1,1785496778
2026-07-31T11:45:21Z,1065,16,3,7,0,0,1,1,1,1785497020
2026-07-31T11:45:21Z,1066,10,2,13,0,0,1,1,1,1785496843
2026-07-31T11:45:21Z,1067,8,2,13,2,0,1,1,1,1785497113
2026-07-31T11:45:21Z,1068,8,2,13,2,0,1,1,1,1785496609
2026-07-31T11:45:21Z,1069,12,3,11,0,0,1,1,1,1785496654
2026-07-31T11:45:21Z,1070,12,2,11,0,0,1,1,1,1785496750
2026-07-31T11:45:21Z,1071,7,4,16,0,0,1,1,1,1785496789
2026-07-31T11:45:21Z,1072,11,1,11,1,0,1,1,1,1785497187
2026-07-31T11:45:21Z,1073,20,2,6,1,0,1,1,1,1785497913
2026-07-31T11:45:21Z,1074,2,0,50,1,0,1,1,1,1785497561
2026-07-31T11:45:21Z,1075,10,10,11,0,0,1,1,1,1785497975
2026-07-31T11:45:21Z,1076,15,12,6,0,0,1,1,1,1785497414
2026-07-31T11:45:21Z,1077,8,5,13,0,0,1,1,1,1785498195
2026-07-31T11:45:21Z,1078,11,10,10,0,0,1,1,1,1785497456
2026-07-31T11:45:21Z,1079,11,8,10,0,0,1,1,1,1785498082
2026-07-31T11:45:21Z,1080,10,8,10,1,0,1,1,1,1785496866
2026-07-31T11:45:21Z,1081,13,8,6,0,0,1,1,1,1785497248
2026-07-31T11:45:21Z,1082,7,7,1,0,0,1,1,1,1785496719
2026-07-31T11:45:21Z,1083,13,11,8,0,0,1,1,1,1785496535
2026-07-31T11:45:21Z,1084,9,8,12,0,0,1,1,1,1785497969
2026-07-31T11:45:21Z,1085,10,10,11,0,0,1,1,1,1785497622
2026-07-31T11:45:21Z,1086,0,0,20,1,0,1,1,1,1785496505
2026-07-31T11:45:21Z,1087,12,7,3,0,0,1,1,1,1785497500
2026-07-31T11:45:21Z,1088,9,7,6,0,0,1,1,1,1785498307
2026-07-31T11:45:21Z,1089,5,3,10,0,0,1,1,1,1785496797
2026-07-31T11:45:21Z,1090,9,8,6,0,0,1,1,1,1785497329
2026-07-31T11:45:21Z,1091,12,7,3,0,0,1,1,1,1785497242
2026-07-31T11:45:21Z,1092,9,9,5,1,0,1,1,1,1785496789
2026-07-31T11:45:21Z,1093,7,6,8,0,0,1,1,1,1785497150
2026-07-31T11:45:21Z,1094,12,10,6,1,0,1,1,1,1785498236
2026-07-31T11:45:21Z,1095,8,7,7,0,0,1,1,1,1785497088
2026-07-31T11:45:21Z,1096,3,1,15,1,0,1,1,1,1785496762
2026-07-31T11:45:21Z,1097,9,9,6,0,0,1,1,1,1785496974
2026-07-31T11:45:21Z,1098,9,7,10,0,0,1,1,1,1785497319
2026-07-31T11:45:21Z,1099,7,6,8,0,0,1,1,1,1785498048
2026-07-31T11:45:21Z,1100,8,4,21,0,0,1,1,1,1785493678
2026-07-31T11:45:21Z,1101,10,5,11,0,0,1,1,1,1785497946
2026-07-31T11:45:21Z,1102,9,4,4,0,0,1,1,1,1785497221
2026-07-31T11:45:21Z,1103,10,5,11,0,0,1,1,1,1785487895
2026-07-31T11:45:21Z,1104,10,5,11,0,0,1,1,1,1785497701
2026-07-31T11:45:21Z,1105,8,4,5,0,0,1,1,1,1785497107
2026-07-31T11:45:21Z,1106,10,5,11,0,0,1,1,1,1785498043
2026-07-31T11:45:21Z,1107,10,5,5,0,0,1,1,1,1785498226
2026-07-31T11:45:21Z,1108,8,4,16,2,1,1,1,1,1785498249
2026-07-31T11:45:21Z,1109,9,4,6,0,0,1,1,1,1785498278
2026-07-31T11:45:21Z,1110,12,4,9,0,0,1,1,1,1785497569
2026-07-31T11:45:21Z,1111,3,2,18,0,0,1,1,1,1785475740
2026-07-31T11:45:21Z,1112,38,0,15,0,0,1,1,1,1785498172
2026-07-31T11:45:21Z,1113,2,0,19,0,0,1,1,1,1785497519
2026-07-31T11:45:21Z,1115,16,5,4,3,0,1,1,1,1785496992
2026-07-31T11:45:21Z,1116,5,1,14,0,0,1,1,1,1785498233
2026-07-31T11:45:21Z,1117,17,6,4,2,0,1,1,1,1785497908
2026-07-31T11:45:21Z,1118,16,1,3,2,0,1,1,1,1785498048
2026-07-31T11:45:21Z,1119,12,1,5,0,0,1,1,1,1785497432
2026-07-31T11:45:21Z,1120,14,0,5,0,0,1,1,1,1785498318
2026-07-31T11:45:21Z,1121,10,1,8,3,0,1,1,1,1785497512
2026-07-31T11:45:21Z,1122,13,8,5,3,0,1,1,1,1785497638
2026-07-31T11:45:21Z,1123,7,3,14,2,0,1,1,1,1785497872
2026-07-31T11:45:21Z,1124,9,1,1,5,0,1,1,1,1785498048
2026-07-31T11:45:21Z,1125,15,1,8,0,0,1,1,1,1785496705
2026-07-31T11:45:21Z,1126,3,0,17,1,0,1,1,1,1785497824
2026-07-31T11:45:21Z,1127,6,1,12,1,0,1,1,1,1785498090
2026-07-31T11:45:21Z,1128,14,2,0,1,0,1,1,1,1785498231
2026-07-31T11:45:21Z,1129,1,1,19,1,0,1,1,1,1785497961
2026-07-31T11:45:21Z,1130,13,0,2,0,0,1,1,1,1785498309
2026-07-31T11:45:21Z,1131,2,0,46,1,0,1,1,1,1785497954
2026-07-31T11:45:21Z,1132,14,6,6,1,0,1,1,1,1785498104
2026-07-31T11:45:21Z,1133,17,13,3,1,0,1,1,1,1785498050
2026-07-31T11:45:21Z,1134,10,5,9,0,0,1,1,1,1785496925
2026-07-31T11:45:21Z,1135,10,5,11,0,0,1,1,1,1785497842
2026-07-31T11:45:21Z,1136,6,0,17,0,0,1,1,1,1785496596
2026-07-31T11:45:21Z,1137,14,0,1,0,0,1,1,1,1785498149
2026-07-31T11:45:21Z,1138,16,2,3,0,0,1,1,1,1785498194
2026-07-31T11:45:21Z,1139,17,4,3,1,0,1,1,1,1785497835
2026-07-31T11:45:21Z,1140,19,0,3,1,0,1,1,1,1785497963
2026-07-31T11:45:21Z,1141,6,0,15,0,0,1,1,1,1785497677
2026-07-31T11:45:21Z,1142,2,0,19,0,0,1,1,1,1785497056
2026-07-31T11:45:21Z,1143,13,0,16,0,0,1,1,1,1785497802
2026-07-31T11:45:21Z,1144,7,1,13,1,0,1,1,1,1785496657
2026-07-31T11:45:21Z,1145,10,5,10,1,0,1,1,1,1785497879
2026-07-31T11:45:21Z,1146,2,0,15,2,0,1,1,1,1785498004
2026-07-31T11:45:21Z,1147,4,1,15,0,0,1,1,1,1785498159
2026-07-31T11:45:21Z,1148,17,6,14,0,0,1,1,1,1785498201
2026-07-31T11:45:21Z,1149,3,3,22,0,0,1,1,1,1785498213
2026-07-31T11:45:21Z,1150,14,0,5,0,0,1,1,1,1785498025
2026-07-31T11:45:21Z,1151,13,0,8,0,0,1,1,1,1785497067
2026-07-31T11:45:21Z,1152,20,0,9,0,0,1,1,1,1785498178
2026-07-31T11:45:21Z,1153,19,6,3,1,0,1,1,1,1785498278
2026-07-31T11:45:21Z,1154,13,1,6,0,0,1,1,1,1785497658
2026-07-31T11:45:21Z,1155,15,7,5,1,0,1,1,1,1785498230
2026-07-31T11:45:21Z,1158,3,0,15,1,0,1,1,1,1785498122
2026-07-31T11:45:21Z,1159,13,1,6,0,0,1,1,1,1785496663
2026-07-31T11:45:21Z,1160,8,1,10,1,0,1,1,1,1785497453
2026-07-31T11:45:21Z,1161,3,0,15,1,0,1,1,1,1785496798
2026-07-31T11:45:21Z,1162,2,1,17,0,0,1,1,1,1785497048
2026-07-31T11:45:21Z,1163,1,1,17,1,0,1,1,1,1785498240
2026-07-31T11:45:21Z,1164,6,1,13,0,0,1,1,1,1785498298
2026-07-31T11:45:21Z,1165,5,0,16,0,0,1,1,1,1785497217
2026-07-31T11:45:21Z,1166,12,2,8,1,0,1,1,1,1785496734
2026-07-31T11:45:21Z,1167,4,0,11,0,0,1,1,1,1785498001
2026-07-31T11:45:21Z,1168,1,1,21,1,0,1,1,1,1785496683
2026-07-31T11:45:21Z,1169,3,0,15,1,0,1,1,1,1785498145
2026-07-31T11:45:21Z,1170,6,0,14,1,0,1,1,1,1785496703
2026-07-31T11:45:21Z,1171,7,6,15,1,0,1,1,1,1785498197
2026-07-31T11:45:21Z,1172,6,2,7,2,0,1,1,1,1785498311
2026-07-31T11:45:21Z,1173,13,5,6,0,0,1,1,1,1785496579
2026-07-31T11:45:21Z,1174,6,3,9,0,0,1,1,1,1785498071
2026-07-31T11:45:21Z,1175,4,2,15,0,0,1,1,1,1785498199
2026-07-31T11:45:21Z,1176,19,1,2,0,0,1,1,1,1785497601
2026-07-31T11:45:21Z,1177,3,1,18,0,0,1,1,1,1785497527
2026-07-31T11:45:21Z,1178,2,1,13,0,0,1,1,1,1785498033
2026-07-31T11:45:21Z,1181,11,0,3,1,0,1,1,1,1785497946
2026-07-31T11:45:21Z,1182,3,0,17,0,0,1,1,1,1785497824
2026-07-31T11:45:21Z,1183,9,1,34,2,0,1,1,1,1785498123
2026-07-31T11:45:21Z,1184,8,2,12,1,0,1,1,1,1785498273
2026-07-31T11:45:21Z,1185,10,5,11,0,0,1,1,1,1785497656
2026-07-31T11:45:21Z,1186,9,5,10,0,0,1,1,1,1785496848
2026-07-31T11:45:21Z,1187,12,6,8,1,0,1,1,1,1785497185
2026-07-31T11:45:21Z,1188,10,5,5,0,0,1,1,1,1785496516
2026-07-31T11:45:21Z,1189,10,5,9,0,0,1,1,1,1785496608
2026-07-31T11:45:21Z,1190,9,4,12,0,0,1,1,1,1785497821
2026-07-31T11:45:21Z,1191,10,5,5,0,0,1,1,1,1785496523
2026-07-31T11:45:21Z,1192,10,6,10,1,0,1,1,1,1785498189
2026-07-31T11:45:21Z,1193,6,4,5,2,0,1,1,1,1785497364
2026-07-31T11:45:21Z,1197,9,6,7,1,0,1,1,1,1785497849
2026-07-31T11:45:21Z,1198,14,4,5,2,0,1,1,1,1785496896
2026-07-31T11:45:21Z,1199,2,0,17,0,0,1,1,1,1785496920
2026-07-31T11:45:21Z,1200,10,5,5,0,0,1,1,1,1785496558
2026-07-31T11:45:21Z,1201,10,5,5,0,0,1,1,1,1785496536
2026-07-31T11:45:21Z,1202,10,5,5,0,0,1,1,1,1785496637
2026-07-31T11:45:21Z,1203,10,5,5,0,0,1,1,1,1785496534
2026-07-31T11:45:21Z,1204,8,4,11,0,0,1,1,1,1785498099
2026-07-31T11:45:21Z,1206,11,5,10,0,0,1,1,1,1785497319
2026-07-31T11:45:21Z,1207,8,4,6,1,0,1,1,1,1785496849
2026-07-31T11:45:21Z,1208,8,3,11,0,0,1,1,1,1785496762
2026-07-31T11:45:21Z,1216,7,0,13,1,0,1,1,1,1785497549
2026-07-31T11:45:21Z,1218,4,0,17,0,0,1,1,1,1785497942
2026-07-31T11:45:21Z,1219,6,1,8,1,0,1,1,1,1785497800
2026-07-31T11:45:21Z,1220,14,7,4,1,0,1,1,1,1785497824
2026-07-31T11:45:21Z,1221,1,1,19,1,0,1,1,1,1785497255
2026-07-31T11:45:21Z,1222,26,0,3,0,0,1,1,1,1785498211
2026-07-31T11:45:21Z,1223,20,0,9,0,0,1,1,1,1785498189
2026-07-31T11:45:21Z,1226,0,0,3,0,0,0,1,1,1781868931
2026-07-31T11:45:21Z,1227,20,1,5,0,0,1,1,1,1785498037
2026-07-31T11:45:21Z,1228,15,1,14,0,0,1,1,1,1785497766
2026-07-31T11:45:21Z,1229,34,1,10,1,0,1,1,1,1785498258
2026-07-31T11:50:21Z,1,5,0,18,0,0,1,1,1,1785497381
2026-07-31T11:50:21Z,2,17,0,7,3,0,1,1,1,1785498239
2026-07-31T11:50:21Z,3,8,0,5,1,0,1,1,1,1785497278
2026-07-31T11:50:21Z,4,2,0,19,1,0,1,1,1,1785498423
2026-07-31T11:50:21Z,5,11,3,11,1,0,1,1,1,1785497818
2026-07-31T11:50:21Z,6,5,0,9,1,0,1,1,1,1785498436
2026-07-31T11:50:21Z,7,2,0,37,0,0,1,1,1,1785496278
2026-07-31T11:50:21Z,8,6,1,37,0,0,1,1,1,1785498395
2026-07-31T11:50:21Z,9,2,1,19,2,0,1,1,1,1785498020
2026-07-31T11:50:21Z,10,0,0,21,2,0,1,1,1,1785496277
2026-07-31T11:50:21Z,11,17,5,1,1,0,1,1,1,1785498536
2026-07-31T11:50:21Z,12,0,0,23,0,0,1,1,1,1785490105
2026-07-31T11:50:21Z,13,11,0,19,0,0,1,1,1,1785488834
2026-07-31T11:50:21Z,14,8,1,34,0,1,1,1,1,1785498576
2026-07-31T11:50:21Z,15,2,0,13,0,0,1,1,1,1785496271
2026-07-31T11:50:21Z,16,8,0,16,2,1,1,1,1,1785487292
2026-07-31T11:50:21Z,17,2,0,24,1,0,1,1,1,1785497797
2026-07-31T11:50:21Z,18,0,0,16,2,0,1,1,1,1785498489
2026-07-31T11:50:21Z,19,13,2,13,1,0,1,1,1,1785498588
2026-07-31T11:50:21Z,20,30,0,5,0,0,1,1,1,1785497064
2026-07-31T11:50:21Z,21,12,0,6,1,0,1,1,1,1785498582
2026-07-31T11:50:21Z,22,18,0,46,1,0,1,1,1,1785498604
2026-07-31T11:50:21Z,23,14,6,17,0,0,1,1,1,1785498456
2026-07-31T11:50:21Z,24,1,1,8,2,0,1,1,1,1785498605
2026-07-31T11:50:21Z,25,7,2,73,0,1,1,1,1,1785498376
2026-07-31T11:50:21Z,26,2,0,25,0,0,1,1,1,1785498309
2026-07-31T11:50:21Z,28,10,2,5,0,0,1,1,1,1785498357
2026-07-31T11:50:21Z,30,2,1,26,1,0,1,1,1,1785498556
2026-07-31T11:50:21Z,31,1,0,16,2,0,1,1,1,1785498523
2026-07-31T11:50:21Z,32,11,0,16,0,0,1,1,1,1785498148
2026-07-31T11:50:21Z,34,9,2,27,1,0,1,1,1,1785497498
2026-07-31T11:50:21Z,35,7,2,39,1,0,1,1,1,1785498572
2026-07-31T11:50:21Z,36,0,0,0,0,0,0,1,1,86400
2026-07-31T11:50:21Z,37,1,0,22,0,0,1,1,1,1785495848
2026-07-31T11:50:21Z,38,7,0,16,0,0,1,1,1,1785498232
2026-07-31T11:50:21Z,39,21,4,18,0,0,1,1,1,1785497619
2026-07-31T11:50:21Z,40,20,1,0,1,0,1,1,1,1785498473
2026-07-31T11:50:21Z,41,7,2,35,1,0,1,1,1,1785498606
2026-07-31T11:50:21Z,42,30,8,1,0,0,1,1,1,1785498586
2026-07-31T11:50:21Z,43,4,0,19,0,0,1,1,1,1785497380
2026-07-31T11:50:21Z,45,7,4,21,1,0,1,1,1,1785498577
2026-07-31T11:50:21Z,46,10,0,20,1,0,1,1,1,1785498566
2026-07-31T11:50:21Z,47,10,6,4,1,0,1,1,1,1785495668
2026-07-31T11:50:21Z,48,2,0,25,0,0,1,1,1,1785498506
2026-07-31T11:50:21Z,49,9,0,11,3,0,1,1,1,1785498600
2026-07-31T11:50:21Z,50,18,11,1,0,0,1,1,1,1785495744
2026-07-31T11:50:21Z,51,41,0,35,1,0,1,1,1,1785498472
2026-07-31T11:50:21Z,52,3,0,21,3,0,1,1,1,1785498586
2026-07-31T11:50:21Z,55,6,1,17,0,0,1,1,1,1785498458
2026-07-31T11:50:21Z,56,2,1,41,0,0,1,1,1,1785498441
2026-07-31T11:50:21Z,57,2,1,25,0,0,1,1,1,1785498142
2026-07-31T11:50:21Z,58,5,1,23,0,0,1,1,1,1785498508
2026-07-31T11:50:21Z,59,16,2,9,2,0,1,1,1,1785498594
2026-07-31T11:50:21Z,61,2,1,37,0,0,1,1,1,1785498010
2026-07-31T11:50:21Z,62,14,4,34,1,0,1,1,1,1785498593
2026-07-31T11:50:21Z,63,8,0,11,0,0,1,1,1,1785498515
2026-07-31T11:50:21Z,64,11,1,4,4,0,1,1,1,1785497923
2026-07-31T11:50:21Z,65,16,7,2,1,0,1,1,1,1785491350
2026-07-31T11:50:21Z,67,16,0,23,0,0,1,1,1,1785498251
2026-07-31T11:50:21Z,68,8,1,29,0,0,1,1,1,1785497966
2026-07-31T11:50:21Z,69,10,0,5,0,0,1,1,1,1785498102
2026-07-31T11:50:21Z,71,2,0,24,1,0,1,1,1,1785498604
2026-07-31T11:50:21Z,72,23,7,6,2,0,1,1,1,1785498593
2026-07-31T11:50:21Z,73,12,1,19,0,0,1,1,1,1785498295
2026-07-31T11:50:21Z,74,11,6,8,0,0,1,1,1,1785497911
2026-07-31T11:50:21Z,75,5,0,26,1,0,1,1,1,1785497947
2026-07-31T11:50:21Z,76,7,0,11,1,0,1,1,1,1785498608
2026-07-31T11:50:21Z,77,24,0,2,1,0,1,1,1,1785494000
2026-07-31T11:50:21Z,78,9,4,13,1,0,1,1,1,1785497643
2026-07-31T11:50:21Z,79,3,2,13,1,0,1,1,1,1785498195
2026-07-31T11:50:21Z,80,17,1,3,3,0,1,1,1,1785498345
2026-07-31T11:50:21Z,81,5,1,26,0,0,1,1,1,1785495915
2026-07-31T11:50:21Z,82,14,1,9,0,0,1,1,1,1785498561
2026-07-31T11:50:21Z,83,6,0,27,1,0,1,1,1,1785498504
2026-07-31T11:50:21Z,84,21,0,6,0,0,1,1,1,1785497689
2026-07-31T11:50:21Z,85,4,1,11,0,0,1,1,1,1785497620
2026-07-31T11:50:21Z,86,24,0,2,1,0,1,1,1,1785498097
2026-07-31T11:50:21Z,87,11,0,8,0,0,1,1,1,1785497467
2026-07-31T11:50:21Z,88,4,0,38,1,0,1,1,1,1785496053
2026-07-31T11:50:21Z,89,21,0,14,0,0,1,1,1,1785498292
2026-07-31T11:50:21Z,90,7,2,9,2,0,1,1,1,1785497099
2026-07-31T11:50:21Z,91,15,0,2,0,0,1,1,1,1785498441
2026-07-31T11:50:21Z,92,8,1,8,3,0,1,1,1,1785498364
2026-07-31T11:50:21Z,93,0,0,23,0,0,1,1,1,1785498071
2026-07-31T11:50:21Z,94,3,0,15,1,0,1,1,1,1785498425
2026-07-31T11:50:21Z,95,21,1,12,1,1,1,1,1,1785498344
2026-07-31T11:50:21Z,96,26,0,4,1,0,1,1,1,1785497022
2026-07-31T11:50:21Z,97,1,1,15,1,0,1,1,1,1785498455
2026-07-31T11:50:21Z,98,25,0,9,1,0,1,1,1,1785498448
2026-07-31T11:50:21Z,99,1,0,13,1,0,1,1,1,1785498067
2026-07-31T11:50:21Z,100,0,0,27,0,0,1,1,1,1785497785
2026-07-31T11:50:21Z,101,1,0,13,2,0,1,1,1,1785498413
2026-07-31T11:50:21Z,102,0,0,23,0,0,1,1,1,1785498197
2026-07-31T11:50:21Z,103,11,1,19,0,0,1,1,1,1785498489
2026-07-31T11:50:21Z,104,0,0,25,2,0,1,1,1,1785498603
2026-07-31T11:50:21Z,105,14,1,5,0,0,1,1,1,1785495616
2026-07-31T11:50:21Z,106,3,0,18,0,0,1,1,1,1785496954
2026-07-31T11:50:21Z,107,8,2,29,0,0,1,1,1,1785498558
2026-07-31T11:50:21Z,108,7,0,28,0,0,1,1,1,1785498161
2026-07-31T11:50:21Z,109,23,0,0,0,0,1,1,1,1785498500
2026-07-31T11:50:21Z,110,10,0,13,0,0,1,1,1,1785498045
2026-07-31T11:50:21Z,111,3,1,33,0,0,1,1,1,1785498578
2026-07-31T11:50:21Z,112,0,0,14,1,0,1,1,1,1785497594
2026-07-31T11:50:21Z,113,7,0,10,2,0,1,1,1,1785498297
2026-07-31T11:50:21Z,114,18,6,11,1,1,1,1,1,1785498583
2026-07-31T11:50:21Z,115,7,3,20,1,0,1,1,1,1785498129
2026-07-31T11:50:21Z,116,1,1,25,1,0,1,1,1,1785498511
2026-07-31T11:50:21Z,118,17,8,4,2,0,1,1,1,1785498374
2026-07-31T11:50:21Z,119,22,0,12,4,0,1,1,1,1785498274
2026-07-31T11:50:21Z,120,20,0,6,1,0,1,1,1,1785498065
2026-07-31T11:50:21Z,121,1,0,17,0,1,1,1,1,1785498403
2026-07-31T11:50:21Z,122,7,1,13,1,0,1,1,1,1785497828
2026-07-31T11:50:21Z,123,11,2,36,0,0,1,1,1,1785498481
2026-07-31T11:50:21Z,124,25,0,10,0,0,1,1,1,1785498098
2026-07-31T11:50:21Z,125,4,4,19,0,0,1,1,1,1785498441
2026-07-31T11:50:21Z,126,24,2,7,0,0,1,1,1,1785498392
2026-07-31T11:50:21Z,127,29,1,4,2,0,1,1,1,1785498534
2026-07-31T11:50:21Z,128,15,1,4,0,0,1,1,1,1785498473
2026-07-31T11:50:21Z,129,13,1,5,1,0,1,1,1,1785498415
2026-07-31T11:50:21Z,130,5,1,12,0,0,1,1,1,1785495263
2026-07-31T11:50:21Z,131,9,3,0,2,0,1,1,1,1785495384
2026-07-31T11:50:21Z,132,13,6,1,0,1,1,1,1,1785494491
2026-07-31T11:50:21Z,134,3,0,16,4,0,1,1,1,1785498517
2026-07-31T11:50:21Z,135,6,4,12,1,0,1,1,1,1785498110
2026-07-31T11:50:21Z,136,5,0,10,1,7,1,1,1,1785498322
2026-07-31T11:50:21Z,137,7,1,12,0,0,1,1,1,1785498576
2026-07-31T11:50:21Z,138,33,2,4,0,0,1,1,1,1785498482
2026-07-31T11:50:21Z,139,12,2,7,0,0,1,1,1,1785498469
2026-07-31T11:50:21Z,140,6,6,15,2,0,1,1,1,1785498608
2026-07-31T11:50:21Z,141,29,0,7,0,0,1,1,1,1785498486
2026-07-31T11:50:21Z,142,20,0,3,0,0,1,1,1,1785498062
2026-07-31T11:50:21Z,143,7,0,24,0,0,1,1,1,1785498535
2026-07-31T11:50:21Z,144,19,0,8,0,0,1,1,1,1785498598
2026-07-31T11:50:21Z,146,5,1,17,1,0,1,1,1,1785495397
2026-07-31T11:50:21Z,147,12,2,5,2,0,1,1,1,1785498481
2026-07-31T11:50:21Z,148,17,0,9,0,1,1,1,1,1785498557
2026-07-31T11:50:21Z,149,17,3,10,0,0,1,1,1,1785496243
2026-07-31T11:50:21Z,150,19,5,13,3,0,1,1,1,1785498360
2026-07-31T11:50:21Z,151,16,6,7,0,0,1,1,1,1785498001
2026-07-31T11:50:21Z,152,14,2,9,4,0,1,1,1,1785498400
2026-07-31T11:50:21Z,153,9,1,15,7,0,1,1,1,1785498525
2026-07-31T11:50:21Z,154,14,3,6,3,0,1,1,1,1785498470
2026-07-31T11:50:21Z,155,10,4,3,1,0,1,1,1,1785498470
2026-07-31T11:50:21Z,156,5,0,14,0,0,1,1,1,1785498388
2026-07-31T11:50:21Z,157,7,0,18,2,0,1,1,1,1785498519
2026-07-31T11:50:21Z,158,14,2,2,0,0,1,1,1,1785498101
2026-07-31T11:50:21Z,159,0,0,19,0,0,1,1,1,1785497085
2026-07-31T11:50:21Z,160,12,0,7,0,0,1,1,1,1785498418
2026-07-31T11:50:21Z,161,21,4,1,0,0,1,1,1,1785498270
2026-07-31T11:50:21Z,162,14,0,12,1,0,1,1,1,1785498587
2026-07-31T11:50:21Z,163,21,2,9,0,1,1,1,1,1785498384
2026-07-31T11:50:21Z,164,23,7,4,0,0,1,1,1,1785498381
2026-07-31T11:50:21Z,165,22,11,8,1,0,1,1,1,1785498284
2026-07-31T11:50:21Z,166,29,8,6,4,0,1,1,1,1785498602
2026-07-31T11:50:21Z,167,13,7,9,1,0,1,1,1,1785498145
2026-07-31T11:50:21Z,168,20,2,5,2,0,1,1,1,1785498464
2026-07-31T11:50:21Z,169,2,0,20,0,1,1,1,1,1785498575
2026-07-31T11:50:21Z,170,18,6,0,1,0,1,1,1,1785498281
2026-07-31T11:50:21Z,171,8,2,3,2,0,1,1,1,1785498338
2026-07-31T11:50:21Z,173,35,0,4,0,0,1,1,1,1785498503
2026-07-31T11:50:21Z,174,17,1,7,2,0,1,1,1,1785498434
2026-07-31T11:50:21Z,175,9,0,22,0,0,1,1,1,1785497471
2026-07-31T11:50:21Z,176,4,1,9,1,1,1,1,1,1785498184
2026-07-31T11:50:21Z,177,15,1,12,0,0,1,1,1,1785497894
2026-07-31T11:50:21Z,178,2,0,10,2,1,1,1,1,1785498608
2026-07-31T11:50:21Z,179,9,0,5,1,0,1,1,1,1785498132
2026-07-31T11:50:21Z,180,2,0,28,0,0,1,1,1,1785497022
2026-07-31T11:50:21Z,181,11,0,4,0,0,1,1,1,1785497057
2026-07-31T11:50:21Z,182,8,0,9,0,0,1,1,1,1785497660
2026-07-31T11:50:21Z,183,10,0,12,1,0,1,1,1,1785498607
2026-07-31T11:50:21Z,184,5,1,17,1,0,1,1,1,1785498500
2026-07-31T11:50:21Z,185,11,0,1,2,1,1,1,1,1785497486
2026-07-31T11:50:21Z,186,5,1,14,0,0,1,1,1,1785498510
2026-07-31T11:50:21Z,187,9,0,18,1,0,1,1,1,1785497511
2026-07-31T11:50:21Z,188,9,0,10,8,0,1,1,1,1785498541
2026-07-31T11:50:21Z,189,11,3,3,1,0,1,1,1,1785498211
2026-07-31T11:50:21Z,190,8,2,15,0,0,1,1,1,1785498470
2026-07-31T11:50:21Z,191,5,1,34,0,0,1,1,1,1785498394
2026-07-31T11:50:21Z,192,9,1,19,3,0,1,1,1,1785496653
2026-07-31T11:50:21Z,193,1,1,14,0,0,1,1,1,1785498545
2026-07-31T11:50:21Z,194,13,2,13,1,0,1,1,1,1785498469
2026-07-31T11:50:21Z,195,10,3,9,0,0,1,1,1,1785497798
2026-07-31T11:50:21Z,196,12,2,14,1,0,1,1,1,1785498597
2026-07-31T11:50:21Z,197,15,5,3,0,1,1,1,1,1785497638
2026-07-31T11:50:21Z,198,16,15,6,1,0,1,1,1,1785498213
2026-07-31T11:50:21Z,199,3,3,11,1,0,1,1,1,1785498494
2026-07-31T11:50:21Z,200,11,0,14,1,0,1,1,1,1785498439
2026-07-31T11:50:21Z,201,1,1,22,0,0,1,1,1,1785497505
2026-07-31T11:50:21Z,202,0,0,27,0,0,1,1,1,1785494022
2026-07-31T11:50:21Z,203,26,2,4,1,0,1,1,1,1785497162
2026-07-31T11:50:21Z,204,24,0,10,1,0,1,1,1,1785498392
2026-07-31T11:50:21Z,205,9,1,18,0,0,1,1,1,1785498280
2026-07-31T11:50:21Z,206,3,3,12,0,0,1,1,1,1785498194
2026-07-31T11:50:21Z,207,11,0,10,0,0,1,1,1,1785498353
2026-07-31T11:50:21Z,208,6,1,23,0,0,1,1,1,1785498426
2026-07-31T11:50:21Z,209,4,0,24,3,0,1,1,1,1785498426
2026-07-31T11:50:21Z,210,22,1,5,0,0,1,1,1,1785498325
2026-07-31T11:50:21Z,211,10,4,11,2,0,1,1,1,1785497417
2026-07-31T11:50:21Z,212,24,1,10,1,0,1,1,1,1785498605
2026-07-31T11:50:21Z,213,9,0,12,2,0,1,1,1,1785498389
2026-07-31T11:50:21Z,214,19,0,25,3,0,1,1,1,1785498176
2026-07-31T11:50:21Z,215,4,2,18,1,0,1,1,1,1785497789
2026-07-31T11:50:21Z,216,7,0,11,1,0,1,1,1,1785498584
2026-07-31T11:50:21Z,217,8,0,20,1,0,1,1,1,1785498422
2026-07-31T11:50:21Z,218,15,5,22,2,0,1,1,1,1785498453
2026-07-31T11:50:21Z,219,8,1,17,1,0,1,1,1,1785498522
2026-07-31T11:50:21Z,220,22,5,20,0,1,1,1,1,1785497756
2026-07-31T11:50:21Z,221,8,6,5,2,0,1,1,1,1785498380
2026-07-31T11:50:21Z,222,12,12,7,0,0,1,1,1,1785498410
2026-07-31T11:50:21Z,223,13,3,18,4,0,1,1,1,1785498460
2026-07-31T11:50:21Z,224,9,5,13,0,0,1,1,1,1785498453
2026-07-31T11:50:21Z,225,13,1,0,6,0,1,1,1,1785496731
2026-07-31T11:50:21Z,226,29,9,0,2,0,1,1,1,1785498605
2026-07-31T11:50:21Z,227,24,14,1,1,1,1,1,1,1785498460
2026-07-31T11:50:21Z,228,0,0,18,1,0,1,1,1,1785498078
2026-07-31T11:50:21Z,230,12,6,14,0,0,1,1,1,1785498586
2026-07-31T11:50:21Z,232,12,6,4,1,0,1,1,1,1785498018
2026-07-31T11:50:21Z,233,15,0,14,2,0,1,1,1,1785498008
2026-07-31T11:50:21Z,234,7,3,7,3,2,1,1,1,1785497297
2026-07-31T11:50:21Z,236,8,1,11,0,0,1,1,1,1785498119
2026-07-31T11:50:21Z,237,18,5,4,1,0,1,1,1,1785498444
2026-07-31T11:50:21Z,239,22,18,2,3,0,1,1,1,1785498122
2026-07-31T11:50:21Z,241,16,5,6,1,0,1,1,1,1785498298
2026-07-31T11:50:21Z,242,10,3,11,2,0,1,1,1,1785498078
2026-07-31T11:50:21Z,243,10,1,20,1,0,1,1,1,1785497638
2026-07-31T11:50:21Z,244,13,3,13,1,0,1,1,1,1785498524
2026-07-31T11:50:21Z,245,4,4,19,0,0,1,1,1,1785498521
2026-07-31T11:50:21Z,246,15,0,8,0,0,1,1,1,1785498300
2026-07-31T11:50:21Z,247,11,10,11,1,0,1,1,1,1785495667
2026-07-31T11:50:21Z,248,18,4,3,2,0,1,1,1,1785498173
2026-07-31T11:50:21Z,249,1,1,18,0,0,1,1,1,1785498514
2026-07-31T11:50:21Z,250,20,6,7,0,0,1,1,1,1785498290
2026-07-31T11:50:21Z,251,19,5,6,2,0,1,1,1,1785498498
2026-07-31T11:50:21Z,253,7,2,12,0,0,1,1,1,1785496816
2026-07-31T11:50:21Z,254,19,19,23,1,0,1,1,1,1785498297
2026-07-31T11:50:21Z,255,0,0,22,0,1,1,1,1,1785498582
2026-07-31T11:50:21Z,256,4,4,17,2,0,1,1,1,1785498385
2026-07-31T11:50:21Z,257,12,6,7,0,0,1,1,1,1785498572
2026-07-31T11:50:21Z,258,18,0,1,0,0,1,1,1,1785497576
2026-07-31T11:50:21Z,259,19,2,3,0,1,1,1,1,1785498458
2026-07-31T11:50:21Z,260,9,2,7,3,0,1,1,1,1785498497
2026-07-31T11:50:21Z,261,11,0,6,1,1,1,1,1,1785498299
2026-07-31T11:50:21Z,262,13,9,9,1,0,1,1,1,1785498598
2026-07-31T11:50:21Z,263,9,0,6,0,0,1,1,1,1785498191
2026-07-31T11:50:21Z,264,10,2,6,3,0,1,1,1,1785497711
2026-07-31T11:50:21Z,265,11,0,4,0,0,1,1,1,1785498197
2026-07-31T11:50:21Z,266,11,7,6,2,0,1,1,1,1785498604
2026-07-31T11:50:21Z,267,5,2,8,2,0,1,1,1,1785498393
2026-07-31T11:50:21Z,268,23,9,0,0,0,1,1,1,1785484887
2026-07-31T11:50:21Z,269,8,3,15,0,0,1,1,1,1785496011
2026-07-31T11:50:21Z,270,23,1,4,0,0,1,1,1,1785491481
2026-07-31T11:50:21Z,271,4,0,13,2,0,1,1,1,1785498598
2026-07-31T11:50:21Z,272,13,12,10,0,0,1,1,1,1785497902
2026-07-31T11:50:21Z,273,13,5,2,0,0,1,1,1,1785492772
2026-07-31T11:50:21Z,274,13,5,4,2,0,1,1,1,1785498047
2026-07-31T11:50:21Z,275,16,0,7,0,0,1,1,1,1785498573
2026-07-31T11:50:21Z,276,3,2,24,0,0,1,1,1,1785496927
2026-07-31T11:50:21Z,277,14,1,4,5,0,1,1,1,1785498387
2026-07-31T11:50:21Z,278,12,1,16,2,1,1,1,1,1785498375
2026-07-31T11:50:21Z,279,14,0,5,0,0,1,1,1,1785498447
2026-07-31T11:50:21Z,280,11,2,17,3,0,1,1,1,1785498582
2026-07-31T11:50:21Z,281,19,0,0,0,0,1,1,1,1785486089
2026-07-31T11:50:21Z,282,5,2,13,0,0,1,1,1,1785484887
2026-07-31T11:50:21Z,283,28,0,7,0,0,1,1,1,1785498512
2026-07-31T11:50:21Z,284,15,2,18,2,0,1,1,1,1785497411
2026-07-31T11:50:21Z,285,8,7,15,0,0,1,1,1,1785485188
2026-07-31T11:50:21Z,286,12,11,7,4,0,1,1,1,1785498601
2026-07-31T11:50:21Z,287,15,4,5,3,0,1,1,1,1785497573
2026-07-31T11:50:21Z,288,11,7,8,0,0,1,1,1,1785498587
2026-07-31T11:50:21Z,289,20,1,4,3,0,1,1,1,1785498343
2026-07-31T11:50:21Z,290,5,0,33,1,0,1,1,1,1785498173
2026-07-31T11:50:21Z,291,5,1,17,1,0,1,1,1,1785498594
2026-07-31T11:50:21Z,292,22,1,0,1,0,1,1,1,1785498331
2026-07-31T11:50:21Z,293,14,10,9,0,0,1,1,1,1785498327
2026-07-31T11:50:21Z,294,1,1,20,1,0,1,1,1,1785493458
2026-07-31T11:50:21Z,297,14,3,3,1,1,1,1,1,1785498278
2026-07-31T11:50:21Z,301,17,0,2,0,0,1,1,1,1785496440
2026-07-31T11:50:21Z,302,4,0,19,0,0,1,1,1,1785498495
2026-07-31T11:50:21Z,303,14,0,5,0,0,1,1,1,1785498339
2026-07-31T11:50:21Z,304,0,0,0,0,0,0,1,1,86400
2026-07-31T11:50:21Z,305,3,0,15,1,0,1,1,1,1785498604
2026-07-31T11:50:21Z,306,4,0,27,1,0,1,1,1,1785498480
2026-07-31T11:50:21Z,307,16,0,5,1,1,1,1,1,1785498384
2026-07-31T11:50:21Z,308,16,0,1,2,0,1,1,1,1785498549
2026-07-31T11:50:21Z,309,12,3,2,0,0,1,1,1,1785498509
2026-07-31T11:50:21Z,311,13,0,2,0,0,1,1,1,1785498401
2026-07-31T11:50:21Z,312,4,2,15,3,1,1,1,1,1785498394
2026-07-31T11:50:21Z,313,3,1,12,0,0,1,1,1,1785486991
2026-07-31T11:50:21Z,314,4,3,11,3,0,1,1,1,1785486991
2026-07-31T11:50:21Z,315,19,4,10,2,0,1,1,1,1785498537
2026-07-31T11:50:21Z,316,0,0,25,5,1,1,1,1,1785498324
2026-07-31T11:50:21Z,317,23,1,7,0,1,1,1,1,1785498555
2026-07-31T11:50:21Z,318,16,0,3,0,0,1,1,1,1785486991
2026-07-31T11:50:21Z,319,20,4,2,1,0,1,1,1,1785498233
2026-07-31T11:50:21Z,320,14,4,4,1,0,1,1,1,1785498526
2026-07-31T11:50:21Z,321,9,2,6,4,0,1,1,1,1785498499
2026-07-31T11:50:21Z,322,6,1,22,1,0,1,1,1,1785497204
2026-07-31T11:50:21Z,323,10,0,9,0,0,1,1,1,1785496848
2026-07-31T11:50:21Z,324,22,5,3,2,0,1,1,1,1785498597
2026-07-31T11:50:21Z,325,6,3,18,3,0,1,1,1,1785498047
2026-07-31T11:50:21Z,327,24,0,2,1,0,1,1,1,1785498507
2026-07-31T11:50:21Z,328,13,0,8,1,0,1,1,1,1785497922
2026-07-31T11:50:21Z,329,16,0,1,2,0,1,1,1,1785496402
2026-07-31T11:50:21Z,330,2,0,20,0,0,1,1,1,1785497841
2026-07-31T11:50:21Z,331,7,2,15,1,0,1,1,1,1785497175
2026-07-31T11:50:21Z,332,11,2,6,2,0,1,1,1,1785498551
2026-07-31T11:50:21Z,333,1,0,21,1,0,1,1,1,1785498555
2026-07-31T11:50:21Z,334,8,8,15,0,0,1,1,1,1785498007
2026-07-31T11:50:21Z,335,3,2,18,1,1,1,1,1,1785498583
2026-07-31T11:50:21Z,336,17,2,2,0,0,1,1,1,1785496291
2026-07-31T11:50:21Z,337,14,3,4,5,0,1,1,1,1785498565
2026-07-31T11:50:21Z,338,13,6,6,0,0,1,1,1,1785496612
2026-07-31T11:50:21Z,339,5,3,17,1,0,1,1,1,1785498520
2026-07-31T11:50:21Z,340,10,10,4,1,0,1,1,1,1785498544
2026-07-31T11:50:21Z,341,4,1,15,0,0,1,1,1,1785498049
2026-07-31T11:50:21Z,342,9,3,4,2,0,1,1,1,1785498483
2026-07-31T11:50:21Z,343,20,1,2,1,0,1,1,1,1785497528
2026-07-31T11:50:21Z,344,23,9,0,0,0,1,1,1,1785488186
2026-07-31T11:50:21Z,345,16,3,3,0,0,1,1,1,1785498182
2026-07-31T11:50:21Z,346,10,6,13,0,0,1,1,1,1785496194
2026-07-31T11:50:21Z,347,31,4,11,2,0,1,1,1,1785498604
2026-07-31T11:50:21Z,348,21,2,0,1,1,1,1,1,1785498502
2026-07-31T11:50:21Z,349,8,2,11,0,0,1,1,1,1785496603
2026-07-31T11:50:21Z,350,20,3,5,1,1,1,1,1,1785498146
2026-07-31T11:50:21Z,351,14,2,6,3,0,1,1,1,1785498496
2026-07-31T11:50:21Z,355,18,1,5,0,0,1,1,1,1785498549
2026-07-31T11:50:21Z,356,15,0,3,1,0,1,1,1,1785498522
2026-07-31T11:50:21Z,357,8,4,11,0,0,1,1,1,1785496664
2026-07-31T11:50:21Z,358,19,4,7,1,0,1,1,1,1785498480
2026-07-31T11:50:21Z,359,16,0,11,0,0,1,1,1,1785497818
2026-07-31T11:50:21Z,360,13,3,4,2,0,1,1,1,1785498105
2026-07-31T11:50:21Z,362,12,1,3,4,0,1,1,1,1785498227
2026-07-31T11:50:21Z,363,5,0,22,0,0,1,1,1,1785498539
2026-07-31T11:50:21Z,364,16,3,3,0,0,1,1,1,1785498287
2026-07-31T11:50:21Z,365,13,1,6,4,0,1,1,1,1785497858
2026-07-31T11:50:21Z,366,5,4,11,7,0,1,1,1,1785498560
2026-07-31T11:50:21Z,367,14,9,4,1,0,1,1,1,1785497713
2026-07-31T11:50:21Z,368,16,3,5,2,0,1,1,1,1785498223
2026-07-31T11:50:21Z,370,8,6,19,0,0,1,1,1,1785497513
2026-07-31T11:50:21Z,371,4,0,14,1,0,1,1,1,1785497231
2026-07-31T11:50:21Z,372,5,1,10,0,0,1,1,1,1785498130
2026-07-31T11:50:21Z,373,25,9,2,0,0,1,1,1,1785493650
2026-07-31T11:50:21Z,374,14,6,3,2,0,1,1,1,1785498541
2026-07-31T11:50:21Z,375,20,7,3,4,0,1,1,1,1785498231
2026-07-31T11:50:21Z,376,29,5,5,5,0,1,1,1,1785498573
2026-07-31T11:50:21Z,377,22,9,5,0,0,1,1,1,1785498027
2026-07-31T11:50:21Z,378,17,5,5,1,1,1,1,1,1785498454
2026-07-31T11:50:21Z,379,14,1,13,0,0,1,1,1,1785498358
2026-07-31T11:50:21Z,380,19,6,4,0,0,1,1,1,1785496843
2026-07-31T11:50:21Z,381,6,0,17,0,0,1,1,1,1785497450
2026-07-31T11:50:21Z,383,8,0,6,1,0,1,1,1,1785498534
2026-07-31T11:50:21Z,384,21,1,5,1,0,1,1,1,1785498206
2026-07-31T11:50:21Z,385,15,4,1,2,0,1,1,1,1785498555
2026-07-31T11:50:21Z,387,20,2,3,0,0,1,1,1,1785496960
2026-07-31T11:50:21Z,388,21,3,28,0,0,1,1,1,1785498607
2026-07-31T11:50:21Z,389,8,7,7,0,0,1,1,1,1785495116
2026-07-31T11:50:21Z,390,14,0,21,0,0,1,1,1,1785498138
2026-07-31T11:50:21Z,391,3,0,11,1,0,1,1,1,1785497329
2026-07-31T11:50:21Z,392,2,2,16,1,0,1,1,1,1785498438
2026-07-31T11:50:21Z,393,3,3,5,3,0,1,1,1,1785487292
2026-07-31T11:50:21Z,394,6,4,5,2,0,1,1,1,1785498256
2026-07-31T11:50:21Z,396,10,7,29,3,0,1,1,1,1785498604
2026-07-31T11:50:21Z,397,5,5,26,0,0,1,1,1,1785497106
2026-07-31T11:50:21Z,399,11,0,4,2,0,1,1,1,1785497544
2026-07-31T11:50:21Z,400,10,5,9,4,0,1,1,1,1785498362
2026-07-31T11:50:21Z,401,3,0,28,8,0,1,1,1,1785498537
2026-07-31T11:50:21Z,403,19,0,8,4,0,1,1,1,1785498545
2026-07-31T11:50:21Z,404,1,1,21,1,0,1,1,1,1785497981
2026-07-31T11:50:21Z,406,2,2,32,1,0,1,1,1,1785497256
2026-07-31T11:50:21Z,407,16,3,17,1,0,1,1,1,1785498083
2026-07-31T11:50:21Z,408,13,3,18,2,0,1,1,1,1785497327
2026-07-31T11:50:21Z,409,2,0,18,3,0,1,1,1,1785498301
2026-07-31T11:50:21Z,413,19,4,2,2,0,1,1,1,1785498044
2026-07-31T11:50:21Z,414,9,2,5,1,0,1,1,1,1785498371
2026-07-31T11:50:21Z,417,9,8,10,0,0,1,1,1,1785498560
2026-07-31T11:50:21Z,418,0,0,15,0,0,1,1,1,1785497765
2026-07-31T11:50:21Z,419,12,1,11,0,0,1,1,1,1785498303
2026-07-31T11:50:21Z,421,2,0,17,0,0,1,1,1,1785496453
2026-07-31T11:50:21Z,422,4,3,22,1,0,1,1,1,1785493261
2026-07-31T11:50:21Z,423,3,2,20,0,0,1,1,1,1785495719
2026-07-31T11:50:21Z,424,6,2,6,3,0,1,1,1,1785498137
2026-07-31T11:50:21Z,425,16,0,5,0,1,1,1,1,1785497662
2026-07-31T11:50:21Z,426,5,0,30,2,0,1,1,1,1785498555
2026-07-31T11:50:21Z,427,12,1,2,1,0,1,1,1,1785498378
2026-07-31T11:50:21Z,428,17,2,1,1,0,1,1,1,1785498469
2026-07-31T11:50:21Z,429,3,2,18,2,0,1,1,1,1785497787
2026-07-31T11:50:21Z,430,28,1,0,3,0,1,1,1,1785498350
2026-07-31T11:50:21Z,431,15,0,17,1,0,1,1,1,1785495603
2026-07-31T11:50:21Z,432,16,0,13,2,0,0,1,1,1785497862
2026-07-31T11:50:21Z,433,18,5,3,2,0,1,1,1,1785495888
2026-07-31T11:50:21Z,437,4,4,14,1,0,1,1,1,1785498226
2026-07-31T11:50:21Z,438,17,1,1,1,0,1,1,1,1785498560
2026-07-31T11:50:21Z,439,5,0,10,0,0,1,1,1,1785498203
2026-07-31T11:50:21Z,440,11,3,2,2,0,1,1,1,1785498457
2026-07-31T11:50:21Z,441,12,1,2,1,0,1,1,1,1785498592
2026-07-31T11:50:21Z,442,17,10,1,1,0,1,1,1,1785497561
2026-07-31T11:50:21Z,443,4,2,23,0,0,1,1,1,1785485488
2026-07-31T11:50:21Z,444,2,2,21,0,0,1,1,1,1785485488
2026-07-31T11:50:21Z,445,7,2,15,1,0,1,1,1,1785498602
2026-07-31T11:50:21Z,446,0,0,22,1,0,1,1,1,1785494652
2026-07-31T11:50:21Z,447,3,0,18,1,1,1,1,1,1785496389
2026-07-31T11:50:21Z,448,9,4,5,1,0,1,1,1,1785487895
2026-07-31T11:50:21Z,452,6,4,12,1,0,1,1,1,1785498196
2026-07-31T11:50:21Z,453,6,5,8,1,0,1,1,1,1785498030
2026-07-31T11:50:21Z,454,8,0,11,0,0,1,1,1,1785498523
2026-07-31T11:50:21Z,455,4,2,35,0,0,1,1,1,1785497844
2026-07-31T11:50:21Z,456,7,0,12,1,0,1,1,1,1785498603
2026-07-31T11:50:21Z,457,24,2,1,2,0,1,1,1,1785497302
2026-07-31T11:50:21Z,458,11,4,12,0,0,1,1,1,1785497899
2026-07-31T11:50:21Z,459,14,0,1,0,0,1,1,1,1785496514
2026-07-31T11:50:21Z,460,17,2,5,1,0,1,1,1,1785497859
2026-07-31T11:50:21Z,461,6,1,13,0,0,1,1,1,1785498194
2026-07-31T11:50:21Z,462,15,1,6,0,0,1,1,1,1785498436
2026-07-31T11:50:21Z,463,11,1,8,0,0,1,1,1,1785497740
2026-07-31T11:50:21Z,464,4,1,10,0,0,1,1,1,1785498095
2026-07-31T11:50:21Z,465,0,0,14,1,0,1,1,1,1785496369
2026-07-31T11:50:21Z,466,12,3,1,2,0,1,1,1,1785497185
2026-07-31T11:50:21Z,467,1,1,18,0,0,1,1,1,1785497262
2026-07-31T11:50:21Z,468,17,1,1,1,0,1,1,1,1785485789
2026-07-31T11:50:21Z,469,1,1,22,0,0,1,1,1,1785497045
2026-07-31T11:50:21Z,470,10,1,3,2,0,1,1,1,1785498392
2026-07-31T11:50:21Z,471,22,2,5,0,0,1,1,1,1785487895
2026-07-31T11:50:21Z,472,14,4,4,1,0,1,1,1,1785498343
2026-07-31T11:50:21Z,473,18,4,0,1,0,1,1,1,1785497996
2026-07-31T11:50:21Z,474,15,0,4,0,0,1,1,1,1785495804
2026-07-31T11:50:21Z,475,4,1,14,1,0,1,1,1,1785497991
2026-07-31T11:50:21Z,477,7,5,7,1,0,1,1,1,1785497500
2026-07-31T11:50:21Z,478,6,0,24,1,0,1,1,1,1785497784
2026-07-31T11:50:21Z,479,5,0,21,1,0,1,1,1,1785498047
2026-07-31T11:50:21Z,480,3,0,9,3,0,1,1,1,1785495583
2026-07-31T11:50:21Z,481,28,0,6,1,0,1,1,1,1785498428
2026-07-31T11:50:21Z,482,16,6,3,0,0,1,1,1,1785498411
2026-07-31T11:50:21Z,483,1,0,24,2,0,1,1,1,1785498326
2026-07-31T11:50:21Z,484,1,1,17,1,0,1,1,1,1785498512
2026-07-31T11:50:21Z,485,15,6,2,1,1,1,1,1,1785498395
2026-07-31T11:50:21Z,486,20,3,4,3,0,1,1,1,1785498599
2026-07-31T11:50:21Z,487,2,2,16,1,0,1,1,1,1785498289
2026-07-31T11:50:21Z,489,6,3,7,2,0,1,1,1,1785498308
2026-07-31T11:50:21Z,490,3,1,13,0,0,1,1,1,1785498472
2026-07-31T11:50:21Z,491,3,1,18,0,0,1,1,1,1785497536
2026-07-31T11:50:21Z,492,4,2,3,4,0,1,1,1,1785498606
2026-07-31T11:50:21Z,493,1,0,25,1,0,1,1,1,1785496554
2026-07-31T11:50:21Z,495,10,1,1,4,0,1,1,1,1785498565
2026-07-31T11:50:21Z,496,22,1,5,0,0,1,1,1,1785497585
2026-07-31T11:50:21Z,497,12,1,6,1,0,1,1,1,1785498565
2026-07-31T11:50:21Z,498,20,2,2,1,0,1,1,1,1785498543
2026-07-31T11:50:21Z,499,15,0,3,1,0,1,1,1,1785498513
2026-07-31T11:50:21Z,500,5,2,4,6,0,1,1,1,1785498077
2026-07-31T11:50:21Z,501,12,5,9,0,0,1,1,1,1785496130
2026-07-31T11:50:21Z,502,8,0,11,0,0,1,1,1,1785498415
2026-07-31T11:50:21Z,503,25,0,5,1,0,1,1,1,1785498331
2026-07-31T11:50:21Z,504,5,1,34,0,0,1,1,1,1785498604
2026-07-31T11:50:21Z,505,7,0,4,1,0,1,1,1,1785497922
2026-07-31T11:50:21Z,511,8,3,15,0,0,1,1,1,1785498191
2026-07-31T11:50:21Z,512,11,0,16,0,0,1,1,1,1785498428
2026-07-31T11:50:21Z,514,7,0,3,1,0,1,1,1,1785497051
2026-07-31T11:50:21Z,515,2,0,17,0,0,1,1,1,1785497478
2026-07-31T11:50:21Z,516,5,1,22,0,0,1,1,1,1785498577
2026-07-31T11:50:21Z,517,12,1,10,1,0,1,1,1,1785497817
2026-07-31T11:50:21Z,518,13,1,1,1,0,1,1,1,1785494366
2026-07-31T11:50:21Z,519,2,0,15,2,0,1,1,1,1785497842
2026-07-31T11:50:21Z,520,10,6,11,5,1,1,1,1,1785498605
2026-07-31T11:50:21Z,521,17,4,6,0,0,1,1,1,1785497490
2026-07-31T11:50:21Z,522,0,0,22,1,0,1,1,1,1785496158
2026-07-31T11:50:21Z,523,6,4,16,1,0,1,1,1,1785494750
2026-07-31T11:50:21Z,524,0,0,23,0,0,1,1,1,1785494956
2026-07-31T11:50:21Z,525,9,0,10,0,0,1,1,1,1785497698
2026-07-31T11:50:21Z,526,13,1,0,2,0,1,1,1,1785486390
2026-07-31T11:50:21Z,527,6,3,17,3,0,1,1,1,1785498431
2026-07-31T11:50:21Z,528,19,1,3,1,0,1,1,1,1785498176
2026-07-31T11:50:21Z,529,5,2,8,6,0,1,1,1,1785498605
2026-07-31T11:50:21Z,530,8,0,11,2,0,1,1,1,1785497983
2026-07-31T11:50:21Z,531,17,0,4,1,1,1,1,1,1785498485
2026-07-31T11:50:21Z,532,3,3,27,1,0,1,1,1,1785488341
2026-07-31T11:50:21Z,533,7,0,10,2,0,1,1,1,1785498403
2026-07-31T11:50:21Z,534,10,1,12,1,0,1,1,1,1785498281
2026-07-31T11:50:21Z,535,3,0,12,0,0,1,1,1,1785494305
2026-07-31T11:50:21Z,536,21,0,2,0,0,1,1,1,1785498424
2026-07-31T11:50:21Z,537,4,0,16,0,0,1,1,1,1785497667
2026-07-31T11:50:21Z,538,16,5,5,0,2,1,1,1,1785498493
2026-07-31T11:50:21Z,539,5,5,26,0,0,1,1,1,1785498487
2026-07-31T11:50:21Z,540,0,0,19,0,0,1,1,1,1785496523
2026-07-31T11:50:21Z,541,20,2,6,1,0,1,1,1,1785498072
2026-07-31T11:50:21Z,542,11,5,11,1,0,1,1,1,1785498508
2026-07-31T11:50:21Z,543,15,2,3,1,0,1,1,1,1785498358
2026-07-31T11:50:21Z,544,10,1,8,4,0,1,1,1,1785497947
2026-07-31T11:50:21Z,545,2,0,15,2,0,1,1,1,1785498561
2026-07-31T11:50:21Z,546,11,6,8,0,0,1,1,1,1785498306
2026-07-31T11:50:21Z,547,18,1,7,0,0,1,1,1,1785497849
2026-07-31T11:50:21Z,548,15,1,8,0,0,1,1,1,1785495571
2026-07-31T11:50:21Z,549,17,0,6,0,0,1,1,1,1785498489
2026-07-31T11:50:21Z,550,6,0,13,0,0,1,1,1,1785498359
2026-07-31T11:50:21Z,551,12,4,11,0,0,1,1,1,1785498569
2026-07-31T11:50:21Z,552,25,3,2,0,0,1,1,1,1785498346
2026-07-31T11:50:21Z,553,14,3,8,0,1,1,1,1,1785498555
2026-07-31T11:50:21Z,554,1,1,18,0,0,1,1,1,1785486691
2026-07-31T11:50:21Z,555,11,4,3,1,0,1,1,1,1785496928
2026-07-31T11:50:21Z,556,18,4,3,2,0,1,1,1,1785498543
2026-07-31T11:50:21Z,557,8,4,10,5,0,1,1,1,1785497799
2026-07-31T11:50:21Z,558,32,5,5,0,0,1,1,1,1785498457
2026-07-31T11:50:21Z,559,0,0,17,2,0,1,1,1,1785497493
2026-07-31T11:50:21Z,560,8,0,19,0,0,1,1,1,1785497877
2026-07-31T11:50:21Z,561,15,1,7,1,0,1,1,1,1785497866
2026-07-31T11:50:21Z,562,3,0,29,3,0,1,1,1,1785486691
2026-07-31T11:50:21Z,563,9,0,5,0,0,1,1,1,1785498594
2026-07-31T11:50:21Z,564,8,0,10,1,0,1,1,1,1785497662
2026-07-31T11:50:21Z,565,4,1,15,0,0,1,1,1,1785498413
2026-07-31T11:50:21Z,566,15,1,3,1,0,1,1,1,1785498339
2026-07-31T11:50:21Z,567,26,1,0,1,0,1,1,1,1785493771
2026-07-31T11:50:21Z,568,16,0,2,1,0,1,1,1,1785496988
2026-07-31T11:50:21Z,569,16,2,3,0,0,1,1,1,1785496200
2026-07-31T11:50:21Z,570,7,0,12,0,0,1,1,1,1785498257
2026-07-31T11:50:21Z,571,8,0,15,0,0,1,1,1,1785498422
2026-07-31T11:50:21Z,572,10,4,8,1,0,1,1,1,1785498420
2026-07-31T11:50:21Z,573,10,0,5,0,0,1,1,1,1785498110
2026-07-31T11:50:21Z,574,6,2,9,0,0,1,1,1,1785498496
2026-07-31T11:50:21Z,575,5,0,15,1,0,1,1,1,1785497652
2026-07-31T11:50:21Z,576,3,1,14,2,0,1,1,1,1785498027
2026-07-31T11:50:21Z,577,19,0,12,0,0,1,1,1,1785497641
2026-07-31T11:50:21Z,578,11,9,11,1,0,1,1,1,1785498281
2026-07-31T11:50:21Z,579,5,0,38,0,0,1,1,1,1785495141
2026-07-31T11:50:21Z,580,2,0,27,0,0,1,1,1,1785498173
2026-07-31T11:50:21Z,581,10,0,9,0,0,1,1,1,1785498326
2026-07-31T11:50:21Z,582,23,0,37,1,0,1,1,1,1785498603
2026-07-31T11:50:21Z,583,20,0,2,1,0,1,1,1,1785497860
2026-07-31T11:50:21Z,584,5,4,9,5,0,1,1,1,1785498580
2026-07-31T11:50:21Z,585,10,2,16,0,1,1,1,1,1785498380
2026-07-31T11:50:21Z,586,10,0,25,0,0,1,1,1,1785496987
2026-07-31T11:50:21Z,587,13,0,10,1,0,1,1,1,1785498507
2026-07-31T11:50:21Z,588,11,4,5,2,1,1,1,1,1785498600
2026-07-31T11:50:21Z,589,14,7,7,1,0,1,1,1,1785498478
2026-07-31T11:50:21Z,590,16,2,14,1,0,1,1,1,1785496962
2026-07-31T11:50:21Z,591,23,0,5,2,0,1,1,1,1785498457
2026-07-31T11:50:21Z,592,12,0,11,0,0,1,1,1,1785498557
2026-07-31T11:50:21Z,593,3,0,35,0,0,1,1,1,1785497527
2026-07-31T11:50:21Z,594,6,1,13,2,0,1,1,1,1785498339
2026-07-31T11:50:21Z,595,0,0,3,0,0,0,1,1,1784046673
2026-07-31T11:50:21Z,605,0,0,2,1,0,0,1,1,1783975843
2026-07-31T11:50:21Z,606,0,0,0,0,0,0,1,1,86400
2026-07-31T11:50:21Z,607,15,3,16,1,0,1,1,1,1785498001
2026-07-31T11:50:21Z,608,5,1,45,0,0,1,1,1,1785498066
2026-07-31T11:50:21Z,609,0,0,23,0,0,1,1,1,1785496326
2026-07-31T11:50:21Z,610,0,0,35,0,0,1,1,1,1785498270
2026-07-31T11:50:21Z,611,4,0,22,1,0,1,1,1,1785498596
2026-07-31T11:50:21Z,612,7,1,8,0,0,1,1,1,1785498548
2026-07-31T11:50:21Z,613,9,0,2,4,0,1,1,1,1785489318
2026-07-31T11:50:21Z,614,2,2,22,2,1,1,1,1,1785495770
2026-07-31T11:50:21Z,617,13,2,1,1,0,1,1,1,1785497067
2026-07-31T11:50:21Z,618,11,1,3,5,0,1,1,1,1785496082
2026-07-31T11:50:21Z,619,3,2,16,0,0,1,1,1,1785497984
2026-07-31T11:50:21Z,620,2,1,25,0,0,1,1,1,1785497452
2026-07-31T11:50:21Z,621,0,0,22,1,0,1,1,1,1785498380
2026-07-31T11:50:21Z,622,7,3,15,1,0,1,1,1,1785498360
2026-07-31T11:50:21Z,623,8,3,21,1,0,1,1,1,1785498054
2026-07-31T11:50:21Z,624,1,0,14,0,0,1,1,1,1785493218
2026-07-31T11:50:21Z,625,3,0,16,2,0,1,1,1,1785497695
2026-07-31T11:50:21Z,626,5,0,40,0,2,1,1,1,1785495289
2026-07-31T11:50:21Z,627,14,6,5,0,0,1,1,1,1785493197
2026-07-31T11:50:21Z,628,1,1,14,2,2,1,1,1,1785498507
2026-07-31T11:50:21Z,629,4,1,6,1,0,1,1,1,1785498564
2026-07-31T11:50:21Z,630,3,2,21,3,0,1,1,1,1785498389
2026-07-31T11:50:21Z,631,3,1,20,0,0,1,1,1,1785498157
2026-07-31T11:50:21Z,632,20,0,1,2,0,1,1,1,1785492884
2026-07-31T11:50:21Z,633,12,1,0,3,0,1,1,1,1785498510
2026-07-31T11:50:21Z,634,10,2,9,0,0,1,1,1,1785498289
2026-07-31T11:50:21Z,635,15,1,4,0,0,1,1,1,1785497505
2026-07-31T11:50:21Z,636,10,2,5,0,0,1,1,1,1785488201
2026-07-31T11:50:21Z,637,7,1,12,0,0,1,1,1,1785498458
2026-07-31T11:50:21Z,638,6,1,11,2,0,1,1,1,1785498536
2026-07-31T11:50:21Z,639,5,1,12,2,0,1,1,1,1785497769
2026-07-31T11:50:21Z,640,5,3,17,1,0,1,1,1,1785498569
2026-07-31T11:50:21Z,641,14,0,10,2,0,1,1,1,1785498184
2026-07-31T11:50:21Z,642,4,3,7,8,0,1,1,1,1785498608
2026-07-31T11:50:21Z,643,2,0,18,7,0,1,1,1,1785498607
2026-07-31T11:50:21Z,644,12,0,2,1,0,1,1,1,1785486991
2026-07-31T11:50:21Z,645,11,0,10,1,1,1,1,1,1785488495
2026-07-31T11:50:21Z,646,7,2,12,0,0,1,1,1,1785498583
2026-07-31T11:50:21Z,647,27,1,4,0,0,1,1,1,1785498136
2026-07-31T11:50:21Z,648,6,0,12,1,0,1,1,1,1785497783
2026-07-31T11:50:21Z,649,18,2,12,1,0,1,1,1,1785498237
2026-07-31T11:50:21Z,650,5,1,9,0,0,1,1,1,1785488201
2026-07-31T11:50:21Z,651,7,7,16,0,0,1,1,1,1785496786
2026-07-31T11:50:21Z,652,3,2,18,2,0,1,1,1,1785498376
2026-07-31T11:50:21Z,653,8,2,10,1,0,1,1,1,1785498189
2026-07-31T11:50:21Z,654,2,2,13,0,0,1,1,1,1785488202
2026-07-31T11:50:21Z,655,7,3,1,4,1,1,1,1,1785498331
2026-07-31T11:50:21Z,656,16,6,3,0,0,1,1,1,1785498575
2026-07-31T11:50:21Z,657,9,1,4,2,2,1,1,1,1785498347
2026-07-31T11:50:21Z,658,9,1,1,0,0,1,1,1,1785473427
2026-07-31T11:50:21Z,659,8,3,5,2,0,1,1,1,1785495755
2026-07-31T11:50:21Z,660,12,0,15,4,0,1,1,1,1785498300
2026-07-31T11:50:21Z,661,2,1,17,0,0,1,1,1,1785498375
2026-07-31T11:50:21Z,662,4,3,16,3,0,1,1,1,1785493876
2026-07-31T11:50:21Z,663,12,6,2,1,0,1,1,1,1785498409
2026-07-31T11:50:21Z,664,1,0,26,0,0,1,1,1,1785495012
2026-07-31T11:50:21Z,665,12,3,3,0,0,1,1,1,1785488202
2026-07-31T11:50:21Z,666,8,2,5,2,0,1,1,1,1785495733
2026-07-31T11:50:21Z,667,0,0,19,0,0,1,1,1,1785486991
2026-07-31T11:50:21Z,668,10,1,8,1,0,1,1,1,1785488201
2026-07-31T11:50:21Z,669,12,5,2,0,0,1,1,1,1785498348
2026-07-31T11:50:21Z,670,9,1,18,0,0,1,1,1,1785498243
2026-07-31T11:50:21Z,671,26,5,0,1,0,1,1,1,1785498199
2026-07-31T11:50:21Z,672,12,2,7,3,1,1,1,1,1785491597
2026-07-31T11:50:21Z,673,17,0,4,2,0,1,1,1,1785498298
2026-07-31T11:50:21Z,674,5,3,15,3,0,1,1,1,1785498344
2026-07-31T11:50:21Z,675,11,6,2,2,0,1,1,1,1785498497
2026-07-31T11:50:21Z,676,8,0,13,1,0,1,1,1,1785498002
2026-07-31T11:50:21Z,681,9,2,3,3,0,1,1,1,1785498513
2026-07-31T11:50:21Z,682,4,1,14,1,0,1,1,1,1785486991
2026-07-31T11:50:21Z,683,4,1,15,0,0,1,1,1,1785497438
2026-07-31T11:50:21Z,684,3,0,24,0,0,1,1,1,1785487883
2026-07-31T11:50:21Z,685,9,0,16,1,1,1,1,1,1785497786
2026-07-31T11:50:21Z,686,8,0,16,3,0,1,1,1,1785498366
2026-07-31T11:50:21Z,687,11,0,18,1,1,1,1,1,1785498380
2026-07-31T11:50:21Z,688,10,0,2,7,0,1,1,1,1785498455
2026-07-31T11:50:21Z,692,0,0,21,0,0,1,1,1,1785498497
2026-07-31T11:50:21Z,693,6,0,2,3,0,1,1,1,1785498043
2026-07-31T11:50:21Z,694,9,5,12,0,0,1,1,1,1785497813
2026-07-31T11:50:21Z,695,13,8,10,0,0,1,1,1,1785498269
2026-07-31T11:50:21Z,696,17,14,4,2,0,1,1,1,1785498014
2026-07-31T11:50:21Z,697,9,1,14,0,0,1,1,1,1785497719
2026-07-31T11:50:21Z,698,22,1,5,0,0,1,1,1,1785497368
2026-07-31T11:50:21Z,699,7,0,7,1,0,1,1,1,1785498359
2026-07-31T11:50:21Z,700,18,4,1,0,0,1,1,1,1785498501
2026-07-31T11:50:21Z,701,15,5,4,0,0,1,1,1,1785498423
2026-07-31T11:50:21Z,702,18,1,5,0,0,1,1,1,1785498504
2026-07-31T11:50:21Z,704,7,2,8,0,0,1,1,1,1785497320
2026-07-31T11:50:21Z,705,4,1,9,2,0,1,1,1,1785498600
2026-07-31T11:50:21Z,706,12,2,0,3,0,1,1,1,1785497890
2026-07-31T11:50:21Z,707,8,1,7,0,0,1,1,1,1785498513
2026-07-31T11:50:21Z,708,18,2,0,1,0,1,1,1,1785497198
2026-07-31T11:50:21Z,709,9,0,3,3,0,1,1,1,1785498558
2026-07-31T11:50:21Z,710,16,4,2,1,0,1,1,1,1785498329
2026-07-31T11:50:21Z,711,18,3,1,4,0,1,1,1,1785498295
2026-07-31T11:50:21Z,712,7,7,8,0,0,1,1,1,1785498274
2026-07-31T11:50:21Z,713,6,0,17,0,0,1,1,1,1785498564
2026-07-31T11:50:21Z,716,3,2,12,0,0,1,1,1,1785498247
2026-07-31T11:50:21Z,717,4,2,18,3,0,1,1,1,1785498335
2026-07-31T11:50:21Z,718,6,1,8,1,0,1,1,1,1785498284
2026-07-31T11:50:21Z,719,8,2,21,0,0,1,1,1,1785497498
2026-07-31T11:50:21Z,720,2,1,17,0,0,1,1,1,1785498535
2026-07-31T11:50:21Z,721,1,1,20,2,0,1,1,1,1785497534
2026-07-31T11:50:21Z,722,5,0,10,0,0,1,1,1,1785498292
2026-07-31T11:50:21Z,723,12,1,11,0,0,1,1,1,1785498392
2026-07-31T11:50:21Z,724,11,4,12,0,0,1,1,1,1785498505
2026-07-31T11:50:21Z,725,15,5,7,1,0,1,1,1,1785498454
2026-07-31T11:50:21Z,726,18,3,1,0,0,1,1,1,1785498403
2026-07-31T11:50:21Z,727,8,3,12,3,0,1,1,1,1785497483
2026-07-31T11:50:21Z,728,9,0,5,1,0,1,1,1,1785497023
2026-07-31T11:50:21Z,729,1,0,18,0,0,1,1,1,1785498463
2026-07-31T11:50:21Z,730,3,2,10,2,0,1,1,1,1785497618
2026-07-31T11:50:21Z,731,9,3,5,1,0,1,1,1,1785498548
2026-07-31T11:50:21Z,732,7,5,8,0,0,1,1,1,1785497772
2026-07-31T11:50:21Z,733,7,2,20,0,0,1,1,1,1785498579
2026-07-31T11:50:21Z,734,0,0,14,0,0,1,1,1,1785498526
2026-07-31T11:50:21Z,735,4,4,23,0,0,1,1,1,1785498443
2026-07-31T11:50:21Z,736,6,0,12,1,0,1,1,1,1785497659
2026-07-31T11:50:21Z,737,4,3,10,0,1,1,1,1,1785497163
2026-07-31T11:50:21Z,738,16,4,1,2,0,1,1,1,1785497381
2026-07-31T11:50:21Z,739,20,2,6,1,0,1,1,1,1785497277
2026-07-31T11:50:21Z,741,7,1,16,0,0,1,1,1,1785497058
2026-07-31T11:50:21Z,742,3,0,30,2,0,1,1,1,1785497839
2026-07-31T11:50:21Z,743,9,3,8,2,0,1,1,1,1785496928
2026-07-31T11:50:21Z,744,9,3,5,1,0,1,1,1,1785497431
2026-07-31T11:50:21Z,745,13,4,5,1,0,1,1,1,1785498550
2026-07-31T11:50:21Z,746,8,0,13,2,0,1,1,1,1785498495
2026-07-31T11:50:21Z,747,0,0,4,0,0,0,1,1,1783446606
2026-07-31T11:50:21Z,748,10,1,13,0,0,1,1,1,1785498248
2026-07-31T11:50:21Z,749,6,5,16,1,0,1,1,1,1785498161
2026-07-31T11:50:21Z,750,3,1,8,0,0,1,1,1,1785498475
2026-07-31T11:50:21Z,751,8,0,15,0,0,1,1,1,1785498390
2026-07-31T11:50:21Z,752,14,1,2,1,0,1,1,1,1785498595
2026-07-31T11:50:21Z,753,3,0,12,0,0,1,1,1,1785498228
2026-07-31T11:50:21Z,754,3,1,11,1,0,1,1,1,1785498373
2026-07-31T11:50:21Z,755,10,2,12,1,0,1,1,1,1785498113
2026-07-31T11:50:21Z,756,12,6,25,0,0,1,1,1,1785498525
2026-07-31T11:50:21Z,757,16,9,3,0,0,1,1,1,1785498224
2026-07-31T11:50:21Z,758,21,3,2,0,0,1,1,1,1785498574
2026-07-31T11:50:21Z,759,3,2,12,0,0,1,1,1,1785497556
2026-07-31T11:50:21Z,760,8,3,11,0,0,1,1,1,1785488200
2026-07-31T11:50:21Z,761,17,0,5,1,0,1,1,1,1785498088
2026-07-31T11:50:21Z,762,5,3,5,5,0,1,1,1,1785498522
2026-07-31T11:50:21Z,768,8,0,8,3,0,1,1,1,1785497659
2026-07-31T11:50:21Z,769,14,11,5,0,0,1,1,1,1785498512
2026-07-31T11:50:21Z,770,11,3,6,2,0,1,1,1,1785498580
2026-07-31T11:50:21Z,771,13,3,1,1,0,1,1,1,1785498485
2026-07-31T11:50:21Z,772,7,1,8,0,0,1,1,1,1785497277
2026-07-31T11:50:21Z,773,15,4,4,0,0,1,1,1,1785497123
2026-07-31T11:50:21Z,774,9,5,3,3,0,1,1,1,1785498303
2026-07-31T11:50:21Z,775,7,0,10,1,1,1,1,1,1785494713
2026-07-31T11:50:21Z,776,3,1,17,1,0,1,1,1,1785497461
2026-07-31T11:50:21Z,777,10,0,2,3,0,1,1,1,1785497208
2026-07-31T11:50:21Z,778,13,0,3,3,0,1,1,1,1785497394
2026-07-31T11:50:21Z,779,8,1,10,1,0,1,1,1,1785498044
2026-07-31T11:50:21Z,780,16,2,2,1,0,1,1,1,1785498565
2026-07-31T11:50:21Z,781,4,0,4,3,0,1,1,1,1785497953
2026-07-31T11:50:21Z,782,4,3,11,4,0,1,1,1,1785496946
2026-07-31T11:50:21Z,783,6,0,13,0,0,1,1,1,1785498027
2026-07-31T11:50:21Z,784,19,2,0,0,0,1,1,1,1785497636
2026-07-31T11:50:21Z,785,11,2,2,6,0,1,1,1,1785498202
2026-07-31T11:50:21Z,786,12,5,7,0,0,1,1,1,1785497856
2026-07-31T11:50:21Z,787,10,5,3,2,0,1,1,1,1785497482
2026-07-31T11:50:21Z,788,3,0,12,0,0,1,1,1,1785498515
2026-07-31T11:50:21Z,789,9,2,2,4,0,1,1,1,1785497988
2026-07-31T11:50:21Z,790,2,0,21,0,0,1,1,1,1785497346
2026-07-31T11:50:21Z,791,8,1,10,0,1,1,1,1,1785498190
2026-07-31T11:50:21Z,793,4,0,10,1,0,1,1,1,1785497066
2026-07-31T11:50:21Z,794,17,8,10,2,0,1,1,1,1785497835
2026-07-31T11:50:21Z,796,1,0,16,2,0,1,1,1,1785496876
2026-07-31T11:50:21Z,797,2,0,13,0,0,1,1,1,1785498593
2026-07-31T11:50:21Z,798,11,1,13,1,0,1,1,1,1785498548
2026-07-31T11:50:21Z,799,14,1,2,3,0,1,1,1,1785498275
2026-07-31T11:50:21Z,800,7,0,13,1,0,1,1,1,1785498293
2026-07-31T11:50:21Z,801,11,6,9,1,0,1,1,1,1785498149
2026-07-31T11:50:21Z,802,9,0,22,0,0,1,1,1,1785498528
2026-07-31T11:50:21Z,803,1,1,14,0,0,1,1,1,1785498483
2026-07-31T11:50:21Z,806,8,3,7,0,0,1,1,1,1785497158
2026-07-31T11:50:21Z,807,14,1,9,2,0,1,1,1,1785497293
2026-07-31T11:50:21Z,808,2,0,21,2,0,1,1,1,1785497500
2026-07-31T11:50:21Z,809,4,0,18,1,0,1,1,1,1785496855
2026-07-31T11:50:21Z,810,2,0,13,4,0,1,1,1,1785497299
2026-07-31T11:50:21Z,815,1,1,9,4,1,1,1,1,1785497272
2026-07-31T11:50:21Z,817,10,4,5,0,0,1,1,1,1785498406
2026-07-31T11:50:21Z,818,4,0,18,1,0,1,1,1,1785498397
2026-07-31T11:50:21Z,819,6,4,9,0,0,1,1,1,1785487291
2026-07-31T11:50:21Z,820,8,2,9,0,0,1,1,1,1785497913
2026-07-31T11:50:21Z,821,2,1,13,0,0,1,1,1,1785497027
2026-07-31T11:50:21Z,822,6,0,16,1,0,1,1,1,1785498414
2026-07-31T11:50:21Z,823,0,0,14,1,0,1,1,1,1785498316
2026-07-31T11:50:21Z,824,13,5,6,0,0,1,1,1,1785498598
2026-07-31T11:50:21Z,825,8,5,7,0,0,1,1,1,1785495662
2026-07-31T11:50:21Z,826,14,3,3,2,0,1,1,1,1785498604
2026-07-31T11:50:21Z,827,15,4,5,1,0,1,1,1,1785497321
2026-07-31T11:50:21Z,828,11,0,6,1,0,1,1,1,1785497612
2026-07-31T11:50:21Z,829,15,6,12,0,0,1,1,1,1785498065
2026-07-31T11:50:21Z,830,17,2,5,1,0,1,1,1,1785497297
2026-07-31T11:50:21Z,831,6,2,8,1,0,1,1,1,1785498278
2026-07-31T11:50:21Z,832,10,3,5,3,0,1,1,1,1785498381
2026-07-31T11:50:21Z,833,0,0,18,1,0,1,1,1,1785498134
2026-07-31T11:50:21Z,834,4,0,19,1,0,1,1,1,1785498093
2026-07-31T11:50:21Z,835,14,5,2,2,0,1,1,1,1785497867
2026-07-31T11:50:21Z,837,5,1,0,10,0,1,1,1,1785498360
2026-07-31T11:50:21Z,838,14,4,1,0,0,1,1,1,1785498463
2026-07-31T11:50:21Z,839,12,2,17,0,0,1,1,1,1785498601
2026-07-31T11:50:21Z,840,10,4,17,2,0,1,1,1,1785498357
2026-07-31T11:50:21Z,841,7,1,8,0,0,1,1,1,1785498272
2026-07-31T11:50:21Z,842,7,2,16,0,0,1,1,1,1785498093
2026-07-31T11:50:21Z,843,8,0,22,1,0,1,1,1,1785498359
2026-07-31T11:50:21Z,844,6,0,17,0,0,1,1,1,1785498298
2026-07-31T11:50:21Z,845,5,3,12,2,0,1,1,1,1785498468
2026-07-31T11:50:21Z,846,3,0,14,2,0,1,1,1,1785497603
2026-07-31T11:50:21Z,847,7,1,20,0,0,1,1,1,1785497408
2026-07-31T11:50:21Z,848,9,3,9,1,0,1,1,1,1785497067
2026-07-31T11:50:21Z,849,5,1,9,1,0,1,1,1,1785497442
2026-07-31T11:50:21Z,850,8,0,1,2,0,1,1,1,1785497708
2026-07-31T11:50:21Z,851,5,5,30,2,0,1,1,1,1785497878
2026-07-31T11:50:21Z,852,12,6,7,0,0,1,1,1,1785498177
2026-07-31T11:50:21Z,853,10,5,13,0,0,1,1,1,1785497251
2026-07-31T11:50:21Z,854,3,2,12,0,0,1,1,1,1785497304
2026-07-31T11:50:21Z,855,25,0,2,0,0,1,1,1,1785497123
2026-07-31T11:50:21Z,857,3,2,16,0,0,1,1,1,1785498372
2026-07-31T11:50:21Z,858,4,1,14,1,0,1,1,1,1785497028
2026-07-31T11:50:21Z,859,3,0,17,1,0,1,1,1,1785497246
2026-07-31T11:50:21Z,861,8,1,2,1,0,1,1,1,1785488201
2026-07-31T11:50:21Z,862,2,2,13,0,0,1,1,1,1785498301
2026-07-31T11:50:21Z,863,13,0,5,1,0,1,1,1,1785488200
2026-07-31T11:50:21Z,866,11,3,8,0,0,1,1,1,1785496802
2026-07-31T11:50:21Z,867,13,1,2,0,0,1,1,1,1785497915
2026-07-31T11:50:21Z,868,12,2,3,0,0,1,1,1,1785498132
2026-07-31T11:50:21Z,870,7,4,6,2,0,1,1,1,1785498352
2026-07-31T11:50:21Z,871,0,0,10,1,0,1,1,1,1785497720
2026-07-31T11:50:21Z,872,0,0,14,1,0,1,1,1,1785498269
2026-07-31T11:50:21Z,873,5,1,27,1,0,1,1,1,1785498553
2026-07-31T11:50:21Z,874,2,0,10,3,0,1,1,1,1785498574
2026-07-31T11:50:21Z,875,14,10,0,1,0,1,1,1,1785498427
2026-07-31T11:50:21Z,877,12,10,5,2,0,1,1,1,1785498565
2026-07-31T11:50:21Z,878,4,3,14,1,0,1,1,1,1785498470
2026-07-31T11:50:21Z,879,3,1,16,0,0,1,1,1,1785497914
2026-07-31T11:50:21Z,880,1,0,21,1,0,1,1,1,1785498429
2026-07-31T11:50:21Z,881,1,1,18,0,0,1,1,1,1785498543
2026-07-31T11:50:21Z,882,10,0,6,3,0,1,1,1,1785488200
2026-07-31T11:50:21Z,883,11,6,8,0,0,1,1,1,1785498579
2026-07-31T11:50:21Z,884,10,7,11,0,0,1,1,1,1785497884
2026-07-31T11:50:21Z,885,1,0,18,0,0,1,1,1,1785498162
2026-07-31T11:50:21Z,886,15,1,12,2,0,1,1,1,1785498517
2026-07-31T11:50:21Z,887,3,1,11,3,0,1,1,1,1785497054
2026-07-31T11:50:21Z,888,11,0,28,1,1,1,1,1,1785498537
2026-07-31T11:50:21Z,889,11,0,6,2,0,1,1,1,1785498564
2026-07-31T11:50:21Z,890,6,4,9,0,0,1,1,1,1785489632
2026-07-31T11:50:21Z,891,21,0,2,0,0,1,1,1,1785497667
2026-07-31T11:50:21Z,892,13,1,2,0,0,1,1,1,1785488200
2026-07-31T11:50:21Z,895,0,0,18,1,0,1,1,1,1785489208
2026-07-31T11:50:21Z,896,6,0,29,0,0,1,1,1,1785493238
2026-07-31T11:50:21Z,897,11,1,10,0,0,1,1,1,1785498363
2026-07-31T11:50:21Z,898,3,0,16,0,0,1,1,1,1785498081
2026-07-31T11:50:21Z,899,0,0,18,1,0,1,1,1,1785497313
2026-07-31T11:50:21Z,900,11,0,14,2,0,1,1,1,1785498336
2026-07-31T11:50:21Z,901,9,0,9,1,0,1,1,1,1785497671
2026-07-31T11:50:21Z,902,8,0,6,1,0,1,1,1,1785498012
2026-07-31T11:50:21Z,903,13,2,5,1,0,1,1,1,1785497478
2026-07-31T11:50:21Z,904,9,4,9,1,0,1,1,1,1785498473
2026-07-31T11:50:21Z,905,8,2,19,0,0,1,1,1,1785498585
2026-07-31T11:50:21Z,906,2,0,25,0,0,1,1,1,1785498375
2026-07-31T11:50:21Z,907,2,1,29,0,0,1,1,1,1785498583
2026-07-31T11:50:21Z,908,10,0,13,0,0,1,1,1,1785498465
2026-07-31T11:50:21Z,909,7,0,15,1,0,1,1,1,1785498207
2026-07-31T11:50:21Z,910,15,1,16,0,0,1,1,1,1785498607
2026-07-31T11:50:21Z,911,4,1,15,0,0,1,1,1,1785498014
2026-07-31T11:50:21Z,912,11,4,10,2,0,1,1,1,1785497748
2026-07-31T11:50:21Z,913,3,1,16,0,0,1,1,1,1785497182
2026-07-31T11:50:21Z,914,8,2,11,0,0,1,1,1,1785498517
2026-07-31T11:50:21Z,915,9,0,13,1,0,1,1,1,1785498579
2026-07-31T11:50:21Z,916,23,8,0,0,0,1,1,1,1785497563
2026-07-31T11:50:21Z,917,14,5,20,1,0,1,1,1,1785497765
2026-07-31T11:50:21Z,918,6,1,11,2,0,1,1,1,1785498386
2026-07-31T11:50:21Z,919,7,0,30,2,0,1,1,1,1785498569
2026-07-31T11:50:21Z,920,4,2,15,0,0,1,1,1,1785496992
2026-07-31T11:50:21Z,921,12,0,9,0,0,1,1,1,1785498154
2026-07-31T11:50:21Z,922,3,0,17,1,0,1,1,1,1785498133
2026-07-31T11:50:21Z,923,16,2,3,0,0,1,1,1,1785498436
2026-07-31T11:50:21Z,924,8,2,13,0,0,1,1,1,1785497349
2026-07-31T11:50:21Z,925,13,0,8,0,0,1,1,1,1785496818
2026-07-31T11:50:21Z,926,2,1,19,0,0,1,1,1,1785496951
2026-07-31T11:50:21Z,927,5,0,30,0,0,1,1,1,1785498463
2026-07-31T11:50:21Z,928,5,3,14,0,0,0,1,1,1785464301
2026-07-31T11:50:21Z,929,1,0,22,0,0,1,1,1,1785498245
2026-07-31T11:50:21Z,930,0,0,30,1,0,1,1,1,1785498397
2026-07-31T11:50:21Z,931,10,7,13,0,0,1,1,1,1785498554
2026-07-31T11:50:21Z,932,3,0,13,3,0,1,1,1,1785498535
2026-07-31T11:50:21Z,933,1,0,22,0,0,1,1,1,1785497989
2026-07-31T11:50:21Z,934,6,0,24,1,0,1,1,1,1785498114
2026-07-31T11:50:21Z,935,15,4,3,1,0,1,1,1,1785497899
2026-07-31T11:50:21Z,936,4,1,15,0,0,1,1,1,1785456801
2026-07-31T11:50:21Z,940,10,0,1,0,0,1,1,1,1785496815
2026-07-31T11:50:21Z,941,8,1,15,2,0,1,1,1,1785498316
2026-07-31T11:50:21Z,942,7,0,13,1,0,1,1,1,1785497918
2026-07-31T11:50:21Z,943,9,8,6,0,0,1,1,1,1785498375
2026-07-31T11:50:21Z,944,9,8,6,0,0,1,1,1,1785498197
2026-07-31T11:50:21Z,945,10,8,5,0,0,1,1,1,1785497712
2026-07-31T11:50:21Z,946,7,5,12,0,0,1,1,1,1785487593
2026-07-31T11:50:21Z,947,7,5,10,0,0,1,1,1,1785498210
2026-07-31T11:50:21Z,948,26,9,0,5,0,1,1,1,1785497440
2026-07-31T11:50:21Z,949,11,5,4,0,0,1,1,1,1785498409
2026-07-31T11:50:21Z,950,10,4,6,1,0,1,1,1,1785498509
2026-07-31T11:50:21Z,951,18,4,4,1,0,1,1,1,1785498439
2026-07-31T11:50:21Z,952,20,5,35,0,0,1,1,1,1785498483
2026-07-31T11:50:21Z,953,10,2,4,1,0,1,1,1,1785497814
2026-07-31T11:50:21Z,954,15,3,4,0,0,1,1,1,1785498481
2026-07-31T11:50:21Z,955,5,3,16,6,0,1,1,1,1785497310
2026-07-31T11:50:21Z,956,22,0,0,1,0,1,1,1,1785498261
2026-07-31T11:50:21Z,957,13,0,16,0,0,1,1,1,1785497631
2026-07-31T11:50:21Z,958,21,1,10,0,0,1,1,1,1785497548
2026-07-31T11:50:21Z,959,19,8,1,3,0,1,1,1,1785498114
2026-07-31T11:50:21Z,960,17,0,5,1,0,1,1,1,1785498597
2026-07-31T11:50:21Z,961,1,1,19,3,0,1,1,1,1785498023
2026-07-31T11:50:21Z,962,9,3,23,3,0,1,1,1,1785497406
2026-07-31T11:50:21Z,963,15,0,7,1,0,1,1,1,1785498510
2026-07-31T11:50:21Z,964,14,8,8,1,0,1,1,1,1785497963
2026-07-31T11:50:21Z,965,7,3,19,1,0,1,1,1,1785498458
2026-07-31T11:50:21Z,966,24,0,7,0,0,1,1,1,1785498557
2026-07-31T11:50:21Z,967,16,0,4,1,0,1,1,1,1785498051
2026-07-31T11:50:21Z,968,13,0,5,1,0,1,1,1,1785498452
2026-07-31T11:50:21Z,969,12,7,13,2,0,1,1,1,1785498209
2026-07-31T11:50:21Z,970,11,1,6,2,0,1,1,1,1785498545
2026-07-31T11:50:21Z,971,10,0,12,1,0,1,1,1,1785498529
2026-07-31T11:50:21Z,972,9,1,13,1,0,1,1,1,1785498191
2026-07-31T11:50:21Z,973,7,4,15,1,0,1,1,1,1785497707
2026-07-31T11:50:21Z,974,16,0,11,0,0,1,1,1,1785498302
2026-07-31T11:50:21Z,977,6,6,13,2,0,1,1,1,1785498451
2026-07-31T11:50:21Z,978,11,0,12,0,0,1,1,1,1785497507
2026-07-31T11:50:21Z,979,11,0,6,0,0,1,1,1,1785497638
2026-07-31T11:50:21Z,980,5,0,14,2,0,1,1,1,1785498367
2026-07-31T11:50:21Z,981,6,0,14,1,0,1,1,1,1785498426
2026-07-31T11:50:21Z,982,3,1,14,2,0,1,1,1,1785498248
2026-07-31T11:50:21Z,983,2,1,20,1,0,1,1,1,1785496858
2026-07-31T11:50:21Z,984,6,0,17,0,0,1,1,1,1785497876
2026-07-31T11:50:21Z,985,15,0,16,0,0,1,1,1,1785498311
2026-07-31T11:50:21Z,986,4,0,15,0,0,1,1,1,1785498246
2026-07-31T11:50:21Z,987,6,0,16,1,0,1,1,1,1785496976
2026-07-31T11:50:21Z,988,5,1,13,1,0,1,1,1,1785498402
2026-07-31T11:50:21Z,989,9,4,10,0,0,1,1,1,1785497390
2026-07-31T11:50:21Z,990,13,1,0,2,0,1,1,1,1785498442
2026-07-31T11:50:21Z,991,10,2,8,1,0,1,1,1,1785498121
2026-07-31T11:50:21Z,992,10,7,12,1,0,1,1,1,1785497181
2026-07-31T11:50:21Z,993,0,0,27,0,0,1,1,1,1785476008
2026-07-31T11:50:21Z,994,3,1,18,0,0,1,1,1,1785497398
2026-07-31T11:50:21Z,995,6,0,21,0,0,1,1,1,1785498435
2026-07-31T11:50:21Z,996,8,1,15,0,0,1,1,1,1785498232
2026-07-31T11:50:21Z,997,10,5,10,3,0,1,1,1,1785498572
2026-07-31T11:50:21Z,998,3,3,19,1,0,1,1,1,1785498546
2026-07-31T11:50:21Z,999,2,0,16,2,1,1,1,1,1785498311
2026-07-31T11:50:21Z,1000,5,2,16,0,0,1,1,1,1785497294
2026-07-31T11:50:21Z,1001,2,1,25,0,0,1,1,1,1785498575
2026-07-31T11:50:21Z,1002,1,1,29,1,0,1,1,1,1785498603
2026-07-31T11:50:21Z,1003,0,0,22,1,0,1,1,1,1785498192
2026-07-31T11:50:21Z,1004,8,1,15,0,0,1,1,1,1785497634
2026-07-31T11:50:21Z,1005,20,1,3,0,0,1,1,1,1785498381
2026-07-31T11:50:21Z,1006,7,4,11,1,0,1,1,1,1785498210
2026-07-31T11:50:21Z,1007,2,1,19,0,0,1,1,1,1785497844
2026-07-31T11:50:21Z,1008,6,5,15,2,0,1,1,1,1785497356
2026-07-31T11:50:21Z,1009,19,2,8,4,0,1,1,1,1785497227
2026-07-31T11:50:21Z,1010,7,2,20,0,0,1,1,1,1785498060
2026-07-31T11:50:21Z,1011,7,2,10,2,0,1,1,1,1785498584
2026-07-31T11:50:21Z,1012,4,3,18,1,0,1,1,1,1785498148
2026-07-31T11:50:21Z,1013,4,1,18,1,0,1,1,1,1785498560
2026-07-31T11:50:21Z,1014,7,2,13,3,0,1,1,1,1785496850
2026-07-31T11:50:21Z,1015,3,1,25,3,0,1,1,1,1785497138
2026-07-31T11:50:21Z,1016,10,5,21,0,0,1,1,1,1785498028
2026-07-31T11:50:21Z,1017,14,5,7,0,0,1,1,1,1785497552
2026-07-31T11:50:21Z,1018,7,2,15,0,0,1,1,1,1785498235
2026-07-31T11:50:21Z,1019,9,6,6,0,0,1,1,1,1785498151
2026-07-31T11:50:21Z,1020,18,3,3,0,0,1,1,1,1785497421
2026-07-31T11:50:21Z,1021,9,3,5,1,0,1,1,1,1785497138
2026-07-31T11:50:21Z,1022,14,0,13,0,0,1,1,1,1785498336
2026-07-31T11:50:21Z,1023,13,1,9,1,0,1,1,1,1785497972
2026-07-31T11:50:21Z,1024,5,2,13,1,0,1,1,1,1785497147
2026-07-31T11:50:21Z,1025,4,0,14,0,1,1,1,1,1785498304
2026-07-31T11:50:21Z,1026,7,4,18,6,0,1,1,1,1785497504
2026-07-31T11:50:21Z,1028,2,0,20,1,0,1,1,1,1785498327
2026-07-31T11:50:21Z,1029,9,9,5,1,0,1,1,1,1785497436
2026-07-31T11:50:21Z,1030,14,5,9,0,0,1,1,1,1785497194
2026-07-31T11:50:21Z,1031,8,0,11,0,0,1,1,1,1785497549
2026-07-31T11:50:21Z,1032,7,1,12,0,0,1,1,1,1785498215
2026-07-31T11:50:21Z,1033,9,5,8,2,0,1,1,1,1785497213
2026-07-31T11:50:21Z,1034,3,0,12,0,0,1,1,1,1785498222
2026-07-31T11:50:21Z,1035,1,0,16,2,0,1,1,1,1785498266
2026-07-31T11:50:21Z,1036,14,0,1,0,0,1,1,1,1785496989
2026-07-31T11:50:21Z,1037,5,0,13,1,0,1,1,1,1785498438
2026-07-31T11:50:21Z,1038,2,0,12,1,0,1,1,1,1785497921
2026-07-31T11:50:21Z,1039,7,2,12,0,0,1,1,1,1785498369
2026-07-31T11:50:21Z,1040,6,3,11,2,0,1,1,1,1785498255
2026-07-31T11:50:21Z,1041,11,3,8,0,0,1,1,1,1785498134
2026-07-31T11:50:21Z,1042,12,1,1,2,0,1,1,1,1785498455
2026-07-31T11:50:21Z,1043,10,0,6,3,0,1,1,1,1785498290
2026-07-31T11:50:21Z,1044,1,0,13,1,0,1,1,1,1785497975
2026-07-31T11:50:21Z,1045,10,0,9,0,0,1,1,1,1785498203
2026-07-31T11:50:21Z,1046,8,0,7,0,0,1,1,1,1785497599
2026-07-31T11:50:21Z,1047,5,0,16,0,0,1,1,1,1785497156
2026-07-31T11:50:21Z,1048,10,1,9,0,0,1,1,1,1785498179
2026-07-31T11:50:21Z,1049,5,0,16,0,0,1,1,1,1785498253
2026-07-31T11:50:21Z,1050,17,4,4,0,0,1,1,1,1785497530
2026-07-31T11:50:21Z,1051,8,3,13,0,0,1,1,1,1785497420
2026-07-31T11:50:21Z,1052,17,2,5,0,0,1,1,1,1785498047
2026-07-31T11:50:21Z,1053,2,1,13,0,0,1,1,1,1785498101
2026-07-31T11:50:21Z,1054,14,1,1,0,0,1,1,1,1785498361
2026-07-31T11:50:21Z,1055,6,0,13,0,0,1,1,1,1785498346
2026-07-31T11:50:21Z,1057,14,0,4,1,0,1,1,1,1785498205
2026-07-31T11:50:21Z,1058,7,0,48,1,0,1,1,1,1785498475
2026-07-31T11:50:21Z,1059,1,0,17,1,0,1,1,1,1785498231
2026-07-31T11:50:21Z,1060,29,0,8,0,0,1,1,1,1785498341
2026-07-31T11:50:21Z,1061,21,2,15,1,0,1,1,1,1785498527
2026-07-31T11:50:21Z,1062,9,1,8,0,0,1,1,1,1785498203
2026-07-31T11:50:21Z,1063,12,1,6,1,0,1,1,1,1785498258
2026-07-31T11:50:21Z,1064,3,0,19,1,0,1,1,1,1785498596
2026-07-31T11:50:21Z,1065,16,3,7,0,0,1,1,1,1785497020
2026-07-31T11:50:21Z,1066,10,2,13,0,0,1,1,1,1785496843
2026-07-31T11:50:21Z,1067,8,2,13,2,0,1,1,1,1785497113
2026-07-31T11:50:21Z,1068,8,2,13,2,0,1,1,1,1785498427
2026-07-31T11:50:21Z,1069,12,3,11,0,0,1,1,1,1785498471
2026-07-31T11:50:21Z,1070,12,2,11,0,0,1,1,1,1785498568
2026-07-31T11:50:21Z,1071,7,4,16,0,0,1,1,1,1785498607
2026-07-31T11:50:21Z,1072,11,1,11,1,0,1,1,1,1785497187
2026-07-31T11:50:21Z,1073,19,2,7,1,0,1,1,1,1785498544
2026-07-31T11:50:21Z,1074,3,1,50,0,0,1,1,1,1785498380
2026-07-31T11:50:21Z,1075,10,10,11,0,0,1,1,1,1785497975
2026-07-31T11:50:21Z,1076,15,12,6,0,0,1,1,1,1785497414
2026-07-31T11:50:21Z,1077,8,5,13,0,0,1,1,1,1785498195
2026-07-31T11:50:21Z,1078,11,10,10,0,0,1,1,1,1785497456
2026-07-31T11:50:21Z,1079,11,8,10,0,0,1,1,1,1785498082
2026-07-31T11:50:21Z,1080,10,8,10,1,0,1,1,1,1785496866
2026-07-31T11:50:21Z,1081,13,8,6,0,0,1,1,1,1785497248
2026-07-31T11:50:21Z,1082,7,7,1,0,0,1,1,1,1785498529
2026-07-31T11:50:21Z,1083,13,11,8,0,0,1,1,1,1785498352
2026-07-31T11:50:21Z,1084,9,8,12,0,0,1,1,1,1785497969
2026-07-31T11:50:21Z,1085,10,10,11,0,0,1,1,1,1785497622
2026-07-31T11:50:21Z,1086,0,0,20,1,0,1,1,1,1785498324
2026-07-31T11:50:21Z,1087,12,7,3,0,0,1,1,1,1785497500
2026-07-31T11:50:21Z,1088,9,7,6,0,0,1,1,1,1785498307
2026-07-31T11:50:21Z,1089,5,3,10,0,0,1,1,1,1785498608
2026-07-31T11:50:21Z,1090,9,8,6,0,0,1,1,1,1785497329
2026-07-31T11:50:21Z,1091,12,7,3,0,0,1,1,1,1785497242
2026-07-31T11:50:21Z,1092,9,9,5,1,0,1,1,1,1785498604
2026-07-31T11:50:21Z,1093,7,6,8,0,0,1,1,1,1785497150
2026-07-31T11:50:21Z,1094,12,10,6,1,0,1,1,1,1785498236
2026-07-31T11:50:21Z,1095,8,7,7,0,0,1,1,1,1785497088
2026-07-31T11:50:21Z,1096,3,1,15,1,0,1,1,1,1785498579
2026-07-31T11:50:21Z,1097,9,9,6,0,0,1,1,1,1785496974
2026-07-31T11:50:21Z,1098,9,7,10,0,0,1,1,1,1785497319
2026-07-31T11:50:21Z,1099,7,6,8,0,0,1,1,1,1785498048
2026-07-31T11:50:21Z,1100,8,4,21,0,0,1,1,1,1785493678
2026-07-31T11:50:21Z,1101,10,5,11,0,0,1,1,1,1785497946
2026-07-31T11:50:21Z,1102,9,4,4,0,0,1,1,1,1785497221
2026-07-31T11:50:21Z,1103,10,5,11,0,0,1,1,1,1785487895
2026-07-31T11:50:21Z,1104,10,5,11,0,0,1,1,1,1785497701
2026-07-31T11:50:21Z,1105,8,4,5,0,0,1,1,1,1785497107
2026-07-31T11:50:21Z,1106,10,5,11,0,0,1,1,1,1785498043
2026-07-31T11:50:21Z,1107,10,5,5,0,0,1,1,1,1785498324
2026-07-31T11:50:21Z,1108,8,4,16,2,1,1,1,1,1785498249
2026-07-31T11:50:21Z,1109,9,4,6,0,0,1,1,1,1785498278
2026-07-31T11:50:21Z,1110,12,4,9,0,0,1,1,1,1785497569
2026-07-31T11:50:21Z,1111,3,2,18,0,0,1,1,1,1785475740
2026-07-31T11:50:21Z,1112,38,0,15,0,0,1,1,1,1785498172
2026-07-31T11:50:21Z,1113,3,0,18,0,0,1,1,1,1785498357
2026-07-31T11:50:21Z,1115,16,5,4,3,0,1,1,1,1785496992
2026-07-31T11:50:21Z,1116,5,1,14,0,0,1,1,1,1785498233
2026-07-31T11:50:21Z,1117,17,6,4,2,0,1,1,1,1785497908
2026-07-31T11:50:21Z,1118,15,0,4,2,0,1,1,1,1785498336
2026-07-31T11:50:21Z,1119,12,1,5,0,0,1,1,1,1785497432
2026-07-31T11:50:21Z,1120,14,0,5,0,0,1,1,1,1785498319
2026-07-31T11:50:21Z,1121,9,1,9,3,0,1,1,1,1785498443
2026-07-31T11:50:21Z,1122,13,8,5,3,0,1,1,1,1785497638
2026-07-31T11:50:21Z,1123,7,3,14,2,0,1,1,1,1785497872
2026-07-31T11:50:21Z,1124,9,1,1,5,0,1,1,1,1785498048
2026-07-31T11:50:21Z,1125,15,1,8,0,0,1,1,1,1785498523
2026-07-31T11:50:21Z,1126,3,0,17,1,0,1,1,1,1785497824
2026-07-31T11:50:21Z,1127,6,1,12,1,0,1,1,1,1785498553
2026-07-31T11:50:21Z,1128,14,2,0,1,0,1,1,1,1785498231
2026-07-31T11:50:21Z,1129,1,1,19,1,0,1,1,1,1785497961
2026-07-31T11:50:21Z,1130,13,0,2,0,0,1,1,1,1785498463
2026-07-31T11:50:21Z,1131,2,0,46,1,0,1,1,1,1785497954
2026-07-31T11:50:21Z,1132,14,6,6,1,0,1,1,1,1785498104
2026-07-31T11:50:21Z,1133,17,13,3,1,0,1,1,1,1785498050
2026-07-31T11:50:21Z,1134,10,5,9,0,0,1,1,1,1785496925
2026-07-31T11:50:21Z,1135,10,5,11,0,0,1,1,1,1785497842
2026-07-31T11:50:21Z,1136,6,0,17,0,0,1,1,1,1785498413
2026-07-31T11:50:21Z,1137,14,0,1,0,0,1,1,1,1785498149
2026-07-31T11:50:21Z,1138,16,2,3,0,0,1,1,1,1785498194
2026-07-31T11:50:21Z,1139,17,4,3,1,0,1,1,1,1785497835
2026-07-31T11:50:21Z,1140,19,0,3,1,0,1,1,1,1785497963
2026-07-31T11:50:21Z,1141,7,0,14,0,0,1,1,1,1785498522
2026-07-31T11:50:21Z,1142,2,0,19,0,0,1,1,1,1785497056
2026-07-31T11:50:21Z,1143,13,0,16,0,0,1,1,1,1785497802
2026-07-31T11:50:21Z,1144,7,1,13,1,0,1,1,1,1785498471
2026-07-31T11:50:21Z,1145,10,5,10,1,0,1,1,1,1785497879
2026-07-31T11:50:21Z,1146,2,0,15,2,0,1,1,1,1785498004
2026-07-31T11:50:21Z,1147,5,1,14,0,0,1,1,1,1785498590
2026-07-31T11:50:21Z,1148,17,6,14,0,0,1,1,1,1785498201
2026-07-31T11:50:21Z,1149,3,3,22,0,0,1,1,1,1785498213
2026-07-31T11:50:21Z,1150,14,0,5,0,0,1,1,1,1785498025
2026-07-31T11:50:21Z,1151,13,0,8,0,0,1,1,1,1785497067
2026-07-31T11:50:21Z,1152,20,0,9,0,0,1,1,1,1785498588
2026-07-31T11:50:21Z,1153,19,6,3,1,0,1,1,1,1785498278
2026-07-31T11:50:21Z,1154,13,1,6,0,0,1,1,1,1785497658
2026-07-31T11:50:21Z,1155,16,7,4,1,0,1,1,1,1785498475
2026-07-31T11:50:21Z,1158,3,0,15,1,0,1,1,1,1785498122
2026-07-31T11:50:21Z,1159,13,1,6,0,0,1,1,1,1785498478
2026-07-31T11:50:21Z,1160,8,1,10,1,0,1,1,1,1785497453
2026-07-31T11:50:21Z,1161,3,0,15,1,0,1,1,1,1785496798
2026-07-31T11:50:21Z,1162,1,0,18,0,0,1,1,1,1785498562
2026-07-31T11:50:21Z,1163,1,1,17,1,0,1,1,1,1785498240
2026-07-31T11:50:21Z,1164,6,1,13,0,0,1,1,1,1785498298
2026-07-31T11:50:21Z,1165,5,0,16,0,0,1,1,1,1785497217
2026-07-31T11:50:21Z,1166,12,2,8,1,0,1,1,1,1785498551
2026-07-31T11:50:21Z,1167,4,0,11,0,0,1,1,1,1785498001
2026-07-31T11:50:21Z,1168,1,1,21,1,0,1,1,1,1785498500
2026-07-31T11:50:21Z,1169,3,0,15,1,0,1,1,1,1785498145
2026-07-31T11:50:21Z,1170,6,0,14,1,0,1,1,1,1785498520
2026-07-31T11:50:21Z,1171,7,6,15,1,0,1,1,1,1785498197
2026-07-31T11:50:21Z,1172,6,2,7,2,0,1,1,1,1785498423
2026-07-31T11:50:21Z,1173,13,5,6,0,0,1,1,1,1785498395
2026-07-31T11:50:21Z,1174,6,3,9,0,0,1,1,1,1785498071
2026-07-31T11:50:21Z,1175,4,2,15,0,0,1,1,1,1785498199
2026-07-31T11:50:21Z,1176,19,1,2,0,0,1,1,1,1785497601
2026-07-31T11:50:21Z,1177,3,1,18,0,0,1,1,1,1785497527
2026-07-31T11:50:21Z,1178,2,1,13,0,0,1,1,1,1785498033
2026-07-31T11:50:21Z,1181,11,0,3,1,0,1,1,1,1785497946
2026-07-31T11:50:21Z,1182,4,0,16,0,0,1,1,1,1785498414
2026-07-31T11:50:21Z,1183,9,1,34,2,0,1,1,1,1785498123
2026-07-31T11:50:21Z,1184,8,2,12,1,0,1,1,1,1785498392
2026-07-31T11:50:21Z,1185,10,5,11,0,0,1,1,1,1785497656
2026-07-31T11:50:21Z,1186,9,5,10,0,0,1,1,1,1785496848
2026-07-31T11:50:21Z,1187,12,6,8,1,0,1,1,1,1785497185
2026-07-31T11:50:21Z,1188,10,5,5,0,0,1,1,1,1785498329
2026-07-31T11:50:21Z,1189,10,5,9,0,0,1,1,1,1785498424
2026-07-31T11:50:21Z,1190,9,4,12,0,0,1,1,1,1785497821
2026-07-31T11:50:21Z,1191,10,5,5,0,0,1,1,1,1785498336
2026-07-31T11:50:21Z,1192,10,6,10,1,0,1,1,1,1785498189
2026-07-31T11:50:21Z,1193,6,4,5,2,0,1,1,1,1785497364
2026-07-31T11:50:21Z,1197,9,6,7,1,0,1,1,1,1785497849
2026-07-31T11:50:21Z,1198,14,4,5,2,0,1,1,1,1785496896
2026-07-31T11:50:21Z,1199,2,0,17,0,0,1,1,1,1785496920
2026-07-31T11:50:21Z,1200,10,5,5,0,0,1,1,1,1785498372
2026-07-31T11:50:21Z,1201,10,5,5,0,0,1,1,1,1785498349
2026-07-31T11:50:21Z,1202,10,5,5,0,0,1,1,1,1785498451
2026-07-31T11:50:21Z,1203,10,5,5,0,0,1,1,1,1785498349
2026-07-31T11:50:21Z,1204,8,4,11,0,0,1,1,1,1785498099
2026-07-31T11:50:21Z,1206,11,5,10,0,0,1,1,1,1785497319
2026-07-31T11:50:21Z,1207,8,4,6,1,0,1,1,1,1785496849
2026-07-31T11:50:21Z,1208,8,3,11,0,0,1,1,1,1785498578
2026-07-31T11:50:21Z,1216,7,0,13,1,0,1,1,1,1785497549
2026-07-31T11:50:21Z,1218,4,0,17,0,0,1,1,1,1785497942
2026-07-31T11:50:21Z,1219,6,1,8,1,0,1,1,1,1785497800
2026-07-31T11:50:21Z,1220,14,7,4,1,0,1,1,1,1785497824
2026-07-31T11:50:21Z,1221,1,1,19,1,0,1,1,1,1785497255
2026-07-31T11:50:21Z,1222,26,0,3,0,0,1,1,1,1785498211
2026-07-31T11:50:21Z,1223,21,1,8,0,0,1,1,1,1785498587
2026-07-31T11:50:21Z,1226,0,0,3,0,0,0,1,1,1781868931
2026-07-31T11:50:21Z,1227,20,1,5,0,0,1,1,1,1785498037
2026-07-31T11:50:21Z,1228,15,1,14,0,0,1,1,1,1785497766
2026-07-31T11:50:21Z,1229,35,2,8,2,0,1,1,1,1785498563
2026-07-31T11:55:21Z,1,5,0,18,0,0,1,1,1,1785497381
2026-07-31T11:55:21Z,2,15,0,9,3,0,1,1,1,1785498770
2026-07-31T11:55:21Z,3,7,0,6,1,0,1,1,1,1785498785
2026-07-31T11:55:21Z,4,2,0,19,1,0,1,1,1,1785498423
2026-07-31T11:55:21Z,5,11,3,11,1,0,1,1,1,1785497818
2026-07-31T11:55:21Z,6,5,0,9,1,0,1,1,1,1785498436
2026-07-31T11:55:21Z,7,2,0,37,0,0,1,1,1,1785496278
2026-07-31T11:55:21Z,8,6,1,37,0,0,1,1,1,1785498395
2026-07-31T11:55:21Z,9,2,1,19,2,0,1,1,1,1785498831
2026-07-31T11:55:21Z,10,0,0,21,2,0,1,1,1,1785496277
2026-07-31T11:55:21Z,11,17,5,1,1,0,1,1,1,1785498536
2026-07-31T11:55:21Z,12,0,0,23,0,0,1,1,1,1785490105
2026-07-31T11:55:21Z,13,11,0,19,0,0,1,1,1,1785488834
2026-07-31T11:55:21Z,14,8,1,34,0,1,1,1,1,1785498576
2026-07-31T11:55:21Z,15,2,0,13,0,0,1,1,1,1785496271
2026-07-31T11:55:21Z,16,8,0,16,2,1,1,1,1,1785487292
2026-07-31T11:55:21Z,17,3,0,23,1,0,1,1,1,1785498709
2026-07-31T11:55:21Z,18,1,0,15,2,0,1,1,1,1785498893
2026-07-31T11:55:21Z,19,12,2,14,1,0,1,1,1,1785498772
2026-07-31T11:55:21Z,20,30,0,5,0,0,1,1,1,1785497064
2026-07-31T11:55:21Z,21,11,0,7,1,0,1,1,1,1785498669
2026-07-31T11:55:21Z,22,19,0,45,1,0,1,1,1,1785498846
2026-07-31T11:55:21Z,23,15,6,16,0,0,1,1,1,1785498872
2026-07-31T11:55:21Z,24,2,1,7,2,0,1,1,1,1785498905
2026-07-31T11:55:21Z,25,8,2,72,0,1,1,1,1,1785498776
2026-07-31T11:55:21Z,26,3,1,24,0,0,1,1,1,1785498713
2026-07-31T11:55:21Z,28,10,2,5,0,0,1,1,1,1785498357
2026-07-31T11:55:21Z,30,2,1,26,1,0,1,1,1,1785498556
2026-07-31T11:55:21Z,31,1,0,16,2,0,1,1,1,1785498838
2026-07-31T11:55:21Z,32,10,0,17,0,0,1,1,1,1785498719
2026-07-31T11:55:21Z,34,11,2,25,1,0,1,1,1,1785498719
2026-07-31T11:55:21Z,35,9,2,37,1,0,1,1,1,1785498763
2026-07-31T11:55:21Z,36,0,0,0,0,0,0,1,1,86400
2026-07-31T11:55:21Z,37,0,0,23,0,0,1,1,1,1785498745
2026-07-31T11:55:21Z,38,8,1,15,0,0,1,1,1,1785498700
2026-07-31T11:55:21Z,39,21,4,18,0,0,1,1,1,1785497619
2026-07-31T11:55:21Z,40,20,1,0,1,0,1,1,1,1785498473
2026-07-31T11:55:21Z,41,8,2,34,1,0,1,1,1,1785498675
2026-07-31T11:55:21Z,42,30,8,1,0,0,1,1,1,1785498586
2026-07-31T11:55:21Z,43,4,0,19,0,0,1,1,1,1785497380
2026-07-31T11:55:21Z,45,7,4,21,1,0,1,1,1,1785498577
2026-07-31T11:55:21Z,46,9,0,21,1,0,1,1,1,1785498775
2026-07-31T11:55:21Z,47,8,6,6,1,0,1,1,1,1785498849
2026-07-31T11:55:21Z,48,1,0,26,0,0,1,1,1,1785498763
2026-07-31T11:55:21Z,49,9,0,11,3,0,1,1,1,1785498900
2026-07-31T11:55:21Z,50,18,11,1,0,0,1,1,1,1785495744
2026-07-31T11:55:21Z,51,41,0,35,1,0,1,1,1,1785498472
2026-07-31T11:55:21Z,52,4,0,20,3,0,1,1,1,1785498901
2026-07-31T11:55:21Z,55,5,0,18,0,0,1,1,1,1785498818
2026-07-31T11:55:21Z,56,0,0,42,1,0,1,1,1,1785498871
2026-07-31T11:55:21Z,57,3,1,24,0,0,1,1,1,1785498775
2026-07-31T11:55:21Z,58,5,1,23,0,0,1,1,1,1785498737
2026-07-31T11:55:21Z,59,19,2,6,2,0,1,1,1,1785498759
2026-07-31T11:55:21Z,61,2,1,37,0,0,1,1,1,1785498010
2026-07-31T11:55:21Z,62,15,4,32,2,0,1,1,1,1785498908
2026-07-31T11:55:21Z,63,8,0,11,0,0,1,1,1,1785498515
2026-07-31T11:55:21Z,64,11,1,4,4,0,1,1,1,1785497923
2026-07-31T11:55:21Z,65,16,7,2,1,0,1,1,1,1785491350
2026-07-31T11:55:21Z,67,15,0,24,0,0,1,1,1,1785498715
2026-07-31T11:55:21Z,68,8,1,29,0,0,1,1,1,1785497966
2026-07-31T11:55:21Z,69,9,0,6,0,0,1,1,1,1785498766
2026-07-31T11:55:21Z,71,3,0,23,1,0,1,1,1,1785498770
2026-07-31T11:55:21Z,72,24,7,5,2,0,1,1,1,1785498621
2026-07-31T11:55:21Z,73,12,1,19,0,0,1,1,1,1785498295
2026-07-31T11:55:21Z,74,11,6,8,0,0,1,1,1,1785497911
2026-07-31T11:55:21Z,75,5,0,26,1,0,1,1,1,1785497947
2026-07-31T11:55:21Z,76,8,0,10,1,0,1,1,1,1785498909
2026-07-31T11:55:21Z,77,23,0,3,1,0,1,1,1,1785498836
2026-07-31T11:55:21Z,78,9,4,13,1,0,1,1,1,1785497643
2026-07-31T11:55:21Z,79,2,2,14,1,0,1,1,1,1785498903
2026-07-31T11:55:21Z,80,17,1,3,3,0,1,1,1,1785498660
2026-07-31T11:55:21Z,81,5,1,26,0,0,1,1,1,1785495915
2026-07-31T11:55:21Z,82,14,1,9,0,0,1,1,1,1785498561
2026-07-31T11:55:21Z,83,7,1,26,1,0,1,1,1,1785498706
2026-07-31T11:55:21Z,84,20,0,7,0,0,1,1,1,1785498668
2026-07-31T11:55:21Z,85,6,1,9,0,0,1,1,1,1785498722
2026-07-31T11:55:21Z,86,24,0,2,1,0,1,1,1,1785498097
2026-07-31T11:55:21Z,87,11,0,8,0,0,1,1,1,1785497467
2026-07-31T11:55:21Z,88,6,0,36,1,0,1,1,1,1785498847
2026-07-31T11:55:21Z,89,21,0,14,0,0,1,1,1,1785498292
2026-07-31T11:55:21Z,90,8,3,8,2,0,1,1,1,1785498891
2026-07-31T11:55:21Z,91,17,0,0,0,0,1,1,1,1785498737
2026-07-31T11:55:21Z,92,6,1,10,3,0,1,1,1,1785498699
2026-07-31T11:55:21Z,93,0,0,23,0,0,1,1,1,1785498071
2026-07-31T11:55:21Z,94,3,0,15,1,0,1,1,1,1785498425
2026-07-31T11:55:21Z,95,21,1,12,1,1,1,1,1,1785498344
2026-07-31T11:55:21Z,96,26,0,4,1,0,1,1,1,1785497022
2026-07-31T11:55:21Z,97,0,0,16,1,0,1,1,1,1785498771
2026-07-31T11:55:21Z,98,25,0,9,1,0,1,1,1,1785498448
2026-07-31T11:55:21Z,99,1,0,13,1,0,1,1,1,1785498666
2026-07-31T11:55:21Z,100,0,0,27,0,0,1,1,1,1785497785
2026-07-31T11:55:21Z,101,1,0,12,2,0,1,1,1,1785498891
2026-07-31T11:55:21Z,102,0,0,23,0,0,1,1,1,1785498197
2026-07-31T11:55:21Z,103,10,1,20,0,0,1,1,1,1785498782
2026-07-31T11:55:21Z,104,1,0,24,2,0,1,1,1,1785498900
2026-07-31T11:55:21Z,105,14,1,5,0,0,1,1,1,1785495616
2026-07-31T11:55:21Z,106,4,0,17,0,0,1,1,1,1785498692
2026-07-31T11:55:21Z,107,8,2,29,0,0,1,1,1,1785498898
2026-07-31T11:55:21Z,108,6,0,29,0,0,1,1,1,1785498754
2026-07-31T11:55:21Z,109,23,0,0,0,0,1,1,1,1785498500
2026-07-31T11:55:21Z,110,10,0,13,0,0,1,1,1,1785498045
2026-07-31T11:55:21Z,111,4,1,32,0,0,1,1,1,1785498905
2026-07-31T11:55:21Z,112,0,0,14,1,0,1,1,1,1785497594
2026-07-31T11:55:21Z,113,8,0,9,2,0,1,1,1,1785498722
2026-07-31T11:55:21Z,114,26,6,3,1,1,1,1,1,1785498838
2026-07-31T11:55:21Z,115,7,3,20,1,0,1,1,1,1785498129
2026-07-31T11:55:21Z,116,1,1,25,1,0,1,1,1,1785498511
2026-07-31T11:55:21Z,118,17,8,4,2,0,1,1,1,1785498374
2026-07-31T11:55:21Z,119,21,0,12,5,0,1,1,1,1785498739
2026-07-31T11:55:21Z,120,20,0,6,1,0,1,1,1,1785498065
2026-07-31T11:55:21Z,121,2,0,16,0,1,1,1,1,1785498718
2026-07-31T11:55:21Z,122,6,1,14,1,0,1,1,1,1785498901
2026-07-31T11:55:21Z,123,11,2,36,0,0,1,1,1,1785498782
2026-07-31T11:55:21Z,124,26,0,9,0,0,1,1,1,1785498873
2026-07-31T11:55:21Z,125,4,4,19,0,0,1,1,1,1785498441
2026-07-31T11:55:21Z,126,24,2,7,0,0,1,1,1,1785498392
2026-07-31T11:55:21Z,127,29,1,4,2,0,1,1,1,1785498791
2026-07-31T11:55:21Z,128,16,1,3,0,0,1,1,1,1785498719
2026-07-31T11:55:21Z,129,11,0,7,1,0,1,1,1,1785498854
2026-07-31T11:55:21Z,130,5,1,12,0,0,1,1,1,1785495263
2026-07-31T11:55:21Z,131,8,3,1,2,0,1,1,1,1785498890
2026-07-31T11:55:21Z,132,13,6,1,0,1,1,1,1,1785494491
2026-07-31T11:55:21Z,134,3,0,16,4,0,1,1,1,1785498833
2026-07-31T11:55:21Z,135,6,4,12,1,0,1,1,1,1785498110
2026-07-31T11:55:21Z,136,5,0,10,1,7,1,1,1,1785498641
2026-07-31T11:55:21Z,137,6,1,13,0,0,1,1,1,1785498891
2026-07-31T11:55:21Z,138,32,1,5,0,0,1,1,1,1785498827
2026-07-31T11:55:21Z,139,11,2,8,0,0,1,1,1,1785498762
2026-07-31T11:55:21Z,140,6,6,16,1,0,1,1,1,1785498908
2026-07-31T11:55:21Z,141,30,0,6,0,0,1,1,1,1785498892
2026-07-31T11:55:21Z,142,20,0,3,0,0,1,1,1,1785498062
2026-07-31T11:55:21Z,143,7,0,24,0,0,1,1,1,1785498535
2026-07-31T11:55:21Z,144,18,0,9,0,0,1,1,1,1785498789
2026-07-31T11:55:21Z,146,5,1,17,1,0,1,1,1,1785495397
2026-07-31T11:55:21Z,147,13,2,4,2,0,1,1,1,1785498835
2026-07-31T11:55:21Z,148,17,0,9,0,1,1,1,1,1785498843
2026-07-31T11:55:21Z,149,17,3,10,0,0,1,1,1,1785496243
2026-07-31T11:55:21Z,150,18,5,14,3,0,1,1,1,1785498735
2026-07-31T11:55:21Z,151,16,6,7,0,0,1,1,1,1785498001
2026-07-31T11:55:21Z,152,15,2,8,4,0,1,1,1,1785498758
2026-07-31T11:55:21Z,153,9,1,16,6,0,1,1,1,1785498904
2026-07-31T11:55:21Z,154,12,3,8,3,0,1,1,1,1785498734
2026-07-31T11:55:21Z,155,10,4,3,1,0,1,1,1,1785498784
2026-07-31T11:55:21Z,156,5,0,14,0,0,1,1,1,1785498388
2026-07-31T11:55:21Z,157,7,0,18,2,0,1,1,1,1785498834
2026-07-31T11:55:21Z,158,12,2,4,0,0,1,1,1,1785498894
2026-07-31T11:55:21Z,159,0,0,19,0,0,1,1,1,1785497085
2026-07-31T11:55:21Z,160,12,0,7,0,0,1,1,1,1785498418
2026-07-31T11:55:21Z,161,21,4,1,0,0,1,1,1,1785498270
2026-07-31T11:55:21Z,162,16,2,10,1,0,1,1,1,1785498845
2026-07-31T11:55:21Z,163,21,2,9,0,1,1,1,1,1785498699
2026-07-31T11:55:21Z,164,23,7,4,0,0,1,1,1,1785498381
2026-07-31T11:55:21Z,165,22,11,8,1,0,1,1,1,1785498284
2026-07-31T11:55:21Z,166,28,8,7,4,0,1,1,1,1785498908
2026-07-31T11:55:21Z,167,14,7,8,1,0,1,1,1,1785498829
2026-07-31T11:55:21Z,168,20,2,5,2,0,1,1,1,1785498779
2026-07-31T11:55:21Z,169,2,0,20,0,1,1,1,1,1785498850
2026-07-31T11:55:21Z,170,18,6,0,1,0,1,1,1,1785498281
2026-07-31T11:55:21Z,171,8,2,3,2,0,1,1,1,1785498653
2026-07-31T11:55:21Z,173,37,0,2,0,0,1,1,1,1785498889
2026-07-31T11:55:21Z,174,17,1,7,2,0,1,1,1,1785498434
2026-07-31T11:55:21Z,175,9,0,22,0,0,1,1,1,1785497471
2026-07-31T11:55:21Z,176,4,1,9,1,1,1,1,1,1785498184
2026-07-31T11:55:21Z,177,15,1,12,0,0,1,1,1,1785498687
2026-07-31T11:55:21Z,178,2,0,10,2,1,1,1,1,1785498906
2026-07-31T11:55:21Z,179,7,0,7,1,0,1,1,1,1785498743
2026-07-31T11:55:21Z,180,2,0,28,0,0,1,1,1,1785497022
2026-07-31T11:55:21Z,181,11,0,4,0,0,1,1,1,1785498835
2026-07-31T11:55:21Z,182,8,0,9,0,0,1,1,1,1785497660
2026-07-31T11:55:21Z,183,10,0,12,1,0,1,1,1,1785498607
2026-07-31T11:55:21Z,184,5,1,17,1,0,1,1,1,1785498835
2026-07-31T11:55:21Z,185,11,0,1,2,1,1,1,1,1785497486
2026-07-31T11:55:21Z,186,5,1,14,0,0,1,1,1,1785498510
2026-07-31T11:55:21Z,187,10,0,17,1,0,1,1,1,1785498660
2026-07-31T11:55:21Z,188,9,0,10,8,0,1,1,1,1785498898
2026-07-31T11:55:21Z,189,11,3,3,1,0,1,1,1,1785498211
2026-07-31T11:55:21Z,190,9,2,14,0,0,1,1,1,1785498890
2026-07-31T11:55:21Z,191,5,0,34,0,0,1,1,1,1785498873
2026-07-31T11:55:21Z,192,9,1,19,3,0,1,1,1,1785498719
2026-07-31T11:55:21Z,193,1,1,14,0,0,1,1,1,1785498545
2026-07-31T11:55:21Z,194,13,2,13,1,0,1,1,1,1785498469
2026-07-31T11:55:21Z,195,10,3,9,0,0,1,1,1,1785497798
2026-07-31T11:55:21Z,196,12,2,14,1,0,1,1,1,1785498597
2026-07-31T11:55:21Z,197,16,6,2,0,1,1,1,1,1785498676
2026-07-31T11:55:21Z,198,16,15,6,1,0,1,1,1,1785498213
2026-07-31T11:55:21Z,199,3,3,11,1,0,1,1,1,1785498494
2026-07-31T11:55:21Z,200,12,0,13,1,0,1,1,1,1785498710
2026-07-31T11:55:21Z,201,6,1,17,0,0,1,1,1,1785498902
2026-07-31T11:55:21Z,202,0,0,27,0,0,1,1,1,1785494022
2026-07-31T11:55:21Z,203,26,2,4,1,0,1,1,1,1785497162
2026-07-31T11:55:21Z,204,24,0,10,1,0,1,1,1,1785498392
2026-07-31T11:55:21Z,205,9,1,18,0,0,1,1,1,1785498280
2026-07-31T11:55:21Z,206,3,3,12,0,0,1,1,1,1785498194
2026-07-31T11:55:21Z,207,10,0,11,0,0,1,1,1,1785498730
2026-07-31T11:55:21Z,208,6,1,23,0,0,1,1,1,1785498426
2026-07-31T11:55:21Z,209,4,0,24,3,0,1,1,1,1785498707
2026-07-31T11:55:21Z,210,20,1,7,0,0,1,1,1,1785498837
2026-07-31T11:55:21Z,211,10,4,11,2,0,1,1,1,1785497417
2026-07-31T11:55:21Z,212,24,0,10,1,0,1,1,1,1785498894
2026-07-31T11:55:21Z,213,9,0,12,2,0,1,1,1,1785498694
2026-07-31T11:55:21Z,214,18,0,26,3,0,1,1,1,1785498809
2026-07-31T11:55:21Z,215,4,2,18,1,0,1,1,1,1785497789
2026-07-31T11:55:21Z,216,7,0,11,1,0,1,1,1,1785498584
2026-07-31T11:55:21Z,217,8,0,20,1,0,1,1,1,1785498737
2026-07-31T11:55:21Z,218,17,6,20,2,0,1,1,1,1785498712
2026-07-31T11:55:21Z,219,7,2,17,2,0,1,1,1,1785498857
2026-07-31T11:55:21Z,220,22,4,20,0,1,1,1,1,1785498702
2026-07-31T11:55:21Z,221,8,5,5,2,0,1,1,1,1785498769
2026-07-31T11:55:21Z,222,12,12,7,0,0,1,1,1,1785498410
2026-07-31T11:55:21Z,223,13,2,18,4,0,1,1,1,1785498772
2026-07-31T11:55:21Z,224,9,5,13,0,0,1,1,1,1785498453
2026-07-31T11:55:21Z,225,12,1,1,6,0,1,1,1,1785498882
2026-07-31T11:55:21Z,226,29,9,0,2,0,1,1,1,1785498625
2026-07-31T11:55:21Z,227,24,14,1,1,1,1,1,1,1785498887
2026-07-31T11:55:21Z,228,0,0,18,1,0,1,1,1,1785498078
2026-07-31T11:55:21Z,230,12,6,14,0,0,1,1,1,1785498586
2026-07-31T11:55:21Z,232,11,5,5,1,0,1,1,1,1785498812
2026-07-31T11:55:21Z,233,15,0,14,2,0,1,1,1,1785498008
2026-07-31T11:55:21Z,234,7,3,7,3,2,1,1,1,1785497297
2026-07-31T11:55:21Z,236,8,1,11,0,0,1,1,1,1785498119
2026-07-31T11:55:21Z,237,18,5,4,1,0,1,1,1,1785498811
2026-07-31T11:55:21Z,239,22,18,2,3,0,1,1,1,1785498122
2026-07-31T11:55:21Z,241,15,5,7,1,0,1,1,1,1785498725
2026-07-31T11:55:21Z,242,10,3,11,2,0,1,1,1,1785498078
2026-07-31T11:55:21Z,243,11,1,19,1,0,1,1,1,1785498852
2026-07-31T11:55:21Z,244,12,3,14,1,0,1,1,1,1785498748
2026-07-31T11:55:21Z,245,4,4,19,0,0,1,1,1,1785498521
2026-07-31T11:55:21Z,246,16,0,7,0,0,1,1,1,1785498770
2026-07-31T11:55:21Z,247,10,10,12,1,0,1,1,1,1785498683
2026-07-31T11:55:21Z,248,20,5,1,2,0,1,1,1,1785498908
2026-07-31T11:55:21Z,249,0,0,18,1,0,1,1,1,1785498769
2026-07-31T11:55:21Z,250,19,6,8,0,0,1,1,1,1785498704
2026-07-31T11:55:21Z,251,19,5,6,2,0,1,1,1,1785498498
2026-07-31T11:55:21Z,253,6,2,13,0,0,1,1,1,1785498769
2026-07-31T11:55:21Z,254,19,19,23,1,0,1,1,1,1785498297
2026-07-31T11:55:21Z,255,0,0,22,0,1,1,1,1,1785498897
2026-07-31T11:55:21Z,256,5,5,16,2,0,1,1,1,1785498702
2026-07-31T11:55:21Z,257,12,6,7,0,0,1,1,1,1785498572
2026-07-31T11:55:21Z,258,18,0,1,0,0,1,1,1,1785497576
2026-07-31T11:55:21Z,259,19,2,3,0,1,1,1,1,1785498458
2026-07-31T11:55:21Z,260,9,2,7,3,0,1,1,1,1785498497
2026-07-31T11:55:21Z,261,12,0,5,1,1,1,1,1,1785498756
2026-07-31T11:55:21Z,262,12,8,10,1,0,1,1,1,1785498686
2026-07-31T11:55:21Z,263,9,0,6,0,0,1,1,1,1785498191
2026-07-31T11:55:21Z,264,10,2,6,3,0,1,1,1,1785497711
2026-07-31T11:55:21Z,265,11,0,4,0,0,1,1,1,1785498197
2026-07-31T11:55:21Z,266,11,7,6,2,0,1,1,1,1785498604
2026-07-31T11:55:21Z,267,5,2,8,2,0,1,1,1,1785498393
2026-07-31T11:55:21Z,268,22,9,1,0,0,1,1,1,1785498890
2026-07-31T11:55:21Z,269,8,3,15,0,0,1,1,1,1785496011
2026-07-31T11:55:21Z,270,23,1,4,0,0,1,1,1,1785491481
2026-07-31T11:55:21Z,271,4,0,13,2,0,1,1,1,1785498598
2026-07-31T11:55:21Z,272,12,10,11,0,0,1,1,1,1785498841
2026-07-31T11:55:21Z,273,11,5,4,0,0,1,1,1,1785498879
2026-07-31T11:55:21Z,274,13,5,4,2,0,1,1,1,1785498047
2026-07-31T11:55:21Z,275,16,0,7,0,0,1,1,1,1785498573
2026-07-31T11:55:21Z,276,3,2,24,0,0,1,1,1,1785496927
2026-07-31T11:55:21Z,277,14,1,4,5,0,1,1,1,1785498387
2026-07-31T11:55:21Z,278,12,1,16,2,1,1,1,1,1785498768
2026-07-31T11:55:21Z,279,12,0,7,0,0,1,1,1,1785498811
2026-07-31T11:55:21Z,280,11,2,17,3,0,1,1,1,1785498898
2026-07-31T11:55:21Z,281,19,0,0,0,0,1,1,1,1785486089
2026-07-31T11:55:21Z,282,5,2,13,0,0,1,1,1,1785484887
2026-07-31T11:55:21Z,283,28,0,7,0,0,1,1,1,1785498512
2026-07-31T11:55:21Z,284,14,2,19,2,0,1,1,1,1785498906
2026-07-31T11:55:21Z,285,8,7,15,0,0,1,1,1,1785485188
2026-07-31T11:55:21Z,286,13,11,6,4,0,1,1,1,1785498779
2026-07-31T11:55:21Z,287,15,4,5,3,0,1,1,1,1785497573
2026-07-31T11:55:21Z,288,11,7,8,0,0,1,1,1,1785498587
2026-07-31T11:55:21Z,289,20,1,4,3,0,1,1,1,1785498343
2026-07-31T11:55:21Z,290,7,1,31,1,0,1,1,1,1785498906
2026-07-31T11:55:21Z,291,6,1,16,1,0,1,1,1,1785498750
2026-07-31T11:55:21Z,292,22,1,0,1,0,1,1,1,1785498331
2026-07-31T11:55:21Z,293,14,10,9,0,0,1,1,1,1785498327
2026-07-31T11:55:21Z,294,1,1,20,1,0,1,1,1,1785493458
2026-07-31T11:55:21Z,297,11,3,5,3,0,1,1,1,1785498903
2026-07-31T11:55:21Z,301,16,0,3,1,0,1,1,1,1785498896
2026-07-31T11:55:21Z,302,4,0,19,0,0,1,1,1,1785498495
2026-07-31T11:55:21Z,303,14,0,5,0,0,1,1,1,1785498339
2026-07-31T11:55:21Z,304,0,0,0,0,0,0,1,1,86400
2026-07-31T11:55:21Z,305,4,0,14,1,0,1,1,1,1785498904
2026-07-31T11:55:21Z,306,4,0,27,1,0,1,1,1,1785498480
2026-07-31T11:55:21Z,307,16,0,5,1,1,1,1,1,1785498699
2026-07-31T11:55:21Z,308,16,0,1,2,0,1,1,1,1785498549
2026-07-31T11:55:21Z,309,12,3,2,0,0,1,1,1,1785498509
2026-07-31T11:55:21Z,311,13,0,2,0,0,1,1,1,1785498401
2026-07-31T11:55:21Z,312,3,2,16,3,1,1,1,1,1785498783
2026-07-31T11:55:21Z,313,3,1,12,0,0,1,1,1,1785486991
2026-07-31T11:55:21Z,314,4,3,11,3,0,1,1,1,1785486991
2026-07-31T11:55:21Z,315,19,4,10,2,0,1,1,1,1785498537
2026-07-31T11:55:21Z,316,0,0,25,5,1,1,1,1,1785498641
2026-07-31T11:55:21Z,317,22,1,8,0,1,1,1,1,1785498874
2026-07-31T11:55:21Z,318,16,0,3,0,0,1,1,1,1785486991
2026-07-31T11:55:21Z,319,21,4,2,0,0,1,1,1,1785498651
2026-07-31T11:55:21Z,320,14,4,4,1,0,1,1,1,1785498526
2026-07-31T11:55:21Z,321,9,2,6,4,0,1,1,1,1785498814
2026-07-31T11:55:21Z,322,6,2,23,0,0,1,1,1,1785498748
2026-07-31T11:55:21Z,323,11,0,8,0,0,1,1,1,1785498712
2026-07-31T11:55:21Z,324,21,3,5,1,0,1,1,1,1785498907
2026-07-31T11:55:21Z,325,6,3,18,3,0,1,1,1,1785498047
2026-07-31T11:55:21Z,327,23,0,3,1,0,1,1,1,1785498892
2026-07-31T11:55:21Z,328,14,0,7,1,0,1,1,1,1785498825
2026-07-31T11:55:21Z,329,16,0,1,2,0,1,1,1,1785496402
2026-07-31T11:55:21Z,330,2,0,20,0,0,1,1,1,1785497841
2026-07-31T11:55:21Z,331,8,2,14,1,0,1,1,1,1785498902
2026-07-31T11:55:21Z,332,11,2,6,2,0,1,1,1,1785498551
2026-07-31T11:55:21Z,333,1,0,21,1,0,1,1,1,1785498555
2026-07-31T11:55:21Z,334,8,8,15,0,0,1,1,1,1785498007
2026-07-31T11:55:21Z,335,3,2,18,1,1,1,1,1,1785498583
2026-07-31T11:55:21Z,336,17,2,2,0,0,1,1,1,1785496291
2026-07-31T11:55:21Z,337,14,3,4,5,0,1,1,1,1785498880
2026-07-31T11:55:21Z,338,13,6,6,0,0,1,1,1,1785496612
2026-07-31T11:55:21Z,339,7,4,15,1,0,1,1,1,1785498752
2026-07-31T11:55:21Z,340,10,10,4,1,0,1,1,1,1785498544
2026-07-31T11:55:21Z,341,3,1,16,0,0,1,1,1,1785498706
2026-07-31T11:55:21Z,342,9,3,4,2,0,1,1,1,1785498483
2026-07-31T11:55:21Z,343,20,1,2,1,0,1,1,1,1785497528
2026-07-31T11:55:21Z,344,22,9,1,0,0,1,1,1,1785498720
2026-07-31T11:55:21Z,345,15,2,4,0,0,1,1,1,1785498696
2026-07-31T11:55:21Z,346,10,6,13,0,0,1,1,1,1785496194
2026-07-31T11:55:21Z,347,31,2,11,2,0,1,1,1,1785498767
2026-07-31T11:55:21Z,348,21,2,0,1,1,1,1,1,1785498817
2026-07-31T11:55:21Z,349,8,2,11,0,0,1,1,1,1785496603
2026-07-31T11:55:21Z,350,19,3,6,1,1,1,1,1,1785498754
2026-07-31T11:55:21Z,351,14,2,6,3,0,1,1,1,1785498811
2026-07-31T11:55:21Z,355,18,1,5,0,0,1,1,1,1785498549
2026-07-31T11:55:21Z,356,15,0,3,1,0,1,1,1,1785498522
2026-07-31T11:55:21Z,357,8,4,11,0,0,1,1,1,1785496664
2026-07-31T11:55:21Z,358,19,4,7,1,0,1,1,1,1785498480
2026-07-31T11:55:21Z,359,16,0,11,0,0,1,1,1,1785497818
2026-07-31T11:55:21Z,360,12,2,5,2,0,1,1,1,1785498772
2026-07-31T11:55:21Z,362,12,2,3,4,0,1,1,1,1785498839
2026-07-31T11:55:21Z,363,5,0,22,0,0,1,1,1,1785498539
2026-07-31T11:55:21Z,364,16,3,3,0,0,1,1,1,1785498287
2026-07-31T11:55:21Z,365,12,1,7,4,0,1,1,1,1785498729
2026-07-31T11:55:21Z,366,4,3,13,6,0,1,1,1,1785498764
2026-07-31T11:55:21Z,367,14,9,4,1,0,1,1,1,1785497713
2026-07-31T11:55:21Z,368,16,3,5,2,0,1,1,1,1785498223
2026-07-31T11:55:21Z,370,8,6,19,0,0,1,1,1,1785498893
2026-07-31T11:55:21Z,371,4,0,14,1,0,1,1,1,1785497231
2026-07-31T11:55:21Z,372,5,1,10,0,0,1,1,1,1785498130
2026-07-31T11:55:21Z,373,25,9,2,0,0,1,1,1,1785493650
2026-07-31T11:55:21Z,374,12,6,5,2,0,1,1,1,1785498905
2026-07-31T11:55:21Z,375,19,6,4,4,0,1,1,1,1785498742
2026-07-31T11:55:21Z,376,29,5,6,4,0,1,1,1,1785498726
2026-07-31T11:55:21Z,377,21,8,5,1,0,1,1,1,1785498905
2026-07-31T11:55:21Z,378,17,5,5,1,1,1,1,1,1785498769
2026-07-31T11:55:21Z,379,13,1,14,0,0,1,1,1,1785498738
2026-07-31T11:55:21Z,380,19,6,4,0,0,1,1,1,1785496843
2026-07-31T11:55:21Z,381,6,0,17,0,0,1,1,1,1785497450
2026-07-31T11:55:21Z,383,8,0,6,1,0,1,1,1,1785498825
2026-07-31T11:55:21Z,384,20,0,6,1,0,1,1,1,1785498904
2026-07-31T11:55:21Z,385,15,4,1,2,0,1,1,1,1785498555
2026-07-31T11:55:21Z,387,20,2,3,0,0,1,1,1,1785496960
2026-07-31T11:55:21Z,388,21,3,28,0,0,1,1,1,1785498607
2026-07-31T11:55:21Z,389,8,7,7,0,0,1,1,1,1785495116
2026-07-31T11:55:21Z,390,14,0,21,0,0,1,1,1,1785498138
2026-07-31T11:55:21Z,391,2,0,12,1,0,1,1,1,1785498838
2026-07-31T11:55:21Z,392,2,2,16,1,0,1,1,1,1785498753
2026-07-31T11:55:21Z,393,3,3,5,3,0,1,1,1,1785487292
2026-07-31T11:55:21Z,394,6,4,5,2,0,1,1,1,1785498256
2026-07-31T11:55:21Z,396,10,7,29,3,0,1,1,1,1785498739
2026-07-31T11:55:21Z,397,5,5,26,0,0,1,1,1,1785497106
2026-07-31T11:55:21Z,399,11,0,4,2,0,1,1,1,1785497544
2026-07-31T11:55:21Z,400,10,5,9,4,0,1,1,1,1785498362
2026-07-31T11:55:21Z,401,3,0,28,8,0,1,1,1,1785498537
2026-07-31T11:55:21Z,403,19,0,8,4,0,1,1,1,1785498884
2026-07-31T11:55:21Z,404,2,2,20,1,0,1,1,1,1785498858
2026-07-31T11:55:21Z,406,2,2,32,1,0,1,1,1,1785497256
2026-07-31T11:55:21Z,407,16,3,17,1,0,1,1,1,1785498083
2026-07-31T11:55:21Z,408,14,3,17,2,0,1,1,1,1785498858
2026-07-31T11:55:21Z,409,2,0,18,3,0,1,1,1,1785498301
2026-07-31T11:55:21Z,413,19,4,2,2,0,1,1,1,1785498044
2026-07-31T11:55:21Z,414,8,2,6,1,0,1,1,1,1785498855
2026-07-31T11:55:21Z,417,9,8,10,0,0,1,1,1,1785498895
2026-07-31T11:55:21Z,418,0,0,15,0,0,1,1,1,1785497765
2026-07-31T11:55:21Z,419,12,1,11,0,0,1,1,1,1785498303
2026-07-31T11:55:21Z,421,1,0,18,0,0,1,1,1,1785498853
2026-07-31T11:55:21Z,422,4,3,22,1,0,1,1,1,1785493261
2026-07-31T11:55:21Z,423,2,1,21,0,0,1,1,1,1785498704
2026-07-31T11:55:21Z,424,6,2,6,3,0,1,1,1,1785498137
2026-07-31T11:55:21Z,425,16,0,5,0,1,1,1,1,1785497662
2026-07-31T11:55:21Z,426,5,0,30,2,0,1,1,1,1785498555
2026-07-31T11:55:21Z,427,12,1,2,1,0,1,1,1,1785498698
2026-07-31T11:55:21Z,428,17,2,0,2,0,1,1,1,1785498894
2026-07-31T11:55:21Z,429,3,2,18,2,0,1,1,1,1785497787
2026-07-31T11:55:21Z,430,28,1,0,3,0,1,1,1,1785498350
2026-07-31T11:55:21Z,431,16,0,16,1,0,1,1,1,1785498747
2026-07-31T11:55:21Z,432,14,0,15,2,0,0,1,1,1785498860
2026-07-31T11:55:21Z,433,18,5,3,2,0,1,1,1,1785495888
2026-07-31T11:55:21Z,437,4,4,14,1,0,1,1,1,1785498877
2026-07-31T11:55:21Z,438,17,1,1,1,0,1,1,1,1785498694
2026-07-31T11:55:21Z,439,3,0,11,1,0,1,1,1,1785498895
2026-07-31T11:55:21Z,440,10,2,3,2,0,1,1,1,1785498658
2026-07-31T11:55:21Z,441,12,1,2,1,0,1,1,1,1785498631
2026-07-31T11:55:21Z,442,18,10,0,1,0,1,1,1,1785498676
2026-07-31T11:55:21Z,443,4,2,23,0,0,1,1,1,1785485488
2026-07-31T11:55:21Z,444,2,2,21,0,0,1,1,1,1785485488
2026-07-31T11:55:21Z,445,7,2,15,1,0,1,1,1,1785498602
2026-07-31T11:55:21Z,446,0,0,22,1,0,1,1,1,1785494652
2026-07-31T11:55:21Z,447,3,0,18,1,1,1,1,1,1785496389
2026-07-31T11:55:21Z,448,9,4,5,1,0,1,1,1,1785487895
2026-07-31T11:55:21Z,452,6,4,12,1,0,1,1,1,1785498196
2026-07-31T11:55:21Z,453,6,5,8,1,0,1,1,1,1785498030
2026-07-31T11:55:21Z,454,8,0,11,0,0,1,1,1,1785498523
2026-07-31T11:55:21Z,455,4,2,35,0,0,1,1,1,1785497844
2026-07-31T11:55:21Z,456,7,0,12,1,0,1,1,1,1785498849
2026-07-31T11:55:21Z,457,24,2,1,2,0,1,1,1,1785497302
2026-07-31T11:55:21Z,458,11,4,12,0,0,1,1,1,1785497899
2026-07-31T11:55:21Z,459,13,0,2,0,0,1,1,1,1785498687
2026-07-31T11:55:21Z,460,17,2,5,1,0,1,1,1,1785497859
2026-07-31T11:55:21Z,461,6,1,13,0,0,1,1,1,1785498824
2026-07-31T11:55:21Z,462,14,1,7,0,0,1,1,1,1785498703
2026-07-31T11:55:21Z,463,11,1,8,0,0,1,1,1,1785497740
2026-07-31T11:55:21Z,464,4,1,10,0,0,1,1,1,1785498095
2026-07-31T11:55:21Z,465,0,0,14,1,0,1,1,1,1785496369
2026-07-31T11:55:21Z,466,12,3,1,2,0,1,1,1,1785497185
2026-07-31T11:55:21Z,467,1,1,18,0,0,1,1,1,1785497262
2026-07-31T11:55:21Z,468,17,1,1,1,0,1,1,1,1785485789
2026-07-31T11:55:21Z,469,0,0,23,0,0,1,1,1,1785498649
2026-07-31T11:55:21Z,470,9,1,4,2,0,1,1,1,1785498708
2026-07-31T11:55:21Z,471,22,2,5,0,0,1,1,1,1785487895
2026-07-31T11:55:21Z,472,13,4,5,1,0,1,1,1,1785498689
2026-07-31T11:55:21Z,473,18,4,0,1,0,1,1,1,1785497996
2026-07-31T11:55:21Z,474,15,0,4,0,0,1,1,1,1785495804
2026-07-31T11:55:21Z,475,5,1,13,1,0,1,1,1,1785498615
2026-07-31T11:55:21Z,477,7,5,7,1,0,1,1,1,1785497500
2026-07-31T11:55:21Z,478,7,0,23,1,0,1,1,1,1785498730
2026-07-31T11:55:21Z,479,5,0,21,1,0,1,1,1,1785498047
2026-07-31T11:55:21Z,480,3,0,9,3,0,1,1,1,1785495583
2026-07-31T11:55:21Z,481,29,0,5,1,0,1,1,1,1785498843
2026-07-31T11:55:21Z,482,16,6,3,0,0,1,1,1,1785498411
2026-07-31T11:55:21Z,483,1,0,24,2,0,1,1,1,1785498641
2026-07-31T11:55:21Z,484,1,1,17,1,0,1,1,1,1785498735
2026-07-31T11:55:21Z,485,14,6,3,1,1,1,1,1,1785498877
2026-07-31T11:55:21Z,486,16,3,8,3,0,1,1,1,1785498877
2026-07-31T11:55:21Z,487,1,1,17,1,0,1,1,1,1785498719
2026-07-31T11:55:21Z,489,5,3,8,2,0,1,1,1,1785498786
2026-07-31T11:55:21Z,490,4,2,12,0,0,1,1,1,1785498856
2026-07-31T11:55:21Z,491,3,1,18,0,0,1,1,1,1785497536
2026-07-31T11:55:21Z,492,4,2,3,4,0,1,1,1,1785498904
2026-07-31T11:55:21Z,493,1,0,25,1,0,1,1,1,1785496554
2026-07-31T11:55:21Z,495,9,0,3,3,0,1,1,1,1785498768
2026-07-31T11:55:21Z,496,21,1,6,0,0,1,1,1,1785498738
2026-07-31T11:55:21Z,497,11,1,7,1,0,1,1,1,1785498836
2026-07-31T11:55:21Z,498,17,0,5,1,0,1,1,1,1785498883
2026-07-31T11:55:21Z,499,16,0,2,1,0,1,1,1,1785498891
2026-07-31T11:55:21Z,500,5,2,4,6,0,1,1,1,1785498077
2026-07-31T11:55:21Z,501,12,5,9,0,0,1,1,1,1785496130
2026-07-31T11:55:21Z,502,8,0,11,0,0,1,1,1,1785498415
2026-07-31T11:55:21Z,503,22,0,8,1,0,1,1,1,1785498798
2026-07-31T11:55:21Z,504,5,1,34,0,0,1,1,1,1785498604
2026-07-31T11:55:21Z,505,6,0,5,1,0,1,1,1,1785498639
2026-07-31T11:55:21Z,511,8,3,15,0,0,1,1,1,1785498191
2026-07-31T11:55:21Z,512,11,0,16,0,0,1,1,1,1785498428
2026-07-31T11:55:21Z,514,7,0,3,1,0,1,1,1,1785497051
2026-07-31T11:55:21Z,515,2,0,17,0,0,1,1,1,1785497478
2026-07-31T11:55:21Z,516,6,1,21,0,0,1,1,1,1785498623
2026-07-31T11:55:21Z,517,12,1,10,1,0,1,1,1,1785497817
2026-07-31T11:55:21Z,518,13,1,1,1,0,1,1,1,1785494366
2026-07-31T11:55:21Z,519,2,0,15,2,0,1,1,1,1785497842
2026-07-31T11:55:21Z,520,10,6,11,5,1,1,1,1,1785498908
2026-07-31T11:55:21Z,521,17,4,6,0,0,1,1,1,1785497490
2026-07-31T11:55:21Z,522,0,0,22,1,0,1,1,1,1785496158
2026-07-31T11:55:21Z,523,6,4,16,1,0,1,1,1,1785494750
2026-07-31T11:55:21Z,524,0,0,23,0,0,1,1,1,1785494956
2026-07-31T11:55:21Z,525,9,0,10,0,0,1,1,1,1785497698
2026-07-31T11:55:21Z,526,13,1,0,2,0,1,1,1,1785486390
2026-07-31T11:55:21Z,527,6,3,17,3,0,1,1,1,1785498745
2026-07-31T11:55:21Z,528,19,1,3,1,0,1,1,1,1785498176
2026-07-31T11:55:21Z,529,7,4,6,6,0,1,1,1,1785498908
2026-07-31T11:55:21Z,530,8,0,11,2,0,1,1,1,1785497983
2026-07-31T11:55:21Z,531,17,0,4,1,1,1,1,1,1785498485
2026-07-31T11:55:21Z,532,3,3,27,1,0,1,1,1,1785488341
2026-07-31T11:55:21Z,533,6,0,11,2,0,1,1,1,1785498855
2026-07-31T11:55:21Z,534,10,1,12,1,0,1,1,1,1785498281
2026-07-31T11:55:21Z,535,3,0,12,0,0,1,1,1,1785494305
2026-07-31T11:55:21Z,536,23,0,0,0,0,1,1,1,1785498711
2026-07-31T11:55:21Z,537,4,0,16,0,0,1,1,1,1785497667
2026-07-31T11:55:21Z,538,15,5,6,0,2,1,1,1,1785498807
2026-07-31T11:55:21Z,539,5,5,26,0,0,1,1,1,1785498487
2026-07-31T11:55:21Z,540,2,0,17,0,0,1,1,1,1785498810
2026-07-31T11:55:21Z,541,19,2,7,1,0,1,1,1,1785498839
2026-07-31T11:55:21Z,542,11,5,11,1,0,1,1,1,1785498857
2026-07-31T11:55:21Z,543,17,3,1,1,0,1,1,1,1785498817
2026-07-31T11:55:21Z,544,7,1,11,4,0,1,1,1,1785498766
2026-07-31T11:55:21Z,545,2,0,15,2,0,1,1,1,1785498561
2026-07-31T11:55:21Z,546,10,5,9,0,0,1,1,1,1785498832
2026-07-31T11:55:21Z,547,17,1,8,0,0,1,1,1,1785498854
2026-07-31T11:55:21Z,548,14,1,9,0,0,1,1,1,1785498852
2026-07-31T11:55:21Z,549,17,0,6,0,0,1,1,1,1785498489
2026-07-31T11:55:21Z,550,5,0,14,0,0,1,1,1,1785498683
2026-07-31T11:55:21Z,551,11,4,12,0,0,1,1,1,1785498819
2026-07-31T11:55:21Z,552,24,2,3,0,0,1,1,1,1785498816
2026-07-31T11:55:21Z,553,14,3,8,0,1,1,1,1,1785498736
2026-07-31T11:55:21Z,554,1,1,18,0,0,1,1,1,1785486691
2026-07-31T11:55:21Z,555,12,5,2,1,0,1,1,1,1785498871
2026-07-31T11:55:21Z,556,18,4,3,2,0,1,1,1,1785498858
2026-07-31T11:55:21Z,557,8,4,10,5,0,1,1,1,1785497799
2026-07-31T11:55:21Z,558,30,5,7,0,0,1,1,1,1785498896
2026-07-31T11:55:21Z,559,0,0,17,2,0,1,1,1,1785497493
2026-07-31T11:55:21Z,560,8,0,19,0,0,1,1,1,1785497877
2026-07-31T11:55:21Z,561,16,1,6,1,0,1,1,1,1785498654
2026-07-31T11:55:21Z,562,3,0,29,3,0,1,1,1,1785486691
2026-07-31T11:55:21Z,563,9,0,5,0,0,1,1,1,1785498594
2026-07-31T11:55:21Z,564,8,0,10,1,0,1,1,1,1785497662
2026-07-31T11:55:21Z,565,4,1,15,0,0,1,1,1,1785498413
2026-07-31T11:55:21Z,566,16,1,2,1,0,1,1,1,1785498728
2026-07-31T11:55:21Z,567,26,1,0,1,0,1,1,1,1785493771
2026-07-31T11:55:21Z,568,16,0,2,1,0,1,1,1,1785496988
2026-07-31T11:55:21Z,569,16,2,3,0,0,1,1,1,1785496200
2026-07-31T11:55:21Z,570,7,0,12,0,0,1,1,1,1785498257
2026-07-31T11:55:21Z,571,7,0,16,0,0,1,1,1,1785498831
2026-07-31T11:55:21Z,572,11,4,7,1,0,1,1,1,1785498906
2026-07-31T11:55:21Z,573,10,0,5,0,0,1,1,1,1785498796
2026-07-31T11:55:21Z,574,6,2,9,0,0,1,1,1,1785498496
2026-07-31T11:55:21Z,575,4,0,16,1,0,1,1,1,1785498908
2026-07-31T11:55:21Z,576,3,1,14,2,0,1,1,1,1785498027
2026-07-31T11:55:21Z,577,19,0,12,0,0,1,1,1,1785497641
2026-07-31T11:55:21Z,578,9,9,13,1,0,1,1,1,1785498816
2026-07-31T11:55:21Z,579,6,0,37,0,0,1,1,1,1785498642
2026-07-31T11:55:21Z,580,0,0,29,0,0,1,1,1,1785498895
2026-07-31T11:55:21Z,581,10,0,9,0,0,1,1,1,1785498326
2026-07-31T11:55:21Z,582,21,0,39,1,0,1,1,1,1785498907
2026-07-31T11:55:21Z,583,21,0,1,1,0,1,1,1,1785498908
2026-07-31T11:55:21Z,584,5,4,9,5,0,1,1,1,1785498580
2026-07-31T11:55:21Z,585,11,2,15,0,1,1,1,1,1785498790
2026-07-31T11:55:21Z,586,10,0,25,0,0,1,1,1,1785496987
2026-07-31T11:55:21Z,587,13,0,10,1,0,1,1,1,1785498507
2026-07-31T11:55:21Z,588,10,3,6,2,1,1,1,1,1785498905
2026-07-31T11:55:21Z,589,13,6,8,1,0,1,1,1,1785498908
2026-07-31T11:55:21Z,590,16,2,14,1,0,1,1,1,1785496962
2026-07-31T11:55:21Z,591,22,0,6,2,0,1,1,1,1785498714
2026-07-31T11:55:21Z,592,11,0,12,0,0,1,1,1,1785498834
2026-07-31T11:55:21Z,593,3,0,35,0,0,1,1,1,1785497527
2026-07-31T11:55:21Z,594,6,1,13,2,0,1,1,1,1785498654
2026-07-31T11:55:21Z,595,0,0,3,0,0,0,1,1,1784046673
2026-07-31T11:55:21Z,605,0,0,2,1,0,0,1,1,1783975843
2026-07-31T11:55:21Z,606,0,0,0,0,0,0,1,1,86400
2026-07-31T11:55:21Z,607,18,3,13,1,0,1,1,1,1785498881
2026-07-31T11:55:21Z,608,5,1,45,0,0,1,1,1,1785498066
2026-07-31T11:55:21Z,609,0,0,23,0,0,1,1,1,1785498890
2026-07-31T11:55:21Z,610,1,1,34,0,0,1,1,1,1785498908
2026-07-31T11:55:21Z,611,5,0,21,1,0,1,1,1,1785498777
2026-07-31T11:55:21Z,612,7,1,8,0,0,1,1,1,1785498548
2026-07-31T11:55:21Z,613,9,0,2,4,0,1,1,1,1785489318
2026-07-31T11:55:21Z,614,2,2,22,2,1,1,1,1,1785495770
2026-07-31T11:55:21Z,617,13,2,1,1,0,1,1,1,1785497067
2026-07-31T11:55:21Z,618,10,1,4,5,0,1,1,1,1785498794
2026-07-31T11:55:21Z,619,3,2,16,0,0,1,1,1,1785497984
2026-07-31T11:55:21Z,620,3,1,24,0,0,1,1,1,1785498891
2026-07-31T11:55:21Z,621,0,0,22,1,0,1,1,1,1785498380
2026-07-31T11:55:21Z,622,7,3,15,1,0,1,1,1,1785498360
2026-07-31T11:55:21Z,623,8,2,21,1,0,1,1,1,1785498898
2026-07-31T11:55:21Z,624,1,0,14,0,0,1,1,1,1785493218
2026-07-31T11:55:21Z,625,3,0,16,2,0,1,1,1,1785497695
2026-07-31T11:55:21Z,626,7,0,38,0,2,1,1,1,1785498835
2026-07-31T11:55:21Z,627,14,6,5,0,0,1,1,1,1785493197
2026-07-31T11:55:21Z,628,1,1,14,2,2,1,1,1,1785498822
2026-07-31T11:55:21Z,629,4,1,6,1,0,1,1,1,1785498879
2026-07-31T11:55:21Z,630,3,2,21,3,0,1,1,1,1785498704
2026-07-31T11:55:21Z,631,4,1,19,0,0,1,1,1,1785498624
2026-07-31T11:55:21Z,632,20,0,1,2,0,1,1,1,1785492884
2026-07-31T11:55:21Z,633,12,1,0,3,0,1,1,1,1785498814
2026-07-31T11:55:21Z,634,10,2,9,0,0,1,1,1,1785498289
2026-07-31T11:55:21Z,635,15,1,4,0,0,1,1,1,1785497505
2026-07-31T11:55:21Z,636,10,2,5,0,0,1,1,1,1785488201
2026-07-31T11:55:21Z,637,7,1,12,0,0,1,1,1,1785498458
2026-07-31T11:55:21Z,638,6,1,11,2,0,1,1,1,1785498868
2026-07-31T11:55:21Z,639,5,1,12,2,0,1,1,1,1785497769
2026-07-31T11:55:21Z,640,7,4,15,1,0,1,1,1,1785498849
2026-07-31T11:55:21Z,641,14,0,10,2,0,1,1,1,1785498184
2026-07-31T11:55:21Z,642,3,3,7,9,0,1,1,1,1785498906
2026-07-31T11:55:21Z,643,2,0,18,7,0,1,1,1,1785498907
2026-07-31T11:55:21Z,644,12,0,2,1,0,1,1,1,1785486991
2026-07-31T11:55:21Z,645,11,0,10,1,1,1,1,1,1785488495
2026-07-31T11:55:21Z,646,7,2,12,0,0,1,1,1,1785498897
2026-07-31T11:55:21Z,647,28,2,3,0,0,1,1,1,1785498670
2026-07-31T11:55:21Z,648,6,0,12,1,0,1,1,1,1785497783
2026-07-31T11:55:21Z,649,19,2,11,1,0,1,1,1,1785498803
2026-07-31T11:55:21Z,650,5,1,9,0,0,1,1,1,1785488201
2026-07-31T11:55:21Z,651,7,7,16,0,0,1,1,1,1785496786
2026-07-31T11:55:21Z,652,4,3,17,2,0,1,1,1,1785498885
2026-07-31T11:55:21Z,653,8,2,10,1,0,1,1,1,1785498189
2026-07-31T11:55:21Z,654,2,2,13,0,0,1,1,1,1785488202
2026-07-31T11:55:21Z,655,7,3,1,4,1,1,1,1,1785498647
2026-07-31T11:55:21Z,656,17,6,2,0,0,1,1,1,1785498884
2026-07-31T11:55:21Z,657,9,1,4,2,2,1,1,1,1785498662
2026-07-31T11:55:21Z,658,9,1,1,0,0,1,1,1,1785473427
2026-07-31T11:55:21Z,659,7,3,6,2,0,1,1,1,1785498650
2026-07-31T11:55:21Z,660,12,0,15,4,0,1,1,1,1785498615
2026-07-31T11:55:21Z,661,2,1,17,0,0,1,1,1,1785498375
2026-07-31T11:55:21Z,662,4,3,16,3,0,1,1,1,1785493876
2026-07-31T11:55:21Z,663,12,6,2,1,0,1,1,1,1785498409
2026-07-31T11:55:21Z,664,1,0,26,0,0,1,1,1,1785495012
2026-07-31T11:55:21Z,665,12,3,3,0,0,1,1,1,1785488202
2026-07-31T11:55:21Z,666,8,2,5,2,0,1,1,1,1785495733
2026-07-31T11:55:21Z,667,0,0,19,0,0,1,1,1,1785486991
2026-07-31T11:55:21Z,668,10,1,8,1,0,1,1,1,1785498899
2026-07-31T11:55:21Z,669,12,5,2,0,0,1,1,1,1785498348
2026-07-31T11:55:21Z,670,8,1,19,0,0,1,1,1,1785498747
2026-07-31T11:55:21Z,671,26,5,0,1,0,1,1,1,1785498199
2026-07-31T11:55:21Z,672,12,2,7,3,1,1,1,1,1785491597
2026-07-31T11:55:21Z,673,17,0,4,2,0,1,1,1,1785498298
2026-07-31T11:55:21Z,674,5,3,15,3,0,1,1,1,1785498906
2026-07-31T11:55:21Z,675,11,6,2,2,0,1,1,1,1785498812
2026-07-31T11:55:21Z,676,8,0,13,1,0,1,1,1,1785498002
2026-07-31T11:55:21Z,681,9,2,3,3,0,1,1,1,1785498907
2026-07-31T11:55:21Z,682,4,1,14,1,0,1,1,1,1785486991
2026-07-31T11:55:21Z,683,4,1,15,0,0,1,1,1,1785497438
2026-07-31T11:55:21Z,684,2,0,25,0,0,1,1,1,1785498876
2026-07-31T11:55:21Z,685,8,0,17,1,1,1,1,1,1785498843
2026-07-31T11:55:21Z,686,8,0,16,3,0,1,1,1,1785498683
2026-07-31T11:55:21Z,687,11,0,18,1,1,1,1,1,1785498695
2026-07-31T11:55:21Z,688,10,0,2,7,0,1,1,1,1785498770
2026-07-31T11:55:21Z,692,0,0,21,0,0,1,1,1,1785498497
2026-07-31T11:55:21Z,693,6,0,2,3,0,1,1,1,1785498043
2026-07-31T11:55:21Z,694,9,5,12,0,0,1,1,1,1785497813
2026-07-31T11:55:21Z,695,12,8,11,0,0,1,1,1,1785498820
2026-07-31T11:55:21Z,696,17,14,4,2,0,1,1,1,1785498014
2026-07-31T11:55:21Z,697,10,1,13,0,0,1,1,1,1785498714
2026-07-31T11:55:21Z,698,21,1,6,0,0,1,1,1,1785498844
2026-07-31T11:55:21Z,699,7,0,7,1,0,1,1,1,1785498359
2026-07-31T11:55:21Z,700,18,4,1,0,0,1,1,1,1785498501
2026-07-31T11:55:21Z,701,15,5,4,0,0,1,1,1,1785498423
2026-07-31T11:55:21Z,702,19,1,4,0,0,1,1,1,1785498840
2026-07-31T11:55:21Z,704,7,2,8,0,0,1,1,1,1785497320
2026-07-31T11:55:21Z,705,4,1,9,2,0,1,1,1,1785498600
2026-07-31T11:55:21Z,706,12,2,0,3,0,1,1,1,1785497890
2026-07-31T11:55:21Z,707,8,1,7,0,0,1,1,1,1785498513
2026-07-31T11:55:21Z,708,17,2,1,1,0,1,1,1,1785498785
2026-07-31T11:55:21Z,709,9,0,3,3,0,1,1,1,1785498558
2026-07-31T11:55:21Z,710,15,4,3,1,0,1,1,1,1785498791
2026-07-31T11:55:21Z,711,18,3,1,4,0,1,1,1,1785498295
2026-07-31T11:55:21Z,712,6,6,9,0,0,1,1,1,1785498773
2026-07-31T11:55:21Z,713,5,0,18,0,0,1,1,1,1785498881
2026-07-31T11:55:21Z,716,3,2,12,0,0,1,1,1,1785498247
2026-07-31T11:55:21Z,717,4,2,18,3,0,1,1,1,1785498335
2026-07-31T11:55:21Z,718,6,1,8,1,0,1,1,1,1785498284
2026-07-31T11:55:21Z,719,8,2,21,0,0,1,1,1,1785497498
2026-07-31T11:55:21Z,720,2,1,17,0,0,1,1,1,1785498535
2026-07-31T11:55:21Z,721,1,1,20,2,0,1,1,1,1785497534
2026-07-31T11:55:21Z,722,5,0,10,0,0,1,1,1,1785498292
2026-07-31T11:55:21Z,723,12,1,11,0,0,1,1,1,1785498392
2026-07-31T11:55:21Z,724,10,4,13,0,0,1,1,1,1785498622
2026-07-31T11:55:21Z,725,15,5,7,1,0,1,1,1,1785498454
2026-07-31T11:55:21Z,726,18,3,1,0,0,1,1,1,1785498828
2026-07-31T11:55:21Z,727,8,3,12,3,0,1,1,1,1785497483
2026-07-31T11:55:21Z,728,9,0,5,1,0,1,1,1,1785498838
2026-07-31T11:55:21Z,729,1,0,18,0,0,1,1,1,1785498463
2026-07-31T11:55:21Z,730,3,2,10,2,0,1,1,1,1785497618
2026-07-31T11:55:21Z,731,9,3,5,1,0,1,1,1,1785498548
2026-07-31T11:55:21Z,732,7,5,8,0,0,1,1,1,1785497772
2026-07-31T11:55:21Z,733,7,2,20,0,0,1,1,1,1785498579
2026-07-31T11:55:21Z,734,0,0,14,0,0,1,1,1,1785498526
2026-07-31T11:55:21Z,735,4,4,23,0,0,1,1,1,1785498443
2026-07-31T11:55:21Z,736,6,0,12,1,0,1,1,1,1785497659
2026-07-31T11:55:21Z,737,4,3,10,0,1,1,1,1,1785497163
2026-07-31T11:55:21Z,738,16,4,1,2,0,1,1,1,1785497381
2026-07-31T11:55:21Z,739,20,2,6,1,0,1,1,1,1785498616
2026-07-31T11:55:21Z,741,7,1,16,0,0,1,1,1,1785498874
2026-07-31T11:55:21Z,742,3,0,30,2,0,1,1,1,1785497839
2026-07-31T11:55:21Z,743,9,3,8,2,0,1,1,1,1785498744
2026-07-31T11:55:21Z,744,10,3,5,0,0,1,1,1,1785498724
2026-07-31T11:55:21Z,745,13,4,5,1,0,1,1,1,1785498550
2026-07-31T11:55:21Z,746,8,0,13,2,0,1,1,1,1785498495
2026-07-31T11:55:21Z,747,0,0,4,0,0,0,1,1,1783446606
2026-07-31T11:55:21Z,748,10,1,13,0,0,1,1,1,1785498248
2026-07-31T11:55:21Z,749,6,5,16,1,0,1,1,1,1785498161
2026-07-31T11:55:21Z,750,3,1,8,0,0,1,1,1,1785498475
2026-07-31T11:55:21Z,751,9,0,14,0,0,1,1,1,1785498833
2026-07-31T11:55:21Z,752,15,1,1,1,0,1,1,1,1785498699
2026-07-31T11:55:21Z,753,3,0,12,0,0,1,1,1,1785498228
2026-07-31T11:55:21Z,754,3,1,11,1,0,1,1,1,1785498373
2026-07-31T11:55:21Z,755,11,3,11,1,0,1,1,1,1785498652
2026-07-31T11:55:21Z,756,13,7,24,0,0,1,1,1,1785498867
2026-07-31T11:55:21Z,757,16,9,3,0,0,1,1,1,1785498224
2026-07-31T11:55:21Z,758,21,2,2,0,0,1,1,1,1785498829
2026-07-31T11:55:21Z,759,3,2,12,0,0,1,1,1,1785497556
2026-07-31T11:55:21Z,760,8,3,11,0,0,1,1,1,1785488200
2026-07-31T11:55:21Z,761,17,0,5,1,0,1,1,1,1785498687
2026-07-31T11:55:21Z,762,5,3,5,5,0,1,1,1,1785498522
2026-07-31T11:55:21Z,768,8,0,8,3,0,1,1,1,1785497659
2026-07-31T11:55:21Z,769,14,11,5,0,0,1,1,1,1785498512
2026-07-31T11:55:21Z,770,11,3,6,2,0,1,1,1,1785498580
2026-07-31T11:55:21Z,771,13,3,1,1,0,1,1,1,1785498485
2026-07-31T11:55:21Z,772,7,1,8,0,0,1,1,1,1785497277
2026-07-31T11:55:21Z,773,15,4,4,0,0,1,1,1,1785497123
2026-07-31T11:55:21Z,774,9,5,3,3,0,1,1,1,1785498871
2026-07-31T11:55:21Z,775,7,0,10,1,1,1,1,1,1785494713
2026-07-31T11:55:21Z,776,3,1,17,1,0,1,1,1,1785497461
2026-07-31T11:55:21Z,777,10,0,2,3,0,1,1,1,1785497208
2026-07-31T11:55:21Z,778,13,0,3,3,0,1,1,1,1785497394
2026-07-31T11:55:21Z,779,8,1,10,1,0,1,1,1,1785498044
2026-07-31T11:55:21Z,780,17,2,1,1,0,1,1,1,1785498676
2026-07-31T11:55:21Z,781,4,0,4,3,0,1,1,1,1785497953
2026-07-31T11:55:21Z,782,4,3,11,4,0,1,1,1,1785498761
2026-07-31T11:55:21Z,783,6,0,13,0,0,1,1,1,1785498027
2026-07-31T11:55:21Z,784,19,2,0,0,0,1,1,1,1785497636
2026-07-31T11:55:21Z,785,11,2,2,6,0,1,1,1,1785498202
2026-07-31T11:55:21Z,786,12,5,7,0,0,1,1,1,1785497856
2026-07-31T11:55:21Z,787,10,5,3,2,0,1,1,1,1785497482
2026-07-31T11:55:21Z,788,3,0,12,0,0,1,1,1,1785498515
2026-07-31T11:55:21Z,789,9,2,2,4,0,1,1,1,1785498741
2026-07-31T11:55:21Z,790,2,0,21,0,0,1,1,1,1785497346
2026-07-31T11:55:21Z,791,7,0,11,0,1,1,1,1,1785498709
2026-07-31T11:55:21Z,793,4,0,10,1,0,1,1,1,1785498878
2026-07-31T11:55:21Z,794,18,8,9,2,0,1,1,1,1785498874
2026-07-31T11:55:21Z,796,1,0,16,2,0,1,1,1,1785498692
2026-07-31T11:55:21Z,797,2,0,13,0,0,1,1,1,1785498593
2026-07-31T11:55:21Z,798,13,1,11,1,0,1,1,1,1785498747
2026-07-31T11:55:21Z,799,14,1,2,3,0,1,1,1,1785498659
2026-07-31T11:55:21Z,800,8,0,12,1,0,1,1,1,1785498701
2026-07-31T11:55:21Z,801,10,6,10,1,0,1,1,1,1785498735
2026-07-31T11:55:21Z,802,9,0,22,0,0,1,1,1,1785498843
2026-07-31T11:55:21Z,803,1,1,14,0,0,1,1,1,1785498483
2026-07-31T11:55:21Z,806,8,3,7,0,0,1,1,1,1785497158
2026-07-31T11:55:21Z,807,14,1,9,2,0,1,1,1,1785497293
2026-07-31T11:55:21Z,808,2,0,21,2,0,1,1,1,1785497500
2026-07-31T11:55:21Z,809,4,0,18,1,0,1,1,1,1785498672
2026-07-31T11:55:21Z,810,2,0,13,4,0,1,1,1,1785497299
2026-07-31T11:55:21Z,815,1,1,9,4,1,1,1,1,1785498855
2026-07-31T11:55:21Z,817,10,4,5,0,0,1,1,1,1785498406
2026-07-31T11:55:21Z,818,4,0,18,1,0,1,1,1,1785498397
2026-07-31T11:55:21Z,819,6,4,9,0,0,1,1,1,1785487291
2026-07-31T11:55:21Z,820,8,2,9,0,0,1,1,1,1785497913
2026-07-31T11:55:21Z,821,2,1,13,0,0,1,1,1,1785498839
2026-07-31T11:55:21Z,822,6,0,16,1,0,1,1,1,1785498414
2026-07-31T11:55:21Z,823,0,0,14,1,0,1,1,1,1785498316
2026-07-31T11:55:21Z,824,12,5,7,0,0,1,1,1,1785498801
2026-07-31T11:55:21Z,825,8,5,7,0,0,1,1,1,1785495662
2026-07-31T11:55:21Z,826,15,3,2,2,0,1,1,1,1785498713
2026-07-31T11:55:21Z,827,15,4,5,1,0,1,1,1,1785497321
2026-07-31T11:55:21Z,828,11,0,6,1,0,1,1,1,1785497612
2026-07-31T11:55:21Z,829,15,6,12,0,0,1,1,1,1785498065
2026-07-31T11:55:21Z,830,17,2,5,1,0,1,1,1,1785497297
2026-07-31T11:55:21Z,831,6,2,8,1,0,1,1,1,1785498278
2026-07-31T11:55:21Z,832,10,3,5,3,0,1,1,1,1785498627
2026-07-31T11:55:21Z,833,0,0,18,1,0,1,1,1,1785498134
2026-07-31T11:55:21Z,834,6,0,17,1,0,1,1,1,1785498698
2026-07-31T11:55:21Z,835,14,5,2,2,0,1,1,1,1785497867
2026-07-31T11:55:21Z,837,5,1,0,10,0,1,1,1,1785498360
2026-07-31T11:55:21Z,838,15,5,0,0,0,1,1,1,1785498732
2026-07-31T11:55:21Z,839,9,2,20,0,0,1,1,1,1785498872
2026-07-31T11:55:21Z,840,10,4,17,2,0,1,1,1,1785498357
2026-07-31T11:55:21Z,841,7,1,8,0,0,1,1,1,1785498272
2026-07-31T11:55:21Z,842,7,2,16,0,0,1,1,1,1785498093
2026-07-31T11:55:21Z,843,8,0,22,1,0,1,1,1,1785498359
2026-07-31T11:55:21Z,844,6,0,17,0,0,1,1,1,1785498298
2026-07-31T11:55:21Z,845,5,3,12,2,0,1,1,1,1785498468
2026-07-31T11:55:21Z,846,3,0,14,2,0,1,1,1,1785497603
2026-07-31T11:55:21Z,847,7,1,20,0,0,1,1,1,1785497408
2026-07-31T11:55:21Z,848,9,3,9,1,0,1,1,1,1785497067
2026-07-31T11:55:21Z,849,5,1,9,1,0,1,1,1,1785497442
2026-07-31T11:55:21Z,850,8,0,1,2,0,1,1,1,1785497708
2026-07-31T11:55:21Z,851,5,5,30,2,0,1,1,1,1785497878
2026-07-31T11:55:21Z,852,12,6,7,0,0,1,1,1,1785498177
2026-07-31T11:55:21Z,853,10,5,13,0,0,1,1,1,1785497251
2026-07-31T11:55:21Z,854,3,2,12,0,0,1,1,1,1785497304
2026-07-31T11:55:21Z,855,25,0,2,0,0,1,1,1,1785497123
2026-07-31T11:55:21Z,857,3,2,16,0,0,1,1,1,1785498850
2026-07-31T11:55:21Z,858,4,1,14,1,0,1,1,1,1785498845
2026-07-31T11:55:21Z,859,4,0,16,1,0,1,1,1,1785498704
2026-07-31T11:55:21Z,861,8,1,2,1,0,1,1,1,1785488201
2026-07-31T11:55:21Z,862,2,2,13,0,0,1,1,1,1785498301
2026-07-31T11:55:21Z,863,13,0,5,1,0,1,1,1,1785488200
2026-07-31T11:55:21Z,866,11,3,8,0,0,1,1,1,1785498619
2026-07-31T11:55:21Z,867,13,1,2,0,0,1,1,1,1785497915
2026-07-31T11:55:21Z,868,12,2,3,0,0,1,1,1,1785498132
2026-07-31T11:55:21Z,870,7,4,6,2,0,1,1,1,1785498352
2026-07-31T11:55:21Z,871,0,0,10,1,0,1,1,1,1785497720
2026-07-31T11:55:21Z,872,0,0,14,1,0,1,1,1,1785498269
2026-07-31T11:55:21Z,873,6,2,26,1,0,1,1,1,1785498715
2026-07-31T11:55:21Z,874,2,0,10,3,0,1,1,1,1785498574
2026-07-31T11:55:21Z,875,14,10,0,1,0,1,1,1,1785498427
2026-07-31T11:55:21Z,877,12,10,5,2,0,1,1,1,1785498565
2026-07-31T11:55:21Z,878,4,3,14,1,0,1,1,1,1785498470
2026-07-31T11:55:21Z,879,3,1,16,0,0,1,1,1,1785497914
2026-07-31T11:55:21Z,880,1,0,21,1,0,1,1,1,1785498429
2026-07-31T11:55:21Z,881,1,1,18,0,0,1,1,1,1785498543
2026-07-31T11:55:21Z,882,10,0,6,3,0,1,1,1,1785488200
2026-07-31T11:55:21Z,883,11,6,8,0,0,1,1,1,1785498579
2026-07-31T11:55:21Z,884,10,7,11,0,0,1,1,1,1785497884
2026-07-31T11:55:21Z,885,1,0,18,0,0,1,1,1,1785498162
2026-07-31T11:55:21Z,886,16,1,11,2,0,1,1,1,1785498868
2026-07-31T11:55:21Z,887,3,1,11,3,0,1,1,1,1785498867
2026-07-31T11:55:21Z,888,14,1,25,1,1,1,1,1,1785498887
2026-07-31T11:55:21Z,889,11,0,6,2,0,1,1,1,1785498564
2026-07-31T11:55:21Z,890,6,4,9,0,0,1,1,1,1785489632
2026-07-31T11:55:21Z,891,20,0,2,1,0,1,1,1,1785498623
2026-07-31T11:55:21Z,892,13,1,2,0,0,1,1,1,1785488200
2026-07-31T11:55:21Z,895,0,0,18,1,0,1,1,1,1785489208
2026-07-31T11:55:21Z,896,6,0,29,0,0,1,1,1,1785493238
2026-07-31T11:55:21Z,897,11,1,10,0,0,1,1,1,1785498363
2026-07-31T11:55:21Z,898,3,0,16,0,0,1,1,1,1785498081
2026-07-31T11:55:21Z,899,0,0,18,1,0,1,1,1,1785497313
2026-07-31T11:55:21Z,900,11,0,14,2,0,1,1,1,1785498336
2026-07-31T11:55:21Z,901,9,0,9,1,0,1,1,1,1785498844
2026-07-31T11:55:21Z,902,8,0,6,1,0,1,1,1,1785498012
2026-07-31T11:55:21Z,903,13,2,5,1,0,1,1,1,1785497478
2026-07-31T11:55:21Z,904,9,4,9,1,0,1,1,1,1785498473
2026-07-31T11:55:21Z,905,8,2,19,0,0,1,1,1,1785498585
2026-07-31T11:55:21Z,906,1,0,26,0,0,1,1,1,1785498845
2026-07-31T11:55:21Z,907,2,1,29,0,0,1,1,1,1785498688
2026-07-31T11:55:21Z,908,9,0,14,0,0,1,1,1,1785498699
2026-07-31T11:55:21Z,909,7,0,15,1,0,1,1,1,1785498207
2026-07-31T11:55:21Z,910,8,1,23,0,0,1,1,1,1785498862
2026-07-31T11:55:21Z,911,4,1,15,0,0,1,1,1,1785498014
2026-07-31T11:55:21Z,912,11,4,10,2,0,1,1,1,1785497748
2026-07-31T11:55:21Z,913,3,1,16,0,0,1,1,1,1785497182
2026-07-31T11:55:21Z,914,9,2,10,0,0,1,1,1,1785498812
2026-07-31T11:55:21Z,915,8,0,14,1,0,1,1,1,1785498749
2026-07-31T11:55:21Z,916,23,8,0,0,0,1,1,1,1785498632
2026-07-31T11:55:21Z,917,14,5,20,1,0,1,1,1,1785497765
2026-07-31T11:55:21Z,918,6,1,11,2,0,1,1,1,1785498386
2026-07-31T11:55:21Z,919,7,0,30,2,0,1,1,1,1785498758
2026-07-31T11:55:21Z,920,4,2,15,0,0,1,1,1,1785498806
2026-07-31T11:55:21Z,921,12,0,9,0,0,1,1,1,1785498154
2026-07-31T11:55:21Z,922,3,0,17,1,0,1,1,1,1785498133
2026-07-31T11:55:21Z,923,16,2,3,0,0,1,1,1,1785498436
2026-07-31T11:55:21Z,924,8,2,13,0,0,1,1,1,1785497349
2026-07-31T11:55:21Z,925,13,0,8,0,0,1,1,1,1785498636
2026-07-31T11:55:21Z,926,2,1,19,0,0,1,1,1,1785498767
2026-07-31T11:55:21Z,927,5,0,30,0,0,1,1,1,1785498463
2026-07-31T11:55:21Z,928,5,3,14,0,0,0,1,1,1785464301
2026-07-31T11:55:21Z,929,1,0,22,0,0,1,1,1,1785498245
2026-07-31T11:55:21Z,930,0,0,30,1,0,1,1,1,1785498397
2026-07-31T11:55:21Z,931,10,7,13,0,0,1,1,1,1785498708
2026-07-31T11:55:21Z,932,3,0,13,3,0,1,1,1,1785498814
2026-07-31T11:55:21Z,933,1,0,22,0,0,1,1,1,1785498754
2026-07-31T11:55:21Z,934,6,0,24,1,0,1,1,1,1785498114
2026-07-31T11:55:21Z,935,15,4,3,1,0,1,1,1,1785497899
2026-07-31T11:55:21Z,936,4,1,15,0,0,1,1,1,1785456801
2026-07-31T11:55:21Z,940,9,0,2,0,0,1,1,1,1785498757
2026-07-31T11:55:21Z,941,8,1,15,2,0,1,1,1,1785498894
2026-07-31T11:55:21Z,942,7,0,13,1,0,1,1,1,1785497918
2026-07-31T11:55:21Z,943,9,8,6,0,0,1,1,1,1785498375
2026-07-31T11:55:21Z,944,9,8,6,0,0,1,1,1,1785498197
2026-07-31T11:55:21Z,945,10,8,5,0,0,1,1,1,1785497712
2026-07-31T11:55:21Z,946,7,5,12,0,0,1,1,1,1785487593
2026-07-31T11:55:21Z,947,7,5,10,0,0,1,1,1,1785498210
2026-07-31T11:55:21Z,948,26,9,0,5,0,1,1,1,1785498785
2026-07-31T11:55:21Z,949,11,5,4,0,0,1,1,1,1785498409
2026-07-31T11:55:21Z,950,10,4,6,1,0,1,1,1,1785498509
2026-07-31T11:55:21Z,951,18,4,4,1,0,1,1,1,1785498439
2026-07-31T11:55:21Z,952,20,5,35,0,0,1,1,1,1785498908
2026-07-31T11:55:21Z,953,9,2,5,1,0,1,1,1,1785498819
2026-07-31T11:55:21Z,954,15,3,4,0,0,1,1,1,1785498481
2026-07-31T11:55:21Z,955,5,3,16,6,0,1,1,1,1785497310
2026-07-31T11:55:21Z,956,21,0,1,1,0,1,1,1,1785498858
2026-07-31T11:55:21Z,957,13,2,16,0,0,1,1,1,1785498836
2026-07-31T11:55:21Z,958,21,1,10,0,0,1,1,1,1785497548
2026-07-31T11:55:21Z,959,19,8,1,3,0,1,1,1,1785498114
2026-07-31T11:55:21Z,960,15,0,7,1,0,1,1,1,1785498797
2026-07-31T11:55:21Z,961,0,0,20,3,0,1,1,1,1785498745
2026-07-31T11:55:21Z,962,9,2,23,3,0,1,1,1,1785498676
2026-07-31T11:55:21Z,963,15,0,7,1,0,1,1,1,1785498510
2026-07-31T11:55:21Z,964,14,8,8,1,0,1,1,1,1785497963
2026-07-31T11:55:21Z,965,7,3,19,1,0,1,1,1,1785498458
2026-07-31T11:55:21Z,966,24,0,7,0,0,1,1,1,1785498557
2026-07-31T11:55:21Z,967,16,0,4,1,0,1,1,1,1785498051
2026-07-31T11:55:21Z,968,13,0,5,1,0,1,1,1,1785498452
2026-07-31T11:55:21Z,969,12,7,13,2,0,1,1,1,1785498209
2026-07-31T11:55:21Z,970,10,0,7,2,0,1,1,1,1785498807
2026-07-31T11:55:21Z,971,10,0,12,1,0,1,1,1,1785498736
2026-07-31T11:55:21Z,972,9,1,13,1,0,1,1,1,1785498191
2026-07-31T11:55:21Z,973,7,4,15,1,0,1,1,1,1785497707
2026-07-31T11:55:21Z,974,15,0,12,0,0,1,1,1,1785498908
2026-07-31T11:55:21Z,977,6,6,13,2,0,1,1,1,1785498451
2026-07-31T11:55:21Z,978,11,0,12,0,0,1,1,1,1785497507
2026-07-31T11:55:21Z,979,11,0,6,0,0,1,1,1,1785498848
2026-07-31T11:55:21Z,980,6,0,13,2,0,1,1,1,1785498736
2026-07-31T11:55:21Z,981,7,0,13,1,0,1,1,1,1785498854
2026-07-31T11:55:21Z,982,3,1,14,2,0,1,1,1,1785498248
2026-07-31T11:55:21Z,983,2,1,20,1,0,1,1,1,1785498675
2026-07-31T11:55:21Z,984,6,0,17,0,0,1,1,1,1785497876
2026-07-31T11:55:21Z,985,14,0,17,0,0,1,1,1,1785498782
2026-07-31T11:55:21Z,986,4,0,15,0,0,1,1,1,1785498246
2026-07-31T11:55:21Z,987,6,0,16,1,0,1,1,1,1785498793
2026-07-31T11:55:21Z,988,5,1,13,1,0,1,1,1,1785498402
2026-07-31T11:55:21Z,989,9,4,10,0,0,1,1,1,1785497390
2026-07-31T11:55:21Z,990,13,1,0,2,0,1,1,1,1785498442
2026-07-31T11:55:21Z,991,10,2,8,1,0,1,1,1,1785498121
2026-07-31T11:55:21Z,992,10,7,12,1,0,1,1,1,1785497181
2026-07-31T11:55:21Z,993,0,0,27,0,0,1,1,1,1785476008
2026-07-31T11:55:21Z,994,3,1,18,0,0,1,1,1,1785497398
2026-07-31T11:55:21Z,995,6,0,21,0,0,1,1,1,1785498435
2026-07-31T11:55:21Z,996,8,1,15,0,0,1,1,1,1785498232
2026-07-31T11:55:21Z,997,10,5,10,3,0,1,1,1,1785498880
2026-07-31T11:55:21Z,998,3,3,19,1,0,1,1,1,1785498546
2026-07-31T11:55:21Z,999,2,0,16,2,1,1,1,1,1785498311
2026-07-31T11:55:21Z,1000,5,2,16,0,0,1,1,1,1785497294
2026-07-31T11:55:21Z,1001,2,1,25,0,0,1,1,1,1785498575
2026-07-31T11:55:21Z,1002,2,2,27,2,0,1,1,1,1785498637
2026-07-31T11:55:21Z,1003,0,0,22,1,0,1,1,1,1785498192
2026-07-31T11:55:21Z,1004,8,1,15,0,0,1,1,1,1785497634
2026-07-31T11:55:21Z,1005,20,1,3,0,0,1,1,1,1785498381
2026-07-31T11:55:21Z,1006,7,4,11,1,0,1,1,1,1785498210
2026-07-31T11:55:21Z,1007,2,1,19,0,0,1,1,1,1785497844
2026-07-31T11:55:21Z,1008,6,5,15,2,0,1,1,1,1785497356
2026-07-31T11:55:21Z,1009,19,2,8,4,0,1,1,1,1785497227
2026-07-31T11:55:21Z,1010,7,2,20,0,0,1,1,1,1785498060
2026-07-31T11:55:21Z,1011,7,2,10,2,0,1,1,1,1785498584
2026-07-31T11:55:21Z,1012,4,3,18,1,0,1,1,1,1785498148
2026-07-31T11:55:21Z,1013,4,1,18,1,0,1,1,1,1785498738
2026-07-31T11:55:21Z,1014,7,2,13,3,0,1,1,1,1785498667
2026-07-31T11:55:21Z,1015,3,1,25,3,0,1,1,1,1785497138
2026-07-31T11:55:21Z,1016,10,5,21,0,0,1,1,1,1785498028
2026-07-31T11:55:21Z,1017,14,5,7,0,0,1,1,1,1785497552
2026-07-31T11:55:21Z,1018,7,2,15,0,0,1,1,1,1785498235
2026-07-31T11:55:21Z,1019,9,6,6,0,0,1,1,1,1785498151
2026-07-31T11:55:21Z,1020,18,3,3,0,0,1,1,1,1785497421
2026-07-31T11:55:21Z,1021,9,3,5,1,0,1,1,1,1785497138
2026-07-31T11:55:21Z,1022,14,0,13,0,0,1,1,1,1785498336
2026-07-31T11:55:21Z,1023,13,1,9,1,0,1,1,1,1785497972
2026-07-31T11:55:21Z,1024,6,2,12,1,0,1,1,1,1785498669
2026-07-31T11:55:21Z,1025,4,0,14,0,1,1,1,1,1785498304
2026-07-31T11:55:21Z,1026,7,4,18,6,0,1,1,1,1785497504
2026-07-31T11:55:21Z,1028,2,0,20,1,0,1,1,1,1785498327
2026-07-31T11:55:21Z,1029,9,9,5,1,0,1,1,1,1785497436
2026-07-31T11:55:21Z,1030,14,5,9,0,0,1,1,1,1785497194
2026-07-31T11:55:21Z,1031,8,0,11,0,0,1,1,1,1785497549
2026-07-31T11:55:21Z,1032,7,1,12,0,0,1,1,1,1785498215
2026-07-31T11:55:21Z,1033,9,5,8,2,0,1,1,1,1785497213
2026-07-31T11:55:21Z,1034,3,0,12,0,0,1,1,1,1785498222
2026-07-31T11:55:21Z,1035,1,0,16,2,0,1,1,1,1785498266
2026-07-31T11:55:21Z,1036,15,1,0,0,0,1,1,1,1785498803
2026-07-31T11:55:21Z,1037,5,0,13,1,0,1,1,1,1785498438
2026-07-31T11:55:21Z,1038,2,0,12,1,0,1,1,1,1785497921
2026-07-31T11:55:21Z,1039,7,2,12,0,0,1,1,1,1785498369
2026-07-31T11:55:21Z,1040,6,3,11,2,0,1,1,1,1785498255
2026-07-31T11:55:21Z,1041,11,3,8,0,0,1,1,1,1785498134
2026-07-31T11:55:21Z,1042,12,1,1,2,0,1,1,1,1785498455
2026-07-31T11:55:21Z,1043,10,0,6,3,0,1,1,1,1785498290
2026-07-31T11:55:21Z,1044,1,0,13,1,0,1,1,1,1785497975
2026-07-31T11:55:21Z,1045,10,0,9,0,0,1,1,1,1785498203
2026-07-31T11:55:21Z,1046,8,0,7,0,0,1,1,1,1785497599
2026-07-31T11:55:21Z,1047,5,0,16,0,0,1,1,1,1785497156
2026-07-31T11:55:21Z,1048,10,1,9,0,0,1,1,1,1785498179
2026-07-31T11:55:21Z,1049,5,0,16,0,0,1,1,1,1785498253
2026-07-31T11:55:21Z,1050,17,4,4,0,0,1,1,1,1785497530
2026-07-31T11:55:21Z,1051,8,3,13,0,0,1,1,1,1785497420
2026-07-31T11:55:21Z,1052,17,2,5,0,0,1,1,1,1785498047
2026-07-31T11:55:21Z,1053,2,1,13,0,0,1,1,1,1785498101
2026-07-31T11:55:21Z,1054,14,1,1,0,0,1,1,1,1785498361
2026-07-31T11:55:21Z,1055,6,0,13,0,0,1,1,1,1785498346
2026-07-31T11:55:21Z,1057,12,0,6,1,0,1,1,1,1785498903
2026-07-31T11:55:21Z,1058,7,0,48,1,0,1,1,1,1785498475
2026-07-31T11:55:21Z,1059,1,0,17,1,0,1,1,1,1785498231
2026-07-31T11:55:21Z,1060,30,0,7,0,0,1,1,1,1785498737
2026-07-31T11:55:21Z,1061,20,2,16,1,0,1,1,1,1785498695
2026-07-31T11:55:21Z,1062,9,1,8,0,0,1,1,1,1785498714
2026-07-31T11:55:21Z,1063,12,1,6,1,0,1,1,1,1785498258
2026-07-31T11:55:21Z,1064,3,0,19,1,0,1,1,1,1785498596
2026-07-31T11:55:21Z,1065,16,3,7,0,0,1,1,1,1785498838
2026-07-31T11:55:21Z,1066,10,2,13,0,0,1,1,1,1785498661
2026-07-31T11:55:21Z,1067,8,2,13,2,0,1,1,1,1785497113
2026-07-31T11:55:21Z,1068,8,2,13,2,0,1,1,1,1785498427
2026-07-31T11:55:21Z,1069,12,3,11,0,0,1,1,1,1785498471
2026-07-31T11:55:21Z,1070,12,2,11,0,0,1,1,1,1785498568
2026-07-31T11:55:21Z,1071,7,4,16,0,0,1,1,1,1785498607
2026-07-31T11:55:21Z,1072,11,1,11,1,0,1,1,1,1785498845
2026-07-31T11:55:21Z,1073,19,2,7,1,0,1,1,1,1785498544
2026-07-31T11:55:21Z,1074,3,0,49,1,0,1,1,1,1785498787
2026-07-31T11:55:21Z,1075,10,10,11,0,0,1,1,1,1785497975
2026-07-31T11:55:21Z,1076,15,12,6,0,0,1,1,1,1785497414
2026-07-31T11:55:21Z,1077,8,4,13,0,0,1,1,1,1785498708
2026-07-31T11:55:21Z,1078,11,10,10,0,0,1,1,1,1785497456
2026-07-31T11:55:21Z,1079,11,8,10,0,0,1,1,1,1785498082
2026-07-31T11:55:21Z,1080,10,8,10,1,0,1,1,1,1785498684
2026-07-31T11:55:21Z,1081,13,8,6,0,0,1,1,1,1785497248
2026-07-31T11:55:21Z,1082,7,7,1,0,0,1,1,1,1785498529
2026-07-31T11:55:21Z,1083,13,11,8,0,0,1,1,1,1785498352
2026-07-31T11:55:21Z,1084,9,8,12,0,0,1,1,1,1785497969
2026-07-31T11:55:21Z,1085,10,10,11,0,0,1,1,1,1785497622
2026-07-31T11:55:21Z,1086,3,1,17,1,0,1,1,1,1785498888
2026-07-31T11:55:21Z,1087,12,7,3,0,0,1,1,1,1785497500
2026-07-31T11:55:21Z,1088,9,7,6,0,0,1,1,1,1785498307
2026-07-31T11:55:21Z,1089,6,4,9,0,0,1,1,1,1785498840
2026-07-31T11:55:21Z,1090,9,8,6,0,0,1,1,1,1785497329
2026-07-31T11:55:21Z,1091,12,7,3,0,0,1,1,1,1785497242
2026-07-31T11:55:21Z,1092,9,9,5,1,0,1,1,1,1785498604
2026-07-31T11:55:21Z,1093,7,6,8,0,0,1,1,1,1785497150
2026-07-31T11:55:21Z,1094,12,10,6,1,0,1,1,1,1785498236
2026-07-31T11:55:21Z,1095,8,7,7,0,0,1,1,1,1785498901
2026-07-31T11:55:21Z,1096,3,1,15,1,0,1,1,1,1785498579
2026-07-31T11:55:21Z,1097,9,9,6,0,0,1,1,1,1785498789
2026-07-31T11:55:21Z,1098,9,7,10,0,0,1,1,1,1785497319
2026-07-31T11:55:21Z,1099,7,6,8,0,0,1,1,1,1785498048
2026-07-31T11:55:21Z,1100,8,4,21,0,0,1,1,1,1785493678
2026-07-31T11:55:21Z,1101,10,5,11,0,0,1,1,1,1785497946
2026-07-31T11:55:21Z,1102,9,4,4,0,0,1,1,1,1785497221
2026-07-31T11:55:21Z,1103,10,5,11,0,0,1,1,1,1785487895
2026-07-31T11:55:21Z,1104,10,5,11,0,0,1,1,1,1785497701
2026-07-31T11:55:21Z,1105,8,4,5,0,0,1,1,1,1785497107
2026-07-31T11:55:21Z,1106,10,5,11,0,0,1,1,1,1785498043
2026-07-31T11:55:21Z,1107,10,5,5,0,0,1,1,1,1785498324
2026-07-31T11:55:21Z,1108,8,4,16,2,1,1,1,1,1785498837
2026-07-31T11:55:21Z,1109,9,4,6,0,0,1,1,1,1785498278
2026-07-31T11:55:21Z,1110,12,4,9,0,0,1,1,1,1785497569
2026-07-31T11:55:21Z,1111,3,2,18,0,0,1,1,1,1785475740
2026-07-31T11:55:21Z,1112,38,0,15,0,0,1,1,1,1785498172
2026-07-31T11:55:21Z,1113,4,0,17,0,0,1,1,1,1785498851
2026-07-31T11:55:21Z,1115,16,5,4,3,0,1,1,1,1785498741
2026-07-31T11:55:21Z,1116,5,1,14,0,0,1,1,1,1785498233
2026-07-31T11:55:21Z,1117,19,6,3,1,0,1,1,1,1785498718
2026-07-31T11:55:21Z,1118,15,0,4,2,0,1,1,1,1785498336
2026-07-31T11:55:21Z,1119,11,1,5,1,0,1,1,1,1785498722
2026-07-31T11:55:21Z,1120,14,0,5,0,0,1,1,1,1785498319
2026-07-31T11:55:21Z,1121,9,1,9,3,0,1,1,1,1785498443
2026-07-31T11:55:21Z,1122,13,8,5,3,0,1,1,1,1785497638
2026-07-31T11:55:21Z,1123,7,3,14,2,0,1,1,1,1785497872
2026-07-31T11:55:21Z,1124,9,1,1,5,0,1,1,1,1785498048
2026-07-31T11:55:21Z,1125,15,1,8,0,0,1,1,1,1785498523
2026-07-31T11:55:21Z,1126,2,0,18,1,0,1,1,1,1785498706
2026-07-31T11:55:21Z,1127,6,1,12,1,0,1,1,1,1785498553
2026-07-31T11:55:21Z,1128,14,2,0,1,0,1,1,1,1785498231
2026-07-31T11:55:21Z,1129,1,1,19,1,0,1,1,1,1785497961
2026-07-31T11:55:21Z,1130,13,0,2,0,0,1,1,1,1785498463
2026-07-31T11:55:21Z,1131,3,0,45,1,0,1,1,1,1785498890
2026-07-31T11:55:21Z,1132,14,6,6,1,0,1,1,1,1785498104
2026-07-31T11:55:21Z,1133,17,13,3,1,0,1,1,1,1785498050
2026-07-31T11:55:21Z,1134,10,5,9,0,0,1,1,1,1785498740
2026-07-31T11:55:21Z,1135,10,5,11,0,0,1,1,1,1785497842
2026-07-31T11:55:21Z,1136,6,0,17,0,0,1,1,1,1785498413
2026-07-31T11:55:21Z,1137,14,0,1,0,0,1,1,1,1785498149
2026-07-31T11:55:21Z,1138,16,2,3,0,0,1,1,1,1785498194
2026-07-31T11:55:21Z,1139,17,4,3,1,0,1,1,1,1785498723
2026-07-31T11:55:21Z,1140,19,0,3,1,0,1,1,1,1785498835
2026-07-31T11:55:21Z,1141,8,1,13,0,0,1,1,1,1785498712
2026-07-31T11:55:21Z,1142,2,0,19,0,0,1,1,1,1785498871
2026-07-31T11:55:21Z,1143,12,0,17,0,0,1,1,1,1785498666
2026-07-31T11:55:21Z,1144,7,1,13,1,0,1,1,1,1785498471
2026-07-31T11:55:21Z,1145,10,5,10,1,0,1,1,1,1785498620
2026-07-31T11:55:21Z,1146,1,0,16,2,0,1,1,1,1785498716
2026-07-31T11:55:21Z,1147,5,1,14,0,0,1,1,1,1785498590
2026-07-31T11:55:21Z,1148,17,6,14,0,0,1,1,1,1785498201
2026-07-31T11:55:21Z,1149,3,3,22,0,0,1,1,1,1785498213
2026-07-31T11:55:21Z,1150,14,0,5,0,0,1,1,1,1785498025
2026-07-31T11:55:21Z,1151,13,0,8,0,0,1,1,1,1785498882
2026-07-31T11:55:21Z,1152,20,0,9,0,0,1,1,1,1785498838
2026-07-31T11:55:21Z,1153,19,6,3,1,0,1,1,1,1785498773
2026-07-31T11:55:21Z,1154,14,1,5,0,0,1,1,1,1785498831
2026-07-31T11:55:21Z,1155,16,7,4,1,0,1,1,1,1785498475
2026-07-31T11:55:21Z,1158,3,0,15,1,0,1,1,1,1785498122
2026-07-31T11:55:21Z,1159,13,1,6,0,0,1,1,1,1785498478
2026-07-31T11:55:21Z,1160,8,1,10,1,0,1,1,1,1785497453
2026-07-31T11:55:21Z,1161,4,0,14,1,0,1,1,1,1785498616
2026-07-31T11:55:21Z,1162,1,0,18,0,0,1,1,1,1785498863
2026-07-31T11:55:21Z,1163,1,1,17,1,0,1,1,1,1785498240
2026-07-31T11:55:21Z,1164,6,1,13,0,0,1,1,1,1785498298
2026-07-31T11:55:21Z,1165,5,0,16,0,0,1,1,1,1785497217
2026-07-31T11:55:21Z,1166,12,2,8,1,0,1,1,1,1785498551
2026-07-31T11:55:21Z,1167,4,0,11,0,0,1,1,1,1785498001
2026-07-31T11:55:21Z,1168,1,1,21,1,0,1,1,1,1785498500
2026-07-31T11:55:21Z,1169,3,0,15,1,0,1,1,1,1785498145
2026-07-31T11:55:21Z,1170,6,0,14,1,0,1,1,1,1785498520
2026-07-31T11:55:21Z,1171,7,6,15,1,0,1,1,1,1785498197
2026-07-31T11:55:21Z,1172,6,2,7,2,0,1,1,1,1785498423
2026-07-31T11:55:21Z,1173,13,5,6,0,0,1,1,1,1785498395
2026-07-31T11:55:21Z,1174,6,3,9,0,0,1,1,1,1785498071
2026-07-31T11:55:21Z,1175,4,2,15,0,0,1,1,1,1785498199
2026-07-31T11:55:21Z,1176,19,1,2,0,0,1,1,1,1785497601
2026-07-31T11:55:21Z,1177,3,1,18,0,0,1,1,1,1785497527
2026-07-31T11:55:21Z,1178,2,1,13,0,0,1,1,1,1785498033
2026-07-31T11:55:21Z,1181,11,0,3,1,0,1,1,1,1785497946
2026-07-31T11:55:21Z,1182,4,0,16,0,0,1,1,1,1785498635
2026-07-31T11:55:21Z,1183,10,1,33,2,0,1,1,1,1785498880
2026-07-31T11:55:21Z,1184,8,2,12,1,0,1,1,1,1785498392
2026-07-31T11:55:21Z,1185,10,5,11,0,0,1,1,1,1785497656
2026-07-31T11:55:21Z,1186,9,5,10,0,0,1,1,1,1785498664
2026-07-31T11:55:21Z,1187,12,6,8,1,0,1,1,1,1785497185
2026-07-31T11:55:21Z,1188,10,5,5,0,0,1,1,1,1785498329
2026-07-31T11:55:21Z,1189,10,5,9,0,0,1,1,1,1785498424
2026-07-31T11:55:21Z,1190,9,4,12,0,0,1,1,1,1785497821
2026-07-31T11:55:21Z,1191,10,5,5,0,0,1,1,1,1785498336
2026-07-31T11:55:21Z,1192,10,6,10,1,0,1,1,1,1785498189
2026-07-31T11:55:21Z,1193,6,4,5,2,0,1,1,1,1785497364
2026-07-31T11:55:21Z,1197,9,6,7,1,0,1,1,1,1785497849
2026-07-31T11:55:21Z,1198,14,4,5,2,0,1,1,1,1785498712
2026-07-31T11:55:21Z,1199,2,0,17,0,0,1,1,1,1785498735
2026-07-31T11:55:21Z,1200,10,5,5,0,0,1,1,1,1785498372
2026-07-31T11:55:21Z,1201,10,5,5,0,0,1,1,1,1785498349
2026-07-31T11:55:21Z,1202,10,5,5,0,0,1,1,1,1785498451
2026-07-31T11:55:21Z,1203,10,5,5,0,0,1,1,1,1785498349
2026-07-31T11:55:21Z,1204,8,4,11,0,0,1,1,1,1785498099
2026-07-31T11:55:21Z,1206,11,5,10,0,0,1,1,1,1785497319
2026-07-31T11:55:21Z,1207,8,4,6,1,0,1,1,1,1785498663
2026-07-31T11:55:21Z,1208,8,3,11,0,0,1,1,1,1785498578
2026-07-31T11:55:21Z,1216,7,0,13,1,0,1,1,1,1785497549
2026-07-31T11:55:21Z,1218,4,0,17,0,0,1,1,1,1785497942
2026-07-31T11:55:21Z,1219,6,1,8,1,0,1,1,1,1785497800
2026-07-31T11:55:21Z,1220,14,7,4,1,0,1,1,1,1785497824
2026-07-31T11:55:21Z,1221,1,1,19,1,0,1,1,1,1785497255
2026-07-31T11:55:21Z,1222,27,0,2,0,0,1,1,1,1785498870
2026-07-31T11:55:21Z,1223,21,1,8,0,0,1,1,1,1785498587
2026-07-31T11:55:21Z,1226,0,0,3,0,0,0,1,1,1781868931
2026-07-31T11:55:21Z,1227,20,1,5,0,0,1,1,1,1785498037
2026-07-31T11:55:21Z,1228,15,1,14,0,0,1,1,1,1785497766
2026-07-31T11:55:21Z,1229,36,3,8,1,0,1,1,1,1785498659
2026-07-31T12:00:21Z,1,5,0,18,0,0,1,1,1,1785497381
2026-07-31T12:00:21Z,2,13,0,11,3,0,1,1,1,1785498955
2026-07-31T12:00:21Z,3,8,1,5,1,0,1,1,1,1785499197
2026-07-31T12:00:21Z,4,3,0,18,1,0,1,1,1,1785499113
2026-07-31T12:00:21Z,5,11,3,11,1,0,1,1,1,1785497818
2026-07-31T12:00:21Z,6,5,0,10,0,0,1,1,1,1785499115
2026-07-31T12:00:21Z,7,2,0,37,0,0,1,1,1,1785496278
2026-07-31T12:00:21Z,8,6,1,37,0,0,1,1,1,1785498395
2026-07-31T12:00:21Z,9,2,1,19,2,0,1,1,1,1785498831
2026-07-31T12:00:21Z,10,0,0,21,2,0,1,1,1,1785496277
2026-07-31T12:00:21Z,11,17,5,1,1,0,1,1,1,1785498536
2026-07-31T12:00:21Z,12,0,0,23,0,0,1,1,1,1785490105
2026-07-31T12:00:21Z,13,11,0,19,0,0,1,1,1,1785488834
2026-07-31T12:00:21Z,14,10,1,32,0,1,1,1,1,1785499013
2026-07-31T12:00:21Z,15,2,0,13,0,0,1,1,1,1785496271
2026-07-31T12:00:21Z,16,8,0,16,2,1,1,1,1,1785487292
2026-07-31T12:00:21Z,17,2,0,24,1,0,1,1,1,1785498990
2026-07-31T12:00:21Z,18,1,0,15,2,0,1,1,1,1785498893
2026-07-31T12:00:21Z,19,11,2,15,1,0,1,1,1,1785499163
2026-07-31T12:00:21Z,20,30,0,5,0,0,1,1,1,1785497064
2026-07-31T12:00:21Z,21,12,1,6,1,0,1,1,1,1785499012
2026-07-31T12:00:21Z,22,20,0,44,1,0,1,1,1,1785499126
2026-07-31T12:00:21Z,23,15,6,16,0,0,1,1,1,1785498872
2026-07-31T12:00:21Z,24,1,1,8,2,0,1,1,1,1785499205
2026-07-31T12:00:21Z,25,10,2,70,0,1,1,1,1,1785499089
2026-07-31T12:00:21Z,26,4,1,23,0,0,1,1,1,1785499148
2026-07-31T12:00:21Z,28,10,2,5,0,0,1,1,1,1785498357
2026-07-31T12:00:21Z,30,2,1,26,1,0,1,1,1,1785498556
2026-07-31T12:00:21Z,31,1,0,16,2,0,1,1,1,1785499153
2026-07-31T12:00:21Z,32,9,0,18,0,0,1,1,1,1785499014
2026-07-31T12:00:21Z,34,14,2,22,1,0,1,1,1,1785499121
2026-07-31T12:00:21Z,35,9,2,37,1,0,1,1,1,1785498763
2026-07-31T12:00:21Z,36,0,0,0,0,0,0,1,1,86400
2026-07-31T12:00:21Z,37,0,0,23,0,0,1,1,1,1785498745
2026-07-31T12:00:21Z,38,8,1,15,0,0,1,1,1,1785498700
2026-07-31T12:00:21Z,39,22,4,17,0,0,1,1,1,1785498979
2026-07-31T12:00:21Z,40,20,1,0,1,0,1,1,1,1785499117
2026-07-31T12:00:21Z,41,8,2,34,1,0,1,1,1,1785498675
2026-07-31T12:00:21Z,42,30,8,1,0,0,1,1,1,1785499206
2026-07-31T12:00:21Z,43,4,0,19,0,0,1,1,1,1785497380
2026-07-31T12:00:21Z,45,7,4,21,1,0,1,1,1,1785498577
2026-07-31T12:00:21Z,46,9,0,21,1,0,1,1,1,1785498775
2026-07-31T12:00:21Z,47,9,6,5,1,0,1,1,1,1785499178
2026-07-31T12:00:21Z,48,2,0,25,0,0,1,1,1,1785499154
2026-07-31T12:00:21Z,49,9,0,11,3,0,1,1,1,1785499201
2026-07-31T12:00:21Z,50,18,11,1,0,0,1,1,1,1785495744
2026-07-31T12:00:21Z,51,41,0,35,1,0,1,1,1,1785498472
2026-07-31T12:00:21Z,52,4,0,20,3,0,1,1,1,1785498901
2026-07-31T12:00:21Z,55,5,0,18,0,0,1,1,1,1785498818
2026-07-31T12:00:21Z,56,0,0,42,1,0,1,1,1,1785498871
2026-07-31T12:00:21Z,57,3,1,24,0,0,1,1,1,1785498775
2026-07-31T12:00:21Z,58,5,1,23,0,0,1,1,1,1785498737
2026-07-31T12:00:21Z,59,20,3,5,2,0,1,1,1,1785499049
2026-07-31T12:00:21Z,61,3,1,36,0,0,1,1,1,1785499117
2026-07-31T12:00:21Z,62,17,5,31,1,0,1,1,1,1785499077
2026-07-31T12:00:21Z,63,8,0,11,0,0,1,1,1,1785498515
2026-07-31T12:00:21Z,64,11,1,4,4,0,1,1,1,1785497923
2026-07-31T12:00:21Z,65,16,7,2,1,0,1,1,1,1785491350
2026-07-31T12:00:21Z,67,15,0,24,0,0,1,1,1,1785498715
2026-07-31T12:00:21Z,68,12,1,25,0,0,1,1,1,1785499047
2026-07-31T12:00:21Z,69,9,0,6,0,0,1,1,1,1785498766
2026-07-31T12:00:21Z,71,3,0,23,1,0,1,1,1,1785498770
2026-07-31T12:00:21Z,72,24,7,5,2,0,1,1,1,1785499194
2026-07-31T12:00:21Z,73,8,1,23,0,0,1,1,1,1785499204
2026-07-31T12:00:21Z,74,11,6,8,0,0,1,1,1,1785497911
2026-07-31T12:00:21Z,75,5,0,26,1,0,1,1,1,1785497947
2026-07-31T12:00:21Z,76,8,0,10,1,0,1,1,1,1785499209
2026-07-31T12:00:21Z,77,23,0,3,1,0,1,1,1,1785498836
2026-07-31T12:00:21Z,78,8,4,14,1,0,1,1,1,1785498934
2026-07-31T12:00:21Z,79,2,2,14,1,0,1,1,1,1785498903
2026-07-31T12:00:21Z,80,18,1,2,3,0,1,1,1,1785499101
2026-07-31T12:00:21Z,81,5,1,26,0,0,1,1,1,1785495915
2026-07-31T12:00:21Z,82,14,1,9,0,0,1,1,1,1785499087
2026-07-31T12:00:21Z,83,6,1,27,1,0,1,1,1,1785499079
2026-07-31T12:00:21Z,84,20,0,7,0,0,1,1,1,1785498668
2026-07-31T12:00:21Z,85,5,1,10,0,0,1,1,1,1785499155
2026-07-31T12:00:21Z,86,25,0,1,1,0,1,1,1,1785499055
2026-07-31T12:00:21Z,87,11,0,8,0,0,1,1,1,1785497467
2026-07-31T12:00:21Z,88,6,1,36,1,0,1,1,1,1785499114
2026-07-31T12:00:21Z,89,21,0,14,0,0,1,1,1,1785498292
2026-07-31T12:00:21Z,90,7,3,9,2,0,1,1,1,1785499134
2026-07-31T12:00:21Z,91,17,0,0,0,0,1,1,1,1785498737
2026-07-31T12:00:21Z,92,6,1,10,3,0,1,1,1,1785498995
2026-07-31T12:00:21Z,93,0,0,23,0,0,1,1,1,1785498071
2026-07-31T12:00:21Z,94,3,0,15,1,0,1,1,1,1785498425
2026-07-31T12:00:21Z,95,21,1,12,1,1,1,1,1,1785498344
2026-07-31T12:00:21Z,96,25,0,5,1,0,1,1,1,1785499162
2026-07-31T12:00:21Z,97,0,0,16,1,0,1,1,1,1785499086
2026-07-31T12:00:21Z,98,25,0,10,0,0,1,1,1,1785499201
2026-07-31T12:00:21Z,99,1,0,13,1,0,1,1,1,1785498666
2026-07-31T12:00:21Z,100,1,0,26,0,0,1,1,1,1785499164
2026-07-31T12:00:21Z,101,1,0,12,2,0,1,1,1,1785498891
2026-07-31T12:00:21Z,102,0,0,23,0,0,1,1,1,1785498197
2026-07-31T12:00:21Z,103,11,0,19,0,0,1,1,1,1785499207
2026-07-31T12:00:21Z,104,0,0,25,2,0,1,1,1,1785499208
2026-07-31T12:00:21Z,105,14,1,5,0,0,1,1,1,1785495616
2026-07-31T12:00:21Z,106,4,0,17,0,0,1,1,1,1785498692
2026-07-31T12:00:21Z,107,9,2,28,0,0,1,1,1,1785499197
2026-07-31T12:00:21Z,108,4,0,31,0,0,1,1,1,1785499204
2026-07-31T12:00:21Z,109,23,0,0,0,0,1,1,1,1785498500
2026-07-31T12:00:21Z,110,10,0,13,0,0,1,1,1,1785499194
2026-07-31T12:00:21Z,111,4,1,32,0,0,1,1,1,1785498905
2026-07-31T12:00:21Z,112,1,0,13,1,0,1,1,1,1785499138
2026-07-31T12:00:21Z,113,8,0,9,2,0,1,1,1,1785498927
2026-07-31T12:00:21Z,114,26,6,3,1,1,1,1,1,1785499027
2026-07-31T12:00:21Z,115,8,3,19,1,0,1,1,1,1785499073
2026-07-31T12:00:21Z,116,8,5,18,1,0,1,1,1,1785499184
2026-07-31T12:00:21Z,118,17,8,4,2,0,1,1,1,1785499113
2026-07-31T12:00:21Z,119,23,0,10,5,0,1,1,1,1785499136
2026-07-31T12:00:21Z,120,20,0,6,1,0,1,1,1,1785498065
2026-07-31T12:00:21Z,121,2,0,16,0,1,1,1,1,1785499032
2026-07-31T12:00:21Z,122,6,1,14,1,0,1,1,1,1785498901
2026-07-31T12:00:21Z,123,11,2,36,0,0,1,1,1,1785498782
2026-07-31T12:00:21Z,124,26,0,9,0,0,1,1,1,1785499179
2026-07-31T12:00:21Z,125,5,4,18,0,0,1,1,1,1785499033
2026-07-31T12:00:21Z,126,24,2,7,0,0,1,1,1,1785498392
2026-07-31T12:00:21Z,127,28,1,5,2,0,1,1,1,1785499202
2026-07-31T12:00:21Z,128,16,1,3,0,0,1,1,1,1785498719
2026-07-31T12:00:21Z,129,11,0,7,1,0,1,1,1,1785498854
2026-07-31T12:00:21Z,130,5,1,12,0,0,1,1,1,1785495263
2026-07-31T12:00:21Z,131,8,3,1,2,0,1,1,1,1785498890
2026-07-31T12:00:21Z,132,13,6,1,0,1,1,1,1,1785494491
2026-07-31T12:00:21Z,134,3,0,16,4,0,1,1,1,1785499148
2026-07-31T12:00:21Z,135,5,3,13,1,0,1,1,1,1785498943
2026-07-31T12:00:21Z,136,5,0,10,1,7,1,1,1,1785498961
2026-07-31T12:00:21Z,137,6,1,13,0,0,1,1,1,1785498891
2026-07-31T12:00:21Z,138,32,1,5,0,0,1,1,1,1785499097
2026-07-31T12:00:21Z,139,11,2,8,0,0,1,1,1,1785498762
2026-07-31T12:00:21Z,140,6,6,16,1,0,1,1,1,1785499206
2026-07-31T12:00:21Z,141,29,0,7,0,0,1,1,1,1785499042
2026-07-31T12:00:21Z,142,18,0,5,0,0,1,1,1,1785499086
2026-07-31T12:00:21Z,143,7,0,24,0,0,1,1,1,1785498535
2026-07-31T12:00:21Z,144,18,0,9,0,0,1,1,1,1785498789
2026-07-31T12:00:21Z,146,3,0,19,1,0,1,1,1,1785499109
2026-07-31T12:00:21Z,147,13,2,4,2,0,1,1,1,1785499189
2026-07-31T12:00:21Z,148,17,0,9,0,1,1,1,1,1785499188
2026-07-31T12:00:21Z,149,18,3,9,0,0,1,1,1,1785499010
2026-07-31T12:00:21Z,150,18,6,14,3,0,1,1,1,1785499168
2026-07-31T12:00:21Z,151,15,5,8,0,0,1,1,1,1785498918
2026-07-31T12:00:21Z,152,15,2,8,4,0,1,1,1,1785498991
2026-07-31T12:00:21Z,153,6,0,18,7,0,1,1,1,1785499192
2026-07-31T12:00:21Z,154,13,3,7,3,0,1,1,1,1785498975
2026-07-31T12:00:21Z,155,10,4,3,1,0,1,1,1,1785499099
2026-07-31T12:00:21Z,156,3,0,16,0,0,1,1,1,1785499129
2026-07-31T12:00:21Z,157,7,0,18,2,0,1,1,1,1785499150
2026-07-31T12:00:21Z,158,12,2,4,0,0,1,1,1,1785498894
2026-07-31T12:00:21Z,159,0,0,19,0,0,1,1,1,1785497085
2026-07-31T12:00:21Z,160,12,0,7,0,0,1,1,1,1785498418
2026-07-31T12:00:21Z,161,22,4,0,0,0,1,1,1,1785499060
2026-07-31T12:00:21Z,162,15,1,11,1,0,1,1,1,1785499014
2026-07-31T12:00:21Z,163,21,2,9,0,1,1,1,1,1785499014
2026-07-31T12:00:21Z,164,22,6,5,0,0,1,1,1,1785499086
2026-07-31T12:00:21Z,165,22,11,8,1,0,1,1,1,1785498284
2026-07-31T12:00:21Z,166,27,8,8,4,0,1,1,1,1785499207
2026-07-31T12:00:21Z,167,13,7,9,1,0,1,1,1,1785499048
2026-07-31T12:00:21Z,168,23,3,2,2,0,1,1,1,1785499111
2026-07-31T12:00:21Z,169,3,0,19,0,1,1,1,1,1785498923
2026-07-31T12:00:21Z,170,17,6,1,1,0,1,1,1,1785499101
2026-07-31T12:00:21Z,171,8,2,3,2,0,1,1,1,1785498968
2026-07-31T12:00:21Z,173,36,0,3,0,0,1,1,1,1785499156
2026-07-31T12:00:21Z,174,17,1,7,2,0,1,1,1,1785498434
2026-07-31T12:00:21Z,175,9,0,22,0,0,1,1,1,1785497471
2026-07-31T12:00:21Z,176,4,1,9,1,1,1,1,1,1785498184
2026-07-31T12:00:21Z,177,14,1,13,0,0,1,1,1,1785499122
2026-07-31T12:00:21Z,178,1,0,11,2,1,1,1,1,1785499204
2026-07-31T12:00:21Z,179,7,0,7,1,0,1,1,1,1785498743
2026-07-31T12:00:21Z,180,2,0,28,0,0,1,1,1,1785497022
2026-07-31T12:00:21Z,181,12,1,3,0,0,1,1,1,1785499190
2026-07-31T12:00:21Z,182,8,0,9,0,0,1,1,1,1785497660
2026-07-31T12:00:21Z,183,9,0,13,1,0,1,1,1,1785498926
2026-07-31T12:00:21Z,184,4,1,18,1,0,1,1,1,1785499124
2026-07-31T12:00:21Z,185,10,0,2,2,1,1,1,1,1785499132
2026-07-31T12:00:21Z,186,5,1,14,0,0,1,1,1,1785498510
2026-07-31T12:00:21Z,187,11,0,16,1,0,1,1,1,1785498959
2026-07-31T12:00:21Z,188,8,0,11,8,0,1,1,1,1785498978
2026-07-31T12:00:21Z,189,10,2,4,1,0,1,1,1,1785499042
2026-07-31T12:00:21Z,190,10,2,13,0,0,1,1,1,1785499086
2026-07-31T12:00:21Z,191,5,0,34,0,0,1,1,1,1785498873
2026-07-31T12:00:21Z,192,9,1,19,3,0,1,1,1,1785498719
2026-07-31T12:00:21Z,193,2,1,13,0,0,1,1,1,1785499100
2026-07-31T12:00:21Z,194,13,2,13,1,0,1,1,1,1785498469
2026-07-31T12:00:21Z,195,10,3,9,0,0,1,1,1,1785497798
2026-07-31T12:00:21Z,196,12,2,14,1,0,1,1,1,1785499147
2026-07-31T12:00:21Z,197,17,7,1,0,1,1,1,1,1785499131
2026-07-31T12:00:21Z,198,16,15,6,1,0,1,1,1,1785498213
2026-07-31T12:00:21Z,199,6,4,8,1,0,1,1,1,1785499046
2026-07-31T12:00:21Z,200,12,1,13,1,0,1,1,1,1785499114
2026-07-31T12:00:21Z,201,20,1,2,1,0,1,1,1,1785499157
2026-07-31T12:00:21Z,202,2,1,25,0,0,1,1,1,1785498972
2026-07-31T12:00:21Z,203,26,2,4,1,0,1,1,1,1785497162
2026-07-31T12:00:21Z,204,24,0,10,1,0,1,1,1,1785498939
2026-07-31T12:00:21Z,205,9,1,18,0,0,1,1,1,1785498280
2026-07-31T12:00:21Z,206,1,1,14,0,0,1,1,1,1785499027
2026-07-31T12:00:21Z,207,9,0,12,0,0,1,1,1,1785499197
2026-07-31T12:00:21Z,208,6,1,23,0,0,1,1,1,1785499107
2026-07-31T12:00:21Z,209,4,0,25,2,0,1,1,1,1785499209
2026-07-31T12:00:21Z,210,19,1,8,0,0,1,1,1,1785499161
2026-07-31T12:00:21Z,211,10,4,11,2,0,1,1,1,1785497417
2026-07-31T12:00:21Z,212,25,0,9,1,0,1,1,1,1785499075
2026-07-31T12:00:21Z,213,8,0,13,2,0,1,1,1,1785499010
2026-07-31T12:00:21Z,214,18,0,26,3,0,1,1,1,1785498809
2026-07-31T12:00:21Z,215,4,2,18,1,0,1,1,1,1785497789
2026-07-31T12:00:21Z,216,6,0,12,1,0,1,1,1,1785498979
2026-07-31T12:00:21Z,217,9,0,19,1,0,1,1,1,1785499177
2026-07-31T12:00:21Z,218,17,6,20,2,0,1,1,1,1785498712
2026-07-31T12:00:21Z,219,9,2,15,2,0,1,1,1,1785499070
2026-07-31T12:00:21Z,220,22,4,20,0,1,1,1,1,1785498702
2026-07-31T12:00:21Z,221,8,6,6,1,0,1,1,1,1785499153
2026-07-31T12:00:21Z,222,13,12,6,0,0,1,1,1,1785499171
2026-07-31T12:00:21Z,223,14,2,17,4,0,1,1,1,1785499087
2026-07-31T12:00:21Z,224,9,5,13,0,0,1,1,1,1785498453
2026-07-31T12:00:21Z,225,12,1,1,6,0,1,1,1,1785498882
2026-07-31T12:00:21Z,226,29,9,0,2,0,1,1,1,1785498973
2026-07-31T12:00:21Z,227,23,14,2,1,1,1,1,1,1785499179
2026-07-31T12:00:21Z,228,0,0,18,1,0,1,1,1,1785498078
2026-07-31T12:00:21Z,230,13,6,13,0,0,1,1,1,1785499091
2026-07-31T12:00:21Z,232,11,5,5,1,0,1,1,1,1785498812
2026-07-31T12:00:21Z,233,15,0,14,2,0,1,1,1,1785498008
2026-07-31T12:00:21Z,234,7,3,7,3,2,1,1,1,1785497297
2026-07-31T12:00:21Z,236,8,1,11,0,0,1,1,1,1785498119
2026-07-31T12:00:21Z,237,16,5,6,1,0,1,1,1,1785499184
2026-07-31T12:00:21Z,239,22,18,2,3,0,1,1,1,1785498122
2026-07-31T12:00:21Z,241,15,5,7,1,0,1,1,1,1785498725
2026-07-31T12:00:21Z,242,12,4,9,2,0,1,1,1,1785499162
2026-07-31T12:00:21Z,243,12,1,18,1,0,1,1,1,1785499200
2026-07-31T12:00:21Z,244,11,3,15,1,0,1,1,1,1785499195
2026-07-31T12:00:21Z,245,4,4,19,0,0,1,1,1,1785498521
2026-07-31T12:00:21Z,246,16,0,7,0,0,1,1,1,1785498770
2026-07-31T12:00:21Z,247,10,10,12,1,0,1,1,1,1785498683
2026-07-31T12:00:21Z,248,20,4,1,2,0,1,1,1,1785499114
2026-07-31T12:00:21Z,249,0,0,18,1,0,1,1,1,1785498769
2026-07-31T12:00:21Z,250,20,6,7,0,0,1,1,1,1785498986
2026-07-31T12:00:21Z,251,19,5,6,2,0,1,1,1,1785498498
2026-07-31T12:00:21Z,253,6,2,13,0,0,1,1,1,1785498769
2026-07-31T12:00:21Z,254,19,19,23,1,0,1,1,1,1785498297
2026-07-31T12:00:21Z,255,0,0,22,0,1,1,1,1,1785498897
2026-07-31T12:00:21Z,256,5,5,16,2,0,1,1,1,1785498702
2026-07-31T12:00:21Z,257,12,6,7,0,0,1,1,1,1785498572
2026-07-31T12:00:21Z,258,19,0,0,0,0,1,1,1,1785499102
2026-07-31T12:00:21Z,259,18,2,4,0,1,1,1,1,1785498956
2026-07-31T12:00:21Z,260,9,2,7,3,0,1,1,1,1785498497
2026-07-31T12:00:21Z,261,11,0,6,1,1,1,1,1,1785498984
2026-07-31T12:00:21Z,262,12,8,10,1,0,1,1,1,1785498913
2026-07-31T12:00:21Z,263,9,0,6,0,0,1,1,1,1785498191
2026-07-31T12:00:21Z,264,9,2,7,3,0,1,1,1,1785499127
2026-07-31T12:00:21Z,265,11,0,4,0,0,1,1,1,1785498197
2026-07-31T12:00:21Z,266,12,8,5,2,0,1,1,1,1785499203
2026-07-31T12:00:21Z,267,5,2,8,2,0,1,1,1,1785498393
2026-07-31T12:00:21Z,268,23,9,0,0,0,1,1,1,1785498953
2026-07-31T12:00:21Z,269,8,3,15,0,0,1,1,1,1785496011
2026-07-31T12:00:21Z,270,22,1,5,0,0,1,1,1,1785499102
2026-07-31T12:00:21Z,271,4,0,13,2,0,1,1,1,1785498598
2026-07-31T12:00:21Z,272,12,10,11,0,0,1,1,1,1785499170
2026-07-31T12:00:21Z,273,9,4,6,0,0,1,1,1,1785499187
2026-07-31T12:00:21Z,274,13,5,4,2,0,1,1,1,1785498047
2026-07-31T12:00:21Z,275,16,0,7,0,0,1,1,1,1785498573
2026-07-31T12:00:21Z,276,2,1,25,0,0,1,1,1,1785499086
2026-07-31T12:00:21Z,277,14,1,4,5,0,1,1,1,1785498387
2026-07-31T12:00:21Z,278,11,1,17,2,1,1,1,1,1785499176
2026-07-31T12:00:21Z,279,12,0,7,0,0,1,1,1,1785498811
2026-07-31T12:00:21Z,280,11,2,17,3,0,1,1,1,1785498898
2026-07-31T12:00:21Z,281,19,0,0,0,0,1,1,1,1785486089
2026-07-31T12:00:21Z,282,5,2,13,0,0,1,1,1,1785484887
2026-07-31T12:00:21Z,283,28,0,7,0,0,1,1,1,1785498512
2026-07-31T12:00:21Z,284,14,2,19,2,0,1,1,1,1785498906
2026-07-31T12:00:21Z,285,9,8,14,0,0,1,1,1,1785499054
2026-07-31T12:00:21Z,286,13,11,6,4,0,1,1,1,1785498779
2026-07-31T12:00:21Z,287,16,4,5,2,0,1,1,1,1785499155
2026-07-31T12:00:21Z,288,10,7,9,0,0,1,1,1,1785499046
2026-07-31T12:00:21Z,289,19,0,5,3,0,1,1,1,1785499209
2026-07-31T12:00:21Z,290,7,1,31,1,0,1,1,1,1785498906
2026-07-31T12:00:21Z,291,6,1,16,1,0,1,1,1,1785499152
2026-07-31T12:00:21Z,292,22,1,0,1,0,1,1,1,1785498331
2026-07-31T12:00:21Z,293,14,10,9,0,0,1,1,1,1785498327
2026-07-31T12:00:21Z,294,1,1,20,1,0,1,1,1,1785493458
2026-07-31T12:00:21Z,297,12,3,4,2,1,1,1,1,1785498914
2026-07-31T12:00:21Z,301,13,0,6,1,0,1,1,1,1785499019
2026-07-31T12:00:21Z,302,4,0,19,0,0,1,1,1,1785498495
2026-07-31T12:00:21Z,303,14,0,5,0,0,1,1,1,1785498339
2026-07-31T12:00:21Z,304,0,0,0,0,0,0,1,1,86400
2026-07-31T12:00:21Z,305,3,0,15,1,0,1,1,1,1785499205
2026-07-31T12:00:21Z,306,5,1,26,1,0,1,1,1,1785499084
2026-07-31T12:00:21Z,307,16,0,5,1,1,1,1,1,1785499014
2026-07-31T12:00:21Z,308,16,0,1,2,0,1,1,1,1785498549
2026-07-31T12:00:21Z,309,13,3,1,0,0,1,1,1,1785499188
2026-07-31T12:00:21Z,311,12,0,3,0,0,1,1,1,1785499096
2026-07-31T12:00:21Z,312,3,2,16,3,1,1,1,1,1785499023
2026-07-31T12:00:21Z,313,3,1,12,0,0,1,1,1,1785486991
2026-07-31T12:00:21Z,314,4,3,11,3,0,1,1,1,1785486991
2026-07-31T12:00:21Z,315,20,4,9,2,0,1,1,1,1785499104
2026-07-31T12:00:21Z,316,0,0,25,5,1,1,1,1,1785498958
2026-07-31T12:00:21Z,317,21,1,9,0,1,1,1,1,1785499185
2026-07-31T12:00:21Z,318,16,0,3,0,0,1,1,1,1785486991
2026-07-31T12:00:21Z,319,21,4,1,1,0,1,1,1,1785499196
2026-07-31T12:00:21Z,320,14,4,4,1,0,1,1,1,1785498526
2026-07-31T12:00:21Z,321,9,2,6,4,0,1,1,1,1785499129
2026-07-31T12:00:21Z,322,6,2,23,0,0,1,1,1,1785498748
2026-07-31T12:00:21Z,323,10,0,9,0,0,1,1,1,1785499027
2026-07-31T12:00:21Z,324,21,3,5,1,0,1,1,1,1785499202
2026-07-31T12:00:21Z,325,6,3,18,3,0,1,1,1,1785498047
2026-07-31T12:00:21Z,327,22,0,4,1,0,1,1,1,1785498956
2026-07-31T12:00:21Z,328,13,0,8,1,0,1,1,1,1785499018
2026-07-31T12:00:21Z,329,15,0,2,2,0,1,1,1,1785499208
2026-07-31T12:00:21Z,330,2,0,20,0,0,1,1,1,1785497841
2026-07-31T12:00:21Z,331,8,2,14,1,0,1,1,1,1785498902
2026-07-31T12:00:21Z,332,11,2,6,2,0,1,1,1,1785498551
2026-07-31T12:00:21Z,333,1,1,21,1,0,1,1,1,1785499044
2026-07-31T12:00:21Z,334,8,8,15,0,0,1,1,1,1785498007
2026-07-31T12:00:21Z,335,3,2,19,0,1,1,1,1,1785499051
2026-07-31T12:00:21Z,336,17,2,2,0,0,1,1,1,1785496291
2026-07-31T12:00:21Z,337,14,3,4,5,0,1,1,1,1785499195
2026-07-31T12:00:21Z,338,13,6,6,0,0,1,1,1,1785496612
2026-07-31T12:00:21Z,339,9,6,13,1,0,1,1,1,1785499181
2026-07-31T12:00:21Z,340,10,10,4,1,0,1,1,1,1785498544
2026-07-31T12:00:21Z,341,2,0,17,0,0,1,1,1,1785499209
2026-07-31T12:00:21Z,342,10,3,3,2,0,1,1,1,1785499095
2026-07-31T12:00:21Z,343,20,1,2,1,0,1,1,1,1785497528
2026-07-31T12:00:21Z,344,22,9,1,0,0,1,1,1,1785498720
2026-07-31T12:00:21Z,345,15,2,4,0,0,1,1,1,1785498696
2026-07-31T12:00:21Z,346,9,5,14,0,0,1,1,1,1785499178
2026-07-31T12:00:21Z,347,32,2,10,2,0,1,1,1,1785499208
2026-07-31T12:00:21Z,348,21,2,0,1,1,1,1,1,1785499131
2026-07-31T12:00:21Z,349,7,1,12,0,0,1,1,1,1785499135
2026-07-31T12:00:21Z,350,19,3,6,1,1,1,1,1,1785498754
2026-07-31T12:00:21Z,351,14,2,6,3,0,1,1,1,1785499126
2026-07-31T12:00:21Z,355,18,1,5,0,0,1,1,1,1785498549
2026-07-31T12:00:21Z,356,15,0,3,1,0,1,1,1,1785498522
2026-07-31T12:00:21Z,357,8,4,11,0,0,1,1,1,1785496664
2026-07-31T12:00:21Z,358,19,4,7,1,0,1,1,1,1785498480
2026-07-31T12:00:21Z,359,16,0,11,0,0,1,1,1,1785499140
2026-07-31T12:00:21Z,360,12,2,5,2,0,1,1,1,1785498772
2026-07-31T12:00:21Z,362,12,2,3,4,0,1,1,1,1785498839
2026-07-31T12:00:21Z,363,5,0,22,0,0,1,1,1,1785499159
2026-07-31T12:00:21Z,364,16,3,3,0,0,1,1,1,1785498287
2026-07-31T12:00:21Z,365,12,1,7,4,0,1,1,1,1785498729
2026-07-31T12:00:21Z,366,4,3,13,6,0,1,1,1,1785498927
2026-07-31T12:00:21Z,367,14,9,4,1,0,1,1,1,1785497713
2026-07-31T12:00:21Z,368,16,3,5,2,0,1,1,1,1785498223
2026-07-31T12:00:21Z,370,8,6,19,0,0,1,1,1,1785498893
2026-07-31T12:00:21Z,371,4,0,14,1,0,1,1,1,1785497231
2026-07-31T12:00:21Z,372,5,1,10,0,0,1,1,1,1785498130
2026-07-31T12:00:21Z,373,26,9,1,0,0,1,1,1,1785499191
2026-07-31T12:00:21Z,374,12,6,5,2,0,1,1,1,1785499170
2026-07-31T12:00:21Z,375,18,5,5,4,0,1,1,1,1785499045
2026-07-31T12:00:21Z,376,30,6,5,4,0,1,1,1,1785499092
2026-07-31T12:00:21Z,377,20,7,6,1,0,1,1,1,1785498910
2026-07-31T12:00:21Z,378,16,5,6,1,1,1,1,1,1785499123
2026-07-31T12:00:21Z,379,13,1,14,0,0,1,1,1,1785498738
2026-07-31T12:00:21Z,380,18,6,5,0,0,1,1,1,1785499042
2026-07-31T12:00:21Z,381,6,0,17,0,0,1,1,1,1785497450
2026-07-31T12:00:21Z,383,6,0,8,1,0,1,1,1,1785499112
2026-07-31T12:00:21Z,384,19,0,6,2,0,1,1,1,1785498922
2026-07-31T12:00:21Z,385,15,4,1,2,0,1,1,1,1785498555
2026-07-31T12:00:21Z,387,20,2,3,0,0,1,1,1,1785496960
2026-07-31T12:00:21Z,388,23,3,26,0,0,1,1,1,1785499020
2026-07-31T12:00:21Z,389,8,6,7,0,0,1,1,1,1785499055
2026-07-31T12:00:21Z,390,14,0,21,0,0,1,1,1,1785498138
2026-07-31T12:00:21Z,391,2,0,12,1,0,1,1,1,1785498838
2026-07-31T12:00:21Z,392,2,2,16,1,0,1,1,1,1785499068
2026-07-31T12:00:21Z,393,3,3,5,3,0,1,1,1,1785487292
2026-07-31T12:00:21Z,394,6,4,5,2,0,1,1,1,1785498256
2026-07-31T12:00:21Z,396,11,6,28,3,0,1,1,1,1785499009
2026-07-31T12:00:21Z,397,5,5,26,0,0,1,1,1,1785497106
2026-07-31T12:00:21Z,399,10,0,5,2,0,1,1,1,1785499185
2026-07-31T12:00:21Z,400,11,6,9,3,0,1,1,1,1785499046
2026-07-31T12:00:21Z,401,2,0,29,8,0,1,1,1,1785498953
2026-07-31T12:00:21Z,403,18,0,9,4,0,1,1,1,1785499158
2026-07-31T12:00:21Z,404,2,2,20,1,0,1,1,1,1785498858
2026-07-31T12:00:21Z,406,2,2,32,1,0,1,1,1,1785497256
2026-07-31T12:00:21Z,407,17,3,16,1,0,1,1,1,1785499147
2026-07-31T12:00:21Z,408,15,3,16,2,0,1,1,1,1785499177
2026-07-31T12:00:21Z,409,2,0,18,3,0,1,1,1,1785498301
2026-07-31T12:00:21Z,413,19,4,2,2,0,1,1,1,1785498044
2026-07-31T12:00:21Z,414,8,2,6,1,0,1,1,1,1785498855
2026-07-31T12:00:21Z,417,7,6,12,0,0,1,1,1,1785499059
2026-07-31T12:00:21Z,418,0,0,15,0,0,1,1,1,1785497765
2026-07-31T12:00:21Z,419,12,1,11,0,0,1,1,1,1785498303
2026-07-31T12:00:21Z,421,1,0,18,0,0,1,1,1,1785498853
2026-07-31T12:00:21Z,422,4,3,22,1,0,1,1,1,1785493261
2026-07-31T12:00:21Z,423,2,1,21,0,0,1,1,1,1785498704
2026-07-31T12:00:21Z,424,6,2,6,3,0,1,1,1,1785498137
2026-07-31T12:00:21Z,425,16,0,5,0,1,1,1,1,1785497662
2026-07-31T12:00:21Z,426,6,1,29,2,0,1,1,1,1785499003
2026-07-31T12:00:21Z,427,11,1,3,1,0,1,1,1,1785499084
2026-07-31T12:00:21Z,428,17,2,1,1,0,1,1,1,1785499124
2026-07-31T12:00:21Z,429,2,2,19,2,0,1,1,1,1785499160
2026-07-31T12:00:21Z,430,28,1,0,3,0,1,1,1,1785498350
2026-07-31T12:00:21Z,431,16,0,16,1,0,1,1,1,1785498747
2026-07-31T12:00:21Z,432,14,0,15,2,0,0,1,1,1785499014
2026-07-31T12:00:21Z,433,18,5,3,2,0,1,1,1,1785495888
2026-07-31T12:00:21Z,437,5,4,13,1,0,1,1,1,1785499124
2026-07-31T12:00:21Z,438,17,1,1,1,0,1,1,1,1785499010
2026-07-31T12:00:21Z,439,3,0,12,0,0,1,1,1,1785499168
2026-07-31T12:00:21Z,440,10,2,3,2,0,1,1,1,1785498658
2026-07-31T12:00:21Z,441,12,1,2,1,0,1,1,1,1785498631
2026-07-31T12:00:21Z,442,18,10,0,1,0,1,1,1,1785498676
2026-07-31T12:00:21Z,443,4,2,23,0,0,1,1,1,1785485488
2026-07-31T12:00:21Z,444,2,2,21,0,0,1,1,1,1785485488
2026-07-31T12:00:21Z,445,7,2,15,1,0,1,1,1,1785498918
2026-07-31T12:00:21Z,446,0,0,22,1,0,1,1,1,1785494652
2026-07-31T12:00:21Z,447,3,0,18,1,1,1,1,1,1785496389
2026-07-31T12:00:21Z,448,9,4,5,1,0,1,1,1,1785487895
2026-07-31T12:00:21Z,452,6,4,12,1,0,1,1,1,1785498196
2026-07-31T12:00:21Z,453,6,5,8,1,0,1,1,1,1785498030
2026-07-31T12:00:21Z,454,8,0,11,0,0,1,1,1,1785498523
2026-07-31T12:00:21Z,455,4,2,35,0,0,1,1,1,1785497844
2026-07-31T12:00:21Z,456,7,0,12,1,0,1,1,1,1785499164
2026-07-31T12:00:21Z,457,24,2,1,2,0,1,1,1,1785497302
2026-07-31T12:00:21Z,458,11,4,12,0,0,1,1,1,1785497899
2026-07-31T12:00:21Z,459,14,0,1,0,0,1,1,1,1785499092
2026-07-31T12:00:21Z,460,13,1,9,1,0,1,1,1,1785499111
2026-07-31T12:00:21Z,461,7,2,12,0,0,1,1,1,1785498939
2026-07-31T12:00:21Z,462,13,1,8,0,0,1,1,1,1785499072
2026-07-31T12:00:21Z,463,10,1,9,0,0,1,1,1,1785498929
2026-07-31T12:00:21Z,464,4,1,10,0,0,1,1,1,1785498095
2026-07-31T12:00:21Z,465,0,0,14,1,0,1,1,1,1785496369
2026-07-31T12:00:21Z,466,12,3,1,2,0,1,1,1,1785497185
2026-07-31T12:00:21Z,467,1,1,18,0,0,1,1,1,1785497262
2026-07-31T12:00:21Z,468,17,1,1,1,0,1,1,1,1785485789
2026-07-31T12:00:21Z,469,0,0,23,0,0,1,1,1,1785498649
2026-07-31T12:00:21Z,470,9,1,4,2,0,1,1,1,1785499024
2026-07-31T12:00:21Z,471,22,2,5,0,0,1,1,1,1785487895
2026-07-31T12:00:21Z,472,13,4,5,1,0,1,1,1,1785498973
2026-07-31T12:00:21Z,473,18,4,0,1,0,1,1,1,1785497996
2026-07-31T12:00:21Z,474,14,0,4,1,0,1,1,1,1785499117
2026-07-31T12:00:21Z,475,6,2,12,1,0,1,1,1,1785499159
2026-07-31T12:00:21Z,477,6,4,8,1,0,1,1,1,1785499199
2026-07-31T12:00:21Z,478,9,0,21,1,0,1,1,1,1785498973
2026-07-31T12:00:21Z,479,6,0,20,1,0,1,1,1,1785499012
2026-07-31T12:00:21Z,480,3,0,9,3,0,1,1,1,1785495583
2026-07-31T12:00:21Z,481,29,0,5,1,0,1,1,1,1785499059
2026-07-31T12:00:21Z,482,16,6,3,0,0,1,1,1,1785498411
2026-07-31T12:00:21Z,483,2,0,23,2,0,1,1,1,1785498981
2026-07-31T12:00:21Z,484,1,1,17,1,0,1,1,1,1785499054
2026-07-31T12:00:21Z,485,14,6,3,1,1,1,1,1,1785499025
2026-07-31T12:00:21Z,486,11,3,13,3,0,1,1,1,1785499148
2026-07-31T12:00:21Z,487,2,1,16,1,0,1,1,1,1785499135
2026-07-31T12:00:21Z,489,5,3,8,2,0,1,1,1,1785499202
2026-07-31T12:00:21Z,490,4,2,12,0,0,1,1,1,1785498856
2026-07-31T12:00:21Z,491,4,1,17,0,0,1,1,1,1785498928
2026-07-31T12:00:21Z,492,4,2,3,4,0,1,1,1,1785499207
2026-07-31T12:00:21Z,493,1,0,25,1,0,1,1,1,1785496554
2026-07-31T12:00:21Z,495,9,0,3,3,0,1,1,1,1785498768
2026-07-31T12:00:21Z,496,21,1,6,0,0,1,1,1,1785498738
2026-07-31T12:00:21Z,497,10,1,8,1,0,1,1,1,1785499165
2026-07-31T12:00:21Z,498,17,0,5,1,0,1,1,1,1785498883
2026-07-31T12:00:21Z,499,16,0,2,1,0,1,1,1,1785498891
2026-07-31T12:00:21Z,500,5,2,4,6,0,1,1,1,1785498077
2026-07-31T12:00:21Z,501,14,6,7,0,0,1,1,1,1785499203
2026-07-31T12:00:21Z,502,8,0,11,0,0,1,1,1,1785498415
2026-07-31T12:00:21Z,503,22,0,8,1,0,1,1,1,1785498798
2026-07-31T12:00:21Z,504,5,1,34,0,0,1,1,1,1785498604
2026-07-31T12:00:21Z,505,6,0,5,1,0,1,1,1,1785498639
2026-07-31T12:00:21Z,511,7,3,16,0,0,1,1,1,1785499060
2026-07-31T12:00:21Z,512,12,0,15,0,0,1,1,1,1785499154
2026-07-31T12:00:21Z,514,6,0,4,1,0,1,1,1,1785499122
2026-07-31T12:00:21Z,515,2,0,17,0,0,1,1,1,1785497478
2026-07-31T12:00:21Z,516,8,1,19,0,0,1,1,1,1785499052
2026-07-31T12:00:21Z,517,11,1,11,1,0,1,1,1,1785499069
2026-07-31T12:00:21Z,518,13,1,1,1,0,1,1,1,1785494366
2026-07-31T12:00:21Z,519,2,0,15,2,0,1,1,1,1785497842
2026-07-31T12:00:21Z,520,10,5,11,5,1,1,1,1,1785499206
2026-07-31T12:00:21Z,521,17,4,6,0,0,1,1,1,1785497490
2026-07-31T12:00:21Z,522,0,0,22,1,0,1,1,1,1785496158
2026-07-31T12:00:21Z,523,6,4,16,1,0,1,1,1,1785494750
2026-07-31T12:00:21Z,524,0,0,23,0,0,1,1,1,1785494956
2026-07-31T12:00:21Z,525,8,0,11,0,0,1,1,1,1785498932
2026-07-31T12:00:21Z,526,13,1,0,2,0,1,1,1,1785486390
2026-07-31T12:00:21Z,527,6,3,17,3,0,1,1,1,1785499060
2026-07-31T12:00:21Z,528,19,1,3,1,0,1,1,1,1785498176
2026-07-31T12:00:21Z,529,7,4,6,6,0,1,1,1,1785499206
2026-07-31T12:00:21Z,530,8,0,11,2,0,1,1,1,1785497983
2026-07-31T12:00:21Z,531,16,0,5,1,1,1,1,1,1785498925
2026-07-31T12:00:21Z,532,3,3,27,1,0,1,1,1,1785499165
2026-07-31T12:00:21Z,533,5,0,13,1,0,1,1,1,1785499130
2026-07-31T12:00:21Z,534,10,1,12,1,0,1,1,1,1785498281
2026-07-31T12:00:21Z,535,3,0,12,0,0,1,1,1,1785494305
2026-07-31T12:00:21Z,536,19,0,4,0,0,1,1,1,1785499204
2026-07-31T12:00:21Z,537,4,0,16,0,0,1,1,1,1785497667
2026-07-31T12:00:21Z,538,14,4,7,0,2,1,1,1,1785499123
2026-07-31T12:00:21Z,539,5,5,26,0,0,1,1,1,1785498487
2026-07-31T12:00:21Z,540,2,0,17,0,0,1,1,1,1785499035
2026-07-31T12:00:21Z,541,17,1,9,1,0,1,1,1,1785499066
2026-07-31T12:00:21Z,542,13,5,9,1,0,1,1,1,1785499118
2026-07-31T12:00:21Z,543,16,3,2,1,0,1,1,1,1785498982
2026-07-31T12:00:21Z,544,6,1,12,4,0,1,1,1,1785499043
2026-07-31T12:00:21Z,545,2,0,15,2,0,1,1,1,1785498561
2026-07-31T12:00:21Z,546,10,5,9,0,0,1,1,1,1785498832
2026-07-31T12:00:21Z,547,17,1,7,1,0,1,1,1,1785498988
2026-07-31T12:00:21Z,548,14,1,9,0,0,1,1,1,1785498852
2026-07-31T12:00:21Z,549,17,0,6,0,0,1,1,1,1785498489
2026-07-31T12:00:21Z,550,5,0,14,0,0,1,1,1,1785498683
2026-07-31T12:00:21Z,551,11,4,12,0,0,1,1,1,1785498819
2026-07-31T12:00:21Z,552,23,2,4,0,0,1,1,1,1785499158
2026-07-31T12:00:21Z,553,11,3,11,0,1,1,1,1,1785499134
2026-07-31T12:00:21Z,554,1,1,18,0,0,1,1,1,1785486691
2026-07-31T12:00:21Z,555,12,5,2,1,0,1,1,1,1785498871
2026-07-31T12:00:21Z,556,18,4,3,2,0,1,1,1,1785499172
2026-07-31T12:00:21Z,557,8,4,10,5,0,1,1,1,1785497799
2026-07-31T12:00:21Z,558,30,4,7,0,0,1,1,1,1785498938
2026-07-31T12:00:21Z,559,1,1,16,2,0,1,1,1,1785499024
2026-07-31T12:00:21Z,560,8,0,18,1,0,1,1,1,1785499074
2026-07-31T12:00:21Z,561,15,1,7,1,0,1,1,1,1785498958
2026-07-31T12:00:21Z,562,3,0,29,3,0,1,1,1,1785486691
2026-07-31T12:00:21Z,563,8,0,6,0,0,1,1,1,1785499160
2026-07-31T12:00:21Z,564,7,0,11,1,0,1,1,1,1785498988
2026-07-31T12:00:21Z,565,7,1,12,0,0,1,1,1,1785499208
2026-07-31T12:00:21Z,566,17,1,1,1,0,1,1,1,1785499026
2026-07-31T12:00:21Z,567,26,1,0,1,0,1,1,1,1785493771
2026-07-31T12:00:21Z,568,16,0,2,1,0,1,1,1,1785496988
2026-07-31T12:00:21Z,569,16,2,3,0,0,1,1,1,1785496200
2026-07-31T12:00:21Z,570,5,0,13,1,0,1,1,1,1785499164
2026-07-31T12:00:21Z,571,8,0,15,0,0,1,1,1,1785499095
2026-07-31T12:00:21Z,572,12,4,6,1,0,1,1,1,1785499208
2026-07-31T12:00:21Z,573,8,0,7,0,0,1,1,1,1785499118
2026-07-31T12:00:21Z,574,4,1,10,1,0,1,1,1,1785499173
2026-07-31T12:00:21Z,575,4,0,16,1,0,1,1,1,1785499182
2026-07-31T12:00:21Z,576,3,1,14,2,0,1,1,1,1785498027
2026-07-31T12:00:21Z,577,19,0,12,0,0,1,1,1,1785497641
2026-07-31T12:00:21Z,578,9,9,13,1,0,1,1,1,1785498816
2026-07-31T12:00:21Z,579,6,0,37,0,0,1,1,1,1785498642
2026-07-31T12:00:21Z,580,0,0,29,0,0,1,1,1,1785498895
2026-07-31T12:00:21Z,581,10,0,9,0,0,1,1,1,1785498326
2026-07-31T12:00:21Z,582,20,0,40,1,0,1,1,1,1785499205
2026-07-31T12:00:21Z,583,21,0,1,1,0,1,1,1,1785498908
2026-07-31T12:00:21Z,584,5,4,9,5,0,1,1,1,1785498580
2026-07-31T12:00:21Z,585,10,2,16,0,1,1,1,1,1785499102
2026-07-31T12:00:21Z,586,10,0,25,0,0,1,1,1,1785496987
2026-07-31T12:00:21Z,587,12,0,11,1,0,1,1,1,1785499151
2026-07-31T12:00:21Z,588,9,3,7,2,1,1,1,1,1785498969
2026-07-31T12:00:21Z,589,12,6,9,1,0,1,1,1,1785499022
2026-07-31T12:00:21Z,590,15,2,15,1,0,1,1,1,1785498994
2026-07-31T12:00:21Z,591,20,0,8,2,0,1,1,1,1785499123
2026-07-31T12:00:21Z,592,11,0,12,0,0,1,1,1,1785498834
2026-07-31T12:00:21Z,593,3,0,35,0,0,1,1,1,1785497527
2026-07-31T12:00:21Z,594,6,1,13,2,0,1,1,1,1785498969
2026-07-31T12:00:21Z,595,0,0,3,0,0,0,1,1,1784046673
2026-07-31T12:00:21Z,605,0,0,2,1,0,0,1,1,1783975843
2026-07-31T12:00:21Z,606,0,0,0,0,0,0,1,1,86400
2026-07-31T12:00:21Z,607,20,3,11,1,0,1,1,1,1785499203
2026-07-31T12:00:21Z,608,6,1,44,0,0,1,1,1,1785499031
2026-07-31T12:00:21Z,609,0,0,23,0,0,1,1,1,1785498890
2026-07-31T12:00:21Z,610,2,2,33,0,0,1,1,1,1785499025
2026-07-31T12:00:21Z,611,5,0,21,1,0,1,1,1,1785498777
2026-07-31T12:00:21Z,612,7,1,8,0,0,1,1,1,1785498548
2026-07-31T12:00:21Z,613,9,0,2,4,0,1,1,1,1785489318
2026-07-31T12:00:21Z,614,3,2,21,2,1,1,1,1,1785498994
2026-07-31T12:00:21Z,617,11,2,3,1,0,1,1,1,1785499178
2026-07-31T12:00:21Z,618,10,1,4,5,0,1,1,1,1785498794
2026-07-31T12:00:21Z,619,3,2,16,0,0,1,1,1,1785497984
2026-07-31T12:00:21Z,620,4,1,23,0,0,1,1,1,1785499170
2026-07-31T12:00:21Z,621,0,0,22,1,0,1,1,1,1785498380
2026-07-31T12:00:21Z,622,7,3,15,1,0,1,1,1,1785498360
2026-07-31T12:00:21Z,623,9,3,20,1,0,1,1,1,1785499041
2026-07-31T12:00:21Z,624,1,0,14,0,0,1,1,1,1785493218
2026-07-31T12:00:21Z,625,3,0,16,2,0,1,1,1,1785497695
2026-07-31T12:00:21Z,626,8,0,37,0,2,1,1,1,1785498979
2026-07-31T12:00:21Z,627,14,6,5,0,0,1,1,1,1785493197
2026-07-31T12:00:21Z,628,1,1,14,2,2,1,1,1,1785499136
2026-07-31T12:00:21Z,629,4,1,6,1,0,1,1,1,1785499194
2026-07-31T12:00:21Z,630,3,2,21,3,0,1,1,1,1785499020
2026-07-31T12:00:21Z,631,5,2,18,0,0,1,1,1,1785499059
2026-07-31T12:00:21Z,632,20,0,1,2,0,1,1,1,1785492884
2026-07-31T12:00:21Z,633,12,1,0,3,0,1,1,1,1785499118
2026-07-31T12:00:21Z,634,10,2,9,0,0,1,1,1,1785498289
2026-07-31T12:00:21Z,635,15,1,4,0,0,1,1,1,1785497505
2026-07-31T12:00:21Z,636,10,2,5,0,0,1,1,1,1785488201
2026-07-31T12:00:21Z,637,6,0,12,1,0,1,1,1,1785499189
2026-07-31T12:00:21Z,638,6,1,11,2,0,1,1,1,1785498868
2026-07-31T12:00:21Z,639,6,1,11,2,0,1,1,1,1785498928
2026-07-31T12:00:21Z,640,7,4,15,1,0,1,1,1,1785499019
2026-07-31T12:00:21Z,641,14,0,10,2,0,1,1,1,1785499072
2026-07-31T12:00:21Z,642,3,3,7,9,0,1,1,1,1785499207
2026-07-31T12:00:21Z,643,2,0,18,7,0,1,1,1,1785499209
2026-07-31T12:00:21Z,644,12,0,2,1,0,1,1,1,1785486991
2026-07-31T12:00:21Z,645,11,0,10,1,1,1,1,1,1785488495
2026-07-31T12:00:21Z,646,6,1,12,1,0,1,1,1,1785499209
2026-07-31T12:00:21Z,647,28,2,3,0,0,1,1,1,1785498670
2026-07-31T12:00:21Z,648,6,0,12,1,0,1,1,1,1785497783
2026-07-31T12:00:21Z,649,19,2,11,1,0,1,1,1,1785499115
2026-07-31T12:00:21Z,650,5,1,9,0,0,1,1,1,1785488201
2026-07-31T12:00:21Z,651,7,7,16,0,0,1,1,1,1785496786
2026-07-31T12:00:21Z,652,2,2,19,2,0,1,1,1,1785499179
2026-07-31T12:00:21Z,653,8,2,10,1,0,1,1,1,1785498189
2026-07-31T12:00:21Z,654,2,2,13,0,0,1,1,1,1785488202
2026-07-31T12:00:21Z,655,7,3,1,4,1,1,1,1,1785498964
2026-07-31T12:00:21Z,656,17,6,2,0,0,1,1,1,1785498884
2026-07-31T12:00:21Z,657,9,1,4,2,2,1,1,1,1785498978
2026-07-31T12:00:21Z,658,9,1,1,0,0,1,1,1,1785473427
2026-07-31T12:00:21Z,659,7,3,6,2,0,1,1,1,1785498650
2026-07-31T12:00:21Z,660,12,0,15,4,0,1,1,1,1785498930
2026-07-31T12:00:21Z,661,2,1,17,0,0,1,1,1,1785498375
2026-07-31T12:00:21Z,662,4,3,16,3,0,1,1,1,1785499187
2026-07-31T12:00:21Z,663,12,6,2,1,0,1,1,1,1785498409
2026-07-31T12:00:21Z,664,2,0,25,0,0,1,1,1,1785499085
2026-07-31T12:00:21Z,665,12,3,3,0,0,1,1,1,1785488202
2026-07-31T12:00:21Z,666,8,2,5,2,0,1,1,1,1785495733
2026-07-31T12:00:21Z,667,0,0,19,0,0,1,1,1,1785486991
2026-07-31T12:00:21Z,668,10,1,9,0,0,1,1,1,1785498910
2026-07-31T12:00:21Z,669,12,5,2,0,0,1,1,1,1785498348
2026-07-31T12:00:21Z,670,7,1,20,0,0,1,1,1,1785498993
2026-07-31T12:00:21Z,671,26,5,0,1,0,1,1,1,1785498199
2026-07-31T12:00:21Z,672,12,2,7,3,1,1,1,1,1785491597
2026-07-31T12:00:21Z,673,17,0,4,2,0,1,1,1,1785498298
2026-07-31T12:00:21Z,674,5,2,15,3,0,1,1,1,1785498985
2026-07-31T12:00:21Z,675,11,6,2,2,0,1,1,1,1785499127
2026-07-31T12:00:21Z,676,9,1,12,1,0,1,1,1,1785499085
2026-07-31T12:00:21Z,681,9,2,3,3,0,1,1,1,1785499170
2026-07-31T12:00:21Z,682,4,1,14,1,0,1,1,1,1785486991
2026-07-31T12:00:21Z,683,3,1,16,0,0,1,1,1,1785499114
2026-07-31T12:00:21Z,684,2,0,25,0,0,1,1,1,1785498876
2026-07-31T12:00:21Z,685,8,0,17,1,1,1,1,1,1785498843
2026-07-31T12:00:21Z,686,8,0,16,3,0,1,1,1,1785498998
2026-07-31T12:00:21Z,687,11,0,18,1,1,1,1,1,1785499010
2026-07-31T12:00:21Z,688,10,0,2,7,0,1,1,1,1785499085
2026-07-31T12:00:21Z,692,0,0,21,0,0,1,1,1,1785498497
2026-07-31T12:00:21Z,693,6,0,2,3,0,1,1,1,1785498043
2026-07-31T12:00:21Z,694,9,5,12,0,0,1,1,1,1785497813
2026-07-31T12:00:21Z,695,12,8,11,0,0,1,1,1,1785498820
2026-07-31T12:00:21Z,696,18,14,3,2,0,1,1,1,1785498932
2026-07-31T12:00:21Z,697,9,0,14,0,0,1,1,1,1785499041
2026-07-31T12:00:21Z,698,21,1,6,0,0,1,1,1,1785499175
2026-07-31T12:00:21Z,699,7,0,7,1,0,1,1,1,1785498359
2026-07-31T12:00:21Z,700,18,4,1,0,0,1,1,1,1785498501
2026-07-31T12:00:21Z,701,14,5,5,0,0,1,1,1,1785499158
2026-07-31T12:00:21Z,702,16,1,6,1,0,1,1,1,1785498987
2026-07-31T12:00:21Z,704,7,2,8,0,0,1,1,1,1785499135
2026-07-31T12:00:21Z,705,4,1,9,2,0,1,1,1,1785498600
2026-07-31T12:00:21Z,706,12,2,0,3,0,1,1,1,1785497890
2026-07-31T12:00:21Z,707,8,1,7,0,0,1,1,1,1785498513
2026-07-31T12:00:21Z,708,17,2,1,1,0,1,1,1,1785498785
2026-07-31T12:00:21Z,709,9,0,3,3,0,1,1,1,1785498558
2026-07-31T12:00:21Z,710,14,4,4,1,0,1,1,1,1785498978
2026-07-31T12:00:21Z,711,18,3,1,4,0,1,1,1,1785499188
2026-07-31T12:00:21Z,712,7,6,8,0,0,1,1,1,1785499102
2026-07-31T12:00:21Z,713,5,0,18,0,0,1,1,1,1785499014
2026-07-31T12:00:21Z,716,3,2,12,0,0,1,1,1,1785498247
2026-07-31T12:00:21Z,717,4,2,18,3,0,1,1,1,1785498335
2026-07-31T12:00:21Z,718,6,1,8,1,0,1,1,1,1785498284
2026-07-31T12:00:21Z,719,8,2,21,0,0,1,1,1,1785497498
2026-07-31T12:00:21Z,720,1,0,18,0,0,1,1,1,1785499089
2026-07-31T12:00:21Z,721,1,1,20,2,0,1,1,1,1785497534
2026-07-31T12:00:21Z,722,5,0,10,0,0,1,1,1,1785498292
2026-07-31T12:00:21Z,723,12,1,11,0,0,1,1,1,1785498392
2026-07-31T12:00:21Z,724,10,4,13,0,0,1,1,1,1785498622
2026-07-31T12:00:21Z,725,15,5,7,1,0,1,1,1,1785499073
2026-07-31T12:00:21Z,726,17,2,1,1,0,1,1,1,1785499162
2026-07-31T12:00:21Z,727,8,3,12,3,0,1,1,1,1785497483
2026-07-31T12:00:21Z,728,9,0,5,1,0,1,1,1,1785498838
2026-07-31T12:00:21Z,729,1,0,18,0,0,1,1,1,1785498463
2026-07-31T12:00:21Z,730,3,2,10,2,0,1,1,1,1785497618
2026-07-31T12:00:21Z,731,9,3,5,1,0,1,1,1,1785498548
2026-07-31T12:00:21Z,732,7,5,8,0,0,1,1,1,1785497772
2026-07-31T12:00:21Z,733,6,2,21,0,0,1,1,1,1785498967
2026-07-31T12:00:21Z,734,0,0,14,0,0,1,1,1,1785498526
2026-07-31T12:00:21Z,735,4,4,23,0,0,1,1,1,1785498443
2026-07-31T12:00:21Z,736,6,0,12,1,0,1,1,1,1785498981
2026-07-31T12:00:21Z,737,4,3,10,0,1,1,1,1,1785498981
2026-07-31T12:00:21Z,738,16,4,1,2,0,1,1,1,1785498963
2026-07-31T12:00:21Z,739,20,2,6,1,0,1,1,1,1785498616
2026-07-31T12:00:21Z,741,7,1,16,0,0,1,1,1,1785498874
2026-07-31T12:00:21Z,742,3,0,30,2,0,1,1,1,1785499031
2026-07-31T12:00:21Z,743,10,4,8,1,0,1,1,1,1785499099
2026-07-31T12:00:21Z,744,10,3,5,0,0,1,1,1,1785498724
2026-07-31T12:00:21Z,745,13,4,5,1,0,1,1,1,1785498550
2026-07-31T12:00:21Z,746,8,0,13,2,0,1,1,1,1785498495
2026-07-31T12:00:21Z,747,0,0,4,0,0,0,1,1,1783446606
2026-07-31T12:00:21Z,748,10,1,13,0,0,1,1,1,1785498248
2026-07-31T12:00:21Z,749,6,5,16,1,0,1,1,1,1785498161
2026-07-31T12:00:21Z,750,4,1,7,0,0,1,1,1,1785499045
2026-07-31T12:00:21Z,751,12,0,11,0,0,1,1,1,1785499067
2026-07-31T12:00:21Z,752,15,1,1,1,0,1,1,1,1785498699
2026-07-31T12:00:21Z,753,3,0,12,0,0,1,1,1,1785498228
2026-07-31T12:00:21Z,754,4,2,10,1,0,1,1,1,1785498919
2026-07-31T12:00:21Z,755,12,4,10,1,0,1,1,1,1785499093
2026-07-31T12:00:21Z,756,13,7,24,0,0,1,1,1,1785498867
2026-07-31T12:00:21Z,757,16,9,3,0,0,1,1,1,1785498224
2026-07-31T12:00:21Z,758,21,2,2,0,0,1,1,1,1785498829
2026-07-31T12:00:21Z,759,0,0,0,0,0,1,1,1,86400
2026-07-31T12:00:21Z,760,8,3,11,0,0,1,1,1,1785488200
2026-07-31T12:00:21Z,761,18,0,4,1,0,1,1,1,1785499060
2026-07-31T12:00:21Z,762,5,3,5,5,0,1,1,1,1785498522
2026-07-31T12:00:21Z,768,8,0,8,3,0,1,1,1,1785497659
2026-07-31T12:00:21Z,769,14,11,5,0,0,1,1,1,1785499106
2026-07-31T12:00:21Z,770,11,3,6,2,0,1,1,1,1785499043
2026-07-31T12:00:21Z,771,12,2,2,1,0,1,1,1,1785498925
2026-07-31T12:00:21Z,772,8,1,7,0,0,1,1,1,1785499091
2026-07-31T12:00:21Z,773,15,4,4,0,0,1,1,1,1785498942
2026-07-31T12:00:21Z,774,8,5,4,3,0,1,1,1,1785498926
2026-07-31T12:00:21Z,775,7,0,10,1,1,1,1,1,1785494713
2026-07-31T12:00:21Z,776,3,1,17,1,0,1,1,1,1785497461
2026-07-31T12:00:21Z,777,10,0,2,3,0,1,1,1,1785499024
2026-07-31T12:00:21Z,778,13,0,3,3,0,1,1,1,1785498969
2026-07-31T12:00:21Z,779,8,1,10,1,0,1,1,1,1785498044
2026-07-31T12:00:21Z,780,18,2,0,1,0,1,1,1,1785498967
2026-07-31T12:00:21Z,781,4,0,4,3,0,1,1,1,1785497953
2026-07-31T12:00:21Z,782,4,3,11,4,0,1,1,1,1785498761
2026-07-31T12:00:21Z,783,6,0,13,0,0,1,1,1,1785498027
2026-07-31T12:00:21Z,784,19,2,0,0,0,1,1,1,1785497636
2026-07-31T12:00:21Z,785,11,2,2,6,0,1,1,1,1785498202
2026-07-31T12:00:21Z,786,12,5,7,0,0,1,1,1,1785497856
2026-07-31T12:00:21Z,787,10,5,3,2,0,1,1,1,1785497482
2026-07-31T12:00:21Z,788,3,0,12,0,0,1,1,1,1785498515
2026-07-31T12:00:21Z,789,9,2,2,4,0,1,1,1,1785498741
2026-07-31T12:00:21Z,790,2,0,21,0,0,1,1,1,1785499164
2026-07-31T12:00:21Z,791,7,0,11,0,1,1,1,1,1785498709
2026-07-31T12:00:21Z,793,4,0,10,1,0,1,1,1,1785498878
2026-07-31T12:00:21Z,794,17,8,10,2,0,1,1,1,1785499071
2026-07-31T12:00:21Z,796,1,0,16,2,0,1,1,1,1785498692
2026-07-31T12:00:21Z,797,2,0,13,0,0,1,1,1,1785498593
2026-07-31T12:00:21Z,798,13,1,11,1,0,1,1,1,1785498747
2026-07-31T12:00:21Z,799,14,1,2,3,0,1,1,1,1785498659
2026-07-31T12:00:21Z,800,8,0,12,1,0,1,1,1,1785498701
2026-07-31T12:00:21Z,801,11,7,9,1,0,1,1,1,1785499133
2026-07-31T12:00:21Z,802,9,0,22,0,0,1,1,1,1785498843
2026-07-31T12:00:21Z,803,1,1,14,0,0,1,1,1,1785498483
2026-07-31T12:00:21Z,806,7,2,8,0,0,1,1,1,1785499140
2026-07-31T12:00:21Z,807,13,1,10,2,0,1,1,1,1785499172
2026-07-31T12:00:21Z,808,2,0,21,2,0,1,1,1,1785497500
2026-07-31T12:00:21Z,809,4,0,18,1,0,1,1,1,1785498672
2026-07-31T12:00:21Z,810,2,0,13,4,0,1,1,1,1785499113
2026-07-31T12:00:21Z,815,1,1,9,4,1,1,1,1,1785498855
2026-07-31T12:00:21Z,817,10,4,5,0,0,1,1,1,1785498406
2026-07-31T12:00:21Z,818,4,0,18,1,0,1,1,1,1785498397
2026-07-31T12:00:21Z,819,6,4,9,0,0,1,1,1,1785487291
2026-07-31T12:00:21Z,820,8,2,9,0,0,1,1,1,1785497913
2026-07-31T12:00:21Z,821,2,1,13,0,0,1,1,1,1785498839
2026-07-31T12:00:21Z,822,6,0,16,1,0,1,1,1,1785499185
2026-07-31T12:00:21Z,823,1,1,14,0,0,1,1,1,1785499061
2026-07-31T12:00:21Z,824,12,5,7,0,0,1,1,1,1785498801
2026-07-31T12:00:21Z,825,8,5,7,0,0,1,1,1,1785495662
2026-07-31T12:00:21Z,826,15,3,2,2,0,1,1,1,1785498713
2026-07-31T12:00:21Z,827,15,4,5,1,0,1,1,1,1785499142
2026-07-31T12:00:21Z,828,12,0,5,1,0,1,1,1,1785499052
2026-07-31T12:00:21Z,829,15,6,12,0,0,1,1,1,1785498065
2026-07-31T12:00:21Z,830,17,2,5,1,0,1,1,1,1785499116
2026-07-31T12:00:21Z,831,6,2,8,1,0,1,1,1,1785498278
2026-07-31T12:00:21Z,832,10,3,5,3,0,1,1,1,1785498627
2026-07-31T12:00:21Z,833,0,0,18,1,0,1,1,1,1785499094
2026-07-31T12:00:21Z,834,7,0,16,1,0,1,1,1,1785499006
2026-07-31T12:00:21Z,835,13,5,3,2,0,1,1,1,1785499209
2026-07-31T12:00:21Z,837,5,1,0,10,0,1,1,1,1785498360
2026-07-31T12:00:21Z,838,15,5,0,0,0,1,1,1,1785499022
2026-07-31T12:00:21Z,839,6,2,23,0,0,1,1,1,1785499208
2026-07-31T12:00:21Z,840,11,4,16,2,0,1,1,1,1785498978
2026-07-31T12:00:21Z,841,7,1,8,0,0,1,1,1,1785498272
2026-07-31T12:00:21Z,842,7,2,16,0,0,1,1,1,1785498093
2026-07-31T12:00:21Z,843,8,0,22,1,0,1,1,1,1785498359
2026-07-31T12:00:21Z,844,6,0,17,0,0,1,1,1,1785498298
2026-07-31T12:00:21Z,845,5,3,12,2,0,1,1,1,1785498468
2026-07-31T12:00:21Z,846,3,0,14,2,0,1,1,1,1785497603
2026-07-31T12:00:21Z,847,7,1,20,0,0,1,1,1,1785497408
2026-07-31T12:00:21Z,848,8,3,10,1,0,1,1,1,1785498928
2026-07-31T12:00:21Z,849,5,1,9,1,0,1,1,1,1785497442
2026-07-31T12:00:21Z,850,8,0,1,2,0,1,1,1,1785497708
2026-07-31T12:00:21Z,851,7,6,28,2,0,1,1,1,1785499192
2026-07-31T12:00:21Z,852,12,6,7,0,0,1,1,1,1785498177
2026-07-31T12:00:21Z,853,10,5,13,0,0,1,1,1,1785499068
2026-07-31T12:00:21Z,854,3,2,12,0,0,1,1,1,1785499118
2026-07-31T12:00:21Z,855,25,0,2,0,0,1,1,1,1785497123
2026-07-31T12:00:21Z,857,3,2,16,0,0,1,1,1,1785498850
2026-07-31T12:00:21Z,858,4,1,14,1,0,1,1,1,1785498845
2026-07-31T12:00:21Z,859,4,0,16,1,0,1,1,1,1785499062
2026-07-31T12:00:21Z,861,8,1,2,1,0,1,1,1,1785488201
2026-07-31T12:00:21Z,862,2,2,13,0,0,1,1,1,1785498301
2026-07-31T12:00:21Z,863,13,0,5,1,0,1,1,1,1785488200
2026-07-31T12:00:21Z,866,11,3,8,0,0,1,1,1,1785498619
2026-07-31T12:00:21Z,867,13,1,2,0,0,1,1,1,1785497915
2026-07-31T12:00:21Z,868,12,2,3,0,0,1,1,1,1785498132
2026-07-31T12:00:21Z,870,7,4,6,2,0,1,1,1,1785498352
2026-07-31T12:00:21Z,871,0,0,10,1,0,1,1,1,1785497720
2026-07-31T12:00:21Z,872,0,0,14,1,0,1,1,1,1785498269
2026-07-31T12:00:21Z,873,8,2,24,1,0,1,1,1,1785499039
2026-07-31T12:00:21Z,874,2,0,10,3,0,1,1,1,1785498981
2026-07-31T12:00:21Z,875,14,10,0,1,0,1,1,1,1785498427
2026-07-31T12:00:21Z,877,12,10,5,2,0,1,1,1,1785498565
2026-07-31T12:00:21Z,878,4,3,14,1,0,1,1,1,1785498470
2026-07-31T12:00:21Z,879,3,1,16,0,0,1,1,1,1785497914
2026-07-31T12:00:21Z,880,1,0,21,1,0,1,1,1,1785498429
2026-07-31T12:00:21Z,881,1,1,18,0,0,1,1,1,1785498543
2026-07-31T12:00:21Z,882,10,0,6,3,0,1,1,1,1785488200
2026-07-31T12:00:21Z,883,11,6,8,0,0,1,1,1,1785498579
2026-07-31T12:00:21Z,884,10,7,11,0,0,1,1,1,1785497884
2026-07-31T12:00:21Z,885,1,0,18,0,0,1,1,1,1785498162
2026-07-31T12:00:21Z,886,17,1,11,1,0,1,1,1,1785498980
2026-07-31T12:00:21Z,887,3,1,11,3,0,1,1,1,1785498867
2026-07-31T12:00:21Z,888,15,1,24,1,1,1,1,1,1785499163
2026-07-31T12:00:21Z,889,11,0,6,2,0,1,1,1,1785498564
2026-07-31T12:00:21Z,890,6,4,9,0,0,1,1,1,1785489632
2026-07-31T12:00:21Z,891,20,0,2,1,0,1,1,1,1785498623
2026-07-31T12:00:21Z,892,13,1,2,0,0,1,1,1,1785488200
2026-07-31T12:00:21Z,895,0,0,18,1,0,1,1,1,1785489208
2026-07-31T12:00:21Z,896,6,0,29,0,0,1,1,1,1785493238
2026-07-31T12:00:21Z,897,11,1,10,0,0,1,1,1,1785498363
2026-07-31T12:00:21Z,898,3,0,16,0,0,1,1,1,1785498081
2026-07-31T12:00:21Z,899,0,0,18,1,0,1,1,1,1785499128
2026-07-31T12:00:21Z,900,10,0,15,2,0,1,1,1,1785499048
2026-07-31T12:00:21Z,901,9,0,9,1,0,1,1,1,1785498844
2026-07-31T12:00:21Z,902,8,0,6,1,0,1,1,1,1785498012
2026-07-31T12:00:21Z,903,13,2,5,1,0,1,1,1,1785497478
2026-07-31T12:00:21Z,904,9,4,9,1,0,1,1,1,1785498473
2026-07-31T12:00:21Z,905,8,2,19,0,0,1,1,1,1785498585
2026-07-31T12:00:21Z,906,1,0,26,0,0,1,1,1,1785498845
2026-07-31T12:00:21Z,907,3,1,28,0,0,1,1,1,1785499125
2026-07-31T12:00:21Z,908,8,0,15,0,0,1,1,1,1785499100
2026-07-31T12:00:21Z,909,6,0,16,1,0,1,1,1,1785498996
2026-07-31T12:00:21Z,910,7,1,24,0,0,1,1,1,1785499200
2026-07-31T12:00:21Z,911,4,1,15,0,0,1,1,1,1785498014
2026-07-31T12:00:21Z,912,11,4,10,2,0,1,1,1,1785498975
2026-07-31T12:00:21Z,913,3,1,16,0,0,1,1,1,1785498998
2026-07-31T12:00:21Z,914,8,1,11,0,0,1,1,1,1785498915
2026-07-31T12:00:21Z,915,8,0,14,1,0,1,1,1,1785498749
2026-07-31T12:00:21Z,916,23,8,0,0,0,1,1,1,1785498632
2026-07-31T12:00:21Z,917,15,5,19,1,0,1,1,1,1785499013
2026-07-31T12:00:21Z,918,6,1,11,2,0,1,1,1,1785498386
2026-07-31T12:00:21Z,919,7,0,31,1,0,1,1,1,1785499117
2026-07-31T12:00:21Z,920,4,2,15,0,0,1,1,1,1785498806
2026-07-31T12:00:21Z,921,12,0,9,0,0,1,1,1,1785498154
2026-07-31T12:00:21Z,922,4,0,17,0,0,1,1,1,1785498965
2026-07-31T12:00:21Z,923,16,2,3,0,0,1,1,1,1785498436
2026-07-31T12:00:21Z,924,8,2,13,0,0,1,1,1,1785499166
2026-07-31T12:00:21Z,925,13,0,8,0,0,1,1,1,1785498636
2026-07-31T12:00:21Z,926,2,1,19,0,0,1,1,1,1785498767
2026-07-31T12:00:21Z,927,5,0,30,0,0,1,1,1,1785499199
2026-07-31T12:00:21Z,928,5,3,14,0,0,0,1,1,1785464301
2026-07-31T12:00:21Z,929,1,0,22,0,0,1,1,1,1785498245
2026-07-31T12:00:21Z,930,0,0,30,1,0,1,1,1,1785498397
2026-07-31T12:00:21Z,931,11,8,12,0,0,1,1,1,1785499144
2026-07-31T12:00:21Z,932,3,0,13,3,0,1,1,1,1785498814
2026-07-31T12:00:21Z,933,0,0,23,0,0,1,1,1,1785498960
2026-07-31T12:00:21Z,934,6,0,24,1,0,1,1,1,1785498114
2026-07-31T12:00:21Z,935,17,4,1,1,0,1,1,1,1785498964
2026-07-31T12:00:21Z,936,4,1,15,0,0,1,1,1,1785456801
2026-07-31T12:00:21Z,940,9,0,2,0,0,1,1,1,1785498757
2026-07-31T12:00:21Z,941,9,1,14,2,0,1,1,1,1785499168
2026-07-31T12:00:21Z,942,6,0,14,1,0,1,1,1,1785499198
2026-07-31T12:00:21Z,943,9,8,6,0,0,1,1,1,1785498375
2026-07-31T12:00:21Z,944,9,8,6,0,0,1,1,1,1785498197
2026-07-31T12:00:21Z,945,10,8,5,0,0,1,1,1,1785497712
2026-07-31T12:00:21Z,946,7,5,12,0,0,1,1,1,1785487593
2026-07-31T12:00:21Z,947,7,5,10,0,0,1,1,1,1785498210
2026-07-31T12:00:21Z,948,26,9,0,5,0,1,1,1,1785498785
2026-07-31T12:00:21Z,949,11,5,4,0,0,1,1,1,1785499141
2026-07-31T12:00:21Z,950,9,4,7,1,0,1,1,1,1785499048
2026-07-31T12:00:21Z,951,19,4,3,1,0,1,1,1,1785499196
2026-07-31T12:00:21Z,952,19,5,36,0,0,1,1,1,1785498916
2026-07-31T12:00:21Z,953,8,1,6,1,0,1,1,1,1785499023
2026-07-31T12:00:21Z,954,14,3,5,0,0,1,1,1,1785499125
2026-07-31T12:00:21Z,955,6,4,15,6,0,1,1,1,1785499127
2026-07-31T12:00:21Z,956,21,0,1,1,0,1,1,1,1785499013
2026-07-31T12:00:21Z,957,12,1,17,0,0,1,1,1,1785499018
2026-07-31T12:00:21Z,958,21,1,10,0,0,1,1,1,1785498967
2026-07-31T12:00:21Z,959,17,8,3,3,0,1,1,1,1785499175
2026-07-31T12:00:21Z,960,17,0,5,1,0,1,1,1,1785499179
2026-07-31T12:00:21Z,961,0,0,20,3,0,1,1,1,1785498941
2026-07-31T12:00:21Z,962,9,2,23,3,0,1,1,1,1785498676
2026-07-31T12:00:21Z,963,18,0,4,1,0,1,1,1,1785499069
2026-07-31T12:00:21Z,964,13,8,9,1,0,1,1,1,1785499157
2026-07-31T12:00:21Z,965,7,3,19,1,0,1,1,1,1785498458
2026-07-31T12:00:21Z,966,23,0,8,0,0,1,1,1,1785499206
2026-07-31T12:00:21Z,967,17,0,3,1,0,1,1,1,1785499106
2026-07-31T12:00:21Z,968,13,0,5,1,0,1,1,1,1785498452
2026-07-31T12:00:21Z,969,12,7,13,2,0,1,1,1,1785498209
2026-07-31T12:00:21Z,970,12,1,5,2,0,1,1,1,1785499011
2026-07-31T12:00:21Z,971,10,0,12,1,0,1,1,1,1785498736
2026-07-31T12:00:21Z,972,9,1,13,1,0,1,1,1,1785498191
2026-07-31T12:00:21Z,973,7,4,15,1,0,1,1,1,1785497707
2026-07-31T12:00:21Z,974,14,0,12,1,0,1,1,1,1785499116
2026-07-31T12:00:21Z,977,6,6,13,2,0,1,1,1,1785498451
2026-07-31T12:00:21Z,978,11,0,12,0,0,1,1,1,1785497507
2026-07-31T12:00:21Z,979,11,0,6,0,0,1,1,1,1785498848
2026-07-31T12:00:21Z,980,11,1,8,2,0,1,1,1,1785499195
2026-07-31T12:00:21Z,981,8,0,12,1,0,1,1,1,1785499179
2026-07-31T12:00:21Z,982,3,1,14,2,0,1,1,1,1785498248
2026-07-31T12:00:21Z,983,2,1,20,1,0,1,1,1,1785498675
2026-07-31T12:00:21Z,984,5,0,17,1,0,1,1,1,1785499158
2026-07-31T12:00:21Z,985,14,0,17,0,0,1,1,1,1785498956
2026-07-31T12:00:21Z,986,4,0,15,0,0,1,1,1,1785498246
2026-07-31T12:00:21Z,987,6,0,16,1,0,1,1,1,1785498793
2026-07-31T12:00:21Z,988,5,1,13,1,0,1,1,1,1785498402
2026-07-31T12:00:21Z,989,9,4,10,0,0,1,1,1,1785499207
2026-07-31T12:00:21Z,990,13,1,0,2,0,1,1,1,1785498442
2026-07-31T12:00:21Z,991,10,2,8,1,0,1,1,1,1785498121
2026-07-31T12:00:21Z,992,10,7,12,1,0,1,1,1,1785498998
2026-07-31T12:00:21Z,993,0,0,27,0,0,1,1,1,1785476008
2026-07-31T12:00:21Z,994,3,1,18,0,0,1,1,1,1785497398
2026-07-31T12:00:21Z,995,6,0,21,0,0,1,1,1,1785498435
2026-07-31T12:00:21Z,996,8,1,15,0,0,1,1,1,1785498232
2026-07-31T12:00:21Z,997,11,6,11,1,0,1,1,1,1785499205
2026-07-31T12:00:21Z,998,3,3,19,1,0,1,1,1,1785498546
2026-07-31T12:00:21Z,999,2,0,16,2,1,1,1,1,1785498311
2026-07-31T12:00:21Z,1000,5,2,16,0,0,1,1,1,1785499111
2026-07-31T12:00:21Z,1001,2,1,25,0,0,1,1,1,1785498575
2026-07-31T12:00:21Z,1002,2,2,27,2,0,1,1,1,1785498637
2026-07-31T12:00:21Z,1003,0,0,22,1,0,1,1,1,1785498192
2026-07-31T12:00:21Z,1004,8,1,15,0,0,1,1,1,1785497634
2026-07-31T12:00:21Z,1005,20,1,3,0,0,1,1,1,1785498381
2026-07-31T12:00:21Z,1006,7,4,11,1,0,1,1,1,1785498210
2026-07-31T12:00:21Z,1007,2,1,19,0,0,1,1,1,1785497844
2026-07-31T12:00:21Z,1008,6,5,15,2,0,1,1,1,1785499174
2026-07-31T12:00:21Z,1009,19,2,8,4,0,1,1,1,1785499038
2026-07-31T12:00:21Z,1010,7,2,20,0,0,1,1,1,1785498060
2026-07-31T12:00:21Z,1011,7,2,10,2,0,1,1,1,1785498584
2026-07-31T12:00:21Z,1012,4,3,18,1,0,1,1,1,1785498148
2026-07-31T12:00:21Z,1013,4,1,18,1,0,1,1,1,1785498738
2026-07-31T12:00:21Z,1014,7,2,13,3,0,1,1,1,1785498667
2026-07-31T12:00:21Z,1015,3,1,25,3,0,1,1,1,1785498959
2026-07-31T12:00:21Z,1016,10,5,21,0,0,1,1,1,1785498028
2026-07-31T12:00:21Z,1017,14,5,7,0,0,1,1,1,1785497552
2026-07-31T12:00:21Z,1018,7,2,15,0,0,1,1,1,1785498235
2026-07-31T12:00:21Z,1019,9,6,6,0,0,1,1,1,1785498151
2026-07-31T12:00:21Z,1020,18,3,3,0,0,1,1,1,1785497421
2026-07-31T12:00:21Z,1021,9,3,5,1,0,1,1,1,1785498952
2026-07-31T12:00:21Z,1022,14,0,13,0,0,1,1,1,1785498336
2026-07-31T12:00:21Z,1023,13,1,9,1,0,1,1,1,1785497972
2026-07-31T12:00:21Z,1024,6,2,12,1,0,1,1,1,1785498963
2026-07-31T12:00:21Z,1025,4,0,14,0,1,1,1,1,1785498304
2026-07-31T12:00:21Z,1026,7,4,18,6,0,1,1,1,1785499189
2026-07-31T12:00:21Z,1028,2,0,20,1,0,1,1,1,1785498327
2026-07-31T12:00:21Z,1029,10,9,4,1,0,1,1,1,1785498914
2026-07-31T12:00:21Z,1030,14,5,9,0,0,1,1,1,1785499012
2026-07-31T12:00:21Z,1031,8,0,11,0,0,1,1,1,1785497549
2026-07-31T12:00:21Z,1032,7,1,12,0,0,1,1,1,1785498215
2026-07-31T12:00:21Z,1033,9,5,8,2,0,1,1,1,1785499030
2026-07-31T12:00:21Z,1034,3,0,12,0,0,1,1,1,1785498222
2026-07-31T12:00:21Z,1035,1,0,16,2,0,1,1,1,1785498266
2026-07-31T12:00:21Z,1036,15,1,0,0,0,1,1,1,1785498803
2026-07-31T12:00:21Z,1037,5,0,13,1,0,1,1,1,1785498438
2026-07-31T12:00:21Z,1038,2,0,12,1,0,1,1,1,1785497921
2026-07-31T12:00:21Z,1039,7,2,12,0,0,1,1,1,1785498369
2026-07-31T12:00:21Z,1040,6,3,11,2,0,1,1,1,1785498255
2026-07-31T12:00:21Z,1041,10,3,8,1,0,1,1,1,1785498961
2026-07-31T12:00:21Z,1042,12,1,1,2,0,1,1,1,1785498455
2026-07-31T12:00:21Z,1043,11,0,5,3,0,1,1,1,1785498956
2026-07-31T12:00:21Z,1044,1,0,13,1,0,1,1,1,1785497975
2026-07-31T12:00:21Z,1045,10,0,9,0,0,1,1,1,1785498203
2026-07-31T12:00:21Z,1046,8,0,7,0,0,1,1,1,1785497599
2026-07-31T12:00:21Z,1047,5,0,16,0,0,1,1,1,1785498972
2026-07-31T12:00:21Z,1048,10,1,9,0,0,1,1,1,1785498179
2026-07-31T12:00:21Z,1049,5,0,16,0,0,1,1,1,1785498253
2026-07-31T12:00:21Z,1050,17,4,4,0,0,1,1,1,1785497530
2026-07-31T12:00:21Z,1051,8,3,13,0,0,1,1,1,1785497420
2026-07-31T12:00:21Z,1052,17,2,5,0,0,1,1,1,1785498047
2026-07-31T12:00:21Z,1053,2,1,13,0,0,1,1,1,1785498101
2026-07-31T12:00:21Z,1054,14,1,1,0,0,1,1,1,1785498361
2026-07-31T12:00:21Z,1055,6,0,13,0,0,1,1,1,1785498346
2026-07-31T12:00:21Z,1057,12,0,6,1,0,1,1,1,1785498903
2026-07-31T12:00:21Z,1058,6,0,49,1,0,1,1,1,1785499117
2026-07-31T12:00:21Z,1059,1,0,17,1,0,1,1,1,1785498231
2026-07-31T12:00:21Z,1060,30,0,7,0,0,1,1,1,1785499077
2026-07-31T12:00:21Z,1061,20,2,16,1,0,1,1,1,1785498695
2026-07-31T12:00:21Z,1062,11,1,6,0,0,1,1,1,1785499049
2026-07-31T12:00:21Z,1063,12,1,6,1,0,1,1,1,1785498258
2026-07-31T12:00:21Z,1064,3,0,19,1,0,1,1,1,1785498596
2026-07-31T12:00:21Z,1065,16,3,7,0,0,1,1,1,1785498838
2026-07-31T12:00:21Z,1066,10,2,13,0,0,1,1,1,1785498661
2026-07-31T12:00:21Z,1067,8,2,13,2,0,1,1,1,1785498930
2026-07-31T12:00:21Z,1068,8,2,13,2,0,1,1,1,1785498427
2026-07-31T12:00:21Z,1069,12,3,11,0,0,1,1,1,1785498471
2026-07-31T12:00:21Z,1070,12,2,11,0,0,1,1,1,1785498568
2026-07-31T12:00:21Z,1071,7,4,16,0,0,1,1,1,1785498607
2026-07-31T12:00:21Z,1072,11,1,11,1,0,1,1,1,1785499008
2026-07-31T12:00:21Z,1073,18,2,8,1,0,1,1,1,1785499038
2026-07-31T12:00:21Z,1074,3,0,49,1,0,1,1,1,1785499207
2026-07-31T12:00:21Z,1075,10,10,11,0,0,1,1,1,1785497975
2026-07-31T12:00:21Z,1076,15,12,6,0,0,1,1,1,1785497414
2026-07-31T12:00:21Z,1077,8,4,13,0,0,1,1,1,1785499044
2026-07-31T12:00:21Z,1078,11,10,10,0,0,1,1,1,1785497456
2026-07-31T12:00:21Z,1079,11,8,10,0,0,1,1,1,1785498082
2026-07-31T12:00:21Z,1080,10,8,10,1,0,1,1,1,1785498684
2026-07-31T12:00:21Z,1081,13,8,6,0,0,1,1,1,1785499063
2026-07-31T12:00:21Z,1082,7,7,1,0,0,1,1,1,1785498529
2026-07-31T12:00:21Z,1083,13,11,8,0,0,1,1,1,1785498352
2026-07-31T12:00:21Z,1084,9,8,12,0,0,1,1,1,1785497969
2026-07-31T12:00:21Z,1085,10,10,11,0,0,1,1,1,1785497622
2026-07-31T12:00:21Z,1086,4,1,16,1,0,1,1,1,1785498948
2026-07-31T12:00:21Z,1087,12,7,3,0,0,1,1,1,1785497500
2026-07-31T12:00:21Z,1088,9,7,6,0,0,1,1,1,1785498307
2026-07-31T12:00:21Z,1089,6,4,9,0,0,1,1,1,1785498840
2026-07-31T12:00:21Z,1090,9,8,6,0,0,1,1,1,1785499143
2026-07-31T12:00:21Z,1091,12,7,3,0,0,1,1,1,1785499056
2026-07-31T12:00:21Z,1092,9,9,5,1,0,1,1,1,1785498604
2026-07-31T12:00:21Z,1093,7,6,8,0,0,1,1,1,1785498964
2026-07-31T12:00:21Z,1094,12,10,6,1,0,1,1,1,1785498236
2026-07-31T12:00:21Z,1095,8,7,7,0,0,1,1,1,1785498901
2026-07-31T12:00:21Z,1096,3,1,15,1,0,1,1,1,1785498579
2026-07-31T12:00:21Z,1097,9,9,6,0,0,1,1,1,1785498789
2026-07-31T12:00:21Z,1098,9,7,10,0,0,1,1,1,1785499135
2026-07-31T12:00:21Z,1099,7,6,8,0,0,1,1,1,1785498048
2026-07-31T12:00:21Z,1100,8,4,21,0,0,1,1,1,1785493678
2026-07-31T12:00:21Z,1101,10,5,11,0,0,1,1,1,1785497946
2026-07-31T12:00:21Z,1102,9,4,4,0,0,1,1,1,1785499033
2026-07-31T12:00:21Z,1103,10,5,11,0,0,1,1,1,1785487895
2026-07-31T12:00:21Z,1104,10,5,11,0,0,1,1,1,1785497701
2026-07-31T12:00:21Z,1105,8,4,5,0,0,1,1,1,1785498920
2026-07-31T12:00:21Z,1106,10,5,11,0,0,1,1,1,1785498043
2026-07-31T12:00:21Z,1107,10,5,5,0,0,1,1,1,1785498324
2026-07-31T12:00:21Z,1108,8,4,16,2,1,1,1,1,1785498837
2026-07-31T12:00:21Z,1109,9,4,6,0,0,1,1,1,1785498278
2026-07-31T12:00:21Z,1110,12,4,9,0,0,1,1,1,1785497569
2026-07-31T12:00:21Z,1111,3,2,18,0,0,1,1,1,1785475740
2026-07-31T12:00:21Z,1112,38,0,15,0,0,1,1,1,1785498172
2026-07-31T12:00:21Z,1113,4,0,17,0,0,1,1,1,1785498851
2026-07-31T12:00:21Z,1115,16,5,4,3,0,1,1,1,1785498741
2026-07-31T12:00:21Z,1116,5,1,14,0,0,1,1,1,1785498233
2026-07-31T12:00:21Z,1117,19,6,3,1,0,1,1,1,1785498718
2026-07-31T12:00:21Z,1118,15,0,4,2,0,1,1,1,1785498336
2026-07-31T12:00:21Z,1119,11,1,5,1,0,1,1,1,1785498722
2026-07-31T12:00:21Z,1120,14,0,5,0,0,1,1,1,1785498319
2026-07-31T12:00:21Z,1121,8,1,10,3,0,1,1,1,1785499082
2026-07-31T12:00:21Z,1122,11,8,7,3,0,1,1,1,1785498976
2026-07-31T12:00:21Z,1123,7,3,14,2,0,1,1,1,1785497872
2026-07-31T12:00:21Z,1124,11,3,1,3,0,1,1,1,1785499164
2026-07-31T12:00:21Z,1125,15,1,8,0,0,1,1,1,1785498523
2026-07-31T12:00:21Z,1126,3,1,17,1,0,1,1,1,1785499116
2026-07-31T12:00:21Z,1127,6,1,12,1,0,1,1,1,1785498553
2026-07-31T12:00:21Z,1128,14,2,0,1,0,1,1,1,1785498231
2026-07-31T12:00:21Z,1129,1,1,19,1,0,1,1,1,1785497961
2026-07-31T12:00:21Z,1130,13,0,2,0,0,1,1,1,1785499149
2026-07-31T12:00:21Z,1131,5,0,43,1,0,1,1,1,1785499186
2026-07-31T12:00:21Z,1132,14,6,6,1,0,1,1,1,1785498104
2026-07-31T12:00:21Z,1133,16,12,3,2,0,1,1,1,1785499162
2026-07-31T12:00:21Z,1134,10,5,9,0,0,1,1,1,1785498740
2026-07-31T12:00:21Z,1135,10,5,11,0,0,1,1,1,1785497842
2026-07-31T12:00:21Z,1136,6,0,17,0,0,1,1,1,1785498413
2026-07-31T12:00:21Z,1137,14,1,1,0,0,1,1,1,1785499198
2026-07-31T12:00:21Z,1138,16,2,3,0,0,1,1,1,1785498194
2026-07-31T12:00:21Z,1139,17,4,3,1,0,1,1,1,1785498723
2026-07-31T12:00:21Z,1140,18,0,4,1,0,1,1,1,1785498955
2026-07-31T12:00:21Z,1141,7,1,14,0,0,1,1,1,1785499149
2026-07-31T12:00:21Z,1142,2,0,19,0,0,1,1,1,1785498871
2026-07-31T12:00:21Z,1143,11,0,18,0,0,1,1,1,1785498943
2026-07-31T12:00:21Z,1144,7,1,13,1,0,1,1,1,1785498471
2026-07-31T12:00:21Z,1145,10,5,10,1,0,1,1,1,1785498620
2026-07-31T12:00:21Z,1146,1,0,16,2,0,1,1,1,1785498716
2026-07-31T12:00:21Z,1147,5,1,14,0,0,1,1,1,1785498590
2026-07-31T12:00:21Z,1148,16,6,15,0,0,1,1,1,1785498967
2026-07-31T12:00:21Z,1149,3,3,22,0,0,1,1,1,1785498213
2026-07-31T12:00:21Z,1150,14,0,5,0,0,1,1,1,1785498025
2026-07-31T12:00:21Z,1151,13,0,8,0,0,1,1,1,1785498882
2026-07-31T12:00:21Z,1152,20,0,9,0,0,1,1,1,1785498980
2026-07-31T12:00:21Z,1153,19,6,3,1,0,1,1,1,1785498773
2026-07-31T12:00:21Z,1154,14,1,5,0,0,1,1,1,1785498831
2026-07-31T12:00:21Z,1155,16,7,4,1,0,1,1,1,1785498475
2026-07-31T12:00:21Z,1158,3,0,15,1,0,1,1,1,1785498122
2026-07-31T12:00:21Z,1159,13,1,6,0,0,1,1,1,1785498478
2026-07-31T12:00:21Z,1160,8,1,10,1,0,1,1,1,1785497453
2026-07-31T12:00:21Z,1161,4,0,14,1,0,1,1,1,1785498616
2026-07-31T12:00:21Z,1162,1,0,18,0,0,1,1,1,1785498863
2026-07-31T12:00:21Z,1163,1,1,17,1,0,1,1,1,1785498240
2026-07-31T12:00:21Z,1164,6,1,13,0,0,1,1,1,1785498298
2026-07-31T12:00:21Z,1165,5,0,16,0,0,1,1,1,1785499033
2026-07-31T12:00:21Z,1166,12,2,8,1,0,1,1,1,1785498551
2026-07-31T12:00:21Z,1167,4,0,11,0,0,1,1,1,1785498001
2026-07-31T12:00:21Z,1168,1,1,21,1,0,1,1,1,1785498500
2026-07-31T12:00:21Z,1169,3,0,15,1,0,1,1,1,1785498145
2026-07-31T12:00:21Z,1170,6,0,14,1,0,1,1,1,1785498520
2026-07-31T12:00:21Z,1171,7,6,15,1,0,1,1,1,1785498197
2026-07-31T12:00:21Z,1172,6,2,7,2,0,1,1,1,1785498423
2026-07-31T12:00:21Z,1173,13,5,6,0,0,1,1,1,1785498395
2026-07-31T12:00:21Z,1174,6,3,9,0,0,1,1,1,1785498071
2026-07-31T12:00:21Z,1175,4,2,15,0,0,1,1,1,1785498199
2026-07-31T12:00:21Z,1176,19,1,2,0,0,1,1,1,1785497601
2026-07-31T12:00:21Z,1177,3,1,18,0,0,1,1,1,1785497527
2026-07-31T12:00:21Z,1178,2,1,13,0,0,1,1,1,1785498033
2026-07-31T12:00:21Z,1181,11,0,3,1,0,1,1,1,1785497946
2026-07-31T12:00:21Z,1182,4,0,16,0,0,1,1,1,1785498635
2026-07-31T12:00:21Z,1183,11,1,32,2,0,1,1,1,1785499173
2026-07-31T12:00:21Z,1184,9,2,11,1,0,1,1,1,1785499077
2026-07-31T12:00:21Z,1185,10,5,11,0,0,1,1,1,1785497656
2026-07-31T12:00:21Z,1186,9,5,10,0,0,1,1,1,1785498664
2026-07-31T12:00:21Z,1187,12,6,8,1,0,1,1,1,1785498997
2026-07-31T12:00:21Z,1188,10,5,5,0,0,1,1,1,1785498329
2026-07-31T12:00:21Z,1189,10,5,9,0,0,1,1,1,1785498424
2026-07-31T12:00:21Z,1190,9,4,12,0,0,1,1,1,1785497821
2026-07-31T12:00:21Z,1191,10,5,5,0,0,1,1,1,1785498336
2026-07-31T12:00:21Z,1192,10,6,10,1,0,1,1,1,1785498189
2026-07-31T12:00:21Z,1193,6,4,5,2,0,1,1,1,1785499185
2026-07-31T12:00:21Z,1197,9,6,7,1,0,1,1,1,1785499117
2026-07-31T12:00:21Z,1198,14,4,5,2,0,1,1,1,1785498712
2026-07-31T12:00:21Z,1199,2,0,17,0,0,1,1,1,1785498735
2026-07-31T12:00:21Z,1200,10,5,5,0,0,1,1,1,1785498372
2026-07-31T12:00:21Z,1201,10,5,5,0,0,1,1,1,1785498349
2026-07-31T12:00:21Z,1202,10,5,5,0,0,1,1,1,1785498451
2026-07-31T12:00:21Z,1203,10,5,5,0,0,1,1,1,1785498349
2026-07-31T12:00:21Z,1204,8,4,11,0,0,1,1,1,1785498099
2026-07-31T12:00:21Z,1206,11,5,10,0,0,1,1,1,1785499135
2026-07-31T12:00:21Z,1207,8,4,6,1,0,1,1,1,1785498663
2026-07-31T12:00:21Z,1208,8,3,11,0,0,1,1,1,1785498578
2026-07-31T12:00:21Z,1216,8,0,12,1,0,1,1,1,1785498979
2026-07-31T12:00:21Z,1218,4,0,17,0,0,1,1,1,1785497942
2026-07-31T12:00:21Z,1219,6,1,8,1,0,1,1,1,1785497800
2026-07-31T12:00:21Z,1220,14,7,4,1,0,1,1,1,1785497824
2026-07-31T12:00:21Z,1221,1,1,19,1,0,1,1,1,1785499071
2026-07-31T12:00:21Z,1222,27,0,2,0,0,1,1,1,1785498870
2026-07-31T12:00:21Z,1223,20,1,9,0,0,1,1,1,1785499137
2026-07-31T12:00:21Z,1226,0,0,3,0,0,0,1,1,1781868931
2026-07-31T12:00:21Z,1227,20,1,5,0,0,1,1,1,1785498037
2026-07-31T12:00:21Z,1228,16,1,13,0,0,1,1,1,1785499205
2026-07-31T12:00:21Z,1229,36,3,8,1,0,1,1,1,1785499042
2026-07-31T12:05:21Z,1,5,0,18,0,0,1,1,1,1785497381
2026-07-31T12:05:21Z,2,14,0,10,3,0,1,1,1,1785499289
2026-07-31T12:05:21Z,3,7,1,6,1,0,1,1,1,1785499415
2026-07-31T12:05:21Z,4,4,0,17,1,0,1,1,1,1785499376
2026-07-31T12:05:21Z,5,11,3,11,1,0,1,1,1,1785497818
2026-07-31T12:05:21Z,6,5,0,10,0,0,1,1,1,1785499115
2026-07-31T12:05:21Z,7,5,0,34,0,0,1,1,1,1785499237
2026-07-31T12:05:21Z,8,6,1,37,0,0,1,1,1,1785498395
2026-07-31T12:05:21Z,9,2,1,19,2,0,1,1,1,1785498831
2026-07-31T12:05:21Z,10,0,0,21,2,0,1,1,1,1785496277
2026-07-31T12:05:21Z,11,17,5,1,1,0,1,1,1,1785498536
2026-07-31T12:05:21Z,12,1,0,22,0,0,1,1,1,1785499284
2026-07-31T12:05:21Z,13,11,0,19,0,0,1,1,1,1785488834
2026-07-31T12:05:21Z,14,9,0,33,0,1,1,1,1,1785499394
2026-07-31T12:05:21Z,15,2,0,13,0,0,1,1,1,1785496271
2026-07-31T12:05:21Z,16,8,0,16,2,1,1,1,1,1785487292
2026-07-31T12:05:21Z,17,2,0,24,1,0,1,1,1,1785499510
2026-07-31T12:05:21Z,18,1,0,15,2,0,1,1,1,1785498893
2026-07-31T12:05:21Z,19,12,2,14,1,0,1,1,1,1785499404
2026-07-31T12:05:21Z,20,29,0,6,0,0,1,1,1,1785499500
2026-07-31T12:05:21Z,21,12,1,6,1,0,1,1,1,1785499012
2026-07-31T12:05:21Z,22,20,0,44,1,0,1,1,1,1785499126
2026-07-31T12:05:21Z,23,16,6,15,0,0,1,1,1,1785499301
2026-07-31T12:05:21Z,24,1,1,8,2,0,1,1,1,1785499506
2026-07-31T12:05:21Z,25,10,2,70,0,1,1,1,1,1785499322
2026-07-31T12:05:21Z,26,4,1,23,0,0,1,1,1,1785499148
2026-07-31T12:05:21Z,28,12,2,3,0,0,1,1,1,1785499435
2026-07-31T12:05:21Z,30,2,1,26,1,0,1,1,1,1785498556
2026-07-31T12:05:21Z,31,2,0,15,2,0,1,1,1,1785499468
2026-07-31T12:05:21Z,32,9,0,18,0,0,1,1,1,1785499014
2026-07-31T12:05:21Z,34,14,2,22,1,0,1,1,1,1785499121
2026-07-31T12:05:21Z,35,11,2,35,1,0,1,1,1,1785499226
2026-07-31T12:05:21Z,36,0,0,0,0,0,0,1,1,86400
2026-07-31T12:05:21Z,37,0,0,23,0,0,1,1,1,1785498745
2026-07-31T12:05:21Z,38,8,1,15,0,0,1,1,1,1785498700
2026-07-31T12:05:21Z,39,22,4,17,0,0,1,1,1,1785498979
2026-07-31T12:05:21Z,40,19,1,2,0,0,1,1,1,1785499374
2026-07-31T12:05:21Z,41,8,2,34,1,0,1,1,1,1785499412
2026-07-31T12:05:21Z,42,29,8,2,0,0,1,1,1,1785499213
2026-07-31T12:05:21Z,43,3,0,20,0,0,1,1,1,1785499304
2026-07-31T12:05:21Z,45,7,4,21,1,0,1,1,1,1785498577
2026-07-31T12:05:21Z,46,8,0,23,0,0,1,1,1,1785499468
2026-07-31T12:05:21Z,47,9,6,5,1,0,1,1,1,1785499178
2026-07-31T12:05:21Z,48,2,0,25,0,0,1,1,1,1785499154
2026-07-31T12:05:21Z,49,9,0,11,3,0,1,1,1,1785499501
2026-07-31T12:05:21Z,50,17,11,2,0,0,1,1,1,1785499421
2026-07-31T12:05:21Z,51,41,0,35,1,0,1,1,1,1785499233
2026-07-31T12:05:21Z,52,4,0,20,3,0,1,1,1,1785499404
2026-07-31T12:05:21Z,55,5,0,18,0,0,1,1,1,1785498818
2026-07-31T12:05:21Z,56,1,1,41,1,0,1,1,1,1785499369
2026-07-31T12:05:21Z,57,3,1,24,0,0,1,1,1,1785498775
2026-07-31T12:05:21Z,58,4,1,24,0,0,1,1,1,1785499425
2026-07-31T12:05:21Z,59,24,3,1,2,0,1,1,1,1785499502
2026-07-31T12:05:21Z,61,3,1,36,0,0,1,1,1,1785499117
2026-07-31T12:05:21Z,62,17,5,31,1,0,1,1,1,1785499326
2026-07-31T12:05:21Z,63,8,0,11,0,0,1,1,1,1785498515
2026-07-31T12:05:21Z,64,11,1,4,4,0,1,1,1,1785497923
2026-07-31T12:05:21Z,65,16,7,2,1,0,1,1,1,1785491350
2026-07-31T12:05:21Z,67,17,0,22,0,0,1,1,1,1785499505
2026-07-31T12:05:21Z,68,12,1,25,0,0,1,1,1,1785499047
2026-07-31T12:05:21Z,69,10,0,5,0,0,1,1,1,1785499498
2026-07-31T12:05:21Z,71,3,0,23,1,0,1,1,1,1785499482
2026-07-31T12:05:21Z,72,23,6,5,3,0,1,1,1,1785499230
2026-07-31T12:05:21Z,73,4,1,27,0,0,1,1,1,1785499457
2026-07-31T12:05:21Z,74,8,5,11,0,0,1,1,1,1785499503
2026-07-31T12:05:21Z,75,5,0,26,1,0,1,1,1,1785497947
2026-07-31T12:05:21Z,76,8,0,10,1,0,1,1,1,1785499509
2026-07-31T12:05:21Z,77,23,0,3,1,0,1,1,1,1785498836
2026-07-31T12:05:21Z,78,7,4,15,1,0,1,1,1,1785499484
2026-07-31T12:05:21Z,79,2,2,14,1,0,1,1,1,1785498903
2026-07-31T12:05:21Z,80,17,1,3,3,0,1,1,1,1785499292
2026-07-31T12:05:21Z,81,6,1,25,0,0,1,1,1,1785499466
2026-07-31T12:05:21Z,82,14,1,9,0,0,1,1,1,1785499087
2026-07-31T12:05:21Z,83,6,1,27,1,0,1,1,1,1785499079
2026-07-31T12:05:21Z,84,23,0,4,0,0,1,1,1,1785499510
2026-07-31T12:05:21Z,85,5,1,10,0,0,1,1,1,1785499155
2026-07-31T12:05:21Z,86,25,0,1,1,0,1,1,1,1785499055
2026-07-31T12:05:21Z,87,12,0,7,0,0,1,1,1,1785499285
2026-07-31T12:05:21Z,88,5,1,37,1,0,1,1,1,1785499276
2026-07-31T12:05:21Z,89,15,0,20,0,0,1,1,1,1785499493
2026-07-31T12:05:21Z,90,7,3,9,2,0,1,1,1,1785499134
2026-07-31T12:05:21Z,91,17,0,0,0,0,1,1,1,1785498737
2026-07-31T12:05:21Z,92,6,1,10,3,0,1,1,1,1785499310
2026-07-31T12:05:21Z,93,0,0,23,0,0,1,1,1,1785498071
2026-07-31T12:05:21Z,94,3,0,15,1,0,1,1,1,1785498425
2026-07-31T12:05:21Z,95,23,1,10,1,1,1,1,1,1785499499
2026-07-31T12:05:21Z,96,25,0,5,1,0,1,1,1,1785499162
2026-07-31T12:05:21Z,97,0,0,16,1,0,1,1,1,1785499400
2026-07-31T12:05:21Z,98,26,0,9,0,0,1,1,1,1785499432
2026-07-31T12:05:21Z,99,0,0,14,1,0,1,1,1,1785499330
2026-07-31T12:05:21Z,100,0,0,27,0,0,1,1,1,1785499379
2026-07-31T12:05:21Z,101,1,0,12,2,0,1,1,1,1785498891
2026-07-31T12:05:21Z,102,0,0,23,0,0,1,1,1,1785498197
2026-07-31T12:05:21Z,103,10,0,20,0,0,1,1,1,1785499405
2026-07-31T12:05:21Z,104,0,0,25,2,0,1,1,1,1785499510
2026-07-31T12:05:21Z,105,14,1,5,0,0,1,1,1,1785495616
2026-07-31T12:05:21Z,106,5,0,16,0,0,1,1,1,1785499503
2026-07-31T12:05:21Z,107,7,3,30,0,0,1,1,1,1785499283
2026-07-31T12:05:21Z,108,3,0,32,0,0,1,1,1,1785499397
2026-07-31T12:05:21Z,109,23,0,0,0,0,1,1,1,1785499472
2026-07-31T12:05:21Z,110,11,0,12,0,0,1,1,1,1785499371
2026-07-31T12:05:21Z,111,4,1,32,0,0,1,1,1,1785498905
2026-07-31T12:05:21Z,112,0,0,14,1,0,1,1,1,1785499421
2026-07-31T12:05:21Z,113,8,0,9,2,0,1,1,1,1785499241
2026-07-31T12:05:21Z,114,26,6,3,1,1,1,1,1,1785499342
2026-07-31T12:05:21Z,115,8,3,19,1,0,1,1,1,1785499073
2026-07-31T12:05:21Z,116,20,8,6,1,0,1,1,1,1785499495
2026-07-31T12:05:21Z,118,17,8,4,2,0,1,1,1,1785499113
2026-07-31T12:05:21Z,119,23,0,10,5,0,1,1,1,1785499136
2026-07-31T12:05:21Z,120,17,0,9,1,0,1,1,1,1785499456
2026-07-31T12:05:21Z,121,2,0,16,0,1,1,1,1,1785499347
2026-07-31T12:05:21Z,122,6,1,14,1,0,1,1,1,1785498901
2026-07-31T12:05:21Z,123,11,2,36,0,0,1,1,1,1785498782
2026-07-31T12:05:21Z,124,26,0,9,0,0,1,1,1,1785499179
2026-07-31T12:05:21Z,125,6,3,17,0,0,1,1,1,1785499494
2026-07-31T12:05:21Z,126,24,2,7,0,0,1,1,1,1785498392
2026-07-31T12:05:21Z,127,28,1,5,2,0,1,1,1,1785499422
2026-07-31T12:05:21Z,128,16,1,3,0,0,1,1,1,1785498719
2026-07-31T12:05:21Z,129,11,0,7,1,0,1,1,1,1785498854
2026-07-31T12:05:21Z,130,5,1,12,0,0,1,1,1,1785495263
2026-07-31T12:05:21Z,131,7,3,2,2,0,1,1,1,1785499289
2026-07-31T12:05:21Z,132,13,6,1,0,1,1,1,1,1785494491
2026-07-31T12:05:21Z,134,2,0,17,4,0,1,1,1,1785499463
2026-07-31T12:05:21Z,135,6,4,12,1,0,1,1,1,1785499218
2026-07-31T12:05:21Z,136,5,0,10,1,7,1,1,1,1785499279
2026-07-31T12:05:21Z,137,6,1,13,0,0,1,1,1,1785498891
2026-07-31T12:05:21Z,138,31,0,6,0,0,1,1,1,1785499402
2026-07-31T12:05:21Z,139,9,2,10,0,0,1,1,1,1785499433
2026-07-31T12:05:21Z,140,4,4,18,1,0,1,1,1,1785499509
2026-07-31T12:05:21Z,141,27,0,9,0,0,1,1,1,1785499509
2026-07-31T12:05:21Z,142,17,0,6,0,0,1,1,1,1785499453
2026-07-31T12:05:21Z,143,5,0,26,0,0,1,1,1,1785499369
2026-07-31T12:05:21Z,144,17,0,10,0,0,1,1,1,1785499369
2026-07-31T12:05:21Z,146,3,0,19,1,0,1,1,1,1785499109
2026-07-31T12:05:21Z,147,13,2,4,2,0,1,1,1,1785499401
2026-07-31T12:05:21Z,148,20,1,6,0,1,1,1,1,1785499472
2026-07-31T12:05:21Z,149,18,3,9,0,0,1,1,1,1785499010
2026-07-31T12:05:21Z,150,18,6,14,3,0,1,1,1,1785499306
2026-07-31T12:05:21Z,151,14,5,9,0,0,1,1,1,1785499427
2026-07-31T12:05:21Z,152,15,2,8,4,0,1,1,1,1785499306
2026-07-31T12:05:21Z,153,6,0,19,6,0,1,1,1,1785499473
2026-07-31T12:05:21Z,154,11,3,9,3,0,1,1,1,1785499474
2026-07-31T12:05:21Z,155,11,4,2,1,0,1,1,1,1785499414
2026-07-31T12:05:21Z,156,3,0,16,0,0,1,1,1,1785499129
2026-07-31T12:05:21Z,157,8,0,17,2,0,1,1,1,1785499466
2026-07-31T12:05:21Z,158,12,2,4,0,0,1,1,1,1785499371
2026-07-31T12:05:21Z,159,0,0,19,0,0,1,1,1,1785497085
2026-07-31T12:05:21Z,160,10,0,9,0,0,1,1,1,1785499260
2026-07-31T12:05:21Z,161,21,4,1,0,0,1,1,1,1785499335
2026-07-31T12:05:21Z,162,15,1,11,1,0,1,1,1,1785499014
2026-07-31T12:05:21Z,163,19,1,11,0,1,1,1,1,1785499418
2026-07-31T12:05:21Z,164,22,6,5,0,0,1,1,1,1785499506
2026-07-31T12:05:21Z,165,21,11,9,1,0,1,1,1,1785499265
2026-07-31T12:05:21Z,166,28,8,8,3,0,1,1,1,1785499502
2026-07-31T12:05:21Z,167,12,7,10,1,0,1,1,1,1785499353
2026-07-31T12:05:21Z,168,24,3,1,2,0,1,1,1,1785499409
2026-07-31T12:05:21Z,169,3,0,19,0,1,1,1,1,1785498923
2026-07-31T12:05:21Z,170,17,6,1,1,0,1,1,1,1785499481
2026-07-31T12:05:21Z,171,8,2,3,2,0,1,1,1,1785499282
2026-07-31T12:05:21Z,173,35,0,4,0,0,1,1,1,1785499259
2026-07-31T12:05:21Z,174,17,1,7,2,0,1,1,1,1785498434
2026-07-31T12:05:21Z,175,8,0,23,0,0,1,1,1,1785499387
2026-07-31T12:05:21Z,176,5,1,8,1,1,1,1,1,1785499342
2026-07-31T12:05:21Z,177,13,1,14,0,0,1,1,1,1785499484
2026-07-31T12:05:21Z,178,0,0,12,2,1,1,1,1,1785499509
2026-07-31T12:05:21Z,179,7,0,7,1,0,1,1,1,1785498743
2026-07-31T12:05:21Z,180,2,0,28,0,0,1,1,1,1785497022
2026-07-31T12:05:21Z,181,12,1,3,0,0,1,1,1,1785499190
2026-07-31T12:05:21Z,182,8,0,9,0,0,1,1,1,1785497660
2026-07-31T12:05:21Z,183,9,0,13,1,0,1,1,1,1785498926
2026-07-31T12:05:21Z,184,6,1,16,1,0,1,1,1,1785499510
2026-07-31T12:05:21Z,185,10,0,2,2,1,1,1,1,1785499132
2026-07-31T12:05:21Z,186,5,1,14,0,0,1,1,1,1785498510
2026-07-31T12:05:21Z,187,12,0,15,1,0,1,1,1,1785499403
2026-07-31T12:05:21Z,188,8,0,11,7,1,1,1,1,1785499311
2026-07-31T12:05:21Z,189,10,2,4,1,0,1,1,1,1785499042
2026-07-31T12:05:21Z,190,10,3,13,0,0,1,1,1,1785499314
2026-07-31T12:05:21Z,191,6,0,33,0,0,1,1,1,1785499378
2026-07-31T12:05:21Z,192,9,1,19,3,0,1,1,1,1785498719
2026-07-31T12:05:21Z,193,2,1,13,0,0,1,1,1,1785499501
2026-07-31T12:05:21Z,194,13,2,13,1,0,1,1,1,1785498469
2026-07-31T12:05:21Z,195,9,2,10,0,0,1,1,1,1785499470
2026-07-31T12:05:21Z,196,12,2,14,1,0,1,1,1,1785499369
2026-07-31T12:05:21Z,197,17,8,1,0,1,1,1,1,1785499462
2026-07-31T12:05:21Z,198,16,15,7,0,0,1,1,1,1785499278
2026-07-31T12:05:21Z,199,6,4,8,1,0,1,1,1,1785499046
2026-07-31T12:05:21Z,200,12,1,13,1,0,1,1,1,1785499114
2026-07-31T12:05:21Z,201,20,1,2,1,0,1,1,1,1785499157
2026-07-31T12:05:21Z,202,2,1,25,0,0,1,1,1,1785498972
2026-07-31T12:05:21Z,203,28,2,2,1,0,1,1,1,1785499378
2026-07-31T12:05:21Z,204,23,0,11,1,0,1,1,1,1785499347
2026-07-31T12:05:21Z,205,9,1,18,0,0,1,1,1,1785499404
2026-07-31T12:05:21Z,206,1,1,14,0,0,1,1,1,1785499027
2026-07-31T12:05:21Z,207,9,0,12,0,0,1,1,1,1785499197
2026-07-31T12:05:21Z,208,6,1,23,0,0,1,1,1,1785499509
2026-07-31T12:05:21Z,209,2,0,27,2,0,1,1,1,1785499338
2026-07-31T12:05:21Z,210,20,1,7,0,0,1,1,1,1785499449
2026-07-31T12:05:21Z,211,10,4,11,2,0,1,1,1,1785497417
2026-07-31T12:05:21Z,212,25,0,9,1,0,1,1,1,1785499209
2026-07-31T12:05:21Z,213,8,0,13,2,0,1,1,1,1785499499
2026-07-31T12:05:21Z,214,16,0,28,3,0,1,1,1,1785499408
2026-07-31T12:05:21Z,215,4,2,18,1,0,1,1,1,1785497789
2026-07-31T12:05:21Z,216,7,0,11,1,0,1,1,1,1785499452
2026-07-31T12:05:21Z,217,9,0,19,1,0,1,1,1,1785499368
2026-07-31T12:05:21Z,218,21,7,17,1,0,1,1,1,1785499492
2026-07-31T12:05:21Z,219,12,2,12,2,0,1,1,1,1785499507
2026-07-31T12:05:21Z,220,22,4,20,0,1,1,1,1,1785498702
2026-07-31T12:05:21Z,221,6,6,8,1,0,1,1,1,1785499384
2026-07-31T12:05:21Z,222,12,12,7,0,0,1,1,1,1785499246
2026-07-31T12:05:21Z,223,15,3,16,4,0,1,1,1,1785499438
2026-07-31T12:05:21Z,224,9,5,13,0,0,1,1,1,1785498453
2026-07-31T12:05:21Z,225,12,1,1,6,0,1,1,1,1785498882
2026-07-31T12:05:21Z,226,29,9,0,2,0,1,1,1,1785499491
2026-07-31T12:05:21Z,227,22,14,3,1,1,1,1,1,1785499247
2026-07-31T12:05:21Z,228,0,0,18,1,0,1,1,1,1785498078
2026-07-31T12:05:21Z,230,12,5,14,0,0,1,1,1,1785499488
2026-07-31T12:05:21Z,232,11,5,5,1,0,1,1,1,1785498812
2026-07-31T12:05:21Z,233,17,1,12,2,0,1,1,1,1785499384
2026-07-31T12:05:21Z,234,7,3,7,3,2,1,1,1,1785497297
2026-07-31T12:05:21Z,236,7,1,12,0,0,1,1,1,1785499217
2026-07-31T12:05:21Z,237,17,5,5,1,0,1,1,1,1785499270
2026-07-31T12:05:21Z,239,23,18,1,3,0,1,1,1,1785499446
2026-07-31T12:05:21Z,241,16,6,6,1,0,1,1,1,1785499273
2026-07-31T12:05:21Z,242,13,4,8,2,0,1,1,1,1785499374
2026-07-31T12:05:21Z,243,13,2,17,1,0,1,1,1,1785499482
2026-07-31T12:05:21Z,244,11,3,15,1,0,1,1,1,1785499195
2026-07-31T12:05:21Z,245,4,4,19,0,0,1,1,1,1785498521
2026-07-31T12:05:21Z,246,17,1,6,0,0,1,1,1,1785499280
2026-07-31T12:05:21Z,247,10,10,12,1,0,1,1,1,1785498683
2026-07-31T12:05:21Z,248,21,4,0,2,0,1,1,1,1785499220
2026-07-31T12:05:21Z,249,0,0,18,1,0,1,1,1,1785498769
2026-07-31T12:05:21Z,250,21,6,6,0,0,1,1,1,1785499373
2026-07-31T12:05:21Z,251,18,5,7,2,0,1,1,1,1785499223
2026-07-31T12:05:21Z,253,6,2,13,0,0,1,1,1,1785498769
2026-07-31T12:05:21Z,254,19,19,23,1,0,1,1,1,1785498297
2026-07-31T12:05:21Z,255,0,0,22,0,1,1,1,1,1785499212
2026-07-31T12:05:21Z,256,5,5,16,2,0,1,1,1,1785498702
2026-07-31T12:05:21Z,257,9,5,10,0,0,1,1,1,1785499308
2026-07-31T12:05:21Z,258,19,0,0,0,0,1,1,1,1785499102
2026-07-31T12:05:21Z,259,18,2,4,0,1,1,1,1,1785498956
2026-07-31T12:05:21Z,260,9,2,7,3,0,1,1,1,1785498497
2026-07-31T12:05:21Z,261,11,0,6,1,1,1,1,1,1785498984
2026-07-31T12:05:21Z,262,12,8,10,1,0,1,1,1,1785499228
2026-07-31T12:05:21Z,263,9,0,6,0,0,1,1,1,1785498191
2026-07-31T12:05:21Z,264,8,2,8,3,0,1,1,1,1785499406
2026-07-31T12:05:21Z,265,11,0,4,0,0,1,1,1,1785498197
2026-07-31T12:05:21Z,266,12,8,5,2,0,1,1,1,1785499203
2026-07-31T12:05:21Z,267,5,2,8,2,0,1,1,1,1785498393
2026-07-31T12:05:21Z,268,23,9,0,0,0,1,1,1,1785498953
2026-07-31T12:05:21Z,269,8,3,15,0,0,1,1,1,1785496011
2026-07-31T12:05:21Z,270,21,1,6,0,0,1,1,1,1785499237
2026-07-31T12:05:21Z,271,4,0,13,2,0,1,1,1,1785498598
2026-07-31T12:05:21Z,272,11,10,11,1,0,1,1,1,1785499374
2026-07-31T12:05:21Z,273,8,3,7,0,0,1,1,1,1785499498
2026-07-31T12:05:21Z,274,13,5,4,2,0,1,1,1,1785498047
2026-07-31T12:05:21Z,275,16,0,7,0,0,1,1,1,1785498573
2026-07-31T12:05:21Z,276,2,1,25,0,0,1,1,1,1785499086
2026-07-31T12:05:21Z,277,13,1,5,5,0,1,1,1,1785499454
2026-07-31T12:05:21Z,278,10,1,18,2,1,1,1,1,1785499402
2026-07-31T12:05:21Z,279,12,0,7,0,0,1,1,1,1785498811
2026-07-31T12:05:21Z,280,10,2,18,3,0,1,1,1,1785499503
2026-07-31T12:05:21Z,281,19,0,0,0,0,1,1,1,1785486089
2026-07-31T12:05:21Z,282,5,2,13,0,0,1,1,1,1785484887
2026-07-31T12:05:21Z,283,28,0,7,0,0,1,1,1,1785498512
2026-07-31T12:05:21Z,284,14,2,19,2,0,1,1,1,1785498906
2026-07-31T12:05:21Z,285,8,7,15,0,0,1,1,1,1785499258
2026-07-31T12:05:21Z,286,13,11,6,4,0,1,1,1,1785498779
2026-07-31T12:05:21Z,287,17,5,4,2,0,1,1,1,1785499239
2026-07-31T12:05:21Z,288,10,7,9,0,0,1,1,1,1785499046
2026-07-31T12:05:21Z,289,19,1,5,3,0,1,1,1,1785499467
2026-07-31T12:05:21Z,290,6,0,32,1,0,1,1,1,1785499455
2026-07-31T12:05:21Z,291,6,1,16,1,0,1,1,1,1785499392
2026-07-31T12:05:21Z,292,22,1,0,1,0,1,1,1,1785498331
2026-07-31T12:05:21Z,293,14,10,9,0,0,1,1,1,1785499315
2026-07-31T12:05:21Z,294,1,1,20,1,0,1,1,1,1785493458
2026-07-31T12:05:21Z,297,13,3,3,2,1,1,1,1,1785499491
2026-07-31T12:05:21Z,301,13,0,6,1,0,1,1,1,1785499019
2026-07-31T12:05:21Z,302,5,0,18,0,0,1,1,1,1785499355
2026-07-31T12:05:21Z,303,14,0,5,0,0,1,1,1,1785498339
2026-07-31T12:05:21Z,304,0,0,0,0,0,0,1,1,86400
2026-07-31T12:05:21Z,305,2,0,16,1,0,1,1,1,1785499505
2026-07-31T12:05:21Z,306,6,2,26,0,0,1,1,1,1785499378
2026-07-31T12:05:21Z,307,18,0,3,1,1,1,1,1,1785499472
2026-07-31T12:05:21Z,308,16,0,1,2,0,1,1,1,1785498549
2026-07-31T12:05:21Z,309,13,3,1,0,0,1,1,1,1785499188
2026-07-31T12:05:21Z,311,12,0,3,0,0,1,1,1,1785499096
2026-07-31T12:05:21Z,312,3,2,16,3,1,1,1,1,1785499338
2026-07-31T12:05:21Z,313,3,1,12,0,0,1,1,1,1785486991
2026-07-31T12:05:21Z,314,4,3,11,3,0,1,1,1,1785486991
2026-07-31T12:05:21Z,315,20,4,9,2,0,1,1,1,1785499104
2026-07-31T12:05:21Z,316,0,0,25,5,1,1,1,1,1785499276
2026-07-31T12:05:21Z,317,20,1,10,0,1,1,1,1,1785499500
2026-07-31T12:05:21Z,318,16,0,3,0,0,1,1,1,1785486991
2026-07-31T12:05:21Z,319,17,2,4,2,0,1,1,1,1785499506
2026-07-31T12:05:21Z,320,13,4,5,1,0,1,1,1,1785499324
2026-07-31T12:05:21Z,321,9,2,6,4,0,1,1,1,1785499444
2026-07-31T12:05:21Z,322,6,2,23,0,0,1,1,1,1785498748
2026-07-31T12:05:21Z,323,10,0,9,0,0,1,1,1,1785499027
2026-07-31T12:05:21Z,324,22,3,4,1,0,1,1,1,1785499499
2026-07-31T12:05:21Z,325,6,3,18,3,0,1,1,1,1785498047
2026-07-31T12:05:21Z,327,22,0,4,1,0,1,1,1,1785498956
2026-07-31T12:05:21Z,328,13,0,8,1,0,1,1,1,1785499505
2026-07-31T12:05:21Z,329,15,0,2,2,0,1,1,1,1785499358
2026-07-31T12:05:21Z,330,0,0,21,1,0,1,1,1,1785499285
2026-07-31T12:05:21Z,331,9,2,13,1,0,1,1,1,1785499410
2026-07-31T12:05:21Z,332,11,2,6,2,0,1,1,1,1785498551
2026-07-31T12:05:21Z,333,2,0,20,1,0,1,1,1,1785499500
2026-07-31T12:05:21Z,334,8,8,15,0,0,1,1,1,1785498007
2026-07-31T12:05:21Z,335,3,2,19,0,1,1,1,1,1785499334
2026-07-31T12:05:21Z,336,16,2,3,0,0,1,1,1,1785499263
2026-07-31T12:05:21Z,337,14,3,4,5,0,1,1,1,1785499510
2026-07-31T12:05:21Z,338,13,6,6,0,0,1,1,1,1785496612
2026-07-31T12:05:21Z,339,8,6,14,1,0,1,1,1,1785499311
2026-07-31T12:05:21Z,340,11,11,3,1,0,1,1,1,1785499405
2026-07-31T12:05:21Z,341,2,0,17,0,0,1,1,1,1785499209
2026-07-31T12:05:21Z,342,10,3,3,2,0,1,1,1,1785499095
2026-07-31T12:05:21Z,343,20,1,2,1,0,1,1,1,1785497528
2026-07-31T12:05:21Z,344,22,9,1,0,0,1,1,1,1785498720
2026-07-31T12:05:21Z,345,15,2,4,0,0,1,1,1,1785498696
2026-07-31T12:05:21Z,346,9,5,14,0,0,1,1,1,1785499178
2026-07-31T12:05:21Z,347,35,2,8,1,0,1,1,1,1785499386
2026-07-31T12:05:21Z,348,21,2,0,1,1,1,1,1,1785499446
2026-07-31T12:05:21Z,349,8,2,11,0,0,1,1,1,1785499249
2026-07-31T12:05:21Z,350,19,3,6,1,1,1,1,1,1785498754
2026-07-31T12:05:21Z,351,15,2,5,3,0,1,1,1,1785499469
2026-07-31T12:05:21Z,355,18,1,5,0,0,1,1,1,1785498549
2026-07-31T12:05:21Z,356,16,1,2,1,0,1,1,1,1785499278
2026-07-31T12:05:21Z,357,8,4,11,0,0,1,1,1,1785496664
2026-07-31T12:05:21Z,358,19,4,7,1,0,1,1,1,1785498480
2026-07-31T12:05:21Z,359,16,0,11,0,0,1,1,1,1785499140
2026-07-31T12:05:21Z,360,12,2,5,2,0,1,1,1,1785498772
2026-07-31T12:05:21Z,362,12,2,3,4,0,1,1,1,1785498839
2026-07-31T12:05:21Z,363,4,0,23,0,0,1,1,1,1785499274
2026-07-31T12:05:21Z,364,16,3,3,0,0,1,1,1,1785498287
2026-07-31T12:05:21Z,365,11,1,8,4,0,1,1,1,1785499348
2026-07-31T12:05:21Z,366,3,2,14,6,0,1,1,1,1785499329
2026-07-31T12:05:21Z,367,14,9,4,1,0,1,1,1,1785497713
2026-07-31T12:05:21Z,368,16,4,5,2,0,1,1,1,1785499475
2026-07-31T12:05:21Z,370,8,6,19,0,0,1,1,1,1785498893
2026-07-31T12:05:21Z,371,4,0,14,1,0,1,1,1,1785497231
2026-07-31T12:05:21Z,372,4,0,11,0,0,1,1,1,1785499229
2026-07-31T12:05:21Z,373,26,9,1,0,0,1,1,1,1785499191
2026-07-31T12:05:21Z,374,12,6,5,2,0,1,1,1,1785499485
2026-07-31T12:05:21Z,375,18,5,5,4,0,1,1,1,1785499045
2026-07-31T12:05:21Z,376,30,7,5,4,0,1,1,1,1785499305
2026-07-31T12:05:21Z,377,19,7,7,1,0,1,1,1,1785499484
2026-07-31T12:05:21Z,378,15,5,7,1,1,1,1,1,1785499399
2026-07-31T12:05:21Z,379,13,1,14,0,0,1,1,1,1785498738
2026-07-31T12:05:21Z,380,18,6,5,0,0,1,1,1,1785499042
2026-07-31T12:05:21Z,381,4,0,19,0,0,1,1,1,1785499462
2026-07-31T12:05:21Z,383,6,0,8,1,0,1,1,1,1785499112
2026-07-31T12:05:21Z,384,19,0,6,2,0,1,1,1,1785498922
2026-07-31T12:05:21Z,385,14,4,2,2,0,1,1,1,1785499270
2026-07-31T12:05:21Z,387,20,2,3,0,0,1,1,1,1785496960
2026-07-31T12:05:21Z,388,24,3,25,0,0,1,1,1,1785499316
2026-07-31T12:05:21Z,389,8,6,7,0,0,1,1,1,1785499055
2026-07-31T12:05:21Z,390,15,0,20,0,0,1,1,1,1785499453
2026-07-31T12:05:21Z,391,3,1,11,1,0,1,1,1,1785499433
2026-07-31T12:05:21Z,392,2,2,16,1,0,1,1,1,1785499383
2026-07-31T12:05:21Z,393,3,3,5,3,0,1,1,1,1785487292
2026-07-31T12:05:21Z,394,6,4,5,2,0,1,1,1,1785498256
2026-07-31T12:05:21Z,396,13,6,26,3,0,1,1,1,1785499290
2026-07-31T12:05:21Z,397,5,5,26,0,0,1,1,1,1785497106
2026-07-31T12:05:21Z,399,11,0,4,2,0,1,1,1,1785499466
2026-07-31T12:05:21Z,400,11,6,9,3,0,1,1,1,1785499046
2026-07-31T12:05:21Z,401,2,0,29,8,0,1,1,1,1785498953
2026-07-31T12:05:21Z,403,18,0,9,4,0,1,1,1,1785499473
2026-07-31T12:05:21Z,404,5,2,17,1,0,1,1,1,1785499501
2026-07-31T12:05:21Z,406,1,1,33,1,0,1,1,1,1785499451
2026-07-31T12:05:21Z,407,17,3,16,1,0,1,1,1,1785499147
2026-07-31T12:05:21Z,408,15,3,16,2,0,1,1,1,1785499177
2026-07-31T12:05:21Z,409,2,0,18,3,0,1,1,1,1785498301
2026-07-31T12:05:21Z,413,19,4,2,2,0,1,1,1,1785498044
2026-07-31T12:05:21Z,414,8,2,6,1,0,1,1,1,1785498855
2026-07-31T12:05:21Z,417,6,5,13,0,0,1,1,1,1785499345
2026-07-31T12:05:21Z,418,0,0,15,0,0,1,1,1,1785497765
2026-07-31T12:05:21Z,419,12,1,11,0,0,1,1,1,1785498303
2026-07-31T12:05:21Z,421,2,0,17,0,0,1,1,1,1785499382
2026-07-31T12:05:21Z,422,4,3,22,1,0,1,1,1,1785493261
2026-07-31T12:05:21Z,423,1,1,22,0,0,1,1,1,1785499330
2026-07-31T12:05:21Z,424,6,2,6,3,0,1,1,1,1785498137
2026-07-31T12:05:21Z,425,16,0,5,0,1,1,1,1,1785497662
2026-07-31T12:05:21Z,426,7,2,28,2,0,1,1,1,1785499320
2026-07-31T12:05:21Z,427,11,1,3,1,0,1,1,1,1785499502
2026-07-31T12:05:21Z,428,17,2,1,1,0,1,1,1,1785499124
2026-07-31T12:05:21Z,429,2,2,19,2,0,1,1,1,1785499160
2026-07-31T12:05:21Z,430,28,1,0,3,0,1,1,1,1785498350
2026-07-31T12:05:21Z,431,16,0,16,1,0,1,1,1,1785498747
2026-07-31T12:05:21Z,432,14,0,15,2,0,0,1,1,1785499014
2026-07-31T12:05:21Z,433,18,5,3,2,0,1,1,1,1785495888
2026-07-31T12:05:21Z,437,5,4,13,1,0,1,1,1,1785499464
2026-07-31T12:05:21Z,438,17,1,1,1,0,1,1,1,1785499325
2026-07-31T12:05:21Z,439,3,0,12,0,0,1,1,1,1785499168
2026-07-31T12:05:21Z,440,10,2,3,2,0,1,1,1,1785498658
2026-07-31T12:05:21Z,441,12,1,2,1,0,1,1,1,1785498631
2026-07-31T12:05:21Z,442,18,10,0,1,0,1,1,1,1785498676
2026-07-31T12:05:21Z,443,4,2,23,0,0,1,1,1,1785485488
2026-07-31T12:05:21Z,444,3,2,20,0,0,1,1,1,1785499224
2026-07-31T12:05:21Z,445,7,2,15,1,0,1,1,1,1785499233
2026-07-31T12:05:21Z,446,0,0,22,1,0,1,1,1,1785494652
2026-07-31T12:05:21Z,447,3,0,18,1,1,1,1,1,1785496389
2026-07-31T12:05:21Z,448,8,3,6,1,0,1,1,1,1785499469
2026-07-31T12:05:21Z,452,5,3,13,1,0,1,1,1,1785499294
2026-07-31T12:05:21Z,453,5,5,9,1,0,1,1,1,1785499396
2026-07-31T12:05:21Z,454,8,0,11,0,0,1,1,1,1785498523
2026-07-31T12:05:21Z,455,5,3,34,0,0,1,1,1,1785499248
2026-07-31T12:05:21Z,456,7,0,12,1,0,1,1,1,1785499479
2026-07-31T12:05:21Z,457,24,2,1,2,0,1,1,1,1785497302
2026-07-31T12:05:21Z,458,12,4,11,0,0,1,1,1,1785499509
2026-07-31T12:05:21Z,459,14,0,1,0,0,1,1,1,1785499092
2026-07-31T12:05:21Z,460,15,1,7,1,0,1,1,1,1785499369
2026-07-31T12:05:21Z,461,7,2,12,0,0,1,1,1,1785498939
2026-07-31T12:05:21Z,462,18,2,3,0,0,1,1,1,1785499368
2026-07-31T12:05:21Z,463,9,0,10,0,0,1,1,1,1785499420
2026-07-31T12:05:21Z,464,2,0,11,1,0,1,1,1,1785499463
2026-07-31T12:05:21Z,465,0,0,14,1,0,1,1,1,1785496369
2026-07-31T12:05:21Z,466,12,3,1,2,0,1,1,1,1785497185
2026-07-31T12:05:21Z,467,1,1,18,0,0,1,1,1,1785497262
2026-07-31T12:05:21Z,468,17,1,1,1,0,1,1,1,1785485789
2026-07-31T12:05:21Z,469,0,0,23,0,0,1,1,1,1785498649
2026-07-31T12:05:21Z,470,11,2,3,1,0,1,1,1,1785499339
2026-07-31T12:05:21Z,471,22,2,5,0,0,1,1,1,1785487895
2026-07-31T12:05:21Z,472,13,4,5,1,0,1,1,1,1785499288
2026-07-31T12:05:21Z,473,18,4,0,1,0,1,1,1,1785497996
2026-07-31T12:05:21Z,474,14,0,4,1,0,1,1,1,1785499117
2026-07-31T12:05:21Z,475,7,2,12,0,0,1,1,1,1785499261
2026-07-31T12:05:21Z,477,6,4,8,1,0,1,1,1,1785499199
2026-07-31T12:05:21Z,478,9,0,21,1,0,1,1,1,1785498973
2026-07-31T12:05:21Z,479,6,0,20,1,0,1,1,1,1785499012
2026-07-31T12:05:21Z,480,3,0,9,3,0,1,1,1,1785499233
2026-07-31T12:05:21Z,481,30,0,4,1,0,1,1,1,1785499376
2026-07-31T12:05:21Z,482,16,6,3,0,0,1,1,1,1785498411
2026-07-31T12:05:21Z,483,2,0,23,2,0,1,1,1,1785499271
2026-07-31T12:05:21Z,484,1,1,17,1,0,1,1,1,1785499373
2026-07-31T12:05:21Z,485,14,6,3,1,1,1,1,1,1785499340
2026-07-31T12:05:21Z,486,5,3,19,3,0,1,1,1,1785499449
2026-07-31T12:05:21Z,487,1,1,17,1,0,1,1,1,1785499325
2026-07-31T12:05:21Z,489,2,2,12,1,0,1,1,1,1785499340
2026-07-31T12:05:21Z,490,4,2,12,0,0,1,1,1,1785498856
2026-07-31T12:05:21Z,491,4,1,17,0,0,1,1,1,1785498928
2026-07-31T12:05:21Z,492,4,2,3,4,0,1,1,1,1785499508
2026-07-31T12:05:21Z,493,2,1,24,1,0,1,1,1,1785499457
2026-07-31T12:05:21Z,495,9,0,3,3,0,1,1,1,1785498768
2026-07-31T12:05:21Z,496,21,1,6,0,0,1,1,1,1785498738
2026-07-31T12:05:21Z,497,9,0,9,1,0,1,1,1,1785499432
2026-07-31T12:05:21Z,498,17,0,5,1,0,1,1,1,1785498883
2026-07-31T12:05:21Z,499,16,0,2,1,0,1,1,1,1785498891
2026-07-31T12:05:21Z,500,5,2,4,6,0,1,1,1,1785498077
2026-07-31T12:05:21Z,501,14,6,7,0,0,1,1,1,1785499203
2026-07-31T12:05:21Z,502,6,0,13,0,0,1,1,1,1785499369
2026-07-31T12:05:21Z,503,22,0,8,1,0,1,1,1,1785498798
2026-07-31T12:05:21Z,504,6,1,33,0,0,1,1,1,1785499419
2026-07-31T12:05:21Z,505,5,0,6,1,0,1,1,1,1785499433
2026-07-31T12:05:21Z,511,8,3,15,0,0,1,1,1,1785499509
2026-07-31T12:05:21Z,512,14,0,13,0,0,1,1,1,1785499480
2026-07-31T12:05:21Z,514,6,0,4,1,0,1,1,1,1785499122
2026-07-31T12:05:21Z,515,2,0,17,0,0,1,1,1,1785497478
2026-07-31T12:05:21Z,516,8,1,19,0,0,1,1,1,1785499052
2026-07-31T12:05:21Z,517,11,1,11,1,0,1,1,1,1785499069
2026-07-31T12:05:21Z,518,14,1,0,1,0,1,1,1,1785499300
2026-07-31T12:05:21Z,519,2,0,15,2,0,1,1,1,1785497842
2026-07-31T12:05:21Z,520,9,5,12,5,1,1,1,1,1785499509
2026-07-31T12:05:21Z,521,17,4,6,0,0,1,1,1,1785497490
2026-07-31T12:05:21Z,522,0,0,22,1,0,1,1,1,1785496158
2026-07-31T12:05:21Z,523,6,4,16,1,0,1,1,1,1785494750
2026-07-31T12:05:21Z,524,0,0,23,0,0,1,1,1,1785494956
2026-07-31T12:05:21Z,525,8,0,11,0,0,1,1,1,1785498932
2026-07-31T12:05:21Z,526,13,1,0,2,0,1,1,1,1785486390
2026-07-31T12:05:21Z,527,6,3,17,3,0,1,1,1,1785499374
2026-07-31T12:05:21Z,528,19,1,3,1,0,1,1,1,1785498176
2026-07-31T12:05:21Z,529,7,4,6,6,0,1,1,1,1785499509
2026-07-31T12:05:21Z,530,10,0,9,2,0,1,1,1,1785499413
2026-07-31T12:05:21Z,531,16,0,5,1,1,1,1,1,1785498925
2026-07-31T12:05:21Z,532,3,3,27,1,0,1,1,1,1785499165
2026-07-31T12:05:21Z,533,4,0,14,1,0,1,1,1,1785499455
2026-07-31T12:05:21Z,534,10,1,12,1,0,1,1,1,1785498281
2026-07-31T12:05:21Z,535,3,0,12,0,0,1,1,1,1785494305
2026-07-31T12:05:21Z,536,17,0,6,0,0,1,1,1,1785499372
2026-07-31T12:05:21Z,537,6,1,14,0,0,1,1,1,1785499372
2026-07-31T12:05:21Z,538,14,4,7,0,2,1,1,1,1785499438
2026-07-31T12:05:21Z,539,5,5,26,0,0,1,1,1,1785498487
2026-07-31T12:05:21Z,540,1,0,18,0,0,1,1,1,1785499286
2026-07-31T12:05:21Z,541,16,1,10,1,0,1,1,1,1785499321
2026-07-31T12:05:21Z,542,17,6,5,1,0,1,1,1,1785499311
2026-07-31T12:05:21Z,543,17,3,1,1,0,1,1,1,1785499361
2026-07-31T12:05:21Z,544,6,1,12,4,0,1,1,1,1785499043
2026-07-31T12:05:21Z,545,2,0,15,2,0,1,1,1,1785498561
2026-07-31T12:05:21Z,546,8,5,11,0,0,1,1,1,1785499510
2026-07-31T12:05:21Z,547,17,1,8,0,0,1,1,1,1785499434
2026-07-31T12:05:21Z,548,13,1,10,0,0,1,1,1,1785499245
2026-07-31T12:05:21Z,549,18,0,5,0,0,1,1,1,1785499222
2026-07-31T12:05:21Z,550,4,0,15,0,0,1,1,1,1785499501
2026-07-31T12:05:21Z,551,11,4,12,0,0,1,1,1,1785498819
2026-07-31T12:05:21Z,552,24,2,3,0,0,1,1,1,1785499350
2026-07-31T12:05:21Z,553,11,3,11,0,1,1,1,1,1785499366
2026-07-31T12:05:21Z,554,1,1,18,0,0,1,1,1,1785486691
2026-07-31T12:05:21Z,555,12,5,2,1,0,1,1,1,1785498871
2026-07-31T12:05:21Z,556,18,4,3,2,0,1,1,1,1785499488
2026-07-31T12:05:21Z,557,8,4,10,5,0,1,1,1,1785497799
2026-07-31T12:05:21Z,558,32,4,5,0,0,1,1,1,1785499473
2026-07-31T12:05:21Z,559,1,1,16,2,0,1,1,1,1785499024
2026-07-31T12:05:21Z,560,8,0,18,1,0,1,1,1,1785499074
2026-07-31T12:05:21Z,561,13,0,9,1,0,1,1,1,1785499311
2026-07-31T12:05:21Z,562,3,0,29,3,0,1,1,1,1785486691
2026-07-31T12:05:21Z,563,8,0,6,0,0,1,1,1,1785499160
2026-07-31T12:05:21Z,564,7,0,11,1,0,1,1,1,1785498988
2026-07-31T12:05:21Z,565,8,1,11,0,0,1,1,1,1785499244
2026-07-31T12:05:21Z,566,17,1,1,1,0,1,1,1,1785499503
2026-07-31T12:05:21Z,567,26,1,0,1,0,1,1,1,1785493771
2026-07-31T12:05:21Z,568,16,0,2,1,0,1,1,1,1785496988
2026-07-31T12:05:21Z,569,15,2,4,0,0,1,1,1,1785499264
2026-07-31T12:05:21Z,570,4,0,14,1,0,1,1,1,1785499436
2026-07-31T12:05:21Z,571,10,0,13,0,0,1,1,1,1785499376
2026-07-31T12:05:21Z,572,11,4,7,1,0,1,1,1,1785499213
2026-07-31T12:05:21Z,573,7,0,8,0,0,1,1,1,1785499263
2026-07-31T12:05:21Z,574,4,1,11,0,0,1,1,1,1785499467
2026-07-31T12:05:21Z,575,4,0,16,1,0,1,1,1,1785499182
2026-07-31T12:05:21Z,576,3,1,14,2,0,1,1,1,1785499345
2026-07-31T12:05:21Z,577,18,0,13,0,0,1,1,1,1785499356
2026-07-31T12:05:21Z,578,10,9,12,1,0,1,1,1,1785499451
2026-07-31T12:05:21Z,579,6,0,37,0,0,1,1,1,1785498642
2026-07-31T12:05:21Z,580,0,0,29,0,0,1,1,1,1785498895
2026-07-31T12:05:21Z,581,10,0,9,0,0,1,1,1,1785498326
2026-07-31T12:05:21Z,582,20,0,40,1,0,1,1,1,1785499505
2026-07-31T12:05:21Z,583,21,0,1,1,0,1,1,1,1785498908
2026-07-31T12:05:21Z,584,5,4,9,5,0,1,1,1,1785499323
2026-07-31T12:05:21Z,585,10,2,16,0,1,1,1,1,1785499102
2026-07-31T12:05:21Z,586,10,0,25,0,0,1,1,1,1785496987
2026-07-31T12:05:21Z,587,11,0,12,1,0,1,1,1,1785499480
2026-07-31T12:05:21Z,588,9,3,7,2,1,1,1,1,1785499220
2026-07-31T12:05:21Z,589,11,6,10,1,0,1,1,1,1785499379
2026-07-31T12:05:21Z,590,15,2,15,1,0,1,1,1,1785498994
2026-07-31T12:05:21Z,591,18,0,10,2,0,1,1,1,1785499500
2026-07-31T12:05:21Z,592,11,0,12,0,0,1,1,1,1785498834
2026-07-31T12:05:21Z,593,3,0,35,0,0,1,1,1,1785497527
2026-07-31T12:05:21Z,594,6,1,13,2,0,1,1,1,1785499284
2026-07-31T12:05:21Z,595,0,0,3,0,0,0,1,1,1784046673
2026-07-31T12:05:21Z,605,0,0,2,1,0,0,1,1,1783975843
2026-07-31T12:05:21Z,606,0,0,0,0,0,0,1,1,86400
2026-07-31T12:05:21Z,607,21,3,10,1,0,1,1,1,1785499445
2026-07-31T12:05:21Z,608,7,1,43,0,0,1,1,1,1785499413
2026-07-31T12:05:21Z,609,1,1,22,0,0,1,1,1,1785499484
2026-07-31T12:05:21Z,610,2,2,33,0,0,1,1,1,1785499025
2026-07-31T12:05:21Z,611,4,0,22,1,0,1,1,1,1785499481
2026-07-31T12:05:21Z,612,7,1,8,0,0,1,1,1,1785498548
2026-07-31T12:05:21Z,613,9,0,2,4,0,1,1,1,1785489318
2026-07-31T12:05:21Z,614,3,2,21,2,1,1,1,1,1785498994
2026-07-31T12:05:21Z,617,10,1,3,2,0,1,1,1,1785499500
2026-07-31T12:05:21Z,618,10,1,5,4,0,1,1,1,1785499307
2026-07-31T12:05:21Z,619,3,2,16,0,0,1,1,1,1785497984
2026-07-31T12:05:21Z,620,4,1,23,0,0,1,1,1,1785499170
2026-07-31T12:05:21Z,621,0,0,22,1,0,1,1,1,1785498380
2026-07-31T12:05:21Z,622,7,3,15,1,0,1,1,1,1785498360
2026-07-31T12:05:21Z,623,9,3,20,1,0,1,1,1,1785499041
2026-07-31T12:05:21Z,624,1,0,14,0,0,1,1,1,1785493218
2026-07-31T12:05:21Z,625,3,0,16,2,0,1,1,1,1785497695
2026-07-31T12:05:21Z,626,8,0,37,0,2,1,1,1,1785498979
2026-07-31T12:05:21Z,627,14,6,5,0,0,1,1,1,1785493197
2026-07-31T12:05:21Z,628,1,1,14,2,2,1,1,1,1785499459
2026-07-31T12:05:21Z,629,4,1,6,1,0,1,1,1,1785499509
2026-07-31T12:05:21Z,630,3,2,21,3,0,1,1,1,1785499334
2026-07-31T12:05:21Z,631,5,2,18,0,0,1,1,1,1785499059
2026-07-31T12:05:21Z,632,20,0,1,2,0,1,1,1,1785492884
2026-07-31T12:05:21Z,633,12,1,0,3,0,1,1,1,1785499422
2026-07-31T12:05:21Z,634,10,2,9,0,0,1,1,1,1785498289
2026-07-31T12:05:21Z,635,15,1,4,0,0,1,1,1,1785497505
2026-07-31T12:05:21Z,636,10,2,5,0,0,1,1,1,1785488201
2026-07-31T12:05:21Z,637,6,0,12,1,0,1,1,1,1785499189
2026-07-31T12:05:21Z,638,6,1,11,2,0,1,1,1,1785498868
2026-07-31T12:05:21Z,639,6,1,11,2,0,1,1,1,1785498928
2026-07-31T12:05:21Z,640,8,5,14,1,0,1,1,1,1785499334
2026-07-31T12:05:21Z,641,14,0,10,2,0,1,1,1,1785499072
2026-07-31T12:05:21Z,642,3,3,7,9,0,1,1,1,1785499507
2026-07-31T12:05:21Z,643,2,0,18,7,0,1,1,1,1785499508
2026-07-31T12:05:21Z,644,12,0,2,1,0,1,1,1,1785486991
2026-07-31T12:05:21Z,645,11,0,10,1,1,1,1,1,1785488495
2026-07-31T12:05:21Z,646,7,2,12,0,0,1,1,1,1785499212
2026-07-31T12:05:21Z,647,28,2,3,0,0,1,1,1,1785498670
2026-07-31T12:05:21Z,648,6,0,12,1,0,1,1,1,1785497783
2026-07-31T12:05:21Z,649,19,2,11,1,0,1,1,1,1785499115
2026-07-31T12:05:21Z,650,5,1,9,0,0,1,1,1,1785488201
2026-07-31T12:05:21Z,651,7,7,16,0,0,1,1,1,1785496786
2026-07-31T12:05:21Z,652,2,2,19,2,0,1,1,1,1785499321
2026-07-31T12:05:21Z,653,8,2,10,1,0,1,1,1,1785498189
2026-07-31T12:05:21Z,654,2,2,13,0,0,1,1,1,1785488202
2026-07-31T12:05:21Z,655,7,3,1,4,1,1,1,1,1785499280
2026-07-31T12:05:21Z,656,17,6,2,0,0,1,1,1,1785498884
2026-07-31T12:05:21Z,657,9,1,4,2,2,1,1,1,1785499293
2026-07-31T12:05:21Z,658,9,1,1,0,0,1,1,1,1785473427
2026-07-31T12:05:21Z,659,7,3,6,2,0,1,1,1,1785498650
2026-07-31T12:05:21Z,660,12,0,15,4,0,1,1,1,1785499245
2026-07-31T12:05:21Z,661,1,1,18,0,0,1,1,1,1785499424
2026-07-31T12:05:21Z,662,4,3,16,3,0,1,1,1,1785499187
2026-07-31T12:05:21Z,663,12,6,2,1,0,1,1,1,1785498409
2026-07-31T12:05:21Z,664,2,0,25,0,0,1,1,1,1785499085
2026-07-31T12:05:21Z,665,12,3,3,0,0,1,1,1,1785488202
2026-07-31T12:05:21Z,666,8,2,5,2,0,1,1,1,1785495733
2026-07-31T12:05:21Z,667,0,0,19,0,0,1,1,1,1785486991
2026-07-31T12:05:21Z,668,9,1,10,0,0,1,1,1,1785499356
2026-07-31T12:05:21Z,669,12,5,2,0,0,1,1,1,1785498348
2026-07-31T12:05:21Z,670,7,1,20,0,0,1,1,1,1785498993
2026-07-31T12:05:21Z,671,26,5,0,1,0,1,1,1,1785498199
2026-07-31T12:05:21Z,672,12,2,7,3,1,1,1,1,1785491597
2026-07-31T12:05:21Z,673,18,1,4,1,0,1,1,1,1785499450
2026-07-31T12:05:21Z,674,4,1,16,3,0,1,1,1,1785499427
2026-07-31T12:05:21Z,675,11,6,2,2,0,1,1,1,1785499441
2026-07-31T12:05:21Z,676,10,1,11,1,0,1,1,1,1785499221
2026-07-31T12:05:21Z,681,10,2,2,3,0,1,1,1,1785499410
2026-07-31T12:05:21Z,682,4,1,14,1,0,1,1,1,1785486991
2026-07-31T12:05:21Z,683,3,1,16,0,0,1,1,1,1785499114
2026-07-31T12:05:21Z,684,2,0,25,0,0,1,1,1,1785498876
2026-07-31T12:05:21Z,685,8,0,17,1,1,1,1,1,1785498843
2026-07-31T12:05:21Z,686,8,0,16,3,0,1,1,1,1785499313
2026-07-31T12:05:21Z,687,11,0,18,1,1,1,1,1,1785499325
2026-07-31T12:05:21Z,688,10,0,2,7,0,1,1,1,1785499399
2026-07-31T12:05:21Z,692,0,0,21,0,0,1,1,1,1785498497
2026-07-31T12:05:21Z,693,6,0,2,3,0,1,1,1,1785498043
2026-07-31T12:05:21Z,694,9,5,12,0,0,1,1,1,1785497813
2026-07-31T12:05:21Z,695,12,8,11,0,0,1,1,1,1785498820
2026-07-31T12:05:21Z,696,18,14,3,2,0,1,1,1,1785498932
2026-07-31T12:05:21Z,697,10,0,13,0,0,1,1,1,1785499327
2026-07-31T12:05:21Z,698,20,1,7,0,0,1,1,1,1785499378
2026-07-31T12:05:21Z,699,7,0,7,1,0,1,1,1,1785498359
2026-07-31T12:05:21Z,700,19,4,0,0,0,1,1,1,1785499278
2026-07-31T12:05:21Z,701,15,6,4,0,0,1,1,1,1785499334
2026-07-31T12:05:21Z,702,17,2,5,1,0,1,1,1,1785499507
2026-07-31T12:05:21Z,704,7,2,8,0,0,1,1,1,1785499135
2026-07-31T12:05:21Z,705,4,1,9,2,0,1,1,1,1785498600
2026-07-31T12:05:21Z,706,12,2,0,3,0,1,1,1,1785497890
2026-07-31T12:05:21Z,707,8,1,7,0,0,1,1,1,1785498513
2026-07-31T12:05:21Z,708,17,2,1,1,0,1,1,1,1785498785
2026-07-31T12:05:21Z,709,9,0,3,3,0,1,1,1,1785498558
2026-07-31T12:05:21Z,710,14,4,4,1,0,1,1,1,1785498978
2026-07-31T12:05:21Z,711,19,3,0,4,0,1,1,1,1785499361
2026-07-31T12:05:21Z,712,7,6,8,0,0,1,1,1,1785499102
2026-07-31T12:05:21Z,713,5,0,18,0,0,1,1,1,1785499014
2026-07-31T12:05:21Z,716,3,2,12,0,0,1,1,1,1785498247
2026-07-31T12:05:21Z,717,4,2,18,3,0,1,1,1,1785498335
2026-07-31T12:05:21Z,718,6,1,8,1,0,1,1,1,1785498284
2026-07-31T12:05:21Z,719,8,2,21,0,0,1,1,1,1785499316
2026-07-31T12:05:21Z,720,1,0,18,0,0,1,1,1,1785499089
2026-07-31T12:05:21Z,721,1,1,20,2,0,1,1,1,1785499352
2026-07-31T12:05:21Z,722,5,0,10,0,0,1,1,1,1785498292
2026-07-31T12:05:21Z,723,12,1,11,0,0,1,1,1,1785498392
2026-07-31T12:05:21Z,724,10,4,13,0,0,1,1,1,1785499499
2026-07-31T12:05:21Z,725,15,5,7,1,0,1,1,1,1785499073
2026-07-31T12:05:21Z,726,16,2,3,0,0,1,1,1,1785499507
2026-07-31T12:05:21Z,727,8,3,12,3,0,1,1,1,1785499301
2026-07-31T12:05:21Z,728,9,0,5,1,0,1,1,1,1785498838
2026-07-31T12:05:21Z,729,1,0,18,0,0,1,1,1,1785498463
2026-07-31T12:05:21Z,730,3,2,10,2,0,1,1,1,1785499432
2026-07-31T12:05:21Z,731,9,3,5,1,0,1,1,1,1785498548
2026-07-31T12:05:21Z,732,7,5,8,0,0,1,1,1,1785497772
2026-07-31T12:05:21Z,733,6,2,21,0,0,1,1,1,1785498967
2026-07-31T12:05:21Z,734,0,0,14,0,0,1,1,1,1785498526
2026-07-31T12:05:21Z,735,3,3,24,0,0,1,1,1,1785499327
2026-07-31T12:05:21Z,736,6,0,12,1,0,1,1,1,1785498981
2026-07-31T12:05:21Z,737,4,3,10,0,1,1,1,1,1785498981
2026-07-31T12:05:21Z,738,16,4,1,2,0,1,1,1,1785498963
2026-07-31T12:05:21Z,739,20,2,6,1,0,1,1,1,1785498616
2026-07-31T12:05:21Z,741,7,1,16,0,0,1,1,1,1785498874
2026-07-31T12:05:21Z,742,3,0,30,2,0,1,1,1,1785499031
2026-07-31T12:05:21Z,743,10,4,8,1,0,1,1,1,1785499099
2026-07-31T12:05:21Z,744,9,3,5,1,0,1,1,1,1785499246
2026-07-31T12:05:21Z,745,13,4,5,1,0,1,1,1,1785499261
2026-07-31T12:05:21Z,746,8,0,13,2,0,1,1,1,1785498495
2026-07-31T12:05:21Z,747,0,0,4,0,0,0,1,1,1783446606
2026-07-31T12:05:21Z,748,10,1,13,0,0,1,1,1,1785498248
2026-07-31T12:05:21Z,749,6,5,16,1,0,1,1,1,1785498161
2026-07-31T12:05:21Z,750,5,1,6,0,0,1,1,1,1785499408
2026-07-31T12:05:21Z,751,11,0,12,0,0,1,1,1,1785499489
2026-07-31T12:05:21Z,752,15,1,1,1,0,1,1,1,1785498699
2026-07-31T12:05:21Z,753,4,1,11,0,0,1,1,1,1785499375
2026-07-31T12:05:21Z,754,4,2,10,1,0,1,1,1,1785498919
2026-07-31T12:05:21Z,755,12,3,10,1,0,1,1,1,1785499452
2026-07-31T12:05:21Z,756,13,7,24,0,0,1,1,1,1785498867
2026-07-31T12:05:21Z,757,16,9,3,0,0,1,1,1,1785498224
2026-07-31T12:05:21Z,758,20,2,3,0,0,1,1,1,1785499387
2026-07-31T12:05:21Z,759,0,0,0,0,0,1,1,1,86400
2026-07-31T12:05:21Z,760,9,4,10,0,0,1,1,1,1785499338
2026-07-31T12:05:21Z,761,18,0,4,1,0,1,1,1,1785499060
2026-07-31T12:05:21Z,762,5,3,5,5,0,1,1,1,1785498522
2026-07-31T12:05:21Z,768,8,0,8,3,0,1,1,1,1785499473
2026-07-31T12:05:21Z,769,16,12,3,0,0,1,1,1,1785499508
2026-07-31T12:05:21Z,770,11,3,6,2,0,1,1,1,1785499043
2026-07-31T12:05:21Z,771,12,2,2,1,0,1,1,1,1785498925
2026-07-31T12:05:21Z,772,8,1,7,0,0,1,1,1,1785499091
2026-07-31T12:05:21Z,773,15,4,4,0,0,1,1,1,1785498942
2026-07-31T12:05:21Z,774,8,5,4,3,0,1,1,1,1785498926
2026-07-31T12:05:21Z,775,7,0,10,1,1,1,1,1,1785494713
2026-07-31T12:05:21Z,776,3,1,17,1,0,1,1,1,1785499281
2026-07-31T12:05:21Z,777,10,0,2,3,0,1,1,1,1785499024
2026-07-31T12:05:21Z,778,13,0,3,3,0,1,1,1,1785498969
2026-07-31T12:05:21Z,779,8,1,10,1,0,1,1,1,1785498044
2026-07-31T12:05:21Z,780,18,2,0,1,0,1,1,1,1785499457
2026-07-31T12:05:21Z,781,4,0,5,2,0,1,1,1,1785499225
2026-07-31T12:05:21Z,782,4,3,11,4,0,1,1,1,1785498761
2026-07-31T12:05:21Z,783,6,0,13,0,0,1,1,1,1785498027
2026-07-31T12:05:21Z,784,19,2,0,0,0,1,1,1,1785499451
2026-07-31T12:05:21Z,785,10,2,3,6,0,1,1,1,1785499290
2026-07-31T12:05:21Z,786,12,5,7,0,0,1,1,1,1785497856
2026-07-31T12:05:21Z,787,10,5,3,2,0,1,1,1,1785499296
2026-07-31T12:05:21Z,788,3,0,12,0,0,1,1,1,1785498515
2026-07-31T12:05:21Z,789,9,2,2,4,0,1,1,1,1785498741
2026-07-31T12:05:21Z,790,2,0,21,0,0,1,1,1,1785499164
2026-07-31T12:05:21Z,791,7,0,11,0,1,1,1,1,1785498709
2026-07-31T12:05:21Z,793,4,0,10,1,0,1,1,1,1785498878
2026-07-31T12:05:21Z,794,16,8,11,2,0,1,1,1,1785499379
2026-07-31T12:05:21Z,796,1,0,16,2,0,1,1,1,1785498692
2026-07-31T12:05:21Z,797,1,0,14,0,0,1,1,1,1785499482
2026-07-31T12:05:21Z,798,12,1,12,1,0,1,1,1,1785499289
2026-07-31T12:05:21Z,799,14,1,2,3,0,1,1,1,1785498659
2026-07-31T12:05:21Z,800,9,0,11,1,0,1,1,1,1785499401
2026-07-31T12:05:21Z,801,11,6,9,1,0,1,1,1,1785499276
2026-07-31T12:05:21Z,802,9,0,22,0,0,1,1,1,1785498843
2026-07-31T12:05:21Z,803,1,1,14,0,0,1,1,1,1785498483
2026-07-31T12:05:21Z,806,6,2,9,0,0,1,1,1,1785499281
2026-07-31T12:05:21Z,807,13,1,10,2,0,1,1,1,1785499172
2026-07-31T12:05:21Z,808,3,1,20,2,0,1,1,1,1785499242
2026-07-31T12:05:21Z,809,4,0,18,1,0,1,1,1,1785498672
2026-07-31T12:05:21Z,810,2,0,13,4,0,1,1,1,1785499113
2026-07-31T12:05:21Z,815,0,0,10,4,1,1,1,1,1785499338
2026-07-31T12:05:21Z,817,10,4,5,0,0,1,1,1,1785498406
2026-07-31T12:05:21Z,818,5,0,18,0,0,1,1,1,1785499256
2026-07-31T12:05:21Z,819,6,4,9,0,0,1,1,1,1785487291
2026-07-31T12:05:21Z,820,8,2,9,0,0,1,1,1,1785497913
2026-07-31T12:05:21Z,821,2,1,13,0,0,1,1,1,1785498839
2026-07-31T12:05:21Z,822,6,0,16,1,0,1,1,1,1785499185
2026-07-31T12:05:21Z,823,1,1,14,0,0,1,1,1,1785499061
2026-07-31T12:05:21Z,824,11,5,8,0,0,1,1,1,1785499378
2026-07-31T12:05:21Z,825,8,5,7,0,0,1,1,1,1785495662
2026-07-31T12:05:21Z,826,15,3,2,2,0,1,1,1,1785498713
2026-07-31T12:05:21Z,827,15,4,5,1,0,1,1,1,1785499142
2026-07-31T12:05:21Z,828,13,0,4,1,0,1,1,1,1785499336
2026-07-31T12:05:21Z,829,15,6,12,0,0,1,1,1,1785498065
2026-07-31T12:05:21Z,830,17,2,5,1,0,1,1,1,1785499116
2026-07-31T12:05:21Z,831,6,2,8,1,0,1,1,1,1785498278
2026-07-31T12:05:21Z,832,10,3,5,3,0,1,1,1,1785498627
2026-07-31T12:05:21Z,833,0,0,18,1,0,1,1,1,1785499094
2026-07-31T12:05:21Z,834,7,0,16,1,0,1,1,1,1785499451
2026-07-31T12:05:21Z,835,12,5,4,2,0,1,1,1,1785499214
2026-07-31T12:05:21Z,837,5,1,0,10,0,1,1,1,1785498360
2026-07-31T12:05:21Z,838,15,5,0,0,0,1,1,1,1785499022
2026-07-31T12:05:21Z,839,5,1,23,1,0,1,1,1,1785499506
2026-07-31T12:05:21Z,840,11,4,17,1,0,1,1,1,1785499510
2026-07-31T12:05:21Z,841,7,1,8,0,0,1,1,1,1785498272
2026-07-31T12:05:21Z,842,7,2,16,0,0,1,1,1,1785498093
2026-07-31T12:05:21Z,843,8,0,22,1,0,1,1,1,1785498359
2026-07-31T12:05:21Z,844,5,0,18,0,0,1,1,1,1785499308
2026-07-31T12:05:21Z,845,5,3,12,2,0,1,1,1,1785498468
2026-07-31T12:05:21Z,846,4,1,14,1,0,1,1,1,1785499419
2026-07-31T12:05:21Z,847,7,1,20,0,0,1,1,1,1785499229
2026-07-31T12:05:21Z,848,8,3,10,1,0,1,1,1,1785498928
2026-07-31T12:05:21Z,849,5,1,9,1,0,1,1,1,1785499257
2026-07-31T12:05:21Z,850,9,0,1,1,0,1,1,1,1785499402
2026-07-31T12:05:21Z,851,7,6,28,2,0,1,1,1,1785499399
2026-07-31T12:05:21Z,852,12,6,7,0,0,1,1,1,1785498177
2026-07-31T12:05:21Z,853,10,5,13,0,0,1,1,1,1785499068
2026-07-31T12:05:21Z,854,3,2,12,0,0,1,1,1,1785499118
2026-07-31T12:05:21Z,855,25,0,2,0,0,1,1,1,1785497123
2026-07-31T12:05:21Z,857,4,2,15,0,0,1,1,1,1785499284
2026-07-31T12:05:21Z,858,4,1,14,1,0,1,1,1,1785498845
2026-07-31T12:05:21Z,859,4,0,16,1,0,1,1,1,1785499062
2026-07-31T12:05:21Z,861,8,1,2,1,0,1,1,1,1785488201
2026-07-31T12:05:21Z,862,2,2,13,0,0,1,1,1,1785498301
2026-07-31T12:05:21Z,863,13,0,5,1,0,1,1,1,1785488200
2026-07-31T12:05:21Z,866,11,3,8,0,0,1,1,1,1785498619
2026-07-31T12:05:21Z,867,13,1,2,0,0,1,1,1,1785497915
2026-07-31T12:05:21Z,868,12,2,3,0,0,1,1,1,1785498132
2026-07-31T12:05:21Z,870,7,4,6,2,0,1,1,1,1785498352
2026-07-31T12:05:21Z,871,0,0,10,1,0,1,1,1,1785497720
2026-07-31T12:05:21Z,872,0,0,14,1,0,1,1,1,1785498269
2026-07-31T12:05:21Z,873,9,3,23,1,0,1,1,1,1785499336
2026-07-31T12:05:21Z,874,2,0,10,3,0,1,1,1,1785498981
2026-07-31T12:05:21Z,875,15,11,0,0,0,1,1,1,1785499343
2026-07-31T12:05:21Z,877,12,10,5,2,0,1,1,1,1785498565
2026-07-31T12:05:21Z,878,4,3,14,1,0,1,1,1,1785498470
2026-07-31T12:05:21Z,879,3,1,16,0,0,1,1,1,1785499327
2026-07-31T12:05:21Z,880,1,0,21,1,0,1,1,1,1785499340
2026-07-31T12:05:21Z,881,1,1,18,0,0,1,1,1,1785498543
2026-07-31T12:05:21Z,882,10,0,6,3,0,1,1,1,1785488200
2026-07-31T12:05:21Z,883,11,6,8,0,0,1,1,1,1785498579
2026-07-31T12:05:21Z,884,10,7,11,0,0,1,1,1,1785497884
2026-07-31T12:05:21Z,885,1,0,18,0,0,1,1,1,1785498162
2026-07-31T12:05:21Z,886,16,1,12,1,0,1,1,1,1785499498
2026-07-31T12:05:21Z,887,4,1,10,3,0,1,1,1,1785499287
2026-07-31T12:05:21Z,888,18,1,21,1,1,1,1,1,1785499493
2026-07-31T12:05:21Z,889,10,0,7,2,0,1,1,1,1785499439
2026-07-31T12:05:21Z,890,6,4,9,0,0,1,1,1,1785489632
2026-07-31T12:05:21Z,891,21,0,2,0,0,1,1,1,1785499485
2026-07-31T12:05:21Z,892,13,1,2,0,0,1,1,1,1785488200
2026-07-31T12:05:21Z,895,0,0,18,1,0,1,1,1,1785489208
2026-07-31T12:05:21Z,896,6,0,29,0,0,1,1,1,1785493238
2026-07-31T12:05:21Z,897,11,1,10,0,0,1,1,1,1785498363
2026-07-31T12:05:21Z,898,3,0,16,0,0,1,1,1,1785498081
2026-07-31T12:05:21Z,899,0,0,18,1,0,1,1,1,1785499128
2026-07-31T12:05:21Z,900,10,0,15,2,0,1,1,1,1785499326
2026-07-31T12:05:21Z,901,8,0,10,1,0,1,1,1,1785499509
2026-07-31T12:05:21Z,902,8,0,6,1,0,1,1,1,1785498012
2026-07-31T12:05:21Z,903,13,2,5,1,0,1,1,1,1785499298
2026-07-31T12:05:21Z,904,9,4,9,1,0,1,1,1,1785498473
2026-07-31T12:05:21Z,905,9,2,18,0,0,1,1,1,1785499326
2026-07-31T12:05:21Z,906,1,0,26,0,0,1,1,1,1785499349
2026-07-31T12:05:21Z,907,3,1,28,0,0,1,1,1,1785499507
2026-07-31T12:05:21Z,908,8,0,15,0,0,1,1,1,1785499100
2026-07-31T12:05:21Z,909,6,0,16,1,0,1,1,1,1785498996
2026-07-31T12:05:21Z,910,5,0,26,0,0,1,1,1,1785499447
2026-07-31T12:05:21Z,911,5,2,14,0,0,1,1,1,1785499269
2026-07-31T12:05:21Z,912,11,4,10,2,0,1,1,1,1785498975
2026-07-31T12:05:21Z,913,4,1,15,0,0,1,1,1,1785499263
2026-07-31T12:05:21Z,914,8,1,11,0,0,1,1,1,1785498915
2026-07-31T12:05:21Z,915,7,0,15,1,0,1,1,1,1785499315
2026-07-31T12:05:21Z,916,23,8,0,0,0,1,1,1,1785499232
2026-07-31T12:05:21Z,917,15,5,19,1,0,1,1,1,1785499256
2026-07-31T12:05:21Z,918,6,1,11,2,0,1,1,1,1785498386
2026-07-31T12:05:21Z,919,5,0,33,1,0,1,1,1,1785499504
2026-07-31T12:05:21Z,920,4,2,15,0,0,1,1,1,1785498806
2026-07-31T12:05:21Z,921,12,0,9,0,0,1,1,1,1785498154
2026-07-31T12:05:21Z,922,4,0,17,0,0,1,1,1,1785498965
2026-07-31T12:05:21Z,923,16,2,3,0,0,1,1,1,1785498436
2026-07-31T12:05:21Z,924,8,2,13,0,0,1,1,1,1785499166
2026-07-31T12:05:21Z,925,13,0,8,0,0,1,1,1,1785498636
2026-07-31T12:05:21Z,926,2,1,19,0,0,1,1,1,1785498767
2026-07-31T12:05:21Z,927,5,0,30,0,0,1,1,1,1785499199
2026-07-31T12:05:21Z,928,5,3,14,0,0,0,1,1,1785464301
2026-07-31T12:05:21Z,929,2,0,21,0,0,1,1,1,1785499323
2026-07-31T12:05:21Z,930,0,0,30,1,0,1,1,1,1785498397
2026-07-31T12:05:21Z,931,11,8,12,0,0,1,1,1,1785499144
2026-07-31T12:05:21Z,932,3,0,13,3,0,1,1,1,1785498814
2026-07-31T12:05:21Z,933,1,0,22,0,0,1,1,1,1785499457
2026-07-31T12:05:21Z,934,6,0,24,1,0,1,1,1,1785498114
2026-07-31T12:05:21Z,935,18,4,0,1,0,1,1,1,1785499348
2026-07-31T12:05:21Z,936,4,1,15,0,0,1,1,1,1785456801
2026-07-31T12:05:21Z,940,9,0,2,0,0,1,1,1,1785498757
2026-07-31T12:05:21Z,941,9,1,14,2,0,1,1,1,1785499168
2026-07-31T12:05:21Z,942,5,0,15,1,0,1,1,1,1785499266
2026-07-31T12:05:21Z,943,9,8,6,0,0,1,1,1,1785498375
2026-07-31T12:05:21Z,944,9,8,6,0,0,1,1,1,1785498197
2026-07-31T12:05:21Z,945,10,8,5,0,0,1,1,1,1785497712
2026-07-31T12:05:21Z,946,7,5,12,0,0,1,1,1,1785487593
2026-07-31T12:05:21Z,947,7,5,10,0,0,1,1,1,1785498210
2026-07-31T12:05:21Z,948,26,9,0,5,0,1,1,1,1785499242
2026-07-31T12:05:21Z,949,11,5,4,0,0,1,1,1,1785499141
2026-07-31T12:05:21Z,950,9,4,7,1,0,1,1,1,1785499048
2026-07-31T12:05:21Z,951,19,4,3,1,0,1,1,1,1785499196
2026-07-31T12:05:21Z,952,21,6,34,0,0,1,1,1,1785499490
2026-07-31T12:05:21Z,953,7,1,7,1,0,1,1,1,1785499314
2026-07-31T12:05:21Z,954,14,3,5,0,0,1,1,1,1785499125
2026-07-31T12:05:21Z,955,6,4,15,6,0,1,1,1,1785499372
2026-07-31T12:05:21Z,956,21,0,1,1,0,1,1,1,1785499013
2026-07-31T12:05:21Z,957,12,1,17,0,0,1,1,1,1785499454
2026-07-31T12:05:21Z,958,21,1,10,0,0,1,1,1,1785498967
2026-07-31T12:05:21Z,959,17,8,3,3,0,1,1,1,1785499507
2026-07-31T12:05:21Z,960,16,0,6,1,0,1,1,1,1785499481
2026-07-31T12:05:21Z,961,0,0,20,3,0,1,1,1,1785498941
2026-07-31T12:05:21Z,962,9,2,23,3,0,1,1,1,1785499229
2026-07-31T12:05:21Z,963,20,0,2,1,0,1,1,1,1785499334
2026-07-31T12:05:21Z,964,12,8,10,1,0,1,1,1,1785499289
2026-07-31T12:05:21Z,965,8,3,18,1,0,1,1,1,1785499445
2026-07-31T12:05:21Z,966,22,0,9,0,0,1,1,1,1785499214
2026-07-31T12:05:21Z,967,15,0,4,2,0,1,1,1,1785499351
2026-07-31T12:05:21Z,968,13,0,5,1,0,1,1,1,1785498452
2026-07-31T12:05:21Z,969,10,7,15,2,0,1,1,1,1785499361
2026-07-31T12:05:21Z,970,10,1,7,2,0,1,1,1,1785499481
2026-07-31T12:05:21Z,971,9,0,13,1,0,1,1,1,1785499439
2026-07-31T12:05:21Z,972,9,1,13,1,0,1,1,1,1785498191
2026-07-31T12:05:21Z,973,7,4,15,1,0,1,1,1,1785497707
2026-07-31T12:05:21Z,974,15,0,11,1,0,1,1,1,1785499399
2026-07-31T12:05:21Z,977,6,6,13,2,0,1,1,1,1785498451
2026-07-31T12:05:21Z,978,12,0,11,0,0,1,1,1,1785499463
2026-07-31T12:05:21Z,979,11,0,6,0,0,1,1,1,1785498848
2026-07-31T12:05:21Z,980,11,1,8,2,0,1,1,1,1785499195
2026-07-31T12:05:21Z,981,8,0,12,1,0,1,1,1,1785499179
2026-07-31T12:05:21Z,982,3,1,14,2,0,1,1,1,1785498248
2026-07-31T12:05:21Z,983,2,1,20,1,0,1,1,1,1785498675
2026-07-31T12:05:21Z,984,5,0,17,1,0,1,1,1,1785499158
2026-07-31T12:05:21Z,985,14,0,17,0,0,1,1,1,1785499351
2026-07-31T12:05:21Z,986,4,0,15,0,0,1,1,1,1785498246
2026-07-31T12:05:21Z,987,6,0,16,1,0,1,1,1,1785498793
2026-07-31T12:05:21Z,988,5,1,13,1,0,1,1,1,1785498402
2026-07-31T12:05:21Z,989,9,4,10,0,0,1,1,1,1785499207
2026-07-31T12:05:21Z,990,13,1,0,2,0,1,1,1,1785498442
2026-07-31T12:05:21Z,991,10,2,8,1,0,1,1,1,1785498121
2026-07-31T12:05:21Z,992,10,7,12,1,0,1,1,1,1785498998
2026-07-31T12:05:21Z,993,0,0,27,0,0,1,1,1,1785476008
2026-07-31T12:05:21Z,994,3,1,18,0,0,1,1,1,1785499216
2026-07-31T12:05:21Z,995,6,0,21,0,0,1,1,1,1785498435
2026-07-31T12:05:21Z,996,8,1,15,0,0,1,1,1,1785498232
2026-07-31T12:05:21Z,997,12,6,10,1,0,1,1,1,1785499324
2026-07-31T12:05:21Z,998,3,3,19,1,0,1,1,1,1785498546
2026-07-31T12:05:21Z,999,2,0,16,2,1,1,1,1,1785498311
2026-07-31T12:05:21Z,1000,5,2,16,0,0,1,1,1,1785499111
2026-07-31T12:05:21Z,1001,2,1,25,0,0,1,1,1,1785498575
2026-07-31T12:05:21Z,1002,2,2,27,2,0,1,1,1,1785498637
2026-07-31T12:05:21Z,1003,0,0,22,1,0,1,1,1,1785498192
2026-07-31T12:05:21Z,1004,8,1,15,0,0,1,1,1,1785499451
2026-07-31T12:05:21Z,1005,20,1,3,0,0,1,1,1,1785498381
2026-07-31T12:05:21Z,1006,7,4,11,1,0,1,1,1,1785498210
2026-07-31T12:05:21Z,1007,2,1,19,0,0,1,1,1,1785497844
2026-07-31T12:05:21Z,1008,6,5,15,2,0,1,1,1,1785499174
2026-07-31T12:05:21Z,1009,19,2,8,4,0,1,1,1,1785499038
2026-07-31T12:05:21Z,1010,7,2,20,0,0,1,1,1,1785498060
2026-07-31T12:05:21Z,1011,7,2,10,2,0,1,1,1,1785498584
2026-07-31T12:05:21Z,1012,4,3,18,1,0,1,1,1,1785498148
2026-07-31T12:05:21Z,1013,4,1,18,1,0,1,1,1,1785498738
2026-07-31T12:05:21Z,1014,7,2,13,3,0,1,1,1,1785498667
2026-07-31T12:05:21Z,1015,3,1,25,3,0,1,1,1,1785498959
2026-07-31T12:05:21Z,1016,10,5,21,0,0,1,1,1,1785498028
2026-07-31T12:05:21Z,1017,14,5,7,0,0,1,1,1,1785499369
2026-07-31T12:05:21Z,1018,7,2,15,0,0,1,1,1,1785498235
2026-07-31T12:05:21Z,1019,9,6,6,0,0,1,1,1,1785498151
2026-07-31T12:05:21Z,1020,18,3,3,0,0,1,1,1,1785499236
2026-07-31T12:05:21Z,1021,9,3,5,1,0,1,1,1,1785498952
2026-07-31T12:05:21Z,1022,14,0,13,0,0,1,1,1,1785498336
2026-07-31T12:05:21Z,1023,13,1,9,1,0,1,1,1,1785497972
2026-07-31T12:05:21Z,1024,6,2,12,1,0,1,1,1,1785498963
2026-07-31T12:05:21Z,1025,4,0,14,0,1,1,1,1,1785498304
2026-07-31T12:05:21Z,1026,7,4,18,6,0,1,1,1,1785499321
2026-07-31T12:05:21Z,1028,2,0,20,1,0,1,1,1,1785498327
2026-07-31T12:05:21Z,1029,10,9,4,1,0,1,1,1,1785499251
2026-07-31T12:05:21Z,1030,14,5,9,0,0,1,1,1,1785499012
2026-07-31T12:05:21Z,1031,8,0,11,0,0,1,1,1,1785499365
2026-07-31T12:05:21Z,1032,7,1,12,0,0,1,1,1,1785498215
2026-07-31T12:05:21Z,1033,9,5,8,2,0,1,1,1,1785499030
2026-07-31T12:05:21Z,1034,3,0,12,0,0,1,1,1,1785498222
2026-07-31T12:05:21Z,1035,1,0,16,2,0,1,1,1,1785498266
2026-07-31T12:05:21Z,1036,15,1,0,0,0,1,1,1,1785498803
2026-07-31T12:05:21Z,1037,5,0,13,1,0,1,1,1,1785498438
2026-07-31T12:05:21Z,1038,2,0,12,1,0,1,1,1,1785497921
2026-07-31T12:05:21Z,1039,7,2,12,0,0,1,1,1,1785498369
2026-07-31T12:05:21Z,1040,6,3,11,2,0,1,1,1,1785498255
2026-07-31T12:05:21Z,1041,10,3,8,1,0,1,1,1,1785498961
2026-07-31T12:05:21Z,1042,12,1,1,2,0,1,1,1,1785498455
2026-07-31T12:05:21Z,1043,11,0,5,3,0,1,1,1,1785498956
2026-07-31T12:05:21Z,1044,1,0,13,1,0,1,1,1,1785497975
2026-07-31T12:05:21Z,1045,10,0,9,0,0,1,1,1,1785498203
2026-07-31T12:05:21Z,1046,8,0,7,0,0,1,1,1,1785499413
2026-07-31T12:05:21Z,1047,5,0,16,0,0,1,1,1,1785498972
2026-07-31T12:05:21Z,1048,10,1,9,0,0,1,1,1,1785498179
2026-07-31T12:05:21Z,1049,5,0,16,0,0,1,1,1,1785498253
2026-07-31T12:05:21Z,1050,17,4,4,0,0,1,1,1,1785499347
2026-07-31T12:05:21Z,1051,8,3,13,0,0,1,1,1,1785499236
2026-07-31T12:05:21Z,1052,17,2,5,0,0,1,1,1,1785498047
2026-07-31T12:05:21Z,1053,2,1,13,0,0,1,1,1,1785498101
2026-07-31T12:05:21Z,1054,14,1,1,0,0,1,1,1,1785498361
2026-07-31T12:05:21Z,1055,6,0,13,0,0,1,1,1,1785498346
2026-07-31T12:05:21Z,1057,12,0,6,1,0,1,1,1,1785499279
2026-07-31T12:05:21Z,1058,4,0,51,1,0,1,1,1,1785499507
2026-07-31T12:05:21Z,1059,1,0,17,1,0,1,1,1,1785498231
2026-07-31T12:05:21Z,1060,30,0,7,0,0,1,1,1,1785499077
2026-07-31T12:05:21Z,1061,23,1,14,0,0,1,1,1,1785499485
2026-07-31T12:05:21Z,1062,11,1,6,0,0,1,1,1,1785499049
2026-07-31T12:05:21Z,1063,12,1,6,1,0,1,1,1,1785498258
2026-07-31T12:05:21Z,1064,3,0,19,1,0,1,1,1,1785498596
2026-07-31T12:05:21Z,1065,16,3,7,0,0,1,1,1,1785498838
2026-07-31T12:05:21Z,1066,10,2,13,0,0,1,1,1,1785498661
2026-07-31T12:05:21Z,1067,8,2,13,2,0,1,1,1,1785498930
2026-07-31T12:05:21Z,1068,8,2,13,2,0,1,1,1,1785498427
2026-07-31T12:05:21Z,1069,12,3,11,0,0,1,1,1,1785498471
2026-07-31T12:05:21Z,1070,12,2,11,0,0,1,1,1,1785498568
2026-07-31T12:05:21Z,1071,7,4,16,0,0,1,1,1,1785498607
2026-07-31T12:05:21Z,1072,11,1,11,1,0,1,1,1,1785499008
2026-07-31T12:05:21Z,1073,18,2,8,1,0,1,1,1,1785499038
2026-07-31T12:05:21Z,1074,1,0,51,1,0,1,1,1,1785499218
2026-07-31T12:05:21Z,1075,10,10,11,0,0,1,1,1,1785497975
2026-07-31T12:05:21Z,1076,15,12,6,0,0,1,1,1,1785499232
2026-07-31T12:05:21Z,1077,8,4,13,0,0,1,1,1,1785499044
2026-07-31T12:05:21Z,1078,11,10,10,0,0,1,1,1,1785499273
2026-07-31T12:05:21Z,1079,11,8,10,0,0,1,1,1,1785498082
2026-07-31T12:05:21Z,1080,10,8,10,1,0,1,1,1,1785498684
2026-07-31T12:05:21Z,1081,13,8,6,0,0,1,1,1,1785499063
2026-07-31T12:05:21Z,1082,7,7,1,0,0,1,1,1,1785498529
2026-07-31T12:05:21Z,1083,13,11,8,0,0,1,1,1,1785498352
2026-07-31T12:05:21Z,1084,9,8,12,0,0,1,1,1,1785497969
2026-07-31T12:05:21Z,1085,10,10,11,0,0,1,1,1,1785499442
2026-07-31T12:05:21Z,1086,4,1,16,1,0,1,1,1,1785498948
2026-07-31T12:05:21Z,1087,12,7,3,0,0,1,1,1,1785499315
2026-07-31T12:05:21Z,1088,9,7,6,0,0,1,1,1,1785498307
2026-07-31T12:05:21Z,1089,6,4,9,0,0,1,1,1,1785498840
2026-07-31T12:05:21Z,1090,9,8,6,0,0,1,1,1,1785499143
2026-07-31T12:05:21Z,1091,12,7,3,0,0,1,1,1,1785499056
2026-07-31T12:05:21Z,1092,9,9,5,1,0,1,1,1,1785498604
2026-07-31T12:05:21Z,1093,7,6,8,0,0,1,1,1,1785498964
2026-07-31T12:05:21Z,1094,12,10,6,1,0,1,1,1,1785498236
2026-07-31T12:05:21Z,1095,8,7,7,0,0,1,1,1,1785498901
2026-07-31T12:05:21Z,1096,3,1,15,1,0,1,1,1,1785498579
2026-07-31T12:05:21Z,1097,9,9,6,0,0,1,1,1,1785498789
2026-07-31T12:05:21Z,1098,9,7,10,0,0,1,1,1,1785499135
2026-07-31T12:05:21Z,1099,7,6,8,0,0,1,1,1,1785498048
2026-07-31T12:05:21Z,1100,8,4,21,0,0,1,1,1,1785493678
2026-07-31T12:05:21Z,1101,10,5,11,0,0,1,1,1,1785497946
2026-07-31T12:05:21Z,1102,9,4,4,0,0,1,1,1,1785499033
2026-07-31T12:05:21Z,1103,10,5,11,0,0,1,1,1,1785487895
2026-07-31T12:05:21Z,1104,10,5,11,0,0,1,1,1,1785497701
2026-07-31T12:05:21Z,1105,8,4,5,0,0,1,1,1,1785498920
2026-07-31T12:05:21Z,1106,10,5,11,0,0,1,1,1,1785498043
2026-07-31T12:05:21Z,1107,10,5,5,0,0,1,1,1,1785498324
2026-07-31T12:05:21Z,1108,8,4,16,2,1,1,1,1,1785498837
2026-07-31T12:05:21Z,1109,9,4,6,0,0,1,1,1,1785498278
2026-07-31T12:05:21Z,1110,12,4,9,0,0,1,1,1,1785499386
2026-07-31T12:05:21Z,1111,3,2,18,0,0,1,1,1,1785475740
2026-07-31T12:05:21Z,1112,38,0,15,0,0,1,1,1,1785498172
2026-07-31T12:05:21Z,1113,4,0,17,0,0,1,1,1,1785499334
2026-07-31T12:05:21Z,1115,16,5,4,3,0,1,1,1,1785498741
2026-07-31T12:05:21Z,1116,5,1,14,0,0,1,1,1,1785498233
2026-07-31T12:05:21Z,1117,18,6,3,2,0,1,1,1,1785499480
2026-07-31T12:05:21Z,1118,16,0,4,1,0,1,1,1,1785499400
2026-07-31T12:05:21Z,1119,13,1,4,0,0,1,1,1,1785499506
2026-07-31T12:05:21Z,1120,13,0,6,0,0,1,1,1,1785499354
2026-07-31T12:05:21Z,1121,7,1,10,4,0,1,1,1,1785499279
2026-07-31T12:05:21Z,1122,10,8,8,3,0,1,1,1,1785499455
2026-07-31T12:05:21Z,1123,7,3,14,2,0,1,1,1,1785497872
2026-07-31T12:05:21Z,1124,10,2,1,4,0,1,1,1,1785499258
2026-07-31T12:05:21Z,1125,15,1,8,0,0,1,1,1,1785498523
2026-07-31T12:05:21Z,1126,3,1,17,1,0,1,1,1,1785499399
2026-07-31T12:05:21Z,1127,6,1,12,1,0,1,1,1,1785498553
2026-07-31T12:05:21Z,1128,14,2,0,1,0,1,1,1,1785498231
2026-07-31T12:05:21Z,1129,1,1,19,1,0,1,1,1,1785497961
2026-07-31T12:05:21Z,1130,13,0,2,0,0,1,1,1,1785499242
2026-07-31T12:05:21Z,1131,5,0,43,1,0,1,1,1,1785499377
2026-07-31T12:05:21Z,1132,14,6,6,1,0,1,1,1,1785498104
2026-07-31T12:05:21Z,1133,16,12,3,2,0,1,1,1,1785499162
2026-07-31T12:05:21Z,1134,10,5,9,0,0,1,1,1,1785498740
2026-07-31T12:05:21Z,1135,10,5,11,0,0,1,1,1,1785497842
2026-07-31T12:05:21Z,1136,6,0,17,0,0,1,1,1,1785498413
2026-07-31T12:05:21Z,1137,14,1,1,0,0,1,1,1,1785499198
2026-07-31T12:05:21Z,1138,16,2,3,0,0,1,1,1,1785498194
2026-07-31T12:05:21Z,1139,17,4,3,1,0,1,1,1,1785498723
2026-07-31T12:05:21Z,1140,18,0,4,1,0,1,1,1,1785498955
2026-07-31T12:05:21Z,1141,7,1,14,0,0,1,1,1,1785499452
2026-07-31T12:05:21Z,1142,2,0,19,0,0,1,1,1,1785498871
2026-07-31T12:05:21Z,1143,11,0,18,0,0,1,1,1,1785498943
2026-07-31T12:05:21Z,1144,7,1,13,1,0,1,1,1,1785498471
2026-07-31T12:05:21Z,1145,10,5,10,1,0,1,1,1,1785498620
2026-07-31T12:05:21Z,1146,2,0,15,2,0,1,1,1,1785499509
2026-07-31T12:05:21Z,1147,5,1,14,0,0,1,1,1,1785498590
2026-07-31T12:05:21Z,1148,16,6,15,0,0,1,1,1,1785498967
2026-07-31T12:05:21Z,1149,2,2,23,0,0,1,1,1,1785499453
2026-07-31T12:05:21Z,1150,14,0,5,0,0,1,1,1,1785498025
2026-07-31T12:05:21Z,1151,13,0,8,0,0,1,1,1,1785498882
2026-07-31T12:05:21Z,1152,20,0,9,0,0,1,1,1,1785499505
2026-07-31T12:05:21Z,1153,20,6,2,1,0,1,1,1,1785499495
2026-07-31T12:05:21Z,1154,14,1,5,0,0,1,1,1,1785499472
2026-07-31T12:05:21Z,1155,16,7,4,1,0,1,1,1,1785498475
2026-07-31T12:05:21Z,1158,3,0,15,1,0,1,1,1,1785498122
2026-07-31T12:05:21Z,1159,13,1,6,0,0,1,1,1,1785498478
2026-07-31T12:05:21Z,1160,8,1,10,1,0,1,1,1,1785499326
2026-07-31T12:05:21Z,1161,4,0,14,1,0,1,1,1,1785498616
2026-07-31T12:05:21Z,1162,1,0,18,0,0,1,1,1,1785498863
2026-07-31T12:05:21Z,1163,1,1,17,1,0,1,1,1,1785498240
2026-07-31T12:05:21Z,1164,6,1,13,0,0,1,1,1,1785498298
2026-07-31T12:05:21Z,1165,5,0,16,0,0,1,1,1,1785499033
2026-07-31T12:05:21Z,1166,12,2,8,1,0,1,1,1,1785498551
2026-07-31T12:05:21Z,1167,4,0,11,0,0,1,1,1,1785498001
2026-07-31T12:05:21Z,1168,1,1,21,1,0,1,1,1,1785498500
2026-07-31T12:05:21Z,1169,3,0,15,1,0,1,1,1,1785498145
2026-07-31T12:05:21Z,1170,6,0,14,1,0,1,1,1,1785498520
2026-07-31T12:05:21Z,1171,7,6,15,1,0,1,1,1,1785498197
2026-07-31T12:05:21Z,1172,6,2,7,2,0,1,1,1,1785498423
2026-07-31T12:05:21Z,1173,13,5,6,0,0,1,1,1,1785498395
2026-07-31T12:05:21Z,1174,6,3,9,0,0,1,1,1,1785498071
2026-07-31T12:05:21Z,1175,4,2,15,0,0,1,1,1,1785498199
2026-07-31T12:05:21Z,1176,19,1,2,0,0,1,1,1,1785499419
2026-07-31T12:05:21Z,1177,3,1,18,0,0,1,1,1,1785499346
2026-07-31T12:05:21Z,1178,2,1,13,0,0,1,1,1,1785498033
2026-07-31T12:05:21Z,1181,11,0,3,1,0,1,1,1,1785497946
2026-07-31T12:05:21Z,1182,4,0,16,0,0,1,1,1,1785498635
2026-07-31T12:05:21Z,1183,12,1,31,2,0,1,1,1,1785499295
2026-07-31T12:05:21Z,1184,8,1,11,2,0,1,1,1,1785499509
2026-07-31T12:05:21Z,1185,10,5,11,0,0,1,1,1,1785499473
2026-07-31T12:05:21Z,1186,9,5,10,0,0,1,1,1,1785498664
2026-07-31T12:05:21Z,1187,10,5,10,1,0,1,1,1,1785499248
2026-07-31T12:05:21Z,1188,10,5,5,0,0,1,1,1,1785498329
2026-07-31T12:05:21Z,1189,11,6,8,0,0,1,1,1,1785499238
2026-07-31T12:05:21Z,1190,9,4,12,0,0,1,1,1,1785497821
2026-07-31T12:05:21Z,1191,10,5,5,0,0,1,1,1,1785498336
2026-07-31T12:05:21Z,1192,10,6,10,1,0,1,1,1,1785498189
2026-07-31T12:05:21Z,1193,6,4,5,2,0,1,1,1,1785499185
2026-07-31T12:05:21Z,1197,9,6,7,1,0,1,1,1,1785499117
2026-07-31T12:05:21Z,1198,14,4,5,2,0,1,1,1,1785498712
2026-07-31T12:05:21Z,1199,2,0,17,0,0,1,1,1,1785498735
2026-07-31T12:05:21Z,1200,10,5,5,0,0,1,1,1,1785498372
2026-07-31T12:05:21Z,1201,10,5,5,0,0,1,1,1,1785498349
2026-07-31T12:05:21Z,1202,10,5,5,0,0,1,1,1,1785498451
2026-07-31T12:05:21Z,1203,10,5,5,0,0,1,1,1,1785498349
2026-07-31T12:05:21Z,1204,8,4,11,0,0,1,1,1,1785498099
2026-07-31T12:05:21Z,1206,11,5,10,0,0,1,1,1,1785499135
2026-07-31T12:05:21Z,1207,8,4,6,1,0,1,1,1,1785498663
2026-07-31T12:05:21Z,1208,8,3,11,0,0,1,1,1,1785498578
2026-07-31T12:05:21Z,1216,8,0,12,1,0,1,1,1,1785499364
2026-07-31T12:05:21Z,1218,4,0,17,0,0,1,1,1,1785497942
2026-07-31T12:05:21Z,1219,6,1,8,1,0,1,1,1,1785497800
2026-07-31T12:05:21Z,1220,14,7,4,1,0,1,1,1,1785499399
2026-07-31T12:05:21Z,1221,1,1,19,1,0,1,1,1,1785499071
2026-07-31T12:05:21Z,1222,27,0,2,0,0,1,1,1,1785498870
2026-07-31T12:05:21Z,1223,20,1,9,0,0,1,1,1,1785499137
2026-07-31T12:05:21Z,1226,0,0,3,0,0,0,1,1,1781868931
2026-07-31T12:05:21Z,1227,20,1,5,0,0,1,1,1,1785498037
2026-07-31T12:05:21Z,1228,24,1,5,0,0,1,1,1,1785499390
2026-07-31T12:05:21Z,1229,36,3,8,1,0,1,1,1,1785499348
2026-07-31T12:10:21Z,1,4,0,19,0,0,1,1,1,1785499517
2026-07-31T12:10:21Z,2,13,0,11,3,0,1,1,1,1785499809
2026-07-31T12:10:21Z,3,7,1,6,1,0,1,1,1,1785499415
2026-07-31T12:10:21Z,4,4,0,17,1,0,1,1,1,1785499376
2026-07-31T12:10:21Z,5,11,3,11,1,0,1,1,1,1785497818
2026-07-31T12:10:21Z,6,5,0,10,0,0,1,1,1,1785499115
2026-07-31T12:10:21Z,7,6,0,33,0,0,1,1,1,1785499582
2026-07-31T12:10:21Z,8,6,1,37,0,0,1,1,1,1785498395
2026-07-31T12:10:21Z,9,4,1,17,2,0,1,1,1,1785499635
2026-07-31T12:10:21Z,10,0,0,21,2,0,1,1,1,1785496277
2026-07-31T12:10:21Z,11,16,4,2,1,0,1,1,1,1785499706
2026-07-31T12:10:21Z,12,2,1,21,0,0,1,1,1,1785499737
2026-07-31T12:10:21Z,13,11,0,19,0,0,1,1,1,1785488834
2026-07-31T12:10:21Z,14,9,0,33,0,1,1,1,1,1785499394
2026-07-31T12:10:21Z,15,2,0,13,0,0,1,1,1,1785496271
2026-07-31T12:10:21Z,16,8,0,16,2,1,1,1,1,1785487292
2026-07-31T12:10:21Z,17,1,0,25,1,0,1,1,1,1785499516
2026-07-31T12:10:21Z,18,2,0,14,2,0,1,1,1,1785499531
2026-07-31T12:10:21Z,19,12,2,14,1,0,1,1,1,1785499404
2026-07-31T12:10:21Z,20,29,0,6,0,0,1,1,1,1785499500
2026-07-31T12:10:21Z,21,11,1,7,1,0,1,1,1,1785499745
2026-07-31T12:10:21Z,22,20,0,44,1,0,1,1,1,1785499126
2026-07-31T12:10:21Z,23,16,6,15,0,0,1,1,1,1785499301
2026-07-31T12:10:21Z,24,2,2,7,2,0,1,1,1,1785499806
2026-07-31T12:10:21Z,25,10,2,70,0,1,1,1,1,1785499637
2026-07-31T12:10:21Z,26,4,1,23,0,0,1,1,1,1785499148
2026-07-31T12:10:21Z,28,12,2,3,0,0,1,1,1,1785499435
2026-07-31T12:10:21Z,30,2,1,26,1,0,1,1,1,1785498556
2026-07-31T12:10:21Z,31,2,0,15,2,0,1,1,1,1785499783
2026-07-31T12:10:21Z,32,9,0,18,0,0,1,1,1,1785499014
2026-07-31T12:10:21Z,34,14,2,22,1,0,1,1,1,1785499121
2026-07-31T12:10:21Z,35,11,2,35,1,0,1,1,1,1785499226
2026-07-31T12:10:21Z,36,0,0,0,0,0,0,1,1,86400
2026-07-31T12:10:21Z,37,1,0,22,0,0,1,1,1,1785499793
2026-07-31T12:10:21Z,38,9,1,14,0,0,1,1,1,1785499782
2026-07-31T12:10:21Z,39,22,4,17,0,0,1,1,1,1785498979
2026-07-31T12:10:21Z,40,19,1,2,0,0,1,1,1,1785499374
2026-07-31T12:10:21Z,41,8,2,34,1,0,1,1,1,1785499412
2026-07-31T12:10:21Z,42,27,8,4,0,0,1,1,1,1785499595
2026-07-31T12:10:21Z,43,3,0,20,0,0,1,1,1,1785499304
2026-07-31T12:10:21Z,45,7,4,21,1,0,1,1,1,1785499753
2026-07-31T12:10:21Z,46,7,0,24,0,0,1,1,1,1785499790
2026-07-31T12:10:21Z,47,10,6,4,1,0,1,1,1,1785499618
2026-07-31T12:10:21Z,48,4,0,23,0,0,1,1,1,1785499663
2026-07-31T12:10:21Z,49,10,0,11,2,0,1,1,1,1785499811
2026-07-31T12:10:21Z,50,17,11,2,0,0,1,1,1,1785499421
2026-07-31T12:10:21Z,51,41,0,35,1,0,1,1,1,1785499233
2026-07-31T12:10:21Z,52,4,0,20,3,0,1,1,1,1785499531
2026-07-31T12:10:21Z,55,5,0,18,0,0,1,1,1,1785499766
2026-07-31T12:10:21Z,56,0,0,42,1,0,1,1,1,1785499802
2026-07-31T12:10:21Z,57,3,1,24,0,0,1,1,1,1785498775
2026-07-31T12:10:21Z,58,5,1,23,0,0,1,1,1,1785499676
2026-07-31T12:10:21Z,59,24,3,1,2,0,1,1,1,1785499679
2026-07-31T12:10:21Z,61,3,1,36,0,0,1,1,1,1785499117
2026-07-31T12:10:21Z,62,18,6,30,1,0,1,1,1,1785499642
2026-07-31T12:10:21Z,63,8,0,11,0,0,1,1,1,1785498515
2026-07-31T12:10:21Z,64,11,1,4,4,0,1,1,1,1785497923
2026-07-31T12:10:21Z,65,17,8,1,1,0,1,1,1,1785499589
2026-07-31T12:10:21Z,67,18,0,21,0,0,1,1,1,1785499710
2026-07-31T12:10:21Z,68,12,0,25,0,0,1,1,1,1785499757
2026-07-31T12:10:21Z,69,9,0,6,0,0,1,1,1,1785499572
2026-07-31T12:10:21Z,71,5,1,21,1,0,1,1,1,1785499667
2026-07-31T12:10:21Z,72,25,6,3,2,1,1,1,1,1785499793
2026-07-31T12:10:21Z,73,3,1,28,0,0,1,1,1,1785499792
2026-07-31T12:10:21Z,74,8,5,11,0,0,1,1,1,1785499503
2026-07-31T12:10:21Z,75,5,0,26,1,0,1,1,1,1785497947
2026-07-31T12:10:21Z,76,8,0,10,1,0,1,1,1,1785499810
2026-07-31T12:10:21Z,77,23,0,3,1,0,1,1,1,1785498836
2026-07-31T12:10:21Z,78,8,5,14,1,0,1,1,1,1785499513
2026-07-31T12:10:21Z,79,2,2,14,1,0,1,1,1,1785498903
2026-07-31T12:10:21Z,80,16,1,4,3,0,1,1,1,1785499623
2026-07-31T12:10:21Z,81,6,1,25,0,0,1,1,1,1785499466
2026-07-31T12:10:21Z,82,13,0,10,0,0,1,1,1,1785499616
2026-07-31T12:10:21Z,83,6,1,27,1,0,1,1,1,1785499079
2026-07-31T12:10:21Z,84,22,0,5,0,0,1,1,1,1785499591
2026-07-31T12:10:21Z,85,5,1,10,0,0,1,1,1,1785499155
2026-07-31T12:10:21Z,86,25,0,1,1,0,1,1,1,1785499055
2026-07-31T12:10:21Z,87,12,0,7,0,0,1,1,1,1785499285
2026-07-31T12:10:21Z,88,6,1,35,2,0,1,1,1,1785499630
2026-07-31T12:10:21Z,89,10,0,25,0,0,1,1,1,1785499761
2026-07-31T12:10:21Z,90,6,3,10,2,0,1,1,1,1785499745
2026-07-31T12:10:21Z,91,17,0,0,0,0,1,1,1,1785498737
2026-07-31T12:10:21Z,92,6,1,10,3,0,1,1,1,1785499626
2026-07-31T12:10:21Z,93,0,0,23,0,0,1,1,1,1785498071
2026-07-31T12:10:21Z,94,4,0,14,1,0,1,1,1,1785499803
2026-07-31T12:10:21Z,95,24,0,9,1,1,1,1,1,1785499796
2026-07-31T12:10:21Z,96,24,0,6,1,0,1,1,1,1785499731
2026-07-31T12:10:21Z,97,1,0,15,1,0,1,1,1,1785499715
2026-07-31T12:10:21Z,98,26,0,9,0,0,1,1,1,1785499432
2026-07-31T12:10:21Z,99,0,0,15,0,0,1,1,1,1785499775
2026-07-31T12:10:21Z,100,0,0,27,0,0,1,1,1,1785499379
2026-07-31T12:10:21Z,101,1,0,12,3,0,1,1,1,1785499761
2026-07-31T12:10:21Z,102,1,0,22,0,0,1,1,1,1785499701
2026-07-31T12:10:21Z,103,9,0,21,0,0,1,1,1,1785499707
2026-07-31T12:10:21Z,104,0,0,25,2,0,1,1,1,1785499807
2026-07-31T12:10:21Z,105,14,1,5,0,0,1,1,1,1785495616
2026-07-31T12:10:21Z,106,5,0,16,0,0,1,1,1,1785499503
2026-07-31T12:10:21Z,107,9,3,28,0,0,1,1,1,1785499579
2026-07-31T12:10:21Z,108,4,0,31,0,0,1,1,1,1785499744
2026-07-31T12:10:21Z,109,22,0,1,0,0,1,1,1,1785499799
2026-07-31T12:10:21Z,110,11,0,12,0,0,1,1,1,1785499371
2026-07-31T12:10:21Z,111,4,1,32,0,0,1,1,1,1785498905
2026-07-31T12:10:21Z,112,0,0,14,1,0,1,1,1,1785499421
2026-07-31T12:10:21Z,113,7,0,10,2,0,1,1,1,1785499808
2026-07-31T12:10:21Z,114,26,6,3,1,1,1,1,1,1785499658
2026-07-31T12:10:21Z,115,8,3,19,1,0,1,1,1,1785499073
2026-07-31T12:10:21Z,116,21,8,5,1,0,1,1,1,1785499524
2026-07-31T12:10:21Z,118,19,8,3,1,0,1,1,1,1785499697
2026-07-31T12:10:21Z,119,22,0,12,4,0,1,1,1,1785499576
2026-07-31T12:10:21Z,120,17,0,9,1,0,1,1,1,1785499456
2026-07-31T12:10:21Z,121,0,0,18,0,1,1,1,1,1785499761
2026-07-31T12:10:21Z,122,6,1,14,1,0,1,1,1,1785498901
2026-07-31T12:10:21Z,123,11,2,36,0,0,1,1,1,1785498782
2026-07-31T12:10:21Z,124,25,0,10,0,0,1,1,1,1785499675
2026-07-31T12:10:21Z,125,8,3,15,0,0,1,1,1,1785499738
2026-07-31T12:10:21Z,126,24,2,7,0,0,1,1,1,1785498392
2026-07-31T12:10:21Z,127,27,1,6,2,0,1,1,1,1785499737
2026-07-31T12:10:21Z,128,16,1,3,0,0,1,1,1,1785498719
2026-07-31T12:10:21Z,129,10,0,8,1,0,1,1,1,1785499640
2026-07-31T12:10:21Z,130,5,1,12,0,0,1,1,1,1785495263
2026-07-31T12:10:21Z,131,7,3,2,2,0,1,1,1,1785499801
2026-07-31T12:10:21Z,132,13,6,1,0,1,1,1,1,1785494491
2026-07-31T12:10:21Z,134,3,0,16,4,0,1,1,1,1785499779
2026-07-31T12:10:21Z,135,6,4,12,1,0,1,1,1,1785499218
2026-07-31T12:10:21Z,136,5,0,10,1,7,1,1,1,1785499597
2026-07-31T12:10:21Z,137,9,2,10,0,0,1,1,1,1785499692
2026-07-31T12:10:21Z,138,31,0,6,0,0,1,1,1,1785499710
2026-07-31T12:10:21Z,139,8,2,11,0,0,1,1,1,1785499678
2026-07-31T12:10:21Z,140,4,4,18,1,0,1,1,1,1785499809
2026-07-31T12:10:21Z,141,26,0,10,0,0,1,1,1,1785499791
2026-07-31T12:10:21Z,142,17,0,6,0,0,1,1,1,1785499453
2026-07-31T12:10:21Z,143,4,0,27,0,0,1,1,1,1785499797
2026-07-31T12:10:21Z,144,17,0,10,0,0,1,1,1,1785499369
2026-07-31T12:10:21Z,146,3,0,19,1,0,1,1,1,1785499109
2026-07-31T12:10:21Z,147,13,2,4,2,0,1,1,1,1785499707
2026-07-31T12:10:21Z,148,19,1,7,0,1,1,1,1,1785499741
2026-07-31T12:10:21Z,149,17,3,10,0,0,1,1,1,1785499590
2026-07-31T12:10:21Z,150,18,6,14,3,0,1,1,1,1785499621
2026-07-31T12:10:21Z,151,13,4,10,0,0,1,1,1,1785499807
2026-07-31T12:10:21Z,152,15,3,8,4,0,1,1,1,1785499768
2026-07-31T12:10:21Z,153,3,0,22,6,0,1,1,1,1785499791
2026-07-31T12:10:21Z,154,12,4,8,3,0,1,1,1,1785499716
2026-07-31T12:10:21Z,155,11,4,2,1,0,1,1,1,1785499728
2026-07-31T12:10:21Z,156,3,0,16,0,0,1,1,1,1785499129
2026-07-31T12:10:21Z,157,8,0,17,2,0,1,1,1,1785499807
2026-07-31T12:10:21Z,158,12,2,4,0,0,1,1,1,1785499371
2026-07-31T12:10:21Z,159,0,0,19,0,0,1,1,1,1785497085
2026-07-31T12:10:21Z,160,10,0,9,0,0,1,1,1,1785499260
2026-07-31T12:10:21Z,161,20,4,2,0,0,1,1,1,1785499733
2026-07-31T12:10:21Z,162,15,1,11,1,0,1,1,1,1785499014
2026-07-31T12:10:21Z,163,19,0,11,0,1,1,1,1,1785499691
2026-07-31T12:10:21Z,164,21,5,6,0,0,1,1,1,1785499513
2026-07-31T12:10:21Z,165,22,11,8,1,0,1,1,1,1785499761
2026-07-31T12:10:21Z,166,28,8,8,3,0,1,1,1,1785499812
2026-07-31T12:10:21Z,167,13,7,9,1,0,1,1,1,1785499721
2026-07-31T12:10:21Z,168,23,3,1,3,0,1,1,1,1785499724
2026-07-31T12:10:21Z,169,3,0,18,1,1,1,1,1,1785499630
2026-07-31T12:10:21Z,170,15,5,3,1,0,1,1,1,1785499758
2026-07-31T12:10:21Z,171,8,2,3,2,0,1,1,1,1785499597
2026-07-31T12:10:21Z,173,36,1,3,0,0,1,1,1,1785499782
2026-07-31T12:10:21Z,174,18,1,6,2,0,1,1,1,1785499570
2026-07-31T12:10:21Z,175,8,0,23,0,0,1,1,1,1785499387
2026-07-31T12:10:21Z,176,5,1,8,1,1,1,1,1,1785499342
2026-07-31T12:10:21Z,177,13,1,14,0,0,1,1,1,1785499484
2026-07-31T12:10:21Z,178,0,0,12,2,1,1,1,1,1785499810
2026-07-31T12:10:21Z,179,6,0,8,1,0,1,1,1,1785499777
2026-07-31T12:10:21Z,180,4,1,26,0,0,1,1,1,1785499665
2026-07-31T12:10:21Z,181,12,1,3,0,0,1,1,1,1785499190
2026-07-31T12:10:21Z,182,8,0,9,0,0,1,1,1,1785497660
2026-07-31T12:10:21Z,183,7,0,15,1,0,1,1,1,1785499752
2026-07-31T12:10:21Z,184,6,1,16,1,0,1,1,1,1785499510
2026-07-31T12:10:21Z,185,10,0,2,2,1,1,1,1,1785499132
2026-07-31T12:10:21Z,186,3,1,16,0,0,1,1,1,1785499732
2026-07-31T12:10:21Z,187,11,0,16,1,0,1,1,1,1785499637
2026-07-31T12:10:21Z,188,7,0,12,7,1,1,1,1,1785499672
2026-07-31T12:10:21Z,189,10,2,4,1,0,1,1,1,1785499042
2026-07-31T12:10:21Z,190,9,3,14,0,0,1,1,1,1785499629
2026-07-31T12:10:21Z,191,6,0,33,0,0,1,1,1,1785499378
2026-07-31T12:10:21Z,192,9,1,19,3,0,1,1,1,1785498719
2026-07-31T12:10:21Z,193,1,1,14,0,0,1,1,1,1785499520
2026-07-31T12:10:21Z,194,13,2,13,1,0,1,1,1,1785498469
2026-07-31T12:10:21Z,195,9,2,10,0,0,1,1,1,1785499470
2026-07-31T12:10:21Z,196,11,1,15,1,0,1,1,1,1785499550
2026-07-31T12:10:21Z,197,17,8,1,0,1,1,1,1,1785499807
2026-07-31T12:10:21Z,198,17,15,6,0,0,1,1,1,1785499672
2026-07-31T12:10:21Z,199,7,4,7,1,0,1,1,1,1785499740
2026-07-31T12:10:21Z,200,12,1,13,1,0,1,1,1,1785499114
2026-07-31T12:10:21Z,201,20,1,2,1,0,1,1,1,1785499157
2026-07-31T12:10:21Z,202,2,1,25,0,0,1,1,1,1785498972
2026-07-31T12:10:21Z,203,28,2,2,1,0,1,1,1,1785499378
2026-07-31T12:10:21Z,204,22,0,12,1,0,1,1,1,1785499542
2026-07-31T12:10:21Z,205,9,1,18,0,0,1,1,1,1785499404
2026-07-31T12:10:21Z,206,0,0,15,0,0,1,1,1,1785499612
2026-07-31T12:10:21Z,207,9,0,12,0,0,1,1,1,1785499197
2026-07-31T12:10:21Z,208,9,1,20,0,0,1,1,1,1785499804
2026-07-31T12:10:21Z,209,1,0,28,2,0,1,1,1,1785499654
2026-07-31T12:10:21Z,210,18,1,9,0,0,1,1,1,1785499755
2026-07-31T12:10:21Z,211,9,4,12,2,0,1,1,1,1785499770
2026-07-31T12:10:21Z,212,24,0,10,1,0,1,1,1,1785499684
2026-07-31T12:10:21Z,213,8,0,13,2,0,1,1,1,1785499638
2026-07-31T12:10:21Z,214,16,0,28,3,0,1,1,1,1785499810
2026-07-31T12:10:21Z,215,4,2,18,1,0,1,1,1,1785497789
2026-07-31T12:10:21Z,216,7,0,11,1,0,1,1,1,1785499452
2026-07-31T12:10:21Z,217,10,0,18,1,0,1,1,1,1785499683
2026-07-31T12:10:21Z,218,21,7,17,1,0,1,1,1,1785499492
2026-07-31T12:10:21Z,219,13,2,11,2,0,1,1,1,1785499768
2026-07-31T12:10:21Z,220,21,4,21,0,1,1,1,1,1785499647
2026-07-31T12:10:21Z,221,6,6,8,1,0,1,1,1,1785499808
2026-07-31T12:10:21Z,222,12,12,7,0,0,1,1,1,1785499246
2026-07-31T12:10:21Z,223,15,3,16,4,0,1,1,1,1785499718
2026-07-31T12:10:21Z,224,8,4,14,0,0,1,1,1,1785499705
2026-07-31T12:10:21Z,225,12,1,1,6,0,1,1,1,1785498882
2026-07-31T12:10:21Z,226,29,9,0,2,0,1,1,1,1785499491
2026-07-31T12:10:21Z,227,22,14,3,1,1,1,1,1,1785499247
2026-07-31T12:10:21Z,228,0,0,18,1,0,1,1,1,1785498078
2026-07-31T12:10:21Z,230,12,5,14,0,0,1,1,1,1785499488
2026-07-31T12:10:21Z,232,10,5,6,1,0,1,1,1,1785499737
2026-07-31T12:10:21Z,233,16,1,13,2,0,1,1,1,1785499798
2026-07-31T12:10:21Z,234,8,4,6,3,2,1,1,1,1785499808
2026-07-31T12:10:21Z,236,7,1,12,0,0,1,1,1,1785499217
2026-07-31T12:10:21Z,237,16,5,6,1,0,1,1,1,1785499672
2026-07-31T12:10:21Z,239,23,18,1,3,0,1,1,1,1785499446
2026-07-31T12:10:21Z,241,16,6,6,1,0,1,1,1,1785499273
2026-07-31T12:10:21Z,242,12,4,9,2,0,1,1,1,1785499733
2026-07-31T12:10:21Z,243,14,3,16,1,0,1,1,1,1785499548
2026-07-31T12:10:21Z,244,12,3,14,1,0,1,1,1,1785499574
2026-07-31T12:10:21Z,245,4,4,19,0,0,1,1,1,1785498521
2026-07-31T12:10:21Z,246,19,2,4,0,0,1,1,1,1785499630
2026-07-31T12:10:21Z,247,10,10,12,1,0,1,1,1,1785498683
2026-07-31T12:10:21Z,248,18,3,3,2,0,1,1,1,1785499716
2026-07-31T12:10:21Z,249,0,0,18,1,0,1,1,1,1785498769
2026-07-31T12:10:21Z,250,21,6,6,0,0,1,1,1,1785499373
2026-07-31T12:10:21Z,251,17,5,8,2,0,1,1,1,1785499793
2026-07-31T12:10:21Z,253,6,2,13,0,0,1,1,1,1785498769
2026-07-31T12:10:21Z,254,18,18,24,1,0,1,1,1,1785499585
2026-07-31T12:10:21Z,255,0,0,22,0,1,1,1,1,1785499527
2026-07-31T12:10:21Z,256,5,5,16,2,0,1,1,1,1785498702
2026-07-31T12:10:21Z,257,7,5,12,0,0,1,1,1,1785499766
2026-07-31T12:10:21Z,258,19,0,0,0,0,1,1,1,1785499102
2026-07-31T12:10:21Z,259,18,2,4,0,1,1,1,1,1785498956
2026-07-31T12:10:21Z,260,9,2,7,3,0,1,1,1,1785498497
2026-07-31T12:10:21Z,261,11,0,6,1,1,1,1,1,1785498984
2026-07-31T12:10:21Z,262,12,8,10,1,0,1,1,1,1785499589
2026-07-31T12:10:21Z,263,9,0,6,0,0,1,1,1,1785498191
2026-07-31T12:10:21Z,264,8,2,8,3,0,1,1,1,1785499406
2026-07-31T12:10:21Z,265,11,0,4,0,0,1,1,1,1785498197
2026-07-31T12:10:21Z,266,12,8,5,2,0,1,1,1,1785499203
2026-07-31T12:10:21Z,267,5,2,8,2,0,1,1,1,1785498393
2026-07-31T12:10:21Z,268,23,9,0,0,0,1,1,1,1785498953
2026-07-31T12:10:21Z,269,8,3,15,0,0,1,1,1,1785496011
2026-07-31T12:10:21Z,270,21,1,6,0,0,1,1,1,1785499237
2026-07-31T12:10:21Z,271,4,0,13,2,0,1,1,1,1785498598
2026-07-31T12:10:21Z,272,11,11,11,1,0,1,1,1,1785499789
2026-07-31T12:10:21Z,273,8,3,7,0,0,1,1,1,1785499498
2026-07-31T12:10:21Z,274,13,5,5,1,0,1,1,1,1785499631
2026-07-31T12:10:21Z,275,16,0,7,0,0,1,1,1,1785498573
2026-07-31T12:10:21Z,276,1,1,26,0,0,1,1,1,1785499630
2026-07-31T12:10:21Z,277,13,1,5,5,0,1,1,1,1785499454
2026-07-31T12:10:21Z,278,9,1,19,2,1,1,1,1,1785499808
2026-07-31T12:10:21Z,279,12,0,7,0,0,1,1,1,1785498811
2026-07-31T12:10:21Z,280,10,2,18,3,0,1,1,1,1785499529
2026-07-31T12:10:21Z,281,19,0,0,0,0,1,1,1,1785486089
2026-07-31T12:10:21Z,282,5,2,13,0,0,1,1,1,1785484887
2026-07-31T12:10:21Z,283,28,0,7,0,0,1,1,1,1785498512
2026-07-31T12:10:21Z,284,12,0,21,2,0,1,1,1,1785499682
2026-07-31T12:10:21Z,285,8,7,15,0,0,1,1,1,1785499668
2026-07-31T12:10:21Z,286,12,11,7,4,0,1,1,1,1785499725
2026-07-31T12:10:21Z,287,17,5,4,2,0,1,1,1,1785499239
2026-07-31T12:10:21Z,288,10,7,9,0,0,1,1,1,1785499046
2026-07-31T12:10:21Z,289,19,2,5,3,0,1,1,1,1785499683
2026-07-31T12:10:21Z,290,6,0,32,1,0,1,1,1,1785499455
2026-07-31T12:10:21Z,291,6,1,16,1,0,1,1,1,1785499392
2026-07-31T12:10:21Z,292,22,1,0,1,0,1,1,1,1785498331
2026-07-31T12:10:21Z,293,14,10,9,0,0,1,1,1,1785499315
2026-07-31T12:10:21Z,294,1,1,20,1,0,1,1,1,1785493458
2026-07-31T12:10:21Z,297,13,3,3,2,1,1,1,1,1785499491
2026-07-31T12:10:21Z,301,14,0,5,0,0,1,1,1,1785499686
2026-07-31T12:10:21Z,302,5,0,18,0,0,1,1,1,1785499355
2026-07-31T12:10:21Z,303,13,0,6,0,0,1,1,1,1785499757
2026-07-31T12:10:21Z,304,0,0,0,0,0,0,1,1,86400
2026-07-31T12:10:21Z,305,2,0,16,1,0,1,1,1,1785499805
2026-07-31T12:10:21Z,306,6,2,26,0,0,1,1,1,1785499378
2026-07-31T12:10:21Z,307,18,0,3,1,1,1,1,1,1785499644
2026-07-31T12:10:21Z,308,16,0,1,2,0,1,1,1,1785498549
2026-07-31T12:10:21Z,309,13,3,1,0,0,1,1,1,1785499188
2026-07-31T12:10:21Z,311,12,0,3,0,0,1,1,1,1785499096
2026-07-31T12:10:21Z,312,3,2,16,3,1,1,1,1,1785499653
2026-07-31T12:10:21Z,313,3,1,12,0,0,1,1,1,1785486991
2026-07-31T12:10:21Z,314,5,3,10,3,0,1,1,1,1785499801
2026-07-31T12:10:21Z,315,20,4,9,2,0,1,1,1,1785499104
2026-07-31T12:10:21Z,316,0,0,25,5,1,1,1,1,1785499593
2026-07-31T12:10:21Z,317,20,1,10,0,1,1,1,1,1785499500
2026-07-31T12:10:21Z,318,16,0,3,0,0,1,1,1,1785486991
2026-07-31T12:10:21Z,319,17,2,4,2,0,1,1,1,1785499506
2026-07-31T12:10:21Z,320,13,4,5,1,0,1,1,1,1785499324
2026-07-31T12:10:21Z,321,9,2,6,4,0,1,1,1,1785499759
2026-07-31T12:10:21Z,322,6,2,23,0,0,1,1,1,1785498748
2026-07-31T12:10:21Z,323,10,0,9,0,0,1,1,1,1785499027
2026-07-31T12:10:21Z,324,23,3,3,1,0,1,1,1,1785499807
2026-07-31T12:10:21Z,325,6,3,18,3,0,1,1,1,1785498047
2026-07-31T12:10:21Z,327,23,0,3,1,0,1,1,1,1785499794
2026-07-31T12:10:21Z,328,11,0,10,1,0,1,1,1,1785499599
2026-07-31T12:10:21Z,329,15,0,2,2,0,1,1,1,1785499663
2026-07-31T12:10:21Z,330,0,0,21,1,0,1,1,1,1785499285
2026-07-31T12:10:21Z,331,10,2,12,1,0,1,1,1,1785499799
2026-07-31T12:10:21Z,332,10,2,7,2,0,1,1,1,1785499715
2026-07-31T12:10:21Z,333,16,0,6,1,0,1,1,1,1785499705
2026-07-31T12:10:21Z,334,8,8,15,0,0,1,1,1,1785498007
2026-07-31T12:10:21Z,335,4,2,18,0,1,1,1,1,1785499796
2026-07-31T12:10:21Z,336,15,2,4,0,0,1,1,1,1785499722
2026-07-31T12:10:21Z,337,14,3,4,5,0,1,1,1,1785499510
2026-07-31T12:10:21Z,338,14,7,5,0,0,1,1,1,1785499650
2026-07-31T12:10:21Z,339,11,6,11,1,0,1,1,1,1785499766
2026-07-31T12:10:21Z,340,11,11,3,1,0,1,1,1,1785499405
2026-07-31T12:10:21Z,341,2,0,17,0,0,1,1,1,1785499209
2026-07-31T12:10:21Z,342,12,3,1,2,0,1,1,1,1785499757
2026-07-31T12:10:21Z,343,18,1,4,1,0,1,1,1,1785499720
2026-07-31T12:10:21Z,344,21,9,2,0,0,1,1,1,1785499531
2026-07-31T12:10:21Z,345,15,2,4,0,0,1,1,1,1785498696
2026-07-31T12:10:21Z,346,9,5,14,0,0,1,1,1,1785499178
2026-07-31T12:10:21Z,347,37,3,6,1,0,1,1,1,1785499696
2026-07-31T12:10:21Z,348,21,2,0,1,1,1,1,1,1785499761
2026-07-31T12:10:21Z,349,9,2,10,0,0,1,1,1,1785499808
2026-07-31T12:10:21Z,350,19,3,6,1,1,1,1,1,1785498754
2026-07-31T12:10:21Z,351,15,2,5,3,0,1,1,1,1785499756
2026-07-31T12:10:21Z,355,18,1,5,0,0,1,1,1,1785498549
2026-07-31T12:10:21Z,356,16,1,2,1,0,1,1,1,1785499278
2026-07-31T12:10:21Z,357,7,4,11,1,0,1,1,1,1785499724
2026-07-31T12:10:21Z,358,19,4,7,1,0,1,1,1,1785498480
2026-07-31T12:10:21Z,359,16,0,11,0,0,1,1,1,1785499140
2026-07-31T12:10:21Z,360,12,2,5,2,0,1,1,1,1785498772
2026-07-31T12:10:21Z,362,11,2,4,4,0,1,1,1,1785499791
2026-07-31T12:10:21Z,363,4,0,23,0,0,1,1,1,1785499274
2026-07-31T12:10:21Z,364,16,3,3,0,0,1,1,1,1785498287
2026-07-31T12:10:21Z,365,10,0,9,4,0,1,1,1,1785499693
2026-07-31T12:10:21Z,366,0,0,16,7,0,1,1,1,1785499761
2026-07-31T12:10:21Z,367,14,9,4,1,0,1,1,1,1785497713
2026-07-31T12:10:21Z,368,16,4,5,2,0,1,1,1,1785499475
2026-07-31T12:10:21Z,370,7,6,20,0,0,1,1,1,1785499775
2026-07-31T12:10:21Z,371,3,0,15,1,0,1,1,1,1785499659
2026-07-31T12:10:21Z,372,4,0,11,0,0,1,1,1,1785499229
2026-07-31T12:10:21Z,373,26,9,1,0,0,1,1,1,1785499191
2026-07-31T12:10:21Z,374,12,6,5,2,0,1,1,1,1785499800
2026-07-31T12:10:21Z,375,17,5,6,4,0,1,1,1,1785499791
2026-07-31T12:10:21Z,376,31,7,4,4,0,1,1,1,1785499726
2026-07-31T12:10:21Z,377,19,7,7,1,0,1,1,1,1785499484
2026-07-31T12:10:21Z,378,14,4,8,1,1,1,1,1,1785499714
2026-07-31T12:10:21Z,379,13,1,14,0,0,1,1,1,1785498738
2026-07-31T12:10:21Z,380,18,6,5,0,0,1,1,1,1785499042
2026-07-31T12:10:21Z,381,4,0,19,0,0,1,1,1,1785499462
2026-07-31T12:10:21Z,383,3,0,11,1,0,1,1,1,1785499669
2026-07-31T12:10:21Z,384,20,0,5,2,0,1,1,1,1785499574
2026-07-31T12:10:21Z,385,14,4,3,1,0,1,1,1,1785499529
2026-07-31T12:10:21Z,387,20,2,3,0,0,1,1,1,1785496960
2026-07-31T12:10:21Z,388,25,4,24,0,0,1,1,1,1785499775
2026-07-31T12:10:21Z,389,8,6,7,0,0,1,1,1,1785499055
2026-07-31T12:10:21Z,390,15,0,20,0,0,1,1,1,1785499453
2026-07-31T12:10:21Z,391,3,1,11,1,0,1,1,1,1785499433
2026-07-31T12:10:21Z,392,2,2,16,1,0,1,1,1,1785499698
2026-07-31T12:10:21Z,393,3,3,5,3,0,1,1,1,1785487292
2026-07-31T12:10:21Z,394,6,4,5,2,0,1,1,1,1785498256
2026-07-31T12:10:21Z,396,16,6,23,3,0,1,1,1,1785499735
2026-07-31T12:10:21Z,397,6,5,25,0,0,1,1,1,1785499681
2026-07-31T12:10:21Z,399,10,0,5,2,0,1,1,1,1785499688
2026-07-31T12:10:21Z,400,11,6,9,3,0,1,1,1,1785499046
2026-07-31T12:10:21Z,401,2,0,29,8,0,1,1,1,1785498953
2026-07-31T12:10:21Z,403,18,0,9,4,0,1,1,1,1785499788
2026-07-31T12:10:21Z,404,4,1,19,0,0,1,1,1,1785499717
2026-07-31T12:10:21Z,406,1,1,33,1,0,1,1,1,1785499451
2026-07-31T12:10:21Z,407,18,3,15,1,0,1,1,1,1785499747
2026-07-31T12:10:21Z,408,15,3,16,2,0,1,1,1,1785499687
2026-07-31T12:10:21Z,409,2,0,18,3,0,1,1,1,1785498301
2026-07-31T12:10:21Z,413,19,4,3,1,0,1,1,1,1785499535
2026-07-31T12:10:21Z,414,8,2,6,1,0,1,1,1,1785498855
2026-07-31T12:10:21Z,417,6,5,13,0,0,1,1,1,1785499345
2026-07-31T12:10:21Z,418,6,0,9,0,0,1,1,1,1785499788
2026-07-31T12:10:21Z,419,11,0,11,1,0,1,1,1,1785499805
2026-07-31T12:10:21Z,421,2,0,17,0,0,1,1,1,1785499382
2026-07-31T12:10:21Z,422,4,3,22,1,0,1,1,1,1785493261
2026-07-31T12:10:21Z,423,1,1,22,0,0,1,1,1,1785499631
2026-07-31T12:10:21Z,424,5,2,7,3,0,1,1,1,1785499761
2026-07-31T12:10:21Z,425,16,0,5,0,1,1,1,1,1785497662
2026-07-31T12:10:21Z,426,5,0,28,4,0,1,1,1,1785499621
2026-07-31T12:10:21Z,427,10,1,4,1,0,1,1,1,1785499659
2026-07-31T12:10:21Z,428,17,2,1,1,0,1,1,1,1785499619
2026-07-31T12:10:21Z,429,2,2,19,2,0,1,1,1,1785499160
2026-07-31T12:10:21Z,430,28,1,0,3,0,1,1,1,1785498350
2026-07-31T12:10:21Z,431,15,0,17,1,0,1,1,1,1785499590
2026-07-31T12:10:21Z,432,15,0,14,2,0,0,1,1,1785499644
2026-07-31T12:10:21Z,433,18,5,3,2,0,1,1,1,1785495888
2026-07-31T12:10:21Z,437,4,4,14,1,0,1,1,1,1785499750
2026-07-31T12:10:21Z,438,17,1,0,2,0,1,1,1,1785499780
2026-07-31T12:10:21Z,439,3,0,11,1,0,1,1,1,1785499738
2026-07-31T12:10:21Z,440,9,1,4,2,0,1,1,1,1785499638
2026-07-31T12:10:21Z,441,12,1,2,1,0,1,1,1,1785498631
2026-07-31T12:10:21Z,442,18,10,0,1,0,1,1,1,1785498676
2026-07-31T12:10:21Z,443,4,2,23,0,0,1,1,1,1785485488
2026-07-31T12:10:21Z,444,3,2,20,0,0,1,1,1,1785499224
2026-07-31T12:10:21Z,445,7,2,15,1,0,1,1,1,1785499548
2026-07-31T12:10:21Z,446,0,0,22,1,0,1,1,1,1785494652
2026-07-31T12:10:21Z,447,3,0,18,1,1,1,1,1,1785496389
2026-07-31T12:10:21Z,448,8,3,6,1,0,1,1,1,1785499469
2026-07-31T12:10:21Z,452,4,3,14,1,0,1,1,1,1785499581
2026-07-31T12:10:21Z,453,5,5,9,1,0,1,1,1,1785499396
2026-07-31T12:10:21Z,454,8,0,11,0,0,1,1,1,1785498523
2026-07-31T12:10:21Z,455,3,2,36,0,0,1,1,1,1785499773
2026-07-31T12:10:21Z,456,8,1,10,2,0,1,1,1,1785499794
2026-07-31T12:10:21Z,457,24,2,1,2,0,1,1,1,1785497302
2026-07-31T12:10:21Z,458,12,4,11,0,0,1,1,1,1785499509
2026-07-31T12:10:21Z,459,13,0,2,0,0,1,1,1,1785499809
2026-07-31T12:10:21Z,460,15,1,7,1,0,1,1,1,1785499369
2026-07-31T12:10:21Z,461,7,2,12,0,0,1,1,1,1785498939
2026-07-31T12:10:21Z,462,16,2,5,0,0,1,1,1,1785499705
2026-07-31T12:10:21Z,463,9,0,10,0,0,1,1,1,1785499420
2026-07-31T12:10:21Z,464,1,0,13,0,0,1,1,1,1785499810
2026-07-31T12:10:21Z,465,0,0,14,1,0,1,1,1,1785496369
2026-07-31T12:10:21Z,466,12,3,1,2,0,1,1,1,1785497185
2026-07-31T12:10:21Z,467,1,1,18,0,0,1,1,1,1785497262
2026-07-31T12:10:21Z,468,17,1,1,1,0,1,1,1,1785485789
2026-07-31T12:10:21Z,469,0,0,23,0,0,1,1,1,1785498649
2026-07-31T12:10:21Z,470,10,2,4,1,0,1,1,1,1785499795
2026-07-31T12:10:21Z,471,22,2,5,0,0,1,1,1,1785487895
2026-07-31T12:10:21Z,472,12,4,5,2,0,1,1,1,1785499809
2026-07-31T12:10:21Z,473,18,4,0,1,0,1,1,1,1785497996
2026-07-31T12:10:21Z,474,13,0,5,1,0,1,1,1,1785499707
2026-07-31T12:10:21Z,475,7,2,12,0,0,1,1,1,1785499261
2026-07-31T12:10:21Z,477,6,4,8,1,0,1,1,1,1785499812
2026-07-31T12:10:21Z,478,12,0,18,1,0,1,1,1,1785499738
2026-07-31T12:10:21Z,479,6,0,20,1,0,1,1,1,1785499012
2026-07-31T12:10:21Z,480,3,0,9,3,0,1,1,1,1785499233
2026-07-31T12:10:21Z,481,32,1,2,1,0,1,1,1,1785499778
2026-07-31T12:10:21Z,482,16,6,3,0,0,1,1,1,1785498411
2026-07-31T12:10:21Z,483,2,0,23,2,0,1,1,1,1785499586
2026-07-31T12:10:21Z,484,1,1,17,1,0,1,1,1,1785499693
2026-07-31T12:10:21Z,485,14,6,3,1,1,1,1,1,1785499655
2026-07-31T12:10:21Z,486,5,3,19,3,0,1,1,1,1785499654
2026-07-31T12:10:21Z,487,0,0,18,1,0,1,1,1,1785499667
2026-07-31T12:10:21Z,489,2,2,12,1,0,1,1,1,1785499340
2026-07-31T12:10:21Z,490,4,2,12,0,0,1,1,1,1785498856
2026-07-31T12:10:21Z,491,4,1,17,0,0,1,1,1,1785498928
2026-07-31T12:10:21Z,492,4,2,3,4,0,1,1,1,1785499811
2026-07-31T12:10:21Z,493,2,1,24,1,0,1,1,1,1785499457
2026-07-31T12:10:21Z,495,9,0,3,3,0,1,1,1,1785498768
2026-07-31T12:10:21Z,496,21,1,6,0,0,1,1,1,1785498738
2026-07-31T12:10:21Z,497,8,0,10,1,0,1,1,1,1785499607
2026-07-31T12:10:21Z,498,17,0,5,1,0,1,1,1,1785498883
2026-07-31T12:10:21Z,499,16,0,2,1,0,1,1,1,1785498891
2026-07-31T12:10:21Z,500,4,2,5,6,0,1,1,1,1785499537
2026-07-31T12:10:21Z,501,13,6,8,0,0,1,1,1,1785499745
2026-07-31T12:10:21Z,502,6,0,13,0,0,1,1,1,1785499369
2026-07-31T12:10:21Z,503,22,0,8,1,0,1,1,1,1785498798
2026-07-31T12:10:21Z,504,6,1,33,0,0,1,1,1,1785499757
2026-07-31T12:10:21Z,505,5,0,6,1,0,1,1,1,1785499433
2026-07-31T12:10:21Z,511,8,3,15,0,0,1,1,1,1785499509
2026-07-31T12:10:21Z,512,16,1,11,0,0,1,1,1,1785499787
2026-07-31T12:10:21Z,514,5,0,5,1,0,1,1,1,1785499759
2026-07-31T12:10:21Z,515,2,0,17,0,0,1,1,1,1785497478
2026-07-31T12:10:21Z,516,8,1,19,0,0,1,1,1,1785499052
2026-07-31T12:10:21Z,517,11,1,11,1,0,1,1,1,1785499069
2026-07-31T12:10:21Z,518,13,0,1,1,0,1,1,1,1785499590
2026-07-31T12:10:21Z,519,2,0,15,2,0,1,1,1,1785497842
2026-07-31T12:10:21Z,520,9,5,12,5,1,1,1,1,1785499812
2026-07-31T12:10:21Z,521,17,4,6,0,0,1,1,1,1785497490
2026-07-31T12:10:21Z,522,0,0,22,1,0,1,1,1,1785496158
2026-07-31T12:10:21Z,523,5,3,17,1,0,1,1,1,1785499698
2026-07-31T12:10:21Z,524,3,0,20,0,0,1,1,1,1785499801
2026-07-31T12:10:21Z,525,8,0,11,0,0,1,1,1,1785498932
2026-07-31T12:10:21Z,526,13,1,0,2,0,1,1,1,1785486390
2026-07-31T12:10:21Z,527,6,3,17,3,0,1,1,1,1785499689
2026-07-31T12:10:21Z,528,19,1,3,1,0,1,1,1,1785498176
2026-07-31T12:10:21Z,529,7,4,6,6,0,1,1,1,1785499812
2026-07-31T12:10:21Z,530,10,0,9,2,0,1,1,1,1785499413
2026-07-31T12:10:21Z,531,15,0,6,1,1,1,1,1,1785499709
2026-07-31T12:10:21Z,532,3,3,27,1,0,1,1,1,1785499165
2026-07-31T12:10:21Z,533,3,0,15,1,0,1,1,1,1785499531
2026-07-31T12:10:21Z,534,9,1,13,1,0,1,1,1,1785499797
2026-07-31T12:10:21Z,535,2,0,13,0,0,1,1,1,1785499670
2026-07-31T12:10:21Z,536,18,0,5,0,0,1,1,1,1785499655
2026-07-31T12:10:21Z,537,6,1,14,0,0,1,1,1,1785499372
2026-07-31T12:10:21Z,538,13,4,8,0,2,1,1,1,1785499765
2026-07-31T12:10:21Z,539,5,5,26,0,0,1,1,1,1785498487
2026-07-31T12:10:21Z,540,2,1,17,0,0,1,1,1,1785499801
2026-07-31T12:10:21Z,541,14,0,12,1,0,1,1,1,1785499638
2026-07-31T12:10:21Z,542,18,6,4,1,0,1,1,1,1785499772
2026-07-31T12:10:21Z,543,17,3,1,1,0,1,1,1,1785499361
2026-07-31T12:10:21Z,544,5,1,13,4,0,1,1,1,1785499662
2026-07-31T12:10:21Z,545,2,0,15,2,0,1,1,1,1785498561
2026-07-31T12:10:21Z,546,7,5,12,0,0,1,1,1,1785499641
2026-07-31T12:10:21Z,547,17,1,8,0,0,1,1,1,1785499434
2026-07-31T12:10:21Z,548,13,1,10,0,0,1,1,1,1785499245
2026-07-31T12:10:21Z,549,18,0,5,0,0,1,1,1,1785499675
2026-07-31T12:10:21Z,550,4,0,15,0,0,1,1,1,1785499501
2026-07-31T12:10:21Z,551,11,4,12,0,0,1,1,1,1785498819
2026-07-31T12:10:21Z,552,24,2,3,0,0,1,1,1,1785499350
2026-07-31T12:10:21Z,553,12,4,10,0,1,1,1,1,1785499681
2026-07-31T12:10:21Z,554,2,1,17,0,0,1,1,1,1785499811
2026-07-31T12:10:21Z,555,13,5,1,1,0,1,1,1,1785499646
2026-07-31T12:10:21Z,556,18,4,3,2,0,1,1,1,1785499802
2026-07-31T12:10:21Z,557,8,4,10,5,0,1,1,1,1785499811
2026-07-31T12:10:21Z,558,29,4,8,0,0,1,1,1,1785499804
2026-07-31T12:10:21Z,559,1,1,16,2,0,1,1,1,1785499024
2026-07-31T12:10:21Z,560,8,0,18,1,0,1,1,1,1785499074
2026-07-31T12:10:21Z,561,13,0,9,1,0,1,1,1,1785499311
2026-07-31T12:10:21Z,562,3,0,29,3,0,1,1,1,1785486691
2026-07-31T12:10:21Z,563,8,0,6,0,0,1,1,1,1785499160
2026-07-31T12:10:21Z,564,6,0,12,1,0,1,1,1,1785499527
2026-07-31T12:10:21Z,565,7,1,12,0,0,1,1,1,1785499782
2026-07-31T12:10:21Z,566,15,1,3,1,0,1,1,1,1785499807
2026-07-31T12:10:21Z,567,14,1,12,1,0,1,1,1,1785499801
2026-07-31T12:10:21Z,568,16,0,2,1,0,1,1,1,1785499731
2026-07-31T12:10:21Z,569,15,2,4,0,0,1,1,1,1785499264
2026-07-31T12:10:21Z,570,3,0,15,1,0,1,1,1,1785499683
2026-07-31T12:10:21Z,571,10,0,13,0,0,1,1,1,1785499376
2026-07-31T12:10:21Z,572,11,4,7,1,0,1,1,1,1785499213
2026-07-31T12:10:21Z,573,7,0,8,0,0,1,1,1,1785499263
2026-07-31T12:10:21Z,574,4,1,11,0,0,1,1,1,1785499467
2026-07-31T12:10:21Z,575,5,0,15,1,0,1,1,1,1785499518
2026-07-31T12:10:21Z,576,4,1,13,2,0,1,1,1,1785499681
2026-07-31T12:10:21Z,577,18,0,13,0,0,1,1,1,1785499356
2026-07-31T12:10:21Z,578,10,9,12,1,0,1,1,1,1785499451
2026-07-31T12:10:21Z,579,6,0,37,0,0,1,1,1,1785498642
2026-07-31T12:10:21Z,580,0,0,29,0,0,1,1,1,1785498895
2026-07-31T12:10:21Z,581,10,0,9,0,0,1,1,1,1785498326
2026-07-31T12:10:21Z,582,18,0,42,1,0,1,1,1,1785499807
2026-07-31T12:10:21Z,583,20,0,2,1,0,1,1,1,1785499690
2026-07-31T12:10:21Z,584,5,4,9,5,0,1,1,1,1785499323
2026-07-31T12:10:21Z,585,9,2,17,0,1,1,1,1,1785499785
2026-07-31T12:10:21Z,586,9,0,26,0,0,1,1,1,1785499538
2026-07-31T12:10:21Z,587,10,0,13,1,0,1,1,1,1785499712
2026-07-31T12:10:21Z,588,9,3,7,2,1,1,1,1,1785499535
2026-07-31T12:10:21Z,589,9,6,12,1,0,1,1,1,1785499616
2026-07-31T12:10:21Z,590,15,2,15,1,0,1,1,1,1785498994
2026-07-31T12:10:21Z,591,16,0,12,2,0,1,1,1,1785499764
2026-07-31T12:10:21Z,592,11,0,12,0,0,1,1,1,1785498834
2026-07-31T12:10:21Z,593,4,0,34,0,0,1,1,1,1785499659
2026-07-31T12:10:21Z,594,6,1,13,2,0,1,1,1,1785499599
2026-07-31T12:10:21Z,595,0,0,3,0,0,0,1,1,1784046673
2026-07-31T12:10:21Z,605,0,0,2,1,0,0,1,1,1783975843
2026-07-31T12:10:21Z,606,0,0,0,0,0,0,1,1,86400
2026-07-31T12:10:21Z,607,20,3,11,1,0,1,1,1,1785499620
2026-07-31T12:10:21Z,608,8,2,42,0,0,1,1,1,1785499757
2026-07-31T12:10:21Z,609,16,10,7,0,0,1,1,1,1785499787
2026-07-31T12:10:21Z,610,2,2,33,0,0,1,1,1,1785499025
2026-07-31T12:10:21Z,611,6,0,20,1,0,1,1,1,1785499697
2026-07-31T12:10:21Z,612,7,1,8,0,0,1,1,1,1785498548
2026-07-31T12:10:21Z,613,9,0,2,4,0,1,1,1,1785489318
2026-07-31T12:10:21Z,614,4,2,20,2,1,1,1,1,1785499517
2026-07-31T12:10:21Z,617,9,1,4,2,0,1,1,1,1785499571
2026-07-31T12:10:21Z,618,10,1,5,4,0,1,1,1,1785499307
2026-07-31T12:10:21Z,619,3,2,16,0,0,1,1,1,1785497984
2026-07-31T12:10:21Z,620,6,1,21,0,0,1,1,1,1785499661
2026-07-31T12:10:21Z,621,4,3,18,1,0,1,1,1,1785499750
2026-07-31T12:10:21Z,622,8,3,14,1,0,1,1,1,1785499599
2026-07-31T12:10:21Z,623,10,4,19,1,0,1,1,1,1785499631
2026-07-31T12:10:21Z,624,0,0,15,0,0,1,1,1,1785499735
2026-07-31T12:10:21Z,625,3,0,16,2,0,1,1,1,1785497695
2026-07-31T12:10:21Z,626,9,0,36,0,2,1,1,1,1785499533
2026-07-31T12:10:21Z,627,14,6,5,0,0,1,1,1,1785493197
2026-07-31T12:10:21Z,628,1,1,14,2,2,1,1,1,1785499766
2026-07-31T12:10:21Z,629,4,1,6,1,0,1,1,1,1785499509
2026-07-31T12:10:21Z,630,3,2,21,3,0,1,1,1,1785499649
2026-07-31T12:10:21Z,631,5,2,18,0,0,1,1,1,1785499059
2026-07-31T12:10:21Z,632,20,0,1,2,0,1,1,1,1785492884
2026-07-31T12:10:21Z,633,12,1,0,3,0,1,1,1,1785499726
2026-07-31T12:10:21Z,634,10,2,9,0,0,1,1,1,1785498289
2026-07-31T12:10:21Z,635,15,1,4,0,0,1,1,1,1785497505
2026-07-31T12:10:21Z,636,10,2,5,0,0,1,1,1,1785488201
2026-07-31T12:10:21Z,637,8,1,10,1,0,1,1,1,1785499729
2026-07-31T12:10:21Z,638,6,1,11,2,0,1,1,1,1785498868
2026-07-31T12:10:21Z,639,6,1,11,2,0,1,1,1,1785498928
2026-07-31T12:10:21Z,640,7,5,15,1,0,1,1,1,1785499719
2026-07-31T12:10:21Z,641,16,0,8,2,0,1,1,1,1785499650
2026-07-31T12:10:21Z,642,3,3,7,9,0,1,1,1,1785499808
2026-07-31T12:10:21Z,643,2,0,18,7,0,1,1,1,1785499811
2026-07-31T12:10:21Z,644,12,0,2,1,0,1,1,1,1785486991
2026-07-31T12:10:21Z,645,11,0,10,1,1,1,1,1,1785499783
2026-07-31T12:10:21Z,646,7,2,12,0,0,1,1,1,1785499526
2026-07-31T12:10:21Z,647,28,2,3,0,0,1,1,1,1785498670
2026-07-31T12:10:21Z,648,6,0,12,1,0,1,1,1,1785497783
2026-07-31T12:10:21Z,649,19,2,11,1,0,1,1,1,1785499115
2026-07-31T12:10:21Z,650,5,1,9,0,0,1,1,1,1785488201
2026-07-31T12:10:21Z,651,7,7,16,0,0,1,1,1,1785496786
2026-07-31T12:10:21Z,652,2,2,19,2,0,1,1,1,1785499635
2026-07-31T12:10:21Z,653,8,2,10,1,0,1,1,1,1785498189
2026-07-31T12:10:21Z,654,2,2,13,0,0,1,1,1,1785488202
2026-07-31T12:10:21Z,655,7,3,1,4,1,1,1,1,1785499596
2026-07-31T12:10:21Z,656,16,6,3,0,0,1,1,1,1785499592
2026-07-31T12:10:21Z,657,9,1,4,2,2,1,1,1,1785499609
2026-07-31T12:10:21Z,658,9,1,1,0,0,1,1,1,1785473427
2026-07-31T12:10:21Z,659,7,3,6,2,0,1,1,1,1785498650
2026-07-31T12:10:21Z,660,12,0,15,4,0,1,1,1,1785499560
2026-07-31T12:10:21Z,661,1,1,18,0,0,1,1,1,1785499424
2026-07-31T12:10:21Z,662,4,3,16,3,0,1,1,1,1785499187
2026-07-31T12:10:21Z,663,13,6,1,1,0,1,1,1,1785499767
2026-07-31T12:10:21Z,664,2,0,25,0,0,1,1,1,1785499085
2026-07-31T12:10:21Z,665,12,3,3,0,0,1,1,1,1785488202
2026-07-31T12:10:21Z,666,8,2,5,2,0,1,1,1,1785495733
2026-07-31T12:10:21Z,667,0,0,19,0,0,1,1,1,1785486991
2026-07-31T12:10:21Z,668,9,1,10,0,0,1,1,1,1785499356
2026-07-31T12:10:21Z,669,12,5,2,0,0,1,1,1,1785498348
2026-07-31T12:10:21Z,670,7,1,20,0,0,1,1,1,1785498993
2026-07-31T12:10:21Z,671,26,5,0,1,0,1,1,1,1785498199
2026-07-31T12:10:21Z,672,12,2,7,3,1,1,1,1,1785491597
2026-07-31T12:10:21Z,673,19,2,3,1,0,1,1,1,1785499766
2026-07-31T12:10:21Z,674,4,1,16,3,0,1,1,1,1785499628
2026-07-31T12:10:21Z,675,11,6,2,2,0,1,1,1,1785499756
2026-07-31T12:10:21Z,676,11,1,10,1,0,1,1,1,1785499601
2026-07-31T12:10:21Z,681,10,2,2,3,0,1,1,1,1785499806
2026-07-31T12:10:21Z,682,4,1,14,1,0,1,1,1,1785486991
2026-07-31T12:10:21Z,683,3,1,16,0,0,1,1,1,1785499114
2026-07-31T12:10:21Z,684,2,0,25,0,0,1,1,1,1785498876
2026-07-31T12:10:21Z,685,8,0,17,1,1,1,1,1,1785498843
2026-07-31T12:10:21Z,686,8,0,16,3,0,1,1,1,1785499628
2026-07-31T12:10:21Z,687,11,0,18,1,1,1,1,1,1785499640
2026-07-31T12:10:21Z,688,10,0,2,7,0,1,1,1,1785499714
2026-07-31T12:10:21Z,692,2,2,19,0,0,1,1,1,1785499746
2026-07-31T12:10:21Z,693,6,0,2,3,0,1,1,1,1785498043
2026-07-31T12:10:21Z,694,9,5,12,0,0,1,1,1,1785499628
2026-07-31T12:10:21Z,695,12,8,11,0,0,1,1,1,1785499784
2026-07-31T12:10:21Z,696,18,14,3,2,0,1,1,1,1785499711
2026-07-31T12:10:21Z,697,10,0,13,0,0,1,1,1,1785499327
2026-07-31T12:10:21Z,698,18,0,9,0,0,1,1,1,1785499735
2026-07-31T12:10:21Z,699,7,0,7,1,0,1,1,1,1785498359
2026-07-31T12:10:21Z,700,19,4,0,0,0,1,1,1,1785499278
2026-07-31T12:10:21Z,701,15,6,4,0,0,1,1,1,1785499748
2026-07-31T12:10:21Z,702,16,1,6,1,0,1,1,1,1785499558
2026-07-31T12:10:21Z,704,6,1,9,0,0,1,1,1,1785499779
2026-07-31T12:10:21Z,705,3,1,10,2,0,1,1,1,1785499551
2026-07-31T12:10:21Z,706,12,2,0,3,0,1,1,1,1785499705
2026-07-31T12:10:21Z,707,8,1,7,0,0,1,1,1,1785498513
2026-07-31T12:10:21Z,708,15,2,3,1,0,1,1,1,1785499722
2026-07-31T12:10:21Z,709,9,0,3,3,0,1,1,1,1785498558
2026-07-31T12:10:21Z,710,15,4,3,1,0,1,1,1,1785499786
2026-07-31T12:10:21Z,711,19,3,0,4,0,1,1,1,1785499361
2026-07-31T12:10:21Z,712,7,6,8,0,0,1,1,1,1785499725
2026-07-31T12:10:21Z,713,5,0,18,0,0,1,1,1,1785499014
2026-07-31T12:10:21Z,716,3,2,12,0,0,1,1,1,1785498247
2026-07-31T12:10:21Z,717,4,2,18,3,0,1,1,1,1785498335
2026-07-31T12:10:21Z,718,6,1,8,1,0,1,1,1,1785498284
2026-07-31T12:10:21Z,719,8,2,21,0,0,1,1,1,1785499316
2026-07-31T12:10:21Z,720,1,0,18,0,0,1,1,1,1785499089
2026-07-31T12:10:21Z,721,0,0,21,2,0,1,1,1,1785499692
2026-07-31T12:10:21Z,722,5,0,10,0,0,1,1,1,1785498292
2026-07-31T12:10:21Z,723,12,1,11,0,0,1,1,1,1785498392
2026-07-31T12:10:21Z,724,9,4,14,0,0,1,1,1,1785499670
2026-07-31T12:10:21Z,725,14,4,8,1,0,1,1,1,1785499561
2026-07-31T12:10:21Z,726,16,2,3,0,0,1,1,1,1785499507
2026-07-31T12:10:21Z,727,8,3,12,3,0,1,1,1,1785499301
2026-07-31T12:10:21Z,728,9,0,5,1,0,1,1,1,1785498838
2026-07-31T12:10:21Z,729,0,0,19,0,0,1,1,1,1785499719
2026-07-31T12:10:21Z,730,3,2,10,2,0,1,1,1,1785499432
2026-07-31T12:10:21Z,731,9,3,5,1,0,1,1,1,1785498548
2026-07-31T12:10:21Z,732,7,5,8,0,0,1,1,1,1785499586
2026-07-31T12:10:21Z,733,3,2,24,0,0,1,1,1,1785499707
2026-07-31T12:10:21Z,734,0,0,13,1,0,1,1,1,1785499529
2026-07-31T12:10:21Z,735,3,3,24,0,0,1,1,1,1785499327
2026-07-31T12:10:21Z,736,6,0,12,1,0,1,1,1,1785498981
2026-07-31T12:10:21Z,737,4,3,10,0,1,1,1,1,1785498981
2026-07-31T12:10:21Z,738,16,4,1,2,0,1,1,1,1785498963
2026-07-31T12:10:21Z,739,20,2,6,1,0,1,1,1,1785498616
2026-07-31T12:10:21Z,741,6,0,17,0,0,1,1,1,1785499773
2026-07-31T12:10:21Z,742,4,0,29,2,0,1,1,1,1785499713
2026-07-31T12:10:21Z,743,10,4,8,1,0,1,1,1,1785499099
2026-07-31T12:10:21Z,744,9,3,5,1,0,1,1,1,1785499246
2026-07-31T12:10:21Z,745,13,4,5,1,0,1,1,1,1785499261
2026-07-31T12:10:21Z,746,7,0,14,2,0,1,1,1,1785499669
2026-07-31T12:10:21Z,747,0,0,4,0,0,0,1,1,1783446606
2026-07-31T12:10:21Z,748,10,1,13,0,0,1,1,1,1785498248
2026-07-31T12:10:21Z,749,7,5,15,1,0,1,1,1,1785499568
2026-07-31T12:10:21Z,750,4,1,7,0,0,1,1,1,1785499557
2026-07-31T12:10:21Z,751,11,0,12,0,0,1,1,1,1785499489
2026-07-31T12:10:21Z,752,15,1,1,1,0,1,1,1,1785498699
2026-07-31T12:10:21Z,753,2,1,13,0,0,1,1,1,1785499702
2026-07-31T12:10:21Z,754,4,2,10,1,0,1,1,1,1785499782
2026-07-31T12:10:21Z,755,12,3,10,1,0,1,1,1,1785499452
2026-07-31T12:10:21Z,756,14,9,23,0,0,1,1,1,1785499731
2026-07-31T12:10:21Z,757,16,9,3,0,0,1,1,1,1785498224
2026-07-31T12:10:21Z,758,18,2,5,0,0,1,1,1,1785499679
2026-07-31T12:10:21Z,759,0,0,0,0,0,1,1,1,86400
2026-07-31T12:10:21Z,760,9,4,10,0,0,1,1,1,1785499338
2026-07-31T12:10:21Z,761,20,0,2,1,0,1,1,1,1785499708
2026-07-31T12:10:21Z,762,5,3,5,5,0,1,1,1,1785498522
2026-07-31T12:10:21Z,768,8,0,8,3,0,1,1,1,1785499473
2026-07-31T12:10:21Z,769,16,12,3,0,0,1,1,1,1785499508
2026-07-31T12:10:21Z,770,11,3,6,2,0,1,1,1,1785499043
2026-07-31T12:10:21Z,771,12,2,2,1,0,1,1,1,1785498925
2026-07-31T12:10:21Z,772,8,1,7,0,0,1,1,1,1785499091
2026-07-31T12:10:21Z,773,15,4,4,0,0,1,1,1,1785498942
2026-07-31T12:10:21Z,774,8,5,4,3,0,1,1,1,1785498926
2026-07-31T12:10:21Z,775,7,0,10,1,1,1,1,1,1785494713
2026-07-31T12:10:21Z,776,3,1,17,1,0,1,1,1,1785499281
2026-07-31T12:10:21Z,777,10,0,2,3,0,1,1,1,1785499024
2026-07-31T12:10:21Z,778,13,0,3,3,0,1,1,1,1785498969
2026-07-31T12:10:21Z,779,8,1,10,1,0,1,1,1,1785498044
2026-07-31T12:10:21Z,780,18,2,0,1,0,1,1,1,1785499457
2026-07-31T12:10:21Z,781,4,0,5,2,0,1,1,1,1785499765
2026-07-31T12:10:21Z,782,4,3,11,4,0,1,1,1,1785498761
2026-07-31T12:10:21Z,783,6,0,13,0,0,1,1,1,1785498027
2026-07-31T12:10:21Z,784,19,2,0,0,0,1,1,1,1785499451
2026-07-31T12:10:21Z,785,10,2,3,6,0,1,1,1,1785499290
2026-07-31T12:10:21Z,786,12,5,7,0,0,1,1,1,1785499673
2026-07-31T12:10:21Z,787,10,5,3,2,0,1,1,1,1785499296
2026-07-31T12:10:21Z,788,3,0,12,0,0,1,1,1,1785498515
2026-07-31T12:10:21Z,789,9,2,2,4,0,1,1,1,1785498741
2026-07-31T12:10:21Z,790,3,0,20,0,0,1,1,1,1785499738
2026-07-31T12:10:21Z,791,7,0,11,0,1,1,1,1,1785498709
2026-07-31T12:10:21Z,793,4,0,10,1,0,1,1,1,1785498878
2026-07-31T12:10:21Z,794,15,8,12,2,0,1,1,1,1785499674
2026-07-31T12:10:21Z,796,1,0,16,2,0,1,1,1,1785498692
2026-07-31T12:10:21Z,797,1,0,14,0,0,1,1,1,1785499482
2026-07-31T12:10:21Z,798,12,1,12,1,0,1,1,1,1785499289
2026-07-31T12:10:21Z,799,14,1,2,3,0,1,1,1,1785498659
2026-07-31T12:10:21Z,800,9,0,11,1,0,1,1,1,1785499401
2026-07-31T12:10:21Z,801,12,6,8,1,0,1,1,1,1785499703
2026-07-31T12:10:21Z,802,9,0,22,0,0,1,1,1,1785498843
2026-07-31T12:10:21Z,803,1,1,14,0,0,1,1,1,1785498483
2026-07-31T12:10:21Z,806,5,2,10,0,0,1,1,1,1785499578
2026-07-31T12:10:21Z,807,13,1,10,2,0,1,1,1,1785499172
2026-07-31T12:10:21Z,808,3,1,20,2,0,1,1,1,1785499242
2026-07-31T12:10:21Z,809,4,0,18,1,0,1,1,1,1785498672
2026-07-31T12:10:21Z,810,2,0,13,4,0,1,1,1,1785499113
2026-07-31T12:10:21Z,815,0,0,10,4,1,1,1,1,1785499338
2026-07-31T12:10:21Z,817,10,4,5,0,0,1,1,1,1785498406
2026-07-31T12:10:21Z,818,4,0,18,1,0,1,1,1,1785499738
2026-07-31T12:10:21Z,819,6,4,9,0,0,1,1,1,1785487291
2026-07-31T12:10:21Z,820,8,2,9,0,0,1,1,1,1785499726
2026-07-31T12:10:21Z,821,2,1,13,0,0,1,1,1,1785498839
2026-07-31T12:10:21Z,822,6,0,16,1,0,1,1,1,1785499185
2026-07-31T12:10:21Z,823,1,1,14,0,0,1,1,1,1785499061
2026-07-31T12:10:21Z,824,11,5,8,0,0,1,1,1,1785499599
2026-07-31T12:10:21Z,825,8,5,7,0,0,1,1,1,1785495662
2026-07-31T12:10:21Z,826,15,3,2,2,0,1,1,1,1785499628
2026-07-31T12:10:21Z,827,15,4,5,1,0,1,1,1,1785499142
2026-07-31T12:10:21Z,828,13,0,4,1,0,1,1,1,1785499336
2026-07-31T12:10:21Z,829,15,6,12,0,0,1,1,1,1785498065
2026-07-31T12:10:21Z,830,17,2,5,1,0,1,1,1,1785499116
2026-07-31T12:10:21Z,831,6,2,8,1,0,1,1,1,1785498278
2026-07-31T12:10:21Z,832,10,3,5,3,0,1,1,1,1785498627
2026-07-31T12:10:21Z,833,0,0,18,1,0,1,1,1,1785499094
2026-07-31T12:10:21Z,834,6,0,17,1,0,1,1,1,1785499701
2026-07-31T12:10:21Z,835,11,4,5,2,0,1,1,1,1785499683
2026-07-31T12:10:21Z,837,5,1,0,10,0,1,1,1,1785498360
2026-07-31T12:10:21Z,838,15,5,0,0,0,1,1,1,1785499022
2026-07-31T12:10:21Z,839,6,1,23,0,0,1,1,1,1785499789
2026-07-31T12:10:21Z,840,11,4,17,1,0,1,1,1,1785499512
2026-07-31T12:10:21Z,841,7,1,8,0,0,1,1,1,1785498272
2026-07-31T12:10:21Z,842,6,1,17,0,0,1,1,1,1785499577
2026-07-31T12:10:21Z,843,8,0,22,1,0,1,1,1,1785498359
2026-07-31T12:10:21Z,844,5,0,18,0,0,1,1,1,1785499308
2026-07-31T12:10:21Z,845,5,3,12,2,0,1,1,1,1785498468
2026-07-31T12:10:21Z,846,5,1,13,1,0,1,1,1,1785499805
2026-07-31T12:10:21Z,847,7,1,20,0,0,1,1,1,1785499229
2026-07-31T12:10:21Z,848,8,3,10,1,0,1,1,1,1785498928
2026-07-31T12:10:21Z,849,6,1,8,1,0,1,1,1,1785499541
2026-07-31T12:10:21Z,850,8,0,1,2,0,1,1,1,1785499525
2026-07-31T12:10:21Z,851,8,6,27,2,0,1,1,1,1785499583
2026-07-31T12:10:21Z,852,12,6,7,0,0,1,1,1,1785498177
2026-07-31T12:10:21Z,853,10,5,13,0,0,1,1,1,1785499068
2026-07-31T12:10:21Z,854,3,2,12,0,0,1,1,1,1785499118
2026-07-31T12:10:21Z,855,25,0,2,0,0,1,1,1,1785497123
2026-07-31T12:10:21Z,857,5,3,14,0,0,1,1,1,1785499664
2026-07-31T12:10:21Z,858,4,1,14,1,0,1,1,1,1785498845
2026-07-31T12:10:21Z,859,4,0,16,1,0,1,1,1,1785499062
2026-07-31T12:10:21Z,861,8,1,2,1,0,1,1,1,1785488201
2026-07-31T12:10:21Z,862,2,2,13,0,0,1,1,1,1785498301
2026-07-31T12:10:21Z,863,13,0,5,1,0,1,1,1,1785488200
2026-07-31T12:10:21Z,866,11,3,8,0,0,1,1,1,1785498619
2026-07-31T12:10:21Z,867,13,1,2,0,0,1,1,1,1785499727
2026-07-31T12:10:21Z,868,12,2,3,0,0,1,1,1,1785498132
2026-07-31T12:10:21Z,870,7,4,6,2,0,1,1,1,1785498352
2026-07-31T12:10:21Z,871,0,0,10,1,0,1,1,1,1785499532
2026-07-31T12:10:21Z,872,0,0,14,1,0,1,1,1,1785498269
2026-07-31T12:10:21Z,873,9,3,23,1,0,1,1,1,1785499336
2026-07-31T12:10:21Z,874,2,0,10,3,0,1,1,1,1785498981
2026-07-31T12:10:21Z,875,15,11,0,0,0,1,1,1,1785499343
2026-07-31T12:10:21Z,877,12,10,5,2,0,1,1,1,1785499707
2026-07-31T12:10:21Z,878,4,3,14,1,0,1,1,1,1785498470
2026-07-31T12:10:21Z,879,3,1,16,0,0,1,1,1,1785499327
2026-07-31T12:10:21Z,880,1,0,21,1,0,1,1,1,1785499340
2026-07-31T12:10:21Z,881,1,1,18,0,0,1,1,1,1785498543
2026-07-31T12:10:21Z,882,10,0,6,3,0,1,1,1,1785488200
2026-07-31T12:10:21Z,883,11,6,8,0,0,1,1,1,1785498579
2026-07-31T12:10:21Z,884,10,7,11,0,0,1,1,1,1785499704
2026-07-31T12:10:21Z,885,1,0,18,0,0,1,1,1,1785498162
2026-07-31T12:10:21Z,886,17,1,11,1,0,1,1,1,1785499766
2026-07-31T12:10:21Z,887,4,1,10,3,0,1,1,1,1785499287
2026-07-31T12:10:21Z,888,19,1,20,1,1,1,1,1,1785499611
2026-07-31T12:10:21Z,889,10,0,7,2,0,1,1,1,1785499439
2026-07-31T12:10:21Z,890,6,4,9,0,0,1,1,1,1785489632
2026-07-31T12:10:21Z,891,21,0,2,0,0,1,1,1,1785499485
2026-07-31T12:10:21Z,892,13,1,2,0,0,1,1,1,1785488200
2026-07-31T12:10:21Z,895,0,0,18,1,0,1,1,1,1785489208
2026-07-31T12:10:21Z,896,7,1,28,0,0,1,1,1,1785499697
2026-07-31T12:10:21Z,897,11,1,10,0,0,1,1,1,1785498363
2026-07-31T12:10:21Z,898,3,0,16,0,0,1,1,1,1785498081
2026-07-31T12:10:21Z,899,0,0,18,1,0,1,1,1,1785499128
2026-07-31T12:10:21Z,900,10,0,15,2,0,1,1,1,1785499326
2026-07-31T12:10:21Z,901,7,0,11,1,0,1,1,1,1785499671
2026-07-31T12:10:21Z,902,8,0,6,1,0,1,1,1,1785498012
2026-07-31T12:10:21Z,903,13,2,5,1,0,1,1,1,1785499298
2026-07-31T12:10:21Z,904,9,4,9,1,0,1,1,1,1785498473
2026-07-31T12:10:21Z,905,9,2,18,0,0,1,1,1,1785499326
2026-07-31T12:10:21Z,906,1,0,26,0,0,1,1,1,1785499349
2026-07-31T12:10:21Z,907,3,1,28,0,0,1,1,1,1785499768
2026-07-31T12:10:21Z,908,8,0,15,0,0,1,1,1,1785499100
2026-07-31T12:10:21Z,909,6,0,16,1,0,1,1,1,1785498996
2026-07-31T12:10:21Z,910,8,0,23,0,0,1,1,1,1785499740
2026-07-31T12:10:21Z,911,5,2,14,0,0,1,1,1,1785499269
2026-07-31T12:10:21Z,912,13,4,8,2,0,1,1,1,1785499689
2026-07-31T12:10:21Z,913,4,1,15,0,0,1,1,1,1785499263
2026-07-31T12:10:21Z,914,8,1,11,0,0,1,1,1,1785498915
2026-07-31T12:10:21Z,915,7,0,15,1,0,1,1,1,1785499315
2026-07-31T12:10:21Z,916,23,8,0,0,0,1,1,1,1785499232
2026-07-31T12:10:21Z,917,15,5,19,1,0,1,1,1,1785499256
2026-07-31T12:10:21Z,918,6,1,11,2,0,1,1,1,1785499784
2026-07-31T12:10:21Z,919,2,0,36,1,0,1,1,1,1785499807
2026-07-31T12:10:21Z,920,4,2,15,0,0,1,1,1,1785498806
2026-07-31T12:10:21Z,921,12,0,9,0,0,1,1,1,1785498154
2026-07-31T12:10:21Z,922,4,0,17,0,0,1,1,1,1785498965
2026-07-31T12:10:21Z,923,16,2,3,0,0,1,1,1,1785499642
2026-07-31T12:10:21Z,924,8,2,13,0,0,1,1,1,1785499166
2026-07-31T12:10:21Z,925,13,0,8,0,0,1,1,1,1785498636
2026-07-31T12:10:21Z,926,2,1,19,0,0,1,1,1,1785498767
2026-07-31T12:10:21Z,927,5,0,30,0,0,1,1,1,1785499199
2026-07-31T12:10:21Z,928,5,3,14,0,0,0,1,1,1785464301
2026-07-31T12:10:21Z,929,3,0,20,0,0,1,1,1,1785499699
2026-07-31T12:10:21Z,930,0,0,30,1,0,1,1,1,1785498397
2026-07-31T12:10:21Z,931,12,9,11,0,0,1,1,1,1785499634
2026-07-31T12:10:21Z,932,2,0,14,3,0,1,1,1,1785499616
2026-07-31T12:10:21Z,933,1,0,22,0,0,1,1,1,1785499457
2026-07-31T12:10:21Z,934,7,0,23,1,0,1,1,1,1785499693
2026-07-31T12:10:21Z,935,18,4,0,1,0,1,1,1,1785499348
2026-07-31T12:10:21Z,936,4,1,15,0,0,1,1,1,1785456801
2026-07-31T12:10:21Z,940,10,0,1,0,0,1,1,1,1785499516
2026-07-31T12:10:21Z,941,9,1,14,2,0,1,1,1,1785499168
2026-07-31T12:10:21Z,942,4,0,16,1,0,1,1,1,1785499798
2026-07-31T12:10:21Z,943,9,8,6,0,0,1,1,1,1785498375
2026-07-31T12:10:21Z,944,9,8,6,0,0,1,1,1,1785498197
2026-07-31T12:10:21Z,945,10,8,5,0,0,1,1,1,1785499526
2026-07-31T12:10:21Z,946,7,5,12,0,0,1,1,1,1785487593
2026-07-31T12:10:21Z,947,7,5,10,0,0,1,1,1,1785498210
2026-07-31T12:10:21Z,948,26,9,0,5,0,1,1,1,1785499633
2026-07-31T12:10:21Z,949,10,4,5,0,0,1,1,1,1785499673
2026-07-31T12:10:21Z,950,11,4,5,1,0,1,1,1,1785499601
2026-07-31T12:10:21Z,951,19,4,3,1,0,1,1,1,1785499196
2026-07-31T12:10:21Z,952,22,6,33,0,0,1,1,1,1785499696
2026-07-31T12:10:21Z,953,7,1,7,1,0,1,1,1,1785499314
2026-07-31T12:10:21Z,954,12,3,7,0,0,1,1,1,1785499809
2026-07-31T12:10:21Z,955,6,4,15,6,0,1,1,1,1785499372
2026-07-31T12:10:21Z,956,21,0,1,1,0,1,1,1,1785499013
2026-07-31T12:10:21Z,957,12,1,17,0,0,1,1,1,1785499454
2026-07-31T12:10:21Z,958,23,2,8,0,0,1,1,1,1785499721
2026-07-31T12:10:21Z,959,16,7,4,3,0,1,1,1,1785499514
2026-07-31T12:10:21Z,960,16,0,6,1,0,1,1,1,1785499534
2026-07-31T12:10:21Z,961,0,0,20,3,0,1,1,1,1785498941
2026-07-31T12:10:21Z,962,9,2,23,3,0,1,1,1,1785499229
2026-07-31T12:10:21Z,963,19,0,3,1,0,1,1,1,1785499792
2026-07-31T12:10:21Z,964,12,8,10,1,0,1,1,1,1785499783
2026-07-31T12:10:21Z,965,9,3,17,1,0,1,1,1,1785499708
2026-07-31T12:10:21Z,966,22,0,9,0,0,1,1,1,1785499214
2026-07-31T12:10:21Z,967,15,0,4,2,0,1,1,1,1785499351
2026-07-31T12:10:21Z,968,13,0,5,1,0,1,1,1,1785498452
2026-07-31T12:10:21Z,969,10,7,15,2,0,1,1,1,1785499361
2026-07-31T12:10:21Z,970,10,1,7,2,0,1,1,1,1785499481
2026-07-31T12:10:21Z,971,8,0,14,1,0,1,1,1,1785499682
2026-07-31T12:10:21Z,972,9,1,13,1,0,1,1,1,1785498191
2026-07-31T12:10:21Z,973,7,4,15,1,0,1,1,1,1785499525
2026-07-31T12:10:21Z,974,15,0,11,1,0,1,1,1,1785499399
2026-07-31T12:10:21Z,977,6,6,13,2,0,1,1,1,1785498451
2026-07-31T12:10:21Z,978,12,0,11,0,0,1,1,1,1785499463
2026-07-31T12:10:21Z,979,12,0,5,0,0,1,1,1,1785499596
2026-07-31T12:10:21Z,980,9,0,10,2,0,1,1,1,1785499724
2026-07-31T12:10:21Z,981,8,0,12,1,0,1,1,1,1785499771
2026-07-31T12:10:21Z,982,3,1,14,2,0,1,1,1,1785498248
2026-07-31T12:10:21Z,983,2,1,20,1,0,1,1,1,1785498675
2026-07-31T12:10:21Z,984,6,0,17,0,0,1,1,1,1785499700
2026-07-31T12:10:21Z,985,14,0,17,0,0,1,1,1,1785499351
2026-07-31T12:10:21Z,986,4,0,15,0,0,1,1,1,1785498246
2026-07-31T12:10:21Z,987,6,0,16,1,0,1,1,1,1785498793
2026-07-31T12:10:21Z,988,5,1,13,1,0,1,1,1,1785498402
2026-07-31T12:10:21Z,989,9,4,10,0,0,1,1,1,1785499207
2026-07-31T12:10:21Z,990,13,1,0,2,0,1,1,1,1785498442
2026-07-31T12:10:21Z,991,11,2,8,0,0,1,1,1,1785499690
2026-07-31T12:10:21Z,992,10,7,12,1,0,1,1,1,1785498998
2026-07-31T12:10:21Z,993,0,0,27,0,0,1,1,1,1785476008
2026-07-31T12:10:21Z,994,3,1,18,0,0,1,1,1,1785499216
2026-07-31T12:10:21Z,995,6,0,21,0,0,1,1,1,1785498435
2026-07-31T12:10:21Z,996,8,1,15,0,0,1,1,1,1785498232
2026-07-31T12:10:21Z,997,12,6,10,1,0,1,1,1,1785499699
2026-07-31T12:10:21Z,998,3,3,19,1,0,1,1,1,1785498546
2026-07-31T12:10:21Z,999,2,0,16,2,1,1,1,1,1785498311
2026-07-31T12:10:21Z,1000,5,2,16,0,0,1,1,1,1785499111
2026-07-31T12:10:21Z,1001,2,1,25,0,0,1,1,1,1785498575
2026-07-31T12:10:21Z,1002,2,2,27,2,0,1,1,1,1785498637
2026-07-31T12:10:21Z,1003,0,0,22,1,0,1,1,1,1785498192
2026-07-31T12:10:21Z,1004,8,1,15,0,0,1,1,1,1785499451
2026-07-31T12:10:21Z,1005,20,1,3,0,0,1,1,1,1785498381
2026-07-31T12:10:21Z,1006,7,4,11,1,0,1,1,1,1785498210
2026-07-31T12:10:21Z,1007,1,0,20,0,0,1,1,1,1785499794
2026-07-31T12:10:21Z,1008,6,5,15,2,0,1,1,1,1785499174
2026-07-31T12:10:21Z,1009,19,2,8,4,0,1,1,1,1785499038
2026-07-31T12:10:21Z,1010,7,2,20,0,0,1,1,1,1785498060
2026-07-31T12:10:21Z,1011,7,2,10,2,0,1,1,1,1785498584
2026-07-31T12:10:21Z,1012,4,3,18,1,0,1,1,1,1785498148
2026-07-31T12:10:21Z,1013,4,1,18,1,0,1,1,1,1785498738
2026-07-31T12:10:21Z,1014,7,2,13,3,0,1,1,1,1785498667
2026-07-31T12:10:21Z,1015,3,1,25,3,0,1,1,1,1785498959
2026-07-31T12:10:21Z,1016,10,5,21,0,0,1,1,1,1785498028
2026-07-31T12:10:21Z,1017,14,5,7,0,0,1,1,1,1785499369
2026-07-31T12:10:21Z,1018,7,2,15,0,0,1,1,1,1785498235
2026-07-31T12:10:21Z,1019,9,6,6,0,0,1,1,1,1785498151
2026-07-31T12:10:21Z,1020,18,3,3,0,0,1,1,1,1785499236
2026-07-31T12:10:21Z,1021,9,3,5,1,0,1,1,1,1785498952
2026-07-31T12:10:21Z,1022,14,0,13,0,0,1,1,1,1785498336
2026-07-31T12:10:21Z,1023,13,1,9,1,0,1,1,1,1785499790
2026-07-31T12:10:21Z,1024,6,2,12,1,0,1,1,1,1785498963
2026-07-31T12:10:21Z,1025,4,0,14,0,1,1,1,1,1785498304
2026-07-31T12:10:21Z,1026,7,4,18,6,0,1,1,1,1785499321
2026-07-31T12:10:21Z,1028,2,0,20,1,0,1,1,1,1785498327
2026-07-31T12:10:21Z,1029,10,9,4,1,0,1,1,1,1785499251
2026-07-31T12:10:21Z,1030,14,5,9,0,0,1,1,1,1785499012
2026-07-31T12:10:21Z,1031,8,0,11,0,0,1,1,1,1785499365
2026-07-31T12:10:21Z,1032,7,1,12,0,0,1,1,1,1785498215
2026-07-31T12:10:21Z,1033,9,5,8,2,0,1,1,1,1785499030
2026-07-31T12:10:21Z,1034,3,0,12,0,0,1,1,1,1785498222
2026-07-31T12:10:21Z,1035,1,0,16,2,0,1,1,1,1785498266
2026-07-31T12:10:21Z,1036,15,1,0,0,0,1,1,1,1785498803
2026-07-31T12:10:21Z,1037,5,0,13,1,0,1,1,1,1785498438
2026-07-31T12:10:21Z,1038,2,0,12,1,0,1,1,1,1785499734
2026-07-31T12:10:21Z,1039,7,2,12,0,0,1,1,1,1785498369
2026-07-31T12:10:21Z,1040,6,3,11,2,0,1,1,1,1785498255
2026-07-31T12:10:21Z,1041,9,3,9,1,0,1,1,1,1785499647
2026-07-31T12:10:21Z,1042,12,1,1,2,0,1,1,1,1785498455
2026-07-31T12:10:21Z,1043,11,0,5,3,0,1,1,1,1785498956
2026-07-31T12:10:21Z,1044,2,1,13,0,0,1,1,1,1785499788
2026-07-31T12:10:21Z,1045,10,0,9,0,0,1,1,1,1785498203
2026-07-31T12:10:21Z,1046,8,0,7,0,0,1,1,1,1785499413
2026-07-31T12:10:21Z,1047,5,0,16,0,0,1,1,1,1785498972
2026-07-31T12:10:21Z,1048,9,0,10,0,0,1,1,1,1785499564
2026-07-31T12:10:21Z,1049,5,0,16,0,0,1,1,1,1785498253
2026-07-31T12:10:21Z,1050,17,4,4,0,0,1,1,1,1785499347
2026-07-31T12:10:21Z,1051,8,3,13,0,0,1,1,1,1785499236
2026-07-31T12:10:21Z,1052,17,2,5,0,0,1,1,1,1785498047
2026-07-31T12:10:21Z,1053,2,1,13,0,0,1,1,1,1785498101
2026-07-31T12:10:21Z,1054,14,1,1,0,0,1,1,1,1785498361
2026-07-31T12:10:21Z,1055,6,0,13,0,0,1,1,1,1785498346
2026-07-31T12:10:21Z,1057,9,0,9,1,0,1,1,1,1785499791
2026-07-31T12:10:21Z,1058,3,0,52,1,0,1,1,1,1785499677
2026-07-31T12:10:21Z,1059,1,0,17,1,0,1,1,1,1785498231
2026-07-31T12:10:21Z,1060,30,0,7,0,0,1,1,1,1785499077
2026-07-31T12:10:21Z,1061,24,1,13,0,0,1,1,1,1785499569
2026-07-31T12:10:21Z,1062,11,1,6,0,0,1,1,1,1785499049
2026-07-31T12:10:21Z,1063,12,1,6,1,0,1,1,1,1785498258
2026-07-31T12:10:21Z,1064,3,0,19,1,0,1,1,1,1785498596
2026-07-31T12:10:21Z,1065,16,3,7,0,0,1,1,1,1785498838
2026-07-31T12:10:21Z,1066,10,2,13,0,0,1,1,1,1785498661
2026-07-31T12:10:21Z,1067,8,2,13,2,0,1,1,1,1785498930
2026-07-31T12:10:21Z,1068,8,2,13,2,0,1,1,1,1785498427
2026-07-31T12:10:21Z,1069,12,3,11,0,0,1,1,1,1785498471
2026-07-31T12:10:21Z,1070,12,2,11,0,0,1,1,1,1785498568
2026-07-31T12:10:21Z,1071,7,4,16,0,0,1,1,1,1785498607
2026-07-31T12:10:21Z,1072,11,1,11,1,0,1,1,1,1785499008
2026-07-31T12:10:21Z,1073,18,2,8,1,0,1,1,1,1785499790
2026-07-31T12:10:21Z,1074,1,0,51,1,0,1,1,1,1785499218
2026-07-31T12:10:21Z,1075,10,10,11,0,0,1,1,1,1785499793
2026-07-31T12:10:21Z,1076,15,12,6,0,0,1,1,1,1785499232
2026-07-31T12:10:21Z,1077,8,4,13,0,0,1,1,1,1785499044
2026-07-31T12:10:21Z,1078,11,10,10,0,0,1,1,1,1785499273
2026-07-31T12:10:21Z,1079,11,8,10,0,0,1,1,1,1785498082
2026-07-31T12:10:21Z,1080,10,8,10,1,0,1,1,1,1785498684
2026-07-31T12:10:21Z,1081,13,8,6,0,0,1,1,1,1785499063
2026-07-31T12:10:21Z,1082,7,7,1,0,0,1,1,1,1785498529
2026-07-31T12:10:21Z,1083,13,11,8,0,0,1,1,1,1785498352
2026-07-31T12:10:21Z,1084,9,8,12,0,0,1,1,1,1785499786
2026-07-31T12:10:21Z,1085,10,10,11,0,0,1,1,1,1785499442
2026-07-31T12:10:21Z,1086,4,1,16,1,0,1,1,1,1785498948
2026-07-31T12:10:21Z,1087,8,6,7,0,0,1,1,1,1785499755
2026-07-31T12:10:21Z,1088,9,7,6,0,0,1,1,1,1785498307
2026-07-31T12:10:21Z,1089,6,4,9,0,0,1,1,1,1785498840
2026-07-31T12:10:21Z,1090,9,8,6,0,0,1,1,1,1785499143
2026-07-31T12:10:21Z,1091,12,7,3,0,0,1,1,1,1785499056
2026-07-31T12:10:21Z,1092,9,9,5,1,0,1,1,1,1785498604
2026-07-31T12:10:21Z,1093,7,6,8,0,0,1,1,1,1785498964
2026-07-31T12:10:21Z,1094,12,10,6,1,0,1,1,1,1785498236
2026-07-31T12:10:21Z,1095,8,7,7,0,0,1,1,1,1785498901
2026-07-31T12:10:21Z,1096,3,1,15,1,0,1,1,1,1785498579
2026-07-31T12:10:21Z,1097,9,9,6,0,0,1,1,1,1785498789
2026-07-31T12:10:21Z,1098,9,7,10,0,0,1,1,1,1785499135
2026-07-31T12:10:21Z,1099,7,6,8,0,0,1,1,1,1785498048
2026-07-31T12:10:21Z,1100,8,4,21,0,0,1,1,1,1785493678
2026-07-31T12:10:21Z,1101,10,5,11,0,0,1,1,1,1785499763
2026-07-31T12:10:21Z,1102,9,4,4,0,0,1,1,1,1785499033
2026-07-31T12:10:21Z,1103,10,5,11,0,0,1,1,1,1785487895
2026-07-31T12:10:21Z,1104,10,5,11,0,0,1,1,1,1785499518
2026-07-31T12:10:21Z,1105,8,4,5,0,0,1,1,1,1785498920
2026-07-31T12:10:21Z,1106,10,5,11,0,0,1,1,1,1785498043
2026-07-31T12:10:21Z,1107,10,5,5,0,0,1,1,1,1785498324
2026-07-31T12:10:21Z,1108,8,4,16,2,1,1,1,1,1785498837
2026-07-31T12:10:21Z,1109,9,4,6,0,0,1,1,1,1785498278
2026-07-31T12:10:21Z,1110,12,4,9,0,0,1,1,1,1785499386
2026-07-31T12:10:21Z,1111,3,2,18,0,0,1,1,1,1785475740
2026-07-31T12:10:21Z,1112,38,0,15,0,0,1,1,1,1785498172
2026-07-31T12:10:21Z,1113,4,0,17,0,0,1,1,1,1785499334
2026-07-31T12:10:21Z,1115,16,5,4,3,0,1,1,1,1785498741
2026-07-31T12:10:21Z,1116,5,1,14,0,0,1,1,1,1785498233
2026-07-31T12:10:21Z,1117,18,6,3,2,0,1,1,1,1785499480
2026-07-31T12:10:21Z,1118,16,0,4,1,0,1,1,1,1785499400
2026-07-31T12:10:21Z,1119,13,1,4,0,0,1,1,1,1785499506
2026-07-31T12:10:21Z,1120,13,0,6,0,0,1,1,1,1785499354
2026-07-31T12:10:21Z,1121,5,1,12,4,0,1,1,1,1785499596
2026-07-31T12:10:21Z,1122,10,8,8,3,0,1,1,1,1785499455
2026-07-31T12:10:21Z,1123,7,3,14,2,0,1,1,1,1785499688
2026-07-31T12:10:21Z,1124,9,2,2,4,0,1,1,1,1785499729
2026-07-31T12:10:21Z,1125,15,1,8,0,0,1,1,1,1785498523
2026-07-31T12:10:21Z,1126,3,1,17,1,0,1,1,1,1785499399
2026-07-31T12:10:21Z,1127,6,1,12,1,0,1,1,1,1785498553
2026-07-31T12:10:21Z,1128,14,2,0,1,0,1,1,1,1785498231
2026-07-31T12:10:21Z,1129,1,1,19,1,0,1,1,1,1785499776
2026-07-31T12:10:21Z,1130,13,0,2,0,0,1,1,1,1785499242
2026-07-31T12:10:21Z,1131,5,0,43,1,0,1,1,1,1785499377
2026-07-31T12:10:21Z,1132,14,6,6,1,0,1,1,1,1785499679
2026-07-31T12:10:21Z,1133,16,12,3,2,0,1,1,1,1785499162
2026-07-31T12:10:21Z,1134,10,5,9,0,0,1,1,1,1785498740
2026-07-31T12:10:21Z,1135,10,5,11,0,0,1,1,1,1785499658
2026-07-31T12:10:21Z,1136,8,0,15,0,0,1,1,1,1785499543
2026-07-31T12:10:21Z,1137,14,1,1,0,0,1,1,1,1785499198
2026-07-31T12:10:21Z,1138,16,2,3,0,0,1,1,1,1785498194
2026-07-31T12:10:21Z,1139,17,4,3,1,0,1,1,1,1785498723
2026-07-31T12:10:21Z,1140,19,1,3,1,0,1,1,1,1785499782
2026-07-31T12:10:21Z,1141,7,1,14,0,0,1,1,1,1785499452
2026-07-31T12:10:21Z,1142,2,0,19,0,0,1,1,1,1785498871
2026-07-31T12:10:21Z,1143,11,0,18,0,0,1,1,1,1785499622
2026-07-31T12:10:21Z,1144,7,1,13,1,0,1,1,1,1785498471
2026-07-31T12:10:21Z,1145,10,5,10,1,0,1,1,1,1785498620
2026-07-31T12:10:21Z,1146,2,0,15,2,0,1,1,1,1785499635
2026-07-31T12:10:21Z,1147,5,1,14,0,0,1,1,1,1785498590
2026-07-31T12:10:21Z,1148,11,4,20,0,0,1,1,1,1785499811
2026-07-31T12:10:21Z,1149,2,2,23,0,0,1,1,1,1785499713
2026-07-31T12:10:21Z,1150,14,0,5,0,0,1,1,1,1785498025
2026-07-31T12:10:21Z,1151,13,0,8,0,0,1,1,1,1785498882
2026-07-31T12:10:21Z,1152,20,0,9,0,0,1,1,1,1785499803
2026-07-31T12:10:21Z,1153,20,6,2,1,0,1,1,1,1785499495
2026-07-31T12:10:21Z,1154,14,1,5,0,0,1,1,1,1785499472
2026-07-31T12:10:21Z,1155,16,7,3,2,0,1,1,1,1785499615
2026-07-31T12:10:21Z,1158,3,0,15,1,0,1,1,1,1785498122
2026-07-31T12:10:21Z,1159,13,1,6,0,0,1,1,1,1785498478
2026-07-31T12:10:21Z,1160,8,1,10,1,0,1,1,1,1785499326
2026-07-31T12:10:21Z,1161,4,0,14,1,0,1,1,1,1785498616
2026-07-31T12:10:21Z,1162,1,0,18,0,0,1,1,1,1785498863
2026-07-31T12:10:21Z,1163,1,1,17,1,0,1,1,1,1785498240
2026-07-31T12:10:21Z,1164,6,1,13,0,0,1,1,1,1785498298
2026-07-31T12:10:21Z,1165,5,0,16,0,0,1,1,1,1785499033
2026-07-31T12:10:21Z,1166,12,2,8,1,0,1,1,1,1785498551
2026-07-31T12:10:21Z,1167,4,0,11,0,0,1,1,1,1785499812
2026-07-31T12:10:21Z,1168,1,1,21,1,0,1,1,1,1785498500
2026-07-31T12:10:21Z,1169,3,0,15,1,0,1,1,1,1785498145
2026-07-31T12:10:21Z,1170,6,0,14,1,0,1,1,1,1785498520
2026-07-31T12:10:21Z,1171,7,6,15,1,0,1,1,1,1785498197
2026-07-31T12:10:21Z,1172,6,2,7,2,0,1,1,1,1785498423
2026-07-31T12:10:21Z,1173,13,5,6,0,0,1,1,1,1785498395
2026-07-31T12:10:21Z,1174,6,3,9,0,0,1,1,1,1785498071
2026-07-31T12:10:21Z,1175,4,2,15,0,0,1,1,1,1785498199
2026-07-31T12:10:21Z,1176,19,1,2,0,0,1,1,1,1785499419
2026-07-31T12:10:21Z,1177,3,1,18,0,0,1,1,1,1785499346
2026-07-31T12:10:21Z,1178,2,1,13,0,0,1,1,1,1785498033
2026-07-31T12:10:21Z,1181,10,0,4,1,0,1,1,1,1785499540
2026-07-31T12:10:21Z,1182,4,0,16,0,0,1,1,1,1785498635
2026-07-31T12:10:21Z,1183,12,1,31,2,0,1,1,1,1785499295
2026-07-31T12:10:21Z,1184,7,1,12,2,0,1,1,1,1785499702
2026-07-31T12:10:21Z,1185,10,5,11,0,0,1,1,1,1785499473
2026-07-31T12:10:21Z,1186,9,5,10,0,0,1,1,1,1785498664
2026-07-31T12:10:21Z,1187,10,5,10,1,0,1,1,1,1785499248
2026-07-31T12:10:21Z,1188,10,5,5,0,0,1,1,1,1785498329
2026-07-31T12:10:21Z,1189,11,6,8,0,0,1,1,1,1785499238
2026-07-31T12:10:21Z,1190,9,4,12,0,0,1,1,1,1785499638
2026-07-31T12:10:21Z,1191,10,5,5,0,0,1,1,1,1785498336
2026-07-31T12:10:21Z,1192,10,6,10,1,0,1,1,1,1785498189
2026-07-31T12:10:21Z,1193,6,4,5,2,0,1,1,1,1785499185
2026-07-31T12:10:21Z,1197,9,6,7,1,0,1,1,1,1785499117
2026-07-31T12:10:21Z,1198,14,4,5,2,0,1,1,1,1785498712
2026-07-31T12:10:21Z,1199,2,0,17,0,0,1,1,1,1785498735
2026-07-31T12:10:21Z,1200,10,5,5,0,0,1,1,1,1785498372
2026-07-31T12:10:21Z,1201,10,5,5,0,0,1,1,1,1785498349
2026-07-31T12:10:21Z,1202,10,5,5,0,0,1,1,1,1785498451
2026-07-31T12:10:21Z,1203,10,5,5,0,0,1,1,1,1785498349
2026-07-31T12:10:21Z,1204,8,4,11,0,0,1,1,1,1785498099
2026-07-31T12:10:21Z,1206,11,5,10,0,0,1,1,1,1785499135
2026-07-31T12:10:21Z,1207,8,4,6,1,0,1,1,1,1785498663
2026-07-31T12:10:21Z,1208,8,3,11,0,0,1,1,1,1785498578
2026-07-31T12:10:21Z,1216,8,0,12,1,0,1,1,1,1785499364
2026-07-31T12:10:21Z,1218,4,0,17,0,0,1,1,1,1785499758
2026-07-31T12:10:21Z,1219,6,1,8,1,0,1,1,1,1785499613
2026-07-31T12:10:21Z,1220,14,7,4,1,0,1,1,1,1785499399
2026-07-31T12:10:21Z,1221,1,1,19,1,0,1,1,1,1785499071
2026-07-31T12:10:21Z,1222,26,0,3,0,0,1,1,1,1785499758
2026-07-31T12:10:21Z,1223,20,1,9,0,0,1,1,1,1785499137
2026-07-31T12:10:21Z,1226,0,0,3,0,0,0,1,1,1781868931
2026-07-31T12:10:21Z,1227,20,1,5,0,0,1,1,1,1785498037
2026-07-31T12:10:21Z,1228,23,1,6,0,0,1,1,1,1785499696
2026-07-31T12:10:21Z,1229,36,3,8,1,0,1,1,1,1785499348
2026-07-31T12:15:21Z,1,4,0,18,1,0,1,1,1,1785499873
2026-07-31T12:15:21Z,2,12,0,12,3,0,1,1,1,1785499815
2026-07-31T12:15:21Z,3,8,1,5,1,0,1,1,1,1785500047
2026-07-31T12:15:21Z,4,4,0,17,1,0,1,1,1,1785499376
2026-07-31T12:15:21Z,5,11,3,11,1,0,1,1,1,1785497818
2026-07-31T12:15:21Z,6,6,0,9,0,0,1,1,1,1785499986
2026-07-31T12:15:21Z,7,5,0,34,0,0,1,1,1,1785499833
2026-07-31T12:15:21Z,8,6,1,37,0,0,1,1,1,1785498395
2026-07-31T12:15:21Z,9,4,1,17,2,0,1,1,1,1785499635
2026-07-31T12:15:21Z,10,0,0,21,2,0,1,1,1,1785496277
2026-07-31T12:15:21Z,11,15,4,3,1,0,1,1,1,1785500034
2026-07-31T12:15:21Z,12,2,1,21,0,0,1,1,1,1785499737
2026-07-31T12:15:21Z,13,1,0,29,0,0,1,1,1,1785500064
2026-07-31T12:15:21Z,14,9,0,33,0,1,1,1,1,1785499394
2026-07-31T12:15:21Z,15,2,0,13,0,0,1,1,1,1785496271
2026-07-31T12:15:21Z,16,8,0,16,2,1,1,1,1,1785487292
2026-07-31T12:15:21Z,17,1,0,25,1,0,1,1,1,1785499879
2026-07-31T12:15:21Z,18,3,0,13,2,0,1,1,1,1785499864
2026-07-31T12:15:21Z,19,15,2,11,1,0,1,1,1,1785500016
2026-07-31T12:15:21Z,20,29,0,6,0,0,1,1,1,1785499500
2026-07-31T12:15:21Z,21,11,1,7,1,0,1,1,1,1785499912
2026-07-31T12:15:21Z,22,22,0,42,1,0,1,1,1,1785500111
2026-07-31T12:15:21Z,23,16,6,15,0,0,1,1,1,1785499301
2026-07-31T12:15:21Z,24,2,2,7,2,0,1,1,1,1785500106
2026-07-31T12:15:21Z,25,9,2,71,0,1,1,1,1,1785499998
2026-07-31T12:15:21Z,26,4,1,23,0,0,1,1,1,1785499148
2026-07-31T12:15:21Z,28,12,2,3,0,0,1,1,1,1785499435
2026-07-31T12:15:21Z,30,3,1,25,1,0,1,1,1,1785499992
2026-07-31T12:15:21Z,31,2,0,15,2,0,1,1,1,1785499932
2026-07-31T12:15:21Z,32,7,0,20,0,0,1,1,1,1785500020
2026-07-31T12:15:21Z,34,15,3,21,1,0,1,1,1,1785500054
2026-07-31T12:15:21Z,35,12,3,34,1,0,1,1,1,1785499975
2026-07-31T12:15:21Z,36,0,0,0,0,0,0,1,1,86400
2026-07-31T12:15:21Z,37,0,0,23,0,0,1,1,1,1785499868
2026-07-31T12:15:21Z,38,9,1,14,0,0,1,1,1,1785499782
2026-07-31T12:15:21Z,39,22,4,17,0,0,1,1,1,1785498979
2026-07-31T12:15:21Z,40,19,1,2,0,0,1,1,1,1785500098
2026-07-31T12:15:21Z,41,7,2,35,1,0,1,1,1,1785499952
2026-07-31T12:15:21Z,42,26,8,5,0,0,1,1,1,1785500107
2026-07-31T12:15:21Z,43,2,0,21,0,0,1,1,1,1785499837
2026-07-31T12:15:21Z,45,7,4,21,1,0,1,1,1,1785499753
2026-07-31T12:15:21Z,46,7,0,24,0,0,1,1,1,1785499790
2026-07-31T12:15:21Z,47,11,6,3,1,0,1,1,1,1785499812
2026-07-31T12:15:21Z,48,5,0,22,0,0,1,1,1,1785500006
2026-07-31T12:15:21Z,49,10,0,11,2,0,1,1,1,1785500111
2026-07-31T12:15:21Z,50,17,11,2,0,0,1,1,1,1785499421
2026-07-31T12:15:21Z,51,41,0,35,1,0,1,1,1,1785499233
2026-07-31T12:15:21Z,52,5,0,19,3,0,1,1,1,1785500031
2026-07-31T12:15:21Z,55,5,0,18,0,0,1,1,1,1785499766
2026-07-31T12:15:21Z,56,1,0,41,1,0,1,1,1,1785500104
2026-07-31T12:15:21Z,57,5,2,22,0,0,1,1,1,1785499938
2026-07-31T12:15:21Z,58,7,1,21,0,0,1,1,1,1785500014
2026-07-31T12:15:21Z,59,25,3,0,2,0,1,1,1,1785499995
2026-07-31T12:15:21Z,61,3,1,36,0,0,1,1,1,1785499117
2026-07-31T12:15:21Z,62,19,7,29,1,0,1,1,1,1785500045
2026-07-31T12:15:21Z,63,8,0,11,0,0,1,1,1,1785500100
2026-07-31T12:15:21Z,64,11,1,4,4,0,1,1,1,1785497923
2026-07-31T12:15:21Z,65,17,8,1,1,0,1,1,1,1785499589
2026-07-31T12:15:21Z,67,19,0,20,0,0,1,1,1,1785500069
2026-07-31T12:15:21Z,68,14,0,23,0,0,1,1,1,1785499971
2026-07-31T12:15:21Z,69,9,0,6,0,0,1,1,1,1785499572
2026-07-31T12:15:21Z,71,5,1,21,1,0,1,1,1,1785499667
2026-07-31T12:15:21Z,72,25,6,3,2,1,1,1,1,1785499793
2026-07-31T12:15:21Z,73,6,2,25,0,0,1,1,1,1785500020
2026-07-31T12:15:21Z,74,7,4,12,0,0,1,1,1,1785500093
2026-07-31T12:15:21Z,75,5,0,26,1,0,1,1,1,1785497947
2026-07-31T12:15:21Z,76,9,1,9,1,0,1,1,1,1785500110
2026-07-31T12:15:21Z,77,22,0,4,1,0,1,1,1,1785499896
2026-07-31T12:15:21Z,78,8,5,14,1,0,1,1,1,1785499513
2026-07-31T12:15:21Z,79,3,2,13,1,0,1,1,1,1785499959
2026-07-31T12:15:21Z,80,18,1,2,3,0,1,1,1,1785499994
2026-07-31T12:15:21Z,81,5,1,26,0,0,1,1,1,1785500059
2026-07-31T12:15:21Z,82,13,0,10,0,0,1,1,1,1785499616
2026-07-31T12:15:21Z,83,5,0,28,1,0,1,1,1,1785500032
2026-07-31T12:15:21Z,84,22,0,5,0,0,1,1,1,1785499591
2026-07-31T12:15:21Z,85,7,1,8,0,0,1,1,1,1785500088
2026-07-31T12:15:21Z,86,25,0,1,1,0,1,1,1,1785499055
2026-07-31T12:15:21Z,87,13,0,6,0,0,1,1,1,1785500095
2026-07-31T12:15:21Z,88,7,1,34,2,0,1,1,1,1785499896
2026-07-31T12:15:21Z,89,8,0,27,0,0,1,1,1,1785499874
2026-07-31T12:15:21Z,90,6,3,10,2,0,1,1,1,1785499745
2026-07-31T12:15:21Z,91,16,0,1,0,0,1,1,1,1785499989
2026-07-31T12:15:21Z,92,6,1,10,3,0,1,1,1,1785499940
2026-07-31T12:15:21Z,93,0,0,23,0,0,1,1,1,1785498071
2026-07-31T12:15:21Z,94,4,0,14,1,0,1,1,1,1785499803
2026-07-31T12:15:21Z,95,23,0,10,1,1,1,1,1,1785500036
2026-07-31T12:15:21Z,96,25,0,5,1,0,1,1,1,1785500092
2026-07-31T12:15:21Z,97,1,0,15,1,0,1,1,1,1785500030
2026-07-31T12:15:21Z,98,26,0,9,0,0,1,1,1,1785500055
2026-07-31T12:15:21Z,99,0,0,15,0,0,1,1,1,1785499775
2026-07-31T12:15:21Z,100,1,0,26,0,0,1,1,1,1785500059
2026-07-31T12:15:21Z,101,1,0,12,2,0,1,1,1,1785499761
2026-07-31T12:15:21Z,102,1,0,22,0,0,1,1,1,1785499701
2026-07-31T12:15:21Z,103,10,0,20,0,0,1,1,1,1785499941
2026-07-31T12:15:21Z,104,0,0,25,2,0,1,1,1,1785500104
2026-07-31T12:15:21Z,105,14,1,5,0,0,1,1,1,1785495616
2026-07-31T12:15:21Z,106,5,0,16,0,0,1,1,1,1785499503
2026-07-31T12:15:21Z,107,7,3,30,0,0,1,1,1,1785500056
2026-07-31T12:15:21Z,108,0,0,35,0,0,1,1,1,1785500047
2026-07-31T12:15:21Z,109,22,0,1,0,0,1,1,1,1785499799
2026-07-31T12:15:21Z,110,11,0,12,0,0,1,1,1,1785499371
2026-07-31T12:15:21Z,111,7,1,29,0,0,1,1,1,1785500057
2026-07-31T12:15:21Z,112,0,0,14,1,0,1,1,1,1785499421
2026-07-31T12:15:21Z,113,6,0,11,2,0,1,1,1,1785500103
2026-07-31T12:15:21Z,114,26,6,3,1,1,1,1,1,1785499974
2026-07-31T12:15:21Z,115,8,3,19,1,0,1,1,1,1785500111
2026-07-31T12:15:21Z,116,21,8,5,1,0,1,1,1,1785499524
2026-07-31T12:15:21Z,118,18,7,4,1,0,1,1,1,1785500094
2026-07-31T12:15:21Z,119,21,0,13,4,0,1,1,1,1785499865
2026-07-31T12:15:21Z,120,16,0,10,1,0,1,1,1,1785499954
2026-07-31T12:15:21Z,121,0,0,18,0,1,1,1,1,1785499976
2026-07-31T12:15:21Z,122,6,1,14,1,0,1,1,1,1785498901
2026-07-31T12:15:21Z,123,11,2,36,0,0,1,1,1,1785498782
2026-07-31T12:15:21Z,124,26,0,9,0,0,1,1,1,1785499955
2026-07-31T12:15:21Z,125,8,3,15,0,0,1,1,1,1785500102
2026-07-31T12:15:21Z,126,23,2,8,0,0,1,1,1,1785499889
2026-07-31T12:15:21Z,127,27,1,6,2,0,1,1,1,1785500052
2026-07-31T12:15:21Z,128,15,1,4,0,0,1,1,1,1785499874
2026-07-31T12:15:21Z,129,10,0,8,1,0,1,1,1,1785499640
2026-07-31T12:15:21Z,130,5,1,12,0,0,1,1,1,1785495263
2026-07-31T12:15:21Z,131,6,3,3,2,0,1,1,1,1785499903
2026-07-31T12:15:21Z,132,13,6,1,0,1,1,1,1,1785494491
2026-07-31T12:15:21Z,134,4,0,15,4,0,1,1,1,1785500094
2026-07-31T12:15:21Z,135,6,4,12,1,0,1,1,1,1785499218
2026-07-31T12:15:21Z,136,6,0,9,1,7,1,1,1,1785500043
2026-07-31T12:15:21Z,137,8,2,11,0,0,1,1,1,1785499931
2026-07-31T12:15:21Z,138,31,0,6,0,0,1,1,1,1785500015
2026-07-31T12:15:21Z,139,7,2,12,0,0,1,1,1,1785499873
2026-07-31T12:15:21Z,140,3,3,19,1,0,1,1,1,1785500112
2026-07-31T12:15:21Z,141,25,0,11,0,0,1,1,1,1785499980
2026-07-31T12:15:21Z,142,16,0,7,0,0,1,1,1,1785499890
2026-07-31T12:15:21Z,143,4,0,27,0,0,1,1,1,1785499797
2026-07-31T12:15:21Z,144,17,0,10,0,0,1,1,1,1785499369
2026-07-31T12:15:21Z,146,3,0,19,1,0,1,1,1,1785499109
2026-07-31T12:15:21Z,147,11,1,6,2,0,1,1,1,1785500014
2026-07-31T12:15:21Z,148,20,2,6,0,1,1,1,1,1785500004
2026-07-31T12:15:21Z,149,17,3,10,0,0,1,1,1,1785499590
2026-07-31T12:15:21Z,150,18,6,14,3,0,1,1,1,1785500106
2026-07-31T12:15:21Z,151,13,5,10,0,0,1,1,1,1785499876
2026-07-31T12:15:21Z,152,14,3,9,4,0,1,1,1,1785500053
2026-07-31T12:15:21Z,153,3,0,22,6,0,1,1,1,1785500108
2026-07-31T12:15:21Z,154,12,4,8,3,0,1,1,1,1785499920
2026-07-31T12:15:21Z,155,11,4,2,1,0,1,1,1,1785500043
2026-07-31T12:15:21Z,156,3,0,16,0,0,1,1,1,1785499129
2026-07-31T12:15:21Z,157,7,0,18,2,0,1,1,1,1785500097
2026-07-31T12:15:21Z,158,10,2,6,0,0,1,1,1,1785500098
2026-07-31T12:15:21Z,159,0,0,19,0,0,1,1,1,1785497085
2026-07-31T12:15:21Z,160,11,0,8,0,0,1,1,1,1785500074
2026-07-31T12:15:21Z,161,21,4,1,0,0,1,1,1,1785500068
2026-07-31T12:15:21Z,162,15,1,11,1,0,1,1,1,1785499014
2026-07-31T12:15:21Z,163,18,0,13,0,0,1,1,1,1785500060
2026-07-31T12:15:21Z,164,21,5,6,0,0,1,1,1,1785499513
2026-07-31T12:15:21Z,165,22,11,8,1,0,1,1,1,1785499761
2026-07-31T12:15:21Z,166,28,8,8,3,0,1,1,1,1785500108
2026-07-31T12:15:21Z,167,13,7,9,1,0,1,1,1,1785499721
2026-07-31T12:15:21Z,168,23,3,1,3,0,1,1,1,1785500039
2026-07-31T12:15:21Z,169,2,0,19,1,1,1,1,1,1785500023
2026-07-31T12:15:21Z,170,13,4,4,2,0,1,1,1,1785499944
2026-07-31T12:15:21Z,171,8,2,3,2,0,1,1,1,1785499912
2026-07-31T12:15:21Z,173,36,1,3,0,0,1,1,1,1785500098
2026-07-31T12:15:21Z,174,16,0,8,2,0,1,1,1,1785499980
2026-07-31T12:15:21Z,175,7,0,24,0,0,1,1,1,1785499878
2026-07-31T12:15:21Z,176,4,1,9,1,1,1,1,1,1785499953
2026-07-31T12:15:21Z,177,13,1,14,0,0,1,1,1,1785499484
2026-07-31T12:15:21Z,178,1,0,11,2,1,1,1,1,1785500114
2026-07-31T12:15:21Z,179,4,0,10,1,0,1,1,1,1785500023
2026-07-31T12:15:21Z,180,4,1,26,0,0,1,1,1,1785499665
2026-07-31T12:15:21Z,181,13,1,2,0,0,1,1,1,1785500027
2026-07-31T12:15:21Z,182,7,0,10,0,0,1,1,1,1785500019
2026-07-31T12:15:21Z,183,7,0,15,1,0,1,1,1,1785500114
2026-07-31T12:15:21Z,184,7,1,16,0,0,1,1,1,1785500066
2026-07-31T12:15:21Z,185,10,0,2,2,1,1,1,1,1785499132
2026-07-31T12:15:21Z,186,2,1,17,0,0,1,1,1,1785499926
2026-07-31T12:15:21Z,187,11,0,16,1,0,1,1,1,1785499637
2026-07-31T12:15:21Z,188,8,0,11,7,1,1,1,1,1785499926
2026-07-31T12:15:21Z,189,10,2,4,1,0,1,1,1,1785499042
2026-07-31T12:15:21Z,190,7,3,16,0,0,1,1,1,1785500007
2026-07-31T12:15:21Z,191,6,0,33,0,0,1,1,1,1785500108
2026-07-31T12:15:21Z,192,9,1,19,3,0,1,1,1,1785498719
2026-07-31T12:15:21Z,193,2,2,13,0,0,1,1,1,1785499824
2026-07-31T12:15:21Z,194,13,2,13,1,0,1,1,1,1785498469
2026-07-31T12:15:21Z,195,10,2,9,0,0,1,1,1,1785500047
2026-07-31T12:15:21Z,196,8,1,17,2,0,1,1,1,1785499933
2026-07-31T12:15:21Z,197,17,8,1,0,1,1,1,1,1785499874
2026-07-31T12:15:21Z,198,17,15,6,0,0,1,1,1,1785499672
2026-07-31T12:15:21Z,199,7,4,7,1,0,1,1,1,1785499740
2026-07-31T12:15:21Z,200,11,1,14,1,0,1,1,1,1785500059
2026-07-31T12:15:21Z,201,21,2,2,0,0,1,1,1,1785500071
2026-07-31T12:15:21Z,202,2,1,25,0,0,1,1,1,1785498972
2026-07-31T12:15:21Z,203,28,2,2,1,0,1,1,1,1785499378
2026-07-31T12:15:21Z,204,21,0,13,1,0,1,1,1,1785500061
2026-07-31T12:15:21Z,205,9,1,18,0,0,1,1,1,1785499404
2026-07-31T12:15:21Z,206,1,0,14,0,0,1,1,1,1785499848
2026-07-31T12:15:21Z,207,9,0,12,0,0,1,1,1,1785499197
2026-07-31T12:15:21Z,208,11,1,18,0,0,1,1,1,1785500078
2026-07-31T12:15:21Z,209,3,0,26,2,0,1,1,1,1785500087
2026-07-31T12:15:21Z,210,18,1,9,0,0,1,1,1,1785499755
2026-07-31T12:15:21Z,211,7,4,14,2,0,1,1,1,1785499941
2026-07-31T12:15:21Z,212,23,0,11,1,0,1,1,1,1785500029
2026-07-31T12:15:21Z,213,8,0,13,2,0,1,1,1,1785499953
2026-07-31T12:15:21Z,214,24,0,20,3,0,1,1,1,1785500106
2026-07-31T12:15:21Z,215,3,2,19,1,0,1,1,1,1785500032
2026-07-31T12:15:21Z,216,7,0,11,1,0,1,1,1,1785499452
2026-07-31T12:15:21Z,217,10,0,18,1,0,1,1,1,1785499998
2026-07-31T12:15:21Z,218,22,6,16,1,0,1,1,1,1785500017
2026-07-31T12:15:21Z,219,13,2,11,2,0,1,1,1,1785499768
2026-07-31T12:15:21Z,220,21,4,21,0,1,1,1,1,1785499647
2026-07-31T12:15:21Z,221,5,5,9,1,0,1,1,1,1785499813
2026-07-31T12:15:21Z,222,10,10,9,0,0,1,1,1,1785499906
2026-07-31T12:15:21Z,223,15,2,16,4,0,1,1,1,1785500034
2026-07-31T12:15:21Z,224,8,4,14,0,0,1,1,1,1785499705
2026-07-31T12:15:21Z,225,12,1,1,6,0,1,1,1,1785498882
2026-07-31T12:15:21Z,226,29,9,1,1,0,1,1,1,1785499826
2026-07-31T12:15:21Z,227,22,13,3,1,1,1,1,1,1785499873
2026-07-31T12:15:21Z,228,0,0,18,1,0,1,1,1,1785498078
2026-07-31T12:15:21Z,230,13,5,13,0,0,1,1,1,1785499818
2026-07-31T12:15:21Z,232,10,4,6,1,0,1,1,1,1785500078
2026-07-31T12:15:21Z,233,17,2,12,2,0,1,1,1,1785500009
2026-07-31T12:15:21Z,234,8,4,6,3,2,1,1,1,1785499808
2026-07-31T12:15:21Z,236,7,1,12,0,0,1,1,1,1785499217
2026-07-31T12:15:21Z,237,15,5,7,1,0,1,1,1,1785499905
2026-07-31T12:15:21Z,239,21,16,3,3,0,1,1,1,1785500086
2026-07-31T12:15:21Z,241,15,5,7,1,0,1,1,1,1785500108
2026-07-31T12:15:21Z,242,11,4,10,2,0,1,1,1,1785500045
2026-07-31T12:15:21Z,243,12,3,18,1,0,1,1,1,1785500074
2026-07-31T12:15:21Z,244,12,3,14,1,0,1,1,1,1785499574
2026-07-31T12:15:21Z,245,4,4,19,0,0,1,1,1,1785498521
2026-07-31T12:15:21Z,246,19,2,4,0,0,1,1,1,1785499630
2026-07-31T12:15:21Z,247,10,10,12,1,0,1,1,1,1785498683
2026-07-31T12:15:21Z,248,18,3,3,2,0,1,1,1,1785499716
2026-07-31T12:15:21Z,249,3,0,15,1,0,1,1,1,1785500024
2026-07-31T12:15:21Z,250,21,6,6,0,0,1,1,1,1785499373
2026-07-31T12:15:21Z,251,15,5,10,2,0,1,1,1,1785499905
2026-07-31T12:15:21Z,253,6,2,13,0,0,1,1,1,1785498769
2026-07-31T12:15:21Z,254,18,18,24,1,0,1,1,1,1785499585
2026-07-31T12:15:21Z,255,0,0,22,0,1,1,1,1,1785499842
2026-07-31T12:15:21Z,256,5,5,16,2,0,1,1,1,1785500078
2026-07-31T12:15:21Z,257,7,5,12,0,0,1,1,1,1785499766
2026-07-31T12:15:21Z,258,17,0,2,0,0,1,1,1,1785500113
2026-07-31T12:15:21Z,259,18,2,4,0,1,1,1,1,1785498956
2026-07-31T12:15:21Z,260,9,2,7,3,0,1,1,1,1785498497
2026-07-31T12:15:21Z,261,10,0,6,2,1,1,1,1,1785500109
2026-07-31T12:15:21Z,262,11,7,11,1,0,1,1,1,1785499922
2026-07-31T12:15:21Z,263,9,0,6,0,0,1,1,1,1785498191
2026-07-31T12:15:21Z,264,7,2,9,3,0,1,1,1,1785500004
2026-07-31T12:15:21Z,265,10,0,5,0,0,1,1,1,1785499937
2026-07-31T12:15:21Z,266,12,8,5,2,0,1,1,1,1785499203
2026-07-31T12:15:21Z,267,5,2,8,2,0,1,1,1,1785498393
2026-07-31T12:15:21Z,268,23,9,0,0,0,1,1,1,1785498953
2026-07-31T12:15:21Z,269,8,3,15,0,0,1,1,1,1785496011
2026-07-31T12:15:21Z,270,21,1,6,0,0,1,1,1,1785500065
2026-07-31T12:15:21Z,271,4,0,13,2,0,1,1,1,1785498598
2026-07-31T12:15:21Z,272,9,9,13,1,0,1,1,1,1785500074
2026-07-31T12:15:21Z,273,8,3,7,0,0,1,1,1,1785499498
2026-07-31T12:15:21Z,274,12,5,6,1,0,1,1,1,1785500014
2026-07-31T12:15:21Z,275,16,0,7,0,0,1,1,1,1785498573
2026-07-31T12:15:21Z,276,1,1,26,0,0,1,1,1,1785499630
2026-07-31T12:15:21Z,277,13,1,5,5,0,1,1,1,1785499454
2026-07-31T12:15:21Z,278,9,0,19,2,1,1,1,1,1785500067
2026-07-31T12:15:21Z,279,12,0,7,0,0,1,1,1,1785498811
2026-07-31T12:15:21Z,280,10,2,18,3,0,1,1,1,1785499844
2026-07-31T12:15:21Z,281,19,0,0,0,0,1,1,1,1785486089
2026-07-31T12:15:21Z,282,5,2,13,0,0,1,1,1,1785484887
2026-07-31T12:15:21Z,283,28,0,7,0,0,1,1,1,1785498512
2026-07-31T12:15:21Z,284,12,0,21,2,0,1,1,1,1785499682
2026-07-31T12:15:21Z,285,8,7,15,0,0,1,1,1,1785499668
2026-07-31T12:15:21Z,286,12,11,7,4,0,1,1,1,1785499725
2026-07-31T12:15:21Z,287,17,5,4,2,0,1,1,1,1785499239
2026-07-31T12:15:21Z,288,11,8,8,0,0,1,1,1,1785499958
2026-07-31T12:15:21Z,289,18,2,6,3,0,1,1,1,1785499881
2026-07-31T12:15:21Z,290,6,0,32,1,0,1,1,1,1785499455
2026-07-31T12:15:21Z,291,6,1,16,1,0,1,1,1,1785499392
2026-07-31T12:15:21Z,292,21,1,1,1,0,1,1,1,1785499832
2026-07-31T12:15:21Z,293,14,10,9,0,0,1,1,1,1785499315
2026-07-31T12:15:21Z,294,2,1,19,1,0,1,1,1,1785500011
2026-07-31T12:15:21Z,297,13,2,3,2,1,1,1,1,1785500051
2026-07-31T12:15:21Z,301,13,0,6,0,0,1,1,1,1785500019
2026-07-31T12:15:21Z,302,5,0,18,0,0,1,1,1,1785499355
2026-07-31T12:15:21Z,303,10,0,9,0,0,1,1,1,1785500066
2026-07-31T12:15:21Z,304,0,0,0,0,0,0,1,1,86400
2026-07-31T12:15:21Z,305,3,0,15,1,0,1,1,1,1785500106
2026-07-31T12:15:21Z,306,6,2,26,0,0,1,1,1,1785499378
2026-07-31T12:15:21Z,307,18,0,3,1,1,1,1,1,1785499958
2026-07-31T12:15:21Z,308,15,0,2,2,0,1,1,1,1785499892
2026-07-31T12:15:21Z,309,12,3,2,0,0,1,1,1,1785500043
2026-07-31T12:15:21Z,311,12,0,3,0,0,1,1,1,1785499096
2026-07-31T12:15:21Z,312,3,2,16,3,1,1,1,1,1785499969
2026-07-31T12:15:21Z,313,2,1,13,0,0,1,1,1,1785499991
2026-07-31T12:15:21Z,314,5,3,10,3,0,1,1,1,1785499801
2026-07-31T12:15:21Z,315,20,4,9,2,0,1,1,1,1785499104
2026-07-31T12:15:21Z,316,0,0,25,5,1,1,1,1,1785499910
2026-07-31T12:15:21Z,317,20,1,10,0,1,1,1,1,1785499815
2026-07-31T12:15:21Z,318,16,0,3,0,0,1,1,1,1785486991
2026-07-31T12:15:21Z,319,16,2,5,2,0,1,1,1,1785500077
2026-07-31T12:15:21Z,320,14,4,4,1,0,1,1,1,1785499986
2026-07-31T12:15:21Z,321,9,2,6,4,0,1,1,1,1785500074
2026-07-31T12:15:21Z,322,5,2,24,0,0,1,1,1,1785500083
2026-07-31T12:15:21Z,323,10,0,9,0,0,1,1,1,1785499027
2026-07-31T12:15:21Z,324,23,3,3,1,0,1,1,1,1785500103
2026-07-31T12:15:21Z,325,8,4,17,2,0,1,1,1,1785499930
2026-07-31T12:15:21Z,327,22,0,4,1,0,1,1,1,1785499972
2026-07-31T12:15:21Z,328,11,0,10,1,0,1,1,1,1785499599
2026-07-31T12:15:21Z,329,16,0,1,2,0,1,1,1,1785499835
2026-07-31T12:15:21Z,330,0,0,21,1,0,1,1,1,1785499285
2026-07-31T12:15:21Z,331,10,2,12,1,0,1,1,1,1785499799
2026-07-31T12:15:21Z,332,10,2,7,2,0,1,1,1,1785499715
2026-07-31T12:15:21Z,333,16,0,6,1,0,1,1,1,1785499705
2026-07-31T12:15:21Z,334,8,8,15,0,0,1,1,1,1785498007
2026-07-31T12:15:21Z,335,4,2,18,0,1,1,1,1,1785499796
2026-07-31T12:15:21Z,336,15,2,4,0,0,1,1,1,1785499722
2026-07-31T12:15:21Z,337,14,3,4,5,0,1,1,1,1785499825
2026-07-31T12:15:21Z,338,14,7,5,0,0,1,1,1,1785499650
2026-07-31T12:15:21Z,339,12,6,10,1,0,1,1,1,1785499901
2026-07-31T12:15:21Z,340,11,11,3,1,0,1,1,1,1785499405
2026-07-31T12:15:21Z,341,2,0,17,0,0,1,1,1,1785499209
2026-07-31T12:15:21Z,342,13,4,0,2,0,1,1,1,1785500100
2026-07-31T12:15:21Z,343,18,1,4,1,0,1,1,1,1785499720
2026-07-31T12:15:21Z,344,20,9,3,0,0,1,1,1,1785499871
2026-07-31T12:15:21Z,345,15,2,4,0,0,1,1,1,1785498696
2026-07-31T12:15:21Z,346,9,5,14,0,0,1,1,1,1785499178
2026-07-31T12:15:21Z,347,37,3,6,1,0,1,1,1,1785500072
2026-07-31T12:15:21Z,348,21,2,0,1,1,1,1,1,1785500076
2026-07-31T12:15:21Z,349,8,1,10,1,0,1,1,1,1785499833
2026-07-31T12:15:21Z,350,19,3,6,1,1,1,1,1,1785498754
2026-07-31T12:15:21Z,351,15,2,5,3,0,1,1,1,1785500071
2026-07-31T12:15:21Z,355,17,0,6,0,0,1,1,1,1785500030
2026-07-31T12:15:21Z,356,16,1,2,1,0,1,1,1,1785499278
2026-07-31T12:15:21Z,357,7,4,11,1,0,1,1,1,1785499724
2026-07-31T12:15:21Z,358,19,4,7,1,0,1,1,1,1785498480
2026-07-31T12:15:21Z,359,16,0,11,0,0,1,1,1,1785499140
2026-07-31T12:15:21Z,360,13,2,4,2,0,1,1,1,1785499893
2026-07-31T12:15:21Z,362,11,2,4,4,0,1,1,1,1785499791
2026-07-31T12:15:21Z,363,4,0,23,0,0,1,1,1,1785499274
2026-07-31T12:15:21Z,364,17,4,2,0,0,1,1,1,1785500110
2026-07-31T12:15:21Z,365,10,0,9,4,0,1,1,1,1785499693
2026-07-31T12:15:21Z,366,0,0,16,7,0,1,1,1,1785499873
2026-07-31T12:15:21Z,367,14,9,4,1,0,1,1,1,1785497713
2026-07-31T12:15:21Z,368,16,4,5,2,0,1,1,1,1785499475
2026-07-31T12:15:21Z,370,7,6,20,0,0,1,1,1,1785499775
2026-07-31T12:15:21Z,371,3,0,15,1,0,1,1,1,1785499659
2026-07-31T12:15:21Z,372,4,0,11,0,0,1,1,1,1785499229
2026-07-31T12:15:21Z,373,25,8,1,1,0,1,1,1,1785500072
2026-07-31T12:15:21Z,374,12,6,5,2,0,1,1,1,1785499800
2026-07-31T12:15:21Z,375,16,5,7,4,0,1,1,1,1785499947
2026-07-31T12:15:21Z,376,31,7,4,4,0,1,1,1,1785499726
2026-07-31T12:15:21Z,377,19,7,7,1,0,1,1,1,1785499484
2026-07-31T12:15:21Z,378,12,3,10,1,1,1,1,1,1785500029
2026-07-31T12:15:21Z,379,14,1,13,0,0,1,1,1,1785500043
2026-07-31T12:15:21Z,380,18,6,5,0,0,1,1,1,1785499042
2026-07-31T12:15:21Z,381,3,0,20,0,0,1,1,1,1785499914
2026-07-31T12:15:21Z,383,3,0,11,1,0,1,1,1,1785499669
2026-07-31T12:15:21Z,384,20,0,5,2,0,1,1,1,1785499574
2026-07-31T12:15:21Z,385,14,4,3,1,0,1,1,1,1785499529
2026-07-31T12:15:21Z,387,20,2,3,0,0,1,1,1,1785496960
2026-07-31T12:15:21Z,388,27,4,22,0,0,1,1,1,1785500020
2026-07-31T12:15:21Z,389,8,6,7,0,0,1,1,1,1785499055
2026-07-31T12:15:21Z,390,17,0,18,0,0,1,1,1,1785499994
2026-07-31T12:15:21Z,391,2,1,12,1,0,1,1,1,1785499889
2026-07-31T12:15:21Z,392,2,2,16,1,0,1,1,1,1785500013
2026-07-31T12:15:21Z,393,3,3,5,3,0,1,1,1,1785487292
2026-07-31T12:15:21Z,394,5,4,6,2,0,1,1,1,1785500017
2026-07-31T12:15:21Z,396,18,6,21,3,0,1,1,1,1785499947
2026-07-31T12:15:21Z,397,14,8,17,0,0,1,1,1,1785500033
2026-07-31T12:15:21Z,399,10,0,5,2,0,1,1,1,1785499688
2026-07-31T12:15:21Z,400,12,7,8,3,0,1,1,1,1785499882
2026-07-31T12:15:21Z,401,2,0,29,8,0,1,1,1,1785498953
2026-07-31T12:15:21Z,403,19,0,8,4,0,1,1,1,1785500103
2026-07-31T12:15:21Z,404,3,1,20,0,0,1,1,1,1785499972
2026-07-31T12:15:21Z,406,1,1,33,1,0,1,1,1,1785499451
2026-07-31T12:15:21Z,407,18,3,15,1,0,1,1,1,1785499747
2026-07-31T12:15:21Z,408,15,3,16,2,0,1,1,1,1785499687
2026-07-31T12:15:21Z,409,2,0,18,3,0,1,1,1,1785498301
2026-07-31T12:15:21Z,413,18,4,4,1,0,1,1,1,1785500000
2026-07-31T12:15:21Z,414,6,2,8,1,0,1,1,1,1785499940
2026-07-31T12:15:21Z,417,5,4,14,0,0,1,1,1,1785500041
2026-07-31T12:15:21Z,418,14,0,1,0,0,1,1,1,1785499941
2026-07-31T12:15:21Z,419,11,0,11,1,0,1,1,1,1785499805
2026-07-31T12:15:21Z,421,2,0,17,0,0,1,1,1,1785499382
2026-07-31T12:15:21Z,422,4,4,22,1,0,1,1,1,1785500110
2026-07-31T12:15:21Z,423,1,1,22,0,0,1,1,1,1785499631
2026-07-31T12:15:21Z,424,5,2,7,3,0,1,1,1,1785499761
2026-07-31T12:15:21Z,425,16,0,5,0,1,1,1,1,1785497662
2026-07-31T12:15:21Z,426,5,0,28,4,0,1,1,1,1785499621
2026-07-31T12:15:21Z,427,10,1,4,2,0,1,1,1,1785500102
2026-07-31T12:15:21Z,428,17,2,1,1,0,1,1,1,1785499619
2026-07-31T12:15:21Z,429,2,2,19,2,0,1,1,1,1785499160
2026-07-31T12:15:21Z,430,28,1,0,3,0,1,1,1,1785498350
2026-07-31T12:15:21Z,431,16,0,16,1,0,1,1,1,1785500099
2026-07-31T12:15:21Z,432,15,0,14,2,0,0,1,1,1785499644
2026-07-31T12:15:21Z,433,18,5,3,2,0,1,1,1,1785495888
2026-07-31T12:15:21Z,437,4,4,14,1,0,1,1,1,1785499750
2026-07-31T12:15:21Z,438,17,1,1,1,0,1,1,1,1785499955
2026-07-31T12:15:21Z,439,3,0,11,1,0,1,1,1,1785499738
2026-07-31T12:15:21Z,440,9,1,4,2,0,1,1,1,1785499638
2026-07-31T12:15:21Z,441,10,1,4,1,0,1,1,1,1785500065
2026-07-31T12:15:21Z,442,18,10,0,1,0,1,1,1,1785498676
2026-07-31T12:15:21Z,443,4,2,23,0,0,1,1,1,1785485488
2026-07-31T12:15:21Z,444,3,2,20,0,0,1,1,1,1785499224
2026-07-31T12:15:21Z,445,7,2,15,1,0,1,1,1,1785499863
2026-07-31T12:15:21Z,446,0,0,22,1,0,1,1,1,1785494652
2026-07-31T12:15:21Z,447,3,0,18,1,1,1,1,1,1785496389
2026-07-31T12:15:21Z,448,8,3,6,1,0,1,1,1,1785499469
2026-07-31T12:15:21Z,452,6,4,12,1,0,1,1,1,1785500048
2026-07-31T12:15:21Z,453,5,5,9,1,0,1,1,1,1785499396
2026-07-31T12:15:21Z,454,8,0,11,0,0,1,1,1,1785500102
2026-07-31T12:15:21Z,455,3,2,36,0,0,1,1,1,1785499773
2026-07-31T12:15:21Z,456,8,1,10,2,0,1,1,1,1785500108
2026-07-31T12:15:21Z,457,24,2,1,2,0,1,1,1,1785497302
2026-07-31T12:15:21Z,458,12,4,11,0,0,1,1,1,1785499509
2026-07-31T12:15:21Z,459,13,0,2,0,0,1,1,1,1785499809
2026-07-31T12:15:21Z,460,13,1,9,1,0,1,1,1,1785500066
2026-07-31T12:15:21Z,461,7,2,12,0,0,1,1,1,1785498939
2026-07-31T12:15:21Z,462,18,2,3,0,0,1,1,1,1785499954
2026-07-31T12:15:21Z,463,9,0,10,0,0,1,1,1,1785499420
2026-07-31T12:15:21Z,464,0,0,14,0,0,1,1,1,1785499858
2026-07-31T12:15:21Z,465,1,0,13,1,0,1,1,1,1785499838
2026-07-31T12:15:21Z,466,11,3,2,2,0,1,1,1,1785500010
2026-07-31T12:15:21Z,467,1,1,18,0,0,1,1,1,1785497262
2026-07-31T12:15:21Z,468,17,1,1,1,0,1,1,1,1785485789
2026-07-31T12:15:21Z,469,0,0,23,0,0,1,1,1,1785498649
2026-07-31T12:15:21Z,470,10,2,4,1,0,1,1,1,1785499970
2026-07-31T12:15:21Z,471,22,2,5,0,0,1,1,1,1785487895
2026-07-31T12:15:21Z,472,12,4,5,2,0,1,1,1,1785499917
2026-07-31T12:15:21Z,473,17,3,1,1,0,1,1,1,1785500079
2026-07-31T12:15:21Z,474,13,0,5,1,0,1,1,1,1785499707
2026-07-31T12:15:21Z,475,8,3,11,0,0,1,1,1,1785499966
2026-07-31T12:15:21Z,477,5,4,9,1,0,1,1,1,1785499822
2026-07-31T12:15:21Z,478,10,0,20,1,0,1,1,1,1785500094
2026-07-31T12:15:21Z,479,6,0,20,1,0,1,1,1,1785499012
2026-07-31T12:15:21Z,480,3,0,9,3,0,1,1,1,1785499233
2026-07-31T12:15:21Z,481,31,1,3,1,0,1,1,1,1785500004
2026-07-31T12:15:21Z,482,15,6,4,0,0,1,1,1,1785500067
2026-07-31T12:15:21Z,483,3,0,22,2,0,1,1,1,1785499920
2026-07-31T12:15:21Z,484,1,1,17,1,0,1,1,1,1785500012
2026-07-31T12:15:21Z,485,14,6,3,1,1,1,1,1,1785499970
2026-07-31T12:15:21Z,486,5,3,19,3,0,1,1,1,1785499969
2026-07-31T12:15:21Z,487,0,0,18,1,0,1,1,1,1785499667
2026-07-31T12:15:21Z,489,1,1,13,1,0,1,1,1,1785500017
2026-07-31T12:15:21Z,490,4,2,12,0,0,1,1,1,1785500094
2026-07-31T12:15:21Z,491,3,0,17,1,0,1,1,1,1785499956
2026-07-31T12:15:21Z,492,3,2,4,4,0,1,1,1,1785500111
2026-07-31T12:15:21Z,493,3,1,23,1,0,1,1,1,1785500083
2026-07-31T12:15:21Z,495,9,0,3,3,0,1,1,1,1785498768
2026-07-31T12:15:21Z,496,22,1,5,0,0,1,1,1,1785500002
2026-07-31T12:15:21Z,497,8,0,10,1,0,1,1,1,1785499607
2026-07-31T12:15:21Z,498,17,1,6,0,0,1,1,1,1785500061
2026-07-31T12:15:21Z,499,16,0,2,1,0,1,1,1,1785498891
2026-07-31T12:15:21Z,500,3,1,5,7,0,1,1,1,1785499947
2026-07-31T12:15:21Z,501,13,6,8,0,0,1,1,1,1785499745
2026-07-31T12:15:21Z,502,6,0,13,0,0,1,1,1,1785499369
2026-07-31T12:15:21Z,503,20,0,10,1,0,1,1,1,1785499904
2026-07-31T12:15:21Z,504,6,2,33,0,0,1,1,1,1785500087
2026-07-31T12:15:21Z,505,5,0,6,1,0,1,1,1,1785499433
2026-07-31T12:15:21Z,511,9,3,14,0,0,1,1,1,1785500017
2026-07-31T12:15:21Z,512,17,0,10,0,0,1,1,1,1785500010
2026-07-31T12:15:21Z,514,5,0,5,1,0,1,1,1,1785499759
2026-07-31T12:15:21Z,515,2,0,17,0,0,1,1,1,1785497478
2026-07-31T12:15:21Z,516,8,1,19,0,0,1,1,1,1785499052
2026-07-31T12:15:21Z,517,11,1,11,1,0,1,1,1,1785499069
2026-07-31T12:15:21Z,518,13,0,1,1,0,1,1,1,1785499590
2026-07-31T12:15:21Z,519,2,0,15,2,0,1,1,1,1785497842
2026-07-31T12:15:21Z,520,9,5,12,5,1,1,1,1,1785500113
2026-07-31T12:15:21Z,521,17,4,6,0,0,1,1,1,1785497490
2026-07-31T12:15:21Z,522,0,0,22,1,0,1,1,1,1785496158
2026-07-31T12:15:21Z,523,5,3,17,1,0,1,1,1,1785499698
2026-07-31T12:15:21Z,524,2,0,21,0,0,1,1,1,1785500111
2026-07-31T12:15:21Z,525,8,0,11,0,0,1,1,1,1785498932
2026-07-31T12:15:21Z,526,13,1,0,2,0,1,1,1,1785486390
2026-07-31T12:15:21Z,527,6,3,17,3,0,1,1,1,1785500004
2026-07-31T12:15:21Z,528,19,1,3,1,0,1,1,1,1785498176
2026-07-31T12:15:21Z,529,7,4,6,6,0,1,1,1,1785500110
2026-07-31T12:15:21Z,530,11,0,9,1,0,1,1,1,1785499950
2026-07-31T12:15:21Z,531,13,0,8,1,1,1,1,1,1785500088
2026-07-31T12:15:21Z,532,4,3,26,1,0,1,1,1,1785499821
2026-07-31T12:15:21Z,533,3,0,15,1,0,1,1,1,1785499531
2026-07-31T12:15:21Z,534,9,1,13,1,0,1,1,1,1785499797
2026-07-31T12:15:21Z,535,2,0,13,0,0,1,1,1,1785499670
2026-07-31T12:15:21Z,536,18,0,5,0,0,1,1,1,1785499655
2026-07-31T12:15:21Z,537,6,1,14,0,0,1,1,1,1785499372
2026-07-31T12:15:21Z,538,13,4,8,0,2,1,1,1,1785500068
2026-07-31T12:15:21Z,539,5,5,26,0,0,1,1,1,1785498487
2026-07-31T12:15:21Z,540,1,1,18,0,0,1,1,1,1785499822
2026-07-31T12:15:21Z,541,13,0,13,1,0,1,1,1,1785499818
2026-07-31T12:15:21Z,542,19,6,3,1,0,1,1,1,1785500006
2026-07-31T12:15:21Z,543,16,3,1,2,0,1,1,1,1785499989
2026-07-31T12:15:21Z,544,2,1,16,4,0,1,1,1,1785499983
2026-07-31T12:15:21Z,545,2,0,15,2,0,1,1,1,1785498561
2026-07-31T12:15:21Z,546,8,5,11,0,0,1,1,1,1785500035
2026-07-31T12:15:21Z,547,17,1,8,0,0,1,1,1,1785499434
2026-07-31T12:15:21Z,548,13,1,10,0,0,1,1,1,1785499245
2026-07-31T12:15:21Z,549,19,0,4,0,0,1,1,1,1785500113
2026-07-31T12:15:21Z,550,4,0,15,0,0,1,1,1,1785500114
2026-07-31T12:15:21Z,551,11,4,12,0,0,1,1,1,1785498819
2026-07-31T12:15:21Z,552,24,2,3,0,0,1,1,1,1785499350
2026-07-31T12:15:21Z,553,13,4,9,0,1,1,1,1,1785500003
2026-07-31T12:15:21Z,554,2,1,17,0,0,1,1,1,1785499811
2026-07-31T12:15:21Z,555,13,5,1,1,0,1,1,1,1785499646
2026-07-31T12:15:21Z,556,18,4,3,2,0,1,1,1,1785499991
2026-07-31T12:15:21Z,557,8,4,10,5,0,1,1,1,1785500034
2026-07-31T12:15:21Z,558,30,4,7,0,0,1,1,1,1785500037
2026-07-31T12:15:21Z,559,1,1,16,2,0,1,1,1,1785499024
2026-07-31T12:15:21Z,560,7,0,19,1,0,1,1,1,1785499857
2026-07-31T12:15:21Z,561,13,0,9,1,0,1,1,1,1785499311
2026-07-31T12:15:21Z,562,3,0,29,3,0,1,1,1,1785486691
2026-07-31T12:15:21Z,563,8,0,6,0,0,1,1,1,1785499160
2026-07-31T12:15:21Z,564,6,0,12,1,0,1,1,1,1785499527
2026-07-31T12:15:21Z,565,7,1,12,0,0,1,1,1,1785499782
2026-07-31T12:15:21Z,566,14,0,4,1,0,1,1,1,1785499913
2026-07-31T12:15:21Z,567,3,1,23,1,0,1,1,1,1785500043
2026-07-31T12:15:21Z,568,16,0,2,1,0,1,1,1,1785499731
2026-07-31T12:15:21Z,569,15,2,4,0,0,1,1,1,1785499264
2026-07-31T12:15:21Z,570,5,0,13,1,0,1,1,1,1785499963
2026-07-31T12:15:21Z,571,10,0,13,0,0,1,1,1,1785499376
2026-07-31T12:15:21Z,572,11,4,7,1,0,1,1,1,1785499938
2026-07-31T12:15:21Z,573,7,0,8,0,0,1,1,1,1785499263
2026-07-31T12:15:21Z,574,3,0,12,0,0,1,1,1,1785499872
2026-07-31T12:15:21Z,575,5,0,15,1,0,1,1,1,1785499518
2026-07-31T12:15:21Z,576,4,1,13,2,0,1,1,1,1785499681
2026-07-31T12:15:21Z,577,18,0,13,0,0,1,1,1,1785499356
2026-07-31T12:15:21Z,578,10,9,12,1,0,1,1,1,1785499451
2026-07-31T12:15:21Z,579,8,0,35,0,0,1,1,1,1785500078
2026-07-31T12:15:21Z,580,0,0,29,0,0,1,1,1,1785498895
2026-07-31T12:15:21Z,581,9,0,10,0,0,1,1,1,1785500112
2026-07-31T12:15:21Z,582,18,0,42,1,0,1,1,1,1785500114
2026-07-31T12:15:21Z,583,20,0,3,0,0,1,1,1,1785499975
2026-07-31T12:15:21Z,584,5,4,9,5,0,1,1,1,1785499323
2026-07-31T12:15:21Z,585,8,2,18,0,1,1,1,1,1785499957
2026-07-31T12:15:21Z,586,9,0,26,0,0,1,1,1,1785499538
2026-07-31T12:15:21Z,587,10,0,13,1,0,1,1,1,1785499712
2026-07-31T12:15:21Z,588,8,3,8,2,1,1,1,1,1785499918
2026-07-31T12:15:21Z,589,9,6,12,1,0,1,1,1,1785499616
2026-07-31T12:15:21Z,590,13,1,17,1,0,1,1,1,1785500036
2026-07-31T12:15:21Z,591,16,0,12,2,0,1,1,1,1785499764
2026-07-31T12:15:21Z,592,11,0,12,0,0,1,1,1,1785498834
2026-07-31T12:15:21Z,593,4,0,34,0,0,1,1,1,1785499659
2026-07-31T12:15:21Z,594,6,1,13,2,0,1,1,1,1785499914
2026-07-31T12:15:21Z,595,0,0,3,0,0,0,1,1,1784046673
2026-07-31T12:15:21Z,605,0,0,2,1,0,0,1,1,1783975843
2026-07-31T12:15:21Z,606,0,0,0,0,0,0,1,1,86400
2026-07-31T12:15:21Z,607,21,3,10,1,0,1,1,1,1785499932
2026-07-31T12:15:21Z,608,7,2,43,0,0,1,1,1,1785500019
2026-07-31T12:15:21Z,609,18,12,5,0,0,1,1,1,1785499837
2026-07-31T12:15:21Z,610,5,3,30,0,0,1,1,1,1785500076
2026-07-31T12:15:21Z,611,4,0,22,1,0,1,1,1,1785500098
2026-07-31T12:15:21Z,612,7,1,8,0,0,1,1,1,1785498548
2026-07-31T12:15:21Z,613,9,0,2,4,0,1,1,1,1785489318
2026-07-31T12:15:21Z,614,4,2,20,2,1,1,1,1,1785499517
2026-07-31T12:15:21Z,617,9,1,4,2,0,1,1,1,1785499571
2026-07-31T12:15:21Z,618,10,1,5,4,0,1,1,1,1785499307
2026-07-31T12:15:21Z,619,3,2,16,0,0,1,1,1,1785497984
2026-07-31T12:15:21Z,620,6,1,21,0,0,1,1,1,1785499661
2026-07-31T12:15:21Z,621,9,7,13,1,0,1,1,1,1785500063
2026-07-31T12:15:21Z,622,10,4,12,1,0,1,1,1,1785500080
2026-07-31T12:15:21Z,623,10,4,19,1,0,1,1,1,1785499631
2026-07-31T12:15:21Z,624,0,0,15,0,0,1,1,1,1785499735
2026-07-31T12:15:21Z,625,3,0,16,2,0,1,1,1,1785497695
2026-07-31T12:15:21Z,626,11,0,34,0,2,1,1,1,1785500069
2026-07-31T12:15:21Z,627,14,6,5,0,0,1,1,1,1785493197
2026-07-31T12:15:21Z,628,1,1,14,2,2,1,1,1,1785500089
2026-07-31T12:15:21Z,629,4,1,6,1,0,1,1,1,1785499824
2026-07-31T12:15:21Z,630,3,2,21,3,0,1,1,1,1785499964
2026-07-31T12:15:21Z,631,6,2,17,0,0,1,1,1,1785499998
2026-07-31T12:15:21Z,632,20,0,1,2,0,1,1,1,1785492884
2026-07-31T12:15:21Z,633,12,1,0,3,0,1,1,1,1785500030
2026-07-31T12:15:21Z,634,10,2,9,0,0,1,1,1,1785498289
2026-07-31T12:15:21Z,635,15,1,4,0,0,1,1,1,1785497505
2026-07-31T12:15:21Z,636,10,2,5,0,0,1,1,1,1785488201
2026-07-31T12:15:21Z,637,8,1,10,1,0,1,1,1,1785499729
2026-07-31T12:15:21Z,638,6,1,11,2,0,1,1,1,1785498868
2026-07-31T12:15:21Z,639,7,2,10,2,0,1,1,1,1785499896
2026-07-31T12:15:21Z,640,7,5,15,1,0,1,1,1,1785499964
2026-07-31T12:15:21Z,641,16,0,8,2,0,1,1,1,1785499650
2026-07-31T12:15:21Z,642,3,3,7,9,0,1,1,1,1785500113
2026-07-31T12:15:21Z,643,3,0,17,7,0,1,1,1,1785500114
2026-07-31T12:15:21Z,644,11,0,3,1,0,1,1,1,1785499858
2026-07-31T12:15:21Z,645,11,0,10,1,1,1,1,1,1785499783
2026-07-31T12:15:21Z,646,7,2,12,0,0,1,1,1,1785499842
2026-07-31T12:15:21Z,647,28,2,3,0,0,1,1,1,1785498670
2026-07-31T12:15:21Z,648,6,0,12,1,0,1,1,1,1785497783
2026-07-31T12:15:21Z,649,19,2,11,1,0,1,1,1,1785499115
2026-07-31T12:15:21Z,650,5,1,9,0,0,1,1,1,1785488201
2026-07-31T12:15:21Z,651,7,7,16,0,0,1,1,1,1785496786
2026-07-31T12:15:21Z,652,2,2,19,2,0,1,1,1,1785499951
2026-07-31T12:15:21Z,653,6,1,13,0,0,1,1,1,1785500067
2026-07-31T12:15:21Z,654,2,2,13,0,0,1,1,1,1785488202
2026-07-31T12:15:21Z,655,7,3,1,4,1,1,1,1,1785499914
2026-07-31T12:15:21Z,656,16,6,3,0,0,1,1,1,1785499592
2026-07-31T12:15:21Z,657,9,1,4,2,2,1,1,1,1785499924
2026-07-31T12:15:21Z,658,9,1,1,0,0,1,1,1,1785473427
2026-07-31T12:15:21Z,659,8,3,5,2,0,1,1,1,1785500108
2026-07-31T12:15:21Z,660,12,0,15,4,0,1,1,1,1785499875
2026-07-31T12:15:21Z,661,1,1,18,0,0,1,1,1,1785499893
2026-07-31T12:15:21Z,662,4,3,16,3,0,1,1,1,1785499187
2026-07-31T12:15:21Z,663,11,6,3,1,0,1,1,1,1785499945
2026-07-31T12:15:21Z,664,3,0,24,0,0,1,1,1,1785500047
2026-07-31T12:15:21Z,665,12,3,3,0,0,1,1,1,1785488202
2026-07-31T12:15:21Z,666,8,2,5,2,0,1,1,1,1785495733
2026-07-31T12:15:21Z,667,0,0,19,0,0,1,1,1,1785486991
2026-07-31T12:15:21Z,668,9,1,10,0,0,1,1,1,1785499356
2026-07-31T12:15:21Z,669,12,5,2,0,0,1,1,1,1785498348
2026-07-31T12:15:21Z,670,7,1,20,0,0,1,1,1,1785498993
2026-07-31T12:15:21Z,671,26,5,0,1,0,1,1,1,1785498199
2026-07-31T12:15:21Z,672,12,2,7,3,1,1,1,1,1785500021
2026-07-31T12:15:21Z,673,19,2,3,1,0,1,1,1,1785499766
2026-07-31T12:15:21Z,674,4,1,16,3,0,1,1,1,1785499949
2026-07-31T12:15:21Z,675,12,6,1,2,0,1,1,1,1785500070
2026-07-31T12:15:21Z,676,11,1,10,1,0,1,1,1,1785499601
2026-07-31T12:15:21Z,681,10,2,2,3,0,1,1,1,1785500092
2026-07-31T12:15:21Z,682,4,1,14,1,0,1,1,1,1785486991
2026-07-31T12:15:21Z,683,3,1,16,0,0,1,1,1,1785499114
2026-07-31T12:15:21Z,684,2,0,25,0,0,1,1,1,1785498876
2026-07-31T12:15:21Z,685,8,0,17,1,1,1,1,1,1785498843
2026-07-31T12:15:21Z,686,8,0,16,3,0,1,1,1,1785499943
2026-07-31T12:15:21Z,687,11,0,18,1,1,1,1,1,1785499956
2026-07-31T12:15:21Z,688,10,0,2,7,0,1,1,1,1785500030
2026-07-31T12:15:21Z,692,2,2,19,0,0,1,1,1,1785499746
2026-07-31T12:15:21Z,693,6,0,2,3,0,1,1,1,1785499854
2026-07-31T12:15:21Z,694,10,6,11,0,0,1,1,1,1785499942
2026-07-31T12:15:21Z,695,12,8,11,0,0,1,1,1,1785499784
2026-07-31T12:15:21Z,696,17,13,4,2,0,1,1,1,1785499869
2026-07-31T12:15:21Z,697,13,0,10,0,0,1,1,1,1785500062
2026-07-31T12:15:21Z,698,17,0,10,0,0,1,1,1,1785500009
2026-07-31T12:15:21Z,699,7,0,7,1,0,1,1,1,1785498359
2026-07-31T12:15:21Z,700,19,4,0,0,0,1,1,1,1785499278
2026-07-31T12:15:21Z,701,15,6,4,0,0,1,1,1,1785499748
2026-07-31T12:15:21Z,702,16,1,5,2,0,1,1,1,1785500041
2026-07-31T12:15:21Z,704,6,1,9,0,0,1,1,1,1785499779
2026-07-31T12:15:21Z,705,3,1,10,2,0,1,1,1,1785499551
2026-07-31T12:15:21Z,706,12,2,0,3,0,1,1,1,1785499705
2026-07-31T12:15:21Z,707,8,1,7,0,0,1,1,1,1785498513
2026-07-31T12:15:21Z,708,16,3,3,0,0,1,1,1,1785500042
2026-07-31T12:15:21Z,709,9,0,3,3,0,1,1,1,1785498558
2026-07-31T12:15:21Z,710,15,4,3,1,0,1,1,1,1785499786
2026-07-31T12:15:21Z,711,18,3,1,4,0,1,1,1,1785500094
2026-07-31T12:15:21Z,712,7,6,8,0,0,1,1,1,1785499725
2026-07-31T12:15:21Z,713,5,0,18,0,0,1,1,1,1785499014
2026-07-31T12:15:21Z,716,3,2,12,0,0,1,1,1,1785500061
2026-07-31T12:15:21Z,717,4,2,18,3,0,1,1,1,1785498335
2026-07-31T12:15:21Z,718,6,1,8,1,0,1,1,1,1785499876
2026-07-31T12:15:21Z,719,10,3,19,0,0,1,1,1,1785500032
2026-07-31T12:15:21Z,720,1,0,18,0,0,1,1,1,1785499089
2026-07-31T12:15:21Z,721,0,0,21,2,0,1,1,1,1785500014
2026-07-31T12:15:21Z,722,5,0,10,0,0,1,1,1,1785500108
2026-07-31T12:15:21Z,723,12,1,11,0,0,1,1,1,1785498392
2026-07-31T12:15:21Z,724,9,4,14,0,0,1,1,1,1785499670
2026-07-31T12:15:21Z,725,14,4,8,1,0,1,1,1,1785499561
2026-07-31T12:15:21Z,726,16,2,3,0,0,1,1,1,1785499507
2026-07-31T12:15:21Z,727,8,3,12,3,0,1,1,1,1785499301
2026-07-31T12:15:21Z,728,9,0,5,1,0,1,1,1,1785498838
2026-07-31T12:15:21Z,729,1,1,18,0,0,1,1,1,1785500043
2026-07-31T12:15:21Z,730,3,2,10,2,0,1,1,1,1785499432
2026-07-31T12:15:21Z,731,9,3,5,1,0,1,1,1,1785498548
2026-07-31T12:15:21Z,732,7,5,8,0,0,1,1,1,1785499586
2026-07-31T12:15:21Z,733,3,2,24,0,0,1,1,1,1785499707
2026-07-31T12:15:21Z,734,0,0,13,1,0,1,1,1,1785499529
2026-07-31T12:15:21Z,735,3,3,24,0,0,1,1,1,1785499327
2026-07-31T12:15:21Z,736,6,0,12,1,0,1,1,1,1785498981
2026-07-31T12:15:21Z,737,4,3,10,0,1,1,1,1,1785498981
2026-07-31T12:15:21Z,738,15,4,2,2,0,1,1,1,1785500055
2026-07-31T12:15:21Z,739,20,2,6,1,0,1,1,1,1785498616
2026-07-31T12:15:21Z,741,7,0,16,0,0,1,1,1,1785499815
2026-07-31T12:15:21Z,742,11,2,22,2,0,1,1,1,1785500080
2026-07-31T12:15:21Z,743,10,4,8,1,0,1,1,1,1785499099
2026-07-31T12:15:21Z,744,9,3,5,1,0,1,1,1,1785499246
2026-07-31T12:15:21Z,745,13,4,5,1,0,1,1,1,1785499261
2026-07-31T12:15:21Z,746,7,0,14,2,0,1,1,1,1785500063
2026-07-31T12:15:21Z,747,0,0,4,0,0,0,1,1,1783446606
2026-07-31T12:15:21Z,748,10,1,13,0,0,1,1,1,1785500069
2026-07-31T12:15:21Z,749,6,5,16,1,0,1,1,1,1785499980
2026-07-31T12:15:21Z,750,4,1,7,0,0,1,1,1,1785499557
2026-07-31T12:15:21Z,751,11,0,12,0,0,1,1,1,1785499950
2026-07-31T12:15:21Z,752,15,1,1,1,0,1,1,1,1785498699
2026-07-31T12:15:21Z,753,1,0,14,0,0,1,1,1,1785499857
2026-07-31T12:15:21Z,754,4,2,10,1,0,1,1,1,1785499782
2026-07-31T12:15:21Z,755,12,3,10,1,0,1,1,1,1785499930
2026-07-31T12:15:21Z,756,13,9,24,0,0,1,1,1,1785500033
2026-07-31T12:15:21Z,757,17,9,1,1,0,1,1,1,1785500040
2026-07-31T12:15:21Z,758,18,2,5,0,0,1,1,1,1785499679
2026-07-31T12:15:21Z,759,0,0,0,0,0,1,1,1,86400
2026-07-31T12:15:21Z,760,9,4,10,0,0,1,1,1,1785499338
2026-07-31T12:15:21Z,761,20,0,2,1,0,1,1,1,1785499708
2026-07-31T12:15:21Z,762,5,3,5,5,0,1,1,1,1785498522
2026-07-31T12:15:21Z,768,8,0,8,3,0,1,1,1,1785499473
2026-07-31T12:15:21Z,769,17,12,2,0,0,1,1,1,1785499879
2026-07-31T12:15:21Z,770,11,3,6,2,0,1,1,1,1785499043
2026-07-31T12:15:21Z,771,12,2,2,1,0,1,1,1,1785498925
2026-07-31T12:15:21Z,772,8,1,7,0,0,1,1,1,1785499091
2026-07-31T12:15:21Z,773,15,4,4,0,0,1,1,1,1785498942
2026-07-31T12:15:21Z,774,8,5,4,3,0,1,1,1,1785498926
2026-07-31T12:15:21Z,775,7,0,10,1,1,1,1,1,1785494713
2026-07-31T12:15:21Z,776,3,1,17,1,0,1,1,1,1785499281
2026-07-31T12:15:21Z,777,10,0,2,3,0,1,1,1,1785499024
2026-07-31T12:15:21Z,778,13,0,3,3,0,1,1,1,1785498969
2026-07-31T12:15:21Z,779,8,1,10,1,0,1,1,1,1785499860
2026-07-31T12:15:21Z,780,16,1,2,1,0,1,1,1,1785500069
2026-07-31T12:15:21Z,781,4,0,5,2,0,1,1,1,1785499765
2026-07-31T12:15:21Z,782,5,3,10,4,0,1,1,1,1785500005
2026-07-31T12:15:21Z,783,6,0,13,0,0,1,1,1,1785499841
2026-07-31T12:15:21Z,784,19,2,0,0,0,1,1,1,1785499451
2026-07-31T12:15:21Z,785,10,2,3,6,0,1,1,1,1785500018
2026-07-31T12:15:21Z,786,12,5,7,0,0,1,1,1,1785499673
2026-07-31T12:15:21Z,787,10,5,3,2,0,1,1,1,1785499296
2026-07-31T12:15:21Z,788,3,0,12,0,0,1,1,1,1785498515
2026-07-31T12:15:21Z,789,9,2,2,4,0,1,1,1,1785498741
2026-07-31T12:15:21Z,790,2,0,20,1,0,1,1,1,1785500091
2026-07-31T12:15:21Z,791,7,0,11,0,1,1,1,1,1785498709
2026-07-31T12:15:21Z,793,4,0,10,1,0,1,1,1,1785498878
2026-07-31T12:15:21Z,794,15,8,12,2,0,1,1,1,1785499674
2026-07-31T12:15:21Z,796,1,0,16,2,0,1,1,1,1785500042
2026-07-31T12:15:21Z,797,1,0,14,0,0,1,1,1,1785499482
2026-07-31T12:15:21Z,798,12,1,12,1,0,1,1,1,1785499289
2026-07-31T12:15:21Z,799,14,1,2,3,0,1,1,1,1785498659
2026-07-31T12:15:21Z,800,9,0,11,1,0,1,1,1,1785500109
2026-07-31T12:15:21Z,801,13,6,7,1,0,1,1,1,1785499871
2026-07-31T12:15:21Z,802,8,0,23,0,0,1,1,1,1785500108
2026-07-31T12:15:21Z,803,1,1,14,0,0,1,1,1,1785498483
2026-07-31T12:15:21Z,806,5,2,10,0,0,1,1,1,1785499578
2026-07-31T12:15:21Z,807,13,1,10,2,0,1,1,1,1785499172
2026-07-31T12:15:21Z,808,3,1,20,2,0,1,1,1,1785499242
2026-07-31T12:15:21Z,809,4,0,18,1,0,1,1,1,1785498672
2026-07-31T12:15:21Z,810,2,0,13,4,0,1,1,1,1785499113
2026-07-31T12:15:21Z,815,0,0,10,4,1,1,1,1,1785499338
2026-07-31T12:15:21Z,817,10,4,5,0,0,1,1,1,1785499817
2026-07-31T12:15:21Z,818,4,0,18,1,0,1,1,1,1785499738
2026-07-31T12:15:21Z,819,6,4,9,0,0,1,1,1,1785487291
2026-07-31T12:15:21Z,820,8,2,9,0,0,1,1,1,1785499726
2026-07-31T12:15:21Z,821,2,1,13,0,0,1,1,1,1785498839
2026-07-31T12:15:21Z,822,7,0,15,1,0,1,1,1,1785499960
2026-07-31T12:15:21Z,823,1,1,14,0,0,1,1,1,1785499061
2026-07-31T12:15:21Z,824,11,5,8,0,0,1,1,1,1785499599
2026-07-31T12:15:21Z,825,8,5,7,0,0,1,1,1,1785495662
2026-07-31T12:15:21Z,826,15,3,2,2,0,1,1,1,1785499628
2026-07-31T12:15:21Z,827,15,4,5,1,0,1,1,1,1785499142
2026-07-31T12:15:21Z,828,13,0,3,2,0,1,1,1,1785500044
2026-07-31T12:15:21Z,829,14,5,13,0,0,1,1,1,1785499885
2026-07-31T12:15:21Z,830,17,2,5,1,0,1,1,1,1785499116
2026-07-31T12:15:21Z,831,6,2,8,1,0,1,1,1,1785500090
2026-07-31T12:15:21Z,832,10,3,5,3,0,1,1,1,1785498627
2026-07-31T12:15:21Z,833,0,0,18,1,0,1,1,1,1785499951
2026-07-31T12:15:21Z,834,6,0,17,1,0,1,1,1,1785499701
2026-07-31T12:15:21Z,835,9,3,7,2,0,1,1,1,1785500006
2026-07-31T12:15:21Z,837,5,1,0,10,0,1,1,1,1785498360
2026-07-31T12:15:21Z,838,15,5,0,0,0,1,1,1,1785499022
2026-07-31T12:15:21Z,839,8,1,21,0,0,1,1,1,1785500095
2026-07-31T12:15:21Z,840,10,3,18,1,0,1,1,1,1785499948
2026-07-31T12:15:21Z,841,7,1,8,0,0,1,1,1,1785500084
2026-07-31T12:15:21Z,842,6,1,17,0,0,1,1,1,1785499910
2026-07-31T12:15:21Z,843,8,0,22,1,0,1,1,1,1785498359
2026-07-31T12:15:21Z,844,5,0,18,0,0,1,1,1,1785500115
2026-07-31T12:15:21Z,845,5,3,12,2,0,1,1,1,1785498468
2026-07-31T12:15:21Z,846,4,0,14,1,0,1,1,1,1785499812
2026-07-31T12:15:21Z,847,7,1,20,0,0,1,1,1,1785499229
2026-07-31T12:15:21Z,848,8,3,10,1,0,1,1,1,1785498928
2026-07-31T12:15:21Z,849,6,1,8,1,0,1,1,1,1785499541
2026-07-31T12:15:21Z,850,8,0,1,2,0,1,1,1,1785499525
2026-07-31T12:15:21Z,851,8,6,27,2,0,1,1,1,1785499583
2026-07-31T12:15:21Z,852,12,6,7,0,0,1,1,1,1785499991
2026-07-31T12:15:21Z,853,10,5,13,0,0,1,1,1,1785499068
2026-07-31T12:15:21Z,854,3,2,12,0,0,1,1,1,1785499118
2026-07-31T12:15:21Z,855,25,0,2,0,0,1,1,1,1785497123
2026-07-31T12:15:21Z,857,5,3,14,0,0,1,1,1,1785499664
2026-07-31T12:15:21Z,858,4,1,14,1,0,1,1,1,1785498845
2026-07-31T12:15:21Z,859,4,0,16,1,0,1,1,1,1785499062
2026-07-31T12:15:21Z,861,8,1,2,1,0,1,1,1,1785488201
2026-07-31T12:15:21Z,862,2,2,13,0,0,1,1,1,1785500114
2026-07-31T12:15:21Z,863,13,0,5,1,0,1,1,1,1785488200
2026-07-31T12:15:21Z,866,11,3,8,0,0,1,1,1,1785498619
2026-07-31T12:15:21Z,867,13,1,2,0,0,1,1,1,1785499727
2026-07-31T12:15:21Z,868,12,2,3,0,0,1,1,1,1785499946
2026-07-31T12:15:21Z,870,7,4,6,2,0,1,1,1,1785498352
2026-07-31T12:15:21Z,871,0,0,10,1,0,1,1,1,1785499532
2026-07-31T12:15:21Z,872,0,0,14,1,0,1,1,1,1785500083
2026-07-31T12:15:21Z,873,9,3,23,1,0,1,1,1,1785500110
2026-07-31T12:15:21Z,874,2,0,10,3,0,1,1,1,1785498981
2026-07-31T12:15:21Z,875,15,11,0,0,0,1,1,1,1785499343
2026-07-31T12:15:21Z,877,12,10,5,2,0,1,1,1,1785499707
2026-07-31T12:15:21Z,878,4,3,14,1,0,1,1,1,1785498470
2026-07-31T12:15:21Z,879,3,1,16,0,0,1,1,1,1785499327
2026-07-31T12:15:21Z,880,1,0,21,1,0,1,1,1,1785499340
2026-07-31T12:15:21Z,881,1,1,18,0,0,1,1,1,1785498543
2026-07-31T12:15:21Z,882,10,0,6,3,0,1,1,1,1785488200
2026-07-31T12:15:21Z,883,11,6,8,0,0,1,1,1,1785498579
2026-07-31T12:15:21Z,884,10,7,11,0,0,1,1,1,1785499704
2026-07-31T12:15:21Z,885,1,0,18,0,0,1,1,1,1785499979
2026-07-31T12:15:21Z,886,18,1,10,1,0,1,1,1,1785500006
2026-07-31T12:15:21Z,887,4,1,10,3,0,1,1,1,1785499287
2026-07-31T12:15:21Z,888,21,1,18,1,1,1,1,1,1785500064
2026-07-31T12:15:21Z,889,10,0,7,2,0,1,1,1,1785499439
2026-07-31T12:15:21Z,890,6,4,9,0,0,1,1,1,1785489632
2026-07-31T12:15:21Z,891,20,0,3,0,0,1,1,1,1785500026
2026-07-31T12:15:21Z,892,13,1,2,0,0,1,1,1,1785488200
2026-07-31T12:15:21Z,895,0,0,18,1,0,1,1,1,1785489208
2026-07-31T12:15:21Z,896,8,1,27,0,0,1,1,1,1785499864
2026-07-31T12:15:21Z,897,11,1,10,0,0,1,1,1,1785498363
2026-07-31T12:15:21Z,898,3,0,16,0,0,1,1,1,1785499896
2026-07-31T12:15:21Z,899,0,0,18,1,0,1,1,1,1785499128
2026-07-31T12:15:21Z,900,10,0,15,2,0,1,1,1,1785499326
2026-07-31T12:15:21Z,901,7,0,11,1,0,1,1,1,1785499671
2026-07-31T12:15:21Z,902,8,0,6,1,0,1,1,1,1785499826
2026-07-31T12:15:21Z,903,13,2,5,1,0,1,1,1,1785499298
2026-07-31T12:15:21Z,904,9,4,9,1,0,1,1,1,1785498473
2026-07-31T12:15:21Z,905,9,2,18,0,0,1,1,1,1785499326
2026-07-31T12:15:21Z,906,1,0,26,0,0,1,1,1,1785499349
2026-07-31T12:15:21Z,907,3,1,28,0,0,1,1,1,1785500087
2026-07-31T12:15:21Z,908,8,0,15,0,0,1,1,1,1785499100
2026-07-31T12:15:21Z,909,6,0,16,1,0,1,1,1,1785500107
2026-07-31T12:15:21Z,910,7,0,24,0,0,1,1,1,1785499891
2026-07-31T12:15:21Z,911,5,2,14,0,0,1,1,1,1785499831
2026-07-31T12:15:21Z,912,13,4,8,2,0,1,1,1,1785499689
2026-07-31T12:15:21Z,913,4,1,15,0,0,1,1,1,1785499263
2026-07-31T12:15:21Z,914,8,1,11,0,0,1,1,1,1785498915
2026-07-31T12:15:21Z,915,7,0,15,1,0,1,1,1,1785499315
2026-07-31T12:15:21Z,916,23,8,0,0,0,1,1,1,1785499232
2026-07-31T12:15:21Z,917,15,4,19,1,0,1,1,1,1785500113
2026-07-31T12:15:21Z,918,6,1,11,2,0,1,1,1,1785499928
2026-07-31T12:15:21Z,919,2,0,36,1,0,1,1,1,1785499807
2026-07-31T12:15:21Z,920,4,2,15,0,0,1,1,1,1785498806
2026-07-31T12:15:21Z,921,12,0,9,0,0,1,1,1,1785499970
2026-07-31T12:15:21Z,922,3,0,17,1,0,1,1,1,1785499949
2026-07-31T12:15:21Z,923,16,2,3,0,0,1,1,1,1785499642
2026-07-31T12:15:21Z,924,8,2,13,0,0,1,1,1,1785499166
2026-07-31T12:15:21Z,925,13,0,8,0,0,1,1,1,1785498636
2026-07-31T12:15:21Z,926,2,1,19,0,0,1,1,1,1785498767
2026-07-31T12:15:21Z,927,6,0,29,0,0,1,1,1,1785499894
2026-07-31T12:15:21Z,928,5,3,14,0,0,0,1,1,1785464301
2026-07-31T12:15:21Z,929,3,0,20,0,0,1,1,1,1785499699
2026-07-31T12:15:21Z,930,0,0,30,1,0,1,1,1,1785498397
2026-07-31T12:15:21Z,931,11,9,12,0,0,1,1,1,1785499876
2026-07-31T12:15:21Z,932,0,0,16,3,0,1,1,1,1785500034
2026-07-31T12:15:21Z,933,2,0,21,0,0,1,1,1,1785499938
2026-07-31T12:15:21Z,934,7,0,23,1,0,1,1,1,1785499935
2026-07-31T12:15:21Z,935,18,4,0,1,0,1,1,1,1785499348
2026-07-31T12:15:21Z,936,4,1,15,0,0,1,1,1,1785456801
2026-07-31T12:15:21Z,940,11,0,0,0,0,1,1,1,1785499838
2026-07-31T12:15:21Z,941,9,1,14,2,0,1,1,1,1785499168
2026-07-31T12:15:21Z,942,3,0,17,1,0,1,1,1,1785500095
2026-07-31T12:15:21Z,943,9,8,6,0,0,1,1,1,1785498375
2026-07-31T12:15:21Z,944,9,8,6,0,0,1,1,1,1785500011
2026-07-31T12:15:21Z,945,10,8,5,0,0,1,1,1,1785499526
2026-07-31T12:15:21Z,946,7,5,12,0,0,1,1,1,1785487593
2026-07-31T12:15:21Z,947,7,5,10,0,0,1,1,1,1785500024
2026-07-31T12:15:21Z,948,26,9,0,5,0,1,1,1,1785499633
2026-07-31T12:15:21Z,949,12,4,3,0,0,1,1,1,1785499994
2026-07-31T12:15:21Z,950,11,4,5,1,0,1,1,1,1785500034
2026-07-31T12:15:21Z,951,20,4,2,1,0,1,1,1,1785499828
2026-07-31T12:15:21Z,952,23,5,32,0,0,1,1,1,1785499970
2026-07-31T12:15:21Z,953,6,1,8,1,0,1,1,1,1785499996
2026-07-31T12:15:21Z,954,12,3,7,0,0,1,1,1,1785499809
2026-07-31T12:15:21Z,955,6,4,15,6,0,1,1,1,1785499372
2026-07-31T12:15:21Z,956,21,0,1,1,0,1,1,1,1785500077
2026-07-31T12:15:21Z,957,10,1,19,0,0,1,1,1,1785499918
2026-07-31T12:15:21Z,958,23,2,8,0,0,1,1,1,1785499721
2026-07-31T12:15:21Z,959,16,7,4,3,0,1,1,1,1785499931
2026-07-31T12:15:21Z,960,16,0,6,1,0,1,1,1,1785500073
2026-07-31T12:15:21Z,961,0,0,20,3,0,1,1,1,1785498941
2026-07-31T12:15:21Z,962,9,2,23,3,0,1,1,1,1785499229
2026-07-31T12:15:21Z,963,21,0,1,1,0,1,1,1,1785499938
2026-07-31T12:15:21Z,964,11,8,11,1,0,1,1,1,1785500079
2026-07-31T12:15:21Z,965,10,3,16,1,0,1,1,1,1785499869
2026-07-31T12:15:21Z,966,22,0,9,0,0,1,1,1,1785499214
2026-07-31T12:15:21Z,967,14,0,6,1,0,1,1,1,1785500051
2026-07-31T12:15:21Z,968,12,0,6,1,0,1,1,1,1785500023
2026-07-31T12:15:21Z,969,11,8,15,1,0,1,1,1,1785499932
2026-07-31T12:15:21Z,970,10,1,7,2,0,1,1,1,1785499481
2026-07-31T12:15:21Z,971,8,0,14,1,0,1,1,1,1785499682
2026-07-31T12:15:21Z,972,9,1,13,1,0,1,1,1,1785500008
2026-07-31T12:15:21Z,973,7,4,15,1,0,1,1,1,1785499525
2026-07-31T12:15:21Z,974,16,0,10,1,0,1,1,1,1785499927
2026-07-31T12:15:21Z,977,5,5,14,2,0,1,1,1,1785500016
2026-07-31T12:15:21Z,978,12,0,11,0,0,1,1,1,1785499463
2026-07-31T12:15:21Z,979,12,0,5,0,0,1,1,1,1785499596
2026-07-31T12:15:21Z,980,9,0,10,2,0,1,1,1,1785499724
2026-07-31T12:15:21Z,981,8,0,12,1,0,1,1,1,1785499771
2026-07-31T12:15:21Z,982,3,1,14,2,0,1,1,1,1785500064
2026-07-31T12:15:21Z,983,2,1,20,1,0,1,1,1,1785498675
2026-07-31T12:15:21Z,984,6,0,17,0,0,1,1,1,1785499700
2026-07-31T12:15:21Z,985,15,1,16,0,0,1,1,1,1785500060
2026-07-31T12:15:21Z,986,4,0,15,0,0,1,1,1,1785500061
2026-07-31T12:15:21Z,987,6,0,16,1,0,1,1,1,1785498793
2026-07-31T12:15:21Z,988,5,1,13,1,0,1,1,1,1785498402
2026-07-31T12:15:21Z,989,9,4,10,0,0,1,1,1,1785499207
2026-07-31T12:15:21Z,990,13,1,0,2,0,1,1,1,1785498442
2026-07-31T12:15:21Z,991,10,2,8,1,0,1,1,1,1785499938
2026-07-31T12:15:21Z,992,9,6,13,1,0,1,1,1,1785499981
2026-07-31T12:15:21Z,993,0,0,27,0,0,1,1,1,1785476008
2026-07-31T12:15:21Z,994,3,1,18,0,0,1,1,1,1785499216
2026-07-31T12:15:21Z,995,6,0,21,0,0,1,1,1,1785498435
2026-07-31T12:15:21Z,996,8,1,15,0,0,1,1,1,1785500049
2026-07-31T12:15:21Z,997,13,7,9,1,0,1,1,1,1785500076
2026-07-31T12:15:21Z,998,3,3,19,1,0,1,1,1,1785498546
2026-07-31T12:15:21Z,999,2,0,16,3,0,1,1,1,1785500086
2026-07-31T12:15:21Z,1000,5,2,16,0,0,1,1,1,1785499111
2026-07-31T12:15:21Z,1001,2,1,25,0,0,1,1,1,1785498575
2026-07-31T12:15:21Z,1002,2,2,27,2,0,1,1,1,1785498637
2026-07-31T12:15:21Z,1003,0,0,22,1,0,1,1,1,1785500009
2026-07-31T12:15:21Z,1004,8,1,15,0,0,1,1,1,1785499451
2026-07-31T12:15:21Z,1005,20,1,3,0,0,1,1,1,1785498381
2026-07-31T12:15:21Z,1006,7,4,11,1,0,1,1,1,1785500026
2026-07-31T12:15:21Z,1007,1,0,20,0,0,1,1,1,1785499794
2026-07-31T12:15:21Z,1008,6,5,15,2,0,1,1,1,1785499174
2026-07-31T12:15:21Z,1009,19,2,8,4,0,1,1,1,1785499038
2026-07-31T12:15:21Z,1010,7,2,20,0,0,1,1,1,1785499878
2026-07-31T12:15:21Z,1011,7,2,10,2,0,1,1,1,1785498584
2026-07-31T12:15:21Z,1012,4,3,18,1,0,1,1,1,1785499965
2026-07-31T12:15:21Z,1013,2,1,20,1,0,1,1,1,1785499958
2026-07-31T12:15:21Z,1014,7,2,13,3,0,1,1,1,1785498667
2026-07-31T12:15:21Z,1015,3,1,25,3,0,1,1,1,1785498959
2026-07-31T12:15:21Z,1016,10,5,21,0,0,1,1,1,1785499851
2026-07-31T12:15:21Z,1017,14,5,7,0,0,1,1,1,1785499369
2026-07-31T12:15:21Z,1018,7,2,15,0,0,1,1,1,1785500052
2026-07-31T12:15:21Z,1019,8,5,7,0,0,1,1,1,1785499966
2026-07-31T12:15:21Z,1020,18,3,3,0,0,1,1,1,1785499236
2026-07-31T12:15:21Z,1021,9,3,5,1,0,1,1,1,1785498952
2026-07-31T12:15:21Z,1022,14,0,13,0,0,1,1,1,1785498336
2026-07-31T12:15:21Z,1023,13,1,9,1,0,1,1,1,1785499790
2026-07-31T12:15:21Z,1024,6,2,12,1,0,1,1,1,1785498963
2026-07-31T12:15:21Z,1025,4,0,14,0,1,1,1,1,1785498304
2026-07-31T12:15:21Z,1026,7,4,18,6,0,1,1,1,1785499321
2026-07-31T12:15:21Z,1028,2,0,20,1,0,1,1,1,1785498327
2026-07-31T12:15:21Z,1029,10,9,4,1,0,1,1,1,1785499251
2026-07-31T12:15:21Z,1030,14,5,9,0,0,1,1,1,1785499012
2026-07-31T12:15:21Z,1031,8,0,11,0,0,1,1,1,1785499365
2026-07-31T12:15:21Z,1032,7,1,12,0,0,1,1,1,1785500030
2026-07-31T12:15:21Z,1033,9,5,10,0,0,1,1,1,1785500031
2026-07-31T12:15:21Z,1034,3,0,12,0,0,1,1,1,1785500036
2026-07-31T12:15:21Z,1035,1,0,16,2,0,1,1,1,1785500083
2026-07-31T12:15:21Z,1036,15,1,0,0,0,1,1,1,1785498803
2026-07-31T12:15:21Z,1037,5,0,13,1,0,1,1,1,1785498438
2026-07-31T12:15:21Z,1038,2,0,12,1,0,1,1,1,1785499734
2026-07-31T12:15:21Z,1039,7,2,12,0,0,1,1,1,1785498369
2026-07-31T12:15:21Z,1040,6,3,11,2,0,1,1,1,1785500071
2026-07-31T12:15:21Z,1041,10,3,9,0,0,1,1,1,1785499950
2026-07-31T12:15:21Z,1042,12,1,1,2,0,1,1,1,1785500030
2026-07-31T12:15:21Z,1043,11,0,5,3,0,1,1,1,1785500105
2026-07-31T12:15:21Z,1044,2,1,13,0,0,1,1,1,1785499788
2026-07-31T12:15:21Z,1045,10,0,9,0,0,1,1,1,1785500018
2026-07-31T12:15:21Z,1046,8,0,7,0,0,1,1,1,1785499413
2026-07-31T12:15:21Z,1047,5,0,16,0,0,1,1,1,1785498972
2026-07-31T12:15:21Z,1048,9,0,10,0,0,1,1,1,1785499995
2026-07-31T12:15:21Z,1049,5,0,16,0,0,1,1,1,1785500069
2026-07-31T12:15:21Z,1050,17,4,4,0,0,1,1,1,1785499347
2026-07-31T12:15:21Z,1051,8,3,13,0,0,1,1,1,1785499236
2026-07-31T12:15:21Z,1052,17,2,5,0,0,1,1,1,1785499863
2026-07-31T12:15:21Z,1053,2,1,13,0,0,1,1,1,1785499916
2026-07-31T12:15:21Z,1054,14,1,1,0,0,1,1,1,1785498361
2026-07-31T12:15:21Z,1055,6,0,13,0,0,1,1,1,1785498346
2026-07-31T12:15:21Z,1057,9,0,9,1,0,1,1,1,1785499845
2026-07-31T12:15:21Z,1058,3,0,51,2,0,1,1,1,1785499989
2026-07-31T12:15:21Z,1059,1,0,17,1,0,1,1,1,1785500045
2026-07-31T12:15:21Z,1060,29,0,8,0,0,1,1,1,1785499868
2026-07-31T12:15:21Z,1061,23,1,14,0,0,1,1,1,1785500053
2026-07-31T12:15:21Z,1062,11,1,6,0,0,1,1,1,1785499049
2026-07-31T12:15:21Z,1063,12,1,6,1,0,1,1,1,1785500073
2026-07-31T12:15:21Z,1064,3,0,19,1,0,1,1,1,1785498596
2026-07-31T12:15:21Z,1065,16,3,7,0,0,1,1,1,1785498838
2026-07-31T12:15:21Z,1066,10,2,13,0,0,1,1,1,1785498661
2026-07-31T12:15:21Z,1067,8,2,13,2,0,1,1,1,1785498930
2026-07-31T12:15:21Z,1068,8,2,13,2,0,1,1,1,1785498427
2026-07-31T12:15:21Z,1069,12,3,11,0,0,1,1,1,1785498471
2026-07-31T12:15:21Z,1070,12,2,11,0,0,1,1,1,1785498568
2026-07-31T12:15:21Z,1071,7,4,16,0,0,1,1,1,1785498607
2026-07-31T12:15:21Z,1072,11,1,11,1,0,1,1,1,1785499008
2026-07-31T12:15:21Z,1073,18,2,8,1,0,1,1,1,1785499790
2026-07-31T12:15:21Z,1074,2,0,50,1,0,1,1,1,1785499932
2026-07-31T12:15:21Z,1075,10,10,11,0,0,1,1,1,1785499793
2026-07-31T12:15:21Z,1076,15,12,6,0,0,1,1,1,1785499232
2026-07-31T12:15:21Z,1077,8,4,13,0,0,1,1,1,1785500015
2026-07-31T12:15:21Z,1078,11,10,10,0,0,1,1,1,1785499273
2026-07-31T12:15:21Z,1079,11,8,10,0,0,1,1,1,1785499899
2026-07-31T12:15:21Z,1080,10,8,10,1,0,1,1,1,1785498684
2026-07-31T12:15:21Z,1081,13,8,6,0,0,1,1,1,1785499063
2026-07-31T12:15:21Z,1082,7,7,1,0,0,1,1,1,1785498529
2026-07-31T12:15:21Z,1083,13,11,8,0,0,1,1,1,1785498352
2026-07-31T12:15:21Z,1084,9,8,12,0,0,1,1,1,1785499786
2026-07-31T12:15:21Z,1085,10,10,11,0,0,1,1,1,1785499442
2026-07-31T12:15:21Z,1086,4,1,16,1,0,1,1,1,1785498948
2026-07-31T12:15:21Z,1087,8,6,7,0,0,1,1,1,1785499755
2026-07-31T12:15:21Z,1088,9,7,6,0,0,1,1,1,1785500076
2026-07-31T12:15:21Z,1089,6,4,9,0,0,1,1,1,1785498840
2026-07-31T12:15:21Z,1090,9,8,6,0,0,1,1,1,1785499143
2026-07-31T12:15:21Z,1091,12,7,3,0,0,1,1,1,1785499056
2026-07-31T12:15:21Z,1092,9,9,5,1,0,1,1,1,1785498604
2026-07-31T12:15:21Z,1093,6,5,9,0,0,1,1,1,1785499996
2026-07-31T12:15:21Z,1094,12,10,6,1,0,1,1,1,1785500028
2026-07-31T12:15:21Z,1095,8,7,7,0,0,1,1,1,1785498901
2026-07-31T12:15:21Z,1096,3,1,15,1,0,1,1,1,1785498579
2026-07-31T12:15:21Z,1097,9,9,6,0,0,1,1,1,1785498789
2026-07-31T12:15:21Z,1098,9,7,10,0,0,1,1,1,1785499135
2026-07-31T12:15:21Z,1099,7,6,8,0,0,1,1,1,1785499863
2026-07-31T12:15:21Z,1100,8,4,21,0,0,1,1,1,1785493678
2026-07-31T12:15:21Z,1101,10,5,11,0,0,1,1,1,1785499763
2026-07-31T12:15:21Z,1102,9,4,4,0,0,1,1,1,1785499033
2026-07-31T12:15:21Z,1103,10,5,11,0,0,1,1,1,1785487895
2026-07-31T12:15:21Z,1104,10,5,11,0,0,1,1,1,1785499518
2026-07-31T12:15:21Z,1105,8,4,5,0,0,1,1,1,1785498920
2026-07-31T12:15:21Z,1106,10,5,11,0,0,1,1,1,1785499860
2026-07-31T12:15:21Z,1107,10,5,5,0,0,1,1,1,1785498324
2026-07-31T12:15:21Z,1108,8,4,16,2,1,1,1,1,1785498837
2026-07-31T12:15:21Z,1109,9,4,6,0,0,1,1,1,1785500092
2026-07-31T12:15:21Z,1110,12,4,9,0,0,1,1,1,1785499386
2026-07-31T12:15:21Z,1111,3,2,18,0,0,1,1,1,1785475740
2026-07-31T12:15:21Z,1112,38,0,15,0,0,1,1,1,1785500002
2026-07-31T12:15:21Z,1113,4,0,17,0,0,1,1,1,1785499334
2026-07-31T12:15:21Z,1115,16,5,4,3,0,1,1,1,1785498741
2026-07-31T12:15:21Z,1116,5,1,14,0,0,1,1,1,1785500049
2026-07-31T12:15:21Z,1117,18,6,3,2,0,1,1,1,1785499480
2026-07-31T12:15:21Z,1118,15,0,4,2,0,1,1,1,1785499865
2026-07-31T12:15:21Z,1119,13,1,4,0,0,1,1,1,1785499506
2026-07-31T12:15:21Z,1120,13,0,6,0,0,1,1,1,1785499354
2026-07-31T12:15:21Z,1121,4,1,13,4,0,1,1,1,1785499933
2026-07-31T12:15:21Z,1122,11,8,7,3,0,1,1,1,1785499906
2026-07-31T12:15:21Z,1123,7,4,14,2,0,1,1,1,1785500092
2026-07-31T12:15:21Z,1124,8,1,2,5,0,1,1,1,1785499864
2026-07-31T12:15:21Z,1125,15,1,8,0,0,1,1,1,1785498523
2026-07-31T12:15:21Z,1126,3,1,17,1,0,1,1,1,1785499399
2026-07-31T12:15:21Z,1127,5,0,13,1,0,1,1,1,1785500043
2026-07-31T12:15:21Z,1128,14,2,0,1,0,1,1,1,1785500046
2026-07-31T12:15:21Z,1129,1,1,19,1,0,1,1,1,1785499776
2026-07-31T12:15:21Z,1130,13,0,2,0,0,1,1,1,1785499875
2026-07-31T12:15:21Z,1131,5,0,43,1,0,1,1,1,1785499377
2026-07-31T12:15:21Z,1132,14,6,6,1,0,1,1,1,1785499679
2026-07-31T12:15:21Z,1133,18,13,2,1,0,1,1,1,1785500058
2026-07-31T12:15:21Z,1134,10,5,9,0,0,1,1,1,1785498740
2026-07-31T12:15:21Z,1135,10,5,11,0,0,1,1,1,1785499658
2026-07-31T12:15:21Z,1136,9,0,14,0,0,1,1,1,1785499827
2026-07-31T12:15:21Z,1137,13,0,2,0,0,1,1,1,1785499983
2026-07-31T12:15:21Z,1138,16,2,3,0,0,1,1,1,1785500009
2026-07-31T12:15:21Z,1139,17,4,3,1,0,1,1,1,1785498723
2026-07-31T12:15:21Z,1140,20,2,2,1,0,1,1,1,1785499988
2026-07-31T12:15:21Z,1141,7,1,14,0,0,1,1,1,1785499452
2026-07-31T12:15:21Z,1142,2,0,19,0,0,1,1,1,1785498871
2026-07-31T12:15:21Z,1143,10,0,19,0,0,1,1,1,1785499881
2026-07-31T12:15:21Z,1144,7,1,13,1,0,1,1,1,1785498471
2026-07-31T12:15:21Z,1145,10,5,10,1,0,1,1,1,1785498620
2026-07-31T12:15:21Z,1146,3,1,15,1,0,1,1,1,1785500090
2026-07-31T12:15:21Z,1147,5,1,14,0,0,1,1,1,1785499974
2026-07-31T12:15:21Z,1148,9,4,22,0,0,1,1,1,1785500057
2026-07-31T12:15:21Z,1149,2,2,23,0,0,1,1,1,1785499713
2026-07-31T12:15:21Z,1150,14,0,5,0,0,1,1,1,1785499843
2026-07-31T12:15:21Z,1151,13,0,8,0,0,1,1,1,1785498882
2026-07-31T12:15:21Z,1152,20,0,9,0,0,1,1,1,1785499998
2026-07-31T12:15:21Z,1153,20,6,2,1,0,1,1,1,1785499495
2026-07-31T12:15:21Z,1154,14,1,5,0,0,1,1,1,1785499472
2026-07-31T12:15:21Z,1155,15,6,4,2,0,1,1,1,1785500114
2026-07-31T12:15:21Z,1158,3,0,15,1,0,1,1,1,1785499937
2026-07-31T12:15:21Z,1159,13,1,6,0,0,1,1,1,1785498478
2026-07-31T12:15:21Z,1160,8,1,10,1,0,1,1,1,1785499326
2026-07-31T12:15:21Z,1161,4,0,14,1,0,1,1,1,1785498616
2026-07-31T12:15:21Z,1162,1,0,18,0,0,1,1,1,1785498863
2026-07-31T12:15:21Z,1163,1,1,17,1,0,1,1,1,1785500056
2026-07-31T12:15:21Z,1164,6,1,13,0,0,1,1,1,1785500113
2026-07-31T12:15:21Z,1165,5,0,16,0,0,1,1,1,1785499033
2026-07-31T12:15:21Z,1166,12,2,8,1,0,1,1,1,1785498551
2026-07-31T12:15:21Z,1167,4,0,11,0,0,1,1,1,1785499814
2026-07-31T12:15:21Z,1168,1,1,21,1,0,1,1,1,1785498500
2026-07-31T12:15:21Z,1169,3,0,15,1,0,1,1,1,1785499960
2026-07-31T12:15:21Z,1170,6,0,14,1,0,1,1,1,1785498520
2026-07-31T12:15:21Z,1171,7,6,15,1,0,1,1,1,1785500014
2026-07-31T12:15:21Z,1172,5,2,8,2,0,1,1,1,1785500095
2026-07-31T12:15:21Z,1173,13,5,6,0,0,1,1,1,1785498395
2026-07-31T12:15:21Z,1174,6,3,9,0,0,1,1,1,1785499884
2026-07-31T12:15:21Z,1175,4,2,15,0,0,1,1,1,1785498199
2026-07-31T12:15:21Z,1176,19,1,2,0,0,1,1,1,1785499419
2026-07-31T12:15:21Z,1177,3,1,18,0,0,1,1,1,1785499346
2026-07-31T12:15:21Z,1178,2,1,13,0,0,1,1,1,1785499845
2026-07-31T12:15:21Z,1181,10,0,4,1,0,1,1,1,1785499540
2026-07-31T12:15:21Z,1182,4,0,16,0,0,1,1,1,1785498635
2026-07-31T12:15:21Z,1183,13,1,30,2,0,1,1,1,1785499999
2026-07-31T12:15:21Z,1184,5,1,14,2,0,1,1,1,1785500100
2026-07-31T12:15:21Z,1185,10,5,11,0,0,1,1,1,1785499473
2026-07-31T12:15:21Z,1186,9,5,10,0,0,1,1,1,1785498664
2026-07-31T12:15:21Z,1187,10,5,10,1,0,1,1,1,1785499248
2026-07-31T12:15:21Z,1188,10,5,5,0,0,1,1,1,1785498329
2026-07-31T12:15:21Z,1189,11,6,8,0,0,1,1,1,1785499238
2026-07-31T12:15:21Z,1190,9,4,12,0,0,1,1,1,1785499638
2026-07-31T12:15:21Z,1191,10,5,5,0,0,1,1,1,1785498336
2026-07-31T12:15:21Z,1192,10,6,10,1,0,1,1,1,1785500007
2026-07-31T12:15:21Z,1193,6,4,5,2,0,1,1,1,1785499185
2026-07-31T12:15:21Z,1197,9,6,7,1,0,1,1,1,1785499117
2026-07-31T12:15:21Z,1198,14,4,5,2,0,1,1,1,1785498712
2026-07-31T12:15:21Z,1199,2,0,17,0,0,1,1,1,1785498735
2026-07-31T12:15:21Z,1200,10,5,5,0,0,1,1,1,1785498372
2026-07-31T12:15:21Z,1201,10,5,5,0,0,1,1,1,1785498349
2026-07-31T12:15:21Z,1202,10,5,5,0,0,1,1,1,1785498451
2026-07-31T12:15:21Z,1203,10,5,5,0,0,1,1,1,1785498349
2026-07-31T12:15:21Z,1204,8,4,11,0,0,1,1,1,1785499915
2026-07-31T12:15:21Z,1206,11,5,10,0,0,1,1,1,1785499135
2026-07-31T12:15:21Z,1207,8,4,6,1,0,1,1,1,1785498663
2026-07-31T12:15:21Z,1208,8,3,11,0,0,1,1,1,1785498578
2026-07-31T12:15:21Z,1216,8,0,12,1,0,1,1,1,1785499364
2026-07-31T12:15:21Z,1218,4,0,17,0,0,1,1,1,1785499758
2026-07-31T12:15:21Z,1219,6,1,8,1,0,1,1,1,1785499613
2026-07-31T12:15:21Z,1220,14,7,4,1,0,1,1,1,1785499399
2026-07-31T12:15:21Z,1221,1,1,19,1,0,1,1,1,1785499071
2026-07-31T12:15:21Z,1222,26,0,3,0,0,1,1,1,1785500032
2026-07-31T12:15:21Z,1223,20,1,9,0,0,1,1,1,1785499877
2026-07-31T12:15:21Z,1226,0,0,3,0,0,0,1,1,1781868931
2026-07-31T12:15:21Z,1227,19,1,6,0,0,1,1,1,1785500024
2026-07-31T12:15:21Z,1228,21,1,8,0,0,1,1,1,1785500030
2026-07-31T12:15:21Z,1229,35,3,9,1,0,1,1,1,1785500106
2026-07-31T12:20:21Z,1,3,0,19,1,0,1,1,1,1785500374
2026-07-31T12:20:21Z,2,12,0,12,3,0,1,1,1,1785499815
2026-07-31T12:20:21Z,3,8,1,5,1,0,1,1,1,1785500047
2026-07-31T12:20:21Z,4,5,0,16,1,0,1,1,1,1785500224
2026-07-31T12:20:21Z,5,11,3,11,1,0,1,1,1,1785497818
2026-07-31T12:20:21Z,6,6,0,9,0,0,1,1,1,1785499986
2026-07-31T12:20:21Z,7,5,0,34,0,0,1,1,1,1785499833
2026-07-31T12:20:21Z,8,6,1,37,0,0,1,1,1,1785498395
2026-07-31T12:20:21Z,9,4,1,18,1,0,1,1,1,1785500408
2026-07-31T12:20:21Z,10,0,0,21,2,0,1,1,1,1785496277
2026-07-31T12:20:21Z,11,14,4,4,1,0,1,1,1,1785500312
2026-07-31T12:20:21Z,12,2,1,21,0,0,1,1,1,1785499737
2026-07-31T12:20:21Z,13,1,0,29,0,0,1,1,1,1785500064
2026-07-31T12:20:21Z,14,11,0,31,0,1,1,1,1,1785500297
2026-07-31T12:20:21Z,15,2,0,13,0,0,1,1,1,1785496271
2026-07-31T12:20:21Z,16,8,0,16,2,1,1,1,1,1785487292
2026-07-31T12:20:21Z,17,1,0,25,1,0,1,1,1,1785499879
2026-07-31T12:20:21Z,18,3,0,13,2,0,1,1,1,1785500372
2026-07-31T12:20:21Z,19,14,2,12,1,0,1,1,1,1785500311
2026-07-31T12:20:21Z,20,29,0,6,0,0,1,1,1,1785499500
2026-07-31T12:20:21Z,21,13,1,5,1,0,1,1,1,1785500309
2026-07-31T12:20:21Z,22,22,0,42,1,0,1,1,1,1785500111
2026-07-31T12:20:21Z,23,17,6,14,0,0,1,1,1,1785500227
2026-07-31T12:20:21Z,24,2,2,7,2,0,1,1,1,1785500407
2026-07-31T12:20:21Z,25,9,2,71,0,1,1,1,1,1785500268
2026-07-31T12:20:21Z,26,4,1,23,0,0,1,1,1,1785499148
2026-07-31T12:20:21Z,28,12,2,3,0,0,1,1,1,1785499435
2026-07-31T12:20:21Z,30,3,1,25,1,0,1,1,1,1785499992
2026-07-31T12:20:21Z,31,3,0,14,2,0,1,1,1,1785500414
2026-07-31T12:20:21Z,32,6,0,21,0,0,1,1,1,1785500125
2026-07-31T12:20:21Z,34,15,3,21,1,0,1,1,1,1785500054
2026-07-31T12:20:21Z,35,10,2,34,3,0,1,1,1,1785500337
2026-07-31T12:20:21Z,36,0,0,0,0,0,0,1,1,86400
2026-07-31T12:20:21Z,37,0,0,23,0,0,1,1,1,1785499868
2026-07-31T12:20:21Z,38,10,1,13,0,0,1,1,1,1785500406
2026-07-31T12:20:21Z,39,21,3,18,0,0,1,1,1,1785500283
2026-07-31T12:20:21Z,40,18,0,3,0,0,1,1,1,1785500175
2026-07-31T12:20:21Z,41,5,2,37,1,0,1,1,1,1785500252
2026-07-31T12:20:21Z,42,25,8,6,0,0,1,1,1,1785500197
2026-07-31T12:20:21Z,43,2,0,21,0,0,1,1,1,1785499837
2026-07-31T12:20:21Z,45,8,4,20,1,0,1,1,1,1785500175
2026-07-31T12:20:21Z,46,7,0,24,0,0,1,1,1,1785499790
2026-07-31T12:20:21Z,47,11,6,3,1,0,1,1,1,1785499812
2026-07-31T12:20:21Z,48,6,0,21,0,0,1,1,1,1785500153
2026-07-31T12:20:21Z,49,10,0,11,2,0,1,1,1,1785500412
2026-07-31T12:20:21Z,50,17,11,2,0,0,1,1,1,1785499421
2026-07-31T12:20:21Z,51,42,0,35,0,0,1,1,1,1785500404
2026-07-31T12:20:21Z,52,5,0,19,3,0,1,1,1,1785500161
2026-07-31T12:20:21Z,55,6,0,17,0,0,1,1,1,1785500356
2026-07-31T12:20:21Z,56,2,2,40,1,0,1,1,1,1785500392
2026-07-31T12:20:21Z,57,5,2,22,0,0,1,1,1,1785499938
2026-07-31T12:20:21Z,58,6,1,22,0,0,1,1,1,1785500404
2026-07-31T12:20:21Z,59,22,3,3,2,0,1,1,1,1785500395
2026-07-31T12:20:21Z,61,4,1,35,0,0,1,1,1,1785500266
2026-07-31T12:20:21Z,62,20,6,28,1,0,1,1,1,1785500344
2026-07-31T12:20:21Z,63,6,0,13,0,0,1,1,1,1785500170
2026-07-31T12:20:21Z,64,11,1,4,4,0,1,1,1,1785497923
2026-07-31T12:20:21Z,65,17,8,1,1,0,1,1,1,1785499589
2026-07-31T12:20:21Z,67,10,0,29,0,0,1,1,1,1785500394
2026-07-31T12:20:21Z,68,15,0,22,0,0,1,1,1,1785500251
2026-07-31T12:20:21Z,69,9,0,6,0,0,1,1,1,1785499572
2026-07-31T12:20:21Z,71,6,1,20,1,0,1,1,1,1785500287
2026-07-31T12:20:21Z,72,25,5,3,2,1,1,1,1,1785500368
2026-07-31T12:20:21Z,73,7,3,24,0,0,1,1,1,1785500283
2026-07-31T12:20:21Z,74,5,4,14,0,0,1,1,1,1785500397
2026-07-31T12:20:21Z,75,5,0,26,1,0,1,1,1,1785497947
2026-07-31T12:20:21Z,76,9,1,9,1,0,1,1,1,1785500410
2026-07-31T12:20:21Z,77,22,0,4,1,0,1,1,1,1785499896
2026-07-31T12:20:21Z,78,8,5,14,1,0,1,1,1,1785499513
2026-07-31T12:20:21Z,79,3,2,13,1,0,1,1,1,1785499959
2026-07-31T12:20:21Z,80,18,1,2,3,0,1,1,1,1785500341
2026-07-31T12:20:21Z,81,5,1,26,0,0,1,1,1,1785500059
2026-07-31T12:20:21Z,82,14,0,9,0,0,1,1,1,1785500261
2026-07-31T12:20:21Z,83,5,0,28,1,0,1,1,1,1785500032
2026-07-31T12:20:21Z,84,22,0,5,0,0,1,1,1,1785499591
2026-07-31T12:20:21Z,85,8,2,7,0,0,1,1,1,1785500355
2026-07-31T12:20:21Z,86,25,0,1,1,0,1,1,1,1785499055
2026-07-31T12:20:21Z,87,14,0,5,0,0,1,1,1,1785500267
2026-07-31T12:20:21Z,88,7,1,35,1,0,1,1,1,1785500316
2026-07-31T12:20:21Z,89,2,0,33,0,0,1,1,1,1785500380
2026-07-31T12:20:21Z,90,5,2,11,2,0,1,1,1,1785500333
2026-07-31T12:20:21Z,91,16,0,1,0,0,1,1,1,1785499989
2026-07-31T12:20:21Z,92,6,1,10,3,0,1,1,1,1785500256
2026-07-31T12:20:21Z,93,0,0,23,0,0,1,1,1,1785498071
2026-07-31T12:20:21Z,94,4,0,14,1,0,1,1,1,1785499803
2026-07-31T12:20:21Z,95,22,0,11,1,1,1,1,1,1785500396
2026-07-31T12:20:21Z,96,25,0,5,1,0,1,1,1,1785500092
2026-07-31T12:20:21Z,97,1,0,15,1,0,1,1,1,1785500347
2026-07-31T12:20:21Z,98,26,0,9,0,0,1,1,1,1785500055
2026-07-31T12:20:21Z,99,0,0,15,0,0,1,1,1,1785499775
2026-07-31T12:20:21Z,100,1,0,26,0,0,1,1,1,1785500059
2026-07-31T12:20:21Z,101,1,0,12,2,0,1,1,1,1785499761
2026-07-31T12:20:21Z,102,3,0,20,0,0,1,1,1,1785500336
2026-07-31T12:20:21Z,103,9,0,20,1,0,1,1,1,1785500351
2026-07-31T12:20:21Z,104,0,0,25,2,0,1,1,1,1785500415
2026-07-31T12:20:21Z,105,14,1,5,0,0,1,1,1,1785495616
2026-07-31T12:20:21Z,106,5,0,16,0,0,1,1,1,1785499503
2026-07-31T12:20:21Z,107,7,3,30,0,0,1,1,1,1785500356
2026-07-31T12:20:21Z,108,1,0,34,0,0,1,1,1,1785500401
2026-07-31T12:20:21Z,109,22,0,1,0,0,1,1,1,1785500409
2026-07-31T12:20:21Z,110,11,0,12,0,0,1,1,1,1785499371
2026-07-31T12:20:21Z,111,7,1,29,0,0,1,1,1,1785500057
2026-07-31T12:20:21Z,112,0,0,14,1,0,1,1,1,1785499421
2026-07-31T12:20:21Z,113,6,0,11,2,0,1,1,1,1785500305
2026-07-31T12:20:21Z,114,26,6,3,1,1,1,1,1,1785500290
2026-07-31T12:20:21Z,115,12,3,15,1,0,1,1,1,1785500393
2026-07-31T12:20:21Z,116,21,8,5,1,0,1,1,1,1785499524
2026-07-31T12:20:21Z,118,15,5,7,1,0,1,1,1,1785500283
2026-07-31T12:20:21Z,119,19,0,15,4,0,1,1,1,1785500342
2026-07-31T12:20:21Z,120,15,0,11,1,0,1,1,1,1785500159
2026-07-31T12:20:21Z,121,1,0,17,0,1,1,1,1,1785500405
2026-07-31T12:20:21Z,122,6,1,14,1,0,1,1,1,1785498901
2026-07-31T12:20:21Z,123,11,2,36,0,0,1,1,1,1785498782
2026-07-31T12:20:21Z,124,25,0,10,0,0,1,1,1,1785500346
2026-07-31T12:20:21Z,125,7,3,15,1,0,1,1,1,1785500370
2026-07-31T12:20:21Z,126,23,2,8,0,0,1,1,1,1785499889
2026-07-31T12:20:21Z,127,26,1,7,2,0,1,1,1,1785500367
2026-07-31T12:20:21Z,128,15,1,4,0,0,1,1,1,1785500411
2026-07-31T12:20:21Z,129,11,0,6,2,0,1,1,1,1785500333
2026-07-31T12:20:21Z,130,5,1,12,0,0,1,1,1,1785495263
2026-07-31T12:20:21Z,131,6,3,3,2,0,1,1,1,1785499903
2026-07-31T12:20:21Z,132,13,6,1,0,1,1,1,1,1785494491
2026-07-31T12:20:21Z,134,4,0,15,4,0,1,1,1,1785500410
2026-07-31T12:20:21Z,135,6,4,12,1,0,1,1,1,1785499218
2026-07-31T12:20:21Z,136,6,0,9,1,7,1,1,1,1785500233
2026-07-31T12:20:21Z,137,8,2,11,0,0,1,1,1,1785500219
2026-07-31T12:20:21Z,138,31,0,6,0,0,1,1,1,1785500322
2026-07-31T12:20:21Z,139,7,2,12,0,0,1,1,1,1785500415
2026-07-31T12:20:21Z,140,4,3,18,1,0,1,1,1,1785500416
2026-07-31T12:20:21Z,141,24,0,12,0,0,1,1,1,1785500274
2026-07-31T12:20:21Z,142,15,0,8,0,0,1,1,1,1785500386
2026-07-31T12:20:21Z,143,4,0,27,0,0,1,1,1,1785499797
2026-07-31T12:20:21Z,144,17,0,10,0,0,1,1,1,1785499369
2026-07-31T12:20:21Z,146,3,0,19,1,0,1,1,1,1785499109
2026-07-31T12:20:21Z,147,13,1,4,2,0,1,1,1,1785500320
2026-07-31T12:20:21Z,148,20,2,6,0,1,1,1,1,1785500351
2026-07-31T12:20:21Z,149,16,3,11,0,0,1,1,1,1785500397
2026-07-31T12:20:21Z,150,18,6,14,3,0,1,1,1,1785500251
2026-07-31T12:20:21Z,151,11,3,12,0,0,1,1,1,1785500263
2026-07-31T12:20:21Z,152,13,2,10,4,0,1,1,1,1785500371
2026-07-31T12:20:21Z,153,3,0,22,6,0,1,1,1,1785500416
2026-07-31T12:20:21Z,154,13,4,7,3,0,1,1,1,1785500310
2026-07-31T12:20:21Z,155,11,4,2,1,0,1,1,1,1785500358
2026-07-31T12:20:21Z,156,2,0,17,0,0,1,1,1,1785500395
2026-07-31T12:20:21Z,157,7,0,18,2,0,1,1,1,1785500412
2026-07-31T12:20:21Z,158,11,2,5,0,0,1,1,1,1785500287
2026-07-31T12:20:21Z,159,0,0,19,0,0,1,1,1,1785497085
2026-07-31T12:20:21Z,160,11,0,8,0,0,1,1,1,1785500074
2026-07-31T12:20:21Z,161,21,4,1,0,0,1,1,1,1785500402
2026-07-31T12:20:21Z,162,16,1,10,1,0,1,1,1,1785500360
2026-07-31T12:20:21Z,163,17,0,14,0,0,1,1,1,1785500271
2026-07-31T12:20:21Z,164,22,5,5,0,0,1,1,1,1785500124
2026-07-31T12:20:21Z,165,20,11,10,1,0,1,1,1,1785500160
2026-07-31T12:20:21Z,166,26,8,9,4,0,1,1,1,1785500416
2026-07-31T12:20:21Z,167,13,7,9,1,0,1,1,1,1785499721
2026-07-31T12:20:21Z,168,22,3,2,3,0,1,1,1,1785500354
2026-07-31T12:20:21Z,169,0,0,21,1,1,1,1,1,1785500352
2026-07-31T12:20:21Z,170,12,3,5,2,0,1,1,1,1785500409
2026-07-31T12:20:21Z,171,7,2,4,2,0,1,1,1,1785500413
2026-07-31T12:20:21Z,173,35,1,4,0,0,1,1,1,1785500255
2026-07-31T12:20:21Z,174,16,0,8,2,0,1,1,1,1785499980
2026-07-31T12:20:21Z,175,8,0,23,0,0,1,1,1,1785500328
2026-07-31T12:20:21Z,176,4,1,9,1,1,1,1,1,1785499953
2026-07-31T12:20:21Z,177,11,1,16,0,0,1,1,1,1785500307
2026-07-31T12:20:21Z,178,1,0,11,2,1,1,1,1,1785500415
2026-07-31T12:20:21Z,179,4,0,10,1,0,1,1,1,1785500344
2026-07-31T12:20:21Z,180,6,1,24,0,0,1,1,1,1785500338
2026-07-31T12:20:21Z,181,13,0,2,0,0,1,1,1,1785500203
2026-07-31T12:20:21Z,182,5,0,12,0,0,1,1,1,1785500238
2026-07-31T12:20:21Z,183,9,0,13,1,0,1,1,1,1785500391
2026-07-31T12:20:21Z,184,10,1,13,0,0,1,1,1,1785500365
2026-07-31T12:20:21Z,185,10,0,2,2,1,1,1,1,1785499132
2026-07-31T12:20:21Z,186,2,1,17,0,0,1,1,1,1785499926
2026-07-31T12:20:21Z,187,10,0,17,1,0,1,1,1,1785500386
2026-07-31T12:20:21Z,188,8,0,11,7,1,1,1,1,1785500386
2026-07-31T12:20:21Z,189,8,1,6,1,0,1,1,1,1785500359
2026-07-31T12:20:21Z,190,8,3,15,0,0,1,1,1,1785500339
2026-07-31T12:20:21Z,191,8,0,31,0,0,1,1,1,1785500376
2026-07-31T12:20:21Z,192,10,2,18,3,0,1,1,1,1785500413
2026-07-31T12:20:21Z,193,3,2,12,0,0,1,1,1,1785500223
2026-07-31T12:20:21Z,194,13,2,13,1,0,1,1,1,1785498469
2026-07-31T12:20:21Z,195,10,2,9,0,0,1,1,1,1785500047
2026-07-31T12:20:21Z,196,8,1,17,2,0,1,1,1,1785499933
2026-07-31T12:20:21Z,197,18,8,0,0,1,1,1,1,1785500133
2026-07-31T12:20:21Z,198,16,15,7,0,0,1,1,1,1785500265
2026-07-31T12:20:21Z,199,6,4,8,1,0,1,1,1,1785500251
2026-07-31T12:20:21Z,200,11,1,14,1,0,1,1,1,1785500059
2026-07-31T12:20:21Z,201,19,2,4,0,0,1,1,1,1785500416
2026-07-31T12:20:21Z,202,2,1,25,0,0,1,1,1,1785498972
2026-07-31T12:20:21Z,203,28,2,2,1,0,1,1,1,1785499378
2026-07-31T12:20:21Z,204,21,0,13,1,0,1,1,1,1785500061
2026-07-31T12:20:21Z,205,10,1,17,0,0,1,1,1,1785500169
2026-07-31T12:20:21Z,206,1,0,14,0,0,1,1,1,1785499848
2026-07-31T12:20:21Z,207,8,0,13,0,0,1,1,1,1785500129
2026-07-31T12:20:21Z,208,12,1,17,0,0,1,1,1,1785500119
2026-07-31T12:20:21Z,209,4,0,25,2,0,1,1,1,1785500321
2026-07-31T12:20:21Z,210,17,1,10,0,0,1,1,1,1785500303
2026-07-31T12:20:21Z,211,7,4,14,2,0,1,1,1,1785499941
2026-07-31T12:20:21Z,212,26,1,8,1,0,1,1,1,1785500309
2026-07-31T12:20:21Z,213,7,0,14,2,0,1,1,1,1785500415
2026-07-31T12:20:21Z,214,30,0,14,3,0,1,1,1,1785500404
2026-07-31T12:20:21Z,215,3,2,19,1,0,1,1,1,1785500032
2026-07-31T12:20:21Z,216,5,0,13,2,0,1,1,1,1785500362
2026-07-31T12:20:21Z,217,10,0,18,1,0,1,1,1,1785500313
2026-07-31T12:20:21Z,218,21,6,17,1,0,1,1,1,1785500334
2026-07-31T12:20:21Z,219,12,2,12,2,0,1,1,1,1785500325
2026-07-31T12:20:21Z,220,21,4,21,0,1,1,1,1,1785499647
2026-07-31T12:20:21Z,221,4,4,10,1,0,1,1,1,1785500172
2026-07-31T12:20:21Z,222,11,11,8,0,0,1,1,1,1785500227
2026-07-31T12:20:21Z,223,15,2,16,4,0,1,1,1,1785500349
2026-07-31T12:20:21Z,224,9,4,13,0,0,1,1,1,1785500133
2026-07-31T12:20:21Z,225,12,1,1,6,0,1,1,1,1785498882
2026-07-31T12:20:21Z,226,29,9,1,1,0,1,1,1,1785500340
2026-07-31T12:20:21Z,227,22,13,3,1,1,1,1,1,1785499873
2026-07-31T12:20:21Z,228,1,0,17,1,0,1,1,1,1785500192
2026-07-31T12:20:21Z,230,12,5,14,0,0,1,1,1,1785500345
2026-07-31T12:20:21Z,232,10,4,6,1,0,1,1,1,1785500078
2026-07-31T12:20:21Z,233,17,2,12,2,0,1,1,1,1785500009
2026-07-31T12:20:21Z,234,7,3,7,3,2,1,1,1,1785500381
2026-07-31T12:20:21Z,236,6,1,13,0,0,1,1,1,1785500369
2026-07-31T12:20:21Z,237,14,5,8,1,0,1,1,1,1785500265
2026-07-31T12:20:21Z,239,21,16,3,3,0,1,1,1,1785500086
2026-07-31T12:20:21Z,241,14,4,8,1,0,1,1,1,1785500387
2026-07-31T12:20:21Z,242,10,4,11,2,0,1,1,1,1785500381
2026-07-31T12:20:21Z,243,10,3,20,1,0,1,1,1,1785500406
2026-07-31T12:20:21Z,244,13,3,13,1,0,1,1,1,1785500322
2026-07-31T12:20:21Z,245,4,4,19,0,0,1,1,1,1785498521
2026-07-31T12:20:21Z,246,19,2,4,0,0,1,1,1,1785499630
2026-07-31T12:20:21Z,247,10,10,12,1,0,1,1,1,1785498683
2026-07-31T12:20:21Z,248,18,3,3,2,0,1,1,1,1785499716
2026-07-31T12:20:21Z,249,2,0,16,1,0,1,1,1,1785500294
2026-07-31T12:20:21Z,250,21,6,6,0,0,1,1,1,1785499373
2026-07-31T12:20:21Z,251,14,5,11,2,0,1,1,1,1785500139
2026-07-31T12:20:21Z,253,7,3,12,0,0,1,1,1,1785500258
2026-07-31T12:20:21Z,254,18,18,24,1,0,1,1,1,1785499585
2026-07-31T12:20:21Z,255,0,0,22,0,1,1,1,1,1785500156
2026-07-31T12:20:21Z,256,5,5,16,2,0,1,1,1,1785500078
2026-07-31T12:20:21Z,257,6,5,13,0,0,1,1,1,1785500411
2026-07-31T12:20:21Z,258,15,0,4,0,0,1,1,1,1785500286
2026-07-31T12:20:21Z,259,19,2,3,0,1,1,1,1,1785500327
2026-07-31T12:20:21Z,260,9,2,7,3,0,1,1,1,1785498497
2026-07-31T12:20:21Z,261,12,0,6,0,1,1,1,1,1785500347
2026-07-31T12:20:21Z,262,11,7,11,1,0,1,1,1,1785500173
2026-07-31T12:20:21Z,263,9,0,6,0,0,1,1,1,1785498191
2026-07-31T12:20:21Z,264,7,2,9,3,0,1,1,1,1785500004
2026-07-31T12:20:21Z,265,10,0,5,0,0,1,1,1,1785499937
2026-07-31T12:20:21Z,266,12,8,5,2,0,1,1,1,1785499203
2026-07-31T12:20:21Z,267,6,3,7,2,0,1,1,1,1785500369
2026-07-31T12:20:21Z,268,23,9,0,0,0,1,1,1,1785500413
2026-07-31T12:20:21Z,269,7,2,16,0,0,1,1,1,1785500311
2026-07-31T12:20:21Z,270,21,1,6,0,0,1,1,1,1785500065
2026-07-31T12:20:21Z,271,5,0,12,2,0,1,1,1,1785500412
2026-07-31T12:20:21Z,272,9,9,13,1,0,1,1,1,1785500074
2026-07-31T12:20:21Z,273,8,3,7,0,0,1,1,1,1785499498
2026-07-31T12:20:21Z,274,13,6,5,1,0,1,1,1,1785500137
2026-07-31T12:20:21Z,275,16,0,7,0,0,1,1,1,1785498573
2026-07-31T12:20:21Z,276,2,2,25,0,0,1,1,1,1785500326
2026-07-31T12:20:21Z,277,14,1,4,5,0,1,1,1,1785500196
2026-07-31T12:20:21Z,278,8,0,20,2,1,1,1,1,1785500415
2026-07-31T12:20:21Z,279,13,1,6,0,0,1,1,1,1785500134
2026-07-31T12:20:21Z,280,10,2,18,3,0,1,1,1,1785500159
2026-07-31T12:20:21Z,281,18,0,1,0,0,1,1,1,1785500176
2026-07-31T12:20:21Z,282,5,2,13,0,0,1,1,1,1785484887
2026-07-31T12:20:21Z,283,27,0,8,0,0,1,1,1,1785500288
2026-07-31T12:20:21Z,284,12,0,21,2,0,1,1,1,1785499682
2026-07-31T12:20:21Z,285,9,7,14,0,0,1,1,1,1785500379
2026-07-31T12:20:21Z,286,13,11,6,4,0,1,1,1,1785500238
2026-07-31T12:20:21Z,287,17,5,4,2,0,1,1,1,1785500213
2026-07-31T12:20:21Z,288,11,8,8,0,0,1,1,1,1785499958
2026-07-31T12:20:21Z,289,18,2,6,3,0,1,1,1,1785499881
2026-07-31T12:20:21Z,290,6,0,32,1,0,1,1,1,1785500399
2026-07-31T12:20:21Z,291,5,1,17,1,0,1,1,1,1785500296
2026-07-31T12:20:21Z,292,20,1,2,1,0,1,1,1,1785500214
2026-07-31T12:20:21Z,293,14,10,9,0,0,1,1,1,1785499315
2026-07-31T12:20:21Z,294,2,1,19,1,0,1,1,1,1785500011
2026-07-31T12:20:21Z,297,13,2,3,2,1,1,1,1,1785500051
2026-07-31T12:20:21Z,301,13,0,6,0,0,1,1,1,1785500019
2026-07-31T12:20:21Z,302,6,0,17,0,0,1,1,1,1785500250
2026-07-31T12:20:21Z,303,10,0,9,0,0,1,1,1,1785500066
2026-07-31T12:20:21Z,304,0,0,0,0,0,0,1,1,86400
2026-07-31T12:20:21Z,305,2,0,16,1,0,1,1,1,1785500416
2026-07-31T12:20:21Z,306,6,2,26,0,0,1,1,1,1785499378
2026-07-31T12:20:21Z,307,18,0,3,1,1,1,1,1,1785500274
2026-07-31T12:20:21Z,308,15,0,2,2,0,1,1,1,1785499892
2026-07-31T12:20:21Z,309,11,2,3,0,0,1,1,1,1785500331
2026-07-31T12:20:21Z,311,12,0,3,0,0,1,1,1,1785499096
2026-07-31T12:20:21Z,312,3,2,16,3,1,1,1,1,1785500283
2026-07-31T12:20:21Z,313,1,1,14,0,0,1,1,1,1785500252
2026-07-31T12:20:21Z,314,5,3,10,3,0,1,1,1,1785499801
2026-07-31T12:20:21Z,315,19,4,10,2,0,1,1,1,1785500225
2026-07-31T12:20:21Z,316,0,0,25,5,1,1,1,1,1785500228
2026-07-31T12:20:21Z,317,20,2,10,0,1,1,1,1,1785500415
2026-07-31T12:20:21Z,318,16,0,3,0,0,1,1,1,1785500380
2026-07-31T12:20:21Z,319,16,2,5,2,0,1,1,1,1785500077
2026-07-31T12:20:21Z,320,14,4,4,1,0,1,1,1,1785500325
2026-07-31T12:20:21Z,321,9,2,6,4,0,1,1,1,1785500389
2026-07-31T12:20:21Z,322,5,2,24,0,0,1,1,1,1785500083
2026-07-31T12:20:21Z,323,10,0,9,0,0,1,1,1,1785499027
2026-07-31T12:20:21Z,324,24,3,2,1,0,1,1,1,1785500413
2026-07-31T12:20:21Z,325,8,4,17,2,0,1,1,1,1785499930
2026-07-31T12:20:21Z,327,21,0,5,1,0,1,1,1,1785500153
2026-07-31T12:20:21Z,328,11,0,10,1,0,1,1,1,1785499599
2026-07-31T12:20:21Z,329,17,0,0,2,0,1,1,1,1785500382
2026-07-31T12:20:21Z,330,2,0,19,1,0,1,1,1,1785500266
2026-07-31T12:20:21Z,331,10,2,12,1,0,1,1,1,1785499799
2026-07-31T12:20:21Z,332,10,2,7,2,0,1,1,1,1785499715
2026-07-31T12:20:21Z,333,16,1,6,1,0,1,1,1,1785500247
2026-07-31T12:20:21Z,334,8,8,15,0,0,1,1,1,1785498007
2026-07-31T12:20:21Z,335,4,2,18,0,1,1,1,1,1785499796
2026-07-31T12:20:21Z,336,15,2,4,0,0,1,1,1,1785499722
2026-07-31T12:20:21Z,337,13,3,5,5,0,1,1,1,1785500413
2026-07-31T12:20:21Z,338,14,7,5,0,0,1,1,1,1785499650
2026-07-31T12:20:21Z,339,12,6,10,1,0,1,1,1,1785499901
2026-07-31T12:20:21Z,340,11,11,3,1,0,1,1,1,1785499405
2026-07-31T12:20:21Z,341,0,0,19,0,0,1,1,1,1785500249
2026-07-31T12:20:21Z,342,12,4,0,3,0,1,1,1,1785500234
2026-07-31T12:20:21Z,343,18,1,4,1,0,1,1,1,1785499720
2026-07-31T12:20:21Z,344,20,9,3,0,0,1,1,1,1785499871
2026-07-31T12:20:21Z,345,13,2,6,0,0,1,1,1,1785500344
2026-07-31T12:20:21Z,346,9,5,14,0,0,1,1,1,1785500412
2026-07-31T12:20:21Z,347,39,3,4,1,0,1,1,1,1785500263
2026-07-31T12:20:21Z,348,21,2,0,1,1,1,1,1,1785500391
2026-07-31T12:20:21Z,349,9,2,9,1,0,1,1,1,1785500400
2026-07-31T12:20:21Z,350,19,3,6,1,1,1,1,1,1785498754
2026-07-31T12:20:21Z,351,13,2,6,4,0,1,1,1,1785500386
2026-07-31T12:20:21Z,355,17,0,6,0,0,1,1,1,1785500030
2026-07-31T12:20:21Z,356,16,1,2,1,0,1,1,1,1785499278
2026-07-31T12:20:21Z,357,8,4,10,1,0,1,1,1,1785500324
2026-07-31T12:20:21Z,358,17,4,9,1,0,1,1,1,1785500316
2026-07-31T12:20:21Z,359,15,0,12,0,0,1,1,1,1785500413
2026-07-31T12:20:21Z,360,13,2,4,2,0,1,1,1,1785500292
2026-07-31T12:20:21Z,362,10,2,6,3,0,1,1,1,1785500290
2026-07-31T12:20:21Z,363,6,0,21,0,0,1,1,1,1785500347
2026-07-31T12:20:21Z,364,17,4,2,0,0,1,1,1,1785500110
2026-07-31T12:20:21Z,365,10,0,9,4,0,1,1,1,1785499693
2026-07-31T12:20:21Z,366,0,0,16,7,0,1,1,1,1785500212
2026-07-31T12:20:21Z,367,14,9,4,1,0,1,1,1,1785497713
2026-07-31T12:20:21Z,368,17,4,4,2,0,1,1,1,1785500237
2026-07-31T12:20:21Z,370,7,6,20,0,0,1,1,1,1785499775
2026-07-31T12:20:21Z,371,2,0,16,1,0,1,1,1,1785500254
2026-07-31T12:20:21Z,372,4,0,11,0,0,1,1,1,1785499229
2026-07-31T12:20:21Z,373,25,8,1,1,0,1,1,1,1785500072
2026-07-31T12:20:21Z,374,12,6,5,2,0,1,1,1,1785500115
2026-07-31T12:20:21Z,375,16,5,7,4,0,1,1,1,1785499947
2026-07-31T12:20:21Z,376,29,7,6,4,0,1,1,1,1785500323
2026-07-31T12:20:21Z,377,19,7,7,1,0,1,1,1,1785499484
2026-07-31T12:20:21Z,378,12,3,10,1,1,1,1,1,1785500344
2026-07-31T12:20:21Z,379,14,1,13,0,0,1,1,1,1785500043
2026-07-31T12:20:21Z,380,15,5,7,1,0,1,1,1,1785500351
2026-07-31T12:20:21Z,381,1,0,22,0,0,1,1,1,1785500289
2026-07-31T12:20:21Z,383,3,0,11,1,0,1,1,1,1785499669
2026-07-31T12:20:21Z,384,20,0,5,2,0,1,1,1,1785499574
2026-07-31T12:20:21Z,385,13,4,4,1,0,1,1,1,1785500387
2026-07-31T12:20:21Z,387,20,2,3,0,0,1,1,1,1785496960
2026-07-31T12:20:21Z,388,26,3,22,1,0,1,1,1,1785500301
2026-07-31T12:20:21Z,389,8,6,7,0,0,1,1,1,1785499055
2026-07-31T12:20:21Z,390,17,0,18,0,0,1,1,1,1785499994
2026-07-31T12:20:21Z,391,2,1,12,1,0,1,1,1,1785499889
2026-07-31T12:20:21Z,392,2,2,16,1,0,1,1,1,1785500328
2026-07-31T12:20:21Z,393,3,3,5,3,0,1,1,1,1785487292
2026-07-31T12:20:21Z,394,5,4,6,2,0,1,1,1,1785500017
2026-07-31T12:20:21Z,396,18,6,21,3,0,1,1,1,1785500405
2026-07-31T12:20:21Z,397,13,7,18,0,0,1,1,1,1785500218
2026-07-31T12:20:21Z,399,11,0,4,2,0,1,1,1,1785500313
2026-07-31T12:20:21Z,400,12,7,8,3,0,1,1,1,1785500180
2026-07-31T12:20:21Z,401,2,0,29,8,0,1,1,1,1785498953
2026-07-31T12:20:21Z,403,18,0,9,4,0,1,1,1,1785500257
2026-07-31T12:20:21Z,404,3,1,20,0,0,1,1,1,1785499972
2026-07-31T12:20:21Z,406,1,1,33,1,0,1,1,1,1785499451
2026-07-31T12:20:21Z,407,18,3,15,1,0,1,1,1,1785499747
2026-07-31T12:20:21Z,408,15,3,16,2,0,1,1,1,1785499687
2026-07-31T12:20:21Z,409,2,0,18,3,0,1,1,1,1785498301
2026-07-31T12:20:21Z,413,18,4,4,1,0,1,1,1,1785500000
2026-07-31T12:20:21Z,414,6,2,8,1,0,1,1,1,1785499940
2026-07-31T12:20:21Z,417,5,4,14,0,0,1,1,1,1785500041
2026-07-31T12:20:21Z,418,13,0,2,0,0,1,1,1,1785500375
2026-07-31T12:20:21Z,419,11,0,11,1,0,1,1,1,1785499805
2026-07-31T12:20:21Z,421,2,0,17,0,0,1,1,1,1785499382
2026-07-31T12:20:21Z,422,4,4,22,1,0,1,1,1,1785500110
2026-07-31T12:20:21Z,423,2,2,21,0,0,1,1,1,1785500357
2026-07-31T12:20:21Z,424,5,2,7,3,0,1,1,1,1785500245
2026-07-31T12:20:21Z,425,17,0,4,0,1,1,1,1,1785500332
2026-07-31T12:20:21Z,426,6,1,27,4,0,1,1,1,1785500284
2026-07-31T12:20:21Z,427,10,1,4,1,0,1,1,1,1785500391
2026-07-31T12:20:21Z,428,17,2,1,1,0,1,1,1,1785499619
2026-07-31T12:20:21Z,429,2,2,19,2,0,1,1,1,1785499160
2026-07-31T12:20:21Z,430,28,1,0,3,0,1,1,1,1785498350
2026-07-31T12:20:21Z,431,16,0,16,1,0,1,1,1,1785500099
2026-07-31T12:20:21Z,432,16,0,13,2,0,0,1,1,1785500381
2026-07-31T12:20:21Z,433,17,5,4,2,0,1,1,1,1785500391
2026-07-31T12:20:21Z,437,4,4,14,1,0,1,1,1,1785499750
2026-07-31T12:20:21Z,438,17,1,1,1,0,1,1,1,1785500270
2026-07-31T12:20:21Z,439,2,0,12,1,0,1,1,1,1785500286
2026-07-31T12:20:21Z,440,12,1,1,2,0,1,1,1,1785500356
2026-07-31T12:20:21Z,441,11,2,3,1,0,1,1,1,1785500209
2026-07-31T12:20:21Z,442,18,10,0,1,0,1,1,1,1785498676
2026-07-31T12:20:21Z,443,4,2,23,0,0,1,1,1,1785485488
2026-07-31T12:20:21Z,444,3,2,20,0,0,1,1,1,1785499224
2026-07-31T12:20:21Z,445,7,2,15,1,0,1,1,1,1785500178
2026-07-31T12:20:21Z,446,0,0,22,1,0,1,1,1,1785494652
2026-07-31T12:20:21Z,447,3,0,18,1,1,1,1,1,1785496389
2026-07-31T12:20:21Z,448,8,3,6,1,0,1,1,1,1785499469
2026-07-31T12:20:21Z,452,7,4,11,1,0,1,1,1,1785500385
2026-07-31T12:20:21Z,453,6,5,8,1,0,1,1,1,1785500372
2026-07-31T12:20:21Z,454,8,0,11,0,0,1,1,1,1785500102
2026-07-31T12:20:21Z,455,3,2,36,0,0,1,1,1,1785499773
2026-07-31T12:20:21Z,456,7,0,11,2,0,1,1,1,1785500385
2026-07-31T12:20:21Z,457,24,2,1,2,0,1,1,1,1785497302
2026-07-31T12:20:21Z,458,12,4,11,0,0,1,1,1,1785499509
2026-07-31T12:20:21Z,459,12,0,3,0,0,1,1,1,1785500268
2026-07-31T12:20:21Z,460,14,1,8,1,0,1,1,1,1785500153
2026-07-31T12:20:21Z,461,7,2,12,0,0,1,1,1,1785498939
2026-07-31T12:20:21Z,462,19,2,2,0,0,1,1,1,1785500191
2026-07-31T12:20:21Z,463,9,0,10,0,0,1,1,1,1785499420
2026-07-31T12:20:21Z,464,0,0,14,0,0,1,1,1,1785499858
2026-07-31T12:20:21Z,465,1,0,13,1,0,1,1,1,1785499838
2026-07-31T12:20:21Z,466,11,3,2,2,0,1,1,1,1785500010
2026-07-31T12:20:21Z,467,1,1,18,0,0,1,1,1,1785497262
2026-07-31T12:20:21Z,468,17,1,1,1,0,1,1,1,1785485789
2026-07-31T12:20:21Z,469,1,0,22,0,0,1,1,1,1785500255
2026-07-31T12:20:21Z,470,10,2,4,1,0,1,1,1,1785500286
2026-07-31T12:20:21Z,471,23,2,4,0,0,1,1,1,1785500219
2026-07-31T12:20:21Z,472,11,4,7,1,0,1,1,1,1785500309
2026-07-31T12:20:21Z,473,17,3,1,1,0,1,1,1,1785500079
2026-07-31T12:20:21Z,474,13,0,5,1,0,1,1,1,1785499707
2026-07-31T12:20:21Z,475,8,3,11,0,0,1,1,1,1785499966
2026-07-31T12:20:21Z,477,5,4,9,1,0,1,1,1,1785499822
2026-07-31T12:20:21Z,478,10,0,20,1,0,1,1,1,1785500094
2026-07-31T12:20:21Z,479,5,0,21,1,0,1,1,1,1785500365
2026-07-31T12:20:21Z,480,3,0,9,3,0,1,1,1,1785499233
2026-07-31T12:20:21Z,481,29,1,5,1,0,1,1,1,1785500389
2026-07-31T12:20:21Z,482,12,6,7,0,0,1,1,1,1785500414
2026-07-31T12:20:21Z,483,3,0,22,2,0,1,1,1,1785500412
2026-07-31T12:20:21Z,484,1,1,17,1,0,1,1,1,1785500331
2026-07-31T12:20:21Z,485,14,6,3,1,1,1,1,1,1785500309
2026-07-31T12:20:21Z,486,6,3,18,3,0,1,1,1,1785500285
2026-07-31T12:20:21Z,487,0,0,18,1,0,1,1,1,1785499667
2026-07-31T12:20:21Z,489,0,0,14,1,0,1,1,1,1785500268
2026-07-31T12:20:21Z,490,4,2,12,0,0,1,1,1,1785500412
2026-07-31T12:20:21Z,491,3,0,17,1,0,1,1,1,1785500260
2026-07-31T12:20:21Z,492,3,2,4,4,0,1,1,1,1785500417
2026-07-31T12:20:21Z,493,3,1,23,1,0,1,1,1,1785500083
2026-07-31T12:20:21Z,495,8,0,4,3,0,1,1,1,1785500279
2026-07-31T12:20:21Z,496,22,1,5,0,0,1,1,1,1785500002
2026-07-31T12:20:21Z,497,8,0,10,1,0,1,1,1,1785499607
2026-07-31T12:20:21Z,498,15,1,8,0,0,1,1,1,1785500338
2026-07-31T12:20:21Z,499,16,0,2,1,0,1,1,1,1785498891
2026-07-31T12:20:21Z,500,3,1,5,7,0,1,1,1,1785499947
2026-07-31T12:20:21Z,501,13,6,8,0,0,1,1,1,1785499745
2026-07-31T12:20:21Z,502,7,0,12,0,0,1,1,1,1785500220
2026-07-31T12:20:21Z,503,20,0,10,1,0,1,1,1,1785499904
2026-07-31T12:20:21Z,504,7,2,32,0,0,1,1,1,1785500204
2026-07-31T12:20:21Z,505,5,0,6,1,0,1,1,1,1785499433
2026-07-31T12:20:21Z,511,7,2,16,0,0,1,1,1,1785500364
2026-07-31T12:20:21Z,512,18,0,9,0,0,1,1,1,1785500155
2026-07-31T12:20:21Z,514,5,0,5,1,0,1,1,1,1785499759
2026-07-31T12:20:21Z,515,1,0,18,0,0,1,1,1,1785500131
2026-07-31T12:20:21Z,516,9,1,18,0,0,1,1,1,1785500339
2026-07-31T12:20:21Z,517,11,1,11,1,0,1,1,1,1785499069
2026-07-31T12:20:21Z,518,13,0,1,1,0,1,1,1,1785499590
2026-07-31T12:20:21Z,519,2,0,15,2,0,1,1,1,1785497842
2026-07-31T12:20:21Z,520,9,5,12,5,1,1,1,1,1785500416
2026-07-31T12:20:21Z,521,17,4,6,0,0,1,1,1,1785497490
2026-07-31T12:20:21Z,522,0,0,22,1,0,1,1,1,1785496158
2026-07-31T12:20:21Z,523,5,3,17,1,0,1,1,1,1785499698
2026-07-31T12:20:21Z,524,1,0,22,0,0,1,1,1,1785500334
2026-07-31T12:20:21Z,525,8,0,11,0,0,1,1,1,1785498932
2026-07-31T12:20:21Z,526,13,1,0,2,0,1,1,1,1785486390
2026-07-31T12:20:21Z,527,6,3,17,3,0,1,1,1,1785500319
2026-07-31T12:20:21Z,528,20,1,2,1,0,1,1,1,1785500223
2026-07-31T12:20:21Z,529,7,4,6,6,0,1,1,1,1785500416
2026-07-31T12:20:21Z,530,10,0,10,1,0,1,1,1,1785500279
2026-07-31T12:20:21Z,531,12,0,9,1,1,1,1,1,1785500411
2026-07-31T12:20:21Z,532,5,3,25,1,0,1,1,1,1785500251
2026-07-31T12:20:21Z,533,3,0,15,1,0,1,1,1,1785499531
2026-07-31T12:20:21Z,534,8,1,14,1,0,1,1,1,1785500157
2026-07-31T12:20:21Z,535,2,0,13,0,0,1,1,1,1785499670
2026-07-31T12:20:21Z,536,19,0,4,0,0,1,1,1,1785500128
2026-07-31T12:20:21Z,537,7,1,13,0,0,1,1,1,1785500186
2026-07-31T12:20:21Z,538,13,4,8,0,2,1,1,1,1785500383
2026-07-31T12:20:21Z,539,5,5,26,0,0,1,1,1,1785498487
2026-07-31T12:20:21Z,540,1,1,18,0,0,1,1,1,1785499822
2026-07-31T12:20:21Z,541,12,0,14,1,0,1,1,1,1785500257
2026-07-31T12:20:21Z,542,20,6,2,1,0,1,1,1,1785500338
2026-07-31T12:20:21Z,543,15,3,3,1,0,1,1,1,1785500412
2026-07-31T12:20:21Z,544,3,1,15,4,0,1,1,1,1785500363
2026-07-31T12:20:21Z,545,1,0,16,2,0,1,1,1,1785500329
2026-07-31T12:20:21Z,546,8,5,11,0,0,1,1,1,1785500035
2026-07-31T12:20:21Z,547,17,1,8,0,0,1,1,1,1785499434
2026-07-31T12:20:21Z,548,13,1,10,0,0,1,1,1,1785499245
2026-07-31T12:20:21Z,549,20,0,3,0,0,1,1,1,1785500185
2026-07-31T12:20:21Z,550,4,0,15,0,0,1,1,1,1785500114
2026-07-31T12:20:21Z,551,11,4,12,0,0,1,1,1,1785498819
2026-07-31T12:20:21Z,552,24,2,3,0,0,1,1,1,1785500385
2026-07-31T12:20:21Z,553,11,4,11,0,1,1,1,1,1785500415
2026-07-31T12:20:21Z,554,2,1,17,0,0,1,1,1,1785499811
2026-07-31T12:20:21Z,555,13,5,1,1,0,1,1,1,1785499646
2026-07-31T12:20:21Z,556,18,4,3,2,0,1,1,1,1785500117
2026-07-31T12:20:21Z,557,10,5,9,4,0,1,1,1,1785500362
2026-07-31T12:20:21Z,558,30,4,7,0,0,1,1,1,1785500359
2026-07-31T12:20:21Z,559,2,1,15,2,0,1,1,1,1785500184
2026-07-31T12:20:21Z,560,8,0,18,1,0,1,1,1,1785500308
2026-07-31T12:20:21Z,561,13,0,9,1,0,1,1,1,1785499311
2026-07-31T12:20:21Z,562,3,0,29,3,0,1,1,1,1785486691
2026-07-31T12:20:21Z,563,8,0,6,0,0,1,1,1,1785499160
2026-07-31T12:20:21Z,564,7,0,11,1,0,1,1,1,1785500251
2026-07-31T12:20:21Z,565,5,1,14,0,0,1,1,1,1785500326
2026-07-31T12:20:21Z,566,13,0,5,1,0,1,1,1,1785500228
2026-07-31T12:20:21Z,567,3,1,23,1,0,1,1,1,1785500043
2026-07-31T12:20:21Z,568,16,0,2,1,0,1,1,1,1785499731
2026-07-31T12:20:21Z,569,15,2,4,0,0,1,1,1,1785499264
2026-07-31T12:20:21Z,570,5,0,13,1,0,1,1,1,1785499963
2026-07-31T12:20:21Z,571,12,0,11,0,0,1,1,1,1785500348
2026-07-31T12:20:21Z,572,11,4,7,1,0,1,1,1,1785499938
2026-07-31T12:20:21Z,573,7,0,8,0,0,1,1,1,1785499263
2026-07-31T12:20:21Z,574,4,0,11,0,0,1,1,1,1785500156
2026-07-31T12:20:21Z,575,7,1,13,1,0,1,1,1,1785500304
2026-07-31T12:20:21Z,576,4,1,13,2,0,1,1,1,1785499681
2026-07-31T12:20:21Z,577,16,0,15,0,0,1,1,1,1785500348
2026-07-31T12:20:21Z,578,10,9,12,1,0,1,1,1,1785499451
2026-07-31T12:20:21Z,579,8,0,35,0,0,1,1,1,1785500078
2026-07-31T12:20:21Z,580,0,0,29,0,0,1,1,1,1785498895
2026-07-31T12:20:21Z,581,8,0,11,0,0,1,1,1,1785500303
2026-07-31T12:20:21Z,582,18,0,42,1,0,1,1,1,1785500410
2026-07-31T12:20:21Z,583,20,0,3,0,0,1,1,1,1785499975
2026-07-31T12:20:21Z,584,5,4,9,5,0,1,1,1,1785499323
2026-07-31T12:20:21Z,585,7,2,19,0,1,1,1,1,1785500122
2026-07-31T12:20:21Z,586,9,0,26,0,0,1,1,1,1785499538
2026-07-31T12:20:21Z,587,8,0,15,1,0,1,1,1,1785500416
2026-07-31T12:20:21Z,588,9,3,7,2,1,1,1,1,1785500233
2026-07-31T12:20:21Z,589,8,6,13,1,0,1,1,1,1785500357
2026-07-31T12:20:21Z,590,13,1,17,1,0,1,1,1,1785500036
2026-07-31T12:20:21Z,591,14,0,14,2,0,1,1,1,1785500314
2026-07-31T12:20:21Z,592,11,0,12,0,0,1,1,1,1785498834
2026-07-31T12:20:21Z,593,4,0,34,0,0,1,1,1,1785499659
2026-07-31T12:20:21Z,594,6,1,13,2,0,1,1,1,1785500229
2026-07-31T12:20:21Z,595,0,0,3,0,0,0,1,1,1784046673
2026-07-31T12:20:21Z,605,0,0,2,1,0,0,1,1,1783975843
2026-07-31T12:20:21Z,606,0,0,0,0,0,0,1,1,86400
2026-07-31T12:20:21Z,607,22,3,9,1,0,1,1,1,1785500344
2026-07-31T12:20:21Z,608,9,3,41,0,0,1,1,1,1785500211
2026-07-31T12:20:21Z,609,18,12,5,0,0,1,1,1,1785499837
2026-07-31T12:20:21Z,610,6,4,29,0,0,1,1,1,1785500364
2026-07-31T12:20:21Z,611,0,0,26,1,0,1,1,1,1785500311
2026-07-31T12:20:21Z,612,7,1,8,0,0,1,1,1,1785498548
2026-07-31T12:20:21Z,613,8,0,3,4,0,1,1,1,1785500139
2026-07-31T12:20:21Z,614,4,2,20,2,1,1,1,1,1785499517
2026-07-31T12:20:21Z,617,9,1,4,2,0,1,1,1,1785500400
2026-07-31T12:20:21Z,618,10,1,5,4,0,1,1,1,1785499307
2026-07-31T12:20:21Z,619,2,2,17,0,0,1,1,1,1785500281
2026-07-31T12:20:21Z,620,6,1,21,0,0,1,1,1,1785499661
2026-07-31T12:20:21Z,621,17,11,5,1,0,1,1,1,1785500417
2026-07-31T12:20:21Z,622,10,4,12,1,0,1,1,1,1785500080
2026-07-31T12:20:21Z,623,11,4,18,1,0,1,1,1,1785500250
2026-07-31T12:20:21Z,624,0,0,15,0,0,1,1,1,1785499735
2026-07-31T12:20:21Z,625,3,0,15,3,0,1,1,1,1785500252
2026-07-31T12:20:21Z,626,12,0,33,0,2,1,1,1,1785500274
2026-07-31T12:20:21Z,627,13,6,6,0,0,1,1,1,1785500233
2026-07-31T12:20:21Z,628,1,1,14,2,2,1,1,1,1785500396
2026-07-31T12:20:21Z,629,4,1,6,1,0,1,1,1,1785500138
2026-07-31T12:20:21Z,630,3,2,21,3,0,1,1,1,1785500280
2026-07-31T12:20:21Z,631,6,2,17,0,0,1,1,1,1785499998
2026-07-31T12:20:21Z,632,20,0,1,2,0,1,1,1,1785492884
2026-07-31T12:20:21Z,633,12,1,0,3,0,1,1,1,1785500334
2026-07-31T12:20:21Z,634,10,2,9,0,0,1,1,1,1785498289
2026-07-31T12:20:21Z,635,15,1,4,0,0,1,1,1,1785497505
2026-07-31T12:20:21Z,636,10,2,5,0,0,1,1,1,1785488201
2026-07-31T12:20:21Z,637,8,1,10,1,0,1,1,1,1785499729
2026-07-31T12:20:21Z,638,6,1,11,2,0,1,1,1,1785498868
2026-07-31T12:20:21Z,639,6,1,11,2,0,1,1,1,1785500168
2026-07-31T12:20:21Z,640,7,5,15,1,0,1,1,1,1785500278
2026-07-31T12:20:21Z,641,16,0,8,2,0,1,1,1,1785499650
2026-07-31T12:20:21Z,642,3,3,7,9,0,1,1,1,1785500414
2026-07-31T12:20:21Z,643,3,0,17,7,0,1,1,1,1785500415
2026-07-31T12:20:21Z,644,11,0,3,1,0,1,1,1,1785499858
2026-07-31T12:20:21Z,645,11,0,10,1,1,1,1,1,1785499783
2026-07-31T12:20:21Z,646,7,2,12,0,0,1,1,1,1785500157
2026-07-31T12:20:21Z,647,27,2,4,0,0,1,1,1,1785500240
2026-07-31T12:20:21Z,648,5,0,13,1,0,1,1,1,1785500139
2026-07-31T12:20:21Z,649,19,2,11,1,0,1,1,1,1785499115
2026-07-31T12:20:21Z,650,5,1,9,0,0,1,1,1,1785488201
2026-07-31T12:20:21Z,651,7,7,16,0,0,1,1,1,1785496786
2026-07-31T12:20:21Z,652,2,2,19,2,0,1,1,1,1785500266
2026-07-31T12:20:21Z,653,6,1,13,0,0,1,1,1,1785500067
2026-07-31T12:20:21Z,654,2,2,13,0,0,1,1,1,1785488202
2026-07-31T12:20:21Z,655,7,3,1,4,1,1,1,1,1785500231
2026-07-31T12:20:21Z,656,16,6,3,0,0,1,1,1,1785499592
2026-07-31T12:20:21Z,657,10,2,3,2,2,1,1,1,1785500240
2026-07-31T12:20:21Z,658,9,1,1,0,0,1,1,1,1785473427
2026-07-31T12:20:21Z,659,7,3,6,2,0,1,1,1,1785500179
2026-07-31T12:20:21Z,660,12,0,15,4,0,1,1,1,1785500192
2026-07-31T12:20:21Z,661,2,1,17,0,0,1,1,1,1785500147
2026-07-31T12:20:21Z,662,4,3,16,3,0,1,1,1,1785500416
2026-07-31T12:20:21Z,663,10,5,4,1,0,1,1,1,1785500391
2026-07-31T12:20:21Z,664,4,0,23,0,0,1,1,1,1785500401
2026-07-31T12:20:21Z,665,13,4,2,0,0,1,1,1,1785500164
2026-07-31T12:20:21Z,666,8,2,5,2,0,1,1,1,1785495733
2026-07-31T12:20:21Z,667,0,0,19,0,0,1,1,1,1785486991
2026-07-31T12:20:21Z,668,10,1,9,0,0,1,1,1,1785500342
2026-07-31T12:20:21Z,669,12,5,2,0,0,1,1,1,1785498348
2026-07-31T12:20:21Z,670,9,1,18,0,0,1,1,1,1785500142
2026-07-31T12:20:21Z,671,20,5,6,1,0,1,1,1,1785500359
2026-07-31T12:20:21Z,672,12,2,7,3,1,1,1,1,1785500021
2026-07-31T12:20:21Z,673,20,2,2,1,0,1,1,1,1785500129
2026-07-31T12:20:21Z,674,6,1,14,3,0,1,1,1,1785500392
2026-07-31T12:20:21Z,675,11,5,2,2,0,1,1,1,1785500385
2026-07-31T12:20:21Z,676,11,1,10,1,0,1,1,1,1785500211
2026-07-31T12:20:21Z,681,11,3,1,3,0,1,1,1,1785500388
2026-07-31T12:20:21Z,682,4,1,14,1,0,1,1,1,1785486991
2026-07-31T12:20:21Z,683,3,1,16,0,0,1,1,1,1785499114
2026-07-31T12:20:21Z,684,2,0,25,0,0,1,1,1,1785498876
2026-07-31T12:20:21Z,685,8,0,17,1,1,1,1,1,1785498843
2026-07-31T12:20:21Z,686,9,0,15,3,0,1,1,1,1785500310
2026-07-31T12:20:21Z,687,11,0,18,1,1,1,1,1,1785500271
2026-07-31T12:20:21Z,688,10,0,2,7,0,1,1,1,1785500345
2026-07-31T12:20:21Z,692,2,2,19,0,0,1,1,1,1785500312
2026-07-31T12:20:21Z,693,6,0,2,3,0,1,1,1,1785499854
2026-07-31T12:20:21Z,694,10,6,11,0,0,1,1,1,1785499942
2026-07-31T12:20:21Z,695,12,8,11,0,0,1,1,1,1785499784
2026-07-31T12:20:21Z,696,17,13,4,2,0,1,1,1,1785499869
2026-07-31T12:20:21Z,697,12,0,11,0,0,1,1,1,1785500231
2026-07-31T12:20:21Z,698,16,0,11,0,0,1,1,1,1785500353
2026-07-31T12:20:21Z,699,8,0,6,1,0,1,1,1,1785500255
2026-07-31T12:20:21Z,700,18,4,1,0,0,1,1,1,1785500320
2026-07-31T12:20:21Z,701,15,6,4,0,0,1,1,1,1785499748
2026-07-31T12:20:21Z,702,17,1,5,1,0,1,1,1,1785500321
2026-07-31T12:20:21Z,704,6,1,9,0,0,1,1,1,1785499779
2026-07-31T12:20:21Z,705,3,1,10,2,0,1,1,1,1785500413
2026-07-31T12:20:21Z,706,12,2,0,3,0,1,1,1,1785499705
2026-07-31T12:20:21Z,707,8,1,7,0,0,1,1,1,1785500326
2026-07-31T12:20:21Z,708,16,3,3,0,0,1,1,1,1785500042
2026-07-31T12:20:21Z,709,9,0,3,3,0,1,1,1,1785500376
2026-07-31T12:20:21Z,710,15,4,3,1,0,1,1,1,1785499786
2026-07-31T12:20:21Z,711,18,3,1,4,0,1,1,1,1785500094
2026-07-31T12:20:21Z,712,8,6,7,0,0,1,1,1,1785500387
2026-07-31T12:20:21Z,713,5,0,18,0,0,1,1,1,1785499014
2026-07-31T12:20:21Z,716,3,2,12,0,0,1,1,1,1785500061
2026-07-31T12:20:21Z,717,4,2,18,3,0,1,1,1,1785500152
2026-07-31T12:20:21Z,718,6,1,8,1,0,1,1,1,1785499876
2026-07-31T12:20:21Z,719,10,3,19,0,0,1,1,1,1785500032
2026-07-31T12:20:21Z,720,1,0,18,0,0,1,1,1,1785500349
2026-07-31T12:20:21Z,721,0,0,21,2,0,1,1,1,1785500014
2026-07-31T12:20:21Z,722,5,0,10,0,0,1,1,1,1785500108
2026-07-31T12:20:21Z,723,12,1,11,0,0,1,1,1,1785500210
2026-07-31T12:20:21Z,724,9,4,14,0,0,1,1,1,1785499670
2026-07-31T12:20:21Z,725,16,4,6,1,0,1,1,1,1785500398
2026-07-31T12:20:21Z,726,15,2,4,0,0,1,1,1,1785500180
2026-07-31T12:20:21Z,727,8,3,12,3,0,1,1,1,1785499301
2026-07-31T12:20:21Z,728,9,0,5,1,0,1,1,1,1785498838
2026-07-31T12:20:21Z,729,1,1,18,0,0,1,1,1,1785500043
2026-07-31T12:20:21Z,730,3,2,10,2,0,1,1,1,1785499432
2026-07-31T12:20:21Z,731,9,3,5,1,0,1,1,1,1785500364
2026-07-31T12:20:21Z,732,7,5,8,0,0,1,1,1,1785499586
2026-07-31T12:20:21Z,733,2,2,25,0,0,1,1,1,1785500398
2026-07-31T12:20:21Z,734,0,0,13,1,0,1,1,1,1785499529
2026-07-31T12:20:21Z,735,4,3,23,0,0,1,1,1,1785500254
2026-07-31T12:20:21Z,736,7,0,11,1,0,1,1,1,1785500409
2026-07-31T12:20:21Z,737,4,3,10,0,1,1,1,1,1785498981
2026-07-31T12:20:21Z,738,15,4,2,2,0,1,1,1,1785500055
2026-07-31T12:20:21Z,739,20,2,6,1,0,1,1,1,1785498616
2026-07-31T12:20:21Z,741,7,0,16,0,0,1,1,1,1785499815
2026-07-31T12:20:21Z,742,19,2,14,2,0,1,1,1,1785500412
2026-07-31T12:20:21Z,743,10,4,8,1,0,1,1,1,1785499099
2026-07-31T12:20:21Z,744,9,3,5,1,0,1,1,1,1785499246
2026-07-31T12:20:21Z,745,13,4,5,1,0,1,1,1,1785499261
2026-07-31T12:20:21Z,746,6,0,15,2,0,1,1,1,1785500395
2026-07-31T12:20:21Z,747,0,0,4,0,0,0,1,1,1783446606
2026-07-31T12:20:21Z,748,10,1,13,0,0,1,1,1,1785500069
2026-07-31T12:20:21Z,749,6,5,16,1,0,1,1,1,1785499980
2026-07-31T12:20:21Z,750,4,1,7,0,0,1,1,1,1785500287
2026-07-31T12:20:21Z,751,13,0,10,0,0,1,1,1,1785500362
2026-07-31T12:20:21Z,752,15,1,1,1,0,1,1,1,1785498699
2026-07-31T12:20:21Z,753,0,0,15,0,0,1,1,1,1785500416
2026-07-31T12:20:21Z,754,4,2,10,1,0,1,1,1,1785499782
2026-07-31T12:20:21Z,755,12,3,10,1,0,1,1,1,1785499930
2026-07-31T12:20:21Z,756,15,10,21,1,0,1,1,1,1785500407
2026-07-31T12:20:21Z,757,17,8,0,2,0,1,1,1,1785500303
2026-07-31T12:20:21Z,758,17,2,6,0,0,1,1,1,1785500223
2026-07-31T12:20:21Z,759,0,0,0,0,0,1,1,1,86400
2026-07-31T12:20:21Z,760,9,4,10,0,0,1,1,1,1785499338
2026-07-31T12:20:21Z,761,18,0,4,1,0,1,1,1,1785500398
2026-07-31T12:20:21Z,762,5,3,5,5,0,1,1,1,1785500337
2026-07-31T12:20:21Z,768,8,0,8,3,0,1,1,1,1785499473
2026-07-31T12:20:21Z,769,17,12,2,0,0,1,1,1,1785499879
2026-07-31T12:20:21Z,770,11,3,6,2,0,1,1,1,1785499043
2026-07-31T12:20:21Z,771,12,2,2,1,0,1,1,1,1785500301
2026-07-31T12:20:21Z,772,8,1,7,0,0,1,1,1,1785499091
2026-07-31T12:20:21Z,773,15,4,4,0,0,1,1,1,1785498942
2026-07-31T12:20:21Z,774,8,5,4,3,0,1,1,1,1785498926
2026-07-31T12:20:21Z,775,7,0,10,1,1,1,1,1,1785494713
2026-07-31T12:20:21Z,776,3,1,17,1,0,1,1,1,1785499281
2026-07-31T12:20:21Z,777,10,0,2,3,0,1,1,1,1785499024
2026-07-31T12:20:21Z,778,13,0,3,3,0,1,1,1,1785498969
2026-07-31T12:20:21Z,779,8,1,10,1,0,1,1,1,1785499860
2026-07-31T12:20:21Z,780,17,1,1,1,0,1,1,1,1785500394
2026-07-31T12:20:21Z,781,4,0,5,2,0,1,1,1,1785499765
2026-07-31T12:20:21Z,782,5,3,10,4,0,1,1,1,1785500005
2026-07-31T12:20:21Z,783,6,0,13,0,0,1,1,1,1785499841
2026-07-31T12:20:21Z,784,18,1,1,0,0,1,1,1,1785500409
2026-07-31T12:20:21Z,785,10,2,3,6,0,1,1,1,1785500018
2026-07-31T12:20:21Z,786,12,5,7,0,0,1,1,1,1785499673
2026-07-31T12:20:21Z,787,10,5,3,2,0,1,1,1,1785499296
2026-07-31T12:20:21Z,788,3,0,12,0,0,1,1,1,1785500332
2026-07-31T12:20:21Z,789,9,2,2,4,0,1,1,1,1785498741
2026-07-31T12:20:21Z,790,2,0,20,1,0,1,1,1,1785500091
2026-07-31T12:20:21Z,791,7,0,11,0,1,1,1,1,1785498709
2026-07-31T12:20:21Z,793,4,0,10,1,0,1,1,1,1785498878
2026-07-31T12:20:21Z,794,15,8,12,2,0,1,1,1,1785499674
2026-07-31T12:20:21Z,796,2,1,15,2,0,1,1,1,1785500295
2026-07-31T12:20:21Z,797,1,0,14,0,0,1,1,1,1785499482
2026-07-31T12:20:21Z,798,12,1,12,1,0,1,1,1,1785500368
2026-07-31T12:20:21Z,799,14,1,2,3,0,1,1,1,1785498659
2026-07-31T12:20:21Z,800,9,0,10,2,0,1,1,1,1785500337
2026-07-31T12:20:21Z,801,14,6,6,1,0,1,1,1,1785500170
2026-07-31T12:20:21Z,802,8,0,23,0,0,1,1,1,1785500108
2026-07-31T12:20:21Z,803,1,1,14,0,0,1,1,1,1785500297
2026-07-31T12:20:21Z,806,5,2,10,0,0,1,1,1,1785499578
2026-07-31T12:20:21Z,807,13,1,10,2,0,1,1,1,1785499172
2026-07-31T12:20:21Z,808,3,1,20,2,0,1,1,1,1785499242
2026-07-31T12:20:21Z,809,4,0,18,1,0,1,1,1,1785498672
2026-07-31T12:20:21Z,810,2,0,13,4,0,1,1,1,1785499113
2026-07-31T12:20:21Z,815,0,0,10,4,1,1,1,1,1785499338
2026-07-31T12:20:21Z,817,10,4,5,0,0,1,1,1,1785499817
2026-07-31T12:20:21Z,818,4,0,18,1,0,1,1,1,1785499738
2026-07-31T12:20:21Z,819,6,4,9,0,0,1,1,1,1785487291
2026-07-31T12:20:21Z,820,8,2,9,0,0,1,1,1,1785499726
2026-07-31T12:20:21Z,821,2,1,13,0,0,1,1,1,1785498839
2026-07-31T12:20:21Z,822,7,0,15,1,0,1,1,1,1785499960
2026-07-31T12:20:21Z,823,1,1,14,0,0,1,1,1,1785500130
2026-07-31T12:20:21Z,824,10,5,9,0,0,1,1,1,1785500413
2026-07-31T12:20:21Z,825,8,5,7,0,0,1,1,1,1785495662
2026-07-31T12:20:21Z,826,15,3,2,2,0,1,1,1,1785499628
2026-07-31T12:20:21Z,827,15,4,5,1,0,1,1,1,1785499142
2026-07-31T12:20:21Z,828,13,1,3,2,0,1,1,1,1785500186
2026-07-31T12:20:21Z,829,14,5,13,0,0,1,1,1,1785499885
2026-07-31T12:20:21Z,830,17,2,5,1,0,1,1,1,1785499116
2026-07-31T12:20:21Z,831,6,2,8,1,0,1,1,1,1785500090
2026-07-31T12:20:21Z,832,10,3,5,3,0,1,1,1,1785500213
2026-07-31T12:20:21Z,833,0,0,18,1,0,1,1,1,1785499951
2026-07-31T12:20:21Z,834,4,0,19,1,0,1,1,1,1785500201
2026-07-31T12:20:21Z,835,9,3,7,2,0,1,1,1,1785500006
2026-07-31T12:20:21Z,837,5,1,0,10,0,1,1,1,1785500176
2026-07-31T12:20:21Z,838,15,5,0,0,0,1,1,1,1785499022
2026-07-31T12:20:21Z,839,8,1,21,0,0,1,1,1,1785500286
2026-07-31T12:20:21Z,840,10,4,18,1,0,1,1,1,1785500403
2026-07-31T12:20:21Z,841,7,1,8,0,0,1,1,1,1785500084
2026-07-31T12:20:21Z,842,6,1,17,0,0,1,1,1,1785499910
2026-07-31T12:20:21Z,843,8,0,22,1,0,1,1,1,1785500182
2026-07-31T12:20:21Z,844,5,0,18,0,0,1,1,1,1785500117
2026-07-31T12:20:21Z,845,5,3,12,2,0,1,1,1,1785500284
2026-07-31T12:20:21Z,846,4,0,14,1,0,1,1,1,1785499812
2026-07-31T12:20:21Z,847,7,1,20,0,0,1,1,1,1785499229
2026-07-31T12:20:21Z,848,8,3,10,1,0,1,1,1,1785498928
2026-07-31T12:20:21Z,849,5,1,9,1,0,1,1,1,1785500243
2026-07-31T12:20:21Z,850,8,0,1,2,0,1,1,1,1785499525
2026-07-31T12:20:21Z,851,8,6,27,2,0,1,1,1,1785499583
2026-07-31T12:20:21Z,852,12,6,7,0,0,1,1,1,1785499991
2026-07-31T12:20:21Z,853,10,5,13,0,0,1,1,1,1785499068
2026-07-31T12:20:21Z,854,3,2,12,0,0,1,1,1,1785499118
2026-07-31T12:20:21Z,855,25,0,2,0,0,1,1,1,1785497123
2026-07-31T12:20:21Z,857,5,3,14,0,0,1,1,1,1785500186
2026-07-31T12:20:21Z,858,4,1,14,1,0,1,1,1,1785498845
2026-07-31T12:20:21Z,859,4,0,16,1,0,1,1,1,1785499062
2026-07-31T12:20:21Z,861,8,1,2,1,0,1,1,1,1785488201
2026-07-31T12:20:21Z,862,2,2,13,0,0,1,1,1,1785500114
2026-07-31T12:20:21Z,863,13,0,5,1,0,1,1,1,1785488200
2026-07-31T12:20:21Z,866,11,3,8,0,0,1,1,1,1785498619
2026-07-31T12:20:21Z,867,13,1,2,0,0,1,1,1,1785499727
2026-07-31T12:20:21Z,868,12,2,3,0,0,1,1,1,1785499946
2026-07-31T12:20:21Z,870,7,4,6,2,0,1,1,1,1785500166
2026-07-31T12:20:21Z,871,0,0,10,1,0,1,1,1,1785499532
2026-07-31T12:20:21Z,872,0,0,14,1,0,1,1,1,1785500083
2026-07-31T12:20:21Z,873,11,3,21,1,0,1,1,1,1785500248
2026-07-31T12:20:21Z,874,2,0,10,3,0,1,1,1,1785500246
2026-07-31T12:20:21Z,875,14,10,0,1,0,1,1,1,1785500244
2026-07-31T12:20:21Z,877,12,10,5,2,0,1,1,1,1785499707
2026-07-31T12:20:21Z,878,4,3,14,1,0,1,1,1,1785500287
2026-07-31T12:20:21Z,879,3,1,16,0,0,1,1,1,1785499327
2026-07-31T12:20:21Z,880,1,0,21,1,0,1,1,1,1785500247
2026-07-31T12:20:21Z,881,1,1,18,0,0,1,1,1,1785500143
2026-07-31T12:20:21Z,882,10,0,6,3,0,1,1,1,1785488200
2026-07-31T12:20:21Z,883,11,6,8,0,0,1,1,1,1785500394
2026-07-31T12:20:21Z,884,10,7,11,0,0,1,1,1,1785499704
2026-07-31T12:20:21Z,885,1,0,18,0,0,1,1,1,1785499979
2026-07-31T12:20:21Z,886,18,1,9,2,0,1,1,1,1785500318
2026-07-31T12:20:21Z,887,4,1,10,3,0,1,1,1,1785499287
2026-07-31T12:20:21Z,888,14,1,25,1,1,1,1,1,1785500381
2026-07-31T12:20:21Z,889,10,0,7,2,0,1,1,1,1785500279
2026-07-31T12:20:21Z,890,6,4,9,0,0,1,1,1,1785489632
2026-07-31T12:20:21Z,891,20,0,3,0,0,1,1,1,1785500026
2026-07-31T12:20:21Z,892,13,1,2,0,0,1,1,1,1785488200
2026-07-31T12:20:21Z,895,0,0,18,1,0,1,1,1,1785489208
2026-07-31T12:20:21Z,896,9,1,26,0,0,1,1,1,1785500364
2026-07-31T12:20:21Z,897,11,1,10,0,0,1,1,1,1785500180
2026-07-31T12:20:21Z,898,3,0,16,0,0,1,1,1,1785499896
2026-07-31T12:20:21Z,899,0,0,18,1,0,1,1,1,1785499128
2026-07-31T12:20:21Z,900,12,1,13,2,0,1,1,1,1785500414
2026-07-31T12:20:21Z,901,5,0,13,1,0,1,1,1,1785500279
2026-07-31T12:20:21Z,902,8,0,6,1,0,1,1,1,1785499826
2026-07-31T12:20:21Z,903,13,2,5,1,0,1,1,1,1785499298
2026-07-31T12:20:21Z,904,9,4,9,1,0,1,1,1,1785500289
2026-07-31T12:20:21Z,905,9,2,18,0,0,1,1,1,1785500404
2026-07-31T12:20:21Z,906,1,0,26,0,0,1,1,1,1785499349
2026-07-31T12:20:21Z,907,1,1,30,0,0,1,1,1,1785500344
2026-07-31T12:20:21Z,908,8,0,15,0,0,1,1,1,1785500282
2026-07-31T12:20:21Z,909,5,0,17,1,0,1,1,1,1785500238
2026-07-31T12:20:21Z,910,7,0,24,0,0,1,1,1,1785500222
2026-07-31T12:20:21Z,911,5,2,14,0,0,1,1,1,1785499831
2026-07-31T12:20:21Z,912,13,4,8,2,0,1,1,1,1785499689
2026-07-31T12:20:21Z,913,4,1,15,0,0,1,1,1,1785499263
2026-07-31T12:20:21Z,914,8,0,11,0,0,1,1,1,1785500413
2026-07-31T12:20:21Z,915,8,0,14,1,0,1,1,1,1785500396
2026-07-31T12:20:21Z,916,23,8,0,0,0,1,1,1,1785499232
2026-07-31T12:20:21Z,917,19,4,15,1,0,1,1,1,1785500381
2026-07-31T12:20:21Z,918,3,1,14,2,0,1,1,1,1785500317
2026-07-31T12:20:21Z,919,3,0,35,1,0,1,1,1,1785500338
2026-07-31T12:20:21Z,920,4,2,15,0,0,1,1,1,1785498806
2026-07-31T12:20:21Z,921,12,0,9,0,0,1,1,1,1785499970
2026-07-31T12:20:21Z,922,3,0,17,1,0,1,1,1,1785499949
2026-07-31T12:20:21Z,923,16,2,3,0,0,1,1,1,1785499642
2026-07-31T12:20:21Z,924,8,2,13,0,0,1,1,1,1785499166
2026-07-31T12:20:21Z,925,13,0,8,0,0,1,1,1,1785498636
2026-07-31T12:20:21Z,926,2,1,19,0,0,1,1,1,1785498767
2026-07-31T12:20:21Z,927,7,0,28,0,0,1,1,1,1785500350
2026-07-31T12:20:21Z,928,0,0,19,0,0,0,1,1,1785500252
2026-07-31T12:20:21Z,929,3,0,20,0,0,1,1,1,1785499699
2026-07-31T12:20:21Z,930,1,0,29,1,0,1,1,1,1785500240
2026-07-31T12:20:21Z,931,13,10,9,1,0,1,1,1,1785500387
2026-07-31T12:20:21Z,932,1,1,16,2,0,1,1,1,1785500351
2026-07-31T12:20:21Z,933,3,0,20,0,0,1,1,1,1785500360
2026-07-31T12:20:21Z,934,7,0,23,1,0,1,1,1,1785499935
2026-07-31T12:20:21Z,935,18,4,0,1,0,1,1,1,1785499348
2026-07-31T12:20:21Z,936,4,1,15,0,0,1,1,1,1785456801
2026-07-31T12:20:21Z,940,11,0,0,0,0,1,1,1,1785499838
2026-07-31T12:20:21Z,941,8,1,15,2,0,1,1,1,1785500144
2026-07-31T12:20:21Z,942,3,0,17,1,0,1,1,1,1785500095
2026-07-31T12:20:21Z,943,9,8,6,0,0,1,1,1,1785500188
2026-07-31T12:20:21Z,944,9,8,6,0,0,1,1,1,1785500011
2026-07-31T12:20:21Z,945,10,8,5,0,0,1,1,1,1785499526
2026-07-31T12:20:21Z,946,7,5,12,0,0,1,1,1,1785487593
2026-07-31T12:20:21Z,947,7,5,10,0,0,1,1,1,1785500024
2026-07-31T12:20:21Z,948,26,9,0,5,0,1,1,1,1785499633
2026-07-31T12:20:21Z,949,14,4,1,0,0,1,1,1,1785500341
2026-07-31T12:20:21Z,950,11,4,5,1,0,1,1,1,1785500034
2026-07-31T12:20:21Z,951,20,4,2,1,0,1,1,1,1785500257
2026-07-31T12:20:21Z,952,25,6,30,0,0,1,1,1,1785500345
2026-07-31T12:20:21Z,953,7,1,7,1,0,1,1,1,1785500308
2026-07-31T12:20:21Z,954,12,3,7,0,0,1,1,1,1785500146
2026-07-31T12:20:21Z,955,6,4,15,6,0,1,1,1,1785499372
2026-07-31T12:20:21Z,956,21,0,1,1,0,1,1,1,1785500077
2026-07-31T12:20:21Z,957,10,1,19,0,0,1,1,1,1785499918
2026-07-31T12:20:21Z,958,15,2,16,0,0,1,1,1,1785500402
2026-07-31T12:20:21Z,959,16,7,4,3,0,1,1,1,1785499931
2026-07-31T12:20:21Z,960,15,0,7,1,0,1,1,1,1785500414
2026-07-31T12:20:21Z,961,0,0,20,3,0,1,1,1,1785498941
2026-07-31T12:20:21Z,962,10,2,22,3,0,1,1,1,1785500374
2026-07-31T12:20:21Z,963,21,0,1,1,0,1,1,1,1785500176
2026-07-31T12:20:21Z,964,10,8,12,1,0,1,1,1,1785500240
2026-07-31T12:20:21Z,965,10,3,16,1,0,1,1,1,1785500274
2026-07-31T12:20:21Z,966,22,0,9,0,0,1,1,1,1785499214
2026-07-31T12:20:21Z,967,14,0,6,1,0,1,1,1,1785500051
2026-07-31T12:20:21Z,968,12,0,6,1,0,1,1,1,1785500023
2026-07-31T12:20:21Z,969,9,7,16,2,0,1,1,1,1785500257
2026-07-31T12:20:21Z,970,9,1,8,2,0,1,1,1,1785500360
2026-07-31T12:20:21Z,971,8,0,14,1,0,1,1,1,1785500340
2026-07-31T12:20:21Z,972,9,1,13,1,0,1,1,1,1785500008
2026-07-31T12:20:21Z,973,7,4,15,1,0,1,1,1,1785499525
2026-07-31T12:20:21Z,974,18,0,8,1,0,1,1,1,1785500362
2026-07-31T12:20:21Z,977,5,5,14,2,0,1,1,1,1785500267
2026-07-31T12:20:21Z,978,12,0,11,0,0,1,1,1,1785499463
2026-07-31T12:20:21Z,979,12,0,5,0,0,1,1,1,1785499596
2026-07-31T12:20:21Z,980,9,0,10,2,0,1,1,1,1785499724
2026-07-31T12:20:21Z,981,8,0,12,1,0,1,1,1,1785499771
2026-07-31T12:20:21Z,982,3,1,14,2,0,1,1,1,1785500064
2026-07-31T12:20:21Z,983,2,1,20,1,0,1,1,1,1785498675
2026-07-31T12:20:21Z,984,5,0,17,1,0,1,1,1,1785500372
2026-07-31T12:20:21Z,985,14,1,17,0,0,1,1,1,1785500295
2026-07-31T12:20:21Z,986,4,0,15,0,0,1,1,1,1785500061
2026-07-31T12:20:21Z,987,6,0,16,1,0,1,1,1,1785498793
2026-07-31T12:20:21Z,988,5,1,13,1,0,1,1,1,1785500218
2026-07-31T12:20:21Z,989,9,4,10,0,0,1,1,1,1785499207
2026-07-31T12:20:21Z,990,13,1,0,2,0,1,1,1,1785500256
2026-07-31T12:20:21Z,991,10,2,8,1,0,1,1,1,1785499938
2026-07-31T12:20:21Z,992,9,6,13,1,0,1,1,1,1785499981
2026-07-31T12:20:21Z,993,0,0,27,0,0,1,1,1,1785476008
2026-07-31T12:20:21Z,994,3,1,18,0,0,1,1,1,1785499216
2026-07-31T12:20:21Z,995,6,0,21,0,0,1,1,1,1785500253
2026-07-31T12:20:21Z,996,8,1,15,0,0,1,1,1,1785500049
2026-07-31T12:20:21Z,997,13,7,9,1,0,1,1,1,1785500252
2026-07-31T12:20:21Z,998,3,3,19,1,0,1,1,1,1785500364
2026-07-31T12:20:21Z,999,2,0,16,2,1,1,1,1,1785500125
2026-07-31T12:20:21Z,1000,5,2,16,0,0,1,1,1,1785499111
2026-07-31T12:20:21Z,1001,2,1,25,0,0,1,1,1,1785500394
2026-07-31T12:20:21Z,1002,2,2,27,2,0,1,1,1,1785500407
2026-07-31T12:20:21Z,1003,0,0,22,1,0,1,1,1,1785500009
2026-07-31T12:20:21Z,1004,8,1,15,0,0,1,1,1,1785499451
2026-07-31T12:20:21Z,1005,20,1,3,0,0,1,1,1,1785500198
2026-07-31T12:20:21Z,1006,7,4,11,1,0,1,1,1,1785500026
2026-07-31T12:20:21Z,1007,1,0,20,0,0,1,1,1,1785499794
2026-07-31T12:20:21Z,1008,6,5,15,2,0,1,1,1,1785499174
2026-07-31T12:20:21Z,1009,19,2,8,4,0,1,1,1,1785499038
2026-07-31T12:20:21Z,1010,7,2,20,0,0,1,1,1,1785499878
2026-07-31T12:20:21Z,1011,7,2,10,2,0,1,1,1,1785500403
2026-07-31T12:20:21Z,1012,4,3,18,1,0,1,1,1,1785499965
2026-07-31T12:20:21Z,1013,2,1,20,1,0,1,1,1,1785500378
2026-07-31T12:20:21Z,1014,7,2,13,3,0,1,1,1,1785498667
2026-07-31T12:20:21Z,1015,3,1,25,3,0,1,1,1,1785498959
2026-07-31T12:20:21Z,1016,10,5,21,0,0,1,1,1,1785499851
2026-07-31T12:20:21Z,1017,14,5,7,0,0,1,1,1,1785499369
2026-07-31T12:20:21Z,1018,7,2,15,0,0,1,1,1,1785500052
2026-07-31T12:20:21Z,1019,8,5,7,0,0,1,1,1,1785499966
2026-07-31T12:20:21Z,1020,18,3,3,0,0,1,1,1,1785499236
2026-07-31T12:20:21Z,1021,9,3,5,1,0,1,1,1,1785498952
2026-07-31T12:20:21Z,1022,14,0,13,0,0,1,1,1,1785500154
2026-07-31T12:20:21Z,1023,13,1,9,1,0,1,1,1,1785499790
2026-07-31T12:20:21Z,1024,6,2,12,1,0,1,1,1,1785498963
2026-07-31T12:20:21Z,1025,4,0,14,0,1,1,1,1,1785500124
2026-07-31T12:20:21Z,1026,7,4,18,6,0,1,1,1,1785499321
2026-07-31T12:20:21Z,1028,2,0,20,1,0,1,1,1,1785500144
2026-07-31T12:20:21Z,1029,10,9,4,1,0,1,1,1,1785499251
2026-07-31T12:20:21Z,1030,14,5,9,0,0,1,1,1,1785499012
2026-07-31T12:20:21Z,1031,8,0,11,0,0,1,1,1,1785499365
2026-07-31T12:20:21Z,1032,7,1,12,0,0,1,1,1,1785500030
2026-07-31T12:20:21Z,1033,11,7,8,0,0,1,1,1,1785500165
2026-07-31T12:20:21Z,1034,3,0,12,0,0,1,1,1,1785500036
2026-07-31T12:20:21Z,1035,1,0,16,2,0,1,1,1,1785500083
2026-07-31T12:20:21Z,1036,15,1,0,0,0,1,1,1,1785498803
2026-07-31T12:20:21Z,1037,5,0,13,1,0,1,1,1,1785500328
2026-07-31T12:20:21Z,1038,2,0,12,1,0,1,1,1,1785499734
2026-07-31T12:20:21Z,1039,7,2,12,0,0,1,1,1,1785500184
2026-07-31T12:20:21Z,1040,6,3,11,2,0,1,1,1,1785500071
2026-07-31T12:20:21Z,1041,10,3,9,0,0,1,1,1,1785499950
2026-07-31T12:20:21Z,1042,12,1,1,2,0,1,1,1,1785500030
2026-07-31T12:20:21Z,1043,11,0,5,3,0,1,1,1,1785500105
2026-07-31T12:20:21Z,1044,2,1,13,0,0,1,1,1,1785499788
2026-07-31T12:20:21Z,1045,10,0,9,0,0,1,1,1,1785500018
2026-07-31T12:20:21Z,1046,8,0,7,0,0,1,1,1,1785499413
2026-07-31T12:20:21Z,1047,5,0,16,0,0,1,1,1,1785498972
2026-07-31T12:20:21Z,1048,9,0,10,0,0,1,1,1,1785499995
2026-07-31T12:20:21Z,1049,5,0,16,0,0,1,1,1,1785500069
2026-07-31T12:20:21Z,1050,17,4,4,0,0,1,1,1,1785499347
2026-07-31T12:20:21Z,1051,8,3,13,0,0,1,1,1,1785499236
2026-07-31T12:20:21Z,1052,17,2,5,0,0,1,1,1,1785499863
2026-07-31T12:20:21Z,1053,2,1,13,0,0,1,1,1,1785499916
2026-07-31T12:20:21Z,1054,14,1,1,0,0,1,1,1,1785500175
2026-07-31T12:20:21Z,1055,6,0,13,0,0,1,1,1,1785500162
2026-07-31T12:20:21Z,1057,9,0,9,1,0,1,1,1,1785499845
2026-07-31T12:20:21Z,1058,3,0,51,2,0,1,1,1,1785500192
2026-07-31T12:20:21Z,1059,1,0,17,1,0,1,1,1,1785500045
2026-07-31T12:20:21Z,1060,29,0,8,0,0,1,1,1,1785499868
2026-07-31T12:20:21Z,1061,24,1,13,0,0,1,1,1,1785500406
2026-07-31T12:20:21Z,1062,11,1,6,0,0,1,1,1,1785499049
2026-07-31T12:20:21Z,1063,12,1,6,1,0,1,1,1,1785500073
2026-07-31T12:20:21Z,1064,3,0,19,1,0,1,1,1,1785500413
2026-07-31T12:20:21Z,1065,16,3,7,0,0,1,1,1,1785498838
2026-07-31T12:20:21Z,1066,10,2,13,0,0,1,1,1,1785498661
2026-07-31T12:20:21Z,1067,8,2,13,2,0,1,1,1,1785498930
2026-07-31T12:20:21Z,1068,8,2,13,2,0,1,1,1,1785500247
2026-07-31T12:20:21Z,1069,12,3,11,0,0,1,1,1,1785500288
2026-07-31T12:20:21Z,1070,12,2,11,0,0,1,1,1,1785500385
2026-07-31T12:20:21Z,1071,7,4,16,0,0,1,1,1,1785498607
2026-07-31T12:20:21Z,1072,11,1,11,1,0,1,1,1,1785499008
2026-07-31T12:20:21Z,1073,18,2,8,1,0,1,1,1,1785499790
2026-07-31T12:20:21Z,1074,2,0,50,1,0,1,1,1,1785500243
2026-07-31T12:20:21Z,1075,10,10,11,0,0,1,1,1,1785499793
2026-07-31T12:20:21Z,1076,15,12,6,0,0,1,1,1,1785499232
2026-07-31T12:20:21Z,1077,8,4,13,0,0,1,1,1,1785500015
2026-07-31T12:20:21Z,1078,11,10,10,0,0,1,1,1,1785499273
2026-07-31T12:20:21Z,1079,11,8,10,0,0,1,1,1,1785499899
2026-07-31T12:20:21Z,1080,10,8,10,1,0,1,1,1,1785498684
2026-07-31T12:20:21Z,1081,13,8,6,0,0,1,1,1,1785499063
2026-07-31T12:20:21Z,1082,7,7,1,0,0,1,1,1,1785500338
2026-07-31T12:20:21Z,1083,13,11,8,0,0,1,1,1,1785500169
2026-07-31T12:20:21Z,1084,9,8,12,0,0,1,1,1,1785499786
2026-07-31T12:20:21Z,1085,10,10,11,0,0,1,1,1,1785499442
2026-07-31T12:20:21Z,1086,5,2,15,1,0,1,1,1,1785500209
2026-07-31T12:20:21Z,1087,8,6,7,0,0,1,1,1,1785499755
2026-07-31T12:20:21Z,1088,9,7,6,0,0,1,1,1,1785500076
2026-07-31T12:20:21Z,1089,6,4,9,0,0,1,1,1,1785498840
2026-07-31T12:20:21Z,1090,9,8,6,0,0,1,1,1,1785499143
2026-07-31T12:20:21Z,1091,11,6,4,0,0,1,1,1,1785500129
2026-07-31T12:20:21Z,1092,9,9,5,1,0,1,1,1,1785500417
2026-07-31T12:20:21Z,1093,6,5,9,0,0,1,1,1,1785499996
2026-07-31T12:20:21Z,1094,12,10,6,1,0,1,1,1,1785500028
2026-07-31T12:20:21Z,1095,8,7,7,0,0,1,1,1,1785498901
2026-07-31T12:20:21Z,1096,3,1,15,1,0,1,1,1,1785500394
2026-07-31T12:20:21Z,1097,9,9,6,0,0,1,1,1,1785498789
2026-07-31T12:20:21Z,1098,9,7,10,0,0,1,1,1,1785499135
2026-07-31T12:20:21Z,1099,7,6,8,0,0,1,1,1,1785499863
2026-07-31T12:20:21Z,1100,8,4,21,0,0,1,1,1,1785493678
2026-07-31T12:20:21Z,1101,10,5,11,0,0,1,1,1,1785499763
2026-07-31T12:20:21Z,1102,9,4,4,0,0,1,1,1,1785499033
2026-07-31T12:20:21Z,1103,10,5,11,0,0,1,1,1,1785487895
2026-07-31T12:20:21Z,1104,10,5,11,0,0,1,1,1,1785499518
2026-07-31T12:20:21Z,1105,8,4,5,0,0,1,1,1,1785498920
2026-07-31T12:20:21Z,1106,10,5,11,0,0,1,1,1,1785499860
2026-07-31T12:20:21Z,1107,10,5,5,0,0,1,1,1,1785500138
2026-07-31T12:20:21Z,1108,8,4,16,2,1,1,1,1,1785498837
2026-07-31T12:20:21Z,1109,9,4,6,0,0,1,1,1,1785500092
2026-07-31T12:20:21Z,1110,12,4,9,0,0,1,1,1,1785499386
2026-07-31T12:20:21Z,1111,3,2,18,0,0,1,1,1,1785475740
2026-07-31T12:20:21Z,1112,38,0,15,0,0,1,1,1,1785500002
2026-07-31T12:20:21Z,1113,4,0,17,0,0,1,1,1,1785499334
2026-07-31T12:20:21Z,1115,16,5,4,3,0,1,1,1,1785498741
2026-07-31T12:20:21Z,1116,5,1,14,0,0,1,1,1,1785500049
2026-07-31T12:20:21Z,1117,18,5,3,2,0,1,1,1,1785500405
2026-07-31T12:20:21Z,1118,15,0,4,2,0,1,1,1,1785499865
2026-07-31T12:20:21Z,1119,13,1,4,0,0,1,1,1,1785499506
2026-07-31T12:20:21Z,1120,12,0,7,0,0,1,1,1,1785500413
2026-07-31T12:20:21Z,1121,4,1,13,4,0,1,1,1,1785500412
2026-07-31T12:20:21Z,1122,11,8,7,3,0,1,1,1,1785499906
2026-07-31T12:20:21Z,1123,7,4,14,2,0,1,1,1,1785500092
2026-07-31T12:20:21Z,1124,8,1,2,5,0,1,1,1,1785499864
2026-07-31T12:20:21Z,1125,15,1,8,0,0,1,1,1,1785500340
2026-07-31T12:20:21Z,1126,3,1,17,1,0,1,1,1,1785499399
2026-07-31T12:20:21Z,1127,5,0,13,1,0,1,1,1,1785500369
2026-07-31T12:20:21Z,1128,14,2,0,1,0,1,1,1,1785500046
2026-07-31T12:20:21Z,1129,1,1,19,1,0,1,1,1,1785499776
2026-07-31T12:20:21Z,1130,13,0,2,0,0,1,1,1,1785500257
2026-07-31T12:20:21Z,1131,7,0,41,1,0,1,1,1,1785500374
2026-07-31T12:20:21Z,1132,14,6,6,1,0,1,1,1,1785499679
2026-07-31T12:20:21Z,1133,17,13,3,1,0,1,1,1,1785500378
2026-07-31T12:20:21Z,1134,10,5,9,0,0,1,1,1,1785498740
2026-07-31T12:20:21Z,1135,10,5,11,0,0,1,1,1,1785499658
2026-07-31T12:20:21Z,1136,9,0,14,0,0,1,1,1,1785500230
2026-07-31T12:20:21Z,1137,13,0,2,0,0,1,1,1,1785499983
2026-07-31T12:20:21Z,1138,16,2,3,0,0,1,1,1,1785500009
2026-07-31T12:20:21Z,1139,16,4,4,1,0,1,1,1,1785500169
2026-07-31T12:20:21Z,1140,20,2,2,1,0,1,1,1,1785499988
2026-07-31T12:20:21Z,1141,7,1,14,0,0,1,1,1,1785500169
2026-07-31T12:20:21Z,1142,2,0,19,0,0,1,1,1,1785498871
2026-07-31T12:20:21Z,1143,8,0,21,0,0,1,1,1,1785500135
2026-07-31T12:20:21Z,1144,7,1,13,1,0,1,1,1,1785500286
2026-07-31T12:20:21Z,1145,10,5,10,1,0,1,1,1,1785498620
2026-07-31T12:20:21Z,1146,3,1,15,1,0,1,1,1,1785500377
2026-07-31T12:20:21Z,1147,6,1,13,0,0,1,1,1,1785500117
2026-07-31T12:20:21Z,1148,8,3,23,0,0,1,1,1,1785500128
2026-07-31T12:20:21Z,1149,2,2,23,0,0,1,1,1,1785499713
2026-07-31T12:20:21Z,1150,14,0,5,0,0,1,1,1,1785499843
2026-07-31T12:20:21Z,1151,13,0,8,0,0,1,1,1,1785498882
2026-07-31T12:20:21Z,1152,19,0,10,0,0,1,1,1,1785500349
2026-07-31T12:20:21Z,1153,20,6,2,1,0,1,1,1,1785499495
2026-07-31T12:20:21Z,1154,14,1,5,0,0,1,1,1,1785499472
2026-07-31T12:20:21Z,1155,15,6,4,2,0,1,1,1,1785500114
2026-07-31T12:20:21Z,1158,3,0,15,1,0,1,1,1,1785499937
2026-07-31T12:20:21Z,1159,13,1,6,0,0,1,1,1,1785500293
2026-07-31T12:20:21Z,1160,8,1,10,1,0,1,1,1,1785499326
2026-07-31T12:20:21Z,1161,4,0,14,1,0,1,1,1,1785498616
2026-07-31T12:20:21Z,1162,1,0,18,0,0,1,1,1,1785498863
2026-07-31T12:20:21Z,1163,1,1,17,1,0,1,1,1,1785500056
2026-07-31T12:20:21Z,1164,6,1,13,0,0,1,1,1,1785500113
2026-07-31T12:20:21Z,1165,5,0,16,0,0,1,1,1,1785499033
2026-07-31T12:20:21Z,1166,12,2,8,1,0,1,1,1,1785498551
2026-07-31T12:20:21Z,1167,4,0,11,0,0,1,1,1,1785499814
2026-07-31T12:20:21Z,1168,1,1,21,1,0,1,1,1,1785500317
2026-07-31T12:20:21Z,1169,3,0,15,1,0,1,1,1,1785499960
2026-07-31T12:20:21Z,1170,6,0,14,1,0,1,1,1,1785500337
2026-07-31T12:20:21Z,1171,7,6,15,1,0,1,1,1,1785500014
2026-07-31T12:20:21Z,1172,5,2,8,2,0,1,1,1,1785500236
2026-07-31T12:20:21Z,1173,13,5,6,0,0,1,1,1,1785500212
2026-07-31T12:20:21Z,1174,6,3,9,0,0,1,1,1,1785499884
2026-07-31T12:20:21Z,1175,4,2,15,0,0,1,1,1,1785498199
2026-07-31T12:20:21Z,1176,19,1,2,0,0,1,1,1,1785499419
2026-07-31T12:20:21Z,1177,3,1,18,0,0,1,1,1,1785499346
2026-07-31T12:20:21Z,1178,2,1,13,0,0,1,1,1,1785499845
2026-07-31T12:20:21Z,1181,9,0,5,1,0,1,1,1,1785500416
2026-07-31T12:20:21Z,1182,4,0,16,0,0,1,1,1,1785498635
2026-07-31T12:20:21Z,1183,14,1,29,2,0,1,1,1,1785500198
2026-07-31T12:20:21Z,1184,4,1,15,2,0,1,1,1,1785500357
2026-07-31T12:20:21Z,1185,10,5,11,0,0,1,1,1,1785499473
2026-07-31T12:20:21Z,1186,9,5,10,0,0,1,1,1,1785498664
2026-07-31T12:20:21Z,1187,10,5,10,1,0,1,1,1,1785499248
2026-07-31T12:20:21Z,1188,10,5,5,0,0,1,1,1,1785500145
2026-07-31T12:20:21Z,1189,11,6,8,0,0,1,1,1,1785500243
2026-07-31T12:20:21Z,1190,9,4,12,0,0,1,1,1,1785499638
2026-07-31T12:20:21Z,1191,10,5,5,0,0,1,1,1,1785500150
2026-07-31T12:20:21Z,1192,10,6,10,1,0,1,1,1,1785500007
2026-07-31T12:20:21Z,1193,6,4,5,2,0,1,1,1,1785499185
2026-07-31T12:20:21Z,1197,9,6,7,1,0,1,1,1,1785499117
2026-07-31T12:20:21Z,1198,14,4,5,2,0,1,1,1,1785498712
2026-07-31T12:20:21Z,1199,2,0,17,0,0,1,1,1,1785498735
2026-07-31T12:20:21Z,1200,10,5,5,0,0,1,1,1,1785500187
2026-07-31T12:20:21Z,1201,10,5,5,0,0,1,1,1,1785500163
2026-07-31T12:20:21Z,1202,10,5,5,0,0,1,1,1,1785500265
2026-07-31T12:20:21Z,1203,10,5,5,0,0,1,1,1,1785500163
2026-07-31T12:20:21Z,1204,8,4,11,0,0,1,1,1,1785499915
2026-07-31T12:20:21Z,1206,11,5,10,0,0,1,1,1,1785499135
2026-07-31T12:20:21Z,1207,8,4,6,1,0,1,1,1,1785498663
2026-07-31T12:20:21Z,1208,9,4,10,0,0,1,1,1,1785500394
2026-07-31T12:20:21Z,1216,8,0,12,1,0,1,1,1,1785499364
2026-07-31T12:20:21Z,1218,4,0,17,0,0,1,1,1,1785499758
2026-07-31T12:20:21Z,1219,6,1,8,1,0,1,1,1,1785499613
2026-07-31T12:20:21Z,1220,14,7,4,1,0,1,1,1,1785499399
2026-07-31T12:20:21Z,1221,1,1,19,1,0,1,1,1,1785499071
2026-07-31T12:20:21Z,1222,26,0,3,0,0,1,1,1,1785500032
2026-07-31T12:20:21Z,1223,20,1,9,0,0,1,1,1,1785499877
2026-07-31T12:20:21Z,1226,0,0,3,0,0,0,1,1,1781868931
2026-07-31T12:20:21Z,1227,18,1,7,0,0,1,1,1,1785500342
2026-07-31T12:20:21Z,1228,21,1,8,0,0,1,1,1,1785500030
2026-07-31T12:20:21Z,1229,35,3,9,1,0,1,1,1,1785500414
2026-07-31T12:25:21Z,1,3,0,20,0,0,1,1,1,1785500685
2026-07-31T12:25:21Z,2,12,0,13,2,0,1,1,1,1785500541
2026-07-31T12:25:21Z,3,7,1,6,1,0,1,1,1,1785500661
2026-07-31T12:25:21Z,4,5,0,16,1,0,1,1,1,1785500224
2026-07-31T12:25:21Z,5,11,3,11,1,0,1,1,1,1785497818
2026-07-31T12:25:21Z,6,4,0,11,0,0,1,1,1,1785500657
2026-07-31T12:25:21Z,7,4,0,35,0,0,1,1,1,1785500459
2026-07-31T12:25:21Z,8,6,1,37,0,0,1,1,1,1785498395
2026-07-31T12:25:21Z,9,5,2,18,0,0,1,1,1,1785500692
2026-07-31T12:25:21Z,10,0,0,21,2,0,1,1,1,1785496277
2026-07-31T12:25:21Z,11,14,3,4,1,0,1,1,1,1785500651
2026-07-31T12:25:21Z,12,2,1,21,0,0,1,1,1,1785499737
2026-07-31T12:25:21Z,13,1,0,29,0,0,1,1,1,1785500064
2026-07-31T12:25:21Z,14,12,0,30,0,1,1,1,1,1785500467
2026-07-31T12:25:21Z,15,1,0,14,0,0,1,1,1,1785500656
2026-07-31T12:25:21Z,16,8,0,16,2,1,1,1,1,1785487292
2026-07-31T12:25:21Z,17,2,0,24,1,0,1,1,1,1785500469
2026-07-31T12:25:21Z,18,4,0,12,2,0,1,1,1,1785500645
2026-07-31T12:25:21Z,19,14,3,12,1,0,1,1,1,1785500700
2026-07-31T12:25:21Z,20,28,0,7,0,0,1,1,1,1785500569
2026-07-31T12:25:21Z,21,11,1,7,1,0,1,1,1,1785500584
2026-07-31T12:25:21Z,22,22,0,42,1,0,1,1,1,1785500111
2026-07-31T12:25:21Z,23,18,7,13,0,0,1,1,1,1785500460
2026-07-31T12:25:21Z,24,3,2,6,2,0,1,1,1,1785500707
2026-07-31T12:25:21Z,25,10,3,70,0,1,1,1,1,1785500612
2026-07-31T12:25:21Z,26,6,2,21,0,0,1,1,1,1785500655
2026-07-31T12:25:21Z,28,12,2,3,0,0,1,1,1,1785499435
2026-07-31T12:25:21Z,30,3,1,25,1,0,1,1,1,1785499992
2026-07-31T12:25:21Z,31,3,1,14,2,0,1,1,1,1785500612
2026-07-31T12:25:21Z,32,6,0,21,0,0,1,1,1,1785500125
2026-07-31T12:25:21Z,34,17,3,19,1,0,1,1,1,1785500548
2026-07-31T12:25:21Z,35,10,2,35,2,0,1,1,1,1785500689
2026-07-31T12:25:21Z,36,0,0,0,0,0,0,1,1,86400
2026-07-31T12:25:21Z,37,0,0,23,0,0,1,1,1,1785499868
2026-07-31T12:25:21Z,38,13,1,10,0,0,1,1,1,1785500599
2026-07-31T12:25:21Z,39,21,3,18,0,0,1,1,1,1785500283
2026-07-31T12:25:21Z,40,16,0,5,0,0,1,1,1,1785500586
2026-07-31T12:25:21Z,41,6,2,36,1,0,1,1,1,1785500494
2026-07-31T12:25:21Z,42,25,8,6,0,0,1,1,1,1785500197
2026-07-31T12:25:21Z,43,2,0,21,0,0,1,1,1,1785499837
2026-07-31T12:25:21Z,45,7,3,21,1,0,1,1,1,1785500470
2026-07-31T12:25:21Z,46,8,0,23,0,0,1,1,1,1785500651
2026-07-31T12:25:21Z,47,11,6,3,1,0,1,1,1,1785499812
2026-07-31T12:25:21Z,48,8,0,19,0,0,1,1,1,1785500675
2026-07-31T12:25:21Z,49,10,0,11,2,0,1,1,1,1785500702
2026-07-31T12:25:21Z,50,17,11,2,0,0,1,1,1,1785499421
2026-07-31T12:25:21Z,51,42,0,35,0,0,1,1,1,1785500404
2026-07-31T12:25:21Z,52,7,0,17,3,0,1,1,1,1785500692
2026-07-31T12:25:21Z,55,6,0,17,0,0,1,1,1,1785500356
2026-07-31T12:25:21Z,56,3,3,39,1,0,1,1,1,1785500446
2026-07-31T12:25:21Z,57,5,2,22,0,0,1,1,1,1785499938
2026-07-31T12:25:21Z,58,6,1,22,0,0,1,1,1,1785500404
2026-07-31T12:25:21Z,59,14,3,11,2,0,1,1,1,1785500702
2026-07-31T12:25:21Z,61,5,1,34,0,0,1,1,1,1785500539
2026-07-31T12:25:21Z,62,20,6,28,1,0,1,1,1,1785500344
2026-07-31T12:25:21Z,63,6,0,13,0,0,1,1,1,1785500170
2026-07-31T12:25:21Z,64,11,1,4,4,0,1,1,1,1785497923
2026-07-31T12:25:21Z,65,16,8,2,1,0,1,1,1,1785500458
2026-07-31T12:25:21Z,67,5,1,34,0,0,1,1,1,1785500707
2026-07-31T12:25:21Z,68,15,0,22,0,0,1,1,1,1785500251
2026-07-31T12:25:21Z,69,7,0,8,0,0,1,1,1,1785500620
2026-07-31T12:25:21Z,71,5,1,21,1,0,1,1,1,1785500695
2026-07-31T12:25:21Z,72,27,6,1,2,1,1,1,1,1785500673
2026-07-31T12:25:21Z,73,12,3,19,0,0,1,1,1,1785500629
2026-07-31T12:25:21Z,74,5,4,14,0,0,1,1,1,1785500397
2026-07-31T12:25:21Z,75,4,0,27,1,0,1,1,1,1785500429
2026-07-31T12:25:21Z,76,9,1,9,1,0,1,1,1,1785500700
2026-07-31T12:25:21Z,77,23,0,3,1,0,1,1,1,1785500664
2026-07-31T12:25:21Z,78,8,5,14,1,0,1,1,1,1785499513
2026-07-31T12:25:21Z,79,2,2,14,1,0,1,1,1,1785500608
2026-07-31T12:25:21Z,80,18,1,2,3,0,1,1,1,1785500672
2026-07-31T12:25:21Z,81,5,1,26,0,0,1,1,1,1785500059
2026-07-31T12:25:21Z,82,14,0,9,0,0,1,1,1,1785500662
2026-07-31T12:25:21Z,83,5,0,28,1,0,1,1,1,1785500032
2026-07-31T12:25:21Z,84,22,0,5,0,0,1,1,1,1785499591
2026-07-31T12:25:21Z,85,8,2,7,0,0,1,1,1,1785500355
2026-07-31T12:25:21Z,86,25,0,1,1,0,1,1,1,1785499055
2026-07-31T12:25:21Z,87,16,0,3,0,0,1,1,1,1785500637
2026-07-31T12:25:21Z,88,8,1,34,1,0,1,1,1,1785500703
2026-07-31T12:25:21Z,89,0,0,35,0,0,1,1,1,1785500555
2026-07-31T12:25:21Z,90,3,2,13,2,0,1,1,1,1785500498
2026-07-31T12:25:21Z,91,16,0,1,0,0,1,1,1,1785499989
2026-07-31T12:25:21Z,92,5,1,11,3,0,1,1,1,1785500629
2026-07-31T12:25:21Z,93,0,0,23,0,0,1,1,1,1785498071
2026-07-31T12:25:21Z,94,5,0,13,1,0,1,1,1,1785500476
2026-07-31T12:25:21Z,95,22,0,11,1,1,1,1,1,1785500651
2026-07-31T12:25:21Z,96,24,0,6,1,0,1,1,1,1785500655
2026-07-31T12:25:21Z,97,0,0,16,1,0,1,1,1,1785500663
2026-07-31T12:25:21Z,98,26,0,9,0,0,1,1,1,1785500055
2026-07-31T12:25:21Z,99,0,0,15,0,0,1,1,1,1785499775
2026-07-31T12:25:21Z,100,0,0,27,0,0,1,1,1,1785500571
2026-07-31T12:25:21Z,101,1,0,12,2,0,1,1,1,1785500645
2026-07-31T12:25:21Z,102,3,0,20,0,0,1,1,1,1785500336
2026-07-31T12:25:21Z,103,10,0,19,1,0,1,1,1,1785500529
2026-07-31T12:25:21Z,104,0,0,25,2,0,1,1,1,1785500699
2026-07-31T12:25:21Z,105,14,1,5,0,0,1,1,1,1785495616
2026-07-31T12:25:21Z,106,5,0,16,0,0,1,1,1,1785499503
2026-07-31T12:25:21Z,107,7,3,30,0,0,1,1,1,1785500356
2026-07-31T12:25:21Z,108,0,0,35,0,0,1,1,1,1785500550
2026-07-31T12:25:21Z,109,23,0,0,0,0,1,1,1,1785500659
2026-07-31T12:25:21Z,110,10,0,13,0,0,1,1,1,1785500630
2026-07-31T12:25:21Z,111,7,1,29,0,0,1,1,1,1785500057
2026-07-31T12:25:21Z,112,0,0,14,1,0,1,1,1,1785499421
2026-07-31T12:25:21Z,113,6,0,11,2,0,1,1,1,1785500673
2026-07-31T12:25:21Z,114,26,6,3,1,1,1,1,1,1785500605
2026-07-31T12:25:21Z,115,20,2,7,1,0,1,1,1,1785500696
2026-07-31T12:25:21Z,116,21,8,5,1,0,1,1,1,1785499524
2026-07-31T12:25:21Z,118,15,5,7,1,0,1,1,1,1785500283
2026-07-31T12:25:21Z,119,18,0,16,4,0,1,1,1,1785500542
2026-07-31T12:25:21Z,120,15,0,11,1,0,1,1,1,1785500159
2026-07-31T12:25:21Z,121,0,0,17,1,1,1,1,1,1785500627
2026-07-31T12:25:21Z,122,7,2,13,1,0,1,1,1,1785500482
2026-07-31T12:25:21Z,123,11,2,36,0,0,1,1,1,1785498782
2026-07-31T12:25:21Z,124,23,0,12,0,0,1,1,1,1785500678
2026-07-31T12:25:21Z,125,7,3,15,1,0,1,1,1,1785500370
2026-07-31T12:25:21Z,126,23,2,8,0,0,1,1,1,1785499889
2026-07-31T12:25:21Z,127,26,1,7,2,0,1,1,1,1785500683
2026-07-31T12:25:21Z,128,13,1,6,0,0,1,1,1,1785500544
2026-07-31T12:25:21Z,129,11,0,6,2,0,1,1,1,1785500333
2026-07-31T12:25:21Z,130,5,1,12,0,0,1,1,1,1785495263
2026-07-31T12:25:21Z,131,6,3,3,2,0,1,1,1,1785499903
2026-07-31T12:25:21Z,132,13,6,1,0,1,1,1,1,1785494491
2026-07-31T12:25:21Z,134,5,0,14,4,0,1,1,1,1785500567
2026-07-31T12:25:21Z,135,6,4,12,1,0,1,1,1,1785499218
2026-07-31T12:25:21Z,136,5,0,9,2,7,1,1,1,1785500659
2026-07-31T12:25:21Z,137,5,2,14,0,0,1,1,1,1785500597
2026-07-31T12:25:21Z,138,32,0,5,0,0,1,1,1,1785500628
2026-07-31T12:25:21Z,139,5,2,14,0,0,1,1,1,1785500430
2026-07-31T12:25:21Z,140,3,3,19,1,0,1,1,1,1785500706
2026-07-31T12:25:21Z,141,25,1,11,0,0,1,1,1,1785500673
2026-07-31T12:25:21Z,142,15,0,8,0,0,1,1,1,1785500386
2026-07-31T12:25:21Z,143,4,0,27,0,0,1,1,1,1785499797
2026-07-31T12:25:21Z,144,15,0,12,0,0,1,1,1,1785500562
2026-07-31T12:25:21Z,146,3,0,19,1,0,1,1,1,1785499109
2026-07-31T12:25:21Z,147,12,1,5,2,0,1,1,1,1785500661
2026-07-31T12:25:21Z,148,22,2,4,0,1,1,1,1,1785500707
2026-07-31T12:25:21Z,149,15,3,12,0,0,1,1,1,1785500499
2026-07-31T12:25:21Z,150,18,6,14,3,0,1,1,1,1785500566
2026-07-31T12:25:21Z,151,9,3,14,0,0,1,1,1,1785500685
2026-07-31T12:25:21Z,152,13,2,10,4,0,1,1,1,1785500566
2026-07-31T12:25:21Z,153,3,0,22,6,0,1,1,1,1785500592
2026-07-31T12:25:21Z,154,14,4,6,3,0,1,1,1,1785500550
2026-07-31T12:25:21Z,155,10,4,3,1,0,1,1,1,1785500706
2026-07-31T12:25:21Z,156,2,0,17,0,0,1,1,1,1785500570
2026-07-31T12:25:21Z,157,6,0,19,2,0,1,1,1,1785500629
2026-07-31T12:25:21Z,158,10,2,6,0,0,1,1,1,1785500596
2026-07-31T12:25:21Z,159,0,0,19,0,0,1,1,1,1785497085
2026-07-31T12:25:21Z,160,10,0,9,0,0,1,1,1,1785500494
2026-07-31T12:25:21Z,161,18,2,4,0,0,1,1,1,1785500617
2026-07-31T12:25:21Z,162,16,1,10,1,0,1,1,1,1785500360
2026-07-31T12:25:21Z,163,17,0,14,0,0,1,1,1,1785500621
2026-07-31T12:25:21Z,164,24,5,3,0,0,1,1,1,1785500609
2026-07-31T12:25:21Z,165,21,12,9,1,0,1,1,1,1785500675
2026-07-31T12:25:21Z,166,26,8,9,4,0,1,1,1,1785500699
2026-07-31T12:25:21Z,167,12,7,10,2,0,1,1,1,1785500628
2026-07-31T12:25:21Z,168,22,3,2,3,0,1,1,1,1785500670
2026-07-31T12:25:21Z,169,0,0,21,1,1,1,1,1,1785500352
2026-07-31T12:25:21Z,170,11,2,6,2,0,1,1,1,1785500638
2026-07-31T12:25:21Z,171,7,2,4,2,0,1,1,1,1785500557
2026-07-31T12:25:21Z,173,35,1,4,0,0,1,1,1,1785500641
2026-07-31T12:25:21Z,174,14,0,10,2,0,1,1,1,1785500516
2026-07-31T12:25:21Z,175,8,0,23,0,0,1,1,1,1785500328
2026-07-31T12:25:21Z,176,4,1,9,1,1,1,1,1,1785499953
2026-07-31T12:25:21Z,177,9,1,18,0,0,1,1,1,1785500635
2026-07-31T12:25:21Z,178,2,0,10,2,1,1,1,1,1785500708
2026-07-31T12:25:21Z,179,5,0,9,1,0,1,1,1,1785500579
2026-07-31T12:25:21Z,180,7,1,23,0,0,1,1,1,1785500626
2026-07-31T12:25:21Z,181,12,0,3,0,0,1,1,1,1785500680
2026-07-31T12:25:21Z,182,4,0,13,0,0,1,1,1,1785500681
2026-07-31T12:25:21Z,183,10,0,12,1,0,1,1,1,1785500486
2026-07-31T12:25:21Z,184,10,1,12,1,0,1,1,1,1785500661
2026-07-31T12:25:21Z,185,9,0,3,2,1,1,1,1,1785500644
2026-07-31T12:25:21Z,186,3,1,16,0,0,1,1,1,1785500535
2026-07-31T12:25:21Z,187,10,0,17,1,0,1,1,1,1785500576
2026-07-31T12:25:21Z,188,5,0,14,7,1,1,1,1,1785500634
2026-07-31T12:25:21Z,189,6,0,8,1,0,1,1,1,1785500652
2026-07-31T12:25:21Z,190,8,3,15,0,0,1,1,1,1785500339
2026-07-31T12:25:21Z,191,8,0,31,0,0,1,1,1,1785500376
2026-07-31T12:25:21Z,192,8,1,20,3,0,1,1,1,1785500661
2026-07-31T12:25:21Z,193,2,2,12,1,0,1,1,1,1785500671
2026-07-31T12:25:21Z,194,13,2,13,1,0,1,1,1,1785500578
2026-07-31T12:25:21Z,195,10,2,9,0,0,1,1,1,1785500047
2026-07-31T12:25:21Z,196,8,1,17,2,0,1,1,1,1785499933
2026-07-31T12:25:21Z,197,18,8,0,0,1,1,1,1,1785500133
2026-07-31T12:25:21Z,198,16,15,7,0,0,1,1,1,1785500265
2026-07-31T12:25:21Z,199,6,3,8,1,0,1,1,1,1785500592
2026-07-31T12:25:21Z,200,14,2,11,1,0,1,1,1,1785500583
2026-07-31T12:25:21Z,201,19,2,4,0,0,1,1,1,1785500416
2026-07-31T12:25:21Z,202,2,1,25,0,0,1,1,1,1785498972
2026-07-31T12:25:21Z,203,27,2,3,1,0,1,1,1,1785500681
2026-07-31T12:25:21Z,204,20,0,14,1,0,1,1,1,1785500571
2026-07-31T12:25:21Z,205,11,1,16,0,0,1,1,1,1785500448
2026-07-31T12:25:21Z,206,2,1,13,0,0,1,1,1,1785500425
2026-07-31T12:25:21Z,207,9,0,12,0,0,1,1,1,1785500540
2026-07-31T12:25:21Z,208,13,1,16,0,0,1,1,1,1785500688
2026-07-31T12:25:21Z,209,3,0,26,2,0,1,1,1,1785500602
2026-07-31T12:25:21Z,210,16,1,11,0,0,1,1,1,1785500693
2026-07-31T12:25:21Z,211,7,4,14,2,0,1,1,1,1785499941
2026-07-31T12:25:21Z,212,28,1,6,1,0,1,1,1,1785500470
2026-07-31T12:25:21Z,213,6,0,15,2,0,1,1,1,1785500706
2026-07-31T12:25:21Z,214,37,0,7,3,0,1,1,1,1785500698
2026-07-31T12:25:21Z,215,3,2,19,1,0,1,1,1,1785500032
2026-07-31T12:25:21Z,216,5,0,13,1,0,1,1,1,1785500362
2026-07-31T12:25:21Z,217,10,0,18,1,0,1,1,1,1785500702
2026-07-31T12:25:21Z,218,23,6,15,1,0,1,1,1,1785500702
2026-07-31T12:25:21Z,219,15,2,9,2,0,1,1,1,1785500588
2026-07-31T12:25:21Z,220,21,4,21,0,1,1,1,1,1785499647
2026-07-31T12:25:21Z,221,4,4,10,1,0,1,1,1,1785500172
2026-07-31T12:25:21Z,222,10,10,9,0,0,1,1,1,1785500664
2026-07-31T12:25:21Z,223,16,3,15,4,0,1,1,1,1785500664
2026-07-31T12:25:21Z,224,9,4,13,0,0,1,1,1,1785500133
2026-07-31T12:25:21Z,225,12,1,1,6,0,1,1,1,1785498882
2026-07-31T12:25:21Z,226,29,9,1,1,0,1,1,1,1785500340
2026-07-31T12:25:21Z,227,20,12,5,1,1,1,1,1,1785500679
2026-07-31T12:25:21Z,228,1,0,17,1,0,1,1,1,1785500192
2026-07-31T12:25:21Z,230,13,6,13,0,0,1,1,1,1785500479
2026-07-31T12:25:21Z,232,10,4,6,1,0,1,1,1,1785500078
2026-07-31T12:25:21Z,233,15,2,14,2,0,1,1,1,1785500605
2026-07-31T12:25:21Z,234,7,3,7,3,2,1,1,1,1785500381
2026-07-31T12:25:21Z,236,6,1,13,0,0,1,1,1,1785500369
2026-07-31T12:25:21Z,237,13,4,8,2,0,1,1,1,1785500462
2026-07-31T12:25:21Z,239,21,16,3,3,0,1,1,1,1785500086
2026-07-31T12:25:21Z,241,14,4,8,1,0,1,1,1,1785500387
2026-07-31T12:25:21Z,242,10,4,11,2,0,1,1,1,1785500381
2026-07-31T12:25:21Z,243,10,3,20,1,0,1,1,1,1785500406
2026-07-31T12:25:21Z,244,14,3,12,1,0,1,1,1,1785500621
2026-07-31T12:25:21Z,245,4,4,19,0,0,1,1,1,1785498521
2026-07-31T12:25:21Z,246,19,2,4,0,0,1,1,1,1785499630
2026-07-31T12:25:21Z,247,10,10,12,1,0,1,1,1,1785498683
2026-07-31T12:25:21Z,248,17,3,4,2,0,1,1,1,1785500683
2026-07-31T12:25:21Z,249,2,0,16,1,0,1,1,1,1785500294
2026-07-31T12:25:21Z,250,21,6,6,0,0,1,1,1,1785499373
2026-07-31T12:25:21Z,251,14,5,11,2,0,1,1,1,1785500139
2026-07-31T12:25:21Z,253,7,3,12,0,0,1,1,1,1785500258
2026-07-31T12:25:21Z,254,17,17,25,1,0,1,1,1,1785500676
2026-07-31T12:25:21Z,255,0,0,22,0,1,1,1,1,1785500471
2026-07-31T12:25:21Z,256,5,5,16,2,0,1,1,1,1785500078
2026-07-31T12:25:21Z,257,6,5,13,0,0,1,1,1,1785500411
2026-07-31T12:25:21Z,258,14,0,5,0,0,1,1,1,1785500662
2026-07-31T12:25:21Z,259,20,2,2,0,1,1,1,1,1785500432
2026-07-31T12:25:21Z,260,8,2,8,3,0,1,1,1,1785500569
2026-07-31T12:25:21Z,261,12,0,6,0,1,1,1,1,1785500347
2026-07-31T12:25:21Z,262,11,7,11,1,0,1,1,1,1785500488
2026-07-31T12:25:21Z,263,9,0,6,0,0,1,1,1,1785498191
2026-07-31T12:25:21Z,264,7,2,9,3,0,1,1,1,1785500004
2026-07-31T12:25:21Z,265,10,0,5,0,0,1,1,1,1785499937
2026-07-31T12:25:21Z,266,12,8,5,2,0,1,1,1,1785499203
2026-07-31T12:25:21Z,267,6,3,7,2,0,1,1,1,1785500369
2026-07-31T12:25:21Z,268,22,9,1,0,0,1,1,1,1785500419
2026-07-31T12:25:21Z,269,6,2,17,0,0,1,1,1,1785500691
2026-07-31T12:25:21Z,270,22,2,5,0,0,1,1,1,1785500635
2026-07-31T12:25:21Z,271,5,0,12,2,0,1,1,1,1785500412
2026-07-31T12:25:21Z,272,9,9,13,1,0,1,1,1,1785500074
2026-07-31T12:25:21Z,273,8,3,7,0,0,1,1,1,1785499498
2026-07-31T12:25:21Z,274,12,6,6,1,0,1,1,1,1785500701
2026-07-31T12:25:21Z,275,16,0,7,0,0,1,1,1,1785498573
2026-07-31T12:25:21Z,276,3,3,24,0,0,1,1,1,1785500563
2026-07-31T12:25:21Z,277,15,1,3,5,0,1,1,1,1785500638
2026-07-31T12:25:21Z,278,6,0,22,2,1,1,1,1,1785500431
2026-07-31T12:25:21Z,279,14,2,5,0,0,1,1,1,1785500655
2026-07-31T12:25:21Z,280,10,2,18,3,0,1,1,1,1785500475
2026-07-31T12:25:21Z,281,18,0,1,0,0,1,1,1,1785500176
2026-07-31T12:25:21Z,282,5,2,13,0,0,1,1,1,1785484887
2026-07-31T12:25:21Z,283,26,0,9,0,0,1,1,1,1785500502
2026-07-31T12:25:21Z,284,11,0,22,2,0,1,1,1,1785500518
2026-07-31T12:25:21Z,285,9,7,14,0,0,1,1,1,1785500379
2026-07-31T12:25:21Z,286,12,10,7,4,0,1,1,1,1785500641
2026-07-31T12:25:21Z,287,17,5,4,2,0,1,1,1,1785500213
2026-07-31T12:25:21Z,288,10,8,9,0,0,1,1,1,1785500428
2026-07-31T12:25:21Z,289,18,2,6,3,0,1,1,1,1785499881
2026-07-31T12:25:21Z,290,6,0,32,1,0,1,1,1,1785500399
2026-07-31T12:25:21Z,291,4,0,18,1,0,1,1,1,1785500685
2026-07-31T12:25:21Z,292,20,1,3,0,0,1,1,1,1785500684
2026-07-31T12:25:21Z,293,14,10,9,0,0,1,1,1,1785499315
2026-07-31T12:25:21Z,294,1,1,20,1,0,1,1,1,1785500646
2026-07-31T12:25:21Z,297,13,2,3,2,1,1,1,1,1785500051
2026-07-31T12:25:21Z,301,14,1,5,0,0,1,1,1,1785500439
2026-07-31T12:25:21Z,302,6,0,17,0,0,1,1,1,1785500250
2026-07-31T12:25:21Z,303,10,0,9,0,0,1,1,1,1785500066
2026-07-31T12:25:21Z,304,0,0,0,0,0,0,1,1,86400
2026-07-31T12:25:21Z,305,1,0,17,1,0,1,1,1,1785500706
2026-07-31T12:25:21Z,306,6,2,26,0,0,1,1,1,1785499378
2026-07-31T12:25:21Z,307,18,0,3,1,1,1,1,1,1785500589
2026-07-31T12:25:21Z,308,13,0,4,2,0,1,1,1,1785500628
2026-07-31T12:25:21Z,309,11,2,3,0,0,1,1,1,1785500331
2026-07-31T12:25:21Z,311,12,0,3,0,0,1,1,1,1785499096
2026-07-31T12:25:21Z,312,3,2,16,4,0,1,1,1,1785500598
2026-07-31T12:25:21Z,313,2,1,13,0,0,1,1,1,1785500630
2026-07-31T12:25:21Z,314,5,3,10,3,0,1,1,1,1785499801
2026-07-31T12:25:21Z,315,18,4,11,2,0,1,1,1,1785500563
2026-07-31T12:25:21Z,316,0,0,25,5,1,1,1,1,1785500666
2026-07-31T12:25:21Z,317,20,2,10,0,1,1,1,1,1785500445
2026-07-31T12:25:21Z,318,16,0,3,0,0,1,1,1,1785500380
2026-07-31T12:25:21Z,319,16,2,5,2,0,1,1,1,1785500077
2026-07-31T12:25:21Z,320,14,4,4,1,0,1,1,1,1785500707
2026-07-31T12:25:21Z,321,9,2,6,4,0,1,1,1,1785500704
2026-07-31T12:25:21Z,322,5,2,24,0,0,1,1,1,1785500083
2026-07-31T12:25:21Z,323,11,0,8,0,0,1,1,1,1785500694
2026-07-31T12:25:21Z,324,22,1,3,2,0,1,1,1,1785500708
2026-07-31T12:25:21Z,325,8,4,17,2,0,1,1,1,1785499930
2026-07-31T12:25:21Z,327,21,0,5,1,0,1,1,1,1785500153
2026-07-31T12:25:21Z,328,11,0,10,1,0,1,1,1,1785499599
2026-07-31T12:25:21Z,329,17,0,0,2,0,1,1,1,1785500382
2026-07-31T12:25:21Z,330,2,0,19,1,0,1,1,1,1785500266
2026-07-31T12:25:21Z,331,10,2,12,1,0,1,1,1,1785500516
2026-07-31T12:25:21Z,332,10,2,7,2,0,1,1,1,1785499715
2026-07-31T12:25:21Z,333,14,1,8,1,0,1,1,1,1785500673
2026-07-31T12:25:21Z,334,7,7,16,0,0,1,1,1,1785500661
2026-07-31T12:25:21Z,335,4,2,18,0,1,1,1,1,1785499796
2026-07-31T12:25:21Z,336,15,2,4,0,0,1,1,1,1785499722
2026-07-31T12:25:21Z,337,13,3,5,5,0,1,1,1,1785500455
2026-07-31T12:25:21Z,338,13,6,6,0,0,1,1,1,1785500672
2026-07-31T12:25:21Z,339,12,6,9,2,0,1,1,1,1785500705
2026-07-31T12:25:21Z,340,10,10,4,1,0,1,1,1,1785500626
2026-07-31T12:25:21Z,341,0,0,19,0,0,1,1,1,1785500249
2026-07-31T12:25:21Z,342,13,5,0,2,0,1,1,1,1785500433
2026-07-31T12:25:21Z,343,18,1,4,1,0,1,1,1,1785499720
2026-07-31T12:25:21Z,344,20,9,3,0,0,1,1,1,1785499871
2026-07-31T12:25:21Z,345,13,2,6,0,0,1,1,1,1785500344
2026-07-31T12:25:21Z,346,10,5,13,0,0,1,1,1,1785500440
2026-07-31T12:25:21Z,347,40,3,3,1,0,1,1,1,1785500557
2026-07-31T12:25:21Z,348,20,2,1,1,1,1,1,1,1785500706
2026-07-31T12:25:21Z,349,10,2,8,1,0,1,1,1,1785500559
2026-07-31T12:25:21Z,350,17,3,8,1,1,1,1,1,1785500701
2026-07-31T12:25:21Z,351,14,3,5,4,0,1,1,1,1785500701
2026-07-31T12:25:21Z,355,17,0,6,0,0,1,1,1,1785500030
2026-07-31T12:25:21Z,356,16,1,2,1,0,1,1,1,1785500703
2026-07-31T12:25:21Z,357,8,4,11,0,0,1,1,1,1785500589
2026-07-31T12:25:21Z,358,16,4,10,1,0,1,1,1,1785500475
2026-07-31T12:25:21Z,359,13,0,14,0,0,1,1,1,1785500458
2026-07-31T12:25:21Z,360,13,2,4,2,0,1,1,1,1785500292
2026-07-31T12:25:21Z,362,11,3,5,3,0,1,1,1,1785500631
2026-07-31T12:25:21Z,363,7,0,20,0,0,1,1,1,1785500468
2026-07-31T12:25:21Z,364,18,4,1,0,0,1,1,1,1785500592
2026-07-31T12:25:21Z,365,10,0,9,4,0,1,1,1,1785499693
2026-07-31T12:25:21Z,366,1,0,16,6,0,1,1,1,1785500698
2026-07-31T12:25:21Z,367,14,9,4,1,0,1,1,1,1785497713
2026-07-31T12:25:21Z,368,17,4,4,2,0,1,1,1,1785500237
2026-07-31T12:25:21Z,370,7,6,20,0,0,1,1,1,1785499775
2026-07-31T12:25:21Z,371,2,0,16,1,0,1,1,1,1785500254
2026-07-31T12:25:21Z,372,5,0,10,0,0,1,1,1,1785500687
2026-07-31T12:25:21Z,373,25,8,1,1,0,1,1,1,1785500072
2026-07-31T12:25:21Z,374,12,5,4,3,0,1,1,1,1785500652
2026-07-31T12:25:21Z,375,16,5,7,4,0,1,1,1,1785499947
2026-07-31T12:25:21Z,376,29,8,7,3,0,1,1,1,1785500553
2026-07-31T12:25:21Z,377,18,7,8,1,0,1,1,1,1785500471
2026-07-31T12:25:21Z,378,14,3,8,1,1,1,1,1,1785500659
2026-07-31T12:25:21Z,379,14,1,13,0,0,1,1,1,1785500043
2026-07-31T12:25:21Z,380,15,5,7,1,0,1,1,1,1785500351
2026-07-31T12:25:21Z,381,1,0,22,0,0,1,1,1,1785500289
2026-07-31T12:25:21Z,383,3,0,11,1,0,1,1,1,1785499669
2026-07-31T12:25:21Z,384,20,0,5,2,0,1,1,1,1785499574
2026-07-31T12:25:21Z,385,12,4,5,1,0,1,1,1,1785500435
2026-07-31T12:25:21Z,387,20,2,3,0,0,1,1,1,1785496960
2026-07-31T12:25:21Z,388,27,3,21,1,0,1,1,1,1785500623
2026-07-31T12:25:21Z,389,8,6,7,0,0,1,1,1,1785499055
2026-07-31T12:25:21Z,390,17,0,18,0,0,1,1,1,1785499994
2026-07-31T12:25:21Z,391,2,1,12,1,0,1,1,1,1785499889
2026-07-31T12:25:21Z,392,2,2,16,1,0,1,1,1,1785500643
2026-07-31T12:25:21Z,393,3,3,5,3,0,1,1,1,1785487292
2026-07-31T12:25:21Z,394,5,4,6,2,0,1,1,1,1785500017
2026-07-31T12:25:21Z,396,19,6,20,3,0,1,1,1,1785500707
2026-07-31T12:25:21Z,397,13,7,18,0,0,1,1,1,1785500218
2026-07-31T12:25:21Z,399,9,0,6,2,0,1,1,1,1785500619
2026-07-31T12:25:21Z,400,12,7,8,3,0,1,1,1,1785500180
2026-07-31T12:25:21Z,401,2,0,29,8,0,1,1,1,1785498953
2026-07-31T12:25:21Z,403,18,0,9,4,0,1,1,1,1785500418
2026-07-31T12:25:21Z,404,3,1,20,0,0,1,1,1,1785500462
2026-07-31T12:25:21Z,406,2,1,32,1,0,1,1,1,1785500501
2026-07-31T12:25:21Z,407,18,3,15,1,0,1,1,1,1785499747
2026-07-31T12:25:21Z,408,15,3,16,2,0,1,1,1,1785499687
2026-07-31T12:25:21Z,409,2,0,18,3,0,1,1,1,1785498301
2026-07-31T12:25:21Z,413,18,4,4,1,0,1,1,1,1785500000
2026-07-31T12:25:21Z,414,5,2,9,1,0,1,1,1,1785500581
2026-07-31T12:25:21Z,417,4,3,14,1,0,1,1,1,1785500610
2026-07-31T12:25:21Z,418,14,0,1,0,0,1,1,1,1785500630
2026-07-31T12:25:21Z,419,11,0,11,1,0,1,1,1,1785500476
2026-07-31T12:25:21Z,421,2,0,17,0,0,1,1,1,1785500674
2026-07-31T12:25:21Z,422,4,4,22,1,0,1,1,1,1785500110
2026-07-31T12:25:21Z,423,2,2,21,0,0,1,1,1,1785500357
2026-07-31T12:25:21Z,424,6,2,6,3,0,1,1,1,1785500615
2026-07-31T12:25:21Z,425,16,0,5,0,1,1,1,1,1785500631
2026-07-31T12:25:21Z,426,6,1,27,4,0,1,1,1,1785500284
2026-07-31T12:25:21Z,427,9,1,5,1,0,1,1,1,1785500619
2026-07-31T12:25:21Z,428,17,2,1,1,0,1,1,1,1785499619
2026-07-31T12:25:21Z,429,3,2,18,2,0,1,1,1,1785500697
2026-07-31T12:25:21Z,430,28,1,0,3,0,1,1,1,1785498350
2026-07-31T12:25:21Z,431,16,0,16,1,0,1,1,1,1785500099
2026-07-31T12:25:21Z,432,16,0,13,2,0,0,1,1,1785500381
2026-07-31T12:25:21Z,433,17,5,4,2,0,1,1,1,1785500391
2026-07-31T12:25:21Z,437,3,3,15,1,0,1,1,1,1785500589
2026-07-31T12:25:21Z,438,17,1,1,1,0,1,1,1,1785500585
2026-07-31T12:25:21Z,439,2,0,12,1,0,1,1,1,1785500286
2026-07-31T12:25:21Z,440,13,2,0,2,0,1,1,1,1785500571
2026-07-31T12:25:21Z,441,11,2,3,1,0,1,1,1,1785500209
2026-07-31T12:25:21Z,442,18,10,0,1,0,1,1,1,1785498676
2026-07-31T12:25:21Z,443,4,2,23,0,0,1,1,1,1785485488
2026-07-31T12:25:21Z,444,3,2,20,0,0,1,1,1,1785499224
2026-07-31T12:25:21Z,445,7,2,15,1,0,1,1,1,1785500493
2026-07-31T12:25:21Z,446,0,0,22,1,0,1,1,1,1785494652
2026-07-31T12:25:21Z,447,3,0,18,1,1,1,1,1,1785496389
2026-07-31T12:25:21Z,448,8,3,6,1,0,1,1,1,1785499469
2026-07-31T12:25:21Z,452,7,4,11,1,0,1,1,1,1785500385
2026-07-31T12:25:21Z,453,6,5,8,1,0,1,1,1,1785500372
2026-07-31T12:25:21Z,454,8,0,11,0,0,1,1,1,1785500102
2026-07-31T12:25:21Z,455,3,2,35,1,0,1,1,1,1785500489
2026-07-31T12:25:21Z,456,5,0,14,1,0,1,1,1,1785500685
2026-07-31T12:25:21Z,457,24,2,1,2,0,1,1,1,1785497302
2026-07-31T12:25:21Z,458,12,4,11,0,0,1,1,1,1785499509
2026-07-31T12:25:21Z,459,11,0,4,0,0,1,1,1,1785500543
2026-07-31T12:25:21Z,460,14,1,8,1,0,1,1,1,1785500153
2026-07-31T12:25:21Z,461,8,2,11,0,0,1,1,1,1785500553
2026-07-31T12:25:21Z,462,19,2,2,0,0,1,1,1,1785500507
2026-07-31T12:25:21Z,463,9,0,10,0,0,1,1,1,1785499420
2026-07-31T12:25:21Z,464,0,0,14,0,0,1,1,1,1785499858
2026-07-31T12:25:21Z,465,1,0,13,1,0,1,1,1,1785499838
2026-07-31T12:25:21Z,466,11,3,2,2,0,1,1,1,1785500010
2026-07-31T12:25:21Z,467,2,1,17,0,0,1,1,1,1785500498
2026-07-31T12:25:21Z,468,17,1,1,1,0,1,1,1,1785485789
2026-07-31T12:25:21Z,469,1,0,22,0,0,1,1,1,1785500255
2026-07-31T12:25:21Z,470,9,2,5,1,0,1,1,1,1785500601
2026-07-31T12:25:21Z,471,24,2,3,0,0,1,1,1,1785500523
2026-07-31T12:25:21Z,472,10,4,8,1,0,1,1,1,1785500629
2026-07-31T12:25:21Z,473,17,3,1,1,0,1,1,1,1785500079
2026-07-31T12:25:21Z,474,13,0,5,1,0,1,1,1,1785499707
2026-07-31T12:25:21Z,475,8,3,11,0,0,1,1,1,1785499966
2026-07-31T12:25:21Z,477,3,2,10,2,0,1,1,1,1785500592
2026-07-31T12:25:21Z,478,10,0,20,1,0,1,1,1,1785500094
2026-07-31T12:25:21Z,479,5,0,21,1,0,1,1,1,1785500365
2026-07-31T12:25:21Z,480,3,0,10,2,0,1,1,1,1785500641
2026-07-31T12:25:21Z,481,28,1,6,1,0,1,1,1,1785500634
2026-07-31T12:25:21Z,482,12,6,7,0,0,1,1,1,1785500414
2026-07-31T12:25:21Z,483,3,0,22,2,0,1,1,1,1785500531
2026-07-31T12:25:21Z,484,1,1,17,1,0,1,1,1,1785500651
2026-07-31T12:25:21Z,485,14,6,3,1,1,1,1,1,1785500602
2026-07-31T12:25:21Z,486,5,3,19,3,0,1,1,1,1785500678
2026-07-31T12:25:21Z,487,0,0,18,1,0,1,1,1,1785499667
2026-07-31T12:25:21Z,489,1,1,14,0,0,1,1,1,1785500543
2026-07-31T12:25:21Z,490,3,2,13,0,0,1,1,1,1785500417
2026-07-31T12:25:21Z,491,3,0,17,1,0,1,1,1,1785500569
2026-07-31T12:25:21Z,492,2,2,5,4,0,1,1,1,1785500707
2026-07-31T12:25:21Z,493,3,1,23,1,0,1,1,1,1785500083
2026-07-31T12:25:21Z,495,8,0,4,3,0,1,1,1,1785500279
2026-07-31T12:25:21Z,496,21,1,6,0,0,1,1,1,1785500570
2026-07-31T12:25:21Z,497,8,0,10,1,0,1,1,1,1785499607
2026-07-31T12:25:21Z,498,15,1,8,0,0,1,1,1,1785500338
2026-07-31T12:25:21Z,499,16,0,2,1,0,1,1,1,1785498891
2026-07-31T12:25:21Z,500,3,1,5,7,0,1,1,1,1785499947
2026-07-31T12:25:21Z,501,14,7,7,0,0,1,1,1,1785500573
2026-07-31T12:25:21Z,502,8,0,11,0,0,1,1,1,1785500656
2026-07-31T12:25:21Z,503,19,0,11,1,0,1,1,1,1785500507
2026-07-31T12:25:21Z,504,7,2,32,0,0,1,1,1,1785500204
2026-07-31T12:25:21Z,505,5,0,6,1,0,1,1,1,1785499433
2026-07-31T12:25:21Z,511,7,2,16,0,0,1,1,1,1785500364
2026-07-31T12:25:21Z,512,19,0,8,0,0,1,1,1,1785500453
2026-07-31T12:25:21Z,514,5,0,5,1,0,1,1,1,1785499759
2026-07-31T12:25:21Z,515,0,0,18,1,0,1,1,1,1785500561
2026-07-31T12:25:21Z,516,9,1,18,0,0,1,1,1,1785500339
2026-07-31T12:25:21Z,517,11,1,11,1,0,1,1,1,1785499069
2026-07-31T12:25:21Z,518,13,0,1,1,0,1,1,1,1785499590
2026-07-31T12:25:21Z,519,2,0,15,2,0,1,1,1,1785497842
2026-07-31T12:25:21Z,520,9,5,12,5,1,1,1,1,1785500706
2026-07-31T12:25:21Z,521,16,4,7,0,0,1,1,1,1785500470
2026-07-31T12:25:21Z,522,0,0,22,1,0,1,1,1,1785496158
2026-07-31T12:25:21Z,523,4,3,18,1,0,1,1,1,1785500494
2026-07-31T12:25:21Z,524,1,0,22,0,0,1,1,1,1785500334
2026-07-31T12:25:21Z,525,5,0,14,0,0,1,1,1,1785500697
2026-07-31T12:25:21Z,526,13,1,0,2,0,1,1,1,1785486390
2026-07-31T12:25:21Z,527,6,3,17,3,0,1,1,1,1785500633
2026-07-31T12:25:21Z,528,20,1,2,1,0,1,1,1,1785500223
2026-07-31T12:25:21Z,529,7,3,6,6,0,1,1,1,1785500706
2026-07-31T12:25:21Z,530,8,0,12,1,0,1,1,1,1785500624
2026-07-31T12:25:21Z,531,12,0,9,1,1,1,1,1,1785500411
2026-07-31T12:25:21Z,532,6,3,24,1,0,1,1,1,1785500527
2026-07-31T12:25:21Z,533,3,0,15,1,0,1,1,1,1785499531
2026-07-31T12:25:21Z,534,6,1,16,1,0,1,1,1,1785500683
2026-07-31T12:25:21Z,535,3,0,12,0,0,1,1,1,1785500653
2026-07-31T12:25:21Z,536,19,0,4,0,0,1,1,1,1785500128
2026-07-31T12:25:21Z,537,8,1,12,0,0,1,1,1,1785500634
2026-07-31T12:25:21Z,538,13,4,8,0,2,1,1,1,1785500699
2026-07-31T12:25:21Z,539,5,5,26,0,0,1,1,1,1785498487
2026-07-31T12:25:21Z,540,1,1,18,0,0,1,1,1,1785499822
2026-07-31T12:25:21Z,541,12,0,14,1,0,1,1,1,1785500257
2026-07-31T12:25:21Z,542,21,6,0,2,0,1,1,1,1785500692
2026-07-31T12:25:21Z,543,14,3,4,1,0,1,1,1,1785500646
2026-07-31T12:25:21Z,544,3,1,15,4,0,1,1,1,1785500363
2026-07-31T12:25:21Z,545,1,0,16,2,0,1,1,1,1785500329
2026-07-31T12:25:21Z,546,7,5,12,0,0,1,1,1,1785500626
2026-07-31T12:25:21Z,547,18,1,7,0,0,1,1,1,1785500608
2026-07-31T12:25:21Z,548,13,1,10,0,0,1,1,1,1785499245
2026-07-31T12:25:21Z,549,19,0,4,0,0,1,1,1,1785500662
2026-07-31T12:25:21Z,550,4,0,15,0,0,1,1,1,1785500114
2026-07-31T12:25:21Z,551,11,4,12,0,0,1,1,1,1785498819
2026-07-31T12:25:21Z,552,25,2,2,0,0,1,1,1,1785500681
2026-07-31T12:25:21Z,553,11,3,11,0,1,1,1,1,1785500627
2026-07-31T12:25:21Z,554,2,1,17,0,0,1,1,1,1785499811
2026-07-31T12:25:21Z,555,13,5,1,1,0,1,1,1,1785499646
2026-07-31T12:25:21Z,556,18,4,3,2,0,1,1,1,1785500432
2026-07-31T12:25:21Z,557,10,5,9,4,0,1,1,1,1785500362
2026-07-31T12:25:21Z,558,25,3,12,0,0,1,1,1,1785500672
2026-07-31T12:25:21Z,559,2,1,15,2,0,1,1,1,1785500184
2026-07-31T12:25:21Z,560,8,0,18,1,0,1,1,1,1785500683
2026-07-31T12:25:21Z,561,13,0,9,1,0,1,1,1,1785499311
2026-07-31T12:25:21Z,562,3,0,29,3,0,1,1,1,1785486691
2026-07-31T12:25:21Z,563,8,0,6,0,0,1,1,1,1785499160
2026-07-31T12:25:21Z,564,7,0,11,1,0,1,1,1,1785500251
2026-07-31T12:25:21Z,565,4,1,15,0,0,1,1,1,1785500635
2026-07-31T12:25:21Z,566,13,0,5,1,0,1,1,1,1785500543
2026-07-31T12:25:21Z,567,3,1,22,2,0,1,1,1,1785500702
2026-07-31T12:25:21Z,568,16,0,2,1,0,1,1,1,1785499731
2026-07-31T12:25:21Z,569,15,2,4,0,0,1,1,1,1785499264
2026-07-31T12:25:21Z,570,5,0,13,1,0,1,1,1,1785499963
2026-07-31T12:25:21Z,571,12,0,11,0,0,1,1,1,1785500348
2026-07-31T12:25:21Z,572,10,4,8,1,0,1,1,1,1785500460
2026-07-31T12:25:21Z,573,5,0,10,0,0,1,1,1,1785500681
2026-07-31T12:25:21Z,574,4,0,11,0,0,1,1,1,1785500156
2026-07-31T12:25:21Z,575,6,1,14,1,0,1,1,1,1785500629
2026-07-31T12:25:21Z,576,4,1,13,2,0,1,1,1,1785499681
2026-07-31T12:25:21Z,577,16,0,15,0,0,1,1,1,1785500348
2026-07-31T12:25:21Z,578,9,9,13,1,0,1,1,1,1785500551
2026-07-31T12:25:21Z,579,9,1,34,0,0,1,1,1,1785500707
2026-07-31T12:25:21Z,580,0,0,29,0,0,1,1,1,1785498895
2026-07-31T12:25:21Z,581,8,0,11,0,0,1,1,1,1785500303
2026-07-31T12:25:21Z,582,15,0,45,1,0,1,1,1,1785500700
2026-07-31T12:25:21Z,583,20,0,3,0,0,1,1,1,1785499975
2026-07-31T12:25:21Z,584,5,4,9,5,0,1,1,1,1785499323
2026-07-31T12:25:21Z,585,7,2,19,0,1,1,1,1,1785500122
2026-07-31T12:25:21Z,586,9,0,26,0,0,1,1,1,1785500577
2026-07-31T12:25:21Z,587,7,0,16,1,0,1,1,1,1785500615
2026-07-31T12:25:21Z,588,10,4,6,2,1,1,1,1,1785500677
2026-07-31T12:25:21Z,589,7,6,14,1,0,1,1,1,1785500562
2026-07-31T12:25:21Z,590,13,1,17,1,0,1,1,1,1785500036
2026-07-31T12:25:21Z,591,13,0,15,2,0,1,1,1,1785500489
2026-07-31T12:25:21Z,592,13,0,10,0,0,1,1,1,1785500651
2026-07-31T12:25:21Z,593,4,0,34,0,0,1,1,1,1785499659
2026-07-31T12:25:21Z,594,6,1,13,2,0,1,1,1,1785500544
2026-07-31T12:25:21Z,595,0,0,3,0,0,0,1,1,1784046673
2026-07-31T12:25:21Z,605,0,0,2,1,0,0,1,1,1783975843
2026-07-31T12:25:21Z,606,0,0,0,0,0,0,1,1,86400
2026-07-31T12:25:21Z,607,23,3,8,1,0,1,1,1,1785500524
2026-07-31T12:25:21Z,608,9,3,41,0,0,1,1,1,1785500211
2026-07-31T12:25:21Z,609,18,12,5,0,0,1,1,1,1785499837
2026-07-31T12:25:21Z,610,6,4,29,0,0,1,1,1,1785500364
2026-07-31T12:25:21Z,611,1,1,25,1,0,1,1,1,1785500494
2026-07-31T12:25:21Z,612,7,1,8,0,0,1,1,1,1785498548
2026-07-31T12:25:21Z,613,8,0,3,4,0,1,1,1,1785500139
2026-07-31T12:25:21Z,614,4,2,20,2,1,1,1,1,1785499517
2026-07-31T12:25:21Z,617,9,1,4,2,0,1,1,1,1785500400
2026-07-31T12:25:21Z,618,10,1,5,4,0,1,1,1,1785499307
2026-07-31T12:25:21Z,619,5,2,14,0,0,1,1,1,1785500667
2026-07-31T12:25:21Z,620,7,1,20,0,0,1,1,1,1785500624
2026-07-31T12:25:21Z,621,17,11,5,1,0,1,1,1,1785500417
2026-07-31T12:25:21Z,622,11,4,11,1,0,1,1,1,1785500701
2026-07-31T12:25:21Z,623,10,4,19,1,0,1,1,1,1785500548
2026-07-31T12:25:21Z,624,0,0,15,0,0,1,1,1,1785499735
2026-07-31T12:25:21Z,625,4,0,15,2,0,1,1,1,1785500442
2026-07-31T12:25:21Z,626,12,0,33,0,2,1,1,1,1785500274
2026-07-31T12:25:21Z,627,13,6,6,0,0,1,1,1,1785500233
2026-07-31T12:25:21Z,628,1,1,15,2,1,1,1,1,1785500698
2026-07-31T12:25:21Z,629,4,1,6,1,0,1,1,1,1785500453
2026-07-31T12:25:21Z,630,3,2,21,3,0,1,1,1,1785500595
2026-07-31T12:25:21Z,631,7,3,16,0,0,1,1,1,1785500567
2026-07-31T12:25:21Z,632,20,0,1,2,0,1,1,1,1785492884
2026-07-31T12:25:21Z,633,12,1,0,3,0,1,1,1,1785500639
2026-07-31T12:25:21Z,634,10,2,9,0,0,1,1,1,1785498289
2026-07-31T12:25:21Z,635,15,1,4,0,0,1,1,1,1785497505
2026-07-31T12:25:21Z,636,10,2,5,0,0,1,1,1,1785488201
2026-07-31T12:25:21Z,637,9,2,9,1,0,1,1,1,1785500453
2026-07-31T12:25:21Z,638,6,1,11,2,0,1,1,1,1785500681
2026-07-31T12:25:21Z,639,6,1,11,2,0,1,1,1,1785500168
2026-07-31T12:25:21Z,640,7,5,15,1,0,1,1,1,1785500594
2026-07-31T12:25:21Z,641,12,0,12,2,0,1,1,1,1785500688
2026-07-31T12:25:21Z,642,3,3,8,8,0,1,1,1,1785500705
2026-07-31T12:25:21Z,643,6,1,14,7,0,1,1,1,1785500705
2026-07-31T12:25:21Z,644,11,0,3,1,0,1,1,1,1785499858
2026-07-31T12:25:21Z,645,11,0,10,1,1,1,1,1,1785499783
2026-07-31T12:25:21Z,646,7,2,12,0,0,1,1,1,1785500472
2026-07-31T12:25:21Z,647,26,2,5,0,0,1,1,1,1785500625
2026-07-31T12:25:21Z,648,5,0,13,1,0,1,1,1,1785500139
2026-07-31T12:25:21Z,649,18,1,12,1,0,1,1,1,1785500458
2026-07-31T12:25:21Z,650,5,1,9,0,0,1,1,1,1785488201
2026-07-31T12:25:21Z,651,7,7,16,0,0,1,1,1,1785496786
2026-07-31T12:25:21Z,652,2,2,19,2,0,1,1,1,1785500581
2026-07-31T12:25:21Z,653,7,2,12,0,0,1,1,1,1785500661
2026-07-31T12:25:21Z,654,1,1,14,0,0,1,1,1,1785500496
2026-07-31T12:25:21Z,655,7,3,1,4,1,1,1,1,1785500547
2026-07-31T12:25:21Z,656,14,6,5,0,0,1,1,1,1785500693
2026-07-31T12:25:21Z,657,10,2,3,2,2,1,1,1,1785500555
2026-07-31T12:25:21Z,658,9,1,1,0,0,1,1,1,1785473427
2026-07-31T12:25:21Z,659,7,3,6,2,0,1,1,1,1785500179
2026-07-31T12:25:21Z,660,11,0,16,4,0,1,1,1,1785500515
2026-07-31T12:25:21Z,661,2,1,17,0,0,1,1,1,1785500147
2026-07-31T12:25:21Z,662,4,3,16,3,0,1,1,1,1785500523
2026-07-31T12:25:21Z,663,10,5,4,1,0,1,1,1,1785500391
2026-07-31T12:25:21Z,664,4,0,23,0,0,1,1,1,1785500401
2026-07-31T12:25:21Z,665,13,4,2,0,0,1,1,1,1785500164
2026-07-31T12:25:21Z,666,8,2,5,2,0,1,1,1,1785495733
2026-07-31T12:25:21Z,667,0,0,19,0,0,1,1,1,1785486991
2026-07-31T12:25:21Z,668,10,1,9,0,0,1,1,1,1785500686
2026-07-31T12:25:21Z,669,13,5,1,0,0,1,1,1,1785500436
2026-07-31T12:25:21Z,670,10,1,17,0,0,1,1,1,1785500685
2026-07-31T12:25:21Z,671,9,5,17,1,0,1,1,1,1785500702
2026-07-31T12:25:21Z,672,11,2,8,3,1,1,1,1,1785500637
2026-07-31T12:25:21Z,673,20,2,2,1,0,1,1,1,1785500458
2026-07-31T12:25:21Z,674,7,1,13,3,0,1,1,1,1785500591
2026-07-31T12:25:21Z,675,11,5,2,2,0,1,1,1,1785500700
2026-07-31T12:25:21Z,676,9,0,12,1,0,1,1,1,1785500658
2026-07-31T12:25:21Z,681,10,3,2,3,0,1,1,1,1785500478
2026-07-31T12:25:21Z,682,4,1,14,1,0,1,1,1,1785486991
2026-07-31T12:25:21Z,683,3,1,16,0,0,1,1,1,1785499114
2026-07-31T12:25:21Z,684,2,0,25,0,0,1,1,1,1785498876
2026-07-31T12:25:21Z,685,8,0,17,1,1,1,1,1,1785498843
2026-07-31T12:25:21Z,686,9,0,15,3,0,1,1,1,1785500573
2026-07-31T12:25:21Z,687,11,0,18,1,1,1,1,1,1785500586
2026-07-31T12:25:21Z,688,10,0,2,7,0,1,1,1,1785500660
2026-07-31T12:25:21Z,692,4,3,17,0,0,1,1,1,1785500622
2026-07-31T12:25:21Z,693,6,0,2,3,0,1,1,1,1785499854
2026-07-31T12:25:21Z,694,8,6,13,0,0,1,1,1,1785500679
2026-07-31T12:25:21Z,695,12,8,11,0,0,1,1,1,1785499784
2026-07-31T12:25:21Z,696,17,13,4,2,0,1,1,1,1785499869
2026-07-31T12:25:21Z,697,12,0,11,0,0,1,1,1,1785500231
2026-07-31T12:25:21Z,698,16,0,11,0,0,1,1,1,1785500662
2026-07-31T12:25:21Z,699,8,0,6,1,0,1,1,1,1785500255
2026-07-31T12:25:21Z,700,18,4,1,0,0,1,1,1,1785500320
2026-07-31T12:25:21Z,701,15,6,4,0,0,1,1,1,1785499748
2026-07-31T12:25:21Z,702,17,1,5,1,0,1,1,1,1785500321
2026-07-31T12:25:21Z,704,6,1,9,0,0,1,1,1,1785499779
2026-07-31T12:25:21Z,705,3,1,10,2,0,1,1,1,1785500413
2026-07-31T12:25:21Z,706,12,2,0,3,0,1,1,1,1785499705
2026-07-31T12:25:21Z,707,8,1,7,0,0,1,1,1,1785500326
2026-07-31T12:25:21Z,708,16,2,3,0,0,1,1,1,1785500651
2026-07-31T12:25:21Z,709,9,0,3,3,0,1,1,1,1785500376
2026-07-31T12:25:21Z,710,15,4,3,1,0,1,1,1,1785499786
2026-07-31T12:25:21Z,711,18,3,1,4,0,1,1,1,1785500094
2026-07-31T12:25:21Z,712,8,6,7,0,0,1,1,1,1785500387
2026-07-31T12:25:21Z,713,5,0,18,0,0,1,1,1,1785499014
2026-07-31T12:25:21Z,716,3,2,12,0,0,1,1,1,1785500061
2026-07-31T12:25:21Z,717,4,2,18,3,0,1,1,1,1785500638
2026-07-31T12:25:21Z,718,6,1,8,1,0,1,1,1,1785499876
2026-07-31T12:25:21Z,719,10,3,19,0,0,1,1,1,1785500032
2026-07-31T12:25:21Z,720,1,0,18,0,0,1,1,1,1785500349
2026-07-31T12:25:21Z,721,0,0,21,2,0,1,1,1,1785500014
2026-07-31T12:25:21Z,722,5,0,10,0,0,1,1,1,1785500108
2026-07-31T12:25:21Z,723,12,1,11,0,0,1,1,1,1785500210
2026-07-31T12:25:21Z,724,8,4,15,0,0,1,1,1,1785500687
2026-07-31T12:25:21Z,725,18,4,4,1,0,1,1,1,1785500688
2026-07-31T12:25:21Z,726,15,2,4,0,0,1,1,1,1785500180
2026-07-31T12:25:21Z,727,8,3,12,3,0,1,1,1,1785499301
2026-07-31T12:25:21Z,728,9,0,5,1,0,1,1,1,1785500652
2026-07-31T12:25:21Z,729,1,1,18,0,0,1,1,1,1785500043
2026-07-31T12:25:21Z,730,3,2,10,2,0,1,1,1,1785499432
2026-07-31T12:25:21Z,731,9,3,5,1,0,1,1,1,1785500364
2026-07-31T12:25:21Z,732,7,5,8,0,0,1,1,1,1785499586
2026-07-31T12:25:21Z,733,2,2,25,0,0,1,1,1,1785500398
2026-07-31T12:25:21Z,734,0,0,13,1,0,1,1,1,1785499529
2026-07-31T12:25:21Z,735,4,3,23,0,0,1,1,1,1785500700
2026-07-31T12:25:21Z,736,7,0,11,1,0,1,1,1,1785500433
2026-07-31T12:25:21Z,737,4,3,10,0,1,1,1,1,1785498981
2026-07-31T12:25:21Z,738,15,4,2,2,0,1,1,1,1785500055
2026-07-31T12:25:21Z,739,20,2,6,1,0,1,1,1,1785500438
2026-07-31T12:25:21Z,741,7,0,16,0,0,1,1,1,1785500690
2026-07-31T12:25:21Z,742,23,2,10,2,0,1,1,1,1785500482
2026-07-31T12:25:21Z,743,10,4,8,1,0,1,1,1,1785500560
2026-07-31T12:25:21Z,744,9,3,6,0,0,1,1,1,1785500682
2026-07-31T12:25:21Z,745,13,4,5,1,0,1,1,1,1785499261
2026-07-31T12:25:21Z,746,3,0,18,2,0,1,1,1,1785500682
2026-07-31T12:25:21Z,747,0,0,4,0,0,0,1,1,1783446606
2026-07-31T12:25:21Z,748,10,1,13,0,0,1,1,1,1785500069
2026-07-31T12:25:21Z,749,6,5,16,1,0,1,1,1,1785499980
2026-07-31T12:25:21Z,750,4,1,7,0,0,1,1,1,1785500287
2026-07-31T12:25:21Z,751,13,0,10,0,0,1,1,1,1785500599
2026-07-31T12:25:21Z,752,15,1,1,1,0,1,1,1,1785498699
2026-07-31T12:25:21Z,753,0,0,15,0,0,1,1,1,1785500416
2026-07-31T12:25:21Z,754,4,2,10,1,0,1,1,1,1785499782
2026-07-31T12:25:21Z,755,12,3,10,1,0,1,1,1,1785499930
2026-07-31T12:25:21Z,756,15,10,21,1,0,1,1,1,1785500692
2026-07-31T12:25:21Z,757,15,7,2,2,0,1,1,1,1785500644
2026-07-31T12:25:21Z,758,16,1,7,0,0,1,1,1,1785500641
2026-07-31T12:25:21Z,759,0,0,0,0,0,1,1,1,86400
2026-07-31T12:25:21Z,760,9,4,10,0,0,1,1,1,1785499338
2026-07-31T12:25:21Z,761,18,0,4,1,0,1,1,1,1785500505
2026-07-31T12:25:21Z,762,5,3,5,5,0,1,1,1,1785500337
2026-07-31T12:25:21Z,768,8,0,8,3,0,1,1,1,1785499473
2026-07-31T12:25:21Z,769,17,12,2,0,0,1,1,1,1785499879
2026-07-31T12:25:21Z,770,11,3,6,2,0,1,1,1,1785499043
2026-07-31T12:25:21Z,771,12,2,2,1,0,1,1,1,1785500301
2026-07-31T12:25:21Z,772,8,1,7,0,0,1,1,1,1785499091
2026-07-31T12:25:21Z,773,15,4,4,0,0,1,1,1,1785498942
2026-07-31T12:25:21Z,774,8,5,4,3,0,1,1,1,1785500685
2026-07-31T12:25:21Z,775,7,0,10,1,1,1,1,1,1785494713
2026-07-31T12:25:21Z,776,3,1,17,1,0,1,1,1,1785499281
2026-07-31T12:25:21Z,777,10,0,2,3,0,1,1,1,1785499024
2026-07-31T12:25:21Z,778,13,0,3,3,0,1,1,1,1785498969
2026-07-31T12:25:21Z,779,8,1,10,1,0,1,1,1,1785499860
2026-07-31T12:25:21Z,780,17,1,1,1,0,1,1,1,1785500394
2026-07-31T12:25:21Z,781,4,0,5,2,0,1,1,1,1785499765
2026-07-31T12:25:21Z,782,5,3,10,4,0,1,1,1,1785500578
2026-07-31T12:25:21Z,783,6,0,13,0,0,1,1,1,1785499841
2026-07-31T12:25:21Z,784,18,1,1,0,0,1,1,1,1785500409
2026-07-31T12:25:21Z,785,10,2,3,6,0,1,1,1,1785500018
2026-07-31T12:25:21Z,786,12,5,7,0,0,1,1,1,1785500538
2026-07-31T12:25:21Z,787,10,5,3,2,0,1,1,1,1785499296
2026-07-31T12:25:21Z,788,3,0,12,0,0,1,1,1,1785500332
2026-07-31T12:25:21Z,789,9,2,2,4,0,1,1,1,1785500553
2026-07-31T12:25:21Z,790,2,0,20,1,0,1,1,1,1785500091
2026-07-31T12:25:21Z,791,7,0,11,0,1,1,1,1,1785500531
2026-07-31T12:25:21Z,793,4,0,10,1,0,1,1,1,1785500690
2026-07-31T12:25:21Z,794,16,9,11,2,0,1,1,1,1785500424
2026-07-31T12:25:21Z,796,2,1,15,2,0,1,1,1,1785500508
2026-07-31T12:25:21Z,797,1,0,14,0,0,1,1,1,1785499482
2026-07-31T12:25:21Z,798,11,1,13,1,0,1,1,1,1785500629
2026-07-31T12:25:21Z,799,14,1,2,3,0,1,1,1,1785500475
2026-07-31T12:25:21Z,800,5,0,14,2,0,1,1,1,1785500700
2026-07-31T12:25:21Z,801,14,5,6,1,0,1,1,1,1785500645
2026-07-31T12:25:21Z,802,8,0,23,0,0,1,1,1,1785500663
2026-07-31T12:25:21Z,803,1,1,14,0,0,1,1,1,1785500297
2026-07-31T12:25:21Z,806,5,2,10,0,0,1,1,1,1785499578
2026-07-31T12:25:21Z,807,13,1,10,2,0,1,1,1,1785499172
2026-07-31T12:25:21Z,808,3,1,20,2,0,1,1,1,1785499242
2026-07-31T12:25:21Z,809,4,0,18,1,0,1,1,1,1785500490
2026-07-31T12:25:21Z,810,2,0,13,4,0,1,1,1,1785499113
2026-07-31T12:25:21Z,815,0,0,10,4,1,1,1,1,1785500672
2026-07-31T12:25:21Z,817,10,4,5,0,0,1,1,1,1785499817
2026-07-31T12:25:21Z,818,4,0,18,1,0,1,1,1,1785499738
2026-07-31T12:25:21Z,819,6,4,9,0,0,1,1,1,1785487291
2026-07-31T12:25:21Z,820,8,2,9,0,0,1,1,1,1785499726
2026-07-31T12:25:21Z,821,2,1,13,0,0,1,1,1,1785500652
2026-07-31T12:25:21Z,822,8,0,14,1,0,1,1,1,1785500510
2026-07-31T12:25:21Z,823,1,1,14,0,0,1,1,1,1785500130
2026-07-31T12:25:21Z,824,10,4,9,0,0,1,1,1,1785500707
2026-07-31T12:25:21Z,825,8,5,7,0,0,1,1,1,1785495662
2026-07-31T12:25:21Z,826,16,3,1,2,0,1,1,1,1785500442
2026-07-31T12:25:21Z,827,15,4,5,1,0,1,1,1,1785499142
2026-07-31T12:25:21Z,828,13,1,3,2,0,1,1,1,1785500186
2026-07-31T12:25:21Z,829,14,5,13,0,0,1,1,1,1785499885
2026-07-31T12:25:21Z,830,17,2,5,1,0,1,1,1,1785499116
2026-07-31T12:25:21Z,831,6,2,8,1,0,1,1,1,1785500090
2026-07-31T12:25:21Z,832,10,3,5,3,0,1,1,1,1785500213
2026-07-31T12:25:21Z,833,0,0,18,1,0,1,1,1,1785499951
2026-07-31T12:25:21Z,834,5,0,18,1,0,1,1,1,1785500555
2026-07-31T12:25:21Z,835,9,3,7,2,0,1,1,1,1785500006
2026-07-31T12:25:21Z,837,5,1,0,10,0,1,1,1,1785500176
2026-07-31T12:25:21Z,838,14,5,1,0,0,1,1,1,1785500529
2026-07-31T12:25:21Z,839,11,2,18,0,0,1,1,1,1785500703
2026-07-31T12:25:21Z,840,10,4,18,1,0,1,1,1,1785500403
2026-07-31T12:25:21Z,841,7,1,8,0,0,1,1,1,1785500084
2026-07-31T12:25:21Z,842,6,1,17,0,0,1,1,1,1785499910
2026-07-31T12:25:21Z,843,8,0,22,1,0,1,1,1,1785500182
2026-07-31T12:25:21Z,844,6,0,17,0,0,1,1,1,1785500517
2026-07-31T12:25:21Z,845,5,3,12,2,0,1,1,1,1785500284
2026-07-31T12:25:21Z,846,4,0,14,1,0,1,1,1,1785499812
2026-07-31T12:25:21Z,847,8,1,19,0,0,1,1,1,1785500460
2026-07-31T12:25:21Z,848,8,3,10,1,0,1,1,1,1785498928
2026-07-31T12:25:21Z,849,5,1,9,1,0,1,1,1,1785500243
2026-07-31T12:25:21Z,850,8,0,1,2,0,1,1,1,1785499525
2026-07-31T12:25:21Z,851,9,7,26,2,0,1,1,1,1785500478
2026-07-31T12:25:21Z,852,12,6,7,0,0,1,1,1,1785499991
2026-07-31T12:25:21Z,853,10,5,13,0,0,1,1,1,1785499068
2026-07-31T12:25:21Z,854,3,2,12,0,0,1,1,1,1785499118
2026-07-31T12:25:21Z,855,25,0,2,0,0,1,1,1,1785497123
2026-07-31T12:25:21Z,857,4,3,15,0,0,1,1,1,1785500449
2026-07-31T12:25:21Z,858,4,1,14,1,0,1,1,1,1785500662
2026-07-31T12:25:21Z,859,4,0,16,1,0,1,1,1,1785499062
2026-07-31T12:25:21Z,861,8,1,2,1,0,1,1,1,1785488201
2026-07-31T12:25:21Z,862,2,2,13,0,0,1,1,1,1785500114
2026-07-31T12:25:21Z,863,13,0,5,1,0,1,1,1,1785488200
2026-07-31T12:25:21Z,866,11,3,8,0,0,1,1,1,1785500437
2026-07-31T12:25:21Z,867,13,1,2,0,0,1,1,1,1785499727
2026-07-31T12:25:21Z,868,12,2,3,0,0,1,1,1,1785499946
2026-07-31T12:25:21Z,870,7,4,6,2,0,1,1,1,1785500166
2026-07-31T12:25:21Z,871,0,0,10,1,0,1,1,1,1785499532
2026-07-31T12:25:21Z,872,0,0,14,1,0,1,1,1,1785500083
2026-07-31T12:25:21Z,873,12,3,20,1,0,1,1,1,1785500668
2026-07-31T12:25:21Z,874,2,0,10,3,0,1,1,1,1785500246
2026-07-31T12:25:21Z,875,14,10,0,1,0,1,1,1,1785500244
2026-07-31T12:25:21Z,877,12,10,5,2,0,1,1,1,1785499707
2026-07-31T12:25:21Z,878,4,3,14,1,0,1,1,1,1785500287
2026-07-31T12:25:21Z,879,3,1,16,0,0,1,1,1,1785499327
2026-07-31T12:25:21Z,880,1,0,21,1,0,1,1,1,1785500247
2026-07-31T12:25:21Z,881,1,1,18,0,0,1,1,1,1785500143
2026-07-31T12:25:21Z,882,10,0,6,3,0,1,1,1,1785488200
2026-07-31T12:25:21Z,883,11,6,8,0,0,1,1,1,1785500394
2026-07-31T12:25:21Z,884,10,7,11,0,0,1,1,1,1785499704
2026-07-31T12:25:21Z,885,1,0,18,0,0,1,1,1,1785499979
2026-07-31T12:25:21Z,886,17,1,10,2,0,1,1,1,1785500531
2026-07-31T12:25:21Z,887,4,1,10,3,0,1,1,1,1785500680
2026-07-31T12:25:21Z,888,5,2,34,1,1,1,1,1,1785500701
2026-07-31T12:25:21Z,889,10,0,7,2,0,1,1,1,1785500279
2026-07-31T12:25:21Z,890,6,4,9,0,0,1,1,1,1785489632
2026-07-31T12:25:21Z,891,19,0,3,1,0,1,1,1,1785500441
2026-07-31T12:25:21Z,892,13,1,2,0,0,1,1,1,1785488200
2026-07-31T12:25:21Z,895,0,0,18,1,0,1,1,1,1785489208
2026-07-31T12:25:21Z,896,9,1,26,0,0,1,1,1,1785500364
2026-07-31T12:25:21Z,897,11,1,10,0,0,1,1,1,1785500180
2026-07-31T12:25:21Z,898,3,0,16,0,0,1,1,1,1785499896
2026-07-31T12:25:21Z,899,0,0,18,1,0,1,1,1,1785499128
2026-07-31T12:25:21Z,900,10,0,14,3,0,1,1,1,1785500456
2026-07-31T12:25:21Z,901,4,0,14,1,0,1,1,1,1785500659
2026-07-31T12:25:21Z,902,8,0,6,1,0,1,1,1,1785499826
2026-07-31T12:25:21Z,903,13,2,5,1,0,1,1,1,1785499298
2026-07-31T12:25:21Z,904,9,4,9,1,0,1,1,1,1785500289
2026-07-31T12:25:21Z,905,9,1,18,0,0,1,1,1,1785500662
2026-07-31T12:25:21Z,906,1,0,26,0,0,1,1,1,1785499349
2026-07-31T12:25:21Z,907,1,1,30,0,0,1,1,1,1785500508
2026-07-31T12:25:21Z,908,8,0,15,0,0,1,1,1,1785500282
2026-07-31T12:25:21Z,909,5,0,17,1,0,1,1,1,1785500238
2026-07-31T12:25:21Z,910,10,0,21,0,0,1,1,1,1785500626
2026-07-31T12:25:21Z,911,5,2,14,0,0,1,1,1,1785499831
2026-07-31T12:25:21Z,912,13,4,8,2,0,1,1,1,1785499689
2026-07-31T12:25:21Z,913,4,1,15,0,0,1,1,1,1785499263
2026-07-31T12:25:21Z,914,9,0,10,0,0,1,1,1,1785500626
2026-07-31T12:25:21Z,915,10,0,12,1,0,1,1,1,1785500594
2026-07-31T12:25:21Z,916,23,8,0,0,0,1,1,1,1785500451
2026-07-31T12:25:21Z,917,19,3,14,2,0,1,1,1,1785500586
2026-07-31T12:25:21Z,918,2,1,15,2,0,1,1,1,1785500568
2026-07-31T12:25:21Z,919,2,0,36,1,0,1,1,1,1785500550
2026-07-31T12:25:21Z,920,4,2,15,0,0,1,1,1,1785500620
2026-07-31T12:25:21Z,921,12,0,9,0,0,1,1,1,1785499970
2026-07-31T12:25:21Z,922,3,0,17,1,0,1,1,1,1785499949
2026-07-31T12:25:21Z,923,15,2,4,0,0,1,1,1,1785500685
2026-07-31T12:25:21Z,924,8,2,13,0,0,1,1,1,1785499166
2026-07-31T12:25:21Z,925,13,0,8,0,0,1,1,1,1785500453
2026-07-31T12:25:21Z,926,2,1,19,0,0,1,1,1,1785500582
2026-07-31T12:25:21Z,927,7,0,28,0,0,1,1,1,1785500350
2026-07-31T12:25:21Z,928,0,0,19,0,0,0,1,1,1785500252
2026-07-31T12:25:21Z,929,4,0,19,0,0,1,1,1,1785500685
2026-07-31T12:25:21Z,930,2,0,28,1,0,1,1,1,1785500695
2026-07-31T12:25:21Z,931,11,8,11,1,0,1,1,1,1785500566
2026-07-31T12:25:21Z,932,0,0,16,3,0,1,1,1,1785500464
2026-07-31T12:25:21Z,933,3,0,20,0,0,1,1,1,1785500572
2026-07-31T12:25:21Z,934,3,0,27,1,0,1,1,1,1785500684
2026-07-31T12:25:21Z,935,17,4,1,1,0,1,1,1,1785500486
2026-07-31T12:25:21Z,936,4,1,15,0,0,1,1,1,1785456801
2026-07-31T12:25:21Z,940,10,0,1,0,0,1,1,1,1785500619
2026-07-31T12:25:21Z,941,8,1,15,2,0,1,1,1,1785500708
2026-07-31T12:25:21Z,942,3,0,17,1,0,1,1,1,1785500095
2026-07-31T12:25:21Z,943,9,8,6,0,0,1,1,1,1785500188
2026-07-31T12:25:21Z,944,9,8,6,0,0,1,1,1,1785500011
2026-07-31T12:25:21Z,945,10,8,5,0,0,1,1,1,1785499526
2026-07-31T12:25:21Z,946,7,5,12,0,0,1,1,1,1785487593
2026-07-31T12:25:21Z,947,7,5,10,0,0,1,1,1,1785500024
2026-07-31T12:25:21Z,948,26,9,0,5,0,1,1,1,1785500608
2026-07-31T12:25:21Z,949,14,4,1,0,0,1,1,1,1785500341
2026-07-31T12:25:21Z,950,11,4,5,1,0,1,1,1,1785500640
2026-07-31T12:25:21Z,951,20,4,2,1,0,1,1,1,1785500257
2026-07-31T12:25:21Z,952,24,5,31,0,0,1,1,1,1785500600
2026-07-31T12:25:21Z,953,7,1,7,1,0,1,1,1,1785500308
2026-07-31T12:25:21Z,954,12,3,7,0,0,1,1,1,1785500146
2026-07-31T12:25:21Z,955,6,4,15,6,0,1,1,1,1785499372
2026-07-31T12:25:21Z,956,19,0,3,1,0,1,1,1,1785500702
2026-07-31T12:25:21Z,957,10,1,19,0,0,1,1,1,1785499918
2026-07-31T12:25:21Z,958,8,2,23,0,0,1,1,1,1785500615
2026-07-31T12:25:21Z,959,16,7,4,3,0,1,1,1,1785499931
2026-07-31T12:25:21Z,960,15,0,7,1,0,1,1,1,1785500414
2026-07-31T12:25:21Z,961,0,0,20,3,0,1,1,1,1785498941
2026-07-31T12:25:21Z,962,10,2,22,3,0,1,1,1,1785500374
2026-07-31T12:25:21Z,963,21,0,1,1,0,1,1,1,1785500176
2026-07-31T12:25:21Z,964,8,8,14,1,0,1,1,1,1785500562
2026-07-31T12:25:21Z,965,10,3,16,1,0,1,1,1,1785500274
2026-07-31T12:25:21Z,966,22,0,9,0,0,1,1,1,1785499214
2026-07-31T12:25:21Z,967,14,0,6,1,0,1,1,1,1785500534
2026-07-31T12:25:21Z,968,12,0,6,1,0,1,1,1,1785500698
2026-07-31T12:25:21Z,969,9,7,16,2,0,1,1,1,1785500257
2026-07-31T12:25:21Z,970,8,0,9,2,0,1,1,1,1785500687
2026-07-31T12:25:21Z,971,8,0,14,1,0,1,1,1,1785500340
2026-07-31T12:25:21Z,972,9,1,13,1,0,1,1,1,1785500008
2026-07-31T12:25:21Z,973,7,4,15,1,0,1,1,1,1785499525
2026-07-31T12:25:21Z,974,19,1,7,1,0,1,1,1,1785500667
2026-07-31T12:25:21Z,977,4,4,15,2,0,1,1,1,1785500583
2026-07-31T12:25:21Z,978,12,0,11,0,0,1,1,1,1785499463
2026-07-31T12:25:21Z,979,12,0,5,0,0,1,1,1,1785500661
2026-07-31T12:25:21Z,980,11,1,8,2,0,1,1,1,1785500685
2026-07-31T12:25:21Z,981,10,0,10,1,0,1,1,1,1785500705
2026-07-31T12:25:21Z,982,3,1,14,2,0,1,1,1,1785500064
2026-07-31T12:25:21Z,983,2,1,20,1,0,1,1,1,1785500492
2026-07-31T12:25:21Z,984,6,0,17,0,0,1,1,1,1785500491
2026-07-31T12:25:21Z,985,17,2,14,0,0,1,1,1,1785500575
2026-07-31T12:25:21Z,986,4,0,15,0,0,1,1,1,1785500061
2026-07-31T12:25:21Z,987,6,0,16,1,0,1,1,1,1785500610
2026-07-31T12:25:21Z,988,5,1,13,1,0,1,1,1,1785500218
2026-07-31T12:25:21Z,989,9,4,10,0,0,1,1,1,1785499207
2026-07-31T12:25:21Z,990,13,1,0,2,0,1,1,1,1785500256
2026-07-31T12:25:21Z,991,10,2,8,1,0,1,1,1,1785499938
2026-07-31T12:25:21Z,992,9,6,13,1,0,1,1,1,1785499981
2026-07-31T12:25:21Z,993,0,0,25,2,0,1,1,1,1785500335
2026-07-31T12:25:21Z,994,3,1,18,0,0,1,1,1,1785499216
2026-07-31T12:25:21Z,995,6,0,21,0,0,1,1,1,1785500253
2026-07-31T12:25:21Z,996,8,1,15,0,0,1,1,1,1785500049
2026-07-31T12:25:21Z,997,13,7,9,1,0,1,1,1,1785500252
2026-07-31T12:25:21Z,998,3,3,19,1,0,1,1,1,1785500364
2026-07-31T12:25:21Z,999,2,0,16,2,1,1,1,1,1785500125
2026-07-31T12:25:21Z,1000,5,2,16,0,0,1,1,1,1785499111
2026-07-31T12:25:21Z,1001,2,1,25,0,0,1,1,1,1785500394
2026-07-31T12:25:21Z,1002,2,2,27,2,0,1,1,1,1785500407
2026-07-31T12:25:21Z,1003,0,0,22,1,0,1,1,1,1785500009
2026-07-31T12:25:21Z,1004,8,1,15,0,0,1,1,1,1785499451
2026-07-31T12:25:21Z,1005,20,1,3,0,0,1,1,1,1785500198
2026-07-31T12:25:21Z,1006,7,4,11,1,0,1,1,1,1785500026
2026-07-31T12:25:21Z,1007,1,0,20,0,0,1,1,1,1785499794
2026-07-31T12:25:21Z,1008,6,5,15,2,0,1,1,1,1785499174
2026-07-31T12:25:21Z,1009,19,2,8,4,0,1,1,1,1785499038
2026-07-31T12:25:21Z,1010,7,2,20,0,0,1,1,1,1785499878
2026-07-31T12:25:21Z,1011,7,2,10,2,0,1,1,1,1785500403
2026-07-31T12:25:21Z,1012,4,3,18,1,0,1,1,1,1785499965
2026-07-31T12:25:21Z,1013,2,1,20,1,0,1,1,1,1785500554
2026-07-31T12:25:21Z,1014,7,2,13,3,0,1,1,1,1785500485
2026-07-31T12:25:21Z,1015,3,1,25,3,0,1,1,1,1785498959
2026-07-31T12:25:21Z,1016,10,5,21,0,0,1,1,1,1785499851
2026-07-31T12:25:21Z,1017,14,5,7,0,0,1,1,1,1785499369
2026-07-31T12:25:21Z,1018,7,2,15,0,0,1,1,1,1785500052
2026-07-31T12:25:21Z,1019,8,5,7,0,0,1,1,1,1785499966
2026-07-31T12:25:21Z,1020,18,3,3,0,0,1,1,1,1785499236
2026-07-31T12:25:21Z,1021,9,3,5,1,0,1,1,1,1785498952
2026-07-31T12:25:21Z,1022,14,0,13,0,0,1,1,1,1785500154
2026-07-31T12:25:21Z,1023,13,1,9,1,0,1,1,1,1785499790
2026-07-31T12:25:21Z,1024,6,2,12,1,0,1,1,1,1785498963
2026-07-31T12:25:21Z,1025,4,0,14,0,1,1,1,1,1785500124
2026-07-31T12:25:21Z,1026,7,4,18,6,0,1,1,1,1785499321
2026-07-31T12:25:21Z,1028,2,0,20,1,0,1,1,1,1785500144
2026-07-31T12:25:21Z,1029,11,10,4,0,0,1,1,1,1785500610
2026-07-31T12:25:21Z,1030,14,5,9,0,0,1,1,1,1785499012
2026-07-31T12:25:21Z,1031,8,0,11,0,0,1,1,1,1785499365
2026-07-31T12:25:21Z,1032,7,1,12,0,0,1,1,1,1785500030
2026-07-31T12:25:21Z,1033,11,7,8,0,0,1,1,1,1785500165
2026-07-31T12:25:21Z,1034,3,0,12,0,0,1,1,1,1785500036
2026-07-31T12:25:21Z,1035,1,0,16,2,0,1,1,1,1785500083
2026-07-31T12:25:21Z,1036,15,1,0,0,0,1,1,1,1785500617
2026-07-31T12:25:21Z,1037,5,0,13,1,0,1,1,1,1785500328
2026-07-31T12:25:21Z,1038,2,0,12,1,0,1,1,1,1785499734
2026-07-31T12:25:21Z,1039,7,2,12,0,0,1,1,1,1785500184
2026-07-31T12:25:21Z,1040,6,3,11,2,0,1,1,1,1785500071
2026-07-31T12:25:21Z,1041,10,3,9,0,0,1,1,1,1785499950
2026-07-31T12:25:21Z,1042,13,1,1,1,0,1,1,1,1785500593
2026-07-31T12:25:21Z,1043,11,0,5,3,0,1,1,1,1785500105
2026-07-31T12:25:21Z,1044,2,1,13,0,0,1,1,1,1785499788
2026-07-31T12:25:21Z,1045,10,0,9,0,0,1,1,1,1785500018
2026-07-31T12:25:21Z,1046,8,0,7,0,0,1,1,1,1785499413
2026-07-31T12:25:21Z,1047,5,0,16,0,0,1,1,1,1785498972
2026-07-31T12:25:21Z,1048,9,0,10,0,0,1,1,1,1785499995
2026-07-31T12:25:21Z,1049,5,0,16,0,0,1,1,1,1785500069
2026-07-31T12:25:21Z,1050,17,4,4,0,0,1,1,1,1785499347
2026-07-31T12:25:21Z,1051,8,3,13,0,0,1,1,1,1785499236
2026-07-31T12:25:21Z,1052,17,2,5,0,0,1,1,1,1785499863
2026-07-31T12:25:21Z,1053,2,1,13,0,0,1,1,1,1785499916
2026-07-31T12:25:21Z,1054,14,1,1,0,0,1,1,1,1785500175
2026-07-31T12:25:21Z,1055,6,0,13,0,0,1,1,1,1785500162
2026-07-31T12:25:21Z,1057,9,0,9,1,0,1,1,1,1785499845
2026-07-31T12:25:21Z,1058,3,0,51,2,0,1,1,1,1785500192
2026-07-31T12:25:21Z,1059,1,0,17,1,0,1,1,1,1785500045
2026-07-31T12:25:21Z,1060,30,0,7,0,0,1,1,1,1785500672
2026-07-31T12:25:21Z,1061,24,1,13,0,0,1,1,1,1785500406
2026-07-31T12:25:21Z,1062,11,0,6,0,0,1,1,1,1785500680
2026-07-31T12:25:21Z,1063,12,1,6,1,0,1,1,1,1785500073
2026-07-31T12:25:21Z,1064,3,0,19,1,0,1,1,1,1785500413
2026-07-31T12:25:21Z,1065,16,3,7,0,0,1,1,1,1785500656
2026-07-31T12:25:21Z,1066,10,2,13,0,0,1,1,1,1785500478
2026-07-31T12:25:21Z,1067,8,2,13,2,0,1,1,1,1785498930
2026-07-31T12:25:21Z,1068,8,2,13,2,0,1,1,1,1785500247
2026-07-31T12:25:21Z,1069,12,3,11,0,0,1,1,1,1785500288
2026-07-31T12:25:21Z,1070,12,2,11,0,0,1,1,1,1785500385
2026-07-31T12:25:21Z,1071,7,4,16,0,0,1,1,1,1785500424
2026-07-31T12:25:21Z,1072,11,1,11,1,0,1,1,1,1785500662
2026-07-31T12:25:21Z,1073,19,2,7,1,0,1,1,1,1785500457
2026-07-31T12:25:21Z,1074,2,0,50,1,0,1,1,1,1785500704
2026-07-31T12:25:21Z,1075,10,10,11,0,0,1,1,1,1785499793
2026-07-31T12:25:21Z,1076,15,12,6,0,0,1,1,1,1785499232
2026-07-31T12:25:21Z,1077,8,4,13,0,0,1,1,1,1785500015
2026-07-31T12:25:21Z,1078,11,10,10,0,0,1,1,1,1785499273
2026-07-31T12:25:21Z,1079,11,8,10,0,0,1,1,1,1785499899
2026-07-31T12:25:21Z,1080,10,8,10,1,0,1,1,1,1785500501
2026-07-31T12:25:21Z,1081,13,8,6,0,0,1,1,1,1785499063
2026-07-31T12:25:21Z,1082,7,7,1,0,0,1,1,1,1785500338
2026-07-31T12:25:21Z,1083,13,11,8,0,0,1,1,1,1785500169
2026-07-31T12:25:21Z,1084,9,8,12,0,0,1,1,1,1785499786
2026-07-31T12:25:21Z,1085,10,10,11,0,0,1,1,1,1785499442
2026-07-31T12:25:21Z,1086,6,2,14,1,0,1,1,1,1785500630
2026-07-31T12:25:21Z,1087,8,6,7,0,0,1,1,1,1785499755
2026-07-31T12:25:21Z,1088,9,7,6,0,0,1,1,1,1785500076
2026-07-31T12:25:21Z,1089,6,4,9,0,0,1,1,1,1785500424
2026-07-31T12:25:21Z,1090,9,8,6,0,0,1,1,1,1785499143
2026-07-31T12:25:21Z,1091,11,6,4,0,0,1,1,1,1785500129
2026-07-31T12:25:21Z,1092,9,9,5,1,0,1,1,1,1785500419
2026-07-31T12:25:21Z,1093,6,5,9,0,0,1,1,1,1785499996
2026-07-31T12:25:21Z,1094,12,10,6,1,0,1,1,1,1785500028
2026-07-31T12:25:21Z,1095,8,7,7,0,0,1,1,1,1785498901
2026-07-31T12:25:21Z,1096,4,2,14,1,0,1,1,1,1785500430
2026-07-31T12:25:21Z,1097,9,9,6,0,0,1,1,1,1785500604
2026-07-31T12:25:21Z,1098,9,7,10,0,0,1,1,1,1785499135
2026-07-31T12:25:21Z,1099,7,6,8,0,0,1,1,1,1785499863
2026-07-31T12:25:21Z,1100,8,4,21,0,0,1,1,1,1785493678
2026-07-31T12:25:21Z,1101,10,5,11,0,0,1,1,1,1785499763
2026-07-31T12:25:21Z,1102,9,4,4,0,0,1,1,1,1785499033
2026-07-31T12:25:21Z,1103,10,5,11,0,0,1,1,1,1785487895
2026-07-31T12:25:21Z,1104,10,5,11,0,0,1,1,1,1785499518
2026-07-31T12:25:21Z,1105,8,4,5,0,0,1,1,1,1785498920
2026-07-31T12:25:21Z,1106,10,5,11,0,0,1,1,1,1785499860
2026-07-31T12:25:21Z,1107,10,5,5,0,0,1,1,1,1785500138
2026-07-31T12:25:21Z,1108,8,4,16,2,1,1,1,1,1785500657
2026-07-31T12:25:21Z,1109,9,4,6,0,0,1,1,1,1785500092
2026-07-31T12:25:21Z,1110,12,4,9,0,0,1,1,1,1785499386
2026-07-31T12:25:21Z,1111,3,2,18,0,0,1,1,1,1785475740
2026-07-31T12:25:21Z,1112,38,0,15,0,0,1,1,1,1785500002
2026-07-31T12:25:21Z,1113,4,0,17,0,0,1,1,1,1785499334
2026-07-31T12:25:21Z,1115,16,5,4,3,0,1,1,1,1785500560
2026-07-31T12:25:21Z,1116,5,1,14,0,0,1,1,1,1785500049
2026-07-31T12:25:21Z,1117,18,5,4,1,0,1,1,1,1785500474
2026-07-31T12:25:21Z,1118,15,0,4,2,0,1,1,1,1785499865
2026-07-31T12:25:21Z,1119,12,1,4,1,0,1,1,1,1785500538
2026-07-31T12:25:21Z,1120,12,0,7,0,0,1,1,1,1785500413
2026-07-31T12:25:21Z,1121,4,2,13,4,0,1,1,1,1785500586
2026-07-31T12:25:21Z,1122,11,8,7,3,0,1,1,1,1785499906
2026-07-31T12:25:21Z,1123,7,4,14,2,0,1,1,1,1785500092
2026-07-31T12:25:21Z,1124,8,1,2,5,0,1,1,1,1785499864
2026-07-31T12:25:21Z,1125,15,1,8,0,0,1,1,1,1785500340
2026-07-31T12:25:21Z,1126,3,1,17,1,0,1,1,1,1785500636
2026-07-31T12:25:21Z,1127,5,0,13,1,0,1,1,1,1785500369
2026-07-31T12:25:21Z,1128,14,2,0,1,0,1,1,1,1785500046
2026-07-31T12:25:21Z,1129,1,1,19,1,0,1,1,1,1785499776
2026-07-31T12:25:21Z,1130,13,0,2,0,0,1,1,1,1785500257
2026-07-31T12:25:21Z,1131,7,0,41,1,0,1,1,1,1785500374
2026-07-31T12:25:21Z,1132,14,6,6,1,0,1,1,1,1785499679
2026-07-31T12:25:21Z,1133,17,13,3,1,0,1,1,1,1785500378
2026-07-31T12:25:21Z,1134,10,5,9,0,0,1,1,1,1785500556
2026-07-31T12:25:21Z,1135,10,5,11,0,0,1,1,1,1785499658
2026-07-31T12:25:21Z,1136,8,0,15,0,0,1,1,1,1785500547
2026-07-31T12:25:21Z,1137,13,0,2,0,0,1,1,1,1785499983
2026-07-31T12:25:21Z,1138,16,2,3,0,0,1,1,1,1785500009
2026-07-31T12:25:21Z,1139,16,4,4,1,0,1,1,1,1785500540
2026-07-31T12:25:21Z,1140,20,2,2,1,0,1,1,1,1785499988
2026-07-31T12:25:21Z,1141,8,1,13,0,0,1,1,1,1785500493
2026-07-31T12:25:21Z,1142,2,0,19,0,0,1,1,1,1785500687
2026-07-31T12:25:21Z,1143,8,0,21,0,0,1,1,1,1785500135
2026-07-31T12:25:21Z,1144,7,1,13,1,0,1,1,1,1785500286
2026-07-31T12:25:21Z,1145,10,5,10,1,0,1,1,1,1785500437
2026-07-31T12:25:21Z,1146,3,2,15,1,0,1,1,1,1785500675
2026-07-31T12:25:21Z,1147,6,1,13,0,0,1,1,1,1785500117
2026-07-31T12:25:21Z,1148,6,2,25,0,0,1,1,1,1785500630
2026-07-31T12:25:21Z,1149,2,2,23,0,0,1,1,1,1785499713
2026-07-31T12:25:21Z,1150,14,0,5,0,0,1,1,1,1785499843
2026-07-31T12:25:21Z,1151,13,0,8,0,0,1,1,1,1785500698
2026-07-31T12:25:21Z,1152,20,0,9,0,0,1,1,1,1785500640
2026-07-31T12:25:21Z,1153,20,6,2,1,0,1,1,1,1785500591
2026-07-31T12:25:21Z,1154,14,1,5,0,0,1,1,1,1785499472
2026-07-31T12:25:21Z,1155,15,6,4,2,0,1,1,1,1785500114
2026-07-31T12:25:21Z,1158,3,0,15,1,0,1,1,1,1785499937
2026-07-31T12:25:21Z,1159,13,1,6,0,0,1,1,1,1785500293
2026-07-31T12:25:21Z,1160,8,1,10,1,0,1,1,1,1785499326
2026-07-31T12:25:21Z,1161,4,0,14,1,0,1,1,1,1785500431
2026-07-31T12:25:21Z,1162,1,0,18,0,0,1,1,1,1785500679
2026-07-31T12:25:21Z,1163,1,1,17,1,0,1,1,1,1785500056
2026-07-31T12:25:21Z,1164,6,1,13,0,0,1,1,1,1785500113
2026-07-31T12:25:21Z,1165,5,0,16,0,0,1,1,1,1785499033
2026-07-31T12:25:21Z,1166,12,2,8,1,0,1,1,1,1785498551
2026-07-31T12:25:21Z,1167,4,0,11,0,0,1,1,1,1785499814
2026-07-31T12:25:21Z,1168,1,1,21,1,0,1,1,1,1785500317
2026-07-31T12:25:21Z,1169,3,0,15,1,0,1,1,1,1785499960
2026-07-31T12:25:21Z,1170,6,0,14,1,0,1,1,1,1785500337
2026-07-31T12:25:21Z,1171,7,6,15,1,0,1,1,1,1785500014
2026-07-31T12:25:21Z,1172,5,2,8,2,0,1,1,1,1785500236
2026-07-31T12:25:21Z,1173,13,5,6,0,0,1,1,1,1785500212
2026-07-31T12:25:21Z,1174,6,3,9,0,0,1,1,1,1785499884
2026-07-31T12:25:21Z,1175,4,2,15,0,0,1,1,1,1785498199
2026-07-31T12:25:21Z,1176,19,1,2,0,0,1,1,1,1785499419
2026-07-31T12:25:21Z,1177,3,1,18,0,0,1,1,1,1785499346
2026-07-31T12:25:21Z,1178,2,1,13,0,0,1,1,1,1785499845
2026-07-31T12:25:21Z,1181,9,0,5,1,0,1,1,1,1785500416
2026-07-31T12:25:21Z,1182,3,0,17,0,0,1,1,1,1785500632
2026-07-31T12:25:21Z,1183,14,1,29,2,0,1,1,1,1785500198
2026-07-31T12:25:21Z,1184,3,1,16,2,0,1,1,1,1785500603
2026-07-31T12:25:21Z,1185,10,5,11,0,0,1,1,1,1785499473
2026-07-31T12:25:21Z,1186,9,5,10,0,0,1,1,1,1785500480
2026-07-31T12:25:21Z,1187,10,5,10,1,0,1,1,1,1785499248
2026-07-31T12:25:21Z,1188,10,5,5,0,0,1,1,1,1785500145
2026-07-31T12:25:21Z,1189,11,6,8,0,0,1,1,1,1785500243
2026-07-31T12:25:21Z,1190,9,4,12,0,0,1,1,1,1785499638
2026-07-31T12:25:21Z,1191,10,5,5,0,0,1,1,1,1785500150
2026-07-31T12:25:21Z,1192,10,6,10,1,0,1,1,1,1785500007
2026-07-31T12:25:21Z,1193,6,4,5,2,0,1,1,1,1785499185
2026-07-31T12:25:21Z,1197,9,6,7,1,0,1,1,1,1785499117
2026-07-31T12:25:21Z,1198,14,4,5,2,0,1,1,1,1785500533
2026-07-31T12:25:21Z,1199,2,0,17,0,0,1,1,1,1785500550
2026-07-31T12:25:21Z,1200,10,5,5,0,0,1,1,1,1785500187
2026-07-31T12:25:21Z,1201,10,5,5,0,0,1,1,1,1785500163
2026-07-31T12:25:21Z,1202,10,5,5,0,0,1,1,1,1785500265
2026-07-31T12:25:21Z,1203,10,5,5,0,0,1,1,1,1785500163
2026-07-31T12:25:21Z,1204,8,4,11,0,0,1,1,1,1785499915
2026-07-31T12:25:21Z,1206,11,5,10,0,0,1,1,1,1785499135
2026-07-31T12:25:21Z,1207,8,4,6,1,0,1,1,1,1785500477
2026-07-31T12:25:21Z,1208,9,4,10,0,0,1,1,1,1785500394
2026-07-31T12:25:21Z,1216,8,0,12,1,0,1,1,1,1785499364
2026-07-31T12:25:21Z,1218,4,0,17,0,0,1,1,1,1785499758
2026-07-31T12:25:21Z,1219,6,1,8,1,0,1,1,1,1785499613
2026-07-31T12:25:21Z,1220,14,7,4,1,0,1,1,1,1785499399
2026-07-31T12:25:21Z,1221,1,1,19,1,0,1,1,1,1785499071
2026-07-31T12:25:21Z,1222,26,0,3,0,0,1,1,1,1785500032
2026-07-31T12:25:21Z,1223,19,1,10,0,0,1,1,1,1785500616
2026-07-31T12:25:21Z,1226,0,0,3,0,0,0,1,1,1781868931
2026-07-31T12:25:21Z,1227,18,1,7,0,0,1,1,1,1785500342
2026-07-31T12:25:21Z,1228,21,1,8,0,0,1,1,1,1785500030
2026-07-31T12:25:21Z,1229,33,2,10,2,0,1,1,1,1785500593
2026-07-31T12:30:21Z,1,5,1,18,0,0,1,1,1,1785500892
2026-07-31T12:30:21Z,2,11,0,14,2,0,1,1,1,1785500899
2026-07-31T12:30:21Z,3,9,2,4,1,0,1,1,1,1785500832
2026-07-31T12:30:21Z,4,6,0,15,1,0,1,1,1,1785500837
2026-07-31T12:30:21Z,5,11,3,11,1,0,1,1,1,1785497818
2026-07-31T12:30:21Z,6,4,0,11,0,0,1,1,1,1785500657
2026-07-31T12:30:21Z,7,4,0,35,0,0,1,1,1,1785500459
2026-07-31T12:30:21Z,8,6,1,37,0,0,1,1,1,1785498395
2026-07-31T12:30:21Z,9,5,2,17,1,0,1,1,1,1785500974
2026-07-31T12:30:21Z,10,0,0,21,3,0,1,1,1,1785500953
2026-07-31T12:30:21Z,11,14,4,4,1,0,1,1,1,1785500915
2026-07-31T12:30:21Z,12,3,1,20,0,0,1,1,1,1785500869
2026-07-31T12:30:21Z,13,2,0,28,0,0,1,1,1,1785500760
2026-07-31T12:30:21Z,14,12,0,30,0,1,1,1,1,1785500467
2026-07-31T12:30:21Z,15,1,0,14,0,0,1,1,1,1785500656
2026-07-31T12:30:21Z,16,8,0,16,2,1,1,1,1,1785487292
2026-07-31T12:30:21Z,17,3,0,23,1,0,1,1,1,1785500832
2026-07-31T12:30:21Z,18,4,0,12,2,0,1,1,1,1785500645
2026-07-31T12:30:21Z,19,15,3,11,1,0,1,1,1,1785501008
2026-07-31T12:30:21Z,20,29,0,6,0,0,1,1,1,1785500938
2026-07-31T12:30:21Z,21,11,1,7,1,0,1,1,1,1785500965
2026-07-31T12:30:21Z,22,22,0,42,1,0,1,1,1,1785500111
2026-07-31T12:30:21Z,23,19,7,12,0,0,1,1,1,1785500803
2026-07-31T12:30:21Z,24,3,2,6,2,0,1,1,1,1785501007
2026-07-31T12:30:21Z,25,10,3,70,0,1,1,1,1,1785500899
2026-07-31T12:30:21Z,26,6,2,21,0,0,1,1,1,1785500655
2026-07-31T12:30:21Z,28,12,2,3,0,0,1,1,1,1785499435
2026-07-31T12:30:21Z,30,4,1,24,1,0,1,1,1,1785500897
2026-07-31T12:30:21Z,31,3,1,14,2,0,1,1,1,1785500877
2026-07-31T12:30:21Z,32,6,0,21,0,0,1,1,1,1785500125
2026-07-31T12:30:21Z,34,18,3,18,1,0,1,1,1,1785500917
2026-07-31T12:30:21Z,35,10,2,35,2,0,1,1,1,1785500689
2026-07-31T12:30:21Z,36,0,0,0,0,0,0,1,1,86400
2026-07-31T12:30:21Z,37,2,1,21,0,0,1,1,1,1785500944
2026-07-31T12:30:21Z,38,14,2,9,0,0,1,1,1,1785500997
2026-07-31T12:30:21Z,39,21,3,18,0,0,1,1,1,1785500283
2026-07-31T12:30:21Z,40,3,0,18,0,0,1,1,1,1785500932
2026-07-31T12:30:21Z,41,8,2,34,1,0,1,1,1,1785500991
2026-07-31T12:30:21Z,42,24,7,7,0,0,1,1,1,1785500931
2026-07-31T12:30:21Z,43,2,0,21,0,0,1,1,1,1785500837
2026-07-31T12:30:21Z,45,9,3,19,1,0,1,1,1,1785500963
2026-07-31T12:30:21Z,46,7,0,24,0,0,1,1,1,1785500796
2026-07-31T12:30:21Z,47,11,6,3,1,0,1,1,1,1785499812
2026-07-31T12:30:21Z,48,7,0,20,0,0,1,1,1,1785500848
2026-07-31T12:30:21Z,49,13,0,8,2,0,1,1,1,1785501008
2026-07-31T12:30:21Z,50,17,11,2,0,0,1,1,1,1785499421
2026-07-31T12:30:21Z,51,42,0,35,0,0,1,1,1,1785500404
2026-07-31T12:30:21Z,52,7,0,17,3,0,1,1,1,1785500791
2026-07-31T12:30:21Z,55,6,0,17,0,0,1,1,1,1785500953
2026-07-31T12:30:21Z,56,2,2,40,1,0,1,1,1,1785500975
2026-07-31T12:30:21Z,57,6,3,21,0,0,1,1,1,1785500743
2026-07-31T12:30:21Z,58,7,1,21,0,0,1,1,1,1785500729
2026-07-31T12:30:21Z,59,8,3,17,2,0,1,1,1,1785500956
2026-07-31T12:30:21Z,61,6,1,33,0,0,1,1,1,1785500947
2026-07-31T12:30:21Z,62,20,6,28,1,0,1,1,1,1785500870
2026-07-31T12:30:21Z,63,6,0,13,0,0,1,1,1,1785500970
2026-07-31T12:30:21Z,64,11,1,4,4,0,1,1,1,1785497923
2026-07-31T12:30:21Z,65,16,8,2,1,0,1,1,1,1785500458
2026-07-31T12:30:21Z,67,6,1,33,0,0,1,1,1,1785500717
2026-07-31T12:30:21Z,68,15,0,22,0,0,1,1,1,1785500251
2026-07-31T12:30:21Z,69,9,1,6,0,0,1,1,1,1785500951
2026-07-31T12:30:21Z,71,5,1,21,1,0,1,1,1,1785500933
2026-07-31T12:30:21Z,72,27,6,1,2,1,1,1,1,1785500897
2026-07-31T12:30:21Z,73,17,3,13,1,0,1,1,1,1785500982
2026-07-31T12:30:21Z,74,3,3,16,0,0,1,1,1,1785500889
2026-07-31T12:30:21Z,75,3,0,28,1,0,1,1,1,1785500776
2026-07-31T12:30:21Z,76,10,1,8,1,0,1,1,1,1785501004
2026-07-31T12:30:21Z,77,20,0,6,1,0,1,1,1,1785500839
2026-07-31T12:30:21Z,78,9,5,13,1,0,1,1,1,1785500914
2026-07-31T12:30:21Z,79,2,2,14,1,0,1,1,1,1785500608
2026-07-31T12:30:21Z,80,18,1,2,3,0,1,1,1,1785500869
2026-07-31T12:30:21Z,81,4,1,27,0,0,1,1,1,1785500749
2026-07-31T12:30:21Z,82,14,0,9,0,0,1,1,1,1785500662
2026-07-31T12:30:21Z,83,4,0,29,1,0,1,1,1,1785500814
2026-07-31T12:30:21Z,84,23,0,4,0,0,1,1,1,1785500861
2026-07-31T12:30:21Z,85,7,2,8,0,0,1,1,1,1785500852
2026-07-31T12:30:21Z,86,25,0,1,1,0,1,1,1,1785499055
2026-07-31T12:30:21Z,87,17,0,2,0,0,1,1,1,1785500870
2026-07-31T12:30:21Z,88,9,1,33,1,0,1,1,1,1785500913
2026-07-31T12:30:21Z,89,0,0,35,0,0,1,1,1,1785500555
2026-07-31T12:30:21Z,90,3,2,13,2,0,1,1,1,1785500917
2026-07-31T12:30:21Z,91,16,0,1,0,0,1,1,1,1785499989
2026-07-31T12:30:21Z,92,5,1,11,3,0,1,1,1,1785500886
2026-07-31T12:30:21Z,93,0,0,23,0,0,1,1,1,1785498071
2026-07-31T12:30:21Z,94,5,0,13,1,0,1,1,1,1785500476
2026-07-31T12:30:21Z,95,20,0,13,1,1,1,1,1,1785500783
2026-07-31T12:30:21Z,96,24,0,6,1,0,1,1,1,1785500655
2026-07-31T12:30:21Z,97,0,0,16,1,0,1,1,1,1785500977
2026-07-31T12:30:21Z,98,27,0,8,0,0,1,1,1,1785500857
2026-07-31T12:30:21Z,99,0,0,15,0,0,1,1,1,1785499775
2026-07-31T12:30:21Z,100,0,0,27,0,0,1,1,1,1785500571
2026-07-31T12:30:21Z,101,1,0,12,2,0,1,1,1,1785500858
2026-07-31T12:30:21Z,102,2,0,21,0,0,1,1,1,1785500818
2026-07-31T12:30:21Z,103,10,0,18,2,0,1,1,1,1785500993
2026-07-31T12:30:21Z,104,1,0,24,2,0,1,1,1,1785501010
2026-07-31T12:30:21Z,105,14,1,5,0,0,1,1,1,1785495616
2026-07-31T12:30:21Z,106,0,0,21,0,0,1,1,1,1785500970
2026-07-31T12:30:21Z,107,8,4,29,0,0,1,1,1,1785501006
2026-07-31T12:30:21Z,108,0,0,35,0,0,1,1,1,1785500996
2026-07-31T12:30:21Z,109,23,0,0,0,0,1,1,1,1785500659
2026-07-31T12:30:21Z,110,10,0,13,0,0,1,1,1,1785500630
2026-07-31T12:30:21Z,111,7,1,29,0,0,1,1,1,1785500057
2026-07-31T12:30:21Z,112,0,0,14,1,0,1,1,1,1785499421
2026-07-31T12:30:21Z,113,7,0,10,2,0,1,1,1,1785500902
2026-07-31T12:30:21Z,114,25,6,4,1,1,1,1,1,1785500944
2026-07-31T12:30:21Z,115,21,2,6,1,0,1,1,1,1785500896
2026-07-31T12:30:21Z,116,20,8,6,1,0,1,1,1,1785500776
2026-07-31T12:30:21Z,118,14,3,7,2,0,1,1,1,1785500968
2026-07-31T12:30:21Z,119,18,0,16,4,0,1,1,1,1785500542
2026-07-31T12:30:21Z,120,15,0,11,1,0,1,1,1,1785500159
2026-07-31T12:30:21Z,121,0,0,17,1,1,1,1,1,1785500920
2026-07-31T12:30:21Z,122,7,2,13,1,0,1,1,1,1785500482
2026-07-31T12:30:21Z,123,10,2,37,0,0,1,1,1,1785500941
2026-07-31T12:30:21Z,124,23,0,12,0,0,1,1,1,1785500678
2026-07-31T12:30:21Z,125,8,3,14,1,0,1,1,1,1785500725
2026-07-31T12:30:21Z,126,22,2,9,0,0,1,1,1,1785500769
2026-07-31T12:30:21Z,127,26,1,7,2,0,1,1,1,1785500999
2026-07-31T12:30:21Z,128,13,1,6,0,0,1,1,1,1785500979
2026-07-31T12:30:21Z,129,11,0,6,2,0,1,1,1,1785500333
2026-07-31T12:30:21Z,130,5,1,12,0,0,1,1,1,1785495263
2026-07-31T12:30:21Z,131,6,3,3,2,0,1,1,1,1785499903
2026-07-31T12:30:21Z,132,11,4,2,1,1,1,1,1,1785500982
2026-07-31T12:30:21Z,134,5,0,14,4,0,1,1,1,1785500726
2026-07-31T12:30:21Z,135,5,3,13,1,0,1,1,1,1785500836
2026-07-31T12:30:21Z,136,6,0,8,2,7,1,1,1,1785500870
2026-07-31T12:30:21Z,137,6,2,13,0,0,1,1,1,1785500877
2026-07-31T12:30:21Z,138,32,0,5,0,0,1,1,1,1785500944
2026-07-31T12:30:21Z,139,5,2,14,0,0,1,1,1,1785500430
2026-07-31T12:30:21Z,140,2,2,20,1,0,1,1,1,1785501006
2026-07-31T12:30:21Z,141,24,0,12,0,0,1,1,1,1785501003
2026-07-31T12:30:21Z,142,15,0,8,0,0,1,1,1,1785500386
2026-07-31T12:30:21Z,143,4,0,27,0,0,1,1,1,1785501009
2026-07-31T12:30:21Z,144,14,0,13,0,0,1,1,1,1785500790
2026-07-31T12:30:21Z,146,3,0,19,1,0,1,1,1,1785499109
2026-07-31T12:30:21Z,147,13,1,4,2,0,1,1,1,1785500933
2026-07-31T12:30:21Z,148,20,2,5,1,1,1,1,1,1785500998
2026-07-31T12:30:21Z,149,16,3,11,0,0,1,1,1,1785500952
2026-07-31T12:30:21Z,150,18,6,14,3,0,1,1,1,1785500881
2026-07-31T12:30:21Z,151,10,3,13,0,0,1,1,1,1785500748
2026-07-31T12:30:21Z,152,13,1,10,4,0,1,1,1,1785500881
2026-07-31T12:30:21Z,153,2,0,23,6,0,1,1,1,1785500971
2026-07-31T12:30:21Z,154,14,4,6,3,0,1,1,1,1785500865
2026-07-31T12:30:21Z,155,9,4,4,1,0,1,1,1,1785500987
2026-07-31T12:30:21Z,156,2,0,17,0,0,1,1,1,1785500884
2026-07-31T12:30:21Z,157,6,0,19,2,0,1,1,1,1785500728
2026-07-31T12:30:21Z,158,10,2,6,0,0,1,1,1,1785500596
2026-07-31T12:30:21Z,159,0,0,19,0,0,1,1,1,1785497085
2026-07-31T12:30:21Z,160,8,0,11,0,0,1,1,1,1785500832
2026-07-31T12:30:21Z,161,17,2,5,0,0,1,1,1,1785500970
2026-07-31T12:30:21Z,162,15,1,11,1,0,1,1,1,1785500828
2026-07-31T12:30:21Z,163,16,0,14,0,1,1,1,1,1785500937
2026-07-31T12:30:21Z,164,23,4,4,0,0,1,1,1,1785500745
2026-07-31T12:30:21Z,165,21,12,9,1,0,1,1,1,1785500995
2026-07-31T12:30:21Z,166,25,8,11,3,0,1,1,1,1785501010
2026-07-31T12:30:21Z,167,8,6,14,1,0,1,1,1,1785500917
2026-07-31T12:30:21Z,168,23,3,1,3,0,1,1,1,1785500985
2026-07-31T12:30:21Z,169,0,0,21,1,1,1,1,1,1785500352
2026-07-31T12:30:21Z,170,12,3,5,2,0,1,1,1,1785500832
2026-07-31T12:30:21Z,171,7,2,4,2,0,1,1,1,1785500856
2026-07-31T12:30:21Z,173,33,1,6,0,0,1,1,1,1785500807
2026-07-31T12:30:21Z,174,14,0,10,2,0,1,1,1,1785500516
2026-07-31T12:30:21Z,175,10,0,21,0,0,1,1,1,1785500975
2026-07-31T12:30:21Z,176,3,1,10,1,1,1,1,1,1785500829
2026-07-31T12:30:21Z,177,7,1,20,0,0,1,1,1,1785500837
2026-07-31T12:30:21Z,178,2,0,10,2,1,1,1,1,1785501006
2026-07-31T12:30:21Z,179,4,0,10,1,0,1,1,1,1785500811
2026-07-31T12:30:21Z,180,9,1,21,0,0,1,1,1,1785500831
2026-07-31T12:30:21Z,181,15,1,0,0,0,1,1,1,1785500817
2026-07-31T12:30:21Z,182,4,0,13,0,0,1,1,1,1785500681
2026-07-31T12:30:21Z,183,9,0,13,1,0,1,1,1,1785500972
2026-07-31T12:30:21Z,184,12,1,10,1,0,1,1,1,1785500992
2026-07-31T12:30:21Z,185,9,0,3,2,1,1,1,1,1785500644
2026-07-31T12:30:21Z,186,2,1,17,0,0,1,1,1,1785500738
2026-07-31T12:30:21Z,187,10,0,17,1,0,1,1,1,1785500576
2026-07-31T12:30:21Z,188,5,0,14,7,1,1,1,1,1785500875
2026-07-31T12:30:21Z,189,6,0,8,1,0,1,1,1,1785500652
2026-07-31T12:30:21Z,190,10,4,13,0,0,1,1,1,1785500982
2026-07-31T12:30:21Z,191,8,1,31,0,0,1,1,1,1785500958
2026-07-31T12:30:21Z,192,8,1,20,3,0,1,1,1,1785500661
2026-07-31T12:30:21Z,193,4,2,10,1,0,1,1,1,1785500835
2026-07-31T12:30:21Z,194,14,2,12,1,0,1,1,1,1785500991
2026-07-31T12:30:21Z,195,10,2,9,0,0,1,1,1,1785500047
2026-07-31T12:30:21Z,196,6,1,20,1,0,1,1,1,1785500933
2026-07-31T12:30:21Z,197,18,8,0,0,1,1,1,1,1785500133
2026-07-31T12:30:21Z,198,16,15,7,0,0,1,1,1,1785501006
2026-07-31T12:30:21Z,199,8,4,6,1,0,1,1,1,1785500943
2026-07-31T12:30:21Z,200,15,2,10,1,0,1,1,1,1785500887
2026-07-31T12:30:21Z,201,19,2,4,0,0,1,1,1,1785500416
2026-07-31T12:30:21Z,202,2,1,25,0,0,1,1,1,1785498972
2026-07-31T12:30:21Z,203,26,2,4,1,0,1,1,1,1785500825
2026-07-31T12:30:21Z,204,17,0,17,1,0,1,1,1,1785500907
2026-07-31T12:30:21Z,205,11,1,16,0,0,1,1,1,1785501010
2026-07-31T12:30:21Z,206,2,1,13,0,0,1,1,1,1785500425
2026-07-31T12:30:21Z,207,7,0,14,0,0,1,1,1,1785500920
2026-07-31T12:30:21Z,208,16,2,13,0,0,1,1,1,1785500974
2026-07-31T12:30:21Z,209,3,0,26,2,0,1,1,1,1785500917
2026-07-31T12:30:21Z,210,17,1,10,0,0,1,1,1,1785500958
2026-07-31T12:30:21Z,211,5,4,16,2,0,1,1,1,1785500959
2026-07-31T12:30:21Z,212,28,1,6,1,0,1,1,1,1785500941
2026-07-31T12:30:21Z,213,4,0,17,2,0,1,1,1,1785500999
2026-07-31T12:30:21Z,214,39,0,5,3,0,1,1,1,1785500762
2026-07-31T12:30:21Z,215,3,2,19,1,0,1,1,1,1785500032
2026-07-31T12:30:21Z,216,5,0,13,1,0,1,1,1,1785500362
2026-07-31T12:30:21Z,217,8,0,20,1,0,1,1,1,1785500944
2026-07-31T12:30:21Z,218,21,5,17,1,0,1,1,1,1785501002
2026-07-31T12:30:21Z,219,15,1,9,2,0,1,1,1,1785500843
2026-07-31T12:30:21Z,220,20,4,22,0,1,1,1,1,1785500830
2026-07-31T12:30:21Z,221,3,3,11,1,0,1,1,1,1785500817
2026-07-31T12:30:21Z,222,10,10,9,0,0,1,1,1,1785500664
2026-07-31T12:30:21Z,223,15,1,16,4,0,1,1,1,1785501009
2026-07-31T12:30:21Z,224,9,4,13,0,0,1,1,1,1785500759
2026-07-31T12:30:21Z,225,12,1,1,6,0,1,1,1,1785498882
2026-07-31T12:30:21Z,226,29,9,1,1,0,1,1,1,1785500340
2026-07-31T12:30:21Z,227,18,12,7,1,1,1,1,1,1785500947
2026-07-31T12:30:21Z,228,1,0,17,1,0,1,1,1,1785500192
2026-07-31T12:30:21Z,230,13,6,13,0,0,1,1,1,1785500479
2026-07-31T12:30:21Z,232,8,4,8,1,0,1,1,1,1785501000
2026-07-31T12:30:21Z,233,16,2,13,2,0,1,1,1,1785500999
2026-07-31T12:30:21Z,234,7,3,7,3,2,1,1,1,1785500381
2026-07-31T12:30:21Z,236,6,1,13,0,0,1,1,1,1785500369
2026-07-31T12:30:21Z,237,13,4,8,2,0,1,1,1,1785500462
2026-07-31T12:30:21Z,239,21,16,3,3,0,1,1,1,1785500086
2026-07-31T12:30:21Z,241,13,4,9,1,0,1,1,1,1785500756
2026-07-31T12:30:21Z,242,10,4,11,2,0,1,1,1,1785500381
2026-07-31T12:30:21Z,243,9,3,21,1,0,1,1,1,1785500997
2026-07-31T12:30:21Z,244,14,3,12,1,0,1,1,1,1785500621
2026-07-31T12:30:21Z,245,4,4,19,0,0,1,1,1,1785498521
2026-07-31T12:30:21Z,246,19,2,4,0,0,1,1,1,1785499630
2026-07-31T12:30:21Z,247,9,9,13,1,0,1,1,1,1785501002
2026-07-31T12:30:21Z,248,15,3,6,2,0,1,1,1,1785500868
2026-07-31T12:30:21Z,249,2,0,16,1,0,1,1,1,1785500294
2026-07-31T12:30:21Z,250,21,6,6,0,0,1,1,1,1785499373
2026-07-31T12:30:21Z,251,12,5,13,2,0,1,1,1,1785500777
2026-07-31T12:30:21Z,253,7,3,12,0,0,1,1,1,1785500258
2026-07-31T12:30:21Z,254,17,17,25,1,0,1,1,1,1785500676
2026-07-31T12:30:21Z,255,1,0,21,0,1,1,1,1,1785500787
2026-07-31T12:30:21Z,256,5,5,16,2,0,1,1,1,1785500078
2026-07-31T12:30:21Z,257,6,5,13,0,0,1,1,1,1785500411
2026-07-31T12:30:21Z,258,14,0,5,0,0,1,1,1,1785500918
2026-07-31T12:30:21Z,259,19,2,2,1,1,1,1,1,1785500994
2026-07-31T12:30:21Z,260,8,2,8,3,0,1,1,1,1785500569
2026-07-31T12:30:21Z,261,11,0,7,0,1,1,1,1,1785500831
2026-07-31T12:30:21Z,262,10,7,12,1,0,1,1,1,1785500993
2026-07-31T12:30:21Z,263,8,0,7,0,0,1,1,1,1785500977
2026-07-31T12:30:21Z,264,7,2,9,3,0,1,1,1,1785500004
2026-07-31T12:30:21Z,265,10,0,5,0,0,1,1,1,1785499937
2026-07-31T12:30:21Z,266,11,8,6,2,0,1,1,1,1785500942
2026-07-31T12:30:21Z,267,6,3,7,2,0,1,1,1,1785500369
2026-07-31T12:30:21Z,268,22,9,1,0,0,1,1,1,1785500419
2026-07-31T12:30:21Z,269,6,2,17,0,0,1,1,1,1785500691
2026-07-31T12:30:21Z,270,22,2,5,0,0,1,1,1,1785500635
2026-07-31T12:30:21Z,271,5,0,12,2,0,1,1,1,1785500412
2026-07-31T12:30:21Z,272,9,9,13,1,0,1,1,1,1785500074
2026-07-31T12:30:21Z,273,8,3,7,0,0,1,1,1,1785499498
2026-07-31T12:30:21Z,274,12,6,6,1,0,1,1,1,1785500701
2026-07-31T12:30:21Z,275,15,0,8,0,0,1,1,1,1785500978
2026-07-31T12:30:21Z,276,3,3,24,0,0,1,1,1,1785500563
2026-07-31T12:30:21Z,277,14,1,4,5,0,1,1,1,1785500745
2026-07-31T12:30:21Z,278,7,0,21,2,1,1,1,1,1785500845
2026-07-31T12:30:21Z,279,15,2,4,0,0,1,1,1,1785500930
2026-07-31T12:30:21Z,280,10,2,18,3,0,1,1,1,1785500790
2026-07-31T12:30:21Z,281,17,0,2,0,0,1,1,1,1785500916
2026-07-31T12:30:21Z,282,6,2,12,0,0,1,1,1,1785500800
2026-07-31T12:30:21Z,283,26,0,9,0,0,1,1,1,1785500907
2026-07-31T12:30:21Z,284,11,0,22,2,0,1,1,1,1785500518
2026-07-31T12:30:21Z,285,8,7,15,0,0,1,1,1,1785500895
2026-07-31T12:30:21Z,286,12,10,7,4,0,1,1,1,1785500641
2026-07-31T12:30:21Z,287,17,5,4,2,0,1,1,1,1785500213
2026-07-31T12:30:21Z,288,9,7,10,0,0,1,1,1,1785500933
2026-07-31T12:30:21Z,289,17,2,7,3,0,1,1,1,1785500948
2026-07-31T12:30:21Z,290,5,0,33,1,0,1,1,1,1785500982
2026-07-31T12:30:21Z,291,6,1,16,1,0,1,1,1,1785500909
2026-07-31T12:30:21Z,292,19,1,4,0,0,1,1,1,1785500918
2026-07-31T12:30:21Z,293,14,10,9,0,0,1,1,1,1785499315
2026-07-31T12:30:21Z,294,4,3,17,1,0,1,1,1,1785500962
2026-07-31T12:30:21Z,297,15,2,1,2,1,1,1,1,1785500815
2026-07-31T12:30:21Z,301,14,1,5,0,0,1,1,1,1785500439
2026-07-31T12:30:21Z,302,6,0,17,0,0,1,1,1,1785500250
2026-07-31T12:30:21Z,303,11,0,8,0,0,1,1,1,1785500974
2026-07-31T12:30:21Z,304,0,0,0,0,0,0,1,1,86400
2026-07-31T12:30:21Z,305,1,0,17,1,0,1,1,1,1785501007
2026-07-31T12:30:21Z,306,6,2,26,0,0,1,1,1,1785499378
2026-07-31T12:30:21Z,307,20,0,1,1,1,1,1,1,1785500904
2026-07-31T12:30:21Z,308,16,0,1,2,0,1,1,1,1785500881
2026-07-31T12:30:21Z,309,11,2,3,0,0,1,1,1,1785500331
2026-07-31T12:30:21Z,311,12,0,3,0,0,1,1,1,1785499096
2026-07-31T12:30:21Z,312,3,2,16,4,0,1,1,1,1785500913
2026-07-31T12:30:21Z,313,0,0,15,0,0,1,1,1,1785500768
2026-07-31T12:30:21Z,314,5,3,10,3,0,1,1,1,1785499801
2026-07-31T12:30:21Z,315,18,4,11,2,0,1,1,1,1785500563
2026-07-31T12:30:21Z,316,0,0,24,6,1,1,1,1,1785500897
2026-07-31T12:30:21Z,317,21,3,9,0,1,1,1,1,1785500798
2026-07-31T12:30:21Z,318,16,0,3,0,0,1,1,1,1785500380
2026-07-31T12:30:21Z,319,16,2,5,2,0,1,1,1,1785500077
2026-07-31T12:30:21Z,320,13,4,5,1,0,1,1,1,1785500810
2026-07-31T12:30:21Z,321,9,2,6,4,0,1,1,1,1785500704
2026-07-31T12:30:21Z,322,5,2,24,0,0,1,1,1,1785500808
2026-07-31T12:30:21Z,323,11,0,8,0,0,1,1,1,1785500694
2026-07-31T12:30:21Z,324,21,1,4,2,0,1,1,1,1785501004
2026-07-31T12:30:21Z,325,8,4,17,2,0,1,1,1,1785499930
2026-07-31T12:30:21Z,327,22,0,4,1,0,1,1,1,1785500873
2026-07-31T12:30:21Z,328,11,0,10,1,0,1,1,1,1785499599
2026-07-31T12:30:21Z,329,17,0,0,2,0,1,1,1,1785501003
2026-07-31T12:30:21Z,330,2,0,19,1,0,1,1,1,1785500266
2026-07-31T12:30:21Z,331,12,2,10,1,0,1,1,1,1785500909
2026-07-31T12:30:21Z,332,9,1,8,2,0,1,1,1,1785500834
2026-07-31T12:30:21Z,333,13,1,9,1,0,1,1,1,1785500974
2026-07-31T12:30:21Z,334,7,7,16,0,0,1,1,1,1785500661
2026-07-31T12:30:21Z,335,4,2,18,0,1,1,1,1,1785499796
2026-07-31T12:30:21Z,336,15,2,4,0,0,1,1,1,1785500792
2026-07-31T12:30:21Z,337,13,3,5,5,0,1,1,1,1785500771
2026-07-31T12:30:21Z,338,11,4,7,1,0,1,1,1,1785500825
2026-07-31T12:30:21Z,339,13,7,9,1,0,1,1,1,1785500826
2026-07-31T12:30:21Z,340,9,9,5,1,0,1,1,1,1785500948
2026-07-31T12:30:21Z,341,0,0,19,0,0,1,1,1,1785500249
2026-07-31T12:30:21Z,342,13,5,0,2,0,1,1,1,1785500433
2026-07-31T12:30:21Z,343,18,1,4,1,0,1,1,1,1785499720
2026-07-31T12:30:21Z,344,20,9,3,0,0,1,1,1,1785499871
2026-07-31T12:30:21Z,345,12,2,7,0,0,1,1,1,1785500743
2026-07-31T12:30:21Z,346,10,5,13,0,0,1,1,1,1785500440
2026-07-31T12:30:21Z,347,40,3,3,1,0,1,1,1,1785500907
2026-07-31T12:30:21Z,348,20,2,1,1,1,1,1,1,1785500706
2026-07-31T12:30:21Z,349,11,2,7,1,0,1,1,1,1785500799
2026-07-31T12:30:21Z,350,15,3,10,1,1,1,1,1,1785500918
2026-07-31T12:30:21Z,351,14,3,5,4,0,1,1,1,1785500701
2026-07-31T12:30:21Z,355,17,0,6,0,0,1,1,1,1785500030
2026-07-31T12:30:21Z,356,16,1,2,1,0,1,1,1,1785500703
2026-07-31T12:30:21Z,357,6,3,13,0,0,1,1,1,1785500996
2026-07-31T12:30:21Z,358,16,4,10,1,0,1,1,1,1785500475
2026-07-31T12:30:21Z,359,13,0,14,0,0,1,1,1,1785500458
2026-07-31T12:30:21Z,360,13,2,4,2,0,1,1,1,1785500292
2026-07-31T12:30:21Z,362,10,3,6,3,0,1,1,1,1785500840
2026-07-31T12:30:21Z,363,6,0,21,0,0,1,1,1,1785500754
2026-07-31T12:30:21Z,364,18,4,1,0,0,1,1,1,1785500592
2026-07-31T12:30:21Z,365,10,0,9,4,0,1,1,1,1785499693
2026-07-31T12:30:21Z,366,1,0,16,6,0,1,1,1,1785500817
2026-07-31T12:30:21Z,367,14,9,4,1,0,1,1,1,1785497713
2026-07-31T12:30:21Z,368,17,4,4,2,0,1,1,1,1785500237
2026-07-31T12:30:21Z,370,6,5,21,0,0,1,1,1,1785500820
2026-07-31T12:30:21Z,371,2,0,16,1,0,1,1,1,1785500254
2026-07-31T12:30:21Z,372,5,0,10,0,0,1,1,1,1785500687
2026-07-31T12:30:21Z,373,25,8,1,1,0,1,1,1,1785500072
2026-07-31T12:30:21Z,374,12,5,4,3,0,1,1,1,1785500745
2026-07-31T12:30:21Z,375,16,5,7,4,0,1,1,1,1785499947
2026-07-31T12:30:21Z,376,25,7,10,4,0,1,1,1,1785500934
2026-07-31T12:30:21Z,377,18,7,8,1,0,1,1,1,1785500471
2026-07-31T12:30:21Z,378,14,3,8,1,1,1,1,1,1785500974
2026-07-31T12:30:21Z,379,14,1,13,0,0,1,1,1,1785500043
2026-07-31T12:30:21Z,380,15,5,7,1,0,1,1,1,1785500351
2026-07-31T12:30:21Z,381,1,0,22,0,0,1,1,1,1785500289
2026-07-31T12:30:21Z,383,2,0,12,1,0,1,1,1,1785500965
2026-07-31T12:30:21Z,384,20,0,5,2,0,1,1,1,1785499574
2026-07-31T12:30:21Z,385,13,5,4,1,0,1,1,1,1785500909
2026-07-31T12:30:21Z,387,20,2,3,0,0,1,1,1,1785496960
2026-07-31T12:30:21Z,388,30,3,18,1,0,1,1,1,1785500955
2026-07-31T12:30:21Z,389,8,6,7,0,0,1,1,1,1785499055
2026-07-31T12:30:21Z,390,16,0,19,0,0,1,1,1,1785500986
2026-07-31T12:30:21Z,391,2,1,12,1,0,1,1,1,1785499889
2026-07-31T12:30:21Z,392,2,2,16,1,0,1,1,1,1785500958
2026-07-31T12:30:21Z,393,3,3,5,3,0,1,1,1,1785487292
2026-07-31T12:30:21Z,394,5,4,6,2,0,1,1,1,1785500017
2026-07-31T12:30:21Z,396,20,7,19,3,0,1,1,1,1785500854
2026-07-31T12:30:21Z,397,12,6,19,0,0,1,1,1,1785500736
2026-07-31T12:30:21Z,399,8,0,7,2,0,1,1,1,1785500749
2026-07-31T12:30:21Z,400,12,7,8,3,0,1,1,1,1785500180
2026-07-31T12:30:21Z,401,0,0,31,8,0,1,1,1,1785500791
2026-07-31T12:30:21Z,403,19,1,8,4,0,1,1,1,1785500870
2026-07-31T12:30:21Z,404,1,1,22,0,0,1,1,1,1785500952
2026-07-31T12:30:21Z,406,2,1,32,1,0,1,1,1,1785500501
2026-07-31T12:30:21Z,407,18,3,15,1,0,1,1,1,1785499747
2026-07-31T12:30:21Z,408,15,3,16,2,0,1,1,1,1785499687
2026-07-31T12:30:21Z,409,2,0,18,3,0,1,1,1,1785498301
2026-07-31T12:30:21Z,413,18,4,4,1,0,1,1,1,1785500000
2026-07-31T12:30:21Z,414,5,2,9,1,0,1,1,1,1785500581
2026-07-31T12:30:21Z,417,4,3,14,1,0,1,1,1,1785500610
2026-07-31T12:30:21Z,418,13,0,2,0,0,1,1,1,1785500816
2026-07-31T12:30:21Z,419,11,0,11,1,0,1,1,1,1785500476
2026-07-31T12:30:21Z,421,2,0,17,0,0,1,1,1,1785500674
2026-07-31T12:30:21Z,422,4,4,22,1,0,1,1,1,1785500110
2026-07-31T12:30:21Z,423,2,2,21,0,0,1,1,1,1785500357
2026-07-31T12:30:21Z,424,3,1,9,3,0,1,1,1,1785501003
2026-07-31T12:30:21Z,425,16,0,5,0,1,1,1,1,1785500631
2026-07-31T12:30:21Z,426,7,1,26,4,0,1,1,1,1785500831
2026-07-31T12:30:21Z,427,9,1,5,1,0,1,1,1,1785500939
2026-07-31T12:30:21Z,428,17,2,1,1,0,1,1,1,1785500869
2026-07-31T12:30:21Z,429,3,2,18,2,0,1,1,1,1785500697
2026-07-31T12:30:21Z,430,28,1,0,3,0,1,1,1,1785498350
2026-07-31T12:30:21Z,431,16,0,16,1,0,1,1,1,1785500099
2026-07-31T12:30:21Z,432,15,0,14,2,0,0,1,1,1785500993
2026-07-31T12:30:21Z,433,17,5,4,2,0,1,1,1,1785500391
2026-07-31T12:30:21Z,437,4,4,14,1,0,1,1,1,1785501001
2026-07-31T12:30:21Z,438,17,1,1,1,0,1,1,1,1785500899
2026-07-31T12:30:21Z,439,1,0,13,1,0,1,1,1,1785500881
2026-07-31T12:30:21Z,440,13,2,0,2,0,1,1,1,1785500571
2026-07-31T12:30:21Z,441,11,2,3,1,0,1,1,1,1785500209
2026-07-31T12:30:21Z,442,18,10,0,1,0,1,1,1,1785498676
2026-07-31T12:30:21Z,443,4,2,23,0,0,1,1,1,1785485488
2026-07-31T12:30:21Z,444,3,2,20,0,0,1,1,1,1785499224
2026-07-31T12:30:21Z,445,7,2,15,1,0,1,1,1,1785500808
2026-07-31T12:30:21Z,446,1,1,21,1,0,1,1,1,1785500858
2026-07-31T12:30:21Z,447,3,0,18,1,1,1,1,1,1785496389
2026-07-31T12:30:21Z,448,8,3,6,1,0,1,1,1,1785499469
2026-07-31T12:30:21Z,452,8,4,10,1,0,1,1,1,1785500965
2026-07-31T12:30:21Z,453,6,5,8,1,0,1,1,1,1785500372
2026-07-31T12:30:21Z,454,8,0,11,0,0,1,1,1,1785500792
2026-07-31T12:30:21Z,455,3,2,35,1,0,1,1,1,1785500489
2026-07-31T12:30:21Z,456,5,0,14,1,0,1,1,1,1785500738
2026-07-31T12:30:21Z,457,24,2,1,2,0,1,1,1,1785497302
2026-07-31T12:30:21Z,458,12,4,11,0,0,1,1,1,1785499509
2026-07-31T12:30:21Z,459,12,0,3,0,0,1,1,1,1785500736
2026-07-31T12:30:21Z,460,13,0,9,1,0,1,1,1,1785500822
2026-07-31T12:30:21Z,461,8,2,11,0,0,1,1,1,1785500553
2026-07-31T12:30:21Z,462,18,2,3,0,0,1,1,1,1785500744
2026-07-31T12:30:21Z,463,9,0,10,0,0,1,1,1,1785499420
2026-07-31T12:30:21Z,464,0,0,14,0,0,1,1,1,1785499858
2026-07-31T12:30:21Z,465,1,0,13,1,0,1,1,1,1785499838
2026-07-31T12:30:21Z,466,11,3,2,2,0,1,1,1,1785500010
2026-07-31T12:30:21Z,467,2,1,17,0,0,1,1,1,1785500498
2026-07-31T12:30:21Z,468,17,1,1,1,0,1,1,1,1785485789
2026-07-31T12:30:21Z,469,1,0,22,0,0,1,1,1,1785500255
2026-07-31T12:30:21Z,470,9,2,5,1,0,1,1,1,1785500918
2026-07-31T12:30:21Z,471,24,2,3,0,0,1,1,1,1785500523
2026-07-31T12:30:21Z,472,9,3,9,1,0,1,1,1,1785500863
2026-07-31T12:30:21Z,473,17,3,1,1,0,1,1,1,1785500079
2026-07-31T12:30:21Z,474,13,0,5,1,0,1,1,1,1785499707
2026-07-31T12:30:21Z,475,8,3,11,0,0,1,1,1,1785499966
2026-07-31T12:30:21Z,477,3,2,10,2,0,1,1,1,1785500592
2026-07-31T12:30:21Z,478,10,0,20,1,0,1,1,1,1785500820
2026-07-31T12:30:21Z,479,4,0,22,1,0,1,1,1,1785500950
2026-07-31T12:30:21Z,480,3,0,10,2,0,1,1,1,1785500641
2026-07-31T12:30:21Z,481,23,1,11,1,0,1,1,1,1785501000
2026-07-31T12:30:21Z,482,12,6,7,0,0,1,1,1,1785500414
2026-07-31T12:30:21Z,483,4,0,21,2,0,1,1,1,1785500873
2026-07-31T12:30:21Z,484,1,1,17,1,0,1,1,1,1785500970
2026-07-31T12:30:21Z,485,14,6,3,1,1,1,1,1,1785500917
2026-07-31T12:30:21Z,486,5,3,19,3,0,1,1,1,1785500917
2026-07-31T12:30:21Z,487,0,0,18,1,0,1,1,1,1785499667
2026-07-31T12:30:21Z,489,2,2,13,0,0,1,1,1,1785500768
2026-07-31T12:30:21Z,490,3,2,13,0,0,1,1,1,1785500417
2026-07-31T12:30:21Z,491,3,0,17,1,0,1,1,1,1785500867
2026-07-31T12:30:21Z,492,2,2,5,4,0,1,1,1,1785501007
2026-07-31T12:30:21Z,493,3,1,23,1,0,1,1,1,1785500083
2026-07-31T12:30:21Z,495,8,0,4,3,0,1,1,1,1785500279
2026-07-31T12:30:21Z,496,21,1,6,0,0,1,1,1,1785500570
2026-07-31T12:30:21Z,497,8,0,10,1,0,1,1,1,1785499607
2026-07-31T12:30:21Z,498,15,1,8,0,0,1,1,1,1785500338
2026-07-31T12:30:21Z,499,16,0,2,1,0,1,1,1,1785498891
2026-07-31T12:30:21Z,500,3,1,5,7,0,1,1,1,1785499947
2026-07-31T12:30:21Z,501,14,7,7,0,0,1,1,1,1785500573
2026-07-31T12:30:21Z,502,8,0,11,0,0,1,1,1,1785500991
2026-07-31T12:30:21Z,503,17,0,13,1,0,1,1,1,1785500891
2026-07-31T12:30:21Z,504,12,2,27,0,0,1,1,1,1785501009
2026-07-31T12:30:21Z,505,3,0,8,1,0,1,1,1,1785500832
2026-07-31T12:30:21Z,511,6,2,17,0,0,1,1,1,1785500740
2026-07-31T12:30:21Z,512,19,0,8,0,0,1,1,1,1785500453
2026-07-31T12:30:21Z,514,4,0,6,1,0,1,1,1,1785500878
2026-07-31T12:30:21Z,515,0,0,18,1,0,1,1,1,1785500561
2026-07-31T12:30:21Z,516,9,1,18,0,0,1,1,1,1785500339
2026-07-31T12:30:21Z,517,10,1,12,1,0,1,1,1,1785500843
2026-07-31T12:30:21Z,518,13,0,1,1,0,1,1,1,1785499590
2026-07-31T12:30:21Z,519,2,0,15,2,0,1,1,1,1785497842
2026-07-31T12:30:21Z,520,9,4,12,5,1,1,1,1,1785501007
2026-07-31T12:30:21Z,521,17,4,6,0,0,1,1,1,1785500836
2026-07-31T12:30:21Z,522,0,0,22,1,0,1,1,1,1785500914
2026-07-31T12:30:21Z,523,4,3,18,1,0,1,1,1,1785500494
2026-07-31T12:30:21Z,524,1,0,22,0,0,1,1,1,1785500334
2026-07-31T12:30:21Z,525,5,0,14,0,0,1,1,1,1785501007
2026-07-31T12:30:21Z,526,13,1,0,2,0,1,1,1,1785486390
2026-07-31T12:30:21Z,527,6,3,17,3,0,1,1,1,1785500948
2026-07-31T12:30:21Z,528,20,1,2,1,0,1,1,1,1785500223
2026-07-31T12:30:21Z,529,7,3,6,6,0,1,1,1,1785501009
2026-07-31T12:30:21Z,530,8,0,12,1,0,1,1,1,1785500624
2026-07-31T12:30:21Z,531,12,0,9,1,1,1,1,1,1785500411
2026-07-31T12:30:21Z,532,9,4,21,1,0,1,1,1,1785500918
2026-07-31T12:30:21Z,533,3,0,15,1,0,1,1,1,1785499531
2026-07-31T12:30:21Z,534,6,1,16,1,0,1,1,1,1785501000
2026-07-31T12:30:21Z,535,2,0,13,0,0,1,1,1,1785500722
2026-07-31T12:30:21Z,536,20,0,3,0,0,1,1,1,1785500737
2026-07-31T12:30:21Z,537,7,1,13,0,0,1,1,1,1785501009
2026-07-31T12:30:21Z,538,11,2,10,0,2,1,1,1,1785500865
2026-07-31T12:30:21Z,539,5,5,26,0,0,1,1,1,1785498487
2026-07-31T12:30:21Z,540,1,1,18,0,0,1,1,1,1785500753
2026-07-31T12:30:21Z,541,12,0,14,1,0,1,1,1,1785500811
2026-07-31T12:30:21Z,542,21,6,1,1,0,1,1,1,1785500831
2026-07-31T12:30:21Z,543,14,3,4,1,0,1,1,1,1785500925
2026-07-31T12:30:21Z,544,2,1,16,4,0,1,1,1,1785501004
2026-07-31T12:30:21Z,545,0,0,17,2,0,1,1,1,1785500984
2026-07-31T12:30:21Z,546,7,6,12,0,0,1,1,1,1785500951
2026-07-31T12:30:21Z,547,18,1,7,0,0,1,1,1,1785501008
2026-07-31T12:30:21Z,548,14,1,9,0,0,1,1,1,1785501002
2026-07-31T12:30:21Z,549,17,0,6,0,0,1,1,1,1785500936
2026-07-31T12:30:21Z,550,4,0,15,0,0,1,1,1,1785500114
2026-07-31T12:30:21Z,551,11,4,12,0,0,1,1,1,1785498819
2026-07-31T12:30:21Z,552,23,0,4,0,0,1,1,1,1785500999
2026-07-31T12:30:21Z,553,10,3,12,0,1,1,1,1,1785500997
2026-07-31T12:30:21Z,554,3,1,16,0,0,1,1,1,1785500877
2026-07-31T12:30:21Z,555,13,5,1,1,0,1,1,1,1785499646
2026-07-31T12:30:21Z,556,18,4,3,2,0,1,1,1,1785500747
2026-07-31T12:30:21Z,557,10,5,9,4,0,1,1,1,1785500362
2026-07-31T12:30:21Z,558,24,3,13,0,0,1,1,1,1785500954
2026-07-31T12:30:21Z,559,2,1,15,2,0,1,1,1,1785500184
2026-07-31T12:30:21Z,560,9,0,17,1,0,1,1,1,1785501002
2026-07-31T12:30:21Z,561,13,0,9,1,0,1,1,1,1785499311
2026-07-31T12:30:21Z,562,3,0,29,3,0,1,1,1,1785486691
2026-07-31T12:30:21Z,563,8,0,6,0,0,1,1,1,1785499160
2026-07-31T12:30:21Z,564,7,0,11,1,0,1,1,1,1785500251
2026-07-31T12:30:21Z,565,2,1,17,0,0,1,1,1,1785500951
2026-07-31T12:30:21Z,566,15,0,3,1,0,1,1,1,1785500991
2026-07-31T12:30:21Z,567,4,1,22,1,0,1,1,1,1785500716
2026-07-31T12:30:21Z,568,18,0,0,1,0,1,1,1,1785500733
2026-07-31T12:30:21Z,569,15,2,4,0,0,1,1,1,1785499264
2026-07-31T12:30:21Z,570,4,0,14,1,0,1,1,1,1785501001
2026-07-31T12:30:21Z,571,12,0,11,0,0,1,1,1,1785500348
2026-07-31T12:30:21Z,572,9,4,9,1,0,1,1,1,1785500856
2026-07-31T12:30:21Z,573,5,0,10,0,0,1,1,1,1785500681
2026-07-31T12:30:21Z,574,4,0,11,0,0,1,1,1,1785500982
2026-07-31T12:30:21Z,575,6,1,14,1,0,1,1,1,1785500629
2026-07-31T12:30:21Z,576,4,1,13,2,0,1,1,1,1785499681
2026-07-31T12:30:21Z,577,15,0,16,0,0,1,1,1,1785500983
2026-07-31T12:30:21Z,578,9,9,13,1,0,1,1,1,1785500551
2026-07-31T12:30:21Z,579,10,1,33,0,0,1,1,1,1785500973
2026-07-31T12:30:21Z,580,0,0,29,0,0,1,1,1,1785498895
2026-07-31T12:30:21Z,581,7,0,12,0,0,1,1,1,1785500736
2026-07-31T12:30:21Z,582,16,1,43,2,0,1,1,1,1785501004
2026-07-31T12:30:21Z,583,20,0,3,0,0,1,1,1,1785499975
2026-07-31T12:30:21Z,584,5,4,9,5,0,1,1,1,1785499323
2026-07-31T12:30:21Z,585,6,2,20,0,1,1,1,1,1785500846
2026-07-31T12:30:21Z,586,7,0,28,0,0,1,1,1,1785500946
2026-07-31T12:30:21Z,587,7,0,16,1,0,1,1,1,1785500615
2026-07-31T12:30:21Z,588,9,4,7,2,1,1,1,1,1785500832
2026-07-31T12:30:21Z,589,8,6,13,1,0,1,1,1,1785500859
2026-07-31T12:30:21Z,590,15,1,15,1,0,1,1,1,1785500758
2026-07-31T12:30:21Z,591,10,0,18,2,0,1,1,1,1785500926
2026-07-31T12:30:21Z,592,13,0,10,0,0,1,1,1,1785500651
2026-07-31T12:30:21Z,593,5,0,33,0,0,1,1,1,1785500943
2026-07-31T12:30:21Z,594,6,1,13,2,0,1,1,1,1785500859
2026-07-31T12:30:21Z,595,0,0,3,0,0,0,1,1,1784046673
2026-07-31T12:30:21Z,605,0,0,2,1,0,0,1,1,1783975843
2026-07-31T12:30:21Z,606,0,0,0,0,0,0,1,1,86400
2026-07-31T12:30:21Z,607,21,3,9,2,0,1,1,1,1785501010
2026-07-31T12:30:21Z,608,9,3,41,0,0,1,1,1,1785500211
2026-07-31T12:30:21Z,609,18,12,5,0,0,1,1,1,1785500923
2026-07-31T12:30:21Z,610,6,4,29,0,0,1,1,1,1785500364
2026-07-31T12:30:21Z,611,1,1,25,1,0,1,1,1,1785500494
2026-07-31T12:30:21Z,612,7,1,8,0,0,1,1,1,1785498548
2026-07-31T12:30:21Z,613,8,0,3,4,0,1,1,1,1785500139
2026-07-31T12:30:21Z,614,4,2,20,2,1,1,1,1,1785499517
2026-07-31T12:30:21Z,617,7,0,6,2,0,1,1,1,1785501000
2026-07-31T12:30:21Z,618,10,1,5,4,0,1,1,1,1785499307
2026-07-31T12:30:21Z,619,5,3,14,0,0,1,1,1,1785500978
2026-07-31T12:30:21Z,620,8,1,19,0,0,1,1,1,1785501004
2026-07-31T12:30:21Z,621,16,11,6,1,0,1,1,1,1785500918
2026-07-31T12:30:21Z,622,11,3,11,1,0,1,1,1,1785501010
2026-07-31T12:30:21Z,623,9,4,20,1,0,1,1,1,1785500890
2026-07-31T12:30:21Z,624,0,0,15,0,0,1,1,1,1785499735
2026-07-31T12:30:21Z,625,4,0,15,2,0,1,1,1,1785500442
2026-07-31T12:30:21Z,626,12,0,33,0,2,1,1,1,1785500274
2026-07-31T12:30:21Z,627,14,6,5,0,0,1,1,1,1785500712
2026-07-31T12:30:21Z,628,1,1,15,2,1,1,1,1,1785501003
2026-07-31T12:30:21Z,629,4,1,6,1,0,1,1,1,1785500768
2026-07-31T12:30:21Z,630,3,2,21,3,0,1,1,1,1785500911
2026-07-31T12:30:21Z,631,10,4,13,0,0,1,1,1,1785500884
2026-07-31T12:30:21Z,632,20,0,1,2,0,1,1,1,1785492884
2026-07-31T12:30:21Z,633,12,1,0,3,0,1,1,1,1785500942
2026-07-31T12:30:21Z,634,10,2,9,0,0,1,1,1,1785498289
2026-07-31T12:30:21Z,635,15,1,4,0,0,1,1,1,1785497505
2026-07-31T12:30:21Z,636,10,2,5,0,0,1,1,1,1785488201
2026-07-31T12:30:21Z,637,9,2,9,1,0,1,1,1,1785500453
2026-07-31T12:30:21Z,638,6,1,11,2,0,1,1,1,1785500681
2026-07-31T12:30:21Z,639,6,1,11,2,0,1,1,1,1785500168
2026-07-31T12:30:21Z,640,8,5,14,1,0,1,1,1,1785500913
2026-07-31T12:30:21Z,641,12,0,12,2,0,1,1,1,1785500688
2026-07-31T12:30:21Z,642,3,3,8,8,0,1,1,1,1785501009
2026-07-31T12:30:21Z,643,7,1,13,7,0,1,1,1,1785501008
2026-07-31T12:30:21Z,644,11,0,3,1,0,1,1,1,1785499858
2026-07-31T12:30:21Z,645,11,0,10,1,1,1,1,1,1785499783
2026-07-31T12:30:21Z,646,7,2,12,0,0,1,1,1,1785500786
2026-07-31T12:30:21Z,647,26,2,5,0,0,1,1,1,1785500625
2026-07-31T12:30:21Z,648,5,0,13,1,0,1,1,1,1785500139
2026-07-31T12:30:21Z,649,19,1,11,1,0,1,1,1,1785500940
2026-07-31T12:30:21Z,650,5,1,9,0,0,1,1,1,1785488201
2026-07-31T12:30:21Z,651,7,7,16,0,0,1,1,1,1785496786
2026-07-31T12:30:21Z,652,2,2,19,2,0,1,1,1,1785500896
2026-07-31T12:30:21Z,653,6,1,13,0,0,1,1,1,1785500831
2026-07-31T12:30:21Z,654,0,0,15,0,0,1,1,1,1785500764
2026-07-31T12:30:21Z,655,7,3,1,4,1,1,1,1,1785500864
2026-07-31T12:30:21Z,656,12,6,7,0,0,1,1,1,1785500935
2026-07-31T12:30:21Z,657,10,2,3,2,2,1,1,1,1785500871
2026-07-31T12:30:21Z,658,9,1,1,0,0,1,1,1,1785473427
2026-07-31T12:30:21Z,659,7,3,6,2,0,1,1,1,1785500179
2026-07-31T12:30:21Z,660,13,2,14,4,0,1,1,1,1785500822
2026-07-31T12:30:21Z,661,5,2,14,0,0,1,1,1,1785500933
2026-07-31T12:30:21Z,662,4,3,16,3,0,1,1,1,1785500707
2026-07-31T12:30:21Z,663,10,5,4,1,0,1,1,1,1785500391
2026-07-31T12:30:21Z,664,5,0,22,0,0,1,1,1,1785500998
2026-07-31T12:30:21Z,665,13,4,2,0,0,1,1,1,1785500164
2026-07-31T12:30:21Z,666,8,2,5,2,0,1,1,1,1785495733
2026-07-31T12:30:21Z,667,0,0,19,0,0,1,1,1,1785486991
2026-07-31T12:30:21Z,668,9,0,10,0,0,1,1,1,1785500729
2026-07-31T12:30:21Z,669,13,5,1,0,0,1,1,1,1785500436
2026-07-31T12:30:21Z,670,10,1,17,0,0,1,1,1,1785500685
2026-07-31T12:30:21Z,671,6,4,20,1,0,1,1,1,1785500928
2026-07-31T12:30:21Z,672,11,2,8,3,1,1,1,1,1785500637
2026-07-31T12:30:21Z,673,21,2,1,1,0,1,1,1,1785500858
2026-07-31T12:30:21Z,674,8,1,12,3,0,1,1,1,1785500922
2026-07-31T12:30:21Z,675,11,5,2,2,0,1,1,1,1785500700
2026-07-31T12:30:21Z,676,9,0,12,1,0,1,1,1,1785500658
2026-07-31T12:30:21Z,681,11,3,1,3,0,1,1,1,1785500812
2026-07-31T12:30:21Z,682,4,1,14,1,0,1,1,1,1785486991
2026-07-31T12:30:21Z,683,3,1,16,0,0,1,1,1,1785499114
2026-07-31T12:30:21Z,684,2,0,25,0,0,1,1,1,1785498876
2026-07-31T12:30:21Z,685,8,0,17,1,1,1,1,1,1785498843
2026-07-31T12:30:21Z,686,9,0,15,3,0,1,1,1,1785500888
2026-07-31T12:30:21Z,687,11,0,18,1,1,1,1,1,1785500901
2026-07-31T12:30:21Z,688,10,0,2,7,0,1,1,1,1785500975
2026-07-31T12:30:21Z,692,4,3,17,0,0,1,1,1,1785500622
2026-07-31T12:30:21Z,693,6,0,2,3,0,1,1,1,1785499854
2026-07-31T12:30:21Z,694,8,6,13,0,0,1,1,1,1785500679
2026-07-31T12:30:21Z,695,11,7,12,0,0,1,1,1,1785500866
2026-07-31T12:30:21Z,696,17,13,4,2,0,1,1,1,1785499869
2026-07-31T12:30:21Z,697,12,0,11,0,0,1,1,1,1785500231
2026-07-31T12:30:21Z,698,15,0,12,0,0,1,1,1,1785500901
2026-07-31T12:30:21Z,699,8,0,6,1,0,1,1,1,1785500255
2026-07-31T12:30:21Z,700,18,4,1,0,0,1,1,1,1785500320
2026-07-31T12:30:21Z,701,15,6,4,0,0,1,1,1,1785499748
2026-07-31T12:30:21Z,702,16,1,5,2,0,1,1,1,1785500796
2026-07-31T12:30:21Z,704,6,1,9,0,0,1,1,1,1785500949
2026-07-31T12:30:21Z,705,3,1,10,2,0,1,1,1,1785500855
2026-07-31T12:30:21Z,706,12,2,0,3,0,1,1,1,1785499705
2026-07-31T12:30:21Z,707,8,1,7,0,0,1,1,1,1785500326
2026-07-31T12:30:21Z,708,16,2,3,0,0,1,1,1,1785500651
2026-07-31T12:30:21Z,709,9,0,3,3,0,1,1,1,1785500376
2026-07-31T12:30:21Z,710,16,4,2,1,0,1,1,1,1785500880
2026-07-31T12:30:21Z,711,18,3,1,4,0,1,1,1,1785500094
2026-07-31T12:30:21Z,712,8,6,7,0,0,1,1,1,1785500989
2026-07-31T12:30:21Z,713,5,0,18,0,0,1,1,1,1785500832
2026-07-31T12:30:21Z,716,3,2,12,0,0,1,1,1,1785500061
2026-07-31T12:30:21Z,717,4,2,18,3,0,1,1,1,1785500638
2026-07-31T12:30:21Z,718,6,1,8,1,0,1,1,1,1785499876
2026-07-31T12:30:21Z,719,10,3,19,0,0,1,1,1,1785500032
2026-07-31T12:30:21Z,720,1,0,18,0,0,1,1,1,1785500349
2026-07-31T12:30:21Z,721,0,0,21,2,0,1,1,1,1785500014
2026-07-31T12:30:21Z,722,5,0,10,0,0,1,1,1,1785500108
2026-07-31T12:30:21Z,723,12,1,11,0,0,1,1,1,1785500210
2026-07-31T12:30:21Z,724,8,4,15,0,0,1,1,1,1785501010
2026-07-31T12:30:21Z,725,18,4,4,1,0,1,1,1,1785500892
2026-07-31T12:30:21Z,726,14,1,4,1,0,1,1,1,1785500976
2026-07-31T12:30:21Z,727,8,3,12,3,0,1,1,1,1785499301
2026-07-31T12:30:21Z,728,9,0,5,1,0,1,1,1,1785500652
2026-07-31T12:30:21Z,729,1,1,18,0,0,1,1,1,1785500043
2026-07-31T12:30:21Z,730,3,2,10,2,0,1,1,1,1785499432
2026-07-31T12:30:21Z,731,9,3,5,1,0,1,1,1,1785500364
2026-07-31T12:30:21Z,732,7,5,8,0,0,1,1,1,1785499586
2026-07-31T12:30:21Z,733,1,1,26,0,0,1,1,1,1785500714
2026-07-31T12:30:21Z,734,0,0,13,1,0,1,1,1,1785499529
2026-07-31T12:30:21Z,735,4,3,23,0,0,1,1,1,1785500722
2026-07-31T12:30:21Z,736,8,1,11,0,0,1,1,1,1785500796
2026-07-31T12:30:21Z,737,4,3,10,0,1,1,1,1,1785500800
2026-07-31T12:30:21Z,738,15,4,2,2,0,1,1,1,1785500863
2026-07-31T12:30:21Z,739,20,2,6,1,0,1,1,1,1785500438
2026-07-31T12:30:21Z,741,7,0,16,0,0,1,1,1,1785500690
2026-07-31T12:30:21Z,742,25,2,8,2,0,1,1,1,1785500986
2026-07-31T12:30:21Z,743,10,4,8,1,0,1,1,1,1785500560
2026-07-31T12:30:21Z,744,9,3,6,0,0,1,1,1,1785500682
2026-07-31T12:30:21Z,745,13,4,5,1,0,1,1,1,1785499261
2026-07-31T12:30:21Z,746,2,0,19,2,0,1,1,1,1785500876
2026-07-31T12:30:21Z,747,0,0,4,0,0,0,1,1,1783446606
2026-07-31T12:30:21Z,748,10,1,13,0,0,1,1,1,1785500069
2026-07-31T12:30:21Z,749,6,5,16,1,0,1,1,1,1785499980
2026-07-31T12:30:21Z,750,4,2,7,0,0,1,1,1,1785501007
2026-07-31T12:30:21Z,751,15,0,8,0,0,1,1,1,1785500937
2026-07-31T12:30:21Z,752,15,1,1,1,0,1,1,1,1785498699
2026-07-31T12:30:21Z,753,0,0,15,0,0,1,1,1,1785500416
2026-07-31T12:30:21Z,754,4,2,10,1,0,1,1,1,1785499782
2026-07-31T12:30:21Z,755,12,3,10,1,0,1,1,1,1785499930
2026-07-31T12:30:21Z,756,18,13,18,1,0,1,1,1,1785500988
2026-07-31T12:30:21Z,757,14,6,3,2,0,1,1,1,1785501004
2026-07-31T12:30:21Z,758,16,1,7,0,0,1,1,1,1785500641
2026-07-31T12:30:21Z,759,0,0,0,0,0,1,1,1,86400
2026-07-31T12:30:21Z,760,9,4,10,0,0,1,1,1,1785499338
2026-07-31T12:30:21Z,761,16,0,6,1,0,1,1,1,1785500876
2026-07-31T12:30:21Z,762,5,3,5,5,0,1,1,1,1785500337
2026-07-31T12:30:21Z,768,8,0,8,3,0,1,1,1,1785499473
2026-07-31T12:30:21Z,769,17,12,2,0,0,1,1,1,1785500921
2026-07-31T12:30:21Z,770,10,3,7,2,0,1,1,1,1785500859
2026-07-31T12:30:21Z,771,12,2,2,1,0,1,1,1,1785500301
2026-07-31T12:30:21Z,772,8,1,7,0,0,1,1,1,1785500905
2026-07-31T12:30:21Z,773,15,4,4,0,0,1,1,1,1785500760
2026-07-31T12:30:21Z,774,8,5,4,3,0,1,1,1,1785500685
2026-07-31T12:30:21Z,775,7,0,10,1,1,1,1,1,1785494713
2026-07-31T12:30:21Z,776,3,1,17,1,0,1,1,1,1785499281
2026-07-31T12:30:21Z,777,10,0,2,3,0,1,1,1,1785500840
2026-07-31T12:30:21Z,778,13,0,3,3,0,1,1,1,1785500858
2026-07-31T12:30:21Z,779,8,1,10,1,0,1,1,1,1785499860
2026-07-31T12:30:21Z,780,18,2,0,1,0,1,1,1,1785500816
2026-07-31T12:30:21Z,781,4,0,5,2,0,1,1,1,1785499765
2026-07-31T12:30:21Z,782,5,3,10,4,0,1,1,1,1785500578
2026-07-31T12:30:21Z,783,6,0,13,0,0,1,1,1,1785499841
2026-07-31T12:30:21Z,784,19,1,0,0,0,1,1,1,1785500815
2026-07-31T12:30:21Z,785,10,2,3,6,0,1,1,1,1785500018
2026-07-31T12:30:21Z,786,12,5,7,0,0,1,1,1,1785500709
2026-07-31T12:30:21Z,787,10,5,3,2,0,1,1,1,1785499296
2026-07-31T12:30:21Z,788,3,0,12,0,0,1,1,1,1785500332
2026-07-31T12:30:21Z,789,9,2,2,4,0,1,1,1,1785500553
2026-07-31T12:30:21Z,790,2,0,20,1,0,1,1,1,1785500981
2026-07-31T12:30:21Z,791,6,0,12,0,1,1,1,1,1785500779
2026-07-31T12:30:21Z,793,4,0,10,1,0,1,1,1,1785500690
2026-07-31T12:30:21Z,794,16,9,11,2,0,1,1,1,1785500424
2026-07-31T12:30:21Z,796,3,2,14,2,0,1,1,1,1785500818
2026-07-31T12:30:21Z,797,1,0,14,0,0,1,1,1,1785499482
2026-07-31T12:30:21Z,798,11,1,13,1,0,1,1,1,1785500629
2026-07-31T12:30:21Z,799,14,1,2,3,0,1,1,1,1785500475
2026-07-31T12:30:21Z,800,5,0,14,2,0,1,1,1,1785500700
2026-07-31T12:30:21Z,801,14,4,6,1,0,1,1,1,1785500790
2026-07-31T12:30:21Z,802,8,0,23,0,0,1,1,1,1785500663
2026-07-31T12:30:21Z,803,1,1,14,0,0,1,1,1,1785500297
2026-07-31T12:30:21Z,806,5,2,10,0,0,1,1,1,1785499578
2026-07-31T12:30:21Z,807,12,1,11,2,0,1,1,1,1785500930
2026-07-31T12:30:21Z,808,3,1,20,2,0,1,1,1,1785499242
2026-07-31T12:30:21Z,809,4,0,18,1,0,1,1,1,1785500490
2026-07-31T12:30:21Z,810,2,0,13,4,0,1,1,1,1785500926
2026-07-31T12:30:21Z,815,0,0,10,4,1,1,1,1,1785500672
2026-07-31T12:30:21Z,817,10,4,5,0,0,1,1,1,1785499817
2026-07-31T12:30:21Z,818,4,0,18,1,0,1,1,1,1785499738
2026-07-31T12:30:21Z,819,6,4,9,0,0,1,1,1,1785487291
2026-07-31T12:30:21Z,820,8,2,9,0,0,1,1,1,1785499726
2026-07-31T12:30:21Z,821,2,1,13,0,0,1,1,1,1785500652
2026-07-31T12:30:21Z,822,9,0,13,1,0,1,1,1,1785501003
2026-07-31T12:30:21Z,823,1,1,14,0,0,1,1,1,1785500130
2026-07-31T12:30:21Z,824,10,4,9,0,0,1,1,1,1785500707
2026-07-31T12:30:21Z,825,8,5,7,0,0,1,1,1,1785495662
2026-07-31T12:30:21Z,826,17,3,0,2,0,1,1,1,1785500879
2026-07-31T12:30:21Z,827,15,4,5,1,0,1,1,1,1785500963
2026-07-31T12:30:21Z,828,13,1,3,2,0,1,1,1,1785500837
2026-07-31T12:30:21Z,829,14,5,13,0,0,1,1,1,1785499885
2026-07-31T12:30:21Z,830,17,2,5,1,0,1,1,1,1785500934
2026-07-31T12:30:21Z,831,6,2,8,1,0,1,1,1,1785500090
2026-07-31T12:30:21Z,832,10,3,5,3,0,1,1,1,1785500213
2026-07-31T12:30:21Z,833,0,0,18,1,0,1,1,1,1785500917
2026-07-31T12:30:21Z,834,5,0,18,1,0,1,1,1,1785500555
2026-07-31T12:30:21Z,835,7,3,9,2,0,1,1,1,1785500954
2026-07-31T12:30:21Z,837,5,1,0,10,0,1,1,1,1785500176
2026-07-31T12:30:21Z,838,14,5,1,0,0,1,1,1,1785500835
2026-07-31T12:30:21Z,839,13,1,16,0,0,1,1,1,1785500968
2026-07-31T12:30:21Z,840,9,4,19,1,0,1,1,1,1785501010
2026-07-31T12:30:21Z,841,7,1,8,0,0,1,1,1,1785500084
2026-07-31T12:30:21Z,842,6,1,17,0,0,1,1,1,1785499910
2026-07-31T12:30:21Z,843,8,0,22,1,0,1,1,1,1785500182
2026-07-31T12:30:21Z,844,6,0,17,0,0,1,1,1,1785500517
2026-07-31T12:30:21Z,845,5,3,12,2,0,1,1,1,1785500284
2026-07-31T12:30:21Z,846,4,0,14,1,0,1,1,1,1785499812
2026-07-31T12:30:21Z,847,8,1,19,0,0,1,1,1,1785500460
2026-07-31T12:30:21Z,848,8,3,10,1,0,1,1,1,1785498928
2026-07-31T12:30:21Z,849,6,1,8,1,0,1,1,1,1785500917
2026-07-31T12:30:21Z,850,8,0,1,2,0,1,1,1,1785499525
2026-07-31T12:30:21Z,851,9,7,25,3,0,1,1,1,1785500919
2026-07-31T12:30:21Z,852,12,6,7,0,0,1,1,1,1785499991
2026-07-31T12:30:21Z,853,10,5,13,0,0,1,1,1,1785500887
2026-07-31T12:30:21Z,854,3,2,12,0,0,1,1,1,1785500932
2026-07-31T12:30:21Z,855,25,0,2,0,0,1,1,1,1785497123
2026-07-31T12:30:21Z,857,5,4,14,0,0,1,1,1,1785500953
2026-07-31T12:30:21Z,858,4,1,14,1,0,1,1,1,1785500662
2026-07-31T12:30:21Z,859,4,0,16,1,0,1,1,1,1785500877
2026-07-31T12:30:21Z,861,8,1,2,1,0,1,1,1,1785488201
2026-07-31T12:30:21Z,862,2,2,13,0,0,1,1,1,1785500114
2026-07-31T12:30:21Z,863,13,0,5,1,0,1,1,1,1785500800
2026-07-31T12:30:21Z,866,11,3,8,0,0,1,1,1,1785500437
2026-07-31T12:30:21Z,867,13,1,2,0,0,1,1,1,1785499727
2026-07-31T12:30:21Z,868,12,2,3,0,0,1,1,1,1785499946
2026-07-31T12:30:21Z,870,7,4,6,2,0,1,1,1,1785500166
2026-07-31T12:30:21Z,871,0,0,10,1,0,1,1,1,1785499532
2026-07-31T12:30:21Z,872,0,0,14,1,0,1,1,1,1785500083
2026-07-31T12:30:21Z,873,12,3,20,1,0,1,1,1,1785500668
2026-07-31T12:30:21Z,874,2,0,10,3,0,1,1,1,1785500246
2026-07-31T12:30:21Z,875,14,10,0,1,0,1,1,1,1785500244
2026-07-31T12:30:21Z,877,12,10,5,2,0,1,1,1,1785499707
2026-07-31T12:30:21Z,878,4,3,14,1,0,1,1,1,1785500287
2026-07-31T12:30:21Z,879,3,1,16,0,0,1,1,1,1785499327
2026-07-31T12:30:21Z,880,1,0,21,1,0,1,1,1,1785500247
2026-07-31T12:30:21Z,881,1,1,18,0,0,1,1,1,1785500143
2026-07-31T12:30:21Z,882,10,0,6,3,0,1,1,1,1785488200
2026-07-31T12:30:21Z,883,11,6,8,0,0,1,1,1,1785500394
2026-07-31T12:30:21Z,884,10,7,11,0,0,1,1,1,1785499704
2026-07-31T12:30:21Z,885,1,0,18,0,0,1,1,1,1785499979
2026-07-31T12:30:21Z,886,19,1,9,1,0,1,1,1,1785500881
2026-07-31T12:30:21Z,887,4,1,10,3,0,1,1,1,1785500680
2026-07-31T12:30:21Z,888,4,3,35,1,1,1,1,1,1785500998
2026-07-31T12:30:21Z,889,10,0,7,2,0,1,1,1,1785500279
2026-07-31T12:30:21Z,890,6,4,9,0,0,1,1,1,1785489632
2026-07-31T12:30:21Z,891,19,0,3,1,0,1,1,1,1785500441
2026-07-31T12:30:21Z,892,13,1,2,0,0,1,1,1,1785488200
2026-07-31T12:30:21Z,895,0,0,18,1,0,1,1,1,1785489208
2026-07-31T12:30:21Z,896,9,1,26,0,0,1,1,1,1785500364
2026-07-31T12:30:21Z,897,11,1,10,0,0,1,1,1,1785500180
2026-07-31T12:30:21Z,898,3,0,16,0,0,1,1,1,1785499896
2026-07-31T12:30:21Z,899,0,0,18,1,0,1,1,1,1785500945
2026-07-31T12:30:21Z,900,10,0,14,3,0,1,1,1,1785500456
2026-07-31T12:30:21Z,901,3,0,15,1,0,1,1,1,1785500842
2026-07-31T12:30:21Z,902,8,0,6,1,0,1,1,1,1785499826
2026-07-31T12:30:21Z,903,13,2,5,1,0,1,1,1,1785499298
2026-07-31T12:30:21Z,904,9,4,9,1,0,1,1,1,1785500289
2026-07-31T12:30:21Z,905,9,1,18,0,0,1,1,1,1785500662
2026-07-31T12:30:21Z,906,0,0,27,0,0,1,1,1,1785500944
2026-07-31T12:30:21Z,907,2,0,29,0,0,1,1,1,1785501004
2026-07-31T12:30:21Z,908,7,0,16,0,0,1,1,1,1785500805
2026-07-31T12:30:21Z,909,3,0,19,1,0,1,1,1,1785500967
2026-07-31T12:30:21Z,910,10,0,21,0,0,1,1,1,1785500626
2026-07-31T12:30:21Z,911,5,2,14,0,0,1,1,1,1785499831
2026-07-31T12:30:21Z,912,11,4,10,2,0,1,1,1,1785500796
2026-07-31T12:30:21Z,913,4,1,15,0,0,1,1,1,1785500814
2026-07-31T12:30:21Z,914,10,0,9,0,0,1,1,1,1785500929
2026-07-31T12:30:21Z,915,10,0,12,1,0,1,1,1,1785500594
2026-07-31T12:30:21Z,916,22,8,1,0,0,1,1,1,1785500753
2026-07-31T12:30:21Z,917,21,3,12,2,0,1,1,1,1785500986
2026-07-31T12:30:21Z,918,2,1,15,2,0,1,1,1,1785500568
2026-07-31T12:30:21Z,919,5,0,33,1,0,1,1,1,1785500942
2026-07-31T12:30:21Z,920,4,2,15,0,0,1,1,1,1785500620
2026-07-31T12:30:21Z,921,12,0,9,0,0,1,1,1,1785499970
2026-07-31T12:30:21Z,922,4,0,17,0,0,1,1,1,1785500783
2026-07-31T12:30:21Z,923,13,2,6,0,0,1,1,1,1785500967
2026-07-31T12:30:21Z,924,8,2,13,0,0,1,1,1,1785500983
2026-07-31T12:30:21Z,925,13,0,8,0,0,1,1,1,1785500453
2026-07-31T12:30:21Z,926,2,1,19,0,0,1,1,1,1785500582
2026-07-31T12:30:21Z,927,9,0,26,0,0,1,1,1,1785500908
2026-07-31T12:30:21Z,928,0,0,19,0,0,0,1,1,1785500252
2026-07-31T12:30:21Z,929,4,0,19,0,0,1,1,1,1785500685
2026-07-31T12:30:21Z,930,2,0,28,1,0,1,1,1,1785500695
2026-07-31T12:30:21Z,931,9,7,13,1,0,1,1,1,1785501005
2026-07-31T12:30:21Z,932,0,0,16,3,0,1,1,1,1785500464
2026-07-31T12:30:21Z,933,3,0,20,0,0,1,1,1,1785500572
2026-07-31T12:30:21Z,934,3,0,27,1,0,1,1,1,1785500793
2026-07-31T12:30:21Z,935,17,4,1,1,0,1,1,1,1785500486
2026-07-31T12:30:21Z,936,4,1,15,0,0,1,1,1,1785456801
2026-07-31T12:30:21Z,940,11,0,0,0,0,1,1,1,1785500861
2026-07-31T12:30:21Z,941,7,1,16,2,0,1,1,1,1785500741
2026-07-31T12:30:21Z,942,3,0,17,1,0,1,1,1,1785500095
2026-07-31T12:30:21Z,943,9,8,6,0,0,1,1,1,1785500188
2026-07-31T12:30:21Z,944,9,8,6,0,0,1,1,1,1785500011
2026-07-31T12:30:21Z,945,10,8,5,0,0,1,1,1,1785499526
2026-07-31T12:30:21Z,946,7,5,12,0,0,1,1,1,1785487593
2026-07-31T12:30:21Z,947,7,5,10,0,0,1,1,1,1785500024
2026-07-31T12:30:21Z,948,26,9,0,5,0,1,1,1,1785500985
2026-07-31T12:30:21Z,949,13,4,2,0,0,1,1,1,1785500810
2026-07-31T12:30:21Z,950,11,4,5,1,0,1,1,1,1785500640
2026-07-31T12:30:21Z,951,20,4,2,1,0,1,1,1,1785500257
2026-07-31T12:30:21Z,952,24,4,31,0,0,1,1,1,1785500916
2026-07-31T12:30:21Z,953,6,0,8,1,0,1,1,1,1785500806
2026-07-31T12:30:21Z,954,12,3,7,0,0,1,1,1,1785500146
2026-07-31T12:30:21Z,955,5,3,16,6,0,1,1,1,1785500946
2026-07-31T12:30:21Z,956,6,0,16,1,0,1,1,1,1785500968
2026-07-31T12:30:21Z,957,10,1,19,0,0,1,1,1,1785499918
2026-07-31T12:30:21Z,958,8,2,23,0,0,1,1,1,1785500787
2026-07-31T12:30:21Z,959,16,7,5,2,0,1,1,1,1785500826
2026-07-31T12:30:21Z,960,15,0,7,1,0,1,1,1,1785500414
2026-07-31T12:30:21Z,961,0,0,20,3,0,1,1,1,1785500757
2026-07-31T12:30:21Z,962,11,2,21,3,0,1,1,1,1785500868
2026-07-31T12:30:21Z,963,21,0,1,1,0,1,1,1,1785500176
2026-07-31T12:30:21Z,964,8,8,14,1,0,1,1,1,1785500562
2026-07-31T12:30:21Z,965,10,3,16,1,0,1,1,1,1785500274
2026-07-31T12:30:21Z,966,22,0,9,0,0,1,1,1,1785500786
2026-07-31T12:30:21Z,967,14,0,6,1,0,1,1,1,1785500986
2026-07-31T12:30:21Z,968,11,0,7,1,0,1,1,1,1785500733
2026-07-31T12:30:21Z,969,9,7,16,2,0,1,1,1,1785500257
2026-07-31T12:30:21Z,970,8,0,9,2,0,1,1,1,1785500687
2026-07-31T12:30:21Z,971,8,0,14,1,0,1,1,1,1785500340
2026-07-31T12:30:21Z,972,9,1,13,1,0,1,1,1,1785500008
2026-07-31T12:30:21Z,973,8,4,14,1,0,1,1,1,1785500864
2026-07-31T12:30:21Z,974,22,1,4,1,0,1,1,1,1785500947
2026-07-31T12:30:21Z,977,4,4,15,2,0,1,1,1,1785500583
2026-07-31T12:30:21Z,978,12,0,11,0,0,1,1,1,1785499463
2026-07-31T12:30:21Z,979,12,0,5,0,0,1,1,1,1785500661
2026-07-31T12:30:21Z,980,11,1,8,2,0,1,1,1,1785500685
2026-07-31T12:30:21Z,981,12,0,8,1,0,1,1,1,1785500871
2026-07-31T12:30:21Z,982,3,1,14,2,0,1,1,1,1785500064
2026-07-31T12:30:21Z,983,2,1,20,1,0,1,1,1,1785500492
2026-07-31T12:30:21Z,984,5,0,17,1,0,1,1,1,1785500982
2026-07-31T12:30:21Z,985,20,1,11,0,0,1,1,1,1785500943
2026-07-31T12:30:21Z,986,4,0,15,0,0,1,1,1,1785500061
2026-07-31T12:30:21Z,987,7,1,16,0,0,1,1,1,1785500836
2026-07-31T12:30:21Z,988,5,1,13,1,0,1,1,1,1785500218
2026-07-31T12:30:21Z,989,9,4,10,0,0,1,1,1,1785499207
2026-07-31T12:30:21Z,990,13,1,0,2,0,1,1,1,1785500256
2026-07-31T12:30:21Z,991,10,2,8,1,0,1,1,1,1785499938
2026-07-31T12:30:21Z,992,9,6,13,1,0,1,1,1,1785500816
2026-07-31T12:30:21Z,993,0,0,25,2,0,1,1,1,1785500335
2026-07-31T12:30:21Z,994,3,1,18,0,0,1,1,1,1785499216
2026-07-31T12:30:21Z,995,6,0,21,0,0,1,1,1,1785500253
2026-07-31T12:30:21Z,996,8,1,15,0,0,1,1,1,1785500049
2026-07-31T12:30:21Z,997,13,7,9,1,0,1,1,1,1785500857
2026-07-31T12:30:21Z,998,3,3,19,1,0,1,1,1,1785500364
2026-07-31T12:30:21Z,999,2,0,16,2,1,1,1,1,1785500125
2026-07-31T12:30:21Z,1000,5,2,16,0,0,1,1,1,1785500927
2026-07-31T12:30:21Z,1001,2,1,25,0,0,1,1,1,1785500394
2026-07-31T12:30:21Z,1002,2,2,27,2,0,1,1,1,1785500407
2026-07-31T12:30:21Z,1003,0,0,22,1,0,1,1,1,1785500009
2026-07-31T12:30:21Z,1004,8,1,15,0,0,1,1,1,1785499451
2026-07-31T12:30:21Z,1005,20,1,3,0,0,1,1,1,1785500198
2026-07-31T12:30:21Z,1006,7,4,11,1,0,1,1,1,1785500026
2026-07-31T12:30:21Z,1007,1,0,20,0,0,1,1,1,1785499794
2026-07-31T12:30:21Z,1008,6,5,15,2,0,1,1,1,1785500991
2026-07-31T12:30:21Z,1009,19,2,8,4,0,1,1,1,1785500854
2026-07-31T12:30:21Z,1010,7,2,20,0,0,1,1,1,1785499878
2026-07-31T12:30:21Z,1011,7,2,10,2,0,1,1,1,1785500403
2026-07-31T12:30:21Z,1012,4,3,18,1,0,1,1,1,1785499965
2026-07-31T12:30:21Z,1013,2,1,20,1,0,1,1,1,1785500554
2026-07-31T12:30:21Z,1014,7,2,13,3,0,1,1,1,1785500485
2026-07-31T12:30:21Z,1015,3,1,25,3,0,1,1,1,1785500781
2026-07-31T12:30:21Z,1016,10,5,21,0,0,1,1,1,1785499851
2026-07-31T12:30:21Z,1017,14,5,7,0,0,1,1,1,1785499369
2026-07-31T12:30:21Z,1018,7,2,15,0,0,1,1,1,1785500052
2026-07-31T12:30:21Z,1019,8,5,7,0,0,1,1,1,1785499966
2026-07-31T12:30:21Z,1020,18,3,3,0,0,1,1,1,1785499236
2026-07-31T12:30:21Z,1021,9,3,5,1,0,1,1,1,1785500766
2026-07-31T12:30:21Z,1022,14,0,13,0,0,1,1,1,1785500154
2026-07-31T12:30:21Z,1023,13,1,9,1,0,1,1,1,1785499790
2026-07-31T12:30:21Z,1024,6,2,12,1,0,1,1,1,1785500778
2026-07-31T12:30:21Z,1025,4,0,14,0,1,1,1,1,1785500124
2026-07-31T12:30:21Z,1026,7,4,18,6,0,1,1,1,1785501010
2026-07-31T12:30:21Z,1028,2,0,20,1,0,1,1,1,1785500144
2026-07-31T12:30:21Z,1029,11,10,4,0,0,1,1,1,1785500610
2026-07-31T12:30:21Z,1030,14,5,9,0,0,1,1,1,1785500830
2026-07-31T12:30:21Z,1031,8,0,11,0,0,1,1,1,1785499365
2026-07-31T12:30:21Z,1032,7,1,12,0,0,1,1,1,1785500030
2026-07-31T12:30:21Z,1033,11,7,8,0,0,1,1,1,1785500848
2026-07-31T12:30:21Z,1034,3,0,12,0,0,1,1,1,1785500036
2026-07-31T12:30:21Z,1035,1,0,16,2,0,1,1,1,1785500083
2026-07-31T12:30:21Z,1036,15,1,0,0,0,1,1,1,1785500617
2026-07-31T12:30:21Z,1037,5,0,13,1,0,1,1,1,1785500328
2026-07-31T12:30:21Z,1038,2,0,12,1,0,1,1,1,1785499734
2026-07-31T12:30:21Z,1039,7,2,12,0,0,1,1,1,1785500184
2026-07-31T12:30:21Z,1040,6,3,11,2,0,1,1,1,1785500071
2026-07-31T12:30:21Z,1041,9,3,9,1,0,1,1,1,1785500779
2026-07-31T12:30:21Z,1042,14,2,0,1,0,1,1,1,1785500902
2026-07-31T12:30:21Z,1043,11,0,5,3,0,1,1,1,1785500105
2026-07-31T12:30:21Z,1044,2,1,13,0,0,1,1,1,1785499788
2026-07-31T12:30:21Z,1045,10,0,9,0,0,1,1,1,1785500018
2026-07-31T12:30:21Z,1046,8,0,7,0,0,1,1,1,1785499413
2026-07-31T12:30:21Z,1047,5,0,16,0,0,1,1,1,1785500788
2026-07-31T12:30:21Z,1048,9,0,10,0,0,1,1,1,1785499995
2026-07-31T12:30:21Z,1049,5,0,16,0,0,1,1,1,1785500069
2026-07-31T12:30:21Z,1050,17,4,4,0,0,1,1,1,1785499347
2026-07-31T12:30:21Z,1051,8,3,13,0,0,1,1,1,1785499236
2026-07-31T12:30:21Z,1052,17,2,5,0,0,1,1,1,1785499863
2026-07-31T12:30:21Z,1053,2,1,13,0,0,1,1,1,1785499916
2026-07-31T12:30:21Z,1054,14,1,1,0,0,1,1,1,1785500175
2026-07-31T12:30:21Z,1055,6,0,13,0,0,1,1,1,1785500162
2026-07-31T12:30:21Z,1057,10,0,8,1,0,1,1,1,1785500848
2026-07-31T12:30:21Z,1058,3,0,51,2,0,1,1,1,1785500192
2026-07-31T12:30:21Z,1059,1,0,17,1,0,1,1,1,1785500045
2026-07-31T12:30:21Z,1060,30,0,7,0,0,1,1,1,1785500902
2026-07-31T12:30:21Z,1061,25,1,12,0,0,1,1,1,1785500979
2026-07-31T12:30:21Z,1062,8,0,9,0,0,1,1,1,1785500970
2026-07-31T12:30:21Z,1063,12,1,6,1,0,1,1,1,1785500073
2026-07-31T12:30:21Z,1064,3,0,19,1,0,1,1,1,1785500413
2026-07-31T12:30:21Z,1065,16,3,7,0,0,1,1,1,1785500656
2026-07-31T12:30:21Z,1066,10,2,13,0,0,1,1,1,1785500478
2026-07-31T12:30:21Z,1067,8,2,13,2,0,1,1,1,1785500747
2026-07-31T12:30:21Z,1068,8,2,13,2,0,1,1,1,1785500247
2026-07-31T12:30:21Z,1069,12,3,11,0,0,1,1,1,1785500288
2026-07-31T12:30:21Z,1070,12,2,11,0,0,1,1,1,1785500385
2026-07-31T12:30:21Z,1071,7,4,16,0,0,1,1,1,1785500424
2026-07-31T12:30:21Z,1072,11,1,11,1,0,1,1,1,1785500829
2026-07-31T12:30:21Z,1073,19,2,7,1,0,1,1,1,1785500457
2026-07-31T12:30:21Z,1074,1,0,51,1,0,1,1,1,1785500996
2026-07-31T12:30:21Z,1075,10,10,11,0,0,1,1,1,1785499793
2026-07-31T12:30:21Z,1076,15,12,6,0,0,1,1,1,1785499232
2026-07-31T12:30:21Z,1077,8,4,13,0,0,1,1,1,1785500015
2026-07-31T12:30:21Z,1078,11,10,10,0,0,1,1,1,1785499273
2026-07-31T12:30:21Z,1079,11,8,10,0,0,1,1,1,1785499899
2026-07-31T12:30:21Z,1080,10,8,10,1,0,1,1,1,1785500501
2026-07-31T12:30:21Z,1081,13,8,6,0,0,1,1,1,1785500878
2026-07-31T12:30:21Z,1082,7,7,1,0,0,1,1,1,1785500338
2026-07-31T12:30:21Z,1083,13,11,8,0,0,1,1,1,1785500169
2026-07-31T12:30:21Z,1084,9,8,12,0,0,1,1,1,1785499786
2026-07-31T12:30:21Z,1085,10,10,11,0,0,1,1,1,1785499442
2026-07-31T12:30:21Z,1086,6,2,14,1,0,1,1,1,1785500630
2026-07-31T12:30:21Z,1087,8,6,7,0,0,1,1,1,1785499755
2026-07-31T12:30:21Z,1088,9,7,6,0,0,1,1,1,1785500076
2026-07-31T12:30:21Z,1089,6,4,9,0,0,1,1,1,1785500424
2026-07-31T12:30:21Z,1090,9,8,6,0,0,1,1,1,1785500958
2026-07-31T12:30:21Z,1091,11,6,4,0,0,1,1,1,1785500871
2026-07-31T12:30:21Z,1092,9,9,5,1,0,1,1,1,1785500419
2026-07-31T12:30:21Z,1093,6,5,9,0,0,1,1,1,1785500779
2026-07-31T12:30:21Z,1094,12,10,6,1,0,1,1,1,1785500028
2026-07-31T12:30:21Z,1095,8,7,7,0,0,1,1,1,1785500714
2026-07-31T12:30:21Z,1096,4,2,14,1,0,1,1,1,1785500430
2026-07-31T12:30:21Z,1097,9,9,6,0,0,1,1,1,1785500604
2026-07-31T12:30:21Z,1098,9,7,10,0,0,1,1,1,1785500952
2026-07-31T12:30:21Z,1099,7,6,8,0,0,1,1,1,1785499863
2026-07-31T12:30:21Z,1100,8,4,21,0,0,1,1,1,1785493678
2026-07-31T12:30:21Z,1101,10,5,11,0,0,1,1,1,1785499763
2026-07-31T12:30:21Z,1102,9,4,4,0,0,1,1,1,1785500846
2026-07-31T12:30:21Z,1103,10,5,11,0,0,1,1,1,1785487895
2026-07-31T12:30:21Z,1104,10,5,11,0,0,1,1,1,1785499518
2026-07-31T12:30:21Z,1105,8,4,5,0,0,1,1,1,1785500733
2026-07-31T12:30:21Z,1106,10,5,11,0,0,1,1,1,1785499860
2026-07-31T12:30:21Z,1107,10,5,5,0,0,1,1,1,1785500138
2026-07-31T12:30:21Z,1108,8,4,16,2,1,1,1,1,1785500657
2026-07-31T12:30:21Z,1109,9,4,6,0,0,1,1,1,1785500092
2026-07-31T12:30:21Z,1110,12,4,9,0,0,1,1,1,1785499386
2026-07-31T12:30:21Z,1111,3,2,18,0,0,1,1,1,1785475740
2026-07-31T12:30:21Z,1112,37,0,16,0,0,1,1,1,1785500776
2026-07-31T12:30:21Z,1113,4,0,17,0,0,1,1,1,1785499334
2026-07-31T12:30:21Z,1115,16,5,4,3,0,1,1,1,1785500560
2026-07-31T12:30:21Z,1116,5,1,14,0,0,1,1,1,1785500049
2026-07-31T12:30:21Z,1117,17,5,5,1,0,1,1,1,1785500816
2026-07-31T12:30:21Z,1118,15,0,4,2,0,1,1,1,1785499865
2026-07-31T12:30:21Z,1119,12,1,4,1,0,1,1,1,1785500538
2026-07-31T12:30:21Z,1120,12,0,7,0,0,1,1,1,1785500413
2026-07-31T12:30:21Z,1121,4,2,13,4,0,1,1,1,1785500586
2026-07-31T12:30:21Z,1122,11,8,7,3,0,1,1,1,1785499906
2026-07-31T12:30:21Z,1123,8,5,13,2,0,1,1,1,1785500855
2026-07-31T12:30:21Z,1124,9,3,3,3,0,1,1,1,1785500977
2026-07-31T12:30:21Z,1125,15,1,8,0,0,1,1,1,1785500340
2026-07-31T12:30:21Z,1126,2,1,18,1,0,1,1,1,1785500858
2026-07-31T12:30:21Z,1127,5,0,13,1,0,1,1,1,1785500369
2026-07-31T12:30:21Z,1128,14,2,0,1,0,1,1,1,1785500046
2026-07-31T12:30:21Z,1129,1,1,19,1,0,1,1,1,1785499776
2026-07-31T12:30:21Z,1130,13,0,2,0,0,1,1,1,1785500736
2026-07-31T12:30:21Z,1131,7,0,41,1,0,1,1,1,1785500878
2026-07-31T12:30:21Z,1132,14,6,6,1,0,1,1,1,1785499679
2026-07-31T12:30:21Z,1133,16,12,3,2,0,1,1,1,1785500976
2026-07-31T12:30:21Z,1134,10,5,9,0,0,1,1,1,1785500556
2026-07-31T12:30:21Z,1135,10,5,11,0,0,1,1,1,1785499658
2026-07-31T12:30:21Z,1136,8,0,15,0,0,1,1,1,1785500547
2026-07-31T12:30:21Z,1137,13,0,2,0,0,1,1,1,1785499983
2026-07-31T12:30:21Z,1138,16,2,3,0,0,1,1,1,1785500009
2026-07-31T12:30:21Z,1139,16,4,4,1,0,1,1,1,1785500540
2026-07-31T12:30:21Z,1140,20,2,2,1,0,1,1,1,1785500995
2026-07-31T12:30:21Z,1141,10,2,11,0,0,1,1,1,1785500988
2026-07-31T12:30:21Z,1142,2,0,19,0,0,1,1,1,1785500687
2026-07-31T12:30:21Z,1143,8,0,21,0,0,1,1,1,1785500875
2026-07-31T12:30:21Z,1144,7,1,13,1,0,1,1,1,1785500286
2026-07-31T12:30:21Z,1145,10,5,10,1,0,1,1,1,1785500437
2026-07-31T12:30:21Z,1146,3,1,15,1,0,1,1,1,1785500992
2026-07-31T12:30:21Z,1147,6,1,13,0,0,1,1,1,1785500117
2026-07-31T12:30:21Z,1148,5,2,26,0,0,1,1,1,1785500759
2026-07-31T12:30:21Z,1149,2,2,23,0,0,1,1,1,1785499713
2026-07-31T12:30:21Z,1150,14,0,5,0,0,1,1,1,1785500878
2026-07-31T12:30:21Z,1151,13,0,8,0,0,1,1,1,1785500698
2026-07-31T12:30:21Z,1152,20,0,9,0,0,1,1,1,1785500756
2026-07-31T12:30:21Z,1153,20,6,2,1,0,1,1,1,1785500591
2026-07-31T12:30:21Z,1154,15,1,4,0,0,1,1,1,1785501006
2026-07-31T12:30:21Z,1155,14,6,5,2,0,1,1,1,1785501006
2026-07-31T12:30:21Z,1158,3,0,15,1,0,1,1,1,1785499937
2026-07-31T12:30:21Z,1159,13,1,6,0,0,1,1,1,1785500293
2026-07-31T12:30:21Z,1160,8,1,10,1,0,1,1,1,1785499326
2026-07-31T12:30:21Z,1161,4,0,14,1,0,1,1,1,1785500431
2026-07-31T12:30:21Z,1162,1,0,18,0,0,1,1,1,1785500679
2026-07-31T12:30:21Z,1163,1,1,17,1,0,1,1,1,1785500056
2026-07-31T12:30:21Z,1164,6,1,13,0,0,1,1,1,1785500113
2026-07-31T12:30:21Z,1165,5,0,16,0,0,1,1,1,1785500851
2026-07-31T12:30:21Z,1166,12,2,8,1,0,1,1,1,1785498551
2026-07-31T12:30:21Z,1167,4,0,11,0,0,1,1,1,1785499814
2026-07-31T12:30:21Z,1168,1,1,21,1,0,1,1,1,1785500317
2026-07-31T12:30:21Z,1169,3,0,15,1,0,1,1,1,1785499960
2026-07-31T12:30:21Z,1170,6,0,14,1,0,1,1,1,1785500337
2026-07-31T12:30:21Z,1171,7,6,15,1,0,1,1,1,1785500014
2026-07-31T12:30:21Z,1172,5,2,8,2,0,1,1,1,1785500236
2026-07-31T12:30:21Z,1173,13,5,6,0,0,1,1,1,1785500212
2026-07-31T12:30:21Z,1174,6,3,9,0,0,1,1,1,1785499884
2026-07-31T12:30:21Z,1175,4,2,15,0,0,1,1,1,1785498199
2026-07-31T12:30:21Z,1176,19,1,2,0,0,1,1,1,1785499419
2026-07-31T12:30:21Z,1177,3,1,18,0,0,1,1,1,1785499346
2026-07-31T12:30:21Z,1178,2,1,13,0,0,1,1,1,1785499845
2026-07-31T12:30:21Z,1181,9,0,5,1,0,1,1,1,1785500751
2026-07-31T12:30:21Z,1182,3,0,17,0,0,1,1,1,1785500632
2026-07-31T12:30:21Z,1183,14,1,29,2,0,1,1,1,1785500198
2026-07-31T12:30:21Z,1184,3,1,16,2,0,1,1,1,1785500603
2026-07-31T12:30:21Z,1185,10,5,11,0,0,1,1,1,1785499473
2026-07-31T12:30:21Z,1186,9,5,10,0,0,1,1,1,1785500480
2026-07-31T12:30:21Z,1187,10,5,10,1,0,1,1,1,1785500808
2026-07-31T12:30:21Z,1188,10,5,5,0,0,1,1,1,1785500145
2026-07-31T12:30:21Z,1189,11,6,8,0,0,1,1,1,1785500243
2026-07-31T12:30:21Z,1190,9,4,12,0,0,1,1,1,1785499638
2026-07-31T12:30:21Z,1191,10,5,5,0,0,1,1,1,1785500150
2026-07-31T12:30:21Z,1192,10,6,10,1,0,1,1,1,1785500007
2026-07-31T12:30:21Z,1193,6,4,5,2,0,1,1,1,1785501006
2026-07-31T12:30:21Z,1197,9,6,7,1,0,1,1,1,1785500931
2026-07-31T12:30:21Z,1198,14,4,5,2,0,1,1,1,1785500533
2026-07-31T12:30:21Z,1199,2,0,17,0,0,1,1,1,1785500550
2026-07-31T12:30:21Z,1200,10,5,5,0,0,1,1,1,1785500187
2026-07-31T12:30:21Z,1201,10,5,5,0,0,1,1,1,1785500163
2026-07-31T12:30:21Z,1202,10,5,5,0,0,1,1,1,1785500265
2026-07-31T12:30:21Z,1203,10,5,5,0,0,1,1,1,1785500163
2026-07-31T12:30:21Z,1204,8,4,11,0,0,1,1,1,1785499915
2026-07-31T12:30:21Z,1206,11,5,10,0,0,1,1,1,1785500952
2026-07-31T12:30:21Z,1207,8,4,6,1,0,1,1,1,1785500477
2026-07-31T12:30:21Z,1208,9,4,10,0,0,1,1,1,1785500394
2026-07-31T12:30:21Z,1216,8,0,12,1,0,1,1,1,1785499364
2026-07-31T12:30:21Z,1218,4,0,17,0,0,1,1,1,1785499758
2026-07-31T12:30:21Z,1219,6,1,8,1,0,1,1,1,1785499613
2026-07-31T12:30:21Z,1220,14,7,4,1,0,1,1,1,1785499399
2026-07-31T12:30:21Z,1221,1,1,19,1,0,1,1,1,1785500887
2026-07-31T12:30:21Z,1222,26,0,3,0,0,1,1,1,1785500032
2026-07-31T12:30:21Z,1223,18,1,11,0,0,1,1,1,1785500863
2026-07-31T12:30:21Z,1226,0,0,3,0,0,0,1,1,1781868931
2026-07-31T12:30:21Z,1227,17,1,8,0,0,1,1,1,1785500870
2026-07-31T12:30:21Z,1228,21,1,8,0,0,1,1,1,1785500917
2026-07-31T12:30:21Z,1229,32,2,11,2,0,1,1,1,1785500907
2026-07-31T12:35:21Z,1,5,1,18,0,0,1,1,1,1785501293
2026-07-31T12:35:21Z,2,11,0,14,2,0,1,1,1,1785500899
2026-07-31T12:35:21Z,3,9,2,4,1,0,1,1,1,1785500832
2026-07-31T12:35:21Z,4,6,0,15,1,0,1,1,1,1785500837
2026-07-31T12:35:21Z,5,11,3,11,1,0,1,1,1,1785497818
2026-07-31T12:35:21Z,6,3,0,12,0,0,1,1,1,1785501187
2026-07-31T12:35:21Z,7,4,0,35,0,0,1,1,1,1785500459
2026-07-31T12:35:21Z,8,5,0,38,0,0,1,1,1,1785501257
2026-07-31T12:35:21Z,9,5,2,18,0,0,1,1,1,1785501254
2026-07-31T12:35:21Z,10,0,0,21,2,0,1,1,1,1785500952
2026-07-31T12:35:21Z,11,14,4,4,1,0,1,1,1,1785500915
2026-07-31T12:35:21Z,12,3,1,20,0,0,1,1,1,1785500869
2026-07-31T12:35:21Z,13,2,0,28,0,0,1,1,1,1785500760
2026-07-31T12:35:21Z,14,13,0,29,0,1,1,1,1,1785501047
2026-07-31T12:35:21Z,15,1,0,14,0,0,1,1,1,1785500656
2026-07-31T12:35:21Z,16,8,0,16,2,1,1,1,1,1785487292
2026-07-31T12:35:21Z,17,3,0,23,1,0,1,1,1,1785500832
2026-07-31T12:35:21Z,18,4,0,12,2,0,1,1,1,1785501311
2026-07-31T12:35:21Z,19,14,3,12,1,0,1,1,1,1785501117
2026-07-31T12:35:21Z,20,26,0,9,0,0,1,1,1,1785501134
2026-07-31T12:35:21Z,21,11,1,7,1,0,1,1,1,1785500965
2026-07-31T12:35:21Z,22,26,0,38,1,0,1,1,1,1785501181
2026-07-31T12:35:21Z,23,19,7,12,0,0,1,1,1,1785500803
2026-07-31T12:35:21Z,24,3,2,6,2,0,1,1,1,1785501308
2026-07-31T12:35:21Z,25,11,3,69,0,1,1,1,1,1785501224
2026-07-31T12:35:21Z,26,7,2,20,0,0,1,1,1,1785501045
2026-07-31T12:35:21Z,28,12,2,3,0,0,1,1,1,1785499435
2026-07-31T12:35:21Z,30,6,3,22,1,0,1,1,1,1785501244
2026-07-31T12:35:21Z,31,3,1,15,1,0,1,1,1,1785501250
2026-07-31T12:35:21Z,32,6,0,21,0,0,1,1,1,1785501253
2026-07-31T12:35:21Z,34,18,3,18,1,0,1,1,1,1785500917
2026-07-31T12:35:21Z,35,13,2,32,2,0,1,1,1,1785501271
2026-07-31T12:35:21Z,36,0,0,0,0,0,0,1,1,86400
2026-07-31T12:35:21Z,37,2,0,21,0,0,1,1,1,1785501258
2026-07-31T12:35:21Z,38,16,2,7,0,0,1,1,1,1785501220
2026-07-31T12:35:21Z,39,21,3,18,0,0,1,1,1,1785500283
2026-07-31T12:35:21Z,40,2,0,19,0,0,1,1,1,1785501207
2026-07-31T12:35:21Z,41,9,2,33,1,0,1,1,1,1785501089
2026-07-31T12:35:21Z,42,23,7,8,0,0,1,1,1,1785501092
2026-07-31T12:35:21Z,43,2,0,21,0,0,1,1,1,1785500837
2026-07-31T12:35:21Z,45,12,3,16,1,0,1,1,1,1785501240
2026-07-31T12:35:21Z,46,7,0,24,0,0,1,1,1,1785500796
2026-07-31T12:35:21Z,47,12,6,2,1,0,1,1,1,1785501297
2026-07-31T12:35:21Z,48,8,0,19,0,0,1,1,1,1785501066
2026-07-31T12:35:21Z,49,16,0,5,2,0,1,1,1,1785501302
2026-07-31T12:35:21Z,50,19,12,0,0,0,1,1,1,1785501179
2026-07-31T12:35:21Z,51,42,0,35,0,0,1,1,1,1785500404
2026-07-31T12:35:21Z,52,8,1,16,3,0,1,1,1,1785501306
2026-07-31T12:35:21Z,55,6,0,17,0,0,1,1,1,1785501268
2026-07-31T12:35:21Z,56,1,0,41,1,0,1,1,1,1785501307
2026-07-31T12:35:21Z,57,6,3,21,0,0,1,1,1,1785500743
2026-07-31T12:35:21Z,58,9,1,19,0,0,1,1,1,1785501276
2026-07-31T12:35:21Z,59,8,4,17,2,0,1,1,1,1785501257
2026-07-31T12:35:21Z,61,6,1,33,0,0,1,1,1,1785500947
2026-07-31T12:35:21Z,62,17,6,31,1,0,1,1,1,1785501283
2026-07-31T12:35:21Z,63,5,0,14,0,0,1,1,1,1785501211
2026-07-31T12:35:21Z,64,11,1,4,4,0,1,1,1,1785497923
2026-07-31T12:35:21Z,65,16,8,2,1,0,1,1,1,1785500458
2026-07-31T12:35:21Z,67,1,1,38,0,0,1,1,1,1785501252
2026-07-31T12:35:21Z,68,11,0,26,0,0,1,1,1,1785501300
2026-07-31T12:35:21Z,69,9,1,6,0,0,1,1,1,1785500951
2026-07-31T12:35:21Z,71,6,1,20,1,0,1,1,1,1785501247
2026-07-31T12:35:21Z,72,27,6,1,2,1,1,1,1,1785500897
2026-07-31T12:35:21Z,73,19,4,12,0,0,1,1,1,1785501268
2026-07-31T12:35:21Z,74,2,2,17,0,0,1,1,1,1785501126
2026-07-31T12:35:21Z,75,3,0,28,1,0,1,1,1,1785500776
2026-07-31T12:35:21Z,76,10,1,8,1,0,1,1,1,1785501311
2026-07-31T12:35:21Z,77,19,0,7,1,0,1,1,1,1785501024
2026-07-31T12:35:21Z,78,6,6,16,1,0,1,1,1,1785501273
2026-07-31T12:35:21Z,79,3,2,13,1,0,1,1,1,1785501068
2026-07-31T12:35:21Z,80,18,1,2,3,0,1,1,1,1785501184
2026-07-31T12:35:21Z,81,4,1,27,0,0,1,1,1,1785500749
2026-07-31T12:35:21Z,82,14,0,9,0,0,1,1,1,1785500662
2026-07-31T12:35:21Z,83,4,0,29,1,0,1,1,1,1785500814
2026-07-31T12:35:21Z,84,23,0,4,0,0,1,1,1,1785500861
2026-07-31T12:35:21Z,85,7,2,8,0,0,1,1,1,1785500852
2026-07-31T12:35:21Z,86,25,0,1,1,0,1,1,1,1785499055
2026-07-31T12:35:21Z,87,18,0,1,0,0,1,1,1,1785501113
2026-07-31T12:35:21Z,88,8,0,34,1,0,1,1,1,1785501243
2026-07-31T12:35:21Z,89,0,0,35,0,0,1,1,1,1785500555
2026-07-31T12:35:21Z,90,3,2,13,2,0,1,1,1,1785500917
2026-07-31T12:35:21Z,91,15,0,2,0,0,1,1,1,1785501068
2026-07-31T12:35:21Z,92,5,1,11,3,0,1,1,1,1785501202
2026-07-31T12:35:21Z,93,0,0,23,0,0,1,1,1,1785498071
2026-07-31T12:35:21Z,94,6,0,12,1,0,1,1,1,1785501200
2026-07-31T12:35:21Z,95,18,0,15,1,1,1,1,1,1785501250
2026-07-31T12:35:21Z,96,25,0,5,1,0,1,1,1,1785501090
2026-07-31T12:35:21Z,97,0,0,16,1,0,1,1,1,1785501292
2026-07-31T12:35:21Z,98,28,0,7,0,0,1,1,1,1785501092
2026-07-31T12:35:21Z,99,1,0,14,0,0,1,1,1,1785501135
2026-07-31T12:35:21Z,100,1,1,26,0,0,1,1,1,1785501045
2026-07-31T12:35:21Z,101,2,0,11,2,0,1,1,1,1785501236
2026-07-31T12:35:21Z,102,1,0,22,0,0,1,1,1,1785501060
2026-07-31T12:35:21Z,103,12,0,18,0,0,1,1,1,1785501250
2026-07-31T12:35:21Z,104,1,0,24,2,0,1,1,1,1785501309
2026-07-31T12:35:21Z,105,14,1,5,0,0,1,1,1,1785495616
2026-07-31T12:35:21Z,106,0,0,21,0,0,1,1,1,1785500970
2026-07-31T12:35:21Z,107,9,4,28,0,0,1,1,1,1785501205
2026-07-31T12:35:21Z,108,0,0,35,0,0,1,1,1,1785500996
2026-07-31T12:35:21Z,109,16,0,7,0,0,1,1,1,1785501249
2026-07-31T12:35:21Z,110,9,0,14,0,0,1,1,1,1785501294
2026-07-31T12:35:21Z,111,7,1,29,0,0,1,1,1,1785500057
2026-07-31T12:35:21Z,112,0,0,14,1,0,1,1,1,1785499421
2026-07-31T12:35:21Z,113,7,0,10,2,0,1,1,1,1785501132
2026-07-31T12:35:21Z,114,25,6,4,1,1,1,1,1,1785501237
2026-07-31T12:35:21Z,115,21,2,6,1,0,1,1,1,1785501305
2026-07-31T12:35:21Z,116,20,8,6,1,0,1,1,1,1785500776
2026-07-31T12:35:21Z,118,14,3,7,2,0,1,1,1,1785500968
2026-07-31T12:35:21Z,119,19,0,15,4,0,1,1,1,1785501176
2026-07-31T12:35:21Z,120,15,0,11,1,0,1,1,1,1785500159
2026-07-31T12:35:21Z,121,0,0,17,1,1,1,1,1,1785501236
2026-07-31T12:35:21Z,122,8,3,12,1,0,1,1,1,1785501059
2026-07-31T12:35:21Z,123,9,2,38,0,0,1,1,1,1785501191
2026-07-31T12:35:21Z,124,22,0,13,0,0,1,1,1,1785501200
2026-07-31T12:35:21Z,125,8,3,13,2,0,1,1,1,1785501238
2026-07-31T12:35:21Z,126,22,2,9,0,0,1,1,1,1785500769
2026-07-31T12:35:21Z,127,26,1,7,2,0,1,1,1,1785500999
2026-07-31T12:35:21Z,128,12,0,7,0,0,1,1,1,1785501100
2026-07-31T12:35:21Z,129,11,0,6,2,0,1,1,1,1785500333
2026-07-31T12:35:21Z,130,5,1,12,0,0,1,1,1,1785495263
2026-07-31T12:35:21Z,131,6,3,3,2,0,1,1,1,1785499903
2026-07-31T12:35:21Z,132,11,4,2,1,1,1,1,1,1785500982
2026-07-31T12:35:21Z,134,6,1,13,4,0,1,1,1,1785501293
2026-07-31T12:35:21Z,135,5,3,13,1,0,1,1,1,1785500836
2026-07-31T12:35:21Z,136,5,0,8,3,7,1,1,1,1785501271
2026-07-31T12:35:21Z,137,7,2,12,0,0,1,1,1,1785501159
2026-07-31T12:35:21Z,138,32,0,5,0,0,1,1,1,1785501241
2026-07-31T12:35:21Z,139,7,2,12,0,0,1,1,1,1785501167
2026-07-31T12:35:21Z,140,2,2,20,1,0,1,1,1,1785501309
2026-07-31T12:35:21Z,141,25,0,11,0,0,1,1,1,1785501085
2026-07-31T12:35:21Z,142,14,0,9,0,0,1,1,1,1785501067
2026-07-31T12:35:21Z,143,3,0,28,0,0,1,1,1,1785501310
2026-07-31T12:35:21Z,144,13,1,14,0,0,1,1,1,1785501082
2026-07-31T12:35:21Z,146,3,0,19,1,0,1,1,1,1785499109
2026-07-31T12:35:21Z,147,13,1,4,2,0,1,1,1,1785501239
2026-07-31T12:35:21Z,148,19,2,6,1,1,1,1,1,1785501264
2026-07-31T12:35:21Z,149,16,3,11,0,0,1,1,1,1785500952
2026-07-31T12:35:21Z,150,19,6,13,3,0,1,1,1,1785501296
2026-07-31T12:35:21Z,151,10,3,13,0,0,1,1,1,1785500748
2026-07-31T12:35:21Z,152,11,0,12,4,0,1,1,1,1785501253
2026-07-31T12:35:21Z,153,2,0,23,6,0,1,1,1,1785501147
2026-07-31T12:35:21Z,154,14,4,5,4,0,1,1,1,1785501245
2026-07-31T12:35:21Z,155,9,4,4,1,0,1,1,1,1785501302
2026-07-31T12:35:21Z,156,1,0,18,0,0,1,1,1,1785501112
2026-07-31T12:35:21Z,157,8,0,17,2,0,1,1,1,1785501262
2026-07-31T12:35:21Z,158,10,2,6,0,0,1,1,1,1785500596
2026-07-31T12:35:21Z,159,0,0,19,0,0,1,1,1,1785497085
2026-07-31T12:35:21Z,160,6,0,13,0,0,1,1,1,1785501088
2026-07-31T12:35:21Z,161,16,2,6,0,0,1,1,1,1785501098
2026-07-31T12:35:21Z,162,15,1,11,1,0,1,1,1,1785500828
2026-07-31T12:35:21Z,163,15,0,15,0,1,1,1,1,1785501186
2026-07-31T12:35:21Z,164,24,4,3,0,0,1,1,1,1785501266
2026-07-31T12:35:21Z,165,21,12,9,1,0,1,1,1,1785501297
2026-07-31T12:35:21Z,166,23,7,12,4,0,1,1,1,1785501309
2026-07-31T12:35:21Z,167,7,5,15,1,0,1,1,1,1785501295
2026-07-31T12:35:21Z,168,23,3,1,3,0,1,1,1,1785501300
2026-07-31T12:35:21Z,169,0,0,21,1,1,1,1,1,1785500352
2026-07-31T12:35:21Z,170,12,3,5,2,0,1,1,1,1785500832
2026-07-31T12:35:21Z,171,7,2,4,2,0,1,1,1,1785501171
2026-07-31T12:35:21Z,173,30,0,9,0,0,1,1,1,1785501310
2026-07-31T12:35:21Z,174,15,0,9,2,0,1,1,1,1785501191
2026-07-31T12:35:21Z,175,9,0,22,0,0,1,1,1,1785501049
2026-07-31T12:35:21Z,176,3,1,10,1,1,1,1,1,1785500829
2026-07-31T12:35:21Z,177,10,3,17,0,0,1,1,1,1785501308
2026-07-31T12:35:21Z,178,1,0,11,2,1,1,1,1,1785501310
2026-07-31T12:35:21Z,179,3,0,11,1,0,1,1,1,1785501225
2026-07-31T12:35:21Z,180,9,1,21,0,0,1,1,1,1785500831
2026-07-31T12:35:21Z,181,15,1,0,0,0,1,1,1,1785501159
2026-07-31T12:35:21Z,182,5,0,11,1,0,1,1,1,1785501303
2026-07-31T12:35:21Z,183,10,0,12,1,0,1,1,1,1785501186
2026-07-31T12:35:21Z,184,12,1,10,1,0,1,1,1,1785501309
2026-07-31T12:35:21Z,185,9,0,3,2,1,1,1,1,1785500644
2026-07-31T12:35:21Z,186,3,1,16,0,0,1,1,1,1785501020
2026-07-31T12:35:21Z,187,10,0,17,1,0,1,1,1,1785500576
2026-07-31T12:35:21Z,188,5,0,14,7,1,1,1,1,1785501298
2026-07-31T12:35:21Z,189,6,0,8,1,0,1,1,1,1785500652
2026-07-31T12:35:21Z,190,9,4,14,0,0,1,1,1,1785501189
2026-07-31T12:35:21Z,191,9,1,30,0,0,1,1,1,1785501082
2026-07-31T12:35:21Z,192,8,1,20,3,0,1,1,1,1785500661
2026-07-31T12:35:21Z,193,5,2,10,0,0,1,1,1,1785501180
2026-07-31T12:35:21Z,194,15,2,11,1,0,1,1,1,1785501278
2026-07-31T12:35:21Z,195,10,2,9,0,0,1,1,1,1785500047
2026-07-31T12:35:21Z,196,5,1,21,1,0,1,1,1,1785501109
2026-07-31T12:35:21Z,197,18,8,0,0,1,1,1,1,1785500133
2026-07-31T12:35:21Z,198,15,14,8,0,0,1,1,1,1785501011
2026-07-31T12:35:21Z,199,8,4,6,1,0,1,1,1,1785500943
2026-07-31T12:35:21Z,200,16,2,9,1,0,1,1,1,1785501276
2026-07-31T12:35:21Z,201,19,2,4,0,0,1,1,1,1785500416
2026-07-31T12:35:21Z,202,2,1,25,0,0,1,1,1,1785498972
2026-07-31T12:35:21Z,203,26,2,4,1,0,1,1,1,1785500825
2026-07-31T12:35:21Z,204,15,0,19,1,0,1,1,1,1785501228
2026-07-31T12:35:21Z,205,11,1,16,0,0,1,1,1,1785501311
2026-07-31T12:35:21Z,206,2,1,13,0,0,1,1,1,1785500425
2026-07-31T12:35:21Z,207,7,0,14,0,0,1,1,1,1785500920
2026-07-31T12:35:21Z,208,17,3,12,0,0,1,1,1,1785501232
2026-07-31T12:35:21Z,209,3,0,26,2,0,1,1,1,1785501233
2026-07-31T12:35:21Z,210,17,1,10,0,0,1,1,1,1785500958
2026-07-31T12:35:21Z,211,6,4,15,2,0,1,1,1,1785501080
2026-07-31T12:35:21Z,212,26,0,8,1,0,1,1,1,1785501171
2026-07-31T12:35:21Z,213,2,0,19,2,0,1,1,1,1785501213
2026-07-31T12:35:21Z,214,38,0,6,3,0,1,1,1,1785501181
2026-07-31T12:35:21Z,215,5,2,17,1,0,1,1,1,1785501295
2026-07-31T12:35:21Z,216,6,1,12,1,0,1,1,1,1785501095
2026-07-31T12:35:21Z,217,9,0,19,1,0,1,1,1,1785501259
2026-07-31T12:35:21Z,218,22,5,16,1,0,1,1,1,1785501310
2026-07-31T12:35:21Z,219,16,1,8,2,0,1,1,1,1785501106
2026-07-31T12:35:21Z,220,21,5,21,0,1,1,1,1,1785501279
2026-07-31T12:35:21Z,221,3,3,11,1,0,1,1,1,1785500817
2026-07-31T12:35:21Z,222,9,9,10,0,0,1,1,1,1785501268
2026-07-31T12:35:21Z,223,16,1,14,5,0,1,1,1,1785501295
2026-07-31T12:35:21Z,224,7,4,15,0,0,1,1,1,1785501167
2026-07-31T12:35:21Z,225,12,1,1,6,0,1,1,1,1785498882
2026-07-31T12:35:21Z,226,29,9,1,1,0,1,1,1,1785501269
2026-07-31T12:35:21Z,227,16,12,9,1,1,1,1,1,1785501275
2026-07-31T12:35:21Z,228,1,0,17,1,0,1,1,1,1785500192
2026-07-31T12:35:21Z,230,10,5,16,0,0,1,1,1,1785501218
2026-07-31T12:35:21Z,232,7,4,9,1,0,1,1,1,1785501193
2026-07-31T12:35:21Z,233,15,2,14,2,0,1,1,1,1785501012
2026-07-31T12:35:21Z,234,7,3,7,3,2,1,1,1,1785500381
2026-07-31T12:35:21Z,236,6,1,13,0,0,1,1,1,1785500369
2026-07-31T12:35:21Z,237,12,4,9,2,0,1,1,1,1785501230
2026-07-31T12:35:21Z,239,20,16,4,3,0,1,1,1,1785501237
2026-07-31T12:35:21Z,241,12,3,10,1,0,1,1,1,1785501052
2026-07-31T12:35:21Z,242,10,4,11,2,0,1,1,1,1785500381
2026-07-31T12:35:21Z,243,9,3,21,1,0,1,1,1,1785500997
2026-07-31T12:35:21Z,244,11,3,15,1,0,1,1,1,1785501269
2026-07-31T12:35:21Z,245,4,4,19,0,0,1,1,1,1785498521
2026-07-31T12:35:21Z,246,19,2,4,0,0,1,1,1,1785499630
2026-07-31T12:35:21Z,247,8,8,14,1,0,1,1,1,1785501169
2026-07-31T12:35:21Z,248,15,3,6,2,0,1,1,1,1785500868
2026-07-31T12:35:21Z,249,2,0,16,1,0,1,1,1,1785500294
2026-07-31T12:35:21Z,250,22,7,5,0,0,1,1,1,1785501127
2026-07-31T12:35:21Z,251,12,5,13,2,0,1,1,1,1785500777
2026-07-31T12:35:21Z,253,7,3,12,0,0,1,1,1,1785500258
2026-07-31T12:35:21Z,254,17,17,25,1,0,1,1,1,1785500676
2026-07-31T12:35:21Z,255,0,0,22,0,1,1,1,1,1785501141
2026-07-31T12:35:21Z,256,4,3,17,2,0,1,1,1,1785501308
2026-07-31T12:35:21Z,257,6,5,13,0,0,1,1,1,1785500411
2026-07-31T12:35:21Z,258,13,0,6,0,0,1,1,1,1785501126
2026-07-31T12:35:21Z,259,20,2,1,1,1,1,1,1,1785501021
2026-07-31T12:35:21Z,260,7,2,9,3,0,1,1,1,1785501264
2026-07-31T12:35:21Z,261,12,1,6,0,1,1,1,1,1785501233
2026-07-31T12:35:21Z,262,9,7,12,2,0,1,1,1,1785501118
2026-07-31T12:35:21Z,263,8,0,7,0,0,1,1,1,1785500977
2026-07-31T12:35:21Z,264,7,2,9,3,0,1,1,1,1785500004
2026-07-31T12:35:21Z,265,10,0,5,0,0,1,1,1,1785499937
2026-07-31T12:35:21Z,266,8,8,9,2,0,1,1,1,1785501107
2026-07-31T12:35:21Z,267,6,3,7,2,0,1,1,1,1785500369
2026-07-31T12:35:21Z,268,21,9,2,0,0,1,1,1,1785501253
2026-07-31T12:35:21Z,269,6,2,17,0,0,1,1,1,1785500691
2026-07-31T12:35:21Z,270,22,2,5,0,0,1,1,1,1785500635
2026-07-31T12:35:21Z,271,5,0,12,2,0,1,1,1,1785500412
2026-07-31T12:35:21Z,272,9,9,13,1,0,1,1,1,1785500074
2026-07-31T12:35:21Z,273,8,3,7,0,0,1,1,1,1785499498
2026-07-31T12:35:21Z,274,11,6,7,1,0,1,1,1,1785501169
2026-07-31T12:35:21Z,275,6,0,17,0,0,1,1,1,1785501297
2026-07-31T12:35:21Z,276,3,3,24,0,0,1,1,1,1785500563
2026-07-31T12:35:21Z,277,15,2,3,5,0,1,1,1,1785501211
2026-07-31T12:35:21Z,278,6,1,22,2,1,1,1,1,1785501309
2026-07-31T12:35:21Z,279,16,2,3,0,0,1,1,1,1785501127
2026-07-31T12:35:21Z,280,11,2,18,2,0,1,1,1,1785501267
2026-07-31T12:35:21Z,281,16,0,3,0,0,1,1,1,1785501207
2026-07-31T12:35:21Z,282,6,2,12,0,0,1,1,1,1785500800
2026-07-31T12:35:21Z,283,26,0,9,0,0,1,1,1,1785500907
2026-07-31T12:35:21Z,284,10,0,23,2,0,1,1,1,1785501281
2026-07-31T12:35:21Z,285,8,7,15,0,0,1,1,1,1785500895
2026-07-31T12:35:21Z,286,12,10,7,4,0,1,1,1,1785500641
2026-07-31T12:35:21Z,287,17,5,4,2,0,1,1,1,1785500213
2026-07-31T12:35:21Z,288,7,6,12,0,0,1,1,1,1785501126
2026-07-31T12:35:21Z,289,18,2,6,3,0,1,1,1,1785501237
2026-07-31T12:35:21Z,290,7,0,31,1,0,1,1,1,1785501220
2026-07-31T12:35:21Z,291,10,1,12,1,0,1,1,1,1785501267
2026-07-31T12:35:21Z,292,19,1,4,0,0,1,1,1,1785500918
2026-07-31T12:35:21Z,293,14,10,9,0,0,1,1,1,1785499315
2026-07-31T12:35:21Z,294,4,3,17,1,0,1,1,1,1785500962
2026-07-31T12:35:21Z,297,16,2,0,2,1,1,1,1,1785501115
2026-07-31T12:35:21Z,301,10,0,9,0,0,1,1,1,1785501140
2026-07-31T12:35:21Z,302,6,0,17,0,0,1,1,1,1785500250
2026-07-31T12:35:21Z,303,9,0,10,0,0,1,1,1,1785501161
2026-07-31T12:35:21Z,304,0,0,0,0,0,0,1,1,86400
2026-07-31T12:35:21Z,305,1,0,17,1,0,1,1,1,1785501307
2026-07-31T12:35:21Z,306,6,2,26,0,0,1,1,1,1785499378
2026-07-31T12:35:21Z,307,20,0,1,1,1,1,1,1,1785501219
2026-07-31T12:35:21Z,308,16,0,1,2,0,1,1,1,1785500881
2026-07-31T12:35:21Z,309,11,2,3,0,0,1,1,1,1785500331
2026-07-31T12:35:21Z,311,11,0,4,0,0,1,1,1,1785501123
2026-07-31T12:35:21Z,312,2,1,17,4,0,1,1,1,1785501228
2026-07-31T12:35:21Z,313,0,0,15,0,0,1,1,1,1785500768
2026-07-31T12:35:21Z,314,5,3,10,3,0,1,1,1,1785499801
2026-07-31T12:35:21Z,315,18,4,11,2,0,1,1,1,1785500563
2026-07-31T12:35:21Z,316,0,0,24,6,1,1,1,1,1785501178
2026-07-31T12:35:21Z,317,22,5,8,0,1,1,1,1,1785501284
2026-07-31T12:35:21Z,318,16,0,3,0,0,1,1,1,1785500380
2026-07-31T12:35:21Z,319,15,1,6,2,0,1,1,1,1785501282
2026-07-31T12:35:21Z,320,13,4,5,1,0,1,1,1,1785500810
2026-07-31T12:35:21Z,321,9,2,6,4,0,1,1,1,1785501019
2026-07-31T12:35:21Z,322,5,2,24,0,0,1,1,1,1785500808
2026-07-31T12:35:21Z,323,11,0,8,0,0,1,1,1,1785500694
2026-07-31T12:35:21Z,324,20,0,5,2,0,1,1,1,1785501299
2026-07-31T12:35:21Z,325,8,4,17,2,0,1,1,1,1785499930
2026-07-31T12:35:21Z,327,22,0,4,1,0,1,1,1,1785500873
2026-07-31T12:35:21Z,328,11,0,10,1,0,1,1,1,1785499599
2026-07-31T12:35:21Z,329,16,0,1,2,0,1,1,1,1785501147
2026-07-31T12:35:21Z,330,2,0,19,1,0,1,1,1,1785500266
2026-07-31T12:35:21Z,331,11,2,11,1,0,1,1,1,1785501191
2026-07-31T12:35:21Z,332,9,1,8,2,0,1,1,1,1785500834
2026-07-31T12:35:21Z,333,12,1,10,1,0,1,1,1,1785501183
2026-07-31T12:35:21Z,334,7,7,16,0,0,1,1,1,1785500661
2026-07-31T12:35:21Z,335,4,2,18,0,1,1,1,1,1785499796
2026-07-31T12:35:21Z,336,15,2,4,0,0,1,1,1,1785501312
2026-07-31T12:35:21Z,337,13,3,5,5,0,1,1,1,1785501085
2026-07-31T12:35:21Z,338,11,4,7,1,0,1,1,1,1785500825
2026-07-31T12:35:21Z,339,13,8,8,2,0,1,1,1,1785501289
2026-07-31T12:35:21Z,340,9,9,5,1,0,1,1,1,1785500948
2026-07-31T12:35:21Z,341,0,0,19,0,0,1,1,1,1785500249
2026-07-31T12:35:21Z,342,13,5,0,2,0,1,1,1,1785500433
2026-07-31T12:35:21Z,343,18,1,4,1,0,1,1,1,1785499720
2026-07-31T12:35:21Z,344,19,8,4,0,0,1,1,1,1785501191
2026-07-31T12:35:21Z,345,11,2,8,0,0,1,1,1,1785501261
2026-07-31T12:35:21Z,346,10,5,13,0,0,1,1,1,1785500440
2026-07-31T12:35:21Z,347,42,3,1,1,0,1,1,1,1785501247
2026-07-31T12:35:21Z,348,19,2,3,0,1,1,1,1,1785501274
2026-07-31T12:35:21Z,349,10,2,8,1,0,1,1,1,1785501307
2026-07-31T12:35:21Z,350,15,3,10,1,1,1,1,1,1785500918
2026-07-31T12:35:21Z,351,14,3,5,4,0,1,1,1,1785501015
2026-07-31T12:35:21Z,355,17,1,6,0,0,1,1,1,1785501303
2026-07-31T12:35:21Z,356,14,1,4,1,0,1,1,1,1785501265
2026-07-31T12:35:21Z,357,5,2,14,0,0,1,1,1,1785501224
2026-07-31T12:35:21Z,358,16,4,10,1,0,1,1,1,1785500475
2026-07-31T12:35:21Z,359,12,0,15,0,0,1,1,1,1785501290
2026-07-31T12:35:21Z,360,13,2,4,2,0,1,1,1,1785500292
2026-07-31T12:35:21Z,362,9,3,7,3,0,1,1,1,1785501041
2026-07-31T12:35:21Z,363,7,0,20,0,0,1,1,1,1785501053
2026-07-31T12:35:21Z,364,18,4,1,0,0,1,1,1,1785500592
2026-07-31T12:35:21Z,365,10,0,9,4,0,1,1,1,1785499693
2026-07-31T12:35:21Z,366,3,2,16,4,0,1,1,1,1785501209
2026-07-31T12:35:21Z,367,14,9,4,1,0,1,1,1,1785497713
2026-07-31T12:35:21Z,368,17,4,4,2,0,1,1,1,1785500237
2026-07-31T12:35:21Z,370,7,5,20,0,0,1,1,1,1785501250
2026-07-31T12:35:21Z,371,2,0,16,1,0,1,1,1,1785500254
2026-07-31T12:35:21Z,372,5,0,10,0,0,1,1,1,1785500687
2026-07-31T12:35:21Z,373,25,8,1,1,0,1,1,1,1785500072
2026-07-31T12:35:21Z,374,11,4,6,2,0,1,1,1,1785501162
2026-07-31T12:35:21Z,375,16,5,7,4,0,1,1,1,1785499947
2026-07-31T12:35:21Z,376,24,7,11,4,0,1,1,1,1785501297
2026-07-31T12:35:21Z,377,17,7,9,1,0,1,1,1,1785501148
2026-07-31T12:35:21Z,378,14,3,8,1,1,1,1,1,1785501289
2026-07-31T12:35:21Z,379,13,1,14,0,0,1,1,1,1785501229
2026-07-31T12:35:21Z,380,15,5,7,1,0,1,1,1,1785500351
2026-07-31T12:35:21Z,381,1,0,22,0,0,1,1,1,1785500289
2026-07-31T12:35:21Z,383,2,0,12,1,0,1,1,1,1785500965
2026-07-31T12:35:21Z,384,20,0,5,2,0,1,1,1,1785499574
2026-07-31T12:35:21Z,385,13,5,4,1,0,1,1,1,1785500909
2026-07-31T12:35:21Z,387,20,2,3,0,0,1,1,1,1785496960
2026-07-31T12:35:21Z,388,30,3,18,1,0,1,1,1,1785500955
2026-07-31T12:35:21Z,389,7,5,8,0,0,1,1,1,1785501296
2026-07-31T12:35:21Z,390,16,0,19,0,0,1,1,1,1785500986
2026-07-31T12:35:21Z,391,2,1,12,1,0,1,1,1,1785499889
2026-07-31T12:35:21Z,392,2,2,16,1,0,1,1,1,1785501273
2026-07-31T12:35:21Z,393,3,3,5,3,0,1,1,1,1785487292
2026-07-31T12:35:21Z,394,5,4,6,2,0,1,1,1,1785500017
2026-07-31T12:35:21Z,396,21,8,18,3,0,1,1,1,1785501062
2026-07-31T12:35:21Z,397,12,6,19,0,0,1,1,1,1785500736
2026-07-31T12:35:21Z,399,8,0,7,2,0,1,1,1,1785500749
2026-07-31T12:35:21Z,400,12,7,8,3,0,1,1,1,1785500180
2026-07-31T12:35:21Z,401,0,0,31,8,0,1,1,1,1785500791
2026-07-31T12:35:21Z,403,19,1,8,4,0,1,1,1,1785501310
2026-07-31T12:35:21Z,404,1,1,22,0,0,1,1,1,1785500952
2026-07-31T12:35:21Z,406,3,1,31,1,0,1,1,1,1785501307
2026-07-31T12:35:21Z,407,18,3,15,1,0,1,1,1,1785499747
2026-07-31T12:35:21Z,408,15,3,16,2,0,1,1,1,1785499687
2026-07-31T12:35:21Z,409,2,0,18,3,0,1,1,1,1785498301
2026-07-31T12:35:21Z,413,18,4,4,1,0,1,1,1,1785500000
2026-07-31T12:35:21Z,414,6,2,8,1,0,1,1,1,1785501230
2026-07-31T12:35:21Z,417,3,2,15,1,0,1,1,1,1785501255
2026-07-31T12:35:21Z,418,13,0,2,0,0,1,1,1,1785500816
2026-07-31T12:35:21Z,419,11,0,11,1,0,1,1,1,1785500476
2026-07-31T12:35:21Z,421,2,0,17,0,0,1,1,1,1785500674
2026-07-31T12:35:21Z,422,5,4,21,1,0,1,1,1,1785501146
2026-07-31T12:35:21Z,423,2,2,21,0,0,1,1,1,1785500357
2026-07-31T12:35:21Z,424,2,1,10,3,0,1,1,1,1785501124
2026-07-31T12:35:21Z,425,16,0,5,0,1,1,1,1,1785500631
2026-07-31T12:35:21Z,426,8,1,25,4,0,1,1,1,1785501188
2026-07-31T12:35:21Z,427,9,1,5,1,0,1,1,1,1785501259
2026-07-31T12:35:21Z,428,17,2,1,1,0,1,1,1,1785501151
2026-07-31T12:35:21Z,429,4,2,17,2,0,1,1,1,1785501077
2026-07-31T12:35:21Z,430,27,1,1,3,0,1,1,1,1785501263
2026-07-31T12:35:21Z,431,16,0,16,1,0,1,1,1,1785500099
2026-07-31T12:35:21Z,432,15,0,14,2,0,0,1,1,1785501290
2026-07-31T12:35:21Z,433,17,5,4,2,0,1,1,1,1785500391
2026-07-31T12:35:21Z,437,3,2,15,1,0,1,1,1,1785501217
2026-07-31T12:35:21Z,438,17,1,1,1,0,1,1,1,1785501215
2026-07-31T12:35:21Z,439,1,0,13,1,0,1,1,1,1785500881
2026-07-31T12:35:21Z,440,12,1,1,2,0,1,1,1,1785501261
2026-07-31T12:35:21Z,441,11,2,3,1,0,1,1,1,1785500209
2026-07-31T12:35:21Z,442,18,10,0,1,0,1,1,1,1785498676
2026-07-31T12:35:21Z,443,4,2,23,0,0,1,1,1,1785485488
2026-07-31T12:35:21Z,444,4,2,19,0,0,1,1,1,1785501265
2026-07-31T12:35:21Z,445,7,2,15,1,0,1,1,1,1785501123
2026-07-31T12:35:21Z,446,1,1,21,1,0,1,1,1,1785500858
2026-07-31T12:35:21Z,447,3,0,18,1,1,1,1,1,1785496389
2026-07-31T12:35:21Z,448,7,2,7,1,0,1,1,1,1785501220
2026-07-31T12:35:21Z,452,8,4,10,1,0,1,1,1,1785500965
2026-07-31T12:35:21Z,453,5,4,9,1,0,1,1,1,1785501287
2026-07-31T12:35:21Z,454,6,0,13,0,0,1,1,1,1785501232
2026-07-31T12:35:21Z,455,3,2,35,1,0,1,1,1,1785500489
2026-07-31T12:35:21Z,456,4,0,15,1,0,1,1,1,1785501213
2026-07-31T12:35:21Z,457,25,2,0,2,0,1,1,1,1785501025
2026-07-31T12:35:21Z,458,12,4,11,0,0,1,1,1,1785499509
2026-07-31T12:35:21Z,459,12,0,3,0,0,1,1,1,1785500736
2026-07-31T12:35:21Z,460,12,0,10,1,0,1,1,1,1785501063
2026-07-31T12:35:21Z,461,9,2,10,0,0,1,1,1,1785501146
2026-07-31T12:35:21Z,462,17,2,4,0,0,1,1,1,1785501032
2026-07-31T12:35:21Z,463,9,0,10,0,0,1,1,1,1785499420
2026-07-31T12:35:21Z,464,0,0,14,0,0,1,1,1,1785499858
2026-07-31T12:35:21Z,465,1,0,13,1,0,1,1,1,1785499838
2026-07-31T12:35:21Z,466,11,3,2,2,0,1,1,1,1785500010
2026-07-31T12:35:21Z,467,2,1,17,0,0,1,1,1,1785500498
2026-07-31T12:35:21Z,468,17,1,1,1,0,1,1,1,1785485789
2026-07-31T12:35:21Z,469,1,0,22,0,0,1,1,1,1785500255
2026-07-31T12:35:21Z,470,9,2,5,1,0,1,1,1,1785501233
2026-07-31T12:35:21Z,471,24,2,3,0,0,1,1,1,1785500523
2026-07-31T12:35:21Z,472,8,3,10,1,0,1,1,1,1785501177
2026-07-31T12:35:21Z,473,17,3,1,1,0,1,1,1,1785500079
2026-07-31T12:35:21Z,474,13,0,6,0,0,1,1,1,1785501295
2026-07-31T12:35:21Z,475,8,3,11,0,0,1,1,1,1785499966
2026-07-31T12:35:21Z,477,3,2,10,2,0,1,1,1,1785501275
2026-07-31T12:35:21Z,478,11,1,19,1,0,1,1,1,1785501269
2026-07-31T12:35:21Z,479,4,0,22,1,0,1,1,1,1785500950
2026-07-31T12:35:21Z,480,2,0,11,2,0,1,1,1,1785501080
2026-07-31T12:35:21Z,481,15,1,19,1,0,1,1,1,1785501305
2026-07-31T12:35:21Z,482,12,6,7,0,0,1,1,1,1785500414
2026-07-31T12:35:21Z,483,4,0,21,2,0,1,1,1,1785501246
2026-07-31T12:35:21Z,484,1,1,17,1,0,1,1,1,1785501289
2026-07-31T12:35:21Z,485,14,6,3,1,1,1,1,1,1785501232
2026-07-31T12:35:21Z,486,5,3,19,3,0,1,1,1,1785501303
2026-07-31T12:35:21Z,487,0,0,18,1,0,1,1,1,1785499667
2026-07-31T12:35:21Z,489,2,2,13,0,0,1,1,1,1785500768
2026-07-31T12:35:21Z,490,4,2,12,0,0,1,1,1,1785501142
2026-07-31T12:35:21Z,491,3,0,17,1,0,1,1,1,1785501172
2026-07-31T12:35:21Z,492,2,2,5,4,0,1,1,1,1785501308
2026-07-31T12:35:21Z,493,3,1,23,1,0,1,1,1,1785500083
2026-07-31T12:35:21Z,495,8,0,4,3,0,1,1,1,1785500279
2026-07-31T12:35:21Z,496,21,1,6,0,0,1,1,1,1785500570
2026-07-31T12:35:21Z,497,8,0,10,1,0,1,1,1,1785501288
2026-07-31T12:35:21Z,498,12,1,11,0,0,1,1,1,1785501283
2026-07-31T12:35:21Z,499,15,0,3,1,0,1,1,1,1785501193
2026-07-31T12:35:21Z,500,3,1,5,7,0,1,1,1,1785499947
2026-07-31T12:35:21Z,501,13,7,8,0,0,1,1,1,1785501225
2026-07-31T12:35:21Z,502,9,0,10,0,0,1,1,1,1785501090
2026-07-31T12:35:21Z,503,17,0,13,1,0,1,1,1,1785500891
2026-07-31T12:35:21Z,504,13,3,26,0,0,1,1,1,1785501167
2026-07-31T12:35:21Z,505,3,0,8,1,0,1,1,1,1785500832
2026-07-31T12:35:21Z,511,7,3,16,0,0,1,1,1,1785501142
2026-07-31T12:35:21Z,512,19,0,8,0,0,1,1,1,1785500453
2026-07-31T12:35:21Z,514,4,0,6,1,0,1,1,1,1785500878
2026-07-31T12:35:21Z,515,0,0,18,1,0,1,1,1,1785500561
2026-07-31T12:35:21Z,516,10,1,17,0,0,1,1,1,1785501062
2026-07-31T12:35:21Z,517,10,1,12,1,0,1,1,1,1785500843
2026-07-31T12:35:21Z,518,13,0,1,1,0,1,1,1,1785499590
2026-07-31T12:35:21Z,519,2,0,15,2,0,1,1,1,1785497842
2026-07-31T12:35:21Z,520,13,6,8,5,1,1,1,1,1785501312
2026-07-31T12:35:21Z,521,17,4,6,0,0,1,1,1,1785500836
2026-07-31T12:35:21Z,522,1,0,21,1,0,1,1,1,1785501247
2026-07-31T12:35:21Z,523,4,3,18,1,0,1,1,1,1785501213
2026-07-31T12:35:21Z,524,0,0,23,0,0,1,1,1,1785501222
2026-07-31T12:35:21Z,525,4,0,15,0,0,1,1,1,1785501013
2026-07-31T12:35:21Z,526,13,1,0,2,0,1,1,1,1785486390
2026-07-31T12:35:21Z,527,6,3,17,3,0,1,1,1,1785501263
2026-07-31T12:35:21Z,528,20,1,2,1,0,1,1,1,1785500223
2026-07-31T12:35:21Z,529,7,3,6,6,0,1,1,1,1785501312
2026-07-31T12:35:21Z,530,8,0,12,1,0,1,1,1,1785500624
2026-07-31T12:35:21Z,531,12,0,9,1,1,1,1,1,1785500411
2026-07-31T12:35:21Z,532,11,5,19,1,0,1,1,1,1785501241
2026-07-31T12:35:21Z,533,4,0,14,1,0,1,1,1,1785501246
2026-07-31T12:35:21Z,534,5,1,17,1,0,1,1,1,1785501011
2026-07-31T12:35:21Z,535,2,0,13,0,0,1,1,1,1785501255
2026-07-31T12:35:21Z,536,20,0,3,0,0,1,1,1,1785500737
2026-07-31T12:35:21Z,537,7,1,13,0,0,1,1,1,1785501009
2026-07-31T12:35:21Z,538,11,2,10,0,2,1,1,1,1785501014
2026-07-31T12:35:21Z,539,5,5,26,0,0,1,1,1,1785498487
2026-07-31T12:35:21Z,540,1,1,18,0,0,1,1,1,1785500753
2026-07-31T12:35:21Z,541,12,0,14,1,0,1,1,1,1785500811
2026-07-31T12:35:21Z,542,21,6,1,1,0,1,1,1,1785501241
2026-07-31T12:35:21Z,543,15,3,3,1,0,1,1,1,1785501050
2026-07-31T12:35:21Z,544,1,1,17,4,0,1,1,1,1785501101
2026-07-31T12:35:21Z,545,0,0,17,2,0,1,1,1,1785501259
2026-07-31T12:35:21Z,546,7,6,12,0,0,1,1,1,1785500951
2026-07-31T12:35:21Z,547,18,1,6,1,0,1,1,1,1785501154
2026-07-31T12:35:21Z,548,14,1,9,0,0,1,1,1,1785501002
2026-07-31T12:35:21Z,549,17,0,6,0,0,1,1,1,1785500936
2026-07-31T12:35:21Z,550,4,0,15,0,0,1,1,1,1785500114
2026-07-31T12:35:21Z,551,11,4,12,0,0,1,1,1,1785498819
2026-07-31T12:35:21Z,552,23,0,4,0,0,1,1,1,1785500999
2026-07-31T12:35:21Z,553,8,3,14,0,1,1,1,1,1785501257
2026-07-31T12:35:21Z,554,4,1,15,0,0,1,1,1,1785501259
2026-07-31T12:35:21Z,555,13,5,1,1,0,1,1,1,1785499646
2026-07-31T12:35:21Z,556,18,4,3,2,0,1,1,1,1785501061
2026-07-31T12:35:21Z,557,10,5,9,4,0,1,1,1,1785501261
2026-07-31T12:35:21Z,558,26,4,11,0,0,1,1,1,1785501153
2026-07-31T12:35:21Z,559,2,1,15,2,0,1,1,1,1785500184
2026-07-31T12:35:21Z,560,11,0,15,1,0,1,1,1,1785501292
2026-07-31T12:35:21Z,561,13,0,9,1,0,1,1,1,1785499311
2026-07-31T12:35:21Z,562,3,0,29,3,0,1,1,1,1785486691
2026-07-31T12:35:21Z,563,8,0,6,0,0,1,1,1,1785499160
2026-07-31T12:35:21Z,564,7,0,11,1,0,1,1,1,1785500251
2026-07-31T12:35:21Z,565,2,1,17,0,0,1,1,1,1785500951
2026-07-31T12:35:21Z,566,15,0,3,1,0,1,1,1,1785501173
2026-07-31T12:35:21Z,567,4,1,22,1,0,1,1,1,1785500716
2026-07-31T12:35:21Z,568,18,0,0,1,0,1,1,1,1785500733
2026-07-31T12:35:21Z,569,15,2,4,0,0,1,1,1,1785499264
2026-07-31T12:35:21Z,570,4,0,14,1,0,1,1,1,1785501041
2026-07-31T12:35:21Z,571,14,0,9,0,0,1,1,1,1785501312
2026-07-31T12:35:21Z,572,11,4,7,1,0,1,1,1,1785501177
2026-07-31T12:35:21Z,573,5,0,10,0,0,1,1,1,1785500681
2026-07-31T12:35:21Z,574,3,0,12,0,0,1,1,1,1785501300
2026-07-31T12:35:21Z,575,5,1,15,1,0,1,1,1,1785501118
2026-07-31T12:35:21Z,576,6,2,11,2,0,1,1,1,1785501142
2026-07-31T12:35:21Z,577,15,0,16,0,0,1,1,1,1785500983
2026-07-31T12:35:21Z,578,10,10,12,1,0,1,1,1,1785501242
2026-07-31T12:35:21Z,579,11,1,32,0,0,1,1,1,1785501052
2026-07-31T12:35:21Z,580,1,0,28,0,0,1,1,1,1785501104
2026-07-31T12:35:21Z,581,5,0,14,0,0,1,1,1,1785501289
2026-07-31T12:35:21Z,582,17,1,42,2,0,1,1,1,1785501311
2026-07-31T12:35:21Z,583,20,0,3,0,0,1,1,1,1785499975
2026-07-31T12:35:21Z,584,5,4,9,5,0,1,1,1,1785499323
2026-07-31T12:35:21Z,585,6,2,20,0,1,1,1,1,1785500846
2026-07-31T12:35:21Z,586,8,1,27,0,0,1,1,1,1785501217
2026-07-31T12:35:21Z,587,8,0,15,1,0,1,1,1,1785501154
2026-07-31T12:35:21Z,588,9,4,7,2,1,1,1,1,1785501112
2026-07-31T12:35:21Z,589,8,6,13,1,0,1,1,1,1785500859
2026-07-31T12:35:21Z,590,15,1,15,1,0,1,1,1,1785500758
2026-07-31T12:35:21Z,591,10,0,18,2,0,1,1,1,1785500926
2026-07-31T12:35:21Z,592,14,0,9,0,0,1,1,1,1785501285
2026-07-31T12:35:21Z,593,8,0,30,0,0,1,1,1,1785501225
2026-07-31T12:35:21Z,594,7,1,12,2,0,1,1,1,1785501173
2026-07-31T12:35:21Z,595,0,0,3,0,0,0,1,1,1784046673
2026-07-31T12:35:21Z,605,0,0,2,1,0,0,1,1,1783975843
2026-07-31T12:35:21Z,606,0,0,0,0,0,0,1,1,86400
2026-07-31T12:35:21Z,607,21,3,9,2,0,1,1,1,1785501010
2026-07-31T12:35:21Z,608,9,3,41,0,0,1,1,1,1785500211
2026-07-31T12:35:21Z,609,18,12,5,0,0,1,1,1,1785500923
2026-07-31T12:35:21Z,610,7,4,28,0,0,1,1,1,1785501087
2026-07-31T12:35:21Z,611,1,1,25,1,0,1,1,1,1785500494
2026-07-31T12:35:21Z,612,7,1,8,0,0,1,1,1,1785498548
2026-07-31T12:35:21Z,613,8,0,3,4,0,1,1,1,1785500139
2026-07-31T12:35:21Z,614,4,2,20,2,1,1,1,1,1785499517
2026-07-31T12:35:21Z,617,7,0,6,2,0,1,1,1,1785501000
2026-07-31T12:35:21Z,618,10,1,5,4,0,1,1,1,1785499307
2026-07-31T12:35:21Z,619,4,2,15,0,0,1,1,1,1785501242
2026-07-31T12:35:21Z,620,8,1,19,0,0,1,1,1,1785501295
2026-07-31T12:35:21Z,621,14,11,8,1,0,1,1,1,1785501291
2026-07-31T12:35:21Z,622,14,4,8,1,0,1,1,1,1785501251
2026-07-31T12:35:21Z,623,9,4,20,1,0,1,1,1,1785500890
2026-07-31T12:35:21Z,624,0,0,15,0,0,1,1,1,1785499735
2026-07-31T12:35:21Z,625,5,1,14,2,0,1,1,1,1785501219
2026-07-31T12:35:21Z,626,12,0,33,0,2,1,1,1,1785500274
2026-07-31T12:35:21Z,627,14,6,5,0,0,1,1,1,1785500712
2026-07-31T12:35:21Z,628,1,1,15,2,1,1,1,1,1785501306
2026-07-31T12:35:21Z,629,5,2,5,1,0,1,1,1,1785501308
2026-07-31T12:35:21Z,630,4,3,20,3,0,1,1,1,1785501226
2026-07-31T12:35:21Z,631,10,4,13,0,0,1,1,1,1785500884
2026-07-31T12:35:21Z,632,20,0,1,2,0,1,1,1,1785492884
2026-07-31T12:35:21Z,633,11,0,1,3,0,1,1,1,1785501175
2026-07-31T12:35:21Z,634,10,2,9,0,0,1,1,1,1785498289
2026-07-31T12:35:21Z,635,15,1,4,0,0,1,1,1,1785497505
2026-07-31T12:35:21Z,636,10,2,5,0,0,1,1,1,1785488201
2026-07-31T12:35:21Z,637,9,2,9,1,0,1,1,1,1785500453
2026-07-31T12:35:21Z,638,6,1,11,2,0,1,1,1,1785500681
2026-07-31T12:35:21Z,639,7,1,10,2,0,1,1,1,1785501255
2026-07-31T12:35:21Z,640,8,5,14,1,0,1,1,1,1785501227
2026-07-31T12:35:21Z,641,12,0,12,2,0,1,1,1,1785500688
2026-07-31T12:35:21Z,642,2,2,8,10,0,1,1,1,1785501312
2026-07-31T12:35:21Z,643,7,1,13,7,0,1,1,1,1785501311
2026-07-31T12:35:21Z,644,11,0,3,1,0,1,1,1,1785499858
2026-07-31T12:35:21Z,645,11,0,10,1,1,1,1,1,1785499783
2026-07-31T12:35:21Z,646,7,2,12,0,0,1,1,1,1785501101
2026-07-31T12:35:21Z,647,26,2,5,0,0,1,1,1,1785500625
2026-07-31T12:35:21Z,648,5,0,13,1,0,1,1,1,1785500139
2026-07-31T12:35:21Z,649,19,1,11,1,0,1,1,1,1785500940
2026-07-31T12:35:21Z,650,5,1,9,0,0,1,1,1,1785488201
2026-07-31T12:35:21Z,651,6,6,17,0,0,1,1,1,1785501211
2026-07-31T12:35:21Z,652,2,2,19,2,0,1,1,1,1785501212
2026-07-31T12:35:21Z,653,6,1,13,0,0,1,1,1,1785500831
2026-07-31T12:35:21Z,654,0,0,15,0,0,1,1,1,1785500764
2026-07-31T12:35:21Z,655,7,3,1,4,1,1,1,1,1785501180
2026-07-31T12:35:21Z,656,13,6,6,0,0,1,1,1,1785501089
2026-07-31T12:35:21Z,657,10,2,3,2,2,1,1,1,1785501186
2026-07-31T12:35:21Z,658,9,1,1,0,0,1,1,1,1785473427
2026-07-31T12:35:21Z,659,7,3,6,2,0,1,1,1,1785500179
2026-07-31T12:35:21Z,660,13,2,14,4,0,1,1,1,1785501241
2026-07-31T12:35:21Z,661,3,2,16,0,0,1,1,1,1785501295
2026-07-31T12:35:21Z,662,4,3,16,3,0,1,1,1,1785500707
2026-07-31T12:35:21Z,663,10,5,4,1,0,1,1,1,1785500391
2026-07-31T12:35:21Z,664,5,0,22,0,0,1,1,1,1785500998
2026-07-31T12:35:21Z,665,13,4,2,0,0,1,1,1,1785500164
2026-07-31T12:35:21Z,666,8,2,5,2,0,1,1,1,1785495733
2026-07-31T12:35:21Z,667,0,0,19,0,0,1,1,1,1785486991
2026-07-31T12:35:21Z,668,8,0,11,0,0,1,1,1,1785501129
2026-07-31T12:35:21Z,669,14,5,0,0,0,1,1,1,1785501140
2026-07-31T12:35:21Z,670,12,2,15,0,0,1,1,1,1785501246
2026-07-31T12:35:21Z,671,6,4,20,1,0,1,1,1,1785500928
2026-07-31T12:35:21Z,672,11,2,8,3,1,1,1,1,1785500637
2026-07-31T12:35:21Z,673,22,2,0,1,0,1,1,1,1785501181
2026-07-31T12:35:21Z,674,9,1,11,3,0,1,1,1,1785501232
2026-07-31T12:35:21Z,675,10,5,3,2,0,1,1,1,1785501281
2026-07-31T12:35:21Z,676,9,0,12,1,0,1,1,1,1785501192
2026-07-31T12:35:21Z,681,11,3,1,3,0,1,1,1,1785500812
2026-07-31T12:35:21Z,682,4,1,14,1,0,1,1,1,1785486991
2026-07-31T12:35:21Z,683,3,1,16,0,0,1,1,1,1785499114
2026-07-31T12:35:21Z,684,2,0,25,0,0,1,1,1,1785498876
2026-07-31T12:35:21Z,685,8,0,17,1,1,1,1,1,1785498843
2026-07-31T12:35:21Z,686,9,0,15,3,0,1,1,1,1785501205
2026-07-31T12:35:21Z,687,11,0,18,1,1,1,1,1,1785501216
2026-07-31T12:35:21Z,688,10,0,2,7,0,1,1,1,1785501290
2026-07-31T12:35:21Z,692,4,3,17,0,0,1,1,1,1785500622
2026-07-31T12:35:21Z,693,6,0,2,3,0,1,1,1,1785499854
2026-07-31T12:35:21Z,694,8,6,13,0,0,1,1,1,1785500679
2026-07-31T12:35:21Z,695,11,7,12,0,0,1,1,1,1785500866
2026-07-31T12:35:21Z,696,16,12,5,2,0,1,1,1,1785501133
2026-07-31T12:35:21Z,697,12,0,11,0,0,1,1,1,1785501097
2026-07-31T12:35:21Z,698,14,0,13,0,0,1,1,1,1785501155
2026-07-31T12:35:21Z,699,8,0,6,1,0,1,1,1,1785500255
2026-07-31T12:35:21Z,700,18,4,1,0,0,1,1,1,1785500320
2026-07-31T12:35:21Z,701,15,6,4,0,0,1,1,1,1785499748
2026-07-31T12:35:21Z,702,16,1,5,2,0,1,1,1,1785500796
2026-07-31T12:35:21Z,704,6,1,9,0,0,1,1,1,1785500949
2026-07-31T12:35:21Z,705,3,1,10,2,0,1,1,1,1785500855
2026-07-31T12:35:21Z,706,11,2,1,3,0,1,1,1,1785501311
2026-07-31T12:35:21Z,707,8,1,7,0,0,1,1,1,1785500326
2026-07-31T12:35:21Z,708,16,2,3,0,0,1,1,1,1785500651
2026-07-31T12:35:21Z,709,9,0,3,3,0,1,1,1,1785500376
2026-07-31T12:35:21Z,710,15,3,3,1,0,1,1,1,1785501186
2026-07-31T12:35:21Z,711,17,2,1,5,0,1,1,1,1785501285
2026-07-31T12:35:21Z,712,8,6,7,0,0,1,1,1,1785500989
2026-07-31T12:35:21Z,713,5,0,18,0,0,1,1,1,1785500832
2026-07-31T12:35:21Z,716,4,2,11,0,0,1,1,1,1785501107
2026-07-31T12:35:21Z,717,3,2,19,3,0,1,1,1,1785501284
2026-07-31T12:35:21Z,718,7,1,7,1,0,1,1,1,1785501022
2026-07-31T12:35:21Z,719,10,3,19,0,0,1,1,1,1785500032
2026-07-31T12:35:21Z,720,1,0,18,0,0,1,1,1,1785500349
2026-07-31T12:35:21Z,721,0,0,21,2,0,1,1,1,1785501169
2026-07-31T12:35:21Z,722,5,0,10,0,0,1,1,1,1785500108
2026-07-31T12:35:21Z,723,12,1,11,0,0,1,1,1,1785500210
2026-07-31T12:35:21Z,724,6,2,17,0,0,1,1,1,1785501205
2026-07-31T12:35:21Z,725,19,4,3,1,0,1,1,1,1785501224
2026-07-31T12:35:21Z,726,15,2,4,0,0,1,1,1,1785501074
2026-07-31T12:35:21Z,727,8,3,12,3,0,1,1,1,1785501121
2026-07-31T12:35:21Z,728,9,0,5,1,0,1,1,1,1785500652
2026-07-31T12:35:21Z,729,2,1,17,0,0,1,1,1,1785501039
2026-07-31T12:35:21Z,730,3,2,10,2,0,1,1,1,1785501246
2026-07-31T12:35:21Z,731,9,3,5,1,0,1,1,1,1785500364
2026-07-31T12:35:21Z,732,7,5,8,0,0,1,1,1,1785499586
2026-07-31T12:35:21Z,733,0,0,27,0,0,1,1,1,1785501245
2026-07-31T12:35:21Z,734,0,0,13,1,0,1,1,1,1785499529
2026-07-31T12:35:21Z,735,4,3,23,0,0,1,1,1,1785501053
2026-07-31T12:35:21Z,736,7,0,11,1,0,1,1,1,1785501103
2026-07-31T12:35:21Z,737,4,3,10,0,1,1,1,1,1785500800
2026-07-31T12:35:21Z,738,15,4,2,2,0,1,1,1,1785500863
2026-07-31T12:35:21Z,739,20,2,6,1,0,1,1,1,1785500438
2026-07-31T12:35:21Z,741,7,0,16,0,0,1,1,1,1785500690
2026-07-31T12:35:21Z,742,24,1,9,2,0,1,1,1,1785501296
2026-07-31T12:35:21Z,743,10,4,8,1,0,1,1,1,1785500560
2026-07-31T12:35:21Z,744,8,3,6,1,0,1,1,1,1785501061
2026-07-31T12:35:21Z,745,13,4,5,1,0,1,1,1,1785501077
2026-07-31T12:35:21Z,746,2,0,19,2,0,1,1,1,1785500876
2026-07-31T12:35:21Z,747,0,0,4,0,0,0,1,1,1783446606
2026-07-31T12:35:21Z,748,10,1,13,0,0,1,1,1,1785500069
2026-07-31T12:35:21Z,749,4,4,18,1,0,1,1,1,1785501074
2026-07-31T12:35:21Z,750,4,2,7,0,0,1,1,1,1785501007
2026-07-31T12:35:21Z,751,18,0,5,0,0,1,1,1,1785501307
2026-07-31T12:35:21Z,752,15,1,1,1,0,1,1,1,1785498699
2026-07-31T12:35:21Z,753,1,0,14,0,0,1,1,1,1785501235
2026-07-31T12:35:21Z,754,4,2,10,1,0,1,1,1,1785499782
2026-07-31T12:35:21Z,755,13,4,9,1,0,1,1,1,1785501176
2026-07-31T12:35:21Z,756,19,14,17,1,0,1,1,1,1785501288
2026-07-31T12:35:21Z,757,14,6,3,2,0,1,1,1,1785501004
2026-07-31T12:35:21Z,758,12,1,11,0,0,1,1,1,1785501276
2026-07-31T12:35:21Z,759,0,0,0,0,0,1,1,1,86400
2026-07-31T12:35:21Z,760,9,4,10,0,0,1,1,1,1785499338
2026-07-31T12:35:21Z,761,16,0,6,1,0,1,1,1,1785500876
2026-07-31T12:35:21Z,762,5,3,5,5,0,1,1,1,1785500337
2026-07-31T12:35:21Z,768,8,0,8,3,0,1,1,1,1785501288
2026-07-31T12:35:21Z,769,18,12,1,0,0,1,1,1,1785501181
2026-07-31T12:35:21Z,770,10,3,7,2,0,1,1,1,1785500859
2026-07-31T12:35:21Z,771,12,2,2,1,0,1,1,1,1785500301
2026-07-31T12:35:21Z,772,8,1,7,0,0,1,1,1,1785500905
2026-07-31T12:35:21Z,773,15,4,4,0,0,1,1,1,1785500760
2026-07-31T12:35:21Z,774,8,5,4,3,0,1,1,1,1785500685
2026-07-31T12:35:21Z,775,7,0,10,1,1,1,1,1,1785494713
2026-07-31T12:35:21Z,776,3,1,17,1,0,1,1,1,1785501100
2026-07-31T12:35:21Z,777,10,0,2,3,0,1,1,1,1785500840
2026-07-31T12:35:21Z,778,13,0,3,3,0,1,1,1,1785500858
2026-07-31T12:35:21Z,779,8,1,10,1,0,1,1,1,1785499860
2026-07-31T12:35:21Z,780,18,2,0,1,0,1,1,1,1785501272
2026-07-31T12:35:21Z,781,4,0,5,2,0,1,1,1,1785499765
2026-07-31T12:35:21Z,782,5,3,10,4,0,1,1,1,1785500578
2026-07-31T12:35:21Z,783,6,0,13,0,0,1,1,1,1785499841
2026-07-31T12:35:21Z,784,19,1,0,0,0,1,1,1,1785501266
2026-07-31T12:35:21Z,785,10,2,3,6,0,1,1,1,1785500018
2026-07-31T12:35:21Z,786,12,5,7,0,0,1,1,1,1785501131
2026-07-31T12:35:21Z,787,10,5,3,2,0,1,1,1,1785501110
2026-07-31T12:35:21Z,788,3,0,12,0,0,1,1,1,1785500332
2026-07-31T12:35:21Z,789,9,2,2,4,0,1,1,1,1785500553
2026-07-31T12:35:21Z,790,1,0,21,1,0,1,1,1,1785501054
2026-07-31T12:35:21Z,791,6,0,12,0,1,1,1,1,1785500779
2026-07-31T12:35:21Z,793,4,0,10,1,0,1,1,1,1785500690
2026-07-31T12:35:21Z,794,16,9,11,2,0,1,1,1,1785501199
2026-07-31T12:35:21Z,796,3,2,14,2,0,1,1,1,1785500818
2026-07-31T12:35:21Z,797,1,0,14,0,0,1,1,1,1785499482
2026-07-31T12:35:21Z,798,11,1,13,1,0,1,1,1,1785500629
2026-07-31T12:35:21Z,799,14,1,2,3,0,1,1,1,1785500475
2026-07-31T12:35:21Z,800,5,0,14,2,0,1,1,1,1785500700
2026-07-31T12:35:21Z,801,14,4,6,1,0,1,1,1,1785500790
2026-07-31T12:35:21Z,802,8,0,23,0,0,1,1,1,1785500663
2026-07-31T12:35:21Z,803,1,1,14,0,0,1,1,1,1785500297
2026-07-31T12:35:21Z,806,5,2,10,0,0,1,1,1,1785499578
2026-07-31T12:35:21Z,807,12,1,11,2,0,1,1,1,1785500930
2026-07-31T12:35:21Z,808,3,1,20,2,0,1,1,1,1785499242
2026-07-31T12:35:21Z,809,4,0,18,1,0,1,1,1,1785500490
2026-07-31T12:35:21Z,810,2,0,13,4,0,1,1,1,1785500926
2026-07-31T12:35:21Z,815,0,0,10,4,1,1,1,1,1785500672
2026-07-31T12:35:21Z,817,10,4,5,0,0,1,1,1,1785499817
2026-07-31T12:35:21Z,818,5,0,18,0,0,1,1,1,1785501076
2026-07-31T12:35:21Z,819,6,4,9,0,0,1,1,1,1785487291
2026-07-31T12:35:21Z,820,8,2,9,0,0,1,1,1,1785499726
2026-07-31T12:35:21Z,821,2,1,13,0,0,1,1,1,1785500652
2026-07-31T12:35:21Z,822,9,0,13,1,0,1,1,1,1785501003
2026-07-31T12:35:21Z,823,3,1,12,0,0,1,1,1,1785501125
2026-07-31T12:35:21Z,824,10,4,9,0,0,1,1,1,1785500707
2026-07-31T12:35:21Z,825,8,5,7,0,0,1,1,1,1785495662
2026-07-31T12:35:21Z,826,17,3,0,2,0,1,1,1,1785500879
2026-07-31T12:35:21Z,827,16,4,4,1,0,1,1,1,1785501227
2026-07-31T12:35:21Z,828,13,1,3,2,0,1,1,1,1785500837
2026-07-31T12:35:21Z,829,14,5,13,0,0,1,1,1,1785499885
2026-07-31T12:35:21Z,830,17,2,5,1,0,1,1,1,1785500934
2026-07-31T12:35:21Z,831,6,2,8,1,0,1,1,1,1785500090
2026-07-31T12:35:21Z,832,10,3,5,3,0,1,1,1,1785500213
2026-07-31T12:35:21Z,833,0,0,18,1,0,1,1,1,1785500917
2026-07-31T12:35:21Z,834,7,0,16,1,0,1,1,1,1785501290
2026-07-31T12:35:21Z,835,6,3,10,2,0,1,1,1,1785501165
2026-07-31T12:35:21Z,837,5,1,0,10,0,1,1,1,1785500176
2026-07-31T12:35:21Z,838,14,5,1,0,0,1,1,1,1785500835
2026-07-31T12:35:21Z,839,13,1,16,0,0,1,1,1,1785501277
2026-07-31T12:35:21Z,840,9,4,19,1,0,1,1,1,1785501010
2026-07-31T12:35:21Z,841,6,0,9,0,0,1,1,1,1785501310
2026-07-31T12:35:21Z,842,6,1,17,0,0,1,1,1,1785499910
2026-07-31T12:35:21Z,843,8,0,22,1,0,1,1,1,1785500182
2026-07-31T12:35:21Z,844,6,0,17,0,0,1,1,1,1785500517
2026-07-31T12:35:21Z,845,5,3,12,2,0,1,1,1,1785500284
2026-07-31T12:35:21Z,846,4,0,14,1,0,1,1,1,1785501235
2026-07-31T12:35:21Z,847,7,1,19,1,0,1,1,1,1785501075
2026-07-31T12:35:21Z,848,8,3,10,1,0,1,1,1,1785498928
2026-07-31T12:35:21Z,849,6,1,8,1,0,1,1,1,1785501071
2026-07-31T12:35:21Z,850,9,0,1,1,0,1,1,1,1785501213
2026-07-31T12:35:21Z,851,9,7,25,3,0,1,1,1,1785501224
2026-07-31T12:35:21Z,852,12,6,7,0,0,1,1,1,1785499991
2026-07-31T12:35:21Z,853,10,5,13,0,0,1,1,1,1785500887
2026-07-31T12:35:21Z,854,3,2,12,0,0,1,1,1,1785500932
2026-07-31T12:35:21Z,855,25,0,2,0,0,1,1,1,1785497123
2026-07-31T12:35:21Z,857,5,4,14,0,0,1,1,1,1785500953
2026-07-31T12:35:21Z,858,4,1,14,1,0,1,1,1,1785500662
2026-07-31T12:35:21Z,859,4,0,16,1,0,1,1,1,1785500877
2026-07-31T12:35:21Z,861,8,1,2,1,0,1,1,1,1785488201
2026-07-31T12:35:21Z,862,2,2,13,0,0,1,1,1,1785500114
2026-07-31T12:35:21Z,863,13,0,5,1,0,1,1,1,1785500800
2026-07-31T12:35:21Z,866,11,3,8,0,0,1,1,1,1785500437
2026-07-31T12:35:21Z,867,13,1,2,0,0,1,1,1,1785499727
2026-07-31T12:35:21Z,868,12,2,3,0,0,1,1,1,1785499946
2026-07-31T12:35:21Z,870,7,4,6,2,0,1,1,1,1785500166
2026-07-31T12:35:21Z,871,0,0,10,1,0,1,1,1,1785499532
2026-07-31T12:35:21Z,872,0,0,14,1,0,1,1,1,1785500083
2026-07-31T12:35:21Z,873,14,4,18,1,0,1,1,1,1785501288
2026-07-31T12:35:21Z,874,2,0,10,3,0,1,1,1,1785500246
2026-07-31T12:35:21Z,875,15,11,0,0,0,1,1,1,1785501160
2026-07-31T12:35:21Z,877,12,10,5,2,0,1,1,1,1785499707
2026-07-31T12:35:21Z,878,4,3,14,1,0,1,1,1,1785500287
2026-07-31T12:35:21Z,879,3,1,16,0,0,1,1,1,1785501147
2026-07-31T12:35:21Z,880,1,0,21,1,0,1,1,1,1785501158
2026-07-31T12:35:21Z,881,1,1,18,0,0,1,1,1,1785500143
2026-07-31T12:35:21Z,882,10,0,6,3,0,1,1,1,1785488200
2026-07-31T12:35:21Z,883,11,6,8,0,0,1,1,1,1785500394
2026-07-31T12:35:21Z,884,10,7,11,0,0,1,1,1,1785499704
2026-07-31T12:35:21Z,885,1,0,18,0,0,1,1,1,1785499979
2026-07-31T12:35:21Z,886,21,2,7,1,0,1,1,1,1785501302
2026-07-31T12:35:21Z,887,4,1,10,3,0,1,1,1,1785500680
2026-07-31T12:35:21Z,888,7,3,32,1,1,1,1,1,1785501283
2026-07-31T12:35:21Z,889,11,1,6,2,0,1,1,1,1785501223
2026-07-31T12:35:21Z,890,6,4,9,0,0,1,1,1,1785489632
2026-07-31T12:35:21Z,891,20,0,3,0,0,1,1,1,1785501303
2026-07-31T12:35:21Z,892,13,1,2,0,0,1,1,1,1785488200
2026-07-31T12:35:21Z,895,0,0,19,0,0,1,1,1,1785501047
2026-07-31T12:35:21Z,896,9,1,26,0,0,1,1,1,1785500364
2026-07-31T12:35:21Z,897,11,1,10,0,0,1,1,1,1785500180
2026-07-31T12:35:21Z,898,3,0,16,0,0,1,1,1,1785499896
2026-07-31T12:35:21Z,899,1,0,17,1,0,1,1,1,1785501141
2026-07-31T12:35:21Z,900,9,0,16,2,0,1,1,1,1785501163
2026-07-31T12:35:21Z,901,2,0,16,1,0,1,1,1,1785501289
2026-07-31T12:35:21Z,902,7,0,7,1,0,1,1,1,1785501142
2026-07-31T12:35:21Z,903,13,2,5,1,0,1,1,1,1785501117
2026-07-31T12:35:21Z,904,9,4,9,1,0,1,1,1,1785500289
2026-07-31T12:35:21Z,905,10,1,17,0,0,1,1,1,1785501087
2026-07-31T12:35:21Z,906,0,0,27,0,0,1,1,1,1785501169
2026-07-31T12:35:21Z,907,1,0,29,1,0,1,1,1,1785501081
2026-07-31T12:35:21Z,908,7,0,16,0,0,1,1,1,1785500805
2026-07-31T12:35:21Z,909,3,0,19,1,0,1,1,1,1785500967
2026-07-31T12:35:21Z,910,10,0,21,0,0,1,1,1,1785501285
2026-07-31T12:35:21Z,911,4,1,15,0,0,1,1,1,1785501192
2026-07-31T12:35:21Z,912,10,4,11,2,0,1,1,1,1785501114
2026-07-31T12:35:21Z,913,4,1,15,0,0,1,1,1,1785500814
2026-07-31T12:35:21Z,914,8,0,11,0,0,1,1,1,1785501288
2026-07-31T12:35:21Z,915,11,0,11,1,0,1,1,1,1785501098
2026-07-31T12:35:21Z,916,22,8,1,0,0,1,1,1,1785500753
2026-07-31T12:35:21Z,917,22,4,12,1,0,1,1,1,1785501082
2026-07-31T12:35:21Z,918,2,1,15,2,0,1,1,1,1785500568
2026-07-31T12:35:21Z,919,6,0,32,1,0,1,1,1,1785501307
2026-07-31T12:35:21Z,920,4,2,15,0,0,1,1,1,1785500620
2026-07-31T12:35:21Z,921,12,0,9,0,0,1,1,1,1785499970
2026-07-31T12:35:21Z,922,3,0,18,0,0,1,1,1,1785501191
2026-07-31T12:35:21Z,923,12,2,7,0,0,1,1,1,1785501106
2026-07-31T12:35:21Z,924,9,2,12,0,0,1,1,1,1785501046
2026-07-31T12:35:21Z,925,13,0,8,0,0,1,1,1,1785500453
2026-07-31T12:35:21Z,926,2,1,19,0,0,1,1,1,1785500582
2026-07-31T12:35:21Z,927,9,0,26,0,0,1,1,1,1785501022
2026-07-31T12:35:21Z,928,0,0,19,0,0,0,1,1,1785500252
2026-07-31T12:35:21Z,929,5,1,18,0,0,1,1,1,1785501290
2026-07-31T12:35:21Z,930,2,0,28,1,0,1,1,1,1785500695
2026-07-31T12:35:21Z,931,9,9,13,1,0,1,1,1,1785501298
2026-07-31T12:35:21Z,932,0,0,16,3,0,1,1,1,1785500464
2026-07-31T12:35:21Z,933,3,0,20,0,0,1,1,1,1785500572
2026-07-31T12:35:21Z,934,4,0,26,1,0,1,1,1,1785501067
2026-07-31T12:35:21Z,935,17,4,1,1,0,1,1,1,1785501138
2026-07-31T12:35:21Z,936,7,1,9,3,0,1,1,1,1785501301
2026-07-31T12:35:21Z,940,11,0,0,0,0,1,1,1,1785500861
2026-07-31T12:35:21Z,941,7,1,16,2,0,1,1,1,1785500741
2026-07-31T12:35:21Z,942,3,0,17,1,0,1,1,1,1785501082
2026-07-31T12:35:21Z,943,9,8,6,0,0,1,1,1,1785500188
2026-07-31T12:35:21Z,944,9,8,6,0,0,1,1,1,1785500011
2026-07-31T12:35:21Z,945,10,8,5,0,0,1,1,1,1785499526
2026-07-31T12:35:21Z,946,7,5,12,0,0,1,1,1,1785487593
2026-07-31T12:35:21Z,947,7,5,10,0,0,1,1,1,1785500024
2026-07-31T12:35:21Z,948,26,9,0,5,0,1,1,1,1785501300
2026-07-31T12:35:21Z,949,13,4,2,0,0,1,1,1,1785500810
2026-07-31T12:35:21Z,950,9,4,7,1,0,1,1,1,1785501212
2026-07-31T12:35:21Z,951,21,4,1,1,0,1,1,1,1785501212
2026-07-31T12:35:21Z,952,24,5,31,0,0,1,1,1,1785501236
2026-07-31T12:35:21Z,953,6,0,8,1,0,1,1,1,1785501109
2026-07-31T12:35:21Z,954,12,3,7,0,0,1,1,1,1785500146
2026-07-31T12:35:21Z,955,5,3,16,6,0,1,1,1,1785500946
2026-07-31T12:35:21Z,956,5,1,16,2,0,1,1,1,1785501188
2026-07-31T12:35:21Z,957,10,1,19,0,0,1,1,1,1785501273
2026-07-31T12:35:21Z,958,8,2,23,0,0,1,1,1,1785500787
2026-07-31T12:35:21Z,959,16,7,5,2,0,1,1,1,1785501095
2026-07-31T12:35:21Z,960,14,0,8,1,0,1,1,1,1785501260
2026-07-31T12:35:21Z,961,1,1,19,3,0,1,1,1,1785501058
2026-07-31T12:35:21Z,962,11,2,21,3,0,1,1,1,1785501053
2026-07-31T12:35:21Z,963,21,0,1,1,0,1,1,1,1785500176
2026-07-31T12:35:21Z,964,8,8,14,1,0,1,1,1,1785500562
2026-07-31T12:35:21Z,965,10,3,16,1,0,1,1,1,1785500274
2026-07-31T12:35:21Z,966,22,0,9,0,0,1,1,1,1785500786
2026-07-31T12:35:21Z,967,12,0,7,2,0,1,1,1,1785501280
2026-07-31T12:35:21Z,968,10,0,8,1,0,1,1,1,1785501313
2026-07-31T12:35:21Z,969,9,7,16,2,0,1,1,1,1785500257
2026-07-31T12:35:21Z,970,8,0,9,2,0,1,1,1,1785501212
2026-07-31T12:35:21Z,971,8,0,14,1,0,1,1,1,1785500340
2026-07-31T12:35:21Z,972,9,1,13,1,0,1,1,1,1785500008
2026-07-31T12:35:21Z,973,7,4,15,1,0,1,1,1,1785501050
2026-07-31T12:35:21Z,974,21,1,5,1,0,1,1,1,1785501172
2026-07-31T12:35:21Z,977,4,4,15,2,0,1,1,1,1785500583
2026-07-31T12:35:21Z,978,14,0,9,0,0,1,1,1,1785501188
2026-07-31T12:35:21Z,979,11,0,6,0,0,1,1,1,1785501031
2026-07-31T12:35:21Z,980,11,1,8,2,0,1,1,1,1785500685
2026-07-31T12:35:21Z,981,12,0,8,1,0,1,1,1,1785500871
2026-07-31T12:35:21Z,982,3,1,14,2,0,1,1,1,1785500064
2026-07-31T12:35:21Z,983,2,1,20,1,0,1,1,1,1785500492
2026-07-31T12:35:21Z,984,5,0,17,1,0,1,1,1,1785500982
2026-07-31T12:35:21Z,985,22,2,9,0,0,1,1,1,1785501214
2026-07-31T12:35:21Z,986,4,0,15,0,0,1,1,1,1785500061
2026-07-31T12:35:21Z,987,7,1,16,0,0,1,1,1,1785500836
2026-07-31T12:35:21Z,988,5,1,13,1,0,1,1,1,1785500218
2026-07-31T12:35:21Z,989,9,4,10,0,0,1,1,1,1785501023
2026-07-31T12:35:21Z,990,13,1,0,2,0,1,1,1,1785500256
2026-07-31T12:35:21Z,991,10,2,8,1,0,1,1,1,1785499938
2026-07-31T12:35:21Z,992,9,6,13,1,0,1,1,1,1785500816
2026-07-31T12:35:21Z,993,1,1,24,2,0,1,1,1,1785501100
2026-07-31T12:35:21Z,994,3,1,18,0,0,1,1,1,1785501034
2026-07-31T12:35:21Z,995,6,0,21,0,0,1,1,1,1785500253
2026-07-31T12:35:21Z,996,8,1,15,0,0,1,1,1,1785500049
2026-07-31T12:35:21Z,997,13,7,9,1,0,1,1,1,1785500857
2026-07-31T12:35:21Z,998,3,3,19,1,0,1,1,1,1785500364
2026-07-31T12:35:21Z,999,2,0,16,2,1,1,1,1,1785500125
2026-07-31T12:35:21Z,1000,5,2,16,0,0,1,1,1,1785500927
2026-07-31T12:35:21Z,1001,2,1,25,0,0,1,1,1,1785500394
2026-07-31T12:35:21Z,1002,2,2,27,2,0,1,1,1,1785500407
2026-07-31T12:35:21Z,1003,0,0,22,1,0,1,1,1,1785500009
2026-07-31T12:35:21Z,1004,8,1,15,0,0,1,1,1,1785501269
2026-07-31T12:35:21Z,1005,20,1,3,0,0,1,1,1,1785500198
2026-07-31T12:35:21Z,1006,7,4,11,1,0,1,1,1,1785500026
2026-07-31T12:35:21Z,1007,1,0,20,0,0,1,1,1,1785499794
2026-07-31T12:35:21Z,1008,6,5,15,2,0,1,1,1,1785500991
2026-07-31T12:35:21Z,1009,19,2,8,4,0,1,1,1,1785500854
2026-07-31T12:35:21Z,1010,7,2,20,0,0,1,1,1,1785499878
2026-07-31T12:35:21Z,1011,7,2,10,2,0,1,1,1,1785500403
2026-07-31T12:35:21Z,1012,4,3,18,1,0,1,1,1,1785499965
2026-07-31T12:35:21Z,1013,2,1,20,1,0,1,1,1,1785500554
2026-07-31T12:35:21Z,1014,7,2,13,3,0,1,1,1,1785500485
2026-07-31T12:35:21Z,1015,3,1,25,3,0,1,1,1,1785500781
2026-07-31T12:35:21Z,1016,10,5,21,0,0,1,1,1,1785499851
2026-07-31T12:35:21Z,1017,14,5,7,0,0,1,1,1,1785501185
2026-07-31T12:35:21Z,1018,7,2,15,0,0,1,1,1,1785500052
2026-07-31T12:35:21Z,1019,8,5,7,0,0,1,1,1,1785499966
2026-07-31T12:35:21Z,1020,18,3,3,0,0,1,1,1,1785501053
2026-07-31T12:35:21Z,1021,9,3,5,1,0,1,1,1,1785500766
2026-07-31T12:35:21Z,1022,14,0,13,0,0,1,1,1,1785500154
2026-07-31T12:35:21Z,1023,13,1,9,1,0,1,1,1,1785499790
2026-07-31T12:35:21Z,1024,6,2,12,1,0,1,1,1,1785500778
2026-07-31T12:35:21Z,1025,4,0,14,0,1,1,1,1,1785500124
2026-07-31T12:35:21Z,1026,7,4,18,6,0,1,1,1,1785501138
2026-07-31T12:35:21Z,1028,3,1,20,0,0,1,1,1,1785501300
2026-07-31T12:35:21Z,1029,11,10,4,0,0,1,1,1,1785501066
2026-07-31T12:35:21Z,1030,14,5,9,0,0,1,1,1,1785500830
2026-07-31T12:35:21Z,1031,8,0,11,0,0,1,1,1,1785501180
2026-07-31T12:35:21Z,1032,7,1,12,0,0,1,1,1,1785500030
2026-07-31T12:35:21Z,1033,11,7,8,0,0,1,1,1,1785500848
2026-07-31T12:35:21Z,1034,3,0,12,0,0,1,1,1,1785500036
2026-07-31T12:35:21Z,1035,1,0,16,2,0,1,1,1,1785500083
2026-07-31T12:35:21Z,1036,15,1,0,0,0,1,1,1,1785500617
2026-07-31T12:35:21Z,1037,5,0,13,1,0,1,1,1,1785500328
2026-07-31T12:35:21Z,1038,2,0,12,1,0,1,1,1,1785499734
2026-07-31T12:35:21Z,1039,7,2,12,0,0,1,1,1,1785500184
2026-07-31T12:35:21Z,1040,6,3,11,2,0,1,1,1,1785500071
2026-07-31T12:35:21Z,1041,9,3,9,1,0,1,1,1,1785500779
2026-07-31T12:35:21Z,1042,14,2,0,1,0,1,1,1,1785500902
2026-07-31T12:35:21Z,1043,10,0,5,4,0,1,1,1,1785501043
2026-07-31T12:35:21Z,1044,2,1,13,0,0,1,1,1,1785499788
2026-07-31T12:35:21Z,1045,10,0,9,0,0,1,1,1,1785500018
2026-07-31T12:35:21Z,1046,8,0,7,0,0,1,1,1,1785501226
2026-07-31T12:35:21Z,1047,5,0,16,0,0,1,1,1,1785500788
2026-07-31T12:35:21Z,1048,9,0,10,0,0,1,1,1,1785499995
2026-07-31T12:35:21Z,1049,5,0,16,0,0,1,1,1,1785500069
2026-07-31T12:35:21Z,1050,17,4,4,0,0,1,1,1,1785501177
2026-07-31T12:35:21Z,1051,8,3,13,0,0,1,1,1,1785501053
2026-07-31T12:35:21Z,1052,17,2,5,0,0,1,1,1,1785499863
2026-07-31T12:35:21Z,1053,2,1,13,0,0,1,1,1,1785499916
2026-07-31T12:35:21Z,1054,14,1,1,0,0,1,1,1,1785500175
2026-07-31T12:35:21Z,1055,6,0,13,0,0,1,1,1,1785500162
2026-07-31T12:35:21Z,1057,9,0,9,1,0,1,1,1,1785501226
2026-07-31T12:35:21Z,1058,3,0,51,2,0,1,1,1,1785500192
2026-07-31T12:35:21Z,1059,1,0,17,1,0,1,1,1,1785500045
2026-07-31T12:35:21Z,1060,30,0,7,0,0,1,1,1,1785500902
2026-07-31T12:35:21Z,1061,27,0,10,0,0,1,1,1,1785501291
2026-07-31T12:35:21Z,1062,5,1,12,0,0,1,1,1,1785501089
2026-07-31T12:35:21Z,1063,12,1,6,1,0,1,1,1,1785500073
2026-07-31T12:35:21Z,1064,3,0,19,1,0,1,1,1,1785500413
2026-07-31T12:35:21Z,1065,16,3,7,0,0,1,1,1,1785500656
2026-07-31T12:35:21Z,1066,10,2,13,0,0,1,1,1,1785500478
2026-07-31T12:35:21Z,1067,8,2,13,2,0,1,1,1,1785500747
2026-07-31T12:35:21Z,1068,8,2,13,2,0,1,1,1,1785500247
2026-07-31T12:35:21Z,1069,12,3,11,0,0,1,1,1,1785500288
2026-07-31T12:35:21Z,1070,12,2,11,0,0,1,1,1,1785500385
2026-07-31T12:35:21Z,1071,7,4,16,0,0,1,1,1,1785500424
2026-07-31T12:35:21Z,1072,11,1,11,1,0,1,1,1,1785500829
2026-07-31T12:35:21Z,1073,19,2,7,1,0,1,1,1,1785500457
2026-07-31T12:35:21Z,1074,2,1,51,0,0,1,1,1,1785501307
2026-07-31T12:35:21Z,1075,10,10,11,0,0,1,1,1,1785499793
2026-07-31T12:35:21Z,1076,15,12,6,0,0,1,1,1,1785501049
2026-07-31T12:35:21Z,1077,8,4,13,0,0,1,1,1,1785500015
2026-07-31T12:35:21Z,1078,11,10,10,0,0,1,1,1,1785501091
2026-07-31T12:35:21Z,1079,11,8,10,0,0,1,1,1,1785499899
2026-07-31T12:35:21Z,1080,10,8,10,1,0,1,1,1,1785500501
2026-07-31T12:35:21Z,1081,13,8,6,0,0,1,1,1,1785500878
2026-07-31T12:35:21Z,1082,7,7,1,0,0,1,1,1,1785500338
2026-07-31T12:35:21Z,1083,13,11,8,0,0,1,1,1,1785500169
2026-07-31T12:35:21Z,1084,9,8,12,0,0,1,1,1,1785499786
2026-07-31T12:35:21Z,1085,12,10,9,0,0,1,1,1,1785501291
2026-07-31T12:35:21Z,1086,6,2,14,1,0,1,1,1,1785500630
2026-07-31T12:35:21Z,1087,8,6,7,0,0,1,1,1,1785501131
2026-07-31T12:35:21Z,1088,9,7,6,0,0,1,1,1,1785500076
2026-07-31T12:35:21Z,1089,6,4,9,0,0,1,1,1,1785500424
2026-07-31T12:35:21Z,1090,9,8,6,0,0,1,1,1,1785500958
2026-07-31T12:35:21Z,1091,11,6,4,0,0,1,1,1,1785500871
2026-07-31T12:35:21Z,1092,9,9,5,1,0,1,1,1,1785500419
2026-07-31T12:35:21Z,1093,6,5,9,0,0,1,1,1,1785500779
2026-07-31T12:35:21Z,1094,12,10,6,1,0,1,1,1,1785500028
2026-07-31T12:35:21Z,1095,8,7,7,0,0,1,1,1,1785500714
2026-07-31T12:35:21Z,1096,4,2,14,1,0,1,1,1,1785500430
2026-07-31T12:35:21Z,1097,9,9,6,0,0,1,1,1,1785500604
2026-07-31T12:35:21Z,1098,9,7,10,0,0,1,1,1,1785500952
2026-07-31T12:35:21Z,1099,7,6,8,0,0,1,1,1,1785499863
2026-07-31T12:35:21Z,1100,8,4,21,0,0,1,1,1,1785493678
2026-07-31T12:35:21Z,1101,10,5,11,0,0,1,1,1,1785499763
2026-07-31T12:35:21Z,1102,9,4,4,0,0,1,1,1,1785500846
2026-07-31T12:35:21Z,1103,10,5,11,0,0,1,1,1,1785487895
2026-07-31T12:35:21Z,1104,10,5,11,0,0,1,1,1,1785499518
2026-07-31T12:35:21Z,1105,8,4,5,0,0,1,1,1,1785500733
2026-07-31T12:35:21Z,1106,10,5,11,0,0,1,1,1,1785499860
2026-07-31T12:35:21Z,1107,10,5,5,0,0,1,1,1,1785500138
2026-07-31T12:35:21Z,1108,8,4,16,2,1,1,1,1,1785500657
2026-07-31T12:35:21Z,1109,9,4,6,0,0,1,1,1,1785500092
2026-07-31T12:35:21Z,1110,12,4,9,0,0,1,1,1,1785501202
2026-07-31T12:35:21Z,1111,3,2,18,0,0,1,1,1,1785475740
2026-07-31T12:35:21Z,1112,38,0,15,0,0,1,1,1,1785501114
2026-07-31T12:35:21Z,1113,4,0,17,0,0,1,1,1,1785501149
2026-07-31T12:35:21Z,1115,15,4,4,4,0,1,1,1,1785501057
2026-07-31T12:35:21Z,1116,5,1,14,0,0,1,1,1,1785500049
2026-07-31T12:35:21Z,1117,14,5,7,2,0,1,1,1,1785501298
2026-07-31T12:35:21Z,1118,16,0,4,1,0,1,1,1,1785501211
2026-07-31T12:35:21Z,1119,13,1,4,0,0,1,1,1,1785501062
2026-07-31T12:35:21Z,1120,12,0,7,0,0,1,1,1,1785500413
2026-07-31T12:35:21Z,1121,4,2,14,2,1,1,1,1,1785501262
2026-07-31T12:35:21Z,1122,11,8,7,3,0,1,1,1,1785501272
2026-07-31T12:35:21Z,1123,8,5,13,2,0,1,1,1,1785500855
2026-07-31T12:35:21Z,1124,8,2,3,4,0,1,1,1,1785501072
2026-07-31T12:35:21Z,1125,15,1,8,0,0,1,1,1,1785500340
2026-07-31T12:35:21Z,1126,2,1,18,1,0,1,1,1,1785501290
2026-07-31T12:35:21Z,1127,5,0,13,1,0,1,1,1,1785500369
2026-07-31T12:35:21Z,1128,14,2,0,1,0,1,1,1,1785500046
2026-07-31T12:35:21Z,1129,1,1,19,1,0,1,1,1,1785499776
2026-07-31T12:35:21Z,1130,13,0,2,0,0,1,1,1,1785500736
2026-07-31T12:35:21Z,1131,8,0,40,1,0,1,1,1,1785501244
2026-07-31T12:35:21Z,1132,13,5,7,1,0,1,1,1,1785501048
2026-07-31T12:35:21Z,1133,16,12,3,2,0,1,1,1,1785500976
2026-07-31T12:35:21Z,1134,10,5,9,0,0,1,1,1,1785500556
2026-07-31T12:35:21Z,1135,10,5,11,0,0,1,1,1,1785499658
2026-07-31T12:35:21Z,1136,8,0,15,0,0,1,1,1,1785500547
2026-07-31T12:35:21Z,1137,14,0,1,0,0,1,1,1,1785501306
2026-07-31T12:35:21Z,1138,15,1,4,0,0,1,1,1,1785501300
2026-07-31T12:35:21Z,1139,16,4,4,1,0,1,1,1,1785500540
2026-07-31T12:35:21Z,1140,18,2,4,1,0,1,1,1,1785501174
2026-07-31T12:35:21Z,1141,9,1,12,0,0,1,1,1,1785501268
2026-07-31T12:35:21Z,1142,2,0,19,0,0,1,1,1,1785500687
2026-07-31T12:35:21Z,1143,8,0,21,0,0,1,1,1,1785500875
2026-07-31T12:35:21Z,1144,7,1,13,1,0,1,1,1,1785500286
2026-07-31T12:35:21Z,1145,10,5,10,1,0,1,1,1,1785500437
2026-07-31T12:35:21Z,1146,3,1,15,1,0,1,1,1,1785500992
2026-07-31T12:35:21Z,1147,7,1,12,0,0,1,1,1,1785501240
2026-07-31T12:35:21Z,1148,4,1,27,0,0,1,1,1,1785501097
2026-07-31T12:35:21Z,1149,2,2,23,0,0,1,1,1,1785501198
2026-07-31T12:35:21Z,1150,14,0,5,0,0,1,1,1,1785500878
2026-07-31T12:35:21Z,1151,13,0,8,0,0,1,1,1,1785500698
2026-07-31T12:35:21Z,1152,20,0,9,0,0,1,1,1,1785500756
2026-07-31T12:35:21Z,1153,20,6,2,1,0,1,1,1,1785500591
2026-07-31T12:35:21Z,1154,15,1,4,0,0,1,1,1,1785501289
2026-07-31T12:35:21Z,1155,13,6,6,2,0,1,1,1,1785501143
2026-07-31T12:35:21Z,1158,3,0,15,1,0,1,1,1,1785499937
2026-07-31T12:35:21Z,1159,13,1,6,0,0,1,1,1,1785500293
2026-07-31T12:35:21Z,1160,8,1,10,1,0,1,1,1,1785501199
2026-07-31T12:35:21Z,1161,4,0,14,1,0,1,1,1,1785500431
2026-07-31T12:35:21Z,1162,1,0,18,0,0,1,1,1,1785500679
2026-07-31T12:35:21Z,1163,1,1,17,1,0,1,1,1,1785500056
2026-07-31T12:35:21Z,1164,6,1,13,0,0,1,1,1,1785500113
2026-07-31T12:35:21Z,1165,5,0,16,0,0,1,1,1,1785500851
2026-07-31T12:35:21Z,1166,12,2,8,1,0,1,1,1,1785500366
2026-07-31T12:35:21Z,1167,4,0,11,0,0,1,1,1,1785499814
2026-07-31T12:35:21Z,1168,1,1,21,1,0,1,1,1,1785500317
2026-07-31T12:35:21Z,1169,3,0,15,1,0,1,1,1,1785499960
2026-07-31T12:35:21Z,1170,6,0,14,1,0,1,1,1,1785500337
2026-07-31T12:35:21Z,1171,7,6,15,1,0,1,1,1,1785500014
2026-07-31T12:35:21Z,1172,5,2,8,2,0,1,1,1,1785500236
2026-07-31T12:35:21Z,1173,13,5,6,0,0,1,1,1,1785500212
2026-07-31T12:35:21Z,1174,6,3,9,0,0,1,1,1,1785499884
2026-07-31T12:35:21Z,1175,4,2,15,0,0,1,1,1,1785498199
2026-07-31T12:35:21Z,1176,19,1,2,0,0,1,1,1,1785501235
2026-07-31T12:35:21Z,1177,3,1,18,0,0,1,1,1,1785501164
2026-07-31T12:35:21Z,1178,2,1,13,0,0,1,1,1,1785499845
2026-07-31T12:35:21Z,1181,9,0,5,1,0,1,1,1,1785500751
2026-07-31T12:35:21Z,1182,3,0,17,0,0,1,1,1,1785500632
2026-07-31T12:35:21Z,1183,16,2,26,3,0,1,1,1,1785501263
2026-07-31T12:35:21Z,1184,3,1,16,2,0,1,1,1,1785501308
2026-07-31T12:35:21Z,1185,10,5,11,0,0,1,1,1,1785501290
2026-07-31T12:35:21Z,1186,9,5,10,0,0,1,1,1,1785500480
2026-07-31T12:35:21Z,1187,10,5,10,1,0,1,1,1,1785500808
2026-07-31T12:35:21Z,1188,10,5,5,0,0,1,1,1,1785500145
2026-07-31T12:35:21Z,1189,11,6,8,0,0,1,1,1,1785500243
2026-07-31T12:35:21Z,1190,9,4,12,0,0,1,1,1,1785499638
2026-07-31T12:35:21Z,1191,10,5,5,0,0,1,1,1,1785500150
2026-07-31T12:35:21Z,1192,10,6,10,1,0,1,1,1,1785500007
2026-07-31T12:35:21Z,1193,6,4,5,2,0,1,1,1,1785501006
2026-07-31T12:35:21Z,1197,9,6,7,1,0,1,1,1,1785500931
2026-07-31T12:35:21Z,1198,14,4,5,2,0,1,1,1,1785500533
2026-07-31T12:35:21Z,1199,2,0,17,0,0,1,1,1,1785500550
2026-07-31T12:35:21Z,1200,10,5,5,0,0,1,1,1,1785500187
2026-07-31T12:35:21Z,1201,10,5,5,0,0,1,1,1,1785500163
2026-07-31T12:35:21Z,1202,10,5,5,0,0,1,1,1,1785500265
2026-07-31T12:35:21Z,1203,10,5,5,0,0,1,1,1,1785500163
2026-07-31T12:35:21Z,1204,8,4,11,0,0,1,1,1,1785499915
2026-07-31T12:35:21Z,1206,11,5,10,0,0,1,1,1,1785500952
2026-07-31T12:35:21Z,1207,8,4,6,1,0,1,1,1,1785500477
2026-07-31T12:35:21Z,1208,9,4,10,0,0,1,1,1,1785500394
2026-07-31T12:35:21Z,1216,8,0,12,1,0,1,1,1,1785501180
2026-07-31T12:35:21Z,1218,4,0,17,0,0,1,1,1,1785499758
2026-07-31T12:35:21Z,1219,6,1,8,1,0,1,1,1,1785499613
2026-07-31T12:35:21Z,1220,14,7,4,1,0,1,1,1,1785501290
2026-07-31T12:35:21Z,1221,1,1,19,1,0,1,1,1,1785500887
2026-07-31T12:35:21Z,1222,25,0,4,0,0,1,1,1,1785501062
2026-07-31T12:35:21Z,1223,18,1,11,0,0,1,1,1,1785500863
2026-07-31T12:35:21Z,1226,0,0,3,0,0,0,1,1,1781868931
2026-07-31T12:35:21Z,1227,17,1,8,0,0,1,1,1,1785500870
2026-07-31T12:35:21Z,1228,21,1,8,0,0,1,1,1,1785500917
2026-07-31T12:35:21Z,1229,32,2,12,1,0,1,1,1,1785501068
2026-07-31T12:40:21Z,1,5,2,18,0,0,1,1,1,1785501373
2026-07-31T12:40:21Z,2,11,0,14,2,0,1,1,1,1785501588
2026-07-31T12:40:21Z,3,9,2,4,1,0,1,1,1,1785500832
2026-07-31T12:40:21Z,4,7,0,14,1,0,1,1,1,1785501572
2026-07-31T12:40:21Z,5,11,3,11,1,0,1,1,1,1785497818
2026-07-31T12:40:21Z,6,3,0,12,0,0,1,1,1,1785501187
2026-07-31T12:40:21Z,7,4,0,35,0,0,1,1,1,1785500459
2026-07-31T12:40:21Z,8,5,0,38,0,0,1,1,1,1785501257
2026-07-31T12:40:21Z,9,7,2,16,0,0,1,1,1,1785501340
2026-07-31T12:40:21Z,10,0,0,21,2,0,1,1,1,1785500952
2026-07-31T12:40:21Z,11,14,4,4,1,0,1,1,1,1785500915
2026-07-31T12:40:21Z,12,3,1,20,0,0,1,1,1,1785500869
2026-07-31T12:40:21Z,13,1,0,29,0,0,1,1,1,1785501413
2026-07-31T12:40:21Z,14,16,0,26,0,1,1,1,1,1785501520
2026-07-31T12:40:21Z,15,1,0,14,0,0,1,1,1,1785500656
2026-07-31T12:40:21Z,16,8,0,16,2,1,1,1,1,1785487292
2026-07-31T12:40:21Z,17,5,0,21,1,0,1,1,1,1785501406
2026-07-31T12:40:21Z,18,4,0,12,2,0,1,1,1,1785501311
2026-07-31T12:40:21Z,19,14,3,12,1,0,1,1,1,1785501117
2026-07-31T12:40:21Z,20,26,0,9,0,0,1,1,1,1785501134
2026-07-31T12:40:21Z,21,11,1,7,1,0,1,1,1,1785500965
2026-07-31T12:40:21Z,22,26,0,38,1,0,1,1,1,1785501181
2026-07-31T12:40:21Z,23,20,8,11,0,0,1,1,1,1785501581
2026-07-31T12:40:21Z,24,3,2,6,2,0,1,1,1,1785501608
2026-07-31T12:40:21Z,25,11,3,69,0,1,1,1,1,1785501530
2026-07-31T12:40:21Z,26,7,2,20,0,0,1,1,1,1785501045
2026-07-31T12:40:21Z,28,10,1,5,0,0,1,1,1,1785501581
2026-07-31T12:40:21Z,30,5,3,23,1,0,1,1,1,1785501592
2026-07-31T12:40:21Z,31,3,1,15,1,0,1,1,1,1785501359
2026-07-31T12:40:21Z,32,6,0,21,0,0,1,1,1,1785501253
2026-07-31T12:40:21Z,34,19,4,17,1,0,1,1,1,1785501519
2026-07-31T12:40:21Z,35,17,3,28,2,0,1,1,1,1785501609
2026-07-31T12:40:21Z,36,0,0,0,0,0,0,1,1,86400
2026-07-31T12:40:21Z,37,2,0,21,0,0,1,1,1,1785501258
2026-07-31T12:40:21Z,38,16,2,7,0,0,1,1,1,1785501220
2026-07-31T12:40:21Z,39,21,3,18,0,0,1,1,1,1785500283
2026-07-31T12:40:21Z,40,3,0,18,0,0,1,1,1,1785501466
2026-07-31T12:40:21Z,41,9,2,33,1,0,1,1,1,1785501089
2026-07-31T12:40:21Z,42,22,7,9,0,0,1,1,1,1785501490
2026-07-31T12:40:21Z,43,3,0,20,0,0,1,1,1,1785501393
2026-07-31T12:40:21Z,45,12,3,16,1,0,1,1,1,1785501240
2026-07-31T12:40:21Z,46,6,1,25,0,0,1,1,1,1785501411
2026-07-31T12:40:21Z,47,12,6,2,1,0,1,1,1,1785501297
2026-07-31T12:40:21Z,48,8,0,19,0,0,1,1,1,1785501531
2026-07-31T12:40:21Z,49,16,0,5,2,0,1,1,1,1785501613
2026-07-31T12:40:21Z,50,18,11,1,0,0,1,1,1,1785501477
2026-07-31T12:40:21Z,51,42,0,35,0,0,1,1,1,1785500404
2026-07-31T12:40:21Z,52,7,1,17,3,0,1,1,1,1785501421
2026-07-31T12:40:21Z,55,8,0,15,0,0,1,1,1,1785501351
2026-07-31T12:40:21Z,56,4,1,38,1,0,1,1,1,1785501579
2026-07-31T12:40:21Z,57,4,2,23,0,0,1,1,1,1785501434
2026-07-31T12:40:21Z,58,9,1,19,0,0,1,1,1,1785501276
2026-07-31T12:40:21Z,59,9,4,15,3,0,1,1,1,1785501574
2026-07-31T12:40:21Z,61,6,1,33,0,0,1,1,1,1785501413
2026-07-31T12:40:21Z,62,16,6,32,1,0,1,1,1,1785501603
2026-07-31T12:40:21Z,63,5,1,14,0,0,1,1,1,1785501409
2026-07-31T12:40:21Z,64,11,1,4,4,0,1,1,1,1785497923
2026-07-31T12:40:21Z,65,16,8,2,1,0,1,1,1,1785500458
2026-07-31T12:40:21Z,67,2,1,37,0,0,1,1,1,1785501608
2026-07-31T12:40:21Z,68,4,0,33,0,0,1,1,1,1785501609
2026-07-31T12:40:21Z,69,8,0,7,0,0,1,1,1,1785501611
2026-07-31T12:40:21Z,71,6,1,20,1,0,1,1,1,1785501247
2026-07-31T12:40:21Z,72,26,6,2,2,1,1,1,1,1785501443
2026-07-31T12:40:21Z,73,27,5,4,0,0,1,1,1,1785501552
2026-07-31T12:40:21Z,74,1,1,18,0,0,1,1,1,1785501382
2026-07-31T12:40:21Z,75,2,0,29,1,0,1,1,1,1785501477
2026-07-31T12:40:21Z,76,10,1,8,1,0,1,1,1,1785501612
2026-07-31T12:40:21Z,77,19,1,7,1,0,1,1,1,1785501514
2026-07-31T12:40:21Z,78,7,6,15,1,0,1,1,1,1785501465
2026-07-31T12:40:21Z,79,3,2,13,1,0,1,1,1,1785501068
2026-07-31T12:40:21Z,80,18,1,2,3,0,1,1,1,1785501500
2026-07-31T12:40:21Z,81,3,1,28,0,0,1,1,1,1785501544
2026-07-31T12:40:21Z,82,14,0,9,0,0,1,1,1,1785500662
2026-07-31T12:40:21Z,83,3,0,30,1,0,1,1,1,1785501527
2026-07-31T12:40:21Z,84,22,0,5,0,0,1,1,1,1785501418
2026-07-31T12:40:21Z,85,6,1,8,1,0,1,1,1,1785501469
2026-07-31T12:40:21Z,86,23,0,3,1,0,1,1,1,1785501442
2026-07-31T12:40:21Z,87,17,0,2,0,0,1,1,1,1785501466
2026-07-31T12:40:21Z,88,8,0,34,1,0,1,1,1,1785501572
2026-07-31T12:40:21Z,89,0,0,35,0,0,1,1,1,1785500555
2026-07-31T12:40:21Z,90,2,1,14,2,0,1,1,1,1785501417
2026-07-31T12:40:21Z,91,15,0,2,0,0,1,1,1,1785501068
2026-07-31T12:40:21Z,92,4,1,12,3,0,1,1,1,1785501517
2026-07-31T12:40:21Z,93,0,0,23,0,0,1,1,1,1785498071
2026-07-31T12:40:21Z,94,7,0,11,1,0,1,1,1,1785501462
2026-07-31T12:40:21Z,95,19,0,14,1,1,1,1,1,1785501330
2026-07-31T12:40:21Z,96,25,0,5,1,0,1,1,1,1785501090
2026-07-31T12:40:21Z,97,0,0,16,1,0,1,1,1,1785501607
2026-07-31T12:40:21Z,98,29,0,6,0,0,1,1,1,1785501510
2026-07-31T12:40:21Z,99,1,0,14,0,0,1,1,1,1785501492
2026-07-31T12:40:21Z,100,1,1,26,0,0,1,1,1,1785501045
2026-07-31T12:40:21Z,101,2,0,11,2,0,1,1,1,1785501419
2026-07-31T12:40:21Z,102,1,0,22,0,0,1,1,1,1785501060
2026-07-31T12:40:21Z,103,12,0,18,0,0,1,1,1,1785501250
2026-07-31T12:40:21Z,104,1,0,24,2,0,1,1,1,1785501606
2026-07-31T12:40:21Z,105,14,1,5,0,0,1,1,1,1785495616
2026-07-31T12:40:21Z,106,0,0,21,0,0,1,1,1,1785500970
2026-07-31T12:40:21Z,107,10,4,27,0,0,1,1,1,1785501571
2026-07-31T12:40:21Z,108,1,0,34,0,0,1,1,1,1785501598
2026-07-31T12:40:21Z,109,5,0,17,1,0,1,1,1,1785501574
2026-07-31T12:40:21Z,110,9,0,14,0,0,1,1,1,1785501294
2026-07-31T12:40:21Z,111,7,1,29,0,0,1,1,1,1785500057
2026-07-31T12:40:21Z,112,0,0,14,1,0,1,1,1,1785499421
2026-07-31T12:40:21Z,113,7,0,10,2,0,1,1,1,1785501596
2026-07-31T12:40:21Z,114,25,6,4,1,1,1,1,1,1785501553
2026-07-31T12:40:21Z,115,20,2,7,1,0,1,1,1,1785501466
2026-07-31T12:40:21Z,116,19,8,7,1,0,1,1,1,1785501605
2026-07-31T12:40:21Z,118,14,3,7,2,0,1,1,1,1785500968
2026-07-31T12:40:21Z,119,17,0,17,4,0,1,1,1,1785501436
2026-07-31T12:40:21Z,120,15,0,11,1,0,1,1,1,1785500159
2026-07-31T12:40:21Z,121,0,0,17,1,1,1,1,1,1785501550
2026-07-31T12:40:21Z,122,7,3,14,0,0,1,1,1,1785501458
2026-07-31T12:40:21Z,123,9,3,38,0,0,1,1,1,1785501601
2026-07-31T12:40:21Z,124,19,0,16,0,0,1,1,1,1785501596
2026-07-31T12:40:21Z,125,8,3,13,2,0,1,1,1,1785501238
2026-07-31T12:40:21Z,126,22,2,9,0,0,1,1,1,1785500769
2026-07-31T12:40:21Z,127,26,1,7,2,0,1,1,1,1785501314
2026-07-31T12:40:21Z,128,10,0,9,0,0,1,1,1,1785501581
2026-07-31T12:40:21Z,129,11,0,6,2,0,1,1,1,1785500333
2026-07-31T12:40:21Z,130,6,1,11,0,0,1,1,1,1785501351
2026-07-31T12:40:21Z,131,6,3,3,2,0,1,1,1,1785499903
2026-07-31T12:40:21Z,132,11,4,2,1,1,1,1,1,1785500982
2026-07-31T12:40:21Z,134,6,1,13,4,0,1,1,1,1785501411
2026-07-31T12:40:21Z,135,3,3,15,1,0,1,1,1,1785501409
2026-07-31T12:40:21Z,136,5,0,8,3,7,1,1,1,1785501505
2026-07-31T12:40:21Z,137,7,2,12,0,0,1,1,1,1785501432
2026-07-31T12:40:21Z,138,32,0,5,0,0,1,1,1,1785501547
2026-07-31T12:40:21Z,139,7,2,12,0,0,1,1,1,1785501167
2026-07-31T12:40:21Z,140,2,2,20,1,0,1,1,1,1785501612
2026-07-31T12:40:21Z,141,25,0,11,0,0,1,1,1,1785501085
2026-07-31T12:40:21Z,142,14,0,9,0,0,1,1,1,1785501067
2026-07-31T12:40:21Z,143,2,0,29,0,0,1,1,1,1785501609
2026-07-31T12:40:21Z,144,13,1,14,0,0,1,1,1,1785501082
2026-07-31T12:40:21Z,146,3,0,19,1,0,1,1,1,1785499109
2026-07-31T12:40:21Z,147,13,1,4,2,0,1,1,1,1785501546
2026-07-31T12:40:21Z,148,19,2,6,1,1,1,1,1,1785501579
2026-07-31T12:40:21Z,149,16,3,11,0,0,1,1,1,1785500952
2026-07-31T12:40:21Z,150,18,6,14,3,0,1,1,1,1785501512
2026-07-31T12:40:21Z,151,9,2,14,0,0,1,1,1,1785501585
2026-07-31T12:40:21Z,152,11,0,12,4,0,1,1,1,1785501512
2026-07-31T12:40:21Z,153,2,0,23,6,0,1,1,1,1785501602
2026-07-31T12:40:21Z,154,14,3,5,4,0,1,1,1,1785501496
2026-07-31T12:40:21Z,155,9,4,4,1,0,1,1,1,1785501302
2026-07-31T12:40:21Z,156,1,0,18,0,0,1,1,1,1785501112
2026-07-31T12:40:21Z,157,5,0,20,2,0,1,1,1,1785501577
2026-07-31T12:40:21Z,158,10,2,6,0,0,1,1,1,1785500596
2026-07-31T12:40:21Z,159,0,0,19,0,0,1,1,1,1785497085
2026-07-31T12:40:21Z,160,5,0,14,0,0,1,1,1,1785501453
2026-07-31T12:40:21Z,161,16,2,6,0,0,1,1,1,1785501098
2026-07-31T12:40:21Z,162,15,1,11,1,0,1,1,1,1785500828
2026-07-31T12:40:21Z,163,15,0,15,0,1,1,1,1,1785501502
2026-07-31T12:40:21Z,164,24,4,3,0,0,1,1,1,1785501266
2026-07-31T12:40:21Z,165,21,12,9,1,0,1,1,1,1785501297
2026-07-31T12:40:21Z,166,23,7,12,4,0,1,1,1,1785501612
2026-07-31T12:40:21Z,167,7,4,15,1,0,1,1,1,1785501600
2026-07-31T12:40:21Z,168,23,2,1,3,0,1,1,1,1785501542
2026-07-31T12:40:21Z,169,0,0,21,1,1,1,1,1,1785500352
2026-07-31T12:40:21Z,170,11,3,6,2,0,1,1,1,1785501508
2026-07-31T12:40:21Z,171,7,2,4,2,0,1,1,1,1785501486
2026-07-31T12:40:21Z,173,31,1,8,0,0,1,1,1,1785501323
2026-07-31T12:40:21Z,174,13,0,11,2,0,1,1,1,1785501559
2026-07-31T12:40:21Z,175,9,0,22,0,0,1,1,1,1785501410
2026-07-31T12:40:21Z,176,1,0,11,2,1,1,1,1,1785501400
2026-07-31T12:40:21Z,177,22,5,4,1,0,1,1,1,1785501565
2026-07-31T12:40:21Z,178,0,0,12,2,1,1,1,1,1785501611
2026-07-31T12:40:21Z,179,4,0,10,1,0,1,1,1,1785501463
2026-07-31T12:40:21Z,180,10,1,20,0,0,1,1,1,1785501518
2026-07-31T12:40:21Z,181,15,1,0,0,0,1,1,1,1785501159
2026-07-31T12:40:21Z,182,5,0,11,1,0,1,1,1,1785501303
2026-07-31T12:40:21Z,183,13,0,9,1,0,1,1,1,1785501474
2026-07-31T12:40:21Z,184,16,1,6,1,0,1,1,1,1785501581
2026-07-31T12:40:21Z,185,10,0,2,2,1,1,1,1,1785501349
2026-07-31T12:40:21Z,186,3,1,16,0,0,1,1,1,1785501456
2026-07-31T12:40:21Z,187,10,0,17,1,0,1,1,1,1785501402
2026-07-31T12:40:21Z,188,2,0,17,7,1,1,1,1,1785501507
2026-07-31T12:40:21Z,189,5,0,9,1,0,1,1,1,1785501491
2026-07-31T12:40:21Z,190,10,4,13,0,0,1,1,1,1785501568
2026-07-31T12:40:21Z,191,7,1,32,0,0,1,1,1,1785501450
2026-07-31T12:40:21Z,192,8,1,20,3,0,1,1,1,1785500661
2026-07-31T12:40:21Z,193,6,3,9,0,0,1,1,1,1785501589
2026-07-31T12:40:21Z,194,19,3,7,1,0,1,1,1,1785501531
2026-07-31T12:40:21Z,195,10,2,9,0,0,1,1,1,1785500047
2026-07-31T12:40:21Z,196,3,1,23,1,0,1,1,1,1785501582
2026-07-31T12:40:21Z,197,17,8,1,0,1,1,1,1,1785501604
2026-07-31T12:40:21Z,198,15,14,8,0,0,1,1,1,1785501011
2026-07-31T12:40:21Z,199,7,4,7,1,0,1,1,1,1785501430
2026-07-31T12:40:21Z,200,17,2,8,1,0,1,1,1,1785501490
2026-07-31T12:40:21Z,201,20,3,3,0,0,1,1,1,1785501365
2026-07-31T12:40:21Z,202,2,1,25,0,0,1,1,1,1785498972
2026-07-31T12:40:21Z,203,25,2,5,1,0,1,1,1,1785501448
2026-07-31T12:40:21Z,204,14,0,20,1,0,1,1,1,1785501418
2026-07-31T12:40:21Z,205,10,1,17,0,0,1,1,1,1785501513
2026-07-31T12:40:21Z,206,2,1,13,0,0,1,1,1,1785500425
2026-07-31T12:40:21Z,207,7,0,14,0,0,1,1,1,1785500920
2026-07-31T12:40:21Z,208,18,3,11,0,0,1,1,1,1785501499
2026-07-31T12:40:21Z,209,3,0,26,2,0,1,1,1,1785501549
2026-07-31T12:40:21Z,210,18,1,8,1,0,1,1,1,1785501550
2026-07-31T12:40:21Z,211,5,3,16,2,0,1,1,1,1785501387
2026-07-31T12:40:21Z,212,24,0,10,1,0,1,1,1,1785501506
2026-07-31T12:40:21Z,213,2,0,19,2,0,1,1,1,1785501528
2026-07-31T12:40:21Z,214,38,0,6,3,0,1,1,1,1785501181
2026-07-31T12:40:21Z,215,4,2,18,1,0,1,1,1,1785501431
2026-07-31T12:40:21Z,216,6,1,12,1,0,1,1,1,1785501095
2026-07-31T12:40:21Z,217,9,0,19,1,0,1,1,1,1785501574
2026-07-31T12:40:21Z,218,18,5,20,1,0,1,1,1,1785501568
2026-07-31T12:40:21Z,219,18,1,6,2,0,1,1,1,1785501523
2026-07-31T12:40:21Z,220,18,5,24,0,1,1,1,1,1785501611
2026-07-31T12:40:21Z,221,3,3,11,1,0,1,1,1,1785500817
2026-07-31T12:40:21Z,222,9,9,10,0,0,1,1,1,1785501268
2026-07-31T12:40:21Z,223,16,1,14,5,0,1,1,1,1785501611
2026-07-31T12:40:21Z,224,7,4,15,0,0,1,1,1,1785501167
2026-07-31T12:40:21Z,225,12,1,1,6,0,1,1,1,1785498882
2026-07-31T12:40:21Z,226,29,9,1,1,0,1,1,1,1785501269
2026-07-31T12:40:21Z,227,15,12,10,1,1,1,1,1,1785501565
2026-07-31T12:40:21Z,228,1,0,17,1,0,1,1,1,1785500192
2026-07-31T12:40:21Z,230,10,4,16,0,0,1,1,1,1785501490
2026-07-31T12:40:21Z,232,5,3,11,1,0,1,1,1,1785501404
2026-07-31T12:40:21Z,233,15,2,14,2,0,1,1,1,1785501012
2026-07-31T12:40:21Z,234,8,3,6,3,2,1,1,1,1785501317
2026-07-31T12:40:21Z,236,6,1,13,0,0,1,1,1,1785500369
2026-07-31T12:40:21Z,237,11,3,11,1,0,1,1,1,1785501567
2026-07-31T12:40:21Z,239,20,16,4,3,0,1,1,1,1785501237
2026-07-31T12:40:21Z,241,10,2,11,2,0,1,1,1,1785501510
2026-07-31T12:40:21Z,242,9,4,12,2,0,1,1,1,1785501499
2026-07-31T12:40:21Z,243,8,3,22,1,0,1,1,1,1785501568
2026-07-31T12:40:21Z,244,11,3,15,1,0,1,1,1,1785501398
2026-07-31T12:40:21Z,245,4,4,19,0,0,1,1,1,1785498521
2026-07-31T12:40:21Z,246,18,1,5,0,0,1,1,1,1785501324
2026-07-31T12:40:21Z,247,8,8,14,1,0,1,1,1,1785501169
2026-07-31T12:40:21Z,248,15,3,6,2,0,1,1,1,1785500868
2026-07-31T12:40:21Z,249,2,0,16,1,0,1,1,1,1785500294
2026-07-31T12:40:21Z,250,22,7,5,0,0,1,1,1,1785501127
2026-07-31T12:40:21Z,251,11,5,14,2,0,1,1,1,1785501495
2026-07-31T12:40:21Z,253,6,3,13,0,0,1,1,1,1785501340
2026-07-31T12:40:21Z,254,16,16,26,1,0,1,1,1,1785501523
2026-07-31T12:40:21Z,255,0,0,22,0,1,1,1,1,1785501416
2026-07-31T12:40:21Z,256,0,0,20,3,0,1,1,1,1785501581
2026-07-31T12:40:21Z,257,7,5,12,0,0,1,1,1,1785501562
2026-07-31T12:40:21Z,258,12,1,7,0,0,1,1,1,1785501574
2026-07-31T12:40:21Z,259,20,2,1,1,1,1,1,1,1785501021
2026-07-31T12:40:21Z,260,7,2,9,3,0,1,1,1,1785501264
2026-07-31T12:40:21Z,261,11,0,7,0,1,1,1,1,1785501568
2026-07-31T12:40:21Z,262,8,7,13,2,0,1,1,1,1785501577
2026-07-31T12:40:21Z,263,8,0,7,0,0,1,1,1,1785500977
2026-07-31T12:40:21Z,264,6,2,10,3,0,1,1,1,1785501329
2026-07-31T12:40:21Z,265,10,0,5,0,0,1,1,1,1785499937
2026-07-31T12:40:21Z,266,7,7,10,2,0,1,1,1,1785501542
2026-07-31T12:40:21Z,267,6,3,7,2,0,1,1,1,1785500369
2026-07-31T12:40:21Z,268,21,9,2,0,0,1,1,1,1785501253
2026-07-31T12:40:21Z,269,6,2,17,0,0,1,1,1,1785500691
2026-07-31T12:40:21Z,270,22,2,5,0,0,1,1,1,1785500635
2026-07-31T12:40:21Z,271,5,0,12,2,0,1,1,1,1785500412
2026-07-31T12:40:21Z,272,8,8,14,1,0,1,1,1,1785501363
2026-07-31T12:40:21Z,273,7,3,8,0,0,1,1,1,1785501415
2026-07-31T12:40:21Z,274,10,5,8,1,0,1,1,1,1785501455
2026-07-31T12:40:21Z,275,2,0,21,0,0,1,1,1,1785501440
2026-07-31T12:40:21Z,276,4,4,23,0,0,1,1,1,1785501319
2026-07-31T12:40:21Z,277,15,2,3,5,0,1,1,1,1785501211
2026-07-31T12:40:21Z,278,3,0,25,2,1,1,1,1,1785501603
2026-07-31T12:40:21Z,279,16,2,3,0,0,1,1,1,1785501127
2026-07-31T12:40:21Z,280,11,2,18,2,0,1,1,1,1785501420
2026-07-31T12:40:21Z,281,15,0,4,0,0,1,1,1,1785501399
2026-07-31T12:40:21Z,282,6,2,12,0,0,1,1,1,1785500800
2026-07-31T12:40:21Z,283,26,0,9,0,0,1,1,1,1785500907
2026-07-31T12:40:21Z,284,9,0,24,2,0,1,1,1,1785501550
2026-07-31T12:40:21Z,285,8,7,15,0,0,1,1,1,1785501553
2026-07-31T12:40:21Z,286,12,10,7,4,0,1,1,1,1785500641
2026-07-31T12:40:21Z,287,16,5,4,3,0,1,1,1,1785501535
2026-07-31T12:40:21Z,288,7,6,11,1,0,1,1,1,1785501539
2026-07-31T12:40:21Z,289,18,2,6,3,0,1,1,1,1785501237
2026-07-31T12:40:21Z,290,8,0,30,1,0,1,1,1,1785501558
2026-07-31T12:40:21Z,291,9,1,13,1,0,1,1,1,1785501410
2026-07-31T12:40:21Z,292,19,1,4,0,0,1,1,1,1785500918
2026-07-31T12:40:21Z,293,14,10,9,0,0,1,1,1,1785499315
2026-07-31T12:40:21Z,294,4,3,17,1,0,1,1,1,1785500962
2026-07-31T12:40:21Z,297,16,2,0,2,1,1,1,1,1785501115
2026-07-31T12:40:21Z,301,8,0,11,1,0,1,1,1,1785501566
2026-07-31T12:40:21Z,302,6,0,17,0,0,1,1,1,1785500250
2026-07-31T12:40:21Z,303,9,0,10,0,0,1,1,1,1785501161
2026-07-31T12:40:21Z,304,0,0,0,0,0,0,1,1,86400
2026-07-31T12:40:21Z,305,1,0,17,1,0,1,1,1,1785501607
2026-07-31T12:40:21Z,306,7,2,25,0,0,1,1,1,1785501568
2026-07-31T12:40:21Z,307,19,0,2,1,1,1,1,1,1785501534
2026-07-31T12:40:21Z,308,16,0,1,2,0,1,1,1,1785500881
2026-07-31T12:40:21Z,309,10,2,4,0,0,1,1,1,1785501570
2026-07-31T12:40:21Z,311,10,0,5,0,0,1,1,1,1785501508
2026-07-31T12:40:21Z,312,2,1,17,4,0,1,1,1,1785501543
2026-07-31T12:40:21Z,313,0,0,15,0,0,1,1,1,1785500768
2026-07-31T12:40:21Z,314,5,3,10,3,0,1,1,1,1785499801
2026-07-31T12:40:21Z,315,19,4,10,2,0,1,1,1,1785501613
2026-07-31T12:40:21Z,316,0,0,24,6,1,1,1,1,1785501496
2026-07-31T12:40:21Z,317,22,5,8,0,1,1,1,1,1785501390
2026-07-31T12:40:21Z,318,16,0,3,0,0,1,1,1,1785500380
2026-07-31T12:40:21Z,319,15,1,6,2,0,1,1,1,1785501282
2026-07-31T12:40:21Z,320,13,4,5,1,0,1,1,1,1785500810
2026-07-31T12:40:21Z,321,9,2,6,4,0,1,1,1,1785501334
2026-07-31T12:40:21Z,322,6,2,23,0,0,1,1,1,1785501605
2026-07-31T12:40:21Z,323,10,0,9,0,0,1,1,1,1785501571
2026-07-31T12:40:21Z,324,22,0,3,2,0,1,1,1,1785501609
2026-07-31T12:40:21Z,325,8,4,17,2,0,1,1,1,1785499930
2026-07-31T12:40:21Z,327,23,1,3,1,0,1,1,1,1785501407
2026-07-31T12:40:21Z,328,9,0,12,1,0,1,1,1,1785501594
2026-07-31T12:40:21Z,329,15,0,2,2,0,1,1,1,1785501426
2026-07-31T12:40:21Z,330,4,0,17,1,0,1,1,1,1785501478
2026-07-31T12:40:21Z,331,10,2,12,1,0,1,1,1,1785501413
2026-07-31T12:40:21Z,332,9,1,8,2,0,1,1,1,1785500834
2026-07-31T12:40:21Z,333,12,1,10,1,0,1,1,1,1785501183
2026-07-31T12:40:21Z,334,7,7,16,0,0,1,1,1,1785500661
2026-07-31T12:40:21Z,335,4,2,18,0,1,1,1,1,1785499796
2026-07-31T12:40:21Z,336,14,2,4,1,0,1,1,1,1785501502
2026-07-31T12:40:21Z,337,12,3,6,5,0,1,1,1,1785501446
2026-07-31T12:40:21Z,338,11,4,7,1,0,1,1,1,1785500825
2026-07-31T12:40:21Z,339,13,9,8,2,0,1,1,1,1785501390
2026-07-31T12:40:21Z,340,8,8,6,1,0,1,1,1,1785501439
2026-07-31T12:40:21Z,341,0,0,19,0,0,1,1,1,1785500249
2026-07-31T12:40:21Z,342,13,5,0,2,0,1,1,1,1785500433
2026-07-31T12:40:21Z,343,18,1,4,1,0,1,1,1,1785501572
2026-07-31T12:40:21Z,344,19,8,4,0,0,1,1,1,1785501191
2026-07-31T12:40:21Z,345,10,2,9,0,0,1,1,1,1785501355
2026-07-31T12:40:21Z,346,10,5,13,0,0,1,1,1,1785500440
2026-07-31T12:40:21Z,347,41,3,2,1,0,1,1,1,1785501549
2026-07-31T12:40:21Z,348,19,2,3,0,1,1,1,1,1785501336
2026-07-31T12:40:21Z,349,10,2,8,1,0,1,1,1,1785501307
2026-07-31T12:40:21Z,350,15,3,10,1,1,1,1,1,1785500918
2026-07-31T12:40:21Z,351,14,3,5,4,0,1,1,1,1785501330
2026-07-31T12:40:21Z,355,17,1,6,0,0,1,1,1,1785501303
2026-07-31T12:40:21Z,356,14,2,4,1,0,1,1,1,1785501569
2026-07-31T12:40:21Z,357,3,2,16,0,0,1,1,1,1785501567
2026-07-31T12:40:21Z,358,16,4,10,1,0,1,1,1,1785500475
2026-07-31T12:40:21Z,359,12,0,15,0,0,1,1,1,1785501290
2026-07-31T12:40:21Z,360,13,2,4,2,0,1,1,1,1785500292
2026-07-31T12:40:21Z,362,9,3,7,3,0,1,1,1,1785501041
2026-07-31T12:40:21Z,363,7,0,20,0,0,1,1,1,1785501581
2026-07-31T12:40:21Z,364,18,4,1,0,0,1,1,1,1785500592
2026-07-31T12:40:21Z,365,10,0,9,4,0,1,1,1,1785499693
2026-07-31T12:40:21Z,366,3,2,16,4,0,1,1,1,1785501446
2026-07-31T12:40:21Z,367,14,9,4,1,0,1,1,1,1785497713
2026-07-31T12:40:21Z,368,17,4,4,2,0,1,1,1,1785500237
2026-07-31T12:40:21Z,370,7,5,20,0,0,1,1,1,1785501250
2026-07-31T12:40:21Z,371,2,0,16,1,0,1,1,1,1785500254
2026-07-31T12:40:21Z,372,5,0,10,0,0,1,1,1,1785500687
2026-07-31T12:40:21Z,373,24,8,2,1,0,1,1,1,1785501394
2026-07-31T12:40:21Z,374,9,4,8,2,0,1,1,1,1785501519
2026-07-31T12:40:21Z,375,16,5,7,4,0,1,1,1,1785499947
2026-07-31T12:40:21Z,376,26,8,9,4,0,1,1,1,1785501515
2026-07-31T12:40:21Z,377,17,7,9,1,0,1,1,1,1785501148
2026-07-31T12:40:21Z,378,14,4,8,1,1,1,1,1,1785501604
2026-07-31T12:40:21Z,379,13,1,14,0,0,1,1,1,1785501229
2026-07-31T12:40:21Z,380,15,5,7,1,0,1,1,1,1785500351
2026-07-31T12:40:21Z,381,0,0,23,0,0,1,1,1,1785501361
2026-07-31T12:40:21Z,383,1,0,13,1,0,1,1,1,1785501511
2026-07-31T12:40:21Z,384,19,0,6,2,0,1,1,1,1785501376
2026-07-31T12:40:21Z,385,13,5,4,1,0,1,1,1,1785500909
2026-07-31T12:40:21Z,387,19,2,4,0,0,1,1,1,1785501500
2026-07-31T12:40:21Z,388,31,3,17,1,0,1,1,1,1785501539
2026-07-31T12:40:21Z,389,7,5,7,1,0,1,1,1,1785501576
2026-07-31T12:40:21Z,390,14,0,21,0,0,1,1,1,1785501485
2026-07-31T12:40:21Z,391,1,1,13,1,0,1,1,1,1785501588
2026-07-31T12:40:21Z,392,2,2,16,1,0,1,1,1,1785501588
2026-07-31T12:40:21Z,393,3,3,5,3,0,1,1,1,1785487292
2026-07-31T12:40:21Z,394,5,4,6,2,0,1,1,1,1785500017
2026-07-31T12:40:21Z,396,21,8,18,3,0,1,1,1,1785501062
2026-07-31T12:40:21Z,397,12,6,19,0,0,1,1,1,1785500736
2026-07-31T12:40:21Z,399,8,0,7,2,0,1,1,1,1785500749
2026-07-31T12:40:21Z,400,12,7,8,3,0,1,1,1,1785500180
2026-07-31T12:40:21Z,401,0,0,31,8,0,1,1,1,1785500791
2026-07-31T12:40:21Z,403,20,1,7,4,0,1,1,1,1785501563
2026-07-31T12:40:21Z,404,2,1,21,0,0,1,1,1,1785501492
2026-07-31T12:40:21Z,406,4,2,30,1,0,1,1,1,1785501477
2026-07-31T12:40:21Z,407,18,3,15,1,0,1,1,1,1785499747
2026-07-31T12:40:21Z,408,15,3,16,2,0,1,1,1,1785499687
2026-07-31T12:40:21Z,409,2,0,18,3,0,1,1,1,1785498301
2026-07-31T12:40:21Z,413,17,3,5,1,0,1,1,1,1785501595
2026-07-31T12:40:21Z,414,5,2,9,1,0,1,1,1,1785501404
2026-07-31T12:40:21Z,417,5,3,13,1,0,1,1,1,1785501592
2026-07-31T12:40:21Z,418,13,0,2,0,0,1,1,1,1785500816
2026-07-31T12:40:21Z,419,11,0,11,1,0,1,1,1,1785500476
2026-07-31T12:40:21Z,421,3,0,16,0,0,1,1,1,1785501356
2026-07-31T12:40:21Z,422,5,4,21,1,0,1,1,1,1785501146
2026-07-31T12:40:21Z,423,2,2,21,0,0,1,1,1,1785500357
2026-07-31T12:40:21Z,424,3,2,9,3,0,1,1,1,1785501461
2026-07-31T12:40:21Z,425,16,0,5,0,1,1,1,1,1785500631
2026-07-31T12:40:21Z,426,9,1,24,4,0,1,1,1,1785501377
2026-07-31T12:40:21Z,427,9,1,5,1,0,1,1,1,1785501580
2026-07-31T12:40:21Z,428,17,2,1,1,0,1,1,1,1785501397
2026-07-31T12:40:21Z,429,4,2,17,2,0,1,1,1,1785501077
2026-07-31T12:40:21Z,430,27,1,1,3,0,1,1,1,1785501263
2026-07-31T12:40:21Z,431,16,0,16,1,0,1,1,1,1785500099
2026-07-31T12:40:21Z,432,15,0,14,2,0,0,1,1,1785501609
2026-07-31T12:40:21Z,433,17,5,4,2,0,1,1,1,1785500391
2026-07-31T12:40:21Z,437,3,2,15,1,0,1,1,1,1785501217
2026-07-31T12:40:21Z,438,17,1,1,1,0,1,1,1,1785501530
2026-07-31T12:40:21Z,439,1,0,13,1,0,1,1,1,1785500881
2026-07-31T12:40:21Z,440,12,1,1,2,0,1,1,1,1785501261
2026-07-31T12:40:21Z,441,12,3,2,1,0,1,1,1,1785501553
2026-07-31T12:40:21Z,442,17,9,1,1,0,1,1,1,1785501379
2026-07-31T12:40:21Z,443,4,2,23,0,0,1,1,1,1785485488
2026-07-31T12:40:21Z,444,4,2,19,0,0,1,1,1,1785501265
2026-07-31T12:40:21Z,445,7,2,15,1,0,1,1,1,1785501439
2026-07-31T12:40:21Z,446,1,1,21,1,0,1,1,1,1785500858
2026-07-31T12:40:21Z,447,3,0,18,1,1,1,1,1,1785496389
2026-07-31T12:40:21Z,448,7,2,7,1,0,1,1,1,1785501220
2026-07-31T12:40:21Z,452,7,4,11,1,0,1,1,1,1785501368
2026-07-31T12:40:21Z,453,5,4,9,1,0,1,1,1,1785501287
2026-07-31T12:40:21Z,454,5,0,14,0,0,1,1,1,1785501594
2026-07-31T12:40:21Z,455,3,2,35,1,0,1,1,1,1785500489
2026-07-31T12:40:21Z,456,4,0,15,1,0,1,1,1,1785501368
2026-07-31T12:40:21Z,457,24,2,1,2,0,1,1,1,1785501576
2026-07-31T12:40:21Z,458,12,4,11,0,0,1,1,1,1785499509
2026-07-31T12:40:21Z,459,12,0,3,0,0,1,1,1,1785500736
2026-07-31T12:40:21Z,460,12,0,10,1,0,1,1,1,1785501557
2026-07-31T12:40:21Z,461,9,1,10,0,0,1,1,1,1785501469
2026-07-31T12:40:21Z,462,17,2,4,0,0,1,1,1,1785501032
2026-07-31T12:40:21Z,463,9,0,10,0,0,1,1,1,1785499420
2026-07-31T12:40:21Z,464,0,0,14,0,0,1,1,1,1785499858
2026-07-31T12:40:21Z,465,1,0,13,1,0,1,1,1,1785499838
2026-07-31T12:40:21Z,466,11,3,2,2,0,1,1,1,1785500010
2026-07-31T12:40:21Z,467,2,1,17,0,0,1,1,1,1785500498
2026-07-31T12:40:21Z,468,17,1,1,1,0,1,1,1,1785485789
2026-07-31T12:40:21Z,469,2,0,21,0,0,1,1,1,1785501440
2026-07-31T12:40:21Z,470,9,2,5,1,0,1,1,1,1785501549
2026-07-31T12:40:21Z,471,24,2,3,0,0,1,1,1,1785501326
2026-07-31T12:40:21Z,472,8,3,10,1,0,1,1,1,1785501492
2026-07-31T12:40:21Z,473,17,3,1,1,0,1,1,1,1785501604
2026-07-31T12:40:21Z,474,13,0,6,0,0,1,1,1,1785501295
2026-07-31T12:40:21Z,475,8,3,11,0,0,1,1,1,1785499966
2026-07-31T12:40:21Z,477,3,2,10,2,0,1,1,1,1785501275
2026-07-31T12:40:21Z,478,13,0,17,1,0,1,1,1,1785501595
2026-07-31T12:40:21Z,479,4,0,22,1,0,1,1,1,1785500950
2026-07-31T12:40:21Z,480,2,0,11,2,0,1,1,1,1785501080
2026-07-31T12:40:21Z,481,8,0,26,1,0,1,1,1,1785501580
2026-07-31T12:40:21Z,482,11,6,8,0,0,1,1,1,1785501435
2026-07-31T12:40:21Z,483,4,0,21,2,0,1,1,1,1785501477
2026-07-31T12:40:21Z,484,1,1,17,1,0,1,1,1,1785501609
2026-07-31T12:40:21Z,485,14,6,3,1,1,1,1,1,1785501547
2026-07-31T12:40:21Z,486,3,3,21,3,0,1,1,1,1785501548
2026-07-31T12:40:21Z,487,0,0,18,1,0,1,1,1,1785499667
2026-07-31T12:40:21Z,489,2,2,13,0,0,1,1,1,1785500768
2026-07-31T12:40:21Z,490,4,2,12,0,0,1,1,1,1785501142
2026-07-31T12:40:21Z,491,7,2,14,0,0,1,1,1,1785501550
2026-07-31T12:40:21Z,492,2,2,5,4,0,1,1,1,1785501608
2026-07-31T12:40:21Z,493,3,1,23,1,0,1,1,1,1785500083
2026-07-31T12:40:21Z,495,8,0,4,3,0,1,1,1,1785500279
2026-07-31T12:40:21Z,496,21,1,6,0,0,1,1,1,1785500570
2026-07-31T12:40:21Z,497,6,0,12,1,0,1,1,1,1785501509
2026-07-31T12:40:21Z,498,10,1,13,0,0,1,1,1,1785501452
2026-07-31T12:40:21Z,499,15,0,3,1,0,1,1,1,1785501193
2026-07-31T12:40:21Z,500,3,1,6,6,0,1,1,1,1785501495
2026-07-31T12:40:21Z,501,13,7,8,0,0,1,1,1,1785501225
2026-07-31T12:40:21Z,502,10,1,9,0,0,1,1,1,1785501393
2026-07-31T12:40:21Z,503,16,0,14,1,0,1,1,1,1785501432
2026-07-31T12:40:21Z,504,13,3,26,0,0,1,1,1,1785501167
2026-07-31T12:40:21Z,505,2,0,9,1,0,1,1,1,1785501589
2026-07-31T12:40:21Z,511,7,3,16,0,0,1,1,1,1785501142
2026-07-31T12:40:21Z,512,21,0,6,0,0,1,1,1,1785501495
2026-07-31T12:40:21Z,514,3,0,7,1,0,1,1,1,1785501562
2026-07-31T12:40:21Z,515,0,0,18,1,0,1,1,1,1785500561
2026-07-31T12:40:21Z,516,10,1,17,0,0,1,1,1,1785501062
2026-07-31T12:40:21Z,517,11,1,11,1,0,1,1,1,1785501320
2026-07-31T12:40:21Z,518,13,0,1,1,0,1,1,1,1785499590
2026-07-31T12:40:21Z,519,2,0,15,2,0,1,1,1,1785497842
2026-07-31T12:40:21Z,520,13,6,8,5,1,1,1,1,1785501613
2026-07-31T12:40:21Z,521,16,4,7,0,0,1,1,1,1785501523
2026-07-31T12:40:21Z,522,1,0,21,1,0,1,1,1,1785501247
2026-07-31T12:40:21Z,523,4,3,18,1,0,1,1,1,1785501535
2026-07-31T12:40:21Z,524,1,0,22,0,0,1,1,1,1785501418
2026-07-31T12:40:21Z,525,3,0,16,0,0,1,1,1,1785501515
2026-07-31T12:40:21Z,526,12,1,1,2,0,1,1,1,1785501355
2026-07-31T12:40:21Z,527,5,3,18,3,0,1,1,1,1785501578
2026-07-31T12:40:21Z,528,20,1,2,1,0,1,1,1,1785500223
2026-07-31T12:40:21Z,529,7,3,6,6,0,1,1,1,1785501612
2026-07-31T12:40:21Z,530,9,0,11,1,0,1,1,1,1785501537
2026-07-31T12:40:21Z,531,13,0,8,1,1,1,1,1,1785501477
2026-07-31T12:40:21Z,532,11,5,19,1,0,1,1,1,1785501241
2026-07-31T12:40:21Z,533,5,0,13,1,0,1,1,1,1785501445
2026-07-31T12:40:21Z,534,5,1,17,1,0,1,1,1,1785501011
2026-07-31T12:40:21Z,535,1,0,14,0,0,1,1,1,1785501517
2026-07-31T12:40:21Z,536,20,0,3,0,0,1,1,1,1785501613
2026-07-31T12:40:21Z,537,8,1,12,0,0,1,1,1,1785501544
2026-07-31T12:40:21Z,538,10,2,11,0,2,1,1,1,1785501460
2026-07-31T12:40:21Z,539,5,5,26,0,0,1,1,1,1785498487
2026-07-31T12:40:21Z,540,0,0,18,1,0,1,1,1,1785501547
2026-07-31T12:40:21Z,541,12,0,14,1,0,1,1,1,1785500811
2026-07-31T12:40:21Z,542,21,6,1,1,0,1,1,1,1785501241
2026-07-31T12:40:21Z,543,14,2,3,2,0,1,1,1,1785501395
2026-07-31T12:40:21Z,544,1,1,17,4,0,1,1,1,1785501101
2026-07-31T12:40:21Z,545,0,0,17,2,0,1,1,1,1785501259
2026-07-31T12:40:21Z,546,7,6,12,0,0,1,1,1,1785500951
2026-07-31T12:40:21Z,547,18,1,7,0,0,1,1,1,1785501476
2026-07-31T12:40:21Z,548,14,1,9,0,0,1,1,1,1785501002
2026-07-31T12:40:21Z,549,17,0,6,0,0,1,1,1,1785500936
2026-07-31T12:40:21Z,550,3,0,16,0,0,1,1,1,1785501372
2026-07-31T12:40:21Z,551,11,4,12,0,0,1,1,1,1785498819
2026-07-31T12:40:21Z,552,23,0,4,0,0,1,1,1,1785500999
2026-07-31T12:40:21Z,553,9,3,13,0,1,1,1,1,1785501608
2026-07-31T12:40:21Z,554,4,1,15,0,0,1,1,1,1785501259
2026-07-31T12:40:21Z,555,13,5,1,1,0,1,1,1,1785499646
2026-07-31T12:40:21Z,556,17,4,4,2,0,1,1,1,1785501587
2026-07-31T12:40:21Z,557,10,5,9,4,0,1,1,1,1785501261
2026-07-31T12:40:21Z,558,25,5,12,0,0,1,1,1,1785501610
2026-07-31T12:40:21Z,559,4,2,13,2,0,1,1,1,1785501466
2026-07-31T12:40:21Z,560,11,0,15,1,0,1,1,1,1785501585
2026-07-31T12:40:21Z,561,12,0,10,1,0,1,1,1,1785501600
2026-07-31T12:40:21Z,562,3,0,29,3,0,1,1,1,1785486691
2026-07-31T12:40:21Z,563,8,0,6,0,0,1,1,1,1785499160
2026-07-31T12:40:21Z,564,7,0,11,1,0,1,1,1,1785500251
2026-07-31T12:40:21Z,565,1,1,18,0,0,1,1,1,1785501427
2026-07-31T12:40:21Z,566,15,0,3,1,0,1,1,1,1785501488
2026-07-31T12:40:21Z,567,4,1,22,1,0,1,1,1,1785500716
2026-07-31T12:40:21Z,568,18,0,0,1,0,1,1,1,1785501569
2026-07-31T12:40:21Z,569,14,1,5,0,0,1,1,1,1785501580
2026-07-31T12:40:21Z,570,4,0,14,1,0,1,1,1,1785501041
2026-07-31T12:40:21Z,571,16,0,7,0,0,1,1,1,1785501455
2026-07-31T12:40:21Z,572,11,4,7,1,0,1,1,1,1785501177
2026-07-31T12:40:21Z,573,5,0,10,0,0,1,1,1,1785500681
2026-07-31T12:40:21Z,574,3,0,12,0,0,1,1,1,1785501300
2026-07-31T12:40:21Z,575,5,1,15,1,0,1,1,1,1785501118
2026-07-31T12:40:21Z,576,6,2,11,2,0,1,1,1,1785501142
2026-07-31T12:40:21Z,577,15,0,16,0,0,1,1,1,1785500983
2026-07-31T12:40:21Z,578,9,9,13,1,0,1,1,1,1785501512
2026-07-31T12:40:21Z,579,12,1,31,0,0,1,1,1,1785501514
2026-07-31T12:40:21Z,580,0,0,29,0,0,1,1,1,1785501322
2026-07-31T12:40:21Z,581,5,0,14,0,0,1,1,1,1785501289
2026-07-31T12:40:21Z,582,21,2,39,1,0,1,1,1,1785501613
2026-07-31T12:40:21Z,583,20,0,3,0,0,1,1,1,1785501553
2026-07-31T12:40:21Z,584,5,4,9,5,0,1,1,1,1785499323
2026-07-31T12:40:21Z,585,6,2,20,0,1,1,1,1,1785500846
2026-07-31T12:40:21Z,586,7,1,28,0,0,1,1,1,1785501398
2026-07-31T12:40:21Z,587,8,0,15,1,0,1,1,1,1785501154
2026-07-31T12:40:21Z,588,9,4,7,2,1,1,1,1,1785501428
2026-07-31T12:40:21Z,589,8,6,13,1,0,1,1,1,1785500859
2026-07-31T12:40:21Z,590,15,1,15,1,0,1,1,1,1785500758
2026-07-31T12:40:21Z,591,10,0,18,2,0,1,1,1,1785500926
2026-07-31T12:40:21Z,592,14,0,9,0,0,1,1,1,1785501285
2026-07-31T12:40:21Z,593,7,0,31,0,0,1,1,1,1785501407
2026-07-31T12:40:21Z,594,5,0,14,2,0,1,1,1,1785501602
2026-07-31T12:40:21Z,595,0,0,3,0,0,0,1,1,1784046673
2026-07-31T12:40:21Z,605,0,0,2,1,0,0,1,1,1783975843
2026-07-31T12:40:21Z,606,0,0,0,0,0,0,1,1,86400
2026-07-31T12:40:21Z,607,20,3,10,2,0,1,1,1,1785501562
2026-07-31T12:40:21Z,608,11,4,39,0,0,1,1,1,1785501595
2026-07-31T12:40:21Z,609,18,12,5,0,0,1,1,1,1785500923
2026-07-31T12:40:21Z,610,7,4,28,0,0,1,1,1,1785501087
2026-07-31T12:40:21Z,611,3,1,23,1,0,1,1,1,1785501481
2026-07-31T12:40:21Z,612,7,1,8,0,0,1,1,1,1785498548
2026-07-31T12:40:21Z,613,8,0,3,4,0,1,1,1,1785500139
2026-07-31T12:40:21Z,614,5,2,19,2,1,1,1,1,1785501419
2026-07-31T12:40:21Z,617,7,0,6,2,0,1,1,1,1785501000
2026-07-31T12:40:21Z,618,10,1,5,4,0,1,1,1,1785499307
2026-07-31T12:40:21Z,619,4,2,15,0,0,1,1,1,1785501242
2026-07-31T12:40:21Z,620,3,1,24,0,0,1,1,1,1785501592
2026-07-31T12:40:21Z,621,14,11,8,1,0,1,1,1,1785501291
2026-07-31T12:40:21Z,622,15,4,7,1,0,1,1,1,1785501596
2026-07-31T12:40:21Z,623,11,5,18,1,0,1,1,1,1785501590
2026-07-31T12:40:21Z,624,0,0,15,0,0,1,1,1,1785499735
2026-07-31T12:40:21Z,625,5,1,14,2,0,1,1,1,1785501219
2026-07-31T12:40:21Z,626,15,0,30,0,2,1,1,1,1785501536
2026-07-31T12:40:21Z,627,14,6,5,0,0,1,1,1,1785500712
2026-07-31T12:40:21Z,628,1,1,15,2,1,1,1,1,1785501612
2026-07-31T12:40:21Z,629,5,2,5,1,0,1,1,1,1785501397
2026-07-31T12:40:21Z,630,4,3,20,3,0,1,1,1,1785501541
2026-07-31T12:40:21Z,631,10,4,13,0,0,1,1,1,1785500884
2026-07-31T12:40:21Z,632,20,0,1,2,0,1,1,1,1785492884
2026-07-31T12:40:21Z,633,11,0,1,3,0,1,1,1,1785501175
2026-07-31T12:40:21Z,634,10,2,9,0,0,1,1,1,1785498289
2026-07-31T12:40:21Z,635,15,1,4,0,0,1,1,1,1785497505
2026-07-31T12:40:21Z,636,10,2,5,0,0,1,1,1,1785488201
2026-07-31T12:40:21Z,637,9,2,9,1,0,1,1,1,1785500453
2026-07-31T12:40:21Z,638,6,1,11,2,0,1,1,1,1785500681
2026-07-31T12:40:21Z,639,7,1,10,2,0,1,1,1,1785501255
2026-07-31T12:40:21Z,640,7,5,15,1,0,1,1,1,1785501541
2026-07-31T12:40:21Z,641,10,0,14,2,0,1,1,1,1785501458
2026-07-31T12:40:21Z,642,0,0,10,9,0,1,1,1,1785501613
2026-07-31T12:40:21Z,643,7,1,13,7,0,1,1,1,1785501609
2026-07-31T12:40:21Z,644,11,0,3,1,0,1,1,1,1785499858
2026-07-31T12:40:21Z,645,11,0,10,1,1,1,1,1,1785499783
2026-07-31T12:40:21Z,646,6,2,13,0,0,1,1,1,1785501534
2026-07-31T12:40:21Z,647,26,2,5,0,0,1,1,1,1785500625
2026-07-31T12:40:21Z,648,5,0,13,1,0,1,1,1,1785500139
2026-07-31T12:40:21Z,649,19,1,11,1,0,1,1,1,1785500940
2026-07-31T12:40:21Z,650,5,1,9,0,0,1,1,1,1785488201
2026-07-31T12:40:21Z,651,6,6,17,0,0,1,1,1,1785501211
2026-07-31T12:40:21Z,652,2,2,19,2,0,1,1,1,1785501526
2026-07-31T12:40:21Z,653,7,1,12,0,0,1,1,1,1785501393
2026-07-31T12:40:21Z,654,1,0,14,0,0,1,1,1,1785501595
2026-07-31T12:40:21Z,655,7,3,1,4,1,1,1,1,1785501498
2026-07-31T12:40:21Z,656,12,5,7,0,0,1,1,1,1785501486
2026-07-31T12:40:21Z,657,11,2,2,2,2,1,1,1,1785501500
2026-07-31T12:40:21Z,658,9,1,1,0,0,1,1,1,1785473427
2026-07-31T12:40:21Z,659,7,3,6,2,0,1,1,1,1785500179
2026-07-31T12:40:21Z,660,13,2,14,4,0,1,1,1,1785501452
2026-07-31T12:40:21Z,661,3,2,16,0,0,1,1,1,1785501539
2026-07-31T12:40:21Z,662,4,3,16,3,0,1,1,1,1785501613
2026-07-31T12:40:21Z,663,10,5,4,1,0,1,1,1,1785500391
2026-07-31T12:40:21Z,664,5,0,22,0,0,1,1,1,1785500998
2026-07-31T12:40:21Z,665,13,4,2,0,0,1,1,1,1785500164
2026-07-31T12:40:21Z,666,8,2,5,2,0,1,1,1,1785495733
2026-07-31T12:40:21Z,667,1,0,18,0,0,1,1,1,1785501358
2026-07-31T12:40:21Z,668,7,0,12,0,0,1,1,1,1785501384
2026-07-31T12:40:21Z,669,14,5,0,0,0,1,1,1,1785501140
2026-07-31T12:40:21Z,670,12,2,15,0,0,1,1,1,1785501246
2026-07-31T12:40:21Z,671,7,4,19,1,0,1,1,1,1785501408
2026-07-31T12:40:21Z,672,11,2,8,3,1,1,1,1,1785500637
2026-07-31T12:40:21Z,673,20,2,2,1,0,1,1,1,1785501551
2026-07-31T12:40:21Z,674,7,1,13,3,0,1,1,1,1785501577
2026-07-31T12:40:21Z,675,10,5,3,2,0,1,1,1,1785501329
2026-07-31T12:40:21Z,676,9,0,12,1,0,1,1,1,1785501192
2026-07-31T12:40:21Z,681,11,3,1,3,0,1,1,1,1785500812
2026-07-31T12:40:21Z,682,4,1,14,1,0,1,1,1,1785486991
2026-07-31T12:40:21Z,683,3,1,16,0,0,1,1,1,1785499114
2026-07-31T12:40:21Z,684,2,0,25,0,0,1,1,1,1785498876
2026-07-31T12:40:21Z,685,8,0,17,1,1,1,1,1,1785498843
2026-07-31T12:40:21Z,686,9,0,15,3,0,1,1,1,1785501520
2026-07-31T12:40:21Z,687,11,0,18,1,1,1,1,1,1785501531
2026-07-31T12:40:21Z,688,10,0,2,7,0,1,1,1,1785501605
2026-07-31T12:40:21Z,692,5,3,16,0,0,1,1,1,1785501397
2026-07-31T12:40:21Z,693,6,0,2,3,0,1,1,1,1785499854
2026-07-31T12:40:21Z,694,8,6,13,0,0,1,1,1,1785501443
2026-07-31T12:40:21Z,695,10,7,13,0,0,1,1,1,1785501604
2026-07-31T12:40:21Z,696,17,12,4,2,0,1,1,1,1785501531
2026-07-31T12:40:21Z,697,12,0,11,0,0,1,1,1,1785501551
2026-07-31T12:40:21Z,698,14,0,13,0,0,1,1,1,1785501155
2026-07-31T12:40:21Z,699,8,0,6,1,0,1,1,1,1785500255
2026-07-31T12:40:21Z,700,18,4,1,0,0,1,1,1,1785500320
2026-07-31T12:40:21Z,701,15,6,4,0,0,1,1,1,1785501609
2026-07-31T12:40:21Z,702,16,1,5,2,0,1,1,1,1785500796
2026-07-31T12:40:21Z,704,6,1,9,0,0,1,1,1,1785500949
2026-07-31T12:40:21Z,705,3,1,10,2,0,1,1,1,1785500855
2026-07-31T12:40:21Z,706,5,0,7,3,0,1,1,1,1785501613
2026-07-31T12:40:21Z,707,8,1,7,0,0,1,1,1,1785500326
2026-07-31T12:40:21Z,708,16,2,3,0,0,1,1,1,1785500651
2026-07-31T12:40:21Z,709,8,0,4,3,0,1,1,1,1785501532
2026-07-31T12:40:21Z,710,14,3,4,1,0,1,1,1,1785501602
2026-07-31T12:40:21Z,711,17,2,1,5,0,1,1,1,1785501285
2026-07-31T12:40:21Z,712,6,6,9,0,0,1,1,1,1785501603
2026-07-31T12:40:21Z,713,5,0,18,0,0,1,1,1,1785500832
2026-07-31T12:40:21Z,716,4,2,11,0,0,1,1,1,1785501107
2026-07-31T12:40:21Z,717,3,2,19,3,0,1,1,1,1785501284
2026-07-31T12:40:21Z,718,7,1,7,1,0,1,1,1,1785501022
2026-07-31T12:40:21Z,719,10,3,19,0,0,1,1,1,1785501141
2026-07-31T12:40:21Z,720,1,0,18,0,0,1,1,1,1785500349
2026-07-31T12:40:21Z,721,0,0,21,2,0,1,1,1,1785501169
2026-07-31T12:40:21Z,722,5,0,10,0,0,1,1,1,1785500108
2026-07-31T12:40:21Z,723,12,1,11,0,0,1,1,1,1785500210
2026-07-31T12:40:21Z,724,6,2,17,0,0,1,1,1,1785501317
2026-07-31T12:40:21Z,725,19,4,3,1,0,1,1,1,1785501224
2026-07-31T12:40:21Z,726,13,2,6,0,0,1,1,1,1785501606
2026-07-31T12:40:21Z,727,8,3,12,3,0,1,1,1,1785501121
2026-07-31T12:40:21Z,728,9,0,5,1,0,1,1,1,1785500652
2026-07-31T12:40:21Z,729,2,1,17,0,0,1,1,1,1785501535
2026-07-31T12:40:21Z,730,3,2,10,2,0,1,1,1,1785501246
2026-07-31T12:40:21Z,731,9,3,5,1,0,1,1,1,1785500364
2026-07-31T12:40:21Z,732,7,5,8,0,0,1,1,1,1785501400
2026-07-31T12:40:21Z,733,0,0,27,0,0,1,1,1,1785501245
2026-07-31T12:40:21Z,734,0,0,13,1,0,1,1,1,1785501340
2026-07-31T12:40:21Z,735,5,3,22,0,0,1,1,1,1785501358
2026-07-31T12:40:21Z,736,7,0,11,1,0,1,1,1,1785501103
2026-07-31T12:40:21Z,737,4,3,10,0,1,1,1,1,1785500800
2026-07-31T12:40:21Z,738,14,3,3,2,0,1,1,1,1785501387
2026-07-31T12:40:21Z,739,20,2,6,1,0,1,1,1,1785500438
2026-07-31T12:40:21Z,741,7,0,16,0,0,1,1,1,1785500690
2026-07-31T12:40:21Z,742,23,1,10,2,0,1,1,1,1785501493
2026-07-31T12:40:21Z,743,10,4,8,1,0,1,1,1,1785500560
2026-07-31T12:40:21Z,744,8,3,6,1,0,1,1,1,1785501061
2026-07-31T12:40:21Z,745,13,4,5,1,0,1,1,1,1785501077
2026-07-31T12:40:21Z,746,2,0,19,2,0,1,1,1,1785501611
2026-07-31T12:40:21Z,747,0,0,4,0,0,0,1,1,1783446606
2026-07-31T12:40:21Z,748,10,1,13,0,0,1,1,1,1785500069
2026-07-31T12:40:21Z,749,5,5,17,1,0,1,1,1,1785501543
2026-07-31T12:40:21Z,750,6,2,5,0,0,1,1,1,1785501522
2026-07-31T12:40:21Z,751,20,0,3,0,0,1,1,1,1785501460
2026-07-31T12:40:21Z,752,14,1,2,1,0,1,1,1,1785501555
2026-07-31T12:40:21Z,753,1,0,14,0,0,1,1,1,1785501235
2026-07-31T12:40:21Z,754,4,2,10,1,0,1,1,1,1785501594
2026-07-31T12:40:21Z,755,13,4,9,1,0,1,1,1,1785501176
2026-07-31T12:40:21Z,756,20,14,16,1,0,1,1,1,1785501491
2026-07-31T12:40:21Z,757,15,7,2,2,0,1,1,1,1785501498
2026-07-31T12:40:21Z,758,11,1,12,0,0,1,1,1,1785501559
2026-07-31T12:40:21Z,759,0,0,0,0,0,1,1,1,86400
2026-07-31T12:40:21Z,760,9,4,10,0,0,1,1,1,1785499338
2026-07-31T12:40:21Z,761,16,0,6,1,0,1,1,1,1785500876
2026-07-31T12:40:21Z,762,5,3,5,5,0,1,1,1,1785500337
2026-07-31T12:40:21Z,768,8,0,8,3,0,1,1,1,1785501288
2026-07-31T12:40:21Z,769,18,12,1,0,0,1,1,1,1785501181
2026-07-31T12:40:21Z,770,10,3,7,2,0,1,1,1,1785500859
2026-07-31T12:40:21Z,771,12,2,2,1,0,1,1,1,1785500301
2026-07-31T12:40:21Z,772,8,1,7,0,0,1,1,1,1785500905
2026-07-31T12:40:21Z,773,15,4,4,0,0,1,1,1,1785500760
2026-07-31T12:40:21Z,774,8,5,4,3,0,1,1,1,1785500685
2026-07-31T12:40:21Z,775,7,0,10,1,1,1,1,1,1785494713
2026-07-31T12:40:21Z,776,3,1,17,1,0,1,1,1,1785501100
2026-07-31T12:40:21Z,777,10,0,2,3,0,1,1,1,1785500840
2026-07-31T12:40:21Z,778,13,0,3,3,0,1,1,1,1785500858
2026-07-31T12:40:21Z,779,8,1,10,1,0,1,1,1,1785499860
2026-07-31T12:40:21Z,780,17,2,1,1,0,1,1,1,1785501517
2026-07-31T12:40:21Z,781,3,0,6,2,0,1,1,1,1785501575
2026-07-31T12:40:21Z,782,5,3,10,4,0,1,1,1,1785500578
2026-07-31T12:40:21Z,783,6,0,13,0,0,1,1,1,1785499841
2026-07-31T12:40:21Z,784,19,1,0,0,0,1,1,1,1785501266
2026-07-31T12:40:21Z,785,10,2,3,6,0,1,1,1,1785500018
2026-07-31T12:40:21Z,786,12,5,7,0,0,1,1,1,1785501491
2026-07-31T12:40:21Z,787,10,5,3,2,0,1,1,1,1785501110
2026-07-31T12:40:21Z,788,3,0,12,0,0,1,1,1,1785500332
2026-07-31T12:40:21Z,789,9,2,2,4,0,1,1,1,1785500553
2026-07-31T12:40:21Z,790,1,0,21,1,0,1,1,1,1785501054
2026-07-31T12:40:21Z,791,6,0,12,0,1,1,1,1,1785500779
2026-07-31T12:40:21Z,793,4,0,10,1,0,1,1,1,1785500690
2026-07-31T12:40:21Z,794,17,9,10,2,0,1,1,1,1785501475
2026-07-31T12:40:21Z,796,3,2,14,2,0,1,1,1,1785500818
2026-07-31T12:40:21Z,797,1,0,14,0,0,1,1,1,1785499482
2026-07-31T12:40:21Z,798,10,1,14,1,0,1,1,1,1785501427
2026-07-31T12:40:21Z,799,14,1,2,3,0,1,1,1,1785500475
2026-07-31T12:40:21Z,800,5,0,14,2,0,1,1,1,1785500700
2026-07-31T12:40:21Z,801,17,4,2,2,0,1,1,1,1785501579
2026-07-31T12:40:21Z,802,8,0,23,0,0,1,1,1,1785500663
2026-07-31T12:40:21Z,803,1,1,14,0,0,1,1,1,1785500297
2026-07-31T12:40:21Z,806,4,2,11,0,0,1,1,1,1785501486
2026-07-31T12:40:21Z,807,12,1,11,2,0,1,1,1,1785500930
2026-07-31T12:40:21Z,808,3,1,20,2,0,1,1,1,1785499242
2026-07-31T12:40:21Z,809,4,0,18,1,0,1,1,1,1785500490
2026-07-31T12:40:21Z,810,2,0,13,4,0,1,1,1,1785500926
2026-07-31T12:40:21Z,815,0,0,10,4,1,1,1,1,1785500672
2026-07-31T12:40:21Z,817,10,4,5,0,0,1,1,1,1785499817
2026-07-31T12:40:21Z,818,5,0,18,0,0,1,1,1,1785501076
2026-07-31T12:40:21Z,819,6,4,9,0,0,1,1,1,1785487291
2026-07-31T12:40:21Z,820,8,2,9,0,0,1,1,1,1785501539
2026-07-31T12:40:21Z,821,2,1,13,0,0,1,1,1,1785500652
2026-07-31T12:40:21Z,822,9,0,13,1,0,1,1,1,1785501003
2026-07-31T12:40:21Z,823,3,1,12,0,0,1,1,1,1785501125
2026-07-31T12:40:21Z,824,10,5,9,0,0,1,1,1,1785501477
2026-07-31T12:40:21Z,825,8,5,7,0,0,1,1,1,1785495662
2026-07-31T12:40:21Z,826,17,3,0,2,0,1,1,1,1785501446
2026-07-31T12:40:21Z,827,16,4,4,1,0,1,1,1,1785501227
2026-07-31T12:40:21Z,828,13,1,3,2,0,1,1,1,1785500837
2026-07-31T12:40:21Z,829,14,5,13,0,0,1,1,1,1785499885
2026-07-31T12:40:21Z,830,17,2,5,1,0,1,1,1,1785500934
2026-07-31T12:40:21Z,831,6,2,8,1,0,1,1,1,1785500090
2026-07-31T12:40:21Z,832,11,3,4,3,0,1,1,1,1785501598
2026-07-31T12:40:21Z,833,0,0,18,1,0,1,1,1,1785500917
2026-07-31T12:40:21Z,834,6,0,17,1,0,1,1,1,1785501591
2026-07-31T12:40:21Z,835,4,3,12,2,0,1,1,1,1785501610
2026-07-31T12:40:21Z,837,5,1,0,10,0,1,1,1,1785500176
2026-07-31T12:40:21Z,838,14,5,1,0,0,1,1,1,1785500835
2026-07-31T12:40:21Z,839,12,1,17,0,0,1,1,1,1785501551
2026-07-31T12:40:21Z,840,9,4,19,1,0,1,1,1,1785501331
2026-07-31T12:40:21Z,841,5,0,10,0,0,1,1,1,1785501341
2026-07-31T12:40:21Z,842,6,1,17,0,0,1,1,1,1785499910
2026-07-31T12:40:21Z,843,8,0,22,1,0,1,1,1,1785500182
2026-07-31T12:40:21Z,844,6,0,17,0,0,1,1,1,1785500517
2026-07-31T12:40:21Z,845,5,3,12,2,0,1,1,1,1785500284
2026-07-31T12:40:21Z,846,4,0,14,1,0,1,1,1,1785501235
2026-07-31T12:40:21Z,847,7,1,19,1,0,1,1,1,1785501075
2026-07-31T12:40:21Z,848,8,3,10,1,0,1,1,1,1785498928
2026-07-31T12:40:21Z,849,6,1,8,1,0,1,1,1,1785501071
2026-07-31T12:40:21Z,850,8,0,1,2,0,1,1,1,1785501343
2026-07-31T12:40:21Z,851,9,7,25,3,0,1,1,1,1785501224
2026-07-31T12:40:21Z,852,12,6,7,0,0,1,1,1,1785499991
2026-07-31T12:40:21Z,853,10,5,13,0,0,1,1,1,1785500887
2026-07-31T12:40:21Z,854,3,2,12,0,0,1,1,1,1785500932
2026-07-31T12:40:21Z,855,25,0,2,0,0,1,1,1,1785497123
2026-07-31T12:40:21Z,857,5,4,14,0,0,1,1,1,1785500953
2026-07-31T12:40:21Z,858,3,1,15,1,0,1,1,1,1785501363
2026-07-31T12:40:21Z,859,5,0,15,1,0,1,1,1,1785501576
2026-07-31T12:40:21Z,861,8,1,2,1,0,1,1,1,1785488201
2026-07-31T12:40:21Z,862,2,2,13,0,0,1,1,1,1785500114
2026-07-31T12:40:21Z,863,13,0,5,1,0,1,1,1,1785500800
2026-07-31T12:40:21Z,866,11,3,8,0,0,1,1,1,1785500437
2026-07-31T12:40:21Z,867,13,1,2,0,0,1,1,1,1785501539
2026-07-31T12:40:21Z,868,12,2,3,0,0,1,1,1,1785499946
2026-07-31T12:40:21Z,870,7,4,6,2,0,1,1,1,1785500166
2026-07-31T12:40:21Z,871,0,0,10,1,0,1,1,1,1785501344
2026-07-31T12:40:21Z,872,0,0,14,1,0,1,1,1,1785500083
2026-07-31T12:40:21Z,873,15,4,17,1,0,1,1,1,1785501593
2026-07-31T12:40:21Z,874,2,0,10,3,0,1,1,1,1785500246
2026-07-31T12:40:21Z,875,15,11,0,0,0,1,1,1,1785501160
2026-07-31T12:40:21Z,877,12,10,5,2,0,1,1,1,1785501525
2026-07-31T12:40:21Z,878,4,3,14,1,0,1,1,1,1785500287
2026-07-31T12:40:21Z,879,3,1,16,0,0,1,1,1,1785501147
2026-07-31T12:40:21Z,880,1,0,21,1,0,1,1,1,1785501158
2026-07-31T12:40:21Z,881,1,1,18,0,0,1,1,1,1785500143
2026-07-31T12:40:21Z,882,10,0,6,3,0,1,1,1,1785488200
2026-07-31T12:40:21Z,883,11,6,8,0,0,1,1,1,1785500394
2026-07-31T12:40:21Z,884,10,7,11,0,0,1,1,1,1785501523
2026-07-31T12:40:21Z,885,1,0,18,0,0,1,1,1,1785499979
2026-07-31T12:40:21Z,886,22,3,6,1,0,1,1,1,1785501471
2026-07-31T12:40:21Z,887,4,1,10,3,0,1,1,1,1785500680
2026-07-31T12:40:21Z,888,8,3,31,1,1,1,1,1,1785501604
2026-07-31T12:40:21Z,889,12,1,5,2,0,1,1,1,1785501415
2026-07-31T12:40:21Z,890,6,4,9,0,0,1,1,1,1785489632
2026-07-31T12:40:21Z,891,20,0,3,0,0,1,1,1,1785501303
2026-07-31T12:40:21Z,892,13,1,2,0,0,1,1,1,1785488200
2026-07-31T12:40:21Z,895,0,0,19,0,0,1,1,1,1785501047
2026-07-31T12:40:21Z,896,9,1,26,0,0,1,1,1,1785500364
2026-07-31T12:40:21Z,897,11,1,10,0,0,1,1,1,1785500180
2026-07-31T12:40:21Z,898,3,0,16,0,0,1,1,1,1785499896
2026-07-31T12:40:21Z,899,1,0,17,1,0,1,1,1,1785501141
2026-07-31T12:40:21Z,900,9,0,16,2,0,1,1,1,1785501163
2026-07-31T12:40:21Z,901,3,0,15,1,0,1,1,1,1785501540
2026-07-31T12:40:21Z,902,7,0,7,1,0,1,1,1,1785501142
2026-07-31T12:40:21Z,903,13,2,5,1,0,1,1,1,1785501117
2026-07-31T12:40:21Z,904,9,4,9,1,0,1,1,1,1785500289
2026-07-31T12:40:21Z,905,11,1,16,0,0,1,1,1,1785501417
2026-07-31T12:40:21Z,906,0,0,27,0,0,1,1,1,1785501169
2026-07-31T12:40:21Z,907,1,0,29,1,0,1,1,1,1785501081
2026-07-31T12:40:21Z,908,7,0,16,0,0,1,1,1,1785500805
2026-07-31T12:40:21Z,909,2,0,20,1,0,1,1,1,1785501569
2026-07-31T12:40:21Z,910,11,0,20,0,0,1,1,1,1785501335
2026-07-31T12:40:21Z,911,4,1,15,0,0,1,1,1,1785501192
2026-07-31T12:40:21Z,912,4,2,17,2,0,1,1,1,1785501581
2026-07-31T12:40:21Z,913,4,1,15,0,0,1,1,1,1785500814
2026-07-31T12:40:21Z,914,8,0,11,0,0,1,1,1,1785501288
2026-07-31T12:40:21Z,915,12,0,10,1,0,1,1,1,1785501470
2026-07-31T12:40:21Z,916,23,8,0,0,0,1,1,1,1785501521
2026-07-31T12:40:21Z,917,22,4,12,1,0,1,1,1,1785501473
2026-07-31T12:40:21Z,918,1,1,16,2,0,1,1,1,1785501566
2026-07-31T12:40:21Z,919,7,0,31,1,0,1,1,1,1785501519
2026-07-31T12:40:21Z,920,4,2,15,0,0,1,1,1,1785500620
2026-07-31T12:40:21Z,921,12,0,9,0,0,1,1,1,1785499970
2026-07-31T12:40:21Z,922,2,0,19,0,0,1,1,1,1785501542
2026-07-31T12:40:21Z,923,12,2,7,0,0,1,1,1,1785501458
2026-07-31T12:40:21Z,924,9,2,12,0,0,1,1,1,1785501046
2026-07-31T12:40:21Z,925,13,0,8,0,0,1,1,1,1785500453
2026-07-31T12:40:21Z,926,2,1,19,0,0,1,1,1,1785500582
2026-07-31T12:40:21Z,927,9,0,26,0,0,1,1,1,1785501022
2026-07-31T12:40:21Z,928,0,0,19,0,0,0,1,1,1785500252
2026-07-31T12:40:21Z,929,7,1,16,0,0,1,1,1,1785501604
2026-07-31T12:40:21Z,930,1,0,29,1,0,1,1,1,1785501528
2026-07-31T12:40:21Z,931,10,10,12,1,0,1,1,1,1785501445
2026-07-31T12:40:21Z,932,0,0,16,3,0,1,1,1,1785500464
2026-07-31T12:40:21Z,933,2,0,21,0,0,1,1,1,1785501606
2026-07-31T12:40:21Z,934,4,0,26,1,0,1,1,1,1785501067
2026-07-31T12:40:21Z,935,13,4,5,1,0,1,1,1,1785501605
2026-07-31T12:40:21Z,936,9,1,10,0,0,1,1,1,1785501506
2026-07-31T12:40:21Z,940,11,0,0,0,0,1,1,1,1785500861
2026-07-31T12:40:21Z,941,7,1,16,2,0,1,1,1,1785500741
2026-07-31T12:40:21Z,942,2,0,18,1,0,1,1,1,1785501610
2026-07-31T12:40:21Z,943,9,8,6,0,0,1,1,1,1785500188
2026-07-31T12:40:21Z,944,9,8,6,0,0,1,1,1,1785500011
2026-07-31T12:40:21Z,945,10,8,5,0,0,1,1,1,1785501341
2026-07-31T12:40:21Z,946,7,5,12,0,0,1,1,1,1785487593
2026-07-31T12:40:21Z,947,7,5,10,0,0,1,1,1,1785500024
2026-07-31T12:40:21Z,948,26,9,0,5,0,1,1,1,1785501300
2026-07-31T12:40:21Z,949,13,5,2,0,0,1,1,1,1785501601
2026-07-31T12:40:21Z,950,8,4,8,1,0,1,1,1,1785501433
2026-07-31T12:40:21Z,951,20,4,2,1,0,1,1,1,1785501488
2026-07-31T12:40:21Z,952,24,5,31,0,0,1,1,1,1785501533
2026-07-31T12:40:21Z,953,6,0,8,1,0,1,1,1,1785501109
2026-07-31T12:40:21Z,954,13,3,6,0,0,1,1,1,1785501548
2026-07-31T12:40:21Z,955,5,3,16,6,0,1,1,1,1785500946
2026-07-31T12:40:21Z,956,6,1,15,2,0,1,1,1,1785501387
2026-07-31T12:40:21Z,957,9,0,20,0,0,1,1,1,1785501393
2026-07-31T12:40:21Z,958,7,2,24,0,0,1,1,1,1785501611
2026-07-31T12:40:21Z,959,17,8,4,2,0,1,1,1,1785501412
2026-07-31T12:40:21Z,960,12,0,10,1,0,1,1,1,1785501514
2026-07-31T12:40:21Z,961,0,0,20,3,0,1,1,1,1785501332
2026-07-31T12:40:21Z,962,11,2,21,3,0,1,1,1,1785501053
2026-07-31T12:40:21Z,963,21,0,1,1,0,1,1,1,1785500176
2026-07-31T12:40:21Z,964,6,6,16,1,0,1,1,1,1785501603
2026-07-31T12:40:21Z,965,11,4,15,1,0,1,1,1,1785501423
2026-07-31T12:40:21Z,966,21,0,10,0,0,1,1,1,1785501519
2026-07-31T12:40:21Z,967,11,0,8,2,0,1,1,1,1785501594
2026-07-31T12:40:21Z,968,10,0,8,1,0,1,1,1,1785501551
2026-07-31T12:40:21Z,969,9,7,16,2,0,1,1,1,1785500257
2026-07-31T12:40:21Z,970,8,0,9,2,0,1,1,1,1785501212
2026-07-31T12:40:21Z,971,8,0,14,1,0,1,1,1,1785500340
2026-07-31T12:40:21Z,972,9,1,13,1,0,1,1,1,1785500008
2026-07-31T12:40:21Z,973,6,4,16,1,0,1,1,1,1785501523
2026-07-31T12:40:21Z,974,23,1,3,1,0,1,1,1,1785501540
2026-07-31T12:40:21Z,977,3,3,16,2,0,1,1,1,1785501503
2026-07-31T12:40:21Z,978,16,0,7,0,0,1,1,1,1785501432
2026-07-31T12:40:21Z,979,11,0,6,0,0,1,1,1,1785501031
2026-07-31T12:40:21Z,980,11,1,8,2,0,1,1,1,1785501422
2026-07-31T12:40:21Z,981,11,0,9,1,0,1,1,1,1785501587
2026-07-31T12:40:21Z,982,3,1,14,2,0,1,1,1,1785501613
2026-07-31T12:40:21Z,983,3,1,19,1,0,1,1,1,1785501551
2026-07-31T12:40:21Z,984,6,0,17,0,0,1,1,1,1785501596
2026-07-31T12:40:21Z,985,18,2,13,0,0,1,1,1,1785501550
2026-07-31T12:40:21Z,986,4,0,15,0,0,1,1,1,1785500061
2026-07-31T12:40:21Z,987,7,1,16,0,0,1,1,1,1785500836
2026-07-31T12:40:21Z,988,5,1,13,1,0,1,1,1,1785500218
2026-07-31T12:40:21Z,989,10,4,9,0,0,1,1,1,1785501612
2026-07-31T12:40:21Z,990,13,1,0,2,0,1,1,1,1785500256
2026-07-31T12:40:21Z,991,11,2,8,0,0,1,1,1,1785501506
2026-07-31T12:40:21Z,992,9,6,13,1,0,1,1,1,1785500816
2026-07-31T12:40:21Z,993,1,1,24,2,0,1,1,1,1785501100
2026-07-31T12:40:21Z,994,3,1,18,0,0,1,1,1,1785501034
2026-07-31T12:40:21Z,995,6,0,21,0,0,1,1,1,1785500253
2026-07-31T12:40:21Z,996,8,1,15,0,0,1,1,1,1785500049
2026-07-31T12:40:21Z,997,13,7,9,1,0,1,1,1,1785500857
2026-07-31T12:40:21Z,998,3,3,19,1,0,1,1,1,1785500364
2026-07-31T12:40:21Z,999,2,0,16,2,1,1,1,1,1785500125
2026-07-31T12:40:21Z,1000,5,2,16,0,0,1,1,1,1785500927
2026-07-31T12:40:21Z,1001,2,1,25,0,0,1,1,1,1785500394
2026-07-31T12:40:21Z,1002,2,2,27,2,0,1,1,1,1785500407
2026-07-31T12:40:21Z,1003,0,0,22,1,0,1,1,1,1785500009
2026-07-31T12:40:21Z,1004,8,1,15,0,0,1,1,1,1785501269
2026-07-31T12:40:21Z,1005,20,1,3,0,0,1,1,1,1785500198
2026-07-31T12:40:21Z,1006,7,4,11,1,0,1,1,1,1785500026
2026-07-31T12:40:21Z,1007,1,0,20,0,0,1,1,1,1785501479
2026-07-31T12:40:21Z,1008,6,5,15,2,0,1,1,1,1785500991
2026-07-31T12:40:21Z,1009,19,2,8,4,0,1,1,1,1785500854
2026-07-31T12:40:21Z,1010,8,2,19,0,0,1,1,1,1785501364
2026-07-31T12:40:21Z,1011,7,2,10,2,0,1,1,1,1785500403
2026-07-31T12:40:21Z,1012,4,3,18,1,0,1,1,1,1785499965
2026-07-31T12:40:21Z,1013,2,1,20,1,0,1,1,1,1785500554
2026-07-31T12:40:21Z,1014,7,2,13,3,0,1,1,1,1785500485
2026-07-31T12:40:21Z,1015,3,1,25,3,0,1,1,1,1785500781
2026-07-31T12:40:21Z,1016,10,5,21,0,0,1,1,1,1785499851
2026-07-31T12:40:21Z,1017,14,5,7,0,0,1,1,1,1785501185
2026-07-31T12:40:21Z,1018,7,2,15,0,0,1,1,1,1785500052
2026-07-31T12:40:21Z,1019,8,5,7,0,0,1,1,1,1785499966
2026-07-31T12:40:21Z,1020,18,3,3,0,0,1,1,1,1785501053
2026-07-31T12:40:21Z,1021,9,3,5,1,0,1,1,1,1785500766
2026-07-31T12:40:21Z,1022,14,0,13,0,0,1,1,1,1785500154
2026-07-31T12:40:21Z,1023,13,1,9,1,0,1,1,1,1785501608
2026-07-31T12:40:21Z,1024,6,2,12,1,0,1,1,1,1785500778
2026-07-31T12:40:21Z,1025,4,0,14,0,1,1,1,1,1785500124
2026-07-31T12:40:21Z,1026,7,4,18,6,0,1,1,1,1785501138
2026-07-31T12:40:21Z,1028,3,1,20,0,0,1,1,1,1785501300
2026-07-31T12:40:21Z,1029,11,10,4,0,0,1,1,1,1785501066
2026-07-31T12:40:21Z,1030,14,5,9,0,0,1,1,1,1785500830
2026-07-31T12:40:21Z,1031,8,0,11,0,0,1,1,1,1785501180
2026-07-31T12:40:21Z,1032,7,1,12,0,0,1,1,1,1785500030
2026-07-31T12:40:21Z,1033,11,7,8,0,0,1,1,1,1785500848
2026-07-31T12:40:21Z,1034,3,0,12,0,0,1,1,1,1785500036
2026-07-31T12:40:21Z,1035,1,0,16,2,0,1,1,1,1785500083
2026-07-31T12:40:21Z,1036,14,0,1,0,0,1,1,1,1785501346
2026-07-31T12:40:21Z,1037,5,0,13,1,0,1,1,1,1785500328
2026-07-31T12:40:21Z,1038,2,0,13,0,0,1,1,1,1785501611
2026-07-31T12:40:21Z,1039,7,2,12,0,0,1,1,1,1785500184
2026-07-31T12:40:21Z,1040,6,3,11,2,0,1,1,1,1785500071
2026-07-31T12:40:21Z,1041,9,3,9,1,0,1,1,1,1785500779
2026-07-31T12:40:21Z,1042,14,2,0,1,0,1,1,1,1785500902
2026-07-31T12:40:21Z,1043,10,0,5,4,0,1,1,1,1785501043
2026-07-31T12:40:21Z,1044,2,1,13,0,0,1,1,1,1785501603
2026-07-31T12:40:21Z,1045,10,0,9,0,0,1,1,1,1785500018
2026-07-31T12:40:21Z,1046,8,0,7,0,0,1,1,1,1785501226
2026-07-31T12:40:21Z,1047,5,0,16,0,0,1,1,1,1785500788
2026-07-31T12:40:21Z,1048,9,0,10,0,0,1,1,1,1785499995
2026-07-31T12:40:21Z,1049,5,0,16,0,0,1,1,1,1785500069
2026-07-31T12:40:21Z,1050,17,4,4,0,0,1,1,1,1785501177
2026-07-31T12:40:21Z,1051,8,3,13,0,0,1,1,1,1785501053
2026-07-31T12:40:21Z,1052,17,2,5,0,0,1,1,1,1785499863
2026-07-31T12:40:21Z,1053,2,1,13,0,0,1,1,1,1785499916
2026-07-31T12:40:21Z,1054,14,1,1,0,0,1,1,1,1785500175
2026-07-31T12:40:21Z,1055,6,0,13,0,0,1,1,1,1785500162
2026-07-31T12:40:21Z,1057,9,0,9,1,0,1,1,1,1785501226
2026-07-31T12:40:21Z,1058,3,0,51,2,0,1,1,1,1785500192
2026-07-31T12:40:21Z,1059,1,0,17,1,0,1,1,1,1785500045
2026-07-31T12:40:21Z,1060,30,0,7,0,0,1,1,1,1785501608
2026-07-31T12:40:21Z,1061,28,0,9,0,0,1,1,1,1785501379
2026-07-31T12:40:21Z,1062,7,1,10,0,0,1,1,1,1785501476
2026-07-31T12:40:21Z,1063,12,1,6,1,0,1,1,1,1785500073
2026-07-31T12:40:21Z,1064,3,0,19,1,0,1,1,1,1785500413
2026-07-31T12:40:21Z,1065,16,3,7,0,0,1,1,1,1785500656
2026-07-31T12:40:21Z,1066,10,2,13,0,0,1,1,1,1785500478
2026-07-31T12:40:21Z,1067,8,2,13,2,0,1,1,1,1785500747
2026-07-31T12:40:21Z,1068,8,2,13,2,0,1,1,1,1785500247
2026-07-31T12:40:21Z,1069,12,3,11,0,0,1,1,1,1785500288
2026-07-31T12:40:21Z,1070,12,2,11,0,0,1,1,1,1785500385
2026-07-31T12:40:21Z,1071,7,4,16,0,0,1,1,1,1785500424
2026-07-31T12:40:21Z,1072,11,1,11,1,0,1,1,1,1785500829
2026-07-31T12:40:21Z,1073,19,2,7,1,0,1,1,1,1785501553
2026-07-31T12:40:21Z,1074,3,0,49,1,0,1,1,1,1785501507
2026-07-31T12:40:21Z,1075,10,10,11,0,0,1,1,1,1785501610
2026-07-31T12:40:21Z,1076,15,12,6,0,0,1,1,1,1785501049
2026-07-31T12:40:21Z,1077,8,4,13,0,0,1,1,1,1785500015
2026-07-31T12:40:21Z,1078,11,10,10,0,0,1,1,1,1785501091
2026-07-31T12:40:21Z,1079,11,8,10,0,0,1,1,1,1785499899
2026-07-31T12:40:21Z,1080,10,8,10,1,0,1,1,1,1785500501
2026-07-31T12:40:21Z,1081,13,8,6,0,0,1,1,1,1785500878
2026-07-31T12:40:21Z,1082,7,7,1,0,0,1,1,1,1785500338
2026-07-31T12:40:21Z,1083,13,11,8,0,0,1,1,1,1785500169
2026-07-31T12:40:21Z,1084,9,8,12,0,0,1,1,1,1785501603
2026-07-31T12:40:21Z,1085,12,10,9,0,0,1,1,1,1785501291
2026-07-31T12:40:21Z,1086,6,2,14,1,0,1,1,1,1785500630
2026-07-31T12:40:21Z,1087,8,6,7,0,0,1,1,1,1785501131
2026-07-31T12:40:21Z,1088,9,7,6,0,0,1,1,1,1785500076
2026-07-31T12:40:21Z,1089,6,4,9,0,0,1,1,1,1785500424
2026-07-31T12:40:21Z,1090,9,8,6,0,0,1,1,1,1785500958
2026-07-31T12:40:21Z,1091,11,6,4,0,0,1,1,1,1785500871
2026-07-31T12:40:21Z,1092,9,9,5,1,0,1,1,1,1785500419
2026-07-31T12:40:21Z,1093,6,5,9,0,0,1,1,1,1785500779
2026-07-31T12:40:21Z,1094,12,10,6,1,0,1,1,1,1785500028
2026-07-31T12:40:21Z,1095,8,7,7,0,0,1,1,1,1785500714
2026-07-31T12:40:21Z,1096,5,3,13,1,0,1,1,1,1785501583
2026-07-31T12:40:21Z,1097,9,9,6,0,0,1,1,1,1785500604
2026-07-31T12:40:21Z,1098,9,7,10,0,0,1,1,1,1785500952
2026-07-31T12:40:21Z,1099,7,6,8,0,0,1,1,1,1785499863
2026-07-31T12:40:21Z,1100,8,4,21,0,0,1,1,1,1785493678
2026-07-31T12:40:21Z,1101,10,5,11,0,0,1,1,1,1785501580
2026-07-31T12:40:21Z,1102,9,4,4,0,0,1,1,1,1785500846
2026-07-31T12:40:21Z,1103,10,5,11,0,0,1,1,1,1785487895
2026-07-31T12:40:21Z,1104,10,5,11,0,0,1,1,1,1785501335
2026-07-31T12:40:21Z,1105,8,4,5,0,0,1,1,1,1785500733
2026-07-31T12:40:21Z,1106,10,5,11,0,0,1,1,1,1785499860
2026-07-31T12:40:21Z,1107,10,5,5,0,0,1,1,1,1785500138
2026-07-31T12:40:21Z,1108,8,4,16,2,1,1,1,1,1785500657
2026-07-31T12:40:21Z,1109,9,4,6,0,0,1,1,1,1785500092
2026-07-31T12:40:21Z,1110,12,4,9,0,0,1,1,1,1785501202
2026-07-31T12:40:21Z,1111,3,2,18,0,0,1,1,1,1785475740
2026-07-31T12:40:21Z,1112,38,0,15,0,0,1,1,1,1785501114
2026-07-31T12:40:21Z,1113,4,0,17,0,0,1,1,1,1785501149
2026-07-31T12:40:21Z,1115,15,4,4,4,0,1,1,1,1785501057
2026-07-31T12:40:21Z,1116,5,1,14,0,0,1,1,1,1785500049
2026-07-31T12:40:21Z,1117,14,5,7,2,0,1,1,1,1785501298
2026-07-31T12:40:21Z,1118,16,0,4,1,0,1,1,1,1785501211
2026-07-31T12:40:21Z,1119,13,1,4,0,0,1,1,1,1785501062
2026-07-31T12:40:21Z,1120,12,0,7,0,0,1,1,1,1785500413
2026-07-31T12:40:21Z,1121,4,2,14,2,1,1,1,1,1785501262
2026-07-31T12:40:21Z,1122,12,8,6,3,0,1,1,1,1785501460
2026-07-31T12:40:21Z,1123,8,5,13,2,0,1,1,1,1785501504
2026-07-31T12:40:21Z,1124,8,2,3,4,0,1,1,1,1785501072
2026-07-31T12:40:21Z,1125,15,1,8,0,0,1,1,1,1785500340
2026-07-31T12:40:21Z,1126,2,1,18,1,0,1,1,1,1785501290
2026-07-31T12:40:21Z,1127,5,0,13,1,0,1,1,1,1785500369
2026-07-31T12:40:21Z,1128,14,2,0,1,0,1,1,1,1785500046
2026-07-31T12:40:21Z,1129,1,1,19,1,0,1,1,1,1785501591
2026-07-31T12:40:21Z,1130,13,0,2,0,0,1,1,1,1785501452
2026-07-31T12:40:21Z,1131,10,1,38,1,0,1,1,1,1785501504
2026-07-31T12:40:21Z,1132,13,5,7,1,0,1,1,1,1785501571
2026-07-31T12:40:21Z,1133,14,10,5,2,0,1,1,1,1785501600
2026-07-31T12:40:21Z,1134,10,5,9,0,0,1,1,1,1785500556
2026-07-31T12:40:21Z,1135,10,5,11,0,0,1,1,1,1785501475
2026-07-31T12:40:21Z,1136,8,0,15,0,0,1,1,1,1785500547
2026-07-31T12:40:21Z,1137,14,0,1,0,0,1,1,1,1785501306
2026-07-31T12:40:21Z,1138,14,0,5,0,0,1,1,1,1785501612
2026-07-31T12:40:21Z,1139,16,4,4,1,0,1,1,1,1785500540
2026-07-31T12:40:21Z,1140,17,1,5,1,0,1,1,1,1785501602
2026-07-31T12:40:21Z,1141,8,1,13,0,0,1,1,1,1785501525
2026-07-31T12:40:21Z,1142,2,0,19,0,0,1,1,1,1785500687
2026-07-31T12:40:21Z,1143,6,0,23,0,0,1,1,1,1785501591
2026-07-31T12:40:21Z,1144,7,1,13,1,0,1,1,1,1785500286
2026-07-31T12:40:21Z,1145,10,5,10,1,0,1,1,1,1785500437
2026-07-31T12:40:21Z,1146,4,2,14,1,0,1,1,1,1785501527
2026-07-31T12:40:21Z,1147,6,1,13,0,0,1,1,1,1785501527
2026-07-31T12:40:21Z,1148,3,1,28,0,0,1,1,1,1785501463
2026-07-31T12:40:21Z,1149,2,2,23,0,0,1,1,1,1785501531
2026-07-31T12:40:21Z,1150,14,0,5,0,0,1,1,1,1785500878
2026-07-31T12:40:21Z,1151,13,0,8,0,0,1,1,1,1785500698
2026-07-31T12:40:21Z,1152,20,0,9,0,0,1,1,1,1785501580
2026-07-31T12:40:21Z,1153,20,6,2,1,0,1,1,1,1785500591
2026-07-31T12:40:21Z,1154,15,1,4,0,0,1,1,1,1785501289
2026-07-31T12:40:21Z,1155,14,6,5,2,0,1,1,1,1785501421
2026-07-31T12:40:21Z,1158,3,0,15,1,0,1,1,1,1785499937
2026-07-31T12:40:21Z,1159,13,1,6,0,0,1,1,1,1785500293
2026-07-31T12:40:21Z,1160,8,1,10,1,0,1,1,1,1785501199
2026-07-31T12:40:21Z,1161,4,0,14,1,0,1,1,1,1785500431
2026-07-31T12:40:21Z,1162,1,0,18,0,0,1,1,1,1785500679
2026-07-31T12:40:21Z,1163,1,1,17,1,0,1,1,1,1785500056
2026-07-31T12:40:21Z,1164,6,1,13,0,0,1,1,1,1785500113
2026-07-31T12:40:21Z,1165,5,0,16,0,0,1,1,1,1785500851
2026-07-31T12:40:21Z,1166,12,2,8,1,0,1,1,1,1785500366
2026-07-31T12:40:21Z,1167,4,0,11,0,0,1,1,1,1785499814
2026-07-31T12:40:21Z,1168,1,1,21,1,0,1,1,1,1785500317
2026-07-31T12:40:21Z,1169,3,0,15,1,0,1,1,1,1785499960
2026-07-31T12:40:21Z,1170,6,0,14,1,0,1,1,1,1785500337
2026-07-31T12:40:21Z,1171,7,6,15,1,0,1,1,1,1785500014
2026-07-31T12:40:21Z,1172,5,2,8,2,0,1,1,1,1785500236
2026-07-31T12:40:21Z,1173,13,5,6,0,0,1,1,1,1785500212
2026-07-31T12:40:21Z,1174,6,3,9,0,0,1,1,1,1785499884
2026-07-31T12:40:21Z,1175,4,2,15,0,0,1,1,1,1785498199
2026-07-31T12:40:21Z,1176,19,1,2,0,0,1,1,1,1785501235
2026-07-31T12:40:21Z,1177,3,1,18,0,0,1,1,1,1785501164
2026-07-31T12:40:21Z,1178,3,1,12,0,0,1,1,1,1785501564
2026-07-31T12:40:21Z,1181,9,0,5,1,0,1,1,1,1785500751
2026-07-31T12:40:21Z,1182,9,0,11,0,0,1,1,1,1785501541
2026-07-31T12:40:21Z,1183,17,3,25,3,0,1,1,1,1785501371
2026-07-31T12:40:21Z,1184,1,1,18,2,0,1,1,1,1785501472
2026-07-31T12:40:21Z,1185,10,5,11,0,0,1,1,1,1785501290
2026-07-31T12:40:21Z,1186,9,5,10,0,0,1,1,1,1785500480
2026-07-31T12:40:21Z,1187,10,5,10,1,0,1,1,1,1785500808
2026-07-31T12:40:21Z,1188,10,5,5,0,0,1,1,1,1785500145
2026-07-31T12:40:21Z,1189,10,5,9,0,0,1,1,1,1785501462
2026-07-31T12:40:21Z,1190,9,4,12,0,0,1,1,1,1785501454
2026-07-31T12:40:21Z,1191,10,5,5,0,0,1,1,1,1785500150
2026-07-31T12:40:21Z,1192,10,6,10,1,0,1,1,1,1785500007
2026-07-31T12:40:21Z,1193,6,4,5,2,0,1,1,1,1785501006
2026-07-31T12:40:21Z,1197,9,6,7,1,0,1,1,1,1785501416
2026-07-31T12:40:21Z,1198,14,4,5,2,0,1,1,1,1785500533
2026-07-31T12:40:21Z,1199,2,0,17,0,0,1,1,1,1785500550
2026-07-31T12:40:21Z,1200,10,5,5,0,0,1,1,1,1785500187
2026-07-31T12:40:21Z,1201,10,5,5,0,0,1,1,1,1785500163
2026-07-31T12:40:21Z,1202,10,5,5,0,0,1,1,1,1785500265
2026-07-31T12:40:21Z,1203,10,5,5,0,0,1,1,1,1785500163
2026-07-31T12:40:21Z,1204,8,4,11,0,0,1,1,1,1785499915
2026-07-31T12:40:21Z,1206,11,5,10,0,0,1,1,1,1785500952
2026-07-31T12:40:21Z,1207,8,4,6,1,0,1,1,1,1785500477
2026-07-31T12:40:21Z,1208,9,4,10,0,0,1,1,1,1785500394
2026-07-31T12:40:21Z,1216,8,0,12,1,0,1,1,1,1785501180
2026-07-31T12:40:21Z,1218,4,0,17,0,0,1,1,1,1785501574
2026-07-31T12:40:21Z,1219,6,1,8,1,0,1,1,1,1785501426
2026-07-31T12:40:21Z,1220,14,7,4,1,0,1,1,1,1785501290
2026-07-31T12:40:21Z,1221,1,1,19,1,0,1,1,1,1785500887
2026-07-31T12:40:21Z,1222,24,0,5,0,0,1,1,1,1785501406
2026-07-31T12:40:21Z,1223,18,1,11,0,0,1,1,1,1785500863
2026-07-31T12:40:21Z,1226,0,0,3,0,0,0,1,1,1781868931
2026-07-31T12:40:21Z,1227,17,1,8,0,0,1,1,1,1785500870
2026-07-31T12:40:21Z,1228,20,1,9,0,0,1,1,1,1785501494
2026-07-31T12:40:21Z,1229,32,2,12,1,0,1,1,1,1785501439
2026-07-31T12:45:21Z,1,4,2,19,0,0,1,1,1,1785501748
2026-07-31T12:45:21Z,2,11,0,14,2,0,1,1,1,1785501588
2026-07-31T12:45:21Z,3,9,2,4,1,0,1,1,1,1785500832
2026-07-31T12:45:21Z,4,8,0,13,1,0,1,1,1,1785501876
2026-07-31T12:45:21Z,5,11,3,11,1,0,1,1,1,1785497818
2026-07-31T12:45:21Z,6,3,0,12,0,0,1,1,1,1785501187
2026-07-31T12:45:21Z,7,4,0,35,0,0,1,1,1,1785500459
2026-07-31T12:45:21Z,8,5,0,38,0,0,1,1,1,1785501257
2026-07-31T12:45:21Z,9,7,2,16,0,0,1,1,1,1785501340
2026-07-31T12:45:21Z,10,0,0,21,2,0,1,1,1,1785500952
2026-07-31T12:45:21Z,11,13,4,5,1,0,1,1,1,1785501899
2026-07-31T12:45:21Z,12,3,1,20,0,0,1,1,1,1785500869
2026-07-31T12:45:21Z,13,1,0,29,0,0,1,1,1,1785501413
2026-07-31T12:45:21Z,14,18,0,24,0,1,1,1,1,1785501723
2026-07-31T12:45:21Z,15,1,0,14,0,0,1,1,1,1785500656
2026-07-31T12:45:21Z,16,8,0,16,2,1,1,1,1,1785487292
2026-07-31T12:45:21Z,17,3,0,23,1,0,1,1,1,1785501827
2026-07-31T12:45:21Z,18,5,0,11,2,0,1,1,1,1785501863
2026-07-31T12:45:21Z,19,14,3,12,1,0,1,1,1,1785501117
2026-07-31T12:45:21Z,20,25,0,10,0,0,1,1,1,1785501887
2026-07-31T12:45:21Z,21,13,1,5,1,0,1,1,1,1785501742
2026-07-31T12:45:21Z,22,26,0,38,1,0,1,1,1,1785501181
2026-07-31T12:45:21Z,23,20,8,11,0,0,1,1,1,1785501581
2026-07-31T12:45:21Z,24,3,2,6,2,0,1,1,1,1785501908
2026-07-31T12:45:21Z,25,13,3,67,0,1,1,1,1,1785501845
2026-07-31T12:45:21Z,26,7,2,20,0,0,1,1,1,1785501045
2026-07-31T12:45:21Z,28,10,1,5,0,0,1,1,1,1785501581
2026-07-31T12:45:21Z,30,6,3,22,1,0,1,1,1,1785501854
2026-07-31T12:45:21Z,31,4,1,14,1,0,1,1,1,1785501784
2026-07-31T12:45:21Z,32,14,0,13,0,0,1,1,1,1785501911
2026-07-31T12:45:21Z,34,19,4,17,1,0,1,1,1,1785501913
2026-07-31T12:45:21Z,35,22,3,23,2,0,1,1,1,1785501869
2026-07-31T12:45:21Z,36,0,0,0,0,0,0,1,1,86400
2026-07-31T12:45:21Z,37,2,0,21,0,0,1,1,1,1785501258
2026-07-31T12:45:21Z,38,17,3,6,0,0,1,1,1,1785501864
2026-07-31T12:45:21Z,39,21,3,18,0,0,1,1,1,1785500283
2026-07-31T12:45:21Z,40,4,0,17,0,0,1,1,1,1785501708
2026-07-31T12:45:21Z,41,9,2,33,1,0,1,1,1,1785501089
2026-07-31T12:45:21Z,42,21,7,10,0,0,1,1,1,1785501654
2026-07-31T12:45:21Z,43,3,0,20,0,0,1,1,1,1785501393
2026-07-31T12:45:21Z,45,14,3,14,1,0,1,1,1,1785501683
2026-07-31T12:45:21Z,46,5,1,25,1,0,1,1,1,1785501751
2026-07-31T12:45:21Z,47,12,7,2,1,0,1,1,1,1785501887
2026-07-31T12:45:21Z,48,9,0,18,0,0,1,1,1,1785501893
2026-07-31T12:45:21Z,49,16,0,5,2,0,1,1,1,1785501913
2026-07-31T12:45:21Z,50,18,11,1,0,0,1,1,1,1785501477
2026-07-31T12:45:21Z,51,42,0,35,0,0,1,1,1,1785500404
2026-07-31T12:45:21Z,52,8,1,16,3,0,1,1,1,1785501871
2026-07-31T12:45:21Z,55,8,0,15,0,0,1,1,1,1785501912
2026-07-31T12:45:21Z,56,4,1,38,1,0,1,1,1,1785501579
2026-07-31T12:45:21Z,57,5,2,22,0,0,1,1,1,1785501629
2026-07-31T12:45:21Z,58,9,1,19,0,0,1,1,1,1785501276
2026-07-31T12:45:21Z,59,9,4,16,2,0,1,1,1,1785501885
2026-07-31T12:45:21Z,61,7,1,32,0,0,1,1,1,1785501708
2026-07-31T12:45:21Z,62,18,6,30,1,0,1,1,1,1785501873
2026-07-31T12:45:21Z,63,5,1,14,0,0,1,1,1,1785501409
2026-07-31T12:45:21Z,64,11,1,4,4,0,1,1,1,1785497923
2026-07-31T12:45:21Z,65,16,8,2,1,0,1,1,1,1785500458
2026-07-31T12:45:21Z,67,5,1,34,0,0,1,1,1,1785501847
2026-07-31T12:45:21Z,68,0,0,37,0,0,1,1,1,1785501796
2026-07-31T12:45:21Z,69,8,0,7,0,0,1,1,1,1785501611
2026-07-31T12:45:21Z,71,7,1,19,1,0,1,1,1,1785501799
2026-07-31T12:45:21Z,72,26,6,2,2,1,1,1,1,1785501443
2026-07-31T12:45:21Z,73,30,5,0,1,0,1,1,1,1785501910
2026-07-31T12:45:21Z,74,1,1,18,0,0,1,1,1,1785501382
2026-07-31T12:45:21Z,75,2,0,29,1,0,1,1,1,1785501477
2026-07-31T12:45:21Z,76,10,1,8,1,0,1,1,1,1785501912
2026-07-31T12:45:21Z,77,20,1,6,1,0,1,1,1,1785501672
2026-07-31T12:45:21Z,78,8,6,14,1,0,1,1,1,1785501671
2026-07-31T12:45:21Z,79,2,2,13,2,0,1,1,1,1785501712
2026-07-31T12:45:21Z,80,17,1,3,3,0,1,1,1,1785501816
2026-07-31T12:45:21Z,81,4,1,27,0,0,1,1,1,1785501628
2026-07-31T12:45:21Z,82,15,0,8,0,0,1,1,1,1785501861
2026-07-31T12:45:21Z,83,2,0,31,1,0,1,1,1,1785501913
2026-07-31T12:45:21Z,84,22,0,5,0,0,1,1,1,1785501418
2026-07-31T12:45:21Z,85,7,1,8,0,0,1,1,1,1785501696
2026-07-31T12:45:21Z,86,23,0,3,1,0,1,1,1,1785501442
2026-07-31T12:45:21Z,87,19,0,0,0,0,1,1,1,1785501816
2026-07-31T12:45:21Z,88,7,0,35,1,0,1,1,1,1785501712
2026-07-31T12:45:21Z,89,0,0,35,0,0,1,1,1,1785500555
2026-07-31T12:45:21Z,90,3,1,13,2,0,1,1,1,1785501885
2026-07-31T12:45:21Z,91,15,0,2,0,0,1,1,1,1785501068
2026-07-31T12:45:21Z,92,2,1,14,3,0,1,1,1,1785501884
2026-07-31T12:45:21Z,93,0,0,23,0,0,1,1,1,1785498071
2026-07-31T12:45:21Z,94,7,0,11,1,0,1,1,1,1785501462
2026-07-31T12:45:21Z,95,18,0,15,1,1,1,1,1,1785501732
2026-07-31T12:45:21Z,96,24,0,6,1,0,1,1,1,1785501664
2026-07-31T12:45:21Z,97,0,0,16,1,0,1,1,1,1785501808
2026-07-31T12:45:21Z,98,29,0,6,0,0,1,1,1,1785501510
2026-07-31T12:45:21Z,99,0,0,15,0,0,1,1,1,1785501758
2026-07-31T12:45:21Z,100,2,1,25,0,0,1,1,1,1785501889
2026-07-31T12:45:21Z,101,2,0,11,2,0,1,1,1,1785501827
2026-07-31T12:45:21Z,102,1,0,22,0,0,1,1,1,1785501060
2026-07-31T12:45:21Z,103,11,0,18,1,0,1,1,1,1785501863
2026-07-31T12:45:21Z,104,1,0,24,2,0,1,1,1,1785501903
2026-07-31T12:45:21Z,105,14,1,5,0,0,1,1,1,1785495616
2026-07-31T12:45:21Z,106,1,0,20,0,0,1,1,1,1785501792
2026-07-31T12:45:21Z,107,10,5,27,0,0,1,1,1,1785501890
2026-07-31T12:45:21Z,108,1,0,34,0,0,1,1,1,1785501598
2026-07-31T12:45:21Z,109,1,0,21,1,0,1,1,1,1785501743
2026-07-31T12:45:21Z,110,8,0,15,0,0,1,1,1,1785501870
2026-07-31T12:45:21Z,111,6,1,30,0,0,1,1,1,1785501700
2026-07-31T12:45:21Z,112,0,0,14,1,0,1,1,1,1785499421
2026-07-31T12:45:21Z,113,6,0,11,2,0,1,1,1,1785501762
2026-07-31T12:45:21Z,114,25,6,4,1,1,1,1,1,1785501869
2026-07-31T12:45:21Z,115,20,2,7,1,0,1,1,1,1785501913
2026-07-31T12:45:21Z,116,19,8,7,1,0,1,1,1,1785501605
2026-07-31T12:45:21Z,118,13,3,8,2,0,1,1,1,1785501756
2026-07-31T12:45:21Z,119,14,0,20,4,0,1,1,1,1785501885
2026-07-31T12:45:21Z,120,14,0,12,1,0,1,1,1,1785501908
2026-07-31T12:45:21Z,121,0,0,17,1,1,1,1,1,1785501865
2026-07-31T12:45:21Z,122,7,3,14,0,0,1,1,1,1785501458
2026-07-31T12:45:21Z,123,9,3,38,0,0,1,1,1,1785501601
2026-07-31T12:45:21Z,124,17,0,18,0,0,1,1,1,1785501819
2026-07-31T12:45:21Z,125,9,3,13,1,0,1,1,1,1785501823
2026-07-31T12:45:21Z,126,22,2,9,0,0,1,1,1,1785500769
2026-07-31T12:45:21Z,127,25,0,8,2,0,1,1,1,1785501780
2026-07-31T12:45:21Z,128,9,0,10,0,0,1,1,1,1785501767
2026-07-31T12:45:21Z,129,11,0,6,2,0,1,1,1,1785500333
2026-07-31T12:45:21Z,130,6,1,11,0,0,1,1,1,1785501351
2026-07-31T12:45:21Z,131,5,3,4,2,0,1,1,1,1785501809
2026-07-31T12:45:21Z,132,11,4,2,1,1,1,1,1,1785500982
2026-07-31T12:45:21Z,134,7,1,12,4,0,1,1,1,1785501901
2026-07-31T12:45:21Z,135,3,3,15,1,0,1,1,1,1785501409
2026-07-31T12:45:21Z,136,5,0,9,2,7,1,1,1,1785501909
2026-07-31T12:45:21Z,137,8,2,11,0,0,1,1,1,1785501793
2026-07-31T12:45:21Z,138,31,0,6,0,0,1,1,1,1785501853
2026-07-31T12:45:21Z,139,4,2,15,0,0,1,1,1,1785501888
2026-07-31T12:45:21Z,140,1,1,21,1,0,1,1,1,1785501910
2026-07-31T12:45:21Z,141,22,0,14,0,0,1,1,1,1785501908
2026-07-31T12:45:21Z,142,13,0,10,0,0,1,1,1,1785501672
2026-07-31T12:45:21Z,143,1,0,30,0,0,1,1,1,1785501615
2026-07-31T12:45:21Z,144,13,1,14,0,0,1,1,1,1785501082
2026-07-31T12:45:21Z,146,3,0,19,1,0,1,1,1,1785499109
2026-07-31T12:45:21Z,147,13,1,4,2,0,1,1,1,1785501852
2026-07-31T12:45:21Z,148,17,2,8,1,1,1,1,1,1785501900
2026-07-31T12:45:21Z,149,16,2,11,0,0,1,1,1,1785501884
2026-07-31T12:45:21Z,150,21,6,11,3,0,1,1,1,1785501909
2026-07-31T12:45:21Z,151,9,2,14,0,0,1,1,1,1785501585
2026-07-31T12:45:21Z,152,11,0,12,3,0,1,1,1,1785501757
2026-07-31T12:45:21Z,153,3,0,22,6,0,1,1,1,1785501763
2026-07-31T12:45:21Z,154,14,3,5,4,0,1,1,1,1785501811
2026-07-31T12:45:21Z,155,9,3,4,1,0,1,1,1,1785501805
2026-07-31T12:45:21Z,156,1,0,18,0,0,1,1,1,1785501112
2026-07-31T12:45:21Z,157,5,1,20,2,0,1,1,1,1785501852
2026-07-31T12:45:21Z,158,8,2,8,0,0,1,1,1,1785501911
2026-07-31T12:45:21Z,159,0,0,19,0,0,1,1,1,1785497085
2026-07-31T12:45:21Z,160,6,0,13,0,0,1,1,1,1785501712
2026-07-31T12:45:21Z,161,16,1,6,0,0,1,1,1,1785501765
2026-07-31T12:45:21Z,162,14,1,12,1,0,1,1,1,1785501725
2026-07-31T12:45:21Z,163,13,0,17,0,1,1,1,1,1785501817
2026-07-31T12:45:21Z,164,24,4,3,0,0,1,1,1,1785501266
2026-07-31T12:45:21Z,165,20,12,10,1,0,1,1,1,1785501910
2026-07-31T12:45:21Z,166,22,7,14,3,0,1,1,1,1785501911
2026-07-31T12:45:21Z,167,5,3,17,1,0,1,1,1,1785501698
2026-07-31T12:45:21Z,168,22,2,2,3,0,1,1,1,1785501824
2026-07-31T12:45:21Z,169,1,0,20,1,1,1,1,1,1785501820
2026-07-31T12:45:21Z,170,11,3,7,1,0,1,1,1,1785501873
2026-07-31T12:45:21Z,171,7,2,4,2,0,1,1,1,1785501801
2026-07-31T12:45:21Z,173,31,1,8,0,0,1,1,1,1785501323
2026-07-31T12:45:21Z,174,12,0,12,2,0,1,1,1,1785501869
2026-07-31T12:45:21Z,175,10,0,21,0,0,1,1,1,1785501775
2026-07-31T12:45:21Z,176,1,0,11,2,1,1,1,1,1785501400
2026-07-31T12:45:21Z,177,19,4,7,1,0,1,1,1,1785501876
2026-07-31T12:45:21Z,178,0,0,12,2,1,1,1,1,1785501906
2026-07-31T12:45:21Z,179,4,0,10,1,0,1,1,1,1785501463
2026-07-31T12:45:21Z,180,9,0,21,0,0,1,1,1,1785501901
2026-07-31T12:45:21Z,181,12,0,3,0,0,1,1,1,1785501828
2026-07-31T12:45:21Z,182,4,0,13,0,0,1,1,1,1785501872
2026-07-31T12:45:21Z,183,13,0,9,1,0,1,1,1,1785501904
2026-07-31T12:45:21Z,184,16,1,6,1,0,1,1,1,1785501581
2026-07-31T12:45:21Z,185,10,0,2,2,1,1,1,1,1785501349
2026-07-31T12:45:21Z,186,4,2,15,0,0,1,1,1,1785501650
2026-07-31T12:45:21Z,187,12,0,15,1,0,1,1,1,1785501754
2026-07-31T12:45:21Z,188,1,0,18,7,1,1,1,1,1785501823
2026-07-31T12:45:21Z,189,5,0,9,1,0,1,1,1,1785501491
2026-07-31T12:45:21Z,190,10,4,13,0,0,1,1,1,1785501568
2026-07-31T12:45:21Z,191,7,1,32,0,0,1,1,1,1785501450
2026-07-31T12:45:21Z,192,8,1,20,3,0,1,1,1,1785501908
2026-07-31T12:45:21Z,193,6,3,9,0,0,1,1,1,1785501702
2026-07-31T12:45:21Z,194,16,3,10,1,0,1,1,1,1785501839
2026-07-31T12:45:21Z,195,7,2,12,0,0,1,1,1,1785501804
2026-07-31T12:45:21Z,196,3,1,23,1,0,1,1,1,1785501730
2026-07-31T12:45:21Z,197,16,8,2,0,1,1,1,1,1785501830
2026-07-31T12:45:21Z,198,13,13,10,0,0,1,1,1,1785501879
2026-07-31T12:45:21Z,199,7,4,7,1,0,1,1,1,1785501430
2026-07-31T12:45:21Z,200,16,1,9,1,0,1,1,1,1785501668
2026-07-31T12:45:21Z,201,19,3,4,0,0,1,1,1,1785501694
2026-07-31T12:45:21Z,202,2,2,25,0,0,1,1,1,1785501793
2026-07-31T12:45:21Z,203,26,2,4,1,0,1,1,1,1785501750
2026-07-31T12:45:21Z,204,12,0,22,1,0,1,1,1,1785501773
2026-07-31T12:45:21Z,205,9,1,18,0,0,1,1,1,1785501776
2026-07-31T12:45:21Z,206,1,1,14,0,0,1,1,1,1785501631
2026-07-31T12:45:21Z,207,7,0,14,0,0,1,1,1,1785500920
2026-07-31T12:45:21Z,208,18,3,11,0,0,1,1,1,1785501499
2026-07-31T12:45:21Z,209,1,0,28,3,0,1,1,1,1785501888
2026-07-31T12:45:21Z,210,18,1,8,1,0,1,1,1,1785501550
2026-07-31T12:45:21Z,211,5,3,17,1,0,1,1,1,1785501823
2026-07-31T12:45:21Z,212,23,1,11,1,0,1,1,1,1785501839
2026-07-31T12:45:21Z,213,2,0,19,2,0,1,1,1,1785501843
2026-07-31T12:45:21Z,214,37,0,7,3,0,1,1,1,1785501903
2026-07-31T12:45:21Z,215,5,2,17,1,0,1,1,1,1785501746
2026-07-31T12:45:21Z,216,4,1,13,2,0,1,1,1,1785501848
2026-07-31T12:45:21Z,217,9,0,19,1,0,1,1,1,1785501889
2026-07-31T12:45:21Z,218,18,5,20,1,0,1,1,1,1785501850
2026-07-31T12:45:21Z,219,18,1,6,2,0,1,1,1,1785501523
2026-07-31T12:45:21Z,220,16,5,26,0,1,1,1,1,1785501701
2026-07-31T12:45:21Z,221,2,2,12,1,0,1,1,1,1785501768
2026-07-31T12:45:21Z,222,6,6,12,1,0,1,1,1,1785501858
2026-07-31T12:45:21Z,223,16,1,14,5,0,1,1,1,1785501908
2026-07-31T12:45:21Z,224,6,4,16,0,0,1,1,1,1785501801
2026-07-31T12:45:21Z,225,12,1,1,6,0,1,1,1,1785498882
2026-07-31T12:45:21Z,226,28,8,2,1,0,1,1,1,1785501892
2026-07-31T12:45:21Z,227,14,12,11,1,1,1,1,1,1785501909
2026-07-31T12:45:21Z,228,1,0,17,1,0,1,1,1,1785500192
2026-07-31T12:45:21Z,230,9,4,17,0,0,1,1,1,1785501881
2026-07-31T12:45:21Z,232,4,3,12,1,0,1,1,1,1785501802
2026-07-31T12:45:21Z,233,16,2,13,2,0,1,1,1,1785501730
2026-07-31T12:45:21Z,234,8,3,6,3,2,1,1,1,1785501317
2026-07-31T12:45:21Z,236,6,1,13,0,0,1,1,1,1785500369
2026-07-31T12:45:21Z,237,11,3,11,1,0,1,1,1,1785501567
2026-07-31T12:45:21Z,239,20,16,4,3,0,1,1,1,1785501237
2026-07-31T12:45:21Z,241,9,2,12,2,0,1,1,1,1785501772
2026-07-31T12:45:21Z,242,6,2,15,2,0,1,1,1,1785501845
2026-07-31T12:45:21Z,243,6,2,24,1,0,1,1,1,1785501863
2026-07-31T12:45:21Z,244,11,3,15,1,0,1,1,1,1785501398
2026-07-31T12:45:21Z,245,4,4,19,0,0,1,1,1,1785498521
2026-07-31T12:45:21Z,246,18,1,5,0,0,1,1,1,1785501324
2026-07-31T12:45:21Z,247,9,8,13,1,0,1,1,1,1785501824
2026-07-31T12:45:21Z,248,15,3,6,2,0,1,1,1,1785500868
2026-07-31T12:45:21Z,249,2,0,16,1,0,1,1,1,1785500294
2026-07-31T12:45:21Z,250,22,8,5,0,0,1,1,1,1785501911
2026-07-31T12:45:21Z,251,12,4,13,2,0,1,1,1,1785501819
2026-07-31T12:45:21Z,253,5,3,14,0,0,1,1,1,1785501866
2026-07-31T12:45:21Z,254,16,16,26,1,0,1,1,1,1785501523
2026-07-31T12:45:21Z,255,0,0,22,0,1,1,1,1,1785501731
2026-07-31T12:45:21Z,256,1,0,19,3,0,1,1,1,1785501810
2026-07-31T12:45:21Z,257,6,4,13,0,0,1,1,1,1785501642
2026-07-31T12:45:21Z,258,12,1,7,0,0,1,1,1,1785501574
2026-07-31T12:45:21Z,259,19,2,2,1,1,1,1,1,1785501737
2026-07-31T12:45:21Z,260,6,2,9,4,0,1,1,1,1785501809
2026-07-31T12:45:21Z,261,11,0,7,0,1,1,1,1,1785501568
2026-07-31T12:45:21Z,262,7,7,14,2,0,1,1,1,1785501870
2026-07-31T12:45:21Z,263,8,0,7,0,0,1,1,1,1785501908
2026-07-31T12:45:21Z,264,6,2,9,4,0,1,1,1,1785501836
2026-07-31T12:45:21Z,265,9,0,6,0,0,1,1,1,1785501662
2026-07-31T12:45:21Z,266,7,7,10,2,0,1,1,1,1785501542
2026-07-31T12:45:21Z,267,6,3,7,2,0,1,1,1,1785500369
2026-07-31T12:45:21Z,268,21,9,2,0,0,1,1,1,1785501253
2026-07-31T12:45:21Z,269,6,2,17,0,0,1,1,1,1785500691
2026-07-31T12:45:21Z,270,21,2,6,0,0,1,1,1,1785501692
2026-07-31T12:45:21Z,271,5,0,12,2,0,1,1,1,1785500412
2026-07-31T12:45:21Z,272,9,8,13,1,0,1,1,1,1785501781
2026-07-31T12:45:21Z,273,7,3,8,0,0,1,1,1,1785501415
2026-07-31T12:45:21Z,274,10,5,8,1,0,1,1,1,1785501455
2026-07-31T12:45:21Z,275,1,0,22,0,0,1,1,1,1785501856
2026-07-31T12:45:21Z,276,4,4,23,0,0,1,1,1,1785501319
2026-07-31T12:45:21Z,277,16,3,2,5,0,1,1,1,1785501669
2026-07-31T12:45:21Z,278,0,0,28,2,1,1,1,1,1785501863
2026-07-31T12:45:21Z,279,15,2,4,0,0,1,1,1,1785501851
2026-07-31T12:45:21Z,280,11,2,18,2,0,1,1,1,1785501736
2026-07-31T12:45:21Z,281,14,0,5,0,0,1,1,1,1785501858
2026-07-31T12:45:21Z,282,6,2,12,0,0,1,1,1,1785500800
2026-07-31T12:45:21Z,283,27,0,8,0,0,1,1,1,1785501629
2026-07-31T12:45:21Z,284,9,0,24,2,0,1,1,1,1785501910
2026-07-31T12:45:21Z,285,7,7,16,0,0,1,1,1,1785501660
2026-07-31T12:45:21Z,286,13,10,6,4,0,1,1,1,1785501724
2026-07-31T12:45:21Z,287,16,5,4,3,0,1,1,1,1785501535
2026-07-31T12:45:21Z,288,6,6,12,1,0,1,1,1,1785501808
2026-07-31T12:45:21Z,289,17,2,7,3,0,1,1,1,1785501896
2026-07-31T12:45:21Z,290,7,0,31,1,0,1,1,1,1785501874
2026-07-31T12:45:21Z,291,8,0,14,1,0,1,1,1,1785501819
2026-07-31T12:45:21Z,292,20,1,3,0,0,1,1,1,1785501675
2026-07-31T12:45:21Z,293,13,10,10,0,0,1,1,1,1785501864
2026-07-31T12:45:21Z,294,3,3,18,1,0,1,1,1,1785501894
2026-07-31T12:45:21Z,297,7,1,9,2,1,1,1,1,1785501904
2026-07-31T12:45:21Z,301,8,0,11,0,0,1,1,1,1785501566
2026-07-31T12:45:21Z,302,7,1,16,0,0,1,1,1,1785501888
2026-07-31T12:45:21Z,303,9,0,10,0,0,1,1,1,1785501161
2026-07-31T12:45:21Z,304,0,0,0,0,0,0,1,1,86400
2026-07-31T12:45:21Z,305,1,0,17,1,0,1,1,1,1785501908
2026-07-31T12:45:21Z,306,7,2,25,0,0,1,1,1,1785501568
2026-07-31T12:45:21Z,307,17,0,4,1,1,1,1,1,1785501849
2026-07-31T12:45:21Z,308,16,0,1,2,0,1,1,1,1785500881
2026-07-31T12:45:21Z,309,10,2,4,0,0,1,1,1,1785501570
2026-07-31T12:45:21Z,311,10,0,5,0,0,1,1,1,1785501508
2026-07-31T12:45:21Z,312,2,1,17,4,0,1,1,1,1785501859
2026-07-31T12:45:21Z,313,0,0,15,0,0,1,1,1,1785500768
2026-07-31T12:45:21Z,314,6,3,9,3,0,1,1,1,1785501745
2026-07-31T12:45:21Z,315,18,4,11,2,0,1,1,1,1785501722
2026-07-31T12:45:21Z,316,0,0,24,6,1,1,1,1,1785501814
2026-07-31T12:45:21Z,317,22,5,8,0,1,1,1,1,1785501705
2026-07-31T12:45:21Z,318,15,0,4,0,0,1,1,1,1785501909
2026-07-31T12:45:21Z,319,15,1,7,1,0,1,1,1,1785501883
2026-07-31T12:45:21Z,320,12,4,6,1,0,1,1,1,1785501691
2026-07-31T12:45:21Z,321,9,2,6,4,0,1,1,1,1785501649
2026-07-31T12:45:21Z,322,5,0,24,0,0,1,1,1,1785501752
2026-07-31T12:45:21Z,323,10,0,9,0,0,1,1,1,1785501571
2026-07-31T12:45:21Z,324,20,0,5,2,0,1,1,1,1785501904
2026-07-31T12:45:21Z,325,9,4,16,2,0,1,1,1,1785501849
2026-07-31T12:45:21Z,327,24,1,2,1,0,1,1,1,1785501698
2026-07-31T12:45:21Z,328,10,0,11,1,0,1,1,1,1785501837
2026-07-31T12:45:21Z,329,15,0,2,2,0,1,1,1,1785501426
2026-07-31T12:45:21Z,330,7,1,14,1,0,1,1,1,1785501911
2026-07-31T12:45:21Z,331,8,2,14,1,0,1,1,1,1785501886
2026-07-31T12:45:21Z,332,9,1,8,2,0,1,1,1,1785500834
2026-07-31T12:45:21Z,333,13,2,9,1,0,1,1,1,1785501742
2026-07-31T12:45:21Z,334,7,7,16,0,0,1,1,1,1785500661
2026-07-31T12:45:21Z,335,3,1,19,0,1,1,1,1,1785501684
2026-07-31T12:45:21Z,336,14,2,4,1,0,1,1,1,1785501502
2026-07-31T12:45:21Z,337,11,3,7,5,0,1,1,1,1785501716
2026-07-31T12:45:21Z,338,11,4,7,1,0,1,1,1,1785501773
2026-07-31T12:45:21Z,339,13,9,8,2,0,1,1,1,1785501390
2026-07-31T12:45:21Z,340,8,8,6,1,0,1,1,1,1785501439
2026-07-31T12:45:21Z,341,0,0,19,0,0,1,1,1,1785500249
2026-07-31T12:45:21Z,342,13,5,0,2,0,1,1,1,1785500433
2026-07-31T12:45:21Z,343,18,1,4,1,0,1,1,1,1785501718
2026-07-31T12:45:21Z,344,18,8,5,0,0,1,1,1,1785501802
2026-07-31T12:45:21Z,345,7,1,12,0,0,1,1,1,1785501850
2026-07-31T12:45:21Z,346,10,5,13,0,0,1,1,1,1785500440
2026-07-31T12:45:21Z,347,42,3,2,0,0,1,1,1,1785501803
2026-07-31T12:45:21Z,348,19,2,3,0,1,1,1,1,1785501651
2026-07-31T12:45:21Z,349,10,2,8,1,0,1,1,1,1785501307
2026-07-31T12:45:21Z,350,15,3,10,1,1,1,1,1,1785500918
2026-07-31T12:45:21Z,351,12,2,7,4,0,1,1,1,1785501901
2026-07-31T12:45:21Z,355,17,1,6,0,0,1,1,1,1785501303
2026-07-31T12:45:21Z,356,14,2,4,1,0,1,1,1,1785501569
2026-07-31T12:45:21Z,357,3,2,16,0,0,1,1,1,1785501567
2026-07-31T12:45:21Z,358,15,4,11,1,0,1,1,1,1785501850
2026-07-31T12:45:21Z,359,11,0,16,0,0,1,1,1,1785501890
2026-07-31T12:45:21Z,360,13,2,4,2,0,1,1,1,1785500292
2026-07-31T12:45:21Z,362,9,3,7,3,0,1,1,1,1785501041
2026-07-31T12:45:21Z,363,7,0,20,0,0,1,1,1,1785501581
2026-07-31T12:45:21Z,364,17,4,2,0,0,1,1,1,1785501730
2026-07-31T12:45:21Z,365,8,0,11,4,0,1,1,1,1785501685
2026-07-31T12:45:21Z,366,4,2,15,4,0,1,1,1,1785501796
2026-07-31T12:45:21Z,367,14,9,4,1,0,1,1,1,1785497713
2026-07-31T12:45:21Z,368,17,4,4,2,0,1,1,1,1785500237
2026-07-31T12:45:21Z,370,7,5,20,0,0,1,1,1,1785501250
2026-07-31T12:45:21Z,371,2,0,16,1,0,1,1,1,1785500254
2026-07-31T12:45:21Z,372,4,0,11,0,0,1,1,1,1785501884
2026-07-31T12:45:21Z,373,24,8,2,1,0,1,1,1,1785501394
2026-07-31T12:45:21Z,374,8,4,9,2,0,1,1,1,1785501796
2026-07-31T12:45:21Z,375,16,5,7,4,0,1,1,1,1785499947
2026-07-31T12:45:21Z,376,26,8,9,4,0,1,1,1,1785501515
2026-07-31T12:45:21Z,377,17,7,9,1,0,1,1,1,1785501148
2026-07-31T12:45:21Z,378,14,4,8,1,1,1,1,1,1785501604
2026-07-31T12:45:21Z,379,14,1,13,0,0,1,1,1,1785501878
2026-07-31T12:45:21Z,380,15,5,7,1,0,1,1,1,1785500351
2026-07-31T12:45:21Z,381,0,0,23,0,0,1,1,1,1785501361
2026-07-31T12:45:21Z,383,1,0,13,1,0,1,1,1,1785501819
2026-07-31T12:45:21Z,384,18,0,7,2,0,1,1,1,1785501687
2026-07-31T12:45:21Z,385,14,5,3,1,0,1,1,1,1785501894
2026-07-31T12:45:21Z,387,19,2,4,0,0,1,1,1,1785501500
2026-07-31T12:45:21Z,388,32,3,16,1,0,1,1,1,1785501735
2026-07-31T12:45:21Z,389,7,5,7,1,0,1,1,1,1785501576
2026-07-31T12:45:21Z,390,14,0,21,0,0,1,1,1,1785501485
2026-07-31T12:45:21Z,391,0,0,14,1,0,1,1,1,1785501753
2026-07-31T12:45:21Z,392,2,2,16,1,0,1,1,1,1785501903
2026-07-31T12:45:21Z,393,3,3,5,3,0,1,1,1,1785487292
2026-07-31T12:45:21Z,394,6,4,5,2,0,1,1,1,1785501716
2026-07-31T12:45:21Z,396,20,8,19,3,0,1,1,1,1785501892
2026-07-31T12:45:21Z,397,11,6,20,0,0,1,1,1,1785501884
2026-07-31T12:45:21Z,399,6,0,9,2,0,1,1,1,1785501764
2026-07-31T12:45:21Z,400,12,7,8,3,0,1,1,1,1785500180
2026-07-31T12:45:21Z,401,0,0,31,8,0,1,1,1,1785500791
2026-07-31T12:45:21Z,403,20,1,7,4,0,1,1,1,1785501679
2026-07-31T12:45:21Z,404,1,1,22,0,0,1,1,1,1785501728
2026-07-31T12:45:21Z,406,4,2,30,1,0,1,1,1,1785501477
2026-07-31T12:45:21Z,407,18,3,15,1,0,1,1,1,1785499747
2026-07-31T12:45:21Z,408,16,4,15,2,0,1,1,1,1785501852
2026-07-31T12:45:21Z,409,2,0,18,3,0,1,1,1,1785498301
2026-07-31T12:45:21Z,413,17,3,5,1,0,1,1,1,1785501595
2026-07-31T12:45:21Z,414,4,2,10,1,0,1,1,1,1785501809
2026-07-31T12:45:21Z,417,4,3,14,1,0,1,1,1,1785501744
2026-07-31T12:45:21Z,418,14,0,1,0,0,1,1,1,1785501842
2026-07-31T12:45:21Z,419,11,0,11,1,0,1,1,1,1785500476
2026-07-31T12:45:21Z,421,4,0,14,1,0,1,1,1,1785501894
2026-07-31T12:45:21Z,422,4,4,22,1,0,1,1,1,1785501908
2026-07-31T12:45:21Z,423,2,2,21,0,0,1,1,1,1785500357
2026-07-31T12:45:21Z,424,4,2,8,3,0,1,1,1,1785501754
2026-07-31T12:45:21Z,425,16,0,5,0,1,1,1,1,1785500631
2026-07-31T12:45:21Z,426,11,1,22,4,0,1,1,1,1785501879
2026-07-31T12:45:21Z,427,8,0,6,1,0,1,1,1,1785501900
2026-07-31T12:45:21Z,428,17,2,1,1,0,1,1,1,1785501397
2026-07-31T12:45:21Z,429,4,2,17,2,0,1,1,1,1785501077
2026-07-31T12:45:21Z,430,27,1,2,2,0,1,1,1,1785501677
2026-07-31T12:45:21Z,431,17,1,15,1,0,1,1,1,1785501736
2026-07-31T12:45:21Z,432,16,0,13,2,0,0,1,1,1785501738
2026-07-31T12:45:21Z,433,17,5,4,2,0,1,1,1,1785500391
2026-07-31T12:45:21Z,437,5,3,13,1,0,1,1,1,1785501843
2026-07-31T12:45:21Z,438,17,1,1,1,0,1,1,1,1785501845
2026-07-31T12:45:21Z,439,0,0,14,1,0,1,1,1,1785501634
2026-07-31T12:45:21Z,440,13,1,0,2,0,1,1,1,1785501892
2026-07-31T12:45:21Z,441,13,3,1,1,0,1,1,1,1785501818
2026-07-31T12:45:21Z,442,17,9,1,1,0,1,1,1,1785501379
2026-07-31T12:45:21Z,443,4,2,23,0,0,1,1,1,1785485488
2026-07-31T12:45:21Z,444,4,2,19,0,0,1,1,1,1785501265
2026-07-31T12:45:21Z,445,7,2,15,1,0,1,1,1,1785501754
2026-07-31T12:45:21Z,446,1,1,21,1,0,1,1,1,1785500858
2026-07-31T12:45:21Z,447,3,0,18,1,1,1,1,1,1785496389
2026-07-31T12:45:21Z,448,7,2,7,1,0,1,1,1,1785501220
2026-07-31T12:45:21Z,452,4,4,14,1,0,1,1,1,1785501852
2026-07-31T12:45:21Z,453,4,4,10,1,0,1,1,1,1785501690
2026-07-31T12:45:21Z,454,4,0,15,0,0,1,1,1,1785501751
2026-07-31T12:45:21Z,455,3,2,35,1,0,1,1,1,1785500489
2026-07-31T12:45:21Z,456,4,0,15,1,0,1,1,1,1785501873
2026-07-31T12:45:21Z,457,24,2,1,2,0,1,1,1,1785501857
2026-07-31T12:45:21Z,458,11,4,12,0,0,1,1,1,1785501652
2026-07-31T12:45:21Z,459,12,0,3,0,0,1,1,1,1785500736
2026-07-31T12:45:21Z,460,13,0,9,1,0,1,1,1,1785501783
2026-07-31T12:45:21Z,461,11,2,8,0,0,1,1,1,1785501912
2026-07-31T12:45:21Z,462,18,2,3,0,0,1,1,1,1785501890
2026-07-31T12:45:21Z,463,9,0,10,0,0,1,1,1,1785499420
2026-07-31T12:45:21Z,464,0,0,14,0,0,1,1,1,1785499858
2026-07-31T12:45:21Z,465,1,0,13,1,0,1,1,1,1785499838
2026-07-31T12:45:21Z,466,11,3,2,2,0,1,1,1,1785501909
2026-07-31T12:45:21Z,467,2,1,17,0,0,1,1,1,1785500498
2026-07-31T12:45:21Z,468,17,1,1,1,0,1,1,1,1785485789
2026-07-31T12:45:21Z,469,2,0,21,0,0,1,1,1,1785501440
2026-07-31T12:45:21Z,470,9,2,5,1,0,1,1,1,1785501865
2026-07-31T12:45:21Z,471,24,2,3,0,0,1,1,1,1785501326
2026-07-31T12:45:21Z,472,8,3,10,1,0,1,1,1,1785501807
2026-07-31T12:45:21Z,473,17,3,1,1,0,1,1,1,1785501604
2026-07-31T12:45:21Z,474,14,0,5,0,0,1,1,1,1785501824
2026-07-31T12:45:21Z,475,8,3,11,0,0,1,1,1,1785499966
2026-07-31T12:45:21Z,477,2,1,11,2,0,1,1,1,1785501824
2026-07-31T12:45:21Z,478,13,0,17,1,0,1,1,1,1785501595
2026-07-31T12:45:21Z,479,2,0,24,1,0,1,1,1,1785501910
2026-07-31T12:45:21Z,480,2,0,11,2,0,1,1,1,1785501665
2026-07-31T12:45:21Z,481,3,0,31,1,0,1,1,1,1785501896
2026-07-31T12:45:21Z,482,11,6,8,0,0,1,1,1,1785501435
2026-07-31T12:45:21Z,483,4,0,21,2,0,1,1,1,1785501791
2026-07-31T12:45:21Z,484,0,0,18,1,0,1,1,1,1785501782
2026-07-31T12:45:21Z,485,14,6,3,1,1,1,1,1,1785501862
2026-07-31T12:45:21Z,486,3,3,21,3,0,1,1,1,1785501864
2026-07-31T12:45:21Z,487,0,0,18,1,0,1,1,1,1785499667
2026-07-31T12:45:21Z,489,2,2,13,0,0,1,1,1,1785500768
2026-07-31T12:45:21Z,490,4,2,12,0,0,1,1,1,1785501142
2026-07-31T12:45:21Z,491,7,2,14,0,0,1,1,1,1785501550
2026-07-31T12:45:21Z,492,2,2,5,4,0,1,1,1,1785501911
2026-07-31T12:45:21Z,493,3,1,23,1,0,1,1,1,1785500083
2026-07-31T12:45:21Z,495,8,0,4,3,0,1,1,1,1785500279
2026-07-31T12:45:21Z,496,21,1,6,0,0,1,1,1,1785500570
2026-07-31T12:45:21Z,497,5,0,13,1,0,1,1,1,1785501699
2026-07-31T12:45:21Z,498,6,0,17,0,0,1,1,1,1785501845
2026-07-31T12:45:21Z,499,15,0,3,1,0,1,1,1,1785501193
2026-07-31T12:45:21Z,500,5,3,8,2,0,1,1,1,1785501907
2026-07-31T12:45:21Z,501,14,7,7,0,0,1,1,1,1785501639
2026-07-31T12:45:21Z,502,10,1,9,0,0,1,1,1,1785501393
2026-07-31T12:45:21Z,503,14,0,16,1,0,1,1,1,1785501801
2026-07-31T12:45:21Z,504,13,3,26,0,0,1,1,1,1785501167
2026-07-31T12:45:21Z,505,2,0,9,1,0,1,1,1,1785501589
2026-07-31T12:45:21Z,511,7,3,16,0,0,1,1,1,1785501142
2026-07-31T12:45:21Z,512,21,0,6,0,0,1,1,1,1785501495
2026-07-31T12:45:21Z,514,2,0,8,1,0,1,1,1,1785501751
2026-07-31T12:45:21Z,515,0,0,18,1,0,1,1,1,1785500561
2026-07-31T12:45:21Z,516,12,1,15,0,0,1,1,1,1785501715
2026-07-31T12:45:21Z,517,11,1,11,1,0,1,1,1,1785501320
2026-07-31T12:45:21Z,518,13,0,1,1,0,1,1,1,1785499590
2026-07-31T12:45:21Z,519,2,0,15,2,0,1,1,1,1785497842
2026-07-31T12:45:21Z,520,13,6,8,5,1,1,1,1,1785501910
2026-07-31T12:45:21Z,521,16,4,7,0,0,1,1,1,1785501523
2026-07-31T12:45:21Z,522,1,0,21,1,0,1,1,1,1785501247
2026-07-31T12:45:21Z,523,4,3,18,1,0,1,1,1,1785501535
2026-07-31T12:45:21Z,524,1,0,22,0,0,1,1,1,1785501418
2026-07-31T12:45:21Z,525,3,0,16,0,0,1,1,1,1785501515
2026-07-31T12:45:21Z,526,12,1,1,2,0,1,1,1,1785501355
2026-07-31T12:45:21Z,527,5,3,18,3,0,1,1,1,1785501893
2026-07-31T12:45:21Z,528,20,1,2,1,0,1,1,1,1785500223
2026-07-31T12:45:21Z,529,6,3,7,6,0,1,1,1,1785501910
2026-07-31T12:45:21Z,530,6,0,14,1,0,1,1,1,1785501773
2026-07-31T12:45:21Z,531,12,0,9,1,1,1,1,1,1785501675
2026-07-31T12:45:21Z,532,12,5,18,1,0,1,1,1,1785501892
2026-07-31T12:45:21Z,533,5,0,13,1,0,1,1,1,1785501445
2026-07-31T12:45:21Z,534,4,1,17,2,0,1,1,1,1785501802
2026-07-31T12:45:21Z,535,1,0,14,0,0,1,1,1,1785501517
2026-07-31T12:45:21Z,536,22,0,1,0,0,1,1,1,1785501911
2026-07-31T12:45:21Z,537,8,1,12,0,0,1,1,1,1785501544
2026-07-31T12:45:21Z,538,10,2,11,0,2,1,1,1,1785501835
2026-07-31T12:45:21Z,539,5,5,26,0,0,1,1,1,1785498487
2026-07-31T12:45:21Z,540,1,0,17,1,0,1,1,1,1785501897
2026-07-31T12:45:21Z,541,12,0,14,1,0,1,1,1,1785500811
2026-07-31T12:45:21Z,542,21,6,1,1,0,1,1,1,1785501791
2026-07-31T12:45:21Z,543,14,2,3,2,0,1,1,1,1785501395
2026-07-31T12:45:21Z,544,2,2,16,4,0,1,1,1,1785501739
2026-07-31T12:45:21Z,545,0,0,17,2,0,1,1,1,1785501259
2026-07-31T12:45:21Z,546,5,5,14,0,0,1,1,1,1785501813
2026-07-31T12:45:21Z,547,18,1,7,0,0,1,1,1,1785501476
2026-07-31T12:45:21Z,548,14,1,9,0,0,1,1,1,1785501002
2026-07-31T12:45:21Z,549,16,0,7,0,0,1,1,1,1785501730
2026-07-31T12:45:21Z,550,4,0,15,0,0,1,1,1,1785501762
2026-07-31T12:45:21Z,551,11,4,12,0,0,1,1,1,1785498819
2026-07-31T12:45:21Z,552,22,0,5,0,0,1,1,1,1785501795
2026-07-31T12:45:21Z,553,9,3,13,0,1,1,1,1,1785501887
2026-07-31T12:45:21Z,554,4,1,15,0,0,1,1,1,1785501259
2026-07-31T12:45:21Z,555,13,5,1,1,0,1,1,1,1785499646
2026-07-31T12:45:21Z,556,17,4,4,2,0,1,1,1,1785501821
2026-07-31T12:45:21Z,557,11,5,8,4,0,1,1,1,1785501792
2026-07-31T12:45:21Z,558,25,5,12,0,0,1,1,1,1785501907
2026-07-31T12:45:21Z,559,4,2,13,2,0,1,1,1,1785501466
2026-07-31T12:45:21Z,560,11,0,15,1,0,1,1,1,1785501912
2026-07-31T12:45:21Z,561,11,0,11,1,0,1,1,1,1785501910
2026-07-31T12:45:21Z,562,3,0,29,3,0,1,1,1,1785486691
2026-07-31T12:45:21Z,563,7,0,7,0,0,1,1,1,1785501875
2026-07-31T12:45:21Z,564,6,0,12,1,0,1,1,1,1785501701
2026-07-31T12:45:21Z,565,1,1,18,0,0,1,1,1,1785501427
2026-07-31T12:45:21Z,566,15,0,3,1,0,1,1,1,1785501803
2026-07-31T12:45:21Z,567,2,0,24,1,0,1,1,1,1785501876
2026-07-31T12:45:21Z,568,18,0,0,1,0,1,1,1,1785501569
2026-07-31T12:45:21Z,569,14,1,5,0,0,1,1,1,1785501580
2026-07-31T12:45:21Z,570,4,0,14,1,0,1,1,1,1785501041
2026-07-31T12:45:21Z,571,16,0,7,0,0,1,1,1,1785501455
2026-07-31T12:45:21Z,572,10,4,8,1,0,1,1,1,1785501885
2026-07-31T12:45:21Z,573,5,0,10,0,0,1,1,1,1785500681
2026-07-31T12:45:21Z,574,2,0,13,0,0,1,1,1,1785501706
2026-07-31T12:45:21Z,575,4,1,16,1,0,1,1,1,1785501774
2026-07-31T12:45:21Z,576,6,2,11,2,0,1,1,1,1785501142
2026-07-31T12:45:21Z,577,14,0,17,0,0,1,1,1,1785501909
2026-07-31T12:45:21Z,578,8,8,14,1,0,1,1,1,1785501843
2026-07-31T12:45:21Z,579,12,1,31,0,0,1,1,1,1785501514
2026-07-31T12:45:21Z,580,0,0,29,0,0,1,1,1,1785501322
2026-07-31T12:45:21Z,581,4,0,14,1,0,1,1,1,1785501768
2026-07-31T12:45:21Z,582,19,1,41,1,0,1,1,1,1785501907
2026-07-31T12:45:21Z,583,20,0,3,0,0,1,1,1,1785501553
2026-07-31T12:45:21Z,584,3,2,10,6,0,1,1,1,1785501897
2026-07-31T12:45:21Z,585,6,2,20,0,1,1,1,1,1785501827
2026-07-31T12:45:21Z,586,6,1,28,1,0,1,1,1,1785501863
2026-07-31T12:45:21Z,587,8,0,15,1,0,1,1,1,1785501154
2026-07-31T12:45:21Z,588,9,4,7,2,1,1,1,1,1785501743
2026-07-31T12:45:21Z,589,7,5,14,1,0,1,1,1,1785501904
2026-07-31T12:45:21Z,590,14,1,16,1,0,1,1,1,1785501799
2026-07-31T12:45:21Z,591,8,0,20,2,0,1,1,1,1785501892
2026-07-31T12:45:21Z,592,14,0,9,0,0,1,1,1,1785501785
2026-07-31T12:45:21Z,593,8,0,30,0,0,1,1,1,1785501651
2026-07-31T12:45:21Z,594,5,0,14,2,0,1,1,1,1785501803
2026-07-31T12:45:21Z,595,0,0,3,0,0,0,1,1,1784046673
2026-07-31T12:45:21Z,605,0,0,2,1,0,0,1,1,1783975843
2026-07-31T12:45:21Z,606,0,0,0,0,0,0,1,1,86400
2026-07-31T12:45:21Z,607,20,3,10,2,0,1,1,1,1785501769
2026-07-31T12:45:21Z,608,10,4,40,0,0,1,1,1,1785501877
2026-07-31T12:45:21Z,609,18,12,5,0,0,1,1,1,1785500923
2026-07-31T12:45:21Z,610,7,4,28,0,0,1,1,1,1785501087
2026-07-31T12:45:21Z,611,4,1,22,1,0,1,1,1,1785501686
2026-07-31T12:45:21Z,612,7,1,8,0,0,1,1,1,1785498548
2026-07-31T12:45:21Z,613,9,0,2,4,0,1,1,1,1785501831
2026-07-31T12:45:21Z,614,5,2,19,2,1,1,1,1,1785501419
2026-07-31T12:45:21Z,617,7,0,7,1,0,1,1,1,1785501906
2026-07-31T12:45:21Z,618,10,1,5,4,0,1,1,1,1785499307
2026-07-31T12:45:21Z,619,5,3,14,0,0,1,1,1,1785501843
2026-07-31T12:45:21Z,620,2,1,25,0,0,1,1,1,1785501796
2026-07-31T12:45:21Z,621,14,11,8,1,0,1,1,1,1785501291
2026-07-31T12:45:21Z,622,16,5,6,1,0,1,1,1,1785501790
2026-07-31T12:45:21Z,623,10,5,19,1,0,1,1,1,1785501767
2026-07-31T12:45:21Z,624,0,0,15,0,0,1,1,1,1785499735
2026-07-31T12:45:21Z,625,4,1,15,2,0,1,1,1,1785501851
2026-07-31T12:45:21Z,626,18,1,27,0,2,1,1,1,1785501889
2026-07-31T12:45:21Z,627,14,6,5,0,0,1,1,1,1785500712
2026-07-31T12:45:21Z,628,1,1,15,2,1,1,1,1,1785501612
2026-07-31T12:45:21Z,629,5,2,5,1,0,1,1,1,1785501712
2026-07-31T12:45:21Z,630,4,3,20,3,0,1,1,1,1785501856
2026-07-31T12:45:21Z,631,14,7,9,0,0,1,1,1,1785501895
2026-07-31T12:45:21Z,632,20,0,1,2,0,1,1,1,1785492884
2026-07-31T12:45:21Z,633,11,0,1,3,0,1,1,1,1785501175
2026-07-31T12:45:21Z,634,10,2,9,0,0,1,1,1,1785498289
2026-07-31T12:45:21Z,635,15,1,4,0,0,1,1,1,1785497505
2026-07-31T12:45:21Z,636,10,2,5,0,0,1,1,1,1785488201
2026-07-31T12:45:21Z,637,9,2,9,1,0,1,1,1,1785500453
2026-07-31T12:45:21Z,638,6,1,11,2,0,1,1,1,1785500681
2026-07-31T12:45:21Z,639,7,1,10,2,0,1,1,1,1785501255
2026-07-31T12:45:21Z,640,9,5,13,1,0,1,1,1,1785501857
2026-07-31T12:45:21Z,641,11,0,13,2,0,1,1,1,1785501904
2026-07-31T12:45:21Z,642,0,0,10,9,0,1,1,1,1785501913
2026-07-31T12:45:21Z,643,6,1,14,7,0,1,1,1,1785501909
2026-07-31T12:45:21Z,644,11,0,3,1,0,1,1,1,1785499858
2026-07-31T12:45:21Z,645,11,0,10,1,1,1,1,1,1785499783
2026-07-31T12:45:21Z,646,5,1,14,0,0,1,1,1,1785501890
2026-07-31T12:45:21Z,647,26,2,5,0,0,1,1,1,1785500625
2026-07-31T12:45:21Z,648,5,0,13,1,0,1,1,1,1785500139
2026-07-31T12:45:21Z,649,19,1,11,1,0,1,1,1,1785500940
2026-07-31T12:45:21Z,650,5,1,9,0,0,1,1,1,1785488201
2026-07-31T12:45:21Z,651,6,6,17,0,0,1,1,1,1785501211
2026-07-31T12:45:21Z,652,2,2,19,2,0,1,1,1,1785501841
2026-07-31T12:45:21Z,653,7,1,12,0,0,1,1,1,1785501393
2026-07-31T12:45:21Z,654,2,1,13,0,0,1,1,1,1785501768
2026-07-31T12:45:21Z,655,7,3,1,4,1,1,1,1,1785501814
2026-07-31T12:45:21Z,656,13,5,6,0,0,1,1,1,1785501706
2026-07-31T12:45:21Z,657,11,2,2,2,2,1,1,1,1785501815
2026-07-31T12:45:21Z,658,9,1,1,0,0,1,1,1,1785473427
2026-07-31T12:45:21Z,659,7,3,6,2,0,1,1,1,1785500179
2026-07-31T12:45:21Z,660,12,2,15,4,0,1,1,1,1785501768
2026-07-31T12:45:21Z,661,4,3,15,0,0,1,1,1,1785501617
2026-07-31T12:45:21Z,662,3,2,17,3,0,1,1,1,1785501656
2026-07-31T12:45:21Z,663,9,5,5,1,0,1,1,1,1785501734
2026-07-31T12:45:21Z,664,4,0,23,0,0,1,1,1,1785501633
2026-07-31T12:45:21Z,665,13,4,2,0,0,1,1,1,1785500164
2026-07-31T12:45:21Z,666,8,2,5,2,0,1,1,1,1785495733
2026-07-31T12:45:21Z,667,0,0,19,0,0,1,1,1,1785501779
2026-07-31T12:45:21Z,668,7,0,12,0,0,1,1,1,1785501384
2026-07-31T12:45:21Z,669,14,5,0,0,0,1,1,1,1785501140
2026-07-31T12:45:21Z,670,12,2,15,0,0,1,1,1,1785501246
2026-07-31T12:45:21Z,671,10,4,16,1,0,1,1,1,1785501901
2026-07-31T12:45:21Z,672,11,2,8,3,1,1,1,1,1785500637
2026-07-31T12:45:21Z,673,20,2,2,1,0,1,1,1,1785501551
2026-07-31T12:45:21Z,674,7,2,13,3,0,1,1,1,1785501912
2026-07-31T12:45:21Z,675,10,5,3,2,0,1,1,1,1785501644
2026-07-31T12:45:21Z,676,8,0,13,1,0,1,1,1,1785501642
2026-07-31T12:45:21Z,681,11,3,1,3,0,1,1,1,1785500812
2026-07-31T12:45:21Z,682,4,1,14,1,0,1,1,1,1785486991
2026-07-31T12:45:21Z,683,3,1,16,0,0,1,1,1,1785499114
2026-07-31T12:45:21Z,684,2,0,25,0,0,1,1,1,1785498876
2026-07-31T12:45:21Z,685,8,0,17,1,1,1,1,1,1785498843
2026-07-31T12:45:21Z,686,9,0,15,3,0,1,1,1,1785501835
2026-07-31T12:45:21Z,687,11,0,18,1,1,1,1,1,1785501846
2026-07-31T12:45:21Z,688,10,0,2,7,0,1,1,1,1785501605
2026-07-31T12:45:21Z,692,5,3,16,0,0,1,1,1,1785501397
2026-07-31T12:45:21Z,693,6,0,2,3,0,1,1,1,1785501664
2026-07-31T12:45:21Z,694,8,6,13,0,0,1,1,1,1785501443
2026-07-31T12:45:21Z,695,11,7,12,0,0,1,1,1,1785501716
2026-07-31T12:45:21Z,696,17,12,4,2,0,1,1,1,1785501531
2026-07-31T12:45:21Z,697,12,0,11,0,0,1,1,1,1785501551
2026-07-31T12:45:21Z,698,14,0,13,0,0,1,1,1,1785501155
2026-07-31T12:45:21Z,699,8,0,6,1,0,1,1,1,1785500255
2026-07-31T12:45:21Z,700,18,4,1,0,0,1,1,1,1785500320
2026-07-31T12:45:21Z,701,14,6,5,0,0,1,1,1,1785501615
2026-07-31T12:45:21Z,702,15,1,6,2,0,1,1,1,1785501774
2026-07-31T12:45:21Z,704,6,1,9,0,0,1,1,1,1785500949
2026-07-31T12:45:21Z,705,3,1,10,2,0,1,1,1,1785500855
2026-07-31T12:45:21Z,706,4,0,8,3,0,1,1,1,1785501615
2026-07-31T12:45:21Z,707,8,1,7,0,0,1,1,1,1785500326
2026-07-31T12:45:21Z,708,16,2,3,0,0,1,1,1,1785500651
2026-07-31T12:45:21Z,709,8,0,4,3,0,1,1,1,1785501532
2026-07-31T12:45:21Z,710,14,3,4,1,0,1,1,1,1785501602
2026-07-31T12:45:21Z,711,17,2,1,5,0,1,1,1,1785501680
2026-07-31T12:45:21Z,712,6,6,9,0,0,1,1,1,1785501603
2026-07-31T12:45:21Z,713,6,0,17,0,0,1,1,1,1785501877
2026-07-31T12:45:21Z,716,4,2,11,0,0,1,1,1,1785501877
2026-07-31T12:45:21Z,717,3,2,19,3,0,1,1,1,1785501284
2026-07-31T12:45:21Z,718,7,1,7,1,0,1,1,1,1785501688
2026-07-31T12:45:21Z,719,10,3,19,0,0,1,1,1,1785501141
2026-07-31T12:45:21Z,720,1,0,18,0,0,1,1,1,1785500349
2026-07-31T12:45:21Z,721,0,0,21,2,0,1,1,1,1785501169
2026-07-31T12:45:21Z,722,5,0,10,0,0,1,1,1,1785500108
2026-07-31T12:45:21Z,723,12,1,11,0,0,1,1,1,1785500210
2026-07-31T12:45:21Z,724,6,2,17,0,0,1,1,1,1785501317
2026-07-31T12:45:21Z,725,19,4,3,1,0,1,1,1,1785501224
2026-07-31T12:45:21Z,726,12,2,7,0,0,1,1,1,1785501751
2026-07-31T12:45:21Z,727,8,3,12,3,0,1,1,1,1785501121
2026-07-31T12:45:21Z,728,9,0,5,1,0,1,1,1,1785500652
2026-07-31T12:45:21Z,729,2,1,17,0,0,1,1,1,1785501535
2026-07-31T12:45:21Z,730,3,2,10,2,0,1,1,1,1785501246
2026-07-31T12:45:21Z,731,9,3,5,1,0,1,1,1,1785500364
2026-07-31T12:45:21Z,732,7,5,8,0,0,1,1,1,1785501400
2026-07-31T12:45:21Z,733,0,0,27,0,0,1,1,1,1785501245
2026-07-31T12:45:21Z,734,0,0,13,1,0,1,1,1,1785501340
2026-07-31T12:45:21Z,735,5,3,22,0,0,1,1,1,1785501804
2026-07-31T12:45:21Z,736,7,0,11,1,0,1,1,1,1785501103
2026-07-31T12:45:21Z,737,4,3,10,0,1,1,1,1,1785500800
2026-07-31T12:45:21Z,738,15,4,2,2,0,1,1,1,1785501647
2026-07-31T12:45:21Z,739,20,2,6,1,0,1,1,1,1785500438
2026-07-31T12:45:21Z,741,7,0,16,0,0,1,1,1,1785500690
2026-07-31T12:45:21Z,742,23,1,10,2,0,1,1,1,1785501493
2026-07-31T12:45:21Z,743,10,4,8,1,0,1,1,1,1785500560
2026-07-31T12:45:21Z,744,8,3,6,1,0,1,1,1,1785501061
2026-07-31T12:45:21Z,745,13,4,5,1,0,1,1,1,1785501077
2026-07-31T12:45:21Z,746,0,0,21,2,0,1,1,1,1785501882
2026-07-31T12:45:21Z,747,0,0,4,0,0,0,1,1,1783446606
2026-07-31T12:45:21Z,748,10,1,13,0,0,1,1,1,1785501888
2026-07-31T12:45:21Z,749,4,4,18,1,0,1,1,1,1785501870
2026-07-31T12:45:21Z,750,6,2,5,0,0,1,1,1,1785501904
2026-07-31T12:45:21Z,751,17,0,6,0,0,1,1,1,1785501744
2026-07-31T12:45:21Z,752,14,1,2,1,0,1,1,1,1785501555
2026-07-31T12:45:21Z,753,3,0,12,0,0,1,1,1,1785501811
2026-07-31T12:45:21Z,754,4,2,10,1,0,1,1,1,1785501594
2026-07-31T12:45:21Z,755,13,4,9,1,0,1,1,1,1785501747
2026-07-31T12:45:21Z,756,19,14,17,1,0,1,1,1,1785501823
2026-07-31T12:45:21Z,757,16,7,1,2,0,1,1,1,1785501857
2026-07-31T12:45:21Z,758,10,1,13,0,0,1,1,1,1785501703
2026-07-31T12:45:21Z,759,0,0,0,0,0,1,1,1,86400
2026-07-31T12:45:21Z,760,9,4,10,0,0,1,1,1,1785499338
2026-07-31T12:45:21Z,761,16,0,6,1,0,1,1,1,1785500876
2026-07-31T12:45:21Z,762,5,3,5,5,0,1,1,1,1785500337
2026-07-31T12:45:21Z,768,8,0,8,3,0,1,1,1,1785501288
2026-07-31T12:45:21Z,769,19,12,0,0,0,1,1,1,1785501637
2026-07-31T12:45:21Z,770,10,3,7,2,0,1,1,1,1785500859
2026-07-31T12:45:21Z,771,12,2,2,1,0,1,1,1,1785500301
2026-07-31T12:45:21Z,772,8,1,7,0,0,1,1,1,1785500905
2026-07-31T12:45:21Z,773,15,4,4,0,0,1,1,1,1785500760
2026-07-31T12:45:21Z,774,8,5,4,3,0,1,1,1,1785500685
2026-07-31T12:45:21Z,775,7,0,10,1,1,1,1,1,1785494713
2026-07-31T12:45:21Z,776,3,1,17,1,0,1,1,1,1785501100
2026-07-31T12:45:21Z,777,10,0,2,3,0,1,1,1,1785500840
2026-07-31T12:45:21Z,778,13,0,3,3,0,1,1,1,1785500858
2026-07-31T12:45:21Z,779,8,1,10,1,0,1,1,1,1785501701
2026-07-31T12:45:21Z,780,17,2,1,1,0,1,1,1,1785501517
2026-07-31T12:45:21Z,781,3,0,6,2,0,1,1,1,1785501575
2026-07-31T12:45:21Z,782,6,3,9,4,0,1,1,1,1785501698
2026-07-31T12:45:21Z,783,6,0,13,0,0,1,1,1,1785501656
2026-07-31T12:45:21Z,784,19,1,0,0,0,1,1,1,1785501266
2026-07-31T12:45:21Z,785,10,2,3,6,0,1,1,1,1785501833
2026-07-31T12:45:21Z,786,12,5,7,0,0,1,1,1,1785501491
2026-07-31T12:45:21Z,787,10,5,3,2,0,1,1,1,1785501110
2026-07-31T12:45:21Z,788,3,0,12,0,0,1,1,1,1785500332
2026-07-31T12:45:21Z,789,9,2,2,4,0,1,1,1,1785500553
2026-07-31T12:45:21Z,790,1,0,21,1,0,1,1,1,1785501054
2026-07-31T12:45:21Z,791,7,0,11,0,1,1,1,1,1785501879
2026-07-31T12:45:21Z,793,4,0,10,1,0,1,1,1,1785500690
2026-07-31T12:45:21Z,794,17,9,10,2,0,1,1,1,1785501475
2026-07-31T12:45:21Z,796,3,2,14,2,0,1,1,1,1785500818
2026-07-31T12:45:21Z,797,1,0,14,0,0,1,1,1,1785499482
2026-07-31T12:45:21Z,798,10,1,14,1,0,1,1,1,1785501427
2026-07-31T12:45:21Z,799,14,1,2,3,0,1,1,1,1785500475
2026-07-31T12:45:21Z,800,8,1,12,1,0,1,1,1,1785501854
2026-07-31T12:45:21Z,801,18,4,1,2,0,1,1,1,1785501799
2026-07-31T12:45:21Z,802,8,0,23,0,0,1,1,1,1785500663
2026-07-31T12:45:21Z,803,1,1,14,0,0,1,1,1,1785500297
2026-07-31T12:45:21Z,806,3,1,12,0,0,1,1,1,1785501885
2026-07-31T12:45:21Z,807,12,1,11,2,0,1,1,1,1785500930
2026-07-31T12:45:21Z,808,3,1,20,2,0,1,1,1,1785499242
2026-07-31T12:45:21Z,809,4,0,18,1,0,1,1,1,1785500490
2026-07-31T12:45:21Z,810,2,0,13,4,0,1,1,1,1785500926
2026-07-31T12:45:21Z,815,0,0,10,4,1,1,1,1,1785500672
2026-07-31T12:45:21Z,817,10,4,5,0,0,1,1,1,1785501632
2026-07-31T12:45:21Z,818,5,0,18,0,0,1,1,1,1785501076
2026-07-31T12:45:21Z,819,6,4,9,0,0,1,1,1,1785487291
2026-07-31T12:45:21Z,820,8,2,9,0,0,1,1,1,1785501539
2026-07-31T12:45:21Z,821,2,1,13,0,0,1,1,1,1785500652
2026-07-31T12:45:21Z,822,8,0,14,1,0,1,1,1,1785501667
2026-07-31T12:45:21Z,823,3,1,12,0,0,1,1,1,1785501125
2026-07-31T12:45:21Z,824,10,5,9,0,0,1,1,1,1785501763
2026-07-31T12:45:21Z,825,8,5,7,0,0,1,1,1,1785495662
2026-07-31T12:45:21Z,826,17,3,0,2,0,1,1,1,1785501446
2026-07-31T12:45:21Z,827,16,4,4,1,0,1,1,1,1785501227
2026-07-31T12:45:21Z,828,13,1,3,2,0,1,1,1,1785500837
2026-07-31T12:45:21Z,829,14,5,13,0,0,1,1,1,1785501708
2026-07-31T12:45:21Z,830,17,2,5,1,0,1,1,1,1785500934
2026-07-31T12:45:21Z,831,6,2,8,1,0,1,1,1,1785501902
2026-07-31T12:45:21Z,832,11,3,4,3,0,1,1,1,1785501598
2026-07-31T12:45:21Z,833,0,0,18,1,0,1,1,1,1785501767
2026-07-31T12:45:21Z,834,6,0,17,1,0,1,1,1,1785501707
2026-07-31T12:45:21Z,835,5,3,11,2,0,1,1,1,1785501666
2026-07-31T12:45:21Z,837,5,1,0,10,0,1,1,1,1785500176
2026-07-31T12:45:21Z,838,15,5,0,0,0,1,1,1,1785501909
2026-07-31T12:45:21Z,839,9,1,20,0,0,1,1,1,1785501827
2026-07-31T12:45:21Z,840,9,4,19,1,0,1,1,1,1785501331
2026-07-31T12:45:21Z,841,5,0,10,0,0,1,1,1,1785501896
2026-07-31T12:45:21Z,842,6,1,17,0,0,1,1,1,1785501727
2026-07-31T12:45:21Z,843,8,0,22,1,0,1,1,1,1785500182
2026-07-31T12:45:21Z,844,6,0,17,0,0,1,1,1,1785500517
2026-07-31T12:45:21Z,845,5,3,12,2,0,1,1,1,1785500284
2026-07-31T12:45:21Z,846,4,0,14,1,0,1,1,1,1785501235
2026-07-31T12:45:21Z,847,7,1,19,1,0,1,1,1,1785501075
2026-07-31T12:45:21Z,848,8,3,10,1,0,1,1,1,1785498928
2026-07-31T12:45:21Z,849,6,1,8,1,0,1,1,1,1785501071
2026-07-31T12:45:21Z,850,8,0,1,2,0,1,1,1,1785501343
2026-07-31T12:45:21Z,851,8,6,26,3,0,1,1,1,1785501714
2026-07-31T12:45:21Z,852,12,6,7,0,0,1,1,1,1785501805
2026-07-31T12:45:21Z,853,10,5,13,0,0,1,1,1,1785500887
2026-07-31T12:45:21Z,854,3,2,12,0,0,1,1,1,1785500932
2026-07-31T12:45:21Z,855,25,0,2,0,0,1,1,1,1785497123
2026-07-31T12:45:21Z,857,5,4,14,0,0,1,1,1,1785500953
2026-07-31T12:45:21Z,858,3,1,15,1,0,1,1,1,1785501363
2026-07-31T12:45:21Z,859,5,0,15,1,0,1,1,1,1785501576
2026-07-31T12:45:21Z,861,8,1,2,1,0,1,1,1,1785488201
2026-07-31T12:45:21Z,862,2,2,13,0,0,1,1,1,1785500114
2026-07-31T12:45:21Z,863,13,0,5,1,0,1,1,1,1785500800
2026-07-31T12:45:21Z,866,11,3,8,0,0,1,1,1,1785500437
2026-07-31T12:45:21Z,867,13,1,2,0,0,1,1,1,1785501539
2026-07-31T12:45:21Z,868,12,2,3,0,0,1,1,1,1785501760
2026-07-31T12:45:21Z,870,7,4,6,2,0,1,1,1,1785500166
2026-07-31T12:45:21Z,871,0,0,10,1,0,1,1,1,1785501344
2026-07-31T12:45:21Z,872,0,0,14,1,0,1,1,1,1785501897
2026-07-31T12:45:21Z,873,17,4,15,1,0,1,1,1,1785501908
2026-07-31T12:45:21Z,874,1,0,11,3,0,1,1,1,1785501780
2026-07-31T12:45:21Z,875,15,11,0,0,0,1,1,1,1785501160
2026-07-31T12:45:21Z,877,12,10,5,2,0,1,1,1,1785501525
2026-07-31T12:45:21Z,878,4,3,14,1,0,1,1,1,1785500287
2026-07-31T12:45:21Z,879,3,1,16,0,0,1,1,1,1785501147
2026-07-31T12:45:21Z,880,1,0,21,1,0,1,1,1,1785501158
2026-07-31T12:45:21Z,881,1,1,18,0,0,1,1,1,1785500143
2026-07-31T12:45:21Z,882,10,0,6,3,0,1,1,1,1785488200
2026-07-31T12:45:21Z,883,11,6,8,0,0,1,1,1,1785500394
2026-07-31T12:45:21Z,884,10,7,11,0,0,1,1,1,1785501523
2026-07-31T12:45:21Z,885,1,0,18,0,0,1,1,1,1785501793
2026-07-31T12:45:21Z,886,22,3,6,1,0,1,1,1,1785501471
2026-07-31T12:45:21Z,887,4,1,10,3,0,1,1,1,1785500680
2026-07-31T12:45:21Z,888,9,3,30,1,1,1,1,1,1785501881
2026-07-31T12:45:21Z,889,12,1,5,2,0,1,1,1,1785501415
2026-07-31T12:45:21Z,890,6,4,9,0,0,1,1,1,1785489632
2026-07-31T12:45:21Z,891,20,0,3,0,0,1,1,1,1785501303
2026-07-31T12:45:21Z,892,13,1,2,0,0,1,1,1,1785488200
2026-07-31T12:45:21Z,895,0,0,19,0,0,1,1,1,1785501047
2026-07-31T12:45:21Z,896,9,1,26,0,0,1,1,1,1785500364
2026-07-31T12:45:21Z,897,11,1,10,0,0,1,1,1,1785500180
2026-07-31T12:45:21Z,898,3,0,16,0,0,1,1,1,1785501711
2026-07-31T12:45:21Z,899,1,0,17,1,0,1,1,1,1785501141
2026-07-31T12:45:21Z,900,8,0,17,2,0,1,1,1,1785501650
2026-07-31T12:45:21Z,901,3,0,15,1,0,1,1,1,1785501540
2026-07-31T12:45:21Z,902,7,0,7,1,0,1,1,1,1785501640
2026-07-31T12:45:21Z,903,13,2,5,1,0,1,1,1,1785501117
2026-07-31T12:45:21Z,904,9,4,9,1,0,1,1,1,1785500289
2026-07-31T12:45:21Z,905,13,1,14,0,0,1,1,1,1785501866
2026-07-31T12:45:21Z,906,0,0,27,0,0,1,1,1,1785501169
2026-07-31T12:45:21Z,907,0,0,30,1,0,1,1,1,1785501881
2026-07-31T12:45:21Z,908,7,0,16,0,0,1,1,1,1785500805
2026-07-31T12:45:21Z,909,1,0,21,1,0,1,1,1,1785501897
2026-07-31T12:45:21Z,910,11,0,20,0,0,1,1,1,1785501335
2026-07-31T12:45:21Z,911,4,1,15,0,0,1,1,1,1785501647
2026-07-31T12:45:21Z,912,4,2,17,2,0,1,1,1,1785501783
2026-07-31T12:45:21Z,913,4,1,15,0,0,1,1,1,1785500814
2026-07-31T12:45:21Z,914,8,0,11,0,0,1,1,1,1785501857
2026-07-31T12:45:21Z,915,12,0,10,1,0,1,1,1,1785501470
2026-07-31T12:45:21Z,916,23,8,0,0,0,1,1,1,1785501521
2026-07-31T12:45:21Z,917,22,4,12,1,0,1,1,1,1785501473
2026-07-31T12:45:21Z,918,2,1,15,2,0,1,1,1,1785501741
2026-07-31T12:45:21Z,919,7,0,30,2,0,1,1,1,1785501823
2026-07-31T12:45:21Z,920,4,2,15,0,0,1,1,1,1785500620
2026-07-31T12:45:21Z,921,12,0,9,0,0,1,1,1,1785501786
2026-07-31T12:45:21Z,922,1,0,19,1,0,1,1,1,1785501764
2026-07-31T12:45:21Z,923,11,2,8,0,0,1,1,1,1785501648
2026-07-31T12:45:21Z,924,9,2,12,0,0,1,1,1,1785501046
2026-07-31T12:45:21Z,925,13,0,8,0,0,1,1,1,1785500453
2026-07-31T12:45:21Z,926,2,1,19,0,0,1,1,1,1785500582
2026-07-31T12:45:21Z,927,11,0,24,0,0,1,1,1,1785501908
2026-07-31T12:45:21Z,928,0,0,19,0,0,0,1,1,1785500252
2026-07-31T12:45:21Z,929,10,2,13,0,0,1,1,1,1785501888
2026-07-31T12:45:21Z,930,1,0,29,1,0,1,1,1,1785501747
2026-07-31T12:45:21Z,931,11,11,11,1,0,1,1,1,1785501893
2026-07-31T12:45:21Z,932,0,0,16,3,0,1,1,1,1785500464
2026-07-31T12:45:21Z,933,2,0,21,0,0,1,1,1,1785501887
2026-07-31T12:45:21Z,934,6,0,24,1,0,1,1,1,1785501884
2026-07-31T12:45:21Z,935,9,4,9,1,0,1,1,1,1785501885
2026-07-31T12:45:21Z,936,9,1,10,0,0,1,1,1,1785501506
2026-07-31T12:45:21Z,940,11,0,0,0,0,1,1,1,1785500861
2026-07-31T12:45:21Z,941,6,1,17,2,0,1,1,1,1785501887
2026-07-31T12:45:21Z,942,3,0,17,1,0,1,1,1,1785501664
2026-07-31T12:45:21Z,943,9,8,6,0,0,1,1,1,1785500188
2026-07-31T12:45:21Z,944,9,8,6,0,0,1,1,1,1785501825
2026-07-31T12:45:21Z,945,10,8,5,0,0,1,1,1,1785501341
2026-07-31T12:45:21Z,946,7,5,12,0,0,1,1,1,1785487593
2026-07-31T12:45:21Z,947,7,5,10,0,0,1,1,1,1785501838
2026-07-31T12:45:21Z,948,26,9,0,5,0,1,1,1,1785501300
2026-07-31T12:45:21Z,949,13,5,2,0,0,1,1,1,1785501839
2026-07-31T12:45:21Z,950,7,4,9,1,0,1,1,1,1785501864
2026-07-31T12:45:21Z,951,20,4,2,1,0,1,1,1,1785501488
2026-07-31T12:45:21Z,952,25,6,30,0,0,1,1,1,1785501817
2026-07-31T12:45:21Z,953,6,0,8,1,0,1,1,1,1785501109
2026-07-31T12:45:21Z,954,13,3,6,0,0,1,1,1,1785501548
2026-07-31T12:45:21Z,955,5,3,16,6,0,1,1,1,1785500946
2026-07-31T12:45:21Z,956,6,1,15,2,0,1,1,1,1785501895
2026-07-31T12:45:21Z,957,9,0,20,0,0,1,1,1,1785501904
2026-07-31T12:45:21Z,958,6,2,25,0,0,1,1,1,1785501636
2026-07-31T12:45:21Z,959,17,8,4,2,0,1,1,1,1785501905
2026-07-31T12:45:21Z,960,13,0,9,1,0,1,1,1,1785501802
2026-07-31T12:45:21Z,961,0,0,20,3,0,1,1,1,1785501332
2026-07-31T12:45:21Z,962,10,2,22,3,0,1,1,1,1785501627
2026-07-31T12:45:21Z,963,14,0,8,1,0,1,1,1,1785501904
2026-07-31T12:45:21Z,964,5,5,17,1,0,1,1,1,1785501644
2026-07-31T12:45:21Z,965,11,4,15,1,0,1,1,1,1785501423
2026-07-31T12:45:21Z,966,19,0,12,0,0,1,1,1,1785501913
2026-07-31T12:45:21Z,967,14,0,6,1,0,1,1,1,1785501857
2026-07-31T12:45:21Z,968,10,0,8,1,0,1,1,1,1785501838
2026-07-31T12:45:21Z,969,9,8,17,1,0,1,1,1,1785501752
2026-07-31T12:45:21Z,970,8,0,9,2,0,1,1,1,1785501212
2026-07-31T12:45:21Z,971,6,0,16,1,0,1,1,1,1785501826
2026-07-31T12:45:21Z,972,9,1,13,1,0,1,1,1,1785501826
2026-07-31T12:45:21Z,973,5,3,17,1,0,1,1,1,1785501818
2026-07-31T12:45:21Z,974,20,0,7,0,0,1,1,1,1785501912
2026-07-31T12:45:21Z,977,3,3,16,2,0,1,1,1,1785501503
2026-07-31T12:45:21Z,978,16,0,7,0,0,1,1,1,1785501432
2026-07-31T12:45:21Z,979,11,0,6,0,0,1,1,1,1785501031
2026-07-31T12:45:21Z,980,12,1,7,2,0,1,1,1,1785501737
2026-07-31T12:45:21Z,981,11,0,9,1,0,1,1,1,1785501787
2026-07-31T12:45:21Z,982,4,2,14,1,0,1,1,1,1785501879
2026-07-31T12:45:21Z,983,3,1,19,1,0,1,1,1,1785501551
2026-07-31T12:45:21Z,984,6,0,17,0,0,1,1,1,1785501596
2026-07-31T12:45:21Z,985,18,2,13,0,0,1,1,1,1785501550
2026-07-31T12:45:21Z,986,4,0,15,0,0,1,1,1,1785501876
2026-07-31T12:45:21Z,987,7,1,16,0,0,1,1,1,1785500836
2026-07-31T12:45:21Z,988,5,1,13,1,0,1,1,1,1785500218
2026-07-31T12:45:21Z,989,10,4,9,0,0,1,1,1,1785501612
2026-07-31T12:45:21Z,990,13,1,0,2,0,1,1,1,1785500256
2026-07-31T12:45:21Z,991,10,2,8,1,0,1,1,1,1785501754
2026-07-31T12:45:21Z,992,9,6,13,1,0,1,1,1,1785500816
2026-07-31T12:45:21Z,993,2,1,23,2,0,1,1,1,1785501693
2026-07-31T12:45:21Z,994,3,1,18,0,0,1,1,1,1785501034
2026-07-31T12:45:21Z,995,6,0,21,0,0,1,1,1,1785500253
2026-07-31T12:45:21Z,996,8,1,15,0,0,1,1,1,1785501869
2026-07-31T12:45:21Z,997,13,7,9,1,0,1,1,1,1785501895
2026-07-31T12:45:21Z,998,3,3,19,1,0,1,1,1,1785500364
2026-07-31T12:45:21Z,999,2,0,16,3,0,1,1,1,1785501902
2026-07-31T12:45:21Z,1000,5,2,16,0,0,1,1,1,1785500927
2026-07-31T12:45:21Z,1001,2,1,25,0,0,1,1,1,1785500394
2026-07-31T12:45:21Z,1002,2,2,27,2,0,1,1,1,1785500407
2026-07-31T12:45:21Z,1003,0,0,22,1,0,1,1,1,1785501826
2026-07-31T12:45:21Z,1004,8,1,15,0,0,1,1,1,1785501269
2026-07-31T12:45:21Z,1005,20,1,3,0,0,1,1,1,1785500198
2026-07-31T12:45:21Z,1006,7,4,11,1,0,1,1,1,1785501842
2026-07-31T12:45:21Z,1007,1,0,20,0,0,1,1,1,1785501479
2026-07-31T12:45:21Z,1008,6,5,15,2,0,1,1,1,1785500991
2026-07-31T12:45:21Z,1009,19,2,8,4,0,1,1,1,1785500854
2026-07-31T12:45:21Z,1010,8,2,19,0,0,1,1,1,1785501698
2026-07-31T12:45:21Z,1011,7,2,10,2,0,1,1,1,1785501743
2026-07-31T12:45:21Z,1012,4,3,18,1,0,1,1,1,1785501783
2026-07-31T12:45:21Z,1013,2,1,20,1,0,1,1,1,1785500554
2026-07-31T12:45:21Z,1014,7,2,13,3,0,1,1,1,1785500485
2026-07-31T12:45:21Z,1015,3,1,25,3,0,1,1,1,1785500781
2026-07-31T12:45:21Z,1016,10,5,21,0,0,1,1,1,1785501672
2026-07-31T12:45:21Z,1017,14,5,7,0,0,1,1,1,1785501185
2026-07-31T12:45:21Z,1018,7,2,15,0,0,1,1,1,1785501869
2026-07-31T12:45:21Z,1019,8,5,7,0,0,1,1,1,1785501780
2026-07-31T12:45:21Z,1020,18,3,3,0,0,1,1,1,1785501053
2026-07-31T12:45:21Z,1021,9,3,5,1,0,1,1,1,1785500766
2026-07-31T12:45:21Z,1022,14,0,13,0,0,1,1,1,1785500154
2026-07-31T12:45:21Z,1023,13,1,9,1,0,1,1,1,1785501608
2026-07-31T12:45:21Z,1024,6,2,12,1,0,1,1,1,1785500778
2026-07-31T12:45:21Z,1025,4,0,14,0,1,1,1,1,1785500124
2026-07-31T12:45:21Z,1026,7,4,18,6,0,1,1,1,1785501138
2026-07-31T12:45:21Z,1028,3,1,20,0,0,1,1,1,1785501300
2026-07-31T12:45:21Z,1029,11,10,4,0,0,1,1,1,1785501066
2026-07-31T12:45:21Z,1030,14,5,9,0,0,1,1,1,1785500830
2026-07-31T12:45:21Z,1031,8,0,11,0,0,1,1,1,1785501180
2026-07-31T12:45:21Z,1032,7,1,12,0,0,1,1,1,1785501846
2026-07-31T12:45:21Z,1033,11,7,8,0,0,1,1,1,1785500848
2026-07-31T12:45:21Z,1034,3,0,12,0,0,1,1,1,1785501850
2026-07-31T12:45:21Z,1035,1,0,16,2,0,1,1,1,1785501899
2026-07-31T12:45:21Z,1036,14,0,1,0,0,1,1,1,1785501346
2026-07-31T12:45:21Z,1037,5,0,13,1,0,1,1,1,1785500328
2026-07-31T12:45:21Z,1038,3,1,12,0,0,1,1,1,1785501621
2026-07-31T12:45:21Z,1039,7,2,12,0,0,1,1,1,1785500184
2026-07-31T12:45:21Z,1040,6,3,11,2,0,1,1,1,1785501886
2026-07-31T12:45:21Z,1041,10,3,9,0,0,1,1,1,1785501766
2026-07-31T12:45:21Z,1042,14,2,0,1,0,1,1,1,1785501810
2026-07-31T12:45:21Z,1043,10,0,5,4,0,1,1,1,1785501043
2026-07-31T12:45:21Z,1044,2,1,13,0,0,1,1,1,1785501603
2026-07-31T12:45:21Z,1045,10,0,9,0,0,1,1,1,1785501833
2026-07-31T12:45:21Z,1046,8,0,7,0,0,1,1,1,1785501226
2026-07-31T12:45:21Z,1047,5,0,16,0,0,1,1,1,1785500788
2026-07-31T12:45:21Z,1048,9,0,10,0,0,1,1,1,1785501810
2026-07-31T12:45:21Z,1049,5,0,16,0,0,1,1,1,1785501887
2026-07-31T12:45:21Z,1050,17,4,4,0,0,1,1,1,1785501177
2026-07-31T12:45:21Z,1051,8,3,13,0,0,1,1,1,1785501053
2026-07-31T12:45:21Z,1052,17,2,5,0,0,1,1,1,1785501680
2026-07-31T12:45:21Z,1053,2,1,13,0,0,1,1,1,1785501731
2026-07-31T12:45:21Z,1054,14,1,1,0,0,1,1,1,1785500175
2026-07-31T12:45:21Z,1055,7,1,12,0,0,1,1,1,1785501832
2026-07-31T12:45:21Z,1057,10,0,8,1,0,1,1,1,1785501904
2026-07-31T12:45:21Z,1058,5,0,49,2,0,1,1,1,1785501711
2026-07-31T12:45:21Z,1059,1,0,17,1,0,1,1,1,1785501858
2026-07-31T12:45:21Z,1060,30,0,7,0,0,1,1,1,1785501608
2026-07-31T12:45:21Z,1061,29,0,8,0,0,1,1,1,1785501699
2026-07-31T12:45:21Z,1062,7,1,10,0,0,1,1,1,1785501476
2026-07-31T12:45:21Z,1063,12,1,6,1,0,1,1,1,1785501888
2026-07-31T12:45:21Z,1064,3,0,19,1,0,1,1,1,1785500413
2026-07-31T12:45:21Z,1065,16,3,7,0,0,1,1,1,1785500656
2026-07-31T12:45:21Z,1066,10,2,13,0,0,1,1,1,1785500478
2026-07-31T12:45:21Z,1067,8,2,13,2,0,1,1,1,1785500747
2026-07-31T12:45:21Z,1068,8,2,13,2,0,1,1,1,1785500247
2026-07-31T12:45:21Z,1069,12,3,11,0,0,1,1,1,1785500288
2026-07-31T12:45:21Z,1070,12,2,11,0,0,1,1,1,1785500385
2026-07-31T12:45:21Z,1071,7,4,16,0,0,1,1,1,1785500424
2026-07-31T12:45:21Z,1072,11,1,11,1,0,1,1,1,1785500829
2026-07-31T12:45:21Z,1073,19,2,7,1,0,1,1,1,1785501553
2026-07-31T12:45:21Z,1074,3,0,49,1,0,1,1,1,1785501507
2026-07-31T12:45:21Z,1075,10,10,11,0,0,1,1,1,1785501610
2026-07-31T12:45:21Z,1076,15,12,6,0,0,1,1,1,1785501049
2026-07-31T12:45:21Z,1077,8,4,13,0,0,1,1,1,1785501831
2026-07-31T12:45:21Z,1078,11,10,10,0,0,1,1,1,1785501091
2026-07-31T12:45:21Z,1079,11,8,10,0,0,1,1,1,1785501717
2026-07-31T12:45:21Z,1080,10,8,10,1,0,1,1,1,1785500501
2026-07-31T12:45:21Z,1081,13,8,6,0,0,1,1,1,1785500878
2026-07-31T12:45:21Z,1082,7,7,1,0,0,1,1,1,1785500338
2026-07-31T12:45:21Z,1083,13,11,8,0,0,1,1,1,1785500169
2026-07-31T12:45:21Z,1084,9,8,12,0,0,1,1,1,1785501603
2026-07-31T12:45:21Z,1085,12,10,9,0,0,1,1,1,1785501291
2026-07-31T12:45:21Z,1086,6,2,14,1,0,1,1,1,1785500630
2026-07-31T12:45:21Z,1087,8,6,7,0,0,1,1,1,1785501131
2026-07-31T12:45:21Z,1088,9,7,6,0,0,1,1,1,1785501893
2026-07-31T12:45:21Z,1089,6,4,9,0,0,1,1,1,1785500424
2026-07-31T12:45:21Z,1090,9,8,6,0,0,1,1,1,1785500958
2026-07-31T12:45:21Z,1091,11,6,4,0,0,1,1,1,1785500871
2026-07-31T12:45:21Z,1092,9,9,5,1,0,1,1,1,1785500419
2026-07-31T12:45:21Z,1093,6,5,9,0,0,1,1,1,1785500779
2026-07-31T12:45:21Z,1094,12,10,6,1,0,1,1,1,1785501843
2026-07-31T12:45:21Z,1095,8,7,7,0,0,1,1,1,1785500714
2026-07-31T12:45:21Z,1096,5,3,13,1,0,1,1,1,1785501583
2026-07-31T12:45:21Z,1097,9,9,6,0,0,1,1,1,1785500604
2026-07-31T12:45:21Z,1098,9,7,10,0,0,1,1,1,1785500952
2026-07-31T12:45:21Z,1099,7,6,8,0,0,1,1,1,1785501677
2026-07-31T12:45:21Z,1100,8,4,21,0,0,1,1,1,1785493678
2026-07-31T12:45:21Z,1101,10,5,11,0,0,1,1,1,1785501580
2026-07-31T12:45:21Z,1102,9,4,4,0,0,1,1,1,1785500846
2026-07-31T12:45:21Z,1103,10,5,11,0,0,1,1,1,1785487895
2026-07-31T12:45:21Z,1104,10,5,11,0,0,1,1,1,1785501335
2026-07-31T12:45:21Z,1105,8,4,5,0,0,1,1,1,1785500733
2026-07-31T12:45:21Z,1106,10,5,11,0,0,1,1,1,1785501677
2026-07-31T12:45:21Z,1107,10,5,5,0,0,1,1,1,1785500138
2026-07-31T12:45:21Z,1108,8,4,16,2,1,1,1,1,1785500657
2026-07-31T12:45:21Z,1109,9,4,6,0,0,1,1,1,1785501907
2026-07-31T12:45:21Z,1110,12,4,9,0,0,1,1,1,1785501202
2026-07-31T12:45:21Z,1111,3,2,18,0,0,1,1,1,1785475740
2026-07-31T12:45:21Z,1112,38,0,15,0,0,1,1,1,1785501834
2026-07-31T12:45:21Z,1113,4,0,17,0,0,1,1,1,1785501149
2026-07-31T12:45:21Z,1115,15,4,4,4,0,1,1,1,1785501057
2026-07-31T12:45:21Z,1116,5,1,14,0,0,1,1,1,1785501864
2026-07-31T12:45:21Z,1117,13,5,8,2,0,1,1,1,1785501620
2026-07-31T12:45:21Z,1118,15,0,4,2,0,1,1,1,1785501682
2026-07-31T12:45:21Z,1119,12,0,5,0,0,1,1,1,1785501865
2026-07-31T12:45:21Z,1120,13,0,6,0,0,1,1,1,1785501790
2026-07-31T12:45:21Z,1121,4,2,14,2,1,1,1,1,1785501262
2026-07-31T12:45:21Z,1122,12,8,6,3,0,1,1,1,1785501460
2026-07-31T12:45:21Z,1123,8,5,13,2,0,1,1,1,1785501504
2026-07-31T12:45:21Z,1124,6,1,4,5,0,1,1,1,1785501680
2026-07-31T12:45:21Z,1125,15,1,8,0,0,1,1,1,1785500340
2026-07-31T12:45:21Z,1126,2,1,18,1,0,1,1,1,1785501290
2026-07-31T12:45:21Z,1127,5,0,13,1,0,1,1,1,1785500369
2026-07-31T12:45:21Z,1128,14,2,0,1,0,1,1,1,1785501860
2026-07-31T12:45:21Z,1129,1,1,19,1,0,1,1,1,1785501591
2026-07-31T12:45:21Z,1130,13,0,2,0,0,1,1,1,1785501644
2026-07-31T12:45:21Z,1131,9,1,39,1,0,1,1,1,1785501862
2026-07-31T12:45:21Z,1132,12,4,8,1,0,1,1,1,1785501668
2026-07-31T12:45:21Z,1133,15,11,5,1,0,1,1,1,1785501682
2026-07-31T12:45:21Z,1134,10,5,9,0,0,1,1,1,1785500556
2026-07-31T12:45:21Z,1135,10,5,11,0,0,1,1,1,1785501475
2026-07-31T12:45:21Z,1136,8,0,15,0,0,1,1,1,1785500547
2026-07-31T12:45:21Z,1137,14,0,1,0,0,1,1,1,1785501776
2026-07-31T12:45:21Z,1138,14,0,5,0,0,1,1,1,1785501825
2026-07-31T12:45:21Z,1139,16,4,4,1,0,1,1,1,1785500540
2026-07-31T12:45:21Z,1140,15,1,7,1,0,1,1,1,1785501889
2026-07-31T12:45:21Z,1141,6,1,15,0,0,1,1,1,1785501817
2026-07-31T12:45:21Z,1142,1,0,20,0,0,1,1,1,1785501673
2026-07-31T12:45:21Z,1143,2,0,27,0,0,1,1,1,1785501843
2026-07-31T12:45:21Z,1144,7,1,13,1,0,1,1,1,1785500286
2026-07-31T12:45:21Z,1145,10,5,10,1,0,1,1,1,1785500437
2026-07-31T12:45:21Z,1146,7,3,11,1,0,1,1,1,1785501867
2026-07-31T12:45:21Z,1147,6,1,13,0,0,1,1,1,1785501789
2026-07-31T12:45:21Z,1148,1,1,30,0,0,1,1,1,1785501913
2026-07-31T12:45:21Z,1149,2,2,23,0,0,1,1,1,1785501531
2026-07-31T12:45:21Z,1150,16,1,3,0,0,1,1,1,1785501830
2026-07-31T12:45:21Z,1151,14,0,7,0,0,1,1,1,1785501802
2026-07-31T12:45:21Z,1152,21,0,8,0,0,1,1,1,1785501913
2026-07-31T12:45:21Z,1153,20,6,2,1,0,1,1,1,1785500591
2026-07-31T12:45:21Z,1154,15,1,4,0,0,1,1,1,1785501289
2026-07-31T12:45:21Z,1155,14,6,5,2,0,1,1,1,1785501863
2026-07-31T12:45:21Z,1158,3,0,15,1,0,1,1,1,1785501753
2026-07-31T12:45:21Z,1159,13,1,6,0,0,1,1,1,1785500293
2026-07-31T12:45:21Z,1160,8,1,10,1,0,1,1,1,1785501199
2026-07-31T12:45:21Z,1161,4,0,14,1,0,1,1,1,1785500431
2026-07-31T12:45:21Z,1162,0,0,19,0,0,1,1,1,1785501653
2026-07-31T12:45:21Z,1163,1,1,17,1,0,1,1,1,1785501871
2026-07-31T12:45:21Z,1164,6,1,13,0,0,1,1,1,1785500113
2026-07-31T12:45:21Z,1165,5,0,16,0,0,1,1,1,1785500851
2026-07-31T12:45:21Z,1166,12,2,8,1,0,1,1,1,1785500366
2026-07-31T12:45:21Z,1167,4,0,11,0,0,1,1,1,1785501628
2026-07-31T12:45:21Z,1168,1,1,21,1,0,1,1,1,1785500317
2026-07-31T12:45:21Z,1169,3,0,15,1,0,1,1,1,1785501775
2026-07-31T12:45:21Z,1170,6,0,14,1,0,1,1,1,1785500337
2026-07-31T12:45:21Z,1171,8,7,15,0,0,1,1,1,1785501833
2026-07-31T12:45:21Z,1172,5,2,8,2,0,1,1,1,1785500236
2026-07-31T12:45:21Z,1173,13,5,6,0,0,1,1,1,1785500212
2026-07-31T12:45:21Z,1174,6,3,9,0,0,1,1,1,1785501697
2026-07-31T12:45:21Z,1175,4,2,15,0,0,1,1,1,1785498199
2026-07-31T12:45:21Z,1176,19,1,2,0,0,1,1,1,1785501235
2026-07-31T12:45:21Z,1177,3,1,18,0,0,1,1,1,1785501164
2026-07-31T12:45:21Z,1178,3,1,12,0,0,1,1,1,1785501657
2026-07-31T12:45:21Z,1181,8,0,6,1,0,1,1,1,1785501905
2026-07-31T12:45:21Z,1182,9,0,11,0,0,1,1,1,1785501541
2026-07-31T12:45:21Z,1183,17,3,25,3,0,1,1,1,1785501778
2026-07-31T12:45:21Z,1184,1,1,18,2,0,1,1,1,1785501472
2026-07-31T12:45:21Z,1185,9,5,12,0,0,1,1,1,1785501720
2026-07-31T12:45:21Z,1186,9,5,10,0,0,1,1,1,1785500480
2026-07-31T12:45:21Z,1187,10,5,10,1,0,1,1,1,1785500808
2026-07-31T12:45:21Z,1188,10,5,5,0,0,1,1,1,1785500145
2026-07-31T12:45:21Z,1189,10,5,9,0,0,1,1,1,1785501462
2026-07-31T12:45:21Z,1190,9,4,12,0,0,1,1,1,1785501454
2026-07-31T12:45:21Z,1191,10,5,5,0,0,1,1,1,1785500150
2026-07-31T12:45:21Z,1192,10,6,10,1,0,1,1,1,1785501824
2026-07-31T12:45:21Z,1193,6,4,5,2,0,1,1,1,1785501006
2026-07-31T12:45:21Z,1197,8,6,8,1,0,1,1,1,1785501691
2026-07-31T12:45:21Z,1198,14,4,5,2,0,1,1,1,1785500533
2026-07-31T12:45:21Z,1199,2,0,17,0,0,1,1,1,1785500550
2026-07-31T12:45:21Z,1200,10,5,5,0,0,1,1,1,1785500187
2026-07-31T12:45:21Z,1201,10,5,5,0,0,1,1,1,1785500163
2026-07-31T12:45:21Z,1202,10,5,5,0,0,1,1,1,1785500265
2026-07-31T12:45:21Z,1203,10,5,5,0,0,1,1,1,1785500163
2026-07-31T12:45:21Z,1204,8,4,11,0,0,1,1,1,1785501730
2026-07-31T12:45:21Z,1206,11,5,10,0,0,1,1,1,1785500952
2026-07-31T12:45:21Z,1207,8,4,6,1,0,1,1,1,1785500477
2026-07-31T12:45:21Z,1208,9,4,10,0,0,1,1,1,1785500394
2026-07-31T12:45:21Z,1216,8,0,12,1,0,1,1,1,1785501180
2026-07-31T12:45:21Z,1218,4,0,17,0,0,1,1,1,1785501574
2026-07-31T12:45:21Z,1219,6,1,8,1,0,1,1,1,1785501426
2026-07-31T12:45:21Z,1220,14,7,4,1,0,1,1,1,1785501290
2026-07-31T12:45:21Z,1221,1,1,19,1,0,1,1,1,1785500887
2026-07-31T12:45:21Z,1222,24,0,5,0,0,1,1,1,1785501853
2026-07-31T12:45:21Z,1223,18,2,11,0,0,1,1,1,1785501827
2026-07-31T12:45:21Z,1226,0,0,3,0,0,0,1,1,1781868931
2026-07-31T12:45:21Z,1227,17,1,8,0,0,1,1,1,1785501660
2026-07-31T12:45:21Z,1228,19,1,10,0,0,1,1,1,1785501711
2026-07-31T12:45:21Z,1229,32,2,12,1,0,1,1,1,1785501745
2026-07-31T12:50:21Z,1,4,2,19,0,0,1,1,1,1785501748
2026-07-31T12:50:21Z,2,11,0,14,2,0,1,1,1,1785501588
2026-07-31T12:50:21Z,3,9,2,4,1,0,1,1,1,1785500832
2026-07-31T12:50:21Z,4,8,0,13,1,0,1,1,1,1785501876
2026-07-31T12:50:21Z,5,11,3,11,1,0,1,1,1,1785497818
2026-07-31T12:50:21Z,6,3,0,12,0,0,1,1,1,1785501187
2026-07-31T12:50:21Z,7,4,0,35,0,0,1,1,1,1785500459
2026-07-31T12:50:21Z,8,5,0,38,0,0,1,1,1,1785502187
2026-07-31T12:50:21Z,9,7,2,16,0,0,1,1,1,1785501340
2026-07-31T12:50:21Z,10,0,0,21,2,0,1,1,1,1785500952
2026-07-31T12:50:21Z,11,14,5,4,1,0,1,1,1,1785501969
2026-07-31T12:50:21Z,12,2,1,21,0,0,1,1,1,1785502206
2026-07-31T12:50:21Z,13,1,0,29,0,0,1,1,1,1785501413
2026-07-31T12:50:21Z,14,18,0,24,0,1,1,1,1,1785502194
2026-07-31T12:50:21Z,15,1,0,14,0,0,1,1,1,1785500656
2026-07-31T12:50:21Z,16,8,0,16,2,1,1,1,1,1785487292
2026-07-31T12:50:21Z,17,2,0,24,1,0,1,1,1,1785502089
2026-07-31T12:50:21Z,18,5,0,11,2,0,1,1,1,1785501863
2026-07-31T12:50:21Z,19,12,3,14,1,0,1,1,1,1785502067
2026-07-31T12:50:21Z,20,24,0,11,0,0,1,1,1,1785501988
2026-07-31T12:50:21Z,21,14,1,3,2,0,1,1,1,1785502133
2026-07-31T12:50:21Z,22,26,0,38,1,0,1,1,1,1785501181
2026-07-31T12:50:21Z,23,20,8,11,0,0,1,1,1,1785501581
2026-07-31T12:50:21Z,24,3,2,6,2,0,1,1,1,1785502209
2026-07-31T12:50:21Z,25,13,3,66,1,1,1,1,1,1785502213
2026-07-31T12:50:21Z,26,8,2,19,0,0,1,1,1,1785501940
2026-07-31T12:50:21Z,28,10,1,5,0,0,1,1,1,1785501581
2026-07-31T12:50:21Z,30,10,4,18,1,0,1,1,1,1785502073
2026-07-31T12:50:21Z,31,3,1,15,1,0,1,1,1,1785502180
2026-07-31T12:50:21Z,32,20,0,7,0,0,1,1,1,1785502170
2026-07-31T12:50:21Z,34,11,4,25,1,0,1,1,1,1785502174
2026-07-31T12:50:21Z,35,25,4,20,2,0,1,1,1,1785502187
2026-07-31T12:50:21Z,36,0,0,0,0,0,0,1,1,86400
2026-07-31T12:50:21Z,37,4,0,19,0,0,1,1,1,1785502131
2026-07-31T12:50:21Z,38,17,3,6,0,0,1,1,1,1785501864
2026-07-31T12:50:21Z,39,21,3,18,0,0,1,1,1,1785500283
2026-07-31T12:50:21Z,40,5,0,16,0,0,1,1,1,1785502213
2026-07-31T12:50:21Z,41,10,2,32,1,0,1,1,1,1785502164
2026-07-31T12:50:21Z,42,21,7,10,0,0,1,1,1,1785502208
2026-07-31T12:50:21Z,43,2,0,21,0,0,1,1,1,1785502105
2026-07-31T12:50:21Z,45,15,3,13,1,0,1,1,1,1785502145
2026-07-31T12:50:21Z,46,4,0,26,1,0,1,1,1,1785502142
2026-07-31T12:50:21Z,47,12,7,2,1,0,1,1,1,1785501887
2026-07-31T12:50:21Z,48,10,0,17,0,0,1,1,1,1785502089
2026-07-31T12:50:21Z,49,18,0,3,2,0,1,1,1,1785502213
2026-07-31T12:50:21Z,50,17,10,2,0,0,1,1,1,1785502073
2026-07-31T12:50:21Z,51,42,0,35,0,0,1,1,1,1785500404
2026-07-31T12:50:21Z,52,7,1,17,3,0,1,1,1,1785502138
2026-07-31T12:50:21Z,55,7,0,16,0,0,1,1,1,1785501917
2026-07-31T12:50:21Z,56,3,0,39,1,0,1,1,1,1785501974
2026-07-31T12:50:21Z,57,5,2,22,0,0,1,1,1,1785501629
2026-07-31T12:50:21Z,58,11,2,17,0,0,1,1,1,1785502162
2026-07-31T12:50:21Z,59,13,5,12,2,0,1,1,1,1785502201
2026-07-31T12:50:21Z,61,7,1,32,0,0,1,1,1,1785501708
2026-07-31T12:50:21Z,62,16,4,33,0,0,1,1,1,1785502207
2026-07-31T12:50:21Z,63,4,1,15,0,0,1,1,1,1785501966
2026-07-31T12:50:21Z,64,11,1,4,4,0,1,1,1,1785497923
2026-07-31T12:50:21Z,65,16,8,2,1,0,1,1,1,1785500458
2026-07-31T12:50:21Z,67,5,1,34,0,0,1,1,1,1785502088
2026-07-31T12:50:21Z,68,2,0,35,0,0,1,1,1,1785502163
2026-07-31T12:50:21Z,69,9,0,6,0,0,1,1,1,1785502126
2026-07-31T12:50:21Z,71,6,0,20,1,0,1,1,1,1785502096
2026-07-31T12:50:21Z,72,27,6,1,2,1,1,1,1,1785502062
2026-07-31T12:50:21Z,73,30,5,1,0,0,1,1,1,1785501918
2026-07-31T12:50:21Z,74,1,1,18,0,0,1,1,1,1785501382
2026-07-31T12:50:21Z,75,2,0,29,1,0,1,1,1,1785501477
2026-07-31T12:50:21Z,76,10,1,8,1,0,1,1,1,1785502212
2026-07-31T12:50:21Z,77,21,1,5,1,0,1,1,1,1785502051
2026-07-31T12:50:21Z,78,9,6,13,1,0,1,1,1,1785501932
2026-07-31T12:50:21Z,79,1,0,15,1,0,1,1,1,1785502054
2026-07-31T12:50:21Z,80,17,1,3,3,0,1,1,1,1785502131
2026-07-31T12:50:21Z,81,3,1,28,0,0,1,1,1,1785502031
2026-07-31T12:50:21Z,82,15,0,8,0,0,1,1,1,1785501861
2026-07-31T12:50:21Z,83,2,0,30,2,0,1,1,1,1785502207
2026-07-31T12:50:21Z,84,17,0,10,0,0,1,1,1,1785502195
2026-07-31T12:50:21Z,85,7,1,8,0,0,1,1,1,1785501696
2026-07-31T12:50:21Z,86,23,0,3,1,0,1,1,1,1785501442
2026-07-31T12:50:21Z,87,19,0,0,0,0,1,1,1,1785501816
2026-07-31T12:50:21Z,88,7,0,35,1,0,1,1,1,1785501712
2026-07-31T12:50:21Z,89,0,0,35,0,0,1,1,1,1785500555
2026-07-31T12:50:21Z,90,2,0,14,2,0,1,1,1,1785502208
2026-07-31T12:50:21Z,91,15,0,2,0,0,1,1,1,1785501068
2026-07-31T12:50:21Z,92,2,1,14,3,0,1,1,1,1785502148
2026-07-31T12:50:21Z,93,0,0,23,0,0,1,1,1,1785498071
2026-07-31T12:50:21Z,94,7,0,11,1,0,1,1,1,1785501462
2026-07-31T12:50:21Z,95,19,1,14,1,1,1,1,1,1785502077
2026-07-31T12:50:21Z,96,24,0,6,1,0,1,1,1,1785501664
2026-07-31T12:50:21Z,97,0,0,16,1,0,1,1,1,1785501922
2026-07-31T12:50:21Z,98,29,0,6,0,0,1,1,1,1785501510
2026-07-31T12:50:21Z,99,0,0,15,0,0,1,1,1,1785501758
2026-07-31T12:50:21Z,100,0,0,27,0,0,1,1,1,1785502069
2026-07-31T12:50:21Z,101,1,0,12,2,0,1,1,1,1785501948
2026-07-31T12:50:21Z,102,1,0,22,0,0,1,1,1,1785501060
2026-07-31T12:50:21Z,103,10,0,19,1,0,1,1,1,1785502183
2026-07-31T12:50:21Z,104,2,1,23,2,0,1,1,1,1785502213
2026-07-31T12:50:21Z,105,14,1,5,0,0,1,1,1,1785495616
2026-07-31T12:50:21Z,106,1,1,20,0,0,1,1,1,1785502125
2026-07-31T12:50:21Z,107,8,4,29,0,0,1,1,1,1785502208
2026-07-31T12:50:21Z,108,2,0,33,0,0,1,1,1,1785502070
2026-07-31T12:50:21Z,109,0,0,22,1,0,1,1,1,1785501922
2026-07-31T12:50:21Z,110,8,0,15,0,0,1,1,1,1785501870
2026-07-31T12:50:21Z,111,6,1,30,0,0,1,1,1,1785501700
2026-07-31T12:50:21Z,112,0,0,14,1,0,1,1,1,1785499421
2026-07-31T12:50:21Z,113,6,0,11,2,0,1,1,1,1785502077
2026-07-31T12:50:21Z,114,25,6,4,1,1,1,1,1,1785502184
2026-07-31T12:50:21Z,115,20,3,7,1,0,1,1,1,1785501977
2026-07-31T12:50:21Z,116,19,8,7,1,0,1,1,1,1785501605
2026-07-31T12:50:21Z,118,13,3,8,2,0,1,1,1,1785501756
2026-07-31T12:50:21Z,119,14,0,20,4,0,1,1,1,1785501885
2026-07-31T12:50:21Z,120,14,0,12,1,0,1,1,1,1785501908
2026-07-31T12:50:21Z,121,0,0,17,1,1,1,1,1,1785502180
2026-07-31T12:50:21Z,122,7,3,14,0,0,1,1,1,1785501458
2026-07-31T12:50:21Z,123,8,3,39,0,0,1,1,1,1785502178
2026-07-31T12:50:21Z,124,15,0,20,0,0,1,1,1,1785502032
2026-07-31T12:50:21Z,125,9,3,13,1,0,1,1,1,1785501823
2026-07-31T12:50:21Z,126,22,2,9,0,0,1,1,1,1785500769
2026-07-31T12:50:21Z,127,23,0,10,2,0,1,1,1,1785502201
2026-07-31T12:50:21Z,128,10,0,9,0,0,1,1,1,1785502116
2026-07-31T12:50:21Z,129,11,0,6,2,0,1,1,1,1785500333
2026-07-31T12:50:21Z,130,6,1,11,0,0,1,1,1,1785501351
2026-07-31T12:50:21Z,131,5,3,4,2,0,1,1,1,1785501809
2026-07-31T12:50:21Z,132,11,4,2,1,1,1,1,1,1785500982
2026-07-31T12:50:21Z,134,6,0,13,4,0,1,1,1,1785502185
2026-07-31T12:50:21Z,135,5,3,13,1,0,1,1,1,1785502122
2026-07-31T12:50:21Z,136,5,0,9,2,7,1,1,1,1785502142
2026-07-31T12:50:21Z,137,10,2,9,0,0,1,1,1,1785502180
2026-07-31T12:50:21Z,138,30,0,7,0,0,1,1,1,1785502161
2026-07-31T12:50:21Z,139,1,0,17,1,0,1,1,1,1785502107
2026-07-31T12:50:21Z,140,1,1,21,1,0,1,1,1,1785502213
2026-07-31T12:50:21Z,141,22,0,14,0,0,1,1,1,1785502178
2026-07-31T12:50:21Z,142,13,0,10,0,0,1,1,1,1785501672
2026-07-31T12:50:21Z,143,1,0,30,0,0,1,1,1,1785501615
2026-07-31T12:50:21Z,144,12,1,15,0,0,1,1,1,1785501970
2026-07-31T12:50:21Z,146,4,1,18,1,0,1,1,1,1785502033
2026-07-31T12:50:21Z,147,13,1,4,2,0,1,1,1,1785502159
2026-07-31T12:50:21Z,148,11,2,15,0,1,1,1,1,1785502213
2026-07-31T12:50:21Z,149,16,2,11,0,0,1,1,1,1785501884
2026-07-31T12:50:21Z,150,20,6,12,3,0,1,1,1,1785502174
2026-07-31T12:50:21Z,151,9,2,14,0,0,1,1,1,1785501585
2026-07-31T12:50:21Z,152,13,1,10,3,0,1,1,1,1785502128
2026-07-31T12:50:21Z,153,1,0,24,6,0,1,1,1,1785502110
2026-07-31T12:50:21Z,154,15,3,4,4,0,1,1,1,1785502174
2026-07-31T12:50:21Z,155,8,3,5,1,0,1,1,1,1785502156
2026-07-31T12:50:21Z,156,2,0,17,0,0,1,1,1,1785501958
2026-07-31T12:50:21Z,157,4,1,21,2,0,1,1,1,1785502088
2026-07-31T12:50:21Z,158,7,1,9,0,0,1,1,1,1785501917
2026-07-31T12:50:21Z,159,0,0,19,0,0,1,1,1,1785497085
2026-07-31T12:50:21Z,160,5,0,14,0,0,1,1,1,1785502133
2026-07-31T12:50:21Z,161,15,0,7,0,0,1,1,1,1785502104
2026-07-31T12:50:21Z,162,14,1,12,1,0,1,1,1,1785502185
2026-07-31T12:50:21Z,163,12,0,18,0,1,1,1,1,1785502132
2026-07-31T12:50:21Z,164,24,4,3,0,0,1,1,1,1785502092
2026-07-31T12:50:21Z,165,19,12,11,1,0,1,1,1,1785502213
2026-07-31T12:50:21Z,166,21,6,15,3,0,1,1,1,1785502205
2026-07-31T12:50:21Z,167,4,2,18,1,0,1,1,1,1785502121
2026-07-31T12:50:21Z,168,23,3,1,3,0,1,1,1,1785502209
2026-07-31T12:50:21Z,169,2,0,19,1,1,1,1,1,1785502137
2026-07-31T12:50:21Z,170,10,3,8,1,0,1,1,1,1785502099
2026-07-31T12:50:21Z,171,7,2,4,2,0,1,1,1,1785502116
2026-07-31T12:50:21Z,173,29,0,10,0,0,1,1,1,1785502063
2026-07-31T12:50:21Z,174,11,0,13,2,0,1,1,1,1785502107
2026-07-31T12:50:21Z,175,12,0,19,0,0,1,1,1,1785502167
2026-07-31T12:50:21Z,176,2,0,10,2,1,1,1,1,1785502150
2026-07-31T12:50:21Z,177,18,4,9,0,0,1,1,1,1785502097
2026-07-31T12:50:21Z,178,0,0,12,2,1,1,1,1,1785502214
2026-07-31T12:50:21Z,179,2,0,11,2,0,1,1,1,1785502083
2026-07-31T12:50:21Z,180,10,0,20,0,0,1,1,1,1785502199
2026-07-31T12:50:21Z,181,12,1,3,0,0,1,1,1,1785502116
2026-07-31T12:50:21Z,182,3,0,14,0,0,1,1,1,1785502182
2026-07-31T12:50:21Z,183,13,0,9,1,0,1,1,1,1785501904
2026-07-31T12:50:21Z,184,17,1,5,1,0,1,1,1,1785502213
2026-07-31T12:50:21Z,185,10,0,2,2,1,1,1,1,1785501349
2026-07-31T12:50:21Z,186,3,2,16,0,0,1,1,1,1785502060
2026-07-31T12:50:21Z,187,12,0,15,1,0,1,1,1,1785501754
2026-07-31T12:50:21Z,188,1,0,18,7,1,1,1,1,1785502138
2026-07-31T12:50:21Z,189,5,0,9,1,0,1,1,1,1785501491
2026-07-31T12:50:21Z,190,10,5,13,0,0,1,1,1,1785502147
2026-07-31T12:50:21Z,191,8,1,31,0,0,1,1,1,1785502180
2026-07-31T12:50:21Z,192,7,1,21,3,0,1,1,1,1785501917
2026-07-31T12:50:21Z,193,6,3,9,0,0,1,1,1,1785501702
2026-07-31T12:50:21Z,194,16,2,10,1,0,1,1,1,1785502157
2026-07-31T12:50:21Z,195,7,2,12,0,0,1,1,1,1785501804
2026-07-31T12:50:21Z,196,3,1,23,1,0,1,1,1,1785501730
2026-07-31T12:50:21Z,197,15,8,3,0,1,1,1,1,1785501940
2026-07-31T12:50:21Z,198,13,12,10,0,0,1,1,1,1785502193
2026-07-31T12:50:21Z,199,5,4,9,1,0,1,1,1,1785502070
2026-07-31T12:50:21Z,200,17,1,8,1,0,1,1,1,1785501983
2026-07-31T12:50:21Z,201,17,3,6,0,0,1,1,1,1785501988
2026-07-31T12:50:21Z,202,1,1,26,0,0,1,1,1,1785502211
2026-07-31T12:50:21Z,203,26,2,4,1,0,1,1,1,1785501750
2026-07-31T12:50:21Z,204,10,0,23,2,0,1,1,1,1785502206
2026-07-31T12:50:21Z,205,10,1,17,0,0,1,1,1,1785502079
2026-07-31T12:50:21Z,206,1,1,14,0,0,1,1,1,1785501631
2026-07-31T12:50:21Z,207,8,0,13,0,0,1,1,1,1785502078
2026-07-31T12:50:21Z,208,17,3,12,0,0,1,1,1,1785502037
2026-07-31T12:50:21Z,209,1,0,28,2,0,1,1,1,1785502180
2026-07-31T12:50:21Z,210,16,1,11,0,0,1,1,1,1785502200
2026-07-31T12:50:21Z,211,4,3,18,1,0,1,1,1,1785502186
2026-07-31T12:50:21Z,212,22,1,12,1,0,1,1,1,1785501937
2026-07-31T12:50:21Z,213,2,0,19,2,0,1,1,1,1785502158
2026-07-31T12:50:21Z,214,38,1,5,4,0,1,1,1,1785502133
2026-07-31T12:50:21Z,215,7,3,15,1,0,1,1,1,1785502076
2026-07-31T12:50:21Z,216,4,1,13,2,0,1,1,1,1785501848
2026-07-31T12:50:21Z,217,8,0,20,1,0,1,1,1,1785502203
2026-07-31T12:50:21Z,218,19,6,19,1,0,1,1,1,1785502177
2026-07-31T12:50:21Z,219,19,1,5,2,0,1,1,1,1785502044
2026-07-31T12:50:21Z,220,14,5,27,1,1,1,1,1,1785502090
2026-07-31T12:50:21Z,221,2,2,12,1,0,1,1,1,1785501768
2026-07-31T12:50:21Z,222,7,6,11,1,0,1,1,1,1785501933
2026-07-31T12:50:21Z,223,15,1,15,5,0,1,1,1,1785501926
2026-07-31T12:50:21Z,224,2,2,20,0,0,1,1,1,1785502163
2026-07-31T12:50:21Z,225,12,1,1,6,0,1,1,1,1785498882
2026-07-31T12:50:21Z,226,28,8,2,1,0,1,1,1,1785502158
2026-07-31T12:50:21Z,227,11,10,13,2,1,1,1,1,1785502021
2026-07-31T12:50:21Z,228,1,0,17,1,0,1,1,1,1785500192
2026-07-31T12:50:21Z,230,9,4,17,0,0,1,1,1,1785502189
2026-07-31T12:50:21Z,232,4,3,12,1,0,1,1,1,1785501802
2026-07-31T12:50:21Z,233,14,1,15,2,0,1,1,1,1785502144
2026-07-31T12:50:21Z,234,7,3,7,3,2,1,1,1,1785502042
2026-07-31T12:50:21Z,236,6,1,13,0,0,1,1,1,1785500369
2026-07-31T12:50:21Z,237,10,3,12,1,0,1,1,1,1785501949
2026-07-31T12:50:21Z,239,19,15,5,3,0,1,1,1,1785502028
2026-07-31T12:50:21Z,241,10,2,11,2,0,1,1,1,1785502004
2026-07-31T12:50:21Z,242,5,1,16,2,0,1,1,1,1785502051
2026-07-31T12:50:21Z,243,8,3,22,1,0,1,1,1,1785502150
2026-07-31T12:50:21Z,244,11,4,15,1,0,1,1,1,1785502191
2026-07-31T12:50:21Z,245,4,4,19,0,0,1,1,1,1785498521
2026-07-31T12:50:21Z,246,17,1,6,0,0,1,1,1,1785502051
2026-07-31T12:50:21Z,247,10,8,12,1,0,1,1,1,1785502212
2026-07-31T12:50:21Z,248,15,3,6,2,0,1,1,1,1785502014
2026-07-31T12:50:21Z,249,1,0,17,1,0,1,1,1,1785502020
2026-07-31T12:50:21Z,250,20,8,7,0,0,1,1,1,1785502054
2026-07-31T12:50:21Z,251,11,4,14,2,0,1,1,1,1785501962
2026-07-31T12:50:21Z,253,6,3,13,0,0,1,1,1,1785501980
2026-07-31T12:50:21Z,254,16,15,26,1,0,1,1,1,1785502210
2026-07-31T12:50:21Z,255,0,0,22,0,1,1,1,1,1785502046
2026-07-31T12:50:21Z,256,1,0,19,3,0,1,1,1,1785501810
2026-07-31T12:50:21Z,257,6,4,13,0,0,1,1,1,1785501642
2026-07-31T12:50:21Z,258,9,0,10,0,0,1,1,1,1785502140
2026-07-31T12:50:21Z,259,19,2,2,1,1,1,1,1,1785501737
2026-07-31T12:50:21Z,260,6,2,10,3,0,1,1,1,1785502104
2026-07-31T12:50:21Z,261,12,0,6,0,1,1,1,1,1785502143
2026-07-31T12:50:21Z,262,7,7,15,1,0,1,1,1,1785502143
2026-07-31T12:50:21Z,263,7,0,8,0,0,1,1,1,1785501914
2026-07-31T12:50:21Z,264,6,2,10,3,0,1,1,1,1785502080
2026-07-31T12:50:21Z,265,9,0,6,0,0,1,1,1,1785501990
2026-07-31T12:50:21Z,266,6,6,11,2,0,1,1,1,1785501985
2026-07-31T12:50:21Z,267,6,3,7,2,0,1,1,1,1785500369
2026-07-31T12:50:21Z,268,20,9,3,0,0,1,1,1,1785502035
2026-07-31T12:50:21Z,269,4,2,19,0,0,1,1,1,1785502165
2026-07-31T12:50:21Z,270,23,2,4,0,0,1,1,1,1785501976
2026-07-31T12:50:21Z,271,5,0,12,2,0,1,1,1,1785500412
2026-07-31T12:50:21Z,272,10,8,12,1,0,1,1,1,1785502203
2026-07-31T12:50:21Z,273,7,3,8,0,0,1,1,1,1785501415
2026-07-31T12:50:21Z,274,10,5,8,1,0,1,1,1,1785501455
2026-07-31T12:50:21Z,275,2,0,21,0,0,1,1,1,1785501965
2026-07-31T12:50:21Z,276,4,4,23,0,0,1,1,1,1785501319
2026-07-31T12:50:21Z,277,15,3,3,5,0,1,1,1,1785502180
2026-07-31T12:50:21Z,278,0,0,28,2,1,1,1,1,1785501863
2026-07-31T12:50:21Z,279,17,2,2,0,0,1,1,1,1785502213
2026-07-31T12:50:21Z,280,10,2,19,2,0,1,1,1,1785502169
2026-07-31T12:50:21Z,281,14,0,5,0,0,1,1,1,1785501858
2026-07-31T12:50:21Z,282,6,2,12,0,0,1,1,1,1785500800
2026-07-31T12:50:21Z,283,27,0,8,0,0,1,1,1,1785501629
2026-07-31T12:50:21Z,284,7,0,26,2,0,1,1,1,1785502045
2026-07-31T12:50:21Z,285,7,7,16,0,0,1,1,1,1785501660
2026-07-31T12:50:21Z,286,11,9,8,4,0,1,1,1,1785502118
2026-07-31T12:50:21Z,287,16,5,5,2,0,1,1,1,1785502074
2026-07-31T12:50:21Z,288,4,4,14,1,0,1,1,1,1785502212
2026-07-31T12:50:21Z,289,17,2,7,3,0,1,1,1,1785501896
2026-07-31T12:50:21Z,290,8,0,30,1,0,1,1,1,1785502040
2026-07-31T12:50:21Z,291,7,0,15,1,0,1,1,1,1785502190
2026-07-31T12:50:21Z,292,19,0,4,0,0,1,1,1,1785502071
2026-07-31T12:50:21Z,293,13,10,10,0,0,1,1,1,1785501864
2026-07-31T12:50:21Z,294,4,3,17,1,0,1,1,1,1785502140
2026-07-31T12:50:21Z,297,4,1,13,1,1,1,1,1,1785502204
2026-07-31T12:50:21Z,301,7,1,12,0,0,1,1,1,1785502109
2026-07-31T12:50:21Z,302,7,1,16,0,0,1,1,1,1785501888
2026-07-31T12:50:21Z,303,9,0,10,0,0,1,1,1,1785501161
2026-07-31T12:50:21Z,304,0,0,0,0,0,0,1,1,86400
2026-07-31T12:50:21Z,305,1,0,17,1,0,1,1,1,1785502208
2026-07-31T12:50:21Z,306,9,2,23,0,0,1,1,1,1785502164
2026-07-31T12:50:21Z,307,17,0,4,1,1,1,1,1,1785502163
2026-07-31T12:50:21Z,308,15,0,2,2,0,1,1,1,1785502160
2026-07-31T12:50:21Z,309,10,2,4,0,0,1,1,1,1785501570
2026-07-31T12:50:21Z,311,10,0,5,0,0,1,1,1,1785501508
2026-07-31T12:50:21Z,312,2,1,17,4,0,1,1,1,1785502173
2026-07-31T12:50:21Z,313,0,0,15,0,0,1,1,1,1785500768
2026-07-31T12:50:21Z,314,7,4,8,3,0,1,1,1,1785502170
2026-07-31T12:50:21Z,315,18,4,11,2,0,1,1,1,1785501722
2026-07-31T12:50:21Z,316,0,0,24,6,1,1,1,1,1785502131
2026-07-31T12:50:21Z,317,24,6,6,0,1,1,1,1,1785502147
2026-07-31T12:50:21Z,318,15,0,4,0,0,1,1,1,1785501909
2026-07-31T12:50:21Z,319,12,1,10,1,0,1,1,1,1785502143
2026-07-31T12:50:21Z,320,12,4,6,1,0,1,1,1,1785501691
2026-07-31T12:50:21Z,321,9,2,6,4,0,1,1,1,1785501964
2026-07-31T12:50:21Z,322,5,0,24,0,0,1,1,1,1785501752
2026-07-31T12:50:21Z,323,10,0,9,0,0,1,1,1,1785501571
2026-07-31T12:50:21Z,324,19,0,6,2,0,1,1,1,1785502214
2026-07-31T12:50:21Z,325,8,4,17,2,0,1,1,1,1785502129
2026-07-31T12:50:21Z,327,25,1,1,1,0,1,1,1,1785501991
2026-07-31T12:50:21Z,328,11,0,10,1,0,1,1,1,1785502182
2026-07-31T12:50:21Z,329,15,0,2,2,0,1,1,1,1785501426
2026-07-31T12:50:21Z,330,8,1,13,1,0,1,1,1,1785502204
2026-07-31T12:50:21Z,331,8,2,14,1,0,1,1,1,1785501886
2026-07-31T12:50:21Z,332,8,1,9,2,0,1,1,1,1785502066
2026-07-31T12:50:21Z,333,13,2,9,1,0,1,1,1,1785501742
2026-07-31T12:50:21Z,334,9,7,14,0,0,1,1,1,1785502019
2026-07-31T12:50:21Z,335,3,1,19,0,1,1,1,1,1785501684
2026-07-31T12:50:21Z,336,14,2,4,1,0,1,1,1,1785501502
2026-07-31T12:50:21Z,337,11,2,7,5,0,1,1,1,1785502067
2026-07-31T12:50:21Z,338,11,4,7,1,0,1,1,1,1785501773
2026-07-31T12:50:21Z,339,14,9,7,2,0,1,1,1,1785502179
2026-07-31T12:50:21Z,340,8,8,6,1,0,1,1,1,1785501439
2026-07-31T12:50:21Z,341,0,0,19,0,0,1,1,1,1785500249
2026-07-31T12:50:21Z,342,13,5,0,2,0,1,1,1,1785500433
2026-07-31T12:50:21Z,343,18,1,4,1,0,1,1,1,1785501987
2026-07-31T12:50:21Z,344,18,8,5,0,0,1,1,1,1785501802
2026-07-31T12:50:21Z,345,7,1,12,0,0,1,1,1,1785502125
2026-07-31T12:50:21Z,346,10,5,13,0,0,1,1,1,1785500440
2026-07-31T12:50:21Z,347,40,3,4,0,0,1,1,1,1785502132
2026-07-31T12:50:21Z,348,18,2,3,1,1,1,1,1,1785502105
2026-07-31T12:50:21Z,349,10,2,8,1,0,1,1,1,1785501307
2026-07-31T12:50:21Z,350,13,3,12,1,1,1,1,1,1785502077
2026-07-31T12:50:21Z,351,12,2,7,4,0,1,1,1,1785501961
2026-07-31T12:50:21Z,355,17,1,6,0,0,1,1,1,1785501303
2026-07-31T12:50:21Z,356,13,2,5,1,0,1,1,1,1785502209
2026-07-31T12:50:21Z,357,0,0,19,0,0,1,1,1,1785502099
2026-07-31T12:50:21Z,358,15,4,11,1,0,1,1,1,1785501850
2026-07-31T12:50:21Z,359,12,0,15,0,0,1,1,1,1785502214
2026-07-31T12:50:21Z,360,13,2,4,2,0,1,1,1,1785500292
2026-07-31T12:50:21Z,362,9,4,7,3,0,1,1,1,1785502156
2026-07-31T12:50:21Z,363,7,0,20,0,0,1,1,1,1785502173
2026-07-31T12:50:21Z,364,17,4,2,0,0,1,1,1,1785501730
2026-07-31T12:50:21Z,365,8,0,11,4,0,1,1,1,1785501685
2026-07-31T12:50:21Z,366,4,2,15,4,0,1,1,1,1785502076
2026-07-31T12:50:21Z,367,12,7,5,2,0,1,1,1,1785502153
2026-07-31T12:50:21Z,368,17,4,4,2,0,1,1,1,1785500237
2026-07-31T12:50:21Z,370,7,5,20,0,0,1,1,1,1785501250
2026-07-31T12:50:21Z,371,1,0,17,1,0,1,1,1,1785501961
2026-07-31T12:50:21Z,372,4,0,11,0,0,1,1,1,1785501884
2026-07-31T12:50:21Z,373,25,9,1,1,0,1,1,1,1785502168
2026-07-31T12:50:21Z,374,8,4,9,2,0,1,1,1,1785502006
2026-07-31T12:50:21Z,375,15,5,7,5,0,1,1,1,1785502062
2026-07-31T12:50:21Z,376,26,8,9,4,0,1,1,1,1785501515
2026-07-31T12:50:21Z,377,17,7,9,1,0,1,1,1,1785501148
2026-07-31T12:50:21Z,378,14,4,8,1,1,1,1,1,1785501919
2026-07-31T12:50:21Z,379,15,2,12,0,0,1,1,1,1785501965
2026-07-31T12:50:21Z,380,15,5,7,1,0,1,1,1,1785502201
2026-07-31T12:50:21Z,381,0,0,23,0,0,1,1,1,1785501361
2026-07-31T12:50:21Z,383,2,0,12,1,0,1,1,1,1785502154
2026-07-31T12:50:21Z,384,18,0,7,2,0,1,1,1,1785502068
2026-07-31T12:50:21Z,385,14,5,3,1,0,1,1,1,1785501894
2026-07-31T12:50:21Z,387,19,2,4,0,0,1,1,1,1785501500
2026-07-31T12:50:21Z,388,28,2,20,1,0,1,1,1,1785502189
2026-07-31T12:50:21Z,389,7,5,7,1,0,1,1,1,1785501576
2026-07-31T12:50:21Z,390,13,0,22,0,0,1,1,1,1785502190
2026-07-31T12:50:21Z,391,0,0,14,1,0,1,1,1,1785501753
2026-07-31T12:50:21Z,392,1,1,17,1,0,1,1,1,1785502058
2026-07-31T12:50:21Z,393,3,3,5,3,0,1,1,1,1785487292
2026-07-31T12:50:21Z,394,7,5,4,2,0,1,1,1,1785502055
2026-07-31T12:50:21Z,396,19,8,20,3,0,1,1,1,1785502088
2026-07-31T12:50:21Z,397,11,6,20,0,0,1,1,1,1785501884
2026-07-31T12:50:21Z,399,4,0,11,2,0,1,1,1,1785502208
2026-07-31T12:50:21Z,400,12,7,8,3,0,1,1,1,1785501999
2026-07-31T12:50:21Z,401,0,0,31,8,0,1,1,1,1785500791
2026-07-31T12:50:21Z,403,19,1,8,4,0,1,1,1,1785501994
2026-07-31T12:50:21Z,404,1,1,22,0,0,1,1,1,1785501728
2026-07-31T12:50:21Z,406,4,2,30,1,0,1,1,1,1785501477
2026-07-31T12:50:21Z,407,18,3,15,1,0,1,1,1,1785499747
2026-07-31T12:50:21Z,408,17,4,14,2,0,1,1,1,1785501935
2026-07-31T12:50:21Z,409,2,0,18,3,0,1,1,1,1785498301
2026-07-31T12:50:21Z,413,17,3,5,1,0,1,1,1,1785501595
2026-07-31T12:50:21Z,414,5,2,9,1,0,1,1,1,1785502121
2026-07-31T12:50:21Z,417,4,3,14,1,0,1,1,1,1785501744
2026-07-31T12:50:21Z,418,14,0,1,0,0,1,1,1,1785501842
2026-07-31T12:50:21Z,419,11,0,11,1,0,1,1,1,1785500476
2026-07-31T12:50:21Z,421,4,2,15,0,0,1,1,1,1785502192
2026-07-31T12:50:21Z,422,4,4,22,1,0,1,1,1,1785501908
2026-07-31T12:50:21Z,423,2,2,21,0,0,1,1,1,1785500357
2026-07-31T12:50:21Z,424,3,2,9,3,0,1,1,1,1785502202
2026-07-31T12:50:21Z,425,16,0,5,0,1,1,1,1,1785500631
2026-07-31T12:50:21Z,426,15,1,19,3,0,1,1,1,1785502189
2026-07-31T12:50:21Z,427,7,0,7,1,0,1,1,1,1785502018
2026-07-31T12:50:21Z,428,16,2,2,1,0,1,1,1,1785501930
2026-07-31T12:50:21Z,429,4,2,17,2,0,1,1,1,1785501077
2026-07-31T12:50:21Z,430,27,1,2,2,0,1,1,1,1785502206
2026-07-31T12:50:21Z,431,18,1,14,1,0,1,1,1,1785501927
2026-07-31T12:50:21Z,432,14,0,15,2,0,0,1,1,1785502209
2026-07-31T12:50:21Z,433,17,5,4,2,0,1,1,1,1785500391
2026-07-31T12:50:21Z,437,6,3,12,1,0,1,1,1,1785501913
2026-07-31T12:50:21Z,438,17,1,1,1,0,1,1,1,1785502159
2026-07-31T12:50:21Z,439,1,0,14,0,0,1,1,1,1785502166
2026-07-31T12:50:21Z,440,13,1,0,2,0,1,1,1,1785501892
2026-07-31T12:50:21Z,441,13,3,1,1,0,1,1,1,1785501818
2026-07-31T12:50:21Z,442,17,9,1,1,0,1,1,1,1785501379
2026-07-31T12:50:21Z,443,4,2,23,0,0,1,1,1,1785485488
2026-07-31T12:50:21Z,444,5,2,18,0,0,1,1,1,1785502003
2026-07-31T12:50:21Z,445,7,2,15,1,0,1,1,1,1785502069
2026-07-31T12:50:21Z,446,1,1,21,1,0,1,1,1,1785500858
2026-07-31T12:50:21Z,447,3,0,18,1,1,1,1,1,1785496389
2026-07-31T12:50:21Z,448,7,2,7,1,0,1,1,1,1785501220
2026-07-31T12:50:21Z,452,4,4,14,1,0,1,1,1,1785501852
2026-07-31T12:50:21Z,453,4,4,10,1,0,1,1,1,1785501690
2026-07-31T12:50:21Z,454,6,0,13,0,0,1,1,1,1785502062
2026-07-31T12:50:21Z,455,5,2,33,1,0,1,1,1,1785501935
2026-07-31T12:50:21Z,456,3,0,16,1,0,1,1,1,1785501998
2026-07-31T12:50:21Z,457,25,2,0,2,0,1,1,1,1785501984
2026-07-31T12:50:21Z,458,11,4,12,0,0,1,1,1,1785501652
2026-07-31T12:50:21Z,459,13,0,2,0,0,1,1,1,1785502014
2026-07-31T12:50:21Z,460,13,0,9,1,0,1,1,1,1785501783
2026-07-31T12:50:21Z,461,11,2,8,0,0,1,1,1,1785501912
2026-07-31T12:50:21Z,462,17,2,4,0,0,1,1,1,1785501943
2026-07-31T12:50:21Z,463,9,0,10,0,0,1,1,1,1785499420
2026-07-31T12:50:21Z,464,0,0,14,0,0,1,1,1,1785499858
2026-07-31T12:50:21Z,465,0,0,14,1,0,1,1,1,1785502021
2026-07-31T12:50:21Z,466,10,1,1,5,0,1,1,1,1785502177
2026-07-31T12:50:21Z,467,2,1,17,0,0,1,1,1,1785500498
2026-07-31T12:50:21Z,468,17,1,1,1,0,1,1,1,1785485789
2026-07-31T12:50:21Z,469,2,0,21,0,0,1,1,1,1785501440
2026-07-31T12:50:21Z,470,9,2,5,1,0,1,1,1,1785502180
2026-07-31T12:50:21Z,471,24,2,3,0,0,1,1,1,1785501326
2026-07-31T12:50:21Z,472,8,3,10,1,0,1,1,1,1785502123
2026-07-31T12:50:21Z,473,17,3,1,1,0,1,1,1,1785501604
2026-07-31T12:50:21Z,474,14,0,5,0,0,1,1,1,1785501824
2026-07-31T12:50:21Z,475,7,2,12,0,0,1,1,1,1785502044
2026-07-31T12:50:21Z,477,2,1,11,2,0,1,1,1,1785501824
2026-07-31T12:50:21Z,478,16,0,14,1,0,1,1,1,1785502130
2026-07-31T12:50:21Z,479,2,0,24,1,0,1,1,1,1785502160
2026-07-31T12:50:21Z,480,2,0,11,2,0,1,1,1,1785501665
2026-07-31T12:50:21Z,481,3,0,31,1,0,1,1,1,1785502210
2026-07-31T12:50:21Z,482,11,6,8,0,0,1,1,1,1785501435
2026-07-31T12:50:21Z,483,3,0,22,2,0,1,1,1,1785502106
2026-07-31T12:50:21Z,484,0,0,18,1,0,1,1,1,1785501929
2026-07-31T12:50:21Z,485,14,6,3,1,1,1,1,1,1785502177
2026-07-31T12:50:21Z,486,3,3,21,3,0,1,1,1,1785502179
2026-07-31T12:50:21Z,487,0,0,18,1,0,1,1,1,1785499667
2026-07-31T12:50:21Z,489,3,2,12,0,0,1,1,1,1785501947
2026-07-31T12:50:21Z,490,4,2,12,0,0,1,1,1,1785502067
2026-07-31T12:50:21Z,491,7,2,14,0,0,1,1,1,1785501550
2026-07-31T12:50:21Z,492,2,2,5,4,0,1,1,1,1785502212
2026-07-31T12:50:21Z,493,4,1,22,1,0,1,1,1,1785502102
2026-07-31T12:50:21Z,495,8,0,4,3,0,1,1,1,1785500279
2026-07-31T12:50:21Z,496,19,0,7,1,0,1,1,1,1785502108
2026-07-31T12:50:21Z,497,5,0,13,1,0,1,1,1,1785501699
2026-07-31T12:50:21Z,498,2,0,21,0,0,1,1,1,1785502167
2026-07-31T12:50:21Z,499,14,0,3,2,0,1,1,1,1785502117
2026-07-31T12:50:21Z,500,7,5,6,2,0,1,1,1,1785501987
2026-07-31T12:50:21Z,501,14,7,7,0,0,1,1,1,1785501639
2026-07-31T12:50:21Z,502,11,1,8,0,0,1,1,1,1785501959
2026-07-31T12:50:21Z,503,11,0,19,1,0,1,1,1,1785502204
2026-07-31T12:50:21Z,504,15,3,24,0,0,1,1,1,1785502049
2026-07-31T12:50:21Z,505,0,0,11,1,0,1,1,1,1785502036
2026-07-31T12:50:21Z,511,8,3,15,0,0,1,1,1,1785501941
2026-07-31T12:50:21Z,512,19,0,8,0,0,1,1,1,1785502191
2026-07-31T12:50:21Z,514,2,0,8,1,0,1,1,1,1785501751
2026-07-31T12:50:21Z,515,0,0,19,0,0,1,1,1,1785502093
2026-07-31T12:50:21Z,516,12,1,15,0,0,1,1,1,1785501715
2026-07-31T12:50:21Z,517,11,1,11,1,0,1,1,1,1785501320
2026-07-31T12:50:21Z,518,13,0,1,1,0,1,1,1,1785499590
2026-07-31T12:50:21Z,519,2,0,15,2,0,1,1,1,1785497842
2026-07-31T12:50:21Z,520,12,6,9,5,1,1,1,1,1785502211
2026-07-31T12:50:21Z,521,15,4,8,0,0,1,1,1,1785501962
2026-07-31T12:50:21Z,522,0,0,22,1,0,1,1,1,1785502007
2026-07-31T12:50:21Z,523,4,3,18,1,0,1,1,1,1785501535
2026-07-31T12:50:21Z,524,2,0,21,0,0,1,1,1,1785502173
2026-07-31T12:50:21Z,525,2,0,17,0,0,1,1,1,1785502018
2026-07-31T12:50:21Z,526,12,1,1,2,0,1,1,1,1785501355
2026-07-31T12:50:21Z,527,6,3,17,3,0,1,1,1,1785502209
2026-07-31T12:50:21Z,528,21,2,1,1,0,1,1,1,1785502143
2026-07-31T12:50:21Z,529,6,3,7,6,0,1,1,1,1785502213
2026-07-31T12:50:21Z,530,6,0,14,1,0,1,1,1,1785502122
2026-07-31T12:50:21Z,531,11,0,10,1,1,1,1,1,1785502108
2026-07-31T12:50:21Z,532,12,5,18,1,0,1,1,1,1785501892
2026-07-31T12:50:21Z,533,4,0,14,1,0,1,1,1,1785502143
2026-07-31T12:50:21Z,534,3,1,18,2,0,1,1,1,1785502173
2026-07-31T12:50:21Z,535,2,0,13,0,0,1,1,1,1785502029
2026-07-31T12:50:21Z,536,22,0,1,0,0,1,1,1,1785501911
2026-07-31T12:50:21Z,537,9,1,11,0,0,1,1,1,1785502137
2026-07-31T12:50:21Z,538,9,1,12,0,2,1,1,1,1785501959
2026-07-31T12:50:21Z,539,5,4,26,0,0,1,1,1,1785501993
2026-07-31T12:50:21Z,540,0,0,19,0,0,1,1,1,1785502117
2026-07-31T12:50:21Z,541,11,0,15,1,0,1,1,1,1785502152
2026-07-31T12:50:21Z,542,21,6,1,1,0,1,1,1,1785501791
2026-07-31T12:50:21Z,543,13,2,4,2,0,1,1,1,1785502009
2026-07-31T12:50:21Z,544,3,2,15,4,0,1,1,1,1785502133
2026-07-31T12:50:21Z,545,0,0,17,2,0,1,1,1,1785501259
2026-07-31T12:50:21Z,546,7,5,12,0,0,1,1,1,1785502151
2026-07-31T12:50:21Z,547,18,1,7,0,0,1,1,1,1785501476
2026-07-31T12:50:21Z,548,14,1,9,0,0,1,1,1,1785501002
2026-07-31T12:50:21Z,549,15,0,8,0,0,1,1,1,1785501964
2026-07-31T12:50:21Z,550,4,0,15,0,0,1,1,1,1785501762
2026-07-31T12:50:21Z,551,11,4,12,0,0,1,1,1,1785498819
2026-07-31T12:50:21Z,552,21,0,5,1,0,1,1,1,1785502034
2026-07-31T12:50:21Z,553,8,3,14,0,1,1,1,1,1785502202
2026-07-31T12:50:21Z,554,4,1,15,0,0,1,1,1,1785501259
2026-07-31T12:50:21Z,555,13,5,1,1,0,1,1,1,1785499646
2026-07-31T12:50:21Z,556,17,4,4,2,0,1,1,1,1785502005
2026-07-31T12:50:21Z,557,10,5,9,4,0,1,1,1,1785502111
2026-07-31T12:50:21Z,558,25,4,12,0,0,1,1,1,1785502102
2026-07-31T12:50:21Z,559,4,2,13,2,0,1,1,1,1785501466
2026-07-31T12:50:21Z,560,9,0,17,1,0,1,1,1,1785502206
2026-07-31T12:50:21Z,561,10,0,12,1,0,1,1,1,1785501917
2026-07-31T12:50:21Z,562,3,0,29,3,0,1,1,1,1785486691
2026-07-31T12:50:21Z,563,9,0,5,0,0,1,1,1,1785502135
2026-07-31T12:50:21Z,564,3,0,15,1,0,1,1,1,1785502063
2026-07-31T12:50:21Z,565,1,1,18,0,0,1,1,1,1785501427
2026-07-31T12:50:21Z,566,15,0,3,1,0,1,1,1,1785502118
2026-07-31T12:50:21Z,567,3,0,23,1,0,1,1,1,1785502208
2026-07-31T12:50:21Z,568,18,0,0,1,0,1,1,1,1785501569
2026-07-31T12:50:21Z,569,14,1,5,0,0,1,1,1,1785501580
2026-07-31T12:50:21Z,570,4,0,14,1,0,1,1,1,1785501041
2026-07-31T12:50:21Z,571,18,0,5,0,0,1,1,1,1785502178
2026-07-31T12:50:21Z,572,10,4,8,1,0,1,1,1,1785501885
2026-07-31T12:50:21Z,573,5,0,10,0,0,1,1,1,1785500681
2026-07-31T12:50:21Z,574,2,0,13,0,0,1,1,1,1785501706
2026-07-31T12:50:21Z,575,4,1,16,1,0,1,1,1,1785501774
2026-07-31T12:50:21Z,576,6,2,11,2,0,1,1,1,1785501142
2026-07-31T12:50:21Z,577,14,0,17,0,0,1,1,1,1785501909
2026-07-31T12:50:21Z,578,9,8,13,1,0,1,1,1,1785502165
2026-07-31T12:50:21Z,579,13,1,30,0,0,1,1,1,1785502079
2026-07-31T12:50:21Z,580,0,0,29,0,0,1,1,1,1785501322
2026-07-31T12:50:21Z,581,5,0,13,1,0,1,1,1,1785502021
2026-07-31T12:50:21Z,582,19,1,41,1,0,1,1,1,1785502214
2026-07-31T12:50:21Z,583,18,0,5,0,0,1,1,1,1785502174
2026-07-31T12:50:21Z,584,3,3,10,6,0,1,1,1,1785502078
2026-07-31T12:50:21Z,585,6,2,20,0,1,1,1,1,1785501827
2026-07-31T12:50:21Z,586,8,2,26,1,0,1,1,1,1785502128
2026-07-31T12:50:21Z,587,6,0,17,1,0,1,1,1,1785502147
2026-07-31T12:50:21Z,588,9,4,7,2,1,1,1,1,1785502058
2026-07-31T12:50:21Z,589,7,5,14,1,0,1,1,1,1785502210
2026-07-31T12:50:21Z,590,15,2,15,1,0,1,1,1,1785502167
2026-07-31T12:50:21Z,591,8,0,20,2,0,1,1,1,1785502006
2026-07-31T12:50:21Z,592,14,0,9,0,0,1,1,1,1785501785
2026-07-31T12:50:21Z,593,9,0,29,0,0,1,1,1,1785502212
2026-07-31T12:50:21Z,594,7,0,13,1,0,1,1,1,1785502130
2026-07-31T12:50:21Z,595,0,0,3,0,0,0,1,1,1784046673
2026-07-31T12:50:21Z,605,0,0,2,1,0,0,1,1,1783975843
2026-07-31T12:50:21Z,606,0,0,0,0,0,0,1,1,86400
2026-07-31T12:50:21Z,607,23,3,7,2,0,1,1,1,1785502142
2026-07-31T12:50:21Z,608,15,5,35,0,0,1,1,1,1785502196
2026-07-31T12:50:21Z,609,18,12,5,0,0,1,1,1,1785500923
2026-07-31T12:50:21Z,610,7,4,28,0,0,1,1,1,1785501087
2026-07-31T12:50:21Z,611,5,1,21,1,0,1,1,1,1785501953
2026-07-31T12:50:21Z,612,7,1,8,0,0,1,1,1,1785498548
2026-07-31T12:50:21Z,613,9,0,2,4,0,1,1,1,1785501831
2026-07-31T12:50:21Z,614,5,2,19,2,1,1,1,1,1785501419
2026-07-31T12:50:21Z,617,7,0,7,1,0,1,1,1,1785501906
2026-07-31T12:50:21Z,618,10,1,5,4,0,1,1,1,1785499307
2026-07-31T12:50:21Z,619,5,3,14,0,0,1,1,1,1785501843
2026-07-31T12:50:21Z,620,2,1,25,0,0,1,1,1,1785501796
2026-07-31T12:50:21Z,621,14,11,8,1,0,1,1,1,1785501291
2026-07-31T12:50:21Z,622,17,5,5,1,0,1,1,1,1785502129
2026-07-31T12:50:21Z,623,11,5,18,1,0,1,1,1,1785502140
2026-07-31T12:50:21Z,624,0,0,15,0,0,1,1,1,1785499735
2026-07-31T12:50:21Z,625,4,1,15,2,0,1,1,1,1785501851
2026-07-31T12:50:21Z,626,18,1,27,0,2,1,1,1,1785501889
2026-07-31T12:50:21Z,627,14,6,5,0,0,1,1,1,1785500712
2026-07-31T12:50:21Z,628,1,1,15,2,1,1,1,1,1785501915
2026-07-31T12:50:21Z,629,5,2,5,1,0,1,1,1,1785502026
2026-07-31T12:50:21Z,630,4,3,20,3,0,1,1,1,1785502171
2026-07-31T12:50:21Z,631,15,7,8,0,0,1,1,1,1785502191
2026-07-31T12:50:21Z,632,20,0,1,2,0,1,1,1,1785492884
2026-07-31T12:50:21Z,633,11,0,1,3,0,1,1,1,1785501175
2026-07-31T12:50:21Z,634,10,2,9,0,0,1,1,1,1785498289
2026-07-31T12:50:21Z,635,15,1,4,0,0,1,1,1,1785497505
2026-07-31T12:50:21Z,636,10,2,5,0,0,1,1,1,1785488201
2026-07-31T12:50:21Z,637,9,2,9,1,0,1,1,1,1785500453
2026-07-31T12:50:21Z,638,6,1,11,2,0,1,1,1,1785500681
2026-07-31T12:50:21Z,639,7,1,10,2,0,1,1,1,1785501255
2026-07-31T12:50:21Z,640,10,5,12,1,0,1,1,1,1785502204
2026-07-31T12:50:21Z,641,11,0,13,2,0,1,1,1,1785502177
2026-07-31T12:50:21Z,642,0,0,10,9,0,1,1,1,1785502214
2026-07-31T12:50:21Z,643,8,1,12,7,0,1,1,1,1785502212
2026-07-31T12:50:21Z,644,11,0,3,1,0,1,1,1,1785499858
2026-07-31T12:50:21Z,645,11,0,10,1,1,1,1,1,1785499783
2026-07-31T12:50:21Z,646,5,1,14,0,0,1,1,1,1785501890
2026-07-31T12:50:21Z,647,26,2,5,0,0,1,1,1,1785500625
2026-07-31T12:50:21Z,648,5,0,13,1,0,1,1,1,1785500139
2026-07-31T12:50:21Z,649,19,1,11,1,0,1,1,1,1785500940
2026-07-31T12:50:21Z,650,5,1,9,0,0,1,1,1,1785488201
2026-07-31T12:50:21Z,651,6,6,17,0,0,1,1,1,1785501211
2026-07-31T12:50:21Z,652,1,1,20,2,0,1,1,1,1785502157
2026-07-31T12:50:21Z,653,7,1,12,0,0,1,1,1,1785501393
2026-07-31T12:50:21Z,654,2,1,13,0,0,1,1,1,1785501768
2026-07-31T12:50:21Z,655,7,3,1,4,1,1,1,1,1785502129
2026-07-31T12:50:21Z,656,13,5,6,0,0,1,1,1,1785501706
2026-07-31T12:50:21Z,657,11,2,2,2,2,1,1,1,1785502131
2026-07-31T12:50:21Z,658,9,1,1,0,0,1,1,1,1785473427
2026-07-31T12:50:21Z,659,7,3,6,2,0,1,1,1,1785500179
2026-07-31T12:50:21Z,660,12,2,15,4,0,1,1,1,1785502083
2026-07-31T12:50:21Z,661,3,3,16,0,0,1,1,1,1785502167
2026-07-31T12:50:21Z,662,3,2,17,3,0,1,1,1,1785501656
2026-07-31T12:50:21Z,663,9,5,5,1,0,1,1,1,1785501734
2026-07-31T12:50:21Z,664,5,1,22,0,0,1,1,1,1785502076
2026-07-31T12:50:21Z,665,13,4,2,0,0,1,1,1,1785500164
2026-07-31T12:50:21Z,666,8,2,5,2,0,1,1,1,1785495733
2026-07-31T12:50:21Z,667,0,0,19,0,0,1,1,1,1785501779
2026-07-31T12:50:21Z,668,6,0,13,0,0,1,1,1,1785502069
2026-07-31T12:50:21Z,669,14,5,0,0,0,1,1,1,1785501140
2026-07-31T12:50:21Z,670,12,2,15,0,0,1,1,1,1785501246
2026-07-31T12:50:21Z,671,10,4,16,1,0,1,1,1,1785501901
2026-07-31T12:50:21Z,672,10,2,9,3,1,1,1,1,1785502163
2026-07-31T12:50:21Z,673,13,2,9,1,0,1,1,1,1785502202
2026-07-31T12:50:21Z,674,9,2,11,3,0,1,1,1,1785502197
2026-07-31T12:50:21Z,675,11,5,2,2,0,1,1,1,1785502005
2026-07-31T12:50:21Z,676,8,0,13,1,0,1,1,1,1785501642
2026-07-31T12:50:21Z,681,10,3,2,3,0,1,1,1,1785501987
2026-07-31T12:50:21Z,682,4,1,14,1,0,1,1,1,1785486991
2026-07-31T12:50:21Z,683,3,1,16,0,0,1,1,1,1785499114
2026-07-31T12:50:21Z,684,2,0,25,0,0,1,1,1,1785498876
2026-07-31T12:50:21Z,685,8,0,17,1,1,1,1,1,1785498843
2026-07-31T12:50:21Z,686,9,0,15,3,0,1,1,1,1785502150
2026-07-31T12:50:21Z,687,11,0,18,1,1,1,1,1,1785502161
2026-07-31T12:50:21Z,688,10,0,2,7,0,1,1,1,1785501920
2026-07-31T12:50:21Z,692,5,3,16,0,0,1,1,1,1785502128
2026-07-31T12:50:21Z,693,6,0,2,3,0,1,1,1,1785501664
2026-07-31T12:50:21Z,694,8,6,13,0,0,1,1,1,1785502050
2026-07-31T12:50:21Z,695,10,7,13,0,0,1,1,1,1785502127
2026-07-31T12:50:21Z,696,17,12,4,2,0,1,1,1,1785501531
2026-07-31T12:50:21Z,697,12,0,11,0,0,1,1,1,1785502116
2026-07-31T12:50:21Z,698,12,0,15,0,0,1,1,1,1785502156
2026-07-31T12:50:21Z,699,8,0,6,1,0,1,1,1,1785501987
2026-07-31T12:50:21Z,700,18,4,1,0,0,1,1,1,1785502137
2026-07-31T12:50:21Z,701,13,6,6,0,0,1,1,1,1785502189
2026-07-31T12:50:21Z,702,16,1,6,1,0,1,1,1,1785502137
2026-07-31T12:50:21Z,704,6,1,9,0,0,1,1,1,1785500949
2026-07-31T12:50:21Z,705,3,1,10,2,0,1,1,1,1785500855
2026-07-31T12:50:21Z,706,4,0,8,3,0,1,1,1,1785501615
2026-07-31T12:50:21Z,707,8,1,7,0,0,1,1,1,1785502138
2026-07-31T12:50:21Z,708,15,1,4,0,0,1,1,1,1785501936
2026-07-31T12:50:21Z,709,8,0,4,3,0,1,1,1,1785502192
2026-07-31T12:50:21Z,710,14,3,4,1,0,1,1,1,1785501602
2026-07-31T12:50:21Z,711,18,2,0,5,0,1,1,1,1785502017
2026-07-31T12:50:21Z,712,5,5,10,0,0,1,1,1,1785502041
2026-07-31T12:50:21Z,713,6,1,17,0,0,1,1,1,1785502092
2026-07-31T12:50:21Z,716,4,2,11,0,0,1,1,1,1785501877
2026-07-31T12:50:21Z,717,4,3,18,3,0,1,1,1,1785501991
2026-07-31T12:50:21Z,718,7,1,7,1,0,1,1,1,1785501688
2026-07-31T12:50:21Z,719,10,2,19,0,0,1,1,1,1785501989
2026-07-31T12:50:21Z,720,1,0,18,0,0,1,1,1,1785502162
2026-07-31T12:50:21Z,721,0,0,21,2,0,1,1,1,1785501169
2026-07-31T12:50:21Z,722,5,0,10,0,0,1,1,1,1785501923
2026-07-31T12:50:21Z,723,12,1,11,0,0,1,1,1,1785502030
2026-07-31T12:50:21Z,724,6,2,17,0,0,1,1,1,1785501317
2026-07-31T12:50:21Z,725,20,4,2,1,0,1,1,1,1785502205
2026-07-31T12:50:21Z,726,12,2,7,0,0,1,1,1,1785501751
2026-07-31T12:50:21Z,727,8,3,12,3,0,1,1,1,1785501121
2026-07-31T12:50:21Z,728,9,0,5,1,0,1,1,1,1785500652
2026-07-31T12:50:21Z,729,2,1,17,0,0,1,1,1,1785501535
2026-07-31T12:50:21Z,730,3,2,10,2,0,1,1,1,1785501246
2026-07-31T12:50:21Z,731,11,4,3,1,0,1,1,1,1785502178
2026-07-31T12:50:21Z,732,8,6,7,0,0,1,1,1,1785501914
2026-07-31T12:50:21Z,733,0,0,27,0,0,1,1,1,1785501245
2026-07-31T12:50:21Z,734,0,0,13,1,0,1,1,1,1785501340
2026-07-31T12:50:21Z,735,6,3,21,0,0,1,1,1,1785502072
2026-07-31T12:50:21Z,736,7,0,11,1,0,1,1,1,1785501103
2026-07-31T12:50:21Z,737,5,4,9,0,1,1,1,1,1785502097
2026-07-31T12:50:21Z,738,15,4,2,2,0,1,1,1,1785501647
2026-07-31T12:50:21Z,739,20,2,6,1,0,1,1,1,1785500438
2026-07-31T12:50:21Z,741,7,0,16,0,0,1,1,1,1785500690
2026-07-31T12:50:21Z,742,21,1,12,2,0,1,1,1,1785502204
2026-07-31T12:50:21Z,743,10,4,8,1,0,1,1,1,1785500560
2026-07-31T12:50:21Z,744,8,3,6,1,0,1,1,1,1785501061
2026-07-31T12:50:21Z,745,13,4,5,1,0,1,1,1,1785501077
2026-07-31T12:50:21Z,746,1,0,20,2,0,1,1,1,1785501928
2026-07-31T12:50:21Z,747,0,0,4,0,0,0,1,1,1783446606
2026-07-31T12:50:21Z,748,10,1,13,0,0,1,1,1,1785501888
2026-07-31T12:50:21Z,749,4,4,18,1,0,1,1,1,1785501870
2026-07-31T12:50:21Z,750,7,2,4,0,0,1,1,1,1785502146
2026-07-31T12:50:21Z,751,17,0,6,0,0,1,1,1,1785502191
2026-07-31T12:50:21Z,752,14,1,2,1,0,1,1,1,1785501555
2026-07-31T12:50:21Z,753,3,0,12,0,0,1,1,1,1785501811
2026-07-31T12:50:21Z,754,4,2,10,1,0,1,1,1,1785501594
2026-07-31T12:50:21Z,755,12,4,10,1,0,1,1,1,1785502098
2026-07-31T12:50:21Z,756,18,13,18,1,0,1,1,1,1785501975
2026-07-31T12:50:21Z,757,16,6,1,2,0,1,1,1,1785502151
2026-07-31T12:50:21Z,758,8,1,15,0,0,1,1,1,1785502210
2026-07-31T12:50:21Z,759,0,0,0,0,0,1,1,1,86400
2026-07-31T12:50:21Z,760,10,4,9,0,0,1,1,1,1785501932
2026-07-31T12:50:21Z,761,16,0,6,1,0,1,1,1,1785500876
2026-07-31T12:50:21Z,762,5,3,5,5,0,1,1,1,1785502152
2026-07-31T12:50:21Z,768,8,0,8,3,0,1,1,1,1785501288
2026-07-31T12:50:21Z,769,19,12,0,0,0,1,1,1,1785501637
2026-07-31T12:50:21Z,770,10,3,7,2,0,1,1,1,1785500859
2026-07-31T12:50:21Z,771,12,2,2,1,0,1,1,1,1785502118
2026-07-31T12:50:21Z,772,8,1,7,0,0,1,1,1,1785500905
2026-07-31T12:50:21Z,773,15,4,4,0,0,1,1,1,1785500760
2026-07-31T12:50:21Z,774,8,5,4,3,0,1,1,1,1785500685
2026-07-31T12:50:21Z,775,7,0,10,1,1,1,1,1,1785494713
2026-07-31T12:50:21Z,776,3,1,17,1,0,1,1,1,1785501100
2026-07-31T12:50:21Z,777,10,0,2,3,0,1,1,1,1785500840
2026-07-31T12:50:21Z,778,13,0,3,3,0,1,1,1,1785500858
2026-07-31T12:50:21Z,779,8,1,10,1,0,1,1,1,1785501701
2026-07-31T12:50:21Z,780,17,2,1,1,0,1,1,1,1785501517
2026-07-31T12:50:21Z,781,3,0,6,2,0,1,1,1,1785501575
2026-07-31T12:50:21Z,782,6,3,9,4,0,1,1,1,1785501698
2026-07-31T12:50:21Z,783,6,0,13,0,0,1,1,1,1785501656
2026-07-31T12:50:21Z,784,19,1,0,0,0,1,1,1,1785501266
2026-07-31T12:50:21Z,785,10,2,3,6,0,1,1,1,1785501833
2026-07-31T12:50:21Z,786,12,5,7,0,0,1,1,1,1785501991
2026-07-31T12:50:21Z,787,10,5,3,2,0,1,1,1,1785501110
2026-07-31T12:50:21Z,788,3,0,12,0,0,1,1,1,1785502146
2026-07-31T12:50:21Z,789,9,2,2,4,0,1,1,1,1785500553
2026-07-31T12:50:21Z,790,1,0,21,1,0,1,1,1,1785501054
2026-07-31T12:50:21Z,791,7,0,11,0,1,1,1,1,1785501879
2026-07-31T12:50:21Z,793,4,0,10,1,0,1,1,1,1785500690
2026-07-31T12:50:21Z,794,18,10,9,2,0,1,1,1,1785502134
2026-07-31T12:50:21Z,796,5,2,12,2,0,1,1,1,1785502141
2026-07-31T12:50:21Z,797,1,0,14,0,0,1,1,1,1785499482
2026-07-31T12:50:21Z,798,11,2,13,1,0,1,1,1,1785502190
2026-07-31T12:50:21Z,799,14,1,2,3,0,1,1,1,1785500475
2026-07-31T12:50:21Z,800,8,1,12,1,0,1,1,1,1785501925
2026-07-31T12:50:21Z,801,19,4,0,2,0,1,1,1,1785502086
2026-07-31T12:50:21Z,802,8,0,23,0,0,1,1,1,1785500663
2026-07-31T12:50:21Z,803,1,1,14,0,0,1,1,1,1785502110
2026-07-31T12:50:21Z,806,3,1,12,0,0,1,1,1,1785501885
2026-07-31T12:50:21Z,807,12,1,11,2,0,1,1,1,1785502123
2026-07-31T12:50:21Z,808,3,1,20,2,0,1,1,1,1785499242
2026-07-31T12:50:21Z,809,4,0,18,1,0,1,1,1,1785500490
2026-07-31T12:50:21Z,810,2,0,13,4,0,1,1,1,1785500926
2026-07-31T12:50:21Z,815,0,0,10,4,1,1,1,1,1785500672
2026-07-31T12:50:21Z,817,10,4,5,0,0,1,1,1,1785501632
2026-07-31T12:50:21Z,818,5,0,18,0,0,1,1,1,1785501076
2026-07-31T12:50:21Z,819,6,4,9,0,0,1,1,1,1785487291
2026-07-31T12:50:21Z,820,8,2,9,0,0,1,1,1,1785501539
2026-07-31T12:50:21Z,821,2,1,13,0,0,1,1,1,1785500652
2026-07-31T12:50:21Z,822,8,0,14,1,0,1,1,1,1785501667
2026-07-31T12:50:21Z,823,2,1,13,0,0,1,1,1,1785502024
2026-07-31T12:50:21Z,824,10,5,9,0,0,1,1,1,1785501763
2026-07-31T12:50:21Z,825,8,5,7,0,0,1,1,1,1785495662
2026-07-31T12:50:21Z,826,17,3,0,2,0,1,1,1,1785501446
2026-07-31T12:50:21Z,827,16,4,4,1,0,1,1,1,1785501227
2026-07-31T12:50:21Z,828,13,1,3,2,0,1,1,1,1785500837
2026-07-31T12:50:21Z,829,14,5,13,0,0,1,1,1,1785501708
2026-07-31T12:50:21Z,830,17,2,5,1,0,1,1,1,1785500934
2026-07-31T12:50:21Z,831,6,2,8,1,0,1,1,1,1785501902
2026-07-31T12:50:21Z,832,11,3,4,3,0,1,1,1,1785502012
2026-07-31T12:50:21Z,833,0,0,18,1,0,1,1,1,1785501767
2026-07-31T12:50:21Z,834,5,0,18,1,0,1,1,1,1785502027
2026-07-31T12:50:21Z,835,5,3,11,2,0,1,1,1,1785501666
2026-07-31T12:50:21Z,837,5,1,0,10,0,1,1,1,1785501991
2026-07-31T12:50:21Z,838,13,4,2,0,0,1,1,1,1785502188
2026-07-31T12:50:21Z,839,8,1,21,0,0,1,1,1,1785502192
2026-07-31T12:50:21Z,840,8,4,20,1,0,1,1,1,1785502173
2026-07-31T12:50:21Z,841,5,0,10,0,0,1,1,1,1785501896
2026-07-31T12:50:21Z,842,6,1,17,0,0,1,1,1,1785501727
2026-07-31T12:50:21Z,843,8,0,22,1,0,1,1,1,1785502006
2026-07-31T12:50:21Z,844,6,0,17,0,0,1,1,1,1785501938
2026-07-31T12:50:21Z,845,5,3,12,2,0,1,1,1,1785502101
2026-07-31T12:50:21Z,846,4,0,14,1,0,1,1,1,1785501235
2026-07-31T12:50:21Z,847,7,1,19,1,0,1,1,1,1785501075
2026-07-31T12:50:21Z,848,8,3,10,1,0,1,1,1,1785498928
2026-07-31T12:50:21Z,849,6,1,8,1,0,1,1,1,1785501071
2026-07-31T12:50:21Z,850,8,0,1,2,0,1,1,1,1785501343
2026-07-31T12:50:21Z,851,8,6,26,3,0,1,1,1,1785501714
2026-07-31T12:50:21Z,852,12,6,7,0,0,1,1,1,1785501805
2026-07-31T12:50:21Z,853,10,5,13,0,0,1,1,1,1785500887
2026-07-31T12:50:21Z,854,3,2,12,0,0,1,1,1,1785500932
2026-07-31T12:50:21Z,855,25,0,2,0,0,1,1,1,1785497123
2026-07-31T12:50:21Z,857,4,4,15,0,0,1,1,1,1785502115
2026-07-31T12:50:21Z,858,3,1,15,1,0,1,1,1,1785501363
2026-07-31T12:50:21Z,859,5,0,15,1,0,1,1,1,1785501576
2026-07-31T12:50:21Z,861,8,1,2,1,0,1,1,1,1785488201
2026-07-31T12:50:21Z,862,2,2,13,0,0,1,1,1,1785501927
2026-07-31T12:50:21Z,863,13,0,5,1,0,1,1,1,1785500800
2026-07-31T12:50:21Z,866,11,3,8,0,0,1,1,1,1785500437
2026-07-31T12:50:21Z,867,13,1,2,0,0,1,1,1,1785501539
2026-07-31T12:50:21Z,868,12,2,3,0,0,1,1,1,1785501760
2026-07-31T12:50:21Z,870,7,4,6,2,0,1,1,1,1785501981
2026-07-31T12:50:21Z,871,0,0,10,1,0,1,1,1,1785501344
2026-07-31T12:50:21Z,872,0,0,14,1,0,1,1,1,1785501897
2026-07-31T12:50:21Z,873,18,4,14,1,0,1,1,1,1785501994
2026-07-31T12:50:21Z,874,1,0,11,3,0,1,1,1,1785502048
2026-07-31T12:50:21Z,875,14,10,0,1,0,1,1,1,1785502062
2026-07-31T12:50:21Z,877,12,10,5,2,0,1,1,1,1785501525
2026-07-31T12:50:21Z,878,4,3,14,1,0,1,1,1,1785502104
2026-07-31T12:50:21Z,879,3,1,16,0,0,1,1,1,1785501147
2026-07-31T12:50:21Z,880,1,0,21,1,0,1,1,1,1785502064
2026-07-31T12:50:21Z,881,1,1,18,0,0,1,1,1,1785501960
2026-07-31T12:50:21Z,882,10,0,6,3,0,1,1,1,1785488200
2026-07-31T12:50:21Z,883,11,6,8,0,0,1,1,1,1785502209
2026-07-31T12:50:21Z,884,9,7,12,0,0,1,1,1,1785502018
2026-07-31T12:50:21Z,885,1,0,18,0,0,1,1,1,1785501793
2026-07-31T12:50:21Z,886,20,3,7,2,0,1,1,1,1785502135
2026-07-31T12:50:21Z,887,4,1,10,3,0,1,1,1,1785500680
2026-07-31T12:50:21Z,888,12,3,27,1,1,1,1,1,1785502151
2026-07-31T12:50:21Z,889,13,1,4,2,0,1,1,1,1785502153
2026-07-31T12:50:21Z,890,6,4,9,0,0,1,1,1,1785489632
2026-07-31T12:50:21Z,891,20,0,3,0,0,1,1,1,1785501303
2026-07-31T12:50:21Z,892,13,1,2,0,0,1,1,1,1785488200
2026-07-31T12:50:21Z,895,0,0,19,0,0,1,1,1,1785501047
2026-07-31T12:50:21Z,896,9,1,26,0,0,1,1,1,1785500364
2026-07-31T12:50:21Z,897,11,1,10,0,0,1,1,1,1785501998
2026-07-31T12:50:21Z,898,3,0,16,0,0,1,1,1,1785501711
2026-07-31T12:50:21Z,899,1,0,17,1,0,1,1,1,1785501141
2026-07-31T12:50:21Z,900,5,0,19,3,0,1,1,1,1785502141
2026-07-31T12:50:21Z,901,3,0,15,1,0,1,1,1,1785501540
2026-07-31T12:50:21Z,902,7,0,7,1,0,1,1,1,1785501640
2026-07-31T12:50:21Z,903,13,2,5,1,0,1,1,1,1785501117
2026-07-31T12:50:21Z,904,9,4,9,1,0,1,1,1,1785502105
2026-07-31T12:50:21Z,905,11,1,16,0,0,1,1,1,1785502185
2026-07-31T12:50:21Z,906,0,0,27,0,0,1,1,1,1785501169
2026-07-31T12:50:21Z,907,0,0,30,1,0,1,1,1,1785501881
2026-07-31T12:50:21Z,908,7,0,16,0,0,1,1,1,1785502099
2026-07-31T12:50:21Z,909,1,0,21,1,0,1,1,1,1785502144
2026-07-31T12:50:21Z,910,12,0,19,0,0,1,1,1,1785502164
2026-07-31T12:50:21Z,911,4,1,15,0,0,1,1,1,1785501647
2026-07-31T12:50:21Z,912,5,3,16,2,0,1,1,1,1785502088
2026-07-31T12:50:21Z,913,3,1,16,0,0,1,1,1,1785502036
2026-07-31T12:50:21Z,914,6,0,13,0,0,1,1,1,1785502092
2026-07-31T12:50:21Z,915,12,0,10,1,0,1,1,1,1785502214
2026-07-31T12:50:21Z,916,23,8,0,0,0,1,1,1,1785501521
2026-07-31T12:50:21Z,917,21,4,13,1,0,1,1,1,1785501957
2026-07-31T12:50:21Z,918,2,1,15,2,0,1,1,1,1785502016
2026-07-31T12:50:21Z,919,6,0,31,2,0,1,1,1,1785502049
2026-07-31T12:50:21Z,920,4,2,15,0,0,1,1,1,1785500620
2026-07-31T12:50:21Z,921,12,0,9,0,0,1,1,1,1785501786
2026-07-31T12:50:21Z,922,1,0,19,1,0,1,1,1,1785501764
2026-07-31T12:50:21Z,923,12,3,7,0,0,1,1,1,1785502204
2026-07-31T12:50:21Z,924,9,2,12,0,0,1,1,1,1785501046
2026-07-31T12:50:21Z,925,13,0,8,0,0,1,1,1,1785500453
2026-07-31T12:50:21Z,926,2,1,19,0,0,1,1,1,1785500582
2026-07-31T12:50:21Z,927,14,1,21,0,0,1,1,1,1785502142
2026-07-31T12:50:21Z,928,0,0,19,0,0,0,1,1,1785500252
2026-07-31T12:50:21Z,929,15,2,8,0,0,1,1,1,1785502174
2026-07-31T12:50:21Z,930,1,0,29,1,0,1,1,1,1785502037
2026-07-31T12:50:21Z,931,11,11,11,1,0,1,1,1,1785501893
2026-07-31T12:50:21Z,932,1,1,16,2,0,1,1,1,1785502167
2026-07-31T12:50:21Z,933,2,0,21,0,0,1,1,1,1785501887
2026-07-31T12:50:21Z,934,7,0,23,1,0,1,1,1,1785502183
2026-07-31T12:50:21Z,935,5,2,13,1,0,1,1,1,1785502133
2026-07-31T12:50:21Z,936,10,1,9,0,0,1,1,1,1785502153
2026-07-31T12:50:21Z,940,10,0,1,0,0,1,1,1,1785502071
2026-07-31T12:50:21Z,941,6,0,17,2,0,1,1,1,1785501931
2026-07-31T12:50:21Z,942,4,1,16,1,0,1,1,1,1785502026
2026-07-31T12:50:21Z,943,9,8,6,0,0,1,1,1,1785502000
2026-07-31T12:50:21Z,944,9,8,6,0,0,1,1,1,1785501825
2026-07-31T12:50:21Z,945,10,8,5,0,0,1,1,1,1785501341
2026-07-31T12:50:21Z,946,7,5,12,0,0,1,1,1,1785487593
2026-07-31T12:50:21Z,947,7,5,10,0,0,1,1,1,1785501838
2026-07-31T12:50:21Z,948,24,9,2,5,0,1,1,1,1785502058
2026-07-31T12:50:21Z,949,13,6,2,0,0,1,1,1,1785502186
2026-07-31T12:50:21Z,950,7,4,9,1,0,1,1,1,1785501864
2026-07-31T12:50:21Z,951,20,4,2,1,0,1,1,1,1785502074
2026-07-31T12:50:21Z,952,27,6,27,1,0,1,1,1,1785502165
2026-07-31T12:50:21Z,953,5,0,9,1,0,1,1,1,1785502054
2026-07-31T12:50:21Z,954,14,4,5,0,0,1,1,1,1785501962
2026-07-31T12:50:21Z,955,3,2,18,6,0,1,1,1,1785502112
2026-07-31T12:50:21Z,956,7,2,14,2,0,1,1,1,1785502080
2026-07-31T12:50:21Z,957,8,0,21,0,0,1,1,1,1785502011
2026-07-31T12:50:21Z,958,7,2,24,0,0,1,1,1,1785502044
2026-07-31T12:50:21Z,959,17,8,4,2,0,1,1,1,1785501905
2026-07-31T12:50:21Z,960,14,0,8,1,0,1,1,1,1785502047
2026-07-31T12:50:21Z,961,0,0,20,3,0,1,1,1,1785501332
2026-07-31T12:50:21Z,962,11,2,21,3,0,1,1,1,1785501973
2026-07-31T12:50:21Z,963,6,0,16,1,0,1,1,1,1785502209
2026-07-31T12:50:21Z,964,5,5,17,1,0,1,1,1,1785502125
2026-07-31T12:50:21Z,965,11,4,15,1,0,1,1,1,1785502090
2026-07-31T12:50:21Z,966,18,0,13,0,0,1,1,1,1785502086
2026-07-31T12:50:21Z,967,13,0,7,1,0,1,1,1,1785501925
2026-07-31T12:50:21Z,968,10,0,8,1,0,1,1,1,1785501838
2026-07-31T12:50:21Z,969,9,8,16,2,0,1,1,1,1785501989
2026-07-31T12:50:21Z,970,8,0,9,2,0,1,1,1,1785502210
2026-07-31T12:50:21Z,971,6,0,16,1,0,1,1,1,1785502157
2026-07-31T12:50:21Z,972,9,1,13,1,0,1,1,1,1785501826
2026-07-31T12:50:21Z,973,5,3,17,1,0,1,1,1,1785501818
2026-07-31T12:50:21Z,974,16,0,11,0,0,1,1,1,1785502177
2026-07-31T12:50:21Z,977,2,2,17,2,0,1,1,1,1785502112
2026-07-31T12:50:21Z,978,16,0,7,0,0,1,1,1,1785501432
2026-07-31T12:50:21Z,979,10,0,7,0,0,1,1,1,1785502026
2026-07-31T12:50:21Z,980,13,1,6,2,0,1,1,1,1785502031
2026-07-31T12:50:21Z,981,11,0,9,1,0,1,1,1,1785501787
2026-07-31T12:50:21Z,982,4,2,14,1,0,1,1,1,1785501879
2026-07-31T12:50:21Z,983,3,1,19,1,0,1,1,1,1785501551
2026-07-31T12:50:21Z,984,6,0,17,0,0,1,1,1,1785501596
2026-07-31T12:50:21Z,985,18,2,13,0,0,1,1,1,1785501550
2026-07-31T12:50:21Z,986,4,0,15,0,0,1,1,1,1785501876
2026-07-31T12:50:21Z,987,7,1,16,0,0,1,1,1,1785500836
2026-07-31T12:50:21Z,988,5,1,13,1,0,1,1,1,1785502037
2026-07-31T12:50:21Z,989,10,4,9,0,0,1,1,1,1785501612
2026-07-31T12:50:21Z,990,14,2,0,1,0,1,1,1,1785502144
2026-07-31T12:50:21Z,991,10,2,8,1,0,1,1,1,1785501754
2026-07-31T12:50:21Z,992,9,6,13,1,0,1,1,1,1785500816
2026-07-31T12:50:21Z,993,3,1,22,2,0,1,1,1,1785502109
2026-07-31T12:50:21Z,994,2,1,19,0,0,1,1,1,1785502015
2026-07-31T12:50:21Z,995,6,0,21,0,0,1,1,1,1785502072
2026-07-31T12:50:21Z,996,8,1,15,0,0,1,1,1,1785501869
2026-07-31T12:50:21Z,997,13,7,9,1,0,1,1,1,1785502077
2026-07-31T12:50:21Z,998,3,3,19,1,0,1,1,1,1785502181
2026-07-31T12:50:21Z,999,2,0,16,2,1,1,1,1,1785501939
2026-07-31T12:50:21Z,1000,5,2,16,0,0,1,1,1,1785500927
2026-07-31T12:50:21Z,1001,2,1,25,0,0,1,1,1,1785502213
2026-07-31T12:50:21Z,1002,2,2,27,2,0,1,1,1,1785500407
2026-07-31T12:50:21Z,1003,0,0,22,1,0,1,1,1,1785501826
2026-07-31T12:50:21Z,1004,7,0,16,0,0,1,1,1,1785502101
2026-07-31T12:50:21Z,1005,20,1,3,0,0,1,1,1,1785502015
2026-07-31T12:50:21Z,1006,7,4,11,1,0,1,1,1,1785501842
2026-07-31T12:50:21Z,1007,1,0,20,0,0,1,1,1,1785501479
2026-07-31T12:50:21Z,1008,6,5,15,2,0,1,1,1,1785500991
2026-07-31T12:50:21Z,1009,19,2,8,4,0,1,1,1,1785500854
2026-07-31T12:50:21Z,1010,8,2,19,0,0,1,1,1,1785501698
2026-07-31T12:50:21Z,1011,7,2,10,2,0,1,1,1,1785501743
2026-07-31T12:50:21Z,1012,4,3,18,1,0,1,1,1,1785501783
2026-07-31T12:50:21Z,1013,2,1,20,1,0,1,1,1,1785502195
2026-07-31T12:50:21Z,1014,7,2,13,3,0,1,1,1,1785500485
2026-07-31T12:50:21Z,1015,3,1,25,3,0,1,1,1,1785500781
2026-07-31T12:50:21Z,1016,10,5,21,0,0,1,1,1,1785501672
2026-07-31T12:50:21Z,1017,14,5,7,0,0,1,1,1,1785501185
2026-07-31T12:50:21Z,1018,7,2,15,0,0,1,1,1,1785501869
2026-07-31T12:50:21Z,1019,8,5,7,0,0,1,1,1,1785501780
2026-07-31T12:50:21Z,1020,18,3,3,0,0,1,1,1,1785501053
2026-07-31T12:50:21Z,1021,9,3,5,1,0,1,1,1,1785500766
2026-07-31T12:50:21Z,1022,14,0,13,0,0,1,1,1,1785501973
2026-07-31T12:50:21Z,1023,13,1,9,1,0,1,1,1,1785501608
2026-07-31T12:50:21Z,1024,5,2,13,1,0,1,1,1,1785502195
2026-07-31T12:50:21Z,1025,4,0,14,0,1,1,1,1,1785501943
2026-07-31T12:50:21Z,1026,7,4,18,6,0,1,1,1,1785501138
2026-07-31T12:50:21Z,1028,3,1,20,0,0,1,1,1,1785501960
2026-07-31T12:50:21Z,1029,11,10,4,0,0,1,1,1,1785501066
2026-07-31T12:50:21Z,1030,14,5,9,0,0,1,1,1,1785500830
2026-07-31T12:50:21Z,1031,8,0,11,0,0,1,1,1,1785501180
2026-07-31T12:50:21Z,1032,7,1,12,0,0,1,1,1,1785501846
2026-07-31T12:50:21Z,1033,11,7,8,0,0,1,1,1,1785500848
2026-07-31T12:50:21Z,1034,3,0,12,0,0,1,1,1,1785501850
2026-07-31T12:50:21Z,1035,1,0,16,2,0,1,1,1,1785501899
2026-07-31T12:50:21Z,1036,14,0,1,0,0,1,1,1,1785501346
2026-07-31T12:50:21Z,1037,6,1,13,0,0,1,1,1,1785502060
2026-07-31T12:50:21Z,1038,3,1,12,0,0,1,1,1,1785501621
2026-07-31T12:50:21Z,1039,7,2,12,0,0,1,1,1,1785502000
2026-07-31T12:50:21Z,1040,6,3,11,2,0,1,1,1,1785501886
2026-07-31T12:50:21Z,1041,10,3,9,0,0,1,1,1,1785501766
2026-07-31T12:50:21Z,1042,14,2,0,1,0,1,1,1,1785501922
2026-07-31T12:50:21Z,1043,10,0,5,4,0,1,1,1,1785501921
2026-07-31T12:50:21Z,1044,2,1,13,0,0,1,1,1,1785501603
2026-07-31T12:50:21Z,1045,10,0,9,0,0,1,1,1,1785501833
2026-07-31T12:50:21Z,1046,8,0,7,0,0,1,1,1,1785501226
2026-07-31T12:50:21Z,1047,5,0,16,0,0,1,1,1,1785500788
2026-07-31T12:50:21Z,1048,8,0,11,0,0,1,1,1,1785501932
2026-07-31T12:50:21Z,1049,5,0,16,0,0,1,1,1,1785501887
2026-07-31T12:50:21Z,1050,17,4,4,0,0,1,1,1,1785501177
2026-07-31T12:50:21Z,1051,8,3,13,0,0,1,1,1,1785501053
2026-07-31T12:50:21Z,1052,17,2,5,0,0,1,1,1,1785501680
2026-07-31T12:50:21Z,1053,2,1,13,0,0,1,1,1,1785501731
2026-07-31T12:50:21Z,1054,14,1,1,0,0,1,1,1,1785501988
2026-07-31T12:50:21Z,1055,7,1,12,0,0,1,1,1,1785501978
2026-07-31T12:50:21Z,1057,9,0,9,1,0,1,1,1,1785502173
2026-07-31T12:50:21Z,1058,6,0,48,2,0,1,1,1,1785502048
2026-07-31T12:50:21Z,1059,1,0,17,1,0,1,1,1,1785501858
2026-07-31T12:50:21Z,1060,30,1,7,0,0,1,1,1,1785502206
2026-07-31T12:50:21Z,1061,31,0,6,0,0,1,1,1,1785502179
2026-07-31T12:50:21Z,1062,7,1,10,0,0,1,1,1,1785501476
2026-07-31T12:50:21Z,1063,12,1,6,1,0,1,1,1,1785501888
2026-07-31T12:50:21Z,1064,3,0,19,1,0,1,1,1,1785500413
2026-07-31T12:50:21Z,1065,16,3,7,0,0,1,1,1,1785500656
2026-07-31T12:50:21Z,1066,10,2,13,0,0,1,1,1,1785500478
2026-07-31T12:50:21Z,1067,8,2,13,2,0,1,1,1,1785500747
2026-07-31T12:50:21Z,1068,8,2,13,2,0,1,1,1,1785502066
2026-07-31T12:50:21Z,1069,12,3,11,0,0,1,1,1,1785502106
2026-07-31T12:50:21Z,1070,12,2,11,0,0,1,1,1,1785502203
2026-07-31T12:50:21Z,1071,7,4,16,0,0,1,1,1,1785500424
2026-07-31T12:50:21Z,1072,11,1,11,1,0,1,1,1,1785500829
2026-07-31T12:50:21Z,1073,18,2,8,1,0,1,1,1,1785501923
2026-07-31T12:50:21Z,1074,5,1,47,1,0,1,1,1,1785502138
2026-07-31T12:50:21Z,1075,10,10,11,0,0,1,1,1,1785501610
2026-07-31T12:50:21Z,1076,15,12,6,0,0,1,1,1,1785501049
2026-07-31T12:50:21Z,1077,8,4,13,0,0,1,1,1,1785501831
2026-07-31T12:50:21Z,1078,11,10,10,0,0,1,1,1,1785501091
2026-07-31T12:50:21Z,1079,11,8,10,0,0,1,1,1,1785501717
2026-07-31T12:50:21Z,1080,10,8,10,1,0,1,1,1,1785500501
2026-07-31T12:50:21Z,1081,13,8,6,0,0,1,1,1,1785500878
2026-07-31T12:50:21Z,1082,7,7,1,0,0,1,1,1,1785502148
2026-07-31T12:50:21Z,1083,13,11,8,0,0,1,1,1,1785501987
2026-07-31T12:50:21Z,1084,9,8,12,0,0,1,1,1,1785501603
2026-07-31T12:50:21Z,1085,12,10,9,0,0,1,1,1,1785501291
2026-07-31T12:50:21Z,1086,6,2,14,1,0,1,1,1,1785501963
2026-07-31T12:50:21Z,1087,8,6,7,0,0,1,1,1,1785501131
2026-07-31T12:50:21Z,1088,9,7,6,0,0,1,1,1,1785501893
2026-07-31T12:50:21Z,1089,6,4,9,0,0,1,1,1,1785500424
2026-07-31T12:50:21Z,1090,9,8,6,0,0,1,1,1,1785500958
2026-07-31T12:50:21Z,1091,11,6,4,0,0,1,1,1,1785500871
2026-07-31T12:50:21Z,1092,9,9,5,1,0,1,1,1,1785500419
2026-07-31T12:50:21Z,1093,6,5,9,0,0,1,1,1,1785500779
2026-07-31T12:50:21Z,1094,12,10,6,1,0,1,1,1,1785501843
2026-07-31T12:50:21Z,1095,8,7,7,0,0,1,1,1,1785500714
2026-07-31T12:50:21Z,1096,5,3,13,1,0,1,1,1,1785502209
2026-07-31T12:50:21Z,1097,9,9,6,0,0,1,1,1,1785500604
2026-07-31T12:50:21Z,1098,9,7,10,0,0,1,1,1,1785500952
2026-07-31T12:50:21Z,1099,7,6,8,0,0,1,1,1,1785501677
2026-07-31T12:50:21Z,1100,8,4,21,0,0,1,1,1,1785493678
2026-07-31T12:50:21Z,1101,10,5,11,0,0,1,1,1,1785501580
2026-07-31T12:50:21Z,1102,9,4,4,0,0,1,1,1,1785500846
2026-07-31T12:50:21Z,1103,10,5,11,0,0,1,1,1,1785487895
2026-07-31T12:50:21Z,1104,10,5,11,0,0,1,1,1,1785501335
2026-07-31T12:50:21Z,1105,8,4,5,0,0,1,1,1,1785500733
2026-07-31T12:50:21Z,1106,10,5,11,0,0,1,1,1,1785501677
2026-07-31T12:50:21Z,1107,10,5,5,0,0,1,1,1,1785501952
2026-07-31T12:50:21Z,1108,8,4,16,2,1,1,1,1,1785500657
2026-07-31T12:50:21Z,1109,9,4,6,0,0,1,1,1,1785501907
2026-07-31T12:50:21Z,1110,12,4,9,0,0,1,1,1,1785501202
2026-07-31T12:50:21Z,1111,3,2,18,0,0,1,1,1,1785475740
2026-07-31T12:50:21Z,1112,38,0,15,0,0,1,1,1,1785501834
2026-07-31T12:50:21Z,1113,4,0,17,0,0,1,1,1,1785501149
2026-07-31T12:50:21Z,1115,15,4,4,4,0,1,1,1,1785501057
2026-07-31T12:50:21Z,1116,5,1,14,0,0,1,1,1,1785501864
2026-07-31T12:50:21Z,1117,13,5,8,2,0,1,1,1,1785501620
2026-07-31T12:50:21Z,1118,14,0,5,2,0,1,1,1,1785501994
2026-07-31T12:50:21Z,1119,12,0,5,0,0,1,1,1,1785501865
2026-07-31T12:50:21Z,1120,12,0,6,1,0,1,1,1,1785502095
2026-07-31T12:50:21Z,1121,4,1,14,2,1,1,1,1,1785502182
2026-07-31T12:50:21Z,1122,13,8,5,3,0,1,1,1,1785501921
2026-07-31T12:50:21Z,1123,10,7,11,2,0,1,1,1,1785502110
2026-07-31T12:50:21Z,1124,6,1,4,5,0,1,1,1,1785501680
2026-07-31T12:50:21Z,1125,15,1,8,0,0,1,1,1,1785502157
2026-07-31T12:50:21Z,1126,2,1,18,1,0,1,1,1,1785501290
2026-07-31T12:50:21Z,1127,6,0,12,1,0,1,1,1,1785502185
2026-07-31T12:50:21Z,1128,14,2,0,1,0,1,1,1,1785501860
2026-07-31T12:50:21Z,1129,1,1,19,1,0,1,1,1,1785501591
2026-07-31T12:50:21Z,1130,13,0,2,0,0,1,1,1,1785501644
2026-07-31T12:50:21Z,1131,10,1,38,1,0,1,1,1,1785502154
2026-07-31T12:50:21Z,1132,10,4,10,1,0,1,1,1,1785502179
2026-07-31T12:50:21Z,1133,14,11,6,1,0,1,1,1,1785502028
2026-07-31T12:50:21Z,1134,10,5,9,0,0,1,1,1,1785500556
2026-07-31T12:50:21Z,1135,11,6,10,0,0,1,1,1,1785502111
2026-07-31T12:50:21Z,1136,8,0,15,0,0,1,1,1,1785502047
2026-07-31T12:50:21Z,1137,14,0,1,0,0,1,1,1,1785501776
2026-07-31T12:50:21Z,1138,14,0,5,0,0,1,1,1,1785501825
2026-07-31T12:50:21Z,1139,16,4,4,1,0,1,1,1,1785500540
2026-07-31T12:50:21Z,1140,15,1,7,1,0,1,1,1,1785501889
2026-07-31T12:50:21Z,1141,7,2,14,0,0,1,1,1,1785502037
2026-07-31T12:50:21Z,1142,1,0,20,0,0,1,1,1,1785501673
2026-07-31T12:50:21Z,1143,1,0,28,0,0,1,1,1,1785502084
2026-07-31T12:50:21Z,1144,7,1,13,1,0,1,1,1,1785502100
2026-07-31T12:50:21Z,1145,10,5,10,1,0,1,1,1,1785500437
2026-07-31T12:50:21Z,1146,9,3,9,1,0,1,1,1,1785502190
2026-07-31T12:50:21Z,1147,6,1,13,0,0,1,1,1,1785501789
2026-07-31T12:50:21Z,1148,1,1,30,0,0,1,1,1,1785501913
2026-07-31T12:50:21Z,1149,6,2,19,0,0,1,1,1,1785502209
2026-07-31T12:50:21Z,1150,16,1,3,0,0,1,1,1,1785501830
2026-07-31T12:50:21Z,1151,15,0,6,0,0,1,1,1,1785502198
2026-07-31T12:50:21Z,1152,22,1,7,0,0,1,1,1,1785502133
2026-07-31T12:50:21Z,1153,19,6,3,1,0,1,1,1,1785502059
2026-07-31T12:50:21Z,1154,15,1,4,0,0,1,1,1,1785501289
2026-07-31T12:50:21Z,1155,14,6,5,2,0,1,1,1,1785501863
2026-07-31T12:50:21Z,1158,3,0,15,1,0,1,1,1,1785501753
2026-07-31T12:50:21Z,1159,13,1,6,0,0,1,1,1,1785502110
2026-07-31T12:50:21Z,1160,8,1,10,1,0,1,1,1,1785501199
2026-07-31T12:50:21Z,1161,4,0,14,1,0,1,1,1,1785500431
2026-07-31T12:50:21Z,1162,0,0,19,0,0,1,1,1,1785501653
2026-07-31T12:50:21Z,1163,1,1,17,1,0,1,1,1,1785501871
2026-07-31T12:50:21Z,1164,6,1,13,0,0,1,1,1,1785501928
2026-07-31T12:50:21Z,1165,5,0,16,0,0,1,1,1,1785500851
2026-07-31T12:50:21Z,1166,12,2,8,1,0,1,1,1,1785502183
2026-07-31T12:50:21Z,1167,4,0,11,0,0,1,1,1,1785501628
2026-07-31T12:50:21Z,1168,1,1,21,1,0,1,1,1,1785502135
2026-07-31T12:50:21Z,1169,3,0,15,1,0,1,1,1,1785501775
2026-07-31T12:50:21Z,1170,6,0,14,1,0,1,1,1,1785502154
2026-07-31T12:50:21Z,1171,8,7,15,0,0,1,1,1,1785501833
2026-07-31T12:50:21Z,1172,5,2,8,2,0,1,1,1,1785502066
2026-07-31T12:50:21Z,1173,13,5,6,0,0,1,1,1,1785502027
2026-07-31T12:50:21Z,1174,6,3,9,0,0,1,1,1,1785501697
2026-07-31T12:50:21Z,1175,5,3,14,0,0,1,1,1,1785501948
2026-07-31T12:50:21Z,1176,19,1,2,0,0,1,1,1,1785501235
2026-07-31T12:50:21Z,1177,3,1,18,0,0,1,1,1,1785501164
2026-07-31T12:50:21Z,1178,3,1,12,0,0,1,1,1,1785501657
2026-07-31T12:50:21Z,1181,8,0,6,1,0,1,1,1,1785501905
2026-07-31T12:50:21Z,1182,10,0,10,0,0,1,1,1,1785501975
2026-07-31T12:50:21Z,1183,19,4,23,3,0,1,1,1,1785501985
2026-07-31T12:50:21Z,1184,1,1,18,2,0,1,1,1,1785501472
2026-07-31T12:50:21Z,1185,9,5,12,0,0,1,1,1,1785501720
2026-07-31T12:50:21Z,1186,9,5,10,0,0,1,1,1,1785500480
2026-07-31T12:50:21Z,1187,10,5,10,1,0,1,1,1,1785500808
2026-07-31T12:50:21Z,1188,10,5,5,0,0,1,1,1,1785501959
2026-07-31T12:50:21Z,1189,10,5,9,0,0,1,1,1,1785502059
2026-07-31T12:50:21Z,1190,9,4,12,0,0,1,1,1,1785501454
2026-07-31T12:50:21Z,1191,10,5,5,0,0,1,1,1,1785501964
2026-07-31T12:50:21Z,1192,10,6,10,1,0,1,1,1,1785501824
2026-07-31T12:50:21Z,1193,6,4,5,2,0,1,1,1,1785501006
2026-07-31T12:50:21Z,1197,8,6,8,1,0,1,1,1,1785501691
2026-07-31T12:50:21Z,1198,15,4,4,2,0,1,1,1,1785502114
2026-07-31T12:50:21Z,1199,2,0,17,0,0,1,1,1,1785500550
2026-07-31T12:50:21Z,1200,10,5,5,0,0,1,1,1,1785502001
2026-07-31T12:50:21Z,1201,10,5,5,0,0,1,1,1,1785501978
2026-07-31T12:50:21Z,1202,10,5,5,0,0,1,1,1,1785502079
2026-07-31T12:50:21Z,1203,10,5,5,0,0,1,1,1,1785501977
2026-07-31T12:50:21Z,1204,8,4,11,0,0,1,1,1,1785501730
2026-07-31T12:50:21Z,1206,11,5,10,0,0,1,1,1,1785500952
2026-07-31T12:50:21Z,1207,8,4,6,1,0,1,1,1,1785500477
2026-07-31T12:50:21Z,1208,9,4,10,0,0,1,1,1,1785502209
2026-07-31T12:50:21Z,1216,8,0,12,1,0,1,1,1,1785501180
2026-07-31T12:50:21Z,1218,4,0,17,0,0,1,1,1,1785501574
2026-07-31T12:50:21Z,1219,6,1,8,1,0,1,1,1,1785501426
2026-07-31T12:50:21Z,1220,14,7,4,1,0,1,1,1,1785501290
2026-07-31T12:50:21Z,1221,1,1,19,1,0,1,1,1,1785500887
2026-07-31T12:50:21Z,1222,25,0,4,0,0,1,1,1,1785501944
2026-07-31T12:50:21Z,1223,18,2,11,0,0,1,1,1,1785501827
2026-07-31T12:50:21Z,1226,0,0,3,0,0,0,1,1,1781868931
2026-07-31T12:50:21Z,1227,17,1,8,0,0,1,1,1,1785501660
2026-07-31T12:50:21Z,1228,19,1,10,0,0,1,1,1,1785501711
2026-07-31T12:50:21Z,1229,32,2,12,1,0,1,1,1,1785502051
2026-07-31T12:55:21Z,1,6,2,17,0,0,1,1,1,1785502245
2026-07-31T12:55:21Z,2,11,0,14,2,0,1,1,1,1785501588
2026-07-31T12:55:21Z,3,10,2,3,1,0,1,1,1,1785502488
2026-07-31T12:55:21Z,4,9,0,12,1,0,1,1,1,1785502227
2026-07-31T12:55:21Z,5,11,3,11,1,0,1,1,1,1785497818
2026-07-31T12:55:21Z,6,4,0,11,0,0,1,1,1,1785502424
2026-07-31T12:55:21Z,7,3,0,36,0,0,1,1,1,1785502244
2026-07-31T12:55:21Z,8,8,0,35,0,0,1,1,1,1785502490
2026-07-31T12:55:21Z,9,8,2,15,0,0,1,1,1,1785502418
2026-07-31T12:55:21Z,10,0,0,21,2,0,1,1,1,1785500952
2026-07-31T12:55:21Z,11,14,5,4,1,0,1,1,1,1785501969
2026-07-31T12:55:21Z,12,2,1,21,0,0,1,1,1,1785502206
2026-07-31T12:55:21Z,13,1,0,29,0,0,1,1,1,1785501413
2026-07-31T12:55:21Z,14,10,0,32,0,1,1,1,1,1785502513
2026-07-31T12:55:21Z,15,1,0,14,0,0,1,1,1,1785500656
2026-07-31T12:55:21Z,16,8,0,16,2,1,1,1,1,1785487292
2026-07-31T12:55:21Z,17,1,0,25,1,0,1,1,1,1785502302
2026-07-31T12:55:21Z,18,3,0,13,2,0,1,1,1,1785502476
2026-07-31T12:55:21Z,19,11,2,15,1,0,1,1,1,1785502432
2026-07-31T12:55:21Z,20,24,0,11,0,0,1,1,1,1785501988
2026-07-31T12:55:21Z,21,16,1,1,2,0,1,1,1,1785502295
2026-07-31T12:55:21Z,22,28,0,36,1,0,1,1,1,1785502419
2026-07-31T12:55:21Z,23,20,8,11,0,0,1,1,1,1785501581
2026-07-31T12:55:21Z,24,4,2,5,2,0,1,1,1,1785502509
2026-07-31T12:55:21Z,25,17,4,63,0,1,1,1,1,1785502475
2026-07-31T12:55:21Z,26,12,2,15,0,0,1,1,1,1785502510
2026-07-31T12:55:21Z,28,9,1,6,0,0,1,1,1,1785502291
2026-07-31T12:55:21Z,30,14,5,14,1,0,1,1,1,1785502422
2026-07-31T12:55:21Z,31,2,1,16,1,0,1,1,1,1785502471
2026-07-31T12:55:21Z,32,19,0,8,0,0,1,1,1,1785502473
2026-07-31T12:55:21Z,34,5,3,31,1,0,1,1,1,1785502462
2026-07-31T12:55:21Z,35,24,4,21,2,0,1,1,1,1785502249
2026-07-31T12:55:21Z,36,0,0,0,0,0,0,1,1,86400
2026-07-31T12:55:21Z,37,4,0,19,0,0,1,1,1,1785502512
2026-07-31T12:55:21Z,38,19,3,4,0,0,1,1,1,1785502401
2026-07-31T12:55:21Z,39,21,3,18,0,0,1,1,1,1785500283
2026-07-31T12:55:21Z,40,4,0,17,0,0,1,1,1,1785502356
2026-07-31T12:55:21Z,41,10,1,32,1,0,1,1,1,1785502428
2026-07-31T12:55:21Z,42,19,6,12,0,0,1,1,1,1785502367
2026-07-31T12:55:21Z,43,2,0,21,0,0,1,1,1,1785502105
2026-07-31T12:55:21Z,45,15,3,13,1,0,1,1,1,1785502145
2026-07-31T12:55:21Z,46,4,0,27,0,0,1,1,1,1785502396
2026-07-31T12:55:21Z,47,13,8,1,1,0,1,1,1,1785502487
2026-07-31T12:55:21Z,48,14,0,13,0,0,1,1,1,1785502452
2026-07-31T12:55:21Z,49,19,0,3,1,0,1,1,1,1785502394
2026-07-31T12:55:21Z,50,18,10,1,0,0,1,1,1,1785502400
2026-07-31T12:55:21Z,51,43,0,34,0,0,1,1,1,1785502271
2026-07-31T12:55:21Z,52,7,1,17,3,0,1,1,1,1785502367
2026-07-31T12:55:21Z,55,7,0,16,0,0,1,1,1,1785502395
2026-07-31T12:55:21Z,56,2,1,40,1,0,1,1,1,1785502447
2026-07-31T12:55:21Z,57,7,2,20,0,0,1,1,1,1785502487
2026-07-31T12:55:21Z,58,11,1,17,0,0,1,1,1,1785502421
2026-07-31T12:55:21Z,59,16,6,9,2,0,1,1,1,1785502358
2026-07-31T12:55:21Z,61,9,1,30,0,0,1,1,1,1785502423
2026-07-31T12:55:21Z,62,16,5,33,0,0,1,1,1,1785502334
2026-07-31T12:55:21Z,63,2,0,17,0,0,1,1,1,1785502439
2026-07-31T12:55:21Z,64,12,2,3,4,0,1,1,1,1785502351
2026-07-31T12:55:21Z,65,16,8,2,1,0,1,1,1,1785500458
2026-07-31T12:55:21Z,67,8,2,31,0,0,1,1,1,1785502501
2026-07-31T12:55:21Z,68,2,0,35,0,0,1,1,1,1785502163
2026-07-31T12:55:21Z,69,9,0,6,0,0,1,1,1,1785502126
2026-07-31T12:55:21Z,71,7,0,19,1,0,1,1,1,1785502248
2026-07-31T12:55:21Z,72,26,6,2,3,0,1,1,1,1785502496
2026-07-31T12:55:21Z,73,30,4,1,0,0,1,1,1,1785502416
2026-07-31T12:55:21Z,74,1,1,18,0,0,1,1,1,1785501382
2026-07-31T12:55:21Z,75,3,0,28,1,0,1,1,1,1785502394
2026-07-31T12:55:21Z,76,10,1,8,1,0,1,1,1,1785502513
2026-07-31T12:55:21Z,77,22,1,4,1,0,1,1,1,1785502346
2026-07-31T12:55:21Z,78,9,6,13,1,0,1,1,1,1785502424
2026-07-31T12:55:21Z,79,1,0,15,1,0,1,1,1,1785502054
2026-07-31T12:55:21Z,80,18,1,2,3,0,1,1,1,1785502464
2026-07-31T12:55:21Z,81,3,1,28,0,0,1,1,1,1785502493
2026-07-31T12:55:21Z,82,15,0,8,0,0,1,1,1,1785502404
2026-07-31T12:55:21Z,83,3,0,30,1,0,1,1,1,1785502383
2026-07-31T12:55:21Z,84,15,0,12,0,0,1,1,1,1785502441
2026-07-31T12:55:21Z,85,7,1,8,0,0,1,1,1,1785501696
2026-07-31T12:55:21Z,86,22,0,4,1,0,1,1,1,1785502375
2026-07-31T12:55:21Z,87,19,0,0,0,0,1,1,1,1785501816
2026-07-31T12:55:21Z,88,7,0,35,1,0,1,1,1,1785501712
2026-07-31T12:55:21Z,89,1,0,34,0,0,1,1,1,1785502436
2026-07-31T12:55:21Z,90,2,0,14,2,0,1,1,1,1785502511
2026-07-31T12:55:21Z,91,15,0,2,0,0,1,1,1,1785501068
2026-07-31T12:55:21Z,92,2,1,14,3,0,1,1,1,1785502463
2026-07-31T12:55:21Z,93,1,0,22,0,0,1,1,1,1785502408
2026-07-31T12:55:21Z,94,7,0,11,1,0,1,1,1,1785501462
2026-07-31T12:55:21Z,95,18,0,15,1,1,1,1,1,1785502489
2026-07-31T12:55:21Z,96,24,0,6,1,0,1,1,1,1785502387
2026-07-31T12:55:21Z,97,1,0,15,1,0,1,1,1,1785502380
2026-07-31T12:55:21Z,98,30,0,5,0,0,1,1,1,1785502412
2026-07-31T12:55:21Z,99,0,0,15,0,0,1,1,1,1785501758
2026-07-31T12:55:21Z,100,0,0,27,0,0,1,1,1,1785502069
2026-07-31T12:55:21Z,101,2,0,11,2,0,1,1,1,1785502308
2026-07-31T12:55:21Z,102,3,0,20,0,0,1,1,1,1785502377
2026-07-31T12:55:21Z,103,10,0,19,1,0,1,1,1,1785502183
2026-07-31T12:55:21Z,104,6,1,19,2,0,1,1,1,1785502513
2026-07-31T12:55:21Z,105,14,1,5,0,0,1,1,1,1785495616
2026-07-31T12:55:21Z,106,1,1,20,0,0,1,1,1,1785502125
2026-07-31T12:55:21Z,107,10,4,26,1,0,1,1,1,1785502348
2026-07-31T12:55:21Z,108,1,0,34,0,0,1,1,1,1785502352
2026-07-31T12:55:21Z,109,1,0,22,0,0,1,1,1,1785502501
2026-07-31T12:55:21Z,110,9,0,14,0,0,1,1,1,1785502460
2026-07-31T12:55:21Z,111,6,0,30,0,0,1,1,1,1785502491
2026-07-31T12:55:21Z,112,1,0,13,1,0,1,1,1,1785502306
2026-07-31T12:55:21Z,113,7,0,11,1,0,1,1,1,1785502452
2026-07-31T12:55:21Z,114,25,6,4,1,1,1,1,1,1785502500
2026-07-31T12:55:21Z,115,20,3,7,1,0,1,1,1,1785502456
2026-07-31T12:55:21Z,116,19,8,7,1,0,1,1,1,1785501605
2026-07-31T12:55:21Z,118,14,3,7,2,0,1,1,1,1785502297
2026-07-31T12:55:21Z,119,13,0,21,4,0,1,1,1,1785502513
2026-07-31T12:55:21Z,120,14,0,12,1,0,1,1,1,1785501908
2026-07-31T12:55:21Z,121,1,0,16,1,1,1,1,1,1785502494
2026-07-31T12:55:21Z,122,7,3,14,0,0,1,1,1,1785501458
2026-07-31T12:55:21Z,123,7,3,40,0,0,1,1,1,1785502404
2026-07-31T12:55:21Z,124,13,0,22,0,0,1,1,1,1785502483
2026-07-31T12:55:21Z,125,10,3,12,1,0,1,1,1,1785502460
2026-07-31T12:55:21Z,126,22,2,9,0,0,1,1,1,1785500769
2026-07-31T12:55:21Z,127,23,0,10,2,0,1,1,1,1785502260
2026-07-31T12:55:21Z,128,10,0,9,0,0,1,1,1,1785502509
2026-07-31T12:55:21Z,129,12,0,5,2,0,1,1,1,1785502247
2026-07-31T12:55:21Z,130,6,1,11,0,0,1,1,1,1785501351
2026-07-31T12:55:21Z,131,5,3,4,2,0,1,1,1,1785502393
2026-07-31T12:55:21Z,132,11,4,2,1,1,1,1,1,1785500982
2026-07-31T12:55:21Z,134,7,0,12,4,0,1,1,1,1785502511
2026-07-31T12:55:21Z,135,5,3,13,1,0,1,1,1,1785502122
2026-07-31T12:55:21Z,136,4,0,10,2,7,1,1,1,1785502474
2026-07-31T12:55:21Z,137,9,2,10,0,0,1,1,1,1785502238
2026-07-31T12:55:21Z,138,30,0,7,0,0,1,1,1,1785502509
2026-07-31T12:55:21Z,139,0,0,18,1,0,1,1,1,1785502347
2026-07-31T12:55:21Z,140,0,0,22,1,0,1,1,1,1785502511
2026-07-31T12:55:21Z,141,19,0,17,0,0,1,1,1,1785502426
2026-07-31T12:55:21Z,142,13,0,10,0,0,1,1,1,1785501672
2026-07-31T12:55:21Z,143,1,0,30,0,0,1,1,1,1785501615
2026-07-31T12:55:21Z,144,11,1,16,0,0,1,1,1,1785502254
2026-07-31T12:55:21Z,146,3,1,19,1,0,1,1,1,1785502336
2026-07-31T12:55:21Z,147,12,1,5,2,0,1,1,1,1785502466
2026-07-31T12:55:21Z,148,8,3,18,0,1,1,1,1,1785502423
2026-07-31T12:55:21Z,149,15,1,12,0,0,1,1,1,1785502424
2026-07-31T12:55:21Z,150,18,5,14,3,0,1,1,1,1785502457
2026-07-31T12:55:21Z,151,9,2,14,0,0,1,1,1,1785501585
2026-07-31T12:55:21Z,152,12,0,11,3,0,1,1,1,1785502470
2026-07-31T12:55:21Z,153,1,0,24,6,0,1,1,1,1785502372
2026-07-31T12:55:21Z,154,15,3,4,4,0,1,1,1,1785502510
2026-07-31T12:55:21Z,155,8,3,5,1,0,1,1,1,1785502246
2026-07-31T12:55:21Z,156,5,0,14,0,0,1,1,1,1785502452
2026-07-31T12:55:21Z,157,3,1,22,2,0,1,1,1,1785502496
2026-07-31T12:55:21Z,158,6,1,10,0,0,1,1,1,1785502507
2026-07-31T12:55:21Z,159,0,0,19,0,0,1,1,1,1785497085
2026-07-31T12:55:21Z,160,5,0,14,0,0,1,1,1,1785502133
2026-07-31T12:55:21Z,161,15,0,7,0,0,1,1,1,1785502104
2026-07-31T12:55:21Z,162,17,2,9,1,0,1,1,1,1785502502
2026-07-31T12:55:21Z,163,11,0,19,0,1,1,1,1,1785502453
2026-07-31T12:55:21Z,164,24,4,3,0,0,1,1,1,1785502092
2026-07-31T12:55:21Z,165,18,12,12,1,0,1,1,1,1785502290
2026-07-31T12:55:21Z,166,19,6,17,3,0,1,1,1,1785502513
2026-07-31T12:55:21Z,167,3,2,19,1,0,1,1,1,1785502423
2026-07-31T12:55:21Z,168,24,4,0,3,0,1,1,1,1785502495
2026-07-31T12:55:21Z,169,2,0,19,1,1,1,1,1,1785502137
2026-07-31T12:55:21Z,170,10,3,8,1,0,1,1,1,1785502343
2026-07-31T12:55:21Z,171,6,1,5,2,0,1,1,1,1785502430
2026-07-31T12:55:21Z,173,30,0,9,0,0,1,1,1,1785502495
2026-07-31T12:55:21Z,174,11,0,13,2,0,1,1,1,1785502395
2026-07-31T12:55:21Z,175,13,0,18,0,0,1,1,1,1785502248
2026-07-31T12:55:21Z,176,2,0,10,2,1,1,1,1,1785502150
2026-07-31T12:55:21Z,177,18,4,9,0,0,1,1,1,1785502322
2026-07-31T12:55:21Z,178,1,0,10,3,1,1,1,1,1785502513
2026-07-31T12:55:21Z,179,4,0,9,2,0,1,1,1,1785502493
2026-07-31T12:55:21Z,180,11,0,19,0,0,1,1,1,1785502420
2026-07-31T12:55:21Z,181,15,2,0,0,0,1,1,1,1785502427
2026-07-31T12:55:21Z,182,2,0,15,0,0,1,1,1,1785502295
2026-07-31T12:55:21Z,183,12,0,10,1,0,1,1,1,1785502354
2026-07-31T12:55:21Z,184,16,0,6,1,0,1,1,1,1785502218
2026-07-31T12:55:21Z,185,10,0,2,2,1,1,1,1,1785501349
2026-07-31T12:55:21Z,186,3,2,16,0,0,1,1,1,1785502060
2026-07-31T12:55:21Z,187,13,0,14,1,0,1,1,1,1785502371
2026-07-31T12:55:21Z,188,1,0,18,8,0,1,1,1,1785502455
2026-07-31T12:55:21Z,189,6,0,8,1,0,1,1,1,1785502317
2026-07-31T12:55:21Z,190,8,5,15,0,0,1,1,1,1785502397
2026-07-31T12:55:21Z,191,8,1,31,0,0,1,1,1,1785502180
2026-07-31T12:55:21Z,192,9,1,19,3,0,1,1,1,1785502228
2026-07-31T12:55:21Z,193,6,3,9,0,0,1,1,1,1785501702
2026-07-31T12:55:21Z,194,16,2,10,1,0,1,1,1,1785502157
2026-07-31T12:55:21Z,195,6,2,13,0,0,1,1,1,1785502288
2026-07-31T12:55:21Z,196,2,1,24,1,0,1,1,1,1785502310
2026-07-31T12:55:21Z,197,15,8,3,0,1,1,1,1,1785502329
2026-07-31T12:55:21Z,198,13,12,10,0,0,1,1,1,1785502193
2026-07-31T12:55:21Z,199,5,4,9,1,0,1,1,1,1785502070
2026-07-31T12:55:21Z,200,14,1,11,1,0,1,1,1,1785502490
2026-07-31T12:55:21Z,201,16,3,7,0,0,1,1,1,1785502275
2026-07-31T12:55:21Z,202,2,1,25,0,0,1,1,1,1785502376
2026-07-31T12:55:21Z,203,26,2,4,1,0,1,1,1,1785501750
2026-07-31T12:55:21Z,204,10,0,23,2,0,1,1,1,1785502206
2026-07-31T12:55:21Z,205,9,1,18,0,0,1,1,1,1785502351
2026-07-31T12:55:21Z,206,1,1,14,0,0,1,1,1,1785502444
2026-07-31T12:55:21Z,207,8,0,13,0,0,1,1,1,1785502078
2026-07-31T12:55:21Z,208,18,3,11,0,0,1,1,1,1785502346
2026-07-31T12:55:21Z,209,0,0,29,3,0,1,1,1,1785502496
2026-07-31T12:55:21Z,210,17,1,10,0,0,1,1,1,1785502456
2026-07-31T12:55:21Z,211,5,3,17,1,0,1,1,1,1785502263
2026-07-31T12:55:21Z,212,22,1,12,1,0,1,1,1,1785502237
2026-07-31T12:55:21Z,213,2,1,20,1,0,1,1,1,1785502473
2026-07-31T12:55:21Z,214,38,1,5,4,0,1,1,1,1785502133
2026-07-31T12:55:21Z,215,7,3,15,1,0,1,1,1,1785502076
2026-07-31T12:55:21Z,216,4,1,14,1,0,1,1,1,1785502422
2026-07-31T12:55:21Z,217,6,0,22,1,0,1,1,1,1785502483
2026-07-31T12:55:21Z,218,19,6,19,1,0,1,1,1,1785502488
2026-07-31T12:55:21Z,219,22,1,2,2,0,1,1,1,1785502472
2026-07-31T12:55:21Z,220,12,5,29,1,1,1,1,1,1785502444
2026-07-31T12:55:21Z,221,2,2,12,1,0,1,1,1,1785501768
2026-07-31T12:55:21Z,222,7,6,11,1,0,1,1,1,1785502514
2026-07-31T12:55:21Z,223,17,2,13,5,0,1,1,1,1785502490
2026-07-31T12:55:21Z,224,4,4,18,0,0,1,1,1,1785502412
2026-07-31T12:55:21Z,225,12,1,1,6,0,1,1,1,1785498882
2026-07-31T12:55:21Z,226,28,8,2,1,0,1,1,1,1785502158
2026-07-31T12:55:21Z,227,10,10,14,2,1,1,1,1,1785502483
2026-07-31T12:55:21Z,228,3,0,15,1,0,1,1,1,1785502479
2026-07-31T12:55:21Z,230,10,3,16,0,0,1,1,1,1785502436
2026-07-31T12:55:21Z,232,4,3,12,1,0,1,1,1,1785501802
2026-07-31T12:55:21Z,233,14,1,15,2,0,1,1,1,1785502144
2026-07-31T12:55:21Z,234,7,3,7,3,2,1,1,1,1785502042
2026-07-31T12:55:21Z,236,6,1,13,0,0,1,1,1,1785500369
2026-07-31T12:55:21Z,237,11,4,11,1,0,1,1,1,1785502479
2026-07-31T12:55:21Z,239,20,15,4,3,0,1,1,1,1785502393
2026-07-31T12:55:21Z,241,10,2,12,1,0,1,1,1,1785502357
2026-07-31T12:55:21Z,242,5,1,16,2,0,1,1,1,1785502051
2026-07-31T12:55:21Z,243,7,3,23,1,0,1,1,1,1785502239
2026-07-31T12:55:21Z,244,11,4,14,2,0,1,1,1,1785502504
2026-07-31T12:55:21Z,245,4,4,19,0,0,1,1,1,1785502476
2026-07-31T12:55:21Z,246,17,1,6,0,0,1,1,1,1785502051
2026-07-31T12:55:21Z,247,9,8,13,1,0,1,1,1,1785502222
2026-07-31T12:55:21Z,248,16,4,5,2,0,1,1,1,1785502285
2026-07-31T12:55:21Z,249,1,0,17,1,0,1,1,1,1785502451
2026-07-31T12:55:21Z,250,21,8,6,0,0,1,1,1,1785502309
2026-07-31T12:55:21Z,251,12,4,13,2,0,1,1,1,1785502357
2026-07-31T12:55:21Z,253,7,3,12,0,0,1,1,1,1785502352
2026-07-31T12:55:21Z,254,14,14,28,1,0,1,1,1,1785502438
2026-07-31T12:55:21Z,255,0,0,22,0,1,1,1,1,1785502361
2026-07-31T12:55:21Z,256,0,0,20,3,0,1,1,1,1785502223
2026-07-31T12:55:21Z,257,5,3,14,0,0,1,1,1,1785502308
2026-07-31T12:55:21Z,258,9,0,10,0,0,1,1,1,1785502140
2026-07-31T12:55:21Z,259,19,2,2,1,1,1,1,1,1785501737
2026-07-31T12:55:21Z,260,4,1,12,3,0,1,1,1,1785502508
2026-07-31T12:55:21Z,261,10,0,8,0,1,1,1,1,1785502495
2026-07-31T12:55:21Z,262,8,7,14,1,0,1,1,1,1785502440
2026-07-31T12:55:21Z,263,7,0,8,0,0,1,1,1,1785501914
2026-07-31T12:55:21Z,264,7,3,9,3,0,1,1,1,1785502318
2026-07-31T12:55:21Z,265,8,0,7,0,0,1,1,1,1785502274
2026-07-31T12:55:21Z,266,6,6,11,2,0,1,1,1,1785501985
2026-07-31T12:55:21Z,267,6,3,7,2,0,1,1,1,1785500369
2026-07-31T12:55:21Z,268,19,8,4,0,0,1,1,1,1785502293
2026-07-31T12:55:21Z,269,4,2,19,0,0,1,1,1,1785502165
2026-07-31T12:55:21Z,270,23,1,4,0,0,1,1,1,1785502449
2026-07-31T12:55:21Z,271,6,1,11,2,0,1,1,1,1785502267
2026-07-31T12:55:21Z,272,8,8,14,1,0,1,1,1,1785502498
2026-07-31T12:55:21Z,273,7,3,8,0,0,1,1,1,1785501415
2026-07-31T12:55:21Z,274,10,5,8,1,0,1,1,1,1785501455
2026-07-31T12:55:21Z,275,4,0,19,0,0,1,1,1,1785502290
2026-07-31T12:55:21Z,276,4,4,23,0,0,1,1,1,1785501319
2026-07-31T12:55:21Z,277,14,3,4,5,0,1,1,1,1785502259
2026-07-31T12:55:21Z,278,0,0,28,2,1,1,1,1,1785501863
2026-07-31T12:55:21Z,279,18,2,1,0,0,1,1,1,1785502217
2026-07-31T12:55:21Z,280,9,2,20,2,0,1,1,1,1785502389
2026-07-31T12:55:21Z,281,14,0,5,0,0,1,1,1,1785501858
2026-07-31T12:55:21Z,282,6,2,12,0,0,1,1,1,1785500800
2026-07-31T12:55:21Z,283,26,0,9,0,0,1,1,1,1785502336
2026-07-31T12:55:21Z,284,7,0,26,2,0,1,1,1,1785502045
2026-07-31T12:55:21Z,285,7,7,16,0,0,1,1,1,1785501660
2026-07-31T12:55:21Z,286,11,9,8,4,0,1,1,1,1785502118
2026-07-31T12:55:21Z,287,16,5,5,2,0,1,1,1,1785502074
2026-07-31T12:55:21Z,288,5,4,13,1,0,1,1,1,1785502362
2026-07-31T12:55:21Z,289,17,2,7,3,0,1,1,1,1785501896
2026-07-31T12:55:21Z,290,5,0,33,1,0,1,1,1,1785502433
2026-07-31T12:55:21Z,291,6,1,16,1,0,1,1,1,1785502457
2026-07-31T12:55:21Z,292,21,1,2,0,0,1,1,1,1785502493
2026-07-31T12:55:21Z,293,13,10,10,0,0,1,1,1,1785501864
2026-07-31T12:55:21Z,294,4,3,17,1,0,1,1,1,1785502140
2026-07-31T12:55:21Z,297,3,0,13,2,1,1,1,1,1785502513
2026-07-31T12:55:21Z,301,7,0,12,0,0,1,1,1,1785502303
2026-07-31T12:55:21Z,302,7,1,16,0,0,1,1,1,1785501888
2026-07-31T12:55:21Z,303,9,0,10,0,0,1,1,1,1785502488
2026-07-31T12:55:21Z,304,0,0,0,0,0,0,1,1,86400
2026-07-31T12:55:21Z,305,2,0,16,1,0,1,1,1,1785502508
2026-07-31T12:55:21Z,306,9,1,23,0,0,1,1,1,1785502365
2026-07-31T12:55:21Z,307,16,0,5,1,1,1,1,1,1785502479
2026-07-31T12:55:21Z,308,16,0,1,2,0,1,1,1,1785502268
2026-07-31T12:55:21Z,309,9,2,5,0,0,1,1,1,1785502240
2026-07-31T12:55:21Z,311,10,0,5,0,0,1,1,1,1785501508
2026-07-31T12:55:21Z,312,2,1,17,4,0,1,1,1,1785502488
2026-07-31T12:55:21Z,313,0,0,15,0,0,1,1,1,1785500768
2026-07-31T12:55:21Z,314,10,5,6,2,0,1,1,1,1785502511
2026-07-31T12:55:21Z,315,17,3,12,2,0,1,1,1,1785502379
2026-07-31T12:55:21Z,316,1,0,24,5,1,1,1,1,1785502480
2026-07-31T12:55:21Z,317,24,7,6,0,1,1,1,1,1785502475
2026-07-31T12:55:21Z,318,15,0,4,0,0,1,1,1,1785501909
2026-07-31T12:55:21Z,319,12,1,10,1,0,1,1,1,1785502143
2026-07-31T12:55:21Z,320,10,4,8,1,0,1,1,1,1785502438
2026-07-31T12:55:21Z,321,9,2,6,4,0,1,1,1,1785502278
2026-07-31T12:55:21Z,322,5,0,24,0,0,1,1,1,1785501752
2026-07-31T12:55:21Z,323,9,0,10,0,0,1,1,1,1785502367
2026-07-31T12:55:21Z,324,21,0,4,2,0,1,1,1,1785502510
2026-07-31T12:55:21Z,325,8,4,17,2,0,1,1,1,1785502129
2026-07-31T12:55:21Z,327,25,1,1,1,0,1,1,1,1785502449
2026-07-31T12:55:21Z,328,10,0,11,1,0,1,1,1,1785502240
2026-07-31T12:55:21Z,329,15,0,2,2,0,1,1,1,1785501426
2026-07-31T12:55:21Z,330,8,1,13,1,0,1,1,1,1785502204
2026-07-31T12:55:21Z,331,7,2,15,1,0,1,1,1,1785502511
2026-07-31T12:55:21Z,332,8,1,9,2,0,1,1,1,1785502066
2026-07-31T12:55:21Z,333,13,2,9,1,0,1,1,1,1785501742
2026-07-31T12:55:21Z,334,9,7,14,0,0,1,1,1,1785502019
2026-07-31T12:55:21Z,335,3,1,19,0,1,1,1,1,1785501684
2026-07-31T12:55:21Z,336,12,2,7,0,0,1,1,1,1785502509
2026-07-31T12:55:21Z,337,12,2,6,5,0,1,1,1,1785502386
2026-07-31T12:55:21Z,338,11,4,7,1,0,1,1,1,1785501773
2026-07-31T12:55:21Z,339,16,11,5,2,0,1,1,1,1785502403
2026-07-31T12:55:21Z,340,8,8,6,1,0,1,1,1,1785502511
2026-07-31T12:55:21Z,341,0,0,19,0,0,1,1,1,1785502414
2026-07-31T12:55:21Z,342,13,5,0,2,0,1,1,1,1785500433
2026-07-31T12:55:21Z,343,20,2,2,1,0,1,1,1,1785502429
2026-07-31T12:55:21Z,344,17,8,6,0,0,1,1,1,1785502344
2026-07-31T12:55:21Z,345,6,0,13,0,0,1,1,1,1785502436
2026-07-31T12:55:21Z,346,10,5,13,0,0,1,1,1,1785500440
2026-07-31T12:55:21Z,347,40,2,3,1,0,1,1,1,1785502467
2026-07-31T12:55:21Z,348,18,2,3,1,1,1,1,1,1785502281
2026-07-31T12:55:21Z,349,11,3,7,1,0,1,1,1,1785502290
2026-07-31T12:55:21Z,350,12,3,13,1,1,1,1,1,1785502501
2026-07-31T12:55:21Z,351,12,2,7,4,0,1,1,1,1785502276
2026-07-31T12:55:21Z,355,17,1,6,0,0,1,1,1,1785501303
2026-07-31T12:55:21Z,356,13,2,5,1,0,1,1,1,1785502209
2026-07-31T12:55:21Z,357,1,0,18,0,0,1,1,1,1785502337
2026-07-31T12:55:21Z,358,15,4,11,1,0,1,1,1,1785501850
2026-07-31T12:55:21Z,359,12,0,15,0,0,1,1,1,1785502214
2026-07-31T12:55:21Z,360,13,2,4,2,0,1,1,1,1785500292
2026-07-31T12:55:21Z,362,9,4,7,3,0,1,1,1,1785502156
2026-07-31T12:55:21Z,363,7,0,20,0,0,1,1,1,1785502173
2026-07-31T12:55:21Z,364,17,4,2,0,0,1,1,1,1785501730
2026-07-31T12:55:21Z,365,8,0,11,4,0,1,1,1,1785501685
2026-07-31T12:55:21Z,366,6,2,13,4,0,1,1,1,1785502443
2026-07-31T12:55:21Z,367,13,7,4,2,0,1,1,1,1785502221
2026-07-31T12:55:21Z,368,17,4,4,2,0,1,1,1,1785500237
2026-07-31T12:55:21Z,370,8,5,19,0,0,1,1,1,1785502330
2026-07-31T12:55:21Z,371,1,0,17,1,0,1,1,1,1785501961
2026-07-31T12:55:21Z,372,4,0,11,0,0,1,1,1,1785501884
2026-07-31T12:55:21Z,373,25,9,1,1,0,1,1,1,1785502168
2026-07-31T12:55:21Z,374,8,4,9,2,0,1,1,1,1785502321
2026-07-31T12:55:21Z,375,15,5,9,3,0,1,1,1,1785502416
2026-07-31T12:55:21Z,376,26,8,9,4,0,1,1,1,1785501515
2026-07-31T12:55:21Z,377,17,7,9,1,0,1,1,1,1785501148
2026-07-31T12:55:21Z,378,13,4,9,1,1,1,1,1,1785502439
2026-07-31T12:55:21Z,379,15,2,12,0,0,1,1,1,1785501965
2026-07-31T12:55:21Z,380,14,4,8,1,0,1,1,1,1785502217
2026-07-31T12:55:21Z,381,0,0,23,0,0,1,1,1,1785501361
2026-07-31T12:55:21Z,383,1,0,13,1,0,1,1,1,1785502225
2026-07-31T12:55:21Z,384,16,0,9,2,0,1,1,1,1785502477
2026-07-31T12:55:21Z,385,15,5,2,1,0,1,1,1,1785502513
2026-07-31T12:55:21Z,387,18,2,5,0,0,1,1,1,1785502228
2026-07-31T12:55:21Z,388,30,2,18,1,0,1,1,1,1785502500
2026-07-31T12:55:21Z,389,7,5,7,1,0,1,1,1,1785501576
2026-07-31T12:55:21Z,390,12,0,23,0,0,1,1,1,1785502392
2026-07-31T12:55:21Z,391,0,0,14,1,0,1,1,1,1785501753
2026-07-31T12:55:21Z,392,1,1,17,1,0,1,1,1,1785502218
2026-07-31T12:55:21Z,393,3,3,5,3,0,1,1,1,1785487292
2026-07-31T12:55:21Z,394,6,4,5,2,0,1,1,1,1785502246
2026-07-31T12:55:21Z,396,17,8,22,3,0,1,1,1,1785502481
2026-07-31T12:55:21Z,397,11,6,20,0,0,1,1,1,1785501884
2026-07-31T12:55:21Z,399,4,0,11,2,0,1,1,1,1785502208
2026-07-31T12:55:21Z,400,12,7,8,3,0,1,1,1,1785501999
2026-07-31T12:55:21Z,401,0,0,31,8,0,1,1,1,1785500791
2026-07-31T12:55:21Z,403,19,1,8,4,0,1,1,1,1785502309
2026-07-31T12:55:21Z,404,2,1,21,0,0,1,1,1,1785502429
2026-07-31T12:55:21Z,406,5,3,29,1,0,1,1,1,1785502429
2026-07-31T12:55:21Z,407,18,3,15,1,0,1,1,1,1785499747
2026-07-31T12:55:21Z,408,17,4,14,2,0,1,1,1,1785501935
2026-07-31T12:55:21Z,409,2,0,18,3,0,1,1,1,1785498301
2026-07-31T12:55:21Z,413,17,3,5,1,0,1,1,1,1785501595
2026-07-31T12:55:21Z,414,6,2,8,1,0,1,1,1,1785502214
2026-07-31T12:55:21Z,417,4,3,14,1,0,1,1,1,1785501744
2026-07-31T12:55:21Z,418,13,0,2,0,0,1,1,1,1785502500
2026-07-31T12:55:21Z,419,11,0,11,1,0,1,1,1,1785500476
2026-07-31T12:55:21Z,421,3,2,16,0,0,1,1,1,1785502388
2026-07-31T12:55:21Z,422,5,5,21,1,0,1,1,1,1785502244
2026-07-31T12:55:21Z,423,3,2,20,0,0,1,1,1,1785502409
2026-07-31T12:55:21Z,424,1,1,11,3,0,1,1,1,1785502383
2026-07-31T12:55:21Z,425,16,0,5,0,1,1,1,1,1785500631
2026-07-31T12:55:21Z,426,15,1,19,3,0,1,1,1,1785502189
2026-07-31T12:55:21Z,427,7,1,7,1,0,1,1,1,1785502400
2026-07-31T12:55:21Z,428,15,2,3,1,0,1,1,1,1785502340
2026-07-31T12:55:21Z,429,5,2,16,2,0,1,1,1,1785502458
2026-07-31T12:55:21Z,430,26,1,3,2,0,1,1,1,1785502310
2026-07-31T12:55:21Z,431,18,1,14,1,0,1,1,1,1785501927
2026-07-31T12:55:21Z,432,12,0,17,2,0,0,1,1,1785502420
2026-07-31T12:55:21Z,433,17,5,4,2,0,1,1,1,1785500391
2026-07-31T12:55:21Z,437,5,3,13,1,0,1,1,1,1785502433
2026-07-31T12:55:21Z,438,17,1,1,1,0,1,1,1,1785502474
2026-07-31T12:55:21Z,439,2,1,13,0,0,1,1,1,1785502232
2026-07-31T12:55:21Z,440,12,1,0,3,0,1,1,1,1785502436
2026-07-31T12:55:21Z,441,13,3,1,1,0,1,1,1,1785501818
2026-07-31T12:55:21Z,442,17,9,1,1,0,1,1,1,1785501379
2026-07-31T12:55:21Z,443,4,2,23,0,0,1,1,1,1785485488
2026-07-31T12:55:21Z,444,5,2,18,0,0,1,1,1,1785502003
2026-07-31T12:55:21Z,445,7,2,15,1,0,1,1,1,1785502384
2026-07-31T12:55:21Z,446,2,1,20,1,0,1,1,1,1785502334
2026-07-31T12:55:21Z,447,3,0,18,1,1,1,1,1,1785496389
2026-07-31T12:55:21Z,448,7,2,7,1,0,1,1,1,1785501220
2026-07-31T12:55:21Z,452,4,4,14,1,0,1,1,1,1785501852
2026-07-31T12:55:21Z,453,5,5,9,1,0,1,1,1,1785502483
2026-07-31T12:55:21Z,454,6,0,13,0,0,1,1,1,1785502062
2026-07-31T12:55:21Z,455,3,0,34,2,0,1,1,1,1785502429
2026-07-31T12:55:21Z,456,3,0,16,1,0,1,1,1,1785502314
2026-07-31T12:55:21Z,457,25,2,0,2,0,1,1,1,1785501984
2026-07-31T12:55:21Z,458,11,4,12,0,0,1,1,1,1785501652
2026-07-31T12:55:21Z,459,13,0,2,0,0,1,1,1,1785502014
2026-07-31T12:55:21Z,460,13,0,9,1,0,1,1,1,1785501783
2026-07-31T12:55:21Z,461,10,2,9,0,0,1,1,1,1785502340
2026-07-31T12:55:21Z,462,15,2,6,0,0,1,1,1,1785502496
2026-07-31T12:55:21Z,463,9,0,10,0,0,1,1,1,1785499420
2026-07-31T12:55:21Z,464,0,0,14,0,0,1,1,1,1785499858
2026-07-31T12:55:21Z,465,0,0,14,1,0,1,1,1,1785502021
2026-07-31T12:55:21Z,466,9,1,2,4,0,1,1,1,1785502472
2026-07-31T12:55:21Z,467,2,1,17,0,0,1,1,1,1785500498
2026-07-31T12:55:21Z,468,17,1,1,1,0,1,1,1,1785485789
2026-07-31T12:55:21Z,469,3,0,20,0,0,1,1,1,1785502449
2026-07-31T12:55:21Z,470,9,2,5,1,0,1,1,1,1785502495
2026-07-31T12:55:21Z,471,25,3,2,0,0,1,1,1,1785502385
2026-07-31T12:55:21Z,472,8,3,10,1,0,1,1,1,1785502437
2026-07-31T12:55:21Z,473,16,2,2,1,0,1,1,1,1785502394
2026-07-31T12:55:21Z,474,14,0,5,0,0,1,1,1,1785501824
2026-07-31T12:55:21Z,475,7,2,12,0,0,1,1,1,1785502044
2026-07-31T12:55:21Z,477,4,2,9,2,0,1,1,1,1785502476
2026-07-31T12:55:21Z,478,15,0,15,1,0,1,1,1,1785502424
2026-07-31T12:55:21Z,479,2,0,24,1,0,1,1,1,1785502463
2026-07-31T12:55:21Z,480,2,0,11,2,0,1,1,1,1785502272
2026-07-31T12:55:21Z,481,3,0,31,1,0,1,1,1,1785502210
2026-07-31T12:55:21Z,482,11,6,8,0,0,1,1,1,1785501435
2026-07-31T12:55:21Z,483,1,0,24,2,0,1,1,1,1785502473
2026-07-31T12:55:21Z,484,0,0,18,1,0,1,1,1,1785502248
2026-07-31T12:55:21Z,485,13,5,4,1,1,1,1,1,1785502492
2026-07-31T12:55:21Z,486,4,3,20,3,0,1,1,1,1785502494
2026-07-31T12:55:21Z,487,0,0,18,1,0,1,1,1,1785499667
2026-07-31T12:55:21Z,489,1,1,13,1,0,1,1,1,1785502467
2026-07-31T12:55:21Z,490,4,2,12,0,0,1,1,1,1785502067
2026-07-31T12:55:21Z,491,7,2,14,0,0,1,1,1,1785501550
2026-07-31T12:55:21Z,492,2,2,5,4,0,1,1,1,1785502512
2026-07-31T12:55:21Z,493,6,1,20,1,0,1,1,1,1785502235
2026-07-31T12:55:21Z,495,8,0,4,3,0,1,1,1,1785500279
2026-07-31T12:55:21Z,496,19,0,7,1,0,1,1,1,1785502108
2026-07-31T12:55:21Z,497,6,0,12,1,0,1,1,1,1785502451
2026-07-31T12:55:21Z,498,1,0,22,0,0,1,1,1,1785502467
2026-07-31T12:55:21Z,499,14,0,3,2,0,1,1,1,1785502117
2026-07-31T12:55:21Z,500,7,5,6,2,0,1,1,1,1785501987
2026-07-31T12:55:21Z,501,14,7,7,0,0,1,1,1,1785501639
2026-07-31T12:55:21Z,502,11,1,8,0,0,1,1,1,1785501959
2026-07-31T12:55:21Z,503,11,0,19,1,0,1,1,1,1785502204
2026-07-31T12:55:21Z,504,16,3,23,0,0,1,1,1,1785502257
2026-07-31T12:55:21Z,505,0,0,11,1,0,1,1,1,1785502036
2026-07-31T12:55:21Z,511,9,3,14,0,0,1,1,1,1785502343
2026-07-31T12:55:21Z,512,8,0,19,0,0,1,1,1,1785502514
2026-07-31T12:55:21Z,514,1,0,9,1,0,1,1,1,1785502232
2026-07-31T12:55:21Z,515,0,0,19,0,0,1,1,1,1785502093
2026-07-31T12:55:21Z,516,15,1,12,0,0,1,1,1,1785502409
2026-07-31T12:55:21Z,517,11,1,11,1,0,1,1,1,1785501320
2026-07-31T12:55:21Z,518,13,0,1,1,0,1,1,1,1785499590
2026-07-31T12:55:21Z,519,2,0,15,2,0,1,1,1,1785497842
2026-07-31T12:55:21Z,520,11,5,10,5,1,1,1,1,1785502514
2026-07-31T12:55:21Z,521,15,4,8,0,0,1,1,1,1785501962
2026-07-31T12:55:21Z,522,0,0,22,1,0,1,1,1,1785502428
2026-07-31T12:55:21Z,523,4,3,18,1,0,1,1,1,1785501535
2026-07-31T12:55:21Z,524,4,1,19,0,0,1,1,1,1785502483
2026-07-31T12:55:21Z,525,2,0,17,0,0,1,1,1,1785502477
2026-07-31T12:55:21Z,526,13,1,0,2,0,1,1,1,1785502385
2026-07-31T12:55:21Z,527,5,3,18,3,0,1,1,1,1785502418
2026-07-31T12:55:21Z,528,21,2,1,1,0,1,1,1,1785502143
2026-07-31T12:55:21Z,529,5,3,8,6,0,1,1,1,1785502514
2026-07-31T12:55:21Z,530,7,0,13,1,0,1,1,1,1785502486
2026-07-31T12:55:21Z,531,11,0,10,1,1,1,1,1,1785502487
2026-07-31T12:55:21Z,532,13,5,17,1,0,1,1,1,1785502512
2026-07-31T12:55:21Z,533,4,0,14,1,0,1,1,1,1785502483
2026-07-31T12:55:21Z,534,4,1,17,2,0,1,1,1,1785502217
2026-07-31T12:55:21Z,535,4,0,11,0,0,1,1,1,1785502453
2026-07-31T12:55:21Z,536,22,1,1,0,0,1,1,1,1785502349
2026-07-31T12:55:21Z,537,10,1,10,0,0,1,1,1,1785502448
2026-07-31T12:55:21Z,538,9,1,12,0,2,1,1,1,1785502274
2026-07-31T12:55:21Z,539,7,5,24,0,0,1,1,1,1785502330
2026-07-31T12:55:21Z,540,3,0,16,0,0,1,1,1,1785502489
2026-07-31T12:55:21Z,541,11,0,15,1,0,1,1,1,1785502152
2026-07-31T12:55:21Z,542,21,5,0,2,0,1,1,1,1785502302
2026-07-31T12:55:21Z,543,13,2,4,2,0,1,1,1,1785502009
2026-07-31T12:55:21Z,544,4,2,14,4,0,1,1,1,1785502513
2026-07-31T12:55:21Z,545,0,0,17,2,0,1,1,1,1785501259
2026-07-31T12:55:21Z,546,7,5,12,0,0,1,1,1,1785502151
2026-07-31T12:55:21Z,547,18,1,7,0,0,1,1,1,1785501476
2026-07-31T12:55:21Z,548,14,1,9,0,0,1,1,1,1785501002
2026-07-31T12:55:21Z,549,13,0,10,0,0,1,1,1,1785502465
2026-07-31T12:55:21Z,550,3,0,16,0,0,1,1,1,1785502460
2026-07-31T12:55:21Z,551,11,4,12,0,0,1,1,1,1785498819
2026-07-31T12:55:21Z,552,20,0,6,1,0,1,1,1,1785502492
2026-07-31T12:55:21Z,553,10,5,12,0,1,1,1,1,1785502457
2026-07-31T12:55:21Z,554,4,1,15,0,0,1,1,1,1785501259
2026-07-31T12:55:21Z,555,14,6,0,1,0,1,1,1,1785502488
2026-07-31T12:55:21Z,556,15,2,6,2,0,1,1,1,1785502378
2026-07-31T12:55:21Z,557,11,5,8,4,0,1,1,1,1785502363
2026-07-31T12:55:21Z,558,24,4,13,0,0,1,1,1,1785502432
2026-07-31T12:55:21Z,559,4,2,12,3,0,1,1,1,1785502272
2026-07-31T12:55:21Z,560,9,0,17,1,0,1,1,1,1785502206
2026-07-31T12:55:21Z,561,10,1,12,1,0,1,1,1,1785502350
2026-07-31T12:55:21Z,562,3,0,29,3,0,1,1,1,1785486691
2026-07-31T12:55:21Z,563,8,0,6,0,0,1,1,1,1785502485
2026-07-31T12:55:21Z,564,3,0,15,1,0,1,1,1,1785502063
2026-07-31T12:55:21Z,565,1,1,18,0,0,1,1,1,1785501427
2026-07-31T12:55:21Z,566,13,0,5,1,0,1,1,1,1785502433
2026-07-31T12:55:21Z,567,3,0,23,1,0,1,1,1,1785502208
2026-07-31T12:55:21Z,568,18,0,0,1,0,1,1,1,1785501569
2026-07-31T12:55:21Z,569,15,2,4,0,0,1,1,1,1785502469
2026-07-31T12:55:21Z,570,5,0,13,1,0,1,1,1,1785502406
2026-07-31T12:55:21Z,571,18,0,5,0,0,1,1,1,1785502178
2026-07-31T12:55:21Z,572,8,4,10,1,0,1,1,1,1785502265
2026-07-31T12:55:21Z,573,5,0,10,0,0,1,1,1,1785500681
2026-07-31T12:55:21Z,574,2,0,13,0,0,1,1,1,1785501706
2026-07-31T12:55:21Z,575,5,0,15,1,0,1,1,1,1785502495
2026-07-31T12:55:21Z,576,6,2,11,2,0,1,1,1,1785501142
2026-07-31T12:55:21Z,577,14,0,17,0,0,1,1,1,1785501909
2026-07-31T12:55:21Z,578,9,8,13,1,0,1,1,1,1785502165
2026-07-31T12:55:21Z,579,13,1,30,0,0,1,1,1,1785502079
2026-07-31T12:55:21Z,580,0,0,29,0,0,1,1,1,1785501322
2026-07-31T12:55:21Z,581,5,0,14,0,0,1,1,1,1785502453
2026-07-31T12:55:21Z,582,20,1,40,1,0,1,1,1,1785502513
2026-07-31T12:55:21Z,583,16,0,7,0,0,1,1,1,1785502330
2026-07-31T12:55:21Z,584,3,3,10,6,0,1,1,1,1785502078
2026-07-31T12:55:21Z,585,5,1,21,0,1,1,1,1,1785502330
2026-07-31T12:55:21Z,586,9,2,26,0,0,1,1,1,1785502475
2026-07-31T12:55:21Z,587,6,0,17,1,0,1,1,1,1785502147
2026-07-31T12:55:21Z,588,10,4,6,2,1,1,1,1,1785502374
2026-07-31T12:55:21Z,589,6,5,15,1,0,1,1,1,1785502216
2026-07-31T12:55:21Z,590,12,2,18,1,0,1,1,1,1785502483
2026-07-31T12:55:21Z,591,5,0,23,2,0,1,1,1,1785502415
2026-07-31T12:55:21Z,592,14,0,9,0,0,1,1,1,1785501785
2026-07-31T12:55:21Z,593,10,0,28,0,0,1,1,1,1785502316
2026-07-31T12:55:21Z,594,9,0,11,1,0,1,1,1,1785502419
2026-07-31T12:55:21Z,595,0,0,3,0,0,0,1,1,1784046673
2026-07-31T12:55:21Z,605,0,0,2,1,0,0,1,1,1783975843
2026-07-31T12:55:21Z,606,0,0,0,0,0,0,1,1,86400
2026-07-31T12:55:21Z,607,22,1,7,3,0,1,1,1,1785502470
2026-07-31T12:55:21Z,608,19,5,31,0,0,1,1,1,1785502405
2026-07-31T12:55:21Z,609,18,12,5,0,0,1,1,1,1785500923
2026-07-31T12:55:21Z,610,8,5,27,0,0,1,1,1,1785502401
2026-07-31T12:55:21Z,611,6,1,20,1,0,1,1,1,1785502312
2026-07-31T12:55:21Z,612,7,1,8,0,0,1,1,1,1785498548
2026-07-31T12:55:21Z,613,9,0,2,4,0,1,1,1,1785501831
2026-07-31T12:55:21Z,614,5,2,19,2,1,1,1,1,1785501419
2026-07-31T12:55:21Z,617,7,0,7,1,0,1,1,1,1785501906
2026-07-31T12:55:21Z,618,10,1,5,4,0,1,1,1,1785499307
2026-07-31T12:55:21Z,619,5,3,14,0,0,1,1,1,1785501843
2026-07-31T12:55:21Z,620,3,1,24,0,0,1,1,1,1785502441
2026-07-31T12:55:21Z,621,13,11,9,1,0,1,1,1,1785502448
2026-07-31T12:55:21Z,622,18,5,4,1,0,1,1,1,1785502280
2026-07-31T12:55:21Z,623,11,5,18,1,0,1,1,1,1785502140
2026-07-31T12:55:21Z,624,0,0,15,0,0,1,1,1,1785499735
2026-07-31T12:55:21Z,625,4,0,15,2,0,1,1,1,1785502315
2026-07-31T12:55:21Z,626,17,1,28,0,2,1,1,1,1785502287
2026-07-31T12:55:21Z,627,14,6,5,0,0,1,1,1,1785500712
2026-07-31T12:55:21Z,628,1,1,15,2,1,1,1,1,1785502219
2026-07-31T12:55:21Z,629,5,2,5,1,0,1,1,1,1785502341
2026-07-31T12:55:21Z,630,4,3,20,3,0,1,1,1,1785502486
2026-07-31T12:55:21Z,631,16,7,7,0,0,1,1,1,1785502407
2026-07-31T12:55:21Z,632,20,0,1,2,0,1,1,1,1785492884
2026-07-31T12:55:21Z,633,11,0,1,3,0,1,1,1,1785501175
2026-07-31T12:55:21Z,634,11,2,8,0,0,1,1,1,1785502426
2026-07-31T12:55:21Z,635,15,1,4,0,0,1,1,1,1785497505
2026-07-31T12:55:21Z,636,9,2,6,0,0,1,1,1,1785502415
2026-07-31T12:55:21Z,637,9,2,9,1,0,1,1,1,1785500453
2026-07-31T12:55:21Z,638,6,1,11,2,0,1,1,1,1785502495
2026-07-31T12:55:21Z,639,7,1,10,2,0,1,1,1,1785501255
2026-07-31T12:55:21Z,640,9,6,13,1,0,1,1,1,1785502487
2026-07-31T12:55:21Z,641,11,1,13,2,0,1,1,1,1785502369
2026-07-31T12:55:21Z,642,0,0,10,9,0,1,1,1,1785502514
2026-07-31T12:55:21Z,643,8,1,11,8,0,1,1,1,1785502513
2026-07-31T12:55:21Z,644,11,0,3,1,0,1,1,1,1785499858
2026-07-31T12:55:21Z,645,11,0,10,1,1,1,1,1,1785499783
2026-07-31T12:55:21Z,646,5,1,14,0,0,1,1,1,1785501890
2026-07-31T12:55:21Z,647,25,2,6,0,0,1,1,1,1785502268
2026-07-31T12:55:21Z,648,5,0,13,1,0,1,1,1,1785500139
2026-07-31T12:55:21Z,649,19,1,11,1,0,1,1,1,1785500940
2026-07-31T12:55:21Z,650,5,1,9,0,0,1,1,1,1785488201
2026-07-31T12:55:21Z,651,6,6,17,0,0,1,1,1,1785501211
2026-07-31T12:55:21Z,652,1,0,20,2,0,1,1,1,1785502472
2026-07-31T12:55:21Z,653,7,1,12,0,0,1,1,1,1785501393
2026-07-31T12:55:21Z,654,2,1,13,0,0,1,1,1,1785502513
2026-07-31T12:55:21Z,655,7,3,1,4,1,1,1,1,1785502446
2026-07-31T12:55:21Z,656,13,5,6,0,0,1,1,1,1785501706
2026-07-31T12:55:21Z,657,10,2,3,2,2,1,1,1,1785502446
2026-07-31T12:55:21Z,658,9,1,1,0,0,1,1,1,1785473427
2026-07-31T12:55:21Z,659,7,3,6,2,0,1,1,1,1785500179
2026-07-31T12:55:21Z,660,13,2,14,4,0,1,1,1,1785502398
2026-07-31T12:55:21Z,661,3,3,16,0,0,1,1,1,1785502481
2026-07-31T12:55:21Z,662,3,2,17,3,0,1,1,1,1785501656
2026-07-31T12:55:21Z,663,7,5,7,1,0,1,1,1,1785502415
2026-07-31T12:55:21Z,664,5,1,22,0,0,1,1,1,1785502076
2026-07-31T12:55:21Z,665,13,4,2,0,0,1,1,1,1785500164
2026-07-31T12:55:21Z,666,8,2,5,2,0,1,1,1,1785495733
2026-07-31T12:55:21Z,667,1,0,18,0,0,1,1,1,1785502473
2026-07-31T12:55:21Z,668,6,1,13,0,0,1,1,1,1785502427
2026-07-31T12:55:21Z,669,14,5,0,0,0,1,1,1,1785501140
2026-07-31T12:55:21Z,670,12,2,15,0,0,1,1,1,1785501246
2026-07-31T12:55:21Z,671,12,4,14,1,0,1,1,1,1785502390
2026-07-31T12:55:21Z,672,10,2,9,3,1,1,1,1,1785502163
2026-07-31T12:55:21Z,673,4,1,18,1,0,1,1,1,1785502453
2026-07-31T12:55:21Z,674,10,2,10,3,0,1,1,1,1785502222
2026-07-31T12:55:21Z,675,11,5,2,2,0,1,1,1,1785502274
2026-07-31T12:55:21Z,676,8,0,13,1,0,1,1,1,1785501642
2026-07-31T12:55:21Z,681,10,3,2,3,0,1,1,1,1785501987
2026-07-31T12:55:21Z,682,4,1,14,1,0,1,1,1,1785486991
2026-07-31T12:55:21Z,683,3,1,16,0,0,1,1,1,1785499114
2026-07-31T12:55:21Z,684,2,0,25,0,0,1,1,1,1785498876
2026-07-31T12:55:21Z,685,8,0,17,1,1,1,1,1,1785498843
2026-07-31T12:55:21Z,686,9,0,15,3,0,1,1,1,1785502465
2026-07-31T12:55:21Z,687,11,0,18,1,1,1,1,1,1785502477
2026-07-31T12:55:21Z,688,10,0,2,7,0,1,1,1,1785502235
2026-07-31T12:55:21Z,692,5,3,16,0,0,1,1,1,1785502128
2026-07-31T12:55:21Z,693,6,0,2,3,0,1,1,1,1785501664
2026-07-31T12:55:21Z,694,9,6,12,0,0,1,1,1,1785502324
2026-07-31T12:55:21Z,695,10,7,13,0,0,1,1,1,1785502127
2026-07-31T12:55:21Z,696,17,12,4,2,0,1,1,1,1785501531
2026-07-31T12:55:21Z,697,12,0,11,0,0,1,1,1,1785502478
2026-07-31T12:55:21Z,698,10,0,17,0,0,1,1,1,1785502481
2026-07-31T12:55:21Z,699,8,0,6,1,0,1,1,1,1785501987
2026-07-31T12:55:21Z,700,18,4,1,0,0,1,1,1,1785502137
2026-07-31T12:55:21Z,701,13,6,6,0,0,1,1,1,1785502189
2026-07-31T12:55:21Z,702,16,2,7,0,0,1,1,1,1785502314
2026-07-31T12:55:21Z,704,6,1,9,0,0,1,1,1,1785500949
2026-07-31T12:55:21Z,705,3,1,10,2,0,1,1,1,1785502228
2026-07-31T12:55:21Z,706,4,0,8,3,0,1,1,1,1785501615
2026-07-31T12:55:21Z,707,9,1,6,0,0,1,1,1,1785502314
2026-07-31T12:55:21Z,708,15,1,4,0,0,1,1,1,1785502369
2026-07-31T12:55:21Z,709,8,0,4,3,0,1,1,1,1785502192
2026-07-31T12:55:21Z,710,14,3,4,1,0,1,1,1,1785501602
2026-07-31T12:55:21Z,711,18,2,0,5,0,1,1,1,1785502017
2026-07-31T12:55:21Z,712,6,6,9,0,0,1,1,1,1785502240
2026-07-31T12:55:21Z,713,6,1,17,0,0,1,1,1,1785502092
2026-07-31T12:55:21Z,716,4,2,11,0,0,1,1,1,1785501877
2026-07-31T12:55:21Z,717,3,3,19,3,0,1,1,1,1785502334
2026-07-31T12:55:21Z,718,8,2,5,2,0,1,1,1,1785502304
2026-07-31T12:55:21Z,719,12,3,17,0,0,1,1,1,1785502358
2026-07-31T12:55:21Z,720,1,0,18,0,0,1,1,1,1785502162
2026-07-31T12:55:21Z,721,0,0,21,2,0,1,1,1,1785501169
2026-07-31T12:55:21Z,722,5,0,10,0,0,1,1,1,1785501923
2026-07-31T12:55:21Z,723,12,1,11,0,0,1,1,1,1785502030
2026-07-31T12:55:21Z,724,7,2,16,0,0,1,1,1,1785502330
2026-07-31T12:55:21Z,725,20,4,2,1,0,1,1,1,1785502205
2026-07-31T12:55:21Z,726,12,2,7,0,0,1,1,1,1785501751
2026-07-31T12:55:21Z,727,8,3,12,3,0,1,1,1,1785501121
2026-07-31T12:55:21Z,728,9,0,5,1,0,1,1,1,1785502466
2026-07-31T12:55:21Z,729,2,1,17,0,0,1,1,1,1785501535
2026-07-31T12:55:21Z,730,3,2,10,2,0,1,1,1,1785501246
2026-07-31T12:55:21Z,731,10,4,4,1,0,1,1,1,1785502471
2026-07-31T12:55:21Z,732,7,5,8,0,0,1,1,1,1785502243
2026-07-31T12:55:21Z,733,0,0,27,0,0,1,1,1,1785502218
2026-07-31T12:55:21Z,734,0,0,13,1,0,1,1,1,1785501340
2026-07-31T12:55:21Z,735,6,3,21,0,0,1,1,1,1785502072
2026-07-31T12:55:21Z,736,8,1,10,1,0,1,1,1,1785502235
2026-07-31T12:55:21Z,737,5,4,9,0,1,1,1,1,1785502097
2026-07-31T12:55:21Z,738,15,4,2,2,0,1,1,1,1785501647
2026-07-31T12:55:21Z,739,20,2,6,1,0,1,1,1,1785502260
2026-07-31T12:55:21Z,741,7,0,16,0,0,1,1,1,1785502505
2026-07-31T12:55:21Z,742,22,2,11,2,0,1,1,1,1785502490
2026-07-31T12:55:21Z,743,10,4,8,1,0,1,1,1,1785502376
2026-07-31T12:55:21Z,744,8,2,7,0,0,1,1,1,1785502355
2026-07-31T12:55:21Z,745,13,4,5,1,0,1,1,1,1785501077
2026-07-31T12:55:21Z,746,2,0,20,1,0,1,1,1,1785502479
2026-07-31T12:55:21Z,747,0,0,4,0,0,0,1,1,1783446606
2026-07-31T12:55:21Z,748,10,1,13,0,0,1,1,1,1785501888
2026-07-31T12:55:21Z,749,5,3,17,1,0,1,1,1,1785502507
2026-07-31T12:55:21Z,750,7,2,4,0,0,1,1,1,1785502146
2026-07-31T12:55:21Z,751,14,0,9,0,0,1,1,1,1785502496
2026-07-31T12:55:21Z,752,14,1,2,1,0,1,1,1,1785501555
2026-07-31T12:55:21Z,753,2,0,13,0,0,1,1,1,1785502491
2026-07-31T12:55:21Z,754,4,2,10,1,0,1,1,1,1785501594
2026-07-31T12:55:21Z,755,12,4,10,1,0,1,1,1,1785502098
2026-07-31T12:55:21Z,756,18,14,18,1,0,1,1,1,1785502515
2026-07-31T12:55:21Z,757,16,6,1,2,0,1,1,1,1785502151
2026-07-31T12:55:21Z,758,8,2,15,0,0,1,1,1,1785502421
2026-07-31T12:55:21Z,759,0,0,0,0,0,1,1,1,86400
2026-07-31T12:55:21Z,760,10,4,9,0,0,1,1,1,1785501932
2026-07-31T12:55:21Z,761,17,1,5,1,0,1,1,1,1785502408
2026-07-31T12:55:21Z,762,5,3,5,5,0,1,1,1,1785502152
2026-07-31T12:55:21Z,768,8,0,8,3,0,1,1,1,1785501288
2026-07-31T12:55:21Z,769,19,12,0,0,0,1,1,1,1785501637
2026-07-31T12:55:21Z,770,10,3,7,2,0,1,1,1,1785500859
2026-07-31T12:55:21Z,771,12,2,2,1,0,1,1,1,1785502118
2026-07-31T12:55:21Z,772,8,1,7,0,0,1,1,1,1785500905
2026-07-31T12:55:21Z,773,15,4,4,0,0,1,1,1,1785500760
2026-07-31T12:55:21Z,774,8,5,4,3,0,1,1,1,1785502498
2026-07-31T12:55:21Z,775,7,0,10,1,1,1,1,1,1785494713
2026-07-31T12:55:21Z,776,3,1,17,1,0,1,1,1,1785501100
2026-07-31T12:55:21Z,777,10,0,2,3,0,1,1,1,1785500840
2026-07-31T12:55:21Z,778,14,0,2,3,0,1,1,1,1785502444
2026-07-31T12:55:21Z,779,8,1,10,1,0,1,1,1,1785501701
2026-07-31T12:55:21Z,780,17,2,1,1,0,1,1,1,1785501517
2026-07-31T12:55:21Z,781,3,0,6,2,0,1,1,1,1785501575
2026-07-31T12:55:21Z,782,6,3,9,4,0,1,1,1,1785502393
2026-07-31T12:55:21Z,783,6,0,13,0,0,1,1,1,1785501656
2026-07-31T12:55:21Z,784,19,1,0,0,0,1,1,1,1785501266
2026-07-31T12:55:21Z,785,10,2,3,6,0,1,1,1,1785501833
2026-07-31T12:55:21Z,786,12,5,7,0,0,1,1,1,1785502475
2026-07-31T12:55:21Z,787,10,5,3,2,0,1,1,1,1785501110
2026-07-31T12:55:21Z,788,3,0,12,0,0,1,1,1,1785502146
2026-07-31T12:55:21Z,789,10,2,1,4,0,1,1,1,1785502477
2026-07-31T12:55:21Z,790,1,0,21,1,0,1,1,1,1785501054
2026-07-31T12:55:21Z,791,7,0,11,0,1,1,1,1,1785502349
2026-07-31T12:55:21Z,793,4,0,10,1,0,1,1,1,1785502502
2026-07-31T12:55:21Z,794,17,10,10,2,0,1,1,1,1785502306
2026-07-31T12:55:21Z,796,4,3,13,2,0,1,1,1,1785502346
2026-07-31T12:55:21Z,797,1,0,14,0,0,1,1,1,1785499482
2026-07-31T12:55:21Z,798,10,2,14,1,0,1,1,1,1785502260
2026-07-31T12:55:21Z,799,14,1,2,3,0,1,1,1,1785502290
2026-07-31T12:55:21Z,800,7,1,13,1,0,1,1,1,1785502322
2026-07-31T12:55:21Z,801,18,3,1,2,0,1,1,1,1785502355
2026-07-31T12:55:21Z,802,8,0,23,0,0,1,1,1,1785502483
2026-07-31T12:55:21Z,803,1,1,14,0,0,1,1,1,1785502110
2026-07-31T12:55:21Z,806,3,1,12,0,0,1,1,1,1785501885
2026-07-31T12:55:21Z,807,13,1,10,2,0,1,1,1,1785502284
2026-07-31T12:55:21Z,808,4,1,19,2,0,1,1,1,1785502365
2026-07-31T12:55:21Z,809,4,0,18,1,0,1,1,1,1785502307
2026-07-31T12:55:21Z,810,2,0,13,4,0,1,1,1,1785500926
2026-07-31T12:55:21Z,815,0,0,10,4,1,1,1,1,1785502492
2026-07-31T12:55:21Z,817,10,4,5,0,0,1,1,1,1785501632
2026-07-31T12:55:21Z,818,6,0,17,0,0,1,1,1,1785502389
2026-07-31T12:55:21Z,819,6,4,9,0,0,1,1,1,1785487291
2026-07-31T12:55:21Z,820,9,2,8,0,0,1,1,1,1785502317
2026-07-31T12:55:21Z,821,3,1,12,0,0,1,1,1,1785502465
2026-07-31T12:55:21Z,822,8,0,14,1,0,1,1,1,1785501667
2026-07-31T12:55:21Z,823,1,1,14,0,0,1,1,1,1785502451
2026-07-31T12:55:21Z,824,13,5,6,0,0,1,1,1,1785502318
2026-07-31T12:55:21Z,825,8,5,7,0,0,1,1,1,1785495662
2026-07-31T12:55:21Z,826,17,3,0,2,0,1,1,1,1785501446
2026-07-31T12:55:21Z,827,16,4,4,1,0,1,1,1,1785501227
2026-07-31T12:55:21Z,828,13,1,3,2,0,1,1,1,1785500837
2026-07-31T12:55:21Z,829,14,5,13,0,0,1,1,1,1785501708
2026-07-31T12:55:21Z,830,17,2,5,1,0,1,1,1,1785500934
2026-07-31T12:55:21Z,831,6,2,8,1,0,1,1,1,1785501902
2026-07-31T12:55:21Z,832,11,3,4,3,0,1,1,1,1785502511
2026-07-31T12:55:21Z,833,0,0,18,1,0,1,1,1,1785501767
2026-07-31T12:55:21Z,834,5,0,18,1,0,1,1,1,1785502027
2026-07-31T12:55:21Z,835,5,3,11,2,0,1,1,1,1785501666
2026-07-31T12:55:21Z,837,5,1,0,10,0,1,1,1,1785501991
2026-07-31T12:55:21Z,838,11,3,4,0,0,1,1,1,1785502393
2026-07-31T12:55:21Z,839,12,1,17,0,0,1,1,1,1785502514
2026-07-31T12:55:21Z,840,8,4,20,1,0,1,1,1,1785502173
2026-07-31T12:55:21Z,841,5,0,10,0,0,1,1,1,1785501896
2026-07-31T12:55:21Z,842,6,1,17,0,0,1,1,1,1785501727
2026-07-31T12:55:21Z,843,8,0,22,1,0,1,1,1,1785502006
2026-07-31T12:55:21Z,844,6,0,17,0,0,1,1,1,1785501938
2026-07-31T12:55:21Z,845,5,3,12,2,0,1,1,1,1785502101
2026-07-31T12:55:21Z,846,4,0,14,1,0,1,1,1,1785501235
2026-07-31T12:55:21Z,847,7,1,19,1,0,1,1,1,1785501075
2026-07-31T12:55:21Z,848,8,3,10,1,0,1,1,1,1785498928
2026-07-31T12:55:21Z,849,6,1,8,1,0,1,1,1,1785501071
2026-07-31T12:55:21Z,850,8,0,1,2,0,1,1,1,1785501343
2026-07-31T12:55:21Z,851,8,6,27,2,0,1,1,1,1785502422
2026-07-31T12:55:21Z,852,12,6,7,0,0,1,1,1,1785501805
2026-07-31T12:55:21Z,853,10,5,13,0,0,1,1,1,1785500887
2026-07-31T12:55:21Z,854,3,2,12,0,0,1,1,1,1785500932
2026-07-31T12:55:21Z,855,26,0,1,0,0,1,1,1,1785502476
2026-07-31T12:55:21Z,857,4,4,15,0,0,1,1,1,1785502115
2026-07-31T12:55:21Z,858,3,1,15,1,0,1,1,1,1785502479
2026-07-31T12:55:21Z,859,5,0,15,1,0,1,1,1,1785501576
2026-07-31T12:55:21Z,861,8,1,2,1,0,1,1,1,1785488201
2026-07-31T12:55:21Z,862,2,2,13,0,0,1,1,1,1785501927
2026-07-31T12:55:21Z,863,13,0,5,1,0,1,1,1,1785502286
2026-07-31T12:55:21Z,866,11,3,8,0,0,1,1,1,1785502252
2026-07-31T12:55:21Z,867,13,1,2,0,0,1,1,1,1785501539
2026-07-31T12:55:21Z,868,12,2,3,0,0,1,1,1,1785501760
2026-07-31T12:55:21Z,870,7,4,6,2,0,1,1,1,1785501981
2026-07-31T12:55:21Z,871,0,0,10,1,0,1,1,1,1785501344
2026-07-31T12:55:21Z,872,0,0,14,1,0,1,1,1,1785501897
2026-07-31T12:55:21Z,873,19,4,13,1,0,1,1,1,1785502277
2026-07-31T12:55:21Z,874,1,0,11,3,0,1,1,1,1785502048
2026-07-31T12:55:21Z,875,14,10,0,1,0,1,1,1,1785502062
2026-07-31T12:55:21Z,877,12,10,5,2,0,1,1,1,1785501525
2026-07-31T12:55:21Z,878,4,3,14,1,0,1,1,1,1785502104
2026-07-31T12:55:21Z,879,3,1,16,0,0,1,1,1,1785501147
2026-07-31T12:55:21Z,880,1,0,21,1,0,1,1,1,1785502064
2026-07-31T12:55:21Z,881,1,1,18,0,0,1,1,1,1785501960
2026-07-31T12:55:21Z,882,10,0,6,3,0,1,1,1,1785488200
2026-07-31T12:55:21Z,883,12,6,7,0,0,1,1,1,1785502499
2026-07-31T12:55:21Z,884,9,7,12,0,0,1,1,1,1785502018
2026-07-31T12:55:21Z,885,1,0,18,0,0,1,1,1,1785501793
2026-07-31T12:55:21Z,886,20,3,8,1,0,1,1,1,1785502513
2026-07-31T12:55:21Z,887,4,1,10,3,0,1,1,1,1785502494
2026-07-31T12:55:21Z,888,18,5,21,1,1,1,1,1,1785502480
2026-07-31T12:55:21Z,889,13,1,4,2,0,1,1,1,1785502153
2026-07-31T12:55:21Z,890,6,4,9,0,0,1,1,1,1785489632
2026-07-31T12:55:21Z,891,19,0,3,1,0,1,1,1,1785502258
2026-07-31T12:55:21Z,892,13,1,2,0,0,1,1,1,1785488200
2026-07-31T12:55:21Z,895,0,0,19,0,0,1,1,1,1785501047
2026-07-31T12:55:21Z,896,9,1,26,0,0,1,1,1,1785500364
2026-07-31T12:55:21Z,897,11,1,10,0,0,1,1,1,1785501998
2026-07-31T12:55:21Z,898,3,0,16,0,0,1,1,1,1785501711
2026-07-31T12:55:21Z,899,1,0,17,1,0,1,1,1,1785501141
2026-07-31T12:55:21Z,900,6,0,18,3,0,1,1,1,1785502300
2026-07-31T12:55:21Z,901,2,0,16,1,0,1,1,1,1785502475
2026-07-31T12:55:21Z,902,7,0,7,1,0,1,1,1,1785501640
2026-07-31T12:55:21Z,903,13,2,5,1,0,1,1,1,1785501117
2026-07-31T12:55:21Z,904,9,4,9,1,0,1,1,1,1785502105
2026-07-31T12:55:21Z,905,10,0,17,0,0,1,1,1,1785502297
2026-07-31T12:55:21Z,906,0,0,27,0,0,1,1,1,1785501169
2026-07-31T12:55:21Z,907,0,0,30,1,0,1,1,1,1785502329
2026-07-31T12:55:21Z,908,7,0,16,0,0,1,1,1,1785502099
2026-07-31T12:55:21Z,909,2,1,20,1,0,1,1,1,1785502499
2026-07-31T12:55:21Z,910,1,0,30,0,0,1,1,1,1785502493
2026-07-31T12:55:21Z,911,4,1,15,0,0,1,1,1,1785501647
2026-07-31T12:55:21Z,912,3,2,18,2,0,1,1,1,1785502452
2026-07-31T12:55:21Z,913,4,1,15,0,0,1,1,1,1785502297
2026-07-31T12:55:21Z,914,7,0,12,0,0,1,1,1,1785502440
2026-07-31T12:55:21Z,915,12,0,10,1,0,1,1,1,1785502438
2026-07-31T12:55:21Z,916,23,8,0,0,0,1,1,1,1785502270
2026-07-31T12:55:21Z,917,23,4,11,1,0,1,1,1,1785502433
2026-07-31T12:55:21Z,918,2,1,15,2,0,1,1,1,1785502016
2026-07-31T12:55:21Z,919,7,0,30,2,0,1,1,1,1785502435
2026-07-31T12:55:21Z,920,5,2,14,0,0,1,1,1,1785502476
2026-07-31T12:55:21Z,921,12,0,9,0,0,1,1,1,1785501786
2026-07-31T12:55:21Z,922,1,0,19,1,0,1,1,1,1785501764
2026-07-31T12:55:21Z,923,13,4,6,0,0,1,1,1,1785502336
2026-07-31T12:55:21Z,924,9,2,12,0,0,1,1,1,1785501046
2026-07-31T12:55:21Z,925,13,0,8,0,0,1,1,1,1785502271
2026-07-31T12:55:21Z,926,2,1,19,0,0,1,1,1,1785502397
2026-07-31T12:55:21Z,927,16,1,19,0,0,1,1,1,1785502454
2026-07-31T12:55:21Z,928,0,0,19,0,0,0,1,1,1785500252
2026-07-31T12:55:21Z,929,16,3,7,0,0,1,1,1,1785502503
2026-07-31T12:55:21Z,930,1,0,29,1,0,1,1,1,1785502234
2026-07-31T12:55:21Z,931,9,9,13,1,0,1,1,1,1785502360
2026-07-31T12:55:21Z,932,1,1,16,2,0,1,1,1,1785502167
2026-07-31T12:55:21Z,933,0,0,23,0,0,1,1,1,1785502389
2026-07-31T12:55:21Z,934,6,0,24,1,0,1,1,1,1785502219
2026-07-31T12:55:21Z,935,2,0,16,1,0,1,1,1,1785502264
2026-07-31T12:55:21Z,936,11,2,8,0,0,1,1,1,1785502419
2026-07-31T12:55:21Z,940,10,0,1,0,0,1,1,1,1785502071
2026-07-31T12:55:21Z,941,6,0,17,2,0,1,1,1,1785501931
2026-07-31T12:55:21Z,942,4,1,16,1,0,1,1,1,1785502026
2026-07-31T12:55:21Z,943,9,8,6,0,0,1,1,1,1785502000
2026-07-31T12:55:21Z,944,9,8,6,0,0,1,1,1,1785501825
2026-07-31T12:55:21Z,945,10,8,5,0,0,1,1,1,1785501341
2026-07-31T12:55:21Z,946,7,5,12,0,0,1,1,1,1785487593
2026-07-31T12:55:21Z,947,7,5,10,0,0,1,1,1,1785501838
2026-07-31T12:55:21Z,948,24,9,2,5,0,1,1,1,1785502429
2026-07-31T12:55:21Z,949,12,5,3,0,0,1,1,1,1785502474
2026-07-31T12:55:21Z,950,7,4,9,1,0,1,1,1,1785501864
2026-07-31T12:55:21Z,951,20,4,2,1,0,1,1,1,1785502074
2026-07-31T12:55:21Z,952,28,6,26,1,0,1,1,1,1785502466
2026-07-31T12:55:21Z,953,5,0,9,1,0,1,1,1,1785502054
2026-07-31T12:55:21Z,954,13,4,6,0,0,1,1,1,1785502485
2026-07-31T12:55:21Z,955,3,2,18,6,0,1,1,1,1785502112
2026-07-31T12:55:21Z,956,7,2,14,2,0,1,1,1,1785502461
2026-07-31T12:55:21Z,957,7,0,22,0,0,1,1,1,1785502514
2026-07-31T12:55:21Z,958,8,3,23,0,0,1,1,1,1785502389
2026-07-31T12:55:21Z,959,18,9,3,2,0,1,1,1,1785502282
2026-07-31T12:55:21Z,960,16,0,6,1,0,1,1,1,1785502315
2026-07-31T12:55:21Z,961,0,0,20,3,0,1,1,1,1785501332
2026-07-31T12:55:21Z,962,11,2,21,3,0,1,1,1,1785501973
2026-07-31T12:55:21Z,963,1,0,21,1,0,1,1,1,1785502381
2026-07-31T12:55:21Z,964,6,5,16,1,0,1,1,1,1785502482
2026-07-31T12:55:21Z,965,11,4,15,1,0,1,1,1,1785502090
2026-07-31T12:55:21Z,966,17,0,14,0,0,1,1,1,1785502328
2026-07-31T12:55:21Z,967,13,0,7,1,0,1,1,1,1785501925
2026-07-31T12:55:21Z,968,9,0,9,1,0,1,1,1,1785502347
2026-07-31T12:55:21Z,969,9,8,16,2,0,1,1,1,1785501989
2026-07-31T12:55:21Z,970,8,0,9,2,0,1,1,1,1785502210
2026-07-31T12:55:21Z,971,6,0,16,1,0,1,1,1,1785502157
2026-07-31T12:55:21Z,972,9,1,13,1,0,1,1,1,1785501826
2026-07-31T12:55:21Z,973,5,3,17,1,0,1,1,1,1785501818
2026-07-31T12:55:21Z,974,13,1,14,0,0,1,1,1,1785502495
2026-07-31T12:55:21Z,977,2,2,17,2,0,1,1,1,1785502112
2026-07-31T12:55:21Z,978,17,1,6,0,0,1,1,1,1785502278
2026-07-31T12:55:21Z,979,10,0,7,0,0,1,1,1,1785502474
2026-07-31T12:55:21Z,980,12,0,7,2,0,1,1,1,1785502481
2026-07-31T12:55:21Z,981,12,0,8,1,0,1,1,1,1785502499
2026-07-31T12:55:21Z,982,4,2,14,1,0,1,1,1,1785501879
2026-07-31T12:55:21Z,983,3,1,19,1,0,1,1,1,1785502310
2026-07-31T12:55:21Z,984,6,0,17,0,0,1,1,1,1785501596
2026-07-31T12:55:21Z,985,18,2,13,0,0,1,1,1,1785502500
2026-07-31T12:55:21Z,986,4,0,14,1,0,1,1,1,1785502324
2026-07-31T12:55:21Z,987,7,1,16,0,0,1,1,1,1785502428
2026-07-31T12:55:21Z,988,5,1,13,1,0,1,1,1,1785502037
2026-07-31T12:55:21Z,989,10,4,9,0,0,1,1,1,1785501612
2026-07-31T12:55:21Z,990,13,2,1,1,0,1,1,1,1785502314
2026-07-31T12:55:21Z,991,10,2,8,1,0,1,1,1,1785501754
2026-07-31T12:55:21Z,992,9,6,13,1,0,1,1,1,1785500816
2026-07-31T12:55:21Z,993,3,1,22,2,0,1,1,1,1785502457
2026-07-31T12:55:21Z,994,2,1,19,0,0,1,1,1,1785502015
2026-07-31T12:55:21Z,995,6,0,21,0,0,1,1,1,1785502072
2026-07-31T12:55:21Z,996,8,1,15,0,0,1,1,1,1785501869
2026-07-31T12:55:21Z,997,13,7,9,1,0,1,1,1,1785502383
2026-07-31T12:55:21Z,998,3,3,19,1,0,1,1,1,1785502181
2026-07-31T12:55:21Z,999,2,0,16,2,1,1,1,1,1785501939
2026-07-31T12:55:21Z,1000,5,2,16,0,0,1,1,1,1785500927
2026-07-31T12:55:21Z,1001,2,1,25,0,0,1,1,1,1785502213
2026-07-31T12:55:21Z,1002,2,2,27,2,0,1,1,1,1785502228
2026-07-31T12:55:21Z,1003,0,0,22,1,0,1,1,1,1785501826
2026-07-31T12:55:21Z,1004,7,0,16,0,0,1,1,1,1785502101
2026-07-31T12:55:21Z,1005,20,1,3,0,0,1,1,1,1785502015
2026-07-31T12:55:21Z,1006,8,5,11,0,0,1,1,1,1785502338
2026-07-31T12:55:21Z,1007,1,0,20,0,0,1,1,1,1785501479
2026-07-31T12:55:21Z,1008,6,5,15,2,0,1,1,1,1785500991
2026-07-31T12:55:21Z,1009,19,2,8,4,0,1,1,1,1785500854
2026-07-31T12:55:21Z,1010,8,2,19,0,0,1,1,1,1785501698
2026-07-31T12:55:21Z,1011,7,2,10,2,0,1,1,1,1785502218
2026-07-31T12:55:21Z,1012,4,3,18,1,0,1,1,1,1785501783
2026-07-31T12:55:21Z,1013,2,1,20,1,0,1,1,1,1785502370
2026-07-31T12:55:21Z,1014,7,2,13,3,0,1,1,1,1785502303
2026-07-31T12:55:21Z,1015,3,1,25,3,0,1,1,1,1785500781
2026-07-31T12:55:21Z,1016,10,5,21,0,0,1,1,1,1785501672
2026-07-31T12:55:21Z,1017,14,5,7,0,0,1,1,1,1785501185
2026-07-31T12:55:21Z,1018,7,2,15,0,0,1,1,1,1785501869
2026-07-31T12:55:21Z,1019,8,5,7,0,0,1,1,1,1785501780
2026-07-31T12:55:21Z,1020,18,3,3,0,0,1,1,1,1785501053
2026-07-31T12:55:21Z,1021,9,3,5,1,0,1,1,1,1785500766
2026-07-31T12:55:21Z,1022,14,0,13,0,0,1,1,1,1785501973
2026-07-31T12:55:21Z,1023,13,1,9,1,0,1,1,1,1785501608
2026-07-31T12:55:21Z,1024,5,2,13,1,0,1,1,1,1785502195
2026-07-31T12:55:21Z,1025,4,0,14,0,1,1,1,1,1785501943
2026-07-31T12:55:21Z,1026,7,4,18,6,0,1,1,1,1785501138
2026-07-31T12:55:21Z,1028,3,1,20,0,0,1,1,1,1785501960
2026-07-31T12:55:21Z,1029,11,10,4,0,0,1,1,1,1785501066
2026-07-31T12:55:21Z,1030,14,5,9,0,0,1,1,1,1785500830
2026-07-31T12:55:21Z,1031,8,0,11,0,0,1,1,1,1785501180
2026-07-31T12:55:21Z,1032,7,1,12,0,0,1,1,1,1785501846
2026-07-31T12:55:21Z,1033,11,7,8,0,0,1,1,1,1785500848
2026-07-31T12:55:21Z,1034,3,0,12,0,0,1,1,1,1785501850
2026-07-31T12:55:21Z,1035,1,0,16,2,0,1,1,1,1785501899
2026-07-31T12:55:21Z,1036,14,0,1,0,0,1,1,1,1785502431
2026-07-31T12:55:21Z,1037,5,0,13,1,0,1,1,1,1785502218
2026-07-31T12:55:21Z,1038,3,1,12,0,0,1,1,1,1785501621
2026-07-31T12:55:21Z,1039,7,2,12,0,0,1,1,1,1785502000
2026-07-31T12:55:21Z,1040,6,3,11,2,0,1,1,1,1785501886
2026-07-31T12:55:21Z,1041,10,3,9,0,0,1,1,1,1785501766
2026-07-31T12:55:21Z,1042,13,2,1,1,0,1,1,1,1785502294
2026-07-31T12:55:21Z,1043,10,0,5,4,0,1,1,1,1785501921
2026-07-31T12:55:21Z,1044,2,1,13,0,0,1,1,1,1785501603
2026-07-31T12:55:21Z,1045,10,0,9,0,0,1,1,1,1785501833
2026-07-31T12:55:21Z,1046,7,0,8,0,0,1,1,1,1785502297
2026-07-31T12:55:21Z,1047,5,0,16,0,0,1,1,1,1785500788
2026-07-31T12:55:21Z,1048,8,0,11,0,0,1,1,1,1785501932
2026-07-31T12:55:21Z,1049,5,0,16,0,0,1,1,1,1785501887
2026-07-31T12:55:21Z,1050,17,4,4,0,0,1,1,1,1785501177
2026-07-31T12:55:21Z,1051,8,3,13,0,0,1,1,1,1785501053
2026-07-31T12:55:21Z,1052,17,2,5,0,0,1,1,1,1785501680
2026-07-31T12:55:21Z,1053,2,1,13,0,0,1,1,1,1785501731
2026-07-31T12:55:21Z,1054,14,1,1,0,0,1,1,1,1785501988
2026-07-31T12:55:21Z,1055,7,1,12,0,0,1,1,1,1785501978
2026-07-31T12:55:21Z,1057,9,0,9,1,0,1,1,1,1785502173
2026-07-31T12:55:21Z,1058,6,0,48,2,0,1,1,1,1785502048
2026-07-31T12:55:21Z,1059,1,0,17,1,0,1,1,1,1785501858
2026-07-31T12:55:21Z,1060,29,1,8,0,0,1,1,1,1785502215
2026-07-31T12:55:21Z,1061,31,0,6,0,0,1,1,1,1785502468
2026-07-31T12:55:21Z,1062,8,1,9,0,0,1,1,1,1785502340
2026-07-31T12:55:21Z,1063,12,1,6,1,0,1,1,1,1785501888
2026-07-31T12:55:21Z,1064,3,0,19,1,0,1,1,1,1785502230
2026-07-31T12:55:21Z,1065,16,3,7,0,0,1,1,1,1785502474
2026-07-31T12:55:21Z,1066,10,2,13,0,0,1,1,1,1785502295
2026-07-31T12:55:21Z,1067,8,2,13,2,0,1,1,1,1785500747
2026-07-31T12:55:21Z,1068,8,2,13,2,0,1,1,1,1785502066
2026-07-31T12:55:21Z,1069,12,3,11,0,0,1,1,1,1785502106
2026-07-31T12:55:21Z,1070,12,2,11,0,0,1,1,1,1785502203
2026-07-31T12:55:21Z,1071,7,4,16,0,0,1,1,1,1785502242
2026-07-31T12:55:21Z,1072,11,1,11,1,0,1,1,1,1785502479
2026-07-31T12:55:21Z,1073,18,2,8,1,0,1,1,1,1785501923
2026-07-31T12:55:21Z,1074,8,2,44,1,0,1,1,1,1785502464
2026-07-31T12:55:21Z,1075,10,10,11,0,0,1,1,1,1785501610
2026-07-31T12:55:21Z,1076,15,12,6,0,0,1,1,1,1785501049
2026-07-31T12:55:21Z,1077,8,4,13,0,0,1,1,1,1785501831
2026-07-31T12:55:21Z,1078,11,10,10,0,0,1,1,1,1785501091
2026-07-31T12:55:21Z,1079,11,8,10,0,0,1,1,1,1785501717
2026-07-31T12:55:21Z,1080,10,8,10,1,0,1,1,1,1785502318
2026-07-31T12:55:21Z,1081,13,8,6,0,0,1,1,1,1785500878
2026-07-31T12:55:21Z,1082,7,7,1,0,0,1,1,1,1785502148
2026-07-31T12:55:21Z,1083,13,11,8,0,0,1,1,1,1785501987
2026-07-31T12:55:21Z,1084,9,8,12,0,0,1,1,1,1785501603
2026-07-31T12:55:21Z,1085,12,10,9,0,0,1,1,1,1785501291
2026-07-31T12:55:21Z,1086,5,1,15,1,0,1,1,1,1785502476
2026-07-31T12:55:21Z,1087,8,6,7,0,0,1,1,1,1785501131
2026-07-31T12:55:21Z,1088,9,7,6,0,0,1,1,1,1785501893
2026-07-31T12:55:21Z,1089,6,4,9,0,0,1,1,1,1785502239
2026-07-31T12:55:21Z,1090,9,8,6,0,0,1,1,1,1785500958
2026-07-31T12:55:21Z,1091,11,6,4,0,0,1,1,1,1785500871
2026-07-31T12:55:21Z,1092,10,9,5,0,0,1,1,1,1785502296
2026-07-31T12:55:21Z,1093,6,5,9,0,0,1,1,1,1785500779
2026-07-31T12:55:21Z,1094,11,9,7,1,0,1,1,1,1785502478
2026-07-31T12:55:21Z,1095,8,7,7,0,0,1,1,1,1785500714
2026-07-31T12:55:21Z,1096,5,3,13,1,0,1,1,1,1785502209
2026-07-31T12:55:21Z,1097,9,9,6,0,0,1,1,1,1785502418
2026-07-31T12:55:21Z,1098,9,7,10,0,0,1,1,1,1785500952
2026-07-31T12:55:21Z,1099,7,6,8,0,0,1,1,1,1785501677
2026-07-31T12:55:21Z,1100,8,4,21,0,0,1,1,1,1785493678
2026-07-31T12:55:21Z,1101,10,5,11,0,0,1,1,1,1785501580
2026-07-31T12:55:21Z,1102,9,4,4,0,0,1,1,1,1785500846
2026-07-31T12:55:21Z,1103,10,5,11,0,0,1,1,1,1785487895
2026-07-31T12:55:21Z,1104,10,5,11,0,0,1,1,1,1785501335
2026-07-31T12:55:21Z,1105,8,4,5,0,0,1,1,1,1785500733
2026-07-31T12:55:21Z,1106,10,5,11,0,0,1,1,1,1785501677
2026-07-31T12:55:21Z,1107,10,5,5,0,0,1,1,1,1785501952
2026-07-31T12:55:21Z,1108,8,4,16,2,1,1,1,1,1785502476
2026-07-31T12:55:21Z,1109,9,4,6,0,0,1,1,1,1785501907
2026-07-31T12:55:21Z,1110,12,4,9,0,0,1,1,1,1785501202
2026-07-31T12:55:21Z,1111,3,2,18,0,0,1,1,1,1785475740
2026-07-31T12:55:21Z,1112,39,0,14,0,0,1,1,1,1785502405
2026-07-31T12:55:21Z,1113,4,0,17,0,0,1,1,1,1785501149
2026-07-31T12:55:21Z,1115,15,4,4,4,0,1,1,1,1785502378
2026-07-31T12:55:21Z,1116,5,1,14,0,0,1,1,1,1785501864
2026-07-31T12:55:21Z,1117,13,5,9,1,0,1,1,1,1785502326
2026-07-31T12:55:21Z,1118,14,0,5,2,0,1,1,1,1785501994
2026-07-31T12:55:21Z,1119,11,0,5,1,0,1,1,1,1785502353
2026-07-31T12:55:21Z,1120,12,0,6,1,0,1,1,1,1785502095
2026-07-31T12:55:21Z,1121,4,1,14,2,1,1,1,1,1785502510
2026-07-31T12:55:21Z,1122,11,8,7,3,0,1,1,1,1785502431
2026-07-31T12:55:21Z,1123,10,7,11,2,0,1,1,1,1785502110
2026-07-31T12:55:21Z,1124,6,1,4,5,0,1,1,1,1785501680
2026-07-31T12:55:21Z,1125,15,1,8,0,0,1,1,1,1785502157
2026-07-31T12:55:21Z,1126,3,1,17,1,0,1,1,1,1785502272
2026-07-31T12:55:21Z,1127,7,0,11,1,0,1,1,1,1785502385
2026-07-31T12:55:21Z,1128,14,2,0,1,0,1,1,1,1785501860
2026-07-31T12:55:21Z,1129,1,1,19,1,0,1,1,1,1785501591
2026-07-31T12:55:21Z,1130,11,0,4,0,0,1,1,1,1785502487
2026-07-31T12:55:21Z,1131,10,1,38,1,0,1,1,1,1785502154
2026-07-31T12:55:21Z,1132,10,4,10,1,0,1,1,1,1785502179
2026-07-31T12:55:21Z,1133,14,11,6,1,0,1,1,1,1785502028
2026-07-31T12:55:21Z,1134,10,5,9,0,0,1,1,1,1785502373
2026-07-31T12:55:21Z,1135,11,6,10,0,0,1,1,1,1785502111
2026-07-31T12:55:21Z,1136,9,0,14,0,0,1,1,1,1785502448
2026-07-31T12:55:21Z,1137,14,0,1,0,0,1,1,1,1785501776
2026-07-31T12:55:21Z,1138,14,0,5,0,0,1,1,1,1785501825
2026-07-31T12:55:21Z,1139,16,4,4,1,0,1,1,1,1785502357
2026-07-31T12:55:21Z,1140,15,1,7,1,0,1,1,1,1785501889
2026-07-31T12:55:21Z,1141,7,2,14,0,0,1,1,1,1785502037
2026-07-31T12:55:21Z,1142,1,0,20,0,0,1,1,1,1785502502
2026-07-31T12:55:21Z,1143,1,0,28,0,0,1,1,1,1785502084
2026-07-31T12:55:21Z,1144,7,1,13,1,0,1,1,1,1785502100
2026-07-31T12:55:21Z,1145,10,5,10,1,0,1,1,1,1785502253
2026-07-31T12:55:21Z,1146,6,3,12,1,0,1,1,1,1785502498
2026-07-31T12:55:21Z,1147,6,1,13,0,0,1,1,1,1785501789
2026-07-31T12:55:21Z,1148,2,1,29,0,0,1,1,1,1785502354
2026-07-31T12:55:21Z,1149,18,2,6,1,0,1,1,1,1785502514
2026-07-31T12:55:21Z,1150,16,1,3,0,0,1,1,1,1785501830
2026-07-31T12:55:21Z,1151,15,0,6,0,0,1,1,1,1785502514
2026-07-31T12:55:21Z,1152,22,1,7,0,0,1,1,1,1785502332
2026-07-31T12:55:21Z,1153,19,6,3,1,0,1,1,1,1785502408
2026-07-31T12:55:21Z,1154,15,1,4,0,0,1,1,1,1785501289
2026-07-31T12:55:21Z,1155,14,6,5,2,0,1,1,1,1785501863
2026-07-31T12:55:21Z,1158,3,0,15,1,0,1,1,1,1785501753
2026-07-31T12:55:21Z,1159,13,1,6,0,0,1,1,1,1785502110
2026-07-31T12:55:21Z,1160,8,1,10,1,0,1,1,1,1785501199
2026-07-31T12:55:21Z,1161,4,0,14,1,0,1,1,1,1785502247
2026-07-31T12:55:21Z,1162,0,0,19,0,0,1,1,1,1785502495
2026-07-31T12:55:21Z,1163,1,1,17,1,0,1,1,1,1785501871
2026-07-31T12:55:21Z,1164,6,1,13,0,0,1,1,1,1785501928
2026-07-31T12:55:21Z,1165,5,0,16,0,0,1,1,1,1785500851
2026-07-31T12:55:21Z,1166,12,2,8,1,0,1,1,1,1785502183
2026-07-31T12:55:21Z,1167,4,0,11,0,0,1,1,1,1785501628
2026-07-31T12:55:21Z,1168,1,1,21,1,0,1,1,1,1785502135
2026-07-31T12:55:21Z,1169,3,0,15,1,0,1,1,1,1785501775
2026-07-31T12:55:21Z,1170,6,0,14,1,0,1,1,1,1785502154
2026-07-31T12:55:21Z,1171,8,7,15,0,0,1,1,1,1785501833
2026-07-31T12:55:21Z,1172,5,2,8,2,0,1,1,1,1785502066
2026-07-31T12:55:21Z,1173,13,5,6,0,0,1,1,1,1785502027
2026-07-31T12:55:21Z,1174,6,3,9,0,0,1,1,1,1785501697
2026-07-31T12:55:21Z,1175,5,3,14,0,0,1,1,1,1785501948
2026-07-31T12:55:21Z,1176,19,1,2,0,0,1,1,1,1785501235
2026-07-31T12:55:21Z,1177,3,1,18,0,0,1,1,1,1785501164
2026-07-31T12:55:21Z,1178,3,0,12,0,0,1,1,1,1785502496
2026-07-31T12:55:21Z,1181,8,0,6,1,0,1,1,1,1785501905
2026-07-31T12:55:21Z,1182,9,1,11,0,0,1,1,1,1785502481
2026-07-31T12:55:21Z,1183,20,4,22,3,0,1,1,1,1785502269
2026-07-31T12:55:21Z,1184,1,1,18,2,0,1,1,1,1785501472
2026-07-31T12:55:21Z,1185,9,5,12,0,0,1,1,1,1785501720
2026-07-31T12:55:21Z,1186,9,5,10,0,0,1,1,1,1785502297
2026-07-31T12:55:21Z,1187,10,5,10,1,0,1,1,1,1785500808
2026-07-31T12:55:21Z,1188,10,5,5,0,0,1,1,1,1785501959
2026-07-31T12:55:21Z,1189,10,5,9,0,0,1,1,1,1785502059
2026-07-31T12:55:21Z,1190,9,4,12,0,0,1,1,1,1785501454
2026-07-31T12:55:21Z,1191,10,5,5,0,0,1,1,1,1785501964
2026-07-31T12:55:21Z,1192,10,6,10,1,0,1,1,1,1785501824
2026-07-31T12:55:21Z,1193,6,4,5,2,0,1,1,1,1785501006
2026-07-31T12:55:21Z,1197,8,6,8,1,0,1,1,1,1785501691
2026-07-31T12:55:21Z,1198,15,4,4,2,0,1,1,1,1785502349
2026-07-31T12:55:21Z,1199,2,0,17,0,0,1,1,1,1785502365
2026-07-31T12:55:21Z,1200,10,5,5,0,0,1,1,1,1785502001
2026-07-31T12:55:21Z,1201,10,5,5,0,0,1,1,1,1785501978
2026-07-31T12:55:21Z,1202,10,5,5,0,0,1,1,1,1785502079
2026-07-31T12:55:21Z,1203,10,5,5,0,0,1,1,1,1785501977
2026-07-31T12:55:21Z,1204,8,4,11,0,0,1,1,1,1785501730
2026-07-31T12:55:21Z,1206,11,5,10,0,0,1,1,1,1785500952
2026-07-31T12:55:21Z,1207,8,4,6,1,0,1,1,1,1785502290
2026-07-31T12:55:21Z,1208,9,4,10,0,0,1,1,1,1785502209
2026-07-31T12:55:21Z,1216,8,0,12,1,0,1,1,1,1785501180
2026-07-31T12:55:21Z,1218,4,0,17,0,0,1,1,1,1785501574
2026-07-31T12:55:21Z,1219,6,1,8,1,0,1,1,1,1785501426
2026-07-31T12:55:21Z,1220,14,7,4,1,0,1,1,1,1785501290
2026-07-31T12:55:21Z,1221,1,1,19,1,0,1,1,1,1785500887
2026-07-31T12:55:21Z,1222,25,0,4,0,0,1,1,1,1785501944
2026-07-31T12:55:21Z,1223,18,2,11,0,0,1,1,1,1785502381
2026-07-31T12:55:21Z,1226,0,0,3,0,0,0,1,1,1781868931
2026-07-31T12:55:21Z,1227,17,1,8,0,0,1,1,1,1785501660
2026-07-31T12:55:21Z,1228,18,1,11,0,0,1,1,1,1785502508
2026-07-31T12:55:21Z,1229,32,2,12,1,0,1,1,1,1785502358
2026-07-31T13:00:21Z,1,6,2,17,0,0,1,1,1,1785502245
2026-07-31T13:00:21Z,2,11,0,14,2,0,1,1,1,1785501588
2026-07-31T13:00:21Z,3,11,2,2,1,0,1,1,1,1785502776
2026-07-31T13:00:21Z,4,10,0,11,1,0,1,1,1,1785502702
2026-07-31T13:00:21Z,5,11,3,11,1,0,1,1,1,1785497818
2026-07-31T13:00:21Z,6,4,0,11,0,0,1,1,1,1785502424
2026-07-31T13:00:21Z,7,3,0,36,0,0,1,1,1,1785502244
2026-07-31T13:00:21Z,8,8,0,35,0,0,1,1,1,1785502490
2026-07-31T13:00:21Z,9,8,2,15,0,0,1,1,1,1785502418
2026-07-31T13:00:21Z,10,0,0,21,2,0,1,1,1,1785500952
2026-07-31T13:00:21Z,11,13,4,5,1,0,1,1,1,1785502667
2026-07-31T13:00:21Z,12,2,1,21,0,0,1,1,1,1785502206
2026-07-31T13:00:21Z,13,3,0,27,0,0,1,1,1,1785502625
2026-07-31T13:00:21Z,14,4,0,38,0,1,1,1,1,1785502733
2026-07-31T13:00:21Z,15,1,0,14,0,0,1,1,1,1785500656
2026-07-31T13:00:21Z,16,8,0,16,2,1,1,1,1,1785487292
2026-07-31T13:00:21Z,17,1,0,25,1,0,1,1,1,1785502302
2026-07-31T13:00:21Z,18,3,0,13,2,0,1,1,1,1785502707
2026-07-31T13:00:21Z,19,11,2,15,1,0,1,1,1,1785502432
2026-07-31T13:00:21Z,20,14,0,21,0,0,1,1,1,1785502814
2026-07-31T13:00:21Z,21,13,1,3,3,0,1,1,1,1785502813
2026-07-31T13:00:21Z,22,30,0,34,1,0,1,1,1,1785502796
2026-07-31T13:00:21Z,23,24,9,7,0,0,1,1,1,1785502789
2026-07-31T13:00:21Z,24,5,3,4,2,0,1,1,1,1785502809
2026-07-31T13:00:21Z,25,18,4,62,0,1,1,1,1,1785502791
2026-07-31T13:00:21Z,26,11,2,16,0,0,1,1,1,1785502522
2026-07-31T13:00:21Z,28,10,1,5,0,0,1,1,1,1785502515
2026-07-31T13:00:21Z,30,14,5,14,1,0,1,1,1,1785502422
2026-07-31T13:00:21Z,31,2,1,16,1,0,1,1,1,1785502619
2026-07-31T13:00:21Z,32,17,0,10,0,0,1,1,1,1785502785
2026-07-31T13:00:21Z,34,3,2,34,0,0,1,1,1,1785502579
2026-07-31T13:00:21Z,35,28,4,17,2,0,1,1,1,1785502795
2026-07-31T13:00:21Z,36,0,0,0,0,0,0,1,1,86400
2026-07-31T13:00:21Z,37,3,0,20,0,0,1,1,1,1785502740
2026-07-31T13:00:21Z,38,22,4,1,0,0,1,1,1,1785502764
2026-07-31T13:00:21Z,39,21,3,18,0,0,1,1,1,1785500283
2026-07-31T13:00:21Z,40,6,0,15,0,0,1,1,1,1785502682
2026-07-31T13:00:21Z,41,11,1,31,1,0,1,1,1,1785502610
2026-07-31T13:00:21Z,42,18,6,13,0,0,1,1,1,1785502766
2026-07-31T13:00:21Z,43,2,0,21,0,0,1,1,1,1785502105
2026-07-31T13:00:21Z,45,15,3,13,1,0,1,1,1,1785502145
2026-07-31T13:00:21Z,46,4,0,27,0,0,1,1,1,1785502396
2026-07-31T13:00:21Z,47,13,8,1,1,0,1,1,1,1785502487
2026-07-31T13:00:21Z,48,13,0,14,0,0,1,1,1,1785502772
2026-07-31T13:00:21Z,49,19,0,3,1,0,1,1,1,1785502394
2026-07-31T13:00:21Z,50,18,10,1,0,0,1,1,1,1785502400
2026-07-31T13:00:21Z,51,44,0,33,0,0,1,1,1,1785502548
2026-07-31T13:00:21Z,52,9,1,15,3,0,1,1,1,1785502682
2026-07-31T13:00:21Z,55,9,0,14,0,0,1,1,1,1785502732
2026-07-31T13:00:21Z,56,1,0,41,1,0,1,1,1,1785502810
2026-07-31T13:00:21Z,57,7,1,20,0,0,1,1,1,1785502608
2026-07-31T13:00:21Z,58,14,3,14,0,0,1,1,1,1785502706
2026-07-31T13:00:21Z,59,18,7,7,2,0,1,1,1,1785502781
2026-07-31T13:00:21Z,61,9,1,30,0,0,1,1,1,1785502423
2026-07-31T13:00:21Z,62,15,4,34,0,0,1,1,1,1785502813
2026-07-31T13:00:21Z,63,2,0,17,0,0,1,1,1,1785502439
2026-07-31T13:00:21Z,64,12,2,3,4,0,1,1,1,1785502351
2026-07-31T13:00:21Z,65,17,8,1,1,0,1,1,1,1785502637
2026-07-31T13:00:21Z,67,10,3,29,0,0,1,1,1,1785502624
2026-07-31T13:00:21Z,68,5,1,32,0,0,1,1,1,1785502747
2026-07-31T13:00:21Z,69,10,0,5,0,0,1,1,1,1785502772
2026-07-31T13:00:21Z,71,7,0,19,1,0,1,1,1,1785502682
2026-07-31T13:00:21Z,72,25,6,4,1,1,1,1,1,1785502785
2026-07-31T13:00:21Z,73,29,3,2,0,0,1,1,1,1785502809
2026-07-31T13:00:21Z,74,2,1,17,0,0,1,1,1,1785502720
2026-07-31T13:00:21Z,75,4,1,27,1,0,1,1,1,1785502809
2026-07-31T13:00:21Z,76,8,0,10,1,0,1,1,1,1785502813
2026-07-31T13:00:21Z,77,22,1,4,1,0,1,1,1,1785502346
2026-07-31T13:00:21Z,78,9,6,13,1,0,1,1,1,1785502424
2026-07-31T13:00:21Z,79,1,0,15,1,0,1,1,1,1785502054
2026-07-31T13:00:21Z,80,18,1,2,3,0,1,1,1,1785502761
2026-07-31T13:00:21Z,81,5,1,26,0,0,1,1,1,1785502780
2026-07-31T13:00:21Z,82,15,0,8,0,0,1,1,1,1785502404
2026-07-31T13:00:21Z,83,4,0,29,1,0,1,1,1,1785502685
2026-07-31T13:00:21Z,84,14,0,13,0,0,1,1,1,1785502607
2026-07-31T13:00:21Z,85,7,1,8,0,0,1,1,1,1785501696
2026-07-31T13:00:21Z,86,21,0,5,1,0,1,1,1,1785502545
2026-07-31T13:00:21Z,87,19,0,0,0,0,1,1,1,1785501816
2026-07-31T13:00:21Z,88,7,0,35,1,0,1,1,1,1785502741
2026-07-31T13:00:21Z,89,2,0,33,0,0,1,1,1,1785502658
2026-07-31T13:00:21Z,90,1,0,15,2,0,1,1,1,1785502753
2026-07-31T13:00:21Z,91,15,0,2,0,0,1,1,1,1785501068
2026-07-31T13:00:21Z,92,2,1,14,3,0,1,1,1,1785502778
2026-07-31T13:00:21Z,93,0,0,23,0,0,1,1,1,1785502662
2026-07-31T13:00:21Z,94,8,0,10,1,0,1,1,1,1785502688
2026-07-31T13:00:21Z,95,20,0,13,1,1,1,1,1,1785502784
2026-07-31T13:00:21Z,96,26,0,4,1,0,1,1,1,1785502569
2026-07-31T13:00:21Z,97,2,0,14,1,0,1,1,1,1785502750
2026-07-31T13:00:21Z,98,30,0,5,0,0,1,1,1,1785502412
2026-07-31T13:00:21Z,99,0,0,15,0,0,1,1,1,1785501758
2026-07-31T13:00:21Z,100,0,0,27,0,0,1,1,1,1785502069
2026-07-31T13:00:21Z,101,1,0,12,3,0,1,1,1,1785502746
2026-07-31T13:00:21Z,102,3,0,20,0,0,1,1,1,1785502377
2026-07-31T13:00:21Z,103,12,0,17,1,0,1,1,1,1785502731
2026-07-31T13:00:21Z,104,9,1,16,2,0,1,1,1,1785502810
2026-07-31T13:00:21Z,105,14,1,5,0,0,1,1,1,1785495616
2026-07-31T13:00:21Z,106,1,1,20,0,0,1,1,1,1785502125
2026-07-31T13:00:21Z,107,15,3,21,1,0,1,1,1,1785502806
2026-07-31T13:00:21Z,108,1,0,34,0,0,1,1,1,1785502785
2026-07-31T13:00:21Z,109,1,0,22,0,0,1,1,1,1785502760
2026-07-31T13:00:21Z,110,11,0,12,0,0,1,1,1,1785502670
2026-07-31T13:00:21Z,111,6,1,29,1,0,1,1,1,1785502724
2026-07-31T13:00:21Z,112,0,0,14,1,0,1,1,1,1785502707
2026-07-31T13:00:21Z,113,7,0,11,1,0,1,1,1,1785502707
2026-07-31T13:00:21Z,114,25,6,4,1,1,1,1,1,1785502815
2026-07-31T13:00:21Z,115,20,3,7,1,0,1,1,1,1785502456
2026-07-31T13:00:21Z,116,19,8,7,1,0,1,1,1,1785501605
2026-07-31T13:00:21Z,118,14,3,7,2,0,1,1,1,1785502750
2026-07-31T13:00:21Z,119,10,0,24,4,0,1,1,1,1785502750
2026-07-31T13:00:21Z,120,13,0,13,1,0,1,1,1,1785502646
2026-07-31T13:00:21Z,121,3,0,14,1,1,1,1,1,1785502810
2026-07-31T13:00:21Z,122,17,3,4,0,0,1,1,1,1785502655
2026-07-31T13:00:21Z,123,7,3,40,0,0,1,1,1,1785502739
2026-07-31T13:00:21Z,124,14,0,21,0,0,1,1,1,1785502523
2026-07-31T13:00:21Z,125,11,2,11,1,0,1,1,1,1785502695
2026-07-31T13:00:21Z,126,23,3,8,0,0,1,1,1,1785502570
2026-07-31T13:00:21Z,127,23,0,10,2,0,1,1,1,1785502575
2026-07-31T13:00:21Z,128,10,1,9,0,0,1,1,1,1785502787
2026-07-31T13:00:21Z,129,10,0,7,2,0,1,1,1,1785502548
2026-07-31T13:00:21Z,130,6,1,11,0,0,1,1,1,1785501351
2026-07-31T13:00:21Z,131,4,3,5,2,0,1,1,1,1785502704
2026-07-31T13:00:21Z,132,11,4,2,1,1,1,1,1,1785500982
2026-07-31T13:00:21Z,134,7,0,12,4,0,1,1,1,1785502618
2026-07-31T13:00:21Z,135,7,3,11,1,0,1,1,1,1785502788
2026-07-31T13:00:21Z,136,3,0,11,2,7,1,1,1,1785502779
2026-07-31T13:00:21Z,137,7,2,12,0,0,1,1,1,1785502810
2026-07-31T13:00:21Z,138,29,0,8,0,0,1,1,1,1785502773
2026-07-31T13:00:21Z,139,0,0,18,1,0,1,1,1,1785502347
2026-07-31T13:00:21Z,140,0,0,22,1,0,1,1,1,1785502812
2026-07-31T13:00:21Z,141,19,0,17,0,0,1,1,1,1785502636
2026-07-31T13:00:21Z,142,11,0,12,0,0,1,1,1,1785502675
2026-07-31T13:00:21Z,143,1,0,30,0,0,1,1,1,1785501615
2026-07-31T13:00:21Z,144,12,1,15,0,0,1,1,1,1785502562
2026-07-31T13:00:21Z,146,3,1,19,1,0,1,1,1,1785502336
2026-07-31T13:00:21Z,147,11,1,6,2,0,1,1,1,1785502772
2026-07-31T13:00:21Z,148,8,3,18,0,1,1,1,1,1785502744
2026-07-31T13:00:21Z,149,15,1,12,0,0,1,1,1,1785502424
2026-07-31T13:00:21Z,150,18,6,14,3,0,1,1,1,1785502772
2026-07-31T13:00:21Z,151,9,2,14,0,0,1,1,1,1785502760
2026-07-31T13:00:21Z,152,13,0,10,3,0,1,1,1,1785502719
2026-07-31T13:00:21Z,153,0,0,24,7,0,1,1,1,1785502763
2026-07-31T13:00:21Z,154,16,2,3,4,0,1,1,1,1785502807
2026-07-31T13:00:21Z,155,8,3,5,1,0,1,1,1,1785502561
2026-07-31T13:00:21Z,156,5,0,14,0,0,1,1,1,1785502452
2026-07-31T13:00:21Z,157,3,1,22,2,0,1,1,1,1785502627
2026-07-31T13:00:21Z,158,4,1,12,0,0,1,1,1,1785502634
2026-07-31T13:00:21Z,159,0,0,19,0,0,1,1,1,1785497085
2026-07-31T13:00:21Z,160,6,1,13,0,0,1,1,1,1785502727
2026-07-31T13:00:21Z,161,16,1,6,0,0,1,1,1,1785502812
2026-07-31T13:00:21Z,162,17,2,9,1,0,1,1,1,1785502502
2026-07-31T13:00:21Z,163,11,1,19,0,1,1,1,1,1785502762
2026-07-31T13:00:21Z,164,24,4,3,0,0,1,1,1,1785502092
2026-07-31T13:00:21Z,165,18,11,12,1,0,1,1,1,1785502773
2026-07-31T13:00:21Z,166,19,6,16,4,0,1,1,1,1785502812
2026-07-31T13:00:21Z,167,3,2,19,1,0,1,1,1,1785502423
2026-07-31T13:00:21Z,168,23,4,1,3,0,1,1,1,1785502730
2026-07-31T13:00:21Z,169,1,0,20,1,1,1,1,1,1785502652
2026-07-31T13:00:21Z,170,10,3,8,1,0,1,1,1,1785502813
2026-07-31T13:00:21Z,171,6,1,5,2,0,1,1,1,1785502745
2026-07-31T13:00:21Z,173,27,0,12,0,0,1,1,1,1785502720
2026-07-31T13:00:21Z,174,11,0,13,2,0,1,1,1,1785502395
2026-07-31T13:00:21Z,175,13,0,18,0,0,1,1,1,1785502248
2026-07-31T13:00:21Z,176,2,0,10,2,1,1,1,1,1785502150
2026-07-31T13:00:21Z,177,17,4,10,0,0,1,1,1,1785502695
2026-07-31T13:00:21Z,178,2,0,10,2,1,1,1,1,1785502807
2026-07-31T13:00:21Z,179,4,1,10,1,0,1,1,1,1785502780
2026-07-31T13:00:21Z,180,12,0,18,0,0,1,1,1,1785502533
2026-07-31T13:00:21Z,181,14,2,1,0,0,1,1,1,1785502753
2026-07-31T13:00:21Z,182,2,0,15,0,0,1,1,1,1785502295
2026-07-31T13:00:21Z,183,12,0,10,1,0,1,1,1,1785502354
2026-07-31T13:00:21Z,184,17,0,5,1,0,1,1,1,1785502737
2026-07-31T13:00:21Z,185,9,0,3,2,1,1,1,1,1785502702
2026-07-31T13:00:21Z,186,3,2,16,0,0,1,1,1,1785502060
2026-07-31T13:00:21Z,187,13,0,14,1,0,1,1,1,1785502640
2026-07-31T13:00:21Z,188,1,0,18,8,0,1,1,1,1785502771
2026-07-31T13:00:21Z,189,4,0,10,1,0,1,1,1,1785502572
2026-07-31T13:00:21Z,190,6,5,17,0,0,1,1,1,1785502785
2026-07-31T13:00:21Z,191,10,1,29,0,0,1,1,1,1785502769
2026-07-31T13:00:21Z,192,9,1,19,3,0,1,1,1,1785502228
2026-07-31T13:00:21Z,193,8,4,7,0,0,1,1,1,1785502642
2026-07-31T13:00:21Z,194,16,2,10,1,0,1,1,1,1785502157
2026-07-31T13:00:21Z,195,6,2,13,0,0,1,1,1,1785502288
2026-07-31T13:00:21Z,196,2,1,24,1,0,1,1,1,1785502310
2026-07-31T13:00:21Z,197,14,7,4,0,1,1,1,1,1785502564
2026-07-31T13:00:21Z,198,13,12,10,0,0,1,1,1,1785502193
2026-07-31T13:00:21Z,199,7,5,7,1,0,1,1,1,1785502714
2026-07-31T13:00:21Z,200,17,1,8,1,0,1,1,1,1785502702
2026-07-31T13:00:21Z,201,16,3,7,0,0,1,1,1,1785502275
2026-07-31T13:00:21Z,202,2,1,25,0,0,1,1,1,1785502793
2026-07-31T13:00:21Z,203,26,1,4,1,0,1,1,1,1785502777
2026-07-31T13:00:21Z,204,17,0,17,1,0,1,1,1,1785502803
2026-07-31T13:00:21Z,205,9,1,18,0,0,1,1,1,1785502351
2026-07-31T13:00:21Z,206,1,1,14,0,0,1,1,1,1785502444
2026-07-31T13:00:21Z,207,8,0,13,0,0,1,1,1,1785502078
2026-07-31T13:00:21Z,208,18,3,11,0,0,1,1,1,1785502346
2026-07-31T13:00:21Z,209,0,0,29,2,0,1,1,1,1785502811
2026-07-31T13:00:21Z,210,14,1,13,0,0,1,1,1,1785502807
2026-07-31T13:00:21Z,211,5,3,17,1,0,1,1,1,1785502263
2026-07-31T13:00:21Z,212,22,1,12,1,0,1,1,1,1785502552
2026-07-31T13:00:21Z,213,2,1,20,1,0,1,1,1,1785502788
2026-07-31T13:00:21Z,214,39,3,5,3,0,1,1,1,1785502814
2026-07-31T13:00:21Z,215,7,3,15,1,0,1,1,1,1785502076
2026-07-31T13:00:21Z,216,5,1,13,1,0,1,1,1,1785502746
2026-07-31T13:00:21Z,217,5,0,23,1,0,1,1,1,1785502700
2026-07-31T13:00:21Z,218,25,8,13,1,0,1,1,1,1785502812
2026-07-31T13:00:21Z,219,24,1,0,2,0,1,1,1,1785502640
2026-07-31T13:00:21Z,220,13,5,28,1,1,1,1,1,1785502606
2026-07-31T13:00:21Z,221,1,1,13,1,0,1,1,1,1785502724
2026-07-31T13:00:21Z,222,6,6,12,1,0,1,1,1,1785502752
2026-07-31T13:00:21Z,223,18,3,12,5,0,1,1,1,1785502625
2026-07-31T13:00:21Z,224,8,4,14,0,0,1,1,1,1785502702
2026-07-31T13:00:21Z,225,12,1,1,6,0,1,1,1,1785498882
2026-07-31T13:00:21Z,226,27,7,3,1,0,1,1,1,1785502743
2026-07-31T13:00:21Z,227,10,9,15,1,1,1,1,1,1785502692
2026-07-31T13:00:21Z,228,4,0,14,1,0,1,1,1,1785502637
2026-07-31T13:00:21Z,230,10,3,16,0,0,1,1,1,1785502436
2026-07-31T13:00:21Z,232,4,3,12,1,0,1,1,1,1785501802
2026-07-31T13:00:21Z,233,12,0,17,2,0,1,1,1,1785502774
2026-07-31T13:00:21Z,234,7,3,7,3,2,1,1,1,1785502042
2026-07-31T13:00:21Z,236,6,1,13,0,0,1,1,1,1785502738
2026-07-31T13:00:21Z,237,7,3,15,1,0,1,1,1,1785502778
2026-07-31T13:00:21Z,239,20,15,4,3,0,1,1,1,1785502393
2026-07-31T13:00:21Z,241,10,2,12,1,0,1,1,1,1785502357
2026-07-31T13:00:21Z,242,6,1,15,2,0,1,1,1,1785502814
2026-07-31T13:00:21Z,243,7,4,23,1,0,1,1,1,1785502735
2026-07-31T13:00:21Z,244,9,2,16,2,0,1,1,1,1785502629
2026-07-31T13:00:21Z,245,3,3,20,0,0,1,1,1,1785502549
2026-07-31T13:00:21Z,246,19,1,4,0,0,1,1,1,1785502712
2026-07-31T13:00:21Z,247,8,8,14,1,0,1,1,1,1785502712
2026-07-31T13:00:21Z,248,13,3,8,2,0,1,1,1,1785502729
2026-07-31T13:00:21Z,249,2,0,16,1,0,1,1,1,1785502668
2026-07-31T13:00:21Z,250,23,9,4,0,0,1,1,1,1785502705
2026-07-31T13:00:21Z,251,11,4,14,2,0,1,1,1,1785502790
2026-07-31T13:00:21Z,253,7,3,12,0,0,1,1,1,1785502352
2026-07-31T13:00:21Z,254,14,13,28,1,0,1,1,1,1785502789
2026-07-31T13:00:21Z,255,0,0,22,0,1,1,1,1,1785502676
2026-07-31T13:00:21Z,256,0,0,20,3,0,1,1,1,1785502223
2026-07-31T13:00:21Z,257,5,3,14,0,0,1,1,1,1785502308
2026-07-31T13:00:21Z,258,8,0,11,0,0,1,1,1,1785502723
2026-07-31T13:00:21Z,259,19,2,2,1,1,1,1,1,1785502796
2026-07-31T13:00:21Z,260,2,1,14,3,0,1,1,1,1785502570
2026-07-31T13:00:21Z,261,8,0,10,0,1,1,1,1,1785502635
2026-07-31T13:00:21Z,262,8,7,14,1,0,1,1,1,1785502693
2026-07-31T13:00:21Z,263,7,0,8,0,0,1,1,1,1785501914
2026-07-31T13:00:21Z,264,8,3,8,3,0,1,1,1,1785502575
2026-07-31T13:00:21Z,265,8,0,7,0,0,1,1,1,1785502274
2026-07-31T13:00:21Z,266,6,6,11,2,0,1,1,1,1785501985
2026-07-31T13:00:21Z,267,6,3,7,2,0,1,1,1,1785500369
2026-07-31T13:00:21Z,268,19,8,4,0,0,1,1,1,1785502293
2026-07-31T13:00:21Z,269,4,2,19,0,0,1,1,1,1785502165
2026-07-31T13:00:21Z,270,22,1,5,0,0,1,1,1,1785502574
2026-07-31T13:00:21Z,271,5,1,12,2,0,1,1,1,1785502812
2026-07-31T13:00:21Z,272,8,8,14,1,0,1,1,1,1785502498
2026-07-31T13:00:21Z,273,6,3,9,0,0,1,1,1,1785502679
2026-07-31T13:00:21Z,274,10,5,8,1,0,1,1,1,1785501455
2026-07-31T13:00:21Z,275,5,0,18,0,0,1,1,1,1785502527
2026-07-31T13:00:21Z,276,6,5,21,0,0,1,1,1,1785502761
2026-07-31T13:00:21Z,277,14,3,4,5,0,1,1,1,1785502259
2026-07-31T13:00:21Z,278,0,0,28,2,1,1,1,1,1785502775
2026-07-31T13:00:21Z,279,17,1,2,0,0,1,1,1,1785502559
2026-07-31T13:00:21Z,280,8,2,21,2,0,1,1,1,1785502756
2026-07-31T13:00:21Z,281,14,0,5,0,0,1,1,1,1785501858
2026-07-31T13:00:21Z,282,6,2,12,0,0,1,1,1,1785500800
2026-07-31T13:00:21Z,283,27,0,8,0,0,1,1,1,1785502759
2026-07-31T13:00:21Z,284,6,0,27,2,0,1,1,1,1785502708
2026-07-31T13:00:21Z,285,7,7,16,0,0,1,1,1,1785501660
2026-07-31T13:00:21Z,286,10,9,9,4,0,1,1,1,1785502571
2026-07-31T13:00:21Z,287,14,5,7,2,0,1,1,1,1785502618
2026-07-31T13:00:21Z,288,4,3,14,1,0,1,1,1,1785502742
2026-07-31T13:00:21Z,289,17,2,7,3,0,1,1,1,1785501896
2026-07-31T13:00:21Z,290,3,0,35,1,0,1,1,1,1785502762
2026-07-31T13:00:21Z,291,6,1,16,1,0,1,1,1,1785502457
2026-07-31T13:00:21Z,292,21,1,2,0,0,1,1,1,1785502636
2026-07-31T13:00:21Z,293,12,10,11,0,0,1,1,1,1785502800
2026-07-31T13:00:21Z,294,4,3,17,1,0,1,1,1,1785502140
2026-07-31T13:00:21Z,297,1,0,15,2,1,1,1,1,1785502813
2026-07-31T13:00:21Z,301,7,0,12,0,0,1,1,1,1785502303
2026-07-31T13:00:21Z,302,8,1,15,0,0,1,1,1,1785502533
2026-07-31T13:00:21Z,303,10,0,9,0,0,1,1,1,1785502571
2026-07-31T13:00:21Z,304,0,0,0,0,0,0,1,1,86400
2026-07-31T13:00:21Z,305,2,0,16,1,0,1,1,1,1785502809
2026-07-31T13:00:21Z,306,8,0,24,0,0,1,1,1,1785502734
2026-07-31T13:00:21Z,307,16,0,5,1,1,1,1,1,1785502794
2026-07-31T13:00:21Z,308,15,0,2,2,0,1,1,1,1785502643
2026-07-31T13:00:21Z,309,8,1,6,0,0,1,1,1,1785502601
2026-07-31T13:00:21Z,311,9,0,6,0,0,1,1,1,1785502732
2026-07-31T13:00:21Z,312,2,1,17,4,0,1,1,1,1785502803
2026-07-31T13:00:21Z,313,0,0,15,0,0,1,1,1,1785500768
2026-07-31T13:00:21Z,314,11,6,6,1,0,1,1,1,1785502747
2026-07-31T13:00:21Z,315,17,3,12,2,0,1,1,1,1785502379
2026-07-31T13:00:21Z,316,1,0,24,5,1,1,1,1,1785502766
2026-07-31T13:00:21Z,317,24,7,6,0,1,1,1,1,1785502651
2026-07-31T13:00:21Z,318,15,0,4,0,0,1,1,1,1785501909
2026-07-31T13:00:21Z,319,9,1,13,1,0,1,1,1,1785502813
2026-07-31T13:00:21Z,320,10,4,8,1,0,1,1,1,1785502438
2026-07-31T13:00:21Z,321,9,2,6,4,0,1,1,1,1785502593
2026-07-31T13:00:21Z,322,5,0,24,0,0,1,1,1,1785501752
2026-07-31T13:00:21Z,323,9,0,10,0,0,1,1,1,1785502367
2026-07-31T13:00:21Z,324,20,0,5,2,0,1,1,1,1785502805
2026-07-31T13:00:21Z,325,8,4,17,2,0,1,1,1,1785502129
2026-07-31T13:00:21Z,327,24,1,2,1,0,1,1,1,1785502702
2026-07-31T13:00:21Z,328,10,0,11,1,0,1,1,1,1785502240
2026-07-31T13:00:21Z,329,15,0,2,2,0,1,1,1,1785501426
2026-07-31T13:00:21Z,330,7,1,14,1,0,1,1,1,1785502736
2026-07-31T13:00:21Z,331,6,2,16,1,0,1,1,1,1785502802
2026-07-31T13:00:21Z,332,9,1,8,2,0,1,1,1,1785502700
2026-07-31T13:00:21Z,333,13,2,9,1,0,1,1,1,1785501742
2026-07-31T13:00:21Z,334,8,7,15,0,0,1,1,1,1785502764
2026-07-31T13:00:21Z,335,2,1,20,0,1,1,1,1,1785502690
2026-07-31T13:00:21Z,336,11,1,7,1,0,1,1,1,1785502532
2026-07-31T13:00:21Z,337,12,2,6,5,0,1,1,1,1785502662
2026-07-31T13:00:21Z,338,11,4,7,1,0,1,1,1,1785501773
2026-07-31T13:00:21Z,339,16,11,5,2,0,1,1,1,1785502403
2026-07-31T13:00:21Z,340,8,7,6,1,0,1,1,1,1785502618
2026-07-31T13:00:21Z,341,1,1,18,0,0,1,1,1,1785502774
2026-07-31T13:00:21Z,342,13,5,0,2,0,1,1,1,1785500433
2026-07-31T13:00:21Z,343,19,2,3,1,0,1,1,1,1785502778
2026-07-31T13:00:21Z,344,16,7,6,1,0,1,1,1,1785502623
2026-07-31T13:00:21Z,345,5,0,14,0,0,1,1,1,1785502732
2026-07-31T13:00:21Z,346,9,4,14,0,0,1,1,1,1785502797
2026-07-31T13:00:21Z,347,41,2,3,0,0,1,1,1,1785502725
2026-07-31T13:00:21Z,348,17,2,4,1,1,1,1,1,1785502699
2026-07-31T13:00:21Z,349,11,3,7,1,0,1,1,1,1785502290
2026-07-31T13:00:21Z,350,11,3,14,1,1,1,1,1,1785502615
2026-07-31T13:00:21Z,351,12,1,7,4,0,1,1,1,1785502719
2026-07-31T13:00:21Z,355,17,1,6,0,0,1,1,1,1785502810
2026-07-31T13:00:21Z,356,14,2,4,1,0,1,1,1,1785502524
2026-07-31T13:00:21Z,357,1,0,18,0,0,1,1,1,1785502337
2026-07-31T13:00:21Z,358,14,3,12,1,0,1,1,1,1785502779
2026-07-31T13:00:21Z,359,12,0,15,0,0,1,1,1,1785502214
2026-07-31T13:00:21Z,360,12,2,5,2,0,1,1,1,1785502763
2026-07-31T13:00:21Z,362,9,4,7,3,0,1,1,1,1785502156
2026-07-31T13:00:21Z,363,7,0,20,0,0,1,1,1,1785502173
2026-07-31T13:00:21Z,364,17,4,2,0,0,1,1,1,1785501730
2026-07-31T13:00:21Z,365,7,0,12,4,0,1,1,1,1785502551
2026-07-31T13:00:21Z,366,6,2,13,4,0,1,1,1,1785502705
2026-07-31T13:00:21Z,367,13,7,4,2,0,1,1,1,1785502221
2026-07-31T13:00:21Z,368,18,4,4,1,0,1,1,1,1785502806
2026-07-31T13:00:21Z,370,8,5,19,0,0,1,1,1,1785502330
2026-07-31T13:00:21Z,371,1,0,17,1,0,1,1,1,1785501961
2026-07-31T13:00:21Z,372,4,0,11,0,0,1,1,1,1785501884
2026-07-31T13:00:21Z,373,26,9,0,1,0,1,1,1,1785502663
2026-07-31T13:00:21Z,374,7,3,10,2,0,1,1,1,1785502636
2026-07-31T13:00:21Z,375,15,6,8,4,0,1,1,1,1785502656
2026-07-31T13:00:21Z,376,27,7,7,5,0,1,1,1,1785502735
2026-07-31T13:00:21Z,377,16,6,10,1,0,1,1,1,1785502810
2026-07-31T13:00:21Z,378,13,4,9,1,1,1,1,1,1785502727
2026-07-31T13:00:21Z,379,14,1,13,0,0,1,1,1,1785502639
2026-07-31T13:00:21Z,380,14,4,8,1,0,1,1,1,1785502217
2026-07-31T13:00:21Z,381,0,0,23,0,0,1,1,1,1785501361
2026-07-31T13:00:21Z,383,1,0,13,1,0,1,1,1,1785502225
2026-07-31T13:00:21Z,384,15,0,10,2,0,1,1,1,1785502659
2026-07-31T13:00:21Z,385,16,5,1,1,0,1,1,1,1785502597
2026-07-31T13:00:21Z,387,18,2,5,0,0,1,1,1,1785502228
2026-07-31T13:00:21Z,388,30,2,18,1,0,1,1,1,1785502500
2026-07-31T13:00:21Z,389,7,5,7,1,0,1,1,1,1785501576
2026-07-31T13:00:21Z,390,12,0,23,0,0,1,1,1,1785502392
2026-07-31T13:00:21Z,391,0,0,14,1,0,1,1,1,1785501753
2026-07-31T13:00:21Z,392,1,1,17,1,0,1,1,1,1785502533
2026-07-31T13:00:21Z,393,3,3,5,3,0,1,1,1,1785487292
2026-07-31T13:00:21Z,394,7,5,4,2,0,1,1,1,1785502798
2026-07-31T13:00:21Z,396,19,8,20,3,0,1,1,1,1785502531
2026-07-31T13:00:21Z,397,11,6,20,0,0,1,1,1,1785501884
2026-07-31T13:00:21Z,399,5,1,10,2,0,1,1,1,1785502779
2026-07-31T13:00:21Z,400,12,7,8,3,0,1,1,1,1785501999
2026-07-31T13:00:21Z,401,1,0,30,8,0,1,1,1,1785502571
2026-07-31T13:00:21Z,403,18,1,9,4,0,1,1,1,1785502624
2026-07-31T13:00:21Z,404,2,1,21,0,0,1,1,1,1785502714
2026-07-31T13:00:21Z,406,5,3,29,1,0,1,1,1,1785502429
2026-07-31T13:00:21Z,407,18,3,15,1,0,1,1,1,1785499747
2026-07-31T13:00:21Z,408,17,4,14,2,0,1,1,1,1785501935
2026-07-31T13:00:21Z,409,2,0,18,3,0,1,1,1,1785498301
2026-07-31T13:00:21Z,413,18,3,4,1,0,1,1,1,1785502615
2026-07-31T13:00:21Z,414,7,2,7,1,0,1,1,1,1785502706
2026-07-31T13:00:21Z,417,2,1,16,1,0,1,1,1,1785502678
2026-07-31T13:00:21Z,418,11,0,4,0,0,1,1,1,1785502613
2026-07-31T13:00:21Z,419,11,0,11,1,0,1,1,1,1785500476
2026-07-31T13:00:21Z,421,3,2,16,0,0,1,1,1,1785502388
2026-07-31T13:00:21Z,422,5,4,21,1,0,1,1,1,1785502620
2026-07-31T13:00:21Z,423,3,2,20,0,0,1,1,1,1785502409
2026-07-31T13:00:21Z,424,0,0,12,3,0,1,1,1,1785502689
2026-07-31T13:00:21Z,425,16,0,5,0,1,1,1,1,1785500631
2026-07-31T13:00:21Z,426,15,1,20,2,0,1,1,1,1785502786
2026-07-31T13:00:21Z,427,7,1,7,1,0,1,1,1,1785502799
2026-07-31T13:00:21Z,428,13,2,5,1,0,1,1,1,1785502759
2026-07-31T13:00:21Z,429,5,2,16,2,0,1,1,1,1785502767
2026-07-31T13:00:21Z,430,26,0,3,2,0,1,1,1,1785502777
2026-07-31T13:00:21Z,431,17,1,15,1,0,1,1,1,1785502733
2026-07-31T13:00:21Z,432,15,0,14,2,0,0,1,1,1785502758
2026-07-31T13:00:21Z,433,17,5,4,2,0,1,1,1,1785500391
2026-07-31T13:00:21Z,437,5,3,13,1,0,1,1,1,1785502433
2026-07-31T13:00:21Z,438,17,1,0,2,0,1,1,1,1785502790
2026-07-31T13:00:21Z,439,2,1,13,0,0,1,1,1,1785502232
2026-07-31T13:00:21Z,440,12,1,0,3,0,1,1,1,1785502436
2026-07-31T13:00:21Z,441,12,3,2,1,0,1,1,1,1785502537
2026-07-31T13:00:21Z,442,15,8,3,1,0,1,1,1,1785502601
2026-07-31T13:00:21Z,443,4,2,23,0,0,1,1,1,1785485488
2026-07-31T13:00:21Z,444,6,2,17,0,0,1,1,1,1785502643
2026-07-31T13:00:21Z,445,7,2,15,1,0,1,1,1,1785502699
2026-07-31T13:00:21Z,446,2,1,20,1,0,1,1,1,1785502334
2026-07-31T13:00:21Z,447,3,0,18,1,1,1,1,1,1785496389
2026-07-31T13:00:21Z,448,7,2,7,1,0,1,1,1,1785501220
2026-07-31T13:00:21Z,452,5,4,13,1,0,1,1,1,1785502528
2026-07-31T13:00:21Z,453,5,5,9,1,0,1,1,1,1785502483
2026-07-31T13:00:21Z,454,6,0,13,0,0,1,1,1,1785502062
2026-07-31T13:00:21Z,455,3,0,34,2,0,1,1,1,1785502429
2026-07-31T13:00:21Z,456,3,0,16,1,0,1,1,1,1785502629
2026-07-31T13:00:21Z,457,25,2,0,2,0,1,1,1,1785501984
2026-07-31T13:00:21Z,458,11,4,12,0,0,1,1,1,1785501652
2026-07-31T13:00:21Z,459,14,0,1,0,0,1,1,1,1785502515
2026-07-31T13:00:21Z,460,13,0,9,1,0,1,1,1,1785501783
2026-07-31T13:00:21Z,461,10,2,9,0,0,1,1,1,1785502340
2026-07-31T13:00:21Z,462,16,2,5,0,0,1,1,1,1785502536
2026-07-31T13:00:21Z,463,9,0,10,0,0,1,1,1,1785499420
2026-07-31T13:00:21Z,464,0,0,14,0,0,1,1,1,1785499858
2026-07-31T13:00:21Z,465,0,0,14,1,0,1,1,1,1785502021
2026-07-31T13:00:21Z,466,9,1,2,4,0,1,1,1,1785502577
2026-07-31T13:00:21Z,467,3,1,16,0,0,1,1,1,1785502765
2026-07-31T13:00:21Z,468,17,1,1,1,0,1,1,1,1785485789
2026-07-31T13:00:21Z,469,3,0,20,0,0,1,1,1,1785502449
2026-07-31T13:00:21Z,470,9,2,5,1,0,1,1,1,1785502811
2026-07-31T13:00:21Z,471,25,3,2,0,0,1,1,1,1785502385
2026-07-31T13:00:21Z,472,8,3,10,1,0,1,1,1,1785502753
2026-07-31T13:00:21Z,473,16,2,2,1,0,1,1,1,1785502394
2026-07-31T13:00:21Z,474,14,0,5,0,0,1,1,1,1785501824
2026-07-31T13:00:21Z,475,7,2,12,0,0,1,1,1,1785502044
2026-07-31T13:00:21Z,477,3,2,10,2,0,1,1,1,1785502735
2026-07-31T13:00:21Z,478,15,0,15,1,0,1,1,1,1785502698
2026-07-31T13:00:21Z,479,2,0,24,1,0,1,1,1,1785502463
2026-07-31T13:00:21Z,480,2,0,11,2,0,1,1,1,1785502272
2026-07-31T13:00:21Z,481,3,0,31,1,0,1,1,1,1785502526
2026-07-31T13:00:21Z,482,11,6,8,0,0,1,1,1,1785501435
2026-07-31T13:00:21Z,483,3,0,22,2,0,1,1,1,1785502763
2026-07-31T13:00:21Z,484,0,0,18,1,0,1,1,1,1785502567
2026-07-31T13:00:21Z,485,13,5,4,1,1,1,1,1,1785502807
2026-07-31T13:00:21Z,486,4,3,20,3,0,1,1,1,1785502810
2026-07-31T13:00:21Z,487,0,0,18,1,0,1,1,1,1785499667
2026-07-31T13:00:21Z,489,1,1,13,1,0,1,1,1,1785502467
2026-07-31T13:00:21Z,490,4,2,12,0,0,1,1,1,1785502067
2026-07-31T13:00:21Z,491,7,3,14,0,0,1,1,1,1785502651
2026-07-31T13:00:21Z,492,2,2,5,4,0,1,1,1,1785502810
2026-07-31T13:00:21Z,493,6,1,20,1,0,1,1,1,1785502235
2026-07-31T13:00:21Z,495,8,0,4,3,0,1,1,1,1785500279
2026-07-31T13:00:21Z,496,17,0,9,1,0,1,1,1,1785502798
2026-07-31T13:00:21Z,497,5,0,13,1,0,1,1,1,1785502583
2026-07-31T13:00:21Z,498,0,0,23,0,0,1,1,1,1785502538
2026-07-31T13:00:21Z,499,14,0,3,2,0,1,1,1,1785502117
2026-07-31T13:00:21Z,500,7,5,6,2,0,1,1,1,1785501987
2026-07-31T13:00:21Z,501,14,7,7,0,0,1,1,1,1785501639
2026-07-31T13:00:21Z,502,12,2,7,0,0,1,1,1,1785502554
2026-07-31T13:00:21Z,503,11,0,19,1,0,1,1,1,1785502711
2026-07-31T13:00:21Z,504,18,3,21,0,0,1,1,1,1785502760
2026-07-31T13:00:21Z,505,0,0,11,1,0,1,1,1,1785502036
2026-07-31T13:00:21Z,511,9,3,14,0,0,1,1,1,1785502343
2026-07-31T13:00:21Z,512,10,0,16,1,0,1,1,1,1785502802
2026-07-31T13:00:21Z,514,0,0,10,1,0,1,1,1,1785502627
2026-07-31T13:00:21Z,515,0,0,19,0,0,1,1,1,1785502093
2026-07-31T13:00:21Z,516,15,1,12,0,0,1,1,1,1785502409
2026-07-31T13:00:21Z,517,11,1,11,1,0,1,1,1,1785501320
2026-07-31T13:00:21Z,518,12,0,2,1,0,1,1,1,1785502715
2026-07-31T13:00:21Z,519,2,0,15,2,0,1,1,1,1785497842
2026-07-31T13:00:21Z,520,13,6,8,5,1,1,1,1,1785502812
2026-07-31T13:00:21Z,521,14,4,9,0,0,1,1,1,1785502536
2026-07-31T13:00:21Z,522,0,0,22,1,0,1,1,1,1785502428
2026-07-31T13:00:21Z,523,4,3,18,1,0,1,1,1,1785501535
2026-07-31T13:00:21Z,524,3,1,20,0,0,1,1,1,1785502562
2026-07-31T13:00:21Z,525,2,0,17,0,0,1,1,1,1785502620
2026-07-31T13:00:21Z,526,13,1,0,2,0,1,1,1,1785502385
2026-07-31T13:00:21Z,527,5,3,18,3,0,1,1,1,1785502524
2026-07-31T13:00:21Z,528,21,2,1,1,0,1,1,1,1785502143
2026-07-31T13:00:21Z,529,5,3,8,6,0,1,1,1,1785502814
2026-07-31T13:00:21Z,530,8,0,12,1,0,1,1,1,1785502537
2026-07-31T13:00:21Z,531,10,0,11,1,1,1,1,1,1785502814
2026-07-31T13:00:21Z,532,15,6,15,1,0,1,1,1,1785502809
2026-07-31T13:00:21Z,533,4,0,14,1,0,1,1,1,1785502630
2026-07-31T13:00:21Z,534,4,1,17,2,0,1,1,1,1785502217
2026-07-31T13:00:21Z,535,4,0,11,0,0,1,1,1,1785502647
2026-07-31T13:00:21Z,536,23,1,0,0,0,1,1,1,1785502699
2026-07-31T13:00:21Z,537,11,2,9,0,0,1,1,1,1785502781
2026-07-31T13:00:21Z,538,8,1,13,0,2,1,1,1,1785502588
2026-07-31T13:00:21Z,539,7,5,24,0,0,1,1,1,1785502330
2026-07-31T13:00:21Z,540,4,0,15,0,0,1,1,1,1785502740
2026-07-31T13:00:21Z,541,10,0,16,1,0,1,1,1,1785502795
2026-07-31T13:00:21Z,542,21,5,0,2,0,1,1,1,1785502302
2026-07-31T13:00:21Z,543,11,2,6,2,0,1,1,1,1785502569
2026-07-31T13:00:21Z,544,4,1,14,4,0,1,1,1,1785502744
2026-07-31T13:00:21Z,545,1,0,16,2,0,1,1,1,1785502617
2026-07-31T13:00:21Z,546,8,5,11,0,0,1,1,1,1785502572
2026-07-31T13:00:21Z,547,17,1,8,0,0,1,1,1,1785502702
2026-07-31T13:00:21Z,548,13,1,10,0,0,1,1,1,1785502799
2026-07-31T13:00:21Z,549,13,0,10,0,0,1,1,1,1785502524
2026-07-31T13:00:21Z,550,4,0,15,0,0,1,1,1,1785502733
2026-07-31T13:00:21Z,551,11,4,12,0,0,1,1,1,1785498819
2026-07-31T13:00:21Z,552,21,0,6,0,0,1,1,1,1785502605
2026-07-31T13:00:21Z,553,11,5,11,0,1,1,1,1,1785502625
2026-07-31T13:00:21Z,554,4,1,15,0,0,1,1,1,1785501259
2026-07-31T13:00:21Z,555,14,6,0,1,0,1,1,1,1785502488
2026-07-31T13:00:21Z,556,15,2,6,2,0,1,1,1,1785502635
2026-07-31T13:00:21Z,557,12,6,7,4,0,1,1,1,1785502722
2026-07-31T13:00:21Z,558,22,4,15,0,0,1,1,1,1785502717
2026-07-31T13:00:21Z,559,5,3,11,3,0,1,1,1,1785502547
2026-07-31T13:00:21Z,560,9,0,17,1,0,1,1,1,1785502206
2026-07-31T13:00:21Z,561,11,2,11,1,0,1,1,1,1785502589
2026-07-31T13:00:21Z,562,3,0,29,3,0,1,1,1,1785486691
2026-07-31T13:00:21Z,563,8,0,6,0,0,1,1,1,1785502485
2026-07-31T13:00:21Z,564,3,0,15,1,0,1,1,1,1785502063
2026-07-31T13:00:21Z,565,2,1,17,0,0,1,1,1,1785502708
2026-07-31T13:00:21Z,566,12,0,6,1,0,1,1,1,1785502771
2026-07-31T13:00:21Z,567,5,0,21,1,0,1,1,1,1785502544
2026-07-31T13:00:21Z,568,16,0,2,1,0,1,1,1,1785502776
2026-07-31T13:00:21Z,569,15,2,4,0,0,1,1,1,1785502469
2026-07-31T13:00:21Z,570,5,0,13,1,0,1,1,1,1785502406
2026-07-31T13:00:21Z,571,20,0,3,0,0,1,1,1,1785502684
2026-07-31T13:00:21Z,572,10,4,8,1,0,1,1,1,1785502665
2026-07-31T13:00:21Z,573,7,1,8,0,0,1,1,1,1785502733
2026-07-31T13:00:21Z,574,2,0,13,0,0,1,1,1,1785501706
2026-07-31T13:00:21Z,575,4,0,16,1,0,1,1,1,1785502647
2026-07-31T13:00:21Z,576,5,2,12,2,0,1,1,1,1785502598
2026-07-31T13:00:21Z,577,16,0,15,0,0,1,1,1,1785502696
2026-07-31T13:00:21Z,578,10,9,12,1,0,1,1,1,1785502570
2026-07-31T13:00:21Z,579,15,1,28,0,0,1,1,1,1785502803
2026-07-31T13:00:21Z,580,0,0,29,0,0,1,1,1,1785501322
2026-07-31T13:00:21Z,581,5,0,14,0,0,1,1,1,1785502453
2026-07-31T13:00:21Z,582,22,1,38,1,0,1,1,1,1785502810
2026-07-31T13:00:21Z,583,14,0,9,0,0,1,1,1,1785502714
2026-07-31T13:00:21Z,584,3,3,10,6,0,1,1,1,1785502078
2026-07-31T13:00:21Z,585,5,1,21,0,1,1,1,1,1785502330
2026-07-31T13:00:21Z,586,13,2,22,0,0,1,1,1,1785502698
2026-07-31T13:00:21Z,587,5,0,18,1,0,1,1,1,1785502719
2026-07-31T13:00:21Z,588,9,4,7,2,1,1,1,1,1785502808
2026-07-31T13:00:21Z,589,6,5,16,0,0,1,1,1,1785502741
2026-07-31T13:00:21Z,590,12,2,18,1,0,1,1,1,1785502483
2026-07-31T13:00:21Z,591,3,0,25,2,0,1,1,1,1785502738
2026-07-31T13:00:21Z,592,15,0,8,0,0,1,1,1,1785502710
2026-07-31T13:00:21Z,593,12,0,26,0,0,1,1,1,1785502655
2026-07-31T13:00:21Z,594,9,0,11,1,0,1,1,1,1785502419
2026-07-31T13:00:21Z,595,0,0,3,0,0,0,1,1,1784046673
2026-07-31T13:00:21Z,605,0,0,2,1,0,0,1,1,1783975843
2026-07-31T13:00:21Z,606,0,0,0,0,0,0,1,1,86400
2026-07-31T13:00:21Z,607,23,1,6,3,0,1,1,1,1785502814
2026-07-31T13:00:21Z,608,20,5,30,0,0,1,1,1,1785502762
2026-07-31T13:00:21Z,609,18,12,5,0,0,1,1,1,1785500923
2026-07-31T13:00:21Z,610,5,5,30,0,0,1,1,1,1785502706
2026-07-31T13:00:21Z,611,6,1,20,1,0,1,1,1,1785502312
2026-07-31T13:00:21Z,612,7,1,8,0,0,1,1,1,1785498548
2026-07-31T13:00:21Z,613,9,0,2,4,0,1,1,1,1785501831
2026-07-31T13:00:21Z,614,5,2,19,2,1,1,1,1,1785501419
2026-07-31T13:00:21Z,617,7,0,7,1,0,1,1,1,1785501906
2026-07-31T13:00:21Z,618,10,1,5,4,0,1,1,1,1785499307
2026-07-31T13:00:21Z,619,5,3,14,0,0,1,1,1,1785502654
2026-07-31T13:00:21Z,620,7,3,20,0,0,1,1,1,1785502794
2026-07-31T13:00:21Z,621,16,12,7,0,0,1,1,1,1785502811
2026-07-31T13:00:21Z,622,21,6,1,1,0,1,1,1,1785502736
2026-07-31T13:00:21Z,623,12,6,17,1,0,1,1,1,1785502644
2026-07-31T13:00:21Z,624,0,0,15,0,0,1,1,1,1785499735
2026-07-31T13:00:21Z,625,5,0,14,2,0,1,1,1,1785502573
2026-07-31T13:00:21Z,626,15,1,30,0,2,1,1,1,1785502764
2026-07-31T13:00:21Z,627,14,6,5,0,0,1,1,1,1785500712
2026-07-31T13:00:21Z,628,1,1,15,2,1,1,1,1,1785502523
2026-07-31T13:00:21Z,629,5,2,5,1,0,1,1,1,1785502656
2026-07-31T13:00:21Z,630,4,3,20,3,0,1,1,1,1785502801
2026-07-31T13:00:21Z,631,16,8,7,0,0,1,1,1,1785502675
2026-07-31T13:00:21Z,632,20,0,1,2,0,1,1,1,1785492884
2026-07-31T13:00:21Z,633,11,0,1,3,0,1,1,1,1785501175
2026-07-31T13:00:21Z,634,11,2,8,0,0,1,1,1,1785502426
2026-07-31T13:00:21Z,635,15,1,4,0,0,1,1,1,1785497505
2026-07-31T13:00:21Z,636,9,2,6,0,0,1,1,1,1785502415
2026-07-31T13:00:21Z,637,9,2,9,1,0,1,1,1,1785500453
2026-07-31T13:00:21Z,638,6,1,11,2,0,1,1,1,1785502495
2026-07-31T13:00:21Z,639,7,1,10,2,0,1,1,1,1785501255
2026-07-31T13:00:21Z,640,10,6,12,1,0,1,1,1,1785502808
2026-07-31T13:00:21Z,641,8,0,16,2,0,1,1,1,1785502698
2026-07-31T13:00:21Z,642,0,0,11,8,0,1,1,1,1785502815
2026-07-31T13:00:21Z,643,7,0,12,8,0,1,1,1,1785502813
2026-07-31T13:00:21Z,644,11,0,3,1,0,1,1,1,1785499858
2026-07-31T13:00:21Z,645,11,0,10,1,1,1,1,1,1785502651
2026-07-31T13:00:21Z,646,5,1,14,0,0,1,1,1,1785501890
2026-07-31T13:00:21Z,647,24,2,7,0,0,1,1,1,1785502737
2026-07-31T13:00:21Z,648,5,0,13,1,0,1,1,1,1785500139
2026-07-31T13:00:21Z,649,20,1,10,1,0,1,1,1,1785502765
2026-07-31T13:00:21Z,650,5,1,9,0,0,1,1,1,1785488201
2026-07-31T13:00:21Z,651,5,5,18,0,0,1,1,1,1785502725
2026-07-31T13:00:21Z,652,1,0,20,2,0,1,1,1,1785502787
2026-07-31T13:00:21Z,653,7,1,12,0,0,1,1,1,1785501393
2026-07-31T13:00:21Z,654,3,1,12,0,0,1,1,1,1785502515
2026-07-31T13:00:21Z,655,7,3,1,4,1,1,1,1,1785502762
2026-07-31T13:00:21Z,656,13,5,6,0,0,1,1,1,1785501706
2026-07-31T13:00:21Z,657,9,2,4,2,2,1,1,1,1785502762
2026-07-31T13:00:21Z,658,9,1,1,0,0,1,1,1,1785473427
2026-07-31T13:00:21Z,659,6,2,7,2,0,1,1,1,1785502623
2026-07-31T13:00:21Z,660,13,2,14,4,0,1,1,1,1785502713
2026-07-31T13:00:21Z,661,4,3,15,0,0,1,1,1,1785502678
2026-07-31T13:00:21Z,662,3,2,17,3,0,1,1,1,1785501656
2026-07-31T13:00:21Z,663,7,5,7,1,0,1,1,1,1785502415
2026-07-31T13:00:21Z,664,5,2,22,0,0,1,1,1,1785502706
2026-07-31T13:00:21Z,665,13,4,2,0,0,1,1,1,1785500164
2026-07-31T13:00:21Z,666,8,2,5,2,0,1,1,1,1785495733
2026-07-31T13:00:21Z,667,1,0,18,0,0,1,1,1,1785502473
2026-07-31T13:00:21Z,668,6,1,13,0,0,1,1,1,1785502427
2026-07-31T13:00:21Z,669,13,5,1,0,0,1,1,1,1785502661
2026-07-31T13:00:21Z,670,12,2,15,0,0,1,1,1,1785501246
2026-07-31T13:00:21Z,671,12,4,14,1,0,1,1,1,1785502390
2026-07-31T13:00:21Z,672,10,2,9,3,1,1,1,1,1785502163
2026-07-31T13:00:21Z,673,4,1,18,1,0,1,1,1,1785502453
2026-07-31T13:00:21Z,674,8,2,12,3,0,1,1,1,1785502675
2026-07-31T13:00:21Z,675,11,5,2,2,0,1,1,1,1785502588
2026-07-31T13:00:21Z,676,8,0,13,1,0,1,1,1,1785501642
2026-07-31T13:00:21Z,681,10,3,1,4,0,1,1,1,1785502808
2026-07-31T13:00:21Z,682,4,1,14,1,0,1,1,1,1785486991
2026-07-31T13:00:21Z,683,3,1,16,0,0,1,1,1,1785499114
2026-07-31T13:00:21Z,684,2,0,25,0,0,1,1,1,1785498876
2026-07-31T13:00:21Z,685,8,0,17,1,1,1,1,1,1785498843
2026-07-31T13:00:21Z,686,9,0,15,3,0,1,1,1,1785502780
2026-07-31T13:00:21Z,687,11,0,18,1,1,1,1,1,1785502792
2026-07-31T13:00:21Z,688,10,0,2,7,0,1,1,1,1785502551
2026-07-31T13:00:21Z,692,6,4,15,0,0,1,1,1,1785502656
2026-07-31T13:00:21Z,693,6,0,2,3,0,1,1,1,1785501664
2026-07-31T13:00:21Z,694,9,6,12,0,0,1,1,1,1785502324
2026-07-31T13:00:21Z,695,10,7,13,0,0,1,1,1,1785502127
2026-07-31T13:00:21Z,696,17,12,4,2,0,1,1,1,1785501531
2026-07-31T13:00:21Z,697,9,0,14,0,0,1,1,1,1785502685
2026-07-31T13:00:21Z,698,10,0,17,0,0,1,1,1,1785502481
2026-07-31T13:00:21Z,699,8,0,6,1,0,1,1,1,1785501987
2026-07-31T13:00:21Z,700,18,3,1,0,0,1,1,1,1785502781
2026-07-31T13:00:21Z,701,13,6,6,0,0,1,1,1,1785502189
2026-07-31T13:00:21Z,702,14,2,8,1,0,1,1,1,1785502617
2026-07-31T13:00:21Z,704,6,1,9,0,0,1,1,1,1785502763
2026-07-31T13:00:21Z,705,3,1,10,2,0,1,1,1,1785502228
2026-07-31T13:00:21Z,706,4,0,8,3,0,1,1,1,1785501615
2026-07-31T13:00:21Z,707,9,1,6,0,0,1,1,1,1785502314
2026-07-31T13:00:21Z,708,15,1,4,0,0,1,1,1,1785502369
2026-07-31T13:00:21Z,709,8,0,4,3,0,1,1,1,1785502192
2026-07-31T13:00:21Z,710,14,3,4,1,0,1,1,1,1785501602
2026-07-31T13:00:21Z,711,18,2,0,5,0,1,1,1,1785502017
2026-07-31T13:00:21Z,712,6,6,9,0,0,1,1,1,1785502240
2026-07-31T13:00:21Z,713,6,1,17,0,0,1,1,1,1785502649
2026-07-31T13:00:21Z,716,4,2,11,0,0,1,1,1,1785501877
2026-07-31T13:00:21Z,717,4,3,18,3,0,1,1,1,1785502657
2026-07-31T13:00:21Z,718,7,1,5,3,0,1,1,1,1785502760
2026-07-31T13:00:21Z,719,12,3,17,0,0,1,1,1,1785502358
2026-07-31T13:00:21Z,720,1,0,18,0,0,1,1,1,1785502162
2026-07-31T13:00:21Z,721,0,0,21,2,0,1,1,1,1785501169
2026-07-31T13:00:21Z,722,5,0,10,0,0,1,1,1,1785501923
2026-07-31T13:00:21Z,723,12,1,11,0,0,1,1,1,1785502030
2026-07-31T13:00:21Z,724,8,2,15,0,0,1,1,1,1785502674
2026-07-31T13:00:21Z,725,21,4,1,1,0,1,1,1,1785502711
2026-07-31T13:00:21Z,726,11,1,7,1,0,1,1,1,1785502789
2026-07-31T13:00:21Z,727,8,3,12,3,0,1,1,1,1785501121
2026-07-31T13:00:21Z,728,9,0,5,1,0,1,1,1,1785502466
2026-07-31T13:00:21Z,729,2,1,17,0,0,1,1,1,1785501535
2026-07-31T13:00:21Z,730,3,2,10,2,0,1,1,1,1785501246
2026-07-31T13:00:21Z,731,10,4,4,1,0,1,1,1,1785502471
2026-07-31T13:00:21Z,732,7,5,8,0,0,1,1,1,1785502243
2026-07-31T13:00:21Z,733,1,0,26,0,0,1,1,1,1785502561
2026-07-31T13:00:21Z,734,1,1,12,1,0,1,1,1,1785502572
2026-07-31T13:00:21Z,735,6,3,21,0,0,1,1,1,1785502806
2026-07-31T13:00:21Z,736,8,1,10,1,0,1,1,1,1785502687
2026-07-31T13:00:21Z,737,5,4,9,0,1,1,1,1,1785502618
2026-07-31T13:00:21Z,738,15,4,2,2,0,1,1,1,1785502761
2026-07-31T13:00:21Z,739,20,2,6,1,0,1,1,1,1785502260
2026-07-31T13:00:21Z,741,8,0,15,0,0,1,1,1,1785502669
2026-07-31T13:00:21Z,742,22,2,11,2,0,1,1,1,1785502681
2026-07-31T13:00:21Z,743,10,4,8,1,0,1,1,1,1785502376
2026-07-31T13:00:21Z,744,8,2,7,0,0,1,1,1,1785502355
2026-07-31T13:00:21Z,745,13,4,5,1,0,1,1,1,1785501077
2026-07-31T13:00:21Z,746,3,0,19,1,0,1,1,1,1785502783
2026-07-31T13:00:21Z,747,0,0,4,0,0,0,1,1,1783446606
2026-07-31T13:00:21Z,748,10,1,13,0,0,1,1,1,1785501888
2026-07-31T13:00:21Z,749,3,2,19,1,0,1,1,1,1785502792
2026-07-31T13:00:21Z,750,7,2,4,0,0,1,1,1,1785502146
2026-07-31T13:00:21Z,751,13,0,10,0,0,1,1,1,1785502783
2026-07-31T13:00:21Z,752,15,1,1,1,0,1,1,1,1785502793
2026-07-31T13:00:21Z,753,2,0,13,0,0,1,1,1,1785502491
2026-07-31T13:00:21Z,754,4,2,10,1,0,1,1,1,1785501594
2026-07-31T13:00:21Z,755,12,4,10,1,0,1,1,1,1785502098
2026-07-31T13:00:21Z,756,18,14,18,1,0,1,1,1,1785502517
2026-07-31T13:00:21Z,757,17,6,0,2,0,1,1,1,1785502648
2026-07-31T13:00:21Z,758,8,2,15,0,0,1,1,1,1785502421
2026-07-31T13:00:21Z,759,0,0,0,0,0,1,1,1,86400
2026-07-31T13:00:21Z,760,10,4,9,0,0,1,1,1,1785501932
2026-07-31T13:00:21Z,761,17,1,5,1,0,1,1,1,1785502408
2026-07-31T13:00:21Z,762,5,3,5,5,0,1,1,1,1785502152
2026-07-31T13:00:21Z,768,8,0,8,3,0,1,1,1,1785501288
2026-07-31T13:00:21Z,769,19,12,0,0,0,1,1,1,1785502738
2026-07-31T13:00:21Z,770,10,3,7,2,0,1,1,1,1785502675
2026-07-31T13:00:21Z,771,11,1,3,1,0,1,1,1,1785502570
2026-07-31T13:00:21Z,772,8,1,7,0,0,1,1,1,1785502719
2026-07-31T13:00:21Z,773,15,4,4,0,0,1,1,1,1785502578
2026-07-31T13:00:21Z,774,8,5,4,3,0,1,1,1,1785502498
2026-07-31T13:00:21Z,775,7,0,10,1,1,1,1,1,1785494713
2026-07-31T13:00:21Z,776,3,1,17,1,0,1,1,1,1785501100
2026-07-31T13:00:21Z,777,9,0,3,3,0,1,1,1,1785502804
2026-07-31T13:00:21Z,778,14,0,2,3,0,1,1,1,1785502748
2026-07-31T13:00:21Z,779,8,1,10,1,0,1,1,1,1785501701
2026-07-31T13:00:21Z,780,17,2,1,1,0,1,1,1,1785501517
2026-07-31T13:00:21Z,781,3,0,6,2,0,1,1,1,1785501575
2026-07-31T13:00:21Z,782,6,3,9,4,0,1,1,1,1785502393
2026-07-31T13:00:21Z,783,6,0,13,0,0,1,1,1,1785501656
2026-07-31T13:00:21Z,784,19,1,0,0,0,1,1,1,1785501266
2026-07-31T13:00:21Z,785,10,2,3,6,0,1,1,1,1785501833
2026-07-31T13:00:21Z,786,12,5,7,0,0,1,1,1,1785502475
2026-07-31T13:00:21Z,787,10,5,3,2,0,1,1,1,1785501110
2026-07-31T13:00:21Z,788,3,0,12,0,0,1,1,1,1785502146
2026-07-31T13:00:21Z,789,10,2,1,4,0,1,1,1,1785502477
2026-07-31T13:00:21Z,790,1,0,21,1,0,1,1,1,1785502800
2026-07-31T13:00:21Z,791,7,0,11,0,1,1,1,1,1785502349
2026-07-31T13:00:21Z,793,4,0,10,1,0,1,1,1,1785502502
2026-07-31T13:00:21Z,794,17,10,10,2,0,1,1,1,1785502306
2026-07-31T13:00:21Z,796,5,4,13,1,0,1,1,1,1785502717
2026-07-31T13:00:21Z,797,1,0,14,0,0,1,1,1,1785499482
2026-07-31T13:00:21Z,798,10,2,14,1,0,1,1,1,1785502260
2026-07-31T13:00:21Z,799,14,1,2,3,0,1,1,1,1785502290
2026-07-31T13:00:21Z,800,7,1,13,1,0,1,1,1,1785502322
2026-07-31T13:00:21Z,801,18,3,1,2,0,1,1,1,1785502355
2026-07-31T13:00:21Z,802,8,0,23,0,0,1,1,1,1785502483
2026-07-31T13:00:21Z,803,1,1,14,0,0,1,1,1,1785502110
2026-07-31T13:00:21Z,806,2,1,13,0,0,1,1,1,1785502744
2026-07-31T13:00:21Z,807,12,0,11,2,0,1,1,1,1785502749
2026-07-31T13:00:21Z,808,4,1,19,2,0,1,1,1,1785502365
2026-07-31T13:00:21Z,809,4,0,18,1,0,1,1,1,1785502307
2026-07-31T13:00:21Z,810,2,0,13,4,0,1,1,1,1785502739
2026-07-31T13:00:21Z,815,0,0,10,4,1,1,1,1,1785502492
2026-07-31T13:00:21Z,817,10,4,5,0,0,1,1,1,1785501632
2026-07-31T13:00:21Z,818,6,0,17,0,0,1,1,1,1785502389
2026-07-31T13:00:21Z,819,6,4,9,0,0,1,1,1,1785487291
2026-07-31T13:00:21Z,820,9,2,8,0,0,1,1,1,1785502317
2026-07-31T13:00:21Z,821,3,1,12,0,0,1,1,1,1785502465
2026-07-31T13:00:21Z,822,8,0,13,2,0,1,1,1,1785502766
2026-07-31T13:00:21Z,823,0,0,15,0,0,1,1,1,1785502544
2026-07-31T13:00:21Z,824,14,5,5,0,0,1,1,1,1785502647
2026-07-31T13:00:21Z,825,8,5,7,0,0,1,1,1,1785495662
2026-07-31T13:00:21Z,826,17,3,0,2,0,1,1,1,1785501446
2026-07-31T13:00:21Z,827,16,4,4,1,0,1,1,1,1785502781
2026-07-31T13:00:21Z,828,12,0,4,2,0,1,1,1,1785502654
2026-07-31T13:00:21Z,829,14,5,13,0,0,1,1,1,1785501708
2026-07-31T13:00:21Z,830,16,2,6,1,0,1,1,1,1785502753
2026-07-31T13:00:21Z,831,7,3,7,1,0,1,1,1,1785502724
2026-07-31T13:00:21Z,832,9,2,6,3,0,1,1,1,1785502554
2026-07-31T13:00:21Z,833,0,0,18,1,0,1,1,1,1785501767
2026-07-31T13:00:21Z,834,7,0,16,1,0,1,1,1,1785502804
2026-07-31T13:00:21Z,835,4,2,12,2,0,1,1,1,1785502789
2026-07-31T13:00:21Z,837,5,1,0,10,0,1,1,1,1785501991
2026-07-31T13:00:21Z,838,11,3,4,0,0,1,1,1,1785502649
2026-07-31T13:00:21Z,839,13,0,16,0,0,1,1,1,1785502737
2026-07-31T13:00:21Z,840,7,4,21,1,0,1,1,1,1785502754
2026-07-31T13:00:21Z,841,5,0,10,0,0,1,1,1,1785501896
2026-07-31T13:00:21Z,842,6,1,17,0,0,1,1,1,1785501727
2026-07-31T13:00:21Z,843,8,0,22,1,0,1,1,1,1785502006
2026-07-31T13:00:21Z,844,6,0,17,0,0,1,1,1,1785501938
2026-07-31T13:00:21Z,845,5,3,12,2,0,1,1,1,1785502101
2026-07-31T13:00:21Z,846,4,0,14,1,0,1,1,1,1785501235
2026-07-31T13:00:21Z,847,7,1,19,1,0,1,1,1,1785501075
2026-07-31T13:00:21Z,848,8,3,10,1,0,1,1,1,1785498928
2026-07-31T13:00:21Z,849,6,1,8,1,0,1,1,1,1785501071
2026-07-31T13:00:21Z,850,8,0,1,2,0,1,1,1,1785501343
2026-07-31T13:00:21Z,851,9,6,26,2,0,1,1,1,1785502598
2026-07-31T13:00:21Z,852,12,6,7,0,0,1,1,1,1785501805
2026-07-31T13:00:21Z,853,10,5,13,0,0,1,1,1,1785502704
2026-07-31T13:00:21Z,854,3,2,12,0,0,1,1,1,1785502746
2026-07-31T13:00:21Z,855,26,0,1,0,0,1,1,1,1785502476
2026-07-31T13:00:21Z,857,4,3,14,1,0,1,1,1,1785502689
2026-07-31T13:00:21Z,858,3,1,15,1,0,1,1,1,1785502479
2026-07-31T13:00:21Z,859,5,0,15,1,0,1,1,1,1785502692
2026-07-31T13:00:21Z,861,8,1,2,1,0,1,1,1,1785488201
2026-07-31T13:00:21Z,862,2,2,13,0,0,1,1,1,1785501927
2026-07-31T13:00:21Z,863,13,0,5,1,0,1,1,1,1785502286
2026-07-31T13:00:21Z,866,11,3,8,0,0,1,1,1,1785502252
2026-07-31T13:00:21Z,867,13,1,2,0,0,1,1,1,1785501539
2026-07-31T13:00:21Z,868,12,2,3,0,0,1,1,1,1785501760
2026-07-31T13:00:21Z,870,7,4,6,2,0,1,1,1,1785501981
2026-07-31T13:00:21Z,871,0,0,10,1,0,1,1,1,1785501344
2026-07-31T13:00:21Z,872,0,0,14,1,0,1,1,1,1785501897
2026-07-31T13:00:21Z,873,19,4,13,1,0,1,1,1,1785502277
2026-07-31T13:00:21Z,874,1,0,11,3,0,1,1,1,1785502048
2026-07-31T13:00:21Z,875,14,10,0,1,0,1,1,1,1785502062
2026-07-31T13:00:21Z,877,12,10,5,2,0,1,1,1,1785501525
2026-07-31T13:00:21Z,878,4,3,14,1,0,1,1,1,1785502104
2026-07-31T13:00:21Z,879,3,1,16,0,0,1,1,1,1785501147
2026-07-31T13:00:21Z,880,1,0,21,1,0,1,1,1,1785502064
2026-07-31T13:00:21Z,881,1,1,18,0,0,1,1,1,1785501960
2026-07-31T13:00:21Z,882,10,0,6,3,0,1,1,1,1785488200
2026-07-31T13:00:21Z,883,12,6,7,0,0,1,1,1,1785502499
2026-07-31T13:00:21Z,884,9,5,12,0,0,1,1,1,1785502800
2026-07-31T13:00:21Z,885,1,0,18,0,0,1,1,1,1785501793
2026-07-31T13:00:21Z,886,22,3,6,1,0,1,1,1,1785502700
2026-07-31T13:00:21Z,887,4,1,10,3,0,1,1,1,1785502494
2026-07-31T13:00:21Z,888,22,5,17,1,1,1,1,1,1785502764
2026-07-31T13:00:21Z,889,14,1,3,2,0,1,1,1,1785502699
2026-07-31T13:00:21Z,890,6,4,9,0,0,1,1,1,1785489632
2026-07-31T13:00:21Z,891,19,0,3,1,0,1,1,1,1785502258
2026-07-31T13:00:21Z,892,13,1,2,0,0,1,1,1,1785488200
2026-07-31T13:00:21Z,895,0,0,19,0,0,1,1,1,1785501047
2026-07-31T13:00:21Z,896,9,1,26,0,0,1,1,1,1785500364
2026-07-31T13:00:21Z,897,11,1,10,0,0,1,1,1,1785501998
2026-07-31T13:00:21Z,898,3,0,16,0,0,1,1,1,1785501711
2026-07-31T13:00:21Z,899,0,0,18,1,0,1,1,1,1785502760
2026-07-31T13:00:21Z,900,6,0,18,3,0,1,1,1,1785502300
2026-07-31T13:00:21Z,901,2,0,16,1,0,1,1,1,1785502475
2026-07-31T13:00:21Z,902,7,0,7,1,0,1,1,1,1785501640
2026-07-31T13:00:21Z,903,13,2,5,1,0,1,1,1,1785501117
2026-07-31T13:00:21Z,904,9,4,9,1,0,1,1,1,1785502105
2026-07-31T13:00:21Z,905,10,0,17,0,0,1,1,1,1785502297
2026-07-31T13:00:21Z,906,0,0,27,0,0,1,1,1,1785501169
2026-07-31T13:00:21Z,907,0,0,30,1,0,1,1,1,1785502329
2026-07-31T13:00:21Z,908,7,0,16,0,0,1,1,1,1785502099
2026-07-31T13:00:21Z,909,2,2,20,1,0,1,1,1,1785502714
2026-07-31T13:00:21Z,910,0,0,31,0,0,1,1,1,1785502788
2026-07-31T13:00:21Z,911,4,1,15,0,0,1,1,1,1785501647
2026-07-31T13:00:21Z,912,2,1,19,2,0,1,1,1,1785502634
2026-07-31T13:00:21Z,913,5,2,14,0,0,1,1,1,1785502746
2026-07-31T13:00:21Z,914,7,0,12,0,0,1,1,1,1785502768
2026-07-31T13:00:21Z,915,11,0,11,1,0,1,1,1,1785502810
2026-07-31T13:00:21Z,916,23,8,0,0,0,1,1,1,1785502270
2026-07-31T13:00:21Z,917,24,4,9,2,0,1,1,1,1785502772
2026-07-31T13:00:21Z,918,1,0,16,2,0,1,1,1,1785502798
2026-07-31T13:00:21Z,919,5,0,33,1,0,1,1,1,1785502787
2026-07-31T13:00:21Z,920,5,2,14,0,0,1,1,1,1785502476
2026-07-31T13:00:21Z,921,12,0,9,0,0,1,1,1,1785501786
2026-07-31T13:00:21Z,922,2,0,19,0,0,1,1,1,1785502602
2026-07-31T13:00:21Z,923,11,3,8,0,0,1,1,1,1785502685
2026-07-31T13:00:21Z,924,9,2,12,0,0,1,1,1,1785502799
2026-07-31T13:00:21Z,925,13,0,8,0,0,1,1,1,1785502271
2026-07-31T13:00:21Z,926,2,1,19,0,0,1,1,1,1785502397
2026-07-31T13:00:21Z,927,16,1,19,0,0,1,1,1,1785502782
2026-07-31T13:00:21Z,928,0,0,19,0,0,0,1,1,1785500252
2026-07-31T13:00:21Z,929,16,3,7,0,0,1,1,1,1785502503
2026-07-31T13:00:21Z,930,1,0,29,1,0,1,1,1,1785502234
2026-07-31T13:00:21Z,931,11,11,11,1,0,1,1,1,1785502558
2026-07-31T13:00:21Z,932,1,1,16,2,0,1,1,1,1785502167
2026-07-31T13:00:21Z,933,0,0,23,0,0,1,1,1,1785502389
2026-07-31T13:00:21Z,934,7,0,23,1,0,1,1,1,1785502743
2026-07-31T13:00:21Z,935,2,0,16,1,0,1,1,1,1785502264
2026-07-31T13:00:21Z,936,11,2,8,0,0,1,1,1,1785502419
2026-07-31T13:00:21Z,940,10,0,1,0,0,1,1,1,1785502071
2026-07-31T13:00:21Z,941,6,0,17,2,0,1,1,1,1785502527
2026-07-31T13:00:21Z,942,4,1,16,1,0,1,1,1,1785502026
2026-07-31T13:00:21Z,943,9,8,6,0,0,1,1,1,1785502000
2026-07-31T13:00:21Z,944,9,8,6,0,0,1,1,1,1785501825
2026-07-31T13:00:21Z,945,10,8,5,0,0,1,1,1,1785501341
2026-07-31T13:00:21Z,946,7,5,12,0,0,1,1,1,1785487593
2026-07-31T13:00:21Z,947,7,5,10,0,0,1,1,1,1785501838
2026-07-31T13:00:21Z,948,24,9,2,5,0,1,1,1,1785502764
2026-07-31T13:00:21Z,949,11,4,4,0,0,1,1,1,1785502745
2026-07-31T13:00:21Z,950,7,5,9,1,0,1,1,1,1785502718
2026-07-31T13:00:21Z,951,22,4,0,1,0,1,1,1,1785502538
2026-07-31T13:00:21Z,952,28,6,26,1,0,1,1,1,1785502466
2026-07-31T13:00:21Z,953,5,0,9,1,0,1,1,1,1785502054
2026-07-31T13:00:21Z,954,13,4,6,0,0,1,1,1,1785502485
2026-07-31T13:00:21Z,955,3,2,18,6,0,1,1,1,1785502763
2026-07-31T13:00:21Z,956,6,3,15,2,0,1,1,1,1785502736
2026-07-31T13:00:21Z,957,6,0,23,0,0,1,1,1,1785502623
2026-07-31T13:00:21Z,958,9,4,22,0,0,1,1,1,1785502780
2026-07-31T13:00:21Z,959,18,9,3,2,0,1,1,1,1785502282
2026-07-31T13:00:21Z,960,16,0,6,1,0,1,1,1,1785502781
2026-07-31T13:00:21Z,961,0,0,20,3,0,1,1,1,1785502572
2026-07-31T13:00:21Z,962,12,3,20,3,0,1,1,1,1785502772
2026-07-31T13:00:21Z,963,3,0,19,1,0,1,1,1,1785502629
2026-07-31T13:00:21Z,964,6,5,16,1,0,1,1,1,1785502482
2026-07-31T13:00:21Z,965,11,4,15,1,0,1,1,1,1785502090
2026-07-31T13:00:21Z,966,16,0,15,0,0,1,1,1,1785502629
2026-07-31T13:00:21Z,967,12,0,8,1,0,1,1,1,1785502727
2026-07-31T13:00:21Z,968,9,0,9,1,0,1,1,1,1785502347
2026-07-31T13:00:21Z,969,9,8,16,2,0,1,1,1,1785501989
2026-07-31T13:00:21Z,970,9,0,8,2,0,1,1,1,1785502814
2026-07-31T13:00:21Z,971,6,0,16,1,0,1,1,1,1785502157
2026-07-31T13:00:21Z,972,9,1,13,1,0,1,1,1,1785501826
2026-07-31T13:00:21Z,973,5,3,17,1,0,1,1,1,1785501818
2026-07-31T13:00:21Z,974,13,1,14,0,0,1,1,1,1785502731
2026-07-31T13:00:21Z,977,2,2,17,2,0,1,1,1,1785502112
2026-07-31T13:00:21Z,978,17,1,6,0,0,1,1,1,1785502278
2026-07-31T13:00:21Z,979,10,0,7,0,0,1,1,1,1785502474
2026-07-31T13:00:21Z,980,14,0,5,2,0,1,1,1,1785502750
2026-07-31T13:00:21Z,981,14,0,6,1,0,1,1,1,1785502795
2026-07-31T13:00:21Z,982,4,2,14,1,0,1,1,1,1785501879
2026-07-31T13:00:21Z,983,3,1,19,1,0,1,1,1,1785502310
2026-07-31T13:00:21Z,984,6,0,17,0,0,1,1,1,1785501596
2026-07-31T13:00:21Z,985,11,2,20,0,0,1,1,1,1785502754
2026-07-31T13:00:21Z,986,4,0,14,1,0,1,1,1,1785502324
2026-07-31T13:00:21Z,987,7,1,16,0,0,1,1,1,1785502428
2026-07-31T13:00:21Z,988,5,1,13,1,0,1,1,1,1785502037
2026-07-31T13:00:21Z,989,10,4,9,0,0,1,1,1,1785501612
2026-07-31T13:00:21Z,990,13,2,1,1,0,1,1,1,1785502314
2026-07-31T13:00:21Z,991,10,2,8,1,0,1,1,1,1785501754
2026-07-31T13:00:21Z,992,9,6,13,1,0,1,1,1,1785502633
2026-07-31T13:00:21Z,993,3,1,22,2,0,1,1,1,1785502457
2026-07-31T13:00:21Z,994,2,1,19,0,0,1,1,1,1785502015
2026-07-31T13:00:21Z,995,6,0,21,0,0,1,1,1,1785502072
2026-07-31T13:00:21Z,996,8,1,15,0,0,1,1,1,1785501869
2026-07-31T13:00:21Z,997,13,7,9,1,0,1,1,1,1785502690
2026-07-31T13:00:21Z,998,3,3,19,1,0,1,1,1,1785502181
2026-07-31T13:00:21Z,999,2,0,16,2,1,1,1,1,1785501939
2026-07-31T13:00:21Z,1000,5,2,16,0,0,1,1,1,1785502744
2026-07-31T13:00:21Z,1001,2,1,25,0,0,1,1,1,1785502213
2026-07-31T13:00:21Z,1002,2,2,27,2,0,1,1,1,1785502228
2026-07-31T13:00:21Z,1003,0,0,22,1,0,1,1,1,1785501826
2026-07-31T13:00:21Z,1004,7,0,16,0,0,1,1,1,1785502101
2026-07-31T13:00:21Z,1005,20,1,3,0,0,1,1,1,1785502015
2026-07-31T13:00:21Z,1006,8,5,11,0,0,1,1,1,1785502338
2026-07-31T13:00:21Z,1007,1,0,20,0,0,1,1,1,1785501479
2026-07-31T13:00:21Z,1008,6,5,15,2,0,1,1,1,1785502809
2026-07-31T13:00:21Z,1009,19,2,8,4,0,1,1,1,1785502672
2026-07-31T13:00:21Z,1010,8,2,19,0,0,1,1,1,1785501698
2026-07-31T13:00:21Z,1011,7,2,10,2,0,1,1,1,1785502218
2026-07-31T13:00:21Z,1012,4,3,18,1,0,1,1,1,1785501783
2026-07-31T13:00:21Z,1013,2,1,20,1,0,1,1,1,1785502370
2026-07-31T13:00:21Z,1014,7,2,13,3,0,1,1,1,1785502303
2026-07-31T13:00:21Z,1015,3,1,25,3,0,1,1,1,1785502601
2026-07-31T13:00:21Z,1016,10,5,21,0,0,1,1,1,1785501672
2026-07-31T13:00:21Z,1017,14,5,7,0,0,1,1,1,1785501185
2026-07-31T13:00:21Z,1018,7,2,15,0,0,1,1,1,1785501869
2026-07-31T13:00:21Z,1019,8,5,7,0,0,1,1,1,1785501780
2026-07-31T13:00:21Z,1020,18,3,3,0,0,1,1,1,1785501053
2026-07-31T13:00:21Z,1021,9,3,5,1,0,1,1,1,1785502580
2026-07-31T13:00:21Z,1022,14,0,13,0,0,1,1,1,1785501973
2026-07-31T13:00:21Z,1023,13,1,9,1,0,1,1,1,1785501608
2026-07-31T13:00:21Z,1024,5,2,13,1,0,1,1,1,1785502593
2026-07-31T13:00:21Z,1025,4,0,14,0,1,1,1,1,1785501943
2026-07-31T13:00:21Z,1026,7,4,18,6,0,1,1,1,1785501138
2026-07-31T13:00:21Z,1028,3,1,20,0,0,1,1,1,1785501960
2026-07-31T13:00:21Z,1029,11,10,4,0,0,1,1,1,1785501066
2026-07-31T13:00:21Z,1030,14,5,9,0,0,1,1,1,1785502648
2026-07-31T13:00:21Z,1031,8,0,11,0,0,1,1,1,1785501180
2026-07-31T13:00:21Z,1032,7,1,12,0,0,1,1,1,1785501846
2026-07-31T13:00:21Z,1033,11,7,8,0,0,1,1,1,1785502663
2026-07-31T13:00:21Z,1034,3,0,12,0,0,1,1,1,1785501850
2026-07-31T13:00:21Z,1035,1,0,16,2,0,1,1,1,1785501899
2026-07-31T13:00:21Z,1036,14,0,1,0,0,1,1,1,1785502431
2026-07-31T13:00:21Z,1037,5,0,13,1,0,1,1,1,1785502218
2026-07-31T13:00:21Z,1038,3,1,12,0,0,1,1,1,1785501621
2026-07-31T13:00:21Z,1039,7,2,12,0,0,1,1,1,1785502000
2026-07-31T13:00:21Z,1040,6,3,11,2,0,1,1,1,1785501886
2026-07-31T13:00:21Z,1041,9,3,9,1,0,1,1,1,1785502597
2026-07-31T13:00:21Z,1042,13,2,1,1,0,1,1,1,1785502294
2026-07-31T13:00:21Z,1043,10,0,5,4,0,1,1,1,1785501921
2026-07-31T13:00:21Z,1044,2,1,13,0,0,1,1,1,1785501603
2026-07-31T13:00:21Z,1045,10,0,9,0,0,1,1,1,1785501833
2026-07-31T13:00:21Z,1046,7,0,8,0,0,1,1,1,1785502297
2026-07-31T13:00:21Z,1047,5,0,16,0,0,1,1,1,1785502604
2026-07-31T13:00:21Z,1048,8,0,11,0,0,1,1,1,1785501932
2026-07-31T13:00:21Z,1049,5,0,16,0,0,1,1,1,1785501887
2026-07-31T13:00:21Z,1050,17,4,4,0,0,1,1,1,1785501177
2026-07-31T13:00:21Z,1051,8,3,13,0,0,1,1,1,1785501053
2026-07-31T13:00:21Z,1052,17,2,5,0,0,1,1,1,1785501680
2026-07-31T13:00:21Z,1053,2,1,13,0,0,1,1,1,1785501731
2026-07-31T13:00:21Z,1054,14,1,1,0,0,1,1,1,1785501988
2026-07-31T13:00:21Z,1055,7,1,12,0,0,1,1,1,1785501978
2026-07-31T13:00:21Z,1057,10,0,8,1,0,1,1,1,1785502782
2026-07-31T13:00:21Z,1058,6,0,48,2,0,1,1,1,1785502048
2026-07-31T13:00:21Z,1059,1,0,17,1,0,1,1,1,1785501858
2026-07-31T13:00:21Z,1060,30,1,7,0,0,1,1,1,1785502730
2026-07-31T13:00:21Z,1061,31,0,6,0,0,1,1,1,1785502468
2026-07-31T13:00:21Z,1062,8,0,9,0,0,1,1,1,1785502650
2026-07-31T13:00:21Z,1063,12,1,6,1,0,1,1,1,1785501888
2026-07-31T13:00:21Z,1064,3,0,19,1,0,1,1,1,1785502230
2026-07-31T13:00:21Z,1065,16,3,7,0,0,1,1,1,1785502474
2026-07-31T13:00:21Z,1066,10,2,13,0,0,1,1,1,1785502295
2026-07-31T13:00:21Z,1067,8,2,13,2,0,1,1,1,1785502565
2026-07-31T13:00:21Z,1068,8,2,13,2,0,1,1,1,1785502066
2026-07-31T13:00:21Z,1069,12,3,11,0,0,1,1,1,1785502106
2026-07-31T13:00:21Z,1070,12,2,11,0,0,1,1,1,1785502203
2026-07-31T13:00:21Z,1071,7,4,16,0,0,1,1,1,1785502242
2026-07-31T13:00:21Z,1072,11,1,11,1,0,1,1,1,1785502650
2026-07-31T13:00:21Z,1073,18,2,8,1,0,1,1,1,1785501923
2026-07-31T13:00:21Z,1074,7,2,45,1,0,1,1,1,1785502621
2026-07-31T13:00:21Z,1075,10,10,11,0,0,1,1,1,1785501610
2026-07-31T13:00:21Z,1076,15,12,6,0,0,1,1,1,1785501049
2026-07-31T13:00:21Z,1077,8,4,13,0,0,1,1,1,1785501831
2026-07-31T13:00:21Z,1078,11,10,10,0,0,1,1,1,1785501091
2026-07-31T13:00:21Z,1079,11,8,10,0,0,1,1,1,1785501717
2026-07-31T13:00:21Z,1080,10,8,10,1,0,1,1,1,1785502318
2026-07-31T13:00:21Z,1081,13,8,6,0,0,1,1,1,1785502693
2026-07-31T13:00:21Z,1082,7,7,1,0,0,1,1,1,1785502148
2026-07-31T13:00:21Z,1083,13,11,8,0,0,1,1,1,1785501987
2026-07-31T13:00:21Z,1084,9,8,12,0,0,1,1,1,1785501603
2026-07-31T13:00:21Z,1085,13,11,8,0,0,1,1,1,1785502551
2026-07-31T13:00:21Z,1086,5,1,15,1,0,1,1,1,1785502476
2026-07-31T13:00:21Z,1087,8,6,7,0,0,1,1,1,1785501131
2026-07-31T13:00:21Z,1088,9,7,6,0,0,1,1,1,1785501893
2026-07-31T13:00:21Z,1089,6,4,9,0,0,1,1,1,1785502239
2026-07-31T13:00:21Z,1090,9,8,6,0,0,1,1,1,1785502775
2026-07-31T13:00:21Z,1091,11,6,4,0,0,1,1,1,1785502685
2026-07-31T13:00:21Z,1092,10,9,5,0,0,1,1,1,1785502296
2026-07-31T13:00:21Z,1093,6,5,9,0,0,1,1,1,1785502594
2026-07-31T13:00:21Z,1094,11,9,7,1,0,1,1,1,1785502478
2026-07-31T13:00:21Z,1095,8,7,7,0,0,1,1,1,1785502526
2026-07-31T13:00:21Z,1096,5,3,13,1,0,1,1,1,1785502209
2026-07-31T13:00:21Z,1097,9,9,6,0,0,1,1,1,1785502418
2026-07-31T13:00:21Z,1098,9,7,10,0,0,1,1,1,1785502769
2026-07-31T13:00:21Z,1099,7,6,8,0,0,1,1,1,1785501677
2026-07-31T13:00:21Z,1100,8,4,21,0,0,1,1,1,1785493678
2026-07-31T13:00:21Z,1101,10,5,11,0,0,1,1,1,1785501580
2026-07-31T13:00:21Z,1102,9,4,4,0,0,1,1,1,1785502659
2026-07-31T13:00:21Z,1103,10,5,11,0,0,1,1,1,1785487895
2026-07-31T13:00:21Z,1104,10,5,11,0,0,1,1,1,1785501335
2026-07-31T13:00:21Z,1105,8,4,5,0,0,1,1,1,1785502546
2026-07-31T13:00:21Z,1106,10,5,11,0,0,1,1,1,1785501677
2026-07-31T13:00:21Z,1107,10,5,5,0,0,1,1,1,1785501952
2026-07-31T13:00:21Z,1108,8,4,16,2,1,1,1,1,1785502476
2026-07-31T13:00:21Z,1109,9,4,6,0,0,1,1,1,1785501907
2026-07-31T13:00:21Z,1110,12,4,9,0,0,1,1,1,1785501202
2026-07-31T13:00:21Z,1111,3,2,18,0,0,1,1,1,1785475740
2026-07-31T13:00:21Z,1112,41,0,12,0,0,1,1,1,1785502766
2026-07-31T13:00:21Z,1113,4,0,17,0,0,1,1,1,1785501149
2026-07-31T13:00:21Z,1115,15,4,4,4,0,1,1,1,1785502378
2026-07-31T13:00:21Z,1116,5,1,14,0,0,1,1,1,1785501864
2026-07-31T13:00:21Z,1117,13,5,9,1,0,1,1,1,1785502326
2026-07-31T13:00:21Z,1118,14,0,5,2,0,1,1,1,1785501994
2026-07-31T13:00:21Z,1119,11,0,5,1,0,1,1,1,1785502353
2026-07-31T13:00:21Z,1120,12,0,6,1,0,1,1,1,1785502095
2026-07-31T13:00:21Z,1121,7,2,12,1,1,1,1,1,1785502786
2026-07-31T13:00:21Z,1122,10,8,8,3,0,1,1,1,1785502617
2026-07-31T13:00:21Z,1123,9,6,12,2,0,1,1,1,1785502786
2026-07-31T13:00:21Z,1124,8,3,4,3,0,1,1,1,1785502791
2026-07-31T13:00:21Z,1125,15,1,8,0,0,1,1,1,1785502157
2026-07-31T13:00:21Z,1126,3,1,17,1,0,1,1,1,1785502272
2026-07-31T13:00:21Z,1127,7,0,11,1,0,1,1,1,1785502385
2026-07-31T13:00:21Z,1128,14,2,0,1,0,1,1,1,1785501860
2026-07-31T13:00:21Z,1129,1,1,19,1,0,1,1,1,1785501591
2026-07-31T13:00:21Z,1130,11,0,4,0,0,1,1,1,1785502487
2026-07-31T13:00:21Z,1131,12,1,36,1,0,1,1,1,1785502761
2026-07-31T13:00:21Z,1132,10,4,10,1,0,1,1,1,1785502179
2026-07-31T13:00:21Z,1133,12,8,8,1,0,1,1,1,1785502785
2026-07-31T13:00:21Z,1134,10,5,9,0,0,1,1,1,1785502373
2026-07-31T13:00:21Z,1135,11,6,10,0,0,1,1,1,1785502111
2026-07-31T13:00:21Z,1136,9,0,14,0,0,1,1,1,1785502448
2026-07-31T13:00:21Z,1137,14,0,1,0,0,1,1,1,1785501776
2026-07-31T13:00:21Z,1138,14,0,5,0,0,1,1,1,1785501825
2026-07-31T13:00:21Z,1139,16,4,4,1,0,1,1,1,1785502357
2026-07-31T13:00:21Z,1140,15,1,7,1,0,1,1,1,1785501889
2026-07-31T13:00:21Z,1141,6,2,15,0,0,1,1,1,1785502563
2026-07-31T13:00:21Z,1142,1,0,20,0,0,1,1,1,1785502502
2026-07-31T13:00:21Z,1143,1,0,28,0,0,1,1,1,1785502084
2026-07-31T13:00:21Z,1144,7,1,13,1,0,1,1,1,1785502100
2026-07-31T13:00:21Z,1145,10,5,10,1,0,1,1,1,1785502253
2026-07-31T13:00:21Z,1146,4,3,14,1,0,1,1,1,1785502771
2026-07-31T13:00:21Z,1147,6,1,13,0,0,1,1,1,1785501789
2026-07-31T13:00:21Z,1148,1,1,30,0,0,1,1,1,1785502718
2026-07-31T13:00:21Z,1149,21,2,3,1,0,1,1,1,1785502608
2026-07-31T13:00:21Z,1150,17,1,2,0,0,1,1,1,1785502804
2026-07-31T13:00:21Z,1151,15,0,6,0,0,1,1,1,1785502515
2026-07-31T13:00:21Z,1152,22,1,7,0,0,1,1,1,1785502762
2026-07-31T13:00:21Z,1153,19,6,3,1,0,1,1,1,1785502408
2026-07-31T13:00:21Z,1154,15,1,4,0,0,1,1,1,1785501289
2026-07-31T13:00:21Z,1155,14,7,5,2,0,1,1,1,1785502761
2026-07-31T13:00:21Z,1158,3,0,15,1,0,1,1,1,1785501753
2026-07-31T13:00:21Z,1159,13,1,6,0,0,1,1,1,1785502110
2026-07-31T13:00:21Z,1160,8,1,10,1,0,1,1,1,1785501199
2026-07-31T13:00:21Z,1161,4,0,14,1,0,1,1,1,1785502247
2026-07-31T13:00:21Z,1162,0,0,19,0,0,1,1,1,1785502495
2026-07-31T13:00:21Z,1163,1,1,17,1,0,1,1,1,1785501871
2026-07-31T13:00:21Z,1164,6,1,13,0,0,1,1,1,1785501928
2026-07-31T13:00:21Z,1165,5,0,16,0,0,1,1,1,1785502666
2026-07-31T13:00:21Z,1166,12,2,8,1,0,1,1,1,1785502183
2026-07-31T13:00:21Z,1167,4,0,11,0,0,1,1,1,1785501628
2026-07-31T13:00:21Z,1168,1,1,21,1,0,1,1,1,1785502135
2026-07-31T13:00:21Z,1169,3,0,15,1,0,1,1,1,1785501775
2026-07-31T13:00:21Z,1170,6,0,14,1,0,1,1,1,1785502154
2026-07-31T13:00:21Z,1171,8,7,15,0,0,1,1,1,1785501833
2026-07-31T13:00:21Z,1172,5,2,8,2,0,1,1,1,1785502066
2026-07-31T13:00:21Z,1173,13,5,6,0,0,1,1,1,1785502027
2026-07-31T13:00:21Z,1174,6,3,9,0,0,1,1,1,1785501697
2026-07-31T13:00:21Z,1175,5,3,14,0,0,1,1,1,1785501948
2026-07-31T13:00:21Z,1176,19,1,2,0,0,1,1,1,1785501235
2026-07-31T13:00:21Z,1177,3,1,18,0,0,1,1,1,1785501164
2026-07-31T13:00:21Z,1178,3,0,12,0,0,1,1,1,1785502496
2026-07-31T13:00:21Z,1181,8,0,6,1,0,1,1,1,1785501905
2026-07-31T13:00:21Z,1182,9,1,11,0,0,1,1,1,1785502481
2026-07-31T13:00:21Z,1183,21,4,21,3,0,1,1,1,1785502729
2026-07-31T13:00:21Z,1184,1,1,18,2,0,1,1,1,1785501472
2026-07-31T13:00:21Z,1185,9,5,12,0,0,1,1,1,1785501720
2026-07-31T13:00:21Z,1186,9,5,10,0,0,1,1,1,1785502297
2026-07-31T13:00:21Z,1187,10,5,10,1,0,1,1,1,1785502619
2026-07-31T13:00:21Z,1188,10,5,5,0,0,1,1,1,1785501959
2026-07-31T13:00:21Z,1189,10,5,9,0,0,1,1,1,1785502059
2026-07-31T13:00:21Z,1190,9,4,12,0,0,1,1,1,1785501454
2026-07-31T13:00:21Z,1191,10,5,5,0,0,1,1,1,1785501964
2026-07-31T13:00:21Z,1192,10,6,10,1,0,1,1,1,1785501824
2026-07-31T13:00:21Z,1193,6,4,5,2,0,1,1,1,1785502740
2026-07-31T13:00:21Z,1197,8,6,8,1,0,1,1,1,1785502745
2026-07-31T13:00:21Z,1198,15,4,4,2,0,1,1,1,1785502349
2026-07-31T13:00:21Z,1199,2,0,17,0,0,1,1,1,1785502365
2026-07-31T13:00:21Z,1200,10,5,5,0,0,1,1,1,1785502001
2026-07-31T13:00:21Z,1201,10,5,5,0,0,1,1,1,1785501978
2026-07-31T13:00:21Z,1202,10,5,5,0,0,1,1,1,1785502079
2026-07-31T13:00:21Z,1203,10,5,5,0,0,1,1,1,1785501977
2026-07-31T13:00:21Z,1204,8,4,11,0,0,1,1,1,1785501730
2026-07-31T13:00:21Z,1206,11,5,10,0,0,1,1,1,1785502768
2026-07-31T13:00:21Z,1207,8,4,6,1,0,1,1,1,1785502290
2026-07-31T13:00:21Z,1208,9,4,10,0,0,1,1,1,1785502209
2026-07-31T13:00:21Z,1216,8,0,12,1,0,1,1,1,1785501180
2026-07-31T13:00:21Z,1218,4,0,17,0,0,1,1,1,1785501574
2026-07-31T13:00:21Z,1219,6,1,8,1,0,1,1,1,1785501426
2026-07-31T13:00:21Z,1220,14,7,4,1,0,1,1,1,1785501290
2026-07-31T13:00:21Z,1221,1,1,19,1,0,1,1,1,1785502704
2026-07-31T13:00:21Z,1222,26,0,3,0,0,1,1,1,1785502771
2026-07-31T13:00:21Z,1223,19,2,10,0,0,1,1,1,1785502713
2026-07-31T13:00:21Z,1226,0,0,3,0,0,0,1,1,1781868931
2026-07-31T13:00:21Z,1227,17,1,8,0,0,1,1,1,1785501660
2026-07-31T13:00:21Z,1228,17,1,12,0,0,1,1,1,1785502731
2026-07-31T13:00:21Z,1229,32,2,12,1,0,1,1,1,1785502664
2026-07-31T13:05:21Z,1,6,2,17,0,0,1,1,1,1785502245
2026-07-31T13:05:21Z,2,11,0,14,2,0,1,1,1,1785501588
2026-07-31T13:05:21Z,3,11,2,2,1,0,1,1,1,1785502776
2026-07-31T13:05:21Z,4,10,0,11,1,0,1,1,1,1785502702
2026-07-31T13:05:21Z,5,11,3,11,1,0,1,1,1,1785497818
2026-07-31T13:05:21Z,6,5,0,10,0,0,1,1,1,1785502996
2026-07-31T13:05:21Z,7,2,0,37,0,0,1,1,1,1785502856
2026-07-31T13:05:21Z,8,8,0,35,0,0,1,1,1,1785502967
2026-07-31T13:05:21Z,9,8,2,15,0,0,1,1,1,1785503078
2026-07-31T13:05:21Z,10,0,0,21,2,0,1,1,1,1785500952
2026-07-31T13:05:21Z,11,13,4,5,1,0,1,1,1,1785502667
2026-07-31T13:05:21Z,12,2,1,21,0,0,1,1,1,1785502206
2026-07-31T13:05:21Z,13,4,0,26,0,0,1,1,1,1785502823
2026-07-31T13:05:21Z,14,2,0,40,0,1,1,1,1,1785502924
2026-07-31T13:05:21Z,15,1,0,14,0,0,1,1,1,1785500656
2026-07-31T13:05:21Z,16,8,0,16,2,1,1,1,1,1785487292
2026-07-31T13:05:21Z,17,1,0,25,1,0,1,1,1,1785502302
2026-07-31T13:05:21Z,18,4,0,12,2,0,1,1,1,1785502815
2026-07-31T13:05:21Z,19,10,2,16,1,0,1,1,1,1785503017
2026-07-31T13:05:21Z,20,5,0,30,0,0,1,1,1,1785503101
2026-07-31T13:05:21Z,21,14,2,2,3,0,1,1,1,1785503030
2026-07-31T13:05:21Z,22,30,0,34,1,0,1,1,1,1785502796
2026-07-31T13:05:21Z,23,28,10,3,0,0,1,1,1,1785503057
2026-07-31T13:05:21Z,24,6,4,3,2,0,1,1,1,1785503112
2026-07-31T13:05:21Z,25,19,4,59,2,1,1,1,1,1785503106
2026-07-31T13:05:21Z,26,12,2,15,0,0,1,1,1,1785502931
2026-07-31T13:05:21Z,28,10,1,5,0,0,1,1,1,1785502515
2026-07-31T13:05:21Z,30,15,5,13,1,0,1,1,1,1785503060
2026-07-31T13:05:21Z,31,2,1,16,1,0,1,1,1,1785502934
2026-07-31T13:05:21Z,32,14,0,13,0,0,1,1,1,1785503082
2026-07-31T13:05:21Z,34,3,2,34,0,0,1,1,1,1785502900
2026-07-31T13:05:21Z,35,34,4,11,2,0,1,1,1,1785503084
2026-07-31T13:05:21Z,36,0,0,0,0,0,0,1,1,86400
2026-07-31T13:05:21Z,37,4,0,19,0,0,1,1,1,1785503002
2026-07-31T13:05:21Z,38,21,4,2,0,0,1,1,1,1785503084
2026-07-31T13:05:21Z,39,21,3,18,0,0,1,1,1,1785500283
2026-07-31T13:05:21Z,40,8,0,13,0,0,1,1,1,1785502921
2026-07-31T13:05:21Z,41,10,0,32,1,0,1,1,1,1785503058
2026-07-31T13:05:21Z,42,17,6,14,0,0,1,1,1,1785503090
2026-07-31T13:05:21Z,43,2,0,21,0,0,1,1,1,1785502105
2026-07-31T13:05:21Z,45,17,3,11,1,0,1,1,1,1785503059
2026-07-31T13:05:21Z,46,4,0,27,0,0,1,1,1,1785502396
2026-07-31T13:05:21Z,47,13,8,1,1,0,1,1,1,1785502487
2026-07-31T13:05:21Z,48,14,0,13,0,0,1,1,1,1785502969
2026-07-31T13:05:21Z,49,19,0,3,1,0,1,1,1,1785502394
2026-07-31T13:05:21Z,50,18,10,1,0,0,1,1,1,1785502400
2026-07-31T13:05:21Z,51,44,0,33,0,0,1,1,1,1785502548
2026-07-31T13:05:21Z,52,9,1,15,3,0,1,1,1,1785502997
2026-07-31T13:05:21Z,55,10,0,13,0,0,1,1,1,1785503093
2026-07-31T13:05:21Z,56,1,0,41,1,0,1,1,1,1785502810
2026-07-31T13:05:21Z,57,7,1,20,0,0,1,1,1,1785502608
2026-07-31T13:05:21Z,58,15,4,13,0,0,1,1,1,1785502826
2026-07-31T13:05:21Z,59,18,7,7,2,0,1,1,1,1785502830
2026-07-31T13:05:21Z,61,9,1,30,0,0,1,1,1,1785502423
2026-07-31T13:05:21Z,62,17,3,32,0,0,1,1,1,1785503113
2026-07-31T13:05:21Z,63,2,0,17,0,0,1,1,1,1785503087
2026-07-31T13:05:21Z,64,12,2,3,4,0,1,1,1,1785502351
2026-07-31T13:05:21Z,65,17,8,1,1,0,1,1,1,1785502637
2026-07-31T13:05:21Z,67,13,3,26,0,0,1,1,1,1785503031
2026-07-31T13:05:21Z,68,7,2,30,0,0,1,1,1,1785502940
2026-07-31T13:05:21Z,69,9,0,6,0,0,1,1,1,1785503021
2026-07-31T13:05:21Z,71,7,0,19,1,0,1,1,1,1785502682
2026-07-31T13:05:21Z,72,25,7,4,1,1,1,1,1,1785503028
2026-07-31T13:05:21Z,73,31,3,0,0,0,1,1,1,1785502946
2026-07-31T13:05:21Z,74,2,1,17,0,0,1,1,1,1785502720
2026-07-31T13:05:21Z,75,4,1,27,1,0,1,1,1,1785502809
2026-07-31T13:05:21Z,76,9,0,9,1,0,1,1,1,1785503113
2026-07-31T13:05:21Z,77,20,1,6,1,0,1,1,1,1785503078
2026-07-31T13:05:21Z,78,9,5,13,1,0,1,1,1,1785503102
2026-07-31T13:05:21Z,79,2,0,14,1,0,1,1,1,1785502892
2026-07-31T13:05:21Z,80,18,1,2,3,0,1,1,1,1785503077
2026-07-31T13:05:21Z,81,6,1,25,0,0,1,1,1,1785502838
2026-07-31T13:05:21Z,82,15,0,7,1,0,1,1,1,1785503039
2026-07-31T13:05:21Z,83,5,1,28,1,0,1,1,1,1785502916
2026-07-31T13:05:21Z,84,13,0,14,0,0,1,1,1,1785503040
2026-07-31T13:05:21Z,85,7,1,8,0,0,1,1,1,1785501696
2026-07-31T13:05:21Z,86,21,0,6,0,0,1,1,1,1785503019
2026-07-31T13:05:21Z,87,19,0,0,0,0,1,1,1,1785501816
2026-07-31T13:05:21Z,88,8,0,34,1,0,1,1,1,1785502900
2026-07-31T13:05:21Z,89,2,0,33,0,0,1,1,1,1785502658
2026-07-31T13:05:21Z,90,3,1,13,2,0,1,1,1,1785503064
2026-07-31T13:05:21Z,91,17,1,0,0,0,1,1,1,1785503078
2026-07-31T13:05:21Z,92,2,1,14,3,0,1,1,1,1785503094
2026-07-31T13:05:21Z,93,0,0,23,0,0,1,1,1,1785502662
2026-07-31T13:05:21Z,94,9,0,9,1,0,1,1,1,1785502976
2026-07-31T13:05:21Z,95,19,0,14,1,1,1,1,1,1785502935
2026-07-31T13:05:21Z,96,26,0,4,1,0,1,1,1,1785502569
2026-07-31T13:05:21Z,97,2,0,14,1,0,1,1,1,1785502867
2026-07-31T13:05:21Z,98,33,0,2,0,0,1,1,1,1785503063
2026-07-31T13:05:21Z,99,0,0,15,0,0,1,1,1,1785501758
2026-07-31T13:05:21Z,100,1,0,26,0,0,1,1,1,1785502888
2026-07-31T13:05:21Z,101,1,0,12,2,0,1,1,1,1785502745
2026-07-31T13:05:21Z,102,3,0,20,0,0,1,1,1,1785502377
2026-07-31T13:05:21Z,103,12,0,17,1,0,1,1,1,1785502999
2026-07-31T13:05:21Z,104,9,1,16,2,0,1,1,1,1785503108
2026-07-31T13:05:21Z,105,14,0,5,0,0,1,1,1,1785503111
2026-07-31T13:05:21Z,106,1,1,20,0,0,1,1,1,1785502125
2026-07-31T13:05:21Z,107,7,4,29,1,0,1,1,1,1785503081
2026-07-31T13:05:21Z,108,1,0,34,0,0,1,1,1,1785502785
2026-07-31T13:05:21Z,109,1,0,22,0,0,1,1,1,1785502982
2026-07-31T13:05:21Z,110,11,0,12,0,0,1,1,1,1785502670
2026-07-31T13:05:21Z,111,7,1,28,1,0,1,1,1,1785502958
2026-07-31T13:05:21Z,112,0,0,14,1,0,1,1,1,1785502707
2026-07-31T13:05:21Z,113,7,0,11,1,0,1,1,1,1785503023
2026-07-31T13:05:21Z,114,25,6,4,1,1,1,1,1,1785502815
2026-07-31T13:05:21Z,115,19,3,7,2,0,1,1,1,1785503110
2026-07-31T13:05:21Z,116,19,8,7,1,0,1,1,1,1785501605
2026-07-31T13:05:21Z,118,14,3,7,2,0,1,1,1,1785502750
2026-07-31T13:05:21Z,119,8,0,26,4,0,1,1,1,1785503019
2026-07-31T13:05:21Z,120,12,0,14,1,0,1,1,1,1785502882
2026-07-31T13:05:21Z,121,2,0,15,1,1,1,1,1,1785502863
2026-07-31T13:05:21Z,122,17,3,4,0,0,1,1,1,1785502655
2026-07-31T13:05:21Z,123,7,2,40,0,0,1,1,1,1785503078
2026-07-31T13:05:21Z,124,11,0,24,0,0,1,1,1,1785503106
2026-07-31T13:05:21Z,125,13,3,9,1,0,1,1,1,1785503090
2026-07-31T13:05:21Z,126,23,3,8,0,0,1,1,1,1785502570
2026-07-31T13:05:21Z,127,24,0,9,2,0,1,1,1,1785502906
2026-07-31T13:05:21Z,128,11,0,8,0,0,1,1,1,1785502953
2026-07-31T13:05:21Z,129,10,0,7,2,0,1,1,1,1785502548
2026-07-31T13:05:21Z,130,6,1,11,0,0,1,1,1,1785502983
2026-07-31T13:05:21Z,131,4,3,5,2,0,1,1,1,1785502704
2026-07-31T13:05:21Z,132,11,4,2,1,1,1,1,1,1785500982
2026-07-31T13:05:21Z,134,6,0,13,4,0,1,1,1,1785503106
2026-07-31T13:05:21Z,135,7,3,11,1,0,1,1,1,1785502788
2026-07-31T13:05:21Z,136,3,0,11,2,7,1,1,1,1785503098
2026-07-31T13:05:21Z,137,7,2,12,0,0,1,1,1,1785502810
2026-07-31T13:05:21Z,138,28,0,9,0,0,1,1,1,1785503080
2026-07-31T13:05:21Z,139,1,0,17,1,0,1,1,1,1785502895
2026-07-31T13:05:21Z,140,6,0,16,1,0,1,1,1,1785503115
2026-07-31T13:05:21Z,141,18,0,18,0,0,1,1,1,1785503021
2026-07-31T13:05:21Z,142,11,0,12,0,0,1,1,1,1785502973
2026-07-31T13:05:21Z,143,0,0,31,0,0,1,1,1,1785502923
2026-07-31T13:05:21Z,144,12,1,15,0,0,1,1,1,1785502562
2026-07-31T13:05:21Z,146,3,1,19,1,0,1,1,1,1785502336
2026-07-31T13:05:21Z,147,10,1,7,2,0,1,1,1,1785503079
2026-07-31T13:05:21Z,148,9,3,17,0,1,1,1,1,1785502965
2026-07-31T13:05:21Z,149,14,1,13,0,0,1,1,1,1785502893
2026-07-31T13:05:21Z,150,21,6,11,3,0,1,1,1,1785503087
2026-07-31T13:05:21Z,151,9,3,14,0,0,1,1,1,1785503090
2026-07-31T13:05:21Z,152,13,0,10,3,0,1,1,1,1785502719
2026-07-31T13:05:21Z,153,0,0,25,6,0,1,1,1,1785503065
2026-07-31T13:05:21Z,154,16,3,3,4,0,1,1,1,1785503071
2026-07-31T13:05:21Z,155,8,3,5,1,0,1,1,1,1785502876
2026-07-31T13:05:21Z,156,8,1,11,0,0,1,1,1,1785503002
2026-07-31T13:05:21Z,157,4,0,21,2,0,1,1,1,1785503074
2026-07-31T13:05:21Z,158,2,1,14,0,0,1,1,1,1785503004
2026-07-31T13:05:21Z,159,0,0,19,0,0,1,1,1,1785497085
2026-07-31T13:05:21Z,160,7,1,12,0,0,1,1,1,1785503096
2026-07-31T13:05:21Z,161,14,1,8,0,0,1,1,1,1785502957
2026-07-31T13:05:21Z,162,18,2,8,1,0,1,1,1,1785503077
2026-07-31T13:05:21Z,163,10,1,20,0,1,1,1,1,1785503077
2026-07-31T13:05:21Z,164,26,4,1,0,0,1,1,1,1785502990
2026-07-31T13:05:21Z,165,20,12,10,1,0,1,1,1,1785503094
2026-07-31T13:05:21Z,166,20,6,16,3,0,1,1,1,1785503107
2026-07-31T13:05:21Z,167,3,2,19,1,0,1,1,1,1785503074
2026-07-31T13:05:21Z,168,23,4,1,3,0,1,1,1,1785503076
2026-07-31T13:05:21Z,169,1,0,20,1,1,1,1,1,1785502652
2026-07-31T13:05:21Z,170,9,3,9,1,0,1,1,1,1785502817
2026-07-31T13:05:21Z,171,6,1,5,2,0,1,1,1,1785503060
2026-07-31T13:05:21Z,173,26,0,12,1,0,1,1,1,1785502990
2026-07-31T13:05:21Z,174,9,0,15,2,0,1,1,1,1785503030
2026-07-31T13:05:21Z,175,13,0,18,0,0,1,1,1,1785502248
2026-07-31T13:05:21Z,176,2,0,10,2,1,1,1,1,1785502150
2026-07-31T13:05:21Z,177,16,4,11,0,0,1,1,1,1785502902
2026-07-31T13:05:21Z,178,2,0,10,2,1,1,1,1,1785503115
2026-07-31T13:05:21Z,179,4,1,10,1,0,1,1,1,1785502780
2026-07-31T13:05:21Z,180,13,0,17,0,0,1,1,1,1785502883
2026-07-31T13:05:21Z,181,15,2,0,0,0,1,1,1,1785502918
2026-07-31T13:05:21Z,182,2,0,15,0,0,1,1,1,1785502295
2026-07-31T13:05:21Z,183,12,0,10,1,0,1,1,1,1785502354
2026-07-31T13:05:21Z,184,17,0,5,1,0,1,1,1,1785502737
2026-07-31T13:05:21Z,185,9,0,3,2,1,1,1,1,1785502702
2026-07-31T13:05:21Z,186,3,2,16,0,0,1,1,1,1785502060
2026-07-31T13:05:21Z,187,13,0,14,1,0,1,1,1,1785502640
2026-07-31T13:05:21Z,188,1,0,18,8,0,1,1,1,1785503110
2026-07-31T13:05:21Z,189,4,0,10,1,0,1,1,1,1785502572
2026-07-31T13:05:21Z,190,6,5,17,0,0,1,1,1,1785502785
2026-07-31T13:05:21Z,191,10,1,29,0,0,1,1,1,1785502769
2026-07-31T13:05:21Z,192,9,1,19,3,0,1,1,1,1785502228
2026-07-31T13:05:21Z,193,7,4,8,0,0,1,1,1,1785502923
2026-07-31T13:05:21Z,194,18,3,8,1,0,1,1,1,1785503066
2026-07-31T13:05:21Z,195,7,2,12,0,0,1,1,1,1785502920
2026-07-31T13:05:21Z,196,2,1,24,1,0,1,1,1,1785502310
2026-07-31T13:05:21Z,197,15,7,3,0,1,1,1,1,1785502882
2026-07-31T13:05:21Z,198,14,12,9,0,0,1,1,1,1785502998
2026-07-31T13:05:21Z,199,6,5,8,1,0,1,1,1,1785503113
2026-07-31T13:05:21Z,200,17,1,8,1,0,1,1,1,1785502702
2026-07-31T13:05:21Z,201,16,3,7,0,0,1,1,1,1785502275
2026-07-31T13:05:21Z,202,3,1,24,0,0,1,1,1,1785503032
2026-07-31T13:05:21Z,203,26,1,4,1,0,1,1,1,1785502777
2026-07-31T13:05:21Z,204,26,0,8,1,0,1,1,1,1785503085
2026-07-31T13:05:21Z,205,8,0,19,0,0,1,1,1,1785502978
2026-07-31T13:05:21Z,206,2,1,13,0,0,1,1,1,1785503091
2026-07-31T13:05:21Z,207,7,0,14,0,0,1,1,1,1785502861
2026-07-31T13:05:21Z,208,18,3,11,0,0,1,1,1,1785502346
2026-07-31T13:05:21Z,209,2,0,27,3,0,1,1,1,1785503078
2026-07-31T13:05:21Z,210,14,1,13,0,0,1,1,1,1785502807
2026-07-31T13:05:21Z,211,3,3,19,1,0,1,1,1,1785503111
2026-07-31T13:05:21Z,212,21,1,13,1,0,1,1,1,1785502987
2026-07-31T13:05:21Z,213,2,1,20,1,0,1,1,1,1785503103
2026-07-31T13:05:21Z,214,37,2,4,6,0,1,1,1,1785503109
2026-07-31T13:05:21Z,215,7,3,15,1,0,1,1,1,1785502076
2026-07-31T13:05:21Z,216,5,1,13,1,0,1,1,1,1785502906
2026-07-31T13:05:21Z,217,5,0,23,1,0,1,1,1,1785502833
2026-07-31T13:05:21Z,218,25,8,13,1,0,1,1,1,1785503068
2026-07-31T13:05:21Z,219,24,1,0,2,0,1,1,1,1785502640
2026-07-31T13:05:21Z,220,14,5,27,1,1,1,1,1,1785502861
2026-07-31T13:05:21Z,221,0,0,13,2,0,1,1,1,1785503061
2026-07-31T13:05:21Z,222,6,6,12,1,0,1,1,1,1785502752
2026-07-31T13:05:21Z,223,18,3,12,5,0,1,1,1,1785502872
2026-07-31T13:05:21Z,224,9,4,13,0,0,1,1,1,1785502925
2026-07-31T13:05:21Z,225,12,1,1,6,0,1,1,1,1785498882
2026-07-31T13:05:21Z,226,26,7,4,1,0,1,1,1,1785503065
2026-07-31T13:05:21Z,227,12,9,13,1,1,1,1,1,1785502941
2026-07-31T13:05:21Z,228,4,0,15,0,0,1,1,1,1785502999
2026-07-31T13:05:21Z,230,14,5,12,0,0,1,1,1,1785503066
2026-07-31T13:05:21Z,232,4,3,12,1,0,1,1,1,1785501802
2026-07-31T13:05:21Z,233,13,0,16,2,0,1,1,1,1785502885
2026-07-31T13:05:21Z,234,7,3,7,3,2,1,1,1,1785502042
2026-07-31T13:05:21Z,236,5,1,14,0,0,1,1,1,1785503016
2026-07-31T13:05:21Z,237,6,3,16,1,0,1,1,1,1785503005
2026-07-31T13:05:21Z,239,21,16,5,1,0,1,1,1,1785503101
2026-07-31T13:05:21Z,241,11,3,11,1,0,1,1,1,1785502822
2026-07-31T13:05:21Z,242,7,1,14,2,0,1,1,1,1785502939
2026-07-31T13:05:21Z,243,6,3,24,1,0,1,1,1,1785502851
2026-07-31T13:05:21Z,244,8,2,17,2,0,1,1,1,1785503101
2026-07-31T13:05:21Z,245,2,2,21,0,0,1,1,1,1785502988
2026-07-31T13:05:21Z,246,19,1,4,0,0,1,1,1,1785502712
2026-07-31T13:05:21Z,247,8,8,14,1,0,1,1,1,1785502712
2026-07-31T13:05:21Z,248,13,3,8,2,0,1,1,1,1785502729
2026-07-31T13:05:21Z,249,3,0,15,1,0,1,1,1,1785502943
2026-07-31T13:05:21Z,250,22,9,4,1,0,1,1,1,1785502997
2026-07-31T13:05:21Z,251,11,4,14,2,0,1,1,1,1785502790
2026-07-31T13:05:21Z,253,8,3,11,0,0,1,1,1,1785502945
2026-07-31T13:05:21Z,254,14,13,28,1,0,1,1,1,1785502789
2026-07-31T13:05:21Z,255,0,0,22,0,1,1,1,1,1785503025
2026-07-31T13:05:21Z,256,0,0,20,3,0,1,1,1,1785502223
2026-07-31T13:05:21Z,257,5,3,14,0,0,1,1,1,1785502308
2026-07-31T13:05:21Z,258,9,0,10,0,0,1,1,1,1785503100
2026-07-31T13:05:21Z,259,20,2,1,2,0,1,1,1,1785503109
2026-07-31T13:05:21Z,260,2,1,14,3,0,1,1,1,1785502570
2026-07-31T13:05:21Z,261,8,0,10,0,1,1,1,1,1785502635
2026-07-31T13:05:21Z,262,7,7,15,1,0,1,1,1,1785503008
2026-07-31T13:05:21Z,263,7,0,8,0,0,1,1,1,1785501914
2026-07-31T13:05:21Z,264,9,3,7,3,0,1,1,1,1785503061
2026-07-31T13:05:21Z,265,10,0,5,0,0,1,1,1,1785503042
2026-07-31T13:05:21Z,266,6,6,11,2,0,1,1,1,1785501985
2026-07-31T13:05:21Z,267,6,3,7,2,0,1,1,1,1785500369
2026-07-31T13:05:21Z,268,19,8,4,0,0,1,1,1,1785502293
2026-07-31T13:05:21Z,269,5,2,18,0,0,1,1,1,1785502938
2026-07-31T13:05:21Z,270,22,1,5,0,0,1,1,1,1785502574
2026-07-31T13:05:21Z,271,5,1,12,2,0,1,1,1,1785502812
2026-07-31T13:05:21Z,272,9,8,13,1,0,1,1,1,1785503030
2026-07-31T13:05:21Z,273,5,3,10,0,0,1,1,1,1785502844
2026-07-31T13:05:21Z,274,9,5,9,1,0,1,1,1,1785502946
2026-07-31T13:05:21Z,275,6,0,17,0,0,1,1,1,1785502980
2026-07-31T13:05:21Z,276,6,5,21,0,0,1,1,1,1785502761
2026-07-31T13:05:21Z,277,14,3,4,5,0,1,1,1,1785502259
2026-07-31T13:05:21Z,278,0,0,28,2,1,1,1,1,1785502851
2026-07-31T13:05:21Z,279,17,1,2,0,0,1,1,1,1785502559
2026-07-31T13:05:21Z,280,10,2,19,2,0,1,1,1,1785503052
2026-07-31T13:05:21Z,281,15,0,4,0,0,1,1,1,1785503028
2026-07-31T13:05:21Z,282,6,2,12,0,0,1,1,1,1785500800
2026-07-31T13:05:21Z,283,26,0,9,0,0,1,1,1,1785503004
2026-07-31T13:05:21Z,284,6,1,27,2,0,1,1,1,1785502921
2026-07-31T13:05:21Z,285,7,7,16,0,0,1,1,1,1785501660
2026-07-31T13:05:21Z,286,10,9,9,4,0,1,1,1,1785502571
2026-07-31T13:05:21Z,287,14,5,7,2,0,1,1,1,1785502618
2026-07-31T13:05:21Z,288,5,4,13,1,0,1,1,1,1785502882
2026-07-31T13:05:21Z,289,16,1,8,3,0,1,1,1,1785503090
2026-07-31T13:05:21Z,290,3,0,35,1,0,1,1,1,1785502996
2026-07-31T13:05:21Z,291,6,1,16,1,0,1,1,1,1785502457
2026-07-31T13:05:21Z,292,21,1,2,0,0,1,1,1,1785502932
2026-07-31T13:05:21Z,293,12,10,11,0,0,1,1,1,1785502800
2026-07-31T13:05:21Z,294,4,4,17,1,0,1,1,1,1785503111
2026-07-31T13:05:21Z,297,2,0,14,2,1,1,1,1,1785503009
2026-07-31T13:05:21Z,301,10,0,9,0,0,1,1,1,1785503105
2026-07-31T13:05:21Z,302,7,1,16,0,0,1,1,1,1785503047
2026-07-31T13:05:21Z,303,10,0,9,0,0,1,1,1,1785502571
2026-07-31T13:05:21Z,304,0,0,0,0,0,0,1,1,86400
2026-07-31T13:05:21Z,305,2,0,16,1,0,1,1,1,1785503109
2026-07-31T13:05:21Z,306,8,0,24,0,0,1,1,1,1785502734
2026-07-31T13:05:21Z,307,16,0,5,1,1,1,1,1,1785503109
2026-07-31T13:05:21Z,308,10,0,7,2,0,1,1,1,1785503071
2026-07-31T13:05:21Z,309,7,0,7,0,0,1,1,1,1785502848
2026-07-31T13:05:21Z,311,9,0,6,0,0,1,1,1,1785502732
2026-07-31T13:05:21Z,312,2,1,17,4,0,1,1,1,1785502803
2026-07-31T13:05:21Z,313,1,0,14,0,0,1,1,1,1785503033
2026-07-31T13:05:21Z,314,13,6,4,1,0,1,1,1,1785503101
2026-07-31T13:05:21Z,315,19,4,10,2,0,1,1,1,1785503013
2026-07-31T13:05:21Z,316,1,0,24,5,1,1,1,1,1785503083
2026-07-31T13:05:21Z,317,23,6,7,0,1,1,1,1,1785502966
2026-07-31T13:05:21Z,318,15,0,4,0,0,1,1,1,1785501909
2026-07-31T13:05:21Z,319,9,1,13,1,0,1,1,1,1785502813
2026-07-31T13:05:21Z,320,9,3,9,1,0,1,1,1,1785502846
2026-07-31T13:05:21Z,321,9,2,6,4,0,1,1,1,1785502908
2026-07-31T13:05:21Z,322,5,0,24,0,0,1,1,1,1785501752
2026-07-31T13:05:21Z,323,9,0,10,0,0,1,1,1,1785502367
2026-07-31T13:05:21Z,324,20,0,5,2,0,1,1,1,1785503115
2026-07-31T13:05:21Z,325,9,4,16,2,0,1,1,1,1785503035
2026-07-31T13:05:21Z,327,24,1,2,1,0,1,1,1,1785503016
2026-07-31T13:05:21Z,328,10,0,11,1,0,1,1,1,1785502240
2026-07-31T13:05:21Z,329,15,0,2,2,0,1,1,1,1785501426
2026-07-31T13:05:21Z,330,7,1,14,1,0,1,1,1,1785502736
2026-07-31T13:05:21Z,331,7,2,15,1,0,1,1,1,1785502950
2026-07-31T13:05:21Z,332,10,1,7,2,0,1,1,1,1785503056
2026-07-31T13:05:21Z,333,12,1,10,1,0,1,1,1,1785502887
2026-07-31T13:05:21Z,334,8,7,15,0,0,1,1,1,1785502764
2026-07-31T13:05:21Z,335,2,1,20,0,1,1,1,1,1785502690
2026-07-31T13:05:21Z,336,8,1,10,1,0,1,1,1,1785503061
2026-07-31T13:05:21Z,337,11,2,7,5,0,1,1,1,1785503085
2026-07-31T13:05:21Z,338,11,4,7,1,0,1,1,1,1785501773
2026-07-31T13:05:21Z,339,17,12,4,2,0,1,1,1,1785503078
2026-07-31T13:05:21Z,340,8,7,6,1,0,1,1,1,1785502618
2026-07-31T13:05:21Z,341,2,1,17,0,0,1,1,1,1785502853
2026-07-31T13:05:21Z,342,13,5,0,2,0,1,1,1,1785500433
2026-07-31T13:05:21Z,343,19,2,3,1,0,1,1,1,1785502778
2026-07-31T13:05:21Z,344,16,7,6,1,0,1,1,1,1785502623
2026-07-31T13:05:21Z,345,4,0,15,0,0,1,1,1,1785503060
2026-07-31T13:05:21Z,346,9,4,14,0,0,1,1,1,1785502797
2026-07-31T13:05:21Z,347,37,1,7,0,0,1,1,1,1785503112
2026-07-31T13:05:21Z,348,17,2,4,1,1,1,1,1,1785502912
2026-07-31T13:05:21Z,349,10,3,8,1,0,1,1,1,1785503028
2026-07-31T13:05:21Z,350,11,3,14,1,1,1,1,1,1785502615
2026-07-31T13:05:21Z,351,12,1,7,4,0,1,1,1,1785503101
2026-07-31T13:05:21Z,355,16,1,7,0,0,1,1,1,1785502816
2026-07-31T13:05:21Z,356,14,2,4,1,0,1,1,1,1785502524
2026-07-31T13:05:21Z,357,1,0,18,0,0,1,1,1,1785502337
2026-07-31T13:05:21Z,358,14,3,12,1,0,1,1,1,1785503009
2026-07-31T13:05:21Z,359,12,0,15,0,0,1,1,1,1785502214
2026-07-31T13:05:21Z,360,12,2,5,2,0,1,1,1,1785502763
2026-07-31T13:05:21Z,362,9,4,7,3,0,1,1,1,1785502156
2026-07-31T13:05:21Z,363,7,0,20,0,0,1,1,1,1785502173
2026-07-31T13:05:21Z,364,16,4,3,0,0,1,1,1,1785503069
2026-07-31T13:05:21Z,365,4,0,15,4,0,1,1,1,1785503102
2026-07-31T13:05:21Z,366,6,2,13,4,0,1,1,1,1785503020
2026-07-31T13:05:21Z,367,13,7,4,2,0,1,1,1,1785503098
2026-07-31T13:05:21Z,368,17,4,5,1,0,1,1,1,1785503032
2026-07-31T13:05:21Z,370,7,4,20,0,0,1,1,1,1785502985
2026-07-31T13:05:21Z,371,2,0,16,1,0,1,1,1,1785503052
2026-07-31T13:05:21Z,372,4,0,11,0,0,1,1,1,1785501884
2026-07-31T13:05:21Z,373,26,9,0,1,0,1,1,1,1785502663
2026-07-31T13:05:21Z,374,7,3,10,2,0,1,1,1,1785502951
2026-07-31T13:05:21Z,375,15,6,8,4,0,1,1,1,1785502656
2026-07-31T13:05:21Z,376,28,7,6,5,0,1,1,1,1785502981
2026-07-31T13:05:21Z,377,15,6,11,1,0,1,1,1,1785502877
2026-07-31T13:05:21Z,378,13,4,9,1,1,1,1,1,1785502864
2026-07-31T13:05:21Z,379,14,1,13,0,0,1,1,1,1785502639
2026-07-31T13:05:21Z,380,14,4,8,1,0,1,1,1,1785502217
2026-07-31T13:05:21Z,381,0,0,23,0,0,1,1,1,1785501361
2026-07-31T13:05:21Z,383,0,0,14,1,0,1,1,1,1785503107
2026-07-31T13:05:21Z,384,14,0,11,2,0,1,1,1,1785503092
2026-07-31T13:05:21Z,385,17,5,0,1,0,1,1,1,1785502828
2026-07-31T13:05:21Z,387,17,2,6,0,0,1,1,1,1785502911
2026-07-31T13:05:21Z,388,29,2,19,1,0,1,1,1,1785503101
2026-07-31T13:05:21Z,389,7,5,7,1,0,1,1,1,1785501576
2026-07-31T13:05:21Z,390,12,0,23,0,0,1,1,1,1785502392
2026-07-31T13:05:21Z,391,0,0,14,1,0,1,1,1,1785501753
2026-07-31T13:05:21Z,392,1,1,17,1,0,1,1,1,1785502848
2026-07-31T13:05:21Z,393,3,3,5,3,0,1,1,1,1785487292
2026-07-31T13:05:21Z,394,7,5,4,2,0,1,1,1,1785502798
2026-07-31T13:05:21Z,396,19,8,20,3,0,1,1,1,1785502531
2026-07-31T13:05:21Z,397,11,6,20,0,0,1,1,1,1785501884
2026-07-31T13:05:21Z,399,2,0,13,2,0,1,1,1,1785503083
2026-07-31T13:05:21Z,400,12,7,8,3,0,1,1,1,1785501999
2026-07-31T13:05:21Z,401,1,0,30,8,0,1,1,1,1785502571
2026-07-31T13:05:21Z,403,18,1,9,4,0,1,1,1,1785502939
2026-07-31T13:05:21Z,404,10,1,13,0,0,1,1,1,1785503060
2026-07-31T13:05:21Z,406,4,2,30,1,0,1,1,1,1785503105
2026-07-31T13:05:21Z,407,18,3,15,1,0,1,1,1,1785499747
2026-07-31T13:05:21Z,408,19,4,12,2,0,1,1,1,1785503058
2026-07-31T13:05:21Z,409,2,0,18,3,0,1,1,1,1785498301
2026-07-31T13:05:21Z,413,18,3,4,1,0,1,1,1,1785502615
2026-07-31T13:05:21Z,414,8,2,6,1,0,1,1,1,1785502965
2026-07-31T13:05:21Z,417,1,0,16,2,0,1,1,1,1785502882
2026-07-31T13:05:21Z,418,11,0,4,0,0,1,1,1,1785502613
2026-07-31T13:05:21Z,419,11,0,11,1,0,1,1,1,1785500476
2026-07-31T13:05:21Z,421,2,2,17,0,0,1,1,1,1785503042
2026-07-31T13:05:21Z,422,5,4,21,1,0,1,1,1,1785502620
2026-07-31T13:05:21Z,423,3,2,20,0,0,1,1,1,1785502409
2026-07-31T13:05:21Z,424,0,0,12,3,0,1,1,1,1785503033
2026-07-31T13:05:21Z,425,16,0,5,0,1,1,1,1,1785500631
2026-07-31T13:05:21Z,426,15,1,20,2,0,1,1,1,1785502786
2026-07-31T13:05:21Z,427,7,1,7,1,0,1,1,1,1785502882
2026-07-31T13:05:21Z,428,6,2,13,0,0,1,1,1,1785503089
2026-07-31T13:05:21Z,429,5,2,16,2,0,1,1,1,1785502767
2026-07-31T13:05:21Z,430,26,0,3,2,0,1,1,1,1785502777
2026-07-31T13:05:21Z,431,18,1,14,1,0,1,1,1,1785502953
2026-07-31T13:05:21Z,432,12,0,17,2,0,0,1,1,1785503091
2026-07-31T13:05:21Z,433,16,4,5,2,0,1,1,1,1785502905
2026-07-31T13:05:21Z,437,6,3,12,1,0,1,1,1,1785502849
2026-07-31T13:05:21Z,438,17,1,1,1,0,1,1,1,1785503105
2026-07-31T13:05:21Z,439,2,1,13,0,0,1,1,1,1785502232
2026-07-31T13:05:21Z,440,11,1,2,2,0,1,1,1,1785503007
2026-07-31T13:05:21Z,441,12,3,2,1,0,1,1,1,1785502537
2026-07-31T13:05:21Z,442,15,8,3,1,0,1,1,1,1785502601
2026-07-31T13:05:21Z,443,4,2,23,0,0,1,1,1,1785485488
2026-07-31T13:05:21Z,444,7,2,16,0,0,1,1,1,1785502921
2026-07-31T13:05:21Z,445,7,2,15,1,0,1,1,1,1785503014
2026-07-31T13:05:21Z,446,2,1,20,1,0,1,1,1,1785502334
2026-07-31T13:05:21Z,447,3,0,18,1,1,1,1,1,1785496389
2026-07-31T13:05:21Z,448,7,2,7,1,0,1,1,1,1785501220
2026-07-31T13:05:21Z,452,5,4,13,1,0,1,1,1,1785502528
2026-07-31T13:05:21Z,453,5,5,9,1,0,1,1,1,1785502483
2026-07-31T13:05:21Z,454,5,0,14,0,0,1,1,1,1785502835
2026-07-31T13:05:21Z,455,2,1,35,2,0,1,1,1,1785503050
2026-07-31T13:05:21Z,456,3,0,16,1,0,1,1,1,1785502944
2026-07-31T13:05:21Z,457,24,2,1,2,0,1,1,1,1785503105
2026-07-31T13:05:21Z,458,11,3,12,0,0,1,1,1,1785503038
2026-07-31T13:05:21Z,459,14,0,1,0,0,1,1,1,1785502515
2026-07-31T13:05:21Z,460,13,0,9,1,0,1,1,1,1785503031
2026-07-31T13:05:21Z,461,9,2,10,0,0,1,1,1,1785503082
2026-07-31T13:05:21Z,462,15,2,6,0,0,1,1,1,1785503038
2026-07-31T13:05:21Z,463,9,0,10,0,0,1,1,1,1785499420
2026-07-31T13:05:21Z,464,0,0,14,0,0,1,1,1,1785499858
2026-07-31T13:05:21Z,465,0,0,14,1,0,1,1,1,1785502021
2026-07-31T13:05:21Z,466,9,1,2,4,0,1,1,1,1785502883
2026-07-31T13:05:21Z,467,3,1,16,0,0,1,1,1,1785502765
2026-07-31T13:05:21Z,468,17,1,1,1,0,1,1,1,1785485789
2026-07-31T13:05:21Z,469,3,0,20,0,0,1,1,1,1785502449
2026-07-31T13:05:21Z,470,9,2,5,1,0,1,1,1,1785502811
2026-07-31T13:05:21Z,471,25,3,2,0,0,1,1,1,1785502385
2026-07-31T13:05:21Z,472,8,3,10,1,0,1,1,1,1785503068
2026-07-31T13:05:21Z,473,16,2,2,1,0,1,1,1,1785502394
2026-07-31T13:05:21Z,474,14,0,5,0,0,1,1,1,1785501824
2026-07-31T13:05:21Z,475,7,2,12,0,0,1,1,1,1785502044
2026-07-31T13:05:21Z,477,3,2,10,2,0,1,1,1,1785502735
2026-07-31T13:05:21Z,478,15,0,14,2,0,1,1,1,1785502934
2026-07-31T13:05:21Z,479,2,0,24,1,0,1,1,1,1785502463
2026-07-31T13:05:21Z,480,3,0,10,2,0,1,1,1,1785502920
2026-07-31T13:05:21Z,481,4,0,30,1,0,1,1,1,1785502883
2026-07-31T13:05:21Z,482,11,6,8,0,0,1,1,1,1785501435
2026-07-31T13:05:21Z,483,3,0,22,2,0,1,1,1,1785503052
2026-07-31T13:05:21Z,484,0,0,18,1,0,1,1,1,1785502886
2026-07-31T13:05:21Z,485,13,5,4,1,1,1,1,1,1785502807
2026-07-31T13:05:21Z,486,4,3,20,3,0,1,1,1,1785502810
2026-07-31T13:05:21Z,487,0,0,18,1,0,1,1,1,1785499667
2026-07-31T13:05:21Z,489,1,1,13,1,0,1,1,1,1785502467
2026-07-31T13:05:21Z,490,4,2,12,0,0,1,1,1,1785502067
2026-07-31T13:05:21Z,491,8,3,12,1,0,1,1,1,1785503115
2026-07-31T13:05:21Z,492,2,2,5,4,0,1,1,1,1785503113
2026-07-31T13:05:21Z,493,5,1,21,1,0,1,1,1,1785502999
2026-07-31T13:05:21Z,495,8,0,4,3,0,1,1,1,1785500279
2026-07-31T13:05:21Z,496,18,0,8,1,0,1,1,1,1785502969
2026-07-31T13:05:21Z,497,3,0,15,1,0,1,1,1,1785503109
2026-07-31T13:05:21Z,498,0,0,23,0,0,1,1,1,1785502538
2026-07-31T13:05:21Z,499,14,0,3,2,0,1,1,1,1785502117
2026-07-31T13:05:21Z,500,7,5,6,2,0,1,1,1,1785501987
2026-07-31T13:05:21Z,501,14,7,7,0,0,1,1,1,1785501639
2026-07-31T13:05:21Z,502,12,2,7,0,0,1,1,1,1785502554
2026-07-31T13:05:21Z,503,11,0,19,1,0,1,1,1,1785502711
2026-07-31T13:05:21Z,504,20,3,19,0,0,1,1,1,1785503067
2026-07-31T13:05:21Z,505,0,0,11,1,0,1,1,1,1785502036
2026-07-31T13:05:21Z,511,8,3,15,0,0,1,1,1,1785502929
2026-07-31T13:05:21Z,512,10,0,16,1,0,1,1,1,1785502802
2026-07-31T13:05:21Z,514,0,0,10,1,0,1,1,1,1785502627
2026-07-31T13:05:21Z,515,0,0,19,0,0,1,1,1,1785502093
2026-07-31T13:05:21Z,516,17,1,10,0,0,1,1,1,1785503084
2026-07-31T13:05:21Z,517,11,1,11,1,0,1,1,1,1785503047
2026-07-31T13:05:21Z,518,12,0,2,1,0,1,1,1,1785502715
2026-07-31T13:05:21Z,519,2,0,15,2,0,1,1,1,1785497842
2026-07-31T13:05:21Z,520,13,6,8,5,1,1,1,1,1785503112
2026-07-31T13:05:21Z,521,14,4,9,0,0,1,1,1,1785502536
2026-07-31T13:05:21Z,522,0,0,22,1,0,1,1,1,1785502428
2026-07-31T13:05:21Z,523,4,3,18,1,0,1,1,1,1785501535
2026-07-31T13:05:21Z,524,4,1,19,0,0,1,1,1,1785502851
2026-07-31T13:05:21Z,525,3,0,16,0,0,1,1,1,1785502978
2026-07-31T13:05:21Z,526,13,1,0,2,0,1,1,1,1785502385
2026-07-31T13:05:21Z,527,5,3,18,3,0,1,1,1,1785502839
2026-07-31T13:05:21Z,528,21,2,1,1,0,1,1,1,1785502143
2026-07-31T13:05:21Z,529,5,3,8,6,0,1,1,1,1785503115
2026-07-31T13:05:21Z,530,8,0,12,1,0,1,1,1,1785502537
2026-07-31T13:05:21Z,531,8,0,13,1,1,1,1,1,1785503003
2026-07-31T13:05:21Z,532,15,6,15,1,0,1,1,1,1785502809
2026-07-31T13:05:21Z,533,4,0,14,1,0,1,1,1,1785502630
2026-07-31T13:05:21Z,534,4,1,17,2,0,1,1,1,1785502217
2026-07-31T13:05:21Z,535,4,0,11,0,0,1,1,1,1785502647
2026-07-31T13:05:21Z,536,23,1,0,0,0,1,1,1,1785502699
2026-07-31T13:05:21Z,537,8,2,12,0,0,1,1,1,1785503099
2026-07-31T13:05:21Z,538,9,1,12,0,2,1,1,1,1785503048
2026-07-31T13:05:21Z,539,7,5,24,0,0,1,1,1,1785502330
2026-07-31T13:05:21Z,540,6,0,13,0,0,1,1,1,1785503013
2026-07-31T13:05:21Z,541,8,0,17,2,0,1,1,1,1785503098
2026-07-31T13:05:21Z,542,21,5,0,2,0,1,1,1,1785502905
2026-07-31T13:05:21Z,543,9,2,8,2,0,1,1,1,1785503099
2026-07-31T13:05:21Z,544,3,1,15,4,0,1,1,1,1785502975
2026-07-31T13:05:21Z,545,1,0,16,2,0,1,1,1,1785502617
2026-07-31T13:05:21Z,546,8,5,11,0,0,1,1,1,1785502572
2026-07-31T13:05:21Z,547,17,1,8,0,0,1,1,1,1785502702
2026-07-31T13:05:21Z,548,11,1,12,0,0,1,1,1,1785503004
2026-07-31T13:05:21Z,549,12,0,11,0,0,1,1,1,1785503007
2026-07-31T13:05:21Z,550,4,0,15,0,0,1,1,1,1785502733
2026-07-31T13:05:21Z,551,11,4,12,0,0,1,1,1,1785498819
2026-07-31T13:05:21Z,552,21,0,6,0,0,1,1,1,1785502605
2026-07-31T13:05:21Z,553,10,6,12,0,1,1,1,1,1785503105
2026-07-31T13:05:21Z,554,4,1,15,0,0,1,1,1,1785501259
2026-07-31T13:05:21Z,555,14,6,0,1,0,1,1,1,1785502488
2026-07-31T13:05:21Z,556,15,2,6,2,0,1,1,1,1785503013
2026-07-31T13:05:21Z,557,13,6,6,4,0,1,1,1,1785502989
2026-07-31T13:05:21Z,558,22,5,15,0,0,1,1,1,1785503030
2026-07-31T13:05:21Z,559,5,3,11,3,0,1,1,1,1785502547
2026-07-31T13:05:21Z,560,9,0,17,1,0,1,1,1,1785502206
2026-07-31T13:05:21Z,561,11,2,11,1,0,1,1,1,1785502589
2026-07-31T13:05:21Z,562,3,0,29,3,0,1,1,1,1785486691
2026-07-31T13:05:21Z,563,8,0,6,0,0,1,1,1,1785502485
2026-07-31T13:05:21Z,564,3,0,15,1,0,1,1,1,1785502063
2026-07-31T13:05:21Z,565,2,1,17,0,0,1,1,1,1785502708
2026-07-31T13:05:21Z,566,13,1,5,1,0,1,1,1,1785503064
2026-07-31T13:05:21Z,567,5,0,21,1,0,1,1,1,1785502544
2026-07-31T13:05:21Z,568,15,0,3,1,0,1,1,1,1785502916
2026-07-31T13:05:21Z,569,15,2,4,0,0,1,1,1,1785502469
2026-07-31T13:05:21Z,570,4,0,14,1,0,1,1,1,1785503062
2026-07-31T13:05:21Z,571,13,0,10,0,0,1,1,1,1785503053
2026-07-31T13:05:21Z,572,10,4,8,1,0,1,1,1,1785502665
2026-07-31T13:05:21Z,573,6,1,9,0,0,1,1,1,1785503080
2026-07-31T13:05:21Z,574,2,0,13,0,0,1,1,1,1785501706
2026-07-31T13:05:21Z,575,5,0,15,1,0,1,1,1,1785502998
2026-07-31T13:05:21Z,576,6,3,12,1,0,1,1,1,1785503089
2026-07-31T13:05:21Z,577,17,0,14,0,0,1,1,1,1785503102
2026-07-31T13:05:21Z,578,12,9,10,1,0,1,1,1,1785502970
2026-07-31T13:05:21Z,579,19,1,24,0,0,1,1,1,1785503064
2026-07-31T13:05:21Z,580,0,0,29,0,0,1,1,1,1785501322
2026-07-31T13:05:21Z,581,5,0,14,0,0,1,1,1,1785502453
2026-07-31T13:05:21Z,582,22,1,38,1,0,1,1,1,1785503112
2026-07-31T13:05:21Z,583,13,0,10,0,0,1,1,1,1785502902
2026-07-31T13:05:21Z,584,3,3,10,6,0,1,1,1,1785502078
2026-07-31T13:05:21Z,585,5,1,21,0,1,1,1,1,1785502330
2026-07-31T13:05:21Z,586,16,3,19,0,0,1,1,1,1785503045
2026-07-31T13:05:21Z,587,4,0,19,1,0,1,1,1,1785503010
2026-07-31T13:05:21Z,588,9,4,7,2,1,1,1,1,1785503004
2026-07-31T13:05:21Z,589,5,5,17,0,0,1,1,1,1785502878
2026-07-31T13:05:21Z,590,12,2,18,1,0,1,1,1,1785502483
2026-07-31T13:05:21Z,591,3,0,25,2,0,1,1,1,1785502738
2026-07-31T13:05:21Z,592,15,0,8,0,0,1,1,1,1785502710
2026-07-31T13:05:21Z,593,13,1,24,1,0,1,1,1,1785503112
2026-07-31T13:05:21Z,594,9,0,11,1,0,1,1,1,1785502419
2026-07-31T13:05:21Z,595,0,0,3,0,0,0,1,1,1784046673
2026-07-31T13:05:21Z,605,0,0,2,1,0,0,1,1,1783975843
2026-07-31T13:05:21Z,606,0,0,0,0,0,0,1,1,86400
2026-07-31T13:05:21Z,607,20,1,9,3,0,1,1,1,1785502930
2026-07-31T13:05:21Z,608,21,5,29,0,0,1,1,1,1785502900
2026-07-31T13:05:21Z,609,18,12,5,0,0,1,1,1,1785500923
2026-07-31T13:05:21Z,610,5,5,30,0,0,1,1,1,1785502706
2026-07-31T13:05:21Z,611,8,0,18,1,0,1,1,1,1785503011
2026-07-31T13:05:21Z,612,7,1,8,0,0,1,1,1,1785498548
2026-07-31T13:05:21Z,613,9,0,2,4,0,1,1,1,1785501831
2026-07-31T13:05:21Z,614,6,3,18,2,1,1,1,1,1785503101
2026-07-31T13:05:21Z,617,7,0,7,1,0,1,1,1,1785501906
2026-07-31T13:05:21Z,618,10,1,5,4,0,1,1,1,1785499307
2026-07-31T13:05:21Z,619,5,3,14,0,0,1,1,1,1785502654
2026-07-31T13:05:21Z,620,8,3,19,0,0,1,1,1,1785502828
2026-07-31T13:05:21Z,621,15,13,8,0,0,1,1,1,1785502957
2026-07-31T13:05:21Z,622,21,6,1,1,0,1,1,1,1785502943
2026-07-31T13:05:21Z,623,14,6,15,1,0,1,1,1,1785503094
2026-07-31T13:05:21Z,624,0,0,15,0,0,1,1,1,1785499735
2026-07-31T13:05:21Z,625,5,0,14,2,0,1,1,1,1785502573
2026-07-31T13:05:21Z,626,12,1,33,0,2,1,1,1,1785503092
2026-07-31T13:05:21Z,627,14,6,5,0,0,1,1,1,1785500712
2026-07-31T13:05:21Z,628,1,1,15,2,1,1,1,1,1785502827
2026-07-31T13:05:21Z,629,5,2,5,1,0,1,1,1,1785502971
2026-07-31T13:05:21Z,630,4,3,20,3,0,1,1,1,1785502801
2026-07-31T13:05:21Z,631,16,8,7,0,0,1,1,1,1785502675
2026-07-31T13:05:21Z,632,20,0,1,2,0,1,1,1,1785492884
2026-07-31T13:05:21Z,633,11,0,1,3,0,1,1,1,1785501175
2026-07-31T13:05:21Z,634,11,2,8,0,0,1,1,1,1785502426
2026-07-31T13:05:21Z,635,15,1,4,0,0,1,1,1,1785497505
2026-07-31T13:05:21Z,636,9,2,6,0,0,1,1,1,1785502415
2026-07-31T13:05:21Z,637,9,2,9,1,0,1,1,1,1785500453
2026-07-31T13:05:21Z,638,6,1,11,2,0,1,1,1,1785502495
2026-07-31T13:05:21Z,639,7,1,10,2,0,1,1,1,1785501255
2026-07-31T13:05:21Z,640,12,7,10,1,0,1,1,1,1785503017
2026-07-31T13:05:21Z,641,7,0,17,2,0,1,1,1,1785502990
2026-07-31T13:05:21Z,642,0,0,11,8,0,1,1,1,1785503115
2026-07-31T13:05:21Z,643,8,0,11,8,0,1,1,1,1785503114
2026-07-31T13:05:21Z,644,12,0,1,2,0,1,1,1,1785503013
2026-07-31T13:05:21Z,645,11,1,10,1,1,1,1,1,1785503029
2026-07-31T13:05:21Z,646,5,1,14,0,0,1,1,1,1785501890
2026-07-31T13:05:21Z,647,22,2,9,0,0,1,1,1,1785503086
2026-07-31T13:05:21Z,648,5,0,13,1,0,1,1,1,1785500139
2026-07-31T13:05:21Z,649,21,2,9,1,0,1,1,1,1785502912
2026-07-31T13:05:21Z,650,5,1,9,0,0,1,1,1,1785488201
2026-07-31T13:05:21Z,651,5,5,18,0,0,1,1,1,1785502725
2026-07-31T13:05:21Z,652,1,0,20,2,0,1,1,1,1785503102
2026-07-31T13:05:21Z,653,8,1,11,0,0,1,1,1,1785502982
2026-07-31T13:05:21Z,654,3,1,12,0,0,1,1,1,1785502515
2026-07-31T13:05:21Z,655,7,3,1,4,1,1,1,1,1785503078
2026-07-31T13:05:21Z,656,12,4,7,0,0,1,1,1,1785502916
2026-07-31T13:05:21Z,657,9,2,4,2,2,1,1,1,1785503078
2026-07-31T13:05:21Z,658,9,1,1,0,0,1,1,1,1785473427
2026-07-31T13:05:21Z,659,6,2,7,2,0,1,1,1,1785502623
2026-07-31T13:05:21Z,660,13,2,14,4,0,1,1,1,1785503028
2026-07-31T13:05:21Z,661,4,3,15,0,0,1,1,1,1785503055
2026-07-31T13:05:21Z,662,3,2,17,3,0,1,1,1,1785501656
2026-07-31T13:05:21Z,663,7,5,7,1,0,1,1,1,1785502415
2026-07-31T13:05:21Z,664,6,2,21,0,0,1,1,1,1785503055
2026-07-31T13:05:21Z,665,13,4,2,0,0,1,1,1,1785500164
2026-07-31T13:05:21Z,666,8,2,5,2,0,1,1,1,1785495733
2026-07-31T13:05:21Z,667,1,0,18,0,0,1,1,1,1785502473
2026-07-31T13:05:21Z,668,5,1,14,0,0,1,1,1,1785503073
2026-07-31T13:05:21Z,669,13,5,1,0,0,1,1,1,1785502661
2026-07-31T13:05:21Z,670,12,1,15,0,0,1,1,1,1785503069
2026-07-31T13:05:21Z,671,13,4,13,1,0,1,1,1,1785503045
2026-07-31T13:05:21Z,672,10,2,9,3,1,1,1,1,1785502163
2026-07-31T13:05:21Z,673,4,1,18,1,0,1,1,1,1785502453
2026-07-31T13:05:21Z,674,8,2,12,3,0,1,1,1,1785502839
2026-07-31T13:05:21Z,675,10,4,3,2,0,1,1,1,1785503082
2026-07-31T13:05:21Z,676,8,0,13,1,0,1,1,1,1785501642
2026-07-31T13:05:21Z,681,10,3,1,4,0,1,1,1,1785502808
2026-07-31T13:05:21Z,682,4,1,14,1,0,1,1,1,1785486991
2026-07-31T13:05:21Z,683,3,1,16,0,0,1,1,1,1785499114
2026-07-31T13:05:21Z,684,2,0,25,0,0,1,1,1,1785498876
2026-07-31T13:05:21Z,685,8,0,17,1,1,1,1,1,1785498843
2026-07-31T13:05:21Z,686,8,0,16,3,0,1,1,1,1785503095
2026-07-31T13:05:21Z,687,11,0,18,1,1,1,1,1,1785503106
2026-07-31T13:05:21Z,688,10,0,2,7,0,1,1,1,1785503023
2026-07-31T13:05:21Z,692,6,4,15,0,0,1,1,1,1785502903
2026-07-31T13:05:21Z,693,6,0,2,3,0,1,1,1,1785501664
2026-07-31T13:05:21Z,694,9,6,12,0,0,1,1,1,1785503099
2026-07-31T13:05:21Z,695,10,7,13,0,0,1,1,1,1785502127
2026-07-31T13:05:21Z,696,17,12,4,2,0,1,1,1,1785501531
2026-07-31T13:05:21Z,697,9,0,14,0,0,1,1,1,1785503072
2026-07-31T13:05:21Z,698,8,0,19,0,0,1,1,1,1785502945
2026-07-31T13:05:21Z,699,8,0,6,1,0,1,1,1,1785501987
2026-07-31T13:05:21Z,700,18,3,1,0,0,1,1,1,1785502781
2026-07-31T13:05:21Z,701,13,6,6,0,0,1,1,1,1785502189
2026-07-31T13:05:21Z,702,15,3,7,1,0,1,1,1,1785503105
2026-07-31T13:05:21Z,704,5,1,10,0,0,1,1,1,1785503007
2026-07-31T13:05:21Z,705,3,1,10,2,0,1,1,1,1785502228
2026-07-31T13:05:21Z,706,4,0,8,3,0,1,1,1,1785501615
2026-07-31T13:05:21Z,707,9,1,6,0,0,1,1,1,1785502314
2026-07-31T13:05:21Z,708,15,1,4,0,0,1,1,1,1785502369
2026-07-31T13:05:21Z,709,8,0,4,3,0,1,1,1,1785502192
2026-07-31T13:05:21Z,710,14,3,4,1,0,1,1,1,1785501602
2026-07-31T13:05:21Z,711,18,2,0,5,0,1,1,1,1785502017
2026-07-31T13:05:21Z,712,5,5,10,0,0,1,1,1,1785502880
2026-07-31T13:05:21Z,713,6,1,17,0,0,1,1,1,1785502649
2026-07-31T13:05:21Z,716,4,2,11,0,0,1,1,1,1785501877
2026-07-31T13:05:21Z,717,4,3,18,3,0,1,1,1,1785502657
2026-07-31T13:05:21Z,718,7,1,5,3,0,1,1,1,1785502760
2026-07-31T13:05:21Z,719,12,3,17,0,0,1,1,1,1785502959
2026-07-31T13:05:21Z,720,1,0,18,0,0,1,1,1,1785502162
2026-07-31T13:05:21Z,721,0,0,21,2,0,1,1,1,1785502989
2026-07-31T13:05:21Z,722,5,0,10,0,0,1,1,1,1785501923
2026-07-31T13:05:21Z,723,12,1,11,0,0,1,1,1,1785502030
2026-07-31T13:05:21Z,724,7,1,16,0,0,1,1,1,1785502882
2026-07-31T13:05:21Z,725,21,4,1,1,0,1,1,1,1785502711
2026-07-31T13:05:21Z,726,12,2,7,0,0,1,1,1,1785502889
2026-07-31T13:05:21Z,727,8,3,12,3,0,1,1,1,1785502939
2026-07-31T13:05:21Z,728,9,0,5,1,0,1,1,1,1785502466
2026-07-31T13:05:21Z,729,0,0,19,0,0,1,1,1,1785503051
2026-07-31T13:05:21Z,730,3,2,10,2,0,1,1,1,1785503062
2026-07-31T13:05:21Z,731,10,4,4,1,0,1,1,1,1785502471
2026-07-31T13:05:21Z,732,7,5,8,0,0,1,1,1,1785502243
2026-07-31T13:05:21Z,733,3,0,24,0,0,1,1,1,1785503061
2026-07-31T13:05:21Z,734,2,1,11,1,0,1,1,1,1785502894
2026-07-31T13:05:21Z,735,6,3,21,0,0,1,1,1,1785502806
2026-07-31T13:05:21Z,736,8,1,10,1,0,1,1,1,1785502687
2026-07-31T13:05:21Z,737,5,4,9,0,1,1,1,1,1785502618
2026-07-31T13:05:21Z,738,13,4,4,2,0,1,1,1,1785503107
2026-07-31T13:05:21Z,739,20,2,6,1,0,1,1,1,1785502260
2026-07-31T13:05:21Z,741,8,0,15,0,0,1,1,1,1785502669
2026-07-31T13:05:21Z,742,21,2,12,2,0,1,1,1,1785502913
2026-07-31T13:05:21Z,743,10,4,8,1,0,1,1,1,1785502376
2026-07-31T13:05:21Z,744,7,2,7,1,0,1,1,1,1785502877
2026-07-31T13:05:21Z,745,13,4,5,1,0,1,1,1,1785502893
2026-07-31T13:05:21Z,746,3,0,19,1,0,1,1,1,1785502783
2026-07-31T13:05:21Z,747,0,0,4,0,0,0,1,1,1783446606
2026-07-31T13:05:21Z,748,10,1,13,0,0,1,1,1,1785501888
2026-07-31T13:05:21Z,749,1,1,21,1,0,1,1,1,1785502862
2026-07-31T13:05:21Z,750,7,2,4,0,0,1,1,1,1785502146
2026-07-31T13:05:21Z,751,14,0,9,0,0,1,1,1,1785502945
2026-07-31T13:05:21Z,752,14,1,2,1,0,1,1,1,1785502946
2026-07-31T13:05:21Z,753,3,0,12,0,0,1,1,1,1785503004
2026-07-31T13:05:21Z,754,5,2,9,1,0,1,1,1,1785503034
2026-07-31T13:05:21Z,755,12,4,10,1,0,1,1,1,1785502098
2026-07-31T13:05:21Z,756,19,14,17,1,0,1,1,1,1785502901
2026-07-31T13:05:21Z,757,17,6,0,2,0,1,1,1,1785502648
2026-07-31T13:05:21Z,758,6,1,17,0,0,1,1,1,1785503030
2026-07-31T13:05:21Z,759,0,0,0,0,0,1,1,1,86400
2026-07-31T13:05:21Z,760,10,4,9,0,0,1,1,1,1785501932
2026-07-31T13:05:21Z,761,19,1,3,1,0,1,1,1,1785502877
2026-07-31T13:05:21Z,762,5,3,5,5,0,1,1,1,1785502152
2026-07-31T13:05:21Z,768,8,0,8,3,0,1,1,1,1785503102
2026-07-31T13:05:21Z,769,19,12,0,0,0,1,1,1,1785502738
2026-07-31T13:05:21Z,770,10,3,7,2,0,1,1,1,1785502675
2026-07-31T13:05:21Z,771,11,1,3,1,0,1,1,1,1785502570
2026-07-31T13:05:21Z,772,8,1,7,0,0,1,1,1,1785502719
2026-07-31T13:05:21Z,773,15,4,4,0,0,1,1,1,1785502578
2026-07-31T13:05:21Z,774,8,5,4,3,0,1,1,1,1785502498
2026-07-31T13:05:21Z,775,7,0,10,1,1,1,1,1,1785494713
2026-07-31T13:05:21Z,776,3,1,17,1,0,1,1,1,1785502919
2026-07-31T13:05:21Z,777,9,0,3,3,0,1,1,1,1785502804
2026-07-31T13:05:21Z,778,14,0,2,3,0,1,1,1,1785502748
2026-07-31T13:05:21Z,779,8,1,10,1,0,1,1,1,1785501701
2026-07-31T13:05:21Z,780,18,2,0,1,0,1,1,1,1785503086
2026-07-31T13:05:21Z,781,2,0,7,2,0,1,1,1,1785503109
2026-07-31T13:05:21Z,782,6,3,9,4,0,1,1,1,1785502393
2026-07-31T13:05:21Z,783,6,0,13,0,0,1,1,1,1785501656
2026-07-31T13:05:21Z,784,19,1,0,0,0,1,1,1,1785503080
2026-07-31T13:05:21Z,785,10,2,3,6,0,1,1,1,1785501833
2026-07-31T13:05:21Z,786,12,5,7,0,0,1,1,1,1785502848
2026-07-31T13:05:21Z,787,10,5,3,2,0,1,1,1,1785502925
2026-07-31T13:05:21Z,788,3,0,12,0,0,1,1,1,1785502146
2026-07-31T13:05:21Z,789,10,2,1,4,0,1,1,1,1785502477
2026-07-31T13:05:21Z,790,1,0,21,1,0,1,1,1,1785502800
2026-07-31T13:05:21Z,791,7,0,11,0,1,1,1,1,1785502349
2026-07-31T13:05:21Z,793,4,0,10,1,0,1,1,1,1785502502
2026-07-31T13:05:21Z,794,19,11,8,2,0,1,1,1,1785503018
2026-07-31T13:05:21Z,796,4,4,14,1,0,1,1,1,1785503068
2026-07-31T13:05:21Z,797,1,0,14,0,0,1,1,1,1785499482
2026-07-31T13:05:21Z,798,9,2,15,1,0,1,1,1,1785503048
2026-07-31T13:05:21Z,799,15,2,1,3,0,1,1,1,1785503109
2026-07-31T13:05:21Z,800,7,1,13,1,0,1,1,1,1785502322
2026-07-31T13:05:21Z,801,18,3,2,1,0,1,1,1,1785502962
2026-07-31T13:05:21Z,802,8,0,23,0,0,1,1,1,1785502483
2026-07-31T13:05:21Z,803,1,1,14,0,0,1,1,1,1785502110
2026-07-31T13:05:21Z,806,3,2,12,0,0,1,1,1,1785502880
2026-07-31T13:05:21Z,807,12,0,11,2,0,1,1,1,1785502749
2026-07-31T13:05:21Z,808,4,1,19,2,0,1,1,1,1785502365
2026-07-31T13:05:21Z,809,4,0,18,1,0,1,1,1,1785502307
2026-07-31T13:05:21Z,810,2,0,13,4,0,1,1,1,1785502739
2026-07-31T13:05:21Z,815,0,0,10,4,1,1,1,1,1785502492
2026-07-31T13:05:21Z,817,10,4,5,0,0,1,1,1,1785501632
2026-07-31T13:05:21Z,818,6,0,17,0,0,1,1,1,1785502895
2026-07-31T13:05:21Z,819,6,4,9,0,0,1,1,1,1785487291
2026-07-31T13:05:21Z,820,9,2,8,0,0,1,1,1,1785502317
2026-07-31T13:05:21Z,821,3,1,12,0,0,1,1,1,1785502465
2026-07-31T13:05:21Z,822,9,0,12,2,0,1,1,1,1785502964
2026-07-31T13:05:21Z,823,0,0,15,0,0,1,1,1,1785502544
2026-07-31T13:05:21Z,824,14,6,5,0,0,1,1,1,1785503107
2026-07-31T13:05:21Z,825,7,4,8,0,0,1,1,1,1785503061
2026-07-31T13:05:21Z,826,17,3,0,2,0,1,1,1,1785501446
2026-07-31T13:05:21Z,827,16,4,4,1,0,1,1,1,1785502781
2026-07-31T13:05:21Z,828,12,0,4,2,0,1,1,1,1785502654
2026-07-31T13:05:21Z,829,14,5,13,0,0,1,1,1,1785501708
2026-07-31T13:05:21Z,830,16,2,6,1,0,1,1,1,1785502753
2026-07-31T13:05:21Z,831,8,3,6,1,0,1,1,1,1785502939
2026-07-31T13:05:21Z,832,9,2,6,3,0,1,1,1,1785502554
2026-07-31T13:05:21Z,833,0,0,18,1,0,1,1,1,1785501767
2026-07-31T13:05:21Z,834,7,0,16,1,0,1,1,1,1785503084
2026-07-31T13:05:21Z,835,3,1,13,2,0,1,1,1,1785502954
2026-07-31T13:05:21Z,837,5,1,0,10,0,1,1,1,1785501991
2026-07-31T13:05:21Z,838,11,3,4,0,0,1,1,1,1785502649
2026-07-31T13:05:21Z,839,13,0,16,0,0,1,1,1,1785502737
2026-07-31T13:05:21Z,840,7,4,21,1,0,1,1,1,1785502754
2026-07-31T13:05:21Z,841,5,0,10,0,0,1,1,1,1785501896
2026-07-31T13:05:21Z,842,6,1,17,0,0,1,1,1,1785501727
2026-07-31T13:05:21Z,843,8,0,22,1,0,1,1,1,1785502006
2026-07-31T13:05:21Z,844,6,0,17,0,0,1,1,1,1785501938
2026-07-31T13:05:21Z,845,5,3,12,2,0,1,1,1,1785502101
2026-07-31T13:05:21Z,846,4,0,14,1,0,1,1,1,1785503051
2026-07-31T13:05:21Z,847,7,1,19,1,0,1,1,1,1785502894
2026-07-31T13:05:21Z,848,8,3,10,1,0,1,1,1,1785498928
2026-07-31T13:05:21Z,849,6,1,8,1,0,1,1,1,1785502885
2026-07-31T13:05:21Z,850,9,0,1,1,0,1,1,1,1785503023
2026-07-31T13:05:21Z,851,10,6,25,2,0,1,1,1,1785503049
2026-07-31T13:05:21Z,852,11,6,8,0,0,1,1,1,1785503067
2026-07-31T13:05:21Z,853,10,5,13,0,0,1,1,1,1785502704
2026-07-31T13:05:21Z,854,3,2,12,0,0,1,1,1,1785502746
2026-07-31T13:05:21Z,855,25,0,2,0,0,1,1,1,1785502889
2026-07-31T13:05:21Z,857,4,3,14,1,0,1,1,1,1785502689
2026-07-31T13:05:21Z,858,3,1,15,1,0,1,1,1,1785502479
2026-07-31T13:05:21Z,859,5,0,15,1,0,1,1,1,1785502692
2026-07-31T13:05:21Z,861,8,1,2,1,0,1,1,1,1785488201
2026-07-31T13:05:21Z,862,2,2,13,0,0,1,1,1,1785501927
2026-07-31T13:05:21Z,863,13,0,5,1,0,1,1,1,1785502286
2026-07-31T13:05:21Z,866,11,3,8,0,0,1,1,1,1785502252
2026-07-31T13:05:21Z,867,13,1,2,0,0,1,1,1,1785501539
2026-07-31T13:05:21Z,868,12,2,3,0,0,1,1,1,1785501760
2026-07-31T13:05:21Z,870,7,4,6,2,0,1,1,1,1785501981
2026-07-31T13:05:21Z,871,0,0,10,1,0,1,1,1,1785501344
2026-07-31T13:05:21Z,872,0,0,14,1,0,1,1,1,1785501897
2026-07-31T13:05:21Z,873,21,4,11,1,0,1,1,1,1785503043
2026-07-31T13:05:21Z,874,1,0,11,3,0,1,1,1,1785502048
2026-07-31T13:05:21Z,875,15,11,0,0,0,1,1,1,1785502976
2026-07-31T13:05:21Z,877,12,10,5,2,0,1,1,1,1785501525
2026-07-31T13:05:21Z,878,4,3,14,1,0,1,1,1,1785502104
2026-07-31T13:05:21Z,879,3,1,16,0,0,1,1,1,1785502965
2026-07-31T13:05:21Z,880,1,0,21,1,0,1,1,1,1785502974
2026-07-31T13:05:21Z,881,1,1,18,0,0,1,1,1,1785501960
2026-07-31T13:05:21Z,882,10,0,6,3,0,1,1,1,1785488200
2026-07-31T13:05:21Z,883,12,6,7,0,0,1,1,1,1785502499
2026-07-31T13:05:21Z,884,9,5,12,0,0,1,1,1,1785502800
2026-07-31T13:05:21Z,885,1,0,18,0,0,1,1,1,1785501793
2026-07-31T13:05:21Z,886,24,3,4,1,0,1,1,1,1785502916
2026-07-31T13:05:21Z,887,4,1,10,3,0,1,1,1,1785502494
2026-07-31T13:05:21Z,888,28,6,11,1,1,1,1,1,1785503114
2026-07-31T13:05:21Z,889,14,1,3,2,0,1,1,1,1785502699
2026-07-31T13:05:21Z,890,6,4,9,0,0,1,1,1,1785489632
2026-07-31T13:05:21Z,891,19,0,3,1,0,1,1,1,1785502258
2026-07-31T13:05:21Z,892,13,1,2,0,0,1,1,1,1785488200
2026-07-31T13:05:21Z,895,0,0,19,0,0,1,1,1,1785501047
2026-07-31T13:05:21Z,896,9,1,26,0,0,1,1,1,1785500364
2026-07-31T13:05:21Z,897,11,1,10,0,0,1,1,1,1785501998
2026-07-31T13:05:21Z,898,4,1,15,0,0,1,1,1,1785502894
2026-07-31T13:05:21Z,899,0,0,18,1,0,1,1,1,1785502760
2026-07-31T13:05:21Z,900,8,0,17,2,0,1,1,1,1785502966
2026-07-31T13:05:21Z,901,2,0,16,1,0,1,1,1,1785502475
2026-07-31T13:05:21Z,902,7,0,7,1,0,1,1,1,1785501640
2026-07-31T13:05:21Z,903,12,2,6,1,0,1,1,1,1785503080
2026-07-31T13:05:21Z,904,9,4,9,1,0,1,1,1,1785502105
2026-07-31T13:05:21Z,905,10,0,17,0,0,1,1,1,1785502297
2026-07-31T13:05:21Z,906,0,0,27,0,0,1,1,1,1785502989
2026-07-31T13:05:21Z,907,0,0,30,1,0,1,1,1,1785502329
2026-07-31T13:05:21Z,908,7,0,16,0,0,1,1,1,1785502099
2026-07-31T13:05:21Z,909,1,1,21,1,0,1,1,1,1785502932
2026-07-31T13:05:21Z,910,0,0,31,0,0,1,1,1,1785502788
2026-07-31T13:05:21Z,911,4,1,15,0,0,1,1,1,1785501647
2026-07-31T13:05:21Z,912,2,1,19,2,0,1,1,1,1785502634
2026-07-31T13:05:21Z,913,5,2,14,0,0,1,1,1,1785502746
2026-07-31T13:05:21Z,914,9,0,10,0,0,1,1,1,1785503047
2026-07-31T13:05:21Z,915,9,0,13,1,0,1,1,1,1785502852
2026-07-31T13:05:21Z,916,22,8,1,0,0,1,1,1,1785503041
2026-07-31T13:05:21Z,917,24,4,9,2,0,1,1,1,1785503104
2026-07-31T13:05:21Z,918,1,0,16,2,0,1,1,1,1785502798
2026-07-31T13:05:21Z,919,5,1,33,1,0,1,1,1,1785503067
2026-07-31T13:05:21Z,920,5,2,14,0,0,1,1,1,1785502476
2026-07-31T13:05:21Z,921,12,0,9,0,0,1,1,1,1785501786
2026-07-31T13:05:21Z,922,2,0,19,0,0,1,1,1,1785502602
2026-07-31T13:05:21Z,923,11,3,8,0,0,1,1,1,1785502685
2026-07-31T13:05:21Z,924,9,2,12,0,0,1,1,1,1785502799
2026-07-31T13:05:21Z,925,13,0,8,0,0,1,1,1,1785502271
2026-07-31T13:05:21Z,926,2,1,19,0,0,1,1,1,1785502397
2026-07-31T13:05:21Z,927,17,1,18,0,0,1,1,1,1785503057
2026-07-31T13:05:21Z,928,0,0,19,0,0,0,1,1,1785500252
2026-07-31T13:05:21Z,929,17,3,6,0,0,1,1,1,1785502905
2026-07-31T13:05:21Z,930,1,0,29,1,0,1,1,1,1785502234
2026-07-31T13:05:21Z,931,11,11,11,1,0,1,1,1,1785502558
2026-07-31T13:05:21Z,932,2,1,15,2,0,1,1,1,1785502826
2026-07-31T13:05:21Z,933,0,0,23,0,0,1,1,1,1785502389
2026-07-31T13:05:21Z,934,7,0,23,1,0,1,1,1,1785502931
2026-07-31T13:05:21Z,935,2,0,16,1,0,1,1,1,1785502953
2026-07-31T13:05:21Z,936,10,1,9,0,0,1,1,1,1785503115
2026-07-31T13:05:21Z,940,11,0,0,0,0,1,1,1,1785502846
2026-07-31T13:05:21Z,941,7,0,16,2,0,1,1,1,1785502935
2026-07-31T13:05:21Z,942,4,1,16,1,0,1,1,1,1785502899
2026-07-31T13:05:21Z,943,9,8,6,0,0,1,1,1,1785502000
2026-07-31T13:05:21Z,944,9,8,6,0,0,1,1,1,1785501825
2026-07-31T13:05:21Z,945,10,8,5,0,0,1,1,1,1785501341
2026-07-31T13:05:21Z,946,7,5,12,0,0,1,1,1,1785487593
2026-07-31T13:05:21Z,947,7,5,10,0,0,1,1,1,1785501838
2026-07-31T13:05:21Z,948,22,8,4,5,0,1,1,1,1785503081
2026-07-31T13:05:21Z,949,12,5,3,0,0,1,1,1,1785503019
2026-07-31T13:05:21Z,950,8,6,8,1,0,1,1,1,1785502880
2026-07-31T13:05:21Z,951,22,4,0,1,0,1,1,1,1785502538
2026-07-31T13:05:21Z,952,28,6,26,1,0,1,1,1,1785502466
2026-07-31T13:05:21Z,953,5,0,9,1,0,1,1,1,1785502922
2026-07-31T13:05:21Z,954,13,4,6,0,0,1,1,1,1785502485
2026-07-31T13:05:21Z,955,4,3,17,6,0,1,1,1,1785502890
2026-07-31T13:05:21Z,956,5,3,16,2,0,1,1,1,1785502836
2026-07-31T13:05:21Z,957,6,0,23,0,0,1,1,1,1785503093
2026-07-31T13:05:21Z,958,5,1,26,0,0,1,1,1,1785503088
2026-07-31T13:05:21Z,959,18,9,3,2,0,1,1,1,1785502282
2026-07-31T13:05:21Z,960,16,0,6,1,0,1,1,1,1785502963
2026-07-31T13:05:21Z,961,0,0,20,3,0,1,1,1,1785502572
2026-07-31T13:05:21Z,962,12,3,20,3,0,1,1,1,1785502875
2026-07-31T13:05:21Z,963,3,0,19,1,0,1,1,1,1785502629
2026-07-31T13:05:21Z,964,7,5,15,1,0,1,1,1,1785502918
2026-07-31T13:05:21Z,965,10,4,16,1,0,1,1,1,1785502889
2026-07-31T13:05:21Z,966,16,0,15,0,0,1,1,1,1785502629
2026-07-31T13:05:21Z,967,17,0,2,2,0,1,1,1,1785502996
2026-07-31T13:05:21Z,968,9,0,9,1,0,1,1,1,1785502347
2026-07-31T13:05:21Z,969,9,8,16,2,0,1,1,1,1785501989
2026-07-31T13:05:21Z,970,10,0,7,2,0,1,1,1,1785502878
2026-07-31T13:05:21Z,971,6,0,16,1,0,1,1,1,1785502157
2026-07-31T13:05:21Z,972,9,1,13,1,0,1,1,1,1785501826
2026-07-31T13:05:21Z,973,5,3,17,1,0,1,1,1,1785501818
2026-07-31T13:05:21Z,974,10,1,17,0,0,1,1,1,1785503034
2026-07-31T13:05:21Z,977,9,2,10,2,0,1,1,1,1785503112
2026-07-31T13:05:21Z,978,17,1,6,0,0,1,1,1,1785502958
2026-07-31T13:05:21Z,979,10,0,7,0,0,1,1,1,1785502474
2026-07-31T13:05:21Z,980,14,0,5,2,0,1,1,1,1785502750
2026-07-31T13:05:21Z,981,14,1,6,1,0,1,1,1,1785503106
2026-07-31T13:05:21Z,982,4,2,14,1,0,1,1,1,1785501879
2026-07-31T13:05:21Z,983,3,1,19,1,0,1,1,1,1785502310
2026-07-31T13:05:21Z,984,6,0,17,0,0,1,1,1,1785501596
2026-07-31T13:05:21Z,985,10,2,21,0,0,1,1,1,1785502846
2026-07-31T13:05:21Z,986,3,0,15,1,0,1,1,1,1785503113
2026-07-31T13:05:21Z,987,7,1,16,0,0,1,1,1,1785502428
2026-07-31T13:05:21Z,988,5,1,13,1,0,1,1,1,1785502037
2026-07-31T13:05:21Z,989,10,4,9,0,0,1,1,1,1785502839
2026-07-31T13:05:21Z,990,13,2,1,1,0,1,1,1,1785502314
2026-07-31T13:05:21Z,991,10,2,8,1,0,1,1,1,1785501754
2026-07-31T13:05:21Z,992,9,6,13,1,0,1,1,1,1785502633
2026-07-31T13:05:21Z,993,3,1,22,2,0,1,1,1,1785502876
2026-07-31T13:05:21Z,994,2,1,19,0,0,1,1,1,1785502853
2026-07-31T13:05:21Z,995,6,0,21,0,0,1,1,1,1785502072
2026-07-31T13:05:21Z,996,8,1,15,0,0,1,1,1,1785501869
2026-07-31T13:05:21Z,997,13,7,9,1,0,1,1,1,1785502998
2026-07-31T13:05:21Z,998,3,3,19,1,0,1,1,1,1785502181
2026-07-31T13:05:21Z,999,2,0,16,2,1,1,1,1,1785501939
2026-07-31T13:05:21Z,1000,5,2,16,0,0,1,1,1,1785502744
2026-07-31T13:05:21Z,1001,2,1,25,0,0,1,1,1,1785502213
2026-07-31T13:05:21Z,1002,2,2,27,2,0,1,1,1,1785502228
2026-07-31T13:05:21Z,1003,0,0,22,1,0,1,1,1,1785501826
2026-07-31T13:05:21Z,1004,7,0,16,0,0,1,1,1,1785503088
2026-07-31T13:05:21Z,1005,20,1,3,0,0,1,1,1,1785502015
2026-07-31T13:05:21Z,1006,8,5,11,0,0,1,1,1,1785502338
2026-07-31T13:05:21Z,1007,1,0,20,0,0,1,1,1,1785501479
2026-07-31T13:05:21Z,1008,6,5,15,2,0,1,1,1,1785502809
2026-07-31T13:05:21Z,1009,19,2,8,4,0,1,1,1,1785502672
2026-07-31T13:05:21Z,1010,8,2,19,0,0,1,1,1,1785501698
2026-07-31T13:05:21Z,1011,7,2,10,2,0,1,1,1,1785502218
2026-07-31T13:05:21Z,1012,4,3,18,1,0,1,1,1,1785501783
2026-07-31T13:05:21Z,1013,2,1,20,1,0,1,1,1,1785502370
2026-07-31T13:05:21Z,1014,7,2,13,3,0,1,1,1,1785502303
2026-07-31T13:05:21Z,1015,3,1,25,3,0,1,1,1,1785502601
2026-07-31T13:05:21Z,1016,10,5,21,0,0,1,1,1,1785501672
2026-07-31T13:05:21Z,1017,14,5,7,0,0,1,1,1,1785503002
2026-07-31T13:05:21Z,1018,7,2,15,0,0,1,1,1,1785501869
2026-07-31T13:05:21Z,1019,8,5,7,0,0,1,1,1,1785501780
2026-07-31T13:05:21Z,1020,18,3,3,0,0,1,1,1,1785502869
2026-07-31T13:05:21Z,1021,9,3,5,1,0,1,1,1,1785502580
2026-07-31T13:05:21Z,1022,14,0,13,0,0,1,1,1,1785501973
2026-07-31T13:05:21Z,1023,13,1,9,1,0,1,1,1,1785501608
2026-07-31T13:05:21Z,1024,5,2,13,1,0,1,1,1,1785502593
2026-07-31T13:05:21Z,1025,4,0,14,0,1,1,1,1,1785501943
2026-07-31T13:05:21Z,1026,7,4,18,6,0,1,1,1,1785502955
2026-07-31T13:05:21Z,1028,3,1,20,0,0,1,1,1,1785501960
2026-07-31T13:05:21Z,1029,11,10,4,0,0,1,1,1,1785502880
2026-07-31T13:05:21Z,1030,13,4,10,0,0,1,1,1,1785503012
2026-07-31T13:05:21Z,1031,8,0,11,0,0,1,1,1,1785502995
2026-07-31T13:05:21Z,1032,7,1,12,0,0,1,1,1,1785501846
2026-07-31T13:05:21Z,1033,11,7,8,0,0,1,1,1,1785502663
2026-07-31T13:05:21Z,1034,3,0,12,0,0,1,1,1,1785501850
2026-07-31T13:05:21Z,1035,1,0,16,2,0,1,1,1,1785501899
2026-07-31T13:05:21Z,1036,14,0,1,0,0,1,1,1,1785502431
2026-07-31T13:05:21Z,1037,5,0,13,1,0,1,1,1,1785502218
2026-07-31T13:05:21Z,1038,3,1,12,0,0,1,1,1,1785501621
2026-07-31T13:05:21Z,1039,7,2,12,0,0,1,1,1,1785502000
2026-07-31T13:05:21Z,1040,6,3,11,2,0,1,1,1,1785501886
2026-07-31T13:05:21Z,1041,9,3,9,1,0,1,1,1,1785502597
2026-07-31T13:05:21Z,1042,13,2,1,1,0,1,1,1,1785502294
2026-07-31T13:05:21Z,1043,10,0,5,4,0,1,1,1,1785501921
2026-07-31T13:05:21Z,1044,2,1,13,0,0,1,1,1,1785501603
2026-07-31T13:05:21Z,1045,10,0,9,0,0,1,1,1,1785501833
2026-07-31T13:05:21Z,1046,7,0,8,0,0,1,1,1,1785503040
2026-07-31T13:05:21Z,1047,5,0,16,0,0,1,1,1,1785502604
2026-07-31T13:05:21Z,1048,8,0,11,0,0,1,1,1,1785501932
2026-07-31T13:05:21Z,1049,5,0,16,0,0,1,1,1,1785501887
2026-07-31T13:05:21Z,1050,17,4,4,0,0,1,1,1,1785502995
2026-07-31T13:05:21Z,1051,8,3,13,0,0,1,1,1,1785502869
2026-07-31T13:05:21Z,1052,17,2,5,0,0,1,1,1,1785501680
2026-07-31T13:05:21Z,1053,2,1,13,0,0,1,1,1,1785501731
2026-07-31T13:05:21Z,1054,14,1,1,0,0,1,1,1,1785501988
2026-07-31T13:05:21Z,1055,7,1,12,0,0,1,1,1,1785501978
2026-07-31T13:05:21Z,1057,10,0,8,1,0,1,1,1,1785502978
2026-07-31T13:05:21Z,1058,6,0,48,2,0,1,1,1,1785502048
2026-07-31T13:05:21Z,1059,1,0,17,1,0,1,1,1,1785501858
2026-07-31T13:05:21Z,1060,30,1,7,0,0,1,1,1,1785503054
2026-07-31T13:05:21Z,1061,33,0,4,0,0,1,1,1,1785502906
2026-07-31T13:05:21Z,1062,9,1,8,0,0,1,1,1,1785503057
2026-07-31T13:05:21Z,1063,12,1,6,1,0,1,1,1,1785501888
2026-07-31T13:05:21Z,1064,3,0,19,1,0,1,1,1,1785502230
2026-07-31T13:05:21Z,1065,16,3,7,0,0,1,1,1,1785502474
2026-07-31T13:05:21Z,1066,10,2,13,0,0,1,1,1,1785502295
2026-07-31T13:05:21Z,1067,8,2,13,2,0,1,1,1,1785502565
2026-07-31T13:05:21Z,1068,8,2,13,2,0,1,1,1,1785502066
2026-07-31T13:05:21Z,1069,12,3,11,0,0,1,1,1,1785502106
2026-07-31T13:05:21Z,1070,12,2,11,0,0,1,1,1,1785502203
2026-07-31T13:05:21Z,1071,7,4,16,0,0,1,1,1,1785502242
2026-07-31T13:05:21Z,1072,11,1,11,1,0,1,1,1,1785502650
2026-07-31T13:05:21Z,1073,18,2,8,1,0,1,1,1,1785501923
2026-07-31T13:05:21Z,1074,7,2,45,1,0,1,1,1,1785502621
2026-07-31T13:05:21Z,1075,10,10,11,0,0,1,1,1,1785501610
2026-07-31T13:05:21Z,1076,15,12,6,0,0,1,1,1,1785502867
2026-07-31T13:05:21Z,1077,8,4,13,0,0,1,1,1,1785501831
2026-07-31T13:05:21Z,1078,11,10,10,0,0,1,1,1,1785502910
2026-07-31T13:05:21Z,1079,11,8,10,0,0,1,1,1,1785501717
2026-07-31T13:05:21Z,1080,10,8,10,1,0,1,1,1,1785502318
2026-07-31T13:05:21Z,1081,13,8,6,0,0,1,1,1,1785502693
2026-07-31T13:05:21Z,1082,7,7,1,0,0,1,1,1,1785502148
2026-07-31T13:05:21Z,1083,13,11,8,0,0,1,1,1,1785501987
2026-07-31T13:05:21Z,1084,9,8,12,0,0,1,1,1,1785501603
2026-07-31T13:05:21Z,1085,13,11,8,0,0,1,1,1,1785503083
2026-07-31T13:05:21Z,1086,5,1,15,1,0,1,1,1,1785502476
2026-07-31T13:05:21Z,1087,8,6,7,0,0,1,1,1,1785502946
2026-07-31T13:05:21Z,1088,9,7,6,0,0,1,1,1,1785501893
2026-07-31T13:05:21Z,1089,7,5,8,0,0,1,1,1,1785503097
2026-07-31T13:05:21Z,1090,9,8,6,0,0,1,1,1,1785502775
2026-07-31T13:05:21Z,1091,11,6,4,0,0,1,1,1,1785502685
2026-07-31T13:05:21Z,1092,10,9,5,0,0,1,1,1,1785502296
2026-07-31T13:05:21Z,1093,6,5,9,0,0,1,1,1,1785502594
2026-07-31T13:05:21Z,1094,11,9,7,1,0,1,1,1,1785502478
2026-07-31T13:05:21Z,1095,8,7,7,0,0,1,1,1,1785502526
2026-07-31T13:05:21Z,1096,5,3,13,1,0,1,1,1,1785502209
2026-07-31T13:05:21Z,1097,9,9,6,0,0,1,1,1,1785502418
2026-07-31T13:05:21Z,1098,9,7,10,0,0,1,1,1,1785502769
2026-07-31T13:05:21Z,1099,7,6,8,0,0,1,1,1,1785501677
2026-07-31T13:05:21Z,1100,8,4,21,0,0,1,1,1,1785493678
2026-07-31T13:05:21Z,1101,10,5,11,0,0,1,1,1,1785501580
2026-07-31T13:05:21Z,1102,9,4,4,0,0,1,1,1,1785502659
2026-07-31T13:05:21Z,1103,10,5,11,0,0,1,1,1,1785487895
2026-07-31T13:05:21Z,1104,10,5,11,0,0,1,1,1,1785501335
2026-07-31T13:05:21Z,1105,8,4,5,0,0,1,1,1,1785502546
2026-07-31T13:05:21Z,1106,10,5,11,0,0,1,1,1,1785501677
2026-07-31T13:05:21Z,1107,10,5,5,0,0,1,1,1,1785501952
2026-07-31T13:05:21Z,1108,8,4,16,2,1,1,1,1,1785502476
2026-07-31T13:05:21Z,1109,9,4,6,0,0,1,1,1,1785501907
2026-07-31T13:05:21Z,1110,12,4,9,0,0,1,1,1,1785503019
2026-07-31T13:05:21Z,1111,3,2,18,0,0,1,1,1,1785475740
2026-07-31T13:05:21Z,1112,41,0,12,0,0,1,1,1,1785502766
2026-07-31T13:05:21Z,1113,4,0,17,0,0,1,1,1,1785502964
2026-07-31T13:05:21Z,1115,15,4,4,4,0,1,1,1,1785502378
2026-07-31T13:05:21Z,1116,5,1,14,0,0,1,1,1,1785501864
2026-07-31T13:05:21Z,1117,14,5,8,1,0,1,1,1,1785502894
2026-07-31T13:05:21Z,1118,15,0,5,1,0,1,1,1,1785503021
2026-07-31T13:05:21Z,1119,12,0,5,0,0,1,1,1,1785502878
2026-07-31T13:05:21Z,1120,12,0,6,1,0,1,1,1,1785502095
2026-07-31T13:05:21Z,1121,7,2,12,1,1,1,1,1,1785502786
2026-07-31T13:05:21Z,1122,10,8,8,3,0,1,1,1,1785503092
2026-07-31T13:05:21Z,1123,9,6,12,2,0,1,1,1,1785502786
2026-07-31T13:05:21Z,1124,7,2,4,4,0,1,1,1,1785502887
2026-07-31T13:05:21Z,1125,15,1,8,0,0,1,1,1,1785502157
2026-07-31T13:05:21Z,1126,3,1,17,1,0,1,1,1,1785502983
2026-07-31T13:05:21Z,1127,7,0,11,1,0,1,1,1,1785502385
2026-07-31T13:05:21Z,1128,14,2,0,1,0,1,1,1,1785501860
2026-07-31T13:05:21Z,1129,1,1,19,1,0,1,1,1,1785501591
2026-07-31T13:05:21Z,1130,12,0,3,0,0,1,1,1,1785503003
2026-07-31T13:05:21Z,1131,12,1,35,2,0,1,1,1,1785503083
2026-07-31T13:05:21Z,1132,10,4,10,1,0,1,1,1,1785502179
2026-07-31T13:05:21Z,1133,12,8,8,1,0,1,1,1,1785502785
2026-07-31T13:05:21Z,1134,10,5,9,0,0,1,1,1,1785502373
2026-07-31T13:05:21Z,1135,11,6,10,0,0,1,1,1,1785502111
2026-07-31T13:05:21Z,1136,9,0,14,0,0,1,1,1,1785502448
2026-07-31T13:05:21Z,1137,14,0,1,0,0,1,1,1,1785501776
2026-07-31T13:05:21Z,1138,14,0,5,0,0,1,1,1,1785501825
2026-07-31T13:05:21Z,1139,13,3,6,2,0,1,1,1,1785503091
2026-07-31T13:05:21Z,1140,16,1,6,1,0,1,1,1,1785502902
2026-07-31T13:05:21Z,1141,4,1,17,0,0,1,1,1,1785503086
2026-07-31T13:05:21Z,1142,1,0,20,0,0,1,1,1,1785502502
2026-07-31T13:05:21Z,1143,1,0,28,0,0,1,1,1,1785502084
2026-07-31T13:05:21Z,1144,7,1,13,1,0,1,1,1,1785502100
2026-07-31T13:05:21Z,1145,10,5,10,1,0,1,1,1,1785502253
2026-07-31T13:05:21Z,1146,3,1,14,2,0,1,1,1,1785502936
2026-07-31T13:05:21Z,1147,6,1,13,0,0,1,1,1,1785501789
2026-07-31T13:05:21Z,1148,2,1,29,0,0,1,1,1,1785502913
2026-07-31T13:05:21Z,1149,20,2,4,1,0,1,1,1,1785502904
2026-07-31T13:05:21Z,1150,17,1,2,0,0,1,1,1,1785502804
2026-07-31T13:05:21Z,1151,15,0,6,0,0,1,1,1,1785502515
2026-07-31T13:05:21Z,1152,23,1,6,0,0,1,1,1,1785503115
2026-07-31T13:05:21Z,1153,19,6,3,1,0,1,1,1,1785502408
2026-07-31T13:05:21Z,1154,16,1,3,0,0,1,1,1,1785503103
2026-07-31T13:05:21Z,1155,14,7,5,2,0,1,1,1,1785503051
2026-07-31T13:05:21Z,1158,3,0,15,1,0,1,1,1,1785501753
2026-07-31T13:05:21Z,1159,13,1,6,0,0,1,1,1,1785502110
2026-07-31T13:05:21Z,1160,8,1,10,1,0,1,1,1,1785503071
2026-07-31T13:05:21Z,1161,4,0,14,1,0,1,1,1,1785502247
2026-07-31T13:05:21Z,1162,0,0,19,0,0,1,1,1,1785502495
2026-07-31T13:05:21Z,1163,1,1,17,1,0,1,1,1,1785501871
2026-07-31T13:05:21Z,1164,6,1,13,0,0,1,1,1,1785501928
2026-07-31T13:05:21Z,1165,5,0,16,0,0,1,1,1,1785502666
2026-07-31T13:05:21Z,1166,12,2,8,1,0,1,1,1,1785502183
2026-07-31T13:05:21Z,1167,4,0,11,0,0,1,1,1,1785501628
2026-07-31T13:05:21Z,1168,1,1,21,1,0,1,1,1,1785502135
2026-07-31T13:05:21Z,1169,3,0,15,1,0,1,1,1,1785501775
2026-07-31T13:05:21Z,1170,6,0,14,1,0,1,1,1,1785502154
2026-07-31T13:05:21Z,1171,8,7,15,0,0,1,1,1,1785501833
2026-07-31T13:05:21Z,1172,5,2,8,2,0,1,1,1,1785502066
2026-07-31T13:05:21Z,1173,13,5,6,0,0,1,1,1,1785502027
2026-07-31T13:05:21Z,1174,6,3,9,0,0,1,1,1,1785501697
2026-07-31T13:05:21Z,1175,5,3,14,0,0,1,1,1,1785501948
2026-07-31T13:05:21Z,1176,19,1,2,0,0,1,1,1,1785503052
2026-07-31T13:05:21Z,1177,3,1,18,0,0,1,1,1,1785502981
2026-07-31T13:05:21Z,1178,3,0,12,0,0,1,1,1,1785502496
2026-07-31T13:05:21Z,1181,8,0,6,1,0,1,1,1,1785501905
2026-07-31T13:05:21Z,1182,9,1,11,0,0,1,1,1,1785502481
2026-07-31T13:05:21Z,1183,23,5,19,3,0,1,1,1,1785503039
2026-07-31T13:05:21Z,1184,1,1,18,2,0,1,1,1,1785501472
2026-07-31T13:05:21Z,1185,9,5,12,0,0,1,1,1,1785503108
2026-07-31T13:05:21Z,1186,9,5,10,0,0,1,1,1,1785502297
2026-07-31T13:05:21Z,1187,10,5,10,1,0,1,1,1,1785502619
2026-07-31T13:05:21Z,1188,10,5,5,0,0,1,1,1,1785501959
2026-07-31T13:05:21Z,1189,10,5,9,0,0,1,1,1,1785502059
2026-07-31T13:05:21Z,1190,9,4,12,0,0,1,1,1,1785501454
2026-07-31T13:05:21Z,1191,10,5,5,0,0,1,1,1,1785501964
2026-07-31T13:05:21Z,1192,10,6,10,1,0,1,1,1,1785501824
2026-07-31T13:05:21Z,1193,6,4,5,2,0,1,1,1,1785502829
2026-07-31T13:05:21Z,1197,8,6,8,1,0,1,1,1,1785502958
2026-07-31T13:05:21Z,1198,15,4,4,2,0,1,1,1,1785502349
2026-07-31T13:05:21Z,1199,2,0,17,0,0,1,1,1,1785502365
2026-07-31T13:05:21Z,1200,10,5,5,0,0,1,1,1,1785502001
2026-07-31T13:05:21Z,1201,10,5,5,0,0,1,1,1,1785501978
2026-07-31T13:05:21Z,1202,10,5,5,0,0,1,1,1,1785502079
2026-07-31T13:05:21Z,1203,10,5,5,0,0,1,1,1,1785501977
2026-07-31T13:05:21Z,1204,8,4,11,0,0,1,1,1,1785501730
2026-07-31T13:05:21Z,1206,11,5,10,0,0,1,1,1,1785502768
2026-07-31T13:05:21Z,1207,8,4,6,1,0,1,1,1,1785502290
2026-07-31T13:05:21Z,1208,9,4,10,0,0,1,1,1,1785502209
2026-07-31T13:05:21Z,1216,8,0,12,1,0,1,1,1,1785502998
2026-07-31T13:05:21Z,1218,4,0,17,0,0,1,1,1,1785501574
2026-07-31T13:05:21Z,1219,6,1,8,1,0,1,1,1,1785501426
2026-07-31T13:05:21Z,1220,15,8,4,0,0,1,1,1,1785503024
2026-07-31T13:05:21Z,1221,1,1,19,1,0,1,1,1,1785502704
2026-07-31T13:05:21Z,1222,25,0,4,0,0,1,1,1,1785502984
2026-07-31T13:05:21Z,1223,19,2,10,0,0,1,1,1,1785502713
2026-07-31T13:05:21Z,1226,0,0,3,0,0,0,1,1,1781868931
2026-07-31T13:05:21Z,1227,16,1,9,0,0,1,1,1,1785502899
2026-07-31T13:05:21Z,1228,16,1,13,0,0,1,1,1,1785503067
2026-07-31T13:05:21Z,1229,32,2,12,1,0,1,1,1,1785502971
2026-07-31T13:10:21Z,1,7,2,16,0,0,1,1,1,1785503133
2026-07-31T13:10:21Z,2,12,0,13,2,0,1,1,1,1785503277
2026-07-31T13:10:21Z,3,12,2,1,1,0,1,1,1,1785503295
2026-07-31T13:10:21Z,4,13,1,8,1,0,1,1,1,1785503356
2026-07-31T13:10:21Z,5,11,3,11,1,0,1,1,1,1785497818
2026-07-31T13:10:21Z,6,5,0,10,0,0,1,1,1,1785502996
2026-07-31T13:10:21Z,7,2,0,37,0,0,1,1,1,1785502856
2026-07-31T13:10:21Z,8,10,1,33,0,0,1,1,1,1785503252
2026-07-31T13:10:21Z,9,8,2,15,0,0,1,1,1,1785503078
2026-07-31T13:10:21Z,10,0,0,21,2,0,1,1,1,1785500952
2026-07-31T13:10:21Z,11,13,4,5,1,0,1,1,1,1785502667
2026-07-31T13:10:21Z,12,1,1,22,0,0,1,1,1,1785503193
2026-07-31T13:10:21Z,13,4,0,26,0,0,1,1,1,1785502823
2026-07-31T13:10:21Z,14,2,0,40,0,1,1,1,1,1785502924
2026-07-31T13:10:21Z,15,1,0,14,0,0,1,1,1,1785500656
2026-07-31T13:10:21Z,16,8,0,16,2,1,1,1,1,1785487292
2026-07-31T13:10:21Z,17,1,0,25,1,0,1,1,1,1785503336
2026-07-31T13:10:21Z,18,3,0,13,2,0,1,1,1,1785503295
2026-07-31T13:10:21Z,19,9,2,17,1,0,1,1,1,1785503166
2026-07-31T13:10:21Z,20,3,0,32,0,0,1,1,1,1785503287
2026-07-31T13:10:21Z,21,11,1,5,3,0,1,1,1,1785503379
2026-07-31T13:10:21Z,22,33,0,31,1,0,1,1,1,1785503396
2026-07-31T13:10:21Z,23,28,10,3,0,0,1,1,1,1785503057
2026-07-31T13:10:21Z,24,5,4,4,2,0,1,1,1,1785503410
2026-07-31T13:10:21Z,25,19,4,59,2,1,1,1,1,1785503106
2026-07-31T13:10:21Z,26,12,2,15,0,0,1,1,1,1785503370
2026-07-31T13:10:21Z,28,10,1,5,0,0,1,1,1,1785502515
2026-07-31T13:10:21Z,30,13,4,15,1,0,1,1,1,1785503389
2026-07-31T13:10:21Z,31,2,1,16,1,0,1,1,1,1785503249
2026-07-31T13:10:21Z,32,14,0,13,0,0,1,1,1,1785503082
2026-07-31T13:10:21Z,34,4,2,33,0,0,1,1,1,1785503353
2026-07-31T13:10:21Z,35,34,4,11,2,0,1,1,1,1785503084
2026-07-31T13:10:21Z,36,0,0,0,0,0,0,1,1,86400
2026-07-31T13:10:21Z,37,2,0,21,0,0,1,1,1,1785503348
2026-07-31T13:10:21Z,38,22,4,1,0,0,1,1,1,1785503393
2026-07-31T13:10:21Z,39,21,3,18,0,0,1,1,1,1785500283
2026-07-31T13:10:21Z,40,10,0,11,0,0,1,1,1,1785503329
2026-07-31T13:10:21Z,41,10,0,32,1,0,1,1,1,1785503058
2026-07-31T13:10:21Z,42,16,5,15,0,0,1,1,1,1785503185
2026-07-31T13:10:21Z,43,3,0,20,0,0,1,1,1,1785503158
2026-07-31T13:10:21Z,45,17,3,11,1,0,1,1,1,1785503059
2026-07-31T13:10:21Z,46,4,0,27,0,0,1,1,1,1785502396
2026-07-31T13:10:21Z,47,13,8,1,1,0,1,1,1,1785502487
2026-07-31T13:10:21Z,48,14,0,13,0,0,1,1,1,1785502969
2026-07-31T13:10:21Z,49,19,0,3,1,0,1,1,1,1785503402
2026-07-31T13:10:21Z,50,18,10,1,0,0,1,1,1,1785502400
2026-07-31T13:10:21Z,51,44,0,33,0,0,1,1,1,1785502548
2026-07-31T13:10:21Z,52,8,0,16,3,0,1,1,1,1785503312
2026-07-31T13:10:21Z,55,9,0,14,0,0,1,1,1,1785503309
2026-07-31T13:10:21Z,56,2,0,39,2,0,1,1,1,1785503141
2026-07-31T13:10:21Z,57,7,1,20,0,0,1,1,1,1785502608
2026-07-31T13:10:21Z,58,15,4,13,0,0,1,1,1,1785502826
2026-07-31T13:10:21Z,59,18,7,7,2,0,1,1,1,1785503285
2026-07-31T13:10:21Z,61,10,0,29,0,0,1,1,1,1785503412
2026-07-31T13:10:21Z,62,18,3,31,0,0,1,1,1,1785503255
2026-07-31T13:10:21Z,63,3,0,16,0,0,1,1,1,1785503334
2026-07-31T13:10:21Z,64,12,2,3,4,0,1,1,1,1785502351
2026-07-31T13:10:21Z,65,17,8,1,1,0,1,1,1,1785502637
2026-07-31T13:10:21Z,67,14,3,25,0,0,1,1,1,1785503270
2026-07-31T13:10:21Z,68,9,2,28,0,0,1,1,1,1785503339
2026-07-31T13:10:21Z,69,9,0,6,0,0,1,1,1,1785503021
2026-07-31T13:10:21Z,71,7,0,19,1,0,1,1,1,1785502682
2026-07-31T13:10:21Z,72,25,7,4,1,1,1,1,1,1785503394
2026-07-31T13:10:21Z,73,31,3,0,0,0,1,1,1,1785503342
2026-07-31T13:10:21Z,74,2,1,17,0,0,1,1,1,1785502720
2026-07-31T13:10:21Z,75,4,1,27,1,0,1,1,1,1785502809
2026-07-31T13:10:21Z,76,11,1,7,1,0,1,1,1,1785503413
2026-07-31T13:10:21Z,77,14,0,10,3,0,1,1,1,1785503390
2026-07-31T13:10:21Z,78,10,6,12,1,0,1,1,1,1785503241
2026-07-31T13:10:21Z,79,1,0,15,1,0,1,1,1,1785503411
2026-07-31T13:10:21Z,80,18,1,2,3,0,1,1,1,1785503392
2026-07-31T13:10:21Z,81,7,2,24,0,0,1,1,1,1785503213
2026-07-31T13:10:21Z,82,16,0,5,2,0,1,1,1,1785503354
2026-07-31T13:10:21Z,83,3,0,30,1,0,1,1,1,1785503345
2026-07-31T13:10:21Z,84,13,0,14,0,0,1,1,1,1785503040
2026-07-31T13:10:21Z,85,8,1,7,0,0,1,1,1,1785503409
2026-07-31T13:10:21Z,86,20,0,7,0,0,1,1,1,1785503254
2026-07-31T13:10:21Z,87,19,0,0,0,0,1,1,1,1785501816
2026-07-31T13:10:21Z,88,10,1,32,1,0,1,1,1,1785503412
2026-07-31T13:10:21Z,89,1,0,34,0,0,1,1,1,1785503199
2026-07-31T13:10:21Z,90,2,0,14,2,0,1,1,1,1785503257
2026-07-31T13:10:21Z,91,17,1,0,0,0,1,1,1,1785503078
2026-07-31T13:10:21Z,92,2,1,14,3,0,1,1,1,1785503409
2026-07-31T13:10:21Z,93,0,0,23,0,0,1,1,1,1785502662
2026-07-31T13:10:21Z,94,9,0,9,1,0,1,1,1,1785502976
2026-07-31T13:10:21Z,95,19,0,14,1,1,1,1,1,1785503392
2026-07-31T13:10:21Z,96,26,0,4,1,0,1,1,1,1785502569
2026-07-31T13:10:21Z,97,2,0,14,1,0,1,1,1,1785503182
2026-07-31T13:10:21Z,98,34,0,1,0,0,1,1,1,1785503380
2026-07-31T13:10:21Z,99,0,0,15,0,0,1,1,1,1785501758
2026-07-31T13:10:21Z,100,1,0,26,0,0,1,1,1,1785502888
2026-07-31T13:10:21Z,101,1,0,12,2,0,1,1,1,1785502745
2026-07-31T13:10:21Z,102,3,0,20,0,0,1,1,1,1785502377
2026-07-31T13:10:21Z,103,12,0,17,1,0,1,1,1,1785503314
2026-07-31T13:10:21Z,104,9,1,16,2,0,1,1,1,1785503405
2026-07-31T13:10:21Z,105,14,0,5,0,0,1,1,1,1785503111
2026-07-31T13:10:21Z,106,1,1,20,0,0,1,1,1,1785502125
2026-07-31T13:10:21Z,107,13,4,23,1,0,1,1,1,1785503414
2026-07-31T13:10:21Z,108,0,0,35,0,0,1,1,1,1785503354
2026-07-31T13:10:21Z,109,2,0,21,0,0,1,1,1,1785503354
2026-07-31T13:10:21Z,110,11,0,12,0,0,1,1,1,1785502670
2026-07-31T13:10:21Z,111,8,1,27,1,0,1,1,1,1785503356
2026-07-31T13:10:21Z,112,0,0,14,1,0,1,1,1,1785502707
2026-07-31T13:10:21Z,113,7,0,11,1,0,1,1,1,1785503338
2026-07-31T13:10:21Z,114,24,6,5,1,1,1,1,1,1785503365
2026-07-31T13:10:21Z,115,17,3,9,2,0,1,1,1,1785503334
2026-07-31T13:10:21Z,116,19,8,6,2,0,1,1,1,1785503295
2026-07-31T13:10:21Z,118,14,3,7,2,0,1,1,1,1785502750
2026-07-31T13:10:21Z,119,8,0,26,4,0,1,1,1,1785503019
2026-07-31T13:10:21Z,120,11,0,15,1,0,1,1,1,1785503326
2026-07-31T13:10:21Z,121,2,0,15,1,1,1,1,1,1785503124
2026-07-31T13:10:21Z,122,17,3,4,0,0,1,1,1,1785502655
2026-07-31T13:10:21Z,123,7,2,40,0,0,1,1,1,1785503078
2026-07-31T13:10:21Z,124,10,0,25,0,0,1,1,1,1785503295
2026-07-31T13:10:21Z,125,13,3,9,1,0,1,1,1,1785503353
2026-07-31T13:10:21Z,126,23,3,8,0,0,1,1,1,1785502570
2026-07-31T13:10:21Z,127,24,0,9,2,0,1,1,1,1785503206
2026-07-31T13:10:21Z,128,11,0,8,0,0,1,1,1,1785502953
2026-07-31T13:10:21Z,129,10,0,7,2,0,1,1,1,1785502548
2026-07-31T13:10:21Z,130,6,1,11,0,0,1,1,1,1785502983
2026-07-31T13:10:21Z,131,3,3,6,2,0,1,1,1,1785503247
2026-07-31T13:10:21Z,132,12,5,1,1,1,1,1,1,1785503413
2026-07-31T13:10:21Z,134,6,0,13,4,0,1,1,1,1785503400
2026-07-31T13:10:21Z,135,8,3,11,0,0,1,1,1,1785503371
2026-07-31T13:10:21Z,136,3,0,11,2,7,1,1,1,1785503414
2026-07-31T13:10:21Z,137,7,3,12,0,0,1,1,1,1785503392
2026-07-31T13:10:21Z,138,29,0,8,0,0,1,1,1,1785503389
2026-07-31T13:10:21Z,139,1,0,17,1,0,1,1,1,1785502895
2026-07-31T13:10:21Z,140,17,0,5,1,0,1,1,1,1785503415
2026-07-31T13:10:21Z,141,15,0,21,0,0,1,1,1,1785503285
2026-07-31T13:10:21Z,142,11,0,12,0,0,1,1,1,1785502973
2026-07-31T13:10:21Z,143,0,0,31,0,0,1,1,1,1785502923
2026-07-31T13:10:21Z,144,12,0,15,0,0,1,1,1,1785503260
2026-07-31T13:10:21Z,146,2,1,19,2,0,1,1,1,1785503178
2026-07-31T13:10:21Z,147,10,1,7,2,0,1,1,1,1785503409
2026-07-31T13:10:21Z,148,10,4,16,0,1,1,1,1,1785503408
2026-07-31T13:10:21Z,149,15,1,12,0,0,1,1,1,1785503119
2026-07-31T13:10:21Z,150,22,6,10,3,0,1,1,1,1785503402
2026-07-31T13:10:21Z,151,10,3,13,0,0,1,1,1,1785503389
2026-07-31T13:10:21Z,152,11,0,12,3,0,1,1,1,1785503375
2026-07-31T13:10:21Z,153,0,0,25,6,0,1,1,1,1785503321
2026-07-31T13:10:21Z,154,15,3,3,5,0,1,1,1,1785503412
2026-07-31T13:10:21Z,155,9,3,4,1,0,1,1,1,1785503283
2026-07-31T13:10:21Z,156,7,1,12,0,0,1,1,1,1785503359
2026-07-31T13:10:21Z,157,7,2,18,2,0,1,1,1,1785503336
2026-07-31T13:10:21Z,158,2,1,14,0,0,1,1,1,1785503004
2026-07-31T13:10:21Z,159,0,0,19,0,0,1,1,1,1785497085
2026-07-31T13:10:21Z,160,7,1,12,0,0,1,1,1,1785503096
2026-07-31T13:10:21Z,161,12,1,10,0,0,1,1,1,1785503395
2026-07-31T13:10:21Z,162,19,3,7,1,0,1,1,1,1785503247
2026-07-31T13:10:21Z,163,9,1,21,0,1,1,1,1,1785503392
2026-07-31T13:10:21Z,164,26,4,1,0,0,1,1,1,1785502990
2026-07-31T13:10:21Z,165,18,11,12,1,0,1,1,1,1785503200
2026-07-31T13:10:21Z,166,21,6,14,4,0,1,1,1,1785503414
2026-07-31T13:10:21Z,167,1,1,21,1,0,1,1,1,1785503316
2026-07-31T13:10:21Z,168,23,4,1,3,0,1,1,1,1785503191
2026-07-31T13:10:21Z,169,3,0,18,1,1,1,1,1,1785503197
2026-07-31T13:10:21Z,170,9,3,9,1,0,1,1,1,1785502817
2026-07-31T13:10:21Z,171,6,1,5,2,0,1,1,1,1785503375
2026-07-31T13:10:21Z,173,26,0,12,1,0,1,1,1,1785502990
2026-07-31T13:10:21Z,174,10,0,14,2,0,1,1,1,1785503267
2026-07-31T13:10:21Z,175,14,0,17,0,0,1,1,1,1785503403
2026-07-31T13:10:21Z,176,1,0,11,2,1,1,1,1,1785503284
2026-07-31T13:10:21Z,177,15,4,12,0,0,1,1,1,1785503244
2026-07-31T13:10:21Z,178,2,0,10,2,1,1,1,1,1785503413
2026-07-31T13:10:21Z,179,7,1,7,1,0,1,1,1,1785503403
2026-07-31T13:10:21Z,180,14,0,16,0,0,1,1,1,1785503219
2026-07-31T13:10:21Z,181,14,1,1,0,0,1,1,1,1785503170
2026-07-31T13:10:21Z,182,2,0,15,0,0,1,1,1,1785502295
2026-07-31T13:10:21Z,183,11,0,11,1,0,1,1,1,1785503332
2026-07-31T13:10:21Z,184,17,0,5,1,0,1,1,1,1785503145
2026-07-31T13:10:21Z,185,9,0,3,2,1,1,1,1,1785502702
2026-07-31T13:10:21Z,186,3,2,16,0,0,1,1,1,1785502060
2026-07-31T13:10:21Z,187,13,0,14,1,0,1,1,1,1785502640
2026-07-31T13:10:21Z,188,0,0,19,8,0,1,1,1,1785503403
2026-07-31T13:10:21Z,189,4,0,10,1,0,1,1,1,1785502572
2026-07-31T13:10:21Z,190,6,5,17,0,0,1,1,1,1785502785
2026-07-31T13:10:21Z,191,10,1,29,0,0,1,1,1,1785502769
2026-07-31T13:10:21Z,192,10,1,18,3,0,1,1,1,1785503410
2026-07-31T13:10:21Z,193,7,4,8,0,0,1,1,1,1785502923
2026-07-31T13:10:21Z,194,18,3,8,1,0,1,1,1,1785503066
2026-07-31T13:10:21Z,195,6,2,13,0,0,1,1,1,1785503307
2026-07-31T13:10:21Z,196,2,1,24,1,0,1,1,1,1785502310
2026-07-31T13:10:21Z,197,15,7,3,0,1,1,1,1,1785502882
2026-07-31T13:10:21Z,198,14,12,9,0,0,1,1,1,1785502998
2026-07-31T13:10:21Z,199,6,5,8,1,0,1,1,1,1785503113
2026-07-31T13:10:21Z,200,18,2,7,1,0,1,1,1,1785503220
2026-07-31T13:10:21Z,201,16,3,7,0,0,1,1,1,1785503318
2026-07-31T13:10:21Z,202,5,1,22,0,0,1,1,1,1785503345
2026-07-31T13:10:21Z,203,26,1,4,1,0,1,1,1,1785502777
2026-07-31T13:10:21Z,204,29,1,5,1,0,1,1,1,1785503410
2026-07-31T13:10:21Z,205,9,1,18,0,0,1,1,1,1785503348
2026-07-31T13:10:21Z,206,2,1,13,0,0,1,1,1,1785503091
2026-07-31T13:10:21Z,207,7,0,14,0,0,1,1,1,1785502861
2026-07-31T13:10:21Z,208,16,3,13,0,0,1,1,1,1785503399
2026-07-31T13:10:21Z,209,3,0,26,3,0,1,1,1,1785503386
2026-07-31T13:10:21Z,210,13,1,14,0,0,1,1,1,1785503214
2026-07-31T13:10:21Z,211,3,3,19,1,0,1,1,1,1785503111
2026-07-31T13:10:21Z,212,23,1,11,1,0,1,1,1,1785503182
2026-07-31T13:10:21Z,213,2,1,20,1,0,1,1,1,1785503103
2026-07-31T13:10:21Z,214,38,2,4,5,0,1,1,1,1785503354
2026-07-31T13:10:21Z,215,6,3,16,1,0,1,1,1,1785503384
2026-07-31T13:10:21Z,216,4,0,14,1,0,1,1,1,1785503215
2026-07-31T13:10:21Z,217,6,0,22,1,0,1,1,1,1785503217
2026-07-31T13:10:21Z,218,21,9,17,1,0,1,1,1,1785503374
2026-07-31T13:10:21Z,219,21,0,3,2,0,1,1,1,1785503395
2026-07-31T13:10:21Z,220,15,7,27,0,1,1,1,1,1785503328
2026-07-31T13:10:21Z,221,0,0,13,2,0,1,1,1,1785503061
2026-07-31T13:10:21Z,222,6,6,12,1,0,1,1,1,1785502752
2026-07-31T13:10:21Z,223,19,3,11,5,0,1,1,1,1785503354
2026-07-31T13:10:21Z,224,9,4,13,0,0,1,1,1,1785502925
2026-07-31T13:10:21Z,225,12,1,1,6,0,1,1,1,1785498882
2026-07-31T13:10:21Z,226,26,7,4,1,0,1,1,1,1785503065
2026-07-31T13:10:21Z,227,17,10,8,1,1,1,1,1,1785503237
2026-07-31T13:10:21Z,228,4,0,15,0,0,1,1,1,1785502999
2026-07-31T13:10:21Z,230,12,4,14,0,0,1,1,1,1785503315
2026-07-31T13:10:21Z,232,3,2,13,1,0,1,1,1,1785503404
2026-07-31T13:10:21Z,233,13,0,16,2,0,1,1,1,1785503401
2026-07-31T13:10:21Z,234,6,3,8,3,2,1,1,1,1785503403
2026-07-31T13:10:21Z,236,5,1,14,0,0,1,1,1,1785503016
2026-07-31T13:10:21Z,237,6,3,16,1,0,1,1,1,1785503005
2026-07-31T13:10:21Z,239,22,17,4,1,0,1,1,1,1785503192
2026-07-31T13:10:21Z,241,10,3,12,1,0,1,1,1,1785503301
2026-07-31T13:10:21Z,242,6,1,14,3,0,1,1,1,1785503386
2026-07-31T13:10:21Z,243,6,3,24,1,0,1,1,1,1785502851
2026-07-31T13:10:21Z,244,9,2,16,2,0,1,1,1,1785503397
2026-07-31T13:10:21Z,245,2,2,21,0,0,1,1,1,1785502988
2026-07-31T13:10:21Z,246,19,1,4,0,0,1,1,1,1785503364
2026-07-31T13:10:21Z,247,8,8,14,1,0,1,1,1,1785502712
2026-07-31T13:10:21Z,248,13,3,8,2,0,1,1,1,1785502729
2026-07-31T13:10:21Z,249,2,0,16,1,0,1,1,1,1785503270
2026-07-31T13:10:21Z,250,20,9,6,1,0,1,1,1,1785503300
2026-07-31T13:10:21Z,251,10,4,15,2,0,1,1,1,1785503406
2026-07-31T13:10:21Z,253,8,3,11,0,0,1,1,1,1785502945
2026-07-31T13:10:21Z,254,12,12,30,1,0,1,1,1,1785503139
2026-07-31T13:10:21Z,255,0,0,22,0,1,1,1,1,1785503306
2026-07-31T13:10:21Z,256,0,0,20,3,0,1,1,1,1785502223
2026-07-31T13:10:21Z,257,5,3,14,0,0,1,1,1,1785502308
2026-07-31T13:10:21Z,258,7,0,12,0,0,1,1,1,1785503391
2026-07-31T13:10:21Z,259,20,2,2,1,0,1,1,1,1785503405
2026-07-31T13:10:21Z,260,1,1,15,3,0,1,1,1,1785503229
2026-07-31T13:10:21Z,261,8,0,10,0,1,1,1,1,1785502635
2026-07-31T13:10:21Z,262,7,7,15,1,0,1,1,1,1785503323
2026-07-31T13:10:21Z,263,7,0,8,0,0,1,1,1,1785501914
2026-07-31T13:10:21Z,264,9,3,7,3,0,1,1,1,1785503061
2026-07-31T13:10:21Z,265,9,0,6,0,0,1,1,1,1785503135
2026-07-31T13:10:21Z,266,6,6,11,2,0,1,1,1,1785501985
2026-07-31T13:10:21Z,267,6,3,7,2,0,1,1,1,1785500369
2026-07-31T13:10:21Z,268,19,8,4,0,0,1,1,1,1785502293
2026-07-31T13:10:21Z,269,5,2,18,0,0,1,1,1,1785502938
2026-07-31T13:10:21Z,270,22,1,5,0,0,1,1,1,1785502574
2026-07-31T13:10:21Z,271,5,1,12,2,0,1,1,1,1785502812
2026-07-31T13:10:21Z,272,9,7,13,1,0,1,1,1,1785503395
2026-07-31T13:10:21Z,273,5,3,10,0,0,1,1,1,1785502844
2026-07-31T13:10:21Z,274,9,5,9,1,0,1,1,1,1785502946
2026-07-31T13:10:21Z,275,6,0,16,1,0,1,1,1,1785503254
2026-07-31T13:10:21Z,276,6,5,21,0,0,1,1,1,1785502761
2026-07-31T13:10:21Z,277,14,3,4,5,0,1,1,1,1785502259
2026-07-31T13:10:21Z,278,0,0,28,2,1,1,1,1,1785502851
2026-07-31T13:10:21Z,279,16,1,3,0,0,1,1,1,1785503235
2026-07-31T13:10:21Z,280,12,2,17,2,0,1,1,1,1785503311
2026-07-31T13:10:21Z,281,15,0,4,0,0,1,1,1,1785503028
2026-07-31T13:10:21Z,282,6,2,12,0,0,1,1,1,1785500800
2026-07-31T13:10:21Z,283,26,0,9,0,0,1,1,1,1785503004
2026-07-31T13:10:21Z,284,6,1,27,2,0,1,1,1,1785503406
2026-07-31T13:10:21Z,285,7,7,16,0,0,1,1,1,1785501660
2026-07-31T13:10:21Z,286,10,9,9,4,0,1,1,1,1785502571
2026-07-31T13:10:21Z,287,15,6,6,2,0,1,1,1,1785503153
2026-07-31T13:10:21Z,288,5,4,13,1,0,1,1,1,1785502882
2026-07-31T13:10:21Z,289,16,1,8,3,0,1,1,1,1785503090
2026-07-31T13:10:21Z,290,2,0,36,1,0,1,1,1,1785503387
2026-07-31T13:10:21Z,291,2,1,20,1,0,1,1,1,1785503337
2026-07-31T13:10:21Z,292,21,1,2,0,0,1,1,1,1785502932
2026-07-31T13:10:21Z,293,11,10,12,0,0,1,1,1,1785503321
2026-07-31T13:10:21Z,294,3,3,18,1,0,1,1,1,1785503349
2026-07-31T13:10:21Z,297,1,0,15,2,1,1,1,1,1785503155
2026-07-31T13:10:21Z,301,7,0,12,0,0,1,1,1,1785503387
2026-07-31T13:10:21Z,302,7,1,16,0,0,1,1,1,1785503047
2026-07-31T13:10:21Z,303,10,0,9,0,0,1,1,1,1785502571
2026-07-31T13:10:21Z,304,0,0,0,0,0,0,1,1,86400
2026-07-31T13:10:21Z,305,2,0,16,1,0,1,1,1,1785503407
2026-07-31T13:10:21Z,306,7,0,25,0,0,1,1,1,1785503203
2026-07-31T13:10:21Z,307,16,0,5,1,1,1,1,1,1785503109
2026-07-31T13:10:21Z,308,3,0,14,2,0,1,1,1,1785503336
2026-07-31T13:10:21Z,309,8,0,6,0,0,1,1,1,1785503358
2026-07-31T13:10:21Z,311,9,0,6,0,0,1,1,1,1785502732
2026-07-31T13:10:21Z,312,3,2,16,4,0,1,1,1,1785503221
2026-07-31T13:10:21Z,313,1,0,14,0,0,1,1,1,1785503033
2026-07-31T13:10:21Z,314,13,6,5,1,0,1,1,1,1785503398
2026-07-31T13:10:21Z,315,19,4,10,2,0,1,1,1,1785503013
2026-07-31T13:10:21Z,316,1,0,24,5,1,1,1,1,1785503401
2026-07-31T13:10:21Z,317,23,6,7,0,1,1,1,1,1785503281
2026-07-31T13:10:21Z,318,15,0,4,0,0,1,1,1,1785501909
2026-07-31T13:10:21Z,319,9,1,13,1,0,1,1,1,1785502813
2026-07-31T13:10:21Z,320,9,3,9,1,0,1,1,1,1785502846
2026-07-31T13:10:21Z,321,9,2,6,4,0,1,1,1,1785503223
2026-07-31T13:10:21Z,322,5,0,24,0,0,1,1,1,1785501752
2026-07-31T13:10:21Z,323,9,0,10,0,0,1,1,1,1785502367
2026-07-31T13:10:21Z,324,18,0,7,2,0,1,1,1,1785503404
2026-07-31T13:10:21Z,325,8,4,17,2,0,1,1,1,1785503158
2026-07-31T13:10:21Z,327,24,1,2,1,0,1,1,1,1785503280
2026-07-31T13:10:21Z,328,10,0,11,1,0,1,1,1,1785502240
2026-07-31T13:10:21Z,329,15,0,2,2,0,1,1,1,1785501426
2026-07-31T13:10:21Z,330,6,1,14,2,0,1,1,1,1785503369
2026-07-31T13:10:21Z,331,9,2,13,1,0,1,1,1,1785503286
2026-07-31T13:10:21Z,332,9,1,8,2,0,1,1,1,1785503280
2026-07-31T13:10:21Z,333,12,1,10,1,0,1,1,1,1785502887
2026-07-31T13:10:21Z,334,8,7,15,0,0,1,1,1,1785502764
2026-07-31T13:10:21Z,335,2,1,20,0,1,1,1,1,1785502690
2026-07-31T13:10:21Z,336,8,1,10,1,0,1,1,1,1785503061
2026-07-31T13:10:21Z,337,10,2,8,5,0,1,1,1,1785503366
2026-07-31T13:10:21Z,338,11,4,7,1,0,1,1,1,1785501773
2026-07-31T13:10:21Z,339,16,12,6,1,0,1,1,1,1785503370
2026-07-31T13:10:21Z,340,7,7,7,1,0,1,1,1,1785503020
2026-07-31T13:10:21Z,341,2,1,17,0,0,1,1,1,1785503403
2026-07-31T13:10:21Z,342,13,5,0,2,0,1,1,1,1785500433
2026-07-31T13:10:21Z,343,21,2,1,1,0,1,1,1,1785503406
2026-07-31T13:10:21Z,344,15,7,7,1,0,1,1,1,1785503252
2026-07-31T13:10:21Z,345,4,0,15,0,0,1,1,1,1785503060
2026-07-31T13:10:21Z,346,8,4,15,0,0,1,1,1,1785503410
2026-07-31T13:10:21Z,347,37,2,7,0,0,1,1,1,1785503339
2026-07-31T13:10:21Z,348,17,2,4,1,1,1,1,1,1785503226
2026-07-31T13:10:21Z,349,10,3,8,1,0,1,1,1,1785503028
2026-07-31T13:10:21Z,350,12,3,13,1,1,1,1,1,1785503286
2026-07-31T13:10:21Z,351,11,0,8,4,0,1,1,1,1785503250
2026-07-31T13:10:21Z,355,13,0,10,0,0,1,1,1,1785503402
2026-07-31T13:10:21Z,356,14,2,5,0,0,1,1,1,1785503373
2026-07-31T13:10:21Z,357,1,0,18,0,0,1,1,1,1785503415
2026-07-31T13:10:21Z,358,14,3,12,1,0,1,1,1,1785503009
2026-07-31T13:10:21Z,359,12,0,15,0,0,1,1,1,1785502214
2026-07-31T13:10:21Z,360,12,2,5,2,0,1,1,1,1785502763
2026-07-31T13:10:21Z,362,9,4,7,3,0,1,1,1,1785502156
2026-07-31T13:10:21Z,363,7,0,20,0,0,1,1,1,1785502173
2026-07-31T13:10:21Z,364,16,4,3,0,0,1,1,1,1785503069
2026-07-31T13:10:21Z,365,4,0,15,4,0,1,1,1,1785503102
2026-07-31T13:10:21Z,366,5,2,14,4,0,1,1,1,1785503335
2026-07-31T13:10:21Z,367,11,7,6,2,0,1,1,1,1785503289
2026-07-31T13:10:21Z,368,17,4,5,1,0,1,1,1,1785503032
2026-07-31T13:10:21Z,370,7,4,20,0,0,1,1,1,1785502985
2026-07-31T13:10:21Z,371,2,0,16,1,0,1,1,1,1785503052
2026-07-31T13:10:21Z,372,3,0,12,0,0,1,1,1,1785503390
2026-07-31T13:10:21Z,373,26,9,0,1,0,1,1,1,1785502663
2026-07-31T13:10:21Z,374,7,3,11,1,0,1,1,1,1785503257
2026-07-31T13:10:21Z,375,16,7,8,3,0,1,1,1,1785503306
2026-07-31T13:10:21Z,376,29,8,5,5,0,1,1,1,1785503137
2026-07-31T13:10:21Z,377,15,6,10,2,0,1,1,1,1785503286
2026-07-31T13:10:21Z,378,13,4,9,1,1,1,1,1,1785503179
2026-07-31T13:10:21Z,379,14,1,13,0,0,1,1,1,1785502639
2026-07-31T13:10:21Z,380,14,4,8,1,0,1,1,1,1785502217
2026-07-31T13:10:21Z,381,0,0,23,0,0,1,1,1,1785501361
2026-07-31T13:10:21Z,383,0,0,14,1,0,1,1,1,1785503107
2026-07-31T13:10:21Z,384,14,0,11,2,0,1,1,1,1785503092
2026-07-31T13:10:21Z,385,16,5,1,1,0,1,1,1,1785503301
2026-07-31T13:10:21Z,387,17,2,6,0,0,1,1,1,1785502911
2026-07-31T13:10:21Z,388,29,2,19,1,0,1,1,1,1785503372
2026-07-31T13:10:21Z,389,7,5,7,1,0,1,1,1,1785501576
2026-07-31T13:10:21Z,390,14,0,21,0,0,1,1,1,1785503231
2026-07-31T13:10:21Z,391,0,0,14,1,0,1,1,1,1785501753
2026-07-31T13:10:21Z,392,1,1,17,1,0,1,1,1,1785503163
2026-07-31T13:10:21Z,393,3,3,5,3,0,1,1,1,1785487292
2026-07-31T13:10:21Z,394,7,5,4,2,0,1,1,1,1785502798
2026-07-31T13:10:21Z,396,19,8,20,3,0,1,1,1,1785502531
2026-07-31T13:10:21Z,397,11,6,20,0,0,1,1,1,1785501884
2026-07-31T13:10:21Z,399,3,1,12,2,0,1,1,1,1785503376
2026-07-31T13:10:21Z,400,12,7,8,3,0,1,1,1,1785501999
2026-07-31T13:10:21Z,401,0,0,31,8,0,1,1,1,1785503172
2026-07-31T13:10:21Z,403,18,1,9,4,0,1,1,1,1785503255
2026-07-31T13:10:21Z,404,15,0,8,0,0,1,1,1,1785503292
2026-07-31T13:10:21Z,406,4,2,30,1,0,1,1,1,1785503105
2026-07-31T13:10:21Z,407,18,3,15,1,0,1,1,1,1785499747
2026-07-31T13:10:21Z,408,19,4,12,2,0,1,1,1,1785503058
2026-07-31T13:10:21Z,409,2,0,18,3,0,1,1,1,1785498301
2026-07-31T13:10:21Z,413,18,3,4,1,0,1,1,1,1785502615
2026-07-31T13:10:21Z,414,7,1,6,2,0,1,1,1,1785503291
2026-07-31T13:10:21Z,417,1,0,16,2,0,1,1,1,1785502882
2026-07-31T13:10:21Z,418,11,0,4,0,0,1,1,1,1785502613
2026-07-31T13:10:21Z,419,11,0,11,1,0,1,1,1,1785500476
2026-07-31T13:10:21Z,421,2,2,17,0,0,1,1,1,1785503042
2026-07-31T13:10:21Z,422,5,4,21,1,0,1,1,1,1785502620
2026-07-31T13:10:21Z,423,3,2,20,0,0,1,1,1,1785502409
2026-07-31T13:10:21Z,424,0,0,12,2,1,1,1,1,1785503347
2026-07-31T13:10:21Z,425,16,0,5,0,1,1,1,1,1785500631
2026-07-31T13:10:21Z,426,15,1,20,2,0,1,1,1,1785503269
2026-07-31T13:10:21Z,427,7,1,7,1,0,1,1,1,1785503180
2026-07-31T13:10:21Z,428,2,1,17,0,0,1,1,1,1785503276
2026-07-31T13:10:21Z,429,4,2,17,2,0,1,1,1,1785503163
2026-07-31T13:10:21Z,430,26,0,3,2,0,1,1,1,1785502777
2026-07-31T13:10:21Z,431,19,2,13,1,0,1,1,1,1785503247
2026-07-31T13:10:21Z,432,11,0,18,2,0,0,1,1,1785503263
2026-07-31T13:10:21Z,433,15,4,6,2,0,1,1,1,1785503309
2026-07-31T13:10:21Z,437,6,3,12,1,0,1,1,1,1785503159
2026-07-31T13:10:21Z,438,17,1,1,1,0,1,1,1,1785503105
2026-07-31T13:10:21Z,439,3,1,12,0,0,1,1,1,1785503194
2026-07-31T13:10:21Z,440,11,1,2,2,0,1,1,1,1785503007
2026-07-31T13:10:21Z,441,12,3,2,1,0,1,1,1,1785503382
2026-07-31T13:10:21Z,442,14,8,4,1,0,1,1,1,1785503315
2026-07-31T13:10:21Z,443,4,2,23,0,0,1,1,1,1785485488
2026-07-31T13:10:21Z,444,7,2,16,0,0,1,1,1,1785502921
2026-07-31T13:10:21Z,445,7,2,15,1,0,1,1,1,1785503329
2026-07-31T13:10:21Z,446,2,1,20,1,0,1,1,1,1785502334
2026-07-31T13:10:21Z,447,3,0,18,1,1,1,1,1,1785496389
2026-07-31T13:10:21Z,448,7,2,7,1,0,1,1,1,1785501220
2026-07-31T13:10:21Z,452,4,4,14,1,0,1,1,1,1785503303
2026-07-31T13:10:21Z,453,5,5,9,1,0,1,1,1,1785502483
2026-07-31T13:10:21Z,454,5,0,14,0,0,1,1,1,1785502835
2026-07-31T13:10:21Z,455,2,1,35,2,0,1,1,1,1785503050
2026-07-31T13:10:21Z,456,3,0,16,1,0,1,1,1,1785503259
2026-07-31T13:10:21Z,457,24,2,1,2,0,1,1,1,1785503105
2026-07-31T13:10:21Z,458,11,3,12,0,0,1,1,1,1785503038
2026-07-31T13:10:21Z,459,14,0,1,0,0,1,1,1,1785502515
2026-07-31T13:10:21Z,460,11,0,11,1,0,1,1,1,1785503408
2026-07-31T13:10:21Z,461,10,2,9,0,0,1,1,1,1785503125
2026-07-31T13:10:21Z,462,17,1,4,0,0,1,1,1,1785503372
2026-07-31T13:10:21Z,463,8,0,11,0,0,1,1,1,1785503287
2026-07-31T13:10:21Z,464,0,0,14,0,0,1,1,1,1785499858
2026-07-31T13:10:21Z,465,1,1,13,1,0,1,1,1,1785503142
2026-07-31T13:10:21Z,466,9,1,2,4,0,1,1,1,1785503186
2026-07-31T13:10:21Z,467,3,1,16,0,0,1,1,1,1785502765
2026-07-31T13:10:21Z,468,17,1,1,1,0,1,1,1,1785485789
2026-07-31T13:10:21Z,469,3,0,20,0,0,1,1,1,1785502449
2026-07-31T13:10:21Z,470,8,1,6,1,0,1,1,1,1785503340
2026-07-31T13:10:21Z,471,25,3,2,0,0,1,1,1,1785502385
2026-07-31T13:10:21Z,472,8,3,10,1,0,1,1,1,1785503383
2026-07-31T13:10:21Z,473,16,2,2,1,0,1,1,1,1785502394
2026-07-31T13:10:21Z,474,14,0,5,0,0,1,1,1,1785501824
2026-07-31T13:10:21Z,475,5,2,14,0,0,1,1,1,1785503358
2026-07-31T13:10:21Z,477,3,2,10,2,0,1,1,1,1785502735
2026-07-31T13:10:21Z,478,14,0,16,1,0,1,1,1,1785503317
2026-07-31T13:10:21Z,479,3,0,23,1,0,1,1,1,1785503182
2026-07-31T13:10:21Z,480,3,0,10,2,0,1,1,1,1785502920
2026-07-31T13:10:21Z,481,4,0,30,1,0,1,1,1,1785503156
2026-07-31T13:10:21Z,482,12,6,7,0,0,1,1,1,1785503233
2026-07-31T13:10:21Z,483,3,0,22,2,0,1,1,1,1785503367
2026-07-31T13:10:21Z,484,0,0,18,1,0,1,1,1,1785503206
2026-07-31T13:10:21Z,485,13,5,4,1,1,1,1,1,1785503122
2026-07-31T13:10:21Z,486,4,3,20,3,0,1,1,1,1785503125
2026-07-31T13:10:21Z,487,0,0,18,1,0,1,1,1,1785499667
2026-07-31T13:10:21Z,489,1,1,13,1,0,1,1,1,1785502467
2026-07-31T13:10:21Z,490,4,2,12,0,0,1,1,1,1785502067
2026-07-31T13:10:21Z,491,9,4,12,0,0,1,1,1,1785503144
2026-07-31T13:10:21Z,492,2,2,5,4,0,1,1,1,1785503411
2026-07-31T13:10:21Z,493,2,1,24,1,0,1,1,1,1785503341
2026-07-31T13:10:21Z,495,8,0,4,3,0,1,1,1,1785500279
2026-07-31T13:10:21Z,496,18,0,8,1,0,1,1,1,1785502969
2026-07-31T13:10:21Z,497,1,0,17,1,0,1,1,1,1785503298
2026-07-31T13:10:21Z,498,12,1,11,0,0,1,1,1,1785503408
2026-07-31T13:10:21Z,499,14,0,3,2,0,1,1,1,1785502117
2026-07-31T13:10:21Z,500,7,5,6,2,0,1,1,1,1785501987
2026-07-31T13:10:21Z,501,13,7,8,0,0,1,1,1,1785503348
2026-07-31T13:10:21Z,502,12,2,7,0,0,1,1,1,1785502554
2026-07-31T13:10:21Z,503,12,0,18,1,0,1,1,1,1785503235
2026-07-31T13:10:21Z,504,21,4,18,0,0,1,1,1,1785503390
2026-07-31T13:10:21Z,505,0,0,11,1,0,1,1,1,1785502036
2026-07-31T13:10:21Z,511,8,3,15,0,0,1,1,1,1785502929
2026-07-31T13:10:21Z,512,11,0,15,1,0,1,1,1,1785503173
2026-07-31T13:10:21Z,514,1,1,9,1,0,1,1,1,1785503398
2026-07-31T13:10:21Z,515,0,0,19,0,0,1,1,1,1785502093
2026-07-31T13:10:21Z,516,17,1,10,0,0,1,1,1,1785503084
2026-07-31T13:10:21Z,517,11,1,11,1,0,1,1,1,1785503047
2026-07-31T13:10:21Z,518,12,0,2,1,0,1,1,1,1785502715
2026-07-31T13:10:21Z,519,2,0,15,2,0,1,1,1,1785497842
2026-07-31T13:10:21Z,520,13,6,8,5,1,1,1,1,1785503413
2026-07-31T13:10:21Z,521,14,4,9,0,0,1,1,1,1785502536
2026-07-31T13:10:21Z,522,0,0,22,1,0,1,1,1,1785502428
2026-07-31T13:10:21Z,523,4,3,18,1,0,1,1,1,1785501535
2026-07-31T13:10:21Z,524,2,1,21,0,0,1,1,1,1785503254
2026-07-31T13:10:21Z,525,3,0,16,0,0,1,1,1,1785502978
2026-07-31T13:10:21Z,526,13,1,0,2,0,1,1,1,1785502385
2026-07-31T13:10:21Z,527,5,3,18,3,0,1,1,1,1785503154
2026-07-31T13:10:21Z,528,21,2,1,1,0,1,1,1,1785502143
2026-07-31T13:10:21Z,529,5,3,8,6,0,1,1,1,1785503412
2026-07-31T13:10:21Z,530,8,0,12,1,0,1,1,1,1785502537
2026-07-31T13:10:21Z,531,8,0,13,1,1,1,1,1,1785503003
2026-07-31T13:10:21Z,532,16,6,14,1,0,1,1,1,1785503350
2026-07-31T13:10:21Z,533,4,0,14,1,0,1,1,1,1785503239
2026-07-31T13:10:21Z,534,3,1,19,1,0,1,1,1,1785503334
2026-07-31T13:10:21Z,535,5,0,10,0,0,1,1,1,1785503192
2026-07-31T13:10:21Z,536,20,1,3,0,0,1,1,1,1785503395
2026-07-31T13:10:21Z,537,8,2,12,0,0,1,1,1,1785503099
2026-07-31T13:10:21Z,538,10,1,11,0,2,1,1,1,1785503355
2026-07-31T13:10:21Z,539,7,5,24,0,0,1,1,1,1785502330
2026-07-31T13:10:21Z,540,7,0,12,0,0,1,1,1,1785503396
2026-07-31T13:10:21Z,541,7,0,18,2,0,1,1,1,1785503179
2026-07-31T13:10:21Z,542,21,5,0,2,0,1,1,1,1785502905
2026-07-31T13:10:21Z,543,7,1,10,2,0,1,1,1,1785503251
2026-07-31T13:10:21Z,544,3,1,16,3,0,1,1,1,1785503410
2026-07-31T13:10:21Z,545,1,0,16,2,0,1,1,1,1785502617
2026-07-31T13:10:21Z,546,8,5,11,0,0,1,1,1,1785502572
2026-07-31T13:10:21Z,547,14,1,11,0,0,1,1,1,1785503337
2026-07-31T13:10:21Z,548,11,1,12,0,0,1,1,1,1785503004
2026-07-31T13:10:21Z,549,11,0,12,0,0,1,1,1,1785503130
2026-07-31T13:10:21Z,550,4,0,15,0,0,1,1,1,1785502733
2026-07-31T13:10:21Z,551,11,4,12,0,0,1,1,1,1785498819
2026-07-31T13:10:21Z,552,19,0,8,0,0,1,1,1,1785503391
2026-07-31T13:10:21Z,553,14,6,8,0,1,1,1,1,1785503359
2026-07-31T13:10:21Z,554,4,1,15,0,0,1,1,1,1785501259
2026-07-31T13:10:21Z,555,14,6,0,1,0,1,1,1,1785502488
2026-07-31T13:10:21Z,556,15,2,6,2,0,1,1,1,1785503265
2026-07-31T13:10:21Z,557,13,6,6,4,0,1,1,1,1785503409
2026-07-31T13:10:21Z,558,22,5,15,0,0,1,1,1,1785503404
2026-07-31T13:10:21Z,559,7,3,9,3,0,1,1,1,1785503407
2026-07-31T13:10:21Z,560,9,0,17,1,0,1,1,1,1785503304
2026-07-31T13:10:21Z,561,9,2,12,2,0,1,1,1,1785503394
2026-07-31T13:10:21Z,562,2,0,30,3,0,1,1,1,1785503245
2026-07-31T13:10:21Z,563,8,0,6,0,0,1,1,1,1785502485
2026-07-31T13:10:21Z,564,3,0,15,1,0,1,1,1,1785502063
2026-07-31T13:10:21Z,565,3,1,16,0,0,1,1,1,1785503242
2026-07-31T13:10:21Z,566,14,1,4,1,0,1,1,1,1785503379
2026-07-31T13:10:21Z,567,5,0,21,1,0,1,1,1,1785502544
2026-07-31T13:10:21Z,568,15,0,3,1,0,1,1,1,1785502916
2026-07-31T13:10:21Z,569,16,2,3,0,0,1,1,1,1785503413
2026-07-31T13:10:21Z,570,4,0,14,1,0,1,1,1,1785503062
2026-07-31T13:10:21Z,571,5,0,18,0,0,1,1,1,1785503395
2026-07-31T13:10:21Z,572,9,3,9,1,0,1,1,1,1785503384
2026-07-31T13:10:21Z,573,5,1,10,0,0,1,1,1,1785503259
2026-07-31T13:10:21Z,574,2,0,13,0,0,1,1,1,1785501706
2026-07-31T13:10:21Z,575,6,0,14,1,0,1,1,1,1785503405
2026-07-31T13:10:21Z,576,6,3,12,1,0,1,1,1,1785503089
2026-07-31T13:10:21Z,577,17,0,14,0,0,1,1,1,1785503102
2026-07-31T13:10:21Z,578,12,9,10,1,0,1,1,1,1785503237
2026-07-31T13:10:21Z,579,21,1,22,0,0,1,1,1,1785503379
2026-07-31T13:10:21Z,580,0,0,29,0,0,1,1,1,1785501322
2026-07-31T13:10:21Z,581,6,1,13,0,0,1,1,1,1785503362
2026-07-31T13:10:21Z,582,21,0,38,2,0,1,1,1,1785503411
2026-07-31T13:10:21Z,583,13,0,10,0,0,1,1,1,1785502902
2026-07-31T13:10:21Z,584,3,3,10,6,0,1,1,1,1785502078
2026-07-31T13:10:21Z,585,5,1,21,0,1,1,1,1,1785502330
2026-07-31T13:10:21Z,586,16,3,19,0,0,1,1,1,1785503352
2026-07-31T13:10:21Z,587,4,0,19,1,0,1,1,1,1785503010
2026-07-31T13:10:21Z,588,9,4,7,2,1,1,1,1,1785503319
2026-07-31T13:10:21Z,589,5,4,17,0,0,1,1,1,1785503360
2026-07-31T13:10:21Z,590,12,2,18,1,0,1,1,1,1785502483
2026-07-31T13:10:21Z,591,7,0,21,2,0,1,1,1,1785503414
2026-07-31T13:10:21Z,592,16,0,7,0,0,1,1,1,1785503289
2026-07-31T13:10:21Z,593,13,1,24,1,0,1,1,1,1785503407
2026-07-31T13:10:21Z,594,8,0,12,1,0,1,1,1,1785503368
2026-07-31T13:10:21Z,595,0,0,3,0,0,0,1,1,1784046673
2026-07-31T13:10:21Z,605,0,0,2,1,0,0,1,1,1783975843
2026-07-31T13:10:21Z,606,0,0,0,0,0,0,1,1,86400
2026-07-31T13:10:21Z,607,20,1,10,2,0,1,1,1,1785503323
2026-07-31T13:10:21Z,608,23,5,27,0,0,1,1,1,1785503222
2026-07-31T13:10:21Z,609,17,12,6,0,0,1,1,1,1785503187
2026-07-31T13:10:21Z,610,5,5,30,0,0,1,1,1,1785502706
2026-07-31T13:10:21Z,611,9,0,17,1,0,1,1,1,1785503174
2026-07-31T13:10:21Z,612,7,1,8,0,0,1,1,1,1785498548
2026-07-31T13:10:21Z,613,9,0,2,4,0,1,1,1,1785501831
2026-07-31T13:10:21Z,614,7,3,17,2,1,1,1,1,1785503193
2026-07-31T13:10:21Z,617,7,0,7,1,0,1,1,1,1785501906
2026-07-31T13:10:21Z,618,10,1,5,4,0,1,1,1,1785499307
2026-07-31T13:10:21Z,619,5,2,14,0,0,1,1,1,1785503303
2026-07-31T13:10:21Z,620,7,3,20,0,0,1,1,1,1785503412
2026-07-31T13:10:21Z,621,14,13,9,0,0,1,1,1,1785503330
2026-07-31T13:10:21Z,622,21,6,1,1,0,1,1,1,1785502943
2026-07-31T13:10:21Z,623,14,6,15,1,0,1,1,1,1785503094
2026-07-31T13:10:21Z,624,0,0,15,0,0,1,1,1,1785499735
2026-07-31T13:10:21Z,625,5,0,14,2,0,1,1,1,1785502573
2026-07-31T13:10:21Z,626,10,1,35,0,2,1,1,1,1785503224
2026-07-31T13:10:21Z,627,14,6,5,0,0,1,1,1,1785500712
2026-07-31T13:10:21Z,628,1,1,15,2,1,1,1,1,1785503139
2026-07-31T13:10:21Z,629,5,2,5,1,0,1,1,1,1785503285
2026-07-31T13:10:21Z,630,4,3,20,3,0,1,1,1,1785503116
2026-07-31T13:10:21Z,631,16,8,7,0,0,1,1,1,1785503363
2026-07-31T13:10:21Z,632,20,0,1,2,0,1,1,1,1785492884
2026-07-31T13:10:21Z,633,11,0,1,3,0,1,1,1,1785501175
2026-07-31T13:10:21Z,634,11,2,8,0,0,1,1,1,1785502426
2026-07-31T13:10:21Z,635,15,1,4,0,0,1,1,1,1785497505
2026-07-31T13:10:21Z,636,9,2,6,0,0,1,1,1,1785502415
2026-07-31T13:10:21Z,637,9,2,9,1,0,1,1,1,1785500453
2026-07-31T13:10:21Z,638,6,1,11,2,0,1,1,1,1785502495
2026-07-31T13:10:21Z,639,7,1,10,2,0,1,1,1,1785501255
2026-07-31T13:10:21Z,640,14,8,8,1,0,1,1,1,1785503189
2026-07-31T13:10:21Z,641,6,0,19,1,0,1,1,1,1785503361
2026-07-31T13:10:21Z,642,0,0,11,8,0,1,1,1,1785503410
2026-07-31T13:10:21Z,643,8,0,11,8,0,1,1,1,1785503414
2026-07-31T13:10:21Z,644,12,0,1,2,0,1,1,1,1785503013
2026-07-31T13:10:21Z,645,11,1,10,1,1,1,1,1,1785503029
2026-07-31T13:10:21Z,646,5,1,14,0,0,1,1,1,1785501890
2026-07-31T13:10:21Z,647,21,2,10,0,0,1,1,1,1785503214
2026-07-31T13:10:21Z,648,5,0,13,1,0,1,1,1,1785500139
2026-07-31T13:10:21Z,649,20,1,10,1,0,1,1,1,1785503180
2026-07-31T13:10:21Z,650,5,1,9,0,0,1,1,1,1785488201
2026-07-31T13:10:21Z,651,5,5,18,0,0,1,1,1,1785502725
2026-07-31T13:10:21Z,652,1,0,20,2,0,1,1,1,1785503102
2026-07-31T13:10:21Z,653,8,1,11,0,0,1,1,1,1785502982
2026-07-31T13:10:21Z,654,3,1,12,0,0,1,1,1,1785502515
2026-07-31T13:10:21Z,655,7,3,1,4,1,1,1,1,1785503395
2026-07-31T13:10:21Z,656,13,4,6,0,0,1,1,1,1785503121
2026-07-31T13:10:21Z,657,9,2,5,2,1,1,1,1,1785503393
2026-07-31T13:10:21Z,658,9,1,1,0,0,1,1,1,1785473427
2026-07-31T13:10:21Z,659,7,3,7,1,0,1,1,1,1785503237
2026-07-31T13:10:21Z,660,13,2,14,4,0,1,1,1,1785503343
2026-07-31T13:10:21Z,661,7,5,11,1,0,1,1,1,1785503382
2026-07-31T13:10:21Z,662,3,2,17,3,0,1,1,1,1785501656
2026-07-31T13:10:21Z,663,6,4,8,1,0,1,1,1,1785503231
2026-07-31T13:10:21Z,664,7,2,20,0,0,1,1,1,1785503162
2026-07-31T13:10:21Z,665,13,4,2,0,0,1,1,1,1785500164
2026-07-31T13:10:21Z,666,8,2,5,2,0,1,1,1,1785495733
2026-07-31T13:10:21Z,667,0,0,19,0,0,1,1,1,1785503138
2026-07-31T13:10:21Z,668,5,1,14,0,0,1,1,1,1785503073
2026-07-31T13:10:21Z,669,14,5,0,0,0,1,1,1,1785503309
2026-07-31T13:10:21Z,670,12,1,15,0,0,1,1,1,1785503069
2026-07-31T13:10:21Z,671,14,4,12,1,0,1,1,1,1785503155
2026-07-31T13:10:21Z,672,10,2,9,3,1,1,1,1,1785502163
2026-07-31T13:10:21Z,673,4,1,18,1,0,1,1,1,1785502453
2026-07-31T13:10:21Z,674,8,2,12,3,0,1,1,1,1785503159
2026-07-31T13:10:21Z,675,10,4,3,2,0,1,1,1,1785503218
2026-07-31T13:10:21Z,676,8,0,13,1,0,1,1,1,1785501642
2026-07-31T13:10:21Z,681,10,3,1,4,0,1,1,1,1785502808
2026-07-31T13:10:21Z,682,4,1,14,1,0,1,1,1,1785486991
2026-07-31T13:10:21Z,683,3,1,16,0,0,1,1,1,1785499114
2026-07-31T13:10:21Z,684,3,0,24,0,0,1,1,1,1785503255
2026-07-31T13:10:21Z,685,8,0,17,1,1,1,1,1,1785498843
2026-07-31T13:10:21Z,686,8,0,16,3,0,1,1,1,1785503410
2026-07-31T13:10:21Z,687,12,0,17,1,1,1,1,1,1785503322
2026-07-31T13:10:21Z,688,10,0,2,7,0,1,1,1,1785503181
2026-07-31T13:10:21Z,692,6,4,15,0,0,1,1,1,1785502903
2026-07-31T13:10:21Z,693,6,0,2,3,0,1,1,1,1785501664
2026-07-31T13:10:21Z,694,9,6,12,0,0,1,1,1,1785503259
2026-07-31T13:10:21Z,695,10,7,13,0,0,1,1,1,1785502127
2026-07-31T13:10:21Z,696,17,12,4,2,0,1,1,1,1785503351
2026-07-31T13:10:21Z,697,10,0,13,0,0,1,1,1,1785503200
2026-07-31T13:10:21Z,698,7,0,20,0,0,1,1,1,1785503262
2026-07-31T13:10:21Z,699,8,0,6,1,0,1,1,1,1785501987
2026-07-31T13:10:21Z,700,18,3,1,0,0,1,1,1,1785502781
2026-07-31T13:10:21Z,701,11,6,8,0,0,1,1,1,1785503384
2026-07-31T13:10:21Z,702,15,3,7,1,0,1,1,1,1785503105
2026-07-31T13:10:21Z,704,5,1,10,0,0,1,1,1,1785503007
2026-07-31T13:10:21Z,705,4,1,9,2,0,1,1,1,1785503366
2026-07-31T13:10:21Z,706,4,0,8,3,0,1,1,1,1785503335
2026-07-31T13:10:21Z,707,9,1,6,0,0,1,1,1,1785502314
2026-07-31T13:10:21Z,708,15,1,4,0,0,1,1,1,1785502369
2026-07-31T13:10:21Z,709,8,0,4,3,0,1,1,1,1785502192
2026-07-31T13:10:21Z,710,14,3,4,1,0,1,1,1,1785501602
2026-07-31T13:10:21Z,711,10,2,9,4,0,1,1,1,1785503411
2026-07-31T13:10:21Z,712,5,5,10,0,0,1,1,1,1785503356
2026-07-31T13:10:21Z,713,6,1,17,0,0,1,1,1,1785502649
2026-07-31T13:10:21Z,716,4,2,11,0,0,1,1,1,1785501877
2026-07-31T13:10:21Z,717,4,3,18,3,0,1,1,1,1785502657
2026-07-31T13:10:21Z,718,7,1,5,3,0,1,1,1,1785502760
2026-07-31T13:10:21Z,719,12,3,17,0,0,1,1,1,1785503388
2026-07-31T13:10:21Z,720,1,0,18,0,0,1,1,1,1785502162
2026-07-31T13:10:21Z,721,0,0,21,2,0,1,1,1,1785502989
2026-07-31T13:10:21Z,722,5,0,10,0,0,1,1,1,1785501923
2026-07-31T13:10:21Z,723,12,1,11,0,0,1,1,1,1785502030
2026-07-31T13:10:21Z,724,7,1,16,0,0,1,1,1,1785503134
2026-07-31T13:10:21Z,725,21,4,1,1,0,1,1,1,1785502711
2026-07-31T13:10:21Z,726,13,2,6,0,0,1,1,1,1785503256
2026-07-31T13:10:21Z,727,8,3,12,3,0,1,1,1,1785502939
2026-07-31T13:10:21Z,728,9,0,5,1,0,1,1,1,1785502466
2026-07-31T13:10:21Z,729,0,0,19,0,0,1,1,1,1785503352
2026-07-31T13:10:21Z,730,3,2,10,2,0,1,1,1,1785503062
2026-07-31T13:10:21Z,731,10,4,4,1,0,1,1,1,1785502471
2026-07-31T13:10:21Z,732,7,5,8,0,0,1,1,1,1785503214
2026-07-31T13:10:21Z,733,3,0,24,0,0,1,1,1,1785503061
2026-07-31T13:10:21Z,734,2,1,11,1,0,1,1,1,1785503151
2026-07-31T13:10:21Z,735,6,3,21,0,0,1,1,1,1785503307
2026-07-31T13:10:21Z,736,8,1,10,1,0,1,1,1,1785502687
2026-07-31T13:10:21Z,737,5,4,9,0,1,1,1,1,1785502618
2026-07-31T13:10:21Z,738,13,4,4,2,0,1,1,1,1785503107
2026-07-31T13:10:21Z,739,20,2,6,1,0,1,1,1,1785502260
2026-07-31T13:10:21Z,741,8,0,15,0,0,1,1,1,1785502669
2026-07-31T13:10:21Z,742,22,2,11,2,0,1,1,1,1785503409
2026-07-31T13:10:21Z,743,10,4,8,1,0,1,1,1,1785502376
2026-07-31T13:10:21Z,744,7,2,7,1,0,1,1,1,1785502877
2026-07-31T13:10:21Z,745,13,4,5,1,0,1,1,1,1785502893
2026-07-31T13:10:21Z,746,4,0,18,1,0,1,1,1,1785503320
2026-07-31T13:10:21Z,747,0,0,4,0,0,0,1,1,1783446606
2026-07-31T13:10:21Z,748,10,1,13,0,0,1,1,1,1785501888
2026-07-31T13:10:21Z,749,1,1,21,1,0,1,1,1,1785502862
2026-07-31T13:10:21Z,750,7,2,4,0,0,1,1,1,1785502146
2026-07-31T13:10:21Z,751,12,0,11,0,0,1,1,1,1785503406
2026-07-31T13:10:21Z,752,15,2,1,1,0,1,1,1,1785503188
2026-07-31T13:10:21Z,753,3,0,12,0,0,1,1,1,1785503004
2026-07-31T13:10:21Z,754,6,2,8,1,0,1,1,1,1785503411
2026-07-31T13:10:21Z,755,12,4,10,1,0,1,1,1,1785502098
2026-07-31T13:10:21Z,756,21,15,15,1,0,1,1,1,1785503323
2026-07-31T13:10:21Z,757,17,6,0,2,0,1,1,1,1785502648
2026-07-31T13:10:21Z,758,6,1,17,0,0,1,1,1,1785503293
2026-07-31T13:10:21Z,759,0,0,0,0,0,1,1,1,86400
2026-07-31T13:10:21Z,760,10,4,9,0,0,1,1,1,1785501932
2026-07-31T13:10:21Z,761,18,1,4,1,0,1,1,1,1785503329
2026-07-31T13:10:21Z,762,5,3,5,5,0,1,1,1,1785502152
2026-07-31T13:10:21Z,768,8,0,8,3,0,1,1,1,1785503102
2026-07-31T13:10:21Z,769,18,12,1,0,0,1,1,1,1785503397
2026-07-31T13:10:21Z,770,10,3,7,2,0,1,1,1,1785503378
2026-07-31T13:10:21Z,771,11,1,3,1,0,1,1,1,1785502570
2026-07-31T13:10:21Z,772,9,1,6,0,0,1,1,1,1785503385
2026-07-31T13:10:21Z,773,15,4,4,0,0,1,1,1,1785502578
2026-07-31T13:10:21Z,774,8,5,4,3,0,1,1,1,1785502498
2026-07-31T13:10:21Z,775,7,0,10,1,1,1,1,1,1785494713
2026-07-31T13:10:21Z,776,3,1,17,1,0,1,1,1,1785502919
2026-07-31T13:10:21Z,777,9,0,3,3,0,1,1,1,1785502804
2026-07-31T13:10:21Z,778,14,0,2,3,0,1,1,1,1785502748
2026-07-31T13:10:21Z,779,8,1,10,1,0,1,1,1,1785501701
2026-07-31T13:10:21Z,780,17,2,1,1,0,1,1,1,1785503208
2026-07-31T13:10:21Z,781,2,0,7,2,0,1,1,1,1785503386
2026-07-31T13:10:21Z,782,6,3,9,4,0,1,1,1,1785502393
2026-07-31T13:10:21Z,783,7,0,12,0,0,1,1,1,1785503189
2026-07-31T13:10:21Z,784,19,1,0,0,0,1,1,1,1785503080
2026-07-31T13:10:21Z,785,10,2,3,6,0,1,1,1,1785501833
2026-07-31T13:10:21Z,786,12,5,7,0,0,1,1,1,1785503307
2026-07-31T13:10:21Z,787,10,5,3,2,0,1,1,1,1785503234
2026-07-31T13:10:21Z,788,3,0,12,0,0,1,1,1,1785502146
2026-07-31T13:10:21Z,789,10,2,1,4,0,1,1,1,1785502477
2026-07-31T13:10:21Z,790,1,0,21,1,0,1,1,1,1785502800
2026-07-31T13:10:21Z,791,7,0,11,0,1,1,1,1,1785503402
2026-07-31T13:10:21Z,793,4,0,10,1,0,1,1,1,1785502502
2026-07-31T13:10:21Z,794,19,11,8,2,0,1,1,1,1785503018
2026-07-31T13:10:21Z,796,4,4,14,1,0,1,1,1,1785503068
2026-07-31T13:10:21Z,797,1,0,14,0,0,1,1,1,1785499482
2026-07-31T13:10:21Z,798,10,2,14,1,0,1,1,1,1785503199
2026-07-31T13:10:21Z,799,14,1,1,4,0,1,1,1,1785503129
2026-07-31T13:10:21Z,800,7,1,13,1,0,1,1,1,1785502322
2026-07-31T13:10:21Z,801,18,3,2,1,0,1,1,1,1785502962
2026-07-31T13:10:21Z,802,8,0,23,0,0,1,1,1,1785502483
2026-07-31T13:10:21Z,803,1,1,14,0,0,1,1,1,1785502110
2026-07-31T13:10:21Z,806,3,2,12,0,0,1,1,1,1785502880
2026-07-31T13:10:21Z,807,12,0,11,2,0,1,1,1,1785502749
2026-07-31T13:10:21Z,808,5,1,18,2,0,1,1,1,1785503122
2026-07-31T13:10:21Z,809,4,0,18,1,0,1,1,1,1785502307
2026-07-31T13:10:21Z,810,2,0,13,4,0,1,1,1,1785502739
2026-07-31T13:10:21Z,815,2,1,8,4,1,1,1,1,1785503319
2026-07-31T13:10:21Z,817,10,4,5,0,0,1,1,1,1785501632
2026-07-31T13:10:21Z,818,6,0,17,0,0,1,1,1,1785502895
2026-07-31T13:10:21Z,819,6,4,9,0,0,1,1,1,1785487291
2026-07-31T13:10:21Z,820,9,2,8,0,0,1,1,1,1785503352
2026-07-31T13:10:21Z,821,3,1,12,0,0,1,1,1,1785502465
2026-07-31T13:10:21Z,822,10,0,11,2,0,1,1,1,1785503271
2026-07-31T13:10:21Z,823,0,0,15,0,0,1,1,1,1785502544
2026-07-31T13:10:21Z,824,13,4,6,0,0,1,1,1,1785503305
2026-07-31T13:10:21Z,825,7,4,8,0,0,1,1,1,1785503061
2026-07-31T13:10:21Z,826,17,3,0,2,0,1,1,1,1785503266
2026-07-31T13:10:21Z,827,16,4,4,1,0,1,1,1,1785502781
2026-07-31T13:10:21Z,828,12,0,4,2,0,1,1,1,1785502654
2026-07-31T13:10:21Z,829,14,5,13,0,0,1,1,1,1785501708
2026-07-31T13:10:21Z,830,16,2,6,1,0,1,1,1,1785502753
2026-07-31T13:10:21Z,831,8,3,6,1,0,1,1,1,1785502939
2026-07-31T13:10:21Z,832,9,2,6,3,0,1,1,1,1785502554
2026-07-31T13:10:21Z,833,0,0,18,1,0,1,1,1,1785501767
2026-07-31T13:10:21Z,834,9,1,14,1,0,1,1,1,1785503395
2026-07-31T13:10:21Z,835,3,1,13,2,0,1,1,1,1785503315
2026-07-31T13:10:21Z,837,5,1,0,10,0,1,1,1,1785501991
2026-07-31T13:10:21Z,838,13,4,2,0,0,1,1,1,1785503368
2026-07-31T13:10:21Z,839,16,0,13,0,0,1,1,1,1785503281
2026-07-31T13:10:21Z,840,7,4,21,1,0,1,1,1,1785503151
2026-07-31T13:10:21Z,841,5,0,10,0,0,1,1,1,1785501896
2026-07-31T13:10:21Z,842,6,1,17,0,0,1,1,1,1785501727
2026-07-31T13:10:21Z,843,8,0,22,1,0,1,1,1,1785502006
2026-07-31T13:10:21Z,844,6,0,17,0,0,1,1,1,1785501938
2026-07-31T13:10:21Z,845,5,3,12,2,0,1,1,1,1785502101
2026-07-31T13:10:21Z,846,4,0,14,1,0,1,1,1,1785503051
2026-07-31T13:10:21Z,847,7,1,19,1,0,1,1,1,1785502894
2026-07-31T13:10:21Z,848,8,3,10,1,0,1,1,1,1785498928
2026-07-31T13:10:21Z,849,6,1,8,1,0,1,1,1,1785502885
2026-07-31T13:10:21Z,850,8,0,1,2,0,1,1,1,1785503412
2026-07-31T13:10:21Z,851,10,6,25,2,0,1,1,1,1785503049
2026-07-31T13:10:21Z,852,11,6,8,0,0,1,1,1,1785503067
2026-07-31T13:10:21Z,853,10,5,13,0,0,1,1,1,1785502704
2026-07-31T13:10:21Z,854,3,2,12,0,0,1,1,1,1785502746
2026-07-31T13:10:21Z,855,25,0,2,0,0,1,1,1,1785502889
2026-07-31T13:10:21Z,857,4,3,14,1,0,1,1,1,1785502689
2026-07-31T13:10:21Z,858,3,1,15,1,0,1,1,1,1785502479
2026-07-31T13:10:21Z,859,5,0,15,1,0,1,1,1,1785502692
2026-07-31T13:10:21Z,861,8,1,2,1,0,1,1,1,1785488201
2026-07-31T13:10:21Z,862,2,2,13,0,0,1,1,1,1785501927
2026-07-31T13:10:21Z,863,13,0,5,1,0,1,1,1,1785502286
2026-07-31T13:10:21Z,866,11,3,8,0,0,1,1,1,1785502252
2026-07-31T13:10:21Z,867,13,1,2,0,0,1,1,1,1785503351
2026-07-31T13:10:21Z,868,12,2,3,0,0,1,1,1,1785501760
2026-07-31T13:10:21Z,870,7,4,6,2,0,1,1,1,1785501981
2026-07-31T13:10:21Z,871,0,0,10,1,0,1,1,1,1785503157
2026-07-31T13:10:21Z,872,0,0,14,1,0,1,1,1,1785501897
2026-07-31T13:10:21Z,873,25,6,7,1,0,1,1,1,1785503361
2026-07-31T13:10:21Z,874,1,0,11,3,0,1,1,1,1785502048
2026-07-31T13:10:21Z,875,14,10,0,1,0,1,1,1,1785503362
2026-07-31T13:10:21Z,877,12,10,5,2,0,1,1,1,1785503342
2026-07-31T13:10:21Z,878,4,3,14,1,0,1,1,1,1785502104
2026-07-31T13:10:21Z,879,3,1,16,0,0,1,1,1,1785502965
2026-07-31T13:10:21Z,880,1,0,21,1,0,1,1,1,1785502974
2026-07-31T13:10:21Z,881,1,1,18,0,0,1,1,1,1785501960
2026-07-31T13:10:21Z,882,10,0,6,3,0,1,1,1,1785488200
2026-07-31T13:10:21Z,883,10,5,9,0,0,1,1,1,1785503385
2026-07-31T13:10:21Z,884,9,5,12,0,0,1,1,1,1785503342
2026-07-31T13:10:21Z,885,1,0,18,0,0,1,1,1,1785501793
2026-07-31T13:10:21Z,886,25,3,3,1,0,1,1,1,1785503230
2026-07-31T13:10:21Z,887,4,1,10,3,0,1,1,1,1785502494
2026-07-31T13:10:21Z,888,29,6,10,1,1,1,1,1,1785503378
2026-07-31T13:10:21Z,889,13,0,4,2,0,1,1,1,1785503125
2026-07-31T13:10:21Z,890,6,4,9,0,0,1,1,1,1785489632
2026-07-31T13:10:21Z,891,20,0,3,0,0,1,1,1,1785503121
2026-07-31T13:10:21Z,892,13,1,2,0,0,1,1,1,1785488200
2026-07-31T13:10:21Z,895,0,0,19,0,0,1,1,1,1785501047
2026-07-31T13:10:21Z,896,9,1,26,0,0,1,1,1,1785500364
2026-07-31T13:10:21Z,897,11,1,10,0,0,1,1,1,1785501998
2026-07-31T13:10:21Z,898,4,1,15,0,0,1,1,1,1785502894
2026-07-31T13:10:21Z,899,1,0,17,1,0,1,1,1,1785503154
2026-07-31T13:10:21Z,900,10,0,15,2,0,1,1,1,1785503389
2026-07-31T13:10:21Z,901,1,0,17,1,0,1,1,1,1785503202
2026-07-31T13:10:21Z,902,7,0,7,1,0,1,1,1,1785501640
2026-07-31T13:10:21Z,903,12,2,6,1,0,1,1,1,1785503080
2026-07-31T13:10:21Z,904,9,4,9,1,0,1,1,1,1785502105
2026-07-31T13:10:21Z,905,9,0,15,3,0,1,1,1,1785503252
2026-07-31T13:10:21Z,906,0,0,27,0,0,1,1,1,1785502989
2026-07-31T13:10:21Z,907,0,0,30,1,0,1,1,1,1785502329
2026-07-31T13:10:21Z,908,7,0,16,0,0,1,1,1,1785502099
2026-07-31T13:10:21Z,909,4,2,18,1,0,1,1,1,1785503397
2026-07-31T13:10:21Z,910,0,0,31,0,0,1,1,1,1785502788
2026-07-31T13:10:21Z,911,4,1,15,0,0,1,1,1,1785501647
2026-07-31T13:10:21Z,912,2,1,19,2,0,1,1,1,1785502634
2026-07-31T13:10:21Z,913,5,2,14,0,0,1,1,1,1785502746
2026-07-31T13:10:21Z,914,9,0,10,0,0,1,1,1,1785503047
2026-07-31T13:10:21Z,915,9,0,13,1,0,1,1,1,1785502852
2026-07-31T13:10:21Z,916,22,8,1,0,0,1,1,1,1785503041
2026-07-31T13:10:21Z,917,26,4,7,2,0,1,1,1,1785503372
2026-07-31T13:10:21Z,918,1,0,16,2,0,1,1,1,1785502798
2026-07-31T13:10:21Z,919,4,0,34,1,0,1,1,1,1785503408
2026-07-31T13:10:21Z,920,4,1,14,1,0,1,1,1,1785503249
2026-07-31T13:10:21Z,921,12,0,9,0,0,1,1,1,1785501786
2026-07-31T13:10:21Z,922,2,0,19,0,0,1,1,1,1785502602
2026-07-31T13:10:21Z,923,11,3,8,0,0,1,1,1,1785503273
2026-07-31T13:10:21Z,924,9,2,12,0,0,1,1,1,1785502799
2026-07-31T13:10:21Z,925,13,0,8,0,0,1,1,1,1785502271
2026-07-31T13:10:21Z,926,2,1,19,0,0,1,1,1,1785502397
2026-07-31T13:10:21Z,927,18,2,17,0,0,1,1,1,1785503239
2026-07-31T13:10:21Z,928,0,0,19,0,0,0,1,1,1785500252
2026-07-31T13:10:21Z,929,18,3,5,0,0,1,1,1,1785503403
2026-07-31T13:10:21Z,930,1,0,29,1,0,1,1,1,1785502234
2026-07-31T13:10:21Z,931,11,11,11,1,0,1,1,1,1785502558
2026-07-31T13:10:21Z,932,1,0,15,3,0,1,1,1,1785503363
2026-07-31T13:10:21Z,933,0,0,23,0,0,1,1,1,1785502389
2026-07-31T13:10:21Z,934,6,0,24,1,0,1,1,1,1785503410
2026-07-31T13:10:21Z,935,2,0,16,1,0,1,1,1,1785502953
2026-07-31T13:10:21Z,936,11,1,8,0,0,1,1,1,1785503221
2026-07-31T13:10:21Z,940,11,0,0,0,0,1,1,1,1785502846
2026-07-31T13:10:21Z,941,7,0,16,2,0,1,1,1,1785502935
2026-07-31T13:10:21Z,942,3,1,17,1,0,1,1,1,1785503176
2026-07-31T13:10:21Z,943,9,8,6,0,0,1,1,1,1785502000
2026-07-31T13:10:21Z,944,9,8,6,0,0,1,1,1,1785501825
2026-07-31T13:10:21Z,945,10,8,5,0,0,1,1,1,1785503155
2026-07-31T13:10:21Z,946,7,5,12,0,0,1,1,1,1785487593
2026-07-31T13:10:21Z,947,7,5,10,0,0,1,1,1,1785501838
2026-07-31T13:10:21Z,948,21,8,5,5,0,1,1,1,1785503266
2026-07-31T13:10:21Z,949,11,5,4,0,0,1,1,1,1785503171
2026-07-31T13:10:21Z,950,8,6,8,1,0,1,1,1,1785502880
2026-07-31T13:10:21Z,951,22,4,0,1,0,1,1,1,1785502538
2026-07-31T13:10:21Z,952,29,7,26,0,0,1,1,1,1785503369
2026-07-31T13:10:21Z,953,5,0,9,1,0,1,1,1,1785502922
2026-07-31T13:10:21Z,954,13,4,6,0,0,1,1,1,1785502485
2026-07-31T13:10:21Z,955,4,3,17,6,0,1,1,1,1785502890
2026-07-31T13:10:21Z,956,3,3,18,2,0,1,1,1,1785503330
2026-07-31T13:10:21Z,957,4,0,25,0,0,1,1,1,1785503357
2026-07-31T13:10:21Z,958,4,1,27,0,0,1,1,1,1785503174
2026-07-31T13:10:21Z,959,18,9,3,2,0,1,1,1,1785502282
2026-07-31T13:10:21Z,960,16,0,6,1,0,1,1,1,1785502963
2026-07-31T13:10:21Z,961,0,0,20,3,0,1,1,1,1785502572
2026-07-31T13:10:21Z,962,12,3,20,3,0,1,1,1,1785502875
2026-07-31T13:10:21Z,963,3,0,19,1,0,1,1,1,1785503412
2026-07-31T13:10:21Z,964,7,5,15,1,0,1,1,1,1785502918
2026-07-31T13:10:21Z,965,10,4,16,1,0,1,1,1,1785502889
2026-07-31T13:10:21Z,966,17,0,14,0,0,1,1,1,1785503347
2026-07-31T13:10:21Z,967,17,0,2,2,0,1,1,1,1785502996
2026-07-31T13:10:21Z,968,9,0,9,1,0,1,1,1,1785502347
2026-07-31T13:10:21Z,969,9,8,16,2,0,1,1,1,1785501989
2026-07-31T13:10:21Z,970,10,0,7,2,0,1,1,1,1785502878
2026-07-31T13:10:21Z,971,7,0,15,1,0,1,1,1,1785503357
2026-07-31T13:10:21Z,972,9,1,13,1,0,1,1,1,1785501826
2026-07-31T13:10:21Z,973,5,3,17,1,0,1,1,1,1785503163
2026-07-31T13:10:21Z,974,8,1,19,0,0,1,1,1,1785503399
2026-07-31T13:10:21Z,977,9,2,10,2,0,1,1,1,1785503112
2026-07-31T13:10:21Z,978,17,1,6,0,0,1,1,1,1785502958
2026-07-31T13:10:21Z,979,9,0,8,0,0,1,1,1,1785503200
2026-07-31T13:10:21Z,980,14,0,5,2,0,1,1,1,1785503239
2026-07-31T13:10:21Z,981,16,1,4,1,0,1,1,1,1785503404
2026-07-31T13:10:21Z,982,4,2,14,1,0,1,1,1,1785501879
2026-07-31T13:10:21Z,983,4,2,18,1,0,1,1,1,1785503141
2026-07-31T13:10:21Z,984,6,0,17,0,0,1,1,1,1785503349
2026-07-31T13:10:21Z,985,10,2,21,0,0,1,1,1,1785503386
2026-07-31T13:10:21Z,986,3,0,15,1,0,1,1,1,1785503113
2026-07-31T13:10:21Z,987,7,1,16,0,0,1,1,1,1785502428
2026-07-31T13:10:21Z,988,5,1,13,1,0,1,1,1,1785502037
2026-07-31T13:10:21Z,989,10,4,9,0,0,1,1,1,1785502839
2026-07-31T13:10:21Z,990,13,2,1,1,0,1,1,1,1785502314
2026-07-31T13:10:21Z,991,11,2,8,0,0,1,1,1,1785503323
2026-07-31T13:10:21Z,992,9,6,13,1,0,1,1,1,1785502633
2026-07-31T13:10:21Z,993,2,1,23,2,0,1,1,1,1785503328
2026-07-31T13:10:21Z,994,2,1,19,0,0,1,1,1,1785502853
2026-07-31T13:10:21Z,995,6,0,21,0,0,1,1,1,1785502072
2026-07-31T13:10:21Z,996,8,1,15,0,0,1,1,1,1785501869
2026-07-31T13:10:21Z,997,13,7,9,1,0,1,1,1,1785502998
2026-07-31T13:10:21Z,998,3,3,19,1,0,1,1,1,1785502181
2026-07-31T13:10:21Z,999,2,0,16,2,1,1,1,1,1785501939
2026-07-31T13:10:21Z,1000,5,2,16,0,0,1,1,1,1785502744
2026-07-31T13:10:21Z,1001,2,1,25,0,0,1,1,1,1785502213
2026-07-31T13:10:21Z,1002,2,2,27,2,0,1,1,1,1785502228
2026-07-31T13:10:21Z,1003,0,0,22,1,0,1,1,1,1785501826
2026-07-31T13:10:21Z,1004,7,0,16,0,0,1,1,1,1785503088
2026-07-31T13:10:21Z,1005,20,1,3,0,0,1,1,1,1785502015
2026-07-31T13:10:21Z,1006,8,5,11,0,0,1,1,1,1785502338
2026-07-31T13:10:21Z,1007,1,0,20,0,0,1,1,1,1785503295
2026-07-31T13:10:21Z,1008,6,5,15,2,0,1,1,1,1785502809
2026-07-31T13:10:21Z,1009,19,2,8,4,0,1,1,1,1785502672
2026-07-31T13:10:21Z,1010,8,2,19,0,0,1,1,1,1785501698
2026-07-31T13:10:21Z,1011,7,2,10,2,0,1,1,1,1785502218
2026-07-31T13:10:21Z,1012,4,3,18,1,0,1,1,1,1785501783
2026-07-31T13:10:21Z,1013,2,1,20,1,0,1,1,1,1785502370
2026-07-31T13:10:21Z,1014,7,2,13,3,0,1,1,1,1785502303
2026-07-31T13:10:21Z,1015,3,1,25,3,0,1,1,1,1785502601
2026-07-31T13:10:21Z,1016,10,5,21,0,0,1,1,1,1785501672
2026-07-31T13:10:21Z,1017,14,5,7,0,0,1,1,1,1785503002
2026-07-31T13:10:21Z,1018,8,3,14,0,0,1,1,1,1785503206
2026-07-31T13:10:21Z,1019,8,5,7,0,0,1,1,1,1785501780
2026-07-31T13:10:21Z,1020,18,3,3,0,0,1,1,1,1785502869
2026-07-31T13:10:21Z,1021,9,3,5,1,0,1,1,1,1785502580
2026-07-31T13:10:21Z,1022,14,0,13,0,0,1,1,1,1785501973
2026-07-31T13:10:21Z,1023,13,1,9,1,0,1,1,1,1785501608
2026-07-31T13:10:21Z,1024,5,2,13,1,0,1,1,1,1785502593
2026-07-31T13:10:21Z,1025,4,0,14,0,1,1,1,1,1785501943
2026-07-31T13:10:21Z,1026,7,4,18,6,0,1,1,1,1785502955
2026-07-31T13:10:21Z,1028,3,1,20,0,0,1,1,1,1785501960
2026-07-31T13:10:21Z,1029,11,10,4,0,0,1,1,1,1785502880
2026-07-31T13:10:21Z,1030,13,4,10,0,0,1,1,1,1785503012
2026-07-31T13:10:21Z,1031,8,0,11,0,0,1,1,1,1785502995
2026-07-31T13:10:21Z,1032,7,1,12,0,0,1,1,1,1785501846
2026-07-31T13:10:21Z,1033,10,6,9,0,0,1,1,1,1785503177
2026-07-31T13:10:21Z,1034,3,0,12,0,0,1,1,1,1785501850
2026-07-31T13:10:21Z,1035,2,1,15,2,0,1,1,1,1785503232
2026-07-31T13:10:21Z,1036,14,0,1,0,0,1,1,1,1785502431
2026-07-31T13:10:21Z,1037,5,0,13,1,0,1,1,1,1785502218
2026-07-31T13:10:21Z,1038,3,1,12,0,0,1,1,1,1785503362
2026-07-31T13:10:21Z,1039,7,2,12,0,0,1,1,1,1785502000
2026-07-31T13:10:21Z,1040,6,3,11,2,0,1,1,1,1785501886
2026-07-31T13:10:21Z,1041,9,3,9,1,0,1,1,1,1785502597
2026-07-31T13:10:21Z,1042,13,2,1,1,0,1,1,1,1785502294
2026-07-31T13:10:21Z,1043,10,0,5,4,0,1,1,1,1785501921
2026-07-31T13:10:21Z,1044,2,1,13,0,0,1,1,1,1785503415
2026-07-31T13:10:21Z,1045,10,0,9,0,0,1,1,1,1785501833
2026-07-31T13:10:21Z,1046,7,0,8,0,0,1,1,1,1785503040
2026-07-31T13:10:21Z,1047,5,0,16,0,0,1,1,1,1785502604
2026-07-31T13:10:21Z,1048,8,0,11,0,0,1,1,1,1785501932
2026-07-31T13:10:21Z,1049,5,0,16,0,0,1,1,1,1785501887
2026-07-31T13:10:21Z,1050,17,4,4,0,0,1,1,1,1785502995
2026-07-31T13:10:21Z,1051,8,3,13,0,0,1,1,1,1785502869
2026-07-31T13:10:21Z,1052,17,2,5,0,0,1,1,1,1785501680
2026-07-31T13:10:21Z,1053,2,1,13,0,0,1,1,1,1785501731
2026-07-31T13:10:21Z,1054,14,1,1,0,0,1,1,1,1785501988
2026-07-31T13:10:21Z,1055,7,1,12,0,0,1,1,1,1785501978
2026-07-31T13:10:21Z,1057,9,0,9,1,0,1,1,1,1785503414
2026-07-31T13:10:21Z,1058,6,0,48,2,0,1,1,1,1785502048
2026-07-31T13:10:21Z,1059,1,0,17,1,0,1,1,1,1785501858
2026-07-31T13:10:21Z,1060,29,1,8,0,0,1,1,1,1785503340
2026-07-31T13:10:21Z,1061,33,0,4,0,0,1,1,1,1785502906
2026-07-31T13:10:21Z,1062,9,1,8,0,0,1,1,1,1785503057
2026-07-31T13:10:21Z,1063,12,1,6,1,0,1,1,1,1785501888
2026-07-31T13:10:21Z,1064,3,0,19,1,0,1,1,1,1785502230
2026-07-31T13:10:21Z,1065,16,3,7,0,0,1,1,1,1785502474
2026-07-31T13:10:21Z,1066,10,2,13,0,0,1,1,1,1785502295
2026-07-31T13:10:21Z,1067,8,2,13,2,0,1,1,1,1785502565
2026-07-31T13:10:21Z,1068,8,2,13,2,0,1,1,1,1785502066
2026-07-31T13:10:21Z,1069,12,3,11,0,0,1,1,1,1785502106
2026-07-31T13:10:21Z,1070,12,2,11,0,0,1,1,1,1785502203
2026-07-31T13:10:21Z,1071,7,4,16,0,0,1,1,1,1785502242
2026-07-31T13:10:21Z,1072,11,1,11,1,0,1,1,1,1785502650
2026-07-31T13:10:21Z,1073,18,2,8,1,0,1,1,1,1785503370
2026-07-31T13:10:21Z,1074,7,2,45,1,0,1,1,1,1785502621
2026-07-31T13:10:21Z,1075,9,9,12,0,0,1,1,1,1785503213
2026-07-31T13:10:21Z,1076,15,12,6,0,0,1,1,1,1785502867
2026-07-31T13:10:21Z,1077,8,4,13,0,0,1,1,1,1785501831
2026-07-31T13:10:21Z,1078,11,10,10,0,0,1,1,1,1785502910
2026-07-31T13:10:21Z,1079,11,8,10,0,0,1,1,1,1785501717
2026-07-31T13:10:21Z,1080,10,8,10,1,0,1,1,1,1785502318
2026-07-31T13:10:21Z,1081,13,8,6,0,0,1,1,1,1785502693
2026-07-31T13:10:21Z,1082,7,7,1,0,0,1,1,1,1785502148
2026-07-31T13:10:21Z,1083,13,11,8,0,0,1,1,1,1785501987
2026-07-31T13:10:21Z,1084,9,8,12,0,0,1,1,1,1785501603
2026-07-31T13:10:21Z,1085,13,11,8,0,0,1,1,1,1785503083
2026-07-31T13:10:21Z,1086,5,1,15,1,0,1,1,1,1785502476
2026-07-31T13:10:21Z,1087,8,6,7,0,0,1,1,1,1785502946
2026-07-31T13:10:21Z,1088,9,7,6,0,0,1,1,1,1785501893
2026-07-31T13:10:21Z,1089,7,5,8,0,0,1,1,1,1785503097
2026-07-31T13:10:21Z,1090,9,8,6,0,0,1,1,1,1785502775
2026-07-31T13:10:21Z,1091,11,6,4,0,0,1,1,1,1785502685
2026-07-31T13:10:21Z,1092,10,9,5,0,0,1,1,1,1785502296
2026-07-31T13:10:21Z,1093,6,5,9,0,0,1,1,1,1785502594
2026-07-31T13:10:21Z,1094,11,9,7,1,0,1,1,1,1785502478
2026-07-31T13:10:21Z,1095,8,7,7,0,0,1,1,1,1785502526
2026-07-31T13:10:21Z,1096,5,3,13,1,0,1,1,1,1785502209
2026-07-31T13:10:21Z,1097,9,9,6,0,0,1,1,1,1785502418
2026-07-31T13:10:21Z,1098,9,7,10,0,0,1,1,1,1785502769
2026-07-31T13:10:21Z,1099,7,6,8,0,0,1,1,1,1785501677
2026-07-31T13:10:21Z,1100,8,4,21,0,0,1,1,1,1785493678
2026-07-31T13:10:21Z,1101,10,5,11,0,0,1,1,1,1785503396
2026-07-31T13:10:21Z,1102,9,4,4,0,0,1,1,1,1785502659
2026-07-31T13:10:21Z,1103,10,5,11,0,0,1,1,1,1785487895
2026-07-31T13:10:21Z,1104,10,5,11,0,0,1,1,1,1785503152
2026-07-31T13:10:21Z,1105,8,4,5,0,0,1,1,1,1785502546
2026-07-31T13:10:21Z,1106,10,5,11,0,0,1,1,1,1785501677
2026-07-31T13:10:21Z,1107,9,5,6,0,0,1,1,1,1785503213
2026-07-31T13:10:21Z,1108,8,4,16,2,1,1,1,1,1785502476
2026-07-31T13:10:21Z,1109,9,4,6,0,0,1,1,1,1785501907
2026-07-31T13:10:21Z,1110,12,4,9,0,0,1,1,1,1785503019
2026-07-31T13:10:21Z,1111,3,2,18,0,0,1,1,1,1785475740
2026-07-31T13:10:21Z,1112,40,0,13,0,0,1,1,1,1785503403
2026-07-31T13:10:21Z,1113,4,0,17,0,0,1,1,1,1785502964
2026-07-31T13:10:21Z,1115,15,4,4,4,0,1,1,1,1785502378
2026-07-31T13:10:21Z,1116,5,1,14,0,0,1,1,1,1785501864
2026-07-31T13:10:21Z,1117,13,5,9,1,0,1,1,1,1785503159
2026-07-31T13:10:21Z,1118,15,0,5,1,0,1,1,1,1785503021
2026-07-31T13:10:21Z,1119,12,0,5,0,0,1,1,1,1785502878
2026-07-31T13:10:21Z,1120,12,0,6,1,0,1,1,1,1785502095
2026-07-31T13:10:21Z,1121,7,2,12,2,0,1,1,1,1785503363
2026-07-31T13:10:21Z,1122,10,8,8,3,0,1,1,1,1785503092
2026-07-31T13:10:21Z,1123,9,6,12,2,0,1,1,1,1785503321
2026-07-31T13:10:21Z,1124,7,2,4,4,0,1,1,1,1785502887
2026-07-31T13:10:21Z,1125,16,2,7,0,0,1,1,1,1785503241
2026-07-31T13:10:21Z,1126,3,1,17,1,0,1,1,1,1785503181
2026-07-31T13:10:21Z,1127,7,0,11,1,0,1,1,1,1785502385
2026-07-31T13:10:21Z,1128,14,2,0,1,0,1,1,1,1785501860
2026-07-31T13:10:21Z,1129,1,1,19,1,0,1,1,1,1785503405
2026-07-31T13:10:21Z,1130,12,0,3,0,0,1,1,1,1785503003
2026-07-31T13:10:21Z,1131,14,1,33,2,0,1,1,1,1785503340
2026-07-31T13:10:21Z,1132,11,5,10,0,0,1,1,1,1785503287
2026-07-31T13:10:21Z,1133,12,8,8,1,0,1,1,1,1785502785
2026-07-31T13:10:21Z,1134,10,5,9,0,0,1,1,1,1785502373
2026-07-31T13:10:21Z,1135,11,6,10,0,0,1,1,1,1785503291
2026-07-31T13:10:21Z,1136,9,0,14,0,0,1,1,1,1785502448
2026-07-31T13:10:21Z,1137,14,0,1,0,0,1,1,1,1785501776
2026-07-31T13:10:21Z,1138,14,0,5,0,0,1,1,1,1785501825
2026-07-31T13:10:21Z,1139,13,3,6,2,0,1,1,1,1785503091
2026-07-31T13:10:21Z,1140,15,0,7,1,0,1,1,1,1785503178
2026-07-31T13:10:21Z,1141,6,1,15,0,0,1,1,1,1785503176
2026-07-31T13:10:21Z,1142,1,0,20,0,0,1,1,1,1785502502
2026-07-31T13:10:21Z,1143,3,0,26,0,0,1,1,1,1785503346
2026-07-31T13:10:21Z,1144,7,1,13,1,0,1,1,1,1785502100
2026-07-31T13:10:21Z,1145,10,5,10,1,0,1,1,1,1785502253
2026-07-31T13:10:21Z,1146,2,1,15,2,0,1,1,1,1785503215
2026-07-31T13:10:21Z,1147,6,1,13,0,0,1,1,1,1785501789
2026-07-31T13:10:21Z,1148,2,1,29,0,0,1,1,1,1785502913
2026-07-31T13:10:21Z,1149,20,2,4,1,0,1,1,1,1785503362
2026-07-31T13:10:21Z,1150,17,1,2,0,0,1,1,1,1785502804
2026-07-31T13:10:21Z,1151,15,0,6,0,0,1,1,1,1785502515
2026-07-31T13:10:21Z,1152,23,1,6,0,0,1,1,1,1785503116
2026-07-31T13:10:21Z,1153,19,6,3,1,0,1,1,1,1785502408
2026-07-31T13:10:21Z,1154,16,1,3,0,0,1,1,1,1785503103
2026-07-31T13:10:21Z,1155,14,7,5,2,0,1,1,1,1785503051
2026-07-31T13:10:21Z,1158,3,0,15,1,0,1,1,1,1785501753
2026-07-31T13:10:21Z,1159,13,1,6,0,0,1,1,1,1785502110
2026-07-31T13:10:21Z,1160,8,1,10,1,0,1,1,1,1785503071
2026-07-31T13:10:21Z,1161,4,0,14,1,0,1,1,1,1785502247
2026-07-31T13:10:21Z,1162,0,0,19,0,0,1,1,1,1785502495
2026-07-31T13:10:21Z,1163,1,1,17,1,0,1,1,1,1785501871
2026-07-31T13:10:21Z,1164,6,1,13,0,0,1,1,1,1785501928
2026-07-31T13:10:21Z,1165,5,0,16,0,0,1,1,1,1785502666
2026-07-31T13:10:21Z,1166,12,2,8,1,0,1,1,1,1785502183
2026-07-31T13:10:21Z,1167,4,0,11,0,0,1,1,1,1785501628
2026-07-31T13:10:21Z,1168,1,1,21,1,0,1,1,1,1785502135
2026-07-31T13:10:21Z,1169,3,0,15,1,0,1,1,1,1785501775
2026-07-31T13:10:21Z,1170,6,0,14,1,0,1,1,1,1785502154
2026-07-31T13:10:21Z,1171,8,7,15,0,0,1,1,1,1785501833
2026-07-31T13:10:21Z,1172,5,2,8,2,0,1,1,1,1785502066
2026-07-31T13:10:21Z,1173,13,5,6,0,0,1,1,1,1785502027
2026-07-31T13:10:21Z,1174,6,3,9,0,0,1,1,1,1785501697
2026-07-31T13:10:21Z,1175,5,3,14,0,0,1,1,1,1785501948
2026-07-31T13:10:21Z,1176,19,1,2,0,0,1,1,1,1785503052
2026-07-31T13:10:21Z,1177,3,1,18,0,0,1,1,1,1785502981
2026-07-31T13:10:21Z,1178,3,0,12,0,0,1,1,1,1785502496
2026-07-31T13:10:21Z,1181,8,0,6,1,0,1,1,1,1785501905
2026-07-31T13:10:21Z,1182,11,1,9,0,0,1,1,1,1785503188
2026-07-31T13:10:21Z,1183,23,5,19,3,0,1,1,1,1785503246
2026-07-31T13:10:21Z,1184,2,2,17,2,0,1,1,1,1785503276
2026-07-31T13:10:21Z,1185,9,5,12,0,0,1,1,1,1785503108
2026-07-31T13:10:21Z,1186,9,5,10,0,0,1,1,1,1785502297
2026-07-31T13:10:21Z,1187,10,5,10,1,0,1,1,1,1785502619
2026-07-31T13:10:21Z,1188,10,5,5,0,0,1,1,1,1785501959
2026-07-31T13:10:21Z,1189,10,5,9,0,0,1,1,1,1785502059
2026-07-31T13:10:21Z,1190,9,4,12,0,0,1,1,1,1785503271
2026-07-31T13:10:21Z,1191,10,5,5,0,0,1,1,1,1785501964
2026-07-31T13:10:21Z,1192,10,6,10,1,0,1,1,1,1785501824
2026-07-31T13:10:21Z,1193,6,4,5,2,0,1,1,1,1785502829
2026-07-31T13:10:21Z,1197,8,6,8,1,0,1,1,1,1785502958
2026-07-31T13:10:21Z,1198,15,4,4,2,0,1,1,1,1785502349
2026-07-31T13:10:21Z,1199,2,0,17,0,0,1,1,1,1785502365
2026-07-31T13:10:21Z,1200,10,5,5,0,0,1,1,1,1785502001
2026-07-31T13:10:21Z,1201,10,5,5,0,0,1,1,1,1785501978
2026-07-31T13:10:21Z,1202,10,5,5,0,0,1,1,1,1785502079
2026-07-31T13:10:21Z,1203,10,5,5,0,0,1,1,1,1785501977
2026-07-31T13:10:21Z,1204,8,4,11,0,0,1,1,1,1785501730
2026-07-31T13:10:21Z,1206,11,5,10,0,0,1,1,1,1785502768
2026-07-31T13:10:21Z,1207,8,4,6,1,0,1,1,1,1785502290
2026-07-31T13:10:21Z,1208,9,4,10,0,0,1,1,1,1785502209
2026-07-31T13:10:21Z,1216,8,0,12,1,0,1,1,1,1785502998
2026-07-31T13:10:21Z,1218,4,0,17,0,0,1,1,1,1785503391
2026-07-31T13:10:21Z,1219,6,1,8,1,0,1,1,1,1785503240
2026-07-31T13:10:21Z,1220,14,7,4,1,0,1,1,1,1785503181
2026-07-31T13:10:21Z,1221,1,1,19,1,0,1,1,1,1785502704
2026-07-31T13:10:21Z,1222,24,0,5,0,0,1,1,1,1785503347
2026-07-31T13:10:21Z,1223,17,1,12,0,0,1,1,1,1785503319
2026-07-31T13:10:21Z,1226,0,0,3,0,0,0,1,1,1781868931
2026-07-31T13:10:21Z,1227,16,1,9,0,0,1,1,1,1785502899
2026-07-31T13:10:21Z,1228,17,1,12,0,0,1,1,1,1785503250
2026-07-31T13:10:21Z,1229,32,2,12,1,0,1,1,1,1785503277
2026-07-31T13:15:21Z,1,6,2,17,0,0,1,1,1,1785503547
2026-07-31T13:15:21Z,2,11,0,14,2,0,1,1,1,1785503612
2026-07-31T13:15:21Z,3,12,2,1,1,0,1,1,1,1785503295
2026-07-31T13:15:21Z,4,14,1,7,1,0,1,1,1,1785503473
2026-07-31T13:15:21Z,5,11,3,11,1,0,1,1,1,1785497818
2026-07-31T13:15:21Z,6,5,0,10,0,0,1,1,1,1785502996
2026-07-31T13:15:21Z,7,2,0,37,0,0,1,1,1,1785502856
2026-07-31T13:15:21Z,8,11,1,32,0,0,1,1,1,1785503710
2026-07-31T13:15:21Z,9,8,2,15,0,0,1,1,1,1785503078
2026-07-31T13:15:21Z,10,0,0,21,2,0,1,1,1,1785500952
2026-07-31T13:15:21Z,11,13,4,5,1,0,1,1,1,1785502667
2026-07-31T13:15:21Z,12,1,1,22,0,0,1,1,1,1785503193
2026-07-31T13:15:21Z,13,4,0,26,0,0,1,1,1,1785502823
2026-07-31T13:15:21Z,14,2,0,40,0,1,1,1,1,1785502924
2026-07-31T13:15:21Z,15,1,0,14,0,0,1,1,1,1785500656
2026-07-31T13:15:21Z,16,8,0,16,2,1,1,1,1,1785487292
2026-07-31T13:15:21Z,17,1,0,25,1,0,1,1,1,1785503336
2026-07-31T13:15:21Z,18,3,0,13,2,0,1,1,1,1785503295
2026-07-31T13:15:21Z,19,9,2,17,1,0,1,1,1,1785503706
2026-07-31T13:15:21Z,20,2,0,33,0,0,1,1,1,1785503500
2026-07-31T13:15:21Z,21,10,1,6,3,0,1,1,1,1785503695
2026-07-31T13:15:21Z,22,33,0,31,1,0,1,1,1,1785503555
2026-07-31T13:15:21Z,23,28,10,3,0,0,1,1,1,1785503057
2026-07-31T13:15:21Z,24,5,4,4,2,0,1,1,1,1785503710
2026-07-31T13:15:21Z,25,20,5,58,2,1,1,1,1,1785503605
2026-07-31T13:15:21Z,26,13,2,14,0,0,1,1,1,1785503551
2026-07-31T13:15:21Z,28,10,1,5,0,0,1,1,1,1785503643
2026-07-31T13:15:21Z,30,13,4,15,1,0,1,1,1,1785503389
2026-07-31T13:15:21Z,31,2,1,16,1,0,1,1,1,1785503572
2026-07-31T13:15:21Z,32,15,0,12,0,0,1,1,1,1785503646
2026-07-31T13:15:21Z,34,4,2,33,0,0,1,1,1,1785503353
2026-07-31T13:15:21Z,35,35,3,10,2,0,1,1,1,1785503608
2026-07-31T13:15:21Z,36,0,0,0,0,0,0,1,1,86400
2026-07-31T13:15:21Z,37,2,0,21,0,0,1,1,1,1785503645
2026-07-31T13:15:21Z,38,23,4,0,0,0,1,1,1,1785503509
2026-07-31T13:15:21Z,39,21,3,18,0,0,1,1,1,1785500283
2026-07-31T13:15:21Z,40,12,0,9,0,0,1,1,1,1785503645
2026-07-31T13:15:21Z,41,10,0,32,1,0,1,1,1,1785503058
2026-07-31T13:15:21Z,42,16,5,15,0,0,1,1,1,1785503185
2026-07-31T13:15:21Z,43,3,0,20,0,0,1,1,1,1785503158
2026-07-31T13:15:21Z,45,19,4,9,1,0,1,1,1,1785503619
2026-07-31T13:15:21Z,46,4,0,27,0,0,1,1,1,1785503712
2026-07-31T13:15:21Z,47,13,8,1,1,0,1,1,1,1785503700
2026-07-31T13:15:21Z,48,13,0,14,0,0,1,1,1,1785503454
2026-07-31T13:15:21Z,49,20,0,2,1,0,1,1,1,1785503709
2026-07-31T13:15:21Z,50,17,10,2,0,0,1,1,1,1785503421
2026-07-31T13:15:21Z,51,45,0,32,0,0,1,1,1,1785503666
2026-07-31T13:15:21Z,52,12,2,12,3,0,1,1,1,1785503666
2026-07-31T13:15:21Z,55,8,0,15,0,0,1,1,1,1785503631
2026-07-31T13:15:21Z,56,3,0,38,2,0,1,1,1,1785503493
2026-07-31T13:15:21Z,57,6,0,21,0,0,1,1,1,1785503526
2026-07-31T13:15:21Z,58,15,4,13,0,0,1,1,1,1785502826
2026-07-31T13:15:21Z,59,21,7,4,2,0,1,1,1,1785503630
2026-07-31T13:15:21Z,61,11,0,28,0,0,1,1,1,1785503422
2026-07-31T13:15:21Z,62,22,2,26,1,0,1,1,1,1785503689
2026-07-31T13:15:21Z,63,4,0,15,0,0,1,1,1,1785503473
2026-07-31T13:15:21Z,64,12,2,3,4,0,1,1,1,1785502351
2026-07-31T13:15:21Z,65,17,8,1,1,0,1,1,1,1785502637
2026-07-31T13:15:21Z,67,18,3,21,0,0,1,1,1,1785503670
2026-07-31T13:15:21Z,68,10,2,27,0,0,1,1,1,1785503672
2026-07-31T13:15:21Z,69,8,0,7,0,0,1,1,1,1785503485
2026-07-31T13:15:21Z,71,6,0,20,1,0,1,1,1,1785503610
2026-07-31T13:15:21Z,72,26,8,3,1,1,1,1,1,1785503613
2026-07-31T13:15:21Z,73,30,3,1,0,0,1,1,1,1785503565
2026-07-31T13:15:21Z,74,2,1,17,0,0,1,1,1,1785502720
2026-07-31T13:15:21Z,75,4,1,27,1,0,1,1,1,1785502809
2026-07-31T13:15:21Z,76,11,1,7,1,0,1,1,1,1785503714
2026-07-31T13:15:21Z,77,8,0,16,3,0,1,1,1,1785503647
2026-07-31T13:15:21Z,78,13,7,9,1,0,1,1,1,1785503675
2026-07-31T13:15:21Z,79,2,0,14,1,0,1,1,1,1785503689
2026-07-31T13:15:21Z,80,18,1,2,3,0,1,1,1,1785503708
2026-07-31T13:15:21Z,81,8,2,23,0,0,1,1,1,1785503545
2026-07-31T13:15:21Z,82,16,0,6,1,0,1,1,1,1785503621
2026-07-31T13:15:21Z,83,3,0,30,1,0,1,1,1,1785503703
2026-07-31T13:15:21Z,84,11,0,16,0,0,1,1,1,1785503562
2026-07-31T13:15:21Z,85,10,1,5,0,0,1,1,1,1785503706
2026-07-31T13:15:21Z,86,18,0,9,0,0,1,1,1,1785503556
2026-07-31T13:15:21Z,87,19,0,0,0,0,1,1,1,1785501816
2026-07-31T13:15:21Z,88,11,1,31,1,0,1,1,1,1785503639
2026-07-31T13:15:21Z,89,1,0,34,0,0,1,1,1,1785503199
2026-07-31T13:15:21Z,90,1,0,15,2,0,1,1,1,1785503507
2026-07-31T13:15:21Z,91,17,1,0,0,0,1,1,1,1785503078
2026-07-31T13:15:21Z,92,2,1,14,3,0,1,1,1,1785503409
2026-07-31T13:15:21Z,93,0,0,23,0,0,1,1,1,1785502662
2026-07-31T13:15:21Z,94,9,0,9,1,0,1,1,1,1785502976
2026-07-31T13:15:21Z,95,18,0,15,1,1,1,1,1,1785503610
2026-07-31T13:15:21Z,96,27,1,3,1,0,1,1,1,1785503595
2026-07-31T13:15:21Z,97,2,0,14,1,0,1,1,1,1785503665
2026-07-31T13:15:21Z,98,34,0,1,0,0,1,1,1,1785503380
2026-07-31T13:15:21Z,99,0,0,15,0,0,1,1,1,1785501758
2026-07-31T13:15:21Z,100,1,0,26,0,0,1,1,1,1785502888
2026-07-31T13:15:21Z,101,1,0,12,3,0,1,1,1,1785503715
2026-07-31T13:15:21Z,102,3,0,20,0,0,1,1,1,1785502377
2026-07-31T13:15:21Z,103,12,0,17,1,0,1,1,1,1785503314
2026-07-31T13:15:21Z,104,10,1,15,2,0,1,1,1,1785503716
2026-07-31T13:15:21Z,105,14,0,5,0,0,1,1,1,1785503111
2026-07-31T13:15:21Z,106,2,1,19,0,0,1,1,1,1785503521
2026-07-31T13:15:21Z,107,7,4,28,2,0,1,1,1,1785503685
2026-07-31T13:15:21Z,108,0,0,35,0,0,1,1,1,1785503354
2026-07-31T13:15:21Z,109,2,0,21,0,0,1,1,1,1785503557
2026-07-31T13:15:21Z,110,11,0,12,0,0,1,1,1,1785502670
2026-07-31T13:15:21Z,111,8,1,27,1,0,1,1,1,1785503356
2026-07-31T13:15:21Z,112,0,0,14,1,0,1,1,1,1785502707
2026-07-31T13:15:21Z,113,7,0,11,1,0,1,1,1,1785503708
2026-07-31T13:15:21Z,114,24,6,4,2,1,1,1,1,1785503576
2026-07-31T13:15:21Z,115,17,3,9,2,0,1,1,1,1785503605
2026-07-31T13:15:21Z,116,19,8,6,2,0,1,1,1,1785503295
2026-07-31T13:15:21Z,118,13,2,8,2,0,1,1,1,1785503505
2026-07-31T13:15:21Z,119,8,0,26,4,0,1,1,1,1785503019
2026-07-31T13:15:21Z,120,11,0,15,1,0,1,1,1,1785503326
2026-07-31T13:15:21Z,121,3,1,14,1,1,1,1,1,1785503671
2026-07-31T13:15:21Z,122,17,3,4,0,0,1,1,1,1785502655
2026-07-31T13:15:21Z,123,6,2,41,0,0,1,1,1,1785503546
2026-07-31T13:15:21Z,124,10,0,25,0,0,1,1,1,1785503295
2026-07-31T13:15:21Z,125,12,4,11,0,0,1,1,1,1785503694
2026-07-31T13:15:21Z,126,23,3,8,0,0,1,1,1,1785502570
2026-07-31T13:15:21Z,127,23,0,10,2,0,1,1,1,1785503714
2026-07-31T13:15:21Z,128,12,0,7,0,0,1,1,1,1785503682
2026-07-31T13:15:21Z,129,10,0,7,2,0,1,1,1,1785502548
2026-07-31T13:15:21Z,130,6,1,11,0,0,1,1,1,1785502983
2026-07-31T13:15:21Z,131,3,3,6,2,0,1,1,1,1785503247
2026-07-31T13:15:21Z,132,11,5,2,1,1,1,1,1,1785503423
2026-07-31T13:15:21Z,134,5,1,14,4,0,1,1,1,1785503618
2026-07-31T13:15:21Z,135,9,4,10,0,0,1,1,1,1785503458
2026-07-31T13:15:21Z,136,4,0,10,2,7,1,1,1,1785503458
2026-07-31T13:15:21Z,137,6,3,13,0,0,1,1,1,1785503594
2026-07-31T13:15:21Z,138,29,0,8,0,0,1,1,1,1785503695
2026-07-31T13:15:21Z,139,1,0,17,1,0,1,1,1,1785503695
2026-07-31T13:15:21Z,140,15,0,7,1,0,1,1,1,1785503715
2026-07-31T13:15:21Z,141,15,0,21,0,0,1,1,1,1785503285
2026-07-31T13:15:21Z,142,11,0,12,0,0,1,1,1,1785502973
2026-07-31T13:15:21Z,143,0,0,31,0,0,1,1,1,1785502923
2026-07-31T13:15:21Z,144,12,0,15,0,0,1,1,1,1785503651
2026-07-31T13:15:21Z,146,2,1,19,2,0,1,1,1,1785503635
2026-07-31T13:15:21Z,147,11,4,6,2,0,1,1,1,1785503693
2026-07-31T13:15:21Z,148,9,5,17,0,1,1,1,1,1785503683
2026-07-31T13:15:21Z,149,14,1,13,0,0,1,1,1,1785503694
2026-07-31T13:15:21Z,150,21,6,11,3,0,1,1,1,1785503531
2026-07-31T13:15:21Z,151,9,2,14,0,0,1,1,1,1785503592
2026-07-31T13:15:21Z,152,13,1,10,3,0,1,1,1,1785503642
2026-07-31T13:15:21Z,153,0,0,25,6,0,1,1,1,1785503637
2026-07-31T13:15:21Z,154,15,3,3,5,0,1,1,1,1785503701
2026-07-31T13:15:21Z,155,9,3,4,1,0,1,1,1,1785503504
2026-07-31T13:15:21Z,156,5,0,14,0,0,1,1,1,1785503503
2026-07-31T13:15:21Z,157,7,2,18,2,0,1,1,1,1785503569
2026-07-31T13:15:21Z,158,2,1,14,0,0,1,1,1,1785503004
2026-07-31T13:15:21Z,159,0,0,19,0,0,1,1,1,1785497085
2026-07-31T13:15:21Z,160,6,1,13,0,0,1,1,1,1785503545
2026-07-31T13:15:21Z,161,10,0,12,0,0,1,1,1,1785503668
2026-07-31T13:15:21Z,162,21,3,5,1,0,1,1,1,1785503599
2026-07-31T13:15:21Z,163,12,1,18,0,1,1,1,1,1785503707
2026-07-31T13:15:21Z,164,26,4,1,0,0,1,1,1,1785502990
2026-07-31T13:15:21Z,165,16,10,14,1,0,1,1,1,1785503695
2026-07-31T13:15:21Z,166,19,5,16,4,0,1,1,1,1785503711
2026-07-31T13:15:21Z,167,0,0,22,1,0,1,1,1,1785503540
2026-07-31T13:15:21Z,168,23,4,1,3,0,1,1,1,1785503539
2026-07-31T13:15:21Z,169,3,0,18,1,1,1,1,1,1785503197
2026-07-31T13:15:21Z,170,9,3,9,1,0,1,1,1,1785502817
2026-07-31T13:15:21Z,171,4,1,7,2,0,1,1,1,1785503691
2026-07-31T13:15:21Z,173,27,0,11,1,0,1,1,1,1785503508
2026-07-31T13:15:21Z,174,9,0,15,2,0,1,1,1,1785503477
2026-07-31T13:15:21Z,175,13,0,18,0,0,1,1,1,1785503667
2026-07-31T13:15:21Z,176,1,0,11,2,1,1,1,1,1785503284
2026-07-31T13:15:21Z,177,13,4,14,0,0,1,1,1,1785503531
2026-07-31T13:15:21Z,178,2,0,10,2,1,1,1,1,1785503708
2026-07-31T13:15:21Z,179,5,0,9,1,0,1,1,1,1785503647
2026-07-31T13:15:21Z,180,15,0,15,0,0,1,1,1,1785503415
2026-07-31T13:15:21Z,181,13,0,2,0,0,1,1,1,1785503536
2026-07-31T13:15:21Z,182,2,0,15,0,0,1,1,1,1785502295
2026-07-31T13:15:21Z,183,12,0,10,1,0,1,1,1,1785503444
2026-07-31T13:15:21Z,184,18,0,4,1,0,1,1,1,1785503664
2026-07-31T13:15:21Z,185,8,0,3,3,1,1,1,1,1785503489
2026-07-31T13:15:21Z,186,3,2,16,0,0,1,1,1,1785502060
2026-07-31T13:15:21Z,187,14,0,13,1,0,1,1,1,1785503683
2026-07-31T13:15:21Z,188,0,0,19,8,0,1,1,1,1785503422
2026-07-31T13:15:21Z,189,3,0,11,1,0,1,1,1,1785503619
2026-07-31T13:15:21Z,190,7,5,16,0,0,1,1,1,1785503550
2026-07-31T13:15:21Z,191,10,0,29,0,0,1,1,1,1785503712
2026-07-31T13:15:21Z,192,10,1,18,3,0,1,1,1,1785503410
2026-07-31T13:15:21Z,193,8,5,7,0,0,1,1,1,1785503497
2026-07-31T13:15:21Z,194,18,3,8,1,0,1,1,1,1785503066
2026-07-31T13:15:21Z,195,7,2,12,0,0,1,1,1,1785503607
2026-07-31T13:15:21Z,196,2,1,24,1,0,1,1,1,1785503448
2026-07-31T13:15:21Z,197,14,5,3,1,1,1,1,1,1785503585
2026-07-31T13:15:21Z,198,16,12,7,0,0,1,1,1,1785503565
2026-07-31T13:15:21Z,199,6,5,8,1,0,1,1,1,1785503113
2026-07-31T13:15:21Z,200,17,1,8,1,0,1,1,1,1785503584
2026-07-31T13:15:21Z,201,17,3,6,0,0,1,1,1,1785503711
2026-07-31T13:15:21Z,202,7,1,20,0,0,1,1,1,1785503639
2026-07-31T13:15:21Z,203,26,1,4,1,0,1,1,1,1785502777
2026-07-31T13:15:21Z,204,28,1,6,1,0,1,1,1,1785503536
2026-07-31T13:15:21Z,205,18,4,9,0,0,1,1,1,1785503645
2026-07-31T13:15:21Z,206,2,1,13,0,0,1,1,1,1785503091
2026-07-31T13:15:21Z,207,7,0,14,0,0,1,1,1,1785502861
2026-07-31T13:15:21Z,208,16,3,13,0,0,1,1,1,1785503683
2026-07-31T13:15:21Z,209,3,0,26,2,0,1,1,1,1785503583
2026-07-31T13:15:21Z,210,13,1,14,0,0,1,1,1,1785503214
2026-07-31T13:15:21Z,211,3,3,19,1,0,1,1,1,1785503111
2026-07-31T13:15:21Z,212,24,1,10,1,0,1,1,1,1785503625
2026-07-31T13:15:21Z,213,2,1,20,1,0,1,1,1,1785503418
2026-07-31T13:15:21Z,214,39,2,6,2,0,1,1,1,1785503673
2026-07-31T13:15:21Z,215,7,3,15,1,0,1,1,1,1785503634
2026-07-31T13:15:21Z,216,4,0,14,1,0,1,1,1,1785503215
2026-07-31T13:15:21Z,217,7,0,21,1,0,1,1,1,1785503491
2026-07-31T13:15:21Z,218,21,9,16,2,0,1,1,1,1785503644
2026-07-31T13:15:21Z,219,10,0,14,2,0,1,1,1,1785503716
2026-07-31T13:15:21Z,220,15,7,27,0,1,1,1,1,1785503328
2026-07-31T13:15:21Z,221,0,0,13,2,0,1,1,1,1785503061
2026-07-31T13:15:21Z,222,6,6,12,1,0,1,1,1,1785502752
2026-07-31T13:15:21Z,223,19,3,11,5,0,1,1,1,1785503502
2026-07-31T13:15:21Z,224,9,4,13,0,0,1,1,1,1785503643
2026-07-31T13:15:21Z,225,12,1,1,6,0,1,1,1,1785498882
2026-07-31T13:15:21Z,226,26,7,4,1,0,1,1,1,1785503065
2026-07-31T13:15:21Z,227,18,10,7,1,1,1,1,1,1785503686
2026-07-31T13:15:21Z,228,4,0,15,0,0,1,1,1,1785502999
2026-07-31T13:15:21Z,230,11,4,15,0,0,1,1,1,1785503699
2026-07-31T13:15:21Z,232,3,2,13,1,0,1,1,1,1785503404
2026-07-31T13:15:21Z,233,14,0,15,2,0,1,1,1,1785503625
2026-07-31T13:15:21Z,234,4,3,11,2,2,1,1,1,1785503524
2026-07-31T13:15:21Z,236,5,1,14,0,0,1,1,1,1785503016
2026-07-31T13:15:21Z,237,6,3,16,1,0,1,1,1,1785503005
2026-07-31T13:15:21Z,239,21,16,5,1,0,1,1,1,1785503486
2026-07-31T13:15:21Z,241,10,3,12,1,0,1,1,1,1785503301
2026-07-31T13:15:21Z,242,5,0,15,3,0,1,1,1,1785503692
2026-07-31T13:15:21Z,243,6,3,24,1,0,1,1,1,1785503621
2026-07-31T13:15:21Z,244,7,1,18,2,0,1,1,1,1785503683
2026-07-31T13:15:21Z,245,3,2,20,0,0,1,1,1,1785503475
2026-07-31T13:15:21Z,246,19,1,4,0,0,1,1,1,1785503635
2026-07-31T13:15:21Z,247,8,7,14,1,0,1,1,1,1785503655
2026-07-31T13:15:21Z,248,13,3,8,2,0,1,1,1,1785502729
2026-07-31T13:15:21Z,249,4,2,15,0,0,1,1,1,1785503536
2026-07-31T13:15:21Z,250,20,9,6,1,0,1,1,1,1785503654
2026-07-31T13:15:21Z,251,9,4,16,2,0,1,1,1,1785503433
2026-07-31T13:15:21Z,253,8,3,11,0,0,1,1,1,1785502945
2026-07-31T13:15:21Z,254,13,12,29,1,0,1,1,1,1785503625
2026-07-31T13:15:21Z,255,0,0,22,0,1,1,1,1,1785503621
2026-07-31T13:15:21Z,256,0,0,20,3,0,1,1,1,1785502223
2026-07-31T13:15:21Z,257,5,3,14,0,0,1,1,1,1785502308
2026-07-31T13:15:21Z,258,6,0,13,0,0,1,1,1,1785503479
2026-07-31T13:15:21Z,259,20,2,2,0,1,1,1,1,1785503715
2026-07-31T13:15:21Z,260,1,1,15,3,0,1,1,1,1785503229
2026-07-31T13:15:21Z,261,9,0,9,0,1,1,1,1,1785503465
2026-07-31T13:15:21Z,262,8,7,14,1,0,1,1,1,1785503638
2026-07-31T13:15:21Z,263,6,0,9,0,0,1,1,1,1785503524
2026-07-31T13:15:21Z,264,8,3,8,3,0,1,1,1,1785503684
2026-07-31T13:15:21Z,265,11,0,4,0,0,1,1,1,1785503585
2026-07-31T13:15:21Z,266,6,6,11,2,0,1,1,1,1785501985
2026-07-31T13:15:21Z,267,6,3,7,2,0,1,1,1,1785500369
2026-07-31T13:15:21Z,268,19,8,4,0,0,1,1,1,1785502293
2026-07-31T13:15:21Z,269,5,2,18,0,0,1,1,1,1785502938
2026-07-31T13:15:21Z,270,21,0,6,0,0,1,1,1,1785503505
2026-07-31T13:15:21Z,271,5,1,12,2,0,1,1,1,1785502812
2026-07-31T13:15:21Z,272,9,7,13,1,0,1,1,1,1785503395
2026-07-31T13:15:21Z,273,4,3,11,0,0,1,1,1,1785503488
2026-07-31T13:15:21Z,274,8,5,10,1,0,1,1,1,1785503642
2026-07-31T13:15:21Z,275,8,0,14,1,0,1,1,1,1785503663
2026-07-31T13:15:21Z,276,6,5,21,0,0,1,1,1,1785503504
2026-07-31T13:15:21Z,277,13,3,5,5,0,1,1,1,1785503549
2026-07-31T13:15:21Z,278,0,0,29,1,1,1,1,1,1785503715
2026-07-31T13:15:21Z,279,16,1,3,0,0,1,1,1,1785503235
2026-07-31T13:15:21Z,280,14,2,15,2,0,1,1,1,1785503648
2026-07-31T13:15:21Z,281,15,0,4,0,0,1,1,1,1785503028
2026-07-31T13:15:21Z,282,6,2,12,0,0,1,1,1,1785500800
2026-07-31T13:15:21Z,283,25,0,10,0,0,1,1,1,1785503565
2026-07-31T13:15:21Z,284,5,1,28,2,0,1,1,1,1785503416
2026-07-31T13:15:21Z,285,7,7,16,0,0,1,1,1,1785501660
2026-07-31T13:15:21Z,286,10,8,8,5,0,1,1,1,1785503690
2026-07-31T13:15:21Z,287,16,6,5,2,0,1,1,1,1785503507
2026-07-31T13:15:21Z,288,5,4,13,1,0,1,1,1,1785502882
2026-07-31T13:15:21Z,289,16,1,8,3,0,1,1,1,1785503090
2026-07-31T13:15:21Z,290,0,0,38,1,0,1,1,1,1785503669
2026-07-31T13:15:21Z,291,1,0,21,1,0,1,1,1,1785503689
2026-07-31T13:15:21Z,292,21,1,2,0,0,1,1,1,1785502932
2026-07-31T13:15:21Z,293,11,10,12,0,0,1,1,1,1785503321
2026-07-31T13:15:21Z,294,4,3,17,1,0,1,1,1,1785503596
2026-07-31T13:15:21Z,297,0,0,16,2,1,1,1,1,1785503656
2026-07-31T13:15:21Z,301,9,0,10,0,0,1,1,1,1785503612
2026-07-31T13:15:21Z,302,7,1,16,0,0,1,1,1,1785503047
2026-07-31T13:15:21Z,303,10,0,9,0,0,1,1,1,1785502571
2026-07-31T13:15:21Z,304,0,0,0,0,0,0,1,1,86400
2026-07-31T13:15:21Z,305,2,0,16,1,0,1,1,1,1785503707
2026-07-31T13:15:21Z,306,7,0,25,0,0,1,1,1,1785503203
2026-07-31T13:15:21Z,307,16,0,5,1,1,1,1,1,1785503424
2026-07-31T13:15:21Z,308,3,0,14,2,0,1,1,1,1785503711
2026-07-31T13:15:21Z,309,7,0,7,0,0,1,1,1,1785503497
2026-07-31T13:15:21Z,311,9,0,6,0,0,1,1,1,1785502732
2026-07-31T13:15:21Z,312,3,2,16,4,0,1,1,1,1785503433
2026-07-31T13:15:21Z,313,1,0,14,0,0,1,1,1,1785503033
2026-07-31T13:15:21Z,314,12,6,6,1,0,1,1,1,1785503608
2026-07-31T13:15:21Z,315,19,4,10,2,0,1,1,1,1785503013
2026-07-31T13:15:21Z,316,1,0,24,5,1,1,1,1,1785503401
2026-07-31T13:15:21Z,317,22,6,8,0,1,1,1,1,1785503596
2026-07-31T13:15:21Z,318,15,0,4,0,0,1,1,1,1785501909
2026-07-31T13:15:21Z,319,9,1,13,1,0,1,1,1,1785503675
2026-07-31T13:15:21Z,320,9,3,9,1,0,1,1,1,1785502846
2026-07-31T13:15:21Z,321,9,2,6,4,0,1,1,1,1785503539
2026-07-31T13:15:21Z,322,5,0,24,0,0,1,1,1,1785501752
2026-07-31T13:15:21Z,323,9,0,10,0,0,1,1,1,1785502367
2026-07-31T13:15:21Z,324,18,0,7,2,0,1,1,1,1785503714
2026-07-31T13:15:21Z,325,8,4,17,2,0,1,1,1,1785503158
2026-07-31T13:15:21Z,327,25,1,1,1,0,1,1,1,1785503715
2026-07-31T13:15:21Z,328,10,0,11,1,0,1,1,1,1785502240
2026-07-31T13:15:21Z,329,15,0,2,2,0,1,1,1,1785501426
2026-07-31T13:15:21Z,330,3,0,17,2,0,1,1,1,1785503693
2026-07-31T13:15:21Z,331,12,2,10,1,0,1,1,1,1785503519
2026-07-31T13:15:21Z,332,9,1,8,2,0,1,1,1,1785503280
2026-07-31T13:15:21Z,333,12,1,10,1,0,1,1,1,1785502887
2026-07-31T13:15:21Z,334,7,7,16,0,0,1,1,1,1785503632
2026-07-31T13:15:21Z,335,1,1,21,0,1,1,1,1,1785503593
2026-07-31T13:15:21Z,336,9,1,10,0,0,1,1,1,1785503498
2026-07-31T13:15:21Z,337,10,2,8,5,0,1,1,1,1785503607
2026-07-31T13:15:21Z,338,11,4,7,1,0,1,1,1,1785501773
2026-07-31T13:15:21Z,339,15,12,7,1,0,1,1,1,1785503628
2026-07-31T13:15:21Z,340,7,7,7,1,0,1,1,1,1785503020
2026-07-31T13:15:21Z,341,1,1,18,0,0,1,1,1,1785503647
2026-07-31T13:15:21Z,342,13,5,0,2,0,1,1,1,1785500433
2026-07-31T13:15:21Z,343,21,2,1,1,0,1,1,1,1785503549
2026-07-31T13:15:21Z,344,15,7,7,1,0,1,1,1,1785503252
2026-07-31T13:15:21Z,345,3,0,16,0,0,1,1,1,1785503541
2026-07-31T13:15:21Z,346,9,4,14,0,0,1,1,1,1785503498
2026-07-31T13:15:21Z,347,38,0,6,0,0,1,1,1,1785503644
2026-07-31T13:15:21Z,348,16,1,5,1,1,1,1,1,1785503651
2026-07-31T13:15:21Z,349,10,3,8,1,0,1,1,1,1785503028
2026-07-31T13:15:21Z,350,12,3,13,1,1,1,1,1,1785503286
2026-07-31T13:15:21Z,351,11,0,8,4,0,1,1,1,1785503537
2026-07-31T13:15:21Z,355,13,0,10,0,0,1,1,1,1785503402
2026-07-31T13:15:21Z,356,14,3,5,0,0,1,1,1,1785503589
2026-07-31T13:15:21Z,357,0,0,19,0,0,1,1,1,1785503595
2026-07-31T13:15:21Z,358,14,3,12,1,0,1,1,1,1785503701
2026-07-31T13:15:21Z,359,11,0,16,0,0,1,1,1,1785503512
2026-07-31T13:15:21Z,360,12,2,5,2,0,1,1,1,1785502763
2026-07-31T13:15:21Z,362,9,4,7,3,0,1,1,1,1785502156
2026-07-31T13:15:21Z,363,7,0,20,0,0,1,1,1,1785502173
2026-07-31T13:15:21Z,364,16,4,3,0,0,1,1,1,1785503069
2026-07-31T13:15:21Z,365,4,0,15,4,0,1,1,1,1785503102
2026-07-31T13:15:21Z,366,4,2,15,4,0,1,1,1,1785503650
2026-07-31T13:15:21Z,367,11,7,6,2,0,1,1,1,1785503289
2026-07-31T13:15:21Z,368,17,4,5,1,0,1,1,1,1785503032
2026-07-31T13:15:21Z,370,6,3,21,0,0,1,1,1,1785503562
2026-07-31T13:15:21Z,371,2,0,16,1,0,1,1,1,1785503052
2026-07-31T13:15:21Z,372,3,0,12,0,0,1,1,1,1785503390
2026-07-31T13:15:21Z,373,26,9,0,1,0,1,1,1,1785502663
2026-07-31T13:15:21Z,374,7,3,11,1,0,1,1,1,1785503257
2026-07-31T13:15:21Z,375,17,7,7,3,0,1,1,1,1785503642
2026-07-31T13:15:21Z,376,29,8,5,5,0,1,1,1,1785503695
2026-07-31T13:15:21Z,377,14,5,11,2,0,1,1,1,1785503528
2026-07-31T13:15:21Z,378,13,4,9,1,1,1,1,1,1785503494
2026-07-31T13:15:21Z,379,14,1,13,0,0,1,1,1,1785502639
2026-07-31T13:15:21Z,380,14,4,8,1,0,1,1,1,1785502217
2026-07-31T13:15:21Z,381,0,0,23,0,0,1,1,1,1785501361
2026-07-31T13:15:21Z,383,0,0,14,1,0,1,1,1,1785503107
2026-07-31T13:15:21Z,384,15,0,10,2,0,1,1,1,1785503670
2026-07-31T13:15:21Z,385,17,5,0,1,0,1,1,1,1785503528
2026-07-31T13:15:21Z,387,16,2,7,0,0,1,1,1,1785503634
2026-07-31T13:15:21Z,388,31,2,17,1,0,1,1,1,1785503708
2026-07-31T13:15:21Z,389,7,5,7,1,0,1,1,1,1785501576
2026-07-31T13:15:21Z,390,14,0,21,0,0,1,1,1,1785503231
2026-07-31T13:15:21Z,391,0,0,14,1,0,1,1,1,1785501753
2026-07-31T13:15:21Z,392,1,1,17,1,0,1,1,1,1785503478
2026-07-31T13:15:21Z,393,3,3,5,3,0,1,1,1,1785487292
2026-07-31T13:15:21Z,394,7,5,4,2,0,1,1,1,1785502798
2026-07-31T13:15:21Z,396,19,8,20,3,0,1,1,1,1785502531
2026-07-31T13:15:21Z,397,11,6,20,0,0,1,1,1,1785501884
2026-07-31T13:15:21Z,399,4,2,11,2,0,1,1,1,1785503453
2026-07-31T13:15:21Z,400,13,8,8,2,0,1,1,1,1785503562
2026-07-31T13:15:21Z,401,1,0,30,8,0,1,1,1,1785503647
2026-07-31T13:15:21Z,403,18,1,9,4,0,1,1,1,1785503649
2026-07-31T13:15:21Z,404,16,0,7,0,0,1,1,1,1785503506
2026-07-31T13:15:21Z,406,6,3,28,1,0,1,1,1,1785503662
2026-07-31T13:15:21Z,407,18,3,15,1,0,1,1,1,1785499747
2026-07-31T13:15:21Z,408,19,5,12,2,0,1,1,1,1785503654
2026-07-31T13:15:21Z,409,2,0,18,3,0,1,1,1,1785498301
2026-07-31T13:15:21Z,413,18,3,4,1,0,1,1,1,1785502615
2026-07-31T13:15:21Z,414,7,1,7,1,0,1,1,1,1785503712
2026-07-31T13:15:21Z,417,1,0,16,2,0,1,1,1,1785502882
2026-07-31T13:15:21Z,418,11,0,4,0,0,1,1,1,1785502613
2026-07-31T13:15:21Z,419,11,0,11,1,0,1,1,1,1785500476
2026-07-31T13:15:21Z,421,2,2,17,0,0,1,1,1,1785503042
2026-07-31T13:15:21Z,422,5,4,21,1,0,1,1,1,1785502620
2026-07-31T13:15:21Z,423,3,2,20,0,0,1,1,1,1785502409
2026-07-31T13:15:21Z,424,0,0,12,2,1,1,1,1,1785503650
2026-07-31T13:15:21Z,425,17,0,4,0,1,1,1,1,1785503690
2026-07-31T13:15:21Z,426,17,2,18,2,0,1,1,1,1785503700
2026-07-31T13:15:21Z,427,7,1,7,1,0,1,1,1,1785503500
2026-07-31T13:15:21Z,428,2,1,17,0,0,1,1,1,1785503276
2026-07-31T13:15:21Z,429,4,2,17,2,0,1,1,1,1785503163
2026-07-31T13:15:21Z,430,25,0,4,2,0,1,1,1,1785503460
2026-07-31T13:15:21Z,431,18,2,14,1,0,1,1,1,1785503481
2026-07-31T13:15:21Z,432,11,1,18,2,0,0,1,1,1785503672
2026-07-31T13:15:21Z,433,15,4,6,2,0,1,1,1,1785503309
2026-07-31T13:15:21Z,437,8,3,10,1,0,1,1,1,1785503710
2026-07-31T13:15:21Z,438,17,1,1,1,0,1,1,1,1785503419
2026-07-31T13:15:21Z,439,3,1,12,0,0,1,1,1,1785503194
2026-07-31T13:15:21Z,440,12,1,1,2,0,1,1,1,1785503544
2026-07-31T13:15:21Z,441,12,3,2,1,0,1,1,1,1785503382
2026-07-31T13:15:21Z,442,15,8,3,1,0,1,1,1,1785503568
2026-07-31T13:15:21Z,443,4,2,23,0,0,1,1,1,1785485488
2026-07-31T13:15:21Z,444,7,2,16,0,0,1,1,1,1785502921
2026-07-31T13:15:21Z,445,7,2,15,1,0,1,1,1,1785503644
2026-07-31T13:15:21Z,446,2,1,20,1,0,1,1,1,1785502334
2026-07-31T13:15:21Z,447,3,0,18,1,1,1,1,1,1785496389
2026-07-31T13:15:21Z,448,7,2,7,1,0,1,1,1,1785501220
2026-07-31T13:15:21Z,452,4,4,14,1,0,1,1,1,1785503303
2026-07-31T13:15:21Z,453,5,5,9,1,0,1,1,1,1785502483
2026-07-31T13:15:21Z,454,5,0,14,0,0,1,1,1,1785502835
2026-07-31T13:15:21Z,455,1,1,36,2,0,1,1,1,1785503603
2026-07-31T13:15:21Z,456,3,0,16,1,0,1,1,1,1785503699
2026-07-31T13:15:21Z,457,24,2,1,2,0,1,1,1,1785503105
2026-07-31T13:15:21Z,458,11,2,12,0,0,1,1,1,1785503614
2026-07-31T13:15:21Z,459,14,0,1,0,0,1,1,1,1785502515
2026-07-31T13:15:21Z,460,12,1,10,1,0,1,1,1,1785503467
2026-07-31T13:15:21Z,461,9,2,9,1,0,1,1,1,1785503690
2026-07-31T13:15:21Z,462,17,1,4,0,0,1,1,1,1785503493
2026-07-31T13:15:21Z,463,8,0,11,0,0,1,1,1,1785503287
2026-07-31T13:15:21Z,464,0,0,14,0,0,1,1,1,1785499858
2026-07-31T13:15:21Z,465,1,1,13,1,0,1,1,1,1785503142
2026-07-31T13:15:21Z,466,9,1,2,4,0,1,1,1,1785503490
2026-07-31T13:15:21Z,467,3,1,16,0,0,1,1,1,1785502765
2026-07-31T13:15:21Z,468,17,1,1,1,0,1,1,1,1785485789
2026-07-31T13:15:21Z,469,3,0,20,0,0,1,1,1,1785502449
2026-07-31T13:15:21Z,470,8,1,6,1,0,1,1,1,1785503442
2026-07-31T13:15:21Z,471,25,3,2,0,0,1,1,1,1785502385
2026-07-31T13:15:21Z,472,8,3,10,1,0,1,1,1,1785503698
2026-07-31T13:15:21Z,473,16,2,2,1,0,1,1,1,1785502394
2026-07-31T13:15:21Z,474,14,0,5,0,0,1,1,1,1785501824
2026-07-31T13:15:21Z,475,5,2,14,0,0,1,1,1,1785503358
2026-07-31T13:15:21Z,477,3,2,10,2,0,1,1,1,1785502735
2026-07-31T13:15:21Z,478,13,0,17,1,0,1,1,1,1785503475
2026-07-31T13:15:21Z,479,3,0,23,1,0,1,1,1,1785503182
2026-07-31T13:15:21Z,480,3,0,10,2,0,1,1,1,1785502920
2026-07-31T13:15:21Z,481,4,0,30,1,0,1,1,1,1785503471
2026-07-31T13:15:21Z,482,13,6,6,0,0,1,1,1,1785503649
2026-07-31T13:15:21Z,483,3,0,22,2,0,1,1,1,1785503682
2026-07-31T13:15:21Z,484,0,0,18,1,0,1,1,1,1785503525
2026-07-31T13:15:21Z,485,12,4,5,1,1,1,1,1,1785503714
2026-07-31T13:15:21Z,486,3,3,21,3,0,1,1,1,1785503541
2026-07-31T13:15:21Z,487,0,0,18,1,0,1,1,1,1785499667
2026-07-31T13:15:21Z,489,2,1,12,1,0,1,1,1,1785503576
2026-07-31T13:15:21Z,490,4,2,12,0,0,1,1,1,1785502067
2026-07-31T13:15:21Z,491,9,4,12,0,0,1,1,1,1785503144
2026-07-31T13:15:21Z,492,2,2,5,4,0,1,1,1,1785503714
2026-07-31T13:15:21Z,493,3,1,23,1,0,1,1,1,1785503666
2026-07-31T13:15:21Z,495,8,0,4,3,0,1,1,1,1785500279
2026-07-31T13:15:21Z,496,18,0,8,1,0,1,1,1,1785502969
2026-07-31T13:15:21Z,497,1,0,17,1,0,1,1,1,1785503298
2026-07-31T13:15:21Z,498,23,2,0,0,0,1,1,1,1785503713
2026-07-31T13:15:21Z,499,13,0,4,2,0,1,1,1,1785503496
2026-07-31T13:15:21Z,500,7,5,6,2,0,1,1,1,1785501987
2026-07-31T13:15:21Z,501,14,7,7,0,0,1,1,1,1785503487
2026-07-31T13:15:21Z,502,15,3,4,0,0,1,1,1,1785503699
2026-07-31T13:15:21Z,503,12,0,18,1,0,1,1,1,1785503235
2026-07-31T13:15:21Z,504,23,5,16,0,0,1,1,1,1785503497
2026-07-31T13:15:21Z,505,0,0,11,1,0,1,1,1,1785503695
2026-07-31T13:15:21Z,511,8,3,15,0,0,1,1,1,1785502929
2026-07-31T13:15:21Z,512,11,0,16,0,0,1,1,1,1785503608
2026-07-31T13:15:21Z,514,1,1,9,1,0,1,1,1,1785503398
2026-07-31T13:15:21Z,515,0,0,19,0,0,1,1,1,1785502093
2026-07-31T13:15:21Z,516,17,1,10,0,0,1,1,1,1785503084
2026-07-31T13:15:21Z,517,11,1,11,1,0,1,1,1,1785503047
2026-07-31T13:15:21Z,518,12,0,2,1,0,1,1,1,1785502715
2026-07-31T13:15:21Z,519,4,0,13,2,0,1,1,1,1785503697
2026-07-31T13:15:21Z,520,13,6,8,5,1,1,1,1,1785503713
2026-07-31T13:15:21Z,521,14,4,9,0,0,1,1,1,1785502536
2026-07-31T13:15:21Z,522,0,0,22,1,0,1,1,1,1785502428
2026-07-31T13:15:21Z,523,4,3,18,1,0,1,1,1,1785501535
2026-07-31T13:15:21Z,524,2,1,21,0,0,1,1,1,1785503254
2026-07-31T13:15:21Z,525,3,0,16,0,0,1,1,1,1785502978
2026-07-31T13:15:21Z,526,12,1,1,2,0,1,1,1,1785503665
2026-07-31T13:15:21Z,527,5,3,18,3,0,1,1,1,1785503469
2026-07-31T13:15:21Z,528,21,2,1,1,0,1,1,1,1785502143
2026-07-31T13:15:21Z,529,5,3,8,6,0,1,1,1,1785503716
2026-07-31T13:15:21Z,530,8,0,12,1,0,1,1,1,1785502537
2026-07-31T13:15:21Z,531,8,0,13,1,1,1,1,1,1785503497
2026-07-31T13:15:21Z,532,18,6,12,1,0,1,1,1,1785503570
2026-07-31T13:15:21Z,533,4,0,14,1,0,1,1,1,1785503239
2026-07-31T13:15:21Z,534,3,1,19,1,0,1,1,1,1785503334
2026-07-31T13:15:21Z,535,5,0,10,0,0,1,1,1,1785503192
2026-07-31T13:15:21Z,536,12,1,11,0,0,1,1,1,1785503674
2026-07-31T13:15:21Z,537,8,2,12,0,0,1,1,1,1785503099
2026-07-31T13:15:21Z,538,10,1,11,0,2,1,1,1,1785503534
2026-07-31T13:15:21Z,539,7,5,24,0,0,1,1,1,1785502330
2026-07-31T13:15:21Z,540,7,0,12,0,0,1,1,1,1785503396
2026-07-31T13:15:21Z,541,5,0,20,2,0,1,1,1,1785503464
2026-07-31T13:15:21Z,542,21,5,0,2,0,1,1,1,1785502905
2026-07-31T13:15:21Z,543,7,1,11,1,0,1,1,1,1785503643
2026-07-31T13:15:21Z,544,1,1,18,3,0,1,1,1,1785503463
2026-07-31T13:15:21Z,545,2,0,15,2,0,1,1,1,1785503415
2026-07-31T13:15:21Z,546,7,5,12,0,0,1,1,1,1785503699
2026-07-31T13:15:21Z,547,14,1,11,0,0,1,1,1,1785503337
2026-07-31T13:15:21Z,548,11,1,12,0,0,1,1,1,1785503004
2026-07-31T13:15:21Z,549,10,0,13,0,0,1,1,1,1785503505
2026-07-31T13:15:21Z,550,4,0,15,0,0,1,1,1,1785502733
2026-07-31T13:15:21Z,551,11,4,12,0,0,1,1,1,1785498819
2026-07-31T13:15:21Z,552,19,0,8,0,0,1,1,1,1785503391
2026-07-31T13:15:21Z,553,13,6,9,0,1,1,1,1,1785503462
2026-07-31T13:15:21Z,554,4,1,15,0,0,1,1,1,1785501259
2026-07-31T13:15:21Z,555,14,6,0,1,0,1,1,1,1785502488
2026-07-31T13:15:21Z,556,15,2,6,2,0,1,1,1,1785503580
2026-07-31T13:15:21Z,557,12,5,7,4,0,1,1,1,1785503471
2026-07-31T13:15:21Z,558,18,4,19,0,0,1,1,1,1785503651
2026-07-31T13:15:21Z,559,8,3,8,3,0,1,1,1,1785503501
2026-07-31T13:15:21Z,560,9,0,17,1,0,1,1,1,1785503304
2026-07-31T13:15:21Z,561,9,2,12,2,0,1,1,1,1785503394
2026-07-31T13:15:21Z,562,2,0,30,3,0,1,1,1,1785503245
2026-07-31T13:15:21Z,563,8,0,6,0,0,1,1,1,1785502485
2026-07-31T13:15:21Z,564,3,0,15,1,0,1,1,1,1785502063
2026-07-31T13:15:21Z,565,1,1,18,0,0,1,1,1,1785503715
2026-07-31T13:15:21Z,566,14,1,4,1,0,1,1,1,1785503694
2026-07-31T13:15:21Z,567,5,0,21,1,0,1,1,1,1785502544
2026-07-31T13:15:21Z,568,15,0,3,1,0,1,1,1,1785502916
2026-07-31T13:15:21Z,569,16,2,3,0,0,1,1,1,1785503413
2026-07-31T13:15:21Z,570,3,0,15,1,0,1,1,1,1785503636
2026-07-31T13:15:21Z,571,4,0,19,0,0,1,1,1,1785503684
2026-07-31T13:15:21Z,572,9,3,9,1,0,1,1,1,1785503384
2026-07-31T13:15:21Z,573,5,1,10,0,0,1,1,1,1785503259
2026-07-31T13:15:21Z,574,2,0,13,0,0,1,1,1,1785501706
2026-07-31T13:15:21Z,575,4,0,16,1,0,1,1,1,1785503633
2026-07-31T13:15:21Z,576,7,3,11,1,0,1,1,1,1785503603
2026-07-31T13:15:21Z,577,17,0,14,0,0,1,1,1,1785503102
2026-07-31T13:15:21Z,578,11,9,11,1,0,1,1,1,1785503559
2026-07-31T13:15:21Z,579,21,1,22,0,0,1,1,1,1785503379
2026-07-31T13:15:21Z,580,1,0,28,0,0,1,1,1,1785503675
2026-07-31T13:15:21Z,581,4,0,14,1,0,1,1,1,1785503707
2026-07-31T13:15:21Z,582,21,0,39,1,0,1,1,1,1785503697
2026-07-31T13:15:21Z,583,13,0,10,0,0,1,1,1,1785502902
2026-07-31T13:15:21Z,584,3,3,10,6,0,1,1,1,1785502078
2026-07-31T13:15:21Z,585,4,1,22,0,1,1,1,1,1785503658
2026-07-31T13:15:21Z,586,14,2,21,0,0,1,1,1,1785503633
2026-07-31T13:15:21Z,587,0,0,23,1,0,1,1,1,1785503675
2026-07-31T13:15:21Z,588,10,4,6,2,1,1,1,1,1785503660
2026-07-31T13:15:21Z,589,4,3,18,0,0,1,1,1,1785503438
2026-07-31T13:15:21Z,590,11,1,18,2,0,1,1,1,1785503503
2026-07-31T13:15:21Z,591,17,0,11,2,0,1,1,1,1785503693
2026-07-31T13:15:21Z,592,16,0,7,0,0,1,1,1,1785503289
2026-07-31T13:15:21Z,593,13,1,24,1,0,1,1,1,1785503703
2026-07-31T13:15:21Z,594,9,1,11,1,0,1,1,1,1785503589
2026-07-31T13:15:21Z,595,0,0,3,0,0,0,1,1,1784046673
2026-07-31T13:15:21Z,605,0,0,2,1,0,0,1,1,1783975843
2026-07-31T13:15:21Z,606,0,0,0,0,0,0,1,1,86400
2026-07-31T13:15:21Z,607,20,1,10,2,0,1,1,1,1785503323
2026-07-31T13:15:21Z,608,26,5,24,0,0,1,1,1,1785503664
2026-07-31T13:15:21Z,609,16,11,7,0,0,1,1,1,1785503449
2026-07-31T13:15:21Z,610,5,5,30,0,0,1,1,1,1785502706
2026-07-31T13:15:21Z,611,11,0,14,2,0,1,1,1,1785503533
2026-07-31T13:15:21Z,612,7,1,8,0,0,1,1,1,1785498548
2026-07-31T13:15:21Z,613,9,0,2,4,0,1,1,1,1785501831
2026-07-31T13:15:21Z,614,7,3,17,2,1,1,1,1,1785503193
2026-07-31T13:15:21Z,617,7,0,7,1,0,1,1,1,1785501906
2026-07-31T13:15:21Z,618,10,1,5,4,0,1,1,1,1785499307
2026-07-31T13:15:21Z,619,5,2,14,0,0,1,1,1,1785503303
2026-07-31T13:15:21Z,620,3,3,24,0,0,1,1,1,1785503554
2026-07-31T13:15:21Z,621,14,13,9,0,0,1,1,1,1785503330
2026-07-31T13:15:21Z,622,21,6,1,1,0,1,1,1,1785502943
2026-07-31T13:15:21Z,623,14,6,15,1,0,1,1,1,1785503094
2026-07-31T13:15:21Z,624,0,0,15,0,0,1,1,1,1785499735
2026-07-31T13:15:21Z,625,5,0,14,2,0,1,1,1,1785502573
2026-07-31T13:15:21Z,626,11,1,34,0,2,1,1,1,1785503518
2026-07-31T13:15:21Z,627,14,6,5,0,0,1,1,1,1785500712
2026-07-31T13:15:21Z,628,1,1,15,2,1,1,1,1,1785503435
2026-07-31T13:15:21Z,629,5,2,5,1,0,1,1,1,1785503600
2026-07-31T13:15:21Z,630,4,3,20,3,0,1,1,1,1785503431
2026-07-31T13:15:21Z,631,18,9,5,0,0,1,1,1,1785503629
2026-07-31T13:15:21Z,632,20,0,1,2,0,1,1,1,1785492884
2026-07-31T13:15:21Z,633,11,0,1,3,0,1,1,1,1785501175
2026-07-31T13:15:21Z,634,11,2,8,0,0,1,1,1,1785502426
2026-07-31T13:15:21Z,635,15,1,4,0,0,1,1,1,1785497505
2026-07-31T13:15:21Z,636,8,1,7,0,0,1,1,1,1785503549
2026-07-31T13:15:21Z,637,9,2,9,1,0,1,1,1,1785500453
2026-07-31T13:15:21Z,638,6,1,11,2,0,1,1,1,1785502495
2026-07-31T13:15:21Z,639,7,1,10,2,0,1,1,1,1785501255
2026-07-31T13:15:21Z,640,14,8,8,1,0,1,1,1,1785503432
2026-07-31T13:15:21Z,641,7,0,18,1,0,1,1,1,1785503513
2026-07-31T13:15:21Z,642,0,0,11,8,0,1,1,1,1785503711
2026-07-31T13:15:21Z,643,8,0,11,8,0,1,1,1,1785503715
2026-07-31T13:15:21Z,644,12,0,1,2,0,1,1,1,1785503013
2026-07-31T13:15:21Z,645,11,1,10,1,1,1,1,1,1785503029
2026-07-31T13:15:21Z,646,5,1,14,0,0,1,1,1,1785501890
2026-07-31T13:15:21Z,647,21,2,10,0,0,1,1,1,1785503214
2026-07-31T13:15:21Z,648,5,0,13,1,0,1,1,1,1785500139
2026-07-31T13:15:21Z,649,19,0,11,1,0,1,1,1,1785503660
2026-07-31T13:15:21Z,650,5,1,9,0,0,1,1,1,1785488201
2026-07-31T13:15:21Z,651,5,5,18,0,0,1,1,1,1785502725
2026-07-31T13:15:21Z,652,1,0,20,2,0,1,1,1,1785503417
2026-07-31T13:15:21Z,653,8,1,11,0,0,1,1,1,1785502982
2026-07-31T13:15:21Z,654,3,2,12,0,0,1,1,1,1785503529
2026-07-31T13:15:21Z,655,7,3,1,4,1,1,1,1,1785503713
2026-07-31T13:15:21Z,656,12,4,7,0,0,1,1,1,1785503698
2026-07-31T13:15:21Z,657,9,2,5,2,1,1,1,1,1785503708
2026-07-31T13:15:21Z,658,9,1,1,0,0,1,1,1,1785473427
2026-07-31T13:15:21Z,659,6,3,8,1,0,1,1,1,1785503531
2026-07-31T13:15:21Z,660,13,2,14,4,0,1,1,1,1785503658
2026-07-31T13:15:21Z,661,9,5,9,1,0,1,1,1,1785503700
2026-07-31T13:15:21Z,662,3,2,17,3,0,1,1,1,1785501656
2026-07-31T13:15:21Z,663,6,4,8,1,0,1,1,1,1785503231
2026-07-31T13:15:21Z,664,7,2,20,0,0,1,1,1,1785503162
2026-07-31T13:15:21Z,665,13,4,2,0,0,1,1,1,1785500164
2026-07-31T13:15:21Z,666,7,2,6,2,0,1,1,1,1785503465
2026-07-31T13:15:21Z,667,1,0,18,0,0,1,1,1,1785503689
2026-07-31T13:15:21Z,668,6,1,13,0,0,1,1,1,1785503701
2026-07-31T13:15:21Z,669,14,5,0,0,0,1,1,1,1785503309
2026-07-31T13:15:21Z,670,12,1,15,0,0,1,1,1,1785503069
2026-07-31T13:15:21Z,671,12,4,14,1,0,1,1,1,1785503676
2026-07-31T13:15:21Z,672,10,2,9,3,1,1,1,1,1785502163
2026-07-31T13:15:21Z,673,4,1,18,1,0,1,1,1,1785502453
2026-07-31T13:15:21Z,674,9,2,11,3,0,1,1,1,1785503540
2026-07-31T13:15:21Z,675,10,4,3,2,0,1,1,1,1785503532
2026-07-31T13:15:21Z,676,7,0,14,1,0,1,1,1,1785503708
2026-07-31T13:15:21Z,681,10,3,2,3,0,1,1,1,1785503620
2026-07-31T13:15:21Z,682,4,1,14,1,0,1,1,1,1785486991
2026-07-31T13:15:21Z,683,3,1,16,0,0,1,1,1,1785499114
2026-07-31T13:15:21Z,684,3,0,24,0,0,1,1,1,1785503255
2026-07-31T13:15:21Z,685,8,0,17,1,1,1,1,1,1785498843
2026-07-31T13:15:21Z,686,8,0,16,3,0,1,1,1,1785503410
2026-07-31T13:15:21Z,687,11,0,18,1,1,1,1,1,1785503580
2026-07-31T13:15:21Z,688,10,0,2,7,0,1,1,1,1785503496
2026-07-31T13:15:21Z,692,6,4,15,0,0,1,1,1,1785502903
2026-07-31T13:15:21Z,693,6,0,2,3,0,1,1,1,1785503475
2026-07-31T13:15:21Z,694,9,6,12,0,0,1,1,1,1785503259
2026-07-31T13:15:21Z,695,10,7,13,0,0,1,1,1,1785503421
2026-07-31T13:15:21Z,696,17,12,4,2,0,1,1,1,1785503351
2026-07-31T13:15:21Z,697,10,0,13,0,0,1,1,1,1785503200
2026-07-31T13:15:21Z,698,7,0,20,0,0,1,1,1,1785503681
2026-07-31T13:15:21Z,699,8,0,6,1,0,1,1,1,1785501987
2026-07-31T13:15:21Z,700,18,3,1,0,0,1,1,1,1785502781
2026-07-31T13:15:21Z,701,11,6,8,0,0,1,1,1,1785503384
2026-07-31T13:15:21Z,702,14,3,8,1,0,1,1,1,1785503429
2026-07-31T13:15:21Z,704,5,1,10,0,0,1,1,1,1785503007
2026-07-31T13:15:21Z,705,4,1,9,2,0,1,1,1,1785503366
2026-07-31T13:15:21Z,706,4,0,8,3,0,1,1,1,1785503335
2026-07-31T13:15:21Z,707,9,1,6,0,0,1,1,1,1785502314
2026-07-31T13:15:21Z,708,15,1,4,0,0,1,1,1,1785502369
2026-07-31T13:15:21Z,709,8,0,4,3,0,1,1,1,1785502192
2026-07-31T13:15:21Z,710,15,3,3,1,0,1,1,1,1785503458
2026-07-31T13:15:21Z,711,3,0,16,4,0,1,1,1,1785503616
2026-07-31T13:15:21Z,712,5,5,10,0,0,1,1,1,1785503356
2026-07-31T13:15:21Z,713,6,1,17,0,0,1,1,1,1785502649
2026-07-31T13:15:21Z,716,4,2,11,0,0,1,1,1,1785503691
2026-07-31T13:15:21Z,717,4,3,18,3,0,1,1,1,1785502657
2026-07-31T13:15:21Z,718,7,1,5,3,0,1,1,1,1785503502
2026-07-31T13:15:21Z,719,11,3,18,0,0,1,1,1,1785503627
2026-07-31T13:15:21Z,720,1,0,18,0,0,1,1,1,1785502162
2026-07-31T13:15:21Z,721,0,0,21,2,0,1,1,1,1785502989
2026-07-31T13:15:21Z,722,5,0,10,0,0,1,1,1,1785501923
2026-07-31T13:15:21Z,723,12,1,11,0,0,1,1,1,1785502030
2026-07-31T13:15:21Z,724,6,1,17,0,0,1,1,1,1785503468
2026-07-31T13:15:21Z,725,21,4,1,1,0,1,1,1,1785502711
2026-07-31T13:15:21Z,726,13,2,6,0,0,1,1,1,1785503637
2026-07-31T13:15:21Z,727,8,3,12,3,0,1,1,1,1785502939
2026-07-31T13:15:21Z,728,9,0,5,1,0,1,1,1,1785502466
2026-07-31T13:15:21Z,729,0,0,19,0,0,1,1,1,1785503352
2026-07-31T13:15:21Z,730,3,2,10,2,0,1,1,1,1785503062
2026-07-31T13:15:21Z,731,10,4,4,1,0,1,1,1,1785502471
2026-07-31T13:15:21Z,732,7,5,8,0,0,1,1,1,1785503214
2026-07-31T13:15:21Z,733,3,0,24,0,0,1,1,1,1785503061
2026-07-31T13:15:21Z,734,2,1,11,1,0,1,1,1,1785503151
2026-07-31T13:15:21Z,735,8,3,19,0,0,1,1,1,1785503710
2026-07-31T13:15:21Z,736,8,1,10,1,0,1,1,1,1785502687
2026-07-31T13:15:21Z,737,5,4,9,0,1,1,1,1,1785502618
2026-07-31T13:15:21Z,738,12,3,5,2,0,1,1,1,1785503641
2026-07-31T13:15:21Z,739,20,2,6,1,0,1,1,1,1785502260
2026-07-31T13:15:21Z,741,8,0,15,0,0,1,1,1,1785502669
2026-07-31T13:15:21Z,742,21,2,12,2,0,1,1,1,1785503686
2026-07-31T13:15:21Z,743,10,4,8,1,0,1,1,1,1785502376
2026-07-31T13:15:21Z,744,7,2,7,1,0,1,1,1,1785502877
2026-07-31T13:15:21Z,745,13,4,5,1,0,1,1,1,1785502893
2026-07-31T13:15:21Z,746,4,0,18,1,0,1,1,1,1785503700
2026-07-31T13:15:21Z,747,0,0,4,0,0,0,1,1,1783446606
2026-07-31T13:15:21Z,748,10,1,13,0,0,1,1,1,1785503707
2026-07-31T13:15:21Z,749,1,1,21,1,0,1,1,1,1785503621
2026-07-31T13:15:21Z,750,7,2,4,0,0,1,1,1,1785503512
2026-07-31T13:15:21Z,751,13,1,10,0,0,1,1,1,1785503430
2026-07-31T13:15:21Z,752,15,2,1,1,0,1,1,1,1785503188
2026-07-31T13:15:21Z,753,2,0,13,0,0,1,1,1,1785503575
2026-07-31T13:15:21Z,754,6,2,8,1,0,1,1,1,1785503411
2026-07-31T13:15:21Z,755,12,4,10,1,0,1,1,1,1785503564
2026-07-31T13:15:21Z,756,21,15,15,1,0,1,1,1,1785503323
2026-07-31T13:15:21Z,757,17,6,0,2,0,1,1,1,1785503675
2026-07-31T13:15:21Z,758,5,1,18,0,0,1,1,1,1785503588
2026-07-31T13:15:21Z,759,0,0,0,0,0,1,1,1,86400
2026-07-31T13:15:21Z,760,10,4,9,0,0,1,1,1,1785501932
2026-07-31T13:15:21Z,761,18,1,4,1,0,1,1,1,1785503329
2026-07-31T13:15:21Z,762,5,3,5,5,0,1,1,1,1785502152
2026-07-31T13:15:21Z,768,8,0,8,3,0,1,1,1,1785503102
2026-07-31T13:15:21Z,769,18,12,1,0,0,1,1,1,1785503397
2026-07-31T13:15:21Z,770,10,3,7,2,0,1,1,1,1785503378
2026-07-31T13:15:21Z,771,11,1,3,1,0,1,1,1,1785502570
2026-07-31T13:15:21Z,772,9,1,6,0,0,1,1,1,1785503385
2026-07-31T13:15:21Z,773,15,4,4,0,0,1,1,1,1785502578
2026-07-31T13:15:21Z,774,8,5,4,3,0,1,1,1,1785502498
2026-07-31T13:15:21Z,775,7,0,10,1,1,1,1,1,1785494713
2026-07-31T13:15:21Z,776,3,1,17,1,0,1,1,1,1785502919
2026-07-31T13:15:21Z,777,9,0,3,3,0,1,1,1,1785502804
2026-07-31T13:15:21Z,778,14,0,2,3,0,1,1,1,1785502748
2026-07-31T13:15:21Z,779,8,1,10,1,0,1,1,1,1785503545
2026-07-31T13:15:21Z,780,17,2,1,1,0,1,1,1,1785503208
2026-07-31T13:15:21Z,781,2,0,7,2,0,1,1,1,1785503386
2026-07-31T13:15:21Z,782,6,3,9,4,0,1,1,1,1785502393
2026-07-31T13:15:21Z,783,7,0,12,0,0,1,1,1,1785503470
2026-07-31T13:15:21Z,784,19,1,0,0,0,1,1,1,1785503080
2026-07-31T13:15:21Z,785,10,2,3,6,0,1,1,1,1785503648
2026-07-31T13:15:21Z,786,12,5,7,0,0,1,1,1,1785503307
2026-07-31T13:15:21Z,787,10,5,3,2,0,1,1,1,1785503234
2026-07-31T13:15:21Z,788,3,0,12,0,0,1,1,1,1785502146
2026-07-31T13:15:21Z,789,10,2,1,4,0,1,1,1,1785502477
2026-07-31T13:15:21Z,790,1,0,21,1,0,1,1,1,1785502800
2026-07-31T13:15:21Z,791,6,0,12,0,1,1,1,1,1785503445
2026-07-31T13:15:21Z,793,4,0,10,1,0,1,1,1,1785502502
2026-07-31T13:15:21Z,794,19,11,8,2,0,1,1,1,1785503018
2026-07-31T13:15:21Z,796,4,4,14,1,0,1,1,1,1785503068
2026-07-31T13:15:21Z,797,1,0,14,0,0,1,1,1,1785499482
2026-07-31T13:15:21Z,798,11,2,13,1,0,1,1,1,1785503640
2026-07-31T13:15:21Z,799,14,1,1,4,0,1,1,1,1785503129
2026-07-31T13:15:21Z,800,7,1,13,1,0,1,1,1,1785502322
2026-07-31T13:15:21Z,801,19,4,1,1,0,1,1,1,1785503677
2026-07-31T13:15:21Z,802,8,0,23,0,0,1,1,1,1785502483
2026-07-31T13:15:21Z,803,1,1,14,0,0,1,1,1,1785502110
2026-07-31T13:15:21Z,806,2,2,13,0,0,1,1,1,1785503638
2026-07-31T13:15:21Z,807,12,0,11,2,0,1,1,1,1785502749
2026-07-31T13:15:21Z,808,5,1,18,2,0,1,1,1,1785503122
2026-07-31T13:15:21Z,809,4,0,18,1,0,1,1,1,1785502307
2026-07-31T13:15:21Z,810,2,0,13,4,0,1,1,1,1785502739
2026-07-31T13:15:21Z,815,2,1,8,4,1,1,1,1,1785503319
2026-07-31T13:15:21Z,817,10,4,5,0,0,1,1,1,1785503447
2026-07-31T13:15:21Z,818,6,0,17,0,0,1,1,1,1785502895
2026-07-31T13:15:21Z,819,6,4,9,0,0,1,1,1,1785487291
2026-07-31T13:15:21Z,820,9,2,8,0,0,1,1,1,1785503352
2026-07-31T13:15:21Z,821,3,1,12,0,0,1,1,1,1785502465
2026-07-31T13:15:21Z,822,10,0,11,2,0,1,1,1,1785503271
2026-07-31T13:15:21Z,823,0,0,15,0,0,1,1,1,1785502544
2026-07-31T13:15:21Z,824,12,4,7,0,0,1,1,1,1785503511
2026-07-31T13:15:21Z,825,7,4,8,0,0,1,1,1,1785503061
2026-07-31T13:15:21Z,826,17,3,0,2,0,1,1,1,1785503266
2026-07-31T13:15:21Z,827,16,4,4,1,0,1,1,1,1785502781
2026-07-31T13:15:21Z,828,12,0,4,2,0,1,1,1,1785502654
2026-07-31T13:15:21Z,829,14,5,13,0,0,1,1,1,1785503530
2026-07-31T13:15:21Z,830,16,2,6,1,0,1,1,1,1785502753
2026-07-31T13:15:21Z,831,8,3,6,1,0,1,1,1,1785503715
2026-07-31T13:15:21Z,832,9,2,6,3,0,1,1,1,1785502554
2026-07-31T13:15:21Z,833,0,0,18,1,0,1,1,1,1785503583
2026-07-31T13:15:21Z,834,7,1,16,1,0,1,1,1,1785503536
2026-07-31T13:15:21Z,835,3,1,13,2,0,1,1,1,1785503315
2026-07-31T13:15:21Z,837,5,1,0,10,0,1,1,1,1785501991
2026-07-31T13:15:21Z,838,13,4,2,0,0,1,1,1,1785503368
2026-07-31T13:15:21Z,839,23,2,6,0,0,1,1,1,1785503697
2026-07-31T13:15:21Z,840,7,4,21,1,0,1,1,1,1785503648
2026-07-31T13:15:21Z,841,5,0,10,0,0,1,1,1,1785503708
2026-07-31T13:15:21Z,842,6,1,17,0,0,1,1,1,1785503545
2026-07-31T13:15:21Z,843,8,0,22,1,0,1,1,1,1785502006
2026-07-31T13:15:21Z,844,6,0,17,0,0,1,1,1,1785501938
2026-07-31T13:15:21Z,845,5,3,12,2,0,1,1,1,1785502101
2026-07-31T13:15:21Z,846,4,0,14,1,0,1,1,1,1785503051
2026-07-31T13:15:21Z,847,7,1,19,1,0,1,1,1,1785502894
2026-07-31T13:15:21Z,848,8,3,10,1,0,1,1,1,1785498928
2026-07-31T13:15:21Z,849,6,1,8,1,0,1,1,1,1785502885
2026-07-31T13:15:21Z,850,7,0,2,2,0,1,1,1,1785503416
2026-07-31T13:15:21Z,851,10,6,25,2,0,1,1,1,1785503049
2026-07-31T13:15:21Z,852,11,6,8,0,0,1,1,1,1785503620
2026-07-31T13:15:21Z,853,10,5,13,0,0,1,1,1,1785502704
2026-07-31T13:15:21Z,854,3,2,12,0,0,1,1,1,1785502746
2026-07-31T13:15:21Z,855,25,0,2,0,0,1,1,1,1785502889
2026-07-31T13:15:21Z,857,4,3,14,1,0,1,1,1,1785502689
2026-07-31T13:15:21Z,858,3,1,15,1,0,1,1,1,1785502479
2026-07-31T13:15:21Z,859,5,0,15,1,0,1,1,1,1785502692
2026-07-31T13:15:21Z,861,8,1,2,1,0,1,1,1,1785488201
2026-07-31T13:15:21Z,862,2,2,13,0,0,1,1,1,1785501927
2026-07-31T13:15:21Z,863,13,0,5,1,0,1,1,1,1785502286
2026-07-31T13:15:21Z,866,11,3,8,0,0,1,1,1,1785502252
2026-07-31T13:15:21Z,867,13,1,2,0,0,1,1,1,1785503351
2026-07-31T13:15:21Z,868,12,2,3,0,0,1,1,1,1785503574
2026-07-31T13:15:21Z,870,7,4,6,2,0,1,1,1,1785501981
2026-07-31T13:15:21Z,871,0,0,10,1,0,1,1,1,1785503157
2026-07-31T13:15:21Z,872,0,0,14,1,0,1,1,1,1785503711
2026-07-31T13:15:21Z,873,27,8,5,1,0,1,1,1,1785503671
2026-07-31T13:15:21Z,874,1,0,11,3,0,1,1,1,1785502048
2026-07-31T13:15:21Z,875,14,10,0,1,0,1,1,1,1785503362
2026-07-31T13:15:21Z,877,12,10,5,2,0,1,1,1,1785503342
2026-07-31T13:15:21Z,878,4,3,14,1,0,1,1,1,1785502104
2026-07-31T13:15:21Z,879,3,1,16,0,0,1,1,1,1785502965
2026-07-31T13:15:21Z,880,1,0,21,1,0,1,1,1,1785502974
2026-07-31T13:15:21Z,881,1,1,18,0,0,1,1,1,1785501960
2026-07-31T13:15:21Z,882,10,0,6,3,0,1,1,1,1785488200
2026-07-31T13:15:21Z,883,10,5,9,0,0,1,1,1,1785503385
2026-07-31T13:15:21Z,884,9,5,12,0,0,1,1,1,1785503342
2026-07-31T13:15:21Z,885,1,0,18,0,0,1,1,1,1785503607
2026-07-31T13:15:21Z,886,24,2,4,1,0,1,1,1,1785503681
2026-07-31T13:15:21Z,887,4,1,10,3,0,1,1,1,1785502494
2026-07-31T13:15:21Z,888,30,7,9,1,1,1,1,1,1785503630
2026-07-31T13:15:21Z,889,13,0,4,2,0,1,1,1,1785503125
2026-07-31T13:15:21Z,890,6,4,9,0,0,1,1,1,1785489632
2026-07-31T13:15:21Z,891,20,0,3,0,0,1,1,1,1785503121
2026-07-31T13:15:21Z,892,13,1,2,0,0,1,1,1,1785488200
2026-07-31T13:15:21Z,895,0,0,19,0,0,1,1,1,1785501047
2026-07-31T13:15:21Z,896,9,1,26,0,0,1,1,1,1785500364
2026-07-31T13:15:21Z,897,11,1,10,0,0,1,1,1,1785501998
2026-07-31T13:15:21Z,898,4,1,15,0,0,1,1,1,1785503527
2026-07-31T13:15:21Z,899,1,0,17,1,0,1,1,1,1785503154
2026-07-31T13:15:21Z,900,8,0,17,2,0,1,1,1,1785503674
2026-07-31T13:15:21Z,901,1,0,17,1,0,1,1,1,1785503202
2026-07-31T13:15:21Z,902,7,0,7,1,0,1,1,1,1785503454
2026-07-31T13:15:21Z,903,12,2,6,1,0,1,1,1,1785503080
2026-07-31T13:15:21Z,904,9,4,9,1,0,1,1,1,1785502105
2026-07-31T13:15:21Z,905,10,0,14,3,0,1,1,1,1785503560
2026-07-31T13:15:21Z,906,0,0,27,0,0,1,1,1,1785502989
2026-07-31T13:15:21Z,907,0,0,30,1,0,1,1,1,1785502329
2026-07-31T13:15:21Z,908,7,0,16,0,0,1,1,1,1785502099
2026-07-31T13:15:21Z,909,4,2,18,1,0,1,1,1,1785503636
2026-07-31T13:15:21Z,910,2,0,29,0,0,1,1,1,1785503646
2026-07-31T13:15:21Z,911,4,1,15,0,0,1,1,1,1785503462
2026-07-31T13:15:21Z,912,3,1,18,2,0,1,1,1,1785503514
2026-07-31T13:15:21Z,913,5,2,14,0,0,1,1,1,1785502746
2026-07-31T13:15:21Z,914,8,0,11,0,0,1,1,1,1785503698
2026-07-31T13:15:21Z,915,9,0,13,1,0,1,1,1,1785503532
2026-07-31T13:15:21Z,916,22,8,1,0,0,1,1,1,1785503041
2026-07-31T13:15:21Z,917,28,4,5,2,0,1,1,1,1785503688
2026-07-31T13:15:21Z,918,0,0,17,2,0,1,1,1,1785503487
2026-07-31T13:15:21Z,919,8,0,30,1,0,1,1,1,1785503617
2026-07-31T13:15:21Z,920,5,2,14,0,0,1,1,1,1785503511
2026-07-31T13:15:21Z,921,12,0,9,0,0,1,1,1,1785503603
2026-07-31T13:15:21Z,922,1,0,19,1,0,1,1,1,1785503580
2026-07-31T13:15:21Z,923,11,3,8,0,0,1,1,1,1785503273
2026-07-31T13:15:21Z,924,9,2,12,0,0,1,1,1,1785502799
2026-07-31T13:15:21Z,925,13,0,8,0,0,1,1,1,1785502271
2026-07-31T13:15:21Z,926,2,1,19,0,0,1,1,1,1785502397
2026-07-31T13:15:21Z,927,18,2,17,0,0,1,1,1,1785503239
2026-07-31T13:15:21Z,928,0,0,19,0,0,0,1,1,1785500252
2026-07-31T13:15:21Z,929,20,3,3,0,0,1,1,1,1785503665
2026-07-31T13:15:21Z,930,2,0,28,1,0,1,1,1,1785503684
2026-07-31T13:15:21Z,931,12,11,10,1,0,1,1,1,1785503619
2026-07-31T13:15:21Z,932,0,0,16,3,0,1,1,1,1785503557
2026-07-31T13:15:21Z,933,0,0,23,0,0,1,1,1,1785502389
2026-07-31T13:15:21Z,934,5,0,25,1,0,1,1,1,1785503577
2026-07-31T13:15:21Z,935,2,0,16,1,0,1,1,1,1785502953
2026-07-31T13:15:21Z,936,11,1,8,0,0,1,1,1,1785503221
2026-07-31T13:15:21Z,940,11,0,0,0,0,1,1,1,1785502846
2026-07-31T13:15:21Z,941,7,0,16,2,0,1,1,1,1785502935
2026-07-31T13:15:21Z,942,4,1,16,1,0,1,1,1,1785503680
2026-07-31T13:15:21Z,943,9,8,6,0,0,1,1,1,1785502000
2026-07-31T13:15:21Z,944,9,8,6,0,0,1,1,1,1785503640
2026-07-31T13:15:21Z,945,10,8,5,0,0,1,1,1,1785503155
2026-07-31T13:15:21Z,946,7,5,12,0,0,1,1,1,1785487593
2026-07-31T13:15:21Z,947,7,5,10,0,0,1,1,1,1785503653
2026-07-31T13:15:21Z,948,21,8,5,5,0,1,1,1,1785503634
2026-07-31T13:15:21Z,949,9,4,6,0,0,1,1,1,1785503486
2026-07-31T13:15:21Z,950,6,5,10,1,0,1,1,1,1785503661
2026-07-31T13:15:21Z,951,22,4,0,1,0,1,1,1,1785502538
2026-07-31T13:15:21Z,952,30,7,25,0,0,1,1,1,1785503640
2026-07-31T13:15:21Z,953,5,0,9,1,0,1,1,1,1785502922
2026-07-31T13:15:21Z,954,15,4,4,0,0,1,1,1,1785503576
2026-07-31T13:15:21Z,955,4,3,17,6,0,1,1,1,1785502890
2026-07-31T13:15:21Z,956,3,3,18,2,0,1,1,1,1785503711
2026-07-31T13:15:21Z,957,4,0,25,0,0,1,1,1,1785503357
2026-07-31T13:15:21Z,958,4,1,27,0,0,1,1,1,1785503174
2026-07-31T13:15:21Z,959,18,9,3,2,0,1,1,1,1785503565
2026-07-31T13:15:21Z,960,16,0,6,1,0,1,1,1,1785502963
2026-07-31T13:15:21Z,961,0,0,20,3,0,1,1,1,1785502572
2026-07-31T13:15:21Z,962,11,3,21,3,0,1,1,1,1785503448
2026-07-31T13:15:21Z,963,3,0,19,1,0,1,1,1,1785503429
2026-07-31T13:15:21Z,964,6,5,16,1,0,1,1,1,1785503629
2026-07-31T13:15:21Z,965,10,4,16,1,0,1,1,1,1785502889
2026-07-31T13:15:21Z,966,28,0,2,1,0,1,1,1,1785503708
2026-07-31T13:15:21Z,967,17,0,3,1,0,1,1,1,1785503519
2026-07-31T13:15:21Z,968,9,0,9,1,0,1,1,1,1785503653
2026-07-31T13:15:21Z,969,10,10,16,1,0,1,1,1,1785503621
2026-07-31T13:15:21Z,970,10,1,7,2,0,1,1,1,1785503709
2026-07-31T13:15:21Z,971,6,0,16,1,0,1,1,1,1785503634
2026-07-31T13:15:21Z,972,9,1,13,1,0,1,1,1,1785503643
2026-07-31T13:15:21Z,973,5,3,17,1,0,1,1,1,1785503163
2026-07-31T13:15:21Z,974,6,0,21,0,0,1,1,1,1785503589
2026-07-31T13:15:21Z,977,9,2,10,2,0,1,1,1,1785503112
2026-07-31T13:15:21Z,978,17,1,6,0,0,1,1,1,1785502958
2026-07-31T13:15:21Z,979,9,0,8,0,0,1,1,1,1785503200
2026-07-31T13:15:21Z,980,14,0,5,2,0,1,1,1,1785503564
2026-07-31T13:15:21Z,981,14,0,6,1,0,1,1,1,1785503510
2026-07-31T13:15:21Z,982,4,2,14,1,0,1,1,1,1785503694
2026-07-31T13:15:21Z,983,4,2,18,1,0,1,1,1,1785503141
2026-07-31T13:15:21Z,984,6,0,17,0,0,1,1,1,1785503349
2026-07-31T13:15:21Z,985,9,1,22,0,0,1,1,1,1785503703
2026-07-31T13:15:21Z,986,3,0,15,1,0,1,1,1,1785503693
2026-07-31T13:15:21Z,987,7,1,16,0,0,1,1,1,1785502428
2026-07-31T13:15:21Z,988,5,1,13,1,0,1,1,1,1785502037
2026-07-31T13:15:21Z,989,10,4,9,0,0,1,1,1,1785502839
2026-07-31T13:15:21Z,990,13,2,1,1,0,1,1,1,1785502314
2026-07-31T13:15:21Z,991,9,1,9,1,0,1,1,1,1785503629
2026-07-31T13:15:21Z,992,9,6,13,1,0,1,1,1,1785502633
2026-07-31T13:15:21Z,993,2,1,23,2,0,1,1,1,1785503328
2026-07-31T13:15:21Z,994,2,1,19,0,0,1,1,1,1785502853
2026-07-31T13:15:21Z,995,6,0,21,0,0,1,1,1,1785502072
2026-07-31T13:15:21Z,996,8,1,15,0,0,1,1,1,1785503688
2026-07-31T13:15:21Z,997,4,3,6,10,3,1,1,1,1785503559
2026-07-31T13:15:21Z,998,3,3,19,1,0,1,1,1,1785502181
2026-07-31T13:15:21Z,999,2,0,16,3,0,1,1,1,1785503716
2026-07-31T13:15:21Z,1000,5,2,16,0,0,1,1,1,1785502744
2026-07-31T13:15:21Z,1001,2,1,25,0,0,1,1,1,1785502213
2026-07-31T13:15:21Z,1002,2,2,27,2,0,1,1,1,1785502228
2026-07-31T13:15:21Z,1003,0,0,22,1,0,1,1,1,1785503643
2026-07-31T13:15:21Z,1004,7,0,16,0,0,1,1,1,1785503088
2026-07-31T13:15:21Z,1005,20,1,3,0,0,1,1,1,1785502015
2026-07-31T13:15:21Z,1006,9,5,10,0,0,1,1,1,1785503658
2026-07-31T13:15:21Z,1007,0,0,21,0,0,1,1,1,1785503486
2026-07-31T13:15:21Z,1008,6,5,15,2,0,1,1,1,1785502809
2026-07-31T13:15:21Z,1009,19,2,8,4,0,1,1,1,1785502672
2026-07-31T13:15:21Z,1010,8,2,19,0,0,1,1,1,1785503516
2026-07-31T13:15:21Z,1011,7,2,10,2,0,1,1,1,1785502218
2026-07-31T13:15:21Z,1012,4,3,18,1,0,1,1,1,1785503600
2026-07-31T13:15:21Z,1013,2,1,20,1,0,1,1,1,1785502370
2026-07-31T13:15:21Z,1014,7,2,13,3,0,1,1,1,1785502303
2026-07-31T13:15:21Z,1015,3,1,25,3,0,1,1,1,1785502601
2026-07-31T13:15:21Z,1016,10,5,21,0,0,1,1,1,1785503493
2026-07-31T13:15:21Z,1017,14,5,7,0,0,1,1,1,1785503002
2026-07-31T13:15:21Z,1018,8,3,14,0,0,1,1,1,1785503686
2026-07-31T13:15:21Z,1019,8,5,7,0,0,1,1,1,1785503596
2026-07-31T13:15:21Z,1020,18,3,3,0,0,1,1,1,1785502869
2026-07-31T13:15:21Z,1021,8,2,5,2,0,1,1,1,1785503608
2026-07-31T13:15:21Z,1022,14,0,13,0,0,1,1,1,1785501973
2026-07-31T13:15:21Z,1023,13,1,9,1,0,1,1,1,1785503426
2026-07-31T13:15:21Z,1024,5,2,13,1,0,1,1,1,1785502593
2026-07-31T13:15:21Z,1025,4,0,14,0,1,1,1,1,1785501943
2026-07-31T13:15:21Z,1026,7,4,18,6,0,1,1,1,1785502955
2026-07-31T13:15:21Z,1028,3,1,20,0,0,1,1,1,1785501960
2026-07-31T13:15:21Z,1029,11,10,4,0,0,1,1,1,1785502880
2026-07-31T13:15:21Z,1030,13,4,10,0,0,1,1,1,1785503012
2026-07-31T13:15:21Z,1031,8,0,11,0,0,1,1,1,1785502995
2026-07-31T13:15:21Z,1032,7,1,12,0,0,1,1,1,1785503661
2026-07-31T13:15:21Z,1033,10,6,9,0,0,1,1,1,1785503177
2026-07-31T13:15:21Z,1034,3,0,12,0,0,1,1,1,1785503665
2026-07-31T13:15:21Z,1035,2,1,15,2,0,1,1,1,1785503716
2026-07-31T13:15:21Z,1036,14,0,1,0,0,1,1,1,1785502431
2026-07-31T13:15:21Z,1037,5,0,13,1,0,1,1,1,1785502218
2026-07-31T13:15:21Z,1038,3,1,12,0,0,1,1,1,1785503362
2026-07-31T13:15:21Z,1039,7,2,12,0,0,1,1,1,1785502000
2026-07-31T13:15:21Z,1040,6,3,11,2,0,1,1,1,1785503702
2026-07-31T13:15:21Z,1041,10,3,9,0,0,1,1,1,1785503581
2026-07-31T13:15:21Z,1042,13,2,1,1,0,1,1,1,1785503626
2026-07-31T13:15:21Z,1043,10,0,5,4,0,1,1,1,1785501921
2026-07-31T13:15:21Z,1044,2,1,13,0,0,1,1,1,1785503417
2026-07-31T13:15:21Z,1045,10,0,9,0,0,1,1,1,1785503648
2026-07-31T13:15:21Z,1046,7,0,8,0,0,1,1,1,1785503040
2026-07-31T13:15:21Z,1047,5,0,16,0,0,1,1,1,1785502604
2026-07-31T13:15:21Z,1048,8,0,11,0,0,1,1,1,1785503625
2026-07-31T13:15:21Z,1049,5,0,16,0,0,1,1,1,1785503708
2026-07-31T13:15:21Z,1050,17,4,4,0,0,1,1,1,1785502995
2026-07-31T13:15:21Z,1051,8,3,13,0,0,1,1,1,1785502869
2026-07-31T13:15:21Z,1052,17,2,5,0,0,1,1,1,1785503497
2026-07-31T13:15:21Z,1053,2,1,13,0,0,1,1,1,1785503545
2026-07-31T13:15:21Z,1054,14,1,1,0,0,1,1,1,1785501988
2026-07-31T13:15:21Z,1055,7,1,12,0,0,1,1,1,1785501978
2026-07-31T13:15:21Z,1057,8,0,11,0,0,1,1,1,1785503692
2026-07-31T13:15:21Z,1058,7,0,47,2,0,1,1,1,1785503481
2026-07-31T13:15:21Z,1059,1,0,17,1,0,1,1,1,1785503671
2026-07-31T13:15:21Z,1060,28,1,9,0,0,1,1,1,1785503654
2026-07-31T13:15:21Z,1061,33,0,4,0,0,1,1,1,1785502906
2026-07-31T13:15:21Z,1062,9,1,8,0,0,1,1,1,1785503057
2026-07-31T13:15:21Z,1063,12,1,6,1,0,1,1,1,1785503704
2026-07-31T13:15:21Z,1064,3,0,19,1,0,1,1,1,1785502230
2026-07-31T13:15:21Z,1065,16,3,7,0,0,1,1,1,1785502474
2026-07-31T13:15:21Z,1066,10,2,13,0,0,1,1,1,1785502295
2026-07-31T13:15:21Z,1067,8,2,13,2,0,1,1,1,1785502565
2026-07-31T13:15:21Z,1068,8,2,13,2,0,1,1,1,1785502066
2026-07-31T13:15:21Z,1069,12,3,11,0,0,1,1,1,1785502106
2026-07-31T13:15:21Z,1070,12,2,11,0,0,1,1,1,1785502203
2026-07-31T13:15:21Z,1071,7,4,16,0,0,1,1,1,1785502242
2026-07-31T13:15:21Z,1072,11,1,11,1,0,1,1,1,1785502650
2026-07-31T13:15:21Z,1073,18,2,8,1,0,1,1,1,1785503370
2026-07-31T13:15:21Z,1074,10,2,42,1,0,1,1,1,1785503670
2026-07-31T13:15:21Z,1075,9,9,12,0,0,1,1,1,1785503428
2026-07-31T13:15:21Z,1076,15,12,6,0,0,1,1,1,1785502867
2026-07-31T13:15:21Z,1077,8,4,13,0,0,1,1,1,1785503648
2026-07-31T13:15:21Z,1078,11,10,10,0,0,1,1,1,1785502910
2026-07-31T13:15:21Z,1079,11,8,10,0,0,1,1,1,1785503534
2026-07-31T13:15:21Z,1080,10,8,10,1,0,1,1,1,1785502318
2026-07-31T13:15:21Z,1081,13,8,6,0,0,1,1,1,1785502693
2026-07-31T13:15:21Z,1082,7,7,1,0,0,1,1,1,1785502148
2026-07-31T13:15:21Z,1083,13,11,8,0,0,1,1,1,1785501987
2026-07-31T13:15:21Z,1084,9,8,12,0,0,1,1,1,1785503420
2026-07-31T13:15:21Z,1085,13,11,8,0,0,1,1,1,1785503083
2026-07-31T13:15:21Z,1086,5,1,15,1,0,1,1,1,1785502476
2026-07-31T13:15:21Z,1087,8,6,7,0,0,1,1,1,1785502946
2026-07-31T13:15:21Z,1088,9,7,6,0,0,1,1,1,1785503708
2026-07-31T13:15:21Z,1089,8,6,7,0,0,1,1,1,1785503596
2026-07-31T13:15:21Z,1090,9,8,6,0,0,1,1,1,1785502775
2026-07-31T13:15:21Z,1091,11,6,4,0,0,1,1,1,1785502685
2026-07-31T13:15:21Z,1092,10,9,5,0,0,1,1,1,1785502296
2026-07-31T13:15:21Z,1093,6,5,9,0,0,1,1,1,1785502594
2026-07-31T13:15:21Z,1094,11,10,8,0,0,1,1,1,1785503667
2026-07-31T13:15:21Z,1095,8,7,7,0,0,1,1,1,1785502526
2026-07-31T13:15:21Z,1096,5,3,13,1,0,1,1,1,1785502209
2026-07-31T13:15:21Z,1097,9,9,6,0,0,1,1,1,1785502418
2026-07-31T13:15:21Z,1098,9,7,10,0,0,1,1,1,1785502769
2026-07-31T13:15:21Z,1099,7,6,8,0,0,1,1,1,1785503493
2026-07-31T13:15:21Z,1100,8,4,21,0,0,1,1,1,1785493678
2026-07-31T13:15:21Z,1101,10,5,11,0,0,1,1,1,1785503396
2026-07-31T13:15:21Z,1102,9,4,4,0,0,1,1,1,1785502659
2026-07-31T13:15:21Z,1103,11,5,10,0,0,1,1,1,1785503681
2026-07-31T13:15:21Z,1104,10,5,11,0,0,1,1,1,1785503152
2026-07-31T13:15:21Z,1105,8,4,5,0,0,1,1,1,1785502546
2026-07-31T13:15:21Z,1106,10,5,11,0,0,1,1,1,1785503494
2026-07-31T13:15:21Z,1107,9,5,6,0,0,1,1,1,1785503213
2026-07-31T13:15:21Z,1108,8,4,16,2,1,1,1,1,1785502476
2026-07-31T13:15:21Z,1109,9,4,6,0,0,1,1,1,1785501907
2026-07-31T13:15:21Z,1110,12,4,9,0,0,1,1,1,1785503019
2026-07-31T13:15:21Z,1111,3,2,18,0,0,1,1,1,1785475740
2026-07-31T13:15:21Z,1112,42,0,11,0,0,1,1,1,1785503665
2026-07-31T13:15:21Z,1113,4,0,17,0,0,1,1,1,1785502964
2026-07-31T13:15:21Z,1115,15,4,4,4,0,1,1,1,1785502378
2026-07-31T13:15:21Z,1116,5,1,14,0,0,1,1,1,1785503679
2026-07-31T13:15:21Z,1117,12,4,10,1,0,1,1,1,1785503538
2026-07-31T13:15:21Z,1118,13,0,6,2,0,1,1,1,1785503690
2026-07-31T13:15:21Z,1119,12,0,5,0,0,1,1,1,1785502878
2026-07-31T13:15:21Z,1120,12,0,6,1,0,1,1,1,1785502095
2026-07-31T13:15:21Z,1121,7,2,12,2,0,1,1,1,1785503363
2026-07-31T13:15:21Z,1122,10,8,8,3,0,1,1,1,1785503092
2026-07-31T13:15:21Z,1123,9,6,12,2,0,1,1,1,1785503321
2026-07-31T13:15:21Z,1124,7,2,4,4,0,1,1,1,1785502887
2026-07-31T13:15:21Z,1125,16,2,7,0,0,1,1,1,1785503241
2026-07-31T13:15:21Z,1126,3,1,17,1,0,1,1,1,1785503181
2026-07-31T13:15:21Z,1127,7,0,11,1,0,1,1,1,1785502385
2026-07-31T13:15:21Z,1128,14,2,0,1,0,1,1,1,1785503674
2026-07-31T13:15:21Z,1129,1,1,19,1,0,1,1,1,1785503405
2026-07-31T13:15:21Z,1130,11,0,4,0,0,1,1,1,1785503703
2026-07-31T13:15:21Z,1131,17,1,30,2,0,1,1,1,1785503603
2026-07-31T13:15:21Z,1132,10,4,10,1,0,1,1,1,1785503461
2026-07-31T13:15:21Z,1133,10,7,10,1,0,1,1,1,1785503692
2026-07-31T13:15:21Z,1134,10,5,9,0,0,1,1,1,1785502373
2026-07-31T13:15:21Z,1135,11,6,10,0,0,1,1,1,1785503291
2026-07-31T13:15:21Z,1136,9,0,14,0,0,1,1,1,1785502448
2026-07-31T13:15:21Z,1137,14,0,1,0,0,1,1,1,1785503590
2026-07-31T13:15:21Z,1138,14,0,5,0,0,1,1,1,1785503639
2026-07-31T13:15:21Z,1139,13,3,6,2,0,1,1,1,1785503091
2026-07-31T13:15:21Z,1140,15,0,7,1,0,1,1,1,1785503422
2026-07-31T13:15:21Z,1141,7,1,14,0,0,1,1,1,1785503668
2026-07-31T13:15:21Z,1142,1,0,20,0,0,1,1,1,1785502502
2026-07-31T13:15:21Z,1143,5,0,24,0,0,1,1,1,1785503703
2026-07-31T13:15:21Z,1144,8,1,12,1,0,1,1,1,1785503640
2026-07-31T13:15:21Z,1145,10,5,10,1,0,1,1,1,1785502253
2026-07-31T13:15:21Z,1146,1,0,15,3,0,1,1,1,1785503622
2026-07-31T13:15:21Z,1147,9,2,10,0,0,1,1,1,1785503604
2026-07-31T13:15:21Z,1148,3,1,28,0,0,1,1,1,1785503555
2026-07-31T13:15:21Z,1149,20,2,4,1,0,1,1,1,1785503362
2026-07-31T13:15:21Z,1150,16,0,3,0,0,1,1,1,1785503568
2026-07-31T13:15:21Z,1151,15,0,6,0,0,1,1,1,1785502515
2026-07-31T13:15:21Z,1152,23,1,6,0,0,1,1,1,1785503638
2026-07-31T13:15:21Z,1153,19,6,3,1,0,1,1,1,1785502408
2026-07-31T13:15:21Z,1154,16,1,3,0,0,1,1,1,1785503103
2026-07-31T13:15:21Z,1155,14,7,5,2,0,1,1,1,1785503679
2026-07-31T13:15:21Z,1158,3,0,15,1,0,1,1,1,1785503568
2026-07-31T13:15:21Z,1159,13,1,6,0,0,1,1,1,1785502110
2026-07-31T13:15:21Z,1160,8,1,10,1,0,1,1,1,1785503071
2026-07-31T13:15:21Z,1161,4,0,14,1,0,1,1,1,1785502247
2026-07-31T13:15:21Z,1162,0,0,19,0,0,1,1,1,1785502495
2026-07-31T13:15:21Z,1163,1,1,17,1,0,1,1,1,1785503686
2026-07-31T13:15:21Z,1164,6,1,13,0,0,1,1,1,1785501928
2026-07-31T13:15:21Z,1165,5,0,16,0,0,1,1,1,1785502666
2026-07-31T13:15:21Z,1166,12,2,8,1,0,1,1,1,1785502183
2026-07-31T13:15:21Z,1167,4,0,11,0,0,1,1,1,1785503441
2026-07-31T13:15:21Z,1168,1,1,21,1,0,1,1,1,1785502135
2026-07-31T13:15:21Z,1169,3,0,15,1,0,1,1,1,1785503590
2026-07-31T13:15:21Z,1170,7,0,14,0,0,1,1,1,1785503514
2026-07-31T13:15:21Z,1171,8,7,15,0,0,1,1,1,1785503650
2026-07-31T13:15:21Z,1172,5,2,8,2,0,1,1,1,1785502066
2026-07-31T13:15:21Z,1173,13,5,6,0,0,1,1,1,1785502027
2026-07-31T13:15:21Z,1174,6,3,9,0,0,1,1,1,1785503511
2026-07-31T13:15:21Z,1175,5,3,14,0,0,1,1,1,1785501948
2026-07-31T13:15:21Z,1176,19,1,2,0,0,1,1,1,1785503052
2026-07-31T13:15:21Z,1177,3,1,18,0,0,1,1,1,1785502981
2026-07-31T13:15:21Z,1178,3,0,12,0,0,1,1,1,1785503469
2026-07-31T13:15:21Z,1181,9,0,5,1,0,1,1,1,1785503429
2026-07-31T13:15:21Z,1182,11,1,9,0,0,1,1,1,1785503686
2026-07-31T13:15:21Z,1183,22,5,20,3,0,1,1,1,1785503606
2026-07-31T13:15:21Z,1184,2,2,17,2,0,1,1,1,1785503276
2026-07-31T13:15:21Z,1185,9,5,12,0,0,1,1,1,1785503108
2026-07-31T13:15:21Z,1186,9,5,10,0,0,1,1,1,1785502297
2026-07-31T13:15:21Z,1187,10,5,10,1,0,1,1,1,1785502619
2026-07-31T13:15:21Z,1188,10,5,5,0,0,1,1,1,1785501959
2026-07-31T13:15:21Z,1189,10,5,9,0,0,1,1,1,1785502059
2026-07-31T13:15:21Z,1190,9,4,12,0,0,1,1,1,1785503271
2026-07-31T13:15:21Z,1191,10,5,5,0,0,1,1,1,1785501964
2026-07-31T13:15:21Z,1192,10,6,10,1,0,1,1,1,1785503641
2026-07-31T13:15:21Z,1193,6,4,5,2,0,1,1,1,1785502829
2026-07-31T13:15:21Z,1197,8,6,8,1,0,1,1,1,1785502958
2026-07-31T13:15:21Z,1198,15,4,4,2,0,1,1,1,1785502349
2026-07-31T13:15:21Z,1199,2,0,17,0,0,1,1,1,1785502365
2026-07-31T13:15:21Z,1200,10,5,5,0,0,1,1,1,1785502001
2026-07-31T13:15:21Z,1201,10,5,5,0,0,1,1,1,1785501978
2026-07-31T13:15:21Z,1202,10,5,5,0,0,1,1,1,1785502079
2026-07-31T13:15:21Z,1203,10,5,5,0,0,1,1,1,1785501977
2026-07-31T13:15:21Z,1204,8,4,11,0,0,1,1,1,1785503546
2026-07-31T13:15:21Z,1206,11,5,10,0,0,1,1,1,1785502768
2026-07-31T13:15:21Z,1207,8,4,6,1,0,1,1,1,1785502290
2026-07-31T13:15:21Z,1208,9,4,10,0,0,1,1,1,1785502209
2026-07-31T13:15:21Z,1216,8,0,12,1,0,1,1,1,1785502998
2026-07-31T13:15:21Z,1218,4,0,17,0,0,1,1,1,1785503391
2026-07-31T13:15:21Z,1219,6,1,8,1,0,1,1,1,1785503240
2026-07-31T13:15:21Z,1220,14,7,4,1,0,1,1,1,1785503181
2026-07-31T13:15:21Z,1221,1,1,19,1,0,1,1,1,1785502704
2026-07-31T13:15:21Z,1222,25,0,4,0,0,1,1,1,1785503690
2026-07-31T13:15:21Z,1223,15,1,14,0,0,1,1,1,1785503688
2026-07-31T13:15:21Z,1226,0,0,3,0,0,0,1,1,1781868931
2026-07-31T13:15:21Z,1227,16,1,9,0,0,1,1,1,1785503472
2026-07-31T13:15:21Z,1228,17,1,12,0,0,1,1,1,1785503250
2026-07-31T13:15:21Z,1229,32,3,11,1,1,1,1,1,1785503610
2026-07-31T13:20:21Z,1,7,2,16,0,0,1,1,1,1785503825
2026-07-31T13:20:21Z,2,12,0,13,2,0,1,1,1,1785503795
2026-07-31T13:20:21Z,3,12,2,1,1,0,1,1,1,1785503295
2026-07-31T13:20:21Z,4,15,2,6,1,0,1,1,1,1785503981
2026-07-31T13:20:21Z,5,11,3,11,1,0,1,1,1,1785497818
2026-07-31T13:20:21Z,6,5,0,10,0,0,1,1,1,1785502996
2026-07-31T13:20:21Z,7,2,0,37,0,0,1,1,1,1785502856
2026-07-31T13:20:21Z,8,10,1,33,0,0,1,1,1,1785503717
2026-07-31T13:20:21Z,9,8,2,15,0,0,1,1,1,1785503078
2026-07-31T13:20:21Z,10,0,0,21,2,0,1,1,1,1785500952
2026-07-31T13:20:21Z,11,13,4,5,1,0,1,1,1,1785502667
2026-07-31T13:20:21Z,12,1,1,22,0,0,1,1,1,1785503193
2026-07-31T13:20:21Z,13,5,0,25,0,0,1,1,1,1785503769
2026-07-31T13:20:21Z,14,3,0,39,0,1,1,1,1,1785504014
2026-07-31T13:20:21Z,15,1,0,14,0,0,1,1,1,1785500656
2026-07-31T13:20:21Z,16,7,0,17,2,1,1,1,1,1785503937
2026-07-31T13:20:21Z,17,2,0,24,1,0,1,1,1,1785504007
2026-07-31T13:20:21Z,18,5,1,11,2,0,1,1,1,1785503904
2026-07-31T13:20:21Z,19,9,2,17,1,0,1,1,1,1785503706
2026-07-31T13:20:21Z,20,2,0,33,0,0,1,1,1,1785503500
2026-07-31T13:20:21Z,21,7,0,10,2,0,1,1,1,1785504008
2026-07-31T13:20:21Z,22,36,0,28,1,0,1,1,1,1785504008
2026-07-31T13:20:21Z,23,28,10,3,0,0,1,1,1,1785503057
2026-07-31T13:20:21Z,24,5,4,4,2,0,1,1,1,1785504011
2026-07-31T13:20:21Z,25,20,5,58,2,1,1,1,1,1785503949
2026-07-31T13:20:21Z,26,13,2,14,0,0,1,1,1,1785503551
2026-07-31T13:20:21Z,28,10,1,5,0,0,1,1,1,1785503643
2026-07-31T13:20:21Z,30,13,4,15,1,0,1,1,1,1785503389
2026-07-31T13:20:21Z,31,4,1,14,1,0,1,1,1,1785503950
2026-07-31T13:20:21Z,32,13,0,14,0,0,1,1,1,1785503755
2026-07-31T13:20:21Z,34,5,2,31,1,0,1,1,1,1785504015
2026-07-31T13:20:21Z,35,35,3,10,2,0,1,1,1,1785503608
2026-07-31T13:20:21Z,36,0,0,0,0,0,0,1,1,86400
2026-07-31T13:20:21Z,37,1,0,22,0,0,1,1,1,1785503919
2026-07-31T13:20:21Z,38,13,4,10,0,0,1,1,1,1785504003
2026-07-31T13:20:21Z,39,21,3,18,0,0,1,1,1,1785500283
2026-07-31T13:20:21Z,40,13,0,8,0,0,1,1,1,1785503880
2026-07-31T13:20:21Z,41,10,0,32,1,0,1,1,1,1785503058
2026-07-31T13:20:21Z,42,16,5,15,0,0,1,1,1,1785503185
2026-07-31T13:20:21Z,43,3,0,20,0,0,1,1,1,1785503158
2026-07-31T13:20:21Z,45,20,4,8,1,0,1,1,1,1785503879
2026-07-31T13:20:21Z,46,1,0,30,0,0,1,1,1,1785503798
2026-07-31T13:20:21Z,47,12,8,2,1,0,1,1,1,1785503758
2026-07-31T13:20:21Z,48,13,0,14,0,0,1,1,1,1785503454
2026-07-31T13:20:21Z,49,20,0,2,1,0,1,1,1,1785503709
2026-07-31T13:20:21Z,50,16,10,3,0,0,1,1,1,1785503915
2026-07-31T13:20:21Z,51,46,0,31,0,0,1,1,1,1785503950
2026-07-31T13:20:21Z,52,13,2,11,3,0,1,1,1,1785503942
2026-07-31T13:20:21Z,55,8,0,15,0,0,1,1,1,1785503631
2026-07-31T13:20:21Z,56,3,0,39,1,0,1,1,1,1785503912
2026-07-31T13:20:21Z,57,9,1,18,0,0,1,1,1,1785503964
2026-07-31T13:20:21Z,58,15,4,13,0,0,1,1,1,1785502826
2026-07-31T13:20:21Z,59,23,7,2,2,0,1,1,1,1785503960
2026-07-31T13:20:21Z,61,11,0,28,0,0,1,1,1,1785503422
2026-07-31T13:20:21Z,62,21,2,27,1,0,1,1,1,1785504002
2026-07-31T13:20:21Z,63,3,0,16,0,0,1,1,1,1785503753
2026-07-31T13:20:21Z,64,12,2,3,4,0,1,1,1,1785502351
2026-07-31T13:20:21Z,65,17,8,1,1,0,1,1,1,1785502637
2026-07-31T13:20:21Z,67,22,3,17,0,0,1,1,1,1785504002
2026-07-31T13:20:21Z,68,10,2,27,0,0,1,1,1,1785503672
2026-07-31T13:20:21Z,69,8,0,7,0,0,1,1,1,1785503485
2026-07-31T13:20:21Z,71,9,0,17,1,0,1,1,1,1785504006
2026-07-31T13:20:21Z,72,26,8,3,1,1,1,1,1,1785503825
2026-07-31T13:20:21Z,73,29,3,2,0,0,1,1,1,1785504015
2026-07-31T13:20:21Z,74,2,1,17,0,0,1,1,1,1785502720
2026-07-31T13:20:21Z,75,7,2,24,1,0,1,1,1,1785504013
2026-07-31T13:20:21Z,76,10,0,8,1,0,1,1,1,1785504014
2026-07-31T13:20:21Z,77,6,0,18,3,0,1,1,1,1785503883
2026-07-31T13:20:21Z,78,13,7,9,1,0,1,1,1,1785503675
2026-07-31T13:20:21Z,79,14,0,2,1,0,1,1,1,1785503898
2026-07-31T13:20:21Z,80,18,1,1,4,0,1,1,1,1785504003
2026-07-31T13:20:21Z,81,9,3,22,0,0,1,1,1,1785503890
2026-07-31T13:20:21Z,82,17,0,5,1,0,1,1,1,1785503918
2026-07-31T13:20:21Z,83,5,1,28,1,0,1,1,1,1785503876
2026-07-31T13:20:21Z,84,10,0,17,0,0,1,1,1,1785503911
2026-07-31T13:20:21Z,85,10,1,5,0,0,1,1,1,1785503706
2026-07-31T13:20:21Z,86,18,0,9,0,0,1,1,1,1785503556
2026-07-31T13:20:21Z,87,19,0,0,0,0,1,1,1,1785501816
2026-07-31T13:20:21Z,88,11,1,31,1,0,1,1,1,1785503639
2026-07-31T13:20:21Z,89,1,0,34,0,0,1,1,1,1785503199
2026-07-31T13:20:21Z,90,1,0,15,2,0,1,1,1,1785503507
2026-07-31T13:20:21Z,91,17,1,0,0,0,1,1,1,1785503078
2026-07-31T13:20:21Z,92,3,1,13,3,0,1,1,1,1785503971
2026-07-31T13:20:21Z,93,0,0,23,0,0,1,1,1,1785502662
2026-07-31T13:20:21Z,94,9,0,9,1,0,1,1,1,1785502976
2026-07-31T13:20:21Z,95,17,0,16,1,1,1,1,1,1785503905
2026-07-31T13:20:21Z,96,26,1,4,1,0,1,1,1,1785503755
2026-07-31T13:20:21Z,97,2,0,14,1,0,1,1,1,1785503812
2026-07-31T13:20:21Z,98,34,0,1,0,0,1,1,1,1785503380
2026-07-31T13:20:21Z,99,0,0,15,0,0,1,1,1,1785501758
2026-07-31T13:20:21Z,100,0,0,27,0,0,1,1,1,1785504006
2026-07-31T13:20:21Z,101,1,0,12,2,0,1,1,1,1785503841
2026-07-31T13:20:21Z,102,4,0,19,0,0,1,1,1,1785503764
2026-07-31T13:20:21Z,103,10,0,19,1,0,1,1,1,1785503830
2026-07-31T13:20:21Z,104,10,2,15,2,0,1,1,1,1785504015
2026-07-31T13:20:21Z,105,14,0,5,0,0,1,1,1,1785503111
2026-07-31T13:20:21Z,106,3,2,18,0,0,1,1,1,1785503852
2026-07-31T13:20:21Z,107,9,4,26,2,0,1,1,1,1785503877
2026-07-31T13:20:21Z,108,0,0,35,0,0,1,1,1,1785503354
2026-07-31T13:20:21Z,109,1,0,22,0,0,1,1,1,1785503918
2026-07-31T13:20:21Z,110,9,0,14,0,0,1,1,1,1785503857
2026-07-31T13:20:21Z,111,8,1,27,1,0,1,1,1,1785503356
2026-07-31T13:20:21Z,112,2,0,12,1,0,1,1,1,1785503880
2026-07-31T13:20:21Z,113,7,0,11,1,0,1,1,1,1785503968
2026-07-31T13:20:21Z,114,24,6,4,2,1,1,1,1,1785503761
2026-07-31T13:20:21Z,115,17,3,9,2,0,1,1,1,1785503605
2026-07-31T13:20:21Z,116,17,8,8,2,0,1,1,1,1785504011
2026-07-31T13:20:21Z,118,13,2,8,2,0,1,1,1,1785503505
2026-07-31T13:20:21Z,119,12,3,24,2,0,1,1,1,1785503965
2026-07-31T13:20:21Z,120,10,0,16,1,0,1,1,1,1785503989
2026-07-31T13:20:21Z,121,3,1,14,1,1,1,1,1,1785503754
2026-07-31T13:20:21Z,122,16,2,5,0,0,1,1,1,1785503929
2026-07-31T13:20:21Z,123,7,2,40,0,0,1,1,1,1785503839
2026-07-31T13:20:21Z,124,10,0,25,0,0,1,1,1,1785503295
2026-07-31T13:20:21Z,125,10,2,13,0,0,1,1,1,1785503908
2026-07-31T13:20:21Z,126,23,3,8,0,0,1,1,1,1785502570
2026-07-31T13:20:21Z,127,23,0,10,2,0,1,1,1,1785503836
2026-07-31T13:20:21Z,128,13,0,6,0,0,1,1,1,1785503730
2026-07-31T13:20:21Z,129,10,0,7,2,0,1,1,1,1785502548
2026-07-31T13:20:21Z,130,6,1,11,0,0,1,1,1,1785502983
2026-07-31T13:20:21Z,131,5,3,4,2,0,1,1,1,1785503846
2026-07-31T13:20:21Z,132,11,5,2,1,1,1,1,1,1785503423
2026-07-31T13:20:21Z,134,5,1,14,4,0,1,1,1,1785503940
2026-07-31T13:20:21Z,135,7,4,12,0,0,1,1,1,1785503975
2026-07-31T13:20:21Z,136,4,0,11,1,7,1,1,1,1785503741
2026-07-31T13:20:21Z,137,7,3,12,0,0,1,1,1,1785503848
2026-07-31T13:20:21Z,138,29,0,8,0,0,1,1,1,1785503695
2026-07-31T13:20:21Z,139,16,0,2,1,0,1,1,1,1785503981
2026-07-31T13:20:21Z,140,14,0,8,1,0,1,1,1,1785504016
2026-07-31T13:20:21Z,141,15,0,21,0,0,1,1,1,1785503285
2026-07-31T13:20:21Z,142,11,0,12,0,0,1,1,1,1785502973
2026-07-31T13:20:21Z,143,1,0,30,0,0,1,1,1,1785503973
2026-07-31T13:20:21Z,144,12,0,15,0,0,1,1,1,1785503651
2026-07-31T13:20:21Z,146,1,0,21,1,0,1,1,1,1785503981
2026-07-31T13:20:21Z,147,10,4,7,2,0,1,1,1,1785503987
2026-07-31T13:20:21Z,148,7,5,19,0,1,1,1,1,1785503986
2026-07-31T13:20:21Z,149,13,1,14,0,0,1,1,1,1785503865
2026-07-31T13:20:21Z,150,23,6,9,3,0,1,1,1,1785503870
2026-07-31T13:20:21Z,151,8,1,15,0,0,1,1,1,1785503882
2026-07-31T13:20:21Z,152,13,1,10,3,0,1,1,1,1785503642
2026-07-31T13:20:21Z,153,0,0,25,6,0,1,1,1,1785503954
2026-07-31T13:20:21Z,154,15,3,3,5,0,1,1,1,1785504016
2026-07-31T13:20:21Z,155,9,3,4,1,0,1,1,1,1785503819
2026-07-31T13:20:21Z,156,5,0,14,0,0,1,1,1,1785503503
2026-07-31T13:20:21Z,157,6,2,19,2,0,1,1,1,1785503885
2026-07-31T13:20:21Z,158,3,1,13,0,0,1,1,1,1785503785
2026-07-31T13:20:21Z,159,0,0,19,0,0,1,1,1,1785497085
2026-07-31T13:20:21Z,160,6,1,13,0,0,1,1,1,1785503545
2026-07-31T13:20:21Z,161,10,0,12,0,0,1,1,1,1785503668
2026-07-31T13:20:21Z,162,18,2,8,1,0,1,1,1,1785503921
2026-07-31T13:20:21Z,163,11,1,19,0,1,1,1,1,1785503769
2026-07-31T13:20:21Z,164,25,4,2,0,0,1,1,1,1785504016
2026-07-31T13:20:21Z,165,15,10,15,1,0,1,1,1,1785503892
2026-07-31T13:20:21Z,166,18,4,17,4,0,1,1,1,1785504008
2026-07-31T13:20:21Z,167,0,0,22,1,0,1,1,1,1785503915
2026-07-31T13:20:21Z,168,22,5,2,3,0,1,1,1,1785504003
2026-07-31T13:20:21Z,169,4,0,17,1,1,1,1,1,1785503765
2026-07-31T13:20:21Z,170,8,3,10,1,0,1,1,1,1785503957
2026-07-31T13:20:21Z,171,4,1,7,2,0,1,1,1,1785504006
2026-07-31T13:20:21Z,173,27,1,12,0,0,1,1,1,1785503931
2026-07-31T13:20:21Z,174,9,0,15,2,0,1,1,1,1785504007
2026-07-31T13:20:21Z,175,13,0,18,0,0,1,1,1,1785503667
2026-07-31T13:20:21Z,176,2,0,10,2,1,1,1,1,1785504016
2026-07-31T13:20:21Z,177,13,4,14,0,0,1,1,1,1785503531
2026-07-31T13:20:21Z,178,2,0,10,2,1,1,1,1,1785504016
2026-07-31T13:20:21Z,179,6,1,8,1,0,1,1,1,1785503772
2026-07-31T13:20:21Z,180,17,1,13,0,0,1,1,1,1785503991
2026-07-31T13:20:21Z,181,12,1,3,0,0,1,1,1,1785503984
2026-07-31T13:20:21Z,182,2,0,15,0,0,1,1,1,1785502295
2026-07-31T13:20:21Z,183,13,0,9,1,0,1,1,1,1785503762
2026-07-31T13:20:21Z,184,18,0,4,1,0,1,1,1,1785503664
2026-07-31T13:20:21Z,185,8,0,3,3,1,1,1,1,1785503489
2026-07-31T13:20:21Z,186,4,2,15,0,0,1,1,1,1785503811
2026-07-31T13:20:21Z,187,14,0,13,1,0,1,1,1,1785503683
2026-07-31T13:20:21Z,188,1,0,18,8,0,1,1,1,1785503986
2026-07-31T13:20:21Z,189,5,1,9,1,0,1,1,1,1785503962
2026-07-31T13:20:21Z,190,5,4,18,0,0,1,1,1,1785503817
2026-07-31T13:20:21Z,191,8,1,31,0,0,1,1,1,1785503940
2026-07-31T13:20:21Z,192,9,1,19,3,0,1,1,1,1785503731
2026-07-31T13:20:21Z,193,8,5,7,0,0,1,1,1,1785503497
2026-07-31T13:20:21Z,194,20,4,6,1,0,1,1,1,1785503857
2026-07-31T13:20:21Z,195,7,2,12,0,0,1,1,1,1785503607
2026-07-31T13:20:21Z,196,2,1,24,1,0,1,1,1,1785503448
2026-07-31T13:20:21Z,197,12,5,6,0,1,1,1,1,1785503801
2026-07-31T13:20:21Z,198,16,12,7,0,0,1,1,1,1785503565
2026-07-31T13:20:21Z,199,6,5,8,1,0,1,1,1,1785503113
2026-07-31T13:20:21Z,200,17,1,8,1,0,1,1,1,1785503584
2026-07-31T13:20:21Z,201,16,2,7,0,0,1,1,1,1785503980
2026-07-31T13:20:21Z,202,6,1,21,0,0,1,1,1,1785503886
2026-07-31T13:20:21Z,203,25,1,5,1,0,1,1,1,1785504003
2026-07-31T13:20:21Z,204,27,1,7,1,0,1,1,1,1785503780
2026-07-31T13:20:21Z,205,18,4,9,0,0,1,1,1,1785503645
2026-07-31T13:20:21Z,206,2,1,13,0,0,1,1,1,1785503091
2026-07-31T13:20:21Z,207,7,0,14,0,0,1,1,1,1785502861
2026-07-31T13:20:21Z,208,15,3,14,0,0,1,1,1,1785504006
2026-07-31T13:20:21Z,209,3,0,26,2,0,1,1,1,1785503953
2026-07-31T13:20:21Z,210,13,1,14,0,0,1,1,1,1785503214
2026-07-31T13:20:21Z,211,3,3,19,1,0,1,1,1,1785503111
2026-07-31T13:20:21Z,212,24,1,10,1,0,1,1,1,1785504008
2026-07-31T13:20:21Z,213,1,1,21,1,0,1,1,1,1785503940
2026-07-31T13:20:21Z,214,38,2,7,2,0,1,1,1,1785503921
2026-07-31T13:20:21Z,215,9,4,13,1,0,1,1,1,1785503891
2026-07-31T13:20:21Z,216,2,0,16,1,0,1,1,1,1785503881
2026-07-31T13:20:21Z,217,5,0,23,1,0,1,1,1,1785503837
2026-07-31T13:20:21Z,218,20,9,17,2,0,1,1,1,1785504015
2026-07-31T13:20:21Z,219,7,0,17,2,0,1,1,1,1785504016
2026-07-31T13:20:21Z,220,14,7,28,0,1,1,1,1,1785503910
2026-07-31T13:20:21Z,221,1,0,12,2,0,1,1,1,1785503915
2026-07-31T13:20:21Z,222,7,7,12,0,0,1,1,1,1785503895
2026-07-31T13:20:21Z,223,18,3,12,5,0,1,1,1,1785503888
2026-07-31T13:20:21Z,224,8,4,14,0,0,1,1,1,1785503838
2026-07-31T13:20:21Z,225,13,2,0,6,0,1,1,1,1785504001
2026-07-31T13:20:21Z,226,26,7,4,1,0,1,1,1,1785503974
2026-07-31T13:20:21Z,227,18,9,7,1,1,1,1,1,1785503961
2026-07-31T13:20:21Z,228,4,0,15,0,0,1,1,1,1785502999
2026-07-31T13:20:21Z,230,10,4,16,0,0,1,1,1,1785503990
2026-07-31T13:20:21Z,232,3,2,13,1,0,1,1,1,1785503404
2026-07-31T13:20:21Z,233,14,0,15,2,0,1,1,1,1785503625
2026-07-31T13:20:21Z,234,4,3,11,2,2,1,1,1,1785503524
2026-07-31T13:20:21Z,236,5,1,14,0,0,1,1,1,1785503016
2026-07-31T13:20:21Z,237,6,3,16,1,0,1,1,1,1785503005
2026-07-31T13:20:21Z,239,20,16,6,1,0,1,1,1,1785503881
2026-07-31T13:20:21Z,241,9,3,13,1,0,1,1,1,1785503757
2026-07-31T13:20:21Z,242,5,0,15,3,0,1,1,1,1785503692
2026-07-31T13:20:21Z,243,3,2,27,1,0,1,1,1,1785503953
2026-07-31T13:20:21Z,244,8,1,17,2,0,1,1,1,1785503774
2026-07-31T13:20:21Z,245,3,2,20,0,0,1,1,1,1785503475
2026-07-31T13:20:21Z,246,18,1,5,0,0,1,1,1,1785503915
2026-07-31T13:20:21Z,247,8,7,14,1,0,1,1,1,1785503655
2026-07-31T13:20:21Z,248,12,3,9,2,0,1,1,1,1785503800
2026-07-31T13:20:21Z,249,5,2,14,0,0,1,1,1,1785503834
2026-07-31T13:20:21Z,250,20,9,6,1,0,1,1,1,1785503654
2026-07-31T13:20:21Z,251,8,3,16,3,0,1,1,1,1785503988
2026-07-31T13:20:21Z,253,7,2,12,0,0,1,1,1,1785503889
2026-07-31T13:20:21Z,254,12,11,30,1,0,1,1,1,1785503727
2026-07-31T13:20:21Z,255,0,0,22,0,1,1,1,1,1785503936
2026-07-31T13:20:21Z,256,0,0,20,3,0,1,1,1,1785502223
2026-07-31T13:20:21Z,257,5,3,14,0,0,1,1,1,1785502308
2026-07-31T13:20:21Z,258,6,0,13,0,0,1,1,1,1785503479
2026-07-31T13:20:21Z,259,19,2,2,1,1,1,1,1,1785503745
2026-07-31T13:20:21Z,260,2,1,14,3,0,1,1,1,1785503812
2026-07-31T13:20:21Z,261,8,0,10,0,1,1,1,1,1785503882
2026-07-31T13:20:21Z,262,6,5,16,1,0,1,1,1,1785503961
2026-07-31T13:20:21Z,263,5,0,10,0,0,1,1,1,1785503941
2026-07-31T13:20:21Z,264,8,3,8,3,0,1,1,1,1785503684
2026-07-31T13:20:21Z,265,11,0,4,0,0,1,1,1,1785503585
2026-07-31T13:20:21Z,266,5,5,12,2,0,1,1,1,1785503970
2026-07-31T13:20:21Z,267,6,3,7,2,0,1,1,1,1785500369
2026-07-31T13:20:21Z,268,19,8,4,0,0,1,1,1,1785502293
2026-07-31T13:20:21Z,269,6,2,17,0,0,1,1,1,1785503772
2026-07-31T13:20:21Z,270,18,0,9,0,0,1,1,1,1785503989
2026-07-31T13:20:21Z,271,5,1,12,2,0,1,1,1,1785502812
2026-07-31T13:20:21Z,272,9,7,13,1,0,1,1,1,1785503395
2026-07-31T13:20:21Z,273,4,3,11,0,0,1,1,1,1785503488
2026-07-31T13:20:21Z,274,8,5,10,1,0,1,1,1,1785503642
2026-07-31T13:20:21Z,275,9,0,13,1,0,1,1,1,1785503821
2026-07-31T13:20:21Z,276,5,5,22,0,0,1,1,1,1785503806
2026-07-31T13:20:21Z,277,13,3,5,5,0,1,1,1,1785503847
2026-07-31T13:20:21Z,278,2,0,27,1,1,1,1,1,1785503838
2026-07-31T13:20:21Z,279,17,1,2,0,0,1,1,1,1785504002
2026-07-31T13:20:21Z,280,16,3,13,2,0,1,1,1,1785503941
2026-07-31T13:20:21Z,281,14,0,5,0,0,1,1,1,1785503744
2026-07-31T13:20:21Z,282,6,2,12,0,0,1,1,1,1785500800
2026-07-31T13:20:21Z,283,23,0,12,0,0,1,1,1,1785503902
2026-07-31T13:20:21Z,284,5,1,28,2,0,1,1,1,1785503416
2026-07-31T13:20:21Z,285,7,7,16,0,0,1,1,1,1785501660
2026-07-31T13:20:21Z,286,9,7,9,5,0,1,1,1,1785503841
2026-07-31T13:20:21Z,287,16,6,5,2,0,1,1,1,1785503507
2026-07-31T13:20:21Z,288,5,4,13,1,0,1,1,1,1785502882
2026-07-31T13:20:21Z,289,16,1,8,3,0,1,1,1,1785503090
2026-07-31T13:20:21Z,290,1,0,37,1,0,1,1,1,1785503929
2026-07-31T13:20:21Z,291,1,0,21,1,0,1,1,1,1785503689
2026-07-31T13:20:21Z,292,21,1,2,0,0,1,1,1,1785502932
2026-07-31T13:20:21Z,293,11,10,12,0,0,1,1,1,1785503321
2026-07-31T13:20:21Z,294,4,3,17,1,0,1,1,1,1785503596
2026-07-31T13:20:21Z,297,1,1,15,2,1,1,1,1,1785504008
2026-07-31T13:20:21Z,301,8,0,11,0,0,1,1,1,1785503948
2026-07-31T13:20:21Z,302,7,0,16,0,0,1,1,1,1785503933
2026-07-31T13:20:21Z,303,10,0,9,0,0,1,1,1,1785502571
2026-07-31T13:20:21Z,304,0,0,0,0,0,0,1,1,86400
2026-07-31T13:20:21Z,305,2,0,16,1,0,1,1,1,1785504008
2026-07-31T13:20:21Z,306,7,0,25,0,0,1,1,1,1785503203
2026-07-31T13:20:21Z,307,16,0,5,1,1,1,1,1,1785503739
2026-07-31T13:20:21Z,308,2,0,15,2,0,1,1,1,1785503772
2026-07-31T13:20:21Z,309,7,0,7,0,0,1,1,1,1785503497
2026-07-31T13:20:21Z,311,9,0,6,0,0,1,1,1,1785502732
2026-07-31T13:20:21Z,312,3,2,16,4,0,1,1,1,1785504010
2026-07-31T13:20:21Z,313,0,0,15,0,0,1,1,1,1785504010
2026-07-31T13:20:21Z,314,13,6,5,1,0,1,1,1,1785503972
2026-07-31T13:20:21Z,315,17,4,12,2,0,1,1,1,1785503820
2026-07-31T13:20:21Z,316,0,0,24,6,1,1,1,1,1785503955
2026-07-31T13:20:21Z,317,22,6,8,0,1,1,1,1,1785503911
2026-07-31T13:20:21Z,318,15,0,4,0,0,1,1,1,1785501909
2026-07-31T13:20:21Z,319,8,1,13,2,0,1,1,1,1785504014
2026-07-31T13:20:21Z,320,9,3,9,1,0,1,1,1,1785502846
2026-07-31T13:20:21Z,321,9,2,6,4,0,1,1,1,1785503854
2026-07-31T13:20:21Z,322,6,0,23,0,0,1,1,1,1785504002
2026-07-31T13:20:21Z,323,9,0,10,0,0,1,1,1,1785502367
2026-07-31T13:20:21Z,324,17,0,8,2,0,1,1,1,1785504010
2026-07-31T13:20:21Z,325,8,4,17,2,0,1,1,1,1785503158
2026-07-31T13:20:21Z,327,25,1,1,1,0,1,1,1,1785503722
2026-07-31T13:20:21Z,328,10,0,11,1,0,1,1,1,1785502240
2026-07-31T13:20:21Z,329,15,0,2,2,0,1,1,1,1785501426
2026-07-31T13:20:21Z,330,3,0,18,1,0,1,1,1,1785503762
2026-07-31T13:20:21Z,331,13,2,9,1,0,1,1,1,1785503926
2026-07-31T13:20:21Z,332,9,1,8,2,0,1,1,1,1785503280
2026-07-31T13:20:21Z,333,12,1,10,1,0,1,1,1,1785503992
2026-07-31T13:20:21Z,334,7,7,16,0,0,1,1,1,1785503632
2026-07-31T13:20:21Z,335,2,1,20,0,1,1,1,1,1785503889
2026-07-31T13:20:21Z,336,8,1,11,0,0,1,1,1,1785503869
2026-07-31T13:20:21Z,337,9,2,9,5,0,1,1,1,1785503922
2026-07-31T13:20:21Z,338,11,4,7,1,0,1,1,1,1785501773
2026-07-31T13:20:21Z,339,14,12,8,1,0,1,1,1,1785503873
2026-07-31T13:20:21Z,340,7,7,7,1,0,1,1,1,1785503020
2026-07-31T13:20:21Z,341,1,1,18,0,0,1,1,1,1785503647
2026-07-31T13:20:21Z,342,13,5,1,1,0,1,1,1,1785503959
2026-07-31T13:20:21Z,343,21,2,1,1,0,1,1,1,1785503549
2026-07-31T13:20:21Z,344,13,7,9,1,0,1,1,1,1785503840
2026-07-31T13:20:21Z,345,2,0,17,0,0,1,1,1,1785503832
2026-07-31T13:20:21Z,346,9,4,14,0,0,1,1,1,1785503498
2026-07-31T13:20:21Z,347,39,0,5,0,0,1,1,1,1785503933
2026-07-31T13:20:21Z,348,16,1,5,1,1,1,1,1,1785503856
2026-07-31T13:20:21Z,349,10,3,8,1,0,1,1,1,1785503028
2026-07-31T13:20:21Z,350,12,3,13,1,1,1,1,1,1785503286
2026-07-31T13:20:21Z,351,11,0,8,4,0,1,1,1,1785503852
2026-07-31T13:20:21Z,355,12,0,11,0,0,1,1,1,1785503788
2026-07-31T13:20:21Z,356,14,3,5,0,0,1,1,1,1785503589
2026-07-31T13:20:21Z,357,0,0,19,0,0,1,1,1,1785503595
2026-07-31T13:20:21Z,358,15,3,11,1,0,1,1,1,1785503780
2026-07-31T13:20:21Z,359,11,0,16,0,0,1,1,1,1785503512
2026-07-31T13:20:21Z,360,11,2,5,3,0,1,1,1,1785503768
2026-07-31T13:20:21Z,362,9,4,7,3,0,1,1,1,1785502156
2026-07-31T13:20:21Z,363,7,0,20,0,0,1,1,1,1785502173
2026-07-31T13:20:21Z,364,16,4,3,0,0,1,1,1,1785503069
2026-07-31T13:20:21Z,365,4,0,15,4,0,1,1,1,1785503102
2026-07-31T13:20:21Z,366,2,1,17,4,0,1,1,1,1785503966
2026-07-31T13:20:21Z,367,10,7,7,2,0,1,1,1,1785503832
2026-07-31T13:20:21Z,368,16,4,6,1,0,1,1,1,1785504001
2026-07-31T13:20:21Z,370,6,3,21,0,0,1,1,1,1785503562
2026-07-31T13:20:21Z,371,2,0,16,1,0,1,1,1,1785503052
2026-07-31T13:20:21Z,372,3,0,12,0,0,1,1,1,1785503390
2026-07-31T13:20:21Z,373,26,9,0,1,0,1,1,1,1785502663
2026-07-31T13:20:21Z,374,7,3,11,1,0,1,1,1,1785503257
2026-07-31T13:20:21Z,375,17,7,7,3,0,1,1,1,1785503642
2026-07-31T13:20:21Z,376,29,8,5,5,0,1,1,1,1785503695
2026-07-31T13:20:21Z,377,13,5,12,2,0,1,1,1,1785503944
2026-07-31T13:20:21Z,378,14,4,8,1,1,1,1,1,1785503814
2026-07-31T13:20:21Z,379,15,1,12,0,0,1,1,1,1785503730
2026-07-31T13:20:21Z,380,14,4,8,1,0,1,1,1,1785502217
2026-07-31T13:20:21Z,381,0,0,23,0,0,1,1,1,1785501361
2026-07-31T13:20:21Z,383,0,0,14,1,0,1,1,1,1785503107
2026-07-31T13:20:21Z,384,15,0,10,2,0,1,1,1,1785503670
2026-07-31T13:20:21Z,385,17,5,0,1,0,1,1,1,1785503528
2026-07-31T13:20:21Z,387,16,2,7,0,0,1,1,1,1785503634
2026-07-31T13:20:21Z,388,33,3,14,2,0,1,1,1,1785503861
2026-07-31T13:20:21Z,389,7,5,7,1,0,1,1,1,1785501576
2026-07-31T13:20:21Z,390,14,0,21,0,0,1,1,1,1785503231
2026-07-31T13:20:21Z,391,0,0,14,1,0,1,1,1,1785501753
2026-07-31T13:20:21Z,392,1,1,17,1,0,1,1,1,1785503874
2026-07-31T13:20:21Z,393,3,3,5,3,0,1,1,1,1785487292
2026-07-31T13:20:21Z,394,7,5,4,2,0,1,1,1,1785502798
2026-07-31T13:20:21Z,396,19,8,20,3,0,1,1,1,1785502531
2026-07-31T13:20:21Z,397,11,6,20,0,0,1,1,1,1785501884
2026-07-31T13:20:21Z,399,5,2,10,2,0,1,1,1,1785503968
2026-07-31T13:20:21Z,400,13,8,8,2,0,1,1,1,1785503817
2026-07-31T13:20:21Z,401,3,0,28,8,0,1,1,1,1785503914
2026-07-31T13:20:21Z,403,17,0,10,4,0,1,1,1,1785503885
2026-07-31T13:20:21Z,404,16,0,7,0,0,1,1,1,1785503506
2026-07-31T13:20:21Z,406,6,3,28,1,0,1,1,1,1785503882
2026-07-31T13:20:21Z,407,18,3,15,1,0,1,1,1,1785499747
2026-07-31T13:20:21Z,408,20,5,11,2,0,1,1,1,1785503774
2026-07-31T13:20:21Z,409,2,0,18,3,0,1,1,1,1785498301
2026-07-31T13:20:21Z,413,19,3,3,1,0,1,1,1,1785503930
2026-07-31T13:20:21Z,414,7,1,7,1,0,1,1,1,1785503712
2026-07-31T13:20:21Z,417,2,0,15,2,0,1,1,1,1785503953
2026-07-31T13:20:21Z,418,11,0,4,0,0,1,1,1,1785502613
2026-07-31T13:20:21Z,419,11,0,11,1,0,1,1,1,1785500476
2026-07-31T13:20:21Z,421,1,1,18,0,0,1,1,1,1785503830
2026-07-31T13:20:21Z,422,6,5,21,0,0,1,1,1,1785503920
2026-07-31T13:20:21Z,423,4,2,19,0,0,1,1,1,1785504007
2026-07-31T13:20:21Z,424,1,0,11,2,1,1,1,1,1785503881
2026-07-31T13:20:21Z,425,17,0,4,0,1,1,1,1,1785503690
2026-07-31T13:20:21Z,426,19,2,16,2,0,1,1,1,1785503918
2026-07-31T13:20:21Z,427,8,1,6,1,0,1,1,1,1785503915
2026-07-31T13:20:21Z,428,2,1,17,0,0,1,1,1,1785503276
2026-07-31T13:20:21Z,429,3,2,18,2,0,1,1,1,1785503988
2026-07-31T13:20:21Z,430,26,1,4,1,0,1,1,1,1785503744
2026-07-31T13:20:21Z,431,18,2,14,1,0,1,1,1,1785503481
2026-07-31T13:20:21Z,432,11,1,18,2,0,0,1,1,1785503672
2026-07-31T13:20:21Z,433,15,4,6,2,0,1,1,1,1785503309
2026-07-31T13:20:21Z,437,8,3,10,1,0,1,1,1,1785503710
2026-07-31T13:20:21Z,438,17,1,0,2,0,1,1,1,1785503938
2026-07-31T13:20:21Z,439,3,1,12,0,0,1,1,1,1785503194
2026-07-31T13:20:21Z,440,12,1,1,2,0,1,1,1,1785503544
2026-07-31T13:20:21Z,441,12,3,2,1,0,1,1,1,1785503382
2026-07-31T13:20:21Z,442,15,8,3,1,0,1,1,1,1785503568
2026-07-31T13:20:21Z,443,4,2,23,0,0,1,1,1,1785485488
2026-07-31T13:20:21Z,444,7,2,16,0,0,1,1,1,1785503738
2026-07-31T13:20:21Z,445,7,2,15,1,0,1,1,1,1785503959
2026-07-31T13:20:21Z,446,2,1,20,1,0,1,1,1,1785502334
2026-07-31T13:20:21Z,447,3,0,18,1,1,1,1,1,1785496389
2026-07-31T13:20:21Z,448,7,2,7,1,0,1,1,1,1785501220
2026-07-31T13:20:21Z,452,4,4,14,1,0,1,1,1,1785503303
2026-07-31T13:20:21Z,453,5,5,9,1,0,1,1,1,1785502483
2026-07-31T13:20:21Z,454,6,0,13,0,0,1,1,1,1785503797
2026-07-31T13:20:21Z,455,1,1,36,2,0,1,1,1,1785503603
2026-07-31T13:20:21Z,456,3,0,16,1,0,1,1,1,1785503889
2026-07-31T13:20:21Z,457,25,2,0,2,0,1,1,1,1785503988
2026-07-31T13:20:21Z,458,11,2,12,0,0,1,1,1,1785503614
2026-07-31T13:20:21Z,459,14,0,1,0,0,1,1,1,1785502515
2026-07-31T13:20:21Z,460,12,1,10,1,0,1,1,1,1785503467
2026-07-31T13:20:21Z,461,10,2,8,1,0,1,1,1,1785504005
2026-07-31T13:20:21Z,462,17,1,4,0,0,1,1,1,1785503493
2026-07-31T13:20:21Z,463,8,0,11,0,0,1,1,1,1785503287
2026-07-31T13:20:21Z,464,0,0,14,0,0,1,1,1,1785499858
2026-07-31T13:20:21Z,465,1,1,13,1,0,1,1,1,1785503142
2026-07-31T13:20:21Z,466,9,1,2,4,0,1,1,1,1785503794
2026-07-31T13:20:21Z,467,3,1,16,0,0,1,1,1,1785502765
2026-07-31T13:20:21Z,468,17,1,1,1,0,1,1,1,1785485789
2026-07-31T13:20:21Z,469,3,0,20,0,0,1,1,1,1785502449
2026-07-31T13:20:21Z,470,8,1,6,1,0,1,1,1,1785503756
2026-07-31T13:20:21Z,471,25,3,2,0,0,1,1,1,1785502385
2026-07-31T13:20:21Z,472,8,3,10,1,0,1,1,1,1785504013
2026-07-31T13:20:21Z,473,16,2,2,1,0,1,1,1,1785502394
2026-07-31T13:20:21Z,474,14,0,5,0,0,1,1,1,1785501824
2026-07-31T13:20:21Z,475,5,2,14,0,0,1,1,1,1785503358
2026-07-31T13:20:21Z,477,3,2,10,2,0,1,1,1,1785502735
2026-07-31T13:20:21Z,478,14,0,16,1,0,1,1,1,1785503811
2026-07-31T13:20:21Z,479,3,0,23,1,0,1,1,1,1785503182
2026-07-31T13:20:21Z,480,3,0,10,2,0,1,1,1,1785502920
2026-07-31T13:20:21Z,481,3,0,31,1,0,1,1,1,1785503912
2026-07-31T13:20:21Z,482,13,6,6,0,0,1,1,1,1785503649
2026-07-31T13:20:21Z,483,3,0,22,2,0,1,1,1,1785503997
2026-07-31T13:20:21Z,484,0,0,18,1,0,1,1,1,1785503844
2026-07-31T13:20:21Z,485,12,4,5,1,1,1,1,1,1785503751
2026-07-31T13:20:21Z,486,2,2,22,3,0,1,1,1,1785503762
2026-07-31T13:20:21Z,487,1,1,17,1,0,1,1,1,1785503931
2026-07-31T13:20:21Z,489,2,1,12,1,0,1,1,1,1785503576
2026-07-31T13:20:21Z,490,4,2,12,0,0,1,1,1,1785502067
2026-07-31T13:20:21Z,491,9,4,12,0,0,1,1,1,1785503144
2026-07-31T13:20:21Z,492,3,2,4,4,0,1,1,1,1785504012
2026-07-31T13:20:21Z,493,4,1,22,1,0,1,1,1,1785503767
2026-07-31T13:20:21Z,495,8,0,4,3,0,1,1,1,1785500279
2026-07-31T13:20:21Z,496,18,0,8,1,0,1,1,1,1785502969
2026-07-31T13:20:21Z,497,1,0,17,1,0,1,1,1,1785503298
2026-07-31T13:20:21Z,498,22,2,1,0,0,1,1,1,1785503868
2026-07-31T13:20:21Z,499,13,0,4,2,0,1,1,1,1785503496
2026-07-31T13:20:21Z,500,7,5,6,2,0,1,1,1,1785501987
2026-07-31T13:20:21Z,501,13,7,8,0,0,1,1,1,1785503755
2026-07-31T13:20:21Z,502,15,3,4,0,0,1,1,1,1785503699
2026-07-31T13:20:21Z,503,11,0,19,1,0,1,1,1,1785503869
2026-07-31T13:20:21Z,504,26,5,13,0,0,1,1,1,1785503935
2026-07-31T13:20:21Z,505,0,0,11,1,0,1,1,1,1785503695
2026-07-31T13:20:21Z,511,8,3,15,0,0,1,1,1,1785502929
2026-07-31T13:20:21Z,512,9,0,18,0,0,1,1,1,1785504012
2026-07-31T13:20:21Z,514,1,0,8,2,0,1,1,1,1785503923
2026-07-31T13:20:21Z,515,0,0,19,0,0,1,1,1,1785502093
2026-07-31T13:20:21Z,516,18,1,9,0,0,1,1,1,1785503984
2026-07-31T13:20:21Z,517,11,1,11,1,0,1,1,1,1785503047
2026-07-31T13:20:21Z,518,12,0,2,1,0,1,1,1,1785502715
2026-07-31T13:20:21Z,519,4,0,13,2,0,1,1,1,1785503697
2026-07-31T13:20:21Z,520,14,6,7,5,1,1,1,1,1785504014
2026-07-31T13:20:21Z,521,14,4,9,0,0,1,1,1,1785502536
2026-07-31T13:20:21Z,522,0,0,22,1,0,1,1,1,1785502428
2026-07-31T13:20:21Z,523,4,3,18,1,0,1,1,1,1785501535
2026-07-31T13:20:21Z,524,2,1,21,0,0,1,1,1,1785503254
2026-07-31T13:20:21Z,525,3,0,16,0,0,1,1,1,1785502978
2026-07-31T13:20:21Z,526,12,1,1,2,0,1,1,1,1785503665
2026-07-31T13:20:21Z,527,5,3,18,3,0,1,1,1,1785503784
2026-07-31T13:20:21Z,528,21,2,1,1,0,1,1,1,1785502143
2026-07-31T13:20:21Z,529,6,3,7,6,0,1,1,1,1785504013
2026-07-31T13:20:21Z,530,8,0,12,1,0,1,1,1,1785502537
2026-07-31T13:20:21Z,531,7,0,14,1,1,1,1,1,1785503947
2026-07-31T13:20:21Z,532,19,7,11,1,0,1,1,1,1785503966
2026-07-31T13:20:21Z,533,3,0,15,1,0,1,1,1,1785504004
2026-07-31T13:20:21Z,534,3,1,19,1,0,1,1,1,1785503334
2026-07-31T13:20:21Z,535,5,0,9,1,0,1,1,1,1785503943
2026-07-31T13:20:21Z,536,5,1,18,0,0,1,1,1,1785503901
2026-07-31T13:20:21Z,537,7,2,13,0,0,1,1,1,1785503766
2026-07-31T13:20:21Z,538,9,1,12,0,2,1,1,1,1785503895
2026-07-31T13:20:21Z,539,7,5,24,0,0,1,1,1,1785502330
2026-07-31T13:20:21Z,540,7,0,12,0,0,1,1,1,1785503396
2026-07-31T13:20:21Z,541,5,0,21,1,0,1,1,1,1785504005
2026-07-31T13:20:21Z,542,21,5,0,2,0,1,1,1,1785502905
2026-07-31T13:20:21Z,543,8,1,10,1,0,1,1,1,1785503860
2026-07-31T13:20:21Z,544,2,2,17,3,0,1,1,1,1785503979
2026-07-31T13:20:21Z,545,4,0,13,2,0,1,1,1,1785503730
2026-07-31T13:20:21Z,546,6,5,13,0,0,1,1,1,1785503965
2026-07-31T13:20:21Z,547,14,1,11,0,0,1,1,1,1785503337
2026-07-31T13:20:21Z,548,11,1,12,0,0,1,1,1,1785503004
2026-07-31T13:20:21Z,549,10,0,13,0,0,1,1,1,1785503999
2026-07-31T13:20:21Z,550,4,0,15,0,0,1,1,1,1785502733
2026-07-31T13:20:21Z,551,11,4,12,0,0,1,1,1,1785498819
2026-07-31T13:20:21Z,552,19,0,8,0,0,1,1,1,1785503391
2026-07-31T13:20:21Z,553,13,6,9,0,1,1,1,1,1785503777
2026-07-31T13:20:21Z,554,4,1,15,0,0,1,1,1,1785501259
2026-07-31T13:20:21Z,555,14,6,0,1,0,1,1,1,1785502488
2026-07-31T13:20:21Z,556,15,2,6,2,0,1,1,1,1785503895
2026-07-31T13:20:21Z,557,12,5,7,4,0,1,1,1,1785503471
2026-07-31T13:20:21Z,558,17,4,20,0,0,1,1,1,1785503797
2026-07-31T13:20:21Z,559,8,3,8,3,0,1,1,1,1785503501
2026-07-31T13:20:21Z,560,9,0,17,1,0,1,1,1,1785503304
2026-07-31T13:20:21Z,561,9,2,12,2,0,1,1,1,1785503394
2026-07-31T13:20:21Z,562,2,0,30,3,0,1,1,1,1785503245
2026-07-31T13:20:21Z,563,8,0,6,0,0,1,1,1,1785502485
2026-07-31T13:20:21Z,564,3,0,15,1,0,1,1,1,1785502063
2026-07-31T13:20:21Z,565,2,1,17,0,0,1,1,1,1785503834
2026-07-31T13:20:21Z,566,14,1,4,1,0,1,1,1,1785504009
2026-07-31T13:20:21Z,567,5,0,21,1,0,1,1,1,1785502544
2026-07-31T13:20:21Z,568,9,1,9,1,0,1,1,1,1785503990
2026-07-31T13:20:21Z,569,16,2,3,0,0,1,1,1,1785503413
2026-07-31T13:20:21Z,570,4,0,14,1,0,1,1,1,1785503814
2026-07-31T13:20:21Z,571,5,0,18,0,0,1,1,1,1785503985
2026-07-31T13:20:21Z,572,9,3,9,1,0,1,1,1,1785503384
2026-07-31T13:20:21Z,573,5,1,10,0,0,1,1,1,1785504007
2026-07-31T13:20:21Z,574,2,0,13,0,0,1,1,1,1785501706
2026-07-31T13:20:21Z,575,5,0,15,1,0,1,1,1,1785503812
2026-07-31T13:20:21Z,576,7,3,11,1,0,1,1,1,1785503603
2026-07-31T13:20:21Z,577,17,0,14,0,0,1,1,1,1785503102
2026-07-31T13:20:21Z,578,11,9,11,1,0,1,1,1,1785503559
2026-07-31T13:20:21Z,579,22,1,21,0,0,1,1,1,1785503805
2026-07-31T13:20:21Z,580,0,0,29,0,0,1,1,1,1785503824
2026-07-31T13:20:21Z,581,3,0,15,1,0,1,1,1,1785504012
2026-07-31T13:20:21Z,582,22,0,38,1,0,1,1,1,1785503987
2026-07-31T13:20:21Z,583,12,0,11,0,0,1,1,1,1785503737
2026-07-31T13:20:21Z,584,3,3,10,6,0,1,1,1,1785502078
2026-07-31T13:20:21Z,585,4,1,22,0,1,1,1,1,1785503658
2026-07-31T13:20:21Z,586,15,2,20,0,0,1,1,1,1785503998
2026-07-31T13:20:21Z,587,1,1,22,1,0,1,1,1,1785503756
2026-07-31T13:20:21Z,588,10,4,6,2,1,1,1,1,1785503950
2026-07-31T13:20:21Z,589,4,3,18,0,0,1,1,1,1785503438
2026-07-31T13:20:21Z,590,11,1,18,2,0,1,1,1,1785503503
2026-07-31T13:20:21Z,591,22,0,6,2,0,1,1,1,1785503818
2026-07-31T13:20:21Z,592,16,0,7,0,0,1,1,1,1785503289
2026-07-31T13:20:21Z,593,14,1,23,1,0,1,1,1,1785504014
2026-07-31T13:20:21Z,594,10,1,10,1,0,1,1,1,1785503947
2026-07-31T13:20:21Z,595,0,0,3,0,0,0,1,1,1784046673
2026-07-31T13:20:21Z,605,0,0,2,1,0,0,1,1,1783975843
2026-07-31T13:20:21Z,606,0,0,0,0,0,0,1,1,86400
2026-07-31T13:20:21Z,607,17,0,13,2,0,1,1,1,1785503838
2026-07-31T13:20:21Z,608,26,5,24,0,0,1,1,1,1785503989
2026-07-31T13:20:21Z,609,15,11,8,0,0,1,1,1,1785503839
2026-07-31T13:20:21Z,610,7,5,28,0,0,1,1,1,1785503874
2026-07-31T13:20:21Z,611,13,0,12,2,0,1,1,1,1785504011
2026-07-31T13:20:21Z,612,7,1,8,0,0,1,1,1,1785498548
2026-07-31T13:20:21Z,613,9,0,2,4,0,1,1,1,1785501831
2026-07-31T13:20:21Z,614,7,3,17,2,1,1,1,1,1785503193
2026-07-31T13:20:21Z,617,7,0,7,1,0,1,1,1,1785501906
2026-07-31T13:20:21Z,618,10,1,5,4,0,1,1,1,1785499307
2026-07-31T13:20:21Z,619,6,2,13,0,0,1,1,1,1785504012
2026-07-31T13:20:21Z,620,3,3,24,0,0,1,1,1,1785503554
2026-07-31T13:20:21Z,621,14,13,9,0,0,1,1,1,1785503330
2026-07-31T13:20:21Z,622,20,6,2,1,0,1,1,1,1785504013
2026-07-31T13:20:21Z,623,15,6,14,1,0,1,1,1,1785503734
2026-07-31T13:20:21Z,624,1,0,14,0,0,1,1,1,1785503833
2026-07-31T13:20:21Z,625,4,0,15,2,0,1,1,1,1785503869
2026-07-31T13:20:21Z,626,12,1,33,0,2,1,1,1,1785503978
2026-07-31T13:20:21Z,627,14,6,5,0,0,1,1,1,1785500712
2026-07-31T13:20:21Z,628,2,2,15,1,1,1,1,1,1785503783
2026-07-31T13:20:21Z,629,5,2,5,1,0,1,1,1,1785503915
2026-07-31T13:20:21Z,630,4,3,20,3,0,1,1,1,1785503746
2026-07-31T13:20:21Z,631,18,9,5,0,0,1,1,1,1785503629
2026-07-31T13:20:21Z,632,20,0,1,2,0,1,1,1,1785492884
2026-07-31T13:20:21Z,633,11,0,1,3,0,1,1,1,1785501175
2026-07-31T13:20:21Z,634,11,2,8,0,0,1,1,1,1785502426
2026-07-31T13:20:21Z,635,14,0,5,0,0,1,1,1,1785503886
2026-07-31T13:20:21Z,636,8,1,7,0,0,1,1,1,1785503549
2026-07-31T13:20:21Z,637,9,2,9,1,0,1,1,1,1785500453
2026-07-31T13:20:21Z,638,6,1,11,2,0,1,1,1,1785502495
2026-07-31T13:20:21Z,639,7,1,10,2,0,1,1,1,1785501255
2026-07-31T13:20:21Z,640,17,8,5,1,0,1,1,1,1785503966
2026-07-31T13:20:21Z,641,6,0,19,1,0,1,1,1,1785503981
2026-07-31T13:20:21Z,642,0,0,11,8,0,1,1,1,1785504017
2026-07-31T13:20:21Z,643,8,0,11,8,0,1,1,1,1785504015
2026-07-31T13:20:21Z,644,12,0,1,2,0,1,1,1,1785503013
2026-07-31T13:20:21Z,645,10,1,11,1,1,1,1,1,1785503882
2026-07-31T13:20:21Z,646,5,1,14,0,0,1,1,1,1785501890
2026-07-31T13:20:21Z,647,20,2,11,0,0,1,1,1,1785503776
2026-07-31T13:20:21Z,648,5,0,13,1,0,1,1,1,1785500139
2026-07-31T13:20:21Z,649,19,0,11,1,0,1,1,1,1785503660
2026-07-31T13:20:21Z,650,5,1,9,0,0,1,1,1,1785488201
2026-07-31T13:20:21Z,651,5,5,18,0,0,1,1,1,1785502725
2026-07-31T13:20:21Z,652,1,0,20,2,0,1,1,1,1785503732
2026-07-31T13:20:21Z,653,8,1,11,0,0,1,1,1,1785502982
2026-07-31T13:20:21Z,654,2,1,13,0,0,1,1,1,1785503827
2026-07-31T13:20:21Z,655,7,3,1,4,1,1,1,1,1785503713
2026-07-31T13:20:21Z,656,10,2,9,0,0,1,1,1,1785504009
2026-07-31T13:20:21Z,657,9,2,5,2,1,1,1,1,1785503708
2026-07-31T13:20:21Z,658,9,1,1,0,0,1,1,1,1785473427
2026-07-31T13:20:21Z,659,6,3,8,1,0,1,1,1,1785503531
2026-07-31T13:20:21Z,660,13,2,14,4,0,1,1,1,1785503973
2026-07-31T13:20:21Z,661,9,5,9,1,0,1,1,1,1785503700
2026-07-31T13:20:21Z,662,3,2,17,3,0,1,1,1,1785501656
2026-07-31T13:20:21Z,663,5,3,9,1,0,1,1,1,1785503992
2026-07-31T13:20:21Z,664,9,4,18,0,0,1,1,1,1785503834
2026-07-31T13:20:21Z,665,13,4,2,0,0,1,1,1,1785500164
2026-07-31T13:20:21Z,666,7,2,6,2,0,1,1,1,1785503465
2026-07-31T13:20:21Z,667,1,0,18,0,0,1,1,1,1785503689
2026-07-31T13:20:21Z,668,6,1,13,0,0,1,1,1,1785503701
2026-07-31T13:20:21Z,669,14,5,0,0,0,1,1,1,1785503309
2026-07-31T13:20:21Z,670,12,1,15,0,0,1,1,1,1785503069
2026-07-31T13:20:21Z,671,10,5,16,1,0,1,1,1,1785503975
2026-07-31T13:20:21Z,672,10,2,9,3,1,1,1,1,1785502163
2026-07-31T13:20:21Z,673,4,1,18,1,0,1,1,1,1785503898
2026-07-31T13:20:21Z,674,9,2,11,3,0,1,1,1,1785503800
2026-07-31T13:20:21Z,675,10,4,3,2,0,1,1,1,1785503847
2026-07-31T13:20:21Z,676,7,0,14,1,0,1,1,1,1785503708
2026-07-31T13:20:21Z,681,9,3,3,3,0,1,1,1,1785503778
2026-07-31T13:20:21Z,682,4,1,14,1,0,1,1,1,1785486991
2026-07-31T13:20:21Z,683,3,1,16,0,0,1,1,1,1785499114
2026-07-31T13:20:21Z,684,3,0,24,0,0,1,1,1,1785503255
2026-07-31T13:20:21Z,685,8,0,17,1,1,1,1,1,1785498843
2026-07-31T13:20:21Z,686,8,0,16,3,0,1,1,1,1785503726
2026-07-31T13:20:21Z,687,11,0,18,1,1,1,1,1,1785503736
2026-07-31T13:20:21Z,688,10,0,2,7,0,1,1,1,1785503811
2026-07-31T13:20:21Z,692,7,5,14,0,0,1,1,1,1785503944
2026-07-31T13:20:21Z,693,6,0,2,3,0,1,1,1,1785503475
2026-07-31T13:20:21Z,694,9,6,12,0,0,1,1,1,1785503259
2026-07-31T13:20:21Z,695,10,7,13,0,0,1,1,1,1785503421
2026-07-31T13:20:21Z,696,17,12,4,2,0,1,1,1,1785504015
2026-07-31T13:20:21Z,697,10,0,13,0,0,1,1,1,1785503200
2026-07-31T13:20:21Z,698,7,0,20,0,0,1,1,1,1785503681
2026-07-31T13:20:21Z,699,8,0,6,1,0,1,1,1,1785503801
2026-07-31T13:20:21Z,700,18,3,1,0,0,1,1,1,1785503955
2026-07-31T13:20:21Z,701,11,6,8,0,0,1,1,1,1785503924
2026-07-31T13:20:21Z,702,15,3,8,0,0,1,1,1,1785503954
2026-07-31T13:20:21Z,704,5,1,10,0,0,1,1,1,1785503007
2026-07-31T13:20:21Z,705,1,1,12,2,0,1,1,1,1785503858
2026-07-31T13:20:21Z,706,4,0,8,4,0,1,1,1,1785503996
2026-07-31T13:20:21Z,707,9,1,6,0,0,1,1,1,1785503950
2026-07-31T13:20:21Z,708,15,1,4,0,0,1,1,1,1785502369
2026-07-31T13:20:21Z,709,8,0,4,3,0,1,1,1,1785504009
2026-07-31T13:20:21Z,710,15,3,3,1,0,1,1,1,1785503458
2026-07-31T13:20:21Z,711,3,0,16,4,0,1,1,1,1785503616
2026-07-31T13:20:21Z,712,4,4,11,0,0,1,1,1,1785503734
2026-07-31T13:20:21Z,713,6,1,17,0,0,1,1,1,1785502649
2026-07-31T13:20:21Z,716,4,2,11,0,0,1,1,1,1785503691
2026-07-31T13:20:21Z,717,4,3,18,3,0,1,1,1,1785503788
2026-07-31T13:20:21Z,718,7,1,5,3,0,1,1,1,1785503502
2026-07-31T13:20:21Z,719,11,3,18,0,0,1,1,1,1785503627
2026-07-31T13:20:21Z,720,1,0,18,0,0,1,1,1,1785503977
2026-07-31T13:20:21Z,721,0,0,21,2,0,1,1,1,1785502989
2026-07-31T13:20:21Z,722,5,0,10,0,0,1,1,1,1785503738
2026-07-31T13:20:21Z,723,12,1,11,0,0,1,1,1,1785503849
2026-07-31T13:20:21Z,724,6,1,17,0,0,1,1,1,1785503468
2026-07-31T13:20:21Z,725,21,4,1,1,0,1,1,1,1785502711
2026-07-31T13:20:21Z,726,12,2,7,0,0,1,1,1,1785503991
2026-07-31T13:20:21Z,727,8,3,12,3,0,1,1,1,1785502939
2026-07-31T13:20:21Z,728,9,0,5,1,0,1,1,1,1785502466
2026-07-31T13:20:21Z,729,0,0,19,0,0,1,1,1,1785503352
2026-07-31T13:20:21Z,730,3,2,10,2,0,1,1,1,1785503062
2026-07-31T13:20:21Z,731,10,4,4,1,0,1,1,1,1785503994
2026-07-31T13:20:21Z,732,7,5,8,0,0,1,1,1,1785503214
2026-07-31T13:20:21Z,733,2,0,25,0,0,1,1,1,1785503748
2026-07-31T13:20:21Z,734,2,1,11,1,0,1,1,1,1785503151
2026-07-31T13:20:21Z,735,23,4,4,0,0,1,1,1,1785503989
2026-07-31T13:20:21Z,736,8,1,10,1,0,1,1,1,1785502687
2026-07-31T13:20:21Z,737,5,4,9,0,1,1,1,1,1785502618
2026-07-31T13:20:21Z,738,12,3,5,2,0,1,1,1,1785503641
2026-07-31T13:20:21Z,739,20,2,6,1,0,1,1,1,1785502260
2026-07-31T13:20:21Z,741,8,0,15,0,0,1,1,1,1785502669
2026-07-31T13:20:21Z,742,22,2,11,2,0,1,1,1,1785504001
2026-07-31T13:20:21Z,743,10,4,8,1,0,1,1,1,1785502376
2026-07-31T13:20:21Z,744,7,2,7,1,0,1,1,1,1785502877
2026-07-31T13:20:21Z,745,13,4,5,1,0,1,1,1,1785502893
2026-07-31T13:20:21Z,746,6,0,16,1,0,1,1,1,1785503805
2026-07-31T13:20:21Z,747,0,0,4,0,0,0,1,1,1783446606
2026-07-31T13:20:21Z,748,10,1,13,0,0,1,1,1,1785503707
2026-07-31T13:20:21Z,749,1,1,21,1,0,1,1,1,1785503621
2026-07-31T13:20:21Z,750,7,2,4,0,0,1,1,1,1785504011
2026-07-31T13:20:21Z,751,14,1,9,0,0,1,1,1,1785504013
2026-07-31T13:20:21Z,752,15,2,1,1,0,1,1,1,1785503188
2026-07-31T13:20:21Z,753,2,0,13,0,0,1,1,1,1785503575
2026-07-31T13:20:21Z,754,6,2,8,1,0,1,1,1,1785503411
2026-07-31T13:20:21Z,755,12,4,10,1,0,1,1,1,1785503564
2026-07-31T13:20:21Z,756,22,15,14,1,0,1,1,1,1785503995
2026-07-31T13:20:21Z,757,17,6,0,2,0,1,1,1,1785503675
2026-07-31T13:20:21Z,758,4,1,19,0,0,1,1,1,1785503725
2026-07-31T13:20:21Z,759,0,0,0,0,0,1,1,1,86400
2026-07-31T13:20:21Z,760,10,4,9,0,0,1,1,1,1785501932
2026-07-31T13:20:21Z,761,18,1,4,1,0,1,1,1,1785503329
2026-07-31T13:20:21Z,762,5,3,5,5,0,1,1,1,1785503967
2026-07-31T13:20:21Z,768,8,0,8,3,0,1,1,1,1785503102
2026-07-31T13:20:21Z,769,18,12,1,0,0,1,1,1,1785503397
2026-07-31T13:20:21Z,770,10,3,7,2,0,1,1,1,1785503378
2026-07-31T13:20:21Z,771,11,1,3,1,0,1,1,1,1785503935
2026-07-31T13:20:21Z,772,9,1,6,0,0,1,1,1,1785503385
2026-07-31T13:20:21Z,773,15,4,4,0,0,1,1,1,1785504001
2026-07-31T13:20:21Z,774,8,5,4,3,0,1,1,1,1785502498
2026-07-31T13:20:21Z,775,7,0,10,1,1,1,1,1,1785494713
2026-07-31T13:20:21Z,776,3,1,17,1,0,1,1,1,1785502919
2026-07-31T13:20:21Z,777,9,0,3,3,0,1,1,1,1785502804
2026-07-31T13:20:21Z,778,14,0,2,3,0,1,1,1,1785502748
2026-07-31T13:20:21Z,779,8,1,10,1,0,1,1,1,1785503545
2026-07-31T13:20:21Z,780,17,2,1,1,0,1,1,1,1785503208
2026-07-31T13:20:21Z,781,2,0,7,2,0,1,1,1,1785503386
2026-07-31T13:20:21Z,782,6,3,9,4,0,1,1,1,1785502393
2026-07-31T13:20:21Z,783,7,0,12,0,0,1,1,1,1785503470
2026-07-31T13:20:21Z,784,17,1,2,0,0,1,1,1,1785503997
2026-07-31T13:20:21Z,785,10,2,3,6,0,1,1,1,1785503648
2026-07-31T13:20:21Z,786,12,5,7,0,0,1,1,1,1785503307
2026-07-31T13:20:21Z,787,10,5,3,2,0,1,1,1,1785503234
2026-07-31T13:20:21Z,788,3,0,12,0,0,1,1,1,1785503960
2026-07-31T13:20:21Z,789,10,2,1,4,0,1,1,1,1785502477
2026-07-31T13:20:21Z,790,1,0,21,1,0,1,1,1,1785502800
2026-07-31T13:20:21Z,791,6,0,12,0,1,1,1,1,1785503445
2026-07-31T13:20:21Z,793,4,0,10,1,0,1,1,1,1785502502
2026-07-31T13:20:21Z,794,19,11,8,2,0,1,1,1,1785503018
2026-07-31T13:20:21Z,796,4,4,14,1,0,1,1,1,1785503068
2026-07-31T13:20:21Z,797,1,0,14,0,0,1,1,1,1785499482
2026-07-31T13:20:21Z,798,11,2,13,1,0,1,1,1,1785504013
2026-07-31T13:20:21Z,799,14,1,1,4,0,1,1,1,1785503129
2026-07-31T13:20:21Z,800,7,1,13,1,0,1,1,1,1785503742
2026-07-31T13:20:21Z,801,20,4,0,1,0,1,1,1,1785503975
2026-07-31T13:20:21Z,802,8,0,23,0,0,1,1,1,1785502483
2026-07-31T13:20:21Z,803,1,1,14,0,0,1,1,1,1785503924
2026-07-31T13:20:21Z,806,2,2,13,0,0,1,1,1,1785503638
2026-07-31T13:20:21Z,807,12,0,11,2,0,1,1,1,1785502749
2026-07-31T13:20:21Z,808,5,1,18,2,0,1,1,1,1785503122
2026-07-31T13:20:21Z,809,4,0,18,1,0,1,1,1,1785502307
2026-07-31T13:20:21Z,810,2,0,13,4,0,1,1,1,1785502739
2026-07-31T13:20:21Z,815,3,1,7,4,1,1,1,1,1785503910
2026-07-31T13:20:21Z,817,10,4,5,0,0,1,1,1,1785503447
2026-07-31T13:20:21Z,818,6,0,17,0,0,1,1,1,1785502895
2026-07-31T13:20:21Z,819,6,4,9,0,0,1,1,1,1785487291
2026-07-31T13:20:21Z,820,10,2,7,0,0,1,1,1,1785503775
2026-07-31T13:20:21Z,821,3,1,12,0,0,1,1,1,1785502465
2026-07-31T13:20:21Z,822,11,0,10,2,0,1,1,1,1785503863
2026-07-31T13:20:21Z,823,0,0,15,0,0,1,1,1,1785503758
2026-07-31T13:20:21Z,824,12,4,7,0,0,1,1,1,1785503511
2026-07-31T13:20:21Z,825,7,4,8,0,0,1,1,1,1785503061
2026-07-31T13:20:21Z,826,17,3,0,2,0,1,1,1,1785503266
2026-07-31T13:20:21Z,827,16,4,4,1,0,1,1,1,1785502781
2026-07-31T13:20:21Z,828,12,0,4,2,0,1,1,1,1785502654
2026-07-31T13:20:21Z,829,14,5,13,0,0,1,1,1,1785503530
2026-07-31T13:20:21Z,830,16,2,6,1,0,1,1,1,1785502753
2026-07-31T13:20:21Z,831,8,3,6,1,0,1,1,1,1785503715
2026-07-31T13:20:21Z,832,9,2,6,3,0,1,1,1,1785503989
2026-07-31T13:20:21Z,833,0,0,18,1,0,1,1,1,1785503583
2026-07-31T13:20:21Z,834,8,1,15,1,0,1,1,1,1785503779
2026-07-31T13:20:21Z,835,2,1,14,2,0,1,1,1,1785503831
2026-07-31T13:20:21Z,837,5,1,0,10,0,1,1,1,1785503807
2026-07-31T13:20:21Z,838,13,4,2,0,0,1,1,1,1785503368
2026-07-31T13:20:21Z,839,17,2,12,0,0,1,1,1,1785503954
2026-07-31T13:20:21Z,840,7,4,21,1,0,1,1,1,1785503648
2026-07-31T13:20:21Z,841,5,0,10,0,0,1,1,1,1785503708
2026-07-31T13:20:21Z,842,5,1,18,0,0,1,1,1,1785503955
2026-07-31T13:20:21Z,843,8,0,22,1,0,1,1,1,1785503829
2026-07-31T13:20:21Z,844,6,0,17,0,0,1,1,1,1785503758
2026-07-31T13:20:21Z,845,5,3,12,2,0,1,1,1,1785503916
2026-07-31T13:20:21Z,846,4,0,14,1,0,1,1,1,1785503051
2026-07-31T13:20:21Z,847,7,1,19,1,0,1,1,1,1785502894
2026-07-31T13:20:21Z,848,8,3,10,1,0,1,1,1,1785498928
2026-07-31T13:20:21Z,849,6,1,8,1,0,1,1,1,1785502885
2026-07-31T13:20:21Z,850,6,0,3,2,0,1,1,1,1785503906
2026-07-31T13:20:21Z,851,9,5,25,3,0,1,1,1,1785503997
2026-07-31T13:20:21Z,852,11,6,8,0,0,1,1,1,1785503620
2026-07-31T13:20:21Z,853,10,5,13,0,0,1,1,1,1785502704
2026-07-31T13:20:21Z,854,3,2,12,0,0,1,1,1,1785502746
2026-07-31T13:20:21Z,855,25,0,2,0,0,1,1,1,1785502889
2026-07-31T13:20:21Z,857,4,3,14,1,0,1,1,1,1785503815
2026-07-31T13:20:21Z,858,3,1,15,1,0,1,1,1,1785502479
2026-07-31T13:20:21Z,859,5,0,15,1,0,1,1,1,1785502692
2026-07-31T13:20:21Z,861,8,1,2,1,0,1,1,1,1785488201
2026-07-31T13:20:21Z,862,2,2,13,0,0,1,1,1,1785503740
2026-07-31T13:20:21Z,863,13,0,5,1,0,1,1,1,1785502286
2026-07-31T13:20:21Z,866,11,3,8,0,0,1,1,1,1785502252
2026-07-31T13:20:21Z,867,13,1,2,0,0,1,1,1,1785503351
2026-07-31T13:20:21Z,868,12,2,3,0,0,1,1,1,1785503574
2026-07-31T13:20:21Z,870,7,4,6,2,0,1,1,1,1785503795
2026-07-31T13:20:21Z,871,0,0,10,1,0,1,1,1,1785503157
2026-07-31T13:20:21Z,872,0,0,14,1,0,1,1,1,1785503711
2026-07-31T13:20:21Z,873,29,8,3,1,0,1,1,1,1785503816
2026-07-31T13:20:21Z,874,1,0,11,3,0,1,1,1,1785503861
2026-07-31T13:20:21Z,875,13,9,0,2,0,1,1,1,1785503878
2026-07-31T13:20:21Z,877,12,10,5,2,0,1,1,1,1785503342
2026-07-31T13:20:21Z,878,4,3,14,1,0,1,1,1,1785503921
2026-07-31T13:20:21Z,879,3,1,16,0,0,1,1,1,1785502965
2026-07-31T13:20:21Z,880,1,0,21,1,0,1,1,1,1785503880
2026-07-31T13:20:21Z,881,1,1,18,0,0,1,1,1,1785503778
2026-07-31T13:20:21Z,882,14,4,3,2,0,1,1,1,1785504011
2026-07-31T13:20:21Z,883,10,5,9,0,0,1,1,1,1785503385
2026-07-31T13:20:21Z,884,9,5,12,0,0,1,1,1,1785503342
2026-07-31T13:20:21Z,885,1,0,18,0,0,1,1,1,1785503607
2026-07-31T13:20:21Z,886,24,2,3,2,0,1,1,1,1785503951
2026-07-31T13:20:21Z,887,4,1,10,3,0,1,1,1,1785502494
2026-07-31T13:20:21Z,888,32,8,7,1,1,1,1,1,1785504005
2026-07-31T13:20:21Z,889,13,0,4,2,0,1,1,1,1785503907
2026-07-31T13:20:21Z,890,5,4,10,0,0,1,1,1,1785503913
2026-07-31T13:20:21Z,891,20,0,3,0,0,1,1,1,1785503121
2026-07-31T13:20:21Z,892,13,1,2,0,0,1,1,1,1785488200
2026-07-31T13:20:21Z,895,0,0,19,0,0,1,1,1,1785501047
2026-07-31T13:20:21Z,896,10,1,25,0,0,1,1,1,1785503843
2026-07-31T13:20:21Z,897,11,1,10,0,0,1,1,1,1785503815
2026-07-31T13:20:21Z,898,4,1,15,0,0,1,1,1,1785503527
2026-07-31T13:20:21Z,899,1,0,17,1,0,1,1,1,1785503154
2026-07-31T13:20:21Z,900,6,0,19,2,0,1,1,1,1785503832
2026-07-31T13:20:21Z,901,1,0,17,1,0,1,1,1,1785503202
2026-07-31T13:20:21Z,902,6,0,8,1,0,1,1,1,1785503864
2026-07-31T13:20:21Z,903,11,2,7,1,0,1,1,1,1785503735
2026-07-31T13:20:21Z,904,9,4,9,1,0,1,1,1,1785503921
2026-07-31T13:20:21Z,905,10,0,14,3,0,1,1,1,1785504016
2026-07-31T13:20:21Z,906,0,0,27,0,0,1,1,1,1785502989
2026-07-31T13:20:21Z,907,0,0,30,1,0,1,1,1,1785502329
2026-07-31T13:20:21Z,908,7,0,16,0,0,1,1,1,1785503916
2026-07-31T13:20:21Z,909,4,2,18,1,0,1,1,1,1785503636
2026-07-31T13:20:21Z,910,2,0,29,0,0,1,1,1,1785503902
2026-07-31T13:20:21Z,911,4,1,15,0,0,1,1,1,1785503462
2026-07-31T13:20:21Z,912,4,2,17,2,0,1,1,1,1785503872
2026-07-31T13:20:21Z,913,5,2,14,0,0,1,1,1,1785502746
2026-07-31T13:20:21Z,914,6,0,13,0,0,1,1,1,1785503979
2026-07-31T13:20:21Z,915,9,0,13,1,0,1,1,1,1785503532
2026-07-31T13:20:21Z,916,19,8,4,0,0,1,1,1,1785503928
2026-07-31T13:20:21Z,917,29,4,4,2,0,1,1,1,1785503978
2026-07-31T13:20:21Z,918,0,0,17,2,0,1,1,1,1785503832
2026-07-31T13:20:21Z,919,8,0,30,1,0,1,1,1,1785503617
2026-07-31T13:20:21Z,920,5,2,14,0,0,1,1,1,1785503511
2026-07-31T13:20:21Z,921,12,0,9,0,0,1,1,1,1785503603
2026-07-31T13:20:21Z,922,1,0,19,1,0,1,1,1,1785503580
2026-07-31T13:20:21Z,923,11,3,8,0,0,1,1,1,1785503273
2026-07-31T13:20:21Z,924,9,2,12,0,0,1,1,1,1785502799
2026-07-31T13:20:21Z,925,13,0,8,0,0,1,1,1,1785502271
2026-07-31T13:20:21Z,926,2,1,19,0,0,1,1,1,1785502397
2026-07-31T13:20:21Z,927,19,2,16,0,0,1,1,1,1785503773
2026-07-31T13:20:21Z,928,0,0,19,0,0,0,1,1,1785500252
2026-07-31T13:20:21Z,929,22,3,1,0,0,1,1,1,1785503741
2026-07-31T13:20:21Z,930,1,0,29,1,0,1,1,1,1785503984
2026-07-31T13:20:21Z,931,12,11,10,1,0,1,1,1,1785503619
2026-07-31T13:20:21Z,932,1,1,16,2,0,1,1,1,1785503982
2026-07-31T13:20:21Z,933,0,0,23,0,0,1,1,1,1785502389
2026-07-31T13:20:21Z,934,3,0,27,1,0,1,1,1,1785503962
2026-07-31T13:20:21Z,935,2,0,16,1,0,1,1,1,1785502953
2026-07-31T13:20:21Z,936,11,1,8,0,0,1,1,1,1785503221
2026-07-31T13:20:21Z,940,10,0,1,0,0,1,1,1,1785503823
2026-07-31T13:20:21Z,941,7,0,16,2,0,1,1,1,1785502935
2026-07-31T13:20:21Z,942,4,1,16,1,0,1,1,1,1785503680
2026-07-31T13:20:21Z,943,9,8,6,0,0,1,1,1,1785503813
2026-07-31T13:20:21Z,944,9,8,6,0,0,1,1,1,1785503640
2026-07-31T13:20:21Z,945,10,8,5,0,0,1,1,1,1785503155
2026-07-31T13:20:21Z,946,7,5,12,0,0,1,1,1,1785487593
2026-07-31T13:20:21Z,947,7,5,10,0,0,1,1,1,1785503653
2026-07-31T13:20:21Z,948,22,9,5,4,0,1,1,1,1785503991
2026-07-31T13:20:21Z,949,7,3,8,0,0,1,1,1,1785503958
2026-07-31T13:20:21Z,950,6,5,10,1,0,1,1,1,1785503661
2026-07-31T13:20:21Z,951,21,3,1,1,0,1,1,1,1785503892
2026-07-31T13:20:21Z,952,30,6,24,1,0,1,1,1,1785503981
2026-07-31T13:20:21Z,953,5,0,9,1,0,1,1,1,1785502922
2026-07-31T13:20:21Z,954,15,4,4,0,0,1,1,1,1785503778
2026-07-31T13:20:21Z,955,4,3,17,6,0,1,1,1,1785502890
2026-07-31T13:20:21Z,956,3,2,18,2,0,1,1,1,1785504010
2026-07-31T13:20:21Z,957,5,0,24,0,0,1,1,1,1785503717
2026-07-31T13:20:21Z,958,3,1,28,0,0,1,1,1,1785503950
2026-07-31T13:20:21Z,959,18,8,3,2,0,1,1,1,1785503887
2026-07-31T13:20:21Z,960,14,0,8,1,0,1,1,1,1785503964
2026-07-31T13:20:21Z,961,0,0,20,3,0,1,1,1,1785502572
2026-07-31T13:20:21Z,962,11,3,21,3,0,1,1,1,1785503448
2026-07-31T13:20:21Z,963,4,0,18,1,0,1,1,1,1785503825
2026-07-31T13:20:21Z,964,6,5,16,1,0,1,1,1,1785503629
2026-07-31T13:20:21Z,965,10,4,16,1,0,1,1,1,1785503906
2026-07-31T13:20:21Z,966,29,0,1,1,0,1,1,1,1785503726
2026-07-31T13:20:21Z,967,18,0,2,1,0,1,1,1,1785503760
2026-07-31T13:20:21Z,968,9,0,9,1,0,1,1,1,1785503653
2026-07-31T13:20:21Z,969,9,9,16,2,0,1,1,1,1785503879
2026-07-31T13:20:21Z,970,10,1,7,2,0,1,1,1,1785503991
2026-07-31T13:20:21Z,971,5,0,17,1,0,1,1,1,1785503994
2026-07-31T13:20:21Z,972,9,1,13,1,0,1,1,1,1785503643
2026-07-31T13:20:21Z,973,5,3,17,1,0,1,1,1,1785503163
2026-07-31T13:20:21Z,974,5,1,22,0,0,1,1,1,1785503968
2026-07-31T13:20:21Z,977,9,2,10,2,0,1,1,1,1785503897
2026-07-31T13:20:21Z,978,17,1,6,0,0,1,1,1,1785502958
2026-07-31T13:20:21Z,979,9,0,8,0,0,1,1,1,1785503200
2026-07-31T13:20:21Z,980,14,0,5,2,0,1,1,1,1785503564
2026-07-31T13:20:21Z,981,14,0,6,1,0,1,1,1,1785503510
2026-07-31T13:20:21Z,982,4,2,14,1,0,1,1,1,1785503694
2026-07-31T13:20:21Z,983,4,2,18,1,0,1,1,1,1785503141
2026-07-31T13:20:21Z,984,6,0,17,0,0,1,1,1,1785503349
2026-07-31T13:20:21Z,985,9,1,22,0,0,1,1,1,1785503703
2026-07-31T13:20:21Z,986,3,0,15,1,0,1,1,1,1785503693
2026-07-31T13:20:21Z,987,7,1,16,0,0,1,1,1,1785502428
2026-07-31T13:20:21Z,988,5,1,13,1,0,1,1,1,1785503853
2026-07-31T13:20:21Z,989,10,4,9,0,0,1,1,1,1785502839
2026-07-31T13:20:21Z,990,13,2,1,1,0,1,1,1,1785503884
2026-07-31T13:20:21Z,991,9,1,9,1,0,1,1,1,1785503629
2026-07-31T13:20:21Z,992,9,6,13,1,0,1,1,1,1785502633
2026-07-31T13:20:21Z,993,2,1,23,2,0,1,1,1,1785503328
2026-07-31T13:20:21Z,994,1,1,20,0,0,1,1,1,1785503774
2026-07-31T13:20:21Z,995,6,0,21,0,0,1,1,1,1785503891
2026-07-31T13:20:21Z,996,8,1,15,0,0,1,1,1,1785503688
2026-07-31T13:20:21Z,997,4,3,6,10,3,1,1,1,1785503737
2026-07-31T13:20:21Z,998,3,3,19,1,0,1,1,1,1785503999
2026-07-31T13:20:21Z,999,2,0,16,2,1,1,1,1,1785503753
2026-07-31T13:20:21Z,1000,5,2,16,0,0,1,1,1,1785502744
2026-07-31T13:20:21Z,1001,2,1,25,0,0,1,1,1,1785502213
2026-07-31T13:20:21Z,1002,2,2,27,2,0,1,1,1,1785502228
2026-07-31T13:20:21Z,1003,0,0,22,1,0,1,1,1,1785503643
2026-07-31T13:20:21Z,1004,7,0,16,0,0,1,1,1,1785503088
2026-07-31T13:20:21Z,1005,20,1,3,0,0,1,1,1,1785503832
2026-07-31T13:20:21Z,1006,9,5,10,0,0,1,1,1,1785503658
2026-07-31T13:20:21Z,1007,1,1,20,0,0,1,1,1,1785503765
2026-07-31T13:20:21Z,1008,6,5,15,2,0,1,1,1,1785502809
2026-07-31T13:20:21Z,1009,19,2,8,4,0,1,1,1,1785502672
2026-07-31T13:20:21Z,1010,8,2,19,0,0,1,1,1,1785503516
2026-07-31T13:20:21Z,1011,7,2,10,2,0,1,1,1,1785502218
2026-07-31T13:20:21Z,1012,4,3,18,1,0,1,1,1,1785503600
2026-07-31T13:20:21Z,1013,2,1,20,1,0,1,1,1,1785504012
2026-07-31T13:20:21Z,1014,7,2,13,3,0,1,1,1,1785502303
2026-07-31T13:20:21Z,1015,3,1,25,3,0,1,1,1,1785502601
2026-07-31T13:20:21Z,1016,10,5,21,0,0,1,1,1,1785503493
2026-07-31T13:20:21Z,1017,14,5,7,0,0,1,1,1,1785503002
2026-07-31T13:20:21Z,1018,8,3,14,0,0,1,1,1,1785503686
2026-07-31T13:20:21Z,1019,8,5,7,0,0,1,1,1,1785503596
2026-07-31T13:20:21Z,1020,18,3,3,0,0,1,1,1,1785502869
2026-07-31T13:20:21Z,1021,8,2,5,2,0,1,1,1,1785503608
2026-07-31T13:20:21Z,1022,14,0,13,0,0,1,1,1,1785503792
2026-07-31T13:20:21Z,1023,13,1,9,1,0,1,1,1,1785503426
2026-07-31T13:20:21Z,1024,5,2,13,1,0,1,1,1,1785502593
2026-07-31T13:20:21Z,1025,4,0,14,0,1,1,1,1,1785503761
2026-07-31T13:20:21Z,1026,7,4,18,6,0,1,1,1,1785502955
2026-07-31T13:20:21Z,1028,3,1,20,0,0,1,1,1,1785503779
2026-07-31T13:20:21Z,1029,11,10,4,0,0,1,1,1,1785502880
2026-07-31T13:20:21Z,1030,13,4,10,0,0,1,1,1,1785503012
2026-07-31T13:20:21Z,1031,8,0,11,0,0,1,1,1,1785502995
2026-07-31T13:20:21Z,1032,7,1,12,0,0,1,1,1,1785503661
2026-07-31T13:20:21Z,1033,10,6,9,0,0,1,1,1,1785503177
2026-07-31T13:20:21Z,1034,3,0,12,0,0,1,1,1,1785503665
2026-07-31T13:20:21Z,1035,2,1,15,2,0,1,1,1,1785503716
2026-07-31T13:20:21Z,1036,14,0,1,0,0,1,1,1,1785502431
2026-07-31T13:20:21Z,1037,6,1,13,0,0,1,1,1,1785503876
2026-07-31T13:20:21Z,1038,3,1,12,0,0,1,1,1,1785503362
2026-07-31T13:20:21Z,1039,7,2,12,0,0,1,1,1,1785503816
2026-07-31T13:20:21Z,1040,6,3,11,2,0,1,1,1,1785503702
2026-07-31T13:20:21Z,1041,10,3,9,0,0,1,1,1,1785503581
2026-07-31T13:20:21Z,1042,13,2,1,1,0,1,1,1,1785503812
2026-07-31T13:20:21Z,1043,10,0,5,4,0,1,1,1,1785503737
2026-07-31T13:20:21Z,1044,2,1,13,0,0,1,1,1,1785503417
2026-07-31T13:20:21Z,1045,10,0,9,0,0,1,1,1,1785503648
2026-07-31T13:20:21Z,1046,7,0,8,0,0,1,1,1,1785503040
2026-07-31T13:20:21Z,1047,5,0,16,0,0,1,1,1,1785502604
2026-07-31T13:20:21Z,1048,7,0,12,0,0,1,1,1,1785503889
2026-07-31T13:20:21Z,1049,5,0,16,0,0,1,1,1,1785503708
2026-07-31T13:20:21Z,1050,17,4,4,0,0,1,1,1,1785502995
2026-07-31T13:20:21Z,1051,8,3,13,0,0,1,1,1,1785502869
2026-07-31T13:20:21Z,1052,17,2,5,0,0,1,1,1,1785503497
2026-07-31T13:20:21Z,1053,2,1,13,0,0,1,1,1,1785503545
2026-07-31T13:20:21Z,1054,14,1,1,0,0,1,1,1,1785503801
2026-07-31T13:20:21Z,1055,7,1,12,0,0,1,1,1,1785503793
2026-07-31T13:20:21Z,1057,8,0,11,0,0,1,1,1,1785503692
2026-07-31T13:20:21Z,1058,7,0,47,2,0,1,1,1,1785503856
2026-07-31T13:20:21Z,1059,1,0,17,1,0,1,1,1,1785503671
2026-07-31T13:20:21Z,1060,28,1,9,0,0,1,1,1,1785503975
2026-07-31T13:20:21Z,1061,34,0,3,0,0,1,1,1,1785503879
2026-07-31T13:20:21Z,1062,9,1,8,0,0,1,1,1,1785503057
2026-07-31T13:20:21Z,1063,12,1,6,1,0,1,1,1,1785503704
2026-07-31T13:20:21Z,1064,3,0,19,1,0,1,1,1,1785502230
2026-07-31T13:20:21Z,1065,16,3,7,0,0,1,1,1,1785502474
2026-07-31T13:20:21Z,1066,10,2,13,0,0,1,1,1,1785502295
2026-07-31T13:20:21Z,1067,8,2,13,2,0,1,1,1,1785502565
2026-07-31T13:20:21Z,1068,8,2,13,2,0,1,1,1,1785503887
2026-07-31T13:20:21Z,1069,12,3,11,0,0,1,1,1,1785503923
2026-07-31T13:20:21Z,1070,12,2,11,0,0,1,1,1,1785504017
2026-07-31T13:20:21Z,1071,7,4,16,0,0,1,1,1,1785502242
2026-07-31T13:20:21Z,1072,11,1,11,1,0,1,1,1,1785502650
2026-07-31T13:20:21Z,1073,17,2,9,1,0,1,1,1,1785504004
2026-07-31T13:20:21Z,1074,9,2,44,0,0,1,1,1,1785504015
2026-07-31T13:20:21Z,1075,9,9,12,0,0,1,1,1,1785503428
2026-07-31T13:20:21Z,1076,15,12,6,0,0,1,1,1,1785502867
2026-07-31T13:20:21Z,1077,8,4,13,0,0,1,1,1,1785503648
2026-07-31T13:20:21Z,1078,11,10,10,0,0,1,1,1,1785502910
2026-07-31T13:20:21Z,1079,11,8,10,0,0,1,1,1,1785503534
2026-07-31T13:20:21Z,1080,10,8,10,1,0,1,1,1,1785502318
2026-07-31T13:20:21Z,1081,13,8,6,0,0,1,1,1,1785502693
2026-07-31T13:20:21Z,1082,7,7,1,0,0,1,1,1,1785503958
2026-07-31T13:20:21Z,1083,13,11,8,0,0,1,1,1,1785503804
2026-07-31T13:20:21Z,1084,9,8,12,0,0,1,1,1,1785503420
2026-07-31T13:20:21Z,1085,13,11,8,0,0,1,1,1,1785503083
2026-07-31T13:20:21Z,1086,5,1,15,1,0,1,1,1,1785503782
2026-07-31T13:20:21Z,1087,8,6,7,0,0,1,1,1,1785502946
2026-07-31T13:20:21Z,1088,9,7,6,0,0,1,1,1,1785503708
2026-07-31T13:20:21Z,1089,8,6,7,0,0,1,1,1,1785503596
2026-07-31T13:20:21Z,1090,9,8,6,0,0,1,1,1,1785502775
2026-07-31T13:20:21Z,1091,11,6,4,0,0,1,1,1,1785502685
2026-07-31T13:20:21Z,1092,10,9,5,0,0,1,1,1,1785502296
2026-07-31T13:20:21Z,1093,6,5,9,0,0,1,1,1,1785502594
2026-07-31T13:20:21Z,1094,10,9,8,1,0,1,1,1,1785503759
2026-07-31T13:20:21Z,1095,8,7,7,0,0,1,1,1,1785502526
2026-07-31T13:20:21Z,1096,5,3,13,1,0,1,1,1,1785502209
2026-07-31T13:20:21Z,1097,9,9,6,0,0,1,1,1,1785502418
2026-07-31T13:20:21Z,1098,9,7,10,0,0,1,1,1,1785502769
2026-07-31T13:20:21Z,1099,7,6,8,0,0,1,1,1,1785503493
2026-07-31T13:20:21Z,1100,8,4,21,0,0,1,1,1,1785493678
2026-07-31T13:20:21Z,1101,10,5,11,0,0,1,1,1,1785503396
2026-07-31T13:20:21Z,1102,9,4,4,0,0,1,1,1,1785502659
2026-07-31T13:20:21Z,1103,11,5,10,0,0,1,1,1,1785503681
2026-07-31T13:20:21Z,1104,10,5,11,0,0,1,1,1,1785503152
2026-07-31T13:20:21Z,1105,8,4,5,0,0,1,1,1,1785502546
2026-07-31T13:20:21Z,1106,10,5,11,0,0,1,1,1,1785503494
2026-07-31T13:20:21Z,1107,9,5,6,0,0,1,1,1,1785503768
2026-07-31T13:20:21Z,1108,8,4,16,2,1,1,1,1,1785502476
2026-07-31T13:20:21Z,1109,9,4,6,0,0,1,1,1,1785503720
2026-07-31T13:20:21Z,1110,12,4,9,0,0,1,1,1,1785503019
2026-07-31T13:20:21Z,1111,3,2,18,0,0,1,1,1,1785475740
2026-07-31T13:20:21Z,1112,42,0,11,0,0,1,1,1,1785503665
2026-07-31T13:20:21Z,1113,5,0,16,0,0,1,1,1,1785503862
2026-07-31T13:20:21Z,1115,15,4,4,4,0,1,1,1,1785502378
2026-07-31T13:20:21Z,1116,5,1,14,0,0,1,1,1,1785503679
2026-07-31T13:20:21Z,1117,12,4,10,1,0,1,1,1,1785503538
2026-07-31T13:20:21Z,1118,13,0,6,2,0,1,1,1,1785503690
2026-07-31T13:20:21Z,1119,12,0,5,0,0,1,1,1,1785502878
2026-07-31T13:20:21Z,1120,12,0,6,1,0,1,1,1,1785503886
2026-07-31T13:20:21Z,1121,7,2,12,2,0,1,1,1,1785503363
2026-07-31T13:20:21Z,1122,10,8,8,3,0,1,1,1,1785503092
2026-07-31T13:20:21Z,1123,9,6,12,2,0,1,1,1,1785503321
2026-07-31T13:20:21Z,1124,4,1,6,5,0,1,1,1,1785503862
2026-07-31T13:20:21Z,1125,16,2,7,0,0,1,1,1,1785503974
2026-07-31T13:20:21Z,1126,2,0,18,1,0,1,1,1,1785503811
2026-07-31T13:20:21Z,1127,6,0,12,1,0,1,1,1,1785504000
2026-07-31T13:20:21Z,1128,14,2,0,1,0,1,1,1,1785503674
2026-07-31T13:20:21Z,1129,1,1,19,1,0,1,1,1,1785503405
2026-07-31T13:20:21Z,1130,12,0,3,0,0,1,1,1,1785503716
2026-07-31T13:20:21Z,1131,17,1,30,2,0,1,1,1,1785503864
2026-07-31T13:20:21Z,1132,10,4,10,1,0,1,1,1,1785503461
2026-07-31T13:20:21Z,1133,10,7,10,1,0,1,1,1,1785503692
2026-07-31T13:20:21Z,1134,10,5,9,0,0,1,1,1,1785502373
2026-07-31T13:20:21Z,1135,11,6,10,0,0,1,1,1,1785503291
2026-07-31T13:20:21Z,1136,9,0,14,0,0,1,1,1,1785503864
2026-07-31T13:20:21Z,1137,14,0,1,0,0,1,1,1,1785503590
2026-07-31T13:20:21Z,1138,14,0,5,0,0,1,1,1,1785503639
2026-07-31T13:20:21Z,1139,13,3,6,2,0,1,1,1,1785503091
2026-07-31T13:20:21Z,1140,14,0,8,1,0,1,1,1,1785503995
2026-07-31T13:20:21Z,1141,8,2,13,0,0,1,1,1,1785503946
2026-07-31T13:20:21Z,1142,1,0,20,0,0,1,1,1,1785502502
2026-07-31T13:20:21Z,1143,7,0,22,0,0,1,1,1,1785503791
2026-07-31T13:20:21Z,1144,8,1,12,1,0,1,1,1,1785503914
2026-07-31T13:20:21Z,1145,10,5,10,1,0,1,1,1,1785502253
2026-07-31T13:20:21Z,1146,1,0,15,3,0,1,1,1,1785503622
2026-07-31T13:20:21Z,1147,9,2,10,0,0,1,1,1,1785503604
2026-07-31T13:20:21Z,1148,6,0,25,0,0,1,1,1,1785503995
2026-07-31T13:20:21Z,1149,20,2,4,1,0,1,1,1,1785503362
2026-07-31T13:20:21Z,1150,16,0,3,0,0,1,1,1,1785503568
2026-07-31T13:20:21Z,1151,15,0,6,0,0,1,1,1,1785502515
2026-07-31T13:20:21Z,1152,24,2,5,0,0,1,1,1,1785503990
2026-07-31T13:20:21Z,1153,18,6,4,1,0,1,1,1,1785503905
2026-07-31T13:20:21Z,1154,16,1,3,0,0,1,1,1,1785503103
2026-07-31T13:20:21Z,1155,12,5,7,2,0,1,1,1,1785503929
2026-07-31T13:20:21Z,1158,3,0,15,1,0,1,1,1,1785503568
2026-07-31T13:20:21Z,1159,13,1,6,0,0,1,1,1,1785503925
2026-07-31T13:20:21Z,1160,8,1,10,1,0,1,1,1,1785503071
2026-07-31T13:20:21Z,1161,4,0,14,1,0,1,1,1,1785502247
2026-07-31T13:20:21Z,1162,0,0,19,0,0,1,1,1,1785502495
2026-07-31T13:20:21Z,1163,1,1,17,1,0,1,1,1,1785503686
2026-07-31T13:20:21Z,1164,6,1,13,0,0,1,1,1,1785503744
2026-07-31T13:20:21Z,1165,5,0,16,0,0,1,1,1,1785502666
2026-07-31T13:20:21Z,1166,12,2,8,1,0,1,1,1,1785504000
2026-07-31T13:20:21Z,1167,4,0,11,0,0,1,1,1,1785503441
2026-07-31T13:20:21Z,1168,1,1,21,1,0,1,1,1,1785503953
2026-07-31T13:20:21Z,1169,3,0,15,1,0,1,1,1,1785503590
2026-07-31T13:20:21Z,1170,7,1,14,0,0,1,1,1,1785503970
2026-07-31T13:20:21Z,1171,8,7,15,0,0,1,1,1,1785503650
2026-07-31T13:20:21Z,1172,5,2,8,2,0,1,1,1,1785503889
2026-07-31T13:20:21Z,1173,13,5,6,0,0,1,1,1,1785503844
2026-07-31T13:20:21Z,1174,6,3,9,0,0,1,1,1,1785503511
2026-07-31T13:20:21Z,1175,5,3,14,0,0,1,1,1,1785501948
2026-07-31T13:20:21Z,1176,19,1,2,0,0,1,1,1,1785503052
2026-07-31T13:20:21Z,1177,3,1,18,0,0,1,1,1,1785502981
2026-07-31T13:20:21Z,1178,3,0,12,0,0,1,1,1,1785503469
2026-07-31T13:20:21Z,1181,10,0,4,1,0,1,1,1,1785503836
2026-07-31T13:20:21Z,1182,11,1,9,0,0,1,1,1,1785503686
2026-07-31T13:20:21Z,1183,25,5,17,3,0,1,1,1,1785503811
2026-07-31T13:20:21Z,1184,2,2,17,2,0,1,1,1,1785503276
2026-07-31T13:20:21Z,1185,9,5,12,0,0,1,1,1,1785503108
2026-07-31T13:20:21Z,1186,9,5,10,0,0,1,1,1,1785502297
2026-07-31T13:20:21Z,1187,10,5,10,1,0,1,1,1,1785502619
2026-07-31T13:20:21Z,1188,10,5,5,0,0,1,1,1,1785503772
2026-07-31T13:20:21Z,1189,10,5,9,0,0,1,1,1,1785503876
2026-07-31T13:20:21Z,1190,9,4,12,0,0,1,1,1,1785503271
2026-07-31T13:20:21Z,1191,10,5,5,0,0,1,1,1,1785503778
2026-07-31T13:20:21Z,1192,10,6,10,1,0,1,1,1,1785503641
2026-07-31T13:20:21Z,1193,6,4,5,2,0,1,1,1,1785502829
2026-07-31T13:20:21Z,1197,8,6,8,1,0,1,1,1,1785502958
2026-07-31T13:20:21Z,1198,15,4,4,2,0,1,1,1,1785502349
2026-07-31T13:20:21Z,1199,2,0,17,0,0,1,1,1,1785502365
2026-07-31T13:20:21Z,1200,10,5,5,0,0,1,1,1,1785503815
2026-07-31T13:20:21Z,1201,10,5,5,0,0,1,1,1,1785503792
2026-07-31T13:20:21Z,1202,10,5,5,0,0,1,1,1,1785503893
2026-07-31T13:20:21Z,1203,10,5,5,0,0,1,1,1,1785503791
2026-07-31T13:20:21Z,1204,8,4,11,0,0,1,1,1,1785503546
2026-07-31T13:20:21Z,1206,11,5,10,0,0,1,1,1,1785502768
2026-07-31T13:20:21Z,1207,8,4,6,1,0,1,1,1,1785502290
2026-07-31T13:20:21Z,1208,9,4,10,0,0,1,1,1,1785502209
2026-07-31T13:20:21Z,1216,8,0,12,1,0,1,1,1,1785502998
2026-07-31T13:20:21Z,1218,4,0,17,0,0,1,1,1,1785503391
2026-07-31T13:20:21Z,1219,6,1,8,1,0,1,1,1,1785503240
2026-07-31T13:20:21Z,1220,14,7,4,1,0,1,1,1,1785503181
2026-07-31T13:20:21Z,1221,1,1,19,1,0,1,1,1,1785502704
2026-07-31T13:20:21Z,1222,25,0,4,0,0,1,1,1,1785503690
2026-07-31T13:20:21Z,1223,11,1,18,0,0,1,1,1,1785503989
2026-07-31T13:20:21Z,1226,0,0,3,0,0,0,1,1,1781868931
2026-07-31T13:20:21Z,1227,16,1,9,0,0,1,1,1,1785503472
2026-07-31T13:20:21Z,1228,18,2,11,0,0,1,1,1,1785503837
2026-07-31T13:20:21Z,1229,32,3,11,1,1,1,1,1,1785503947
2026-07-31T19:08:45Z,1,12,0,11,0,0,1,1,1,1785524876
2026-07-31T19:08:45Z,2,0,0,24,3,0,1,1,1,1785524771
2026-07-31T19:08:45Z,3,9,0,4,1,0,1,1,1,1785524855
2026-07-31T19:08:45Z,4,20,5,1,1,0,1,1,1,1785524258
2026-07-31T19:08:45Z,5,18,4,4,1,0,1,1,1,1785524501
2026-07-31T19:08:45Z,6,3,0,12,0,0,1,1,1,1785524037
2026-07-31T19:08:45Z,7,4,0,35,0,0,1,1,1,1785523827
2026-07-31T19:08:45Z,8,10,1,33,0,0,1,1,1,1785524263
2026-07-31T19:08:45Z,9,21,2,1,1,0,1,1,1,1785524461
2026-07-31T19:08:45Z,10,2,1,19,2,0,1,1,1,1785524334
2026-07-31T19:08:45Z,11,10,3,7,2,0,1,1,1,1785523901
2026-07-31T19:08:45Z,12,21,1,1,1,0,1,1,1,1785524709
2026-07-31T19:08:45Z,13,3,0,27,0,0,1,1,1,1785524872
2026-07-31T19:08:45Z,14,34,0,8,0,1,1,1,1,1785524744
2026-07-31T19:08:45Z,15,7,0,8,0,0,1,1,1,1785523750
2026-07-31T19:08:45Z,16,5,1,19,2,1,1,1,1,1785523693
2026-07-31T19:08:45Z,17,5,1,21,1,0,1,1,1,1785524638
2026-07-31T19:08:45Z,18,6,0,10,2,0,1,1,1,1785524770
2026-07-31T19:08:45Z,19,24,2,2,1,0,1,1,1,1785524911
2026-07-31T19:08:45Z,20,3,0,32,0,0,1,1,1,1785524595
2026-07-31T19:08:45Z,21,10,0,7,2,0,1,1,1,1785524804
2026-07-31T19:08:45Z,22,29,1,35,1,0,1,1,1,1785524694
2026-07-31T19:08:45Z,23,19,9,12,0,0,1,1,1,1785524910
2026-07-31T19:08:45Z,24,9,3,1,1,0,1,1,1,1785524918
2026-07-31T19:08:45Z,25,76,9,3,2,0,1,1,1,1785524909
2026-07-31T19:08:45Z,26,26,1,1,0,0,1,1,1,1785524667
2026-07-31T19:08:45Z,28,4,0,11,0,0,1,1,1,1785524400
2026-07-31T19:08:45Z,30,15,1,13,1,0,1,1,1,1785524566
2026-07-31T19:08:45Z,31,5,2,13,1,0,1,1,1,1785524897
2026-07-31T19:08:45Z,32,19,6,8,0,0,1,1,1,1785524843
2026-07-31T19:08:45Z,34,12,0,25,0,0,1,1,1,1785524721
2026-07-31T19:08:45Z,35,45,0,1,1,0,1,1,1,1785524914
2026-07-31T19:08:45Z,36,0,0,0,0,0,0,1,1,86400
2026-07-31T19:08:45Z,37,10,2,13,1,0,1,1,1,1785524852
2026-07-31T19:08:45Z,38,13,5,10,0,0,1,1,1,1785524550
2026-07-31T19:08:45Z,39,4,0,35,0,0,1,1,1,1785524462
2026-07-31T19:08:45Z,40,15,0,6,0,0,1,1,1,1785524451
2026-07-31T19:08:45Z,41,36,3,7,0,0,1,1,1,1785524623
2026-07-31T19:08:45Z,42,2,0,29,0,0,1,1,1,1785524896
2026-07-31T19:08:45Z,43,13,4,10,0,0,1,1,1,1785524905
2026-07-31T19:08:45Z,45,21,5,8,0,0,1,1,1,1785524405
2026-07-31T19:08:45Z,46,3,2,27,1,0,1,1,1,1785524879
2026-07-31T19:08:45Z,47,2,0,12,1,0,1,1,1,1785524297
2026-07-31T19:08:45Z,48,13,2,14,0,0,1,1,1,1785524914
2026-07-31T19:08:45Z,49,3,0,16,4,0,1,1,1,1785524915
2026-07-31T19:08:45Z,50,11,7,8,0,0,1,1,1,1785524893
2026-07-31T19:08:45Z,51,50,1,27,0,0,1,1,1,1785524752
2026-07-31T19:08:45Z,52,21,1,2,4,0,1,1,1,1785524847
2026-07-31T19:08:45Z,55,12,8,11,0,0,1,1,1,1785524619
2026-07-31T19:08:45Z,56,22,1,21,0,0,1,1,1,1785524451
2026-07-31T19:08:45Z,57,17,7,10,0,0,1,1,1,1785524001
2026-07-31T19:08:45Z,58,11,4,17,0,0,1,1,1,1785524512
2026-07-31T19:08:45Z,59,9,2,16,2,0,1,1,1,1785524892
2026-07-31T19:08:45Z,61,3,0,36,0,0,1,1,1,1785524069
2026-07-31T19:08:45Z,62,27,13,20,2,0,1,1,1,1785524919
2026-07-31T19:08:45Z,63,14,2,5,0,0,1,1,1,1785524735
2026-07-31T19:08:45Z,64,12,2,3,4,0,1,1,1,1785523040
2026-07-31T19:08:45Z,65,11,2,7,1,0,1,1,1,1785524716
2026-07-31T19:08:45Z,67,26,1,12,1,0,1,1,1,1785524465
2026-07-31T19:08:45Z,68,21,1,16,0,0,1,1,1,1785524321
2026-07-31T19:08:45Z,69,9,0,6,0,0,1,1,1,1785523885
2026-07-31T19:08:45Z,71,15,4,10,2,0,1,1,1,1785524318
2026-07-31T19:08:45Z,72,24,3,3,3,1,1,1,1,1785524919
2026-07-31T19:08:45Z,73,14,1,17,0,0,1,1,1,1785524857
2026-07-31T19:08:45Z,74,0,0,19,0,0,1,1,1,1785523729
2026-07-31T19:08:45Z,75,20,0,11,1,0,1,1,1,1785524857
2026-07-31T19:08:45Z,76,9,0,8,2,0,1,1,1,1785524911
2026-07-31T19:08:45Z,77,7,0,20,0,0,1,1,1,1785524840
2026-07-31T19:08:45Z,78,5,5,17,1,0,1,1,1,1785524867
2026-07-31T19:08:45Z,79,8,1,8,1,0,1,1,1,1785524848
2026-07-31T19:08:45Z,80,12,0,8,3,0,1,1,1,1785524919
2026-07-31T19:08:45Z,81,9,0,22,0,0,1,1,1,1785524880
2026-07-31T19:08:45Z,82,18,5,4,1,0,1,1,1,1785524739
2026-07-31T19:08:45Z,83,9,4,23,2,0,1,1,1,1785524919
2026-07-31T19:08:45Z,84,2,0,25,0,0,1,1,1,1785524421
2026-07-31T19:08:45Z,85,11,2,4,0,0,1,1,1,1785524858
2026-07-31T19:08:45Z,86,6,0,21,0,0,1,1,1,1785524785
2026-07-31T19:08:45Z,87,6,0,13,0,0,1,1,1,1785524151
2026-07-31T19:08:45Z,88,12,0,30,1,0,1,1,1,1785524894
2026-07-31T19:08:45Z,89,34,5,1,0,0,1,1,1,1785523815
2026-07-31T19:08:45Z,90,2,0,15,1,0,1,1,1,1785524871
2026-07-31T19:08:45Z,91,5,0,11,1,0,1,1,1,1785524190
2026-07-31T19:08:45Z,92,4,0,12,3,0,1,1,1,1785524854
2026-07-31T19:08:45Z,93,4,0,19,0,0,1,1,1,1785524128
2026-07-31T19:08:45Z,94,13,0,5,1,0,1,1,1,1785524759
2026-07-31T19:08:45Z,95,9,0,24,1,1,1,1,1,1785524918
2026-07-31T19:08:45Z,96,16,3,14,1,0,1,1,1,1785524415
2026-07-31T19:08:45Z,97,0,0,16,1,0,1,1,1,1785524916
2026-07-31T19:08:45Z,98,34,3,1,0,0,1,1,1,1785524697
2026-07-31T19:08:45Z,99,13,0,2,0,0,1,1,1,1785524226
2026-07-31T19:08:45Z,100,0,0,27,0,0,1,1,1,1785524797
2026-07-31T19:08:45Z,101,9,0,5,1,0,1,1,1,1785524495
2026-07-31T19:08:45Z,102,0,0,23,0,0,1,1,1,1785524710
2026-07-31T19:08:45Z,103,12,1,16,2,0,1,1,1,1785524905
2026-07-31T19:08:45Z,104,8,1,17,2,0,1,1,1,1785524915
2026-07-31T19:08:45Z,105,17,0,2,0,0,1,1,1,1785524781
2026-07-31T19:08:45Z,106,2,0,19,0,0,1,1,1,1785524574
2026-07-31T19:08:45Z,107,15,0,22,0,0,1,1,1,1785524724
2026-07-31T19:08:45Z,108,1,0,34,0,0,1,1,1,1785524883
2026-07-31T19:08:45Z,109,15,0,8,0,0,1,1,1,1785524816
2026-07-31T19:08:45Z,110,10,0,13,0,0,1,1,1,1785524499
2026-07-31T19:08:45Z,111,10,2,24,2,0,1,1,1,1785524546
2026-07-31T19:08:45Z,112,2,0,12,1,0,1,1,1,1785524829
2026-07-31T19:08:45Z,113,9,1,9,1,0,1,1,1,1785524797
2026-07-31T19:08:45Z,114,20,6,10,1,0,1,1,1,1785524907
2026-07-31T19:08:45Z,115,14,5,12,2,0,1,1,1,1785524066
2026-07-31T19:08:45Z,116,23,14,3,1,0,1,1,1,1785524859
2026-07-31T19:08:45Z,118,12,1,10,1,0,1,1,1,1785524579
2026-07-31T19:08:45Z,119,2,0,34,2,0,1,1,1,1785524856
2026-07-31T19:08:45Z,120,3,0,22,2,0,1,1,1,1785524842
2026-07-31T19:08:45Z,121,1,0,17,0,1,1,1,1,1785524883
2026-07-31T19:08:45Z,122,14,0,7,0,0,1,1,1,1785524807
2026-07-31T19:08:45Z,123,46,3,1,0,0,1,1,1,1785524344
2026-07-31T19:08:45Z,124,4,2,31,0,0,1,1,1,1785524855
2026-07-31T19:08:45Z,125,10,0,12,1,0,1,1,1,1785524535
2026-07-31T19:08:45Z,126,19,0,12,0,0,1,1,1,1785524905
2026-07-31T19:08:45Z,127,18,3,16,1,0,1,1,1,1785524685
2026-07-31T19:08:45Z,128,4,0,15,0,0,1,1,1,1785524587
2026-07-31T19:08:45Z,129,4,0,13,2,0,1,1,1,1785524561
2026-07-31T19:08:45Z,130,2,0,15,0,0,1,1,1,1785523313
2026-07-31T19:08:45Z,131,7,5,4,0,0,1,1,1,1785524682
2026-07-31T19:08:45Z,132,8,4,5,1,1,1,1,1,1785524691
2026-07-31T19:08:45Z,134,19,5,1,3,0,1,1,1,1785524748
2026-07-31T19:08:45Z,135,0,0,18,1,0,1,1,1,1785524591
2026-07-31T19:08:45Z,136,0,0,16,1,6,1,1,1,1785524723
2026-07-31T19:08:45Z,137,7,1,9,3,0,1,1,1,1785524876
2026-07-31T19:08:45Z,138,10,0,27,0,0,1,1,1,1785522771
2026-07-31T19:08:45Z,139,9,0,10,0,0,1,1,1,1785524738
2026-07-31T19:08:45Z,140,2,1,20,1,0,1,1,1,1785524919
2026-07-31T19:08:45Z,141,8,0,28,0,0,1,1,1,1785524919
2026-07-31T19:08:45Z,142,0,0,23,0,0,1,1,1,1785524321
2026-07-31T19:08:45Z,143,12,0,19,0,0,1,1,1,1785524211
2026-07-31T19:08:45Z,144,2,0,25,0,0,1,1,1,1785524536
2026-07-31T19:08:45Z,146,17,2,5,1,0,1,1,1,1785524890
2026-07-31T19:08:45Z,147,3,0,14,2,0,1,1,1,1785524895
2026-07-31T19:08:45Z,148,0,0,23,4,0,1,1,1,1785524795
2026-07-31T19:08:45Z,149,1,0,26,0,0,1,1,1,1785523601
2026-07-31T19:08:45Z,150,14,1,19,2,0,1,1,1,1785524907
2026-07-31T19:08:45Z,151,0,0,23,0,0,1,1,1,1785524570
2026-07-31T19:08:45Z,152,2,1,21,3,0,1,1,1,1785524710
2026-07-31T19:08:45Z,153,3,0,22,3,0,1,1,1,1785524329
2026-07-31T19:08:45Z,154,3,0,17,3,0,1,1,1,1785524871
2026-07-31T19:08:45Z,155,3,0,10,1,0,1,1,1,1785524915
2026-07-31T19:08:45Z,156,0,0,19,0,0,1,1,1,1785524690
2026-07-31T19:08:45Z,157,6,1,19,2,0,1,1,1,1785524712
2026-07-31T19:08:45Z,158,0,0,15,1,0,1,1,1,1785524860
2026-07-31T19:08:45Z,159,5,2,13,1,0,1,1,1,1785523892
2026-07-31T19:08:45Z,160,2,0,17,0,0,1,1,1,1785523825
2026-07-31T19:08:45Z,161,2,0,20,0,0,1,1,1,1785524859
2026-07-31T19:08:45Z,162,13,3,12,2,0,1,1,1,1785524919
2026-07-31T19:08:45Z,163,3,2,27,0,1,1,1,1,1785524904
2026-07-31T19:08:45Z,164,11,0,16,0,0,1,1,1,1785524484
2026-07-31T19:08:45Z,165,26,8,5,0,0,1,1,1,1785524914
2026-07-31T19:08:45Z,166,10,2,25,4,0,1,1,1,1785524912
2026-07-31T19:08:45Z,167,4,3,18,1,0,1,1,1,1785524741
2026-07-31T19:08:45Z,168,20,8,6,1,0,1,1,1,1785524885
2026-07-31T19:08:45Z,169,20,2,2,0,1,1,1,1,1785524817
2026-07-31T19:08:45Z,170,2,1,16,1,0,1,1,1,1785524722
2026-07-31T19:08:45Z,171,9,0,2,2,0,1,1,1,1785524788
2026-07-31T19:08:45Z,173,18,3,21,0,0,1,1,1,1785524907
2026-07-31T19:08:45Z,174,2,2,24,0,0,1,1,1,1785524872
2026-07-31T19:08:45Z,175,25,2,4,2,0,1,1,1,1785524917
2026-07-31T19:08:45Z,176,6,1,6,2,1,1,1,1,1785524850
2026-07-31T19:08:45Z,177,9,2,18,0,0,1,1,1,1785524760
2026-07-31T19:08:45Z,178,7,0,5,2,1,1,1,1,1785524917
2026-07-31T19:08:45Z,179,5,2,9,1,0,1,1,1,1785524544
2026-07-31T19:08:45Z,180,2,0,28,0,0,1,1,1,1785524765
2026-07-31T19:08:45Z,181,0,0,15,0,0,1,1,1,1785524760
2026-07-31T19:08:45Z,182,1,0,16,0,0,1,1,1,1785524732
2026-07-31T19:08:45Z,183,10,8,12,1,0,1,1,1,1785524751
2026-07-31T19:08:45Z,184,18,0,3,2,0,1,1,1,1785524789
2026-07-31T19:08:45Z,185,7,4,6,1,1,1,1,1,1785523389
2026-07-31T19:08:45Z,186,0,0,19,0,0,1,1,1,1785524840
2026-07-31T19:08:45Z,187,11,1,16,1,0,1,1,1,1785524826
2026-07-31T19:08:45Z,188,2,2,17,7,1,1,1,1,1785524667
2026-07-31T19:08:45Z,189,3,3,12,0,0,1,1,1,1785524896
2026-07-31T19:08:45Z,190,19,2,4,0,0,1,1,1,1785524863
2026-07-31T19:08:45Z,191,22,7,15,2,0,1,1,1,1785524890
2026-07-31T19:08:45Z,192,7,0,22,2,0,1,1,1,1785524817
2026-07-31T19:08:45Z,193,6,6,8,1,0,1,1,1,1785524906
2026-07-31T19:08:45Z,194,11,11,16,0,0,1,1,1,1785524767
2026-07-31T19:08:45Z,195,4,3,15,0,0,1,1,1,1785524882
2026-07-31T19:08:45Z,196,8,4,18,1,0,1,1,1,1785522946
2026-07-31T19:08:45Z,197,0,0,18,0,1,1,1,1,1785524828
2026-07-31T19:08:45Z,198,13,12,9,1,0,1,1,1,1785524839
2026-07-31T19:08:45Z,199,1,1,13,1,0,1,1,1,1785524870
2026-07-31T19:08:45Z,200,22,16,3,1,0,1,1,1,1785524832
2026-07-31T19:08:45Z,201,8,0,13,2,0,1,1,1,1785524760
2026-07-31T19:08:45Z,202,15,0,12,0,0,1,1,1,1785524611
2026-07-31T19:08:45Z,203,16,0,14,1,0,1,1,1,1785523531
2026-07-31T19:08:45Z,204,22,1,12,1,0,1,1,1,1785524550
2026-07-31T19:08:45Z,205,15,1,12,0,0,1,1,1,1785524424
2026-07-31T19:08:45Z,206,1,0,14,0,0,1,1,1,1785523808
2026-07-31T19:08:45Z,207,18,2,3,0,0,1,1,1,1785524689
2026-07-31T19:08:45Z,208,4,2,24,1,0,1,1,1,1785524739
2026-07-31T19:08:45Z,209,16,4,14,1,0,1,1,1,1785524914
2026-07-31T19:08:45Z,210,4,0,23,0,0,1,1,1,1785524619
2026-07-31T19:08:45Z,211,3,0,19,1,0,1,1,1,1785524853
2026-07-31T19:08:45Z,212,19,2,15,1,0,1,1,1,1785524856
2026-07-31T19:08:45Z,213,11,1,11,1,0,1,1,1,1785524898
2026-07-31T19:08:45Z,214,32,11,14,1,0,1,1,1,1785524573
2026-07-31T19:08:45Z,215,1,1,21,1,0,1,1,1,1785524291
2026-07-31T19:08:45Z,216,3,0,15,1,0,1,1,1,1785524704
2026-07-31T19:08:45Z,217,19,1,9,1,0,1,1,1,1785524892
2026-07-31T19:08:45Z,218,12,9,24,3,0,1,1,1,1785524896
2026-07-31T19:08:45Z,219,17,0,8,1,0,1,1,1,1785524840
2026-07-31T19:08:45Z,220,2,2,39,1,1,1,1,1,1785524914
2026-07-31T19:08:45Z,221,6,0,8,1,0,1,1,1,1785524780
2026-07-31T19:08:45Z,222,2,2,17,0,0,1,1,1,1785524351
2026-07-31T19:08:45Z,223,21,2,11,3,0,1,1,1,1785524622
2026-07-31T19:08:45Z,224,8,2,14,0,0,1,1,1,1785524869
2026-07-31T19:08:45Z,225,2,1,15,2,0,1,1,1,1785524722
2026-07-31T19:08:45Z,226,7,6,23,1,0,1,1,1,1785524789
2026-07-31T19:08:45Z,227,2,1,25,0,0,1,1,1,1785524918
2026-07-31T19:08:45Z,228,9,7,10,0,0,1,1,1,1785524108
2026-07-31T19:08:45Z,230,4,1,22,0,0,1,1,1,1785524562
2026-07-31T19:08:45Z,232,1,1,15,1,0,1,1,1,1785523402
2026-07-31T19:08:45Z,233,13,3,16,2,0,1,1,1,1785524794
2026-07-31T19:08:45Z,234,3,2,11,3,2,1,1,1,1785524344
2026-07-31T19:08:45Z,236,3,0,16,0,0,1,1,1,1785524678
2026-07-31T19:08:45Z,237,17,0,5,1,0,1,1,1,1785524915
2026-07-31T19:08:45Z,239,21,8,5,1,0,1,1,1,1785524633
2026-07-31T19:08:45Z,241,3,1,19,1,0,1,1,1,1785524782
2026-07-31T19:08:45Z,242,3,2,19,1,0,1,1,1,1785524619
2026-07-31T19:08:45Z,243,21,11,7,3,0,1,1,1,1785524476
2026-07-31T19:08:45Z,244,17,5,8,2,0,1,1,1,1785524674
2026-07-31T19:08:45Z,245,4,3,19,0,0,1,1,1,1785524308
2026-07-31T19:08:45Z,246,10,4,11,2,0,1,1,1,1785524903
2026-07-31T19:08:45Z,247,3,2,18,2,0,1,1,1,1785524867
2026-07-31T19:08:45Z,248,17,6,4,2,0,1,1,1,1785524677
2026-07-31T19:08:45Z,249,17,11,1,1,0,1,1,1,1785524672
2026-07-31T19:08:45Z,250,12,5,14,1,0,1,1,1,1785524879
2026-07-31T19:08:45Z,251,11,8,13,3,0,1,1,1,1785524595
2026-07-31T19:08:45Z,253,4,0,15,0,0,1,1,1,1785524908
2026-07-31T19:08:45Z,254,4,1,38,1,0,1,1,1,1785524762
2026-07-31T19:08:45Z,255,14,1,8,0,1,1,1,1,1785524732
2026-07-31T19:08:45Z,256,1,0,20,2,0,1,1,1,1785524397
2026-07-31T19:08:45Z,257,1,0,18,0,0,1,1,1,1785524232
2026-07-31T19:08:45Z,258,7,4,12,0,0,1,1,1,1785524872
2026-07-31T19:08:45Z,259,12,0,10,0,1,1,1,1,1785523346
2026-07-31T19:08:45Z,260,1,1,16,2,0,1,1,1,1785524825
2026-07-31T19:08:45Z,261,0,0,16,2,1,1,1,1,1785524828
2026-07-31T19:08:45Z,262,4,2,18,1,0,1,1,1,1785524777
2026-07-31T19:08:45Z,263,2,1,13,0,0,1,1,1,1785524851
2026-07-31T19:08:45Z,264,1,1,17,1,0,1,1,1,1785524803
2026-07-31T19:08:45Z,265,5,0,10,0,0,1,1,1,1785523733
2026-07-31T19:08:45Z,266,2,0,15,2,0,1,1,1,1785524570
2026-07-31T19:08:45Z,267,7,3,7,1,0,1,1,1,1785523295
2026-07-31T19:08:45Z,268,16,7,7,0,0,1,1,1,1785524583
2026-07-31T19:08:45Z,269,2,2,21,0,0,1,1,1,1785523808
2026-07-31T19:08:45Z,270,6,2,20,1,0,1,1,1,1785523626
2026-07-31T19:08:45Z,271,0,0,17,2,0,1,1,1,1785524629
2026-07-31T19:08:45Z,272,8,4,15,0,0,1,1,1,1785524899
2026-07-31T19:08:45Z,273,5,2,10,0,0,1,1,1,1785524752
2026-07-31T19:08:45Z,274,4,3,13,2,0,1,1,1,1785523482
2026-07-31T19:08:45Z,275,8,0,15,0,0,1,1,1,1785524757
2026-07-31T19:08:45Z,276,0,0,26,1,0,1,1,1,1785522296
2026-07-31T19:08:45Z,277,19,10,0,4,0,1,1,1,1785523293
2026-07-31T19:08:45Z,278,15,6,12,4,0,1,1,1,1785524482
2026-07-31T19:08:45Z,279,18,2,1,0,0,1,1,1,1785524895
2026-07-31T19:08:45Z,280,4,1,23,4,0,1,1,1,1785524769
2026-07-31T19:08:45Z,281,1,0,18,0,0,1,1,1,1785522837
2026-07-31T19:08:45Z,282,8,2,10,0,0,1,1,1,1785524915
2026-07-31T19:08:45Z,283,18,1,16,1,0,1,1,1,1785524685
2026-07-31T19:08:45Z,284,1,1,32,2,0,1,1,1,1785524741
2026-07-31T19:08:45Z,285,0,0,23,0,0,1,1,1,1785523412
2026-07-31T19:08:45Z,286,4,2,19,0,0,1,1,1,1785524780
2026-07-31T19:08:45Z,287,13,2,8,2,0,1,1,1,1785522522
2026-07-31T19:08:45Z,288,3,3,15,1,0,1,1,1,1785524545
2026-07-31T19:08:45Z,289,7,4,18,2,0,1,1,1,1785524722
2026-07-31T19:08:45Z,290,8,0,30,1,0,1,1,1,1785524850
2026-07-31T19:08:45Z,291,13,0,9,1,0,1,1,1,1785524751
2026-07-31T19:08:45Z,292,18,1,5,0,0,1,1,1,1785524357
2026-07-31T19:08:45Z,293,2,1,19,2,0,1,1,1,1785524846
2026-07-31T19:08:45Z,294,8,7,13,1,0,1,1,1,1785524903
2026-07-31T19:08:45Z,297,3,0,15,0,1,1,1,1,1785524892
2026-07-31T19:08:45Z,301,17,1,2,0,0,1,1,1,1785524282
2026-07-31T19:08:45Z,302,5,0,17,1,0,1,1,1,1785524898
2026-07-31T19:08:45Z,303,2,0,17,0,0,1,1,1,1785524398
2026-07-31T19:08:45Z,304,0,0,0,0,0,0,1,1,86400
2026-07-31T19:08:45Z,305,5,0,13,1,0,1,1,1,1785524916
2026-07-31T19:08:45Z,306,3,1,28,1,0,1,1,1,1785524803
2026-07-31T19:08:45Z,307,7,3,14,1,1,1,1,1,1785524853
2026-07-31T19:08:45Z,308,14,1,3,2,0,1,1,1,1785524580
2026-07-31T19:08:45Z,309,3,3,11,0,0,1,1,1,1785524744
2026-07-31T19:08:45Z,311,7,0,8,0,0,1,1,1,1785524907
2026-07-31T19:08:45Z,312,10,7,10,3,0,1,1,1,1785524858
2026-07-31T19:08:45Z,313,5,1,10,0,0,1,1,1,1785524421
2026-07-31T19:08:45Z,314,19,11,0,0,0,1,1,1,1785524090
2026-07-31T19:08:45Z,315,15,6,14,2,0,1,1,1,1785524740
2026-07-31T19:08:45Z,316,4,0,20,6,1,1,1,1,1785524898
2026-07-31T19:08:45Z,317,11,9,19,0,1,1,1,1,1785524711
2026-07-31T19:08:45Z,318,18,0,1,0,0,1,1,1,1785518312
2026-07-31T19:08:45Z,319,15,0,6,2,0,1,1,1,1785524819
2026-07-31T19:08:45Z,320,13,2,5,1,0,1,1,1,1785524713
2026-07-31T19:08:45Z,321,4,0,11,4,0,1,1,1,1785524644
2026-07-31T19:08:45Z,322,13,0,16,0,0,1,1,1,1785523840
2026-07-31T19:08:45Z,323,3,0,16,0,0,1,1,1,1785524697
2026-07-31T19:08:45Z,324,13,1,13,1,0,1,1,1,1785524911
2026-07-31T19:08:45Z,325,0,0,25,2,0,1,1,1,1785523312
2026-07-31T19:08:45Z,327,3,0,22,2,0,1,1,1,1785524393
2026-07-31T19:08:45Z,328,9,0,12,1,0,1,1,1,1785524642
2026-07-31T19:08:45Z,329,1,0,15,3,0,1,1,1,1785521276
2026-07-31T19:08:45Z,330,15,1,6,1,0,1,1,1,1785524907
2026-07-31T19:08:45Z,331,13,0,8,2,0,1,1,1,1785524471
2026-07-31T19:08:45Z,332,3,0,14,2,0,1,1,1,1785524857
2026-07-31T19:08:45Z,333,6,5,16,1,0,1,1,1,1785524782
2026-07-31T19:08:45Z,334,2,2,21,0,0,1,1,1,1785522369
2026-07-31T19:08:45Z,335,0,0,22,0,1,1,1,1,1785523886
2026-07-31T19:08:45Z,336,0,0,19,0,0,1,1,1,1785524486
2026-07-31T19:08:45Z,337,9,3,10,4,0,1,1,1,1785524715
2026-07-31T19:08:45Z,338,4,3,15,0,0,1,1,1,1785524039
2026-07-31T19:08:45Z,339,19,16,1,3,0,1,1,1,1785524854
2026-07-31T19:08:45Z,340,1,1,13,1,0,1,1,1,1785524884
2026-07-31T19:08:45Z,341,2,2,17,0,0,1,1,1,1785524824
2026-07-31T19:08:45Z,342,1,0,14,0,0,1,1,1,1785524602
2026-07-31T19:08:45Z,343,18,4,4,1,0,1,1,1,1785524806
2026-07-31T19:08:45Z,344,4,3,19,0,0,1,1,1,1785524550
2026-07-31T19:08:45Z,345,7,0,12,0,0,1,1,1,1785524180
2026-07-31T19:08:45Z,346,5,4,18,0,0,1,1,1,1785524787
2026-07-31T19:08:45Z,347,39,7,4,1,0,1,1,1,1785524917
2026-07-31T19:08:45Z,348,13,0,9,0,1,1,1,1,1785524652
2026-07-31T19:08:45Z,349,14,3,5,0,0,1,1,1,1785524433
2026-07-31T19:08:45Z,350,0,0,25,1,1,1,1,1,1785523926
2026-07-31T19:08:45Z,351,2,0,19,2,0,1,1,1,1785524644
2026-07-31T19:08:45Z,355,2,0,21,0,0,1,1,1,1785524706
2026-07-31T19:08:45Z,356,6,1,13,0,0,1,1,1,1785524851
2026-07-31T19:08:45Z,357,5,3,14,0,0,1,1,1,1785524914
2026-07-31T19:08:45Z,358,17,4,9,1,0,1,1,1,1785524772
2026-07-31T19:08:45Z,359,12,1,15,0,0,1,1,1,1785524512
2026-07-31T19:08:45Z,360,6,3,12,1,0,1,1,1,1785523627
2026-07-31T19:08:45Z,362,2,1,16,1,0,1,1,1,1785523944
2026-07-31T19:08:45Z,363,23,2,4,0,0,1,1,1,1785524918
2026-07-31T19:08:45Z,364,7,2,12,0,0,1,1,1,1785524513
2026-07-31T19:08:45Z,365,0,0,19,4,0,1,1,1,1785524908
2026-07-31T19:08:45Z,366,7,6,16,0,0,1,1,1,1785524849
2026-07-31T19:08:45Z,367,2,1,16,1,0,1,1,1,1785523214
2026-07-31T19:08:45Z,368,0,0,22,1,0,1,1,1,1785522825
2026-07-31T19:08:45Z,370,0,0,27,0,0,1,1,1,1785524031
2026-07-31T19:08:45Z,371,3,3,15,1,0,1,1,1,1785524669
2026-07-31T19:08:45Z,372,11,1,4,0,0,1,1,1,1785524368
2026-07-31T19:08:45Z,373,1,0,25,1,0,1,1,1,1785524502
2026-07-31T19:08:45Z,374,0,0,18,1,0,1,1,1,1785523668
2026-07-31T19:08:45Z,375,16,4,8,3,0,1,1,1,1785524893
2026-07-31T19:08:45Z,376,30,7,5,4,0,1,1,1,1785524682
2026-07-31T19:08:45Z,377,2,0,25,0,0,1,1,1,1785524887
2026-07-31T19:08:45Z,378,3,2,20,0,1,1,1,1,1785524913
2026-07-31T19:08:45Z,379,9,0,16,2,0,1,1,1,1785524546
2026-07-31T19:08:45Z,380,2,1,20,1,0,1,1,1,1785524675
2026-07-31T19:08:45Z,381,2,0,21,0,0,1,1,1,1785524909
2026-07-31T19:08:45Z,383,3,0,10,2,0,1,1,1,1785524793
2026-07-31T19:08:45Z,384,7,1,17,3,0,1,1,1,1785524228
2026-07-31T19:08:45Z,385,7,4,10,1,0,1,1,1,1785524518
2026-07-31T19:08:45Z,387,11,2,12,0,0,1,1,1,1785524914
2026-07-31T19:08:45Z,388,32,6,14,3,0,1,1,1,1785524852
2026-07-31T19:08:45Z,389,2,2,13,0,0,1,1,1,1785523736
2026-07-31T19:08:45Z,390,10,0,24,1,0,1,1,1,1785524066
2026-07-31T19:08:45Z,391,2,0,13,0,0,1,1,1,1785524887
2026-07-31T19:08:45Z,392,0,0,18,1,0,1,1,1,1785524896
2026-07-31T19:08:45Z,393,0,0,8,3,0,1,1,1,1785523341
2026-07-31T19:08:45Z,394,5,2,5,3,0,1,1,1,1785524917
2026-07-31T19:08:45Z,396,30,9,9,3,0,1,1,1,1785524656
2026-07-31T19:08:45Z,397,19,7,12,0,0,1,1,1,1785524621
2026-07-31T19:08:45Z,399,4,0,10,3,0,1,1,1,1785524529
2026-07-31T19:08:45Z,400,13,8,8,2,0,1,1,1,1785523824
2026-07-31T19:08:45Z,401,0,0,31,8,0,1,1,1,1785524736
2026-07-31T19:08:45Z,403,16,0,12,3,0,1,1,1,1785524486
2026-07-31T19:08:45Z,404,9,2,14,0,0,1,1,1,1785524522
2026-07-31T19:08:45Z,406,10,7,22,3,0,1,1,1,1785524915
2026-07-31T19:08:45Z,407,3,0,30,1,0,1,1,1,1785524271
2026-07-31T19:08:45Z,408,15,1,15,3,0,1,1,1,1785524531
2026-07-31T19:08:45Z,409,15,2,5,3,0,1,1,1,1785524471
2026-07-31T19:08:45Z,413,10,2,12,1,0,1,1,1,1785523939
2026-07-31T19:08:45Z,414,6,0,9,0,0,1,1,1,1785523966
2026-07-31T19:08:45Z,417,2,2,17,0,0,1,1,1,1785524644
2026-07-31T19:08:45Z,418,4,3,11,0,0,1,1,1,1785524848
2026-07-31T19:08:45Z,419,10,1,13,0,0,1,1,1,1785524865
2026-07-31T19:08:45Z,421,0,0,19,0,0,1,1,1,1785524639
2026-07-31T19:08:45Z,422,23,5,4,0,0,1,1,1,1785524844
2026-07-31T19:08:45Z,423,4,0,19,0,0,1,1,1,1785522200
2026-07-31T19:08:45Z,424,7,2,5,2,1,1,1,1,1785524883
2026-07-31T19:08:45Z,425,3,0,17,1,1,1,1,1,1785524676
2026-07-31T19:08:45Z,426,19,1,13,5,0,1,1,1,1785524912
2026-07-31T19:08:45Z,427,8,0,4,3,0,1,1,1,1785524630
2026-07-31T19:08:45Z,428,12,2,7,0,0,1,1,1,1785524733
2026-07-31T19:08:45Z,429,17,5,5,1,0,1,1,1,1785524885
2026-07-31T19:08:45Z,430,5,3,25,1,0,1,1,1,1785524811
2026-07-31T19:08:45Z,431,2,1,30,1,0,1,1,1,1785524863
2026-07-31T19:08:45Z,432,0,0,30,1,0,0,1,1,1785508564
2026-07-31T19:08:45Z,433,2,1,18,3,0,1,1,1,1785522776
2026-07-31T19:08:45Z,437,2,2,16,1,0,1,1,1,1785524593
2026-07-31T19:08:45Z,438,16,1,2,1,0,1,1,1,1785524838
2026-07-31T19:08:45Z,439,9,4,6,0,0,1,1,1,1785523946
2026-07-31T19:08:45Z,440,14,5,1,0,0,1,1,1,1785524917
2026-07-31T19:08:45Z,441,12,3,1,2,0,1,1,1,1785524786
2026-07-31T19:08:45Z,442,6,5,12,1,0,1,1,1,1785524663
2026-07-31T19:08:45Z,443,5,2,22,0,0,1,1,1,1785512432
2026-07-31T19:08:45Z,444,7,2,16,0,0,1,1,1,1785523711
2026-07-31T19:08:45Z,445,6,2,16,1,0,1,1,1,1785524753
2026-07-31T19:08:45Z,446,1,0,21,1,0,1,1,1,1785519783
2026-07-31T19:08:45Z,447,3,0,18,1,1,1,1,1,1785496389
2026-07-31T19:08:45Z,448,7,1,7,1,0,1,1,1,1785523571
2026-07-31T19:08:45Z,452,1,1,17,1,0,1,1,1,1785523692
2026-07-31T19:08:45Z,453,8,5,5,2,0,1,1,1,1785524644
2026-07-31T19:08:45Z,454,13,0,6,0,0,1,1,1,1785524794
2026-07-31T19:08:45Z,455,1,0,38,0,0,1,1,1,1785524851
2026-07-31T19:08:45Z,456,14,3,5,1,0,1,1,1,1785524914
2026-07-31T19:08:45Z,457,21,0,1,5,0,1,1,1,1785524714
2026-07-31T19:08:45Z,458,5,0,17,1,0,1,1,1,1785524194
2026-07-31T19:08:45Z,459,5,0,10,0,0,1,1,1,1785524540
2026-07-31T19:08:45Z,460,16,0,7,0,0,1,1,1,1785524408
2026-07-31T19:08:45Z,461,16,1,2,1,0,1,1,1,1785524763
2026-07-31T19:08:45Z,462,17,3,4,0,0,1,1,1,1785524538
2026-07-31T19:08:45Z,463,7,1,12,0,0,1,1,1,1785523359
2026-07-31T19:08:45Z,464,1,1,13,0,0,1,1,1,1785524794
2026-07-31T19:08:45Z,465,4,3,10,1,0,1,1,1,1785523275
2026-07-31T19:08:45Z,466,5,0,6,4,0,1,1,1,1785523685
2026-07-31T19:08:45Z,467,3,0,16,0,0,1,1,1,1785524763
2026-07-31T19:08:45Z,468,17,2,1,1,0,1,1,1,1785521389
2026-07-31T19:08:45Z,469,18,1,4,1,0,1,1,1,1785524907
2026-07-31T19:08:45Z,470,1,1,12,2,0,1,1,1,1785524763
2026-07-31T19:08:45Z,471,27,3,0,0,0,1,1,1,1785523482
2026-07-31T19:08:45Z,472,6,1,11,2,0,1,1,1,1785524869
2026-07-31T19:08:45Z,473,7,1,12,0,0,1,1,1,1785524541
2026-07-31T19:08:45Z,474,7,0,12,0,0,1,1,1,1785524664
2026-07-31T19:08:45Z,475,1,1,16,2,0,1,1,1,1785524688
2026-07-31T19:08:45Z,477,9,0,6,0,0,1,1,1,1785524871
2026-07-31T19:08:45Z,478,8,7,21,2,0,1,1,1,1785524847
2026-07-31T19:08:45Z,479,4,0,20,3,0,1,1,1,1785524211
2026-07-31T19:08:45Z,480,2,0,11,2,0,1,1,1,1785522964
2026-07-31T19:08:45Z,481,10,0,24,1,0,1,1,1,1785524904
2026-07-31T19:08:45Z,482,5,5,14,0,0,1,1,1,1785524271
2026-07-31T19:08:45Z,483,10,0,15,2,0,1,1,1,1785524801
2026-07-31T19:08:45Z,484,2,1,15,2,0,1,1,1,1785524883
2026-07-31T19:08:45Z,485,8,0,10,0,1,1,1,1,1785524856
2026-07-31T19:08:45Z,486,1,1,23,3,0,1,1,1,1785524765
2026-07-31T19:08:45Z,487,7,3,11,1,0,1,1,1,1785524434
2026-07-31T19:08:45Z,489,6,5,9,0,0,1,1,1,1785524778
2026-07-31T19:08:45Z,490,4,1,11,1,0,1,1,1,1785523653
2026-07-31T19:08:45Z,491,8,4,13,0,0,1,1,1,1785523627
2026-07-31T19:08:45Z,492,6,4,2,3,0,1,1,1,1785524915
2026-07-31T19:08:45Z,493,22,0,5,0,0,1,1,1,1785523427
2026-07-31T19:08:45Z,495,8,1,4,3,0,1,1,1,1785524706
2026-07-31T19:08:45Z,496,1,0,26,0,0,1,1,1,1785524277
2026-07-31T19:08:45Z,497,5,1,13,1,0,1,1,1,1785524888
2026-07-31T19:08:45Z,498,13,0,10,0,0,1,1,1,1785524872
2026-07-31T19:08:45Z,499,2,0,16,1,0,1,1,1,1785523592
2026-07-31T19:08:45Z,500,0,0,10,5,0,1,1,1,1785524689
2026-07-31T19:08:45Z,501,18,3,3,0,0,1,1,1,1785524032
2026-07-31T19:08:45Z,502,16,4,3,0,0,1,1,1,1785524747
2026-07-31T19:08:45Z,503,1,0,29,1,0,1,1,1,1785524847
2026-07-31T19:08:45Z,504,19,2,20,0,0,1,1,1,1785524780
2026-07-31T19:08:45Z,505,4,1,7,1,0,1,1,1,1785524580
2026-07-31T19:08:45Z,511,10,5,13,0,0,1,1,1,1785524914
2026-07-31T19:08:45Z,512,8,0,19,0,0,1,1,1,1785524903
2026-07-31T19:08:45Z,514,1,1,9,1,0,1,1,1,1785524203
2026-07-31T19:08:45Z,515,1,0,18,0,0,1,1,1,1785524819
2026-07-31T19:08:45Z,516,14,0,13,0,0,1,1,1,1785524692
2026-07-31T19:08:45Z,517,16,2,7,0,0,1,1,1,1785524666
2026-07-31T19:08:45Z,518,9,0,5,1,0,1,1,1,1785523802
2026-07-31T19:08:45Z,519,2,1,15,2,0,1,1,1,1785523991
2026-07-31T19:08:45Z,520,13,6,8,5,1,1,1,1,1785524917
2026-07-31T19:08:45Z,521,8,2,15,0,0,1,1,1,1785524911
2026-07-31T19:08:45Z,522,1,0,22,0,0,1,1,1,1785524665
2026-07-31T19:08:45Z,523,9,4,13,1,0,1,1,1,1785523886
2026-07-31T19:08:45Z,524,8,1,15,0,0,1,1,1,1785524896
2026-07-31T19:08:45Z,525,11,0,8,0,0,1,1,1,1785524522
2026-07-31T19:08:45Z,526,4,0,11,0,0,1,1,1,1785520493
2026-07-31T19:08:45Z,527,12,9,12,2,0,1,1,1,1785524894
2026-07-31T19:08:45Z,528,19,3,3,1,0,1,1,1,1785524747
2026-07-31T19:08:45Z,529,10,5,2,7,0,1,1,1,1785524916
2026-07-31T19:08:45Z,530,7,0,13,1,0,1,1,1,1785524908
2026-07-31T19:08:45Z,531,3,1,19,0,1,1,1,1,1785524822
2026-07-31T19:08:45Z,532,23,9,7,1,0,1,1,1,1785524045
2026-07-31T19:08:45Z,533,8,0,9,2,0,1,1,1,1785524649
2026-07-31T19:08:45Z,534,2,1,21,0,0,1,1,1,1785524333
2026-07-31T19:08:45Z,535,10,1,5,0,0,1,1,1,1785524878
2026-07-31T19:08:45Z,536,10,1,13,0,0,1,1,1,1785524817
2026-07-31T19:08:45Z,537,16,0,4,0,0,1,1,1,1785524604
2026-07-31T19:08:45Z,538,2,1,19,0,2,1,1,1,1785524686
2026-07-31T19:08:45Z,539,13,8,18,0,0,1,1,1,1785524251
2026-07-31T19:08:45Z,540,7,5,12,0,0,1,1,1,1785524747
2026-07-31T19:08:45Z,541,9,2,18,0,0,1,1,1,1785524797
2026-07-31T19:08:45Z,542,0,0,22,1,0,1,1,1,1785523937
2026-07-31T19:08:45Z,543,3,2,15,1,0,1,1,1,1785524207
2026-07-31T19:08:45Z,544,6,1,12,4,0,1,1,1,1785524379
2026-07-31T19:08:45Z,545,16,2,1,2,0,1,1,1,1785524918
2026-07-31T19:08:45Z,546,7,3,11,1,0,1,1,1,1785524592
2026-07-31T19:08:45Z,547,3,0,22,0,0,1,1,1,1785523775
2026-07-31T19:08:45Z,548,4,1,19,0,0,1,1,1,1785524861
2026-07-31T19:08:45Z,549,12,0,10,1,0,1,1,1,1785524811
2026-07-31T19:08:45Z,550,8,5,11,0,0,1,1,1,1785524876
2026-07-31T19:08:45Z,551,4,2,19,0,0,1,1,1,1785523639
2026-07-31T19:08:45Z,552,16,2,11,0,0,1,1,1,1785524747
2026-07-31T19:08:45Z,553,6,0,17,0,0,1,1,1,1785524633
2026-07-31T19:08:45Z,554,7,1,12,0,0,1,1,1,1785521507
2026-07-31T19:08:45Z,555,5,1,9,1,0,1,1,1,1785523506
2026-07-31T19:08:45Z,556,19,1,2,2,0,1,1,1,1785524775
2026-07-31T19:08:45Z,557,7,4,12,4,0,1,1,1,1785524665
2026-07-31T19:08:45Z,558,26,9,10,1,0,1,1,1,1785524900
2026-07-31T19:08:45Z,559,16,3,2,1,0,1,1,1,1785524718
2026-07-31T19:08:45Z,560,3,0,24,0,0,1,1,1,1785524473
2026-07-31T19:08:45Z,561,8,2,13,2,0,1,1,1,1785524727
2026-07-31T19:08:45Z,562,6,0,23,6,0,1,1,1,1785524823
2026-07-31T19:08:45Z,563,1,1,13,0,0,1,1,1,1785524437
2026-07-31T19:08:45Z,564,1,0,17,1,0,1,1,1,1785520409
2026-07-31T19:08:45Z,565,8,0,11,0,0,1,1,1,1785524582
2026-07-31T19:08:45Z,566,2,0,16,1,0,1,1,1,1785524892
2026-07-31T19:08:45Z,567,8,1,17,2,0,1,1,1,1785524919
2026-07-31T19:08:45Z,568,7,0,11,1,0,1,1,1,1785523246
2026-07-31T19:08:45Z,569,12,3,7,0,0,1,1,1,1785524427
2026-07-31T19:08:45Z,570,1,1,16,2,0,1,1,1,1785524580
2026-07-31T19:08:45Z,571,12,1,11,0,0,1,1,1,1785524741
2026-07-31T19:08:45Z,572,0,0,18,1,0,1,1,1,1785524394
2026-07-31T19:08:45Z,573,1,0,13,1,0,1,1,1,1785524824
2026-07-31T19:08:45Z,574,4,3,11,0,0,1,1,1,1785524916
2026-07-31T19:08:45Z,575,3,0,17,1,0,1,1,1,1785524579
2026-07-31T19:08:45Z,576,2,0,17,0,0,1,1,1,1785524781
2026-07-31T19:08:45Z,577,15,2,16,0,0,1,1,1,1785524602
2026-07-31T19:08:45Z,578,0,0,22,1,0,1,1,1,1785523700
2026-07-31T19:08:45Z,579,9,2,33,1,0,1,1,1,1785524279
2026-07-31T19:08:45Z,580,1,1,28,0,0,1,1,1,1785524702
2026-07-31T19:08:45Z,581,0,0,17,2,0,1,1,1,1785524724
2026-07-31T19:08:45Z,582,30,0,29,2,0,1,1,1,1785524832
2026-07-31T19:08:45Z,583,2,1,21,0,0,1,1,1,1785522913
2026-07-31T19:08:45Z,584,12,1,4,3,0,1,1,1,1785524748
2026-07-31T19:08:45Z,585,12,1,14,0,1,1,1,1,1785524790
2026-07-31T19:08:45Z,586,25,6,8,2,0,1,1,1,1785524916
2026-07-31T19:08:45Z,587,1,0,22,1,0,1,1,1,1785524899
2026-07-31T19:08:45Z,588,14,3,2,2,1,1,1,1,1785524910
2026-07-31T19:08:45Z,589,1,1,21,0,0,1,1,1,1785524806
2026-07-31T19:08:45Z,590,2,1,29,0,0,1,1,1,1785524323
2026-07-31T19:08:45Z,591,9,0,19,2,0,1,1,1,1785524393
2026-07-31T19:08:45Z,592,3,0,20,0,0,1,1,1,1785524861
2026-07-31T19:08:45Z,593,20,1,17,1,0,1,1,1,1785524912
2026-07-31T19:08:45Z,594,4,0,16,1,0,1,1,1,1785524311
2026-07-31T19:08:45Z,595,0,0,3,0,0,0,1,1,1784046673
2026-07-31T19:08:45Z,605,0,0,2,1,0,0,1,1,1783975843
2026-07-31T19:08:45Z,606,0,0,0,0,0,0,1,1,86400
2026-07-31T19:08:45Z,607,16,1,15,1,0,1,1,1,1785524644
2026-07-31T19:08:45Z,608,27,2,21,2,0,1,1,1,1785524822
2026-07-31T19:08:45Z,609,12,10,11,0,0,1,1,1,1785524420
2026-07-31T19:08:45Z,610,19,2,16,0,0,1,1,1,1785524886
2026-07-31T19:08:45Z,611,13,1,14,0,0,1,1,1,1785524917
2026-07-31T19:08:45Z,612,7,1,8,0,0,1,1,1,1785522916
2026-07-31T19:08:45Z,613,12,4,0,3,0,1,1,1,1785521812
2026-07-31T19:08:45Z,614,10,6,14,2,1,1,1,1,1785520944
2026-07-31T19:08:45Z,617,3,0,9,3,0,1,1,1,1785524727
2026-07-31T19:08:45Z,618,11,0,3,5,0,1,1,1,1785524867
2026-07-31T19:08:45Z,619,7,0,12,0,0,1,1,1,1785524857
2026-07-31T19:08:45Z,620,7,1,20,0,0,1,1,1,1785524408
2026-07-31T19:08:45Z,621,1,0,22,0,0,1,1,1,1785524862
2026-07-31T19:08:45Z,622,15,3,7,1,0,1,1,1,1785524882
2026-07-31T19:08:45Z,623,25,12,4,1,0,1,1,1,1785524772
2026-07-31T19:08:45Z,624,1,0,14,0,0,1,1,1,1785518992
2026-07-31T19:08:45Z,625,16,2,3,2,0,1,1,1,1785524837
2026-07-31T19:08:45Z,626,35,2,10,0,2,1,1,1,1785523927
2026-07-31T19:08:45Z,627,14,4,5,0,0,1,1,1,1785523863
2026-07-31T19:08:45Z,628,4,4,14,0,1,1,1,1,1785524744
2026-07-31T19:08:45Z,629,4,2,4,3,0,1,1,1,1785524687
2026-07-31T19:08:45Z,630,1,0,23,3,0,1,1,1,1785524857
2026-07-31T19:08:45Z,631,11,9,12,0,0,1,1,1,1785523871
2026-07-31T19:08:45Z,632,18,1,3,2,0,1,1,1,1785524733
2026-07-31T19:08:45Z,633,11,2,1,3,0,1,1,1,1785522133
2026-07-31T19:08:45Z,634,8,2,11,0,0,1,1,1,1785524671
2026-07-31T19:08:45Z,635,14,0,4,1,0,1,1,1,1785524734
2026-07-31T19:08:45Z,636,5,0,10,0,0,1,1,1,1785523331
2026-07-31T19:08:45Z,637,8,3,9,2,0,1,1,1,1785522836
2026-07-31T19:08:45Z,638,6,1,11,2,0,1,1,1,1785524626
2026-07-31T19:08:45Z,639,7,1,10,2,0,1,1,1,1785501255
2026-07-31T19:08:45Z,640,16,8,6,1,0,1,1,1,1785524917
2026-07-31T19:08:45Z,641,9,0,18,0,0,1,1,1,1785524792
2026-07-31T19:08:45Z,642,8,3,3,8,0,1,1,1,1785524919
2026-07-31T19:08:45Z,643,9,0,10,8,0,1,1,1,1785524916
2026-07-31T19:08:45Z,644,13,1,1,1,0,1,1,1,1785517829
2026-07-31T19:08:45Z,645,14,1,7,1,1,1,1,1,1785522439
2026-07-31T19:08:45Z,646,4,0,15,0,0,1,1,1,1785523688
2026-07-31T19:08:45Z,647,11,0,20,0,0,1,1,1,1785524793
2026-07-31T19:08:45Z,648,2,0,16,1,0,1,1,1,1785524577
2026-07-31T19:08:45Z,649,12,4,18,1,0,1,1,1,1785524887
2026-07-31T19:08:45Z,650,5,1,9,0,0,1,1,1,1785524619
2026-07-31T19:08:45Z,651,1,1,22,0,0,1,1,1,1785524822
2026-07-31T19:08:45Z,652,0,0,20,3,0,1,1,1,1785524836
2026-07-31T19:08:45Z,653,1,0,17,1,0,1,1,1,1785517605
2026-07-31T19:08:45Z,654,4,1,11,0,0,1,1,1,1785522062
2026-07-31T19:08:45Z,655,7,3,1,4,1,1,1,1,1785524642
2026-07-31T19:08:45Z,656,5,4,14,0,0,1,1,1,1785524681
2026-07-31T19:08:45Z,657,10,4,3,2,2,1,1,1,1785524772
2026-07-31T19:08:45Z,658,8,1,2,0,0,1,1,1,1785520703
2026-07-31T19:08:45Z,659,4,3,9,2,0,1,1,1,1785522891
2026-07-31T19:08:45Z,660,10,4,17,4,0,1,1,1,1785524769
2026-07-31T19:08:45Z,661,10,3,9,0,0,1,1,1,1785524884
2026-07-31T19:08:45Z,662,5,3,15,3,0,1,1,1,1785522834
2026-07-31T19:08:45Z,663,6,2,9,0,0,1,1,1,1785524614
2026-07-31T19:08:45Z,664,12,3,15,0,0,1,1,1,1785524642
2026-07-31T19:08:45Z,665,10,4,5,0,0,1,1,1,1785522932
2026-07-31T19:08:45Z,666,4,1,7,4,0,1,1,1,1785524750
2026-07-31T19:08:45Z,667,0,0,18,1,0,1,1,1,1785524823
2026-07-31T19:08:45Z,668,1,0,18,0,0,1,1,1,1785524420
2026-07-31T19:08:45Z,669,7,4,7,0,0,1,1,1,1785524795
2026-07-31T19:08:45Z,670,17,0,8,2,0,1,1,1,1785524699
2026-07-31T19:08:45Z,671,22,3,5,0,0,1,1,1,1785524918
2026-07-31T19:08:45Z,672,3,0,16,3,1,1,1,1,1785524368
2026-07-31T19:08:45Z,673,11,0,12,0,0,1,1,1,1785524577
2026-07-31T19:08:45Z,674,9,2,12,2,0,1,1,1,1785524705
2026-07-31T19:08:45Z,675,3,2,10,2,0,1,1,1,1785524437
2026-07-31T19:08:45Z,676,7,0,14,1,0,1,1,1,1785524263
2026-07-31T19:08:45Z,681,11,6,2,1,1,1,1,1,1785524912
2026-07-31T19:08:45Z,682,5,1,14,0,0,1,1,1,1785522108
2026-07-31T19:08:45Z,683,2,2,17,0,0,1,1,1,1785519895
2026-07-31T19:08:45Z,684,3,1,24,0,0,1,1,1,1785518528
2026-07-31T19:08:45Z,685,5,0,20,1,1,1,1,1,1785522945
2026-07-31T19:08:45Z,686,9,0,15,3,0,1,1,1,1785524838
2026-07-31T19:08:45Z,687,12,0,17,1,1,1,1,1,1785524868
2026-07-31T19:08:45Z,688,11,0,1,7,0,1,1,1,1785510286
2026-07-31T19:08:45Z,692,10,4,11,0,0,1,1,1,1785524664
2026-07-31T19:08:45Z,693,6,0,2,3,0,1,1,1,1785523390
2026-07-31T19:08:45Z,694,10,6,11,0,0,1,1,1,1785523227
2026-07-31T19:08:45Z,695,9,7,14,0,0,1,1,1,1785523582
2026-07-31T19:08:45Z,696,12,8,10,1,0,1,1,1,1785524368
2026-07-31T19:08:45Z,697,5,0,18,0,0,1,1,1,1785524695
2026-07-31T19:08:45Z,698,4,0,23,0,0,1,1,1,1785524812
2026-07-31T19:08:45Z,699,7,0,7,1,0,1,1,1,1785524669
2026-07-31T19:08:45Z,700,15,1,3,1,0,1,1,1,1785523948
2026-07-31T19:08:45Z,701,10,5,9,0,0,1,1,1,1785523367
2026-07-31T19:08:45Z,702,9,3,13,1,0,1,1,1,1785524854
2026-07-31T19:08:45Z,704,2,0,13,0,0,1,1,1,1785524533
2026-07-31T19:08:45Z,705,1,0,14,0,0,1,1,1,1785523998
2026-07-31T19:08:45Z,706,3,1,9,3,0,1,1,1,1785524419
2026-07-31T19:08:45Z,707,10,1,5,0,0,1,1,1,1785524734
2026-07-31T19:08:45Z,708,3,0,15,1,0,1,1,1,1785524822
2026-07-31T19:08:45Z,709,7,3,5,3,0,1,1,1,1785524152
2026-07-31T19:08:45Z,710,2,0,16,1,0,1,1,1,1785524092
2026-07-31T19:08:45Z,711,4,1,16,3,0,1,1,1,1785524417
2026-07-31T19:08:45Z,712,6,5,9,0,0,1,1,1,1785523844
2026-07-31T19:08:45Z,713,5,1,18,0,0,1,1,1,1785524475
2026-07-31T19:08:45Z,716,4,2,11,0,0,1,1,1,1785523657
2026-07-31T19:08:45Z,717,2,2,20,3,0,1,1,1,1785524757
2026-07-31T19:08:45Z,718,13,2,0,2,0,1,1,1,1785523452
2026-07-31T19:08:45Z,719,7,1,22,0,0,1,1,1,1785524779
2026-07-31T19:08:45Z,720,0,0,19,0,0,1,1,1,1785523930
2026-07-31T19:08:45Z,721,11,0,9,3,0,1,1,1,1785524809
2026-07-31T19:08:45Z,722,6,0,9,0,0,1,1,1,1785523702
2026-07-31T19:08:45Z,723,13,2,10,0,0,1,1,1,1785523860
2026-07-31T19:08:45Z,724,9,1,14,0,0,1,1,1,1785524649
2026-07-31T19:08:45Z,725,0,0,22,1,0,1,1,1,1785524536
2026-07-31T19:08:45Z,726,5,0,12,2,0,1,1,1,1785524689
2026-07-31T19:08:45Z,727,10,5,12,1,0,1,1,1,1785524761
2026-07-31T19:08:45Z,728,10,1,4,1,0,1,1,1,1785524234
2026-07-31T19:08:45Z,729,1,0,18,0,0,1,1,1,1785523504
2026-07-31T19:08:45Z,730,1,1,11,3,0,1,1,1,1785524834
2026-07-31T19:08:45Z,731,11,3,2,2,0,1,1,1,1785524417
2026-07-31T19:08:45Z,732,6,6,9,0,0,1,1,1,1785523176
2026-07-31T19:08:45Z,733,8,0,19,0,0,1,1,1,1785524592
2026-07-31T19:08:45Z,734,8,4,6,0,0,1,1,1,1785524893
2026-07-31T19:08:45Z,735,18,8,9,0,0,1,1,1,1785524838
2026-07-31T19:08:45Z,736,11,1,7,1,0,1,1,1,1785524401
2026-07-31T19:08:45Z,737,6,3,8,0,1,1,1,1,1785524568
2026-07-31T19:08:45Z,738,14,7,5,0,0,1,1,1,1785524342
2026-07-31T19:08:45Z,739,18,0,8,1,0,1,1,1,1785524126
2026-07-31T19:08:45Z,741,9,0,14,0,0,1,1,1,1785524295
2026-07-31T19:08:45Z,742,22,6,11,2,0,1,1,1,1785524879
2026-07-31T19:08:45Z,743,7,4,11,1,0,1,1,1,1785524172
2026-07-31T19:08:45Z,744,9,1,6,0,0,1,1,1,1785524470
2026-07-31T19:08:45Z,745,11,4,8,0,0,1,1,1,1785524750
2026-07-31T19:08:45Z,746,2,0,20,1,0,1,1,1,1785523705
2026-07-31T19:08:45Z,747,0,0,4,0,0,0,1,1,1783446606
2026-07-31T19:08:45Z,748,9,1,14,0,0,1,1,1,1785523717
2026-07-31T19:08:45Z,749,8,1,14,1,0,1,1,1,1785524594
2026-07-31T19:08:45Z,750,2,1,9,0,0,1,1,1,1785524644
2026-07-31T19:08:45Z,751,20,13,2,1,0,1,1,1,1785524850
2026-07-31T19:08:45Z,752,13,0,3,1,0,1,1,1,1785524492
2026-07-31T19:08:45Z,753,1,0,14,0,0,1,1,1,1785524769
2026-07-31T19:08:45Z,754,7,3,8,0,0,1,1,1,1785523341
2026-07-31T19:08:45Z,755,9,0,13,1,0,1,1,1,1785523545
2026-07-31T19:08:45Z,756,27,20,9,1,0,1,1,1,1785524715
2026-07-31T19:08:45Z,757,11,8,8,0,0,1,1,1,1785524471
2026-07-31T19:08:45Z,758,0,0,23,0,0,1,1,1,1785524880
2026-07-31T19:08:45Z,759,0,0,0,0,0,1,1,1,86400
2026-07-31T19:08:45Z,760,10,4,9,0,0,1,1,1,1785524777
2026-07-31T19:08:45Z,761,10,1,12,1,0,1,1,1,1785524142
2026-07-31T19:08:45Z,762,4,3,6,5,0,1,1,1,1785523961
2026-07-31T19:08:45Z,768,9,0,7,3,0,1,1,1,1785524877
2026-07-31T19:08:45Z,769,6,5,12,1,0,1,1,1,1785524531
2026-07-31T19:08:45Z,770,9,2,8,2,0,1,1,1,1785524485
2026-07-31T19:08:45Z,771,13,2,1,1,0,1,1,1,1785523926
2026-07-31T19:08:45Z,772,9,0,6,0,0,1,1,1,1785524487
2026-07-31T19:08:45Z,773,18,5,1,0,0,1,1,1,1785524621
2026-07-31T19:08:45Z,774,4,1,5,6,0,1,1,1,1785524271
2026-07-31T19:08:45Z,775,8,1,9,1,1,1,1,1,1785523731
2026-07-31T19:08:45Z,776,3,1,17,1,0,1,1,1,1785524746
2026-07-31T19:08:45Z,777,13,2,2,0,0,1,1,1,1785524572
2026-07-31T19:08:45Z,778,16,1,0,3,0,1,1,1,1785524480
2026-07-31T19:08:45Z,779,6,0,12,1,0,1,1,1,1785524915
2026-07-31T19:08:45Z,780,14,3,4,1,0,1,1,1,1785524866
2026-07-31T19:08:45Z,781,1,0,8,2,0,1,1,1,1785523299
2026-07-31T19:08:45Z,782,1,0,14,4,0,1,1,1,1785524484
2026-07-31T19:08:45Z,783,8,1,11,0,0,1,1,1,1785524770
2026-07-31T19:08:45Z,784,6,0,13,0,0,1,1,1,1785524855
2026-07-31T19:08:45Z,785,10,2,3,6,0,1,1,1,1785523648
2026-07-31T19:08:45Z,786,10,5,9,0,0,1,1,1,1785523301
2026-07-31T19:08:45Z,787,6,3,8,1,0,1,1,1,1785524692
2026-07-31T19:08:45Z,788,2,0,13,0,0,1,1,1,1785524167
2026-07-31T19:08:45Z,789,7,2,4,4,0,1,1,1,1785524406
2026-07-31T19:08:45Z,790,6,1,17,0,0,1,1,1,1785524613
2026-07-31T19:08:45Z,791,7,0,11,0,1,1,1,1,1785524204
2026-07-31T19:08:45Z,793,4,0,10,1,0,1,1,1,1785522437
2026-07-31T19:08:45Z,794,19,7,8,2,0,1,1,1,1785524864
2026-07-31T19:08:45Z,796,4,3,14,1,0,1,1,1,1785524119
2026-07-31T19:08:45Z,797,5,2,10,0,0,1,1,1,1785523942
2026-07-31T19:08:45Z,798,13,2,10,2,0,1,1,1,1785524485
2026-07-31T19:08:45Z,799,12,2,3,4,0,1,1,1,1785524079
2026-07-31T19:08:45Z,800,2,0,18,1,0,1,1,1,1785524523
2026-07-31T19:08:45Z,801,8,1,9,4,0,1,1,1,1785524891
2026-07-31T19:08:45Z,802,8,0,23,0,0,1,1,1,1785524802
2026-07-31T19:08:45Z,803,0,0,15,0,0,1,1,1,1785523880
2026-07-31T19:08:45Z,806,3,0,11,1,0,1,1,1,1785524385
2026-07-31T19:08:45Z,807,19,8,3,3,0,1,1,1,1785524579
2026-07-31T19:08:45Z,808,20,6,2,3,0,1,1,1,1785523859
2026-07-31T19:08:45Z,809,3,0,19,1,0,1,1,1,1785524118
2026-07-31T19:08:45Z,810,4,2,13,2,0,1,1,1,1785524498
2026-07-31T19:08:45Z,815,1,0,9,4,1,1,1,1,1785524662
2026-07-31T19:08:45Z,817,14,7,1,0,0,1,1,1,1785524281
2026-07-31T19:08:45Z,818,5,0,18,0,0,1,1,1,1785524737
2026-07-31T19:08:45Z,819,9,3,6,0,0,1,1,1,1785523727
2026-07-31T19:08:45Z,820,8,1,9,0,0,1,1,1,1785524422
2026-07-31T19:08:45Z,821,2,2,13,0,0,1,1,1,1785524215
2026-07-31T19:08:45Z,822,3,0,18,2,0,1,1,1,1785524868
2026-07-31T19:08:45Z,823,10,0,5,0,0,1,1,1,1785524699
2026-07-31T19:08:45Z,824,7,2,12,0,0,1,1,1,1785524917
2026-07-31T19:08:45Z,825,7,5,8,0,0,1,1,1,1785521169
2026-07-31T19:08:45Z,826,10,0,7,2,0,1,1,1,1785524542
2026-07-31T19:08:45Z,827,17,3,2,2,0,1,1,1,1785524622
2026-07-31T19:08:45Z,828,10,0,6,2,0,1,1,1,1785524461
2026-07-31T19:08:45Z,829,16,5,11,0,0,1,1,1,1785524282
2026-07-31T19:08:45Z,830,13,0,9,1,0,1,1,1,1785524577
2026-07-31T19:08:45Z,831,5,3,8,2,0,1,1,1,1785523651
2026-07-31T19:08:45Z,832,9,3,6,3,0,1,1,1,1785524247
2026-07-31T19:08:45Z,833,3,1,15,1,0,1,1,1,1785524766
2026-07-31T19:08:45Z,834,18,2,4,2,0,1,1,1,1785524878
2026-07-31T19:08:45Z,835,2,1,15,1,0,1,1,1,1785524905
2026-07-31T19:08:45Z,838,4,2,10,1,0,1,1,1,1785524404
2026-07-31T19:08:45Z,839,14,0,15,0,0,1,1,1,1785524080
2026-07-31T19:08:45Z,840,2,2,26,1,0,1,1,1,1785524069
2026-07-31T19:08:45Z,841,6,1,9,0,0,1,1,1,1785523639
2026-07-31T19:08:45Z,842,2,0,21,0,0,1,1,1,1785523539
2026-07-31T19:08:45Z,843,11,0,20,0,0,1,1,1,1785523881
2026-07-31T19:08:45Z,844,5,0,18,0,0,1,1,1,1785523774
2026-07-31T19:08:45Z,845,4,3,13,2,0,1,1,1,1785523892
2026-07-31T19:08:45Z,846,4,1,14,1,0,1,1,1,1785524843
2026-07-31T19:08:45Z,847,7,1,19,1,0,1,1,1,1785524736
2026-07-31T19:08:45Z,848,5,4,13,1,0,1,1,1,1785523708
2026-07-31T19:08:45Z,849,4,1,10,1,0,1,1,1,1785524660
2026-07-31T19:08:45Z,850,6,0,4,1,0,1,1,1,1785524759
2026-07-31T19:08:45Z,851,6,5,28,3,0,1,1,1,1785524502
2026-07-31T19:08:45Z,852,11,6,8,0,0,1,1,1,1785523579
2026-07-31T19:08:45Z,853,11,5,12,0,0,1,1,1,1785524537
2026-07-31T19:08:45Z,854,3,2,12,0,0,1,1,1,1785524557
2026-07-31T19:08:45Z,855,27,0,0,0,0,1,1,1,1785524493
2026-07-31T19:08:45Z,857,9,8,9,1,0,1,1,1,1785523775
2026-07-31T19:08:45Z,858,5,2,13,1,0,1,1,1,1785524290
2026-07-31T19:08:45Z,859,7,0,13,1,0,1,1,1,1785524481
2026-07-31T19:08:45Z,861,7,0,3,1,0,1,1,1,1785506303
2026-07-31T19:08:45Z,862,4,2,11,0,0,1,1,1,1785523679
2026-07-31T19:08:45Z,863,14,1,5,0,0,1,1,1,1785519710
2026-07-31T19:08:45Z,866,12,3,7,0,0,1,1,1,1785524045
2026-07-31T19:08:45Z,867,14,2,1,0,0,1,1,1,1785523284
2026-07-31T19:08:45Z,868,9,0,6,0,0,1,1,1,1785523528
2026-07-31T19:08:45Z,870,9,6,6,0,0,1,1,1,1785523754
2026-07-31T19:08:45Z,871,0,0,10,1,0,1,1,1,1785524902
2026-07-31T19:08:45Z,872,0,0,14,1,0,1,1,1,1785523663
2026-07-31T19:08:45Z,873,29,4,3,1,0,1,1,1,1785524888
2026-07-31T19:08:45Z,874,1,0,11,3,0,1,1,1,1785524425
2026-07-31T19:08:45Z,875,11,7,3,1,0,1,1,1,1785524773
2026-07-31T19:08:45Z,877,13,12,6,0,0,1,1,1,1785523336
2026-07-31T19:08:45Z,878,3,3,16,0,0,1,1,1,1785523911
2026-07-31T19:08:45Z,879,2,0,17,0,0,1,1,1,1785524764
2026-07-31T19:08:45Z,880,3,1,19,1,0,1,1,1,1785524770
2026-07-31T19:08:45Z,881,2,0,17,0,0,1,1,1,1785523773
2026-07-31T19:08:45Z,882,9,4,9,1,0,1,1,1,1785513298
2026-07-31T19:08:45Z,883,9,4,10,0,0,1,1,1,1785523981
2026-07-31T19:08:45Z,884,10,6,11,0,0,1,1,1,1785523350
2026-07-31T19:08:45Z,885,0,0,19,0,0,1,1,1,1785523576
2026-07-31T19:08:45Z,886,12,0,17,0,0,1,1,1,1785524917
2026-07-31T19:08:45Z,887,4,3,10,3,0,1,1,1,1785524808
2026-07-31T19:08:45Z,888,4,1,35,1,1,1,1,1,1785524751
2026-07-31T19:08:45Z,889,5,0,12,2,0,1,1,1,1785524778
2026-07-31T19:08:45Z,890,6,4,9,0,0,1,1,1,1785522525
2026-07-31T19:08:45Z,891,20,0,2,1,0,1,1,1,1785524454
2026-07-31T19:08:45Z,892,9,1,6,0,0,1,1,1,1785523247
2026-07-31T19:08:45Z,895,1,0,18,0,0,1,1,1,1785514669
2026-07-31T19:08:45Z,896,9,1,26,0,0,1,1,1,1785523990
2026-07-31T19:08:45Z,897,12,1,9,0,0,1,1,1,1785523807
2026-07-31T19:08:45Z,898,4,1,15,0,0,1,1,1,1785523497
2026-07-31T19:08:45Z,899,1,0,17,1,0,1,1,1,1785524668
2026-07-31T19:08:45Z,900,13,0,12,2,0,1,1,1,1785524793
2026-07-31T19:08:45Z,901,2,0,16,1,0,1,1,1,1785524914
2026-07-31T19:08:45Z,902,3,1,12,0,0,1,1,1,1785523409
2026-07-31T19:08:45Z,903,4,0,14,1,0,1,1,1,1785524777
2026-07-31T19:08:45Z,904,10,5,8,1,0,1,1,1,1785523897
2026-07-31T19:08:45Z,905,10,4,16,1,0,1,1,1,1785524120
2026-07-31T19:08:45Z,906,13,3,12,2,0,1,1,1,1785524749
2026-07-31T19:08:45Z,907,6,0,25,0,0,1,1,1,1785524893
2026-07-31T19:08:45Z,908,8,0,15,0,0,1,1,1,1785523905
2026-07-31T19:08:45Z,909,7,7,16,0,0,1,1,1,1785523753
2026-07-31T19:08:45Z,910,27,1,4,0,0,1,1,1,1785524914
2026-07-31T19:08:45Z,911,3,1,16,0,0,1,1,1,1785523430
2026-07-31T19:08:45Z,912,3,0,20,0,0,1,1,1,1785524846
2026-07-31T19:08:45Z,913,7,3,12,0,0,1,1,1,1785524424
2026-07-31T19:08:45Z,914,3,0,16,0,0,1,1,1,1785524841
2026-07-31T19:08:45Z,915,18,2,3,2,0,1,1,1,1785524857
2026-07-31T19:08:45Z,916,7,3,16,0,0,1,1,1,1785524754
2026-07-31T19:08:45Z,917,12,0,21,2,0,1,1,1,1785524817
2026-07-31T19:08:45Z,918,16,1,0,3,0,1,1,1,1785524826
2026-07-31T19:08:45Z,919,5,0,34,0,0,1,1,1,1785524905
2026-07-31T19:08:45Z,920,7,2,12,0,0,1,1,1,1785524563
2026-07-31T19:08:45Z,921,17,3,4,0,0,1,1,1,1785524494
2026-07-31T19:08:45Z,922,2,2,19,0,0,1,1,1,1785524568
2026-07-31T19:08:45Z,923,1,1,17,1,0,1,1,1,1785524665
2026-07-31T19:08:45Z,924,7,0,13,1,0,1,1,1,1785524597
2026-07-31T19:08:45Z,925,12,0,9,0,0,1,1,1,1785524094
2026-07-31T19:08:45Z,926,3,0,18,0,0,1,1,1,1785524183
2026-07-31T19:08:45Z,927,27,0,8,0,0,1,1,1,1785524811
2026-07-31T19:08:45Z,928,0,0,19,0,0,0,1,1,1785500252
2026-07-31T19:08:45Z,929,23,1,0,0,0,1,1,1,1785524618
2026-07-31T19:08:45Z,930,2,0,28,1,0,1,1,1,1785524656
2026-07-31T19:08:45Z,931,5,2,18,0,0,1,1,1,1785524758
2026-07-31T19:08:45Z,932,6,1,11,2,0,1,1,1,1785524204
2026-07-31T19:08:45Z,933,6,0,17,0,0,1,1,1,1785524856
2026-07-31T19:08:45Z,934,24,1,6,1,0,1,1,1,1785524632
2026-07-31T19:08:45Z,935,13,0,5,1,0,1,1,1,1785524724
2026-07-31T19:08:45Z,936,16,3,3,0,0,1,1,1,1785524865
2026-07-31T19:08:45Z,940,1,0,10,0,0,1,1,1,1785524758
2026-07-31T19:08:45Z,941,10,0,13,2,0,1,1,1,1785524324
2026-07-31T19:08:45Z,942,7,0,14,0,0,1,1,1,1785524898
2026-07-31T19:08:45Z,943,8,8,7,0,0,1,1,1,1785524012
2026-07-31T19:08:45Z,944,10,8,5,0,0,1,1,1,1785524399
2026-07-31T19:08:45Z,945,10,8,5,0,0,1,1,1,1785524759
2026-07-31T19:08:45Z,946,7,5,12,0,0,1,1,1,1785523835
2026-07-31T19:08:45Z,947,7,5,10,0,0,1,1,1,1785523612
2026-07-31T19:08:45Z,948,21,7,6,4,0,1,1,1,1785524597
2026-07-31T19:08:45Z,949,10,2,5,0,0,1,1,1,1785524630
2026-07-31T19:08:45Z,950,2,0,14,1,0,1,1,1,1785524918
2026-07-31T19:08:45Z,951,17,5,6,0,0,1,1,1,1785524845
2026-07-31T19:08:45Z,952,21,4,33,1,0,1,1,1,1785524819
2026-07-31T19:08:45Z,953,1,0,13,1,0,1,1,1,1785524686
2026-07-31T19:08:45Z,954,0,0,19,0,0,1,1,1,1785524742
2026-07-31T19:08:45Z,955,10,4,11,5,1,1,1,1,1785524579
2026-07-31T19:08:45Z,956,10,2,11,2,0,1,1,1,1785524873
2026-07-31T19:08:45Z,957,7,1,21,1,0,1,1,1,1785524604
2026-07-31T19:08:45Z,958,5,1,25,1,0,1,1,1,1785524918
2026-07-31T19:08:45Z,959,4,4,18,1,0,1,1,1,1785524737
2026-07-31T19:08:45Z,960,3,1,19,1,0,1,1,1,1785524910
2026-07-31T19:08:45Z,961,10,1,10,3,0,1,1,1,1785524368
2026-07-31T19:08:45Z,962,10,2,22,3,0,1,1,1,1785524747
2026-07-31T19:08:45Z,963,10,0,12,1,0,1,1,1,1785524739
2026-07-31T19:08:45Z,964,2,1,21,0,0,1,1,1,1785524323
2026-07-31T19:08:45Z,965,11,6,15,1,0,1,1,1,1785524115
2026-07-31T19:08:45Z,966,22,0,7,2,0,1,1,1,1785524886
2026-07-31T19:08:45Z,967,0,0,19,2,0,1,1,1,1785524657
2026-07-31T19:08:45Z,968,9,0,9,1,0,1,1,1,1785524794
2026-07-31T19:08:45Z,969,3,1,22,2,0,1,1,1,1785524043
2026-07-31T19:08:45Z,970,1,1,16,2,0,1,1,1,1785524314
2026-07-31T19:08:45Z,971,0,0,22,1,0,1,1,1,1785523963
2026-07-31T19:08:45Z,972,11,3,11,1,0,1,1,1,1785524566
2026-07-31T19:08:45Z,973,8,2,14,1,0,1,1,1,1785524860
2026-07-31T19:08:45Z,974,24,0,3,0,0,1,1,1,1785524619
2026-07-31T19:08:45Z,977,2,0,17,2,0,1,1,1,1785524658
2026-07-31T19:08:45Z,978,18,0,5,0,0,1,1,1,1785524832
2026-07-31T19:08:45Z,979,7,1,10,0,0,1,1,1,1785524907
2026-07-31T19:08:45Z,980,12,0,7,2,0,1,1,1,1785524856
2026-07-31T19:08:45Z,981,8,0,13,0,0,1,1,1,1785524751
2026-07-31T19:08:45Z,982,3,1,15,1,0,1,1,1,1785523663
2026-07-31T19:08:45Z,983,5,3,18,0,0,1,1,1,1785524120
2026-07-31T19:08:45Z,984,6,0,17,0,0,1,1,1,1785523416
2026-07-31T19:08:45Z,985,15,0,15,1,0,1,1,1,1785524489
2026-07-31T19:08:45Z,986,3,0,16,0,0,1,1,1,1785523664
2026-07-31T19:08:45Z,987,6,0,17,0,0,1,1,1,1785524234
2026-07-31T19:08:45Z,988,7,3,12,0,0,1,1,1,1785523832
2026-07-31T19:08:45Z,989,9,4,10,0,0,1,1,1,1785524631
2026-07-31T19:08:45Z,990,8,0,6,1,0,1,1,1,1785524226
2026-07-31T19:08:45Z,991,9,0,9,1,0,1,1,1,1785523561
2026-07-31T19:08:45Z,992,9,5,14,0,0,1,1,1,1785524446
2026-07-31T19:08:45Z,993,5,2,21,1,0,1,1,1,1785524884
2026-07-31T19:08:45Z,994,1,0,20,0,0,1,1,1,1785524686
2026-07-31T19:08:45Z,995,6,0,21,0,0,1,1,1,1785523897
2026-07-31T19:08:45Z,996,8,2,15,0,0,1,1,1,1785523732
2026-07-31T19:08:45Z,997,5,4,6,9,3,1,1,1,1785524121
2026-07-31T19:08:45Z,998,5,4,18,0,0,1,1,1,1785523993
2026-07-31T19:08:45Z,999,4,1,15,1,1,1,1,1,1785523710
2026-07-31T19:08:45Z,1000,4,1,17,0,0,1,1,1,1785524542
2026-07-31T19:08:45Z,1001,6,4,21,0,0,1,1,1,1785524049
2026-07-31T19:08:45Z,1002,3,3,27,1,0,1,1,1,1785524075
2026-07-31T19:08:45Z,1003,0,0,23,0,0,1,1,1,1785523633
2026-07-31T19:08:45Z,1004,9,2,14,0,0,1,1,1,1785523109
2026-07-31T19:08:45Z,1005,20,1,3,0,0,1,1,1,1785523823
2026-07-31T19:08:45Z,1006,8,5,11,0,0,1,1,1,1785523634
2026-07-31T19:08:45Z,1007,1,1,20,0,0,1,1,1,1785523275
2026-07-31T19:08:45Z,1008,8,7,15,0,0,1,1,1,1785524622
2026-07-31T19:08:45Z,1009,22,5,8,1,0,1,1,1,1785524543
2026-07-31T19:08:45Z,1010,8,2,19,0,0,1,1,1,1785523524
2026-07-31T19:08:45Z,1011,6,2,11,2,0,1,1,1,1785524006
2026-07-31T19:08:45Z,1012,5,3,16,2,0,1,1,1,1785523594
2026-07-31T19:08:45Z,1013,4,1,18,1,0,1,1,1,1785524157
2026-07-31T19:08:45Z,1014,9,4,14,0,0,1,1,1,1785524117
2026-07-31T19:08:45Z,1015,4,3,26,1,0,1,1,1,1785524451
2026-07-31T19:08:45Z,1016,10,5,21,0,0,1,1,1,1785523526
2026-07-31T19:08:45Z,1017,14,5,7,0,0,1,1,1,1785524805
2026-07-31T19:08:45Z,1018,7,3,15,0,0,1,1,1,1785523673
2026-07-31T19:08:45Z,1019,8,5,7,0,0,1,1,1,1785523551
2026-07-31T19:08:45Z,1020,19,5,2,0,0,1,1,1,1785524668
2026-07-31T19:08:45Z,1021,9,4,6,0,0,1,1,1,1785524353
2026-07-31T19:08:45Z,1022,14,0,13,0,0,1,1,1,1785523799
2026-07-31T19:08:45Z,1023,14,2,9,0,0,1,1,1,1785523423
2026-07-31T19:08:45Z,1024,6,3,13,0,0,1,1,1,1785524401
2026-07-31T19:08:45Z,1025,4,0,14,0,1,1,1,1,1785523775
2026-07-31T19:08:45Z,1026,12,9,18,1,0,1,1,1,1785524697
2026-07-31T19:08:45Z,1028,3,1,20,0,0,1,1,1,1785523768
2026-07-31T19:08:45Z,1029,12,10,3,0,0,1,1,1,1785524660
2026-07-31T19:08:45Z,1030,13,4,10,0,0,1,1,1,1785524461
2026-07-31T19:08:45Z,1031,9,1,10,0,0,1,1,1,1785524777
2026-07-31T19:08:45Z,1032,7,1,12,0,0,1,1,1,1785523633
2026-07-31T19:08:45Z,1033,10,6,9,0,0,1,1,1,1785524455
2026-07-31T19:08:45Z,1034,4,1,11,0,0,1,1,1,1785523620
2026-07-31T19:08:45Z,1035,0,0,18,1,0,1,1,1,1785524862
2026-07-31T19:08:45Z,1036,12,0,3,0,0,1,1,1,1785524199
2026-07-31T19:08:45Z,1037,4,1,14,1,0,1,1,1,1785523952
2026-07-31T19:08:45Z,1038,1,0,14,0,0,1,1,1,1785523313
2026-07-31T19:08:45Z,1039,7,1,12,0,0,1,1,1,1785523785
2026-07-31T19:08:45Z,1040,8,5,11,0,0,1,1,1,1785523684
2026-07-31T19:08:45Z,1041,11,3,8,0,0,1,1,1,1785523552
2026-07-31T19:08:45Z,1042,14,2,0,1,0,1,1,1,1785523656
2026-07-31T19:08:45Z,1043,10,4,8,1,0,1,1,1,1785523992
2026-07-31T19:08:45Z,1044,1,0,14,0,0,1,1,1,1785523368
2026-07-31T19:08:45Z,1045,9,0,10,0,0,1,1,1,1785523616
2026-07-31T19:08:45Z,1046,9,0,6,0,0,1,1,1,1785524805
2026-07-31T19:08:45Z,1047,4,0,17,0,0,1,1,1,1785524400
2026-07-31T19:08:45Z,1048,5,0,14,0,0,1,1,1,1785523698
2026-07-31T19:08:45Z,1049,0,0,21,0,0,1,1,1,1785523695
2026-07-31T19:08:45Z,1050,16,4,5,0,0,1,1,1,1785524796
2026-07-31T19:08:45Z,1051,8,2,13,0,0,1,1,1,1785524667
2026-07-31T19:08:45Z,1052,16,1,5,1,0,1,1,1,1785523483
2026-07-31T19:08:45Z,1053,3,2,12,0,0,1,1,1,1785524729
2026-07-31T19:08:45Z,1054,15,1,0,0,0,1,1,1,1785523753
2026-07-31T19:08:45Z,1055,8,1,11,0,0,1,1,1,1785523764
2026-07-31T19:08:45Z,1057,10,1,9,0,0,1,1,1,1785524825
2026-07-31T19:08:45Z,1058,16,0,39,1,0,1,1,1,1785524888
2026-07-31T19:08:45Z,1059,0,0,18,1,0,1,1,1,1785523627
2026-07-31T19:08:45Z,1060,34,0,3,0,0,1,1,1,1785524782
2026-07-31T19:08:45Z,1061,35,0,1,1,0,1,1,1,1785524449
2026-07-31T19:08:45Z,1062,16,0,1,0,0,1,1,1,1785524654
2026-07-31T19:08:45Z,1063,12,1,6,1,0,1,1,1,1785524355
2026-07-31T19:08:45Z,1064,3,0,19,1,0,1,1,1,1785524034
2026-07-31T19:08:45Z,1065,16,3,7,0,0,1,1,1,1785524281
2026-07-31T19:08:45Z,1066,10,2,13,0,0,1,1,1,1785524102
2026-07-31T19:08:45Z,1067,8,2,13,2,0,1,1,1,1785524376
2026-07-31T19:08:45Z,1068,6,2,14,3,0,1,1,1,1785523903
2026-07-31T19:08:45Z,1069,12,3,11,0,0,1,1,1,1785523914
2026-07-31T19:08:45Z,1070,12,2,11,0,0,1,1,1,1785524016
2026-07-31T19:08:45Z,1071,7,4,16,0,0,1,1,1,1785524052
2026-07-31T19:08:45Z,1072,11,1,11,1,0,1,1,1,1785524454
2026-07-31T19:08:45Z,1073,0,0,27,0,0,1,1,1,1785524883
2026-07-31T19:08:45Z,1074,22,5,31,0,0,1,1,1,1785524912
2026-07-31T19:08:45Z,1075,8,8,13,0,0,1,1,1,1785523419
2026-07-31T19:08:45Z,1076,14,12,7,0,0,1,1,1,1785524684
2026-07-31T19:08:45Z,1077,12,8,9,0,0,1,1,1,1785523574
2026-07-31T19:08:45Z,1078,13,12,8,0,0,1,1,1,1785524721
2026-07-31T19:08:45Z,1079,12,8,9,0,0,1,1,1,1785523526
2026-07-31T19:08:45Z,1080,10,8,9,2,0,1,1,1,1785523451
2026-07-31T19:08:45Z,1081,14,8,5,0,0,1,1,1,1785524466
2026-07-31T19:08:45Z,1082,12,11,11,0,0,1,1,1,1785524016
2026-07-31T19:08:45Z,1083,13,11,8,0,0,1,1,1,1785523795
2026-07-31T19:08:45Z,1084,9,8,12,0,0,1,1,1,1785524052
2026-07-31T19:08:45Z,1085,14,8,7,0,0,1,1,1,1785523105
2026-07-31T19:08:45Z,1086,15,11,5,1,0,1,1,1,1785523799
2026-07-31T19:08:45Z,1087,6,6,9,0,0,1,1,1,1785524719
2026-07-31T19:08:45Z,1088,9,7,6,0,0,1,1,1,1785523676
2026-07-31T19:08:45Z,1089,5,2,10,0,0,1,1,1,1785524011
2026-07-31T19:08:45Z,1090,7,6,8,0,0,1,1,1,1785524563
2026-07-31T19:08:45Z,1091,5,3,10,0,0,1,1,1,1785524632
2026-07-31T19:08:45Z,1092,10,9,5,0,0,1,1,1,1785524011
2026-07-31T19:08:45Z,1093,5,5,9,1,0,1,1,1,1785524717
2026-07-31T19:08:45Z,1094,11,10,8,0,0,1,1,1,1785523628
2026-07-31T19:08:45Z,1095,9,8,6,0,0,1,1,1,1785523611
2026-07-31T19:08:45Z,1096,4,2,14,1,0,1,1,1,1785524001
2026-07-31T19:08:45Z,1097,8,8,7,0,0,1,1,1,1785524198
2026-07-31T19:08:45Z,1098,9,7,10,0,0,1,1,1,1785523229
2026-07-31T19:08:45Z,1099,7,6,8,0,0,1,1,1,1785523462
2026-07-31T19:08:45Z,1100,5,3,24,0,0,1,1,1,1785521793
2026-07-31T19:08:45Z,1101,10,5,11,0,0,1,1,1,1785523384
2026-07-31T19:08:45Z,1102,9,4,4,0,0,1,1,1,1785524416
2026-07-31T19:08:45Z,1103,11,5,10,0,0,1,1,1,1785503681
2026-07-31T19:08:45Z,1104,11,6,10,0,0,1,1,1,1785523134
2026-07-31T19:08:45Z,1105,8,4,5,0,0,1,1,1,1785524300
2026-07-31T19:08:45Z,1106,10,5,11,0,0,1,1,1,1785523475
2026-07-31T19:08:45Z,1107,9,5,6,0,0,1,1,1,1785523730
2026-07-31T19:08:45Z,1108,8,4,16,2,1,1,1,1,1785524306
2026-07-31T19:08:45Z,1109,8,4,7,0,0,1,1,1,1785523674
2026-07-31T19:08:45Z,1110,8,0,13,0,0,1,1,1,1785524815
2026-07-31T19:08:45Z,1111,8,5,12,1,0,1,1,1,1785521930
2026-07-31T19:08:45Z,1112,31,1,19,3,0,1,1,1,1785524912
2026-07-31T19:08:45Z,1113,4,0,17,0,0,1,1,1,1785524741
2026-07-31T19:08:45Z,1115,13,2,6,4,0,1,1,1,1785524193
2026-07-31T19:08:45Z,1116,2,1,17,0,0,1,1,1,1785524831
2026-07-31T19:08:45Z,1117,7,2,14,2,0,1,1,1,1785524900
2026-07-31T19:08:45Z,1118,8,1,12,1,0,1,1,1,1785524765
2026-07-31T19:08:45Z,1119,8,0,9,0,0,1,1,1,1785524650
2026-07-31T19:08:45Z,1120,9,0,9,1,0,1,1,1,1785524767
2026-07-31T19:08:45Z,1121,12,0,8,1,0,1,1,1,1785524321
2026-07-31T19:08:45Z,1122,5,5,15,1,0,1,1,1,1785524900
2026-07-31T19:08:45Z,1123,12,8,9,2,0,1,1,1,1785524094
2026-07-31T19:08:45Z,1124,4,1,10,1,0,1,1,1,1785524821
2026-07-31T19:08:45Z,1125,14,4,9,0,0,1,1,1,1785524019
2026-07-31T19:08:45Z,1126,7,0,14,0,0,1,1,1,1785524781
2026-07-31T19:08:45Z,1127,2,1,16,1,0,1,1,1,1785524815
2026-07-31T19:08:45Z,1128,0,0,15,0,0,1,1,1,1785524473
2026-07-31T19:08:45Z,1129,2,0,18,1,0,1,1,1,1785524617
2026-07-31T19:08:45Z,1130,0,0,14,1,0,1,1,1,1785524426
2026-07-31T19:08:45Z,1131,9,4,39,1,0,1,1,1,1785524648
2026-07-31T19:08:45Z,1132,9,3,10,2,0,1,1,1,1785523316
2026-07-31T19:08:45Z,1133,3,3,16,2,0,1,1,1,1785524351
2026-07-31T19:08:45Z,1134,11,5,8,0,0,1,1,1,1785524162
2026-07-31T19:08:45Z,1135,12,6,9,0,0,1,1,1,1785523276
2026-07-31T19:08:45Z,1136,9,1,14,0,0,1,1,1,1785524891
2026-07-31T19:08:45Z,1137,14,1,1,0,0,1,1,1,1785524398
2026-07-31T19:08:45Z,1138,2,0,17,0,0,1,1,1,1785523604
2026-07-31T19:08:45Z,1139,14,3,5,2,0,1,1,1,1785524159
2026-07-31T19:08:45Z,1140,5,2,17,1,0,1,1,1,1785524798
2026-07-31T19:08:45Z,1141,17,7,4,0,0,1,1,1,1785524882
2026-07-31T19:08:45Z,1142,0,0,21,0,0,1,1,1,1785524292
2026-07-31T19:08:45Z,1143,1,0,28,0,0,1,1,1,1785524496
2026-07-31T19:08:45Z,1144,7,0,13,1,0,1,1,1,1785524692
2026-07-31T19:08:45Z,1145,11,5,9,1,0,1,1,1,1785524057
2026-07-31T19:08:45Z,1146,3,1,14,2,0,1,1,1,1785524829
2026-07-31T19:08:45Z,1147,19,2,0,0,0,1,1,1,1785524500
2026-07-31T19:08:45Z,1148,2,0,29,0,0,1,1,1,1785524721
2026-07-31T19:08:45Z,1149,8,5,11,6,0,1,1,1,1785524836
2026-07-31T19:08:45Z,1150,3,0,16,0,0,1,1,1,1785524515
2026-07-31T19:08:45Z,1151,9,0,12,0,0,1,1,1,1785524308
2026-07-31T19:08:45Z,1152,0,0,29,0,0,1,1,1,1785524823
2026-07-31T19:08:45Z,1153,22,3,0,1,0,1,1,1,1785524371
2026-07-31T19:08:45Z,1154,6,0,13,0,0,1,1,1,1785524868
2026-07-31T19:08:45Z,1155,7,1,12,2,0,1,1,1,1785524916
2026-07-31T19:08:45Z,1158,3,1,16,0,0,1,1,1,1785523538
2026-07-31T19:08:45Z,1159,13,1,6,0,0,1,1,1,1785523898
2026-07-31T19:08:45Z,1160,9,1,10,0,0,1,1,1,1785523241
2026-07-31T19:08:45Z,1161,4,0,14,1,0,1,1,1,1785524033
2026-07-31T19:08:45Z,1162,1,1,18,0,0,1,1,1,1785524693
2026-07-31T19:08:45Z,1163,2,1,16,1,0,1,1,1,1785523658
2026-07-31T19:08:45Z,1164,6,1,13,0,0,1,1,1,1785523715
2026-07-31T19:08:45Z,1165,2,0,19,0,0,1,1,1,1785524457
2026-07-31T19:08:45Z,1166,13,3,8,0,0,1,1,1,1785523991
2026-07-31T19:08:45Z,1167,4,0,11,0,0,1,1,1,1785523390
2026-07-31T19:08:45Z,1168,1,0,21,1,0,1,1,1,1785523942
2026-07-31T19:08:45Z,1169,3,0,15,1,0,1,1,1,1785523561
2026-07-31T19:08:45Z,1170,7,1,14,0,0,1,1,1,1785523952
2026-07-31T19:08:45Z,1171,8,7,15,0,0,1,1,1,1785523646
2026-07-31T19:08:45Z,1172,1,0,12,2,0,1,1,1,1785524474
2026-07-31T19:08:45Z,1173,13,4,6,0,0,1,1,1,1785523816
2026-07-31T19:08:45Z,1174,6,3,9,0,0,1,1,1,1785523466
2026-07-31T19:08:45Z,1175,2,1,17,0,0,1,1,1,1785521049
2026-07-31T19:08:45Z,1176,21,2,0,0,0,1,1,1,1785524856
2026-07-31T19:08:45Z,1177,3,1,18,0,0,1,1,1,1785524784
2026-07-31T19:08:45Z,1178,3,1,12,0,0,1,1,1,1785523400
2026-07-31T19:08:45Z,1181,2,0,13,0,0,1,1,1,1785524241
2026-07-31T19:08:45Z,1182,13,1,5,2,0,1,1,1,1785524817
2026-07-31T19:08:45Z,1183,28,2,15,2,0,1,1,1,1785524695
2026-07-31T19:08:45Z,1184,8,2,11,2,0,1,1,1,1785524711
2026-07-31T19:08:45Z,1185,9,5,12,0,0,1,1,1,1785524919
2026-07-31T19:08:45Z,1186,10,5,9,0,0,1,1,1,1785524088
2026-07-31T19:08:45Z,1187,10,5,10,1,0,1,1,1,1785524346
2026-07-31T19:08:45Z,1188,10,5,5,0,0,1,1,1,1785523728
2026-07-31T19:08:45Z,1189,9,4,10,0,0,1,1,1,1785523851
2026-07-31T19:08:45Z,1190,9,4,12,0,0,1,1,1,1785523262
2026-07-31T19:08:45Z,1191,11,6,4,0,0,1,1,1,1785523732
2026-07-31T19:08:45Z,1192,10,6,10,1,0,1,1,1,1785523624
2026-07-31T19:08:45Z,1193,6,4,5,2,0,1,1,1,1785524508
2026-07-31T19:08:45Z,1197,9,6,7,1,0,1,1,1,1785524814
2026-07-31T19:08:45Z,1198,13,4,6,2,0,1,1,1,1785524151
2026-07-31T19:08:45Z,1199,3,0,16,0,0,1,1,1,1785524146
2026-07-31T19:08:45Z,1200,9,5,6,0,0,1,1,1,1785523769
2026-07-31T19:08:45Z,1201,10,5,5,0,0,1,1,1,1785523744
2026-07-31T19:08:45Z,1202,10,5,5,0,0,1,1,1,1785523846
2026-07-31T19:08:45Z,1203,11,5,4,0,0,1,1,1,1785523748
2026-07-31T19:08:45Z,1204,7,4,12,0,0,1,1,1,1785523517
2026-07-31T19:08:45Z,1206,11,5,10,0,0,1,1,1,1785524569
2026-07-31T19:08:45Z,1207,8,4,6,1,0,1,1,1,1785524062
2026-07-31T19:08:45Z,1208,10,4,9,0,0,1,1,1,1785523997
2026-07-31T19:08:45Z,1216,9,0,11,1,0,1,1,1,1785524788
2026-07-31T19:08:45Z,1218,3,0,18,0,0,1,1,1,1785523369
2026-07-31T19:08:45Z,1219,5,1,7,3,0,1,1,1,1785523700
2026-07-31T19:08:45Z,1220,15,6,4,0,0,1,1,1,1785524818
2026-07-31T19:08:45Z,1221,1,1,19,1,0,1,1,1,1785524532
2026-07-31T19:08:45Z,1222,16,0,13,0,0,1,1,1,1785524849
2026-07-31T19:08:45Z,1223,20,0,8,1,0,1,1,1,1785524595
2026-07-31T19:08:45Z,1226,0,0,3,0,0,0,1,1,1781868931
2026-07-31T19:08:45Z,1227,1,0,24,0,0,1,1,1,1785524456
2026-07-31T19:08:45Z,1228,4,4,25,0,0,1,1,1,1785524503
2026-07-31T19:08:45Z,1229,43,2,2,0,0,1,1,1,1785524904
2026-07-31T19:13:45Z,1,12,0,11,0,0,1,1,1,1785524996
2026-07-31T19:13:45Z,2,2,0,22,3,0,1,1,1,1785525189
2026-07-31T19:13:45Z,3,9,0,4,1,0,1,1,1,1785524855
2026-07-31T19:13:45Z,4,20,5,1,1,0,1,1,1,1785524258
2026-07-31T19:13:45Z,5,18,4,4,1,0,1,1,1,1785524501
2026-07-31T19:13:45Z,6,3,0,12,0,0,1,1,1,1785524037
2026-07-31T19:13:45Z,7,4,0,35,0,0,1,1,1,1785523827
2026-07-31T19:13:45Z,8,10,1,33,0,0,1,1,1,1785524263
2026-07-31T19:13:45Z,9,19,2,3,1,0,1,1,1,1785525158
2026-07-31T19:13:45Z,10,2,1,19,2,0,1,1,1,1785524334
2026-07-31T19:13:45Z,11,10,3,7,2,0,1,1,1,1785523901
2026-07-31T19:13:45Z,12,22,1,1,0,0,1,1,1,1785525216
2026-07-31T19:13:45Z,13,4,0,26,0,0,1,1,1,1785525200
2026-07-31T19:13:45Z,14,34,0,8,0,1,1,1,1,1785524744
2026-07-31T19:13:45Z,15,7,0,8,0,0,1,1,1,1785525030
2026-07-31T19:13:45Z,16,5,1,19,2,1,1,1,1,1785523693
2026-07-31T19:13:45Z,17,5,1,21,1,0,1,1,1,1785525197
2026-07-31T19:13:45Z,18,9,2,7,2,0,1,1,1,1785525199
2026-07-31T19:13:45Z,19,23,2,3,1,0,1,1,1,1785525141
2026-07-31T19:13:45Z,20,3,0,32,0,0,1,1,1,1785524595
2026-07-31T19:13:45Z,21,9,0,8,2,0,1,1,1,1785525004
2026-07-31T19:13:45Z,22,30,1,34,1,0,1,1,1,1785525216
2026-07-31T19:13:45Z,23,19,9,12,0,0,1,1,1,1785524910
2026-07-31T19:13:45Z,24,10,3,0,1,0,1,1,1,1785525219
2026-07-31T19:13:45Z,25,76,10,3,2,0,1,1,1,1785525150
2026-07-31T19:13:45Z,26,26,1,1,0,0,1,1,1,1785525208
2026-07-31T19:13:45Z,28,3,0,12,0,0,1,1,1,1785524943
2026-07-31T19:13:45Z,30,12,1,15,2,0,1,1,1,1785524991
2026-07-31T19:13:45Z,31,7,2,11,1,0,1,1,1,1785524987
2026-07-31T19:13:45Z,32,19,6,8,0,0,1,1,1,1785524843
2026-07-31T19:13:45Z,34,12,0,25,0,0,1,1,1,1785525191
2026-07-31T19:13:45Z,35,37,0,8,2,0,1,1,1,1785525202
2026-07-31T19:13:45Z,36,0,0,0,0,0,0,1,1,86400
2026-07-31T19:13:45Z,37,8,2,15,1,0,1,1,1,1785525154
2026-07-31T19:13:45Z,38,13,5,10,0,0,1,1,1,1785524550
2026-07-31T19:13:45Z,39,5,0,34,0,0,1,1,1,1785524919
2026-07-31T19:13:45Z,40,13,0,8,0,0,1,1,1,1785525128
2026-07-31T19:13:45Z,41,36,3,7,0,0,1,1,1,1785524623
2026-07-31T19:13:45Z,42,3,0,28,0,0,1,1,1,1785525079
2026-07-31T19:13:45Z,43,18,4,5,0,0,1,1,1,1785525194
2026-07-31T19:13:45Z,45,21,5,8,0,0,1,1,1,1785524405
2026-07-31T19:13:45Z,46,3,3,27,1,0,1,1,1,1785525180
2026-07-31T19:13:45Z,47,1,0,13,1,0,1,1,1,1785524987
2026-07-31T19:13:45Z,48,13,1,13,1,0,1,1,1,1785525181
2026-07-31T19:13:45Z,49,3,0,16,4,0,1,1,1,1785525220
2026-07-31T19:13:45Z,50,11,7,8,0,0,1,1,1,1785524893
2026-07-31T19:13:45Z,51,50,1,27,0,0,1,1,1,1785524752
2026-07-31T19:13:45Z,52,21,1,3,3,0,1,1,1,1785525134
2026-07-31T19:13:45Z,55,9,8,14,0,0,1,1,1,1785525183
2026-07-31T19:13:45Z,56,20,0,23,0,0,1,1,1,1785525075
2026-07-31T19:13:45Z,57,15,7,12,0,0,1,1,1,1785525118
2026-07-31T19:13:45Z,58,11,4,17,0,0,1,1,1,1785524512
2026-07-31T19:13:45Z,59,8,1,17,2,0,1,1,1,1785525207
2026-07-31T19:13:45Z,61,4,0,35,0,0,1,1,1,1785524982
2026-07-31T19:13:45Z,62,23,9,25,1,0,1,1,1,1785525213
2026-07-31T19:13:45Z,63,14,2,5,0,0,1,1,1,1785524735
2026-07-31T19:13:45Z,64,13,2,2,4,0,1,1,1,1785525219
2026-07-31T19:13:45Z,65,11,2,7,1,0,1,1,1,1785524716
2026-07-31T19:13:45Z,67,26,1,12,1,0,1,1,1,1785525216
2026-07-31T19:13:45Z,68,21,1,16,0,0,1,1,1,1785524321
2026-07-31T19:13:45Z,69,8,0,7,0,0,1,1,1,1785525036
2026-07-31T19:13:45Z,71,14,3,11,2,0,1,1,1,1785524936
2026-07-31T19:13:45Z,72,24,2,3,3,1,1,1,1,1785524962
2026-07-31T19:13:45Z,73,14,1,17,0,0,1,1,1,1785525076
2026-07-31T19:13:45Z,74,1,1,18,0,0,1,1,1,1785525067
2026-07-31T19:13:45Z,75,20,0,11,1,0,1,1,1,1785524857
2026-07-31T19:13:45Z,76,9,0,8,2,0,1,1,1,1785525212
2026-07-31T19:13:45Z,77,7,0,20,0,0,1,1,1,1785525035
2026-07-31T19:13:45Z,78,5,5,17,1,0,1,1,1,1785524867
2026-07-31T19:13:45Z,79,8,1,8,1,0,1,1,1,1785524848
2026-07-31T19:13:45Z,80,12,0,8,3,0,1,1,1,1785525167
2026-07-31T19:13:45Z,81,7,0,24,0,0,1,1,1,1785525098
2026-07-31T19:13:45Z,82,15,5,7,1,0,1,1,1,1785524961
2026-07-31T19:13:45Z,83,8,4,24,2,0,1,1,1,1785525215
2026-07-31T19:13:45Z,84,4,1,23,0,0,1,1,1,1785524979
2026-07-31T19:13:45Z,85,10,2,5,0,0,1,1,1,1785525213
2026-07-31T19:13:45Z,86,6,0,21,0,0,1,1,1,1785524785
2026-07-31T19:13:45Z,87,6,0,13,0,0,1,1,1,1785524151
2026-07-31T19:13:45Z,88,13,0,29,1,0,1,1,1,1785525219
2026-07-31T19:13:45Z,89,33,5,2,0,0,1,1,1,1785525199
2026-07-31T19:13:45Z,90,2,0,15,1,0,1,1,1,1785525174
2026-07-31T19:13:45Z,91,3,0,13,1,0,1,1,1,1785525147
2026-07-31T19:13:45Z,92,3,0,13,3,0,1,1,1,1785525194
2026-07-31T19:13:45Z,93,6,0,17,0,0,1,1,1,1785525100
2026-07-31T19:13:45Z,94,13,0,5,1,0,1,1,1,1785524759
2026-07-31T19:13:45Z,95,10,0,23,1,1,1,1,1,1785525218
2026-07-31T19:13:45Z,96,16,3,14,1,0,1,1,1,1785524415
2026-07-31T19:13:45Z,97,0,0,16,1,0,1,1,1,1785524916
2026-07-31T19:13:45Z,98,33,3,2,0,0,1,1,1,1785525132
2026-07-31T19:13:45Z,99,13,0,2,0,0,1,1,1,1785524226
2026-07-31T19:13:45Z,100,0,0,27,0,0,1,1,1,1785524797
2026-07-31T19:13:45Z,101,11,0,3,1,0,1,1,1,1785525214
2026-07-31T19:13:45Z,102,0,0,23,0,0,1,1,1,1785524710
2026-07-31T19:13:45Z,103,13,1,15,2,0,1,1,1,1785525178
2026-07-31T19:13:45Z,104,8,1,17,2,0,1,1,1,1785525213
2026-07-31T19:13:45Z,105,17,0,2,0,0,1,1,1,1785524781
2026-07-31T19:13:45Z,106,2,0,19,0,0,1,1,1,1785524574
2026-07-31T19:13:45Z,107,19,2,18,0,0,1,1,1,1785525215
2026-07-31T19:13:45Z,108,1,0,34,0,0,1,1,1,1785524982
2026-07-31T19:13:45Z,109,16,0,7,0,0,1,1,1,1785525209
2026-07-31T19:13:45Z,110,10,0,13,0,0,1,1,1,1785524499
2026-07-31T19:13:45Z,111,10,1,24,2,0,1,1,1,1785525181
2026-07-31T19:13:45Z,112,2,0,12,1,0,1,1,1,1785524829
2026-07-31T19:13:45Z,113,8,0,10,1,0,1,1,1,1785525164
2026-07-31T19:13:45Z,114,20,6,10,1,0,1,1,1,1785524907
2026-07-31T19:13:45Z,115,15,6,11,2,0,1,1,1,1785525135
2026-07-31T19:13:45Z,116,24,14,2,1,0,1,1,1,1785525159
2026-07-31T19:13:45Z,118,12,1,10,1,0,1,1,1,1785524579
2026-07-31T19:13:45Z,119,1,0,35,2,0,1,1,1,1785524955
2026-07-31T19:13:45Z,120,1,0,24,2,0,1,1,1,1785525205
2026-07-31T19:13:45Z,121,1,0,17,0,1,1,1,1,1785525187
2026-07-31T19:13:45Z,122,10,0,11,0,0,1,1,1,1785525214
2026-07-31T19:13:45Z,123,42,3,5,0,0,1,1,1,1785525207
2026-07-31T19:13:45Z,124,3,2,32,0,0,1,1,1,1785525168
2026-07-31T19:13:45Z,125,10,0,12,1,0,1,1,1,1785524535
2026-07-31T19:13:45Z,126,17,0,14,0,0,1,1,1,1785525006
2026-07-31T19:13:45Z,127,18,3,16,1,0,1,1,1,1785525000
2026-07-31T19:13:45Z,128,4,0,15,0,0,1,1,1,1785524587
2026-07-31T19:13:45Z,129,3,0,14,2,0,1,1,1,1785525165
2026-07-31T19:13:45Z,130,1,0,16,0,0,1,1,1,1785525000
2026-07-31T19:13:45Z,131,6,5,5,0,0,1,1,1,1785525208
2026-07-31T19:13:45Z,132,8,4,5,1,1,1,1,1,1785524691
2026-07-31T19:13:45Z,134,19,5,1,3,0,1,1,1,1785525013
2026-07-31T19:13:45Z,135,1,0,17,1,0,1,1,1,1785525015
2026-07-31T19:13:45Z,136,1,0,15,1,6,1,1,1,1785525082
2026-07-31T19:13:45Z,137,7,1,9,3,0,1,1,1,1785524876
2026-07-31T19:13:45Z,138,11,0,26,0,0,1,1,1,1785525058
2026-07-31T19:13:45Z,139,9,0,10,0,0,1,1,1,1785525050
2026-07-31T19:13:45Z,140,1,1,21,1,0,1,1,1,1785525219
2026-07-31T19:13:45Z,141,8,0,28,0,0,1,1,1,1785525104
2026-07-31T19:13:45Z,142,0,0,23,0,0,1,1,1,1785524321
2026-07-31T19:13:45Z,143,12,0,19,0,0,1,1,1,1785524211
2026-07-31T19:13:45Z,144,2,0,25,0,0,1,1,1,1785524536
2026-07-31T19:13:45Z,146,18,2,4,1,0,1,1,1,1785525056
2026-07-31T19:13:45Z,147,3,1,14,2,0,1,1,1,1785525145
2026-07-31T19:13:45Z,148,0,0,23,4,0,1,1,1,1785524795
2026-07-31T19:13:45Z,149,1,0,26,0,0,1,1,1,1785525074
2026-07-31T19:13:45Z,150,10,0,22,3,0,1,1,1,1785525205
2026-07-31T19:13:45Z,151,0,0,23,0,0,1,1,1,1785524570
2026-07-31T19:13:45Z,152,2,1,21,3,0,1,1,1,1785524710
2026-07-31T19:13:45Z,153,2,0,23,3,0,1,1,1,1785525164
2026-07-31T19:13:45Z,154,4,0,16,3,0,1,1,1,1785525208
2026-07-31T19:13:45Z,155,3,0,10,1,0,1,1,1,1785524915
2026-07-31T19:13:45Z,156,1,0,18,0,0,1,1,1,1785525199
2026-07-31T19:13:45Z,157,8,1,17,2,0,1,1,1,1785525202
2026-07-31T19:13:45Z,158,0,0,15,1,0,1,1,1,1785524860
2026-07-31T19:13:45Z,159,5,3,13,1,0,1,1,1,1785524972
2026-07-31T19:13:45Z,160,3,0,16,0,0,1,1,1,1785525132
2026-07-31T19:13:45Z,161,3,0,19,0,0,1,1,1,1785524963
2026-07-31T19:13:45Z,162,12,3,13,2,0,1,1,1,1785525060
2026-07-31T19:13:45Z,163,2,2,28,0,1,1,1,1,1785525202
2026-07-31T19:13:45Z,164,11,0,16,0,0,1,1,1,1785524484
2026-07-31T19:13:45Z,165,26,6,5,0,0,1,1,1,1785525178
2026-07-31T19:13:45Z,166,8,2,27,4,0,1,1,1,1785525221
2026-07-31T19:13:45Z,167,5,3,17,1,0,1,1,1,1785525187
2026-07-31T19:13:45Z,168,20,8,6,1,0,1,1,1,1785525204
2026-07-31T19:13:45Z,169,21,2,1,0,1,1,1,1,1785525041
2026-07-31T19:13:45Z,170,3,1,15,1,0,1,1,1,1785525002
2026-07-31T19:13:45Z,171,9,0,2,2,0,1,1,1,1785525103
2026-07-31T19:13:45Z,173,19,3,20,0,0,1,1,1,1785525007
2026-07-31T19:13:45Z,174,1,1,25,0,0,1,1,1,1785525003
2026-07-31T19:13:45Z,175,25,1,5,1,0,1,1,1,1785525186
2026-07-31T19:13:45Z,176,10,3,2,2,1,1,1,1,1785525220
2026-07-31T19:13:45Z,177,8,2,19,0,0,1,1,1,1785525116
2026-07-31T19:13:45Z,178,7,0,5,2,1,1,1,1,1785525217
2026-07-31T19:13:45Z,179,4,1,10,1,0,1,1,1,1785525155
2026-07-31T19:13:45Z,180,1,0,29,0,0,1,1,1,1785525179
2026-07-31T19:13:45Z,181,0,0,15,0,0,1,1,1,1785524760
2026-07-31T19:13:45Z,182,0,0,17,0,0,1,1,1,1785525162
2026-07-31T19:13:45Z,183,9,8,13,1,0,1,1,1,1785525201
2026-07-31T19:13:45Z,184,19,0,3,1,0,1,1,1,1785525218
2026-07-31T19:13:45Z,185,8,4,5,1,1,1,1,1,1785525190
2026-07-31T19:13:45Z,186,0,0,19,0,0,1,1,1,1785524840
2026-07-31T19:13:45Z,187,12,1,15,1,0,1,1,1,1785525034
2026-07-31T19:13:45Z,188,2,2,17,7,1,1,1,1,1785525183
2026-07-31T19:13:45Z,189,3,3,12,0,0,1,1,1,1785525097
2026-07-31T19:13:45Z,190,19,2,4,0,0,1,1,1,1785525138
2026-07-31T19:13:45Z,191,22,7,15,2,0,1,1,1,1785525213
2026-07-31T19:13:45Z,192,3,0,25,3,0,1,1,1,1785525167
2026-07-31T19:13:45Z,193,4,4,9,2,0,1,1,1,1785524982
2026-07-31T19:13:45Z,194,11,11,16,0,0,1,1,1,1785524767
2026-07-31T19:13:45Z,195,3,2,16,0,0,1,1,1,1785525075
2026-07-31T19:13:45Z,196,8,4,18,1,0,1,1,1,1785522946
2026-07-31T19:13:45Z,197,0,0,18,0,1,1,1,1,1785524828
2026-07-31T19:13:45Z,198,14,12,8,1,0,1,1,1,1785525116
2026-07-31T19:13:45Z,199,2,1,12,1,0,1,1,1,1785524960
2026-07-31T19:13:45Z,200,23,17,2,1,0,1,1,1,1785525197
2026-07-31T19:13:45Z,201,7,0,14,2,0,1,1,1,1785525204
2026-07-31T19:13:45Z,202,17,0,10,0,0,1,1,1,1785525168
2026-07-31T19:13:45Z,203,16,0,14,1,0,1,1,1,1785523531
2026-07-31T19:13:45Z,204,24,1,10,1,0,1,1,1,1785525019
2026-07-31T19:13:45Z,205,15,1,12,0,0,1,1,1,1785524424
2026-07-31T19:13:45Z,206,0,0,15,0,0,1,1,1,1785525097
2026-07-31T19:13:45Z,207,17,1,4,0,0,1,1,1,1785525189
2026-07-31T19:13:45Z,208,5,2,23,1,0,1,1,1,1785525178
2026-07-31T19:13:45Z,209,23,6,7,1,0,1,1,1,1785525211
2026-07-31T19:13:45Z,210,4,0,23,0,0,1,1,1,1785524619
2026-07-31T19:13:45Z,211,3,0,19,1,0,1,1,1,1785524853
2026-07-31T19:13:45Z,212,17,2,17,1,0,1,1,1,1785525057
2026-07-31T19:13:45Z,213,11,1,11,1,0,1,1,1,1785525157
2026-07-31T19:13:45Z,214,31,11,15,1,0,1,1,1,1785525168
2026-07-31T19:13:45Z,215,0,0,22,1,0,1,1,1,1785525219
2026-07-31T19:13:45Z,216,3,0,15,1,0,1,1,1,1785524704
2026-07-31T19:13:45Z,217,17,1,11,1,0,1,1,1,1785525207
2026-07-31T19:13:45Z,218,15,12,21,3,0,1,1,1,1785525189
2026-07-31T19:13:45Z,219,18,0,7,1,0,1,1,1,1785524946
2026-07-31T19:13:45Z,220,2,1,39,1,1,1,1,1,1785525089
2026-07-31T19:13:45Z,221,6,0,8,1,0,1,1,1,1785524780
2026-07-31T19:13:45Z,222,2,2,17,0,0,1,1,1,1785524351
2026-07-31T19:13:45Z,223,20,2,12,3,0,1,1,1,1785524953
2026-07-31T19:13:45Z,224,7,2,14,1,0,1,1,1,1785525212
2026-07-31T19:13:45Z,225,3,1,14,2,0,1,1,1,1785525178
2026-07-31T19:13:45Z,226,4,3,26,1,0,1,1,1,1785525167
2026-07-31T19:13:45Z,227,2,1,25,0,0,1,1,1,1785524918
2026-07-31T19:13:45Z,228,9,7,10,0,0,1,1,1,1785524108
2026-07-31T19:13:45Z,230,3,1,23,0,0,1,1,1,1785524971
2026-07-31T19:13:45Z,232,1,1,15,1,0,1,1,1,1785523402
2026-07-31T19:13:45Z,233,13,3,16,2,0,1,1,1,1785525166
2026-07-31T19:13:45Z,234,3,2,11,3,2,1,1,1,1785524344
2026-07-31T19:13:45Z,236,3,0,16,0,0,1,1,1,1785524678
2026-07-31T19:13:45Z,237,14,0,8,1,0,1,1,1,1785525191
2026-07-31T19:13:45Z,239,21,8,5,1,0,1,1,1,1785524633
2026-07-31T19:13:45Z,241,3,1,19,1,0,1,1,1,1785524782
2026-07-31T19:13:45Z,242,3,2,19,1,0,1,1,1,1785524619
2026-07-31T19:13:45Z,243,19,11,9,3,0,1,1,1,1785525175
2026-07-31T19:13:45Z,244,15,5,10,2,0,1,1,1,1785525000
2026-07-31T19:13:45Z,245,2,2,21,0,0,1,1,1,1785525106
2026-07-31T19:13:45Z,246,11,4,10,2,0,1,1,1,1785525163
2026-07-31T19:13:45Z,247,3,2,18,2,0,1,1,1,1785524867
2026-07-31T19:13:45Z,248,18,6,3,2,0,1,1,1,1785525144
2026-07-31T19:13:45Z,249,18,11,0,1,0,1,1,1,1785525136
2026-07-31T19:13:45Z,250,13,6,13,1,0,1,1,1,1785525204
2026-07-31T19:13:45Z,251,14,8,10,3,0,1,1,1,1785525113
2026-07-31T19:13:45Z,253,7,0,12,0,0,1,1,1,1785525132
2026-07-31T19:13:45Z,254,5,1,37,1,0,1,1,1,1785525082
2026-07-31T19:13:45Z,255,14,1,8,0,1,1,1,1,1785525047
2026-07-31T19:13:45Z,256,0,0,21,2,0,1,1,1,1785524960
2026-07-31T19:13:45Z,257,2,0,17,0,0,1,1,1,1785525033
2026-07-31T19:13:45Z,258,9,6,10,0,0,1,1,1,1785525129
2026-07-31T19:13:45Z,259,13,0,9,0,1,1,1,1,1785525081
2026-07-31T19:13:45Z,260,1,1,15,3,0,1,1,1,1785525145
2026-07-31T19:13:45Z,261,0,0,16,2,1,1,1,1,1785524828
2026-07-31T19:13:45Z,262,2,1,20,1,0,1,1,1,1785525208
2026-07-31T19:13:45Z,263,1,0,14,0,0,1,1,1,1785525182
2026-07-31T19:13:45Z,264,1,1,17,1,0,1,1,1,1785524803
2026-07-31T19:13:45Z,265,5,0,10,0,0,1,1,1,1785523733
2026-07-31T19:13:45Z,266,2,0,15,2,0,1,1,1,1785524570
2026-07-31T19:13:45Z,267,7,3,7,1,0,1,1,1,1785523295
2026-07-31T19:13:45Z,268,16,7,7,0,0,1,1,1,1785524583
2026-07-31T19:13:45Z,269,2,2,21,0,0,1,1,1,1785523808
2026-07-31T19:13:45Z,270,6,1,20,1,0,1,1,1,1785525207
2026-07-31T19:13:45Z,271,1,0,16,2,0,1,1,1,1785525042
2026-07-31T19:13:45Z,272,8,3,15,0,0,1,1,1,1785525133
2026-07-31T19:13:45Z,273,5,2,10,0,0,1,1,1,1785524752
2026-07-31T19:13:45Z,274,4,3,13,2,0,1,1,1,1785523482
2026-07-31T19:13:45Z,275,7,0,16,0,0,1,1,1,1785524998
2026-07-31T19:13:45Z,276,0,0,26,1,0,1,1,1,1785522296
2026-07-31T19:13:45Z,277,19,10,0,4,0,1,1,1,1785523293
2026-07-31T19:13:45Z,278,17,6,11,3,0,1,1,1,1785525031
2026-07-31T19:13:45Z,279,16,2,3,0,0,1,1,1,1785525215
2026-07-31T19:13:45Z,280,3,1,24,4,0,1,1,1,1785525084
2026-07-31T19:13:45Z,281,0,0,19,0,0,1,1,1,1785525213
2026-07-31T19:13:45Z,282,7,2,11,0,0,1,1,1,1785525180
2026-07-31T19:13:45Z,283,18,1,16,1,0,1,1,1,1785524685
2026-07-31T19:13:45Z,284,1,1,32,2,0,1,1,1,1785524741
2026-07-31T19:13:45Z,285,0,0,23,0,0,1,1,1,1785523412
2026-07-31T19:13:45Z,286,2,1,21,0,0,1,1,1,1785525031
2026-07-31T19:13:45Z,287,13,2,8,2,0,1,1,1,1785522522
2026-07-31T19:13:45Z,288,2,2,16,1,0,1,1,1,1785525182
2026-07-31T19:13:45Z,289,6,4,19,2,0,1,1,1,1785525043
2026-07-31T19:13:45Z,290,8,0,30,1,0,1,1,1,1785524850
2026-07-31T19:13:45Z,291,12,0,10,1,0,1,1,1,1785525141
2026-07-31T19:13:45Z,292,18,1,5,0,0,1,1,1,1785524357
2026-07-31T19:13:45Z,293,2,1,19,2,0,1,1,1,1785524846
2026-07-31T19:13:45Z,294,7,7,14,1,0,1,1,1,1785525123
2026-07-31T19:13:45Z,297,6,0,12,0,1,1,1,1,1785525175
2026-07-31T19:13:45Z,301,17,1,2,0,0,1,1,1,1785524282
2026-07-31T19:13:45Z,302,5,0,17,1,0,1,1,1,1785524898
2026-07-31T19:13:45Z,303,2,0,17,0,0,1,1,1,1785524398
2026-07-31T19:13:45Z,304,0,0,0,0,0,0,1,1,86400
2026-07-31T19:13:45Z,305,5,0,13,1,0,1,1,1,1785525217
2026-07-31T19:13:45Z,306,3,2,28,1,0,1,1,1,1785525176
2026-07-31T19:13:45Z,307,3,1,18,1,1,1,1,1,1785525136
2026-07-31T19:13:45Z,308,15,1,2,2,0,1,1,1,1785524963
2026-07-31T19:13:45Z,309,5,3,9,0,0,1,1,1,1785525159
2026-07-31T19:13:45Z,311,6,0,9,0,0,1,1,1,1785524988
2026-07-31T19:13:45Z,312,11,8,9,3,0,1,1,1,1785525169
2026-07-31T19:13:45Z,313,5,1,10,0,0,1,1,1,1785524421
2026-07-31T19:13:45Z,314,19,11,0,0,0,1,1,1,1785524090
2026-07-31T19:13:45Z,315,15,6,14,2,0,1,1,1,1785524740
2026-07-31T19:13:45Z,316,2,0,20,8,1,1,1,1,1785525213
2026-07-31T19:13:45Z,317,11,9,19,0,1,1,1,1,1785525025
2026-07-31T19:13:45Z,318,18,0,1,0,0,1,1,1,1785518312
2026-07-31T19:13:45Z,319,16,0,5,2,0,1,1,1,1785524943
2026-07-31T19:13:45Z,320,12,2,6,1,0,1,1,1,1785525114
2026-07-31T19:13:45Z,321,3,0,12,4,0,1,1,1,1785525040
2026-07-31T19:13:45Z,322,13,0,16,0,0,1,1,1,1785523840
2026-07-31T19:13:45Z,323,3,0,16,0,0,1,1,1,1785524697
2026-07-31T19:13:45Z,324,12,1,14,1,0,1,1,1,1785525221
2026-07-31T19:13:45Z,325,1,0,24,2,0,1,1,1,1785525020
2026-07-31T19:13:45Z,327,3,0,23,1,0,1,1,1,1785525203
2026-07-31T19:13:45Z,328,7,0,14,1,0,1,1,1,1785525210
2026-07-31T19:13:45Z,329,1,0,15,3,0,1,1,1,1785521276
2026-07-31T19:13:45Z,330,16,1,6,0,0,1,1,1,1785525180
2026-07-31T19:13:45Z,331,13,0,8,2,0,1,1,1,1785524471
2026-07-31T19:13:45Z,332,2,0,15,2,0,1,1,1,1785525190
2026-07-31T19:13:45Z,333,3,3,19,1,0,1,1,1,1785525093
2026-07-31T19:13:45Z,334,2,2,21,0,0,1,1,1,1785522369
2026-07-31T19:13:45Z,335,0,0,22,0,1,1,1,1,1785523886
2026-07-31T19:13:45Z,336,1,1,18,0,0,1,1,1,1785524934
2026-07-31T19:13:45Z,337,9,3,10,4,0,1,1,1,1785525030
2026-07-31T19:13:45Z,338,4,3,15,0,0,1,1,1,1785524039
2026-07-31T19:13:45Z,339,18,15,2,3,0,1,1,1,1785525148
2026-07-31T19:13:45Z,340,1,1,13,1,0,1,1,1,1785524884
2026-07-31T19:13:45Z,341,2,2,17,0,0,1,1,1,1785524824
2026-07-31T19:13:45Z,342,1,0,14,0,0,1,1,1,1785524602
2026-07-31T19:13:45Z,343,18,4,4,1,0,1,1,1,1785524806
2026-07-31T19:13:45Z,344,4,3,19,0,0,1,1,1,1785524550
2026-07-31T19:13:45Z,345,7,0,12,0,0,1,1,1,1785524180
2026-07-31T19:13:45Z,346,4,3,19,0,0,1,1,1,1785525123
2026-07-31T19:13:45Z,347,42,7,1,1,0,1,1,1,1785525182
2026-07-31T19:13:45Z,348,13,0,9,0,1,1,1,1,1785524967
2026-07-31T19:13:45Z,349,13,2,6,0,0,1,1,1,1785524999
2026-07-31T19:13:45Z,350,0,0,25,1,1,1,1,1,1785523926
2026-07-31T19:13:45Z,351,3,0,18,2,0,1,1,1,1785524995
2026-07-31T19:13:45Z,355,3,0,20,0,0,1,1,1,1785525096
2026-07-31T19:13:45Z,356,5,1,14,0,0,1,1,1,1785525002
2026-07-31T19:13:45Z,357,6,3,13,0,0,1,1,1,1785525167
2026-07-31T19:13:45Z,358,16,4,10,1,0,1,1,1,1785525216
2026-07-31T19:13:45Z,359,12,1,15,0,0,1,1,1,1785524512
2026-07-31T19:13:45Z,360,6,3,12,1,0,1,1,1,1785523627
2026-07-31T19:13:45Z,362,3,2,15,1,0,1,1,1,1785524936
2026-07-31T19:13:45Z,363,25,4,2,0,0,1,1,1,1785525196
2026-07-31T19:13:45Z,364,6,2,13,0,0,1,1,1,1785524994
2026-07-31T19:13:45Z,365,1,1,19,3,0,1,1,1,1785525068
2026-07-31T19:13:45Z,366,5,4,18,0,0,1,1,1,1785525176
2026-07-31T19:13:45Z,367,2,1,16,1,0,1,1,1,1785523214
2026-07-31T19:13:45Z,368,0,0,22,1,0,1,1,1,1785522825
2026-07-31T19:13:45Z,370,0,0,27,0,0,1,1,1,1785524031
2026-07-31T19:13:45Z,371,4,4,14,1,0,1,1,1,1785525217
2026-07-31T19:13:45Z,372,11,0,3,1,0,1,1,1,1785525138
2026-07-31T19:13:45Z,373,0,0,26,1,0,1,1,1,1785525096
2026-07-31T19:13:45Z,374,0,0,18,1,0,1,1,1,1785523668
2026-07-31T19:13:45Z,375,16,4,8,3,0,1,1,1,1785524893
2026-07-31T19:13:45Z,376,29,6,7,3,0,1,1,1,1785525068
2026-07-31T19:13:45Z,377,2,0,25,0,0,1,1,1,1785524887
2026-07-31T19:13:45Z,378,3,2,20,0,1,1,1,1,1785524913
2026-07-31T19:13:45Z,379,8,0,17,2,0,1,1,1,1785525139
2026-07-31T19:13:45Z,380,0,0,22,1,0,1,1,1,1785525164
2026-07-31T19:13:45Z,381,1,0,22,0,0,1,1,1,1785525175
2026-07-31T19:13:45Z,383,4,0,9,2,0,1,1,1,1785525155
2026-07-31T19:13:45Z,384,7,1,17,3,0,1,1,1,1785524228
2026-07-31T19:13:45Z,385,7,4,10,1,0,1,1,1,1785524518
2026-07-31T19:13:45Z,387,9,2,14,0,0,1,1,1,1785525081
2026-07-31T19:13:45Z,388,34,6,12,3,0,1,1,1,1785525176
2026-07-31T19:13:45Z,389,2,2,13,0,0,1,1,1,1785523736
2026-07-31T19:13:45Z,390,10,0,24,1,0,1,1,1,1785524066
2026-07-31T19:13:45Z,391,2,0,13,0,0,1,1,1,1785524887
2026-07-31T19:13:45Z,392,0,0,18,1,0,1,1,1,1785525211
2026-07-31T19:13:45Z,393,0,0,8,3,0,1,1,1,1785525105
2026-07-31T19:13:45Z,394,4,1,6,3,0,1,1,1,1785524922
2026-07-31T19:13:45Z,396,27,8,12,3,0,1,1,1,1785525079
2026-07-31T19:13:45Z,397,20,8,11,0,0,1,1,1,1785525109
2026-07-31T19:13:45Z,399,3,0,11,3,0,1,1,1,1785524968
2026-07-31T19:13:45Z,400,13,8,8,2,0,1,1,1,1785523824
2026-07-31T19:13:45Z,401,0,0,31,8,0,1,1,1,1785524736
2026-07-31T19:13:45Z,403,16,0,12,3,0,1,1,1,1785524486
2026-07-31T19:13:45Z,404,8,1,15,0,0,1,1,1,1785525183
2026-07-31T19:13:45Z,406,15,7,19,1,0,1,1,1,1785525220
2026-07-31T19:13:45Z,407,1,0,32,1,0,1,1,1,1785525212
2026-07-31T19:13:45Z,408,15,1,15,3,0,1,1,1,1785525215
2026-07-31T19:13:45Z,409,16,2,4,3,0,1,1,1,1785525164
2026-07-31T19:13:45Z,413,10,2,12,1,0,1,1,1,1785523939
2026-07-31T19:13:45Z,414,6,0,9,0,0,1,1,1,1785523966
2026-07-31T19:13:45Z,417,2,2,17,0,0,1,1,1,1785524644
2026-07-31T19:13:45Z,418,4,3,11,0,0,1,1,1,1785524848
2026-07-31T19:13:45Z,419,10,1,13,0,0,1,1,1,1785524865
2026-07-31T19:13:45Z,421,0,0,19,0,0,1,1,1,1785524639
2026-07-31T19:13:45Z,422,22,5,5,0,0,1,1,1,1785525069
2026-07-31T19:13:45Z,423,4,0,19,0,0,1,1,1,1785522200
2026-07-31T19:13:45Z,424,6,1,6,2,1,1,1,1,1785525097
2026-07-31T19:13:45Z,425,1,0,19,1,1,1,1,1,1785525216
2026-07-31T19:13:45Z,426,17,1,15,5,0,1,1,1,1785525153
2026-07-31T19:13:45Z,427,8,0,4,3,0,1,1,1,1785524950
2026-07-31T19:13:45Z,428,11,2,8,0,0,1,1,1,1785525142
2026-07-31T19:13:45Z,429,16,5,6,1,0,1,1,1,1785525176
2026-07-31T19:13:45Z,430,4,3,26,1,0,1,1,1,1785525039
2026-07-31T19:13:45Z,431,2,1,30,1,0,1,1,1,1785524863
2026-07-31T19:13:45Z,432,0,0,30,1,0,0,1,1,1785508564
2026-07-31T19:13:45Z,433,2,1,18,3,0,1,1,1,1785522776
2026-07-31T19:13:45Z,437,1,1,17,1,0,1,1,1,1785525074
2026-07-31T19:13:45Z,438,16,1,2,1,0,1,1,1,1785525153
2026-07-31T19:13:45Z,439,9,4,6,0,0,1,1,1,1785523946
2026-07-31T19:13:45Z,440,13,5,2,0,0,1,1,1,1785525074
2026-07-31T19:13:45Z,441,12,3,1,2,0,1,1,1,1785525220
2026-07-31T19:13:45Z,442,6,5,12,1,0,1,1,1,1785524663
2026-07-31T19:13:45Z,443,5,2,22,0,0,1,1,1,1785512432
2026-07-31T19:13:45Z,444,7,2,16,0,0,1,1,1,1785523711
2026-07-31T19:13:45Z,445,6,2,16,1,0,1,1,1,1785525068
2026-07-31T19:13:45Z,446,1,0,21,1,0,1,1,1,1785519783
2026-07-31T19:13:45Z,447,3,0,18,1,1,1,1,1,1785496389
2026-07-31T19:13:45Z,448,7,1,7,1,0,1,1,1,1785523571
2026-07-31T19:13:45Z,452,2,1,16,1,0,1,1,1,1785525170
2026-07-31T19:13:45Z,453,6,3,6,3,0,1,1,1,1785525088
2026-07-31T19:13:45Z,454,13,0,6,0,0,1,1,1,1785525196
2026-07-31T19:13:45Z,455,1,0,38,0,0,1,1,1,1785524851
2026-07-31T19:13:45Z,456,14,4,5,1,0,1,1,1,1785525009
2026-07-31T19:13:45Z,457,21,0,1,5,0,1,1,1,1785524714
2026-07-31T19:13:45Z,458,5,0,17,1,0,1,1,1,1785524194
2026-07-31T19:13:45Z,459,5,0,10,0,0,1,1,1,1785524540
2026-07-31T19:13:45Z,460,15,0,8,0,0,1,1,1,1785524968
2026-07-31T19:13:45Z,461,16,1,2,1,0,1,1,1,1785524763
2026-07-31T19:13:45Z,462,18,3,3,0,0,1,1,1,1785525170
2026-07-31T19:13:45Z,463,7,1,12,0,0,1,1,1,1785523359
2026-07-31T19:13:45Z,464,1,1,13,0,0,1,1,1,1785524794
2026-07-31T19:13:45Z,465,4,3,10,1,0,1,1,1,1785523275
2026-07-31T19:13:45Z,466,5,1,6,4,0,1,1,1,1785525144
2026-07-31T19:13:45Z,467,3,0,16,0,0,1,1,1,1785524763
2026-07-31T19:13:45Z,468,17,2,1,1,0,1,1,1,1785521389
2026-07-31T19:13:45Z,469,18,1,4,1,0,1,1,1,1785524907
2026-07-31T19:13:45Z,470,1,1,12,2,0,1,1,1,1785525079
2026-07-31T19:13:45Z,471,27,3,0,0,0,1,1,1,1785523482
2026-07-31T19:13:45Z,472,6,1,11,2,0,1,1,1,1785525184
2026-07-31T19:13:45Z,473,5,0,14,0,0,1,1,1,1785525207
2026-07-31T19:13:45Z,474,8,0,11,0,0,1,1,1,1785524938
2026-07-31T19:13:45Z,475,1,1,17,1,0,1,1,1,1785525040
2026-07-31T19:13:45Z,477,9,0,6,0,0,1,1,1,1785524871
2026-07-31T19:13:45Z,478,9,7,21,1,0,1,1,1,1785525107
2026-07-31T19:13:45Z,479,2,0,22,3,0,1,1,1,1785525159
2026-07-31T19:13:45Z,480,2,0,11,2,0,1,1,1,1785522964
2026-07-31T19:13:45Z,481,9,0,25,1,0,1,1,1,1785525220
2026-07-31T19:13:45Z,482,5,4,14,0,0,1,1,1,1785525078
2026-07-31T19:13:45Z,483,10,0,15,2,0,1,1,1,1785525115
2026-07-31T19:13:45Z,484,2,1,15,2,0,1,1,1,1785524928
2026-07-31T19:13:45Z,485,8,0,10,0,1,1,1,1,1785524856
2026-07-31T19:13:45Z,486,1,1,23,3,0,1,1,1,1785525080
2026-07-31T19:13:45Z,487,7,3,11,1,0,1,1,1,1785524434
2026-07-31T19:13:45Z,489,6,5,9,0,0,1,1,1,1785524778
2026-07-31T19:13:45Z,490,4,1,11,1,0,1,1,1,1785523653
2026-07-31T19:13:45Z,491,8,4,13,0,0,1,1,1,1785523627
2026-07-31T19:13:45Z,492,6,4,2,3,0,1,1,1,1785525218
2026-07-31T19:13:45Z,493,21,0,6,0,0,1,1,1,1785525108
2026-07-31T19:13:45Z,495,8,1,4,3,0,1,1,1,1785524706
2026-07-31T19:13:45Z,496,1,0,26,0,0,1,1,1,1785525081
2026-07-31T19:13:45Z,497,4,0,14,1,0,1,1,1,1785525148
2026-07-31T19:13:45Z,498,11,0,12,0,0,1,1,1,1785524993
2026-07-31T19:13:45Z,499,2,0,16,1,0,1,1,1,1785523592
2026-07-31T19:13:45Z,500,0,0,10,5,0,1,1,1,1785524689
2026-07-31T19:13:45Z,501,18,3,3,0,0,1,1,1,1785524032
2026-07-31T19:13:45Z,502,16,4,3,0,0,1,1,1,1785524747
2026-07-31T19:13:45Z,503,1,0,29,1,0,1,1,1,1785524847
2026-07-31T19:13:45Z,504,18,1,21,0,0,1,1,1,1785525220
2026-07-31T19:13:45Z,505,4,0,7,1,0,1,1,1,1785525088
2026-07-31T19:13:45Z,511,10,5,13,0,0,1,1,1,1785525212
2026-07-31T19:13:45Z,512,9,0,18,0,0,1,1,1,1785525186
2026-07-31T19:13:45Z,514,1,1,9,1,0,1,1,1,1785524203
2026-07-31T19:13:45Z,515,1,0,18,0,0,1,1,1,1785524819
2026-07-31T19:13:45Z,516,14,0,13,0,0,1,1,1,1785524692
2026-07-31T19:13:45Z,517,16,2,7,0,0,1,1,1,1785524666
2026-07-31T19:13:45Z,518,7,0,7,1,0,1,1,1,1785525035
2026-07-31T19:13:45Z,519,2,1,15,2,0,1,1,1,1785523991
2026-07-31T19:13:45Z,520,13,6,8,5,1,1,1,1,1785525217
2026-07-31T19:13:45Z,521,7,2,16,0,0,1,1,1,1785524921
2026-07-31T19:13:45Z,522,4,0,19,0,0,1,1,1,1785525128
2026-07-31T19:13:45Z,523,9,4,13,1,0,1,1,1,1785523886
2026-07-31T19:13:45Z,524,6,1,17,0,0,1,1,1,1785525169
2026-07-31T19:13:45Z,525,13,0,6,0,0,1,1,1,1785525104
2026-07-31T19:13:45Z,526,4,0,11,0,0,1,1,1,1785520493
2026-07-31T19:13:45Z,527,12,9,12,2,0,1,1,1,1785525210
2026-07-31T19:13:45Z,528,20,3,2,1,0,1,1,1,1785525003
2026-07-31T19:13:45Z,529,9,5,3,7,0,1,1,1,1785525217
2026-07-31T19:13:45Z,530,7,0,13,1,0,1,1,1,1785524908
2026-07-31T19:13:45Z,531,3,1,19,0,1,1,1,1,1785524822
2026-07-31T19:13:45Z,532,23,9,7,1,0,1,1,1,1785524045
2026-07-31T19:13:45Z,533,9,0,9,1,0,1,1,1,1785525111
2026-07-31T19:13:45Z,534,2,1,21,0,0,1,1,1,1785524333
2026-07-31T19:13:45Z,535,12,1,3,0,0,1,1,1,1785525046
2026-07-31T19:13:45Z,536,10,1,13,0,0,1,1,1,1785524817
2026-07-31T19:13:45Z,537,16,0,4,0,0,1,1,1,1785524604
2026-07-31T19:13:45Z,538,2,1,19,0,2,1,1,1,1785525062
2026-07-31T19:13:45Z,539,14,8,16,1,0,1,1,1,1785525122
2026-07-31T19:13:45Z,540,8,5,11,0,0,1,1,1,1785525117
2026-07-31T19:13:45Z,541,9,3,17,1,0,1,1,1,1785525002
2026-07-31T19:13:45Z,542,1,0,21,1,0,1,1,1,1785525051
2026-07-31T19:13:45Z,543,0,0,17,2,0,1,1,1,1785525195
2026-07-31T19:13:45Z,544,6,1,12,4,0,1,1,1,1785525217
2026-07-31T19:13:45Z,545,16,2,1,2,0,1,1,1,1785524918
2026-07-31T19:13:45Z,546,9,4,9,1,0,1,1,1,1785525182
2026-07-31T19:13:45Z,547,3,0,22,0,0,1,1,1,1785523775
2026-07-31T19:13:45Z,548,4,1,19,0,0,1,1,1,1785524861
2026-07-31T19:13:45Z,549,12,1,10,1,0,1,1,1,1785525214
2026-07-31T19:13:45Z,550,8,6,11,0,0,1,1,1,1785525000
2026-07-31T19:13:45Z,551,3,2,19,1,0,1,1,1,1785525076
2026-07-31T19:13:45Z,552,16,2,11,0,0,1,1,1,1785524747
2026-07-31T19:13:45Z,553,8,1,15,0,0,1,1,1,1785525219
2026-07-31T19:13:45Z,554,7,1,12,0,0,1,1,1,1785521507
2026-07-31T19:13:45Z,555,5,1,9,1,0,1,1,1,1785523506
2026-07-31T19:13:45Z,556,19,1,2,2,0,1,1,1,1785524987
2026-07-31T19:13:45Z,557,9,5,11,3,0,1,1,1,1785525024
2026-07-31T19:13:45Z,558,28,10,8,1,0,1,1,1,1785525171
2026-07-31T19:13:45Z,559,18,3,0,1,0,1,1,1,1785525192
2026-07-31T19:13:45Z,560,4,0,23,0,0,1,1,1,1785525055
2026-07-31T19:13:45Z,561,8,2,13,2,0,1,1,1,1785524727
2026-07-31T19:13:45Z,562,5,0,24,6,0,1,1,1,1785525195
2026-07-31T19:13:45Z,563,0,0,14,0,0,1,1,1,1785525025
2026-07-31T19:13:45Z,564,1,0,17,1,0,1,1,1,1785520409
2026-07-31T19:13:45Z,565,7,0,12,0,0,1,1,1,1785525160
2026-07-31T19:13:45Z,566,1,0,17,1,0,1,1,1,1785525110
2026-07-31T19:13:45Z,567,7,1,18,2,0,1,1,1,1785524924
2026-07-31T19:13:45Z,568,7,0,11,1,0,1,1,1,1785523246
2026-07-31T19:13:45Z,569,10,3,8,1,0,1,1,1,1785525205
2026-07-31T19:13:45Z,570,1,1,16,2,0,1,1,1,1785524580
2026-07-31T19:13:45Z,571,13,1,10,0,0,1,1,1,1785525082
2026-07-31T19:13:45Z,572,0,0,18,1,0,1,1,1,1785524394
2026-07-31T19:13:45Z,573,0,0,14,1,0,1,1,1,1785525016
2026-07-31T19:13:45Z,574,4,3,11,0,0,1,1,1,1785524916
2026-07-31T19:13:45Z,575,2,0,18,1,0,1,1,1,1785525193
2026-07-31T19:13:45Z,576,4,1,15,0,0,1,1,1,1785524984
2026-07-31T19:13:45Z,577,16,2,15,0,0,1,1,1,1785524936
2026-07-31T19:13:45Z,578,0,0,22,1,0,1,1,1,1785523700
2026-07-31T19:13:45Z,579,9,3,33,1,0,1,1,1,1785525214
2026-07-31T19:13:45Z,580,1,1,28,0,0,1,1,1,1785524702
2026-07-31T19:13:45Z,581,0,0,18,1,0,1,1,1,1785525167
2026-07-31T19:13:45Z,582,30,0,29,2,0,1,1,1,1785525051
2026-07-31T19:13:45Z,583,2,1,21,0,0,1,1,1,1785522913
2026-07-31T19:13:45Z,584,12,1,4,3,0,1,1,1,1785524748
2026-07-31T19:13:45Z,585,12,1,14,0,1,1,1,1,1785525204
2026-07-31T19:13:45Z,586,23,4,10,2,0,1,1,1,1785525211
2026-07-31T19:13:45Z,587,3,0,20,1,0,1,1,1,1785525135
2026-07-31T19:13:45Z,588,14,3,2,2,1,1,1,1,1785525095
2026-07-31T19:13:45Z,589,1,1,21,0,0,1,1,1,1785524806
2026-07-31T19:13:45Z,590,2,1,29,0,0,1,1,1,1785524323
2026-07-31T19:13:45Z,591,8,0,20,2,0,1,1,1,1785525140
2026-07-31T19:13:45Z,592,3,0,20,0,0,1,1,1,1785525159
2026-07-31T19:13:45Z,593,20,1,17,1,0,1,1,1,1785525208
2026-07-31T19:13:45Z,594,4,0,16,1,0,1,1,1,1785524311
2026-07-31T19:13:45Z,595,0,0,3,0,0,0,1,1,1784046673
2026-07-31T19:13:45Z,605,0,0,2,1,0,0,1,1,1783975843
2026-07-31T19:13:45Z,606,0,0,0,0,0,0,1,1,86400
2026-07-31T19:13:45Z,607,18,1,13,1,0,1,1,1,1785525182
2026-07-31T19:13:45Z,608,27,2,21,2,0,1,1,1,1785525066
2026-07-31T19:13:45Z,609,12,10,11,0,0,1,1,1,1785524420
2026-07-31T19:13:45Z,610,17,0,18,0,0,1,1,1,1785525065
2026-07-31T19:13:45Z,611,12,1,15,0,0,1,1,1,1785524923
2026-07-31T19:13:45Z,612,7,1,8,0,0,1,1,1,1785522916
2026-07-31T19:13:45Z,613,12,4,0,3,0,1,1,1,1785521812
2026-07-31T19:13:45Z,614,7,6,17,2,1,1,1,1,1785525156
2026-07-31T19:13:45Z,617,3,0,9,3,0,1,1,1,1785524727
2026-07-31T19:13:45Z,618,12,0,2,5,0,1,1,1,1785525185
2026-07-31T19:13:45Z,619,4,0,15,0,0,1,1,1,1785525185
2026-07-31T19:13:45Z,620,7,1,20,0,0,1,1,1,1785524408
2026-07-31T19:13:45Z,621,2,0,21,0,0,1,1,1,1785525150
2026-07-31T19:13:45Z,622,15,3,7,1,0,1,1,1,1785525148
2026-07-31T19:13:45Z,623,24,11,5,1,0,1,1,1,1785524959
2026-07-31T19:13:45Z,624,1,0,14,0,0,1,1,1,1785518992
2026-07-31T19:13:45Z,625,17,2,2,2,0,1,1,1,1785525053
2026-07-31T19:13:45Z,626,35,2,10,0,2,1,1,1,1785523927
2026-07-31T19:13:45Z,627,14,4,5,0,0,1,1,1,1785523863
2026-07-31T19:13:45Z,628,4,4,14,0,1,1,1,1,1785524744
2026-07-31T19:13:45Z,629,4,2,4,3,0,1,1,1,1785525001
2026-07-31T19:13:45Z,630,1,0,23,3,0,1,1,1,1785525172
2026-07-31T19:13:45Z,631,10,9,13,0,0,1,1,1,1785525012
2026-07-31T19:13:45Z,632,18,1,3,2,0,1,1,1,1785524733
2026-07-31T19:13:45Z,633,11,2,1,3,0,1,1,1,1785522133
2026-07-31T19:13:45Z,634,8,2,11,0,0,1,1,1,1785524671
2026-07-31T19:13:45Z,635,14,0,4,1,0,1,1,1,1785524734
2026-07-31T19:13:45Z,636,5,0,10,0,0,1,1,1,1785523331
2026-07-31T19:13:45Z,637,8,3,9,2,0,1,1,1,1785522836
2026-07-31T19:13:45Z,638,6,1,11,2,0,1,1,1,1785524626
2026-07-31T19:13:45Z,639,7,1,10,2,0,1,1,1,1785501255
2026-07-31T19:13:45Z,640,15,8,7,1,0,1,1,1,1785525168
2026-07-31T19:13:45Z,641,8,0,19,0,0,1,1,1,1785525015
2026-07-31T19:13:45Z,642,8,3,3,8,0,1,1,1,1785525219
2026-07-31T19:13:45Z,643,9,0,10,8,0,1,1,1,1785525219
2026-07-31T19:13:45Z,644,13,1,1,1,0,1,1,1,1785517829
2026-07-31T19:13:45Z,645,14,1,7,1,1,1,1,1,1785522439
2026-07-31T19:13:45Z,646,4,0,15,0,0,1,1,1,1785523688
2026-07-31T19:13:45Z,647,11,0,20,0,0,1,1,1,1785524793
2026-07-31T19:13:45Z,648,2,0,16,1,0,1,1,1,1785524577
2026-07-31T19:13:45Z,649,9,4,21,1,0,1,1,1,1785525127
2026-07-31T19:13:45Z,650,5,1,9,0,0,1,1,1,1785524619
2026-07-31T19:13:45Z,651,1,1,22,0,0,1,1,1,1785524822
2026-07-31T19:13:45Z,652,0,0,20,3,0,1,1,1,1785525151
2026-07-31T19:13:45Z,653,1,0,17,1,0,1,1,1,1785517605
2026-07-31T19:13:45Z,654,4,1,11,0,0,1,1,1,1785522062
2026-07-31T19:13:45Z,655,7,3,1,4,1,1,1,1,1785524960
2026-07-31T19:13:45Z,656,4,4,15,0,0,1,1,1,1785525197
2026-07-31T19:13:45Z,657,10,4,3,2,2,1,1,1,1785525088
2026-07-31T19:13:45Z,658,8,1,2,0,0,1,1,1,1785520703
2026-07-31T19:13:45Z,659,4,3,9,2,0,1,1,1,1785522891
2026-07-31T19:13:45Z,660,23,6,4,4,0,1,1,1,1785525185
2026-07-31T19:13:45Z,661,10,3,9,0,0,1,1,1,1785525195
2026-07-31T19:13:45Z,662,5,3,15,3,0,1,1,1,1785522834
2026-07-31T19:13:45Z,663,6,2,9,0,0,1,1,1,1785524614
2026-07-31T19:13:45Z,664,13,3,14,0,0,1,1,1,1785525138
2026-07-31T19:13:45Z,665,10,4,5,0,0,1,1,1,1785522932
2026-07-31T19:13:45Z,666,4,1,7,4,0,1,1,1,1785524750
2026-07-31T19:13:45Z,667,2,0,16,1,0,1,1,1,1785525220
2026-07-31T19:13:45Z,668,2,0,17,0,0,1,1,1,1785525203
2026-07-31T19:13:45Z,669,6,4,7,1,0,1,1,1,1785525182
2026-07-31T19:13:45Z,670,17,0,8,2,0,1,1,1,1785524699
2026-07-31T19:13:45Z,671,23,3,4,0,0,1,1,1,1785525105
2026-07-31T19:13:45Z,672,3,0,16,3,1,1,1,1,1785524368
2026-07-31T19:13:45Z,673,11,0,12,0,0,1,1,1,1785524577
2026-07-31T19:13:45Z,674,9,2,12,2,0,1,1,1,1785524992
2026-07-31T19:13:45Z,675,1,1,12,2,0,1,1,1,1785525144
2026-07-31T19:13:45Z,676,7,0,14,1,0,1,1,1,1785524263
2026-07-31T19:13:45Z,681,13,6,1,1,0,1,1,1,1785525196
2026-07-31T19:13:45Z,682,5,1,14,0,0,1,1,1,1785522108
2026-07-31T19:13:45Z,683,2,2,17,0,0,1,1,1,1785519895
2026-07-31T19:13:45Z,684,3,1,24,0,0,1,1,1,1785518528
2026-07-31T19:13:45Z,685,5,0,20,1,1,1,1,1,1785522945
2026-07-31T19:13:45Z,686,9,0,15,3,0,1,1,1,1785525153
2026-07-31T19:13:45Z,687,12,0,17,1,1,1,1,1,1785525183
2026-07-31T19:13:45Z,688,11,0,1,7,0,1,1,1,1785510286
2026-07-31T19:13:45Z,692,11,5,10,0,0,1,1,1,1785525063
2026-07-31T19:13:45Z,693,6,0,2,3,0,1,1,1,1785525201
2026-07-31T19:13:45Z,694,12,7,9,0,0,1,1,1,1785525143
2026-07-31T19:13:45Z,695,9,7,14,0,0,1,1,1,1785523582
2026-07-31T19:13:45Z,696,10,7,12,1,0,1,1,1,1785525178
2026-07-31T19:13:45Z,697,11,0,12,0,0,1,1,1,1785525182
2026-07-31T19:13:45Z,698,6,0,21,0,0,1,1,1,1785525164
2026-07-31T19:13:45Z,699,7,0,7,1,0,1,1,1,1785524669
2026-07-31T19:13:45Z,700,15,1,3,1,0,1,1,1,1785523948
2026-07-31T19:13:45Z,701,10,5,9,0,0,1,1,1,1785525182
2026-07-31T19:13:45Z,702,10,4,12,1,0,1,1,1,1785525068
2026-07-31T19:13:45Z,704,2,0,13,0,0,1,1,1,1785524533
2026-07-31T19:13:45Z,705,1,0,14,0,0,1,1,1,1785523998
2026-07-31T19:13:45Z,706,4,1,9,2,0,1,1,1,1785525117
2026-07-31T19:13:45Z,707,10,1,5,0,0,1,1,1,1785524734
2026-07-31T19:13:45Z,708,3,0,15,1,0,1,1,1,1785524822
2026-07-31T19:13:45Z,709,7,3,5,3,0,1,1,1,1785524152
2026-07-31T19:13:45Z,710,2,0,17,0,0,1,1,1,1785525212
2026-07-31T19:13:45Z,711,4,1,16,3,0,1,1,1,1785524417
2026-07-31T19:13:45Z,712,7,5,8,0,0,1,1,1,1785525144
2026-07-31T19:13:45Z,713,5,1,18,0,0,1,1,1,1785524475
2026-07-31T19:13:45Z,716,4,2,11,0,0,1,1,1,1785523657
2026-07-31T19:13:45Z,717,2,2,20,3,0,1,1,1,1785524757
2026-07-31T19:13:45Z,718,12,2,1,2,0,1,1,1,1785525160
2026-07-31T19:13:45Z,719,7,1,22,0,0,1,1,1,1785524779
2026-07-31T19:13:45Z,720,0,0,19,0,0,1,1,1,1785523930
2026-07-31T19:13:45Z,721,10,0,10,3,0,1,1,1,1785525165
2026-07-31T19:13:45Z,722,6,0,9,0,0,1,1,1,1785523702
2026-07-31T19:13:45Z,723,13,2,10,0,0,1,1,1,1785523860
2026-07-31T19:13:45Z,724,9,1,14,0,0,1,1,1,1785524941
2026-07-31T19:13:45Z,725,1,0,21,1,0,1,1,1,1785525187
2026-07-31T19:13:45Z,726,5,0,12,2,0,1,1,1,1785524689
2026-07-31T19:13:45Z,727,10,5,12,1,0,1,1,1,1785524761
2026-07-31T19:13:45Z,728,10,1,4,1,0,1,1,1,1785524234
2026-07-31T19:13:45Z,729,1,0,18,0,0,1,1,1,1785523504
2026-07-31T19:13:45Z,730,1,1,11,3,0,1,1,1,1785524834
2026-07-31T19:13:45Z,731,11,3,2,2,0,1,1,1,1785524417
2026-07-31T19:13:45Z,732,6,6,9,0,0,1,1,1,1785524991
2026-07-31T19:13:45Z,733,8,0,19,0,0,1,1,1,1785525217
2026-07-31T19:13:45Z,734,7,4,7,0,0,1,1,1,1785525152
2026-07-31T19:13:45Z,735,18,8,9,0,0,1,1,1,1785525211
2026-07-31T19:13:45Z,736,11,1,7,1,0,1,1,1,1785524401
2026-07-31T19:13:45Z,737,6,3,8,0,1,1,1,1,1785524568
2026-07-31T19:13:45Z,738,14,7,5,0,0,1,1,1,1785524342
2026-07-31T19:13:45Z,739,18,0,8,1,0,1,1,1,1785524126
2026-07-31T19:13:45Z,741,9,0,14,0,0,1,1,1,1785524295
2026-07-31T19:13:45Z,742,22,6,11,2,0,1,1,1,1785524879
2026-07-31T19:13:45Z,743,7,4,11,1,0,1,1,1,1785524172
2026-07-31T19:13:45Z,744,9,1,6,0,0,1,1,1,1785524470
2026-07-31T19:13:45Z,745,12,4,7,0,0,1,1,1,1785524924
2026-07-31T19:13:45Z,746,2,0,20,1,0,1,1,1,1785523705
2026-07-31T19:13:45Z,747,0,0,4,0,0,0,1,1,1783446606
2026-07-31T19:13:45Z,748,9,1,14,0,0,1,1,1,1785523717
2026-07-31T19:13:45Z,749,8,1,14,1,0,1,1,1,1785524594
2026-07-31T19:13:45Z,750,2,1,9,0,0,1,1,1,1785524644
2026-07-31T19:13:45Z,751,18,13,5,0,0,1,1,1,1785525213
2026-07-31T19:13:45Z,752,13,0,3,1,0,1,1,1,1785524492
2026-07-31T19:13:45Z,753,0,0,14,1,0,1,1,1,1785524950
2026-07-31T19:13:45Z,754,7,3,8,0,0,1,1,1,1785525153
2026-07-31T19:13:45Z,755,9,0,13,1,0,1,1,1,1785523545
2026-07-31T19:13:45Z,756,27,20,9,1,0,1,1,1,1785524715
2026-07-31T19:13:45Z,757,9,7,10,0,0,1,1,1,1785525166
2026-07-31T19:13:45Z,758,0,0,23,0,0,1,1,1,1785525104
2026-07-31T19:13:45Z,759,0,0,0,0,0,1,1,1,86400
2026-07-31T19:13:45Z,760,10,4,9,0,0,1,1,1,1785524777
2026-07-31T19:13:45Z,761,9,1,13,1,0,1,1,1,1785524972
2026-07-31T19:13:45Z,762,4,3,6,5,0,1,1,1,1785523961
2026-07-31T19:13:45Z,768,8,0,7,4,0,1,1,1,1785525045
2026-07-31T19:13:45Z,769,6,5,12,1,0,1,1,1,1785524531
2026-07-31T19:13:45Z,770,6,2,11,2,0,1,1,1,1785525087
2026-07-31T19:13:45Z,771,13,2,1,1,0,1,1,1,1785523926
2026-07-31T19:13:45Z,772,6,0,9,0,0,1,1,1,1785525103
2026-07-31T19:13:45Z,773,18,5,1,0,0,1,1,1,1785524621
2026-07-31T19:13:45Z,774,5,1,4,6,0,1,1,1,1785524976
2026-07-31T19:13:45Z,775,8,1,9,1,1,1,1,1,1785523731
2026-07-31T19:13:45Z,776,3,1,17,1,0,1,1,1,1785524746
2026-07-31T19:13:45Z,777,13,2,2,0,0,1,1,1,1785524572
2026-07-31T19:13:45Z,778,16,1,0,3,0,1,1,1,1785524480
2026-07-31T19:13:45Z,779,6,0,12,1,0,1,1,1,1785524915
2026-07-31T19:13:45Z,780,9,3,9,1,0,1,1,1,1785525218
2026-07-31T19:13:45Z,781,1,0,8,2,0,1,1,1,1785525110
2026-07-31T19:13:45Z,782,1,0,14,4,0,1,1,1,1785524484
2026-07-31T19:13:45Z,783,8,1,11,0,0,1,1,1,1785524770
2026-07-31T19:13:45Z,784,5,0,14,0,0,1,1,1,1785524942
2026-07-31T19:13:45Z,785,9,1,4,6,0,1,1,1,1785525179
2026-07-31T19:13:45Z,786,10,5,9,0,0,1,1,1,1785525117
2026-07-31T19:13:45Z,787,6,3,8,1,0,1,1,1,1785524692
2026-07-31T19:13:45Z,788,2,0,13,0,0,1,1,1,1785524167
2026-07-31T19:13:45Z,789,7,2,4,4,0,1,1,1,1785524406
2026-07-31T19:13:45Z,790,6,1,17,0,0,1,1,1,1785524613
2026-07-31T19:13:45Z,791,7,0,11,0,1,1,1,1,1785524204
2026-07-31T19:13:45Z,793,4,0,10,1,0,1,1,1,1785522437
2026-07-31T19:13:45Z,794,19,7,8,2,0,1,1,1,1785525197
2026-07-31T19:13:45Z,796,4,3,14,1,0,1,1,1,1785524119
2026-07-31T19:13:45Z,797,5,2,10,0,0,1,1,1,1785523942
2026-07-31T19:13:45Z,798,13,1,10,2,0,1,1,1,1785525218
2026-07-31T19:13:45Z,799,12,2,3,4,0,1,1,1,1785524079
2026-07-31T19:13:45Z,800,2,0,18,1,0,1,1,1,1785524523
2026-07-31T19:13:45Z,801,7,1,10,4,0,1,1,1,1785525124
2026-07-31T19:13:45Z,802,8,0,23,0,0,1,1,1,1785524802
2026-07-31T19:13:45Z,803,0,0,15,0,0,1,1,1,1785523880
2026-07-31T19:13:45Z,806,2,0,12,1,0,1,1,1,1785525045
2026-07-31T19:13:45Z,807,18,7,3,4,0,1,1,1,1785525171
2026-07-31T19:13:45Z,808,19,6,3,3,0,1,1,1,1785525141
2026-07-31T19:13:45Z,809,3,0,19,1,0,1,1,1,1785524118
2026-07-31T19:13:45Z,810,4,2,13,2,0,1,1,1,1785524498
2026-07-31T19:13:45Z,815,2,0,8,4,1,1,1,1,1785525098
2026-07-31T19:13:45Z,817,14,7,1,0,0,1,1,1,1785524281
2026-07-31T19:13:45Z,818,5,0,18,0,0,1,1,1,1785524737
2026-07-31T19:13:45Z,819,9,3,6,0,0,1,1,1,1785523727
2026-07-31T19:13:45Z,820,8,1,9,0,0,1,1,1,1785525111
2026-07-31T19:13:45Z,821,2,2,13,0,0,1,1,1,1785524215
2026-07-31T19:13:45Z,822,4,0,17,2,0,1,1,1,1785525088
2026-07-31T19:13:45Z,823,10,0,5,0,0,1,1,1,1785524699
2026-07-31T19:13:45Z,824,6,1,13,0,0,1,1,1,1785525005
2026-07-31T19:13:45Z,825,7,5,8,0,0,1,1,1,1785521169
2026-07-31T19:13:45Z,826,9,0,8,2,0,1,1,1,1785525079
2026-07-31T19:13:45Z,827,17,3,2,2,0,1,1,1,1785524622
2026-07-31T19:13:45Z,828,10,0,6,2,0,1,1,1,1785524461
2026-07-31T19:13:45Z,829,16,5,11,0,0,1,1,1,1785524282
2026-07-31T19:13:45Z,830,13,0,9,1,0,1,1,1,1785524577
2026-07-31T19:13:45Z,831,5,3,8,2,0,1,1,1,1785523651
2026-07-31T19:13:45Z,832,8,2,7,3,0,1,1,1,1785524979
2026-07-31T19:13:45Z,833,3,1,15,1,0,1,1,1,1785524766
2026-07-31T19:13:45Z,834,19,2,3,2,0,1,1,1,1785525199
2026-07-31T19:13:45Z,835,1,1,16,1,0,1,1,1,1785525121
2026-07-31T19:13:45Z,838,3,1,11,1,0,1,1,1,1785525119
2026-07-31T19:13:45Z,839,14,0,15,0,0,1,1,1,1785525156
2026-07-31T19:13:45Z,840,1,1,27,1,0,1,1,1,1785524991
2026-07-31T19:13:45Z,841,6,1,9,0,0,1,1,1,1785523639
2026-07-31T19:13:45Z,842,2,0,21,0,0,1,1,1,1785523539
2026-07-31T19:13:45Z,843,11,0,20,0,0,1,1,1,1785523881
2026-07-31T19:13:45Z,844,5,0,18,0,0,1,1,1,1785523774
2026-07-31T19:13:45Z,845,4,3,13,2,0,1,1,1,1785525088
2026-07-31T19:13:45Z,846,3,1,15,1,0,1,1,1,1785525220
2026-07-31T19:13:45Z,847,7,1,19,1,0,1,1,1,1785524736
2026-07-31T19:13:45Z,848,5,4,13,1,0,1,1,1,1785523708
2026-07-31T19:13:45Z,849,5,1,9,1,0,1,1,1,1785525194
2026-07-31T19:13:45Z,850,6,0,4,1,0,1,1,1,1785524759
2026-07-31T19:13:45Z,851,7,5,27,3,0,1,1,1,1785525074
2026-07-31T19:13:45Z,852,11,6,8,0,0,1,1,1,1785523579
2026-07-31T19:13:45Z,853,11,5,12,0,0,1,1,1,1785524537
2026-07-31T19:13:45Z,854,3,2,12,0,0,1,1,1,1785524557
2026-07-31T19:13:45Z,855,27,0,0,0,0,1,1,1,1785524493
2026-07-31T19:13:45Z,857,8,7,9,2,0,1,1,1,1785525106
2026-07-31T19:13:45Z,858,5,2,13,1,0,1,1,1,1785524290
2026-07-31T19:13:45Z,859,7,0,13,1,0,1,1,1,1785524481
2026-07-31T19:13:45Z,861,7,0,3,1,0,1,1,1,1785506303
2026-07-31T19:13:45Z,862,4,2,11,0,0,1,1,1,1785523679
2026-07-31T19:13:45Z,863,14,1,5,0,0,1,1,1,1785519710
2026-07-31T19:13:45Z,866,12,3,7,0,0,1,1,1,1785524045
2026-07-31T19:13:45Z,867,14,2,1,0,0,1,1,1,1785525096
2026-07-31T19:13:45Z,868,9,0,6,0,0,1,1,1,1785523528
2026-07-31T19:13:45Z,870,9,6,6,0,0,1,1,1,1785523754
2026-07-31T19:13:45Z,871,0,0,10,1,0,1,1,1,1785524902
2026-07-31T19:13:45Z,872,0,0,14,1,0,1,1,1,1785523663
2026-07-31T19:13:45Z,873,30,4,2,1,0,1,1,1,1785524951
2026-07-31T19:13:45Z,874,1,0,11,3,0,1,1,1,1785525082
2026-07-31T19:13:45Z,875,11,7,3,1,0,1,1,1,1785524773
2026-07-31T19:13:45Z,877,13,12,6,0,0,1,1,1,1785525154
2026-07-31T19:13:45Z,878,3,3,16,0,0,1,1,1,1785523911
2026-07-31T19:13:45Z,879,2,0,17,0,0,1,1,1,1785524764
2026-07-31T19:13:45Z,880,4,1,18,1,0,1,1,1,1785525073
2026-07-31T19:13:45Z,881,2,0,17,0,0,1,1,1,1785523773
2026-07-31T19:13:45Z,882,9,4,9,1,0,1,1,1,1785513298
2026-07-31T19:13:45Z,883,9,4,10,0,0,1,1,1,1785523981
2026-07-31T19:13:45Z,884,10,6,11,0,0,1,1,1,1785525169
2026-07-31T19:13:45Z,885,0,0,19,0,0,1,1,1,1785523576
2026-07-31T19:13:45Z,886,12,0,17,0,0,1,1,1,1785524917
2026-07-31T19:13:45Z,887,4,3,10,3,0,1,1,1,1785524808
2026-07-31T19:13:45Z,888,5,1,34,1,1,1,1,1,1785525133
2026-07-31T19:13:45Z,889,5,0,12,2,0,1,1,1,1785524778
2026-07-31T19:13:45Z,890,6,4,9,0,0,1,1,1,1785522525
2026-07-31T19:13:45Z,891,21,0,2,0,0,1,1,1,1785524937
2026-07-31T19:13:45Z,892,9,1,6,0,0,1,1,1,1785523247
2026-07-31T19:13:45Z,895,1,0,18,0,0,1,1,1,1785514669
2026-07-31T19:13:45Z,896,9,1,26,0,0,1,1,1,1785523990
2026-07-31T19:13:45Z,897,12,1,9,0,0,1,1,1,1785523807
2026-07-31T19:13:45Z,898,4,1,15,0,0,1,1,1,1785523497
2026-07-31T19:13:45Z,899,1,0,17,1,0,1,1,1,1785524668
2026-07-31T19:13:45Z,900,9,0,18,0,0,1,1,1,1785525205
2026-07-31T19:13:45Z,901,2,0,16,1,0,1,1,1,1785524914
2026-07-31T19:13:45Z,902,3,1,12,0,0,1,1,1,1785525221
2026-07-31T19:13:45Z,903,4,0,14,1,0,1,1,1,1785524777
2026-07-31T19:13:45Z,904,10,5,8,1,0,1,1,1,1785523897
2026-07-31T19:13:45Z,905,10,4,16,1,0,1,1,1,1785525123
2026-07-31T19:13:45Z,906,13,3,12,2,0,1,1,1,1785524749
2026-07-31T19:13:45Z,907,7,0,24,0,0,1,1,1,1785524992
2026-07-31T19:13:45Z,908,8,0,15,0,0,1,1,1,1785523905
2026-07-31T19:13:45Z,909,7,7,16,0,0,1,1,1,1785523753
2026-07-31T19:13:45Z,910,26,0,5,0,0,1,1,1,1785525128
2026-07-31T19:13:45Z,911,3,1,16,0,0,1,1,1,1785523430
2026-07-31T19:13:45Z,912,5,0,18,0,0,1,1,1,1785525213
2026-07-31T19:13:45Z,913,7,3,12,0,0,1,1,1,1785524424
2026-07-31T19:13:45Z,914,3,0,16,0,0,1,1,1,1785525072
2026-07-31T19:13:45Z,915,18,2,3,2,0,1,1,1,1785524857
2026-07-31T19:13:45Z,916,7,3,16,0,0,1,1,1,1785524754
2026-07-31T19:13:45Z,917,13,0,20,2,0,1,1,1,1785525139
2026-07-31T19:13:45Z,918,16,1,0,3,0,1,1,1,1785524826
2026-07-31T19:13:45Z,919,7,0,32,0,0,1,1,1,1785525090
2026-07-31T19:13:45Z,920,7,2,12,0,0,1,1,1,1785524563
2026-07-31T19:13:45Z,921,17,3,4,0,0,1,1,1,1785524494
2026-07-31T19:13:45Z,922,2,2,19,0,0,1,1,1,1785524568
2026-07-31T19:13:45Z,923,1,1,17,1,0,1,1,1,1785525067
2026-07-31T19:13:45Z,924,7,0,13,1,0,1,1,1,1785524597
2026-07-31T19:13:45Z,925,12,0,9,0,0,1,1,1,1785524094
2026-07-31T19:13:45Z,926,3,0,18,0,0,1,1,1,1785524183
2026-07-31T19:13:45Z,927,27,0,8,0,0,1,1,1,1785524811
2026-07-31T19:13:45Z,928,0,0,19,0,0,0,1,1,1785500252
2026-07-31T19:13:45Z,929,22,1,1,0,0,1,1,1,1785525091
2026-07-31T19:13:45Z,930,2,0,28,1,0,1,1,1,1785524656
2026-07-31T19:13:45Z,931,6,2,17,0,0,1,1,1,1785525209
2026-07-31T19:13:45Z,932,3,0,14,2,0,1,1,1,1785525216
2026-07-31T19:13:45Z,933,7,0,16,0,0,1,1,1,1785524943
2026-07-31T19:13:45Z,934,24,1,6,1,0,1,1,1,1785524632
2026-07-31T19:13:45Z,935,14,0,4,1,0,1,1,1,1785525029
2026-07-31T19:13:45Z,936,16,2,3,0,0,1,1,1,1785525210
2026-07-31T19:13:45Z,940,1,0,10,0,0,1,1,1,1785525019
2026-07-31T19:13:45Z,941,10,0,13,2,0,1,1,1,1785524324
2026-07-31T19:13:45Z,942,8,0,13,0,0,1,1,1,1785525137
2026-07-31T19:13:45Z,943,8,8,7,0,0,1,1,1,1785524012
2026-07-31T19:13:45Z,944,10,8,5,0,0,1,1,1,1785524399
2026-07-31T19:13:45Z,945,10,8,5,0,0,1,1,1,1785524928
2026-07-31T19:13:45Z,946,7,5,12,0,0,1,1,1,1785523835
2026-07-31T19:13:45Z,947,7,5,10,0,0,1,1,1,1785525123
2026-07-31T19:13:45Z,948,22,8,5,4,0,1,1,1,1785524969
2026-07-31T19:13:45Z,949,9,2,6,0,0,1,1,1,1785525081
2026-07-31T19:13:45Z,950,2,0,14,1,0,1,1,1,1785524918
2026-07-31T19:13:45Z,951,17,5,6,0,0,1,1,1,1785524845
2026-07-31T19:13:45Z,952,21,4,33,1,0,1,1,1,1785525152
2026-07-31T19:13:45Z,953,1,0,13,1,0,1,1,1,1785524686
2026-07-31T19:13:45Z,954,1,0,18,0,0,1,1,1,1785525039
2026-07-31T19:13:45Z,955,10,4,11,5,1,1,1,1,1785524579
2026-07-31T19:13:45Z,956,10,2,11,2,0,1,1,1,1785524873
2026-07-31T19:13:45Z,957,8,1,20,1,0,1,1,1,1785525056
2026-07-31T19:13:45Z,958,4,0,25,2,0,1,1,1,1785525219
2026-07-31T19:13:45Z,959,3,3,19,1,0,1,1,1,1785524951
2026-07-31T19:13:45Z,960,3,1,19,1,0,1,1,1,1785524910
2026-07-31T19:13:45Z,961,10,1,10,3,0,1,1,1,1785525139
2026-07-31T19:13:45Z,962,10,2,22,3,0,1,1,1,1785524747
2026-07-31T19:13:45Z,963,11,0,11,1,0,1,1,1,1785525131
2026-07-31T19:13:45Z,964,1,1,22,0,0,1,1,1,1785525094
2026-07-31T19:13:45Z,965,11,6,15,1,0,1,1,1,1785524115
2026-07-31T19:13:45Z,966,22,0,7,2,0,1,1,1,1785524886
2026-07-31T19:13:45Z,967,1,0,18,2,0,1,1,1,1785525194
2026-07-31T19:13:45Z,968,9,0,9,1,0,1,1,1,1785524794
2026-07-31T19:13:45Z,969,3,1,22,2,0,1,1,1,1785524043
2026-07-31T19:13:45Z,970,0,0,17,2,0,1,1,1,1785525015
2026-07-31T19:13:45Z,971,1,0,21,1,0,1,1,1,1785524962
2026-07-31T19:13:45Z,972,11,3,11,1,0,1,1,1,1785524566
2026-07-31T19:13:45Z,973,8,2,14,1,0,1,1,1,1785524985
2026-07-31T19:13:45Z,974,23,0,3,1,0,1,1,1,1785524932
2026-07-31T19:13:45Z,977,2,0,17,2,0,1,1,1,1785524658
2026-07-31T19:13:45Z,978,17,0,6,0,0,1,1,1,1785525181
2026-07-31T19:13:45Z,979,7,1,10,0,0,1,1,1,1785524907
2026-07-31T19:13:45Z,980,12,0,7,2,0,1,1,1,1785525039
2026-07-31T19:13:45Z,981,9,0,12,0,0,1,1,1,1785525219
2026-07-31T19:13:45Z,982,3,1,15,1,0,1,1,1,1785523663
2026-07-31T19:13:45Z,983,5,3,18,0,0,1,1,1,1785524120
2026-07-31T19:13:45Z,984,6,0,17,0,0,1,1,1,1785523416
2026-07-31T19:13:45Z,985,16,0,14,1,0,1,1,1,1785525018
2026-07-31T19:13:45Z,986,3,0,16,0,0,1,1,1,1785523664
2026-07-31T19:13:45Z,987,6,0,17,0,0,1,1,1,1785524234
2026-07-31T19:13:45Z,988,7,3,12,0,0,1,1,1,1785523832
2026-07-31T19:13:45Z,989,9,4,10,0,0,1,1,1,1785524631
2026-07-31T19:13:45Z,990,9,0,5,1,0,1,1,1,1785524959
2026-07-31T19:13:45Z,991,10,0,9,0,0,1,1,1,1785525108
2026-07-31T19:13:45Z,992,9,5,14,0,0,1,1,1,1785524446
2026-07-31T19:13:45Z,993,5,2,21,1,0,1,1,1,1785524884
2026-07-31T19:13:45Z,994,1,0,20,0,0,1,1,1,1785524686
2026-07-31T19:13:45Z,995,6,0,21,0,0,1,1,1,1785523897
2026-07-31T19:13:45Z,996,8,2,15,0,0,1,1,1,1785523732
2026-07-31T19:13:45Z,997,5,4,6,9,3,1,1,1,1785524121
2026-07-31T19:13:45Z,998,5,4,18,0,0,1,1,1,1785523993
2026-07-31T19:13:45Z,999,4,1,15,1,1,1,1,1,1785523710
2026-07-31T19:13:45Z,1000,4,1,17,0,0,1,1,1,1785524542
2026-07-31T19:13:45Z,1001,6,4,21,0,0,1,1,1,1785524049
2026-07-31T19:13:45Z,1002,2,2,28,1,0,1,1,1,1785524934
2026-07-31T19:13:45Z,1003,0,0,23,0,0,1,1,1,1785523633
2026-07-31T19:13:45Z,1004,9,2,14,0,0,1,1,1,1785524927
2026-07-31T19:13:45Z,1005,20,1,3,0,0,1,1,1,1785523823
2026-07-31T19:13:45Z,1006,8,5,11,0,0,1,1,1,1785523634
2026-07-31T19:13:45Z,1007,1,1,20,0,0,1,1,1,1785525092
2026-07-31T19:13:45Z,1008,8,7,15,0,0,1,1,1,1785524622
2026-07-31T19:13:45Z,1009,22,5,8,1,0,1,1,1,1785524543
2026-07-31T19:13:45Z,1010,8,2,19,0,0,1,1,1,1785523524
2026-07-31T19:13:45Z,1011,6,2,11,2,0,1,1,1,1785524006
2026-07-31T19:13:45Z,1012,5,3,16,2,0,1,1,1,1785523594
2026-07-31T19:13:45Z,1013,4,1,18,1,0,1,1,1,1785524157
2026-07-31T19:13:45Z,1014,9,4,14,0,0,1,1,1,1785524117
2026-07-31T19:13:45Z,1015,4,3,26,1,0,1,1,1,1785524451
2026-07-31T19:13:45Z,1016,10,5,21,0,0,1,1,1,1785523526
2026-07-31T19:13:45Z,1017,14,5,7,0,0,1,1,1,1785524805
2026-07-31T19:13:45Z,1018,7,3,15,0,0,1,1,1,1785523673
2026-07-31T19:13:45Z,1019,8,5,7,0,0,1,1,1,1785523551
2026-07-31T19:13:45Z,1020,19,5,2,0,0,1,1,1,1785524668
2026-07-31T19:13:45Z,1021,9,4,6,0,0,1,1,1,1785524353
2026-07-31T19:13:45Z,1022,14,0,13,0,0,1,1,1,1785523799
2026-07-31T19:13:45Z,1023,14,2,9,0,0,1,1,1,1785523423
2026-07-31T19:13:45Z,1024,6,3,13,0,0,1,1,1,1785524401
2026-07-31T19:13:45Z,1025,4,0,14,0,1,1,1,1,1785523775
2026-07-31T19:13:45Z,1026,12,9,18,1,0,1,1,1,1785524980
2026-07-31T19:13:45Z,1028,3,1,20,0,0,1,1,1,1785523768
2026-07-31T19:13:45Z,1029,12,10,3,0,0,1,1,1,1785524660
2026-07-31T19:13:45Z,1030,13,4,10,0,0,1,1,1,1785524461
2026-07-31T19:13:45Z,1031,9,1,10,0,0,1,1,1,1785524777
2026-07-31T19:13:45Z,1032,7,1,12,0,0,1,1,1,1785523633
2026-07-31T19:13:45Z,1033,10,6,9,0,0,1,1,1,1785524455
2026-07-31T19:13:45Z,1034,4,1,11,0,0,1,1,1,1785523620
2026-07-31T19:13:45Z,1035,0,0,18,1,0,1,1,1,1785524862
2026-07-31T19:13:45Z,1036,12,0,3,0,0,1,1,1,1785524199
2026-07-31T19:13:45Z,1037,4,1,14,1,0,1,1,1,1785523952
2026-07-31T19:13:45Z,1038,1,0,14,0,0,1,1,1,1785525126
2026-07-31T19:13:45Z,1039,7,1,12,0,0,1,1,1,1785523785
2026-07-31T19:13:45Z,1040,8,5,11,0,0,1,1,1,1785523684
2026-07-31T19:13:45Z,1041,11,3,8,0,0,1,1,1,1785523552
2026-07-31T19:13:45Z,1042,14,2,0,1,0,1,1,1,1785523656
2026-07-31T19:13:45Z,1043,10,4,8,1,0,1,1,1,1785523992
2026-07-31T19:13:45Z,1044,1,0,14,0,0,1,1,1,1785525181
2026-07-31T19:13:45Z,1045,9,0,10,0,0,1,1,1,1785523616
2026-07-31T19:13:45Z,1046,9,0,6,0,0,1,1,1,1785524805
2026-07-31T19:13:45Z,1047,4,0,17,0,0,1,1,1,1785524400
2026-07-31T19:13:45Z,1048,5,0,14,0,0,1,1,1,1785523698
2026-07-31T19:13:45Z,1049,0,0,21,0,0,1,1,1,1785523695
2026-07-31T19:13:45Z,1050,16,4,5,0,0,1,1,1,1785524796
2026-07-31T19:13:45Z,1051,8,2,13,0,0,1,1,1,1785524667
2026-07-31T19:13:45Z,1052,16,1,5,1,0,1,1,1,1785523483
2026-07-31T19:13:45Z,1053,3,2,12,0,0,1,1,1,1785524729
2026-07-31T19:13:45Z,1054,15,1,0,0,0,1,1,1,1785523753
2026-07-31T19:13:45Z,1055,8,1,11,0,0,1,1,1,1785523764
2026-07-31T19:13:45Z,1057,10,1,9,0,0,1,1,1,1785524825
2026-07-31T19:13:45Z,1058,18,0,37,1,0,1,1,1,1785525149
2026-07-31T19:13:45Z,1059,1,0,17,1,0,1,1,1,1785524926
2026-07-31T19:13:45Z,1060,34,0,3,0,0,1,1,1,1785524976
2026-07-31T19:13:45Z,1061,35,0,1,1,0,1,1,1,1785524449
2026-07-31T19:13:45Z,1062,16,0,1,0,0,1,1,1,1785525071
2026-07-31T19:13:45Z,1063,12,1,6,1,0,1,1,1,1785524355
2026-07-31T19:13:45Z,1064,3,0,19,1,0,1,1,1,1785524034
2026-07-31T19:13:45Z,1065,16,3,7,0,0,1,1,1,1785524281
2026-07-31T19:13:45Z,1066,10,2,13,0,0,1,1,1,1785524102
2026-07-31T19:13:45Z,1067,8,2,13,2,0,1,1,1,1785524376
2026-07-31T19:13:45Z,1068,6,2,14,3,0,1,1,1,1785523903
2026-07-31T19:13:45Z,1069,12,3,11,0,0,1,1,1,1785523914
2026-07-31T19:13:45Z,1070,12,2,11,0,0,1,1,1,1785524016
2026-07-31T19:13:45Z,1071,7,4,16,0,0,1,1,1,1785524052
2026-07-31T19:13:45Z,1072,11,1,11,1,0,1,1,1,1785524454
2026-07-31T19:13:45Z,1073,1,1,26,0,0,1,1,1,1785525196
2026-07-31T19:13:45Z,1074,20,5,33,0,0,1,1,1,1785525215
2026-07-31T19:13:45Z,1075,8,8,13,0,0,1,1,1,1785523419
2026-07-31T19:13:45Z,1076,16,13,5,0,0,1,1,1,1785525217
2026-07-31T19:13:45Z,1077,12,8,9,0,0,1,1,1,1785523574
2026-07-31T19:13:45Z,1078,13,12,8,0,0,1,1,1,1785524721
2026-07-31T19:13:45Z,1079,12,8,9,0,0,1,1,1,1785523526
2026-07-31T19:13:45Z,1080,10,8,9,2,0,1,1,1,1785523451
2026-07-31T19:13:45Z,1081,14,8,5,0,0,1,1,1,1785524466
2026-07-31T19:13:45Z,1082,12,11,11,0,0,1,1,1,1785524016
2026-07-31T19:13:45Z,1083,13,11,8,0,0,1,1,1,1785523795
2026-07-31T19:13:45Z,1084,9,8,12,0,0,1,1,1,1785524052
2026-07-31T19:13:45Z,1085,14,8,7,0,0,1,1,1,1785524925
2026-07-31T19:13:45Z,1086,15,11,5,1,0,1,1,1,1785523799
2026-07-31T19:13:45Z,1087,6,6,9,0,0,1,1,1,1785524719
2026-07-31T19:13:45Z,1088,9,7,6,0,0,1,1,1,1785523676
2026-07-31T19:13:45Z,1089,5,2,10,0,0,1,1,1,1785524011
2026-07-31T19:13:45Z,1090,7,6,8,0,0,1,1,1,1785524563
2026-07-31T19:13:45Z,1091,5,3,10,0,0,1,1,1,1785524632
2026-07-31T19:13:45Z,1092,10,9,5,0,0,1,1,1,1785524011
2026-07-31T19:13:45Z,1093,5,5,9,1,0,1,1,1,1785524717
2026-07-31T19:13:45Z,1094,11,10,8,0,0,1,1,1,1785523628
2026-07-31T19:13:45Z,1095,9,8,6,0,0,1,1,1,1785523611
2026-07-31T19:13:45Z,1096,3,1,15,1,0,1,1,1,1785525142
2026-07-31T19:13:45Z,1097,8,8,7,0,0,1,1,1,1785524198
2026-07-31T19:13:45Z,1098,9,7,10,0,0,1,1,1,1785525045
2026-07-31T19:13:45Z,1099,7,6,8,0,0,1,1,1,1785523462
2026-07-31T19:13:45Z,1100,5,3,24,0,0,1,1,1,1785521793
2026-07-31T19:13:45Z,1101,10,5,11,0,0,1,1,1,1785525200
2026-07-31T19:13:45Z,1102,9,4,4,0,0,1,1,1,1785524416
2026-07-31T19:13:45Z,1103,11,5,10,0,0,1,1,1,1785503681
2026-07-31T19:13:45Z,1104,11,6,10,0,0,1,1,1,1785524951
2026-07-31T19:13:45Z,1105,8,4,5,0,0,1,1,1,1785524300
2026-07-31T19:13:45Z,1106,10,5,11,0,0,1,1,1,1785523475
2026-07-31T19:13:45Z,1107,9,5,6,0,0,1,1,1,1785523730
2026-07-31T19:13:45Z,1108,8,4,16,2,1,1,1,1,1785524306
2026-07-31T19:13:45Z,1109,8,4,7,0,0,1,1,1,1785523674
2026-07-31T19:13:45Z,1110,8,0,13,0,0,1,1,1,1785524815
2026-07-31T19:13:45Z,1111,8,5,12,1,0,1,1,1,1785521930
2026-07-31T19:13:45Z,1112,31,1,21,1,0,1,1,1,1785525106
2026-07-31T19:13:45Z,1113,4,0,17,0,0,1,1,1,1785524741
2026-07-31T19:13:45Z,1115,13,2,6,4,0,1,1,1,1785524193
2026-07-31T19:13:45Z,1116,2,1,17,0,0,1,1,1,1785524831
2026-07-31T19:13:45Z,1117,7,2,14,2,0,1,1,1,1785524993
2026-07-31T19:13:45Z,1118,8,1,12,1,0,1,1,1,1785524765
2026-07-31T19:13:45Z,1119,8,0,9,0,0,1,1,1,1785524650
2026-07-31T19:13:45Z,1120,9,0,9,1,0,1,1,1,1785524767
2026-07-31T19:13:45Z,1121,13,0,7,1,0,1,1,1,1785525054
2026-07-31T19:13:45Z,1122,5,5,15,1,0,1,1,1,1785524900
2026-07-31T19:13:45Z,1123,12,8,9,2,0,1,1,1,1785525105
2026-07-31T19:13:45Z,1124,3,0,10,2,0,1,1,1,1785525170
2026-07-31T19:13:45Z,1125,14,4,9,0,0,1,1,1,1785524019
2026-07-31T19:13:45Z,1126,8,0,13,0,0,1,1,1,1785524957
2026-07-31T19:13:45Z,1127,4,2,14,1,0,1,1,1,1785525037
2026-07-31T19:13:45Z,1128,1,0,14,0,0,1,1,1,1785525031
2026-07-31T19:13:45Z,1129,2,0,18,1,0,1,1,1,1785525179
2026-07-31T19:13:45Z,1130,1,0,13,1,0,1,1,1,1785525116
2026-07-31T19:13:45Z,1131,10,4,38,1,0,1,1,1,1785524985
2026-07-31T19:13:45Z,1132,9,3,10,2,0,1,1,1,1785525207
2026-07-31T19:13:45Z,1133,3,3,16,2,0,1,1,1,1785524967
2026-07-31T19:13:45Z,1134,11,5,8,0,0,1,1,1,1785524162
2026-07-31T19:13:45Z,1135,12,6,9,0,0,1,1,1,1785525093
2026-07-31T19:13:45Z,1136,7,1,16,0,0,1,1,1,1785525056
2026-07-31T19:13:45Z,1137,14,1,1,0,0,1,1,1,1785524398
2026-07-31T19:13:45Z,1138,3,0,16,0,0,1,1,1,1785524967
2026-07-31T19:13:45Z,1139,14,3,5,2,0,1,1,1,1785524159
2026-07-31T19:13:45Z,1140,3,2,19,1,0,1,1,1,1785525221
2026-07-31T19:13:45Z,1141,17,7,4,0,0,1,1,1,1785524882
2026-07-31T19:13:45Z,1142,0,0,21,0,0,1,1,1,1785524292
2026-07-31T19:13:45Z,1143,3,0,26,0,0,1,1,1,1785525114
2026-07-31T19:13:45Z,1144,7,0,13,1,0,1,1,1,1785524692
2026-07-31T19:13:45Z,1145,11,5,9,1,0,1,1,1,1785524057
2026-07-31T19:13:45Z,1146,1,0,16,2,0,1,1,1,1785525151
2026-07-31T19:13:45Z,1147,19,2,0,0,0,1,1,1,1785524500
2026-07-31T19:13:45Z,1148,0,0,31,0,0,1,1,1,1785525106
2026-07-31T19:13:45Z,1149,9,7,12,4,0,1,1,1,1785525184
2026-07-31T19:13:45Z,1150,3,0,16,0,0,1,1,1,1785525204
2026-07-31T19:13:45Z,1151,9,0,12,0,0,1,1,1,1785524308
2026-07-31T19:13:45Z,1152,0,0,29,0,0,1,1,1,1785524823
2026-07-31T19:13:45Z,1153,22,3,0,1,0,1,1,1,1785524371
2026-07-31T19:13:45Z,1154,5,0,14,0,0,1,1,1,1785525199
2026-07-31T19:13:45Z,1155,4,1,15,2,0,1,1,1,1785525016
2026-07-31T19:13:45Z,1158,3,1,16,0,0,1,1,1,1785523538
2026-07-31T19:13:45Z,1159,13,1,6,0,0,1,1,1,1785523898
2026-07-31T19:13:45Z,1160,9,1,10,0,0,1,1,1,1785525203
2026-07-31T19:13:45Z,1161,4,0,14,1,0,1,1,1,1785524033
2026-07-31T19:13:45Z,1162,1,1,18,0,0,1,1,1,1785524693
2026-07-31T19:13:45Z,1163,2,1,16,1,0,1,1,1,1785523658
2026-07-31T19:13:45Z,1164,6,1,13,0,0,1,1,1,1785523715
2026-07-31T19:13:45Z,1165,2,0,19,0,0,1,1,1,1785524457
2026-07-31T19:13:45Z,1166,13,3,8,0,0,1,1,1,1785523991
2026-07-31T19:13:45Z,1167,4,0,11,0,0,1,1,1,1785525203
2026-07-31T19:13:45Z,1168,1,0,21,1,0,1,1,1,1785523942
2026-07-31T19:13:45Z,1169,3,0,15,1,0,1,1,1,1785523561
2026-07-31T19:13:45Z,1170,7,1,14,0,0,1,1,1,1785523952
2026-07-31T19:13:45Z,1171,8,7,15,0,0,1,1,1,1785523646
2026-07-31T19:13:45Z,1172,1,0,12,2,0,1,1,1,1785524474
2026-07-31T19:13:45Z,1173,13,4,6,0,0,1,1,1,1785523816
2026-07-31T19:13:45Z,1174,6,3,9,0,0,1,1,1,1785523466
2026-07-31T19:13:45Z,1175,2,1,17,0,0,1,1,1,1785521049
2026-07-31T19:13:45Z,1176,21,2,0,0,0,1,1,1,1785524856
2026-07-31T19:13:45Z,1177,3,1,18,0,0,1,1,1,1785524784
2026-07-31T19:13:45Z,1178,3,1,12,0,0,1,1,1,1785525212
2026-07-31T19:13:45Z,1181,2,0,13,0,0,1,1,1,1785524241
2026-07-31T19:13:45Z,1182,15,1,3,2,0,1,1,1,1785525175
2026-07-31T19:13:45Z,1183,28,2,15,2,0,1,1,1,1785524695
2026-07-31T19:13:45Z,1184,7,2,12,2,0,1,1,1,1785525062
2026-07-31T19:13:45Z,1185,9,5,12,0,0,1,1,1,1785524920
2026-07-31T19:13:45Z,1186,10,5,9,0,0,1,1,1,1785524088
2026-07-31T19:13:45Z,1187,10,5,10,1,0,1,1,1,1785524346
2026-07-31T19:13:45Z,1188,10,5,5,0,0,1,1,1,1785523728
2026-07-31T19:13:45Z,1189,9,4,10,0,0,1,1,1,1785523851
2026-07-31T19:13:45Z,1190,9,4,12,0,0,1,1,1,1785525079
2026-07-31T19:13:45Z,1191,11,6,4,0,0,1,1,1,1785523732
2026-07-31T19:13:45Z,1192,10,6,10,1,0,1,1,1,1785523624
2026-07-31T19:13:45Z,1193,6,4,5,2,0,1,1,1,1785524508
2026-07-31T19:13:45Z,1197,9,6,7,1,0,1,1,1,1785525102
2026-07-31T19:13:45Z,1198,13,4,6,2,0,1,1,1,1785524151
2026-07-31T19:13:45Z,1199,3,0,16,0,0,1,1,1,1785524146
2026-07-31T19:13:45Z,1200,9,5,6,0,0,1,1,1,1785523769
2026-07-31T19:13:45Z,1201,10,5,5,0,0,1,1,1,1785523744
2026-07-31T19:13:45Z,1202,10,5,5,0,0,1,1,1,1785523846
2026-07-31T19:13:45Z,1203,11,5,4,0,0,1,1,1,1785523748
2026-07-31T19:13:45Z,1204,7,4,12,0,0,1,1,1,1785523517
2026-07-31T19:13:45Z,1206,11,5,10,0,0,1,1,1,1785524569
2026-07-31T19:13:45Z,1207,8,4,6,1,0,1,1,1,1785524062
2026-07-31T19:13:45Z,1208,10,4,9,0,0,1,1,1,1785523997
2026-07-31T19:13:45Z,1216,9,0,11,1,0,1,1,1,1785524788
2026-07-31T19:13:45Z,1218,3,0,18,0,0,1,1,1,1785525185
2026-07-31T19:13:45Z,1219,5,1,7,3,0,1,1,1,1785523700
2026-07-31T19:13:45Z,1220,15,6,4,0,0,1,1,1,1785524818
2026-07-31T19:13:45Z,1221,1,1,19,1,0,1,1,1,1785524532
2026-07-31T19:13:45Z,1222,16,0,13,0,0,1,1,1,1785524849
2026-07-31T19:13:45Z,1223,20,0,8,1,0,1,1,1,1785524595
2026-07-31T19:13:45Z,1226,0,0,3,0,0,0,1,1,1781868931
2026-07-31T19:13:45Z,1227,1,0,24,0,0,1,1,1,1785525211
2026-07-31T19:13:45Z,1228,4,4,25,0,0,1,1,1,1785524503
2026-07-31T19:13:45Z,1229,43,2,1,1,0,1,1,1,1785525183
2026-07-31T19:18:45Z,1,13,0,10,0,0,1,1,1,1785525334
2026-07-31T19:18:45Z,2,2,0,22,3,0,1,1,1,1785525189
2026-07-31T19:18:45Z,3,9,0,4,1,0,1,1,1,1785524855
2026-07-31T19:18:45Z,4,20,5,1,1,0,1,1,1,1785524258
2026-07-31T19:18:45Z,5,18,4,4,1,0,1,1,1,1785524501
2026-07-31T19:18:45Z,6,3,0,12,0,0,1,1,1,1785524037
2026-07-31T19:18:45Z,7,4,0,35,0,0,1,1,1,1785523827
2026-07-31T19:18:45Z,8,10,1,33,0,0,1,1,1,1785524263
2026-07-31T19:18:45Z,9,19,2,3,1,0,1,1,1,1785525158
2026-07-31T19:18:45Z,10,2,1,19,2,0,1,1,1,1785524334
2026-07-31T19:18:45Z,11,10,3,7,2,0,1,1,1,1785525482
2026-07-31T19:18:45Z,12,23,2,0,0,0,1,1,1,1785525508
2026-07-31T19:18:45Z,13,4,0,26,0,0,1,1,1,1785525200
2026-07-31T19:18:45Z,14,34,0,8,0,1,1,1,1,1785524744
2026-07-31T19:18:45Z,15,7,0,8,0,0,1,1,1,1785525030
2026-07-31T19:18:45Z,16,5,1,19,2,1,1,1,1,1785523693
2026-07-31T19:18:45Z,17,7,2,19,1,0,1,1,1,1785525434
2026-07-31T19:18:45Z,18,8,2,8,2,0,1,1,1,1785525393
2026-07-31T19:18:45Z,19,24,2,2,1,0,1,1,1,1785525327
2026-07-31T19:18:45Z,20,3,0,32,0,0,1,1,1,1785524595
2026-07-31T19:18:45Z,21,11,0,6,2,0,1,1,1,1785525512
2026-07-31T19:18:45Z,22,33,2,31,1,0,1,1,1,1785525509
2026-07-31T19:18:45Z,23,16,9,15,0,0,1,1,1,1785525494
2026-07-31T19:18:45Z,24,9,2,0,2,0,1,1,1,1785525519
2026-07-31T19:18:45Z,25,76,10,3,2,0,1,1,1,1785525468
2026-07-31T19:18:45Z,26,26,1,1,0,0,1,1,1,1785525208
2026-07-31T19:18:45Z,28,4,0,11,0,0,1,1,1,1785525360
2026-07-31T19:18:45Z,30,12,1,15,2,0,1,1,1,1785524991
2026-07-31T19:18:45Z,31,7,2,11,1,0,1,1,1,1785525303
2026-07-31T19:18:45Z,32,18,6,9,0,0,1,1,1,1785525419
2026-07-31T19:18:45Z,34,13,0,24,0,0,1,1,1,1785525403
2026-07-31T19:18:45Z,35,32,0,14,1,0,1,1,1,1785525499
2026-07-31T19:18:45Z,36,0,0,0,0,0,0,1,1,86400
2026-07-31T19:18:45Z,37,10,2,13,0,0,1,1,1,1785525446
2026-07-31T19:18:45Z,38,14,6,9,0,0,1,1,1,1785525402
2026-07-31T19:18:45Z,39,8,1,31,0,0,1,1,1,1785525497
2026-07-31T19:18:45Z,40,14,0,7,0,0,1,1,1,1785525361
2026-07-31T19:18:45Z,41,37,3,6,0,0,1,1,1,1785525432
2026-07-31T19:18:45Z,42,2,0,29,0,0,1,1,1,1785525520
2026-07-31T19:18:45Z,43,17,4,6,0,0,1,1,1,1785525485
2026-07-31T19:18:45Z,45,21,5,8,0,0,1,1,1,1785524405
2026-07-31T19:18:45Z,46,3,2,27,1,0,1,1,1,1785525514
2026-07-31T19:18:45Z,47,2,1,12,1,0,1,1,1,1785525321
2026-07-31T19:18:45Z,48,13,1,13,1,0,1,1,1,1785525181
2026-07-31T19:18:45Z,49,3,0,16,4,0,1,1,1,1785525522
2026-07-31T19:18:45Z,50,11,7,8,0,0,1,1,1,1785525489
2026-07-31T19:18:45Z,51,50,1,27,0,0,1,1,1,1785524752
2026-07-31T19:18:45Z,52,23,2,1,3,0,1,1,1,1785525514
2026-07-31T19:18:45Z,55,10,8,13,0,0,1,1,1,1785525488
2026-07-31T19:18:45Z,56,24,0,19,0,0,1,1,1,1785525507
2026-07-31T19:18:45Z,57,14,6,13,0,0,1,1,1,1785525517
2026-07-31T19:18:45Z,58,9,3,19,0,0,1,1,1,1785525505
2026-07-31T19:18:45Z,59,7,1,18,2,0,1,1,1,1785525297
2026-07-31T19:18:45Z,61,3,0,36,0,0,1,1,1,1785525321
2026-07-31T19:18:45Z,62,17,7,31,1,0,1,1,1,1785525495
2026-07-31T19:18:45Z,63,14,2,5,0,0,1,1,1,1785524735
2026-07-31T19:18:45Z,64,13,2,2,4,0,1,1,1,1785525219
2026-07-31T19:18:45Z,65,11,2,7,1,0,1,1,1,1785524716
2026-07-31T19:18:45Z,67,24,1,14,1,0,1,1,1,1785525350
2026-07-31T19:18:45Z,68,23,2,14,0,0,1,1,1,1785525459
2026-07-31T19:18:45Z,69,8,0,7,0,0,1,1,1,1785525036
2026-07-31T19:18:45Z,71,15,3,10,2,0,1,1,1,1785525396
2026-07-31T19:18:45Z,72,24,2,3,3,1,1,1,1,1785524962
2026-07-31T19:18:45Z,73,15,1,16,0,0,1,1,1,1785525412
2026-07-31T19:18:45Z,74,1,1,18,0,0,1,1,1,1785525067
2026-07-31T19:18:45Z,75,19,0,12,1,0,1,1,1,1785525519
2026-07-31T19:18:45Z,76,9,0,8,2,0,1,1,1,1785525512
2026-07-31T19:18:45Z,77,7,0,20,0,0,1,1,1,1785525035
2026-07-31T19:18:45Z,78,5,5,17,1,0,1,1,1,1785524867
2026-07-31T19:18:45Z,79,8,1,8,1,0,1,1,1,1785524848
2026-07-31T19:18:45Z,80,11,0,9,3,0,1,1,1,1785525482
2026-07-31T19:18:45Z,81,7,0,24,0,0,1,1,1,1785525481
2026-07-31T19:18:45Z,82,17,5,5,1,0,1,1,1,1785525457
2026-07-31T19:18:45Z,83,7,4,25,2,0,1,1,1,1785525511
2026-07-31T19:18:45Z,84,4,1,23,0,0,1,1,1,1785524979
2026-07-31T19:18:45Z,85,10,2,5,0,0,1,1,1,1785525213
2026-07-31T19:18:45Z,86,6,0,21,0,0,1,1,1,1785524785
2026-07-31T19:18:45Z,87,6,0,13,0,0,1,1,1,1785524151
2026-07-31T19:18:45Z,88,10,0,32,1,0,1,1,1,1785525498
2026-07-31T19:18:45Z,89,33,5,2,0,0,1,1,1,1785525199
2026-07-31T19:18:45Z,90,0,0,17,1,0,1,1,1,1785525477
2026-07-31T19:18:45Z,91,2,0,14,1,0,1,1,1,1785525260
2026-07-31T19:18:45Z,92,3,0,13,3,0,1,1,1,1785525484
2026-07-31T19:18:45Z,93,5,0,18,0,0,1,1,1,1785525453
2026-07-31T19:18:45Z,94,13,0,5,1,0,1,1,1,1785524759
2026-07-31T19:18:45Z,95,11,0,22,1,1,1,1,1,1785525518
2026-07-31T19:18:45Z,96,17,3,13,1,0,1,1,1,1785525472
2026-07-31T19:18:45Z,97,1,0,15,1,0,1,1,1,1785525395
2026-07-31T19:18:45Z,98,33,3,2,0,0,1,1,1,1785525309
2026-07-31T19:18:45Z,99,13,0,2,0,0,1,1,1,1785524226
2026-07-31T19:18:45Z,100,0,0,27,0,0,1,1,1,1785524797
2026-07-31T19:18:45Z,101,11,0,3,1,0,1,1,1,1785525467
2026-07-31T19:18:45Z,102,1,0,22,0,0,1,1,1,1785525257
2026-07-31T19:18:45Z,103,16,1,12,2,0,1,1,1,1785525518
2026-07-31T19:18:45Z,104,8,0,17,2,0,1,1,1,1785525521
2026-07-31T19:18:45Z,105,17,0,2,0,0,1,1,1,1785524781
2026-07-31T19:18:45Z,106,4,0,17,0,0,1,1,1,1785525308
2026-07-31T19:18:45Z,107,18,2,19,0,0,1,1,1,1785525336
2026-07-31T19:18:45Z,108,2,0,31,2,0,1,1,1,1785525437
2026-07-31T19:18:45Z,109,15,1,8,0,0,1,1,1,1785525516
2026-07-31T19:18:45Z,110,9,0,14,0,0,1,1,1,1785525458
2026-07-31T19:18:45Z,111,10,2,24,2,0,1,1,1,1785525489
2026-07-31T19:18:45Z,112,2,0,12,1,0,1,1,1,1785524829
2026-07-31T19:18:45Z,113,8,0,10,1,0,1,1,1,1785525398
2026-07-31T19:18:45Z,114,20,6,10,1,0,1,1,1,1785525222
2026-07-31T19:18:45Z,115,13,5,13,2,0,1,1,1,1785525466
2026-07-31T19:18:45Z,116,23,14,3,1,0,1,1,1,1785525481
2026-07-31T19:18:45Z,118,11,1,10,2,0,1,1,1,1785525396
2026-07-31T19:18:45Z,119,0,0,36,2,0,1,1,1,1785525270
2026-07-31T19:18:45Z,120,1,0,24,2,0,1,1,1,1785525205
2026-07-31T19:18:45Z,121,2,1,16,0,1,1,1,1,1785525515
2026-07-31T19:18:45Z,122,7,0,13,1,0,1,1,1,1785525441
2026-07-31T19:18:45Z,123,41,3,6,0,0,1,1,1,1785525414
2026-07-31T19:18:45Z,124,3,2,32,0,0,1,1,1,1785525168
2026-07-31T19:18:45Z,125,9,0,13,1,0,1,1,1,1785525512
2026-07-31T19:18:45Z,126,17,0,14,0,0,1,1,1,1785525006
2026-07-31T19:18:45Z,127,17,2,17,1,0,1,1,1,1785525515
2026-07-31T19:18:45Z,128,4,0,15,0,0,1,1,1,1785524587
2026-07-31T19:18:45Z,129,3,0,14,2,0,1,1,1,1785525165
2026-07-31T19:18:45Z,130,1,0,16,0,0,1,1,1,1785525462
2026-07-31T19:18:45Z,131,5,5,6,0,0,1,1,1,1785525343
2026-07-31T19:18:45Z,132,7,4,6,1,1,1,1,1,1785525424
2026-07-31T19:18:45Z,134,19,5,1,3,0,1,1,1,1785525502
2026-07-31T19:18:45Z,135,1,0,17,1,0,1,1,1,1785525451
2026-07-31T19:18:45Z,136,2,0,14,1,6,1,1,1,1785525359
2026-07-31T19:18:45Z,137,5,1,11,3,0,1,1,1,1785525487
2026-07-31T19:18:45Z,138,11,0,26,0,0,1,1,1,1785525281
2026-07-31T19:18:45Z,139,7,0,12,0,0,1,1,1,1785525373
2026-07-31T19:18:45Z,140,2,1,20,1,0,1,1,1,1785525520
2026-07-31T19:18:45Z,141,7,0,29,0,0,1,1,1,1785525302
2026-07-31T19:18:45Z,142,0,0,23,0,0,1,1,1,1785524321
2026-07-31T19:18:45Z,143,13,0,18,0,0,1,1,1,1785525412
2026-07-31T19:18:45Z,144,1,0,26,0,0,1,1,1,1785525233
2026-07-31T19:18:45Z,146,18,2,4,1,0,1,1,1,1785525056
2026-07-31T19:18:45Z,147,2,1,15,2,0,1,1,1,1785525494
2026-07-31T19:18:45Z,148,3,1,20,4,0,1,1,1,1785525490
2026-07-31T19:18:45Z,149,0,0,27,0,0,1,1,1,1785525247
2026-07-31T19:18:45Z,150,9,0,23,3,0,1,1,1,1785525483
2026-07-31T19:18:45Z,151,0,0,23,0,0,1,1,1,1785525438
2026-07-31T19:18:45Z,152,0,0,23,3,0,1,1,1,1785525420
2026-07-31T19:18:45Z,153,0,0,25,3,0,1,1,1,1785525469
2026-07-31T19:18:45Z,154,6,0,14,3,0,1,1,1,1785525502
2026-07-31T19:18:45Z,155,2,0,11,1,0,1,1,1,1785525371
2026-07-31T19:18:45Z,156,1,0,18,0,0,1,1,1,1785525420
2026-07-31T19:18:45Z,157,9,0,16,2,0,1,1,1,1785525521
2026-07-31T19:18:45Z,158,0,0,15,1,0,1,1,1,1785524860
2026-07-31T19:18:45Z,159,5,3,13,1,0,1,1,1,1785524972
2026-07-31T19:18:45Z,160,3,0,16,0,0,1,1,1,1785525132
2026-07-31T19:18:45Z,161,0,0,21,1,0,1,1,1,1785525508
2026-07-31T19:18:45Z,162,13,3,12,2,0,1,1,1,1785525414
2026-07-31T19:18:45Z,163,5,4,25,0,1,1,1,1,1785525517
2026-07-31T19:18:45Z,164,10,0,17,0,0,1,1,1,1785525277
2026-07-31T19:18:45Z,165,27,5,4,0,0,1,1,1,1785525476
2026-07-31T19:18:45Z,166,8,2,27,4,0,1,1,1,1785525521
2026-07-31T19:18:45Z,167,6,3,16,1,0,1,1,1,1785525513
2026-07-31T19:18:45Z,168,20,8,6,1,0,1,1,1,1785525505
2026-07-31T19:18:45Z,169,18,0,4,0,1,1,1,1,1785525374
2026-07-31T19:18:45Z,170,4,1,14,1,0,1,1,1,1785525473
2026-07-31T19:18:45Z,171,9,0,2,2,0,1,1,1,1785525418
2026-07-31T19:18:45Z,173,21,3,18,0,0,1,1,1,1785525476
2026-07-31T19:18:45Z,174,3,1,23,0,0,1,1,1,1785525509
2026-07-31T19:18:45Z,175,24,1,6,1,0,1,1,1,1785525441
2026-07-31T19:18:45Z,176,8,3,4,2,1,1,1,1,1785525509
2026-07-31T19:18:45Z,177,7,2,20,0,0,1,1,1,1785525477
2026-07-31T19:18:45Z,178,7,0,5,2,1,1,1,1,1785525513
2026-07-31T19:18:45Z,179,3,2,11,1,0,1,1,1,1785525420
2026-07-31T19:18:45Z,180,5,0,25,0,0,1,1,1,1785525245
2026-07-31T19:18:45Z,181,2,0,13,0,0,1,1,1,1785525234
2026-07-31T19:18:45Z,182,5,1,12,0,0,1,1,1,1785525513
2026-07-31T19:18:45Z,183,11,8,11,1,0,1,1,1,1785525279
2026-07-31T19:18:45Z,184,19,0,3,1,0,1,1,1,1785525251
2026-07-31T19:18:45Z,185,8,4,5,1,1,1,1,1,1785525190
2026-07-31T19:18:45Z,186,0,0,19,0,0,1,1,1,1785524840
2026-07-31T19:18:45Z,187,12,1,15,1,0,1,1,1,1785525034
2026-07-31T19:18:45Z,188,4,3,15,7,1,1,1,1,1785525326
2026-07-31T19:18:45Z,189,3,3,12,0,0,1,1,1,1785525097
2026-07-31T19:18:45Z,190,18,2,5,0,0,1,1,1,1785525268
2026-07-31T19:18:45Z,191,21,7,17,1,0,1,1,1,1785525345
2026-07-31T19:18:45Z,192,2,1,26,3,0,1,1,1,1785525310
2026-07-31T19:18:45Z,193,4,3,9,2,0,1,1,1,1785525505
2026-07-31T19:18:45Z,194,11,11,16,0,0,1,1,1,1785524767
2026-07-31T19:18:45Z,195,2,2,17,0,0,1,1,1,1785525453
2026-07-31T19:18:45Z,196,9,6,17,1,0,1,1,1,1785525441
2026-07-31T19:18:45Z,197,0,0,18,0,1,1,1,1,1785524828
2026-07-31T19:18:45Z,198,13,12,9,1,0,1,1,1,1785525262
2026-07-31T19:18:45Z,199,0,0,14,1,0,1,1,1,1785525356
2026-07-31T19:18:45Z,200,22,16,3,1,0,1,1,1,1785525512
2026-07-31T19:18:45Z,201,7,0,14,2,0,1,1,1,1785525204
2026-07-31T19:18:45Z,202,18,0,9,0,0,1,1,1,1785525435
2026-07-31T19:18:45Z,203,15,0,15,1,0,1,1,1,1785525393
2026-07-31T19:18:45Z,204,25,1,9,1,0,1,1,1,1785525246
2026-07-31T19:18:45Z,205,15,1,12,0,0,1,1,1,1785524424
2026-07-31T19:18:45Z,206,1,0,14,0,0,1,1,1,1785525224
2026-07-31T19:18:45Z,207,17,1,4,0,0,1,1,1,1785525189
2026-07-31T19:18:45Z,208,4,2,24,1,0,1,1,1,1785525434
2026-07-31T19:18:45Z,209,27,6,3,1,0,1,1,1,1785525518
2026-07-31T19:18:45Z,210,1,0,26,0,0,1,1,1,1785525515
2026-07-31T19:18:45Z,211,7,1,15,1,0,1,1,1,1785525498
2026-07-31T19:18:45Z,212,17,2,17,1,0,1,1,1,1785525315
2026-07-31T19:18:45Z,213,11,1,11,1,0,1,1,1,1785525472
2026-07-31T19:18:45Z,214,30,11,15,2,0,1,1,1,1785525492
2026-07-31T19:18:45Z,215,1,0,21,1,0,1,1,1,1785525456
2026-07-31T19:18:45Z,216,2,0,16,1,0,1,1,1,1785525418
2026-07-31T19:18:45Z,217,18,1,10,1,0,1,1,1,1785525303
2026-07-31T19:18:45Z,218,15,12,20,4,0,1,1,1,1785525518
2026-07-31T19:18:45Z,219,19,0,6,1,0,1,1,1,1785525461
2026-07-31T19:18:45Z,220,1,1,40,1,1,1,1,1,1785525351
2026-07-31T19:18:45Z,221,5,0,9,1,0,1,1,1,1785525307
2026-07-31T19:18:45Z,222,1,1,18,0,0,1,1,1,1785525374
2026-07-31T19:18:45Z,223,20,2,12,3,0,1,1,1,1785525252
2026-07-31T19:18:45Z,224,5,0,16,1,0,1,1,1,1785525417
2026-07-31T19:18:45Z,225,4,2,13,2,0,1,1,1,1785525469
2026-07-31T19:18:45Z,226,1,0,29,1,0,1,1,1,1785525479
2026-07-31T19:18:45Z,227,2,1,25,0,0,1,1,1,1785524918
2026-07-31T19:18:45Z,228,10,7,9,0,0,1,1,1,1785525314
2026-07-31T19:18:45Z,230,2,1,24,0,0,1,1,1,1785525331
2026-07-31T19:18:45Z,232,1,1,15,1,0,1,1,1,1785523402
2026-07-31T19:18:45Z,233,10,3,19,2,0,1,1,1,1785525506
2026-07-31T19:18:45Z,234,3,2,11,3,2,1,1,1,1785524344
2026-07-31T19:18:45Z,236,3,0,16,0,0,1,1,1,1785524678
2026-07-31T19:18:45Z,237,14,0,8,1,0,1,1,1,1785525452
2026-07-31T19:18:45Z,239,21,9,5,1,0,1,1,1,1785525513
2026-07-31T19:18:45Z,241,3,1,19,1,0,1,1,1,1785524782
2026-07-31T19:18:45Z,242,4,2,18,1,0,1,1,1,1785525237
2026-07-31T19:18:45Z,243,20,11,8,3,0,1,1,1,1785525434
2026-07-31T19:18:45Z,244,15,5,10,2,0,1,1,1,1785525000
2026-07-31T19:18:45Z,245,5,2,18,0,0,1,1,1,1785525512
2026-07-31T19:18:45Z,246,14,4,7,2,0,1,1,1,1785525460
2026-07-31T19:18:45Z,247,3,2,18,2,0,1,1,1,1785524867
2026-07-31T19:18:45Z,248,15,3,6,2,0,1,1,1,1785525520
2026-07-31T19:18:45Z,249,16,11,2,1,0,1,1,1,1785525422
2026-07-31T19:18:45Z,250,14,7,12,1,0,1,1,1,1785525441
2026-07-31T19:18:45Z,251,17,10,7,3,0,1,1,1,1785525474
2026-07-31T19:18:45Z,253,6,0,13,0,0,1,1,1,1785525471
2026-07-31T19:18:45Z,254,4,0,38,1,0,1,1,1,1785525417
2026-07-31T19:18:45Z,255,14,1,8,0,1,1,1,1,1785525362
2026-07-31T19:18:45Z,256,1,0,20,2,0,1,1,1,1785525311
2026-07-31T19:18:45Z,257,2,0,17,0,0,1,1,1,1785525033
2026-07-31T19:18:45Z,258,10,6,9,0,0,1,1,1,1785525229
2026-07-31T19:18:45Z,259,13,0,9,0,1,1,1,1,1785525081
2026-07-31T19:18:45Z,260,1,1,15,3,0,1,1,1,1785525145
2026-07-31T19:18:45Z,261,1,0,15,2,1,1,1,1,1785525499
2026-07-31T19:18:45Z,262,2,1,20,1,0,1,1,1,1785525374
2026-07-31T19:18:45Z,263,0,0,15,0,0,1,1,1,1785525389
2026-07-31T19:18:45Z,264,2,2,16,1,0,1,1,1,1785525401
2026-07-31T19:18:45Z,265,3,0,12,0,0,1,1,1,1785525512
2026-07-31T19:18:45Z,266,1,0,16,2,0,1,1,1,1785525309
2026-07-31T19:18:45Z,267,7,3,7,1,0,1,1,1,1785523295
2026-07-31T19:18:45Z,268,16,7,7,0,0,1,1,1,1785524583
2026-07-31T19:18:45Z,269,2,2,21,0,0,1,1,1,1785523808
2026-07-31T19:18:45Z,270,4,1,22,1,0,1,1,1,1785525260
2026-07-31T19:18:45Z,271,1,0,16,2,0,1,1,1,1785525042
2026-07-31T19:18:45Z,272,6,2,16,1,0,1,1,1,1785525496
2026-07-31T19:18:45Z,273,5,2,10,0,0,1,1,1,1785524752
2026-07-31T19:18:45Z,274,2,1,13,4,0,1,1,1,1785525502
2026-07-31T19:18:45Z,275,8,0,15,0,0,1,1,1,1785525515
2026-07-31T19:18:45Z,276,0,0,26,1,0,1,1,1,1785522296
2026-07-31T19:18:45Z,277,19,10,0,4,0,1,1,1,1785523293
2026-07-31T19:18:45Z,278,17,6,11,3,0,1,1,1,1785525031
2026-07-31T19:18:45Z,279,18,2,1,0,0,1,1,1,1785525478
2026-07-31T19:18:45Z,280,3,1,24,4,0,1,1,1,1785525408
2026-07-31T19:18:45Z,281,1,0,18,0,0,1,1,1,1785525478
2026-07-31T19:18:45Z,282,7,2,11,0,0,1,1,1,1785525180
2026-07-31T19:18:45Z,283,18,1,16,1,0,1,1,1,1785524685
2026-07-31T19:18:45Z,284,1,1,32,3,0,1,1,1,1785525470
2026-07-31T19:18:45Z,285,0,0,23,0,0,1,1,1,1785523412
2026-07-31T19:18:45Z,286,2,1,21,0,0,1,1,1,1785525337
2026-07-31T19:18:45Z,287,13,2,8,2,0,1,1,1,1785522522
2026-07-31T19:18:45Z,288,1,1,17,1,0,1,1,1,1785525226
2026-07-31T19:18:45Z,289,4,2,21,2,0,1,1,1,1785525456
2026-07-31T19:18:45Z,290,9,0,29,1,0,1,1,1,1785525468
2026-07-31T19:18:45Z,291,12,0,10,1,0,1,1,1,1785525141
2026-07-31T19:18:45Z,292,18,1,5,0,0,1,1,1,1785524357
2026-07-31T19:18:45Z,293,4,3,17,2,0,1,1,1,1785525288
2026-07-31T19:18:45Z,294,6,6,15,1,0,1,1,1,1785525432
2026-07-31T19:18:45Z,297,9,0,9,0,1,1,1,1,1785525488
2026-07-31T19:18:45Z,301,17,1,2,0,0,1,1,1,1785525519
2026-07-31T19:18:45Z,302,7,0,15,1,0,1,1,1,1785525432
2026-07-31T19:18:45Z,303,2,0,17,0,0,1,1,1,1785524398
2026-07-31T19:18:45Z,304,0,0,0,0,0,0,1,1,86400
2026-07-31T19:18:45Z,305,5,0,13,1,0,1,1,1,1785525517
2026-07-31T19:18:45Z,306,3,2,28,1,0,1,1,1,1785525290
2026-07-31T19:18:45Z,307,2,1,19,1,1,1,1,1,1785525451
2026-07-31T19:18:45Z,308,15,1,2,2,0,1,1,1,1785525318
2026-07-31T19:18:45Z,309,5,3,9,0,0,1,1,1,1785525159
2026-07-31T19:18:45Z,311,6,0,9,0,0,1,1,1,1785524988
2026-07-31T19:18:45Z,312,10,8,10,3,0,1,1,1,1785525490
2026-07-31T19:18:45Z,313,6,1,9,0,0,1,1,1,1785525308
2026-07-31T19:18:45Z,314,19,11,0,0,0,1,1,1,1785524090
2026-07-31T19:18:45Z,315,14,5,15,2,0,1,1,1,1785525409
2026-07-31T19:18:45Z,316,2,0,23,5,1,1,1,1,1785525513
2026-07-31T19:18:45Z,317,10,7,20,0,1,1,1,1,1785525482
2026-07-31T19:18:45Z,318,18,0,1,0,0,1,1,1,1785518312
2026-07-31T19:18:45Z,319,16,0,5,2,0,1,1,1,1785524943
2026-07-31T19:18:45Z,320,12,2,6,1,0,1,1,1,1785525114
2026-07-31T19:18:45Z,321,3,0,12,4,0,1,1,1,1785525274
2026-07-31T19:18:45Z,322,13,0,16,0,0,1,1,1,1785523840
2026-07-31T19:18:45Z,323,4,0,15,0,0,1,1,1,1785525245
2026-07-31T19:18:45Z,324,16,1,10,1,0,1,1,1,1785525517
2026-07-31T19:18:45Z,325,1,0,24,2,0,1,1,1,1785525020
2026-07-31T19:18:45Z,327,3,0,23,1,0,1,1,1,1785525433
2026-07-31T19:18:45Z,328,5,0,16,1,0,1,1,1,1785525450
2026-07-31T19:18:45Z,329,1,0,15,3,0,1,1,1,1785521276
2026-07-31T19:18:45Z,330,17,1,5,0,0,1,1,1,1785525470
2026-07-31T19:18:45Z,331,12,0,9,2,0,1,1,1,1785525511
2026-07-31T19:18:45Z,332,2,0,15,2,0,1,1,1,1785525190
2026-07-31T19:18:45Z,333,3,3,19,1,0,1,1,1,1785525093
2026-07-31T19:18:45Z,334,5,2,18,0,0,1,1,1,1785525464
2026-07-31T19:18:45Z,335,0,0,22,0,1,1,1,1,1785525443
2026-07-31T19:18:45Z,336,1,1,18,0,0,1,1,1,1785524934
2026-07-31T19:18:45Z,337,10,3,9,4,0,1,1,1,1785525417
2026-07-31T19:18:45Z,338,4,3,15,0,0,1,1,1,1785524039
2026-07-31T19:18:45Z,339,13,10,5,5,0,1,1,1,1785525345
2026-07-31T19:18:45Z,340,1,1,13,1,0,1,1,1,1785524884
2026-07-31T19:18:45Z,341,2,2,17,0,0,1,1,1,1785524824
2026-07-31T19:18:45Z,342,0,0,15,0,0,1,1,1,1785525424
2026-07-31T19:18:45Z,343,18,4,4,1,0,1,1,1,1785524806
2026-07-31T19:18:45Z,344,4,3,19,0,0,1,1,1,1785524550
2026-07-31T19:18:45Z,345,7,0,12,0,0,1,1,1,1785524180
2026-07-31T19:18:45Z,346,4,3,19,0,0,1,1,1,1785525123
2026-07-31T19:18:45Z,347,42,6,1,1,0,1,1,1,1785525501
2026-07-31T19:18:45Z,348,13,0,9,0,1,1,1,1,1785525282
2026-07-31T19:18:45Z,349,14,2,5,0,0,1,1,1,1785525517
2026-07-31T19:18:45Z,350,0,0,25,1,1,1,1,1,1785523926
2026-07-31T19:18:45Z,351,3,0,18,2,0,1,1,1,1785525274
2026-07-31T19:18:45Z,355,3,0,20,0,0,1,1,1,1785525096
2026-07-31T19:18:45Z,356,6,1,13,0,0,1,1,1,1785525486
2026-07-31T19:18:45Z,357,6,3,13,0,0,1,1,1,1785525348
2026-07-31T19:18:45Z,358,16,4,10,1,0,1,1,1,1785525216
2026-07-31T19:18:45Z,359,11,1,16,0,0,1,1,1,1785525424
2026-07-31T19:18:45Z,360,6,3,12,1,0,1,1,1,1785523627
2026-07-31T19:18:45Z,362,3,2,15,1,0,1,1,1,1785524936
2026-07-31T19:18:45Z,363,24,3,3,0,0,1,1,1,1785525301
2026-07-31T19:18:45Z,364,5,2,14,0,0,1,1,1,1785525277
2026-07-31T19:18:45Z,365,1,1,19,3,0,1,1,1,1785525367
2026-07-31T19:18:45Z,366,5,3,18,0,0,1,1,1,1785525355
2026-07-31T19:18:45Z,367,2,1,16,1,0,1,1,1,1785523214
2026-07-31T19:18:45Z,368,0,0,22,1,0,1,1,1,1785522825
2026-07-31T19:18:45Z,370,0,0,27,0,0,1,1,1,1785524031
2026-07-31T19:18:45Z,371,1,1,16,2,0,1,1,1,1785525369
2026-07-31T19:18:45Z,372,13,0,1,1,0,1,1,1,1785525467
2026-07-31T19:18:45Z,373,0,0,27,0,0,1,1,1,1785525348
2026-07-31T19:18:45Z,374,1,0,17,1,0,1,1,1,1785525490
2026-07-31T19:18:45Z,375,16,4,8,3,0,1,1,1,1785524893
2026-07-31T19:18:45Z,376,29,5,7,3,0,1,1,1,1785525362
2026-07-31T19:18:45Z,377,2,0,25,0,0,1,1,1,1785524887
2026-07-31T19:18:45Z,378,1,1,22,0,1,1,1,1,1785525438
2026-07-31T19:18:45Z,379,8,0,17,2,0,1,1,1,1785525139
2026-07-31T19:18:45Z,380,0,0,22,1,0,1,1,1,1785525164
2026-07-31T19:18:45Z,381,1,0,22,0,0,1,1,1,1785525472
2026-07-31T19:18:45Z,383,5,0,8,2,0,1,1,1,1785525518
2026-07-31T19:18:45Z,384,7,1,17,3,0,1,1,1,1785524228
2026-07-31T19:18:45Z,385,8,5,9,1,0,1,1,1,1785525437
2026-07-31T19:18:45Z,387,8,2,15,0,0,1,1,1,1785525388
2026-07-31T19:18:45Z,388,35,6,11,3,0,1,1,1,1785525352
2026-07-31T19:18:45Z,389,2,2,13,0,0,1,1,1,1785523736
2026-07-31T19:18:45Z,390,11,0,23,1,0,1,1,1,1785525309
2026-07-31T19:18:45Z,391,2,0,13,0,0,1,1,1,1785524887
2026-07-31T19:18:45Z,392,0,0,18,1,0,1,1,1,1785525211
2026-07-31T19:18:45Z,393,1,0,7,3,0,1,1,1,1785525437
2026-07-31T19:18:45Z,394,4,1,6,3,0,1,1,1,1785524922
2026-07-31T19:18:45Z,396,29,8,10,3,0,1,1,1,1785525449
2026-07-31T19:18:45Z,397,20,8,11,0,0,1,1,1,1785525109
2026-07-31T19:18:45Z,399,4,0,10,3,0,1,1,1,1785525509
2026-07-31T19:18:45Z,400,13,8,8,2,0,1,1,1,1785523824
2026-07-31T19:18:45Z,401,0,0,31,8,0,1,1,1,1785524736
2026-07-31T19:18:45Z,403,16,1,12,3,0,1,1,1,1785525445
2026-07-31T19:18:45Z,404,7,1,16,0,0,1,1,1,1785525418
2026-07-31T19:18:45Z,406,20,8,15,0,0,1,1,1,1785525491
2026-07-31T19:18:45Z,407,1,0,32,1,0,1,1,1,1785525212
2026-07-31T19:18:45Z,408,12,1,17,4,0,1,1,1,1785525445
2026-07-31T19:18:45Z,409,16,2,4,3,0,1,1,1,1785525164
2026-07-31T19:18:45Z,413,11,3,11,1,0,1,1,1,1785525283
2026-07-31T19:18:45Z,414,6,0,9,0,0,1,1,1,1785523966
2026-07-31T19:18:45Z,417,2,2,17,0,0,1,1,1,1785524644
2026-07-31T19:18:45Z,418,4,3,11,0,0,1,1,1,1785524848
2026-07-31T19:18:45Z,419,9,1,14,0,0,1,1,1,1785525360
2026-07-31T19:18:45Z,421,2,0,17,0,0,1,1,1,1785525391
2026-07-31T19:18:45Z,422,22,5,5,0,0,1,1,1,1785525069
2026-07-31T19:18:45Z,423,4,0,19,0,0,1,1,1,1785522200
2026-07-31T19:18:45Z,424,7,2,5,2,1,1,1,1,1785525262
2026-07-31T19:18:45Z,425,1,0,19,1,1,1,1,1,1785525216
2026-07-31T19:18:45Z,426,18,2,14,5,0,1,1,1,1785525413
2026-07-31T19:18:45Z,427,8,0,4,3,0,1,1,1,1785525271
2026-07-31T19:18:45Z,428,9,1,10,0,0,1,1,1,1785525519
2026-07-31T19:18:45Z,429,15,5,7,1,0,1,1,1,1785525519
2026-07-31T19:18:45Z,430,6,2,24,1,0,1,1,1,1785525485
2026-07-31T19:18:45Z,431,0,0,32,1,0,1,1,1,1785525446
2026-07-31T19:18:45Z,432,0,0,30,1,0,0,1,1,1785508564
2026-07-31T19:18:45Z,433,2,1,18,3,0,1,1,1,1785522776
2026-07-31T19:18:45Z,437,2,1,16,1,0,1,1,1,1785525484
2026-07-31T19:18:45Z,438,16,1,2,1,0,1,1,1,1785525467
2026-07-31T19:18:45Z,439,9,4,6,0,0,1,1,1,1785523946
2026-07-31T19:18:45Z,440,14,7,1,0,0,1,1,1,1785525440
2026-07-31T19:18:45Z,441,13,3,0,2,0,1,1,1,1785525390
2026-07-31T19:18:45Z,442,6,5,12,1,0,1,1,1,1785524663
2026-07-31T19:18:45Z,443,5,2,22,0,0,1,1,1,1785512432
2026-07-31T19:18:45Z,444,7,2,16,0,0,1,1,1,1785523711
2026-07-31T19:18:45Z,445,6,2,16,1,0,1,1,1,1785525383
2026-07-31T19:18:45Z,446,1,0,21,1,0,1,1,1,1785519783
2026-07-31T19:18:45Z,447,3,0,18,1,1,1,1,1,1785496389
2026-07-31T19:18:45Z,448,7,1,7,1,0,1,1,1,1785523571
2026-07-31T19:18:45Z,452,2,1,16,1,0,1,1,1,1785525170
2026-07-31T19:18:45Z,453,7,3,5,3,0,1,1,1,1785525281
2026-07-31T19:18:45Z,454,13,0,6,0,0,1,1,1,1785525495
2026-07-31T19:18:45Z,455,2,0,37,0,0,1,1,1,1785525435
2026-07-31T19:18:45Z,456,13,3,6,1,0,1,1,1,1785525504
2026-07-31T19:18:45Z,457,22,0,0,5,0,1,1,1,1785525283
2026-07-31T19:18:45Z,458,4,0,18,1,0,1,1,1,1785525370
2026-07-31T19:18:45Z,459,5,0,10,0,0,1,1,1,1785524540
2026-07-31T19:18:45Z,460,14,0,9,0,0,1,1,1,1785525497
2026-07-31T19:18:45Z,461,16,1,2,1,0,1,1,1,1785524763
2026-07-31T19:18:45Z,462,18,3,3,0,0,1,1,1,1785525170
2026-07-31T19:18:45Z,463,8,1,11,0,0,1,1,1,1785525312
2026-07-31T19:18:45Z,464,1,1,13,0,0,1,1,1,1785524794
2026-07-31T19:18:45Z,465,4,3,11,0,0,1,1,1,1785525436
2026-07-31T19:18:45Z,466,6,1,5,4,0,1,1,1,1785525433
2026-07-31T19:18:45Z,467,4,1,15,0,0,1,1,1,1785525363
2026-07-31T19:18:45Z,468,17,2,1,1,0,1,1,1,1785521389
2026-07-31T19:18:45Z,469,18,1,4,1,0,1,1,1,1785524907
2026-07-31T19:18:45Z,470,1,1,12,2,0,1,1,1,1785525393
2026-07-31T19:18:45Z,471,27,3,0,0,0,1,1,1,1785523482
2026-07-31T19:18:45Z,472,6,1,11,2,0,1,1,1,1785525499
2026-07-31T19:18:45Z,473,6,0,13,0,0,1,1,1,1785525379
2026-07-31T19:18:45Z,474,8,0,11,0,0,1,1,1,1785524938
2026-07-31T19:18:45Z,475,1,1,17,1,0,1,1,1,1785525040
2026-07-31T19:18:45Z,477,9,0,6,0,0,1,1,1,1785524871
2026-07-31T19:18:45Z,478,12,6,18,1,0,1,1,1,1785525521
2026-07-31T19:18:45Z,479,3,1,22,2,0,1,1,1,1785525397
2026-07-31T19:18:45Z,480,2,0,11,2,0,1,1,1,1785522964
2026-07-31T19:18:45Z,481,9,0,25,1,0,1,1,1,1785525220
2026-07-31T19:18:45Z,482,4,4,15,0,0,1,1,1,1785525509
2026-07-31T19:18:45Z,483,9,0,15,3,0,1,1,1,1785525436
2026-07-31T19:18:45Z,484,2,1,15,2,0,1,1,1,1785525248
2026-07-31T19:18:45Z,485,8,0,10,0,1,1,1,1,1785525486
2026-07-31T19:18:45Z,486,1,1,23,3,0,1,1,1,1785525393
2026-07-31T19:18:45Z,487,6,3,12,1,0,1,1,1,1785525340
2026-07-31T19:18:45Z,489,6,5,9,0,0,1,1,1,1785524778
2026-07-31T19:18:45Z,490,5,2,10,1,0,1,1,1,1785525278
2026-07-31T19:18:45Z,491,7,3,14,0,0,1,1,1,1785525512
2026-07-31T19:18:45Z,492,6,4,2,3,0,1,1,1,1785525521
2026-07-31T19:18:45Z,493,21,0,6,0,0,1,1,1,1785525108
2026-07-31T19:18:45Z,495,8,1,4,3,0,1,1,1,1785524706
2026-07-31T19:18:45Z,496,1,0,26,0,0,1,1,1,1785525081
2026-07-31T19:18:45Z,497,5,1,12,2,0,1,1,1,1785525458
2026-07-31T19:18:45Z,498,10,0,13,0,0,1,1,1,1785525297
2026-07-31T19:18:45Z,499,2,0,16,1,0,1,1,1,1785523592
2026-07-31T19:18:45Z,500,0,0,11,4,0,1,1,1,1785525419
2026-07-31T19:18:45Z,501,19,3,2,0,0,1,1,1,1785525325
2026-07-31T19:18:45Z,502,16,4,3,0,0,1,1,1,1785524747
2026-07-31T19:18:45Z,503,0,0,30,1,0,1,1,1,1785525237
2026-07-31T19:18:45Z,504,14,1,25,0,0,1,1,1,1785525374
2026-07-31T19:18:45Z,505,4,0,7,1,0,1,1,1,1785525088
2026-07-31T19:18:45Z,511,8,4,15,0,0,1,1,1,1785525434
2026-07-31T19:18:45Z,512,10,0,17,0,0,1,1,1,1785525438
2026-07-31T19:18:45Z,514,1,1,9,1,0,1,1,1,1785524203
2026-07-31T19:18:45Z,515,0,0,19,0,0,1,1,1,1785525329
2026-07-31T19:18:45Z,516,13,0,14,0,0,1,1,1,1785525394
2026-07-31T19:18:45Z,517,16,2,7,0,0,1,1,1,1785524666
2026-07-31T19:18:45Z,518,7,0,7,1,0,1,1,1,1785525035
2026-07-31T19:18:45Z,519,2,1,15,2,0,1,1,1,1785523991
2026-07-31T19:18:45Z,520,14,7,7,5,1,1,1,1,1785525518
2026-07-31T19:18:45Z,521,7,2,16,0,0,1,1,1,1785525429
2026-07-31T19:18:45Z,522,4,0,19,0,0,1,1,1,1785525128
2026-07-31T19:18:45Z,523,9,4,13,1,0,1,1,1,1785525471
2026-07-31T19:18:45Z,524,6,0,17,0,0,1,1,1,1785525453
2026-07-31T19:18:45Z,525,13,0,6,0,0,1,1,1,1785525104
2026-07-31T19:18:45Z,526,4,0,11,0,0,1,1,1,1785520493
2026-07-31T19:18:45Z,527,11,8,13,2,0,1,1,1,1785525397
2026-07-31T19:18:45Z,528,17,3,4,2,0,1,1,1,1785525464
2026-07-31T19:18:45Z,529,10,5,2,7,0,1,1,1,1785525517
2026-07-31T19:18:45Z,530,8,0,12,1,0,1,1,1,1785525378
2026-07-31T19:18:45Z,531,3,1,19,0,1,1,1,1,1785524822
2026-07-31T19:18:45Z,532,26,12,4,1,0,1,1,1,1785525498
2026-07-31T19:18:45Z,533,8,0,10,1,0,1,1,1,1785525279
2026-07-31T19:18:45Z,534,0,0,23,0,0,1,1,1,1785525411
2026-07-31T19:18:45Z,535,12,1,3,0,0,1,1,1,1785525046
2026-07-31T19:18:45Z,536,10,1,13,0,0,1,1,1,1785525319
2026-07-31T19:18:45Z,537,15,0,5,0,0,1,1,1,1785525492
2026-07-31T19:18:45Z,538,4,1,17,0,2,1,1,1,1785525361
2026-07-31T19:18:45Z,539,14,8,16,1,0,1,1,1,1785525122
2026-07-31T19:18:45Z,540,7,5,12,0,0,1,1,1,1785525404
2026-07-31T19:18:45Z,541,8,2,18,1,0,1,1,1,1785525520
2026-07-31T19:18:45Z,542,0,0,22,1,0,1,1,1,1785525373
2026-07-31T19:18:45Z,543,0,0,17,2,0,1,1,1,1785525195
2026-07-31T19:18:45Z,544,5,1,13,4,0,1,1,1,1785525454
2026-07-31T19:18:45Z,545,15,2,1,3,0,1,1,1,1785525343
2026-07-31T19:18:45Z,546,7,4,11,1,0,1,1,1,1785525389
2026-07-31T19:18:45Z,547,3,0,22,0,0,1,1,1,1785523775
2026-07-31T19:18:45Z,548,4,1,19,0,0,1,1,1,1785524861
2026-07-31T19:18:45Z,549,12,1,10,1,0,1,1,1,1785525214
2026-07-31T19:18:45Z,550,7,6,12,0,0,1,1,1,1785525493
2026-07-31T19:18:45Z,551,3,2,19,1,0,1,1,1,1785525076
2026-07-31T19:18:45Z,552,16,2,11,0,0,1,1,1,1785524747
2026-07-31T19:18:45Z,553,7,0,16,0,0,1,1,1,1785525405
2026-07-31T19:18:45Z,554,7,1,12,0,0,1,1,1,1785521507
2026-07-31T19:18:45Z,555,5,1,9,1,0,1,1,1,1785523506
2026-07-31T19:18:45Z,556,18,1,3,2,0,1,1,1,1785525462
2026-07-31T19:18:45Z,557,8,5,12,3,0,1,1,1,1785525440
2026-07-31T19:18:45Z,558,30,10,6,1,0,1,1,1,1785525505
2026-07-31T19:18:45Z,559,18,3,0,1,0,1,1,1,1785525192
2026-07-31T19:18:45Z,560,4,0,23,0,0,1,1,1,1785525055
2026-07-31T19:18:45Z,561,7,2,14,2,0,1,1,1,1785525357
2026-07-31T19:18:45Z,562,9,2,21,5,0,1,1,1,1785525510
2026-07-31T19:18:45Z,563,2,1,12,0,0,1,1,1,1785525343
2026-07-31T19:18:45Z,564,1,0,17,1,0,1,1,1,1785520409
2026-07-31T19:18:45Z,565,6,0,13,0,0,1,1,1,1785525519
2026-07-31T19:18:45Z,566,1,0,17,1,0,1,1,1,1785525425
2026-07-31T19:18:45Z,567,7,1,18,2,0,1,1,1,1785524924
2026-07-31T19:18:45Z,568,9,1,9,1,0,1,1,1,1785525504
2026-07-31T19:18:45Z,569,9,2,9,1,0,1,1,1,1785525231
2026-07-31T19:18:45Z,570,1,1,16,2,0,1,1,1,1785524580
2026-07-31T19:18:45Z,571,14,1,9,0,0,1,1,1,1785525380
2026-07-31T19:18:45Z,572,1,0,17,1,0,1,1,1,1785525294
2026-07-31T19:18:45Z,573,0,0,14,1,0,1,1,1,1785525016
2026-07-31T19:18:45Z,574,3,3,11,1,0,1,1,1,1785525521
2026-07-31T19:18:45Z,575,2,0,18,1,0,1,1,1,1785525193
2026-07-31T19:18:45Z,576,4,1,15,0,0,1,1,1,1785524984
2026-07-31T19:18:45Z,577,17,2,14,0,0,1,1,1,1785525512
2026-07-31T19:18:45Z,578,0,0,22,1,0,1,1,1,1785523700
2026-07-31T19:18:45Z,579,11,2,31,1,0,1,1,1,1785525481
2026-07-31T19:18:45Z,580,1,1,28,0,0,1,1,1,1785524702
2026-07-31T19:18:45Z,581,0,0,18,1,0,1,1,1,1785525502
2026-07-31T19:18:45Z,582,30,1,29,2,0,1,1,1,1785525384
2026-07-31T19:18:45Z,583,2,1,21,0,0,1,1,1,1785522913
2026-07-31T19:18:45Z,584,12,1,4,3,0,1,1,1,1785524748
2026-07-31T19:18:45Z,585,13,1,13,0,1,1,1,1,1785525411
2026-07-31T19:18:45Z,586,24,4,9,2,0,1,1,1,1785525387
2026-07-31T19:18:45Z,587,5,0,18,1,0,1,1,1,1785525475
2026-07-31T19:18:45Z,588,13,2,3,2,1,1,1,1,1785525416
2026-07-31T19:18:45Z,589,0,0,22,0,0,1,1,1,1785525400
2026-07-31T19:18:45Z,590,2,1,29,0,0,1,1,1,1785524323
2026-07-31T19:18:45Z,591,8,0,20,2,0,1,1,1,1785525140
2026-07-31T19:18:45Z,592,2,0,21,0,0,1,1,1,1785525238
2026-07-31T19:18:45Z,593,20,1,17,1,0,1,1,1,1785525518
2026-07-31T19:18:45Z,594,5,0,15,1,0,1,1,1,1785525391
2026-07-31T19:18:45Z,595,0,0,3,0,0,0,1,1,1784046673
2026-07-31T19:18:45Z,605,0,0,2,1,0,0,1,1,1783975843
2026-07-31T19:18:45Z,606,0,0,0,0,0,0,1,1,86400
2026-07-31T19:18:45Z,607,21,1,9,2,0,1,1,1,1785525379
2026-07-31T19:18:45Z,608,23,2,26,1,0,1,1,1,1785525413
2026-07-31T19:18:45Z,609,13,11,10,0,0,1,1,1,1785525404
2026-07-31T19:18:45Z,610,18,1,16,1,0,1,1,1,1785525464
2026-07-31T19:18:45Z,611,13,1,13,1,0,1,1,1,1785525407
2026-07-31T19:18:45Z,612,7,1,8,0,0,1,1,1,1785522916
2026-07-31T19:18:45Z,613,12,4,0,3,0,1,1,1,1785521812
2026-07-31T19:18:45Z,614,7,6,17,2,1,1,1,1,1785525156
2026-07-31T19:18:45Z,617,3,0,9,3,0,1,1,1,1785525350
2026-07-31T19:18:45Z,618,12,0,2,5,0,1,1,1,1785525185
2026-07-31T19:18:45Z,619,4,0,15,0,0,1,1,1,1785525185
2026-07-31T19:18:45Z,620,7,1,20,0,0,1,1,1,1785524408
2026-07-31T19:18:45Z,621,1,0,22,0,0,1,1,1,1785525418
2026-07-31T19:18:45Z,622,15,3,7,1,0,1,1,1,1785525463
2026-07-31T19:18:45Z,623,24,10,5,1,0,1,1,1,1785525417
2026-07-31T19:18:45Z,624,1,0,14,0,0,1,1,1,1785518992
2026-07-31T19:18:45Z,625,17,2,2,2,0,1,1,1,1785525053
2026-07-31T19:18:45Z,626,36,2,9,0,2,1,1,1,1785525223
2026-07-31T19:18:45Z,627,14,4,5,0,0,1,1,1,1785523863
2026-07-31T19:18:45Z,628,3,3,15,0,1,1,1,1,1785525455
2026-07-31T19:18:45Z,629,4,2,5,2,0,1,1,1,1785525430
2026-07-31T19:18:45Z,630,1,0,23,3,0,1,1,1,1785525488
2026-07-31T19:18:45Z,631,11,9,12,0,0,1,1,1,1785525351
2026-07-31T19:18:45Z,632,18,1,3,2,0,1,1,1,1785524733
2026-07-31T19:18:45Z,633,11,2,1,3,0,1,1,1,1785522133
2026-07-31T19:18:45Z,634,8,2,11,0,0,1,1,1,1785524671
2026-07-31T19:18:45Z,635,14,0,4,1,0,1,1,1,1785524734
2026-07-31T19:18:45Z,636,6,0,9,0,0,1,1,1,1785525400
2026-07-31T19:18:45Z,637,8,3,9,2,0,1,1,1,1785522836
2026-07-31T19:18:45Z,638,6,1,11,2,0,1,1,1,1785524626
2026-07-31T19:18:45Z,639,7,1,10,2,0,1,1,1,1785501255
2026-07-31T19:18:45Z,640,15,8,7,1,0,1,1,1,1785525483
2026-07-31T19:18:45Z,641,8,0,19,0,0,1,1,1,1785525511
2026-07-31T19:18:45Z,642,6,2,5,8,0,1,1,1,1785525517
2026-07-31T19:18:45Z,643,8,0,11,8,0,1,1,1,1785525519
2026-07-31T19:18:45Z,644,13,1,1,1,0,1,1,1,1785517829
2026-07-31T19:18:45Z,645,12,1,9,1,1,1,1,1,1785525372
2026-07-31T19:18:45Z,646,4,0,15,0,0,1,1,1,1785523688
2026-07-31T19:18:45Z,647,9,0,22,0,0,1,1,1,1785525309
2026-07-31T19:18:45Z,648,2,0,16,1,0,1,1,1,1785524577
2026-07-31T19:18:45Z,649,9,5,21,1,0,1,1,1,1785525475
2026-07-31T19:18:45Z,650,5,1,9,0,0,1,1,1,1785524619
2026-07-31T19:18:45Z,651,1,1,22,0,0,1,1,1,1785524822
2026-07-31T19:18:45Z,652,0,0,20,3,0,1,1,1,1785525466
2026-07-31T19:18:45Z,653,1,0,17,1,0,1,1,1,1785517605
2026-07-31T19:18:45Z,654,4,1,11,0,0,1,1,1,1785522062
2026-07-31T19:18:45Z,655,7,3,1,4,1,1,1,1,1785525278
2026-07-31T19:18:45Z,656,5,5,14,0,0,1,1,1,1785525488
2026-07-31T19:18:45Z,657,10,4,3,2,2,1,1,1,1785525403
2026-07-31T19:18:45Z,658,8,1,2,0,0,1,1,1,1785520703
2026-07-31T19:18:45Z,659,4,3,9,2,0,1,1,1,1785522891
2026-07-31T19:18:45Z,660,25,6,2,4,0,1,1,1,1785525400
2026-07-31T19:18:45Z,661,12,3,7,0,0,1,1,1,1785525422
2026-07-31T19:18:45Z,662,5,3,15,3,0,1,1,1,1785522834
2026-07-31T19:18:45Z,663,3,1,12,0,0,1,1,1,1785525330
2026-07-31T19:18:45Z,664,13,3,14,0,0,1,1,1,1785525138
2026-07-31T19:18:45Z,665,10,4,5,0,0,1,1,1,1785522932
2026-07-31T19:18:45Z,666,4,1,7,4,0,1,1,1,1785524750
2026-07-31T19:18:45Z,667,2,0,16,1,0,1,1,1,1785525496
2026-07-31T19:18:45Z,668,1,0,18,0,0,1,1,1,1785525406
2026-07-31T19:18:45Z,669,8,4,3,3,0,1,1,1,1785525477
2026-07-31T19:18:45Z,670,18,0,7,2,0,1,1,1,1785525359
2026-07-31T19:18:45Z,671,23,4,4,0,0,1,1,1,1785525354
2026-07-31T19:18:45Z,672,3,0,16,3,1,1,1,1,1785524368
2026-07-31T19:18:45Z,673,11,0,12,0,0,1,1,1,1785524577
2026-07-31T19:18:45Z,674,9,2,12,2,0,1,1,1,1785525313
2026-07-31T19:18:45Z,675,1,1,12,2,0,1,1,1,1785525144
2026-07-31T19:18:45Z,676,7,0,14,1,0,1,1,1,1785524263
2026-07-31T19:18:45Z,681,13,6,1,0,1,1,1,1,1785525436
2026-07-31T19:18:45Z,682,5,1,14,0,0,1,1,1,1785522108
2026-07-31T19:18:45Z,683,2,2,17,0,0,1,1,1,1785519895
2026-07-31T19:18:45Z,684,3,1,24,0,0,1,1,1,1785518528
2026-07-31T19:18:45Z,685,5,0,20,1,1,1,1,1,1785522945
2026-07-31T19:18:45Z,686,9,0,15,3,0,1,1,1,1785525469
2026-07-31T19:18:45Z,687,13,1,16,1,1,1,1,1,1785525498
2026-07-31T19:18:45Z,688,11,0,1,7,0,1,1,1,1785510286
2026-07-31T19:18:45Z,692,11,5,10,0,0,1,1,1,1785525063
2026-07-31T19:18:45Z,693,6,0,2,3,0,1,1,1,1785525201
2026-07-31T19:18:45Z,694,12,7,9,0,0,1,1,1,1785525143
2026-07-31T19:18:45Z,695,9,7,14,0,0,1,1,1,1785525236
2026-07-31T19:18:45Z,696,10,7,13,0,0,1,1,1,1785525512
2026-07-31T19:18:45Z,697,11,0,12,0,0,1,1,1,1785525182
2026-07-31T19:18:45Z,698,5,0,22,0,0,1,1,1,1785525482
2026-07-31T19:18:45Z,699,7,0,7,1,0,1,1,1,1785524669
2026-07-31T19:18:45Z,700,15,1,3,1,0,1,1,1,1785523948
2026-07-31T19:18:45Z,701,10,5,9,0,0,1,1,1,1785525182
2026-07-31T19:18:45Z,702,10,4,12,1,0,1,1,1,1785525068
2026-07-31T19:18:45Z,704,2,0,13,0,0,1,1,1,1785524533
2026-07-31T19:18:45Z,705,1,0,14,0,0,1,1,1,1785523998
2026-07-31T19:18:45Z,706,4,1,9,2,0,1,1,1,1785525117
2026-07-31T19:18:45Z,707,10,1,5,0,0,1,1,1,1785524734
2026-07-31T19:18:45Z,708,3,0,15,1,0,1,1,1,1785524822
2026-07-31T19:18:45Z,709,7,3,5,3,0,1,1,1,1785524152
2026-07-31T19:18:45Z,710,2,0,17,0,0,1,1,1,1785525212
2026-07-31T19:18:45Z,711,4,1,16,3,0,1,1,1,1785525305
2026-07-31T19:18:45Z,712,7,5,8,0,0,1,1,1,1785525144
2026-07-31T19:18:45Z,713,5,1,18,0,0,1,1,1,1785524475
2026-07-31T19:18:45Z,716,4,2,11,0,0,1,1,1,1785525472
2026-07-31T19:18:45Z,717,3,2,19,3,0,1,1,1,1785525479
2026-07-31T19:18:45Z,718,12,2,1,2,0,1,1,1,1785525261
2026-07-31T19:18:45Z,719,7,1,22,0,0,1,1,1,1785524779
2026-07-31T19:18:45Z,720,0,0,19,0,0,1,1,1,1785523930
2026-07-31T19:18:45Z,721,8,0,12,3,0,1,1,1,1785525263
2026-07-31T19:18:45Z,722,6,0,9,0,0,1,1,1,1785525517
2026-07-31T19:18:45Z,723,13,2,10,0,0,1,1,1,1785523860
2026-07-31T19:18:45Z,724,8,1,15,0,0,1,1,1,1785525449
2026-07-31T19:18:45Z,725,2,0,20,1,0,1,1,1,1785525367
2026-07-31T19:18:45Z,726,5,0,12,2,0,1,1,1,1785524689
2026-07-31T19:18:45Z,727,10,5,12,1,0,1,1,1,1785524761
2026-07-31T19:18:45Z,728,10,1,4,1,0,1,1,1,1785524234
2026-07-31T19:18:45Z,729,4,0,15,0,0,1,1,1,1785525369
2026-07-31T19:18:45Z,730,1,1,11,3,0,1,1,1,1785524834
2026-07-31T19:18:45Z,731,11,3,2,2,0,1,1,1,1785524417
2026-07-31T19:18:45Z,732,6,6,9,0,0,1,1,1,1785524991
2026-07-31T19:18:45Z,733,7,0,20,0,0,1,1,1,1785525223
2026-07-31T19:18:45Z,734,7,4,7,0,0,1,1,1,1785525152
2026-07-31T19:18:45Z,735,18,8,9,0,0,1,1,1,1785525337
2026-07-31T19:18:45Z,736,11,1,7,1,0,1,1,1,1785524401
2026-07-31T19:18:45Z,737,5,2,9,0,1,1,1,1,1785525408
2026-07-31T19:18:45Z,738,14,7,5,0,0,1,1,1,1785524342
2026-07-31T19:18:45Z,739,18,0,8,1,0,1,1,1,1785524126
2026-07-31T19:18:45Z,741,9,0,14,0,0,1,1,1,1785524295
2026-07-31T19:18:45Z,742,21,5,12,2,0,1,1,1,1785525346
2026-07-31T19:18:45Z,743,7,4,11,1,0,1,1,1,1785524172
2026-07-31T19:18:45Z,744,9,1,5,1,0,1,1,1,1785525502
2026-07-31T19:18:45Z,745,12,4,7,0,0,1,1,1,1785524924
2026-07-31T19:18:45Z,746,2,0,20,1,0,1,1,1,1785525522
2026-07-31T19:18:45Z,747,0,0,4,0,0,0,1,1,1783446606
2026-07-31T19:18:45Z,748,9,1,14,0,0,1,1,1,1785523717
2026-07-31T19:18:45Z,749,10,1,12,1,0,1,1,1,1785525493
2026-07-31T19:18:45Z,750,1,1,10,0,0,1,1,1,1785525341
2026-07-31T19:18:45Z,751,20,14,3,0,0,1,1,1,1785525395
2026-07-31T19:18:45Z,752,13,0,3,1,0,1,1,1,1785525434
2026-07-31T19:18:45Z,753,0,0,14,1,0,1,1,1,1785525520
2026-07-31T19:18:45Z,754,7,3,8,0,0,1,1,1,1785525153
2026-07-31T19:18:45Z,755,9,0,13,1,0,1,1,1,1785525362
2026-07-31T19:18:45Z,756,28,21,8,1,0,1,1,1,1785525425
2026-07-31T19:18:45Z,757,8,7,11,0,0,1,1,1,1785525467
2026-07-31T19:18:45Z,758,0,0,23,0,0,1,1,1,1785525104
2026-07-31T19:18:45Z,759,0,0,0,0,0,1,1,1,86400
2026-07-31T19:18:45Z,760,10,4,9,0,0,1,1,1,1785524777
2026-07-31T19:18:45Z,761,9,1,13,1,0,1,1,1,1785524972
2026-07-31T19:18:45Z,762,4,3,6,5,0,1,1,1,1785525359
2026-07-31T19:18:45Z,768,8,0,7,4,0,1,1,1,1785525045
2026-07-31T19:18:45Z,769,5,5,13,1,0,1,1,1,1785525467
2026-07-31T19:18:45Z,770,6,2,11,2,0,1,1,1,1785525087
2026-07-31T19:18:45Z,771,12,2,2,1,0,1,1,1,1785525438
2026-07-31T19:18:45Z,772,6,0,9,0,0,1,1,1,1785525103
2026-07-31T19:18:45Z,773,18,5,1,0,0,1,1,1,1785524621
2026-07-31T19:18:45Z,774,6,2,4,5,0,1,1,1,1785525508
2026-07-31T19:18:45Z,775,8,1,9,1,1,1,1,1,1785523731
2026-07-31T19:18:45Z,776,3,1,17,1,0,1,1,1,1785524746
2026-07-31T19:18:45Z,777,14,3,1,0,0,1,1,1,1785525429
2026-07-31T19:18:45Z,778,16,1,0,3,0,1,1,1,1785524480
2026-07-31T19:18:45Z,779,6,0,12,1,0,1,1,1,1785525454
2026-07-31T19:18:45Z,780,8,4,10,1,0,1,1,1,1785525495
2026-07-31T19:18:45Z,781,1,0,8,2,0,1,1,1,1785525110
2026-07-31T19:18:45Z,782,1,0,14,4,0,1,1,1,1785524484
2026-07-31T19:18:45Z,783,8,1,11,0,0,1,1,1,1785525239
2026-07-31T19:18:45Z,784,5,0,14,0,0,1,1,1,1785524942
2026-07-31T19:18:45Z,785,9,1,4,6,0,1,1,1,1785525462
2026-07-31T19:18:45Z,786,10,5,9,0,0,1,1,1,1785525117
2026-07-31T19:18:45Z,787,6,3,8,1,0,1,1,1,1785524692
2026-07-31T19:18:45Z,788,2,0,13,0,0,1,1,1,1785524167
2026-07-31T19:18:45Z,789,7,2,4,4,0,1,1,1,1785524406
2026-07-31T19:18:45Z,790,5,1,18,0,0,1,1,1,1785525268
2026-07-31T19:18:45Z,791,7,0,11,0,1,1,1,1,1785524204
2026-07-31T19:18:45Z,793,4,0,10,1,0,1,1,1,1785524248
2026-07-31T19:18:45Z,794,19,6,8,2,0,1,1,1,1785525511
2026-07-31T19:18:45Z,796,4,3,14,1,0,1,1,1,1785524119
2026-07-31T19:18:45Z,797,5,2,10,0,0,1,1,1,1785523942
2026-07-31T19:18:45Z,798,12,0,11,2,0,1,1,1,1785525434
2026-07-31T19:18:45Z,799,12,2,3,4,0,1,1,1,1785524079
2026-07-31T19:18:45Z,800,3,0,17,1,0,1,1,1,1785525269
2026-07-31T19:18:45Z,801,7,1,10,4,0,1,1,1,1785525124
2026-07-31T19:18:45Z,802,8,0,23,0,0,1,1,1,1785524802
2026-07-31T19:18:45Z,803,0,0,15,0,0,1,1,1,1785523880
2026-07-31T19:18:45Z,806,2,0,12,1,0,1,1,1,1785525045
2026-07-31T19:18:45Z,807,18,7,3,4,0,1,1,1,1785525171
2026-07-31T19:18:45Z,808,19,6,3,3,0,1,1,1,1785525141
2026-07-31T19:18:45Z,809,3,0,19,1,0,1,1,1,1785524118
2026-07-31T19:18:45Z,810,4,2,13,2,0,1,1,1,1785524498
2026-07-31T19:18:45Z,815,3,1,7,4,1,1,1,1,1785525467
2026-07-31T19:18:45Z,817,14,7,1,0,0,1,1,1,1785525226
2026-07-31T19:18:45Z,818,5,0,18,0,0,1,1,1,1785524737
2026-07-31T19:18:45Z,819,9,3,6,0,0,1,1,1,1785523727
2026-07-31T19:18:45Z,820,8,1,9,0,0,1,1,1,1785525111
2026-07-31T19:18:45Z,821,3,2,12,0,0,1,1,1,1785525411
2026-07-31T19:18:45Z,822,4,0,17,2,0,1,1,1,1785525088
2026-07-31T19:18:45Z,823,12,2,3,0,0,1,1,1,1785525521
2026-07-31T19:18:45Z,824,6,1,12,1,0,1,1,1,1785525263
2026-07-31T19:18:45Z,825,7,5,8,0,0,1,1,1,1785521169
2026-07-31T19:18:45Z,826,8,0,9,2,0,1,1,1,1785525254
2026-07-31T19:18:45Z,827,17,3,2,2,0,1,1,1,1785524622
2026-07-31T19:18:45Z,828,10,0,6,2,0,1,1,1,1785524461
2026-07-31T19:18:45Z,829,16,5,11,0,0,1,1,1,1785525380
2026-07-31T19:18:45Z,830,14,0,8,1,0,1,1,1,1785525287
2026-07-31T19:18:45Z,831,5,3,8,2,0,1,1,1,1785525464
2026-07-31T19:18:45Z,832,8,2,7,3,0,1,1,1,1785525481
2026-07-31T19:18:45Z,833,3,1,15,1,0,1,1,1,1785525374
2026-07-31T19:18:45Z,834,20,2,2,2,0,1,1,1,1785525405
2026-07-31T19:18:45Z,835,0,0,17,1,0,1,1,1,1785525506
2026-07-31T19:18:45Z,838,3,1,11,1,0,1,1,1,1785525119
2026-07-31T19:18:45Z,839,13,0,15,1,0,1,1,1,1785525433
2026-07-31T19:18:45Z,840,1,1,27,1,0,1,1,1,1785524991
2026-07-31T19:18:45Z,841,7,1,8,0,0,1,1,1,1785525509
2026-07-31T19:18:45Z,842,2,0,21,0,0,1,1,1,1785525356
2026-07-31T19:18:45Z,843,11,0,20,0,0,1,1,1,1785523881
2026-07-31T19:18:45Z,844,5,0,18,0,0,1,1,1,1785523774
2026-07-31T19:18:45Z,845,4,3,13,2,0,1,1,1,1785525088
2026-07-31T19:18:45Z,846,3,1,15,1,0,1,1,1,1785525220
2026-07-31T19:18:45Z,847,7,1,19,1,0,1,1,1,1785524736
2026-07-31T19:18:45Z,848,5,4,13,1,0,1,1,1,1785523708
2026-07-31T19:18:45Z,849,5,1,9,1,0,1,1,1,1785525194
2026-07-31T19:18:45Z,850,6,0,4,1,0,1,1,1,1785524759
2026-07-31T19:18:45Z,851,7,5,27,3,0,1,1,1,1785525074
2026-07-31T19:18:45Z,852,11,6,8,0,0,1,1,1,1785525393
2026-07-31T19:18:45Z,853,11,5,12,0,0,1,1,1,1785524537
2026-07-31T19:18:45Z,854,3,2,12,0,0,1,1,1,1785524557
2026-07-31T19:18:45Z,855,27,0,0,0,0,1,1,1,1785524493
2026-07-31T19:18:45Z,857,7,7,10,2,0,1,1,1,1785525443
2026-07-31T19:18:45Z,858,5,2,13,1,0,1,1,1,1785524290
2026-07-31T19:18:45Z,859,7,0,13,1,0,1,1,1,1785524481
2026-07-31T19:18:45Z,861,7,0,3,1,0,1,1,1,1785506303
2026-07-31T19:18:45Z,862,4,2,11,0,0,1,1,1,1785525491
2026-07-31T19:18:45Z,863,14,1,5,0,0,1,1,1,1785519710
2026-07-31T19:18:45Z,866,12,3,7,0,0,1,1,1,1785524045
2026-07-31T19:18:45Z,867,14,2,1,0,0,1,1,1,1785525096
2026-07-31T19:18:45Z,868,9,0,6,0,0,1,1,1,1785525342
2026-07-31T19:18:45Z,870,9,6,6,0,0,1,1,1,1785523754
2026-07-31T19:18:45Z,871,0,0,10,1,0,1,1,1,1785524902
2026-07-31T19:18:45Z,872,0,0,14,1,0,1,1,1,1785525477
2026-07-31T19:18:45Z,873,28,3,4,1,0,1,1,1,1785525455
2026-07-31T19:18:45Z,874,1,0,11,3,0,1,1,1,1785525082
2026-07-31T19:18:45Z,875,11,7,3,1,0,1,1,1,1785524773
2026-07-31T19:18:45Z,877,13,12,6,0,0,1,1,1,1785525154
2026-07-31T19:18:45Z,878,3,3,16,0,0,1,1,1,1785523911
2026-07-31T19:18:45Z,879,2,0,17,0,0,1,1,1,1785524764
2026-07-31T19:18:45Z,880,4,1,18,1,0,1,1,1,1785525073
2026-07-31T19:18:45Z,881,2,0,17,0,0,1,1,1,1785523773
2026-07-31T19:18:45Z,882,9,4,9,1,0,1,1,1,1785513298
2026-07-31T19:18:45Z,883,9,4,10,0,0,1,1,1,1785523981
2026-07-31T19:18:45Z,884,10,6,11,0,0,1,1,1,1785525169
2026-07-31T19:18:45Z,885,0,0,19,0,0,1,1,1,1785525393
2026-07-31T19:18:45Z,886,11,1,18,0,0,1,1,1,1785525467
2026-07-31T19:18:45Z,887,4,3,10,3,0,1,1,1,1785524808
2026-07-31T19:18:45Z,888,6,2,33,1,1,1,1,1,1785525511
2026-07-31T19:18:45Z,889,5,0,12,2,0,1,1,1,1785524778
2026-07-31T19:18:45Z,890,6,4,9,0,0,1,1,1,1785522525
2026-07-31T19:18:45Z,891,21,0,2,0,0,1,1,1,1785524937
2026-07-31T19:18:45Z,892,9,1,6,0,0,1,1,1,1785523247
2026-07-31T19:18:45Z,895,1,0,18,0,0,1,1,1,1785514669
2026-07-31T19:18:45Z,896,9,1,26,0,0,1,1,1,1785523990
2026-07-31T19:18:45Z,897,12,1,9,0,0,1,1,1,1785523807
2026-07-31T19:18:45Z,898,4,1,15,0,0,1,1,1,1785525312
2026-07-31T19:18:45Z,899,0,0,18,1,0,1,1,1,1785525362
2026-07-31T19:18:45Z,900,2,0,25,0,0,1,1,1,1785525402
2026-07-31T19:18:45Z,901,2,0,16,1,0,1,1,1,1785524914
2026-07-31T19:18:45Z,902,3,1,12,0,0,1,1,1,1785525223
2026-07-31T19:18:45Z,903,4,0,14,1,0,1,1,1,1785524777
2026-07-31T19:18:45Z,904,10,5,8,1,0,1,1,1,1785523897
2026-07-31T19:18:45Z,905,9,4,17,1,0,1,1,1,1785525298
2026-07-31T19:18:45Z,906,12,2,13,2,0,1,1,1,1785525454
2026-07-31T19:18:45Z,907,5,0,26,0,0,1,1,1,1785525400
2026-07-31T19:18:45Z,908,8,0,15,0,0,1,1,1,1785523905
2026-07-31T19:18:45Z,909,8,7,15,0,0,1,1,1,1785525483
2026-07-31T19:18:45Z,910,26,0,5,0,0,1,1,1,1785525455
2026-07-31T19:18:45Z,911,3,1,16,0,0,1,1,1,1785525246
2026-07-31T19:18:45Z,912,18,1,5,0,0,1,1,1,1785525512
2026-07-31T19:18:45Z,913,7,3,12,0,0,1,1,1,1785524424
2026-07-31T19:18:45Z,914,4,0,15,0,0,1,1,1,1785525470
2026-07-31T19:18:45Z,915,19,2,2,2,0,1,1,1,1785525375
2026-07-31T19:18:45Z,916,7,3,16,0,0,1,1,1,1785524754
2026-07-31T19:18:45Z,917,13,0,20,2,0,1,1,1,1785525139
2026-07-31T19:18:45Z,918,12,1,4,3,0,1,1,1,1785525504
2026-07-31T19:18:45Z,919,10,0,29,0,0,1,1,1,1785525400
2026-07-31T19:18:45Z,920,7,2,12,0,0,1,1,1,1785524563
2026-07-31T19:18:45Z,921,17,3,4,0,0,1,1,1,1785525405
2026-07-31T19:18:45Z,922,1,1,20,0,0,1,1,1,1785525264
2026-07-31T19:18:45Z,923,1,1,17,1,0,1,1,1,1785525067
2026-07-31T19:18:45Z,924,7,0,13,1,0,1,1,1,1785524597
2026-07-31T19:18:45Z,925,12,0,9,0,0,1,1,1,1785524094
2026-07-31T19:18:45Z,926,4,1,17,0,0,1,1,1,1785525497
2026-07-31T19:18:45Z,927,27,0,8,0,0,1,1,1,1785524811
2026-07-31T19:18:45Z,928,0,0,19,0,0,0,1,1,1785500252
2026-07-31T19:18:45Z,929,22,1,1,0,0,1,1,1,1785525091
2026-07-31T19:18:45Z,930,2,0,28,1,0,1,1,1,1785524656
2026-07-31T19:18:45Z,931,7,3,16,0,0,1,1,1,1785525392
2026-07-31T19:18:45Z,932,3,0,14,2,0,1,1,1,1785525462
2026-07-31T19:18:45Z,933,10,0,13,0,0,1,1,1,1785525421
2026-07-31T19:18:45Z,934,23,0,6,2,0,1,1,1,1785525501
2026-07-31T19:18:45Z,935,14,0,4,1,0,1,1,1,1785525029
2026-07-31T19:18:45Z,936,16,2,3,0,0,1,1,1,1785525210
2026-07-31T19:18:45Z,940,0,0,10,1,0,1,1,1,1785525414
2026-07-31T19:18:45Z,941,11,0,12,2,0,1,1,1,1785525436
2026-07-31T19:18:45Z,942,11,0,10,0,0,1,1,1,1785525428
2026-07-31T19:18:45Z,943,8,8,7,0,0,1,1,1,1785524012
2026-07-31T19:18:45Z,944,10,8,5,0,0,1,1,1,1785525406
2026-07-31T19:18:45Z,945,10,8,5,0,0,1,1,1,1785524928
2026-07-31T19:18:45Z,946,7,5,12,0,0,1,1,1,1785523835
2026-07-31T19:18:45Z,947,7,5,10,0,0,1,1,1,1785525426
2026-07-31T19:18:45Z,948,21,8,6,4,0,1,1,1,1785525373
2026-07-31T19:18:45Z,949,9,3,6,0,0,1,1,1,1785525435
2026-07-31T19:18:45Z,950,1,0,15,1,0,1,1,1,1785525453
2026-07-31T19:18:45Z,951,17,5,6,0,0,1,1,1,1785524845
2026-07-31T19:18:45Z,952,22,4,32,1,0,1,1,1,1785525417
2026-07-31T19:18:45Z,953,1,0,13,1,0,1,1,1,1785524686
2026-07-31T19:18:45Z,954,1,0,18,0,0,1,1,1,1785525039
2026-07-31T19:18:45Z,955,10,4,11,5,1,1,1,1,1785524579
2026-07-31T19:18:45Z,956,11,2,11,1,0,1,1,1,1785525505
2026-07-31T19:18:45Z,957,8,1,20,1,0,1,1,1,1785525448
2026-07-31T19:18:45Z,958,4,0,26,1,0,1,1,1,1785525411
2026-07-31T19:18:45Z,959,3,3,19,1,0,1,1,1,1785525371
2026-07-31T19:18:45Z,960,3,1,20,0,0,1,1,1,1785525448
2026-07-31T19:18:45Z,961,10,1,10,3,0,1,1,1,1785525139
2026-07-31T19:18:45Z,962,10,2,22,3,0,1,1,1,1785524747
2026-07-31T19:18:45Z,963,10,0,12,1,0,1,1,1,1785525324
2026-07-31T19:18:45Z,964,3,2,20,0,0,1,1,1,1785525496
2026-07-31T19:18:45Z,965,11,6,15,1,0,1,1,1,1785524115
2026-07-31T19:18:45Z,966,22,0,7,2,0,1,1,1,1785524886
2026-07-31T19:18:45Z,967,2,0,17,2,0,1,1,1,1785525308
2026-07-31T19:18:45Z,968,9,0,9,1,0,1,1,1,1785525438
2026-07-31T19:18:45Z,969,3,1,22,2,0,1,1,1,1785524043
2026-07-31T19:18:45Z,970,0,0,17,2,0,1,1,1,1785525015
2026-07-31T19:18:45Z,971,1,0,21,1,0,1,1,1,1785524962
2026-07-31T19:18:45Z,972,11,3,11,1,0,1,1,1,1785525438
2026-07-31T19:18:45Z,973,8,2,14,1,0,1,1,1,1785524985
2026-07-31T19:18:45Z,974,22,0,4,1,0,1,1,1,1785525305
2026-07-31T19:18:45Z,977,4,0,15,2,0,1,1,1,1785525513
2026-07-31T19:18:45Z,978,17,0,6,0,0,1,1,1,1785525181
2026-07-31T19:18:45Z,979,7,1,10,0,0,1,1,1,1785524907
2026-07-31T19:18:45Z,980,12,0,7,2,0,1,1,1,1785525039
2026-07-31T19:18:45Z,981,7,0,14,0,0,1,1,1,1785525478
2026-07-31T19:18:45Z,982,3,1,15,1,0,1,1,1,1785525478
2026-07-31T19:18:45Z,983,5,3,18,0,0,1,1,1,1785524120
2026-07-31T19:18:45Z,984,6,0,17,0,0,1,1,1,1785525239
2026-07-31T19:18:45Z,985,16,0,14,1,0,1,1,1,1785525018
2026-07-31T19:18:45Z,986,3,0,16,0,0,1,1,1,1785525480
2026-07-31T19:18:45Z,987,6,0,17,0,0,1,1,1,1785524234
2026-07-31T19:18:45Z,988,7,3,12,0,0,1,1,1,1785523832
2026-07-31T19:18:45Z,989,9,4,10,0,0,1,1,1,1785524631
2026-07-31T19:18:45Z,990,9,0,5,1,0,1,1,1,1785524959
2026-07-31T19:18:45Z,991,9,0,9,1,0,1,1,1,1785525379
2026-07-31T19:18:45Z,992,9,5,14,0,0,1,1,1,1785524446
2026-07-31T19:18:45Z,993,5,2,21,1,0,1,1,1,1785524884
2026-07-31T19:18:45Z,994,0,0,21,0,0,1,1,1,1785525313
2026-07-31T19:18:45Z,995,6,0,21,0,0,1,1,1,1785523897
2026-07-31T19:18:45Z,996,8,2,15,0,0,1,1,1,1785523732
2026-07-31T19:18:45Z,997,5,4,6,9,3,1,1,1,1785524121
2026-07-31T19:18:45Z,998,5,4,18,0,0,1,1,1,1785523993
2026-07-31T19:18:45Z,999,4,1,15,2,0,1,1,1,1785525520
2026-07-31T19:18:45Z,1000,3,1,18,0,0,1,1,1,1785525502
2026-07-31T19:18:45Z,1001,5,3,22,0,0,1,1,1,1785525418
2026-07-31T19:18:45Z,1002,2,2,28,1,0,1,1,1,1785524934
2026-07-31T19:18:45Z,1003,0,0,23,0,0,1,1,1,1785525450
2026-07-31T19:18:45Z,1004,9,2,14,0,0,1,1,1,1785524927
2026-07-31T19:18:45Z,1005,18,1,5,0,0,1,1,1,1785525364
2026-07-31T19:18:45Z,1006,8,5,11,0,0,1,1,1,1785525450
2026-07-31T19:18:45Z,1007,1,1,20,0,0,1,1,1,1785525092
2026-07-31T19:18:45Z,1008,8,7,15,0,0,1,1,1,1785524622
2026-07-31T19:18:45Z,1009,22,5,8,1,0,1,1,1,1785524543
2026-07-31T19:18:45Z,1010,8,2,19,0,0,1,1,1,1785525345
2026-07-31T19:18:45Z,1011,6,2,11,2,0,1,1,1,1785524006
2026-07-31T19:18:45Z,1012,5,3,16,2,0,1,1,1,1785525411
2026-07-31T19:18:45Z,1013,4,1,18,1,0,1,1,1,1785524157
2026-07-31T19:18:45Z,1014,9,4,14,0,0,1,1,1,1785524117
2026-07-31T19:18:45Z,1015,4,3,26,1,0,1,1,1,1785524451
2026-07-31T19:18:45Z,1016,10,5,21,0,0,1,1,1,1785525347
2026-07-31T19:18:45Z,1017,14,5,7,0,0,1,1,1,1785524805
2026-07-31T19:18:45Z,1018,7,3,15,0,0,1,1,1,1785525490
2026-07-31T19:18:45Z,1019,8,5,7,0,0,1,1,1,1785525366
2026-07-31T19:18:45Z,1020,19,5,2,0,0,1,1,1,1785524668
2026-07-31T19:18:45Z,1021,9,4,6,0,0,1,1,1,1785524353
2026-07-31T19:18:45Z,1022,14,0,13,0,0,1,1,1,1785523799
2026-07-31T19:18:45Z,1023,14,2,9,0,0,1,1,1,1785525241
2026-07-31T19:18:45Z,1024,6,3,13,0,0,1,1,1,1785524401
2026-07-31T19:18:45Z,1025,4,0,14,0,1,1,1,1,1785523775
2026-07-31T19:18:45Z,1026,12,9,18,1,0,1,1,1,1785524980
2026-07-31T19:18:45Z,1028,3,1,20,0,0,1,1,1,1785523768
2026-07-31T19:18:45Z,1029,12,10,3,0,0,1,1,1,1785524660
2026-07-31T19:18:45Z,1030,13,4,10,0,0,1,1,1,1785524461
2026-07-31T19:18:45Z,1031,9,1,10,0,0,1,1,1,1785524777
2026-07-31T19:18:45Z,1032,7,1,12,0,0,1,1,1,1785525448
2026-07-31T19:18:45Z,1033,10,6,9,0,0,1,1,1,1785524455
2026-07-31T19:18:45Z,1034,4,1,11,0,0,1,1,1,1785525434
2026-07-31T19:18:45Z,1035,0,0,18,1,0,1,1,1,1785525451
2026-07-31T19:18:45Z,1036,12,0,3,0,0,1,1,1,1785524199
2026-07-31T19:18:45Z,1037,4,1,14,1,0,1,1,1,1785523952
2026-07-31T19:18:45Z,1038,1,0,14,0,0,1,1,1,1785525126
2026-07-31T19:18:45Z,1039,7,1,12,0,0,1,1,1,1785523785
2026-07-31T19:18:45Z,1040,8,5,11,0,0,1,1,1,1785525499
2026-07-31T19:18:45Z,1041,11,3,8,0,0,1,1,1,1785525369
2026-07-31T19:18:45Z,1042,14,2,0,1,0,1,1,1,1785525396
2026-07-31T19:18:45Z,1043,10,4,8,1,0,1,1,1,1785523992
2026-07-31T19:18:45Z,1044,1,0,14,0,0,1,1,1,1785525181
2026-07-31T19:18:45Z,1045,9,0,10,0,0,1,1,1,1785525432
2026-07-31T19:18:45Z,1046,9,0,6,0,0,1,1,1,1785524805
2026-07-31T19:18:45Z,1047,4,0,17,0,0,1,1,1,1785524400
2026-07-31T19:18:45Z,1048,5,0,14,0,0,1,1,1,1785525411
2026-07-31T19:18:45Z,1049,0,0,21,0,0,1,1,1,1785525512
2026-07-31T19:18:45Z,1050,16,4,5,0,0,1,1,1,1785524796
2026-07-31T19:18:45Z,1051,8,2,13,0,0,1,1,1,1785524667
2026-07-31T19:18:45Z,1052,16,1,5,1,0,1,1,1,1785525300
2026-07-31T19:18:45Z,1053,3,2,12,0,0,1,1,1,1785525314
2026-07-31T19:18:45Z,1054,15,1,0,0,0,1,1,1,1785523753
2026-07-31T19:18:45Z,1055,8,1,11,0,0,1,1,1,1785523764
2026-07-31T19:18:45Z,1057,10,1,9,0,0,1,1,1,1785525239
2026-07-31T19:18:45Z,1058,17,0,38,1,0,1,1,1,1785525276
2026-07-31T19:18:45Z,1059,1,0,17,1,0,1,1,1,1785525441
2026-07-31T19:18:45Z,1060,35,0,2,0,0,1,1,1,1785525345
2026-07-31T19:18:45Z,1061,34,0,2,1,0,1,1,1,1785525380
2026-07-31T19:18:45Z,1062,16,0,1,0,0,1,1,1,1785525478
2026-07-31T19:18:45Z,1063,12,1,6,1,0,1,1,1,1785525489
2026-07-31T19:18:45Z,1064,3,0,19,1,0,1,1,1,1785524034
2026-07-31T19:18:45Z,1065,16,3,7,0,0,1,1,1,1785524281
2026-07-31T19:18:45Z,1066,10,2,13,0,0,1,1,1,1785524102
2026-07-31T19:18:45Z,1067,8,2,13,2,0,1,1,1,1785524376
2026-07-31T19:18:45Z,1068,6,2,14,3,0,1,1,1,1785523903
2026-07-31T19:18:45Z,1069,12,3,11,0,0,1,1,1,1785523914
2026-07-31T19:18:45Z,1070,12,2,11,0,0,1,1,1,1785524016
2026-07-31T19:18:45Z,1071,7,4,16,0,0,1,1,1,1785524052
2026-07-31T19:18:45Z,1072,11,1,11,1,0,1,1,1,1785524454
2026-07-31T19:18:45Z,1073,2,1,25,0,0,1,1,1,1785525466
2026-07-31T19:18:45Z,1074,20,5,33,0,0,1,1,1,1785525496
2026-07-31T19:18:45Z,1075,8,8,13,0,0,1,1,1,1785525236
2026-07-31T19:18:45Z,1076,15,12,6,0,0,1,1,1,1785525223
2026-07-31T19:18:45Z,1077,12,8,9,0,0,1,1,1,1785525392
2026-07-31T19:18:45Z,1078,13,12,8,0,0,1,1,1,1785524721
2026-07-31T19:18:45Z,1079,12,8,9,0,0,1,1,1,1785525343
2026-07-31T19:18:45Z,1080,10,8,9,2,0,1,1,1,1785525270
2026-07-31T19:18:45Z,1081,14,8,5,0,0,1,1,1,1785524466
2026-07-31T19:18:45Z,1082,12,11,11,0,0,1,1,1,1785525349
2026-07-31T19:18:45Z,1083,13,11,8,0,0,1,1,1,1785525513
2026-07-31T19:18:45Z,1084,9,8,12,0,0,1,1,1,1785525228
2026-07-31T19:18:45Z,1085,14,8,7,0,0,1,1,1,1785524925
2026-07-31T19:18:45Z,1086,15,11,5,1,0,1,1,1,1785523799
2026-07-31T19:18:45Z,1087,6,6,9,0,0,1,1,1,1785524719
2026-07-31T19:18:45Z,1088,9,7,6,0,0,1,1,1,1785525492
2026-07-31T19:18:45Z,1089,5,2,10,0,0,1,1,1,1785524011
2026-07-31T19:18:45Z,1090,7,6,8,0,0,1,1,1,1785524563
2026-07-31T19:18:45Z,1091,5,3,10,0,0,1,1,1,1785524632
2026-07-31T19:18:45Z,1092,10,9,5,0,0,1,1,1,1785524011
2026-07-31T19:18:45Z,1093,5,5,9,1,0,1,1,1,1785524717
2026-07-31T19:18:45Z,1094,11,10,8,0,0,1,1,1,1785525444
2026-07-31T19:18:45Z,1095,9,8,6,0,0,1,1,1,1785525425
2026-07-31T19:18:45Z,1096,3,1,15,1,0,1,1,1,1785525142
2026-07-31T19:18:45Z,1097,8,8,7,0,0,1,1,1,1785524198
2026-07-31T19:18:45Z,1098,9,7,10,0,0,1,1,1,1785525045
2026-07-31T19:18:45Z,1099,7,6,8,0,0,1,1,1,1785525278
2026-07-31T19:18:45Z,1100,5,3,24,0,0,1,1,1,1785521793
2026-07-31T19:18:45Z,1101,10,5,11,0,0,1,1,1,1785525200
2026-07-31T19:18:45Z,1102,9,4,4,0,0,1,1,1,1785524416
2026-07-31T19:18:45Z,1103,11,5,10,0,0,1,1,1,1785503681
2026-07-31T19:18:45Z,1104,11,6,10,0,0,1,1,1,1785524951
2026-07-31T19:18:45Z,1105,8,4,5,0,0,1,1,1,1785524300
2026-07-31T19:18:45Z,1106,10,5,11,0,0,1,1,1,1785525291
2026-07-31T19:18:45Z,1107,9,5,6,0,0,1,1,1,1785523730
2026-07-31T19:18:45Z,1108,8,4,16,2,1,1,1,1,1785524306
2026-07-31T19:18:45Z,1109,8,4,7,0,0,1,1,1,1785525488
2026-07-31T19:18:45Z,1110,8,0,13,0,0,1,1,1,1785524815
2026-07-31T19:18:45Z,1111,8,5,12,1,0,1,1,1,1785521930
2026-07-31T19:18:45Z,1112,30,1,22,1,0,1,1,1,1785525482
2026-07-31T19:18:45Z,1113,4,0,17,0,0,1,1,1,1785524741
2026-07-31T19:18:45Z,1115,13,2,6,4,0,1,1,1,1785524193
2026-07-31T19:18:45Z,1116,2,1,17,0,0,1,1,1,1785525468
2026-07-31T19:18:45Z,1117,7,2,14,2,0,1,1,1,1785524993
2026-07-31T19:18:45Z,1118,7,0,13,1,0,1,1,1,1785525517
2026-07-31T19:18:45Z,1119,8,0,9,0,0,1,1,1,1785524650
2026-07-31T19:18:45Z,1120,9,0,9,1,0,1,1,1,1785524767
2026-07-31T19:18:45Z,1121,13,0,7,1,0,1,1,1,1785525054
2026-07-31T19:18:45Z,1122,5,5,15,1,0,1,1,1,1785524900
2026-07-31T19:18:45Z,1123,12,8,9,2,0,1,1,1,1785525105
2026-07-31T19:18:45Z,1124,2,0,11,2,0,1,1,1,1785525368
2026-07-31T19:18:45Z,1125,16,4,7,0,0,1,1,1,1785525391
2026-07-31T19:18:45Z,1126,8,0,13,0,0,1,1,1,1785525423
2026-07-31T19:18:45Z,1127,4,2,14,1,0,1,1,1,1785525037
2026-07-31T19:18:45Z,1128,1,0,14,0,0,1,1,1,1785525442
2026-07-31T19:18:45Z,1129,2,0,18,1,0,1,1,1,1785525179
2026-07-31T19:18:45Z,1130,2,0,13,0,0,1,1,1,1785525228
2026-07-31T19:18:45Z,1131,10,4,38,1,0,1,1,1,1785524985
2026-07-31T19:18:45Z,1132,9,3,10,2,0,1,1,1,1785525207
2026-07-31T19:18:45Z,1133,3,3,16,2,0,1,1,1,1785525288
2026-07-31T19:18:45Z,1134,11,5,8,0,0,1,1,1,1785524162
2026-07-31T19:18:45Z,1135,12,6,9,0,0,1,1,1,1785525093
2026-07-31T19:18:45Z,1136,6,1,17,0,0,1,1,1,1785525508
2026-07-31T19:18:45Z,1137,14,1,1,0,0,1,1,1,1785525360
2026-07-31T19:18:45Z,1138,3,0,16,0,0,1,1,1,1785525419
2026-07-31T19:18:45Z,1139,14,3,5,2,0,1,1,1,1785524159
2026-07-31T19:18:45Z,1140,4,3,18,1,0,1,1,1,1785525465
2026-07-31T19:18:45Z,1141,16,7,5,0,0,1,1,1,1785525437
2026-07-31T19:18:45Z,1142,0,0,21,0,0,1,1,1,1785524292
2026-07-31T19:18:45Z,1143,0,0,29,0,0,1,1,1,1785525463
2026-07-31T19:18:45Z,1144,7,0,13,1,0,1,1,1,1785524692
2026-07-31T19:18:45Z,1145,11,5,9,1,0,1,1,1,1785524057
2026-07-31T19:18:45Z,1146,4,0,13,2,0,1,1,1,1785525376
2026-07-31T19:18:45Z,1147,19,2,0,0,0,1,1,1,1785525388
2026-07-31T19:18:45Z,1148,0,0,31,0,0,1,1,1,1785525106
2026-07-31T19:18:45Z,1149,10,8,12,3,0,1,1,1,1785525485
2026-07-31T19:18:45Z,1150,3,1,16,0,0,1,1,1,1785525438
2026-07-31T19:18:45Z,1151,8,0,13,0,0,1,1,1,1785525318
2026-07-31T19:18:45Z,1152,0,0,29,0,0,1,1,1,1785525478
2026-07-31T19:18:45Z,1153,22,3,0,1,0,1,1,1,1785524371
2026-07-31T19:18:45Z,1154,5,0,14,0,0,1,1,1,1785525199
2026-07-31T19:18:45Z,1155,3,1,16,2,0,1,1,1,1785525509
2026-07-31T19:18:45Z,1158,3,1,16,0,0,1,1,1,1785525354
2026-07-31T19:18:45Z,1159,13,1,6,0,0,1,1,1,1785523898
2026-07-31T19:18:45Z,1160,9,1,10,0,0,1,1,1,1785525203
2026-07-31T19:18:45Z,1161,4,0,14,1,0,1,1,1,1785524033
2026-07-31T19:18:45Z,1162,1,1,18,0,0,1,1,1,1785524693
2026-07-31T19:18:45Z,1163,2,1,16,1,0,1,1,1,1785525474
2026-07-31T19:18:45Z,1164,6,1,13,0,0,1,1,1,1785523715
2026-07-31T19:18:45Z,1165,2,0,19,0,0,1,1,1,1785524457
2026-07-31T19:18:45Z,1166,13,3,8,0,0,1,1,1,1785523991
2026-07-31T19:18:45Z,1167,4,0,11,0,0,1,1,1,1785525203
2026-07-31T19:18:45Z,1168,2,1,19,2,0,1,1,1,1785525267
2026-07-31T19:18:45Z,1169,3,0,15,1,0,1,1,1,1785525376
2026-07-31T19:18:45Z,1170,7,1,14,0,0,1,1,1,1785523952
2026-07-31T19:18:45Z,1171,8,7,15,0,0,1,1,1,1785525464
2026-07-31T19:18:45Z,1172,1,0,12,2,0,1,1,1,1785524474
2026-07-31T19:18:45Z,1173,13,4,6,0,0,1,1,1,1785523816
2026-07-31T19:18:45Z,1174,6,3,9,0,0,1,1,1,1785525282
2026-07-31T19:18:45Z,1175,4,3,15,0,0,1,1,1,1785525246
2026-07-31T19:18:45Z,1176,21,2,0,0,0,1,1,1,1785524856
2026-07-31T19:18:45Z,1177,3,1,18,0,0,1,1,1,1785524784
2026-07-31T19:18:45Z,1178,4,1,11,0,0,1,1,1,1785525435
2026-07-31T19:18:45Z,1181,2,0,13,0,0,1,1,1,1785524241
2026-07-31T19:18:45Z,1182,14,1,4,2,0,1,1,1,1785525290
2026-07-31T19:18:45Z,1183,27,2,16,2,0,1,1,1,1785525519
2026-07-31T19:18:45Z,1184,7,2,12,2,0,1,1,1,1785525062
2026-07-31T19:18:45Z,1185,9,5,12,0,0,1,1,1,1785524920
2026-07-31T19:18:45Z,1186,10,5,9,0,0,1,1,1,1785524088
2026-07-31T19:18:45Z,1187,10,5,10,1,0,1,1,1,1785524346
2026-07-31T19:18:45Z,1188,10,5,5,0,0,1,1,1,1785523728
2026-07-31T19:18:45Z,1189,9,4,10,0,0,1,1,1,1785523851
2026-07-31T19:18:45Z,1190,9,4,12,0,0,1,1,1,1785525079
2026-07-31T19:18:45Z,1191,11,6,4,0,0,1,1,1,1785523732
2026-07-31T19:18:45Z,1192,10,6,10,1,0,1,1,1,1785525441
2026-07-31T19:18:45Z,1193,6,4,5,2,0,1,1,1,1785524508
2026-07-31T19:18:45Z,1197,9,6,7,1,0,1,1,1,1785525417
2026-07-31T19:18:45Z,1198,13,4,6,2,0,1,1,1,1785524151
2026-07-31T19:18:45Z,1199,3,0,16,0,0,1,1,1,1785524146
2026-07-31T19:18:45Z,1200,9,5,6,0,0,1,1,1,1785523769
2026-07-31T19:18:45Z,1201,10,5,5,0,0,1,1,1,1785523744
2026-07-31T19:18:45Z,1202,10,5,5,0,0,1,1,1,1785523846
2026-07-31T19:18:45Z,1203,11,5,4,0,0,1,1,1,1785523748
2026-07-31T19:18:45Z,1204,7,4,12,0,0,1,1,1,1785525333
2026-07-31T19:18:45Z,1206,11,5,10,0,0,1,1,1,1785524569
2026-07-31T19:18:45Z,1207,8,4,6,1,0,1,1,1,1785524062
2026-07-31T19:18:45Z,1208,10,4,9,0,0,1,1,1,1785523997
2026-07-31T19:18:45Z,1216,9,0,11,1,0,1,1,1,1785524788
2026-07-31T19:18:45Z,1218,3,0,18,0,0,1,1,1,1785525185
2026-07-31T19:18:45Z,1219,5,1,7,3,0,1,1,1,1785525518
2026-07-31T19:18:45Z,1220,15,6,4,0,0,1,1,1,1785524818
2026-07-31T19:18:45Z,1221,1,1,19,1,0,1,1,1,1785524532
2026-07-31T19:18:45Z,1222,14,0,15,0,0,1,1,1,1785525509
2026-07-31T19:18:45Z,1223,21,0,7,1,0,1,1,1,1785525395
2026-07-31T19:18:45Z,1226,0,0,3,0,0,0,1,1,1781868931
2026-07-31T19:18:45Z,1227,3,0,22,0,0,1,1,1,1785525389
2026-07-31T19:18:45Z,1228,4,4,25,0,0,1,1,1,1785524503
2026-07-31T19:18:45Z,1229,44,2,1,0,0,1,1,1,1785525491
2026-07-31T19:23:45Z,1,13,0,10,0,0,1,1,1,1785525334
2026-07-31T19:23:45Z,2,1,0,23,3,0,1,1,1,1785525533
2026-07-31T19:23:45Z,3,8,0,5,1,0,1,1,1,1785525796
2026-07-31T19:23:45Z,4,20,5,1,1,0,1,1,1,1785525818
2026-07-31T19:23:45Z,5,18,4,4,1,0,1,1,1,1785524501
2026-07-31T19:23:45Z,6,3,0,12,0,0,1,1,1,1785525795
2026-07-31T19:23:45Z,7,2,0,36,1,0,1,1,1,1785525675
2026-07-31T19:23:45Z,8,8,0,35,0,0,1,1,1,1785525705
2026-07-31T19:23:45Z,9,17,1,5,1,0,1,1,1,1785525744
2026-07-31T19:23:45Z,10,2,1,19,2,0,1,1,1,1785524334
2026-07-31T19:23:45Z,11,11,5,6,2,0,1,1,1,1785525657
2026-07-31T19:23:45Z,12,23,2,0,0,0,1,1,1,1785525508
2026-07-31T19:23:45Z,13,2,0,28,0,0,1,1,1,1785525812
2026-07-31T19:23:45Z,14,33,0,9,0,1,1,1,1,1785525750
2026-07-31T19:23:45Z,15,7,0,8,0,0,1,1,1,1785525030
2026-07-31T19:23:45Z,16,6,1,18,2,1,1,1,1,1785525623
2026-07-31T19:23:45Z,17,6,1,20,1,0,1,1,1,1785525752
2026-07-31T19:23:45Z,18,8,2,8,2,0,1,1,1,1785525393
2026-07-31T19:23:45Z,19,24,2,2,1,0,1,1,1,1785525758
2026-07-31T19:23:45Z,20,3,0,32,0,0,1,1,1,1785524595
2026-07-31T19:23:45Z,21,12,0,5,2,0,1,1,1,1785525593
2026-07-31T19:23:45Z,22,32,1,32,1,0,1,1,1,1785525531
2026-07-31T19:23:45Z,23,16,9,15,0,0,1,1,1,1785525494
2026-07-31T19:23:45Z,24,9,2,0,2,0,1,1,1,1785525819
2026-07-31T19:23:45Z,25,75,8,4,2,0,1,1,1,1785525818
2026-07-31T19:23:45Z,26,26,1,1,0,0,1,1,1,1785525736
2026-07-31T19:23:45Z,28,4,0,11,0,0,1,1,1,1785525360
2026-07-31T19:23:45Z,30,13,2,14,2,0,1,1,1,1785525763
2026-07-31T19:23:45Z,31,8,2,10,1,0,1,1,1,1785525814
2026-07-31T19:23:45Z,32,19,6,8,0,0,1,1,1,1785525789
2026-07-31T19:23:45Z,34,14,1,23,0,0,1,1,1,1785525728
2026-07-31T19:23:45Z,35,28,0,18,1,0,1,1,1,1785525787
2026-07-31T19:23:45Z,36,0,0,0,0,0,0,1,1,86400
2026-07-31T19:23:45Z,37,12,3,11,0,0,1,1,1,1785525634
2026-07-31T19:23:45Z,38,13,6,10,0,0,1,1,1,1785525626
2026-07-31T19:23:45Z,39,10,2,29,0,0,1,1,1,1785525749
2026-07-31T19:23:45Z,40,13,0,8,0,0,1,1,1,1785525678
2026-07-31T19:23:45Z,41,36,3,7,0,0,1,1,1,1785525531
2026-07-31T19:23:45Z,42,2,0,29,0,0,1,1,1,1785525520
2026-07-31T19:23:45Z,43,15,4,8,0,0,1,1,1,1785525801
2026-07-31T19:23:45Z,45,21,5,8,0,0,1,1,1,1785524405
2026-07-31T19:23:45Z,46,2,1,27,2,0,1,1,1,1785525733
2026-07-31T19:23:45Z,47,2,1,12,1,0,1,1,1,1785525321
2026-07-31T19:23:45Z,48,12,1,15,0,0,1,1,1,1785525818
2026-07-31T19:23:45Z,49,3,0,16,4,0,1,1,1,1785525822
2026-07-31T19:23:45Z,50,11,8,8,0,0,1,1,1,1785525591
2026-07-31T19:23:45Z,51,50,0,27,0,0,1,1,1,1785525820
2026-07-31T19:23:45Z,52,23,2,0,4,0,1,1,1,1785525818
2026-07-31T19:23:45Z,55,10,8,13,0,0,1,1,1,1785525488
2026-07-31T19:23:45Z,56,37,0,6,0,0,1,1,1,1785525798
2026-07-31T19:23:45Z,57,11,6,16,0,0,1,1,1,1785525717
2026-07-31T19:23:45Z,58,9,4,19,0,0,1,1,1,1785525715
2026-07-31T19:23:45Z,59,6,1,19,2,0,1,1,1,1785525690
2026-07-31T19:23:45Z,61,2,0,37,0,0,1,1,1,1785525568
2026-07-31T19:23:45Z,62,18,7,30,1,0,1,1,1,1785525761
2026-07-31T19:23:45Z,63,14,2,5,0,0,1,1,1,1785524735
2026-07-31T19:23:45Z,64,13,2,2,4,0,1,1,1,1785525219
2026-07-31T19:23:45Z,65,12,3,6,1,0,1,1,1,1785525700
2026-07-31T19:23:45Z,67,19,1,19,1,0,1,1,1,1785525744
2026-07-31T19:23:45Z,68,22,2,15,0,0,1,1,1,1785525619
2026-07-31T19:23:45Z,69,8,0,7,0,0,1,1,1,1785525036
2026-07-31T19:23:45Z,71,15,3,10,2,0,1,1,1,1785525396
2026-07-31T19:23:45Z,72,26,2,1,3,1,1,1,1,1785525641
2026-07-31T19:23:45Z,73,16,3,15,0,0,1,1,1,1785525818
2026-07-31T19:23:45Z,74,1,1,18,0,0,1,1,1,1785525067
2026-07-31T19:23:45Z,75,17,0,14,1,0,1,1,1,1785525730
2026-07-31T19:23:45Z,76,9,0,8,2,0,1,1,1,1785525822
2026-07-31T19:23:45Z,77,5,0,21,1,0,1,1,1,1785525810
2026-07-31T19:23:45Z,78,7,7,15,1,0,1,1,1,1785525762
2026-07-31T19:23:45Z,79,8,1,8,1,0,1,1,1,1785524848
2026-07-31T19:23:45Z,80,10,0,10,3,0,1,1,1,1785525810
2026-07-31T19:23:45Z,81,6,0,25,0,0,1,1,1,1785525696
2026-07-31T19:23:45Z,82,17,5,5,1,0,1,1,1,1785525457
2026-07-31T19:23:45Z,83,7,4,25,2,0,1,1,1,1785525821
2026-07-31T19:23:45Z,84,2,1,25,0,0,1,1,1,1785525718
2026-07-31T19:23:45Z,85,10,2,5,0,0,1,1,1,1785525213
2026-07-31T19:23:45Z,86,6,0,21,0,0,1,1,1,1785524785
2026-07-31T19:23:45Z,87,6,0,13,0,0,1,1,1,1785524151
2026-07-31T19:23:45Z,88,10,0,32,1,0,1,1,1,1785525498
2026-07-31T19:23:45Z,89,33,5,2,0,0,1,1,1,1785525199
2026-07-31T19:23:45Z,90,0,0,17,1,0,1,1,1,1785525789
2026-07-31T19:23:45Z,91,2,0,14,1,0,1,1,1,1785525260
2026-07-31T19:23:45Z,92,3,0,13,3,0,1,1,1,1785525800
2026-07-31T19:23:45Z,93,5,0,18,0,0,1,1,1,1785525453
2026-07-31T19:23:45Z,94,13,0,5,1,0,1,1,1,1785524759
2026-07-31T19:23:45Z,95,12,0,21,1,1,1,1,1,1785525819
2026-07-31T19:23:45Z,96,17,3,13,1,0,1,1,1,1785525472
2026-07-31T19:23:45Z,97,1,0,15,1,0,1,1,1,1785525546
2026-07-31T19:23:45Z,98,34,3,1,0,0,1,1,1,1785525816
2026-07-31T19:23:45Z,99,14,0,1,0,0,1,1,1,1785525716
2026-07-31T19:23:45Z,100,1,0,26,0,0,1,1,1,1785525626
2026-07-31T19:23:45Z,101,12,0,2,1,0,1,1,1,1785525779
2026-07-31T19:23:45Z,102,2,0,21,0,0,1,1,1,1785525714
2026-07-31T19:23:45Z,103,15,1,13,2,0,1,1,1,1785525811
2026-07-31T19:23:45Z,104,9,0,16,2,0,1,1,1,1785525823
2026-07-31T19:23:45Z,105,18,0,1,0,0,1,1,1,1785525750
2026-07-31T19:23:45Z,106,4,0,17,0,0,1,1,1,1785525308
2026-07-31T19:23:45Z,107,18,2,19,0,0,1,1,1,1785525813
2026-07-31T19:23:45Z,108,4,0,28,3,0,1,1,1,1785525805
2026-07-31T19:23:45Z,109,15,1,8,0,0,1,1,1,1785525597
2026-07-31T19:23:45Z,110,9,0,14,0,0,1,1,1,1785525458
2026-07-31T19:23:45Z,111,12,3,24,0,0,1,1,1,1785525721
2026-07-31T19:23:45Z,112,2,0,12,1,0,1,1,1,1785525765
2026-07-31T19:23:45Z,113,8,0,10,1,0,1,1,1,1785525713
2026-07-31T19:23:45Z,114,20,6,10,1,0,1,1,1,1785525745
2026-07-31T19:23:45Z,115,13,5,13,2,0,1,1,1,1785525466
2026-07-31T19:23:45Z,116,23,14,3,1,0,1,1,1,1785525481
2026-07-31T19:23:45Z,118,11,1,10,2,0,1,1,1,1785525396
2026-07-31T19:23:45Z,119,0,0,36,2,0,1,1,1,1785525270
2026-07-31T19:23:45Z,120,1,0,24,2,0,1,1,1,1785525205
2026-07-31T19:23:45Z,121,2,1,16,0,1,1,1,1,1785525817
2026-07-31T19:23:45Z,122,8,0,12,1,0,1,1,1,1785525649
2026-07-31T19:23:45Z,123,38,1,9,0,0,1,1,1,1785525620
2026-07-31T19:23:45Z,124,1,1,34,0,0,1,1,1,1785525786
2026-07-31T19:23:45Z,125,8,0,14,1,0,1,1,1,1785525641
2026-07-31T19:23:45Z,126,17,0,14,0,0,1,1,1,1785525006
2026-07-31T19:23:45Z,127,16,2,18,1,0,1,1,1,1785525752
2026-07-31T19:23:45Z,128,3,0,16,0,0,1,1,1,1785525736
2026-07-31T19:23:45Z,129,3,0,14,2,0,1,1,1,1785525165
2026-07-31T19:23:45Z,130,2,0,15,0,0,1,1,1,1785525792
2026-07-31T19:23:45Z,131,4,4,7,0,0,1,1,1,1785525818
2026-07-31T19:23:45Z,132,8,5,5,1,1,1,1,1,1785525593
2026-07-31T19:23:45Z,134,19,4,1,3,0,1,1,1,1785525710
2026-07-31T19:23:45Z,135,1,0,17,1,0,1,1,1,1785525451
2026-07-31T19:23:45Z,136,1,0,14,2,6,1,1,1,1785525755
2026-07-31T19:23:45Z,137,1,1,16,2,0,1,1,1,1785525722
2026-07-31T19:23:45Z,138,11,0,26,0,0,1,1,1,1785525281
2026-07-31T19:23:45Z,139,8,0,11,0,0,1,1,1,1785525747
2026-07-31T19:23:45Z,140,2,2,20,1,0,1,1,1,1785525820
2026-07-31T19:23:45Z,141,7,0,29,0,0,1,1,1,1785525302
2026-07-31T19:23:45Z,142,0,0,23,0,0,1,1,1,1785524321
2026-07-31T19:23:45Z,143,15,0,16,0,0,1,1,1,1785525792
2026-07-31T19:23:45Z,144,0,0,27,0,0,1,1,1,1785525789
2026-07-31T19:23:45Z,146,20,2,2,1,0,1,1,1,1785525623
2026-07-31T19:23:45Z,147,2,1,15,2,0,1,1,1,1785525779
2026-07-31T19:23:45Z,148,4,1,19,4,0,1,1,1,1785525781
2026-07-31T19:23:45Z,149,0,0,27,0,0,1,1,1,1785525798
2026-07-31T19:23:45Z,150,7,0,25,3,0,1,1,1,1785525786
2026-07-31T19:23:45Z,151,1,1,22,0,0,1,1,1,1785525800
2026-07-31T19:23:45Z,152,1,0,22,3,0,1,1,1,1785525800
2026-07-31T19:23:45Z,153,0,0,25,3,0,1,1,1,1785525753
2026-07-31T19:23:45Z,154,5,0,15,3,0,1,1,1,1785525817
2026-07-31T19:23:45Z,155,2,0,11,1,0,1,1,1,1785525544
2026-07-31T19:23:45Z,156,2,0,17,0,0,1,1,1,1785525804
2026-07-31T19:23:45Z,157,7,0,18,2,0,1,1,1,1785525660
2026-07-31T19:23:45Z,158,1,0,14,1,0,1,1,1,1785525667
2026-07-31T19:23:45Z,159,4,3,14,1,0,1,1,1,1785525783
2026-07-31T19:23:45Z,160,2,0,17,0,0,1,1,1,1785525686
2026-07-31T19:23:45Z,161,1,0,21,0,0,1,1,1,1785525709
2026-07-31T19:23:45Z,162,14,3,11,2,0,1,1,1,1785525547
2026-07-31T19:23:45Z,163,3,3,27,0,1,1,1,1,1785525802
2026-07-31T19:23:45Z,164,10,0,17,0,0,1,1,1,1785525277
2026-07-31T19:23:45Z,165,30,5,1,0,0,1,1,1,1785525746
2026-07-31T19:23:45Z,166,8,2,27,4,0,1,1,1,1785525821
2026-07-31T19:23:45Z,167,8,3,14,1,0,1,1,1,1785525596
2026-07-31T19:23:45Z,168,19,8,7,1,0,1,1,1,1785525767
2026-07-31T19:23:45Z,169,18,0,4,0,1,1,1,1,1785525806
2026-07-31T19:23:45Z,170,4,1,14,1,0,1,1,1,1785525473
2026-07-31T19:23:45Z,171,9,0,2,2,0,1,1,1,1785525733
2026-07-31T19:23:45Z,173,20,3,19,0,0,1,1,1,1785525699
2026-07-31T19:23:45Z,174,3,2,23,0,0,1,1,1,1785525799
2026-07-31T19:23:45Z,175,24,0,6,1,0,1,1,1,1785525810
2026-07-31T19:23:45Z,176,8,3,4,2,1,1,1,1,1785525760
2026-07-31T19:23:45Z,177,6,2,21,0,0,1,1,1,1785525823
2026-07-31T19:23:45Z,178,7,0,5,2,1,1,1,1,1785525823
2026-07-31T19:23:45Z,179,2,0,12,1,0,1,1,1,1785525805
2026-07-31T19:23:45Z,180,5,0,25,0,0,1,1,1,1785525245
2026-07-31T19:23:45Z,181,3,0,12,0,0,1,1,1,1785525619
2026-07-31T19:23:45Z,182,5,1,12,0,0,1,1,1,1785525513
2026-07-31T19:23:45Z,183,10,8,12,1,0,1,1,1,1785525749
2026-07-31T19:23:45Z,184,20,0,2,1,0,1,1,1,1785525778
2026-07-31T19:23:45Z,185,8,4,5,1,1,1,1,1,1785525190
2026-07-31T19:23:45Z,186,2,0,17,0,0,1,1,1,1785525754
2026-07-31T19:23:45Z,187,12,1,15,1,0,1,1,1,1785525034
2026-07-31T19:23:45Z,188,3,3,16,7,1,1,1,1,1785525674
2026-07-31T19:23:45Z,189,4,3,11,0,0,1,1,1,1785525662
2026-07-31T19:23:45Z,190,21,4,2,0,0,1,1,1,1785525606
2026-07-31T19:23:45Z,191,23,9,15,1,0,1,1,1,1785525822
2026-07-31T19:23:45Z,192,3,2,25,3,0,1,1,1,1785525664
2026-07-31T19:23:45Z,193,4,4,9,2,0,1,1,1,1785525576
2026-07-31T19:23:45Z,194,10,10,17,0,0,1,1,1,1785525697
2026-07-31T19:23:45Z,195,2,2,17,0,0,1,1,1,1785525453
2026-07-31T19:23:45Z,196,8,5,18,1,0,1,1,1,1785525673
2026-07-31T19:23:45Z,197,1,0,17,0,1,1,1,1,1785525616
2026-07-31T19:23:45Z,198,13,12,9,1,0,1,1,1,1785525262
2026-07-31T19:23:45Z,199,0,0,14,1,0,1,1,1,1785525601
2026-07-31T19:23:45Z,200,22,16,3,1,0,1,1,1,1785525512
2026-07-31T19:23:45Z,201,7,0,14,2,0,1,1,1,1785525204
2026-07-31T19:23:45Z,202,18,0,9,0,0,1,1,1,1785525435
2026-07-31T19:23:45Z,203,15,0,15,1,0,1,1,1,1785525393
2026-07-31T19:23:45Z,204,27,1,7,1,0,1,1,1,1785525620
2026-07-31T19:23:45Z,205,15,1,12,0,0,1,1,1,1785524424
2026-07-31T19:23:45Z,206,1,0,14,0,0,1,1,1,1785525224
2026-07-31T19:23:45Z,207,18,1,3,0,0,1,1,1,1785525743
2026-07-31T19:23:45Z,208,5,1,23,1,0,1,1,1,1785525822
2026-07-31T19:23:45Z,209,26,4,4,1,0,1,1,1,1785525701
2026-07-31T19:23:45Z,210,3,1,24,0,0,1,1,1,1785525785
2026-07-31T19:23:45Z,211,6,1,16,1,0,1,1,1,1785525561
2026-07-31T19:23:45Z,212,17,2,17,1,0,1,1,1,1785525788
2026-07-31T19:23:45Z,213,11,1,11,1,0,1,1,1,1785525787
2026-07-31T19:23:45Z,214,25,9,20,2,0,1,1,1,1785525788
2026-07-31T19:23:45Z,215,0,0,22,1,0,1,1,1,1785525530
2026-07-31T19:23:45Z,216,2,0,16,1,0,1,1,1,1785525821
2026-07-31T19:23:45Z,217,18,1,10,1,0,1,1,1,1785525671
2026-07-31T19:23:45Z,218,15,13,20,4,0,1,1,1,1785525808
2026-07-31T19:23:45Z,219,21,0,4,1,0,1,1,1,1785525654
2026-07-31T19:23:45Z,220,2,1,39,1,1,1,1,1,1785525742
2026-07-31T19:23:45Z,221,5,0,9,1,0,1,1,1,1785525712
2026-07-31T19:23:45Z,222,1,1,18,0,0,1,1,1,1785525374
2026-07-31T19:23:45Z,223,19,1,13,3,0,1,1,1,1785525804
2026-07-31T19:23:45Z,224,3,0,18,1,0,1,1,1,1785525733
2026-07-31T19:23:45Z,225,2,1,14,3,0,1,1,1,1785525706
2026-07-31T19:23:45Z,226,1,0,29,1,0,1,1,1,1785525788
2026-07-31T19:23:45Z,227,3,1,24,0,0,1,1,1,1785525754
2026-07-31T19:23:45Z,228,8,7,11,0,0,1,1,1,1785525726
2026-07-31T19:23:45Z,230,3,1,23,0,0,1,1,1,1785525593
2026-07-31T19:23:45Z,232,1,1,15,1,0,1,1,1,1785523402
2026-07-31T19:23:45Z,233,9,3,20,2,0,1,1,1,1785525781
2026-07-31T19:23:45Z,234,4,2,10,3,2,1,1,1,1785525576
2026-07-31T19:23:45Z,236,2,0,16,1,0,1,1,1,1785525605
2026-07-31T19:23:45Z,237,14,0,8,1,0,1,1,1,1785525452
2026-07-31T19:23:45Z,239,22,12,4,1,0,1,1,1,1785525819
2026-07-31T19:23:45Z,241,2,1,20,1,0,1,1,1,1785525781
2026-07-31T19:23:45Z,242,5,2,17,1,0,1,1,1,1785525778
2026-07-31T19:23:45Z,243,20,12,8,3,0,1,1,1,1785525805
2026-07-31T19:23:45Z,244,12,5,13,2,0,1,1,1,1785525678
2026-07-31T19:23:45Z,245,6,3,17,0,0,1,1,1,1785525772
2026-07-31T19:23:45Z,246,15,4,6,2,0,1,1,1,1785525593
2026-07-31T19:23:45Z,247,3,2,18,2,0,1,1,1,1785524867
2026-07-31T19:23:45Z,248,14,3,7,2,0,1,1,1,1785525531
2026-07-31T19:23:45Z,249,17,12,1,1,0,1,1,1,1785525678
2026-07-31T19:23:45Z,250,13,6,13,1,0,1,1,1,1785525709
2026-07-31T19:23:45Z,251,17,10,7,3,0,1,1,1,1785525474
2026-07-31T19:23:45Z,253,6,0,13,0,0,1,1,1,1785525471
2026-07-31T19:23:45Z,254,3,0,39,1,0,1,1,1,1785525581
2026-07-31T19:23:45Z,255,13,0,9,0,1,1,1,1,1785525743
2026-07-31T19:23:45Z,256,1,0,20,2,0,1,1,1,1785525311
2026-07-31T19:23:45Z,257,2,0,17,0,0,1,1,1,1785525033
2026-07-31T19:23:45Z,258,11,7,8,0,0,1,1,1,1785525694
2026-07-31T19:23:45Z,259,13,0,9,0,1,1,1,1,1785525081
2026-07-31T19:23:45Z,260,2,1,14,3,0,1,1,1,1785525731
2026-07-31T19:23:45Z,261,0,0,16,2,1,1,1,1,1785525708
2026-07-31T19:23:45Z,262,2,1,20,1,0,1,1,1,1785525759
2026-07-31T19:23:45Z,263,1,0,14,0,0,1,1,1,1785525798
2026-07-31T19:23:45Z,264,0,0,18,1,0,1,1,1,1785525740
2026-07-31T19:23:45Z,265,3,0,12,0,0,1,1,1,1785525759
2026-07-31T19:23:45Z,266,1,0,16,2,0,1,1,1,1785525309
2026-07-31T19:23:45Z,267,7,3,7,1,0,1,1,1,1785523295
2026-07-31T19:23:45Z,268,19,7,4,0,0,1,1,1,1785525587
2026-07-31T19:23:45Z,269,2,2,21,0,0,1,1,1,1785523808
2026-07-31T19:23:45Z,270,5,1,21,1,0,1,1,1,1785525669
2026-07-31T19:23:45Z,271,1,0,16,2,0,1,1,1,1785525042
2026-07-31T19:23:45Z,272,6,2,16,1,0,1,1,1,1785525689
2026-07-31T19:23:45Z,273,5,2,10,0,0,1,1,1,1785524752
2026-07-31T19:23:45Z,274,3,1,12,4,0,1,1,1,1785525743
2026-07-31T19:23:45Z,275,7,0,16,0,0,1,1,1,1785525785
2026-07-31T19:23:45Z,276,0,0,26,1,0,1,1,1,1785522296
2026-07-31T19:23:45Z,277,19,10,0,4,0,1,1,1,1785525665
2026-07-31T19:23:45Z,278,16,6,12,3,0,1,1,1,1785525761
2026-07-31T19:23:45Z,279,16,2,3,0,0,1,1,1,1785525745
2026-07-31T19:23:45Z,280,3,1,24,4,0,1,1,1,1785525715
2026-07-31T19:23:45Z,281,2,0,17,0,0,1,1,1,1785525554
2026-07-31T19:23:45Z,282,7,2,11,0,0,1,1,1,1785525180
2026-07-31T19:23:45Z,283,17,0,17,1,0,1,1,1,1785525790
2026-07-31T19:23:45Z,284,2,2,31,2,0,1,1,1,1785525822
2026-07-31T19:23:45Z,285,0,0,23,0,0,1,1,1,1785523412
2026-07-31T19:23:45Z,286,1,1,22,0,0,1,1,1,1785525697
2026-07-31T19:23:45Z,287,13,2,8,2,0,1,1,1,1785522522
2026-07-31T19:23:45Z,288,1,1,17,1,0,1,1,1,1785525226
2026-07-31T19:23:45Z,289,5,2,20,2,0,1,1,1,1785525791
2026-07-31T19:23:45Z,290,10,0,28,1,0,1,1,1,1785525759
2026-07-31T19:23:45Z,291,12,0,10,1,0,1,1,1,1785525141
2026-07-31T19:23:45Z,292,16,0,7,0,0,1,1,1,1785525780
2026-07-31T19:23:45Z,293,4,3,17,2,0,1,1,1,1785525288
2026-07-31T19:23:45Z,294,7,7,14,1,0,1,1,1,1785525687
2026-07-31T19:23:45Z,297,9,0,9,0,1,1,1,1,1785525488
2026-07-31T19:23:45Z,301,15,0,4,0,0,1,1,1,1785525749
2026-07-31T19:23:45Z,302,7,0,15,1,0,1,1,1,1785525432
2026-07-31T19:23:45Z,303,2,0,17,0,0,1,1,1,1785524398
2026-07-31T19:23:45Z,304,0,0,0,0,0,0,1,1,86400
2026-07-31T19:23:45Z,305,5,0,13,1,0,1,1,1,1785525817
2026-07-31T19:23:45Z,306,1,0,31,0,0,1,1,1,1785525707
2026-07-31T19:23:45Z,307,2,1,19,1,1,1,1,1,1785525766
2026-07-31T19:23:45Z,308,15,1,2,2,0,1,1,1,1785525318
2026-07-31T19:23:45Z,309,3,3,11,0,0,1,1,1,1785525754
2026-07-31T19:23:45Z,311,5,0,10,0,0,1,1,1,1785525660
2026-07-31T19:23:45Z,312,10,8,10,3,0,1,1,1,1785525798
2026-07-31T19:23:45Z,313,5,1,10,0,0,1,1,1,1785525799
2026-07-31T19:23:45Z,314,18,11,1,0,0,1,1,1,1785525762
2026-07-31T19:23:45Z,315,12,5,17,2,0,1,1,1,1785525660
2026-07-31T19:23:45Z,316,1,0,23,6,1,1,1,1,1785525615
2026-07-31T19:23:45Z,317,10,7,20,0,1,1,1,1,1785525655
2026-07-31T19:23:45Z,318,18,0,1,0,0,1,1,1,1785518312
2026-07-31T19:23:45Z,319,15,0,6,2,0,1,1,1,1785525637
2026-07-31T19:23:45Z,320,12,2,6,1,0,1,1,1,1785525114
2026-07-31T19:23:45Z,321,3,0,12,4,0,1,1,1,1785525589
2026-07-31T19:23:45Z,322,13,0,16,0,0,1,1,1,1785523840
2026-07-31T19:23:45Z,323,5,0,14,0,0,1,1,1,1785525749
2026-07-31T19:23:45Z,324,16,1,10,1,0,1,1,1,1785525812
2026-07-31T19:23:45Z,325,1,0,24,2,0,1,1,1,1785525020
2026-07-31T19:23:45Z,327,5,0,21,1,0,1,1,1,1785525626
2026-07-31T19:23:45Z,328,5,0,16,1,0,1,1,1,1785525450
2026-07-31T19:23:45Z,329,1,0,15,3,0,1,1,1,1785525811
2026-07-31T19:23:45Z,330,18,1,4,0,0,1,1,1,1785525676
2026-07-31T19:23:45Z,331,13,1,8,2,0,1,1,1,1785525818
2026-07-31T19:23:45Z,332,3,1,14,2,0,1,1,1,1785525795
2026-07-31T19:23:45Z,333,3,3,19,1,0,1,1,1,1785525677
2026-07-31T19:23:45Z,334,5,2,18,0,0,1,1,1,1785525464
2026-07-31T19:23:45Z,335,0,0,22,0,1,1,1,1,1785525443
2026-07-31T19:23:45Z,336,1,1,18,0,0,1,1,1,1785524934
2026-07-31T19:23:45Z,337,9,3,10,4,0,1,1,1,1785525660
2026-07-31T19:23:45Z,338,5,4,14,0,0,1,1,1,1785525618
2026-07-31T19:23:45Z,339,13,10,5,5,0,1,1,1,1785525345
2026-07-31T19:23:45Z,340,0,0,14,1,0,1,1,1,1785525770
2026-07-31T19:23:45Z,341,5,4,14,0,0,1,1,1,1785525680
2026-07-31T19:23:45Z,342,0,0,15,0,0,1,1,1,1785525424
2026-07-31T19:23:45Z,343,17,3,5,1,0,1,1,1,1785525804
2026-07-31T19:23:45Z,344,4,3,19,0,0,1,1,1,1785524550
2026-07-31T19:23:45Z,345,8,0,11,0,0,1,1,1,1785525578
2026-07-31T19:23:45Z,346,4,3,19,0,0,1,1,1,1785525123
2026-07-31T19:23:45Z,347,38,5,5,1,0,1,1,1,1785525794
2026-07-31T19:23:45Z,348,13,0,9,0,1,1,1,1,1785525596
2026-07-31T19:23:45Z,349,14,2,5,0,0,1,1,1,1785525517
2026-07-31T19:23:45Z,350,0,0,25,1,1,1,1,1,1785523926
2026-07-31T19:23:45Z,351,3,0,18,2,0,1,1,1,1785525589
2026-07-31T19:23:45Z,355,2,0,21,0,0,1,1,1,1785525531
2026-07-31T19:23:45Z,356,6,1,13,0,0,1,1,1,1785525486
2026-07-31T19:23:45Z,357,3,2,16,0,0,1,1,1,1785525670
2026-07-31T19:23:45Z,358,15,4,11,1,0,1,1,1,1785525541
2026-07-31T19:23:45Z,359,10,1,17,0,0,1,1,1,1785525647
2026-07-31T19:23:45Z,360,6,3,12,1,0,1,1,1,1785523627
2026-07-31T19:23:45Z,362,2,2,16,1,0,1,1,1,1785525804
2026-07-31T19:23:45Z,363,22,3,5,0,0,1,1,1,1785525669
2026-07-31T19:23:45Z,364,5,2,14,0,0,1,1,1,1785525277
2026-07-31T19:23:45Z,365,0,0,20,3,0,1,1,1,1785525651
2026-07-31T19:23:45Z,366,3,3,20,0,0,1,1,1,1785525814
2026-07-31T19:23:45Z,367,1,1,17,1,0,1,1,1,1785525535
2026-07-31T19:23:45Z,368,0,0,22,1,0,1,1,1,1785522825
2026-07-31T19:23:45Z,370,0,0,27,0,0,1,1,1,1785524031
2026-07-31T19:23:45Z,371,1,1,17,1,0,1,1,1,1785525597
2026-07-31T19:23:45Z,372,14,0,0,1,0,1,1,1,1785525641
2026-07-31T19:23:45Z,373,0,0,27,0,0,1,1,1,1785525348
2026-07-31T19:23:45Z,374,1,0,17,1,0,1,1,1,1785525490
2026-07-31T19:23:45Z,375,16,4,9,2,0,1,1,1,1785525647
2026-07-31T19:23:45Z,376,29,5,8,2,0,1,1,1,1785525605
2026-07-31T19:23:45Z,377,2,0,25,0,0,1,1,1,1785524887
2026-07-31T19:23:45Z,378,1,1,22,0,1,1,1,1,1785525544
2026-07-31T19:23:45Z,379,8,0,17,2,0,1,1,1,1785525139
2026-07-31T19:23:45Z,380,1,0,21,1,0,1,1,1,1785525685
2026-07-31T19:23:45Z,381,0,0,23,0,0,1,1,1,1785525544
2026-07-31T19:23:45Z,383,5,0,8,2,0,1,1,1,1785525765
2026-07-31T19:23:45Z,384,7,1,17,3,0,1,1,1,1785525750
2026-07-31T19:23:45Z,385,8,5,9,1,0,1,1,1,1785525437
2026-07-31T19:23:45Z,387,8,2,15,0,0,1,1,1,1785525388
2026-07-31T19:23:45Z,388,39,5,7,3,0,1,1,1,1785525758
2026-07-31T19:23:45Z,389,2,2,13,0,0,1,1,1,1785523736
2026-07-31T19:23:45Z,390,9,0,25,1,0,1,1,1,1785525766
2026-07-31T19:23:45Z,391,2,0,13,0,0,1,1,1,1785524887
2026-07-31T19:23:45Z,392,0,0,18,1,0,1,1,1,1785525664
2026-07-31T19:23:45Z,393,1,0,7,3,0,1,1,1,1785525437
2026-07-31T19:23:45Z,394,5,1,5,3,0,1,1,1,1785525564
2026-07-31T19:23:45Z,396,27,7,12,3,0,1,1,1,1785525813
2026-07-31T19:23:45Z,397,21,9,10,0,0,1,1,1,1785525793
2026-07-31T19:23:45Z,399,4,0,10,3,0,1,1,1,1785525819
2026-07-31T19:23:45Z,400,13,8,8,2,0,1,1,1,1785525644
2026-07-31T19:23:45Z,401,1,1,30,8,0,1,1,1,1785525823
2026-07-31T19:23:45Z,403,16,1,12,3,0,1,1,1,1785525445
2026-07-31T19:23:45Z,404,7,1,16,0,0,1,1,1,1785525418
2026-07-31T19:23:45Z,406,23,7,12,0,0,1,1,1,1785525820
2026-07-31T19:23:45Z,407,1,0,32,1,0,1,1,1,1785525212
2026-07-31T19:23:45Z,408,11,1,18,4,0,1,1,1,1785525554
2026-07-31T19:23:45Z,409,16,2,4,3,0,1,1,1,1785525164
2026-07-31T19:23:45Z,413,11,3,11,1,0,1,1,1,1785525283
2026-07-31T19:23:45Z,414,6,0,9,0,0,1,1,1,1785525691
2026-07-31T19:23:45Z,417,3,3,16,0,0,1,1,1,1785525746
2026-07-31T19:23:45Z,418,4,3,11,0,0,1,1,1,1785524848
2026-07-31T19:23:45Z,419,10,2,13,0,0,1,1,1,1785525782
2026-07-31T19:23:45Z,421,2,0,17,0,0,1,1,1,1785525391
2026-07-31T19:23:45Z,422,21,5,6,0,0,1,1,1,1785525639
2026-07-31T19:23:45Z,423,2,0,21,0,0,1,1,1,1785525808
2026-07-31T19:23:45Z,424,7,2,5,2,1,1,1,1,1785525262
2026-07-31T19:23:45Z,425,4,3,16,1,1,1,1,1,1785525609
2026-07-31T19:23:45Z,426,18,2,14,5,0,1,1,1,1785525413
2026-07-31T19:23:45Z,427,8,0,4,3,0,1,1,1,1785525591
2026-07-31T19:23:45Z,428,9,1,10,0,0,1,1,1,1785525614
2026-07-31T19:23:45Z,429,14,5,8,1,0,1,1,1,1785525812
2026-07-31T19:23:45Z,430,6,2,24,1,0,1,1,1,1785525485
2026-07-31T19:23:45Z,431,0,0,32,1,0,1,1,1,1785525446
2026-07-31T19:23:45Z,432,0,0,30,1,0,0,1,1,1785508564
2026-07-31T19:23:45Z,433,2,1,18,3,0,1,1,1,1785522776
2026-07-31T19:23:45Z,437,1,1,16,2,0,1,1,1,1785525677
2026-07-31T19:23:45Z,438,16,1,2,1,0,1,1,1,1785525783
2026-07-31T19:23:45Z,439,8,4,7,0,0,1,1,1,1785525674
2026-07-31T19:23:45Z,440,14,7,1,0,0,1,1,1,1785525440
2026-07-31T19:23:45Z,441,12,3,1,2,0,1,1,1,1785525563
2026-07-31T19:23:45Z,442,5,5,13,1,0,1,1,1,1785525759
2026-07-31T19:23:45Z,443,5,2,22,0,0,1,1,1,1785512432
2026-07-31T19:23:45Z,444,7,2,16,0,0,1,1,1,1785525529
2026-07-31T19:23:45Z,445,6,2,16,1,0,1,1,1,1785525698
2026-07-31T19:23:45Z,446,1,0,21,1,0,1,1,1,1785519783
2026-07-31T19:23:45Z,447,3,0,18,1,1,1,1,1,1785496389
2026-07-31T19:23:45Z,448,7,1,7,1,0,1,1,1,1785523571
2026-07-31T19:23:45Z,452,0,0,18,1,0,1,1,1,1785525803
2026-07-31T19:23:45Z,453,7,3,5,3,0,1,1,1,1785525595
2026-07-31T19:23:45Z,454,13,0,6,0,0,1,1,1,1785525495
2026-07-31T19:23:45Z,455,2,0,37,0,0,1,1,1,1785525435
2026-07-31T19:23:45Z,456,15,3,4,1,0,1,1,1,1785525727
2026-07-31T19:23:45Z,457,22,0,0,5,0,1,1,1,1785525283
2026-07-31T19:23:45Z,458,4,0,18,1,0,1,1,1,1785525370
2026-07-31T19:23:45Z,459,5,0,10,0,0,1,1,1,1785524540
2026-07-31T19:23:45Z,460,15,1,8,0,0,1,1,1,1785525818
2026-07-31T19:23:45Z,461,15,1,3,1,0,1,1,1,1785525597
2026-07-31T19:23:45Z,462,17,2,4,0,0,1,1,1,1785525612
2026-07-31T19:23:45Z,463,8,1,11,0,0,1,1,1,1785525312
2026-07-31T19:23:45Z,464,1,1,13,0,0,1,1,1,1785524794
2026-07-31T19:23:45Z,465,4,3,11,0,0,1,1,1,1785525436
2026-07-31T19:23:45Z,466,6,1,5,4,0,1,1,1,1785525433
2026-07-31T19:23:45Z,467,4,1,15,0,0,1,1,1,1785525591
2026-07-31T19:23:45Z,468,11,1,7,1,0,1,1,1,1785525818
2026-07-31T19:23:45Z,469,19,1,3,1,0,1,1,1,1785525704
2026-07-31T19:23:45Z,470,0,0,13,2,0,1,1,1,1785525710
2026-07-31T19:23:45Z,471,27,3,0,0,0,1,1,1,1785523482
2026-07-31T19:23:45Z,472,6,1,11,2,0,1,1,1,1785525814
2026-07-31T19:23:45Z,473,6,0,13,0,0,1,1,1,1785525379
2026-07-31T19:23:45Z,474,7,0,12,0,0,1,1,1,1785525810
2026-07-31T19:23:45Z,475,1,1,17,1,0,1,1,1,1785525040
2026-07-31T19:23:45Z,477,9,0,6,0,0,1,1,1,1785524871
2026-07-31T19:23:45Z,478,11,6,19,1,0,1,1,1,1785525718
2026-07-31T19:23:45Z,479,3,1,22,2,0,1,1,1,1785525397
2026-07-31T19:23:45Z,480,2,0,11,2,0,1,1,1,1785522964
2026-07-31T19:23:45Z,481,9,0,25,1,0,1,1,1,1785525810
2026-07-31T19:23:45Z,482,5,4,14,0,0,1,1,1,1785525762
2026-07-31T19:23:45Z,483,9,0,15,3,0,1,1,1,1785525815
2026-07-31T19:23:45Z,484,2,1,15,2,0,1,1,1,1785525567
2026-07-31T19:23:45Z,485,7,0,11,0,1,1,1,1,1785525802
2026-07-31T19:23:45Z,486,0,0,24,3,0,1,1,1,1785525712
2026-07-31T19:23:45Z,487,6,3,12,1,0,1,1,1,1785525340
2026-07-31T19:23:45Z,489,8,5,7,0,0,1,1,1,1785525722
2026-07-31T19:23:45Z,490,5,1,10,1,0,1,1,1,1785525681
2026-07-31T19:23:45Z,491,7,3,14,0,0,1,1,1,1785525512
2026-07-31T19:23:45Z,492,6,4,2,3,0,1,1,1,1785525819
2026-07-31T19:23:45Z,493,21,0,6,0,0,1,1,1,1785525108
2026-07-31T19:23:45Z,495,8,0,4,3,0,1,1,1,1785525795
2026-07-31T19:23:45Z,496,0,0,27,0,0,1,1,1,1785525762
2026-07-31T19:23:45Z,497,6,2,11,2,0,1,1,1,1785525652
2026-07-31T19:23:45Z,498,9,0,14,0,0,1,1,1,1785525687
2026-07-31T19:23:45Z,499,1,0,17,1,0,1,1,1,1785525646
2026-07-31T19:23:45Z,500,0,0,11,4,0,1,1,1,1785525419
2026-07-31T19:23:45Z,501,19,3,2,0,0,1,1,1,1785525325
2026-07-31T19:23:45Z,502,16,4,3,0,0,1,1,1,1785524747
2026-07-31T19:23:45Z,503,0,0,30,1,0,1,1,1,1785525641
2026-07-31T19:23:45Z,504,9,1,30,0,0,1,1,1,1785525780
2026-07-31T19:23:45Z,505,2,0,9,1,0,1,1,1,1785525821
2026-07-31T19:23:45Z,511,6,3,17,0,0,1,1,1,1785525823
2026-07-31T19:23:45Z,512,10,0,17,0,0,1,1,1,1785525438
2026-07-31T19:23:45Z,514,1,1,9,1,0,1,1,1,1785525727
2026-07-31T19:23:45Z,515,0,0,19,0,0,1,1,1,1785525329
2026-07-31T19:23:45Z,516,13,0,14,0,0,1,1,1,1785525394
2026-07-31T19:23:45Z,517,16,2,7,0,0,1,1,1,1785524666
2026-07-31T19:23:45Z,518,7,0,7,1,0,1,1,1,1785525035
2026-07-31T19:23:45Z,519,1,1,16,2,0,1,1,1,1785525715
2026-07-31T19:23:45Z,520,14,7,7,5,1,1,1,1,1785525821
2026-07-31T19:23:45Z,521,5,2,18,0,0,1,1,1,1785525561
2026-07-31T19:23:45Z,522,3,0,20,0,0,1,1,1,1785525751
2026-07-31T19:23:45Z,523,8,4,14,1,0,1,1,1,1785525599
2026-07-31T19:23:45Z,524,6,0,17,0,0,1,1,1,1785525453
2026-07-31T19:23:45Z,525,13,0,6,0,0,1,1,1,1785525104
2026-07-31T19:23:45Z,526,4,0,11,0,0,1,1,1,1785520493
2026-07-31T19:23:45Z,527,11,8,13,2,0,1,1,1,1785525716
2026-07-31T19:23:45Z,528,18,3,3,2,0,1,1,1,1785525607
2026-07-31T19:23:45Z,529,10,4,2,7,0,1,1,1,1785525823
2026-07-31T19:23:45Z,530,8,0,12,1,0,1,1,1,1785525758
2026-07-31T19:23:45Z,531,0,0,22,0,1,1,1,1,1785525812
2026-07-31T19:23:45Z,532,26,12,4,1,0,1,1,1,1785525498
2026-07-31T19:23:45Z,533,8,0,10,1,0,1,1,1,1785525279
2026-07-31T19:23:45Z,534,0,0,23,0,0,1,1,1,1785525411
2026-07-31T19:23:45Z,535,12,1,3,0,0,1,1,1,1785525046
2026-07-31T19:23:45Z,536,10,1,13,0,0,1,1,1,1785525319
2026-07-31T19:23:45Z,537,13,0,7,0,0,1,1,1,1785525579
2026-07-31T19:23:45Z,538,3,0,18,0,2,1,1,1,1785525663
2026-07-31T19:23:45Z,539,14,8,17,0,0,1,1,1,1785525596
2026-07-31T19:23:45Z,540,5,5,14,0,0,1,1,1,1785525635
2026-07-31T19:23:45Z,541,6,2,20,1,0,1,1,1,1785525687
2026-07-31T19:23:45Z,542,0,0,22,1,0,1,1,1,1785525373
2026-07-31T19:23:45Z,543,0,0,17,2,0,1,1,1,1785525819
2026-07-31T19:23:45Z,544,6,1,11,5,0,1,1,1,1785525648
2026-07-31T19:23:45Z,545,15,2,1,3,0,1,1,1,1785525606
2026-07-31T19:23:45Z,546,6,4,12,1,0,1,1,1,1785525531
2026-07-31T19:23:45Z,547,2,0,23,0,0,1,1,1,1785525646
2026-07-31T19:23:45Z,548,4,1,19,0,0,1,1,1,1785524861
2026-07-31T19:23:45Z,549,13,1,9,1,0,1,1,1,1785525801
2026-07-31T19:23:45Z,550,7,6,12,0,0,1,1,1,1785525493
2026-07-31T19:23:45Z,551,3,2,19,1,0,1,1,1,1785525539
2026-07-31T19:23:45Z,552,16,2,11,0,0,1,1,1,1785524747
2026-07-31T19:23:45Z,553,4,0,19,0,0,1,1,1,1785525594
2026-07-31T19:23:45Z,554,7,1,12,0,0,1,1,1,1785521507
2026-07-31T19:23:45Z,555,5,1,9,1,0,1,1,1,1785523506
2026-07-31T19:23:45Z,556,18,1,3,2,0,1,1,1,1785525616
2026-07-31T19:23:45Z,557,8,5,12,3,0,1,1,1,1785525440
2026-07-31T19:23:45Z,558,29,10,7,1,0,1,1,1,1785525696
2026-07-31T19:23:45Z,559,18,3,0,1,0,1,1,1,1785525192
2026-07-31T19:23:45Z,560,8,0,19,0,0,1,1,1,1785525823
2026-07-31T19:23:45Z,561,8,3,13,2,0,1,1,1,1785525745
2026-07-31T19:23:45Z,562,8,1,21,6,0,1,1,1,1785525810
2026-07-31T19:23:45Z,563,1,1,13,0,0,1,1,1,1785525728
2026-07-31T19:23:45Z,564,1,0,17,1,0,1,1,1,1785520409
2026-07-31T19:23:45Z,565,5,0,14,0,0,1,1,1,1785525524
2026-07-31T19:23:45Z,566,2,0,16,1,0,1,1,1,1785525740
2026-07-31T19:23:45Z,567,2,1,23,2,0,1,1,1,1785525663
2026-07-31T19:23:45Z,568,8,1,10,1,0,1,1,1,1785525820
2026-07-31T19:23:45Z,569,9,2,9,1,0,1,1,1,1785525231
2026-07-31T19:23:45Z,570,3,2,14,2,0,1,1,1,1785525722
2026-07-31T19:23:45Z,571,14,1,9,0,0,1,1,1,1785525380
2026-07-31T19:23:45Z,572,1,0,17,1,0,1,1,1,1785525294
2026-07-31T19:23:45Z,573,0,0,14,1,0,1,1,1,1785525016
2026-07-31T19:23:45Z,574,3,2,12,0,0,1,1,1,1785525583
2026-07-31T19:23:45Z,575,1,0,19,1,0,1,1,1,1785525628
2026-07-31T19:23:45Z,576,7,2,12,0,0,1,1,1,1785525785
2026-07-31T19:23:45Z,577,17,2,14,0,0,1,1,1,1785525512
2026-07-31T19:23:45Z,578,0,0,22,1,0,1,1,1,1785523700
2026-07-31T19:23:45Z,579,10,1,32,1,0,1,1,1,1785525641
2026-07-31T19:23:45Z,580,1,1,28,0,0,1,1,1,1785524702
2026-07-31T19:23:45Z,581,3,0,15,1,0,1,1,1,1785525810
2026-07-31T19:23:45Z,582,30,1,29,2,0,1,1,1,1785525793
2026-07-31T19:23:45Z,583,1,0,22,0,0,1,1,1,1785525672
2026-07-31T19:23:45Z,584,12,1,4,3,0,1,1,1,1785524748
2026-07-31T19:23:45Z,585,13,1,13,0,1,1,1,1,1785525623
2026-07-31T19:23:45Z,586,26,5,7,2,0,1,1,1,1785525711
2026-07-31T19:23:45Z,587,7,0,16,1,0,1,1,1,1785525770
2026-07-31T19:23:45Z,588,13,2,3,2,1,1,1,1,1785525725
2026-07-31T19:23:45Z,589,1,0,21,0,0,1,1,1,1785525538
2026-07-31T19:23:45Z,590,3,1,28,0,0,1,1,1,1785525712
2026-07-31T19:23:45Z,591,8,0,20,2,0,1,1,1,1785525140
2026-07-31T19:23:45Z,592,2,0,21,0,0,1,1,1,1785525238
2026-07-31T19:23:45Z,593,20,1,17,1,0,1,1,1,1785525816
2026-07-31T19:23:45Z,594,5,0,15,1,0,1,1,1,1785525391
2026-07-31T19:23:45Z,595,0,0,3,0,0,0,1,1,1784046673
2026-07-31T19:23:45Z,605,0,0,2,1,0,0,1,1,1783975843
2026-07-31T19:23:45Z,606,0,0,0,0,0,0,1,1,86400
2026-07-31T19:23:45Z,607,21,1,9,2,0,1,1,1,1785525796
2026-07-31T19:23:45Z,608,22,2,26,2,0,1,1,1,1785525816
2026-07-31T19:23:45Z,609,14,11,9,0,0,1,1,1,1785525688
2026-07-31T19:23:45Z,610,17,1,17,1,0,1,1,1,1785525746
2026-07-31T19:23:45Z,611,13,1,13,1,0,1,1,1,1785525774
2026-07-31T19:23:45Z,612,7,1,8,0,0,1,1,1,1785522916
2026-07-31T19:23:45Z,613,12,4,0,3,0,1,1,1,1785521812
2026-07-31T19:23:45Z,614,9,6,15,2,1,1,1,1,1785525599
2026-07-31T19:23:45Z,617,3,0,9,3,0,1,1,1,1785525350
2026-07-31T19:23:45Z,618,12,0,2,5,0,1,1,1,1785525185
2026-07-31T19:23:45Z,619,3,0,16,0,0,1,1,1,1785525537
2026-07-31T19:23:45Z,620,8,1,19,0,0,1,1,1,1785525728
2026-07-31T19:23:45Z,621,1,0,22,0,0,1,1,1,1785525609
2026-07-31T19:23:45Z,622,15,3,7,1,0,1,1,1,1785525814
2026-07-31T19:23:45Z,623,24,10,5,1,0,1,1,1,1785525417
2026-07-31T19:23:45Z,624,1,0,14,0,0,1,1,1,1785518992
2026-07-31T19:23:45Z,625,16,2,3,2,0,1,1,1,1785525582
2026-07-31T19:23:45Z,626,36,2,9,0,2,1,1,1,1785525223
2026-07-31T19:23:45Z,627,14,4,5,0,0,1,1,1,1785523863
2026-07-31T19:23:45Z,628,5,4,13,0,1,1,1,1,1785525783
2026-07-31T19:23:45Z,629,4,2,5,2,0,1,1,1,1785525630
2026-07-31T19:23:45Z,630,2,0,22,3,0,1,1,1,1785525748
2026-07-31T19:23:45Z,631,16,11,7,0,0,1,1,1,1785525757
2026-07-31T19:23:45Z,632,18,1,3,2,0,1,1,1,1785524733
2026-07-31T19:23:45Z,633,11,2,1,3,0,1,1,1,1785522133
2026-07-31T19:23:45Z,634,9,2,10,0,0,1,1,1,1785525814
2026-07-31T19:23:45Z,635,15,0,3,1,0,1,1,1,1785525625
2026-07-31T19:23:45Z,636,6,0,9,0,0,1,1,1,1785525400
2026-07-31T19:23:45Z,637,8,3,9,2,0,1,1,1,1785522836
2026-07-31T19:23:45Z,638,6,1,11,2,0,1,1,1,1785524626
2026-07-31T19:23:45Z,639,7,1,10,2,0,1,1,1,1785501255
2026-07-31T19:23:45Z,640,15,8,7,1,0,1,1,1,1785525798
2026-07-31T19:23:45Z,641,9,0,18,0,0,1,1,1,1785525627
2026-07-31T19:23:45Z,642,7,2,4,8,0,1,1,1,1785525823
2026-07-31T19:23:45Z,643,9,0,10,8,0,1,1,1,1785525820
2026-07-31T19:23:45Z,644,13,1,1,1,0,1,1,1,1785517829
2026-07-31T19:23:45Z,645,12,1,9,1,1,1,1,1,1785525372
2026-07-31T19:23:45Z,646,2,0,16,1,0,1,1,1,1785525563
2026-07-31T19:23:45Z,647,8,0,23,0,0,1,1,1,1785525778
2026-07-31T19:23:45Z,648,2,0,16,1,0,1,1,1,1785524577
2026-07-31T19:23:45Z,649,9,5,21,1,0,1,1,1,1785525475
2026-07-31T19:23:45Z,650,5,1,9,0,0,1,1,1,1785524619
2026-07-31T19:23:45Z,651,1,1,22,0,0,1,1,1,1785524822
2026-07-31T19:23:45Z,652,2,1,18,3,0,1,1,1,1785525781
2026-07-31T19:23:45Z,653,1,0,17,1,0,1,1,1,1785517605
2026-07-31T19:23:45Z,654,4,1,11,0,0,1,1,1,1785522062
2026-07-31T19:23:45Z,655,7,3,1,4,1,1,1,1,1785525595
2026-07-31T19:23:45Z,656,5,5,14,0,0,1,1,1,1785525488
2026-07-31T19:23:45Z,657,10,4,3,2,2,1,1,1,1785525718
2026-07-31T19:23:45Z,658,8,1,2,0,0,1,1,1,1785520703
2026-07-31T19:23:45Z,659,6,3,7,2,0,1,1,1,1785525756
2026-07-31T19:23:45Z,660,26,7,1,4,0,1,1,1,1785525715
2026-07-31T19:23:45Z,661,11,3,8,0,0,1,1,1,1785525734
2026-07-31T19:23:45Z,662,5,3,15,3,0,1,1,1,1785522834
2026-07-31T19:23:45Z,663,3,1,12,0,0,1,1,1,1785525330
2026-07-31T19:23:45Z,664,13,3,14,0,0,1,1,1,1785525138
2026-07-31T19:23:45Z,665,11,4,4,0,0,1,1,1,1785525553
2026-07-31T19:23:45Z,666,4,1,7,4,0,1,1,1,1785525822
2026-07-31T19:23:45Z,667,2,0,16,1,0,1,1,1,1785525496
2026-07-31T19:23:45Z,668,1,0,18,0,0,1,1,1,1785525406
2026-07-31T19:23:45Z,669,8,4,4,2,0,1,1,1,1785525681
2026-07-31T19:23:45Z,670,18,0,6,3,0,1,1,1,1785525754
2026-07-31T19:23:45Z,671,25,5,2,0,0,1,1,1,1785525703
2026-07-31T19:23:45Z,672,3,0,16,3,1,1,1,1,1785524368
2026-07-31T19:23:45Z,673,12,0,11,0,0,1,1,1,1785525609
2026-07-31T19:23:45Z,674,9,2,12,2,0,1,1,1,1785525737
2026-07-31T19:23:45Z,675,1,1,12,2,0,1,1,1,1785525144
2026-07-31T19:23:45Z,676,6,0,15,1,0,1,1,1,1785525711
2026-07-31T19:23:45Z,681,13,6,1,0,1,1,1,1,1785525436
2026-07-31T19:23:45Z,682,5,1,14,0,0,1,1,1,1785522108
2026-07-31T19:23:45Z,683,2,2,17,0,0,1,1,1,1785519895
2026-07-31T19:23:45Z,684,3,1,24,0,0,1,1,1,1785518528
2026-07-31T19:23:45Z,685,6,0,19,1,1,1,1,1,1785525624
2026-07-31T19:23:45Z,686,9,0,15,3,0,1,1,1,1785525784
2026-07-31T19:23:45Z,687,13,1,16,1,1,1,1,1,1785525813
2026-07-31T19:23:45Z,688,11,0,1,7,0,1,1,1,1785510286
2026-07-31T19:23:45Z,692,9,4,12,0,0,1,1,1,1785525736
2026-07-31T19:23:45Z,693,6,0,2,3,0,1,1,1,1785525201
2026-07-31T19:23:45Z,694,12,7,9,0,0,1,1,1,1785525143
2026-07-31T19:23:45Z,695,9,7,14,0,0,1,1,1,1785525236
2026-07-31T19:23:45Z,696,11,8,12,0,0,1,1,1,1785525661
2026-07-31T19:23:45Z,697,14,1,9,0,0,1,1,1,1785525709
2026-07-31T19:23:45Z,698,6,0,21,0,0,1,1,1,1785525676
2026-07-31T19:23:45Z,699,7,0,7,1,0,1,1,1,1785525570
2026-07-31T19:23:45Z,700,16,1,2,1,0,1,1,1,1785525765
2026-07-31T19:23:45Z,701,11,5,8,0,0,1,1,1,1785525695
2026-07-31T19:23:45Z,702,10,3,12,1,0,1,1,1,1785525746
2026-07-31T19:23:45Z,704,2,0,13,0,0,1,1,1,1785524533
2026-07-31T19:23:45Z,705,1,0,14,0,0,1,1,1,1785525814
2026-07-31T19:23:45Z,706,4,1,9,2,0,1,1,1,1785525117
2026-07-31T19:23:45Z,707,11,1,4,0,0,1,1,1,1785525698
2026-07-31T19:23:45Z,708,4,0,14,1,0,1,1,1,1785525532
2026-07-31T19:23:45Z,709,7,3,5,3,0,1,1,1,1785525748
2026-07-31T19:23:45Z,710,1,0,18,0,0,1,1,1,1785525553
2026-07-31T19:23:45Z,711,4,1,16,3,0,1,1,1,1785525305
2026-07-31T19:23:45Z,712,7,5,8,0,0,1,1,1,1785525756
2026-07-31T19:23:45Z,713,5,1,18,0,0,1,1,1,1785524475
2026-07-31T19:23:45Z,716,4,2,11,0,0,1,1,1,1785525472
2026-07-31T19:23:45Z,717,4,2,18,3,0,1,1,1,1785525604
2026-07-31T19:23:45Z,718,11,2,2,2,0,1,1,1,1785525771
2026-07-31T19:23:45Z,719,7,1,22,0,0,1,1,1,1785524779
2026-07-31T19:23:45Z,720,0,0,19,0,0,1,1,1,1785525744
2026-07-31T19:23:45Z,721,8,0,12,3,0,1,1,1,1785525263
2026-07-31T19:23:45Z,722,6,0,9,0,0,1,1,1,1785525517
2026-07-31T19:23:45Z,723,13,2,10,0,0,1,1,1,1785525710
2026-07-31T19:23:45Z,724,7,1,16,0,0,1,1,1,1785525806
2026-07-31T19:23:45Z,725,3,1,19,1,0,1,1,1,1785525612
2026-07-31T19:23:45Z,726,4,0,13,2,0,1,1,1,1785525639
2026-07-31T19:23:45Z,727,10,5,12,1,0,1,1,1,1785524761
2026-07-31T19:23:45Z,728,10,1,4,1,0,1,1,1,1785524234
2026-07-31T19:23:45Z,729,5,0,14,0,0,1,1,1,1785525681
2026-07-31T19:23:45Z,730,1,1,11,3,0,1,1,1,1785524834
2026-07-31T19:23:45Z,731,11,3,2,2,0,1,1,1,1785525782
2026-07-31T19:23:45Z,732,6,6,9,0,0,1,1,1,1785524991
2026-07-31T19:23:45Z,733,7,0,20,0,0,1,1,1,1785525223
2026-07-31T19:23:45Z,734,7,4,7,0,0,1,1,1,1785525152
2026-07-31T19:23:45Z,735,17,8,10,0,0,1,1,1,1785525705
2026-07-31T19:23:45Z,736,11,1,7,1,0,1,1,1,1785524401
2026-07-31T19:23:45Z,737,5,2,9,0,1,1,1,1,1785525408
2026-07-31T19:23:45Z,738,14,7,5,0,0,1,1,1,1785524342
2026-07-31T19:23:45Z,739,18,0,8,1,0,1,1,1,1785524126
2026-07-31T19:23:45Z,741,9,0,14,0,0,1,1,1,1785524295
2026-07-31T19:23:45Z,742,20,5,13,2,0,1,1,1,1785525789
2026-07-31T19:23:45Z,743,7,4,11,1,0,1,1,1,1785524172
2026-07-31T19:23:45Z,744,8,1,6,1,0,1,1,1,1785525614
2026-07-31T19:23:45Z,745,12,4,7,0,0,1,1,1,1785524924
2026-07-31T19:23:45Z,746,3,0,19,1,0,1,1,1,1785525563
2026-07-31T19:23:45Z,747,0,0,4,0,0,0,1,1,1783446606
2026-07-31T19:23:45Z,748,9,1,14,0,0,1,1,1,1785525537
2026-07-31T19:23:45Z,749,9,0,13,1,0,1,1,1,1785525754
2026-07-31T19:23:45Z,750,1,1,10,0,0,1,1,1,1785525798
2026-07-31T19:23:45Z,751,19,13,4,0,0,1,1,1,1785525746
2026-07-31T19:23:45Z,752,13,0,3,1,0,1,1,1,1785525434
2026-07-31T19:23:45Z,753,2,0,12,1,0,1,1,1,1785525795
2026-07-31T19:23:45Z,754,7,3,8,0,0,1,1,1,1785525153
2026-07-31T19:23:45Z,755,10,0,12,1,0,1,1,1,1785525769
2026-07-31T19:23:45Z,756,28,21,8,1,0,1,1,1,1785525425
2026-07-31T19:23:45Z,757,7,7,12,0,0,1,1,1,1785525571
2026-07-31T19:23:45Z,758,0,0,23,0,0,1,1,1,1785525104
2026-07-31T19:23:45Z,759,0,0,0,0,0,1,1,1,86400
2026-07-31T19:23:45Z,760,10,4,9,0,0,1,1,1,1785524777
2026-07-31T19:23:45Z,761,9,1,13,1,0,1,1,1,1785524972
2026-07-31T19:23:45Z,762,4,3,6,5,0,1,1,1,1785525775
2026-07-31T19:23:45Z,768,8,0,7,4,0,1,1,1,1785525045
2026-07-31T19:23:45Z,769,6,4,12,1,0,1,1,1,1785525810
2026-07-31T19:23:45Z,770,6,2,11,2,0,1,1,1,1785525087
2026-07-31T19:23:45Z,771,12,2,2,1,0,1,1,1,1785525745
2026-07-31T19:23:45Z,772,6,0,9,0,0,1,1,1,1785525103
2026-07-31T19:23:45Z,773,18,5,1,0,0,1,1,1,1785524621
2026-07-31T19:23:45Z,774,6,2,4,5,0,1,1,1,1785525508
2026-07-31T19:23:45Z,775,8,1,9,1,1,1,1,1,1785523731
2026-07-31T19:23:45Z,776,3,1,17,1,0,1,1,1,1785524746
2026-07-31T19:23:45Z,777,14,3,0,1,0,1,1,1,1785525754
2026-07-31T19:23:45Z,778,15,0,1,3,0,1,1,1,1785525582
2026-07-31T19:23:45Z,779,6,0,12,1,0,1,1,1,1785525454
2026-07-31T19:23:45Z,780,8,4,10,1,0,1,1,1,1785525495
2026-07-31T19:23:45Z,781,1,0,8,2,0,1,1,1,1785525110
2026-07-31T19:23:45Z,782,1,0,14,4,0,1,1,1,1785524484
2026-07-31T19:23:45Z,783,8,1,11,0,0,1,1,1,1785525239
2026-07-31T19:23:45Z,784,5,0,14,0,0,1,1,1,1785524942
2026-07-31T19:23:45Z,785,9,1,4,6,0,1,1,1,1785525462
2026-07-31T19:23:45Z,786,10,5,9,0,0,1,1,1,1785525117
2026-07-31T19:23:45Z,787,6,3,8,1,0,1,1,1,1785524692
2026-07-31T19:23:45Z,788,2,0,13,0,0,1,1,1,1785525727
2026-07-31T19:23:45Z,789,7,2,4,4,0,1,1,1,1785524406
2026-07-31T19:23:45Z,790,5,1,18,0,0,1,1,1,1785525268
2026-07-31T19:23:45Z,791,7,0,11,0,1,1,1,1,1785524204
2026-07-31T19:23:45Z,793,4,0,10,1,0,1,1,1,1785524248
2026-07-31T19:23:45Z,794,21,6,6,2,0,1,1,1,1785525683
2026-07-31T19:23:45Z,796,4,3,14,1,0,1,1,1,1785524119
2026-07-31T19:23:45Z,797,5,2,10,0,0,1,1,1,1785523942
2026-07-31T19:23:45Z,798,12,0,11,2,0,1,1,1,1785525434
2026-07-31T19:23:45Z,799,12,2,3,4,0,1,1,1,1785524079
2026-07-31T19:23:45Z,800,3,0,17,1,0,1,1,1,1785525544
2026-07-31T19:23:45Z,801,7,1,10,4,0,1,1,1,1785525124
2026-07-31T19:23:45Z,802,8,0,23,0,0,1,1,1,1785524802
2026-07-31T19:23:45Z,803,0,0,15,0,0,1,1,1,1785525695
2026-07-31T19:23:45Z,806,2,0,12,1,0,1,1,1,1785525045
2026-07-31T19:23:45Z,807,18,8,4,3,0,1,1,1,1785525792
2026-07-31T19:23:45Z,808,20,6,2,3,0,1,1,1,1785525702
2026-07-31T19:23:45Z,809,3,0,19,1,0,1,1,1,1785524118
2026-07-31T19:23:45Z,810,4,2,13,2,0,1,1,1,1785524498
2026-07-31T19:23:45Z,815,3,1,7,4,1,1,1,1,1785525467
2026-07-31T19:23:45Z,817,14,7,1,0,0,1,1,1,1785525226
2026-07-31T19:23:45Z,818,5,0,18,0,0,1,1,1,1785524737
2026-07-31T19:23:45Z,819,9,3,6,0,0,1,1,1,1785523727
2026-07-31T19:23:45Z,820,8,1,9,0,0,1,1,1,1785525111
2026-07-31T19:23:45Z,821,3,2,12,0,0,1,1,1,1785525411
2026-07-31T19:23:45Z,822,3,0,18,2,0,1,1,1,1785525742
2026-07-31T19:23:45Z,823,13,2,2,0,0,1,1,1,1785525778
2026-07-31T19:23:45Z,824,7,1,11,1,0,1,1,1,1785525760
2026-07-31T19:23:45Z,825,7,5,8,0,0,1,1,1,1785521169
2026-07-31T19:23:45Z,826,8,0,9,2,0,1,1,1,1785525254
2026-07-31T19:23:45Z,827,17,3,2,2,0,1,1,1,1785524622
2026-07-31T19:23:45Z,828,10,0,6,2,0,1,1,1,1785524461
2026-07-31T19:23:45Z,829,16,5,11,0,0,1,1,1,1785525380
2026-07-31T19:23:45Z,830,14,0,8,1,0,1,1,1,1785525785
2026-07-31T19:23:45Z,831,6,3,7,2,0,1,1,1,1785525644
2026-07-31T19:23:45Z,832,8,2,7,3,0,1,1,1,1785525767
2026-07-31T19:23:45Z,833,3,1,15,1,0,1,1,1,1785525374
2026-07-31T19:23:45Z,834,20,2,2,2,0,1,1,1,1785525652
2026-07-31T19:23:45Z,835,0,0,17,1,0,1,1,1,1785525506
2026-07-31T19:23:45Z,838,3,1,11,1,0,1,1,1,1785525119
2026-07-31T19:23:45Z,839,18,0,8,3,0,1,1,1,1785525578
2026-07-31T19:23:45Z,840,1,1,27,1,0,1,1,1,1785524991
2026-07-31T19:23:45Z,841,7,1,8,0,0,1,1,1,1785525509
2026-07-31T19:23:45Z,842,2,0,21,0,0,1,1,1,1785525356
2026-07-31T19:23:45Z,843,11,0,20,0,0,1,1,1,1785525707
2026-07-31T19:23:45Z,844,5,0,18,0,0,1,1,1,1785525594
2026-07-31T19:23:45Z,845,4,3,13,2,0,1,1,1,1785525707
2026-07-31T19:23:45Z,846,3,1,15,1,0,1,1,1,1785525220
2026-07-31T19:23:45Z,847,7,1,19,1,0,1,1,1,1785524736
2026-07-31T19:23:45Z,848,5,4,13,1,0,1,1,1,1785523708
2026-07-31T19:23:45Z,849,7,1,7,1,0,1,1,1,1785525781
2026-07-31T19:23:45Z,850,6,0,4,1,0,1,1,1,1785524759
2026-07-31T19:23:45Z,851,5,4,29,3,0,1,1,1,1785525725
2026-07-31T19:23:45Z,852,11,6,8,0,0,1,1,1,1785525393
2026-07-31T19:23:45Z,853,12,5,11,0,0,1,1,1,1785525718
2026-07-31T19:23:45Z,854,3,2,12,0,0,1,1,1,1785524557
2026-07-31T19:23:45Z,855,27,0,0,0,0,1,1,1,1785524493
2026-07-31T19:23:45Z,857,7,7,10,2,0,1,1,1,1785525590
2026-07-31T19:23:45Z,858,5,2,13,1,0,1,1,1,1785524290
2026-07-31T19:23:45Z,859,7,0,13,1,0,1,1,1,1785524481
2026-07-31T19:23:45Z,861,7,0,3,1,0,1,1,1,1785506303
2026-07-31T19:23:45Z,862,4,2,11,0,0,1,1,1,1785525491
2026-07-31T19:23:45Z,863,14,1,5,0,0,1,1,1,1785519710
2026-07-31T19:23:45Z,866,12,3,7,0,0,1,1,1,1785524045
2026-07-31T19:23:45Z,867,14,2,1,0,0,1,1,1,1785525096
2026-07-31T19:23:45Z,868,9,0,6,0,0,1,1,1,1785525342
2026-07-31T19:23:45Z,870,9,6,6,0,0,1,1,1,1785525568
2026-07-31T19:23:45Z,871,0,0,10,1,0,1,1,1,1785524902
2026-07-31T19:23:45Z,872,0,0,14,1,0,1,1,1,1785525477
2026-07-31T19:23:45Z,873,26,3,6,1,0,1,1,1,1785525806
2026-07-31T19:23:45Z,874,1,0,11,3,0,1,1,1,1785525617
2026-07-31T19:23:45Z,875,10,6,3,2,0,1,1,1,1785525685
2026-07-31T19:23:45Z,877,13,12,6,0,0,1,1,1,1785525154
2026-07-31T19:23:45Z,878,3,3,16,0,0,1,1,1,1785525728
2026-07-31T19:23:45Z,879,2,0,17,0,0,1,1,1,1785524764
2026-07-31T19:23:45Z,880,4,1,18,1,0,1,1,1,1785525687
2026-07-31T19:23:45Z,881,2,0,17,0,0,1,1,1,1785525590
2026-07-31T19:23:45Z,882,9,4,9,1,0,1,1,1,1785513298
2026-07-31T19:23:45Z,883,9,4,10,0,0,1,1,1,1785525795
2026-07-31T19:23:45Z,884,10,6,11,0,0,1,1,1,1785525169
2026-07-31T19:23:45Z,885,0,0,19,0,0,1,1,1,1785525393
2026-07-31T19:23:45Z,886,12,1,17,0,0,1,1,1,1785525611
2026-07-31T19:23:45Z,887,4,3,10,3,0,1,1,1,1785524808
2026-07-31T19:23:45Z,888,7,2,32,1,1,1,1,1,1785525760
2026-07-31T19:23:45Z,889,2,0,15,2,0,1,1,1,1785525694
2026-07-31T19:23:45Z,890,6,4,9,0,0,1,1,1,1785522525
2026-07-31T19:23:45Z,891,21,0,2,0,0,1,1,1,1785524937
2026-07-31T19:23:45Z,892,9,1,6,0,0,1,1,1,1785523247
2026-07-31T19:23:45Z,895,1,0,18,0,0,1,1,1,1785514669
2026-07-31T19:23:45Z,896,8,0,27,0,0,1,1,1,1785525731
2026-07-31T19:23:45Z,897,12,1,9,0,0,1,1,1,1785525625
2026-07-31T19:23:45Z,898,4,1,15,0,0,1,1,1,1785525312
2026-07-31T19:23:45Z,899,0,0,18,1,0,1,1,1,1785525362
2026-07-31T19:23:45Z,900,3,0,24,0,0,1,1,1,1785525756
2026-07-31T19:23:45Z,901,2,0,16,1,0,1,1,1,1785524914
2026-07-31T19:23:45Z,902,3,1,12,0,0,1,1,1,1785525223
2026-07-31T19:23:45Z,903,4,0,14,1,0,1,1,1,1785524777
2026-07-31T19:23:45Z,904,10,5,8,1,0,1,1,1,1785525713
2026-07-31T19:23:45Z,905,9,4,17,1,0,1,1,1,1785525298
2026-07-31T19:23:45Z,906,13,3,13,1,0,1,1,1,1785525652
2026-07-31T19:23:45Z,907,8,0,23,0,0,1,1,1,1785525823
2026-07-31T19:23:45Z,908,8,0,15,0,0,1,1,1,1785525722
2026-07-31T19:23:45Z,909,7,7,16,0,0,1,1,1,1785525580
2026-07-31T19:23:45Z,910,24,0,7,0,0,1,1,1,1785525742
2026-07-31T19:23:45Z,911,3,1,16,0,0,1,1,1,1785525246
2026-07-31T19:23:45Z,912,17,0,5,1,0,1,1,1,1785525807
2026-07-31T19:23:45Z,913,7,3,12,0,0,1,1,1,1785524424
2026-07-31T19:23:45Z,914,4,0,15,0,0,1,1,1,1785525470
2026-07-31T19:23:45Z,915,19,2,2,2,0,1,1,1,1785525375
2026-07-31T19:23:45Z,916,5,1,17,1,0,1,1,1,1785525639
2026-07-31T19:23:45Z,917,13,0,20,2,0,1,1,1,1785525139
2026-07-31T19:23:45Z,918,12,1,4,3,0,1,1,1,1785525819
2026-07-31T19:23:45Z,919,12,0,27,0,0,1,1,1,1785525732
2026-07-31T19:23:45Z,920,7,2,12,0,0,1,1,1,1785524563
2026-07-31T19:23:45Z,921,17,3,4,0,0,1,1,1,1785525405
2026-07-31T19:23:45Z,922,1,1,20,0,0,1,1,1,1785525264
2026-07-31T19:23:45Z,923,2,2,16,1,0,1,1,1,1785525717
2026-07-31T19:23:45Z,924,7,0,13,1,0,1,1,1,1785524597
2026-07-31T19:23:45Z,925,12,0,9,0,0,1,1,1,1785524094
2026-07-31T19:23:45Z,926,4,1,17,0,0,1,1,1,1785525497
2026-07-31T19:23:45Z,927,27,0,8,0,0,1,1,1,1785524811
2026-07-31T19:23:45Z,928,0,0,19,0,0,0,1,1,1785500252
2026-07-31T19:23:45Z,929,22,2,1,0,0,1,1,1,1785525809
2026-07-31T19:23:45Z,930,2,0,28,1,0,1,1,1,1785525700
2026-07-31T19:23:45Z,931,5,3,18,0,0,1,1,1,1785525739
2026-07-31T19:23:45Z,932,3,0,14,2,0,1,1,1,1785525797
2026-07-31T19:23:45Z,933,10,0,13,0,0,1,1,1,1785525421
2026-07-31T19:23:45Z,934,19,0,11,1,0,1,1,1,1785525784
2026-07-31T19:23:45Z,935,14,0,4,1,0,1,1,1,1785525029
2026-07-31T19:23:45Z,936,14,2,5,0,0,1,1,1,1785525612
2026-07-31T19:23:45Z,940,1,1,9,1,0,1,1,1,1785525676
2026-07-31T19:23:45Z,941,12,0,11,2,0,1,1,1,1785525803
2026-07-31T19:23:45Z,942,12,0,9,0,0,1,1,1,1785525689
2026-07-31T19:23:45Z,943,8,8,7,0,0,1,1,1,1785525564
2026-07-31T19:23:45Z,944,10,8,5,0,0,1,1,1,1785525406
2026-07-31T19:23:45Z,945,10,8,5,0,0,1,1,1,1785524928
2026-07-31T19:23:45Z,946,7,5,12,0,0,1,1,1,1785523835
2026-07-31T19:23:45Z,947,7,5,10,0,0,1,1,1,1785525426
2026-07-31T19:23:45Z,948,21,8,6,4,0,1,1,1,1785525373
2026-07-31T19:23:45Z,949,10,6,5,0,0,1,1,1,1785525697
2026-07-31T19:23:45Z,950,0,0,16,1,0,1,1,1,1785525580
2026-07-31T19:23:45Z,951,17,5,6,0,0,1,1,1,1785525703
2026-07-31T19:23:45Z,952,22,4,32,1,0,1,1,1,1785525417
2026-07-31T19:23:45Z,953,1,0,13,1,0,1,1,1,1785524686
2026-07-31T19:23:45Z,954,1,0,18,0,0,1,1,1,1785525565
2026-07-31T19:23:45Z,955,11,4,10,6,1,1,1,1,1785525822
2026-07-31T19:23:45Z,956,11,2,11,1,0,1,1,1,1785525505
2026-07-31T19:23:45Z,957,7,1,21,1,0,1,1,1,1785525769
2026-07-31T19:23:45Z,958,5,0,25,1,0,1,1,1,1785525740
2026-07-31T19:23:45Z,959,3,3,19,1,0,1,1,1,1785525371
2026-07-31T19:23:45Z,960,3,1,20,0,0,1,1,1,1785525448
2026-07-31T19:23:45Z,961,8,1,12,3,0,1,1,1,1785525626
2026-07-31T19:23:45Z,962,8,2,24,3,0,1,1,1,1785525629
2026-07-31T19:23:45Z,963,12,0,10,1,0,1,1,1,1785525815
2026-07-31T19:23:45Z,964,3,2,20,0,0,1,1,1,1785525496
2026-07-31T19:23:45Z,965,11,6,15,1,0,1,1,1,1785525814
2026-07-31T19:23:45Z,966,22,0,7,2,0,1,1,1,1785524886
2026-07-31T19:23:45Z,967,2,0,17,2,0,1,1,1,1785525670
2026-07-31T19:23:45Z,968,9,0,9,1,0,1,1,1,1785525438
2026-07-31T19:23:45Z,969,2,1,24,1,0,1,1,1,1785525738
2026-07-31T19:23:45Z,970,0,0,17,2,0,1,1,1,1785525778
2026-07-31T19:23:45Z,971,0,0,22,1,0,1,1,1,1785525809
2026-07-31T19:23:45Z,972,11,3,11,1,0,1,1,1,1785525438
2026-07-31T19:23:45Z,973,8,2,14,1,0,1,1,1,1785524985
2026-07-31T19:23:45Z,974,22,0,4,1,0,1,1,1,1785525305
2026-07-31T19:23:45Z,977,5,0,14,2,0,1,1,1,1785525680
2026-07-31T19:23:45Z,978,18,0,5,0,0,1,1,1,1785525740
2026-07-31T19:23:45Z,979,7,1,10,0,0,1,1,1,1785524907
2026-07-31T19:23:45Z,980,12,0,7,2,0,1,1,1,1785525039
2026-07-31T19:23:45Z,981,7,0,14,0,0,1,1,1,1785525478
2026-07-31T19:23:45Z,982,3,1,15,1,0,1,1,1,1785525478
2026-07-31T19:23:45Z,983,5,3,18,0,0,1,1,1,1785524120
2026-07-31T19:23:45Z,984,6,0,17,0,0,1,1,1,1785525239
2026-07-31T19:23:45Z,985,19,0,11,1,0,1,1,1,1785525756
2026-07-31T19:23:45Z,986,3,0,16,0,0,1,1,1,1785525480
2026-07-31T19:23:45Z,987,6,0,17,0,0,1,1,1,1785524234
2026-07-31T19:23:45Z,988,7,3,12,0,0,1,1,1,1785525649
2026-07-31T19:23:45Z,989,9,4,10,0,0,1,1,1,1785524631
2026-07-31T19:23:45Z,990,9,0,5,1,0,1,1,1,1785525650
2026-07-31T19:23:45Z,991,9,0,9,1,0,1,1,1,1785525379
2026-07-31T19:23:45Z,992,9,5,14,0,0,1,1,1,1785524446
2026-07-31T19:23:45Z,993,5,2,21,1,0,1,1,1,1785524884
2026-07-31T19:23:45Z,994,0,0,21,0,0,1,1,1,1785525313
2026-07-31T19:23:45Z,995,7,1,20,0,0,1,1,1,1785525715
2026-07-31T19:23:45Z,996,8,2,15,0,0,1,1,1,1785525550
2026-07-31T19:23:45Z,997,5,4,6,9,3,1,1,1,1785524121
2026-07-31T19:23:45Z,998,5,4,18,0,0,1,1,1,1785525810
2026-07-31T19:23:45Z,999,4,1,15,1,1,1,1,1,1785525524
2026-07-31T19:23:45Z,1000,3,1,18,0,0,1,1,1,1785525502
2026-07-31T19:23:45Z,1001,5,3,22,0,0,1,1,1,1785525418
2026-07-31T19:23:45Z,1002,2,2,28,1,0,1,1,1,1785524934
2026-07-31T19:23:45Z,1003,0,0,23,0,0,1,1,1,1785525450
2026-07-31T19:23:45Z,1004,9,2,14,0,0,1,1,1,1785524927
2026-07-31T19:23:45Z,1005,18,1,5,0,0,1,1,1,1785525640
2026-07-31T19:23:45Z,1006,8,5,11,0,0,1,1,1,1785525450
2026-07-31T19:23:45Z,1007,1,1,20,0,0,1,1,1,1785525092
2026-07-31T19:23:45Z,1008,8,7,15,0,0,1,1,1,1785524622
2026-07-31T19:23:45Z,1009,22,5,8,1,0,1,1,1,1785524543
2026-07-31T19:23:45Z,1010,8,2,19,0,0,1,1,1,1785525345
2026-07-31T19:23:45Z,1011,6,2,11,2,0,1,1,1,1785525821
2026-07-31T19:23:45Z,1012,5,3,16,2,0,1,1,1,1785525411
2026-07-31T19:23:45Z,1013,4,1,18,1,0,1,1,1,1785525816
2026-07-31T19:23:45Z,1014,9,4,14,0,0,1,1,1,1785524117
2026-07-31T19:23:45Z,1015,4,3,26,1,0,1,1,1,1785524451
2026-07-31T19:23:45Z,1016,10,5,21,0,0,1,1,1,1785525347
2026-07-31T19:23:45Z,1017,14,5,7,0,0,1,1,1,1785524805
2026-07-31T19:23:45Z,1018,7,3,15,0,0,1,1,1,1785525490
2026-07-31T19:23:45Z,1019,8,5,7,0,0,1,1,1,1785525366
2026-07-31T19:23:45Z,1020,19,5,2,0,0,1,1,1,1785524668
2026-07-31T19:23:45Z,1021,9,4,6,0,0,1,1,1,1785524353
2026-07-31T19:23:45Z,1022,14,0,13,0,0,1,1,1,1785525617
2026-07-31T19:23:45Z,1023,14,2,9,0,0,1,1,1,1785525241
2026-07-31T19:23:45Z,1024,6,3,13,0,0,1,1,1,1785524401
2026-07-31T19:23:45Z,1025,4,0,14,0,1,1,1,1,1785525594
2026-07-31T19:23:45Z,1026,12,9,18,1,0,1,1,1,1785524980
2026-07-31T19:23:45Z,1028,3,1,20,0,0,1,1,1,1785525585
2026-07-31T19:23:45Z,1029,12,10,3,0,0,1,1,1,1785524660
2026-07-31T19:23:45Z,1030,13,4,10,0,0,1,1,1,1785524461
2026-07-31T19:23:45Z,1031,9,1,10,0,0,1,1,1,1785524777
2026-07-31T19:23:45Z,1032,7,1,12,0,0,1,1,1,1785525448
2026-07-31T19:23:45Z,1033,10,6,9,0,0,1,1,1,1785524455
2026-07-31T19:23:45Z,1034,4,1,11,0,0,1,1,1,1785525434
2026-07-31T19:23:45Z,1035,0,0,18,1,0,1,1,1,1785525451
2026-07-31T19:23:45Z,1036,12,0,3,0,0,1,1,1,1785524199
2026-07-31T19:23:45Z,1037,5,2,14,0,0,1,1,1,1785525666
2026-07-31T19:23:45Z,1038,1,0,14,0,0,1,1,1,1785525126
2026-07-31T19:23:45Z,1039,7,1,12,0,0,1,1,1,1785525601
2026-07-31T19:23:45Z,1040,8,5,11,0,0,1,1,1,1785525499
2026-07-31T19:23:45Z,1041,11,3,8,0,0,1,1,1,1785525369
2026-07-31T19:23:45Z,1042,14,2,0,1,0,1,1,1,1785525546
2026-07-31T19:23:45Z,1043,10,4,8,1,0,1,1,1,1785525528
2026-07-31T19:23:45Z,1044,1,0,14,0,0,1,1,1,1785525181
2026-07-31T19:23:45Z,1045,9,0,10,0,0,1,1,1,1785525432
2026-07-31T19:23:45Z,1046,9,0,6,0,0,1,1,1,1785524805
2026-07-31T19:23:45Z,1047,4,0,17,0,0,1,1,1,1785524400
2026-07-31T19:23:45Z,1048,5,0,14,0,0,1,1,1,1785525411
2026-07-31T19:23:45Z,1049,0,0,21,0,0,1,1,1,1785525512
2026-07-31T19:23:45Z,1050,16,4,5,0,0,1,1,1,1785524796
2026-07-31T19:23:45Z,1051,8,2,13,0,0,1,1,1,1785524667
2026-07-31T19:23:45Z,1052,16,1,5,1,0,1,1,1,1785525300
2026-07-31T19:23:45Z,1053,3,2,12,0,0,1,1,1,1785525314
2026-07-31T19:23:45Z,1054,15,1,0,0,0,1,1,1,1785525566
2026-07-31T19:23:45Z,1055,8,1,11,0,0,1,1,1,1785525580
2026-07-31T19:23:45Z,1057,10,1,9,0,0,1,1,1,1785525239
2026-07-31T19:23:45Z,1058,14,0,41,1,0,1,1,1,1785525736
2026-07-31T19:23:45Z,1059,1,0,17,1,0,1,1,1,1785525441
2026-07-31T19:23:45Z,1060,36,0,1,0,0,1,1,1,1785525818
2026-07-31T19:23:45Z,1061,32,0,4,1,0,1,1,1,1785525724
2026-07-31T19:23:45Z,1062,15,0,2,0,0,1,1,1,1785525723
2026-07-31T19:23:45Z,1063,12,1,6,1,0,1,1,1,1785525489
2026-07-31T19:23:45Z,1064,3,0,19,1,0,1,1,1,1785524034
2026-07-31T19:23:45Z,1065,16,3,7,0,0,1,1,1,1785524281
2026-07-31T19:23:45Z,1066,10,2,13,0,0,1,1,1,1785524102
2026-07-31T19:23:45Z,1067,8,2,13,2,0,1,1,1,1785524376
2026-07-31T19:23:45Z,1068,6,2,14,3,0,1,1,1,1785525723
2026-07-31T19:23:45Z,1069,12,3,11,0,0,1,1,1,1785525732
2026-07-31T19:23:45Z,1070,12,2,11,0,0,1,1,1,1785524016
2026-07-31T19:23:45Z,1071,7,4,16,0,0,1,1,1,1785524052
2026-07-31T19:23:45Z,1072,11,1,11,1,0,1,1,1,1785524454
2026-07-31T19:23:45Z,1073,2,1,25,0,0,1,1,1,1785525466
2026-07-31T19:23:45Z,1074,9,1,44,0,0,1,1,1,1785525821
2026-07-31T19:23:45Z,1075,8,8,13,0,0,1,1,1,1785525236
2026-07-31T19:23:45Z,1076,16,13,5,0,0,1,1,1,1785525699
2026-07-31T19:23:45Z,1077,12,8,9,0,0,1,1,1,1785525392
2026-07-31T19:23:45Z,1078,13,12,8,0,0,1,1,1,1785524721
2026-07-31T19:23:45Z,1079,12,8,9,0,0,1,1,1,1785525343
2026-07-31T19:23:45Z,1080,10,8,9,2,0,1,1,1,1785525270
2026-07-31T19:23:45Z,1081,14,8,5,0,0,1,1,1,1785524466
2026-07-31T19:23:45Z,1082,12,11,11,0,0,1,1,1,1785525349
2026-07-31T19:23:45Z,1083,12,11,9,0,0,1,1,1,1785525612
2026-07-31T19:23:45Z,1084,9,8,12,0,0,1,1,1,1785525228
2026-07-31T19:23:45Z,1085,14,8,7,0,0,1,1,1,1785524925
2026-07-31T19:23:45Z,1086,15,11,5,1,0,1,1,1,1785525619
2026-07-31T19:23:45Z,1087,6,6,9,0,0,1,1,1,1785524719
2026-07-31T19:23:45Z,1088,9,7,6,0,0,1,1,1,1785525492
2026-07-31T19:23:45Z,1089,5,2,10,0,0,1,1,1,1785524011
2026-07-31T19:23:45Z,1090,7,6,8,0,0,1,1,1,1785525597
2026-07-31T19:23:45Z,1091,5,3,10,0,0,1,1,1,1785524632
2026-07-31T19:23:45Z,1092,10,9,5,0,0,1,1,1,1785524011
2026-07-31T19:23:45Z,1093,5,5,9,1,0,1,1,1,1785524717
2026-07-31T19:23:45Z,1094,11,10,8,0,0,1,1,1,1785525444
2026-07-31T19:23:45Z,1095,9,8,6,0,0,1,1,1,1785525425
2026-07-31T19:23:45Z,1096,3,1,15,1,0,1,1,1,1785525817
2026-07-31T19:23:45Z,1097,8,8,7,0,0,1,1,1,1785524198
2026-07-31T19:23:45Z,1098,9,7,10,0,0,1,1,1,1785525045
2026-07-31T19:23:45Z,1099,7,6,8,0,0,1,1,1,1785525278
2026-07-31T19:23:45Z,1100,5,3,24,0,0,1,1,1,1785521793
2026-07-31T19:23:45Z,1101,10,5,11,0,0,1,1,1,1785525200
2026-07-31T19:23:45Z,1102,9,4,4,0,0,1,1,1,1785524416
2026-07-31T19:23:45Z,1103,11,5,10,0,0,1,1,1,1785503681
2026-07-31T19:23:45Z,1104,11,6,10,0,0,1,1,1,1785524951
2026-07-31T19:23:45Z,1105,8,4,5,0,0,1,1,1,1785524300
2026-07-31T19:23:45Z,1106,10,5,11,0,0,1,1,1,1785525291
2026-07-31T19:23:45Z,1107,9,5,6,0,0,1,1,1,1785525544
2026-07-31T19:23:45Z,1108,8,4,16,2,1,1,1,1,1785524306
2026-07-31T19:23:45Z,1109,8,4,7,0,0,1,1,1,1785525488
2026-07-31T19:23:45Z,1110,8,0,13,0,0,1,1,1,1785524815
2026-07-31T19:23:45Z,1111,7,5,13,1,0,1,1,1,1785525818
2026-07-31T19:23:45Z,1112,29,1,23,1,0,1,1,1,1785525650
2026-07-31T19:23:45Z,1113,4,0,17,0,0,1,1,1,1785524741
2026-07-31T19:23:45Z,1115,13,2,6,4,0,1,1,1,1785524193
2026-07-31T19:23:45Z,1116,2,1,17,0,0,1,1,1,1785525468
2026-07-31T19:23:45Z,1117,7,2,14,2,0,1,1,1,1785524993
2026-07-31T19:23:45Z,1118,7,0,14,0,0,1,1,1,1785525529
2026-07-31T19:23:45Z,1119,8,0,9,0,0,1,1,1,1785524650
2026-07-31T19:23:45Z,1120,9,0,9,1,0,1,1,1,1785525559
2026-07-31T19:23:45Z,1121,12,0,8,1,0,1,1,1,1785525628
2026-07-31T19:23:45Z,1122,5,5,15,1,0,1,1,1,1785524900
2026-07-31T19:23:45Z,1123,11,7,10,2,0,1,1,1,1785525752
2026-07-31T19:23:45Z,1124,1,0,12,2,0,1,1,1,1785525619
2026-07-31T19:23:45Z,1125,16,4,7,0,0,1,1,1,1785525391
2026-07-31T19:23:45Z,1126,8,0,13,0,0,1,1,1,1785525423
2026-07-31T19:23:45Z,1127,4,2,14,1,0,1,1,1,1785525785
2026-07-31T19:23:45Z,1128,1,0,14,0,0,1,1,1,1785525442
2026-07-31T19:23:45Z,1129,1,0,19,1,0,1,1,1,1785525681
2026-07-31T19:23:45Z,1130,1,0,13,1,0,1,1,1,1785525582
2026-07-31T19:23:45Z,1131,10,4,38,1,0,1,1,1,1785524985
2026-07-31T19:23:45Z,1132,9,4,10,2,0,1,1,1,1785525809
2026-07-31T19:23:45Z,1133,5,5,14,2,0,1,1,1,1785525650
2026-07-31T19:23:45Z,1134,11,5,8,0,0,1,1,1,1785524162
2026-07-31T19:23:45Z,1135,12,6,9,0,0,1,1,1,1785525093
2026-07-31T19:23:45Z,1136,10,1,13,0,0,1,1,1,1785525771
2026-07-31T19:23:45Z,1137,13,1,2,0,0,1,1,1,1785525797
2026-07-31T19:23:45Z,1138,3,0,16,0,0,1,1,1,1785525419
2026-07-31T19:23:45Z,1139,15,3,4,2,0,1,1,1,1785525637
2026-07-31T19:23:45Z,1140,3,2,19,1,0,1,1,1,1785525604
2026-07-31T19:23:45Z,1141,16,7,5,0,0,1,1,1,1785525437
2026-07-31T19:23:45Z,1142,0,0,21,0,0,1,1,1,1785524292
2026-07-31T19:23:45Z,1143,0,0,29,0,0,1,1,1,1785525463
2026-07-31T19:23:45Z,1144,7,0,13,1,0,1,1,1,1785524692
2026-07-31T19:23:45Z,1145,11,5,9,1,0,1,1,1,1785524057
2026-07-31T19:23:45Z,1146,5,2,12,2,0,1,1,1,1785525815
2026-07-31T19:23:45Z,1147,18,2,1,0,0,1,1,1,1785525612
2026-07-31T19:23:45Z,1148,1,0,30,0,0,1,1,1,1785525799
2026-07-31T19:23:45Z,1149,6,4,15,4,0,1,1,1,1785525769
2026-07-31T19:23:45Z,1150,3,1,16,0,0,1,1,1,1785525438
2026-07-31T19:23:45Z,1151,8,0,13,0,0,1,1,1,1785525318
2026-07-31T19:23:45Z,1152,0,0,29,0,0,1,1,1,1785525478
2026-07-31T19:23:45Z,1153,22,3,0,1,0,1,1,1,1785524371
2026-07-31T19:23:45Z,1154,5,0,14,0,0,1,1,1,1785525199
2026-07-31T19:23:45Z,1155,3,1,16,2,0,1,1,1,1785525509
2026-07-31T19:23:45Z,1158,3,1,16,0,0,1,1,1,1785525354
2026-07-31T19:23:45Z,1159,13,1,6,0,0,1,1,1,1785525714
2026-07-31T19:23:45Z,1160,9,1,10,0,0,1,1,1,1785525203
2026-07-31T19:23:45Z,1161,4,0,14,1,0,1,1,1,1785524033
2026-07-31T19:23:45Z,1162,3,1,16,0,0,1,1,1,1785525538
2026-07-31T19:23:45Z,1163,2,1,16,1,0,1,1,1,1785525474
2026-07-31T19:23:45Z,1164,6,1,13,0,0,1,1,1,1785525530
2026-07-31T19:23:45Z,1165,2,0,19,0,0,1,1,1,1785524457
2026-07-31T19:23:45Z,1166,13,3,8,0,0,1,1,1,1785523991
2026-07-31T19:23:45Z,1167,4,0,11,0,0,1,1,1,1785525203
2026-07-31T19:23:45Z,1168,2,1,19,2,0,1,1,1,1785525760
2026-07-31T19:23:45Z,1169,3,0,15,1,0,1,1,1,1785525376
2026-07-31T19:23:45Z,1170,7,1,14,0,0,1,1,1,1785525769
2026-07-31T19:23:45Z,1171,8,7,15,0,0,1,1,1,1785525464
2026-07-31T19:23:45Z,1172,1,0,12,2,0,1,1,1,1785525687
2026-07-31T19:23:45Z,1173,13,4,6,0,0,1,1,1,1785525632
2026-07-31T19:23:45Z,1174,6,3,9,0,0,1,1,1,1785525282
2026-07-31T19:23:45Z,1175,4,3,15,0,0,1,1,1,1785525246
2026-07-31T19:23:45Z,1176,21,2,0,0,0,1,1,1,1785524856
2026-07-31T19:23:45Z,1177,3,1,18,0,0,1,1,1,1785524784
2026-07-31T19:23:45Z,1178,4,1,11,0,0,1,1,1,1785525435
2026-07-31T19:23:45Z,1181,3,0,12,0,0,1,1,1,1785525685
2026-07-31T19:23:45Z,1182,14,1,4,2,0,1,1,1,1785525290
2026-07-31T19:23:45Z,1183,25,2,19,1,0,1,1,1,1785525705
2026-07-31T19:23:45Z,1184,7,2,12,2,0,1,1,1,1785525062
2026-07-31T19:23:45Z,1185,9,5,12,0,0,1,1,1,1785524920
2026-07-31T19:23:45Z,1186,10,5,9,0,0,1,1,1,1785524088
2026-07-31T19:23:45Z,1187,10,5,10,1,0,1,1,1,1785524346
2026-07-31T19:23:45Z,1188,10,5,5,0,0,1,1,1,1785525542
2026-07-31T19:23:45Z,1189,9,4,10,0,0,1,1,1,1785525666
2026-07-31T19:23:45Z,1190,9,4,12,0,0,1,1,1,1785525079
2026-07-31T19:23:45Z,1191,11,6,4,0,0,1,1,1,1785525546
2026-07-31T19:23:45Z,1192,10,6,10,1,0,1,1,1,1785525441
2026-07-31T19:23:45Z,1193,6,4,5,2,0,1,1,1,1785524508
2026-07-31T19:23:45Z,1197,9,6,7,1,0,1,1,1,1785525417
2026-07-31T19:23:45Z,1198,13,4,6,2,0,1,1,1,1785524151
2026-07-31T19:23:45Z,1199,3,0,16,0,0,1,1,1,1785524146
2026-07-31T19:23:45Z,1200,9,5,6,0,0,1,1,1,1785525583
2026-07-31T19:23:45Z,1201,10,5,5,0,0,1,1,1,1785525558
2026-07-31T19:23:45Z,1202,10,5,5,0,0,1,1,1,1785525660
2026-07-31T19:23:45Z,1203,11,5,4,0,0,1,1,1,1785525562
2026-07-31T19:23:45Z,1204,7,4,12,0,0,1,1,1,1785525333
2026-07-31T19:23:45Z,1206,11,5,10,0,0,1,1,1,1785524569
2026-07-31T19:23:45Z,1207,8,4,6,1,0,1,1,1,1785524062
2026-07-31T19:23:45Z,1208,10,4,9,0,0,1,1,1,1785525813
2026-07-31T19:23:45Z,1216,9,0,11,1,0,1,1,1,1785524788
2026-07-31T19:23:45Z,1218,4,0,17,0,0,1,1,1,1785525715
2026-07-31T19:23:45Z,1219,5,1,7,3,0,1,1,1,1785525518
2026-07-31T19:23:45Z,1220,15,6,4,0,0,1,1,1,1785524818
2026-07-31T19:23:45Z,1221,1,1,19,1,0,1,1,1,1785524532
2026-07-31T19:23:45Z,1222,14,0,15,0,0,1,1,1,1785525509
2026-07-31T19:23:45Z,1223,21,0,7,1,0,1,1,1,1785525395
2026-07-31T19:23:45Z,1226,0,0,3,0,0,0,1,1,1781868931
2026-07-31T19:23:45Z,1227,3,0,22,0,0,1,1,1,1785525389
2026-07-31T19:23:45Z,1228,4,4,25,0,0,1,1,1,1785524503
2026-07-31T19:23:45Z,1229,45,2,0,0,0,1,1,1,1785525682
2026-07-31T19:28:45Z,1,13,1,10,0,0,1,1,1,1785526038
2026-07-31T19:28:45Z,2,0,0,24,3,0,1,1,1,1785525997
2026-07-31T19:28:45Z,3,8,0,5,1,0,1,1,1,1785525937
2026-07-31T19:28:45Z,4,21,5,0,1,0,1,1,1,1785526037
2026-07-31T19:28:45Z,5,18,4,4,1,0,1,1,1,1785524501
2026-07-31T19:28:45Z,6,3,0,12,0,0,1,1,1,1785525979
2026-07-31T19:28:45Z,7,0,0,38,1,0,1,1,1,1785526086
2026-07-31T19:28:45Z,8,7,0,36,0,0,1,1,1,1785525890
2026-07-31T19:28:45Z,9,16,1,6,1,0,1,1,1,1785525986
2026-07-31T19:28:45Z,10,1,0,20,2,0,1,1,1,1785525935
2026-07-31T19:28:45Z,11,9,3,8,2,0,1,1,1,1785525979
2026-07-31T19:28:45Z,12,21,2,2,0,0,1,1,1,1785525986
2026-07-31T19:28:45Z,13,3,0,27,0,0,1,1,1,1785526041
2026-07-31T19:28:45Z,14,33,0,9,0,1,1,1,1,1785525750
2026-07-31T19:28:45Z,15,7,0,8,0,0,1,1,1,1785525030
2026-07-31T19:28:45Z,16,6,1,18,2,1,1,1,1,1785525623
2026-07-31T19:28:45Z,17,7,1,19,1,0,1,1,1,1785525898
2026-07-31T19:28:45Z,18,8,2,8,2,0,1,1,1,1785525393
2026-07-31T19:28:45Z,19,24,2,2,1,0,1,1,1,1785525758
2026-07-31T19:28:45Z,20,4,0,31,0,0,1,1,1,1785526031
2026-07-31T19:28:45Z,21,12,0,5,2,0,1,1,1,1785526001
2026-07-31T19:28:45Z,22,31,0,33,1,0,1,1,1,1785526101
2026-07-31T19:28:45Z,23,16,9,15,0,0,1,1,1,1785525494
2026-07-31T19:28:45Z,24,8,1,2,1,0,1,1,1,1785526109
2026-07-31T19:28:45Z,25,74,9,4,3,0,1,1,1,1785526050
2026-07-31T19:28:45Z,26,27,1,0,0,0,1,1,1,1785525994
2026-07-31T19:28:45Z,28,4,0,11,0,0,1,1,1,1785525360
2026-07-31T19:28:45Z,30,14,2,13,2,0,1,1,1,1785526107
2026-07-31T19:28:45Z,31,8,2,10,1,0,1,1,1,1785525933
2026-07-31T19:28:45Z,32,19,6,8,0,0,1,1,1,1785526015
2026-07-31T19:28:45Z,34,14,1,23,0,0,1,1,1,1785525728
2026-07-31T19:28:45Z,35,25,0,20,2,0,1,1,1,1785526086
2026-07-31T19:28:45Z,36,0,0,0,0,0,0,1,1,86400
2026-07-31T19:28:45Z,37,12,4,11,0,0,1,1,1,1785526038
2026-07-31T19:28:45Z,38,14,6,9,0,0,1,1,1,1785526034
2026-07-31T19:28:45Z,39,11,2,28,0,0,1,1,1,1785526027
2026-07-31T19:28:45Z,40,10,0,10,1,0,1,1,1,1785526010
2026-07-31T19:28:45Z,41,35,3,8,0,0,1,1,1,1785526024
2026-07-31T19:28:45Z,42,4,2,27,0,0,1,1,1,1785526049
2026-07-31T19:28:45Z,43,16,3,7,0,0,1,1,1,1785526004
2026-07-31T19:28:45Z,45,20,5,8,1,0,1,1,1,1785525991
2026-07-31T19:28:45Z,46,2,1,27,2,0,1,1,1,1785525733
2026-07-31T19:28:45Z,47,2,1,12,1,0,1,1,1,1785525321
2026-07-31T19:28:45Z,48,13,1,14,0,0,1,1,1,1785525928
2026-07-31T19:28:45Z,49,2,0,17,4,0,1,1,1,1785526112
2026-07-31T19:28:45Z,50,11,8,8,0,0,1,1,1,1785525591
2026-07-31T19:28:45Z,51,49,0,28,0,0,1,1,1,1785525850
2026-07-31T19:28:45Z,52,23,2,1,3,0,1,1,1,1785525997
2026-07-31T19:28:45Z,55,9,7,14,0,0,1,1,1,1785525899
2026-07-31T19:28:45Z,56,36,0,7,0,0,1,1,1,1785525925
2026-07-31T19:28:45Z,57,6,2,21,0,0,1,1,1,1785525940
2026-07-31T19:28:45Z,58,9,4,19,0,0,1,1,1,1785525715
2026-07-31T19:28:45Z,59,7,2,18,2,0,1,1,1,1785526078
2026-07-31T19:28:45Z,61,2,0,37,0,0,1,1,1,1785525568
2026-07-31T19:28:45Z,62,18,9,30,1,0,1,1,1,1785526104
2026-07-31T19:28:45Z,63,12,0,7,0,0,1,1,1,1785526103
2026-07-31T19:28:45Z,64,13,2,2,4,0,1,1,1,1785525219
2026-07-31T19:28:45Z,65,12,3,6,1,0,1,1,1,1785525700
2026-07-31T19:28:45Z,67,19,1,19,1,0,1,1,1,1785526064
2026-07-31T19:28:45Z,68,24,2,13,0,0,1,1,1,1785526108
2026-07-31T19:28:45Z,69,7,0,8,0,0,1,1,1,1785526026
2026-07-31T19:28:45Z,71,15,3,10,2,0,1,1,1,1785526112
2026-07-31T19:28:45Z,72,24,2,3,3,1,1,1,1,1785525972
2026-07-31T19:28:45Z,73,16,3,15,0,0,1,1,1,1785526006
2026-07-31T19:28:45Z,74,1,1,18,0,0,1,1,1,1785525067
2026-07-31T19:28:45Z,75,17,0,14,1,0,1,1,1,1785525730
2026-07-31T19:28:45Z,76,8,0,9,2,0,1,1,1,1785526112
2026-07-31T19:28:45Z,77,5,0,21,1,0,1,1,1,1785525810
2026-07-31T19:28:45Z,78,6,6,17,0,0,1,1,1,1785525913
2026-07-31T19:28:45Z,79,11,1,5,1,0,1,1,1,1785525956
2026-07-31T19:28:45Z,80,9,0,11,3,0,1,1,1,1785526112
2026-07-31T19:28:45Z,81,6,0,25,0,0,1,1,1,1785526094
2026-07-31T19:28:45Z,82,17,5,5,1,0,1,1,1,1785525457
2026-07-31T19:28:45Z,83,7,4,25,2,0,1,1,1,1785526103
2026-07-31T19:28:45Z,84,2,1,25,0,0,1,1,1,1785525718
2026-07-31T19:28:45Z,85,10,2,5,0,0,1,1,1,1785525213
2026-07-31T19:28:45Z,86,6,0,21,0,0,1,1,1,1785524785
2026-07-31T19:28:45Z,87,6,0,13,0,0,1,1,1,1785524151
2026-07-31T19:28:45Z,88,10,0,32,1,0,1,1,1,1785526003
2026-07-31T19:28:45Z,89,33,5,2,0,0,1,1,1,1785525199
2026-07-31T19:28:45Z,90,0,0,17,1,0,1,1,1,1785525789
2026-07-31T19:28:45Z,91,2,0,14,1,0,1,1,1,1785525260
2026-07-31T19:28:45Z,92,3,0,13,3,0,1,1,1,1785525800
2026-07-31T19:28:45Z,93,5,0,18,0,0,1,1,1,1785525453
2026-07-31T19:28:45Z,94,13,0,5,1,0,1,1,1,1785524759
2026-07-31T19:28:45Z,95,13,0,20,1,1,1,1,1,1785526109
2026-07-31T19:28:45Z,96,14,1,16,1,0,1,1,1,1785526087
2026-07-31T19:28:45Z,97,2,0,14,1,0,1,1,1,1785526007
2026-07-31T19:28:45Z,98,33,3,2,0,0,1,1,1,1785525981
2026-07-31T19:28:45Z,99,15,0,0,0,0,1,1,1,1785526038
2026-07-31T19:28:45Z,100,2,0,25,0,0,1,1,1,1785526102
2026-07-31T19:28:45Z,101,11,0,3,1,0,1,1,1,1785525970
2026-07-31T19:28:45Z,102,2,0,21,0,0,1,1,1,1785525714
2026-07-31T19:28:45Z,103,13,1,14,3,0,1,1,1,1785526003
2026-07-31T19:28:45Z,104,10,0,15,2,0,1,1,1,1785526104
2026-07-31T19:28:45Z,105,18,0,1,0,0,1,1,1,1785525750
2026-07-31T19:28:45Z,106,4,0,17,0,0,1,1,1,1785525308
2026-07-31T19:28:45Z,107,16,2,21,0,0,1,1,1,1785526104
2026-07-31T19:28:45Z,108,2,0,31,2,0,1,1,1,1785526045
2026-07-31T19:28:45Z,109,16,1,7,0,0,1,1,1,1785525869
2026-07-31T19:28:45Z,110,7,0,16,0,0,1,1,1,1785525883
2026-07-31T19:28:45Z,111,11,3,25,0,0,1,1,1,1785526111
2026-07-31T19:28:45Z,112,0,0,14,1,0,1,1,1,1785526062
2026-07-31T19:28:45Z,113,7,0,11,1,0,1,1,1,1785526028
2026-07-31T19:28:45Z,114,20,6,10,1,0,1,1,1,1785525853
2026-07-31T19:28:45Z,115,13,5,13,2,0,1,1,1,1785525980
2026-07-31T19:28:45Z,116,22,14,4,1,0,1,1,1,1785525836
2026-07-31T19:28:45Z,118,11,1,10,2,0,1,1,1,1785525396
2026-07-31T19:28:45Z,119,0,0,36,2,0,1,1,1,1785525270
2026-07-31T19:28:45Z,120,2,0,24,1,0,1,1,1,1785526029
2026-07-31T19:28:45Z,121,4,1,14,0,1,1,1,1,1785526043
2026-07-31T19:28:45Z,122,8,0,12,1,0,1,1,1,1785525649
2026-07-31T19:28:45Z,123,38,1,9,0,0,1,1,1,1785525620
2026-07-31T19:28:45Z,124,1,1,34,0,0,1,1,1,1785525786
2026-07-31T19:28:45Z,125,8,0,14,1,0,1,1,1,1785525641
2026-07-31T19:28:45Z,126,17,0,14,0,0,1,1,1,1785525006
2026-07-31T19:28:45Z,127,16,2,18,1,0,1,1,1,1785525946
2026-07-31T19:28:45Z,128,3,0,16,0,0,1,1,1,1785526104
2026-07-31T19:28:45Z,129,2,0,15,2,0,1,1,1,1785525893
2026-07-31T19:28:45Z,130,3,0,14,0,0,1,1,1,1785525991
2026-07-31T19:28:45Z,131,3,3,8,0,0,1,1,1,1785525845
2026-07-31T19:28:45Z,132,8,5,5,1,1,1,1,1,1785525593
2026-07-31T19:28:45Z,134,19,4,0,4,0,1,1,1,1785525994
2026-07-31T19:28:45Z,135,2,0,16,1,0,1,1,1,1785526107
2026-07-31T19:28:45Z,136,1,0,14,2,6,1,1,1,1785525994
2026-07-31T19:28:45Z,137,3,1,14,2,0,1,1,1,1785526091
2026-07-31T19:28:45Z,138,11,0,26,0,0,1,1,1,1785525281
2026-07-31T19:28:45Z,139,8,0,11,0,0,1,1,1,1785525747
2026-07-31T19:28:45Z,140,2,1,19,2,0,1,1,1,1785526108
2026-07-31T19:28:45Z,141,8,0,28,0,0,1,1,1,1785525952
2026-07-31T19:28:45Z,142,2,0,21,0,0,1,1,1,1785526109
2026-07-31T19:28:45Z,143,14,0,17,0,0,1,1,1,1785526081
2026-07-31T19:28:45Z,144,0,0,27,0,0,1,1,1,1785525789
2026-07-31T19:28:45Z,146,21,3,1,1,0,1,1,1,1785526093
2026-07-31T19:28:45Z,147,3,1,14,2,0,1,1,1,1785526011
2026-07-31T19:28:45Z,148,3,1,20,4,0,1,1,1,1785525884
2026-07-31T19:28:45Z,149,1,0,26,0,0,1,1,1,1785526109
2026-07-31T19:28:45Z,150,8,0,24,3,0,1,1,1,1785526101
2026-07-31T19:28:45Z,151,2,2,21,0,0,1,1,1,1785525851
2026-07-31T19:28:45Z,152,2,0,21,3,0,1,1,1,1785526112
2026-07-31T19:28:45Z,153,0,0,25,3,0,1,1,1,1785525993
2026-07-31T19:28:45Z,154,6,0,14,3,0,1,1,1,1785526048
2026-07-31T19:28:45Z,155,1,0,12,1,0,1,1,1,1785526092
2026-07-31T19:28:45Z,156,4,0,15,0,0,1,1,1,1785526024
2026-07-31T19:28:45Z,157,4,0,20,3,0,1,1,1,1785526107
2026-07-31T19:28:45Z,158,2,0,13,1,0,1,1,1,1785526080
2026-07-31T19:28:45Z,159,4,3,14,1,0,1,1,1,1785526095
2026-07-31T19:28:45Z,160,2,0,17,0,0,1,1,1,1785525686
2026-07-31T19:28:45Z,161,0,0,22,0,0,1,1,1,1785525845
2026-07-31T19:28:45Z,162,15,4,10,2,0,1,1,1,1785526067
2026-07-31T19:28:45Z,163,2,2,28,0,1,1,1,1,1785526041
2026-07-31T19:28:45Z,164,12,0,15,0,0,1,1,1,1785526082
2026-07-31T19:28:45Z,165,29,5,2,0,0,1,1,1,1785526092
2026-07-31T19:28:45Z,166,9,2,26,4,0,1,1,1,1785526111
2026-07-31T19:28:45Z,167,7,3,15,1,0,1,1,1,1785526103
2026-07-31T19:28:45Z,168,19,9,7,1,0,1,1,1,1785526070
2026-07-31T19:28:45Z,169,17,1,5,0,1,1,1,1,1785526093
2026-07-31T19:28:45Z,170,4,1,14,1,0,1,1,1,1785525473
2026-07-31T19:28:45Z,171,9,0,2,2,0,1,1,1,1785526047
2026-07-31T19:28:45Z,173,20,3,19,0,0,1,1,1,1785526083
2026-07-31T19:28:45Z,174,3,3,23,0,0,1,1,1,1785525932
2026-07-31T19:28:45Z,175,27,1,3,1,0,1,1,1,1785525987
2026-07-31T19:28:45Z,176,9,3,3,2,1,1,1,1,1785525896
2026-07-31T19:28:45Z,177,7,2,20,0,0,1,1,1,1785526088
2026-07-31T19:28:45Z,178,7,0,5,2,1,1,1,1,1785526103
2026-07-31T19:28:45Z,179,2,0,12,1,0,1,1,1,1785526005
2026-07-31T19:28:45Z,180,5,0,25,0,0,1,1,1,1785525245
2026-07-31T19:28:45Z,181,1,0,14,0,0,1,1,1,1785525907
2026-07-31T19:28:45Z,182,4,1,13,0,0,1,1,1,1785526109
2026-07-31T19:28:45Z,183,8,8,14,1,0,1,1,1,1785525983
2026-07-31T19:28:45Z,184,20,0,1,2,0,1,1,1,1785526107
2026-07-31T19:28:45Z,185,8,4,5,1,1,1,1,1,1785525190
2026-07-31T19:28:45Z,186,0,0,19,0,0,1,1,1,1785525951
2026-07-31T19:28:45Z,187,10,0,17,1,0,1,1,1,1785526078
2026-07-31T19:28:45Z,188,3,3,16,7,1,1,1,1,1785525935
2026-07-31T19:28:45Z,189,4,3,11,0,0,1,1,1,1785525662
2026-07-31T19:28:45Z,190,19,4,4,0,0,1,1,1,1785526056
2026-07-31T19:28:45Z,191,22,9,16,1,0,1,1,1,1785525972
2026-07-31T19:28:45Z,192,1,1,27,3,0,1,1,1,1785526076
2026-07-31T19:28:45Z,193,3,3,10,2,0,1,1,1,1785525955
2026-07-31T19:28:45Z,194,10,10,17,0,0,1,1,1,1785525697
2026-07-31T19:28:45Z,195,2,2,17,0,0,1,1,1,1785525453
2026-07-31T19:28:45Z,196,9,5,17,1,0,1,1,1,1785525959
2026-07-31T19:28:45Z,197,1,0,17,0,1,1,1,1,1785525616
2026-07-31T19:28:45Z,198,12,12,10,1,0,1,1,1,1785526102
2026-07-31T19:28:45Z,199,0,0,14,1,0,1,1,1,1785526077
2026-07-31T19:28:45Z,200,21,16,4,1,0,1,1,1,1785526028
2026-07-31T19:28:45Z,201,7,0,14,2,0,1,1,1,1785525204
2026-07-31T19:28:45Z,202,17,0,10,0,0,1,1,1,1785525845
2026-07-31T19:28:45Z,203,15,0,15,1,0,1,1,1,1785525393
2026-07-31T19:28:45Z,204,25,1,9,1,0,1,1,1,1785526081
2026-07-31T19:28:45Z,205,13,1,14,0,0,1,1,1,1785526019
2026-07-31T19:28:45Z,206,2,0,13,0,0,1,1,1,1785526108
2026-07-31T19:28:45Z,207,19,2,2,0,0,1,1,1,1785525985
2026-07-31T19:28:45Z,208,4,0,23,2,0,1,1,1,1785526031
2026-07-31T19:28:45Z,209,28,4,2,1,0,1,1,1,1785526089
2026-07-31T19:28:45Z,210,1,0,26,0,0,1,1,1,1785526021
2026-07-31T19:28:45Z,211,5,1,17,1,0,1,1,1,1785525872
2026-07-31T19:28:45Z,212,13,2,21,1,0,1,1,1,1785526097
2026-07-31T19:28:45Z,213,11,1,11,1,0,1,1,1,1785526102
2026-07-31T19:28:45Z,214,20,8,25,2,0,1,1,1,1785526038
2026-07-31T19:28:45Z,215,0,0,22,1,0,1,1,1,1785525530
2026-07-31T19:28:45Z,216,1,0,17,1,0,1,1,1,1785525827
2026-07-31T19:28:45Z,217,19,1,9,1,0,1,1,1,1785526068
2026-07-31T19:28:45Z,218,16,13,19,4,0,1,1,1,1785526092
2026-07-31T19:28:45Z,219,20,0,5,1,0,1,1,1,1785526100
2026-07-31T19:28:45Z,220,1,1,40,1,1,1,1,1,1785525870
2026-07-31T19:28:45Z,221,2,1,12,1,0,1,1,1,1785526095
2026-07-31T19:28:45Z,222,1,1,18,0,0,1,1,1,1785525374
2026-07-31T19:28:45Z,223,18,1,14,3,0,1,1,1,1785525897
2026-07-31T19:28:45Z,224,1,0,20,1,0,1,1,1,1785526096
2026-07-31T19:28:45Z,225,2,1,14,3,0,1,1,1,1785525991
2026-07-31T19:28:45Z,226,3,0,27,1,0,1,1,1,1785526062
2026-07-31T19:28:45Z,227,2,2,25,0,0,1,1,1,1785526105
2026-07-31T19:28:45Z,228,8,7,11,0,0,1,1,1,1785525726
2026-07-31T19:28:45Z,230,3,1,23,0,0,1,1,1,1785526009
2026-07-31T19:28:45Z,232,1,1,15,1,0,1,1,1,1785523402
2026-07-31T19:28:45Z,233,8,3,21,2,0,1,1,1,1785526005
2026-07-31T19:28:45Z,234,5,2,9,3,2,1,1,1,1785526073
2026-07-31T19:28:45Z,236,1,0,17,1,0,1,1,1,1785526055
2026-07-31T19:28:45Z,237,14,0,8,1,0,1,1,1,1785525452
2026-07-31T19:28:45Z,239,21,11,5,1,0,1,1,1,1785525925
2026-07-31T19:28:45Z,241,0,0,22,1,0,1,1,1,1785525958
2026-07-31T19:28:45Z,242,6,2,16,1,0,1,1,1,1785526108
2026-07-31T19:28:45Z,243,15,12,12,4,0,1,1,1,1785525972
2026-07-31T19:28:45Z,244,14,5,11,2,0,1,1,1,1785526101
2026-07-31T19:28:45Z,245,6,3,17,0,0,1,1,1,1785525772
2026-07-31T19:28:45Z,246,15,4,6,2,0,1,1,1,1785526079
2026-07-31T19:28:45Z,247,3,2,18,2,0,1,1,1,1785524867
2026-07-31T19:28:45Z,248,14,3,7,2,0,1,1,1,1785525531
2026-07-31T19:28:45Z,249,17,12,1,1,0,1,1,1,1785526099
2026-07-31T19:28:45Z,250,11,5,15,1,0,1,1,1,1785525959
2026-07-31T19:28:45Z,251,19,11,4,4,0,1,1,1,1785526082
2026-07-31T19:28:45Z,253,6,0,13,0,0,1,1,1,1785525471
2026-07-31T19:28:45Z,254,3,0,39,1,0,1,1,1,1785525581
2026-07-31T19:28:45Z,255,13,0,9,0,1,1,1,1,1785525991
2026-07-31T19:28:45Z,256,3,2,18,2,0,1,1,1,1785525929
2026-07-31T19:28:45Z,257,2,0,17,0,0,1,1,1,1785526111
2026-07-31T19:28:45Z,258,11,7,8,0,0,1,1,1,1785525694
2026-07-31T19:28:45Z,259,13,0,9,0,1,1,1,1,1785525081
2026-07-31T19:28:45Z,260,1,1,16,2,0,1,1,1,1785526009
2026-07-31T19:28:45Z,261,0,0,16,2,1,1,1,1,1785525708
2026-07-31T19:28:45Z,262,5,2,17,1,0,1,1,1,1785526058
2026-07-31T19:28:45Z,263,2,0,13,0,0,1,1,1,1785525932
2026-07-31T19:28:45Z,264,1,1,17,1,0,1,1,1,1785526060
2026-07-31T19:28:45Z,265,2,0,13,0,0,1,1,1,1785525948
2026-07-31T19:28:45Z,266,0,0,17,2,0,1,1,1,1785526099
2026-07-31T19:28:45Z,267,7,3,7,1,0,1,1,1,1785523295
2026-07-31T19:28:45Z,268,19,7,4,0,0,1,1,1,1785525587
2026-07-31T19:28:45Z,269,2,2,21,0,0,1,1,1,1785523808
2026-07-31T19:28:45Z,270,5,1,21,1,0,1,1,1,1785525669
2026-07-31T19:28:45Z,271,1,0,16,2,0,1,1,1,1785525042
2026-07-31T19:28:45Z,272,5,1,17,1,0,1,1,1,1785525867
2026-07-31T19:28:45Z,273,5,2,10,0,0,1,1,1,1785524752
2026-07-31T19:28:45Z,274,4,2,12,3,0,1,1,1,1785526050
2026-07-31T19:28:45Z,275,9,0,14,0,0,1,1,1,1785526067
2026-07-31T19:28:45Z,276,0,0,26,1,0,1,1,1,1785522296
2026-07-31T19:28:45Z,277,19,10,0,4,0,1,1,1,1785525665
2026-07-31T19:28:45Z,278,16,6,12,3,0,1,1,1,1785526087
2026-07-31T19:28:45Z,279,17,3,2,0,0,1,1,1,1785525984
2026-07-31T19:28:45Z,280,5,1,23,3,0,1,1,1,1785526030
2026-07-31T19:28:45Z,281,2,0,17,0,0,1,1,1,1785525554
2026-07-31T19:28:45Z,282,7,2,11,0,0,1,1,1,1785525180
2026-07-31T19:28:45Z,283,18,0,16,1,0,1,1,1,1785526098
2026-07-31T19:28:45Z,284,1,1,31,3,0,1,1,1,1785525960
2026-07-31T19:28:45Z,285,0,0,23,0,0,1,1,1,1785523412
2026-07-31T19:28:45Z,286,1,0,22,0,0,1,1,1,1785525961
2026-07-31T19:28:45Z,287,13,2,8,2,0,1,1,1,1785522522
2026-07-31T19:28:45Z,288,2,2,16,1,0,1,1,1,1785526067
2026-07-31T19:28:45Z,289,4,2,20,3,0,1,1,1,1785526101
2026-07-31T19:28:45Z,290,9,0,29,1,0,1,1,1,1785526031
2026-07-31T19:28:45Z,291,12,0,10,1,0,1,1,1,1785526020
2026-07-31T19:28:45Z,292,16,0,7,0,0,1,1,1,1785525780
2026-07-31T19:28:45Z,293,3,3,18,2,0,1,1,1,1785525866
2026-07-31T19:28:45Z,294,7,7,14,1,0,1,1,1,1785525687
2026-07-31T19:28:45Z,297,8,0,10,0,1,1,1,1,1785525868
2026-07-31T19:28:45Z,301,16,0,3,0,0,1,1,1,1785525997
2026-07-31T19:28:45Z,302,7,0,15,1,0,1,1,1,1785525432
2026-07-31T19:28:45Z,303,2,0,17,0,0,1,1,1,1785524398
2026-07-31T19:28:45Z,304,0,0,0,0,0,0,1,1,86400
2026-07-31T19:28:45Z,305,5,0,13,1,0,1,1,1,1785526107
2026-07-31T19:28:45Z,306,1,0,31,0,0,1,1,1,1785526081
2026-07-31T19:28:45Z,307,2,1,19,1,1,1,1,1,1785526081
2026-07-31T19:28:45Z,308,15,1,2,2,0,1,1,1,1785525318
2026-07-31T19:28:45Z,309,3,3,11,0,0,1,1,1,1785525754
2026-07-31T19:28:45Z,311,5,0,10,0,0,1,1,1,1785525660
2026-07-31T19:28:45Z,312,11,8,9,3,0,1,1,1,1785525852
2026-07-31T19:28:45Z,313,5,1,10,0,0,1,1,1,1785525799
2026-07-31T19:28:45Z,314,15,9,3,1,0,1,1,1,1785526104
2026-07-31T19:28:45Z,315,12,5,17,2,0,1,1,1,1785525660
2026-07-31T19:28:45Z,316,1,0,23,6,1,1,1,1,1785525932
2026-07-31T19:28:45Z,317,10,7,20,0,1,1,1,1,1785525970
2026-07-31T19:28:45Z,318,17,0,2,0,0,1,1,1,1785526058
2026-07-31T19:28:45Z,319,15,0,6,2,0,1,1,1,1785526028
2026-07-31T19:28:45Z,320,12,2,6,1,0,1,1,1,1785525114
2026-07-31T19:28:45Z,321,3,0,12,4,0,1,1,1,1785525903
2026-07-31T19:28:45Z,322,12,0,16,1,0,1,1,1,1785526028
2026-07-31T19:28:45Z,323,6,0,13,0,0,1,1,1,1785525873
2026-07-31T19:28:45Z,324,19,1,7,1,0,1,1,1,1785526107
2026-07-31T19:28:45Z,325,1,0,24,2,0,1,1,1,1785525020
2026-07-31T19:28:45Z,327,10,0,16,1,0,1,1,1,1785526066
2026-07-31T19:28:45Z,328,6,0,15,1,0,1,1,1,1785525919
2026-07-31T19:28:45Z,329,0,0,16,3,0,1,1,1,1785525949
2026-07-31T19:28:45Z,330,16,1,6,0,0,1,1,1,1785526105
2026-07-31T19:28:45Z,331,13,1,8,2,0,1,1,1,1785525818
2026-07-31T19:28:45Z,332,2,1,15,2,0,1,1,1,1785526071
2026-07-31T19:28:45Z,333,3,3,19,1,0,1,1,1,1785525677
2026-07-31T19:28:45Z,334,6,3,17,0,0,1,1,1,1785525841
2026-07-31T19:28:45Z,335,0,0,22,0,1,1,1,1,1785525443
2026-07-31T19:28:45Z,336,2,1,17,0,0,1,1,1,1785526109
2026-07-31T19:28:45Z,337,9,3,10,4,0,1,1,1,1785525975
2026-07-31T19:28:45Z,338,4,4,15,0,0,1,1,1,1785525878
2026-07-31T19:28:45Z,339,14,12,4,5,0,1,1,1,1785526103
2026-07-31T19:28:45Z,340,0,0,14,1,0,1,1,1,1785525770
2026-07-31T19:28:45Z,341,4,4,15,0,0,1,1,1,1785525967
2026-07-31T19:28:45Z,342,1,0,14,0,0,1,1,1,1785525864
2026-07-31T19:28:45Z,343,17,3,5,1,0,1,1,1,1785525804
2026-07-31T19:28:45Z,344,3,3,20,0,0,1,1,1,1785525988
2026-07-31T19:28:45Z,345,7,0,12,0,0,1,1,1,1785525829
2026-07-31T19:28:45Z,346,4,3,19,0,0,1,1,1,1785525123
2026-07-31T19:28:45Z,347,38,5,5,1,0,1,1,1,1785526086
2026-07-31T19:28:45Z,348,12,0,10,0,1,1,1,1,1785526038
2026-07-31T19:28:45Z,349,15,3,4,0,0,1,1,1,1785526060
2026-07-31T19:28:45Z,350,0,0,25,1,1,1,1,1,1785523926
2026-07-31T19:28:45Z,351,3,0,18,2,0,1,1,1,1785525904
2026-07-31T19:28:45Z,355,2,0,21,0,0,1,1,1,1785525531
2026-07-31T19:28:45Z,356,4,0,15,0,0,1,1,1,1785525927
2026-07-31T19:28:45Z,357,2,2,17,0,0,1,1,1,1785526112
2026-07-31T19:28:45Z,358,13,2,13,1,0,1,1,1,1785526051
2026-07-31T19:28:45Z,359,11,1,16,0,0,1,1,1,1785526025
2026-07-31T19:28:45Z,360,6,3,12,1,0,1,1,1,1785523627
2026-07-31T19:28:45Z,362,2,2,16,1,0,1,1,1,1785525804
2026-07-31T19:28:45Z,363,21,3,6,0,0,1,1,1,1785526075
2026-07-31T19:28:45Z,364,5,2,14,0,0,1,1,1,1785525277
2026-07-31T19:28:45Z,365,0,0,20,3,0,1,1,1,1785525651
2026-07-31T19:28:45Z,366,4,3,19,0,0,1,1,1,1785525843
2026-07-31T19:28:45Z,367,1,1,17,1,0,1,1,1,1785525535
2026-07-31T19:28:45Z,368,0,0,22,1,0,1,1,1,1785522825
2026-07-31T19:28:45Z,370,0,0,27,0,0,1,1,1,1785524031
2026-07-31T19:28:45Z,371,1,1,17,1,0,1,1,1,1785525597
2026-07-31T19:28:45Z,372,15,1,0,0,0,1,1,1,1785526096
2026-07-31T19:28:45Z,373,0,0,27,0,0,1,1,1,1785525348
2026-07-31T19:28:45Z,374,0,0,18,1,0,1,1,1,1785525975
2026-07-31T19:28:45Z,375,16,4,9,2,0,1,1,1,1785525647
2026-07-31T19:28:45Z,376,29,5,8,2,0,1,1,1,1785525605
2026-07-31T19:28:45Z,377,2,0,25,0,0,1,1,1,1785524887
2026-07-31T19:28:45Z,378,1,1,22,0,1,1,1,1,1785525859
2026-07-31T19:28:45Z,379,9,1,16,2,0,1,1,1,1785525964
2026-07-31T19:28:45Z,380,1,0,21,1,0,1,1,1,1785525685
2026-07-31T19:28:45Z,381,2,1,21,0,0,1,1,1,1785525939
2026-07-31T19:28:45Z,383,5,0,8,2,0,1,1,1,1785526102
2026-07-31T19:28:45Z,384,7,1,17,3,0,1,1,1,1785525750
2026-07-31T19:28:45Z,385,8,5,9,1,0,1,1,1,1785525437
2026-07-31T19:28:45Z,387,8,2,15,0,0,1,1,1,1785525388
2026-07-31T19:28:45Z,388,38,5,8,3,0,1,1,1,1785526033
2026-07-31T19:28:45Z,389,0,0,14,1,0,1,1,1,1785525893
2026-07-31T19:28:45Z,390,9,0,26,0,0,1,1,1,1785525930
2026-07-31T19:28:45Z,391,2,0,13,0,0,1,1,1,1785524887
2026-07-31T19:28:45Z,392,0,0,18,1,0,1,1,1,1785525840
2026-07-31T19:28:45Z,393,1,0,7,3,0,1,1,1,1785525437
2026-07-31T19:28:45Z,394,7,1,3,3,0,1,1,1,1785526019
2026-07-31T19:28:45Z,396,26,7,14,2,0,1,1,1,1785525988
2026-07-31T19:28:45Z,397,21,9,10,0,0,1,1,1,1785525793
2026-07-31T19:28:45Z,399,3,0,11,3,0,1,1,1,1785525824
2026-07-31T19:28:45Z,400,13,8,8,2,0,1,1,1,1785525644
2026-07-31T19:28:45Z,401,2,1,29,8,0,1,1,1,1785525838
2026-07-31T19:28:45Z,403,16,1,12,3,0,1,1,1,1785526109
2026-07-31T19:28:45Z,404,6,0,17,0,0,1,1,1,1785525909
2026-07-31T19:28:45Z,406,6,4,29,0,0,1,1,1,1785526110
2026-07-31T19:28:45Z,407,1,0,32,1,0,1,1,1,1785525212
2026-07-31T19:28:45Z,408,13,2,17,3,0,1,1,1,1785526111
2026-07-31T19:28:45Z,409,16,2,4,3,0,1,1,1,1785525164
2026-07-31T19:28:45Z,413,11,3,11,1,0,1,1,1,1785525283
2026-07-31T19:28:45Z,414,7,0,8,0,0,1,1,1,1785525943
2026-07-31T19:28:45Z,417,3,3,16,0,0,1,1,1,1785525746
2026-07-31T19:28:45Z,418,5,3,10,0,0,1,1,1,1785525851
2026-07-31T19:28:45Z,419,12,2,11,0,0,1,1,1,1785526057
2026-07-31T19:28:45Z,421,4,0,15,0,0,1,1,1,1785525984
2026-07-31T19:28:45Z,422,21,5,6,0,0,1,1,1,1785525639
2026-07-31T19:28:45Z,423,2,0,21,0,0,1,1,1,1785525808
2026-07-31T19:28:45Z,424,7,2,5,2,1,1,1,1,1785525262
2026-07-31T19:28:45Z,425,3,2,17,1,1,1,1,1,1785526100
2026-07-31T19:28:45Z,426,18,2,15,4,0,1,1,1,1785526008
2026-07-31T19:28:45Z,427,8,0,4,3,0,1,1,1,1785525911
2026-07-31T19:28:45Z,428,10,1,9,0,0,1,1,1,1785525836
2026-07-31T19:28:45Z,429,15,6,7,1,0,1,1,1,1785526110
2026-07-31T19:28:45Z,430,6,2,24,1,0,1,1,1,1785525485
2026-07-31T19:28:45Z,431,0,0,32,1,0,1,1,1,1785525446
2026-07-31T19:28:45Z,432,0,0,30,1,0,0,1,1,1785508564
2026-07-31T19:28:45Z,433,2,2,18,3,0,1,1,1,1785526058
2026-07-31T19:28:45Z,437,3,2,13,3,0,1,1,1,1785526056
2026-07-31T19:28:45Z,438,16,1,2,1,0,1,1,1,1785526097
2026-07-31T19:28:45Z,439,8,4,7,0,0,1,1,1,1785525674
2026-07-31T19:28:45Z,440,14,7,1,0,0,1,1,1,1785525440
2026-07-31T19:28:45Z,441,12,3,1,2,0,1,1,1,1785526053
2026-07-31T19:28:45Z,442,5,5,13,1,0,1,1,1,1785525759
2026-07-31T19:28:45Z,443,5,2,22,0,0,1,1,1,1785512432
2026-07-31T19:28:45Z,444,7,2,16,0,0,1,1,1,1785525529
2026-07-31T19:28:45Z,445,6,2,16,1,0,1,1,1,1785526013
2026-07-31T19:28:45Z,446,1,0,21,1,0,1,1,1,1785519783
2026-07-31T19:28:45Z,447,3,0,18,1,1,1,1,1,1785496389
2026-07-31T19:28:45Z,448,7,1,7,1,0,1,1,1,1785523571
2026-07-31T19:28:45Z,452,0,0,18,1,0,1,1,1,1785526085
2026-07-31T19:28:45Z,453,7,3,5,3,0,1,1,1,1785525913
2026-07-31T19:28:45Z,454,13,0,6,0,0,1,1,1,1785525495
2026-07-31T19:28:45Z,455,0,0,39,0,0,1,1,1,1785525963
2026-07-31T19:28:45Z,456,14,2,5,1,0,1,1,1,1785526081
2026-07-31T19:28:45Z,457,21,0,1,5,0,1,1,1,1785526038
2026-07-31T19:28:45Z,458,3,0,19,1,0,1,1,1,1785525939
2026-07-31T19:28:45Z,459,5,0,10,0,0,1,1,1,1785524540
2026-07-31T19:28:45Z,460,15,1,8,0,0,1,1,1,1785525818
2026-07-31T19:28:45Z,461,15,1,3,1,0,1,1,1,1785525597
2026-07-31T19:28:45Z,462,16,2,5,0,0,1,1,1,1785526031
2026-07-31T19:28:45Z,463,8,1,11,0,0,1,1,1,1785525312
2026-07-31T19:28:45Z,464,1,1,13,0,0,1,1,1,1785524794
2026-07-31T19:28:45Z,465,4,3,11,0,0,1,1,1,1785525436
2026-07-31T19:28:45Z,466,7,1,4,4,0,1,1,1,1785525950
2026-07-31T19:28:45Z,467,5,1,14,0,0,1,1,1,1785526075
2026-07-31T19:28:45Z,468,3,0,15,1,0,1,1,1,1785526109
2026-07-31T19:28:45Z,469,18,1,4,1,0,1,1,1,1785526005
2026-07-31T19:28:45Z,470,0,0,13,2,0,1,1,1,1785526025
2026-07-31T19:28:45Z,471,27,3,0,0,0,1,1,1,1785523482
2026-07-31T19:28:45Z,472,6,1,11,2,0,1,1,1,1785525814
2026-07-31T19:28:45Z,473,6,0,13,0,0,1,1,1,1785525379
2026-07-31T19:28:45Z,474,7,0,12,0,0,1,1,1,1785525810
2026-07-31T19:28:45Z,475,1,1,17,1,0,1,1,1,1785525040
2026-07-31T19:28:45Z,477,9,0,6,0,0,1,1,1,1785524871
2026-07-31T19:28:45Z,478,11,6,19,1,0,1,1,1,1785525718
2026-07-31T19:28:45Z,479,3,1,22,2,0,1,1,1,1785525397
2026-07-31T19:28:45Z,480,3,1,10,2,0,1,1,1,1785525996
2026-07-31T19:28:45Z,481,10,1,24,1,0,1,1,1,1785526008
2026-07-31T19:28:45Z,482,4,4,15,0,0,1,1,1,1785526095
2026-07-31T19:28:45Z,483,11,1,14,2,0,1,1,1,1785526059
2026-07-31T19:28:45Z,484,2,1,15,2,0,1,1,1,1785525886
2026-07-31T19:28:45Z,485,7,0,11,0,1,1,1,1,1785525802
2026-07-31T19:28:45Z,486,0,0,24,3,0,1,1,1,1785526028
2026-07-31T19:28:45Z,487,6,3,12,1,0,1,1,1,1785525340
2026-07-31T19:28:45Z,489,8,4,7,0,0,1,1,1,1785525928
2026-07-31T19:28:45Z,490,5,1,10,1,0,1,1,1,1785525681
2026-07-31T19:28:45Z,491,7,3,14,0,0,1,1,1,1785525512
2026-07-31T19:28:45Z,492,6,4,2,3,0,1,1,1,1785526109
2026-07-31T19:28:45Z,493,21,0,6,0,0,1,1,1,1785525108
2026-07-31T19:28:45Z,495,8,0,4,3,0,1,1,1,1785525795
2026-07-31T19:28:45Z,496,1,0,26,0,0,1,1,1,1785526099
2026-07-31T19:28:45Z,497,7,2,10,2,0,1,1,1,1785526090
2026-07-31T19:28:45Z,498,8,0,15,0,0,1,1,1,1785526002
2026-07-31T19:28:45Z,499,2,0,16,1,0,1,1,1,1785526026
2026-07-31T19:28:45Z,500,0,0,11,4,0,1,1,1,1785525419
2026-07-31T19:28:45Z,501,20,3,1,0,0,1,1,1,1785525980
2026-07-31T19:28:45Z,502,16,4,3,0,0,1,1,1,1785526111
2026-07-31T19:28:45Z,503,0,0,30,1,0,1,1,1,1785525641
2026-07-31T19:28:45Z,504,5,1,34,0,0,1,1,1,1785526090
2026-07-31T19:28:45Z,505,1,0,10,1,0,1,1,1,1785525826
2026-07-31T19:28:45Z,511,3,3,20,0,0,1,1,1,1785526107
2026-07-31T19:28:45Z,512,10,0,17,0,0,1,1,1,1785525438
2026-07-31T19:28:45Z,514,1,1,9,1,0,1,1,1,1785525727
2026-07-31T19:28:45Z,515,0,0,19,0,0,1,1,1,1785525329
2026-07-31T19:28:45Z,516,13,0,14,0,0,1,1,1,1785525394
2026-07-31T19:28:45Z,517,17,3,6,0,0,1,1,1,1785526005
2026-07-31T19:28:45Z,518,7,0,7,1,0,1,1,1,1785525035
2026-07-31T19:28:45Z,519,1,1,16,2,0,1,1,1,1785525715
2026-07-31T19:28:45Z,520,16,7,5,5,1,1,1,1,1785526108
2026-07-31T19:28:45Z,521,4,2,19,0,0,1,1,1,1785525909
2026-07-31T19:28:45Z,522,2,0,21,0,0,1,1,1,1785526005
2026-07-31T19:28:45Z,523,8,4,14,1,0,1,1,1,1785525599
2026-07-31T19:28:45Z,524,8,1,15,0,0,1,1,1,1785526051
2026-07-31T19:28:45Z,525,13,0,6,0,0,1,1,1,1785525104
2026-07-31T19:28:45Z,526,5,0,10,0,0,1,1,1,1785526100
2026-07-31T19:28:45Z,527,11,8,13,2,0,1,1,1,1785526032
2026-07-31T19:28:45Z,528,18,3,3,2,0,1,1,1,1785525607
2026-07-31T19:28:45Z,529,10,4,2,7,0,1,1,1,1785526108
2026-07-31T19:28:45Z,530,9,0,11,1,0,1,1,1,1785525962
2026-07-31T19:28:45Z,531,1,0,21,0,1,1,1,1,1785525834
2026-07-31T19:28:45Z,532,26,12,4,1,0,1,1,1,1785525498
2026-07-31T19:28:45Z,533,9,0,9,1,0,1,1,1,1785526058
2026-07-31T19:28:45Z,534,0,0,23,0,0,1,1,1,1785525411
2026-07-31T19:28:45Z,535,12,1,3,0,0,1,1,1,1785525046
2026-07-31T19:28:45Z,536,10,1,13,0,0,1,1,1,1785526029
2026-07-31T19:28:45Z,537,13,0,7,0,0,1,1,1,1785525579
2026-07-31T19:28:45Z,538,3,0,18,0,2,1,1,1,1785525901
2026-07-31T19:28:45Z,539,16,8,15,0,0,1,1,1,1785525858
2026-07-31T19:28:45Z,540,5,5,14,0,0,1,1,1,1785525635
2026-07-31T19:28:45Z,541,5,2,21,1,0,1,1,1,1785526098
2026-07-31T19:28:45Z,542,0,0,22,1,0,1,1,1,1785525373
2026-07-31T19:28:45Z,543,1,0,17,1,0,1,1,1,1785525878
2026-07-31T19:28:45Z,544,5,1,12,5,0,1,1,1,1785526104
2026-07-31T19:28:45Z,545,15,2,1,3,0,1,1,1,1785526082
2026-07-31T19:28:45Z,546,7,4,11,1,0,1,1,1,1785526104
2026-07-31T19:28:45Z,547,2,0,23,0,0,1,1,1,1785525646
2026-07-31T19:28:45Z,548,4,1,19,0,0,1,1,1,1785524861
2026-07-31T19:28:45Z,549,13,1,9,1,0,1,1,1,1785525801
2026-07-31T19:28:45Z,550,7,6,12,0,0,1,1,1,1785525493
2026-07-31T19:28:45Z,551,3,2,19,1,0,1,1,1,1785525539
2026-07-31T19:28:45Z,552,16,2,11,0,0,1,1,1,1785526070
2026-07-31T19:28:45Z,553,3,0,20,0,0,1,1,1,1785525899
2026-07-31T19:28:45Z,554,7,1,12,0,0,1,1,1,1785521507
2026-07-31T19:28:45Z,555,5,1,9,1,0,1,1,1,1785523506
2026-07-31T19:28:45Z,556,18,1,2,3,0,1,1,1,1785525995
2026-07-31T19:28:45Z,557,5,5,16,2,0,1,1,1,1785526040
2026-07-31T19:28:45Z,558,28,9,8,1,0,1,1,1,1785526057
2026-07-31T19:28:45Z,559,17,2,1,1,0,1,1,1,1785525964
2026-07-31T19:28:45Z,560,8,0,19,0,0,1,1,1,1785525823
2026-07-31T19:28:45Z,561,8,3,13,2,0,1,1,1,1785526053
2026-07-31T19:28:45Z,562,10,1,19,6,0,1,1,1,1785525979
2026-07-31T19:28:45Z,563,0,0,14,0,0,1,1,1,1785525975
2026-07-31T19:28:45Z,564,1,0,17,1,0,1,1,1,1785520409
2026-07-31T19:28:45Z,565,1,0,18,0,0,1,1,1,1785526083
2026-07-31T19:28:45Z,566,2,0,16,1,0,1,1,1,1785526055
2026-07-31T19:28:45Z,567,2,1,23,2,0,1,1,1,1785525663
2026-07-31T19:28:45Z,568,8,1,10,1,0,1,1,1,1785525820
2026-07-31T19:28:45Z,569,9,2,9,1,0,1,1,1,1785525231
2026-07-31T19:28:45Z,570,1,1,16,2,0,1,1,1,1785526005
2026-07-31T19:28:45Z,571,14,1,9,0,0,1,1,1,1785525380
2026-07-31T19:28:45Z,572,2,0,16,1,0,1,1,1,1785525934
2026-07-31T19:28:45Z,573,0,0,14,1,0,1,1,1,1785525016
2026-07-31T19:28:45Z,574,4,2,11,0,0,1,1,1,1785525857
2026-07-31T19:28:45Z,575,1,0,19,1,0,1,1,1,1785525628
2026-07-31T19:28:45Z,576,6,2,13,0,0,1,1,1,1785526048
2026-07-31T19:28:45Z,577,17,2,14,0,0,1,1,1,1785526100
2026-07-31T19:28:45Z,578,0,0,22,1,0,1,1,1,1785523700
2026-07-31T19:28:45Z,579,12,0,30,1,0,1,1,1,1785525966
2026-07-31T19:28:45Z,580,1,1,28,0,0,1,1,1,1785524702
2026-07-31T19:28:45Z,581,1,0,17,1,0,1,1,1,1785526100
2026-07-31T19:28:45Z,582,26,1,32,3,0,1,1,1,1785526109
2026-07-31T19:28:45Z,583,1,0,22,0,0,1,1,1,1785525672
2026-07-31T19:28:45Z,584,11,1,5,3,0,1,1,1,1785525945
2026-07-31T19:28:45Z,585,13,1,13,0,1,1,1,1,1785525623
2026-07-31T19:28:45Z,586,28,5,5,2,0,1,1,1,1785526104
2026-07-31T19:28:45Z,587,8,0,15,1,0,1,1,1,1785526068
2026-07-31T19:28:45Z,588,13,2,3,2,1,1,1,1,1785526040
2026-07-31T19:28:45Z,589,1,0,21,0,0,1,1,1,1785525538
2026-07-31T19:28:45Z,590,3,1,28,0,0,1,1,1,1785525712
2026-07-31T19:28:45Z,591,10,2,18,2,0,1,1,1,1785526094
2026-07-31T19:28:45Z,592,1,0,22,0,0,1,1,1,1785526056
2026-07-31T19:28:45Z,593,20,1,17,1,0,1,1,1,1785526106
2026-07-31T19:28:45Z,594,6,0,14,1,0,1,1,1,1785526055
2026-07-31T19:28:45Z,595,0,0,3,0,0,0,1,1,1784046673
2026-07-31T19:28:45Z,605,0,0,2,1,0,0,1,1,1783975843
2026-07-31T19:28:45Z,606,0,0,0,0,0,0,1,1,86400
2026-07-31T19:28:45Z,607,20,1,10,2,0,1,1,1,1785525953
2026-07-31T19:28:45Z,608,24,2,24,2,0,1,1,1,1785525969
2026-07-31T19:28:45Z,609,14,10,9,0,0,1,1,1,1785525979
2026-07-31T19:28:45Z,610,16,1,18,1,0,1,1,1,1785525842
2026-07-31T19:28:45Z,611,16,3,10,1,0,1,1,1,1785526097
2026-07-31T19:28:45Z,612,7,1,8,0,0,1,1,1,1785522916
2026-07-31T19:28:45Z,613,12,4,0,3,0,1,1,1,1785521812
2026-07-31T19:28:45Z,614,9,7,15,2,1,1,1,1,1785525999
2026-07-31T19:28:45Z,617,3,0,10,2,0,1,1,1,1785526112
2026-07-31T19:28:45Z,618,12,0,2,5,0,1,1,1,1785525185
2026-07-31T19:28:45Z,619,2,1,17,0,0,1,1,1,1785526064
2026-07-31T19:28:45Z,620,9,1,18,0,0,1,1,1,1785526044
2026-07-31T19:28:45Z,621,1,0,22,0,0,1,1,1,1785526099
2026-07-31T19:28:45Z,622,16,3,6,1,0,1,1,1,1785526024
2026-07-31T19:28:45Z,623,26,10,3,1,0,1,1,1,1785525847
2026-07-31T19:28:45Z,624,1,0,14,0,0,1,1,1,1785518992
2026-07-31T19:28:45Z,625,18,3,0,3,0,1,1,1,1785526097
2026-07-31T19:28:45Z,626,36,2,9,0,2,1,1,1,1785525223
2026-07-31T19:28:45Z,627,14,4,5,0,0,1,1,1,1785523863
2026-07-31T19:28:45Z,628,4,3,14,0,1,1,1,1,1785526071
2026-07-31T19:28:45Z,629,4,2,5,2,0,1,1,1,1785525945
2026-07-31T19:28:45Z,630,0,0,23,4,0,1,1,1,1785526006
2026-07-31T19:28:45Z,631,18,11,5,0,0,1,1,1,1785525917
2026-07-31T19:28:45Z,632,18,1,3,2,0,1,1,1,1785524733
2026-07-31T19:28:45Z,633,11,2,1,3,0,1,1,1,1785522133
2026-07-31T19:28:45Z,634,11,2,8,0,0,1,1,1,1785525999
2026-07-31T19:28:45Z,635,15,0,3,1,0,1,1,1,1785525625
2026-07-31T19:28:45Z,636,8,2,7,0,0,1,1,1,1785525931
2026-07-31T19:28:45Z,637,9,3,8,2,0,1,1,1,1785526103
2026-07-31T19:28:45Z,638,6,1,11,2,0,1,1,1,1785526065
2026-07-31T19:28:45Z,639,7,1,10,2,0,1,1,1,1785501255
2026-07-31T19:28:45Z,640,14,8,8,1,0,1,1,1,1785525949
2026-07-31T19:28:45Z,641,8,0,19,0,0,1,1,1,1785526060
2026-07-31T19:28:45Z,642,7,2,4,8,0,1,1,1,1785526108
2026-07-31T19:28:45Z,643,9,0,10,8,0,1,1,1,1785526112
2026-07-31T19:28:45Z,644,13,1,1,1,0,1,1,1,1785517829
2026-07-31T19:28:45Z,645,12,1,9,1,1,1,1,1,1785525372
2026-07-31T19:28:45Z,646,2,0,16,1,0,1,1,1,1785525563
2026-07-31T19:28:45Z,647,9,0,22,0,0,1,1,1,1785526104
2026-07-31T19:28:45Z,648,2,0,16,1,0,1,1,1,1785524577
2026-07-31T19:28:45Z,649,9,5,21,1,0,1,1,1,1785525475
2026-07-31T19:28:45Z,650,5,1,9,0,0,1,1,1,1785524619
2026-07-31T19:28:45Z,651,0,0,23,0,0,1,1,1,1785525956
2026-07-31T19:28:45Z,652,1,1,19,3,0,1,1,1,1785526097
2026-07-31T19:28:45Z,653,1,0,17,1,0,1,1,1,1785517605
2026-07-31T19:28:45Z,654,3,1,12,0,0,1,1,1,1785526101
2026-07-31T19:28:45Z,655,8,4,0,4,1,1,1,1,1785526013
2026-07-31T19:28:45Z,656,5,5,14,0,0,1,1,1,1785525488
2026-07-31T19:28:45Z,657,10,4,3,2,2,1,1,1,1785526034
2026-07-31T19:28:45Z,658,8,1,2,0,0,1,1,1,1785520703
2026-07-31T19:28:45Z,659,6,3,7,2,0,1,1,1,1785525756
2026-07-31T19:28:45Z,660,26,7,1,4,0,1,1,1,1785526030
2026-07-31T19:28:45Z,661,12,4,7,0,0,1,1,1,1785525850
2026-07-31T19:28:45Z,662,5,3,15,3,0,1,1,1,1785522834
2026-07-31T19:28:45Z,663,2,1,13,0,0,1,1,1,1785526037
2026-07-31T19:28:45Z,664,13,3,14,0,0,1,1,1,1785525138
2026-07-31T19:28:45Z,665,11,4,4,0,0,1,1,1,1785525553
2026-07-31T19:28:45Z,666,4,2,7,4,0,1,1,1,1785525999
2026-07-31T19:28:45Z,667,2,0,16,1,0,1,1,1,1785525496
2026-07-31T19:28:45Z,668,1,0,18,0,0,1,1,1,1785526019
2026-07-31T19:28:45Z,669,10,4,2,2,0,1,1,1,1785526103
2026-07-31T19:28:45Z,670,18,0,6,3,0,1,1,1,1785525754
2026-07-31T19:28:45Z,671,23,5,4,0,0,1,1,1,1785525898
2026-07-31T19:28:45Z,672,3,0,16,3,1,1,1,1,1785526107
2026-07-31T19:28:45Z,673,12,0,11,0,0,1,1,1,1785525609
2026-07-31T19:28:45Z,674,9,2,12,2,0,1,1,1,1785525955
2026-07-31T19:28:45Z,675,2,1,11,2,0,1,1,1,1785525980
2026-07-31T19:28:45Z,676,6,0,15,1,0,1,1,1,1785525711
2026-07-31T19:28:45Z,681,10,5,4,0,1,1,1,1,1785525979
2026-07-31T19:28:45Z,682,5,1,14,0,0,1,1,1,1785522108
2026-07-31T19:28:45Z,683,2,2,17,0,0,1,1,1,1785519895
2026-07-31T19:28:45Z,684,3,1,24,0,0,1,1,1,1785518528
2026-07-31T19:28:45Z,685,6,0,19,1,1,1,1,1,1785525624
2026-07-31T19:28:45Z,686,9,0,15,3,0,1,1,1,1785526099
2026-07-31T19:28:45Z,687,13,1,16,1,1,1,1,1,1785525813
2026-07-31T19:28:45Z,688,11,0,1,7,0,1,1,1,1785510286
2026-07-31T19:28:45Z,692,9,4,12,0,0,1,1,1,1785525736
2026-07-31T19:28:45Z,693,6,0,2,3,0,1,1,1,1785525201
2026-07-31T19:28:45Z,694,12,7,9,0,0,1,1,1,1785525143
2026-07-31T19:28:45Z,695,9,7,14,0,0,1,1,1,1785525236
2026-07-31T19:28:45Z,696,11,8,12,0,0,1,1,1,1785525661
2026-07-31T19:28:45Z,697,13,0,10,0,0,1,1,1,1785525836
2026-07-31T19:28:45Z,698,8,0,19,0,0,1,1,1,1785525979
2026-07-31T19:28:45Z,699,7,0,7,1,0,1,1,1,1785525570
2026-07-31T19:28:45Z,700,16,1,2,1,0,1,1,1,1785525765
2026-07-31T19:28:45Z,701,11,5,8,0,0,1,1,1,1785525695
2026-07-31T19:28:45Z,702,10,3,12,1,0,1,1,1,1785525746
2026-07-31T19:28:45Z,704,1,0,14,0,0,1,1,1,1785526052
2026-07-31T19:28:45Z,705,2,1,13,0,0,1,1,1,1785526070
2026-07-31T19:28:45Z,706,4,1,9,2,0,1,1,1,1785525117
2026-07-31T19:28:45Z,707,11,1,4,0,0,1,1,1,1785525698
2026-07-31T19:28:45Z,708,4,0,14,1,0,1,1,1,1785525978
2026-07-31T19:28:45Z,709,7,3,5,3,0,1,1,1,1785525748
2026-07-31T19:28:45Z,710,0,0,19,0,0,1,1,1,1785525935
2026-07-31T19:28:45Z,711,4,1,16,3,0,1,1,1,1785525305
2026-07-31T19:28:45Z,712,8,6,7,0,0,1,1,1,1785526038
2026-07-31T19:28:45Z,713,2,1,21,0,0,1,1,1,1785525930
2026-07-31T19:28:45Z,716,4,2,11,0,0,1,1,1,1785525472
2026-07-31T19:28:45Z,717,5,2,18,2,0,1,1,1,1785525981
2026-07-31T19:28:45Z,718,11,2,2,2,0,1,1,1,1785525771
2026-07-31T19:28:45Z,719,8,1,21,0,0,1,1,1,1785525831
2026-07-31T19:28:45Z,720,0,0,19,0,0,1,1,1,1785525744
2026-07-31T19:28:45Z,721,9,0,11,3,0,1,1,1,1785525864
2026-07-31T19:28:45Z,722,6,0,9,0,0,1,1,1,1785525517
2026-07-31T19:28:45Z,723,13,2,10,0,0,1,1,1,1785525710
2026-07-31T19:28:45Z,724,7,1,16,0,0,1,1,1,1785525806
2026-07-31T19:28:45Z,725,3,1,19,1,0,1,1,1,1785525612
2026-07-31T19:28:45Z,726,7,0,10,2,0,1,1,1,1785526056
2026-07-31T19:28:45Z,727,10,5,12,1,0,1,1,1,1785524761
2026-07-31T19:28:45Z,728,10,1,4,1,0,1,1,1,1785526050
2026-07-31T19:28:45Z,729,6,0,13,0,0,1,1,1,1785525936
2026-07-31T19:28:45Z,730,1,1,11,3,0,1,1,1,1785524834
2026-07-31T19:28:45Z,731,11,3,2,2,0,1,1,1,1785525782
2026-07-31T19:28:45Z,732,7,6,8,0,0,1,1,1,1785526021
2026-07-31T19:28:45Z,733,8,0,19,0,0,1,1,1,1785525898
2026-07-31T19:28:45Z,734,8,5,6,0,0,1,1,1,1785526106
2026-07-31T19:28:45Z,735,19,8,8,0,0,1,1,1,1785526090
2026-07-31T19:28:45Z,736,12,1,6,1,0,1,1,1,1785526084
2026-07-31T19:28:45Z,737,5,2,9,0,1,1,1,1,1785525408
2026-07-31T19:28:45Z,738,14,7,5,0,0,1,1,1,1785524342
2026-07-31T19:28:45Z,739,18,0,8,1,0,1,1,1,1785525947
2026-07-31T19:28:45Z,741,9,0,14,0,0,1,1,1,1785526111
2026-07-31T19:28:45Z,742,19,5,14,2,0,1,1,1,1785525978
2026-07-31T19:28:45Z,743,7,4,11,1,0,1,1,1,1785525989
2026-07-31T19:28:45Z,744,9,1,6,0,0,1,1,1,1785525957
2026-07-31T19:28:45Z,745,12,4,7,0,0,1,1,1,1785524924
2026-07-31T19:28:45Z,746,3,0,19,1,0,1,1,1,1785526012
2026-07-31T19:28:45Z,747,0,0,4,0,0,0,1,1,1783446606
2026-07-31T19:28:45Z,748,9,1,14,0,0,1,1,1,1785525537
2026-07-31T19:28:45Z,749,11,0,11,1,0,1,1,1,1785526081
2026-07-31T19:28:45Z,750,1,1,10,0,0,1,1,1,1785526090
2026-07-31T19:28:45Z,751,18,14,5,0,0,1,1,1,1785526112
2026-07-31T19:28:45Z,752,13,0,3,1,0,1,1,1,1785525434
2026-07-31T19:28:45Z,753,4,0,10,1,0,1,1,1,1785526076
2026-07-31T19:28:45Z,754,7,3,8,0,0,1,1,1,1785525153
2026-07-31T19:28:45Z,755,9,0,13,1,0,1,1,1,1785526065
2026-07-31T19:28:45Z,756,24,21,12,1,0,1,1,1,1785526085
2026-07-31T19:28:45Z,757,7,7,12,0,0,1,1,1,1785526055
2026-07-31T19:28:45Z,758,0,0,23,0,0,1,1,1,1785525104
2026-07-31T19:28:45Z,759,0,0,0,0,0,1,1,1,86400
2026-07-31T19:28:45Z,760,10,4,9,0,0,1,1,1,1785524777
2026-07-31T19:28:45Z,761,10,1,12,1,0,1,1,1,1785525961
2026-07-31T19:28:45Z,762,4,3,6,5,0,1,1,1,1785525775
2026-07-31T19:28:45Z,768,7,0,8,4,0,1,1,1,1785526069
2026-07-31T19:28:45Z,769,6,4,11,2,0,1,1,1,1785526004
2026-07-31T19:28:45Z,770,6,2,11,2,0,1,1,1,1785525087
2026-07-31T19:28:45Z,771,12,2,2,1,0,1,1,1,1785525745
2026-07-31T19:28:45Z,772,6,0,9,0,0,1,1,1,1785525103
2026-07-31T19:28:45Z,773,18,5,1,0,0,1,1,1,1785524621
2026-07-31T19:28:45Z,774,6,2,4,5,0,1,1,1,1785526086
2026-07-31T19:28:45Z,775,8,1,9,1,1,1,1,1,1785523731
2026-07-31T19:28:45Z,776,3,1,17,1,0,1,1,1,1785524746
2026-07-31T19:28:45Z,777,14,4,1,0,0,1,1,1,1785526013
2026-07-31T19:28:45Z,778,15,0,1,3,0,1,1,1,1785525582
2026-07-31T19:28:45Z,779,6,0,12,1,0,1,1,1,1785525454
2026-07-31T19:28:45Z,780,7,4,11,1,0,1,1,1,1785526098
2026-07-31T19:28:45Z,781,2,1,7,2,0,1,1,1,1785526077
2026-07-31T19:28:45Z,782,1,0,14,4,0,1,1,1,1785526002
2026-07-31T19:28:45Z,783,8,1,11,0,0,1,1,1,1785525239
2026-07-31T19:28:45Z,784,5,0,14,0,0,1,1,1,1785524942
2026-07-31T19:28:45Z,785,9,1,4,6,0,1,1,1,1785525462
2026-07-31T19:28:45Z,786,10,5,9,0,0,1,1,1,1785525117
2026-07-31T19:28:45Z,787,6,3,8,1,0,1,1,1,1785524692
2026-07-31T19:28:45Z,788,2,0,13,0,0,1,1,1,1785525727
2026-07-31T19:28:45Z,789,7,2,4,4,0,1,1,1,1785525935
2026-07-31T19:28:45Z,790,5,1,18,0,0,1,1,1,1785525268
2026-07-31T19:28:45Z,791,7,0,11,0,1,1,1,1,1785526040
2026-07-31T19:28:45Z,793,4,0,10,1,0,1,1,1,1785526060
2026-07-31T19:28:45Z,794,24,6,3,2,0,1,1,1,1785526052
2026-07-31T19:28:45Z,796,4,3,14,1,0,1,1,1,1785525935
2026-07-31T19:28:45Z,797,6,2,9,0,0,1,1,1,1785525920
2026-07-31T19:28:45Z,798,11,0,12,2,0,1,1,1,1785525872
2026-07-31T19:28:45Z,799,12,2,3,4,0,1,1,1,1785525896
2026-07-31T19:28:45Z,800,5,0,15,1,0,1,1,1,1785526064
2026-07-31T19:28:45Z,801,6,1,11,4,0,1,1,1,1785526030
2026-07-31T19:28:45Z,802,8,0,23,0,0,1,1,1,1785524802
2026-07-31T19:28:45Z,803,0,0,15,0,0,1,1,1,1785525695
2026-07-31T19:28:45Z,806,2,0,12,1,0,1,1,1,1785525045
2026-07-31T19:28:45Z,807,18,8,4,3,0,1,1,1,1785525792
2026-07-31T19:28:45Z,808,20,6,2,3,0,1,1,1,1785525702
2026-07-31T19:28:45Z,809,3,0,19,1,0,1,1,1,1785525935
2026-07-31T19:28:45Z,810,4,2,13,2,0,1,1,1,1785524498
2026-07-31T19:28:45Z,815,3,1,7,4,1,1,1,1,1785525467
2026-07-31T19:28:45Z,817,13,7,2,0,0,1,1,1,1785525854
2026-07-31T19:28:45Z,818,5,0,18,0,0,1,1,1,1785524737
2026-07-31T19:28:45Z,819,10,4,5,0,0,1,1,1,1785525935
2026-07-31T19:28:45Z,820,8,1,9,0,0,1,1,1,1785525111
2026-07-31T19:28:45Z,821,3,2,12,0,0,1,1,1,1785526028
2026-07-31T19:28:45Z,822,6,0,15,2,0,1,1,1,1785526091
2026-07-31T19:28:45Z,823,13,2,2,0,0,1,1,1,1785525778
2026-07-31T19:28:45Z,824,10,3,8,1,0,1,1,1,1785526053
2026-07-31T19:28:45Z,825,7,5,8,0,0,1,1,1,1785521169
2026-07-31T19:28:45Z,826,8,0,9,2,0,1,1,1,1785525254
2026-07-31T19:28:45Z,827,17,3,2,2,0,1,1,1,1785524622
2026-07-31T19:28:45Z,828,10,0,6,2,0,1,1,1,1785524461
2026-07-31T19:28:45Z,829,16,5,11,0,0,1,1,1,1785525380
2026-07-31T19:28:45Z,830,14,0,8,1,0,1,1,1,1785525785
2026-07-31T19:28:45Z,831,6,3,7,2,0,1,1,1,1785526099
2026-07-31T19:28:45Z,832,8,2,7,3,0,1,1,1,1785526056
2026-07-31T19:28:45Z,833,3,1,15,1,0,1,1,1,1785525374
2026-07-31T19:28:45Z,834,18,2,4,2,0,1,1,1,1785526095
2026-07-31T19:28:45Z,835,0,0,17,1,0,1,1,1,1785525506
2026-07-31T19:28:45Z,838,4,1,10,1,0,1,1,1,1785525918
2026-07-31T19:28:45Z,839,19,0,7,3,0,1,1,1,1785525920
2026-07-31T19:28:45Z,840,0,0,28,1,0,1,1,1,1785525905
2026-07-31T19:28:45Z,841,7,1,8,0,0,1,1,1,1785525509
2026-07-31T19:28:45Z,842,2,0,21,0,0,1,1,1,1785525356
2026-07-31T19:28:45Z,843,11,0,20,0,0,1,1,1,1785525707
2026-07-31T19:28:45Z,844,5,0,18,0,0,1,1,1,1785525594
2026-07-31T19:28:45Z,845,4,3,13,2,0,1,1,1,1785525707
2026-07-31T19:28:45Z,846,3,1,15,1,0,1,1,1,1785525220
2026-07-31T19:28:45Z,847,7,1,19,1,0,1,1,1,1785524736
2026-07-31T19:28:45Z,848,6,4,12,1,0,1,1,1,1785526028
2026-07-31T19:28:45Z,849,8,1,6,1,0,1,1,1,1785525897
2026-07-31T19:28:45Z,850,5,0,5,1,0,1,1,1,1785525840
2026-07-31T19:28:45Z,851,5,4,29,3,0,1,1,1,1785525725
2026-07-31T19:28:45Z,852,11,6,8,0,0,1,1,1,1785525393
2026-07-31T19:28:45Z,853,12,5,11,0,0,1,1,1,1785525718
2026-07-31T19:28:45Z,854,3,2,12,0,0,1,1,1,1785524557
2026-07-31T19:28:45Z,855,27,0,0,0,0,1,1,1,1785524493
2026-07-31T19:28:45Z,857,7,7,10,2,0,1,1,1,1785525590
2026-07-31T19:28:45Z,858,5,2,13,1,0,1,1,1,1785526107
2026-07-31T19:28:45Z,859,7,0,13,1,0,1,1,1,1785524481
2026-07-31T19:28:45Z,861,7,0,3,1,0,1,1,1,1785506303
2026-07-31T19:28:45Z,862,4,2,11,0,0,1,1,1,1785525491
2026-07-31T19:28:45Z,863,14,1,5,0,0,1,1,1,1785526076
2026-07-31T19:28:45Z,866,12,3,7,0,0,1,1,1,1785525860
2026-07-31T19:28:45Z,867,14,2,1,0,0,1,1,1,1785525096
2026-07-31T19:28:45Z,868,9,0,6,0,0,1,1,1,1785525342
2026-07-31T19:28:45Z,870,9,6,6,0,0,1,1,1,1785525568
2026-07-31T19:28:45Z,871,0,0,10,1,0,1,1,1,1785524902
2026-07-31T19:28:45Z,872,0,0,14,1,0,1,1,1,1785525477
2026-07-31T19:28:45Z,873,25,3,7,1,0,1,1,1,1785526082
2026-07-31T19:28:45Z,874,2,0,10,3,0,1,1,1,1785525825
2026-07-31T19:28:45Z,875,10,6,3,2,0,1,1,1,1785525685
2026-07-31T19:28:45Z,877,13,12,6,0,0,1,1,1,1785525154
2026-07-31T19:28:45Z,878,3,3,16,0,0,1,1,1,1785525728
2026-07-31T19:28:45Z,879,2,0,17,0,0,1,1,1,1785524764
2026-07-31T19:28:45Z,880,3,1,19,1,0,1,1,1,1785526071
2026-07-31T19:28:45Z,881,2,0,17,0,0,1,1,1,1785525590
2026-07-31T19:28:45Z,882,9,4,9,1,0,1,1,1,1785513298
2026-07-31T19:28:45Z,883,9,4,10,0,0,1,1,1,1785525795
2026-07-31T19:28:45Z,884,10,6,11,0,0,1,1,1,1785525169
2026-07-31T19:28:45Z,885,0,0,19,0,0,1,1,1,1785525393
2026-07-31T19:28:45Z,886,12,0,17,0,0,1,1,1,1785525977
2026-07-31T19:28:45Z,887,5,3,9,3,0,1,1,1,1785526094
2026-07-31T19:28:45Z,888,6,1,33,1,1,1,1,1,1785526085
2026-07-31T19:28:45Z,889,1,0,16,2,0,1,1,1,1785526107
2026-07-31T19:28:45Z,890,6,4,9,0,0,1,1,1,1785522525
2026-07-31T19:28:45Z,891,21,0,2,0,0,1,1,1,1785524937
2026-07-31T19:28:45Z,892,9,1,6,0,0,1,1,1,1785523247
2026-07-31T19:28:45Z,895,1,0,18,0,0,1,1,1,1785514669
2026-07-31T19:28:45Z,896,8,0,27,0,0,1,1,1,1785525731
2026-07-31T19:28:45Z,897,12,1,9,0,0,1,1,1,1785525625
2026-07-31T19:28:45Z,898,4,1,15,0,0,1,1,1,1785525312
2026-07-31T19:28:45Z,899,0,0,18,1,0,1,1,1,1785525362
2026-07-31T19:28:45Z,900,5,0,22,0,0,1,1,1,1785526085
2026-07-31T19:28:45Z,901,2,0,16,1,0,1,1,1,1785526082
2026-07-31T19:28:45Z,902,3,1,12,0,0,1,1,1,1785525223
2026-07-31T19:28:45Z,903,4,0,14,1,0,1,1,1,1785524777
2026-07-31T19:28:45Z,904,10,5,8,1,0,1,1,1,1785525713
2026-07-31T19:28:45Z,905,9,4,17,1,0,1,1,1,1785525298
2026-07-31T19:28:45Z,906,13,3,13,1,0,1,1,1,1785525652
2026-07-31T19:28:45Z,907,9,0,22,0,0,1,1,1,1785525995
2026-07-31T19:28:45Z,908,8,0,15,0,0,1,1,1,1785525722
2026-07-31T19:28:45Z,909,8,7,15,0,0,1,1,1,1785525982
2026-07-31T19:28:45Z,910,24,0,7,0,0,1,1,1,1785525905
2026-07-31T19:28:45Z,911,3,1,16,0,0,1,1,1,1785525246
2026-07-31T19:28:45Z,912,18,1,4,1,0,1,1,1,1785526112
2026-07-31T19:28:45Z,913,7,3,12,0,0,1,1,1,1785524424
2026-07-31T19:28:45Z,914,5,0,14,0,0,1,1,1,1785526026
2026-07-31T19:28:45Z,915,20,2,1,2,0,1,1,1,1785526100
2026-07-31T19:28:45Z,916,5,1,17,1,0,1,1,1,1785525930
2026-07-31T19:28:45Z,917,13,0,20,2,0,1,1,1,1785525139
2026-07-31T19:28:45Z,918,9,1,7,3,0,1,1,1,1785525898
2026-07-31T19:28:45Z,919,10,0,29,0,0,1,1,1,1785526089
2026-07-31T19:28:45Z,920,7,2,12,0,0,1,1,1,1785526027
2026-07-31T19:28:45Z,921,17,3,4,0,0,1,1,1,1785525405
2026-07-31T19:28:45Z,922,1,1,20,0,0,1,1,1,1785525264
2026-07-31T19:28:45Z,923,2,2,16,1,0,1,1,1,1785525717
2026-07-31T19:28:45Z,924,7,0,13,1,0,1,1,1,1785524597
2026-07-31T19:28:45Z,925,12,0,9,0,0,1,1,1,1785525913
2026-07-31T19:28:45Z,926,3,1,18,0,0,1,1,1,1785525999
2026-07-31T19:28:45Z,927,27,0,8,0,0,1,1,1,1785524811
2026-07-31T19:28:45Z,928,0,0,19,0,0,0,1,1,1785500252
2026-07-31T19:28:45Z,929,21,2,2,0,0,1,1,1,1785525844
2026-07-31T19:28:45Z,930,2,0,28,1,0,1,1,1,1785525700
2026-07-31T19:28:45Z,931,5,3,18,0,0,1,1,1,1785525986
2026-07-31T19:28:45Z,932,5,1,12,2,0,1,1,1,1785525854
2026-07-31T19:28:45Z,933,11,0,12,0,0,1,1,1,1785526031
2026-07-31T19:28:45Z,934,20,0,10,1,0,1,1,1,1785525851
2026-07-31T19:28:45Z,935,12,0,6,1,0,1,1,1,1785526019
2026-07-31T19:28:45Z,936,14,2,5,0,0,1,1,1,1785525612
2026-07-31T19:28:45Z,940,1,1,9,1,0,1,1,1,1785525676
2026-07-31T19:28:45Z,941,12,0,11,2,0,1,1,1,1785525803
2026-07-31T19:28:45Z,942,13,0,8,0,0,1,1,1,1785526034
2026-07-31T19:28:45Z,943,8,8,7,0,0,1,1,1,1785525564
2026-07-31T19:28:45Z,944,10,8,5,0,0,1,1,1,1785525406
2026-07-31T19:28:45Z,945,10,8,5,0,0,1,1,1,1785524928
2026-07-31T19:28:45Z,946,7,5,12,0,0,1,1,1,1785523835
2026-07-31T19:28:45Z,947,7,5,10,0,0,1,1,1,1785525426
2026-07-31T19:28:45Z,948,21,8,6,4,0,1,1,1,1785525373
2026-07-31T19:28:45Z,949,8,6,7,0,0,1,1,1,1785526012
2026-07-31T19:28:45Z,950,1,0,15,1,0,1,1,1,1785525894
2026-07-31T19:28:45Z,951,17,5,6,0,0,1,1,1,1785525703
2026-07-31T19:28:45Z,952,22,4,32,1,0,1,1,1,1785525417
2026-07-31T19:28:45Z,953,1,0,13,1,0,1,1,1,1785524686
2026-07-31T19:28:45Z,954,1,0,18,0,0,1,1,1,1785525565
2026-07-31T19:28:45Z,955,10,3,11,5,1,1,1,1,1785525855
2026-07-31T19:28:45Z,956,9,1,12,2,0,1,1,1,1785525996
2026-07-31T19:28:45Z,957,7,1,21,1,0,1,1,1,1785525769
2026-07-31T19:28:45Z,958,9,0,21,1,0,1,1,1,1785526110
2026-07-31T19:28:45Z,959,3,3,19,1,0,1,1,1,1785526026
2026-07-31T19:28:45Z,960,4,2,19,0,0,1,1,1,1785525886
2026-07-31T19:28:45Z,961,8,1,12,3,0,1,1,1,1785525626
2026-07-31T19:28:45Z,962,8,2,24,3,0,1,1,1,1785525629
2026-07-31T19:28:45Z,963,8,0,14,1,0,1,1,1,1785526089
2026-07-31T19:28:45Z,964,5,3,18,0,0,1,1,1,1785526065
2026-07-31T19:28:45Z,965,11,6,15,1,0,1,1,1,1785525814
2026-07-31T19:28:45Z,966,21,0,8,2,0,1,1,1,1785526059
2026-07-31T19:28:45Z,967,3,0,16,2,0,1,1,1,1785526110
2026-07-31T19:28:45Z,968,9,0,9,1,0,1,1,1,1785525438
2026-07-31T19:28:45Z,969,1,0,24,2,0,1,1,1,1785525933
2026-07-31T19:28:45Z,970,1,0,16,2,0,1,1,1,1785526076
2026-07-31T19:28:45Z,971,1,0,21,1,0,1,1,1,1785525968
2026-07-31T19:28:45Z,972,11,3,11,1,0,1,1,1,1785525438
2026-07-31T19:28:45Z,973,8,2,14,1,0,1,1,1,1785524985
2026-07-31T19:28:45Z,974,22,0,4,1,0,1,1,1,1785525305
2026-07-31T19:28:45Z,977,5,0,14,2,0,1,1,1,1785525680
2026-07-31T19:28:45Z,978,18,0,5,0,0,1,1,1,1785525740
2026-07-31T19:28:45Z,979,7,1,10,0,0,1,1,1,1785526041
2026-07-31T19:28:45Z,980,9,0,10,2,0,1,1,1,1785526108
2026-07-31T19:28:45Z,981,7,0,14,0,0,1,1,1,1785526109
2026-07-31T19:28:45Z,982,3,1,15,1,0,1,1,1,1785525478
2026-07-31T19:28:45Z,983,5,3,18,0,0,1,1,1,1785525937
2026-07-31T19:28:45Z,984,6,0,17,0,0,1,1,1,1785525239
2026-07-31T19:28:45Z,985,15,0,15,1,0,1,1,1,1785526098
2026-07-31T19:28:45Z,986,3,0,16,0,0,1,1,1,1785525480
2026-07-31T19:28:45Z,987,6,0,17,0,0,1,1,1,1785526051
2026-07-31T19:28:45Z,988,7,3,12,0,0,1,1,1,1785525649
2026-07-31T19:28:45Z,989,9,4,10,0,0,1,1,1,1785524631
2026-07-31T19:28:45Z,990,9,0,5,1,0,1,1,1,1785525650
2026-07-31T19:28:45Z,991,9,0,9,1,0,1,1,1,1785525379
2026-07-31T19:28:45Z,992,9,5,14,0,0,1,1,1,1785524446
2026-07-31T19:28:45Z,993,6,3,20,1,0,1,1,1,1785525949
2026-07-31T19:28:45Z,994,0,0,21,0,0,1,1,1,1785525313
2026-07-31T19:28:45Z,995,7,1,20,0,0,1,1,1,1785525715
2026-07-31T19:28:45Z,996,8,2,15,0,0,1,1,1,1785525550
2026-07-31T19:28:45Z,997,5,4,6,9,3,1,1,1,1785526005
2026-07-31T19:28:45Z,998,5,4,18,0,0,1,1,1,1785525810
2026-07-31T19:28:45Z,999,4,1,15,1,1,1,1,1,1785525524
2026-07-31T19:28:45Z,1000,3,1,18,0,0,1,1,1,1785525502
2026-07-31T19:28:45Z,1001,5,3,22,0,0,1,1,1,1785525868
2026-07-31T19:28:45Z,1002,2,2,28,1,0,1,1,1,1785525895
2026-07-31T19:28:45Z,1003,0,0,23,0,0,1,1,1,1785525450
2026-07-31T19:28:45Z,1004,9,2,14,0,0,1,1,1,1785524927
2026-07-31T19:28:45Z,1005,18,1,5,0,0,1,1,1,1785525640
2026-07-31T19:28:45Z,1006,7,4,12,0,0,1,1,1,1785525877
2026-07-31T19:28:45Z,1007,1,1,20,0,0,1,1,1,1785525092
2026-07-31T19:28:45Z,1008,8,7,15,0,0,1,1,1,1785524622
2026-07-31T19:28:45Z,1009,22,5,8,1,0,1,1,1,1785524543
2026-07-31T19:28:45Z,1010,8,2,19,0,0,1,1,1,1785525345
2026-07-31T19:28:45Z,1011,6,2,11,2,0,1,1,1,1785525821
2026-07-31T19:28:45Z,1012,5,3,16,2,0,1,1,1,1785525411
2026-07-31T19:28:45Z,1013,4,1,18,1,0,1,1,1,1785525862
2026-07-31T19:28:45Z,1014,9,4,14,0,0,1,1,1,1785525935
2026-07-31T19:28:45Z,1015,4,3,26,1,0,1,1,1,1785524451
2026-07-31T19:28:45Z,1016,10,5,21,0,0,1,1,1,1785525347
2026-07-31T19:28:45Z,1017,14,5,7,0,0,1,1,1,1785524805
2026-07-31T19:28:45Z,1018,7,3,15,0,0,1,1,1,1785525490
2026-07-31T19:28:45Z,1019,8,5,7,0,0,1,1,1,1785525366
2026-07-31T19:28:45Z,1020,19,5,2,0,0,1,1,1,1785524668
2026-07-31T19:28:45Z,1021,9,4,6,0,0,1,1,1,1785524353
2026-07-31T19:28:45Z,1022,14,0,13,0,0,1,1,1,1785525617
2026-07-31T19:28:45Z,1023,14,2,9,0,0,1,1,1,1785525241
2026-07-31T19:28:45Z,1024,6,3,13,0,0,1,1,1,1785524401
2026-07-31T19:28:45Z,1025,4,0,14,0,1,1,1,1,1785525594
2026-07-31T19:28:45Z,1026,12,9,18,1,0,1,1,1,1785524980
2026-07-31T19:28:45Z,1028,3,1,20,0,0,1,1,1,1785525585
2026-07-31T19:28:45Z,1029,12,10,3,0,0,1,1,1,1785524660
2026-07-31T19:28:45Z,1030,13,4,10,0,0,1,1,1,1785524461
2026-07-31T19:28:45Z,1031,9,1,10,0,0,1,1,1,1785524777
2026-07-31T19:28:45Z,1032,7,1,12,0,0,1,1,1,1785525448
2026-07-31T19:28:45Z,1033,10,6,9,0,0,1,1,1,1785524455
2026-07-31T19:28:45Z,1034,4,1,11,0,0,1,1,1,1785525434
2026-07-31T19:28:45Z,1035,0,0,18,1,0,1,1,1,1785525973
2026-07-31T19:28:45Z,1036,12,0,3,0,0,1,1,1,1785526013
2026-07-31T19:28:45Z,1037,4,1,14,1,0,1,1,1,1785525840
2026-07-31T19:28:45Z,1038,1,0,14,0,0,1,1,1,1785525126
2026-07-31T19:28:45Z,1039,7,1,12,0,0,1,1,1,1785525601
2026-07-31T19:28:45Z,1040,8,5,11,0,0,1,1,1,1785525499
2026-07-31T19:28:45Z,1041,11,3,8,0,0,1,1,1,1785525369
2026-07-31T19:28:45Z,1042,14,2,0,1,0,1,1,1,1785525546
2026-07-31T19:28:45Z,1043,10,4,8,1,0,1,1,1,1785525528
2026-07-31T19:28:45Z,1044,1,0,14,0,0,1,1,1,1785525181
2026-07-31T19:28:45Z,1045,9,0,10,0,0,1,1,1,1785525432
2026-07-31T19:28:45Z,1046,9,0,6,0,0,1,1,1,1785524805
2026-07-31T19:28:45Z,1047,4,0,17,0,0,1,1,1,1785524400
2026-07-31T19:28:45Z,1048,5,0,14,0,0,1,1,1,1785525411
2026-07-31T19:28:45Z,1049,0,0,21,0,0,1,1,1,1785525512
2026-07-31T19:28:45Z,1050,16,4,5,0,0,1,1,1,1785524796
2026-07-31T19:28:45Z,1051,8,2,13,0,0,1,1,1,1785524667
2026-07-31T19:28:45Z,1052,16,1,5,1,0,1,1,1,1785525300
2026-07-31T19:28:45Z,1053,2,1,13,0,0,1,1,1,1785526073
2026-07-31T19:28:45Z,1054,15,1,0,0,0,1,1,1,1785525566
2026-07-31T19:28:45Z,1055,8,1,11,0,0,1,1,1,1785525580
2026-07-31T19:28:45Z,1057,10,1,9,0,0,1,1,1,1785525239
2026-07-31T19:28:45Z,1058,21,6,34,1,0,1,1,1,1785525996
2026-07-31T19:28:45Z,1059,1,0,17,1,0,1,1,1,1785525441
2026-07-31T19:28:45Z,1060,35,0,2,0,0,1,1,1,1785525988
2026-07-31T19:28:45Z,1061,33,0,3,1,0,1,1,1,1785525878
2026-07-31T19:28:45Z,1062,17,0,0,0,0,1,1,1,1785526089
2026-07-31T19:28:45Z,1063,12,1,6,1,0,1,1,1,1785525489
2026-07-31T19:28:45Z,1064,3,0,19,1,0,1,1,1,1785525851
2026-07-31T19:28:45Z,1065,16,3,7,0,0,1,1,1,1785526099
2026-07-31T19:28:45Z,1066,11,2,12,0,0,1,1,1,1785525969
2026-07-31T19:28:45Z,1067,8,2,13,2,0,1,1,1,1785524376
2026-07-31T19:28:45Z,1068,6,2,14,3,0,1,1,1,1785525723
2026-07-31T19:28:45Z,1069,12,3,11,0,0,1,1,1,1785525732
2026-07-31T19:28:45Z,1070,12,2,11,0,0,1,1,1,1785525833
2026-07-31T19:28:45Z,1071,7,4,16,0,0,1,1,1,1785525869
2026-07-31T19:28:45Z,1072,11,1,11,1,0,1,1,1,1785526107
2026-07-31T19:28:45Z,1073,1,1,26,0,0,1,1,1,1785526026
2026-07-31T19:28:45Z,1074,6,1,47,0,0,1,1,1,1785526099
2026-07-31T19:28:45Z,1075,8,8,13,0,0,1,1,1,1785525236
2026-07-31T19:28:45Z,1076,16,13,5,0,0,1,1,1,1785525699
2026-07-31T19:28:45Z,1077,12,8,9,0,0,1,1,1,1785526097
2026-07-31T19:28:45Z,1078,13,12,8,0,0,1,1,1,1785524721
2026-07-31T19:28:45Z,1079,12,8,9,0,0,1,1,1,1785525343
2026-07-31T19:28:45Z,1080,10,8,9,2,0,1,1,1,1785525270
2026-07-31T19:28:45Z,1081,14,8,5,0,0,1,1,1,1785524466
2026-07-31T19:28:45Z,1082,12,11,11,0,0,1,1,1,1785525349
2026-07-31T19:28:45Z,1083,12,11,9,0,0,1,1,1,1785525612
2026-07-31T19:28:45Z,1084,9,8,12,0,0,1,1,1,1785525228
2026-07-31T19:28:45Z,1085,14,8,7,0,0,1,1,1,1785524925
2026-07-31T19:28:45Z,1086,15,11,5,1,0,1,1,1,1785525619
2026-07-31T19:28:45Z,1087,6,6,9,0,0,1,1,1,1785524719
2026-07-31T19:28:45Z,1088,9,7,6,0,0,1,1,1,1785525492
2026-07-31T19:28:45Z,1089,5,2,10,0,0,1,1,1,1785525826
2026-07-31T19:28:45Z,1090,7,6,8,0,0,1,1,1,1785525597
2026-07-31T19:28:45Z,1091,5,3,10,0,0,1,1,1,1785524632
2026-07-31T19:28:45Z,1092,10,9,5,0,0,1,1,1,1785525826
2026-07-31T19:28:45Z,1093,5,5,9,1,0,1,1,1,1785524717
2026-07-31T19:28:45Z,1094,11,10,8,0,0,1,1,1,1785525444
2026-07-31T19:28:45Z,1095,9,8,6,0,0,1,1,1,1785525425
2026-07-31T19:28:45Z,1096,3,1,15,1,0,1,1,1,1785525817
2026-07-31T19:28:45Z,1097,8,8,7,0,0,1,1,1,1785526013
2026-07-31T19:28:45Z,1098,9,7,10,0,0,1,1,1,1785525045
2026-07-31T19:28:45Z,1099,7,6,8,0,0,1,1,1,1785525278
2026-07-31T19:28:45Z,1100,5,3,24,0,0,1,1,1,1785521793
2026-07-31T19:28:45Z,1101,10,5,11,0,0,1,1,1,1785525200
2026-07-31T19:28:45Z,1102,9,4,4,0,0,1,1,1,1785524416
2026-07-31T19:28:45Z,1103,11,5,10,0,0,1,1,1,1785503681
2026-07-31T19:28:45Z,1104,11,6,10,0,0,1,1,1,1785524951
2026-07-31T19:28:45Z,1105,8,4,5,0,0,1,1,1,1785526112
2026-07-31T19:28:45Z,1106,10,5,11,0,0,1,1,1,1785525291
2026-07-31T19:28:45Z,1107,9,5,6,0,0,1,1,1,1785525544
2026-07-31T19:28:45Z,1108,8,4,16,2,1,1,1,1,1785524306
2026-07-31T19:28:45Z,1109,8,4,7,0,0,1,1,1,1785525488
2026-07-31T19:28:45Z,1110,8,0,13,0,0,1,1,1,1785524815
2026-07-31T19:28:45Z,1111,7,5,13,1,0,1,1,1,1785525818
2026-07-31T19:28:45Z,1112,29,1,23,1,0,1,1,1,1785525969
2026-07-31T19:28:45Z,1113,4,0,17,0,0,1,1,1,1785524741
2026-07-31T19:28:45Z,1115,13,2,6,4,0,1,1,1,1785526011
2026-07-31T19:28:45Z,1116,2,1,17,0,0,1,1,1,1785525468
2026-07-31T19:28:45Z,1117,7,2,14,2,0,1,1,1,1785525892
2026-07-31T19:28:45Z,1118,7,0,14,0,0,1,1,1,1785525529
2026-07-31T19:28:45Z,1119,9,1,8,0,0,1,1,1,1785525993
2026-07-31T19:28:45Z,1120,9,0,9,1,0,1,1,1,1785525559
2026-07-31T19:28:45Z,1121,12,0,8,1,0,1,1,1,1785525628
2026-07-31T19:28:45Z,1122,5,5,15,1,0,1,1,1,1785524900
2026-07-31T19:28:45Z,1123,12,8,9,2,0,1,1,1,1785526008
2026-07-31T19:28:45Z,1124,1,0,12,2,0,1,1,1,1785525619
2026-07-31T19:28:45Z,1125,14,2,9,0,0,1,1,1,1785525868
2026-07-31T19:28:45Z,1126,8,0,13,0,0,1,1,1,1785525423
2026-07-31T19:28:45Z,1127,4,2,14,1,0,1,1,1,1785525785
2026-07-31T19:28:45Z,1128,1,0,14,0,0,1,1,1,1785525442
2026-07-31T19:28:45Z,1129,1,0,19,1,0,1,1,1,1785525681
2026-07-31T19:28:45Z,1130,1,0,13,1,0,1,1,1,1785525582
2026-07-31T19:28:45Z,1131,10,4,38,1,0,1,1,1,1785524985
2026-07-31T19:28:45Z,1132,9,4,10,2,0,1,1,1,1785525809
2026-07-31T19:28:45Z,1133,5,5,14,2,0,1,1,1,1785525999
2026-07-31T19:28:45Z,1134,11,5,8,0,0,1,1,1,1785525978
2026-07-31T19:28:45Z,1135,12,6,9,0,0,1,1,1,1785525093
2026-07-31T19:28:45Z,1136,11,1,12,0,0,1,1,1,1785526004
2026-07-31T19:28:45Z,1137,13,1,2,0,0,1,1,1,1785525797
2026-07-31T19:28:45Z,1138,3,0,16,0,0,1,1,1,1785525419
2026-07-31T19:28:45Z,1139,15,3,4,2,0,1,1,1,1785525976
2026-07-31T19:28:45Z,1140,4,2,18,1,0,1,1,1,1785525885
2026-07-31T19:28:45Z,1141,17,7,4,0,0,1,1,1,1785526086
2026-07-31T19:28:45Z,1142,0,0,21,0,0,1,1,1,1785526108
2026-07-31T19:28:45Z,1143,0,0,29,0,0,1,1,1,1785525463
2026-07-31T19:28:45Z,1144,7,0,13,1,0,1,1,1,1785524692
2026-07-31T19:28:45Z,1145,11,5,9,1,0,1,1,1,1785525873
2026-07-31T19:28:45Z,1146,4,0,13,2,0,1,1,1,1785526097
2026-07-31T19:28:45Z,1147,18,2,1,0,0,1,1,1,1785525612
2026-07-31T19:28:45Z,1148,1,0,30,0,0,1,1,1,1785526030
2026-07-31T19:28:45Z,1149,4,3,17,4,0,1,1,1,1785526082
2026-07-31T19:28:45Z,1150,4,0,15,0,0,1,1,1,1785525990
2026-07-31T19:28:45Z,1151,8,0,13,0,0,1,1,1,1785525318
2026-07-31T19:28:45Z,1152,0,0,29,0,0,1,1,1,1785525478
2026-07-31T19:28:45Z,1153,22,3,0,1,0,1,1,1,1785526019
2026-07-31T19:28:45Z,1154,5,0,14,0,0,1,1,1,1785525199
2026-07-31T19:28:45Z,1155,3,1,16,3,0,1,1,1,1785526060
2026-07-31T19:28:45Z,1158,3,1,16,0,0,1,1,1,1785525354
2026-07-31T19:28:45Z,1159,13,1,6,0,0,1,1,1,1785525714
2026-07-31T19:28:45Z,1160,9,1,10,0,0,1,1,1,1785525203
2026-07-31T19:28:45Z,1161,4,0,14,1,0,1,1,1,1785525849
2026-07-31T19:28:45Z,1162,3,1,16,0,0,1,1,1,1785526104
2026-07-31T19:28:45Z,1163,2,1,16,1,0,1,1,1,1785525474
2026-07-31T19:28:45Z,1164,6,1,13,0,0,1,1,1,1785525530
2026-07-31T19:28:45Z,1165,2,0,19,0,0,1,1,1,1785524457
2026-07-31T19:28:45Z,1166,14,3,7,0,0,1,1,1,1785525935
2026-07-31T19:28:45Z,1167,4,0,11,0,0,1,1,1,1785525203
2026-07-31T19:28:45Z,1168,2,1,19,2,0,1,1,1,1785525760
2026-07-31T19:28:45Z,1169,3,0,15,1,0,1,1,1,1785525376
2026-07-31T19:28:45Z,1170,7,1,14,0,0,1,1,1,1785525769
2026-07-31T19:28:45Z,1171,8,7,15,0,0,1,1,1,1785525464
2026-07-31T19:28:45Z,1172,1,0,12,2,0,1,1,1,1785525687
2026-07-31T19:28:45Z,1173,13,4,6,0,0,1,1,1,1785525632
2026-07-31T19:28:45Z,1174,6,3,9,0,0,1,1,1,1785525282
2026-07-31T19:28:45Z,1175,4,3,15,0,0,1,1,1,1785525246
2026-07-31T19:28:45Z,1176,21,2,0,0,0,1,1,1,1785524856
2026-07-31T19:28:45Z,1177,3,1,18,0,0,1,1,1,1785524784
2026-07-31T19:28:45Z,1178,4,1,11,0,0,1,1,1,1785525435
2026-07-31T19:28:45Z,1181,4,0,11,0,0,1,1,1,1785526107
2026-07-31T19:28:45Z,1182,16,2,2,2,0,1,1,1,1785526106
2026-07-31T19:28:45Z,1183,23,1,20,2,0,1,1,1,1785525868
2026-07-31T19:28:45Z,1184,6,2,13,2,0,1,1,1,1785525909
2026-07-31T19:28:45Z,1185,9,5,12,0,0,1,1,1,1785524920
2026-07-31T19:28:45Z,1186,10,5,9,0,0,1,1,1,1785525904
2026-07-31T19:28:45Z,1187,10,5,10,1,0,1,1,1,1785524346
2026-07-31T19:28:45Z,1188,10,5,5,0,0,1,1,1,1785525542
2026-07-31T19:28:45Z,1189,9,4,10,0,0,1,1,1,1785525666
2026-07-31T19:28:45Z,1190,9,4,12,0,0,1,1,1,1785525079
2026-07-31T19:28:45Z,1191,11,6,4,0,0,1,1,1,1785525546
2026-07-31T19:28:45Z,1192,10,6,10,1,0,1,1,1,1785525441
2026-07-31T19:28:45Z,1193,6,4,5,2,0,1,1,1,1785524508
2026-07-31T19:28:45Z,1197,9,6,7,1,0,1,1,1,1785525417
2026-07-31T19:28:45Z,1198,13,4,6,2,0,1,1,1,1785525968
2026-07-31T19:28:45Z,1199,3,0,16,0,0,1,1,1,1785525962
2026-07-31T19:28:45Z,1200,9,5,6,0,0,1,1,1,1785525583
2026-07-31T19:28:45Z,1201,10,5,5,0,0,1,1,1,1785525558
2026-07-31T19:28:45Z,1202,10,5,5,0,0,1,1,1,1785525660
2026-07-31T19:28:45Z,1203,11,5,4,0,0,1,1,1,1785525562
2026-07-31T19:28:45Z,1204,7,4,12,0,0,1,1,1,1785525333
2026-07-31T19:28:45Z,1206,11,5,10,0,0,1,1,1,1785524569
2026-07-31T19:28:45Z,1207,8,4,6,1,0,1,1,1,1785525876
2026-07-31T19:28:45Z,1208,10,4,9,0,0,1,1,1,1785525813
2026-07-31T19:28:45Z,1216,9,0,11,1,0,1,1,1,1785524788
2026-07-31T19:28:45Z,1218,4,0,17,0,0,1,1,1,1785525715
2026-07-31T19:28:45Z,1219,5,1,7,3,0,1,1,1,1785525518
2026-07-31T19:28:45Z,1220,15,6,4,0,0,1,1,1,1785524818
2026-07-31T19:28:45Z,1221,1,1,19,1,0,1,1,1,1785524532
2026-07-31T19:28:45Z,1222,14,0,15,0,0,1,1,1,1785525509
2026-07-31T19:28:45Z,1223,22,1,6,1,0,1,1,1,1785526052
2026-07-31T19:28:45Z,1226,0,0,3,0,0,0,1,1,1781868931
2026-07-31T19:28:45Z,1227,3,0,22,0,0,1,1,1,1785525389
2026-07-31T19:28:45Z,1228,5,4,24,0,0,1,1,1,1785526094
2026-07-31T19:28:45Z,1229,44,0,1,0,0,1,1,1,1785526031
2026-07-31T19:33:45Z,1,11,0,12,0,0,1,1,1,1785526289
2026-07-31T19:33:45Z,2,1,0,23,3,0,1,1,1,1785526207
2026-07-31T19:33:45Z,3,11,0,2,1,0,1,1,1,1785526261
2026-07-31T19:33:45Z,4,21,5,0,1,0,1,1,1,1785526406
2026-07-31T19:33:45Z,5,17,3,5,1,0,1,1,1,1785526383
2026-07-31T19:33:45Z,6,3,1,12,0,0,1,1,1,1785526317
2026-07-31T19:33:45Z,7,1,0,37,1,0,1,1,1,1785526372
2026-07-31T19:33:45Z,8,7,1,36,0,0,1,1,1,1785526372
2026-07-31T19:33:45Z,9,14,0,8,1,0,1,1,1,1785526329
2026-07-31T19:33:45Z,10,1,0,20,2,0,1,1,1,1785525935
2026-07-31T19:33:45Z,11,9,3,8,2,0,1,1,1,1785525979
2026-07-31T19:33:45Z,12,21,1,2,0,0,1,1,1,1785526341
2026-07-31T19:33:45Z,13,4,0,26,0,0,1,1,1,1785526195
2026-07-31T19:33:45Z,14,34,0,8,0,1,1,1,1,1785526345
2026-07-31T19:33:45Z,15,10,0,4,1,0,1,1,1,1785526269
2026-07-31T19:33:45Z,16,5,0,19,2,1,1,1,1,1785526406
2026-07-31T19:33:45Z,17,6,1,20,1,0,1,1,1,1785526233
2026-07-31T19:33:45Z,18,7,2,9,2,0,1,1,1,1785526173
2026-07-31T19:33:45Z,19,25,2,1,1,0,1,1,1,1785526143
2026-07-31T19:33:45Z,20,4,0,31,0,0,1,1,1,1785526031
2026-07-31T19:33:45Z,21,14,0,3,2,0,1,1,1,1785526341
2026-07-31T19:33:45Z,22,31,0,33,1,0,1,1,1,1785526101
2026-07-31T19:33:45Z,23,16,9,15,0,0,1,1,1,1785525494
2026-07-31T19:33:45Z,24,8,1,2,1,0,1,1,1,1785526410
2026-07-31T19:33:45Z,25,73,8,6,2,0,1,1,1,1785526372
2026-07-31T19:33:45Z,26,27,1,0,0,0,1,1,1,1785526351
2026-07-31T19:33:45Z,28,5,0,10,0,0,1,1,1,1785526378
2026-07-31T19:33:45Z,30,11,1,16,2,0,1,1,1,1785526306
2026-07-31T19:33:45Z,31,8,2,10,1,0,1,1,1,1785526248
2026-07-31T19:33:45Z,32,17,6,10,0,0,1,1,1,1785526304
2026-07-31T19:33:45Z,34,15,2,22,0,0,1,1,1,1785526223
2026-07-31T19:33:45Z,35,26,0,19,2,0,1,1,1,1785526366
2026-07-31T19:33:45Z,36,0,0,0,0,0,0,1,1,86400
2026-07-31T19:33:45Z,37,12,4,11,0,0,1,1,1,1785526350
2026-07-31T19:33:45Z,38,14,6,9,0,0,1,1,1,1785526034
2026-07-31T19:33:45Z,39,10,2,29,0,0,1,1,1,1785526247
2026-07-31T19:33:45Z,40,11,0,9,1,0,1,1,1,1785526401
2026-07-31T19:33:45Z,41,34,3,9,0,0,1,1,1,1785526372
2026-07-31T19:33:45Z,42,2,1,29,0,0,1,1,1,1785526412
2026-07-31T19:33:45Z,43,17,3,6,0,0,1,1,1,1785526274
2026-07-31T19:33:45Z,45,20,5,8,1,0,1,1,1,1785525991
2026-07-31T19:33:45Z,46,2,1,27,2,0,1,1,1,1785525733
2026-07-31T19:33:45Z,47,2,1,12,1,0,1,1,1,1785526410
2026-07-31T19:33:45Z,48,15,1,12,0,0,1,1,1,1785526412
2026-07-31T19:33:45Z,49,2,0,17,4,0,1,1,1,1785526412
2026-07-31T19:33:45Z,50,10,7,9,0,0,1,1,1,1785526412
2026-07-31T19:33:45Z,51,49,0,28,0,0,1,1,1,1785525850
2026-07-31T19:33:45Z,52,22,2,1,4,0,1,1,1,1785526410
2026-07-31T19:33:45Z,55,9,7,14,0,0,1,1,1,1785525899
2026-07-31T19:33:45Z,56,35,0,8,0,0,1,1,1,1785526354
2026-07-31T19:33:45Z,57,4,2,23,0,0,1,1,1,1785526332
2026-07-31T19:33:45Z,58,9,4,19,0,0,1,1,1,1785525715
2026-07-31T19:33:45Z,59,8,3,17,2,0,1,1,1,1785526255
2026-07-31T19:33:45Z,61,2,0,37,0,0,1,1,1,1785525568
2026-07-31T19:33:45Z,62,18,8,29,2,0,1,1,1,1785526396
2026-07-31T19:33:45Z,63,14,0,5,0,0,1,1,1,1785526289
2026-07-31T19:33:45Z,64,13,2,2,4,0,1,1,1,1785525219
2026-07-31T19:33:45Z,65,12,3,6,1,0,1,1,1,1785525700
2026-07-31T19:33:45Z,67,19,1,19,1,0,1,1,1,1785526064
2026-07-31T19:33:45Z,68,25,2,12,0,0,1,1,1,1785526365
2026-07-31T19:33:45Z,69,7,0,8,0,0,1,1,1,1785526026
2026-07-31T19:33:45Z,71,14,2,11,2,0,1,1,1,1785526246
2026-07-31T19:33:45Z,72,25,2,2,3,1,1,1,1,1785526398
2026-07-31T19:33:45Z,73,17,3,14,0,0,1,1,1,1785526335
2026-07-31T19:33:45Z,74,1,1,18,0,0,1,1,1,1785525067
2026-07-31T19:33:45Z,75,17,0,14,1,0,1,1,1,1785525730
2026-07-31T19:33:45Z,76,9,0,8,2,0,1,1,1,1785526413
2026-07-31T19:33:45Z,77,5,0,22,0,0,1,1,1,1785526335
2026-07-31T19:33:45Z,78,6,6,17,0,0,1,1,1,1785525913
2026-07-31T19:33:45Z,79,11,1,5,1,0,1,1,1,1785526396
2026-07-31T19:33:45Z,80,11,0,9,3,0,1,1,1,1785526351
2026-07-31T19:33:45Z,81,6,0,25,0,0,1,1,1,1785526094
2026-07-31T19:33:45Z,82,18,5,4,1,0,1,1,1,1785526340
2026-07-31T19:33:45Z,83,6,4,26,2,0,1,1,1,1785526412
2026-07-31T19:33:45Z,84,3,2,24,0,0,1,1,1,1785526157
2026-07-31T19:33:45Z,85,10,2,5,0,0,1,1,1,1785525213
2026-07-31T19:33:45Z,86,6,0,21,0,0,1,1,1,1785524785
2026-07-31T19:33:45Z,87,6,0,13,0,0,1,1,1,1785524151
2026-07-31T19:33:45Z,88,9,0,33,1,0,1,1,1,1785526216
2026-07-31T19:33:45Z,89,30,3,5,0,0,1,1,1,1785526375
2026-07-31T19:33:45Z,90,0,0,17,1,0,1,1,1,1785525789
2026-07-31T19:33:45Z,91,4,0,12,1,0,1,1,1,1785526215
2026-07-31T19:33:45Z,92,4,0,12,3,0,1,1,1,1785526413
2026-07-31T19:33:45Z,93,5,0,18,0,0,1,1,1,1785525453
2026-07-31T19:33:45Z,94,13,0,5,1,0,1,1,1,1785524759
2026-07-31T19:33:45Z,95,11,0,22,1,1,1,1,1,1785526409
2026-07-31T19:33:45Z,96,14,1,16,1,0,1,1,1,1785526087
2026-07-31T19:33:45Z,97,1,0,15,1,0,1,1,1,1785526341
2026-07-31T19:33:45Z,98,34,3,1,0,0,1,1,1,1785526136
2026-07-31T19:33:45Z,99,15,0,0,0,0,1,1,1,1785526038
2026-07-31T19:33:45Z,100,2,0,25,0,0,1,1,1,1785526102
2026-07-31T19:33:45Z,101,13,0,1,1,0,1,1,1,1785526183
2026-07-31T19:33:45Z,102,2,0,21,0,0,1,1,1,1785526313
2026-07-31T19:33:45Z,103,14,1,13,3,0,1,1,1,1785526290
2026-07-31T19:33:45Z,104,11,0,14,2,0,1,1,1,1785526401
2026-07-31T19:33:45Z,105,18,0,1,0,0,1,1,1,1785525750
2026-07-31T19:33:45Z,106,4,0,17,0,0,1,1,1,1785525308
2026-07-31T19:33:45Z,107,16,2,21,0,0,1,1,1,1785526286
2026-07-31T19:33:45Z,108,1,0,32,2,0,1,1,1,1785526191
2026-07-31T19:33:45Z,109,18,1,5,0,0,1,1,1,1785526335
2026-07-31T19:33:45Z,110,8,0,15,0,0,1,1,1,1785526411
2026-07-31T19:33:45Z,111,14,3,22,0,0,1,1,1,1785526399
2026-07-31T19:33:45Z,112,0,0,14,1,0,1,1,1,1785526062
2026-07-31T19:33:45Z,113,6,0,12,1,0,1,1,1,1785526342
2026-07-31T19:33:45Z,114,20,6,10,1,0,1,1,1,1785526168
2026-07-31T19:33:45Z,115,10,4,16,2,0,1,1,1,1785526393
2026-07-31T19:33:45Z,116,20,14,6,1,0,1,1,1,1785526361
2026-07-31T19:33:45Z,118,10,0,11,2,0,1,1,1,1785526400
2026-07-31T19:33:45Z,119,0,0,36,2,0,1,1,1,1785525270
2026-07-31T19:33:45Z,120,2,0,24,1,0,1,1,1,1785526380
2026-07-31T19:33:45Z,121,2,0,16,0,1,1,1,1,1785526339
2026-07-31T19:33:45Z,122,9,0,11,1,0,1,1,1,1785526184
2026-07-31T19:33:45Z,123,37,1,10,0,0,1,1,1,1785526271
2026-07-31T19:33:45Z,124,4,1,31,0,0,1,1,1,1785526405
2026-07-31T19:33:45Z,125,9,0,13,1,0,1,1,1,1785526310
2026-07-31T19:33:45Z,126,17,0,14,0,0,1,1,1,1785525006
2026-07-31T19:33:45Z,127,16,2,18,1,0,1,1,1,1785526261
2026-07-31T19:33:45Z,128,2,0,17,0,0,1,1,1,1785526376
2026-07-31T19:33:45Z,129,2,0,15,2,0,1,1,1,1785525893
2026-07-31T19:33:45Z,130,3,0,14,0,0,1,1,1,1785525991
2026-07-31T19:33:45Z,131,3,3,8,0,0,1,1,1,1785525845
2026-07-31T19:33:45Z,132,8,5,5,1,1,1,1,1,1785525593
2026-07-31T19:33:45Z,134,19,4,0,4,0,1,1,1,1785526274
2026-07-31T19:33:45Z,135,2,0,16,1,0,1,1,1,1785526107
2026-07-31T19:33:45Z,136,1,0,14,2,6,1,1,1,1785526312
2026-07-31T19:33:45Z,137,3,1,14,2,0,1,1,1,1785526091
2026-07-31T19:33:45Z,138,11,0,26,0,0,1,1,1,1785525281
2026-07-31T19:33:45Z,139,8,0,11,0,0,1,1,1,1785526391
2026-07-31T19:33:45Z,140,2,1,20,1,0,1,1,1,1785526413
2026-07-31T19:33:45Z,141,8,0,28,0,0,1,1,1,1785526397
2026-07-31T19:33:45Z,142,3,0,20,0,0,1,1,1,1785526404
2026-07-31T19:33:45Z,143,16,3,15,0,0,1,1,1,1785526404
2026-07-31T19:33:45Z,144,0,0,27,0,0,1,1,1,1785525789
2026-07-31T19:33:45Z,146,20,2,2,1,0,1,1,1,1785526195
2026-07-31T19:33:45Z,147,3,1,14,2,0,1,1,1,1785526197
2026-07-31T19:33:45Z,148,1,0,21,6,0,1,1,1,1785526399
2026-07-31T19:33:45Z,149,1,0,26,0,0,1,1,1,1785526109
2026-07-31T19:33:45Z,150,7,0,25,3,0,1,1,1,1785526216
2026-07-31T19:33:45Z,151,6,2,17,0,0,1,1,1,1785526225
2026-07-31T19:33:45Z,152,2,0,21,3,0,1,1,1,1785526112
2026-07-31T19:33:45Z,153,1,0,24,3,0,1,1,1,1785526287
2026-07-31T19:33:45Z,154,19,0,1,3,0,1,1,1,1785526405
2026-07-31T19:33:45Z,155,3,0,10,1,0,1,1,1,1785526411
2026-07-31T19:33:45Z,156,5,0,14,0,0,1,1,1,1785526114
2026-07-31T19:33:45Z,157,4,0,20,3,0,1,1,1,1785526291
2026-07-31T19:33:45Z,158,3,0,12,1,0,1,1,1,1785526142
2026-07-31T19:33:45Z,159,4,3,14,1,0,1,1,1,1785526095
2026-07-31T19:33:45Z,160,1,0,18,0,0,1,1,1,1785526180
2026-07-31T19:33:45Z,161,1,0,21,0,0,1,1,1,1785526244
2026-07-31T19:33:45Z,162,16,4,9,2,0,1,1,1,1785526378
2026-07-31T19:33:45Z,163,2,2,28,0,1,1,1,1,1785526148
2026-07-31T19:33:45Z,164,11,0,16,0,0,1,1,1,1785526311
2026-07-31T19:33:45Z,165,29,4,2,0,0,1,1,1,1785526386
2026-07-31T19:33:45Z,166,4,2,31,4,0,1,1,1,1785526412
2026-07-31T19:33:45Z,167,5,3,17,1,0,1,1,1,1785526382
2026-07-31T19:33:45Z,168,20,10,6,1,0,1,1,1,1785526284
2026-07-31T19:33:45Z,169,17,1,5,0,1,1,1,1,1785526406
2026-07-31T19:33:45Z,170,3,1,15,1,0,1,1,1,1785526262
2026-07-31T19:33:45Z,171,8,0,3,2,0,1,1,1,1785526363
2026-07-31T19:33:45Z,173,19,3,20,0,0,1,1,1,1785526392
2026-07-31T19:33:45Z,174,3,3,23,0,0,1,1,1,1785525932
2026-07-31T19:33:45Z,175,29,0,1,1,0,1,1,1,1785526312
2026-07-31T19:33:45Z,176,11,3,2,1,1,1,1,1,1785526353
2026-07-31T19:33:45Z,177,3,1,24,0,0,1,1,1,1785526287
2026-07-31T19:33:45Z,178,9,0,3,2,1,1,1,1,1785526414
2026-07-31T19:33:45Z,179,1,0,13,1,0,1,1,1,1785526122
2026-07-31T19:33:45Z,180,5,0,25,0,0,1,1,1,1785525245
2026-07-31T19:33:45Z,181,0,0,15,0,0,1,1,1,1785526266
2026-07-31T19:33:45Z,182,5,1,12,0,0,1,1,1,1785526181
2026-07-31T19:33:45Z,183,6,4,16,1,0,1,1,1,1785526336
2026-07-31T19:33:45Z,184,21,1,0,2,0,1,1,1,1785526330
2026-07-31T19:33:45Z,185,8,4,5,2,0,1,1,1,1785526413
2026-07-31T19:33:45Z,186,0,0,19,0,0,1,1,1,1785525951
2026-07-31T19:33:45Z,187,9,0,18,1,0,1,1,1,1785526329
2026-07-31T19:33:45Z,188,3,3,16,7,1,1,1,1,1785526252
2026-07-31T19:33:45Z,189,3,2,12,0,0,1,1,1,1785526155
2026-07-31T19:33:45Z,190,18,4,5,0,0,1,1,1,1785526402
2026-07-31T19:33:45Z,191,19,8,19,1,0,1,1,1,1785526282
2026-07-31T19:33:45Z,192,2,2,26,3,0,1,1,1,1785526204
2026-07-31T19:33:45Z,193,7,3,7,1,0,1,1,1,1785526405
2026-07-31T19:33:45Z,194,9,9,18,0,0,1,1,1,1785526130
2026-07-31T19:33:45Z,195,2,2,17,0,0,1,1,1,1785525453
2026-07-31T19:33:45Z,196,8,3,18,1,0,1,1,1,1785526399
2026-07-31T19:33:45Z,197,2,0,16,0,1,1,1,1,1785526398
2026-07-31T19:33:45Z,198,11,11,11,1,0,1,1,1,1785526387
2026-07-31T19:33:45Z,199,1,0,13,1,0,1,1,1,1785526142
2026-07-31T19:33:45Z,200,21,15,4,1,0,1,1,1,1785526367
2026-07-31T19:33:45Z,201,7,1,14,2,0,1,1,1,1785526231
2026-07-31T19:33:45Z,202,15,0,12,0,0,1,1,1,1785526199
2026-07-31T19:33:45Z,203,15,0,15,1,0,1,1,1,1785525393
2026-07-31T19:33:45Z,204,26,1,8,1,0,1,1,1,1785526373
2026-07-31T19:33:45Z,205,14,1,13,0,0,1,1,1,1785526160
2026-07-31T19:33:45Z,206,2,0,13,0,0,1,1,1,1785526108
2026-07-31T19:33:45Z,207,18,2,3,0,0,1,1,1,1785526381
2026-07-31T19:33:45Z,208,4,0,23,2,0,1,1,1,1785526031
2026-07-31T19:33:45Z,209,27,3,3,1,0,1,1,1,1785526253
2026-07-31T19:33:45Z,210,1,0,26,0,0,1,1,1,1785526021
2026-07-31T19:33:45Z,211,4,1,18,1,0,1,1,1,1785526139
2026-07-31T19:33:45Z,212,13,2,21,1,0,1,1,1,1785526379
2026-07-31T19:33:45Z,213,11,1,11,1,0,1,1,1,1785526102
2026-07-31T19:33:45Z,214,18,8,27,2,0,1,1,1,1785526389
2026-07-31T19:33:45Z,215,0,0,22,1,0,1,1,1,1785525530
2026-07-31T19:33:45Z,216,2,0,16,1,0,1,1,1,1785526376
2026-07-31T19:33:45Z,217,20,2,8,1,0,1,1,1,1785526320
2026-07-31T19:33:45Z,218,21,14,14,4,0,1,1,1,1785526404
2026-07-31T19:33:45Z,219,17,0,8,1,0,1,1,1,1785526349
2026-07-31T19:33:45Z,220,1,1,40,1,1,1,1,1,1785525870
2026-07-31T19:33:45Z,221,3,1,11,1,0,1,1,1,1785526349
2026-07-31T19:33:45Z,222,2,1,17,0,0,1,1,1,1785526390
2026-07-31T19:33:45Z,223,18,1,14,3,0,1,1,1,1785526198
2026-07-31T19:33:45Z,224,0,0,21,1,0,1,1,1,1785526330
2026-07-31T19:33:45Z,225,6,1,10,3,0,1,1,1,1785526388
2026-07-31T19:33:45Z,226,0,0,30,1,0,1,1,1,1785526373
2026-07-31T19:33:45Z,227,2,1,25,0,0,1,1,1,1785526357
2026-07-31T19:33:45Z,228,8,6,11,0,0,1,1,1,1785526319
2026-07-31T19:33:45Z,230,1,1,25,0,0,1,1,1,1785526357
2026-07-31T19:33:45Z,232,0,0,16,1,0,1,1,1,1785526150
2026-07-31T19:33:45Z,233,8,3,21,2,0,1,1,1,1785526005
2026-07-31T19:33:45Z,234,6,2,8,3,2,1,1,1,1785526311
2026-07-31T19:33:45Z,236,1,0,17,1,0,1,1,1,1785526362
2026-07-31T19:33:45Z,237,15,1,7,1,0,1,1,1,1785526372
2026-07-31T19:33:45Z,239,21,10,4,2,0,1,1,1,1785526268
2026-07-31T19:33:45Z,241,0,0,22,1,0,1,1,1,1785525958
2026-07-31T19:33:45Z,242,3,0,18,2,0,1,1,1,1785526334
2026-07-31T19:33:45Z,243,15,12,12,4,0,1,1,1,1785525972
2026-07-31T19:33:45Z,244,13,5,12,2,0,1,1,1,1785526396
2026-07-31T19:33:45Z,245,5,2,18,0,0,1,1,1,1785526395
2026-07-31T19:33:45Z,246,15,3,6,2,0,1,1,1,1785526176
2026-07-31T19:33:45Z,247,3,2,18,2,0,1,1,1,1785524867
2026-07-31T19:33:45Z,248,13,3,7,3,0,1,1,1,1785526183
2026-07-31T19:33:45Z,249,18,12,0,1,0,1,1,1,1785526186
2026-07-31T19:33:45Z,250,11,5,15,1,0,1,1,1,1785525959
2026-07-31T19:33:45Z,251,18,10,5,4,0,1,1,1,1785526404
2026-07-31T19:33:45Z,253,6,0,13,0,0,1,1,1,1785525471
2026-07-31T19:33:45Z,254,2,0,40,1,0,1,1,1,1785526194
2026-07-31T19:33:45Z,255,14,0,8,0,1,1,1,1,1785526306
2026-07-31T19:33:45Z,256,2,2,19,2,0,1,1,1,1785526344
2026-07-31T19:33:45Z,257,2,0,17,0,0,1,1,1,1785526111
2026-07-31T19:33:45Z,258,11,7,8,0,0,1,1,1,1785525694
2026-07-31T19:33:45Z,259,13,0,9,0,1,1,1,1,1785525081
2026-07-31T19:33:45Z,260,3,2,14,2,0,1,1,1,1785526227
2026-07-31T19:33:45Z,261,1,0,15,2,1,1,1,1,1785526220
2026-07-31T19:33:45Z,262,7,2,15,1,0,1,1,1,1785526319
2026-07-31T19:33:45Z,263,0,0,15,0,0,1,1,1,1785526404
2026-07-31T19:33:45Z,264,1,1,17,1,0,1,1,1,1785526060
2026-07-31T19:33:45Z,265,2,0,13,0,0,1,1,1,1785525948
2026-07-31T19:33:45Z,266,0,0,17,2,0,1,1,1,1785526099
2026-07-31T19:33:45Z,267,8,4,6,1,0,1,1,1,1785526233
2026-07-31T19:33:45Z,268,19,7,4,0,0,1,1,1,1785525587
2026-07-31T19:33:45Z,269,2,2,21,0,0,1,1,1,1785523808
2026-07-31T19:33:45Z,270,5,1,21,1,0,1,1,1,1785525669
2026-07-31T19:33:45Z,271,1,0,16,2,0,1,1,1,1785525042
2026-07-31T19:33:45Z,272,6,2,17,0,0,1,1,1,1785526320
2026-07-31T19:33:45Z,273,5,2,10,0,0,1,1,1,1785524752
2026-07-31T19:33:45Z,274,4,2,12,3,0,1,1,1,1785526248
2026-07-31T19:33:45Z,275,9,0,14,0,0,1,1,1,1785526067
2026-07-31T19:33:45Z,276,0,0,26,1,0,1,1,1,1785522296
2026-07-31T19:33:45Z,277,19,10,0,4,0,1,1,1,1785525665
2026-07-31T19:33:45Z,278,14,7,14,3,0,1,1,1,1785526373
2026-07-31T19:33:45Z,279,17,3,2,0,0,1,1,1,1785526355
2026-07-31T19:33:45Z,280,7,1,21,3,0,1,1,1,1785526408
2026-07-31T19:33:45Z,281,1,0,18,0,0,1,1,1,1785526338
2026-07-31T19:33:45Z,282,8,2,10,0,0,1,1,1,1785526252
2026-07-31T19:33:45Z,283,20,0,14,1,0,1,1,1,1785526296
2026-07-31T19:33:45Z,284,1,1,31,3,0,1,1,1,1785526166
2026-07-31T19:33:45Z,285,0,0,23,0,0,1,1,1,1785523412
2026-07-31T19:33:45Z,286,0,0,23,0,0,1,1,1,1785526302
2026-07-31T19:33:45Z,287,14,2,7,2,0,1,1,1,1785526332
2026-07-31T19:33:45Z,288,2,1,16,1,0,1,1,1,1785526177
2026-07-31T19:33:45Z,289,2,2,22,3,0,1,1,1,1785526252
2026-07-31T19:33:45Z,290,5,0,33,1,0,1,1,1,1785526357
2026-07-31T19:33:45Z,291,12,0,10,1,0,1,1,1,1785526267
2026-07-31T19:33:45Z,292,16,0,7,0,0,1,1,1,1785525780
2026-07-31T19:33:45Z,293,3,3,18,2,0,1,1,1,1785525866
2026-07-31T19:33:45Z,294,7,7,14,1,0,1,1,1,1785525687
2026-07-31T19:33:45Z,297,5,0,13,0,1,1,1,1,1785526390
2026-07-31T19:33:45Z,301,12,0,7,0,0,1,1,1,1785526296
2026-07-31T19:33:45Z,302,7,0,15,1,0,1,1,1,1785525432
2026-07-31T19:33:45Z,303,0,0,19,0,0,1,1,1,1785526222
2026-07-31T19:33:45Z,304,0,0,0,0,0,0,1,1,86400
2026-07-31T19:33:45Z,305,5,0,13,1,0,1,1,1,1785526408
2026-07-31T19:33:45Z,306,1,0,30,1,0,1,1,1,1785526324
2026-07-31T19:33:45Z,307,2,1,19,1,1,1,1,1,1785526396
2026-07-31T19:33:45Z,308,15,1,2,2,0,1,1,1,1785525318
2026-07-31T19:33:45Z,309,2,2,12,0,0,1,1,1,1785526398
2026-07-31T19:33:45Z,311,5,0,10,0,0,1,1,1,1785525660
2026-07-31T19:33:45Z,312,11,8,9,3,0,1,1,1,1785526114
2026-07-31T19:33:45Z,313,4,0,11,0,0,1,1,1,1785526351
2026-07-31T19:33:45Z,314,15,9,3,1,0,1,1,1,1785526104
2026-07-31T19:33:45Z,315,11,5,18,2,0,1,1,1,1785526132
2026-07-31T19:33:45Z,316,1,0,23,6,1,1,1,1,1785526400
2026-07-31T19:33:45Z,317,10,7,20,0,1,1,1,1,1785526285
2026-07-31T19:33:45Z,318,17,0,2,0,0,1,1,1,1785526058
2026-07-31T19:33:45Z,319,15,0,6,2,0,1,1,1,1785526327
2026-07-31T19:33:45Z,320,13,2,5,1,0,1,1,1,1785526398
2026-07-31T19:33:45Z,321,3,0,12,4,0,1,1,1,1785526219
2026-07-31T19:33:45Z,322,13,0,16,0,0,1,1,1,1785526352
2026-07-31T19:33:45Z,323,6,0,13,0,0,1,1,1,1785525873
2026-07-31T19:33:45Z,324,18,1,8,1,0,1,1,1,1785526403
2026-07-31T19:33:45Z,325,0,0,25,2,0,1,1,1,1785526310
2026-07-31T19:33:45Z,327,9,0,17,1,0,1,1,1,1785526392
2026-07-31T19:33:45Z,328,7,0,14,1,0,1,1,1,1785526265
2026-07-31T19:33:45Z,329,0,0,16,3,0,1,1,1,1785526230
2026-07-31T19:33:45Z,330,16,1,6,0,0,1,1,1,1785526105
2026-07-31T19:33:45Z,331,14,1,7,2,0,1,1,1,1785526231
2026-07-31T19:33:45Z,332,2,1,15,2,0,1,1,1,1785526071
2026-07-31T19:33:45Z,333,4,4,18,1,0,1,1,1,1785526204
2026-07-31T19:33:45Z,334,7,3,16,0,0,1,1,1,1785526399
2026-07-31T19:33:45Z,335,2,1,20,0,1,1,1,1,1785526386
2026-07-31T19:33:45Z,336,2,1,17,0,0,1,1,1,1785526109
2026-07-31T19:33:45Z,337,9,3,10,4,0,1,1,1,1785526290
2026-07-31T19:33:45Z,338,4,4,15,0,0,1,1,1,1785525878
2026-07-31T19:33:45Z,339,14,12,4,5,0,1,1,1,1785526388
2026-07-31T19:33:45Z,340,0,0,14,1,0,1,1,1,1785525770
2026-07-31T19:33:45Z,341,4,4,15,0,0,1,1,1,1785526376
2026-07-31T19:33:45Z,342,1,0,14,0,0,1,1,1,1785525864
2026-07-31T19:33:45Z,343,17,3,5,1,0,1,1,1,1785525804
2026-07-31T19:33:45Z,344,3,3,20,0,0,1,1,1,1785525988
2026-07-31T19:33:45Z,345,7,0,12,0,0,1,1,1,1785525829
2026-07-31T19:33:45Z,346,4,3,19,0,0,1,1,1,1785525123
2026-07-31T19:33:45Z,347,40,4,3,1,0,1,1,1,1785526296
2026-07-31T19:33:45Z,348,12,0,10,0,1,1,1,1,1785526226
2026-07-31T19:33:45Z,349,15,3,4,0,0,1,1,1,1785526060
2026-07-31T19:33:45Z,350,0,0,25,1,1,1,1,1,1785523926
2026-07-31T19:33:45Z,351,3,0,18,2,0,1,1,1,1785526219
2026-07-31T19:33:45Z,355,2,0,21,0,0,1,1,1,1785525531
2026-07-31T19:33:45Z,356,4,0,15,0,0,1,1,1,1785525927
2026-07-31T19:33:45Z,357,3,2,16,0,0,1,1,1,1785526244
2026-07-31T19:33:45Z,358,13,2,13,1,0,1,1,1,1785526051
2026-07-31T19:33:45Z,359,11,1,16,0,0,1,1,1,1785526025
2026-07-31T19:33:45Z,360,5,3,13,1,0,1,1,1,1785526180
2026-07-31T19:33:45Z,362,2,2,16,1,0,1,1,1,1785525804
2026-07-31T19:33:45Z,363,20,3,7,0,0,1,1,1,1785526354
2026-07-31T19:33:45Z,364,5,2,14,0,0,1,1,1,1785525277
2026-07-31T19:33:45Z,365,1,0,19,3,0,1,1,1,1785526332
2026-07-31T19:33:45Z,366,6,3,16,1,0,1,1,1,1785526397
2026-07-31T19:33:45Z,367,1,1,17,1,0,1,1,1,1785525535
2026-07-31T19:33:45Z,368,0,0,22,1,0,1,1,1,1785522825
2026-07-31T19:33:45Z,370,0,0,27,0,0,1,1,1,1785524031
2026-07-31T19:33:45Z,371,1,1,17,1,0,1,1,1,1785525597
2026-07-31T19:33:45Z,372,15,1,0,0,0,1,1,1,1785526096
2026-07-31T19:33:45Z,373,0,0,27,0,0,1,1,1,1785525348
2026-07-31T19:33:45Z,374,0,0,18,1,0,1,1,1,1785525975
2026-07-31T19:33:45Z,375,14,3,11,2,0,1,1,1,1785526404
2026-07-31T19:33:45Z,376,26,3,9,4,0,1,1,1,1785526388
2026-07-31T19:33:45Z,377,2,0,25,0,0,1,1,1,1785524887
2026-07-31T19:33:45Z,378,1,1,22,0,1,1,1,1,1785526174
2026-07-31T19:33:45Z,379,9,1,16,2,0,1,1,1,1785525964
2026-07-31T19:33:45Z,380,2,0,20,1,0,1,1,1,1785526154
2026-07-31T19:33:45Z,381,3,1,20,0,0,1,1,1,1785526196
2026-07-31T19:33:45Z,383,6,0,7,2,0,1,1,1,1785526318
2026-07-31T19:33:45Z,384,7,1,17,3,0,1,1,1,1785525750
2026-07-31T19:33:45Z,385,6,5,11,1,0,1,1,1,1785526218
2026-07-31T19:33:45Z,387,7,2,16,0,0,1,1,1,1785526129
2026-07-31T19:33:45Z,388,36,4,10,3,0,1,1,1,1785526408
2026-07-31T19:33:45Z,389,0,0,14,1,0,1,1,1,1785525893
2026-07-31T19:33:45Z,390,9,0,26,0,0,1,1,1,1785526261
2026-07-31T19:33:45Z,391,2,0,13,0,0,1,1,1,1785524887
2026-07-31T19:33:45Z,392,0,0,18,1,0,1,1,1,1785526155
2026-07-31T19:33:45Z,393,1,0,7,3,0,1,1,1,1785525437
2026-07-31T19:33:45Z,394,7,1,3,3,0,1,1,1,1785526019
2026-07-31T19:33:45Z,396,26,8,14,2,0,1,1,1,1785526337
2026-07-31T19:33:45Z,397,21,9,10,0,0,1,1,1,1785525793
2026-07-31T19:33:45Z,399,3,0,11,3,0,1,1,1,1785525824
2026-07-31T19:33:45Z,400,13,8,8,2,0,1,1,1,1785525644
2026-07-31T19:33:45Z,401,2,1,29,8,0,1,1,1,1785525838
2026-07-31T19:33:45Z,403,18,3,10,3,0,1,1,1,1785526155
2026-07-31T19:33:45Z,404,7,0,16,0,0,1,1,1,1785526259
2026-07-31T19:33:45Z,406,13,4,22,0,0,1,1,1,1785526269
2026-07-31T19:33:45Z,407,1,0,32,1,0,1,1,1,1785525212
2026-07-31T19:33:45Z,408,13,2,17,3,0,1,1,1,1785526111
2026-07-31T19:33:45Z,409,16,2,4,3,0,1,1,1,1785526236
2026-07-31T19:33:45Z,413,12,3,10,1,0,1,1,1,1785526235
2026-07-31T19:33:45Z,414,6,0,9,0,0,1,1,1,1785526354
2026-07-31T19:33:45Z,417,4,3,15,0,0,1,1,1,1785526296
2026-07-31T19:33:45Z,418,5,3,10,0,0,1,1,1,1785525851
2026-07-31T19:33:45Z,419,12,2,11,0,0,1,1,1,1785526057
2026-07-31T19:33:45Z,421,2,0,17,0,0,1,1,1,1785526371
2026-07-31T19:33:45Z,422,21,5,6,0,0,1,1,1,1785525639
2026-07-31T19:33:45Z,423,2,0,21,0,0,1,1,1,1785525808
2026-07-31T19:33:45Z,424,6,2,6,2,1,1,1,1,1785526400
2026-07-31T19:33:45Z,425,3,2,17,1,1,1,1,1,1785526100
2026-07-31T19:33:45Z,426,18,2,15,4,0,1,1,1,1785526008
2026-07-31T19:33:45Z,427,7,0,5,3,0,1,1,1,1785526373
2026-07-31T19:33:45Z,428,10,1,9,0,0,1,1,1,1785526327
2026-07-31T19:33:45Z,429,15,8,7,1,0,1,1,1,1785526213
2026-07-31T19:33:45Z,430,6,2,24,1,0,1,1,1,1785525485
2026-07-31T19:33:45Z,431,0,0,32,1,0,1,1,1,1785525446
2026-07-31T19:33:45Z,432,0,0,30,1,0,0,1,1,1785508564
2026-07-31T19:33:45Z,433,2,2,18,3,0,1,1,1,1785526058
2026-07-31T19:33:45Z,437,4,3,14,1,0,1,1,1,1785526337
2026-07-31T19:33:45Z,438,17,2,1,1,0,1,1,1,1785526412
2026-07-31T19:33:45Z,439,8,4,7,0,0,1,1,1,1785525674
2026-07-31T19:33:45Z,440,15,8,0,0,0,1,1,1,1785526339
2026-07-31T19:33:45Z,441,12,3,1,2,0,1,1,1,1785526053
2026-07-31T19:33:45Z,442,5,5,13,1,0,1,1,1,1785525759
2026-07-31T19:33:45Z,443,5,2,22,0,0,1,1,1,1785512432
2026-07-31T19:33:45Z,444,7,2,16,0,0,1,1,1,1785525529
2026-07-31T19:33:45Z,445,6,2,16,1,0,1,1,1,1785526328
2026-07-31T19:33:45Z,446,1,0,21,1,0,1,1,1,1785519783
2026-07-31T19:33:45Z,447,3,0,18,1,1,1,1,1,1785496389
2026-07-31T19:33:45Z,448,7,1,7,1,0,1,1,1,1785523571
2026-07-31T19:33:45Z,452,0,0,18,1,0,1,1,1,1785526085
2026-07-31T19:33:45Z,453,7,3,5,3,0,1,1,1,1785526229
2026-07-31T19:33:45Z,454,13,0,6,0,0,1,1,1,1785525495
2026-07-31T19:33:45Z,455,0,0,39,0,0,1,1,1,1785525963
2026-07-31T19:33:45Z,456,16,2,3,1,0,1,1,1,1785526412
2026-07-31T19:33:45Z,457,22,0,0,5,0,1,1,1,1785526374
2026-07-31T19:33:45Z,458,3,0,19,1,0,1,1,1,1785526412
2026-07-31T19:33:45Z,459,7,1,8,0,0,1,1,1,1785526299
2026-07-31T19:33:45Z,460,16,1,7,0,0,1,1,1,1785526135
2026-07-31T19:33:45Z,461,15,1,4,0,0,1,1,1,1785526270
2026-07-31T19:33:45Z,462,16,2,5,0,0,1,1,1,1785526031
2026-07-31T19:33:45Z,463,9,1,10,0,0,1,1,1,1785526293
2026-07-31T19:33:45Z,464,1,1,13,0,0,1,1,1,1785524794
2026-07-31T19:33:45Z,465,3,3,12,0,0,1,1,1,1785526318
2026-07-31T19:33:45Z,466,7,1,4,4,0,1,1,1,1785525950
2026-07-31T19:33:45Z,467,5,1,14,0,0,1,1,1,1785526075
2026-07-31T19:33:45Z,468,1,0,17,1,0,1,1,1,1785526155
2026-07-31T19:33:45Z,469,17,1,5,1,0,1,1,1,1785526359
2026-07-31T19:33:45Z,470,0,0,13,2,0,1,1,1,1785526342
2026-07-31T19:33:45Z,471,27,3,0,0,0,1,1,1,1785523482
2026-07-31T19:33:45Z,472,6,1,11,2,0,1,1,1,1785526129
2026-07-31T19:33:45Z,473,7,0,12,0,0,1,1,1,1785526328
2026-07-31T19:33:45Z,474,7,0,12,0,0,1,1,1,1785525810
2026-07-31T19:33:45Z,475,1,1,17,1,0,1,1,1,1785525040
2026-07-31T19:33:45Z,477,9,0,6,0,0,1,1,1,1785524871
2026-07-31T19:33:45Z,478,11,5,19,1,0,1,1,1,1785526376
2026-07-31T19:33:45Z,479,3,1,22,2,0,1,1,1,1785525397
2026-07-31T19:33:45Z,480,2,0,11,2,0,1,1,1,1785526329
2026-07-31T19:33:45Z,481,11,1,23,1,0,1,1,1,1785526311
2026-07-31T19:33:45Z,482,4,4,15,0,0,1,1,1,1785526095
2026-07-31T19:33:45Z,483,10,1,15,2,0,1,1,1,1785526375
2026-07-31T19:33:45Z,484,2,1,15,2,0,1,1,1,1785526205
2026-07-31T19:33:45Z,485,7,0,11,0,1,1,1,1,1785526117
2026-07-31T19:33:45Z,486,0,0,24,3,0,1,1,1,1785526342
2026-07-31T19:33:45Z,487,6,3,12,1,0,1,1,1,1785525340
2026-07-31T19:33:45Z,489,9,5,6,0,0,1,1,1,1785526207
2026-07-31T19:33:45Z,490,5,1,10,1,0,1,1,1,1785525681
2026-07-31T19:33:45Z,491,7,3,14,0,0,1,1,1,1785525512
2026-07-31T19:33:45Z,492,6,4,2,3,0,1,1,1,1785526410
2026-07-31T19:33:45Z,493,21,0,6,0,0,1,1,1,1785525108
2026-07-31T19:33:45Z,495,8,0,4,3,0,1,1,1,1785525795
2026-07-31T19:33:45Z,496,1,0,26,0,0,1,1,1,1785526099
2026-07-31T19:33:45Z,497,6,2,11,2,0,1,1,1,1785526131
2026-07-31T19:33:45Z,498,8,0,15,0,0,1,1,1,1785526002
2026-07-31T19:33:45Z,499,4,0,14,1,0,1,1,1,1785526334
2026-07-31T19:33:45Z,500,0,0,11,4,0,1,1,1,1785525419
2026-07-31T19:33:45Z,501,20,3,1,0,0,1,1,1,1785525980
2026-07-31T19:33:45Z,502,15,3,4,0,0,1,1,1,1785526115
2026-07-31T19:33:45Z,503,1,0,29,1,0,1,1,1,1785526307
2026-07-31T19:33:45Z,504,3,0,36,0,0,1,1,1,1785526379
2026-07-31T19:33:45Z,505,0,0,11,1,0,1,1,1,1785526242
2026-07-31T19:33:45Z,511,1,1,21,1,0,1,1,1,1785526255
2026-07-31T19:33:45Z,512,8,0,18,1,0,1,1,1,1785526375
2026-07-31T19:33:45Z,514,1,1,9,1,0,1,1,1,1785525727
2026-07-31T19:33:45Z,515,0,0,19,0,0,1,1,1,1785525329
2026-07-31T19:33:45Z,516,13,0,14,0,0,1,1,1,1785525394
2026-07-31T19:33:45Z,517,17,3,6,0,0,1,1,1,1785526005
2026-07-31T19:33:45Z,518,8,0,6,1,0,1,1,1,1785526371
2026-07-31T19:33:45Z,519,1,1,16,2,0,1,1,1,1785525715
2026-07-31T19:33:45Z,520,17,8,4,5,1,1,1,1,1785526412
2026-07-31T19:33:45Z,521,4,2,19,0,0,1,1,1,1785525909
2026-07-31T19:33:45Z,522,2,0,20,1,0,1,1,1,1785526279
2026-07-31T19:33:45Z,523,8,4,14,1,0,1,1,1,1785525599
2026-07-31T19:33:45Z,524,8,1,15,0,0,1,1,1,1785526051
2026-07-31T19:33:45Z,525,13,0,6,0,0,1,1,1,1785525104
2026-07-31T19:33:45Z,526,5,0,10,0,0,1,1,1,1785526100
2026-07-31T19:33:45Z,527,11,8,13,2,0,1,1,1,1785526347
2026-07-31T19:33:45Z,528,16,3,5,2,0,1,1,1,1785526270
2026-07-31T19:33:45Z,529,10,4,2,7,0,1,1,1,1785526411
2026-07-31T19:33:45Z,530,9,0,11,1,0,1,1,1,1785525962
2026-07-31T19:33:45Z,531,2,0,20,0,1,1,1,1,1785526393
2026-07-31T19:33:45Z,532,26,12,4,1,0,1,1,1,1785525498
2026-07-31T19:33:45Z,533,9,0,9,1,0,1,1,1,1785526058
2026-07-31T19:33:45Z,534,0,0,23,0,0,1,1,1,1785525411
2026-07-31T19:33:45Z,535,12,1,3,0,0,1,1,1,1785525046
2026-07-31T19:33:45Z,536,10,0,13,0,0,1,1,1,1785526404
2026-07-31T19:33:45Z,537,12,0,8,0,0,1,1,1,1785526364
2026-07-31T19:33:45Z,538,2,0,19,0,2,1,1,1,1785526216
2026-07-31T19:33:45Z,539,17,8,14,0,0,1,1,1,1785526156
2026-07-31T19:33:45Z,540,5,5,14,0,0,1,1,1,1785525635
2026-07-31T19:33:45Z,541,1,0,24,2,0,1,1,1,1785526358
2026-07-31T19:33:45Z,542,0,0,22,1,0,1,1,1,1785525373
2026-07-31T19:33:45Z,543,1,0,17,1,0,1,1,1,1785525878
2026-07-31T19:33:45Z,544,4,1,14,4,0,1,1,1,1785526255
2026-07-31T19:33:45Z,545,15,2,0,4,0,1,1,1,1785526394
2026-07-31T19:33:45Z,546,8,4,10,1,0,1,1,1,1785526412
2026-07-31T19:33:45Z,547,2,0,23,0,0,1,1,1,1785525646
2026-07-31T19:33:45Z,548,4,1,19,0,0,1,1,1,1785524861
2026-07-31T19:33:45Z,549,10,0,11,2,0,1,1,1,1785526411
2026-07-31T19:33:45Z,550,6,5,13,0,0,1,1,1,1785526165
2026-07-31T19:33:45Z,551,3,2,19,1,0,1,1,1,1785525539
2026-07-31T19:33:45Z,552,15,2,12,0,0,1,1,1,1785526347
2026-07-31T19:33:45Z,553,0,0,23,0,0,1,1,1,1785526226
2026-07-31T19:33:45Z,554,7,1,12,0,0,1,1,1,1785526232
2026-07-31T19:33:45Z,555,6,1,8,1,0,1,1,1,1785526392
2026-07-31T19:33:45Z,556,18,1,2,3,0,1,1,1,1785526406
2026-07-31T19:33:45Z,557,6,5,15,2,0,1,1,1,1785526144
2026-07-31T19:33:45Z,558,29,10,8,0,0,1,1,1,1785526269
2026-07-31T19:33:45Z,559,17,2,1,1,0,1,1,1,1785525964
2026-07-31T19:33:45Z,560,9,0,18,0,0,1,1,1,1785526196
2026-07-31T19:33:45Z,561,8,3,13,2,0,1,1,1,1785526053
2026-07-31T19:33:45Z,562,9,0,20,6,0,1,1,1,1785526227
2026-07-31T19:33:45Z,563,0,0,14,0,0,1,1,1,1785525975
2026-07-31T19:33:45Z,564,1,0,17,1,0,1,1,1,1785520409
2026-07-31T19:33:45Z,565,1,0,18,0,0,1,1,1,1785526083
2026-07-31T19:33:45Z,566,1,0,17,1,0,1,1,1,1785526370
2026-07-31T19:33:45Z,567,2,1,23,2,0,1,1,1,1785525663
2026-07-31T19:33:45Z,568,8,1,10,1,0,1,1,1,1785525820
2026-07-31T19:33:45Z,569,6,2,12,1,0,1,1,1,1785526266
2026-07-31T19:33:45Z,570,1,1,16,2,0,1,1,1,1785526005
2026-07-31T19:33:45Z,571,9,1,14,0,0,1,1,1,1785526373
2026-07-31T19:33:45Z,572,3,0,15,1,0,1,1,1,1785526192
2026-07-31T19:33:45Z,573,1,0,13,1,0,1,1,1,1785526249
2026-07-31T19:33:45Z,574,4,2,11,0,0,1,1,1,1785525857
2026-07-31T19:33:45Z,575,1,0,19,1,0,1,1,1,1785525628
2026-07-31T19:33:45Z,576,4,1,14,1,0,1,1,1,1785526403
2026-07-31T19:33:45Z,577,18,2,13,0,0,1,1,1,1785526302
2026-07-31T19:33:45Z,578,0,0,22,1,0,1,1,1,1785523700
2026-07-31T19:33:45Z,579,14,0,28,1,0,1,1,1,1785526315
2026-07-31T19:33:45Z,580,2,2,27,0,0,1,1,1,1785526280
2026-07-31T19:33:45Z,581,1,0,17,1,0,1,1,1,1785526395
2026-07-31T19:33:45Z,582,26,1,31,4,0,1,1,1,1785526242
2026-07-31T19:33:45Z,583,1,0,22,0,0,1,1,1,1785525672
2026-07-31T19:33:45Z,584,10,1,6,3,0,1,1,1,1785526188
2026-07-31T19:33:45Z,585,12,1,14,0,1,1,1,1,1785526300
2026-07-31T19:33:45Z,586,28,5,5,2,0,1,1,1,1785526214
2026-07-31T19:33:45Z,587,9,0,14,1,0,1,1,1,1785526338
2026-07-31T19:33:45Z,588,13,3,3,2,1,1,1,1,1785526355
2026-07-31T19:33:45Z,589,1,0,21,0,0,1,1,1,1785525538
2026-07-31T19:33:45Z,590,3,1,28,0,0,1,1,1,1785525712
2026-07-31T19:33:45Z,591,10,2,18,2,0,1,1,1,1785526094
2026-07-31T19:33:45Z,592,0,0,23,0,0,1,1,1,1785526340
2026-07-31T19:33:45Z,593,21,1,16,1,0,1,1,1,1785526413
2026-07-31T19:33:45Z,594,7,0,13,1,0,1,1,1,1785526152
2026-07-31T19:33:45Z,595,0,0,3,0,0,0,1,1,1784046673
2026-07-31T19:33:45Z,605,0,0,2,1,0,0,1,1,1783975843
2026-07-31T19:33:45Z,606,0,0,0,0,0,0,1,1,86400
2026-07-31T19:33:45Z,607,21,2,10,1,0,1,1,1,1785526405
2026-07-31T19:33:45Z,608,21,1,27,2,0,1,1,1,1785526282
2026-07-31T19:33:45Z,609,13,10,10,0,0,1,1,1,1785526373
2026-07-31T19:33:45Z,610,17,1,17,1,0,1,1,1,1785526175
2026-07-31T19:33:45Z,611,19,3,7,1,0,1,1,1,1785526338
2026-07-31T19:33:45Z,612,7,1,8,0,0,1,1,1,1785522916
2026-07-31T19:33:45Z,613,12,4,0,3,0,1,1,1,1785521812
2026-07-31T19:33:45Z,614,8,6,16,2,1,1,1,1,1785526221
2026-07-31T19:33:45Z,617,2,0,11,2,0,1,1,1,1785526304
2026-07-31T19:33:45Z,618,12,0,2,5,0,1,1,1,1785525185
2026-07-31T19:33:45Z,619,1,1,18,0,0,1,1,1,1785526356
2026-07-31T19:33:45Z,620,8,1,19,0,0,1,1,1,1785526315
2026-07-31T19:33:45Z,621,1,0,22,0,0,1,1,1,1785526218
2026-07-31T19:33:45Z,622,16,3,6,1,0,1,1,1,1785526024
2026-07-31T19:33:45Z,623,25,10,4,1,0,1,1,1,1785526329
2026-07-31T19:33:45Z,624,1,0,14,0,0,1,1,1,1785518992
2026-07-31T19:33:45Z,625,17,3,1,3,0,1,1,1,1785526253
2026-07-31T19:33:45Z,626,36,2,9,0,2,1,1,1,1785525223
2026-07-31T19:33:45Z,627,14,4,5,0,0,1,1,1,1785523863
2026-07-31T19:33:45Z,628,5,4,13,0,1,1,1,1,1785526248
2026-07-31T19:33:45Z,629,4,2,5,2,0,1,1,1,1785526260
2026-07-31T19:33:45Z,630,0,0,23,4,0,1,1,1,1785526321
2026-07-31T19:33:45Z,631,18,11,5,0,0,1,1,1,1785525917
2026-07-31T19:33:45Z,632,18,1,3,2,0,1,1,1,1785524733
2026-07-31T19:33:45Z,633,12,3,0,3,0,1,1,1,1785526124
2026-07-31T19:33:45Z,634,11,2,8,0,0,1,1,1,1785525999
2026-07-31T19:33:45Z,635,16,0,2,1,0,1,1,1,1785526268
2026-07-31T19:33:45Z,636,8,2,7,0,0,1,1,1,1785525931
2026-07-31T19:33:45Z,637,9,3,8,2,0,1,1,1,1785526103
2026-07-31T19:33:45Z,638,6,1,11,2,0,1,1,1,1785526065
2026-07-31T19:33:45Z,639,7,1,10,2,0,1,1,1,1785501255
2026-07-31T19:33:45Z,640,14,8,8,1,0,1,1,1,1785526113
2026-07-31T19:33:45Z,641,7,0,20,0,0,1,1,1,1785526393
2026-07-31T19:33:45Z,642,9,4,2,8,0,1,1,1,1785526413
2026-07-31T19:33:45Z,643,10,0,9,8,0,1,1,1,1785526410
2026-07-31T19:33:45Z,644,13,1,1,1,0,1,1,1,1785517829
2026-07-31T19:33:45Z,645,12,1,9,1,1,1,1,1,1785525372
2026-07-31T19:33:45Z,646,2,0,16,1,0,1,1,1,1785525563
2026-07-31T19:33:45Z,647,9,0,22,0,0,1,1,1,1785526165
2026-07-31T19:33:45Z,648,2,0,16,1,0,1,1,1,1785524577
2026-07-31T19:33:45Z,649,7,4,23,1,0,1,1,1,1785526194
2026-07-31T19:33:45Z,650,5,1,9,0,0,1,1,1,1785524619
2026-07-31T19:33:45Z,651,0,0,23,0,0,1,1,1,1785525956
2026-07-31T19:33:45Z,652,1,1,19,3,0,1,1,1,1785526411
2026-07-31T19:33:45Z,653,2,0,16,1,0,1,1,1,1785526406
2026-07-31T19:33:45Z,654,3,1,12,0,0,1,1,1,1785526101
2026-07-31T19:33:45Z,655,8,4,0,4,1,1,1,1,1785526228
2026-07-31T19:33:45Z,656,3,3,16,0,0,1,1,1,1785526197
2026-07-31T19:33:45Z,657,10,4,3,2,2,1,1,1,1785526349
2026-07-31T19:33:45Z,658,8,1,2,0,0,1,1,1,1785520703
2026-07-31T19:33:45Z,659,7,4,6,2,0,1,1,1,1785526201
2026-07-31T19:33:45Z,660,26,7,1,4,0,1,1,1,1785526345
2026-07-31T19:33:45Z,661,14,4,5,0,0,1,1,1,1785526366
2026-07-31T19:33:45Z,662,6,3,14,3,0,1,1,1,1785526394
2026-07-31T19:33:45Z,663,2,1,13,0,0,1,1,1,1785526037
2026-07-31T19:33:45Z,664,11,3,16,0,0,1,1,1,1785526349
2026-07-31T19:33:45Z,665,11,4,4,0,0,1,1,1,1785525553
2026-07-31T19:33:45Z,666,4,2,8,3,0,1,1,1,1785526234
2026-07-31T19:33:45Z,667,3,0,15,1,0,1,1,1,1785526355
2026-07-31T19:33:45Z,668,1,0,18,0,0,1,1,1,1785526019
2026-07-31T19:33:45Z,669,7,3,5,2,0,1,1,1,1785526328
2026-07-31T19:33:45Z,670,18,0,6,3,0,1,1,1,1785525754
2026-07-31T19:33:45Z,671,19,5,7,1,0,1,1,1,1785526396
2026-07-31T19:33:45Z,672,1,0,18,3,1,1,1,1,1785526173
2026-07-31T19:33:45Z,673,12,0,11,0,0,1,1,1,1785525609
2026-07-31T19:33:45Z,674,9,2,12,2,0,1,1,1,1785526276
2026-07-31T19:33:45Z,675,2,1,11,2,0,1,1,1,1785525980
2026-07-31T19:33:45Z,676,6,0,15,1,0,1,1,1,1785525711
2026-07-31T19:33:45Z,681,9,5,5,0,1,1,1,1,1785526271
2026-07-31T19:33:45Z,682,5,1,14,0,0,1,1,1,1785522108
2026-07-31T19:33:45Z,683,2,2,17,0,0,1,1,1,1785519895
2026-07-31T19:33:45Z,684,3,1,24,0,0,1,1,1,1785518528
2026-07-31T19:33:45Z,685,6,0,19,1,1,1,1,1,1785525624
2026-07-31T19:33:45Z,686,9,0,15,3,0,1,1,1,1785526099
2026-07-31T19:33:45Z,687,13,1,16,1,1,1,1,1,1785526128
2026-07-31T19:33:45Z,688,11,0,1,7,0,1,1,1,1785510286
2026-07-31T19:33:45Z,692,8,3,13,0,0,1,1,1,1785526321
2026-07-31T19:33:45Z,693,6,0,2,3,0,1,1,1,1785525201
2026-07-31T19:33:45Z,694,12,7,9,0,0,1,1,1,1785525143
2026-07-31T19:33:45Z,695,9,7,14,0,0,1,1,1,1785526408
2026-07-31T19:33:45Z,696,12,8,11,0,0,1,1,1,1785526379
2026-07-31T19:33:45Z,697,13,0,10,0,0,1,1,1,1785526279
2026-07-31T19:33:45Z,698,8,0,19,0,0,1,1,1,1785526328
2026-07-31T19:33:45Z,699,7,0,7,1,0,1,1,1,1785525570
2026-07-31T19:33:45Z,700,17,2,1,1,0,1,1,1,1785526391
2026-07-31T19:33:45Z,701,12,5,7,0,0,1,1,1,1785526360
2026-07-31T19:33:45Z,702,10,3,12,1,0,1,1,1,1785525746
2026-07-31T19:33:45Z,704,1,0,14,0,0,1,1,1,1785526347
2026-07-31T19:33:45Z,705,2,1,13,0,0,1,1,1,1785526070
2026-07-31T19:33:45Z,706,4,1,9,2,0,1,1,1,1785525117
2026-07-31T19:33:45Z,707,11,1,4,0,0,1,1,1,1785525698
2026-07-31T19:33:45Z,708,5,0,13,1,0,1,1,1,1785526310
2026-07-31T19:33:45Z,709,7,3,5,3,0,1,1,1,1785525748
2026-07-31T19:33:45Z,710,0,0,19,0,0,1,1,1,1785525935
2026-07-31T19:33:45Z,711,4,1,16,3,0,1,1,1,1785525305
2026-07-31T19:33:45Z,712,8,6,7,0,0,1,1,1,1785526038
2026-07-31T19:33:45Z,713,2,1,21,0,0,1,1,1,1785526281
2026-07-31T19:33:45Z,716,4,2,11,0,0,1,1,1,1785525472
2026-07-31T19:33:45Z,717,5,2,18,2,0,1,1,1,1785526413
2026-07-31T19:33:45Z,718,11,2,2,2,0,1,1,1,1785525771
2026-07-31T19:33:45Z,719,8,1,21,0,0,1,1,1,1785525831
2026-07-31T19:33:45Z,720,0,0,19,0,0,1,1,1,1785525744
2026-07-31T19:33:45Z,721,9,0,11,3,0,1,1,1,1785525864
2026-07-31T19:33:45Z,722,6,0,9,0,0,1,1,1,1785525517
2026-07-31T19:33:45Z,723,13,2,10,0,0,1,1,1,1785525710
2026-07-31T19:33:45Z,724,6,1,17,0,0,1,1,1,1785526216
2026-07-31T19:33:45Z,725,4,2,18,1,0,1,1,1,1785526354
2026-07-31T19:33:45Z,726,6,0,11,2,0,1,1,1,1785526227
2026-07-31T19:33:45Z,727,10,5,12,1,0,1,1,1,1785524761
2026-07-31T19:33:45Z,728,10,1,4,1,0,1,1,1,1785526050
2026-07-31T19:33:45Z,729,5,0,14,0,0,1,1,1,1785526287
2026-07-31T19:33:45Z,730,1,1,11,3,0,1,1,1,1785524834
2026-07-31T19:33:45Z,731,11,3,2,2,0,1,1,1,1785525782
2026-07-31T19:33:45Z,732,7,6,8,0,0,1,1,1,1785526021
2026-07-31T19:33:45Z,733,7,0,20,0,0,1,1,1,1785526167
2026-07-31T19:33:45Z,734,7,4,7,0,0,1,1,1,1785526287
2026-07-31T19:33:45Z,735,17,8,10,0,0,1,1,1,1785526282
2026-07-31T19:33:45Z,736,12,1,6,1,0,1,1,1,1785526217
2026-07-31T19:33:45Z,737,4,2,10,0,1,1,1,1,1785526267
2026-07-31T19:33:45Z,738,14,7,5,0,0,1,1,1,1785526158
2026-07-31T19:33:45Z,739,19,0,7,1,0,1,1,1,1785526360
2026-07-31T19:33:45Z,741,9,0,14,0,0,1,1,1,1785526111
2026-07-31T19:33:45Z,742,18,4,15,2,0,1,1,1,1785526407
2026-07-31T19:33:45Z,743,7,4,11,1,0,1,1,1,1785525989
2026-07-31T19:33:45Z,744,9,1,6,0,0,1,1,1,1785525957
2026-07-31T19:33:45Z,745,12,4,7,0,0,1,1,1,1785524924
2026-07-31T19:33:45Z,746,1,0,21,1,0,1,1,1,1785526408
2026-07-31T19:33:45Z,747,0,0,4,0,0,0,1,1,1783446606
2026-07-31T19:33:45Z,748,9,1,14,0,0,1,1,1,1785525537
2026-07-31T19:33:45Z,749,10,0,12,1,0,1,1,1,1785526153
2026-07-31T19:33:45Z,750,1,1,10,0,0,1,1,1,1785526090
2026-07-31T19:33:45Z,751,19,13,4,0,0,1,1,1,1785526383
2026-07-31T19:33:45Z,752,11,0,5,1,0,1,1,1,1785526282
2026-07-31T19:33:45Z,753,5,0,9,1,0,1,1,1,1785526239
2026-07-31T19:33:45Z,754,7,3,8,0,0,1,1,1,1785525153
2026-07-31T19:33:45Z,755,9,0,13,1,0,1,1,1,1785526411
2026-07-31T19:33:45Z,756,23,21,13,1,0,1,1,1,1785526371
2026-07-31T19:33:45Z,757,7,7,12,0,0,1,1,1,1785526055
2026-07-31T19:33:45Z,758,3,2,20,0,0,1,1,1,1785526391
2026-07-31T19:33:45Z,759,0,0,0,0,0,1,1,1,86400
2026-07-31T19:33:45Z,760,9,3,10,0,0,1,1,1,1785526292
2026-07-31T19:33:45Z,761,10,1,12,1,0,1,1,1,1785525961
2026-07-31T19:33:45Z,762,4,3,6,5,0,1,1,1,1785525775
2026-07-31T19:33:45Z,768,7,0,8,4,0,1,1,1,1785526069
2026-07-31T19:33:45Z,769,5,4,12,2,0,1,1,1,1785526404
2026-07-31T19:33:45Z,770,6,2,11,2,0,1,1,1,1785526301
2026-07-31T19:33:45Z,771,12,2,2,1,0,1,1,1,1785525745
2026-07-31T19:33:45Z,772,7,0,8,0,0,1,1,1,1785526314
2026-07-31T19:33:45Z,773,18,5,1,0,0,1,1,1,1785526211
2026-07-31T19:33:45Z,774,6,2,4,5,0,1,1,1,1785526086
2026-07-31T19:33:45Z,775,8,1,9,1,1,1,1,1,1785523731
2026-07-31T19:33:45Z,776,3,1,17,1,0,1,1,1,1785524746
2026-07-31T19:33:45Z,777,12,4,3,0,0,1,1,1,1785526309
2026-07-31T19:33:45Z,778,14,0,2,3,0,1,1,1,1785526370
2026-07-31T19:33:45Z,779,6,0,12,1,0,1,1,1,1785525454
2026-07-31T19:33:45Z,780,7,4,11,1,0,1,1,1,1785526098
2026-07-31T19:33:45Z,781,2,1,7,2,0,1,1,1,1785526077
2026-07-31T19:33:45Z,782,1,0,14,4,0,1,1,1,1785526002
2026-07-31T19:33:45Z,783,8,1,11,0,0,1,1,1,1785525239
2026-07-31T19:33:45Z,784,4,0,15,0,0,1,1,1,1785526165
2026-07-31T19:33:45Z,785,9,1,4,6,0,1,1,1,1785525462
2026-07-31T19:33:45Z,786,10,5,9,0,0,1,1,1,1785525117
2026-07-31T19:33:45Z,787,6,3,8,1,0,1,1,1,1785524692
2026-07-31T19:33:45Z,788,2,0,13,0,0,1,1,1,1785525727
2026-07-31T19:33:45Z,789,7,2,4,4,0,1,1,1,1785525935
2026-07-31T19:33:45Z,790,5,1,18,0,0,1,1,1,1785525268
2026-07-31T19:33:45Z,791,7,0,11,0,1,1,1,1,1785526040
2026-07-31T19:33:45Z,793,4,0,10,1,0,1,1,1,1785526060
2026-07-31T19:33:45Z,794,25,6,2,2,0,1,1,1,1785526328
2026-07-31T19:33:45Z,796,4,3,14,1,0,1,1,1,1785525935
2026-07-31T19:33:45Z,797,6,2,9,0,0,1,1,1,1785525920
2026-07-31T19:33:45Z,798,10,0,13,2,0,1,1,1,1785526333
2026-07-31T19:33:45Z,799,12,2,3,4,0,1,1,1,1785525896
2026-07-31T19:33:45Z,800,4,0,16,1,0,1,1,1,1785526271
2026-07-31T19:33:45Z,801,6,1,11,4,0,1,1,1,1785526030
2026-07-31T19:33:45Z,802,8,0,23,0,0,1,1,1,1785526150
2026-07-31T19:33:45Z,803,0,0,15,0,0,1,1,1,1785525695
2026-07-31T19:33:45Z,806,2,0,12,1,0,1,1,1,1785525045
2026-07-31T19:33:45Z,807,19,9,4,2,0,1,1,1,1785526398
2026-07-31T19:33:45Z,808,20,6,2,3,0,1,1,1,1785525702
2026-07-31T19:33:45Z,809,3,0,19,1,0,1,1,1,1785525935
2026-07-31T19:33:45Z,810,4,2,13,2,0,1,1,1,1785526311
2026-07-31T19:33:45Z,815,3,1,7,4,1,1,1,1,1785526202
2026-07-31T19:33:45Z,817,13,7,2,0,0,1,1,1,1785525854
2026-07-31T19:33:45Z,818,6,0,17,0,0,1,1,1,1785526288
2026-07-31T19:33:45Z,819,10,4,5,0,0,1,1,1,1785525935
2026-07-31T19:33:45Z,820,9,1,8,0,0,1,1,1,1785526365
2026-07-31T19:33:45Z,821,3,2,12,0,0,1,1,1,1785526028
2026-07-31T19:33:45Z,822,6,0,15,2,0,1,1,1,1785526091
2026-07-31T19:33:45Z,823,14,2,1,0,0,1,1,1,1785526309
2026-07-31T19:33:45Z,824,10,3,8,1,0,1,1,1,1785526053
2026-07-31T19:33:45Z,825,7,5,8,0,0,1,1,1,1785521169
2026-07-31T19:33:45Z,826,9,1,8,2,0,1,1,1,1785526119
2026-07-31T19:33:45Z,827,17,3,2,2,0,1,1,1,1785524622
2026-07-31T19:33:45Z,828,10,0,6,2,0,1,1,1,1785526278
2026-07-31T19:33:45Z,829,16,5,11,0,0,1,1,1,1785525380
2026-07-31T19:33:45Z,830,14,0,8,1,0,1,1,1,1785526395
2026-07-31T19:33:45Z,831,6,3,7,2,0,1,1,1,1785526099
2026-07-31T19:33:45Z,832,8,2,7,3,0,1,1,1,1785526056
2026-07-31T19:33:45Z,833,2,1,16,1,0,1,1,1,1785526230
2026-07-31T19:33:45Z,834,17,1,5,2,0,1,1,1,1785526340
2026-07-31T19:33:45Z,835,1,1,16,1,0,1,1,1,1785526319
2026-07-31T19:33:45Z,838,4,1,10,1,0,1,1,1,1785526216
2026-07-31T19:33:45Z,839,19,0,7,3,0,1,1,1,1785525920
2026-07-31T19:33:45Z,840,0,0,28,1,0,1,1,1,1785525905
2026-07-31T19:33:45Z,841,7,1,8,0,0,1,1,1,1785525509
2026-07-31T19:33:45Z,842,2,0,21,0,0,1,1,1,1785525356
2026-07-31T19:33:45Z,843,11,0,20,0,0,1,1,1,1785525707
2026-07-31T19:33:45Z,844,5,0,18,0,0,1,1,1,1785525594
2026-07-31T19:33:45Z,845,4,3,13,2,0,1,1,1,1785525707
2026-07-31T19:33:45Z,846,3,1,15,1,0,1,1,1,1785525220
2026-07-31T19:33:45Z,847,7,1,19,1,0,1,1,1,1785524736
2026-07-31T19:33:45Z,848,6,4,12,1,0,1,1,1,1785526028
2026-07-31T19:33:45Z,849,8,1,6,1,0,1,1,1,1785525897
2026-07-31T19:33:45Z,850,5,0,5,1,0,1,1,1,1785525840
2026-07-31T19:33:45Z,851,5,4,29,3,0,1,1,1,1785525725
2026-07-31T19:33:45Z,852,11,6,8,0,0,1,1,1,1785525393
2026-07-31T19:33:45Z,853,12,5,11,0,0,1,1,1,1785526356
2026-07-31T19:33:45Z,854,3,2,12,0,0,1,1,1,1785526328
2026-07-31T19:33:45Z,855,27,0,0,0,0,1,1,1,1785524493
2026-07-31T19:33:45Z,857,13,6,4,2,0,1,1,1,1785526376
2026-07-31T19:33:45Z,858,5,2,13,1,0,1,1,1,1785526107
2026-07-31T19:33:45Z,859,7,0,13,1,0,1,1,1,1785526300
2026-07-31T19:33:45Z,861,7,0,3,1,0,1,1,1,1785506303
2026-07-31T19:33:45Z,862,4,2,11,0,0,1,1,1,1785525491
2026-07-31T19:33:45Z,863,14,1,5,0,0,1,1,1,1785526076
2026-07-31T19:33:45Z,866,12,3,7,0,0,1,1,1,1785525860
2026-07-31T19:33:45Z,867,14,2,1,0,0,1,1,1,1785525096
2026-07-31T19:33:45Z,868,9,0,6,0,0,1,1,1,1785525342
2026-07-31T19:33:45Z,870,9,6,6,0,0,1,1,1,1785525568
2026-07-31T19:33:45Z,871,0,0,10,1,0,1,1,1,1785524902
2026-07-31T19:33:45Z,872,0,0,14,1,0,1,1,1,1785525477
2026-07-31T19:33:45Z,873,22,2,10,1,0,1,1,1,1785526398
2026-07-31T19:33:45Z,874,2,0,10,3,0,1,1,1,1785525825
2026-07-31T19:33:45Z,875,10,6,3,2,0,1,1,1,1785525685
2026-07-31T19:33:45Z,877,13,12,6,0,0,1,1,1,1785525154
2026-07-31T19:33:45Z,878,3,3,16,0,0,1,1,1,1785525728
2026-07-31T19:33:45Z,879,2,0,17,0,0,1,1,1,1785524764
2026-07-31T19:33:45Z,880,0,0,22,1,0,1,1,1,1785526339
2026-07-31T19:33:45Z,881,2,0,17,0,0,1,1,1,1785525590
2026-07-31T19:33:45Z,882,9,4,9,1,0,1,1,1,1785513298
2026-07-31T19:33:45Z,883,9,4,10,0,0,1,1,1,1785525795
2026-07-31T19:33:45Z,884,10,6,11,0,0,1,1,1,1785525169
2026-07-31T19:33:45Z,885,0,0,19,0,0,1,1,1,1785525393
2026-07-31T19:33:45Z,886,12,0,17,0,0,1,1,1,1785526299
2026-07-31T19:33:45Z,887,6,3,8,3,0,1,1,1,1785526386
2026-07-31T19:33:45Z,888,6,1,33,1,1,1,1,1,1785526385
2026-07-31T19:33:45Z,889,1,0,16,2,0,1,1,1,1785526152
2026-07-31T19:33:45Z,890,7,4,8,0,0,1,1,1,1785526182
2026-07-31T19:33:45Z,891,20,0,2,1,0,1,1,1,1785526192
2026-07-31T19:33:45Z,892,9,1,6,0,0,1,1,1,1785523247
2026-07-31T19:33:45Z,895,2,0,17,0,0,1,1,1,1785526379
2026-07-31T19:33:45Z,896,9,0,26,0,0,1,1,1,1785526343
2026-07-31T19:33:45Z,897,12,1,9,0,0,1,1,1,1785525625
2026-07-31T19:33:45Z,898,4,1,15,0,0,1,1,1,1785525312
2026-07-31T19:33:45Z,899,0,0,18,1,0,1,1,1,1785526359
2026-07-31T19:33:45Z,900,3,0,24,0,0,1,1,1,1785526401
2026-07-31T19:33:45Z,901,2,0,16,1,0,1,1,1,1785526082
2026-07-31T19:33:45Z,902,3,1,12,0,0,1,1,1,1785525223
2026-07-31T19:33:45Z,903,4,0,14,1,0,1,1,1,1785524777
2026-07-31T19:33:45Z,904,10,5,8,1,0,1,1,1,1785525713
2026-07-31T19:33:45Z,905,9,4,17,1,0,1,1,1,1785525298
2026-07-31T19:33:45Z,906,13,3,13,1,0,1,1,1,1785526284
2026-07-31T19:33:45Z,907,11,1,20,0,0,1,1,1,1785526364
2026-07-31T19:33:45Z,908,8,0,15,0,0,1,1,1,1785525722
2026-07-31T19:33:45Z,909,7,6,16,0,0,1,1,1,1785526125
2026-07-31T19:33:45Z,910,24,0,7,0,0,1,1,1,1785526348
2026-07-31T19:33:45Z,911,4,1,15,0,0,1,1,1,1785526340
2026-07-31T19:33:45Z,912,18,1,4,1,0,1,1,1,1785526115
2026-07-31T19:33:45Z,913,7,3,12,0,0,1,1,1,1785526240
2026-07-31T19:33:45Z,914,6,0,13,0,0,1,1,1,1785526391
2026-07-31T19:33:45Z,915,20,2,1,2,0,1,1,1,1785526100
2026-07-31T19:33:45Z,916,4,1,18,1,0,1,1,1,1785526355
2026-07-31T19:33:45Z,917,13,0,20,2,0,1,1,1,1785525139
2026-07-31T19:33:45Z,918,13,1,3,3,0,1,1,1,1785526322
2026-07-31T19:33:45Z,919,12,1,27,0,0,1,1,1,1785526388
2026-07-31T19:33:45Z,920,7,2,12,0,0,1,1,1,1785526027
2026-07-31T19:33:45Z,921,18,3,3,0,0,1,1,1,1785526361
2026-07-31T19:33:45Z,922,1,1,20,0,0,1,1,1,1785526249
2026-07-31T19:33:45Z,923,2,2,16,1,0,1,1,1,1785525717
2026-07-31T19:33:45Z,924,7,0,13,1,0,1,1,1,1785526413
2026-07-31T19:33:45Z,925,12,0,9,0,0,1,1,1,1785525913
2026-07-31T19:33:45Z,926,3,1,18,0,0,1,1,1,1785525999
2026-07-31T19:33:45Z,927,28,1,6,1,0,1,1,1,1785526344
2026-07-31T19:33:45Z,928,0,0,19,0,0,0,1,1,1785500252
2026-07-31T19:33:45Z,929,21,2,2,0,0,1,1,1,1785525844
2026-07-31T19:33:45Z,930,2,0,28,1,0,1,1,1,1785525700
2026-07-31T19:33:45Z,931,4,3,19,0,0,1,1,1,1785526214
2026-07-31T19:33:45Z,932,5,1,12,2,0,1,1,1,1785526346
2026-07-31T19:33:45Z,933,11,0,12,0,0,1,1,1,1785526031
2026-07-31T19:33:45Z,934,20,0,10,1,0,1,1,1,1785525851
2026-07-31T19:33:45Z,935,13,0,5,1,0,1,1,1,1785526169
2026-07-31T19:33:45Z,936,13,1,6,0,0,1,1,1,1785526217
2026-07-31T19:33:45Z,940,1,1,9,1,0,1,1,1,1785525676
2026-07-31T19:33:45Z,941,12,0,11,2,0,1,1,1,1785526141
2026-07-31T19:33:45Z,942,15,1,6,0,0,1,1,1,1785526215
2026-07-31T19:33:45Z,943,8,8,7,0,0,1,1,1,1785525564
2026-07-31T19:33:45Z,944,10,8,5,0,0,1,1,1,1785525406
2026-07-31T19:33:45Z,945,10,8,5,0,0,1,1,1,1785524928
2026-07-31T19:33:45Z,946,7,5,12,0,0,1,1,1,1785523835
2026-07-31T19:33:45Z,947,7,5,10,0,0,1,1,1,1785525426
2026-07-31T19:33:45Z,948,22,9,5,4,0,1,1,1,1785526339
2026-07-31T19:33:45Z,949,6,6,9,0,0,1,1,1,1785526227
2026-07-31T19:33:45Z,950,0,0,16,1,0,1,1,1,1785526131
2026-07-31T19:33:45Z,951,17,5,6,0,0,1,1,1,1785525703
2026-07-31T19:33:45Z,952,22,4,32,1,0,1,1,1,1785526332
2026-07-31T19:33:45Z,953,1,0,13,1,0,1,1,1,1785524686
2026-07-31T19:33:45Z,954,2,0,17,0,0,1,1,1,1785526115
2026-07-31T19:33:45Z,955,9,3,12,5,1,1,1,1,1785526409
2026-07-31T19:33:45Z,956,9,1,12,2,0,1,1,1,1785526357
2026-07-31T19:33:45Z,957,8,0,20,1,0,1,1,1,1785526189
2026-07-31T19:33:45Z,958,4,0,26,1,0,1,1,1,1785526302
2026-07-31T19:33:45Z,959,3,3,19,1,0,1,1,1,1785526026
2026-07-31T19:33:45Z,960,5,2,18,0,0,1,1,1,1785526269
2026-07-31T19:33:45Z,961,8,1,12,3,0,1,1,1,1785526186
2026-07-31T19:33:45Z,962,9,3,23,3,0,1,1,1,1785526355
2026-07-31T19:33:45Z,963,9,0,13,1,0,1,1,1,1785526409
2026-07-31T19:33:45Z,964,5,3,18,0,0,1,1,1,1785526065
2026-07-31T19:33:45Z,965,11,6,15,1,0,1,1,1,1785525814
2026-07-31T19:33:45Z,966,22,0,7,2,0,1,1,1,1785526295
2026-07-31T19:33:45Z,967,2,0,17,2,0,1,1,1,1785526305
2026-07-31T19:33:45Z,968,10,0,8,1,0,1,1,1,1785526317
2026-07-31T19:33:45Z,969,1,0,24,2,0,1,1,1,1785525933
2026-07-31T19:33:45Z,970,1,0,16,2,0,1,1,1,1785526076
2026-07-31T19:33:45Z,971,1,0,21,1,0,1,1,1,1785525968
2026-07-31T19:33:45Z,972,10,3,12,1,0,1,1,1,1785526189
2026-07-31T19:33:45Z,973,8,2,14,1,0,1,1,1,1785524985
2026-07-31T19:33:45Z,974,22,0,5,0,0,1,1,1,1785526196
2026-07-31T19:33:45Z,977,5,0,14,2,0,1,1,1,1785525680
2026-07-31T19:33:45Z,978,18,0,5,0,0,1,1,1,1785525740
2026-07-31T19:33:45Z,979,7,1,10,0,0,1,1,1,1785526041
2026-07-31T19:33:45Z,980,10,1,10,1,0,1,1,1,1785526300
2026-07-31T19:33:45Z,981,6,0,15,0,0,1,1,1,1785526116
2026-07-31T19:33:45Z,982,3,1,15,1,0,1,1,1,1785525478
2026-07-31T19:33:45Z,983,5,3,18,0,0,1,1,1,1785525937
2026-07-31T19:33:45Z,984,6,0,17,0,0,1,1,1,1785525239
2026-07-31T19:33:45Z,985,9,0,21,0,1,1,1,1,1785526412
2026-07-31T19:33:45Z,986,3,0,16,0,0,1,1,1,1785525480
2026-07-31T19:33:45Z,987,6,0,17,0,0,1,1,1,1785526051
2026-07-31T19:33:45Z,988,7,3,12,0,0,1,1,1,1785525649
2026-07-31T19:33:45Z,989,9,4,10,0,0,1,1,1,1785524631
2026-07-31T19:33:45Z,990,9,0,5,1,0,1,1,1,1785525650
2026-07-31T19:33:45Z,991,9,0,9,1,0,1,1,1,1785525379
2026-07-31T19:33:45Z,992,9,5,14,0,0,1,1,1,1785526264
2026-07-31T19:33:45Z,993,6,3,20,1,0,1,1,1,1785525949
2026-07-31T19:33:45Z,994,0,0,21,0,0,1,1,1,1785525313
2026-07-31T19:33:45Z,995,7,1,20,0,0,1,1,1,1785525715
2026-07-31T19:33:45Z,996,8,2,15,0,0,1,1,1,1785525550
2026-07-31T19:33:45Z,997,5,4,6,9,3,1,1,1,1785526005
2026-07-31T19:33:45Z,998,5,4,18,0,0,1,1,1,1785525810
2026-07-31T19:33:45Z,999,4,1,15,1,1,1,1,1,1785525524
2026-07-31T19:33:45Z,1000,3,1,18,0,0,1,1,1,1785526358
2026-07-31T19:33:45Z,1001,5,3,22,0,0,1,1,1,1785525868
2026-07-31T19:33:45Z,1002,2,2,28,1,0,1,1,1,1785525895
2026-07-31T19:33:45Z,1003,0,0,23,0,0,1,1,1,1785525450
2026-07-31T19:33:45Z,1004,9,2,14,0,0,1,1,1,1785524927
2026-07-31T19:33:45Z,1005,18,1,5,0,0,1,1,1,1785525640
2026-07-31T19:33:45Z,1006,7,4,12,0,0,1,1,1,1785525877
2026-07-31T19:33:45Z,1007,1,1,20,0,0,1,1,1,1785525092
2026-07-31T19:33:45Z,1008,8,7,15,0,0,1,1,1,1785524622
2026-07-31T19:33:45Z,1009,22,5,8,1,0,1,1,1,1785526359
2026-07-31T19:33:45Z,1010,8,2,19,0,0,1,1,1,1785525345
2026-07-31T19:33:45Z,1011,6,2,11,2,0,1,1,1,1785525821
2026-07-31T19:33:45Z,1012,5,3,16,2,0,1,1,1,1785525411
2026-07-31T19:33:45Z,1013,4,1,18,1,0,1,1,1,1785525862
2026-07-31T19:33:45Z,1014,9,4,14,0,0,1,1,1,1785525935
2026-07-31T19:33:45Z,1015,4,3,26,1,0,1,1,1,1785526271
2026-07-31T19:33:45Z,1016,10,5,21,0,0,1,1,1,1785525347
2026-07-31T19:33:45Z,1017,14,5,7,0,0,1,1,1,1785524805
2026-07-31T19:33:45Z,1018,7,3,15,0,0,1,1,1,1785525490
2026-07-31T19:33:45Z,1019,8,5,7,0,0,1,1,1,1785525366
2026-07-31T19:33:45Z,1020,19,5,2,0,0,1,1,1,1785524668
2026-07-31T19:33:45Z,1021,9,4,6,0,0,1,1,1,1785526167
2026-07-31T19:33:45Z,1022,14,0,13,0,0,1,1,1,1785525617
2026-07-31T19:33:45Z,1023,14,2,9,0,0,1,1,1,1785525241
2026-07-31T19:33:45Z,1024,6,3,13,0,0,1,1,1,1785526216
2026-07-31T19:33:45Z,1025,4,0,14,0,1,1,1,1,1785525594
2026-07-31T19:33:45Z,1026,12,9,18,1,0,1,1,1,1785524980
2026-07-31T19:33:45Z,1028,3,1,20,0,0,1,1,1,1785525585
2026-07-31T19:33:45Z,1029,12,10,3,0,0,1,1,1,1785524660
2026-07-31T19:33:45Z,1030,13,4,10,0,0,1,1,1,1785526279
2026-07-31T19:33:45Z,1031,9,1,10,0,0,1,1,1,1785524777
2026-07-31T19:33:45Z,1032,7,1,12,0,0,1,1,1,1785525448
2026-07-31T19:33:45Z,1033,10,6,9,0,0,1,1,1,1785526272
2026-07-31T19:33:45Z,1034,4,1,11,0,0,1,1,1,1785525434
2026-07-31T19:33:45Z,1035,1,0,17,1,0,1,1,1,1785526187
2026-07-31T19:33:45Z,1036,12,0,3,0,0,1,1,1,1785526013
2026-07-31T19:33:45Z,1037,4,1,14,1,0,1,1,1,1785525840
2026-07-31T19:33:45Z,1038,1,0,14,0,0,1,1,1,1785525126
2026-07-31T19:33:45Z,1039,7,1,12,0,0,1,1,1,1785525601
2026-07-31T19:33:45Z,1040,8,5,11,0,0,1,1,1,1785525499
2026-07-31T19:33:45Z,1041,11,3,8,0,0,1,1,1,1785525369
2026-07-31T19:33:45Z,1042,14,2,0,1,0,1,1,1,1785525546
2026-07-31T19:33:45Z,1043,10,4,8,1,0,1,1,1,1785525528
2026-07-31T19:33:45Z,1044,1,0,14,0,0,1,1,1,1785525181
2026-07-31T19:33:45Z,1045,9,0,10,0,0,1,1,1,1785525432
2026-07-31T19:33:45Z,1046,9,0,6,0,0,1,1,1,1785524805
2026-07-31T19:33:45Z,1047,4,0,17,0,0,1,1,1,1785526216
2026-07-31T19:33:45Z,1048,5,0,14,0,0,1,1,1,1785525411
2026-07-31T19:33:45Z,1049,0,0,21,0,0,1,1,1,1785525512
2026-07-31T19:33:45Z,1050,16,4,5,0,0,1,1,1,1785524796
2026-07-31T19:33:45Z,1051,8,2,13,0,0,1,1,1,1785524667
2026-07-31T19:33:45Z,1052,16,1,5,1,0,1,1,1,1785525300
2026-07-31T19:33:45Z,1053,2,1,13,0,0,1,1,1,1785526073
2026-07-31T19:33:45Z,1054,15,1,0,0,0,1,1,1,1785525566
2026-07-31T19:33:45Z,1055,8,1,11,0,0,1,1,1,1785525580
2026-07-31T19:33:45Z,1057,12,3,7,0,0,1,1,1,1785526262
2026-07-31T19:33:45Z,1058,22,6,33,1,0,1,1,1,1785526277
2026-07-31T19:33:45Z,1059,1,0,17,1,0,1,1,1,1785525441
2026-07-31T19:33:45Z,1060,35,0,2,0,0,1,1,1,1785525988
2026-07-31T19:33:45Z,1061,34,0,2,1,0,1,1,1,1785526324
2026-07-31T19:33:45Z,1062,17,0,0,0,0,1,1,1,1785526089
2026-07-31T19:33:45Z,1063,12,1,6,1,0,1,1,1,1785525489
2026-07-31T19:33:45Z,1064,3,0,19,1,0,1,1,1,1785525851
2026-07-31T19:33:45Z,1065,16,3,7,0,0,1,1,1,1785526099
2026-07-31T19:33:45Z,1066,11,2,12,0,0,1,1,1,1785525969
2026-07-31T19:33:45Z,1067,8,2,13,2,0,1,1,1,1785526194
2026-07-31T19:33:45Z,1068,6,2,14,3,0,1,1,1,1785525723
2026-07-31T19:33:45Z,1069,12,3,11,0,0,1,1,1,1785525732
2026-07-31T19:33:45Z,1070,12,2,11,0,0,1,1,1,1785525833
2026-07-31T19:33:45Z,1071,7,4,16,0,0,1,1,1,1785525869
2026-07-31T19:33:45Z,1072,11,1,11,1,0,1,1,1,1785526275
2026-07-31T19:33:45Z,1073,1,1,26,0,0,1,1,1,1785526026
2026-07-31T19:33:45Z,1074,4,0,48,1,0,1,1,1,1785526392
2026-07-31T19:33:45Z,1075,8,8,13,0,0,1,1,1,1785525236
2026-07-31T19:33:45Z,1076,16,13,5,0,0,1,1,1,1785525699
2026-07-31T19:33:45Z,1077,11,7,9,1,0,1,1,1,1785526143
2026-07-31T19:33:45Z,1078,13,12,8,0,0,1,1,1,1785524721
2026-07-31T19:33:45Z,1079,12,8,9,0,0,1,1,1,1785525343
2026-07-31T19:33:45Z,1080,10,8,9,2,0,1,1,1,1785525270
2026-07-31T19:33:45Z,1081,14,8,5,0,0,1,1,1,1785526280
2026-07-31T19:33:45Z,1082,12,11,11,0,0,1,1,1,1785525349
2026-07-31T19:33:45Z,1083,12,11,9,0,0,1,1,1,1785525612
2026-07-31T19:33:45Z,1084,9,8,12,0,0,1,1,1,1785525228
2026-07-31T19:33:45Z,1085,14,8,7,0,0,1,1,1,1785524925
2026-07-31T19:33:45Z,1086,15,11,5,1,0,1,1,1,1785525619
2026-07-31T19:33:45Z,1087,6,6,9,0,0,1,1,1,1785524719
2026-07-31T19:33:45Z,1088,9,7,6,0,0,1,1,1,1785525492
2026-07-31T19:33:45Z,1089,5,2,10,0,0,1,1,1,1785525826
2026-07-31T19:33:45Z,1090,7,6,8,0,0,1,1,1,1785526244
2026-07-31T19:33:45Z,1091,5,3,10,0,0,1,1,1,1785524632
2026-07-31T19:33:45Z,1092,10,9,5,0,0,1,1,1,1785525826
2026-07-31T19:33:45Z,1093,5,5,9,1,0,1,1,1,1785524717
2026-07-31T19:33:45Z,1094,11,10,8,0,0,1,1,1,1785525444
2026-07-31T19:33:45Z,1095,9,8,6,0,0,1,1,1,1785525425
2026-07-31T19:33:45Z,1096,3,1,15,1,0,1,1,1,1785525817
2026-07-31T19:33:45Z,1097,8,8,7,0,0,1,1,1,1785526013
2026-07-31T19:33:45Z,1098,9,7,10,0,0,1,1,1,1785525045
2026-07-31T19:33:45Z,1099,7,6,8,0,0,1,1,1,1785525278
2026-07-31T19:33:45Z,1100,5,3,24,0,0,1,1,1,1785521793
2026-07-31T19:33:45Z,1101,10,5,11,0,0,1,1,1,1785525200
2026-07-31T19:33:45Z,1102,9,4,4,0,0,1,1,1,1785526229
2026-07-31T19:33:45Z,1103,11,5,10,0,0,1,1,1,1785503681
2026-07-31T19:33:45Z,1104,11,6,10,0,0,1,1,1,1785524951
2026-07-31T19:33:45Z,1105,8,4,5,0,0,1,1,1,1785526113
2026-07-31T19:33:45Z,1106,10,5,11,0,0,1,1,1,1785525291
2026-07-31T19:33:45Z,1107,9,5,6,0,0,1,1,1,1785525544
2026-07-31T19:33:45Z,1108,8,4,16,2,1,1,1,1,1785526124
2026-07-31T19:33:45Z,1109,8,4,7,0,0,1,1,1,1785525488
2026-07-31T19:33:45Z,1110,8,0,13,0,0,1,1,1,1785524815
2026-07-31T19:33:45Z,1111,8,6,12,1,0,1,1,1,1785526112
2026-07-31T19:33:45Z,1112,28,1,24,1,0,1,1,1,1785526319
2026-07-31T19:33:45Z,1113,4,0,17,0,0,1,1,1,1785524741
2026-07-31T19:33:45Z,1115,13,2,6,4,0,1,1,1,1785526011
2026-07-31T19:33:45Z,1116,2,1,17,0,0,1,1,1,1785525468
2026-07-31T19:33:45Z,1117,6,2,15,2,0,1,1,1,1785526400
2026-07-31T19:33:45Z,1118,7,0,14,0,0,1,1,1,1785525529
2026-07-31T19:33:45Z,1119,7,0,10,0,0,1,1,1,1785526281
2026-07-31T19:33:45Z,1120,9,0,9,1,0,1,1,1,1785525559
2026-07-31T19:33:45Z,1121,11,0,9,1,0,1,1,1,1785526344
2026-07-31T19:33:45Z,1122,6,6,13,2,0,1,1,1,1785526307
2026-07-31T19:33:45Z,1123,12,8,9,2,0,1,1,1,1785526008
2026-07-31T19:33:45Z,1124,2,1,12,1,0,1,1,1,1785526370
2026-07-31T19:33:45Z,1125,14,2,9,0,0,1,1,1,1785525868
2026-07-31T19:33:45Z,1126,8,0,13,0,0,1,1,1,1785525423
2026-07-31T19:33:45Z,1127,5,2,13,1,0,1,1,1,1785526290
2026-07-31T19:33:45Z,1128,1,0,14,0,0,1,1,1,1785525442
2026-07-31T19:33:45Z,1129,1,0,19,1,0,1,1,1,1785525681
2026-07-31T19:33:45Z,1130,3,0,11,1,0,1,1,1,1785526395
2026-07-31T19:33:45Z,1131,10,4,38,1,0,1,1,1,1785524985
2026-07-31T19:33:45Z,1132,10,5,10,1,0,1,1,1,1785526364
2026-07-31T19:33:45Z,1133,5,5,14,2,0,1,1,1,1785525999
2026-07-31T19:33:45Z,1134,11,5,8,0,0,1,1,1,1785525978
2026-07-31T19:33:45Z,1135,12,6,9,0,0,1,1,1,1785525093
2026-07-31T19:33:45Z,1136,11,1,12,0,0,1,1,1,1785526004
2026-07-31T19:33:45Z,1137,13,1,2,0,0,1,1,1,1785525797
2026-07-31T19:33:45Z,1138,3,0,16,0,0,1,1,1,1785526403
2026-07-31T19:33:45Z,1139,14,2,5,2,0,1,1,1,1785526307
2026-07-31T19:33:45Z,1140,5,3,17,1,0,1,1,1,1785526191
2026-07-31T19:33:45Z,1141,18,7,3,0,0,1,1,1,1785526206
2026-07-31T19:33:45Z,1142,0,0,21,0,0,1,1,1,1785526108
2026-07-31T19:33:45Z,1143,4,0,25,0,0,1,1,1,1785526361
2026-07-31T19:33:45Z,1144,7,0,13,1,0,1,1,1,1785526360
2026-07-31T19:33:45Z,1145,11,5,9,1,0,1,1,1,1785525873
2026-07-31T19:33:45Z,1146,2,0,15,2,0,1,1,1,1785526334
2026-07-31T19:33:45Z,1147,17,2,2,0,0,1,1,1,1785526124
2026-07-31T19:33:45Z,1148,1,0,30,0,0,1,1,1,1785526253
2026-07-31T19:33:45Z,1149,4,3,16,5,0,1,1,1,1785526394
2026-07-31T19:33:45Z,1150,4,0,15,0,0,1,1,1,1785525990
2026-07-31T19:33:45Z,1151,8,0,13,0,0,1,1,1,1785526124
2026-07-31T19:33:45Z,1152,0,0,29,0,0,1,1,1,1785525478
2026-07-31T19:33:45Z,1153,22,3,0,1,0,1,1,1,1785526019
2026-07-31T19:33:45Z,1154,5,0,14,0,0,1,1,1,1785525199
2026-07-31T19:33:45Z,1155,4,2,15,2,0,1,1,1,1785526362
2026-07-31T19:33:45Z,1158,3,1,16,0,0,1,1,1,1785525354
2026-07-31T19:33:45Z,1159,13,1,6,0,0,1,1,1,1785525714
2026-07-31T19:33:45Z,1160,9,1,10,0,0,1,1,1,1785525203
2026-07-31T19:33:45Z,1161,4,0,14,1,0,1,1,1,1785525849
2026-07-31T19:33:45Z,1162,3,1,16,0,0,1,1,1,1785526104
2026-07-31T19:33:45Z,1163,2,1,16,1,0,1,1,1,1785525474
2026-07-31T19:33:45Z,1164,6,1,13,0,0,1,1,1,1785525530
2026-07-31T19:33:45Z,1165,2,0,19,0,0,1,1,1,1785526273
2026-07-31T19:33:45Z,1166,14,3,7,0,0,1,1,1,1785525935
2026-07-31T19:33:45Z,1167,4,0,11,0,0,1,1,1,1785525203
2026-07-31T19:33:45Z,1168,2,1,19,2,0,1,1,1,1785525760
2026-07-31T19:33:45Z,1169,3,0,15,1,0,1,1,1,1785525376
2026-07-31T19:33:45Z,1170,7,1,14,0,0,1,1,1,1785525769
2026-07-31T19:33:45Z,1171,8,7,15,0,0,1,1,1,1785525464
2026-07-31T19:33:45Z,1172,2,0,11,2,0,1,1,1,1785526238
2026-07-31T19:33:45Z,1173,13,4,6,0,0,1,1,1,1785525632
2026-07-31T19:33:45Z,1174,6,3,9,0,0,1,1,1,1785525282
2026-07-31T19:33:45Z,1175,4,3,15,0,0,1,1,1,1785525246
2026-07-31T19:33:45Z,1176,17,2,4,0,0,1,1,1,1785526398
2026-07-31T19:33:45Z,1177,3,1,18,0,0,1,1,1,1785524784
2026-07-31T19:33:45Z,1178,4,1,11,0,0,1,1,1,1785525435
2026-07-31T19:33:45Z,1181,4,0,11,0,0,1,1,1,1785526107
2026-07-31T19:33:45Z,1182,16,1,2,2,0,1,1,1,1785526405
2026-07-31T19:33:45Z,1183,23,1,20,2,0,1,1,1,1785525868
2026-07-31T19:33:45Z,1184,5,2,14,2,0,1,1,1,1785526354
2026-07-31T19:33:45Z,1185,9,5,12,0,0,1,1,1,1785524920
2026-07-31T19:33:45Z,1186,10,5,9,0,0,1,1,1,1785525904
2026-07-31T19:33:45Z,1187,10,5,10,1,0,1,1,1,1785526157
2026-07-31T19:33:45Z,1188,10,5,5,0,0,1,1,1,1785525542
2026-07-31T19:33:45Z,1189,9,4,10,0,0,1,1,1,1785525666
2026-07-31T19:33:45Z,1190,9,4,12,0,0,1,1,1,1785525079
2026-07-31T19:33:45Z,1191,11,6,4,0,0,1,1,1,1785525546
2026-07-31T19:33:45Z,1192,10,6,10,1,0,1,1,1,1785525441
2026-07-31T19:33:45Z,1193,6,4,5,2,0,1,1,1,1785526329
2026-07-31T19:33:45Z,1197,9,6,7,1,0,1,1,1,1785526327
2026-07-31T19:33:45Z,1198,13,4,6,2,0,1,1,1,1785525968
2026-07-31T19:33:45Z,1199,3,0,16,0,0,1,1,1,1785525962
2026-07-31T19:33:45Z,1200,9,5,6,0,0,1,1,1,1785525583
2026-07-31T19:33:45Z,1201,10,5,5,0,0,1,1,1,1785525558
2026-07-31T19:33:45Z,1202,10,5,5,0,0,1,1,1,1785525660
2026-07-31T19:33:45Z,1203,11,5,4,0,0,1,1,1,1785525562
2026-07-31T19:33:45Z,1204,7,4,12,0,0,1,1,1,1785525333
2026-07-31T19:33:45Z,1206,11,5,10,0,0,1,1,1,1785526386
2026-07-31T19:33:45Z,1207,8,4,6,1,0,1,1,1,1785525876
2026-07-31T19:33:45Z,1208,10,4,9,0,0,1,1,1,1785525813
2026-07-31T19:33:45Z,1216,9,0,11,1,0,1,1,1,1785524788
2026-07-31T19:33:45Z,1218,4,0,17,0,0,1,1,1,1785525715
2026-07-31T19:33:45Z,1219,5,1,7,3,0,1,1,1,1785525518
2026-07-31T19:33:45Z,1220,15,6,4,0,0,1,1,1,1785524818
2026-07-31T19:33:45Z,1221,1,1,19,1,0,1,1,1,1785526349
2026-07-31T19:33:45Z,1222,14,0,15,0,0,1,1,1,1785525509
2026-07-31T19:33:45Z,1223,21,1,7,1,0,1,1,1,1785526180
2026-07-31T19:33:45Z,1226,0,0,3,0,0,0,1,1,1781868931
2026-07-31T19:33:45Z,1227,3,0,22,0,0,1,1,1,1785525389
2026-07-31T19:33:45Z,1228,5,4,24,0,0,1,1,1,1785526317
2026-07-31T19:33:45Z,1229,44,0,1,0,0,1,1,1,1785526395
2026-07-31T19:38:44Z,1,11,0,12,0,0,1,1,1,1785526289
2026-07-31T19:38:44Z,2,0,0,24,3,0,1,1,1,1785526535
2026-07-31T19:38:44Z,3,12,0,1,1,0,1,1,1,1785526414
2026-07-31T19:38:44Z,4,20,5,1,1,0,1,1,1,1785526414
2026-07-31T19:38:44Z,5,17,3,5,1,0,1,1,1,1785526383
2026-07-31T19:38:44Z,6,3,1,12,0,0,1,1,1,1785526317
2026-07-31T19:38:44Z,7,1,0,37,1,0,1,1,1,1785526372
2026-07-31T19:38:44Z,8,6,1,37,0,0,1,1,1,1785526516
2026-07-31T19:38:44Z,9,14,0,8,1,0,1,1,1,1785526533
2026-07-31T19:38:44Z,10,1,0,20,2,0,1,1,1,1785525935
2026-07-31T19:38:44Z,11,6,1,11,2,0,1,1,1,1785526712
2026-07-31T19:38:44Z,12,22,1,1,0,0,1,1,1,1785526635
2026-07-31T19:38:44Z,13,4,0,26,0,0,1,1,1,1785526195
2026-07-31T19:38:44Z,14,34,0,8,0,1,1,1,1,1785526345
2026-07-31T19:38:44Z,15,8,0,6,1,0,1,1,1,1785526448
2026-07-31T19:38:44Z,16,2,0,22,2,1,1,1,1,1785526425
2026-07-31T19:38:44Z,17,9,1,17,1,0,1,1,1,1785526535
2026-07-31T19:38:44Z,18,5,2,11,2,0,1,1,1,1785526570
2026-07-31T19:38:44Z,19,24,2,2,1,0,1,1,1,1785526562
2026-07-31T19:38:44Z,20,5,0,30,0,0,1,1,1,1785526690
2026-07-31T19:38:44Z,21,16,0,1,2,0,1,1,1,1785526575
2026-07-31T19:38:44Z,22,31,0,32,2,0,1,1,1,1785526554
2026-07-31T19:38:44Z,23,13,9,18,0,0,1,1,1,1785526607
2026-07-31T19:38:44Z,24,7,1,3,1,0,1,1,1,1785526710
2026-07-31T19:38:44Z,25,70,8,9,2,0,1,1,1,1785526711
2026-07-31T19:38:44Z,26,27,1,0,0,0,1,1,1,1785526351
2026-07-31T19:38:44Z,28,5,0,10,0,0,1,1,1,1785526378
2026-07-31T19:38:44Z,30,11,1,17,1,0,1,1,1,1785526532
2026-07-31T19:38:44Z,31,11,3,7,1,0,1,1,1,1785526681
2026-07-31T19:38:44Z,32,12,3,15,0,0,1,1,1,1785526703
2026-07-31T19:38:44Z,34,15,2,22,0,0,1,1,1,1785526223
2026-07-31T19:38:44Z,35,27,0,18,2,0,1,1,1,1785526714
2026-07-31T19:38:44Z,36,0,0,0,0,0,0,1,1,86400
2026-07-31T19:38:44Z,37,15,4,8,0,0,1,1,1,1785526701
2026-07-31T19:38:44Z,38,12,6,11,0,0,1,1,1,1785526695
2026-07-31T19:38:44Z,39,10,2,29,0,0,1,1,1,1785526247
2026-07-31T19:38:44Z,40,10,0,10,1,0,1,1,1,1785526604
2026-07-31T19:38:44Z,41,34,3,9,0,0,1,1,1,1785526372
2026-07-31T19:38:44Z,42,4,2,27,0,0,1,1,1,1785526591
2026-07-31T19:38:44Z,43,17,3,6,0,0,1,1,1,1785526274
2026-07-31T19:38:44Z,45,20,5,9,0,0,1,1,1,1785526635
2026-07-31T19:38:44Z,46,1,1,29,1,0,1,1,1,1785526710
2026-07-31T19:38:44Z,47,1,1,13,1,0,1,1,1,1785526419
2026-07-31T19:38:44Z,48,14,0,13,0,0,1,1,1,1785526512
2026-07-31T19:38:44Z,49,2,0,17,4,0,1,1,1,1785526714
2026-07-31T19:38:44Z,50,10,7,9,0,0,1,1,1,1785526412
2026-07-31T19:38:44Z,51,51,0,26,0,0,1,1,1,1785526690
2026-07-31T19:38:44Z,52,23,2,1,3,0,1,1,1,1785526628
2026-07-31T19:38:44Z,55,7,6,16,0,0,1,1,1,1785526709
2026-07-31T19:38:44Z,56,34,0,9,0,0,1,1,1,1785526695
2026-07-31T19:38:44Z,57,3,1,24,0,0,1,1,1,1785526556
2026-07-31T19:38:44Z,58,7,3,21,0,0,1,1,1,1785526568
2026-07-31T19:38:44Z,59,7,2,18,2,0,1,1,1,1785526616
2026-07-31T19:38:44Z,61,2,0,37,0,0,1,1,1,1785525568
2026-07-31T19:38:44Z,62,16,8,31,2,0,1,1,1,1785526714
2026-07-31T19:38:44Z,63,14,0,5,0,0,1,1,1,1785526289
2026-07-31T19:38:44Z,64,13,2,2,4,0,1,1,1,1785525219
2026-07-31T19:38:44Z,65,12,3,6,1,0,1,1,1,1785525700
2026-07-31T19:38:44Z,67,20,1,18,1,0,1,1,1,1785526679
2026-07-31T19:38:44Z,68,25,2,12,0,0,1,1,1,1785526365
2026-07-31T19:38:44Z,69,6,0,9,0,0,1,1,1,1785526714
2026-07-31T19:38:44Z,71,15,5,9,3,0,1,1,1,1785526678
2026-07-31T19:38:44Z,72,25,2,2,3,1,1,1,1,1785526398
2026-07-31T19:38:44Z,73,14,0,17,0,0,1,1,1,1785526550
2026-07-31T19:38:44Z,74,2,1,17,0,0,1,1,1,1785526714
2026-07-31T19:38:44Z,75,16,0,15,1,0,1,1,1,1785526621
2026-07-31T19:38:44Z,76,8,0,9,2,0,1,1,1,1785526713
2026-07-31T19:38:44Z,77,4,0,23,0,0,1,1,1,1785526503
2026-07-31T19:38:44Z,78,7,6,16,0,0,1,1,1,1785526425
2026-07-31T19:38:44Z,79,8,1,8,1,0,1,1,1,1785526632
2026-07-31T19:38:44Z,80,11,0,9,3,0,1,1,1,1785526600
2026-07-31T19:38:44Z,81,7,0,24,0,0,1,1,1,1785526511
2026-07-31T19:38:44Z,82,19,5,3,1,0,1,1,1,1785526629
2026-07-31T19:38:44Z,83,9,4,23,2,0,1,1,1,1785526708
2026-07-31T19:38:44Z,84,4,2,23,0,0,1,1,1,1785526586
2026-07-31T19:38:44Z,85,10,2,5,0,0,1,1,1,1785525213
2026-07-31T19:38:44Z,86,5,0,22,0,0,1,1,1,1785526558
2026-07-31T19:38:44Z,87,6,0,13,0,0,1,1,1,1785524151
2026-07-31T19:38:44Z,88,9,0,33,1,0,1,1,1,1785526701
2026-07-31T19:38:44Z,89,26,0,9,0,0,1,1,1,1785526630
2026-07-31T19:38:44Z,90,0,0,17,1,0,1,1,1,1785525789
2026-07-31T19:38:44Z,91,4,0,12,1,0,1,1,1,1785526215
2026-07-31T19:38:44Z,92,5,0,11,3,0,1,1,1,1785526432
2026-07-31T19:38:44Z,93,5,0,18,0,0,1,1,1,1785526697
2026-07-31T19:38:44Z,94,13,0,5,1,0,1,1,1,1785524759
2026-07-31T19:38:44Z,95,10,0,23,1,1,1,1,1,1785526709
2026-07-31T19:38:44Z,96,15,1,15,1,0,1,1,1,1785526597
2026-07-31T19:38:44Z,97,0,0,16,1,0,1,1,1,1785526605
2026-07-31T19:38:44Z,98,33,2,2,0,0,1,1,1,1785526620
2026-07-31T19:38:44Z,99,15,0,0,0,0,1,1,1,1785526038
2026-07-31T19:38:44Z,100,2,0,25,0,0,1,1,1,1785526102
2026-07-31T19:38:44Z,101,12,0,2,1,0,1,1,1,1785526529
2026-07-31T19:38:44Z,102,2,0,21,0,0,1,1,1,1785526313
2026-07-31T19:38:44Z,103,13,1,14,3,0,1,1,1,1785526655
2026-07-31T19:38:44Z,104,8,0,17,2,0,1,1,1,1785526713
2026-07-31T19:38:44Z,105,17,0,2,0,0,1,1,1,1785526643
2026-07-31T19:38:44Z,106,4,0,17,0,0,1,1,1,1785525308
2026-07-31T19:38:44Z,107,20,5,17,0,0,1,1,1,1785526639
2026-07-31T19:38:44Z,108,4,0,29,2,0,1,1,1,1785526529
2026-07-31T19:38:44Z,109,20,2,3,0,0,1,1,1,1785526629
2026-07-31T19:38:44Z,110,8,0,15,0,0,1,1,1,1785526411
2026-07-31T19:38:44Z,111,14,2,22,0,0,1,1,1,1785526570
2026-07-31T19:38:44Z,112,0,0,14,1,0,1,1,1,1785526539
2026-07-31T19:38:44Z,113,7,0,11,1,0,1,1,1,1785526658
2026-07-31T19:38:44Z,114,20,6,9,1,1,1,1,1,1785526549
2026-07-31T19:38:44Z,115,9,4,17,2,0,1,1,1,1785526693
2026-07-31T19:38:44Z,116,20,14,6,1,0,1,1,1,1785526361
2026-07-31T19:38:44Z,118,10,0,11,2,0,1,1,1,1785526633
2026-07-31T19:38:44Z,119,0,0,36,2,0,1,1,1,1785525270
2026-07-31T19:38:44Z,120,2,1,23,2,0,1,1,1,1785526587
2026-07-31T19:38:44Z,121,0,0,18,0,1,1,1,1,1785526450
2026-07-31T19:38:44Z,122,8,0,12,1,0,1,1,1,1785526581
2026-07-31T19:38:44Z,123,30,1,17,0,0,1,1,1,1785526599
2026-07-31T19:38:44Z,124,2,0,33,0,0,1,1,1,1785526678
2026-07-31T19:38:44Z,125,9,0,13,1,0,1,1,1,1785526310
2026-07-31T19:38:44Z,126,17,0,14,0,0,1,1,1,1785525006
2026-07-31T19:38:44Z,127,15,2,19,1,0,1,1,1,1785526576
2026-07-31T19:38:44Z,128,2,1,17,0,0,1,1,1,1785526613
2026-07-31T19:38:44Z,129,1,0,16,2,0,1,1,1,1785526465
2026-07-31T19:38:44Z,130,2,0,15,0,0,1,1,1,1785526574
2026-07-31T19:38:44Z,131,3,3,8,0,0,1,1,1,1785525845
2026-07-31T19:38:44Z,132,8,5,5,1,1,1,1,1,1785525593
2026-07-31T19:38:44Z,134,19,4,0,4,0,1,1,1,1785526626
2026-07-31T19:38:44Z,135,3,0,15,1,0,1,1,1,1785526667
2026-07-31T19:38:44Z,136,1,0,15,1,6,1,1,1,1785526714
2026-07-31T19:38:44Z,137,3,2,14,2,0,1,1,1,1785526710
2026-07-31T19:38:44Z,138,11,0,26,0,0,1,1,1,1785525281
2026-07-31T19:38:44Z,139,8,0,11,0,0,1,1,1,1785526640
2026-07-31T19:38:44Z,140,3,1,19,1,0,1,1,1,1785526711
2026-07-31T19:38:44Z,141,8,0,28,0,0,1,1,1,1785526628
2026-07-31T19:38:44Z,142,4,0,19,0,0,1,1,1,1785526417
2026-07-31T19:38:44Z,143,16,3,15,0,0,1,1,1,1785526613
2026-07-31T19:38:44Z,144,2,1,25,0,0,1,1,1,1785526451
2026-07-31T19:38:44Z,146,18,2,4,1,0,1,1,1,1785526686
2026-07-31T19:38:44Z,147,6,1,11,2,0,1,1,1,1785526712
2026-07-31T19:38:44Z,148,5,0,17,5,0,1,1,1,1785526642
2026-07-31T19:38:44Z,149,1,0,26,0,0,1,1,1,1785526109
2026-07-31T19:38:44Z,150,7,0,25,3,0,1,1,1,1785526416
2026-07-31T19:38:44Z,151,4,1,19,0,0,1,1,1,1785526668
2026-07-31T19:38:44Z,152,4,0,19,3,0,1,1,1,1785526623
2026-07-31T19:38:44Z,153,0,0,25,3,0,1,1,1,1785526627
2026-07-31T19:38:44Z,154,19,0,1,3,0,1,1,1,1785526545
2026-07-31T19:38:44Z,155,1,0,12,1,0,1,1,1,1785526607
2026-07-31T19:38:44Z,156,5,0,14,0,0,1,1,1,1785526114
2026-07-31T19:38:44Z,157,5,1,19,3,0,1,1,1,1785526607
2026-07-31T19:38:44Z,158,3,0,12,1,0,1,1,1,1785526142
2026-07-31T19:38:44Z,159,5,4,12,2,0,1,1,1,1785526628
2026-07-31T19:38:44Z,160,0,0,19,0,0,1,1,1,1785526661
2026-07-31T19:38:44Z,161,3,0,19,0,0,1,1,1,1785526655
2026-07-31T19:38:44Z,162,17,5,8,2,0,1,1,1,1785526471
2026-07-31T19:38:44Z,163,2,2,28,0,1,1,1,1,1785526463
2026-07-31T19:38:44Z,164,12,0,15,0,0,1,1,1,1785526692
2026-07-31T19:38:44Z,165,29,4,2,0,0,1,1,1,1785526648
2026-07-31T19:38:44Z,166,4,3,31,4,0,1,1,1,1785526714
2026-07-31T19:38:44Z,167,7,3,15,1,0,1,1,1,1785526645
2026-07-31T19:38:44Z,168,17,8,9,1,0,1,1,1,1785526637
2026-07-31T19:38:44Z,169,14,1,7,1,1,1,1,1,1785526708
2026-07-31T19:38:44Z,170,4,1,14,1,0,1,1,1,1785526603
2026-07-31T19:38:44Z,171,8,0,3,2,0,1,1,1,1785526677
2026-07-31T19:38:44Z,173,18,3,21,0,0,1,1,1,1785526665
2026-07-31T19:38:44Z,174,3,3,23,0,0,1,1,1,1785525932
2026-07-31T19:38:44Z,175,28,0,2,1,0,1,1,1,1785526563
2026-07-31T19:38:44Z,176,13,3,0,1,1,1,1,1,1785526439
2026-07-31T19:38:44Z,177,1,1,26,0,0,1,1,1,1785526655
2026-07-31T19:38:44Z,178,11,0,1,2,1,1,1,1,1785526709
2026-07-31T19:38:44Z,179,1,0,12,2,0,1,1,1,1785526630
2026-07-31T19:38:44Z,180,5,0,25,0,0,1,1,1,1785525245
2026-07-31T19:38:44Z,181,0,0,15,0,0,1,1,1,1785526266
2026-07-31T19:38:44Z,182,7,1,10,0,0,1,1,1,1785526628
2026-07-31T19:38:44Z,183,5,4,17,1,0,1,1,1,1785526594
2026-07-31T19:38:44Z,184,21,1,0,2,0,1,1,1,1785526684
2026-07-31T19:38:44Z,185,8,4,5,1,1,1,1,1,1785526429
2026-07-31T19:38:44Z,186,0,0,19,0,0,1,1,1,1785525951
2026-07-31T19:38:44Z,187,9,0,18,1,0,1,1,1,1785526329
2026-07-31T19:38:44Z,188,3,2,16,7,1,1,1,1,1785526600
2026-07-31T19:38:44Z,189,3,2,12,0,0,1,1,1,1785526155
2026-07-31T19:38:44Z,190,14,3,9,0,0,1,1,1,1785526673
2026-07-31T19:38:44Z,191,20,8,18,1,0,1,1,1,1785526429
2026-07-31T19:38:44Z,192,2,2,26,3,0,1,1,1,1785526204
2026-07-31T19:38:44Z,193,7,4,6,2,0,1,1,1,1785526708
2026-07-31T19:38:44Z,194,8,8,19,0,0,1,1,1,1785526599
2026-07-31T19:38:44Z,195,1,1,18,0,0,1,1,1,1785526508
2026-07-31T19:38:44Z,196,10,5,16,1,0,1,1,1,1785526638
2026-07-31T19:38:44Z,197,1,0,17,0,1,1,1,1,1785526678
2026-07-31T19:38:44Z,198,11,11,11,1,0,1,1,1,1785526387
2026-07-31T19:38:44Z,199,2,1,12,1,0,1,1,1,1785526709
2026-07-31T19:38:44Z,200,18,15,6,2,0,1,1,1,1785526682
2026-07-31T19:38:44Z,201,6,1,15,2,0,1,1,1,1785526637
2026-07-31T19:38:44Z,202,14,0,13,0,0,1,1,1,1785526697
2026-07-31T19:38:44Z,203,15,0,15,1,0,1,1,1,1785525393
2026-07-31T19:38:44Z,204,25,1,9,1,0,1,1,1,1785526583
2026-07-31T19:38:44Z,205,15,1,12,0,0,1,1,1,1785526615
2026-07-31T19:38:44Z,206,1,1,14,0,0,1,1,1,1785526650
2026-07-31T19:38:44Z,207,17,2,4,0,0,1,1,1,1785526696
2026-07-31T19:38:44Z,208,4,0,23,2,0,1,1,1,1785526031
2026-07-31T19:38:44Z,209,28,3,2,1,0,1,1,1,1785526668
2026-07-31T19:38:44Z,210,2,1,23,2,0,1,1,1,1785526713
2026-07-31T19:38:44Z,211,0,0,22,1,0,1,1,1,1785526710
2026-07-31T19:38:44Z,212,13,2,21,1,0,1,1,1,1785526584
2026-07-31T19:38:44Z,213,12,3,10,1,0,1,1,1,1785526565
2026-07-31T19:38:44Z,214,13,5,32,2,0,1,1,1,1785526533
2026-07-31T19:38:44Z,215,1,0,21,1,0,1,1,1,1785526689
2026-07-31T19:38:44Z,216,1,0,17,1,0,1,1,1,1785526456
2026-07-31T19:38:44Z,217,20,2,8,1,0,1,1,1,1785526496
2026-07-31T19:38:44Z,218,17,13,18,4,0,1,1,1,1785526695
2026-07-31T19:38:44Z,219,15,0,10,1,0,1,1,1,1785526616
2026-07-31T19:38:44Z,220,5,5,36,1,1,1,1,1,1785526684
2026-07-31T19:38:44Z,221,4,1,10,1,0,1,1,1,1785526619
2026-07-31T19:38:44Z,222,1,0,18,0,0,1,1,1,1785526674
2026-07-31T19:38:44Z,223,18,1,14,3,0,1,1,1,1785526513
2026-07-31T19:38:44Z,224,0,0,21,1,0,1,1,1,1785526330
2026-07-31T19:38:44Z,225,6,1,10,3,0,1,1,1,1785526388
2026-07-31T19:38:44Z,226,0,0,30,1,0,1,1,1,1785526373
2026-07-31T19:38:44Z,227,1,1,26,0,0,1,1,1,1785526558
2026-07-31T19:38:44Z,228,9,6,10,0,0,1,1,1,1785526635
2026-07-31T19:38:44Z,230,1,1,25,0,0,1,1,1,1785526357
2026-07-31T19:38:44Z,232,0,0,16,1,0,1,1,1,1785526150
2026-07-31T19:38:44Z,233,10,4,19,2,0,1,1,1,1785526654
2026-07-31T19:38:44Z,234,4,2,9,4,2,1,1,1,1785526658
2026-07-31T19:38:44Z,236,1,0,17,1,0,1,1,1,1785526362
2026-07-31T19:38:44Z,237,13,1,9,1,0,1,1,1,1785526701
2026-07-31T19:38:44Z,239,20,9,4,3,0,1,1,1,1785526686
2026-07-31T19:38:44Z,241,0,0,22,1,0,1,1,1,1785525958
2026-07-31T19:38:44Z,242,2,0,19,2,0,1,1,1,1785526601
2026-07-31T19:38:44Z,243,13,13,15,3,0,1,1,1,1785526689
2026-07-31T19:38:44Z,244,12,4,13,2,0,1,1,1,1785526483
2026-07-31T19:38:44Z,245,6,2,17,0,0,1,1,1,1785526510
2026-07-31T19:38:44Z,246,15,3,6,2,0,1,1,1,1785526575
2026-07-31T19:38:44Z,247,3,2,18,2,0,1,1,1,1785524867
2026-07-31T19:38:44Z,248,13,3,7,3,0,1,1,1,1785526647
2026-07-31T19:38:44Z,249,17,12,1,1,0,1,1,1,1785526627
2026-07-31T19:38:44Z,250,13,5,13,1,0,1,1,1,1785526513
2026-07-31T19:38:44Z,251,16,9,7,4,0,1,1,1,1785526661
2026-07-31T19:38:44Z,253,6,0,13,0,0,1,1,1,1785526675
2026-07-31T19:38:44Z,254,4,1,38,1,0,1,1,1,1785526636
2026-07-31T19:38:44Z,255,15,0,7,0,1,1,1,1,1785526621
2026-07-31T19:38:44Z,256,4,3,17,2,0,1,1,1,1785526685
2026-07-31T19:38:44Z,257,3,1,16,0,0,1,1,1,1785526593
2026-07-31T19:38:44Z,258,11,7,8,0,0,1,1,1,1785526706
2026-07-31T19:38:44Z,259,13,0,9,0,1,1,1,1,1785525081
2026-07-31T19:38:44Z,260,3,2,14,2,0,1,1,1,1785526227
2026-07-31T19:38:44Z,261,1,0,15,2,1,1,1,1,1785526220
2026-07-31T19:38:44Z,262,8,3,14,1,0,1,1,1,1785526681
2026-07-31T19:38:44Z,263,1,0,14,0,0,1,1,1,1785526627
2026-07-31T19:38:44Z,264,2,1,16,1,0,1,1,1,1785526663
2026-07-31T19:38:44Z,265,3,0,12,0,0,1,1,1,1785526448
2026-07-31T19:38:44Z,266,0,0,17,2,0,1,1,1,1785526099
2026-07-31T19:38:44Z,267,8,4,6,1,0,1,1,1,1785526233
2026-07-31T19:38:44Z,268,17,6,6,0,0,1,1,1,1785526500
2026-07-31T19:38:44Z,269,3,2,20,0,0,1,1,1,1785526682
2026-07-31T19:38:44Z,270,5,1,21,1,0,1,1,1,1785525669
2026-07-31T19:38:44Z,271,0,0,17,2,0,1,1,1,1785526703
2026-07-31T19:38:44Z,272,5,2,18,0,0,1,1,1,1785526535
2026-07-31T19:38:44Z,273,5,2,10,0,0,1,1,1,1785524752
2026-07-31T19:38:44Z,274,4,2,12,3,0,1,1,1,1785526248
2026-07-31T19:38:44Z,275,9,0,14,0,0,1,1,1,1785526067
2026-07-31T19:38:44Z,276,0,0,26,1,0,1,1,1,1785522296
2026-07-31T19:38:44Z,277,19,10,0,4,0,1,1,1,1785526615
2026-07-31T19:38:44Z,278,11,6,16,4,0,1,1,1,1785526712
2026-07-31T19:38:44Z,279,15,1,4,0,0,1,1,1,1785526581
2026-07-31T19:38:44Z,280,7,1,21,3,0,1,1,1,1785526660
2026-07-31T19:38:44Z,281,0,0,19,0,0,1,1,1,1785526643
2026-07-31T19:38:44Z,282,8,2,10,0,0,1,1,1,1785526252
2026-07-31T19:38:44Z,283,20,0,14,1,0,1,1,1,1785526296
2026-07-31T19:38:44Z,284,1,1,32,3,0,1,1,1,1785526663
2026-07-31T19:38:44Z,285,0,0,23,0,0,1,1,1,1785526709
2026-07-31T19:38:44Z,286,2,2,21,0,0,1,1,1,1785526490
2026-07-31T19:38:44Z,287,14,2,7,2,0,1,1,1,1785526332
2026-07-31T19:38:44Z,288,3,1,15,1,0,1,1,1,1785526658
2026-07-31T19:38:44Z,289,3,3,21,3,0,1,1,1,1785526692
2026-07-31T19:38:44Z,290,5,0,33,1,0,1,1,1,1785526357
2026-07-31T19:38:44Z,291,10,0,12,1,0,1,1,1,1785526561
2026-07-31T19:38:44Z,292,15,0,8,0,0,1,1,1,1785526656
2026-07-31T19:38:44Z,293,3,3,18,2,0,1,1,1,1785525866
2026-07-31T19:38:44Z,294,7,7,14,1,0,1,1,1,1785525687
2026-07-31T19:38:44Z,297,5,0,12,1,1,1,1,1,1785526700
2026-07-31T19:38:44Z,301,13,0,6,0,0,1,1,1,1785526632
2026-07-31T19:38:44Z,302,7,0,15,1,0,1,1,1,1785525432
2026-07-31T19:38:44Z,303,0,0,19,0,0,1,1,1,1785526222
2026-07-31T19:38:44Z,304,0,0,0,0,0,0,1,1,86400
2026-07-31T19:38:44Z,305,4,0,14,1,0,1,1,1,1785526708
2026-07-31T19:38:44Z,306,2,0,29,1,0,1,1,1,1785526630
2026-07-31T19:38:44Z,307,3,0,18,1,1,1,1,1,1785526712
2026-07-31T19:38:44Z,308,16,1,0,3,0,1,1,1,1785526708
2026-07-31T19:38:44Z,309,2,2,12,0,0,1,1,1,1785526398
2026-07-31T19:38:44Z,311,5,0,10,0,0,1,1,1,1785525660
2026-07-31T19:38:44Z,312,11,8,9,3,0,1,1,1,1785526429
2026-07-31T19:38:44Z,313,5,0,10,0,0,1,1,1,1785526554
2026-07-31T19:38:44Z,314,13,7,4,2,0,1,1,1,1785526711
2026-07-31T19:38:44Z,315,10,4,19,2,0,1,1,1,1785526697
2026-07-31T19:38:44Z,316,2,0,22,6,1,1,1,1,1785526567
2026-07-31T19:38:44Z,317,10,7,19,0,2,1,1,1,1785526667
2026-07-31T19:38:44Z,318,17,0,2,0,0,1,1,1,1785526058
2026-07-31T19:38:44Z,319,15,1,6,2,0,1,1,1,1785526578
2026-07-31T19:38:44Z,320,13,2,5,1,0,1,1,1,1785526398
2026-07-31T19:38:44Z,321,3,0,12,4,0,1,1,1,1785526534
2026-07-31T19:38:44Z,322,12,0,17,0,0,1,1,1,1785526506
2026-07-31T19:38:44Z,323,7,0,12,0,0,1,1,1,1785526677
2026-07-31T19:38:44Z,324,18,1,8,1,0,1,1,1,1785526713
2026-07-31T19:38:44Z,325,0,0,25,2,0,1,1,1,1785526310
2026-07-31T19:38:44Z,327,9,0,17,1,0,1,1,1,1785526392
2026-07-31T19:38:44Z,328,7,0,14,1,0,1,1,1,1785526265
2026-07-31T19:38:44Z,329,0,0,16,3,0,1,1,1,1785526230
2026-07-31T19:38:44Z,330,17,1,5,0,0,1,1,1,1785526631
2026-07-31T19:38:44Z,331,14,1,7,2,0,1,1,1,1785526231
2026-07-31T19:38:44Z,332,1,1,16,2,0,1,1,1,1785526480
2026-07-31T19:38:44Z,333,3,3,19,1,0,1,1,1,1785526479
2026-07-31T19:38:44Z,334,7,3,16,0,0,1,1,1,1785526399
2026-07-31T19:38:44Z,335,2,1,20,0,1,1,1,1,1785526386
2026-07-31T19:38:44Z,336,1,1,18,0,0,1,1,1,1785526655
2026-07-31T19:38:44Z,337,10,3,9,4,0,1,1,1,1785526605
2026-07-31T19:38:44Z,338,4,4,15,0,0,1,1,1,1785525878
2026-07-31T19:38:44Z,339,14,12,4,5,0,1,1,1,1785526586
2026-07-31T19:38:44Z,340,1,1,13,1,0,1,1,1,1785526465
2026-07-31T19:38:44Z,341,4,4,15,0,0,1,1,1,1785526376
2026-07-31T19:38:44Z,342,2,0,13,0,0,1,1,1,1785526561
2026-07-31T19:38:44Z,343,17,3,5,1,0,1,1,1,1785525804
2026-07-31T19:38:44Z,344,2,2,21,0,0,1,1,1,1785526611
2026-07-31T19:38:44Z,345,6,0,13,0,0,1,1,1,1785526573
2026-07-31T19:38:44Z,346,4,3,19,0,0,1,1,1,1785525123
2026-07-31T19:38:44Z,347,41,3,2,1,0,1,1,1,1785526660
2026-07-31T19:38:44Z,348,12,0,10,0,1,1,1,1,1785526542
2026-07-31T19:38:44Z,349,15,3,4,0,0,1,1,1,1785526060
2026-07-31T19:38:44Z,350,0,0,25,1,1,1,1,1,1785523926
2026-07-31T19:38:44Z,351,2,0,19,2,0,1,1,1,1785526534
2026-07-31T19:38:44Z,355,2,0,21,0,0,1,1,1,1785526649
2026-07-31T19:38:44Z,356,4,0,15,0,0,1,1,1,1785525927
2026-07-31T19:38:44Z,357,3,2,16,0,0,1,1,1,1785526244
2026-07-31T19:38:44Z,358,13,2,13,1,0,1,1,1,1785526051
2026-07-31T19:38:44Z,359,11,1,16,0,0,1,1,1,1785526025
2026-07-31T19:38:44Z,360,5,3,13,1,0,1,1,1,1785526180
2026-07-31T19:38:44Z,362,4,2,14,1,0,1,1,1,1785526698
2026-07-31T19:38:44Z,363,18,2,9,0,0,1,1,1,1785526712
2026-07-31T19:38:44Z,364,4,2,15,0,0,1,1,1,1785526643
2026-07-31T19:38:44Z,365,2,1,18,3,0,1,1,1,1785526560
2026-07-31T19:38:44Z,366,5,3,17,1,0,1,1,1,1785526532
2026-07-31T19:38:44Z,367,0,0,17,2,0,1,1,1,1785526696
2026-07-31T19:38:44Z,368,0,0,22,1,0,1,1,1,1785522825
2026-07-31T19:38:44Z,370,0,0,27,0,0,1,1,1,1785524031
2026-07-31T19:38:44Z,371,1,1,17,1,0,1,1,1,1785525597
2026-07-31T19:38:44Z,372,15,1,0,0,0,1,1,1,1785526096
2026-07-31T19:38:44Z,373,0,0,27,0,0,1,1,1,1785525348
2026-07-31T19:38:44Z,374,0,0,18,1,0,1,1,1,1785525975
2026-07-31T19:38:44Z,375,15,3,10,2,0,1,1,1,1785526679
2026-07-31T19:38:44Z,376,22,2,13,4,0,1,1,1,1785526469
2026-07-31T19:38:44Z,377,2,0,25,0,0,1,1,1,1785524887
2026-07-31T19:38:44Z,378,2,1,21,0,1,1,1,1,1785526656
2026-07-31T19:38:44Z,379,9,1,16,2,0,1,1,1,1785525964
2026-07-31T19:38:44Z,380,2,0,20,1,0,1,1,1,1785526154
2026-07-31T19:38:44Z,381,3,1,20,0,0,1,1,1,1785526196
2026-07-31T19:38:44Z,383,5,0,8,2,0,1,1,1,1785526667
2026-07-31T19:38:44Z,384,8,2,16,3,0,1,1,1,1785526488
2026-07-31T19:38:44Z,385,6,5,11,1,0,1,1,1,1785526218
2026-07-31T19:38:44Z,387,7,2,16,0,0,1,1,1,1785526129
2026-07-31T19:38:44Z,388,38,3,8,3,0,1,1,1,1785526659
2026-07-31T19:38:44Z,389,0,0,14,1,0,1,1,1,1785525893
2026-07-31T19:38:44Z,390,9,0,26,0,0,1,1,1,1785526261
2026-07-31T19:38:44Z,391,2,0,13,0,0,1,1,1,1785524887
2026-07-31T19:38:44Z,392,0,0,18,1,0,1,1,1,1785526470
2026-07-31T19:38:44Z,393,2,1,6,3,0,1,1,1,1785526641
2026-07-31T19:38:44Z,394,7,1,3,3,0,1,1,1,1785526019
2026-07-31T19:38:44Z,396,25,7,15,2,0,1,1,1,1785526554
2026-07-31T19:38:44Z,397,21,9,10,0,0,1,1,1,1785525793
2026-07-31T19:38:44Z,399,4,0,10,3,0,1,1,1,1785526518
2026-07-31T19:38:44Z,400,13,8,8,2,0,1,1,1,1785525644
2026-07-31T19:38:44Z,401,1,1,30,8,0,1,1,1,1785526679
2026-07-31T19:38:44Z,403,19,3,9,3,0,1,1,1,1785526638
2026-07-31T19:38:44Z,404,6,0,17,0,0,1,1,1,1785526691
2026-07-31T19:38:44Z,406,20,5,15,0,0,1,1,1,1785526691
2026-07-31T19:38:44Z,407,2,0,31,1,0,1,1,1,1785526704
2026-07-31T19:38:44Z,408,14,2,16,3,0,1,1,1,1785526638
2026-07-31T19:38:44Z,409,16,2,4,3,0,1,1,1,1785526236
2026-07-31T19:38:44Z,413,12,3,10,1,0,1,1,1,1785526235
2026-07-31T19:38:44Z,414,6,0,9,0,0,1,1,1,1785526354
2026-07-31T19:38:44Z,417,5,3,14,0,0,1,1,1,1785526523
2026-07-31T19:38:44Z,418,5,3,10,0,0,1,1,1,1785525851
2026-07-31T19:38:44Z,419,12,2,11,0,0,1,1,1,1785526057
2026-07-31T19:38:44Z,421,2,0,17,0,0,1,1,1,1785526371
2026-07-31T19:38:44Z,422,22,5,5,0,0,1,1,1,1785526565
2026-07-31T19:38:44Z,423,1,0,21,1,0,1,1,1,1785526476
2026-07-31T19:38:44Z,424,6,2,6,2,1,1,1,1,1785526400
2026-07-31T19:38:44Z,425,2,2,18,1,1,1,1,1,1785526691
2026-07-31T19:38:44Z,426,17,1,16,4,0,1,1,1,1785526645
2026-07-31T19:38:44Z,427,7,0,5,3,0,1,1,1,1785526552
2026-07-31T19:38:44Z,428,10,1,9,0,0,1,1,1,1785526327
2026-07-31T19:38:44Z,429,16,8,5,2,0,1,1,1,1785526663
2026-07-31T19:38:44Z,430,6,2,24,1,0,1,1,1,1785526627
2026-07-31T19:38:44Z,431,2,1,30,1,0,1,1,1,1785526475
2026-07-31T19:38:44Z,432,0,0,30,1,0,0,1,1,1785508564
2026-07-31T19:38:44Z,433,2,2,18,3,0,1,1,1,1785526058
2026-07-31T19:38:44Z,437,6,4,12,1,0,1,1,1,1785526676
2026-07-31T19:38:44Z,438,17,2,1,1,0,1,1,1,1785526412
2026-07-31T19:38:44Z,439,6,4,9,0,0,1,1,1,1785526566
2026-07-31T19:38:44Z,440,15,7,0,0,0,1,1,1,1785526527
2026-07-31T19:38:44Z,441,13,3,0,2,0,1,1,1,1785526462
2026-07-31T19:38:44Z,442,6,5,12,1,0,1,1,1,1785526479
2026-07-31T19:38:44Z,443,5,2,22,0,0,1,1,1,1785512432
2026-07-31T19:38:44Z,444,7,2,16,0,0,1,1,1,1785525529
2026-07-31T19:38:44Z,445,5,2,17,1,0,1,1,1,1785526643
2026-07-31T19:38:44Z,446,1,0,21,1,0,1,1,1,1785519783
2026-07-31T19:38:44Z,447,3,0,18,1,1,1,1,1,1785496389
2026-07-31T19:38:44Z,448,7,1,7,1,0,1,1,1,1785523571
2026-07-31T19:38:44Z,452,0,0,18,1,0,1,1,1,1785526085
2026-07-31T19:38:44Z,453,7,3,5,3,0,1,1,1,1785526547
2026-07-31T19:38:44Z,454,13,0,6,0,0,1,1,1,1785525495
2026-07-31T19:38:44Z,455,0,0,39,0,0,1,1,1,1785525963
2026-07-31T19:38:44Z,456,18,2,1,1,0,1,1,1,1785526627
2026-07-31T19:38:44Z,457,22,0,0,5,0,1,1,1,1785526707
2026-07-31T19:38:44Z,458,2,0,20,1,0,1,1,1,1785526417
2026-07-31T19:38:44Z,459,7,1,8,0,0,1,1,1,1785526299
2026-07-31T19:38:44Z,460,16,1,7,0,0,1,1,1,1785526135
2026-07-31T19:38:44Z,461,14,1,5,0,0,1,1,1,1785526552
2026-07-31T19:38:44Z,462,16,2,5,0,0,1,1,1,1785526031
2026-07-31T19:38:44Z,463,8,1,11,0,0,1,1,1,1785526515
2026-07-31T19:38:44Z,464,0,0,14,0,0,1,1,1,1785526617
2026-07-31T19:38:44Z,465,3,3,12,0,0,1,1,1,1785526318
2026-07-31T19:38:44Z,466,7,1,4,4,0,1,1,1,1785525950
2026-07-31T19:38:44Z,467,5,1,14,0,0,1,1,1,1785526075
2026-07-31T19:38:44Z,468,1,0,17,1,0,1,1,1,1785526155
2026-07-31T19:38:44Z,469,18,1,3,2,0,1,1,1,1785526697
2026-07-31T19:38:44Z,470,0,0,13,2,0,1,1,1,1785526658
2026-07-31T19:38:44Z,471,27,3,0,0,0,1,1,1,1785523482
2026-07-31T19:38:44Z,472,7,1,10,2,0,1,1,1,1785526681
2026-07-31T19:38:44Z,473,6,0,13,0,0,1,1,1,1785526700
2026-07-31T19:38:44Z,474,6,0,13,0,0,1,1,1,1785526501
2026-07-31T19:38:44Z,475,2,1,16,1,0,1,1,1,1785526671
2026-07-31T19:38:44Z,477,9,0,6,0,0,1,1,1,1785526574
2026-07-31T19:38:44Z,478,13,5,17,1,0,1,1,1,1785526610
2026-07-31T19:38:44Z,479,3,1,22,2,0,1,1,1,1785525397
2026-07-31T19:38:44Z,480,2,0,11,2,0,1,1,1,1785526595
2026-07-31T19:38:44Z,481,11,1,23,1,0,1,1,1,1785526480
2026-07-31T19:38:44Z,482,4,4,15,0,0,1,1,1,1785526095
2026-07-31T19:38:44Z,483,8,1,17,2,0,1,1,1,1785526713
2026-07-31T19:38:44Z,484,1,1,16,2,0,1,1,1,1785526690
2026-07-31T19:38:44Z,485,7,0,11,0,1,1,1,1,1785526433
2026-07-31T19:38:44Z,486,0,0,24,3,0,1,1,1,1785526660
2026-07-31T19:38:44Z,487,5,3,13,1,0,1,1,1,1785526553
2026-07-31T19:38:44Z,489,7,3,8,0,0,1,1,1,1785526709
2026-07-31T19:38:44Z,490,5,1,10,1,0,1,1,1,1785525681
2026-07-31T19:38:44Z,491,7,3,14,0,0,1,1,1,1785525512
2026-07-31T19:38:44Z,492,6,4,2,3,0,1,1,1,1785526710
2026-07-31T19:38:44Z,493,21,0,6,0,0,1,1,1,1785525108
2026-07-31T19:38:44Z,495,7,0,5,3,0,1,1,1,1785526552
2026-07-31T19:38:44Z,496,1,0,26,0,0,1,1,1,1785526509
2026-07-31T19:38:44Z,497,6,2,11,2,0,1,1,1,1785526131
2026-07-31T19:38:44Z,498,8,0,15,0,0,1,1,1,1785526002
2026-07-31T19:38:44Z,499,2,0,16,1,0,1,1,1,1785526698
2026-07-31T19:38:44Z,500,0,0,11,4,0,1,1,1,1785525419
2026-07-31T19:38:44Z,501,20,3,1,0,0,1,1,1,1785525980
2026-07-31T19:38:44Z,502,14,3,5,0,0,1,1,1,1785526646
2026-07-31T19:38:44Z,503,6,4,24,1,0,1,1,1,1785526584
2026-07-31T19:38:44Z,504,4,1,35,0,0,1,1,1,1785526504
2026-07-31T19:38:44Z,505,0,0,11,1,0,1,1,1,1785526242
2026-07-31T19:38:44Z,511,1,1,21,1,0,1,1,1,1785526255
2026-07-31T19:38:44Z,512,8,0,18,1,0,1,1,1,1785526375
2026-07-31T19:38:44Z,514,1,1,9,1,0,1,1,1,1785525727
2026-07-31T19:38:44Z,515,0,0,19,0,0,1,1,1,1785525329
2026-07-31T19:38:44Z,516,12,0,15,0,0,1,1,1,1785526443
2026-07-31T19:38:44Z,517,17,3,6,0,0,1,1,1,1785526005
2026-07-31T19:38:44Z,518,8,0,6,1,0,1,1,1,1785526371
2026-07-31T19:38:44Z,519,2,1,15,2,0,1,1,1,1785526478
2026-07-31T19:38:44Z,520,17,8,4,5,1,1,1,1,1785526715
2026-07-31T19:38:44Z,521,5,2,18,0,0,1,1,1,1785526531
2026-07-31T19:38:44Z,522,1,0,20,2,0,1,1,1,1785526623
2026-07-31T19:38:44Z,523,8,4,14,1,0,1,1,1,1785525599
2026-07-31T19:38:44Z,524,9,1,14,0,0,1,1,1,1785526686
2026-07-31T19:38:44Z,525,13,0,6,0,0,1,1,1,1785525104
2026-07-31T19:38:44Z,526,5,0,10,0,0,1,1,1,1785526100
2026-07-31T19:38:44Z,527,11,8,13,2,0,1,1,1,1785526664
2026-07-31T19:38:44Z,528,16,3,5,2,0,1,1,1,1785526270
2026-07-31T19:38:44Z,529,10,4,2,7,0,1,1,1,1785526710
2026-07-31T19:38:44Z,530,11,0,9,1,0,1,1,1,1785526531
2026-07-31T19:38:44Z,531,2,0,20,0,1,1,1,1,1785526393
2026-07-31T19:38:44Z,532,26,12,4,1,0,1,1,1,1785525498
2026-07-31T19:38:44Z,533,9,0,9,1,0,1,1,1,1785526058
2026-07-31T19:38:44Z,534,0,0,23,0,0,1,1,1,1785525411
2026-07-31T19:38:44Z,535,12,1,3,0,0,1,1,1,1785525046
2026-07-31T19:38:44Z,536,11,0,12,0,0,1,1,1,1785526685
2026-07-31T19:38:44Z,537,11,0,9,0,0,1,1,1,1785526709
2026-07-31T19:38:44Z,538,2,0,19,0,2,1,1,1,1785526531
2026-07-31T19:38:44Z,539,16,8,15,0,0,1,1,1,1785526442
2026-07-31T19:38:44Z,540,5,5,14,0,0,1,1,1,1785525635
2026-07-31T19:38:44Z,541,3,2,24,0,0,1,1,1,1785526654
2026-07-31T19:38:44Z,542,1,0,21,1,0,1,1,1,1785526482
2026-07-31T19:38:44Z,543,1,0,17,1,0,1,1,1,1785525878
2026-07-31T19:38:44Z,544,5,1,13,4,0,1,1,1,1785526596
2026-07-31T19:38:44Z,545,14,2,2,3,0,1,1,1,1785526569
2026-07-31T19:38:44Z,546,5,5,14,0,0,1,1,1,1785526689
2026-07-31T19:38:44Z,547,1,0,24,0,0,1,1,1,1785526570
2026-07-31T19:38:44Z,548,4,1,19,0,0,1,1,1,1785524861
2026-07-31T19:38:44Z,549,11,0,10,2,0,1,1,1,1785526578
2026-07-31T19:38:44Z,550,6,5,13,0,0,1,1,1,1785526165
2026-07-31T19:38:44Z,551,3,2,19,1,0,1,1,1,1785525539
2026-07-31T19:38:44Z,552,6,2,21,0,0,1,1,1,1785526663
2026-07-31T19:38:44Z,553,0,0,23,0,0,1,1,1,1785526226
2026-07-31T19:38:44Z,554,7,1,12,0,0,1,1,1,1785526232
2026-07-31T19:38:44Z,555,6,1,8,1,0,1,1,1,1785526392
2026-07-31T19:38:44Z,556,18,1,3,2,0,1,1,1,1785526599
2026-07-31T19:38:44Z,557,8,5,13,2,0,1,1,1,1785526582
2026-07-31T19:38:44Z,558,30,10,7,0,0,1,1,1,1785526601
2026-07-31T19:38:44Z,559,18,3,0,1,0,1,1,1,1785526617
2026-07-31T19:38:44Z,560,9,0,18,0,0,1,1,1,1785526707
2026-07-31T19:38:44Z,561,8,3,13,2,0,1,1,1,1785526053
2026-07-31T19:38:44Z,562,15,0,15,5,0,1,1,1,1785526561
2026-07-31T19:38:44Z,563,1,0,13,0,0,1,1,1,1785526628
2026-07-31T19:38:44Z,564,1,0,17,1,0,1,1,1,1785520409
2026-07-31T19:38:44Z,565,1,0,18,0,0,1,1,1,1785526474
2026-07-31T19:38:44Z,566,2,0,16,1,0,1,1,1,1785526685
2026-07-31T19:38:44Z,567,1,1,24,2,0,1,1,1,1785526520
2026-07-31T19:38:44Z,568,8,1,10,1,0,1,1,1,1785525820
2026-07-31T19:38:44Z,569,5,2,13,1,0,1,1,1,1785526649
2026-07-31T19:38:44Z,570,2,0,15,2,0,1,1,1,1785526688
2026-07-31T19:38:44Z,571,3,1,20,0,0,1,1,1,1785526593
2026-07-31T19:38:44Z,572,2,0,16,1,0,1,1,1,1785526611
2026-07-31T19:38:44Z,573,1,0,13,1,0,1,1,1,1785526698
2026-07-31T19:38:44Z,574,4,2,11,0,0,1,1,1,1785525857
2026-07-31T19:38:44Z,575,0,0,20,1,0,1,1,1,1785526454
2026-07-31T19:38:44Z,576,3,0,15,1,0,1,1,1,1785526530
2026-07-31T19:38:44Z,577,19,2,12,0,0,1,1,1,1785526568
2026-07-31T19:38:44Z,578,0,0,22,1,0,1,1,1,1785523700
2026-07-31T19:38:44Z,579,15,0,27,1,0,1,1,1,1785526422
2026-07-31T19:38:44Z,580,2,2,27,0,0,1,1,1,1785526280
2026-07-31T19:38:44Z,581,2,0,16,1,0,1,1,1,1785526690
2026-07-31T19:38:44Z,582,25,0,33,3,0,1,1,1,1785526714
2026-07-31T19:38:44Z,583,1,0,22,0,0,1,1,1,1785525672
2026-07-31T19:38:44Z,584,10,1,6,3,0,1,1,1,1785526188
2026-07-31T19:38:44Z,585,10,0,16,0,1,1,1,1,1785526675
2026-07-31T19:38:44Z,586,26,4,7,2,0,1,1,1,1785526653
2026-07-31T19:38:44Z,587,9,0,14,1,0,1,1,1,1785526338
2026-07-31T19:38:44Z,588,12,3,4,2,1,1,1,1,1785526712
2026-07-31T19:38:44Z,589,1,0,21,0,0,1,1,1,1785525538
2026-07-31T19:38:44Z,590,3,1,28,0,0,1,1,1,1785526544
2026-07-31T19:38:44Z,591,8,0,20,2,0,1,1,1,1785526676
2026-07-31T19:38:44Z,592,0,0,23,0,0,1,1,1,1785526340
2026-07-31T19:38:44Z,593,22,1,16,0,0,1,1,1,1785526495
2026-07-31T19:38:44Z,594,7,0,13,1,0,1,1,1,1785526152
2026-07-31T19:38:44Z,595,0,0,3,0,0,0,1,1,1784046673
2026-07-31T19:38:44Z,605,0,0,2,1,0,0,1,1,1783975843
2026-07-31T19:38:44Z,606,0,0,0,0,0,0,1,1,86400
2026-07-31T19:38:44Z,607,22,2,9,1,0,1,1,1,1785526451
2026-07-31T19:38:44Z,608,20,1,28,2,0,1,1,1,1785526493
2026-07-31T19:38:44Z,609,14,11,9,0,0,1,1,1,1785526711
2026-07-31T19:38:44Z,610,17,1,17,1,0,1,1,1,1785526679
2026-07-31T19:38:44Z,611,21,3,5,1,0,1,1,1,1785526706
2026-07-31T19:38:44Z,612,7,1,8,0,0,1,1,1,1785522916
2026-07-31T19:38:44Z,613,12,4,0,3,0,1,1,1,1785521812
2026-07-31T19:38:44Z,614,8,6,16,2,1,1,1,1,1785526221
2026-07-31T19:38:44Z,617,2,0,11,2,0,1,1,1,1785526304
2026-07-31T19:38:44Z,618,12,0,2,5,0,1,1,1,1785525185
2026-07-31T19:38:44Z,619,1,1,18,0,0,1,1,1,1785526579
2026-07-31T19:38:44Z,620,8,1,19,0,0,1,1,1,1785526315
2026-07-31T19:38:44Z,621,0,0,22,1,0,1,1,1,1785526528
2026-07-31T19:38:44Z,622,16,3,6,1,0,1,1,1,1785526024
2026-07-31T19:38:44Z,623,25,10,4,1,0,1,1,1,1785526329
2026-07-31T19:38:44Z,624,1,0,14,0,0,1,1,1,1785518992
2026-07-31T19:38:44Z,625,15,3,3,3,0,1,1,1,1785526654
2026-07-31T19:38:44Z,626,37,2,8,0,2,1,1,1,1785526456
2026-07-31T19:38:44Z,627,15,4,4,0,0,1,1,1,1785526494
2026-07-31T19:38:44Z,628,5,4,13,0,1,1,1,1,1785526248
2026-07-31T19:38:44Z,629,4,2,5,2,0,1,1,1,1785526575
2026-07-31T19:38:44Z,630,0,0,23,4,0,1,1,1,1785526636
2026-07-31T19:38:44Z,631,19,11,4,0,0,1,1,1,1785526513
2026-07-31T19:38:44Z,632,18,1,3,2,0,1,1,1,1785524733
2026-07-31T19:38:44Z,633,12,3,0,3,0,1,1,1,1785526124
2026-07-31T19:38:44Z,634,11,2,8,0,0,1,1,1,1785525999
2026-07-31T19:38:44Z,635,16,0,2,1,0,1,1,1,1785526268
2026-07-31T19:38:44Z,636,7,2,8,0,0,1,1,1,1785526430
2026-07-31T19:38:44Z,637,9,3,8,2,0,1,1,1,1785526103
2026-07-31T19:38:44Z,638,5,1,12,2,0,1,1,1,1785526459
2026-07-31T19:38:44Z,639,7,1,10,2,0,1,1,1,1785501255
2026-07-31T19:38:44Z,640,14,9,8,1,0,1,1,1,1785526590
2026-07-31T19:38:44Z,641,9,0,18,0,0,1,1,1,1785526702
2026-07-31T19:38:44Z,642,8,3,3,8,0,1,1,1,1785526714
2026-07-31T19:38:44Z,643,10,0,9,8,0,1,1,1,1785526713
2026-07-31T19:38:44Z,644,13,1,1,1,0,1,1,1,1785517829
2026-07-31T19:38:44Z,645,12,1,9,1,1,1,1,1,1785525372
2026-07-31T19:38:44Z,646,2,0,16,1,0,1,1,1,1785525563
2026-07-31T19:38:44Z,647,8,0,23,0,0,1,1,1,1785526534
2026-07-31T19:38:44Z,648,2,0,16,1,0,1,1,1,1785524577
2026-07-31T19:38:44Z,649,4,4,26,1,0,1,1,1,1785526568
2026-07-31T19:38:44Z,650,5,1,9,0,0,1,1,1,1785526439
2026-07-31T19:38:44Z,651,0,0,23,0,0,1,1,1,1785525956
2026-07-31T19:38:44Z,652,1,1,19,3,0,1,1,1,1785526411
2026-07-31T19:38:44Z,653,1,0,17,1,0,1,1,1,1785526441
2026-07-31T19:38:44Z,654,3,1,12,0,0,1,1,1,1785526101
2026-07-31T19:38:44Z,655,8,4,0,4,1,1,1,1,1785526546
2026-07-31T19:38:44Z,656,2,2,17,0,0,1,1,1,1785526592
2026-07-31T19:38:44Z,657,10,4,3,2,2,1,1,1,1785526665
2026-07-31T19:38:44Z,658,8,1,2,0,0,1,1,1,1785520703
2026-07-31T19:38:44Z,659,7,4,6,2,0,1,1,1,1785526201
2026-07-31T19:38:44Z,660,26,7,1,4,0,1,1,1,1785526661
2026-07-31T19:38:44Z,661,17,4,2,0,0,1,1,1,1785526587
2026-07-31T19:38:44Z,662,6,3,14,3,0,1,1,1,1785526394
2026-07-31T19:38:44Z,663,1,1,14,0,0,1,1,1,1785526455
2026-07-31T19:38:44Z,664,10,0,15,2,0,1,1,1,1785526681
2026-07-31T19:38:44Z,665,11,4,4,0,0,1,1,1,1785525553
2026-07-31T19:38:44Z,666,4,2,8,3,0,1,1,1,1785526234
2026-07-31T19:38:44Z,667,2,0,15,2,0,1,1,1,1785526696
2026-07-31T19:38:44Z,668,0,0,19,0,0,1,1,1,1785526614
2026-07-31T19:38:44Z,669,7,3,5,2,0,1,1,1,1785526328
2026-07-31T19:38:44Z,670,18,0,6,3,0,1,1,1,1785525754
2026-07-31T19:38:44Z,671,21,6,5,1,0,1,1,1,1785526713
2026-07-31T19:38:44Z,672,2,0,17,3,1,1,1,1,1785526635
2026-07-31T19:38:44Z,673,11,0,12,0,0,1,1,1,1785526546
2026-07-31T19:38:44Z,674,9,2,12,2,0,1,1,1,1785526597
2026-07-31T19:38:44Z,675,2,1,11,2,0,1,1,1,1785525980
2026-07-31T19:38:44Z,676,5,0,16,1,0,1,1,1,1785526701
2026-07-31T19:38:44Z,681,10,5,4,0,1,1,1,1,1785526708
2026-07-31T19:38:44Z,682,5,1,14,0,0,1,1,1,1785522108
2026-07-31T19:38:44Z,683,2,2,17,0,0,1,1,1,1785519895
2026-07-31T19:38:44Z,684,3,1,24,0,0,1,1,1,1785518528
2026-07-31T19:38:44Z,685,6,0,19,1,1,1,1,1,1785525624
2026-07-31T19:38:44Z,686,9,0,15,3,0,1,1,1,1785526414
2026-07-31T19:38:44Z,687,13,1,16,1,1,1,1,1,1785526443
2026-07-31T19:38:44Z,688,11,0,1,7,0,1,1,1,1785510286
2026-07-31T19:38:44Z,692,8,3,13,0,0,1,1,1,1785526321
2026-07-31T19:38:44Z,693,6,0,2,3,0,1,1,1,1785525201
2026-07-31T19:38:44Z,694,13,7,8,0,0,1,1,1,1785526587
2026-07-31T19:38:44Z,695,8,7,15,0,0,1,1,1,1785526414
2026-07-31T19:38:44Z,696,12,8,11,0,0,1,1,1,1785526379
2026-07-31T19:38:44Z,697,14,0,9,0,0,1,1,1,1785526589
2026-07-31T19:38:44Z,698,7,0,20,0,0,1,1,1,1785526503
2026-07-31T19:38:44Z,699,7,0,7,1,0,1,1,1,1785525570
2026-07-31T19:38:44Z,700,16,1,2,1,0,1,1,1,1785526462
2026-07-31T19:38:44Z,701,12,5,7,0,0,1,1,1,1785526360
2026-07-31T19:38:44Z,702,9,3,13,1,0,1,1,1,1785526570
2026-07-31T19:38:44Z,704,2,0,13,0,0,1,1,1,1785526526
2026-07-31T19:38:44Z,705,2,1,13,0,0,1,1,1,1785526070
2026-07-31T19:38:44Z,706,4,1,9,2,0,1,1,1,1785526557
2026-07-31T19:38:44Z,707,11,1,4,0,0,1,1,1,1785525698
2026-07-31T19:38:44Z,708,5,0,13,1,0,1,1,1,1785526310
2026-07-31T19:38:44Z,709,7,3,5,3,0,1,1,1,1785525748
2026-07-31T19:38:44Z,710,0,0,19,0,0,1,1,1,1785525935
2026-07-31T19:38:44Z,711,4,1,16,3,0,1,1,1,1785525305
2026-07-31T19:38:44Z,712,7,6,8,0,0,1,1,1,1785526437
2026-07-31T19:38:44Z,713,3,1,20,0,0,1,1,1,1785526657
2026-07-31T19:38:44Z,716,4,2,11,0,0,1,1,1,1785525472
2026-07-31T19:38:44Z,717,4,2,19,2,0,1,1,1,1785526418
2026-07-31T19:38:44Z,718,11,1,2,2,0,1,1,1,1785526709
2026-07-31T19:38:44Z,719,8,1,21,0,0,1,1,1,1785526597
2026-07-31T19:38:44Z,720,0,0,19,0,0,1,1,1,1785525744
2026-07-31T19:38:44Z,721,9,0,11,3,0,1,1,1,1785526626
2026-07-31T19:38:44Z,722,6,0,9,0,0,1,1,1,1785525517
2026-07-31T19:38:44Z,723,13,2,10,0,0,1,1,1,1785525710
2026-07-31T19:38:44Z,724,6,1,17,0,0,1,1,1,1785526216
2026-07-31T19:38:44Z,725,6,2,16,1,0,1,1,1,1785526647
2026-07-31T19:38:44Z,726,6,0,11,2,0,1,1,1,1785526495
2026-07-31T19:38:44Z,727,10,5,12,1,0,1,1,1,1785526580
2026-07-31T19:38:44Z,728,10,1,4,1,0,1,1,1,1785526050
2026-07-31T19:38:44Z,729,7,0,12,0,0,1,1,1,1785526507
2026-07-31T19:38:44Z,730,1,1,11,3,0,1,1,1,1785526648
2026-07-31T19:38:44Z,731,11,3,2,2,0,1,1,1,1785525782
2026-07-31T19:38:44Z,732,6,5,9,0,0,1,1,1,1785526590
2026-07-31T19:38:44Z,733,7,0,20,0,0,1,1,1,1785526167
2026-07-31T19:38:44Z,734,7,4,7,0,0,1,1,1,1785526705
2026-07-31T19:38:44Z,735,15,8,12,0,0,1,1,1,1785526595
2026-07-31T19:38:44Z,736,12,1,6,1,0,1,1,1,1785526217
2026-07-31T19:38:44Z,737,4,2,10,0,1,1,1,1,1785526267
2026-07-31T19:38:44Z,738,13,7,6,0,0,1,1,1,1785526616
2026-07-31T19:38:44Z,739,19,0,7,1,0,1,1,1,1785526360
2026-07-31T19:38:44Z,741,9,0,14,0,0,1,1,1,1785526111
2026-07-31T19:38:44Z,742,19,4,15,1,0,1,1,1,1785526407
2026-07-31T19:38:44Z,743,7,4,11,1,0,1,1,1,1785525989
2026-07-31T19:38:44Z,744,9,1,6,0,0,1,1,1,1785525957
2026-07-31T19:38:44Z,745,12,4,7,0,0,1,1,1,1785526505
2026-07-31T19:38:44Z,746,1,0,21,1,0,1,1,1,1785526408
2026-07-31T19:38:44Z,747,0,0,4,0,0,0,1,1,1783446606
2026-07-31T19:38:44Z,748,9,1,14,0,0,1,1,1,1785525537
2026-07-31T19:38:44Z,749,9,0,13,1,0,1,1,1,1785526572
2026-07-31T19:38:44Z,750,1,0,10,0,0,1,1,1,1785526602
2026-07-31T19:38:44Z,751,22,16,0,1,0,1,1,1,1785526710
2026-07-31T19:38:44Z,752,11,0,5,1,0,1,1,1,1785526282
2026-07-31T19:38:44Z,753,6,0,9,0,0,1,1,1,1785526583
2026-07-31T19:38:44Z,754,9,3,6,0,0,1,1,1,1785526683
2026-07-31T19:38:44Z,755,7,0,15,1,0,1,1,1,1785526478
2026-07-31T19:38:44Z,756,22,21,14,1,0,1,1,1,1785526533
2026-07-31T19:38:44Z,757,7,7,12,0,0,1,1,1,1785526055
2026-07-31T19:38:44Z,758,3,2,20,0,0,1,1,1,1785526609
2026-07-31T19:38:44Z,759,0,0,0,0,0,1,1,1,86400
2026-07-31T19:38:44Z,760,9,3,10,0,0,1,1,1,1785526292
2026-07-31T19:38:44Z,761,10,1,12,1,0,1,1,1,1785526540
2026-07-31T19:38:44Z,762,4,3,6,5,0,1,1,1,1785525775
2026-07-31T19:38:44Z,768,8,0,8,3,0,1,1,1,1785526691
2026-07-31T19:38:44Z,769,5,4,12,2,0,1,1,1,1785526404
2026-07-31T19:38:44Z,770,6,2,11,2,0,1,1,1,1785526301
2026-07-31T19:38:44Z,771,12,2,2,1,0,1,1,1,1785525745
2026-07-31T19:38:44Z,772,7,0,8,0,0,1,1,1,1785526314
2026-07-31T19:38:44Z,773,18,5,1,0,0,1,1,1,1785526211
2026-07-31T19:38:44Z,774,6,2,4,5,0,1,1,1,1785526086
2026-07-31T19:38:44Z,775,8,1,9,1,1,1,1,1,1785523731
2026-07-31T19:38:44Z,776,3,1,17,1,0,1,1,1,1785526566
2026-07-31T19:38:44Z,777,12,4,3,0,0,1,1,1,1785526309
2026-07-31T19:38:44Z,778,13,0,3,3,0,1,1,1,1785526513
2026-07-31T19:38:44Z,779,6,0,12,1,0,1,1,1,1785525454
2026-07-31T19:38:44Z,780,9,4,10,0,0,1,1,1,1785526680
2026-07-31T19:38:44Z,781,2,1,7,2,0,1,1,1,1785526077
2026-07-31T19:38:44Z,782,1,0,14,4,0,1,1,1,1785526002
2026-07-31T19:38:44Z,783,8,1,11,0,0,1,1,1,1785525239
2026-07-31T19:38:44Z,784,4,0,15,0,0,1,1,1,1785526671
2026-07-31T19:38:44Z,785,9,1,4,6,0,1,1,1,1785525462
2026-07-31T19:38:44Z,786,10,5,9,0,0,1,1,1,1785525117
2026-07-31T19:38:44Z,787,6,3,8,1,0,1,1,1,1785526506
2026-07-31T19:38:44Z,788,2,0,13,0,0,1,1,1,1785525727
2026-07-31T19:38:44Z,789,7,2,4,4,0,1,1,1,1785525935
2026-07-31T19:38:44Z,790,5,1,18,0,0,1,1,1,1785526431
2026-07-31T19:38:44Z,791,7,0,11,0,1,1,1,1,1785526040
2026-07-31T19:38:44Z,793,4,0,10,1,0,1,1,1,1785526060
2026-07-31T19:38:44Z,794,24,7,3,2,0,1,1,1,1785526709
2026-07-31T19:38:44Z,796,3,2,15,1,0,1,1,1,1785526438
2026-07-31T19:38:44Z,797,6,2,9,0,0,1,1,1,1785525920
2026-07-31T19:38:44Z,798,10,0,13,2,0,1,1,1,1785526607
2026-07-31T19:38:44Z,799,12,2,3,4,0,1,1,1,1785525896
2026-07-31T19:38:44Z,800,4,0,16,1,0,1,1,1,1785526711
2026-07-31T19:38:44Z,801,6,1,11,4,0,1,1,1,1785526030
2026-07-31T19:38:44Z,802,8,0,23,0,0,1,1,1,1785526150
2026-07-31T19:38:44Z,803,0,0,15,0,0,1,1,1,1785525695
2026-07-31T19:38:44Z,806,1,0,13,1,0,1,1,1,1785526582
2026-07-31T19:38:44Z,807,19,9,4,2,0,1,1,1,1785526398
2026-07-31T19:38:44Z,808,20,6,2,3,0,1,1,1,1785525702
2026-07-31T19:38:44Z,809,3,0,19,1,0,1,1,1,1785525935
2026-07-31T19:38:44Z,810,4,2,13,2,0,1,1,1,1785526311
2026-07-31T19:38:44Z,815,4,2,6,4,1,1,1,1,1785526698
2026-07-31T19:38:44Z,817,13,7,2,0,0,1,1,1,1785525854
2026-07-31T19:38:44Z,818,4,0,19,0,0,1,1,1,1785526626
2026-07-31T19:38:44Z,819,10,4,5,0,0,1,1,1,1785525935
2026-07-31T19:38:44Z,820,9,1,8,0,0,1,1,1,1785526365
2026-07-31T19:38:44Z,821,3,2,12,0,0,1,1,1,1785526028
2026-07-31T19:38:44Z,822,5,0,16,2,0,1,1,1,1785526673
2026-07-31T19:38:44Z,823,14,2,1,0,0,1,1,1,1785526309
2026-07-31T19:38:44Z,824,12,3,6,1,0,1,1,1,1785526686
2026-07-31T19:38:44Z,825,7,5,8,0,0,1,1,1,1785521169
2026-07-31T19:38:44Z,826,9,1,8,2,0,1,1,1,1785526119
2026-07-31T19:38:44Z,827,17,3,2,2,0,1,1,1,1785526441
2026-07-31T19:38:44Z,828,10,0,6,2,0,1,1,1,1785526278
2026-07-31T19:38:44Z,829,16,5,11,0,0,1,1,1,1785525380
2026-07-31T19:38:44Z,830,14,0,8,1,0,1,1,1,1785526395
2026-07-31T19:38:44Z,831,6,3,7,2,0,1,1,1,1785526099
2026-07-31T19:38:44Z,832,8,2,7,3,0,1,1,1,1785526056
2026-07-31T19:38:44Z,833,2,1,16,1,0,1,1,1,1785526230
2026-07-31T19:38:44Z,834,17,1,5,2,0,1,1,1,1785526694
2026-07-31T19:38:44Z,835,1,1,16,1,0,1,1,1,1785526319
2026-07-31T19:38:44Z,838,6,1,8,1,0,1,1,1,1785526712
2026-07-31T19:38:44Z,839,20,0,6,3,0,1,1,1,1785526690
2026-07-31T19:38:44Z,840,1,0,27,1,0,1,1,1,1785526474
2026-07-31T19:38:44Z,841,7,1,8,0,0,1,1,1,1785525509
2026-07-31T19:38:44Z,842,2,0,21,0,0,1,1,1,1785525356
2026-07-31T19:38:44Z,843,11,0,20,0,0,1,1,1,1785525707
2026-07-31T19:38:44Z,844,5,0,18,0,0,1,1,1,1785525594
2026-07-31T19:38:44Z,845,4,3,13,2,0,1,1,1,1785525707
2026-07-31T19:38:44Z,846,3,1,15,1,0,1,1,1,1785526659
2026-07-31T19:38:44Z,847,6,1,20,1,0,1,1,1,1785526555
2026-07-31T19:38:44Z,848,5,4,13,1,0,1,1,1,1785526667
2026-07-31T19:38:44Z,849,7,0,7,1,0,1,1,1,1785526501
2026-07-31T19:38:44Z,850,4,0,6,1,0,1,1,1,1785526661
2026-07-31T19:38:44Z,851,3,3,31,3,0,1,1,1,1785526643
2026-07-31T19:38:44Z,852,11,6,8,0,0,1,1,1,1785525393
2026-07-31T19:38:44Z,853,12,5,11,0,0,1,1,1,1785526356
2026-07-31T19:38:44Z,854,3,2,12,0,0,1,1,1,1785526328
2026-07-31T19:38:44Z,855,27,0,0,0,0,1,1,1,1785524493
2026-07-31T19:38:44Z,857,13,6,4,2,0,1,1,1,1785526376
2026-07-31T19:38:44Z,858,5,2,13,1,0,1,1,1,1785526107
2026-07-31T19:38:44Z,859,7,0,13,1,0,1,1,1,1785526300
2026-07-31T19:38:44Z,861,7,0,3,1,0,1,1,1,1785506303
2026-07-31T19:38:44Z,862,4,2,11,0,0,1,1,1,1785525491
2026-07-31T19:38:44Z,863,12,0,6,1,0,1,1,1,1785526704
2026-07-31T19:38:44Z,866,12,3,7,0,0,1,1,1,1785525860
2026-07-31T19:38:44Z,867,14,2,1,0,0,1,1,1,1785525096
2026-07-31T19:38:44Z,868,8,0,7,0,0,1,1,1,1785526551
2026-07-31T19:38:44Z,870,9,6,6,0,0,1,1,1,1785525568
2026-07-31T19:38:44Z,871,0,0,10,1,0,1,1,1,1785526714
2026-07-31T19:38:44Z,872,0,0,14,1,0,1,1,1,1785525477
2026-07-31T19:38:44Z,873,22,2,10,1,0,1,1,1,1785526398
2026-07-31T19:38:44Z,874,2,0,10,3,0,1,1,1,1785525825
2026-07-31T19:38:44Z,875,10,7,4,1,0,1,1,1,1785526589
2026-07-31T19:38:44Z,877,13,12,6,0,0,1,1,1,1785525154
2026-07-31T19:38:44Z,878,3,3,16,0,0,1,1,1,1785525728
2026-07-31T19:38:44Z,879,3,1,16,0,0,1,1,1,1785526614
2026-07-31T19:38:44Z,880,0,0,22,1,0,1,1,1,1785526587
2026-07-31T19:38:44Z,881,2,0,17,0,0,1,1,1,1785525590
2026-07-31T19:38:44Z,882,9,4,9,1,0,1,1,1,1785513298
2026-07-31T19:38:44Z,883,9,4,10,0,0,1,1,1,1785525795
2026-07-31T19:38:44Z,884,10,6,11,0,0,1,1,1,1785525169
2026-07-31T19:38:44Z,885,0,0,19,0,0,1,1,1,1785525393
2026-07-31T19:38:44Z,886,11,0,18,0,0,1,1,1,1785526676
2026-07-31T19:38:44Z,887,6,3,8,3,0,1,1,1,1785526386
2026-07-31T19:38:44Z,888,7,1,32,1,1,1,1,1,1785526701
2026-07-31T19:38:44Z,889,1,0,16,2,0,1,1,1,1785526152
2026-07-31T19:38:44Z,890,7,4,8,0,0,1,1,1,1785526182
2026-07-31T19:38:44Z,891,20,0,2,1,0,1,1,1,1785526192
2026-07-31T19:38:44Z,892,9,1,6,0,0,1,1,1,1785523247
2026-07-31T19:38:44Z,895,2,0,17,0,0,1,1,1,1785526379
2026-07-31T19:38:44Z,896,9,0,26,0,0,1,1,1,1785526343
2026-07-31T19:38:44Z,897,12,1,9,0,0,1,1,1,1785525625
2026-07-31T19:38:44Z,898,4,1,15,0,0,1,1,1,1785525312
2026-07-31T19:38:44Z,899,1,0,17,1,0,1,1,1,1785526597
2026-07-31T19:38:44Z,900,2,0,25,0,0,1,1,1,1785526609
2026-07-31T19:38:44Z,901,1,0,17,1,0,1,1,1,1785526464
2026-07-31T19:38:44Z,902,3,1,12,0,0,1,1,1,1785525223
2026-07-31T19:38:44Z,903,4,0,14,1,0,1,1,1,1785526596
2026-07-31T19:38:44Z,904,10,5,8,1,0,1,1,1,1785525713
2026-07-31T19:38:44Z,905,9,4,17,1,0,1,1,1,1785525298
2026-07-31T19:38:44Z,906,13,3,13,1,0,1,1,1,1785526284
2026-07-31T19:38:44Z,907,10,2,21,0,0,1,1,1,1785526714
2026-07-31T19:38:44Z,908,8,0,15,0,0,1,1,1,1785525722
2026-07-31T19:38:44Z,909,6,6,17,0,0,1,1,1,1785526669
2026-07-31T19:38:44Z,910,22,0,9,0,0,1,1,1,1785526671
2026-07-31T19:38:44Z,911,4,1,15,0,0,1,1,1,1785526340
2026-07-31T19:38:44Z,912,18,1,4,1,0,1,1,1,1785526667
2026-07-31T19:38:44Z,913,7,3,12,0,0,1,1,1,1785526240
2026-07-31T19:38:44Z,914,11,0,8,0,0,1,1,1,1785526580
2026-07-31T19:38:44Z,915,19,2,2,2,0,1,1,1,1785526632
2026-07-31T19:38:44Z,916,2,0,20,1,0,1,1,1,1785526523
2026-07-31T19:38:44Z,917,14,0,19,2,0,1,1,1,1785526651
2026-07-31T19:38:44Z,918,14,1,2,3,0,1,1,1,1785526418
2026-07-31T19:38:44Z,919,12,0,27,0,0,1,1,1,1785526617
2026-07-31T19:38:44Z,920,7,2,12,0,0,1,1,1,1785526027
2026-07-31T19:38:44Z,921,16,1,5,0,0,1,1,1,1785526482
2026-07-31T19:38:44Z,922,1,1,20,0,0,1,1,1,1785526249
2026-07-31T19:38:44Z,923,2,2,16,1,0,1,1,1,1785526632
2026-07-31T19:38:44Z,924,7,0,13,1,0,1,1,1,1785526413
2026-07-31T19:38:44Z,925,12,0,9,0,0,1,1,1,1785525913
2026-07-31T19:38:44Z,926,3,1,18,0,0,1,1,1,1785525999
2026-07-31T19:38:44Z,927,28,1,6,1,0,1,1,1,1785526539
2026-07-31T19:38:44Z,928,0,0,19,0,0,0,1,1,1785500252
2026-07-31T19:38:44Z,929,20,2,3,0,0,1,1,1,1785526474
2026-07-31T19:38:44Z,930,1,0,29,1,0,1,1,1,1785526689
2026-07-31T19:38:44Z,931,2,2,21,0,0,1,1,1,1785526556
2026-07-31T19:38:44Z,932,4,0,13,2,0,1,1,1,1785526715
2026-07-31T19:38:44Z,933,11,0,11,1,0,1,1,1,1785526708
2026-07-31T19:38:44Z,934,20,0,10,1,0,1,1,1,1785525851
2026-07-31T19:38:44Z,935,13,0,5,1,0,1,1,1,1785526537
2026-07-31T19:38:44Z,936,13,1,6,0,0,1,1,1,1785526217
2026-07-31T19:38:44Z,940,1,1,9,1,0,1,1,1,1785525676
2026-07-31T19:38:44Z,941,11,0,12,2,0,1,1,1,1785526654
2026-07-31T19:38:44Z,942,15,1,6,0,0,1,1,1,1785526507
2026-07-31T19:38:44Z,943,8,8,7,0,0,1,1,1,1785525564
2026-07-31T19:38:44Z,944,10,8,5,0,0,1,1,1,1785525406
2026-07-31T19:38:44Z,945,10,8,5,0,0,1,1,1,1785524928
2026-07-31T19:38:44Z,946,7,5,12,0,0,1,1,1,1785523835
2026-07-31T19:38:44Z,947,7,5,10,0,0,1,1,1,1785525426
2026-07-31T19:38:44Z,948,20,9,7,4,0,1,1,1,1785526600
2026-07-31T19:38:44Z,949,7,5,8,0,0,1,1,1,1785526588
2026-07-31T19:38:44Z,950,0,0,16,1,0,1,1,1,1785526131
2026-07-31T19:38:44Z,951,17,5,6,0,0,1,1,1,1785525703
2026-07-31T19:38:44Z,952,20,4,34,1,0,1,1,1,1785526570
2026-07-31T19:38:44Z,953,1,0,13,1,0,1,1,1,1785526499
2026-07-31T19:38:44Z,954,2,0,17,0,0,1,1,1,1785526115
2026-07-31T19:38:44Z,955,9,3,12,5,1,1,1,1,1785526409
2026-07-31T19:38:44Z,956,9,1,12,2,0,1,1,1,1785526357
2026-07-31T19:38:44Z,957,7,0,21,1,0,1,1,1,1785526509
2026-07-31T19:38:44Z,958,3,0,27,1,0,1,1,1,1785526714
2026-07-31T19:38:44Z,959,5,3,17,1,0,1,1,1,1785526700
2026-07-31T19:38:44Z,960,5,2,18,0,0,1,1,1,1785526269
2026-07-31T19:38:44Z,961,6,1,14,3,0,1,1,1,1785526549
2026-07-31T19:38:44Z,962,9,3,23,3,0,1,1,1,1785526569
2026-07-31T19:38:44Z,963,7,0,15,1,0,1,1,1,1785526539
2026-07-31T19:38:44Z,964,4,3,19,0,0,1,1,1,1785526600
2026-07-31T19:38:44Z,965,11,6,15,1,0,1,1,1,1785525814
2026-07-31T19:38:44Z,966,22,0,7,2,0,1,1,1,1785526295
2026-07-31T19:38:44Z,967,0,0,19,2,0,1,1,1,1785526582
2026-07-31T19:38:44Z,968,11,0,7,1,0,1,1,1,1785526512
2026-07-31T19:38:44Z,969,2,0,23,2,0,1,1,1,1785526547
2026-07-31T19:38:44Z,970,1,0,16,2,0,1,1,1,1785526076
2026-07-31T19:38:44Z,971,2,0,20,1,0,1,1,1,1785526638
2026-07-31T19:38:44Z,972,10,3,12,1,0,1,1,1,1785526189
2026-07-31T19:38:44Z,973,7,2,15,1,0,1,1,1,1785526532
2026-07-31T19:38:44Z,974,22,0,5,0,0,1,1,1,1785526196
2026-07-31T19:38:44Z,977,5,0,14,2,0,1,1,1,1785525680
2026-07-31T19:38:44Z,978,18,0,5,0,0,1,1,1,1785526582
2026-07-31T19:38:44Z,979,7,1,10,0,0,1,1,1,1785526041
2026-07-31T19:38:44Z,980,11,0,9,1,0,1,1,1,1785526545
2026-07-31T19:38:44Z,981,5,0,16,0,0,1,1,1,1785526577
2026-07-31T19:38:44Z,982,3,1,15,1,0,1,1,1,1785525478
2026-07-31T19:38:44Z,983,5,3,18,0,0,1,1,1,1785525937
2026-07-31T19:38:44Z,984,6,0,17,0,0,1,1,1,1785525239
2026-07-31T19:38:44Z,985,5,0,26,0,0,1,1,1,1785526706
2026-07-31T19:38:44Z,986,3,0,16,0,0,1,1,1,1785525480
2026-07-31T19:38:44Z,987,6,0,17,0,0,1,1,1,1785526051
2026-07-31T19:38:44Z,988,7,3,12,0,0,1,1,1,1785525649
2026-07-31T19:38:44Z,989,9,4,10,0,0,1,1,1,1785526447
2026-07-31T19:38:44Z,990,10,0,4,1,0,1,1,1,1785526414
2026-07-31T19:38:44Z,991,9,0,9,1,0,1,1,1,1785525379
2026-07-31T19:38:44Z,992,9,5,14,0,0,1,1,1,1785526264
2026-07-31T19:38:44Z,993,6,3,20,1,0,1,1,1,1785526533
2026-07-31T19:38:44Z,994,0,0,21,0,0,1,1,1,1785526505
2026-07-31T19:38:44Z,995,6,0,21,0,0,1,1,1,1785526626
2026-07-31T19:38:44Z,996,8,2,15,0,0,1,1,1,1785525550
2026-07-31T19:38:44Z,997,5,4,6,9,3,1,1,1,1785526005
2026-07-31T19:38:44Z,998,5,4,18,0,0,1,1,1,1785525810
2026-07-31T19:38:44Z,999,4,1,15,1,1,1,1,1,1785525524
2026-07-31T19:38:44Z,1000,3,1,18,0,0,1,1,1,1785526358
2026-07-31T19:38:44Z,1001,5,3,22,0,0,1,1,1,1785525868
2026-07-31T19:38:44Z,1002,2,2,28,1,0,1,1,1,1785525895
2026-07-31T19:38:44Z,1003,0,0,23,0,0,1,1,1,1785525450
2026-07-31T19:38:44Z,1004,9,2,14,0,0,1,1,1,1785524927
2026-07-31T19:38:44Z,1005,18,1,5,0,0,1,1,1,1785525640
2026-07-31T19:38:44Z,1006,7,4,12,0,0,1,1,1,1785525877
2026-07-31T19:38:44Z,1007,1,1,20,0,0,1,1,1,1785525092
2026-07-31T19:38:44Z,1008,8,7,15,0,0,1,1,1,1785526440
2026-07-31T19:38:44Z,1009,22,5,8,1,0,1,1,1,1785526359
2026-07-31T19:38:44Z,1010,8,2,19,0,0,1,1,1,1785525345
2026-07-31T19:38:44Z,1011,6,2,11,2,0,1,1,1,1785525821
2026-07-31T19:38:44Z,1012,5,3,16,2,0,1,1,1,1785525411
2026-07-31T19:38:44Z,1013,4,1,18,1,0,1,1,1,1785525862
2026-07-31T19:38:44Z,1014,9,4,14,0,0,1,1,1,1785525935
2026-07-31T19:38:44Z,1015,4,3,26,1,0,1,1,1,1785526271
2026-07-31T19:38:44Z,1016,10,5,21,0,0,1,1,1,1785525347
2026-07-31T19:38:44Z,1017,14,5,7,0,0,1,1,1,1785526621
2026-07-31T19:38:44Z,1018,7,3,15,0,0,1,1,1,1785525490
2026-07-31T19:38:44Z,1019,8,5,7,0,0,1,1,1,1785525366
2026-07-31T19:38:44Z,1020,19,5,2,0,0,1,1,1,1785526486
2026-07-31T19:38:44Z,1021,9,4,6,0,0,1,1,1,1785526167
2026-07-31T19:38:44Z,1022,14,0,13,0,0,1,1,1,1785525617
2026-07-31T19:38:44Z,1023,14,2,9,0,0,1,1,1,1785525241
2026-07-31T19:38:44Z,1024,8,4,11,0,0,1,1,1,1785526666
2026-07-31T19:38:44Z,1025,4,0,14,0,1,1,1,1,1785525594
2026-07-31T19:38:44Z,1026,12,9,18,1,0,1,1,1,1785526518
2026-07-31T19:38:44Z,1028,3,1,20,0,0,1,1,1,1785525585
2026-07-31T19:38:44Z,1029,12,10,3,0,0,1,1,1,1785526475
2026-07-31T19:38:44Z,1030,13,4,10,0,0,1,1,1,1785526279
2026-07-31T19:38:44Z,1031,9,1,10,0,0,1,1,1,1785526593
2026-07-31T19:38:44Z,1032,7,1,12,0,0,1,1,1,1785525448
2026-07-31T19:38:44Z,1033,9,5,10,0,0,1,1,1,1785526694
2026-07-31T19:38:44Z,1034,4,1,11,0,0,1,1,1,1785525434
2026-07-31T19:38:44Z,1035,1,0,17,1,0,1,1,1,1785526187
2026-07-31T19:38:44Z,1036,12,0,3,0,0,1,1,1,1785526013
2026-07-31T19:38:44Z,1037,3,1,15,1,0,1,1,1,1785526530
2026-07-31T19:38:44Z,1038,1,0,14,0,0,1,1,1,1785525126
2026-07-31T19:38:44Z,1039,7,1,12,0,0,1,1,1,1785525601
2026-07-31T19:38:44Z,1040,8,5,11,0,0,1,1,1,1785525499
2026-07-31T19:38:44Z,1041,11,3,8,0,0,1,1,1,1785525369
2026-07-31T19:38:44Z,1042,14,2,0,1,0,1,1,1,1785525546
2026-07-31T19:38:44Z,1043,10,4,8,1,0,1,1,1,1785525528
2026-07-31T19:38:44Z,1044,1,0,14,0,0,1,1,1,1785525181
2026-07-31T19:38:44Z,1045,9,0,10,0,0,1,1,1,1785525432
2026-07-31T19:38:44Z,1046,9,0,6,0,0,1,1,1,1785526620
2026-07-31T19:38:44Z,1047,4,0,17,0,0,1,1,1,1785526216
2026-07-31T19:38:44Z,1048,5,0,14,0,0,1,1,1,1785525411
2026-07-31T19:38:44Z,1049,0,0,21,0,0,1,1,1,1785525512
2026-07-31T19:38:44Z,1050,16,4,5,0,0,1,1,1,1785526613
2026-07-31T19:38:44Z,1051,8,2,13,0,0,1,1,1,1785526484
2026-07-31T19:38:44Z,1052,16,1,5,1,0,1,1,1,1785525300
2026-07-31T19:38:44Z,1053,2,1,13,0,0,1,1,1,1785526073
2026-07-31T19:38:44Z,1054,15,1,0,0,0,1,1,1,1785525566
2026-07-31T19:38:44Z,1055,8,1,11,0,0,1,1,1,1785525580
2026-07-31T19:38:44Z,1057,12,3,7,0,0,1,1,1,1785526262
2026-07-31T19:38:44Z,1058,22,5,33,1,0,1,1,1,1785526710
2026-07-31T19:38:44Z,1059,1,0,17,1,0,1,1,1,1785525441
2026-07-31T19:38:44Z,1060,35,0,2,0,0,1,1,1,1785526560
2026-07-31T19:38:44Z,1061,34,0,2,1,0,1,1,1,1785526324
2026-07-31T19:38:44Z,1062,17,0,0,0,0,1,1,1,1785526089
2026-07-31T19:38:44Z,1063,12,1,6,1,0,1,1,1,1785525489
2026-07-31T19:38:44Z,1064,3,0,19,1,0,1,1,1,1785525851
2026-07-31T19:38:44Z,1065,16,3,7,0,0,1,1,1,1785526099
2026-07-31T19:38:44Z,1066,11,2,12,0,0,1,1,1,1785525969
2026-07-31T19:38:44Z,1067,8,2,13,2,0,1,1,1,1785526194
2026-07-31T19:38:44Z,1068,6,2,14,3,0,1,1,1,1785525723
2026-07-31T19:38:44Z,1069,12,3,11,0,0,1,1,1,1785525732
2026-07-31T19:38:44Z,1070,12,2,11,0,0,1,1,1,1785525833
2026-07-31T19:38:44Z,1071,8,4,15,0,0,1,1,1,1785526541
2026-07-31T19:38:44Z,1072,11,1,11,1,0,1,1,1,1785526275
2026-07-31T19:38:44Z,1073,1,1,26,0,0,1,1,1,1785526026
2026-07-31T19:38:44Z,1074,3,0,49,1,0,1,1,1,1785526701
2026-07-31T19:38:44Z,1075,8,8,13,0,0,1,1,1,1785525236
2026-07-31T19:38:44Z,1076,16,13,5,0,0,1,1,1,1785526502
2026-07-31T19:38:44Z,1077,11,7,9,1,0,1,1,1,1785526143
2026-07-31T19:38:44Z,1078,10,9,11,0,0,1,1,1,1785526674
2026-07-31T19:38:44Z,1079,12,8,9,0,0,1,1,1,1785525343
2026-07-31T19:38:44Z,1080,10,8,9,2,0,1,1,1,1785525270
2026-07-31T19:38:44Z,1081,14,8,5,0,0,1,1,1,1785526280
2026-07-31T19:38:44Z,1082,12,11,11,0,0,1,1,1,1785525349
2026-07-31T19:38:44Z,1083,12,11,9,0,0,1,1,1,1785525612
2026-07-31T19:38:44Z,1084,9,8,12,0,0,1,1,1,1785525228
2026-07-31T19:38:44Z,1085,14,8,7,0,0,1,1,1,1785524925
2026-07-31T19:38:44Z,1086,15,11,5,1,0,1,1,1,1785525619
2026-07-31T19:38:44Z,1087,6,6,9,0,0,1,1,1,1785526533
2026-07-31T19:38:44Z,1088,9,7,6,0,0,1,1,1,1785525492
2026-07-31T19:38:44Z,1089,5,2,10,0,0,1,1,1,1785525826
2026-07-31T19:38:44Z,1090,7,6,8,0,0,1,1,1,1785526244
2026-07-31T19:38:44Z,1091,5,3,10,0,0,1,1,1,1785526446
2026-07-31T19:38:44Z,1092,10,9,5,0,0,1,1,1,1785525826
2026-07-31T19:38:44Z,1093,5,5,9,1,0,1,1,1,1785526529
2026-07-31T19:38:44Z,1094,11,10,8,0,0,1,1,1,1785525444
2026-07-31T19:38:44Z,1095,9,8,6,0,0,1,1,1,1785525425
2026-07-31T19:38:44Z,1096,3,1,15,1,0,1,1,1,1785525817
2026-07-31T19:38:44Z,1097,8,8,7,0,0,1,1,1,1785526013
2026-07-31T19:38:44Z,1098,9,7,10,0,0,1,1,1,1785525045
2026-07-31T19:38:44Z,1099,7,6,8,0,0,1,1,1,1785525278
2026-07-31T19:38:44Z,1100,5,3,24,0,0,1,1,1,1785521793
2026-07-31T19:38:44Z,1101,10,5,11,0,0,1,1,1,1785525200
2026-07-31T19:38:44Z,1102,9,4,4,0,0,1,1,1,1785526229
2026-07-31T19:38:44Z,1103,11,5,10,0,0,1,1,1,1785503681
2026-07-31T19:38:44Z,1104,11,6,10,0,0,1,1,1,1785524951
2026-07-31T19:38:44Z,1105,8,4,5,0,0,1,1,1,1785526113
2026-07-31T19:38:44Z,1106,10,5,11,0,0,1,1,1,1785525291
2026-07-31T19:38:44Z,1107,9,5,6,0,0,1,1,1,1785525544
2026-07-31T19:38:44Z,1108,8,4,16,2,1,1,1,1,1785526124
2026-07-31T19:38:44Z,1109,8,4,7,0,0,1,1,1,1785525488
2026-07-31T19:38:44Z,1110,8,0,13,0,0,1,1,1,1785526632
2026-07-31T19:38:44Z,1111,8,6,12,1,0,1,1,1,1785526112
2026-07-31T19:38:44Z,1112,29,1,24,0,0,1,1,1,1785526703
2026-07-31T19:38:44Z,1113,4,0,17,0,0,1,1,1,1785526555
2026-07-31T19:38:44Z,1115,13,2,6,4,0,1,1,1,1785526011
2026-07-31T19:38:44Z,1116,2,1,17,0,0,1,1,1,1785525468
2026-07-31T19:38:44Z,1117,7,2,14,2,0,1,1,1,1785526418
2026-07-31T19:38:44Z,1118,6,0,15,0,0,1,1,1,1785526582
2026-07-31T19:38:44Z,1119,6,0,11,0,0,1,1,1,1785526649
2026-07-31T19:38:44Z,1120,9,0,9,1,0,1,1,1,1785525559
2026-07-31T19:38:44Z,1121,11,0,9,1,0,1,1,1,1785526344
2026-07-31T19:38:44Z,1122,4,4,15,2,0,1,1,1,1785526715
2026-07-31T19:38:44Z,1123,12,8,9,2,0,1,1,1,1785526526
2026-07-31T19:38:44Z,1124,1,0,12,2,0,1,1,1,1785526499
2026-07-31T19:38:44Z,1125,14,2,9,0,0,1,1,1,1785525868
2026-07-31T19:38:44Z,1126,8,0,13,0,0,1,1,1,1785526597
2026-07-31T19:38:44Z,1127,5,2,13,1,0,1,1,1,1785526290
2026-07-31T19:38:44Z,1128,1,0,14,0,0,1,1,1,1785525442
2026-07-31T19:38:44Z,1129,1,0,19,1,0,1,1,1,1785525681
2026-07-31T19:38:44Z,1130,3,0,11,1,0,1,1,1,1785526395
2026-07-31T19:38:44Z,1131,10,4,38,1,0,1,1,1,1785526477
2026-07-31T19:38:44Z,1132,10,5,10,1,0,1,1,1,1785526364
2026-07-31T19:38:44Z,1133,6,4,13,2,0,1,1,1,1785526709
2026-07-31T19:38:44Z,1134,11,5,8,0,0,1,1,1,1785525978
2026-07-31T19:38:44Z,1135,12,6,9,0,0,1,1,1,1785525093
2026-07-31T19:38:44Z,1136,11,1,12,0,0,1,1,1,1785526004
2026-07-31T19:38:44Z,1137,13,1,2,0,0,1,1,1,1785525797
2026-07-31T19:38:44Z,1138,2,0,17,0,0,1,1,1,1785526707
2026-07-31T19:38:44Z,1139,14,2,5,2,0,1,1,1,1785526307
2026-07-31T19:38:44Z,1140,6,3,16,1,0,1,1,1,1785526608
2026-07-31T19:38:44Z,1141,17,7,4,0,0,1,1,1,1785526699
2026-07-31T19:38:44Z,1142,0,0,21,0,0,1,1,1,1785526108
2026-07-31T19:38:44Z,1143,5,0,24,0,0,1,1,1,1785526615
2026-07-31T19:38:44Z,1144,7,0,13,1,0,1,1,1,1785526514
2026-07-31T19:38:44Z,1145,11,5,9,1,0,1,1,1,1785525873
2026-07-31T19:38:44Z,1146,1,0,16,2,0,1,1,1,1785526685
2026-07-31T19:38:44Z,1147,18,2,1,0,0,1,1,1,1785526535
2026-07-31T19:38:44Z,1148,0,0,31,0,0,1,1,1,1785526578
2026-07-31T19:38:44Z,1149,4,3,16,5,0,1,1,1,1785526394
2026-07-31T19:38:44Z,1150,4,0,15,0,0,1,1,1,1785525990
2026-07-31T19:38:44Z,1151,8,0,13,0,0,1,1,1,1785526124
2026-07-31T19:38:44Z,1152,0,0,29,0,0,1,1,1,1785525478
2026-07-31T19:38:44Z,1153,22,3,0,1,0,1,1,1,1785526019
2026-07-31T19:38:44Z,1154,4,0,15,0,0,1,1,1,1785526682
2026-07-31T19:38:44Z,1155,3,2,16,2,0,1,1,1,1785526617
2026-07-31T19:38:44Z,1158,3,1,16,0,0,1,1,1,1785525354
2026-07-31T19:38:44Z,1159,13,1,6,0,0,1,1,1,1785525714
2026-07-31T19:38:44Z,1160,9,1,10,0,0,1,1,1,1785525203
2026-07-31T19:38:44Z,1161,4,0,14,1,0,1,1,1,1785525849
2026-07-31T19:38:44Z,1162,3,1,16,0,0,1,1,1,1785526104
2026-07-31T19:38:44Z,1163,2,1,16,1,0,1,1,1,1785525474
2026-07-31T19:38:44Z,1164,6,1,13,0,0,1,1,1,1785525530
2026-07-31T19:38:44Z,1165,2,0,19,0,0,1,1,1,1785526273
2026-07-31T19:38:44Z,1166,14,3,7,0,0,1,1,1,1785525935
2026-07-31T19:38:44Z,1167,4,0,11,0,0,1,1,1,1785525203
2026-07-31T19:38:44Z,1168,2,1,19,2,0,1,1,1,1785525760
2026-07-31T19:38:44Z,1169,3,0,15,1,0,1,1,1,1785525376
2026-07-31T19:38:44Z,1170,7,1,14,0,0,1,1,1,1785525769
2026-07-31T19:38:44Z,1171,8,7,15,0,0,1,1,1,1785525464
2026-07-31T19:38:44Z,1172,2,0,11,2,0,1,1,1,1785526238
2026-07-31T19:38:44Z,1173,13,4,6,0,0,1,1,1,1785525632
2026-07-31T19:38:44Z,1174,6,3,9,0,0,1,1,1,1785525282
2026-07-31T19:38:44Z,1175,4,3,15,0,0,1,1,1,1785525246
2026-07-31T19:38:44Z,1176,10,2,11,0,0,1,1,1,1785526714
2026-07-31T19:38:44Z,1177,3,1,18,0,0,1,1,1,1785526602
2026-07-31T19:38:44Z,1178,4,1,11,0,0,1,1,1,1785525435
2026-07-31T19:38:44Z,1181,2,0,13,0,0,1,1,1,1785526568
2026-07-31T19:38:44Z,1182,17,1,1,2,0,1,1,1,1785526457
2026-07-31T19:38:44Z,1183,22,0,21,2,0,1,1,1,1785526615
2026-07-31T19:38:44Z,1184,5,2,14,2,0,1,1,1,1785526354
2026-07-31T19:38:44Z,1185,9,5,12,0,0,1,1,1,1785524920
2026-07-31T19:38:44Z,1186,10,5,9,0,0,1,1,1,1785525904
2026-07-31T19:38:44Z,1187,10,5,10,1,0,1,1,1,1785526157
2026-07-31T19:38:44Z,1188,10,5,5,0,0,1,1,1,1785525542
2026-07-31T19:38:44Z,1189,9,4,10,0,0,1,1,1,1785525666
2026-07-31T19:38:44Z,1190,9,4,12,0,0,1,1,1,1785525079
2026-07-31T19:38:44Z,1191,11,6,4,0,0,1,1,1,1785525546
2026-07-31T19:38:44Z,1192,10,6,10,1,0,1,1,1,1785525441
2026-07-31T19:38:44Z,1193,6,4,5,2,0,1,1,1,1785526329
2026-07-31T19:38:44Z,1197,9,6,7,1,0,1,1,1,1785526327
2026-07-31T19:38:44Z,1198,13,4,6,2,0,1,1,1,1785525968
2026-07-31T19:38:44Z,1199,3,0,16,0,0,1,1,1,1785525962
2026-07-31T19:38:44Z,1200,9,5,6,0,0,1,1,1,1785525583
2026-07-31T19:38:44Z,1201,10,5,5,0,0,1,1,1,1785525558
2026-07-31T19:38:44Z,1202,10,5,5,0,0,1,1,1,1785525660
2026-07-31T19:38:44Z,1203,11,5,4,0,0,1,1,1,1785525562
2026-07-31T19:38:44Z,1204,7,4,12,0,0,1,1,1,1785525333
2026-07-31T19:38:44Z,1206,11,5,10,0,0,1,1,1,1785526386
2026-07-31T19:38:44Z,1207,8,4,6,1,0,1,1,1,1785525876
2026-07-31T19:38:44Z,1208,10,4,9,0,0,1,1,1,1785525813
2026-07-31T19:38:44Z,1216,9,0,11,1,0,1,1,1,1785526603
2026-07-31T19:38:44Z,1218,4,0,17,0,0,1,1,1,1785525715
2026-07-31T19:38:44Z,1219,5,1,7,3,0,1,1,1,1785525518
2026-07-31T19:38:44Z,1220,17,6,2,0,0,1,1,1,1785526635
2026-07-31T19:38:44Z,1221,1,1,19,1,0,1,1,1,1785526349
2026-07-31T19:38:44Z,1222,14,0,15,0,0,1,1,1,1785525509
2026-07-31T19:38:44Z,1223,22,1,6,1,0,1,1,1,1785526611
2026-07-31T19:38:44Z,1226,0,0,3,0,0,0,1,1,1781868931
2026-07-31T19:38:44Z,1227,3,0,22,0,0,1,1,1,1785525389
2026-07-31T19:38:44Z,1228,5,4,24,0,0,1,1,1,1785526317
2026-07-31T19:38:44Z,1229,44,0,1,0,0,1,1,1,1785526395
2026-07-31T19:43:45Z,1,11,0,12,0,0,1,1,1,1785526990
2026-07-31T19:43:45Z,2,0,0,24,3,0,1,1,1,1785526535
2026-07-31T19:43:45Z,3,12,1,1,1,0,1,1,1,1785526995
2026-07-31T19:43:45Z,4,19,5,2,1,0,1,1,1,1785526942
2026-07-31T19:43:45Z,5,17,3,5,1,0,1,1,1,1785526383
2026-07-31T19:43:45Z,6,3,1,12,0,0,1,1,1,1785526317
2026-07-31T19:43:45Z,7,0,0,38,1,0,1,1,1,1785526753
2026-07-31T19:43:45Z,8,6,1,37,0,0,1,1,1,1785526867
2026-07-31T19:43:45Z,9,13,0,9,1,0,1,1,1,1785526934
2026-07-31T19:43:45Z,10,1,0,20,2,0,1,1,1,1785525935
2026-07-31T19:43:45Z,11,6,1,11,2,0,1,1,1,1785526712
2026-07-31T19:43:45Z,12,21,1,2,0,0,1,1,1,1785526927
2026-07-31T19:43:45Z,13,6,0,24,0,0,1,1,1,1785526982
2026-07-31T19:43:45Z,14,39,0,3,0,1,1,1,1,1785526926
2026-07-31T19:43:45Z,15,10,0,4,1,0,1,1,1,1785526908
2026-07-31T19:43:45Z,16,2,0,22,2,1,1,1,1,1785526425
2026-07-31T19:43:45Z,17,10,1,16,1,0,1,1,1,1785527011
2026-07-31T19:43:45Z,18,5,2,11,2,0,1,1,1,1785526570
2026-07-31T19:43:45Z,19,23,2,3,1,0,1,1,1,1785526867
2026-07-31T19:43:45Z,20,5,0,30,0,0,1,1,1,1785526690
2026-07-31T19:43:45Z,21,17,0,1,1,0,1,1,1,1785526852
2026-07-31T19:43:45Z,22,31,0,32,2,0,1,1,1,1785526554
2026-07-31T19:43:45Z,23,13,9,18,0,0,1,1,1,1785526607
2026-07-31T19:43:45Z,24,3,1,7,1,0,1,1,1,1785527010
2026-07-31T19:43:45Z,25,75,9,4,2,0,1,1,1,1785526942
2026-07-31T19:43:45Z,26,27,1,0,0,0,1,1,1,1785526351
2026-07-31T19:43:45Z,28,5,0,10,0,0,1,1,1,1785526378
2026-07-31T19:43:45Z,30,10,1,18,1,0,1,1,1,1785526949
2026-07-31T19:43:45Z,31,11,3,7,1,0,1,1,1,1785526879
2026-07-31T19:43:45Z,32,10,3,17,0,0,1,1,1,1785527005
2026-07-31T19:43:45Z,34,15,2,22,0,0,1,1,1,1785526223
2026-07-31T19:43:45Z,35,30,0,16,1,0,1,1,1,1785526976
2026-07-31T19:43:45Z,36,0,0,0,0,0,0,1,1,86400
2026-07-31T19:43:45Z,37,16,5,7,0,0,1,1,1,1785526893
2026-07-31T19:43:45Z,38,11,6,12,0,0,1,1,1,1785526801
2026-07-31T19:43:45Z,39,10,2,29,0,0,1,1,1,1785526247
2026-07-31T19:43:45Z,40,8,0,12,1,0,1,1,1,1785526983
2026-07-31T19:43:45Z,41,35,4,8,0,0,1,1,1,1785526863
2026-07-31T19:43:45Z,42,4,2,27,0,0,1,1,1,1785526591
2026-07-31T19:43:45Z,43,15,3,8,0,0,1,1,1,1785526876
2026-07-31T19:43:45Z,45,20,5,9,0,0,1,1,1,1785526635
2026-07-31T19:43:45Z,46,1,1,29,1,0,1,1,1,1785526710
2026-07-31T19:43:45Z,47,0,0,14,1,0,1,1,1,1785526884
2026-07-31T19:43:45Z,48,12,0,15,0,0,1,1,1,1785526780
2026-07-31T19:43:45Z,49,2,0,17,4,0,1,1,1,1785527015
2026-07-31T19:43:45Z,50,10,7,9,0,0,1,1,1,1785526412
2026-07-31T19:43:45Z,51,50,0,27,0,0,1,1,1,1785526807
2026-07-31T19:43:45Z,52,23,2,1,3,0,1,1,1,1785526944
2026-07-31T19:43:45Z,55,6,6,17,0,0,1,1,1,1785526824
2026-07-31T19:43:45Z,56,35,1,8,0,0,1,1,1,1785526805
2026-07-31T19:43:45Z,57,3,1,24,0,0,1,1,1,1785526556
2026-07-31T19:43:45Z,58,7,3,21,0,0,1,1,1,1785526568
2026-07-31T19:43:45Z,59,5,2,20,2,0,1,1,1,1785526971
2026-07-31T19:43:45Z,61,2,0,37,0,0,1,1,1,1785525568
2026-07-31T19:43:45Z,62,24,8,23,2,0,1,1,1,1785527005
2026-07-31T19:43:45Z,63,14,0,5,0,0,1,1,1,1785526289
2026-07-31T19:43:45Z,64,13,2,2,4,0,1,1,1,1785525219
2026-07-31T19:43:45Z,65,12,3,6,1,0,1,1,1,1785525700
2026-07-31T19:43:45Z,67,17,1,21,1,0,1,1,1,1785526838
2026-07-31T19:43:45Z,68,25,1,12,0,0,1,1,1,1785526925
2026-07-31T19:43:45Z,69,6,0,9,0,0,1,1,1,1785526714
2026-07-31T19:43:45Z,71,15,5,9,3,0,1,1,1,1785526860
2026-07-31T19:43:45Z,72,23,1,4,3,1,1,1,1,1785527014
2026-07-31T19:43:45Z,73,16,1,15,0,0,1,1,1,1785526992
2026-07-31T19:43:45Z,74,2,1,17,0,0,1,1,1,1785526714
2026-07-31T19:43:45Z,75,16,0,15,1,0,1,1,1,1785526621
2026-07-31T19:43:45Z,76,8,0,9,2,0,1,1,1,1785527013
2026-07-31T19:43:45Z,77,5,0,22,0,0,1,1,1,1785526969
2026-07-31T19:43:45Z,78,8,7,15,0,0,1,1,1,1785527014
2026-07-31T19:43:45Z,79,7,1,9,1,0,1,1,1,1785526745
2026-07-31T19:43:45Z,80,11,0,9,3,0,1,1,1,1785526754
2026-07-31T19:43:45Z,81,7,1,24,0,0,1,1,1,1785526855
2026-07-31T19:43:45Z,82,20,5,2,1,0,1,1,1,1785526800
2026-07-31T19:43:45Z,83,8,4,25,1,0,1,1,1,1785527003
2026-07-31T19:43:45Z,84,2,0,25,0,0,1,1,1,1785526888
2026-07-31T19:43:45Z,85,11,2,4,0,0,1,1,1,1785526897
2026-07-31T19:43:45Z,86,5,0,22,0,0,1,1,1,1785526558
2026-07-31T19:43:45Z,87,5,0,14,0,0,1,1,1,1785526941
2026-07-31T19:43:45Z,88,10,1,32,1,0,1,1,1,1785526979
2026-07-31T19:43:45Z,89,27,0,8,0,0,1,1,1,1785526968
2026-07-31T19:43:45Z,90,1,0,16,1,0,1,1,1,1785526919
2026-07-31T19:43:45Z,91,5,0,11,1,0,1,1,1,1785526935
2026-07-31T19:43:45Z,92,5,0,10,4,0,1,1,1,1785527014
2026-07-31T19:43:45Z,93,4,0,19,0,0,1,1,1,1785526938
2026-07-31T19:43:45Z,94,13,0,5,1,0,1,1,1,1785524759
2026-07-31T19:43:45Z,95,9,0,24,1,1,1,1,1,1785527010
2026-07-31T19:43:45Z,96,15,1,15,1,0,1,1,1,1785526597
2026-07-31T19:43:45Z,97,1,0,15,1,0,1,1,1,1785526806
2026-07-31T19:43:45Z,98,33,2,2,0,0,1,1,1,1785526872
2026-07-31T19:43:45Z,99,13,0,2,0,0,1,1,1,1785526934
2026-07-31T19:43:45Z,100,4,1,23,0,0,1,1,1,1785526991
2026-07-31T19:43:45Z,101,12,0,2,1,0,1,1,1,1785526811
2026-07-31T19:43:45Z,102,3,0,20,0,0,1,1,1,1785526774
2026-07-31T19:43:45Z,103,14,2,13,3,0,1,1,1,1785526884
2026-07-31T19:43:45Z,104,9,1,16,2,0,1,1,1,1785527013
2026-07-31T19:43:45Z,105,17,0,2,0,0,1,1,1,1785526643
2026-07-31T19:43:45Z,106,4,0,17,0,0,1,1,1,1785525308
2026-07-31T19:43:45Z,107,21,6,16,0,0,1,1,1,1785526880
2026-07-31T19:43:45Z,108,2,0,29,4,0,1,1,1,1785526957
2026-07-31T19:43:45Z,109,21,2,2,0,0,1,1,1,1785527013
2026-07-31T19:43:45Z,110,8,0,15,0,0,1,1,1,1785526411
2026-07-31T19:43:45Z,111,13,1,23,0,0,1,1,1,1785526883
2026-07-31T19:43:45Z,112,1,1,13,1,0,1,1,1,1785526720
2026-07-31T19:43:45Z,113,8,0,10,1,0,1,1,1,1785526972
2026-07-31T19:43:45Z,114,20,6,9,1,1,1,1,1,1785526799
2026-07-31T19:43:45Z,115,9,4,17,2,0,1,1,1,1785526693
2026-07-31T19:43:45Z,116,16,14,10,1,0,1,1,1,1785526995
2026-07-31T19:43:45Z,118,12,1,9,2,0,1,1,1,1785526892
2026-07-31T19:43:45Z,119,1,0,35,2,0,1,1,1,1785526960
2026-07-31T19:43:45Z,120,2,0,24,1,0,1,1,1,1785527010
2026-07-31T19:43:45Z,121,1,0,17,0,1,1,1,1,1785526761
2026-07-31T19:43:45Z,122,8,0,12,1,0,1,1,1,1785526581
2026-07-31T19:43:45Z,123,29,1,18,0,0,1,1,1,1785526760
2026-07-31T19:43:45Z,124,1,0,34,0,0,1,1,1,1785527009
2026-07-31T19:43:45Z,125,8,0,14,1,0,1,1,1,1785526775
2026-07-31T19:43:45Z,126,17,0,14,0,0,1,1,1,1785525006
2026-07-31T19:43:45Z,127,15,2,19,1,0,1,1,1,1785526891
2026-07-31T19:43:45Z,128,1,1,18,0,0,1,1,1,1785526737
2026-07-31T19:43:45Z,129,1,0,16,2,0,1,1,1,1785526465
2026-07-31T19:43:45Z,130,2,0,15,0,0,1,1,1,1785526574
2026-07-31T19:43:45Z,131,3,3,8,0,0,1,1,1,1785525845
2026-07-31T19:43:45Z,132,8,5,5,1,1,1,1,1,1785525593
2026-07-31T19:43:45Z,134,19,4,0,4,0,1,1,1,1785526905
2026-07-31T19:43:45Z,135,3,0,15,1,0,1,1,1,1785526667
2026-07-31T19:43:45Z,136,0,0,15,2,6,1,1,1,1785526947
2026-07-31T19:43:45Z,137,4,3,13,2,0,1,1,1,1785526941
2026-07-31T19:43:45Z,138,9,0,28,0,0,1,1,1,1785526802
2026-07-31T19:43:45Z,139,8,0,11,0,0,1,1,1,1785526816
2026-07-31T19:43:45Z,140,3,1,19,1,0,1,1,1,1785527012
2026-07-31T19:43:45Z,141,6,0,30,0,0,1,1,1,1785526947
2026-07-31T19:43:45Z,142,4,1,19,0,0,1,1,1,1785526964
2026-07-31T19:43:45Z,143,17,3,14,0,0,1,1,1,1785526962
2026-07-31T19:43:45Z,144,1,1,26,0,0,1,1,1,1785526786
2026-07-31T19:43:45Z,146,16,2,6,1,0,1,1,1,1785526786
2026-07-31T19:43:45Z,147,8,1,9,2,0,1,1,1,1785527008
2026-07-31T19:43:45Z,148,3,0,20,5,0,1,1,1,1785527002
2026-07-31T19:43:45Z,149,1,0,26,0,0,1,1,1,1785526109
2026-07-31T19:43:45Z,150,9,0,23,3,0,1,1,1,1785527014
2026-07-31T19:43:45Z,151,6,1,17,0,0,1,1,1,1785526916
2026-07-31T19:43:45Z,152,4,0,19,3,0,1,1,1,1785526984
2026-07-31T19:43:45Z,153,0,0,25,3,0,1,1,1,1785527013
2026-07-31T19:43:45Z,154,18,0,2,3,0,1,1,1,1785526997
2026-07-31T19:43:45Z,155,1,0,12,1,0,1,1,1,1785526805
2026-07-31T19:43:45Z,156,5,0,14,0,0,1,1,1,1785526910
2026-07-31T19:43:45Z,157,4,1,21,2,0,1,1,1,1785526958
2026-07-31T19:43:45Z,158,3,0,12,1,0,1,1,1,1785526142
2026-07-31T19:43:45Z,159,5,4,12,2,0,1,1,1,1785526628
2026-07-31T19:43:45Z,160,0,0,19,0,0,1,1,1,1785526661
2026-07-31T19:43:45Z,161,3,0,19,0,0,1,1,1,1785526980
2026-07-31T19:43:45Z,162,19,5,6,2,0,1,1,1,1785527002
2026-07-31T19:43:45Z,163,2,2,28,0,1,1,1,1,1785526960
2026-07-31T19:43:45Z,164,14,1,13,0,0,1,1,1,1785526897
2026-07-31T19:43:45Z,165,27,4,3,1,0,1,1,1,1785526929
2026-07-31T19:43:45Z,166,5,3,30,4,0,1,1,1,1785527012
2026-07-31T19:43:45Z,167,5,3,17,1,0,1,1,1,1785526869
2026-07-31T19:43:45Z,168,15,8,10,2,0,1,1,1,1785526939
2026-07-31T19:43:45Z,169,15,1,6,1,1,1,1,1,1785526897
2026-07-31T19:43:45Z,170,3,0,15,1,0,1,1,1,1785526913
2026-07-31T19:43:45Z,171,8,0,3,2,0,1,1,1,1785526992
2026-07-31T19:43:45Z,173,19,2,20,0,0,1,1,1,1785527002
2026-07-31T19:43:45Z,174,2,1,24,0,0,1,1,1,1785526981
2026-07-31T19:43:45Z,175,29,1,1,1,0,1,1,1,1785526974
2026-07-31T19:43:45Z,176,13,3,0,1,1,1,1,1,1785527013
2026-07-31T19:43:45Z,177,2,0,25,0,0,1,1,1,1785527005
2026-07-31T19:43:45Z,178,11,0,1,2,1,1,1,1,1785527014
2026-07-31T19:43:45Z,179,1,0,12,2,0,1,1,1,1785527013
2026-07-31T19:43:45Z,180,5,0,25,0,0,1,1,1,1785525245
2026-07-31T19:43:45Z,181,1,0,14,0,0,1,1,1,1785526954
2026-07-31T19:43:45Z,182,7,2,10,0,0,1,1,1,1785527013
2026-07-31T19:43:45Z,183,6,4,16,1,0,1,1,1,1785526989
2026-07-31T19:43:45Z,184,21,1,0,2,0,1,1,1,1785526960
2026-07-31T19:43:45Z,185,8,4,5,1,1,1,1,1,1785526429
2026-07-31T19:43:45Z,186,0,0,19,0,0,1,1,1,1785525951
2026-07-31T19:43:45Z,187,9,0,18,1,0,1,1,1,1785526329
2026-07-31T19:43:45Z,188,5,4,14,7,1,1,1,1,1785527007
2026-07-31T19:43:45Z,189,3,2,12,0,0,1,1,1,1785526155
2026-07-31T19:43:45Z,190,13,4,10,0,0,1,1,1,1785526970
2026-07-31T19:43:45Z,191,21,9,17,1,0,1,1,1,1785526936
2026-07-31T19:43:45Z,192,2,2,26,3,0,1,1,1,1785526204
2026-07-31T19:43:45Z,193,8,5,5,2,0,1,1,1,1785526793
2026-07-31T19:43:45Z,194,9,8,18,0,0,1,1,1,1785527012
2026-07-31T19:43:45Z,195,1,1,18,0,0,1,1,1,1785526508
2026-07-31T19:43:45Z,196,11,6,15,1,0,1,1,1,1785526978
2026-07-31T19:43:45Z,197,1,0,17,0,1,1,1,1,1785526678
2026-07-31T19:43:45Z,198,11,11,11,1,0,1,1,1,1785526387
2026-07-31T19:43:45Z,199,9,2,5,1,0,1,1,1,1785526793
2026-07-31T19:43:45Z,200,16,15,9,1,0,1,1,1,1785527001
2026-07-31T19:43:45Z,201,5,1,16,2,0,1,1,1,1785526801
2026-07-31T19:43:45Z,202,14,0,13,0,0,1,1,1,1785526697
2026-07-31T19:43:45Z,203,17,0,13,1,0,1,1,1,1785526913
2026-07-31T19:43:45Z,204,23,1,11,1,0,1,1,1,1785526988
2026-07-31T19:43:45Z,205,14,1,13,0,0,1,1,1,1785526967
2026-07-31T19:43:45Z,206,4,1,11,0,0,1,1,1,1785526984
2026-07-31T19:43:45Z,207,19,2,2,0,0,1,1,1,1785526859
2026-07-31T19:43:45Z,208,3,1,24,2,0,1,1,1,1785526873
2026-07-31T19:43:45Z,209,26,3,4,1,0,1,1,1,1785526892
2026-07-31T19:43:45Z,210,1,0,22,4,0,1,1,1,1785526979
2026-07-31T19:43:45Z,211,0,0,22,1,0,1,1,1,1785526710
2026-07-31T19:43:45Z,212,15,2,19,1,0,1,1,1,1785527000
2026-07-31T19:43:45Z,213,13,4,9,1,0,1,1,1,1785526897
2026-07-31T19:43:45Z,214,11,5,34,2,0,1,1,1,1785526984
2026-07-31T19:43:45Z,215,0,0,22,1,0,1,1,1,1785526945
2026-07-31T19:43:45Z,216,1,0,17,1,0,1,1,1,1785526456
2026-07-31T19:43:45Z,217,20,3,8,1,0,1,1,1,1785526845
2026-07-31T19:43:45Z,218,14,11,21,4,0,1,1,1,1785526914
2026-07-31T19:43:45Z,219,15,0,10,1,0,1,1,1,1785526616
2026-07-31T19:43:45Z,220,10,6,31,1,1,1,1,1,1785527001
2026-07-31T19:43:45Z,221,3,1,11,1,0,1,1,1,1785527010
2026-07-31T19:43:45Z,222,2,2,17,0,0,1,1,1,1785526969
2026-07-31T19:43:45Z,223,16,1,16,3,0,1,1,1,1785526962
2026-07-31T19:43:45Z,224,0,0,21,1,0,1,1,1,1785526330
2026-07-31T19:43:45Z,225,6,1,10,3,0,1,1,1,1785526388
2026-07-31T19:43:45Z,226,0,0,30,1,0,1,1,1,1785526373
2026-07-31T19:43:45Z,227,1,1,26,0,0,1,1,1,1785526558
2026-07-31T19:43:45Z,228,9,6,10,0,0,1,1,1,1785526987
2026-07-31T19:43:45Z,230,3,1,23,0,0,1,1,1,1785527013
2026-07-31T19:43:45Z,232,0,0,16,1,0,1,1,1,1785526150
2026-07-31T19:43:45Z,233,8,4,21,2,0,1,1,1,1785526913
2026-07-31T19:43:45Z,234,6,3,7,4,2,1,1,1,1785526949
2026-07-31T19:43:45Z,236,1,0,17,1,0,1,1,1,1785526362
2026-07-31T19:43:45Z,237,12,1,10,1,0,1,1,1,1785527008
2026-07-31T19:43:45Z,239,19,8,6,2,0,1,1,1,1785526861
2026-07-31T19:43:45Z,241,0,0,22,1,0,1,1,1,1785525958
2026-07-31T19:43:45Z,242,2,0,19,2,0,1,1,1,1785526601
2026-07-31T19:43:45Z,243,14,14,15,2,0,1,1,1,1785526997
2026-07-31T19:43:45Z,244,12,4,13,2,0,1,1,1,1785527014
2026-07-31T19:43:45Z,245,4,1,19,0,0,1,1,1,1785527011
2026-07-31T19:43:45Z,246,15,3,6,2,0,1,1,1,1785527010
2026-07-31T19:43:45Z,247,3,2,18,2,0,1,1,1,1785524867
2026-07-31T19:43:45Z,248,10,3,10,3,0,1,1,1,1785526917
2026-07-31T19:43:45Z,249,17,13,1,1,0,1,1,1,1785526983
2026-07-31T19:43:45Z,250,12,3,14,1,0,1,1,1,1785526944
2026-07-31T19:43:45Z,251,18,11,5,4,0,1,1,1,1785526833
2026-07-31T19:43:45Z,253,6,1,13,0,0,1,1,1,1785526936
2026-07-31T19:43:45Z,254,3,0,38,2,0,1,1,1,1785527012
2026-07-31T19:43:45Z,255,14,0,8,0,1,1,1,1,1785526995
2026-07-31T19:43:45Z,256,4,3,17,2,0,1,1,1,1785526685
2026-07-31T19:43:45Z,257,2,1,17,0,0,1,1,1,1785527000
2026-07-31T19:43:45Z,258,12,7,7,0,0,1,1,1,1785526978
2026-07-31T19:43:45Z,259,14,0,8,0,1,1,1,1,1785526851
2026-07-31T19:43:45Z,260,3,3,14,2,0,1,1,1,1785527014
2026-07-31T19:43:45Z,261,0,0,16,2,1,1,1,1,1785526923
2026-07-31T19:43:45Z,262,9,3,13,1,0,1,1,1,1785526948
2026-07-31T19:43:45Z,263,0,0,15,0,0,1,1,1,1785527007
2026-07-31T19:43:45Z,264,4,1,14,1,0,1,1,1,1785526962
2026-07-31T19:43:45Z,265,3,0,12,0,0,1,1,1,1785526864
2026-07-31T19:43:45Z,266,0,0,18,1,0,1,1,1,1785526973
2026-07-31T19:43:45Z,267,8,4,6,1,0,1,1,1,1785526233
2026-07-31T19:43:45Z,268,17,6,6,0,0,1,1,1,1785526500
2026-07-31T19:43:45Z,269,3,2,20,0,0,1,1,1,1785526682
2026-07-31T19:43:45Z,270,6,2,20,1,0,1,1,1,1785526808
2026-07-31T19:43:45Z,271,0,0,17,2,0,1,1,1,1785526703
2026-07-31T19:43:45Z,272,7,2,16,0,0,1,1,1,1785526975
2026-07-31T19:43:45Z,273,5,2,10,0,0,1,1,1,1785524752
2026-07-31T19:43:45Z,274,4,2,12,3,0,1,1,1,1785526248
2026-07-31T19:43:45Z,275,8,0,15,0,0,1,1,1,1785526987
2026-07-31T19:43:45Z,276,0,0,26,1,0,1,1,1,1785522296
2026-07-31T19:43:45Z,277,18,9,1,4,0,1,1,1,1785526982
2026-07-31T19:43:45Z,278,11,6,16,4,0,1,1,1,1785527005
2026-07-31T19:43:45Z,279,13,0,6,0,0,1,1,1,1785526928
2026-07-31T19:43:45Z,280,7,1,21,3,0,1,1,1,1785526976
2026-07-31T19:43:45Z,281,0,0,19,0,0,1,1,1,1785526643
2026-07-31T19:43:45Z,282,8,2,10,0,0,1,1,1,1785526252
2026-07-31T19:43:45Z,283,20,0,14,1,0,1,1,1,1785526296
2026-07-31T19:43:45Z,284,2,1,31,2,0,1,1,1,1785526999
2026-07-31T19:43:45Z,285,0,0,23,0,0,1,1,1,1785526709
2026-07-31T19:43:45Z,286,2,2,21,0,0,1,1,1,1785526490
2026-07-31T19:43:45Z,287,14,2,7,2,0,1,1,1,1785526332
2026-07-31T19:43:45Z,288,3,1,15,1,0,1,1,1,1785526658
2026-07-31T19:43:45Z,289,4,3,20,3,0,1,1,1,1785526885
2026-07-31T19:43:45Z,290,4,0,34,1,0,1,1,1,1785526753
2026-07-31T19:43:45Z,291,7,0,15,1,0,1,1,1,1785526976
2026-07-31T19:43:45Z,292,15,0,8,0,0,1,1,1,1785526656
2026-07-31T19:43:45Z,293,4,3,17,2,0,1,1,1,1785526952
2026-07-31T19:43:45Z,294,9,7,12,1,0,1,1,1,1785526943
2026-07-31T19:43:45Z,297,7,0,11,0,1,1,1,1,1785526980
2026-07-31T19:43:45Z,301,12,0,7,0,0,1,1,1,1785526879
2026-07-31T19:43:45Z,302,9,1,13,1,0,1,1,1,1785526980
2026-07-31T19:43:45Z,303,1,0,18,0,0,1,1,1,1785526850
2026-07-31T19:43:45Z,304,0,0,0,0,0,0,1,1,86400
2026-07-31T19:43:45Z,305,5,0,13,1,0,1,1,1,1785527008
2026-07-31T19:43:45Z,306,2,0,29,1,0,1,1,1,1785526630
2026-07-31T19:43:45Z,307,3,0,18,1,1,1,1,1,1785526712
2026-07-31T19:43:45Z,308,17,0,0,2,0,1,1,1,1785526832
2026-07-31T19:43:45Z,309,2,1,11,1,0,1,1,1,1785526857
2026-07-31T19:43:45Z,311,4,0,11,0,0,1,1,1,1785526739
2026-07-31T19:43:45Z,312,10,7,10,3,0,1,1,1,1785526790
2026-07-31T19:43:45Z,313,5,0,10,0,0,1,1,1,1785526554
2026-07-31T19:43:45Z,314,10,5,6,3,0,1,1,1,1785526860
2026-07-31T19:43:45Z,315,10,4,19,2,0,1,1,1,1785526697
2026-07-31T19:43:45Z,316,2,0,22,6,1,1,1,1,1785526884
2026-07-31T19:43:45Z,317,11,7,19,0,1,1,1,1,1785526916
2026-07-31T19:43:45Z,318,17,0,2,0,0,1,1,1,1785526058
2026-07-31T19:43:45Z,319,15,1,6,2,0,1,1,1,1785526837
2026-07-31T19:43:45Z,320,10,1,8,1,0,1,1,1,1785526953
2026-07-31T19:43:45Z,321,3,0,12,4,0,1,1,1,1785526849
2026-07-31T19:43:45Z,322,12,0,17,0,0,1,1,1,1785526506
2026-07-31T19:43:45Z,323,7,0,12,0,0,1,1,1,1785526677
2026-07-31T19:43:45Z,324,18,1,8,1,0,1,1,1,1785527008
2026-07-31T19:43:45Z,325,0,0,25,2,0,1,1,1,1785526310
2026-07-31T19:43:45Z,327,8,0,18,1,0,1,1,1,1785526960
2026-07-31T19:43:45Z,328,8,0,13,1,0,1,1,1,1785526877
2026-07-31T19:43:45Z,329,0,0,16,3,0,1,1,1,1785526230
2026-07-31T19:43:45Z,330,18,1,4,0,0,1,1,1,1785526946
2026-07-31T19:43:45Z,331,15,1,6,2,0,1,1,1,1785526948
2026-07-31T19:43:45Z,332,1,1,16,2,0,1,1,1,1785526480
2026-07-31T19:43:45Z,333,4,3,18,1,0,1,1,1,1785526813
2026-07-31T19:43:45Z,334,6,2,17,0,0,1,1,1,1785526963
2026-07-31T19:43:45Z,335,1,1,21,0,1,1,1,1,1785526846
2026-07-31T19:43:45Z,336,0,0,19,0,0,1,1,1,1785526903
2026-07-31T19:43:45Z,337,11,3,8,4,0,1,1,1,1785526987
2026-07-31T19:43:45Z,338,5,4,14,0,0,1,1,1,1785526723
2026-07-31T19:43:45Z,339,16,12,2,5,0,1,1,1,1785526966
2026-07-31T19:43:45Z,340,0,0,14,1,0,1,1,1,1785526744
2026-07-31T19:43:45Z,341,3,3,16,0,0,1,1,1,1785526936
2026-07-31T19:43:45Z,342,2,0,13,0,0,1,1,1,1785526561
2026-07-31T19:43:45Z,343,17,3,5,1,0,1,1,1,1785525804
2026-07-31T19:43:45Z,344,2,2,21,0,0,1,1,1,1785526611
2026-07-31T19:43:45Z,345,6,0,13,0,0,1,1,1,1785526573
2026-07-31T19:43:45Z,346,4,2,19,0,0,1,1,1,1785526764
2026-07-31T19:43:45Z,347,40,2,1,3,0,1,1,1,1785526976
2026-07-31T19:43:45Z,348,12,0,10,0,1,1,1,1,1785526857
2026-07-31T19:43:45Z,349,15,3,4,0,0,1,1,1,1785526060
2026-07-31T19:43:45Z,350,0,0,25,1,1,1,1,1,1785523926
2026-07-31T19:43:45Z,351,2,0,19,2,0,1,1,1,1785526849
2026-07-31T19:43:45Z,355,0,0,23,0,0,1,1,1,1785526936
2026-07-31T19:43:45Z,356,4,0,15,0,0,1,1,1,1785525927
2026-07-31T19:43:45Z,357,3,2,16,0,0,1,1,1,1785526244
2026-07-31T19:43:45Z,358,13,2,13,1,0,1,1,1,1785526051
2026-07-31T19:43:45Z,359,11,1,16,0,0,1,1,1,1785526025
2026-07-31T19:43:45Z,360,6,3,12,1,0,1,1,1,1785526748
2026-07-31T19:43:45Z,362,4,2,14,1,0,1,1,1,1785526698
2026-07-31T19:43:45Z,363,18,2,9,0,0,1,1,1,1785526712
2026-07-31T19:43:45Z,364,2,2,17,0,0,1,1,1,1785526809
2026-07-31T19:43:45Z,365,2,1,18,3,0,1,1,1,1785526560
2026-07-31T19:43:45Z,366,6,4,16,1,0,1,1,1,1785526890
2026-07-31T19:43:45Z,367,0,0,17,2,0,1,1,1,1785526722
2026-07-31T19:43:45Z,368,0,0,22,1,0,1,1,1,1785522825
2026-07-31T19:43:45Z,370,2,0,25,0,0,1,1,1,1785526912
2026-07-31T19:43:45Z,371,3,2,15,1,0,1,1,1,1785526829
2026-07-31T19:43:45Z,372,15,1,0,0,0,1,1,1,1785526096
2026-07-31T19:43:45Z,373,0,0,27,0,0,1,1,1,1785525348
2026-07-31T19:43:45Z,374,0,0,18,1,0,1,1,1,1785525975
2026-07-31T19:43:45Z,375,16,4,9,2,0,1,1,1,1785526948
2026-07-31T19:43:45Z,376,19,2,17,3,0,1,1,1,1785526915
2026-07-31T19:43:45Z,377,2,0,25,0,0,1,1,1,1785524887
2026-07-31T19:43:45Z,378,1,1,22,0,1,1,1,1,1785526979
2026-07-31T19:43:45Z,379,11,1,14,2,0,1,1,1,1785526811
2026-07-31T19:43:45Z,380,1,0,21,1,0,1,1,1,1785526722
2026-07-31T19:43:45Z,381,3,1,20,0,0,1,1,1,1785526196
2026-07-31T19:43:45Z,383,6,0,7,2,0,1,1,1,1785527005
2026-07-31T19:43:45Z,384,8,2,16,3,0,1,1,1,1785526488
2026-07-31T19:43:45Z,385,6,5,11,1,0,1,1,1,1785526218
2026-07-31T19:43:45Z,387,7,2,16,0,0,1,1,1,1785526129
2026-07-31T19:43:45Z,388,38,3,8,3,0,1,1,1,1785526659
2026-07-31T19:43:45Z,389,0,0,14,1,0,1,1,1,1785525893
2026-07-31T19:43:45Z,390,7,0,28,0,0,1,1,1,1785526883
2026-07-31T19:43:45Z,391,1,0,14,0,0,1,1,1,1785526917
2026-07-31T19:43:45Z,392,0,0,18,1,0,1,1,1,1785526785
2026-07-31T19:43:45Z,393,2,1,6,3,0,1,1,1,1785526641
2026-07-31T19:43:45Z,394,7,1,3,3,0,1,1,1,1785526019
2026-07-31T19:43:45Z,396,25,7,15,2,0,1,1,1,1785526554
2026-07-31T19:43:45Z,397,21,9,10,0,0,1,1,1,1785525793
2026-07-31T19:43:45Z,399,5,0,9,3,0,1,1,1,1785526777
2026-07-31T19:43:45Z,400,13,8,8,2,0,1,1,1,1785525644
2026-07-31T19:43:45Z,401,2,1,29,8,0,1,1,1,1785526716
2026-07-31T19:43:45Z,403,18,2,10,3,0,1,1,1,1785526980
2026-07-31T19:43:45Z,404,6,0,16,1,0,1,1,1,1785526878
2026-07-31T19:43:45Z,406,21,5,14,0,0,1,1,1,1785526943
2026-07-31T19:43:45Z,407,3,0,30,1,0,1,1,1,1785526719
2026-07-31T19:43:45Z,408,14,2,16,3,0,1,1,1,1785526638
2026-07-31T19:43:45Z,409,16,2,4,3,0,1,1,1,1785526236
2026-07-31T19:43:45Z,413,11,3,11,1,0,1,1,1,1785526846
2026-07-31T19:43:45Z,414,6,0,9,0,0,1,1,1,1785526354
2026-07-31T19:43:45Z,417,5,3,14,0,0,1,1,1,1785526523
2026-07-31T19:43:45Z,418,4,2,11,0,0,1,1,1,1785526750
2026-07-31T19:43:45Z,419,12,2,11,0,0,1,1,1,1785526057
2026-07-31T19:43:45Z,421,3,0,16,0,0,1,1,1,1785526978
2026-07-31T19:43:45Z,422,26,5,1,0,0,1,1,1,1785526870
2026-07-31T19:43:45Z,423,1,0,21,1,0,1,1,1,1785526476
2026-07-31T19:43:45Z,424,7,2,5,2,1,1,1,1,1785526946
2026-07-31T19:43:45Z,425,2,1,18,1,1,1,1,1,1785526921
2026-07-31T19:43:45Z,426,16,1,17,4,0,1,1,1,1785526780
2026-07-31T19:43:45Z,427,7,0,5,3,0,1,1,1,1785526872
2026-07-31T19:43:45Z,428,13,1,6,0,0,1,1,1,1785526941
2026-07-31T19:43:45Z,429,14,8,7,2,0,1,1,1,1785527013
2026-07-31T19:43:45Z,430,8,2,22,1,0,1,1,1,1785526909
2026-07-31T19:43:45Z,431,2,1,30,1,0,1,1,1,1785526475
2026-07-31T19:43:45Z,432,0,0,30,1,0,0,1,1,1785508564
2026-07-31T19:43:45Z,433,2,2,18,3,0,1,1,1,1785526058
2026-07-31T19:43:45Z,437,5,3,12,2,0,1,1,1,1785526971
2026-07-31T19:43:45Z,438,17,2,1,1,0,1,1,1,1785526727
2026-07-31T19:43:45Z,439,6,4,9,0,0,1,1,1,1785526566
2026-07-31T19:43:45Z,440,15,7,0,0,0,1,1,1,1785526994
2026-07-31T19:43:45Z,441,13,3,0,2,0,1,1,1,1785526462
2026-07-31T19:43:45Z,442,6,5,12,1,0,1,1,1,1785526479
2026-07-31T19:43:45Z,443,5,2,22,0,0,1,1,1,1785512432
2026-07-31T19:43:45Z,444,7,2,16,0,0,1,1,1,1785525529
2026-07-31T19:43:45Z,445,5,2,17,1,0,1,1,1,1785526958
2026-07-31T19:43:45Z,446,1,0,21,1,0,1,1,1,1785519783
2026-07-31T19:43:45Z,447,3,0,18,1,1,1,1,1,1785496389
2026-07-31T19:43:45Z,448,7,1,7,1,0,1,1,1,1785523571
2026-07-31T19:43:45Z,452,0,0,18,1,0,1,1,1,1785526085
2026-07-31T19:43:45Z,453,7,3,5,3,0,1,1,1,1785526863
2026-07-31T19:43:45Z,454,13,0,6,0,0,1,1,1,1785526982
2026-07-31T19:43:45Z,455,0,0,39,0,0,1,1,1,1785525963
2026-07-31T19:43:45Z,456,18,2,1,1,0,1,1,1,1785526994
2026-07-31T19:43:45Z,457,19,0,3,5,0,1,1,1,1785526908
2026-07-31T19:43:45Z,458,2,0,20,1,0,1,1,1,1785526417
2026-07-31T19:43:45Z,459,7,1,8,0,0,1,1,1,1785526950
2026-07-31T19:43:45Z,460,15,1,8,0,0,1,1,1,1785526947
2026-07-31T19:43:45Z,461,14,1,5,0,0,1,1,1,1785526552
2026-07-31T19:43:45Z,462,16,2,5,0,0,1,1,1,1785526972
2026-07-31T19:43:45Z,463,9,1,10,0,0,1,1,1,1785526740
2026-07-31T19:43:45Z,464,0,0,14,0,0,1,1,1,1785526617
2026-07-31T19:43:45Z,465,3,3,12,0,0,1,1,1,1785526318
2026-07-31T19:43:45Z,466,8,1,3,4,0,1,1,1,1785526859
2026-07-31T19:43:45Z,467,5,1,14,0,0,1,1,1,1785526075
2026-07-31T19:43:45Z,468,1,0,17,1,0,1,1,1,1785526155
2026-07-31T19:43:45Z,469,17,1,4,2,0,1,1,1,1785526876
2026-07-31T19:43:45Z,470,0,0,13,2,0,1,1,1,1785526974
2026-07-31T19:43:45Z,471,27,3,0,0,0,1,1,1,1785523482
2026-07-31T19:43:45Z,472,6,1,11,2,0,1,1,1,1785527008
2026-07-31T19:43:45Z,473,6,0,13,0,0,1,1,1,1785526700
2026-07-31T19:43:45Z,474,7,0,12,0,0,1,1,1,1785526823
2026-07-31T19:43:45Z,475,2,1,16,1,0,1,1,1,1785526671
2026-07-31T19:43:45Z,477,8,0,7,0,0,1,1,1,1785526845
2026-07-31T19:43:45Z,478,14,5,16,1,0,1,1,1,1785526865
2026-07-31T19:43:45Z,479,5,1,20,2,0,1,1,1,1785526818
2026-07-31T19:43:45Z,480,2,0,11,2,0,1,1,1,1785526595
2026-07-31T19:43:45Z,481,11,1,23,1,0,1,1,1,1785527003
2026-07-31T19:43:45Z,482,5,5,14,0,0,1,1,1,1785526939
2026-07-31T19:43:45Z,483,10,1,15,2,0,1,1,1,1785527005
2026-07-31T19:43:45Z,484,1,1,16,2,0,1,1,1,1785526844
2026-07-31T19:43:45Z,485,7,0,11,0,1,1,1,1,1785526748
2026-07-31T19:43:45Z,486,1,0,23,3,0,1,1,1,1785526976
2026-07-31T19:43:45Z,487,5,3,13,1,0,1,1,1,1785526553
2026-07-31T19:43:45Z,489,7,3,8,0,0,1,1,1,1785526709
2026-07-31T19:43:45Z,490,6,1,9,1,0,1,1,1,1785526871
2026-07-31T19:43:45Z,491,8,3,13,0,0,1,1,1,1785526715
2026-07-31T19:43:45Z,492,6,4,2,3,0,1,1,1,1785527011
2026-07-31T19:43:45Z,493,21,0,6,0,0,1,1,1,1785525108
2026-07-31T19:43:45Z,495,6,0,6,3,0,1,1,1,1785526809
2026-07-31T19:43:45Z,496,1,0,26,0,0,1,1,1,1785526509
2026-07-31T19:43:45Z,497,6,2,11,2,0,1,1,1,1785526131
2026-07-31T19:43:45Z,498,7,0,16,0,0,1,1,1,1785527006
2026-07-31T19:43:45Z,499,2,0,16,1,0,1,1,1,1785526698
2026-07-31T19:43:45Z,500,0,0,11,4,0,1,1,1,1785525419
2026-07-31T19:43:45Z,501,19,3,2,0,0,1,1,1,1785526875
2026-07-31T19:43:45Z,502,15,3,4,0,0,1,1,1,1785526968
2026-07-31T19:43:45Z,503,6,4,24,1,0,1,1,1,1785526584
2026-07-31T19:43:45Z,504,4,1,35,0,0,1,1,1,1785526504
2026-07-31T19:43:45Z,505,0,0,11,1,0,1,1,1,1785526242
2026-07-31T19:43:45Z,511,0,0,22,1,0,1,1,1,1785526844
2026-07-31T19:43:45Z,512,8,0,18,1,0,1,1,1,1785526375
2026-07-31T19:43:45Z,514,1,1,9,1,0,1,1,1,1785525727
2026-07-31T19:43:45Z,515,0,0,19,0,0,1,1,1,1785525329
2026-07-31T19:43:45Z,516,12,0,15,0,0,1,1,1,1785526443
2026-07-31T19:43:45Z,517,17,3,6,0,0,1,1,1,1785526005
2026-07-31T19:43:45Z,518,7,0,7,1,0,1,1,1,1785526879
2026-07-31T19:43:45Z,519,1,1,16,2,0,1,1,1,1785526743
2026-07-31T19:43:45Z,520,17,8,4,5,1,1,1,1,1785527012
2026-07-31T19:43:45Z,521,5,2,18,0,0,1,1,1,1785526531
2026-07-31T19:43:45Z,522,1,0,20,2,0,1,1,1,1785526623
2026-07-31T19:43:45Z,523,10,4,12,1,0,1,1,1,1785526816
2026-07-31T19:43:45Z,524,7,1,15,1,0,1,1,1,1785527014
2026-07-31T19:43:45Z,525,12,0,7,0,0,1,1,1,1785526782
2026-07-31T19:43:45Z,526,4,0,11,0,0,1,1,1,1785526757
2026-07-31T19:43:45Z,527,10,8,14,2,0,1,1,1,1785526980
2026-07-31T19:43:45Z,528,16,3,5,2,0,1,1,1,1785526270
2026-07-31T19:43:45Z,529,8,4,4,7,0,1,1,1,1785527014
2026-07-31T19:43:45Z,530,11,0,9,1,0,1,1,1,1785526531
2026-07-31T19:43:45Z,531,4,0,18,0,1,1,1,1,1785526777
2026-07-31T19:43:45Z,532,26,12,4,1,0,1,1,1,1785525498
2026-07-31T19:43:45Z,533,9,0,9,1,0,1,1,1,1785526058
2026-07-31T19:43:45Z,534,0,0,23,0,0,1,1,1,1785525411
2026-07-31T19:43:45Z,535,11,1,4,0,0,1,1,1,1785526917
2026-07-31T19:43:45Z,536,9,0,14,0,0,1,1,1,1785526992
2026-07-31T19:43:45Z,537,11,0,9,0,0,1,1,1,1785526709
2026-07-31T19:43:45Z,538,2,0,19,0,2,1,1,1,1785526846
2026-07-31T19:43:45Z,539,16,8,15,0,0,1,1,1,1785526442
2026-07-31T19:43:45Z,540,4,4,15,0,0,1,1,1,1785526892
2026-07-31T19:43:45Z,541,3,2,24,0,0,1,1,1,1785526654
2026-07-31T19:43:45Z,542,1,0,21,1,0,1,1,1,1785526482
2026-07-31T19:43:45Z,543,2,0,16,1,0,1,1,1,1785526959
2026-07-31T19:43:45Z,544,5,1,13,4,0,1,1,1,1785526596
2026-07-31T19:43:45Z,545,14,2,2,3,0,1,1,1,1785526945
2026-07-31T19:43:45Z,546,5,5,14,0,0,1,1,1,1785526689
2026-07-31T19:43:45Z,547,1,0,24,0,0,1,1,1,1785526570
2026-07-31T19:43:45Z,548,5,1,18,0,0,1,1,1,1785526838
2026-07-31T19:43:45Z,549,12,0,9,2,0,1,1,1,1785526985
2026-07-31T19:43:45Z,550,6,5,13,0,0,1,1,1,1785526165
2026-07-31T19:43:45Z,551,3,2,19,1,0,1,1,1,1785525539
2026-07-31T19:43:45Z,552,4,2,23,0,0,1,1,1,1785526986
2026-07-31T19:43:45Z,553,1,1,22,0,0,1,1,1,1785526986
2026-07-31T19:43:45Z,554,7,1,12,0,0,1,1,1,1785526232
2026-07-31T19:43:45Z,555,6,1,8,1,0,1,1,1,1785526392
2026-07-31T19:43:45Z,556,18,1,3,2,0,1,1,1,1785526875
2026-07-31T19:43:45Z,557,6,4,14,3,0,1,1,1,1785526871
2026-07-31T19:43:45Z,558,26,8,11,0,0,1,1,1,1785526980
2026-07-31T19:43:45Z,559,18,3,0,1,0,1,1,1,1785526617
2026-07-31T19:43:45Z,560,13,0,14,0,0,1,1,1,1785526885
2026-07-31T19:43:45Z,561,8,3,13,2,0,1,1,1,1785526053
2026-07-31T19:43:45Z,562,11,0,18,6,0,1,1,1,1785526932
2026-07-31T19:43:45Z,563,1,0,13,0,0,1,1,1,1785526628
2026-07-31T19:43:45Z,564,2,1,16,1,0,1,1,1,1785526722
2026-07-31T19:43:45Z,565,0,0,19,0,0,1,1,1,1785526992
2026-07-31T19:43:45Z,566,1,0,17,1,0,1,1,1,1785527000
2026-07-31T19:43:45Z,567,1,1,25,1,0,1,1,1,1785526909
2026-07-31T19:43:45Z,568,9,1,9,1,0,1,1,1,1785527009
2026-07-31T19:43:45Z,569,3,1,15,1,0,1,1,1,1785527013
2026-07-31T19:43:45Z,570,2,0,15,2,0,1,1,1,1785526688
2026-07-31T19:43:45Z,571,5,2,18,0,0,1,1,1,1785526904
2026-07-31T19:43:45Z,572,1,0,17,1,0,1,1,1,1785526851
2026-07-31T19:43:45Z,573,1,0,13,1,0,1,1,1,1785526698
2026-07-31T19:43:45Z,574,4,2,11,0,0,1,1,1,1785527009
2026-07-31T19:43:45Z,575,0,0,20,1,0,1,1,1,1785526454
2026-07-31T19:43:45Z,576,3,0,16,0,0,1,1,1,1785526828
2026-07-31T19:43:45Z,577,19,2,12,0,0,1,1,1,1785526568
2026-07-31T19:43:45Z,578,0,0,22,1,0,1,1,1,1785523700
2026-07-31T19:43:45Z,579,17,2,26,0,0,1,1,1,1785526996
2026-07-31T19:43:45Z,580,5,2,24,0,0,1,1,1,1785526984
2026-07-31T19:43:45Z,581,3,0,15,1,0,1,1,1,1785527013
2026-07-31T19:43:45Z,582,26,0,32,3,0,1,1,1,1785526907
2026-07-31T19:43:45Z,583,2,0,21,0,0,1,1,1,1785526801
2026-07-31T19:43:45Z,584,11,2,5,3,0,1,1,1,1785526862
2026-07-31T19:43:45Z,585,10,0,16,0,1,1,1,1,1785526675
2026-07-31T19:43:45Z,586,30,3,3,2,0,1,1,1,1785527006
2026-07-31T19:43:45Z,587,9,0,14,1,0,1,1,1,1785526809
2026-07-31T19:43:45Z,588,12,3,4,2,1,1,1,1,1785526986
2026-07-31T19:43:45Z,589,1,0,21,0,0,1,1,1,1785525538
2026-07-31T19:43:45Z,590,3,1,28,0,0,1,1,1,1785526544
2026-07-31T19:43:45Z,591,8,0,20,2,0,1,1,1,1785526676
2026-07-31T19:43:45Z,592,0,0,23,0,0,1,1,1,1785526340
2026-07-31T19:43:45Z,593,22,1,16,0,0,1,1,1,1785526495
2026-07-31T19:43:45Z,594,7,0,13,1,0,1,1,1,1785526892
2026-07-31T19:43:45Z,595,0,0,3,0,0,0,1,1,1784046673
2026-07-31T19:43:45Z,605,0,0,2,1,0,0,1,1,1783975843
2026-07-31T19:43:45Z,606,0,0,0,0,0,0,1,1,86400
2026-07-31T19:43:45Z,607,21,2,10,1,0,1,1,1,1785526840
2026-07-31T19:43:45Z,608,22,1,26,2,0,1,1,1,1785526809
2026-07-31T19:43:45Z,609,15,12,8,0,0,1,1,1,1785526794
2026-07-31T19:43:45Z,610,16,1,18,1,0,1,1,1,1785526992
2026-07-31T19:43:45Z,611,20,4,6,1,0,1,1,1,1785526955
2026-07-31T19:43:45Z,612,7,1,8,0,0,1,1,1,1785522916
2026-07-31T19:43:45Z,613,12,4,0,3,0,1,1,1,1785521812
2026-07-31T19:43:45Z,614,7,6,17,2,1,1,1,1,1785526821
2026-07-31T19:43:45Z,617,3,0,10,2,0,1,1,1,1785527015
2026-07-31T19:43:45Z,618,12,0,2,5,0,1,1,1,1785525185
2026-07-31T19:43:45Z,619,2,2,17,0,0,1,1,1,1785526751
2026-07-31T19:43:45Z,620,8,1,19,0,0,1,1,1,1785526315
2026-07-31T19:43:45Z,621,0,0,22,1,0,1,1,1,1785526528
2026-07-31T19:43:45Z,622,18,3,4,1,0,1,1,1,1785527014
2026-07-31T19:43:45Z,623,24,10,5,1,0,1,1,1,1785526850
2026-07-31T19:43:45Z,624,1,0,14,0,0,1,1,1,1785518992
2026-07-31T19:43:45Z,625,14,2,4,3,0,1,1,1,1785526985
2026-07-31T19:43:45Z,626,37,2,8,0,2,1,1,1,1785526898
2026-07-31T19:43:45Z,627,15,4,4,0,0,1,1,1,1785526494
2026-07-31T19:43:45Z,628,5,4,13,0,1,1,1,1,1785526248
2026-07-31T19:43:45Z,629,4,2,5,2,0,1,1,1,1785526889
2026-07-31T19:43:45Z,630,0,0,23,4,0,1,1,1,1785526951
2026-07-31T19:43:45Z,631,19,11,4,0,0,1,1,1,1785526513
2026-07-31T19:43:45Z,632,18,1,3,2,0,1,1,1,1785524733
2026-07-31T19:43:45Z,633,12,3,0,3,0,1,1,1,1785526124
2026-07-31T19:43:45Z,634,12,2,7,0,0,1,1,1,1785526827
2026-07-31T19:43:45Z,635,15,0,3,1,0,1,1,1,1785526790
2026-07-31T19:43:45Z,636,7,2,8,0,0,1,1,1,1785526430
2026-07-31T19:43:45Z,637,9,3,8,2,0,1,1,1,1785526103
2026-07-31T19:43:45Z,638,5,1,12,2,0,1,1,1,1785526459
2026-07-31T19:43:45Z,639,7,1,10,2,0,1,1,1,1785501255
2026-07-31T19:43:45Z,640,14,9,8,1,0,1,1,1,1785526743
2026-07-31T19:43:45Z,641,5,0,22,0,0,1,1,1,1785527011
2026-07-31T19:43:45Z,642,9,3,2,8,0,1,1,1,1785527014
2026-07-31T19:43:45Z,643,9,0,10,8,0,1,1,1,1785527014
2026-07-31T19:43:45Z,644,13,1,1,1,0,1,1,1,1785517829
2026-07-31T19:43:45Z,645,12,1,9,1,1,1,1,1,1785525372
2026-07-31T19:43:45Z,646,2,0,16,1,0,1,1,1,1785525563
2026-07-31T19:43:45Z,647,6,0,25,0,0,1,1,1,1785526910
2026-07-31T19:43:45Z,648,2,0,15,1,1,1,1,1,1785526941
2026-07-31T19:43:45Z,649,6,5,25,0,0,1,1,1,1785526825
2026-07-31T19:43:45Z,650,5,1,9,0,0,1,1,1,1785526439
2026-07-31T19:43:45Z,651,0,0,23,0,0,1,1,1,1785525956
2026-07-31T19:43:45Z,652,0,0,20,3,0,1,1,1,1785526864
2026-07-31T19:43:45Z,653,1,0,17,1,0,1,1,1,1785526441
2026-07-31T19:43:45Z,654,3,1,12,0,0,1,1,1,1785526101
2026-07-31T19:43:45Z,655,8,4,0,4,1,1,1,1,1785526863
2026-07-31T19:43:45Z,656,2,2,17,0,0,1,1,1,1785526982
2026-07-31T19:43:45Z,657,10,4,3,2,2,1,1,1,1785526981
2026-07-31T19:43:45Z,658,7,1,3,0,0,1,1,1,1785526893
2026-07-31T19:43:45Z,659,7,4,6,2,0,1,1,1,1785526201
2026-07-31T19:43:45Z,660,26,7,1,4,0,1,1,1,1785526976
2026-07-31T19:43:45Z,661,17,4,2,0,0,1,1,1,1785526770
2026-07-31T19:43:45Z,662,6,3,14,3,0,1,1,1,1785526394
2026-07-31T19:43:45Z,663,1,1,14,0,0,1,1,1,1785526455
2026-07-31T19:43:45Z,664,20,0,5,2,0,1,1,1,1785526959
2026-07-31T19:43:45Z,665,11,4,4,0,0,1,1,1,1785525553
2026-07-31T19:43:45Z,666,4,2,8,3,0,1,1,1,1785526234
2026-07-31T19:43:45Z,667,3,1,13,3,0,1,1,1,1785526969
2026-07-31T19:43:45Z,668,3,1,16,0,0,1,1,1,1785526963
2026-07-31T19:43:45Z,669,7,3,5,2,0,1,1,1,1785526328
2026-07-31T19:43:45Z,670,18,0,6,3,0,1,1,1,1785526949
2026-07-31T19:43:45Z,671,19,6,7,1,0,1,1,1,1785527015
2026-07-31T19:43:45Z,672,2,0,17,3,1,1,1,1,1785526635
2026-07-31T19:43:45Z,673,12,0,11,0,0,1,1,1,1785526898
2026-07-31T19:43:45Z,674,9,2,12,2,0,1,1,1,1785526919
2026-07-31T19:43:45Z,675,2,1,11,2,0,1,1,1,1785525980
2026-07-31T19:43:45Z,676,5,0,16,1,0,1,1,1,1785526701
2026-07-31T19:43:45Z,681,9,5,4,1,1,1,1,1,1785526914
2026-07-31T19:43:45Z,682,5,1,14,0,0,1,1,1,1785522108
2026-07-31T19:43:45Z,683,2,2,17,0,0,1,1,1,1785519895
2026-07-31T19:43:45Z,684,3,1,24,0,0,1,1,1,1785518528
2026-07-31T19:43:45Z,685,6,0,19,1,1,1,1,1,1785525624
2026-07-31T19:43:45Z,686,9,0,15,3,0,1,1,1,1785526729
2026-07-31T19:43:45Z,687,13,1,16,1,1,1,1,1,1785526758
2026-07-31T19:43:45Z,688,11,0,1,7,0,1,1,1,1785510286
2026-07-31T19:43:45Z,692,8,3,13,0,0,1,1,1,1785526321
2026-07-31T19:43:45Z,693,6,0,2,3,0,1,1,1,1785527011
2026-07-31T19:43:45Z,694,13,7,8,0,0,1,1,1,1785526857
2026-07-31T19:43:45Z,695,9,8,14,0,0,1,1,1,1785526903
2026-07-31T19:43:45Z,696,10,6,13,0,0,1,1,1,1785527000
2026-07-31T19:43:45Z,697,13,0,10,0,0,1,1,1,1785526823
2026-07-31T19:43:45Z,698,8,0,19,0,0,1,1,1,1785526965
2026-07-31T19:43:45Z,699,7,0,7,1,0,1,1,1,1785525570
2026-07-31T19:43:45Z,700,16,1,2,1,0,1,1,1,1785526462
2026-07-31T19:43:45Z,701,14,5,5,0,0,1,1,1,1785526999
2026-07-31T19:43:45Z,702,8,3,14,1,0,1,1,1,1785526897
2026-07-31T19:43:45Z,704,2,0,13,0,0,1,1,1,1785526526
2026-07-31T19:43:45Z,705,2,1,13,0,0,1,1,1,1785526070
2026-07-31T19:43:45Z,706,4,1,9,2,0,1,1,1,1785526934
2026-07-31T19:43:45Z,707,11,1,4,0,0,1,1,1,1785525698
2026-07-31T19:43:45Z,708,4,0,14,1,0,1,1,1,1785526874
2026-07-31T19:43:45Z,709,5,1,7,3,0,1,1,1,1785526865
2026-07-31T19:43:45Z,710,0,0,19,0,0,1,1,1,1785525935
2026-07-31T19:43:45Z,711,4,1,16,3,0,1,1,1,1785525305
2026-07-31T19:43:45Z,712,6,6,9,0,0,1,1,1,1785526959
2026-07-31T19:43:45Z,713,3,1,20,0,0,1,1,1,1785526657
2026-07-31T19:43:45Z,716,4,2,11,0,0,1,1,1,1785525472
2026-07-31T19:43:45Z,717,4,2,19,2,0,1,1,1,1785526418
2026-07-31T19:43:45Z,718,12,1,1,2,0,1,1,1,1785526730
2026-07-31T19:43:45Z,719,8,1,21,0,0,1,1,1,1785526597
2026-07-31T19:43:45Z,720,0,0,19,0,0,1,1,1,1785525744
2026-07-31T19:43:45Z,721,9,0,11,3,0,1,1,1,1785526626
2026-07-31T19:43:45Z,722,6,0,9,0,0,1,1,1,1785525517
2026-07-31T19:43:45Z,723,13,2,10,0,0,1,1,1,1785525710
2026-07-31T19:43:45Z,724,6,1,17,0,0,1,1,1,1785526759
2026-07-31T19:43:45Z,725,4,2,18,1,0,1,1,1,1785526878
2026-07-31T19:43:45Z,726,4,0,13,2,0,1,1,1,1785526883
2026-07-31T19:43:45Z,727,10,5,12,1,0,1,1,1,1785526580
2026-07-31T19:43:45Z,728,10,1,4,1,0,1,1,1,1785526050
2026-07-31T19:43:45Z,729,7,0,12,0,0,1,1,1,1785527010
2026-07-31T19:43:45Z,730,1,1,11,3,0,1,1,1,1785526648
2026-07-31T19:43:45Z,731,11,3,2,2,0,1,1,1,1785525782
2026-07-31T19:43:45Z,732,5,4,10,0,0,1,1,1,1785526876
2026-07-31T19:43:45Z,733,7,0,20,0,0,1,1,1,1785526847
2026-07-31T19:43:45Z,734,7,4,7,0,0,1,1,1,1785526705
2026-07-31T19:43:45Z,735,15,8,12,0,0,1,1,1,1785526595
2026-07-31T19:43:45Z,736,12,1,6,1,0,1,1,1,1785526217
2026-07-31T19:43:45Z,737,4,2,10,0,1,1,1,1,1785526267
2026-07-31T19:43:45Z,738,13,7,6,0,0,1,1,1,1785526616
2026-07-31T19:43:45Z,739,19,0,7,1,0,1,1,1,1785526360
2026-07-31T19:43:45Z,741,9,0,14,0,0,1,1,1,1785526111
2026-07-31T19:43:45Z,742,21,5,13,1,0,1,1,1,1785526941
2026-07-31T19:43:45Z,743,7,4,11,1,0,1,1,1,1785525989
2026-07-31T19:43:45Z,744,9,1,6,0,0,1,1,1,1785525957
2026-07-31T19:43:45Z,745,12,4,7,0,0,1,1,1,1785526505
2026-07-31T19:43:45Z,746,1,0,21,1,0,1,1,1,1785526999
2026-07-31T19:43:45Z,747,0,0,4,0,0,0,1,1,1783446606
2026-07-31T19:43:45Z,748,9,1,14,0,0,1,1,1,1785525537
2026-07-31T19:43:45Z,749,7,0,15,1,0,1,1,1,1785527003
2026-07-31T19:43:45Z,750,0,0,11,0,0,1,1,1,1785526965
2026-07-31T19:43:45Z,751,23,16,0,0,0,1,1,1,1785526978
2026-07-31T19:43:45Z,752,10,0,6,1,0,1,1,1,1785526966
2026-07-31T19:43:45Z,753,5,0,9,1,0,1,1,1,1785526836
2026-07-31T19:43:45Z,754,9,3,6,0,0,1,1,1,1785526965
2026-07-31T19:43:45Z,755,7,0,15,1,0,1,1,1,1785526478
2026-07-31T19:43:45Z,756,20,19,16,1,0,1,1,1,1785526968
2026-07-31T19:43:45Z,757,7,7,12,0,0,1,1,1,1785526055
2026-07-31T19:43:45Z,758,3,2,20,0,0,1,1,1,1785526922
2026-07-31T19:43:45Z,759,0,0,0,0,0,1,1,1,86400
2026-07-31T19:43:45Z,760,9,3,10,0,0,1,1,1,1785526292
2026-07-31T19:43:45Z,761,10,1,12,1,0,1,1,1,1785526540
2026-07-31T19:43:45Z,762,4,3,6,5,0,1,1,1,1785525775
2026-07-31T19:43:45Z,768,7,0,8,4,0,1,1,1,1785526941
2026-07-31T19:43:45Z,769,7,5,10,2,0,1,1,1,1785526929
2026-07-31T19:43:45Z,770,6,2,11,2,0,1,1,1,1785526301
2026-07-31T19:43:45Z,771,12,2,2,1,0,1,1,1,1785525745
2026-07-31T19:43:45Z,772,7,0,8,0,0,1,1,1,1785526314
2026-07-31T19:43:45Z,773,18,5,1,0,0,1,1,1,1785526211
2026-07-31T19:43:45Z,774,6,2,4,5,0,1,1,1,1785526086
2026-07-31T19:43:45Z,775,8,1,9,1,1,1,1,1,1785523731
2026-07-31T19:43:45Z,776,3,1,17,1,0,1,1,1,1785526566
2026-07-31T19:43:45Z,777,12,4,3,0,0,1,1,1,1785526309
2026-07-31T19:43:45Z,778,11,0,5,3,0,1,1,1,1785526948
2026-07-31T19:43:45Z,779,4,0,14,1,0,1,1,1,1785526903
2026-07-31T19:43:45Z,780,10,4,8,1,0,1,1,1,1785526901
2026-07-31T19:43:45Z,781,2,1,7,2,0,1,1,1,1785526920
2026-07-31T19:43:45Z,782,1,0,14,4,0,1,1,1,1785526002
2026-07-31T19:43:45Z,783,8,1,11,0,0,1,1,1,1785525239
2026-07-31T19:43:45Z,784,4,0,15,0,0,1,1,1,1785526950
2026-07-31T19:43:45Z,785,10,2,3,6,0,1,1,1,1785526811
2026-07-31T19:43:45Z,786,10,5,9,0,0,1,1,1,1785526934
2026-07-31T19:43:45Z,787,6,3,8,1,0,1,1,1,1785526506
2026-07-31T19:43:45Z,788,2,0,13,0,0,1,1,1,1785525727
2026-07-31T19:43:45Z,789,7,2,4,4,0,1,1,1,1785525935
2026-07-31T19:43:45Z,790,5,1,18,0,0,1,1,1,1785526431
2026-07-31T19:43:45Z,791,7,0,11,0,1,1,1,1,1785526040
2026-07-31T19:43:45Z,793,4,0,10,1,0,1,1,1,1785526060
2026-07-31T19:43:45Z,794,24,7,3,2,0,1,1,1,1785527010
2026-07-31T19:43:45Z,796,4,2,14,1,0,1,1,1,1785526736
2026-07-31T19:43:45Z,797,6,2,9,0,0,1,1,1,1785525920
2026-07-31T19:43:45Z,798,10,0,13,2,0,1,1,1,1785526607
2026-07-31T19:43:45Z,799,12,2,3,4,0,1,1,1,1785525896
2026-07-31T19:43:45Z,800,3,0,17,1,0,1,1,1,1785526717
2026-07-31T19:43:45Z,801,6,1,11,4,0,1,1,1,1785526030
2026-07-31T19:43:45Z,802,8,0,23,0,0,1,1,1,1785526150
2026-07-31T19:43:45Z,803,0,0,15,0,0,1,1,1,1785525695
2026-07-31T19:43:45Z,806,1,0,13,1,0,1,1,1,1785526582
2026-07-31T19:43:45Z,807,18,8,4,3,0,1,1,1,1785526990
2026-07-31T19:43:45Z,808,20,6,2,3,0,1,1,1,1785525702
2026-07-31T19:43:45Z,809,3,0,19,1,0,1,1,1,1785525935
2026-07-31T19:43:45Z,810,4,2,13,2,0,1,1,1,1785526311
2026-07-31T19:43:45Z,815,3,1,6,5,1,1,1,1,1785526734
2026-07-31T19:43:45Z,817,13,7,2,0,0,1,1,1,1785525854
2026-07-31T19:43:45Z,818,4,0,19,0,0,1,1,1,1785526626
2026-07-31T19:43:45Z,819,10,4,5,0,0,1,1,1,1785525935
2026-07-31T19:43:45Z,820,9,1,8,0,0,1,1,1,1785526924
2026-07-31T19:43:45Z,821,3,2,12,0,0,1,1,1,1785526028
2026-07-31T19:43:45Z,822,3,0,18,2,0,1,1,1,1785526810
2026-07-31T19:43:45Z,823,14,2,1,0,0,1,1,1,1785526309
2026-07-31T19:43:45Z,824,13,3,5,1,0,1,1,1,1785526981
2026-07-31T19:43:45Z,825,7,5,8,0,0,1,1,1,1785521169
2026-07-31T19:43:45Z,826,9,1,8,2,0,1,1,1,1785526900
2026-07-31T19:43:45Z,827,17,3,2,2,0,1,1,1,1785526441
2026-07-31T19:43:45Z,828,10,0,6,2,0,1,1,1,1785526278
2026-07-31T19:43:45Z,829,17,6,10,0,0,1,1,1,1785526754
2026-07-31T19:43:45Z,830,14,0,8,1,0,1,1,1,1785526395
2026-07-31T19:43:45Z,831,6,3,7,2,0,1,1,1,1785526099
2026-07-31T19:43:45Z,832,8,2,7,3,0,1,1,1,1785526056
2026-07-31T19:43:45Z,833,1,1,17,1,0,1,1,1,1785526841
2026-07-31T19:43:45Z,834,20,0,2,2,0,1,1,1,1785526865
2026-07-31T19:43:45Z,835,1,1,16,1,0,1,1,1,1785526922
2026-07-31T19:43:45Z,838,4,1,10,1,0,1,1,1,1785526978
2026-07-31T19:43:45Z,839,19,0,7,3,0,1,1,1,1785526992
2026-07-31T19:43:45Z,840,2,0,26,1,0,1,1,1,1785526955
2026-07-31T19:43:45Z,841,7,1,8,0,0,1,1,1,1785525509
2026-07-31T19:43:45Z,842,2,0,21,0,0,1,1,1,1785525356
2026-07-31T19:43:45Z,843,11,0,20,0,0,1,1,1,1785525707
2026-07-31T19:43:45Z,844,5,0,18,0,0,1,1,1,1785525594
2026-07-31T19:43:45Z,845,4,3,13,2,0,1,1,1,1785525707
2026-07-31T19:43:45Z,846,3,1,15,1,0,1,1,1,1785526659
2026-07-31T19:43:45Z,847,6,1,20,1,0,1,1,1,1785526555
2026-07-31T19:43:45Z,848,5,4,13,1,0,1,1,1,1785526667
2026-07-31T19:43:45Z,849,7,0,7,1,0,1,1,1,1785526501
2026-07-31T19:43:45Z,850,3,0,7,1,0,1,1,1,1785526892
2026-07-31T19:43:45Z,851,3,3,31,3,0,1,1,1,1785526774
2026-07-31T19:43:45Z,852,11,6,8,0,0,1,1,1,1785525393
2026-07-31T19:43:45Z,853,12,5,11,0,0,1,1,1,1785526356
2026-07-31T19:43:45Z,854,3,2,12,0,0,1,1,1,1785526328
2026-07-31T19:43:45Z,855,27,0,0,0,0,1,1,1,1785524493
2026-07-31T19:43:45Z,857,13,6,4,2,0,1,1,1,1785526376
2026-07-31T19:43:45Z,858,5,2,13,1,0,1,1,1,1785526107
2026-07-31T19:43:45Z,859,8,0,12,1,0,1,1,1,1785526817
2026-07-31T19:43:45Z,861,7,0,3,1,0,1,1,1,1785506303
2026-07-31T19:43:45Z,862,4,2,11,0,0,1,1,1,1785525491
2026-07-31T19:43:45Z,863,11,0,7,1,0,1,1,1,1785526731
2026-07-31T19:43:45Z,866,12,3,7,0,0,1,1,1,1785525860
2026-07-31T19:43:45Z,867,14,2,1,0,0,1,1,1,1785526908
2026-07-31T19:43:45Z,868,8,0,7,0,0,1,1,1,1785526551
2026-07-31T19:43:45Z,870,9,6,6,0,0,1,1,1,1785525568
2026-07-31T19:43:45Z,871,0,0,10,1,0,1,1,1,1785526714
2026-07-31T19:43:45Z,872,0,0,14,1,0,1,1,1,1785525477
2026-07-31T19:43:45Z,873,23,1,9,1,0,1,1,1,1785526966
2026-07-31T19:43:45Z,874,3,0,9,3,0,1,1,1,1785526889
2026-07-31T19:43:45Z,875,10,7,4,1,0,1,1,1,1785526589
2026-07-31T19:43:45Z,877,13,12,6,0,0,1,1,1,1785526971
2026-07-31T19:43:45Z,878,3,3,16,0,0,1,1,1,1785525728
2026-07-31T19:43:45Z,879,3,1,16,0,0,1,1,1,1785526614
2026-07-31T19:43:45Z,880,0,0,22,1,0,1,1,1,1785526587
2026-07-31T19:43:45Z,881,2,0,17,0,0,1,1,1,1785525590
2026-07-31T19:43:45Z,882,9,4,9,1,0,1,1,1,1785513298
2026-07-31T19:43:45Z,883,9,4,10,0,0,1,1,1,1785525795
2026-07-31T19:43:45Z,884,10,6,11,0,0,1,1,1,1785526988
2026-07-31T19:43:45Z,885,0,0,19,0,0,1,1,1,1785525393
2026-07-31T19:43:45Z,886,11,0,18,0,0,1,1,1,1785526676
2026-07-31T19:43:45Z,887,6,3,8,3,0,1,1,1,1785526386
2026-07-31T19:43:45Z,888,8,1,31,1,1,1,1,1,1785526970
2026-07-31T19:43:45Z,889,1,0,16,2,0,1,1,1,1785526152
2026-07-31T19:43:45Z,890,7,4,8,0,0,1,1,1,1785526182
2026-07-31T19:43:45Z,891,21,0,2,0,0,1,1,1,1785526754
2026-07-31T19:43:45Z,892,9,1,6,0,0,1,1,1,1785523247
2026-07-31T19:43:45Z,895,2,0,17,0,0,1,1,1,1785526379
2026-07-31T19:43:45Z,896,9,0,26,0,0,1,1,1,1785526343
2026-07-31T19:43:45Z,897,12,1,9,0,0,1,1,1,1785525625
2026-07-31T19:43:45Z,898,4,1,15,0,0,1,1,1,1785525312
2026-07-31T19:43:45Z,899,0,0,18,1,0,1,1,1,1785526814
2026-07-31T19:43:45Z,900,2,0,25,0,0,1,1,1,1785526997
2026-07-31T19:43:45Z,901,1,0,17,1,0,1,1,1,1785526464
2026-07-31T19:43:45Z,902,6,1,9,0,0,1,1,1,1785526824
2026-07-31T19:43:45Z,903,4,0,14,1,0,1,1,1,1785526596
2026-07-31T19:43:45Z,904,10,5,8,1,0,1,1,1,1785525713
2026-07-31T19:43:45Z,905,9,4,17,1,0,1,1,1,1785526806
2026-07-31T19:43:45Z,906,13,3,13,1,0,1,1,1,1785526284
2026-07-31T19:43:45Z,907,4,1,27,0,0,1,1,1,1785527001
2026-07-31T19:43:45Z,908,8,0,15,0,0,1,1,1,1785525722
2026-07-31T19:43:45Z,909,8,6,15,0,0,1,1,1,1785527010
2026-07-31T19:43:45Z,910,23,1,8,0,0,1,1,1,1785526797
2026-07-31T19:43:45Z,911,4,1,15,0,0,1,1,1,1785526340
2026-07-31T19:43:45Z,912,19,1,3,1,0,1,1,1,1785526888
2026-07-31T19:43:45Z,913,7,3,12,0,0,1,1,1,1785526240
2026-07-31T19:43:45Z,914,14,0,5,0,0,1,1,1,1785526955
2026-07-31T19:43:45Z,915,19,2,2,2,0,1,1,1,1785526632
2026-07-31T19:43:45Z,916,1,0,21,1,0,1,1,1,1785526930
2026-07-31T19:43:45Z,917,13,0,20,2,0,1,1,1,1785526743
2026-07-31T19:43:45Z,918,12,0,4,3,0,1,1,1,1785526960
2026-07-31T19:43:45Z,919,12,1,27,0,0,1,1,1,1785526989
2026-07-31T19:43:45Z,920,7,2,12,0,0,1,1,1,1785526027
2026-07-31T19:43:45Z,921,16,1,5,0,0,1,1,1,1785526482
2026-07-31T19:43:45Z,922,1,1,20,0,0,1,1,1,1785526249
2026-07-31T19:43:45Z,923,2,2,16,1,0,1,1,1,1785526883
2026-07-31T19:43:45Z,924,7,0,13,1,0,1,1,1,1785526413
2026-07-31T19:43:45Z,925,12,0,9,0,0,1,1,1,1785525913
2026-07-31T19:43:45Z,926,3,1,18,0,0,1,1,1,1785525999
2026-07-31T19:43:45Z,927,29,1,5,1,0,1,1,1,1785526737
2026-07-31T19:43:45Z,928,0,0,19,0,0,0,1,1,1785500252
2026-07-31T19:43:45Z,929,20,2,3,0,0,1,1,1,1785526865
2026-07-31T19:43:45Z,930,1,0,29,1,0,1,1,1,1785526689
2026-07-31T19:43:45Z,931,1,1,22,0,0,1,1,1,1785526938
2026-07-31T19:43:45Z,932,2,0,15,2,0,1,1,1,1785526798
2026-07-31T19:43:45Z,933,12,0,10,1,0,1,1,1,1785526727
2026-07-31T19:43:45Z,934,20,0,10,1,0,1,1,1,1785525851
2026-07-31T19:43:45Z,935,6,0,12,1,0,1,1,1,1785527007
2026-07-31T19:43:45Z,936,13,1,6,0,0,1,1,1,1785526741
2026-07-31T19:43:45Z,940,1,1,9,1,0,1,1,1,1785525676
2026-07-31T19:43:45Z,941,12,0,11,2,0,1,1,1,1785526777
2026-07-31T19:43:45Z,942,14,1,7,0,0,1,1,1,1785526978
2026-07-31T19:43:45Z,943,8,8,7,0,0,1,1,1,1785525564
2026-07-31T19:43:45Z,944,10,8,5,0,0,1,1,1,1785525406
2026-07-31T19:43:45Z,945,10,8,5,0,0,1,1,1,1785526743
2026-07-31T19:43:45Z,946,7,5,12,0,0,1,1,1,1785523835
2026-07-31T19:43:45Z,947,7,5,10,0,0,1,1,1,1785525426
2026-07-31T19:43:45Z,948,18,9,9,4,0,1,1,1,1785526950
2026-07-31T19:43:45Z,949,7,5,8,0,0,1,1,1,1785526953
2026-07-31T19:43:45Z,950,1,0,15,1,0,1,1,1,1785526852
2026-07-31T19:43:45Z,951,18,4,5,0,0,1,1,1,1785526922
2026-07-31T19:43:45Z,952,21,5,33,1,0,1,1,1,1785526840
2026-07-31T19:43:45Z,953,1,0,13,1,0,1,1,1,1785526499
2026-07-31T19:43:45Z,954,2,0,17,0,0,1,1,1,1785526115
2026-07-31T19:43:45Z,955,9,3,12,5,1,1,1,1,1785526409
2026-07-31T19:43:45Z,956,7,1,14,2,0,1,1,1,1785526914
2026-07-31T19:43:45Z,957,7,0,21,1,0,1,1,1,1785526752
2026-07-31T19:43:45Z,958,4,2,26,1,0,1,1,1,1785526921
2026-07-31T19:43:45Z,959,4,3,18,1,0,1,1,1,1785526942
2026-07-31T19:43:45Z,960,4,1,19,0,0,1,1,1,1785526739
2026-07-31T19:43:45Z,961,5,1,15,3,0,1,1,1,1785527011
2026-07-31T19:43:45Z,962,9,3,23,3,0,1,1,1,1785526569
2026-07-31T19:43:45Z,963,5,0,17,1,0,1,1,1,1785526989
2026-07-31T19:43:45Z,964,7,5,16,0,0,1,1,1,1785526914
2026-07-31T19:43:45Z,965,11,6,15,1,0,1,1,1,1785525814
2026-07-31T19:43:45Z,966,22,0,7,2,0,1,1,1,1785526295
2026-07-31T19:43:45Z,967,1,0,18,2,0,1,1,1,1785526738
2026-07-31T19:43:45Z,968,11,0,7,1,0,1,1,1,1785526512
2026-07-31T19:43:45Z,969,2,0,23,2,0,1,1,1,1785526547
2026-07-31T19:43:45Z,970,1,0,16,2,0,1,1,1,1785526076
2026-07-31T19:43:45Z,971,2,0,20,1,0,1,1,1,1785526638
2026-07-31T19:43:45Z,972,11,4,11,1,0,1,1,1,1785526813
2026-07-31T19:43:45Z,973,7,2,15,1,0,1,1,1,1785526804
2026-07-31T19:43:45Z,974,20,0,6,1,0,1,1,1,1785526757
2026-07-31T19:43:45Z,977,5,0,14,2,0,1,1,1,1785525680
2026-07-31T19:43:45Z,978,18,0,5,0,0,1,1,1,1785526582
2026-07-31T19:43:45Z,979,8,1,9,0,0,1,1,1,1785526877
2026-07-31T19:43:45Z,980,11,0,9,1,0,1,1,1,1785526855
2026-07-31T19:43:45Z,981,6,0,15,0,0,1,1,1,1785526914
2026-07-31T19:43:45Z,982,3,1,15,1,0,1,1,1,1785525478
2026-07-31T19:43:45Z,983,5,3,18,0,0,1,1,1,1785525937
2026-07-31T19:43:45Z,984,6,0,17,0,0,1,1,1,1785525239
2026-07-31T19:43:45Z,985,2,0,29,0,0,1,1,1,1785526833
2026-07-31T19:43:45Z,986,3,0,16,0,0,1,1,1,1785525480
2026-07-31T19:43:45Z,987,6,0,17,0,0,1,1,1,1785526051
2026-07-31T19:43:45Z,988,7,3,12,0,0,1,1,1,1785525649
2026-07-31T19:43:45Z,989,9,4,10,0,0,1,1,1,1785526447
2026-07-31T19:43:45Z,990,10,0,4,1,0,1,1,1,1785526414
2026-07-31T19:43:45Z,991,10,0,9,0,0,1,1,1,1785526922
2026-07-31T19:43:45Z,992,9,5,14,0,0,1,1,1,1785526264
2026-07-31T19:43:45Z,993,5,3,21,1,0,1,1,1,1785526899
2026-07-31T19:43:45Z,994,0,0,21,0,0,1,1,1,1785526505
2026-07-31T19:43:45Z,995,6,0,21,0,0,1,1,1,1785526626
2026-07-31T19:43:45Z,996,8,2,15,0,0,1,1,1,1785525550
2026-07-31T19:43:45Z,997,5,4,6,9,3,1,1,1,1785526005
2026-07-31T19:43:45Z,998,5,4,18,0,0,1,1,1,1785525810
2026-07-31T19:43:45Z,999,4,1,15,1,1,1,1,1,1785525524
2026-07-31T19:43:45Z,1000,3,1,18,0,0,1,1,1,1785526358
2026-07-31T19:43:45Z,1001,5,3,22,0,0,1,1,1,1785525868
2026-07-31T19:43:45Z,1002,2,2,28,1,0,1,1,1,1785525895
2026-07-31T19:43:45Z,1003,0,0,23,0,0,1,1,1,1785525450
2026-07-31T19:43:45Z,1004,9,2,14,0,0,1,1,1,1785526746
2026-07-31T19:43:45Z,1005,18,1,5,0,0,1,1,1,1785525640
2026-07-31T19:43:45Z,1006,7,4,12,0,0,1,1,1,1785525877
2026-07-31T19:43:45Z,1007,1,1,20,0,0,1,1,1,1785526908
2026-07-31T19:43:45Z,1008,8,7,15,0,0,1,1,1,1785526440
2026-07-31T19:43:45Z,1009,22,5,8,1,0,1,1,1,1785526359
2026-07-31T19:43:45Z,1010,8,2,19,0,0,1,1,1,1785525345
2026-07-31T19:43:45Z,1011,6,2,11,2,0,1,1,1,1785525821
2026-07-31T19:43:45Z,1012,5,3,16,2,0,1,1,1,1785525411
2026-07-31T19:43:45Z,1013,4,1,18,1,0,1,1,1,1785525862
2026-07-31T19:43:45Z,1014,9,4,14,0,0,1,1,1,1785525935
2026-07-31T19:43:45Z,1015,4,3,26,1,0,1,1,1,1785526271
2026-07-31T19:43:45Z,1016,10,5,21,0,0,1,1,1,1785525347
2026-07-31T19:43:45Z,1017,14,5,7,0,0,1,1,1,1785526621
2026-07-31T19:43:45Z,1018,7,3,15,0,0,1,1,1,1785525490
2026-07-31T19:43:45Z,1019,8,5,7,0,0,1,1,1,1785525366
2026-07-31T19:43:45Z,1020,19,5,2,0,0,1,1,1,1785526486
2026-07-31T19:43:45Z,1021,9,4,6,0,0,1,1,1,1785526167
2026-07-31T19:43:45Z,1022,14,0,13,0,0,1,1,1,1785525617
2026-07-31T19:43:45Z,1023,14,2,9,0,0,1,1,1,1785525241
2026-07-31T19:43:45Z,1024,6,2,13,0,0,1,1,1,1785526872
2026-07-31T19:43:45Z,1025,4,0,14,0,1,1,1,1,1785525594
2026-07-31T19:43:45Z,1026,12,9,18,1,0,1,1,1,1785526799
2026-07-31T19:43:45Z,1028,3,1,20,0,0,1,1,1,1785525585
2026-07-31T19:43:45Z,1029,12,10,3,0,0,1,1,1,1785526475
2026-07-31T19:43:45Z,1030,13,4,10,0,0,1,1,1,1785526279
2026-07-31T19:43:45Z,1031,9,1,10,0,0,1,1,1,1785526593
2026-07-31T19:43:45Z,1032,7,1,12,0,0,1,1,1,1785525448
2026-07-31T19:43:45Z,1033,9,5,10,0,0,1,1,1,1785526694
2026-07-31T19:43:45Z,1034,4,1,11,0,0,1,1,1,1785525434
2026-07-31T19:43:45Z,1035,1,0,17,1,0,1,1,1,1785526187
2026-07-31T19:43:45Z,1036,12,0,3,0,0,1,1,1,1785526013
2026-07-31T19:43:45Z,1037,3,1,15,1,0,1,1,1,1785526530
2026-07-31T19:43:45Z,1038,1,0,14,0,0,1,1,1,1785526940
2026-07-31T19:43:45Z,1039,7,1,12,0,0,1,1,1,1785525601
2026-07-31T19:43:45Z,1040,8,5,11,0,0,1,1,1,1785525499
2026-07-31T19:43:45Z,1041,11,3,8,0,0,1,1,1,1785525369
2026-07-31T19:43:45Z,1042,14,2,0,1,0,1,1,1,1785525546
2026-07-31T19:43:45Z,1043,10,4,8,1,0,1,1,1,1785525528
2026-07-31T19:43:45Z,1044,1,0,14,0,0,1,1,1,1785526995
2026-07-31T19:43:45Z,1045,9,0,10,0,0,1,1,1,1785525432
2026-07-31T19:43:45Z,1046,9,0,6,0,0,1,1,1,1785526620
2026-07-31T19:43:45Z,1047,4,0,17,0,0,1,1,1,1785526216
2026-07-31T19:43:45Z,1048,5,0,14,0,0,1,1,1,1785525411
2026-07-31T19:43:45Z,1049,0,0,21,0,0,1,1,1,1785525512
2026-07-31T19:43:45Z,1050,16,4,5,0,0,1,1,1,1785526613
2026-07-31T19:43:45Z,1051,8,2,13,0,0,1,1,1,1785526484
2026-07-31T19:43:45Z,1052,16,1,5,1,0,1,1,1,1785525300
2026-07-31T19:43:45Z,1053,2,1,13,0,0,1,1,1,1785526073
2026-07-31T19:43:45Z,1054,15,1,0,0,0,1,1,1,1785525566
2026-07-31T19:43:45Z,1055,8,1,11,0,0,1,1,1,1785525580
2026-07-31T19:43:45Z,1057,14,3,5,0,0,1,1,1,1785527011
2026-07-31T19:43:45Z,1058,25,5,30,1,0,1,1,1,1785526999
2026-07-31T19:43:45Z,1059,0,0,18,1,0,1,1,1,1785526924
2026-07-31T19:43:45Z,1060,35,0,2,0,0,1,1,1,1785526560
2026-07-31T19:43:45Z,1061,33,0,3,1,0,1,1,1,1785527003
2026-07-31T19:43:45Z,1062,17,0,0,0,0,1,1,1,1785526089
2026-07-31T19:43:45Z,1063,12,1,6,1,0,1,1,1,1785525489
2026-07-31T19:43:45Z,1064,3,0,19,1,0,1,1,1,1785525851
2026-07-31T19:43:45Z,1065,16,3,7,0,0,1,1,1,1785526099
2026-07-31T19:43:45Z,1066,11,2,12,0,0,1,1,1,1785525969
2026-07-31T19:43:45Z,1067,8,2,13,2,0,1,1,1,1785526194
2026-07-31T19:43:45Z,1068,6,2,14,3,0,1,1,1,1785525723
2026-07-31T19:43:45Z,1069,12,3,11,0,0,1,1,1,1785525732
2026-07-31T19:43:45Z,1070,12,2,11,0,0,1,1,1,1785525833
2026-07-31T19:43:45Z,1071,8,4,15,0,0,1,1,1,1785526541
2026-07-31T19:43:45Z,1072,11,1,11,1,0,1,1,1,1785526275
2026-07-31T19:43:45Z,1073,1,1,26,0,0,1,1,1,1785527015
2026-07-31T19:43:45Z,1074,5,1,47,1,0,1,1,1,1785526996
2026-07-31T19:43:45Z,1075,8,8,13,0,0,1,1,1,1785525236
2026-07-31T19:43:45Z,1076,16,13,5,0,0,1,1,1,1785526502
2026-07-31T19:43:45Z,1077,11,7,9,1,0,1,1,1,1785526143
2026-07-31T19:43:45Z,1078,10,9,11,0,0,1,1,1,1785526751
2026-07-31T19:43:45Z,1079,12,8,9,0,0,1,1,1,1785525343
2026-07-31T19:43:45Z,1080,10,8,9,2,0,1,1,1,1785525270
2026-07-31T19:43:45Z,1081,14,8,5,0,0,1,1,1,1785526280
2026-07-31T19:43:45Z,1082,12,11,11,0,0,1,1,1,1785525349
2026-07-31T19:43:45Z,1083,12,11,9,0,0,1,1,1,1785525612
2026-07-31T19:43:45Z,1084,10,8,11,0,0,1,1,1,1785526886
2026-07-31T19:43:45Z,1085,14,8,7,0,0,1,1,1,1785526745
2026-07-31T19:43:45Z,1086,15,11,5,1,0,1,1,1,1785525619
2026-07-31T19:43:45Z,1087,6,6,9,0,0,1,1,1,1785526533
2026-07-31T19:43:45Z,1088,9,7,6,0,0,1,1,1,1785525492
2026-07-31T19:43:45Z,1089,5,2,10,0,0,1,1,1,1785525826
2026-07-31T19:43:45Z,1090,7,6,8,0,0,1,1,1,1785526244
2026-07-31T19:43:45Z,1091,5,3,10,0,0,1,1,1,1785526446
2026-07-31T19:43:45Z,1092,10,9,5,0,0,1,1,1,1785525826
2026-07-31T19:43:45Z,1093,5,5,9,1,0,1,1,1,1785526529
2026-07-31T19:43:45Z,1094,11,10,8,0,0,1,1,1,1785525444
2026-07-31T19:43:45Z,1095,9,8,6,0,0,1,1,1,1785525425
2026-07-31T19:43:45Z,1096,3,1,15,1,0,1,1,1,1785525817
2026-07-31T19:43:45Z,1097,8,8,7,0,0,1,1,1,1785526013
2026-07-31T19:43:45Z,1098,9,7,10,0,0,1,1,1,1785526861
2026-07-31T19:43:45Z,1099,7,6,8,0,0,1,1,1,1785525278
2026-07-31T19:43:45Z,1100,5,3,24,0,0,1,1,1,1785521793
2026-07-31T19:43:45Z,1101,10,5,11,0,0,1,1,1,1785527015
2026-07-31T19:43:45Z,1102,9,4,4,0,0,1,1,1,1785526229
2026-07-31T19:43:45Z,1103,11,5,10,0,0,1,1,1,1785503681
2026-07-31T19:43:45Z,1104,11,6,10,0,0,1,1,1,1785526767
2026-07-31T19:43:45Z,1105,8,4,5,0,0,1,1,1,1785526113
2026-07-31T19:43:45Z,1106,10,5,11,0,0,1,1,1,1785525291
2026-07-31T19:43:45Z,1107,9,5,6,0,0,1,1,1,1785525544
2026-07-31T19:43:45Z,1108,8,4,16,2,1,1,1,1,1785526124
2026-07-31T19:43:45Z,1109,8,4,7,0,0,1,1,1,1785525488
2026-07-31T19:43:45Z,1110,8,0,13,0,0,1,1,1,1785526632
2026-07-31T19:43:45Z,1111,8,6,12,1,0,1,1,1,1785526112
2026-07-31T19:43:45Z,1112,27,1,26,0,0,1,1,1,1785526875
2026-07-31T19:43:45Z,1113,4,0,17,0,0,1,1,1,1785526555
2026-07-31T19:43:45Z,1115,13,2,6,4,0,1,1,1,1785526011
2026-07-31T19:43:45Z,1116,2,1,17,0,0,1,1,1,1785525468
2026-07-31T19:43:45Z,1117,8,2,13,2,0,1,1,1,1785526979
2026-07-31T19:43:45Z,1118,6,0,15,0,0,1,1,1,1785526582
2026-07-31T19:43:45Z,1119,6,0,11,0,0,1,1,1,1785526649
2026-07-31T19:43:45Z,1120,10,0,8,1,0,1,1,1,1785526886
2026-07-31T19:43:45Z,1121,7,0,13,1,0,1,1,1,1785526940
2026-07-31T19:43:45Z,1122,3,3,16,2,0,1,1,1,1785527013
2026-07-31T19:43:45Z,1123,12,8,9,2,0,1,1,1,1785526920
2026-07-31T19:43:45Z,1124,2,0,11,2,0,1,1,1,1785526741
2026-07-31T19:43:45Z,1125,14,2,9,0,0,1,1,1,1785525868
2026-07-31T19:43:45Z,1126,7,0,14,0,0,1,1,1,1785526949
2026-07-31T19:43:45Z,1127,3,0,15,1,0,1,1,1,1785527010
2026-07-31T19:43:45Z,1128,1,0,14,0,0,1,1,1,1785525442
2026-07-31T19:43:45Z,1129,1,0,19,1,0,1,1,1,1785526993
2026-07-31T19:43:45Z,1130,3,0,11,1,0,1,1,1,1785526395
2026-07-31T19:43:45Z,1131,9,4,39,1,0,1,1,1,1785526892
2026-07-31T19:43:45Z,1132,11,6,10,0,0,1,1,1,1785526902
2026-07-31T19:43:45Z,1133,6,4,13,2,0,1,1,1,1785526709
2026-07-31T19:43:45Z,1134,11,5,8,0,0,1,1,1,1785525978
2026-07-31T19:43:45Z,1135,12,6,9,0,0,1,1,1,1785526911
2026-07-31T19:43:45Z,1136,11,1,12,0,0,1,1,1,1785526004
2026-07-31T19:43:45Z,1137,13,1,2,0,0,1,1,1,1785525797
2026-07-31T19:43:45Z,1138,2,0,17,0,0,1,1,1,1785526824
2026-07-31T19:43:45Z,1139,15,2,4,2,0,1,1,1,1785526801
2026-07-31T19:43:45Z,1140,5,2,17,1,0,1,1,1,1785526942
2026-07-31T19:43:45Z,1141,17,7,4,0,0,1,1,1,1785526836
2026-07-31T19:43:45Z,1142,0,0,21,0,0,1,1,1,1785526108
2026-07-31T19:43:45Z,1143,6,0,23,0,0,1,1,1,1785526936
2026-07-31T19:43:45Z,1144,7,0,13,1,0,1,1,1,1785526514
2026-07-31T19:43:45Z,1145,11,5,9,1,0,1,1,1,1785525873
2026-07-31T19:43:45Z,1146,6,2,11,2,0,1,1,1,1785527013
2026-07-31T19:43:45Z,1147,17,2,2,0,0,1,1,1,1785526923
2026-07-31T19:43:45Z,1148,0,0,31,0,0,1,1,1,1785526578
2026-07-31T19:43:45Z,1149,5,4,16,4,0,1,1,1,1785526991
2026-07-31T19:43:45Z,1150,5,0,14,0,0,1,1,1,1785526822
2026-07-31T19:43:45Z,1151,8,0,13,0,0,1,1,1,1785526124
2026-07-31T19:43:45Z,1152,0,0,29,0,0,1,1,1,1785525478
2026-07-31T19:43:45Z,1153,21,2,1,1,0,1,1,1,1785526783
2026-07-31T19:43:45Z,1154,4,0,15,0,0,1,1,1,1785526682
2026-07-31T19:43:45Z,1155,3,2,16,2,0,1,1,1,1785526617
2026-07-31T19:43:45Z,1158,3,1,16,0,0,1,1,1,1785525354
2026-07-31T19:43:45Z,1159,13,1,6,0,0,1,1,1,1785525714
2026-07-31T19:43:45Z,1160,9,1,10,0,0,1,1,1,1785525203
2026-07-31T19:43:45Z,1161,3,0,15,1,0,1,1,1,1785526757
2026-07-31T19:43:45Z,1162,3,1,16,0,0,1,1,1,1785526104
2026-07-31T19:43:45Z,1163,2,1,16,1,0,1,1,1,1785525474
2026-07-31T19:43:45Z,1164,6,1,13,0,0,1,1,1,1785525530
2026-07-31T19:43:45Z,1165,2,0,19,0,0,1,1,1,1785526273
2026-07-31T19:43:45Z,1166,14,3,7,0,0,1,1,1,1785525935
2026-07-31T19:43:45Z,1167,4,0,11,0,0,1,1,1,1785527015
2026-07-31T19:43:45Z,1168,2,1,19,2,0,1,1,1,1785525760
2026-07-31T19:43:45Z,1169,3,0,15,1,0,1,1,1,1785525376
2026-07-31T19:43:45Z,1170,7,1,14,0,0,1,1,1,1785525769
2026-07-31T19:43:45Z,1171,8,7,15,0,0,1,1,1,1785525464
2026-07-31T19:43:45Z,1172,2,0,11,2,0,1,1,1,1785526238
2026-07-31T19:43:45Z,1173,13,4,6,0,0,1,1,1,1785525632
2026-07-31T19:43:45Z,1174,6,3,9,0,0,1,1,1,1785525282
2026-07-31T19:43:45Z,1175,4,3,15,0,0,1,1,1,1785525246
2026-07-31T19:43:45Z,1176,10,2,11,0,0,1,1,1,1785526795
2026-07-31T19:43:45Z,1177,3,1,18,0,0,1,1,1,1785526602
2026-07-31T19:43:45Z,1178,4,1,11,0,0,1,1,1,1785525435
2026-07-31T19:43:45Z,1181,3,0,12,0,0,1,1,1,1785526946
2026-07-31T19:43:45Z,1182,17,1,1,2,0,1,1,1,1785526457
2026-07-31T19:43:45Z,1183,22,0,21,2,0,1,1,1,1785526615
2026-07-31T19:43:45Z,1184,3,2,16,2,0,1,1,1,1785526989
2026-07-31T19:43:45Z,1185,9,5,12,0,0,1,1,1,1785526737
2026-07-31T19:43:45Z,1186,10,5,9,0,0,1,1,1,1785525904
2026-07-31T19:43:45Z,1187,10,5,10,1,0,1,1,1,1785526157
2026-07-31T19:43:45Z,1188,10,5,5,0,0,1,1,1,1785525542
2026-07-31T19:43:45Z,1189,9,4,10,0,0,1,1,1,1785525666
2026-07-31T19:43:45Z,1190,9,4,12,0,0,1,1,1,1785526895
2026-07-31T19:43:45Z,1191,11,6,4,0,0,1,1,1,1785525546
2026-07-31T19:43:45Z,1192,10,6,10,1,0,1,1,1,1785525441
2026-07-31T19:43:45Z,1193,6,4,5,2,0,1,1,1,1785526329
2026-07-31T19:43:45Z,1197,9,6,7,1,0,1,1,1,1785526792
2026-07-31T19:43:45Z,1198,13,4,6,2,0,1,1,1,1785525968
2026-07-31T19:43:45Z,1199,3,0,16,0,0,1,1,1,1785525962
2026-07-31T19:43:45Z,1200,9,5,6,0,0,1,1,1,1785525583
2026-07-31T19:43:45Z,1201,10,5,5,0,0,1,1,1,1785525558
2026-07-31T19:43:45Z,1202,10,5,5,0,0,1,1,1,1785525660
2026-07-31T19:43:45Z,1203,11,5,4,0,0,1,1,1,1785525562
2026-07-31T19:43:45Z,1204,7,4,12,0,0,1,1,1,1785525333
2026-07-31T19:43:45Z,1206,11,5,10,0,0,1,1,1,1785526386
2026-07-31T19:43:45Z,1207,8,4,6,1,0,1,1,1,1785525876
2026-07-31T19:43:45Z,1208,10,4,9,0,0,1,1,1,1785525813
2026-07-31T19:43:45Z,1216,9,0,11,1,0,1,1,1,1785526603
2026-07-31T19:43:45Z,1218,4,0,17,0,0,1,1,1,1785527001
2026-07-31T19:43:45Z,1219,5,1,7,3,0,1,1,1,1785525518
2026-07-31T19:43:45Z,1220,17,6,2,0,0,1,1,1,1785526635
2026-07-31T19:43:45Z,1221,1,1,19,1,0,1,1,1,1785526349
2026-07-31T19:43:45Z,1222,14,0,15,0,0,1,1,1,1785525509
2026-07-31T19:43:45Z,1223,21,1,7,1,0,1,1,1,1785526765
2026-07-31T19:43:45Z,1226,0,0,3,0,0,0,1,1,1781868931
2026-07-31T19:43:45Z,1227,4,0,21,0,0,1,1,1,1785526815
2026-07-31T19:43:45Z,1228,5,4,24,0,0,1,1,1,1785526317
2026-07-31T19:43:45Z,1229,44,0,1,0,0,1,1,1,1785527007
2026-07-31T19:48:45Z,1,13,0,10,0,0,1,1,1,1785527102
2026-07-31T19:48:45Z,2,1,0,23,3,0,1,1,1,1785527075
2026-07-31T19:48:45Z,3,11,1,2,1,0,1,1,1,1785527200
2026-07-31T19:48:45Z,4,21,5,0,1,0,1,1,1,1785527084
2026-07-31T19:48:45Z,5,17,3,5,1,0,1,1,1,1785526383
2026-07-31T19:48:45Z,6,3,1,12,0,0,1,1,1,1785526317
2026-07-31T19:48:45Z,7,1,0,38,0,0,1,1,1,1785527121
2026-07-31T19:48:45Z,8,7,1,36,0,0,1,1,1,1785527086
2026-07-31T19:48:45Z,9,13,0,9,1,0,1,1,1,1785526934
2026-07-31T19:48:45Z,10,1,0,20,2,0,1,1,1,1785525935
2026-07-31T19:48:45Z,11,6,1,11,2,0,1,1,1,1785526712
2026-07-31T19:48:45Z,12,23,1,0,0,0,1,1,1,1785527176
2026-07-31T19:48:45Z,13,8,1,22,0,0,1,1,1,1785527257
2026-07-31T19:48:45Z,14,39,0,3,0,1,1,1,1,1785526926
2026-07-31T19:48:45Z,15,10,0,5,0,0,1,1,1,1785527058
2026-07-31T19:48:45Z,16,5,0,19,2,1,1,1,1,1785527184
2026-07-31T19:48:45Z,17,8,0,18,1,0,1,1,1,1785527169
2026-07-31T19:48:45Z,18,7,2,9,2,0,1,1,1,1785527254
2026-07-31T19:48:45Z,19,21,2,5,1,0,1,1,1,1785527305
2026-07-31T19:48:45Z,20,6,1,29,0,0,1,1,1,1785527079
2026-07-31T19:48:45Z,21,16,0,2,1,0,1,1,1,1785527304
2026-07-31T19:48:45Z,22,31,0,32,2,0,1,1,1,1785526554
2026-07-31T19:48:45Z,23,12,9,19,0,0,1,1,1,1785527119
2026-07-31T19:48:45Z,24,3,1,7,1,0,1,1,1,1785527311
2026-07-31T19:48:45Z,25,75,8,4,2,0,1,1,1,1785527271
2026-07-31T19:48:45Z,26,27,1,0,0,0,1,1,1,1785526351
2026-07-31T19:48:45Z,28,5,0,10,0,0,1,1,1,1785526378
2026-07-31T19:48:45Z,30,11,1,17,1,0,1,1,1,1785527265
2026-07-31T19:48:45Z,31,11,3,7,1,0,1,1,1,1785527194
2026-07-31T19:48:45Z,32,11,3,16,0,0,1,1,1,1785527192
2026-07-31T19:48:45Z,34,15,2,22,0,0,1,1,1,1785526223
2026-07-31T19:48:45Z,35,42,2,3,2,0,1,1,1,1785527294
2026-07-31T19:48:45Z,36,0,0,0,0,0,0,1,1,86400
2026-07-31T19:48:45Z,37,15,4,8,0,0,1,1,1,1785527233
2026-07-31T19:48:45Z,38,10,4,13,0,0,1,1,1,1785527293
2026-07-31T19:48:45Z,39,9,1,30,0,0,1,1,1,1785527134
2026-07-31T19:48:45Z,40,9,0,11,1,0,1,1,1,1785527082
2026-07-31T19:48:45Z,41,34,4,9,0,0,1,1,1,1785527143
2026-07-31T19:48:45Z,42,1,1,30,0,0,1,1,1,1785527236
2026-07-31T19:48:45Z,43,15,2,8,0,0,1,1,1,1785527310
2026-07-31T19:48:45Z,45,19,4,10,0,0,1,1,1,1785527282
2026-07-31T19:48:45Z,46,3,1,27,1,0,1,1,1,1785527189
2026-07-31T19:48:45Z,47,0,0,14,1,0,1,1,1,1785526884
2026-07-31T19:48:45Z,48,12,0,15,0,0,1,1,1,1785526780
2026-07-31T19:48:45Z,49,2,0,17,4,0,1,1,1,1785527315
2026-07-31T19:48:45Z,50,10,7,9,0,0,1,1,1,1785526412
2026-07-31T19:48:45Z,51,50,0,27,0,0,1,1,1,1785526807
2026-07-31T19:48:45Z,52,23,2,1,3,0,1,1,1,1785527259
2026-07-31T19:48:45Z,55,4,4,19,0,0,1,1,1,1785527156
2026-07-31T19:48:45Z,56,32,0,11,0,0,1,1,1,1785527307
2026-07-31T19:48:45Z,57,4,1,23,0,0,1,1,1,1785527019
2026-07-31T19:48:45Z,58,6,2,22,0,0,1,1,1,1785527313
2026-07-31T19:48:45Z,59,8,2,17,2,0,1,1,1,1785527166
2026-07-31T19:48:45Z,61,1,0,38,0,0,1,1,1,1785527065
2026-07-31T19:48:45Z,62,27,9,20,2,0,1,1,1,1785527253
2026-07-31T19:48:45Z,63,17,0,2,0,0,1,1,1,1785527054
2026-07-31T19:48:45Z,64,12,1,3,4,0,1,1,1,1785527230
2026-07-31T19:48:45Z,65,12,3,6,1,0,1,1,1,1785525700
2026-07-31T19:48:45Z,67,15,1,23,1,0,1,1,1,1785527264
2026-07-31T19:48:45Z,68,25,1,12,0,0,1,1,1,1785527289
2026-07-31T19:48:45Z,69,6,0,9,0,0,1,1,1,1785526714
2026-07-31T19:48:45Z,71,12,4,12,3,0,1,1,1,1785527297
2026-07-31T19:48:45Z,72,23,1,5,2,1,1,1,1,1785527188
2026-07-31T19:48:45Z,73,16,1,15,0,0,1,1,1,1785526992
2026-07-31T19:48:45Z,74,0,0,19,0,0,1,1,1,1785527253
2026-07-31T19:48:45Z,75,16,0,15,1,0,1,1,1,1785526621
2026-07-31T19:48:45Z,76,10,1,7,2,0,1,1,1,1785527314
2026-07-31T19:48:45Z,77,7,0,20,0,0,1,1,1,1785527181
2026-07-31T19:48:45Z,78,7,7,16,0,0,1,1,1,1785527050
2026-07-31T19:48:45Z,79,7,1,9,1,0,1,1,1,1785526745
2026-07-31T19:48:45Z,80,10,0,10,3,0,1,1,1,1785527302
2026-07-31T19:48:45Z,81,7,1,24,0,0,1,1,1,1785526855
2026-07-31T19:48:45Z,82,20,5,2,1,0,1,1,1,1785526800
2026-07-31T19:48:45Z,83,11,6,22,1,0,1,1,1,1785527314
2026-07-31T19:48:45Z,84,3,0,24,0,0,1,1,1,1785527027
2026-07-31T19:48:45Z,85,11,2,4,0,0,1,1,1,1785526897
2026-07-31T19:48:45Z,86,6,1,21,0,0,1,1,1,1785527188
2026-07-31T19:48:45Z,87,5,0,14,0,0,1,1,1,1785526941
2026-07-31T19:48:45Z,88,9,1,33,1,0,1,1,1,1785527108
2026-07-31T19:48:45Z,89,28,1,7,0,0,1,1,1,1785527297
2026-07-31T19:48:45Z,90,2,0,15,1,0,1,1,1,1785527308
2026-07-31T19:48:45Z,91,5,0,12,0,0,1,1,1,1785527177
2026-07-31T19:48:45Z,92,7,0,9,3,0,1,1,1,1785527106
2026-07-31T19:48:45Z,93,4,0,19,0,0,1,1,1,1785527040
2026-07-31T19:48:45Z,94,13,0,5,1,0,1,1,1,1785524759
2026-07-31T19:48:45Z,95,10,0,23,1,1,1,1,1,1785527310
2026-07-31T19:48:45Z,96,15,0,15,1,0,1,1,1,1785527246
2026-07-31T19:48:45Z,97,2,0,14,1,0,1,1,1,1785527209
2026-07-31T19:48:45Z,98,31,2,4,0,0,1,1,1,1785527253
2026-07-31T19:48:45Z,99,13,0,2,0,0,1,1,1,1785526934
2026-07-31T19:48:45Z,100,3,0,24,0,0,1,1,1,1785527113
2026-07-31T19:48:45Z,101,12,0,2,1,0,1,1,1,1785526811
2026-07-31T19:48:45Z,102,3,0,20,0,0,1,1,1,1785527194
2026-07-31T19:48:45Z,103,14,2,14,2,0,1,1,1,1785527219
2026-07-31T19:48:45Z,104,9,1,16,2,0,1,1,1,1785527314
2026-07-31T19:48:45Z,105,17,0,2,0,0,1,1,1,1785526643
2026-07-31T19:48:45Z,106,12,0,9,0,0,1,1,1,1785527120
2026-07-31T19:48:45Z,107,21,8,16,0,0,1,1,1,1785527295
2026-07-31T19:48:45Z,108,0,0,32,3,0,1,1,1,1785527269
2026-07-31T19:48:45Z,109,22,2,1,0,0,1,1,1,1785527163
2026-07-31T19:48:45Z,110,8,0,15,0,0,1,1,1,1785527250
2026-07-31T19:48:45Z,111,15,1,21,0,0,1,1,1,1785527278
2026-07-31T19:48:45Z,112,1,1,13,1,0,1,1,1,1785526720
2026-07-31T19:48:45Z,113,8,0,10,1,0,1,1,1,1785527287
2026-07-31T19:48:45Z,114,18,6,11,1,1,1,1,1,1785527171
2026-07-31T19:48:45Z,115,10,5,16,3,0,1,1,1,1785527220
2026-07-31T19:48:45Z,116,16,14,10,1,0,1,1,1,1785526995
2026-07-31T19:48:45Z,118,12,1,9,2,0,1,1,1,1785526892
2026-07-31T19:48:45Z,119,1,0,35,2,0,1,1,1,1785527080
2026-07-31T19:48:45Z,120,2,0,24,1,0,1,1,1,1785527235
2026-07-31T19:48:45Z,121,1,0,17,0,1,1,1,1,1785527301
2026-07-31T19:48:45Z,122,9,0,11,1,0,1,1,1,1785527258
2026-07-31T19:48:45Z,123,27,1,20,0,0,1,1,1,1785527271
2026-07-31T19:48:45Z,124,1,0,34,0,0,1,1,1,1785527084
2026-07-31T19:48:45Z,125,7,0,15,1,0,1,1,1,1785527156
2026-07-31T19:48:45Z,126,17,0,14,0,0,1,1,1,1785525006
2026-07-31T19:48:45Z,127,14,2,20,1,0,1,1,1,1785527207
2026-07-31T19:48:45Z,128,1,1,18,0,0,1,1,1,1785526737
2026-07-31T19:48:45Z,129,0,0,17,2,0,1,1,1,1785527190
2026-07-31T19:48:45Z,130,2,0,15,0,0,1,1,1,1785526574
2026-07-31T19:48:45Z,131,3,3,8,0,0,1,1,1,1785525845
2026-07-31T19:48:45Z,132,7,5,6,1,1,1,1,1,1785527305
2026-07-31T19:48:45Z,134,19,4,0,4,0,1,1,1,1785527220
2026-07-31T19:48:45Z,135,3,0,15,1,0,1,1,1,1785526667
2026-07-31T19:48:45Z,136,0,0,16,1,6,1,1,1,1785527265
2026-07-31T19:48:45Z,137,4,3,13,2,0,1,1,1,1785527309
2026-07-31T19:48:45Z,138,11,1,26,0,0,1,1,1,1785527256
2026-07-31T19:48:45Z,139,5,0,14,0,0,1,1,1,1785527309
2026-07-31T19:48:45Z,140,2,1,20,1,0,1,1,1,1785527315
2026-07-31T19:48:45Z,141,7,0,29,0,0,1,1,1,1785527097
2026-07-31T19:48:45Z,142,5,1,18,0,0,1,1,1,1785527087
2026-07-31T19:48:45Z,143,14,3,17,0,0,1,1,1,1785527281
2026-07-31T19:48:45Z,144,1,1,26,0,0,1,1,1,1785526786
2026-07-31T19:48:45Z,146,16,2,6,1,0,1,1,1,1785526786
2026-07-31T19:48:45Z,147,8,1,9,2,0,1,1,1,1785527128
2026-07-31T19:48:45Z,148,3,0,20,4,0,1,1,1,1785527265
2026-07-31T19:48:45Z,149,1,0,26,0,0,1,1,1,1785526109
2026-07-31T19:48:45Z,150,9,0,23,3,0,1,1,1,1785527256
2026-07-31T19:48:45Z,151,8,2,15,0,0,1,1,1,1785527305
2026-07-31T19:48:45Z,152,2,0,21,3,0,1,1,1,1785527202
2026-07-31T19:48:45Z,153,0,0,25,3,0,1,1,1,1785527184
2026-07-31T19:48:45Z,154,18,0,2,3,0,1,1,1,1785527076
2026-07-31T19:48:45Z,155,1,0,12,1,0,1,1,1,1785527119
2026-07-31T19:48:45Z,156,5,0,14,0,0,1,1,1,1785526910
2026-07-31T19:48:45Z,157,4,1,21,2,0,1,1,1,1785527279
2026-07-31T19:48:45Z,158,3,0,12,1,0,1,1,1,1785526142
2026-07-31T19:48:45Z,159,5,4,12,2,0,1,1,1,1785527303
2026-07-31T19:48:45Z,160,0,0,19,0,0,1,1,1,1785526661
2026-07-31T19:48:45Z,161,3,0,19,0,0,1,1,1,1785527290
2026-07-31T19:48:45Z,162,17,6,7,3,0,1,1,1,1785527300
2026-07-31T19:48:45Z,163,2,2,28,0,1,1,1,1,1785527138
2026-07-31T19:48:45Z,164,14,1,13,0,0,1,1,1,1785527244
2026-07-31T19:48:45Z,165,24,4,6,1,0,1,1,1,1785527261
2026-07-31T19:48:45Z,166,4,2,30,5,0,1,1,1,1785527310
2026-07-31T19:48:45Z,167,2,2,20,1,0,1,1,1,1785527185
2026-07-31T19:48:45Z,168,14,8,11,2,0,1,1,1,1785527195
2026-07-31T19:48:45Z,169,17,1,5,0,1,1,1,1,1785527308
2026-07-31T19:48:45Z,170,3,0,15,1,0,1,1,1,1785526913
2026-07-31T19:48:45Z,171,8,0,3,2,0,1,1,1,1785527307
2026-07-31T19:48:45Z,173,18,2,21,0,0,1,1,1,1785527272
2026-07-31T19:48:45Z,174,7,1,19,0,0,1,1,1,1785527281
2026-07-31T19:48:45Z,175,29,1,1,1,0,1,1,1,1785527237
2026-07-31T19:48:45Z,176,12,1,1,1,1,1,1,1,1785527234
2026-07-31T19:48:45Z,177,4,0,23,0,0,1,1,1,1785527302
2026-07-31T19:48:45Z,178,11,0,1,2,1,1,1,1,1785527314
2026-07-31T19:48:45Z,179,5,2,8,2,0,1,1,1,1785527307
2026-07-31T19:48:45Z,180,5,0,25,0,0,1,1,1,1785525245
2026-07-31T19:48:45Z,181,1,0,14,0,0,1,1,1,1785527283
2026-07-31T19:48:45Z,182,7,2,10,0,0,1,1,1,1785527013
2026-07-31T19:48:45Z,183,8,5,14,1,0,1,1,1,1785527265
2026-07-31T19:48:45Z,184,20,1,0,3,0,1,1,1,1785527275
2026-07-31T19:48:45Z,185,9,4,4,1,1,1,1,1,1785527195
2026-07-31T19:48:45Z,186,1,0,18,0,0,1,1,1,1785527206
2026-07-31T19:48:45Z,187,8,0,19,1,0,1,1,1,1785527272
2026-07-31T19:48:45Z,188,5,4,14,7,1,1,1,1,1785527200
2026-07-31T19:48:45Z,189,2,2,13,0,0,1,1,1,1785527135
2026-07-31T19:48:45Z,190,15,4,8,0,0,1,1,1,1785527157
2026-07-31T19:48:45Z,191,21,9,17,1,0,1,1,1,1785526936
2026-07-31T19:48:45Z,192,5,2,23,3,0,1,1,1,1785527296
2026-07-31T19:48:45Z,193,7,6,7,1,0,1,1,1,1785527314
2026-07-31T19:48:45Z,194,8,8,19,0,0,1,1,1,1785527312
2026-07-31T19:48:45Z,195,1,1,18,0,0,1,1,1,1785526508
2026-07-31T19:48:45Z,196,10,6,16,1,0,1,1,1,1785527074
2026-07-31T19:48:45Z,197,1,0,17,0,1,1,1,1,1785526678
2026-07-31T19:48:45Z,198,10,10,12,1,0,1,1,1,1785527123
2026-07-31T19:48:45Z,199,5,0,9,1,0,1,1,1,1785527296
2026-07-31T19:48:45Z,200,15,15,10,1,0,1,1,1,1785527297
2026-07-31T19:48:45Z,201,4,1,18,1,0,1,1,1,1785527266
2026-07-31T19:48:45Z,202,12,0,15,0,0,1,1,1,1785527129
2026-07-31T19:48:45Z,203,17,0,13,1,0,1,1,1,1785526913
2026-07-31T19:48:45Z,204,23,1,11,1,0,1,1,1,1785526988
2026-07-31T19:48:45Z,205,12,0,15,0,0,1,1,1,1785527235
2026-07-31T19:48:45Z,206,2,2,13,0,0,1,1,1,1785527186
2026-07-31T19:48:45Z,207,19,2,2,0,0,1,1,1,1785526859
2026-07-31T19:48:45Z,208,3,1,24,2,0,1,1,1,1785526873
2026-07-31T19:48:45Z,209,25,3,5,1,0,1,1,1,1785527199
2026-07-31T19:48:45Z,210,2,0,21,4,0,1,1,1,1785527233
2026-07-31T19:48:45Z,211,0,0,22,1,0,1,1,1,1785526710
2026-07-31T19:48:45Z,212,10,1,24,1,0,1,1,1,1785527270
2026-07-31T19:48:45Z,213,14,4,8,1,0,1,1,1,1785527127
2026-07-31T19:48:45Z,214,11,5,34,2,0,1,1,1,1785526984
2026-07-31T19:48:45Z,215,2,0,20,1,0,1,1,1,1785527159
2026-07-31T19:48:45Z,216,1,0,17,1,0,1,1,1,1785526456
2026-07-31T19:48:45Z,217,19,3,9,1,0,1,1,1,1785527113
2026-07-31T19:48:45Z,218,12,11,23,4,0,1,1,1,1785527307
2026-07-31T19:48:45Z,219,17,0,8,1,0,1,1,1,1785527236
2026-07-31T19:48:45Z,220,10,6,31,1,1,1,1,1,1785527217
2026-07-31T19:48:45Z,221,1,1,13,1,0,1,1,1,1785527182
2026-07-31T19:48:45Z,222,2,2,17,0,0,1,1,1,1785526969
2026-07-31T19:48:45Z,223,16,1,16,3,0,1,1,1,1785527144
2026-07-31T19:48:45Z,224,1,1,20,1,0,1,1,1,1785527282
2026-07-31T19:48:45Z,225,6,1,10,3,0,1,1,1,1785526388
2026-07-31T19:48:45Z,226,0,0,30,1,0,1,1,1,1785526373
2026-07-31T19:48:45Z,227,1,1,26,0,0,1,1,1,1785526558
2026-07-31T19:48:45Z,228,8,6,11,0,0,1,1,1,1785527210
2026-07-31T19:48:45Z,230,3,0,23,0,0,1,1,1,1785527118
2026-07-31T19:48:45Z,232,1,0,15,1,0,1,1,1,1785527052
2026-07-31T19:48:45Z,233,8,4,21,2,0,1,1,1,1785526913
2026-07-31T19:48:45Z,234,6,3,7,4,2,1,1,1,1785526949
2026-07-31T19:48:45Z,236,0,0,18,1,0,1,1,1,1785527212
2026-07-31T19:48:45Z,237,12,1,10,1,0,1,1,1,1785527250
2026-07-31T19:48:45Z,239,18,8,7,2,0,1,1,1,1785527301
2026-07-31T19:48:45Z,241,0,0,22,1,0,1,1,1,1785525958
2026-07-31T19:48:45Z,242,1,0,20,2,0,1,1,1,1785527153
2026-07-31T19:48:45Z,243,16,15,13,2,0,1,1,1,1785527299
2026-07-31T19:48:45Z,244,11,4,14,2,0,1,1,1,1785527298
2026-07-31T19:48:45Z,245,3,1,20,0,0,1,1,1,1785527129
2026-07-31T19:48:45Z,246,13,2,9,1,0,1,1,1,1785527313
2026-07-31T19:48:45Z,247,3,2,18,2,0,1,1,1,1785524867
2026-07-31T19:48:45Z,248,10,3,10,3,0,1,1,1,1785526917
2026-07-31T19:48:45Z,249,16,13,2,1,0,1,1,1,1785527203
2026-07-31T19:48:45Z,250,13,3,13,1,0,1,1,1,1785527077
2026-07-31T19:48:45Z,251,20,11,3,4,0,1,1,1,1785527314
2026-07-31T19:48:45Z,253,4,1,15,0,0,1,1,1,1785527125
2026-07-31T19:48:45Z,254,3,0,39,1,0,1,1,1,1785527160
2026-07-31T19:48:45Z,255,14,0,8,0,1,1,1,1,1785527251
2026-07-31T19:48:45Z,256,5,4,16,2,0,1,1,1,1785527229
2026-07-31T19:48:45Z,257,2,1,17,0,0,1,1,1,1785527000
2026-07-31T19:48:45Z,258,13,8,6,0,0,1,1,1,1785527194
2026-07-31T19:48:45Z,259,14,0,8,0,1,1,1,1,1785526851
2026-07-31T19:48:45Z,260,3,3,15,1,0,1,1,1,1785527195
2026-07-31T19:48:45Z,261,0,0,17,1,1,1,1,1,1785527099
2026-07-31T19:48:45Z,262,10,3,12,1,0,1,1,1,1785527281
2026-07-31T19:48:45Z,263,0,0,15,0,0,1,1,1,1785527007
2026-07-31T19:48:45Z,264,4,1,15,0,0,1,1,1,1785527212
2026-07-31T19:48:45Z,265,3,0,12,0,0,1,1,1,1785527281
2026-07-31T19:48:45Z,266,1,0,17,1,0,1,1,1,1785527144
2026-07-31T19:48:45Z,267,8,4,6,1,0,1,1,1,1785526233
2026-07-31T19:48:45Z,268,15,5,8,0,0,1,1,1,1785527292
2026-07-31T19:48:45Z,269,3,2,20,0,0,1,1,1,1785526682
2026-07-31T19:48:45Z,270,6,2,20,1,0,1,1,1,1785527308
2026-07-31T19:48:45Z,271,0,0,17,2,0,1,1,1,1785526703
2026-07-31T19:48:45Z,272,8,2,15,0,0,1,1,1,1785527236
2026-07-31T19:48:45Z,273,4,1,11,0,0,1,1,1,1785527311
2026-07-31T19:48:45Z,274,4,2,12,3,0,1,1,1,1785526248
2026-07-31T19:48:45Z,275,8,0,15,0,0,1,1,1,1785526987
2026-07-31T19:48:45Z,276,0,0,26,1,0,1,1,1,1785522296
2026-07-31T19:48:45Z,277,18,9,1,4,0,1,1,1,1785526982
2026-07-31T19:48:45Z,278,9,6,18,4,0,1,1,1,1785527267
2026-07-31T19:48:45Z,279,14,0,5,0,0,1,1,1,1785527215
2026-07-31T19:48:45Z,280,5,1,23,3,0,1,1,1,1785527311
2026-07-31T19:48:45Z,281,2,1,17,0,0,1,1,1,1785527266
2026-07-31T19:48:45Z,282,8,2,10,0,0,1,1,1,1785526252
2026-07-31T19:48:45Z,283,18,0,16,1,0,1,1,1,1785527249
2026-07-31T19:48:45Z,284,2,1,31,2,0,1,1,1,1785526999
2026-07-31T19:48:45Z,285,1,0,22,0,0,1,1,1,1785527299
2026-07-31T19:48:45Z,286,1,1,22,0,0,1,1,1,1785527313
2026-07-31T19:48:45Z,287,14,2,7,2,0,1,1,1,1785526332
2026-07-31T19:48:45Z,288,1,1,17,1,0,1,1,1,1785527314
2026-07-31T19:48:45Z,289,4,3,20,3,0,1,1,1,1785527265
2026-07-31T19:48:45Z,290,4,0,34,1,0,1,1,1,1785526753
2026-07-31T19:48:45Z,291,6,0,16,1,0,1,1,1,1785527032
2026-07-31T19:48:45Z,292,17,0,6,0,0,1,1,1,1785527217
2026-07-31T19:48:45Z,293,4,3,17,2,0,1,1,1,1785526952
2026-07-31T19:48:45Z,294,10,6,11,1,0,1,1,1,1785527298
2026-07-31T19:48:45Z,297,5,0,12,1,1,1,1,1,1785527303
2026-07-31T19:48:45Z,301,12,0,7,0,0,1,1,1,1785526879
2026-07-31T19:48:45Z,302,10,1,12,1,0,1,1,1,1785527051
2026-07-31T19:48:45Z,303,2,0,17,0,0,1,1,1,1785527294
2026-07-31T19:48:45Z,304,0,0,0,0,0,0,1,1,86400
2026-07-31T19:48:45Z,305,4,0,14,1,0,1,1,1,1785527309
2026-07-31T19:48:45Z,306,1,0,30,1,0,1,1,1,1785527232
2026-07-31T19:48:45Z,307,4,0,18,1,0,1,1,1,1785527304
2026-07-31T19:48:45Z,308,17,0,0,2,0,1,1,1,1785526832
2026-07-31T19:48:45Z,309,2,1,11,1,0,1,1,1,1785526857
2026-07-31T19:48:45Z,311,4,0,11,0,0,1,1,1,1785526739
2026-07-31T19:48:45Z,312,10,7,10,2,0,1,1,1,1785526790
2026-07-31T19:48:45Z,313,5,0,10,0,0,1,1,1,1785526554
2026-07-31T19:48:45Z,314,8,5,8,3,0,1,1,1,1785527282
2026-07-31T19:48:45Z,315,10,3,19,2,0,1,1,1,1785527198
2026-07-31T19:48:45Z,316,3,0,21,6,1,1,1,1,1785527202
2026-07-31T19:48:45Z,317,11,7,19,0,1,1,1,1,1785527231
2026-07-31T19:48:45Z,318,17,0,2,0,0,1,1,1,1785526058
2026-07-31T19:48:45Z,319,19,1,2,2,0,1,1,1,1785527254
2026-07-31T19:48:45Z,320,10,1,8,1,0,1,1,1,1785527156
2026-07-31T19:48:45Z,321,3,0,12,4,0,1,1,1,1785527164
2026-07-31T19:48:45Z,322,12,0,17,0,0,1,1,1,1785526506
2026-07-31T19:48:45Z,323,7,0,12,0,0,1,1,1,1785526677
2026-07-31T19:48:45Z,324,18,1,8,1,0,1,1,1,1785527303
2026-07-31T19:48:45Z,325,0,0,25,2,0,1,1,1,1785526310
2026-07-31T19:48:45Z,327,8,0,18,1,0,1,1,1,1785527286
2026-07-31T19:48:45Z,328,9,0,12,1,0,1,1,1,1785527038
2026-07-31T19:48:45Z,329,1,0,15,3,0,1,1,1,1785527097
2026-07-31T19:48:45Z,330,18,1,4,0,0,1,1,1,1785527206
2026-07-31T19:48:45Z,331,14,0,7,2,0,1,1,1,1785527313
2026-07-31T19:48:45Z,332,1,1,16,2,0,1,1,1,1785526480
2026-07-31T19:48:45Z,333,2,2,20,1,0,1,1,1,1785527265
2026-07-31T19:48:45Z,334,7,2,16,0,0,1,1,1,1785527117
2026-07-31T19:48:45Z,335,1,1,21,0,1,1,1,1,1785526846
2026-07-31T19:48:45Z,336,0,0,19,0,0,1,1,1,1785526903
2026-07-31T19:48:45Z,337,11,3,8,4,0,1,1,1,1785527235
2026-07-31T19:48:45Z,338,5,4,14,0,0,1,1,1,1785526723
2026-07-31T19:48:45Z,339,16,11,1,6,0,1,1,1,1785527181
2026-07-31T19:48:45Z,340,0,0,14,1,0,1,1,1,1785526744
2026-07-31T19:48:45Z,341,3,3,16,0,0,1,1,1,1785527133
2026-07-31T19:48:45Z,342,1,0,14,0,0,1,1,1,1785527196
2026-07-31T19:48:45Z,343,15,3,7,1,0,1,1,1,1785527170
2026-07-31T19:48:45Z,344,2,2,21,0,0,1,1,1,1785526611
2026-07-31T19:48:45Z,345,6,0,13,0,0,1,1,1,1785526573
2026-07-31T19:48:45Z,346,4,2,19,0,0,1,1,1,1785526764
2026-07-31T19:48:45Z,347,36,2,6,2,0,1,1,1,1785527283
2026-07-31T19:48:45Z,348,12,0,10,0,1,1,1,1,1785527172
2026-07-31T19:48:45Z,349,15,3,4,0,0,1,1,1,1785526060
2026-07-31T19:48:45Z,350,1,0,24,1,1,1,1,1,1785527251
2026-07-31T19:48:45Z,351,1,0,19,3,0,1,1,1,1785527279
2026-07-31T19:48:45Z,355,0,0,23,0,0,1,1,1,1785526936
2026-07-31T19:48:45Z,356,5,1,14,0,0,1,1,1,1785527143
2026-07-31T19:48:45Z,357,2,2,17,0,0,1,1,1,1785527094
2026-07-31T19:48:45Z,358,13,2,13,1,0,1,1,1,1785526051
2026-07-31T19:48:45Z,359,11,1,16,0,0,1,1,1,1785526025
2026-07-31T19:48:45Z,360,5,3,13,1,0,1,1,1,1785527241
2026-07-31T19:48:45Z,362,4,2,14,1,0,1,1,1,1785526698
2026-07-31T19:48:45Z,363,18,2,9,0,0,1,1,1,1785526712
2026-07-31T19:48:45Z,364,1,1,18,0,0,1,1,1,1785527104
2026-07-31T19:48:45Z,365,1,0,19,3,0,1,1,1,1785527263
2026-07-31T19:48:45Z,366,6,4,16,1,0,1,1,1,1785527292
2026-07-31T19:48:45Z,367,0,0,17,2,0,1,1,1,1785526722
2026-07-31T19:48:45Z,368,0,0,22,1,0,1,1,1,1785522825
2026-07-31T19:48:45Z,370,2,0,25,0,0,1,1,1,1785526912
2026-07-31T19:48:45Z,371,3,2,15,1,0,1,1,1,1785526829
2026-07-31T19:48:45Z,372,15,1,0,0,0,1,1,1,1785526096
2026-07-31T19:48:45Z,373,0,0,27,0,0,1,1,1,1785525348
2026-07-31T19:48:45Z,374,0,0,18,1,0,1,1,1,1785527252
2026-07-31T19:48:45Z,375,16,4,9,2,0,1,1,1,1785527220
2026-07-31T19:48:45Z,376,18,2,18,3,0,1,1,1,1785527257
2026-07-31T19:48:45Z,377,2,0,25,0,0,1,1,1,1785524887
2026-07-31T19:48:45Z,378,1,1,22,0,1,1,1,1,1785527118
2026-07-31T19:48:45Z,379,11,1,14,2,0,1,1,1,1785526811
2026-07-31T19:48:45Z,380,1,0,21,1,0,1,1,1,1785526722
2026-07-31T19:48:45Z,381,4,1,19,0,0,1,1,1,1785527088
2026-07-31T19:48:45Z,383,5,0,8,2,0,1,1,1,1785527309
2026-07-31T19:48:45Z,384,8,2,16,3,0,1,1,1,1785526488
2026-07-31T19:48:45Z,385,3,3,13,2,0,1,1,1,1785527300
2026-07-31T19:48:45Z,387,6,2,17,0,0,1,1,1,1785527238
2026-07-31T19:48:45Z,388,37,3,9,3,0,1,1,1,1785527288
2026-07-31T19:48:45Z,389,2,1,12,1,0,1,1,1,1785527218
2026-07-31T19:48:45Z,390,7,0,28,0,0,1,1,1,1785526883
2026-07-31T19:48:45Z,391,1,0,14,0,0,1,1,1,1785526917
2026-07-31T19:48:45Z,392,0,0,18,1,0,1,1,1,1785527100
2026-07-31T19:48:45Z,393,2,1,6,3,0,1,1,1,1785526641
2026-07-31T19:48:45Z,394,6,0,4,3,0,1,1,1,1785527270
2026-07-31T19:48:45Z,396,23,6,17,2,0,1,1,1,1785527169
2026-07-31T19:48:45Z,397,21,9,10,0,0,1,1,1,1785525793
2026-07-31T19:48:45Z,399,5,0,9,3,0,1,1,1,1785526777
2026-07-31T19:48:45Z,400,13,8,8,2,0,1,1,1,1785525644
2026-07-31T19:48:45Z,401,2,1,29,8,0,1,1,1,1785526716
2026-07-31T19:48:45Z,403,18,2,10,3,0,1,1,1,1785526980
2026-07-31T19:48:45Z,404,5,0,17,1,0,1,1,1,1785527272
2026-07-31T19:48:45Z,406,22,7,13,0,0,1,1,1,1785527312
2026-07-31T19:48:45Z,407,3,0,30,1,0,1,1,1,1785526719
2026-07-31T19:48:45Z,408,10,1,20,3,0,1,1,1,1785527252
2026-07-31T19:48:45Z,409,16,2,4,3,0,1,1,1,1785526236
2026-07-31T19:48:45Z,413,11,3,11,1,0,1,1,1,1785526846
2026-07-31T19:48:45Z,414,6,0,9,0,0,1,1,1,1785526354
2026-07-31T19:48:45Z,417,4,3,15,0,0,1,1,1,1785527303
2026-07-31T19:48:45Z,418,4,2,11,0,0,1,1,1,1785526750
2026-07-31T19:48:45Z,419,12,2,11,0,0,1,1,1,1785526057
2026-07-31T19:48:45Z,421,4,0,15,0,0,1,1,1,1785527275
2026-07-31T19:48:45Z,422,25,4,2,0,0,1,1,1,1785527151
2026-07-31T19:48:45Z,423,1,0,21,1,0,1,1,1,1785526476
2026-07-31T19:48:45Z,424,7,2,5,2,1,1,1,1,1785526946
2026-07-31T19:48:45Z,425,4,3,16,1,1,1,1,1,1785527223
2026-07-31T19:48:45Z,426,16,1,17,4,0,1,1,1,1785526780
2026-07-31T19:48:45Z,427,7,0,5,3,0,1,1,1,1785527192
2026-07-31T19:48:45Z,428,12,1,7,0,0,1,1,1,1785527152
2026-07-31T19:48:45Z,429,15,8,6,2,0,1,1,1,1785527187
2026-07-31T19:48:45Z,430,7,1,23,1,0,1,1,1,1785527253
2026-07-31T19:48:45Z,431,2,1,30,1,0,1,1,1,1785527315
2026-07-31T19:48:45Z,432,0,0,30,1,0,0,1,1,1785508564
2026-07-31T19:48:45Z,433,4,2,16,3,0,1,1,1,1785527082
2026-07-31T19:48:45Z,437,2,1,15,2,0,1,1,1,1785527301
2026-07-31T19:48:45Z,438,17,2,1,1,0,1,1,1,1785527042
2026-07-31T19:48:45Z,439,6,4,9,0,0,1,1,1,1785526566
2026-07-31T19:48:45Z,440,14,5,1,0,0,1,1,1,1785527273
2026-07-31T19:48:45Z,441,13,3,0,2,0,1,1,1,1785526462
2026-07-31T19:48:45Z,442,6,5,12,1,0,1,1,1,1785526479
2026-07-31T19:48:45Z,443,5,2,22,0,0,1,1,1,1785512432
2026-07-31T19:48:45Z,444,7,2,16,0,0,1,1,1,1785525529
2026-07-31T19:48:45Z,445,5,2,17,1,0,1,1,1,1785527273
2026-07-31T19:48:45Z,446,1,0,21,1,0,1,1,1,1785519783
2026-07-31T19:48:45Z,447,3,0,18,1,1,1,1,1,1785496389
2026-07-31T19:48:45Z,448,7,1,7,1,0,1,1,1,1785523571
2026-07-31T19:48:45Z,452,0,0,18,1,0,1,1,1,1785526085
2026-07-31T19:48:45Z,453,7,3,5,3,0,1,1,1,1785527183
2026-07-31T19:48:45Z,454,12,0,7,0,0,1,1,1,1785527221
2026-07-31T19:48:45Z,455,0,0,39,0,0,1,1,1,1785525963
2026-07-31T19:48:45Z,456,18,2,1,1,0,1,1,1,1785527198
2026-07-31T19:48:45Z,457,18,0,4,5,0,1,1,1,1785527024
2026-07-31T19:48:45Z,458,3,0,19,1,0,1,1,1,1785527165
2026-07-31T19:48:45Z,459,6,1,9,0,0,1,1,1,1785527266
2026-07-31T19:48:45Z,460,15,1,8,0,0,1,1,1,1785526947
2026-07-31T19:48:45Z,461,14,1,5,0,0,1,1,1,1785526552
2026-07-31T19:48:45Z,462,14,2,7,0,0,1,1,1,1785527181
2026-07-31T19:48:45Z,463,9,1,10,0,0,1,1,1,1785526740
2026-07-31T19:48:45Z,464,0,0,14,0,0,1,1,1,1785526617
2026-07-31T19:48:45Z,465,3,3,12,0,0,1,1,1,1785526318
2026-07-31T19:48:45Z,466,8,1,3,4,0,1,1,1,1785526859
2026-07-31T19:48:45Z,467,5,1,14,0,0,1,1,1,1785526075
2026-07-31T19:48:45Z,468,0,0,18,1,0,1,1,1,1785527178
2026-07-31T19:48:45Z,469,18,1,3,2,0,1,1,1,1785527104
2026-07-31T19:48:45Z,470,0,0,13,2,0,1,1,1,1785527290
2026-07-31T19:48:45Z,471,27,3,0,0,0,1,1,1,1785523482
2026-07-31T19:48:45Z,472,5,1,12,2,0,1,1,1,1785527074
2026-07-31T19:48:45Z,473,5,0,14,0,0,1,1,1,1785527170
2026-07-31T19:48:45Z,474,7,0,12,0,0,1,1,1,1785526823
2026-07-31T19:48:45Z,475,2,1,16,1,0,1,1,1,1785526671
2026-07-31T19:48:45Z,477,9,0,6,0,0,1,1,1,1785527216
2026-07-31T19:48:45Z,478,14,4,16,1,0,1,1,1,1785527140
2026-07-31T19:48:45Z,479,4,1,21,2,0,1,1,1,1785527258
2026-07-31T19:48:45Z,480,4,0,9,2,0,1,1,1,1785527228
2026-07-31T19:48:45Z,481,11,1,23,1,0,1,1,1,1785527111
2026-07-31T19:48:45Z,482,6,5,13,0,0,1,1,1,1785527313
2026-07-31T19:48:45Z,483,9,1,16,2,0,1,1,1,1785527195
2026-07-31T19:48:45Z,484,1,1,16,2,0,1,1,1,1785527163
2026-07-31T19:48:45Z,485,7,0,11,0,1,1,1,1,1785527063
2026-07-31T19:48:45Z,486,1,0,23,3,0,1,1,1,1785527292
2026-07-31T19:48:45Z,487,5,3,13,1,0,1,1,1,1785527149
2026-07-31T19:48:45Z,489,7,3,8,0,0,1,1,1,1785526709
2026-07-31T19:48:45Z,490,6,1,9,1,0,1,1,1,1785527183
2026-07-31T19:48:45Z,491,9,3,12,0,0,1,1,1,1785527290
2026-07-31T19:48:45Z,492,6,4,2,3,0,1,1,1,1785527311
2026-07-31T19:48:45Z,493,20,0,7,0,0,1,1,1,1785527218
2026-07-31T19:48:45Z,495,6,0,6,3,0,1,1,1,1785526809
2026-07-31T19:48:45Z,496,3,0,24,0,0,1,1,1,1785527278
2026-07-31T19:48:45Z,497,6,2,11,2,0,1,1,1,1785526131
2026-07-31T19:48:45Z,498,5,0,18,0,0,1,1,1,1785527314
2026-07-31T19:48:45Z,499,1,0,17,1,0,1,1,1,1785527115
2026-07-31T19:48:45Z,500,0,0,11,4,0,1,1,1,1785525419
2026-07-31T19:48:45Z,501,19,3,2,0,0,1,1,1,1785526875
2026-07-31T19:48:45Z,502,14,3,4,1,0,1,1,1,1785527251
2026-07-31T19:48:45Z,503,6,4,24,1,0,1,1,1,1785526584
2026-07-31T19:48:45Z,504,5,1,34,0,0,1,1,1,1785527269
2026-07-31T19:48:45Z,505,0,0,11,1,0,1,1,1,1785526242
2026-07-31T19:48:45Z,511,0,0,22,1,0,1,1,1,1785526844
2026-07-31T19:48:45Z,512,8,0,19,0,0,1,1,1,1785527033
2026-07-31T19:48:45Z,514,0,0,10,1,0,1,1,1,1785527227
2026-07-31T19:48:45Z,515,0,0,19,0,0,1,1,1,1785525329
2026-07-31T19:48:45Z,516,12,0,15,0,0,1,1,1,1785526443
2026-07-31T19:48:45Z,517,16,2,7,0,0,1,1,1,1785527038
2026-07-31T19:48:45Z,518,7,0,7,1,0,1,1,1,1785526879
2026-07-31T19:48:45Z,519,1,1,16,2,0,1,1,1,1785526743
2026-07-31T19:48:45Z,520,18,8,3,5,1,1,1,1,1785527313
2026-07-31T19:48:45Z,521,4,2,19,0,0,1,1,1,1785527228
2026-07-31T19:48:45Z,522,1,0,20,2,0,1,1,1,1785526623
2026-07-31T19:48:45Z,523,10,4,12,1,0,1,1,1,1785526816
2026-07-31T19:48:45Z,524,4,0,18,1,0,1,1,1,1785527204
2026-07-31T19:48:45Z,525,12,0,7,0,0,1,1,1,1785526782
2026-07-31T19:48:45Z,526,4,0,11,0,0,1,1,1,1785526757
2026-07-31T19:48:45Z,527,17,8,8,1,0,1,1,1,1785527297
2026-07-31T19:48:45Z,528,15,3,5,3,0,1,1,1,1785527308
2026-07-31T19:48:45Z,529,8,4,4,7,0,1,1,1,1785527315
2026-07-31T19:48:45Z,530,11,0,9,1,0,1,1,1,1785526531
2026-07-31T19:48:45Z,531,2,0,20,0,1,1,1,1,1785527305
2026-07-31T19:48:45Z,532,26,12,4,1,0,1,1,1,1785525498
2026-07-31T19:48:45Z,533,9,0,9,1,0,1,1,1,1785526058
2026-07-31T19:48:45Z,534,0,0,23,0,0,1,1,1,1785525411
2026-07-31T19:48:45Z,535,11,1,4,0,0,1,1,1,1785527169
2026-07-31T19:48:45Z,536,9,0,14,0,0,1,1,1,1785527127
2026-07-31T19:48:45Z,537,11,0,9,0,0,1,1,1,1785526709
2026-07-31T19:48:45Z,538,4,1,17,0,2,1,1,1,1785527168
2026-07-31T19:48:45Z,539,14,7,17,0,0,1,1,1,1785527131
2026-07-31T19:48:45Z,540,3,3,16,0,0,1,1,1,1785527135
2026-07-31T19:48:45Z,541,2,2,25,0,0,1,1,1,1785527029
2026-07-31T19:48:45Z,542,1,0,21,1,0,1,1,1,1785526482
2026-07-31T19:48:45Z,543,3,1,15,1,0,1,1,1,1785527312
2026-07-31T19:48:45Z,544,4,1,14,4,0,1,1,1,1785527206
2026-07-31T19:48:45Z,545,13,1,2,4,0,1,1,1,1785527293
2026-07-31T19:48:45Z,546,5,5,14,0,0,1,1,1,1785526689
2026-07-31T19:48:45Z,547,3,0,22,0,0,1,1,1,1785527169
2026-07-31T19:48:45Z,548,6,1,17,0,0,1,1,1,1785527160
2026-07-31T19:48:45Z,549,12,0,9,2,0,1,1,1,1785527301
2026-07-31T19:48:45Z,550,6,5,13,0,0,1,1,1,1785527315
2026-07-31T19:48:45Z,551,3,2,19,1,0,1,1,1,1785525539
2026-07-31T19:48:45Z,552,4,2,23,0,0,1,1,1,1785526986
2026-07-31T19:48:45Z,553,1,0,21,1,0,1,1,1,1785527267
2026-07-31T19:48:45Z,554,7,1,12,0,0,1,1,1,1785526232
2026-07-31T19:48:45Z,555,7,1,7,1,0,1,1,1,1785527052
2026-07-31T19:48:45Z,556,18,1,3,2,0,1,1,1,1785527189
2026-07-31T19:48:45Z,557,3,2,17,3,0,1,1,1,1785527176
2026-07-31T19:48:45Z,558,27,7,10,0,0,1,1,1,1785527283
2026-07-31T19:48:45Z,559,18,3,0,1,0,1,1,1,1785526617
2026-07-31T19:48:45Z,560,14,0,13,0,0,1,1,1,1785527106
2026-07-31T19:48:45Z,561,8,3,13,2,0,1,1,1,1785526053
2026-07-31T19:48:45Z,562,11,0,18,6,0,1,1,1,1785526932
2026-07-31T19:48:45Z,563,1,0,13,0,0,1,1,1,1785526628
2026-07-31T19:48:45Z,564,2,1,16,1,0,1,1,1,1785526722
2026-07-31T19:48:45Z,565,0,0,19,0,0,1,1,1,1785526992
2026-07-31T19:48:45Z,566,1,0,17,1,0,1,1,1,1785527315
2026-07-31T19:48:45Z,567,1,0,25,1,0,1,1,1,1785527182
2026-07-31T19:48:45Z,568,12,1,6,1,0,1,1,1,1785527292
2026-07-31T19:48:45Z,569,3,1,15,1,0,1,1,1,1785527013
2026-07-31T19:48:45Z,570,4,0,14,1,0,1,1,1,1785527298
2026-07-31T19:48:45Z,571,5,2,18,0,0,1,1,1,1785526904
2026-07-31T19:48:45Z,572,0,0,18,1,0,1,1,1,1785527105
2026-07-31T19:48:45Z,573,1,0,13,1,0,1,1,1,1785526698
2026-07-31T19:48:45Z,574,4,2,11,0,0,1,1,1,1785527009
2026-07-31T19:48:45Z,575,0,0,20,1,0,1,1,1,1785527149
2026-07-31T19:48:45Z,576,2,0,17,0,0,1,1,1,1785527254
2026-07-31T19:48:45Z,577,19,2,12,0,0,1,1,1,1785526568
2026-07-31T19:48:45Z,578,1,1,21,1,0,1,1,1,1785527096
2026-07-31T19:48:45Z,579,19,1,24,0,0,1,1,1,1785527315
2026-07-31T19:48:45Z,580,5,2,24,0,0,1,1,1,1785526984
2026-07-31T19:48:45Z,581,4,0,14,1,0,1,1,1,1785527234
2026-07-31T19:48:45Z,582,27,1,32,2,0,1,1,1,1785527314
2026-07-31T19:48:45Z,583,2,0,21,0,0,1,1,1,1785526801
2026-07-31T19:48:45Z,584,11,2,5,3,0,1,1,1,1785526862
2026-07-31T19:48:45Z,585,11,0,15,0,1,1,1,1,1785527287
2026-07-31T19:48:45Z,586,27,1,6,2,0,1,1,1,1785527268
2026-07-31T19:48:45Z,587,9,0,14,1,0,1,1,1,1785527307
2026-07-31T19:48:45Z,588,12,3,4,2,1,1,1,1,1785527302
2026-07-31T19:48:45Z,589,2,0,20,0,0,1,1,1,1785527203
2026-07-31T19:48:45Z,590,3,1,28,0,0,1,1,1,1785526544
2026-07-31T19:48:45Z,591,7,0,21,2,0,1,1,1,1785527247
2026-07-31T19:48:45Z,592,0,0,23,0,0,1,1,1,1785526340
2026-07-31T19:48:45Z,593,22,1,16,0,0,1,1,1,1785526495
2026-07-31T19:48:45Z,594,7,0,13,1,0,1,1,1,1785526892
2026-07-31T19:48:45Z,595,0,0,3,0,0,0,1,1,1784046673
2026-07-31T19:48:45Z,605,0,0,2,1,0,0,1,1,1783975843
2026-07-31T19:48:45Z,606,0,0,0,0,0,0,1,1,86400
2026-07-31T19:48:45Z,607,18,2,13,1,0,1,1,1,1785527313
2026-07-31T19:48:45Z,608,23,1,25,2,0,1,1,1,1785527310
2026-07-31T19:48:45Z,609,17,13,6,0,0,1,1,1,1785527264
2026-07-31T19:48:45Z,610,16,1,18,1,0,1,1,1,1785526992
2026-07-31T19:48:45Z,611,19,4,7,1,0,1,1,1,1785527297
2026-07-31T19:48:45Z,612,7,1,8,0,0,1,1,1,1785522916
2026-07-31T19:48:45Z,613,11,4,1,3,0,1,1,1,1785527187
2026-07-31T19:48:45Z,614,7,6,17,2,1,1,1,1,1785526821
2026-07-31T19:48:45Z,617,3,0,10,2,0,1,1,1,1785527015
2026-07-31T19:48:45Z,618,12,0,2,5,0,1,1,1,1785525185
2026-07-31T19:48:45Z,619,3,2,16,0,0,1,1,1,1785527224
2026-07-31T19:48:45Z,620,8,1,19,0,0,1,1,1,1785526315
2026-07-31T19:48:45Z,621,1,0,21,1,0,1,1,1,1785527271
2026-07-31T19:48:45Z,622,18,3,4,1,0,1,1,1,1785527014
2026-07-31T19:48:45Z,623,23,10,6,1,0,1,1,1,1785527151
2026-07-31T19:48:45Z,624,0,0,15,0,0,1,1,1,1785527033
2026-07-31T19:48:45Z,625,13,1,5,3,0,1,1,1,1785527268
2026-07-31T19:48:45Z,626,37,2,8,0,2,1,1,1,1785526898
2026-07-31T19:48:45Z,627,15,4,4,0,0,1,1,1,1785526494
2026-07-31T19:48:45Z,628,5,4,13,0,1,1,1,1,1785526248
2026-07-31T19:48:45Z,629,2,1,7,2,0,1,1,1,1785527204
2026-07-31T19:48:45Z,630,0,0,23,4,0,1,1,1,1785527266
2026-07-31T19:48:45Z,631,14,8,9,0,0,1,1,1,1785527288
2026-07-31T19:48:45Z,632,18,1,3,2,0,1,1,1,1785524733
2026-07-31T19:48:45Z,633,12,3,0,3,0,1,1,1,1785526124
2026-07-31T19:48:45Z,634,11,2,8,0,0,1,1,1,1785527120
2026-07-31T19:48:45Z,635,15,0,3,1,0,1,1,1,1785526790
2026-07-31T19:48:45Z,636,7,2,8,0,0,1,1,1,1785526430
2026-07-31T19:48:45Z,637,8,2,9,2,0,1,1,1,1785527161
2026-07-31T19:48:45Z,638,4,1,13,2,0,1,1,1,1785527182
2026-07-31T19:48:45Z,639,7,1,10,2,0,1,1,1,1785501255
2026-07-31T19:48:45Z,640,12,8,10,1,0,1,1,1,1785527196
2026-07-31T19:48:45Z,641,5,0,22,0,0,1,1,1,1785527011
2026-07-31T19:48:45Z,642,9,3,2,8,0,1,1,1,1785527315
2026-07-31T19:48:45Z,643,9,0,10,8,0,1,1,1,1785527314
2026-07-31T19:48:45Z,644,12,1,1,2,0,1,1,1,1785527250
2026-07-31T19:48:45Z,645,12,1,9,1,1,1,1,1,1785525372
2026-07-31T19:48:45Z,646,2,0,16,1,0,1,1,1,1785525563
2026-07-31T19:48:45Z,647,6,0,25,0,0,1,1,1,1785527099
2026-07-31T19:48:45Z,648,2,0,16,1,0,1,1,1,1785527193
2026-07-31T19:48:45Z,649,10,9,21,0,0,1,1,1,1785527030
2026-07-31T19:48:45Z,650,5,1,9,0,0,1,1,1,1785526439
2026-07-31T19:48:45Z,651,0,0,23,0,0,1,1,1,1785525956
2026-07-31T19:48:45Z,652,0,0,20,3,0,1,1,1,1785527042
2026-07-31T19:48:45Z,653,1,0,17,1,0,1,1,1,1785526441
2026-07-31T19:48:45Z,654,4,1,11,0,0,1,1,1,1785527304
2026-07-31T19:48:45Z,655,8,4,0,4,1,1,1,1,1785527182
2026-07-31T19:48:45Z,656,4,2,15,0,0,1,1,1,1785527294
2026-07-31T19:48:45Z,657,10,4,3,2,2,1,1,1,1785527296
2026-07-31T19:48:45Z,658,7,1,3,0,0,1,1,1,1785526893
2026-07-31T19:48:45Z,659,7,4,6,2,0,1,1,1,1785526201
2026-07-31T19:48:45Z,660,26,7,1,4,0,1,1,1,1785527291
2026-07-31T19:48:45Z,661,15,4,4,0,0,1,1,1,1785527303
2026-07-31T19:48:45Z,662,6,3,14,3,0,1,1,1,1785526394
2026-07-31T19:48:45Z,663,1,1,14,0,0,1,1,1,1785526455
2026-07-31T19:48:45Z,664,20,1,6,1,0,1,1,1,1785527277
2026-07-31T19:48:45Z,665,11,4,4,0,0,1,1,1,1785525553
2026-07-31T19:48:45Z,666,4,2,8,3,0,1,1,1,1785526234
2026-07-31T19:48:45Z,667,5,2,12,2,0,1,1,1,1785527080
2026-07-31T19:48:45Z,668,1,0,18,0,0,1,1,1,1785527255
2026-07-31T19:48:45Z,669,7,3,5,2,0,1,1,1,1785526328
2026-07-31T19:48:45Z,670,18,0,6,3,0,1,1,1,1785527315
2026-07-31T19:48:45Z,671,18,5,9,0,0,1,1,1,1785527190
2026-07-31T19:48:45Z,672,2,0,17,3,1,1,1,1,1785526635
2026-07-31T19:48:45Z,673,12,0,11,0,0,1,1,1,1785526898
2026-07-31T19:48:45Z,674,10,2,11,2,0,1,1,1,1785527247
2026-07-31T19:48:45Z,675,2,1,11,2,0,1,1,1,1785525980
2026-07-31T19:48:45Z,676,5,0,16,1,0,1,1,1,1785526701
2026-07-31T19:48:45Z,681,9,5,4,1,1,1,1,1,1785526914
2026-07-31T19:48:45Z,682,5,1,14,0,0,1,1,1,1785522108
2026-07-31T19:48:45Z,683,2,2,17,0,0,1,1,1,1785519895
2026-07-31T19:48:45Z,684,3,1,24,0,0,1,1,1,1785518528
2026-07-31T19:48:45Z,685,6,0,19,1,1,1,1,1,1785525624
2026-07-31T19:48:45Z,686,9,0,15,3,0,1,1,1,1785527045
2026-07-31T19:48:45Z,687,13,1,16,1,1,1,1,1,1785527073
2026-07-31T19:48:45Z,688,11,0,1,7,0,1,1,1,1785510286
2026-07-31T19:48:45Z,692,8,3,13,0,0,1,1,1,1785526321
2026-07-31T19:48:45Z,693,6,0,2,3,0,1,1,1,1785527011
2026-07-31T19:48:45Z,694,13,7,8,0,0,1,1,1,1785526857
2026-07-31T19:48:45Z,695,7,6,16,0,0,1,1,1,1785527311
2026-07-31T19:48:45Z,696,9,5,14,0,0,1,1,1,1785527261
2026-07-31T19:48:45Z,697,14,1,9,0,0,1,1,1,1785527165
2026-07-31T19:48:45Z,698,6,0,21,0,0,1,1,1,1785527314
2026-07-31T19:48:45Z,699,7,0,7,1,0,1,1,1,1785525570
2026-07-31T19:48:45Z,700,16,1,2,1,0,1,1,1,1785526462
2026-07-31T19:48:45Z,701,14,5,5,0,0,1,1,1,1785526999
2026-07-31T19:48:45Z,702,7,2,15,1,0,1,1,1,1785527311
2026-07-31T19:48:45Z,704,2,0,13,0,0,1,1,1,1785526526
2026-07-31T19:48:45Z,705,2,1,13,0,0,1,1,1,1785526070
2026-07-31T19:48:45Z,706,4,1,9,2,0,1,1,1,1785526934
2026-07-31T19:48:45Z,707,11,1,4,0,0,1,1,1,1785525698
2026-07-31T19:48:45Z,708,2,0,16,1,0,1,1,1,1785527116
2026-07-31T19:48:45Z,709,5,1,7,3,0,1,1,1,1785526865
2026-07-31T19:48:45Z,710,1,1,18,0,0,1,1,1,1785527298
2026-07-31T19:48:45Z,711,3,0,17,3,0,1,1,1,1785527225
2026-07-31T19:48:45Z,712,6,6,9,0,0,1,1,1,1785526959
2026-07-31T19:48:45Z,713,3,1,20,0,0,1,1,1,1785526657
2026-07-31T19:48:45Z,716,4,2,11,0,0,1,1,1,1785527287
2026-07-31T19:48:45Z,717,4,2,19,2,0,1,1,1,1785526418
2026-07-31T19:48:45Z,718,12,1,1,2,0,1,1,1,1785527292
2026-07-31T19:48:45Z,719,8,1,21,0,0,1,1,1,1785526597
2026-07-31T19:48:45Z,720,0,0,19,0,0,1,1,1,1785525744
2026-07-31T19:48:45Z,721,10,0,9,4,0,1,1,1,1785527182
2026-07-31T19:48:45Z,722,6,0,9,0,0,1,1,1,1785525517
2026-07-31T19:48:45Z,723,13,2,10,0,0,1,1,1,1785525710
2026-07-31T19:48:45Z,724,6,1,17,0,0,1,1,1,1785526759
2026-07-31T19:48:45Z,725,3,2,19,1,0,1,1,1,1785527309
2026-07-31T19:48:45Z,726,4,0,13,2,0,1,1,1,1785527292
2026-07-31T19:48:45Z,727,10,5,12,1,0,1,1,1,1785526580
2026-07-31T19:48:45Z,728,10,1,4,1,0,1,1,1,1785526050
2026-07-31T19:48:45Z,729,5,0,14,0,0,1,1,1,1785527187
2026-07-31T19:48:45Z,730,1,1,11,3,0,1,1,1,1785526648
2026-07-31T19:48:45Z,731,11,3,2,2,0,1,1,1,1785525782
2026-07-31T19:48:45Z,732,5,4,10,0,0,1,1,1,1785526876
2026-07-31T19:48:45Z,733,6,0,21,0,0,1,1,1,1785527293
2026-07-31T19:48:45Z,734,7,4,7,0,0,1,1,1,1785526705
2026-07-31T19:48:45Z,735,17,8,10,0,0,1,1,1,1785527218
2026-07-31T19:48:45Z,736,11,1,7,1,0,1,1,1,1785527169
2026-07-31T19:48:45Z,737,4,2,10,0,1,1,1,1,1785526267
2026-07-31T19:48:45Z,738,13,7,6,0,0,1,1,1,1785526616
2026-07-31T19:48:45Z,739,18,0,8,1,0,1,1,1,1785527230
2026-07-31T19:48:45Z,741,9,0,14,0,0,1,1,1,1785526111
2026-07-31T19:48:45Z,742,21,5,13,1,0,1,1,1,1785526941
2026-07-31T19:48:45Z,743,7,4,11,1,0,1,1,1,1785525989
2026-07-31T19:48:45Z,744,9,1,6,0,0,1,1,1,1785525957
2026-07-31T19:48:45Z,745,12,4,7,0,0,1,1,1,1785526505
2026-07-31T19:48:45Z,746,1,0,21,1,0,1,1,1,1785526999
2026-07-31T19:48:45Z,747,0,0,4,0,0,0,1,1,1783446606
2026-07-31T19:48:45Z,748,9,1,14,0,0,1,1,1,1785525537
2026-07-31T19:48:45Z,749,3,0,19,1,0,1,1,1,1785527296
2026-07-31T19:48:45Z,750,0,0,11,0,0,1,1,1,1785526965
2026-07-31T19:48:45Z,751,20,16,3,0,0,1,1,1,1785527228
2026-07-31T19:48:45Z,752,10,0,6,1,0,1,1,1,1785526966
2026-07-31T19:48:45Z,753,4,0,10,1,0,1,1,1,1785527291
2026-07-31T19:48:45Z,754,8,3,7,0,0,1,1,1,1785527079
2026-07-31T19:48:45Z,755,7,0,15,1,0,1,1,1,1785527178
2026-07-31T19:48:45Z,756,19,18,17,1,0,1,1,1,1785527188
2026-07-31T19:48:45Z,757,6,6,13,0,0,1,1,1,1785527282
2026-07-31T19:48:45Z,758,3,2,20,0,0,1,1,1,1785526922
2026-07-31T19:48:45Z,759,0,0,0,0,0,1,1,1,86400
2026-07-31T19:48:45Z,760,9,3,10,0,0,1,1,1,1785526292
2026-07-31T19:48:45Z,761,10,1,12,1,0,1,1,1,1785526540
2026-07-31T19:48:45Z,762,3,2,7,5,0,1,1,1,1785527237
2026-07-31T19:48:45Z,768,7,0,8,4,0,1,1,1,1785526941
2026-07-31T19:48:45Z,769,8,5,9,2,0,1,1,1,1785527150
2026-07-31T19:48:45Z,770,6,2,11,2,0,1,1,1,1785526301
2026-07-31T19:48:45Z,771,12,2,2,1,0,1,1,1,1785525745
2026-07-31T19:48:45Z,772,6,0,9,0,0,1,1,1,1785527218
2026-07-31T19:48:45Z,773,18,5,1,0,0,1,1,1,1785527313
2026-07-31T19:48:45Z,774,5,2,5,5,0,1,1,1,1785527138
2026-07-31T19:48:45Z,775,8,1,9,1,1,1,1,1,1785523731
2026-07-31T19:48:45Z,776,3,1,17,1,0,1,1,1,1785526566
2026-07-31T19:48:45Z,777,12,4,3,0,0,1,1,1,1785526309
2026-07-31T19:48:45Z,778,11,0,5,3,0,1,1,1,1785526948
2026-07-31T19:48:45Z,779,4,0,14,1,0,1,1,1,1785527272
2026-07-31T19:48:45Z,780,8,4,10,1,0,1,1,1,1785527213
2026-07-31T19:48:45Z,781,2,1,7,2,0,1,1,1,1785526920
2026-07-31T19:48:45Z,782,1,0,14,4,0,1,1,1,1785526002
2026-07-31T19:48:45Z,783,8,1,11,0,0,1,1,1,1785527053
2026-07-31T19:48:45Z,784,3,0,16,0,0,1,1,1,1785527098
2026-07-31T19:48:45Z,785,10,2,3,6,0,1,1,1,1785527277
2026-07-31T19:48:45Z,786,10,5,9,0,0,1,1,1,1785526934
2026-07-31T19:48:45Z,787,6,3,8,1,0,1,1,1,1785526506
2026-07-31T19:48:45Z,788,2,0,13,0,0,1,1,1,1785525727
2026-07-31T19:48:45Z,789,7,2,4,4,0,1,1,1,1785525935
2026-07-31T19:48:45Z,790,3,0,19,1,0,1,1,1,1785527303
2026-07-31T19:48:45Z,791,7,0,11,0,1,1,1,1,1785526040
2026-07-31T19:48:45Z,793,4,0,10,1,0,1,1,1,1785526060
2026-07-31T19:48:45Z,794,23,7,4,2,0,1,1,1,1785527245
2026-07-31T19:48:45Z,796,4,2,14,1,0,1,1,1,1785526736
2026-07-31T19:48:45Z,797,6,2,9,0,0,1,1,1,1785525920
2026-07-31T19:48:45Z,798,12,0,11,2,0,1,1,1,1785527285
2026-07-31T19:48:45Z,799,12,2,3,4,0,1,1,1,1785525896
2026-07-31T19:48:45Z,800,3,0,17,1,0,1,1,1,1785526717
2026-07-31T19:48:45Z,801,6,1,11,4,0,1,1,1,1785526030
2026-07-31T19:48:45Z,802,8,0,23,0,0,1,1,1,1785526150
2026-07-31T19:48:45Z,803,0,0,15,0,0,1,1,1,1785525695
2026-07-31T19:48:45Z,806,1,0,13,1,0,1,1,1,1785526582
2026-07-31T19:48:45Z,807,16,9,6,3,0,1,1,1,1785527241
2026-07-31T19:48:45Z,808,20,6,2,3,0,1,1,1,1785525702
2026-07-31T19:48:45Z,809,3,0,19,1,0,1,1,1,1785525935
2026-07-31T19:48:45Z,810,4,2,13,2,0,1,1,1,1785526311
2026-07-31T19:48:45Z,815,3,1,6,5,1,1,1,1,1785526734
2026-07-31T19:48:45Z,817,13,7,2,0,0,1,1,1,1785527042
2026-07-31T19:48:45Z,818,4,0,19,0,0,1,1,1,1785526626
2026-07-31T19:48:45Z,819,10,4,5,0,0,1,1,1,1785525935
2026-07-31T19:48:45Z,820,9,1,8,0,0,1,1,1,1785526924
2026-07-31T19:48:45Z,821,3,2,12,0,0,1,1,1,1785526028
2026-07-31T19:48:45Z,822,2,0,19,2,0,1,1,1,1785527260
2026-07-31T19:48:45Z,823,14,2,1,0,0,1,1,1,1785527263
2026-07-31T19:48:45Z,824,15,5,3,1,0,1,1,1,1785527208
2026-07-31T19:48:45Z,825,7,5,8,0,0,1,1,1,1785521169
2026-07-31T19:48:45Z,826,9,1,8,2,0,1,1,1,1785526900
2026-07-31T19:48:45Z,827,17,3,2,2,0,1,1,1,1785526441
2026-07-31T19:48:45Z,828,10,0,6,2,0,1,1,1,1785526278
2026-07-31T19:48:45Z,829,17,6,10,0,0,1,1,1,1785527199
2026-07-31T19:48:45Z,830,15,0,7,1,0,1,1,1,1785527296
2026-07-31T19:48:45Z,831,6,3,7,2,0,1,1,1,1785527276
2026-07-31T19:48:45Z,832,8,2,7,3,0,1,1,1,1785527246
2026-07-31T19:48:45Z,833,1,1,17,1,0,1,1,1,1785527190
2026-07-31T19:48:45Z,834,19,0,3,2,0,1,1,1,1785527215
2026-07-31T19:48:45Z,835,0,0,17,1,0,1,1,1,1785527276
2026-07-31T19:48:45Z,838,4,1,10,1,0,1,1,1,1785526978
2026-07-31T19:48:45Z,839,21,1,6,2,0,1,1,1,1785527138
2026-07-31T19:48:45Z,840,2,0,26,1,0,1,1,1,1785526955
2026-07-31T19:48:45Z,841,7,1,8,0,0,1,1,1,1785527263
2026-07-31T19:48:45Z,842,2,0,21,0,0,1,1,1,1785527173
2026-07-31T19:48:45Z,843,11,0,20,0,0,1,1,1,1785525707
2026-07-31T19:48:45Z,844,5,0,18,0,0,1,1,1,1785525594
2026-07-31T19:48:45Z,845,4,3,13,2,0,1,1,1,1785525707
2026-07-31T19:48:45Z,846,3,1,15,1,0,1,1,1,1785526659
2026-07-31T19:48:45Z,847,6,1,20,1,0,1,1,1,1785526555
2026-07-31T19:48:45Z,848,4,4,14,1,0,1,1,1,1785527082
2026-07-31T19:48:45Z,849,7,0,7,1,0,1,1,1,1785526501
2026-07-31T19:48:45Z,850,3,0,7,1,0,1,1,1,1785526892
2026-07-31T19:48:45Z,851,3,3,32,2,0,1,1,1,1785527303
2026-07-31T19:48:45Z,852,11,6,8,0,0,1,1,1,1785527207
2026-07-31T19:48:45Z,853,12,5,11,0,0,1,1,1,1785526356
2026-07-31T19:48:45Z,854,3,2,12,0,0,1,1,1,1785526328
2026-07-31T19:48:45Z,855,27,0,0,0,0,1,1,1,1785524493
2026-07-31T19:48:45Z,857,12,5,5,2,0,1,1,1,1785527178
2026-07-31T19:48:45Z,858,5,2,13,1,0,1,1,1,1785526107
2026-07-31T19:48:45Z,859,8,0,12,1,0,1,1,1,1785526817
2026-07-31T19:48:45Z,861,7,0,3,1,0,1,1,1,1785506303
2026-07-31T19:48:45Z,862,4,2,11,0,0,1,1,1,1785527305
2026-07-31T19:48:45Z,863,11,0,7,1,0,1,1,1,1785526731
2026-07-31T19:48:45Z,866,12,3,7,0,0,1,1,1,1785525860
2026-07-31T19:48:45Z,867,14,2,1,0,0,1,1,1,1785526908
2026-07-31T19:48:45Z,868,7,0,8,0,0,1,1,1,1785527299
2026-07-31T19:48:45Z,870,9,6,6,0,0,1,1,1,1785525568
2026-07-31T19:48:45Z,871,0,0,10,1,0,1,1,1,1785526714
2026-07-31T19:48:45Z,872,0,0,14,1,0,1,1,1,1785527290
2026-07-31T19:48:45Z,873,24,1,8,1,0,1,1,1,1785527049
2026-07-31T19:48:45Z,874,3,0,9,3,0,1,1,1,1785526889
2026-07-31T19:48:45Z,875,10,7,4,1,0,1,1,1,1785526589
2026-07-31T19:48:45Z,877,13,12,6,0,0,1,1,1,1785526971
2026-07-31T19:48:45Z,878,3,3,16,0,0,1,1,1,1785525728
2026-07-31T19:48:45Z,879,3,1,16,0,0,1,1,1,1785526614
2026-07-31T19:48:45Z,880,0,0,22,1,0,1,1,1,1785526587
2026-07-31T19:48:45Z,881,2,0,17,0,0,1,1,1,1785525590
2026-07-31T19:48:45Z,882,9,4,9,1,0,1,1,1,1785513298
2026-07-31T19:48:45Z,883,9,4,10,0,0,1,1,1,1785525795
2026-07-31T19:48:45Z,884,10,6,11,0,0,1,1,1,1785526988
2026-07-31T19:48:45Z,885,0,0,19,0,0,1,1,1,1785527207
2026-07-31T19:48:45Z,886,10,0,19,0,0,1,1,1,1785527301
2026-07-31T19:48:45Z,887,6,3,8,3,0,1,1,1,1785526386
2026-07-31T19:48:45Z,888,10,1,29,1,1,1,1,1,1785527215
2026-07-31T19:48:45Z,889,2,0,15,2,0,1,1,1,1785527220
2026-07-31T19:48:45Z,890,7,4,8,0,0,1,1,1,1785526182
2026-07-31T19:48:45Z,891,21,0,2,0,0,1,1,1,1785526754
2026-07-31T19:48:45Z,892,9,1,6,0,0,1,1,1,1785523247
2026-07-31T19:48:45Z,895,2,0,17,0,0,1,1,1,1785526379
2026-07-31T19:48:45Z,896,9,0,26,0,0,1,1,1,1785526343
2026-07-31T19:48:45Z,897,12,1,9,0,0,1,1,1,1785525625
2026-07-31T19:48:45Z,898,3,0,16,0,0,1,1,1,1785527280
2026-07-31T19:48:45Z,899,1,0,17,1,0,1,1,1,1785527163
2026-07-31T19:48:45Z,900,1,0,26,0,0,1,1,1,1785527281
2026-07-31T19:48:45Z,901,2,0,16,1,0,1,1,1,1785527300
2026-07-31T19:48:45Z,902,6,1,9,0,0,1,1,1,1785527036
2026-07-31T19:48:45Z,903,4,0,14,1,0,1,1,1,1785526596
2026-07-31T19:48:45Z,904,10,5,8,1,0,1,1,1,1785525713
2026-07-31T19:48:45Z,905,8,3,18,1,0,1,1,1,1785527225
2026-07-31T19:48:45Z,906,13,3,13,1,0,1,1,1,1785526284
2026-07-31T19:48:45Z,907,3,1,28,0,0,1,1,1,1785527200
2026-07-31T19:48:45Z,908,8,0,15,0,0,1,1,1,1785525722
2026-07-31T19:48:45Z,909,6,6,17,0,0,1,1,1,1785527279
2026-07-31T19:48:45Z,910,19,1,12,0,0,1,1,1,1785527236
2026-07-31T19:48:45Z,911,4,1,15,0,0,1,1,1,1785527061
2026-07-31T19:48:45Z,912,18,0,4,1,0,1,1,1,1785527289
2026-07-31T19:48:45Z,913,6,3,13,0,0,1,1,1,1785527278
2026-07-31T19:48:45Z,914,12,0,7,0,0,1,1,1,1785527179
2026-07-31T19:48:45Z,915,20,3,1,2,0,1,1,1,1785527313
2026-07-31T19:48:45Z,916,1,0,21,1,0,1,1,1,1785527126
2026-07-31T19:48:45Z,917,13,0,20,2,0,1,1,1,1785526743
2026-07-31T19:48:45Z,918,11,0,5,3,0,1,1,1,1785527076
2026-07-31T19:48:45Z,919,15,1,24,0,0,1,1,1,1785527175
2026-07-31T19:48:45Z,920,7,2,12,0,0,1,1,1,1785526027
2026-07-31T19:48:45Z,921,16,1,5,0,0,1,1,1,1785527222
2026-07-31T19:48:45Z,922,1,1,20,0,0,1,1,1,1785526249
2026-07-31T19:48:45Z,923,1,1,18,0,0,1,1,1,1785527056
2026-07-31T19:48:45Z,924,7,0,13,1,0,1,1,1,1785526413
2026-07-31T19:48:45Z,925,12,0,9,0,0,1,1,1,1785525913
2026-07-31T19:48:45Z,926,1,0,20,0,0,1,1,1,1785527162
2026-07-31T19:48:45Z,927,29,1,5,1,0,1,1,1,1785526737
2026-07-31T19:48:45Z,928,0,0,19,0,0,0,1,1,1785500252
2026-07-31T19:48:45Z,929,19,1,4,0,0,1,1,1,1785527080
2026-07-31T19:48:45Z,930,2,0,28,1,0,1,1,1,1785527035
2026-07-31T19:48:45Z,931,0,0,23,0,0,1,1,1,1785527153
2026-07-31T19:48:45Z,932,2,0,15,2,0,1,1,1,1785526798
2026-07-31T19:48:45Z,933,13,0,9,1,0,1,1,1,1785527049
2026-07-31T19:48:45Z,934,21,0,9,1,0,1,1,1,1785527250
2026-07-31T19:48:45Z,935,4,0,14,1,0,1,1,1,1785527086
2026-07-31T19:48:45Z,936,12,1,7,0,0,1,1,1,1785527087
2026-07-31T19:48:45Z,940,3,1,7,1,0,1,1,1,1785527313
2026-07-31T19:48:45Z,941,12,0,11,2,0,1,1,1,1785526777
2026-07-31T19:48:45Z,942,14,1,7,0,0,1,1,1,1785526978
2026-07-31T19:48:45Z,943,8,8,7,0,0,1,1,1,1785525564
2026-07-31T19:48:45Z,944,10,8,5,0,0,1,1,1,1785527221
2026-07-31T19:48:45Z,945,10,8,5,0,0,1,1,1,1785526743
2026-07-31T19:48:45Z,946,7,5,12,0,0,1,1,1,1785523835
2026-07-31T19:48:45Z,947,7,5,10,0,0,1,1,1,1785527240
2026-07-31T19:48:45Z,948,18,10,9,4,0,1,1,1,1785527214
2026-07-31T19:48:45Z,949,6,5,9,0,0,1,1,1,1785527290
2026-07-31T19:48:45Z,950,1,0,14,2,0,1,1,1,1785527234
2026-07-31T19:48:45Z,951,19,4,4,0,0,1,1,1,1785527178
2026-07-31T19:48:45Z,952,21,5,33,1,0,1,1,1,1785527254
2026-07-31T19:48:45Z,953,2,0,12,1,0,1,1,1,1785527027
2026-07-31T19:48:45Z,954,2,0,17,0,0,1,1,1,1785526115
2026-07-31T19:48:45Z,955,9,3,12,5,1,1,1,1,1785526409
2026-07-31T19:48:45Z,956,8,1,13,2,0,1,1,1,1785527163
2026-07-31T19:48:45Z,957,7,0,21,1,0,1,1,1,1785526752
2026-07-31T19:48:45Z,958,10,2,20,1,0,1,1,1,1785527312
2026-07-31T19:48:45Z,959,4,3,18,1,0,1,1,1,1785527187
2026-07-31T19:48:45Z,960,6,1,17,0,0,1,1,1,1785527268
2026-07-31T19:48:45Z,961,7,1,13,3,0,1,1,1,1785527080
2026-07-31T19:48:45Z,962,9,3,23,3,0,1,1,1,1785526569
2026-07-31T19:48:45Z,963,3,0,19,1,0,1,1,1,1785527130
2026-07-31T19:48:45Z,964,7,5,16,0,0,1,1,1,1785527074
2026-07-31T19:48:45Z,965,11,6,15,1,0,1,1,1,1785525814
2026-07-31T19:48:45Z,966,20,0,9,2,0,1,1,1,1785527257
2026-07-31T19:48:45Z,967,2,0,17,2,0,1,1,1,1785527126
2026-07-31T19:48:45Z,968,12,0,6,1,0,1,1,1,1785527253
2026-07-31T19:48:45Z,969,2,0,23,2,0,1,1,1,1785526547
2026-07-31T19:48:45Z,970,0,0,17,2,0,1,1,1,1785527228
2026-07-31T19:48:45Z,971,1,0,21,1,0,1,1,1,1785527296
2026-07-31T19:48:45Z,972,10,3,12,1,0,1,1,1,1785527253
2026-07-31T19:48:45Z,973,7,2,15,1,0,1,1,1,1785526804
2026-07-31T19:48:45Z,974,19,0,7,1,0,1,1,1,1785527022
2026-07-31T19:48:45Z,977,5,0,14,2,0,1,1,1,1785525680
2026-07-31T19:48:45Z,978,18,0,5,0,0,1,1,1,1785526582
2026-07-31T19:48:45Z,979,8,1,9,0,0,1,1,1,1785526877
2026-07-31T19:48:45Z,980,12,1,8,1,0,1,1,1,1785527315
2026-07-31T19:48:45Z,981,6,0,15,0,0,1,1,1,1785527023
2026-07-31T19:48:45Z,982,3,1,15,1,0,1,1,1,1785527294
2026-07-31T19:48:45Z,983,5,3,18,0,0,1,1,1,1785525937
2026-07-31T19:48:45Z,984,6,0,17,0,0,1,1,1,1785527063
2026-07-31T19:48:45Z,985,1,0,30,0,0,1,1,1,1785527268
2026-07-31T19:48:45Z,986,3,0,16,0,0,1,1,1,1785527295
2026-07-31T19:48:45Z,987,6,0,17,0,0,1,1,1,1785526051
2026-07-31T19:48:45Z,988,7,3,12,0,0,1,1,1,1785525649
2026-07-31T19:48:45Z,989,9,4,10,0,0,1,1,1,1785526447
2026-07-31T19:48:45Z,990,11,0,3,1,0,1,1,1,1785527111
2026-07-31T19:48:45Z,991,9,0,9,1,0,1,1,1,1785527196
2026-07-31T19:48:45Z,992,9,5,14,0,0,1,1,1,1785526264
2026-07-31T19:48:45Z,993,4,3,22,1,0,1,1,1,1785527128
2026-07-31T19:48:45Z,994,0,0,21,0,0,1,1,1,1785526505
2026-07-31T19:48:45Z,995,6,0,21,0,0,1,1,1,1785526626
2026-07-31T19:48:45Z,996,8,2,15,0,0,1,1,1,1785525550
2026-07-31T19:48:45Z,997,5,4,6,9,3,1,1,1,1785526005
2026-07-31T19:48:45Z,998,5,4,18,0,0,1,1,1,1785525810
2026-07-31T19:48:45Z,999,4,1,15,1,1,1,1,1,1785525524
2026-07-31T19:48:45Z,1000,3,1,18,0,0,1,1,1,1785526358
2026-07-31T19:48:45Z,1001,5,3,22,0,0,1,1,1,1785525868
2026-07-31T19:48:45Z,1002,2,2,28,1,0,1,1,1,1785525895
2026-07-31T19:48:45Z,1003,0,0,23,0,0,1,1,1,1785527266
2026-07-31T19:48:45Z,1004,9,2,14,0,0,1,1,1,1785526746
2026-07-31T19:48:45Z,1005,18,1,5,0,0,1,1,1,1785525640
2026-07-31T19:48:45Z,1006,7,4,12,0,0,1,1,1,1785527266
2026-07-31T19:48:45Z,1007,1,1,20,0,0,1,1,1,1785526908
2026-07-31T19:48:45Z,1008,8,7,15,0,0,1,1,1,1785526440
2026-07-31T19:48:45Z,1009,22,5,8,1,0,1,1,1,1785526359
2026-07-31T19:48:45Z,1010,8,2,19,0,0,1,1,1,1785527164
2026-07-31T19:48:45Z,1011,6,2,11,2,0,1,1,1,1785525821
2026-07-31T19:48:45Z,1012,5,3,16,2,0,1,1,1,1785527228
2026-07-31T19:48:45Z,1013,4,1,18,1,0,1,1,1,1785525862
2026-07-31T19:48:45Z,1014,9,4,14,0,0,1,1,1,1785525935
2026-07-31T19:48:45Z,1015,4,3,26,1,0,1,1,1,1785526271
2026-07-31T19:48:45Z,1016,10,5,21,0,0,1,1,1,1785527167
2026-07-31T19:48:45Z,1017,14,5,7,0,0,1,1,1,1785526621
2026-07-31T19:48:45Z,1018,7,3,15,0,0,1,1,1,1785527307
2026-07-31T19:48:45Z,1019,8,5,7,0,0,1,1,1,1785527180
2026-07-31T19:48:45Z,1020,19,5,2,0,0,1,1,1,1785526486
2026-07-31T19:48:45Z,1021,9,4,6,0,0,1,1,1,1785526167
2026-07-31T19:48:45Z,1022,14,0,13,0,0,1,1,1,1785525617
2026-07-31T19:48:45Z,1023,14,2,9,0,0,1,1,1,1785527058
2026-07-31T19:48:45Z,1024,6,2,13,0,0,1,1,1,1785526872
2026-07-31T19:48:45Z,1025,4,0,14,0,1,1,1,1,1785525594
2026-07-31T19:48:45Z,1026,12,9,18,1,0,1,1,1,1785526799
2026-07-31T19:48:45Z,1028,3,1,20,0,0,1,1,1,1785525585
2026-07-31T19:48:45Z,1029,12,10,3,0,0,1,1,1,1785526475
2026-07-31T19:48:45Z,1030,13,4,10,0,0,1,1,1,1785526279
2026-07-31T19:48:45Z,1031,9,1,10,0,0,1,1,1,1785526593
2026-07-31T19:48:45Z,1032,7,1,12,0,0,1,1,1,1785527264
2026-07-31T19:48:45Z,1033,9,5,10,0,0,1,1,1,1785526694
2026-07-31T19:48:45Z,1034,4,1,11,0,0,1,1,1,1785527249
2026-07-31T19:48:45Z,1035,1,0,17,1,0,1,1,1,1785527270
2026-07-31T19:48:45Z,1036,12,0,3,0,0,1,1,1,1785526013
2026-07-31T19:48:45Z,1037,3,1,15,1,0,1,1,1,1785526530
2026-07-31T19:48:45Z,1038,1,0,14,0,0,1,1,1,1785526940
2026-07-31T19:48:45Z,1039,7,1,12,0,0,1,1,1,1785525601
2026-07-31T19:48:45Z,1040,8,5,11,0,0,1,1,1,1785527315
2026-07-31T19:48:45Z,1041,11,3,8,0,0,1,1,1,1785527184
2026-07-31T19:48:45Z,1042,14,2,0,1,0,1,1,1,1785527211
2026-07-31T19:48:45Z,1043,10,4,8,1,0,1,1,1,1785525528
2026-07-31T19:48:45Z,1044,1,0,14,0,0,1,1,1,1785526995
2026-07-31T19:48:45Z,1045,9,0,10,0,0,1,1,1,1785527247
2026-07-31T19:48:45Z,1046,9,0,6,0,0,1,1,1,1785526620
2026-07-31T19:48:45Z,1047,4,0,17,0,0,1,1,1,1785526216
2026-07-31T19:48:45Z,1048,5,0,14,0,0,1,1,1,1785527227
2026-07-31T19:48:45Z,1049,0,0,21,0,0,1,1,1,1785525512
2026-07-31T19:48:45Z,1050,16,4,5,0,0,1,1,1,1785526613
2026-07-31T19:48:45Z,1051,8,2,13,0,0,1,1,1,1785526484
2026-07-31T19:48:45Z,1052,16,1,5,1,0,1,1,1,1785527117
2026-07-31T19:48:45Z,1053,2,1,13,0,0,1,1,1,1785527128
2026-07-31T19:48:45Z,1054,15,1,0,0,0,1,1,1,1785525566
2026-07-31T19:48:45Z,1055,8,1,11,0,0,1,1,1,1785525580
2026-07-31T19:48:45Z,1057,13,3,6,0,0,1,1,1,1785527052
2026-07-31T19:48:45Z,1058,25,5,30,1,0,1,1,1,1785526999
2026-07-31T19:48:45Z,1059,0,0,18,1,0,1,1,1,1785527255
2026-07-31T19:48:45Z,1060,35,0,2,0,0,1,1,1,1785526560
2026-07-31T19:48:45Z,1061,34,1,3,0,0,1,1,1,1785527114
2026-07-31T19:48:45Z,1062,17,0,0,0,0,1,1,1,1785526089
2026-07-31T19:48:45Z,1063,12,1,6,1,0,1,1,1,1785527307
2026-07-31T19:48:45Z,1064,3,0,19,1,0,1,1,1,1785525851
2026-07-31T19:48:45Z,1065,16,3,7,0,0,1,1,1,1785526099
2026-07-31T19:48:45Z,1066,11,2,12,0,0,1,1,1,1785525969
2026-07-31T19:48:45Z,1067,8,2,13,2,0,1,1,1,1785526194
2026-07-31T19:48:45Z,1068,6,2,14,3,0,1,1,1,1785525723
2026-07-31T19:48:45Z,1069,12,3,11,0,0,1,1,1,1785525732
2026-07-31T19:48:45Z,1070,12,2,11,0,0,1,1,1,1785525833
2026-07-31T19:48:45Z,1071,8,4,15,0,0,1,1,1,1785526541
2026-07-31T19:48:45Z,1072,11,1,11,1,0,1,1,1,1785526275
2026-07-31T19:48:45Z,1073,1,1,26,0,0,1,1,1,1785527119
2026-07-31T19:48:45Z,1074,8,1,44,1,0,1,1,1,1785527288
2026-07-31T19:48:45Z,1075,8,8,13,0,0,1,1,1,1785527053
2026-07-31T19:48:45Z,1076,16,13,5,0,0,1,1,1,1785526502
2026-07-31T19:48:45Z,1077,11,7,9,1,0,1,1,1,1785526143
2026-07-31T19:48:45Z,1078,10,9,11,0,0,1,1,1,1785526751
2026-07-31T19:48:45Z,1079,12,8,9,0,0,1,1,1,1785527159
2026-07-31T19:48:45Z,1080,10,8,9,2,0,1,1,1,1785527087
2026-07-31T19:48:45Z,1081,14,8,5,0,0,1,1,1,1785526280
2026-07-31T19:48:45Z,1082,12,11,11,0,0,1,1,1,1785527165
2026-07-31T19:48:45Z,1083,12,11,9,0,0,1,1,1,1785525612
2026-07-31T19:48:45Z,1084,10,8,11,0,0,1,1,1,1785527045
2026-07-31T19:48:45Z,1085,14,8,7,0,0,1,1,1,1785526745
2026-07-31T19:48:45Z,1086,15,11,5,1,0,1,1,1,1785525619
2026-07-31T19:48:45Z,1087,6,6,9,0,0,1,1,1,1785526533
2026-07-31T19:48:45Z,1088,9,7,6,0,0,1,1,1,1785527308
2026-07-31T19:48:45Z,1089,5,2,10,0,0,1,1,1,1785525826
2026-07-31T19:48:45Z,1090,7,6,8,0,0,1,1,1,1785526244
2026-07-31T19:48:45Z,1091,5,3,10,0,0,1,1,1,1785526446
2026-07-31T19:48:45Z,1092,10,9,5,0,0,1,1,1,1785525826
2026-07-31T19:48:45Z,1093,5,5,9,1,0,1,1,1,1785526529
2026-07-31T19:48:45Z,1094,11,10,8,0,0,1,1,1,1785527259
2026-07-31T19:48:45Z,1095,9,8,6,0,0,1,1,1,1785527238
2026-07-31T19:48:45Z,1096,10,8,8,1,0,1,1,1,1785527290
2026-07-31T19:48:45Z,1097,8,8,7,0,0,1,1,1,1785526013
2026-07-31T19:48:45Z,1098,9,7,10,0,0,1,1,1,1785526861
2026-07-31T19:48:45Z,1099,7,6,8,0,0,1,1,1,1785527094
2026-07-31T19:48:45Z,1100,5,3,24,0,0,1,1,1,1785521793
2026-07-31T19:48:45Z,1101,10,5,11,0,0,1,1,1,1785527017
2026-07-31T19:48:45Z,1102,9,4,4,0,0,1,1,1,1785526229
2026-07-31T19:48:45Z,1103,11,5,10,0,0,1,1,1,1785503681
2026-07-31T19:48:45Z,1104,11,6,10,0,0,1,1,1,1785526767
2026-07-31T19:48:45Z,1105,8,4,5,0,0,1,1,1,1785526113
2026-07-31T19:48:45Z,1106,10,5,11,0,0,1,1,1,1785527107
2026-07-31T19:48:45Z,1107,9,5,6,0,0,1,1,1,1785525544
2026-07-31T19:48:45Z,1108,8,4,16,2,1,1,1,1,1785526124
2026-07-31T19:48:45Z,1109,8,4,7,0,0,1,1,1,1785527302
2026-07-31T19:48:45Z,1110,8,0,13,0,0,1,1,1,1785526632
2026-07-31T19:48:45Z,1111,8,6,12,1,0,1,1,1,1785526112
2026-07-31T19:48:45Z,1112,28,0,25,0,0,1,1,1,1785527259
2026-07-31T19:48:45Z,1113,4,0,17,0,0,1,1,1,1785526555
2026-07-31T19:48:45Z,1115,13,2,6,4,0,1,1,1,1785526011
2026-07-31T19:48:45Z,1116,2,1,17,0,0,1,1,1,1785527284
2026-07-31T19:48:45Z,1117,7,1,14,2,0,1,1,1,1785527102
2026-07-31T19:48:45Z,1118,5,0,16,0,0,1,1,1,1785527085
2026-07-31T19:48:45Z,1119,6,0,11,0,0,1,1,1,1785526649
2026-07-31T19:48:45Z,1120,8,0,10,1,0,1,1,1,1785527125
2026-07-31T19:48:45Z,1121,7,0,13,1,0,1,1,1,1785526940
2026-07-31T19:48:45Z,1122,4,3,15,2,0,1,1,1,1785527217
2026-07-31T19:48:45Z,1123,11,8,10,2,0,1,1,1,1785527242
2026-07-31T19:48:45Z,1124,2,0,11,2,0,1,1,1,1785527231
2026-07-31T19:48:45Z,1125,14,2,9,0,0,1,1,1,1785525868
2026-07-31T19:48:45Z,1126,6,0,15,0,0,1,1,1,1785527237
2026-07-31T19:48:45Z,1127,3,0,15,1,0,1,1,1,1785527010
2026-07-31T19:48:45Z,1128,0,0,15,0,0,1,1,1,1785527256
2026-07-31T19:48:45Z,1129,2,0,18,1,0,1,1,1,1785527273
2026-07-31T19:48:45Z,1130,5,0,10,0,0,1,1,1,1785527307
2026-07-31T19:48:45Z,1131,8,4,40,1,0,1,1,1,1785527056
2026-07-31T19:48:45Z,1132,10,5,10,1,0,1,1,1,1785527098
2026-07-31T19:48:45Z,1133,5,4,14,2,0,1,1,1,1785527103
2026-07-31T19:48:45Z,1134,11,5,8,0,0,1,1,1,1785525978
2026-07-31T19:48:45Z,1135,12,6,9,0,0,1,1,1,1785526911
2026-07-31T19:48:45Z,1136,12,1,11,0,0,1,1,1,1785527144
2026-07-31T19:48:45Z,1137,13,1,2,0,0,1,1,1,1785527174
2026-07-31T19:48:45Z,1138,2,0,17,0,0,1,1,1,1785526824
2026-07-31T19:48:45Z,1139,15,2,4,2,0,1,1,1,1785526801
2026-07-31T19:48:45Z,1140,5,2,17,1,0,1,1,1,1785527080
2026-07-31T19:48:45Z,1141,11,5,10,0,0,1,1,1,1785527250
2026-07-31T19:48:45Z,1142,0,0,21,0,0,1,1,1,1785526108
2026-07-31T19:48:45Z,1143,9,1,20,0,0,1,1,1,1785527142
2026-07-31T19:48:45Z,1144,7,0,13,1,0,1,1,1,1785526514
2026-07-31T19:48:45Z,1145,11,5,9,1,0,1,1,1,1785525873
2026-07-31T19:48:45Z,1146,12,5,3,4,0,1,1,1,1785527313
2026-07-31T19:48:45Z,1147,19,2,0,0,0,1,1,1,1785527283
2026-07-31T19:48:45Z,1148,0,0,31,0,0,1,1,1,1785526578
2026-07-31T19:48:45Z,1149,5,4,16,4,0,1,1,1,1785526991
2026-07-31T19:48:45Z,1150,5,0,14,0,0,1,1,1,1785527099
2026-07-31T19:48:45Z,1151,8,0,13,0,0,1,1,1,1785526124
2026-07-31T19:48:45Z,1152,0,0,29,0,0,1,1,1,1785527298
2026-07-31T19:48:45Z,1153,21,2,1,1,0,1,1,1,1785526783
2026-07-31T19:48:45Z,1154,3,0,16,0,0,1,1,1,1785527100
2026-07-31T19:48:45Z,1155,5,2,14,3,0,1,1,1,1785527297
2026-07-31T19:48:45Z,1158,3,1,16,0,0,1,1,1,1785527169
2026-07-31T19:48:45Z,1159,13,1,6,0,0,1,1,1,1785525714
2026-07-31T19:48:45Z,1160,9,1,10,0,0,1,1,1,1785527166
2026-07-31T19:48:45Z,1161,3,0,15,1,0,1,1,1,1785526757
2026-07-31T19:48:45Z,1162,3,1,16,0,0,1,1,1,1785526104
2026-07-31T19:48:45Z,1163,2,1,16,1,0,1,1,1,1785527289
2026-07-31T19:48:45Z,1164,6,1,13,0,0,1,1,1,1785525530
2026-07-31T19:48:45Z,1165,2,0,19,0,0,1,1,1,1785526273
2026-07-31T19:48:45Z,1166,14,3,7,0,0,1,1,1,1785525935
2026-07-31T19:48:45Z,1167,4,0,11,0,0,1,1,1,1785527017
2026-07-31T19:48:45Z,1168,2,1,19,2,0,1,1,1,1785525760
2026-07-31T19:48:45Z,1169,3,0,15,1,0,1,1,1,1785527191
2026-07-31T19:48:45Z,1170,7,1,14,0,0,1,1,1,1785525769
2026-07-31T19:48:45Z,1171,8,7,15,0,0,1,1,1,1785527284
2026-07-31T19:48:45Z,1172,2,0,11,2,0,1,1,1,1785526238
2026-07-31T19:48:45Z,1173,13,4,6,0,0,1,1,1,1785525632
2026-07-31T19:48:45Z,1174,6,3,9,0,0,1,1,1,1785527097
2026-07-31T19:48:45Z,1175,4,3,15,0,0,1,1,1,1785525246
2026-07-31T19:48:45Z,1176,10,2,11,0,0,1,1,1,1785526795
2026-07-31T19:48:45Z,1177,3,1,18,0,0,1,1,1,1785526602
2026-07-31T19:48:45Z,1178,4,1,11,0,0,1,1,1,1785527024
2026-07-31T19:48:45Z,1181,2,0,13,0,0,1,1,1,1785527147
2026-07-31T19:48:45Z,1182,16,1,2,2,0,1,1,1,1785527226
2026-07-31T19:48:45Z,1183,23,0,20,2,0,1,1,1,1785527078
2026-07-31T19:48:45Z,1184,3,2,16,2,0,1,1,1,1785527208
2026-07-31T19:48:45Z,1185,9,5,12,0,0,1,1,1,1785526737
2026-07-31T19:48:45Z,1186,10,5,9,0,0,1,1,1,1785525904
2026-07-31T19:48:45Z,1187,10,5,10,1,0,1,1,1,1785526157
2026-07-31T19:48:45Z,1188,10,5,5,0,0,1,1,1,1785525542
2026-07-31T19:48:45Z,1189,9,4,10,0,0,1,1,1,1785525666
2026-07-31T19:48:45Z,1190,9,4,12,0,0,1,1,1,1785526895
2026-07-31T19:48:45Z,1191,11,6,4,0,0,1,1,1,1785525546
2026-07-31T19:48:45Z,1192,9,6,11,1,0,1,1,1,1785527259
2026-07-31T19:48:45Z,1193,6,4,5,2,0,1,1,1,1785526329
2026-07-31T19:48:45Z,1197,9,6,7,1,0,1,1,1,1785526792
2026-07-31T19:48:45Z,1198,13,4,6,2,0,1,1,1,1785525968
2026-07-31T19:48:45Z,1199,3,0,16,0,0,1,1,1,1785525962
2026-07-31T19:48:45Z,1200,9,5,6,0,0,1,1,1,1785525583
2026-07-31T19:48:45Z,1201,10,5,5,0,0,1,1,1,1785525558
2026-07-31T19:48:45Z,1202,10,5,5,0,0,1,1,1,1785525660
2026-07-31T19:48:45Z,1203,11,5,4,0,0,1,1,1,1785525562
2026-07-31T19:48:45Z,1204,7,4,12,0,0,1,1,1,1785527148
2026-07-31T19:48:45Z,1206,11,5,10,0,0,1,1,1,1785526386
2026-07-31T19:48:45Z,1207,8,4,6,1,0,1,1,1,1785525876
2026-07-31T19:48:45Z,1208,10,4,9,0,0,1,1,1,1785525813
2026-07-31T19:48:45Z,1216,9,0,11,1,0,1,1,1,1785526603
2026-07-31T19:48:45Z,1218,4,0,17,0,0,1,1,1,1785527001
2026-07-31T19:48:45Z,1219,6,1,7,2,0,1,1,1,1785527277
2026-07-31T19:48:45Z,1220,17,6,2,0,0,1,1,1,1785526635
2026-07-31T19:48:45Z,1221,1,1,19,1,0,1,1,1,1785526349
2026-07-31T19:48:45Z,1222,14,1,15,0,0,1,1,1,1785527266
2026-07-31T19:48:45Z,1223,21,1,7,1,0,1,1,1,1785527219
2026-07-31T19:48:45Z,1226,0,0,3,0,0,0,1,1,1781868931
2026-07-31T19:48:45Z,1227,4,0,21,0,0,1,1,1,1785527022
2026-07-31T19:48:45Z,1228,5,4,24,0,0,1,1,1,1785527223
2026-07-31T19:48:45Z,1229,44,1,0,1,0,1,1,1,1785527314
2026-07-31T19:53:45Z,1,13,0,10,0,0,1,1,1,1785527102
2026-07-31T19:53:45Z,2,1,0,23,3,0,1,1,1,1785527075
2026-07-31T19:53:45Z,3,12,2,1,1,0,1,1,1,1785527340
2026-07-31T19:53:45Z,4,21,5,0,1,0,1,1,1,1785527084
2026-07-31T19:53:45Z,5,17,3,5,1,0,1,1,1,1785526383
2026-07-31T19:53:45Z,6,2,1,13,0,0,1,1,1,1785527324
2026-07-31T19:53:45Z,7,2,0,37,0,0,1,1,1,1785527507
2026-07-31T19:53:45Z,8,7,1,36,0,0,1,1,1,1785527086
2026-07-31T19:53:45Z,9,13,0,9,1,0,1,1,1,1785527499
2026-07-31T19:53:45Z,10,2,0,19,2,0,1,1,1,1785527365
2026-07-31T19:53:45Z,11,6,1,11,2,0,1,1,1,1785526712
2026-07-31T19:53:45Z,12,23,1,0,0,0,1,1,1,1785527176
2026-07-31T19:53:45Z,13,8,1,22,0,0,1,1,1,1785527257
2026-07-31T19:53:45Z,14,40,0,2,0,1,1,1,1,1785527549
2026-07-31T19:53:45Z,15,10,0,5,0,0,1,1,1,1785527058
2026-07-31T19:53:45Z,16,5,0,19,2,1,1,1,1,1785527184
2026-07-31T19:53:45Z,17,8,1,18,1,0,1,1,1,1785527418
2026-07-31T19:53:45Z,18,7,1,9,2,0,1,1,1,1785527533
2026-07-31T19:53:45Z,19,18,2,8,1,0,1,1,1,1785527580
2026-07-31T19:53:45Z,20,6,1,29,0,0,1,1,1,1785527480
2026-07-31T19:53:45Z,21,9,0,9,1,0,1,1,1,1785527566
2026-07-31T19:53:45Z,22,34,0,29,2,0,1,1,1,1785527546
2026-07-31T19:53:45Z,23,13,10,18,0,0,1,1,1,1785527536
2026-07-31T19:53:45Z,24,4,1,6,1,0,1,1,1,1785527611
2026-07-31T19:53:45Z,25,75,7,4,2,0,1,1,1,1785527340
2026-07-31T19:53:45Z,26,27,1,0,0,0,1,1,1,1785527461
2026-07-31T19:53:45Z,28,3,0,12,0,0,1,1,1,1785527535
2026-07-31T19:53:45Z,30,10,1,18,1,0,1,1,1,1785527460
2026-07-31T19:53:45Z,31,12,4,6,1,0,1,1,1,1785527554
2026-07-31T19:53:45Z,32,10,2,17,0,0,1,1,1,1785527570
2026-07-31T19:53:45Z,34,16,2,21,0,0,1,1,1,1785527420
2026-07-31T19:53:45Z,35,41,2,3,3,0,1,1,1,1785527554
2026-07-31T19:53:45Z,36,0,0,0,0,0,0,1,1,86400
2026-07-31T19:53:45Z,37,17,4,5,1,0,1,1,1,1785527612
2026-07-31T19:53:45Z,38,13,2,10,0,0,1,1,1,1785527553
2026-07-31T19:53:45Z,39,10,1,29,0,0,1,1,1,1785527442
2026-07-31T19:53:45Z,40,9,0,12,0,0,1,1,1,1785527565
2026-07-31T19:53:45Z,41,36,4,7,0,0,1,1,1,1785527476
2026-07-31T19:53:45Z,42,0,0,31,0,0,1,1,1,1785527406
2026-07-31T19:53:45Z,43,14,2,9,0,0,1,1,1,1785527576
2026-07-31T19:53:45Z,45,18,4,11,0,0,1,1,1,1785527497
2026-07-31T19:53:45Z,46,2,1,28,1,0,1,1,1,1785527612
2026-07-31T19:53:45Z,47,0,0,14,1,0,1,1,1,1785526884
2026-07-31T19:53:45Z,48,12,0,15,0,0,1,1,1,1785527534
2026-07-31T19:53:45Z,49,2,0,17,4,0,1,1,1,1785527615
2026-07-31T19:53:45Z,50,10,7,9,0,0,1,1,1,1785526412
2026-07-31T19:53:45Z,51,52,2,25,0,0,1,1,1,1785527424
2026-07-31T19:53:45Z,52,23,2,0,4,0,1,1,1,1785527611
2026-07-31T19:53:45Z,55,3,2,20,0,0,1,1,1,1785527539
2026-07-31T19:53:45Z,56,33,0,10,0,0,1,1,1,1785527601
2026-07-31T19:53:45Z,57,2,2,25,0,0,1,1,1,1785527614
2026-07-31T19:53:45Z,58,5,2,23,0,0,1,1,1,1785527319
2026-07-31T19:53:45Z,59,9,2,16,2,0,1,1,1,1785527413
2026-07-31T19:53:45Z,61,2,0,37,0,0,1,1,1,1785527370
2026-07-31T19:53:45Z,62,27,9,20,2,0,1,1,1,1785527541
2026-07-31T19:53:45Z,63,17,0,2,0,0,1,1,1,1785527054
2026-07-31T19:53:45Z,64,12,1,3,4,0,1,1,1,1785527230
2026-07-31T19:53:45Z,65,11,3,7,1,0,1,1,1,1785527459
2026-07-31T19:53:45Z,67,14,1,24,1,0,1,1,1,1785527597
2026-07-31T19:53:45Z,68,26,0,11,0,0,1,1,1,1785527471
2026-07-31T19:53:45Z,69,5,1,10,0,0,1,1,1,1785527511
2026-07-31T19:53:45Z,71,12,4,12,3,0,1,1,1,1785527297
2026-07-31T19:53:45Z,72,25,2,3,2,1,1,1,1,1785527409
2026-07-31T19:53:45Z,73,17,1,14,0,0,1,1,1,1785527562
2026-07-31T19:53:45Z,74,0,0,19,0,0,1,1,1,1785527253
2026-07-31T19:53:45Z,75,17,0,14,1,0,1,1,1,1785527405
2026-07-31T19:53:45Z,76,9,1,8,2,0,1,1,1,1785527614
2026-07-31T19:53:45Z,77,6,0,21,0,0,1,1,1,1785527494
2026-07-31T19:53:45Z,78,8,7,15,0,0,1,1,1,1785527389
2026-07-31T19:53:45Z,79,7,1,9,1,0,1,1,1,1785526745
2026-07-31T19:53:45Z,80,10,0,10,3,0,1,1,1,1785527416
2026-07-31T19:53:45Z,81,8,2,23,0,0,1,1,1,1785527501
2026-07-31T19:53:45Z,82,19,5,3,1,0,1,1,1,1785527560
2026-07-31T19:53:45Z,83,11,5,22,1,0,1,1,1,1785527609
2026-07-31T19:53:45Z,84,1,0,26,0,0,1,1,1,1785527376
2026-07-31T19:53:45Z,85,12,2,3,0,0,1,1,1,1785527509
2026-07-31T19:53:45Z,86,5,0,22,0,0,1,1,1,1785527326
2026-07-31T19:53:45Z,87,5,0,14,0,0,1,1,1,1785526941
2026-07-31T19:53:45Z,88,8,0,34,1,0,1,1,1,1785527359
2026-07-31T19:53:45Z,89,28,1,7,0,0,1,1,1,1785527297
2026-07-31T19:53:45Z,90,2,0,15,1,0,1,1,1,1785527308
2026-07-31T19:53:45Z,91,4,0,13,0,0,1,1,1,1785527540
2026-07-31T19:53:45Z,92,7,0,9,3,0,1,1,1,1785527376
2026-07-31T19:53:45Z,93,2,0,21,0,0,1,1,1,1785527599
2026-07-31T19:53:45Z,94,14,0,4,1,0,1,1,1,1785527494
2026-07-31T19:53:45Z,95,8,0,25,1,1,1,1,1,1785527610
2026-07-31T19:53:45Z,96,15,0,15,1,0,1,1,1,1785527595
2026-07-31T19:53:45Z,97,2,0,14,1,0,1,1,1,1785527436
2026-07-31T19:53:45Z,98,30,2,5,0,0,1,1,1,1785527337
2026-07-31T19:53:45Z,99,12,0,3,0,0,1,1,1,1785527463
2026-07-31T19:53:45Z,100,4,0,23,0,0,1,1,1,1785527492
2026-07-31T19:53:45Z,101,13,0,1,1,0,1,1,1,1785527332
2026-07-31T19:53:45Z,102,3,0,20,0,0,1,1,1,1785527194
2026-07-31T19:53:45Z,103,16,2,11,3,0,1,1,1,1785527573
2026-07-31T19:53:45Z,104,8,0,17,2,0,1,1,1,1785527606
2026-07-31T19:53:45Z,105,17,0,2,0,0,1,1,1,1785526643
2026-07-31T19:53:45Z,106,12,0,9,0,0,1,1,1,1785527120
2026-07-31T19:53:45Z,107,17,8,20,0,0,1,1,1,1785527582
2026-07-31T19:53:45Z,108,0,0,32,3,0,1,1,1,1785527269
2026-07-31T19:53:45Z,109,22,2,1,0,0,1,1,1,1785527558
2026-07-31T19:53:45Z,110,9,0,14,0,0,1,1,1,1785527389
2026-07-31T19:53:45Z,111,16,1,20,0,0,1,1,1,1785527559
2026-07-31T19:53:45Z,112,2,1,12,1,0,1,1,1,1785527524
2026-07-31T19:53:45Z,113,9,0,9,1,0,1,1,1,1785527602
2026-07-31T19:53:45Z,114,18,6,11,1,1,1,1,1,1785527430
2026-07-31T19:53:45Z,115,9,5,17,2,0,1,1,1,1785527614
2026-07-31T19:53:45Z,116,16,14,10,1,0,1,1,1,1785526995
2026-07-31T19:53:45Z,118,11,0,10,2,0,1,1,1,1785527544
2026-07-31T19:53:45Z,119,0,0,36,2,0,1,1,1,1785527378
2026-07-31T19:53:45Z,120,3,0,23,1,0,1,1,1,1785527363
2026-07-31T19:53:45Z,121,2,0,16,0,1,1,1,1,1785527482
2026-07-31T19:53:45Z,122,8,0,12,1,0,1,1,1,1785527387
2026-07-31T19:53:45Z,123,28,1,19,0,0,1,1,1,1785527556
2026-07-31T19:53:45Z,124,1,0,34,0,0,1,1,1,1785527084
2026-07-31T19:53:45Z,125,5,0,17,1,0,1,1,1,1785527429
2026-07-31T19:53:45Z,126,17,0,14,0,0,1,1,1,1785525006
2026-07-31T19:53:45Z,127,14,2,20,1,0,1,1,1,1785527522
2026-07-31T19:53:45Z,128,3,2,16,0,0,1,1,1,1785527601
2026-07-31T19:53:45Z,129,0,0,17,2,0,1,1,1,1785527190
2026-07-31T19:53:45Z,130,4,0,13,0,0,1,1,1,1785527562
2026-07-31T19:53:45Z,131,4,3,7,0,0,1,1,1,1785527488
2026-07-31T19:53:45Z,132,5,5,8,1,1,1,1,1,1785527515
2026-07-31T19:53:45Z,134,17,3,2,4,0,1,1,1,1785527592
2026-07-31T19:53:45Z,135,3,0,15,1,0,1,1,1,1785526667
2026-07-31T19:53:45Z,136,0,0,16,1,6,1,1,1,1785527583
2026-07-31T19:53:45Z,137,4,3,13,2,0,1,1,1,1785527403
2026-07-31T19:53:45Z,138,10,1,27,0,0,1,1,1,1785527605
2026-07-31T19:53:45Z,139,5,1,14,0,0,1,1,1,1785527569
2026-07-31T19:53:45Z,140,2,1,20,1,0,1,1,1,1785527615
2026-07-31T19:53:45Z,141,9,0,27,0,0,1,1,1,1785527356
2026-07-31T19:53:45Z,142,5,1,18,0,0,1,1,1,1785527087
2026-07-31T19:53:45Z,143,10,1,21,0,0,1,1,1,1785527602
2026-07-31T19:53:45Z,144,2,2,25,0,0,1,1,1,1785527616
2026-07-31T19:53:45Z,146,16,2,6,1,0,1,1,1,1785526786
2026-07-31T19:53:45Z,147,7,0,10,2,0,1,1,1,1785527525
2026-07-31T19:53:45Z,148,2,0,20,6,0,1,1,1,1785527595
2026-07-31T19:53:45Z,149,1,0,26,0,0,1,1,1,1785526109
2026-07-31T19:53:45Z,150,8,0,24,3,0,1,1,1,1785527497
2026-07-31T19:53:45Z,151,5,2,18,0,0,1,1,1,1785527549
2026-07-31T19:53:45Z,152,4,0,19,3,0,1,1,1,1785527460
2026-07-31T19:53:45Z,153,1,0,25,2,0,1,1,1,1785527524
2026-07-31T19:53:45Z,154,20,0,0,3,0,1,1,1,1785527433
2026-07-31T19:53:45Z,155,2,0,11,1,0,1,1,1,1785527434
2026-07-31T19:53:45Z,156,7,0,12,0,0,1,1,1,1785527601
2026-07-31T19:53:45Z,157,2,1,23,2,0,1,1,1,1785527578
2026-07-31T19:53:45Z,158,3,0,12,1,0,1,1,1,1785526142
2026-07-31T19:53:45Z,159,5,4,13,1,0,1,1,1,1785527407
2026-07-31T19:53:45Z,160,1,0,18,0,0,1,1,1,1785527432
2026-07-31T19:53:45Z,161,1,0,21,0,0,1,1,1,1785527490
2026-07-31T19:53:45Z,162,16,6,8,3,0,1,1,1,1785527561
2026-07-31T19:53:45Z,163,3,2,27,0,1,1,1,1,1785527497
2026-07-31T19:53:45Z,164,12,0,15,0,0,1,1,1,1785527500
2026-07-31T19:53:45Z,165,21,4,10,0,0,1,1,1,1785527597
2026-07-31T19:53:45Z,166,3,2,31,5,0,1,1,1,1785527615
2026-07-31T19:53:45Z,167,1,1,21,1,0,1,1,1,1785527340
2026-07-31T19:53:45Z,168,13,7,12,2,0,1,1,1,1785527549
2026-07-31T19:53:45Z,169,14,1,7,1,1,1,1,1,1785527609
2026-07-31T19:53:45Z,170,4,0,14,1,0,1,1,1,1785527323
2026-07-31T19:53:45Z,171,8,0,3,2,0,1,1,1,1785527307
2026-07-31T19:53:45Z,173,16,2,23,0,0,1,1,1,1785527592
2026-07-31T19:53:45Z,174,7,0,19,0,0,1,1,1,1785527607
2026-07-31T19:53:45Z,175,30,1,0,1,0,1,1,1,1785527424
2026-07-31T19:53:45Z,176,12,1,1,1,1,1,1,1,1785527234
2026-07-31T19:53:45Z,177,6,0,21,0,0,1,1,1,1785527430
2026-07-31T19:53:45Z,178,12,0,0,2,1,1,1,1,1785527610
2026-07-31T19:53:45Z,179,8,4,5,2,0,1,1,1,1785527597
2026-07-31T19:53:45Z,180,4,0,26,0,0,1,1,1,1785527553
2026-07-31T19:53:45Z,181,1,0,14,0,0,1,1,1,1785527283
2026-07-31T19:53:45Z,182,8,3,9,0,0,1,1,1,1785527531
2026-07-31T19:53:45Z,183,6,4,16,1,0,1,1,1,1785527536
2026-07-31T19:53:45Z,184,20,1,1,2,0,1,1,1,1785527616
2026-07-31T19:53:45Z,185,8,4,5,1,1,1,1,1,1785527552
2026-07-31T19:53:45Z,186,1,0,18,0,0,1,1,1,1785527206
2026-07-31T19:53:45Z,187,8,0,19,1,0,1,1,1,1785527272
2026-07-31T19:53:45Z,188,5,4,14,7,1,1,1,1,1785527517
2026-07-31T19:53:45Z,189,2,2,13,0,0,1,1,1,1785527135
2026-07-31T19:53:45Z,190,16,4,7,0,0,1,1,1,1785527616
2026-07-31T19:53:45Z,191,21,9,17,1,0,1,1,1,1785526936
2026-07-31T19:53:45Z,192,5,2,23,3,0,1,1,1,1785527556
2026-07-31T19:53:45Z,193,4,3,10,1,0,1,1,1,1785527430
2026-07-31T19:53:45Z,194,7,7,20,0,0,1,1,1,1785527335
2026-07-31T19:53:45Z,195,1,1,18,0,0,1,1,1,1785526508
2026-07-31T19:53:45Z,196,11,6,15,1,0,1,1,1,1785527613
2026-07-31T19:53:45Z,197,1,0,17,0,1,1,1,1,1785526678
2026-07-31T19:53:45Z,198,10,10,12,1,0,1,1,1,1785527552
2026-07-31T19:53:45Z,199,6,0,8,1,0,1,1,1,1785527577
2026-07-31T19:53:45Z,200,19,16,6,1,0,1,1,1,1785527606
2026-07-31T19:53:45Z,201,4,1,18,1,0,1,1,1,1785527266
2026-07-31T19:53:45Z,202,12,0,15,0,0,1,1,1,1785527129
2026-07-31T19:53:45Z,203,17,0,13,1,0,1,1,1,1785526913
2026-07-31T19:53:45Z,204,24,1,10,1,0,1,1,1,1785527447
2026-07-31T19:53:45Z,205,13,0,14,0,0,1,1,1,1785527340
2026-07-31T19:53:45Z,206,1,1,14,0,0,1,1,1,1785527526
2026-07-31T19:53:45Z,207,19,2,2,0,0,1,1,1,1785526859
2026-07-31T19:53:45Z,208,3,1,25,1,0,1,1,1,1785527402
2026-07-31T19:53:45Z,209,22,4,8,1,0,1,1,1,1785527576
2026-07-31T19:53:45Z,210,2,0,22,3,0,1,1,1,1785527588
2026-07-31T19:53:45Z,211,1,0,21,1,0,1,1,1,1785527464
2026-07-31T19:53:45Z,212,7,1,27,1,0,1,1,1,1785527522
2026-07-31T19:53:45Z,213,14,4,8,1,0,1,1,1,1785527537
2026-07-31T19:53:45Z,214,11,5,34,2,0,1,1,1,1785526984
2026-07-31T19:53:45Z,215,2,0,20,1,0,1,1,1,1785527159
2026-07-31T19:53:45Z,216,2,0,16,1,0,1,1,1,1785527447
2026-07-31T19:53:45Z,217,20,3,8,1,0,1,1,1,1785527526
2026-07-31T19:53:45Z,218,12,11,23,4,0,1,1,1,1785527498
2026-07-31T19:53:45Z,219,19,0,6,1,0,1,1,1,1785527536
2026-07-31T19:53:45Z,220,6,4,35,1,1,1,1,1,1785527610
2026-07-31T19:53:45Z,221,1,1,13,1,0,1,1,1,1785527572
2026-07-31T19:53:45Z,222,3,1,16,0,0,1,1,1,1785527565
2026-07-31T19:53:45Z,223,17,2,15,3,0,1,1,1,1785527459
2026-07-31T19:53:45Z,224,0,0,21,1,0,1,1,1,1785527593
2026-07-31T19:53:45Z,225,6,1,10,3,0,1,1,1,1785526388
2026-07-31T19:53:45Z,226,1,0,29,1,0,1,1,1,1785527597
2026-07-31T19:53:45Z,227,3,1,24,0,0,1,1,1,1785527550
2026-07-31T19:53:45Z,228,7,6,12,0,0,1,1,1,1785527426
2026-07-31T19:53:45Z,230,5,0,21,0,0,1,1,1,1785527495
2026-07-31T19:53:45Z,232,1,0,15,1,0,1,1,1,1785527052
2026-07-31T19:53:45Z,233,8,4,21,2,0,1,1,1,1785527437
2026-07-31T19:53:45Z,234,8,3,5,4,2,1,1,1,1785527371
2026-07-31T19:53:45Z,236,0,0,18,1,0,1,1,1,1785527212
2026-07-31T19:53:45Z,237,11,1,11,1,0,1,1,1,1785527442
2026-07-31T19:53:45Z,239,17,8,8,2,0,1,1,1,1785527564
2026-07-31T19:53:45Z,241,1,0,21,1,0,1,1,1,1785527557
2026-07-31T19:53:45Z,242,2,2,19,2,0,1,1,1,1785527500
2026-07-31T19:53:45Z,243,15,14,14,2,0,1,1,1,1785527500
2026-07-31T19:53:45Z,244,7,4,18,2,0,1,1,1,1785527520
2026-07-31T19:53:45Z,245,5,3,18,0,0,1,1,1,1785527423
2026-07-31T19:53:45Z,246,11,2,11,1,0,1,1,1,1785527597
2026-07-31T19:53:45Z,247,3,2,18,2,0,1,1,1,1785524867
2026-07-31T19:53:45Z,248,12,4,8,3,0,1,1,1,1785527544
2026-07-31T19:53:45Z,249,17,14,1,1,0,1,1,1,1785527357
2026-07-31T19:53:45Z,250,13,2,12,2,0,1,1,1,1785527589
2026-07-31T19:53:45Z,251,17,9,6,4,0,1,1,1,1785527586
2026-07-31T19:53:45Z,253,5,1,14,0,0,1,1,1,1785527493
2026-07-31T19:53:45Z,254,5,0,37,1,0,1,1,1,1785527504
2026-07-31T19:53:45Z,255,15,0,7,0,1,1,1,1,1785527598
2026-07-31T19:53:45Z,256,4,4,17,2,0,1,1,1,1785527568
2026-07-31T19:53:45Z,257,2,1,17,0,0,1,1,1,1785527000
2026-07-31T19:53:45Z,258,14,9,5,0,0,1,1,1,1785527418
2026-07-31T19:53:45Z,259,14,0,8,0,1,1,1,1,1785526851
2026-07-31T19:53:45Z,260,3,3,15,1,0,1,1,1,1785527195
2026-07-31T19:53:45Z,261,1,0,16,1,1,1,1,1,1785527367
2026-07-31T19:53:45Z,262,10,3,12,1,0,1,1,1,1785527579
2026-07-31T19:53:45Z,263,0,0,15,0,0,1,1,1,1785527007
2026-07-31T19:53:45Z,264,5,2,14,0,0,1,1,1,1785527336
2026-07-31T19:53:45Z,265,3,0,12,0,0,1,1,1,1785527281
2026-07-31T19:53:45Z,266,2,0,16,1,0,1,1,1,1785527425
2026-07-31T19:53:45Z,267,8,4,6,1,0,1,1,1,1785526233
2026-07-31T19:53:45Z,268,15,5,8,0,0,1,1,1,1785527292
2026-07-31T19:53:45Z,269,3,2,20,0,0,1,1,1,1785527530
2026-07-31T19:53:45Z,270,6,2,20,1,0,1,1,1,1785527348
2026-07-31T19:53:45Z,271,0,0,17,2,0,1,1,1,1785526703
2026-07-31T19:53:45Z,272,8,2,14,1,0,1,1,1,1785527611
2026-07-31T19:53:45Z,273,5,1,10,0,0,1,1,1,1785527352
2026-07-31T19:53:45Z,274,5,2,12,2,0,1,1,1,1785527589
2026-07-31T19:53:45Z,275,8,0,15,0,0,1,1,1,1785526987
2026-07-31T19:53:45Z,276,1,0,25,1,0,1,1,1,1785527591
2026-07-31T19:53:45Z,277,17,9,2,4,0,1,1,1,1785527491
2026-07-31T19:53:45Z,278,8,6,19,4,0,1,1,1,1785527514
2026-07-31T19:53:45Z,279,14,0,5,0,0,1,1,1,1785527510
2026-07-31T19:53:45Z,280,3,0,25,3,0,1,1,1,1785527606
2026-07-31T19:53:45Z,281,2,1,17,0,0,1,1,1,1785527266
2026-07-31T19:53:45Z,282,7,2,11,0,0,1,1,1,1785527347
2026-07-31T19:53:45Z,283,19,1,15,1,0,1,1,1,1785527517
2026-07-31T19:53:45Z,284,2,1,31,2,0,1,1,1,1785527419
2026-07-31T19:53:45Z,285,2,0,21,0,0,1,1,1,1785527442
2026-07-31T19:53:45Z,286,2,1,21,0,0,1,1,1,1785527601
2026-07-31T19:53:45Z,287,14,2,7,2,0,1,1,1,1785527539
2026-07-31T19:53:45Z,288,2,1,16,1,0,1,1,1,1785527318
2026-07-31T19:53:45Z,289,5,4,19,3,0,1,1,1,1785527603
2026-07-31T19:53:45Z,290,5,0,33,1,0,1,1,1,1785527490
2026-07-31T19:53:45Z,291,8,0,14,1,0,1,1,1,1785527569
2026-07-31T19:53:45Z,292,15,0,8,0,0,1,1,1,1785527586
2026-07-31T19:53:45Z,293,4,3,15,4,0,1,1,1,1785527470
2026-07-31T19:53:45Z,294,9,5,11,2,0,1,1,1,1785527613
2026-07-31T19:53:45Z,297,7,0,10,1,1,1,1,1,1785527527
2026-07-31T19:53:45Z,301,12,0,7,0,0,1,1,1,1785527499
2026-07-31T19:53:45Z,302,9,0,13,1,0,1,1,1,1785527330
2026-07-31T19:53:45Z,303,4,0,15,0,0,1,1,1,1785527406
2026-07-31T19:53:45Z,304,0,0,0,0,0,0,1,1,86400
2026-07-31T19:53:45Z,305,4,0,14,1,0,1,1,1,1785527609
2026-07-31T19:53:45Z,306,1,0,31,0,0,1,1,1,1785527512
2026-07-31T19:53:45Z,307,4,0,18,1,0,1,1,1,1785527304
2026-07-31T19:53:45Z,308,16,0,1,2,0,1,1,1,1785527556
2026-07-31T19:53:45Z,309,1,0,11,2,0,1,1,1,1785527614
2026-07-31T19:53:45Z,311,4,0,11,0,0,1,1,1,1785526739
2026-07-31T19:53:45Z,312,10,8,10,2,1,1,1,1,1785527455
2026-07-31T19:53:45Z,313,5,0,10,0,0,1,1,1,1785526554
2026-07-31T19:53:45Z,314,8,5,8,3,0,1,1,1,1785527583
2026-07-31T19:53:45Z,315,11,3,18,2,0,1,1,1,1785527507
2026-07-31T19:53:45Z,316,2,1,21,7,1,1,1,1,1785527590
2026-07-31T19:53:45Z,317,11,7,19,0,1,1,1,1,1785527546
2026-07-31T19:53:45Z,318,17,0,2,0,0,1,1,1,1785526058
2026-07-31T19:53:45Z,319,20,1,1,2,0,1,1,1,1785527492
2026-07-31T19:53:45Z,320,9,0,9,1,0,1,1,1,1785527434
2026-07-31T19:53:45Z,321,3,0,12,4,0,1,1,1,1785527479
2026-07-31T19:53:45Z,322,12,0,17,0,0,1,1,1,1785526506
2026-07-31T19:53:45Z,323,7,0,12,0,0,1,1,1,1785526677
2026-07-31T19:53:45Z,324,19,1,7,1,0,1,1,1,1785527613
2026-07-31T19:53:45Z,325,1,1,24,2,0,1,1,1,1785527609
2026-07-31T19:53:45Z,327,10,1,15,2,0,1,1,1,1785527591
2026-07-31T19:53:45Z,328,10,0,11,1,0,1,1,1,1785527535
2026-07-31T19:53:45Z,329,1,0,15,3,0,1,1,1,1785527097
2026-07-31T19:53:45Z,330,18,1,4,0,0,1,1,1,1785527206
2026-07-31T19:53:45Z,331,13,0,8,2,0,1,1,1,1785527431
2026-07-31T19:53:45Z,332,2,1,15,2,0,1,1,1,1785527468
2026-07-31T19:53:45Z,333,3,2,19,1,0,1,1,1,1785527482
2026-07-31T19:53:45Z,334,7,2,16,0,0,1,1,1,1785527117
2026-07-31T19:53:45Z,335,1,1,21,0,1,1,1,1,1785526846
2026-07-31T19:53:45Z,336,0,0,19,0,0,1,1,1,1785526903
2026-07-31T19:53:45Z,337,11,3,8,4,0,1,1,1,1785527550
2026-07-31T19:53:45Z,338,7,6,12,0,0,1,1,1,1785527532
2026-07-31T19:53:45Z,339,16,11,2,5,0,1,1,1,1785527548
2026-07-31T19:53:45Z,340,0,0,14,1,0,1,1,1,1785526744
2026-07-31T19:53:45Z,341,3,3,16,0,0,1,1,1,1785527133
2026-07-31T19:53:45Z,342,1,0,14,0,0,1,1,1,1785527196
2026-07-31T19:53:45Z,343,15,3,7,1,0,1,1,1,1785527170
2026-07-31T19:53:45Z,344,2,2,21,0,0,1,1,1,1785526611
2026-07-31T19:53:45Z,345,8,1,11,0,0,1,1,1,1785527495
2026-07-31T19:53:45Z,346,4,2,19,0,0,1,1,1,1785526764
2026-07-31T19:53:45Z,347,37,2,5,2,0,1,1,1,1785527595
2026-07-31T19:53:45Z,348,12,0,10,0,1,1,1,1,1785527487
2026-07-31T19:53:45Z,349,15,3,4,0,0,1,1,1,1785526060
2026-07-31T19:53:45Z,350,1,0,24,1,1,1,1,1,1785527251
2026-07-31T19:53:45Z,351,1,0,20,2,0,1,1,1,1785527614
2026-07-31T19:53:45Z,355,0,0,23,0,0,1,1,1,1785526936
2026-07-31T19:53:45Z,356,5,1,14,0,0,1,1,1,1785527143
2026-07-31T19:53:45Z,357,2,2,17,0,0,1,1,1,1785527094
2026-07-31T19:53:45Z,358,14,3,12,1,0,1,1,1,1785527485
2026-07-31T19:53:45Z,359,11,1,16,0,0,1,1,1,1785526025
2026-07-31T19:53:45Z,360,4,3,14,1,0,1,1,1,1785527555
2026-07-31T19:53:45Z,362,4,2,14,1,0,1,1,1,1785526698
2026-07-31T19:53:45Z,363,19,3,8,0,0,1,1,1,1785527601
2026-07-31T19:53:45Z,364,1,1,18,0,0,1,1,1,1785527104
2026-07-31T19:53:45Z,365,0,0,20,3,0,1,1,1,1785527508
2026-07-31T19:53:45Z,366,4,4,18,1,0,1,1,1,1785527514
2026-07-31T19:53:45Z,367,2,1,15,2,0,1,1,1,1785527465
2026-07-31T19:53:45Z,368,0,0,22,1,0,1,1,1,1785522825
2026-07-31T19:53:45Z,370,3,1,24,0,0,1,1,1,1785527458
2026-07-31T19:53:45Z,371,2,2,16,1,0,1,1,1,1785527489
2026-07-31T19:53:45Z,372,14,0,1,0,0,1,1,1,1785527583
2026-07-31T19:53:45Z,373,0,0,27,0,0,1,1,1,1785525348
2026-07-31T19:53:45Z,374,2,0,16,1,0,1,1,1,1785527490
2026-07-31T19:53:45Z,375,16,4,9,2,0,1,1,1,1785527462
2026-07-31T19:53:45Z,376,18,2,18,3,0,1,1,1,1785527257
2026-07-31T19:53:45Z,377,2,0,25,0,0,1,1,1,1785527400
2026-07-31T19:53:45Z,378,3,3,20,0,1,1,1,1,1785527579
2026-07-31T19:53:45Z,379,10,0,15,2,0,1,1,1,1785527565
2026-07-31T19:53:45Z,380,1,0,22,0,0,1,1,1,1785527412
2026-07-31T19:53:45Z,381,6,1,17,0,0,1,1,1,1785527461
2026-07-31T19:53:45Z,383,4,0,8,3,0,1,1,1,1785527430
2026-07-31T19:53:45Z,384,7,1,18,2,0,1,1,1,1785527581
2026-07-31T19:53:45Z,385,3,3,14,1,0,1,1,1,1785527333
2026-07-31T19:53:45Z,387,6,2,17,0,0,1,1,1,1785527238
2026-07-31T19:53:45Z,388,38,3,8,3,0,1,1,1,1785527487
2026-07-31T19:53:45Z,389,4,2,10,1,0,1,1,1,1785527427
2026-07-31T19:53:45Z,390,6,0,29,0,0,1,1,1,1785527437
2026-07-31T19:53:45Z,391,2,1,13,0,0,1,1,1,1785527615
2026-07-31T19:53:45Z,392,0,0,18,1,0,1,1,1,1785527480
2026-07-31T19:53:45Z,393,2,1,6,3,0,1,1,1,1785526641
2026-07-31T19:53:45Z,394,7,0,3,3,0,1,1,1,1785527489
2026-07-31T19:53:45Z,396,20,6,20,2,0,1,1,1,1785527572
2026-07-31T19:53:45Z,397,22,9,9,0,0,1,1,1,1785527483
2026-07-31T19:53:45Z,399,3,0,11,3,0,1,1,1,1785527472
2026-07-31T19:53:45Z,400,13,8,8,2,0,1,1,1,1785527462
2026-07-31T19:53:45Z,401,2,1,29,8,0,1,1,1,1785526716
2026-07-31T19:53:45Z,403,19,2,9,3,0,1,1,1,1785527594
2026-07-31T19:53:45Z,404,7,2,15,1,0,1,1,1,1785527605
2026-07-31T19:53:45Z,406,18,8,17,0,0,1,1,1,1785527611
2026-07-31T19:53:45Z,407,2,0,31,1,0,1,1,1,1785527508
2026-07-31T19:53:45Z,408,9,1,21,3,0,1,1,1,1785527343
2026-07-31T19:53:45Z,409,13,1,7,3,0,1,1,1,1785527615
2026-07-31T19:53:45Z,413,11,3,11,1,0,1,1,1,1785526846
2026-07-31T19:53:45Z,414,6,0,9,0,0,1,1,1,1785526354
2026-07-31T19:53:45Z,417,3,3,16,0,0,1,1,1,1785527533
2026-07-31T19:53:45Z,418,4,2,11,0,0,1,1,1,1785526750
2026-07-31T19:53:45Z,419,12,2,11,0,0,1,1,1,1785526057
2026-07-31T19:53:45Z,421,4,0,15,0,0,1,1,1,1785527275
2026-07-31T19:53:45Z,422,21,4,6,0,0,1,1,1,1785527430
2026-07-31T19:53:45Z,423,1,0,21,1,0,1,1,1,1785526476
2026-07-31T19:53:45Z,424,7,2,5,2,1,1,1,1,1785526946
2026-07-31T19:53:45Z,425,4,3,16,1,1,1,1,1,1785527223
2026-07-31T19:53:45Z,426,17,1,17,3,0,1,1,1,1785527556
2026-07-31T19:53:45Z,427,7,0,4,4,0,1,1,1,1785527512
2026-07-31T19:53:45Z,428,11,1,8,0,0,1,1,1,1785527415
2026-07-31T19:53:45Z,429,13,8,8,2,0,1,1,1,1785527605
2026-07-31T19:53:45Z,430,7,1,23,1,0,1,1,1,1785527253
2026-07-31T19:53:45Z,431,2,1,29,2,0,1,1,1,1785527536
2026-07-31T19:53:45Z,432,0,0,30,1,0,0,1,1,1785508564
2026-07-31T19:53:45Z,433,4,2,16,3,0,1,1,1,1785527082
2026-07-31T19:53:45Z,437,0,0,17,2,0,1,1,1,1785527602
2026-07-31T19:53:45Z,438,17,2,1,1,0,1,1,1,1785527357
2026-07-31T19:53:45Z,439,5,4,8,2,0,1,1,1,1785527514
2026-07-31T19:53:45Z,440,15,5,0,0,0,1,1,1,1785527567
2026-07-31T19:53:45Z,441,12,3,1,2,0,1,1,1,1785527486
2026-07-31T19:53:45Z,442,6,5,12,1,0,1,1,1,1785526479
2026-07-31T19:53:45Z,443,5,2,22,0,0,1,1,1,1785512432
2026-07-31T19:53:45Z,444,6,2,17,0,0,1,1,1,1785527602
2026-07-31T19:53:45Z,445,5,2,17,1,0,1,1,1,1785527588
2026-07-31T19:53:45Z,446,1,0,21,1,0,1,1,1,1785519783
2026-07-31T19:53:45Z,447,3,0,18,1,1,1,1,1,1785496389
2026-07-31T19:53:45Z,448,7,1,7,1,0,1,1,1,1785523571
2026-07-31T19:53:45Z,452,1,0,17,1,0,1,1,1,1785527376
2026-07-31T19:53:45Z,453,7,3,5,3,0,1,1,1,1785527498
2026-07-31T19:53:45Z,454,12,0,7,0,0,1,1,1,1785527611
2026-07-31T19:53:45Z,455,0,0,39,0,0,1,1,1,1785525963
2026-07-31T19:53:45Z,456,18,2,0,2,0,1,1,1,1785527614
2026-07-31T19:53:45Z,457,18,0,4,5,0,1,1,1,1785527530
2026-07-31T19:53:45Z,458,4,0,18,1,0,1,1,1,1785527360
2026-07-31T19:53:45Z,459,6,1,9,0,0,1,1,1,1785527266
2026-07-31T19:53:45Z,460,13,0,10,0,0,1,1,1,1785527592
2026-07-31T19:53:45Z,461,15,1,4,0,0,1,1,1,1785527508
2026-07-31T19:53:45Z,462,17,2,4,0,0,1,1,1,1785527390
2026-07-31T19:53:45Z,463,9,1,10,0,0,1,1,1,1785526740
2026-07-31T19:53:45Z,464,1,0,13,0,0,1,1,1,1785527501
2026-07-31T19:53:45Z,465,3,3,12,0,0,1,1,1,1785526318
2026-07-31T19:53:45Z,466,8,1,3,4,0,1,1,1,1785526859
2026-07-31T19:53:45Z,467,5,1,14,0,0,1,1,1,1785527407
2026-07-31T19:53:45Z,468,0,0,18,1,0,1,1,1,1785527178
2026-07-31T19:53:45Z,469,19,1,3,1,0,1,1,1,1785527533
2026-07-31T19:53:45Z,470,0,0,13,2,0,1,1,1,1785527606
2026-07-31T19:53:45Z,471,27,3,0,0,0,1,1,1,1785523482
2026-07-31T19:53:45Z,472,6,1,11,2,0,1,1,1,1785527395
2026-07-31T19:53:45Z,473,5,0,14,0,0,1,1,1,1785527170
2026-07-31T19:53:45Z,474,9,0,10,0,0,1,1,1,1785527610
2026-07-31T19:53:45Z,475,4,3,14,1,0,1,1,1,1785527427
2026-07-31T19:53:45Z,477,8,0,7,0,0,1,1,1,1785527382
2026-07-31T19:53:45Z,478,18,4,12,1,0,1,1,1,1785527604
2026-07-31T19:53:45Z,479,6,0,19,2,0,1,1,1,1785527616
2026-07-31T19:53:45Z,480,4,0,9,2,0,1,1,1,1785527228
2026-07-31T19:53:45Z,481,12,1,22,1,0,1,1,1,1785527601
2026-07-31T19:53:45Z,482,6,5,13,0,0,1,1,1,1785527313
2026-07-31T19:53:45Z,483,4,1,21,2,0,1,1,1,1785527569
2026-07-31T19:53:45Z,484,2,1,15,2,0,1,1,1,1785527495
2026-07-31T19:53:45Z,485,7,0,11,0,1,1,1,1,1785527378
2026-07-31T19:53:45Z,486,1,0,23,3,0,1,1,1,1785527608
2026-07-31T19:53:45Z,487,6,4,12,1,0,1,1,1,1785527563
2026-07-31T19:53:45Z,489,7,3,8,0,0,1,1,1,1785527540
2026-07-31T19:53:45Z,490,6,1,9,1,0,1,1,1,1785527183
2026-07-31T19:53:45Z,491,9,3,12,0,0,1,1,1,1785527290
2026-07-31T19:53:45Z,492,6,4,2,3,0,1,1,1,1785527612
2026-07-31T19:53:45Z,493,20,0,7,0,0,1,1,1,1785527218
2026-07-31T19:53:45Z,495,6,0,6,3,0,1,1,1,1785526809
2026-07-31T19:53:45Z,496,3,0,24,0,0,1,1,1,1785527278
2026-07-31T19:53:45Z,497,6,2,11,2,0,1,1,1,1785526131
2026-07-31T19:53:45Z,498,5,0,18,0,0,1,1,1,1785527314
2026-07-31T19:53:45Z,499,0,0,17,2,0,1,1,1,1785527424
2026-07-31T19:53:45Z,500,0,0,11,4,0,1,1,1,1785525419
2026-07-31T19:53:45Z,501,18,3,3,0,0,1,1,1,1785527403
2026-07-31T19:53:45Z,502,14,3,4,1,0,1,1,1,1785527251
2026-07-31T19:53:45Z,503,6,4,24,1,0,1,1,1,1785526584
2026-07-31T19:53:45Z,504,6,0,33,0,0,1,1,1,1785527486
2026-07-31T19:53:45Z,505,0,0,11,1,0,1,1,1,1785526242
2026-07-31T19:53:45Z,511,1,0,21,1,0,1,1,1,1785527509
2026-07-31T19:53:45Z,512,8,0,19,0,0,1,1,1,1785527033
2026-07-31T19:53:45Z,514,2,0,8,1,0,1,1,1,1785527528
2026-07-31T19:53:45Z,515,1,1,18,0,0,1,1,1,1785527371
2026-07-31T19:53:45Z,516,10,0,17,0,0,1,1,1,1785527383
2026-07-31T19:53:45Z,517,16,2,7,0,0,1,1,1,1785527038
2026-07-31T19:53:45Z,518,7,0,7,1,0,1,1,1,1785526879
2026-07-31T19:53:45Z,519,1,1,16,2,0,1,1,1,1785526743
2026-07-31T19:53:45Z,520,18,8,3,5,1,1,1,1,1785527616
2026-07-31T19:53:45Z,521,4,2,19,0,0,1,1,1,1785527228
2026-07-31T19:53:45Z,522,1,0,20,2,0,1,1,1,1785526623
2026-07-31T19:53:45Z,523,10,4,12,1,0,1,1,1,1785526816
2026-07-31T19:53:45Z,524,4,0,18,1,0,1,1,1,1785527561
2026-07-31T19:53:45Z,525,10,0,9,0,0,1,1,1,1785527441
2026-07-31T19:53:45Z,526,4,0,11,0,0,1,1,1,1785526757
2026-07-31T19:53:45Z,527,16,8,9,1,0,1,1,1,1785527612
2026-07-31T19:53:45Z,528,15,3,5,3,0,1,1,1,1785527574
2026-07-31T19:53:45Z,529,8,4,4,7,0,1,1,1,1785527613
2026-07-31T19:53:45Z,530,11,0,9,1,0,1,1,1,1785526531
2026-07-31T19:53:45Z,531,1,1,21,0,1,1,1,1,1785527611
2026-07-31T19:53:45Z,532,26,12,4,1,0,1,1,1,1785525498
2026-07-31T19:53:45Z,533,9,0,9,1,0,1,1,1,1785526058
2026-07-31T19:53:45Z,534,0,0,23,0,0,1,1,1,1785525411
2026-07-31T19:53:45Z,535,11,1,4,0,0,1,1,1,1785527169
2026-07-31T19:53:45Z,536,13,0,10,0,0,1,1,1,1785527614
2026-07-31T19:53:45Z,537,12,0,8,0,0,1,1,1,1785527360
2026-07-31T19:53:45Z,538,3,0,18,0,2,1,1,1,1785527615
2026-07-31T19:53:45Z,539,15,7,16,0,0,1,1,1,1785527576
2026-07-31T19:53:45Z,540,3,3,16,0,0,1,1,1,1785527135
2026-07-31T19:53:45Z,541,1,1,26,0,0,1,1,1,1785527579
2026-07-31T19:53:45Z,542,1,0,21,1,0,1,1,1,1785527462
2026-07-31T19:53:45Z,543,2,1,16,1,0,1,1,1,1785527317
2026-07-31T19:53:45Z,544,3,1,15,4,0,1,1,1,1785527412
2026-07-31T19:53:45Z,545,14,1,1,4,0,1,1,1,1785527517
2026-07-31T19:53:45Z,546,5,4,14,0,0,1,1,1,1785527613
2026-07-31T19:53:45Z,547,1,0,24,0,0,1,1,1,1785527533
2026-07-31T19:53:45Z,548,7,1,16,0,0,1,1,1,1785527507
2026-07-31T19:53:45Z,549,11,0,10,2,0,1,1,1,1785527393
2026-07-31T19:53:45Z,550,7,5,12,0,0,1,1,1,1785527597
2026-07-31T19:53:45Z,551,3,2,19,1,0,1,1,1,1785525539
2026-07-31T19:53:45Z,552,4,2,23,0,0,1,1,1,1785526986
2026-07-31T19:53:45Z,553,1,0,21,1,0,1,1,1,1785527267
2026-07-31T19:53:45Z,554,7,1,12,0,0,1,1,1,1785526232
2026-07-31T19:53:45Z,555,7,1,7,1,0,1,1,1,1785527052
2026-07-31T19:53:45Z,556,17,1,4,2,0,1,1,1,1785527510
2026-07-31T19:53:45Z,557,4,2,17,2,0,1,1,1,1785527590
2026-07-31T19:53:45Z,558,26,7,11,0,0,1,1,1,1785527532
2026-07-31T19:53:45Z,559,17,2,1,1,0,1,1,1,1785527603
2026-07-31T19:53:45Z,560,14,0,13,0,0,1,1,1,1785527106
2026-07-31T19:53:45Z,561,8,3,13,2,0,1,1,1,1785527523
2026-07-31T19:53:45Z,562,13,0,16,6,0,1,1,1,1785527612
2026-07-31T19:53:45Z,563,1,0,13,0,0,1,1,1,1785526628
2026-07-31T19:53:45Z,564,2,1,16,1,0,1,1,1,1785526722
2026-07-31T19:53:45Z,565,0,0,19,0,0,1,1,1,1785526992
2026-07-31T19:53:45Z,566,3,0,15,1,0,1,1,1,1785527470
2026-07-31T19:53:45Z,567,1,0,25,1,0,1,1,1,1785527182
2026-07-31T19:53:45Z,568,13,1,5,1,0,1,1,1,1785527336
2026-07-31T19:53:45Z,569,4,2,14,1,0,1,1,1,1785527557
2026-07-31T19:53:45Z,570,2,0,16,1,0,1,1,1,1785527586
2026-07-31T19:53:45Z,571,6,2,17,0,0,1,1,1,1785527614
2026-07-31T19:53:45Z,572,0,0,18,1,0,1,1,1,1785527105
2026-07-31T19:53:45Z,573,4,0,10,1,0,1,1,1,1785527386
2026-07-31T19:53:45Z,574,5,2,10,0,0,1,1,1,1785527533
2026-07-31T19:53:45Z,575,0,0,20,1,0,1,1,1,1785527149
2026-07-31T19:53:45Z,576,2,0,17,0,0,1,1,1,1785527254
2026-07-31T19:53:45Z,577,19,1,12,0,0,1,1,1,1785527581
2026-07-31T19:53:45Z,578,1,1,21,1,0,1,1,1,1785527096
2026-07-31T19:53:45Z,579,22,0,21,0,0,1,1,1,1785527599
2026-07-31T19:53:45Z,580,5,2,24,0,0,1,1,1,1785526984
2026-07-31T19:53:45Z,581,3,0,15,1,0,1,1,1,1785527605
2026-07-31T19:53:45Z,582,26,2,33,2,0,1,1,1,1785527504
2026-07-31T19:53:45Z,583,2,0,21,0,0,1,1,1,1785526801
2026-07-31T19:53:45Z,584,9,2,6,4,0,1,1,1,1785527385
2026-07-31T19:53:45Z,585,11,0,15,0,1,1,1,1,1785527287
2026-07-31T19:53:45Z,586,29,1,4,2,0,1,1,1,1785527570
2026-07-31T19:53:45Z,587,8,0,14,2,0,1,1,1,1785527542
2026-07-31T19:53:45Z,588,12,3,4,2,1,1,1,1,1785527302
2026-07-31T19:53:45Z,589,3,0,19,0,0,1,1,1,1785527596
2026-07-31T19:53:45Z,590,3,1,28,0,0,1,1,1,1785526544
2026-07-31T19:53:45Z,591,6,0,22,2,0,1,1,1,1785527427
2026-07-31T19:53:45Z,592,0,0,23,0,0,1,1,1,1785526340
2026-07-31T19:53:45Z,593,22,1,16,0,0,1,1,1,1785527539
2026-07-31T19:53:45Z,594,8,0,12,1,0,1,1,1,1785527334
2026-07-31T19:53:45Z,595,0,0,3,0,0,0,1,1,1784046673
2026-07-31T19:53:45Z,605,0,0,2,1,0,0,1,1,1783975843
2026-07-31T19:53:45Z,606,0,0,0,0,0,0,1,1,86400
2026-07-31T19:53:45Z,607,16,2,15,1,0,1,1,1,1785527513
2026-07-31T19:53:45Z,608,23,2,26,1,0,1,1,1,1785527474
2026-07-31T19:53:45Z,609,17,13,6,0,0,1,1,1,1785527504
2026-07-31T19:53:45Z,610,16,2,18,1,0,1,1,1,1785527605
2026-07-31T19:53:45Z,611,20,4,6,1,0,1,1,1,1785527394
2026-07-31T19:53:45Z,612,7,1,8,0,0,1,1,1,1785522916
2026-07-31T19:53:45Z,613,11,4,1,3,0,1,1,1,1785527187
2026-07-31T19:53:45Z,614,7,6,17,2,1,1,1,1,1785526821
2026-07-31T19:53:45Z,617,3,0,10,2,0,1,1,1,1785527015
2026-07-31T19:53:45Z,618,11,0,3,5,0,1,1,1,1785527505
2026-07-31T19:53:45Z,619,3,2,16,0,0,1,1,1,1785527224
2026-07-31T19:53:45Z,620,8,1,19,0,0,1,1,1,1785526315
2026-07-31T19:53:45Z,621,0,0,22,1,0,1,1,1,1785527606
2026-07-31T19:53:45Z,622,18,3,4,1,0,1,1,1,1785527014
2026-07-31T19:53:45Z,623,23,10,6,1,0,1,1,1,1785527151
2026-07-31T19:53:45Z,624,0,0,15,0,0,1,1,1,1785527033
2026-07-31T19:53:45Z,625,14,1,4,3,0,1,1,1,1785527389
2026-07-31T19:53:45Z,626,37,2,8,0,2,1,1,1,1785526898
2026-07-31T19:53:45Z,627,15,4,4,0,0,1,1,1,1785526494
2026-07-31T19:53:45Z,628,7,6,11,0,1,1,1,1,1785527549
2026-07-31T19:53:45Z,629,2,1,7,2,0,1,1,1,1785527522
2026-07-31T19:53:45Z,630,0,0,23,4,0,1,1,1,1785527581
2026-07-31T19:53:45Z,631,18,8,5,0,0,1,1,1,1785527521
2026-07-31T19:53:45Z,632,20,1,1,2,0,1,1,1,1785527406
2026-07-31T19:53:45Z,633,12,3,0,3,0,1,1,1,1785526124
2026-07-31T19:53:45Z,634,11,2,8,0,0,1,1,1,1785527120
2026-07-31T19:53:45Z,635,15,0,3,1,0,1,1,1,1785526790
2026-07-31T19:53:45Z,636,7,2,8,0,0,1,1,1,1785526430
2026-07-31T19:53:45Z,637,8,2,9,2,0,1,1,1,1785527161
2026-07-31T19:53:45Z,638,4,1,13,2,0,1,1,1,1785527182
2026-07-31T19:53:45Z,639,7,1,10,2,0,1,1,1,1785501255
2026-07-31T19:53:45Z,640,11,8,11,1,0,1,1,1,1785527441
2026-07-31T19:53:45Z,641,4,0,23,0,0,1,1,1,1785527478
2026-07-31T19:53:45Z,642,9,3,2,8,0,1,1,1,1785527615
2026-07-31T19:53:45Z,643,9,0,10,8,0,1,1,1,1785527612
2026-07-31T19:53:45Z,644,13,1,1,1,0,1,1,1,1785527504
2026-07-31T19:53:45Z,645,12,1,9,1,1,1,1,1,1785525372
2026-07-31T19:53:45Z,646,3,0,15,1,0,1,1,1,1785527342
2026-07-31T19:53:45Z,647,6,0,25,0,0,1,1,1,1785527099
2026-07-31T19:53:45Z,648,2,0,16,1,0,1,1,1,1785527193
2026-07-31T19:53:45Z,649,10,9,21,0,0,1,1,1,1785527030
2026-07-31T19:53:45Z,650,5,1,9,0,0,1,1,1,1785526439
2026-07-31T19:53:45Z,651,0,0,23,0,0,1,1,1,1785525956
2026-07-31T19:53:45Z,652,0,0,20,3,0,1,1,1,1785527356
2026-07-31T19:53:45Z,653,1,0,17,1,0,1,1,1,1785526441
2026-07-31T19:53:45Z,654,4,1,11,0,0,1,1,1,1785527304
2026-07-31T19:53:45Z,655,8,4,0,4,1,1,1,1,1785527497
2026-07-31T19:53:45Z,656,4,2,15,0,0,1,1,1,1785527294
2026-07-31T19:53:45Z,657,10,4,3,2,2,1,1,1,1785527612
2026-07-31T19:53:45Z,658,7,1,3,0,0,1,1,1,1785526893
2026-07-31T19:53:45Z,659,7,4,6,2,0,1,1,1,1785526201
2026-07-31T19:53:45Z,660,26,7,1,4,0,1,1,1,1785527606
2026-07-31T19:53:45Z,661,16,5,3,0,0,1,1,1,1785527615
2026-07-31T19:53:45Z,662,6,3,14,3,0,1,1,1,1785526394
2026-07-31T19:53:45Z,663,1,1,14,0,0,1,1,1,1785526455
2026-07-31T19:53:45Z,664,20,1,6,1,0,1,1,1,1785527277
2026-07-31T19:53:45Z,665,11,4,4,0,0,1,1,1,1785525553
2026-07-31T19:53:45Z,666,4,2,8,3,0,1,1,1,1785526234
2026-07-31T19:53:45Z,667,9,3,9,1,0,1,1,1,1785527399
2026-07-31T19:53:45Z,668,2,0,17,0,0,1,1,1,1785527504
2026-07-31T19:53:45Z,669,7,3,5,2,0,1,1,1,1785526328
2026-07-31T19:53:45Z,670,19,1,4,4,0,1,1,1,1785527490
2026-07-31T19:53:45Z,671,19,6,8,0,0,1,1,1,1785527563
2026-07-31T19:53:45Z,672,4,0,15,3,1,1,1,1,1785527449
2026-07-31T19:53:45Z,673,12,0,11,0,0,1,1,1,1785526898
2026-07-31T19:53:45Z,674,10,2,11,2,0,1,1,1,1785527562
2026-07-31T19:53:45Z,675,3,1,10,2,0,1,1,1,1785527569
2026-07-31T19:53:45Z,676,6,0,15,1,0,1,1,1,1785527348
2026-07-31T19:53:45Z,681,9,5,4,1,1,1,1,1,1785527586
2026-07-31T19:53:45Z,682,5,1,14,0,0,1,1,1,1785522108
2026-07-31T19:53:45Z,683,1,1,18,0,0,1,1,1,1785527602
2026-07-31T19:53:45Z,684,3,1,24,0,0,1,1,1,1785518528
2026-07-31T19:53:45Z,685,6,0,19,1,1,1,1,1,1785525624
2026-07-31T19:53:45Z,686,9,0,15,3,0,1,1,1,1785527359
2026-07-31T19:53:45Z,687,13,1,16,1,1,1,1,1,1785527388
2026-07-31T19:53:45Z,688,11,0,1,7,0,1,1,1,1785510286
2026-07-31T19:53:45Z,692,7,2,14,0,0,1,1,1,1785527551
2026-07-31T19:53:45Z,693,6,0,2,3,0,1,1,1,1785527011
2026-07-31T19:53:45Z,694,13,7,8,0,0,1,1,1,1785526857
2026-07-31T19:53:45Z,695,6,6,17,0,0,1,1,1,1785527412
2026-07-31T19:53:45Z,696,10,5,13,0,0,1,1,1,1785527561
2026-07-31T19:53:45Z,697,15,2,8,0,0,1,1,1,1785527557
2026-07-31T19:53:45Z,698,7,0,20,0,0,1,1,1,1785527574
2026-07-31T19:53:45Z,699,7,0,7,1,0,1,1,1,1785527384
2026-07-31T19:53:45Z,700,16,1,2,1,0,1,1,1,1785527584
2026-07-31T19:53:45Z,701,14,5,5,0,0,1,1,1,1785526999
2026-07-31T19:53:45Z,702,7,2,15,1,0,1,1,1,1785527562
2026-07-31T19:53:45Z,704,2,0,13,0,0,1,1,1,1785527616
2026-07-31T19:53:45Z,705,2,1,13,0,0,1,1,1,1785526070
2026-07-31T19:53:45Z,706,4,1,9,2,0,1,1,1,1785526934
2026-07-31T19:53:45Z,707,11,1,4,0,0,1,1,1,1785527511
2026-07-31T19:53:45Z,708,3,0,15,1,0,1,1,1,1785527322
2026-07-31T19:53:45Z,709,5,1,7,3,0,1,1,1,1785527569
2026-07-31T19:53:45Z,710,1,1,18,0,0,1,1,1,1785527298
2026-07-31T19:53:45Z,711,3,0,17,3,0,1,1,1,1785527225
2026-07-31T19:53:45Z,712,7,7,8,0,0,1,1,1,1785527583
2026-07-31T19:53:45Z,713,3,1,20,0,0,1,1,1,1785526657
2026-07-31T19:53:45Z,716,4,2,11,0,0,1,1,1,1785527287
2026-07-31T19:53:45Z,717,5,2,18,2,0,1,1,1,1785527579
2026-07-31T19:53:45Z,718,10,1,3,2,0,1,1,1,1785527381
2026-07-31T19:53:45Z,719,8,1,21,0,0,1,1,1,1785526597
2026-07-31T19:53:45Z,720,0,0,19,0,0,1,1,1,1785527558
2026-07-31T19:53:45Z,721,7,0,12,4,0,1,1,1,1785527528
2026-07-31T19:53:45Z,722,6,0,9,0,0,1,1,1,1785527332
2026-07-31T19:53:45Z,723,13,2,10,0,0,1,1,1,1785527531
2026-07-31T19:53:45Z,724,7,1,16,0,0,1,1,1,1785527539
2026-07-31T19:53:45Z,725,3,2,19,1,0,1,1,1,1785527309
2026-07-31T19:53:45Z,726,1,0,16,2,0,1,1,1,1785527498
2026-07-31T19:53:45Z,727,10,5,12,1,0,1,1,1,1785526580
2026-07-31T19:53:45Z,728,10,1,4,1,0,1,1,1,1785526050
2026-07-31T19:53:45Z,729,5,0,14,0,0,1,1,1,1785527187
2026-07-31T19:53:45Z,730,1,1,11,3,0,1,1,1,1785526648
2026-07-31T19:53:45Z,731,11,3,2,2,0,1,1,1,1785527596
2026-07-31T19:53:45Z,732,5,4,10,0,0,1,1,1,1785527478
2026-07-31T19:53:45Z,733,8,0,19,0,0,1,1,1,1785527509
2026-07-31T19:53:45Z,734,7,4,7,0,0,1,1,1,1785526705
2026-07-31T19:53:45Z,735,17,8,10,0,0,1,1,1,1785527564
2026-07-31T19:53:45Z,736,11,1,7,1,0,1,1,1,1785527169
2026-07-31T19:53:45Z,737,4,2,10,0,1,1,1,1,1785526267
2026-07-31T19:53:45Z,738,13,7,6,0,0,1,1,1,1785526616
2026-07-31T19:53:45Z,739,18,0,8,1,0,1,1,1,1785527230
2026-07-31T19:53:45Z,741,9,0,14,0,0,1,1,1,1785526111
2026-07-31T19:53:45Z,742,23,5,11,1,0,1,1,1,1785527494
2026-07-31T19:53:45Z,743,7,4,11,1,0,1,1,1,1785525989
2026-07-31T19:53:45Z,744,8,1,6,1,0,1,1,1,1785527319
2026-07-31T19:53:45Z,745,12,4,7,0,0,1,1,1,1785526505
2026-07-31T19:53:45Z,746,2,0,20,1,0,1,1,1,1785527613
2026-07-31T19:53:45Z,747,0,0,4,0,0,0,1,1,1783446606
2026-07-31T19:53:45Z,748,9,1,14,0,0,1,1,1,1785527356
2026-07-31T19:53:45Z,749,1,0,21,1,0,1,1,1,1785527397
2026-07-31T19:53:45Z,750,0,0,11,0,0,1,1,1,1785527467
2026-07-31T19:53:45Z,751,20,16,3,0,0,1,1,1,1785527585
2026-07-31T19:53:45Z,752,8,0,8,1,0,1,1,1,1785527533
2026-07-31T19:53:45Z,753,2,0,12,1,0,1,1,1,1785527562
2026-07-31T19:53:45Z,754,8,3,7,0,0,1,1,1,1785527079
2026-07-31T19:53:45Z,755,7,0,15,1,0,1,1,1,1785527178
2026-07-31T19:53:45Z,756,19,18,17,1,0,1,1,1,1785527188
2026-07-31T19:53:45Z,757,5,5,14,0,0,1,1,1,1785527541
2026-07-31T19:53:45Z,758,1,1,22,0,0,1,1,1,1785527455
2026-07-31T19:53:45Z,759,0,0,0,0,0,1,1,1,86400
2026-07-31T19:53:45Z,760,9,3,10,0,0,1,1,1,1785526292
2026-07-31T19:53:45Z,761,10,1,12,1,0,1,1,1,1785526540
2026-07-31T19:53:45Z,762,3,2,7,5,0,1,1,1,1785527594
2026-07-31T19:53:45Z,768,7,0,8,4,0,1,1,1,1785526941
2026-07-31T19:53:45Z,769,7,5,10,2,0,1,1,1,1785527339
2026-07-31T19:53:45Z,770,6,2,11,2,0,1,1,1,1785526301
2026-07-31T19:53:45Z,771,12,2,2,1,0,1,1,1,1785527564
2026-07-31T19:53:45Z,772,6,0,9,0,0,1,1,1,1785527218
2026-07-31T19:53:45Z,773,17,4,2,0,0,1,1,1,1785527398
2026-07-31T19:53:45Z,774,6,2,4,5,0,1,1,1,1785527351
2026-07-31T19:53:45Z,775,8,1,9,1,1,1,1,1,1785523731
2026-07-31T19:53:45Z,776,3,1,17,1,0,1,1,1,1785526566
2026-07-31T19:53:45Z,777,12,4,3,0,0,1,1,1,1785526309
2026-07-31T19:53:45Z,778,12,0,4,3,0,1,1,1,1785527330
2026-07-31T19:53:45Z,779,4,0,14,1,0,1,1,1,1785527272
2026-07-31T19:53:45Z,780,7,4,11,1,0,1,1,1,1785527586
2026-07-31T19:53:45Z,781,2,1,7,2,0,1,1,1,1785526920
2026-07-31T19:53:45Z,782,1,0,14,4,0,1,1,1,1785526002
2026-07-31T19:53:45Z,783,8,1,11,0,0,1,1,1,1785527053
2026-07-31T19:53:45Z,784,3,0,16,0,0,1,1,1,1785527098
2026-07-31T19:53:45Z,785,10,2,3,6,0,1,1,1,1785527277
2026-07-31T19:53:45Z,786,10,5,9,0,0,1,1,1,1785526934
2026-07-31T19:53:45Z,787,6,3,8,1,0,1,1,1,1785526506
2026-07-31T19:53:45Z,788,2,0,13,0,0,1,1,1,1785527541
2026-07-31T19:53:45Z,789,7,2,4,4,0,1,1,1,1785525935
2026-07-31T19:53:45Z,790,3,0,19,1,0,1,1,1,1785527303
2026-07-31T19:53:45Z,791,7,0,11,0,1,1,1,1,1785526040
2026-07-31T19:53:45Z,793,4,0,10,1,0,1,1,1,1785526060
2026-07-31T19:53:45Z,794,22,7,5,2,0,1,1,1,1785527478
2026-07-31T19:53:45Z,796,4,2,14,1,0,1,1,1,1785526736
2026-07-31T19:53:45Z,797,4,2,11,0,0,1,1,1,1785527611
2026-07-31T19:53:45Z,798,14,2,9,2,0,1,1,1,1785527546
2026-07-31T19:53:45Z,799,12,2,3,4,0,1,1,1,1785525896
2026-07-31T19:53:45Z,800,2,0,18,1,0,1,1,1,1785527591
2026-07-31T19:53:45Z,801,5,0,12,4,0,1,1,1,1785527568
2026-07-31T19:53:45Z,802,8,0,23,0,0,1,1,1,1785526150
2026-07-31T19:53:45Z,803,0,0,15,0,0,1,1,1,1785527508
2026-07-31T19:53:45Z,806,1,0,13,1,0,1,1,1,1785526582
2026-07-31T19:53:45Z,807,16,9,6,3,0,1,1,1,1785527241
2026-07-31T19:53:45Z,808,20,6,2,3,0,1,1,1,1785525702
2026-07-31T19:53:45Z,809,4,1,18,1,0,1,1,1,1785527445
2026-07-31T19:53:45Z,810,4,2,13,2,0,1,1,1,1785526311
2026-07-31T19:53:45Z,815,3,1,6,5,1,1,1,1,1785526734
2026-07-31T19:53:45Z,817,13,7,2,0,0,1,1,1,1785527042
2026-07-31T19:53:45Z,818,4,0,19,0,0,1,1,1,1785526626
2026-07-31T19:53:45Z,819,10,4,5,0,0,1,1,1,1785525935
2026-07-31T19:53:45Z,820,9,1,8,0,0,1,1,1,1785526924
2026-07-31T19:53:45Z,821,3,2,12,0,0,1,1,1,1785526028
2026-07-31T19:53:45Z,822,4,0,17,2,0,1,1,1,1785527334
2026-07-31T19:53:45Z,823,12,1,3,0,0,1,1,1,1785527483
2026-07-31T19:53:45Z,824,13,5,5,1,0,1,1,1,1785527375
2026-07-31T19:53:45Z,825,7,5,8,0,0,1,1,1,1785521169
2026-07-31T19:53:45Z,826,9,1,8,2,0,1,1,1,1785526900
2026-07-31T19:53:45Z,827,17,3,2,2,0,1,1,1,1785526441
2026-07-31T19:53:45Z,828,11,1,5,2,0,1,1,1,1785527514
2026-07-31T19:53:45Z,829,17,6,10,0,0,1,1,1,1785527199
2026-07-31T19:53:45Z,830,19,0,3,1,0,1,1,1,1785527353
2026-07-31T19:53:45Z,831,6,3,7,2,0,1,1,1,1785527276
2026-07-31T19:53:45Z,832,8,2,7,3,0,1,1,1,1785527441
2026-07-31T19:53:45Z,833,1,1,17,1,0,1,1,1,1785527190
2026-07-31T19:53:45Z,834,20,0,2,2,0,1,1,1,1785527512
2026-07-31T19:53:45Z,835,0,0,17,1,0,1,1,1,1785527276
2026-07-31T19:53:45Z,838,4,1,10,1,0,1,1,1,1785526978
2026-07-31T19:53:45Z,839,20,2,7,2,0,1,1,1,1785527615
2026-07-31T19:53:45Z,840,0,0,28,1,0,1,1,1,1785527492
2026-07-31T19:53:45Z,841,7,1,8,0,0,1,1,1,1785527263
2026-07-31T19:53:45Z,842,2,0,21,0,0,1,1,1,1785527173
2026-07-31T19:53:45Z,843,11,0,20,0,0,1,1,1,1785527531
2026-07-31T19:53:45Z,844,5,0,18,0,0,1,1,1,1785527442
2026-07-31T19:53:45Z,845,4,3,13,2,0,1,1,1,1785527523
2026-07-31T19:53:45Z,846,3,1,15,1,0,1,1,1,1785526659
2026-07-31T19:53:45Z,847,6,1,20,1,0,1,1,1,1785526555
2026-07-31T19:53:45Z,848,3,3,15,1,0,1,1,1,1785527377
2026-07-31T19:53:45Z,849,7,0,7,1,0,1,1,1,1785526501
2026-07-31T19:53:45Z,850,3,0,7,1,0,1,1,1,1785526892
2026-07-31T19:53:45Z,851,3,3,31,3,0,1,1,1,1785527378
2026-07-31T19:53:45Z,852,9,3,10,0,0,1,1,1,1785527597
2026-07-31T19:53:45Z,853,12,5,11,0,0,1,1,1,1785526356
2026-07-31T19:53:45Z,854,3,2,12,0,0,1,1,1,1785526328
2026-07-31T19:53:45Z,855,27,0,0,0,0,1,1,1,1785524493
2026-07-31T19:53:45Z,857,10,4,7,2,0,1,1,1,1785527545
2026-07-31T19:53:45Z,858,5,2,13,1,0,1,1,1,1785526107
2026-07-31T19:53:45Z,859,8,0,12,1,0,1,1,1,1785526817
2026-07-31T19:53:45Z,861,7,0,3,1,0,1,1,1,1785506303
2026-07-31T19:53:45Z,862,4,2,11,0,0,1,1,1,1785527305
2026-07-31T19:53:45Z,863,11,0,7,1,0,1,1,1,1785526731
2026-07-31T19:53:45Z,866,12,3,7,0,0,1,1,1,1785525860
2026-07-31T19:53:45Z,867,14,2,1,0,0,1,1,1,1785526908
2026-07-31T19:53:45Z,868,7,0,8,0,0,1,1,1,1785527299
2026-07-31T19:53:45Z,870,9,6,6,0,0,1,1,1,1785527382
2026-07-31T19:53:45Z,871,0,0,10,1,0,1,1,1,1785526714
2026-07-31T19:53:45Z,872,0,0,14,1,0,1,1,1,1785527290
2026-07-31T19:53:45Z,873,22,0,10,1,0,1,1,1,1785527456
2026-07-31T19:53:45Z,874,4,0,8,3,0,1,1,1,1785527431
2026-07-31T19:53:45Z,875,9,6,4,2,0,1,1,1,1785527502
2026-07-31T19:53:45Z,877,13,12,6,0,0,1,1,1,1785526971
2026-07-31T19:53:45Z,878,3,3,16,0,0,1,1,1,1785527545
2026-07-31T19:53:45Z,879,3,1,16,0,0,1,1,1,1785526614
2026-07-31T19:53:45Z,880,0,0,22,1,0,1,1,1,1785527504
2026-07-31T19:53:45Z,881,2,0,17,0,0,1,1,1,1785527406
2026-07-31T19:53:45Z,882,9,4,9,1,0,1,1,1,1785513298
2026-07-31T19:53:45Z,883,9,4,10,0,0,1,1,1,1785527608
2026-07-31T19:53:45Z,884,10,6,11,0,0,1,1,1,1785526988
2026-07-31T19:53:45Z,885,0,0,19,0,0,1,1,1,1785527207
2026-07-31T19:53:45Z,886,10,0,19,0,0,1,1,1,1785527440
2026-07-31T19:53:45Z,887,6,3,8,3,0,1,1,1,1785526386
2026-07-31T19:53:45Z,888,12,1,27,1,1,1,1,1,1785527541
2026-07-31T19:53:45Z,889,3,0,14,2,0,1,1,1,1785527491
2026-07-31T19:53:45Z,890,8,4,7,0,0,1,1,1,1785527402
2026-07-31T19:53:45Z,891,21,0,2,0,0,1,1,1,1785526754
2026-07-31T19:53:45Z,892,9,1,6,0,0,1,1,1,1785523247
2026-07-31T19:53:45Z,895,2,0,17,0,0,1,1,1,1785526379
2026-07-31T19:53:45Z,896,9,0,26,0,0,1,1,1,1785526343
2026-07-31T19:53:45Z,897,12,1,9,0,0,1,1,1,1785527443
2026-07-31T19:53:45Z,898,3,0,16,0,0,1,1,1,1785527280
2026-07-31T19:53:45Z,899,2,0,16,1,0,1,1,1,1785527586
2026-07-31T19:53:45Z,900,0,0,27,0,0,1,1,1,1785527354
2026-07-31T19:53:45Z,901,2,0,16,1,0,1,1,1,1785527300
2026-07-31T19:53:45Z,902,6,1,9,0,0,1,1,1,1785527036
2026-07-31T19:53:45Z,903,4,0,14,1,0,1,1,1,1785526596
2026-07-31T19:53:45Z,904,11,5,7,1,0,1,1,1,1785527578
2026-07-31T19:53:45Z,905,8,3,18,1,0,1,1,1,1785527225
2026-07-31T19:53:45Z,906,12,3,14,1,0,1,1,1,1785527540
2026-07-31T19:53:45Z,907,5,1,26,0,0,1,1,1,1785527614
2026-07-31T19:53:45Z,908,8,0,15,0,0,1,1,1,1785527540
2026-07-31T19:53:45Z,909,7,6,16,0,0,1,1,1,1785527395
2026-07-31T19:53:45Z,910,19,1,12,0,0,1,1,1,1785527535
2026-07-31T19:53:45Z,911,4,1,15,0,0,1,1,1,1785527061
2026-07-31T19:53:45Z,912,18,0,4,1,0,1,1,1,1785527582
2026-07-31T19:53:45Z,913,7,4,12,0,0,1,1,1,1785527368
2026-07-31T19:53:45Z,914,12,0,7,0,0,1,1,1,1785527179
2026-07-31T19:53:45Z,915,20,3,1,2,0,1,1,1,1785527313
2026-07-31T19:53:45Z,916,0,0,22,1,0,1,1,1,1785527546
2026-07-31T19:53:45Z,917,15,0,18,2,0,1,1,1,1785527392
2026-07-31T19:53:45Z,918,13,0,3,3,0,1,1,1,1785527512
2026-07-31T19:53:45Z,919,14,0,25,0,0,1,1,1,1785527568
2026-07-31T19:53:45Z,920,7,2,12,0,0,1,1,1,1785526027
2026-07-31T19:53:45Z,921,16,1,5,0,0,1,1,1,1785527222
2026-07-31T19:53:45Z,922,2,2,19,0,0,1,1,1,1785527470
2026-07-31T19:53:45Z,923,0,0,19,0,0,1,1,1,1785527511
2026-07-31T19:53:45Z,924,7,0,13,1,0,1,1,1,1785526413
2026-07-31T19:53:45Z,925,12,0,9,0,0,1,1,1,1785525913
2026-07-31T19:53:45Z,926,0,0,21,0,0,1,1,1,1785527550
2026-07-31T19:53:45Z,927,29,1,5,1,0,1,1,1,1785526737
2026-07-31T19:53:45Z,928,0,0,19,0,0,0,1,1,1785500252
2026-07-31T19:53:45Z,929,19,1,4,0,0,1,1,1,1785527080
2026-07-31T19:53:45Z,930,3,0,27,1,0,1,1,1,1785527521
2026-07-31T19:53:45Z,931,0,0,23,0,0,1,1,1,1785527153
2026-07-31T19:53:45Z,932,2,0,15,2,0,1,1,1,1785527582
2026-07-31T19:53:45Z,933,13,1,9,1,0,1,1,1,1785527596
2026-07-31T19:53:45Z,934,21,0,9,1,0,1,1,1,1785527250
2026-07-31T19:53:45Z,935,5,0,13,1,0,1,1,1,1785527512
2026-07-31T19:53:45Z,936,12,1,7,0,0,1,1,1,1785527087
2026-07-31T19:53:45Z,940,3,1,7,1,0,1,1,1,1785527313
2026-07-31T19:53:45Z,941,13,0,10,2,0,1,1,1,1785527403
2026-07-31T19:53:45Z,942,14,1,7,0,0,1,1,1,1785526978
2026-07-31T19:53:45Z,943,8,8,7,0,0,1,1,1,1785527377
2026-07-31T19:53:45Z,944,10,8,5,0,0,1,1,1,1785527221
2026-07-31T19:53:45Z,945,10,8,5,0,0,1,1,1,1785526743
2026-07-31T19:53:45Z,946,7,5,12,0,0,1,1,1,1785523835
2026-07-31T19:53:45Z,947,7,5,10,0,0,1,1,1,1785527240
2026-07-31T19:53:45Z,948,17,10,11,3,0,1,1,1,1785527577
2026-07-31T19:53:45Z,949,6,4,9,0,0,1,1,1,1785527455
2026-07-31T19:53:45Z,950,2,0,13,2,0,1,1,1,1785527606
2026-07-31T19:53:45Z,951,18,4,5,0,0,1,1,1,1785527520
2026-07-31T19:53:45Z,952,23,5,31,1,0,1,1,1,1785527371
2026-07-31T19:53:45Z,953,2,0,12,1,0,1,1,1,1785527027
2026-07-31T19:53:45Z,954,3,0,16,0,0,1,1,1,1785527473
2026-07-31T19:53:45Z,955,10,3,11,5,1,1,1,1,1785527587
2026-07-31T19:53:45Z,956,9,1,13,1,0,1,1,1,1785527550
2026-07-31T19:53:45Z,957,7,0,21,1,0,1,1,1,1785526752
2026-07-31T19:53:45Z,958,14,2,16,1,0,1,1,1,1785527614
2026-07-31T19:53:45Z,959,4,3,18,1,0,1,1,1,1785527187
2026-07-31T19:53:45Z,960,6,1,17,0,0,1,1,1,1785527268
2026-07-31T19:53:45Z,961,5,1,15,3,0,1,1,1,1785527561
2026-07-31T19:53:45Z,962,9,3,23,3,0,1,1,1,1785526569
2026-07-31T19:53:45Z,963,6,0,16,1,0,1,1,1,1785527602
2026-07-31T19:53:45Z,964,8,5,15,0,0,1,1,1,1785527600
2026-07-31T19:53:45Z,965,11,6,15,1,0,1,1,1,1785527569
2026-07-31T19:53:45Z,966,20,0,9,2,0,1,1,1,1785527257
2026-07-31T19:53:45Z,967,2,0,17,2,0,1,1,1,1785527126
2026-07-31T19:53:45Z,968,11,0,7,1,0,1,1,1,1785527414
2026-07-31T19:53:45Z,969,3,1,23,1,0,1,1,1,1785527557
2026-07-31T19:53:45Z,970,0,0,18,1,0,1,1,1,1785527593
2026-07-31T19:53:45Z,971,0,0,22,1,0,1,1,1,1785527596
2026-07-31T19:53:45Z,972,10,3,12,1,0,1,1,1,1785527253
2026-07-31T19:53:45Z,973,8,2,14,1,0,1,1,1,1785527606
2026-07-31T19:53:45Z,974,19,0,7,1,0,1,1,1,1785527022
2026-07-31T19:53:45Z,977,5,0,14,2,0,1,1,1,1785527495
2026-07-31T19:53:45Z,978,18,0,5,0,0,1,1,1,1785526582
2026-07-31T19:53:45Z,979,8,1,9,0,0,1,1,1,1785526877
2026-07-31T19:53:45Z,980,12,1,8,1,0,1,1,1,1785527315
2026-07-31T19:53:45Z,981,5,0,16,0,0,1,1,1,1785527552
2026-07-31T19:53:45Z,982,3,1,15,1,0,1,1,1,1785527294
2026-07-31T19:53:45Z,983,5,3,18,0,0,1,1,1,1785525937
2026-07-31T19:53:45Z,984,6,0,17,0,0,1,1,1,1785527063
2026-07-31T19:53:45Z,985,3,0,28,0,0,1,1,1,1785527488
2026-07-31T19:53:45Z,986,3,0,16,0,0,1,1,1,1785527295
2026-07-31T19:53:45Z,987,6,0,17,0,0,1,1,1,1785526051
2026-07-31T19:53:45Z,988,7,3,12,0,0,1,1,1,1785527464
2026-07-31T19:53:45Z,989,9,4,10,0,0,1,1,1,1785526447
2026-07-31T19:53:45Z,990,11,0,3,1,0,1,1,1,1785527464
2026-07-31T19:53:45Z,991,9,0,9,1,0,1,1,1,1785527196
2026-07-31T19:53:45Z,992,9,5,14,0,0,1,1,1,1785526264
2026-07-31T19:53:45Z,993,4,3,22,1,0,1,1,1,1785527128
2026-07-31T19:53:45Z,994,0,0,21,0,0,1,1,1,1785526505
2026-07-31T19:53:45Z,995,6,0,21,0,0,1,1,1,1785527535
2026-07-31T19:53:45Z,996,8,2,15,0,0,1,1,1,1785527370
2026-07-31T19:53:45Z,997,5,4,6,9,3,1,1,1,1785526005
2026-07-31T19:53:45Z,998,5,4,18,0,0,1,1,1,1785525810
2026-07-31T19:53:45Z,999,4,1,15,1,1,1,1,1,1785527338
2026-07-31T19:53:45Z,1000,4,2,17,0,0,1,1,1,1785527577
2026-07-31T19:53:45Z,1001,5,3,22,0,0,1,1,1,1785525868
2026-07-31T19:53:45Z,1002,2,2,28,1,0,1,1,1,1785525895
2026-07-31T19:53:45Z,1003,0,0,23,0,0,1,1,1,1785527266
2026-07-31T19:53:45Z,1004,9,2,14,0,0,1,1,1,1785526746
2026-07-31T19:53:45Z,1005,20,1,3,0,0,1,1,1,1785527574
2026-07-31T19:53:45Z,1006,7,4,12,0,0,1,1,1,1785527266
2026-07-31T19:53:45Z,1007,1,1,20,0,0,1,1,1,1785526908
2026-07-31T19:53:45Z,1008,8,7,15,0,0,1,1,1,1785526440
2026-07-31T19:53:45Z,1009,22,5,8,1,0,1,1,1,1785526359
2026-07-31T19:53:45Z,1010,8,2,19,0,0,1,1,1,1785527164
2026-07-31T19:53:45Z,1011,6,2,11,2,0,1,1,1,1785525821
2026-07-31T19:53:45Z,1012,5,3,16,2,0,1,1,1,1785527228
2026-07-31T19:53:45Z,1013,4,1,18,1,0,1,1,1,1785525862
2026-07-31T19:53:45Z,1014,9,4,14,0,0,1,1,1,1785525935
2026-07-31T19:53:45Z,1015,4,3,26,1,0,1,1,1,1785526271
2026-07-31T19:53:45Z,1016,10,5,21,0,0,1,1,1,1785527167
2026-07-31T19:53:45Z,1017,14,5,7,0,0,1,1,1,1785526621
2026-07-31T19:53:45Z,1018,7,3,15,0,0,1,1,1,1785527307
2026-07-31T19:53:45Z,1019,8,5,7,0,0,1,1,1,1785527180
2026-07-31T19:53:45Z,1020,19,5,2,0,0,1,1,1,1785526486
2026-07-31T19:53:45Z,1021,9,4,6,0,0,1,1,1,1785526167
2026-07-31T19:53:45Z,1022,14,0,13,0,0,1,1,1,1785527436
2026-07-31T19:53:45Z,1023,14,2,9,0,0,1,1,1,1785527058
2026-07-31T19:53:45Z,1024,6,2,13,0,0,1,1,1,1785526872
2026-07-31T19:53:45Z,1025,4,0,14,0,1,1,1,1,1785527413
2026-07-31T19:53:45Z,1026,12,9,18,1,0,1,1,1,1785526799
2026-07-31T19:53:45Z,1028,3,1,20,0,0,1,1,1,1785527402
2026-07-31T19:53:45Z,1029,12,10,3,0,0,1,1,1,1785526475
2026-07-31T19:53:45Z,1030,13,4,10,0,0,1,1,1,1785526279
2026-07-31T19:53:45Z,1031,9,1,10,0,0,1,1,1,1785526593
2026-07-31T19:53:45Z,1032,7,1,12,0,0,1,1,1,1785527264
2026-07-31T19:53:45Z,1033,9,5,10,0,0,1,1,1,1785526694
2026-07-31T19:53:45Z,1034,4,1,11,0,0,1,1,1,1785527249
2026-07-31T19:53:45Z,1035,1,0,17,1,0,1,1,1,1785527270
2026-07-31T19:53:45Z,1036,12,0,3,0,0,1,1,1,1785526013
2026-07-31T19:53:45Z,1037,4,2,15,0,0,1,1,1,1785527482
2026-07-31T19:53:45Z,1038,1,0,14,0,0,1,1,1,1785526940
2026-07-31T19:53:45Z,1039,7,1,12,0,0,1,1,1,1785527416
2026-07-31T19:53:45Z,1040,8,5,11,0,0,1,1,1,1785527315
2026-07-31T19:53:45Z,1041,11,3,8,0,0,1,1,1,1785527184
2026-07-31T19:53:45Z,1042,14,2,0,1,0,1,1,1,1785527436
2026-07-31T19:53:45Z,1043,11,5,7,1,0,1,1,1,1785527601
2026-07-31T19:53:45Z,1044,1,0,14,0,0,1,1,1,1785526995
2026-07-31T19:53:45Z,1045,9,0,10,0,0,1,1,1,1785527247
2026-07-31T19:53:45Z,1046,9,0,6,0,0,1,1,1,1785526620
2026-07-31T19:53:45Z,1047,4,0,17,0,0,1,1,1,1785526216
2026-07-31T19:53:45Z,1048,5,0,14,0,0,1,1,1,1785527227
2026-07-31T19:53:45Z,1049,0,0,21,0,0,1,1,1,1785527328
2026-07-31T19:53:45Z,1050,16,4,5,0,0,1,1,1,1785526613
2026-07-31T19:53:45Z,1051,8,2,13,0,0,1,1,1,1785526484
2026-07-31T19:53:45Z,1052,16,1,5,1,0,1,1,1,1785527117
2026-07-31T19:53:45Z,1053,2,1,13,0,0,1,1,1,1785527128
2026-07-31T19:53:45Z,1054,5,1,10,0,0,1,1,1,1785527614
2026-07-31T19:53:45Z,1055,8,1,11,0,0,1,1,1,1785527396
2026-07-31T19:53:45Z,1057,13,3,6,0,0,1,1,1,1785527485
2026-07-31T19:53:45Z,1058,24,2,31,1,0,1,1,1,1785527555
2026-07-31T19:53:45Z,1059,0,0,18,1,0,1,1,1,1785527255
2026-07-31T19:53:45Z,1060,33,0,4,0,0,1,1,1,1785527494
2026-07-31T19:53:45Z,1061,32,1,5,0,0,1,1,1,1785527555
2026-07-31T19:53:45Z,1062,17,0,0,0,0,1,1,1,1785526089
2026-07-31T19:53:45Z,1063,12,1,6,1,0,1,1,1,1785527307
2026-07-31T19:53:45Z,1064,3,0,19,1,0,1,1,1,1785525851
2026-07-31T19:53:45Z,1065,16,3,7,0,0,1,1,1,1785526099
2026-07-31T19:53:45Z,1066,11,2,12,0,0,1,1,1,1785525969
2026-07-31T19:53:45Z,1067,8,2,13,2,0,1,1,1,1785526194
2026-07-31T19:53:45Z,1068,6,2,14,3,0,1,1,1,1785527542
2026-07-31T19:53:45Z,1069,12,3,11,0,0,1,1,1,1785527550
2026-07-31T19:53:45Z,1070,12,2,11,0,0,1,1,1,1785525833
2026-07-31T19:53:45Z,1071,8,4,15,0,0,1,1,1,1785526541
2026-07-31T19:53:45Z,1072,11,1,11,1,0,1,1,1,1785526275
2026-07-31T19:53:45Z,1073,2,1,25,0,0,1,1,1,1785527583
2026-07-31T19:53:45Z,1074,11,3,41,1,0,1,1,1,1785527340
2026-07-31T19:53:45Z,1075,8,8,13,0,0,1,1,1,1785527053
2026-07-31T19:53:45Z,1076,16,13,5,0,0,1,1,1,1785526502
2026-07-31T19:53:45Z,1077,11,7,9,1,0,1,1,1,1785526143
2026-07-31T19:53:45Z,1078,10,9,11,0,0,1,1,1,1785526751
2026-07-31T19:53:45Z,1079,12,8,9,0,0,1,1,1,1785527159
2026-07-31T19:53:45Z,1080,10,8,9,2,0,1,1,1,1785527087
2026-07-31T19:53:45Z,1081,14,8,5,0,0,1,1,1,1785526280
2026-07-31T19:53:45Z,1082,12,11,11,0,0,1,1,1,1785527165
2026-07-31T19:53:45Z,1083,12,11,9,0,0,1,1,1,1785527429
2026-07-31T19:53:45Z,1084,10,8,11,0,0,1,1,1,1785527045
2026-07-31T19:53:45Z,1085,14,8,7,0,0,1,1,1,1785526745
2026-07-31T19:53:45Z,1086,15,11,5,1,0,1,1,1,1785527439
2026-07-31T19:53:45Z,1087,6,6,9,0,0,1,1,1,1785526533
2026-07-31T19:53:45Z,1088,9,7,6,0,0,1,1,1,1785527308
2026-07-31T19:53:45Z,1089,5,2,10,0,0,1,1,1,1785525826
2026-07-31T19:53:45Z,1090,7,6,8,0,0,1,1,1,1785526244
2026-07-31T19:53:45Z,1091,5,3,10,0,0,1,1,1,1785526446
2026-07-31T19:53:45Z,1092,10,9,5,0,0,1,1,1,1785525826
2026-07-31T19:53:45Z,1093,5,5,9,1,0,1,1,1,1785526529
2026-07-31T19:53:45Z,1094,11,10,8,0,0,1,1,1,1785527259
2026-07-31T19:53:45Z,1095,9,8,6,0,0,1,1,1,1785527238
2026-07-31T19:53:45Z,1096,10,8,8,1,0,1,1,1,1785527290
2026-07-31T19:53:45Z,1097,8,8,7,0,0,1,1,1,1785526013
2026-07-31T19:53:45Z,1098,9,7,10,0,0,1,1,1,1785526861
2026-07-31T19:53:45Z,1099,7,6,8,0,0,1,1,1,1785527094
2026-07-31T19:53:45Z,1100,5,3,24,0,0,1,1,1,1785521793
2026-07-31T19:53:45Z,1101,10,5,11,0,0,1,1,1,1785527017
2026-07-31T19:53:45Z,1102,9,4,4,0,0,1,1,1,1785526229
2026-07-31T19:53:45Z,1103,11,5,10,0,0,1,1,1,1785503681
2026-07-31T19:53:45Z,1104,11,6,10,0,0,1,1,1,1785526767
2026-07-31T19:53:45Z,1105,8,4,5,0,0,1,1,1,1785526113
2026-07-31T19:53:45Z,1106,10,5,11,0,0,1,1,1,1785527107
2026-07-31T19:53:45Z,1107,9,5,6,0,0,1,1,1,1785527358
2026-07-31T19:53:45Z,1108,8,4,16,2,1,1,1,1,1785526124
2026-07-31T19:53:45Z,1109,8,4,7,0,0,1,1,1,1785527302
2026-07-31T19:53:45Z,1110,8,0,13,0,0,1,1,1,1785526632
2026-07-31T19:53:45Z,1111,8,6,12,1,0,1,1,1,1785526112
2026-07-31T19:53:45Z,1112,28,0,25,0,0,1,1,1,1785527480
2026-07-31T19:53:45Z,1113,4,0,17,0,0,1,1,1,1785526555
2026-07-31T19:53:45Z,1115,13,2,6,4,0,1,1,1,1785526011
2026-07-31T19:53:45Z,1116,2,1,17,0,0,1,1,1,1785527284
2026-07-31T19:53:45Z,1117,4,1,17,2,0,1,1,1,1785527591
2026-07-31T19:53:45Z,1118,5,0,16,0,0,1,1,1,1785527085
2026-07-31T19:53:45Z,1119,6,0,11,0,0,1,1,1,1785526649
2026-07-31T19:53:45Z,1120,6,0,12,1,0,1,1,1,1785527437
2026-07-31T19:53:45Z,1121,7,0,13,1,0,1,1,1,1785526940
2026-07-31T19:53:45Z,1122,4,3,15,2,0,1,1,1,1785527217
2026-07-31T19:53:45Z,1123,11,8,10,2,0,1,1,1,1785527242
2026-07-31T19:53:45Z,1124,2,0,11,2,0,1,1,1,1785527231
2026-07-31T19:53:45Z,1125,14,2,9,0,0,1,1,1,1785525868
2026-07-31T19:53:45Z,1126,7,0,14,0,0,1,1,1,1785527521
2026-07-31T19:53:45Z,1127,3,0,16,0,0,1,1,1,1785527601
2026-07-31T19:53:45Z,1128,0,0,15,0,0,1,1,1,1785527256
2026-07-31T19:53:45Z,1129,1,0,19,1,0,1,1,1,1785527356
2026-07-31T19:53:45Z,1130,4,0,10,1,0,1,1,1,1785527467
2026-07-31T19:53:45Z,1131,7,3,41,1,0,1,1,1,1785527610
2026-07-31T19:53:45Z,1132,10,5,10,1,0,1,1,1,1785527098
2026-07-31T19:53:45Z,1133,6,4,13,2,0,1,1,1,1785527372
2026-07-31T19:53:45Z,1134,11,5,8,0,0,1,1,1,1785525978
2026-07-31T19:53:45Z,1135,12,6,9,0,0,1,1,1,1785526911
2026-07-31T19:53:45Z,1136,12,1,11,0,0,1,1,1,1785527489
2026-07-31T19:53:45Z,1137,13,1,2,0,0,1,1,1,1785527174
2026-07-31T19:53:45Z,1138,1,0,18,0,0,1,1,1,1785527451
2026-07-31T19:53:45Z,1139,15,2,4,2,0,1,1,1,1785526801
2026-07-31T19:53:45Z,1140,5,2,17,1,0,1,1,1,1785527080
2026-07-31T19:53:45Z,1141,11,5,10,0,0,1,1,1,1785527557
2026-07-31T19:53:45Z,1142,0,0,21,0,0,1,1,1,1785526108
2026-07-31T19:53:45Z,1143,10,1,19,0,0,1,1,1,1785527364
2026-07-31T19:53:45Z,1144,7,0,13,1,0,1,1,1,1785526514
2026-07-31T19:53:45Z,1145,11,5,9,1,0,1,1,1,1785525873
2026-07-31T19:53:45Z,1146,15,5,0,4,0,1,1,1,1785527548
2026-07-31T19:53:45Z,1147,19,2,0,0,0,1,1,1,1785527283
2026-07-31T19:53:45Z,1148,1,0,30,0,0,1,1,1,1785527604
2026-07-31T19:53:45Z,1149,7,4,14,4,0,1,1,1,1785527615
2026-07-31T19:53:45Z,1150,5,0,14,0,0,1,1,1,1785527099
2026-07-31T19:53:45Z,1151,8,0,13,0,0,1,1,1,1785526124
2026-07-31T19:53:45Z,1152,5,0,24,0,0,1,1,1,1785527612
2026-07-31T19:53:45Z,1153,21,2,1,1,0,1,1,1,1785527577
2026-07-31T19:53:45Z,1154,3,0,16,0,0,1,1,1,1785527100
2026-07-31T19:53:45Z,1155,2,1,16,3,0,1,1,1,1785527480
2026-07-31T19:53:45Z,1158,3,1,16,0,0,1,1,1,1785527169
2026-07-31T19:53:45Z,1159,12,0,7,0,0,1,1,1,1785527530
2026-07-31T19:53:45Z,1160,9,1,10,0,0,1,1,1,1785527166
2026-07-31T19:53:45Z,1161,3,0,15,1,0,1,1,1,1785526757
2026-07-31T19:53:45Z,1162,3,1,16,0,0,1,1,1,1785526104
2026-07-31T19:53:45Z,1163,2,1,16,1,0,1,1,1,1785527289
2026-07-31T19:53:45Z,1164,6,1,13,0,0,1,1,1,1785527346
2026-07-31T19:53:45Z,1165,2,0,19,0,0,1,1,1,1785526273
2026-07-31T19:53:45Z,1166,14,3,7,0,0,1,1,1,1785525935
2026-07-31T19:53:45Z,1167,4,0,11,0,0,1,1,1,1785527017
2026-07-31T19:53:45Z,1168,2,1,19,2,0,1,1,1,1785527578
2026-07-31T19:53:45Z,1169,3,0,15,1,0,1,1,1,1785527191
2026-07-31T19:53:45Z,1170,7,1,14,0,0,1,1,1,1785527585
2026-07-31T19:53:45Z,1171,8,7,15,0,0,1,1,1,1785527284
2026-07-31T19:53:45Z,1172,2,0,11,2,0,1,1,1,1785527501
2026-07-31T19:53:45Z,1173,13,4,6,0,0,1,1,1,1785527449
2026-07-31T19:53:45Z,1174,6,3,9,0,0,1,1,1,1785527097
2026-07-31T19:53:45Z,1175,4,3,15,0,0,1,1,1,1785525246
2026-07-31T19:53:45Z,1176,10,2,11,0,0,1,1,1,1785526795
2026-07-31T19:53:45Z,1177,3,1,18,0,0,1,1,1,1785526602
2026-07-31T19:53:45Z,1178,5,2,10,0,0,1,1,1,1785527591
2026-07-31T19:53:45Z,1181,1,0,14,0,0,1,1,1,1785527374
2026-07-31T19:53:45Z,1182,14,2,5,1,0,1,1,1,1785527612
2026-07-31T19:53:45Z,1183,23,3,20,2,0,1,1,1,1785527613
2026-07-31T19:53:45Z,1184,3,2,16,2,0,1,1,1,1785527208
2026-07-31T19:53:45Z,1185,9,5,12,0,0,1,1,1,1785526737
2026-07-31T19:53:45Z,1186,10,5,9,0,0,1,1,1,1785525904
2026-07-31T19:53:45Z,1187,10,5,10,1,0,1,1,1,1785526157
2026-07-31T19:53:45Z,1188,10,5,5,0,0,1,1,1,1785527356
2026-07-31T19:53:45Z,1189,9,4,10,0,0,1,1,1,1785527482
2026-07-31T19:53:45Z,1190,9,4,12,0,0,1,1,1,1785526895
2026-07-31T19:53:45Z,1191,11,6,4,0,0,1,1,1,1785527361
2026-07-31T19:53:45Z,1192,9,6,11,1,0,1,1,1,1785527259
2026-07-31T19:53:45Z,1193,6,4,5,2,0,1,1,1,1785526329
2026-07-31T19:53:45Z,1197,9,6,7,1,0,1,1,1,1785526792
2026-07-31T19:53:45Z,1198,13,4,6,2,0,1,1,1,1785525968
2026-07-31T19:53:45Z,1199,3,0,16,0,0,1,1,1,1785525962
2026-07-31T19:53:45Z,1200,9,5,6,0,0,1,1,1,1785527397
2026-07-31T19:53:45Z,1201,10,5,5,0,0,1,1,1,1785527372
2026-07-31T19:53:45Z,1202,10,5,5,0,0,1,1,1,1785527474
2026-07-31T19:53:45Z,1203,11,5,4,0,0,1,1,1,1785527377
2026-07-31T19:53:45Z,1204,7,4,12,0,0,1,1,1,1785527148
2026-07-31T19:53:45Z,1206,11,5,10,0,0,1,1,1,1785526386
2026-07-31T19:53:45Z,1207,8,4,6,1,0,1,1,1,1785525876
2026-07-31T19:53:45Z,1208,10,4,9,0,0,1,1,1,1785525813
2026-07-31T19:53:45Z,1216,9,0,11,1,0,1,1,1,1785526603
2026-07-31T19:53:45Z,1218,4,0,17,0,0,1,1,1,1785527001
2026-07-31T19:53:45Z,1219,5,1,7,3,0,1,1,1,1785527334
2026-07-31T19:53:45Z,1220,17,6,2,0,0,1,1,1,1785526635
2026-07-31T19:53:45Z,1221,1,1,19,1,0,1,1,1,1785526349
2026-07-31T19:53:45Z,1222,14,1,15,0,0,1,1,1,1785527329
2026-07-31T19:53:45Z,1223,22,1,6,1,0,1,1,1,1785527598
2026-07-31T19:53:45Z,1226,0,0,3,0,0,0,1,1,1781868931
2026-07-31T19:53:45Z,1227,4,0,21,0,0,1,1,1,1785527022
2026-07-31T19:53:45Z,1228,5,4,24,0,0,1,1,1,1785527223
2026-07-31T19:53:45Z,1229,43,1,2,0,0,1,1,1,1785527545
2026-07-31T19:58:45Z,1,13,0,10,0,0,1,1,1,1785527811
2026-07-31T19:58:45Z,2,4,1,20,3,0,1,1,1,1785527894
2026-07-31T19:58:45Z,3,12,2,1,1,0,1,1,1,1785527340
2026-07-31T19:58:45Z,4,21,5,0,1,0,1,1,1,1785527084
2026-07-31T19:58:45Z,5,17,3,5,1,0,1,1,1,1785526383
2026-07-31T19:58:45Z,6,2,1,13,0,0,1,1,1,1785527324
2026-07-31T19:58:45Z,7,3,0,36,0,0,1,1,1,1785527782
2026-07-31T19:58:45Z,8,6,1,37,0,0,1,1,1,1785527878
2026-07-31T19:58:45Z,9,15,0,7,1,0,1,1,1,1785527782
2026-07-31T19:58:45Z,10,2,0,19,3,0,1,1,1,1785527903
2026-07-31T19:58:45Z,11,7,0,10,2,0,1,1,1,1785527755
2026-07-31T19:58:45Z,12,23,1,0,0,0,1,1,1,1785527176
2026-07-31T19:58:45Z,13,8,1,22,0,0,1,1,1,1785527257
2026-07-31T19:58:45Z,14,40,0,2,0,1,1,1,1,1785527800
2026-07-31T19:58:45Z,15,11,0,4,0,0,1,1,1,1785527910
2026-07-31T19:58:45Z,16,5,0,19,2,1,1,1,1,1785527184
2026-07-31T19:58:45Z,17,9,1,16,2,0,1,1,1,1785527842
2026-07-31T19:58:45Z,18,6,0,10,2,0,1,1,1,1785527794
2026-07-31T19:58:45Z,19,18,3,7,2,0,1,1,1,1785527879
2026-07-31T19:58:45Z,20,6,1,29,0,0,1,1,1,1785527480
2026-07-31T19:58:45Z,21,6,1,12,1,0,1,1,1,1785527902
2026-07-31T19:58:45Z,22,31,0,32,2,0,1,1,1,1785527820
2026-07-31T19:58:45Z,23,12,9,19,0,0,1,1,1,1785527672
2026-07-31T19:58:45Z,24,3,1,7,1,0,1,1,1,1785527911
2026-07-31T19:58:45Z,25,75,7,4,2,0,1,1,1,1785527340
2026-07-31T19:58:45Z,26,27,1,0,0,0,1,1,1,1785527461
2026-07-31T19:58:45Z,28,3,0,12,0,0,1,1,1,1785527535
2026-07-31T19:58:45Z,30,10,1,18,1,0,1,1,1,1785527460
2026-07-31T19:58:45Z,31,12,4,6,1,0,1,1,1,1785527824
2026-07-31T19:58:45Z,32,11,2,16,0,0,1,1,1,1785527805
2026-07-31T19:58:45Z,34,17,2,20,0,0,1,1,1,1785527718
2026-07-31T19:58:45Z,35,44,4,0,3,0,1,1,1,1785527731
2026-07-31T19:58:45Z,36,0,0,0,0,0,0,1,1,86400
2026-07-31T19:58:45Z,37,16,4,6,1,0,1,1,1,1785527701
2026-07-31T19:58:45Z,38,13,2,10,0,0,1,1,1,1785527794
2026-07-31T19:58:45Z,39,11,1,28,0,0,1,1,1,1785527728
2026-07-31T19:58:45Z,40,12,0,9,0,0,1,1,1,1785527781
2026-07-31T19:58:45Z,41,34,4,9,0,0,1,1,1,1785527899
2026-07-31T19:58:45Z,42,0,0,31,0,0,1,1,1,1785527406
2026-07-31T19:58:45Z,43,14,3,9,0,0,1,1,1,1785527883
2026-07-31T19:58:45Z,45,17,3,12,0,0,1,1,1,1785527836
2026-07-31T19:58:45Z,46,2,1,28,1,0,1,1,1,1785527612
2026-07-31T19:58:45Z,47,0,0,14,1,0,1,1,1,1785526884
2026-07-31T19:58:45Z,48,12,0,15,0,0,1,1,1,1785527898
2026-07-31T19:58:45Z,49,2,0,17,4,0,1,1,1,1785527916
2026-07-31T19:58:45Z,50,9,7,10,0,0,1,1,1,1785527711
2026-07-31T19:58:45Z,51,52,2,25,0,0,1,1,1,1785527915
2026-07-31T19:58:45Z,52,23,2,1,3,0,1,1,1,1785527911
2026-07-31T19:58:45Z,55,3,2,20,0,0,1,1,1,1785527777
2026-07-31T19:58:45Z,56,32,0,11,0,0,1,1,1,1785527682
2026-07-31T19:58:45Z,57,13,2,14,0,0,1,1,1,1785527910
2026-07-31T19:58:45Z,58,5,2,23,0,0,1,1,1,1785527319
2026-07-31T19:58:45Z,59,9,1,16,2,0,1,1,1,1785527914
2026-07-31T19:58:45Z,61,3,0,36,0,0,1,1,1,1785527810
2026-07-31T19:58:45Z,62,29,10,17,3,0,1,1,1,1785527817
2026-07-31T19:58:45Z,63,16,0,3,0,0,1,1,1,1785527818
2026-07-31T19:58:45Z,64,12,1,3,4,0,1,1,1,1785527230
2026-07-31T19:58:45Z,65,11,3,7,1,0,1,1,1,1785527459
2026-07-31T19:58:45Z,67,14,2,25,0,0,1,1,1,1785527836
2026-07-31T19:58:45Z,68,34,0,3,0,0,1,1,1,1785527801
2026-07-31T19:58:45Z,69,2,0,13,0,0,1,1,1,1785527829
2026-07-31T19:58:45Z,71,13,4,11,3,0,1,1,1,1785527705
2026-07-31T19:58:45Z,72,26,3,2,2,1,1,1,1,1785527692
2026-07-31T19:58:45Z,73,31,1,0,0,0,1,1,1,1785527907
2026-07-31T19:58:45Z,74,0,0,19,0,0,1,1,1,1785527253
2026-07-31T19:58:45Z,75,17,0,14,1,0,1,1,1,1785527405
2026-07-31T19:58:45Z,76,10,1,7,2,0,1,1,1,1785527914
2026-07-31T19:58:45Z,77,6,0,21,0,0,1,1,1,1785527494
2026-07-31T19:58:45Z,78,7,7,16,0,0,1,1,1,1785527867
2026-07-31T19:58:45Z,79,8,1,8,1,0,1,1,1,1785527871
2026-07-31T19:58:45Z,80,9,0,11,3,0,1,1,1,1785527865
2026-07-31T19:58:45Z,81,7,2,24,0,0,1,1,1,1785527902
2026-07-31T19:58:45Z,82,19,5,3,1,0,1,1,1,1785527560
2026-07-31T19:58:45Z,83,12,5,21,1,0,1,1,1,1785527905
2026-07-31T19:58:45Z,84,0,0,27,0,0,1,1,1,1785527739
2026-07-31T19:58:45Z,85,12,2,3,0,0,1,1,1,1785527509
2026-07-31T19:58:45Z,86,5,0,22,0,0,1,1,1,1785527326
2026-07-31T19:58:45Z,87,5,0,14,0,0,1,1,1,1785526941
2026-07-31T19:58:45Z,88,10,0,32,1,0,1,1,1,1785527699
2026-07-31T19:58:45Z,89,30,2,5,0,0,1,1,1,1785527808
2026-07-31T19:58:45Z,90,3,0,14,1,0,1,1,1,1785527679
2026-07-31T19:58:45Z,91,4,0,13,0,0,1,1,1,1785527540
2026-07-31T19:58:45Z,92,7,0,9,3,0,1,1,1,1785527692
2026-07-31T19:58:45Z,93,3,2,20,0,0,1,1,1,1785527672
2026-07-31T19:58:45Z,94,13,0,5,1,0,1,1,1,1785527778
2026-07-31T19:58:45Z,95,5,0,28,1,1,1,1,1,1785527910
2026-07-31T19:58:45Z,96,16,0,14,1,0,1,1,1,1785527710
2026-07-31T19:58:45Z,97,1,0,15,1,0,1,1,1,1785527751
2026-07-31T19:58:45Z,98,30,2,5,0,0,1,1,1,1785527807
2026-07-31T19:58:45Z,99,11,0,4,0,0,1,1,1,1785527891
2026-07-31T19:58:45Z,100,4,0,23,0,0,1,1,1,1785527492
2026-07-31T19:58:45Z,101,12,0,2,1,0,1,1,1,1785527658
2026-07-31T19:58:45Z,102,1,0,22,0,0,1,1,1,1785527651
2026-07-31T19:58:45Z,103,14,1,12,4,0,1,1,1,1785527853
2026-07-31T19:58:45Z,104,6,0,19,2,0,1,1,1,1785527916
2026-07-31T19:58:45Z,105,17,0,2,0,0,1,1,1,1785526643
2026-07-31T19:58:45Z,106,11,0,10,0,0,1,1,1,1785527766
2026-07-31T19:58:45Z,107,17,7,20,0,0,1,1,1,1785527911
2026-07-31T19:58:45Z,108,0,0,33,2,0,1,1,1,1785527798
2026-07-31T19:58:45Z,109,20,1,3,0,0,1,1,1,1785527711
2026-07-31T19:58:45Z,110,9,0,14,0,0,1,1,1,1785527389
2026-07-31T19:58:45Z,111,16,1,20,0,0,1,1,1,1785527559
2026-07-31T19:58:45Z,112,5,3,9,1,0,1,1,1,1785527700
2026-07-31T19:58:45Z,113,9,0,9,1,0,1,1,1,1785527602
2026-07-31T19:58:45Z,114,17,6,12,1,1,1,1,1,1785527746
2026-07-31T19:58:45Z,115,7,4,19,2,0,1,1,1,1785527814
2026-07-31T19:58:45Z,116,16,14,10,1,0,1,1,1,1785526995
2026-07-31T19:58:45Z,118,9,0,11,3,0,1,1,1,1785527902
2026-07-31T19:58:45Z,119,0,0,36,2,0,1,1,1,1785527378
2026-07-31T19:58:45Z,120,2,0,24,1,0,1,1,1,1785527895
2026-07-31T19:58:45Z,121,2,0,16,0,1,1,1,1,1785527706
2026-07-31T19:58:45Z,122,9,0,11,1,0,1,1,1,1785527633
2026-07-31T19:58:45Z,123,26,1,21,0,0,1,1,1,1785527753
2026-07-31T19:58:45Z,124,1,0,34,0,0,1,1,1,1785527084
2026-07-31T19:58:45Z,125,5,0,17,1,0,1,1,1,1785527915
2026-07-31T19:58:45Z,126,17,0,14,0,0,1,1,1,1785525006
2026-07-31T19:58:45Z,127,14,2,20,1,0,1,1,1,1785527837
2026-07-31T19:58:45Z,128,5,3,14,0,0,1,1,1,1785527761
2026-07-31T19:58:45Z,129,0,0,17,2,0,1,1,1,1785527190
2026-07-31T19:58:45Z,130,4,0,13,0,0,1,1,1,1785527562
2026-07-31T19:58:45Z,131,5,3,6,0,0,1,1,1,1785527858
2026-07-31T19:58:45Z,132,5,5,8,1,1,1,1,1,1785527515
2026-07-31T19:58:45Z,134,18,4,1,4,0,1,1,1,1785527850
2026-07-31T19:58:45Z,135,4,0,14,1,0,1,1,1,1785527685
2026-07-31T19:58:45Z,136,0,0,16,1,6,1,1,1,1785527899
2026-07-31T19:58:45Z,137,5,3,12,2,0,1,1,1,1785527693
2026-07-31T19:58:45Z,138,10,1,27,0,0,1,1,1,1785527605
2026-07-31T19:58:45Z,139,5,1,14,0,0,1,1,1,1785527736
2026-07-31T19:58:45Z,140,2,0,20,1,0,1,1,1,1785527913
2026-07-31T19:58:45Z,141,6,0,30,0,0,1,1,1,1785527703
2026-07-31T19:58:45Z,142,5,1,18,0,0,1,1,1,1785527754
2026-07-31T19:58:45Z,143,11,1,19,1,0,1,1,1,1785527910
2026-07-31T19:58:45Z,144,2,0,25,0,0,1,1,1,1785527674
2026-07-31T19:58:45Z,146,16,2,6,1,0,1,1,1,1785526786
2026-07-31T19:58:45Z,147,7,0,10,2,0,1,1,1,1785527890
2026-07-31T19:58:45Z,148,1,0,21,5,0,1,1,1,1785527882
2026-07-31T19:58:45Z,149,1,0,26,0,0,1,1,1,1785526109
2026-07-31T19:58:45Z,150,9,1,23,3,0,1,1,1,1785527677
2026-07-31T19:58:45Z,151,6,1,17,0,0,1,1,1,1785527914
2026-07-31T19:58:45Z,152,3,0,20,3,0,1,1,1,1785527892
2026-07-31T19:58:45Z,153,3,1,23,2,0,1,1,1,1785527876
2026-07-31T19:58:45Z,154,19,0,1,3,0,1,1,1,1785527859
2026-07-31T19:58:45Z,155,2,0,11,1,0,1,1,1,1785527750
2026-07-31T19:58:45Z,156,8,1,11,0,0,1,1,1,1785527896
2026-07-31T19:58:45Z,157,2,1,23,2,0,1,1,1,1785527869
2026-07-31T19:58:45Z,158,2,0,13,1,0,1,1,1,1785527914
2026-07-31T19:58:45Z,159,5,4,13,1,0,1,1,1,1785527407
2026-07-31T19:58:45Z,160,2,0,17,0,0,1,1,1,1785527650
2026-07-31T19:58:45Z,161,3,0,19,0,0,1,1,1,1785527729
2026-07-31T19:58:45Z,162,15,6,9,3,0,1,1,1,1785527767
2026-07-31T19:58:45Z,163,2,2,28,0,1,1,1,1,1785527724
2026-07-31T19:58:45Z,164,12,0,15,0,0,1,1,1,1785527871
2026-07-31T19:58:45Z,165,20,4,10,1,0,1,1,1,1785527846
2026-07-31T19:58:45Z,166,3,2,31,5,0,1,1,1,1785527913
2026-07-31T19:58:45Z,167,1,1,21,1,0,1,1,1,1785527340
2026-07-31T19:58:45Z,168,12,7,12,3,0,1,1,1,1785527845
2026-07-31T19:58:45Z,169,14,0,7,1,1,1,1,1,1785527902
2026-07-31T19:58:45Z,170,4,0,14,1,0,1,1,1,1785527776
2026-07-31T19:58:45Z,171,8,0,3,2,0,1,1,1,1785527622
2026-07-31T19:58:45Z,173,17,2,22,0,0,1,1,1,1785527881
2026-07-31T19:58:45Z,174,8,1,18,0,0,1,1,1,1785527915
2026-07-31T19:58:45Z,175,30,1,0,1,0,1,1,1,1785527911
2026-07-31T19:58:45Z,176,12,1,1,1,1,1,1,1,1785527234
2026-07-31T19:58:45Z,177,7,1,20,0,0,1,1,1,1785527839
2026-07-31T19:58:45Z,178,12,0,0,2,1,1,1,1,1785527914
2026-07-31T19:58:45Z,179,6,4,7,2,0,1,1,1,1785527860
2026-07-31T19:58:45Z,180,4,0,26,0,0,1,1,1,1785527553
2026-07-31T19:58:45Z,181,1,1,14,0,0,1,1,1,1785527642
2026-07-31T19:58:45Z,182,9,3,8,0,0,1,1,1,1785527666
2026-07-31T19:58:45Z,183,3,2,19,1,0,1,1,1,1785527892
2026-07-31T19:58:45Z,184,20,1,0,3,0,1,1,1,1785527905
2026-07-31T19:58:45Z,185,8,4,5,1,1,1,1,1,1785527552
2026-07-31T19:58:45Z,186,2,0,17,0,0,1,1,1,1785527711
2026-07-31T19:58:45Z,187,8,0,19,1,0,1,1,1,1785527272
2026-07-31T19:58:45Z,188,6,4,13,8,0,1,1,1,1785527911
2026-07-31T19:58:45Z,189,2,2,13,0,0,1,1,1,1785527135
2026-07-31T19:58:45Z,190,11,2,12,0,0,1,1,1,1785527720
2026-07-31T19:58:45Z,191,21,9,17,1,0,1,1,1,1785526936
2026-07-31T19:58:45Z,192,5,2,24,2,0,1,1,1,1785527727
2026-07-31T19:58:45Z,193,4,3,10,1,0,1,1,1,1785527430
2026-07-31T19:58:45Z,194,7,7,20,0,0,1,1,1,1785527767
2026-07-31T19:58:45Z,195,1,1,18,0,0,1,1,1,1785526508
2026-07-31T19:58:45Z,196,9,6,17,1,0,1,1,1,1785527875
2026-07-31T19:58:45Z,197,1,1,17,0,1,1,1,1,1785527886
2026-07-31T19:58:45Z,198,10,10,12,1,0,1,1,1,1785527552
2026-07-31T19:58:45Z,199,7,2,7,1,0,1,1,1,1785527823
2026-07-31T19:58:45Z,200,18,16,7,1,0,1,1,1,1785527634
2026-07-31T19:58:45Z,201,3,1,19,1,0,1,1,1,1785527661
2026-07-31T19:58:45Z,202,12,0,15,0,0,1,1,1,1785527129
2026-07-31T19:58:45Z,203,16,1,14,1,0,1,1,1,1785527915
2026-07-31T19:58:45Z,204,24,1,10,1,0,1,1,1,1785527716
2026-07-31T19:58:45Z,205,13,0,14,0,0,1,1,1,1785527340
2026-07-31T19:58:45Z,206,0,0,15,0,0,1,1,1,1785527850
2026-07-31T19:58:45Z,207,19,2,2,0,0,1,1,1,1785527871
2026-07-31T19:58:45Z,208,3,1,25,1,0,1,1,1,1785527402
2026-07-31T19:58:45Z,209,22,3,8,1,0,1,1,1,1785527876
2026-07-31T19:58:45Z,210,1,0,25,1,0,1,1,1,1785527897
2026-07-31T19:58:45Z,211,1,0,21,1,0,1,1,1,1785527464
2026-07-31T19:58:45Z,212,8,1,26,1,0,1,1,1,1785527838
2026-07-31T19:58:45Z,213,15,4,7,1,0,1,1,1,1785527677
2026-07-31T19:58:45Z,214,12,6,33,2,0,1,1,1,1785527617
2026-07-31T19:58:45Z,215,0,0,22,1,0,1,1,1,1785527794
2026-07-31T19:58:45Z,216,2,0,16,1,0,1,1,1,1785527447
2026-07-31T19:58:45Z,217,22,3,6,1,0,1,1,1,1785527899
2026-07-31T19:58:45Z,218,12,10,23,4,0,1,1,1,1785527836
2026-07-31T19:58:45Z,219,20,0,5,1,0,1,1,1,1785527823
2026-07-31T19:58:45Z,220,7,4,34,1,1,1,1,1,1785527712
2026-07-31T19:58:45Z,221,0,0,14,1,0,1,1,1,1785527771
2026-07-31T19:58:45Z,222,2,1,17,0,0,1,1,1,1785527893
2026-07-31T19:58:45Z,223,16,2,16,3,0,1,1,1,1785527774
2026-07-31T19:58:45Z,224,0,0,21,1,0,1,1,1,1785527593
2026-07-31T19:58:45Z,225,6,1,10,3,0,1,1,1,1785526388
2026-07-31T19:58:45Z,226,2,1,28,1,0,1,1,1,1785527736
2026-07-31T19:58:45Z,227,5,2,22,0,0,1,1,1,1785527883
2026-07-31T19:58:45Z,228,8,6,11,0,0,1,1,1,1785527834
2026-07-31T19:58:45Z,230,4,0,22,0,0,1,1,1,1785527750
2026-07-31T19:58:45Z,232,2,0,14,1,0,1,1,1,1785527637
2026-07-31T19:58:45Z,233,9,4,20,2,0,1,1,1,1785527752
2026-07-31T19:58:45Z,234,8,3,5,4,2,1,1,1,1785527371
2026-07-31T19:58:45Z,236,0,0,19,0,0,1,1,1,1785527628
2026-07-31T19:58:45Z,237,10,1,12,1,0,1,1,1,1785527902
2026-07-31T19:58:45Z,239,19,10,6,2,0,1,1,1,1785527882
2026-07-31T19:58:45Z,241,1,1,21,1,0,1,1,1,1785527752
2026-07-31T19:58:45Z,242,2,2,19,2,0,1,1,1,1785527500
2026-07-31T19:58:45Z,243,16,14,13,2,0,1,1,1,1785527871
2026-07-31T19:58:45Z,244,4,4,21,2,0,1,1,1,1785527856
2026-07-31T19:58:45Z,245,5,3,18,0,0,1,1,1,1785527821
2026-07-31T19:58:45Z,246,9,2,13,1,0,1,1,1,1785527811
2026-07-31T19:58:45Z,247,2,2,19,2,0,1,1,1,1785527774
2026-07-31T19:58:45Z,248,12,4,8,3,0,1,1,1,1785527544
2026-07-31T19:58:45Z,249,18,14,0,1,0,1,1,1,1785527840
2026-07-31T19:58:45Z,250,12,2,13,2,0,1,1,1,1785527881
2026-07-31T19:58:45Z,251,17,9,6,4,0,1,1,1,1785527586
2026-07-31T19:58:45Z,253,5,1,14,0,0,1,1,1,1785527493
2026-07-31T19:58:45Z,254,5,0,37,1,0,1,1,1,1785527911
2026-07-31T19:58:45Z,255,14,0,8,0,1,1,1,1,1785527881
2026-07-31T19:58:45Z,256,3,3,18,2,0,1,1,1,1785527639
2026-07-31T19:58:45Z,257,1,0,17,1,0,1,1,1,1785527887
2026-07-31T19:58:45Z,258,14,10,5,0,0,1,1,1,1785527829
2026-07-31T19:58:45Z,259,14,0,8,0,1,1,1,1,1785526851
2026-07-31T19:58:45Z,260,3,3,15,1,0,1,1,1,1785527773
2026-07-31T19:58:45Z,261,2,0,15,1,1,1,1,1,1785527691
2026-07-31T19:58:45Z,262,10,3,12,1,0,1,1,1,1785527893
2026-07-31T19:58:45Z,263,1,1,14,0,0,1,1,1,1785527864
2026-07-31T19:58:45Z,264,3,2,16,0,0,1,1,1,1785527892
2026-07-31T19:58:45Z,265,3,0,12,0,0,1,1,1,1785527281
2026-07-31T19:58:45Z,266,2,0,16,1,0,1,1,1,1785527425
2026-07-31T19:58:45Z,267,8,4,6,1,0,1,1,1,1785526233
2026-07-31T19:58:45Z,268,15,5,8,0,0,1,1,1,1785527292
2026-07-31T19:58:45Z,269,3,1,20,0,0,1,1,1,1785527777
2026-07-31T19:58:45Z,270,7,2,19,1,0,1,1,1,1785527621
2026-07-31T19:58:45Z,271,0,0,17,2,0,1,1,1,1785526703
2026-07-31T19:58:45Z,272,8,2,14,1,0,1,1,1,1785527611
2026-07-31T19:58:45Z,273,4,0,11,0,0,1,1,1,1785527729
2026-07-31T19:58:45Z,274,5,2,12,2,0,1,1,1,1785527589
2026-07-31T19:58:45Z,275,9,0,14,0,0,1,1,1,1785527704
2026-07-31T19:58:45Z,276,2,1,25,0,0,1,1,1,1785527892
2026-07-31T19:58:45Z,277,17,9,2,4,0,1,1,1,1785527491
2026-07-31T19:58:45Z,278,9,6,18,4,0,1,1,1,1785527906
2026-07-31T19:58:45Z,279,14,0,5,0,0,1,1,1,1785527890
2026-07-31T19:58:45Z,280,0,0,27,4,0,1,1,1,1785527883
2026-07-31T19:58:45Z,281,4,2,15,0,0,1,1,1,1785527806
2026-07-31T19:58:45Z,282,7,2,11,0,0,1,1,1,1785527347
2026-07-31T19:58:45Z,283,17,0,17,1,0,1,1,1,1785527846
2026-07-31T19:58:45Z,284,0,0,32,3,0,1,1,1,1785527911
2026-07-31T19:58:45Z,285,2,0,21,0,0,1,1,1,1785527800
2026-07-31T19:58:45Z,286,6,4,17,0,0,1,1,1,1785527727
2026-07-31T19:58:45Z,287,14,2,7,2,0,1,1,1,1785527539
2026-07-31T19:58:45Z,288,3,1,15,1,0,1,1,1,1785527827
2026-07-31T19:58:45Z,289,6,5,18,3,0,1,1,1,1785527696
2026-07-31T19:58:45Z,290,5,0,33,1,0,1,1,1,1785527490
2026-07-31T19:58:45Z,291,10,0,12,1,0,1,1,1,1785527885
2026-07-31T19:58:45Z,292,15,0,8,0,0,1,1,1,1785527586
2026-07-31T19:58:45Z,293,6,5,13,4,0,1,1,1,1785527895
2026-07-31T19:58:45Z,294,6,5,15,1,0,1,1,1,1785527880
2026-07-31T19:58:45Z,297,6,0,11,1,1,1,1,1,1785527906
2026-07-31T19:58:45Z,301,13,0,6,0,0,1,1,1,1785527671
2026-07-31T19:58:45Z,302,10,1,13,0,0,1,1,1,1785527911
2026-07-31T19:58:45Z,303,4,0,15,0,0,1,1,1,1785527887
2026-07-31T19:58:45Z,304,0,0,0,0,0,0,1,1,86400
2026-07-31T19:58:45Z,305,6,1,12,1,0,1,1,1,1785527909
2026-07-31T19:58:45Z,306,2,0,30,0,0,1,1,1,1785527813
2026-07-31T19:58:45Z,307,6,2,16,1,0,1,1,1,1785527641
2026-07-31T19:58:45Z,308,6,0,11,2,0,1,1,1,1785527860
2026-07-31T19:58:45Z,309,0,0,12,2,0,1,1,1,1785527624
2026-07-31T19:58:45Z,311,3,0,12,0,0,1,1,1,1785527793
2026-07-31T19:58:45Z,312,10,8,10,2,1,1,1,1,1785527689
2026-07-31T19:58:45Z,313,5,0,10,0,0,1,1,1,1785526554
2026-07-31T19:58:45Z,314,8,5,9,2,0,1,1,1,1785527641
2026-07-31T19:58:45Z,315,11,3,18,2,0,1,1,1,1785527507
2026-07-31T19:58:45Z,316,3,1,22,5,1,1,1,1,1785527899
2026-07-31T19:58:45Z,317,8,5,22,0,1,1,1,1,1785527861
2026-07-31T19:58:45Z,318,17,0,2,0,0,1,1,1,1785526058
2026-07-31T19:58:45Z,319,17,1,4,2,0,1,1,1,1785527897
2026-07-31T19:58:45Z,320,9,0,9,1,0,1,1,1,1785527434
2026-07-31T19:58:45Z,321,3,0,12,4,0,1,1,1,1785527794
2026-07-31T19:58:45Z,322,12,0,17,0,0,1,1,1,1785526506
2026-07-31T19:58:45Z,323,7,0,12,0,0,1,1,1,1785526677
2026-07-31T19:58:45Z,324,18,1,8,1,0,1,1,1,1785527909
2026-07-31T19:58:45Z,325,1,1,24,2,0,1,1,1,1785527609
2026-07-31T19:58:45Z,327,10,1,15,2,0,1,1,1,1785527845
2026-07-31T19:58:45Z,328,10,0,11,1,0,1,1,1,1785527535
2026-07-31T19:58:45Z,329,1,0,15,3,0,1,1,1,1785527097
2026-07-31T19:58:45Z,330,17,1,5,0,0,1,1,1,1785527707
2026-07-31T19:58:45Z,331,13,0,8,2,0,1,1,1,1785527431
2026-07-31T19:58:45Z,332,2,1,15,2,0,1,1,1,1785527468
2026-07-31T19:58:45Z,333,3,2,19,1,0,1,1,1,1785527854
2026-07-31T19:58:45Z,334,7,2,16,0,0,1,1,1,1785527117
2026-07-31T19:58:45Z,335,1,1,21,0,1,1,1,1,1785526846
2026-07-31T19:58:45Z,336,0,0,19,0,0,1,1,1,1785526903
2026-07-31T19:58:45Z,337,12,3,7,4,0,1,1,1,1785527866
2026-07-31T19:58:45Z,338,5,4,14,0,0,1,1,1,1785527770
2026-07-31T19:58:45Z,339,17,12,2,4,0,1,1,1,1785527836
2026-07-31T19:58:45Z,340,0,0,14,1,0,1,1,1,1785526744
2026-07-31T19:58:45Z,341,2,2,17,0,0,1,1,1,1785527722
2026-07-31T19:58:45Z,342,2,0,13,0,0,1,1,1,1785527722
2026-07-31T19:58:45Z,343,17,3,5,1,0,1,1,1,1785527752
2026-07-31T19:58:45Z,344,2,2,21,0,0,1,1,1,1785526611
2026-07-31T19:58:45Z,345,6,1,13,0,0,1,1,1,1785527684
2026-07-31T19:58:45Z,346,4,2,19,0,0,1,1,1,1785526764
2026-07-31T19:58:45Z,347,36,1,7,1,0,1,1,1,1785527868
2026-07-31T19:58:45Z,348,13,0,9,0,1,1,1,1,1785527802
2026-07-31T19:58:45Z,349,15,3,4,0,0,1,1,1,1785526060
2026-07-31T19:58:45Z,350,1,0,24,1,1,1,1,1,1785527251
2026-07-31T19:58:45Z,351,0,0,21,2,0,1,1,1,1785527794
2026-07-31T19:58:45Z,355,0,0,23,0,0,1,1,1,1785526936
2026-07-31T19:58:45Z,356,3,1,16,0,0,1,1,1,1785527830
2026-07-31T19:58:45Z,357,3,3,16,0,0,1,1,1,1785527912
2026-07-31T19:58:45Z,358,13,2,13,1,0,1,1,1,1785527765
2026-07-31T19:58:45Z,359,13,1,14,0,0,1,1,1,1785527751
2026-07-31T19:58:45Z,360,4,3,14,1,0,1,1,1,1785527555
2026-07-31T19:58:45Z,362,3,1,14,2,0,1,1,1,1785527875
2026-07-31T19:58:45Z,363,17,3,10,0,0,1,1,1,1785527863
2026-07-31T19:58:45Z,364,1,1,18,0,0,1,1,1,1785527104
2026-07-31T19:58:45Z,365,0,0,20,3,0,1,1,1,1785527508
2026-07-31T19:58:45Z,366,5,4,17,1,0,1,1,1,1785527731
2026-07-31T19:58:45Z,367,1,1,16,2,0,1,1,1,1785527635
2026-07-31T19:58:45Z,368,1,0,21,1,0,1,1,1,1785527765
2026-07-31T19:58:45Z,370,3,1,24,0,0,1,1,1,1785527458
2026-07-31T19:58:45Z,371,2,2,16,1,0,1,1,1,1785527489
2026-07-31T19:58:45Z,372,15,0,0,0,0,1,1,1,1785527839
2026-07-31T19:58:45Z,373,0,0,27,0,0,1,1,1,1785525348
2026-07-31T19:58:45Z,374,1,0,17,1,0,1,1,1,1785527830
2026-07-31T19:58:45Z,375,16,4,9,2,0,1,1,1,1785527825
2026-07-31T19:58:45Z,376,19,2,17,3,0,1,1,1,1785527886
2026-07-31T19:58:45Z,377,2,0,25,0,0,1,1,1,1785527400
2026-07-31T19:58:45Z,378,3,3,20,0,1,1,1,1,1785527749
2026-07-31T19:58:45Z,379,9,0,16,2,0,1,1,1,1785527878
2026-07-31T19:58:45Z,380,1,0,22,0,0,1,1,1,1785527412
2026-07-31T19:58:45Z,381,6,1,17,0,0,1,1,1,1785527461
2026-07-31T19:58:45Z,383,3,0,9,3,0,1,1,1,1785527668
2026-07-31T19:58:45Z,384,6,1,19,2,0,1,1,1,1785527906
2026-07-31T19:58:45Z,385,3,2,14,1,0,1,1,1,1785527822
2026-07-31T19:58:45Z,387,6,2,17,0,0,1,1,1,1785527238
2026-07-31T19:58:45Z,388,38,3,8,3,0,1,1,1,1785527820
2026-07-31T19:58:45Z,389,4,2,10,1,0,1,1,1,1785527427
2026-07-31T19:58:45Z,390,6,0,29,0,0,1,1,1,1785527437
2026-07-31T19:58:45Z,391,2,1,13,0,0,1,1,1,1785527615
2026-07-31T19:58:45Z,392,0,0,18,1,0,1,1,1,1785527730
2026-07-31T19:58:45Z,393,2,1,6,3,0,1,1,1,1785526641
2026-07-31T19:58:45Z,394,7,0,3,3,0,1,1,1,1785527489
2026-07-31T19:58:45Z,396,18,4,22,2,0,1,1,1,1785527799
2026-07-31T19:58:45Z,397,22,9,9,0,0,1,1,1,1785527483
2026-07-31T19:58:45Z,399,3,0,11,3,0,1,1,1,1785527472
2026-07-31T19:58:45Z,400,13,8,8,2,0,1,1,1,1785527462
2026-07-31T19:58:45Z,401,3,1,28,8,0,1,1,1,1785527750
2026-07-31T19:58:45Z,403,22,3,6,3,0,1,1,1,1785527851
2026-07-31T19:58:45Z,404,7,2,15,1,0,1,1,1,1785527902
2026-07-31T19:58:45Z,406,7,5,28,0,0,1,1,1,1785527906
2026-07-31T19:58:45Z,407,4,0,29,1,0,1,1,1,1785527834
2026-07-31T19:58:45Z,408,9,1,21,3,0,1,1,1,1785527343
2026-07-31T19:58:45Z,409,13,1,7,3,0,1,1,1,1785527615
2026-07-31T19:58:45Z,413,11,3,11,1,0,1,1,1,1785526846
2026-07-31T19:58:45Z,414,7,0,8,0,0,1,1,1,1785527737
2026-07-31T19:58:45Z,417,3,3,16,0,0,1,1,1,1785527533
2026-07-31T19:58:45Z,418,4,2,11,0,0,1,1,1,1785526750
2026-07-31T19:58:45Z,419,12,2,11,0,0,1,1,1,1785526057
2026-07-31T19:58:45Z,421,3,0,16,0,0,1,1,1,1785527698
2026-07-31T19:58:45Z,422,20,3,7,0,0,1,1,1,1785527745
2026-07-31T19:58:45Z,423,1,0,21,1,0,1,1,1,1785526476
2026-07-31T19:58:45Z,424,7,2,5,2,1,1,1,1,1785527792
2026-07-31T19:58:45Z,425,3,3,17,1,1,1,1,1,1785527873
2026-07-31T19:58:45Z,426,17,1,17,3,0,1,1,1,1785527712
2026-07-31T19:58:45Z,427,7,0,4,4,0,1,1,1,1785527832
2026-07-31T19:58:45Z,428,14,1,3,2,0,1,1,1,1785527723
2026-07-31T19:58:45Z,429,12,8,9,2,0,1,1,1,1785527839
2026-07-31T19:58:45Z,430,6,1,24,1,0,1,1,1,1785527894
2026-07-31T19:58:45Z,431,2,1,30,1,0,1,1,1,1785527780
2026-07-31T19:58:45Z,432,0,0,30,1,0,0,1,1,1785508564
2026-07-31T19:58:45Z,433,5,2,15,3,0,1,1,1,1785527665
2026-07-31T19:58:45Z,437,4,0,13,2,0,1,1,1,1785527899
2026-07-31T19:58:45Z,438,17,2,1,1,0,1,1,1,1785527671
2026-07-31T19:58:45Z,439,5,4,9,1,0,1,1,1,1785527821
2026-07-31T19:58:45Z,440,15,5,0,0,0,1,1,1,1785527567
2026-07-31T19:58:45Z,441,10,3,3,2,0,1,1,1,1785527889
2026-07-31T19:58:45Z,442,6,5,12,1,0,1,1,1,1785526479
2026-07-31T19:58:45Z,443,5,2,22,0,0,1,1,1,1785512432
2026-07-31T19:58:45Z,444,6,2,17,0,0,1,1,1,1785527602
2026-07-31T19:58:45Z,445,5,2,17,1,0,1,1,1,1785527903
2026-07-31T19:58:45Z,446,1,0,21,1,0,1,1,1,1785519783
2026-07-31T19:58:45Z,447,3,0,18,1,1,1,1,1,1785496389
2026-07-31T19:58:45Z,448,7,1,7,1,0,1,1,1,1785523571
2026-07-31T19:58:45Z,452,1,0,17,1,0,1,1,1,1785527376
2026-07-31T19:58:45Z,453,7,3,5,3,0,1,1,1,1785527817
2026-07-31T19:58:45Z,454,12,0,7,0,0,1,1,1,1785527611
2026-07-31T19:58:45Z,455,2,1,37,0,0,1,1,1,1785527913
2026-07-31T19:58:45Z,456,18,2,1,1,0,1,1,1,1785527914
2026-07-31T19:58:45Z,457,22,2,0,5,0,1,1,1,1785527764
2026-07-31T19:58:45Z,458,4,0,18,1,0,1,1,1,1785527360
2026-07-31T19:58:45Z,459,6,1,9,0,0,1,1,1,1785527266
2026-07-31T19:58:45Z,460,13,0,10,0,0,1,1,1,1785527592
2026-07-31T19:58:45Z,461,15,1,4,0,0,1,1,1,1785527508
2026-07-31T19:58:45Z,462,18,2,3,0,0,1,1,1,1785527734
2026-07-31T19:58:45Z,463,9,1,10,0,0,1,1,1,1785526740
2026-07-31T19:58:45Z,464,1,0,13,0,0,1,1,1,1785527501
2026-07-31T19:58:45Z,465,3,3,12,0,0,1,1,1,1785526318
2026-07-31T19:58:45Z,466,6,1,4,5,0,1,1,1,1785527682
2026-07-31T19:58:45Z,467,5,1,14,0,0,1,1,1,1785527407
2026-07-31T19:58:45Z,468,0,0,18,1,0,1,1,1,1785527178
2026-07-31T19:58:45Z,469,19,1,3,1,0,1,1,1,1785527907
2026-07-31T19:58:45Z,470,0,0,13,2,0,1,1,1,1785527606
2026-07-31T19:58:45Z,471,27,3,0,0,0,1,1,1,1785523482
2026-07-31T19:58:45Z,472,6,1,11,2,0,1,1,1,1785527704
2026-07-31T19:58:45Z,473,5,0,14,0,0,1,1,1,1785527170
2026-07-31T19:58:45Z,474,9,0,10,0,0,1,1,1,1785527610
2026-07-31T19:58:45Z,475,5,4,13,1,0,1,1,1,1785527727
2026-07-31T19:58:45Z,477,8,0,7,0,0,1,1,1,1785527382
2026-07-31T19:58:45Z,478,16,4,13,2,0,1,1,1,1785527659
2026-07-31T19:58:45Z,479,7,0,18,2,0,1,1,1,1785527905
2026-07-31T19:58:45Z,480,4,0,9,2,0,1,1,1,1785527228
2026-07-31T19:58:45Z,481,11,1,22,2,0,1,1,1,1785527861
2026-07-31T19:58:45Z,482,6,5,13,0,0,1,1,1,1785527313
2026-07-31T19:58:45Z,483,4,0,21,2,0,1,1,1,1785527759
2026-07-31T19:58:45Z,484,2,1,15,2,0,1,1,1,1785527803
2026-07-31T19:58:45Z,485,8,1,10,0,1,1,1,1,1785527887
2026-07-31T19:58:45Z,486,1,0,23,3,0,1,1,1,1785527608
2026-07-31T19:58:45Z,487,6,3,11,2,0,1,1,1,1785527731
2026-07-31T19:58:45Z,489,6,3,9,0,0,1,1,1,1785527840
2026-07-31T19:58:45Z,490,7,1,8,1,0,1,1,1,1785527757
2026-07-31T19:58:45Z,491,9,3,12,0,0,1,1,1,1785527290
2026-07-31T19:58:45Z,492,6,4,2,3,0,1,1,1,1785527912
2026-07-31T19:58:45Z,493,20,0,7,0,0,1,1,1,1785527218
2026-07-31T19:58:45Z,495,6,0,6,3,0,1,1,1,1785526809
2026-07-31T19:58:45Z,496,4,0,23,0,0,1,1,1,1785527862
2026-07-31T19:58:45Z,497,7,2,10,2,0,1,1,1,1785527882
2026-07-31T19:58:45Z,498,5,0,18,0,0,1,1,1,1785527888
2026-07-31T19:58:45Z,499,0,0,17,2,0,1,1,1,1785527424
2026-07-31T19:58:45Z,500,0,0,11,4,0,1,1,1,1785525419
2026-07-31T19:58:45Z,501,18,4,3,0,0,1,1,1,1785527911
2026-07-31T19:58:45Z,502,14,3,4,1,0,1,1,1,1785527251
2026-07-31T19:58:45Z,503,2,0,28,1,0,1,1,1,1785527895
2026-07-31T19:58:45Z,504,4,0,35,0,0,1,1,1,1785527703
2026-07-31T19:58:45Z,505,0,0,11,1,0,1,1,1,1785526242
2026-07-31T19:58:45Z,511,2,1,21,0,0,1,1,1,1785527900
2026-07-31T19:58:45Z,512,8,0,19,0,0,1,1,1,1785527033
2026-07-31T19:58:45Z,514,2,0,8,1,0,1,1,1,1785527528
2026-07-31T19:58:45Z,515,1,1,18,0,0,1,1,1,1785527371
2026-07-31T19:58:45Z,516,13,0,14,0,0,1,1,1,1785527833
2026-07-31T19:58:45Z,517,15,2,8,0,0,1,1,1,1785527833
2026-07-31T19:58:45Z,518,7,0,7,1,0,1,1,1,1785526879
2026-07-31T19:58:45Z,519,1,1,16,2,0,1,1,1,1785526743
2026-07-31T19:58:45Z,520,17,8,4,5,1,1,1,1,1785527911
2026-07-31T19:58:45Z,521,4,2,19,0,0,1,1,1,1785527228
2026-07-31T19:58:45Z,522,3,1,18,2,0,1,1,1,1785527868
2026-07-31T19:58:45Z,523,10,4,12,1,0,1,1,1,1785526816
2026-07-31T19:58:45Z,524,2,0,20,1,0,1,1,1,1785527726
2026-07-31T19:58:45Z,525,10,0,9,0,0,1,1,1,1785527441
2026-07-31T19:58:45Z,526,4,1,10,1,0,1,1,1,1785527911
2026-07-31T19:58:45Z,527,16,8,9,1,0,1,1,1,1785527730
2026-07-31T19:58:45Z,528,13,2,7,3,0,1,1,1,1785527892
2026-07-31T19:58:45Z,529,6,4,6,7,0,1,1,1,1785527916
2026-07-31T19:58:45Z,530,12,0,8,1,0,1,1,1,1785527761
2026-07-31T19:58:45Z,531,3,2,19,0,1,1,1,1,1785527891
2026-07-31T19:58:45Z,532,25,12,5,1,0,1,1,1,1785527821
2026-07-31T19:58:45Z,533,9,0,9,1,0,1,1,1,1785526058
2026-07-31T19:58:45Z,534,0,0,23,0,0,1,1,1,1785525411
2026-07-31T19:58:45Z,535,11,1,4,0,0,1,1,1,1785527169
2026-07-31T19:58:45Z,536,14,0,9,0,0,1,1,1,1785527723
2026-07-31T19:58:45Z,537,12,0,8,0,0,1,1,1,1785527360
2026-07-31T19:58:45Z,538,4,1,16,1,2,1,1,1,1785527790
2026-07-31T19:58:45Z,539,12,6,19,0,0,1,1,1,1785527780
2026-07-31T19:58:45Z,540,5,4,14,0,0,1,1,1,1785527862
2026-07-31T19:58:45Z,541,4,1,23,0,0,1,1,1,1785527857
2026-07-31T19:58:45Z,542,2,1,20,1,0,1,1,1,1785527857
2026-07-31T19:58:45Z,543,1,0,17,1,0,1,1,1,1785527720
2026-07-31T19:58:45Z,544,4,1,14,4,0,1,1,1,1785527849
2026-07-31T19:58:45Z,545,14,1,1,4,0,1,1,1,1785527772
2026-07-31T19:58:45Z,546,5,4,14,0,0,1,1,1,1785527782
2026-07-31T19:58:45Z,547,1,0,24,0,0,1,1,1,1785527533
2026-07-31T19:58:45Z,548,7,1,16,0,0,1,1,1,1785527507
2026-07-31T19:58:45Z,549,12,0,9,2,0,1,1,1,1785527884
2026-07-31T19:58:45Z,550,6,5,13,0,0,1,1,1,1785527839
2026-07-31T19:58:45Z,551,4,2,18,1,0,1,1,1,1785527874
2026-07-31T19:58:45Z,552,2,2,25,0,0,1,1,1,1785527738
2026-07-31T19:58:45Z,553,2,0,20,1,0,1,1,1,1785527797
2026-07-31T19:58:45Z,554,7,1,12,0,0,1,1,1,1785526232
2026-07-31T19:58:45Z,555,7,1,7,1,0,1,1,1,1785527052
2026-07-31T19:58:45Z,556,16,1,5,2,0,1,1,1,1785527819
2026-07-31T19:58:45Z,557,3,3,18,2,0,1,1,1,1785527687
2026-07-31T19:58:45Z,558,26,7,11,0,0,1,1,1,1785527898
2026-07-31T19:58:45Z,559,16,1,2,1,0,1,1,1,1785527687
2026-07-31T19:58:45Z,560,14,0,13,0,0,1,1,1,1785527774
2026-07-31T19:58:45Z,561,6,3,15,2,0,1,1,1,1785527887
2026-07-31T19:58:45Z,562,11,0,18,6,0,1,1,1,1785527654
2026-07-31T19:58:45Z,563,2,0,12,0,0,1,1,1,1785527853
2026-07-31T19:58:45Z,564,3,1,15,1,0,1,1,1,1785527807
2026-07-31T19:58:45Z,565,0,0,19,0,0,1,1,1,1785526992
2026-07-31T19:58:45Z,566,3,0,15,1,0,1,1,1,1785527630
2026-07-31T19:58:45Z,567,0,0,26,1,0,1,1,1,1785527747
2026-07-31T19:58:45Z,568,13,1,5,1,0,1,1,1,1785527336
2026-07-31T19:58:45Z,569,2,1,15,2,0,1,1,1,1785527786
2026-07-31T19:58:45Z,570,1,0,16,2,0,1,1,1,1785527738
2026-07-31T19:58:45Z,571,4,1,19,0,0,1,1,1,1785527632
2026-07-31T19:58:45Z,572,0,0,18,1,0,1,1,1,1785527105
2026-07-31T19:58:45Z,573,4,0,10,1,0,1,1,1,1785527386
2026-07-31T19:58:45Z,574,6,2,9,0,0,1,1,1,1785527838
2026-07-31T19:58:45Z,575,0,0,20,1,0,1,1,1,1785527149
2026-07-31T19:58:45Z,576,3,0,16,0,0,1,1,1,1785527911
2026-07-31T19:58:45Z,577,19,1,12,0,0,1,1,1,1785527581
2026-07-31T19:58:45Z,578,2,1,20,1,0,1,1,1,1785527891
2026-07-31T19:58:45Z,579,22,0,21,0,0,1,1,1,1785527599
2026-07-31T19:58:45Z,580,4,2,25,0,0,1,1,1,1785527766
2026-07-31T19:58:45Z,581,3,0,15,1,0,1,1,1,1785527907
2026-07-31T19:58:45Z,582,25,2,33,3,0,1,1,1,1785527891
2026-07-31T19:58:45Z,583,2,0,21,0,0,1,1,1,1785526801
2026-07-31T19:58:45Z,584,8,1,7,4,0,1,1,1,1785527873
2026-07-31T19:58:45Z,585,10,0,16,0,1,1,1,1,1785527819
2026-07-31T19:58:45Z,586,31,1,2,2,0,1,1,1,1785527890
2026-07-31T19:58:45Z,587,9,0,13,2,0,1,1,1,1785527634
2026-07-31T19:58:45Z,588,12,3,4,2,1,1,1,1,1785527618
2026-07-31T19:58:45Z,589,3,0,19,0,0,1,1,1,1785527596
2026-07-31T19:58:45Z,590,3,1,28,0,0,1,1,1,1785526544
2026-07-31T19:58:45Z,591,7,0,21,2,0,1,1,1,1785527761
2026-07-31T19:58:45Z,592,0,0,23,0,0,1,1,1,1785526340
2026-07-31T19:58:45Z,593,22,1,16,0,0,1,1,1,1785527539
2026-07-31T19:58:45Z,594,7,0,13,1,0,1,1,1,1785527739
2026-07-31T19:58:45Z,595,0,0,3,0,0,0,1,1,1784046673
2026-07-31T19:58:45Z,605,0,0,2,1,0,0,1,1,1783975843
2026-07-31T19:58:45Z,606,0,0,0,0,0,0,1,1,86400
2026-07-31T19:58:45Z,607,18,2,13,1,0,1,1,1,1785527700
2026-07-31T19:58:45Z,608,31,2,18,1,0,1,1,1,1785527914
2026-07-31T19:58:45Z,609,18,14,5,0,0,1,1,1,1785527880
2026-07-31T19:58:45Z,610,15,1,19,1,0,1,1,1,1785527682
2026-07-31T19:58:45Z,611,20,4,6,1,0,1,1,1,1785527394
2026-07-31T19:58:45Z,612,7,1,8,0,0,1,1,1,1785522916
2026-07-31T19:58:45Z,613,11,4,1,3,0,1,1,1,1785527187
2026-07-31T19:58:45Z,614,7,6,17,2,1,1,1,1,1785526821
2026-07-31T19:58:45Z,617,3,0,10,2,0,1,1,1,1785527015
2026-07-31T19:58:45Z,618,11,0,3,5,0,1,1,1,1785527505
2026-07-31T19:58:45Z,619,4,2,15,0,0,1,1,1,1785527900
2026-07-31T19:58:45Z,620,8,1,19,0,0,1,1,1,1785526315
2026-07-31T19:58:45Z,621,0,0,22,1,0,1,1,1,1785527606
2026-07-31T19:58:45Z,622,19,3,3,1,0,1,1,1,1785527816
2026-07-31T19:58:45Z,623,28,11,1,1,0,1,1,1,1785527911
2026-07-31T19:58:45Z,624,0,0,15,0,0,1,1,1,1785527033
2026-07-31T19:58:45Z,625,14,2,4,3,0,1,1,1,1785527844
2026-07-31T19:58:45Z,626,35,1,10,0,2,1,1,1,1785527790
2026-07-31T19:58:45Z,627,15,4,4,0,0,1,1,1,1785526494
2026-07-31T19:58:45Z,628,7,6,11,0,1,1,1,1,1785527549
2026-07-31T19:58:45Z,629,2,1,7,2,0,1,1,1,1785527837
2026-07-31T19:58:45Z,630,2,0,22,3,0,1,1,1,1785527827
2026-07-31T19:58:45Z,631,12,6,11,0,0,1,1,1,1785527913
2026-07-31T19:58:45Z,632,20,1,1,2,0,1,1,1,1785527406
2026-07-31T19:58:45Z,633,12,3,0,3,0,1,1,1,1785526124
2026-07-31T19:58:45Z,634,11,2,8,0,0,1,1,1,1785527120
2026-07-31T19:58:45Z,635,15,0,3,1,0,1,1,1,1785526790
2026-07-31T19:58:45Z,636,7,2,8,0,0,1,1,1,1785526430
2026-07-31T19:58:45Z,637,8,2,9,2,0,1,1,1,1785527161
2026-07-31T19:58:45Z,638,4,1,13,2,0,1,1,1,1785527879
2026-07-31T19:58:45Z,639,7,1,10,2,0,1,1,1,1785501255
2026-07-31T19:58:45Z,640,11,8,11,1,0,1,1,1,1785527688
2026-07-31T19:58:45Z,641,4,0,23,0,0,1,1,1,1785527877
2026-07-31T19:58:45Z,642,9,3,2,8,0,1,1,1,1785527916
2026-07-31T19:58:45Z,643,9,0,10,8,0,1,1,1,1785527915
2026-07-31T19:58:45Z,644,13,1,1,1,0,1,1,1,1785527504
2026-07-31T19:58:45Z,645,12,1,9,1,1,1,1,1,1785525372
2026-07-31T19:58:45Z,646,3,0,15,1,0,1,1,1,1785527342
2026-07-31T19:58:45Z,647,7,0,24,0,0,1,1,1,1785527727
2026-07-31T19:58:45Z,648,2,0,16,1,0,1,1,1,1785527193
2026-07-31T19:58:45Z,649,9,9,22,0,0,1,1,1,1785527796
2026-07-31T19:58:45Z,650,5,1,9,0,0,1,1,1,1785526439
2026-07-31T19:58:45Z,651,0,0,23,0,0,1,1,1,1785525956
2026-07-31T19:58:45Z,652,0,0,20,3,0,1,1,1,1785527671
2026-07-31T19:58:45Z,653,2,0,16,1,0,1,1,1,1785527752
2026-07-31T19:58:45Z,654,3,0,12,0,0,1,1,1,1785527773
2026-07-31T19:58:45Z,655,8,4,0,4,1,1,1,1,1785527816
2026-07-31T19:58:45Z,656,3,2,16,0,0,1,1,1,1785527742
2026-07-31T19:58:45Z,657,10,4,3,2,2,1,1,1,1785527612
2026-07-31T19:58:45Z,658,7,1,3,0,0,1,1,1,1785526893
2026-07-31T19:58:45Z,659,7,4,6,2,0,1,1,1,1785526201
2026-07-31T19:58:45Z,660,26,7,1,4,0,1,1,1,1785527834
2026-07-31T19:58:45Z,661,17,5,2,0,0,1,1,1,1785527884
2026-07-31T19:58:45Z,662,6,3,14,3,0,1,1,1,1785526394
2026-07-31T19:58:45Z,663,1,1,14,0,0,1,1,1,1785526455
2026-07-31T19:58:45Z,664,20,1,7,0,0,1,1,1,1785527819
2026-07-31T19:58:45Z,665,11,4,4,0,0,1,1,1,1785525553
2026-07-31T19:58:45Z,666,4,2,8,3,0,1,1,1,1785526234
2026-07-31T19:58:45Z,667,10,3,8,1,0,1,1,1,1785527887
2026-07-31T19:58:45Z,668,2,0,17,0,0,1,1,1,1785527504
2026-07-31T19:58:45Z,669,6,3,6,2,0,1,1,1,1785527791
2026-07-31T19:58:45Z,670,21,1,3,3,0,1,1,1,1785527733
2026-07-31T19:58:45Z,671,19,6,8,0,0,1,1,1,1785527563
2026-07-31T19:58:45Z,672,4,0,15,3,1,1,1,1,1785527449
2026-07-31T19:58:45Z,673,12,0,11,0,0,1,1,1,1785526898
2026-07-31T19:58:45Z,674,10,2,11,2,0,1,1,1,1785527883
2026-07-31T19:58:45Z,675,3,1,10,2,0,1,1,1,1785527569
2026-07-31T19:58:45Z,676,7,0,14,1,0,1,1,1,1785527716
2026-07-31T19:58:45Z,681,10,5,3,1,1,1,1,1,1785527769
2026-07-31T19:58:45Z,682,5,1,14,0,0,1,1,1,1785522108
2026-07-31T19:58:45Z,683,1,1,18,0,0,1,1,1,1785527602
2026-07-31T19:58:45Z,684,3,1,24,0,0,1,1,1,1785518528
2026-07-31T19:58:45Z,685,6,0,19,1,1,1,1,1,1785525624
2026-07-31T19:58:45Z,686,9,0,15,3,0,1,1,1,1785527675
2026-07-31T19:58:45Z,687,13,1,16,1,1,1,1,1,1785527703
2026-07-31T19:58:45Z,688,11,0,1,7,0,1,1,1,1785510286
2026-07-31T19:58:45Z,692,5,2,16,0,0,1,1,1,1785527722
2026-07-31T19:58:45Z,693,6,0,2,3,0,1,1,1,1785527011
2026-07-31T19:58:45Z,694,12,6,9,0,0,1,1,1,1785527900
2026-07-31T19:58:45Z,695,6,6,17,0,0,1,1,1,1785527412
2026-07-31T19:58:45Z,696,10,5,13,0,0,1,1,1,1785527561
2026-07-31T19:58:45Z,697,15,2,8,0,0,1,1,1,1785527770
2026-07-31T19:58:45Z,698,8,1,19,0,0,1,1,1,1785527712
2026-07-31T19:58:45Z,699,7,0,7,1,0,1,1,1,1785527384
2026-07-31T19:58:45Z,700,17,1,1,1,0,1,1,1,1785527662
2026-07-31T19:58:45Z,701,12,5,7,0,0,1,1,1,1785527673
2026-07-31T19:58:45Z,702,7,2,15,1,0,1,1,1,1785527562
2026-07-31T19:58:45Z,704,0,0,15,0,0,1,1,1,1785527696
2026-07-31T19:58:45Z,705,2,1,13,0,0,1,1,1,1785527628
2026-07-31T19:58:45Z,706,4,1,9,2,0,1,1,1,1785526934
2026-07-31T19:58:45Z,707,11,1,4,0,0,1,1,1,1785527511
2026-07-31T19:58:45Z,708,3,0,15,1,0,1,1,1,1785527806
2026-07-31T19:58:45Z,709,5,1,7,3,0,1,1,1,1785527569
2026-07-31T19:58:45Z,710,1,1,18,0,0,1,1,1,1785527298
2026-07-31T19:58:45Z,711,3,0,17,3,0,1,1,1,1785527225
2026-07-31T19:58:45Z,712,7,7,8,0,0,1,1,1,1785527583
2026-07-31T19:58:45Z,713,3,1,20,0,0,1,1,1,1785526657
2026-07-31T19:58:45Z,716,3,2,12,0,0,1,1,1,1785527805
2026-07-31T19:58:45Z,717,5,2,18,2,0,1,1,1,1785527579
2026-07-31T19:58:45Z,718,10,1,3,2,0,1,1,1,1785527381
2026-07-31T19:58:45Z,719,8,1,21,0,0,1,1,1,1785526597
2026-07-31T19:58:45Z,720,0,0,19,0,0,1,1,1,1785527558
2026-07-31T19:58:45Z,721,7,0,12,4,0,1,1,1,1785527528
2026-07-31T19:58:45Z,722,6,0,9,0,0,1,1,1,1785527332
2026-07-31T19:58:45Z,723,13,2,10,0,0,1,1,1,1785527531
2026-07-31T19:58:45Z,724,6,1,17,0,0,1,1,1,1785527708
2026-07-31T19:58:45Z,725,1,1,21,1,0,1,1,1,1785527824
2026-07-31T19:58:45Z,726,1,0,16,2,0,1,1,1,1785527498
2026-07-31T19:58:45Z,727,10,5,12,1,0,1,1,1,1785526580
2026-07-31T19:58:45Z,728,10,1,4,1,0,1,1,1,1785527864
2026-07-31T19:58:45Z,729,7,0,12,0,0,1,1,1,1785527756
2026-07-31T19:58:45Z,730,1,1,11,3,0,1,1,1,1785526648
2026-07-31T19:58:45Z,731,11,3,2,2,0,1,1,1,1785527596
2026-07-31T19:58:45Z,732,3,3,12,0,0,1,1,1,1785527818
2026-07-31T19:58:45Z,733,8,0,19,0,0,1,1,1,1785527915
2026-07-31T19:58:45Z,734,7,4,7,0,0,1,1,1,1785526705
2026-07-31T19:58:45Z,735,17,8,10,0,0,1,1,1,1785527738
2026-07-31T19:58:45Z,736,11,1,7,1,0,1,1,1,1785527169
2026-07-31T19:58:45Z,737,4,2,10,0,1,1,1,1,1785526267
2026-07-31T19:58:45Z,738,13,7,6,0,0,1,1,1,1785526616
2026-07-31T19:58:45Z,739,18,0,8,1,0,1,1,1,1785527769
2026-07-31T19:58:45Z,741,9,0,14,0,0,1,1,1,1785526111
2026-07-31T19:58:45Z,742,23,5,11,1,0,1,1,1,1785527873
2026-07-31T19:58:45Z,743,7,4,12,0,0,1,1,1,1785527805
2026-07-31T19:58:45Z,744,10,2,5,0,0,1,1,1,1785527773
2026-07-31T19:58:45Z,745,12,4,7,0,0,1,1,1,1785526505
2026-07-31T19:58:45Z,746,2,0,20,1,0,1,1,1,1785527613
2026-07-31T19:58:45Z,747,0,0,4,0,0,0,1,1,1783446606
2026-07-31T19:58:45Z,748,9,1,14,0,0,1,1,1,1785527356
2026-07-31T19:58:45Z,749,1,0,21,1,0,1,1,1,1785527397
2026-07-31T19:58:45Z,750,0,0,11,0,0,1,1,1,1785527467
2026-07-31T19:58:45Z,751,19,16,4,0,0,1,1,1,1785527812
2026-07-31T19:58:45Z,752,8,0,8,1,0,1,1,1,1785527734
2026-07-31T19:58:45Z,753,2,0,12,1,0,1,1,1,1785527562
2026-07-31T19:58:45Z,754,8,3,7,0,0,1,1,1,1785527079
2026-07-31T19:58:45Z,755,8,1,14,1,0,1,1,1,1785527643
2026-07-31T19:58:45Z,756,18,18,18,1,0,1,1,1,1785527889
2026-07-31T19:58:45Z,757,3,3,16,0,0,1,1,1,1785527825
2026-07-31T19:58:45Z,758,3,2,20,0,0,1,1,1,1785527858
2026-07-31T19:58:45Z,759,0,0,0,0,0,1,1,1,86400
2026-07-31T19:58:45Z,760,9,3,10,0,0,1,1,1,1785527658
2026-07-31T19:58:45Z,761,11,2,11,1,0,1,1,1,1785527780
2026-07-31T19:58:45Z,762,3,2,7,5,0,1,1,1,1785527594
2026-07-31T19:58:45Z,768,7,0,8,4,0,1,1,1,1785526941
2026-07-31T19:58:45Z,769,12,6,5,2,0,1,1,1,1785527849
2026-07-31T19:58:45Z,770,6,2,11,2,0,1,1,1,1785526301
2026-07-31T19:58:45Z,771,12,2,2,1,0,1,1,1,1785527564
2026-07-31T19:58:45Z,772,6,0,9,0,0,1,1,1,1785527218
2026-07-31T19:58:45Z,773,17,4,2,0,0,1,1,1,1785527398
2026-07-31T19:58:45Z,774,6,2,4,5,0,1,1,1,1785527900
2026-07-31T19:58:45Z,775,7,1,10,1,1,1,1,1,1785527910
2026-07-31T19:58:45Z,776,3,1,17,1,0,1,1,1,1785526566
2026-07-31T19:58:45Z,777,11,3,4,0,0,1,1,1,1785527832
2026-07-31T19:58:45Z,778,11,0,5,3,0,1,1,1,1785527793
2026-07-31T19:58:45Z,779,4,0,14,1,0,1,1,1,1785527272
2026-07-31T19:58:45Z,780,5,3,13,1,0,1,1,1,1785527834
2026-07-31T19:58:45Z,781,2,1,7,2,0,1,1,1,1785526920
2026-07-31T19:58:45Z,782,1,0,14,4,0,1,1,1,1785527817
2026-07-31T19:58:45Z,783,8,1,11,0,0,1,1,1,1785527053
2026-07-31T19:58:45Z,784,3,0,16,0,0,1,1,1,1785527098
2026-07-31T19:58:45Z,785,10,2,3,6,0,1,1,1,1785527277
2026-07-31T19:58:45Z,786,10,5,9,0,0,1,1,1,1785526934
2026-07-31T19:58:45Z,787,6,3,8,1,0,1,1,1,1785526506
2026-07-31T19:58:45Z,788,2,0,13,0,0,1,1,1,1785527541
2026-07-31T19:58:45Z,789,7,2,4,4,0,1,1,1,1785527748
2026-07-31T19:58:45Z,790,3,0,19,1,0,1,1,1,1785527303
2026-07-31T19:58:45Z,791,7,0,11,0,1,1,1,1,1785527860
2026-07-31T19:58:45Z,793,4,0,10,1,0,1,1,1,1785527873
2026-07-31T19:58:45Z,794,21,7,6,2,0,1,1,1,1785527706
2026-07-31T19:58:45Z,796,5,3,13,1,0,1,1,1,1785527750
2026-07-31T19:58:45Z,797,4,2,11,0,0,1,1,1,1785527611
2026-07-31T19:58:45Z,798,14,2,9,2,0,1,1,1,1785527692
2026-07-31T19:58:45Z,799,12,2,3,4,0,1,1,1,1785527712
2026-07-31T19:58:45Z,800,1,0,19,1,0,1,1,1,1785527874
2026-07-31T19:58:45Z,801,5,0,12,4,0,1,1,1,1785527801
2026-07-31T19:58:45Z,802,8,0,23,0,0,1,1,1,1785526150
2026-07-31T19:58:45Z,803,0,0,15,0,0,1,1,1,1785527508
2026-07-31T19:58:45Z,806,1,0,13,1,0,1,1,1,1785526582
2026-07-31T19:58:45Z,807,16,9,6,3,0,1,1,1,1785527739
2026-07-31T19:58:45Z,808,20,6,2,3,0,1,1,1,1785525702
2026-07-31T19:58:45Z,809,4,1,18,1,0,1,1,1,1785527752
2026-07-31T19:58:45Z,810,4,2,13,2,0,1,1,1,1785526311
2026-07-31T19:58:45Z,815,3,1,6,5,1,1,1,1,1785526734
2026-07-31T19:58:45Z,817,13,7,2,0,0,1,1,1,1785527042
2026-07-31T19:58:45Z,818,4,0,19,0,0,1,1,1,1785526626
2026-07-31T19:58:45Z,819,10,4,5,0,0,1,1,1,1785525935
2026-07-31T19:58:45Z,820,9,1,8,0,0,1,1,1,1785526924
2026-07-31T19:58:45Z,821,3,2,12,0,0,1,1,1,1785527840
2026-07-31T19:58:45Z,822,4,0,17,2,0,1,1,1,1785527843
2026-07-31T19:58:45Z,823,12,1,3,0,0,1,1,1,1785527483
2026-07-31T19:58:45Z,824,13,5,5,1,0,1,1,1,1785527375
2026-07-31T19:58:45Z,825,7,5,8,0,0,1,1,1,1785521169
2026-07-31T19:58:45Z,826,9,1,8,2,0,1,1,1,1785526900
2026-07-31T19:58:45Z,827,17,3,2,2,0,1,1,1,1785526441
2026-07-31T19:58:45Z,828,11,1,5,2,0,1,1,1,1785527514
2026-07-31T19:58:45Z,829,17,6,10,0,0,1,1,1,1785527199
2026-07-31T19:58:45Z,830,19,0,3,1,0,1,1,1,1785527753
2026-07-31T19:58:45Z,831,6,3,7,2,0,1,1,1,1785527276
2026-07-31T19:58:45Z,832,8,2,7,3,0,1,1,1,1785527441
2026-07-31T19:58:45Z,833,1,1,17,1,0,1,1,1,1785527190
2026-07-31T19:58:45Z,834,21,0,1,2,0,1,1,1,1785527912
2026-07-31T19:58:45Z,835,0,0,17,1,0,1,1,1,1785527276
2026-07-31T19:58:45Z,838,4,1,10,1,0,1,1,1,1785526978
2026-07-31T19:58:45Z,839,21,1,8,0,0,1,1,1,1785527915
2026-07-31T19:58:45Z,840,1,0,27,1,0,1,1,1,1785527719
2026-07-31T19:58:45Z,841,7,1,8,0,0,1,1,1,1785527263
2026-07-31T19:58:45Z,842,2,0,21,0,0,1,1,1,1785527173
2026-07-31T19:58:45Z,843,11,0,20,0,0,1,1,1,1785527531
2026-07-31T19:58:45Z,844,5,0,18,0,0,1,1,1,1785527442
2026-07-31T19:58:45Z,845,4,3,13,2,0,1,1,1,1785527523
2026-07-31T19:58:45Z,846,3,1,15,1,0,1,1,1,1785526659
2026-07-31T19:58:45Z,847,6,1,20,1,0,1,1,1,1785526555
2026-07-31T19:58:45Z,848,3,1,15,1,0,1,1,1,1785527914
2026-07-31T19:58:45Z,849,7,0,7,1,0,1,1,1,1785526501
2026-07-31T19:58:45Z,850,3,0,7,1,0,1,1,1,1785526892
2026-07-31T19:58:45Z,851,4,4,30,3,0,1,1,1,1785527867
2026-07-31T19:58:45Z,852,9,3,10,0,0,1,1,1,1785527597
2026-07-31T19:58:45Z,853,12,5,11,0,0,1,1,1,1785526356
2026-07-31T19:58:45Z,854,3,2,12,0,0,1,1,1,1785526328
2026-07-31T19:58:45Z,855,27,0,0,0,0,1,1,1,1785524493
2026-07-31T19:58:45Z,857,11,4,6,2,0,1,1,1,1785527902
2026-07-31T19:58:45Z,858,5,2,13,1,0,1,1,1,1785527790
2026-07-31T19:58:45Z,859,8,0,12,1,0,1,1,1,1785526817
2026-07-31T19:58:45Z,861,7,0,3,1,0,1,1,1,1785506303
2026-07-31T19:58:45Z,862,4,2,11,0,0,1,1,1,1785527305
2026-07-31T19:58:45Z,863,11,0,7,1,0,1,1,1,1785526731
2026-07-31T19:58:45Z,866,12,3,7,0,0,1,1,1,1785527676
2026-07-31T19:58:45Z,867,14,2,1,0,0,1,1,1,1785526908
2026-07-31T19:58:45Z,868,8,0,7,0,0,1,1,1,1785527687
2026-07-31T19:58:45Z,870,10,6,5,0,0,1,1,1,1785527912
2026-07-31T19:58:45Z,871,0,0,10,1,0,1,1,1,1785526714
2026-07-31T19:58:45Z,872,0,0,14,1,0,1,1,1,1785527290
2026-07-31T19:58:45Z,873,22,0,10,1,0,1,1,1,1785527456
2026-07-31T19:58:45Z,874,5,0,7,3,0,1,1,1,1785527621
2026-07-31T19:58:45Z,875,9,6,4,2,0,1,1,1,1785527502
2026-07-31T19:58:45Z,877,13,12,6,0,0,1,1,1,1785526971
2026-07-31T19:58:45Z,878,3,3,16,0,0,1,1,1,1785527545
2026-07-31T19:58:45Z,879,3,1,16,0,0,1,1,1,1785526614
2026-07-31T19:58:45Z,880,0,0,22,1,0,1,1,1,1785527504
2026-07-31T19:58:45Z,881,2,0,17,0,0,1,1,1,1785527406
2026-07-31T19:58:45Z,882,9,4,9,1,0,1,1,1,1785513298
2026-07-31T19:58:45Z,883,9,4,10,0,0,1,1,1,1785527608
2026-07-31T19:58:45Z,884,10,6,11,0,0,1,1,1,1785526988
2026-07-31T19:58:45Z,885,0,0,19,0,0,1,1,1,1785527207
2026-07-31T19:58:45Z,886,10,0,19,0,0,1,1,1,1785527440
2026-07-31T19:58:45Z,887,6,3,8,3,0,1,1,1,1785527878
2026-07-31T19:58:45Z,888,15,2,24,1,1,1,1,1,1785527908
2026-07-31T19:58:45Z,889,3,0,14,2,0,1,1,1,1785527491
2026-07-31T19:58:45Z,890,8,4,7,0,0,1,1,1,1785527402
2026-07-31T19:58:45Z,891,21,0,2,0,0,1,1,1,1785526754
2026-07-31T19:58:45Z,892,9,1,6,0,0,1,1,1,1785523247
2026-07-31T19:58:45Z,895,3,0,16,0,0,1,1,1,1785527858
2026-07-31T19:58:45Z,896,9,0,26,0,0,1,1,1,1785526343
2026-07-31T19:58:45Z,897,12,1,9,0,0,1,1,1,1785527443
2026-07-31T19:58:45Z,898,2,0,17,0,0,1,1,1,1785527711
2026-07-31T19:58:45Z,899,1,0,17,1,0,1,1,1,1785527799
2026-07-31T19:58:45Z,900,2,1,25,0,0,1,1,1,1785527907
2026-07-31T19:58:45Z,901,2,0,16,1,0,1,1,1,1785527899
2026-07-31T19:58:45Z,902,6,1,9,0,0,1,1,1,1785527036
2026-07-31T19:58:45Z,903,4,0,14,1,0,1,1,1,1785526596
2026-07-31T19:58:45Z,904,11,5,7,1,0,1,1,1,1785527578
2026-07-31T19:58:45Z,905,8,3,18,1,0,1,1,1,1785527225
2026-07-31T19:58:45Z,906,13,4,13,1,0,1,1,1,1785527902
2026-07-31T19:58:45Z,907,4,1,27,0,0,1,1,1,1785527816
2026-07-31T19:58:45Z,908,8,0,15,0,0,1,1,1,1785527540
2026-07-31T19:58:45Z,909,6,6,17,0,0,1,1,1,1785527753
2026-07-31T19:58:45Z,910,11,1,20,0,0,1,1,1,1785527898
2026-07-31T19:58:45Z,911,4,1,15,0,0,1,1,1,1785527061
2026-07-31T19:58:45Z,912,17,0,5,1,0,1,1,1,1785527906
2026-07-31T19:58:45Z,913,7,4,12,0,0,1,1,1,1785527368
2026-07-31T19:58:45Z,914,13,0,6,0,0,1,1,1,1785527841
2026-07-31T19:58:45Z,915,20,3,1,2,0,1,1,1,1785527662
2026-07-31T19:58:45Z,916,1,0,21,1,0,1,1,1,1785527915
2026-07-31T19:58:45Z,917,14,0,19,2,0,1,1,1,1785527832
2026-07-31T19:58:45Z,918,12,0,4,3,0,1,1,1,1785527637
2026-07-31T19:58:45Z,919,13,0,26,0,0,1,1,1,1785527910
2026-07-31T19:58:45Z,920,7,2,12,0,0,1,1,1,1785527841
2026-07-31T19:58:45Z,921,16,1,5,0,0,1,1,1,1785527222
2026-07-31T19:58:45Z,922,2,2,19,0,0,1,1,1,1785527470
2026-07-31T19:58:45Z,923,1,0,18,0,0,1,1,1,1785527698
2026-07-31T19:58:45Z,924,7,0,13,1,0,1,1,1,1785526413
2026-07-31T19:58:45Z,925,12,0,9,0,0,1,1,1,1785527730
2026-07-31T19:58:45Z,926,0,0,21,0,0,1,1,1,1785527815
2026-07-31T19:58:45Z,927,30,1,4,1,0,1,1,1,1785527708
2026-07-31T19:58:45Z,928,0,0,19,0,0,0,1,1,1785500252
2026-07-31T19:58:45Z,929,21,2,2,0,0,1,1,1,1785527882
2026-07-31T19:58:45Z,930,3,0,27,1,0,1,1,1,1785527521
2026-07-31T19:58:45Z,931,2,2,20,1,0,1,1,1,1785527902
2026-07-31T19:58:45Z,932,1,0,16,2,0,1,1,1,1785527701
2026-07-31T19:58:45Z,933,12,1,10,1,0,1,1,1,1785527893
2026-07-31T19:58:45Z,934,21,0,9,1,0,1,1,1,1785527250
2026-07-31T19:58:45Z,935,5,0,13,1,0,1,1,1,1785527512
2026-07-31T19:58:45Z,936,11,1,8,0,0,1,1,1,1785527855
2026-07-31T19:58:45Z,940,3,1,7,1,0,1,1,1,1785527313
2026-07-31T19:58:45Z,941,13,0,10,2,0,1,1,1,1785527403
2026-07-31T19:58:45Z,942,14,1,7,0,0,1,1,1,1785526978
2026-07-31T19:58:45Z,943,8,8,7,0,0,1,1,1,1785527377
2026-07-31T19:58:45Z,944,10,8,5,0,0,1,1,1,1785527221
2026-07-31T19:58:45Z,945,10,8,5,0,0,1,1,1,1785526743
2026-07-31T19:58:45Z,946,7,5,12,0,0,1,1,1,1785523835
2026-07-31T19:58:45Z,947,7,5,10,0,0,1,1,1,1785527240
2026-07-31T19:58:45Z,948,18,11,10,3,0,1,1,1,1785527907
2026-07-31T19:58:45Z,949,4,4,11,0,0,1,1,1,1785527789
2026-07-31T19:58:45Z,950,5,2,10,2,0,1,1,1,1785527909
2026-07-31T19:58:45Z,951,18,4,5,0,0,1,1,1,1785527520
2026-07-31T19:58:45Z,952,22,3,32,1,0,1,1,1,1785527722
2026-07-31T19:58:45Z,953,2,0,12,1,0,1,1,1,1785527027
2026-07-31T19:58:45Z,954,4,0,15,0,0,1,1,1,1785527735
2026-07-31T19:58:45Z,955,10,3,11,5,1,1,1,1,1785527587
2026-07-31T19:58:45Z,956,7,1,14,2,0,1,1,1,1785527771
2026-07-31T19:58:45Z,957,8,1,20,1,0,1,1,1,1785527794
2026-07-31T19:58:45Z,958,16,1,14,1,0,1,1,1,1785527911
2026-07-31T19:58:45Z,959,2,2,20,1,0,1,1,1,1785527874
2026-07-31T19:58:45Z,960,3,1,20,0,0,1,1,1,1785527855
2026-07-31T19:58:45Z,961,5,1,15,3,0,1,1,1,1785527561
2026-07-31T19:58:45Z,962,9,3,23,3,0,1,1,1,1785526569
2026-07-31T19:58:45Z,963,6,0,16,1,0,1,1,1,1785527912
2026-07-31T19:58:45Z,964,8,6,15,0,0,1,1,1,1785527888
2026-07-31T19:58:45Z,965,12,6,14,1,0,1,1,1,1785527828
2026-07-31T19:58:45Z,966,20,0,9,2,0,1,1,1,1785527257
2026-07-31T19:58:45Z,967,2,0,17,2,0,1,1,1,1785527797
2026-07-31T19:58:45Z,968,11,0,7,1,0,1,1,1,1785527414
2026-07-31T19:58:45Z,969,2,0,23,2,0,1,1,1,1785527824
2026-07-31T19:58:45Z,970,1,1,17,1,0,1,1,1,1785527617
2026-07-31T19:58:45Z,971,1,0,21,1,0,1,1,1,1785527828
2026-07-31T19:58:45Z,972,11,4,11,1,0,1,1,1,1785527901
2026-07-31T19:58:45Z,973,7,1,15,1,0,1,1,1,1785527625
2026-07-31T19:58:45Z,974,20,0,6,1,0,1,1,1,1785527807
2026-07-31T19:58:45Z,977,5,0,14,2,0,1,1,1,1785527495
2026-07-31T19:58:45Z,978,18,0,5,0,0,1,1,1,1785526582
2026-07-31T19:58:45Z,979,8,1,9,0,0,1,1,1,1785527853
2026-07-31T19:58:45Z,980,13,1,7,1,0,1,1,1,1785527678
2026-07-31T19:58:45Z,981,5,0,16,0,0,1,1,1,1785527552
2026-07-31T19:58:45Z,982,3,1,15,1,0,1,1,1,1785527294
2026-07-31T19:58:45Z,983,5,3,18,0,0,1,1,1,1785527754
2026-07-31T19:58:45Z,984,6,0,17,0,0,1,1,1,1785527063
2026-07-31T19:58:45Z,985,2,0,29,0,0,1,1,1,1785527784
2026-07-31T19:58:45Z,986,3,0,16,0,0,1,1,1,1785527295
2026-07-31T19:58:45Z,987,6,0,17,0,0,1,1,1,1785527869
2026-07-31T19:58:45Z,988,7,3,12,0,0,1,1,1,1785527464
2026-07-31T19:58:45Z,989,9,4,10,0,0,1,1,1,1785526447
2026-07-31T19:58:45Z,990,11,0,3,1,0,1,1,1,1785527464
2026-07-31T19:58:45Z,991,9,0,9,1,0,1,1,1,1785527196
2026-07-31T19:58:45Z,992,9,5,14,0,0,1,1,1,1785526264
2026-07-31T19:58:45Z,993,4,3,22,1,0,1,1,1,1785527128
2026-07-31T19:58:45Z,994,0,0,21,0,0,1,1,1,1785526505
2026-07-31T19:58:45Z,995,6,0,21,0,0,1,1,1,1785527535
2026-07-31T19:58:45Z,996,8,2,15,0,0,1,1,1,1785527370
2026-07-31T19:58:45Z,997,5,4,6,9,3,1,1,1,1785527891
2026-07-31T19:58:45Z,998,5,4,18,0,0,1,1,1,1785527628
2026-07-31T19:58:45Z,999,4,1,15,1,1,1,1,1,1785527338
2026-07-31T19:58:45Z,1000,4,2,17,0,0,1,1,1,1785527577
2026-07-31T19:58:45Z,1001,5,3,22,0,0,1,1,1,1785527687
2026-07-31T19:58:45Z,1002,2,2,28,1,0,1,1,1,1785527716
2026-07-31T19:58:45Z,1003,0,0,23,0,0,1,1,1,1785527266
2026-07-31T19:58:45Z,1004,9,2,14,0,0,1,1,1,1785526746
2026-07-31T19:58:45Z,1005,20,1,3,0,0,1,1,1,1785527574
2026-07-31T19:58:45Z,1006,7,4,12,0,0,1,1,1,1785527266
2026-07-31T19:58:45Z,1007,1,1,20,0,0,1,1,1,1785526908
2026-07-31T19:58:45Z,1008,8,7,15,0,0,1,1,1,1785526440
2026-07-31T19:58:45Z,1009,22,5,8,1,0,1,1,1,1785526359
2026-07-31T19:58:45Z,1010,8,2,19,0,0,1,1,1,1785527164
2026-07-31T19:58:45Z,1011,6,2,11,2,0,1,1,1,1785527637
2026-07-31T19:58:45Z,1012,5,3,16,2,0,1,1,1,1785527228
2026-07-31T19:58:45Z,1013,4,1,18,1,0,1,1,1,1785527789
2026-07-31T19:58:45Z,1014,9,4,14,0,0,1,1,1,1785527753
2026-07-31T19:58:45Z,1015,4,3,26,1,0,1,1,1,1785526271
2026-07-31T19:58:45Z,1016,10,5,21,0,0,1,1,1,1785527167
2026-07-31T19:58:45Z,1017,14,5,7,0,0,1,1,1,1785526621
2026-07-31T19:58:45Z,1018,7,3,15,0,0,1,1,1,1785527307
2026-07-31T19:58:45Z,1019,8,5,7,0,0,1,1,1,1785527180
2026-07-31T19:58:45Z,1020,19,5,2,0,0,1,1,1,1785526486
2026-07-31T19:58:45Z,1021,9,4,6,0,0,1,1,1,1785526167
2026-07-31T19:58:45Z,1022,14,0,13,0,0,1,1,1,1785527436
2026-07-31T19:58:45Z,1023,14,2,9,0,0,1,1,1,1785527058
2026-07-31T19:58:45Z,1024,6,2,13,0,0,1,1,1,1785526872
2026-07-31T19:58:45Z,1025,4,0,14,0,1,1,1,1,1785527413
2026-07-31T19:58:45Z,1026,12,9,18,1,0,1,1,1,1785526799
2026-07-31T19:58:45Z,1028,3,1,20,0,0,1,1,1,1785527402
2026-07-31T19:58:45Z,1029,12,10,3,0,0,1,1,1,1785526475
2026-07-31T19:58:45Z,1030,13,4,10,0,0,1,1,1,1785526279
2026-07-31T19:58:45Z,1031,9,1,10,0,0,1,1,1,1785526593
2026-07-31T19:58:45Z,1032,7,1,12,0,0,1,1,1,1785527264
2026-07-31T19:58:45Z,1033,9,5,10,0,0,1,1,1,1785526694
2026-07-31T19:58:45Z,1034,4,1,11,0,0,1,1,1,1785527249
2026-07-31T19:58:45Z,1035,1,0,17,1,0,1,1,1,1785527270
2026-07-31T19:58:45Z,1036,12,0,3,0,0,1,1,1,1785527827
2026-07-31T19:58:45Z,1037,2,0,16,1,0,1,1,1,1785527884
2026-07-31T19:58:45Z,1038,1,0,14,0,0,1,1,1,1785526940
2026-07-31T19:58:45Z,1039,7,1,12,0,0,1,1,1,1785527416
2026-07-31T19:58:45Z,1040,8,5,11,0,0,1,1,1,1785527315
2026-07-31T19:58:45Z,1041,11,3,8,0,0,1,1,1,1785527184
2026-07-31T19:58:45Z,1042,12,0,2,1,0,1,1,1,1785527887
2026-07-31T19:58:45Z,1043,11,5,7,1,0,1,1,1,1785527601
2026-07-31T19:58:45Z,1044,1,0,14,0,0,1,1,1,1785526995
2026-07-31T19:58:45Z,1045,9,0,10,0,0,1,1,1,1785527247
2026-07-31T19:58:45Z,1046,9,0,6,0,0,1,1,1,1785526620
2026-07-31T19:58:45Z,1047,4,0,17,0,0,1,1,1,1785526216
2026-07-31T19:58:45Z,1048,5,0,14,0,0,1,1,1,1785527227
2026-07-31T19:58:45Z,1049,0,0,21,0,0,1,1,1,1785527328
2026-07-31T19:58:45Z,1050,17,4,4,0,0,1,1,1,1785527853
2026-07-31T19:58:45Z,1051,8,2,13,0,0,1,1,1,1785526484
2026-07-31T19:58:45Z,1052,16,1,5,1,0,1,1,1,1785527117
2026-07-31T19:58:45Z,1053,2,1,13,0,0,1,1,1,1785527128
2026-07-31T19:58:45Z,1054,5,1,10,0,0,1,1,1,1785527614
2026-07-31T19:58:45Z,1055,8,1,11,0,0,1,1,1,1785527396
2026-07-31T19:58:45Z,1057,11,2,8,0,0,1,1,1,1785527870
2026-07-31T19:58:45Z,1058,25,2,30,1,0,1,1,1,1785527913
2026-07-31T19:58:45Z,1059,0,0,18,1,0,1,1,1,1785527255
2026-07-31T19:58:45Z,1060,33,0,4,0,0,1,1,1,1785527494
2026-07-31T19:58:45Z,1061,32,1,5,0,0,1,1,1,1785527555
2026-07-31T19:58:45Z,1062,15,0,2,0,0,1,1,1,1785527893
2026-07-31T19:58:45Z,1063,12,1,6,1,0,1,1,1,1785527307
2026-07-31T19:58:45Z,1064,3,0,19,1,0,1,1,1,1785527670
2026-07-31T19:58:45Z,1065,16,3,7,0,0,1,1,1,1785527915
2026-07-31T19:58:45Z,1066,11,2,12,0,0,1,1,1,1785527736
2026-07-31T19:58:45Z,1067,8,2,13,2,0,1,1,1,1785526194
2026-07-31T19:58:45Z,1068,5,2,15,3,0,1,1,1,1785527745
2026-07-31T19:58:45Z,1069,12,3,11,0,0,1,1,1,1785527550
2026-07-31T19:58:45Z,1070,12,2,11,0,0,1,1,1,1785527650
2026-07-31T19:58:45Z,1071,8,4,15,0,0,1,1,1,1785527688
2026-07-31T19:58:45Z,1072,11,1,11,1,0,1,1,1,1785526275
2026-07-31T19:58:45Z,1073,2,1,25,0,0,1,1,1,1785527583
2026-07-31T19:58:45Z,1074,11,3,41,1,0,1,1,1,1785527683
2026-07-31T19:58:45Z,1075,8,8,13,0,0,1,1,1,1785527053
2026-07-31T19:58:45Z,1076,16,13,5,0,0,1,1,1,1785526502
2026-07-31T19:58:45Z,1077,11,7,9,1,0,1,1,1,1785526143
2026-07-31T19:58:45Z,1078,10,9,11,0,0,1,1,1,1785526751
2026-07-31T19:58:45Z,1079,12,8,9,0,0,1,1,1,1785527159
2026-07-31T19:58:45Z,1080,10,8,9,2,0,1,1,1,1785527087
2026-07-31T19:58:45Z,1081,14,8,5,0,0,1,1,1,1785526280
2026-07-31T19:58:45Z,1082,12,11,11,0,0,1,1,1,1785527165
2026-07-31T19:58:45Z,1083,13,12,8,0,0,1,1,1,1785527842
2026-07-31T19:58:45Z,1084,10,8,11,0,0,1,1,1,1785527045
2026-07-31T19:58:45Z,1085,13,8,8,0,0,1,1,1,1785527865
2026-07-31T19:58:45Z,1086,15,11,5,1,0,1,1,1,1785527439
2026-07-31T19:58:45Z,1087,6,6,9,0,0,1,1,1,1785527848
2026-07-31T19:58:45Z,1088,9,7,6,0,0,1,1,1,1785527308
2026-07-31T19:58:45Z,1089,5,2,10,0,0,1,1,1,1785527640
2026-07-31T19:58:45Z,1090,7,6,8,0,0,1,1,1,1785526244
2026-07-31T19:58:45Z,1091,5,3,10,0,0,1,1,1,1785526446
2026-07-31T19:58:45Z,1092,10,9,5,0,0,1,1,1,1785527641
2026-07-31T19:58:45Z,1093,5,5,9,1,0,1,1,1,1785526529
2026-07-31T19:58:45Z,1094,11,10,8,0,0,1,1,1,1785527259
2026-07-31T19:58:45Z,1095,9,8,6,0,0,1,1,1,1785527238
2026-07-31T19:58:45Z,1096,10,8,8,1,0,1,1,1,1785527632
2026-07-31T19:58:45Z,1097,8,8,7,0,0,1,1,1,1785527828
2026-07-31T19:58:45Z,1098,9,7,10,0,0,1,1,1,1785526861
2026-07-31T19:58:45Z,1099,7,6,8,0,0,1,1,1,1785527094
2026-07-31T19:58:45Z,1100,5,3,24,0,0,1,1,1,1785521793
2026-07-31T19:58:45Z,1101,10,5,11,0,0,1,1,1,1785527017
2026-07-31T19:58:45Z,1102,9,4,4,0,0,1,1,1,1785526229
2026-07-31T19:58:45Z,1103,11,5,10,0,0,1,1,1,1785503681
2026-07-31T19:58:45Z,1104,11,6,10,0,0,1,1,1,1785526767
2026-07-31T19:58:45Z,1105,8,4,5,0,0,1,1,1,1785526113
2026-07-31T19:58:45Z,1106,10,5,11,0,0,1,1,1,1785527107
2026-07-31T19:58:45Z,1107,9,5,6,0,0,1,1,1,1785527358
2026-07-31T19:58:45Z,1108,8,4,16,2,1,1,1,1,1785526124
2026-07-31T19:58:45Z,1109,8,4,7,0,0,1,1,1,1785527302
2026-07-31T19:58:45Z,1110,8,0,13,0,0,1,1,1,1785526632
2026-07-31T19:58:45Z,1111,8,6,12,1,0,1,1,1,1785526112
2026-07-31T19:58:45Z,1112,27,0,26,0,0,1,1,1,1785527662
2026-07-31T19:58:45Z,1113,4,0,17,0,0,1,1,1,1785526555
2026-07-31T19:58:45Z,1115,13,2,6,4,0,1,1,1,1785527829
2026-07-31T19:58:45Z,1116,2,1,17,0,0,1,1,1,1785527284
2026-07-31T19:58:45Z,1117,4,1,17,2,0,1,1,1,1785527709
2026-07-31T19:58:45Z,1118,5,0,16,0,0,1,1,1,1785527085
2026-07-31T19:58:45Z,1119,6,0,11,0,0,1,1,1,1785526649
2026-07-31T19:58:45Z,1120,6,0,12,1,0,1,1,1,1785527437
2026-07-31T19:58:45Z,1121,8,0,12,1,0,1,1,1,1785527667
2026-07-31T19:58:45Z,1122,5,4,15,1,0,1,1,1,1785527904
2026-07-31T19:58:45Z,1123,11,8,10,2,0,1,1,1,1785527242
2026-07-31T19:58:45Z,1124,2,0,11,2,0,1,1,1,1785527231
2026-07-31T19:58:45Z,1125,17,2,6,0,0,1,1,1,1785527859
2026-07-31T19:58:45Z,1126,7,0,14,0,0,1,1,1,1785527521
2026-07-31T19:58:45Z,1127,3,0,16,0,0,1,1,1,1785527601
2026-07-31T19:58:45Z,1128,0,0,15,0,0,1,1,1,1785527256
2026-07-31T19:58:45Z,1129,1,0,19,1,0,1,1,1,1785527356
2026-07-31T19:58:45Z,1130,3,0,11,1,0,1,1,1,1785527771
2026-07-31T19:58:45Z,1131,5,3,43,1,0,1,1,1,1785527826
2026-07-31T19:58:45Z,1132,11,5,9,1,0,1,1,1,1785527744
2026-07-31T19:58:45Z,1133,3,3,16,2,0,1,1,1,1785527812
2026-07-31T19:58:45Z,1134,11,5,8,0,0,1,1,1,1785527794
2026-07-31T19:58:45Z,1135,12,6,9,0,0,1,1,1,1785526911
2026-07-31T19:58:45Z,1136,16,1,7,0,0,1,1,1,1785527914
2026-07-31T19:58:45Z,1137,13,0,2,0,0,1,1,1,1785527821
2026-07-31T19:58:45Z,1138,1,0,18,0,0,1,1,1,1785527451
2026-07-31T19:58:45Z,1139,14,2,5,2,0,1,1,1,1785527793
2026-07-31T19:58:45Z,1140,5,2,17,1,0,1,1,1,1785527080
2026-07-31T19:58:45Z,1141,12,5,9,0,0,1,1,1,1785527833
2026-07-31T19:58:45Z,1142,0,0,21,0,0,1,1,1,1785526108
2026-07-31T19:58:45Z,1143,14,1,15,0,0,1,1,1,1785527808
2026-07-31T19:58:45Z,1144,7,0,13,1,0,1,1,1,1785526514
2026-07-31T19:58:45Z,1145,11,5,9,1,0,1,1,1,1785527690
2026-07-31T19:58:45Z,1146,11,5,4,4,0,1,1,1,1785527859
2026-07-31T19:58:45Z,1147,19,2,0,0,0,1,1,1,1785527283
2026-07-31T19:58:45Z,1148,0,0,31,0,0,1,1,1,1785527761
2026-07-31T19:58:45Z,1149,4,2,17,4,0,1,1,1,1785527881
2026-07-31T19:58:45Z,1150,5,0,14,0,0,1,1,1,1785527099
2026-07-31T19:58:45Z,1151,8,0,13,0,0,1,1,1,1785526124
2026-07-31T19:58:45Z,1152,6,0,23,0,0,1,1,1,1785527804
2026-07-31T19:58:45Z,1153,21,2,1,1,0,1,1,1,1785527835
2026-07-31T19:58:45Z,1154,3,0,16,0,0,1,1,1,1785527100
2026-07-31T19:58:45Z,1155,2,1,16,3,0,1,1,1,1785527839
2026-07-31T19:58:45Z,1158,3,1,16,0,0,1,1,1,1785527169
2026-07-31T19:58:45Z,1159,12,0,7,0,0,1,1,1,1785527530
2026-07-31T19:58:45Z,1160,9,1,10,0,0,1,1,1,1785527166
2026-07-31T19:58:45Z,1161,3,0,15,1,0,1,1,1,1785527666
2026-07-31T19:58:45Z,1162,3,1,16,0,0,1,1,1,1785526104
2026-07-31T19:58:45Z,1163,2,1,16,1,0,1,1,1,1785527289
2026-07-31T19:58:45Z,1164,6,1,13,0,0,1,1,1,1785527346
2026-07-31T19:58:45Z,1165,2,0,19,0,0,1,1,1,1785526273
2026-07-31T19:58:45Z,1166,14,3,7,0,0,1,1,1,1785527623
2026-07-31T19:58:45Z,1167,4,0,11,0,0,1,1,1,1785527017
2026-07-31T19:58:45Z,1168,2,1,19,2,0,1,1,1,1785527578
2026-07-31T19:58:45Z,1169,3,0,15,1,0,1,1,1,1785527191
2026-07-31T19:58:45Z,1170,7,1,14,0,0,1,1,1,1785527585
2026-07-31T19:58:45Z,1171,8,7,15,0,0,1,1,1,1785527284
2026-07-31T19:58:45Z,1172,2,0,11,2,0,1,1,1,1785527501
2026-07-31T19:58:45Z,1173,13,4,6,0,0,1,1,1,1785527449
2026-07-31T19:58:45Z,1174,6,3,9,0,0,1,1,1,1785527097
2026-07-31T19:58:45Z,1175,4,3,15,0,0,1,1,1,1785525246
2026-07-31T19:58:45Z,1176,10,2,11,0,0,1,1,1,1785527912
2026-07-31T19:58:45Z,1177,3,1,18,0,0,1,1,1,1785526602
2026-07-31T19:58:45Z,1178,5,2,10,0,0,1,1,1,1785527591
2026-07-31T19:58:45Z,1181,1,0,14,0,0,1,1,1,1785527374
2026-07-31T19:58:45Z,1182,13,1,6,1,0,1,1,1,1785527778
2026-07-31T19:58:45Z,1183,24,3,19,2,0,1,1,1,1785527795
2026-07-31T19:58:45Z,1184,2,1,17,2,0,1,1,1,1785527862
2026-07-31T19:58:45Z,1185,9,5,12,0,0,1,1,1,1785526737
2026-07-31T19:58:45Z,1186,10,5,9,0,0,1,1,1,1785527719
2026-07-31T19:58:45Z,1187,10,5,10,1,0,1,1,1,1785526157
2026-07-31T19:58:45Z,1188,10,5,5,0,0,1,1,1,1785527356
2026-07-31T19:58:45Z,1189,9,4,10,0,0,1,1,1,1785527482
2026-07-31T19:58:45Z,1190,9,4,12,0,0,1,1,1,1785526895
2026-07-31T19:58:45Z,1191,11,6,4,0,0,1,1,1,1785527361
2026-07-31T19:58:45Z,1192,9,6,11,1,0,1,1,1,1785527259
2026-07-31T19:58:45Z,1193,6,4,5,2,0,1,1,1,1785526329
2026-07-31T19:58:45Z,1197,9,6,7,1,0,1,1,1,1785526792
2026-07-31T19:58:45Z,1198,13,4,6,2,0,1,1,1,1785527785
2026-07-31T19:58:45Z,1199,3,0,16,0,0,1,1,1,1785527776
2026-07-31T19:58:45Z,1200,9,5,6,0,0,1,1,1,1785527397
2026-07-31T19:58:45Z,1201,10,5,5,0,0,1,1,1,1785527372
2026-07-31T19:58:45Z,1202,10,5,5,0,0,1,1,1,1785527474
2026-07-31T19:58:45Z,1203,11,5,4,0,0,1,1,1,1785527377
2026-07-31T19:58:45Z,1204,7,4,12,0,0,1,1,1,1785527148
2026-07-31T19:58:45Z,1206,11,5,10,0,0,1,1,1,1785526386
2026-07-31T19:58:45Z,1207,8,4,6,1,0,1,1,1,1785527690
2026-07-31T19:58:45Z,1208,10,4,9,0,0,1,1,1,1785527630
2026-07-31T19:58:45Z,1216,9,0,11,1,0,1,1,1,1785526603
2026-07-31T19:58:45Z,1218,4,0,17,0,0,1,1,1,1785527001
2026-07-31T19:58:45Z,1219,5,1,7,3,0,1,1,1,1785527334
2026-07-31T19:58:45Z,1220,17,6,2,0,0,1,1,1,1785526635
2026-07-31T19:58:45Z,1221,1,1,19,1,0,1,1,1,1785526349
2026-07-31T19:58:45Z,1222,12,1,17,0,0,1,1,1,1785527649
2026-07-31T19:58:45Z,1223,25,2,3,1,0,1,1,1,1785527813
2026-07-31T19:58:45Z,1226,0,0,3,0,0,0,1,1,1781868931
2026-07-31T19:58:45Z,1227,3,0,22,0,0,1,1,1,1785527779
2026-07-31T19:58:45Z,1228,7,6,22,0,0,1,1,1,1785527897
2026-07-31T19:58:45Z,1229,44,1,0,1,0,1,1,1,1785527840
2026-07-31T20:03:45Z,1,12,0,11,0,0,1,1,1,1785527964
2026-07-31T20:03:45Z,2,4,1,20,3,0,1,1,1,1785527894
2026-07-31T20:03:45Z,3,11,1,2,1,0,1,1,1,1785528083
2026-07-31T20:03:45Z,4,21,5,0,1,0,1,1,1,1785527932
2026-07-31T20:03:45Z,5,16,3,6,1,0,1,1,1,1785527983
2026-07-31T20:03:45Z,6,2,1,13,0,0,1,1,1,1785527324
2026-07-31T20:03:45Z,7,5,1,33,1,0,1,1,1,1785528095
2026-07-31T20:03:45Z,8,4,1,39,0,0,1,1,1,1785528152
2026-07-31T20:03:45Z,9,14,0,8,1,0,1,1,1,1785528031
2026-07-31T20:03:45Z,10,1,0,20,2,0,1,1,1,1785527928
2026-07-31T20:03:45Z,11,7,0,10,2,0,1,1,1,1785527755
2026-07-31T20:03:45Z,12,22,1,1,0,0,1,1,1,1785528173
2026-07-31T20:03:45Z,13,8,1,22,0,0,1,1,1,1785528075
2026-07-31T20:03:45Z,14,40,0,2,0,1,1,1,1,1785527800
2026-07-31T20:03:45Z,15,12,0,3,0,0,1,1,1,1785528179
2026-07-31T20:03:45Z,16,7,1,17,2,1,1,1,1,1785528104
2026-07-31T20:03:45Z,17,9,0,16,2,0,1,1,1,1785528079
2026-07-31T20:03:45Z,18,6,0,10,2,0,1,1,1,1785527973
2026-07-31T20:03:45Z,19,19,3,6,2,0,1,1,1,1785528021
2026-07-31T20:03:45Z,20,7,1,28,0,0,1,1,1,1785528215
2026-07-31T20:03:45Z,21,8,1,10,1,0,1,1,1,1785528199
2026-07-31T20:03:45Z,22,28,0,35,2,0,1,1,1,1785528200
2026-07-31T20:03:45Z,23,12,9,19,0,0,1,1,1,1785527672
2026-07-31T20:03:45Z,24,4,1,6,1,0,1,1,1,1785528212
2026-07-31T20:03:45Z,25,75,6,4,2,0,1,1,1,1785528203
2026-07-31T20:03:45Z,26,27,1,0,0,0,1,1,1,1785528162
2026-07-31T20:03:45Z,28,3,0,12,0,0,1,1,1,1785527535
2026-07-31T20:03:45Z,30,12,2,16,1,0,1,1,1,1785528167
2026-07-31T20:03:45Z,31,13,4,5,1,0,1,1,1,1785528141
2026-07-31T20:03:45Z,32,12,3,15,0,0,1,1,1,1785528107
2026-07-31T20:03:45Z,34,16,2,21,0,0,1,1,1,1785527953
2026-07-31T20:03:45Z,35,44,4,0,3,0,1,1,1,1785528096
2026-07-31T20:03:45Z,36,0,0,0,0,0,0,1,1,86400
2026-07-31T20:03:45Z,37,16,3,6,1,0,1,1,1,1785528216
2026-07-31T20:03:45Z,38,14,2,9,0,0,1,1,1,1785528042
2026-07-31T20:03:45Z,39,11,1,28,0,0,1,1,1,1785527728
2026-07-31T20:03:45Z,40,12,0,9,0,0,1,1,1,1785528210
2026-07-31T20:03:45Z,41,33,3,10,0,0,1,1,1,1785528076
2026-07-31T20:03:45Z,42,1,0,30,0,0,1,1,1,1785527917
2026-07-31T20:03:45Z,43,13,2,10,0,0,1,1,1,1785527945
2026-07-31T20:03:45Z,45,18,3,11,0,0,1,1,1,1785528203
2026-07-31T20:03:45Z,46,1,1,29,1,0,1,1,1,1785528080
2026-07-31T20:03:45Z,47,1,0,13,1,0,1,1,1,1785527943
2026-07-31T20:03:45Z,48,12,0,15,0,0,1,1,1,1785528186
2026-07-31T20:03:45Z,49,1,0,18,4,0,1,1,1,1785528216
2026-07-31T20:03:45Z,50,7,7,12,0,0,1,1,1,1785528151
2026-07-31T20:03:45Z,51,52,2,25,0,0,1,1,1,1785527915
2026-07-31T20:03:45Z,52,22,2,2,3,0,1,1,1,1785528204
2026-07-31T20:03:45Z,55,4,2,19,0,0,1,1,1,1785528177
2026-07-31T20:03:45Z,56,31,0,12,0,0,1,1,1,1785528182
2026-07-31T20:03:45Z,57,25,3,2,0,0,1,1,1,1785528207
2026-07-31T20:03:45Z,58,5,2,23,0,0,1,1,1,1785528102
2026-07-31T20:03:45Z,59,8,0,17,2,0,1,1,1,1785528044
2026-07-31T20:03:45Z,61,3,0,36,0,0,1,1,1,1785527810
2026-07-31T20:03:45Z,62,30,10,17,2,0,1,1,1,1785528208
2026-07-31T20:03:45Z,63,16,0,3,0,0,1,1,1,1785527818
2026-07-31T20:03:45Z,64,12,1,3,4,0,1,1,1,1785527230
2026-07-31T20:03:45Z,65,11,3,7,1,0,1,1,1,1785527459
2026-07-31T20:03:45Z,67,25,1,14,0,0,1,1,1,1785528196
2026-07-31T20:03:45Z,68,34,0,3,0,0,1,1,1,1785527801
2026-07-31T20:03:45Z,69,2,1,13,0,0,1,1,1,1785528001
2026-07-31T20:03:45Z,71,13,3,11,3,0,1,1,1,1785528203
2026-07-31T20:03:45Z,72,26,3,2,2,1,1,1,1,1785528182
2026-07-31T20:03:45Z,73,31,1,0,0,0,1,1,1,1785528131
2026-07-31T20:03:45Z,74,2,0,17,0,0,1,1,1,1785528118
2026-07-31T20:03:45Z,75,17,0,14,1,0,1,1,1,1785527405
2026-07-31T20:03:45Z,76,11,0,5,3,0,1,1,1,1785528215
2026-07-31T20:03:45Z,77,6,0,21,0,0,1,1,1,1785528072
2026-07-31T20:03:45Z,78,5,5,18,0,0,1,1,1,1785528105
2026-07-31T20:03:45Z,79,7,1,9,1,0,1,1,1,1785528073
2026-07-31T20:03:45Z,80,7,0,13,3,0,1,1,1,1785528185
2026-07-31T20:03:45Z,81,7,2,24,0,0,1,1,1,1785527902
2026-07-31T20:03:45Z,82,18,5,4,1,0,1,1,1,1785527954
2026-07-31T20:03:45Z,83,12,4,21,1,0,1,1,1,1785528215
2026-07-31T20:03:45Z,84,0,0,27,0,0,1,1,1,1785527739
2026-07-31T20:03:45Z,85,11,1,4,0,0,1,1,1,1785528113
2026-07-31T20:03:45Z,86,5,0,22,0,0,1,1,1,1785527326
2026-07-31T20:03:45Z,87,5,0,14,0,0,1,1,1,1785526941
2026-07-31T20:03:45Z,88,10,0,32,1,0,1,1,1,1785528071
2026-07-31T20:03:45Z,89,29,2,6,0,0,1,1,1,1785528182
2026-07-31T20:03:45Z,90,2,0,15,1,0,1,1,1,1785528087
2026-07-31T20:03:45Z,91,3,0,14,0,0,1,1,1,1785527974
2026-07-31T20:03:45Z,92,7,0,9,3,0,1,1,1,1785528008
2026-07-31T20:03:45Z,93,5,2,18,0,0,1,1,1,1785528207
2026-07-31T20:03:45Z,94,13,0,5,1,0,1,1,1,1785527778
2026-07-31T20:03:45Z,95,6,0,27,1,1,1,1,1,1785528211
2026-07-31T20:03:45Z,96,15,0,15,1,0,1,1,1,1785528177
2026-07-31T20:03:45Z,97,1,0,15,1,0,1,1,1,1785528066
2026-07-31T20:03:45Z,98,30,2,5,0,0,1,1,1,1785527807
2026-07-31T20:03:45Z,99,11,0,4,0,0,1,1,1,1785528006
2026-07-31T20:03:45Z,100,4,0,23,0,0,1,1,1,1785528213
2026-07-31T20:03:45Z,101,12,0,2,1,0,1,1,1,1785527658
2026-07-31T20:03:45Z,102,3,0,20,0,0,1,1,1,1785528207
2026-07-31T20:03:45Z,103,14,1,13,3,0,1,1,1,1785528213
2026-07-31T20:03:45Z,104,9,1,16,2,0,1,1,1,1785528216
2026-07-31T20:03:45Z,105,17,0,2,0,0,1,1,1,1785526643
2026-07-31T20:03:45Z,106,12,0,9,0,0,1,1,1,1785528174
2026-07-31T20:03:45Z,107,17,7,20,0,0,1,1,1,1785527911
2026-07-31T20:03:45Z,108,1,0,32,2,0,1,1,1,1785528090
2026-07-31T20:03:45Z,109,16,0,7,0,0,1,1,1,1785528184
2026-07-31T20:03:45Z,110,13,0,10,0,0,1,1,1,1785528140
2026-07-31T20:03:45Z,111,18,1,18,0,0,1,1,1,1785528136
2026-07-31T20:03:45Z,112,4,3,10,1,0,1,1,1,1785528089
2026-07-31T20:03:45Z,113,10,0,8,1,0,1,1,1,1785528205
2026-07-31T20:03:45Z,114,17,6,12,1,1,1,1,1,1785528062
2026-07-31T20:03:45Z,115,5,4,20,3,0,1,1,1,1785528151
2026-07-31T20:03:45Z,116,16,14,10,1,0,1,1,1,1785526995
2026-07-31T20:03:45Z,118,8,0,12,3,0,1,1,1,1785528215
2026-07-31T20:03:45Z,119,0,0,36,2,0,1,1,1,1785527378
2026-07-31T20:03:45Z,120,2,0,24,1,0,1,1,1,1785527927
2026-07-31T20:03:45Z,121,3,0,15,0,1,1,1,1,1785528022
2026-07-31T20:03:45Z,122,9,0,11,1,0,1,1,1,1785527633
2026-07-31T20:03:45Z,123,26,1,21,0,0,1,1,1,1785527753
2026-07-31T20:03:45Z,124,2,1,33,0,0,1,1,1,1785527954
2026-07-31T20:03:45Z,125,5,0,17,1,0,1,1,1,1785527915
2026-07-31T20:03:45Z,126,18,0,13,0,0,1,1,1,1785528016
2026-07-31T20:03:45Z,127,13,2,21,1,0,1,1,1,1785528180
2026-07-31T20:03:45Z,128,6,3,13,0,0,1,1,1,1785527999
2026-07-31T20:03:45Z,129,0,0,17,2,0,1,1,1,1785527190
2026-07-31T20:03:45Z,130,6,0,11,0,0,1,1,1,1785528086
2026-07-31T20:03:45Z,131,4,3,7,0,0,1,1,1,1785528034
2026-07-31T20:03:45Z,132,6,5,7,1,1,1,1,1,1785527989
2026-07-31T20:03:45Z,134,17,3,1,5,0,1,1,1,1785528166
2026-07-31T20:03:45Z,135,4,1,14,1,0,1,1,1,1785528156
2026-07-31T20:03:45Z,136,1,0,15,1,6,1,1,1,1785527987
2026-07-31T20:03:45Z,137,5,3,12,2,0,1,1,1,1785528214
2026-07-31T20:03:45Z,138,10,1,27,0,0,1,1,1,1785527605
2026-07-31T20:03:45Z,139,3,0,16,0,0,1,1,1,1785528102
2026-07-31T20:03:45Z,140,1,0,21,1,0,1,1,1,1785528216
2026-07-31T20:03:45Z,141,5,0,31,0,0,1,1,1,1785528203
2026-07-31T20:03:45Z,142,5,1,18,0,0,1,1,1,1785527754
2026-07-31T20:03:45Z,143,13,0,17,1,0,1,1,1,1785528156
2026-07-31T20:03:45Z,144,2,0,25,0,0,1,1,1,1785527674
2026-07-31T20:03:45Z,146,16,2,6,1,0,1,1,1,1785526786
2026-07-31T20:03:45Z,147,4,0,12,3,0,1,1,1,1785528178
2026-07-31T20:03:45Z,148,2,0,21,4,0,1,1,1,1785528202
2026-07-31T20:03:45Z,149,2,0,25,0,0,1,1,1,1785528003
2026-07-31T20:03:45Z,150,9,1,23,3,0,1,1,1,1785527993
2026-07-31T20:03:45Z,151,5,1,18,0,0,1,1,1,1785528082
2026-07-31T20:03:45Z,152,3,0,20,3,0,1,1,1,1785528140
2026-07-31T20:03:45Z,153,3,1,23,2,0,1,1,1,1785528194
2026-07-31T20:03:45Z,154,18,0,2,3,0,1,1,1,1785528215
2026-07-31T20:03:45Z,155,2,0,11,1,0,1,1,1,1785528064
2026-07-31T20:03:45Z,156,8,1,11,0,0,1,1,1,1785527896
2026-07-31T20:03:45Z,157,5,2,20,2,0,1,1,1,1785528214
2026-07-31T20:03:45Z,158,2,0,13,1,0,1,1,1,1785527914
2026-07-31T20:03:45Z,159,6,4,12,1,0,1,1,1,1785528216
2026-07-31T20:03:45Z,160,4,0,15,0,0,1,1,1,1785528131
2026-07-31T20:03:45Z,161,1,0,21,0,0,1,1,1,1785528060
2026-07-31T20:03:45Z,162,18,6,6,3,0,1,1,1,1785528034
2026-07-31T20:03:45Z,163,1,1,29,0,1,1,1,1,1785528081
2026-07-31T20:03:45Z,164,12,0,15,0,0,1,1,1,1785528105
2026-07-31T20:03:45Z,165,20,2,10,1,0,1,1,1,1785528100
2026-07-31T20:03:45Z,166,3,2,31,5,0,1,1,1,1785528214
2026-07-31T20:03:45Z,167,1,1,21,1,0,1,1,1,1785527340
2026-07-31T20:03:45Z,168,9,7,16,2,0,1,1,1,1785528175
2026-07-31T20:03:45Z,169,12,0,9,1,1,1,1,1,1785528202
2026-07-31T20:03:45Z,170,3,0,15,1,0,1,1,1,1785528076
2026-07-31T20:03:45Z,171,8,0,3,2,0,1,1,1,1785527937
2026-07-31T20:03:45Z,173,14,1,25,0,0,1,1,1,1785528210
2026-07-31T20:03:45Z,174,8,1,18,0,0,1,1,1,1785528055
2026-07-31T20:03:45Z,175,30,1,0,1,0,1,1,1,1785527911
2026-07-31T20:03:45Z,176,12,1,1,2,0,1,1,1,1785528214
2026-07-31T20:03:45Z,177,6,0,21,0,0,1,1,1,1785528164
2026-07-31T20:03:45Z,178,12,0,0,2,1,1,1,1,1785528217
2026-07-31T20:03:45Z,179,4,3,9,3,0,1,1,1,1785528206
2026-07-31T20:03:45Z,180,4,0,26,0,0,1,1,1,1785527553
2026-07-31T20:03:45Z,181,1,1,14,0,0,1,1,1,1785527642
2026-07-31T20:03:45Z,182,8,3,9,0,0,1,1,1,1785528183
2026-07-31T20:03:45Z,183,1,1,21,1,0,1,1,1,1785527983
2026-07-31T20:03:45Z,184,20,1,0,3,0,1,1,1,1785527935
2026-07-31T20:03:45Z,185,9,5,4,1,1,1,1,1,1785528200
2026-07-31T20:03:45Z,186,3,1,16,0,0,1,1,1,1785528130
2026-07-31T20:03:45Z,187,9,1,18,1,0,1,1,1,1785528194
2026-07-31T20:03:45Z,188,5,3,14,8,0,1,1,1,1785528148
2026-07-31T20:03:45Z,189,2,2,13,0,0,1,1,1,1785527135
2026-07-31T20:03:45Z,190,11,2,12,0,0,1,1,1,1785527720
2026-07-31T20:03:45Z,191,22,9,16,1,0,1,1,1,1785528080
2026-07-31T20:03:45Z,192,4,2,25,2,0,1,1,1,1785528030
2026-07-31T20:03:45Z,193,5,2,9,1,0,1,1,1,1785528175
2026-07-31T20:03:45Z,194,7,7,20,0,0,1,1,1,1785527767
2026-07-31T20:03:45Z,195,1,1,18,0,0,1,1,1,1785526508
2026-07-31T20:03:45Z,196,8,6,18,1,0,1,1,1,1785528039
2026-07-31T20:03:45Z,197,1,1,17,0,1,1,1,1,1785527886
2026-07-31T20:03:45Z,198,11,10,11,1,0,1,1,1,1785527949
2026-07-31T20:03:45Z,199,7,2,7,1,0,1,1,1,1785528198
2026-07-31T20:03:45Z,200,19,16,6,1,0,1,1,1,1785528175
2026-07-31T20:03:45Z,201,2,1,20,1,0,1,1,1,1785528027
2026-07-31T20:03:45Z,202,10,0,17,0,0,1,1,1,1785528097
2026-07-31T20:03:45Z,203,12,0,18,1,0,1,1,1,1785528182
2026-07-31T20:03:45Z,204,24,1,9,2,0,1,1,1,1785528191
2026-07-31T20:03:45Z,205,13,0,14,0,0,1,1,1,1785528216
2026-07-31T20:03:45Z,206,0,0,15,0,0,1,1,1,1785527850
2026-07-31T20:03:45Z,207,17,2,4,0,0,1,1,1,1785528161
2026-07-31T20:03:45Z,208,3,1,25,1,0,1,1,1,1785527402
2026-07-31T20:03:45Z,209,22,3,8,1,0,1,1,1,1785528145
2026-07-31T20:03:45Z,210,1,1,25,1,0,1,1,1,1785528059
2026-07-31T20:03:45Z,211,1,0,21,1,0,1,1,1,1785527464
2026-07-31T20:03:45Z,212,9,1,25,1,0,1,1,1,1785528153
2026-07-31T20:03:45Z,213,14,3,8,1,0,1,1,1,1785528050
2026-07-31T20:03:45Z,214,12,7,33,2,0,1,1,1,1785528212
2026-07-31T20:03:45Z,215,1,1,21,1,0,1,1,1,1785528059
2026-07-31T20:03:45Z,216,3,0,15,1,0,1,1,1,1785528214
2026-07-31T20:03:45Z,217,23,3,5,1,0,1,1,1,1785528210
2026-07-31T20:03:45Z,218,9,8,26,4,0,1,1,1,1785528208
2026-07-31T20:03:45Z,219,22,0,3,1,0,1,1,1,1785528080
2026-07-31T20:03:45Z,220,10,4,31,1,1,1,1,1,1785527991
2026-07-31T20:03:45Z,221,0,0,14,1,0,1,1,1,1785527771
2026-07-31T20:03:45Z,222,3,1,16,0,0,1,1,1,1785528110
2026-07-31T20:03:45Z,223,16,2,16,3,0,1,1,1,1785528089
2026-07-31T20:03:45Z,224,1,0,20,1,0,1,1,1,1785528121
2026-07-31T20:03:45Z,225,8,1,8,3,0,1,1,1,1785528121
2026-07-31T20:03:45Z,226,2,1,28,1,0,1,1,1,1785527736
2026-07-31T20:03:45Z,227,5,3,22,0,0,1,1,1,1785528039
2026-07-31T20:03:45Z,228,8,6,11,0,0,1,1,1,1785527834
2026-07-31T20:03:45Z,230,3,0,23,0,0,1,1,1,1785528176
2026-07-31T20:03:45Z,232,2,0,14,1,0,1,1,1,1785527637
2026-07-31T20:03:45Z,233,9,4,20,2,0,1,1,1,1785528009
2026-07-31T20:03:45Z,234,8,3,5,4,2,1,1,1,1785527371
2026-07-31T20:03:45Z,236,0,0,19,0,0,1,1,1,1785527628
2026-07-31T20:03:45Z,237,10,1,12,1,0,1,1,1,1785527902
2026-07-31T20:03:45Z,239,16,8,9,2,0,1,1,1,1785528095
2026-07-31T20:03:45Z,241,1,1,21,1,0,1,1,1,1785527752
2026-07-31T20:03:45Z,242,1,1,20,2,0,1,1,1,1785528061
2026-07-31T20:03:45Z,243,16,13,13,2,0,1,1,1,1785528111
2026-07-31T20:03:45Z,244,4,4,21,2,0,1,1,1,1785527856
2026-07-31T20:03:45Z,245,6,3,17,0,0,1,1,1,1785528084
2026-07-31T20:03:45Z,246,12,4,11,0,0,1,1,1,1785528179
2026-07-31T20:03:45Z,247,3,2,18,2,0,1,1,1,1785528175
2026-07-31T20:03:45Z,248,12,4,8,3,0,1,1,1,1785527544
2026-07-31T20:03:45Z,249,16,15,2,1,0,1,1,1,1785528195
2026-07-31T20:03:45Z,250,9,2,16,2,0,1,1,1,1785527967
2026-07-31T20:03:45Z,251,17,8,6,4,0,1,1,1,1785528136
2026-07-31T20:03:45Z,253,6,1,13,0,0,1,1,1,1785527927
2026-07-31T20:03:45Z,254,3,0,39,1,0,1,1,1,1785527939
2026-07-31T20:03:45Z,255,14,0,8,0,1,1,1,1,1785528196
2026-07-31T20:03:45Z,256,3,2,18,2,0,1,1,1,1785528118
2026-07-31T20:03:45Z,257,1,0,17,1,0,1,1,1,1785527887
2026-07-31T20:03:45Z,258,11,8,8,0,0,1,1,1,1785528191
2026-07-31T20:03:45Z,259,15,0,7,0,1,1,1,1,1785528163
2026-07-31T20:03:45Z,260,2,2,16,1,0,1,1,1,1785527938
2026-07-31T20:03:45Z,261,1,0,16,1,1,1,1,1,1785528214
2026-07-31T20:03:45Z,262,9,3,13,1,0,1,1,1,1785528209
2026-07-31T20:03:45Z,263,1,1,14,0,0,1,1,1,1785527864
2026-07-31T20:03:45Z,264,3,2,16,0,0,1,1,1,1785527892
2026-07-31T20:03:45Z,265,1,0,14,0,0,1,1,1,1785528173
2026-07-31T20:03:45Z,266,1,0,17,1,0,1,1,1,1785527931
2026-07-31T20:03:45Z,267,8,4,6,1,0,1,1,1,1785526233
2026-07-31T20:03:45Z,268,15,5,8,0,0,1,1,1,1785527292
2026-07-31T20:03:45Z,269,2,1,21,0,0,1,1,1,1785528075
2026-07-31T20:03:45Z,270,9,3,17,1,0,1,1,1,1785528093
2026-07-31T20:03:45Z,271,0,0,17,2,0,1,1,1,1785526703
2026-07-31T20:03:45Z,272,7,2,16,0,0,1,1,1,1785528171
2026-07-31T20:03:45Z,273,4,0,11,0,0,1,1,1,1785527729
2026-07-31T20:03:45Z,274,5,2,12,2,0,1,1,1,1785527589
2026-07-31T20:03:45Z,275,9,0,14,0,0,1,1,1,1785527704
2026-07-31T20:03:45Z,276,3,1,24,0,0,1,1,1,1785528144
2026-07-31T20:03:45Z,277,18,10,1,4,0,1,1,1,1785528184
2026-07-31T20:03:45Z,278,12,7,15,4,0,1,1,1,1785528108
2026-07-31T20:03:45Z,279,11,0,8,0,0,1,1,1,1785528180
2026-07-31T20:03:45Z,280,1,0,26,4,0,1,1,1,1785527921
2026-07-31T20:03:45Z,281,2,2,17,0,0,1,1,1,1785528100
2026-07-31T20:03:45Z,282,7,2,11,0,0,1,1,1,1785527347
2026-07-31T20:03:45Z,283,18,0,16,1,0,1,1,1,1785527989
2026-07-31T20:03:45Z,284,0,0,32,3,0,1,1,1,1785527911
2026-07-31T20:03:45Z,285,3,1,20,0,0,1,1,1,1785528120
2026-07-31T20:03:45Z,286,6,4,17,0,0,1,1,1,1785527727
2026-07-31T20:03:45Z,287,13,2,8,2,0,1,1,1,1785527961
2026-07-31T20:03:45Z,288,4,1,14,1,0,1,1,1,1785528209
2026-07-31T20:03:45Z,289,9,7,15,3,0,1,1,1,1785528123
2026-07-31T20:03:45Z,290,5,1,33,1,0,1,1,1,1785528205
2026-07-31T20:03:45Z,291,10,1,12,1,0,1,1,1,1785528123
2026-07-31T20:03:45Z,292,14,0,9,0,0,1,1,1,1785528183
2026-07-31T20:03:45Z,293,7,6,15,1,0,1,1,1,1785528215
2026-07-31T20:03:45Z,294,7,5,14,1,0,1,1,1,1785527971
2026-07-31T20:03:45Z,297,4,0,12,2,1,1,1,1,1785528153
2026-07-31T20:03:45Z,301,12,0,7,0,0,1,1,1,1785527993
2026-07-31T20:03:45Z,302,10,1,13,0,0,1,1,1,1785527911
2026-07-31T20:03:45Z,303,5,0,14,0,0,1,1,1,1785528067
2026-07-31T20:03:45Z,304,0,0,0,0,0,0,1,1,86400
2026-07-31T20:03:45Z,305,6,1,12,1,0,1,1,1,1785528210
2026-07-31T20:03:45Z,306,2,0,30,0,0,1,1,1,1785527813
2026-07-31T20:03:45Z,307,6,2,16,1,0,1,1,1,1785527641
2026-07-31T20:03:45Z,308,2,0,15,2,0,1,1,1,1785528027
2026-07-31T20:03:45Z,309,0,0,12,2,0,1,1,1,1785527624
2026-07-31T20:03:45Z,311,3,0,12,0,0,1,1,1,1785527793
2026-07-31T20:03:45Z,312,10,8,10,2,1,1,1,1,1785528004
2026-07-31T20:03:45Z,313,5,0,10,0,0,1,1,1,1785526554
2026-07-31T20:03:45Z,314,6,3,11,2,0,1,1,1,1785528156
2026-07-31T20:03:45Z,315,12,4,17,2,0,1,1,1,1785527992
2026-07-31T20:03:45Z,316,3,1,22,5,1,1,1,1,1785528154
2026-07-31T20:03:45Z,317,8,5,22,0,1,1,1,1,1785528176
2026-07-31T20:03:45Z,318,16,0,3,0,0,1,1,1,1785528197
2026-07-31T20:03:45Z,319,16,1,5,2,0,1,1,1,1785528099
2026-07-31T20:03:45Z,320,10,0,8,1,0,1,1,1,1785528111
2026-07-31T20:03:45Z,321,3,0,12,4,0,1,1,1,1785528109
2026-07-31T20:03:45Z,322,13,0,16,0,0,1,1,1,1785528093
2026-07-31T20:03:45Z,323,8,0,11,0,0,1,1,1,1785528033
2026-07-31T20:03:45Z,324,17,0,9,1,0,1,1,1,1785528204
2026-07-31T20:03:45Z,325,1,1,24,2,0,1,1,1,1785527609
2026-07-31T20:03:45Z,327,10,1,15,2,0,1,1,1,1785527845
2026-07-31T20:03:45Z,328,10,0,11,1,0,1,1,1,1785527535
2026-07-31T20:03:45Z,329,1,0,15,3,0,1,1,1,1785527097
2026-07-31T20:03:45Z,330,17,0,5,0,0,1,1,1,1785528002
2026-07-31T20:03:45Z,331,13,1,8,2,0,1,1,1,1785528131
2026-07-31T20:03:45Z,332,1,1,16,2,0,1,1,1,1785528216
2026-07-31T20:03:45Z,333,3,2,19,1,0,1,1,1,1785527854
2026-07-31T20:03:45Z,334,7,2,16,0,0,1,1,1,1785528092
2026-07-31T20:03:45Z,335,1,1,21,0,1,1,1,1,1785526846
2026-07-31T20:03:45Z,336,1,0,18,0,0,1,1,1,1785528142
2026-07-31T20:03:45Z,337,9,0,10,4,0,1,1,1,1785528181
2026-07-31T20:03:45Z,338,6,4,13,0,0,1,1,1,1785528082
2026-07-31T20:03:45Z,339,15,12,4,4,0,1,1,1,1785528043
2026-07-31T20:03:45Z,340,0,0,14,1,0,1,1,1,1785526744
2026-07-31T20:03:45Z,341,2,2,17,0,0,1,1,1,1785527722
2026-07-31T20:03:45Z,342,2,0,13,0,0,1,1,1,1785527722
2026-07-31T20:03:45Z,343,17,3,5,1,0,1,1,1,1785528137
2026-07-31T20:03:45Z,344,1,1,22,0,0,1,1,1,1785528069
2026-07-31T20:03:45Z,345,7,1,12,0,0,1,1,1,1785528193
2026-07-31T20:03:45Z,346,4,2,19,0,0,1,1,1,1785526764
2026-07-31T20:03:45Z,347,37,4,6,1,0,1,1,1,1785528201
2026-07-31T20:03:45Z,348,12,0,10,0,1,1,1,1,1785528214
2026-07-31T20:03:45Z,349,15,3,4,0,0,1,1,1,1785526060
2026-07-31T20:03:45Z,350,0,0,25,1,1,1,1,1,1785528215
2026-07-31T20:03:45Z,351,1,0,20,2,0,1,1,1,1785528214
2026-07-31T20:03:45Z,355,0,0,23,0,0,1,1,1,1785526936
2026-07-31T20:03:45Z,356,3,1,16,0,0,1,1,1,1785527830
2026-07-31T20:03:45Z,357,3,3,16,0,0,1,1,1,1785527912
2026-07-31T20:03:45Z,358,14,3,12,1,0,1,1,1,1785528196
2026-07-31T20:03:45Z,359,13,1,14,0,0,1,1,1,1785527751
2026-07-31T20:03:45Z,360,5,3,13,1,0,1,1,1,1785528197
2026-07-31T20:03:45Z,362,4,2,13,2,0,1,1,1,1785528198
2026-07-31T20:03:45Z,363,16,3,11,0,0,1,1,1,1785528140
2026-07-31T20:03:45Z,364,1,1,18,0,0,1,1,1,1785527104
2026-07-31T20:03:45Z,365,0,0,20,3,0,1,1,1,1785527508
2026-07-31T20:03:45Z,366,5,4,17,1,0,1,1,1,1785528047
2026-07-31T20:03:45Z,367,1,1,16,2,0,1,1,1,1785527635
2026-07-31T20:03:45Z,368,0,0,22,1,0,1,1,1,1785528054
2026-07-31T20:03:45Z,370,3,1,24,0,0,1,1,1,1785527458
2026-07-31T20:03:45Z,371,2,2,16,1,0,1,1,1,1785527489
2026-07-31T20:03:45Z,372,15,0,0,0,0,1,1,1,1785527839
2026-07-31T20:03:45Z,373,0,0,27,0,0,1,1,1,1785525348
2026-07-31T20:03:45Z,374,1,0,17,1,0,1,1,1,1785527830
2026-07-31T20:03:45Z,375,16,4,9,2,0,1,1,1,1785528071
2026-07-31T20:03:45Z,376,17,1,19,3,0,1,1,1,1785528190
2026-07-31T20:03:45Z,377,2,0,25,0,0,1,1,1,1785527400
2026-07-31T20:03:45Z,378,3,3,20,0,1,1,1,1,1785528064
2026-07-31T20:03:45Z,379,9,0,16,2,0,1,1,1,1785528124
2026-07-31T20:03:45Z,380,1,0,22,0,0,1,1,1,1785527412
2026-07-31T20:03:45Z,381,9,0,14,0,0,1,1,1,1785528212
2026-07-31T20:03:45Z,383,3,0,9,3,0,1,1,1,1785527668
2026-07-31T20:03:45Z,384,6,1,19,2,0,1,1,1,1785528117
2026-07-31T20:03:45Z,385,2,2,15,1,0,1,1,1,1785527965
2026-07-31T20:03:45Z,387,7,2,16,0,0,1,1,1,1785528089
2026-07-31T20:03:45Z,388,36,2,10,3,0,1,1,1,1785528181
2026-07-31T20:03:45Z,389,6,3,8,1,0,1,1,1,1785528140
2026-07-31T20:03:45Z,390,7,1,28,0,0,1,1,1,1785528213
2026-07-31T20:03:45Z,391,2,1,13,0,0,1,1,1,1785527615
2026-07-31T20:03:45Z,392,0,0,18,1,0,1,1,1,1785528045
2026-07-31T20:03:45Z,393,2,1,6,3,0,1,1,1,1785526641
2026-07-31T20:03:45Z,394,7,0,3,3,0,1,1,1,1785527489
2026-07-31T20:03:45Z,396,19,4,21,2,0,1,1,1,1785528031
2026-07-31T20:03:45Z,397,22,9,9,0,0,1,1,1,1785527483
2026-07-31T20:03:45Z,399,1,0,13,3,0,1,1,1,1785528118
2026-07-31T20:03:45Z,400,13,8,8,2,0,1,1,1,1785527462
2026-07-31T20:03:45Z,401,3,1,28,8,0,1,1,1,1785528140
2026-07-31T20:03:45Z,403,22,3,6,3,0,1,1,1,1785528174
2026-07-31T20:03:45Z,404,6,2,16,1,0,1,1,1,1785528131
2026-07-31T20:03:45Z,406,6,2,29,0,0,1,1,1,1785528108
2026-07-31T20:03:45Z,407,4,0,29,1,0,1,1,1,1785527834
2026-07-31T20:03:45Z,408,9,1,21,3,0,1,1,1,1785527343
2026-07-31T20:03:45Z,409,16,1,5,2,0,1,1,1,1785528094
2026-07-31T20:03:45Z,413,10,3,12,1,0,1,1,1,1785528167
2026-07-31T20:03:45Z,414,7,0,7,1,0,1,1,1,1785528071
2026-07-31T20:03:45Z,417,4,3,15,0,0,1,1,1,1785528155
2026-07-31T20:03:45Z,418,3,1,12,0,0,1,1,1,1785527986
2026-07-31T20:03:45Z,419,13,2,10,0,0,1,1,1,1785527989
2026-07-31T20:03:45Z,421,4,0,15,0,0,1,1,1,1785528214
2026-07-31T20:03:45Z,422,20,3,7,0,0,1,1,1,1785527745
2026-07-31T20:03:45Z,423,1,0,21,1,0,1,1,1,1785526476
2026-07-31T20:03:45Z,424,5,2,6,3,1,1,1,1,1785528150
2026-07-31T20:03:45Z,425,3,3,17,1,1,1,1,1,1785528202
2026-07-31T20:03:45Z,426,18,1,16,3,0,1,1,1,1785528171
2026-07-31T20:03:45Z,427,7,0,4,4,0,1,1,1,1785528152
2026-07-31T20:03:45Z,428,14,1,5,0,0,1,1,1,1785528173
2026-07-31T20:03:45Z,429,10,6,11,2,0,1,1,1,1785528054
2026-07-31T20:03:45Z,430,5,1,25,1,0,1,1,1,1785528055
2026-07-31T20:03:45Z,431,3,1,29,1,0,1,1,1,1785528091
2026-07-31T20:03:45Z,432,0,0,30,1,0,0,1,1,1785508564
2026-07-31T20:03:45Z,433,5,2,15,3,0,1,1,1,1785527665
2026-07-31T20:03:45Z,437,0,0,17,2,0,1,1,1,1785528184
2026-07-31T20:03:45Z,438,17,2,1,1,0,1,1,1,1785527986
2026-07-31T20:03:45Z,439,5,4,9,1,0,1,1,1,1785527821
2026-07-31T20:03:45Z,440,15,5,0,0,0,1,1,1,1785527567
2026-07-31T20:03:45Z,441,9,4,4,2,0,1,1,1,1785528174
2026-07-31T20:03:45Z,442,6,5,12,1,0,1,1,1,1785526479
2026-07-31T20:03:45Z,443,5,2,22,0,0,1,1,1,1785512432
2026-07-31T20:03:45Z,444,6,2,17,0,0,1,1,1,1785527602
2026-07-31T20:03:45Z,445,5,2,17,1,0,1,1,1,1785527903
2026-07-31T20:03:45Z,446,1,0,21,1,0,1,1,1,1785519783
2026-07-31T20:03:45Z,447,3,0,18,1,1,1,1,1,1785496389
2026-07-31T20:03:45Z,448,7,1,7,1,0,1,1,1,1785523571
2026-07-31T20:03:45Z,452,2,0,16,1,0,1,1,1,1785528095
2026-07-31T20:03:45Z,453,7,3,5,3,0,1,1,1,1785528133
2026-07-31T20:03:45Z,454,12,0,7,0,0,1,1,1,1785527611
2026-07-31T20:03:45Z,455,2,1,37,0,0,1,1,1,1785527913
2026-07-31T20:03:45Z,456,17,3,2,1,0,1,1,1,1785528143
2026-07-31T20:03:45Z,457,22,2,0,5,0,1,1,1,1785528097
2026-07-31T20:03:45Z,458,4,0,18,1,0,1,1,1,1785527360
2026-07-31T20:03:45Z,459,7,1,8,0,0,1,1,1,1785528185
2026-07-31T20:03:45Z,460,13,0,10,0,0,1,1,1,1785527592
2026-07-31T20:03:45Z,461,14,1,5,0,0,1,1,1,1785527981
2026-07-31T20:03:45Z,462,18,2,3,0,0,1,1,1,1785527734
2026-07-31T20:03:45Z,463,9,1,10,0,0,1,1,1,1785526740
2026-07-31T20:03:45Z,464,0,0,14,0,0,1,1,1,1785528198
2026-07-31T20:03:45Z,465,4,4,11,0,0,1,1,1,1785527918
2026-07-31T20:03:45Z,466,5,1,5,5,0,1,1,1,1785528116
2026-07-31T20:03:45Z,467,6,1,13,0,0,1,1,1,1785528035
2026-07-31T20:03:45Z,468,0,0,18,1,0,1,1,1,1785527178
2026-07-31T20:03:45Z,469,19,1,4,0,0,1,1,1,1785527975
2026-07-31T20:03:45Z,470,0,0,13,2,0,1,1,1,1785527922
2026-07-31T20:03:45Z,471,27,3,0,0,0,1,1,1,1785523482
2026-07-31T20:03:45Z,472,6,1,11,2,0,1,1,1,1785528019
2026-07-31T20:03:45Z,473,5,0,14,0,0,1,1,1,1785527170
2026-07-31T20:03:45Z,474,9,0,10,0,0,1,1,1,1785527610
2026-07-31T20:03:45Z,475,5,4,13,1,0,1,1,1,1785527727
2026-07-31T20:03:45Z,477,8,0,7,0,0,1,1,1,1785527382
2026-07-31T20:03:45Z,478,16,3,13,2,0,1,1,1,1785528016
2026-07-31T20:03:45Z,479,7,0,18,2,0,1,1,1,1785527905
2026-07-31T20:03:45Z,480,4,0,9,2,0,1,1,1,1785527228
2026-07-31T20:03:45Z,481,12,1,22,1,0,1,1,1,1785528056
2026-07-31T20:03:45Z,482,6,5,13,0,0,1,1,1,1785527313
2026-07-31T20:03:45Z,483,4,0,21,2,0,1,1,1,1785527950
2026-07-31T20:03:45Z,484,3,2,15,1,0,1,1,1,1785528209
2026-07-31T20:03:45Z,485,8,1,10,0,1,1,1,1,1785528008
2026-07-31T20:03:45Z,486,0,0,24,3,0,1,1,1,1785528190
2026-07-31T20:03:45Z,487,7,4,10,2,0,1,1,1,1785527935
2026-07-31T20:03:45Z,489,2,2,13,0,0,1,1,1,1785528211
2026-07-31T20:03:45Z,490,9,1,6,1,0,1,1,1,1785528089
2026-07-31T20:03:45Z,491,9,3,12,0,0,1,1,1,1785527290
2026-07-31T20:03:45Z,492,4,3,4,3,0,1,1,1,1785528213
2026-07-31T20:03:45Z,493,19,0,8,0,0,1,1,1,1785527984
2026-07-31T20:03:45Z,495,5,0,7,3,0,1,1,1,1785528026
2026-07-31T20:03:45Z,496,4,0,23,0,0,1,1,1,1785527862
2026-07-31T20:03:45Z,497,7,2,10,2,0,1,1,1,1785527882
2026-07-31T20:03:45Z,498,3,0,20,0,0,1,1,1,1785528181
2026-07-31T20:03:45Z,499,1,0,16,2,0,1,1,1,1785528024
2026-07-31T20:03:45Z,500,0,0,11,4,0,1,1,1,1785525419
2026-07-31T20:03:45Z,501,18,5,3,0,0,1,1,1,1785528197
2026-07-31T20:03:45Z,502,13,3,5,1,0,1,1,1,1785528073
2026-07-31T20:03:45Z,503,2,0,28,1,0,1,1,1,1785527895
2026-07-31T20:03:45Z,504,4,1,35,0,0,1,1,1,1785528175
2026-07-31T20:03:45Z,505,0,0,11,1,0,1,1,1,1785526242
2026-07-31T20:03:45Z,511,2,1,21,0,0,1,1,1,1785527900
2026-07-31T20:03:45Z,512,7,0,20,0,0,1,1,1,1785528166
2026-07-31T20:03:45Z,514,2,0,8,1,0,1,1,1,1785527528
2026-07-31T20:03:45Z,515,1,1,18,0,0,1,1,1,1785527371
2026-07-31T20:03:45Z,516,14,1,13,0,0,1,1,1,1785528202
2026-07-31T20:03:45Z,517,15,2,8,0,0,1,1,1,1785527833
2026-07-31T20:03:45Z,518,7,0,7,1,0,1,1,1,1785526879
2026-07-31T20:03:45Z,519,3,1,14,2,0,1,1,1,1785528020
2026-07-31T20:03:45Z,520,17,9,4,5,1,1,1,1,1785528213
2026-07-31T20:03:45Z,521,4,2,19,0,0,1,1,1,1785527228
2026-07-31T20:03:45Z,522,3,1,18,2,0,1,1,1,1785528100
2026-07-31T20:03:45Z,523,9,4,13,1,0,1,1,1,1785528101
2026-07-31T20:03:45Z,524,2,0,20,1,0,1,1,1,1785527726
2026-07-31T20:03:45Z,525,8,0,11,0,0,1,1,1,1785528196
2026-07-31T20:03:45Z,526,4,1,11,0,0,1,1,1,1785528088
2026-07-31T20:03:45Z,527,15,8,10,1,0,1,1,1,1785528184
2026-07-31T20:03:45Z,528,11,0,8,4,0,1,1,1,1785528120
2026-07-31T20:03:45Z,529,6,4,6,7,0,1,1,1,1785528216
2026-07-31T20:03:45Z,530,11,0,9,1,0,1,1,1,1785528182
2026-07-31T20:03:45Z,531,2,2,20,0,1,1,1,1,1785528185
2026-07-31T20:03:45Z,532,24,12,6,1,0,1,1,1,1785528157
2026-07-31T20:03:45Z,533,10,0,8,1,0,1,1,1,1785528065
2026-07-31T20:03:45Z,534,0,0,23,0,0,1,1,1,1785525411
2026-07-31T20:03:45Z,535,14,4,1,0,0,1,1,1,1785528043
2026-07-31T20:03:45Z,536,14,0,9,0,0,1,1,1,1785527723
2026-07-31T20:03:45Z,537,13,1,7,0,0,1,1,1,1785527954
2026-07-31T20:03:45Z,538,4,1,16,1,2,1,1,1,1785528216
2026-07-31T20:03:45Z,539,11,3,19,1,0,1,1,1,1785528133
2026-07-31T20:03:45Z,540,4,4,15,0,0,1,1,1,1785528037
2026-07-31T20:03:45Z,541,2,1,25,0,0,1,1,1,1785528140
2026-07-31T20:03:45Z,542,2,1,20,1,0,1,1,1,1785527857
2026-07-31T20:03:45Z,543,0,0,18,1,0,1,1,1,1785528149
2026-07-31T20:03:45Z,544,4,1,14,4,0,1,1,1,1785527849
2026-07-31T20:03:45Z,545,14,1,0,5,0,1,1,1,1785527977
2026-07-31T20:03:45Z,546,5,3,14,0,0,1,1,1,1785528013
2026-07-31T20:03:45Z,547,0,0,25,0,0,1,1,1,1785528155
2026-07-31T20:03:45Z,548,7,1,16,0,0,1,1,1,1785527507
2026-07-31T20:03:45Z,549,15,0,6,2,0,1,1,1,1785528126
2026-07-31T20:03:45Z,550,6,5,13,0,0,1,1,1,1785527839
2026-07-31T20:03:45Z,551,4,2,18,1,0,1,1,1,1785527874
2026-07-31T20:03:45Z,552,1,1,26,0,0,1,1,1,1785527983
2026-07-31T20:03:45Z,553,1,1,21,1,0,1,1,1,1785528114
2026-07-31T20:03:45Z,554,6,0,13,0,0,1,1,1,1785528212
2026-07-31T20:03:45Z,555,8,1,6,1,0,1,1,1,1785528094
2026-07-31T20:03:45Z,556,16,1,5,2,0,1,1,1,1785528204
2026-07-31T20:03:45Z,557,0,0,21,2,0,1,1,1,1785528124
2026-07-31T20:03:45Z,558,27,10,10,0,0,1,1,1,1785528208
2026-07-31T20:03:45Z,559,16,1,2,1,0,1,1,1,1785527687
2026-07-31T20:03:45Z,560,14,0,13,0,0,1,1,1,1785527774
2026-07-31T20:03:45Z,561,7,3,13,3,0,1,1,1,1785528183
2026-07-31T20:03:45Z,562,11,0,18,6,0,1,1,1,1785527654
2026-07-31T20:03:45Z,563,2,0,12,0,0,1,1,1,1785527853
2026-07-31T20:03:45Z,564,3,1,15,1,0,1,1,1,1785528159
2026-07-31T20:03:45Z,565,1,0,18,0,0,1,1,1,1785528155
2026-07-31T20:03:45Z,566,4,0,14,1,0,1,1,1,1785528011
2026-07-31T20:03:45Z,567,1,1,25,1,0,1,1,1,1785528054
2026-07-31T20:03:45Z,568,13,1,5,1,0,1,1,1,1785527336
2026-07-31T20:03:45Z,569,2,1,15,2,0,1,1,1,1785527786
2026-07-31T20:03:45Z,570,2,0,15,2,0,1,1,1,1785528161
2026-07-31T20:03:45Z,571,5,1,18,0,0,1,1,1,1785528049
2026-07-31T20:03:45Z,572,0,0,18,1,0,1,1,1,1785527105
2026-07-31T20:03:45Z,573,5,0,9,1,0,1,1,1,1785528050
2026-07-31T20:03:45Z,574,5,1,10,0,0,1,1,1,1785528199
2026-07-31T20:03:45Z,575,0,0,20,1,0,1,1,1,1785527149
2026-07-31T20:03:45Z,576,2,0,17,0,0,1,1,1,1785528205
2026-07-31T20:03:45Z,577,18,1,13,0,0,1,1,1,1785528062
2026-07-31T20:03:45Z,578,2,1,20,1,0,1,1,1,1785527891
2026-07-31T20:03:45Z,579,23,0,20,0,0,1,1,1,1785528130
2026-07-31T20:03:45Z,580,4,2,25,0,0,1,1,1,1785527766
2026-07-31T20:03:45Z,581,3,0,15,1,0,1,1,1,1785528185
2026-07-31T20:03:45Z,582,27,1,31,3,0,1,1,1,1785528170
2026-07-31T20:03:45Z,583,3,0,20,0,0,1,1,1,1785528029
2026-07-31T20:03:45Z,584,8,1,7,4,0,1,1,1,1785528000
2026-07-31T20:03:45Z,585,12,1,14,0,1,1,1,1,1785528186
2026-07-31T20:03:45Z,586,32,1,1,2,0,1,1,1,1785528211
2026-07-31T20:03:45Z,587,10,0,13,1,0,1,1,1,1785528063
2026-07-31T20:03:45Z,588,12,3,4,2,1,1,1,1,1785527933
2026-07-31T20:03:45Z,589,2,0,20,0,0,1,1,1,1785527988
2026-07-31T20:03:45Z,590,4,1,27,0,0,1,1,1,1785527927
2026-07-31T20:03:45Z,591,5,0,23,2,0,1,1,1,1785528166
2026-07-31T20:03:45Z,592,1,0,22,0,0,1,1,1,1785527935
2026-07-31T20:03:45Z,593,22,1,16,0,0,1,1,1,1785527539
2026-07-31T20:03:45Z,594,7,0,13,1,0,1,1,1,1785527739
2026-07-31T20:03:45Z,595,0,0,3,0,0,0,1,1,1784046673
2026-07-31T20:03:45Z,605,0,0,2,1,0,0,1,1,1783975843
2026-07-31T20:03:45Z,606,0,0,0,0,0,0,1,1,86400
2026-07-31T20:03:45Z,607,18,1,14,0,0,1,1,1,1785528088
2026-07-31T20:03:45Z,608,39,1,10,1,0,1,1,1,1785528173
2026-07-31T20:03:45Z,609,15,13,8,0,0,1,1,1,1785528095
2026-07-31T20:03:45Z,610,16,1,18,1,0,1,1,1,1785528134
2026-07-31T20:03:45Z,611,20,4,6,1,0,1,1,1,1785528005
2026-07-31T20:03:45Z,612,7,1,8,0,0,1,1,1,1785522916
2026-07-31T20:03:45Z,613,12,4,0,3,0,1,1,1,1785528143
2026-07-31T20:03:45Z,614,8,7,16,2,1,1,1,1,1785528141
2026-07-31T20:03:45Z,617,3,0,10,2,0,1,1,1,1785527015
2026-07-31T20:03:45Z,618,11,0,3,5,0,1,1,1,1785527505
2026-07-31T20:03:45Z,619,4,2,15,0,0,1,1,1,1785527900
2026-07-31T20:03:45Z,620,8,3,19,0,0,1,1,1,1785528169
2026-07-31T20:03:45Z,621,2,0,20,1,0,1,1,1,1785528171
2026-07-31T20:03:45Z,622,17,3,5,1,0,1,1,1,1785528195
2026-07-31T20:03:45Z,623,28,11,1,1,0,1,1,1,1785528194
2026-07-31T20:03:45Z,624,0,0,15,0,0,1,1,1,1785527033
2026-07-31T20:03:45Z,625,14,2,3,4,0,1,1,1,1785528034
2026-07-31T20:03:45Z,626,35,1,9,1,2,1,1,1,1785528012
2026-07-31T20:03:45Z,627,15,4,4,0,0,1,1,1,1785526494
2026-07-31T20:03:45Z,628,9,8,9,0,1,1,1,1,1785528141
2026-07-31T20:03:45Z,629,2,1,7,2,0,1,1,1,1785528152
2026-07-31T20:03:45Z,630,2,0,22,3,0,1,1,1,1785527929
2026-07-31T20:03:45Z,631,12,8,11,0,0,1,1,1,1785528213
2026-07-31T20:03:45Z,632,20,1,1,2,0,1,1,1,1785527406
2026-07-31T20:03:45Z,633,12,3,0,3,0,1,1,1,1785526124
2026-07-31T20:03:45Z,634,11,2,8,0,0,1,1,1,1785527120
2026-07-31T20:03:45Z,635,15,0,3,1,0,1,1,1,1785526790
2026-07-31T20:03:45Z,636,7,2,8,0,0,1,1,1,1785526430
2026-07-31T20:03:45Z,637,8,2,9,2,0,1,1,1,1785527161
2026-07-31T20:03:45Z,638,4,1,13,2,0,1,1,1,1785527879
2026-07-31T20:03:45Z,639,7,1,10,2,0,1,1,1,1785501255
2026-07-31T20:03:45Z,640,12,8,10,1,0,1,1,1,1785528109
2026-07-31T20:03:45Z,641,7,0,20,0,0,1,1,1,1785528156
2026-07-31T20:03:45Z,642,9,3,2,8,0,1,1,1,1785528216
2026-07-31T20:03:45Z,643,9,0,10,8,0,1,1,1,1785528213
2026-07-31T20:03:45Z,644,12,1,2,1,0,1,1,1,1785528211
2026-07-31T20:03:45Z,645,12,1,9,1,1,1,1,1,1785525372
2026-07-31T20:03:45Z,646,3,0,15,1,0,1,1,1,1785527342
2026-07-31T20:03:45Z,647,6,0,25,0,0,1,1,1,1785528040
2026-07-31T20:03:45Z,648,2,0,16,1,0,1,1,1,1785527193
2026-07-31T20:03:45Z,649,9,9,22,0,0,1,1,1,1785527796
2026-07-31T20:03:45Z,650,5,1,9,0,0,1,1,1,1785526439
2026-07-31T20:03:45Z,651,1,0,22,0,0,1,1,1,1785527924
2026-07-31T20:03:45Z,652,0,0,20,3,0,1,1,1,1785527986
2026-07-31T20:03:45Z,653,2,0,16,1,0,1,1,1,1785527752
2026-07-31T20:03:45Z,654,3,0,12,0,0,1,1,1,1785527773
2026-07-31T20:03:45Z,655,8,4,0,4,1,1,1,1,1785528132
2026-07-31T20:03:45Z,656,4,2,15,0,0,1,1,1,1785528193
2026-07-31T20:03:45Z,657,10,4,3,2,2,1,1,1,1785527927
2026-07-31T20:03:45Z,658,7,1,3,0,0,1,1,1,1785526893
2026-07-31T20:03:45Z,659,7,4,6,2,0,1,1,1,1785526201
2026-07-31T20:03:45Z,660,26,7,1,4,0,1,1,1,1785528149
2026-07-31T20:03:45Z,661,17,5,2,0,0,1,1,1,1785528208
2026-07-31T20:03:45Z,662,6,3,14,3,0,1,1,1,1785526394
2026-07-31T20:03:45Z,663,0,0,15,0,0,1,1,1,1785528036
2026-07-31T20:03:45Z,664,20,1,7,0,0,1,1,1,1785527819
2026-07-31T20:03:45Z,665,11,4,4,0,0,1,1,1,1785525553
2026-07-31T20:03:45Z,666,4,2,8,3,0,1,1,1,1785526234
2026-07-31T20:03:45Z,667,11,3,7,1,0,1,1,1,1785528130
2026-07-31T20:03:45Z,668,2,0,17,0,0,1,1,1,1785527504
2026-07-31T20:03:45Z,669,8,3,4,2,0,1,1,1,1785528169
2026-07-31T20:03:45Z,670,22,1,2,3,0,1,1,1,1785528069
2026-07-31T20:03:45Z,671,21,6,6,0,0,1,1,1,1785528179
2026-07-31T20:03:45Z,672,4,0,15,3,1,1,1,1,1785527449
2026-07-31T20:03:45Z,673,11,0,12,0,0,1,1,1,1785528207
2026-07-31T20:03:45Z,674,10,2,11,2,0,1,1,1,1785528205
2026-07-31T20:03:45Z,675,3,1,10,2,0,1,1,1,1785528049
2026-07-31T20:03:45Z,676,5,0,16,1,0,1,1,1,1785528187
2026-07-31T20:03:45Z,681,8,5,5,1,1,1,1,1,1785528123
2026-07-31T20:03:45Z,682,5,1,14,0,0,1,1,1,1785522108
2026-07-31T20:03:45Z,683,1,1,18,0,0,1,1,1,1785527602
2026-07-31T20:03:45Z,684,3,1,24,0,0,1,1,1,1785518528
2026-07-31T20:03:45Z,685,6,0,19,1,1,1,1,1,1785525624
2026-07-31T20:03:45Z,686,9,0,15,3,0,1,1,1,1785527990
2026-07-31T20:03:45Z,687,13,1,16,1,1,1,1,1,1785528018
2026-07-31T20:03:45Z,688,11,0,1,7,0,1,1,1,1785510286
2026-07-31T20:03:45Z,692,5,2,16,0,0,1,1,1,1785527722
2026-07-31T20:03:45Z,693,6,0,2,3,0,1,1,1,1785527011
2026-07-31T20:03:45Z,694,12,6,9,0,0,1,1,1,1785527900
2026-07-31T20:03:45Z,695,6,6,17,0,0,1,1,1,1785527412
2026-07-31T20:03:45Z,696,10,5,13,0,0,1,1,1,1785527561
2026-07-31T20:03:45Z,697,15,2,8,0,0,1,1,1,1785528146
2026-07-31T20:03:45Z,698,11,2,16,0,0,1,1,1,1785528175
2026-07-31T20:03:45Z,699,7,0,7,1,0,1,1,1,1785527384
2026-07-31T20:03:45Z,700,17,1,1,1,0,1,1,1,1785527662
2026-07-31T20:03:45Z,701,13,5,6,0,0,1,1,1,1785528177
2026-07-31T20:03:45Z,702,6,1,16,1,0,1,1,1,1785528033
2026-07-31T20:03:45Z,704,1,0,14,0,0,1,1,1,1785528161
2026-07-31T20:03:45Z,705,2,1,13,0,0,1,1,1,1785527628
2026-07-31T20:03:45Z,706,5,2,8,2,0,1,1,1,1785528017
2026-07-31T20:03:45Z,707,11,1,4,0,0,1,1,1,1785527511
2026-07-31T20:03:45Z,708,3,0,15,1,0,1,1,1,1785527997
2026-07-31T20:03:45Z,709,5,1,7,3,0,1,1,1,1785527569
2026-07-31T20:03:45Z,710,1,1,18,0,0,1,1,1,1785527298
2026-07-31T20:03:45Z,711,3,0,17,3,0,1,1,1,1785527225
2026-07-31T20:03:45Z,712,7,7,8,0,0,1,1,1,1785527583
2026-07-31T20:03:45Z,713,3,1,20,0,0,1,1,1,1785528099
2026-07-31T20:03:45Z,716,4,3,11,0,0,1,1,1,1785527966
2026-07-31T20:03:45Z,717,5,2,18,2,0,1,1,1,1785527579
2026-07-31T20:03:45Z,718,9,1,4,2,0,1,1,1,1785528178
2026-07-31T20:03:45Z,719,8,1,21,0,0,1,1,1,1785528135
2026-07-31T20:03:45Z,720,0,0,19,0,0,1,1,1,1785527558
2026-07-31T20:03:45Z,721,7,0,11,5,0,1,1,1,1785528078
2026-07-31T20:03:45Z,722,6,0,9,0,0,1,1,1,1785527332
2026-07-31T20:03:45Z,723,13,2,10,0,0,1,1,1,1785527531
2026-07-31T20:03:45Z,724,6,1,17,0,0,1,1,1,1785527708
2026-07-31T20:03:45Z,725,2,1,21,0,0,1,1,1,1785528172
2026-07-31T20:03:45Z,726,1,0,16,2,0,1,1,1,1785527498
2026-07-31T20:03:45Z,727,10,5,12,1,0,1,1,1,1785526580
2026-07-31T20:03:45Z,728,10,1,4,1,0,1,1,1,1785527864
2026-07-31T20:03:45Z,729,6,0,13,0,0,1,1,1,1785528104
2026-07-31T20:03:45Z,730,1,1,11,3,0,1,1,1,1785526648
2026-07-31T20:03:45Z,731,10,3,3,2,0,1,1,1,1785528038
2026-07-31T20:03:45Z,732,2,2,13,0,0,1,1,1,1785528089
2026-07-31T20:03:45Z,733,7,0,20,0,0,1,1,1,1785527918
2026-07-31T20:03:45Z,734,7,4,7,0,0,1,1,1,1785526705
2026-07-31T20:03:45Z,735,16,8,11,0,0,1,1,1,1785528213
2026-07-31T20:03:45Z,736,12,2,7,0,0,1,1,1,1785528133
2026-07-31T20:03:45Z,737,4,2,10,0,1,1,1,1,1785528077
2026-07-31T20:03:45Z,738,16,7,3,0,0,1,1,1,1785528126
2026-07-31T20:03:45Z,739,17,0,9,1,0,1,1,1,1785527985
2026-07-31T20:03:45Z,741,9,0,14,0,0,1,1,1,1785527928
2026-07-31T20:03:45Z,742,18,5,16,1,0,1,1,1,1785528173
2026-07-31T20:03:45Z,743,7,4,12,0,0,1,1,1,1785527805
2026-07-31T20:03:45Z,744,10,2,5,0,0,1,1,1,1785527773
2026-07-31T20:03:45Z,745,12,4,7,0,0,1,1,1,1785526505
2026-07-31T20:03:45Z,746,1,0,21,1,0,1,1,1,1785528107
2026-07-31T20:03:45Z,747,0,0,4,0,0,0,1,1,1783446606
2026-07-31T20:03:45Z,748,9,1,14,0,0,1,1,1,1785527356
2026-07-31T20:03:45Z,749,0,0,22,1,0,1,1,1,1785528095
2026-07-31T20:03:45Z,750,0,0,11,0,0,1,1,1,1785527467
2026-07-31T20:03:45Z,751,20,16,3,0,0,1,1,1,1785527964
2026-07-31T20:03:45Z,752,8,0,8,1,0,1,1,1,1785527734
2026-07-31T20:03:45Z,753,2,0,12,1,0,1,1,1,1785528052
2026-07-31T20:03:45Z,754,8,3,7,0,0,1,1,1,1785527079
2026-07-31T20:03:45Z,755,8,1,14,1,0,1,1,1,1785527643
2026-07-31T20:03:45Z,756,17,17,19,1,0,1,1,1,1785528102
2026-07-31T20:03:45Z,757,3,3,16,0,0,1,1,1,1785527825
2026-07-31T20:03:45Z,758,3,1,20,0,0,1,1,1,1785527975
2026-07-31T20:03:45Z,759,0,0,0,0,0,1,1,1,86400
2026-07-31T20:03:45Z,760,9,3,10,0,0,1,1,1,1785527658
2026-07-31T20:03:45Z,761,10,2,12,1,0,1,1,1,1785528186
2026-07-31T20:03:45Z,762,3,2,7,5,0,1,1,1,1785527594
2026-07-31T20:03:45Z,768,7,0,8,4,0,1,1,1,1785526941
2026-07-31T20:03:45Z,769,13,6,4,2,0,1,1,1,1785528161
2026-07-31T20:03:45Z,770,6,2,11,2,0,1,1,1,1785528124
2026-07-31T20:03:45Z,771,11,1,3,1,0,1,1,1,1785528130
2026-07-31T20:03:45Z,772,4,0,11,0,0,1,1,1,1785528208
2026-07-31T20:03:45Z,773,17,4,2,0,0,1,1,1,1785528028
2026-07-31T20:03:45Z,774,6,2,4,5,0,1,1,1,1785527900
2026-07-31T20:03:45Z,775,7,1,10,1,1,1,1,1,1785527910
2026-07-31T20:03:45Z,776,3,1,17,1,0,1,1,1,1785526566
2026-07-31T20:03:45Z,777,11,3,4,0,0,1,1,1,1785527832
2026-07-31T20:03:45Z,778,11,0,5,3,0,1,1,1,1785528012
2026-07-31T20:03:45Z,779,4,0,14,1,0,1,1,1,1785527272
2026-07-31T20:03:45Z,780,4,3,14,1,0,1,1,1,1785528092
2026-07-31T20:03:45Z,781,2,1,7,2,0,1,1,1,1785526920
2026-07-31T20:03:45Z,782,1,0,14,4,0,1,1,1,1785527817
2026-07-31T20:03:45Z,783,8,1,11,0,0,1,1,1,1785527053
2026-07-31T20:03:45Z,784,3,0,16,0,0,1,1,1,1785527098
2026-07-31T20:03:45Z,785,10,2,3,6,0,1,1,1,1785527277
2026-07-31T20:03:45Z,786,10,5,9,0,0,1,1,1,1785526934
2026-07-31T20:03:45Z,787,6,3,8,1,0,1,1,1,1785526506
2026-07-31T20:03:45Z,788,2,0,13,0,0,1,1,1,1785527541
2026-07-31T20:03:45Z,789,7,2,4,4,0,1,1,1,1785527748
2026-07-31T20:03:45Z,790,2,0,20,1,0,1,1,1,1785528049
2026-07-31T20:03:45Z,791,8,0,10,0,1,1,1,1,1785527955
2026-07-31T20:03:45Z,793,4,0,10,1,0,1,1,1,1785527873
2026-07-31T20:03:45Z,794,21,7,6,2,0,1,1,1,1785528215
2026-07-31T20:03:45Z,796,5,3,13,1,0,1,1,1,1785527750
2026-07-31T20:03:45Z,797,4,2,11,0,0,1,1,1,1785527611
2026-07-31T20:03:45Z,798,11,0,12,2,0,1,1,1,1785528213
2026-07-31T20:03:45Z,799,13,2,2,4,0,1,1,1,1785527964
2026-07-31T20:03:45Z,800,1,0,19,1,0,1,1,1,1785527874
2026-07-31T20:03:45Z,801,5,0,12,4,0,1,1,1,1785527801
2026-07-31T20:03:45Z,802,8,0,23,0,0,1,1,1,1785527970
2026-07-31T20:03:45Z,803,0,0,15,0,0,1,1,1,1785527508
2026-07-31T20:03:45Z,806,1,0,13,1,0,1,1,1,1785526582
2026-07-31T20:03:45Z,807,16,9,8,1,0,1,1,1,1785528215
2026-07-31T20:03:45Z,808,20,6,2,3,0,1,1,1,1785525702
2026-07-31T20:03:45Z,809,4,1,18,1,0,1,1,1,1785527752
2026-07-31T20:03:45Z,810,4,2,13,2,0,1,1,1,1785528120
2026-07-31T20:03:45Z,815,3,1,6,5,1,1,1,1,1785528022
2026-07-31T20:03:45Z,817,13,7,2,0,0,1,1,1,1785527042
2026-07-31T20:03:45Z,818,4,0,19,0,0,1,1,1,1785526626
2026-07-31T20:03:45Z,819,10,4,5,0,0,1,1,1,1785525935
2026-07-31T20:03:45Z,820,9,1,8,0,0,1,1,1,1785526924
2026-07-31T20:03:45Z,821,3,2,12,0,0,1,1,1,1785527840
2026-07-31T20:03:45Z,822,3,0,18,2,0,1,1,1,1785528201
2026-07-31T20:03:45Z,823,12,1,3,0,0,1,1,1,1785527483
2026-07-31T20:03:45Z,824,9,5,9,1,0,1,1,1,1785528175
2026-07-31T20:03:45Z,825,7,5,8,0,0,1,1,1,1785521169
2026-07-31T20:03:45Z,826,9,1,8,2,0,1,1,1,1785526900
2026-07-31T20:03:45Z,827,17,3,2,2,0,1,1,1,1785526441
2026-07-31T20:03:45Z,828,10,0,6,2,0,1,1,1,1785528095
2026-07-31T20:03:45Z,829,17,6,10,0,0,1,1,1,1785527199
2026-07-31T20:03:45Z,830,19,0,3,1,0,1,1,1,1785528213
2026-07-31T20:03:45Z,831,6,3,7,2,0,1,1,1,1785527276
2026-07-31T20:03:45Z,832,8,2,7,3,0,1,1,1,1785527441
2026-07-31T20:03:45Z,833,1,1,17,1,0,1,1,1,1785527190
2026-07-31T20:03:45Z,834,21,0,1,2,0,1,1,1,1785528190
2026-07-31T20:03:45Z,835,0,0,17,1,0,1,1,1,1785527276
2026-07-31T20:03:45Z,838,4,1,10,1,0,1,1,1,1785528029
2026-07-31T20:03:45Z,839,22,2,6,1,0,1,1,1,1785528184
2026-07-31T20:03:45Z,840,0,0,28,1,0,1,1,1,1785528079
2026-07-31T20:03:45Z,841,7,1,8,0,0,1,1,1,1785527263
2026-07-31T20:03:45Z,842,2,0,21,0,0,1,1,1,1785527173
2026-07-31T20:03:45Z,843,12,1,19,0,0,1,1,1,1785527939
2026-07-31T20:03:45Z,844,5,0,18,0,0,1,1,1,1785527442
2026-07-31T20:03:45Z,845,4,3,13,2,0,1,1,1,1785527523
2026-07-31T20:03:45Z,846,3,1,15,1,0,1,1,1,1785526659
2026-07-31T20:03:45Z,847,6,1,20,1,0,1,1,1,1785526555
2026-07-31T20:03:45Z,848,2,1,16,1,0,1,1,1,1785527961
2026-07-31T20:03:45Z,849,8,0,6,1,0,1,1,1,1785527993
2026-07-31T20:03:45Z,850,2,0,8,1,0,1,1,1,1785528164
2026-07-31T20:03:45Z,851,4,4,30,3,0,1,1,1,1785527966
2026-07-31T20:03:45Z,852,9,3,10,0,0,1,1,1,1785527597
2026-07-31T20:03:45Z,853,12,5,11,0,0,1,1,1,1785528174
2026-07-31T20:03:45Z,854,3,2,12,0,0,1,1,1,1785528142
2026-07-31T20:03:45Z,855,26,0,1,0,0,1,1,1,1785528120
2026-07-31T20:03:45Z,857,10,4,7,2,0,1,1,1,1785528040
2026-07-31T20:03:45Z,858,5,2,13,1,0,1,1,1,1785527925
2026-07-31T20:03:45Z,859,8,0,12,1,0,1,1,1,1785528117
2026-07-31T20:03:45Z,861,7,0,3,1,0,1,1,1,1785506303
2026-07-31T20:03:45Z,862,4,2,11,0,0,1,1,1,1785527305
2026-07-31T20:03:45Z,863,11,0,7,1,0,1,1,1,1785526731
2026-07-31T20:03:45Z,866,12,3,7,0,0,1,1,1,1785527676
2026-07-31T20:03:45Z,867,14,2,1,0,0,1,1,1,1785526908
2026-07-31T20:03:45Z,868,7,0,8,0,0,1,1,1,1785528048
2026-07-31T20:03:45Z,870,9,5,6,0,0,1,1,1,1785527963
2026-07-31T20:03:45Z,871,0,0,10,1,0,1,1,1,1785526714
2026-07-31T20:03:45Z,872,0,0,14,1,0,1,1,1,1785527290
2026-07-31T20:03:45Z,873,25,0,7,1,0,1,1,1,1785528073
2026-07-31T20:03:45Z,874,5,0,7,3,0,1,1,1,1785527621
2026-07-31T20:03:45Z,875,9,6,4,2,0,1,1,1,1785527502
2026-07-31T20:03:45Z,877,13,12,6,0,0,1,1,1,1785526971
2026-07-31T20:03:45Z,878,3,3,16,0,0,1,1,1,1785527545
2026-07-31T20:03:45Z,879,3,1,16,0,0,1,1,1,1785526614
2026-07-31T20:03:45Z,880,0,0,22,1,0,1,1,1,1785527504
2026-07-31T20:03:45Z,881,2,0,17,0,0,1,1,1,1785527406
2026-07-31T20:03:45Z,882,9,4,9,1,0,1,1,1,1785513298
2026-07-31T20:03:45Z,883,9,4,10,0,0,1,1,1,1785527608
2026-07-31T20:03:45Z,884,10,6,11,0,0,1,1,1,1785526988
2026-07-31T20:03:45Z,885,0,0,19,0,0,1,1,1,1785527207
2026-07-31T20:03:45Z,886,10,0,18,1,0,1,1,1,1785528122
2026-07-31T20:03:45Z,887,6,3,8,3,0,1,1,1,1785527878
2026-07-31T20:03:45Z,888,16,1,23,1,1,1,1,1,1785528188
2026-07-31T20:03:45Z,889,3,0,14,2,0,1,1,1,1785528179
2026-07-31T20:03:45Z,890,8,4,7,0,0,1,1,1,1785527402
2026-07-31T20:03:45Z,891,20,0,2,1,0,1,1,1,1785528011
2026-07-31T20:03:45Z,892,9,1,6,0,0,1,1,1,1785523247
2026-07-31T20:03:45Z,895,3,0,16,0,0,1,1,1,1785527858
2026-07-31T20:03:45Z,896,9,0,26,0,0,1,1,1,1785526343
2026-07-31T20:03:45Z,897,12,1,9,0,0,1,1,1,1785527443
2026-07-31T20:03:45Z,898,2,0,17,0,0,1,1,1,1785527711
2026-07-31T20:03:45Z,899,1,0,17,1,0,1,1,1,1785528175
2026-07-31T20:03:45Z,900,3,1,24,0,0,1,1,1,1785528016
2026-07-31T20:03:45Z,901,1,0,17,1,0,1,1,1,1785528182
2026-07-31T20:03:45Z,902,6,1,9,0,0,1,1,1,1785527036
2026-07-31T20:03:45Z,903,4,0,14,1,0,1,1,1,1785526596
2026-07-31T20:03:45Z,904,11,5,7,1,0,1,1,1,1785527578
2026-07-31T20:03:45Z,905,7,3,19,1,0,1,1,1,1785528197
2026-07-31T20:03:45Z,906,13,4,13,1,0,1,1,1,1785528100
2026-07-31T20:03:45Z,907,1,1,30,0,0,1,1,1,1785528082
2026-07-31T20:03:45Z,908,8,0,15,0,0,1,1,1,1785527540
2026-07-31T20:03:45Z,909,7,6,16,0,0,1,1,1,1785528100
2026-07-31T20:03:45Z,910,4,0,27,0,0,1,1,1,1785528189
2026-07-31T20:03:45Z,911,4,1,15,0,0,1,1,1,1785527061
2026-07-31T20:03:45Z,912,17,0,5,1,0,1,1,1,1785528079
2026-07-31T20:03:45Z,913,7,4,12,0,0,1,1,1,1785528056
2026-07-31T20:03:45Z,914,14,0,5,0,0,1,1,1,1785528095
2026-07-31T20:03:45Z,915,20,3,1,2,0,1,1,1,1785527662
2026-07-31T20:03:45Z,916,2,1,20,1,0,1,1,1,1785528009
2026-07-31T20:03:45Z,917,14,0,20,1,0,1,1,1,1785528196
2026-07-31T20:03:45Z,918,12,0,4,3,0,1,1,1,1785527637
2026-07-31T20:03:45Z,919,14,0,25,0,0,1,1,1,1785528215
2026-07-31T20:03:45Z,920,7,2,12,0,0,1,1,1,1785527841
2026-07-31T20:03:45Z,921,16,1,5,0,0,1,1,1,1785527222
2026-07-31T20:03:45Z,922,1,1,20,0,0,1,1,1,1785528068
2026-07-31T20:03:45Z,923,0,0,19,0,0,1,1,1,1785527956
2026-07-31T20:03:45Z,924,7,0,13,1,0,1,1,1,1785526413
2026-07-31T20:03:45Z,925,12,0,9,0,0,1,1,1,1785527730
2026-07-31T20:03:45Z,926,0,0,21,0,0,1,1,1,1785527815
2026-07-31T20:03:45Z,927,29,1,5,1,0,1,1,1,1785528216
2026-07-31T20:03:45Z,928,0,0,19,0,0,0,1,1,1785500252
2026-07-31T20:03:45Z,929,21,2,2,0,0,1,1,1,1785528210
2026-07-31T20:03:45Z,930,3,0,27,1,0,1,1,1,1785527521
2026-07-31T20:03:45Z,931,4,2,18,1,0,1,1,1,1785528182
2026-07-31T20:03:45Z,932,1,0,16,2,0,1,1,1,1785527701
2026-07-31T20:03:45Z,933,11,1,11,1,0,1,1,1,1785527996
2026-07-31T20:03:45Z,934,20,0,10,1,0,1,1,1,1785528110
2026-07-31T20:03:45Z,935,5,0,13,1,0,1,1,1,1785527512
2026-07-31T20:03:45Z,936,11,1,8,0,0,1,1,1,1785528199
2026-07-31T20:03:45Z,940,3,1,7,1,0,1,1,1,1785527313
2026-07-31T20:03:45Z,941,14,0,9,2,0,1,1,1,1785528206
2026-07-31T20:03:45Z,942,14,1,7,0,0,1,1,1,1785526978
2026-07-31T20:03:45Z,943,8,8,7,0,0,1,1,1,1785527377
2026-07-31T20:03:45Z,944,10,8,5,0,0,1,1,1,1785527221
2026-07-31T20:03:45Z,945,10,8,5,0,0,1,1,1,1785526743
2026-07-31T20:03:45Z,946,7,5,12,0,0,1,1,1,1785523835
2026-07-31T20:03:45Z,947,7,5,10,0,0,1,1,1,1785527240
2026-07-31T20:03:45Z,948,18,11,10,3,0,1,1,1,1785527945
2026-07-31T20:03:45Z,949,6,4,9,0,0,1,1,1,1785528172
2026-07-31T20:03:45Z,950,4,0,9,4,0,1,1,1,1785528200
2026-07-31T20:03:45Z,951,18,4,5,0,0,1,1,1,1785527520
2026-07-31T20:03:45Z,952,24,3,30,1,0,1,1,1,1785528078
2026-07-31T20:03:45Z,953,2,0,12,1,0,1,1,1,1785527027
2026-07-31T20:03:45Z,954,4,0,15,0,0,1,1,1,1785527735
2026-07-31T20:03:45Z,955,10,3,11,5,1,1,1,1,1785528214
2026-07-31T20:03:45Z,956,8,1,13,2,0,1,1,1,1785527935
2026-07-31T20:03:45Z,957,8,1,20,1,0,1,1,1,1785528117
2026-07-31T20:03:45Z,958,15,0,14,2,0,1,1,1,1785528173
2026-07-31T20:03:45Z,959,2,2,20,1,0,1,1,1,1785527874
2026-07-31T20:03:45Z,960,2,2,21,0,0,1,1,1,1785528138
2026-07-31T20:03:45Z,961,5,1,15,3,0,1,1,1,1785528003
2026-07-31T20:03:45Z,962,9,3,23,3,0,1,1,1,1785526569
2026-07-31T20:03:45Z,963,5,0,17,1,0,1,1,1,1785528114
2026-07-31T20:03:45Z,964,6,6,17,0,0,1,1,1,1785528103
2026-07-31T20:03:45Z,965,11,6,15,1,0,1,1,1,1785528022
2026-07-31T20:03:45Z,966,18,0,11,2,0,1,1,1,1785528180
2026-07-31T20:03:45Z,967,3,0,16,2,0,1,1,1,1785528010
2026-07-31T20:03:45Z,968,11,0,7,1,0,1,1,1,1785527414
2026-07-31T20:03:45Z,969,2,0,23,2,0,1,1,1,1785528141
2026-07-31T20:03:45Z,970,1,1,17,1,0,1,1,1,1785527617
2026-07-31T20:03:45Z,971,1,0,21,1,0,1,1,1,1785527828
2026-07-31T20:03:45Z,972,11,4,11,1,0,1,1,1,1785527901
2026-07-31T20:03:45Z,973,6,1,16,1,0,1,1,1,1785528086
2026-07-31T20:03:45Z,974,20,0,7,0,0,1,1,1,1785528038
2026-07-31T20:03:45Z,977,3,0,16,2,0,1,1,1,1785528139
2026-07-31T20:03:45Z,978,18,0,5,0,0,1,1,1,1785526582
2026-07-31T20:03:45Z,979,8,1,9,0,0,1,1,1,1785527853
2026-07-31T20:03:45Z,980,13,2,7,1,0,1,1,1,1785527984
2026-07-31T20:03:45Z,981,5,0,16,0,0,1,1,1,1785527552
2026-07-31T20:03:45Z,982,3,1,15,1,0,1,1,1,1785527294
2026-07-31T20:03:45Z,983,5,3,18,0,0,1,1,1,1785527754
2026-07-31T20:03:45Z,984,6,0,17,0,0,1,1,1,1785527063
2026-07-31T20:03:45Z,985,1,0,30,0,0,1,1,1,1785528064
2026-07-31T20:03:45Z,986,3,0,16,0,0,1,1,1,1785527295
2026-07-31T20:03:45Z,987,6,0,17,0,0,1,1,1,1785527869
2026-07-31T20:03:45Z,988,7,3,12,0,0,1,1,1,1785527464
2026-07-31T20:03:45Z,989,8,4,11,0,0,1,1,1,1785528050
2026-07-31T20:03:45Z,990,11,0,3,1,0,1,1,1,1785527464
2026-07-31T20:03:45Z,991,9,0,9,1,0,1,1,1,1785527196
2026-07-31T20:03:45Z,992,9,5,14,0,0,1,1,1,1785528081
2026-07-31T20:03:45Z,993,3,2,23,1,0,1,1,1,1785527981
2026-07-31T20:03:45Z,994,0,0,21,0,0,1,1,1,1785526505
2026-07-31T20:03:45Z,995,6,0,21,0,0,1,1,1,1785527535
2026-07-31T20:03:45Z,996,8,2,15,0,0,1,1,1,1785527370
2026-07-31T20:03:45Z,997,5,4,6,9,3,1,1,1,1785527891
2026-07-31T20:03:45Z,998,5,4,18,0,0,1,1,1,1785527628
2026-07-31T20:03:45Z,999,4,1,15,1,1,1,1,1,1785527338
2026-07-31T20:03:45Z,1000,4,2,17,0,0,1,1,1,1785528174
2026-07-31T20:03:45Z,1001,5,3,22,0,0,1,1,1,1785527687
2026-07-31T20:03:45Z,1002,2,2,28,1,0,1,1,1,1785527716
2026-07-31T20:03:45Z,1003,0,0,23,0,0,1,1,1,1785527266
2026-07-31T20:03:45Z,1004,9,2,14,0,0,1,1,1,1785526746
2026-07-31T20:03:45Z,1005,20,1,3,0,0,1,1,1,1785527574
2026-07-31T20:03:45Z,1006,7,4,12,0,0,1,1,1,1785527266
2026-07-31T20:03:45Z,1007,1,1,20,0,0,1,1,1,1785526908
2026-07-31T20:03:45Z,1008,8,7,15,0,0,1,1,1,1785526440
2026-07-31T20:03:45Z,1009,22,5,8,1,0,1,1,1,1785528174
2026-07-31T20:03:45Z,1010,8,2,19,0,0,1,1,1,1785527164
2026-07-31T20:03:45Z,1011,6,2,11,2,0,1,1,1,1785527637
2026-07-31T20:03:45Z,1012,5,3,16,2,0,1,1,1,1785527228
2026-07-31T20:03:45Z,1013,4,1,18,1,0,1,1,1,1785527789
2026-07-31T20:03:45Z,1014,9,4,14,0,0,1,1,1,1785527753
2026-07-31T20:03:45Z,1015,4,3,26,1,0,1,1,1,1785528092
2026-07-31T20:03:45Z,1016,10,5,21,0,0,1,1,1,1785527167
2026-07-31T20:03:45Z,1017,13,5,8,0,0,1,1,1,1785527953
2026-07-31T20:03:45Z,1018,7,3,15,0,0,1,1,1,1785527307
2026-07-31T20:03:45Z,1019,8,5,7,0,0,1,1,1,1785527180
2026-07-31T20:03:45Z,1020,19,5,2,0,0,1,1,1,1785526486
2026-07-31T20:03:45Z,1021,9,4,6,0,0,1,1,1,1785527980
2026-07-31T20:03:45Z,1022,14,0,13,0,0,1,1,1,1785527436
2026-07-31T20:03:45Z,1023,14,2,9,0,0,1,1,1,1785527058
2026-07-31T20:03:45Z,1024,6,2,13,0,0,1,1,1,1785528031
2026-07-31T20:03:45Z,1025,4,0,14,0,1,1,1,1,1785527413
2026-07-31T20:03:45Z,1026,12,9,18,1,0,1,1,1,1785526799
2026-07-31T20:03:45Z,1028,3,1,20,0,0,1,1,1,1785527402
2026-07-31T20:03:45Z,1029,12,10,3,0,0,1,1,1,1785526475
2026-07-31T20:03:45Z,1030,13,4,10,0,0,1,1,1,1785528097
2026-07-31T20:03:45Z,1031,9,1,10,0,0,1,1,1,1785526593
2026-07-31T20:03:45Z,1032,7,1,12,0,0,1,1,1,1785527264
2026-07-31T20:03:45Z,1033,9,5,10,0,0,1,1,1,1785528088
2026-07-31T20:03:45Z,1034,4,1,11,0,0,1,1,1,1785527249
2026-07-31T20:03:45Z,1035,1,0,17,1,0,1,1,1,1785527270
2026-07-31T20:03:45Z,1036,12,0,3,0,0,1,1,1,1785527827
2026-07-31T20:03:45Z,1037,2,0,16,1,0,1,1,1,1785527884
2026-07-31T20:03:45Z,1038,1,0,14,0,0,1,1,1,1785526940
2026-07-31T20:03:45Z,1039,7,1,12,0,0,1,1,1,1785527416
2026-07-31T20:03:45Z,1040,8,5,11,0,0,1,1,1,1785527315
2026-07-31T20:03:45Z,1041,11,3,8,0,0,1,1,1,1785527184
2026-07-31T20:03:45Z,1042,6,0,8,1,0,1,1,1,1785528203
2026-07-31T20:03:45Z,1043,11,5,7,1,0,1,1,1,1785527601
2026-07-31T20:03:45Z,1044,1,0,14,0,0,1,1,1,1785526995
2026-07-31T20:03:45Z,1045,9,0,10,0,0,1,1,1,1785527247
2026-07-31T20:03:45Z,1046,9,0,6,0,0,1,1,1,1785526620
2026-07-31T20:03:45Z,1047,4,0,17,0,0,1,1,1,1785528032
2026-07-31T20:03:45Z,1048,5,0,14,0,0,1,1,1,1785527227
2026-07-31T20:03:45Z,1049,0,0,21,0,0,1,1,1,1785527328
2026-07-31T20:03:45Z,1050,17,4,4,0,0,1,1,1,1785527853
2026-07-31T20:03:45Z,1051,8,2,13,0,0,1,1,1,1785526484
2026-07-31T20:03:45Z,1052,16,1,5,1,0,1,1,1,1785527117
2026-07-31T20:03:45Z,1053,2,1,13,0,0,1,1,1,1785527128
2026-07-31T20:03:45Z,1054,5,1,10,0,0,1,1,1,1785527614
2026-07-31T20:03:45Z,1055,8,1,11,0,0,1,1,1,1785527396
2026-07-31T20:03:45Z,1057,11,2,8,0,0,1,1,1,1785528099
2026-07-31T20:03:45Z,1058,20,0,35,1,0,1,1,1,1785528170
2026-07-31T20:03:45Z,1059,0,0,18,1,0,1,1,1,1785527255
2026-07-31T20:03:45Z,1060,33,0,4,0,0,1,1,1,1785528207
2026-07-31T20:03:45Z,1061,31,1,6,0,0,1,1,1,1785527945
2026-07-31T20:03:45Z,1062,11,0,6,0,0,1,1,1,1785528127
2026-07-31T20:03:45Z,1063,12,1,6,1,0,1,1,1,1785527307
2026-07-31T20:03:45Z,1064,3,0,19,1,0,1,1,1,1785527670
2026-07-31T20:03:45Z,1065,16,3,7,0,0,1,1,1,1785527916
2026-07-31T20:03:45Z,1066,11,2,12,0,0,1,1,1,1785527736
2026-07-31T20:03:45Z,1067,8,2,13,2,0,1,1,1,1785528012
2026-07-31T20:03:45Z,1068,5,2,15,3,0,1,1,1,1785527745
2026-07-31T20:03:45Z,1069,12,3,11,0,0,1,1,1,1785527550
2026-07-31T20:03:45Z,1070,12,2,11,0,0,1,1,1,1785527650
2026-07-31T20:03:45Z,1071,8,4,15,0,0,1,1,1,1785527688
2026-07-31T20:03:45Z,1072,11,1,11,1,0,1,1,1,1785528096
2026-07-31T20:03:45Z,1073,3,0,23,1,0,1,1,1,1785527991
2026-07-31T20:03:45Z,1074,14,3,38,1,0,1,1,1,1785528162
2026-07-31T20:03:45Z,1075,8,8,13,0,0,1,1,1,1785527053
2026-07-31T20:03:45Z,1076,16,13,5,0,0,1,1,1,1785526502
2026-07-31T20:03:45Z,1077,11,7,9,1,0,1,1,1,1785527961
2026-07-31T20:03:45Z,1078,10,9,11,0,0,1,1,1,1785526751
2026-07-31T20:03:45Z,1079,12,8,9,0,0,1,1,1,1785527159
2026-07-31T20:03:45Z,1080,10,8,9,2,0,1,1,1,1785527087
2026-07-31T20:03:45Z,1081,14,8,5,0,0,1,1,1,1785528095
2026-07-31T20:03:45Z,1082,12,11,11,0,0,1,1,1,1785527165
2026-07-31T20:03:45Z,1083,13,12,8,0,0,1,1,1,1785527842
2026-07-31T20:03:45Z,1084,10,8,11,0,0,1,1,1,1785527045
2026-07-31T20:03:45Z,1085,13,8,8,0,0,1,1,1,1785527865
2026-07-31T20:03:45Z,1086,15,11,5,1,0,1,1,1,1785527439
2026-07-31T20:03:45Z,1087,6,6,9,0,0,1,1,1,1785527848
2026-07-31T20:03:45Z,1088,9,7,6,0,0,1,1,1,1785527308
2026-07-31T20:03:45Z,1089,5,2,10,0,0,1,1,1,1785527640
2026-07-31T20:03:45Z,1090,7,6,8,0,0,1,1,1,1785528058
2026-07-31T20:03:45Z,1091,7,5,8,0,0,1,1,1,1785527976
2026-07-31T20:03:45Z,1092,10,9,5,0,0,1,1,1,1785527641
2026-07-31T20:03:45Z,1093,5,5,9,1,0,1,1,1,1785526529
2026-07-31T20:03:45Z,1094,10,9,9,0,0,1,1,1,1785528204
2026-07-31T20:03:45Z,1095,9,8,6,0,0,1,1,1,1785527238
2026-07-31T20:03:45Z,1096,10,8,8,1,0,1,1,1,1785527632
2026-07-31T20:03:45Z,1097,8,8,7,0,0,1,1,1,1785527828
2026-07-31T20:03:45Z,1098,9,7,10,0,0,1,1,1,1785526861
2026-07-31T20:03:45Z,1099,7,6,8,0,0,1,1,1,1785527094
2026-07-31T20:03:45Z,1100,5,3,24,0,0,1,1,1,1785521793
2026-07-31T20:03:45Z,1101,10,5,11,0,0,1,1,1,1785527017
2026-07-31T20:03:45Z,1102,9,4,4,0,0,1,1,1,1785528042
2026-07-31T20:03:45Z,1103,11,5,10,0,0,1,1,1,1785503681
2026-07-31T20:03:45Z,1104,11,6,10,0,0,1,1,1,1785526767
2026-07-31T20:03:45Z,1105,8,4,5,0,0,1,1,1,1785527926
2026-07-31T20:03:45Z,1106,10,5,11,0,0,1,1,1,1785527107
2026-07-31T20:03:45Z,1107,9,5,6,0,0,1,1,1,1785527358
2026-07-31T20:03:45Z,1108,8,4,16,2,1,1,1,1,1785527944
2026-07-31T20:03:45Z,1109,8,4,7,0,0,1,1,1,1785527302
2026-07-31T20:03:45Z,1110,8,0,13,0,0,1,1,1,1785526632
2026-07-31T20:03:45Z,1111,8,6,12,1,0,1,1,1,1785526112
2026-07-31T20:03:45Z,1112,27,0,26,0,0,1,1,1,1785527662
2026-07-31T20:03:45Z,1113,4,0,17,0,0,1,1,1,1785526555
2026-07-31T20:03:45Z,1115,13,2,6,4,0,1,1,1,1785527829
2026-07-31T20:03:45Z,1116,2,1,17,0,0,1,1,1,1785527284
2026-07-31T20:03:45Z,1117,3,1,18,2,0,1,1,1,1785528111
2026-07-31T20:03:45Z,1118,6,0,15,0,0,1,1,1,1785527952
2026-07-31T20:03:45Z,1119,7,0,10,0,0,1,1,1,1785528032
2026-07-31T20:03:45Z,1120,8,0,10,1,0,1,1,1,1785528212
2026-07-31T20:03:45Z,1121,8,0,12,1,0,1,1,1,1785527667
2026-07-31T20:03:45Z,1122,6,5,14,1,0,1,1,1,1785528213
2026-07-31T20:03:45Z,1123,11,9,10,2,0,1,1,1,1785528205
2026-07-31T20:03:45Z,1124,3,1,11,1,0,1,1,1,1785528183
2026-07-31T20:03:45Z,1125,16,1,7,0,0,1,1,1,1785528179
2026-07-31T20:03:45Z,1126,6,0,15,0,0,1,1,1,1785528215
2026-07-31T20:03:45Z,1127,3,0,16,0,0,1,1,1,1785527601
2026-07-31T20:03:45Z,1128,0,0,15,0,0,1,1,1,1785527256
2026-07-31T20:03:45Z,1129,3,0,17,1,0,1,1,1,1785528070
2026-07-31T20:03:45Z,1130,4,0,10,1,0,1,1,1,1785528197
2026-07-31T20:03:45Z,1131,6,3,42,1,0,1,1,1,1785527923
2026-07-31T20:03:45Z,1132,10,5,10,1,0,1,1,1,1785528200
2026-07-31T20:03:45Z,1133,4,3,16,1,0,1,1,1,1785528118
2026-07-31T20:03:45Z,1134,11,5,8,0,0,1,1,1,1785527794
2026-07-31T20:03:45Z,1135,12,6,9,0,0,1,1,1,1785526911
2026-07-31T20:03:45Z,1136,14,0,9,0,0,1,1,1,1785527996
2026-07-31T20:03:45Z,1137,13,0,2,0,0,1,1,1,1785527821
2026-07-31T20:03:45Z,1138,1,0,18,0,0,1,1,1,1785527451
2026-07-31T20:03:45Z,1139,14,2,5,2,0,1,1,1,1785527793
2026-07-31T20:03:45Z,1140,4,2,18,1,0,1,1,1,1785528134
2026-07-31T20:03:45Z,1141,12,5,9,0,0,1,1,1,1785528017
2026-07-31T20:03:45Z,1142,0,0,21,0,0,1,1,1,1785527923
2026-07-31T20:03:45Z,1143,13,0,16,0,0,1,1,1,1785528053
2026-07-31T20:03:45Z,1144,7,0,13,1,0,1,1,1,1785528175
2026-07-31T20:03:45Z,1145,11,5,9,1,0,1,1,1,1785527690
2026-07-31T20:03:45Z,1146,11,7,4,4,0,1,1,1,1785528201
2026-07-31T20:03:45Z,1147,19,2,0,0,0,1,1,1,1785527283
2026-07-31T20:03:45Z,1148,0,0,31,0,0,1,1,1,1785528171
2026-07-31T20:03:45Z,1149,2,1,18,5,0,1,1,1,1785528213
2026-07-31T20:03:45Z,1150,6,0,13,0,0,1,1,1,1785527970
2026-07-31T20:03:45Z,1151,8,0,13,0,0,1,1,1,1785527940
2026-07-31T20:03:45Z,1152,6,0,23,0,0,1,1,1,1785527804
2026-07-31T20:03:45Z,1153,21,2,1,1,0,1,1,1,1785527835
2026-07-31T20:03:45Z,1154,3,0,16,0,0,1,1,1,1785527100
2026-07-31T20:03:45Z,1155,3,1,15,3,0,1,1,1,1785528168
2026-07-31T20:03:45Z,1158,3,1,16,0,0,1,1,1,1785527169
2026-07-31T20:03:45Z,1159,12,0,7,0,0,1,1,1,1785527530
2026-07-31T20:03:45Z,1160,9,2,10,0,0,1,1,1,1785528145
2026-07-31T20:03:45Z,1161,3,0,15,1,0,1,1,1,1785527666
2026-07-31T20:03:45Z,1162,3,1,16,0,0,1,1,1,1785527920
2026-07-31T20:03:45Z,1163,2,1,16,1,0,1,1,1,1785527289
2026-07-31T20:03:45Z,1164,6,1,13,0,0,1,1,1,1785527346
2026-07-31T20:03:45Z,1165,2,0,19,0,0,1,1,1,1785528089
2026-07-31T20:03:45Z,1166,14,3,7,0,0,1,1,1,1785527623
2026-07-31T20:03:45Z,1167,4,0,11,0,0,1,1,1,1785527017
2026-07-31T20:03:45Z,1168,3,1,18,2,0,1,1,1,1785528133
2026-07-31T20:03:45Z,1169,3,0,15,1,0,1,1,1,1785527191
2026-07-31T20:03:45Z,1170,7,1,14,0,0,1,1,1,1785527585
2026-07-31T20:03:45Z,1171,8,7,15,0,0,1,1,1,1785527284
2026-07-31T20:03:45Z,1172,2,0,11,2,0,1,1,1,1785527501
2026-07-31T20:03:45Z,1173,13,4,6,0,0,1,1,1,1785527449
2026-07-31T20:03:45Z,1174,6,3,9,0,0,1,1,1,1785527097
2026-07-31T20:03:45Z,1175,4,3,15,0,0,1,1,1,1785525246
2026-07-31T20:03:45Z,1176,8,2,13,0,0,1,1,1,1785528134
2026-07-31T20:03:45Z,1177,3,1,18,0,0,1,1,1,1785526602
2026-07-31T20:03:45Z,1178,5,2,10,0,0,1,1,1,1785527591
2026-07-31T20:03:45Z,1181,1,0,14,0,0,1,1,1,1785527374
2026-07-31T20:03:45Z,1182,13,1,6,1,0,1,1,1,1785527778
2026-07-31T20:03:45Z,1183,25,3,18,2,0,1,1,1,1785528206
2026-07-31T20:03:45Z,1184,1,1,18,2,0,1,1,1,1785528186
2026-07-31T20:03:45Z,1185,9,5,12,0,0,1,1,1,1785526737
2026-07-31T20:03:45Z,1186,9,5,10,0,0,1,1,1,1785528150
2026-07-31T20:03:45Z,1187,10,5,10,1,0,1,1,1,1785527968
2026-07-31T20:03:45Z,1188,10,5,5,0,0,1,1,1,1785527356
2026-07-31T20:03:45Z,1189,9,4,10,0,0,1,1,1,1785527482
2026-07-31T20:03:45Z,1190,9,4,12,0,0,1,1,1,1785526895
2026-07-31T20:03:45Z,1191,11,6,4,0,0,1,1,1,1785527361
2026-07-31T20:03:45Z,1192,9,6,11,1,0,1,1,1,1785527259
2026-07-31T20:03:45Z,1193,6,4,5,2,0,1,1,1,1785528150
2026-07-31T20:03:45Z,1197,9,6,7,1,0,1,1,1,1785528140
2026-07-31T20:03:45Z,1198,13,4,6,2,0,1,1,1,1785527785
2026-07-31T20:03:45Z,1199,3,0,16,0,0,1,1,1,1785527776
2026-07-31T20:03:45Z,1200,9,5,6,0,0,1,1,1,1785527397
2026-07-31T20:03:45Z,1201,10,5,5,0,0,1,1,1,1785527372
2026-07-31T20:03:45Z,1202,10,5,5,0,0,1,1,1,1785527474
2026-07-31T20:03:45Z,1203,11,5,4,0,0,1,1,1,1785527377
2026-07-31T20:03:45Z,1204,7,4,12,0,0,1,1,1,1785527148
2026-07-31T20:03:45Z,1206,11,5,10,0,0,1,1,1,1785528202
2026-07-31T20:03:45Z,1207,8,4,6,1,0,1,1,1,1785527690
2026-07-31T20:03:45Z,1208,10,4,9,0,0,1,1,1,1785527630
2026-07-31T20:03:45Z,1216,9,0,11,1,0,1,1,1,1785526603
2026-07-31T20:03:45Z,1218,4,0,17,0,0,1,1,1,1785527001
2026-07-31T20:03:45Z,1219,5,1,7,3,0,1,1,1,1785527334
2026-07-31T20:03:45Z,1220,17,6,2,0,0,1,1,1,1785526635
2026-07-31T20:03:45Z,1221,1,1,19,1,0,1,1,1,1785528166
2026-07-31T20:03:45Z,1222,12,1,17,0,0,1,1,1,1785527649
2026-07-31T20:03:45Z,1223,27,2,1,1,0,1,1,1,1785528119
2026-07-31T20:03:45Z,1226,0,0,3,0,0,0,1,1,1781868931
2026-07-31T20:03:45Z,1227,3,0,22,0,0,1,1,1,1785527779
2026-07-31T20:03:45Z,1228,7,6,22,0,0,1,1,1,1785528132
2026-07-31T20:03:45Z,1229,44,1,0,1,0,1,1,1,1785528070
2026-07-31T20:08:45Z,1,11,0,12,0,0,1,1,1,1785528265
2026-07-31T20:08:45Z,2,4,1,20,3,0,1,1,1,1785527894
2026-07-31T20:08:45Z,3,11,1,2,1,0,1,1,1,1785528083
2026-07-31T20:08:45Z,4,21,5,0,1,0,1,1,1,1785527932
2026-07-31T20:08:45Z,5,16,3,6,1,0,1,1,1,1785527983
2026-07-31T20:08:45Z,6,4,1,11,0,0,1,1,1,1785528452
2026-07-31T20:08:45Z,7,5,1,33,1,0,1,1,1,1785528095
2026-07-31T20:08:45Z,8,3,1,40,0,0,1,1,1,1785528270
2026-07-31T20:08:45Z,9,15,0,7,1,0,1,1,1,1785528405
2026-07-31T20:08:45Z,10,1,0,20,2,0,1,1,1,1785527928
2026-07-31T20:08:45Z,11,7,0,10,2,0,1,1,1,1785527755
2026-07-31T20:08:45Z,12,22,1,1,0,0,1,1,1,1785528173
2026-07-31T20:08:45Z,13,8,1,22,0,0,1,1,1,1785528075
2026-07-31T20:08:45Z,14,39,0,3,0,1,1,1,1,1785528275
2026-07-31T20:08:45Z,15,13,0,2,0,0,1,1,1,1785528273
2026-07-31T20:08:45Z,16,7,1,17,2,1,1,1,1,1785528104
2026-07-31T20:08:45Z,17,10,0,16,1,0,1,1,1,1785528485
2026-07-31T20:08:45Z,18,8,0,8,2,0,1,1,1,1785528443
2026-07-31T20:08:45Z,19,20,4,4,3,0,1,1,1,1785528476
2026-07-31T20:08:45Z,20,8,1,27,0,0,1,1,1,1785528217
2026-07-31T20:08:45Z,21,8,1,10,1,0,1,1,1,1785528199
2026-07-31T20:08:45Z,22,28,0,35,2,0,1,1,1,1785528200
2026-07-31T20:08:45Z,23,12,9,19,0,0,1,1,1,1785527672
2026-07-31T20:08:45Z,24,5,1,4,2,0,1,1,1,1785528512
2026-07-31T20:08:45Z,25,71,6,8,2,0,1,1,1,1785528495
2026-07-31T20:08:45Z,26,26,1,1,0,0,1,1,1,1785528405
2026-07-31T20:08:45Z,28,3,0,12,0,0,1,1,1,1785527535
2026-07-31T20:08:45Z,30,10,1,18,1,0,1,1,1,1785528433
2026-07-31T20:08:45Z,31,14,4,4,1,0,1,1,1,1785528496
2026-07-31T20:08:45Z,32,11,3,16,0,0,1,1,1,1785528426
2026-07-31T20:08:45Z,34,17,2,20,0,0,1,1,1,1785528461
2026-07-31T20:08:45Z,35,42,4,3,2,0,1,1,1,1785528484
2026-07-31T20:08:45Z,36,0,0,0,0,0,0,1,1,86400
2026-07-31T20:08:45Z,37,17,2,6,0,0,1,1,1,1785528445
2026-07-31T20:08:45Z,38,12,1,11,0,0,1,1,1,1785528516
2026-07-31T20:08:45Z,39,12,1,27,0,0,1,1,1,1785528340
2026-07-31T20:08:45Z,40,12,0,9,0,0,1,1,1,1785528210
2026-07-31T20:08:45Z,41,33,3,10,0,0,1,1,1,1785528076
2026-07-31T20:08:45Z,42,1,0,30,0,0,1,1,1,1785527917
2026-07-31T20:08:45Z,43,13,1,10,0,0,1,1,1,1785528412
2026-07-31T20:08:45Z,45,18,3,11,0,0,1,1,1,1785528203
2026-07-31T20:08:45Z,46,2,1,28,1,0,1,1,1,1785528273
2026-07-31T20:08:45Z,47,0,0,14,1,0,1,1,1,1785528287
2026-07-31T20:08:45Z,48,12,0,15,0,0,1,1,1,1785528186
2026-07-31T20:08:45Z,49,2,0,17,4,0,1,1,1,1785528515
2026-07-31T20:08:45Z,50,8,7,11,0,0,1,1,1,1785528376
2026-07-31T20:08:45Z,51,50,1,27,0,0,1,1,1,1785528373
2026-07-31T20:08:45Z,52,21,1,3,3,0,1,1,1,1785528490
2026-07-31T20:08:45Z,55,3,2,20,0,0,1,1,1,1785528497
2026-07-31T20:08:45Z,56,32,1,11,0,0,1,1,1,1785528222
2026-07-31T20:08:45Z,57,27,3,0,0,0,1,1,1,1785528292
2026-07-31T20:08:45Z,58,6,3,22,0,0,1,1,1,1785528362
2026-07-31T20:08:45Z,59,6,1,19,2,0,1,1,1,1785528442
2026-07-31T20:08:45Z,61,3,0,36,0,0,1,1,1,1785527810
2026-07-31T20:08:45Z,62,30,9,17,2,0,1,1,1,1785528394
2026-07-31T20:08:45Z,63,15,0,4,0,0,1,1,1,1785528224
2026-07-31T20:08:45Z,64,12,1,3,4,0,1,1,1,1785527230
2026-07-31T20:08:45Z,65,10,3,8,1,0,1,1,1,1785528331
2026-07-31T20:08:45Z,67,32,1,7,0,0,1,1,1,1785528387
2026-07-31T20:08:45Z,68,33,0,4,0,0,1,1,1,1785528441
2026-07-31T20:08:45Z,69,2,1,13,0,0,1,1,1,1785528001
2026-07-31T20:08:45Z,71,13,2,11,3,0,1,1,1,1785528498
2026-07-31T20:08:45Z,72,25,3,3,2,1,1,1,1,1785528263
2026-07-31T20:08:45Z,73,28,1,3,0,0,1,1,1,1785528502
2026-07-31T20:08:45Z,74,2,1,17,0,0,1,1,1,1785528390
2026-07-31T20:08:45Z,75,17,0,14,1,0,1,1,1,1785527405
2026-07-31T20:08:45Z,76,11,0,5,3,0,1,1,1,1785528515
2026-07-31T20:08:45Z,77,4,0,23,0,0,1,1,1,1785528399
2026-07-31T20:08:45Z,78,4,4,19,0,0,1,1,1,1785528231
2026-07-31T20:08:45Z,79,7,1,9,1,0,1,1,1,1785528073
2026-07-31T20:08:45Z,80,9,0,11,3,0,1,1,1,1785528394
2026-07-31T20:08:45Z,81,4,2,27,0,0,1,1,1,1785528470
2026-07-31T20:08:45Z,82,18,5,4,1,0,1,1,1,1785527954
2026-07-31T20:08:45Z,83,11,4,22,1,0,1,1,1,1785528511
2026-07-31T20:08:45Z,84,1,0,25,1,0,1,1,1,1785528513
2026-07-31T20:08:45Z,85,12,1,3,0,0,1,1,1,1785528486
2026-07-31T20:08:45Z,86,4,0,23,0,0,1,1,1,1785528489
2026-07-31T20:08:45Z,87,5,0,14,0,0,1,1,1,1785528247
2026-07-31T20:08:45Z,88,8,0,34,1,0,1,1,1,1785528351
2026-07-31T20:08:45Z,89,30,2,5,0,0,1,1,1,1785528468
2026-07-31T20:08:45Z,90,0,0,17,1,0,1,1,1,1785528376
2026-07-31T20:08:45Z,91,2,0,15,0,0,1,1,1,1785528310
2026-07-31T20:08:45Z,92,7,0,9,3,0,1,1,1,1785528323
2026-07-31T20:08:45Z,93,5,2,18,0,0,1,1,1,1785528207
2026-07-31T20:08:45Z,94,13,0,5,1,0,1,1,1,1785527778
2026-07-31T20:08:45Z,95,5,0,28,1,1,1,1,1,1785528511
2026-07-31T20:08:45Z,96,15,0,15,1,0,1,1,1,1785528279
2026-07-31T20:08:45Z,97,3,3,12,2,0,1,1,1,1785528502
2026-07-31T20:08:45Z,98,30,2,5,0,0,1,1,1,1785528515
2026-07-31T20:08:45Z,99,11,0,4,0,0,1,1,1,1785528006
2026-07-31T20:08:45Z,100,5,0,22,0,0,1,1,1,1785528367
2026-07-31T20:08:45Z,101,11,0,3,1,0,1,1,1,1785528475
2026-07-31T20:08:45Z,102,2,0,21,0,0,1,1,1,1785528286
2026-07-31T20:08:45Z,103,12,0,16,2,0,1,1,1,1785528499
2026-07-31T20:08:45Z,104,9,1,16,2,0,1,1,1,1785528513
2026-07-31T20:08:45Z,105,17,0,2,0,0,1,1,1,1785526643
2026-07-31T20:08:45Z,106,13,0,8,0,0,1,1,1,1785528437
2026-07-31T20:08:45Z,107,17,7,20,0,0,1,1,1,1785528372
2026-07-31T20:08:45Z,108,2,0,31,2,0,1,1,1,1785528409
2026-07-31T20:08:45Z,109,17,0,6,0,0,1,1,1,1785528511
2026-07-31T20:08:45Z,110,14,1,9,0,0,1,1,1,1785528394
2026-07-31T20:08:45Z,111,19,1,17,0,0,1,1,1,1785528417
2026-07-31T20:08:45Z,112,6,3,8,1,0,1,1,1,1785528263
2026-07-31T20:08:45Z,113,11,0,7,1,0,1,1,1,1785528396
2026-07-31T20:08:45Z,114,16,6,13,1,1,1,1,1,1785528408
2026-07-31T20:08:45Z,115,8,5,17,3,0,1,1,1,1785528502
2026-07-31T20:08:45Z,116,16,14,10,1,0,1,1,1,1785526995
2026-07-31T20:08:45Z,118,7,0,12,4,0,1,1,1,1785528452
2026-07-31T20:08:45Z,119,1,0,35,2,0,1,1,1,1785528403
2026-07-31T20:08:45Z,120,2,0,24,1,0,1,1,1,1785528408
2026-07-31T20:08:45Z,121,3,0,15,0,1,1,1,1,1785528336
2026-07-31T20:08:45Z,122,9,0,11,1,0,1,1,1,1785528288
2026-07-31T20:08:45Z,123,25,0,22,0,0,1,1,1,1785528486
2026-07-31T20:08:45Z,124,3,0,32,0,0,1,1,1,1785528489
2026-07-31T20:08:45Z,125,6,0,16,1,0,1,1,1,1785528385
2026-07-31T20:08:45Z,126,17,0,14,0,0,1,1,1,1785528443
2026-07-31T20:08:45Z,127,14,2,20,1,0,1,1,1,1785528467
2026-07-31T20:08:45Z,128,5,3,14,0,0,1,1,1,1785528360
2026-07-31T20:08:45Z,129,0,0,17,2,0,1,1,1,1785527190
2026-07-31T20:08:45Z,130,7,0,10,0,0,1,1,1,1785528449
2026-07-31T20:08:45Z,131,4,3,7,0,0,1,1,1,1785528034
2026-07-31T20:08:45Z,132,6,5,7,1,1,1,1,1,1785527989
2026-07-31T20:08:45Z,134,17,3,1,5,0,1,1,1,1785528517
2026-07-31T20:08:45Z,135,3,1,15,1,0,1,1,1,1785528468
2026-07-31T20:08:45Z,136,2,0,14,1,6,1,1,1,1785528502
2026-07-31T20:08:45Z,137,7,4,10,2,0,1,1,1,1785528469
2026-07-31T20:08:45Z,138,11,1,26,0,0,1,1,1,1785528481
2026-07-31T20:08:45Z,139,3,1,16,0,0,1,1,1,1785528450
2026-07-31T20:08:45Z,140,1,0,21,1,0,1,1,1,1785528514
2026-07-31T20:08:45Z,141,6,0,30,0,0,1,1,1,1785528251
2026-07-31T20:08:45Z,142,6,1,17,0,0,1,1,1,1785528473
2026-07-31T20:08:45Z,143,14,1,16,1,0,1,1,1,1785528507
2026-07-31T20:08:45Z,144,2,0,25,0,0,1,1,1,1785527674
2026-07-31T20:08:45Z,146,16,2,6,1,0,1,1,1,1785528327
2026-07-31T20:08:45Z,147,4,0,12,3,0,1,1,1,1785528372
2026-07-31T20:08:45Z,148,1,0,23,3,0,1,1,1,1785528510
2026-07-31T20:08:45Z,149,2,0,25,0,0,1,1,1,1785528003
2026-07-31T20:08:45Z,150,9,0,23,3,0,1,1,1,1785528346
2026-07-31T20:08:45Z,151,5,1,18,0,0,1,1,1,1785528082
2026-07-31T20:08:45Z,152,3,0,20,3,0,1,1,1,1785528140
2026-07-31T20:08:45Z,153,5,1,21,2,0,1,1,1,1785528452
2026-07-31T20:08:45Z,154,15,0,5,3,0,1,1,1,1785528510
2026-07-31T20:08:45Z,155,1,0,12,1,0,1,1,1,1785528404
2026-07-31T20:08:45Z,156,9,1,10,0,0,1,1,1,1785528366
2026-07-31T20:08:45Z,157,2,0,23,2,0,1,1,1,1785528510
2026-07-31T20:08:45Z,158,2,0,13,1,0,1,1,1,1785527914
2026-07-31T20:08:45Z,159,4,2,14,1,0,1,1,1,1785528372
2026-07-31T20:08:45Z,160,4,0,15,0,0,1,1,1,1785528131
2026-07-31T20:08:45Z,161,2,0,20,0,0,1,1,1,1785528438
2026-07-31T20:08:45Z,162,17,6,7,3,0,1,1,1,1785528495
2026-07-31T20:08:45Z,163,3,2,27,0,1,1,1,1,1785528511
2026-07-31T20:08:45Z,164,13,0,14,0,0,1,1,1,1785528447
2026-07-31T20:08:45Z,165,19,2,11,1,0,1,1,1,1785528421
2026-07-31T20:08:45Z,166,2,1,33,4,0,1,1,1,1785528516
2026-07-31T20:08:45Z,167,1,1,21,1,0,1,1,1,1785527340
2026-07-31T20:08:45Z,168,6,4,19,2,0,1,1,1,1785528513
2026-07-31T20:08:45Z,169,15,0,7,0,1,1,1,1,1785528344
2026-07-31T20:08:45Z,170,5,1,13,1,0,1,1,1,1785528310
2026-07-31T20:08:45Z,171,8,0,3,2,0,1,1,1,1785528253
2026-07-31T20:08:45Z,173,14,1,25,0,0,1,1,1,1785528210
2026-07-31T20:08:45Z,174,6,1,20,0,0,1,1,1,1785528480
2026-07-31T20:08:45Z,175,30,2,0,1,0,1,1,1,1785528292
2026-07-31T20:08:45Z,176,13,1,0,2,0,1,1,1,1785528447
2026-07-31T20:08:45Z,177,7,1,20,0,0,1,1,1,1785528420
2026-07-31T20:08:45Z,178,11,0,1,2,1,1,1,1,1785528511
2026-07-31T20:08:45Z,179,7,3,6,2,0,1,1,1,1785528513
2026-07-31T20:08:45Z,180,4,0,26,0,0,1,1,1,1785527553
2026-07-31T20:08:45Z,181,1,1,14,0,0,1,1,1,1785528337
2026-07-31T20:08:45Z,182,5,1,12,0,0,1,1,1,1785528474
2026-07-31T20:08:45Z,183,1,1,21,1,0,1,1,1,1785527983
2026-07-31T20:08:45Z,184,19,1,2,2,0,1,1,1,1785528517
2026-07-31T20:08:45Z,185,8,4,5,1,1,1,1,1,1785528313
2026-07-31T20:08:45Z,186,4,1,15,0,0,1,1,1,1785528472
2026-07-31T20:08:45Z,187,7,1,20,1,0,1,1,1,1785528395
2026-07-31T20:08:45Z,188,5,3,14,8,0,1,1,1,1785528466
2026-07-31T20:08:45Z,189,2,2,13,0,0,1,1,1,1785527135
2026-07-31T20:08:45Z,190,9,1,14,0,0,1,1,1,1785528423
2026-07-31T20:08:45Z,191,24,10,14,1,0,1,1,1,1785528363
2026-07-31T20:08:45Z,192,3,2,26,2,0,1,1,1,1785528509
2026-07-31T20:08:45Z,193,2,1,12,1,0,1,1,1,1785528516
2026-07-31T20:08:45Z,194,7,7,20,0,0,1,1,1,1785527767
2026-07-31T20:08:45Z,195,1,1,18,0,0,1,1,1,1785526508
2026-07-31T20:08:45Z,196,8,6,18,1,0,1,1,1,1785528039
2026-07-31T20:08:45Z,197,2,1,16,0,1,1,1,1,1785528371
2026-07-31T20:08:45Z,198,11,10,11,1,0,1,1,1,1785527949
2026-07-31T20:08:45Z,199,7,2,7,1,0,1,1,1,1785528453
2026-07-31T20:08:45Z,200,20,16,5,1,0,1,1,1,1785528281
2026-07-31T20:08:45Z,201,2,1,20,1,0,1,1,1,1785528027
2026-07-31T20:08:45Z,202,10,0,17,0,0,1,1,1,1785528097
2026-07-31T20:08:45Z,203,14,0,16,1,0,1,1,1,1785528468
2026-07-31T20:08:45Z,204,25,2,9,1,0,1,1,1,1785528498
2026-07-31T20:08:45Z,205,12,0,15,0,0,1,1,1,1785528320
2026-07-31T20:08:45Z,206,0,0,15,0,0,1,1,1,1785527850
2026-07-31T20:08:45Z,207,17,2,4,0,0,1,1,1,1785528161
2026-07-31T20:08:45Z,208,3,1,25,1,0,1,1,1,1785527402
2026-07-31T20:08:45Z,209,20,2,10,1,0,1,1,1,1785528460
2026-07-31T20:08:45Z,210,2,1,24,1,0,1,1,1,1785528408
2026-07-31T20:08:45Z,211,3,0,19,1,0,1,1,1,1785528405
2026-07-31T20:08:45Z,212,8,1,26,1,0,1,1,1,1785528468
2026-07-31T20:08:45Z,213,13,3,9,1,0,1,1,1,1785528307
2026-07-31T20:08:45Z,214,11,6,34,2,0,1,1,1,1785528220
2026-07-31T20:08:45Z,215,1,1,21,1,0,1,1,1,1785528059
2026-07-31T20:08:45Z,216,3,0,15,1,0,1,1,1,1785528214
2026-07-31T20:08:45Z,217,18,0,10,1,0,1,1,1,1785528459
2026-07-31T20:08:45Z,218,8,6,26,5,0,1,1,1,1785528488
2026-07-31T20:08:45Z,219,23,0,2,1,0,1,1,1,1785528218
2026-07-31T20:08:45Z,220,12,5,29,1,1,1,1,1,1785528381
2026-07-31T20:08:45Z,221,0,0,14,1,0,1,1,1,1785527771
2026-07-31T20:08:45Z,222,3,2,16,0,0,1,1,1,1785528373
2026-07-31T20:08:45Z,223,14,2,18,3,0,1,1,1,1785528404
2026-07-31T20:08:45Z,224,0,0,21,1,0,1,1,1,1785528267
2026-07-31T20:08:45Z,225,7,1,9,3,0,1,1,1,1785528476
2026-07-31T20:08:45Z,226,2,1,28,1,0,1,1,1,1785527736
2026-07-31T20:08:45Z,227,1,1,25,1,0,1,1,1,1785528498
2026-07-31T20:08:45Z,228,8,6,11,0,0,1,1,1,1785527834
2026-07-31T20:08:45Z,230,2,0,24,0,0,1,1,1,1785528246
2026-07-31T20:08:45Z,232,2,0,14,1,0,1,1,1,1785527637
2026-07-31T20:08:45Z,233,9,5,20,2,0,1,1,1,1785528316
2026-07-31T20:08:45Z,234,9,3,4,4,2,1,1,1,1785528337
2026-07-31T20:08:45Z,236,0,0,19,0,0,1,1,1,1785527628
2026-07-31T20:08:45Z,237,8,0,14,1,0,1,1,1,1785528390
2026-07-31T20:08:45Z,239,12,5,12,3,0,1,1,1,1785528505
2026-07-31T20:08:45Z,241,1,1,21,1,0,1,1,1,1785528305
2026-07-31T20:08:45Z,242,1,1,20,2,0,1,1,1,1785528061
2026-07-31T20:08:45Z,243,15,13,14,2,0,1,1,1,1785528506
2026-07-31T20:08:45Z,244,5,4,20,2,0,1,1,1,1785528408
2026-07-31T20:08:45Z,245,7,3,16,0,0,1,1,1,1785528412
2026-07-31T20:08:45Z,246,10,3,13,0,0,1,1,1,1785528511
2026-07-31T20:08:45Z,247,4,3,17,2,0,1,1,1,1785528240
2026-07-31T20:08:45Z,248,13,5,7,3,0,1,1,1,1785528379
2026-07-31T20:08:45Z,249,16,15,2,1,0,1,1,1,1785528195
2026-07-31T20:08:45Z,250,8,2,17,2,0,1,1,1,1785528252
2026-07-31T20:08:45Z,251,20,9,3,4,0,1,1,1,1785528281
2026-07-31T20:08:45Z,253,4,1,15,0,0,1,1,1,1785528493
2026-07-31T20:08:45Z,254,2,0,40,1,0,1,1,1,1785528490
2026-07-31T20:08:45Z,255,14,0,8,0,1,1,1,1,1785528511
2026-07-31T20:08:45Z,256,2,2,19,2,0,1,1,1,1785528502
2026-07-31T20:08:45Z,257,1,0,17,1,0,1,1,1,1785527887
2026-07-31T20:08:45Z,258,11,10,8,0,0,1,1,1,1785528451
2026-07-31T20:08:45Z,259,15,0,7,0,1,1,1,1,1785528163
2026-07-31T20:08:45Z,260,2,1,15,2,0,1,1,1,1785528457
2026-07-31T20:08:45Z,261,1,0,16,1,1,1,1,1,1785528214
2026-07-31T20:08:45Z,262,9,3,13,1,0,1,1,1,1785528209
2026-07-31T20:08:45Z,263,1,1,14,0,0,1,1,1,1785527864
2026-07-31T20:08:45Z,264,4,2,15,0,0,1,1,1,1785528411
2026-07-31T20:08:45Z,265,1,0,14,0,0,1,1,1,1785528173
2026-07-31T20:08:45Z,266,0,0,18,1,0,1,1,1,1785528517
2026-07-31T20:08:45Z,267,8,4,6,1,0,1,1,1,1785526233
2026-07-31T20:08:45Z,268,15,5,8,0,0,1,1,1,1785527292
2026-07-31T20:08:45Z,269,1,1,22,0,0,1,1,1,1785528334
2026-07-31T20:08:45Z,270,7,3,19,1,0,1,1,1,1785528430
2026-07-31T20:08:45Z,271,3,0,14,2,0,1,1,1,1785528506
2026-07-31T20:08:45Z,272,6,2,17,0,0,1,1,1,1785528421
2026-07-31T20:08:45Z,273,3,0,12,0,0,1,1,1,1785528330
2026-07-31T20:08:45Z,274,5,2,12,2,0,1,1,1,1785527589
2026-07-31T20:08:45Z,275,11,0,12,0,0,1,1,1,1785528378
2026-07-31T20:08:45Z,276,5,1,22,0,0,1,1,1,1785528475
2026-07-31T20:08:45Z,277,15,10,4,4,0,1,1,1,1785528314
2026-07-31T20:08:45Z,278,15,9,12,4,0,1,1,1,1785528517
2026-07-31T20:08:45Z,279,10,0,9,0,0,1,1,1,1785528501
2026-07-31T20:08:45Z,280,1,0,26,4,0,1,1,1,1785528236
2026-07-31T20:08:45Z,281,2,2,17,0,0,1,1,1,1785528100
2026-07-31T20:08:45Z,282,7,2,11,0,0,1,1,1,1785527347
2026-07-31T20:08:45Z,283,18,0,16,1,0,1,1,1,1785527989
2026-07-31T20:08:45Z,284,0,0,32,3,0,1,1,1,1785527911
2026-07-31T20:08:45Z,285,4,1,19,0,0,1,1,1,1785528317
2026-07-31T20:08:45Z,286,6,4,17,0,0,1,1,1,1785528368
2026-07-31T20:08:45Z,287,13,2,8,2,0,1,1,1,1785527961
2026-07-31T20:08:45Z,288,4,1,14,1,0,1,1,1,1785528209
2026-07-31T20:08:45Z,289,12,7,14,1,0,1,1,1,1785528411
2026-07-31T20:08:45Z,290,5,1,33,1,0,1,1,1,1785528205
2026-07-31T20:08:45Z,291,12,1,10,1,0,1,1,1,1785528366
2026-07-31T20:08:45Z,292,14,0,9,0,0,1,1,1,1785528183
2026-07-31T20:08:45Z,293,6,6,17,0,0,1,1,1,1785528447
2026-07-31T20:08:45Z,294,8,5,13,1,0,1,1,1,1785528473
2026-07-31T20:08:45Z,297,6,2,11,1,1,1,1,1,1785528494
2026-07-31T20:08:45Z,301,12,0,7,0,0,1,1,1,1785527993
2026-07-31T20:08:45Z,302,13,1,10,0,0,1,1,1,1785528441
2026-07-31T20:08:45Z,303,5,0,14,0,0,1,1,1,1785528425
2026-07-31T20:08:45Z,304,0,0,0,0,0,0,1,1,86400
2026-07-31T20:08:45Z,305,5,1,13,1,0,1,1,1,1785528510
2026-07-31T20:08:45Z,306,1,0,31,0,0,1,1,1,1785528510
2026-07-31T20:08:45Z,307,6,2,16,1,0,1,1,1,1785527641
2026-07-31T20:08:45Z,308,2,0,15,2,0,1,1,1,1785528027
2026-07-31T20:08:45Z,309,0,0,12,2,0,1,1,1,1785527624
2026-07-31T20:08:45Z,311,3,0,12,0,0,1,1,1,1785527793
2026-07-31T20:08:45Z,312,10,8,10,2,1,1,1,1,1785528319
2026-07-31T20:08:45Z,313,5,0,10,0,0,1,1,1,1785526554
2026-07-31T20:08:45Z,314,7,3,10,2,0,1,1,1,1785528289
2026-07-31T20:08:45Z,315,12,4,17,2,0,1,1,1,1785527992
2026-07-31T20:08:45Z,316,3,1,21,6,1,1,1,1,1785528471
2026-07-31T20:08:45Z,317,8,5,22,0,1,1,1,1,1785528492
2026-07-31T20:08:45Z,318,15,0,4,0,0,1,1,1,1785528267
2026-07-31T20:08:45Z,319,17,0,4,2,0,1,1,1,1785528495
2026-07-31T20:08:45Z,320,10,0,8,1,0,1,1,1,1785528111
2026-07-31T20:08:45Z,321,3,0,12,4,0,1,1,1,1785528424
2026-07-31T20:08:45Z,322,13,0,16,0,0,1,1,1,1785528486
2026-07-31T20:08:45Z,323,8,0,11,0,0,1,1,1,1785528033
2026-07-31T20:08:45Z,324,14,0,12,1,0,1,1,1,1785528514
2026-07-31T20:08:45Z,325,1,1,24,2,0,1,1,1,1785527609
2026-07-31T20:08:45Z,327,10,1,15,2,0,1,1,1,1785527845
2026-07-31T20:08:45Z,328,9,0,12,1,0,1,1,1,1785528434
2026-07-31T20:08:45Z,329,1,0,15,3,0,1,1,1,1785528459
2026-07-31T20:08:45Z,330,18,0,4,0,0,1,1,1,1785528336
2026-07-31T20:08:45Z,331,14,0,7,2,0,1,1,1,1785528486
2026-07-31T20:08:45Z,332,2,2,15,2,0,1,1,1,1785528255
2026-07-31T20:08:45Z,333,2,2,20,1,0,1,1,1,1785528452
2026-07-31T20:08:45Z,334,6,1,17,0,0,1,1,1,1785528512
2026-07-31T20:08:45Z,335,1,1,21,0,1,1,1,1,1785526846
2026-07-31T20:08:45Z,336,3,1,16,0,0,1,1,1,1785528226
2026-07-31T20:08:45Z,337,9,0,10,4,0,1,1,1,1785528496
2026-07-31T20:08:45Z,338,6,4,13,0,0,1,1,1,1785528082
2026-07-31T20:08:45Z,339,16,12,3,4,0,1,1,1,1785528219
2026-07-31T20:08:45Z,340,0,0,14,1,0,1,1,1,1785526744
2026-07-31T20:08:45Z,341,2,2,17,0,0,1,1,1,1785527722
2026-07-31T20:08:45Z,342,2,0,13,0,0,1,1,1,1785527722
2026-07-31T20:08:45Z,343,14,3,8,1,0,1,1,1,1785528399
2026-07-31T20:08:45Z,344,0,0,23,0,0,1,1,1,1785528470
2026-07-31T20:08:45Z,345,8,1,11,0,0,1,1,1,1785528509
2026-07-31T20:08:45Z,346,4,2,19,0,0,1,1,1,1785526764
2026-07-31T20:08:45Z,347,37,4,6,1,0,1,1,1,1785528455
2026-07-31T20:08:45Z,348,12,0,10,0,1,1,1,1,1785528431
2026-07-31T20:08:45Z,349,15,3,4,0,0,1,1,1,1785526060
2026-07-31T20:08:45Z,350,1,0,24,1,1,1,1,1,1785528495
2026-07-31T20:08:45Z,351,1,0,20,2,0,1,1,1,1785528424
2026-07-31T20:08:45Z,355,1,0,22,0,0,1,1,1,1785528224
2026-07-31T20:08:45Z,356,3,1,16,0,0,1,1,1,1785528399
2026-07-31T20:08:45Z,357,3,2,15,1,0,1,1,1,1785528497
2026-07-31T20:08:45Z,358,12,2,14,1,0,1,1,1,1785528496
2026-07-31T20:08:45Z,359,13,1,14,0,0,1,1,1,1785527751
2026-07-31T20:08:45Z,360,5,3,13,1,0,1,1,1,1785528197
2026-07-31T20:08:45Z,362,4,2,13,2,0,1,1,1,1785528198
2026-07-31T20:08:45Z,363,17,3,10,0,0,1,1,1,1785528335
2026-07-31T20:08:45Z,364,1,1,18,0,0,1,1,1,1785527104
2026-07-31T20:08:45Z,365,0,0,20,3,0,1,1,1,1785527508
2026-07-31T20:08:45Z,366,5,4,17,1,0,1,1,1,1785528362
2026-07-31T20:08:45Z,367,1,1,16,2,0,1,1,1,1785528487
2026-07-31T20:08:45Z,368,0,0,22,1,0,1,1,1,1785528054
2026-07-31T20:08:45Z,370,3,1,24,0,0,1,1,1,1785528448
2026-07-31T20:08:45Z,371,2,2,16,1,0,1,1,1,1785527489
2026-07-31T20:08:45Z,372,15,0,0,0,0,1,1,1,1785527839
2026-07-31T20:08:45Z,373,1,0,26,0,0,1,1,1,1785528275
2026-07-31T20:08:45Z,374,2,0,16,1,0,1,1,1,1785528299
2026-07-31T20:08:45Z,375,15,3,10,2,0,1,1,1,1785528497
2026-07-31T20:08:45Z,376,18,0,19,2,0,1,1,1,1785528491
2026-07-31T20:08:45Z,377,1,0,26,0,0,1,1,1,1785528446
2026-07-31T20:08:45Z,378,3,3,20,0,1,1,1,1,1785528379
2026-07-31T20:08:45Z,379,11,0,14,2,0,1,1,1,1785528497
2026-07-31T20:08:45Z,380,0,0,23,0,0,1,1,1,1785528513
2026-07-31T20:08:45Z,381,9,0,14,0,0,1,1,1,1785528212
2026-07-31T20:08:45Z,383,3,0,9,3,0,1,1,1,1785527668
2026-07-31T20:08:45Z,384,5,1,19,3,0,1,1,1,1785528432
2026-07-31T20:08:45Z,385,3,2,14,1,0,1,1,1,1785528387
2026-07-31T20:08:45Z,387,8,2,15,0,0,1,1,1,1785528434
2026-07-31T20:08:45Z,388,36,2,10,3,0,1,1,1,1785528428
2026-07-31T20:08:45Z,389,6,3,8,1,0,1,1,1,1785528140
2026-07-31T20:08:45Z,390,8,1,27,0,0,1,1,1,1785528448
2026-07-31T20:08:45Z,391,2,1,13,0,0,1,1,1,1785527615
2026-07-31T20:08:45Z,392,0,0,18,1,0,1,1,1,1785528360
2026-07-31T20:08:45Z,393,1,1,7,3,0,1,1,1,1785528279
2026-07-31T20:08:45Z,394,8,0,2,3,0,1,1,1,1785528352
2026-07-31T20:08:45Z,396,17,4,23,2,0,1,1,1,1785528247
2026-07-31T20:08:45Z,397,21,9,10,0,0,1,1,1,1785528480
2026-07-31T20:08:45Z,399,2,0,12,3,0,1,1,1,1785528352
2026-07-31T20:08:45Z,400,13,8,8,2,0,1,1,1,1785527462
2026-07-31T20:08:45Z,401,2,1,29,8,0,1,1,1,1785528389
2026-07-31T20:08:45Z,403,22,3,6,3,0,1,1,1,1785528497
2026-07-31T20:08:45Z,404,6,2,16,1,0,1,1,1,1785528131
2026-07-31T20:08:45Z,406,11,4,24,0,0,1,1,1,1785528463
2026-07-31T20:08:45Z,407,4,0,29,1,0,1,1,1,1785527834
2026-07-31T20:08:45Z,408,8,1,22,3,0,1,1,1,1785528348
2026-07-31T20:08:45Z,409,17,1,4,2,0,1,1,1,1785528323
2026-07-31T20:08:45Z,413,8,1,13,2,0,1,1,1,1785528418
2026-07-31T20:08:45Z,414,7,0,8,0,0,1,1,1,1785528471
2026-07-31T20:08:45Z,417,3,3,16,0,0,1,1,1,1785528299
2026-07-31T20:08:45Z,418,3,1,12,0,0,1,1,1,1785527986
2026-07-31T20:08:45Z,419,13,2,10,0,0,1,1,1,1785527989
2026-07-31T20:08:45Z,421,0,0,19,0,0,1,1,1,1785528448
2026-07-31T20:08:45Z,422,16,3,11,0,0,1,1,1,1785528422
2026-07-31T20:08:45Z,423,1,0,21,1,0,1,1,1,1785526476
2026-07-31T20:08:45Z,424,5,2,6,3,1,1,1,1,1785528368
2026-07-31T20:08:45Z,425,4,3,16,1,1,1,1,1,1785528247
2026-07-31T20:08:45Z,426,18,1,16,3,0,1,1,1,1785528171
2026-07-31T20:08:45Z,427,7,0,4,4,0,1,1,1,1785528472
2026-07-31T20:08:45Z,428,14,1,5,0,0,1,1,1,1785528173
2026-07-31T20:08:45Z,429,8,6,13,2,0,1,1,1,1785528385
2026-07-31T20:08:45Z,430,5,1,25,1,0,1,1,1,1785528055
2026-07-31T20:08:45Z,431,2,1,30,1,0,1,1,1,1785528362
2026-07-31T20:08:45Z,432,0,0,30,1,0,0,1,1,1785508564
2026-07-31T20:08:45Z,433,5,2,15,3,0,1,1,1,1785527665
2026-07-31T20:08:45Z,437,0,0,17,2,0,1,1,1,1785528390
2026-07-31T20:08:45Z,438,17,2,1,1,0,1,1,1,1785528301
2026-07-31T20:08:45Z,439,4,4,10,1,0,1,1,1,1785528510
2026-07-31T20:08:45Z,440,15,5,0,0,0,1,1,1,1785527567
2026-07-31T20:08:45Z,441,8,4,5,2,0,1,1,1,1785528296
2026-07-31T20:08:45Z,442,6,5,12,1,0,1,1,1,1785528436
2026-07-31T20:08:45Z,443,5,2,22,0,0,1,1,1,1785512432
2026-07-31T20:08:45Z,444,6,2,17,0,0,1,1,1,1785527602
2026-07-31T20:08:45Z,445,6,2,16,1,0,1,1,1,1785528229
2026-07-31T20:08:45Z,446,1,0,21,1,0,1,1,1,1785519783
2026-07-31T20:08:45Z,447,3,0,18,1,1,1,1,1,1785496389
2026-07-31T20:08:45Z,448,7,1,7,1,0,1,1,1,1785523571
2026-07-31T20:08:45Z,452,2,0,16,1,0,1,1,1,1785528095
2026-07-31T20:08:45Z,453,8,3,4,3,0,1,1,1,1785528507
2026-07-31T20:08:45Z,454,14,0,5,0,0,1,1,1,1785528403
2026-07-31T20:08:45Z,455,2,1,37,0,0,1,1,1,1785527913
2026-07-31T20:08:45Z,456,18,3,1,1,0,1,1,1,1785528462
2026-07-31T20:08:45Z,457,21,2,1,5,0,1,1,1,1785528236
2026-07-31T20:08:45Z,458,4,0,18,1,0,1,1,1,1785527360
2026-07-31T20:08:45Z,459,8,1,7,0,0,1,1,1,1785528257
2026-07-31T20:08:45Z,460,13,1,10,0,0,1,1,1,1785528515
2026-07-31T20:08:45Z,461,14,1,5,0,0,1,1,1,1785527981
2026-07-31T20:08:45Z,462,19,2,2,0,0,1,1,1,1785528393
2026-07-31T20:08:45Z,463,9,1,10,0,0,1,1,1,1785526740
2026-07-31T20:08:45Z,464,0,0,14,0,0,1,1,1,1785528198
2026-07-31T20:08:45Z,465,4,4,11,0,0,1,1,1,1785527918
2026-07-31T20:08:45Z,466,5,1,5,5,0,1,1,1,1785528448
2026-07-31T20:08:45Z,467,6,1,13,0,0,1,1,1,1785528035
2026-07-31T20:08:45Z,468,0,0,18,1,0,1,1,1,1785527178
2026-07-31T20:08:45Z,469,20,1,3,1,0,1,1,1,1785528508
2026-07-31T20:08:45Z,470,0,0,13,2,0,1,1,1,1785528238
2026-07-31T20:08:45Z,471,26,2,1,0,0,1,1,1,1785528267
2026-07-31T20:08:45Z,472,5,1,12,2,0,1,1,1,1785528333
2026-07-31T20:08:45Z,473,6,0,13,0,0,1,1,1,1785528344
2026-07-31T20:08:45Z,474,8,0,11,0,0,1,1,1,1785528359
2026-07-31T20:08:45Z,475,5,4,13,1,0,1,1,1,1785527727
2026-07-31T20:08:45Z,477,8,0,7,0,0,1,1,1,1785527382
2026-07-31T20:08:45Z,478,17,1,13,1,0,1,1,1,1785528490
2026-07-31T20:08:45Z,479,7,0,18,2,0,1,1,1,1785527905
2026-07-31T20:08:45Z,480,4,0,9,2,0,1,1,1,1785527228
2026-07-31T20:08:45Z,481,13,1,21,1,0,1,1,1,1785528372
2026-07-31T20:08:45Z,482,5,5,13,1,0,1,1,1,1785528299
2026-07-31T20:08:45Z,483,5,0,20,2,0,1,1,1,1785528379
2026-07-31T20:08:45Z,484,4,2,14,1,0,1,1,1,1785528445
2026-07-31T20:08:45Z,485,8,1,10,0,1,1,1,1,1785528323
2026-07-31T20:08:45Z,486,0,0,24,3,0,1,1,1,1785528240
2026-07-31T20:08:45Z,487,8,5,9,2,0,1,1,1,1785528420
2026-07-31T20:08:45Z,489,2,2,13,0,0,1,1,1,1785528211
2026-07-31T20:08:45Z,490,9,1,6,1,0,1,1,1,1785528089
2026-07-31T20:08:45Z,491,9,3,12,0,0,1,1,1,1785527290
2026-07-31T20:08:45Z,492,4,3,4,3,0,1,1,1,1785528516
2026-07-31T20:08:45Z,493,19,0,8,0,0,1,1,1,1785527984
2026-07-31T20:08:45Z,495,5,0,7,3,0,1,1,1,1785528026
2026-07-31T20:08:45Z,496,4,0,23,0,0,1,1,1,1785527862
2026-07-31T20:08:45Z,497,7,2,10,2,0,1,1,1,1785527882
2026-07-31T20:08:45Z,498,2,1,21,0,0,1,1,1,1785528423
2026-07-31T20:08:45Z,499,2,0,15,2,0,1,1,1,1785528261
2026-07-31T20:08:45Z,500,0,0,11,4,0,1,1,1,1785525419
2026-07-31T20:08:45Z,501,18,5,3,0,0,1,1,1,1785528197
2026-07-31T20:08:45Z,502,12,2,6,1,0,1,1,1,1785528390
2026-07-31T20:08:45Z,503,2,0,28,1,0,1,1,1,1785528506
2026-07-31T20:08:45Z,504,4,1,35,0,0,1,1,1,1785528175
2026-07-31T20:08:45Z,505,1,0,10,1,0,1,1,1,1785528297
2026-07-31T20:08:45Z,511,2,2,21,0,0,1,1,1,1785528391
2026-07-31T20:08:45Z,512,7,0,20,0,0,1,1,1,1785528166
2026-07-31T20:08:45Z,514,2,1,8,1,0,1,1,1,1785528370
2026-07-31T20:08:45Z,515,1,1,18,0,0,1,1,1,1785527371
2026-07-31T20:08:45Z,516,16,1,11,0,0,1,1,1,1785528480
2026-07-31T20:08:45Z,517,15,2,8,0,0,1,1,1,1785527833
2026-07-31T20:08:45Z,518,7,0,7,1,0,1,1,1,1785526879
2026-07-31T20:08:45Z,519,3,1,14,2,0,1,1,1,1785528020
2026-07-31T20:08:45Z,520,17,9,4,5,1,1,1,1,1785528512
2026-07-31T20:08:45Z,521,3,2,20,0,0,1,1,1,1785528468
2026-07-31T20:08:45Z,522,3,1,18,2,0,1,1,1,1785528100
2026-07-31T20:08:45Z,523,9,4,13,1,0,1,1,1,1785528101
2026-07-31T20:08:45Z,524,1,0,21,1,0,1,1,1,1785528294
2026-07-31T20:08:45Z,525,9,0,10,0,0,1,1,1,1785528303
2026-07-31T20:08:45Z,526,4,1,11,0,0,1,1,1,1785528088
2026-07-31T20:08:45Z,527,13,8,12,1,0,1,1,1,1785528384
2026-07-31T20:08:45Z,528,11,0,9,3,0,1,1,1,1785528258
2026-07-31T20:08:45Z,529,6,4,6,7,0,1,1,1,1785528517
2026-07-31T20:08:45Z,530,10,0,9,2,0,1,1,1,1785528514
2026-07-31T20:08:45Z,531,2,2,20,0,1,1,1,1,1785528185
2026-07-31T20:08:45Z,532,24,12,6,1,0,1,1,1,1785528157
2026-07-31T20:08:45Z,533,10,0,8,1,0,1,1,1,1785528065
2026-07-31T20:08:45Z,534,0,0,23,0,0,1,1,1,1785525411
2026-07-31T20:08:45Z,535,14,4,1,0,0,1,1,1,1785528516
2026-07-31T20:08:45Z,536,16,0,7,0,0,1,1,1,1785528509
2026-07-31T20:08:45Z,537,9,1,11,0,0,1,1,1,1785528440
2026-07-31T20:08:45Z,538,4,0,17,0,2,1,1,1,1785528420
2026-07-31T20:08:45Z,539,10,3,20,1,0,1,1,1,1785528405
2026-07-31T20:08:45Z,540,4,4,15,0,0,1,1,1,1785528037
2026-07-31T20:08:45Z,541,2,1,25,0,0,1,1,1,1785528140
2026-07-31T20:08:45Z,542,4,1,18,1,0,1,1,1,1785528484
2026-07-31T20:08:45Z,543,0,0,19,0,0,1,1,1,1785528303
2026-07-31T20:08:45Z,544,4,1,14,4,0,1,1,1,1785528444
2026-07-31T20:08:45Z,545,12,1,3,4,0,1,1,1,1785528507
2026-07-31T20:08:45Z,546,6,4,13,0,0,1,1,1,1785528470
2026-07-31T20:08:45Z,547,1,0,24,0,0,1,1,1,1785528368
2026-07-31T20:08:45Z,548,8,1,15,0,0,1,1,1,1785528461
2026-07-31T20:08:45Z,549,16,0,5,2,0,1,1,1,1785528319
2026-07-31T20:08:45Z,550,7,6,12,0,0,1,1,1,1785528368
2026-07-31T20:08:45Z,551,2,1,20,1,0,1,1,1,1785528375
2026-07-31T20:08:45Z,552,1,1,26,0,0,1,1,1,1785527983
2026-07-31T20:08:45Z,553,2,1,20,1,0,1,1,1,1785528358
2026-07-31T20:08:45Z,554,5,0,14,0,0,1,1,1,1785528354
2026-07-31T20:08:45Z,555,8,1,6,1,0,1,1,1,1785528509
2026-07-31T20:08:45Z,556,14,0,6,3,0,1,1,1,1785528515
2026-07-31T20:08:45Z,557,0,0,21,2,0,1,1,1,1785528124
2026-07-31T20:08:45Z,558,30,11,7,0,0,1,1,1,1785528403
2026-07-31T20:08:45Z,559,17,1,1,1,0,1,1,1,1785528339
2026-07-31T20:08:45Z,560,13,0,14,0,0,1,1,1,1785528374
2026-07-31T20:08:45Z,561,8,3,12,3,0,1,1,1,1785528281
2026-07-31T20:08:45Z,562,11,0,18,6,0,1,1,1,1785527654
2026-07-31T20:08:45Z,563,0,0,14,0,0,1,1,1,1785528457
2026-07-31T20:08:45Z,564,2,1,16,1,0,1,1,1,1785528459
2026-07-31T20:08:45Z,565,2,1,17,0,0,1,1,1,1785528360
2026-07-31T20:08:45Z,566,5,0,13,1,0,1,1,1,1785528377
2026-07-31T20:08:45Z,567,1,1,25,1,0,1,1,1,1785528327
2026-07-31T20:08:45Z,568,13,0,5,1,0,1,1,1,1785528315
2026-07-31T20:08:45Z,569,2,1,15,2,0,1,1,1,1785527786
2026-07-31T20:08:45Z,570,1,0,16,2,0,1,1,1,1785528456
2026-07-31T20:08:45Z,571,6,2,17,0,0,1,1,1,1785528446
2026-07-31T20:08:45Z,572,0,0,18,1,0,1,1,1,1785527105
2026-07-31T20:08:45Z,573,6,0,8,1,0,1,1,1,1785528460
2026-07-31T20:08:45Z,574,5,1,10,0,0,1,1,1,1785528199
2026-07-31T20:08:45Z,575,1,0,19,1,0,1,1,1,1785528476
2026-07-31T20:08:45Z,576,3,1,16,0,0,1,1,1,1785528327
2026-07-31T20:08:45Z,577,18,1,13,0,0,1,1,1,1785528062
2026-07-31T20:08:45Z,578,0,0,22,1,0,1,1,1,1785528425
2026-07-31T20:08:45Z,579,23,0,20,0,0,1,1,1,1785528130
2026-07-31T20:08:45Z,580,4,2,25,0,0,1,1,1,1785527766
2026-07-31T20:08:45Z,581,3,0,15,1,0,1,1,1,1785528513
2026-07-31T20:08:45Z,582,24,1,34,3,0,1,1,1,1785528500
2026-07-31T20:08:45Z,583,4,0,19,0,0,1,1,1,1785528509
2026-07-31T20:08:45Z,584,8,1,7,4,0,1,1,1,1785528000
2026-07-31T20:08:45Z,585,12,1,14,0,1,1,1,1,1785528186
2026-07-31T20:08:45Z,586,31,1,2,2,0,1,1,1,1785528460
2026-07-31T20:08:45Z,587,8,0,15,1,0,1,1,1,1785528398
2026-07-31T20:08:45Z,588,12,3,4,2,1,1,1,1,1785528362
2026-07-31T20:08:45Z,589,1,0,21,0,0,1,1,1,1785528229
2026-07-31T20:08:45Z,590,4,1,27,0,0,1,1,1,1785528360
2026-07-31T20:08:45Z,591,6,0,22,2,0,1,1,1,1785528443
2026-07-31T20:08:45Z,592,1,0,22,0,0,1,1,1,1785527935
2026-07-31T20:08:45Z,593,20,0,18,0,0,1,1,1,1785528283
2026-07-31T20:08:45Z,594,6,0,13,2,0,1,1,1,1785528323
2026-07-31T20:08:45Z,595,0,0,3,0,0,0,1,1,1784046673
2026-07-31T20:08:45Z,605,0,0,2,1,0,0,1,1,1783975843
2026-07-31T20:08:45Z,606,0,0,0,0,0,0,1,1,86400
2026-07-31T20:08:45Z,607,16,1,16,0,0,1,1,1,1785528348
2026-07-31T20:08:45Z,608,37,1,12,1,0,1,1,1,1785528364
2026-07-31T20:08:45Z,609,11,10,12,0,0,1,1,1,1785528458
2026-07-31T20:08:45Z,610,16,1,18,1,0,1,1,1,1785528134
2026-07-31T20:08:45Z,611,18,4,8,1,0,1,1,1,1785528406
2026-07-31T20:08:45Z,612,7,1,8,0,0,1,1,1,1785522916
2026-07-31T20:08:45Z,613,11,4,1,3,0,1,1,1,1785528243
2026-07-31T20:08:45Z,614,8,7,16,2,1,1,1,1,1785528141
2026-07-31T20:08:45Z,617,3,0,10,2,0,1,1,1,1785527015
2026-07-31T20:08:45Z,618,11,0,3,5,0,1,1,1,1785527505
2026-07-31T20:08:45Z,619,5,3,14,0,0,1,1,1,1785528348
2026-07-31T20:08:45Z,620,11,0,15,1,0,1,1,1,1785528511
2026-07-31T20:08:45Z,621,3,0,19,1,0,1,1,1,1785528507
2026-07-31T20:08:45Z,622,15,2,7,1,0,1,1,1,1785528504
2026-07-31T20:08:45Z,623,27,11,2,1,0,1,1,1,1785528489
2026-07-31T20:08:45Z,624,1,0,14,0,0,1,1,1,1785528431
2026-07-31T20:08:45Z,625,16,2,0,5,0,1,1,1,1785528481
2026-07-31T20:08:45Z,626,35,1,10,0,2,1,1,1,1785528443
2026-07-31T20:08:45Z,627,13,3,6,0,0,1,1,1,1785528343
2026-07-31T20:08:45Z,628,7,7,11,0,1,1,1,1,1785528478
2026-07-31T20:08:45Z,629,2,1,7,2,0,1,1,1,1785528466
2026-07-31T20:08:45Z,630,2,0,22,3,0,1,1,1,1785528244
2026-07-31T20:08:45Z,631,10,8,13,0,0,1,1,1,1785528479
2026-07-31T20:08:45Z,632,20,1,1,2,0,1,1,1,1785527406
2026-07-31T20:08:45Z,633,12,3,0,3,0,1,1,1,1785526124
2026-07-31T20:08:45Z,634,11,2,8,0,0,1,1,1,1785527120
2026-07-31T20:08:45Z,635,16,0,2,1,0,1,1,1,1785528403
2026-07-31T20:08:45Z,636,7,2,8,0,0,1,1,1,1785526430
2026-07-31T20:08:45Z,637,8,2,9,2,0,1,1,1,1785527161
2026-07-31T20:08:45Z,638,4,1,13,2,0,1,1,1,1785527879
2026-07-31T20:08:45Z,639,7,1,10,2,0,1,1,1,1785501255
2026-07-31T20:08:45Z,640,12,8,10,1,0,1,1,1,1785528317
2026-07-31T20:08:45Z,641,6,0,21,0,0,1,1,1,1785528472
2026-07-31T20:08:45Z,642,9,3,2,8,0,1,1,1,1785528517
2026-07-31T20:08:45Z,643,10,0,9,8,0,1,1,1,1785528516
2026-07-31T20:08:45Z,644,12,1,2,1,0,1,1,1,1785528211
2026-07-31T20:08:45Z,645,12,1,9,1,1,1,1,1,1785525372
2026-07-31T20:08:45Z,646,3,0,15,1,0,1,1,1,1785527342
2026-07-31T20:08:45Z,647,7,0,24,0,0,1,1,1,1785528486
2026-07-31T20:08:45Z,648,3,0,15,1,0,1,1,1,1785528355
2026-07-31T20:08:45Z,649,7,7,24,0,0,1,1,1,1785528469
2026-07-31T20:08:45Z,650,5,1,9,0,0,1,1,1,1785528260
2026-07-31T20:08:45Z,651,1,0,22,0,0,1,1,1,1785527924
2026-07-31T20:08:45Z,652,1,0,19,3,0,1,1,1,1785528332
2026-07-31T20:08:45Z,653,2,0,16,1,0,1,1,1,1785527752
2026-07-31T20:08:45Z,654,3,0,12,0,0,1,1,1,1785527773
2026-07-31T20:08:45Z,655,8,4,0,4,1,1,1,1,1785528449
2026-07-31T20:08:45Z,656,5,2,14,0,0,1,1,1,1785528220
2026-07-31T20:08:45Z,657,9,3,4,2,2,1,1,1,1785528348
2026-07-31T20:08:45Z,658,7,1,3,0,0,1,1,1,1785526893
2026-07-31T20:08:45Z,659,7,4,6,2,0,1,1,1,1785526201
2026-07-31T20:08:45Z,660,25,6,2,4,0,1,1,1,1785528467
2026-07-31T20:08:45Z,661,18,4,1,0,0,1,1,1,1785528431
2026-07-31T20:08:45Z,662,6,3,14,3,0,1,1,1,1785526394
2026-07-31T20:08:45Z,663,1,0,14,0,0,1,1,1,1785528506
2026-07-31T20:08:45Z,664,20,1,7,0,0,1,1,1,1785527819
2026-07-31T20:08:45Z,665,11,4,4,0,0,1,1,1,1785525553
2026-07-31T20:08:45Z,666,4,2,8,3,0,1,1,1,1785526234
2026-07-31T20:08:45Z,667,12,3,6,1,0,1,1,1,1785528451
2026-07-31T20:08:45Z,668,3,1,16,0,0,1,1,1,1785528513
2026-07-31T20:08:45Z,669,9,3,3,2,0,1,1,1,1785528219
2026-07-31T20:08:45Z,670,22,1,2,3,0,1,1,1,1785528069
2026-07-31T20:08:45Z,671,20,6,7,0,0,1,1,1,1785528332
2026-07-31T20:08:45Z,672,4,0,15,3,1,1,1,1,1785527449
2026-07-31T20:08:45Z,673,10,0,13,0,0,1,1,1,1785528477
2026-07-31T20:08:45Z,674,9,1,12,2,0,1,1,1,1785528494
2026-07-31T20:08:45Z,675,3,1,10,2,0,1,1,1,1785528049
2026-07-31T20:08:45Z,676,4,0,17,1,0,1,1,1,1785528268
2026-07-31T20:08:45Z,681,8,5,5,1,1,1,1,1,1785528123
2026-07-31T20:08:45Z,682,5,1,14,0,0,1,1,1,1785522108
2026-07-31T20:08:45Z,683,1,1,18,0,0,1,1,1,1785527602
2026-07-31T20:08:45Z,684,3,1,24,0,0,1,1,1,1785518528
2026-07-31T20:08:45Z,685,6,0,19,1,1,1,1,1,1785525624
2026-07-31T20:08:45Z,686,9,0,15,3,0,1,1,1,1785528305
2026-07-31T20:08:45Z,687,13,1,16,1,1,1,1,1,1785528333
2026-07-31T20:08:45Z,688,11,0,1,7,0,1,1,1,1785510286
2026-07-31T20:08:45Z,692,5,2,16,0,0,1,1,1,1785527722
2026-07-31T20:08:45Z,693,6,0,2,3,0,1,1,1,1785527011
2026-07-31T20:08:45Z,694,12,6,9,0,0,1,1,1,1785527900
2026-07-31T20:08:45Z,695,6,6,17,0,0,1,1,1,1785527412
2026-07-31T20:08:45Z,696,10,5,13,0,0,1,1,1,1785527561
2026-07-31T20:08:45Z,697,14,2,9,0,0,1,1,1,1785528389
2026-07-31T20:08:45Z,698,13,2,14,0,0,1,1,1,1785528458
2026-07-31T20:08:45Z,699,6,0,8,1,0,1,1,1,1785528473
2026-07-31T20:08:45Z,700,16,1,2,1,0,1,1,1,1785528500
2026-07-31T20:08:45Z,701,13,5,6,0,0,1,1,1,1785528177
2026-07-31T20:08:45Z,702,6,1,16,1,0,1,1,1,1785528033
2026-07-31T20:08:45Z,704,0,0,15,0,0,1,1,1,1785528385
2026-07-31T20:08:45Z,705,2,1,13,0,0,1,1,1,1785527628
2026-07-31T20:08:45Z,706,4,2,9,2,0,1,1,1,1785528465
2026-07-31T20:08:45Z,707,11,1,4,0,0,1,1,1,1785527511
2026-07-31T20:08:45Z,708,4,0,14,1,0,1,1,1,1785528463
2026-07-31T20:08:45Z,709,5,1,7,3,0,1,1,1,1785527569
2026-07-31T20:08:45Z,710,1,1,18,0,0,1,1,1,1785527298
2026-07-31T20:08:45Z,711,3,0,17,3,0,1,1,1,1785527225
2026-07-31T20:08:45Z,712,9,8,6,0,0,1,1,1,1785528442
2026-07-31T20:08:45Z,713,3,1,20,0,0,1,1,1,1785528099
2026-07-31T20:08:45Z,716,4,3,11,0,0,1,1,1,1785527966
2026-07-31T20:08:45Z,717,5,2,18,2,0,1,1,1,1785527579
2026-07-31T20:08:45Z,718,8,1,5,2,0,1,1,1,1785528423
2026-07-31T20:08:45Z,719,7,1,22,0,0,1,1,1,1785528415
2026-07-31T20:08:45Z,720,0,0,19,0,0,1,1,1,1785527558
2026-07-31T20:08:45Z,721,9,0,11,3,0,1,1,1,1785528445
2026-07-31T20:08:45Z,722,6,0,9,0,0,1,1,1,1785527332
2026-07-31T20:08:45Z,723,13,2,10,0,0,1,1,1,1785528348
2026-07-31T20:08:45Z,724,8,1,15,0,0,1,1,1,1785528400
2026-07-31T20:08:45Z,725,2,1,21,0,0,1,1,1,1785528172
2026-07-31T20:08:45Z,726,1,0,16,2,0,1,1,1,1785528310
2026-07-31T20:08:45Z,727,10,5,12,1,0,1,1,1,1785528398
2026-07-31T20:08:45Z,728,10,1,4,1,0,1,1,1,1785527864
2026-07-31T20:08:45Z,729,6,0,13,0,0,1,1,1,1785528104
2026-07-31T20:08:45Z,730,1,1,11,3,0,1,1,1,1785528463
2026-07-31T20:08:45Z,731,10,3,3,2,0,1,1,1,1785528038
2026-07-31T20:08:45Z,732,3,2,12,0,0,1,1,1,1785528277
2026-07-31T20:08:45Z,733,8,0,19,0,0,1,1,1,1785528465
2026-07-31T20:08:45Z,734,6,3,8,0,0,1,1,1,1785528516
2026-07-31T20:08:45Z,735,14,8,13,0,0,1,1,1,1785528499
2026-07-31T20:08:45Z,736,13,2,6,0,0,1,1,1,1785528460
2026-07-31T20:08:45Z,737,3,1,11,0,1,1,1,1,1785528314
2026-07-31T20:08:45Z,738,16,7,3,0,0,1,1,1,1785528126
2026-07-31T20:08:45Z,739,17,0,9,1,0,1,1,1,1785527985
2026-07-31T20:08:45Z,741,9,0,14,0,0,1,1,1,1785527928
2026-07-31T20:08:45Z,742,18,5,16,1,0,1,1,1,1785528429
2026-07-31T20:08:45Z,743,7,4,12,0,0,1,1,1,1785527805
2026-07-31T20:08:45Z,744,10,2,5,0,0,1,1,1,1785527773
2026-07-31T20:08:45Z,745,12,4,7,0,0,1,1,1,1785528321
2026-07-31T20:08:45Z,746,1,0,21,1,0,1,1,1,1785528107
2026-07-31T20:08:45Z,747,0,0,4,0,0,0,1,1,1783446606
2026-07-31T20:08:45Z,748,9,1,14,0,0,1,1,1,1785527356
2026-07-31T20:08:45Z,749,0,0,22,1,0,1,1,1,1785528095
2026-07-31T20:08:45Z,750,0,0,11,0,0,1,1,1,1785527467
2026-07-31T20:08:45Z,751,17,15,5,1,0,1,1,1,1785528512
2026-07-31T20:08:45Z,752,8,0,8,1,0,1,1,1,1785527734
2026-07-31T20:08:45Z,753,3,0,12,0,0,1,1,1,1785528508
2026-07-31T20:08:45Z,754,8,3,7,0,0,1,1,1,1785527079
2026-07-31T20:08:45Z,755,7,1,15,1,0,1,1,1,1785528230
2026-07-31T20:08:45Z,756,18,18,18,1,0,1,1,1,1785528420
2026-07-31T20:08:45Z,757,3,3,16,0,0,1,1,1,1785527825
2026-07-31T20:08:45Z,758,1,0,22,0,0,1,1,1,1785528346
2026-07-31T20:08:45Z,759,0,0,0,0,0,1,1,1,86400
2026-07-31T20:08:45Z,760,9,3,10,0,0,1,1,1,1785527658
2026-07-31T20:08:45Z,761,10,2,12,1,0,1,1,1,1785528186
2026-07-31T20:08:45Z,762,4,2,6,5,0,1,1,1,1785528408
2026-07-31T20:08:45Z,768,8,0,8,3,0,1,1,1,1785528506
2026-07-31T20:08:45Z,769,14,6,3,2,0,1,1,1,1785528390
2026-07-31T20:08:45Z,770,6,2,11,2,0,1,1,1,1785528124
2026-07-31T20:08:45Z,771,11,1,3,1,0,1,1,1,1785528130
2026-07-31T20:08:45Z,772,4,0,11,0,0,1,1,1,1785528208
2026-07-31T20:08:45Z,773,18,4,1,0,0,1,1,1,1785528324
2026-07-31T20:08:45Z,774,5,1,6,4,0,1,1,1,1785528453
2026-07-31T20:08:45Z,775,7,1,10,1,1,1,1,1,1785527910
2026-07-31T20:08:45Z,776,3,1,17,1,0,1,1,1,1785528384
2026-07-31T20:08:45Z,777,11,3,4,0,0,1,1,1,1785527832
2026-07-31T20:08:45Z,778,11,0,5,3,0,1,1,1,1785528260
2026-07-31T20:08:45Z,779,4,0,14,1,0,1,1,1,1785527272
2026-07-31T20:08:45Z,780,1,1,18,0,0,1,1,1,1785528513
2026-07-31T20:08:45Z,781,2,1,7,2,0,1,1,1,1785526920
2026-07-31T20:08:45Z,782,1,0,14,4,0,1,1,1,1785527817
2026-07-31T20:08:45Z,783,8,1,11,0,0,1,1,1,1785527053
2026-07-31T20:08:45Z,784,3,0,16,0,0,1,1,1,1785528486
2026-07-31T20:08:45Z,785,10,2,3,6,0,1,1,1,1785527277
2026-07-31T20:08:45Z,786,10,5,9,0,0,1,1,1,1785526934
2026-07-31T20:08:45Z,787,6,3,8,1,0,1,1,1,1785528320
2026-07-31T20:08:45Z,788,2,0,13,0,0,1,1,1,1785527541
2026-07-31T20:08:45Z,789,7,2,4,4,0,1,1,1,1785527748
2026-07-31T20:08:45Z,790,3,1,20,0,0,1,1,1,1785528249
2026-07-31T20:08:45Z,791,8,0,10,0,1,1,1,1,1785527955
2026-07-31T20:08:45Z,793,4,0,10,1,0,1,1,1,1785527873
2026-07-31T20:08:45Z,794,18,7,9,2,0,1,1,1,1785528513
2026-07-31T20:08:45Z,796,5,3,13,1,0,1,1,1,1785527750
2026-07-31T20:08:45Z,797,4,2,11,0,0,1,1,1,1785527611
2026-07-31T20:08:45Z,798,15,1,9,1,0,1,1,1,1785528500
2026-07-31T20:08:45Z,799,13,2,2,4,0,1,1,1,1785527964
2026-07-31T20:08:45Z,800,1,0,19,1,0,1,1,1,1785527874
2026-07-31T20:08:45Z,801,4,0,13,4,0,1,1,1,1785528457
2026-07-31T20:08:45Z,802,8,0,23,0,0,1,1,1,1785527970
2026-07-31T20:08:45Z,803,0,0,15,0,0,1,1,1,1785527508
2026-07-31T20:08:45Z,806,1,0,13,1,0,1,1,1,1785526582
2026-07-31T20:08:45Z,807,14,8,9,2,0,1,1,1,1785528424
2026-07-31T20:08:45Z,808,20,6,2,3,0,1,1,1,1785525702
2026-07-31T20:08:45Z,809,4,1,18,1,0,1,1,1,1785527752
2026-07-31T20:08:45Z,810,4,2,13,2,0,1,1,1,1785528120
2026-07-31T20:08:45Z,815,3,1,6,5,1,1,1,1,1785528280
2026-07-31T20:08:45Z,817,13,7,2,0,0,1,1,1,1785527042
2026-07-31T20:08:45Z,818,4,0,19,0,0,1,1,1,1785528376
2026-07-31T20:08:45Z,819,10,4,5,0,0,1,1,1,1785525935
2026-07-31T20:08:45Z,820,9,1,8,0,0,1,1,1,1785526924
2026-07-31T20:08:45Z,821,3,2,12,0,0,1,1,1,1785527840
2026-07-31T20:08:45Z,822,4,0,17,2,0,1,1,1,1785528313
2026-07-31T20:08:45Z,823,12,1,3,0,0,1,1,1,1785527483
2026-07-31T20:08:45Z,824,9,6,9,1,0,1,1,1,1785528307
2026-07-31T20:08:45Z,825,7,5,8,0,0,1,1,1,1785521169
2026-07-31T20:08:45Z,826,7,1,10,2,0,1,1,1,1785528354
2026-07-31T20:08:45Z,827,17,3,2,2,0,1,1,1,1785528260
2026-07-31T20:08:45Z,828,10,0,6,2,0,1,1,1,1785528095
2026-07-31T20:08:45Z,829,17,6,10,0,0,1,1,1,1785527199
2026-07-31T20:08:45Z,830,17,0,5,1,0,1,1,1,1785528284
2026-07-31T20:08:45Z,831,6,3,7,2,0,1,1,1,1785527276
2026-07-31T20:08:45Z,832,7,2,8,3,0,1,1,1,1785528470
2026-07-31T20:08:45Z,833,1,1,17,1,0,1,1,1,1785527190
2026-07-31T20:08:45Z,834,22,0,0,2,0,1,1,1,1785528511
2026-07-31T20:08:45Z,835,0,0,17,1,0,1,1,1,1785527276
2026-07-31T20:08:45Z,838,5,1,9,1,0,1,1,1,1785528436
2026-07-31T20:08:45Z,839,22,3,6,1,0,1,1,1,1785528295
2026-07-31T20:08:45Z,840,0,0,28,1,0,1,1,1,1785528079
2026-07-31T20:08:45Z,841,7,1,8,0,0,1,1,1,1785527263
2026-07-31T20:08:45Z,842,2,0,21,0,0,1,1,1,1785527173
2026-07-31T20:08:45Z,843,12,1,19,0,0,1,1,1,1785527939
2026-07-31T20:08:45Z,844,5,0,18,0,0,1,1,1,1785527442
2026-07-31T20:08:45Z,845,4,3,13,2,0,1,1,1,1785527523
2026-07-31T20:08:45Z,846,3,1,15,1,0,1,1,1,1785528475
2026-07-31T20:08:45Z,847,6,1,20,1,0,1,1,1,1785528375
2026-07-31T20:08:45Z,848,2,1,16,1,0,1,1,1,1785527961
2026-07-31T20:08:45Z,849,8,0,6,1,0,1,1,1,1785528290
2026-07-31T20:08:45Z,850,2,0,8,1,0,1,1,1,1785528381
2026-07-31T20:08:45Z,851,3,3,31,3,0,1,1,1,1785528454
2026-07-31T20:08:45Z,852,9,3,10,0,0,1,1,1,1785527597
2026-07-31T20:08:45Z,853,12,5,11,0,0,1,1,1,1785528174
2026-07-31T20:08:45Z,854,2,1,13,0,0,1,1,1,1785528449
2026-07-31T20:08:45Z,855,26,0,1,0,0,1,1,1,1785528120
2026-07-31T20:08:45Z,857,8,4,9,2,0,1,1,1,1785528437
2026-07-31T20:08:45Z,858,5,2,13,1,0,1,1,1,1785527925
2026-07-31T20:08:45Z,859,8,0,12,1,0,1,1,1,1785528117
2026-07-31T20:08:45Z,861,7,0,3,1,0,1,1,1,1785506303
2026-07-31T20:08:45Z,862,4,2,11,0,0,1,1,1,1785527305
2026-07-31T20:08:45Z,863,11,0,7,1,0,1,1,1,1785526731
2026-07-31T20:08:45Z,866,12,3,7,0,0,1,1,1,1785527676
2026-07-31T20:08:45Z,867,14,2,1,0,0,1,1,1,1785526908
2026-07-31T20:08:45Z,868,7,0,8,0,0,1,1,1,1785528048
2026-07-31T20:08:45Z,870,9,5,6,0,0,1,1,1,1785527963
2026-07-31T20:08:45Z,871,0,0,10,1,0,1,1,1,1785526714
2026-07-31T20:08:45Z,872,0,0,14,1,0,1,1,1,1785527290
2026-07-31T20:08:45Z,873,21,0,11,1,0,1,1,1,1785528439
2026-07-31T20:08:45Z,874,4,0,8,3,0,1,1,1,1785528445
2026-07-31T20:08:45Z,875,10,7,4,1,0,1,1,1,1785528406
2026-07-31T20:08:45Z,877,13,12,6,0,0,1,1,1,1785526971
2026-07-31T20:08:45Z,878,3,3,16,0,0,1,1,1,1785527545
2026-07-31T20:08:45Z,879,3,1,16,0,0,1,1,1,1785528397
2026-07-31T20:08:45Z,880,1,0,21,1,0,1,1,1,1785528402
2026-07-31T20:08:45Z,881,2,0,17,0,0,1,1,1,1785527406
2026-07-31T20:08:45Z,882,9,4,9,1,0,1,1,1,1785513298
2026-07-31T20:08:45Z,883,9,4,10,0,0,1,1,1,1785527608
2026-07-31T20:08:45Z,884,10,6,11,0,0,1,1,1,1785526988
2026-07-31T20:08:45Z,885,0,0,19,0,0,1,1,1,1785527207
2026-07-31T20:08:45Z,886,9,1,20,0,0,1,1,1,1785528484
2026-07-31T20:08:45Z,887,6,3,8,3,0,1,1,1,1785527878
2026-07-31T20:08:45Z,888,15,1,24,1,1,1,1,1,1785528484
2026-07-31T20:08:45Z,889,1,0,16,2,0,1,1,1,1785528457
2026-07-31T20:08:45Z,890,8,4,7,0,0,1,1,1,1785527402
2026-07-31T20:08:45Z,891,21,0,1,1,0,1,1,1,1785528465
2026-07-31T20:08:45Z,892,9,1,6,0,0,1,1,1,1785523247
2026-07-31T20:08:45Z,895,3,0,16,0,0,1,1,1,1785527858
2026-07-31T20:08:45Z,896,9,0,26,0,0,1,1,1,1785526343
2026-07-31T20:08:45Z,897,12,1,9,0,0,1,1,1,1785527443
2026-07-31T20:08:45Z,898,2,0,17,0,0,1,1,1,1785527711
2026-07-31T20:08:45Z,899,0,0,18,1,0,1,1,1,1785528372
2026-07-31T20:08:45Z,900,2,1,25,0,0,1,1,1,1785528428
2026-07-31T20:08:45Z,901,2,1,16,1,0,1,1,1,1785528436
2026-07-31T20:08:45Z,902,6,1,9,0,0,1,1,1,1785527036
2026-07-31T20:08:45Z,903,4,0,14,1,0,1,1,1,1785528415
2026-07-31T20:08:45Z,904,10,4,8,1,0,1,1,1,1785528267
2026-07-31T20:08:45Z,905,7,3,19,1,0,1,1,1,1785528197
2026-07-31T20:08:45Z,906,14,4,12,1,0,1,1,1,1785528301
2026-07-31T20:08:45Z,907,0,0,31,0,0,1,1,1,1785528423
2026-07-31T20:08:45Z,908,8,0,15,0,0,1,1,1,1785527540
2026-07-31T20:08:45Z,909,6,5,17,0,0,1,1,1,1785528263
2026-07-31T20:08:45Z,910,1,0,30,0,0,1,1,1,1785528225
2026-07-31T20:08:45Z,911,4,1,15,0,0,1,1,1,1785527061
2026-07-31T20:08:45Z,912,18,2,4,1,0,1,1,1,1785528421
2026-07-31T20:08:45Z,913,7,4,12,0,0,1,1,1,1785528056
2026-07-31T20:08:45Z,914,14,0,5,0,0,1,1,1,1785528095
2026-07-31T20:08:45Z,915,17,3,4,2,0,1,1,1,1785528427
2026-07-31T20:08:45Z,916,5,2,17,1,0,1,1,1,1785528482
2026-07-31T20:08:45Z,917,13,0,21,1,0,1,1,1,1785528470
2026-07-31T20:08:45Z,918,12,0,4,3,0,1,1,1,1785527637
2026-07-31T20:08:45Z,919,12,2,27,0,0,1,1,1,1785528496
2026-07-31T20:08:45Z,920,7,2,12,0,0,1,1,1,1785527841
2026-07-31T20:08:45Z,921,16,1,5,0,0,1,1,1,1785527222
2026-07-31T20:08:45Z,922,1,1,20,0,0,1,1,1,1785528068
2026-07-31T20:08:45Z,923,0,0,19,0,0,1,1,1,1785527956
2026-07-31T20:08:45Z,924,7,0,13,1,0,1,1,1,1785528229
2026-07-31T20:08:45Z,925,12,0,9,0,0,1,1,1,1785527730
2026-07-31T20:08:45Z,926,1,0,20,0,0,1,1,1,1785528327
2026-07-31T20:08:45Z,927,28,1,6,1,0,1,1,1,1785528361
2026-07-31T20:08:45Z,928,0,0,19,0,0,0,1,1,1785500252
2026-07-31T20:08:45Z,929,21,2,2,0,0,1,1,1,1785528210
2026-07-31T20:08:45Z,930,3,0,27,1,0,1,1,1,1785527521
2026-07-31T20:08:45Z,931,12,3,10,1,0,1,1,1,1785528516
2026-07-31T20:08:45Z,932,0,0,17,2,0,1,1,1,1785528385
2026-07-31T20:08:45Z,933,11,1,11,1,0,1,1,1,1785527996
2026-07-31T20:08:45Z,934,20,0,10,1,0,1,1,1,1785528499
2026-07-31T20:08:45Z,935,2,0,16,1,0,1,1,1,1785528428
2026-07-31T20:08:45Z,936,11,0,8,0,0,1,1,1,1785528400
2026-07-31T20:08:45Z,940,2,1,8,1,0,1,1,1,1785528401
2026-07-31T20:08:45Z,941,14,0,9,2,0,1,1,1,1785528206
2026-07-31T20:08:45Z,942,15,1,6,0,0,1,1,1,1785528446
2026-07-31T20:08:45Z,943,8,8,7,0,0,1,1,1,1785527377
2026-07-31T20:08:45Z,944,10,8,5,0,0,1,1,1,1785527221
2026-07-31T20:08:45Z,945,10,8,5,0,0,1,1,1,1785526743
2026-07-31T20:08:45Z,946,7,5,12,0,0,1,1,1,1785523835
2026-07-31T20:08:45Z,947,7,5,10,0,0,1,1,1,1785527240
2026-07-31T20:08:45Z,948,19,11,9,3,0,1,1,1,1785528358
2026-07-31T20:08:45Z,949,2,2,13,0,0,1,1,1,1785528512
2026-07-31T20:08:45Z,950,6,2,8,3,0,1,1,1,1785528379
2026-07-31T20:08:45Z,951,17,4,6,0,0,1,1,1,1785528265
2026-07-31T20:08:45Z,952,26,3,28,1,0,1,1,1,1785528506
2026-07-31T20:08:45Z,953,2,0,12,1,0,1,1,1,1785528313
2026-07-31T20:08:45Z,954,5,0,14,0,0,1,1,1,1785528400
2026-07-31T20:08:45Z,955,7,2,14,5,1,1,1,1,1785528492
2026-07-31T20:08:45Z,956,8,1,13,2,0,1,1,1,1785527935
2026-07-31T20:08:45Z,957,8,1,20,1,0,1,1,1,1785528117
2026-07-31T20:08:45Z,958,14,0,15,2,0,1,1,1,1785528498
2026-07-31T20:08:45Z,959,2,2,20,1,0,1,1,1,1785527874
2026-07-31T20:08:45Z,960,0,0,23,0,0,1,1,1,1785528279
2026-07-31T20:08:45Z,961,5,1,15,3,0,1,1,1,1785528003
2026-07-31T20:08:45Z,962,9,3,23,3,0,1,1,1,1785528391
2026-07-31T20:08:45Z,963,6,0,16,1,0,1,1,1,1785528234
2026-07-31T20:08:45Z,964,6,6,17,0,0,1,1,1,1785528103
2026-07-31T20:08:45Z,965,10,6,16,1,0,1,1,1,1785528373
2026-07-31T20:08:45Z,966,15,0,14,2,0,1,1,1,1785528477
2026-07-31T20:08:45Z,967,4,0,15,2,0,1,1,1,1785528509
2026-07-31T20:08:45Z,968,11,0,7,1,0,1,1,1,1785527414
2026-07-31T20:08:45Z,969,2,0,23,2,0,1,1,1,1785528141
2026-07-31T20:08:45Z,970,2,2,16,1,0,1,1,1,1785528422
2026-07-31T20:08:45Z,971,1,0,21,1,0,1,1,1,1785527828
2026-07-31T20:08:45Z,972,11,4,11,1,0,1,1,1,1785527901
2026-07-31T20:08:45Z,973,6,1,16,1,0,1,1,1,1785528086
2026-07-31T20:08:45Z,974,22,0,5,0,0,1,1,1,1785528470
2026-07-31T20:08:45Z,977,3,0,16,2,0,1,1,1,1785528139
2026-07-31T20:08:45Z,978,18,0,5,0,0,1,1,1,1785528399
2026-07-31T20:08:45Z,979,9,2,8,0,0,1,1,1,1785528391
2026-07-31T20:08:45Z,980,12,2,8,1,0,1,1,1,1785528513
2026-07-31T20:08:45Z,981,6,0,15,0,0,1,1,1,1785528300
2026-07-31T20:08:45Z,982,3,1,15,1,0,1,1,1,1785527294
2026-07-31T20:08:45Z,983,5,3,18,0,0,1,1,1,1785527754
2026-07-31T20:08:45Z,984,6,0,17,0,0,1,1,1,1785527063
2026-07-31T20:08:45Z,985,1,0,30,0,0,1,1,1,1785528507
2026-07-31T20:08:45Z,986,3,0,16,0,0,1,1,1,1785527295
2026-07-31T20:08:45Z,987,6,0,17,0,0,1,1,1,1785527869
2026-07-31T20:08:45Z,988,8,4,11,0,0,1,1,1,1785528507
2026-07-31T20:08:45Z,989,7,4,12,0,0,1,1,1,1785528282
2026-07-31T20:08:45Z,990,11,0,3,1,0,1,1,1,1785527464
2026-07-31T20:08:45Z,991,9,0,9,1,0,1,1,1,1785527196
2026-07-31T20:08:45Z,992,9,5,14,0,0,1,1,1,1785528081
2026-07-31T20:08:45Z,993,3,3,23,1,0,1,1,1,1785528353
2026-07-31T20:08:45Z,994,0,0,21,0,0,1,1,1,1785528327
2026-07-31T20:08:45Z,995,6,0,21,0,0,1,1,1,1785527535
2026-07-31T20:08:45Z,996,8,2,15,0,0,1,1,1,1785527370
2026-07-31T20:08:45Z,997,5,4,6,9,3,1,1,1,1785527891
2026-07-31T20:08:45Z,998,5,4,18,0,0,1,1,1,1785527628
2026-07-31T20:08:45Z,999,4,1,15,1,1,1,1,1,1785527338
2026-07-31T20:08:45Z,1000,4,2,17,0,0,1,1,1,1785528174
2026-07-31T20:08:45Z,1001,4,2,23,0,0,1,1,1,1785528231
2026-07-31T20:08:45Z,1002,2,2,28,1,0,1,1,1,1785527716
2026-07-31T20:08:45Z,1003,0,0,23,0,0,1,1,1,1785527266
2026-07-31T20:08:45Z,1004,9,2,14,0,0,1,1,1,1785526746
2026-07-31T20:08:45Z,1005,20,1,3,0,0,1,1,1,1785527574
2026-07-31T20:08:45Z,1006,7,4,12,0,0,1,1,1,1785527266
2026-07-31T20:08:45Z,1007,1,1,20,0,0,1,1,1,1785526908
2026-07-31T20:08:45Z,1008,8,7,15,0,0,1,1,1,1785528259
2026-07-31T20:08:45Z,1009,22,5,8,1,0,1,1,1,1785528174
2026-07-31T20:08:45Z,1010,8,2,19,0,0,1,1,1,1785527164
2026-07-31T20:08:45Z,1011,6,2,11,2,0,1,1,1,1785527637
2026-07-31T20:08:45Z,1012,5,3,16,2,0,1,1,1,1785527228
2026-07-31T20:08:45Z,1013,4,1,18,1,0,1,1,1,1785527789
2026-07-31T20:08:45Z,1014,9,4,14,0,0,1,1,1,1785527753
2026-07-31T20:08:45Z,1015,4,3,26,1,0,1,1,1,1785528092
2026-07-31T20:08:45Z,1016,10,5,21,0,0,1,1,1,1785527167
2026-07-31T20:08:45Z,1017,13,5,8,0,0,1,1,1,1785528438
2026-07-31T20:08:45Z,1018,7,3,15,0,0,1,1,1,1785527307
2026-07-31T20:08:45Z,1019,8,5,7,0,0,1,1,1,1785527180
2026-07-31T20:08:45Z,1020,19,5,2,0,0,1,1,1,1785528302
2026-07-31T20:08:45Z,1021,9,4,6,0,0,1,1,1,1785527980
2026-07-31T20:08:45Z,1022,14,0,13,0,0,1,1,1,1785527436
2026-07-31T20:08:45Z,1023,14,2,9,0,0,1,1,1,1785527058
2026-07-31T20:08:45Z,1024,6,2,13,0,0,1,1,1,1785528031
2026-07-31T20:08:45Z,1025,4,0,14,0,1,1,1,1,1785527413
2026-07-31T20:08:45Z,1026,12,9,18,1,0,1,1,1,1785528340
2026-07-31T20:08:45Z,1028,3,1,20,0,0,1,1,1,1785527402
2026-07-31T20:08:45Z,1029,12,10,3,0,0,1,1,1,1785528289
2026-07-31T20:08:45Z,1030,13,4,10,0,0,1,1,1,1785528097
2026-07-31T20:08:45Z,1031,9,1,10,0,0,1,1,1,1785528408
2026-07-31T20:08:45Z,1032,7,1,12,0,0,1,1,1,1785527264
2026-07-31T20:08:45Z,1033,9,5,10,0,0,1,1,1,1785528088
2026-07-31T20:08:45Z,1034,3,1,12,0,0,1,1,1,1785528372
2026-07-31T20:08:45Z,1035,1,0,17,1,0,1,1,1,1785527270
2026-07-31T20:08:45Z,1036,12,0,3,0,0,1,1,1,1785527827
2026-07-31T20:08:45Z,1037,2,0,16,1,0,1,1,1,1785527884
2026-07-31T20:08:45Z,1038,1,0,14,0,0,1,1,1,1785526940
2026-07-31T20:08:45Z,1039,7,1,12,0,0,1,1,1,1785527416
2026-07-31T20:08:45Z,1040,8,5,11,0,0,1,1,1,1785527315
2026-07-31T20:08:45Z,1041,10,2,9,0,0,1,1,1,1785528402
2026-07-31T20:08:45Z,1042,4,0,10,1,0,1,1,1,1785528270
2026-07-31T20:08:45Z,1043,11,5,7,1,0,1,1,1,1785527601
2026-07-31T20:08:45Z,1044,2,1,13,0,0,1,1,1,1785528275
2026-07-31T20:08:45Z,1045,9,0,10,0,0,1,1,1,1785527247
2026-07-31T20:08:45Z,1046,9,0,6,0,0,1,1,1,1785528434
2026-07-31T20:08:45Z,1047,4,0,17,0,0,1,1,1,1785528032
2026-07-31T20:08:45Z,1048,3,0,16,0,0,1,1,1,1785528453
2026-07-31T20:08:45Z,1049,0,0,21,0,0,1,1,1,1785527328
2026-07-31T20:08:45Z,1050,17,4,4,0,0,1,1,1,1785528430
2026-07-31T20:08:45Z,1051,8,2,13,0,0,1,1,1,1785528301
2026-07-31T20:08:45Z,1052,16,1,5,1,0,1,1,1,1785527117
2026-07-31T20:08:45Z,1053,3,2,12,0,0,1,1,1,1785528378
2026-07-31T20:08:45Z,1054,5,1,10,0,0,1,1,1,1785527614
2026-07-31T20:08:45Z,1055,8,1,11,0,0,1,1,1,1785527396
2026-07-31T20:08:45Z,1057,12,2,7,0,0,1,1,1,1785528478
2026-07-31T20:08:45Z,1058,19,0,36,1,0,1,1,1,1785528445
2026-07-31T20:08:45Z,1059,0,0,18,1,0,1,1,1,1785527255
2026-07-31T20:08:45Z,1060,28,0,9,0,0,1,1,1,1785528506
2026-07-31T20:08:45Z,1061,31,1,6,0,0,1,1,1,1785528275
2026-07-31T20:08:45Z,1062,9,0,8,0,0,1,1,1,1785528239
2026-07-31T20:08:45Z,1063,12,1,6,1,0,1,1,1,1785527307
2026-07-31T20:08:45Z,1064,3,0,19,1,0,1,1,1,1785527670
2026-07-31T20:08:45Z,1065,16,3,7,0,0,1,1,1,1785527916
2026-07-31T20:08:45Z,1066,11,2,12,0,0,1,1,1,1785527736
2026-07-31T20:08:45Z,1067,8,2,13,2,0,1,1,1,1785528012
2026-07-31T20:08:45Z,1068,5,2,15,3,0,1,1,1,1785527745
2026-07-31T20:08:45Z,1069,12,3,11,0,0,1,1,1,1785527550
2026-07-31T20:08:45Z,1070,12,2,11,0,0,1,1,1,1785527650
2026-07-31T20:08:45Z,1071,8,4,15,0,0,1,1,1,1785527688
2026-07-31T20:08:45Z,1072,11,1,11,1,0,1,1,1,1785528096
2026-07-31T20:08:45Z,1073,3,0,23,1,0,1,1,1,1785527991
2026-07-31T20:08:45Z,1074,27,6,22,4,0,1,1,1,1785528515
2026-07-31T20:08:45Z,1075,8,8,13,0,0,1,1,1,1785528397
2026-07-31T20:08:45Z,1076,16,13,5,0,0,1,1,1,1785528320
2026-07-31T20:08:45Z,1077,11,7,9,1,0,1,1,1,1785527961
2026-07-31T20:08:45Z,1078,10,9,11,0,0,1,1,1,1785528356
2026-07-31T20:08:45Z,1079,12,8,9,0,0,1,1,1,1785527159
2026-07-31T20:08:45Z,1080,10,8,9,2,0,1,1,1,1785527087
2026-07-31T20:08:45Z,1081,14,8,5,0,0,1,1,1,1785528095
2026-07-31T20:08:45Z,1082,12,11,11,0,0,1,1,1,1785527165
2026-07-31T20:08:45Z,1083,13,12,8,0,0,1,1,1,1785527842
2026-07-31T20:08:45Z,1084,10,8,11,0,0,1,1,1,1785527045
2026-07-31T20:08:45Z,1085,13,8,8,0,0,1,1,1,1785527865
2026-07-31T20:08:45Z,1086,14,11,6,1,0,1,1,1,1785528505
2026-07-31T20:08:45Z,1087,6,6,9,0,0,1,1,1,1785528348
2026-07-31T20:08:45Z,1088,9,7,6,0,0,1,1,1,1785527308
2026-07-31T20:08:45Z,1089,5,2,10,0,0,1,1,1,1785527640
2026-07-31T20:08:45Z,1090,7,6,8,0,0,1,1,1,1785528058
2026-07-31T20:08:45Z,1091,7,5,8,0,0,1,1,1,1785528260
2026-07-31T20:08:45Z,1092,10,9,5,0,0,1,1,1,1785527641
2026-07-31T20:08:45Z,1093,5,5,9,1,0,1,1,1,1785526529
2026-07-31T20:08:45Z,1094,10,9,9,0,0,1,1,1,1785528204
2026-07-31T20:08:45Z,1095,9,8,6,0,0,1,1,1,1785527238
2026-07-31T20:08:45Z,1096,10,8,8,1,0,1,1,1,1785527632
2026-07-31T20:08:45Z,1097,8,8,7,0,0,1,1,1,1785527828
2026-07-31T20:08:45Z,1098,9,7,10,0,0,1,1,1,1785526861
2026-07-31T20:08:45Z,1099,7,6,8,0,0,1,1,1,1785527094
2026-07-31T20:08:45Z,1100,5,3,24,0,0,1,1,1,1785521793
2026-07-31T20:08:45Z,1101,10,5,11,0,0,1,1,1,1785527017
2026-07-31T20:08:45Z,1102,9,4,4,0,0,1,1,1,1785528042
2026-07-31T20:08:45Z,1103,11,5,10,0,0,1,1,1,1785503681
2026-07-31T20:08:45Z,1104,11,6,10,0,0,1,1,1,1785526767
2026-07-31T20:08:45Z,1105,8,4,5,0,0,1,1,1,1785527926
2026-07-31T20:08:45Z,1106,10,5,11,0,0,1,1,1,1785527107
2026-07-31T20:08:45Z,1107,9,5,6,0,0,1,1,1,1785527358
2026-07-31T20:08:45Z,1108,8,4,16,2,1,1,1,1,1785527944
2026-07-31T20:08:45Z,1109,8,4,7,0,0,1,1,1,1785527302
2026-07-31T20:08:45Z,1110,8,0,13,0,0,1,1,1,1785528448
2026-07-31T20:08:45Z,1111,8,6,12,1,0,1,1,1,1785526112
2026-07-31T20:08:45Z,1112,25,0,28,0,0,1,1,1,1785528360
2026-07-31T20:08:45Z,1113,4,0,17,0,0,1,1,1,1785528369
2026-07-31T20:08:45Z,1115,13,2,6,4,0,1,1,1,1785527829
2026-07-31T20:08:45Z,1116,2,1,17,0,0,1,1,1,1785527284
2026-07-31T20:08:45Z,1117,2,0,19,2,0,1,1,1,1785528249
2026-07-31T20:08:45Z,1118,5,0,16,0,0,1,1,1,1785528412
2026-07-31T20:08:45Z,1119,8,0,9,0,0,1,1,1,1785528350
2026-07-31T20:08:45Z,1120,8,0,10,1,0,1,1,1,1785528212
2026-07-31T20:08:45Z,1121,8,0,12,1,0,1,1,1,1785527667
2026-07-31T20:08:45Z,1122,4,4,16,1,0,1,1,1,1785528421
2026-07-31T20:08:45Z,1123,11,9,10,2,0,1,1,1,1785528205
2026-07-31T20:08:45Z,1124,3,1,11,1,0,1,1,1,1785528183
2026-07-31T20:08:45Z,1125,16,1,7,0,0,1,1,1,1785528179
2026-07-31T20:08:45Z,1126,7,1,14,0,0,1,1,1,1785528501
2026-07-31T20:08:45Z,1127,3,0,16,0,0,1,1,1,1785528517
2026-07-31T20:08:45Z,1128,0,0,15,0,0,1,1,1,1785527256
2026-07-31T20:08:45Z,1129,1,0,19,1,0,1,1,1,1785528294
2026-07-31T20:08:45Z,1130,3,0,11,1,0,1,1,1,1785528495
2026-07-31T20:08:45Z,1131,6,3,42,1,0,1,1,1,1785528306
2026-07-31T20:08:45Z,1132,10,5,10,1,0,1,1,1,1785528200
2026-07-31T20:08:45Z,1133,5,3,15,1,0,1,1,1,1785528327
2026-07-31T20:08:45Z,1134,11,5,8,0,0,1,1,1,1785527794
2026-07-31T20:08:45Z,1135,12,6,9,0,0,1,1,1,1785526911
2026-07-31T20:08:45Z,1136,14,0,9,0,0,1,1,1,1785527996
2026-07-31T20:08:45Z,1137,13,0,2,0,0,1,1,1,1785527821
2026-07-31T20:08:45Z,1138,2,0,17,0,0,1,1,1,1785528400
2026-07-31T20:08:45Z,1139,14,2,5,2,0,1,1,1,1785527793
2026-07-31T20:08:45Z,1140,4,1,18,1,0,1,1,1,1785528357
2026-07-31T20:08:45Z,1141,11,5,10,0,0,1,1,1,1785528515
2026-07-31T20:08:45Z,1142,0,0,21,0,0,1,1,1,1785527923
2026-07-31T20:08:45Z,1143,12,0,17,0,0,1,1,1,1785528509
2026-07-31T20:08:45Z,1144,7,0,13,1,0,1,1,1,1785528336
2026-07-31T20:08:45Z,1145,11,5,9,1,0,1,1,1,1785527690
2026-07-31T20:08:45Z,1146,12,7,3,4,0,1,1,1,1785528517
2026-07-31T20:08:45Z,1147,18,2,1,0,0,1,1,1,1785528428
2026-07-31T20:08:45Z,1148,1,0,30,0,0,1,1,1,1785528312
2026-07-31T20:08:45Z,1149,2,1,18,5,0,1,1,1,1785528213
2026-07-31T20:08:45Z,1150,7,0,12,0,0,1,1,1,1785528376
2026-07-31T20:08:45Z,1151,9,0,12,0,0,1,1,1,1785528295
2026-07-31T20:08:45Z,1152,6,0,23,0,0,1,1,1,1785527804
2026-07-31T20:08:45Z,1153,21,2,1,1,0,1,1,1,1785527835
2026-07-31T20:08:45Z,1154,3,0,16,0,0,1,1,1,1785528495
2026-07-31T20:08:45Z,1155,4,1,14,3,0,1,1,1,1785528336
2026-07-31T20:08:45Z,1158,3,1,16,0,0,1,1,1,1785527169
2026-07-31T20:08:45Z,1159,12,0,7,0,0,1,1,1,1785527530
2026-07-31T20:08:45Z,1160,9,2,10,0,0,1,1,1,1785528145
2026-07-31T20:08:45Z,1161,3,0,15,1,0,1,1,1,1785527666
2026-07-31T20:08:45Z,1162,3,1,16,0,0,1,1,1,1785527920
2026-07-31T20:08:45Z,1163,2,1,16,1,0,1,1,1,1785527289
2026-07-31T20:08:45Z,1164,6,1,13,0,0,1,1,1,1785527346
2026-07-31T20:08:45Z,1165,2,0,19,0,0,1,1,1,1785528089
2026-07-31T20:08:45Z,1166,14,3,7,0,0,1,1,1,1785527623
2026-07-31T20:08:45Z,1167,4,0,11,0,0,1,1,1,1785527017
2026-07-31T20:08:45Z,1168,3,1,18,2,0,1,1,1,1785528133
2026-07-31T20:08:45Z,1169,3,0,15,1,0,1,1,1,1785527191
2026-07-31T20:08:45Z,1170,7,1,14,0,0,1,1,1,1785527585
2026-07-31T20:08:45Z,1171,8,7,15,0,0,1,1,1,1785527284
2026-07-31T20:08:45Z,1172,2,0,11,2,0,1,1,1,1785527501
2026-07-31T20:08:45Z,1173,13,4,6,0,0,1,1,1,1785527449
2026-07-31T20:08:45Z,1174,6,3,9,0,0,1,1,1,1785527097
2026-07-31T20:08:45Z,1175,4,3,15,0,0,1,1,1,1785525246
2026-07-31T20:08:45Z,1176,8,2,13,0,0,1,1,1,1785528488
2026-07-31T20:08:45Z,1177,3,1,18,0,0,1,1,1,1785528419
2026-07-31T20:08:45Z,1178,5,2,10,0,0,1,1,1,1785527591
2026-07-31T20:08:45Z,1181,2,0,13,0,0,1,1,1,1785528510
2026-07-31T20:08:45Z,1182,10,0,9,1,0,1,1,1,1785528394
2026-07-31T20:08:45Z,1183,22,3,21,2,0,1,1,1,1785528293
2026-07-31T20:08:45Z,1184,3,2,16,2,0,1,1,1,1785528390
2026-07-31T20:08:45Z,1185,9,5,12,0,0,1,1,1,1785526737
2026-07-31T20:08:45Z,1186,9,5,10,0,0,1,1,1,1785528150
2026-07-31T20:08:45Z,1187,10,5,10,1,0,1,1,1,1785527968
2026-07-31T20:08:45Z,1188,10,5,5,0,0,1,1,1,1785527356
2026-07-31T20:08:45Z,1189,9,4,10,0,0,1,1,1,1785527482
2026-07-31T20:08:45Z,1190,9,4,12,0,0,1,1,1,1785526895
2026-07-31T20:08:45Z,1191,11,6,4,0,0,1,1,1,1785527361
2026-07-31T20:08:45Z,1192,9,6,11,1,0,1,1,1,1785527259
2026-07-31T20:08:45Z,1193,6,4,5,2,0,1,1,1,1785528150
2026-07-31T20:08:45Z,1197,9,6,7,1,0,1,1,1,1785528140
2026-07-31T20:08:45Z,1198,13,4,6,2,0,1,1,1,1785527785
2026-07-31T20:08:45Z,1199,3,0,16,0,0,1,1,1,1785527776
2026-07-31T20:08:45Z,1200,9,5,6,0,0,1,1,1,1785527397
2026-07-31T20:08:45Z,1201,10,5,5,0,0,1,1,1,1785527372
2026-07-31T20:08:45Z,1202,10,5,5,0,0,1,1,1,1785527474
2026-07-31T20:08:45Z,1203,11,5,4,0,0,1,1,1,1785527377
2026-07-31T20:08:45Z,1204,7,4,12,0,0,1,1,1,1785527148
2026-07-31T20:08:45Z,1206,11,5,10,0,0,1,1,1,1785528202
2026-07-31T20:08:45Z,1207,8,4,6,1,0,1,1,1,1785527690
2026-07-31T20:08:45Z,1208,10,4,9,0,0,1,1,1,1785527630
2026-07-31T20:08:45Z,1216,9,0,11,1,0,1,1,1,1785528420
2026-07-31T20:08:45Z,1218,4,0,17,0,0,1,1,1,1785527001
2026-07-31T20:08:45Z,1219,5,1,7,3,0,1,1,1,1785527334
2026-07-31T20:08:45Z,1220,17,6,2,0,0,1,1,1,1785528454
2026-07-31T20:08:45Z,1221,1,1,19,1,0,1,1,1,1785528166
2026-07-31T20:08:45Z,1222,13,2,16,0,0,1,1,1,1785528322
2026-07-31T20:08:45Z,1223,26,2,2,1,0,1,1,1,1785528507
2026-07-31T20:08:45Z,1226,0,0,3,0,0,0,1,1,1781868931
2026-07-31T20:08:45Z,1227,2,0,22,1,0,1,1,1,1785528280
2026-07-31T20:08:45Z,1228,6,5,23,0,0,1,1,1,1785528239
2026-07-31T20:08:45Z,1229,44,1,0,1,0,1,1,1,1785528070
2026-07-31T20:13:45Z,1,12,1,11,0,0,1,1,1,1785528737
2026-07-31T20:13:45Z,2,5,1,19,3,0,1,1,1,1785528715
2026-07-31T20:13:45Z,3,12,1,1,1,0,1,1,1,1785528535
2026-07-31T20:13:45Z,4,21,5,0,1,0,1,1,1,1785527932
2026-07-31T20:13:45Z,5,16,3,6,1,0,1,1,1,1785527983
2026-07-31T20:13:45Z,6,2,0,13,0,0,1,1,1,1785528727
2026-07-31T20:13:45Z,7,4,0,35,0,0,1,1,1,1785528757
2026-07-31T20:13:45Z,8,2,1,41,0,0,1,1,1,1785528539
2026-07-31T20:13:45Z,9,17,2,6,0,0,1,1,1,1785528811
2026-07-31T20:13:45Z,10,1,0,20,2,0,1,1,1,1785527928
2026-07-31T20:13:45Z,11,6,0,11,2,0,1,1,1,1785528528
2026-07-31T20:13:45Z,12,22,1,1,0,0,1,1,1,1785528173
2026-07-31T20:13:45Z,13,7,1,23,0,0,1,1,1,1785528678
2026-07-31T20:13:45Z,14,39,0,3,0,1,1,1,1,1785528790
2026-07-31T20:13:45Z,15,13,0,2,0,0,1,1,1,1785528273
2026-07-31T20:13:45Z,16,7,1,17,2,1,1,1,1,1785528104
2026-07-31T20:13:45Z,17,7,0,19,1,0,1,1,1,1785528771
2026-07-31T20:13:45Z,18,5,0,11,2,0,1,1,1,1785528716
2026-07-31T20:13:45Z,19,20,4,4,3,0,1,1,1,1785528798
2026-07-31T20:13:45Z,20,9,1,26,0,0,1,1,1,1785528584
2026-07-31T20:13:45Z,21,11,2,7,1,0,1,1,1,1785528806
2026-07-31T20:13:45Z,22,28,0,35,2,0,1,1,1,1785528200
2026-07-31T20:13:45Z,23,13,9,18,0,0,1,1,1,1785528770
2026-07-31T20:13:45Z,24,5,1,4,2,0,1,1,1,1785528812
2026-07-31T20:13:45Z,25,73,5,6,2,0,1,1,1,1785528807
2026-07-31T20:13:45Z,26,26,1,1,0,0,1,1,1,1785528405
2026-07-31T20:13:45Z,28,3,0,12,0,0,1,1,1,1785528711
2026-07-31T20:13:45Z,30,8,0,20,1,0,1,1,1,1785528810
2026-07-31T20:13:45Z,31,12,4,6,1,0,1,1,1,1785528770
2026-07-31T20:13:45Z,32,11,3,16,0,0,1,1,1,1785528426
2026-07-31T20:13:45Z,34,17,2,20,0,0,1,1,1,1785528461
2026-07-31T20:13:45Z,35,44,5,1,2,0,1,1,1,1785528801
2026-07-31T20:13:45Z,36,0,0,0,0,0,0,1,1,86400
2026-07-31T20:13:45Z,37,17,2,6,0,0,1,1,1,1785528677
2026-07-31T20:13:45Z,38,13,1,10,0,0,1,1,1,1785528796
2026-07-31T20:13:45Z,39,12,1,27,0,0,1,1,1,1785528340
2026-07-31T20:13:45Z,40,11,0,10,0,0,1,1,1,1785528753
2026-07-31T20:13:45Z,41,34,3,9,0,0,1,1,1,1785528568
2026-07-31T20:13:45Z,42,1,0,30,0,0,1,1,1,1785527917
2026-07-31T20:13:45Z,43,12,1,11,0,0,1,1,1,1785528612
2026-07-31T20:13:45Z,45,18,3,11,0,0,1,1,1,1785528203
2026-07-31T20:13:45Z,46,3,2,27,1,0,1,1,1,1785528786
2026-07-31T20:13:45Z,47,0,0,14,1,0,1,1,1,1785528797
2026-07-31T20:13:45Z,48,12,0,15,0,0,1,1,1,1785528186
2026-07-31T20:13:45Z,49,0,0,19,4,0,1,1,1,1785528814
2026-07-31T20:13:45Z,50,8,7,11,0,0,1,1,1,1785528376
2026-07-31T20:13:45Z,51,50,1,27,0,0,1,1,1,1785528705
2026-07-31T20:13:45Z,52,20,1,4,3,0,1,1,1,1785528776
2026-07-31T20:13:45Z,55,2,2,21,0,0,1,1,1,1785528766
2026-07-31T20:13:45Z,56,34,1,9,0,0,1,1,1,1785528657
2026-07-31T20:13:45Z,57,26,3,1,0,0,1,1,1,1785528576
2026-07-31T20:13:45Z,58,6,3,22,0,0,1,1,1,1785528362
2026-07-31T20:13:45Z,59,5,0,20,2,0,1,1,1,1785528776
2026-07-31T20:13:45Z,61,4,1,35,0,0,1,1,1,1785528525
2026-07-31T20:13:45Z,62,35,12,11,3,0,1,1,1,1785528817
2026-07-31T20:13:45Z,63,15,0,4,0,0,1,1,1,1785528792
2026-07-31T20:13:45Z,64,12,1,3,4,0,1,1,1,1785527230
2026-07-31T20:13:45Z,65,10,4,8,1,0,1,1,1,1785528670
2026-07-31T20:13:45Z,67,32,1,7,0,0,1,1,1,1785528387
2026-07-31T20:13:45Z,68,34,1,2,1,0,1,1,1,1785528672
2026-07-31T20:13:45Z,69,1,0,14,0,0,1,1,1,1785528578
2026-07-31T20:13:45Z,71,13,1,11,3,0,1,1,1,1785528717
2026-07-31T20:13:45Z,72,27,4,1,2,1,1,1,1,1785528808
2026-07-31T20:13:45Z,73,26,1,5,0,0,1,1,1,1785528622
2026-07-31T20:13:45Z,74,1,0,18,0,0,1,1,1,1785528574
2026-07-31T20:13:45Z,75,17,0,14,1,0,1,1,1,1785527405
2026-07-31T20:13:45Z,76,11,0,6,2,0,1,1,1,1785528815
2026-07-31T20:13:45Z,77,4,0,23,0,0,1,1,1,1785528399
2026-07-31T20:13:45Z,78,5,5,18,0,0,1,1,1,1785528790
2026-07-31T20:13:45Z,79,6,1,10,1,0,1,1,1,1785528660
2026-07-31T20:13:45Z,80,11,0,9,3,0,1,1,1,1785528810
2026-07-31T20:13:45Z,81,5,2,26,0,0,1,1,1,1785528784
2026-07-31T20:13:45Z,82,19,6,3,1,0,1,1,1,1785528608
2026-07-31T20:13:45Z,83,10,4,23,1,0,1,1,1,1785528806
2026-07-31T20:13:45Z,84,1,0,25,1,0,1,1,1,1785528809
2026-07-31T20:13:45Z,85,11,1,4,0,0,1,1,1,1785528736
2026-07-31T20:13:45Z,86,4,0,23,0,0,1,1,1,1785528489
2026-07-31T20:13:45Z,87,5,0,14,0,0,1,1,1,1785528247
2026-07-31T20:13:45Z,88,10,0,32,1,0,1,1,1,1785528779
2026-07-31T20:13:45Z,89,30,2,5,0,0,1,1,1,1785528468
2026-07-31T20:13:45Z,90,1,0,16,1,0,1,1,1,1785528813
2026-07-31T20:13:45Z,91,1,0,16,0,0,1,1,1,1785528542
2026-07-31T20:13:45Z,92,7,0,9,3,0,1,1,1,1785528639
2026-07-31T20:13:45Z,93,6,2,17,0,0,1,1,1,1785528779
2026-07-31T20:13:45Z,94,13,0,5,1,0,1,1,1,1785527778
2026-07-31T20:13:45Z,95,5,0,28,1,1,1,1,1,1785528811
2026-07-31T20:13:45Z,96,15,1,15,1,0,1,1,1,1785528720
2026-07-31T20:13:45Z,97,3,3,12,2,0,1,1,1,1785528767
2026-07-31T20:13:45Z,98,28,2,6,1,0,1,1,1,1785528779
2026-07-31T20:13:45Z,99,11,0,4,0,0,1,1,1,1785528664
2026-07-31T20:13:45Z,100,4,0,23,0,0,1,1,1,1785528781
2026-07-31T20:13:45Z,101,10,0,4,1,0,1,1,1,1785528788
2026-07-31T20:13:45Z,102,4,1,19,0,0,1,1,1,1785528548
2026-07-31T20:13:45Z,103,12,0,15,3,0,1,1,1,1785528801
2026-07-31T20:13:45Z,104,9,1,16,2,0,1,1,1,1785528810
2026-07-31T20:13:45Z,105,17,0,2,0,0,1,1,1,1785526643
2026-07-31T20:13:45Z,106,13,0,8,0,0,1,1,1,1785528437
2026-07-31T20:13:45Z,107,13,4,24,0,0,1,1,1,1785528788
2026-07-31T20:13:45Z,108,3,0,30,2,0,1,1,1,1785528759
2026-07-31T20:13:45Z,109,20,0,3,0,0,1,1,1,1785528751
2026-07-31T20:13:45Z,110,11,0,12,0,0,1,1,1,1785528663
2026-07-31T20:13:45Z,111,22,2,14,0,0,1,1,1,1785528817
2026-07-31T20:13:45Z,112,6,2,8,1,0,1,1,1,1785528806
2026-07-31T20:13:45Z,113,13,1,5,1,0,1,1,1,1785528768
2026-07-31T20:13:45Z,114,16,6,13,1,1,1,1,1,1785528693
2026-07-31T20:13:45Z,115,8,5,17,3,0,1,1,1,1785528635
2026-07-31T20:13:45Z,116,16,14,10,1,0,1,1,1,1785526995
2026-07-31T20:13:45Z,118,10,1,11,2,0,1,1,1,1785528753
2026-07-31T20:13:45Z,119,0,0,36,2,0,1,1,1,1785528572
2026-07-31T20:13:45Z,120,3,0,23,1,0,1,1,1,1785528727
2026-07-31T20:13:45Z,121,3,0,15,0,1,1,1,1,1785528756
2026-07-31T20:13:45Z,122,7,0,13,1,0,1,1,1,1785528642
2026-07-31T20:13:45Z,123,24,0,23,0,0,1,1,1,1785528578
2026-07-31T20:13:45Z,124,3,0,32,0,0,1,1,1,1785528722
2026-07-31T20:13:45Z,125,5,0,17,1,0,1,1,1,1785528642
2026-07-31T20:13:45Z,126,18,0,13,0,0,1,1,1,1785528553
2026-07-31T20:13:45Z,127,14,2,20,1,0,1,1,1,1785528782
2026-07-31T20:13:45Z,128,5,2,14,0,0,1,1,1,1785528768
2026-07-31T20:13:45Z,129,0,0,18,1,0,1,1,1,1785528743
2026-07-31T20:13:45Z,130,7,0,10,0,0,1,1,1,1785528449
2026-07-31T20:13:45Z,131,4,3,7,0,0,1,1,1,1785528787
2026-07-31T20:13:45Z,132,8,5,5,1,1,1,1,1,1785528689
2026-07-31T20:13:45Z,134,16,3,2,5,0,1,1,1,1785528810
2026-07-31T20:13:45Z,135,4,2,14,1,0,1,1,1,1785528747
2026-07-31T20:13:45Z,136,2,1,13,2,6,1,1,1,1785528583
2026-07-31T20:13:45Z,137,6,4,11,2,0,1,1,1,1785528790
2026-07-31T20:13:45Z,138,9,0,28,0,0,1,1,1,1785528768
2026-07-31T20:13:45Z,139,3,2,16,0,0,1,1,1,1785528653
2026-07-31T20:13:45Z,140,0,0,22,1,0,1,1,1,1785528814
2026-07-31T20:13:45Z,141,1,0,35,0,0,1,1,1,1785528750
2026-07-31T20:13:45Z,142,4,1,19,0,0,1,1,1,1785528597
2026-07-31T20:13:45Z,143,11,0,19,1,0,1,1,1,1785528742
2026-07-31T20:13:45Z,144,2,0,25,0,0,1,1,1,1785527674
2026-07-31T20:13:45Z,146,16,2,6,1,0,1,1,1,1785528719
2026-07-31T20:13:45Z,147,3,0,13,3,0,1,1,1,1785528737
2026-07-31T20:13:45Z,148,2,0,22,3,0,1,1,1,1785528799
2026-07-31T20:13:45Z,149,1,0,26,0,0,1,1,1,1785528626
2026-07-31T20:13:45Z,150,10,0,22,3,0,1,1,1,1785528811
2026-07-31T20:13:45Z,151,5,1,18,0,0,1,1,1,1785528082
2026-07-31T20:13:45Z,152,5,3,18,3,0,1,1,1,1785528811
2026-07-31T20:13:45Z,153,4,1,22,2,0,1,1,1,1785528694
2026-07-31T20:13:45Z,154,11,0,9,3,0,1,1,1,1785528755
2026-07-31T20:13:45Z,155,1,0,12,1,0,1,1,1,1785528694
2026-07-31T20:13:45Z,156,9,1,10,0,0,1,1,1,1785528366
2026-07-31T20:13:45Z,157,0,0,25,2,0,1,1,1,1785528817
2026-07-31T20:13:45Z,158,1,0,14,1,0,1,1,1,1785528642
2026-07-31T20:13:45Z,159,3,2,15,1,0,1,1,1,1785528551
2026-07-31T20:13:45Z,160,3,0,16,0,0,1,1,1,1785528680
2026-07-31T20:13:45Z,161,3,0,19,0,0,1,1,1,1785528731
2026-07-31T20:13:45Z,162,20,7,4,3,0,1,1,1,1785528815
2026-07-31T20:13:45Z,163,3,2,27,0,1,1,1,1,1785528670
2026-07-31T20:13:45Z,164,13,0,14,0,0,1,1,1,1785528447
2026-07-31T20:13:45Z,165,16,2,14,1,0,1,1,1,1785528790
2026-07-31T20:13:45Z,166,5,2,30,4,0,1,1,1,1785528814
2026-07-31T20:13:45Z,167,1,1,21,1,0,1,1,1,1785527340
2026-07-31T20:13:45Z,168,6,4,20,1,0,1,1,1,1785528771
2026-07-31T20:13:45Z,169,16,0,6,0,1,1,1,1,1785528597
2026-07-31T20:13:45Z,170,5,1,13,1,0,1,1,1,1785528310
2026-07-31T20:13:45Z,171,7,0,4,2,0,1,1,1,1785528664
2026-07-31T20:13:45Z,173,14,2,25,0,0,1,1,1,1785528663
2026-07-31T20:13:45Z,174,7,0,19,0,0,1,1,1,1785528672
2026-07-31T20:13:45Z,175,30,2,0,1,0,1,1,1,1785528292
2026-07-31T20:13:45Z,176,13,1,0,1,1,1,1,1,1785528781
2026-07-31T20:13:45Z,177,7,1,20,0,0,1,1,1,1785528643
2026-07-31T20:13:45Z,178,11,0,1,2,1,1,1,1,1785528815
2026-07-31T20:13:45Z,179,10,5,3,2,0,1,1,1,1785528818
2026-07-31T20:13:45Z,180,5,0,25,0,0,1,1,1,1785528752
2026-07-31T20:13:45Z,181,2,2,13,0,0,1,1,1,1785528803
2026-07-31T20:13:45Z,182,5,1,12,0,0,1,1,1,1785528474
2026-07-31T20:13:45Z,183,1,1,21,1,0,1,1,1,1785527983
2026-07-31T20:13:45Z,184,18,1,2,3,0,1,1,1,1785528716
2026-07-31T20:13:45Z,185,7,4,5,2,1,1,1,1,1785528744
2026-07-31T20:13:45Z,186,4,1,15,0,0,1,1,1,1785528472
2026-07-31T20:13:45Z,187,7,1,20,1,0,1,1,1,1785528395
2026-07-31T20:13:45Z,188,6,3,13,8,0,1,1,1,1785528815
2026-07-31T20:13:45Z,189,2,2,13,0,0,1,1,1,1785527135
2026-07-31T20:13:45Z,190,8,1,15,0,0,1,1,1,1785528773
2026-07-31T20:13:45Z,191,23,10,15,1,0,1,1,1,1785528675
2026-07-31T20:13:45Z,192,2,2,26,3,0,1,1,1,1785528550
2026-07-31T20:13:45Z,193,1,0,12,2,0,1,1,1,1785528808
2026-07-31T20:13:45Z,194,7,7,20,0,0,1,1,1,1785528659
2026-07-31T20:13:45Z,195,1,1,18,0,0,1,1,1,1785526508
2026-07-31T20:13:45Z,196,8,6,18,1,0,1,1,1,1785528778
2026-07-31T20:13:45Z,197,1,1,17,0,1,1,1,1,1785528739
2026-07-31T20:13:45Z,198,12,10,10,1,0,1,1,1,1785528784
2026-07-31T20:13:45Z,199,4,1,10,1,0,1,1,1,1785528777
2026-07-31T20:13:45Z,200,18,15,7,1,0,1,1,1,1785528686
2026-07-31T20:13:45Z,201,4,2,19,0,0,1,1,1,1785528577
2026-07-31T20:13:45Z,202,10,0,17,0,0,1,1,1,1785528097
2026-07-31T20:13:45Z,203,14,0,16,1,0,1,1,1,1785528697
2026-07-31T20:13:45Z,204,28,2,6,1,0,1,1,1,1785528737
2026-07-31T20:13:45Z,205,12,0,15,0,0,1,1,1,1785528320
2026-07-31T20:13:45Z,206,1,1,14,0,0,1,1,1,1785528659
2026-07-31T20:13:45Z,207,18,2,3,0,0,1,1,1,1785528786
2026-07-31T20:13:45Z,208,2,0,26,1,0,1,1,1,1785528792
2026-07-31T20:13:45Z,209,19,2,11,1,0,1,1,1,1785528775
2026-07-31T20:13:45Z,210,1,1,25,1,0,1,1,1,1785528663
2026-07-31T20:13:45Z,211,3,0,19,1,0,1,1,1,1785528405
2026-07-31T20:13:45Z,212,6,1,28,1,0,1,1,1,1785528784
2026-07-31T20:13:45Z,213,13,3,9,1,0,1,1,1,1785528622
2026-07-31T20:13:45Z,214,11,7,34,2,0,1,1,1,1785528779
2026-07-31T20:13:45Z,215,2,2,20,1,0,1,1,1,1785528767
2026-07-31T20:13:45Z,216,5,0,13,1,0,1,1,1,1785528702
2026-07-31T20:13:45Z,217,19,0,9,1,0,1,1,1,1785528780
2026-07-31T20:13:45Z,218,7,7,27,5,0,1,1,1,1785528610
2026-07-31T20:13:45Z,219,25,0,0,1,0,1,1,1,1785528738
2026-07-31T20:13:45Z,220,12,5,29,1,1,1,1,1,1785528694
2026-07-31T20:13:45Z,221,0,0,14,1,0,1,1,1,1785527771
2026-07-31T20:13:45Z,222,2,1,17,0,0,1,1,1,1785528567
2026-07-31T20:13:45Z,223,14,2,18,3,0,1,1,1,1785528720
2026-07-31T20:13:45Z,224,2,0,19,1,0,1,1,1,1785528807
2026-07-31T20:13:45Z,225,7,1,8,4,0,1,1,1,1785528786
2026-07-31T20:13:45Z,226,2,1,28,1,0,1,1,1,1785528767
2026-07-31T20:13:45Z,227,1,1,25,1,0,1,1,1,1785528498
2026-07-31T20:13:45Z,228,6,4,11,2,0,1,1,1,1785528677
2026-07-31T20:13:45Z,230,1,0,25,0,0,1,1,1,1785528607
2026-07-31T20:13:45Z,232,3,0,13,1,0,1,1,1,1785528597
2026-07-31T20:13:45Z,233,10,6,19,2,0,1,1,1,1785528687
2026-07-31T20:13:45Z,234,9,3,4,4,2,1,1,1,1785528337
2026-07-31T20:13:45Z,236,8,1,11,0,0,1,1,1,1785528801
2026-07-31T20:13:45Z,237,8,0,14,1,0,1,1,1,1785528728
2026-07-31T20:13:45Z,239,8,5,15,4,0,1,1,1,1785528801
2026-07-31T20:13:45Z,241,1,1,21,1,0,1,1,1,1785528305
2026-07-31T20:13:45Z,242,1,0,20,2,0,1,1,1,1785528802
2026-07-31T20:13:45Z,243,12,10,17,2,0,1,1,1,1785528816
2026-07-31T20:13:45Z,244,3,3,22,2,0,1,1,1,1785528696
2026-07-31T20:13:45Z,245,7,4,16,0,0,1,1,1,1785528795
2026-07-31T20:13:45Z,246,12,3,11,0,0,1,1,1,1785528791
2026-07-31T20:13:45Z,247,4,3,17,2,0,1,1,1,1785528240
2026-07-31T20:13:45Z,248,13,5,7,3,0,1,1,1,1785528716
2026-07-31T20:13:45Z,249,15,15,3,1,0,1,1,1,1785528695
2026-07-31T20:13:45Z,250,5,2,20,2,0,1,1,1,1785528661
2026-07-31T20:13:45Z,251,19,9,4,4,0,1,1,1,1785528600
2026-07-31T20:13:45Z,253,5,1,14,0,0,1,1,1,1785528544
2026-07-31T20:13:45Z,254,2,0,40,1,0,1,1,1,1785528490
2026-07-31T20:13:45Z,255,14,0,8,0,1,1,1,1,1785528511
2026-07-31T20:13:45Z,256,3,3,18,2,0,1,1,1,1785528807
2026-07-31T20:13:45Z,257,1,0,17,1,0,1,1,1,1785528632
2026-07-31T20:13:45Z,258,11,10,8,0,0,1,1,1,1785528773
2026-07-31T20:13:45Z,259,14,0,8,0,1,1,1,1,1785528573
2026-07-31T20:13:45Z,260,3,1,14,2,0,1,1,1,1785528785
2026-07-31T20:13:45Z,261,0,0,17,1,1,1,1,1,1785528749
2026-07-31T20:13:45Z,262,8,2,14,1,0,1,1,1,1785528670
2026-07-31T20:13:45Z,263,1,1,14,0,0,1,1,1,1785527864
2026-07-31T20:13:45Z,264,4,2,15,0,0,1,1,1,1785528411
2026-07-31T20:13:45Z,265,0,0,15,0,0,1,1,1,1785528680
2026-07-31T20:13:45Z,266,0,0,18,1,0,1,1,1,1785528517
2026-07-31T20:13:45Z,267,8,4,6,1,0,1,1,1,1785526233
2026-07-31T20:13:45Z,268,16,6,7,0,0,1,1,1,1785528656
2026-07-31T20:13:45Z,269,1,1,22,0,0,1,1,1,1785528334
2026-07-31T20:13:45Z,270,6,3,20,1,0,1,1,1,1785528543
2026-07-31T20:13:45Z,271,3,0,14,2,0,1,1,1,1785528506
2026-07-31T20:13:45Z,272,6,2,17,0,0,1,1,1,1785528421
2026-07-31T20:13:45Z,273,3,0,12,0,0,1,1,1,1785528785
2026-07-31T20:13:45Z,274,5,2,12,2,0,1,1,1,1785527589
2026-07-31T20:13:45Z,275,11,0,12,0,0,1,1,1,1785528378
2026-07-31T20:13:45Z,276,3,1,24,0,0,1,1,1,1785528753
2026-07-31T20:13:45Z,277,16,10,3,4,0,1,1,1,1785528742
2026-07-31T20:13:45Z,278,15,9,11,5,0,1,1,1,1785528755
2026-07-31T20:13:45Z,279,11,0,8,0,0,1,1,1,1785528633
2026-07-31T20:13:45Z,280,1,0,26,4,0,1,1,1,1785528552
2026-07-31T20:13:45Z,281,3,2,16,0,0,1,1,1,1785528548
2026-07-31T20:13:45Z,282,7,2,11,0,0,1,1,1,1785527347
2026-07-31T20:13:45Z,283,19,0,15,1,0,1,1,1,1785528639
2026-07-31T20:13:45Z,284,0,0,32,3,0,1,1,1,1785528764
2026-07-31T20:13:45Z,285,4,1,19,0,0,1,1,1,1785528317
2026-07-31T20:13:45Z,286,5,4,18,0,0,1,1,1,1785528751
2026-07-31T20:13:45Z,287,13,2,8,2,0,1,1,1,1785527961
2026-07-31T20:13:45Z,288,4,1,15,0,0,1,1,1,1785528807
2026-07-31T20:13:45Z,289,13,9,13,1,0,1,1,1,1785528772
2026-07-31T20:13:45Z,290,6,0,32,1,0,1,1,1,1785528757
2026-07-31T20:13:45Z,291,12,1,10,1,0,1,1,1,1785528761
2026-07-31T20:13:45Z,292,14,0,9,0,0,1,1,1,1785528183
2026-07-31T20:13:45Z,293,6,6,17,0,0,1,1,1,1785528817
2026-07-31T20:13:45Z,294,8,5,13,1,0,1,1,1,1785528771
2026-07-31T20:13:45Z,297,7,2,10,1,1,1,1,1,1785528714
2026-07-31T20:13:45Z,301,11,0,8,0,0,1,1,1,1785528664
2026-07-31T20:13:45Z,302,14,2,9,0,0,1,1,1,1785528783
2026-07-31T20:13:45Z,303,4,0,15,0,0,1,1,1,1785528804
2026-07-31T20:13:45Z,304,0,0,0,0,0,0,1,1,86400
2026-07-31T20:13:45Z,305,5,0,13,1,0,1,1,1,1785528810
2026-07-31T20:13:45Z,306,1,0,31,0,0,1,1,1,1785528510
2026-07-31T20:13:45Z,307,8,2,14,1,0,1,1,1,1785528728
2026-07-31T20:13:45Z,308,2,0,15,2,0,1,1,1,1785528658
2026-07-31T20:13:45Z,309,0,0,12,2,0,1,1,1,1785527624
2026-07-31T20:13:45Z,311,3,0,12,0,0,1,1,1,1785527793
2026-07-31T20:13:45Z,312,10,8,10,2,1,1,1,1,1785528634
2026-07-31T20:13:45Z,313,5,0,10,0,0,1,1,1,1785526554
2026-07-31T20:13:45Z,314,7,3,10,2,0,1,1,1,1785528289
2026-07-31T20:13:45Z,315,12,3,17,2,0,1,1,1,1785528539
2026-07-31T20:13:45Z,316,3,1,21,6,1,1,1,1,1785528788
2026-07-31T20:13:45Z,317,8,5,22,0,1,1,1,1,1785528807
2026-07-31T20:13:45Z,318,16,0,3,0,0,1,1,1,1785528757
2026-07-31T20:13:45Z,319,17,0,4,2,0,1,1,1,1785528495
2026-07-31T20:13:45Z,320,11,0,7,1,0,1,1,1,1785528710
2026-07-31T20:13:45Z,321,3,0,12,4,0,1,1,1,1785528739
2026-07-31T20:13:45Z,322,13,0,16,0,0,1,1,1,1785528486
2026-07-31T20:13:45Z,323,7,0,12,0,0,1,1,1,1785528805
2026-07-31T20:13:45Z,324,13,0,13,1,0,1,1,1,1785528810
2026-07-31T20:13:45Z,325,2,1,23,2,0,1,1,1,1785528586
2026-07-31T20:13:45Z,327,9,0,16,2,0,1,1,1,1785528713
2026-07-31T20:13:45Z,328,9,0,12,1,0,1,1,1,1785528434
2026-07-31T20:13:45Z,329,2,0,14,3,0,1,1,1,1785528543
2026-07-31T20:13:45Z,330,17,0,5,0,0,1,1,1,1785528691
2026-07-31T20:13:45Z,331,13,0,8,2,0,1,1,1,1785528651
2026-07-31T20:13:45Z,332,2,2,15,2,0,1,1,1,1785528255
2026-07-31T20:13:45Z,333,2,2,20,1,0,1,1,1,1785528452
2026-07-31T20:13:45Z,334,5,0,18,0,0,1,1,1,1785528518
2026-07-31T20:13:45Z,335,2,2,20,0,1,1,1,1,1785528586
2026-07-31T20:13:45Z,336,2,1,17,0,0,1,1,1,1785528646
2026-07-31T20:13:45Z,337,10,0,9,4,0,1,1,1,1785528811
2026-07-31T20:13:45Z,338,5,4,14,0,0,1,1,1,1785528628
2026-07-31T20:13:45Z,339,14,11,5,4,0,1,1,1,1785528638
2026-07-31T20:13:45Z,340,0,0,14,1,0,1,1,1,1785526744
2026-07-31T20:13:45Z,341,2,1,17,0,0,1,1,1,1785528808
2026-07-31T20:13:45Z,342,2,0,13,0,0,1,1,1,1785527722
2026-07-31T20:13:45Z,343,12,3,10,1,0,1,1,1,1785528735
2026-07-31T20:13:45Z,344,1,1,22,0,0,1,1,1,1785528633
2026-07-31T20:13:45Z,345,9,1,10,0,0,1,1,1,1785528779
2026-07-31T20:13:45Z,346,4,2,19,0,0,1,1,1,1785526764
2026-07-31T20:13:45Z,347,39,6,4,1,0,1,1,1,1785528813
2026-07-31T20:13:45Z,348,12,0,10,0,1,1,1,1,1785528746
2026-07-31T20:13:45Z,349,15,3,4,0,0,1,1,1,1785526060
2026-07-31T20:13:45Z,350,1,0,24,1,1,1,1,1,1785528495
2026-07-31T20:13:45Z,351,1,0,20,2,0,1,1,1,1785528739
2026-07-31T20:13:45Z,355,0,0,23,0,0,1,1,1,1785528655
2026-07-31T20:13:45Z,356,4,1,15,0,0,1,1,1,1785528553
2026-07-31T20:13:45Z,357,4,2,14,1,0,1,1,1,1785528538
2026-07-31T20:13:45Z,358,11,2,15,1,0,1,1,1,1785528700
2026-07-31T20:13:45Z,359,13,1,14,0,0,1,1,1,1785527751
2026-07-31T20:13:45Z,360,5,3,14,0,0,1,1,1,1785528632
2026-07-31T20:13:45Z,362,4,2,13,2,0,1,1,1,1785528198
2026-07-31T20:13:45Z,363,17,3,10,0,0,1,1,1,1785528722
2026-07-31T20:13:45Z,364,1,1,18,0,0,1,1,1,1785527104
2026-07-31T20:13:45Z,365,0,0,20,3,0,1,1,1,1785527508
2026-07-31T20:13:45Z,366,6,4,16,1,0,1,1,1,1785528678
2026-07-31T20:13:45Z,367,0,0,17,2,0,1,1,1,1785528629
2026-07-31T20:13:45Z,368,1,0,21,1,0,1,1,1,1785528535
2026-07-31T20:13:45Z,370,3,1,24,0,0,1,1,1,1785528448
2026-07-31T20:13:45Z,371,3,2,15,1,0,1,1,1,1785528641
2026-07-31T20:13:45Z,372,15,0,0,0,0,1,1,1,1785527839
2026-07-31T20:13:45Z,373,1,0,26,0,0,1,1,1,1785528275
2026-07-31T20:13:45Z,374,2,0,16,1,0,1,1,1,1785528299
2026-07-31T20:13:45Z,375,16,3,9,2,0,1,1,1,1785528691
2026-07-31T20:13:45Z,376,16,1,21,2,0,1,1,1,1785528811
2026-07-31T20:13:45Z,377,1,0,26,0,0,1,1,1,1785528446
2026-07-31T20:13:45Z,378,3,3,20,0,1,1,1,1,1785528695
2026-07-31T20:13:45Z,379,8,0,16,3,0,1,1,1,1785528718
2026-07-31T20:13:45Z,380,1,1,22,0,0,1,1,1,1785528793
2026-07-31T20:13:45Z,381,9,0,14,0,0,1,1,1,1785528212
2026-07-31T20:13:45Z,383,2,1,10,3,0,1,1,1,1785528754
2026-07-31T20:13:45Z,384,3,1,21,3,0,1,1,1,1785528775
2026-07-31T20:13:45Z,385,1,1,16,1,0,1,1,1,1785528612
2026-07-31T20:13:45Z,387,8,2,15,0,0,1,1,1,1785528434
2026-07-31T20:13:45Z,388,35,2,11,3,0,1,1,1,1785528807
2026-07-31T20:13:45Z,389,6,3,8,1,0,1,1,1,1785528140
2026-07-31T20:13:45Z,390,8,1,27,0,0,1,1,1,1785528783
2026-07-31T20:13:45Z,391,1,1,14,0,0,1,1,1,1785528668
2026-07-31T20:13:45Z,392,0,0,18,1,0,1,1,1,1785528675
2026-07-31T20:13:45Z,393,1,1,7,3,0,1,1,1,1785528279
2026-07-31T20:13:45Z,394,8,0,2,3,0,1,1,1,1785528352
2026-07-31T20:13:45Z,396,16,4,24,2,0,1,1,1,1785528689
2026-07-31T20:13:45Z,397,22,9,9,0,0,1,1,1,1785528524
2026-07-31T20:13:45Z,399,2,0,12,3,0,1,1,1,1785528352
2026-07-31T20:13:45Z,400,13,8,8,2,0,1,1,1,1785527462
2026-07-31T20:13:45Z,401,1,1,30,8,0,1,1,1,1785528724
2026-07-31T20:13:45Z,403,21,2,7,3,0,1,1,1,1785528551
2026-07-31T20:13:45Z,404,6,2,16,1,0,1,1,1,1785528131
2026-07-31T20:13:45Z,406,15,5,20,0,0,1,1,1,1785528756
2026-07-31T20:13:45Z,407,4,0,29,1,0,1,1,1,1785528783
2026-07-31T20:13:45Z,408,6,1,24,3,0,1,1,1,1785528673
2026-07-31T20:13:45Z,409,20,2,0,3,0,1,1,1,1785528756
2026-07-31T20:13:45Z,413,10,2,11,2,0,1,1,1,1785528776
2026-07-31T20:13:45Z,414,8,0,7,0,0,1,1,1,1785528743
2026-07-31T20:13:45Z,417,3,3,16,0,0,1,1,1,1785528299
2026-07-31T20:13:45Z,418,3,1,12,0,0,1,1,1,1785527986
2026-07-31T20:13:45Z,419,12,2,11,0,0,1,1,1,1785528583
2026-07-31T20:13:45Z,421,1,1,18,0,0,1,1,1,1785528673
2026-07-31T20:13:45Z,422,15,2,12,0,0,1,1,1,1785528738
2026-07-31T20:13:45Z,423,1,0,21,1,0,1,1,1,1785526476
2026-07-31T20:13:45Z,424,6,2,5,3,1,1,1,1,1785528738
2026-07-31T20:13:45Z,425,4,3,16,1,1,1,1,1,1785528760
2026-07-31T20:13:45Z,426,18,0,16,3,0,1,1,1,1785528788
2026-07-31T20:13:45Z,427,8,0,4,3,0,1,1,1,1785528792
2026-07-31T20:13:45Z,428,14,1,5,0,0,1,1,1,1785528765
2026-07-31T20:13:45Z,429,9,6,12,2,0,1,1,1,1785528810
2026-07-31T20:13:45Z,430,5,1,24,1,1,1,1,1,1785528667
2026-07-31T20:13:45Z,431,2,1,30,1,0,1,1,1,1785528362
2026-07-31T20:13:45Z,432,0,0,30,1,0,0,1,1,1785508564
2026-07-31T20:13:45Z,433,5,2,15,3,0,1,1,1,1785527665
2026-07-31T20:13:45Z,437,1,1,16,2,0,1,1,1,1785528813
2026-07-31T20:13:45Z,438,16,2,2,1,0,1,1,1,1785528687
2026-07-31T20:13:45Z,439,4,4,11,0,0,1,1,1,1785528758
2026-07-31T20:13:45Z,440,13,3,1,1,0,1,1,1,1785528749
2026-07-31T20:13:45Z,441,3,2,9,3,0,1,1,1,1785528815
2026-07-31T20:13:45Z,442,6,5,12,1,0,1,1,1,1785528436
2026-07-31T20:13:45Z,443,5,2,22,0,0,1,1,1,1785512432
2026-07-31T20:13:45Z,444,6,2,17,0,0,1,1,1,1785527602
2026-07-31T20:13:45Z,445,6,2,16,1,0,1,1,1,1785528533
2026-07-31T20:13:45Z,446,1,0,21,1,0,1,1,1,1785519783
2026-07-31T20:13:45Z,447,3,0,18,1,1,1,1,1,1785496389
2026-07-31T20:13:45Z,448,7,1,7,1,0,1,1,1,1785523571
2026-07-31T20:13:45Z,452,2,1,16,1,0,1,1,1,1785528804
2026-07-31T20:13:45Z,453,5,3,6,4,0,1,1,1,1785528777
2026-07-31T20:13:45Z,454,14,0,5,0,0,1,1,1,1785528403
2026-07-31T20:13:45Z,455,1,1,38,0,0,1,1,1,1785528816
2026-07-31T20:13:45Z,456,17,3,2,1,0,1,1,1,1785528773
2026-07-31T20:13:45Z,457,19,3,3,5,0,1,1,1,1785528739
2026-07-31T20:13:45Z,458,2,0,20,1,0,1,1,1,1785528631
2026-07-31T20:13:45Z,459,8,1,7,0,0,1,1,1,1785528257
2026-07-31T20:13:45Z,460,11,1,12,0,0,1,1,1,1785528679
2026-07-31T20:13:45Z,461,15,0,4,0,0,1,1,1,1785528693
2026-07-31T20:13:45Z,462,17,2,4,0,0,1,1,1,1785528690
2026-07-31T20:13:45Z,463,9,1,10,0,0,1,1,1,1785526740
2026-07-31T20:13:45Z,464,0,0,14,0,0,1,1,1,1785528198
2026-07-31T20:13:45Z,465,2,2,13,0,0,1,1,1,1785528628
2026-07-31T20:13:45Z,466,3,1,7,5,0,1,1,1,1785528675
2026-07-31T20:13:45Z,467,4,1,15,0,0,1,1,1,1785528800
2026-07-31T20:13:45Z,468,0,0,18,1,0,1,1,1,1785527178
2026-07-31T20:13:45Z,469,14,1,8,1,0,1,1,1,1785528699
2026-07-31T20:13:45Z,470,0,0,13,2,0,1,1,1,1785528555
2026-07-31T20:13:45Z,471,27,2,0,0,0,1,1,1,1785528650
2026-07-31T20:13:45Z,472,6,2,11,2,0,1,1,1,1785528649
2026-07-31T20:13:45Z,473,6,0,13,0,0,1,1,1,1785528344
2026-07-31T20:13:45Z,474,11,1,8,0,0,1,1,1,1785528810
2026-07-31T20:13:45Z,475,5,4,13,1,0,1,1,1,1785527727
2026-07-31T20:13:45Z,477,8,0,7,0,0,1,1,1,1785527382
2026-07-31T20:13:45Z,478,19,1,12,0,0,1,1,1,1785528794
2026-07-31T20:13:45Z,479,7,0,18,2,0,1,1,1,1785527905
2026-07-31T20:13:45Z,480,4,0,9,2,0,1,1,1,1785527228
2026-07-31T20:13:45Z,481,12,1,22,1,0,1,1,1,1785528800
2026-07-31T20:13:45Z,482,5,5,13,1,0,1,1,1,1785528299
2026-07-31T20:13:45Z,483,6,0,19,2,0,1,1,1,1785528793
2026-07-31T20:13:45Z,484,4,2,14,1,0,1,1,1,1785528765
2026-07-31T20:13:45Z,485,8,1,10,0,1,1,1,1,1785528638
2026-07-31T20:13:45Z,486,0,0,24,3,0,1,1,1,1785528558
2026-07-31T20:13:45Z,487,8,5,9,2,0,1,1,1,1785528420
2026-07-31T20:13:45Z,489,1,1,14,0,0,1,1,1,1785528595
2026-07-31T20:13:45Z,490,9,1,6,1,0,1,1,1,1785528089
2026-07-31T20:13:45Z,491,10,3,11,0,0,1,1,1,1785528578
2026-07-31T20:13:45Z,492,4,3,4,3,0,1,1,1,1785528814
2026-07-31T20:13:45Z,493,19,0,8,0,0,1,1,1,1785528612
2026-07-31T20:13:45Z,495,6,0,6,3,0,1,1,1,1785528646
2026-07-31T20:13:45Z,496,5,0,22,0,0,1,1,1,1785528782
2026-07-31T20:13:45Z,497,5,1,12,2,0,1,1,1,1785528791
2026-07-31T20:13:45Z,498,2,1,21,0,0,1,1,1,1785528423
2026-07-31T20:13:45Z,499,2,0,16,1,0,1,1,1,1785528590
2026-07-31T20:13:45Z,500,0,0,11,4,0,1,1,1,1785525419
2026-07-31T20:13:45Z,501,18,5,3,0,0,1,1,1,1785528197
2026-07-31T20:13:45Z,502,12,2,6,1,0,1,1,1,1785528390
2026-07-31T20:13:45Z,503,2,0,28,1,0,1,1,1,1785528506
2026-07-31T20:13:45Z,504,5,0,34,0,0,1,1,1,1785528759
2026-07-31T20:13:45Z,505,1,0,10,1,0,1,1,1,1785528297
2026-07-31T20:13:45Z,511,2,2,21,0,0,1,1,1,1785528668
2026-07-31T20:13:45Z,512,7,0,20,0,0,1,1,1,1785528166
2026-07-31T20:13:45Z,514,2,1,8,1,0,1,1,1,1785528370
2026-07-31T20:13:45Z,515,1,1,18,0,0,1,1,1,1785527371
2026-07-31T20:13:45Z,516,15,1,12,0,0,1,1,1,1785528737
2026-07-31T20:13:45Z,517,15,2,8,0,0,1,1,1,1785528725
2026-07-31T20:13:45Z,518,7,0,7,1,0,1,1,1,1785528813
2026-07-31T20:13:45Z,519,4,1,13,2,0,1,1,1,1785528553
2026-07-31T20:13:45Z,520,17,9,4,5,1,1,1,1,1785528813
2026-07-31T20:13:45Z,521,2,1,21,0,0,1,1,1,1785528757
2026-07-31T20:13:45Z,522,3,1,18,2,0,1,1,1,1785528100
2026-07-31T20:13:45Z,523,10,4,12,1,0,1,1,1,1785528638
2026-07-31T20:13:45Z,524,0,0,22,1,0,1,1,1,1785528779
2026-07-31T20:13:45Z,525,8,0,11,0,0,1,1,1,1785528766
2026-07-31T20:13:45Z,526,4,1,11,0,0,1,1,1,1785528088
2026-07-31T20:13:45Z,527,13,8,12,1,0,1,1,1,1785528677
2026-07-31T20:13:45Z,528,11,0,9,3,0,1,1,1,1785528258
2026-07-31T20:13:45Z,529,6,4,6,7,0,1,1,1,1785528817
2026-07-31T20:13:45Z,530,9,0,10,2,0,1,1,1,1785528700
2026-07-31T20:13:45Z,531,3,2,19,0,1,1,1,1,1785528625
2026-07-31T20:13:45Z,532,24,12,6,1,0,1,1,1,1785528816
2026-07-31T20:13:45Z,533,10,0,8,1,0,1,1,1,1785528065
2026-07-31T20:13:45Z,534,2,0,21,0,0,1,1,1,1785528746
2026-07-31T20:13:45Z,535,12,4,3,0,0,1,1,1,1785528543
2026-07-31T20:13:45Z,536,15,0,8,0,0,1,1,1,1785528527
2026-07-31T20:13:45Z,537,11,1,9,0,0,1,1,1,1785528536
2026-07-31T20:13:45Z,538,3,0,18,0,2,1,1,1,1785528774
2026-07-31T20:13:45Z,539,8,3,22,1,0,1,1,1,1785528627
2026-07-31T20:13:45Z,540,5,4,14,0,0,1,1,1,1785528618
2026-07-31T20:13:45Z,541,2,1,25,0,0,1,1,1,1785528140
2026-07-31T20:13:45Z,542,3,0,19,1,0,1,1,1,1785528629
2026-07-31T20:13:45Z,543,0,0,19,0,0,1,1,1,1785528303
2026-07-31T20:13:45Z,544,3,1,15,4,0,1,1,1,1785528556
2026-07-31T20:13:45Z,545,14,1,1,4,0,1,1,1,1785528671
2026-07-31T20:13:45Z,546,5,4,14,0,0,1,1,1,1785528731
2026-07-31T20:13:45Z,547,1,0,24,0,0,1,1,1,1785528368
2026-07-31T20:13:45Z,548,8,0,14,1,0,1,1,1,1785528650
2026-07-31T20:13:45Z,549,15,0,6,2,0,1,1,1,1785528799
2026-07-31T20:13:45Z,550,8,6,11,0,0,1,1,1,1785528527
2026-07-31T20:13:45Z,551,2,1,20,1,0,1,1,1,1785528375
2026-07-31T20:13:45Z,552,1,1,26,0,0,1,1,1,1785527983
2026-07-31T20:13:45Z,553,2,1,20,1,0,1,1,1,1785528358
2026-07-31T20:13:45Z,554,5,0,14,0,0,1,1,1,1785528354
2026-07-31T20:13:45Z,555,7,1,7,1,0,1,1,1,1785528592
2026-07-31T20:13:45Z,556,14,0,6,3,0,1,1,1,1785528817
2026-07-31T20:13:45Z,557,0,0,21,2,0,1,1,1,1785528124
2026-07-31T20:13:45Z,558,31,11,6,0,0,1,1,1,1785528718
2026-07-31T20:13:45Z,559,17,1,1,1,0,1,1,1,1785528339
2026-07-31T20:13:45Z,560,13,0,14,0,0,1,1,1,1785528374
2026-07-31T20:13:45Z,561,8,3,12,3,0,1,1,1,1785528816
2026-07-31T20:13:45Z,562,11,0,18,6,0,1,1,1,1785527654
2026-07-31T20:13:45Z,563,0,0,14,0,0,1,1,1,1785528457
2026-07-31T20:13:45Z,564,2,1,16,1,0,1,1,1,1785528459
2026-07-31T20:13:45Z,565,2,1,17,0,0,1,1,1,1785528360
2026-07-31T20:13:45Z,566,4,0,14,1,0,1,1,1,1785528634
2026-07-31T20:13:45Z,567,8,1,18,1,0,1,1,1,1785528603
2026-07-31T20:13:45Z,568,13,0,5,1,0,1,1,1,1785528745
2026-07-31T20:13:45Z,569,1,0,16,2,0,1,1,1,1785528671
2026-07-31T20:13:45Z,570,0,0,17,2,0,1,1,1,1785528801
2026-07-31T20:13:45Z,571,10,5,13,0,0,1,1,1,1785528797
2026-07-31T20:13:45Z,572,2,0,16,1,0,1,1,1,1785528678
2026-07-31T20:13:45Z,573,6,0,8,1,0,1,1,1,1785528460
2026-07-31T20:13:45Z,574,6,1,9,0,0,1,1,1,1785528734
2026-07-31T20:13:45Z,575,1,0,19,1,0,1,1,1,1785528476
2026-07-31T20:13:45Z,576,4,1,15,0,0,1,1,1,1785528587
2026-07-31T20:13:45Z,577,17,1,14,0,0,1,1,1,1785528580
2026-07-31T20:13:45Z,578,0,0,22,1,0,1,1,1,1785528425
2026-07-31T20:13:45Z,579,24,0,19,0,0,1,1,1,1785528735
2026-07-31T20:13:45Z,580,4,2,25,0,0,1,1,1,1785527766
2026-07-31T20:13:45Z,581,4,0,14,1,0,1,1,1,1785528799
2026-07-31T20:13:45Z,582,23,1,36,2,0,1,1,1,1785528766
2026-07-31T20:13:45Z,583,4,0,19,0,0,1,1,1,1785528509
2026-07-31T20:13:45Z,584,6,0,9,4,0,1,1,1,1785528588
2026-07-31T20:13:45Z,585,12,1,14,0,1,1,1,1,1785528186
2026-07-31T20:13:45Z,586,31,1,2,2,0,1,1,1,1785528460
2026-07-31T20:13:45Z,587,8,0,15,1,0,1,1,1,1785528748
2026-07-31T20:13:45Z,588,12,3,4,2,1,1,1,1,1785528565
2026-07-31T20:13:45Z,589,1,0,21,0,0,1,1,1,1785528229
2026-07-31T20:13:45Z,590,4,1,27,0,0,1,1,1,1785528360
2026-07-31T20:13:45Z,591,4,0,24,2,0,1,1,1,1785528635
2026-07-31T20:13:45Z,592,2,0,21,0,0,1,1,1,1785528786
2026-07-31T20:13:45Z,593,21,0,16,1,0,1,1,1,1785528765
2026-07-31T20:13:45Z,594,7,0,13,1,0,1,1,1,1785528758
2026-07-31T20:13:45Z,595,0,0,3,0,0,0,1,1,1784046673
2026-07-31T20:13:45Z,605,0,0,2,1,0,0,1,1,1783975843
2026-07-31T20:13:45Z,606,0,0,0,0,0,0,1,1,86400
2026-07-31T20:13:45Z,607,15,1,17,0,0,1,1,1,1785528568
2026-07-31T20:13:45Z,608,36,1,13,1,0,1,1,1,1785528633
2026-07-31T20:13:45Z,609,11,10,12,0,0,1,1,1,1785528458
2026-07-31T20:13:45Z,610,13,0,21,1,0,1,1,1,1785528736
2026-07-31T20:13:45Z,611,19,4,7,1,0,1,1,1,1785528569
2026-07-31T20:13:45Z,612,7,1,8,0,0,1,1,1,1785522916
2026-07-31T20:13:45Z,613,11,4,1,3,0,1,1,1,1785528243
2026-07-31T20:13:45Z,614,8,7,16,2,1,1,1,1,1785528141
2026-07-31T20:13:45Z,617,3,0,10,2,0,1,1,1,1785527015
2026-07-31T20:13:45Z,618,12,1,2,5,0,1,1,1,1785528657
2026-07-31T20:13:45Z,619,1,1,18,0,0,1,1,1,1785528754
2026-07-31T20:13:45Z,620,18,1,8,1,0,1,1,1,1785528721
2026-07-31T20:13:45Z,621,3,0,19,1,0,1,1,1,1785528507
2026-07-31T20:13:45Z,622,14,1,7,2,0,1,1,1,1785528740
2026-07-31T20:13:45Z,623,28,11,1,1,0,1,1,1,1785528803
2026-07-31T20:13:45Z,624,1,0,14,0,0,1,1,1,1785528431
2026-07-31T20:13:45Z,625,17,3,0,4,0,1,1,1,1785528564
2026-07-31T20:13:45Z,626,36,1,9,0,2,1,1,1,1785528692
2026-07-31T20:13:45Z,627,13,3,6,0,0,1,1,1,1785528343
2026-07-31T20:13:45Z,628,7,7,11,0,1,1,1,1,1785528478
2026-07-31T20:13:45Z,629,2,1,7,2,0,1,1,1,1785528781
2026-07-31T20:13:45Z,630,3,0,21,3,0,1,1,1,1785528816
2026-07-31T20:13:45Z,631,9,7,14,0,0,1,1,1,1785528617
2026-07-31T20:13:45Z,632,21,1,0,2,0,1,1,1,1785528715
2026-07-31T20:13:45Z,633,12,3,0,3,0,1,1,1,1785526124
2026-07-31T20:13:45Z,634,11,2,8,0,0,1,1,1,1785527120
2026-07-31T20:13:45Z,635,16,0,2,1,0,1,1,1,1785528403
2026-07-31T20:13:45Z,636,7,2,8,0,0,1,1,1,1785526430
2026-07-31T20:13:45Z,637,8,2,9,2,0,1,1,1,1785527161
2026-07-31T20:13:45Z,638,4,1,13,2,0,1,1,1,1785527879
2026-07-31T20:13:45Z,639,7,1,10,2,0,1,1,1,1785510058
2026-07-31T20:13:45Z,640,13,8,8,2,0,1,1,1,1785528807
2026-07-31T20:13:45Z,641,6,0,21,0,0,1,1,1,1785528472
2026-07-31T20:13:45Z,642,9,3,2,8,0,1,1,1,1785528817
2026-07-31T20:13:45Z,643,9,0,10,9,0,1,1,1,1785528816
2026-07-31T20:13:45Z,644,12,1,2,1,0,1,1,1,1785528211
2026-07-31T20:13:45Z,645,13,1,8,1,1,1,1,1,1785528767
2026-07-31T20:13:45Z,646,3,0,15,1,0,1,1,1,1785527342
2026-07-31T20:13:45Z,647,4,0,27,0,0,1,1,1,1785528797
2026-07-31T20:13:45Z,648,3,0,15,1,0,1,1,1,1785528355
2026-07-31T20:13:45Z,649,6,6,25,0,0,1,1,1,1785528780
2026-07-31T20:13:45Z,650,5,1,9,0,0,1,1,1,1785528260
2026-07-31T20:13:45Z,651,0,0,23,0,0,1,1,1,1785528763
2026-07-31T20:13:45Z,652,1,0,19,3,0,1,1,1,1785528616
2026-07-31T20:13:45Z,653,2,0,16,1,0,1,1,1,1785527752
2026-07-31T20:13:45Z,654,3,0,12,0,0,1,1,1,1785527773
2026-07-31T20:13:45Z,655,8,4,0,4,1,1,1,1,1785528776
2026-07-31T20:13:45Z,656,5,2,14,0,0,1,1,1,1785528675
2026-07-31T20:13:45Z,657,9,3,4,2,2,1,1,1,1785528557
2026-07-31T20:13:45Z,658,7,1,3,0,0,1,1,1,1785526893
2026-07-31T20:13:45Z,659,7,4,6,2,0,1,1,1,1785526201
2026-07-31T20:13:45Z,660,25,6,2,4,0,1,1,1,1785528783
2026-07-31T20:13:45Z,661,16,3,3,0,0,1,1,1,1785528653
2026-07-31T20:13:45Z,662,6,3,14,3,0,1,1,1,1785526394
2026-07-31T20:13:45Z,663,2,0,13,0,0,1,1,1,1785528655
2026-07-31T20:13:45Z,664,20,1,7,0,0,1,1,1,1785527819
2026-07-31T20:13:45Z,665,11,4,4,0,0,1,1,1,1785525553
2026-07-31T20:13:45Z,666,4,2,8,3,0,1,1,1,1785526234
2026-07-31T20:13:45Z,667,13,3,5,1,0,1,1,1,1785528795
2026-07-31T20:13:45Z,668,3,1,16,0,0,1,1,1,1785528513
2026-07-31T20:13:45Z,669,9,3,3,2,0,1,1,1,1785528219
2026-07-31T20:13:45Z,670,22,1,2,3,0,1,1,1,1785528069
2026-07-31T20:13:45Z,671,20,6,7,0,0,1,1,1,1785528746
2026-07-31T20:13:45Z,672,4,0,15,3,1,1,1,1,1785527449
2026-07-31T20:13:45Z,673,10,0,13,0,0,1,1,1,1785528775
2026-07-31T20:13:45Z,674,9,1,12,2,0,1,1,1,1785528525
2026-07-31T20:13:45Z,675,3,1,10,2,0,1,1,1,1785528049
2026-07-31T20:13:45Z,676,4,0,17,1,0,1,1,1,1785528268
2026-07-31T20:13:45Z,681,11,5,2,1,1,1,1,1,1785528663
2026-07-31T20:13:45Z,682,5,1,14,0,0,1,1,1,1785522108
2026-07-31T20:13:45Z,683,1,1,18,0,0,1,1,1,1785527602
2026-07-31T20:13:45Z,684,3,1,24,0,0,1,1,1,1785518528
2026-07-31T20:13:45Z,685,6,0,19,1,1,1,1,1,1785525624
2026-07-31T20:13:45Z,686,9,0,15,3,0,1,1,1,1785528620
2026-07-31T20:13:45Z,687,13,1,16,1,1,1,1,1,1785528647
2026-07-31T20:13:45Z,688,11,0,1,7,0,1,1,1,1785510286
2026-07-31T20:13:45Z,692,5,2,16,0,0,1,1,1,1785527722
2026-07-31T20:13:45Z,693,6,0,2,3,0,1,1,1,1785527011
2026-07-31T20:13:45Z,694,12,6,9,0,0,1,1,1,1785528673
2026-07-31T20:13:45Z,695,5,5,18,0,0,1,1,1,1785528628
2026-07-31T20:13:45Z,696,10,5,13,0,0,1,1,1,1785528817
2026-07-31T20:13:45Z,697,14,2,9,0,0,1,1,1,1785528389
2026-07-31T20:13:45Z,698,15,3,12,0,0,1,1,1,1785528631
2026-07-31T20:13:45Z,699,6,0,8,1,0,1,1,1,1785528473
2026-07-31T20:13:45Z,700,15,1,3,1,0,1,1,1,1785528684
2026-07-31T20:13:45Z,701,14,5,5,0,0,1,1,1,1785528815
2026-07-31T20:13:45Z,702,6,1,16,1,0,1,1,1,1785528033
2026-07-31T20:13:45Z,704,0,0,15,0,0,1,1,1,1785528385
2026-07-31T20:13:45Z,705,2,1,13,0,0,1,1,1,1785527628
2026-07-31T20:13:45Z,706,4,2,9,2,0,1,1,1,1785528749
2026-07-31T20:13:45Z,707,8,1,7,0,0,1,1,1,1785528782
2026-07-31T20:13:45Z,708,5,0,13,1,0,1,1,1,1785528799
2026-07-31T20:13:45Z,709,4,0,8,3,0,1,1,1,1785528814
2026-07-31T20:13:45Z,710,3,3,16,0,0,1,1,1,1785528752
2026-07-31T20:13:45Z,711,4,1,16,3,0,1,1,1,1785528553
2026-07-31T20:13:45Z,712,9,8,6,0,0,1,1,1,1785528774
2026-07-31T20:13:45Z,713,3,1,20,0,0,1,1,1,1785528099
2026-07-31T20:13:45Z,716,4,3,11,0,0,1,1,1,1785527966
2026-07-31T20:13:45Z,717,5,2,18,2,0,1,1,1,1785527579
2026-07-31T20:13:45Z,718,6,1,7,2,0,1,1,1,1785528664
2026-07-31T20:13:45Z,719,7,1,22,0,0,1,1,1,1785528415
2026-07-31T20:13:45Z,720,0,0,19,0,0,1,1,1,1785527558
2026-07-31T20:13:45Z,721,9,0,11,3,0,1,1,1,1785528445
2026-07-31T20:13:45Z,722,6,0,9,0,0,1,1,1,1785527332
2026-07-31T20:13:45Z,723,13,2,10,0,0,1,1,1,1785528348
2026-07-31T20:13:45Z,724,8,1,15,0,0,1,1,1,1785528576
2026-07-31T20:13:45Z,725,1,0,22,0,0,1,1,1,1785528558
2026-07-31T20:13:45Z,726,1,1,17,1,0,1,1,1,1785528759
2026-07-31T20:13:45Z,727,10,5,12,1,0,1,1,1,1785528398
2026-07-31T20:13:45Z,728,10,1,4,1,0,1,1,1,1785527864
2026-07-31T20:13:45Z,729,4,0,15,0,0,1,1,1,1785528776
2026-07-31T20:13:45Z,730,1,1,11,3,0,1,1,1,1785528463
2026-07-31T20:13:45Z,731,9,3,4,2,0,1,1,1,1785528650
2026-07-31T20:13:45Z,732,3,2,12,0,0,1,1,1,1785528621
2026-07-31T20:13:45Z,733,8,0,19,0,0,1,1,1,1785528465
2026-07-31T20:13:45Z,734,6,3,8,0,0,1,1,1,1785528516
2026-07-31T20:13:45Z,735,15,9,12,0,0,1,1,1,1785528815
2026-07-31T20:13:45Z,736,14,2,5,0,0,1,1,1,1785528755
2026-07-31T20:13:45Z,737,2,1,12,0,1,1,1,1,1785528719
2026-07-31T20:13:45Z,738,15,7,4,0,0,1,1,1,1785528653
2026-07-31T20:13:45Z,739,17,0,9,1,0,1,1,1,1785527985
2026-07-31T20:13:45Z,741,9,0,14,0,0,1,1,1,1785527928
2026-07-31T20:13:45Z,742,18,5,16,1,0,1,1,1,1785528429
2026-07-31T20:13:45Z,743,7,4,12,0,0,1,1,1,1785527805
2026-07-31T20:13:45Z,744,10,2,5,0,0,1,1,1,1785527773
2026-07-31T20:13:45Z,745,12,4,7,0,0,1,1,1,1785528321
2026-07-31T20:13:45Z,746,1,0,21,1,0,1,1,1,1785528107
2026-07-31T20:13:45Z,747,0,0,4,0,0,0,1,1,1783446606
2026-07-31T20:13:45Z,748,9,1,14,0,0,1,1,1,1785527356
2026-07-31T20:13:45Z,749,2,1,20,1,0,1,1,1,1785528636
2026-07-31T20:13:45Z,750,0,0,11,0,0,1,1,1,1785528713
2026-07-31T20:13:45Z,751,18,14,5,0,0,1,1,1,1785528779
2026-07-31T20:13:45Z,752,8,0,8,1,0,1,1,1,1785527734
2026-07-31T20:13:45Z,753,5,0,9,1,0,1,1,1,1785528656
2026-07-31T20:13:45Z,754,8,3,7,0,0,1,1,1,1785528777
2026-07-31T20:13:45Z,755,8,1,14,1,0,1,1,1,1785528755
2026-07-31T20:13:45Z,756,17,17,19,1,0,1,1,1,1785528701
2026-07-31T20:13:45Z,757,3,3,16,0,0,1,1,1,1785527825
2026-07-31T20:13:45Z,758,0,0,23,0,0,1,1,1,1785528741
2026-07-31T20:13:45Z,759,0,0,0,0,0,1,1,1,86400
2026-07-31T20:13:45Z,760,10,3,9,0,0,1,1,1,1785528707
2026-07-31T20:13:45Z,761,12,3,10,1,0,1,1,1,1785528756
2026-07-31T20:13:45Z,762,4,2,6,5,0,1,1,1,1785528408
2026-07-31T20:13:45Z,768,7,0,8,4,0,1,1,1,1785528519
2026-07-31T20:13:45Z,769,13,6,4,2,0,1,1,1,1785528633
2026-07-31T20:13:45Z,770,6,2,11,2,0,1,1,1,1785528124
2026-07-31T20:13:45Z,771,11,1,3,1,0,1,1,1,1785528130
2026-07-31T20:13:45Z,772,4,0,11,0,0,1,1,1,1785528208
2026-07-31T20:13:45Z,773,18,4,1,0,0,1,1,1,1785528324
2026-07-31T20:13:45Z,774,5,1,6,4,0,1,1,1,1785528453
2026-07-31T20:13:45Z,775,7,1,10,1,1,1,1,1,1785527910
2026-07-31T20:13:45Z,776,3,1,17,1,0,1,1,1,1785528384
2026-07-31T20:13:45Z,777,11,3,4,0,0,1,1,1,1785527832
2026-07-31T20:13:45Z,778,10,0,5,4,0,1,1,1,1785528711
2026-07-31T20:13:45Z,779,4,0,14,1,0,1,1,1,1785527272
2026-07-31T20:13:45Z,780,2,1,17,0,0,1,1,1,1785528725
2026-07-31T20:13:45Z,781,2,1,7,2,0,1,1,1,1785528731
2026-07-31T20:13:45Z,782,1,0,14,4,0,1,1,1,1785527817
2026-07-31T20:13:45Z,783,8,1,11,0,0,1,1,1,1785527053
2026-07-31T20:13:45Z,784,3,0,16,0,0,1,1,1,1785528486
2026-07-31T20:13:45Z,785,10,2,3,6,0,1,1,1,1785527277
2026-07-31T20:13:45Z,786,10,5,9,0,0,1,1,1,1785528750
2026-07-31T20:13:45Z,787,6,3,8,1,0,1,1,1,1785528320
2026-07-31T20:13:45Z,788,2,0,13,0,0,1,1,1,1785527541
2026-07-31T20:13:45Z,789,7,2,4,4,0,1,1,1,1785527748
2026-07-31T20:13:45Z,790,1,0,22,0,0,1,1,1,1785528606
2026-07-31T20:13:45Z,791,8,0,10,0,1,1,1,1,1785527955
2026-07-31T20:13:45Z,793,4,0,10,1,0,1,1,1,1785527873
2026-07-31T20:13:45Z,794,14,7,13,2,0,1,1,1,1785528805
2026-07-31T20:13:45Z,796,5,3,13,1,0,1,1,1,1785527750
2026-07-31T20:13:45Z,797,4,2,11,0,0,1,1,1,1785527611
2026-07-31T20:13:45Z,798,17,2,7,1,0,1,1,1,1785528691
2026-07-31T20:13:45Z,799,12,2,3,4,0,1,1,1,1785528735
2026-07-31T20:13:45Z,800,0,0,20,1,0,1,1,1,1785528779
2026-07-31T20:13:45Z,801,4,0,13,4,0,1,1,1,1785528457
2026-07-31T20:13:45Z,802,8,0,23,0,0,1,1,1,1785527970
2026-07-31T20:13:45Z,803,0,0,15,0,0,1,1,1,1785527508
2026-07-31T20:13:45Z,806,1,0,13,1,0,1,1,1,1785526582
2026-07-31T20:13:45Z,807,13,7,9,3,0,1,1,1,1785528808
2026-07-31T20:13:45Z,808,18,6,4,3,0,1,1,1,1785528800
2026-07-31T20:13:45Z,809,4,1,18,1,0,1,1,1,1785527752
2026-07-31T20:13:45Z,810,4,2,13,2,0,1,1,1,1785528120
2026-07-31T20:13:45Z,815,3,1,6,5,1,1,1,1,1785528763
2026-07-31T20:13:45Z,817,12,6,3,0,0,1,1,1,1785528762
2026-07-31T20:13:45Z,818,4,0,19,0,0,1,1,1,1785528376
2026-07-31T20:13:45Z,819,10,4,5,0,0,1,1,1,1785525935
2026-07-31T20:13:45Z,820,9,1,8,0,0,1,1,1,1785528737
2026-07-31T20:13:45Z,821,3,2,12,0,0,1,1,1,1785527840
2026-07-31T20:13:45Z,822,5,0,16,2,0,1,1,1,1785528607
2026-07-31T20:13:45Z,823,13,1,2,0,0,1,1,1,1785528745
2026-07-31T20:13:45Z,824,10,6,8,1,0,1,1,1,1785528668
2026-07-31T20:13:45Z,825,7,5,8,0,0,1,1,1,1785521169
2026-07-31T20:13:45Z,826,8,1,9,2,0,1,1,1,1785528717
2026-07-31T20:13:45Z,827,19,3,0,2,0,1,1,1,1785528791
2026-07-31T20:13:45Z,828,10,0,6,2,0,1,1,1,1785528095
2026-07-31T20:13:45Z,829,17,6,10,0,0,1,1,1,1785527199
2026-07-31T20:13:45Z,830,17,0,5,1,0,1,1,1,1785528284
2026-07-31T20:13:45Z,831,6,3,7,2,0,1,1,1,1785527276
2026-07-31T20:13:45Z,832,7,2,8,3,0,1,1,1,1785528470
2026-07-31T20:13:45Z,833,1,1,17,1,0,1,1,1,1785527190
2026-07-31T20:13:45Z,834,21,0,1,2,0,1,1,1,1785528741
2026-07-31T20:13:45Z,835,0,0,17,1,0,1,1,1,1785528738
2026-07-31T20:13:45Z,838,5,1,8,2,0,1,1,1,1785528795
2026-07-31T20:13:45Z,839,21,3,7,1,0,1,1,1,1785528765
2026-07-31T20:13:45Z,840,0,0,28,1,0,1,1,1,1785528628
2026-07-31T20:13:45Z,841,7,1,8,0,0,1,1,1,1785527263
2026-07-31T20:13:45Z,842,2,0,21,0,0,1,1,1,1785527173
2026-07-31T20:13:45Z,843,12,1,19,0,0,1,1,1,1785527939
2026-07-31T20:13:45Z,844,5,0,18,0,0,1,1,1,1785527442
2026-07-31T20:13:45Z,845,4,3,13,2,0,1,1,1,1785527523
2026-07-31T20:13:45Z,846,3,1,15,1,0,1,1,1,1785528475
2026-07-31T20:13:45Z,847,7,1,19,1,0,1,1,1,1785528689
2026-07-31T20:13:45Z,848,2,1,16,1,0,1,1,1,1785527961
2026-07-31T20:13:45Z,849,8,0,6,1,0,1,1,1,1785528290
2026-07-31T20:13:45Z,850,3,0,7,1,0,1,1,1,1785528611
2026-07-31T20:13:45Z,851,4,4,30,3,0,1,1,1,1785528776
2026-07-31T20:13:45Z,852,9,3,10,0,0,1,1,1,1785527597
2026-07-31T20:13:45Z,853,12,5,11,0,0,1,1,1,1785528174
2026-07-31T20:13:45Z,854,2,1,13,0,0,1,1,1,1785528449
2026-07-31T20:13:45Z,855,26,0,1,0,0,1,1,1,1785528120
2026-07-31T20:13:45Z,857,7,4,10,2,0,1,1,1,1785528750
2026-07-31T20:13:45Z,858,5,2,13,1,0,1,1,1,1785527925
2026-07-31T20:13:45Z,859,8,0,12,1,0,1,1,1,1785528117
2026-07-31T20:13:45Z,861,6,0,4,1,0,1,1,1,1785528609
2026-07-31T20:13:45Z,862,4,2,11,0,0,1,1,1,1785527305
2026-07-31T20:13:45Z,863,11,0,7,1,0,1,1,1,1785526731
2026-07-31T20:13:45Z,866,12,3,7,0,0,1,1,1,1785527676
2026-07-31T20:13:45Z,867,14,2,1,0,0,1,1,1,1785528720
2026-07-31T20:13:45Z,868,7,0,8,0,0,1,1,1,1785528048
2026-07-31T20:13:45Z,870,9,5,6,0,0,1,1,1,1785527963
2026-07-31T20:13:45Z,871,0,0,10,1,0,1,1,1,1785528526
2026-07-31T20:13:45Z,872,0,0,14,1,0,1,1,1,1785527290
2026-07-31T20:13:45Z,873,20,0,12,1,0,1,1,1,1785528817
2026-07-31T20:13:45Z,874,4,0,8,3,0,1,1,1,1785528445
2026-07-31T20:13:45Z,875,10,7,4,1,0,1,1,1,1785528406
2026-07-31T20:13:45Z,877,13,12,6,0,0,1,1,1,1785528788
2026-07-31T20:13:45Z,878,3,3,16,0,0,1,1,1,1785527545
2026-07-31T20:13:45Z,879,3,1,16,0,0,1,1,1,1785528397
2026-07-31T20:13:45Z,880,1,0,21,1,0,1,1,1,1785528402
2026-07-31T20:13:45Z,881,2,0,17,0,0,1,1,1,1785527406
2026-07-31T20:13:45Z,882,9,4,9,1,0,1,1,1,1785513298
2026-07-31T20:13:45Z,883,9,4,10,0,0,1,1,1,1785527608
2026-07-31T20:13:45Z,884,10,6,11,0,0,1,1,1,1785528807
2026-07-31T20:13:45Z,885,0,0,19,0,0,1,1,1,1785527207
2026-07-31T20:13:45Z,886,9,1,20,0,0,1,1,1,1785528484
2026-07-31T20:13:45Z,887,6,3,8,3,0,1,1,1,1785527878
2026-07-31T20:13:45Z,888,13,0,26,1,1,1,1,1,1785528735
2026-07-31T20:13:45Z,889,0,0,17,2,0,1,1,1,1785528580
2026-07-31T20:13:45Z,890,8,4,7,0,0,1,1,1,1785527402
2026-07-31T20:13:45Z,891,22,0,1,0,0,1,1,1,1785528571
2026-07-31T20:13:45Z,892,9,1,6,0,0,1,1,1,1785523247
2026-07-31T20:13:45Z,895,3,0,16,0,0,1,1,1,1785527858
2026-07-31T20:13:45Z,896,9,0,26,0,0,1,1,1,1785526343
2026-07-31T20:13:45Z,897,12,1,9,0,0,1,1,1,1785527443
2026-07-31T20:13:45Z,898,2,0,17,0,0,1,1,1,1785527711
2026-07-31T20:13:45Z,899,0,0,18,1,0,1,1,1,1785528372
2026-07-31T20:13:45Z,900,3,1,24,0,0,1,1,1,1785528559
2026-07-31T20:13:45Z,901,2,1,16,1,0,1,1,1,1785528436
2026-07-31T20:13:45Z,902,6,1,9,0,0,1,1,1,1785527036
2026-07-31T20:13:45Z,903,4,0,14,1,0,1,1,1,1785528415
2026-07-31T20:13:45Z,904,10,4,8,1,0,1,1,1,1785528267
2026-07-31T20:13:45Z,905,7,3,19,1,0,1,1,1,1785528626
2026-07-31T20:13:45Z,906,15,4,11,1,0,1,1,1,1785528654
2026-07-31T20:13:45Z,907,2,0,29,0,0,1,1,1,1785528745
2026-07-31T20:13:45Z,908,8,0,15,0,0,1,1,1,1785527540
2026-07-31T20:13:45Z,909,5,5,18,0,0,1,1,1,1785528753
2026-07-31T20:13:45Z,910,2,0,29,0,0,1,1,1,1785528738
2026-07-31T20:13:45Z,911,4,1,15,0,0,1,1,1,1785527061
2026-07-31T20:13:45Z,912,17,3,5,1,0,1,1,1,1785528792
2026-07-31T20:13:45Z,913,7,4,12,0,0,1,1,1,1785528056
2026-07-31T20:13:45Z,914,14,0,5,0,0,1,1,1,1785528095
2026-07-31T20:13:45Z,915,17,3,4,2,0,1,1,1,1785528427
2026-07-31T20:13:45Z,916,4,1,18,1,0,1,1,1,1785528760
2026-07-31T20:13:45Z,917,13,0,21,1,0,1,1,1,1785528470
2026-07-31T20:13:45Z,918,11,0,5,3,0,1,1,1,1785528780
2026-07-31T20:13:45Z,919,3,1,36,0,0,1,1,1,1785528811
2026-07-31T20:13:45Z,920,7,2,12,0,0,1,1,1,1785527841
2026-07-31T20:13:45Z,921,16,1,5,0,0,1,1,1,1785527222
2026-07-31T20:13:45Z,922,1,1,20,0,0,1,1,1,1785528068
2026-07-31T20:13:45Z,923,0,0,19,0,0,1,1,1,1785528698
2026-07-31T20:13:45Z,924,7,0,13,1,0,1,1,1,1785528229
2026-07-31T20:13:45Z,925,11,0,10,0,0,1,1,1,1785528732
2026-07-31T20:13:45Z,926,1,0,20,0,0,1,1,1,1785528327
2026-07-31T20:13:45Z,927,29,1,5,1,0,1,1,1,1785528792
2026-07-31T20:13:45Z,928,0,0,19,0,0,0,1,1,1785500252
2026-07-31T20:13:45Z,929,20,1,3,0,0,1,1,1,1785528683
2026-07-31T20:13:45Z,930,3,0,27,1,0,1,1,1,1785527521
2026-07-31T20:13:45Z,931,12,4,10,1,0,1,1,1,1785528749
2026-07-31T20:13:45Z,932,1,0,16,2,0,1,1,1,1785528651
2026-07-31T20:13:45Z,933,13,2,9,1,0,1,1,1,1785528813
2026-07-31T20:13:45Z,934,18,0,12,1,0,1,1,1,1785528739
2026-07-31T20:13:45Z,935,2,0,16,1,0,1,1,1,1785528428
2026-07-31T20:13:45Z,936,11,0,8,0,0,1,1,1,1785528788
2026-07-31T20:13:45Z,940,2,1,8,1,0,1,1,1,1785528401
2026-07-31T20:13:45Z,941,15,0,7,3,0,1,1,1,1785528692
2026-07-31T20:13:45Z,942,15,1,6,0,0,1,1,1,1785528446
2026-07-31T20:13:45Z,943,8,8,7,0,0,1,1,1,1785527377
2026-07-31T20:13:45Z,944,10,8,5,0,0,1,1,1,1785527221
2026-07-31T20:13:45Z,945,10,8,5,0,0,1,1,1,1785528558
2026-07-31T20:13:45Z,946,7,5,12,0,0,1,1,1,1785523835
2026-07-31T20:13:45Z,947,7,5,10,0,0,1,1,1,1785527240
2026-07-31T20:13:45Z,948,13,11,15,3,0,1,1,1,1785528772
2026-07-31T20:13:45Z,949,2,2,13,0,0,1,1,1,1785528778
2026-07-31T20:13:45Z,950,8,2,6,3,0,1,1,1,1785528619
2026-07-31T20:13:45Z,951,18,5,5,0,0,1,1,1,1785528622
2026-07-31T20:13:45Z,952,25,3,29,1,0,1,1,1,1785528686
2026-07-31T20:13:45Z,953,3,1,11,1,0,1,1,1,1785528572
2026-07-31T20:13:45Z,954,5,0,14,0,0,1,1,1,1785528400
2026-07-31T20:13:45Z,955,8,3,13,5,1,1,1,1,1785528560
2026-07-31T20:13:45Z,956,7,1,14,2,0,1,1,1,1785528763
2026-07-31T20:13:45Z,957,9,1,19,1,0,1,1,1,1785528752
2026-07-31T20:13:45Z,958,16,0,13,2,0,1,1,1,1785528690
2026-07-31T20:13:45Z,959,2,2,19,2,0,1,1,1,1785528621
2026-07-31T20:13:45Z,960,0,0,22,1,0,1,1,1,1785528796
2026-07-31T20:13:45Z,961,5,1,15,3,0,1,1,1,1785528003
2026-07-31T20:13:45Z,962,9,3,23,3,0,1,1,1,1785528391
2026-07-31T20:13:45Z,963,6,0,16,1,0,1,1,1,1785528234
2026-07-31T20:13:45Z,964,8,7,15,0,0,1,1,1,1785528785
2026-07-31T20:13:45Z,965,10,6,16,1,0,1,1,1,1785528373
2026-07-31T20:13:45Z,966,14,0,15,2,0,1,1,1,1785528707
2026-07-31T20:13:45Z,967,5,1,14,2,0,1,1,1,1785528556
2026-07-31T20:13:45Z,968,10,0,8,1,0,1,1,1,1785528789
2026-07-31T20:13:45Z,969,2,0,23,2,0,1,1,1,1785528141
2026-07-31T20:13:45Z,970,3,3,15,1,0,1,1,1,1785528750
2026-07-31T20:13:45Z,971,1,0,21,1,0,1,1,1,1785527828
2026-07-31T20:13:45Z,972,12,4,10,1,0,1,1,1,1785528614
2026-07-31T20:13:45Z,973,7,1,15,1,0,1,1,1,1785528812
2026-07-31T20:13:45Z,974,20,0,6,1,0,1,1,1,1785528569
2026-07-31T20:13:45Z,977,2,0,17,2,0,1,1,1,1785528609
2026-07-31T20:13:45Z,978,18,0,5,0,0,1,1,1,1785528399
2026-07-31T20:13:45Z,979,9,2,8,0,0,1,1,1,1785528391
2026-07-31T20:13:45Z,980,12,2,8,1,0,1,1,1,1785528702
2026-07-31T20:13:45Z,981,4,0,17,0,0,1,1,1,1785528721
2026-07-31T20:13:45Z,982,3,1,15,1,0,1,1,1,1785527294
2026-07-31T20:13:45Z,983,5,3,18,0,0,1,1,1,1785527754
2026-07-31T20:13:45Z,984,6,0,17,0,0,1,1,1,1785527063
2026-07-31T20:13:45Z,985,4,0,27,0,0,1,1,1,1785528782
2026-07-31T20:13:45Z,986,3,0,16,0,0,1,1,1,1785527295
2026-07-31T20:13:45Z,987,6,0,17,0,0,1,1,1,1785527869
2026-07-31T20:13:45Z,988,8,4,11,0,0,1,1,1,1785528507
2026-07-31T20:13:45Z,989,7,4,12,0,0,1,1,1,1785528282
2026-07-31T20:13:45Z,990,11,0,3,1,0,1,1,1,1785527464
2026-07-31T20:13:45Z,991,10,0,9,0,0,1,1,1,1785528738
2026-07-31T20:13:45Z,992,9,5,14,0,0,1,1,1,1785528081
2026-07-31T20:13:45Z,993,4,4,22,1,0,1,1,1,1785528663
2026-07-31T20:13:45Z,994,0,0,21,0,0,1,1,1,1785528327
2026-07-31T20:13:45Z,995,6,0,21,0,0,1,1,1,1785527535
2026-07-31T20:13:45Z,996,8,2,15,0,0,1,1,1,1785527370
2026-07-31T20:13:45Z,997,5,4,6,9,3,1,1,1,1785527891
2026-07-31T20:13:45Z,998,5,4,18,0,0,1,1,1,1785527628
2026-07-31T20:13:45Z,999,4,1,15,1,1,1,1,1,1785527338
2026-07-31T20:13:45Z,1000,2,1,19,0,0,1,1,1,1785528739
2026-07-31T20:13:45Z,1001,4,2,23,0,0,1,1,1,1785528231
2026-07-31T20:13:45Z,1002,2,2,28,1,0,1,1,1,1785527716
2026-07-31T20:13:45Z,1003,0,0,23,0,0,1,1,1,1785527266
2026-07-31T20:13:45Z,1004,9,2,14,0,0,1,1,1,1785528564
2026-07-31T20:13:45Z,1005,20,1,3,0,0,1,1,1,1785527574
2026-07-31T20:13:45Z,1006,7,4,12,0,0,1,1,1,1785527266
2026-07-31T20:13:45Z,1007,1,1,20,0,0,1,1,1,1785528723
2026-07-31T20:13:45Z,1008,8,7,15,0,0,1,1,1,1785528259
2026-07-31T20:13:45Z,1009,22,5,8,1,0,1,1,1,1785528174
2026-07-31T20:13:45Z,1010,8,2,19,0,0,1,1,1,1785527164
2026-07-31T20:13:45Z,1011,6,2,11,2,0,1,1,1,1785527637
2026-07-31T20:13:45Z,1012,5,3,16,2,0,1,1,1,1785527228
2026-07-31T20:13:45Z,1013,4,1,18,1,0,1,1,1,1785527789
2026-07-31T20:13:45Z,1014,9,4,14,0,0,1,1,1,1785527753
2026-07-31T20:13:45Z,1015,4,3,26,1,0,1,1,1,1785528092
2026-07-31T20:13:45Z,1016,10,5,21,0,0,1,1,1,1785527167
2026-07-31T20:13:45Z,1017,13,5,8,0,0,1,1,1,1785528438
2026-07-31T20:13:45Z,1018,7,3,15,0,0,1,1,1,1785527307
2026-07-31T20:13:45Z,1019,8,5,7,0,0,1,1,1,1785527180
2026-07-31T20:13:45Z,1020,19,5,2,0,0,1,1,1,1785528302
2026-07-31T20:13:45Z,1021,9,4,6,0,0,1,1,1,1785527980
2026-07-31T20:13:45Z,1022,14,0,13,0,0,1,1,1,1785527436
2026-07-31T20:13:45Z,1023,14,2,9,0,0,1,1,1,1785527058
2026-07-31T20:13:45Z,1024,6,2,13,0,0,1,1,1,1785528031
2026-07-31T20:13:45Z,1025,4,0,14,0,1,1,1,1,1785527413
2026-07-31T20:13:45Z,1026,12,9,18,1,0,1,1,1,1785528581
2026-07-31T20:13:45Z,1028,3,1,20,0,0,1,1,1,1785527402
2026-07-31T20:13:45Z,1029,12,10,3,0,0,1,1,1,1785528289
2026-07-31T20:13:45Z,1030,13,4,10,0,0,1,1,1,1785528097
2026-07-31T20:13:45Z,1031,9,1,10,0,0,1,1,1,1785528408
2026-07-31T20:13:45Z,1032,7,1,12,0,0,1,1,1,1785527264
2026-07-31T20:13:45Z,1033,9,5,10,0,0,1,1,1,1785528088
2026-07-31T20:13:45Z,1034,3,1,12,0,0,1,1,1,1785528372
2026-07-31T20:13:45Z,1035,1,0,17,1,0,1,1,1,1785527270
2026-07-31T20:13:45Z,1036,12,0,3,0,0,1,1,1,1785527827
2026-07-31T20:13:45Z,1037,2,0,16,1,0,1,1,1,1785527884
2026-07-31T20:13:45Z,1038,1,0,14,0,0,1,1,1,1785528754
2026-07-31T20:13:45Z,1039,7,1,12,0,0,1,1,1,1785527416
2026-07-31T20:13:45Z,1040,8,5,11,0,0,1,1,1,1785527315
2026-07-31T20:13:45Z,1041,10,2,9,0,0,1,1,1,1785528402
2026-07-31T20:13:45Z,1042,4,0,10,1,0,1,1,1,1785528270
2026-07-31T20:13:45Z,1043,10,5,8,1,0,1,1,1,1785528540
2026-07-31T20:13:45Z,1044,2,1,13,0,0,1,1,1,1785528808
2026-07-31T20:13:45Z,1045,9,0,10,0,0,1,1,1,1785527247
2026-07-31T20:13:45Z,1046,9,0,6,0,0,1,1,1,1785528434
2026-07-31T20:13:45Z,1047,4,0,17,0,0,1,1,1,1785528032
2026-07-31T20:13:45Z,1048,3,0,16,0,0,1,1,1,1785528453
2026-07-31T20:13:45Z,1049,0,0,21,0,0,1,1,1,1785527328
2026-07-31T20:13:45Z,1050,17,4,4,0,0,1,1,1,1785528430
2026-07-31T20:13:45Z,1051,8,2,13,0,0,1,1,1,1785528301
2026-07-31T20:13:45Z,1052,16,1,5,1,0,1,1,1,1785527117
2026-07-31T20:13:45Z,1053,3,2,12,0,0,1,1,1,1785528378
2026-07-31T20:13:45Z,1054,5,1,10,0,0,1,1,1,1785527614
2026-07-31T20:13:45Z,1055,9,2,10,0,0,1,1,1,1785528737
2026-07-31T20:13:45Z,1057,12,2,7,0,0,1,1,1,1785528478
2026-07-31T20:13:45Z,1058,26,0,29,1,0,1,1,1,1785528810
2026-07-31T20:13:45Z,1059,0,0,18,1,0,1,1,1,1785527255
2026-07-31T20:13:45Z,1060,26,0,11,0,0,1,1,1,1785528670
2026-07-31T20:13:45Z,1061,29,0,8,0,0,1,1,1,1785528671
2026-07-31T20:13:45Z,1062,8,0,9,0,0,1,1,1,1785528699
2026-07-31T20:13:45Z,1063,12,1,6,1,0,1,1,1,1785527307
2026-07-31T20:13:45Z,1064,3,0,19,1,0,1,1,1,1785527670
2026-07-31T20:13:45Z,1065,16,3,7,0,0,1,1,1,1785527916
2026-07-31T20:13:45Z,1066,11,2,12,0,0,1,1,1,1785527736
2026-07-31T20:13:45Z,1067,8,2,13,2,0,1,1,1,1785528012
2026-07-31T20:13:45Z,1068,5,2,15,3,0,1,1,1,1785527745
2026-07-31T20:13:45Z,1069,12,3,11,0,0,1,1,1,1785527550
2026-07-31T20:13:45Z,1070,12,2,11,0,0,1,1,1,1785527650
2026-07-31T20:13:45Z,1071,8,4,15,0,0,1,1,1,1785527688
2026-07-31T20:13:45Z,1072,11,1,11,1,0,1,1,1,1785528096
2026-07-31T20:13:45Z,1073,4,0,22,1,0,1,1,1,1785528588
2026-07-31T20:13:45Z,1074,32,7,17,4,0,1,1,1,1785528732
2026-07-31T20:13:45Z,1075,8,8,13,0,0,1,1,1,1785528397
2026-07-31T20:13:45Z,1076,16,13,5,0,0,1,1,1,1785528320
2026-07-31T20:13:45Z,1077,11,7,9,1,0,1,1,1,1785527961
2026-07-31T20:13:45Z,1078,10,9,11,0,0,1,1,1,1785528356
2026-07-31T20:13:45Z,1079,12,8,9,0,0,1,1,1,1785527159
2026-07-31T20:13:45Z,1080,10,8,9,2,0,1,1,1,1785527087
2026-07-31T20:13:45Z,1081,14,8,5,0,0,1,1,1,1785528095
2026-07-31T20:13:45Z,1082,12,11,11,0,0,1,1,1,1785527165
2026-07-31T20:13:45Z,1083,14,12,7,0,0,1,1,1,1785528750
2026-07-31T20:13:45Z,1084,10,8,11,0,0,1,1,1,1785527045
2026-07-31T20:13:45Z,1085,13,8,8,0,0,1,1,1,1785528798
2026-07-31T20:13:45Z,1086,14,11,6,1,0,1,1,1,1785528505
2026-07-31T20:13:45Z,1087,6,6,9,0,0,1,1,1,1785528348
2026-07-31T20:13:45Z,1088,10,7,5,0,0,1,1,1,1785528752
2026-07-31T20:13:45Z,1089,5,2,10,0,0,1,1,1,1785527640
2026-07-31T20:13:45Z,1090,7,6,8,0,0,1,1,1,1785528058
2026-07-31T20:13:45Z,1091,7,5,8,0,0,1,1,1,1785528260
2026-07-31T20:13:45Z,1092,10,9,5,0,0,1,1,1,1785527641
2026-07-31T20:13:45Z,1093,5,5,9,1,0,1,1,1,1785528340
2026-07-31T20:13:45Z,1094,10,9,9,0,0,1,1,1,1785528204
2026-07-31T20:13:45Z,1095,9,8,6,0,0,1,1,1,1785527238
2026-07-31T20:13:45Z,1096,10,8,8,1,0,1,1,1,1785527632
2026-07-31T20:13:45Z,1097,8,8,7,0,0,1,1,1,1785527828
2026-07-31T20:13:45Z,1098,9,7,10,0,0,1,1,1,1785528678
2026-07-31T20:13:45Z,1099,7,6,8,0,0,1,1,1,1785527094
2026-07-31T20:13:45Z,1100,5,3,24,0,0,1,1,1,1785521793
2026-07-31T20:13:45Z,1101,10,5,11,0,0,1,1,1,1785527017
2026-07-31T20:13:45Z,1102,9,4,4,0,0,1,1,1,1785528042
2026-07-31T20:13:45Z,1103,11,5,10,0,0,1,1,1,1785503681
2026-07-31T20:13:45Z,1104,11,6,10,0,0,1,1,1,1785528583
2026-07-31T20:13:45Z,1105,8,4,5,0,0,1,1,1,1785527926
2026-07-31T20:13:45Z,1106,10,5,11,0,0,1,1,1,1785527107
2026-07-31T20:13:45Z,1107,9,5,6,0,0,1,1,1,1785527358
2026-07-31T20:13:45Z,1108,8,4,16,2,1,1,1,1,1785527944
2026-07-31T20:13:45Z,1109,8,4,7,0,0,1,1,1,1785527302
2026-07-31T20:13:45Z,1110,8,0,13,0,0,1,1,1,1785528448
2026-07-31T20:13:45Z,1111,8,6,12,1,0,1,1,1,1785526112
2026-07-31T20:13:45Z,1112,25,0,28,0,0,1,1,1,1785528360
2026-07-31T20:13:45Z,1113,3,0,18,0,0,1,1,1,1785528560
2026-07-31T20:13:45Z,1115,13,2,6,4,0,1,1,1,1785527829
2026-07-31T20:13:45Z,1116,2,1,17,0,0,1,1,1,1785527284
2026-07-31T20:13:45Z,1117,1,0,20,2,0,1,1,1,1785528712
2026-07-31T20:13:45Z,1118,8,0,13,0,0,1,1,1,1785528677
2026-07-31T20:13:45Z,1119,8,0,9,0,0,1,1,1,1785528350
2026-07-31T20:13:45Z,1120,7,0,11,1,0,1,1,1,1785528586
2026-07-31T20:13:45Z,1121,5,0,15,1,0,1,1,1,1785528763
2026-07-31T20:13:45Z,1122,3,3,17,1,0,1,1,1,1785528619
2026-07-31T20:13:45Z,1123,12,10,9,2,0,1,1,1,1785528735
2026-07-31T20:13:45Z,1124,4,2,9,2,0,1,1,1,1785528787
2026-07-31T20:13:45Z,1125,16,1,7,0,0,1,1,1,1785528179
2026-07-31T20:13:45Z,1126,7,0,14,0,0,1,1,1,1785528695
2026-07-31T20:13:45Z,1127,2,0,17,0,0,1,1,1,1785528523
2026-07-31T20:13:45Z,1128,0,0,15,0,0,1,1,1,1785527256
2026-07-31T20:13:45Z,1129,1,0,19,1,0,1,1,1,1785528808
2026-07-31T20:13:45Z,1130,2,0,12,1,0,1,1,1,1785528810
2026-07-31T20:13:45Z,1131,5,3,43,1,0,1,1,1,1785528546
2026-07-31T20:13:45Z,1132,12,6,9,0,0,1,1,1,1785528719
2026-07-31T20:13:45Z,1133,4,3,16,1,0,1,1,1,1785528545
2026-07-31T20:13:45Z,1134,11,5,8,0,0,1,1,1,1785527794
2026-07-31T20:13:45Z,1135,12,6,9,0,0,1,1,1,1785528728
2026-07-31T20:13:45Z,1136,14,0,9,0,0,1,1,1,1785527996
2026-07-31T20:13:45Z,1137,13,0,2,0,0,1,1,1,1785527821
2026-07-31T20:13:45Z,1138,2,0,17,0,0,1,1,1,1785528400
2026-07-31T20:13:45Z,1139,14,2,5,2,0,1,1,1,1785527793
2026-07-31T20:13:45Z,1140,6,1,16,1,0,1,1,1,1785528756
2026-07-31T20:13:45Z,1141,10,4,11,0,0,1,1,1,1785528807
2026-07-31T20:13:45Z,1142,0,0,21,0,0,1,1,1,1785527923
2026-07-31T20:13:45Z,1143,13,0,16,0,0,1,1,1,1785528771
2026-07-31T20:13:45Z,1144,7,0,13,1,0,1,1,1,1785528336
2026-07-31T20:13:45Z,1145,11,5,9,1,0,1,1,1,1785527690
2026-07-31T20:13:45Z,1146,12,8,3,4,0,1,1,1,1785528815
2026-07-31T20:13:45Z,1147,19,2,0,0,0,1,1,1,1785528678
2026-07-31T20:13:45Z,1148,2,1,29,0,0,1,1,1,1785528688
2026-07-31T20:13:45Z,1149,5,4,16,4,0,1,1,1,1785528809
2026-07-31T20:13:45Z,1150,6,0,13,0,0,1,1,1,1785528617
2026-07-31T20:13:45Z,1151,8,0,13,0,0,1,1,1,1785528767
2026-07-31T20:13:45Z,1152,6,0,23,0,0,1,1,1,1785527804
2026-07-31T20:13:45Z,1153,21,2,1,1,0,1,1,1,1785527835
2026-07-31T20:13:45Z,1154,3,0,16,0,0,1,1,1,1785528495
2026-07-31T20:13:45Z,1155,4,1,14,3,0,1,1,1,1785528336
2026-07-31T20:13:45Z,1158,3,1,16,0,0,1,1,1,1785527169
2026-07-31T20:13:45Z,1159,12,0,7,0,0,1,1,1,1785527530
2026-07-31T20:13:45Z,1160,9,2,10,0,0,1,1,1,1785528145
2026-07-31T20:13:45Z,1161,3,0,15,1,0,1,1,1,1785527666
2026-07-31T20:13:45Z,1162,3,1,16,0,0,1,1,1,1785528812
2026-07-31T20:13:45Z,1163,2,1,16,1,0,1,1,1,1785527289
2026-07-31T20:13:45Z,1164,6,1,13,0,0,1,1,1,1785527346
2026-07-31T20:13:45Z,1165,2,0,19,0,0,1,1,1,1785528089
2026-07-31T20:13:45Z,1166,14,3,7,0,0,1,1,1,1785527623
2026-07-31T20:13:45Z,1167,4,0,11,0,0,1,1,1,1785527017
2026-07-31T20:13:45Z,1168,3,1,18,2,0,1,1,1,1785528133
2026-07-31T20:13:45Z,1169,3,0,15,1,0,1,1,1,1785527191
2026-07-31T20:13:45Z,1170,7,1,14,0,0,1,1,1,1785527585
2026-07-31T20:13:45Z,1171,8,7,15,0,0,1,1,1,1785527284
2026-07-31T20:13:45Z,1172,2,0,11,2,0,1,1,1,1785527501
2026-07-31T20:13:45Z,1173,13,4,6,0,0,1,1,1,1785527449
2026-07-31T20:13:45Z,1174,6,3,9,0,0,1,1,1,1785527097
2026-07-31T20:13:45Z,1175,4,3,15,0,0,1,1,1,1785525246
2026-07-31T20:13:45Z,1176,8,2,13,0,0,1,1,1,1785528488
2026-07-31T20:13:45Z,1177,3,1,18,0,0,1,1,1,1785528419
2026-07-31T20:13:45Z,1178,5,2,10,0,0,1,1,1,1785527591
2026-07-31T20:13:45Z,1181,2,0,13,0,0,1,1,1,1785528510
2026-07-31T20:13:45Z,1182,11,0,8,1,0,1,1,1,1785528770
2026-07-31T20:13:45Z,1183,22,3,21,2,0,1,1,1,1785528293
2026-07-31T20:13:45Z,1184,3,2,16,2,0,1,1,1,1785528592
2026-07-31T20:13:45Z,1185,9,5,12,0,0,1,1,1,1785528555
2026-07-31T20:13:45Z,1186,9,5,10,0,0,1,1,1,1785528150
2026-07-31T20:13:45Z,1187,10,5,10,1,0,1,1,1,1785527968
2026-07-31T20:13:45Z,1188,10,5,5,0,0,1,1,1,1785527356
2026-07-31T20:13:45Z,1189,9,4,10,0,0,1,1,1,1785527482
2026-07-31T20:13:45Z,1190,9,4,12,0,0,1,1,1,1785528712
2026-07-31T20:13:45Z,1191,11,6,4,0,0,1,1,1,1785527361
2026-07-31T20:13:45Z,1192,9,6,11,1,0,1,1,1,1785527259
2026-07-31T20:13:45Z,1193,6,4,5,2,0,1,1,1,1785528150
2026-07-31T20:13:45Z,1197,9,6,7,1,0,1,1,1,1785528695
2026-07-31T20:13:45Z,1198,13,4,6,2,0,1,1,1,1785527785
2026-07-31T20:13:45Z,1199,3,0,16,0,0,1,1,1,1785527776
2026-07-31T20:13:45Z,1200,9,5,6,0,0,1,1,1,1785527397
2026-07-31T20:13:45Z,1201,10,5,5,0,0,1,1,1,1785527372
2026-07-31T20:13:45Z,1202,10,5,5,0,0,1,1,1,1785527474
2026-07-31T20:13:45Z,1203,11,5,4,0,0,1,1,1,1785527377
2026-07-31T20:13:45Z,1204,7,4,12,0,0,1,1,1,1785527148
2026-07-31T20:13:45Z,1206,11,5,10,0,0,1,1,1,1785528202
2026-07-31T20:13:45Z,1207,8,4,6,1,0,1,1,1,1785527690
2026-07-31T20:13:45Z,1208,10,4,9,0,0,1,1,1,1785527630
2026-07-31T20:13:45Z,1216,9,0,11,1,0,1,1,1,1785528420
2026-07-31T20:13:45Z,1218,4,0,17,0,0,1,1,1,1785528817
2026-07-31T20:13:45Z,1219,5,1,7,3,0,1,1,1,1785527334
2026-07-31T20:13:45Z,1220,17,6,2,0,0,1,1,1,1785528454
2026-07-31T20:13:45Z,1221,1,1,19,1,0,1,1,1,1785528166
2026-07-31T20:13:45Z,1222,13,2,16,0,0,1,1,1,1785528762
2026-07-31T20:13:45Z,1223,26,2,2,1,0,1,1,1,1785528507
2026-07-31T20:13:45Z,1226,0,0,3,0,0,0,1,1,1781868931
2026-07-31T20:13:45Z,1227,2,0,22,1,0,1,1,1,1785528280
2026-07-31T20:13:45Z,1228,5,5,24,0,0,1,1,1,1785528612
2026-07-31T20:13:45Z,1229,43,1,0,2,0,1,1,1,1785528784
2026-07-31T20:18:45Z,1,13,2,10,0,0,1,1,1,1785529101
2026-07-31T20:18:45Z,2,6,2,18,3,0,1,1,1,1785528950
2026-07-31T20:18:45Z,3,12,1,1,1,0,1,1,1,1785528535
2026-07-31T20:18:45Z,4,21,5,0,1,0,1,1,1,1785529116
2026-07-31T20:18:45Z,5,16,3,6,1,0,1,1,1,1785527983
2026-07-31T20:18:45Z,6,3,1,12,0,0,1,1,1,1785528956
2026-07-31T20:18:45Z,7,4,0,35,0,0,1,1,1,1785529089
2026-07-31T20:18:45Z,8,4,0,39,0,0,1,1,1,1785529077
2026-07-31T20:18:45Z,9,18,2,5,0,0,1,1,1,1785529119
2026-07-31T20:18:45Z,10,1,0,20,2,0,1,1,1,1785527928
2026-07-31T20:18:45Z,11,5,0,12,2,0,1,1,1,1785528897
2026-07-31T20:18:45Z,12,22,1,1,0,0,1,1,1,1785528173
2026-07-31T20:18:45Z,13,8,1,22,0,0,1,1,1,1785529030
2026-07-31T20:18:45Z,14,41,0,1,0,1,1,1,1,1785528996
2026-07-31T20:18:45Z,15,13,0,2,0,0,1,1,1,1785528273
2026-07-31T20:18:45Z,16,7,1,17,2,1,1,1,1,1785528104
2026-07-31T20:18:45Z,17,8,0,18,1,0,1,1,1,1785529083
2026-07-31T20:18:45Z,18,6,0,10,2,0,1,1,1,1785528931
2026-07-31T20:18:45Z,19,20,3,4,3,0,1,1,1,1785529118
2026-07-31T20:18:45Z,20,10,1,25,0,0,1,1,1,1785529025
2026-07-31T20:18:45Z,21,11,2,7,1,0,1,1,1,1785528806
2026-07-31T20:18:45Z,22,28,1,35,2,0,1,1,1,1785528922
2026-07-31T20:18:45Z,23,13,9,18,0,0,1,1,1,1785528770
2026-07-31T20:18:45Z,24,6,2,4,1,0,1,1,1,1785529113
2026-07-31T20:18:45Z,25,74,6,5,2,0,1,1,1,1785529006
2026-07-31T20:18:45Z,26,24,1,3,0,0,1,1,1,1785529077
2026-07-31T20:18:45Z,28,4,0,11,0,0,1,1,1,1785528897
2026-07-31T20:18:45Z,30,8,0,20,1,0,1,1,1,1785528810
2026-07-31T20:18:45Z,31,13,3,5,1,0,1,1,1,1785529114
2026-07-31T20:18:45Z,32,10,3,17,0,0,1,1,1,1785528963
2026-07-31T20:18:45Z,34,17,2,20,0,0,1,1,1,1785529118
2026-07-31T20:18:45Z,35,44,5,1,2,0,1,1,1,1785529054
2026-07-31T20:18:45Z,36,0,0,0,0,0,0,1,1,86400
2026-07-31T20:18:45Z,37,18,2,5,0,0,1,1,1,1785528961
2026-07-31T20:18:45Z,38,12,0,11,0,0,1,1,1,1785528838
2026-07-31T20:18:45Z,39,14,1,25,0,0,1,1,1,1785528922
2026-07-31T20:18:45Z,40,9,0,12,0,0,1,1,1,1785529044
2026-07-31T20:18:45Z,41,34,3,9,0,0,1,1,1,1785528568
2026-07-31T20:18:45Z,42,0,0,31,0,0,1,1,1,1785529055
2026-07-31T20:18:45Z,43,11,1,12,0,0,1,1,1,1785528933
2026-07-31T20:18:45Z,45,17,2,12,0,0,1,1,1,1785528829
2026-07-31T20:18:45Z,46,5,3,25,1,0,1,1,1,1785529106
2026-07-31T20:18:45Z,47,0,0,14,1,0,1,1,1,1785529062
2026-07-31T20:18:45Z,48,11,0,16,0,0,1,1,1,1785528934
2026-07-31T20:18:45Z,49,0,0,19,4,0,1,1,1,1785529115
2026-07-31T20:18:45Z,50,9,8,10,0,0,1,1,1,1785528946
2026-07-31T20:18:45Z,51,50,1,27,0,0,1,1,1,1785528705
2026-07-31T20:18:45Z,52,19,1,5,3,0,1,1,1,1785528873
2026-07-31T20:18:45Z,55,0,0,23,0,0,1,1,1,1785529088
2026-07-31T20:18:45Z,56,33,1,10,0,0,1,1,1,1785528970
2026-07-31T20:18:45Z,57,25,3,2,0,0,1,1,1,1785528948
2026-07-31T20:18:45Z,58,5,2,23,0,0,1,1,1,1785529088
2026-07-31T20:18:45Z,59,3,0,22,2,0,1,1,1,1785528989
2026-07-31T20:18:45Z,61,2,1,37,0,0,1,1,1,1785529081
2026-07-31T20:18:45Z,62,40,14,7,2,0,1,1,1,1785529114
2026-07-31T20:18:45Z,63,14,0,5,0,0,1,1,1,1785528980
2026-07-31T20:18:45Z,64,12,1,3,4,0,1,1,1,1785527230
2026-07-31T20:18:45Z,65,10,4,8,1,0,1,1,1,1785528670
2026-07-31T20:18:45Z,67,31,1,8,0,0,1,1,1,1785529027
2026-07-31T20:18:45Z,68,34,1,2,1,0,1,1,1,1785528672
2026-07-31T20:18:45Z,69,2,0,13,0,0,1,1,1,1785528939
2026-07-31T20:18:45Z,71,15,1,9,3,0,1,1,1,1785529038
2026-07-31T20:18:45Z,72,28,4,0,2,1,1,1,1,1785529010
2026-07-31T20:18:45Z,73,26,1,5,0,0,1,1,1,1785529117
2026-07-31T20:18:45Z,74,1,0,18,0,0,1,1,1,1785528574
2026-07-31T20:18:45Z,75,17,0,14,1,0,1,1,1,1785527405
2026-07-31T20:18:45Z,76,12,2,5,2,0,1,1,1,1785529116
2026-07-31T20:18:45Z,77,4,0,23,0,0,1,1,1,1785528399
2026-07-31T20:18:45Z,78,5,5,18,0,0,1,1,1,1785528790
2026-07-31T20:18:45Z,79,6,1,10,1,0,1,1,1,1785528660
2026-07-31T20:18:45Z,80,12,0,8,3,0,1,1,1,1785528953
2026-07-31T20:18:45Z,81,4,1,27,0,0,1,1,1,1785528879
2026-07-31T20:18:45Z,82,19,7,2,2,0,1,1,1,1785529051
2026-07-31T20:18:45Z,83,9,3,24,1,0,1,1,1,1785529116
2026-07-31T20:18:45Z,84,0,0,26,1,0,1,1,1,1785528836
2026-07-31T20:18:45Z,85,11,1,4,0,0,1,1,1,1785528736
2026-07-31T20:18:45Z,86,3,0,24,0,0,1,1,1,1785529102
2026-07-31T20:18:45Z,87,6,0,13,0,0,1,1,1,1785528817
2026-07-31T20:18:45Z,88,9,0,33,1,0,1,1,1,1785529000
2026-07-31T20:18:45Z,89,30,2,5,0,0,1,1,1,1785528468
2026-07-31T20:18:45Z,90,0,0,17,1,0,1,1,1,1785528932
2026-07-31T20:18:45Z,91,1,0,16,0,0,1,1,1,1785528542
2026-07-31T20:18:45Z,92,7,0,9,3,0,1,1,1,1785528954
2026-07-31T20:18:45Z,93,6,2,17,0,0,1,1,1,1785528779
2026-07-31T20:18:45Z,94,13,0,5,1,0,1,1,1,1785527778
2026-07-31T20:18:45Z,95,7,0,26,1,1,1,1,1,1785529112
2026-07-31T20:18:45Z,96,13,1,17,1,0,1,1,1,1785529074
2026-07-31T20:18:45Z,97,4,3,11,2,0,1,1,1,1785529088
2026-07-31T20:18:45Z,98,26,2,6,3,0,1,1,1,1785528976
2026-07-31T20:18:45Z,99,12,0,3,0,0,1,1,1,1785528923
2026-07-31T20:18:45Z,100,5,0,22,0,0,1,1,1,1785529007
2026-07-31T20:18:45Z,101,8,0,6,1,0,1,1,1,1785528946
2026-07-31T20:18:45Z,102,6,1,17,0,0,1,1,1,1785528993
2026-07-31T20:18:45Z,103,11,0,16,3,0,1,1,1,1785529060
2026-07-31T20:18:45Z,104,9,1,16,2,0,1,1,1,1785529108
2026-07-31T20:18:45Z,105,17,0,2,0,0,1,1,1,1785526643
2026-07-31T20:18:45Z,106,13,0,8,0,0,1,1,1,1785529107
2026-07-31T20:18:45Z,107,21,4,16,0,0,1,1,1,1785529079
2026-07-31T20:18:45Z,108,3,0,30,2,0,1,1,1,1785529080
2026-07-31T20:18:45Z,109,18,0,5,0,0,1,1,1,1785529093
2026-07-31T20:18:45Z,110,11,0,12,0,0,1,1,1,1785528663
2026-07-31T20:18:45Z,111,20,2,16,0,0,1,1,1,1785529041
2026-07-31T20:18:45Z,112,3,2,11,1,0,1,1,1,1785528970
2026-07-31T20:18:45Z,113,14,1,4,1,0,1,1,1,1785528884
2026-07-31T20:18:45Z,114,15,6,14,1,1,1,1,1,1785529091
2026-07-31T20:18:45Z,115,11,7,14,3,0,1,1,1,1785529022
2026-07-31T20:18:45Z,116,15,14,11,1,0,1,1,1,1785528879
2026-07-31T20:18:45Z,118,14,1,7,2,0,1,1,1,1785528985
2026-07-31T20:18:45Z,119,0,0,36,2,0,1,1,1,1785528572
2026-07-31T20:18:45Z,120,2,0,24,1,0,1,1,1,1785528927
2026-07-31T20:18:45Z,121,3,0,15,0,1,1,1,1,1785529118
2026-07-31T20:18:45Z,122,5,0,16,0,0,1,1,1,1785529056
2026-07-31T20:18:45Z,123,22,0,25,0,0,1,1,1,1785528969
2026-07-31T20:18:45Z,124,5,1,30,0,0,1,1,1,1785529057
2026-07-31T20:18:45Z,125,4,0,18,1,0,1,1,1,1785529080
2026-07-31T20:18:45Z,126,18,0,13,0,0,1,1,1,1785528553
2026-07-31T20:18:45Z,127,16,2,18,1,0,1,1,1,1785529097
2026-07-31T20:18:45Z,128,5,2,14,0,0,1,1,1,1785528768
2026-07-31T20:18:45Z,129,2,0,16,1,0,1,1,1,1785528929
2026-07-31T20:18:45Z,130,9,0,8,0,0,1,1,1,1785529073
2026-07-31T20:18:45Z,131,5,4,6,0,0,1,1,1,1785529023
2026-07-31T20:18:45Z,132,8,5,5,1,1,1,1,1,1785528689
2026-07-31T20:18:45Z,134,17,3,1,5,0,1,1,1,1785529113
2026-07-31T20:18:45Z,135,4,2,14,1,0,1,1,1,1785528747
2026-07-31T20:18:45Z,136,2,1,12,3,6,1,1,1,1785528954
2026-07-31T20:18:45Z,137,6,4,11,2,0,1,1,1,1785529074
2026-07-31T20:18:45Z,138,11,0,26,0,0,1,1,1,1785529042
2026-07-31T20:18:45Z,139,1,1,18,0,0,1,1,1,1785529106
2026-07-31T20:18:45Z,140,1,0,21,1,0,1,1,1,1785529117
2026-07-31T20:18:45Z,141,1,0,35,0,0,1,1,1,1785528750
2026-07-31T20:18:45Z,142,5,2,18,0,0,1,1,1,1785529032
2026-07-31T20:18:45Z,143,13,0,17,1,0,1,1,1,1785529060
2026-07-31T20:18:45Z,144,2,0,25,0,0,1,1,1,1785527674
2026-07-31T20:18:45Z,146,17,2,5,1,0,1,1,1,1785528830
2026-07-31T20:18:45Z,147,3,0,13,3,0,1,1,1,1785528968
2026-07-31T20:18:45Z,148,2,0,22,3,0,1,1,1,1785528799
2026-07-31T20:18:45Z,149,2,0,25,0,0,1,1,1,1785529036
2026-07-31T20:18:45Z,150,8,0,24,3,0,1,1,1,1785529048
2026-07-31T20:18:45Z,151,7,2,16,0,0,1,1,1,1785529080
2026-07-31T20:18:45Z,152,5,3,18,3,0,1,1,1,1785528940
2026-07-31T20:18:45Z,153,1,1,25,2,0,1,1,1,1785529117
2026-07-31T20:18:45Z,154,11,1,9,3,0,1,1,1,1785529110
2026-07-31T20:18:45Z,155,1,0,12,1,0,1,1,1,1785529009
2026-07-31T20:18:45Z,156,8,0,11,0,0,1,1,1,1785529030
2026-07-31T20:18:45Z,157,3,0,22,2,0,1,1,1,1785529001
2026-07-31T20:18:45Z,158,2,1,14,0,0,1,1,1,1785528837
2026-07-31T20:18:45Z,159,2,2,16,1,0,1,1,1,1785529057
2026-07-31T20:18:45Z,160,2,0,17,0,0,1,1,1,1785529093
2026-07-31T20:18:45Z,161,3,0,19,0,0,1,1,1,1785529117
2026-07-31T20:18:45Z,162,19,8,6,2,0,1,1,1,1785529068
2026-07-31T20:18:45Z,163,5,2,25,0,1,1,1,1,1785529056
2026-07-31T20:18:45Z,164,13,0,14,0,0,1,1,1,1785528447
2026-07-31T20:18:45Z,165,16,4,15,0,0,1,1,1,1785529065
2026-07-31T20:18:45Z,166,3,2,32,4,0,1,1,1,1785529115
2026-07-31T20:18:45Z,167,2,2,20,1,0,1,1,1,1785528955
2026-07-31T20:18:45Z,168,4,3,22,1,0,1,1,1,1785529087
2026-07-31T20:18:45Z,169,12,0,10,0,1,1,1,1,1785529059
2026-07-31T20:18:45Z,170,6,1,12,1,0,1,1,1,1785528899
2026-07-31T20:18:45Z,171,7,0,4,2,0,1,1,1,1785528882
2026-07-31T20:18:45Z,173,14,1,25,0,0,1,1,1,1785529051
2026-07-31T20:18:45Z,174,6,0,20,0,0,1,1,1,1785529028
2026-07-31T20:18:45Z,175,30,2,0,1,0,1,1,1,1785528292
2026-07-31T20:18:45Z,176,12,1,1,1,1,1,1,1,1785528912
2026-07-31T20:18:45Z,177,7,1,20,0,0,1,1,1,1785528643
2026-07-31T20:18:45Z,178,11,0,1,2,1,1,1,1,1785529116
2026-07-31T20:18:45Z,179,9,4,4,2,0,1,1,1,1785528982
2026-07-31T20:18:45Z,180,5,0,25,0,0,1,1,1,1785528752
2026-07-31T20:18:45Z,181,2,2,13,0,0,1,1,1,1785528983
2026-07-31T20:18:45Z,182,3,1,14,0,0,1,1,1,1785529118
2026-07-31T20:18:45Z,183,1,1,21,1,0,1,1,1,1785527983
2026-07-31T20:18:45Z,184,21,1,0,2,0,1,1,1,1785529039
2026-07-31T20:18:45Z,185,7,4,5,2,1,1,1,1,1785528744
2026-07-31T20:18:45Z,186,4,1,15,0,0,1,1,1,1785528472
2026-07-31T20:18:45Z,187,5,1,22,1,0,1,1,1,1785528990
2026-07-31T20:18:45Z,188,5,3,14,8,0,1,1,1,1785529099
2026-07-31T20:18:45Z,189,2,2,13,0,0,1,1,1,1785529110
2026-07-31T20:18:45Z,190,7,1,16,0,0,1,1,1,1785528825
2026-07-31T20:18:45Z,191,23,10,15,1,0,1,1,1,1785529097
2026-07-31T20:18:45Z,192,2,2,26,3,0,1,1,1,1785528550
2026-07-31T20:18:45Z,193,1,0,13,1,0,1,1,1,1785528988
2026-07-31T20:18:45Z,194,6,6,21,0,0,1,1,1,1785529087
2026-07-31T20:18:45Z,195,1,1,18,0,0,1,1,1,1785526508
2026-07-31T20:18:45Z,196,8,6,18,1,0,1,1,1,1785528778
2026-07-31T20:18:45Z,197,1,1,17,0,1,1,1,1,1785528739
2026-07-31T20:18:45Z,198,12,10,10,1,0,1,1,1,1785528888
2026-07-31T20:18:45Z,199,3,0,11,1,0,1,1,1,1785529011
2026-07-31T20:18:45Z,200,17,15,8,1,0,1,1,1,1785528943
2026-07-31T20:18:45Z,201,5,2,18,0,0,1,1,1,1785529069
2026-07-31T20:18:45Z,202,9,0,18,0,0,1,1,1,1785528989
2026-07-31T20:18:45Z,203,13,0,17,1,0,1,1,1,1785528865
2026-07-31T20:18:45Z,204,25,1,9,1,0,1,1,1,1785529106
2026-07-31T20:18:45Z,205,12,0,15,0,0,1,1,1,1785528320
2026-07-31T20:18:45Z,206,1,1,14,0,0,1,1,1,1785529004
2026-07-31T20:18:45Z,207,21,3,0,0,0,1,1,1,1785529059
2026-07-31T20:18:45Z,208,2,0,26,1,0,1,1,1,1785528792
2026-07-31T20:18:45Z,209,24,4,6,1,0,1,1,1,1785529090
2026-07-31T20:18:45Z,210,2,1,24,1,0,1,1,1,1785528974
2026-07-31T20:18:45Z,211,3,0,19,1,0,1,1,1,1785528405
2026-07-31T20:18:45Z,212,7,1,27,1,0,1,1,1,1785529105
2026-07-31T20:18:45Z,213,13,3,9,1,0,1,1,1,1785528937
2026-07-31T20:18:45Z,214,9,6,36,2,0,1,1,1,1785529079
2026-07-31T20:18:45Z,215,2,2,20,1,0,1,1,1,1785528767
2026-07-31T20:18:45Z,216,9,0,9,1,0,1,1,1,1785528990
2026-07-31T20:18:45Z,217,17,0,11,1,0,1,1,1,1785528990
2026-07-31T20:18:45Z,218,6,5,28,5,0,1,1,1,1785529115
2026-07-31T20:18:45Z,219,25,0,0,1,0,1,1,1,1785528738
2026-07-31T20:18:45Z,220,12,6,29,1,1,1,1,1,1785529017
2026-07-31T20:18:45Z,221,0,0,14,1,0,1,1,1,1785527771
2026-07-31T20:18:45Z,222,2,1,17,0,0,1,1,1,1785528567
2026-07-31T20:18:45Z,223,13,2,19,3,0,1,1,1,1785529035
2026-07-31T20:18:45Z,224,1,1,20,1,0,1,1,1,1785529056
2026-07-31T20:18:45Z,225,7,1,8,4,0,1,1,1,1785528786
2026-07-31T20:18:45Z,226,1,1,29,1,0,1,1,1,1785529089
2026-07-31T20:18:45Z,227,3,1,22,2,0,1,1,1,1785529118
2026-07-31T20:18:45Z,228,6,4,11,2,0,1,1,1,1785528677
2026-07-31T20:18:45Z,230,0,0,26,0,0,1,1,1,1785528867
2026-07-31T20:18:45Z,232,3,0,13,1,0,1,1,1,1785528957
2026-07-31T20:18:45Z,233,8,6,21,2,0,1,1,1,1785529111
2026-07-31T20:18:45Z,234,9,3,4,4,2,1,1,1,1785528337
2026-07-31T20:18:45Z,236,16,2,3,0,0,1,1,1,1785528929
2026-07-31T20:18:45Z,237,3,0,19,1,0,1,1,1,1785529057
2026-07-31T20:18:45Z,239,11,6,15,1,0,1,1,1,1785529100
2026-07-31T20:18:45Z,241,1,1,21,1,0,1,1,1,1785528305
2026-07-31T20:18:45Z,242,2,1,19,2,0,1,1,1,1785528864
2026-07-31T20:18:45Z,243,15,11,14,2,0,1,1,1,1785529112
2026-07-31T20:18:45Z,244,5,3,20,2,0,1,1,1,1785529053
2026-07-31T20:18:45Z,245,7,4,16,0,0,1,1,1,1785528795
2026-07-31T20:18:45Z,246,12,3,11,0,0,1,1,1,1785529057
2026-07-31T20:18:45Z,247,4,3,17,2,0,1,1,1,1785528240
2026-07-31T20:18:45Z,248,12,5,8,3,0,1,1,1,1785529104
2026-07-31T20:18:45Z,249,15,15,3,1,0,1,1,1,1785528695
2026-07-31T20:18:45Z,250,5,3,20,2,0,1,1,1,1785528906
2026-07-31T20:18:45Z,251,19,8,4,4,0,1,1,1,1785529010
2026-07-31T20:18:45Z,253,6,1,13,0,0,1,1,1,1785528921
2026-07-31T20:18:45Z,254,3,0,39,1,0,1,1,1,1785529029
2026-07-31T20:18:45Z,255,14,0,8,0,1,1,1,1,1785528826
2026-07-31T20:18:45Z,256,3,3,18,2,0,1,1,1,1785528896
2026-07-31T20:18:45Z,257,1,0,17,1,0,1,1,1,1785528632
2026-07-31T20:18:45Z,258,10,10,9,0,0,1,1,1,1785529118
2026-07-31T20:18:45Z,259,13,0,9,0,1,1,1,1,1785529093
2026-07-31T20:18:45Z,260,4,2,13,2,0,1,1,1,1785529069
2026-07-31T20:18:45Z,261,0,0,17,1,1,1,1,1,1785528749
2026-07-31T20:18:45Z,262,9,2,13,1,0,1,1,1,1785528924
2026-07-31T20:18:45Z,263,0,0,15,0,0,1,1,1,1785528990
2026-07-31T20:18:45Z,264,4,1,13,2,0,1,1,1,1785529035
2026-07-31T20:18:45Z,265,0,0,15,0,0,1,1,1,1785528680
2026-07-31T20:18:45Z,266,2,0,16,1,0,1,1,1,1785529094
2026-07-31T20:18:45Z,267,8,4,6,1,0,1,1,1,1785526233
2026-07-31T20:18:45Z,268,17,6,6,0,0,1,1,1,1785528972
2026-07-31T20:18:45Z,269,1,1,22,0,0,1,1,1,1785528334
2026-07-31T20:18:45Z,270,6,3,20,1,0,1,1,1,1785528543
2026-07-31T20:18:45Z,271,3,0,14,2,0,1,1,1,1785528506
2026-07-31T20:18:45Z,272,5,3,18,0,0,1,1,1,1785529118
2026-07-31T20:18:45Z,273,2,0,13,0,0,1,1,1,1785528850
2026-07-31T20:18:45Z,274,4,2,13,2,0,1,1,1,1785528853
2026-07-31T20:18:45Z,275,11,0,12,0,0,1,1,1,1785528378
2026-07-31T20:18:45Z,276,3,1,24,0,0,1,1,1,1785528753
2026-07-31T20:18:45Z,277,14,10,5,4,0,1,1,1,1785529117
2026-07-31T20:18:45Z,278,17,9,9,5,0,1,1,1,1785529078
2026-07-31T20:18:45Z,279,11,0,8,0,0,1,1,1,1785529050
2026-07-31T20:18:45Z,280,3,0,25,3,0,1,1,1,1785529088
2026-07-31T20:18:45Z,281,3,2,16,0,0,1,1,1,1785528548
2026-07-31T20:18:45Z,282,7,2,11,0,0,1,1,1,1785527347
2026-07-31T20:18:45Z,283,18,0,16,1,0,1,1,1,1785528878
2026-07-31T20:18:45Z,284,1,1,31,3,0,1,1,1,1785529054
2026-07-31T20:18:45Z,285,4,1,19,0,0,1,1,1,1785528317
2026-07-31T20:18:45Z,286,6,4,17,0,0,1,1,1,1785528942
2026-07-31T20:18:45Z,287,13,2,8,2,0,1,1,1,1785527961
2026-07-31T20:18:45Z,288,4,1,15,0,0,1,1,1,1785528807
2026-07-31T20:18:45Z,289,12,9,14,1,0,1,1,1,1785529034
2026-07-31T20:18:45Z,290,7,0,31,1,0,1,1,1,1785528910
2026-07-31T20:18:45Z,291,14,1,8,1,0,1,1,1,1785528881
2026-07-31T20:18:45Z,292,11,0,12,0,0,1,1,1,1785528903
2026-07-31T20:18:45Z,293,5,4,18,0,0,1,1,1,1785528867
2026-07-31T20:18:45Z,294,1,1,19,2,0,1,1,1,1785529101
2026-07-31T20:18:45Z,297,9,2,8,1,1,1,1,1,1785529016
2026-07-31T20:18:45Z,301,11,0,8,0,0,1,1,1,1785528664
2026-07-31T20:18:45Z,302,14,1,9,0,0,1,1,1,1785528921
2026-07-31T20:18:45Z,303,4,1,15,0,0,1,1,1,1785529054
2026-07-31T20:18:45Z,304,0,0,0,0,0,0,1,1,86400
2026-07-31T20:18:45Z,305,4,0,14,1,0,1,1,1,1785529111
2026-07-31T20:18:45Z,306,2,0,30,0,0,1,1,1,1785529009
2026-07-31T20:18:45Z,307,8,2,14,1,0,1,1,1,1785528728
2026-07-31T20:18:45Z,308,2,0,15,2,0,1,1,1,1785528658
2026-07-31T20:18:45Z,309,1,0,11,2,0,1,1,1,1785528975
2026-07-31T20:18:45Z,311,4,0,11,0,0,1,1,1,1785528946
2026-07-31T20:18:45Z,312,10,8,10,2,1,1,1,1,1785528948
2026-07-31T20:18:45Z,313,5,0,10,0,0,1,1,1,1785526554
2026-07-31T20:18:45Z,314,6,2,11,2,0,1,1,1,1785529097
2026-07-31T20:18:45Z,315,11,3,18,2,0,1,1,1,1785529115
2026-07-31T20:18:45Z,316,3,1,20,7,1,1,1,1,1785529105
2026-07-31T20:18:45Z,317,9,5,21,0,1,1,1,1,1785529051
2026-07-31T20:18:45Z,318,16,0,3,0,0,1,1,1,1785528757
2026-07-31T20:18:45Z,319,21,3,1,1,0,1,1,1,1785529106
2026-07-31T20:18:45Z,320,14,0,4,1,0,1,1,1,1785529093
2026-07-31T20:18:45Z,321,2,0,13,4,0,1,1,1,1785529105
2026-07-31T20:18:45Z,322,14,0,15,0,0,1,1,1,1785528892
2026-07-31T20:18:45Z,323,6,0,13,0,0,1,1,1,1785529074
2026-07-31T20:18:45Z,324,13,0,13,1,0,1,1,1,1785529119
2026-07-31T20:18:45Z,325,2,1,23,2,0,1,1,1,1785528586
2026-07-31T20:18:45Z,327,9,1,16,2,0,1,1,1,1785529092
2026-07-31T20:18:45Z,328,10,0,11,1,0,1,1,1,1785528974
2026-07-31T20:18:45Z,329,2,0,14,3,0,1,1,1,1785528543
2026-07-31T20:18:45Z,330,17,0,5,0,0,1,1,1,1785529032
2026-07-31T20:18:45Z,331,14,0,7,2,0,1,1,1,1785528936
2026-07-31T20:18:45Z,332,2,2,15,2,0,1,1,1,1785528255
2026-07-31T20:18:45Z,333,2,2,20,1,0,1,1,1,1785528452
2026-07-31T20:18:45Z,334,4,0,19,0,0,1,1,1,1785529106
2026-07-31T20:18:45Z,335,2,2,20,0,1,1,1,1,1785528586
2026-07-31T20:18:45Z,336,2,1,17,0,0,1,1,1,1785528646
2026-07-31T20:18:45Z,337,11,0,8,4,0,1,1,1,1785529107
2026-07-31T20:18:45Z,338,4,3,15,0,0,1,1,1,1785529036
2026-07-31T20:18:45Z,339,12,9,7,4,0,1,1,1,1785529115
2026-07-31T20:18:45Z,340,0,0,14,1,0,1,1,1,1785526744
2026-07-31T20:18:45Z,341,3,1,16,0,0,1,1,1,1785528956
2026-07-31T20:18:45Z,342,0,0,15,0,0,1,1,1,1785528947
2026-07-31T20:18:45Z,343,12,3,10,1,0,1,1,1,1785528735
2026-07-31T20:18:45Z,344,1,1,22,0,0,1,1,1,1785528633
2026-07-31T20:18:45Z,345,9,1,10,0,0,1,1,1,1785528779
2026-07-31T20:18:45Z,346,4,2,19,0,0,1,1,1,1785526764
2026-07-31T20:18:45Z,347,42,6,1,1,0,1,1,1,1785529024
2026-07-31T20:18:45Z,348,12,0,10,0,1,1,1,1,1785529062
2026-07-31T20:18:45Z,349,15,3,4,0,0,1,1,1,1785526060
2026-07-31T20:18:45Z,350,1,0,24,1,1,1,1,1,1785528495
2026-07-31T20:18:45Z,351,1,0,20,2,0,1,1,1,1785529054
2026-07-31T20:18:45Z,355,0,0,23,0,0,1,1,1,1785528655
2026-07-31T20:18:45Z,356,4,1,15,0,0,1,1,1,1785528553
2026-07-31T20:18:45Z,357,4,2,14,1,0,1,1,1,1785528538
2026-07-31T20:18:45Z,358,13,3,13,1,0,1,1,1,1785529073
2026-07-31T20:18:45Z,359,12,1,15,0,0,1,1,1,1785528960
2026-07-31T20:18:45Z,360,6,3,13,0,0,1,1,1,1785528932
2026-07-31T20:18:45Z,362,4,2,13,2,0,1,1,1,1785529097
2026-07-31T20:18:45Z,363,15,2,12,0,0,1,1,1,1785529088
2026-07-31T20:18:45Z,364,1,1,18,0,0,1,1,1,1785527104
2026-07-31T20:18:45Z,365,1,1,19,3,0,1,1,1,1785529032
2026-07-31T20:18:45Z,366,4,4,18,1,0,1,1,1,1785529069
2026-07-31T20:18:45Z,367,0,0,17,2,0,1,1,1,1785528629
2026-07-31T20:18:45Z,368,1,0,21,1,0,1,1,1,1785528535
2026-07-31T20:18:45Z,370,3,1,24,0,0,1,1,1,1785528448
2026-07-31T20:18:45Z,371,2,2,16,1,0,1,1,1,1785528835
2026-07-31T20:18:45Z,372,15,0,0,0,0,1,1,1,1785527839
2026-07-31T20:18:45Z,373,1,0,26,0,0,1,1,1,1785528275
2026-07-31T20:18:45Z,374,2,0,16,1,0,1,1,1,1785528856
2026-07-31T20:18:45Z,375,16,3,9,2,0,1,1,1,1785528691
2026-07-31T20:18:45Z,376,14,1,21,4,0,1,1,1,1785529101
2026-07-31T20:18:45Z,377,2,1,25,0,0,1,1,1,1785528902
2026-07-31T20:18:45Z,378,3,3,20,0,1,1,1,1,1785529009
2026-07-31T20:18:45Z,379,8,0,16,3,0,1,1,1,1785528718
2026-07-31T20:18:45Z,380,1,0,22,0,0,1,1,1,1785529089
2026-07-31T20:18:45Z,381,9,0,14,0,0,1,1,1,1785528980
2026-07-31T20:18:45Z,383,3,1,9,3,0,1,1,1,1785528928
2026-07-31T20:18:45Z,384,3,1,22,2,0,1,1,1,1785528918
2026-07-31T20:18:45Z,385,0,0,17,1,0,1,1,1,1785528945
2026-07-31T20:18:45Z,387,8,2,15,0,0,1,1,1,1785528434
2026-07-31T20:18:45Z,388,33,2,12,4,0,1,1,1,1785529032
2026-07-31T20:18:45Z,389,5,3,9,1,0,1,1,1,1785528864
2026-07-31T20:18:45Z,390,8,1,27,0,0,1,1,1,1785528932
2026-07-31T20:18:45Z,391,1,1,14,0,0,1,1,1,1785528668
2026-07-31T20:18:45Z,392,0,0,18,1,0,1,1,1,1785528990
2026-07-31T20:18:45Z,393,1,1,7,3,0,1,1,1,1785528279
2026-07-31T20:18:45Z,394,8,0,2,3,0,1,1,1,1785528352
2026-07-31T20:18:45Z,396,13,4,27,2,0,1,1,1,1785529081
2026-07-31T20:18:45Z,397,23,9,8,0,0,1,1,1,1785528825
2026-07-31T20:18:45Z,399,1,0,13,3,0,1,1,1,1785528896
2026-07-31T20:18:45Z,400,13,8,8,2,0,1,1,1,1785527462
2026-07-31T20:18:45Z,401,2,2,29,8,0,1,1,1,1785528911
2026-07-31T20:18:45Z,403,22,3,6,3,0,1,1,1,1785529004
2026-07-31T20:18:45Z,404,6,2,16,1,0,1,1,1,1785529105
2026-07-31T20:18:45Z,406,26,10,9,0,0,1,1,1,1785529074
2026-07-31T20:18:45Z,407,8,0,25,1,0,1,1,1,1785529042
2026-07-31T20:18:45Z,408,5,0,25,3,0,1,1,1,1785528988
2026-07-31T20:18:45Z,409,19,2,1,3,0,1,1,1,1785529118
2026-07-31T20:18:45Z,413,10,2,11,2,0,1,1,1,1785528849
2026-07-31T20:18:45Z,414,8,0,7,0,0,1,1,1,1785528743
2026-07-31T20:18:45Z,417,3,3,16,0,0,1,1,1,1785528299
2026-07-31T20:18:45Z,418,3,1,12,0,0,1,1,1,1785527986
2026-07-31T20:18:45Z,419,12,2,11,0,0,1,1,1,1785528583
2026-07-31T20:18:45Z,421,1,1,18,0,0,1,1,1,1785528673
2026-07-31T20:18:45Z,422,16,2,11,0,0,1,1,1,1785528999
2026-07-31T20:18:45Z,423,0,0,23,0,0,1,1,1,1785529001
2026-07-31T20:18:45Z,424,7,3,5,2,1,1,1,1,1785528998
2026-07-31T20:18:45Z,425,3,3,17,1,1,1,1,1,1785528888
2026-07-31T20:18:45Z,426,18,0,17,2,0,1,1,1,1785529053
2026-07-31T20:18:45Z,427,9,0,3,3,0,1,1,1,1785529112
2026-07-31T20:18:45Z,428,14,1,5,0,0,1,1,1,1785528765
2026-07-31T20:18:45Z,429,6,6,15,2,0,1,1,1,1785529001
2026-07-31T20:18:45Z,430,4,1,26,1,0,1,1,1,1785528964
2026-07-31T20:18:45Z,431,3,1,29,1,0,1,1,1,1785529109
2026-07-31T20:18:45Z,432,0,0,30,1,0,0,1,1,1785508564
2026-07-31T20:18:45Z,433,5,2,15,3,0,1,1,1,1785527665
2026-07-31T20:18:45Z,437,2,2,15,2,0,1,1,1,1785529068
2026-07-31T20:18:45Z,438,15,2,3,1,0,1,1,1,1785529053
2026-07-31T20:18:45Z,439,4,4,11,0,0,1,1,1,1785528758
2026-07-31T20:18:45Z,440,14,4,1,0,0,1,1,1,1785529077
2026-07-31T20:18:45Z,441,1,0,12,2,0,1,1,1,1785529014
2026-07-31T20:18:45Z,442,7,5,11,1,0,1,1,1,1785528918
2026-07-31T20:18:45Z,443,5,2,22,0,0,1,1,1,1785512432
2026-07-31T20:18:45Z,444,6,2,17,0,0,1,1,1,1785527602
2026-07-31T20:18:45Z,445,6,2,16,1,0,1,1,1,1785528848
2026-07-31T20:18:45Z,446,1,0,21,1,0,1,1,1,1785519783
2026-07-31T20:18:45Z,447,3,0,18,1,1,1,1,1,1785496389
2026-07-31T20:18:45Z,448,7,1,7,1,0,1,1,1,1785523571
2026-07-31T20:18:45Z,452,1,1,17,1,0,1,1,1,1785528820
2026-07-31T20:18:45Z,453,5,3,6,4,0,1,1,1,1785529086
2026-07-31T20:18:45Z,454,14,0,5,0,0,1,1,1,1785529040
2026-07-31T20:18:45Z,455,1,1,38,0,0,1,1,1,1785528816
2026-07-31T20:18:45Z,456,16,3,3,1,0,1,1,1,1785529088
2026-07-31T20:18:45Z,457,18,3,3,6,0,1,1,1,1785529117
2026-07-31T20:18:45Z,458,2,0,20,1,0,1,1,1,1785528631
2026-07-31T20:18:45Z,459,8,1,7,0,0,1,1,1,1785528257
2026-07-31T20:18:45Z,460,12,1,11,0,0,1,1,1,1785529105
2026-07-31T20:18:45Z,461,15,0,4,0,0,1,1,1,1785528693
2026-07-31T20:18:45Z,462,16,2,5,0,0,1,1,1,1785528999
2026-07-31T20:18:45Z,463,9,1,10,0,0,1,1,1,1785526740
2026-07-31T20:18:45Z,464,0,0,14,0,0,1,1,1,1785528198
2026-07-31T20:18:45Z,465,2,2,13,0,0,1,1,1,1785528628
2026-07-31T20:18:45Z,466,3,1,7,5,0,1,1,1,1785528675
2026-07-31T20:18:45Z,467,4,1,15,0,0,1,1,1,1785528800
2026-07-31T20:18:45Z,468,0,0,18,1,0,1,1,1,1785527178
2026-07-31T20:18:45Z,469,12,1,9,2,0,1,1,1,1785529069
2026-07-31T20:18:45Z,470,0,0,13,2,0,1,1,1,1785528872
2026-07-31T20:18:45Z,471,27,2,0,0,0,1,1,1,1785528650
2026-07-31T20:18:45Z,472,6,2,11,2,0,1,1,1,1785528963
2026-07-31T20:18:45Z,473,6,0,13,0,0,1,1,1,1785528344
2026-07-31T20:18:45Z,474,12,1,7,0,0,1,1,1,1785529057
2026-07-31T20:18:45Z,475,4,3,14,1,0,1,1,1,1785528875
2026-07-31T20:18:45Z,477,8,0,7,0,0,1,1,1,1785527382
2026-07-31T20:18:45Z,478,21,2,10,0,0,1,1,1,1785528916
2026-07-31T20:18:45Z,479,3,1,22,2,0,1,1,1,1785529116
2026-07-31T20:18:45Z,480,4,0,9,2,0,1,1,1,1785527228
2026-07-31T20:18:45Z,481,11,1,23,1,0,1,1,1,1785529002
2026-07-31T20:18:45Z,482,5,5,13,1,0,1,1,1,1785528299
2026-07-31T20:18:45Z,483,7,0,18,2,0,1,1,1,1785528989
2026-07-31T20:18:45Z,484,2,2,16,1,0,1,1,1,1785529086
2026-07-31T20:18:45Z,485,7,1,11,0,1,1,1,1,1785528953
2026-07-31T20:18:45Z,486,1,0,23,3,0,1,1,1,1785528955
2026-07-31T20:18:45Z,487,8,5,9,2,0,1,1,1,1785528420
2026-07-31T20:18:45Z,489,2,1,13,0,0,1,1,1,1785529108
2026-07-31T20:18:45Z,490,9,1,6,1,0,1,1,1,1785528089
2026-07-31T20:18:45Z,491,10,3,11,0,0,1,1,1,1785528578
2026-07-31T20:18:45Z,492,4,3,4,3,0,1,1,1,1785529117
2026-07-31T20:18:45Z,493,17,0,10,0,0,1,1,1,1785528952
2026-07-31T20:18:45Z,495,6,0,7,2,0,1,1,1,1785529027
2026-07-31T20:18:45Z,496,6,0,21,0,0,1,1,1,1785528819
2026-07-31T20:18:45Z,497,6,2,11,2,0,1,1,1,1785528897
2026-07-31T20:18:45Z,498,2,1,21,0,0,1,1,1,1785528423
2026-07-31T20:18:45Z,499,2,0,16,1,0,1,1,1,1785528590
2026-07-31T20:18:45Z,500,0,0,11,4,0,1,1,1,1785525419
2026-07-31T20:18:45Z,501,18,5,3,0,0,1,1,1,1785528197
2026-07-31T20:18:45Z,502,12,2,6,1,0,1,1,1,1785528390
2026-07-31T20:18:45Z,503,3,0,27,1,0,1,1,1,1785529087
2026-07-31T20:18:45Z,504,4,0,35,0,0,1,1,1,1785529077
2026-07-31T20:18:45Z,505,2,0,9,1,0,1,1,1,1785529004
2026-07-31T20:18:45Z,511,3,2,20,0,0,1,1,1,1785529036
2026-07-31T20:18:45Z,512,8,1,19,0,0,1,1,1,1785529106
2026-07-31T20:18:45Z,514,2,1,8,1,0,1,1,1,1785528370
2026-07-31T20:18:45Z,515,1,1,18,0,0,1,1,1,1785527371
2026-07-31T20:18:45Z,516,17,2,10,0,0,1,1,1,1785529024
2026-07-31T20:18:45Z,517,15,2,8,0,0,1,1,1,1785528725
2026-07-31T20:18:45Z,518,5,0,9,1,0,1,1,1,1785528944
2026-07-31T20:18:45Z,519,6,2,11,2,0,1,1,1,1785529091
2026-07-31T20:18:45Z,520,17,8,4,5,1,1,1,1,1785529116
2026-07-31T20:18:45Z,521,2,1,21,0,0,1,1,1,1785528757
2026-07-31T20:18:45Z,522,3,1,18,2,0,1,1,1,1785528100
2026-07-31T20:18:45Z,523,10,4,12,1,0,1,1,1,1785528638
2026-07-31T20:18:45Z,524,1,0,21,1,0,1,1,1,1785529117
2026-07-31T20:18:45Z,525,9,1,10,0,0,1,1,1,1785528988
2026-07-31T20:18:45Z,526,4,1,11,0,0,1,1,1,1785528088
2026-07-31T20:18:45Z,527,13,8,12,1,0,1,1,1,1785528992
2026-07-31T20:18:45Z,528,11,0,9,3,0,1,1,1,1785528258
2026-07-31T20:18:45Z,529,5,4,7,7,0,1,1,1,1785529118
2026-07-31T20:18:45Z,530,13,0,6,2,0,1,1,1,1785529099
2026-07-31T20:18:45Z,531,3,2,19,0,1,1,1,1,1785528625
2026-07-31T20:18:45Z,532,23,12,7,1,0,1,1,1,1785528823
2026-07-31T20:18:45Z,533,10,0,8,1,0,1,1,1,1785528065
2026-07-31T20:18:45Z,534,2,0,21,0,0,1,1,1,1785528746
2026-07-31T20:18:45Z,535,11,3,4,0,0,1,1,1,1785529014
2026-07-31T20:18:45Z,536,14,0,9,0,0,1,1,1,1785528962
2026-07-31T20:18:45Z,537,11,1,9,0,0,1,1,1,1785528536
2026-07-31T20:18:45Z,538,3,0,18,0,2,1,1,1,1785529050
2026-07-31T20:18:45Z,539,4,2,26,1,0,1,1,1,1785529083
2026-07-31T20:18:45Z,540,5,4,14,0,0,1,1,1,1785528618
2026-07-31T20:18:45Z,541,4,1,23,0,0,1,1,1,1785529113
2026-07-31T20:18:45Z,542,3,0,19,1,0,1,1,1,1785529085
2026-07-31T20:18:45Z,543,0,0,19,0,0,1,1,1,1785528303
2026-07-31T20:18:45Z,544,3,1,15,4,0,1,1,1,1785528992
2026-07-31T20:18:45Z,545,14,1,1,4,0,1,1,1,1785529013
2026-07-31T20:18:45Z,546,4,3,15,0,0,1,1,1,1785528940
2026-07-31T20:18:45Z,547,3,0,22,0,0,1,1,1,1785528949
2026-07-31T20:18:45Z,548,8,0,14,1,0,1,1,1,1785528650
2026-07-31T20:18:45Z,549,14,0,7,2,0,1,1,1,1785529042
2026-07-31T20:18:45Z,550,4,4,15,0,0,1,1,1,1785529070
2026-07-31T20:18:45Z,551,2,1,20,1,0,1,1,1,1785528375
2026-07-31T20:18:45Z,552,1,1,26,0,0,1,1,1,1785527983
2026-07-31T20:18:45Z,553,2,1,20,1,0,1,1,1,1785528358
2026-07-31T20:18:45Z,554,5,0,14,0,0,1,1,1,1785528354
2026-07-31T20:18:45Z,555,7,0,7,1,0,1,1,1,1785528944
2026-07-31T20:18:45Z,556,14,0,6,3,0,1,1,1,1785529078
2026-07-31T20:18:45Z,557,0,0,21,2,0,1,1,1,1785528124
2026-07-31T20:18:45Z,558,33,11,4,0,0,1,1,1,1785529104
2026-07-31T20:18:45Z,559,16,0,2,1,0,1,1,1,1785528837
2026-07-31T20:18:45Z,560,16,0,11,0,0,1,1,1,1785529085
2026-07-31T20:18:45Z,561,8,3,12,3,0,1,1,1,1785528816
2026-07-31T20:18:45Z,562,11,0,19,5,0,1,1,1,1785529043
2026-07-31T20:18:45Z,563,3,0,11,0,0,1,1,1,1785529076
2026-07-31T20:18:45Z,564,2,1,16,1,0,1,1,1,1785528459
2026-07-31T20:18:45Z,565,2,1,17,0,0,1,1,1,1785528360
2026-07-31T20:18:45Z,566,5,0,13,1,0,1,1,1,1785529009
2026-07-31T20:18:45Z,567,8,1,18,1,0,1,1,1,1785528603
2026-07-31T20:18:45Z,568,13,0,5,1,0,1,1,1,1785528745
2026-07-31T20:18:45Z,569,1,0,16,2,0,1,1,1,1785528671
2026-07-31T20:18:45Z,570,1,0,16,2,0,1,1,1,1785529048
2026-07-31T20:18:45Z,571,10,5,13,0,0,1,1,1,1785529115
2026-07-31T20:18:45Z,572,4,0,14,1,0,1,1,1,1785528853
2026-07-31T20:18:45Z,573,7,0,7,1,0,1,1,1,1785528946
2026-07-31T20:18:45Z,574,6,1,9,0,0,1,1,1,1785528734
2026-07-31T20:18:45Z,575,1,0,19,1,0,1,1,1,1785528476
2026-07-31T20:18:45Z,576,4,1,15,0,0,1,1,1,1785528587
2026-07-31T20:18:45Z,577,17,1,14,0,0,1,1,1,1785528580
2026-07-31T20:18:45Z,578,1,0,21,1,0,1,1,1,1785529037
2026-07-31T20:18:45Z,579,27,1,16,0,0,1,1,1,1785529061
2026-07-31T20:18:45Z,580,5,2,24,0,0,1,1,1,1785529057
2026-07-31T20:18:45Z,581,5,0,14,0,0,1,1,1,1785529005
2026-07-31T20:18:45Z,582,22,1,36,3,0,1,1,1,1785529082
2026-07-31T20:18:45Z,583,4,0,19,0,0,1,1,1,1785528509
2026-07-31T20:18:45Z,584,6,0,9,4,0,1,1,1,1785528588
2026-07-31T20:18:45Z,585,11,1,15,0,1,1,1,1,1785528880
2026-07-31T20:18:45Z,586,32,1,1,2,0,1,1,1,1785528851
2026-07-31T20:18:45Z,587,7,0,16,1,0,1,1,1,1785528891
2026-07-31T20:18:45Z,588,12,3,4,2,1,1,1,1,1785528882
2026-07-31T20:18:45Z,589,1,0,21,0,0,1,1,1,1785528229
2026-07-31T20:18:45Z,590,5,1,26,0,0,1,1,1,1785529073
2026-07-31T20:18:45Z,591,5,0,23,2,0,1,1,1,1785529036
2026-07-31T20:18:45Z,592,2,0,21,0,0,1,1,1,1785528786
2026-07-31T20:18:45Z,593,21,0,16,1,0,1,1,1,1785528765
2026-07-31T20:18:45Z,594,7,0,13,1,0,1,1,1,1785528758
2026-07-31T20:18:45Z,595,0,0,3,0,0,0,1,1,1784046673
2026-07-31T20:18:45Z,605,0,0,2,1,0,0,1,1,1783975843
2026-07-31T20:18:45Z,606,0,0,0,0,0,0,1,1,86400
2026-07-31T20:18:45Z,607,14,1,18,0,0,1,1,1,1785529116
2026-07-31T20:18:45Z,608,37,2,12,1,0,1,1,1,1785528902
2026-07-31T20:18:45Z,609,13,11,10,0,0,1,1,1,1785529011
2026-07-31T20:18:45Z,610,13,0,21,1,0,1,1,1,1785528736
2026-07-31T20:18:45Z,611,19,4,7,1,0,1,1,1,1785528569
2026-07-31T20:18:45Z,612,7,1,8,0,0,1,1,1,1785522916
2026-07-31T20:18:45Z,613,11,4,1,3,0,1,1,1,1785528243
2026-07-31T20:18:45Z,614,7,6,17,2,1,1,1,1,1785528936
2026-07-31T20:18:45Z,617,3,0,10,2,0,1,1,1,1785527015
2026-07-31T20:18:45Z,618,12,1,2,5,0,1,1,1,1785528657
2026-07-31T20:18:45Z,619,2,1,17,0,0,1,1,1,1785529049
2026-07-31T20:18:45Z,620,16,0,10,1,0,1,1,1,1785528937
2026-07-31T20:18:45Z,621,4,0,18,1,0,1,1,1,1785529017
2026-07-31T20:18:45Z,622,13,0,8,2,0,1,1,1,1785528934
2026-07-31T20:18:45Z,623,27,10,2,1,0,1,1,1,1785529119
2026-07-31T20:18:45Z,624,1,0,14,0,0,1,1,1,1785528431
2026-07-31T20:18:45Z,625,14,3,3,4,0,1,1,1,1785529102
2026-07-31T20:18:45Z,626,36,1,9,0,2,1,1,1,1785528692
2026-07-31T20:18:45Z,627,13,3,6,0,0,1,1,1,1785528343
2026-07-31T20:18:45Z,628,7,7,11,0,1,1,1,1,1785528478
2026-07-31T20:18:45Z,629,3,2,6,2,0,1,1,1,1785529096
2026-07-31T20:18:45Z,630,2,0,22,3,0,1,1,1,1785528907
2026-07-31T20:18:45Z,631,10,7,13,0,0,1,1,1,1785528937
2026-07-31T20:18:45Z,632,21,1,0,2,0,1,1,1,1785528715
2026-07-31T20:18:45Z,633,12,3,0,3,0,1,1,1,1785526124
2026-07-31T20:18:45Z,634,11,2,8,0,0,1,1,1,1785527120
2026-07-31T20:18:45Z,635,16,0,2,1,0,1,1,1,1785528403
2026-07-31T20:18:45Z,636,7,2,8,0,0,1,1,1,1785526430
2026-07-31T20:18:45Z,637,9,2,8,2,0,1,1,1,1785528916
2026-07-31T20:18:45Z,638,5,1,12,2,0,1,1,1,1785528900
2026-07-31T20:18:45Z,639,10,2,7,2,0,1,1,1,1785528930
2026-07-31T20:18:45Z,640,12,8,9,2,0,1,1,1,1785529115
2026-07-31T20:18:45Z,641,7,0,20,0,0,1,1,1,1785529114
2026-07-31T20:18:45Z,642,9,3,2,8,0,1,1,1,1785529115
2026-07-31T20:18:45Z,643,8,0,11,8,0,1,1,1,1785529114
2026-07-31T20:18:45Z,644,12,1,2,1,0,1,1,1,1785528211
2026-07-31T20:18:45Z,645,13,1,8,1,1,1,1,1,1785528767
2026-07-31T20:18:45Z,646,2,0,17,0,0,1,1,1,1785529020
2026-07-31T20:18:45Z,647,3,0,28,0,0,1,1,1,1785529117
2026-07-31T20:18:45Z,648,3,0,15,1,0,1,1,1,1785528355
2026-07-31T20:18:45Z,649,5,5,26,0,0,1,1,1,1785528890
2026-07-31T20:18:45Z,650,5,1,9,0,0,1,1,1,1785528260
2026-07-31T20:18:45Z,651,0,0,23,0,0,1,1,1,1785528763
2026-07-31T20:18:45Z,652,1,0,19,3,0,1,1,1,1785528931
2026-07-31T20:18:45Z,653,0,0,18,1,0,1,1,1,1785528940
2026-07-31T20:18:45Z,654,3,0,12,0,0,1,1,1,1785527773
2026-07-31T20:18:45Z,655,8,4,0,4,1,1,1,1,1785529084
2026-07-31T20:18:45Z,656,4,4,15,0,0,1,1,1,1785528947
2026-07-31T20:18:45Z,657,10,4,3,2,2,1,1,1,1785528873
2026-07-31T20:18:45Z,658,7,1,3,0,0,1,1,1,1785526893
2026-07-31T20:18:45Z,659,7,4,6,2,0,1,1,1,1785528998
2026-07-31T20:18:45Z,660,24,6,3,4,0,1,1,1,1785529113
2026-07-31T20:18:45Z,661,15,3,4,0,0,1,1,1,1785529101
2026-07-31T20:18:45Z,662,6,3,14,3,0,1,1,1,1785526394
2026-07-31T20:18:45Z,663,1,0,14,0,0,1,1,1,1785529039
2026-07-31T20:18:45Z,664,20,0,7,0,0,1,1,1,1785529102
2026-07-31T20:18:45Z,665,11,4,4,0,0,1,1,1,1785525553
2026-07-31T20:18:45Z,666,4,2,8,3,0,1,1,1,1785526234
2026-07-31T20:18:45Z,667,15,3,3,1,0,1,1,1,1785528945
2026-07-31T20:18:45Z,668,3,1,16,0,0,1,1,1,1785529034
2026-07-31T20:18:45Z,669,8,3,4,2,0,1,1,1,1785529075
2026-07-31T20:18:45Z,670,22,1,2,3,0,1,1,1,1785529100
2026-07-31T20:18:45Z,671,20,6,7,0,0,1,1,1,1785528746
2026-07-31T20:18:45Z,672,4,0,15,3,1,1,1,1,1785529057
2026-07-31T20:18:45Z,673,10,0,13,0,0,1,1,1,1785528775
2026-07-31T20:18:45Z,674,9,1,12,2,0,1,1,1,1785528845
2026-07-31T20:18:45Z,675,3,1,10,2,0,1,1,1,1785528049
2026-07-31T20:18:45Z,676,4,0,17,1,0,1,1,1,1785528268
2026-07-31T20:18:45Z,681,9,4,4,1,1,1,1,1,1785529113
2026-07-31T20:18:45Z,682,6,1,13,0,0,1,1,1,1785529048
2026-07-31T20:18:45Z,683,1,1,18,0,0,1,1,1,1785527602
2026-07-31T20:18:45Z,684,3,1,24,0,0,1,1,1,1785518528
2026-07-31T20:18:45Z,685,6,0,19,1,1,1,1,1,1785525624
2026-07-31T20:18:45Z,686,9,0,15,3,0,1,1,1,1785528935
2026-07-31T20:18:45Z,687,13,1,16,1,1,1,1,1,1785528962
2026-07-31T20:18:45Z,688,11,0,1,7,0,1,1,1,1785510286
2026-07-31T20:18:45Z,692,5,2,16,0,0,1,1,1,1785527722
2026-07-31T20:18:45Z,693,6,0,2,3,0,1,1,1,1785528821
2026-07-31T20:18:45Z,694,12,6,9,0,0,1,1,1,1785528673
2026-07-31T20:18:45Z,695,4,4,19,0,0,1,1,1,1785528881
2026-07-31T20:18:45Z,696,10,5,13,0,0,1,1,1,1785528818
2026-07-31T20:18:45Z,697,15,4,8,0,0,1,1,1,1785529115
2026-07-31T20:18:45Z,698,17,2,10,0,0,1,1,1,1785529065
2026-07-31T20:18:45Z,699,5,0,9,1,0,1,1,1,1785529102
2026-07-31T20:18:45Z,700,15,1,3,1,0,1,1,1,1785528684
2026-07-31T20:18:45Z,701,16,5,3,0,0,1,1,1,1785529101
2026-07-31T20:18:45Z,702,5,1,17,1,0,1,1,1,1785528921
2026-07-31T20:18:45Z,704,0,0,15,0,0,1,1,1,1785528385
2026-07-31T20:18:45Z,705,2,1,13,0,0,1,1,1,1785527628
2026-07-31T20:18:45Z,706,4,2,9,2,0,1,1,1,1785528749
2026-07-31T20:18:45Z,707,8,1,7,0,0,1,1,1,1785528782
2026-07-31T20:18:45Z,708,4,0,14,1,0,1,1,1,1785529036
2026-07-31T20:18:45Z,709,4,0,8,3,0,1,1,1,1785528814
2026-07-31T20:18:45Z,710,2,2,16,1,0,1,1,1,1785528919
2026-07-31T20:18:45Z,711,5,2,15,3,0,1,1,1,1785528939
2026-07-31T20:18:45Z,712,9,8,6,0,0,1,1,1,1785528774
2026-07-31T20:18:45Z,713,2,1,21,0,0,1,1,1,1785529046
2026-07-31T20:18:45Z,716,4,3,11,0,0,1,1,1,1785529104
2026-07-31T20:18:45Z,717,5,2,18,2,0,1,1,1,1785527579
2026-07-31T20:18:45Z,718,7,2,6,2,0,1,1,1,1785528930
2026-07-31T20:18:45Z,719,7,1,22,0,0,1,1,1,1785528415
2026-07-31T20:18:45Z,720,0,0,19,0,0,1,1,1,1785527558
2026-07-31T20:18:45Z,721,10,0,10,3,0,1,1,1,1785529117
2026-07-31T20:18:45Z,722,6,0,9,0,0,1,1,1,1785527332
2026-07-31T20:18:45Z,723,13,2,10,0,0,1,1,1,1785528348
2026-07-31T20:18:45Z,724,7,1,16,0,0,1,1,1,1785528990
2026-07-31T20:18:45Z,725,1,0,22,0,0,1,1,1,1785528558
2026-07-31T20:18:45Z,726,1,1,17,1,0,1,1,1,1785528759
2026-07-31T20:18:45Z,727,10,5,12,1,0,1,1,1,1785528398
2026-07-31T20:18:45Z,728,10,1,4,1,0,1,1,1,1785527864
2026-07-31T20:18:45Z,729,4,0,15,0,0,1,1,1,1785529082
2026-07-31T20:18:45Z,730,1,1,11,3,0,1,1,1,1785528463
2026-07-31T20:18:45Z,731,9,3,4,2,0,1,1,1,1785528650
2026-07-31T20:18:45Z,732,3,2,12,0,0,1,1,1,1785528621
2026-07-31T20:18:45Z,733,8,0,19,0,0,1,1,1,1785529051
2026-07-31T20:18:45Z,734,6,3,8,0,0,1,1,1,1785528516
2026-07-31T20:18:45Z,735,18,10,9,0,0,1,1,1,1785529037
2026-07-31T20:18:45Z,736,14,2,5,0,0,1,1,1,1785528755
2026-07-31T20:18:45Z,737,2,1,12,0,1,1,1,1,1785528719
2026-07-31T20:18:45Z,738,15,7,4,0,0,1,1,1,1785528653
2026-07-31T20:18:45Z,739,17,0,9,1,0,1,1,1,1785527985
2026-07-31T20:18:45Z,741,9,0,14,0,0,1,1,1,1785527928
2026-07-31T20:18:45Z,742,18,5,16,1,0,1,1,1,1785528429
2026-07-31T20:18:45Z,743,7,4,12,0,0,1,1,1,1785527805
2026-07-31T20:18:45Z,744,10,2,5,0,0,1,1,1,1785527773
2026-07-31T20:18:45Z,745,12,4,7,0,0,1,1,1,1785528321
2026-07-31T20:18:45Z,746,1,0,21,1,0,1,1,1,1785528107
2026-07-31T20:18:45Z,747,0,0,4,0,0,0,1,1,1783446606
2026-07-31T20:18:45Z,748,9,1,14,0,0,1,1,1,1785527356
2026-07-31T20:18:45Z,749,2,1,20,1,0,1,1,1,1785529091
2026-07-31T20:18:45Z,750,0,0,11,0,0,1,1,1,1785528713
2026-07-31T20:18:45Z,751,19,14,4,0,0,1,1,1,1785529117
2026-07-31T20:18:45Z,752,8,0,8,1,0,1,1,1,1785529082
2026-07-31T20:18:45Z,753,4,0,10,1,0,1,1,1,1785528944
2026-07-31T20:18:45Z,754,8,3,7,0,0,1,1,1,1785528777
2026-07-31T20:18:45Z,755,8,1,14,1,0,1,1,1,1785528994
2026-07-31T20:18:45Z,756,17,16,19,1,0,1,1,1,1785529118
2026-07-31T20:18:45Z,757,3,3,16,0,0,1,1,1,1785529098
2026-07-31T20:18:45Z,758,0,0,23,0,0,1,1,1,1785528741
2026-07-31T20:18:45Z,759,0,0,0,0,0,1,1,1,86400
2026-07-31T20:18:45Z,760,10,3,9,0,0,1,1,1,1785528868
2026-07-31T20:18:45Z,761,11,3,11,1,0,1,1,1,1785529083
2026-07-31T20:18:45Z,762,4,2,6,5,0,1,1,1,1785528408
2026-07-31T20:18:45Z,768,7,0,8,4,0,1,1,1,1785528519
2026-07-31T20:18:45Z,769,12,6,5,2,0,1,1,1,1785529114
2026-07-31T20:18:45Z,770,6,2,11,2,0,1,1,1,1785528124
2026-07-31T20:18:45Z,771,11,1,3,1,0,1,1,1,1785528130
2026-07-31T20:18:45Z,772,5,0,10,0,0,1,1,1,1785528944
2026-07-31T20:18:45Z,773,18,4,1,0,0,1,1,1,1785528324
2026-07-31T20:18:45Z,774,8,1,3,4,0,1,1,1,1785528899
2026-07-31T20:18:45Z,775,7,1,10,1,1,1,1,1,1785527910
2026-07-31T20:18:45Z,776,2,1,18,1,0,1,1,1,1785528898
2026-07-31T20:18:45Z,777,10,2,5,0,0,1,1,1,1785529067
2026-07-31T20:18:45Z,778,10,0,5,4,0,1,1,1,1785528711
2026-07-31T20:18:45Z,779,5,0,13,1,0,1,1,1,1785529097
2026-07-31T20:18:45Z,780,1,1,18,0,0,1,1,1,1785529070
2026-07-31T20:18:45Z,781,2,1,7,2,0,1,1,1,1785528731
2026-07-31T20:18:45Z,782,1,0,14,4,0,1,1,1,1785527817
2026-07-31T20:18:45Z,783,9,2,10,0,0,1,1,1,1785528950
2026-07-31T20:18:45Z,784,3,0,16,0,0,1,1,1,1785528486
2026-07-31T20:18:45Z,785,10,2,3,6,0,1,1,1,1785529090
2026-07-31T20:18:45Z,786,10,5,9,0,0,1,1,1,1785528750
2026-07-31T20:18:45Z,787,5,3,9,1,0,1,1,1,1785528863
2026-07-31T20:18:45Z,788,2,0,13,0,0,1,1,1,1785527541
2026-07-31T20:18:45Z,789,7,2,4,4,0,1,1,1,1785527748
2026-07-31T20:18:45Z,790,1,0,22,0,0,1,1,1,1785528606
2026-07-31T20:18:45Z,791,9,0,9,0,1,1,1,1,1785529043
2026-07-31T20:18:45Z,793,4,0,10,1,0,1,1,1,1785527873
2026-07-31T20:18:45Z,794,17,7,10,2,0,1,1,1,1785529058
2026-07-31T20:18:45Z,796,5,3,13,1,0,1,1,1,1785527750
2026-07-31T20:18:45Z,797,3,1,12,0,0,1,1,1,1785529105
2026-07-31T20:18:45Z,798,15,0,9,1,0,1,1,1,1785529016
2026-07-31T20:18:45Z,799,12,2,3,4,0,1,1,1,1785528735
2026-07-31T20:18:45Z,800,0,0,20,1,0,1,1,1,1785528779
2026-07-31T20:18:45Z,801,6,1,11,4,0,1,1,1,1785529054
2026-07-31T20:18:45Z,802,8,0,23,0,0,1,1,1,1785527970
2026-07-31T20:18:45Z,803,0,0,15,0,0,1,1,1,1785527508
2026-07-31T20:18:45Z,806,1,0,13,1,0,1,1,1,1785526582
2026-07-31T20:18:45Z,807,10,5,12,3,0,1,1,1,1785529090
2026-07-31T20:18:45Z,808,19,7,4,2,0,1,1,1,1785528847
2026-07-31T20:18:45Z,809,4,1,18,1,0,1,1,1,1785527752
2026-07-31T20:18:45Z,810,4,2,13,2,0,1,1,1,1785528120
2026-07-31T20:18:45Z,815,3,1,6,5,1,1,1,1,1785528763
2026-07-31T20:18:45Z,817,12,6,3,0,0,1,1,1,1785528857
2026-07-31T20:18:45Z,818,4,0,19,0,0,1,1,1,1785528376
2026-07-31T20:18:45Z,819,10,4,5,0,0,1,1,1,1785525935
2026-07-31T20:18:45Z,820,9,1,8,0,0,1,1,1,1785528737
2026-07-31T20:18:45Z,821,3,2,12,0,0,1,1,1,1785527840
2026-07-31T20:18:45Z,822,4,0,17,2,0,1,1,1,1785528933
2026-07-31T20:18:45Z,823,13,1,2,0,0,1,1,1,1785528745
2026-07-31T20:18:45Z,824,10,7,8,1,0,1,1,1,1785529004
2026-07-31T20:18:45Z,825,6,4,9,0,0,1,1,1,1785529073
2026-07-31T20:18:45Z,826,8,1,9,2,0,1,1,1,1785528717
2026-07-31T20:18:45Z,827,19,3,0,2,0,1,1,1,1785528791
2026-07-31T20:18:45Z,828,10,0,6,2,0,1,1,1,1785528095
2026-07-31T20:18:45Z,829,17,6,10,0,0,1,1,1,1785529020
2026-07-31T20:18:45Z,830,17,0,5,1,0,1,1,1,1785528284
2026-07-31T20:18:45Z,831,6,3,7,2,0,1,1,1,1785529088
2026-07-31T20:18:45Z,832,7,2,8,3,0,1,1,1,1785528470
2026-07-31T20:18:45Z,833,1,1,17,1,0,1,1,1,1785529005
2026-07-31T20:18:45Z,834,21,0,1,2,0,1,1,1,1785528741
2026-07-31T20:18:45Z,835,0,0,17,1,0,1,1,1,1785528738
2026-07-31T20:18:45Z,838,5,1,8,2,0,1,1,1,1785528795
2026-07-31T20:18:45Z,839,16,0,12,1,0,1,1,1,1785529108
2026-07-31T20:18:45Z,840,0,0,28,1,0,1,1,1,1785528628
2026-07-31T20:18:45Z,841,7,1,8,0,0,1,1,1,1785529075
2026-07-31T20:18:45Z,842,2,0,21,0,0,1,1,1,1785528991
2026-07-31T20:18:45Z,843,12,1,19,0,0,1,1,1,1785527939
2026-07-31T20:18:45Z,844,5,0,18,0,0,1,1,1,1785527442
2026-07-31T20:18:45Z,845,4,3,13,2,0,1,1,1,1785527523
2026-07-31T20:18:45Z,846,3,1,15,1,0,1,1,1,1785528475
2026-07-31T20:18:45Z,847,7,1,19,1,0,1,1,1,1785528689
2026-07-31T20:18:45Z,848,2,1,16,1,0,1,1,1,1785527961
2026-07-31T20:18:45Z,849,8,0,6,1,0,1,1,1,1785528290
2026-07-31T20:18:45Z,850,3,0,8,0,0,1,1,1,1785529028
2026-07-31T20:18:45Z,851,4,4,30,3,0,1,1,1,1785528776
2026-07-31T20:18:45Z,852,9,3,10,0,0,1,1,1,1785529022
2026-07-31T20:18:45Z,853,12,5,11,0,0,1,1,1,1785528174
2026-07-31T20:18:45Z,854,2,1,13,0,0,1,1,1,1785528449
2026-07-31T20:18:45Z,855,26,0,1,0,0,1,1,1,1785528120
2026-07-31T20:18:45Z,857,6,4,11,2,0,1,1,1,1785528953
2026-07-31T20:18:45Z,858,5,2,13,1,0,1,1,1,1785527925
2026-07-31T20:18:45Z,859,8,0,12,1,0,1,1,1,1785528117
2026-07-31T20:18:45Z,861,6,0,4,1,0,1,1,1,1785528609
2026-07-31T20:18:45Z,862,4,2,11,0,0,1,1,1,1785529117
2026-07-31T20:18:45Z,863,13,0,5,1,0,1,1,1,1785529013
2026-07-31T20:18:45Z,866,12,3,7,0,0,1,1,1,1785527676
2026-07-31T20:18:45Z,867,14,2,1,0,0,1,1,1,1785528720
2026-07-31T20:18:45Z,868,7,0,8,0,0,1,1,1,1785528970
2026-07-31T20:18:45Z,870,9,5,6,0,0,1,1,1,1785527963
2026-07-31T20:18:45Z,871,0,0,10,1,0,1,1,1,1785528526
2026-07-31T20:18:45Z,872,0,0,14,1,0,1,1,1,1785529104
2026-07-31T20:18:45Z,873,18,0,14,1,0,1,1,1,1785529111
2026-07-31T20:18:45Z,874,5,0,7,3,0,1,1,1,1785529041
2026-07-31T20:18:45Z,875,10,7,4,1,0,1,1,1,1785528406
2026-07-31T20:18:45Z,877,13,12,6,0,0,1,1,1,1785528788
2026-07-31T20:18:45Z,878,3,3,16,0,0,1,1,1,1785527545
2026-07-31T20:18:45Z,879,3,1,16,0,0,1,1,1,1785528397
2026-07-31T20:18:45Z,880,1,0,21,1,0,1,1,1,1785528402
2026-07-31T20:18:45Z,881,2,0,17,0,0,1,1,1,1785527406
2026-07-31T20:18:45Z,882,9,4,9,1,0,1,1,1,1785513298
2026-07-31T20:18:45Z,883,9,4,10,0,0,1,1,1,1785527608
2026-07-31T20:18:45Z,884,10,6,11,0,0,1,1,1,1785528807
2026-07-31T20:18:45Z,885,0,0,19,0,0,1,1,1,1785529023
2026-07-31T20:18:45Z,886,8,1,20,1,0,1,1,1,1785528945
2026-07-31T20:18:45Z,887,7,3,7,3,0,1,1,1,1785528842
2026-07-31T20:18:45Z,888,13,0,26,1,1,1,1,1,1785529103
2026-07-31T20:18:45Z,889,0,0,17,2,0,1,1,1,1785528580
2026-07-31T20:18:45Z,890,8,4,7,0,0,1,1,1,1785527402
2026-07-31T20:18:45Z,891,22,0,1,0,0,1,1,1,1785528571
2026-07-31T20:18:45Z,892,9,1,6,0,0,1,1,1,1785523247
2026-07-31T20:18:45Z,895,3,0,16,0,0,1,1,1,1785527858
2026-07-31T20:18:45Z,896,9,0,26,0,0,1,1,1,1785526343
2026-07-31T20:18:45Z,897,12,1,9,0,0,1,1,1,1785527443
2026-07-31T20:18:45Z,898,2,0,17,0,0,1,1,1,1785528943
2026-07-31T20:18:45Z,899,1,0,17,1,0,1,1,1,1785528842
2026-07-31T20:18:45Z,900,3,1,24,0,0,1,1,1,1785528924
2026-07-31T20:18:45Z,901,2,1,16,1,0,1,1,1,1785528436
2026-07-31T20:18:45Z,902,6,1,9,0,0,1,1,1,1785528849
2026-07-31T20:18:45Z,903,4,0,14,1,0,1,1,1,1785528415
2026-07-31T20:18:45Z,904,9,3,9,1,0,1,1,1,1785528938
2026-07-31T20:18:45Z,905,9,3,17,1,0,1,1,1,1785529113
2026-07-31T20:18:45Z,906,16,4,10,1,0,1,1,1,1785528972
2026-07-31T20:18:45Z,907,3,0,28,0,0,1,1,1,1785529068
2026-07-31T20:18:45Z,908,8,0,15,0,0,1,1,1,1785527540
2026-07-31T20:18:45Z,909,5,5,18,0,0,1,1,1,1785528935
2026-07-31T20:18:45Z,910,3,0,28,0,0,1,1,1,1785529029
2026-07-31T20:18:45Z,911,4,1,15,0,0,1,1,1,1785528876
2026-07-31T20:18:45Z,912,16,2,6,1,0,1,1,1,1785529063
2026-07-31T20:18:45Z,913,7,4,12,0,0,1,1,1,1785528056
2026-07-31T20:18:45Z,914,14,0,5,0,0,1,1,1,1785528095
2026-07-31T20:18:45Z,915,15,1,6,2,0,1,1,1,1785529107
2026-07-31T20:18:45Z,916,5,2,17,1,0,1,1,1,1785529016
2026-07-31T20:18:45Z,917,14,1,20,1,0,1,1,1,1785528830
2026-07-31T20:18:45Z,918,11,0,5,3,0,1,1,1,1785529047
2026-07-31T20:18:45Z,919,2,0,37,0,0,1,1,1,1785529117
2026-07-31T20:18:45Z,920,7,2,12,0,0,1,1,1,1785527841
2026-07-31T20:18:45Z,921,15,1,6,0,0,1,1,1,1785529039
2026-07-31T20:18:45Z,922,1,1,20,0,0,1,1,1,1785528068
2026-07-31T20:18:45Z,923,0,0,19,0,0,1,1,1,1785528939
2026-07-31T20:18:45Z,924,7,0,13,1,0,1,1,1,1785528229
2026-07-31T20:18:45Z,925,11,0,10,0,0,1,1,1,1785528732
2026-07-31T20:18:45Z,926,1,0,20,0,0,1,1,1,1785528327
2026-07-31T20:18:45Z,927,29,1,5,1,0,1,1,1,1785528792
2026-07-31T20:18:45Z,928,0,0,19,0,0,0,1,1,1785500252
2026-07-31T20:18:45Z,929,19,1,4,0,0,1,1,1,1785528862
2026-07-31T20:18:45Z,930,4,0,26,1,0,1,1,1,1785529050
2026-07-31T20:18:45Z,931,11,4,11,1,0,1,1,1,1785528938
2026-07-31T20:18:45Z,932,1,0,16,2,0,1,1,1,1785528651
2026-07-31T20:18:45Z,933,13,2,9,1,0,1,1,1,1785528813
2026-07-31T20:18:45Z,934,19,1,11,1,0,1,1,1,1785529071
2026-07-31T20:18:45Z,935,2,0,16,1,0,1,1,1,1785528428
2026-07-31T20:18:45Z,936,10,0,9,0,0,1,1,1,1785529080
2026-07-31T20:18:45Z,940,2,1,8,1,0,1,1,1,1785528401
2026-07-31T20:18:45Z,941,15,0,7,3,0,1,1,1,1785528692
2026-07-31T20:18:45Z,942,15,1,6,0,0,1,1,1,1785528446
2026-07-31T20:18:45Z,943,8,8,7,0,0,1,1,1,1785527377
2026-07-31T20:18:45Z,944,10,8,5,0,0,1,1,1,1785529034
2026-07-31T20:18:45Z,945,10,8,5,0,0,1,1,1,1785528558
2026-07-31T20:18:45Z,946,7,5,12,0,0,1,1,1,1785523835
2026-07-31T20:18:45Z,947,7,5,10,0,0,1,1,1,1785529054
2026-07-31T20:18:45Z,948,10,10,18,3,0,1,1,1,1785529105
2026-07-31T20:18:45Z,949,1,1,14,0,0,1,1,1,1785528916
2026-07-31T20:18:45Z,950,8,1,6,3,0,1,1,1,1785529116
2026-07-31T20:18:45Z,951,19,5,4,0,0,1,1,1,1785528916
2026-07-31T20:18:45Z,952,24,2,30,1,0,1,1,1,1785529096
2026-07-31T20:18:45Z,953,3,1,11,1,0,1,1,1,1785528572
2026-07-31T20:18:45Z,954,6,0,13,0,0,1,1,1,1785529028
2026-07-31T20:18:45Z,955,9,4,12,5,1,1,1,1,1785528881
2026-07-31T20:18:45Z,956,6,0,15,2,0,1,1,1,1785529084
2026-07-31T20:18:45Z,957,9,1,19,1,0,1,1,1,1785529100
2026-07-31T20:18:45Z,958,16,0,13,2,0,1,1,1,1785529079
2026-07-31T20:18:45Z,959,2,2,19,2,0,1,1,1,1785529003
2026-07-31T20:18:45Z,960,1,0,21,1,0,1,1,1,1785529112
2026-07-31T20:18:45Z,961,5,1,15,3,0,1,1,1,1785528003
2026-07-31T20:18:45Z,962,9,3,23,3,0,1,1,1,1785528391
2026-07-31T20:18:45Z,963,6,0,16,1,0,1,1,1,1785528234
2026-07-31T20:18:45Z,964,9,7,14,0,0,1,1,1,1785529100
2026-07-31T20:18:45Z,965,10,6,16,1,0,1,1,1,1785528373
2026-07-31T20:18:45Z,966,14,0,15,2,0,1,1,1,1785529098
2026-07-31T20:18:45Z,967,5,1,14,2,0,1,1,1,1785529021
2026-07-31T20:18:45Z,968,12,0,6,1,0,1,1,1,1785529069
2026-07-31T20:18:45Z,969,1,0,24,2,0,1,1,1,1785528973
2026-07-31T20:18:45Z,970,3,3,15,1,0,1,1,1,1785528750
2026-07-31T20:18:45Z,971,0,0,22,1,0,1,1,1,1785528842
2026-07-31T20:18:45Z,972,12,4,10,1,0,1,1,1,1785529068
2026-07-31T20:18:45Z,973,6,0,16,1,0,1,1,1,1785528828
2026-07-31T20:18:45Z,974,18,0,8,1,0,1,1,1,1785528993
2026-07-31T20:18:45Z,977,2,0,17,2,0,1,1,1,1785528609
2026-07-31T20:18:45Z,978,19,0,4,0,0,1,1,1,1785529115
2026-07-31T20:18:45Z,979,7,1,10,0,0,1,1,1,1785528946
2026-07-31T20:18:45Z,980,12,2,8,1,0,1,1,1,1785528702
2026-07-31T20:18:45Z,981,2,0,19,0,0,1,1,1,1785529022
2026-07-31T20:18:45Z,982,3,1,15,1,0,1,1,1,1785529109
2026-07-31T20:18:45Z,983,4,3,19,0,0,1,1,1,1785528891
2026-07-31T20:18:45Z,984,6,0,17,0,0,1,1,1,1785528889
2026-07-31T20:18:45Z,985,3,0,28,0,0,1,1,1,1785529046
2026-07-31T20:18:45Z,986,3,0,16,0,0,1,1,1,1785529110
2026-07-31T20:18:45Z,987,6,0,17,0,0,1,1,1,1785527869
2026-07-31T20:18:45Z,988,8,4,11,0,0,1,1,1,1785528507
2026-07-31T20:18:45Z,989,7,4,12,0,0,1,1,1,1785528282
2026-07-31T20:18:45Z,990,12,0,2,1,0,1,1,1,1785527797
2026-07-31T20:18:45Z,991,9,0,9,1,0,1,1,1,1785529013
2026-07-31T20:18:45Z,992,9,5,14,0,0,1,1,1,1785528081
2026-07-31T20:18:45Z,993,4,4,22,1,0,1,1,1,1785528663
2026-07-31T20:18:45Z,994,0,0,21,0,0,1,1,1,1785528327
2026-07-31T20:18:45Z,995,6,0,21,0,0,1,1,1,1785527535
2026-07-31T20:18:45Z,996,8,2,15,0,0,1,1,1,1785527370
2026-07-31T20:18:45Z,997,5,4,6,9,3,1,1,1,1785527891
2026-07-31T20:18:45Z,998,5,4,18,0,0,1,1,1,1785527628
2026-07-31T20:18:45Z,999,4,1,15,1,1,1,1,1,1785527338
2026-07-31T20:18:45Z,1000,3,2,18,0,0,1,1,1,1785528951
2026-07-31T20:18:45Z,1001,4,2,23,0,0,1,1,1,1785528231
2026-07-31T20:18:45Z,1002,2,2,28,1,0,1,1,1,1785527716
2026-07-31T20:18:45Z,1003,0,0,23,0,0,1,1,1,1785529083
2026-07-31T20:18:45Z,1004,9,2,14,0,0,1,1,1,1785528564
2026-07-31T20:18:45Z,1005,20,1,3,0,0,1,1,1,1785527574
2026-07-31T20:18:45Z,1006,7,4,12,0,0,1,1,1,1785529081
2026-07-31T20:18:45Z,1007,1,1,20,0,0,1,1,1,1785528723
2026-07-31T20:18:45Z,1008,8,7,15,0,0,1,1,1,1785528259
2026-07-31T20:18:45Z,1009,22,5,8,1,0,1,1,1,1785528174
2026-07-31T20:18:45Z,1010,8,2,19,0,0,1,1,1,1785528983
2026-07-31T20:18:45Z,1011,6,2,11,2,0,1,1,1,1785527637
2026-07-31T20:18:45Z,1012,5,3,16,2,0,1,1,1,1785529045
2026-07-31T20:18:45Z,1013,4,1,18,1,0,1,1,1,1785527789
2026-07-31T20:18:45Z,1014,9,4,14,0,0,1,1,1,1785527753
2026-07-31T20:18:45Z,1015,4,3,26,1,0,1,1,1,1785528092
2026-07-31T20:18:45Z,1016,10,5,21,0,0,1,1,1,1785528989
2026-07-31T20:18:45Z,1017,13,5,8,0,0,1,1,1,1785528438
2026-07-31T20:18:45Z,1018,7,3,15,0,0,1,1,1,1785527307
2026-07-31T20:18:45Z,1019,8,5,7,0,0,1,1,1,1785528994
2026-07-31T20:18:45Z,1020,19,5,2,0,0,1,1,1,1785528302
2026-07-31T20:18:45Z,1021,9,4,6,0,0,1,1,1,1785527980
2026-07-31T20:18:45Z,1022,14,0,13,0,0,1,1,1,1785527436
2026-07-31T20:18:45Z,1023,14,2,9,0,0,1,1,1,1785528877
2026-07-31T20:18:45Z,1024,6,2,13,0,0,1,1,1,1785528031
2026-07-31T20:18:45Z,1025,4,0,14,0,1,1,1,1,1785527413
2026-07-31T20:18:45Z,1026,12,9,18,1,0,1,1,1,1785528581
2026-07-31T20:18:45Z,1028,3,1,20,0,0,1,1,1,1785527402
2026-07-31T20:18:45Z,1029,12,10,3,0,0,1,1,1,1785528289
2026-07-31T20:18:45Z,1030,13,4,10,0,0,1,1,1,1785528097
2026-07-31T20:18:45Z,1031,9,1,10,0,0,1,1,1,1785528408
2026-07-31T20:18:45Z,1032,7,1,12,0,0,1,1,1,1785529080
2026-07-31T20:18:45Z,1033,9,5,10,0,0,1,1,1,1785528088
2026-07-31T20:18:45Z,1034,3,1,12,0,0,1,1,1,1785529062
2026-07-31T20:18:45Z,1035,1,0,17,1,0,1,1,1,1785529086
2026-07-31T20:18:45Z,1036,12,0,3,0,0,1,1,1,1785527827
2026-07-31T20:18:45Z,1037,2,0,16,1,0,1,1,1,1785527884
2026-07-31T20:18:45Z,1038,1,0,14,0,0,1,1,1,1785528754
2026-07-31T20:18:45Z,1039,7,1,12,0,0,1,1,1,1785527416
2026-07-31T20:18:45Z,1040,8,5,11,0,0,1,1,1,1785527315
2026-07-31T20:18:45Z,1041,10,2,9,0,0,1,1,1,1785529000
2026-07-31T20:18:45Z,1042,4,0,10,1,0,1,1,1,1785529025
2026-07-31T20:18:45Z,1043,10,5,8,1,0,1,1,1,1785528540
2026-07-31T20:18:45Z,1044,2,1,13,0,0,1,1,1,1785528808
2026-07-31T20:18:45Z,1045,9,0,10,0,0,1,1,1,1785529063
2026-07-31T20:18:45Z,1046,9,0,6,0,0,1,1,1,1785528434
2026-07-31T20:18:45Z,1047,4,0,17,0,0,1,1,1,1785528032
2026-07-31T20:18:45Z,1048,3,0,16,0,0,1,1,1,1785529042
2026-07-31T20:18:45Z,1049,0,0,21,0,0,1,1,1,1785527328
2026-07-31T20:18:45Z,1050,17,4,4,0,0,1,1,1,1785528430
2026-07-31T20:18:45Z,1051,8,2,13,0,0,1,1,1,1785528301
2026-07-31T20:18:45Z,1052,16,1,5,1,0,1,1,1,1785528937
2026-07-31T20:18:45Z,1053,3,2,12,0,0,1,1,1,1785528943
2026-07-31T20:18:45Z,1054,5,1,10,0,0,1,1,1,1785527614
2026-07-31T20:18:45Z,1055,9,2,10,0,0,1,1,1,1785528737
2026-07-31T20:18:45Z,1057,12,2,7,0,0,1,1,1,1785529048
2026-07-31T20:18:45Z,1058,19,0,35,2,0,1,1,1,1785528907
2026-07-31T20:18:45Z,1059,1,1,17,1,0,1,1,1,1785529068
2026-07-31T20:18:45Z,1060,26,0,11,0,0,1,1,1,1785528670
2026-07-31T20:18:45Z,1061,29,0,8,0,0,1,1,1,1785528671
2026-07-31T20:18:45Z,1062,9,1,8,0,0,1,1,1,1785528942
2026-07-31T20:18:45Z,1063,12,1,6,1,0,1,1,1,1785527307
2026-07-31T20:18:45Z,1064,3,0,19,1,0,1,1,1,1785527670
2026-07-31T20:18:45Z,1065,16,3,7,0,0,1,1,1,1785527916
2026-07-31T20:18:45Z,1066,12,2,11,0,0,1,1,1,1785529107
2026-07-31T20:18:45Z,1067,8,2,13,2,0,1,1,1,1785528012
2026-07-31T20:18:45Z,1068,5,2,15,3,0,1,1,1,1785527745
2026-07-31T20:18:45Z,1069,12,3,11,0,0,1,1,1,1785527550
2026-07-31T20:18:45Z,1070,12,2,11,0,0,1,1,1,1785527650
2026-07-31T20:18:45Z,1071,8,4,15,0,0,1,1,1,1785527688
2026-07-31T20:18:45Z,1072,11,1,11,1,0,1,1,1,1785528096
2026-07-31T20:18:45Z,1073,4,0,22,1,0,1,1,1,1785528836
2026-07-31T20:18:45Z,1074,31,7,18,5,0,1,1,1,1785529062
2026-07-31T20:18:45Z,1075,8,8,13,0,0,1,1,1,1785528397
2026-07-31T20:18:45Z,1076,16,13,5,0,0,1,1,1,1785528320
2026-07-31T20:18:45Z,1077,11,7,9,1,0,1,1,1,1785527961
2026-07-31T20:18:45Z,1078,10,9,11,0,0,1,1,1,1785528356
2026-07-31T20:18:45Z,1079,12,8,9,0,0,1,1,1,1785528976
2026-07-31T20:18:45Z,1080,9,7,10,2,0,1,1,1,1785529104
2026-07-31T20:18:45Z,1081,14,8,5,0,0,1,1,1,1785528095
2026-07-31T20:18:45Z,1082,12,11,11,0,0,1,1,1,1785528982
2026-07-31T20:18:45Z,1083,14,12,7,0,0,1,1,1,1785528750
2026-07-31T20:18:45Z,1084,10,8,11,0,0,1,1,1,1785528862
2026-07-31T20:18:45Z,1085,12,8,9,0,0,1,1,1,1785528985
2026-07-31T20:18:45Z,1086,14,11,6,1,0,1,1,1,1785528505
2026-07-31T20:18:45Z,1087,6,6,9,0,0,1,1,1,1785528348
2026-07-31T20:18:45Z,1088,10,7,5,0,0,1,1,1,1785528752
2026-07-31T20:18:45Z,1089,6,3,9,0,0,1,1,1,1785528893
2026-07-31T20:18:45Z,1090,7,6,8,0,0,1,1,1,1785528058
2026-07-31T20:18:45Z,1091,7,5,8,0,0,1,1,1,1785528260
2026-07-31T20:18:45Z,1092,10,9,5,0,0,1,1,1,1785527641
2026-07-31T20:18:45Z,1093,5,5,9,1,0,1,1,1,1785528340
2026-07-31T20:18:45Z,1094,10,9,9,0,0,1,1,1,1785529074
2026-07-31T20:18:45Z,1095,9,8,6,0,0,1,1,1,1785529053
2026-07-31T20:18:45Z,1096,10,8,8,1,0,1,1,1,1785527632
2026-07-31T20:18:45Z,1097,8,8,7,0,0,1,1,1,1785527828
2026-07-31T20:18:45Z,1098,9,7,10,0,0,1,1,1,1785528678
2026-07-31T20:18:45Z,1099,7,6,8,0,0,1,1,1,1785528910
2026-07-31T20:18:45Z,1100,5,3,24,0,0,1,1,1,1785521793
2026-07-31T20:18:45Z,1101,10,5,11,0,0,1,1,1,1785528833
2026-07-31T20:18:45Z,1102,9,4,4,0,0,1,1,1,1785528042
2026-07-31T20:18:45Z,1103,11,5,10,0,0,1,1,1,1785503681
2026-07-31T20:18:45Z,1104,11,6,10,0,0,1,1,1,1785528583
2026-07-31T20:18:45Z,1105,8,4,5,0,0,1,1,1,1785527926
2026-07-31T20:18:45Z,1106,10,5,11,0,0,1,1,1,1785528924
2026-07-31T20:18:45Z,1107,9,5,6,0,0,1,1,1,1785527358
2026-07-31T20:18:45Z,1108,7,3,17,2,1,1,1,1,1785529022
2026-07-31T20:18:45Z,1109,8,4,7,0,0,1,1,1,1785529116
2026-07-31T20:18:45Z,1110,8,0,13,0,0,1,1,1,1785528448
2026-07-31T20:18:45Z,1111,8,6,12,1,0,1,1,1,1785526112
2026-07-31T20:18:45Z,1112,26,0,27,0,0,1,1,1,1785529072
2026-07-31T20:18:45Z,1113,3,0,18,0,0,1,1,1,1785528560
2026-07-31T20:18:45Z,1115,13,2,6,4,0,1,1,1,1785527829
2026-07-31T20:18:45Z,1116,1,0,18,0,0,1,1,1,1785529099
2026-07-31T20:18:45Z,1117,2,1,19,2,0,1,1,1,1785528934
2026-07-31T20:18:45Z,1118,9,0,12,0,0,1,1,1,1785528932
2026-07-31T20:18:45Z,1119,8,0,9,0,0,1,1,1,1785528350
2026-07-31T20:18:45Z,1120,7,0,11,1,0,1,1,1,1785528586
2026-07-31T20:18:45Z,1121,0,0,20,1,0,1,1,1,1785528897
2026-07-31T20:18:45Z,1122,2,2,18,1,0,1,1,1,1785529042
2026-07-31T20:18:45Z,1123,13,11,8,2,0,1,1,1,1785529072
2026-07-31T20:18:45Z,1124,3,2,9,3,0,1,1,1,1785529110
2026-07-31T20:18:45Z,1125,16,1,7,0,0,1,1,1,1785528179
2026-07-31T20:18:45Z,1126,8,0,13,0,0,1,1,1,1785529080
2026-07-31T20:18:45Z,1127,2,0,17,0,0,1,1,1,1785528523
2026-07-31T20:18:45Z,1128,0,0,15,0,0,1,1,1,1785529070
2026-07-31T20:18:45Z,1129,4,1,16,1,0,1,1,1,1785529083
2026-07-31T20:18:45Z,1130,4,0,11,0,0,1,1,1,1785529021
2026-07-31T20:18:45Z,1131,4,3,44,1,0,1,1,1,1785529019
2026-07-31T20:18:45Z,1132,11,5,9,1,0,1,1,1,1785528989
2026-07-31T20:18:45Z,1133,5,4,14,2,0,1,1,1,1785529059
2026-07-31T20:18:45Z,1134,11,5,8,0,0,1,1,1,1785527794
2026-07-31T20:18:45Z,1135,12,6,9,0,0,1,1,1,1785528728
2026-07-31T20:18:45Z,1136,14,0,9,0,0,1,1,1,1785527996
2026-07-31T20:18:45Z,1137,13,0,2,0,0,1,1,1,1785528988
2026-07-31T20:18:45Z,1138,2,0,17,0,0,1,1,1,1785528400
2026-07-31T20:18:45Z,1139,14,2,5,2,0,1,1,1,1785527793
2026-07-31T20:18:45Z,1140,6,1,16,1,0,1,1,1,1785528900
2026-07-31T20:18:45Z,1141,9,4,12,0,0,1,1,1,1785529045
2026-07-31T20:18:45Z,1142,0,0,21,0,0,1,1,1,1785527923
2026-07-31T20:18:45Z,1143,13,0,16,0,0,1,1,1,1785528771
2026-07-31T20:18:45Z,1144,6,0,14,1,0,1,1,1,1785528890
2026-07-31T20:18:45Z,1145,11,5,9,1,0,1,1,1,1785527690
2026-07-31T20:18:45Z,1146,15,11,2,2,0,1,1,1,1785529110
2026-07-31T20:18:45Z,1147,19,2,0,0,0,1,1,1,1785529019
2026-07-31T20:18:45Z,1148,1,0,30,0,0,1,1,1,1785528959
2026-07-31T20:18:45Z,1149,5,4,16,4,0,1,1,1,1785528809
2026-07-31T20:18:45Z,1150,7,0,12,0,0,1,1,1,1785528984
2026-07-31T20:18:45Z,1151,8,0,13,0,0,1,1,1,1785528767
2026-07-31T20:18:45Z,1152,6,0,23,0,0,1,1,1,1785529118
2026-07-31T20:18:45Z,1153,21,2,1,1,0,1,1,1,1785527835
2026-07-31T20:18:45Z,1154,3,0,16,0,0,1,1,1,1785528495
2026-07-31T20:18:45Z,1155,4,1,14,3,0,1,1,1,1785529113
2026-07-31T20:18:45Z,1158,3,1,16,0,0,1,1,1,1785528984
2026-07-31T20:18:45Z,1159,12,0,7,0,0,1,1,1,1785527530
2026-07-31T20:18:45Z,1160,9,2,10,0,0,1,1,1,1785528145
2026-07-31T20:18:45Z,1161,3,0,15,1,0,1,1,1,1785527666
2026-07-31T20:18:45Z,1162,2,1,17,0,0,1,1,1,1785528831
2026-07-31T20:18:45Z,1163,2,1,16,1,0,1,1,1,1785529104
2026-07-31T20:18:45Z,1164,6,1,13,0,0,1,1,1,1785527346
2026-07-31T20:18:45Z,1165,2,0,19,0,0,1,1,1,1785528089
2026-07-31T20:18:45Z,1166,14,3,7,0,0,1,1,1,1785527623
2026-07-31T20:18:45Z,1167,4,0,11,0,0,1,1,1,1785528832
2026-07-31T20:18:45Z,1168,3,1,18,2,0,1,1,1,1785528133
2026-07-31T20:18:45Z,1169,3,0,15,1,0,1,1,1,1785529007
2026-07-31T20:18:45Z,1170,7,1,14,0,0,1,1,1,1785527585
2026-07-31T20:18:45Z,1171,8,7,15,0,0,1,1,1,1785529102
2026-07-31T20:18:45Z,1172,3,0,10,2,0,1,1,1,1785528921
2026-07-31T20:18:45Z,1173,13,4,6,0,0,1,1,1,1785527449
2026-07-31T20:18:45Z,1174,6,3,9,0,0,1,1,1,1785528911
2026-07-31T20:18:45Z,1175,4,3,15,0,0,1,1,1,1785525246
2026-07-31T20:18:45Z,1176,8,2,13,0,0,1,1,1,1785529089
2026-07-31T20:18:45Z,1177,3,1,18,0,0,1,1,1,1785528419
2026-07-31T20:18:45Z,1178,5,2,10,0,0,1,1,1,1785528837
2026-07-31T20:18:45Z,1181,2,0,13,0,0,1,1,1,1785528510
2026-07-31T20:18:45Z,1182,11,0,8,1,0,1,1,1,1785528770
2026-07-31T20:18:45Z,1183,22,2,21,2,0,1,1,1,1785528969
2026-07-31T20:18:45Z,1184,2,2,17,2,0,1,1,1,1785528916
2026-07-31T20:18:45Z,1185,9,5,12,0,0,1,1,1,1785528555
2026-07-31T20:18:45Z,1186,9,5,10,0,0,1,1,1,1785528150
2026-07-31T20:18:45Z,1187,10,5,10,1,0,1,1,1,1785527968
2026-07-31T20:18:45Z,1188,10,5,5,0,0,1,1,1,1785527356
2026-07-31T20:18:45Z,1189,9,4,10,0,0,1,1,1,1785527482
2026-07-31T20:18:45Z,1190,9,4,12,0,0,1,1,1,1785528712
2026-07-31T20:18:45Z,1191,11,6,4,0,0,1,1,1,1785527361
2026-07-31T20:18:45Z,1192,9,6,11,1,0,1,1,1,1785529076
2026-07-31T20:18:45Z,1193,6,4,5,2,0,1,1,1,1785528150
2026-07-31T20:18:45Z,1197,9,6,7,1,0,1,1,1,1785529010
2026-07-31T20:18:45Z,1198,13,4,6,2,0,1,1,1,1785527785
2026-07-31T20:18:45Z,1199,3,0,16,0,0,1,1,1,1785527776
2026-07-31T20:18:45Z,1200,9,5,6,0,0,1,1,1,1785527397
2026-07-31T20:18:45Z,1201,10,5,5,0,0,1,1,1,1785527372
2026-07-31T20:18:45Z,1202,10,5,5,0,0,1,1,1,1785527474
2026-07-31T20:18:45Z,1203,11,5,4,0,0,1,1,1,1785527377
2026-07-31T20:18:45Z,1204,7,4,12,0,0,1,1,1,1785528964
2026-07-31T20:18:45Z,1206,11,5,10,0,0,1,1,1,1785528202
2026-07-31T20:18:45Z,1207,8,4,6,1,0,1,1,1,1785527690
2026-07-31T20:18:45Z,1208,10,4,9,0,0,1,1,1,1785527630
2026-07-31T20:18:45Z,1216,9,0,11,1,0,1,1,1,1785528822
2026-07-31T20:18:45Z,1218,4,0,17,0,0,1,1,1,1785528817
2026-07-31T20:18:45Z,1219,6,1,7,2,0,1,1,1,1785529091
2026-07-31T20:18:45Z,1220,17,6,2,0,0,1,1,1,1785528454
2026-07-31T20:18:45Z,1221,1,1,19,1,0,1,1,1,1785528166
2026-07-31T20:18:45Z,1222,13,2,16,0,0,1,1,1,1785529002
2026-07-31T20:18:45Z,1223,28,2,0,1,0,1,1,1,1785529042
2026-07-31T20:18:45Z,1226,0,0,3,0,0,0,1,1,1781868931
2026-07-31T20:18:45Z,1227,2,0,22,1,0,1,1,1,1785528835
2026-07-31T20:18:45Z,1228,6,5,23,0,0,1,1,1,1785528854
2026-07-31T20:18:45Z,1229,43,1,0,2,0,1,1,1,1785529084
2026-07-31T20:23:45Z,1,13,2,10,0,0,1,1,1,1785529101
2026-07-31T20:23:45Z,2,7,1,17,3,0,1,1,1,1785529408
2026-07-31T20:23:45Z,3,10,1,3,1,0,1,1,1,1785529372
2026-07-31T20:23:45Z,4,21,5,0,1,0,1,1,1,1785529297
2026-07-31T20:23:45Z,5,16,3,6,1,0,1,1,1,1785527983
2026-07-31T20:23:45Z,6,4,1,11,0,0,1,1,1,1785529280
2026-07-31T20:23:45Z,7,4,0,35,0,0,1,1,1,1785529089
2026-07-31T20:23:45Z,8,7,0,36,0,0,1,1,1,1785529349
2026-07-31T20:23:45Z,9,19,2,3,1,0,1,1,1,1785529135
2026-07-31T20:23:45Z,10,1,0,20,2,0,1,1,1,1785527928
2026-07-31T20:23:45Z,11,6,1,11,2,0,1,1,1,1785529391
2026-07-31T20:23:45Z,12,21,0,2,0,0,1,1,1,1785529397
2026-07-31T20:23:45Z,13,8,1,22,0,0,1,1,1,1785529290
2026-07-31T20:23:45Z,14,39,0,3,0,1,1,1,1,1785529407
2026-07-31T20:23:45Z,15,13,0,2,0,0,1,1,1,1785528273
2026-07-31T20:23:45Z,16,6,1,18,2,1,1,1,1,1785529194
2026-07-31T20:23:45Z,17,9,0,17,1,0,1,1,1,1785529297
2026-07-31T20:23:45Z,18,6,0,10,2,0,1,1,1,1785528931
2026-07-31T20:23:45Z,19,17,3,7,3,0,1,1,1,1785529411
2026-07-31T20:23:45Z,20,10,1,25,0,0,1,1,1,1785529025
2026-07-31T20:23:45Z,21,12,2,6,1,0,1,1,1,1785529128
2026-07-31T20:23:45Z,22,30,1,33,2,0,1,1,1,1785529378
2026-07-31T20:23:45Z,23,13,9,18,0,0,1,1,1,1785528770
2026-07-31T20:23:45Z,24,9,2,1,1,0,1,1,1,1785529413
2026-07-31T20:23:45Z,25,73,4,6,2,0,1,1,1,1785529408
2026-07-31T20:23:45Z,26,25,1,2,0,0,1,1,1,1785529180
2026-07-31T20:23:45Z,28,5,0,10,0,0,1,1,1,1785529222
2026-07-31T20:23:45Z,30,9,0,19,1,0,1,1,1,1785529288
2026-07-31T20:23:45Z,31,13,3,5,1,0,1,1,1,1785529400
2026-07-31T20:23:45Z,32,7,3,20,0,0,1,1,1,1785529345
2026-07-31T20:23:45Z,34,16,1,21,0,0,1,1,1,1785529372
2026-07-31T20:23:45Z,35,43,5,2,2,0,1,1,1,1785529391
2026-07-31T20:23:45Z,36,0,0,0,0,0,0,1,1,86400
2026-07-31T20:23:45Z,37,18,2,5,0,0,1,1,1,1785529228
2026-07-31T20:23:45Z,38,12,0,11,0,0,1,1,1,1785528838
2026-07-31T20:23:45Z,39,12,1,27,0,0,1,1,1,1785529230
2026-07-31T20:23:45Z,40,6,0,15,0,0,1,1,1,1785529343
2026-07-31T20:23:45Z,41,32,2,11,0,0,1,1,1,1785529377
2026-07-31T20:23:45Z,42,0,0,31,0,0,1,1,1,1785529055
2026-07-31T20:23:45Z,43,10,1,13,0,0,1,1,1,1785529381
2026-07-31T20:23:45Z,45,16,1,13,0,0,1,1,1,1785529228
2026-07-31T20:23:45Z,46,2,2,28,1,0,1,1,1,1785529222
2026-07-31T20:23:45Z,47,0,0,14,1,0,1,1,1,1785529062
2026-07-31T20:23:45Z,48,11,0,16,0,0,1,1,1,1785528934
2026-07-31T20:23:45Z,49,1,0,18,4,0,1,1,1,1785529416
2026-07-31T20:23:45Z,50,9,8,10,0,0,1,1,1,1785528946
2026-07-31T20:23:45Z,51,49,0,28,0,0,1,1,1,1785529265
2026-07-31T20:23:45Z,52,19,1,5,3,0,1,1,1,1785529149
2026-07-31T20:23:45Z,55,0,0,23,0,0,1,1,1,1785529088
2026-07-31T20:23:45Z,56,35,1,8,0,0,1,1,1,1785529406
2026-07-31T20:23:45Z,57,25,3,2,0,0,1,1,1,1785529213
2026-07-31T20:23:45Z,58,4,1,24,0,0,1,1,1,1785529378
2026-07-31T20:23:45Z,59,7,0,18,2,0,1,1,1,1785529335
2026-07-31T20:23:45Z,61,0,0,39,0,0,1,1,1,1785529283
2026-07-31T20:23:45Z,62,40,15,7,2,0,1,1,1,1785529343
2026-07-31T20:23:45Z,63,13,0,6,0,0,1,1,1,1785529206
2026-07-31T20:23:45Z,64,12,1,3,4,0,1,1,1,1785527230
2026-07-31T20:23:45Z,65,10,4,8,1,0,1,1,1,1785528670
2026-07-31T20:23:45Z,67,33,2,6,0,0,1,1,1,1785529285
2026-07-31T20:23:45Z,68,32,1,4,1,0,1,1,1,1785529195
2026-07-31T20:23:45Z,69,2,0,13,0,0,1,1,1,1785528939
2026-07-31T20:23:45Z,71,14,0,10,3,0,1,1,1,1785529415
2026-07-31T20:23:45Z,72,26,3,2,2,1,1,1,1,1785529410
2026-07-31T20:23:45Z,73,25,1,6,0,0,1,1,1,1785529157
2026-07-31T20:23:45Z,74,1,0,18,0,0,1,1,1,1785528574
2026-07-31T20:23:45Z,75,17,0,14,1,0,1,1,1,1785527405
2026-07-31T20:23:45Z,76,11,2,6,2,0,1,1,1,1785529416
2026-07-31T20:23:45Z,77,4,0,23,0,0,1,1,1,1785528399
2026-07-31T20:23:45Z,78,5,5,18,0,0,1,1,1,1785528790
2026-07-31T20:23:45Z,79,5,0,11,1,0,1,1,1,1785529294
2026-07-31T20:23:45Z,80,11,0,9,3,0,1,1,1,1785529351
2026-07-31T20:23:45Z,81,4,0,27,0,0,1,1,1,1785529360
2026-07-31T20:23:45Z,82,16,6,5,2,0,1,1,1,1785529406
2026-07-31T20:23:45Z,83,7,2,26,1,0,1,1,1,1785529411
2026-07-31T20:23:45Z,84,1,0,25,1,0,1,1,1,1785529292
2026-07-31T20:23:45Z,85,11,1,4,0,0,1,1,1,1785528736
2026-07-31T20:23:45Z,86,1,0,26,0,0,1,1,1,1785529415
2026-07-31T20:23:45Z,87,6,1,13,0,0,1,1,1,1785529415
2026-07-31T20:23:45Z,88,8,0,34,1,0,1,1,1,1785529195
2026-07-31T20:23:45Z,89,30,2,5,0,0,1,1,1,1785528468
2026-07-31T20:23:45Z,90,0,0,17,1,0,1,1,1,1785529354
2026-07-31T20:23:45Z,91,1,0,16,0,0,1,1,1,1785528542
2026-07-31T20:23:45Z,92,7,0,9,3,0,1,1,1,1785529270
2026-07-31T20:23:45Z,93,6,2,17,0,0,1,1,1,1785529314
2026-07-31T20:23:45Z,94,13,0,5,1,0,1,1,1,1785527778
2026-07-31T20:23:45Z,95,6,0,27,1,1,1,1,1,1785529412
2026-07-31T20:23:45Z,96,14,1,16,1,0,1,1,1,1785529393
2026-07-31T20:23:45Z,97,4,3,11,2,0,1,1,1,1785529408
2026-07-31T20:23:45Z,98,26,3,8,1,0,1,1,1,1785529350
2026-07-31T20:23:45Z,99,12,0,3,0,0,1,1,1,1785528923
2026-07-31T20:23:45Z,100,5,0,22,0,0,1,1,1,1785529281
2026-07-31T20:23:45Z,101,9,0,5,1,0,1,1,1,1785529212
2026-07-31T20:23:45Z,102,8,1,15,0,0,1,1,1,1785529418
2026-07-31T20:23:45Z,103,11,0,16,3,0,1,1,1,1785529060
2026-07-31T20:23:45Z,104,10,2,15,2,0,1,1,1,1785529419
2026-07-31T20:23:45Z,105,18,0,1,0,0,1,1,1,1785529401
2026-07-31T20:23:45Z,106,12,0,9,0,0,1,1,1,1785529331
2026-07-31T20:23:45Z,107,21,4,16,0,0,1,1,1,1785529079
2026-07-31T20:23:45Z,108,4,0,29,2,0,1,1,1,1785529387
2026-07-31T20:23:45Z,109,20,1,3,0,0,1,1,1,1785529418
2026-07-31T20:23:45Z,110,11,0,12,0,0,1,1,1,1785528663
2026-07-31T20:23:45Z,111,19,2,16,1,0,1,1,1,1785529320
2026-07-31T20:23:45Z,112,5,4,9,1,0,1,1,1,1785529306
2026-07-31T20:23:45Z,113,11,1,7,1,0,1,1,1,1785529390
2026-07-31T20:23:45Z,114,15,6,14,1,1,1,1,1,1785529324
2026-07-31T20:23:45Z,115,16,11,9,3,0,1,1,1,1785529399
2026-07-31T20:23:45Z,116,16,14,10,1,0,1,1,1,1785529386
2026-07-31T20:23:45Z,118,14,1,7,2,0,1,1,1,1785529291
2026-07-31T20:23:45Z,119,2,1,34,2,0,1,1,1,1785529380
2026-07-31T20:23:45Z,120,2,0,24,1,0,1,1,1,1785529380
2026-07-31T20:23:45Z,121,3,0,15,0,1,1,1,1,1785529282
2026-07-31T20:23:45Z,122,5,0,16,0,0,1,1,1,1785529056
2026-07-31T20:23:45Z,123,21,0,25,1,0,1,1,1,1785529416
2026-07-31T20:23:45Z,124,5,1,30,0,0,1,1,1,1785529057
2026-07-31T20:23:45Z,125,0,0,22,1,0,1,1,1,1785529389
2026-07-31T20:23:45Z,126,18,0,13,0,0,1,1,1,1785528553
2026-07-31T20:23:45Z,127,17,2,17,1,0,1,1,1,1785529412
2026-07-31T20:23:45Z,128,4,2,15,0,0,1,1,1,1785529418
2026-07-31T20:23:45Z,129,2,0,16,1,0,1,1,1,1785528929
2026-07-31T20:23:45Z,130,9,0,8,0,0,1,1,1,1785529073
2026-07-31T20:23:45Z,131,4,3,7,0,0,1,1,1,1785529391
2026-07-31T20:23:45Z,132,7,4,6,1,1,1,1,1,1785529284
2026-07-31T20:23:45Z,134,17,3,2,4,0,1,1,1,1785529149
2026-07-31T20:23:45Z,135,4,2,14,1,0,1,1,1,1785528747
2026-07-31T20:23:45Z,136,1,0,12,4,6,1,1,1,1785529268
2026-07-31T20:23:45Z,137,5,4,12,2,0,1,1,1,1785529380
2026-07-31T20:23:45Z,138,10,0,27,0,0,1,1,1,1785529138
2026-07-31T20:23:45Z,139,0,0,19,0,0,1,1,1,1785529171
2026-07-31T20:23:45Z,140,0,0,22,1,0,1,1,1,1785529415
2026-07-31T20:23:45Z,141,1,0,35,0,0,1,1,1,1785528750
2026-07-31T20:23:45Z,142,6,1,17,0,0,1,1,1,1785529283
2026-07-31T20:23:45Z,143,12,0,18,1,0,1,1,1,1785529126
2026-07-31T20:23:45Z,144,3,0,24,0,0,1,1,1,1785529138
2026-07-31T20:23:45Z,146,13,1,9,1,0,1,1,1,1785529384
2026-07-31T20:23:45Z,147,3,0,14,2,0,1,1,1,1785529417
2026-07-31T20:23:45Z,148,3,0,21,3,0,1,1,1,1785529340
2026-07-31T20:23:45Z,149,2,0,25,0,0,1,1,1,1785529036
2026-07-31T20:23:45Z,150,7,0,25,3,0,1,1,1,1785529352
2026-07-31T20:23:45Z,151,7,2,16,0,0,1,1,1,1785529386
2026-07-31T20:23:45Z,152,5,3,18,3,0,1,1,1,1785529374
2026-07-31T20:23:45Z,153,1,0,25,2,0,1,1,1,1785529286
2026-07-31T20:23:45Z,154,10,0,10,3,0,1,1,1,1785529410
2026-07-31T20:23:45Z,155,2,0,11,1,0,1,1,1,1785529324
2026-07-31T20:23:45Z,156,8,0,11,0,0,1,1,1,1785529030
2026-07-31T20:23:45Z,157,6,0,19,2,0,1,1,1,1785529417
2026-07-31T20:23:45Z,158,2,1,14,0,0,1,1,1,1785528837
2026-07-31T20:23:45Z,159,1,1,17,1,0,1,1,1,1785529375
2026-07-31T20:23:45Z,160,2,0,17,0,0,1,1,1,1785529093
2026-07-31T20:23:45Z,161,7,0,15,0,0,1,1,1,1785529336
2026-07-31T20:23:45Z,162,21,10,4,2,0,1,1,1,1785529403
2026-07-31T20:23:45Z,163,6,1,24,0,1,1,1,1,1785529350
2026-07-31T20:23:45Z,164,12,0,15,0,0,1,1,1,1785529187
2026-07-31T20:23:45Z,165,22,4,9,0,0,1,1,1,1785529412
2026-07-31T20:23:45Z,166,2,2,33,4,0,1,1,1,1785529417
2026-07-31T20:23:45Z,167,4,2,18,1,0,1,1,1,1785529323
2026-07-31T20:23:45Z,168,3,3,23,1,0,1,1,1,1785529401
2026-07-31T20:23:45Z,169,10,0,12,0,1,1,1,1,1785529328
2026-07-31T20:23:45Z,170,5,1,13,1,0,1,1,1,1785529237
2026-07-31T20:23:45Z,171,8,0,3,2,0,1,1,1,1785529380
2026-07-31T20:23:45Z,173,14,1,25,0,0,1,1,1,1785529391
2026-07-31T20:23:45Z,174,6,0,20,0,0,1,1,1,1785529028
2026-07-31T20:23:45Z,175,29,1,1,1,0,1,1,1,1785529358
2026-07-31T20:23:45Z,176,12,1,1,1,1,1,1,1,1785528912
2026-07-31T20:23:45Z,177,6,0,21,0,0,1,1,1,1785529350
2026-07-31T20:23:45Z,178,10,0,2,2,1,1,1,1,1785529411
2026-07-31T20:23:45Z,179,8,2,5,2,0,1,1,1,1785529353
2026-07-31T20:23:45Z,180,5,0,25,0,0,1,1,1,1785528752
2026-07-31T20:23:45Z,181,2,2,13,0,0,1,1,1,1785529419
2026-07-31T20:23:45Z,182,2,1,15,0,0,1,1,1,1785529123
2026-07-31T20:23:45Z,183,1,1,21,1,0,1,1,1,1785527983
2026-07-31T20:23:45Z,184,21,1,0,2,0,1,1,1,1785529345
2026-07-31T20:23:45Z,185,6,3,6,2,1,1,1,1,1785529215
2026-07-31T20:23:45Z,186,3,1,16,0,0,1,1,1,1785529275
2026-07-31T20:23:45Z,187,5,1,22,1,0,1,1,1,1785529335
2026-07-31T20:23:45Z,188,6,3,13,8,0,1,1,1,1785529416
2026-07-31T20:23:45Z,189,0,0,15,0,0,1,1,1,1785529330
2026-07-31T20:23:45Z,190,6,1,17,0,0,1,1,1,1785529374
2026-07-31T20:23:45Z,191,22,9,16,1,0,1,1,1,1785529142
2026-07-31T20:23:45Z,192,3,2,25,3,0,1,1,1,1785529273
2026-07-31T20:23:45Z,193,0,0,14,1,0,1,1,1,1785529331
2026-07-31T20:23:45Z,194,6,6,21,0,0,1,1,1,1785529087
2026-07-31T20:23:45Z,195,2,1,17,0,0,1,1,1,1785529189
2026-07-31T20:23:45Z,196,6,6,20,1,0,1,1,1,1785529418
2026-07-31T20:23:45Z,197,0,0,18,0,1,1,1,1,1785529340
2026-07-31T20:23:45Z,198,13,10,9,1,0,1,1,1,1785529371
2026-07-31T20:23:45Z,199,4,2,10,1,0,1,1,1,1785529305
2026-07-31T20:23:45Z,200,16,14,9,1,0,1,1,1,1785529384
2026-07-31T20:23:45Z,201,6,2,17,0,0,1,1,1,1785529280
2026-07-31T20:23:45Z,202,9,0,18,0,0,1,1,1,1785528989
2026-07-31T20:23:45Z,203,10,0,20,1,0,1,1,1,1785529301
2026-07-31T20:23:45Z,204,25,1,9,1,0,1,1,1,1785529404
2026-07-31T20:23:45Z,205,12,0,15,0,0,1,1,1,1785528320
2026-07-31T20:23:45Z,206,1,0,14,0,0,1,1,1,1785529370
2026-07-31T20:23:45Z,207,20,2,1,0,0,1,1,1,1785529280
2026-07-31T20:23:45Z,208,2,0,26,1,0,1,1,1,1785528792
2026-07-31T20:23:45Z,209,27,5,3,1,0,1,1,1,1785529404
2026-07-31T20:23:45Z,210,2,1,24,1,0,1,1,1,1785528974
2026-07-31T20:23:45Z,211,2,0,20,1,0,1,1,1,1785529352
2026-07-31T20:23:45Z,212,4,1,30,1,0,1,1,1,1785529414
2026-07-31T20:23:45Z,213,13,3,9,1,0,1,1,1,1785529252
2026-07-31T20:23:45Z,214,11,8,34,2,0,1,1,1,1785529336
2026-07-31T20:23:45Z,215,2,2,20,1,0,1,1,1,1785528767
2026-07-31T20:23:45Z,216,9,1,9,1,0,1,1,1,1785529401
2026-07-31T20:23:45Z,217,14,0,14,1,0,1,1,1,1785529407
2026-07-31T20:23:45Z,218,6,6,28,5,0,1,1,1,1785529392
2026-07-31T20:23:45Z,219,25,0,0,1,0,1,1,1,1785528738
2026-07-31T20:23:45Z,220,12,6,29,1,1,1,1,1,1785529415
2026-07-31T20:23:45Z,221,0,0,14,1,0,1,1,1,1785529281
2026-07-31T20:23:45Z,222,2,2,17,0,0,1,1,1,1785529385
2026-07-31T20:23:45Z,223,13,2,19,3,0,1,1,1,1785529350
2026-07-31T20:23:45Z,224,2,0,19,1,0,1,1,1,1785529415
2026-07-31T20:23:45Z,225,7,1,8,4,0,1,1,1,1785528786
2026-07-31T20:23:45Z,226,1,0,29,1,0,1,1,1,1785529416
2026-07-31T20:23:45Z,227,1,1,24,2,0,1,1,1,1785529286
2026-07-31T20:23:45Z,228,6,4,11,2,0,1,1,1,1785528677
2026-07-31T20:23:45Z,230,3,0,23,0,0,1,1,1,1785529366
2026-07-31T20:23:45Z,232,3,0,13,1,0,1,1,1,1785528957
2026-07-31T20:23:45Z,233,8,6,21,2,0,1,1,1,1785529304
2026-07-31T20:23:45Z,234,9,3,4,4,2,1,1,1,1785529218
2026-07-31T20:23:45Z,236,16,2,3,0,0,1,1,1,1785528929
2026-07-31T20:23:45Z,237,1,0,21,1,0,1,1,1,1785529264
2026-07-31T20:23:45Z,239,6,6,20,1,0,1,1,1,1785529409
2026-07-31T20:23:45Z,241,1,1,21,1,0,1,1,1,1785528305
2026-07-31T20:23:45Z,242,1,0,20,2,0,1,1,1,1785529300
2026-07-31T20:23:45Z,243,18,11,11,2,0,1,1,1,1785529370
2026-07-31T20:23:45Z,244,6,3,18,3,0,1,1,1,1785529413
2026-07-31T20:23:45Z,245,4,3,19,0,0,1,1,1,1785529340
2026-07-31T20:23:45Z,246,10,3,13,0,0,1,1,1,1785529391
2026-07-31T20:23:45Z,247,4,3,17,2,0,1,1,1,1785528240
2026-07-31T20:23:45Z,248,11,5,9,3,0,1,1,1,1785529280
2026-07-31T20:23:45Z,249,16,15,2,1,0,1,1,1,1785529369
2026-07-31T20:23:45Z,250,9,6,16,2,0,1,1,1,1785529356
2026-07-31T20:23:45Z,251,21,9,2,4,0,1,1,1,1785529281
2026-07-31T20:23:45Z,253,6,1,13,0,0,1,1,1,1785529301
2026-07-31T20:23:45Z,254,5,1,37,1,0,1,1,1,1785529347
2026-07-31T20:23:45Z,255,14,0,8,0,1,1,1,1,1785529141
2026-07-31T20:23:45Z,256,3,2,18,2,0,1,1,1,1785529417
2026-07-31T20:23:45Z,257,2,1,16,1,0,1,1,1,1785529260
2026-07-31T20:23:45Z,258,9,7,8,2,0,1,1,1,1785529372
2026-07-31T20:23:45Z,259,13,0,9,0,1,1,1,1,1785529093
2026-07-31T20:23:45Z,260,2,2,15,2,0,1,1,1,1785529394
2026-07-31T20:23:45Z,261,0,0,17,1,1,1,1,1,1785528749
2026-07-31T20:23:45Z,262,8,2,14,1,0,1,1,1,1785529240
2026-07-31T20:23:45Z,263,0,0,15,0,0,1,1,1,1785528990
2026-07-31T20:23:45Z,264,2,0,15,2,0,1,1,1,1785529314
2026-07-31T20:23:45Z,265,0,0,15,0,0,1,1,1,1785528680
2026-07-31T20:23:45Z,266,2,1,16,1,0,1,1,1,1785529298
2026-07-31T20:23:45Z,267,8,4,6,1,0,1,1,1,1785526233
2026-07-31T20:23:45Z,268,18,6,5,0,0,1,1,1,1785529417
2026-07-31T20:23:45Z,269,1,1,22,0,0,1,1,1,1785528334
2026-07-31T20:23:45Z,270,6,3,20,1,0,1,1,1,1785528543
2026-07-31T20:23:45Z,271,2,0,15,2,0,1,1,1,1785529218
2026-07-31T20:23:45Z,272,5,3,18,0,0,1,1,1,1785529411
2026-07-31T20:23:45Z,273,1,0,14,0,0,1,1,1,1785529154
2026-07-31T20:23:45Z,274,4,2,13,2,0,1,1,1,1785529350
2026-07-31T20:23:45Z,275,11,0,12,0,0,1,1,1,1785528378
2026-07-31T20:23:45Z,276,4,2,23,0,0,1,1,1,1785529315
2026-07-31T20:23:45Z,277,11,10,8,4,0,1,1,1,1785529397
2026-07-31T20:23:45Z,278,18,10,8,5,0,1,1,1,1785529368
2026-07-31T20:23:45Z,279,11,1,8,0,0,1,1,1,1785529363
2026-07-31T20:23:45Z,280,3,0,25,3,0,1,1,1,1785529182
2026-07-31T20:23:45Z,281,2,2,17,0,0,1,1,1,1785529412
2026-07-31T20:23:45Z,282,7,2,11,0,0,1,1,1,1785527347
2026-07-31T20:23:45Z,283,17,0,17,1,0,1,1,1,1785529186
2026-07-31T20:23:45Z,284,2,1,30,3,0,1,1,1,1785529186
2026-07-31T20:23:45Z,285,4,1,19,0,0,1,1,1,1785528317
2026-07-31T20:23:45Z,286,7,5,16,0,0,1,1,1,1785529281
2026-07-31T20:23:45Z,287,13,2,8,2,0,1,1,1,1785527961
2026-07-31T20:23:45Z,288,3,1,16,0,0,1,1,1,1785529361
2026-07-31T20:23:45Z,289,12,9,14,1,0,1,1,1,1785529034
2026-07-31T20:23:45Z,290,6,0,32,1,0,1,1,1,1785529377
2026-07-31T20:23:45Z,291,14,0,8,1,0,1,1,1,1785529274
2026-07-31T20:23:45Z,292,9,0,14,0,0,1,1,1,1785529407
2026-07-31T20:23:45Z,293,8,6,15,0,0,1,1,1,1785529341
2026-07-31T20:23:45Z,294,1,1,19,3,0,1,1,1,1785529418
2026-07-31T20:23:45Z,297,9,2,8,1,1,1,1,1,1785529340
2026-07-31T20:23:45Z,301,11,0,8,0,0,1,1,1,1785528664
2026-07-31T20:23:45Z,302,13,0,9,1,0,1,1,1,1785529265
2026-07-31T20:23:45Z,303,2,1,17,0,0,1,1,1,1785529258
2026-07-31T20:23:45Z,304,0,0,0,0,0,0,1,1,86400
2026-07-31T20:23:45Z,305,5,0,13,1,0,1,1,1,1785529411
2026-07-31T20:23:45Z,306,1,0,31,0,0,1,1,1,1785529260
2026-07-31T20:23:45Z,307,7,1,16,0,0,1,1,1,1785529325
2026-07-31T20:23:45Z,308,3,0,14,2,0,1,1,1,1785529362
2026-07-31T20:23:45Z,309,2,1,11,1,0,1,1,1,1785529319
2026-07-31T20:23:45Z,311,4,0,11,0,0,1,1,1,1785528946
2026-07-31T20:23:45Z,312,9,8,11,2,1,1,1,1,1785529263
2026-07-31T20:23:45Z,313,5,0,10,0,0,1,1,1,1785526554
2026-07-31T20:23:45Z,314,5,1,12,2,0,1,1,1,1785529159
2026-07-31T20:23:45Z,315,12,4,17,2,0,1,1,1,1785529404
2026-07-31T20:23:45Z,316,7,3,18,5,1,1,1,1,1785529343
2026-07-31T20:23:45Z,317,9,5,21,0,1,1,1,1,1785529122
2026-07-31T20:23:45Z,318,16,0,3,0,0,1,1,1,1785528757
2026-07-31T20:23:45Z,319,22,4,0,1,0,1,1,1,1785529413
2026-07-31T20:23:45Z,320,14,0,4,1,0,1,1,1,1785529093
2026-07-31T20:23:45Z,321,2,0,13,4,0,1,1,1,1785529201
2026-07-31T20:23:45Z,322,14,0,15,0,0,1,1,1,1785528892
2026-07-31T20:23:45Z,323,5,0,14,0,0,1,1,1,1785529335
2026-07-31T20:23:45Z,324,14,0,12,1,0,1,1,1,1785529415
2026-07-31T20:23:45Z,325,3,1,22,2,0,1,1,1,1785529205
2026-07-31T20:23:45Z,327,9,1,16,2,0,1,1,1,1785529092
2026-07-31T20:23:45Z,328,10,0,11,1,0,1,1,1,1785529265
2026-07-31T20:23:45Z,329,2,0,14,3,0,1,1,1,1785528543
2026-07-31T20:23:45Z,330,16,0,6,0,0,1,1,1,1785529215
2026-07-31T20:23:45Z,331,14,0,7,2,0,1,1,1,1785528936
2026-07-31T20:23:45Z,332,3,3,14,2,0,1,1,1,1785529200
2026-07-31T20:23:45Z,333,2,2,20,1,0,1,1,1,1785528452
2026-07-31T20:23:45Z,334,6,0,17,0,0,1,1,1,1785529296
2026-07-31T20:23:45Z,335,2,2,20,0,1,1,1,1,1785528586
2026-07-31T20:23:45Z,336,2,1,17,0,0,1,1,1,1785528646
2026-07-31T20:23:45Z,337,12,1,7,4,0,1,1,1,1785529405
2026-07-31T20:23:45Z,338,3,2,16,0,0,1,1,1,1785529299
2026-07-31T20:23:45Z,339,13,10,6,4,0,1,1,1,1785529312
2026-07-31T20:23:45Z,340,0,0,14,1,0,1,1,1,1785526744
2026-07-31T20:23:45Z,341,4,1,15,0,0,1,1,1,1785529202
2026-07-31T20:23:45Z,342,0,0,15,0,0,1,1,1,1785528947
2026-07-31T20:23:45Z,343,12,3,10,1,0,1,1,1,1785528735
2026-07-31T20:23:45Z,344,1,1,22,0,0,1,1,1,1785528633
2026-07-31T20:23:45Z,345,9,1,10,0,0,1,1,1,1785528779
2026-07-31T20:23:45Z,346,4,2,19,0,0,1,1,1,1785526764
2026-07-31T20:23:45Z,347,41,6,2,1,0,1,1,1,1785529416
2026-07-31T20:23:45Z,348,12,0,10,0,1,1,1,1,1785529377
2026-07-31T20:23:45Z,349,19,4,0,0,0,1,1,1,1785529307
2026-07-31T20:23:45Z,350,2,0,23,1,1,1,1,1,1785529393
2026-07-31T20:23:45Z,351,1,0,20,2,0,1,1,1,1785529370
2026-07-31T20:23:45Z,355,0,0,23,0,0,1,1,1,1785528655
2026-07-31T20:23:45Z,356,4,1,15,0,0,1,1,1,1785528553
2026-07-31T20:23:45Z,357,3,2,14,2,0,1,1,1,1785529175
2026-07-31T20:23:45Z,358,13,3,13,1,0,1,1,1,1785529073
2026-07-31T20:23:45Z,359,9,0,18,0,0,1,1,1,1785529370
2026-07-31T20:23:45Z,360,6,3,13,0,0,1,1,1,1785528932
2026-07-31T20:23:45Z,362,3,1,13,3,0,1,1,1,1785529144
2026-07-31T20:23:45Z,363,13,1,14,0,0,1,1,1,1785529408
2026-07-31T20:23:45Z,364,1,1,18,0,0,1,1,1,1785527104
2026-07-31T20:23:45Z,365,1,1,19,3,0,1,1,1,1785529032
2026-07-31T20:23:45Z,366,4,4,18,1,0,1,1,1,1785529309
2026-07-31T20:23:45Z,367,1,0,16,2,0,1,1,1,1785529341
2026-07-31T20:23:45Z,368,3,0,19,1,0,1,1,1,1785529417
2026-07-31T20:23:45Z,370,6,2,21,0,0,1,1,1,1785529400
2026-07-31T20:23:45Z,371,2,2,16,1,0,1,1,1,1785528835
2026-07-31T20:23:45Z,372,15,0,0,0,0,1,1,1,1785527839
2026-07-31T20:23:45Z,373,0,0,27,0,0,1,1,1,1785529201
2026-07-31T20:23:45Z,374,2,0,16,1,0,1,1,1,1785528856
2026-07-31T20:23:45Z,375,16,3,9,2,0,1,1,1,1785528691
2026-07-31T20:23:45Z,376,9,1,27,3,0,1,1,1,1785529291
2026-07-31T20:23:45Z,377,1,0,26,0,0,1,1,1,1785529273
2026-07-31T20:23:45Z,378,2,2,21,0,1,1,1,1,1785529324
2026-07-31T20:23:45Z,379,8,0,17,2,0,1,1,1,1785529408
2026-07-31T20:23:45Z,380,0,0,23,0,0,1,1,1,1785529299
2026-07-31T20:23:45Z,381,7,0,16,0,0,1,1,1,1785529400
2026-07-31T20:23:45Z,383,4,1,8,3,0,1,1,1,1785529391
2026-07-31T20:23:45Z,384,2,0,23,2,0,1,1,1,1785529228
2026-07-31T20:23:45Z,385,0,0,17,1,0,1,1,1,1785528945
2026-07-31T20:23:45Z,387,6,1,16,1,0,1,1,1,1785529413
2026-07-31T20:23:45Z,388,32,2,13,4,0,1,1,1,1785529246
2026-07-31T20:23:45Z,389,6,3,8,1,0,1,1,1,1785529358
2026-07-31T20:23:45Z,390,6,1,29,0,0,1,1,1,1785529392
2026-07-31T20:23:45Z,391,1,1,14,0,0,1,1,1,1785528668
2026-07-31T20:23:45Z,392,1,0,17,1,0,1,1,1,1785529304
2026-07-31T20:23:45Z,393,1,1,7,3,0,1,1,1,1785528279
2026-07-31T20:23:45Z,394,8,0,2,3,0,1,1,1,1785528352
2026-07-31T20:23:45Z,396,13,4,27,2,0,1,1,1,1785529392
2026-07-31T20:23:45Z,397,24,10,7,0,0,1,1,1,1785529364
2026-07-31T20:23:45Z,399,0,0,14,3,0,1,1,1,1785529154
2026-07-31T20:23:45Z,400,13,8,8,2,0,1,1,1,1785529282
2026-07-31T20:23:45Z,401,3,2,28,8,0,1,1,1,1785529213
2026-07-31T20:23:45Z,403,22,3,6,3,0,1,1,1,1785529135
2026-07-31T20:23:45Z,404,5,2,17,1,0,1,1,1,1785529357
2026-07-31T20:23:45Z,406,29,12,6,0,0,1,1,1,1785529404
2026-07-31T20:23:45Z,407,9,0,24,1,0,1,1,1,1785529306
2026-07-31T20:23:45Z,408,5,0,25,3,0,1,1,1,1785528988
2026-07-31T20:23:45Z,409,18,2,2,3,0,1,1,1,1785529138
2026-07-31T20:23:45Z,413,10,2,11,2,0,1,1,1,1785528849
2026-07-31T20:23:45Z,414,9,0,6,0,0,1,1,1,1785529183
2026-07-31T20:23:45Z,417,3,3,16,0,0,1,1,1,1785528299
2026-07-31T20:23:45Z,418,4,2,11,0,0,1,1,1,1785529352
2026-07-31T20:23:45Z,419,12,2,11,0,0,1,1,1,1785528583
2026-07-31T20:23:45Z,421,2,1,17,0,0,1,1,1,1785529314
2026-07-31T20:23:45Z,422,17,2,10,0,0,1,1,1,1785529121
2026-07-31T20:23:45Z,423,2,0,21,0,0,1,1,1,1785529305
2026-07-31T20:23:45Z,424,8,3,4,2,1,1,1,1,1785529350
2026-07-31T20:23:45Z,425,3,3,17,1,1,1,1,1,1785528888
2026-07-31T20:23:45Z,426,18,0,17,2,0,1,1,1,1785529053
2026-07-31T20:23:45Z,427,8,0,4,3,0,1,1,1,1785529231
2026-07-31T20:23:45Z,428,11,1,8,0,0,1,1,1,1785529210
2026-07-31T20:23:45Z,429,8,6,14,1,0,1,1,1,1785529401
2026-07-31T20:23:45Z,430,3,1,27,1,0,1,1,1,1785529412
2026-07-31T20:23:45Z,431,3,1,29,1,0,1,1,1,1785529109
2026-07-31T20:23:45Z,432,0,0,30,1,0,0,1,1,1785508564
2026-07-31T20:23:45Z,433,5,2,15,3,0,1,1,1,1785529334
2026-07-31T20:23:45Z,437,2,2,15,2,0,1,1,1,1785529349
2026-07-31T20:23:45Z,438,12,2,6,1,0,1,1,1,1785529358
2026-07-31T20:23:45Z,439,4,4,11,0,0,1,1,1,1785529379
2026-07-31T20:23:45Z,440,14,4,1,0,0,1,1,1,1785529077
2026-07-31T20:23:45Z,441,1,0,12,2,0,1,1,1,1785529014
2026-07-31T20:23:45Z,442,6,4,11,2,0,1,1,1,1785529175
2026-07-31T20:23:45Z,443,5,2,22,0,0,1,1,1,1785512432
2026-07-31T20:23:45Z,444,6,2,17,0,0,1,1,1,1785529160
2026-07-31T20:23:45Z,445,6,2,16,1,0,1,1,1,1785529163
2026-07-31T20:23:45Z,446,1,0,21,1,0,1,1,1,1785519783
2026-07-31T20:23:45Z,447,3,0,18,1,1,1,1,1,1785496389
2026-07-31T20:23:45Z,448,7,1,7,1,0,1,1,1,1785523571
2026-07-31T20:23:45Z,452,2,1,16,1,0,1,1,1,1785529204
2026-07-31T20:23:45Z,453,4,2,7,4,0,1,1,1,1785529402
2026-07-31T20:23:45Z,454,13,0,6,0,0,1,1,1,1785529325
2026-07-31T20:23:45Z,455,1,1,38,0,0,1,1,1,1785528816
2026-07-31T20:23:45Z,456,17,3,2,1,0,1,1,1,1785529403
2026-07-31T20:23:45Z,457,19,3,2,6,0,1,1,1,1785529321
2026-07-31T20:23:45Z,458,2,0,20,1,0,1,1,1,1785528631
2026-07-31T20:23:45Z,459,9,1,6,0,0,1,1,1,1785529402
2026-07-31T20:23:45Z,460,11,0,12,0,0,1,1,1,1785529269
2026-07-31T20:23:45Z,461,13,0,6,0,0,1,1,1,1785529300
2026-07-31T20:23:45Z,462,16,2,5,0,0,1,1,1,1785529279
2026-07-31T20:23:45Z,463,9,1,10,0,0,1,1,1,1785526740
2026-07-31T20:23:45Z,464,0,0,14,0,0,1,1,1,1785528198
2026-07-31T20:23:45Z,465,2,2,13,0,0,1,1,1,1785528628
2026-07-31T20:23:45Z,466,3,1,7,5,0,1,1,1,1785528675
2026-07-31T20:23:45Z,467,5,2,14,0,0,1,1,1,1785529289
2026-07-31T20:23:45Z,468,0,0,18,1,0,1,1,1,1785527178
2026-07-31T20:23:45Z,469,9,1,12,2,0,1,1,1,1785529217
2026-07-31T20:23:45Z,470,0,0,13,2,0,1,1,1,1785529187
2026-07-31T20:23:45Z,471,27,2,0,0,0,1,1,1,1785528650
2026-07-31T20:23:45Z,472,6,2,11,2,0,1,1,1,1785529279
2026-07-31T20:23:45Z,473,6,0,13,0,0,1,1,1,1785528344
2026-07-31T20:23:45Z,474,12,1,7,0,0,1,1,1,1785529057
2026-07-31T20:23:45Z,475,4,3,14,1,0,1,1,1,1785528875
2026-07-31T20:23:45Z,477,9,1,6,0,0,1,1,1,1785529302
2026-07-31T20:23:45Z,478,25,2,6,0,0,1,1,1,1785529383
2026-07-31T20:23:45Z,479,3,1,22,2,0,1,1,1,1785529389
2026-07-31T20:23:45Z,480,5,0,8,2,0,1,1,1,1785529176
2026-07-31T20:23:45Z,481,11,1,23,1,0,1,1,1,1785529317
2026-07-31T20:23:45Z,482,5,5,14,0,0,1,1,1,1785529381
2026-07-31T20:23:45Z,483,9,0,16,2,0,1,1,1,1785529395
2026-07-31T20:23:45Z,484,2,2,16,1,0,1,1,1,1785529406
2026-07-31T20:23:45Z,485,7,1,11,0,1,1,1,1,1785529267
2026-07-31T20:23:45Z,486,1,0,23,3,0,1,1,1,1785529190
2026-07-31T20:23:45Z,487,9,5,8,2,0,1,1,1,1785529386
2026-07-31T20:23:45Z,489,1,1,14,0,0,1,1,1,1785529290
2026-07-31T20:23:45Z,490,10,1,5,1,0,1,1,1,1785529380
2026-07-31T20:23:45Z,491,9,3,12,0,0,1,1,1,1785529249
2026-07-31T20:23:45Z,492,4,3,4,3,0,1,1,1,1785529417
2026-07-31T20:23:45Z,493,19,0,8,0,0,1,1,1,1785529337
2026-07-31T20:23:45Z,495,6,0,7,2,0,1,1,1,1785529027
2026-07-31T20:23:45Z,496,4,0,23,0,0,1,1,1,1785529214
2026-07-31T20:23:45Z,497,4,1,13,2,0,1,1,1,1785529256
2026-07-31T20:23:45Z,498,2,1,21,0,0,1,1,1,1785528423
2026-07-31T20:23:45Z,499,1,0,17,1,0,1,1,1,1785529148
2026-07-31T20:23:45Z,500,0,0,11,4,0,1,1,1,1785525419
2026-07-31T20:23:45Z,501,17,5,4,0,0,1,1,1,1785529365
2026-07-31T20:23:45Z,502,11,2,7,1,0,1,1,1,1785529138
2026-07-31T20:23:45Z,503,3,0,27,1,0,1,1,1,1785529087
2026-07-31T20:23:45Z,504,2,0,37,0,0,1,1,1,1785529344
2026-07-31T20:23:45Z,505,3,0,8,1,0,1,1,1,1785529379
2026-07-31T20:23:45Z,511,2,2,21,0,0,1,1,1,1785529356
2026-07-31T20:23:45Z,512,8,1,19,0,0,1,1,1,1785529106
2026-07-31T20:23:45Z,514,1,1,9,1,0,1,1,1,1785529241
2026-07-31T20:23:45Z,515,1,1,18,0,0,1,1,1,1785527371
2026-07-31T20:23:45Z,516,16,2,11,0,0,1,1,1,1785529245
2026-07-31T20:23:45Z,517,15,2,8,0,0,1,1,1,1785528725
2026-07-31T20:23:45Z,518,5,0,9,1,0,1,1,1,1785528944
2026-07-31T20:23:45Z,519,6,2,11,2,0,1,1,1,1785529091
2026-07-31T20:23:45Z,520,17,8,4,5,1,1,1,1,1785529416
2026-07-31T20:23:45Z,521,2,1,21,0,0,1,1,1,1785528757
2026-07-31T20:23:45Z,522,1,0,20,2,0,1,1,1,1785529403
2026-07-31T20:23:45Z,523,9,4,13,1,0,1,1,1,1785529163
2026-07-31T20:23:45Z,524,0,0,23,0,0,1,1,1,1785529303
2026-07-31T20:23:45Z,525,9,1,10,0,0,1,1,1,1785528988
2026-07-31T20:23:45Z,526,4,1,11,0,0,1,1,1,1785528088
2026-07-31T20:23:45Z,527,13,8,12,1,0,1,1,1,1785529308
2026-07-31T20:23:45Z,528,10,0,10,3,0,1,1,1,1785529415
2026-07-31T20:23:45Z,529,5,4,7,7,0,1,1,1,1785529415
2026-07-31T20:23:45Z,530,13,0,6,2,0,1,1,1,1785529099
2026-07-31T20:23:45Z,531,4,3,18,0,1,1,1,1,1785529318
2026-07-31T20:23:45Z,532,21,12,9,1,0,1,1,1,1785529325
2026-07-31T20:23:45Z,533,10,0,8,1,0,1,1,1,1785528065
2026-07-31T20:23:45Z,534,2,0,21,0,0,1,1,1,1785528746
2026-07-31T20:23:45Z,535,7,2,8,0,0,1,1,1,1785529415
2026-07-31T20:23:45Z,536,13,0,10,0,0,1,1,1,1785529291
2026-07-31T20:23:45Z,537,11,1,9,0,0,1,1,1,1785528536
2026-07-31T20:23:45Z,538,3,0,18,0,2,1,1,1,1785529365
2026-07-31T20:23:45Z,539,4,2,26,1,0,1,1,1,1785529083
2026-07-31T20:23:45Z,540,5,4,14,0,0,1,1,1,1785528618
2026-07-31T20:23:45Z,541,1,0,25,1,0,1,1,1,1785529409
2026-07-31T20:23:45Z,542,4,0,18,1,0,1,1,1,1785529314
2026-07-31T20:23:45Z,543,2,0,17,0,0,1,1,1,1785529311
2026-07-31T20:23:45Z,544,2,1,16,4,0,1,1,1,1785529389
2026-07-31T20:23:45Z,545,10,1,4,5,0,1,1,1,1785529343
2026-07-31T20:23:45Z,546,3,3,16,0,0,1,1,1,1785529165
2026-07-31T20:23:45Z,547,4,0,21,0,0,1,1,1,1785529244
2026-07-31T20:23:45Z,548,8,0,14,1,0,1,1,1,1785528650
2026-07-31T20:23:45Z,549,14,0,7,2,0,1,1,1,1785529042
2026-07-31T20:23:45Z,550,3,3,16,0,0,1,1,1,1785529370
2026-07-31T20:23:45Z,551,2,1,20,1,0,1,1,1,1785528375
2026-07-31T20:23:45Z,552,1,1,26,0,0,1,1,1,1785527983
2026-07-31T20:23:45Z,553,2,1,20,1,0,1,1,1,1785528358
2026-07-31T20:23:45Z,554,5,0,14,0,0,1,1,1,1785528354
2026-07-31T20:23:45Z,555,7,0,7,1,0,1,1,1,1785528944
2026-07-31T20:23:45Z,556,14,0,6,3,0,1,1,1,1785529392
2026-07-31T20:23:45Z,557,2,1,19,2,0,1,1,1,1785529295
2026-07-31T20:23:45Z,558,33,13,4,0,0,1,1,1,1785529374
2026-07-31T20:23:45Z,559,16,0,2,1,0,1,1,1,1785528837
2026-07-31T20:23:45Z,560,16,0,11,0,0,1,1,1,1785529345
2026-07-31T20:23:45Z,561,8,3,12,3,0,1,1,1,1785528816
2026-07-31T20:23:45Z,562,11,0,19,5,0,1,1,1,1785529043
2026-07-31T20:23:45Z,563,3,0,11,0,0,1,1,1,1785529076
2026-07-31T20:23:45Z,564,2,1,16,1,0,1,1,1,1785528459
2026-07-31T20:23:45Z,565,3,1,16,0,0,1,1,1,1785529323
2026-07-31T20:23:45Z,566,1,0,17,1,0,1,1,1,1785529365
2026-07-31T20:23:45Z,567,9,0,16,2,0,1,1,1,1785529321
2026-07-31T20:23:45Z,568,15,0,3,1,0,1,1,1,1785529155
2026-07-31T20:23:45Z,569,1,0,16,2,0,1,1,1,1785528671
2026-07-31T20:23:45Z,570,2,0,15,2,0,1,1,1,1785529391
2026-07-31T20:23:45Z,571,11,4,12,0,0,1,1,1,1785529251
2026-07-31T20:23:45Z,572,6,0,12,1,0,1,1,1,1785529213
2026-07-31T20:23:45Z,573,7,0,7,1,0,1,1,1,1785528946
2026-07-31T20:23:45Z,574,5,1,10,0,0,1,1,1,1785529134
2026-07-31T20:23:45Z,575,1,0,19,1,0,1,1,1,1785528476
2026-07-31T20:23:45Z,576,4,1,15,0,0,1,1,1,1785529198
2026-07-31T20:23:45Z,577,17,1,14,0,0,1,1,1,1785528580
2026-07-31T20:23:45Z,578,1,0,21,1,0,1,1,1,1785529037
2026-07-31T20:23:45Z,579,27,1,16,0,0,1,1,1,1785529061
2026-07-31T20:23:45Z,580,5,2,24,0,0,1,1,1,1785529057
2026-07-31T20:23:45Z,581,4,0,15,0,0,1,1,1,1785529312
2026-07-31T20:23:45Z,582,24,1,34,3,0,1,1,1,1785529396
2026-07-31T20:23:45Z,583,3,0,19,1,0,1,1,1,1785529264
2026-07-31T20:23:45Z,584,6,0,9,4,0,1,1,1,1785528588
2026-07-31T20:23:45Z,585,11,1,15,0,1,1,1,1,1785528880
2026-07-31T20:23:45Z,586,32,1,1,2,0,1,1,1,1785528851
2026-07-31T20:23:45Z,587,8,0,15,1,0,1,1,1,1785529155
2026-07-31T20:23:45Z,588,12,3,4,2,1,1,1,1,1785529198
2026-07-31T20:23:45Z,589,3,0,19,0,0,1,1,1,1785529264
2026-07-31T20:23:45Z,590,5,1,26,0,0,1,1,1,1785529073
2026-07-31T20:23:45Z,591,3,0,25,2,0,1,1,1,1785529366
2026-07-31T20:23:45Z,592,1,0,22,0,0,1,1,1,1785529237
2026-07-31T20:23:45Z,593,23,1,15,0,0,1,1,1,1785529339
2026-07-31T20:23:45Z,594,7,1,13,1,0,1,1,1,1785529335
2026-07-31T20:23:45Z,595,0,0,3,0,0,0,1,1,1784046673
2026-07-31T20:23:45Z,605,0,0,2,1,0,0,1,1,1783975843
2026-07-31T20:23:45Z,606,0,0,0,0,0,0,1,1,86400
2026-07-31T20:23:45Z,607,8,1,24,0,0,1,1,1,1785529381
2026-07-31T20:23:45Z,608,39,3,10,1,0,1,1,1,1785529142
2026-07-31T20:23:45Z,609,12,12,11,0,0,1,1,1,1785529350
2026-07-31T20:23:45Z,610,11,0,23,1,0,1,1,1,1785529304
2026-07-31T20:23:45Z,611,19,4,7,1,0,1,1,1,1785528569
2026-07-31T20:23:45Z,612,7,1,8,0,0,1,1,1,1785522916
2026-07-31T20:23:45Z,613,11,4,1,3,0,1,1,1,1785528243
2026-07-31T20:23:45Z,614,7,6,17,2,1,1,1,1,1785528936
2026-07-31T20:23:45Z,617,4,0,9,2,0,1,1,1,1785529311
2026-07-31T20:23:45Z,618,13,1,1,5,0,1,1,1,1785529167
2026-07-31T20:23:45Z,619,5,1,14,0,0,1,1,1,1785529375
2026-07-31T20:23:45Z,620,14,0,12,1,0,1,1,1,1785529358
2026-07-31T20:23:45Z,621,4,0,19,0,0,1,1,1,1785529312
2026-07-31T20:23:45Z,622,14,0,7,2,0,1,1,1,1785529232
2026-07-31T20:23:45Z,623,22,6,6,2,0,1,1,1,1785529416
2026-07-31T20:23:45Z,624,1,0,14,0,0,1,1,1,1785528431
2026-07-31T20:23:45Z,625,12,2,4,5,0,1,1,1,1785529351
2026-07-31T20:23:45Z,626,37,1,8,0,2,1,1,1,1785529168
2026-07-31T20:23:45Z,627,13,3,6,0,0,1,1,1,1785528343
2026-07-31T20:23:45Z,628,7,7,11,0,1,1,1,1,1785528478
2026-07-31T20:23:45Z,629,3,2,6,2,0,1,1,1,1785529410
2026-07-31T20:23:45Z,630,2,0,22,3,0,1,1,1,1785529189
2026-07-31T20:23:45Z,631,11,7,12,0,0,1,1,1,1785529181
2026-07-31T20:23:45Z,632,21,1,0,2,0,1,1,1,1785528715
2026-07-31T20:23:45Z,633,12,3,0,3,0,1,1,1,1785526124
2026-07-31T20:23:45Z,634,11,2,8,0,0,1,1,1,1785527120
2026-07-31T20:23:45Z,635,16,0,2,1,0,1,1,1,1785528403
2026-07-31T20:23:45Z,636,7,2,8,0,0,1,1,1,1785526430
2026-07-31T20:23:45Z,637,10,2,7,2,0,1,1,1,1785529194
2026-07-31T20:23:45Z,638,5,1,12,2,0,1,1,1,1785528900
2026-07-31T20:23:45Z,639,10,2,7,2,0,1,1,1,1785528930
2026-07-31T20:23:45Z,640,10,8,11,2,0,1,1,1,1785529395
2026-07-31T20:23:45Z,641,7,0,20,0,0,1,1,1,1785529417
2026-07-31T20:23:45Z,642,9,3,2,8,0,1,1,1,1785529415
2026-07-31T20:23:45Z,643,8,0,11,8,0,1,1,1,1785529415
2026-07-31T20:23:45Z,644,12,1,2,1,0,1,1,1,1785528211
2026-07-31T20:23:45Z,645,13,1,8,1,1,1,1,1,1785528767
2026-07-31T20:23:45Z,646,2,0,17,0,0,1,1,1,1785529020
2026-07-31T20:23:45Z,647,3,0,28,0,0,1,1,1,1785529117
2026-07-31T20:23:45Z,648,3,0,15,1,0,1,1,1,1785528355
2026-07-31T20:23:45Z,649,4,4,27,0,0,1,1,1,1785529304
2026-07-31T20:23:45Z,650,5,1,9,0,0,1,1,1,1785528260
2026-07-31T20:23:45Z,651,0,0,23,0,0,1,1,1,1785528763
2026-07-31T20:23:45Z,652,1,0,19,3,0,1,1,1,1785529246
2026-07-31T20:23:45Z,653,1,0,17,1,0,1,1,1,1785529127
2026-07-31T20:23:45Z,654,4,1,11,0,0,1,1,1,1785529211
2026-07-31T20:23:45Z,655,8,4,0,4,1,1,1,1,1785529401
2026-07-31T20:23:45Z,656,4,4,15,0,0,1,1,1,1785528947
2026-07-31T20:23:45Z,657,10,4,3,2,2,1,1,1,1785529189
2026-07-31T20:23:45Z,658,7,1,3,0,0,1,1,1,1785526893
2026-07-31T20:23:45Z,659,7,5,6,2,0,1,1,1,1785529408
2026-07-31T20:23:45Z,660,23,6,4,4,0,1,1,1,1785529417
2026-07-31T20:23:45Z,661,15,3,3,1,0,1,1,1,1785529352
2026-07-31T20:23:45Z,662,6,3,14,3,0,1,1,1,1785526394
2026-07-31T20:23:45Z,663,1,0,14,0,0,1,1,1,1785529039
2026-07-31T20:23:45Z,664,19,0,8,0,0,1,1,1,1785529361
2026-07-31T20:23:45Z,665,11,4,4,0,0,1,1,1,1785525553
2026-07-31T20:23:45Z,666,4,2,8,3,0,1,1,1,1785526234
2026-07-31T20:23:45Z,667,15,3,3,1,0,1,1,1,1785528945
2026-07-31T20:23:45Z,668,2,0,17,0,0,1,1,1,1785529390
2026-07-31T20:23:45Z,669,8,3,4,2,0,1,1,1,1785529075
2026-07-31T20:23:45Z,670,21,1,3,3,0,1,1,1,1785529187
2026-07-31T20:23:45Z,671,16,4,9,2,0,1,1,1,1785529373
2026-07-31T20:23:45Z,672,4,0,16,2,1,1,1,1,1785529215
2026-07-31T20:23:45Z,673,11,0,12,0,0,1,1,1,1785529231
2026-07-31T20:23:45Z,674,8,1,13,2,0,1,1,1,1785529377
2026-07-31T20:23:45Z,675,3,1,10,2,0,1,1,1,1785528049
2026-07-31T20:23:45Z,676,4,0,17,1,0,1,1,1,1785528268
2026-07-31T20:23:45Z,681,10,2,3,1,1,1,1,1,1785529399
2026-07-31T20:23:45Z,682,6,1,13,0,0,1,1,1,1785529048
2026-07-31T20:23:45Z,683,1,1,18,0,0,1,1,1,1785527602
2026-07-31T20:23:45Z,684,3,1,24,0,0,1,1,1,1785518528
2026-07-31T20:23:45Z,685,6,0,19,1,1,1,1,1,1785525624
2026-07-31T20:23:45Z,686,9,0,15,3,0,1,1,1,1785529250
2026-07-31T20:23:45Z,687,13,1,16,1,1,1,1,1,1785529277
2026-07-31T20:23:45Z,688,11,0,1,7,0,1,1,1,1785510286
2026-07-31T20:23:45Z,692,6,3,15,0,0,1,1,1,1785529367
2026-07-31T20:23:45Z,693,6,0,2,3,0,1,1,1,1785528821
2026-07-31T20:23:45Z,694,12,6,9,0,0,1,1,1,1785528673
2026-07-31T20:23:45Z,695,6,6,17,0,0,1,1,1,1785529167
2026-07-31T20:23:45Z,696,10,5,13,0,0,1,1,1,1785528818
2026-07-31T20:23:45Z,697,16,5,7,0,0,1,1,1,1785529124
2026-07-31T20:23:45Z,698,18,2,9,0,0,1,1,1,1785529220
2026-07-31T20:23:45Z,699,5,0,9,1,0,1,1,1,1785529200
2026-07-31T20:23:45Z,700,14,0,3,2,0,1,1,1,1785529402
2026-07-31T20:23:45Z,701,16,5,3,0,0,1,1,1,1785529101
2026-07-31T20:23:45Z,702,5,1,17,1,0,1,1,1,1785529379
2026-07-31T20:23:45Z,704,0,0,15,0,0,1,1,1,1785528385
2026-07-31T20:23:45Z,705,2,1,13,0,0,1,1,1,1785527628
2026-07-31T20:23:45Z,706,5,2,8,2,0,1,1,1,1785529301
2026-07-31T20:23:45Z,707,8,1,7,0,0,1,1,1,1785529323
2026-07-31T20:23:45Z,708,5,0,13,1,0,1,1,1,1785529317
2026-07-31T20:23:45Z,709,4,0,8,3,0,1,1,1,1785529389
2026-07-31T20:23:45Z,710,2,2,16,1,0,1,1,1,1785528919
2026-07-31T20:23:45Z,711,5,2,15,3,0,1,1,1,1785528939
2026-07-31T20:23:45Z,712,9,8,6,0,0,1,1,1,1785528774
2026-07-31T20:23:45Z,713,2,1,21,0,0,1,1,1,1785529046
2026-07-31T20:23:45Z,716,4,3,11,0,0,1,1,1,1785529104
2026-07-31T20:23:45Z,717,5,2,18,2,0,1,1,1,1785529232
2026-07-31T20:23:45Z,718,8,2,5,2,0,1,1,1,1785529307
2026-07-31T20:23:45Z,719,7,1,22,0,0,1,1,1,1785528415
2026-07-31T20:23:45Z,720,0,0,19,0,0,1,1,1,1785529375
2026-07-31T20:23:45Z,721,9,0,11,3,0,1,1,1,1785529122
2026-07-31T20:23:45Z,722,6,0,9,0,0,1,1,1,1785529147
2026-07-31T20:23:45Z,723,13,2,10,0,0,1,1,1,1785529350
2026-07-31T20:23:45Z,724,7,1,16,0,0,1,1,1,1785529417
2026-07-31T20:23:45Z,725,1,0,22,0,0,1,1,1,1785528558
2026-07-31T20:23:45Z,726,1,1,17,1,0,1,1,1,1785528759
2026-07-31T20:23:45Z,727,10,5,12,1,0,1,1,1,1785528398
2026-07-31T20:23:45Z,728,10,1,4,1,0,1,1,1,1785527864
2026-07-31T20:23:45Z,729,3,0,16,0,0,1,1,1,1785529334
2026-07-31T20:23:45Z,730,1,1,11,3,0,1,1,1,1785528463
2026-07-31T20:23:45Z,731,8,3,5,2,0,1,1,1,1785529414
2026-07-31T20:23:45Z,732,3,2,12,0,0,1,1,1,1785528621
2026-07-31T20:23:45Z,733,7,0,20,0,0,1,1,1,1785529155
2026-07-31T20:23:45Z,734,6,3,8,0,0,1,1,1,1785528516
2026-07-31T20:23:45Z,735,18,10,9,0,0,1,1,1,1785529350
2026-07-31T20:23:45Z,736,14,2,5,0,0,1,1,1,1785528755
2026-07-31T20:23:45Z,737,2,1,12,0,1,1,1,1,1785528719
2026-07-31T20:23:45Z,738,16,7,3,0,0,1,1,1,1785529415
2026-07-31T20:23:45Z,739,17,0,9,1,0,1,1,1,1785527985
2026-07-31T20:23:45Z,741,9,0,14,0,0,1,1,1,1785527928
2026-07-31T20:23:45Z,742,17,5,17,1,0,1,1,1,1785529351
2026-07-31T20:23:45Z,743,7,4,12,0,0,1,1,1,1785527805
2026-07-31T20:23:45Z,744,9,2,5,1,0,1,1,1,1785529135
2026-07-31T20:23:45Z,745,12,4,7,0,0,1,1,1,1785528321
2026-07-31T20:23:45Z,746,1,0,21,1,0,1,1,1,1785529161
2026-07-31T20:23:45Z,747,0,0,4,0,0,0,1,1,1783446606
2026-07-31T20:23:45Z,748,9,1,14,0,0,1,1,1,1785529175
2026-07-31T20:23:45Z,749,2,1,20,1,0,1,1,1,1785529091
2026-07-31T20:23:45Z,750,3,1,8,0,0,1,1,1,1785529403
2026-07-31T20:23:45Z,751,14,14,9,0,0,1,1,1,1785529417
2026-07-31T20:23:45Z,752,7,0,9,1,0,1,1,1,1785529384
2026-07-31T20:23:45Z,753,4,0,10,1,0,1,1,1,1785528944
2026-07-31T20:23:45Z,754,8,3,7,0,0,1,1,1,1785528777
2026-07-31T20:23:45Z,755,8,1,14,1,0,1,1,1,1785528994
2026-07-31T20:23:45Z,756,16,16,20,1,0,1,1,1,1785529161
2026-07-31T20:23:45Z,757,3,3,16,0,0,1,1,1,1785529098
2026-07-31T20:23:45Z,758,0,0,23,0,0,1,1,1,1785528741
2026-07-31T20:23:45Z,759,0,0,0,0,0,1,1,1,86400
2026-07-31T20:23:45Z,760,10,3,9,0,0,1,1,1,1785529267
2026-07-31T20:23:45Z,761,9,3,13,1,0,1,1,1,1785529340
2026-07-31T20:23:45Z,762,3,2,7,5,0,1,1,1,1785529409
2026-07-31T20:23:45Z,768,7,0,8,4,0,1,1,1,1785528519
2026-07-31T20:23:45Z,769,11,7,6,2,0,1,1,1,1785529408
2026-07-31T20:23:45Z,770,6,2,11,2,0,1,1,1,1785528124
2026-07-31T20:23:45Z,771,11,1,3,1,0,1,1,1,1785529384
2026-07-31T20:23:45Z,772,5,0,10,0,0,1,1,1,1785528944
2026-07-31T20:23:45Z,773,18,4,1,0,0,1,1,1,1785528324
2026-07-31T20:23:45Z,774,8,1,3,4,0,1,1,1,1785528899
2026-07-31T20:23:45Z,775,6,1,11,1,1,1,1,1,1785529386
2026-07-31T20:23:45Z,776,2,1,18,1,0,1,1,1,1785528898
2026-07-31T20:23:45Z,777,10,2,5,0,0,1,1,1,1785529067
2026-07-31T20:23:45Z,778,11,0,4,4,0,1,1,1,1785529248
2026-07-31T20:23:45Z,779,6,0,12,1,0,1,1,1,1785529198
2026-07-31T20:23:45Z,780,3,1,16,0,0,1,1,1,1785529389
2026-07-31T20:23:45Z,781,2,1,7,2,0,1,1,1,1785528731
2026-07-31T20:23:45Z,782,1,0,14,4,0,1,1,1,1785527817
2026-07-31T20:23:45Z,783,9,2,10,0,0,1,1,1,1785528950
2026-07-31T20:23:45Z,784,3,0,16,0,0,1,1,1,1785528486
2026-07-31T20:23:45Z,785,10,2,3,6,0,1,1,1,1785529090
2026-07-31T20:23:45Z,786,10,5,9,0,0,1,1,1,1785528750
2026-07-31T20:23:45Z,787,5,3,9,1,0,1,1,1,1785528863
2026-07-31T20:23:45Z,788,2,0,13,0,0,1,1,1,1785529354
2026-07-31T20:23:45Z,789,7,2,4,4,0,1,1,1,1785527748
2026-07-31T20:23:45Z,790,1,0,22,0,0,1,1,1,1785528606
2026-07-31T20:23:45Z,791,9,0,9,0,1,1,1,1,1785529043
2026-07-31T20:23:45Z,793,4,0,10,1,0,1,1,1,1785527873
2026-07-31T20:23:45Z,794,15,7,12,2,0,1,1,1,1785529362
2026-07-31T20:23:45Z,796,5,3,13,1,0,1,1,1,1785527750
2026-07-31T20:23:45Z,797,3,1,12,0,0,1,1,1,1785529105
2026-07-31T20:23:45Z,798,16,0,8,1,0,1,1,1,1785529121
2026-07-31T20:23:45Z,799,12,2,3,4,0,1,1,1,1785528735
2026-07-31T20:23:45Z,800,0,0,20,1,0,1,1,1,1785529176
2026-07-31T20:23:45Z,801,7,1,10,4,0,1,1,1,1785529284
2026-07-31T20:23:45Z,802,8,0,23,0,0,1,1,1,1785527970
2026-07-31T20:23:45Z,803,0,0,15,0,0,1,1,1,1785529321
2026-07-31T20:23:45Z,806,1,0,13,1,0,1,1,1,1785526582
2026-07-31T20:23:45Z,807,10,5,12,3,0,1,1,1,1785529090
2026-07-31T20:23:45Z,808,18,7,5,2,0,1,1,1,1785529260
2026-07-31T20:23:45Z,809,4,1,18,1,0,1,1,1,1785527752
2026-07-31T20:23:45Z,810,4,2,13,2,0,1,1,1,1785528120
2026-07-31T20:23:45Z,815,3,1,6,5,1,1,1,1,1785528763
2026-07-31T20:23:45Z,817,12,6,3,0,0,1,1,1,1785528857
2026-07-31T20:23:45Z,818,4,0,19,0,0,1,1,1,1785528376
2026-07-31T20:23:45Z,819,10,4,5,0,0,1,1,1,1785525935
2026-07-31T20:23:45Z,820,9,1,8,0,0,1,1,1,1785528737
2026-07-31T20:23:45Z,821,3,2,12,0,0,1,1,1,1785527840
2026-07-31T20:23:45Z,822,6,0,15,2,0,1,1,1,1785529382
2026-07-31T20:23:45Z,823,12,1,3,0,0,1,1,1,1785529253
2026-07-31T20:23:45Z,824,6,4,12,1,0,1,1,1,1785529419
2026-07-31T20:23:45Z,825,6,4,9,0,0,1,1,1,1785529073
2026-07-31T20:23:45Z,826,8,1,9,2,0,1,1,1,1785528717
2026-07-31T20:23:45Z,827,19,3,0,2,0,1,1,1,1785528791
2026-07-31T20:23:45Z,828,10,0,6,2,0,1,1,1,1785528095
2026-07-31T20:23:45Z,829,17,6,10,0,0,1,1,1,1785529020
2026-07-31T20:23:45Z,830,18,0,4,1,0,1,1,1,1785529199
2026-07-31T20:23:45Z,831,6,3,7,2,0,1,1,1,1785529088
2026-07-31T20:23:45Z,832,7,2,8,3,0,1,1,1,1785529336
2026-07-31T20:23:45Z,833,1,1,17,1,0,1,1,1,1785529005
2026-07-31T20:23:45Z,834,21,0,1,2,0,1,1,1,1785528741
2026-07-31T20:23:45Z,835,1,0,16,1,0,1,1,1,1785529305
2026-07-31T20:23:45Z,838,4,1,9,2,0,1,1,1,1785529402
2026-07-31T20:23:45Z,839,15,0,13,1,0,1,1,1,1785529356
2026-07-31T20:23:45Z,840,1,0,27,1,0,1,1,1,1785529201
2026-07-31T20:23:45Z,841,7,1,8,0,0,1,1,1,1785529075
2026-07-31T20:23:45Z,842,2,0,21,0,0,1,1,1,1785528991
2026-07-31T20:23:45Z,843,12,1,19,0,0,1,1,1,1785529354
2026-07-31T20:23:45Z,844,5,0,18,0,0,1,1,1,1785529262
2026-07-31T20:23:45Z,845,4,3,13,2,0,1,1,1,1785529339
2026-07-31T20:23:45Z,846,3,1,15,1,0,1,1,1,1785528475
2026-07-31T20:23:45Z,847,7,1,19,1,0,1,1,1,1785528689
2026-07-31T20:23:45Z,848,2,1,16,1,0,1,1,1,1785527961
2026-07-31T20:23:45Z,849,8,0,6,1,0,1,1,1,1785528290
2026-07-31T20:23:45Z,850,3,0,8,0,0,1,1,1,1785529028
2026-07-31T20:23:45Z,851,4,4,30,3,0,1,1,1,1785528776
2026-07-31T20:23:45Z,852,9,3,10,0,0,1,1,1,1785529022
2026-07-31T20:23:45Z,853,12,5,11,0,0,1,1,1,1785528174
2026-07-31T20:23:45Z,854,2,1,13,0,0,1,1,1,1785528449
2026-07-31T20:23:45Z,855,26,0,1,0,0,1,1,1,1785529264
2026-07-31T20:23:45Z,857,5,4,12,2,0,1,1,1,1785529234
2026-07-31T20:23:45Z,858,5,2,13,1,0,1,1,1,1785527925
2026-07-31T20:23:45Z,859,8,0,12,1,0,1,1,1,1785528117
2026-07-31T20:23:45Z,861,6,0,4,1,0,1,1,1,1785528609
2026-07-31T20:23:45Z,862,4,2,11,0,0,1,1,1,1785529117
2026-07-31T20:23:45Z,863,13,0,5,1,0,1,1,1,1785529013
2026-07-31T20:23:45Z,866,12,3,7,0,0,1,1,1,1785527676
2026-07-31T20:23:45Z,867,14,2,1,0,0,1,1,1,1785528720
2026-07-31T20:23:45Z,868,7,0,8,0,0,1,1,1,1785528970
2026-07-31T20:23:45Z,870,9,5,6,0,0,1,1,1,1785529196
2026-07-31T20:23:45Z,871,0,0,10,1,0,1,1,1,1785528526
2026-07-31T20:23:45Z,872,0,0,14,1,0,1,1,1,1785529104
2026-07-31T20:23:45Z,873,14,0,18,1,0,1,1,1,1785529375
2026-07-31T20:23:45Z,874,5,0,7,3,0,1,1,1,1785529243
2026-07-31T20:23:45Z,875,9,6,4,2,0,1,1,1,1785529319
2026-07-31T20:23:45Z,877,13,12,6,0,0,1,1,1,1785528788
2026-07-31T20:23:45Z,878,3,3,16,0,0,1,1,1,1785529363
2026-07-31T20:23:45Z,879,1,0,18,0,0,1,1,1,1785529272
2026-07-31T20:23:45Z,880,0,0,22,1,0,1,1,1,1785529409
2026-07-31T20:23:45Z,881,2,0,17,0,0,1,1,1,1785529224
2026-07-31T20:23:45Z,882,9,4,9,1,0,1,1,1,1785513298
2026-07-31T20:23:45Z,883,9,4,10,0,0,1,1,1,1785529419
2026-07-31T20:23:45Z,884,10,6,11,0,0,1,1,1,1785528807
2026-07-31T20:23:45Z,885,0,0,19,0,0,1,1,1,1785529023
2026-07-31T20:23:45Z,886,9,1,19,1,0,1,1,1,1785529369
2026-07-31T20:23:45Z,887,7,3,7,3,0,1,1,1,1785528842
2026-07-31T20:23:45Z,888,15,0,24,1,1,1,1,1,1785529389
2026-07-31T20:23:45Z,889,0,0,17,2,0,1,1,1,1785529305
2026-07-31T20:23:45Z,890,8,4,7,0,0,1,1,1,1785527402
2026-07-31T20:23:45Z,891,22,0,1,0,0,1,1,1,1785528571
2026-07-31T20:23:45Z,892,9,1,6,0,0,1,1,1,1785523247
2026-07-31T20:23:45Z,895,3,0,16,0,0,1,1,1,1785527858
2026-07-31T20:23:45Z,896,10,1,25,0,0,1,1,1,1785529327
2026-07-31T20:23:45Z,897,12,1,9,0,0,1,1,1,1785529260
2026-07-31T20:23:45Z,898,2,0,17,0,0,1,1,1,1785528943
2026-07-31T20:23:45Z,899,0,0,18,1,0,1,1,1,1785529241
2026-07-31T20:23:45Z,900,4,1,23,0,0,1,1,1,1785529195
2026-07-31T20:23:45Z,901,3,1,15,1,0,1,1,1,1785529274
2026-07-31T20:23:45Z,902,6,1,9,0,0,1,1,1,1785528849
2026-07-31T20:23:45Z,903,6,2,12,1,0,1,1,1,1785529312
2026-07-31T20:23:45Z,904,9,3,9,1,0,1,1,1,1785529345
2026-07-31T20:23:45Z,905,8,1,18,1,0,1,1,1,1785529171
2026-07-31T20:23:45Z,906,16,5,10,1,0,1,1,1,1785529188
2026-07-31T20:23:45Z,907,3,0,28,0,0,1,1,1,1785529405
2026-07-31T20:23:45Z,908,8,0,15,0,0,1,1,1,1785529357
2026-07-31T20:23:45Z,909,5,5,18,0,0,1,1,1,1785529377
2026-07-31T20:23:45Z,910,4,0,26,1,0,1,1,1,1785529371
2026-07-31T20:23:45Z,911,4,1,15,0,0,1,1,1,1785528876
2026-07-31T20:23:45Z,912,13,2,9,1,0,1,1,1,1785529328
2026-07-31T20:23:45Z,913,7,4,12,0,0,1,1,1,1785528056
2026-07-31T20:23:45Z,914,15,0,4,0,0,1,1,1,1785529300
2026-07-31T20:23:45Z,915,15,1,6,2,0,1,1,1,1785529343
2026-07-31T20:23:45Z,916,1,1,21,1,0,1,1,1,1785529345
2026-07-31T20:23:45Z,917,13,1,21,1,0,1,1,1,1785529400
2026-07-31T20:23:45Z,918,10,1,7,2,0,1,1,1,1785529253
2026-07-31T20:23:45Z,919,6,1,33,0,0,1,1,1,1785529377
2026-07-31T20:23:45Z,920,7,2,12,0,0,1,1,1,1785527841
2026-07-31T20:23:45Z,921,15,1,6,0,0,1,1,1,1785529039
2026-07-31T20:23:45Z,922,1,1,20,0,0,1,1,1,1785528068
2026-07-31T20:23:45Z,923,0,0,19,0,0,1,1,1,1785528939
2026-07-31T20:23:45Z,924,7,0,13,1,0,1,1,1,1785528229
2026-07-31T20:23:45Z,925,11,0,10,0,0,1,1,1,1785528732
2026-07-31T20:23:45Z,926,1,0,20,0,0,1,1,1,1785528327
2026-07-31T20:23:45Z,927,28,1,6,1,0,1,1,1,1785529261
2026-07-31T20:23:45Z,928,0,0,19,0,0,0,1,1,1785500252
2026-07-31T20:23:45Z,929,19,1,4,0,0,1,1,1,1785528862
2026-07-31T20:23:45Z,930,4,0,26,1,0,1,1,1,1785529341
2026-07-31T20:23:45Z,931,9,3,13,1,0,1,1,1,1785529416
2026-07-31T20:23:45Z,932,0,0,17,2,0,1,1,1,1785529397
2026-07-31T20:23:45Z,933,13,2,9,1,0,1,1,1,1785529334
2026-07-31T20:23:45Z,934,20,1,10,1,0,1,1,1,1785529283
2026-07-31T20:23:45Z,935,2,0,16,1,0,1,1,1,1785528428
2026-07-31T20:23:45Z,936,11,0,8,0,0,1,1,1,1785529331
2026-07-31T20:23:45Z,940,2,1,8,1,0,1,1,1,1785528401
2026-07-31T20:23:45Z,941,15,0,7,3,0,1,1,1,1785528692
2026-07-31T20:23:45Z,942,15,1,6,0,0,1,1,1,1785528446
2026-07-31T20:23:45Z,943,8,8,7,0,0,1,1,1,1785529190
2026-07-31T20:23:45Z,944,10,8,5,0,0,1,1,1,1785529034
2026-07-31T20:23:45Z,945,10,8,5,0,0,1,1,1,1785528558
2026-07-31T20:23:45Z,946,7,5,12,0,0,1,1,1,1785523835
2026-07-31T20:23:45Z,947,7,5,10,0,0,1,1,1,1785529054
2026-07-31T20:23:45Z,948,9,9,19,3,0,1,1,1,1785529156
2026-07-31T20:23:45Z,949,1,1,14,0,0,1,1,1,1785529156
2026-07-31T20:23:45Z,950,9,2,6,2,0,1,1,1,1785529364
2026-07-31T20:23:45Z,951,19,5,4,0,0,1,1,1,1785529339
2026-07-31T20:23:45Z,952,25,2,29,1,0,1,1,1,1785529209
2026-07-31T20:23:45Z,953,3,1,11,1,0,1,1,1,1785528572
2026-07-31T20:23:45Z,954,7,0,12,0,0,1,1,1,1785529375
2026-07-31T20:23:45Z,955,9,4,12,5,1,1,1,1,1785528881
2026-07-31T20:23:45Z,956,6,0,16,1,0,1,1,1,1785529405
2026-07-31T20:23:45Z,957,7,1,21,1,0,1,1,1,1785529360
2026-07-31T20:23:45Z,958,18,0,11,2,0,1,1,1,1785529407
2026-07-31T20:23:45Z,959,2,2,19,2,0,1,1,1,1785529003
2026-07-31T20:23:45Z,960,1,0,21,1,0,1,1,1,1785529112
2026-07-31T20:23:45Z,961,5,1,15,3,0,1,1,1,1785528003
2026-07-31T20:23:45Z,962,9,3,23,3,0,1,1,1,1785528391
2026-07-31T20:23:45Z,963,5,0,17,1,0,1,1,1,1785529235
2026-07-31T20:23:45Z,964,11,7,12,0,0,1,1,1,1785529329
2026-07-31T20:23:45Z,965,10,6,16,1,0,1,1,1,1785529390
2026-07-31T20:23:45Z,966,14,0,15,2,0,1,1,1,1785529098
2026-07-31T20:23:45Z,967,6,1,13,2,0,1,1,1,1785529283
2026-07-31T20:23:45Z,968,12,0,6,1,0,1,1,1,1785529069
2026-07-31T20:23:45Z,969,1,0,24,2,0,1,1,1,1785529400
2026-07-31T20:23:45Z,970,2,2,16,1,0,1,1,1,1785529408
2026-07-31T20:23:45Z,971,1,0,21,1,0,1,1,1,1785529415
2026-07-31T20:23:45Z,972,12,4,10,1,0,1,1,1,1785529068
2026-07-31T20:23:45Z,973,6,0,16,1,0,1,1,1,1785528828
2026-07-31T20:23:45Z,974,19,0,7,1,0,1,1,1,1785529392
2026-07-31T20:23:45Z,977,2,0,17,2,0,1,1,1,1785529309
2026-07-31T20:23:45Z,978,19,0,4,0,0,1,1,1,1785529115
2026-07-31T20:23:45Z,979,6,1,11,0,0,1,1,1,1785529409
2026-07-31T20:23:45Z,980,10,0,10,1,0,1,1,1,1785529158
2026-07-31T20:23:45Z,981,2,0,19,0,0,1,1,1,1785529022
2026-07-31T20:23:45Z,982,4,1,14,1,0,1,1,1,1785529188
2026-07-31T20:23:45Z,983,4,3,19,0,0,1,1,1,1785528891
2026-07-31T20:23:45Z,984,7,0,16,0,0,1,1,1,1785529249
2026-07-31T20:23:45Z,985,3,0,28,0,0,1,1,1,1785529046
2026-07-31T20:23:45Z,986,3,0,16,0,0,1,1,1,1785529110
2026-07-31T20:23:45Z,987,6,0,17,0,0,1,1,1,1785527869
2026-07-31T20:23:45Z,988,8,4,11,0,0,1,1,1,1785529281
2026-07-31T20:23:45Z,989,7,4,12,0,0,1,1,1,1785528282
2026-07-31T20:23:45Z,990,12,0,2,1,0,1,1,1,1785529278
2026-07-31T20:23:45Z,991,9,0,9,1,0,1,1,1,1785529013
2026-07-31T20:23:45Z,992,9,5,14,0,0,1,1,1,1785528081
2026-07-31T20:23:45Z,993,4,4,22,1,0,1,1,1,1785528663
2026-07-31T20:23:45Z,994,0,0,21,0,0,1,1,1,1785528327
2026-07-31T20:23:45Z,995,6,0,21,0,0,1,1,1,1785529353
2026-07-31T20:23:45Z,996,8,2,15,0,0,1,1,1,1785529187
2026-07-31T20:23:45Z,997,5,4,6,9,3,1,1,1,1785527891
2026-07-31T20:23:45Z,998,5,4,18,0,0,1,1,1,1785527628
2026-07-31T20:23:45Z,999,4,1,15,1,1,1,1,1,1785529154
2026-07-31T20:23:45Z,1000,3,2,18,0,0,1,1,1,1785529292
2026-07-31T20:23:45Z,1001,4,2,23,0,0,1,1,1,1785528231
2026-07-31T20:23:45Z,1002,2,2,28,1,0,1,1,1,1785527716
2026-07-31T20:23:45Z,1003,1,0,22,0,0,1,1,1,1785529212
2026-07-31T20:23:45Z,1004,9,2,14,0,0,1,1,1,1785528564
2026-07-31T20:23:45Z,1005,20,1,3,0,0,1,1,1,1785529273
2026-07-31T20:23:45Z,1006,7,4,12,0,0,1,1,1,1785529081
2026-07-31T20:23:45Z,1007,1,1,20,0,0,1,1,1,1785528723
2026-07-31T20:23:45Z,1008,8,7,15,0,0,1,1,1,1785528259
2026-07-31T20:23:45Z,1009,22,5,8,1,0,1,1,1,1785528174
2026-07-31T20:23:45Z,1010,8,2,19,0,0,1,1,1,1785528983
2026-07-31T20:23:45Z,1011,7,2,10,2,0,1,1,1,1785529170
2026-07-31T20:23:45Z,1012,5,3,16,2,0,1,1,1,1785529045
2026-07-31T20:23:45Z,1013,4,1,18,1,0,1,1,1,1785527789
2026-07-31T20:23:45Z,1014,9,4,14,0,0,1,1,1,1785527753
2026-07-31T20:23:45Z,1015,4,3,26,1,0,1,1,1,1785528092
2026-07-31T20:23:45Z,1016,10,5,21,0,0,1,1,1,1785528989
2026-07-31T20:23:45Z,1017,13,5,8,0,0,1,1,1,1785528438
2026-07-31T20:23:45Z,1018,7,3,15,0,0,1,1,1,1785529124
2026-07-31T20:23:45Z,1019,8,5,7,0,0,1,1,1,1785528994
2026-07-31T20:23:45Z,1020,19,5,2,0,0,1,1,1,1785528302
2026-07-31T20:23:45Z,1021,9,4,6,0,0,1,1,1,1785527980
2026-07-31T20:23:45Z,1022,14,0,13,0,0,1,1,1,1785529254
2026-07-31T20:23:45Z,1023,14,2,9,0,0,1,1,1,1785528877
2026-07-31T20:23:45Z,1024,4,2,15,0,0,1,1,1,1785529308
2026-07-31T20:23:45Z,1025,4,0,14,0,1,1,1,1,1785529234
2026-07-31T20:23:45Z,1026,12,9,18,1,0,1,1,1,1785528581
2026-07-31T20:23:45Z,1028,3,1,20,0,0,1,1,1,1785529219
2026-07-31T20:23:45Z,1029,12,10,3,0,0,1,1,1,1785528289
2026-07-31T20:23:45Z,1030,13,4,10,0,0,1,1,1,1785528097
2026-07-31T20:23:45Z,1031,9,1,10,0,0,1,1,1,1785528408
2026-07-31T20:23:45Z,1032,7,1,12,0,0,1,1,1,1785529080
2026-07-31T20:23:45Z,1033,9,5,10,0,0,1,1,1,1785528088
2026-07-31T20:23:45Z,1034,3,1,12,0,0,1,1,1,1785529062
2026-07-31T20:23:45Z,1035,1,0,17,1,0,1,1,1,1785529086
2026-07-31T20:23:45Z,1036,12,0,3,0,0,1,1,1,1785527827
2026-07-31T20:23:45Z,1037,2,0,16,1,0,1,1,1,1785527884
2026-07-31T20:23:45Z,1038,1,0,14,0,0,1,1,1,1785528754
2026-07-31T20:23:45Z,1039,7,1,12,0,0,1,1,1,1785529231
2026-07-31T20:23:45Z,1040,8,5,11,0,0,1,1,1,1785529132
2026-07-31T20:23:45Z,1041,10,2,9,0,0,1,1,1,1785529000
2026-07-31T20:23:45Z,1042,4,0,10,1,0,1,1,1,1785529325
2026-07-31T20:23:45Z,1043,10,5,8,1,0,1,1,1,1785529159
2026-07-31T20:23:45Z,1044,2,1,13,0,0,1,1,1,1785528808
2026-07-31T20:23:45Z,1045,9,0,10,0,0,1,1,1,1785529063
2026-07-31T20:23:45Z,1046,9,0,6,0,0,1,1,1,1785528434
2026-07-31T20:23:45Z,1047,4,0,17,0,0,1,1,1,1785528032
2026-07-31T20:23:45Z,1048,3,0,16,0,0,1,1,1,1785529042
2026-07-31T20:23:45Z,1049,0,0,21,0,0,1,1,1,1785529145
2026-07-31T20:23:45Z,1050,17,4,4,0,0,1,1,1,1785528430
2026-07-31T20:23:45Z,1051,8,2,13,0,0,1,1,1,1785528301
2026-07-31T20:23:45Z,1052,16,1,5,1,0,1,1,1,1785528937
2026-07-31T20:23:45Z,1053,3,2,12,0,0,1,1,1,1785528943
2026-07-31T20:23:45Z,1054,5,1,10,0,0,1,1,1,1785529193
2026-07-31T20:23:45Z,1055,9,2,10,0,0,1,1,1,1785529211
2026-07-31T20:23:45Z,1057,11,2,8,0,0,1,1,1,1785529230
2026-07-31T20:23:45Z,1058,17,1,37,2,0,1,1,1,1785529415
2026-07-31T20:23:45Z,1059,1,1,17,1,0,1,1,1,1785529068
2026-07-31T20:23:45Z,1060,27,0,10,0,0,1,1,1,1785529251
2026-07-31T20:23:45Z,1061,27,0,10,0,0,1,1,1,1785529383
2026-07-31T20:23:45Z,1062,9,1,8,0,0,1,1,1,1785528942
2026-07-31T20:23:45Z,1063,12,1,6,1,0,1,1,1,1785529122
2026-07-31T20:23:45Z,1064,3,0,19,1,0,1,1,1,1785527670
2026-07-31T20:23:45Z,1065,16,3,7,0,0,1,1,1,1785527916
2026-07-31T20:23:45Z,1066,12,2,11,0,0,1,1,1,1785529107
2026-07-31T20:23:45Z,1067,8,2,13,2,0,1,1,1,1785528012
2026-07-31T20:23:45Z,1068,5,2,15,3,0,1,1,1,1785529362
2026-07-31T20:23:45Z,1069,12,3,11,0,0,1,1,1,1785529367
2026-07-31T20:23:45Z,1070,12,2,11,0,0,1,1,1,1785527650
2026-07-31T20:23:45Z,1071,8,4,15,0,0,1,1,1,1785527688
2026-07-31T20:23:45Z,1072,11,1,11,1,0,1,1,1,1785528096
2026-07-31T20:23:45Z,1073,4,0,22,1,0,1,1,1,1785528836
2026-07-31T20:23:45Z,1074,31,6,18,4,0,1,1,1,1785529366
2026-07-31T20:23:45Z,1075,8,8,13,0,0,1,1,1,1785528397
2026-07-31T20:23:45Z,1076,16,13,5,0,0,1,1,1,1785528320
2026-07-31T20:23:45Z,1077,11,7,9,1,0,1,1,1,1785527961
2026-07-31T20:23:45Z,1078,10,9,11,0,0,1,1,1,1785528356
2026-07-31T20:23:45Z,1079,12,8,9,0,0,1,1,1,1785528976
2026-07-31T20:23:45Z,1080,9,7,10,2,0,1,1,1,1785529104
2026-07-31T20:23:45Z,1081,14,8,5,0,0,1,1,1,1785528095
2026-07-31T20:23:45Z,1082,12,11,11,0,0,1,1,1,1785528982
2026-07-31T20:23:45Z,1083,14,12,7,0,0,1,1,1,1785529246
2026-07-31T20:23:45Z,1084,10,8,11,0,0,1,1,1,1785528862
2026-07-31T20:23:45Z,1085,11,8,10,0,0,1,1,1,1785529242
2026-07-31T20:23:45Z,1086,14,11,6,1,0,1,1,1,1785529259
2026-07-31T20:23:45Z,1087,6,6,9,0,0,1,1,1,1785528348
2026-07-31T20:23:45Z,1088,10,7,5,0,0,1,1,1,1785529123
2026-07-31T20:23:45Z,1089,7,3,8,0,0,1,1,1,1785529168
2026-07-31T20:23:45Z,1090,7,6,8,0,0,1,1,1,1785528058
2026-07-31T20:23:45Z,1091,7,5,8,0,0,1,1,1,1785528260
2026-07-31T20:23:45Z,1092,10,9,5,0,0,1,1,1,1785527641
2026-07-31T20:23:45Z,1093,5,5,9,1,0,1,1,1,1785528340
2026-07-31T20:23:45Z,1094,10,9,9,0,0,1,1,1,1785529074
2026-07-31T20:23:45Z,1095,9,8,6,0,0,1,1,1,1785529053
2026-07-31T20:23:45Z,1096,10,8,8,1,0,1,1,1,1785527632
2026-07-31T20:23:45Z,1097,8,8,7,0,0,1,1,1,1785527828
2026-07-31T20:23:45Z,1098,9,7,10,0,0,1,1,1,1785528678
2026-07-31T20:23:45Z,1099,7,6,8,0,0,1,1,1,1785528910
2026-07-31T20:23:45Z,1100,5,3,24,0,0,1,1,1,1785521793
2026-07-31T20:23:45Z,1101,10,5,11,0,0,1,1,1,1785528833
2026-07-31T20:23:45Z,1102,9,4,4,0,0,1,1,1,1785528042
2026-07-31T20:23:45Z,1103,11,5,10,0,0,1,1,1,1785503681
2026-07-31T20:23:45Z,1104,11,6,10,0,0,1,1,1,1785528583
2026-07-31T20:23:45Z,1105,8,4,5,0,0,1,1,1,1785527926
2026-07-31T20:23:45Z,1106,10,5,11,0,0,1,1,1,1785528924
2026-07-31T20:23:45Z,1107,9,5,6,0,0,1,1,1,1785529173
2026-07-31T20:23:45Z,1108,7,3,17,2,1,1,1,1,1785529022
2026-07-31T20:23:45Z,1109,8,4,7,0,0,1,1,1,1785529116
2026-07-31T20:23:45Z,1110,8,0,13,0,0,1,1,1,1785528448
2026-07-31T20:23:45Z,1111,10,6,10,1,0,1,1,1,1785529338
2026-07-31T20:23:45Z,1112,26,0,27,0,0,1,1,1,1785529311
2026-07-31T20:23:45Z,1113,3,0,18,0,0,1,1,1,1785528560
2026-07-31T20:23:45Z,1115,13,2,6,4,0,1,1,1,1785527829
2026-07-31T20:23:45Z,1116,1,0,18,0,0,1,1,1,1785529099
2026-07-31T20:23:45Z,1117,2,0,19,2,0,1,1,1,1785529275
2026-07-31T20:23:45Z,1118,10,1,11,0,0,1,1,1,1785529417
2026-07-31T20:23:45Z,1119,8,0,9,0,0,1,1,1,1785528350
2026-07-31T20:23:45Z,1120,7,0,11,1,0,1,1,1,1785529189
2026-07-31T20:23:45Z,1121,1,0,19,1,0,1,1,1,1785529366
2026-07-31T20:23:45Z,1122,2,2,18,1,0,1,1,1,1785529042
2026-07-31T20:23:45Z,1123,10,8,11,2,0,1,1,1,1785529333
2026-07-31T20:23:45Z,1124,3,2,9,3,0,1,1,1,1785529110
2026-07-31T20:23:45Z,1125,16,1,7,0,0,1,1,1,1785528179
2026-07-31T20:23:45Z,1126,10,0,11,0,0,1,1,1,1785529307
2026-07-31T20:23:45Z,1127,2,0,17,0,0,1,1,1,1785529416
2026-07-31T20:23:45Z,1128,0,0,15,0,0,1,1,1,1785529070
2026-07-31T20:23:45Z,1129,2,1,17,2,0,1,1,1,1785529384
2026-07-31T20:23:45Z,1130,3,0,12,0,0,1,1,1,1785529217
2026-07-31T20:23:45Z,1131,3,3,45,1,0,1,1,1,1785529251
2026-07-31T20:23:45Z,1132,11,5,9,1,0,1,1,1,1785528989
2026-07-31T20:23:45Z,1133,5,4,14,2,0,1,1,1,1785529406
2026-07-31T20:23:45Z,1134,11,5,8,0,0,1,1,1,1785527794
2026-07-31T20:23:45Z,1135,12,6,9,0,0,1,1,1,1785528728
2026-07-31T20:23:45Z,1136,14,0,9,0,0,1,1,1,1785529306
2026-07-31T20:23:45Z,1137,13,0,2,0,0,1,1,1,1785528988
2026-07-31T20:23:45Z,1138,2,0,17,0,0,1,1,1,1785529172
2026-07-31T20:23:45Z,1139,14,2,5,2,0,1,1,1,1785527793
2026-07-31T20:23:45Z,1140,6,1,16,1,0,1,1,1,1785529260
2026-07-31T20:23:45Z,1141,10,5,11,0,0,1,1,1,1785529252
2026-07-31T20:23:45Z,1142,0,0,21,0,0,1,1,1,1785527923
2026-07-31T20:23:45Z,1143,12,0,17,0,0,1,1,1,1785529383
2026-07-31T20:23:45Z,1144,6,0,14,1,0,1,1,1,1785528890
2026-07-31T20:23:45Z,1145,11,5,9,1,0,1,1,1,1785527690
2026-07-31T20:23:45Z,1146,17,13,0,2,0,1,1,1,1785529400
2026-07-31T20:23:45Z,1147,19,2,0,0,0,1,1,1,1785529019
2026-07-31T20:23:45Z,1148,2,0,29,0,0,1,1,1,1785529322
2026-07-31T20:23:45Z,1149,5,4,16,4,0,1,1,1,1785528809
2026-07-31T20:23:45Z,1150,7,0,12,0,0,1,1,1,1785528984
2026-07-31T20:23:45Z,1151,8,0,13,0,0,1,1,1,1785528767
2026-07-31T20:23:45Z,1152,6,0,23,0,0,1,1,1,1785529118
2026-07-31T20:23:45Z,1153,21,2,1,1,0,1,1,1,1785527835
2026-07-31T20:23:45Z,1154,3,0,16,0,0,1,1,1,1785528495
2026-07-31T20:23:45Z,1155,5,1,13,3,0,1,1,1,1785529268
2026-07-31T20:23:45Z,1158,3,1,16,0,0,1,1,1,1785528984
2026-07-31T20:23:45Z,1159,12,0,7,0,0,1,1,1,1785529346
2026-07-31T20:23:45Z,1160,9,2,10,0,0,1,1,1,1785529128
2026-07-31T20:23:45Z,1161,3,0,15,1,0,1,1,1,1785527666
2026-07-31T20:23:45Z,1162,2,1,17,0,0,1,1,1,1785528831
2026-07-31T20:23:45Z,1163,2,1,16,1,0,1,1,1,1785529104
2026-07-31T20:23:45Z,1164,6,1,13,0,0,1,1,1,1785529161
2026-07-31T20:23:45Z,1165,2,0,19,0,0,1,1,1,1785528089
2026-07-31T20:23:45Z,1166,14,3,7,0,0,1,1,1,1785527623
2026-07-31T20:23:45Z,1167,4,0,11,0,0,1,1,1,1785528832
2026-07-31T20:23:45Z,1168,3,0,18,2,0,1,1,1,1785529395
2026-07-31T20:23:45Z,1169,3,0,15,1,0,1,1,1,1785529007
2026-07-31T20:23:45Z,1170,7,1,14,0,0,1,1,1,1785529402
2026-07-31T20:23:45Z,1171,8,7,15,0,0,1,1,1,1785529102
2026-07-31T20:23:45Z,1172,3,0,10,2,0,1,1,1,1785529314
2026-07-31T20:23:45Z,1173,13,4,6,0,0,1,1,1,1785529266
2026-07-31T20:23:45Z,1174,6,3,9,0,0,1,1,1,1785528911
2026-07-31T20:23:45Z,1175,4,3,15,0,0,1,1,1,1785525246
2026-07-31T20:23:45Z,1176,8,2,13,0,0,1,1,1,1785529089
2026-07-31T20:23:45Z,1177,2,1,19,0,0,1,1,1,1785529361
2026-07-31T20:23:45Z,1178,5,2,10,0,0,1,1,1,1785528837
2026-07-31T20:23:45Z,1181,2,0,13,0,0,1,1,1,1785528510
2026-07-31T20:23:45Z,1182,8,0,11,1,0,1,1,1,1785529398
2026-07-31T20:23:45Z,1183,20,2,23,2,0,1,1,1,1785529349
2026-07-31T20:23:45Z,1184,5,4,14,2,0,1,1,1,1785529359
2026-07-31T20:23:45Z,1185,9,5,12,0,0,1,1,1,1785528555
2026-07-31T20:23:45Z,1186,9,5,10,0,0,1,1,1,1785528150
2026-07-31T20:23:45Z,1187,10,5,10,1,0,1,1,1,1785529295
2026-07-31T20:23:45Z,1188,10,5,5,0,0,1,1,1,1785529170
2026-07-31T20:23:45Z,1189,9,4,10,0,0,1,1,1,1785529298
2026-07-31T20:23:45Z,1190,9,4,12,0,0,1,1,1,1785528712
2026-07-31T20:23:45Z,1191,11,6,4,0,0,1,1,1,1785529175
2026-07-31T20:23:45Z,1192,9,6,11,1,0,1,1,1,1785529076
2026-07-31T20:23:45Z,1193,6,4,5,2,0,1,1,1,1785528150
2026-07-31T20:23:45Z,1197,9,6,7,1,0,1,1,1,1785529010
2026-07-31T20:23:45Z,1198,13,4,6,2,0,1,1,1,1785527785
2026-07-31T20:23:45Z,1199,3,0,16,0,0,1,1,1,1785527776
2026-07-31T20:23:45Z,1200,9,5,6,0,0,1,1,1,1785529211
2026-07-31T20:23:45Z,1201,9,4,6,0,0,1,1,1,1785529261
2026-07-31T20:23:45Z,1202,10,5,5,0,0,1,1,1,1785529288
2026-07-31T20:23:45Z,1203,11,5,4,0,0,1,1,1,1785529191
2026-07-31T20:23:45Z,1204,7,4,12,0,0,1,1,1,1785528964
2026-07-31T20:23:45Z,1206,11,5,10,0,0,1,1,1,1785528202
2026-07-31T20:23:45Z,1207,8,4,6,1,0,1,1,1,1785527690
2026-07-31T20:23:45Z,1208,10,4,9,0,0,1,1,1,1785527630
2026-07-31T20:23:45Z,1216,9,0,11,1,0,1,1,1,1785528822
2026-07-31T20:23:45Z,1218,4,0,17,0,0,1,1,1,1785528817
2026-07-31T20:23:45Z,1219,5,1,7,3,0,1,1,1,1785529151
2026-07-31T20:23:45Z,1220,17,6,2,0,0,1,1,1,1785528454
2026-07-31T20:23:45Z,1221,1,1,19,1,0,1,1,1,1785528166
2026-07-31T20:23:45Z,1222,14,2,15,0,0,1,1,1,1785529214
2026-07-31T20:23:45Z,1223,26,2,2,1,0,1,1,1,1785529410
2026-07-31T20:23:45Z,1226,0,0,3,0,0,0,1,1,1781868931
2026-07-31T20:23:45Z,1227,1,0,23,1,0,1,1,1,1785529380
2026-07-31T20:23:45Z,1228,6,5,23,0,0,1,1,1,1785528854
2026-07-31T20:23:45Z,1229,43,1,1,1,0,1,1,1,1785529406
2026-07-31T20:28:45Z,1,13,1,10,0,0,1,1,1,1785529669
2026-07-31T20:28:45Z,2,8,2,16,3,0,1,1,1,1785529478
2026-07-31T20:28:45Z,3,10,1,3,1,0,1,1,1,1785529619
2026-07-31T20:28:45Z,4,21,5,0,1,0,1,1,1,1785529297
2026-07-31T20:28:45Z,5,17,4,5,1,0,1,1,1,1785529547
2026-07-31T20:28:45Z,6,3,0,12,0,0,1,1,1,1785529602
2026-07-31T20:28:45Z,7,4,0,35,0,0,1,1,1,1785529089
2026-07-31T20:28:45Z,8,6,0,37,0,0,1,1,1,1785529672
2026-07-31T20:28:45Z,9,19,2,3,1,0,1,1,1,1785529608
2026-07-31T20:28:45Z,10,1,0,20,2,0,1,1,1,1785527928
2026-07-31T20:28:45Z,11,7,1,10,2,0,1,1,1,1785529616
2026-07-31T20:28:45Z,12,22,0,1,0,0,1,1,1,1785529427
2026-07-31T20:28:45Z,13,9,1,21,0,0,1,1,1,1785529628
2026-07-31T20:28:45Z,14,41,0,1,0,1,1,1,1,1785529449
2026-07-31T20:28:45Z,15,14,0,1,0,0,1,1,1,1785529551
2026-07-31T20:28:45Z,16,7,1,17,2,1,1,1,1,1785529469
2026-07-31T20:28:45Z,17,7,0,19,1,0,1,1,1,1785529703
2026-07-31T20:28:45Z,18,8,0,8,2,0,1,1,1,1785529664
2026-07-31T20:28:45Z,19,16,3,9,2,0,1,1,1,1785529710
2026-07-31T20:28:45Z,20,10,1,25,0,0,1,1,1,1785529025
2026-07-31T20:28:45Z,21,13,2,5,1,0,1,1,1,1785529630
2026-07-31T20:28:45Z,22,30,1,33,2,0,1,1,1,1785529378
2026-07-31T20:28:45Z,23,13,9,18,0,0,1,1,1,1785528770
2026-07-31T20:28:45Z,24,10,2,0,1,0,1,1,1,1785529713
2026-07-31T20:28:45Z,25,72,2,7,2,0,1,1,1,1785529635
2026-07-31T20:28:45Z,26,24,1,3,0,0,1,1,1,1785529668
2026-07-31T20:28:45Z,28,5,0,10,0,0,1,1,1,1785529641
2026-07-31T20:28:45Z,30,12,0,16,1,0,1,1,1,1785529564
2026-07-31T20:28:45Z,31,13,3,5,1,0,1,1,1,1785529400
2026-07-31T20:28:45Z,32,9,4,18,0,0,1,1,1,1785529503
2026-07-31T20:28:45Z,34,19,2,18,0,0,1,1,1,1785529696
2026-07-31T20:28:45Z,35,38,5,7,2,0,1,1,1,1785529713
2026-07-31T20:28:45Z,36,0,0,0,0,0,0,1,1,86400
2026-07-31T20:28:45Z,37,18,2,5,0,0,1,1,1,1785529228
2026-07-31T20:28:45Z,38,10,0,13,0,0,1,1,1,1785529647
2026-07-31T20:28:45Z,39,15,2,24,0,0,1,1,1,1785529712
2026-07-31T20:28:45Z,40,5,0,16,0,0,1,1,1,1785529452
2026-07-31T20:28:45Z,41,33,1,10,0,0,1,1,1,1785529691
2026-07-31T20:28:45Z,42,1,1,30,0,0,1,1,1,1785529581
2026-07-31T20:28:45Z,43,11,2,12,0,0,1,1,1,1785529510
2026-07-31T20:28:45Z,45,16,1,13,0,0,1,1,1,1785529228
2026-07-31T20:28:45Z,46,1,1,29,1,0,1,1,1,1785529482
2026-07-31T20:28:45Z,47,0,0,14,1,0,1,1,1,1785529062
2026-07-31T20:28:45Z,48,11,0,16,0,0,1,1,1,1785528934
2026-07-31T20:28:45Z,49,2,0,18,3,0,1,1,1,1785529719
2026-07-31T20:28:45Z,50,9,8,10,0,0,1,1,1,1785528946
2026-07-31T20:28:45Z,51,49,0,28,0,0,1,1,1,1785529674
2026-07-31T20:28:45Z,52,13,1,11,3,0,1,1,1,1785529659
2026-07-31T20:28:45Z,55,0,0,23,0,0,1,1,1,1785529088
2026-07-31T20:28:45Z,56,32,1,11,0,0,1,1,1,1785529717
2026-07-31T20:28:45Z,57,25,3,2,0,0,1,1,1,1785529486
2026-07-31T20:28:45Z,58,5,1,23,0,0,1,1,1,1785529709
2026-07-31T20:28:45Z,59,7,0,18,2,0,1,1,1,1785529619
2026-07-31T20:28:45Z,61,1,1,38,0,0,1,1,1,1785529703
2026-07-31T20:28:45Z,62,40,17,7,2,0,1,1,1,1785529565
2026-07-31T20:28:45Z,63,13,0,6,0,0,1,1,1,1785529206
2026-07-31T20:28:45Z,64,12,1,3,4,0,1,1,1,1785527230
2026-07-31T20:28:45Z,65,10,4,8,1,0,1,1,1,1785528670
2026-07-31T20:28:45Z,67,30,0,9,0,0,1,1,1,1785529668
2026-07-31T20:28:45Z,68,35,1,1,1,0,1,1,1,1785529654
2026-07-31T20:28:45Z,69,3,1,12,0,0,1,1,1,1785529600
2026-07-31T20:28:45Z,71,13,0,11,3,0,1,1,1,1785529601
2026-07-31T20:28:45Z,72,25,3,3,2,1,1,1,1,1785529641
2026-07-31T20:28:45Z,73,23,0,8,0,0,1,1,1,1785529712
2026-07-31T20:28:45Z,74,1,0,18,0,0,1,1,1,1785528574
2026-07-31T20:28:45Z,75,16,0,15,1,0,1,1,1,1785529675
2026-07-31T20:28:45Z,76,10,2,6,3,0,1,1,1,1785529716
2026-07-31T20:28:45Z,77,6,0,21,0,0,1,1,1,1785529642
2026-07-31T20:28:45Z,78,3,3,20,0,0,1,1,1,1785529679
2026-07-31T20:28:45Z,79,3,0,13,1,0,1,1,1,1785529460
2026-07-31T20:28:45Z,80,12,0,8,3,0,1,1,1,1785529703
2026-07-31T20:28:45Z,81,3,0,28,0,0,1,1,1,1785529692
2026-07-31T20:28:45Z,82,15,6,6,2,0,1,1,1,1785529477
2026-07-31T20:28:45Z,83,9,4,24,1,0,1,1,1,1785529719
2026-07-31T20:28:45Z,84,3,0,23,1,0,1,1,1,1785529513
2026-07-31T20:28:45Z,85,11,1,4,0,0,1,1,1,1785528736
2026-07-31T20:28:45Z,86,1,0,26,0,0,1,1,1,1785529415
2026-07-31T20:28:45Z,87,6,1,13,0,0,1,1,1,1785529415
2026-07-31T20:28:45Z,88,8,0,34,1,0,1,1,1,1785529195
2026-07-31T20:28:45Z,89,34,4,1,0,0,1,1,1,1785529658
2026-07-31T20:28:45Z,90,0,0,17,1,0,1,1,1,1785529585
2026-07-31T20:28:45Z,91,1,0,16,0,0,1,1,1,1785528542
2026-07-31T20:28:45Z,92,6,0,10,3,0,1,1,1,1785529713
2026-07-31T20:28:45Z,93,7,2,16,0,0,1,1,1,1785529430
2026-07-31T20:28:45Z,94,13,0,5,1,0,1,1,1,1785527778
2026-07-31T20:28:45Z,95,4,0,29,1,1,1,1,1,1785529712
2026-07-31T20:28:45Z,96,15,2,15,1,0,1,1,1,1785529480
2026-07-31T20:28:45Z,97,4,3,11,2,0,1,1,1,1785529640
2026-07-31T20:28:45Z,98,26,3,8,1,0,1,1,1,1785529350
2026-07-31T20:28:45Z,99,11,0,4,0,0,1,1,1,1785529719
2026-07-31T20:28:45Z,100,4,0,23,0,0,1,1,1,1785529553
2026-07-31T20:28:45Z,101,11,0,3,1,0,1,1,1,1785529680
2026-07-31T20:28:45Z,102,7,1,16,0,0,1,1,1,1785529681
2026-07-31T20:28:45Z,103,9,1,18,3,0,1,1,1,1785529715
2026-07-31T20:28:45Z,104,18,3,7,2,0,1,1,1,1785529718
2026-07-31T20:28:45Z,105,18,0,1,0,0,1,1,1,1785529401
2026-07-31T20:28:45Z,106,11,0,10,0,0,1,1,1,1785529639
2026-07-31T20:28:45Z,107,24,4,13,0,0,1,1,1,1785529566
2026-07-31T20:28:45Z,108,5,0,28,2,0,1,1,1,1785529425
2026-07-31T20:28:45Z,109,20,2,3,0,0,1,1,1,1785529587
2026-07-31T20:28:45Z,110,11,0,12,0,0,1,1,1,1785528663
2026-07-31T20:28:45Z,111,20,2,15,1,0,1,1,1,1785529718
2026-07-31T20:28:45Z,112,5,4,9,1,0,1,1,1,1785529306
2026-07-31T20:28:45Z,113,11,1,7,1,0,1,1,1,1785529491
2026-07-31T20:28:45Z,114,15,6,14,1,1,1,1,1,1785529639
2026-07-31T20:28:45Z,115,15,12,9,4,0,1,1,1,1785529668
2026-07-31T20:28:45Z,116,14,12,11,2,0,1,1,1,1785529623
2026-07-31T20:28:45Z,118,14,1,7,2,0,1,1,1,1785529291
2026-07-31T20:28:45Z,119,2,1,34,2,0,1,1,1,1785529380
2026-07-31T20:28:45Z,120,2,0,24,1,0,1,1,1,1785529469
2026-07-31T20:28:45Z,121,2,0,16,0,1,1,1,1,1785529602
2026-07-31T20:28:45Z,122,5,0,16,0,0,1,1,1,1785529056
2026-07-31T20:28:45Z,123,21,0,25,1,0,1,1,1,1785529416
2026-07-31T20:28:45Z,124,6,1,29,0,0,1,1,1,1785529580
2026-07-31T20:28:45Z,125,3,0,19,1,0,1,1,1,1785529703
2026-07-31T20:28:45Z,126,18,0,13,0,0,1,1,1,1785528553
2026-07-31T20:28:45Z,127,17,2,17,1,0,1,1,1,1785529412
2026-07-31T20:28:45Z,128,4,1,15,0,0,1,1,1,1785529580
2026-07-31T20:28:45Z,129,2,0,16,1,0,1,1,1,1785529547
2026-07-31T20:28:45Z,130,9,0,8,0,0,1,1,1,1785529073
2026-07-31T20:28:45Z,131,3,3,8,0,0,1,1,1,1785529490
2026-07-31T20:28:45Z,132,8,4,6,0,1,1,1,1,1785529596
2026-07-31T20:28:45Z,134,15,3,4,4,0,1,1,1,1785529689
2026-07-31T20:28:45Z,135,4,2,14,1,0,1,1,1,1785528747
2026-07-31T20:28:45Z,136,2,0,14,1,6,1,1,1,1785529708
2026-07-31T20:28:45Z,137,5,5,12,2,0,1,1,1,1785529544
2026-07-31T20:28:45Z,138,8,0,29,0,0,1,1,1,1785529641
2026-07-31T20:28:45Z,139,0,0,19,0,0,1,1,1,1785529171
2026-07-31T20:28:45Z,140,0,0,22,1,0,1,1,1,1785529718
2026-07-31T20:28:45Z,141,2,0,34,0,0,1,1,1,1785529710
2026-07-31T20:28:45Z,142,4,1,19,0,0,1,1,1,1785529717
2026-07-31T20:28:45Z,143,10,0,20,1,0,1,1,1,1785529711
2026-07-31T20:28:45Z,144,3,0,24,0,0,1,1,1,1785529138
2026-07-31T20:28:45Z,146,11,1,11,1,0,1,1,1,1785529654
2026-07-31T20:28:45Z,147,2,0,15,2,0,1,1,1,1785529613
2026-07-31T20:28:45Z,148,1,0,23,3,0,1,1,1,1785529683
2026-07-31T20:28:45Z,149,2,0,25,0,0,1,1,1,1785529036
2026-07-31T20:28:45Z,150,6,0,26,3,0,1,1,1,1785529635
2026-07-31T20:28:45Z,151,7,0,16,0,0,1,1,1,1785529720
2026-07-31T20:28:45Z,152,4,3,19,3,0,1,1,1,1785529526
2026-07-31T20:28:45Z,153,3,1,23,2,0,1,1,1,1785529715
2026-07-31T20:28:45Z,154,8,0,12,3,0,1,1,1,1785529598
2026-07-31T20:28:45Z,155,2,0,11,1,0,1,1,1,1785529639
2026-07-31T20:28:45Z,156,8,0,11,0,0,1,1,1,1785529030
2026-07-31T20:28:45Z,157,3,0,21,3,0,1,1,1,1785529714
2026-07-31T20:28:45Z,158,3,2,13,0,0,1,1,1,1785529697
2026-07-31T20:28:45Z,159,1,1,17,1,0,1,1,1,1785529375
2026-07-31T20:28:45Z,160,3,0,16,0,0,1,1,1,1785529547
2026-07-31T20:28:45Z,161,8,0,14,0,0,1,1,1,1785529528
2026-07-31T20:28:45Z,162,23,11,1,3,0,1,1,1,1785529670
2026-07-31T20:28:45Z,163,6,1,24,0,1,1,1,1,1785529616
2026-07-31T20:28:45Z,164,12,1,15,0,0,1,1,1,1785529470
2026-07-31T20:28:45Z,165,27,4,4,0,0,1,1,1,1785529708
2026-07-31T20:28:45Z,166,4,2,31,4,0,1,1,1,1785529720
2026-07-31T20:28:45Z,167,6,2,16,1,0,1,1,1,1785529626
2026-07-31T20:28:45Z,168,3,3,23,1,0,1,1,1,1785529717
2026-07-31T20:28:45Z,169,7,0,15,0,1,1,1,1,1785529716
2026-07-31T20:28:45Z,170,4,2,14,1,0,1,1,1,1785529719
2026-07-31T20:28:45Z,171,8,0,3,2,0,1,1,1,1785529512
2026-07-31T20:28:45Z,173,16,3,23,0,0,1,1,1,1785529713
2026-07-31T20:28:45Z,174,7,1,19,0,0,1,1,1,1785529610
2026-07-31T20:28:45Z,175,29,1,1,1,0,1,1,1,1785529710
2026-07-31T20:28:45Z,176,13,1,0,1,1,1,1,1,1785529719
2026-07-31T20:28:45Z,177,5,0,22,0,0,1,1,1,1785529671
2026-07-31T20:28:45Z,178,10,0,2,2,1,1,1,1,1785529719
2026-07-31T20:28:45Z,179,12,3,1,3,0,1,1,1,1785529718
2026-07-31T20:28:45Z,180,4,0,26,0,0,1,1,1,1785529594
2026-07-31T20:28:45Z,181,2,2,13,0,0,1,1,1,1785529706
2026-07-31T20:28:45Z,182,3,1,14,0,0,1,1,1,1785529588
2026-07-31T20:28:45Z,183,2,1,20,1,0,1,1,1,1785529602
2026-07-31T20:28:45Z,184,20,1,0,3,0,1,1,1,1785529611
2026-07-31T20:28:45Z,185,7,3,5,2,1,1,1,1,1785529510
2026-07-31T20:28:45Z,186,2,1,17,0,0,1,1,1,1785529598
2026-07-31T20:28:45Z,187,2,0,25,1,0,1,1,1,1785529652
2026-07-31T20:28:45Z,188,9,3,10,8,0,1,1,1,1785529483
2026-07-31T20:28:45Z,189,0,0,15,0,0,1,1,1,1785529330
2026-07-31T20:28:45Z,190,5,2,18,0,0,1,1,1,1785529718
2026-07-31T20:28:45Z,191,22,10,16,1,0,1,1,1,1785529654
2026-07-31T20:28:45Z,192,4,2,25,2,0,1,1,1,1785529716
2026-07-31T20:28:45Z,193,1,1,13,1,0,1,1,1,1785529715
2026-07-31T20:28:45Z,194,6,6,21,0,0,1,1,1,1785529087
2026-07-31T20:28:45Z,195,2,1,17,0,0,1,1,1,1785529189
2026-07-31T20:28:45Z,196,6,5,20,1,0,1,1,1,1785529516
2026-07-31T20:28:45Z,197,2,0,16,0,1,1,1,1,1785529673
2026-07-31T20:28:45Z,198,13,10,9,1,0,1,1,1,1785529371
2026-07-31T20:28:45Z,199,1,1,12,2,0,1,1,1,1785529702
2026-07-31T20:28:45Z,200,18,14,7,1,0,1,1,1,1785529656
2026-07-31T20:28:45Z,201,6,2,17,0,0,1,1,1,1785529280
2026-07-31T20:28:45Z,202,7,0,20,0,0,1,1,1,1785529661
2026-07-31T20:28:45Z,203,9,0,21,1,0,1,1,1,1785529646
2026-07-31T20:28:45Z,204,25,1,8,2,0,1,1,1,1785529715
2026-07-31T20:28:45Z,205,10,0,17,0,0,1,1,1,1785529469
2026-07-31T20:28:45Z,206,1,0,14,0,0,1,1,1,1785529370
2026-07-31T20:28:45Z,207,21,1,0,0,0,1,1,1,1785529615
2026-07-31T20:28:45Z,208,1,0,27,1,0,1,1,1,1785529503
2026-07-31T20:28:45Z,209,29,6,1,1,0,1,1,1,1785529717
2026-07-31T20:28:45Z,210,2,2,24,1,0,1,1,1,1785529565
2026-07-31T20:28:45Z,211,1,0,21,1,0,1,1,1,1785529517
2026-07-31T20:28:45Z,212,4,1,30,1,0,1,1,1,1785529414
2026-07-31T20:28:45Z,213,13,3,9,1,0,1,1,1,1785529567
2026-07-31T20:28:45Z,214,11,8,34,2,0,1,1,1,1785529336
2026-07-31T20:28:45Z,215,3,3,19,1,0,1,1,1,1785529542
2026-07-31T20:28:45Z,216,10,4,8,1,0,1,1,1,1785529689
2026-07-31T20:28:45Z,217,13,0,15,1,0,1,1,1,1785529620
2026-07-31T20:28:45Z,218,9,6,25,5,0,1,1,1,1785529710
2026-07-31T20:28:45Z,219,25,0,0,1,0,1,1,1,1785528738
2026-07-31T20:28:45Z,220,18,7,24,0,1,1,1,1,1785529626
2026-07-31T20:28:45Z,221,0,0,14,1,0,1,1,1,1785529281
2026-07-31T20:28:45Z,222,3,3,16,0,0,1,1,1,1785529464
2026-07-31T20:28:45Z,223,13,2,19,3,0,1,1,1,1785529665
2026-07-31T20:28:45Z,224,1,0,20,1,0,1,1,1,1785529670
2026-07-31T20:28:45Z,225,7,2,8,4,0,1,1,1,1785529655
2026-07-31T20:28:45Z,226,0,0,30,1,0,1,1,1,1785529698
2026-07-31T20:28:45Z,227,2,1,24,1,0,1,1,1,1785529691
2026-07-31T20:28:45Z,228,7,4,10,2,0,1,1,1,1785529684
2026-07-31T20:28:45Z,230,3,0,23,0,0,1,1,1,1785529632
2026-07-31T20:28:45Z,232,2,0,14,1,0,1,1,1,1785529708
2026-07-31T20:28:45Z,233,8,6,21,2,0,1,1,1,1785529535
2026-07-31T20:28:45Z,234,13,4,0,4,2,1,1,1,1785529713
2026-07-31T20:28:45Z,236,16,2,3,0,0,1,1,1,1785528929
2026-07-31T20:28:45Z,237,0,0,22,1,0,1,1,1,1785529474
2026-07-31T20:28:45Z,239,6,6,20,1,0,1,1,1,1785529409
2026-07-31T20:28:45Z,241,1,1,21,1,0,1,1,1,1785528305
2026-07-31T20:28:45Z,242,1,0,20,2,0,1,1,1,1785529300
2026-07-31T20:28:45Z,243,20,11,9,2,0,1,1,1,1785529591
2026-07-31T20:28:45Z,244,5,3,20,2,0,1,1,1,1785529690
2026-07-31T20:28:45Z,245,4,3,19,0,0,1,1,1,1785529501
2026-07-31T20:28:45Z,246,10,3,13,0,0,1,1,1,1785529711
2026-07-31T20:28:45Z,247,4,3,17,2,0,1,1,1,1785528240
2026-07-31T20:28:45Z,248,12,5,9,2,0,1,1,1,1785529661
2026-07-31T20:28:45Z,249,15,15,3,1,0,1,1,1,1785529537
2026-07-31T20:28:45Z,250,8,5,17,2,0,1,1,1,1785529526
2026-07-31T20:28:45Z,251,22,9,1,4,0,1,1,1,1785529599
2026-07-31T20:28:45Z,253,5,0,14,0,0,1,1,1,1785529447
2026-07-31T20:28:45Z,254,5,1,37,1,0,1,1,1,1785529347
2026-07-31T20:28:45Z,255,10,0,12,0,1,1,1,1,1785529668
2026-07-31T20:28:45Z,256,5,1,16,2,0,1,1,1,1785529607
2026-07-31T20:28:45Z,257,3,2,15,1,0,1,1,1,1785529511
2026-07-31T20:28:45Z,258,11,8,6,2,0,1,1,1,1785529640
2026-07-31T20:28:45Z,259,13,0,9,0,1,1,1,1,1785529093
2026-07-31T20:28:45Z,260,2,2,15,2,0,1,1,1,1785529624
2026-07-31T20:28:45Z,261,0,0,17,1,1,1,1,1,1785528749
2026-07-31T20:28:45Z,262,7,2,15,1,0,1,1,1,1785529469
2026-07-31T20:28:45Z,263,0,0,15,0,0,1,1,1,1785528990
2026-07-31T20:28:45Z,264,2,0,17,0,0,1,1,1,1785529478
2026-07-31T20:28:45Z,265,1,0,14,0,0,1,1,1,1785529657
2026-07-31T20:28:45Z,266,1,1,17,1,0,1,1,1,1785529454
2026-07-31T20:28:45Z,267,8,4,6,1,0,1,1,1,1785526233
2026-07-31T20:28:45Z,268,18,6,5,0,0,1,1,1,1785529417
2026-07-31T20:28:45Z,269,0,0,23,0,0,1,1,1,1785529714
2026-07-31T20:28:45Z,270,4,3,22,1,0,1,1,1,1785529674
2026-07-31T20:28:45Z,271,2,0,15,2,0,1,1,1,1785529218
2026-07-31T20:28:45Z,272,4,2,19,0,0,1,1,1,1785529661
2026-07-31T20:28:45Z,273,0,0,15,0,0,1,1,1,1785529666
2026-07-31T20:28:45Z,274,5,2,12,2,0,1,1,1,1785529647
2026-07-31T20:28:45Z,275,11,0,12,0,0,1,1,1,1785528378
2026-07-31T20:28:45Z,276,4,2,23,0,0,1,1,1,1785529315
2026-07-31T20:28:45Z,277,10,10,9,4,0,1,1,1,1785529456
2026-07-31T20:28:45Z,278,19,10,7,5,0,1,1,1,1785529443
2026-07-31T20:28:45Z,279,7,1,12,0,0,1,1,1,1785529592
2026-07-31T20:28:45Z,280,3,0,25,3,0,1,1,1,1785529497
2026-07-31T20:28:45Z,281,3,2,16,0,0,1,1,1,1785529629
2026-07-31T20:28:45Z,282,7,2,11,0,0,1,1,1,1785527347
2026-07-31T20:28:45Z,283,17,0,17,1,0,1,1,1,1785529719
2026-07-31T20:28:45Z,284,1,1,30,4,0,1,1,1,1785529584
2026-07-31T20:28:45Z,285,5,1,18,0,0,1,1,1,1785529514
2026-07-31T20:28:45Z,286,7,5,16,0,0,1,1,1,1785529281
2026-07-31T20:28:45Z,287,12,1,8,3,0,1,1,1,1785529639
2026-07-31T20:28:45Z,288,3,1,16,0,0,1,1,1,1785529361
2026-07-31T20:28:45Z,289,9,9,17,1,0,1,1,1,1785529656
2026-07-31T20:28:45Z,290,6,0,32,1,0,1,1,1,1785529377
2026-07-31T20:28:45Z,291,14,0,8,1,0,1,1,1,1785529555
2026-07-31T20:28:45Z,292,9,0,14,0,0,1,1,1,1785529407
2026-07-31T20:28:45Z,293,8,6,15,0,0,1,1,1,1785529714
2026-07-31T20:28:45Z,294,1,0,19,2,0,1,1,1,1785529450
2026-07-31T20:28:45Z,297,5,2,11,2,1,1,1,1,1785529712
2026-07-31T20:28:45Z,301,12,0,7,0,0,1,1,1,1785529531
2026-07-31T20:28:45Z,302,13,0,8,2,0,1,1,1,1785529623
2026-07-31T20:28:45Z,303,1,0,18,0,0,1,1,1,1785529704
2026-07-31T20:28:45Z,304,0,0,0,0,0,0,1,1,86400
2026-07-31T20:28:45Z,305,5,0,13,1,0,1,1,1,1785529711
2026-07-31T20:28:45Z,306,2,0,30,0,0,1,1,1,1785529442
2026-07-31T20:28:45Z,307,7,1,16,0,0,1,1,1,1785529325
2026-07-31T20:28:45Z,308,1,0,16,2,0,1,1,1,1785529647
2026-07-31T20:28:45Z,309,2,1,11,1,0,1,1,1,1785529319
2026-07-31T20:28:45Z,311,4,0,11,0,0,1,1,1,1785528946
2026-07-31T20:28:45Z,312,9,8,11,2,1,1,1,1,1785529578
2026-07-31T20:28:45Z,313,5,0,10,0,0,1,1,1,1785526554
2026-07-31T20:28:45Z,314,5,1,12,2,0,1,1,1,1785529159
2026-07-31T20:28:45Z,315,12,4,17,2,0,1,1,1,1785529404
2026-07-31T20:28:45Z,316,6,3,18,6,1,1,1,1,1785529604
2026-07-31T20:28:45Z,317,9,5,21,0,1,1,1,1,1785529607
2026-07-31T20:28:45Z,318,16,0,3,0,0,1,1,1,1785528757
2026-07-31T20:28:45Z,319,22,4,0,1,0,1,1,1,1785529413
2026-07-31T20:28:45Z,320,12,0,6,1,0,1,1,1,1785529638
2026-07-31T20:28:45Z,321,2,0,13,4,0,1,1,1,1785529516
2026-07-31T20:28:45Z,322,14,0,15,0,0,1,1,1,1785528892
2026-07-31T20:28:45Z,323,4,0,15,0,0,1,1,1,1785529592
2026-07-31T20:28:45Z,324,14,0,12,1,0,1,1,1,1785529711
2026-07-31T20:28:45Z,325,3,1,22,2,0,1,1,1,1785529205
2026-07-31T20:28:45Z,327,7,1,18,2,0,1,1,1,1785529670
2026-07-31T20:28:45Z,328,10,0,11,1,0,1,1,1,1785529265
2026-07-31T20:28:45Z,329,4,0,12,3,0,1,1,1,1785529716
2026-07-31T20:28:45Z,330,15,0,7,0,0,1,1,1,1785529673
2026-07-31T20:28:45Z,331,15,0,6,2,0,1,1,1,1785529424
2026-07-31T20:28:45Z,332,4,3,14,1,0,1,1,1,1785529568
2026-07-31T20:28:45Z,333,2,2,20,1,0,1,1,1,1785528452
2026-07-31T20:28:45Z,334,10,0,13,0,0,1,1,1,1785529703
2026-07-31T20:28:45Z,335,2,2,20,0,1,1,1,1,1785528586
2026-07-31T20:28:45Z,336,2,1,17,0,0,1,1,1,1785529658
2026-07-31T20:28:45Z,337,12,1,7,4,0,1,1,1,1785529441
2026-07-31T20:28:45Z,338,2,1,17,0,0,1,1,1,1785529646
2026-07-31T20:28:45Z,339,13,11,6,4,0,1,1,1,1785529719
2026-07-31T20:28:45Z,340,0,0,14,1,0,1,1,1,1785526744
2026-07-31T20:28:45Z,341,3,0,16,0,0,1,1,1,1785529478
2026-07-31T20:28:45Z,342,1,0,14,0,0,1,1,1,1785529662
2026-07-31T20:28:45Z,343,9,3,13,1,0,1,1,1,1785529614
2026-07-31T20:28:45Z,344,2,2,21,0,0,1,1,1,1785529522
2026-07-31T20:28:45Z,345,8,1,11,0,0,1,1,1,1785529438
2026-07-31T20:28:45Z,346,4,2,19,0,0,1,1,1,1785526764
2026-07-31T20:28:45Z,347,40,7,3,1,0,1,1,1,1785529697
2026-07-31T20:28:45Z,348,12,0,10,0,1,1,1,1,1785529692
2026-07-31T20:28:45Z,349,19,4,0,0,0,1,1,1,1785529307
2026-07-31T20:28:45Z,350,2,0,23,1,1,1,1,1,1785529393
2026-07-31T20:28:45Z,351,1,0,20,2,0,1,1,1,1785529685
2026-07-31T20:28:45Z,355,0,0,23,0,0,1,1,1,1785528655
2026-07-31T20:28:45Z,356,4,1,15,0,0,1,1,1,1785528553
2026-07-31T20:28:45Z,357,3,2,14,2,0,1,1,1,1785529175
2026-07-31T20:28:45Z,358,12,2,14,1,0,1,1,1,1785529481
2026-07-31T20:28:45Z,359,10,0,17,0,0,1,1,1,1785529591
2026-07-31T20:28:45Z,360,6,3,13,0,0,1,1,1,1785528932
2026-07-31T20:28:45Z,362,3,1,13,3,0,1,1,1,1785529144
2026-07-31T20:28:45Z,363,9,0,18,0,0,1,1,1,1785529690
2026-07-31T20:28:45Z,364,1,1,18,0,0,1,1,1,1785527104
2026-07-31T20:28:45Z,365,2,1,18,3,0,1,1,1,1785529598
2026-07-31T20:28:45Z,366,5,5,17,1,0,1,1,1,1785529625
2026-07-31T20:28:45Z,367,1,1,16,2,0,1,1,1,1785529548
2026-07-31T20:28:45Z,368,2,0,20,1,0,1,1,1,1785529422
2026-07-31T20:28:45Z,370,7,3,20,0,0,1,1,1,1785529522
2026-07-31T20:28:45Z,371,2,2,16,1,0,1,1,1,1785528835
2026-07-31T20:28:45Z,372,14,0,1,0,0,1,1,1,1785529546
2026-07-31T20:28:45Z,373,0,0,27,0,0,1,1,1,1785529201
2026-07-31T20:28:45Z,374,1,0,17,1,0,1,1,1,1785529631
2026-07-31T20:28:45Z,375,13,2,12,2,0,1,1,1,1785529709
2026-07-31T20:28:45Z,376,7,1,29,3,0,1,1,1,1785529659
2026-07-31T20:28:45Z,377,1,0,26,0,0,1,1,1,1785529273
2026-07-31T20:28:45Z,378,3,2,20,0,1,1,1,1,1785529639
2026-07-31T20:28:45Z,379,8,1,17,2,0,1,1,1,1785529530
2026-07-31T20:28:45Z,380,0,0,23,0,0,1,1,1,1785529299
2026-07-31T20:28:45Z,381,10,0,13,0,0,1,1,1,1785529603
2026-07-31T20:28:45Z,383,5,1,7,3,0,1,1,1,1785529658
2026-07-31T20:28:45Z,384,1,0,24,2,0,1,1,1,1785529547
2026-07-31T20:28:45Z,385,0,0,17,1,0,1,1,1,1785528945
2026-07-31T20:28:45Z,387,6,1,16,1,0,1,1,1,1785529413
2026-07-31T20:28:45Z,388,35,3,10,4,0,1,1,1,1785529716
2026-07-31T20:28:45Z,389,4,1,10,1,0,1,1,1,1785529586
2026-07-31T20:28:45Z,390,6,1,29,0,0,1,1,1,1785529392
2026-07-31T20:28:45Z,391,1,1,14,0,0,1,1,1,1785528668
2026-07-31T20:28:45Z,392,1,0,17,1,0,1,1,1,1785529619
2026-07-31T20:28:45Z,393,1,1,7,3,0,1,1,1,1785528279
2026-07-31T20:28:45Z,394,8,0,2,3,0,1,1,1,1785528352
2026-07-31T20:28:45Z,396,11,4,29,2,0,1,1,1,1785529716
2026-07-31T20:28:45Z,397,22,10,9,0,0,1,1,1,1785529536
2026-07-31T20:28:45Z,399,2,0,12,3,0,1,1,1,1785529606
2026-07-31T20:28:45Z,400,13,8,8,2,0,1,1,1,1785529282
2026-07-31T20:28:45Z,401,3,2,28,8,0,1,1,1,1785529213
2026-07-31T20:28:45Z,403,22,3,6,3,0,1,1,1,1785529450
2026-07-31T20:28:45Z,404,3,2,19,1,0,1,1,1,1785529557
2026-07-31T20:28:45Z,406,33,13,2,0,0,1,1,1,1785529675
2026-07-31T20:28:45Z,407,7,0,26,1,0,1,1,1,1785529550
2026-07-31T20:28:45Z,408,6,1,24,3,0,1,1,1,1785529687
2026-07-31T20:28:45Z,409,19,2,1,3,0,1,1,1,1785529634
2026-07-31T20:28:45Z,413,11,2,10,2,0,1,1,1,1785529469
2026-07-31T20:28:45Z,414,10,0,4,1,0,1,1,1,1785529718
2026-07-31T20:28:45Z,417,2,2,17,0,0,1,1,1,1785529427
2026-07-31T20:28:45Z,418,4,2,11,0,0,1,1,1,1785529352
2026-07-31T20:28:45Z,419,13,2,10,0,0,1,1,1,1785529593
2026-07-31T20:28:45Z,421,2,1,17,0,0,1,1,1,1785529314
2026-07-31T20:28:45Z,422,17,2,10,0,0,1,1,1,1785529720
2026-07-31T20:28:45Z,423,3,0,20,0,0,1,1,1,1785529496
2026-07-31T20:28:45Z,424,10,5,2,2,1,1,1,1,1785529704
2026-07-31T20:28:45Z,425,3,3,18,0,1,1,1,1,1785529573
2026-07-31T20:28:45Z,426,18,0,18,1,0,1,1,1,1785529512
2026-07-31T20:28:45Z,427,8,0,4,3,0,1,1,1,1785529432
2026-07-31T20:28:45Z,428,14,2,5,0,0,1,1,1,1785529503
2026-07-31T20:28:45Z,429,8,6,14,1,0,1,1,1,1785529401
2026-07-31T20:28:45Z,430,2,0,28,1,0,1,1,1,1785529676
2026-07-31T20:28:45Z,431,4,1,28,1,0,1,1,1,1785529704
2026-07-31T20:28:45Z,432,0,0,30,1,0,0,1,1,1785508564
2026-07-31T20:28:45Z,433,5,2,15,3,0,1,1,1,1785529334
2026-07-31T20:28:45Z,437,3,1,14,2,0,1,1,1,1785529669
2026-07-31T20:28:45Z,438,12,2,6,1,0,1,1,1,1785529561
2026-07-31T20:28:45Z,439,4,4,11,0,0,1,1,1,1785529379
2026-07-31T20:28:45Z,440,13,4,2,0,0,1,1,1,1785529716
2026-07-31T20:28:45Z,441,3,0,10,2,0,1,1,1,1785529654
2026-07-31T20:28:45Z,442,7,5,10,2,0,1,1,1,1785529665
2026-07-31T20:28:45Z,443,5,2,22,0,0,1,1,1,1785512432
2026-07-31T20:28:45Z,444,6,2,17,0,0,1,1,1,1785529160
2026-07-31T20:28:45Z,445,6,2,16,1,0,1,1,1,1785529478
2026-07-31T20:28:45Z,446,1,0,21,1,0,1,1,1,1785519783
2026-07-31T20:28:45Z,447,3,0,18,1,1,1,1,1,1785496389
2026-07-31T20:28:45Z,448,6,0,8,1,0,1,1,1,1785529528
2026-07-31T20:28:45Z,452,2,1,16,1,0,1,1,1,1785529204
2026-07-31T20:28:45Z,453,5,3,6,4,0,1,1,1,1785529719
2026-07-31T20:28:45Z,454,14,0,5,0,0,1,1,1,1785529670
2026-07-31T20:28:45Z,455,0,0,39,0,0,1,1,1,1785529476
2026-07-31T20:28:45Z,456,18,3,0,2,0,1,1,1,1785529718
2026-07-31T20:28:45Z,457,18,3,4,5,0,1,1,1,1785529715
2026-07-31T20:28:45Z,458,5,2,17,1,0,1,1,1,1785529476
2026-07-31T20:28:45Z,459,9,1,6,0,0,1,1,1,1785529402
2026-07-31T20:28:45Z,460,11,0,12,0,0,1,1,1,1785529269
2026-07-31T20:28:45Z,461,13,0,6,0,0,1,1,1,1785529300
2026-07-31T20:28:45Z,462,16,2,5,0,0,1,1,1,1785529574
2026-07-31T20:28:45Z,463,9,1,10,0,0,1,1,1,1785526740
2026-07-31T20:28:45Z,464,0,0,14,0,0,1,1,1,1785528198
2026-07-31T20:28:45Z,465,2,2,13,0,0,1,1,1,1785528628
2026-07-31T20:28:45Z,466,4,1,6,5,0,1,1,1,1785529664
2026-07-31T20:28:45Z,467,4,2,15,0,0,1,1,1,1785529430
2026-07-31T20:28:45Z,468,0,0,18,1,0,1,1,1,1785527178
2026-07-31T20:28:45Z,469,9,1,11,3,0,1,1,1,1785529663
2026-07-31T20:28:45Z,470,0,0,13,2,0,1,1,1,1785529503
2026-07-31T20:28:45Z,471,27,2,0,0,0,1,1,1,1785528650
2026-07-31T20:28:45Z,472,6,2,11,2,0,1,1,1,1785529594
2026-07-31T20:28:45Z,473,6,0,13,0,0,1,1,1,1785528344
2026-07-31T20:28:45Z,474,12,1,7,0,0,1,1,1,1785529057
2026-07-31T20:28:45Z,475,4,3,14,1,0,1,1,1,1785528875
2026-07-31T20:28:45Z,477,9,1,6,0,0,1,1,1,1785529302
2026-07-31T20:28:45Z,478,25,2,6,0,0,1,1,1,1785529383
2026-07-31T20:28:45Z,479,4,1,21,2,0,1,1,1,1785529623
2026-07-31T20:28:45Z,480,5,0,8,2,0,1,1,1,1785529176
2026-07-31T20:28:45Z,481,11,1,23,1,0,1,1,1,1785529632
2026-07-31T20:28:45Z,482,6,5,13,0,0,1,1,1,1785529622
2026-07-31T20:28:45Z,483,9,0,16,2,0,1,1,1,1785529606
2026-07-31T20:28:45Z,484,2,2,16,1,0,1,1,1,1785529406
2026-07-31T20:28:45Z,485,7,1,11,0,1,1,1,1,1785529582
2026-07-31T20:28:45Z,486,1,0,23,3,0,1,1,1,1785529503
2026-07-31T20:28:45Z,487,10,5,7,2,0,1,1,1,1785529523
2026-07-31T20:28:45Z,489,0,0,15,0,0,1,1,1,1785529619
2026-07-31T20:28:45Z,490,9,0,6,1,0,1,1,1,1785529514
2026-07-31T20:28:45Z,491,9,3,12,0,0,1,1,1,1785529249
2026-07-31T20:28:45Z,492,3,3,5,3,0,1,1,1,1785529718
2026-07-31T20:28:45Z,493,20,0,7,0,0,1,1,1,1785529596
2026-07-31T20:28:45Z,495,6,0,7,2,0,1,1,1,1785529027
2026-07-31T20:28:45Z,496,5,1,22,0,0,1,1,1,1785529663
2026-07-31T20:28:45Z,497,4,2,13,2,0,1,1,1,1785529598
2026-07-31T20:28:45Z,498,3,2,20,0,0,1,1,1,1785529599
2026-07-31T20:28:45Z,499,2,0,16,1,0,1,1,1,1785529608
2026-07-31T20:28:45Z,500,0,0,11,4,0,1,1,1,1785529695
2026-07-31T20:28:45Z,501,17,4,4,0,0,1,1,1,1785529588
2026-07-31T20:28:45Z,502,10,2,8,1,0,1,1,1,1785529603
2026-07-31T20:28:45Z,503,5,0,25,1,0,1,1,1,1785529608
2026-07-31T20:28:45Z,504,3,0,36,0,0,1,1,1,1785529658
2026-07-31T20:28:45Z,505,4,0,7,1,0,1,1,1,1785529582
2026-07-31T20:28:45Z,511,2,1,21,0,0,1,1,1,1785529698
2026-07-31T20:28:45Z,512,11,1,16,0,0,1,1,1,1785529598
2026-07-31T20:28:45Z,514,2,2,8,1,0,1,1,1,1785529658
2026-07-31T20:28:45Z,515,1,1,18,0,0,1,1,1,1785527371
2026-07-31T20:28:45Z,516,16,2,11,0,0,1,1,1,1785529245
2026-07-31T20:28:45Z,517,15,2,8,0,0,1,1,1,1785528725
2026-07-31T20:28:45Z,518,5,0,9,1,0,1,1,1,1785528944
2026-07-31T20:28:45Z,519,6,2,11,2,0,1,1,1,1785529091
2026-07-31T20:28:45Z,520,18,9,3,5,1,1,1,1,1785529717
2026-07-31T20:28:45Z,521,2,1,21,0,0,1,1,1,1785528757
2026-07-31T20:28:45Z,522,1,0,20,2,0,1,1,1,1785529403
2026-07-31T20:28:45Z,523,9,4,13,1,0,1,1,1,1785529163
2026-07-31T20:28:45Z,524,0,0,23,0,0,1,1,1,1785529303
2026-07-31T20:28:45Z,525,9,1,10,0,0,1,1,1,1785528988
2026-07-31T20:28:45Z,526,5,1,10,0,0,1,1,1,1785529466
2026-07-31T20:28:45Z,527,13,8,12,1,0,1,1,1,1785529624
2026-07-31T20:28:45Z,528,9,0,11,3,0,1,1,1,1785529437
2026-07-31T20:28:45Z,529,4,3,8,7,0,1,1,1,1785529718
2026-07-31T20:28:45Z,530,13,0,6,2,0,1,1,1,1785529099
2026-07-31T20:28:45Z,531,8,3,14,0,1,1,1,1,1785529714
2026-07-31T20:28:45Z,532,20,12,10,1,0,1,1,1,1785529488
2026-07-31T20:28:45Z,533,10,0,8,1,0,1,1,1,1785528065
2026-07-31T20:28:45Z,534,2,0,21,0,0,1,1,1,1785528746
2026-07-31T20:28:45Z,535,6,1,9,0,0,1,1,1,1785529546
2026-07-31T20:28:45Z,536,11,0,12,0,0,1,1,1,1785529631
2026-07-31T20:28:45Z,537,11,1,9,0,0,1,1,1,1785528536
2026-07-31T20:28:45Z,538,3,0,18,0,2,1,1,1,1785529692
2026-07-31T20:28:45Z,539,4,2,25,2,0,1,1,1,1785529474
2026-07-31T20:28:45Z,540,6,4,13,0,0,1,1,1,1785529645
2026-07-31T20:28:45Z,541,2,0,24,1,0,1,1,1,1785529703
2026-07-31T20:28:45Z,542,4,0,18,1,0,1,1,1,1785529314
2026-07-31T20:28:45Z,543,0,0,19,0,0,1,1,1,1785529627
2026-07-31T20:28:45Z,544,1,1,17,4,0,1,1,1,1785529657
2026-07-31T20:28:45Z,545,12,0,2,5,0,1,1,1,1785529711
2026-07-31T20:28:45Z,546,4,3,15,0,0,1,1,1,1785529603
2026-07-31T20:28:45Z,547,4,0,21,0,0,1,1,1,1785529244
2026-07-31T20:28:45Z,548,8,2,14,1,0,1,1,1,1785529694
2026-07-31T20:28:45Z,549,18,0,3,2,0,1,1,1,1785529700
2026-07-31T20:28:45Z,550,3,3,16,0,0,1,1,1,1785529370
2026-07-31T20:28:45Z,551,2,1,20,1,0,1,1,1,1785528375
2026-07-31T20:28:45Z,552,2,2,25,0,0,1,1,1,1785529439
2026-07-31T20:28:45Z,553,0,0,22,1,0,1,1,1,1785529574
2026-07-31T20:28:45Z,554,5,0,14,0,0,1,1,1,1785528354
2026-07-31T20:28:45Z,555,7,0,7,1,0,1,1,1,1785528944
2026-07-31T20:28:45Z,556,15,0,5,3,0,1,1,1,1785529707
2026-07-31T20:28:45Z,557,2,1,19,2,0,1,1,1,1785529295
2026-07-31T20:28:45Z,558,31,12,6,0,0,1,1,1,1785529641
2026-07-31T20:28:45Z,559,16,0,2,1,0,1,1,1,1785528837
2026-07-31T20:28:45Z,560,15,0,12,0,0,1,1,1,1785529698
2026-07-31T20:28:45Z,561,9,3,11,3,0,1,1,1,1785529568
2026-07-31T20:28:45Z,562,12,0,18,5,0,1,1,1,1785529719
2026-07-31T20:28:45Z,563,2,0,12,0,0,1,1,1,1785529448
2026-07-31T20:28:45Z,564,2,1,16,1,0,1,1,1,1785528459
2026-07-31T20:28:45Z,565,2,1,17,0,0,1,1,1,1785529708
2026-07-31T20:28:45Z,566,2,0,16,1,0,1,1,1,1785529596
2026-07-31T20:28:45Z,567,6,0,19,2,0,1,1,1,1785529616
2026-07-31T20:28:45Z,568,16,1,2,1,0,1,1,1,1785529582
2026-07-31T20:28:45Z,569,1,0,16,2,0,1,1,1,1785528671
2026-07-31T20:28:45Z,570,2,0,15,2,0,1,1,1,1785529391
2026-07-31T20:28:45Z,571,10,3,13,0,0,1,1,1,1785529451
2026-07-31T20:28:45Z,572,6,0,12,1,0,1,1,1,1785529213
2026-07-31T20:28:45Z,573,7,0,7,1,0,1,1,1,1785528946
2026-07-31T20:28:45Z,574,5,1,10,0,0,1,1,1,1785529134
2026-07-31T20:28:45Z,575,3,0,17,1,0,1,1,1,1785529619
2026-07-31T20:28:45Z,576,5,2,14,0,0,1,1,1,1785529704
2026-07-31T20:28:45Z,577,17,1,14,0,0,1,1,1,1785528580
2026-07-31T20:28:45Z,578,1,0,21,1,0,1,1,1,1785529037
2026-07-31T20:28:45Z,579,31,1,12,0,0,1,1,1,1785529630
2026-07-31T20:28:45Z,580,5,2,24,0,0,1,1,1,1785529057
2026-07-31T20:28:45Z,581,3,0,16,0,0,1,1,1,1785529503
2026-07-31T20:28:45Z,582,25,1,34,2,0,1,1,1,1785529711
2026-07-31T20:28:45Z,583,2,0,20,1,0,1,1,1,1785529499
2026-07-31T20:28:45Z,584,5,0,10,4,0,1,1,1,1785529494
2026-07-31T20:28:45Z,585,9,0,17,0,1,1,1,1,1785529490
2026-07-31T20:28:45Z,586,32,1,1,2,0,1,1,1,1785529699
2026-07-31T20:28:45Z,587,8,0,15,1,0,1,1,1,1785529629
2026-07-31T20:28:45Z,588,12,3,4,2,1,1,1,1,1785529513
2026-07-31T20:28:45Z,589,4,0,18,0,0,1,1,1,1785529538
2026-07-31T20:28:45Z,590,5,2,26,0,0,1,1,1,1785529622
2026-07-31T20:28:45Z,591,3,0,25,2,0,1,1,1,1785529366
2026-07-31T20:28:45Z,592,1,0,22,0,0,1,1,1,1785529622
2026-07-31T20:28:45Z,593,25,3,13,0,0,1,1,1,1785529469
2026-07-31T20:28:45Z,594,7,1,13,1,0,1,1,1,1785529335
2026-07-31T20:28:45Z,595,0,0,3,0,0,0,1,1,1784046673
2026-07-31T20:28:45Z,605,0,0,2,1,0,0,1,1,1783975843
2026-07-31T20:28:45Z,606,0,0,0,0,0,0,1,1,86400
2026-07-31T20:28:45Z,607,5,1,27,0,0,1,1,1,1785529709
2026-07-31T20:28:45Z,608,36,2,13,1,0,1,1,1,1785529541
2026-07-31T20:28:45Z,609,13,12,10,0,0,1,1,1,1785529590
2026-07-31T20:28:45Z,610,11,0,23,1,0,1,1,1,1785529304
2026-07-31T20:28:45Z,611,20,4,6,1,0,1,1,1,1785529636
2026-07-31T20:28:45Z,612,7,1,8,0,0,1,1,1,1785522916
2026-07-31T20:28:45Z,613,11,4,1,3,0,1,1,1,1785528243
2026-07-31T20:28:45Z,614,8,6,16,2,1,1,1,1,1785529477
2026-07-31T20:28:45Z,617,3,0,10,2,0,1,1,1,1785529705
2026-07-31T20:28:45Z,618,13,1,1,5,0,1,1,1,1785529167
2026-07-31T20:28:45Z,619,4,1,15,0,0,1,1,1,1785529544
2026-07-31T20:28:45Z,620,15,0,11,1,0,1,1,1,1785529652
2026-07-31T20:28:45Z,621,5,0,18,0,0,1,1,1,1785529667
2026-07-31T20:28:45Z,622,14,0,7,2,0,1,1,1,1785529232
2026-07-31T20:28:45Z,623,23,6,5,2,0,1,1,1,1785529454
2026-07-31T20:28:45Z,624,1,0,14,0,0,1,1,1,1785528431
2026-07-31T20:28:45Z,625,13,2,3,5,0,1,1,1,1785529679
2026-07-31T20:28:45Z,626,37,1,8,0,2,1,1,1,1785529168
2026-07-31T20:28:45Z,627,13,3,6,0,0,1,1,1,1785528343
2026-07-31T20:28:45Z,628,6,6,12,0,1,1,1,1,1785529653
2026-07-31T20:28:45Z,629,3,2,6,2,0,1,1,1,1785529410
2026-07-31T20:28:45Z,630,1,0,23,3,0,1,1,1,1785529504
2026-07-31T20:28:45Z,631,11,7,12,0,0,1,1,1,1785529181
2026-07-31T20:28:45Z,632,19,1,2,2,0,1,1,1,1785529674
2026-07-31T20:28:45Z,633,12,3,0,3,0,1,1,1,1785526124
2026-07-31T20:28:45Z,634,9,2,10,0,0,1,1,1,1785529616
2026-07-31T20:28:45Z,635,15,0,3,1,0,1,1,1,1785529451
2026-07-31T20:28:45Z,636,7,2,8,0,0,1,1,1,1785526430
2026-07-31T20:28:45Z,637,10,2,7,2,0,1,1,1,1785529194
2026-07-31T20:28:45Z,638,6,1,11,2,0,1,1,1,1785529717
2026-07-31T20:28:45Z,639,10,2,7,2,0,1,1,1,1785528930
2026-07-31T20:28:45Z,640,10,7,11,2,0,1,1,1,1785529697
2026-07-31T20:28:45Z,641,6,0,21,0,0,1,1,1,1785529466
2026-07-31T20:28:45Z,642,9,3,2,8,0,1,1,1,1785529716
2026-07-31T20:28:45Z,643,8,0,11,8,0,1,1,1,1785529718
2026-07-31T20:28:45Z,644,12,1,2,1,0,1,1,1,1785528211
2026-07-31T20:28:45Z,645,13,1,8,1,1,1,1,1,1785528767
2026-07-31T20:28:45Z,646,3,1,16,0,0,1,1,1,1785529469
2026-07-31T20:28:45Z,647,4,1,27,0,0,1,1,1,1785529533
2026-07-31T20:28:45Z,648,5,0,13,1,0,1,1,1,1785529450
2026-07-31T20:28:45Z,649,3,3,28,0,0,1,1,1,1785529688
2026-07-31T20:28:45Z,650,5,1,9,0,0,1,1,1,1785528260
2026-07-31T20:28:45Z,651,0,0,23,0,0,1,1,1,1785528763
2026-07-31T20:28:45Z,652,1,0,19,3,0,1,1,1,1785529561
2026-07-31T20:28:45Z,653,1,0,17,1,0,1,1,1,1785529127
2026-07-31T20:28:45Z,654,4,1,11,0,0,1,1,1,1785529211
2026-07-31T20:28:45Z,655,8,4,0,4,1,1,1,1,1785529719
2026-07-31T20:28:45Z,656,4,3,15,0,0,1,1,1,1785529717
2026-07-31T20:28:45Z,657,10,4,3,2,2,1,1,1,1785529504
2026-07-31T20:28:45Z,658,7,1,3,0,0,1,1,1,1785526893
2026-07-31T20:28:45Z,659,7,5,6,2,0,1,1,1,1785529408
2026-07-31T20:28:45Z,660,23,6,4,4,0,1,1,1,1785529498
2026-07-31T20:28:45Z,661,14,2,4,1,0,1,1,1,1785529669
2026-07-31T20:28:45Z,662,6,3,14,3,0,1,1,1,1785526394
2026-07-31T20:28:45Z,663,1,0,14,0,0,1,1,1,1785529039
2026-07-31T20:28:45Z,664,18,0,9,0,0,1,1,1,1785529428
2026-07-31T20:28:45Z,665,11,4,4,0,0,1,1,1,1785525553
2026-07-31T20:28:45Z,666,4,2,8,3,0,1,1,1,1785526234
2026-07-31T20:28:45Z,667,15,3,3,1,0,1,1,1,1785529636
2026-07-31T20:28:45Z,668,2,0,17,0,0,1,1,1,1785529594
2026-07-31T20:28:45Z,669,8,3,4,2,0,1,1,1,1785529075
2026-07-31T20:28:45Z,670,21,1,4,2,0,1,1,1,1785529679
2026-07-31T20:28:45Z,671,14,4,11,2,0,1,1,1,1785529641
2026-07-31T20:28:45Z,672,4,0,16,2,1,1,1,1,1785529215
2026-07-31T20:28:45Z,673,11,0,12,0,0,1,1,1,1785529231
2026-07-31T20:28:45Z,674,8,1,13,2,0,1,1,1,1785529701
2026-07-31T20:28:45Z,675,3,1,10,2,0,1,1,1,1785528049
2026-07-31T20:28:45Z,676,5,0,16,1,0,1,1,1,1785529579
2026-07-31T20:28:45Z,681,12,2,1,1,1,1,1,1,1785529473
2026-07-31T20:28:45Z,682,6,1,13,0,0,1,1,1,1785529048
2026-07-31T20:28:45Z,683,1,1,18,0,0,1,1,1,1785527602
2026-07-31T20:28:45Z,684,3,1,24,0,0,1,1,1,1785518528
2026-07-31T20:28:45Z,685,6,0,19,1,1,1,1,1,1785525624
2026-07-31T20:28:45Z,686,9,0,15,3,0,1,1,1,1785529565
2026-07-31T20:28:45Z,687,13,1,16,1,1,1,1,1,1785529592
2026-07-31T20:28:45Z,688,11,0,1,7,0,1,1,1,1785510286
2026-07-31T20:28:45Z,692,6,3,15,0,0,1,1,1,1785529367
2026-07-31T20:28:45Z,693,6,0,2,3,0,1,1,1,1785528821
2026-07-31T20:28:45Z,694,12,6,9,0,0,1,1,1,1785528673
2026-07-31T20:28:45Z,695,7,7,16,0,0,1,1,1,1785529714
2026-07-31T20:28:45Z,696,10,5,13,0,0,1,1,1,1785528818
2026-07-31T20:28:45Z,697,16,4,7,0,0,1,1,1,1785529710
2026-07-31T20:28:45Z,698,20,2,7,0,0,1,1,1,1785529694
2026-07-31T20:28:45Z,699,5,0,9,1,0,1,1,1,1785529200
2026-07-31T20:28:45Z,700,15,0,2,2,0,1,1,1,1785529568
2026-07-31T20:28:45Z,701,16,5,3,0,0,1,1,1,1785529101
2026-07-31T20:28:45Z,702,7,1,15,1,0,1,1,1,1785529718
2026-07-31T20:28:45Z,704,2,0,13,0,0,1,1,1,1785529615
2026-07-31T20:28:45Z,705,2,1,13,0,0,1,1,1,1785529442
2026-07-31T20:28:45Z,706,4,1,9,2,0,1,1,1,1785529699
2026-07-31T20:28:45Z,707,8,1,7,0,0,1,1,1,1785529323
2026-07-31T20:28:45Z,708,5,0,13,1,0,1,1,1,1785529610
2026-07-31T20:28:45Z,709,4,0,8,3,0,1,1,1,1785529389
2026-07-31T20:28:45Z,710,2,2,16,1,0,1,1,1,1785528919
2026-07-31T20:28:45Z,711,5,2,15,3,0,1,1,1,1785528939
2026-07-31T20:28:45Z,712,10,9,5,0,0,1,1,1,1785529426
2026-07-31T20:28:45Z,713,2,1,21,0,0,1,1,1,1785529046
2026-07-31T20:28:45Z,716,4,3,11,0,0,1,1,1,1785529104
2026-07-31T20:28:45Z,717,5,2,18,2,0,1,1,1,1785529232
2026-07-31T20:28:45Z,718,8,2,5,2,0,1,1,1,1785529307
2026-07-31T20:28:45Z,719,7,1,22,0,0,1,1,1,1785528415
2026-07-31T20:28:45Z,720,0,0,19,0,0,1,1,1,1785529375
2026-07-31T20:28:45Z,721,6,0,13,4,0,1,1,1,1785529674
2026-07-31T20:28:45Z,722,6,0,9,0,0,1,1,1,1785529147
2026-07-31T20:28:45Z,723,13,2,10,0,0,1,1,1,1785529350
2026-07-31T20:28:45Z,724,6,1,17,0,0,1,1,1,1785529511
2026-07-31T20:28:45Z,725,2,0,21,0,0,1,1,1,1785529530
2026-07-31T20:28:45Z,726,1,1,17,1,0,1,1,1,1785528759
2026-07-31T20:28:45Z,727,10,5,12,1,0,1,1,1,1785528398
2026-07-31T20:28:45Z,728,10,1,4,1,0,1,1,1,1785529678
2026-07-31T20:28:45Z,729,2,0,17,0,0,1,1,1,1785529692
2026-07-31T20:28:45Z,730,1,1,11,3,0,1,1,1,1785528463
2026-07-31T20:28:45Z,731,8,3,5,2,0,1,1,1,1785529414
2026-07-31T20:28:45Z,732,2,2,13,0,0,1,1,1,1785529495
2026-07-31T20:28:45Z,733,7,0,20,0,0,1,1,1,1785529498
2026-07-31T20:28:45Z,734,6,3,8,0,0,1,1,1,1785528516
2026-07-31T20:28:45Z,735,16,9,11,0,0,1,1,1,1785529536
2026-07-31T20:28:45Z,736,14,2,5,0,0,1,1,1,1785528755
2026-07-31T20:28:45Z,737,2,1,12,0,1,1,1,1,1785528719
2026-07-31T20:28:45Z,738,15,6,4,0,0,1,1,1,1785529420
2026-07-31T20:28:45Z,739,17,0,9,1,0,1,1,1,1785529591
2026-07-31T20:28:45Z,741,9,0,14,0,0,1,1,1,1785527928
2026-07-31T20:28:45Z,742,17,5,17,1,0,1,1,1,1785529691
2026-07-31T20:28:45Z,743,7,4,12,0,0,1,1,1,1785529714
2026-07-31T20:28:45Z,744,10,2,5,0,0,1,1,1,1785529589
2026-07-31T20:28:45Z,745,12,4,7,0,0,1,1,1,1785528321
2026-07-31T20:28:45Z,746,1,0,21,1,0,1,1,1,1785529161
2026-07-31T20:28:45Z,747,0,0,4,0,0,0,1,1,1783446606
2026-07-31T20:28:45Z,748,9,1,14,0,0,1,1,1,1785529175
2026-07-31T20:28:45Z,749,1,1,21,1,0,1,1,1,1785529718
2026-07-31T20:28:45Z,750,3,1,8,0,0,1,1,1,1785529403
2026-07-31T20:28:45Z,751,15,15,8,0,0,1,1,1,1785529643
2026-07-31T20:28:45Z,752,8,0,8,1,0,1,1,1,1785529507
2026-07-31T20:28:45Z,753,4,0,10,1,0,1,1,1,1785529471
2026-07-31T20:28:45Z,754,8,3,7,0,0,1,1,1,1785528777
2026-07-31T20:28:45Z,755,7,1,15,1,0,1,1,1,1785529552
2026-07-31T20:28:45Z,756,16,16,20,1,0,1,1,1,1785529161
2026-07-31T20:28:45Z,757,4,3,15,0,0,1,1,1,1785529677
2026-07-31T20:28:45Z,758,3,0,20,0,0,1,1,1,1785529564
2026-07-31T20:28:45Z,759,0,0,0,0,0,1,1,1,86400
2026-07-31T20:28:45Z,760,10,3,9,0,0,1,1,1,1785529267
2026-07-31T20:28:45Z,761,9,3,13,1,0,1,1,1,1785529599
2026-07-31T20:28:45Z,762,3,2,7,5,0,1,1,1,1785529409
2026-07-31T20:28:45Z,768,7,0,8,4,0,1,1,1,1785528519
2026-07-31T20:28:45Z,769,13,9,4,2,0,1,1,1,1785529621
2026-07-31T20:28:45Z,770,6,2,11,2,0,1,1,1,1785528124
2026-07-31T20:28:45Z,771,11,1,3,1,0,1,1,1,1785529384
2026-07-31T20:28:45Z,772,4,0,11,0,0,1,1,1,1785529561
2026-07-31T20:28:45Z,773,18,4,1,0,0,1,1,1,1785528324
2026-07-31T20:28:45Z,774,8,1,3,4,0,1,1,1,1785529714
2026-07-31T20:28:45Z,775,6,1,11,1,1,1,1,1,1785529386
2026-07-31T20:28:45Z,776,2,1,18,1,0,1,1,1,1785528898
2026-07-31T20:28:45Z,777,10,2,5,0,0,1,1,1,1785529523
2026-07-31T20:28:45Z,778,11,0,4,4,0,1,1,1,1785529248
2026-07-31T20:28:45Z,779,6,0,12,1,0,1,1,1,1785529198
2026-07-31T20:28:45Z,780,3,1,16,0,0,1,1,1,1785529389
2026-07-31T20:28:45Z,781,2,1,7,2,0,1,1,1,1785528731
2026-07-31T20:28:45Z,782,0,0,15,4,0,1,1,1,1785529703
2026-07-31T20:28:45Z,783,9,2,10,0,0,1,1,1,1785528950
2026-07-31T20:28:45Z,784,3,0,16,0,0,1,1,1,1785528486
2026-07-31T20:28:45Z,785,10,2,3,6,0,1,1,1,1785529090
2026-07-31T20:28:45Z,786,10,5,9,0,0,1,1,1,1785528750
2026-07-31T20:28:45Z,787,5,3,9,1,0,1,1,1,1785528863
2026-07-31T20:28:45Z,788,2,0,13,0,0,1,1,1,1785529354
2026-07-31T20:28:45Z,789,7,2,4,4,0,1,1,1,1785529561
2026-07-31T20:28:45Z,790,2,0,21,0,0,1,1,1,1785529490
2026-07-31T20:28:45Z,791,9,0,9,0,1,1,1,1,1785529679
2026-07-31T20:28:45Z,793,4,0,10,1,0,1,1,1,1785529685
2026-07-31T20:28:45Z,794,10,4,17,2,0,1,1,1,1785529692
2026-07-31T20:28:45Z,796,5,3,13,1,0,1,1,1,1785529566
2026-07-31T20:28:45Z,797,3,1,12,0,0,1,1,1,1785529105
2026-07-31T20:28:45Z,798,14,0,10,1,0,1,1,1,1785529652
2026-07-31T20:28:45Z,799,12,2,3,4,0,1,1,1,1785529528
2026-07-31T20:28:45Z,800,0,0,20,1,0,1,1,1,1785529176
2026-07-31T20:28:45Z,801,7,2,11,3,0,1,1,1,1785529712
2026-07-31T20:28:45Z,802,8,0,23,0,0,1,1,1,1785527970
2026-07-31T20:28:45Z,803,0,0,15,0,0,1,1,1,1785529321
2026-07-31T20:28:45Z,806,1,0,13,1,0,1,1,1,1785526582
2026-07-31T20:28:45Z,807,9,5,13,3,0,1,1,1,1785529476
2026-07-31T20:28:45Z,808,18,7,5,2,0,1,1,1,1785529260
2026-07-31T20:28:45Z,809,4,1,18,1,0,1,1,1,1785529569
2026-07-31T20:28:45Z,810,4,2,13,2,0,1,1,1,1785528120
2026-07-31T20:28:45Z,815,2,1,7,5,1,1,1,1,1785529702
2026-07-31T20:28:45Z,817,13,6,2,0,0,1,1,1,1785529609
2026-07-31T20:28:45Z,818,4,0,19,0,0,1,1,1,1785528376
2026-07-31T20:28:45Z,819,10,4,5,0,0,1,1,1,1785525935
2026-07-31T20:28:45Z,820,9,1,8,0,0,1,1,1,1785528737
2026-07-31T20:28:45Z,821,3,2,12,0,0,1,1,1,1785529653
2026-07-31T20:28:45Z,822,10,2,11,2,0,1,1,1,1785529659
2026-07-31T20:28:45Z,823,12,1,3,0,0,1,1,1,1785529253
2026-07-31T20:28:45Z,824,6,3,12,1,0,1,1,1,1785529656
2026-07-31T20:28:45Z,825,6,4,9,0,0,1,1,1,1785529073
2026-07-31T20:28:45Z,826,7,0,10,2,0,1,1,1,1785529688
2026-07-31T20:28:45Z,827,19,3,0,2,0,1,1,1,1785528791
2026-07-31T20:28:45Z,828,10,0,6,2,0,1,1,1,1785528095
2026-07-31T20:28:45Z,829,17,6,10,0,0,1,1,1,1785529020
2026-07-31T20:28:45Z,830,18,0,4,1,0,1,1,1,1785529199
2026-07-31T20:28:45Z,831,6,3,7,2,0,1,1,1,1785529088
2026-07-31T20:28:45Z,832,7,2,8,3,0,1,1,1,1785529612
2026-07-31T20:28:45Z,833,1,1,17,1,0,1,1,1,1785529005
2026-07-31T20:28:45Z,834,21,0,1,2,0,1,1,1,1785528741
2026-07-31T20:28:45Z,835,1,0,16,1,0,1,1,1,1785529305
2026-07-31T20:28:45Z,838,5,2,8,2,0,1,1,1,1785529658
2026-07-31T20:28:45Z,839,15,0,13,1,0,1,1,1,1785529356
2026-07-31T20:28:45Z,840,1,0,27,1,0,1,1,1,1785529201
2026-07-31T20:28:45Z,841,7,1,8,0,0,1,1,1,1785529075
2026-07-31T20:28:45Z,842,2,0,21,0,0,1,1,1,1785528991
2026-07-31T20:28:45Z,843,14,2,17,0,0,1,1,1,1785529465
2026-07-31T20:28:45Z,844,5,0,18,0,0,1,1,1,1785529262
2026-07-31T20:28:45Z,845,4,3,13,2,0,1,1,1,1785529339
2026-07-31T20:28:45Z,846,3,1,15,1,0,1,1,1,1785528475
2026-07-31T20:28:45Z,847,7,1,19,1,0,1,1,1,1785528689
2026-07-31T20:28:45Z,848,3,1,15,1,0,1,1,1,1785529616
2026-07-31T20:28:45Z,849,9,0,5,1,0,1,1,1,1785529555
2026-07-31T20:28:45Z,850,3,0,8,0,0,1,1,1,1785529028
2026-07-31T20:28:45Z,851,3,3,31,3,0,1,1,1,1785529455
2026-07-31T20:28:45Z,852,9,3,10,0,0,1,1,1,1785529022
2026-07-31T20:28:45Z,853,12,5,11,0,0,1,1,1,1785528174
2026-07-31T20:28:45Z,854,2,1,13,0,0,1,1,1,1785528449
2026-07-31T20:28:45Z,855,25,0,2,0,0,1,1,1,1785529596
2026-07-31T20:28:45Z,857,6,4,11,2,0,1,1,1,1785529611
2026-07-31T20:28:45Z,858,5,2,13,1,0,1,1,1,1785529607
2026-07-31T20:28:45Z,859,8,0,12,1,0,1,1,1,1785528117
2026-07-31T20:28:45Z,861,6,0,4,1,0,1,1,1,1785528609
2026-07-31T20:28:45Z,862,4,2,11,0,0,1,1,1,1785529117
2026-07-31T20:28:45Z,863,13,0,5,1,0,1,1,1,1785529013
2026-07-31T20:28:45Z,866,12,3,7,0,0,1,1,1,1785529493
2026-07-31T20:28:45Z,867,14,2,1,0,0,1,1,1,1785528720
2026-07-31T20:28:45Z,868,7,0,8,0,0,1,1,1,1785528970
2026-07-31T20:28:45Z,870,9,5,6,0,0,1,1,1,1785529196
2026-07-31T20:28:45Z,871,0,0,10,1,0,1,1,1,1785528526
2026-07-31T20:28:45Z,872,0,0,14,1,0,1,1,1,1785529104
2026-07-31T20:28:45Z,873,13,0,19,1,0,1,1,1,1785529696
2026-07-31T20:28:45Z,874,5,0,7,3,0,1,1,1,1785529243
2026-07-31T20:28:45Z,875,9,6,4,2,0,1,1,1,1785529319
2026-07-31T20:28:45Z,877,13,12,6,0,0,1,1,1,1785528788
2026-07-31T20:28:45Z,878,3,3,16,0,0,1,1,1,1785529363
2026-07-31T20:28:45Z,879,1,0,18,0,0,1,1,1,1785529272
2026-07-31T20:28:45Z,880,0,0,22,1,0,1,1,1,1785529409
2026-07-31T20:28:45Z,881,2,0,17,0,0,1,1,1,1785529224
2026-07-31T20:28:45Z,882,9,4,9,1,0,1,1,1,1785513298
2026-07-31T20:28:45Z,883,9,4,10,0,0,1,1,1,1785529422
2026-07-31T20:28:45Z,884,10,6,11,0,0,1,1,1,1785528807
2026-07-31T20:28:45Z,885,0,0,19,0,0,1,1,1,1785529023
2026-07-31T20:28:45Z,886,9,1,19,1,0,1,1,1,1785529544
2026-07-31T20:28:45Z,887,7,3,7,3,0,1,1,1,1785529690
2026-07-31T20:28:45Z,888,15,0,24,1,1,1,1,1,1785529506
2026-07-31T20:28:45Z,889,1,0,16,2,0,1,1,1,1785529473
2026-07-31T20:28:45Z,890,8,4,7,0,0,1,1,1,1785527402
2026-07-31T20:28:45Z,891,22,0,1,0,0,1,1,1,1785528571
2026-07-31T20:28:45Z,892,9,1,6,0,0,1,1,1,1785523247
2026-07-31T20:28:45Z,895,3,0,16,0,0,1,1,1,1785527858
2026-07-31T20:28:45Z,896,9,1,26,0,0,1,1,1,1785529560
2026-07-31T20:28:45Z,897,12,1,9,0,0,1,1,1,1785529260
2026-07-31T20:28:45Z,898,3,0,16,0,0,1,1,1,1785529572
2026-07-31T20:28:45Z,899,1,0,17,1,0,1,1,1,1785529685
2026-07-31T20:28:45Z,900,4,1,23,0,0,1,1,1,1785529195
2026-07-31T20:28:45Z,901,3,1,15,1,0,1,1,1,1785529714
2026-07-31T20:28:45Z,902,6,1,9,0,0,1,1,1,1785528849
2026-07-31T20:28:45Z,903,6,2,12,1,0,1,1,1,1785529312
2026-07-31T20:28:45Z,904,9,3,9,1,0,1,1,1,1785529345
2026-07-31T20:28:45Z,905,8,1,18,1,0,1,1,1,1785529636
2026-07-31T20:28:45Z,906,16,5,10,1,0,1,1,1,1785529188
2026-07-31T20:28:45Z,907,5,0,26,0,0,1,1,1,1785529636
2026-07-31T20:28:45Z,908,9,1,14,0,0,1,1,1,1785529661
2026-07-31T20:28:45Z,909,6,5,17,0,0,1,1,1,1785529716
2026-07-31T20:28:45Z,910,6,0,24,1,0,1,1,1,1785529648
2026-07-31T20:28:45Z,911,4,1,15,0,0,1,1,1,1785528876
2026-07-31T20:28:45Z,912,12,1,10,1,0,1,1,1,1785529708
2026-07-31T20:28:45Z,913,7,4,12,0,0,1,1,1,1785528056
2026-07-31T20:28:45Z,914,15,0,4,0,0,1,1,1,1785529655
2026-07-31T20:28:45Z,915,15,1,6,2,0,1,1,1,1785529480
2026-07-31T20:28:45Z,916,3,2,19,1,0,1,1,1,1785529692
2026-07-31T20:28:45Z,917,13,1,21,1,0,1,1,1,1785529400
2026-07-31T20:28:45Z,918,11,2,6,2,0,1,1,1,1785529630
2026-07-31T20:28:45Z,919,7,1,32,0,0,1,1,1,1785529719
2026-07-31T20:28:45Z,920,7,2,12,0,0,1,1,1,1785529655
2026-07-31T20:28:45Z,921,16,2,5,0,0,1,1,1,1785529460
2026-07-31T20:28:45Z,922,1,1,20,0,0,1,1,1,1785528068
2026-07-31T20:28:45Z,923,0,0,19,0,0,1,1,1,1785528939
2026-07-31T20:28:45Z,924,7,0,13,1,0,1,1,1,1785528229
2026-07-31T20:28:45Z,925,11,0,10,0,0,1,1,1,1785529549
2026-07-31T20:28:45Z,926,1,0,20,0,0,1,1,1,1785529631
2026-07-31T20:28:45Z,927,28,1,6,1,0,1,1,1,1785529261
2026-07-31T20:28:45Z,928,0,0,19,0,0,0,1,1,1785500252
2026-07-31T20:28:45Z,929,19,1,4,0,0,1,1,1,1785528862
2026-07-31T20:28:45Z,930,4,0,26,1,0,1,1,1,1785529341
2026-07-31T20:28:45Z,931,9,2,13,1,0,1,1,1,1785529623
2026-07-31T20:28:45Z,932,1,0,16,2,0,1,1,1,1785529584
2026-07-31T20:28:45Z,933,16,2,6,1,0,1,1,1,1785529685
2026-07-31T20:28:45Z,934,20,1,10,1,0,1,1,1,1785529283
2026-07-31T20:28:45Z,935,3,0,15,1,0,1,1,1,1785529517
2026-07-31T20:28:45Z,936,11,0,8,0,0,1,1,1,1785529331
2026-07-31T20:28:45Z,940,3,1,7,1,0,1,1,1,1785529534
2026-07-31T20:28:45Z,941,15,0,7,3,0,1,1,1,1785528692
2026-07-31T20:28:45Z,942,16,1,5,0,0,1,1,1,1785529549
2026-07-31T20:28:45Z,943,8,8,7,0,0,1,1,1,1785529190
2026-07-31T20:28:45Z,944,10,8,5,0,0,1,1,1,1785529034
2026-07-31T20:28:45Z,945,10,8,5,0,0,1,1,1,1785528558
2026-07-31T20:28:45Z,946,7,5,12,0,0,1,1,1,1785523835
2026-07-31T20:28:45Z,947,7,5,10,0,0,1,1,1,1785529054
2026-07-31T20:28:45Z,948,10,9,18,3,0,1,1,1,1785529654
2026-07-31T20:28:45Z,949,0,0,15,0,0,1,1,1,1785529687
2026-07-31T20:28:45Z,950,8,1,7,2,0,1,1,1,1785529705
2026-07-31T20:28:45Z,951,17,5,6,0,0,1,1,1,1785529713
2026-07-31T20:28:45Z,952,21,2,33,1,0,1,1,1,1785529659
2026-07-31T20:28:45Z,953,2,0,12,1,0,1,1,1,1785529643
2026-07-31T20:28:45Z,954,7,0,12,0,0,1,1,1,1785529375
2026-07-31T20:28:45Z,955,9,4,12,5,1,1,1,1,1785528881
2026-07-31T20:28:45Z,956,6,0,16,1,0,1,1,1,1785529597
2026-07-31T20:28:45Z,957,7,1,21,1,0,1,1,1,1785529582
2026-07-31T20:28:45Z,958,23,1,6,2,0,1,1,1,1785529633
2026-07-31T20:28:45Z,959,2,2,19,2,0,1,1,1,1785529003
2026-07-31T20:28:45Z,960,2,0,20,1,0,1,1,1,1785529488
2026-07-31T20:28:45Z,961,5,1,15,3,0,1,1,1,1785528003
2026-07-31T20:28:45Z,962,8,3,24,3,0,1,1,1,1785529617
2026-07-31T20:28:45Z,963,6,0,16,1,0,1,1,1,1785529539
2026-07-31T20:28:45Z,964,11,8,12,0,0,1,1,1,1785529701
2026-07-31T20:28:45Z,965,10,6,16,1,0,1,1,1,1785529448
2026-07-31T20:28:45Z,966,14,0,15,2,0,1,1,1,1785529098
2026-07-31T20:28:45Z,967,4,0,15,2,0,1,1,1,1785529713
2026-07-31T20:28:45Z,968,12,0,6,1,0,1,1,1,1785529069
2026-07-31T20:28:45Z,969,1,0,24,2,0,1,1,1,1785529400
2026-07-31T20:28:45Z,970,2,2,16,1,0,1,1,1,1785529408
2026-07-31T20:28:45Z,971,1,0,21,1,0,1,1,1,1785529415
2026-07-31T20:28:45Z,972,12,4,10,1,0,1,1,1,1785529068
2026-07-31T20:28:45Z,973,6,0,16,1,0,1,1,1,1785528828
2026-07-31T20:28:45Z,974,19,0,7,1,0,1,1,1,1785529392
2026-07-31T20:28:45Z,977,3,0,16,2,0,1,1,1,1785529607
2026-07-31T20:28:45Z,978,19,0,4,0,0,1,1,1,1785529115
2026-07-31T20:28:45Z,979,6,1,11,0,0,1,1,1,1785529666
2026-07-31T20:28:45Z,980,9,0,11,1,0,1,1,1,1785529709
2026-07-31T20:28:45Z,981,2,0,19,0,0,1,1,1,1785529022
2026-07-31T20:28:45Z,982,4,1,14,1,0,1,1,1,1785529188
2026-07-31T20:28:45Z,983,4,3,19,0,0,1,1,1,1785529571
2026-07-31T20:28:45Z,984,7,0,16,0,0,1,1,1,1785529249
2026-07-31T20:28:45Z,985,4,1,27,0,0,1,1,1,1785529700
2026-07-31T20:28:45Z,986,3,0,16,0,0,1,1,1,1785529110
2026-07-31T20:28:45Z,987,6,0,17,0,0,1,1,1,1785529686
2026-07-31T20:28:45Z,988,8,4,11,0,0,1,1,1,1785529281
2026-07-31T20:28:45Z,989,7,4,12,0,0,1,1,1,1785528282
2026-07-31T20:28:45Z,990,12,0,2,1,0,1,1,1,1785529278
2026-07-31T20:28:45Z,991,9,0,9,1,0,1,1,1,1785529013
2026-07-31T20:28:45Z,992,9,5,14,0,0,1,1,1,1785528081
2026-07-31T20:28:45Z,993,4,4,22,1,0,1,1,1,1785528663
2026-07-31T20:28:45Z,994,0,0,21,0,0,1,1,1,1785528327
2026-07-31T20:28:45Z,995,6,0,21,0,0,1,1,1,1785529353
2026-07-31T20:28:45Z,996,8,2,15,0,0,1,1,1,1785529187
2026-07-31T20:28:45Z,997,5,4,6,9,3,1,1,1,1785527891
2026-07-31T20:28:45Z,998,5,4,18,0,0,1,1,1,1785529445
2026-07-31T20:28:45Z,999,4,1,15,1,1,1,1,1,1785529154
2026-07-31T20:28:45Z,1000,3,2,18,0,0,1,1,1,1785529292
2026-07-31T20:28:45Z,1001,4,2,23,0,0,1,1,1,1785529506
2026-07-31T20:28:45Z,1002,2,2,28,1,0,1,1,1,1785529536
2026-07-31T20:28:45Z,1003,1,0,22,0,0,1,1,1,1785529212
2026-07-31T20:28:45Z,1004,9,2,14,0,0,1,1,1,1785528564
2026-07-31T20:28:45Z,1005,20,1,3,0,0,1,1,1,1785529273
2026-07-31T20:28:45Z,1006,7,4,12,0,0,1,1,1,1785529081
2026-07-31T20:28:45Z,1007,1,1,20,0,0,1,1,1,1785528723
2026-07-31T20:28:45Z,1008,8,7,15,0,0,1,1,1,1785528259
2026-07-31T20:28:45Z,1009,22,5,8,1,0,1,1,1,1785528174
2026-07-31T20:28:45Z,1010,8,2,19,0,0,1,1,1,1785528983
2026-07-31T20:28:45Z,1011,7,2,10,2,0,1,1,1,1785529452
2026-07-31T20:28:45Z,1012,5,3,16,2,0,1,1,1,1785529045
2026-07-31T20:28:45Z,1013,4,1,18,1,0,1,1,1,1785529606
2026-07-31T20:28:45Z,1014,9,4,14,0,0,1,1,1,1785529570
2026-07-31T20:28:45Z,1015,4,3,26,1,0,1,1,1,1785528092
2026-07-31T20:28:45Z,1016,10,5,21,0,0,1,1,1,1785528989
2026-07-31T20:28:45Z,1017,13,5,8,0,0,1,1,1,1785528438
2026-07-31T20:28:45Z,1018,7,3,15,0,0,1,1,1,1785529124
2026-07-31T20:28:45Z,1019,8,5,7,0,0,1,1,1,1785528994
2026-07-31T20:28:45Z,1020,19,5,2,0,0,1,1,1,1785528302
2026-07-31T20:28:45Z,1021,9,4,6,0,0,1,1,1,1785527980
2026-07-31T20:28:45Z,1022,14,0,13,0,0,1,1,1,1785529254
2026-07-31T20:28:45Z,1023,14,2,9,0,0,1,1,1,1785528877
2026-07-31T20:28:45Z,1024,4,2,15,0,0,1,1,1,1785529308
2026-07-31T20:28:45Z,1025,4,0,14,0,1,1,1,1,1785529234
2026-07-31T20:28:45Z,1026,12,9,18,1,0,1,1,1,1785528581
2026-07-31T20:28:45Z,1028,3,1,20,0,0,1,1,1,1785529219
2026-07-31T20:28:45Z,1029,12,10,3,0,0,1,1,1,1785528289
2026-07-31T20:28:45Z,1030,13,4,10,0,0,1,1,1,1785528097
2026-07-31T20:28:45Z,1031,9,1,10,0,0,1,1,1,1785528408
2026-07-31T20:28:45Z,1032,7,1,12,0,0,1,1,1,1785529080
2026-07-31T20:28:45Z,1033,9,5,10,0,0,1,1,1,1785528088
2026-07-31T20:28:45Z,1034,3,0,12,0,0,1,1,1,1785529536
2026-07-31T20:28:45Z,1035,1,0,17,1,0,1,1,1,1785529086
2026-07-31T20:28:45Z,1036,12,0,3,0,0,1,1,1,1785529642
2026-07-31T20:28:45Z,1037,2,0,16,1,0,1,1,1,1785527884
2026-07-31T20:28:45Z,1038,1,0,14,0,0,1,1,1,1785528754
2026-07-31T20:28:45Z,1039,7,1,12,0,0,1,1,1,1785529583
2026-07-31T20:28:45Z,1040,8,5,11,0,0,1,1,1,1785529132
2026-07-31T20:28:45Z,1041,10,2,9,0,0,1,1,1,1785529000
2026-07-31T20:28:45Z,1042,3,0,11,1,0,1,1,1,1785529718
2026-07-31T20:28:45Z,1043,10,5,8,1,0,1,1,1,1785529159
2026-07-31T20:28:45Z,1044,2,1,13,0,0,1,1,1,1785528808
2026-07-31T20:28:45Z,1045,9,0,10,0,0,1,1,1,1785529063
2026-07-31T20:28:45Z,1046,9,0,6,0,0,1,1,1,1785528434
2026-07-31T20:28:45Z,1047,4,0,17,0,0,1,1,1,1785528032
2026-07-31T20:28:45Z,1048,3,0,16,0,0,1,1,1,1785529042
2026-07-31T20:28:45Z,1049,0,0,21,0,0,1,1,1,1785529145
2026-07-31T20:28:45Z,1050,17,4,4,0,0,1,1,1,1785528430
2026-07-31T20:28:45Z,1051,9,3,12,0,0,1,1,1,1785529628
2026-07-31T20:28:45Z,1052,16,1,5,1,0,1,1,1,1785528937
2026-07-31T20:28:45Z,1053,3,2,12,0,0,1,1,1,1785528943
2026-07-31T20:28:45Z,1054,5,1,10,0,0,1,1,1,1785529193
2026-07-31T20:28:45Z,1055,9,2,10,0,0,1,1,1,1785529211
2026-07-31T20:28:45Z,1057,11,1,8,0,0,1,1,1,1785529657
2026-07-31T20:28:45Z,1058,14,1,41,1,0,1,1,1,1785529668
2026-07-31T20:28:45Z,1059,1,1,17,1,0,1,1,1,1785529068
2026-07-31T20:28:45Z,1060,27,0,10,0,0,1,1,1,1785529251
2026-07-31T20:28:45Z,1061,26,0,11,0,0,1,1,1,1785529636
2026-07-31T20:28:45Z,1062,9,1,8,0,0,1,1,1,1785529538
2026-07-31T20:28:45Z,1063,12,1,6,1,0,1,1,1,1785529122
2026-07-31T20:28:45Z,1064,3,0,19,1,0,1,1,1,1785529487
2026-07-31T20:28:45Z,1065,16,3,7,0,0,1,1,1,1785527916
2026-07-31T20:28:45Z,1066,12,2,11,0,0,1,1,1,1785529553
2026-07-31T20:28:45Z,1067,8,2,13,2,0,1,1,1,1785528012
2026-07-31T20:28:45Z,1068,5,2,15,3,0,1,1,1,1785529362
2026-07-31T20:28:45Z,1069,12,3,11,0,0,1,1,1,1785529367
2026-07-31T20:28:45Z,1070,12,2,11,0,0,1,1,1,1785529467
2026-07-31T20:28:45Z,1071,8,4,15,0,0,1,1,1,1785529505
2026-07-31T20:28:45Z,1072,11,1,11,1,0,1,1,1,1785528096
2026-07-31T20:28:45Z,1073,6,1,20,1,0,1,1,1,1785529480
2026-07-31T20:28:45Z,1074,32,6,17,4,0,1,1,1,1785529716
2026-07-31T20:28:45Z,1075,8,8,13,0,0,1,1,1,1785528397
2026-07-31T20:28:45Z,1076,17,14,4,0,0,1,1,1,1785529639
2026-07-31T20:28:45Z,1077,11,7,9,1,0,1,1,1,1785527961
2026-07-31T20:28:45Z,1078,10,9,11,0,0,1,1,1,1785528356
2026-07-31T20:28:45Z,1079,12,8,9,0,0,1,1,1,1785528976
2026-07-31T20:28:45Z,1080,9,7,10,2,0,1,1,1,1785529104
2026-07-31T20:28:45Z,1081,14,8,5,0,0,1,1,1,1785528095
2026-07-31T20:28:45Z,1082,12,11,11,0,0,1,1,1,1785528982
2026-07-31T20:28:45Z,1083,14,12,7,0,0,1,1,1,1785529246
2026-07-31T20:28:45Z,1084,10,8,11,0,0,1,1,1,1785528862
2026-07-31T20:28:45Z,1085,11,8,10,0,0,1,1,1,1785529242
2026-07-31T20:28:45Z,1086,14,11,6,1,0,1,1,1,1785529259
2026-07-31T20:28:45Z,1087,6,6,9,0,0,1,1,1,1785528348
2026-07-31T20:28:45Z,1088,10,7,5,0,0,1,1,1,1785529123
2026-07-31T20:28:45Z,1089,7,3,8,0,0,1,1,1,1785529453
2026-07-31T20:28:45Z,1090,7,6,8,0,0,1,1,1,1785528058
2026-07-31T20:28:45Z,1091,7,5,8,0,0,1,1,1,1785528260
2026-07-31T20:28:45Z,1092,10,9,5,0,0,1,1,1,1785529456
2026-07-31T20:28:45Z,1093,5,5,9,1,0,1,1,1,1785528340
2026-07-31T20:28:45Z,1094,10,9,9,0,0,1,1,1,1785529074
2026-07-31T20:28:45Z,1095,9,8,6,0,0,1,1,1,1785529053
2026-07-31T20:28:45Z,1096,10,8,8,1,0,1,1,1,1785529448
2026-07-31T20:28:45Z,1097,8,8,7,0,0,1,1,1,1785529643
2026-07-31T20:28:45Z,1098,9,7,10,0,0,1,1,1,1785528678
2026-07-31T20:28:45Z,1099,7,6,8,0,0,1,1,1,1785528910
2026-07-31T20:28:45Z,1100,4,2,25,0,0,1,1,1,1785529542
2026-07-31T20:28:45Z,1101,10,5,11,0,0,1,1,1,1785528833
2026-07-31T20:28:45Z,1102,9,4,4,0,0,1,1,1,1785528042
2026-07-31T20:28:45Z,1103,11,5,10,0,0,1,1,1,1785503681
2026-07-31T20:28:45Z,1104,11,6,10,0,0,1,1,1,1785528583
2026-07-31T20:28:45Z,1105,8,4,5,0,0,1,1,1,1785527926
2026-07-31T20:28:45Z,1106,10,5,11,0,0,1,1,1,1785528924
2026-07-31T20:28:45Z,1107,9,5,6,0,0,1,1,1,1785529173
2026-07-31T20:28:45Z,1108,7,3,17,2,1,1,1,1,1785529022
2026-07-31T20:28:45Z,1109,8,4,7,0,0,1,1,1,1785529116
2026-07-31T20:28:45Z,1110,8,0,13,0,0,1,1,1,1785528448
2026-07-31T20:28:45Z,1111,11,6,9,1,0,1,1,1,1785529682
2026-07-31T20:28:45Z,1112,25,0,28,0,0,1,1,1,1785529473
2026-07-31T20:28:45Z,1113,3,0,18,0,0,1,1,1,1785528560
2026-07-31T20:28:45Z,1115,13,2,6,4,0,1,1,1,1785529647
2026-07-31T20:28:45Z,1116,1,0,18,0,0,1,1,1,1785529099
2026-07-31T20:28:45Z,1117,3,0,18,2,0,1,1,1,1785529527
2026-07-31T20:28:45Z,1118,11,1,10,0,0,1,1,1,1785529432
2026-07-31T20:28:45Z,1119,8,0,9,0,0,1,1,1,1785528350
2026-07-31T20:28:45Z,1120,7,0,11,1,0,1,1,1,1785529506
2026-07-31T20:28:45Z,1121,1,0,19,1,0,1,1,1,1785529366
2026-07-31T20:28:45Z,1122,3,3,17,1,0,1,1,1,1785529503
2026-07-31T20:28:45Z,1123,10,8,11,2,0,1,1,1,1785529333
2026-07-31T20:28:45Z,1124,3,2,9,3,0,1,1,1,1785529587
2026-07-31T20:28:45Z,1125,17,1,6,0,0,1,1,1,1785529470
2026-07-31T20:28:45Z,1126,10,0,11,0,0,1,1,1,1785529307
2026-07-31T20:28:45Z,1127,3,0,16,0,0,1,1,1,1785529487
2026-07-31T20:28:45Z,1128,0,0,15,0,0,1,1,1,1785529070
2026-07-31T20:28:45Z,1129,2,1,17,2,0,1,1,1,1785529384
2026-07-31T20:28:45Z,1130,4,0,10,1,0,1,1,1,1785529719
2026-07-31T20:28:45Z,1131,4,3,44,1,0,1,1,1,1785529712
2026-07-31T20:28:45Z,1132,11,5,9,1,0,1,1,1,1785528989
2026-07-31T20:28:45Z,1133,8,4,11,2,0,1,1,1,1785529687
2026-07-31T20:28:45Z,1134,11,5,8,0,0,1,1,1,1785529610
2026-07-31T20:28:45Z,1135,12,6,9,0,0,1,1,1,1785528728
2026-07-31T20:28:45Z,1136,14,0,9,0,0,1,1,1,1785529306
2026-07-31T20:28:45Z,1137,14,0,1,0,0,1,1,1,1785529690
2026-07-31T20:28:45Z,1138,2,0,17,0,0,1,1,1,1785529172
2026-07-31T20:28:45Z,1139,15,2,4,2,0,1,1,1,1785529609
2026-07-31T20:28:45Z,1140,5,1,17,1,0,1,1,1,1785529563
2026-07-31T20:28:45Z,1141,10,5,11,0,0,1,1,1,1785529252
2026-07-31T20:28:45Z,1142,0,0,21,0,0,1,1,1,1785527923
2026-07-31T20:28:45Z,1143,15,1,14,0,0,1,1,1,1785529603
2026-07-31T20:28:45Z,1144,6,0,14,1,0,1,1,1,1785528890
2026-07-31T20:28:45Z,1145,11,5,9,1,0,1,1,1,1785529506
2026-07-31T20:28:45Z,1146,17,13,0,2,0,1,1,1,1785529668
2026-07-31T20:28:45Z,1147,17,2,2,0,0,1,1,1,1785529475
2026-07-31T20:28:45Z,1148,1,0,30,0,0,1,1,1,1785529658
2026-07-31T20:28:45Z,1149,5,4,16,4,0,1,1,1,1785528809
2026-07-31T20:28:45Z,1150,7,0,12,0,0,1,1,1,1785528984
2026-07-31T20:28:45Z,1151,7,0,14,0,0,1,1,1,1785529460
2026-07-31T20:28:45Z,1152,5,0,24,0,0,1,1,1,1785529479
2026-07-31T20:28:45Z,1153,21,2,1,1,0,1,1,1,1785529716
2026-07-31T20:28:45Z,1154,3,0,16,0,0,1,1,1,1785528495
2026-07-31T20:28:45Z,1155,6,1,12,3,0,1,1,1,1785529621
2026-07-31T20:28:45Z,1158,3,1,16,0,0,1,1,1,1785528984
2026-07-31T20:28:45Z,1159,12,0,7,0,0,1,1,1,1785529346
2026-07-31T20:28:45Z,1160,9,2,10,0,0,1,1,1,1785529128
2026-07-31T20:28:45Z,1161,3,0,15,1,0,1,1,1,1785529481
2026-07-31T20:28:45Z,1162,2,1,17,0,0,1,1,1,1785528831
2026-07-31T20:28:45Z,1163,2,1,16,1,0,1,1,1,1785529104
2026-07-31T20:28:45Z,1164,6,1,13,0,0,1,1,1,1785529161
2026-07-31T20:28:45Z,1165,2,0,19,0,0,1,1,1,1785528089
2026-07-31T20:28:45Z,1166,15,4,6,0,0,1,1,1,1785529681
2026-07-31T20:28:45Z,1167,4,0,11,0,0,1,1,1,1785528832
2026-07-31T20:28:45Z,1168,3,0,18,2,0,1,1,1,1785529395
2026-07-31T20:28:45Z,1169,3,0,15,1,0,1,1,1,1785529007
2026-07-31T20:28:45Z,1170,7,1,14,0,0,1,1,1,1785529402
2026-07-31T20:28:45Z,1171,8,7,15,0,0,1,1,1,1785529102
2026-07-31T20:28:45Z,1172,3,0,10,2,0,1,1,1,1785529314
2026-07-31T20:28:45Z,1173,13,4,6,0,0,1,1,1,1785529266
2026-07-31T20:28:45Z,1174,6,3,9,0,0,1,1,1,1785528911
2026-07-31T20:28:45Z,1175,4,3,15,0,0,1,1,1,1785525246
2026-07-31T20:28:45Z,1176,8,2,13,0,0,1,1,1,1785529089
2026-07-31T20:28:45Z,1177,2,1,19,0,0,1,1,1,1785529361
2026-07-31T20:28:45Z,1178,5,2,10,0,0,1,1,1,1785528837
2026-07-31T20:28:45Z,1181,2,0,13,0,0,1,1,1,1785528510
2026-07-31T20:28:45Z,1182,8,0,10,2,0,1,1,1,1785529670
2026-07-31T20:28:45Z,1183,22,2,21,2,0,1,1,1,1785529710
2026-07-31T20:28:45Z,1184,6,4,13,2,0,1,1,1,1785529713
2026-07-31T20:28:45Z,1185,9,5,12,0,0,1,1,1,1785528555
2026-07-31T20:28:45Z,1186,9,5,10,0,0,1,1,1,1785529535
2026-07-31T20:28:45Z,1187,10,5,10,1,0,1,1,1,1785529295
2026-07-31T20:28:45Z,1188,10,5,5,0,0,1,1,1,1785529170
2026-07-31T20:28:45Z,1189,9,4,10,0,0,1,1,1,1785529298
2026-07-31T20:28:45Z,1190,9,4,12,0,0,1,1,1,1785528712
2026-07-31T20:28:45Z,1191,10,5,5,0,0,1,1,1,1785529497
2026-07-31T20:28:45Z,1192,9,6,11,1,0,1,1,1,1785529076
2026-07-31T20:28:45Z,1193,6,4,5,2,0,1,1,1,1785528150
2026-07-31T20:28:45Z,1197,9,6,7,1,0,1,1,1,1785529010
2026-07-31T20:28:45Z,1198,13,4,6,2,0,1,1,1,1785529602
2026-07-31T20:28:45Z,1199,3,0,16,0,0,1,1,1,1785529592
2026-07-31T20:28:45Z,1200,9,5,6,0,0,1,1,1,1785529211
2026-07-31T20:28:45Z,1201,9,4,6,0,0,1,1,1,1785529261
2026-07-31T20:28:45Z,1202,10,5,5,0,0,1,1,1,1785529288
2026-07-31T20:28:45Z,1203,11,5,4,0,0,1,1,1,1785529191
2026-07-31T20:28:45Z,1204,7,4,12,0,0,1,1,1,1785528964
2026-07-31T20:28:45Z,1206,11,5,10,0,0,1,1,1,1785528202
2026-07-31T20:28:45Z,1207,8,4,6,1,0,1,1,1,1785529504
2026-07-31T20:28:45Z,1208,10,4,9,0,0,1,1,1,1785529446
2026-07-31T20:28:45Z,1216,9,0,11,1,0,1,1,1,1785528822
2026-07-31T20:28:45Z,1218,4,0,17,0,0,1,1,1,1785528817
2026-07-31T20:28:45Z,1219,5,1,7,3,0,1,1,1,1785529151
2026-07-31T20:28:45Z,1220,17,6,2,0,0,1,1,1,1785528454
2026-07-31T20:28:45Z,1221,1,1,19,1,0,1,1,1,1785528166
2026-07-31T20:28:45Z,1222,15,2,14,0,0,1,1,1,1785529451
2026-07-31T20:28:45Z,1223,26,2,2,1,0,1,1,1,1785529712
2026-07-31T20:28:45Z,1226,0,0,3,0,0,0,1,1,1781868931
2026-07-31T20:28:45Z,1227,1,0,23,1,0,1,1,1,1785529380
2026-07-31T20:28:45Z,1228,7,5,22,0,0,1,1,1,1785529714
2026-07-31T20:28:45Z,1229,44,1,0,1,0,1,1,1,1785529685
2026-07-31T20:33:45Z,1,11,1,12,0,0,1,1,1,1785529983
2026-07-31T20:33:45Z,2,10,2,14,3,0,1,1,1,1785529890
2026-07-31T20:33:45Z,3,11,1,2,1,0,1,1,1,1785529840
2026-07-31T20:33:45Z,4,19,3,2,1,0,1,1,1,1785529957
2026-07-31T20:33:45Z,5,17,4,5,1,0,1,1,1,1785529547
2026-07-31T20:33:45Z,6,3,0,12,0,0,1,1,1,1785529602
2026-07-31T20:33:45Z,7,4,0,35,0,0,1,1,1,1785529089
2026-07-31T20:33:45Z,8,7,0,36,0,0,1,1,1,1785529815
2026-07-31T20:33:45Z,9,21,2,1,1,0,1,1,1,1785529979
2026-07-31T20:33:45Z,10,1,0,20,2,0,1,1,1,1785527928
2026-07-31T20:33:45Z,11,7,1,10,2,0,1,1,1,1785529616
2026-07-31T20:33:45Z,12,22,0,1,0,0,1,1,1,1785530006
2026-07-31T20:33:45Z,13,9,0,21,0,0,1,1,1,1785529848
2026-07-31T20:33:45Z,14,41,0,1,0,1,1,1,1,1785529449
2026-07-31T20:33:45Z,15,14,0,1,0,0,1,1,1,1785529551
2026-07-31T20:33:45Z,16,6,1,18,2,1,1,1,1,1785529747
2026-07-31T20:33:45Z,17,6,0,20,1,0,1,1,1,1785529803
2026-07-31T20:33:45Z,18,11,1,5,2,0,1,1,1,1785529977
2026-07-31T20:33:45Z,19,15,2,9,3,0,1,1,1,1785529995
2026-07-31T20:33:45Z,20,10,1,25,0,0,1,1,1,1785529025
2026-07-31T20:33:45Z,21,15,1,3,1,0,1,1,1,1785530015
2026-07-31T20:33:45Z,22,29,1,34,2,0,1,1,1,1785529815
2026-07-31T20:33:45Z,23,13,9,18,0,0,1,1,1,1785528770
2026-07-31T20:33:45Z,24,10,2,0,1,0,1,1,1,1785530014
2026-07-31T20:33:45Z,25,74,3,7,0,0,1,1,1,1785530017
2026-07-31T20:33:45Z,26,24,1,3,0,0,1,1,1,1785529978
2026-07-31T20:33:45Z,28,5,0,10,0,0,1,1,1,1785529641
2026-07-31T20:33:45Z,30,13,0,15,1,0,1,1,1,1785529971
2026-07-31T20:33:45Z,31,13,3,5,1,0,1,1,1,1785529716
2026-07-31T20:33:45Z,32,9,4,18,0,0,1,1,1,1785529825
2026-07-31T20:33:45Z,34,19,2,18,0,0,1,1,1,1785529696
2026-07-31T20:33:45Z,35,35,5,10,2,0,1,1,1,1785530019
2026-07-31T20:33:45Z,36,0,0,0,0,0,0,1,1,86400
2026-07-31T20:33:45Z,37,18,2,5,0,0,1,1,1,1785529924
2026-07-31T20:33:45Z,38,10,0,13,0,0,1,1,1,1785529647
2026-07-31T20:33:45Z,39,15,2,24,0,0,1,1,1,1785530017
2026-07-31T20:33:45Z,40,5,0,16,0,0,1,1,1,1785529452
2026-07-31T20:33:45Z,41,33,1,10,0,0,1,1,1,1785529985
2026-07-31T20:33:45Z,42,0,0,31,0,0,1,1,1,1785530015
2026-07-31T20:33:45Z,43,10,2,13,0,0,1,1,1,1785529971
2026-07-31T20:33:45Z,45,16,1,13,0,0,1,1,1,1785529929
2026-07-31T20:33:45Z,46,1,1,29,1,0,1,1,1,1785529985
2026-07-31T20:33:45Z,47,0,0,14,1,0,1,1,1,1785529062
2026-07-31T20:33:45Z,48,17,0,10,0,0,1,1,1,1785529929
2026-07-31T20:33:45Z,49,0,0,19,4,0,1,1,1,1785530016
2026-07-31T20:33:45Z,50,10,8,9,0,0,1,1,1,1785529946
2026-07-31T20:33:45Z,51,49,0,28,0,0,1,1,1,1785529674
2026-07-31T20:33:45Z,52,2,1,22,3,0,1,1,1,1785530004
2026-07-31T20:33:45Z,55,2,0,21,0,0,1,1,1,1785529968
2026-07-31T20:33:45Z,56,29,0,14,0,0,1,1,1,1785529844
2026-07-31T20:33:45Z,57,24,3,3,0,0,1,1,1,1785529953
2026-07-31T20:33:45Z,58,7,2,21,0,0,1,1,1,1785529809
2026-07-31T20:33:45Z,59,7,0,18,2,0,1,1,1,1785529962
2026-07-31T20:33:45Z,61,0,0,39,0,0,1,1,1,1785529980
2026-07-31T20:33:45Z,62,40,17,7,2,0,1,1,1,1785529870
2026-07-31T20:33:45Z,63,12,0,7,0,0,1,1,1,1785530018
2026-07-31T20:33:45Z,64,12,1,3,4,0,1,1,1,1785527230
2026-07-31T20:33:45Z,65,9,4,9,1,0,1,1,1,1785529912
2026-07-31T20:33:45Z,67,31,0,8,0,0,1,1,1,1785529882
2026-07-31T20:33:45Z,68,33,1,3,1,0,1,1,1,1785529828
2026-07-31T20:33:45Z,69,3,1,12,0,0,1,1,1,1785529600
2026-07-31T20:33:45Z,71,14,1,10,3,0,1,1,1,1785529909
2026-07-31T20:33:45Z,72,25,3,3,2,1,1,1,1,1785529641
2026-07-31T20:33:45Z,73,22,0,9,0,0,1,1,1,1785529957
2026-07-31T20:33:45Z,74,2,0,17,0,0,1,1,1,1785529933
2026-07-31T20:33:45Z,75,16,0,15,1,0,1,1,1,1785529675
2026-07-31T20:33:45Z,76,9,1,7,3,0,1,1,1,1785530017
2026-07-31T20:33:45Z,77,6,0,21,0,0,1,1,1,1785529642
2026-07-31T20:33:45Z,78,3,3,20,0,0,1,1,1,1785529960
2026-07-31T20:33:45Z,79,2,0,14,1,0,1,1,1,1785529867
2026-07-31T20:33:45Z,80,11,0,9,3,0,1,1,1,1785529968
2026-07-31T20:33:45Z,81,3,0,28,0,0,1,1,1,1785529692
2026-07-31T20:33:45Z,82,15,7,6,2,0,1,1,1,1785529950
2026-07-31T20:33:45Z,83,9,3,24,2,0,1,1,1,1785530019
2026-07-31T20:33:45Z,84,0,0,26,1,0,1,1,1,1785530012
2026-07-31T20:33:45Z,85,10,1,5,0,0,1,1,1,1785529780
2026-07-31T20:33:45Z,86,1,0,26,0,0,1,1,1,1785529415
2026-07-31T20:33:45Z,87,5,0,14,0,0,1,1,1,1785529967
2026-07-31T20:33:45Z,88,9,0,33,1,0,1,1,1,1785529930
2026-07-31T20:33:45Z,89,33,4,2,0,0,1,1,1,1785529934
2026-07-31T20:33:45Z,90,0,0,17,1,0,1,1,1,1785529585
2026-07-31T20:33:45Z,91,1,0,16,0,0,1,1,1,1785528542
2026-07-31T20:33:45Z,92,6,0,10,3,0,1,1,1,1785529900
2026-07-31T20:33:45Z,93,7,2,16,0,0,1,1,1,1785529430
2026-07-31T20:33:45Z,94,13,0,5,1,0,1,1,1,1785527778
2026-07-31T20:33:45Z,95,3,0,30,1,1,1,1,1,1785530013
2026-07-31T20:33:45Z,96,16,4,14,1,0,1,1,1,1785529856
2026-07-31T20:33:45Z,97,4,3,11,2,0,1,1,1,1785529955
2026-07-31T20:33:45Z,98,29,5,5,1,0,1,1,1,1785529852
2026-07-31T20:33:45Z,99,9,0,6,0,0,1,1,1,1785529863
2026-07-31T20:33:45Z,100,6,0,21,0,0,1,1,1,1785529832
2026-07-31T20:33:45Z,101,14,0,0,1,0,1,1,1,1785529979
2026-07-31T20:33:45Z,102,4,0,19,0,0,1,1,1,1785529966
2026-07-31T20:33:45Z,103,10,2,17,3,0,1,1,1,1785530016
2026-07-31T20:33:45Z,104,20,3,5,2,0,1,1,1,1785530015
2026-07-31T20:33:45Z,105,18,0,1,0,0,1,1,1,1785529401
2026-07-31T20:33:45Z,106,11,0,10,0,0,1,1,1,1785529639
2026-07-31T20:33:45Z,107,24,3,13,0,0,1,1,1,1785530000
2026-07-31T20:33:45Z,108,5,0,28,2,0,1,1,1,1785529425
2026-07-31T20:33:45Z,109,20,2,3,0,0,1,1,1,1785529587
2026-07-31T20:33:45Z,110,12,0,11,0,0,1,1,1,1785529906
2026-07-31T20:33:45Z,111,19,2,16,1,0,1,1,1,1785529980
2026-07-31T20:33:45Z,112,5,4,9,1,0,1,1,1,1785529306
2026-07-31T20:33:45Z,113,11,1,7,1,0,1,1,1,1785529806
2026-07-31T20:33:45Z,114,15,6,14,1,1,1,1,1,1785529955
2026-07-31T20:33:45Z,115,15,11,8,5,0,1,1,1,1785529956
2026-07-31T20:33:45Z,116,14,11,11,2,0,1,1,1,1785529913
2026-07-31T20:33:45Z,118,14,1,7,2,0,1,1,1,1785529291
2026-07-31T20:33:45Z,119,1,1,35,2,0,1,1,1,1785529732
2026-07-31T20:33:45Z,120,2,0,24,1,0,1,1,1,1785530017
2026-07-31T20:33:45Z,121,3,0,14,1,1,1,1,1,1785530019
2026-07-31T20:33:45Z,122,5,0,16,0,0,1,1,1,1785529056
2026-07-31T20:33:45Z,123,22,0,25,0,0,1,1,1,1785530005
2026-07-31T20:33:45Z,124,6,2,29,0,0,1,1,1,1785529949
2026-07-31T20:33:45Z,125,1,0,21,1,0,1,1,1,1785529856
2026-07-31T20:33:45Z,126,18,0,13,0,0,1,1,1,1785528553
2026-07-31T20:33:45Z,127,17,2,17,1,0,1,1,1,1785529727
2026-07-31T20:33:45Z,128,6,0,13,0,0,1,1,1,1785529816
2026-07-31T20:33:45Z,129,1,1,16,2,0,1,1,1,1785529979
2026-07-31T20:33:45Z,130,4,0,12,1,0,1,1,1,1785529946
2026-07-31T20:33:45Z,131,3,3,8,0,0,1,1,1,1785529490
2026-07-31T20:33:45Z,132,7,4,7,0,1,1,1,1,1785529848
2026-07-31T20:33:45Z,134,14,3,5,4,0,1,1,1,1785529844
2026-07-31T20:33:45Z,135,3,1,14,2,0,1,1,1,1785529989
2026-07-31T20:33:45Z,136,2,0,14,1,6,1,1,1,1785529809
2026-07-31T20:33:45Z,137,4,4,13,2,0,1,1,1,1785529761
2026-07-31T20:33:45Z,138,7,0,30,0,0,1,1,1,1785529839
2026-07-31T20:33:45Z,139,2,0,17,0,0,1,1,1,1785529915
2026-07-31T20:33:45Z,140,2,0,20,1,0,1,1,1,1785530016
2026-07-31T20:33:45Z,141,2,0,34,0,0,1,1,1,1785530002
2026-07-31T20:33:45Z,142,3,1,20,0,0,1,1,1,1785529998
2026-07-31T20:33:45Z,143,8,0,22,1,0,1,1,1,1785529900
2026-07-31T20:33:45Z,144,5,0,22,0,0,1,1,1,1785530018
2026-07-31T20:33:45Z,146,12,1,10,1,0,1,1,1,1785530015
2026-07-31T20:33:45Z,147,1,0,16,2,0,1,1,1,1785529932
2026-07-31T20:33:45Z,148,0,0,24,3,0,1,1,1,1785529949
2026-07-31T20:33:45Z,149,2,0,25,0,0,1,1,1,1785529036
2026-07-31T20:33:45Z,150,7,1,25,3,0,1,1,1,1785529979
2026-07-31T20:33:45Z,151,6,0,17,0,0,1,1,1,1785530006
2026-07-31T20:33:45Z,152,2,2,21,3,0,1,1,1,1785529980
2026-07-31T20:33:45Z,153,2,1,24,2,0,1,1,1,1785529727
2026-07-31T20:33:45Z,154,8,0,12,3,0,1,1,1,1785529936
2026-07-31T20:33:45Z,155,2,0,11,1,0,1,1,1,1785529953
2026-07-31T20:33:45Z,156,9,0,10,0,0,1,1,1,1785529814
2026-07-31T20:33:45Z,157,5,0,19,3,0,1,1,1,1785530017
2026-07-31T20:33:45Z,158,3,2,13,0,0,1,1,1,1785529697
2026-07-31T20:33:45Z,159,1,1,17,1,0,1,1,1,1785529375
2026-07-31T20:33:45Z,160,3,0,16,0,0,1,1,1,1785529547
2026-07-31T20:33:45Z,161,9,0,13,0,0,1,1,1,1785530002
2026-07-31T20:33:45Z,162,21,11,3,3,0,1,1,1,1785529895
2026-07-31T20:33:45Z,163,9,1,21,0,1,1,1,1,1785529949
2026-07-31T20:33:45Z,164,13,0,14,0,0,1,1,1,1785530008
2026-07-31T20:33:45Z,165,26,4,5,0,0,1,1,1,1785530006
2026-07-31T20:33:45Z,166,6,2,29,4,0,1,1,1,1785530016
2026-07-31T20:33:45Z,167,8,2,14,1,0,1,1,1,1785529994
2026-07-31T20:33:45Z,168,4,4,22,1,0,1,1,1,1785530003
2026-07-31T20:33:45Z,169,6,0,16,0,1,1,1,1,1785530006
2026-07-31T20:33:45Z,170,4,1,14,1,0,1,1,1,1785529991
2026-07-31T20:33:45Z,171,8,0,3,2,0,1,1,1,1785529826
2026-07-31T20:33:45Z,173,15,3,24,0,0,1,1,1,1785529721
2026-07-31T20:33:45Z,174,7,1,19,0,0,1,1,1,1785529997
2026-07-31T20:33:45Z,175,30,2,0,1,0,1,1,1,1785529960
2026-07-31T20:33:45Z,176,13,1,0,1,1,1,1,1,1785529990
2026-07-31T20:33:45Z,177,5,0,22,0,0,1,1,1,1785529951
2026-07-31T20:33:45Z,178,9,0,3,2,1,1,1,1,1785530017
2026-07-31T20:33:45Z,179,11,5,2,2,0,1,1,1,1785529925
2026-07-31T20:33:45Z,180,4,0,26,0,0,1,1,1,1785529594
2026-07-31T20:33:45Z,181,2,2,13,0,0,1,1,1,1785529706
2026-07-31T20:33:45Z,182,4,1,13,0,0,1,1,1,1785529949
2026-07-31T20:33:45Z,183,2,1,20,1,0,1,1,1,1785529602
2026-07-31T20:33:45Z,184,19,1,1,3,0,1,1,1,1785530019
2026-07-31T20:33:45Z,185,7,3,5,2,1,1,1,1,1785529510
2026-07-31T20:33:45Z,186,1,1,18,0,0,1,1,1,1785529973
2026-07-31T20:33:45Z,187,2,0,25,1,0,1,1,1,1785529652
2026-07-31T20:33:45Z,188,9,3,10,7,1,1,1,1,1785529796
2026-07-31T20:33:45Z,189,0,0,15,0,0,1,1,1,1785529330
2026-07-31T20:33:45Z,190,3,2,20,0,0,1,1,1,1785529780
2026-07-31T20:33:45Z,191,24,10,14,1,0,1,1,1,1785529802
2026-07-31T20:33:45Z,192,5,2,24,2,0,1,1,1,1785529988
2026-07-31T20:33:45Z,193,6,4,8,1,0,1,1,1,1785529999
2026-07-31T20:33:45Z,194,5,5,22,0,0,1,1,1,1785529797
2026-07-31T20:33:45Z,195,1,0,18,0,0,1,1,1,1785529758
2026-07-31T20:33:45Z,196,5,5,21,1,0,1,1,1,1785529826
2026-07-31T20:33:45Z,197,2,0,16,0,1,1,1,1,1785529673
2026-07-31T20:33:45Z,198,13,10,9,1,0,1,1,1,1785529371
2026-07-31T20:33:45Z,199,0,0,13,2,0,1,1,1,1785529921
2026-07-31T20:33:45Z,200,20,14,5,1,0,1,1,1,1785529894
2026-07-31T20:33:45Z,201,9,4,14,0,0,1,1,1,1785529781
2026-07-31T20:33:45Z,202,5,0,22,0,0,1,1,1,1785529885
2026-07-31T20:33:45Z,203,9,0,21,1,0,1,1,1,1785529646
2026-07-31T20:33:45Z,204,25,1,8,2,0,1,1,1,1785529923
2026-07-31T20:33:45Z,205,10,0,17,0,0,1,1,1,1785529469
2026-07-31T20:33:45Z,206,1,0,14,0,0,1,1,1,1785529370
2026-07-31T20:33:45Z,207,20,1,1,0,0,1,1,1,1785529893
2026-07-31T20:33:45Z,208,1,0,27,1,0,1,1,1,1785529835
2026-07-31T20:33:45Z,209,24,5,6,1,0,1,1,1,1785529973
2026-07-31T20:33:45Z,210,4,2,22,1,0,1,1,1,1785529970
2026-07-31T20:33:45Z,211,0,0,22,1,0,1,1,1,1785529896
2026-07-31T20:33:45Z,212,2,0,32,1,0,1,1,1,1785529923
2026-07-31T20:33:45Z,213,15,3,7,1,0,1,1,1,1785529923
2026-07-31T20:33:45Z,214,8,7,36,3,0,1,1,1,1785529984
2026-07-31T20:33:45Z,215,4,3,18,1,0,1,1,1,1785529834
2026-07-31T20:33:45Z,216,10,4,8,1,0,1,1,1,1785529689
2026-07-31T20:33:45Z,217,15,0,13,1,0,1,1,1,1785529939
2026-07-31T20:33:45Z,218,14,10,21,4,0,1,1,1,1785530015
2026-07-31T20:33:45Z,219,25,0,0,1,0,1,1,1,1785528738
2026-07-31T20:33:45Z,220,19,8,23,0,1,1,1,1,1785530014
2026-07-31T20:33:45Z,221,3,1,11,1,0,1,1,1,1785529946
2026-07-31T20:33:45Z,222,4,3,15,0,0,1,1,1,1785529921
2026-07-31T20:33:45Z,223,13,2,19,3,0,1,1,1,1785529980
2026-07-31T20:33:45Z,224,1,0,20,1,0,1,1,1,1785530020
2026-07-31T20:33:45Z,225,8,2,7,4,0,1,1,1,1785529815
2026-07-31T20:33:45Z,226,2,2,28,1,0,1,1,1,1785530006
2026-07-31T20:33:45Z,227,1,1,25,1,0,1,1,1,1785529981
2026-07-31T20:33:45Z,228,8,4,9,2,0,1,1,1,1785529831
2026-07-31T20:33:45Z,230,3,0,23,0,0,1,1,1,1785529632
2026-07-31T20:33:45Z,232,3,0,13,1,0,1,1,1,1785529965
2026-07-31T20:33:45Z,233,8,6,21,2,0,1,1,1,1785529535
2026-07-31T20:33:45Z,234,12,4,1,4,2,1,1,1,1785529839
2026-07-31T20:33:45Z,236,16,2,3,0,0,1,1,1,1785528929
2026-07-31T20:33:45Z,237,1,0,21,1,0,1,1,1,1785529959
2026-07-31T20:33:45Z,239,7,7,19,1,0,1,1,1,1785529727
2026-07-31T20:33:45Z,241,1,1,21,1,0,1,1,1,1785528305
2026-07-31T20:33:45Z,242,5,0,16,2,0,1,1,1,1785530017
2026-07-31T20:33:45Z,243,14,6,12,5,0,1,1,1,1785529969
2026-07-31T20:33:45Z,244,4,3,21,2,0,1,1,1,1785529964
2026-07-31T20:33:45Z,245,8,3,15,0,0,1,1,1,1785529809
2026-07-31T20:33:45Z,246,11,4,12,0,0,1,1,1,1785529955
2026-07-31T20:33:45Z,247,4,3,17,2,0,1,1,1,1785528240
2026-07-31T20:33:45Z,248,13,6,8,2,0,1,1,1,1785529777
2026-07-31T20:33:45Z,249,17,17,1,1,0,1,1,1,1785529959
2026-07-31T20:33:45Z,250,7,5,18,2,0,1,1,1,1785530011
2026-07-31T20:33:45Z,251,22,9,1,4,0,1,1,1,1785529958
2026-07-31T20:33:45Z,253,4,0,15,0,0,1,1,1,1785529961
2026-07-31T20:33:45Z,254,4,2,38,1,0,1,1,1,1785529886
2026-07-31T20:33:45Z,255,10,0,12,0,1,1,1,1,1785529770
2026-07-31T20:33:45Z,256,3,1,18,2,0,1,1,1,1785529833
2026-07-31T20:33:45Z,257,3,2,16,0,0,1,1,1,1785529949
2026-07-31T20:33:45Z,258,13,8,4,2,0,1,1,1,1785529913
2026-07-31T20:33:45Z,259,14,0,8,0,1,1,1,1,1785529990
2026-07-31T20:33:45Z,260,2,2,15,2,0,1,1,1,1785529624
2026-07-31T20:33:45Z,261,0,0,17,1,1,1,1,1,1785528749
2026-07-31T20:33:45Z,262,8,3,14,1,0,1,1,1,1785530008
2026-07-31T20:33:45Z,263,0,0,15,0,0,1,1,1,1785528990
2026-07-31T20:33:45Z,264,2,0,17,0,0,1,1,1,1785529478
2026-07-31T20:33:45Z,265,1,0,14,0,0,1,1,1,1785529657
2026-07-31T20:33:45Z,266,2,2,16,1,0,1,1,1,1785529991
2026-07-31T20:33:45Z,267,8,4,6,1,0,1,1,1,1785526233
2026-07-31T20:33:45Z,268,19,7,3,1,0,1,1,1,1785529970
2026-07-31T20:33:45Z,269,0,0,23,0,0,1,1,1,1785529714
2026-07-31T20:33:45Z,270,4,3,22,1,0,1,1,1,1785529674
2026-07-31T20:33:45Z,271,2,0,15,2,0,1,1,1,1785529218
2026-07-31T20:33:45Z,272,3,2,20,0,0,1,1,1,1785529757
2026-07-31T20:33:45Z,273,0,0,15,0,0,1,1,1,1785529666
2026-07-31T20:33:45Z,274,5,2,12,2,0,1,1,1,1785529647
2026-07-31T20:33:45Z,275,11,0,12,0,0,1,1,1,1785528378
2026-07-31T20:33:45Z,276,3,2,24,0,0,1,1,1,1785529845
2026-07-31T20:33:45Z,277,9,9,10,4,0,1,1,1,1785529992
2026-07-31T20:33:45Z,278,21,10,6,4,0,1,1,1,1785529975
2026-07-31T20:33:45Z,279,5,1,14,0,0,1,1,1,1785529916
2026-07-31T20:33:45Z,280,3,0,25,3,0,1,1,1,1785529812
2026-07-31T20:33:45Z,281,2,2,17,0,0,1,1,1,1785529844
2026-07-31T20:33:45Z,282,7,2,11,0,0,1,1,1,1785527347
2026-07-31T20:33:45Z,283,14,0,20,1,0,1,1,1,1785529966
2026-07-31T20:33:45Z,284,1,1,30,4,0,1,1,1,1785529584
2026-07-31T20:33:45Z,285,5,1,18,0,0,1,1,1,1785529514
2026-07-31T20:33:45Z,286,7,5,16,0,0,1,1,1,1785529281
2026-07-31T20:33:45Z,287,12,1,8,3,0,1,1,1,1785529639
2026-07-31T20:33:45Z,288,2,1,17,0,0,1,1,1,1785529974
2026-07-31T20:33:45Z,289,10,9,16,1,0,1,1,1,1785529743
2026-07-31T20:33:45Z,290,7,0,31,1,0,1,1,1,1785529986
2026-07-31T20:33:45Z,291,16,0,6,1,0,1,1,1,1785530016
2026-07-31T20:33:45Z,292,8,0,15,0,0,1,1,1,1785529740
2026-07-31T20:33:45Z,293,6,5,17,0,0,1,1,1,1785529966
2026-07-31T20:33:45Z,294,1,0,19,2,0,1,1,1,1785529954
2026-07-31T20:33:45Z,297,5,2,12,1,1,1,1,1,1785529977
2026-07-31T20:33:45Z,301,11,0,8,0,0,1,1,1,1785529916
2026-07-31T20:33:45Z,302,15,0,7,1,0,1,1,1,1785529821
2026-07-31T20:33:45Z,303,1,0,18,0,0,1,1,1,1785529704
2026-07-31T20:33:45Z,304,0,0,0,0,0,0,1,1,86400
2026-07-31T20:33:45Z,305,4,0,14,1,0,1,1,1,1785530011
2026-07-31T20:33:45Z,306,2,0,30,0,0,1,1,1,1785529442
2026-07-31T20:33:45Z,307,5,0,18,0,0,1,1,1,1785529857
2026-07-31T20:33:45Z,308,2,0,15,2,0,1,1,1,1785529797
2026-07-31T20:33:45Z,309,3,1,10,1,0,1,1,1,1785529961
2026-07-31T20:33:45Z,311,5,0,10,0,0,1,1,1,1785529960
2026-07-31T20:33:45Z,312,10,8,10,2,1,1,1,1,1785529932
2026-07-31T20:33:45Z,313,5,0,10,0,0,1,1,1,1785526554
2026-07-31T20:33:45Z,314,5,1,12,2,0,1,1,1,1785529159
2026-07-31T20:33:45Z,315,13,4,16,2,0,1,1,1,1785529720
2026-07-31T20:33:45Z,316,7,3,17,6,1,1,1,1,1785530007
2026-07-31T20:33:45Z,317,9,5,21,0,1,1,1,1,1785529752
2026-07-31T20:33:45Z,318,16,0,3,0,0,1,1,1,1785528757
2026-07-31T20:33:45Z,319,20,3,2,1,0,1,1,1,1785529871
2026-07-31T20:33:45Z,320,12,0,6,1,0,1,1,1,1785529638
2026-07-31T20:33:45Z,321,2,0,13,4,0,1,1,1,1785529831
2026-07-31T20:33:45Z,322,15,0,14,0,0,1,1,1,1785529808
2026-07-31T20:33:45Z,323,4,0,15,0,0,1,1,1,1785529592
2026-07-31T20:33:45Z,324,13,0,13,1,0,1,1,1,1785530020
2026-07-31T20:33:45Z,325,3,1,22,2,0,1,1,1,1785529205
2026-07-31T20:33:45Z,327,9,2,16,2,0,1,1,1,1785529745
2026-07-31T20:33:45Z,328,10,0,11,1,0,1,1,1,1785529265
2026-07-31T20:33:45Z,329,3,0,13,3,0,1,1,1,1785529828
2026-07-31T20:33:45Z,330,17,1,5,0,0,1,1,1,1785529851
2026-07-31T20:33:45Z,331,16,0,5,2,0,1,1,1,1785529900
2026-07-31T20:33:45Z,332,5,4,13,1,0,1,1,1,1785529830
2026-07-31T20:33:45Z,333,4,2,18,1,0,1,1,1,1785529953
2026-07-31T20:33:45Z,334,10,0,13,0,0,1,1,1,1785529703
2026-07-31T20:33:45Z,335,2,2,20,0,1,1,1,1,1785528586
2026-07-31T20:33:45Z,336,4,1,15,0,0,1,1,1,1785529944
2026-07-31T20:33:45Z,337,12,1,7,4,0,1,1,1,1785529756
2026-07-31T20:33:45Z,338,2,1,17,0,0,1,1,1,1785529646
2026-07-31T20:33:45Z,339,13,11,6,4,0,1,1,1,1785529899
2026-07-31T20:33:45Z,340,0,0,14,1,0,1,1,1,1785526744
2026-07-31T20:33:45Z,341,2,0,16,1,0,1,1,1,1785529755
2026-07-31T20:33:45Z,342,2,0,13,0,0,1,1,1,1785529772
2026-07-31T20:33:45Z,343,9,3,13,1,0,1,1,1,1785529614
2026-07-31T20:33:45Z,344,4,2,19,0,0,1,1,1,1785529731
2026-07-31T20:33:45Z,345,8,1,11,0,0,1,1,1,1785529438
2026-07-31T20:33:45Z,346,6,3,17,0,0,1,1,1,1785529853
2026-07-31T20:33:45Z,347,30,6,12,2,0,1,1,1,1785530012
2026-07-31T20:33:45Z,348,12,0,10,0,1,1,1,1,1785530007
2026-07-31T20:33:45Z,349,19,4,0,0,0,1,1,1,1785529307
2026-07-31T20:33:45Z,350,2,0,23,1,1,1,1,1,1785529393
2026-07-31T20:33:45Z,351,1,0,20,2,0,1,1,1,1785530000
2026-07-31T20:33:45Z,355,1,0,22,0,0,1,1,1,1785529916
2026-07-31T20:33:45Z,356,4,1,15,0,0,1,1,1,1785528553
2026-07-31T20:33:45Z,357,3,2,14,2,0,1,1,1,1785529753
2026-07-31T20:33:45Z,358,13,2,13,1,0,1,1,1,1785529883
2026-07-31T20:33:45Z,359,12,0,15,0,0,1,1,1,1785529942
2026-07-31T20:33:45Z,360,6,3,13,0,0,1,1,1,1785528932
2026-07-31T20:33:45Z,362,4,1,12,3,0,1,1,1,1785529830
2026-07-31T20:33:45Z,363,8,0,19,0,0,1,1,1,1785530007
2026-07-31T20:33:45Z,364,1,1,18,0,0,1,1,1,1785529964
2026-07-31T20:33:45Z,365,2,1,18,3,0,1,1,1,1785529598
2026-07-31T20:33:45Z,366,6,6,17,0,0,1,1,1,1785530020
2026-07-31T20:33:45Z,367,1,1,16,2,0,1,1,1,1785529548
2026-07-31T20:33:45Z,368,3,0,19,1,0,1,1,1,1785530013
2026-07-31T20:33:45Z,370,8,3,19,0,0,1,1,1,1785529873
2026-07-31T20:33:45Z,371,2,2,16,1,0,1,1,1,1785528835
2026-07-31T20:33:45Z,372,13,1,1,1,0,1,1,1,1785529898
2026-07-31T20:33:45Z,373,0,0,27,0,0,1,1,1,1785529201
2026-07-31T20:33:45Z,374,2,1,16,1,0,1,1,1,1785530013
2026-07-31T20:33:45Z,375,11,2,14,2,0,1,1,1,1785529840
2026-07-31T20:33:45Z,376,8,2,28,3,0,1,1,1,1785529902
2026-07-31T20:33:45Z,377,1,0,26,0,0,1,1,1,1785529273
2026-07-31T20:33:45Z,378,3,2,20,0,1,1,1,1,1785529954
2026-07-31T20:33:45Z,379,8,2,17,2,0,1,1,1,1785529984
2026-07-31T20:33:45Z,380,0,0,23,0,0,1,1,1,1785529299
2026-07-31T20:33:45Z,381,11,0,12,0,0,1,1,1,1785529856
2026-07-31T20:33:45Z,383,5,1,7,3,0,1,1,1,1785529658
2026-07-31T20:33:45Z,384,1,0,24,2,0,1,1,1,1785529935
2026-07-31T20:33:45Z,385,1,0,16,1,0,1,1,1,1785529990
2026-07-31T20:33:45Z,387,6,1,16,1,0,1,1,1,1785529413
2026-07-31T20:33:45Z,388,36,3,9,4,0,1,1,1,1785529874
2026-07-31T20:33:45Z,389,3,1,11,1,0,1,1,1,1785529747
2026-07-31T20:33:45Z,390,6,1,29,0,0,1,1,1,1785529970
2026-07-31T20:33:45Z,391,4,2,11,0,0,1,1,1,1785529989
2026-07-31T20:33:45Z,392,1,0,17,1,0,1,1,1,1785529934
2026-07-31T20:33:45Z,393,1,1,7,3,0,1,1,1,1785528279
2026-07-31T20:33:45Z,394,8,0,2,3,0,1,1,1,1785528352
2026-07-31T20:33:45Z,396,6,4,34,2,0,1,1,1,1785529980
2026-07-31T20:33:45Z,397,23,10,8,0,0,1,1,1,1785529865
2026-07-31T20:33:45Z,399,3,0,11,3,0,1,1,1,1785529860
2026-07-31T20:33:45Z,400,13,8,8,2,0,1,1,1,1785529282
2026-07-31T20:33:45Z,401,3,2,28,8,0,1,1,1,1785529213
2026-07-31T20:33:45Z,403,22,3,6,3,0,1,1,1,1785529765
2026-07-31T20:33:45Z,404,5,3,17,1,0,1,1,1,1785529980
2026-07-31T20:33:45Z,406,30,13,5,0,0,1,1,1,1785530018
2026-07-31T20:33:45Z,407,1,0,32,1,0,1,1,1,1785529900
2026-07-31T20:33:45Z,408,7,1,23,3,0,1,1,1,1785529732
2026-07-31T20:33:45Z,409,19,1,0,4,0,1,1,1,1785529902
2026-07-31T20:33:45Z,413,12,3,9,2,0,1,1,1,1785529761
2026-07-31T20:33:45Z,414,10,0,5,0,0,1,1,1,1785529773
2026-07-31T20:33:45Z,417,2,2,17,0,0,1,1,1,1785529427
2026-07-31T20:33:45Z,418,4,2,11,0,0,1,1,1,1785529352
2026-07-31T20:33:45Z,419,13,2,10,0,0,1,1,1,1785529593
2026-07-31T20:33:45Z,421,4,1,15,0,0,1,1,1,1785530009
2026-07-31T20:33:45Z,422,17,3,10,0,0,1,1,1,1785529956
2026-07-31T20:33:45Z,423,3,0,20,0,0,1,1,1,1785529496
2026-07-31T20:33:45Z,424,11,5,1,2,1,1,1,1,1785529930
2026-07-31T20:33:45Z,425,6,5,15,0,1,1,1,1,1785529938
2026-07-31T20:33:45Z,426,17,0,19,1,0,1,1,1,1785529940
2026-07-31T20:33:45Z,427,9,0,3,3,0,1,1,1,1785529880
2026-07-31T20:33:45Z,428,14,2,5,0,0,1,1,1,1785529503
2026-07-31T20:33:45Z,429,9,6,13,1,0,1,1,1,1785529978
2026-07-31T20:33:45Z,430,2,0,28,1,0,1,1,1,1785529676
2026-07-31T20:33:45Z,431,5,1,27,1,0,1,1,1,1785529920
2026-07-31T20:33:45Z,432,0,0,30,1,0,0,1,1,1785508564
2026-07-31T20:33:45Z,433,5,2,15,3,0,1,1,1,1785529334
2026-07-31T20:33:45Z,437,5,3,12,2,0,1,1,1,1785529978
2026-07-31T20:33:45Z,438,10,2,8,1,0,1,1,1,1785529876
2026-07-31T20:33:45Z,439,4,4,11,0,0,1,1,1,1785529379
2026-07-31T20:33:45Z,440,10,4,5,0,0,1,1,1,1785529942
2026-07-31T20:33:45Z,441,4,0,9,2,0,1,1,1,1785529834
2026-07-31T20:33:45Z,442,7,5,10,2,0,1,1,1,1785529665
2026-07-31T20:33:45Z,443,5,2,22,0,0,1,1,1,1785512432
2026-07-31T20:33:45Z,444,5,2,18,0,0,1,1,1,1785529731
2026-07-31T20:33:45Z,445,6,2,16,1,0,1,1,1,1785529793
2026-07-31T20:33:45Z,446,1,0,21,1,0,1,1,1,1785519783
2026-07-31T20:33:45Z,447,3,0,18,1,1,1,1,1,1785496389
2026-07-31T20:33:45Z,448,6,0,8,1,0,1,1,1,1785529528
2026-07-31T20:33:45Z,452,1,1,17,1,0,1,1,1,1785529909
2026-07-31T20:33:45Z,453,4,2,7,4,0,1,1,1,1785529903
2026-07-31T20:33:45Z,454,13,0,6,0,0,1,1,1,1785529800
2026-07-31T20:33:45Z,455,0,0,39,0,0,1,1,1,1785529476
2026-07-31T20:33:45Z,456,18,3,1,1,0,1,1,1,1785530019
2026-07-31T20:33:45Z,457,15,2,7,5,0,1,1,1,1785529803
2026-07-31T20:33:45Z,458,5,2,17,1,0,1,1,1,1785529476
2026-07-31T20:33:45Z,459,9,1,6,0,0,1,1,1,1785529402
2026-07-31T20:33:45Z,460,11,0,12,0,0,1,1,1,1785529269
2026-07-31T20:33:45Z,461,11,0,8,0,0,1,1,1,1785529997
2026-07-31T20:33:45Z,462,18,2,3,0,0,1,1,1,1785529905
2026-07-31T20:33:45Z,463,9,1,10,0,0,1,1,1,1785526740
2026-07-31T20:33:45Z,464,0,0,14,0,0,1,1,1,1785528198
2026-07-31T20:33:45Z,465,2,2,13,0,0,1,1,1,1785528628
2026-07-31T20:33:45Z,466,4,1,6,5,0,1,1,1,1785529664
2026-07-31T20:33:45Z,467,4,2,15,0,0,1,1,1,1785529430
2026-07-31T20:33:45Z,468,0,0,18,1,0,1,1,1,1785527178
2026-07-31T20:33:45Z,469,10,1,9,4,0,1,1,1,1785529902
2026-07-31T20:33:45Z,470,1,0,12,2,0,1,1,1,1785529817
2026-07-31T20:33:45Z,471,27,2,0,0,0,1,1,1,1785528650
2026-07-31T20:33:45Z,472,6,2,11,2,0,1,1,1,1785529909
2026-07-31T20:33:45Z,473,6,0,13,0,0,1,1,1,1785528344
2026-07-31T20:33:45Z,474,13,2,6,0,0,1,1,1,1785530019
2026-07-31T20:33:45Z,475,5,3,13,1,0,1,1,1,1785529916
2026-07-31T20:33:45Z,477,9,1,6,0,0,1,1,1,1785529302
2026-07-31T20:33:45Z,478,24,0,7,0,0,1,1,1,1785530016
2026-07-31T20:33:45Z,479,4,1,21,2,0,1,1,1,1785529623
2026-07-31T20:33:45Z,480,5,0,8,2,0,1,1,1,1785529176
2026-07-31T20:33:45Z,481,10,1,24,1,0,1,1,1,1785529990
2026-07-31T20:33:45Z,482,6,5,13,0,0,1,1,1,1785529622
2026-07-31T20:33:45Z,483,9,0,16,2,0,1,1,1,1785529865
2026-07-31T20:33:45Z,484,2,2,16,1,0,1,1,1,1785529725
2026-07-31T20:33:45Z,485,8,1,10,0,1,1,1,1,1785529898
2026-07-31T20:33:45Z,486,1,0,23,3,0,1,1,1,1785529819
2026-07-31T20:33:45Z,487,10,5,7,2,0,1,1,1,1785529523
2026-07-31T20:33:45Z,489,1,0,14,0,0,1,1,1,1785529864
2026-07-31T20:33:45Z,490,10,0,5,1,0,1,1,1,1785529905
2026-07-31T20:33:45Z,491,6,2,14,1,0,1,1,1,1785529828
2026-07-31T20:33:45Z,492,4,3,4,3,0,1,1,1,1785530015
2026-07-31T20:33:45Z,493,20,0,7,0,0,1,1,1,1785529596
2026-07-31T20:33:45Z,495,6,0,7,2,0,1,1,1,1785529027
2026-07-31T20:33:45Z,496,5,1,22,0,0,1,1,1,1785530020
2026-07-31T20:33:45Z,497,2,2,15,2,0,1,1,1,1785529833
2026-07-31T20:33:45Z,498,2,2,21,0,0,1,1,1,1785529933
2026-07-31T20:33:45Z,499,2,0,16,1,0,1,1,1,1785529608
2026-07-31T20:33:45Z,500,0,0,12,3,0,1,1,1,1785529733
2026-07-31T20:33:45Z,501,17,4,4,0,0,1,1,1,1785529588
2026-07-31T20:33:45Z,502,10,2,8,1,0,1,1,1,1785529603
2026-07-31T20:33:45Z,503,4,0,26,1,0,1,1,1,1785529727
2026-07-31T20:33:45Z,504,3,0,36,0,0,1,1,1,1785529658
2026-07-31T20:33:45Z,505,5,0,6,1,0,1,1,1,1785529833
2026-07-31T20:33:45Z,511,0,0,22,1,0,1,1,1,1785529954
2026-07-31T20:33:45Z,512,11,1,16,0,0,1,1,1,1785529598
2026-07-31T20:33:45Z,514,2,2,8,1,0,1,1,1,1785529658
2026-07-31T20:33:45Z,515,1,1,18,0,0,1,1,1,1785527371
2026-07-31T20:33:45Z,516,15,2,12,0,0,1,1,1,1785529867
2026-07-31T20:33:45Z,517,15,2,8,0,0,1,1,1,1785528725
2026-07-31T20:33:45Z,518,4,0,10,1,0,1,1,1,1785529757
2026-07-31T20:33:45Z,519,8,3,9,2,0,1,1,1,1785529880
2026-07-31T20:33:45Z,520,18,9,3,5,1,1,1,1,1785530020
2026-07-31T20:33:45Z,521,2,1,21,0,0,1,1,1,1785528757
2026-07-31T20:33:45Z,522,0,0,21,2,0,1,1,1,1785529846
2026-07-31T20:33:45Z,523,10,5,12,1,0,1,1,1,1785529813
2026-07-31T20:33:45Z,524,0,0,23,0,0,1,1,1,1785529303
2026-07-31T20:33:45Z,525,9,1,10,0,0,1,1,1,1785528988
2026-07-31T20:33:45Z,526,5,1,10,0,0,1,1,1,1785529466
2026-07-31T20:33:45Z,527,15,9,10,1,0,1,1,1,1785529957
2026-07-31T20:33:45Z,528,11,0,10,2,0,1,1,1,1785529884
2026-07-31T20:33:45Z,529,3,3,9,7,0,1,1,1,1785530016
2026-07-31T20:33:45Z,530,14,0,5,2,0,1,1,1,1785530000
2026-07-31T20:33:45Z,531,9,3,13,0,1,1,1,1,1785529772
2026-07-31T20:33:45Z,532,19,12,11,1,0,1,1,1,1785529957
2026-07-31T20:33:45Z,533,9,0,9,1,0,1,1,1,1785529851
2026-07-31T20:33:45Z,534,3,1,20,0,0,1,1,1,1785529951
2026-07-31T20:33:45Z,535,6,1,9,0,0,1,1,1,1785529927
2026-07-31T20:33:45Z,536,14,0,9,0,0,1,1,1,1785529900
2026-07-31T20:33:45Z,537,11,2,9,0,0,1,1,1,1785529982
2026-07-31T20:33:45Z,538,5,0,16,0,2,1,1,1,1785529995
2026-07-31T20:33:45Z,539,4,2,25,2,0,1,1,1,1785529474
2026-07-31T20:33:45Z,540,5,4,14,0,0,1,1,1,1785529792
2026-07-31T20:33:45Z,541,2,0,24,1,0,1,1,1,1785530013
2026-07-31T20:33:45Z,542,2,1,20,1,0,1,1,1,1785529984
2026-07-31T20:33:45Z,543,0,0,19,0,0,1,1,1,1785529627
2026-07-31T20:33:45Z,544,1,1,16,5,0,1,1,1,1785529783
2026-07-31T20:33:45Z,545,12,0,1,6,0,1,1,1,1785530003
2026-07-31T20:33:45Z,546,4,2,15,0,0,1,1,1,1785529949
2026-07-31T20:33:45Z,547,5,0,20,0,0,1,1,1,1785529854
2026-07-31T20:33:45Z,548,8,2,14,1,0,1,1,1,1785530020
2026-07-31T20:33:45Z,549,19,0,3,1,0,1,1,1,1785529985
2026-07-31T20:33:45Z,550,3,3,16,0,0,1,1,1,1785529370
2026-07-31T20:33:45Z,551,3,2,19,1,0,1,1,1,1785529811
2026-07-31T20:33:45Z,552,2,2,25,0,0,1,1,1,1785529952
2026-07-31T20:33:45Z,553,1,0,21,1,0,1,1,1,1785530016
2026-07-31T20:33:45Z,554,5,0,14,0,0,1,1,1,1785528354
2026-07-31T20:33:45Z,555,6,0,8,1,0,1,1,1,1785529728
2026-07-31T20:33:45Z,556,16,0,4,3,0,1,1,1,1785529848
2026-07-31T20:33:45Z,557,2,1,19,2,0,1,1,1,1785529295
2026-07-31T20:33:45Z,558,32,13,5,0,0,1,1,1,1785530019
2026-07-31T20:33:45Z,559,16,0,2,1,0,1,1,1,1785528837
2026-07-31T20:33:45Z,560,16,0,11,0,0,1,1,1,1785529765
2026-07-31T20:33:45Z,561,9,3,11,3,0,1,1,1,1785529944
2026-07-31T20:33:45Z,562,15,2,15,5,0,1,1,1,1785529814
2026-07-31T20:33:45Z,563,2,0,12,0,0,1,1,1,1785529892
2026-07-31T20:33:45Z,564,2,1,16,1,0,1,1,1,1785528459
2026-07-31T20:33:45Z,565,1,1,18,0,0,1,1,1,1785529913
2026-07-31T20:33:45Z,566,2,0,16,1,0,1,1,1,1785529834
2026-07-31T20:33:45Z,567,10,0,16,1,0,1,1,1,1785530016
2026-07-31T20:33:45Z,568,17,1,1,1,0,1,1,1,1785529774
2026-07-31T20:33:45Z,569,1,0,16,2,0,1,1,1,1785528671
2026-07-31T20:33:45Z,570,5,0,12,2,0,1,1,1,1785529851
2026-07-31T20:33:45Z,571,9,3,14,0,0,1,1,1,1785530013
2026-07-31T20:33:45Z,572,5,0,13,1,0,1,1,1,1785530012
2026-07-31T20:33:45Z,573,7,0,7,1,0,1,1,1,1785528946
2026-07-31T20:33:45Z,574,5,1,10,0,0,1,1,1,1785529134
2026-07-31T20:33:45Z,575,3,0,17,1,0,1,1,1,1785529619
2026-07-31T20:33:45Z,576,6,4,13,0,0,1,1,1,1785530011
2026-07-31T20:33:45Z,577,17,1,14,0,0,1,1,1,1785528580
2026-07-31T20:33:45Z,578,1,0,21,1,0,1,1,1,1785529962
2026-07-31T20:33:45Z,579,31,1,12,0,0,1,1,1,1785529630
2026-07-31T20:33:45Z,580,8,2,21,0,0,1,1,1,1785529827
2026-07-31T20:33:45Z,581,3,0,16,0,0,1,1,1,1785529503
2026-07-31T20:33:45Z,582,24,1,35,2,0,1,1,1,1785529902
2026-07-31T20:33:45Z,583,5,0,17,1,0,1,1,1,1785529966
2026-07-31T20:33:45Z,584,5,0,10,4,0,1,1,1,1785529494
2026-07-31T20:33:45Z,585,8,0,18,0,1,1,1,1,1785529894
2026-07-31T20:33:45Z,586,32,1,1,2,0,1,1,1,1785529699
2026-07-31T20:33:45Z,587,6,0,17,1,0,1,1,1,1785529882
2026-07-31T20:33:45Z,588,12,3,4,2,1,1,1,1,1785529828
2026-07-31T20:33:45Z,589,3,0,19,0,0,1,1,1,1785529743
2026-07-31T20:33:45Z,590,6,2,25,0,0,1,1,1,1785529792
2026-07-31T20:33:45Z,591,5,0,23,2,0,1,1,1,1785529999
2026-07-31T20:33:45Z,592,3,0,20,0,0,1,1,1,1785529988
2026-07-31T20:33:45Z,593,24,3,14,0,0,1,1,1,1785529997
2026-07-31T20:33:45Z,594,10,1,9,2,0,1,1,1,1785530008
2026-07-31T20:33:45Z,595,0,0,3,0,0,0,1,1,1784046673
2026-07-31T20:33:45Z,605,0,0,2,1,0,0,1,1,1783975843
2026-07-31T20:33:45Z,606,0,0,0,0,0,0,1,1,86400
2026-07-31T20:33:45Z,607,4,1,27,1,0,1,1,1,1785529943
2026-07-31T20:33:45Z,608,38,2,11,1,0,1,1,1,1785529786
2026-07-31T20:33:45Z,609,14,12,9,0,0,1,1,1,1785529906
2026-07-31T20:33:45Z,610,13,2,21,1,0,1,1,1,1785530005
2026-07-31T20:33:45Z,611,20,4,7,0,0,1,1,1,1785529864
2026-07-31T20:33:45Z,612,7,1,8,0,0,1,1,1,1785522916
2026-07-31T20:33:45Z,613,11,4,1,3,0,1,1,1,1785528243
2026-07-31T20:33:45Z,614,8,6,16,2,1,1,1,1,1785529477
2026-07-31T20:33:45Z,617,4,0,9,2,0,1,1,1,1785529940
2026-07-31T20:33:45Z,618,13,1,1,5,0,1,1,1,1785529167
2026-07-31T20:33:45Z,619,3,1,15,1,0,1,1,1,1785529963
2026-07-31T20:33:45Z,620,15,0,11,1,0,1,1,1,1785529652
2026-07-31T20:33:45Z,621,6,1,17,0,0,1,1,1,1785529943
2026-07-31T20:33:45Z,622,14,0,7,2,0,1,1,1,1785529232
2026-07-31T20:33:45Z,623,24,7,4,2,0,1,1,1,1785530017
2026-07-31T20:33:45Z,624,1,0,14,0,0,1,1,1,1785528431
2026-07-31T20:33:45Z,625,13,2,3,5,0,1,1,1,1785529679
2026-07-31T20:33:45Z,626,37,1,8,0,2,1,1,1,1785529168
2026-07-31T20:33:45Z,627,13,3,6,0,0,1,1,1,1785528343
2026-07-31T20:33:45Z,628,6,6,12,0,1,1,1,1,1785529653
2026-07-31T20:33:45Z,629,3,2,6,2,0,1,1,1,1785529725
2026-07-31T20:33:45Z,630,1,0,23,3,0,1,1,1,1785529819
2026-07-31T20:33:45Z,631,9,5,14,0,0,1,1,1,1785530001
2026-07-31T20:33:45Z,632,21,1,0,2,0,1,1,1,1785529840
2026-07-31T20:33:45Z,633,11,3,1,3,0,1,1,1,1785530006
2026-07-31T20:33:45Z,634,9,2,10,0,0,1,1,1,1785529616
2026-07-31T20:33:45Z,635,15,0,3,1,0,1,1,1,1785529451
2026-07-31T20:33:45Z,636,7,2,8,0,0,1,1,1,1785526430
2026-07-31T20:33:45Z,637,10,2,7,2,0,1,1,1,1785529194
2026-07-31T20:33:45Z,638,6,1,11,2,0,1,1,1,1785529962
2026-07-31T20:33:45Z,639,10,2,7,2,0,1,1,1,1785528930
2026-07-31T20:33:45Z,640,8,7,13,2,0,1,1,1,1785529894
2026-07-31T20:33:45Z,641,6,1,21,0,0,1,1,1,1785529870
2026-07-31T20:33:45Z,642,9,3,2,8,0,1,1,1,1785530016
2026-07-31T20:33:45Z,643,8,0,11,8,0,1,1,1,1785530016
2026-07-31T20:33:45Z,644,12,1,2,1,0,1,1,1,1785528211
2026-07-31T20:33:45Z,645,14,1,7,1,1,1,1,1,1785530008
2026-07-31T20:33:45Z,646,2,1,17,0,0,1,1,1,1785529856
2026-07-31T20:33:45Z,647,4,1,27,0,0,1,1,1,1785529533
2026-07-31T20:33:45Z,648,5,0,13,1,0,1,1,1,1785529450
2026-07-31T20:33:45Z,649,3,3,28,0,0,1,1,1,1785529688
2026-07-31T20:33:45Z,650,5,1,9,0,0,1,1,1,1785528260
2026-07-31T20:33:45Z,651,0,0,23,0,0,1,1,1,1785528763
2026-07-31T20:33:45Z,652,1,0,19,3,0,1,1,1,1785529877
2026-07-31T20:33:45Z,653,1,0,18,0,0,1,1,1,1785529729
2026-07-31T20:33:45Z,654,6,2,9,0,0,1,1,1,1785529891
2026-07-31T20:33:45Z,655,8,4,0,4,1,1,1,1,1785529719
2026-07-31T20:33:45Z,656,4,3,15,0,0,1,1,1,1785529897
2026-07-31T20:33:45Z,657,10,4,3,2,2,1,1,1,1785530003
2026-07-31T20:33:45Z,658,7,1,3,0,0,1,1,1,1785526893
2026-07-31T20:33:45Z,659,7,5,6,2,0,1,1,1,1785529408
2026-07-31T20:33:45Z,660,23,6,4,4,0,1,1,1,1785530007
2026-07-31T20:33:45Z,661,16,2,2,1,0,1,1,1,1785530005
2026-07-31T20:33:45Z,662,6,3,14,3,0,1,1,1,1785526394
2026-07-31T20:33:45Z,663,3,0,12,0,0,1,1,1,1785529763
2026-07-31T20:33:45Z,664,18,0,9,0,0,1,1,1,1785529428
2026-07-31T20:33:45Z,665,11,4,4,0,0,1,1,1,1785525553
2026-07-31T20:33:45Z,666,4,2,8,3,0,1,1,1,1785526234
2026-07-31T20:33:45Z,667,17,3,1,1,0,1,1,1,1785529748
2026-07-31T20:33:45Z,668,2,0,17,0,0,1,1,1,1785529594
2026-07-31T20:33:45Z,669,10,3,2,2,0,1,1,1,1785529833
2026-07-31T20:33:45Z,670,20,0,4,3,0,1,1,1,1785530018
2026-07-31T20:33:45Z,671,15,4,10,2,0,1,1,1,1785529813
2026-07-31T20:33:45Z,672,4,0,16,2,1,1,1,1,1785529215
2026-07-31T20:33:45Z,673,12,0,11,0,0,1,1,1,1785529839
2026-07-31T20:33:45Z,674,8,1,13,2,0,1,1,1,1785529810
2026-07-31T20:33:45Z,675,3,1,10,2,0,1,1,1,1785528049
2026-07-31T20:33:45Z,676,6,0,15,1,0,1,1,1,1785529928
2026-07-31T20:33:45Z,681,12,2,0,3,0,1,1,1,1785530005
2026-07-31T20:33:45Z,682,6,1,13,0,0,1,1,1,1785529048
2026-07-31T20:33:45Z,683,1,1,18,0,0,1,1,1,1785527602
2026-07-31T20:33:45Z,684,3,1,24,0,0,1,1,1,1785518528
2026-07-31T20:33:45Z,685,4,0,21,1,1,1,1,1,1785529932
2026-07-31T20:33:45Z,686,9,0,15,3,0,1,1,1,1785529880
2026-07-31T20:33:45Z,687,13,1,16,1,1,1,1,1,1785529907
2026-07-31T20:33:45Z,688,11,0,1,7,0,1,1,1,1785510286
2026-07-31T20:33:45Z,692,6,3,15,0,0,1,1,1,1785529367
2026-07-31T20:33:45Z,693,6,0,2,3,0,1,1,1,1785528821
2026-07-31T20:33:45Z,694,12,6,9,0,0,1,1,1,1785528673
2026-07-31T20:33:45Z,695,6,6,17,0,0,1,1,1,1785529796
2026-07-31T20:33:45Z,696,9,4,14,0,0,1,1,1,1785529890
2026-07-31T20:33:45Z,697,16,5,7,0,0,1,1,1,1785530010
2026-07-31T20:33:45Z,698,21,2,6,0,0,1,1,1,1785529999
2026-07-31T20:33:45Z,699,5,0,9,1,0,1,1,1,1785529200
2026-07-31T20:33:45Z,700,15,0,2,2,0,1,1,1,1785529568
2026-07-31T20:33:45Z,701,17,4,2,0,0,1,1,1,1785529873
2026-07-31T20:33:45Z,702,5,1,17,1,0,1,1,1,1785529757
2026-07-31T20:33:45Z,704,2,0,13,0,0,1,1,1,1785529976
2026-07-31T20:33:45Z,705,2,1,13,0,0,1,1,1,1785529442
2026-07-31T20:33:45Z,706,4,1,9,2,0,1,1,1,1785529699
2026-07-31T20:33:45Z,707,8,1,7,0,0,1,1,1,1785529323
2026-07-31T20:33:45Z,708,4,0,14,1,0,1,1,1,1785529759
2026-07-31T20:33:45Z,709,5,0,7,3,0,1,1,1,1785529873
2026-07-31T20:33:45Z,710,1,1,17,1,0,1,1,1,1785529963
2026-07-31T20:33:45Z,711,6,2,14,3,0,1,1,1,1785529785
2026-07-31T20:33:45Z,712,10,9,5,0,0,1,1,1,1785529426
2026-07-31T20:33:45Z,713,2,1,21,0,0,1,1,1,1785529917
2026-07-31T20:33:45Z,716,4,3,11,0,0,1,1,1,1785529104
2026-07-31T20:33:45Z,717,4,2,19,2,0,1,1,1,1785529894
2026-07-31T20:33:45Z,718,8,2,5,2,0,1,1,1,1785529307
2026-07-31T20:33:45Z,719,7,1,22,0,0,1,1,1,1785528415
2026-07-31T20:33:45Z,720,0,0,19,0,0,1,1,1,1785529375
2026-07-31T20:33:45Z,721,6,0,13,4,0,1,1,1,1785529674
2026-07-31T20:33:45Z,722,6,0,9,0,0,1,1,1,1785529147
2026-07-31T20:33:45Z,723,13,2,10,0,0,1,1,1,1785529350
2026-07-31T20:33:45Z,724,6,1,17,0,0,1,1,1,1785529511
2026-07-31T20:33:45Z,725,2,0,21,0,0,1,1,1,1785529990
2026-07-31T20:33:45Z,726,1,1,17,1,0,1,1,1,1785528759
2026-07-31T20:33:45Z,727,10,5,12,1,0,1,1,1,1785528398
2026-07-31T20:33:45Z,728,10,1,4,1,0,1,1,1,1785529678
2026-07-31T20:33:45Z,729,2,0,17,0,0,1,1,1,1785529692
2026-07-31T20:33:45Z,730,0,0,12,3,0,1,1,1,1785529965
2026-07-31T20:33:45Z,731,8,3,5,2,0,1,1,1,1785529414
2026-07-31T20:33:45Z,732,2,2,13,0,0,1,1,1,1785529495
2026-07-31T20:33:45Z,733,7,0,20,0,0,1,1,1,1785529988
2026-07-31T20:33:45Z,734,6,3,8,0,0,1,1,1,1785528516
2026-07-31T20:33:45Z,735,17,10,10,0,0,1,1,1,1785529818
2026-07-31T20:33:45Z,736,13,2,6,0,0,1,1,1,1785529848
2026-07-31T20:33:45Z,737,2,1,12,0,1,1,1,1,1785529894
2026-07-31T20:33:45Z,738,15,6,4,0,0,1,1,1,1785529792
2026-07-31T20:33:45Z,739,17,0,9,1,0,1,1,1,1785529591
2026-07-31T20:33:45Z,741,9,0,14,0,0,1,1,1,1785529744
2026-07-31T20:33:45Z,742,18,6,16,1,0,1,1,1,1785529739
2026-07-31T20:33:45Z,743,6,3,13,0,0,1,1,1,1785529801
2026-07-31T20:33:45Z,744,10,2,5,0,0,1,1,1,1785529589
2026-07-31T20:33:45Z,745,12,4,7,0,0,1,1,1,1785528321
2026-07-31T20:33:45Z,746,1,0,21,1,0,1,1,1,1785529161
2026-07-31T20:33:45Z,747,0,0,4,0,0,0,1,1,1783446606
2026-07-31T20:33:45Z,748,9,1,14,0,0,1,1,1,1785529175
2026-07-31T20:33:45Z,749,1,0,21,1,0,1,1,1,1785530005
2026-07-31T20:33:45Z,750,2,2,9,0,0,1,1,1,1785529801
2026-07-31T20:33:45Z,751,17,17,6,0,0,1,1,1,1785529854
2026-07-31T20:33:45Z,752,8,0,8,1,0,1,1,1,1785529507
2026-07-31T20:33:45Z,753,4,0,10,1,0,1,1,1,1785529471
2026-07-31T20:33:45Z,754,8,3,7,0,0,1,1,1,1785528777
2026-07-31T20:33:45Z,755,7,1,15,1,0,1,1,1,1785529552
2026-07-31T20:33:45Z,756,16,16,20,1,0,1,1,1,1785529928
2026-07-31T20:33:45Z,757,4,3,15,0,0,1,1,1,1785529966
2026-07-31T20:33:45Z,758,1,0,22,0,0,1,1,1,1785530015
2026-07-31T20:33:45Z,759,0,0,0,0,0,1,1,1,86400
2026-07-31T20:33:45Z,760,10,3,9,0,0,1,1,1,1785529267
2026-07-31T20:33:45Z,761,9,3,13,1,0,1,1,1,1785529599
2026-07-31T20:33:45Z,762,3,2,7,5,0,1,1,1,1785529409
2026-07-31T20:33:45Z,768,7,0,8,4,0,1,1,1,1785528519
2026-07-31T20:33:45Z,769,11,9,6,2,0,1,1,1,1785529977
2026-07-31T20:33:45Z,770,6,2,11,2,0,1,1,1,1785529936
2026-07-31T20:33:45Z,771,11,1,3,1,0,1,1,1,1785529384
2026-07-31T20:33:45Z,772,2,0,13,0,0,1,1,1,1785529995
2026-07-31T20:33:45Z,773,18,4,1,0,0,1,1,1,1785529846
2026-07-31T20:33:45Z,774,8,1,3,4,0,1,1,1,1785529714
2026-07-31T20:33:45Z,775,6,1,11,1,1,1,1,1,1785529386
2026-07-31T20:33:45Z,776,2,1,18,1,0,1,1,1,1785528898
2026-07-31T20:33:45Z,777,12,2,3,0,0,1,1,1,1785529818
2026-07-31T20:33:45Z,778,11,0,4,4,0,1,1,1,1785529834
2026-07-31T20:33:45Z,779,6,0,12,1,0,1,1,1,1785529198
2026-07-31T20:33:45Z,780,3,1,16,0,0,1,1,1,1785530007
2026-07-31T20:33:45Z,781,2,1,7,2,0,1,1,1,1785528731
2026-07-31T20:33:45Z,782,0,0,15,4,0,1,1,1,1785529703
2026-07-31T20:33:45Z,783,9,2,10,0,0,1,1,1,1785528950
2026-07-31T20:33:45Z,784,3,0,16,0,0,1,1,1,1785528486
2026-07-31T20:33:45Z,785,10,2,3,6,0,1,1,1,1785529090
2026-07-31T20:33:45Z,786,10,5,9,0,0,1,1,1,1785528750
2026-07-31T20:33:45Z,787,5,3,9,1,0,1,1,1,1785528863
2026-07-31T20:33:45Z,788,2,0,13,0,0,1,1,1,1785529354
2026-07-31T20:33:45Z,789,8,2,3,4,0,1,1,1,1785529823
2026-07-31T20:33:45Z,790,2,0,21,0,0,1,1,1,1785529490
2026-07-31T20:33:45Z,791,9,0,9,0,1,1,1,1,1785529679
2026-07-31T20:33:45Z,793,4,0,10,1,0,1,1,1,1785529685
2026-07-31T20:33:45Z,794,10,3,17,2,0,1,1,1,1785529999
2026-07-31T20:33:45Z,796,5,3,13,1,0,1,1,1,1785529566
2026-07-31T20:33:45Z,797,3,1,12,0,0,1,1,1,1785529105
2026-07-31T20:33:45Z,798,14,0,10,1,0,1,1,1,1785529652
2026-07-31T20:33:45Z,799,13,2,2,4,0,1,1,1,1785529986
2026-07-31T20:33:45Z,800,0,0,20,1,0,1,1,1,1785529176
2026-07-31T20:33:45Z,801,7,2,12,2,0,1,1,1,1785529962
2026-07-31T20:33:45Z,802,8,0,23,0,0,1,1,1,1785529791
2026-07-31T20:33:45Z,803,0,0,15,0,0,1,1,1,1785529321
2026-07-31T20:33:45Z,806,1,0,13,1,0,1,1,1,1785526582
2026-07-31T20:33:45Z,807,9,5,13,3,0,1,1,1,1785529476
2026-07-31T20:33:45Z,808,17,7,6,2,0,1,1,1,1785529738
2026-07-31T20:33:45Z,809,4,1,18,1,0,1,1,1,1785529569
2026-07-31T20:33:45Z,810,4,2,13,2,0,1,1,1,1785529938
2026-07-31T20:33:45Z,815,1,1,8,5,1,1,1,1,1785529925
2026-07-31T20:33:45Z,817,14,7,1,0,0,1,1,1,1785529957
2026-07-31T20:33:45Z,818,4,0,19,0,0,1,1,1,1785528376
2026-07-31T20:33:45Z,819,10,4,5,0,0,1,1,1,1785525935
2026-07-31T20:33:45Z,820,9,1,8,0,0,1,1,1,1785528737
2026-07-31T20:33:45Z,821,3,2,12,0,0,1,1,1,1785529653
2026-07-31T20:33:45Z,822,12,2,9,2,0,1,1,1,1785529878
2026-07-31T20:33:45Z,823,15,1,0,0,0,1,1,1,1785529978
2026-07-31T20:33:45Z,824,5,3,13,1,0,1,1,1,1785529839
2026-07-31T20:33:45Z,825,6,4,9,0,0,1,1,1,1785529073
2026-07-31T20:33:45Z,826,7,0,10,2,0,1,1,1,1785529688
2026-07-31T20:33:45Z,827,19,3,0,2,0,1,1,1,1785528791
2026-07-31T20:33:45Z,828,11,1,5,2,0,1,1,1,1785529913
2026-07-31T20:33:45Z,829,17,6,10,0,0,1,1,1,1785529020
2026-07-31T20:33:45Z,830,18,0,4,1,0,1,1,1,1785529199
2026-07-31T20:33:45Z,831,6,3,7,2,0,1,1,1,1785529088
2026-07-31T20:33:45Z,832,7,2,8,3,0,1,1,1,1785530012
2026-07-31T20:33:45Z,833,1,1,17,1,0,1,1,1,1785529005
2026-07-31T20:33:45Z,834,22,0,0,2,0,1,1,1,1785529909
2026-07-31T20:33:45Z,835,1,0,16,1,0,1,1,1,1785529305
2026-07-31T20:33:45Z,838,5,2,8,2,0,1,1,1,1785529841
2026-07-31T20:33:45Z,839,15,0,13,1,0,1,1,1,1785529356
2026-07-31T20:33:45Z,840,1,0,27,1,0,1,1,1,1785529201
2026-07-31T20:33:45Z,841,7,1,8,0,0,1,1,1,1785529075
2026-07-31T20:33:45Z,842,2,0,21,0,0,1,1,1,1785528991
2026-07-31T20:33:45Z,843,14,2,17,0,0,1,1,1,1785529465
2026-07-31T20:33:45Z,844,6,0,17,0,0,1,1,1,1785529973
2026-07-31T20:33:45Z,845,4,3,13,2,0,1,1,1,1785529339
2026-07-31T20:33:45Z,846,3,1,15,1,0,1,1,1,1785528475
2026-07-31T20:33:45Z,847,7,1,19,1,0,1,1,1,1785528689
2026-07-31T20:33:45Z,848,3,1,15,1,0,1,1,1,1785529616
2026-07-31T20:33:45Z,849,9,0,5,1,0,1,1,1,1785529555
2026-07-31T20:33:45Z,850,3,0,8,0,0,1,1,1,1785529982
2026-07-31T20:33:45Z,851,3,3,31,3,0,1,1,1,1785529455
2026-07-31T20:33:45Z,852,9,3,10,0,0,1,1,1,1785529022
2026-07-31T20:33:45Z,853,12,5,11,0,0,1,1,1,1785529993
2026-07-31T20:33:45Z,854,2,1,13,0,0,1,1,1,1785529956
2026-07-31T20:33:45Z,855,26,0,1,0,0,1,1,1,1785529894
2026-07-31T20:33:45Z,857,6,4,11,2,0,1,1,1,1785529611
2026-07-31T20:33:45Z,858,5,2,13,1,0,1,1,1,1785529742
2026-07-31T20:33:45Z,859,8,0,12,1,0,1,1,1,1785529918
2026-07-31T20:33:45Z,861,6,0,4,1,0,1,1,1,1785528609
2026-07-31T20:33:45Z,862,4,2,11,0,0,1,1,1,1785529117
2026-07-31T20:33:45Z,863,13,0,5,1,0,1,1,1,1785529013
2026-07-31T20:33:45Z,866,12,3,7,0,0,1,1,1,1785529493
2026-07-31T20:33:45Z,867,14,2,1,0,0,1,1,1,1785528720
2026-07-31T20:33:45Z,868,7,0,8,0,0,1,1,1,1785528970
2026-07-31T20:33:45Z,870,9,5,6,0,0,1,1,1,1785529196
2026-07-31T20:33:45Z,871,0,0,10,1,0,1,1,1,1785528526
2026-07-31T20:33:45Z,872,0,0,14,1,0,1,1,1,1785529104
2026-07-31T20:33:45Z,873,11,0,21,1,0,1,1,1,1785529817
2026-07-31T20:33:45Z,874,5,0,7,3,0,1,1,1,1785529243
2026-07-31T20:33:45Z,875,9,6,4,2,0,1,1,1,1785529319
2026-07-31T20:33:45Z,877,13,12,6,0,0,1,1,1,1785528788
2026-07-31T20:33:45Z,878,3,3,16,0,0,1,1,1,1785529363
2026-07-31T20:33:45Z,879,1,0,18,0,0,1,1,1,1785529272
2026-07-31T20:33:45Z,880,0,0,22,1,0,1,1,1,1785529409
2026-07-31T20:33:45Z,881,2,0,17,0,0,1,1,1,1785529224
2026-07-31T20:33:45Z,882,9,4,9,1,0,1,1,1,1785513298
2026-07-31T20:33:45Z,883,9,4,10,0,0,1,1,1,1785529422
2026-07-31T20:33:45Z,884,10,6,11,0,0,1,1,1,1785528807
2026-07-31T20:33:45Z,885,0,0,19,0,0,1,1,1,1785529023
2026-07-31T20:33:45Z,886,9,1,19,1,0,1,1,1,1785529942
2026-07-31T20:33:45Z,887,7,3,7,3,0,1,1,1,1785529690
2026-07-31T20:33:45Z,888,15,0,24,1,1,1,1,1,1785530014
2026-07-31T20:33:45Z,889,3,0,14,2,0,1,1,1,1785529843
2026-07-31T20:33:45Z,890,8,4,7,0,0,1,1,1,1785527402
2026-07-31T20:33:45Z,891,21,0,1,1,0,1,1,1,1785529830
2026-07-31T20:33:45Z,892,9,1,6,0,0,1,1,1,1785523247
2026-07-31T20:33:45Z,895,3,0,16,0,0,1,1,1,1785527858
2026-07-31T20:33:45Z,896,9,2,26,0,0,1,1,1,1785529854
2026-07-31T20:33:45Z,897,12,1,9,0,0,1,1,1,1785529260
2026-07-31T20:33:45Z,898,3,0,16,0,0,1,1,1,1785529572
2026-07-31T20:33:45Z,899,0,0,18,1,0,1,1,1,1785529991
2026-07-31T20:33:45Z,900,2,1,25,0,0,1,1,1,1785529955
2026-07-31T20:33:45Z,901,3,1,15,1,0,1,1,1,1785529714
2026-07-31T20:33:45Z,902,6,1,9,0,0,1,1,1,1785528849
2026-07-31T20:33:45Z,903,6,2,12,1,0,1,1,1,1785529312
2026-07-31T20:33:45Z,904,10,4,8,1,0,1,1,1,1785529862
2026-07-31T20:33:45Z,905,7,1,19,1,0,1,1,1,1785529866
2026-07-31T20:33:45Z,906,17,5,9,1,0,1,1,1,1785529935
2026-07-31T20:33:45Z,907,5,0,26,0,0,1,1,1,1785529636
2026-07-31T20:33:45Z,908,9,1,14,0,0,1,1,1,1785529661
2026-07-31T20:33:45Z,909,6,5,17,0,0,1,1,1,1785529858
2026-07-31T20:33:45Z,910,5,0,25,1,0,1,1,1,1785529891
2026-07-31T20:33:45Z,911,4,1,15,0,0,1,1,1,1785528876
2026-07-31T20:33:45Z,912,9,0,13,1,0,1,1,1,1785529941
2026-07-31T20:33:45Z,913,7,4,12,0,0,1,1,1,1785529872
2026-07-31T20:33:45Z,914,15,0,4,0,0,1,1,1,1785529655
2026-07-31T20:33:45Z,915,14,1,7,2,0,1,1,1,1785529834
2026-07-31T20:33:45Z,916,4,2,18,1,0,1,1,1,1785529759
2026-07-31T20:33:45Z,917,13,1,21,1,0,1,1,1,1785529400
2026-07-31T20:33:45Z,918,10,2,7,2,0,1,1,1,1785530015
2026-07-31T20:33:45Z,919,9,2,29,1,0,1,1,1,1785530020
2026-07-31T20:33:45Z,920,7,2,12,0,0,1,1,1,1785529655
2026-07-31T20:33:45Z,921,16,2,5,0,0,1,1,1,1785529460
2026-07-31T20:33:45Z,922,1,1,20,0,0,1,1,1,1785529886
2026-07-31T20:33:45Z,923,0,0,19,0,0,1,1,1,1785528939
2026-07-31T20:33:45Z,924,7,0,13,1,0,1,1,1,1785528229
2026-07-31T20:33:45Z,925,11,0,10,0,0,1,1,1,1785529549
2026-07-31T20:33:45Z,926,1,0,20,0,0,1,1,1,1785529631
2026-07-31T20:33:45Z,927,28,1,6,1,0,1,1,1,1785529261
2026-07-31T20:33:45Z,928,0,0,19,0,0,0,1,1,1785500252
2026-07-31T20:33:45Z,929,21,2,2,0,0,1,1,1,1785530000
2026-07-31T20:33:45Z,930,3,0,27,1,0,1,1,1,1785529986
2026-07-31T20:33:45Z,931,10,2,12,1,0,1,1,1,1785529905
2026-07-31T20:33:45Z,932,0,0,17,2,0,1,1,1,1785529887
2026-07-31T20:33:45Z,933,16,2,6,1,0,1,1,1,1785529899
2026-07-31T20:33:45Z,934,20,1,10,1,0,1,1,1,1785529283
2026-07-31T20:33:45Z,935,5,0,13,1,0,1,1,1,1785529731
2026-07-31T20:33:45Z,936,12,0,7,0,0,1,1,1,1785529965
2026-07-31T20:33:45Z,940,3,1,7,1,0,1,1,1,1785529534
2026-07-31T20:33:45Z,941,16,0,6,3,0,1,1,1,1785530002
2026-07-31T20:33:45Z,942,16,1,5,0,0,1,1,1,1785529549
2026-07-31T20:33:45Z,943,8,8,7,0,0,1,1,1,1785529190
2026-07-31T20:33:45Z,944,10,8,5,0,0,1,1,1,1785529034
2026-07-31T20:33:45Z,945,10,8,5,0,0,1,1,1,1785528558
2026-07-31T20:33:45Z,946,7,5,12,0,0,1,1,1,1785523835
2026-07-31T20:33:45Z,947,7,5,10,0,0,1,1,1,1785529054
2026-07-31T20:33:45Z,948,10,9,18,3,0,1,1,1,1785529894
2026-07-31T20:33:45Z,949,0,0,15,0,0,1,1,1,1785529687
2026-07-31T20:33:45Z,950,7,1,8,2,0,1,1,1,1785529981
2026-07-31T20:33:45Z,951,17,5,6,0,0,1,1,1,1785529713
2026-07-31T20:33:45Z,952,22,0,31,2,0,1,1,1,1785529987
2026-07-31T20:33:45Z,953,2,0,12,1,0,1,1,1,1785529643
2026-07-31T20:33:45Z,954,7,0,12,0,0,1,1,1,1785529375
2026-07-31T20:33:45Z,955,9,4,11,6,1,1,1,1,1785529852
2026-07-31T20:33:45Z,956,5,0,17,1,0,1,1,1,1785529931
2026-07-31T20:33:45Z,957,7,1,21,1,0,1,1,1,1785529582
2026-07-31T20:33:45Z,958,25,2,4,2,0,1,1,1,1785529980
2026-07-31T20:33:45Z,959,1,1,20,2,0,1,1,1,1785529932
2026-07-31T20:33:45Z,960,1,0,21,1,0,1,1,1,1785530008
2026-07-31T20:33:45Z,961,5,1,15,3,0,1,1,1,1785529818
2026-07-31T20:33:45Z,962,8,3,24,3,0,1,1,1,1785529617
2026-07-31T20:33:45Z,963,4,0,18,1,0,1,1,1,1785529974
2026-07-31T20:33:45Z,964,13,8,10,0,0,1,1,1,1785529810
2026-07-31T20:33:45Z,965,10,6,16,1,0,1,1,1,1785529448
2026-07-31T20:33:45Z,966,14,0,16,1,0,1,1,1,1785530018
2026-07-31T20:33:45Z,967,6,0,13,2,0,1,1,1,1785529953
2026-07-31T20:33:45Z,968,12,0,6,1,0,1,1,1,1785529069
2026-07-31T20:33:45Z,969,0,0,25,2,0,1,1,1,1785529971
2026-07-31T20:33:45Z,970,1,1,17,1,0,1,1,1,1785529741
2026-07-31T20:33:45Z,971,2,0,20,1,0,1,1,1,1785529954
2026-07-31T20:33:45Z,972,12,4,10,1,0,1,1,1,1785529068
2026-07-31T20:33:45Z,973,6,0,16,1,0,1,1,1,1785528828
2026-07-31T20:33:45Z,974,14,0,13,0,0,1,1,1,1785529985
2026-07-31T20:33:45Z,977,3,0,16,2,0,1,1,1,1785529607
2026-07-31T20:33:45Z,978,19,0,4,0,0,1,1,1,1785529115
2026-07-31T20:33:45Z,979,6,1,11,0,0,1,1,1,1785529833
2026-07-31T20:33:45Z,980,7,0,13,1,0,1,1,1,1785529913
2026-07-31T20:33:45Z,981,1,0,20,0,0,1,1,1,1785529927
2026-07-31T20:33:45Z,982,4,1,14,1,0,1,1,1,1785529188
2026-07-31T20:33:45Z,983,4,3,19,0,0,1,1,1,1785529571
2026-07-31T20:33:45Z,984,7,0,16,0,0,1,1,1,1785529249
2026-07-31T20:33:45Z,985,5,1,26,0,0,1,1,1,1785529975
2026-07-31T20:33:45Z,986,3,0,16,0,0,1,1,1,1785529110
2026-07-31T20:33:45Z,987,6,0,17,0,0,1,1,1,1785529686
2026-07-31T20:33:45Z,988,8,4,11,0,0,1,1,1,1785529281
2026-07-31T20:33:45Z,989,7,4,12,0,0,1,1,1,1785528282
2026-07-31T20:33:45Z,990,12,0,2,1,0,1,1,1,1785529278
2026-07-31T20:33:45Z,991,9,0,9,1,0,1,1,1,1785529013
2026-07-31T20:33:45Z,992,9,5,14,0,0,1,1,1,1785529901
2026-07-31T20:33:45Z,993,5,5,21,1,0,1,1,1,1785529849
2026-07-31T20:33:45Z,994,0,0,21,0,0,1,1,1,1785528327
2026-07-31T20:33:45Z,995,6,0,21,0,0,1,1,1,1785529353
2026-07-31T20:33:45Z,996,8,2,15,0,0,1,1,1,1785529187
2026-07-31T20:33:45Z,997,5,4,6,9,3,1,1,1,1785529772
2026-07-31T20:33:45Z,998,5,4,18,0,0,1,1,1,1785529445
2026-07-31T20:33:45Z,999,4,1,15,1,1,1,1,1,1785529154
2026-07-31T20:33:45Z,1000,1,0,20,0,0,1,1,1,1785529990
2026-07-31T20:33:45Z,1001,4,2,23,0,0,1,1,1,1785529506
2026-07-31T20:33:45Z,1002,2,2,28,1,0,1,1,1,1785529536
2026-07-31T20:33:45Z,1003,1,0,22,0,0,1,1,1,1785529212
2026-07-31T20:33:45Z,1004,9,2,14,0,0,1,1,1,1785528564
2026-07-31T20:33:45Z,1005,20,1,3,0,0,1,1,1,1785529273
2026-07-31T20:33:45Z,1006,7,4,12,0,0,1,1,1,1785529081
2026-07-31T20:33:45Z,1007,1,1,20,0,0,1,1,1,1785528723
2026-07-31T20:33:45Z,1008,8,7,15,0,0,1,1,1,1785528259
2026-07-31T20:33:45Z,1009,22,5,8,1,0,1,1,1,1785529989
2026-07-31T20:33:45Z,1010,8,2,19,0,0,1,1,1,1785528983
2026-07-31T20:33:45Z,1011,7,2,10,2,0,1,1,1,1785529452
2026-07-31T20:33:45Z,1012,5,3,16,2,0,1,1,1,1785529045
2026-07-31T20:33:45Z,1013,4,1,18,1,0,1,1,1,1785529606
2026-07-31T20:33:45Z,1014,9,4,14,0,0,1,1,1,1785529570
2026-07-31T20:33:45Z,1015,4,3,26,1,0,1,1,1,1785529912
2026-07-31T20:33:45Z,1016,10,5,21,0,0,1,1,1,1785528989
2026-07-31T20:33:45Z,1017,13,5,8,0,0,1,1,1,1785528438
2026-07-31T20:33:45Z,1018,7,3,15,0,0,1,1,1,1785529124
2026-07-31T20:33:45Z,1019,8,5,7,0,0,1,1,1,1785528994
2026-07-31T20:33:45Z,1020,19,5,2,0,0,1,1,1,1785528302
2026-07-31T20:33:45Z,1021,9,4,6,0,0,1,1,1,1785529796
2026-07-31T20:33:45Z,1022,14,0,13,0,0,1,1,1,1785529254
2026-07-31T20:33:45Z,1023,14,2,9,0,0,1,1,1,1785528877
2026-07-31T20:33:45Z,1024,4,2,15,0,0,1,1,1,1785529846
2026-07-31T20:33:45Z,1025,4,0,14,0,1,1,1,1,1785529234
2026-07-31T20:33:45Z,1026,12,9,18,1,0,1,1,1,1785528581
2026-07-31T20:33:45Z,1028,3,1,20,0,0,1,1,1,1785529219
2026-07-31T20:33:45Z,1029,12,10,3,0,0,1,1,1,1785528289
2026-07-31T20:33:45Z,1030,13,4,10,0,0,1,1,1,1785529914
2026-07-31T20:33:45Z,1031,9,1,10,0,0,1,1,1,1785528408
2026-07-31T20:33:45Z,1032,7,1,12,0,0,1,1,1,1785529080
2026-07-31T20:33:45Z,1033,9,5,10,0,0,1,1,1,1785529903
2026-07-31T20:33:45Z,1034,3,0,12,0,0,1,1,1,1785529536
2026-07-31T20:33:45Z,1035,1,0,17,1,0,1,1,1,1785529086
2026-07-31T20:33:45Z,1036,12,0,3,0,0,1,1,1,1785529642
2026-07-31T20:33:45Z,1037,2,0,16,1,0,1,1,1,1785529934
2026-07-31T20:33:45Z,1038,1,0,14,0,0,1,1,1,1785528754
2026-07-31T20:33:45Z,1039,7,1,12,0,0,1,1,1,1785529583
2026-07-31T20:33:45Z,1040,7,5,12,0,0,1,1,1,1785529879
2026-07-31T20:33:45Z,1041,10,2,9,0,0,1,1,1,1785529000
2026-07-31T20:33:45Z,1042,2,0,12,1,0,1,1,1,1785529721
2026-07-31T20:33:45Z,1043,10,5,8,1,0,1,1,1,1785529159
2026-07-31T20:33:45Z,1044,2,1,13,0,0,1,1,1,1785528808
2026-07-31T20:33:45Z,1045,9,0,10,0,0,1,1,1,1785529063
2026-07-31T20:33:45Z,1046,9,0,6,0,0,1,1,1,1785528434
2026-07-31T20:33:45Z,1047,4,0,17,0,0,1,1,1,1785529849
2026-07-31T20:33:45Z,1048,1,0,18,0,0,1,1,1,1785529918
2026-07-31T20:33:45Z,1049,0,0,21,0,0,1,1,1,1785529145
2026-07-31T20:33:45Z,1050,17,4,4,0,0,1,1,1,1785528430
2026-07-31T20:33:45Z,1051,8,3,13,0,0,1,1,1,1785529727
2026-07-31T20:33:45Z,1052,16,1,5,1,0,1,1,1,1785528937
2026-07-31T20:33:45Z,1053,3,2,12,0,0,1,1,1,1785528943
2026-07-31T20:33:45Z,1054,5,1,10,0,0,1,1,1,1785529193
2026-07-31T20:33:45Z,1055,9,2,10,0,0,1,1,1,1785529211
2026-07-31T20:33:45Z,1057,11,1,8,0,0,1,1,1,1785529657
2026-07-31T20:33:45Z,1058,13,1,42,1,0,1,1,1,1785529853
2026-07-31T20:33:45Z,1059,1,1,17,1,0,1,1,1,1785529068
2026-07-31T20:33:45Z,1060,25,0,12,0,0,1,1,1,1785530013
2026-07-31T20:33:45Z,1061,26,0,11,0,0,1,1,1,1785529636
2026-07-31T20:33:45Z,1062,9,1,8,0,0,1,1,1,1785529538
2026-07-31T20:33:45Z,1063,12,1,6,1,0,1,1,1,1785529122
2026-07-31T20:33:45Z,1064,3,0,19,1,0,1,1,1,1785529487
2026-07-31T20:33:45Z,1065,16,3,7,0,0,1,1,1,1785529733
2026-07-31T20:33:45Z,1066,12,2,11,0,0,1,1,1,1785529553
2026-07-31T20:33:45Z,1067,8,2,13,2,0,1,1,1,1785529829
2026-07-31T20:33:45Z,1068,5,2,15,3,0,1,1,1,1785529362
2026-07-31T20:33:45Z,1069,12,3,11,0,0,1,1,1,1785529367
2026-07-31T20:33:45Z,1070,12,2,11,0,0,1,1,1,1785529467
2026-07-31T20:33:45Z,1071,8,4,15,0,0,1,1,1,1785529505
2026-07-31T20:33:45Z,1072,11,1,11,1,0,1,1,1,1785529916
2026-07-31T20:33:45Z,1073,5,1,21,1,0,1,1,1,1785529808
2026-07-31T20:33:45Z,1074,34,7,16,3,0,1,1,1,1785530000
2026-07-31T20:33:45Z,1075,8,8,13,0,0,1,1,1,1785528397
2026-07-31T20:33:45Z,1076,17,14,4,0,0,1,1,1,1785529639
2026-07-31T20:33:45Z,1077,11,7,9,1,0,1,1,1,1785529779
2026-07-31T20:33:45Z,1078,10,9,11,0,0,1,1,1,1785528356
2026-07-31T20:33:45Z,1079,12,8,9,0,0,1,1,1,1785528976
2026-07-31T20:33:45Z,1080,10,7,9,2,0,1,1,1,1785529826
2026-07-31T20:33:45Z,1081,14,8,5,0,0,1,1,1,1785529910
2026-07-31T20:33:45Z,1082,12,11,11,0,0,1,1,1,1785528982
2026-07-31T20:33:45Z,1083,14,12,7,0,0,1,1,1,1785529246
2026-07-31T20:33:45Z,1084,10,8,11,0,0,1,1,1,1785528862
2026-07-31T20:33:45Z,1085,11,8,10,0,0,1,1,1,1785529242
2026-07-31T20:33:45Z,1086,14,11,6,1,0,1,1,1,1785529259
2026-07-31T20:33:45Z,1087,6,6,9,0,0,1,1,1,1785528348
2026-07-31T20:33:45Z,1088,10,7,5,0,0,1,1,1,1785529123
2026-07-31T20:33:45Z,1089,7,3,8,0,0,1,1,1,1785529453
2026-07-31T20:33:45Z,1090,7,6,8,0,0,1,1,1,1785529874
2026-07-31T20:33:45Z,1091,7,5,8,0,0,1,1,1,1785528260
2026-07-31T20:33:45Z,1092,10,9,5,0,0,1,1,1,1785529456
2026-07-31T20:33:45Z,1093,5,5,9,1,0,1,1,1,1785528340
2026-07-31T20:33:45Z,1094,10,9,9,0,0,1,1,1,1785529074
2026-07-31T20:33:45Z,1095,9,8,6,0,0,1,1,1,1785529053
2026-07-31T20:33:45Z,1096,10,8,8,1,0,1,1,1,1785529448
2026-07-31T20:33:45Z,1097,8,8,7,0,0,1,1,1,1785529643
2026-07-31T20:33:45Z,1098,9,7,10,0,0,1,1,1,1785528678
2026-07-31T20:33:45Z,1099,7,6,8,0,0,1,1,1,1785528910
2026-07-31T20:33:45Z,1100,5,3,24,0,0,1,1,1,1785529784
2026-07-31T20:33:45Z,1101,10,5,11,0,0,1,1,1,1785528833
2026-07-31T20:33:45Z,1102,9,4,4,0,0,1,1,1,1785529855
2026-07-31T20:33:45Z,1103,11,5,10,0,0,1,1,1,1785503681
2026-07-31T20:33:45Z,1104,11,6,10,0,0,1,1,1,1785528583
2026-07-31T20:33:45Z,1105,8,4,5,0,0,1,1,1,1785529738
2026-07-31T20:33:45Z,1106,10,5,11,0,0,1,1,1,1785528924
2026-07-31T20:33:45Z,1107,9,5,6,0,0,1,1,1,1785529173
2026-07-31T20:33:45Z,1108,7,3,16,3,1,1,1,1,1785529885
2026-07-31T20:33:45Z,1109,8,4,7,0,0,1,1,1,1785529116
2026-07-31T20:33:45Z,1110,12,4,9,0,0,1,1,1,1785529975
2026-07-31T20:33:45Z,1111,11,6,9,1,0,1,1,1,1785529682
2026-07-31T20:33:45Z,1112,25,0,28,0,0,1,1,1,1785529473
2026-07-31T20:33:45Z,1113,3,0,18,0,0,1,1,1,1785528560
2026-07-31T20:33:45Z,1115,13,2,6,4,0,1,1,1,1785529647
2026-07-31T20:33:45Z,1116,1,0,18,0,0,1,1,1,1785529099
2026-07-31T20:33:45Z,1117,2,0,19,2,0,1,1,1,1785529916
2026-07-31T20:33:45Z,1118,11,1,10,0,0,1,1,1,1785529432
2026-07-31T20:33:45Z,1119,8,0,9,0,0,1,1,1,1785528350
2026-07-31T20:33:45Z,1120,7,0,11,1,0,1,1,1,1785529506
2026-07-31T20:33:45Z,1121,1,0,19,1,0,1,1,1,1785529366
2026-07-31T20:33:45Z,1122,3,2,17,1,0,1,1,1,1785530017
2026-07-31T20:33:45Z,1123,10,8,11,2,0,1,1,1,1785530020
2026-07-31T20:33:45Z,1124,1,0,11,3,0,1,1,1,1785529996
2026-07-31T20:33:45Z,1125,17,1,6,0,0,1,1,1,1785529470
2026-07-31T20:33:45Z,1126,9,0,12,0,0,1,1,1,1785529741
2026-07-31T20:33:45Z,1127,2,0,17,0,0,1,1,1,1785529791
2026-07-31T20:33:45Z,1128,0,0,15,0,0,1,1,1,1785529070
2026-07-31T20:33:45Z,1129,2,1,17,2,0,1,1,1,1785529384
2026-07-31T20:33:45Z,1130,3,0,11,1,0,1,1,1,1785529723
2026-07-31T20:33:45Z,1131,4,3,44,1,0,1,1,1,1785529712
2026-07-31T20:33:45Z,1132,11,5,9,1,0,1,1,1,1785528989
2026-07-31T20:33:45Z,1133,8,5,10,3,0,1,1,1,1785529811
2026-07-31T20:33:45Z,1134,11,5,8,0,0,1,1,1,1785529610
2026-07-31T20:33:45Z,1135,12,6,9,0,0,1,1,1,1785528728
2026-07-31T20:33:45Z,1136,14,0,9,0,0,1,1,1,1785529306
2026-07-31T20:33:45Z,1137,13,0,2,0,0,1,1,1,1785530009
2026-07-31T20:33:45Z,1138,2,0,17,0,0,1,1,1,1785529172
2026-07-31T20:33:45Z,1139,15,2,4,2,0,1,1,1,1785529609
2026-07-31T20:33:45Z,1140,6,2,16,1,0,1,1,1,1785529909
2026-07-31T20:33:45Z,1141,12,6,9,0,0,1,1,1,1785529941
2026-07-31T20:33:45Z,1142,0,0,21,0,0,1,1,1,1785529739
2026-07-31T20:33:45Z,1143,15,1,14,0,0,1,1,1,1785529603
2026-07-31T20:33:45Z,1144,6,0,14,1,0,1,1,1,1785529990
2026-07-31T20:33:45Z,1145,11,5,9,1,0,1,1,1,1785529506
2026-07-31T20:33:45Z,1146,16,13,1,2,0,1,1,1,1785529947
2026-07-31T20:33:45Z,1147,17,2,2,0,0,1,1,1,1785529475
2026-07-31T20:33:45Z,1148,5,0,26,0,0,1,1,1,1785530011
2026-07-31T20:33:45Z,1149,5,4,16,4,0,1,1,1,1785528809
2026-07-31T20:33:45Z,1150,8,0,11,0,0,1,1,1,1785529726
2026-07-31T20:33:45Z,1151,7,0,14,0,0,1,1,1,1785529756
2026-07-31T20:33:45Z,1152,4,0,25,0,0,1,1,1,1785529772
2026-07-31T20:33:45Z,1153,20,2,2,1,0,1,1,1,1785529723
2026-07-31T20:33:45Z,1154,3,0,16,0,0,1,1,1,1785528495
2026-07-31T20:33:45Z,1155,6,1,12,3,0,1,1,1,1785529621
2026-07-31T20:33:45Z,1158,3,1,16,0,0,1,1,1,1785528984
2026-07-31T20:33:45Z,1159,12,0,7,0,0,1,1,1,1785529346
2026-07-31T20:33:45Z,1160,9,2,10,0,0,1,1,1,1785529128
2026-07-31T20:33:45Z,1161,3,0,15,1,0,1,1,1,1785529481
2026-07-31T20:33:45Z,1162,2,1,17,0,0,1,1,1,1785529736
2026-07-31T20:33:45Z,1163,2,1,16,1,0,1,1,1,1785529104
2026-07-31T20:33:45Z,1164,6,1,13,0,0,1,1,1,1785529161
2026-07-31T20:33:45Z,1165,1,0,20,0,0,1,1,1,1785530000
2026-07-31T20:33:45Z,1166,14,3,7,0,0,1,1,1,1785529735
2026-07-31T20:33:45Z,1167,4,0,11,0,0,1,1,1,1785528832
2026-07-31T20:33:45Z,1168,3,0,18,2,0,1,1,1,1785529395
2026-07-31T20:33:45Z,1169,3,0,15,1,0,1,1,1,1785529007
2026-07-31T20:33:45Z,1170,7,1,14,0,0,1,1,1,1785529402
2026-07-31T20:33:45Z,1171,9,8,14,0,0,1,1,1,1785529785
2026-07-31T20:33:45Z,1172,3,0,10,2,0,1,1,1,1785529314
2026-07-31T20:33:45Z,1173,13,4,6,0,0,1,1,1,1785529266
2026-07-31T20:33:45Z,1174,6,3,9,0,0,1,1,1,1785528911
2026-07-31T20:33:45Z,1175,4,3,15,0,0,1,1,1,1785525246
2026-07-31T20:33:45Z,1176,8,2,13,0,0,1,1,1,1785529089
2026-07-31T20:33:45Z,1177,2,1,19,0,0,1,1,1,1785529361
2026-07-31T20:33:45Z,1178,5,2,10,0,0,1,1,1,1785528837
2026-07-31T20:33:45Z,1181,3,0,12,0,0,1,1,1,1785529835
2026-07-31T20:33:45Z,1182,10,0,8,2,0,1,1,1,1785529912
2026-07-31T20:33:45Z,1183,29,2,14,2,0,1,1,1,1785530007
2026-07-31T20:33:45Z,1184,3,2,16,2,0,1,1,1,1785530015
2026-07-31T20:33:45Z,1185,9,5,12,0,0,1,1,1,1785528555
2026-07-31T20:33:45Z,1186,9,5,10,0,0,1,1,1,1785529535
2026-07-31T20:33:45Z,1187,10,5,10,1,0,1,1,1,1785529779
2026-07-31T20:33:45Z,1188,10,5,5,0,0,1,1,1,1785529170
2026-07-31T20:33:45Z,1189,9,4,10,0,0,1,1,1,1785529298
2026-07-31T20:33:45Z,1190,9,4,12,0,0,1,1,1,1785528712
2026-07-31T20:33:45Z,1191,10,5,5,0,0,1,1,1,1785529497
2026-07-31T20:33:45Z,1192,10,6,10,1,0,1,1,1,1785529833
2026-07-31T20:33:45Z,1193,6,4,5,2,0,1,1,1,1785529971
2026-07-31T20:33:45Z,1197,9,6,7,1,0,1,1,1,1785529955
2026-07-31T20:33:45Z,1198,13,4,6,2,0,1,1,1,1785529602
2026-07-31T20:33:45Z,1199,3,0,16,0,0,1,1,1,1785529592
2026-07-31T20:33:45Z,1200,9,5,6,0,0,1,1,1,1785529211
2026-07-31T20:33:45Z,1201,9,4,6,0,0,1,1,1,1785529261
2026-07-31T20:33:45Z,1202,10,5,5,0,0,1,1,1,1785529288
2026-07-31T20:33:45Z,1203,11,5,4,0,0,1,1,1,1785529191
2026-07-31T20:33:45Z,1204,7,4,12,0,0,1,1,1,1785528964
2026-07-31T20:33:45Z,1206,11,5,10,0,0,1,1,1,1785530018
2026-07-31T20:33:45Z,1207,8,4,6,1,0,1,1,1,1785529504
2026-07-31T20:33:45Z,1208,10,4,9,0,0,1,1,1,1785529446
2026-07-31T20:33:45Z,1216,9,0,11,1,0,1,1,1,1785528822
2026-07-31T20:33:45Z,1218,4,0,17,0,0,1,1,1,1785528817
2026-07-31T20:33:45Z,1219,5,1,7,3,0,1,1,1,1785529151
2026-07-31T20:33:45Z,1220,17,6,2,0,0,1,1,1,1785528454
2026-07-31T20:33:45Z,1221,1,1,19,1,0,1,1,1,1785529983
2026-07-31T20:33:45Z,1222,15,2,14,0,0,1,1,1,1785529451
2026-07-31T20:33:45Z,1223,27,1,1,1,0,1,1,1,1785529882
2026-07-31T20:33:45Z,1226,0,0,3,0,0,0,1,1,1781868931
2026-07-31T20:33:45Z,1227,1,0,23,1,0,1,1,1,1785529380
2026-07-31T20:33:45Z,1228,6,5,23,0,0,1,1,1,1785529946
2026-07-31T20:33:45Z,1229,45,1,0,0,0,1,1,1,1785529928
2026-07-31T20:38:45Z,1,11,1,12,0,0,1,1,1,1785530191
2026-07-31T20:38:45Z,2,11,2,13,3,0,1,1,1,1785530220
2026-07-31T20:38:45Z,3,10,1,3,1,0,1,1,1,1785530132
2026-07-31T20:38:45Z,4,21,4,0,1,0,1,1,1,1785530122
2026-07-31T20:38:45Z,5,16,3,5,2,0,1,1,1,1785530181
2026-07-31T20:38:45Z,6,4,0,11,0,0,1,1,1,1785530180
2026-07-31T20:38:45Z,7,4,0,35,0,0,1,1,1,1785529089
2026-07-31T20:38:45Z,8,7,0,36,0,0,1,1,1,1785529815
2026-07-31T20:38:45Z,9,20,1,2,1,0,1,1,1,1785530174
2026-07-31T20:38:45Z,10,1,0,20,2,0,1,1,1,1785527928
2026-07-31T20:38:45Z,11,7,1,10,2,0,1,1,1,1785529616
2026-07-31T20:38:45Z,12,22,0,1,0,0,1,1,1,1785530006
2026-07-31T20:38:45Z,13,8,0,22,0,0,1,1,1,1785530249
2026-07-31T20:38:45Z,14,41,0,1,0,1,1,1,1,1785529449
2026-07-31T20:38:45Z,15,14,0,1,0,0,1,1,1,1785529551
2026-07-31T20:38:45Z,16,5,1,19,2,1,1,1,1,1785530037
2026-07-31T20:38:45Z,17,8,0,18,1,0,1,1,1,1785530287
2026-07-31T20:38:45Z,18,11,1,5,2,0,1,1,1,1785530255
2026-07-31T20:38:45Z,19,14,2,10,3,0,1,1,1,1785530115
2026-07-31T20:38:45Z,20,10,1,25,0,0,1,1,1,1785529025
2026-07-31T20:38:45Z,21,18,2,0,1,0,1,1,1,1785530224
2026-07-31T20:38:45Z,22,29,0,34,2,0,1,1,1,1785530289
2026-07-31T20:38:45Z,23,12,9,19,0,0,1,1,1,1785530098
2026-07-31T20:38:45Z,24,8,2,2,1,0,1,1,1,1785530314
2026-07-31T20:38:45Z,25,75,4,6,0,0,1,1,1,1785530248
2026-07-31T20:38:45Z,26,25,2,2,0,0,1,1,1,1785530115
2026-07-31T20:38:45Z,28,5,0,10,0,0,1,1,1,1785529641
2026-07-31T20:38:45Z,30,13,0,15,1,0,1,1,1,1785529971
2026-07-31T20:38:45Z,31,13,3,5,1,0,1,1,1,1785530030
2026-07-31T20:38:45Z,32,9,4,18,0,0,1,1,1,1785530273
2026-07-31T20:38:45Z,34,16,1,21,0,0,1,1,1,1785530316
2026-07-31T20:38:45Z,35,26,4,19,2,0,1,1,1,1785530317
2026-07-31T20:38:45Z,36,0,0,0,0,0,0,1,1,86400
2026-07-31T20:38:45Z,37,18,2,5,0,0,1,1,1,1785530187
2026-07-31T20:38:45Z,38,10,0,13,0,0,1,1,1,1785530252
2026-07-31T20:38:45Z,39,16,2,23,0,0,1,1,1,1785530274
2026-07-31T20:38:45Z,40,8,0,13,0,0,1,1,1,1785530178
2026-07-31T20:38:45Z,41,33,1,10,0,0,1,1,1,1785529985
2026-07-31T20:38:45Z,42,1,0,30,0,0,1,1,1,1785530221
2026-07-31T20:38:45Z,43,11,2,12,0,0,1,1,1,1785530146
2026-07-31T20:38:45Z,45,16,1,13,0,0,1,1,1,1785529929
2026-07-31T20:38:45Z,46,2,2,28,1,0,1,1,1,1785530271
2026-07-31T20:38:45Z,47,0,0,14,1,0,1,1,1,1785529062
2026-07-31T20:38:45Z,48,18,0,9,0,0,1,1,1,1785530041
2026-07-31T20:38:45Z,49,0,0,19,4,0,1,1,1,1785530318
2026-07-31T20:38:45Z,50,9,8,10,0,0,1,1,1,1785530229
2026-07-31T20:38:45Z,51,49,0,28,0,0,1,1,1,1785529674
2026-07-31T20:38:45Z,52,1,0,23,3,0,1,1,1,1785530141
2026-07-31T20:38:45Z,55,2,0,21,0,0,1,1,1,1785529968
2026-07-31T20:38:45Z,56,30,0,13,0,0,1,1,1,1785530114
2026-07-31T20:38:45Z,57,20,2,6,1,0,1,1,1,1785530211
2026-07-31T20:38:45Z,58,6,2,22,0,0,1,1,1,1785530315
2026-07-31T20:38:45Z,59,5,0,20,2,0,1,1,1,1785530285
2026-07-31T20:38:45Z,61,0,0,39,0,0,1,1,1,1785529980
2026-07-31T20:38:45Z,62,36,17,11,2,0,1,1,1,1785530245
2026-07-31T20:38:45Z,63,15,1,4,0,0,1,1,1,1785530180
2026-07-31T20:38:45Z,64,12,1,3,4,0,1,1,1,1785527230
2026-07-31T20:38:45Z,65,8,4,10,1,0,1,1,1,1785530131
2026-07-31T20:38:45Z,67,33,0,6,0,0,1,1,1,1785530269
2026-07-31T20:38:45Z,68,35,1,1,1,0,1,1,1,1785530285
2026-07-31T20:38:45Z,69,3,2,12,0,0,1,1,1,1785530229
2026-07-31T20:38:45Z,71,16,1,8,3,0,1,1,1,1785530160
2026-07-31T20:38:45Z,72,24,3,4,2,1,1,1,1,1785530163
2026-07-31T20:38:45Z,73,20,0,11,0,0,1,1,1,1785530284
2026-07-31T20:38:45Z,74,2,0,17,0,0,1,1,1,1785529933
2026-07-31T20:38:45Z,75,16,0,15,1,0,1,1,1,1785529675
2026-07-31T20:38:45Z,76,9,1,8,2,0,1,1,1,1785530317
2026-07-31T20:38:45Z,77,4,0,23,0,0,1,1,1,1785530109
2026-07-31T20:38:45Z,78,3,3,20,0,0,1,1,1,1785529960
2026-07-31T20:38:45Z,79,2,0,14,1,0,1,1,1,1785529867
2026-07-31T20:38:45Z,80,11,0,9,3,0,1,1,1,1785530215
2026-07-31T20:38:45Z,81,3,0,28,0,0,1,1,1,1785529692
2026-07-31T20:38:45Z,82,13,7,8,2,0,1,1,1,1785530318
2026-07-31T20:38:45Z,83,7,2,26,1,0,1,1,1,1785530313
2026-07-31T20:38:45Z,84,0,0,26,1,0,1,1,1,1785530012
2026-07-31T20:38:45Z,85,10,1,5,0,0,1,1,1,1785529780
2026-07-31T20:38:45Z,86,1,0,26,0,0,1,1,1,1785529415
2026-07-31T20:38:45Z,87,3,0,16,0,0,1,1,1,1785530229
2026-07-31T20:38:45Z,88,8,0,34,1,0,1,1,1,1785530286
2026-07-31T20:38:45Z,89,31,2,4,0,0,1,1,1,1785530137
2026-07-31T20:38:45Z,90,0,0,17,1,0,1,1,1,1785530118
2026-07-31T20:38:45Z,91,1,0,16,0,0,1,1,1,1785530311
2026-07-31T20:38:45Z,92,5,0,11,3,0,1,1,1,1785530216
2026-07-31T20:38:45Z,93,6,2,17,0,0,1,1,1,1785530318
2026-07-31T20:38:45Z,94,13,0,5,1,0,1,1,1,1785527778
2026-07-31T20:38:45Z,95,4,1,29,1,1,1,1,1,1785530313
2026-07-31T20:38:45Z,96,15,3,15,1,0,1,1,1,1785530140
2026-07-31T20:38:45Z,97,4,3,11,2,0,1,1,1,1785530270
2026-07-31T20:38:45Z,98,28,5,6,1,0,1,1,1,1785530248
2026-07-31T20:38:45Z,99,8,0,7,0,0,1,1,1,1785530193
2026-07-31T20:38:45Z,100,5,0,22,0,0,1,1,1,1785530097
2026-07-31T20:38:45Z,101,14,0,0,1,0,1,1,1,1785529979
2026-07-31T20:38:45Z,102,6,0,17,0,0,1,1,1,1785530185
2026-07-31T20:38:45Z,103,13,2,16,1,0,1,1,1,1785530290
2026-07-31T20:38:45Z,104,20,3,5,2,0,1,1,1,1785530312
2026-07-31T20:38:45Z,105,18,0,1,0,0,1,1,1,1785529401
2026-07-31T20:38:45Z,106,11,0,10,0,0,1,1,1,1785529639
2026-07-31T20:38:45Z,107,20,3,17,0,0,1,1,1,1785530289
2026-07-31T20:38:45Z,108,7,1,26,2,0,1,1,1,1785530182
2026-07-31T20:38:45Z,109,22,2,1,0,0,1,1,1,1785530203
2026-07-31T20:38:45Z,110,13,0,10,0,0,1,1,1,1785530173
2026-07-31T20:38:45Z,111,16,2,20,0,0,1,1,1,1785530274
2026-07-31T20:38:45Z,112,3,2,11,1,0,1,1,1,1785530150
2026-07-31T20:38:45Z,113,11,1,7,1,0,1,1,1,1785530121
2026-07-31T20:38:45Z,114,15,6,14,1,1,1,1,1,1785530270
2026-07-31T20:38:45Z,115,15,11,9,4,0,1,1,1,1785530228
2026-07-31T20:38:45Z,116,14,11,11,2,0,1,1,1,1785529913
2026-07-31T20:38:45Z,118,14,1,7,2,0,1,1,1,1785530037
2026-07-31T20:38:45Z,119,1,1,35,2,0,1,1,1,1785530269
2026-07-31T20:38:45Z,120,3,0,22,2,0,1,1,1,1785530239
2026-07-31T20:38:45Z,121,0,0,16,2,1,1,1,1,1785530312
2026-07-31T20:38:45Z,122,5,0,16,0,0,1,1,1,1785529056
2026-07-31T20:38:45Z,123,21,1,26,0,0,1,1,1,1785530236
2026-07-31T20:38:45Z,124,5,2,30,0,0,1,1,1,1785530256
2026-07-31T20:38:45Z,125,2,0,20,1,0,1,1,1,1785530182
2026-07-31T20:38:45Z,126,18,0,13,0,0,1,1,1,1785528553
2026-07-31T20:38:45Z,127,15,2,19,1,0,1,1,1,1785530143
2026-07-31T20:38:45Z,128,5,0,14,0,0,1,1,1,1785530219
2026-07-31T20:38:45Z,129,1,1,16,2,0,1,1,1,1785529979
2026-07-31T20:38:45Z,130,4,0,12,1,0,1,1,1,1785529946
2026-07-31T20:38:45Z,131,4,4,7,0,0,1,1,1,1785530115
2026-07-31T20:38:45Z,132,6,4,8,0,1,1,1,1,1785530188
2026-07-31T20:38:45Z,134,13,2,6,4,0,1,1,1,1785530303
2026-07-31T20:38:45Z,135,3,1,14,2,0,1,1,1,1785529989
2026-07-31T20:38:45Z,136,1,0,14,2,6,1,1,1,1785530228
2026-07-31T20:38:45Z,137,5,5,12,2,0,1,1,1,1785530180
2026-07-31T20:38:45Z,138,7,0,30,0,0,1,1,1,1785529839
2026-07-31T20:38:45Z,139,3,0,16,0,0,1,1,1,1785530282
2026-07-31T20:38:45Z,140,3,0,19,1,0,1,1,1,1785530317
2026-07-31T20:38:45Z,141,4,0,32,0,0,1,1,1,1785530091
2026-07-31T20:38:45Z,142,3,1,20,0,0,1,1,1,1785529998
2026-07-31T20:38:45Z,143,9,0,22,0,0,1,1,1,1785530071
2026-07-31T20:38:45Z,144,13,0,14,0,0,1,1,1,1785530220
2026-07-31T20:38:45Z,146,15,1,7,1,0,1,1,1,1785530189
2026-07-31T20:38:45Z,147,0,0,17,2,0,1,1,1,1785530195
2026-07-31T20:38:45Z,148,2,1,22,4,0,1,1,1,1785530306
2026-07-31T20:38:45Z,149,3,0,24,0,0,1,1,1,1785530185
2026-07-31T20:38:45Z,150,9,1,23,3,0,1,1,1,1785530230
2026-07-31T20:38:45Z,151,4,0,19,0,0,1,1,1,1785530215
2026-07-31T20:38:45Z,152,6,3,17,3,0,1,1,1,1785530239
2026-07-31T20:38:45Z,153,2,1,24,2,0,1,1,1,1785530155
2026-07-31T20:38:45Z,154,8,0,12,3,0,1,1,1,1785530319
2026-07-31T20:38:45Z,155,2,0,11,1,0,1,1,1,1785530268
2026-07-31T20:38:45Z,156,7,0,12,0,0,1,1,1,1785530300
2026-07-31T20:38:45Z,157,5,0,20,2,0,1,1,1,1785530313
2026-07-31T20:38:45Z,158,3,2,13,0,0,1,1,1,1785529697
2026-07-31T20:38:45Z,159,2,1,16,1,0,1,1,1,1785530038
2026-07-31T20:38:45Z,160,3,0,16,0,0,1,1,1,1785529547
2026-07-31T20:38:45Z,161,9,0,13,0,0,1,1,1,1785530250
2026-07-31T20:38:45Z,162,21,11,3,3,0,1,1,1,1785529895
2026-07-31T20:38:45Z,163,10,0,20,0,1,1,1,1,1785530283
2026-07-31T20:38:45Z,164,14,0,13,0,0,1,1,1,1785530052
2026-07-31T20:38:45Z,165,29,4,2,0,0,1,1,1,1785530263
2026-07-31T20:38:45Z,166,6,2,29,4,0,1,1,1,1785530317
2026-07-31T20:38:45Z,167,7,2,15,1,0,1,1,1,1785530207
2026-07-31T20:38:45Z,168,1,0,23,3,0,1,1,1,1785530259
2026-07-31T20:38:45Z,169,8,0,14,0,1,1,1,1,1785530298
2026-07-31T20:38:45Z,170,3,1,15,1,0,1,1,1,1785530269
2026-07-31T20:38:45Z,171,9,1,2,2,0,1,1,1,1785530171
2026-07-31T20:38:45Z,173,14,3,25,0,0,1,1,1,1785530318
2026-07-31T20:38:45Z,174,5,1,21,0,0,1,1,1,1785530271
2026-07-31T20:38:45Z,175,30,2,0,1,0,1,1,1,1785530311
2026-07-31T20:38:45Z,176,12,1,1,1,1,1,1,1,1785530290
2026-07-31T20:38:45Z,177,3,0,24,0,0,1,1,1,1785530294
2026-07-31T20:38:45Z,178,9,0,3,2,1,1,1,1,1785530312
2026-07-31T20:38:45Z,179,13,4,0,2,0,1,1,1,1785530311
2026-07-31T20:38:45Z,180,2,0,28,0,0,1,1,1,1785530319
2026-07-31T20:38:45Z,181,2,1,13,0,0,1,1,1,1785530148
2026-07-31T20:38:45Z,182,4,1,13,0,0,1,1,1,1785529949
2026-07-31T20:38:45Z,183,2,2,20,1,0,1,1,1,1785530128
2026-07-31T20:38:45Z,184,18,1,1,4,0,1,1,1,1785530227
2026-07-31T20:38:45Z,185,7,3,5,2,1,1,1,1,1785529510
2026-07-31T20:38:45Z,186,1,1,18,0,0,1,1,1,1785529973
2026-07-31T20:38:45Z,187,0,0,27,1,0,1,1,1,1785530101
2026-07-31T20:38:45Z,188,10,3,9,7,1,1,1,1,1785530291
2026-07-31T20:38:45Z,189,1,0,14,0,0,1,1,1,1785530076
2026-07-31T20:38:45Z,190,3,2,20,0,0,1,1,1,1785530219
2026-07-31T20:38:45Z,191,22,10,16,1,0,1,1,1,1785530034
2026-07-31T20:38:45Z,192,5,2,24,2,0,1,1,1,1785529988
2026-07-31T20:38:45Z,193,6,4,8,1,0,1,1,1,1785529999
2026-07-31T20:38:45Z,194,4,4,23,0,0,1,1,1,1785530280
2026-07-31T20:38:45Z,195,1,0,18,0,0,1,1,1,1785529758
2026-07-31T20:38:45Z,196,6,5,20,1,0,1,1,1,1785530130
2026-07-31T20:38:45Z,197,0,0,18,0,1,1,1,1,1785530317
2026-07-31T20:38:45Z,198,13,10,9,1,0,1,1,1,1785529371
2026-07-31T20:38:45Z,199,3,1,10,2,0,1,1,1,1785530315
2026-07-31T20:38:45Z,200,18,15,7,1,0,1,1,1,1785530264
2026-07-31T20:38:45Z,201,7,4,16,0,0,1,1,1,1785530288
2026-07-31T20:38:45Z,202,6,0,21,0,0,1,1,1,1785530273
2026-07-31T20:38:45Z,203,8,0,22,1,0,1,1,1,1785530160
2026-07-31T20:38:45Z,204,26,1,8,1,0,1,1,1,1785530190
2026-07-31T20:38:45Z,205,10,0,17,0,0,1,1,1,1785529469
2026-07-31T20:38:45Z,206,1,0,14,0,0,1,1,1,1785529370
2026-07-31T20:38:45Z,207,20,1,1,0,0,1,1,1,1785529893
2026-07-31T20:38:45Z,208,2,0,26,1,0,1,1,1,1785530074
2026-07-31T20:38:45Z,209,24,5,6,1,0,1,1,1,1785530285
2026-07-31T20:38:45Z,210,5,3,22,0,0,1,1,1,1785530202
2026-07-31T20:38:45Z,211,0,0,22,1,0,1,1,1,1785529896
2026-07-31T20:38:45Z,212,2,0,32,1,0,1,1,1,1785530044
2026-07-31T20:38:45Z,213,16,4,6,1,0,1,1,1,1785530197
2026-07-31T20:38:45Z,214,13,8,31,3,0,1,1,1,1785530319
2026-07-31T20:38:45Z,215,6,5,16,1,0,1,1,1,1785530235
2026-07-31T20:38:45Z,216,11,5,7,1,0,1,1,1,1785530096
2026-07-31T20:38:45Z,217,16,0,12,1,0,1,1,1,1785530249
2026-07-31T20:38:45Z,218,13,8,22,4,0,1,1,1,1785530302
2026-07-31T20:38:45Z,219,24,0,1,1,0,1,1,1,1785530207
2026-07-31T20:38:45Z,220,21,8,21,0,1,1,1,1,1785530315
2026-07-31T20:38:45Z,221,3,1,11,1,0,1,1,1,1785529946
2026-07-31T20:38:45Z,222,5,3,13,1,0,1,1,1,1785530260
2026-07-31T20:38:45Z,223,11,2,21,3,0,1,1,1,1785530300
2026-07-31T20:38:45Z,224,0,0,21,1,0,1,1,1,1785530026
2026-07-31T20:38:45Z,225,9,2,6,4,0,1,1,1,1785530285
2026-07-31T20:38:45Z,226,2,2,28,1,0,1,1,1,1785530196
2026-07-31T20:38:45Z,227,0,0,26,1,0,1,1,1,1785530097
2026-07-31T20:38:45Z,228,6,4,11,2,0,1,1,1,1785530319
2026-07-31T20:38:45Z,230,5,0,21,0,0,1,1,1,1785530271
2026-07-31T20:38:45Z,232,3,0,13,1,0,1,1,1,1785529965
2026-07-31T20:38:45Z,233,6,6,23,2,0,1,1,1,1785530209
2026-07-31T20:38:45Z,234,13,4,0,4,2,1,1,1,1785530106
2026-07-31T20:38:45Z,236,16,2,3,0,0,1,1,1,1785528929
2026-07-31T20:38:45Z,237,1,0,21,1,0,1,1,1,1785529959
2026-07-31T20:38:45Z,239,7,7,19,1,0,1,1,1,1785529727
2026-07-31T20:38:45Z,241,1,1,21,1,0,1,1,1,1785528305
2026-07-31T20:38:45Z,242,6,0,16,1,0,1,1,1,1785530021
2026-07-31T20:38:45Z,243,14,7,12,5,0,1,1,1,1785530077
2026-07-31T20:38:45Z,244,3,3,22,2,0,1,1,1,1785530231
2026-07-31T20:38:45Z,245,9,3,14,0,0,1,1,1,1785530194
2026-07-31T20:38:45Z,246,11,4,12,0,0,1,1,1,1785529955
2026-07-31T20:38:45Z,247,5,3,16,2,0,1,1,1,1785530130
2026-07-31T20:38:45Z,248,13,6,8,2,0,1,1,1,1785529777
2026-07-31T20:38:45Z,249,18,17,0,1,0,1,1,1,1785530273
2026-07-31T20:38:45Z,250,7,5,17,3,0,1,1,1,1785530301
2026-07-31T20:38:45Z,251,22,9,0,5,0,1,1,1,1785530303
2026-07-31T20:38:45Z,253,2,0,17,0,0,1,1,1,1785530209
2026-07-31T20:38:45Z,254,4,2,38,1,0,1,1,1,1785529886
2026-07-31T20:38:45Z,255,10,0,12,0,1,1,1,1,1785530085
2026-07-31T20:38:45Z,256,3,1,18,2,0,1,1,1,1785530281
2026-07-31T20:38:45Z,257,3,2,16,0,0,1,1,1,1785529949
2026-07-31T20:38:45Z,258,14,8,3,2,0,1,1,1,1785530201
2026-07-31T20:38:45Z,259,13,0,9,0,1,1,1,1,1785530228
2026-07-31T20:38:45Z,260,2,2,15,2,0,1,1,1,1785529624
2026-07-31T20:38:45Z,261,0,0,17,1,1,1,1,1,1785530056
2026-07-31T20:38:45Z,262,8,3,14,1,0,1,1,1,1785530146
2026-07-31T20:38:45Z,263,0,0,15,0,0,1,1,1,1785528990
2026-07-31T20:38:45Z,264,2,0,17,0,0,1,1,1,1785529478
2026-07-31T20:38:45Z,265,1,0,14,0,0,1,1,1,1785529657
2026-07-31T20:38:45Z,266,2,2,16,1,0,1,1,1,1785529991
2026-07-31T20:38:45Z,267,8,4,6,1,0,1,1,1,1785526233
2026-07-31T20:38:45Z,268,19,7,3,1,0,1,1,1,1785529970
2026-07-31T20:38:45Z,269,3,1,20,0,0,1,1,1,1785530312
2026-07-31T20:38:45Z,270,5,3,21,1,0,1,1,1,1785530200
2026-07-31T20:38:45Z,271,2,0,15,2,0,1,1,1,1785529218
2026-07-31T20:38:45Z,272,4,3,19,0,0,1,1,1,1785530225
2026-07-31T20:38:45Z,273,0,0,15,0,0,1,1,1,1785529666
2026-07-31T20:38:45Z,274,5,2,12,2,0,1,1,1,1785529647
2026-07-31T20:38:45Z,275,11,0,11,1,0,1,1,1,1785530274
2026-07-31T20:38:45Z,276,4,0,22,1,0,1,1,1,1785530213
2026-07-31T20:38:45Z,277,9,9,10,4,0,1,1,1,1785530303
2026-07-31T20:38:45Z,278,19,9,8,4,0,1,1,1,1785530316
2026-07-31T20:38:45Z,279,2,0,17,0,0,1,1,1,1785530270
2026-07-31T20:38:45Z,280,1,0,27,3,0,1,1,1,1785530128
2026-07-31T20:38:45Z,281,2,2,17,0,0,1,1,1,1785529844
2026-07-31T20:38:45Z,282,7,2,11,0,0,1,1,1,1785527347
2026-07-31T20:38:45Z,283,15,0,19,1,0,1,1,1,1785530220
2026-07-31T20:38:45Z,284,21,1,10,4,0,1,1,1,1785530310
2026-07-31T20:38:45Z,285,5,1,18,0,0,1,1,1,1785529514
2026-07-31T20:38:45Z,286,6,5,17,0,0,1,1,1,1785530052
2026-07-31T20:38:45Z,287,12,1,8,3,0,1,1,1,1785529639
2026-07-31T20:38:45Z,288,2,1,17,0,0,1,1,1,1785530278
2026-07-31T20:38:45Z,289,10,9,16,1,0,1,1,1,1785529743
2026-07-31T20:38:45Z,290,8,0,30,1,0,1,1,1,1785530182
2026-07-31T20:38:45Z,291,14,0,8,1,0,1,1,1,1785530303
2026-07-31T20:38:45Z,292,7,0,16,0,0,1,1,1,1785530128
2026-07-31T20:38:45Z,293,7,5,16,0,0,1,1,1,1785530307
2026-07-31T20:38:45Z,294,4,0,16,2,0,1,1,1,1785530279
2026-07-31T20:38:45Z,297,5,1,13,0,1,1,1,1,1785530318
2026-07-31T20:38:45Z,301,11,0,8,0,0,1,1,1,1785529916
2026-07-31T20:38:45Z,302,16,0,6,1,0,1,1,1,1785530076
2026-07-31T20:38:45Z,303,1,0,18,0,0,1,1,1,1785529704
2026-07-31T20:38:45Z,304,0,0,0,0,0,0,1,1,86400
2026-07-31T20:38:45Z,305,4,0,14,1,0,1,1,1,1785530312
2026-07-31T20:38:45Z,306,2,0,30,0,0,1,1,1,1785529442
2026-07-31T20:38:45Z,307,5,0,18,0,0,1,1,1,1785529857
2026-07-31T20:38:45Z,308,3,0,15,1,0,1,1,1,1785530192
2026-07-31T20:38:45Z,309,4,1,9,1,0,1,1,1,1785530177
2026-07-31T20:38:45Z,311,5,0,10,0,0,1,1,1,1785529960
2026-07-31T20:38:45Z,312,10,8,10,2,1,1,1,1,1785530208
2026-07-31T20:38:45Z,313,5,0,10,0,0,1,1,1,1785526554
2026-07-31T20:38:45Z,314,5,1,12,2,0,1,1,1,1785529159
2026-07-31T20:38:45Z,315,14,5,15,2,0,1,1,1,1785530114
2026-07-31T20:38:45Z,316,6,3,17,7,1,1,1,1,1785530138
2026-07-31T20:38:45Z,317,9,6,21,0,1,1,1,1,1785530281
2026-07-31T20:38:45Z,318,16,1,3,0,0,1,1,1,1785530240
2026-07-31T20:38:45Z,319,21,3,1,1,0,1,1,1,1785530060
2026-07-31T20:38:45Z,320,12,0,6,1,0,1,1,1,1785529638
2026-07-31T20:38:45Z,321,1,0,14,4,0,1,1,1,1785530146
2026-07-31T20:38:45Z,322,14,0,15,0,0,1,1,1,1785530316
2026-07-31T20:38:45Z,323,4,0,15,0,0,1,1,1,1785529592
2026-07-31T20:38:45Z,324,12,0,14,1,0,1,1,1,1785530316
2026-07-31T20:38:45Z,325,3,1,22,2,0,1,1,1,1785529205
2026-07-31T20:38:45Z,327,10,2,15,2,0,1,1,1,1785530273
2026-07-31T20:38:45Z,328,11,0,10,1,0,1,1,1,1785530143
2026-07-31T20:38:45Z,329,3,0,13,3,0,1,1,1,1785529828
2026-07-31T20:38:45Z,330,17,1,5,0,0,1,1,1,1785530190
2026-07-31T20:38:45Z,331,16,0,5,2,0,1,1,1,1785530248
2026-07-31T20:38:45Z,332,6,5,12,1,0,1,1,1,1785530287
2026-07-31T20:38:45Z,333,4,2,18,1,0,1,1,1,1785529953
2026-07-31T20:38:45Z,334,10,0,13,0,0,1,1,1,1785530160
2026-07-31T20:38:45Z,335,2,2,20,0,1,1,1,1,1785528586
2026-07-31T20:38:45Z,336,5,3,14,0,0,1,1,1,1785530314
2026-07-31T20:38:45Z,337,14,2,5,4,0,1,1,1,1785530289
2026-07-31T20:38:45Z,338,3,1,16,0,0,1,1,1,1785530274
2026-07-31T20:38:45Z,339,12,10,7,4,0,1,1,1,1785530187
2026-07-31T20:38:45Z,340,1,0,13,1,0,1,1,1,1785530063
2026-07-31T20:38:45Z,341,1,0,18,0,0,1,1,1,1785530105
2026-07-31T20:38:45Z,342,2,0,13,0,0,1,1,1,1785529772
2026-07-31T20:38:45Z,343,9,3,13,1,0,1,1,1,1785529614
2026-07-31T20:38:45Z,344,5,2,18,0,0,1,1,1,1785530119
2026-07-31T20:38:45Z,345,8,1,11,0,0,1,1,1,1785529438
2026-07-31T20:38:45Z,346,5,3,18,0,0,1,1,1,1785530232
2026-07-31T20:38:45Z,347,27,6,15,2,0,1,1,1,1785530319
2026-07-31T20:38:45Z,348,11,0,10,1,1,1,1,1,1785530237
2026-07-31T20:38:45Z,349,19,4,0,0,0,1,1,1,1785529307
2026-07-31T20:38:45Z,350,1,0,24,1,1,1,1,1,1785530153
2026-07-31T20:38:45Z,351,3,0,18,2,0,1,1,1,1785530315
2026-07-31T20:38:45Z,355,0,0,23,0,0,1,1,1,1785530063
2026-07-31T20:38:45Z,356,3,1,16,0,0,1,1,1,1785530183
2026-07-31T20:38:45Z,357,3,2,14,2,0,1,1,1,1785529753
2026-07-31T20:38:45Z,358,13,2,13,1,0,1,1,1,1785529883
2026-07-31T20:38:45Z,359,13,0,14,0,0,1,1,1,1785530269
2026-07-31T20:38:45Z,360,5,3,14,0,0,1,1,1,1785530063
2026-07-31T20:38:45Z,362,3,1,13,3,0,1,1,1,1785530189
2026-07-31T20:38:45Z,363,8,0,19,0,0,1,1,1,1785530007
2026-07-31T20:38:45Z,364,1,1,18,0,0,1,1,1,1785529964
2026-07-31T20:38:45Z,365,2,1,18,3,0,1,1,1,1785529598
2026-07-31T20:38:45Z,366,5,5,18,0,0,1,1,1,1785530255
2026-07-31T20:38:45Z,367,1,1,16,2,0,1,1,1,1785529548
2026-07-31T20:38:45Z,368,4,0,18,1,0,1,1,1,1785530312
2026-07-31T20:38:45Z,370,8,3,19,0,0,1,1,1,1785529873
2026-07-31T20:38:45Z,371,3,3,15,1,0,1,1,1,1785530243
2026-07-31T20:38:45Z,372,14,1,0,1,0,1,1,1,1785530312
2026-07-31T20:38:45Z,373,0,0,27,0,0,1,1,1,1785529201
2026-07-31T20:38:45Z,374,3,1,15,1,0,1,1,1,1785530045
2026-07-31T20:38:45Z,375,13,3,12,2,0,1,1,1,1785530215
2026-07-31T20:38:45Z,376,8,2,28,3,0,1,1,1,1785529902
2026-07-31T20:38:45Z,377,1,0,26,0,0,1,1,1,1785529273
2026-07-31T20:38:45Z,378,3,2,19,1,1,1,1,1,1785530269
2026-07-31T20:38:45Z,379,8,2,17,2,0,1,1,1,1785530202
2026-07-31T20:38:45Z,380,2,0,21,0,0,1,1,1,1785530227
2026-07-31T20:38:45Z,381,11,0,12,0,0,1,1,1,1785530282
2026-07-31T20:38:45Z,383,5,2,7,3,0,1,1,1,1785530227
2026-07-31T20:38:45Z,384,2,1,23,2,0,1,1,1,1785530034
2026-07-31T20:38:45Z,385,0,0,17,1,0,1,1,1,1785530061
2026-07-31T20:38:45Z,387,6,1,17,0,0,1,1,1,1785530214
2026-07-31T20:38:45Z,388,36,3,9,4,0,1,1,1,1785530289
2026-07-31T20:38:45Z,389,3,1,11,1,0,1,1,1,1785529747
2026-07-31T20:38:45Z,390,7,2,28,0,0,1,1,1,1785530220
2026-07-31T20:38:45Z,391,4,2,10,1,0,1,1,1,1785530305
2026-07-31T20:38:45Z,392,1,0,17,1,0,1,1,1,1785530250
2026-07-31T20:38:45Z,393,2,2,5,4,0,1,1,1,1785530232
2026-07-31T20:38:45Z,394,8,0,2,3,0,1,1,1,1785528352
2026-07-31T20:38:45Z,396,4,3,37,1,0,1,1,1,1785530296
2026-07-31T20:38:45Z,397,23,10,8,0,0,1,1,1,1785529865
2026-07-31T20:38:45Z,399,0,0,14,3,0,1,1,1,1785530317
2026-07-31T20:38:45Z,400,13,8,8,2,0,1,1,1,1785529282
2026-07-31T20:38:45Z,401,4,2,27,8,0,1,1,1,1785530162
2026-07-31T20:38:45Z,403,21,3,6,4,0,1,1,1,1785530226
2026-07-31T20:38:45Z,404,4,3,18,1,0,1,1,1,1785530035
2026-07-31T20:38:45Z,406,20,12,15,0,0,1,1,1,1785530320
2026-07-31T20:38:45Z,407,1,0,32,1,0,1,1,1,1785529900
2026-07-31T20:38:45Z,408,5,1,25,3,0,1,1,1,1785530319
2026-07-31T20:38:45Z,409,19,1,0,4,0,1,1,1,1785530189
2026-07-31T20:38:45Z,413,12,3,9,2,0,1,1,1,1785529761
2026-07-31T20:38:45Z,414,10,0,5,0,0,1,1,1,1785529773
2026-07-31T20:38:45Z,417,3,2,16,0,0,1,1,1,1785530086
2026-07-31T20:38:45Z,418,4,2,11,0,0,1,1,1,1785529352
2026-07-31T20:38:45Z,419,13,2,10,0,0,1,1,1,1785529593
2026-07-31T20:38:45Z,421,5,1,14,0,0,1,1,1,1785530200
2026-07-31T20:38:45Z,422,18,3,9,0,0,1,1,1,1785530054
2026-07-31T20:38:45Z,423,2,0,21,0,0,1,1,1,1785530186
2026-07-31T20:38:45Z,424,11,5,1,2,1,1,1,1,1785530181
2026-07-31T20:38:45Z,425,6,5,15,0,1,1,1,1,1785529938
2026-07-31T20:38:45Z,426,17,0,19,1,0,1,1,1,1785529940
2026-07-31T20:38:45Z,427,10,0,2,2,0,1,1,1,1785530259
2026-07-31T20:38:45Z,428,16,2,2,1,0,1,1,1,1785530126
2026-07-31T20:38:45Z,429,10,5,12,1,0,1,1,1,1785530292
2026-07-31T20:38:45Z,430,2,1,27,2,0,1,1,1,1785530289
2026-07-31T20:38:45Z,431,4,1,27,2,0,1,1,1,1785530235
2026-07-31T20:38:45Z,432,0,0,30,1,0,0,1,1,1785508564
2026-07-31T20:38:45Z,433,5,2,15,3,0,1,1,1,1785529334
2026-07-31T20:38:45Z,437,4,2,13,2,0,1,1,1,1785530277
2026-07-31T20:38:45Z,438,10,2,8,1,0,1,1,1,1785530191
2026-07-31T20:38:45Z,439,6,4,9,0,0,1,1,1,1785530126
2026-07-31T20:38:45Z,440,10,4,5,0,0,1,1,1,1785529942
2026-07-31T20:38:45Z,441,4,0,9,2,0,1,1,1,1785530259
2026-07-31T20:38:45Z,442,8,5,9,2,0,1,1,1,1785530237
2026-07-31T20:38:45Z,443,5,2,22,0,0,1,1,1,1785512432
2026-07-31T20:38:45Z,444,5,2,18,0,0,1,1,1,1785529731
2026-07-31T20:38:45Z,445,6,2,16,1,0,1,1,1,1785530107
2026-07-31T20:38:45Z,446,1,0,21,1,0,1,1,1,1785519783
2026-07-31T20:38:45Z,447,3,0,18,1,1,1,1,1,1785496389
2026-07-31T20:38:45Z,448,7,0,7,1,0,1,1,1,1785530120
2026-07-31T20:38:45Z,452,2,1,16,1,0,1,1,1,1785530315
2026-07-31T20:38:45Z,453,3,1,8,4,0,1,1,1,1785530281
2026-07-31T20:38:45Z,454,13,0,6,0,0,1,1,1,1785529800
2026-07-31T20:38:45Z,455,1,0,38,0,0,1,1,1,1785530294
2026-07-31T20:38:45Z,456,18,2,1,1,0,1,1,1,1785530218
2026-07-31T20:38:45Z,457,11,2,11,5,0,1,1,1,1785530321
2026-07-31T20:38:45Z,458,5,2,17,1,0,1,1,1,1785529476
2026-07-31T20:38:45Z,459,7,1,8,0,0,1,1,1,1785530088
2026-07-31T20:38:45Z,460,11,0,12,0,0,1,1,1,1785529269
2026-07-31T20:38:45Z,461,12,0,7,0,0,1,1,1,1785530022
2026-07-31T20:38:45Z,462,19,2,2,0,0,1,1,1,1785530277
2026-07-31T20:38:45Z,463,9,1,10,0,0,1,1,1,1785526740
2026-07-31T20:38:45Z,464,0,0,14,0,0,1,1,1,1785528198
2026-07-31T20:38:45Z,465,3,3,12,0,0,1,1,1,1785530142
2026-07-31T20:38:45Z,466,4,1,6,5,0,1,1,1,1785530175
2026-07-31T20:38:45Z,467,4,2,15,0,0,1,1,1,1785529430
2026-07-31T20:38:45Z,468,0,0,18,1,0,1,1,1,1785527178
2026-07-31T20:38:45Z,469,10,1,10,3,0,1,1,1,1785530140
2026-07-31T20:38:45Z,470,0,0,13,2,0,1,1,1,1785530164
2026-07-31T20:38:45Z,471,27,2,0,0,0,1,1,1,1785528650
2026-07-31T20:38:45Z,472,7,2,10,2,0,1,1,1,1785530226
2026-07-31T20:38:45Z,473,6,0,13,0,0,1,1,1,1785528344
2026-07-31T20:38:45Z,474,12,2,7,0,0,1,1,1,1785530149
2026-07-31T20:38:45Z,475,5,3,13,1,0,1,1,1,1785529916
2026-07-31T20:38:45Z,477,9,1,6,0,0,1,1,1,1785529302
2026-07-31T20:38:45Z,478,23,0,8,0,0,1,1,1,1785530316
2026-07-31T20:38:45Z,479,4,1,21,2,0,1,1,1,1785530320
2026-07-31T20:38:45Z,480,4,0,10,1,0,1,1,1,1785530202
2026-07-31T20:38:45Z,481,8,1,26,1,0,1,1,1,1785530262
2026-07-31T20:38:45Z,482,6,5,13,0,0,1,1,1,1785529622
2026-07-31T20:38:45Z,483,10,0,15,2,0,1,1,1,1785530158
2026-07-31T20:38:45Z,484,4,2,14,1,0,1,1,1,1785530252
2026-07-31T20:38:45Z,485,8,1,10,0,1,1,1,1,1785530214
2026-07-31T20:38:45Z,486,1,0,23,3,0,1,1,1,1785530135
2026-07-31T20:38:45Z,487,10,5,7,2,0,1,1,1,1785529523
2026-07-31T20:38:45Z,489,0,0,15,0,0,1,1,1,1785530188
2026-07-31T20:38:45Z,490,12,0,3,1,0,1,1,1,1785530155
2026-07-31T20:38:45Z,491,6,2,14,1,0,1,1,1,1785529828
2026-07-31T20:38:45Z,492,3,3,5,3,0,1,1,1,1785530318
2026-07-31T20:38:45Z,493,20,0,7,0,0,1,1,1,1785529596
2026-07-31T20:38:45Z,495,6,0,7,2,0,1,1,1,1785529027
2026-07-31T20:38:45Z,496,4,1,23,0,0,1,1,1,1785530247
2026-07-31T20:38:45Z,497,2,2,15,2,0,1,1,1,1785529833
2026-07-31T20:38:45Z,498,3,2,20,0,0,1,1,1,1785530168
2026-07-31T20:38:45Z,499,1,0,17,1,0,1,1,1,1785530294
2026-07-31T20:38:45Z,500,0,0,12,3,0,1,1,1,1785529733
2026-07-31T20:38:45Z,501,17,4,4,0,0,1,1,1,1785529588
2026-07-31T20:38:45Z,502,10,2,8,1,0,1,1,1,1785529603
2026-07-31T20:38:45Z,503,5,0,25,1,0,1,1,1,1785530312
2026-07-31T20:38:45Z,504,2,0,37,0,0,1,1,1,1785530074
2026-07-31T20:38:45Z,505,3,0,8,1,0,1,1,1,1785530250
2026-07-31T20:38:45Z,511,1,0,21,1,0,1,1,1,1785530232
2026-07-31T20:38:45Z,512,9,0,18,0,0,1,1,1,1785530047
2026-07-31T20:38:45Z,514,2,2,8,1,0,1,1,1,1785529658
2026-07-31T20:38:45Z,515,1,1,18,0,0,1,1,1,1785527371
2026-07-31T20:38:45Z,516,14,2,13,0,0,1,1,1,1785530214
2026-07-31T20:38:45Z,517,15,2,8,0,0,1,1,1,1785528725
2026-07-31T20:38:45Z,518,4,0,10,1,0,1,1,1,1785529757
2026-07-31T20:38:45Z,519,8,3,9,2,0,1,1,1,1785529880
2026-07-31T20:38:45Z,520,18,9,3,5,1,1,1,1,1785530318
2026-07-31T20:38:45Z,521,2,1,21,0,0,1,1,1,1785528757
2026-07-31T20:38:45Z,522,0,0,21,2,0,1,1,1,1785529846
2026-07-31T20:38:45Z,523,10,5,12,1,0,1,1,1,1785529813
2026-07-31T20:38:45Z,524,2,0,21,0,0,1,1,1,1785530187
2026-07-31T20:38:45Z,525,9,1,10,0,0,1,1,1,1785528988
2026-07-31T20:38:45Z,526,6,2,9,0,0,1,1,1,1785530178
2026-07-31T20:38:45Z,527,15,9,10,1,0,1,1,1,1785530254
2026-07-31T20:38:45Z,528,13,0,8,2,0,1,1,1,1785530318
2026-07-31T20:38:45Z,529,4,3,8,7,0,1,1,1,1785530317
2026-07-31T20:38:45Z,530,14,0,5,2,0,1,1,1,1785530000
2026-07-31T20:38:45Z,531,8,3,14,0,1,1,1,1,1785530127
2026-07-31T20:38:45Z,532,19,12,11,1,0,1,1,1,1785529957
2026-07-31T20:38:45Z,533,9,0,9,1,0,1,1,1,1785529851
2026-07-31T20:38:45Z,534,4,1,19,0,0,1,1,1,1785530081
2026-07-31T20:38:45Z,535,6,1,9,0,0,1,1,1,1785529927
2026-07-31T20:38:45Z,536,15,0,8,0,0,1,1,1,1785530279
2026-07-31T20:38:45Z,537,11,2,9,0,0,1,1,1,1785529982
2026-07-31T20:38:45Z,538,5,0,16,0,2,1,1,1,1785530310
2026-07-31T20:38:45Z,539,4,2,25,2,0,1,1,1,1785529474
2026-07-31T20:38:45Z,540,3,3,16,0,0,1,1,1,1785530140
2026-07-31T20:38:45Z,541,3,0,24,0,0,1,1,1,1785530223
2026-07-31T20:38:45Z,542,0,0,22,1,0,1,1,1,1785530316
2026-07-31T20:38:45Z,543,0,0,19,0,0,1,1,1,1785529627
2026-07-31T20:38:45Z,544,2,1,16,4,0,1,1,1,1785530127
2026-07-31T20:38:45Z,545,12,0,0,7,0,1,1,1,1785530290
2026-07-31T20:38:45Z,546,4,2,15,0,0,1,1,1,1785530291
2026-07-31T20:38:45Z,547,6,0,19,0,0,1,1,1,1785530261
2026-07-31T20:38:45Z,548,7,2,15,1,0,1,1,1,1785530025
2026-07-31T20:38:45Z,549,17,0,5,1,0,1,1,1,1785530208
2026-07-31T20:38:45Z,550,3,3,16,0,0,1,1,1,1785529370
2026-07-31T20:38:45Z,551,3,2,19,1,0,1,1,1,1785529811
2026-07-31T20:38:45Z,552,2,2,25,0,0,1,1,1,1785529952
2026-07-31T20:38:45Z,553,2,0,20,1,0,1,1,1,1785530034
2026-07-31T20:38:45Z,554,5,0,14,0,0,1,1,1,1785528354
2026-07-31T20:38:45Z,555,6,0,8,1,0,1,1,1,1785529728
2026-07-31T20:38:45Z,556,14,0,6,3,0,1,1,1,1785530138
2026-07-31T20:38:45Z,557,2,1,19,2,0,1,1,1,1785529295
2026-07-31T20:38:45Z,558,27,13,10,0,0,1,1,1,1785530295
2026-07-31T20:38:45Z,559,16,0,2,1,0,1,1,1,1785528837
2026-07-31T20:38:45Z,560,16,0,11,0,0,1,1,1,1785529765
2026-07-31T20:38:45Z,561,9,3,11,3,0,1,1,1,1785529944
2026-07-31T20:38:45Z,562,12,2,18,5,0,1,1,1,1785530166
2026-07-31T20:38:45Z,563,3,0,11,0,0,1,1,1,1785530138
2026-07-31T20:38:45Z,564,2,1,16,1,0,1,1,1,1785528459
2026-07-31T20:38:45Z,565,0,0,19,0,0,1,1,1,1785530263
2026-07-31T20:38:45Z,566,3,0,15,1,0,1,1,1,1785530149
2026-07-31T20:38:45Z,567,9,0,17,1,0,1,1,1,1785530021
2026-07-31T20:38:45Z,568,17,1,1,1,0,1,1,1,1785529774
2026-07-31T20:38:45Z,569,1,0,16,2,0,1,1,1,1785528671
2026-07-31T20:38:45Z,570,6,0,11,2,0,1,1,1,1785530051
2026-07-31T20:38:45Z,571,9,3,14,0,0,1,1,1,1785530155
2026-07-31T20:38:45Z,572,5,1,14,0,0,1,1,1,1785530270
2026-07-31T20:38:45Z,573,7,1,7,1,0,1,1,1,1785530317
2026-07-31T20:38:45Z,574,6,2,9,0,0,1,1,1,1785530134
2026-07-31T20:38:45Z,575,2,0,18,1,0,1,1,1,1785530090
2026-07-31T20:38:45Z,576,6,4,13,0,0,1,1,1,1785530011
2026-07-31T20:38:45Z,577,19,1,12,0,0,1,1,1,1785530273
2026-07-31T20:38:45Z,578,2,0,20,1,0,1,1,1,1785530290
2026-07-31T20:38:45Z,579,30,0,13,0,0,1,1,1,1785530075
2026-07-31T20:38:45Z,580,8,2,21,0,0,1,1,1,1785529827
2026-07-31T20:38:45Z,581,3,0,15,1,0,1,1,1,1785530267
2026-07-31T20:38:45Z,582,24,0,35,2,0,1,1,1,1785530231
2026-07-31T20:38:45Z,583,2,0,20,1,0,1,1,1,1785530262
2026-07-31T20:38:45Z,584,5,0,10,4,0,1,1,1,1785529494
2026-07-31T20:38:45Z,585,8,0,18,0,1,1,1,1,1785529894
2026-07-31T20:38:45Z,586,32,1,1,2,0,1,1,1,1785529699
2026-07-31T20:38:45Z,587,8,0,15,1,0,1,1,1,1785530238
2026-07-31T20:38:45Z,588,12,3,4,2,1,1,1,1,1785530144
2026-07-31T20:38:45Z,589,2,0,20,0,0,1,1,1,1785530045
2026-07-31T20:38:45Z,590,6,2,25,0,0,1,1,1,1785529792
2026-07-31T20:38:45Z,591,5,0,23,2,0,1,1,1,1785530292
2026-07-31T20:38:45Z,592,3,0,20,0,0,1,1,1,1785529988
2026-07-31T20:38:45Z,593,25,3,13,0,0,1,1,1,1785530064
2026-07-31T20:38:45Z,594,11,1,8,2,0,1,1,1,1785530248
2026-07-31T20:38:45Z,595,0,0,3,0,0,0,1,1,1784046673
2026-07-31T20:38:45Z,605,0,0,2,1,0,0,1,1,1783975843
2026-07-31T20:38:45Z,606,0,0,0,0,0,0,1,1,86400
2026-07-31T20:38:45Z,607,4,1,27,2,0,1,1,1,1785530307
2026-07-31T20:38:45Z,608,39,1,10,1,0,1,1,1,1785530269
2026-07-31T20:38:45Z,609,13,12,10,0,0,1,1,1,1785530282
2026-07-31T20:38:45Z,610,24,0,10,1,0,1,1,1,1785530315
2026-07-31T20:38:45Z,611,20,3,6,1,0,1,1,1,1785530280
2026-07-31T20:38:45Z,612,7,1,8,0,0,1,1,1,1785522916
2026-07-31T20:38:45Z,613,12,4,0,3,0,1,1,1,1785530289
2026-07-31T20:38:45Z,614,7,6,17,2,1,1,1,1,1785530299
2026-07-31T20:38:45Z,617,4,0,9,2,0,1,1,1,1785529940
2026-07-31T20:38:45Z,618,13,1,1,5,0,1,1,1,1785529167
2026-07-31T20:38:45Z,619,2,1,16,1,0,1,1,1,1785530200
2026-07-31T20:38:45Z,620,16,0,10,1,0,1,1,1,1785530199
2026-07-31T20:38:45Z,621,5,1,18,0,0,1,1,1,1785530216
2026-07-31T20:38:45Z,622,14,0,7,2,0,1,1,1,1785529232
2026-07-31T20:38:45Z,623,22,6,6,2,0,1,1,1,1785530117
2026-07-31T20:38:45Z,624,1,0,14,0,0,1,1,1,1785528431
2026-07-31T20:38:45Z,625,13,2,3,5,0,1,1,1,1785529679
2026-07-31T20:38:45Z,626,37,0,8,0,2,1,1,1,1785530235
2026-07-31T20:38:45Z,627,13,3,6,0,0,1,1,1,1785528343
2026-07-31T20:38:45Z,628,7,7,11,0,1,1,1,1,1785530111
2026-07-31T20:38:45Z,629,3,2,6,2,0,1,1,1,1785530039
2026-07-31T20:38:45Z,630,0,0,24,3,0,1,1,1,1785530173
2026-07-31T20:38:45Z,631,9,5,14,0,0,1,1,1,1785530001
2026-07-31T20:38:45Z,632,21,1,0,2,0,1,1,1,1785529840
2026-07-31T20:38:45Z,633,11,3,1,3,0,1,1,1,1785530006
2026-07-31T20:38:45Z,634,9,2,10,0,0,1,1,1,1785529616
2026-07-31T20:38:45Z,635,15,0,3,1,0,1,1,1,1785529451
2026-07-31T20:38:45Z,636,7,2,8,0,0,1,1,1,1785526430
2026-07-31T20:38:45Z,637,10,2,7,2,0,1,1,1,1785529194
2026-07-31T20:38:45Z,638,5,1,12,2,0,1,1,1,1785530068
2026-07-31T20:38:45Z,639,10,2,7,2,0,1,1,1,1785528930
2026-07-31T20:38:45Z,640,7,7,14,2,0,1,1,1,1785530209
2026-07-31T20:38:45Z,641,6,1,21,0,0,1,1,1,1785530215
2026-07-31T20:38:45Z,642,9,3,2,8,0,1,1,1,1785530320
2026-07-31T20:38:45Z,643,8,0,11,8,0,1,1,1,1785530319
2026-07-31T20:38:45Z,644,12,1,2,1,0,1,1,1,1785528211
2026-07-31T20:38:45Z,645,14,1,7,1,1,1,1,1,1785530008
2026-07-31T20:38:45Z,646,2,1,17,0,0,1,1,1,1785529856
2026-07-31T20:38:45Z,647,4,1,27,0,0,1,1,1,1785529533
2026-07-31T20:38:45Z,648,5,0,13,1,0,1,1,1,1785529450
2026-07-31T20:38:45Z,649,3,3,28,0,0,1,1,1,1785529688
2026-07-31T20:38:45Z,650,5,1,9,0,0,1,1,1,1785530080
2026-07-31T20:38:45Z,651,0,0,23,0,0,1,1,1,1785528763
2026-07-31T20:38:45Z,652,2,1,18,3,0,1,1,1,1785530191
2026-07-31T20:38:45Z,653,2,1,17,0,0,1,1,1,1785530185
2026-07-31T20:38:45Z,654,6,2,9,0,0,1,1,1,1785530213
2026-07-31T20:38:45Z,655,8,4,0,4,1,1,1,1,1785530038
2026-07-31T20:38:45Z,656,4,3,15,0,0,1,1,1,1785530147
2026-07-31T20:38:45Z,657,9,4,4,2,2,1,1,1,1785530136
2026-07-31T20:38:45Z,658,7,1,3,0,0,1,1,1,1785526893
2026-07-31T20:38:45Z,659,7,5,6,2,0,1,1,1,1785529408
2026-07-31T20:38:45Z,660,23,6,4,4,0,1,1,1,1785530127
2026-07-31T20:38:45Z,661,18,2,1,0,0,1,1,1,1785530318
2026-07-31T20:38:45Z,662,6,3,14,3,0,1,1,1,1785526394
2026-07-31T20:38:45Z,663,5,0,10,0,0,1,1,1,1785530070
2026-07-31T20:38:45Z,664,18,0,9,0,0,1,1,1,1785529428
2026-07-31T20:38:45Z,665,11,4,4,0,0,1,1,1,1785525553
2026-07-31T20:38:45Z,666,4,2,8,3,0,1,1,1,1785526234
2026-07-31T20:38:45Z,667,16,3,2,1,0,1,1,1,1785530316
2026-07-31T20:38:45Z,668,2,0,17,0,0,1,1,1,1785529594
2026-07-31T20:38:45Z,669,10,3,2,2,0,1,1,1,1785529833
2026-07-31T20:38:45Z,670,22,0,3,2,0,1,1,1,1785530121
2026-07-31T20:38:45Z,671,14,4,11,2,0,1,1,1,1785530270
2026-07-31T20:38:45Z,672,5,0,15,2,1,1,1,1,1785530289
2026-07-31T20:38:45Z,673,12,0,11,0,0,1,1,1,1785529839
2026-07-31T20:38:45Z,674,6,1,15,2,0,1,1,1,1785530264
2026-07-31T20:38:45Z,675,3,1,10,2,0,1,1,1,1785528049
2026-07-31T20:38:45Z,676,6,0,15,1,0,1,1,1,1785529928
2026-07-31T20:38:45Z,681,12,2,1,1,1,1,1,1,1785530303
2026-07-31T20:38:45Z,682,6,1,13,0,0,1,1,1,1785529048
2026-07-31T20:38:45Z,683,1,1,18,0,0,1,1,1,1785527602
2026-07-31T20:38:45Z,684,3,1,24,0,0,1,1,1,1785518528
2026-07-31T20:38:45Z,685,4,0,21,1,1,1,1,1,1785529932
2026-07-31T20:38:45Z,686,9,0,15,3,0,1,1,1,1785530195
2026-07-31T20:38:45Z,687,13,1,16,1,1,1,1,1,1785530222
2026-07-31T20:38:45Z,688,11,0,1,7,0,1,1,1,1785510286
2026-07-31T20:38:45Z,692,6,3,15,0,0,1,1,1,1785529367
2026-07-31T20:38:45Z,693,6,0,2,3,0,1,1,1,1785528821
2026-07-31T20:38:45Z,694,12,6,9,0,0,1,1,1,1785528673
2026-07-31T20:38:45Z,695,7,7,16,0,0,1,1,1,1785530134
2026-07-31T20:38:45Z,696,11,6,12,0,0,1,1,1,1785530301
2026-07-31T20:38:45Z,697,15,5,8,0,0,1,1,1,1785530306
2026-07-31T20:38:45Z,698,22,2,5,0,0,1,1,1,1785530320
2026-07-31T20:38:45Z,699,5,0,9,1,0,1,1,1,1785529200
2026-07-31T20:38:45Z,700,15,0,2,2,0,1,1,1,1785529568
2026-07-31T20:38:45Z,701,17,4,2,0,0,1,1,1,1785529873
2026-07-31T20:38:45Z,702,5,1,17,1,0,1,1,1,1785529757
2026-07-31T20:38:45Z,704,2,0,13,0,0,1,1,1,1785529976
2026-07-31T20:38:45Z,705,3,2,12,0,0,1,1,1,1785530239
2026-07-31T20:38:45Z,706,4,1,9,2,0,1,1,1,1785529699
2026-07-31T20:38:45Z,707,8,1,7,0,0,1,1,1,1785529323
2026-07-31T20:38:45Z,708,3,0,15,1,0,1,1,1,1785530195
2026-07-31T20:38:45Z,709,5,0,7,3,0,1,1,1,1785529873
2026-07-31T20:38:45Z,710,1,1,17,1,0,1,1,1,1785529963
2026-07-31T20:38:45Z,711,6,2,14,3,0,1,1,1,1785529785
2026-07-31T20:38:45Z,712,10,9,5,0,0,1,1,1,1785530118
2026-07-31T20:38:45Z,713,2,1,21,0,0,1,1,1,1785529917
2026-07-31T20:38:45Z,716,4,3,11,0,0,1,1,1,1785529104
2026-07-31T20:38:45Z,717,4,2,19,2,0,1,1,1,1785529894
2026-07-31T20:38:45Z,718,8,2,5,2,0,1,1,1,1785529307
2026-07-31T20:38:45Z,719,7,1,22,0,0,1,1,1,1785530233
2026-07-31T20:38:45Z,720,0,0,19,0,0,1,1,1,1785529375
2026-07-31T20:38:45Z,721,10,0,10,3,0,1,1,1,1785530264
2026-07-31T20:38:45Z,722,7,1,8,0,0,1,1,1,1785530155
2026-07-31T20:38:45Z,723,13,2,10,0,0,1,1,1,1785529350
2026-07-31T20:38:45Z,724,7,2,16,0,0,1,1,1,1785530210
2026-07-31T20:38:45Z,725,2,0,21,0,0,1,1,1,1785529990
2026-07-31T20:38:45Z,726,1,1,17,1,0,1,1,1,1785530126
2026-07-31T20:38:45Z,727,10,5,12,1,0,1,1,1,1785530215
2026-07-31T20:38:45Z,728,9,0,5,1,0,1,1,1,1785530116
2026-07-31T20:38:45Z,729,2,0,17,0,0,1,1,1,1785529692
2026-07-31T20:38:45Z,730,0,0,12,3,0,1,1,1,1785530277
2026-07-31T20:38:45Z,731,8,3,5,2,0,1,1,1,1785529414
2026-07-31T20:38:45Z,732,2,2,13,0,0,1,1,1,1785529495
2026-07-31T20:38:45Z,733,7,0,20,0,0,1,1,1,1785529988
2026-07-31T20:38:45Z,734,6,3,8,0,0,1,1,1,1785528516
2026-07-31T20:38:45Z,735,17,10,10,0,0,1,1,1,1785529818
2026-07-31T20:38:45Z,736,13,2,6,0,0,1,1,1,1785529848
2026-07-31T20:38:45Z,737,2,1,12,0,1,1,1,1,1785529894
2026-07-31T20:38:45Z,738,16,6,3,0,0,1,1,1,1785530169
2026-07-31T20:38:45Z,739,17,0,9,1,0,1,1,1,1785529591
2026-07-31T20:38:45Z,741,8,0,15,0,0,1,1,1,1785530208
2026-07-31T20:38:45Z,742,17,5,17,1,0,1,1,1,1785530311
2026-07-31T20:38:45Z,743,6,3,13,0,0,1,1,1,1785529801
2026-07-31T20:38:45Z,744,9,2,5,1,0,1,1,1,1785530232
2026-07-31T20:38:45Z,745,12,4,7,0,0,1,1,1,1785530137
2026-07-31T20:38:45Z,746,2,0,20,1,0,1,1,1,1785530156
2026-07-31T20:38:45Z,747,0,0,4,0,0,0,1,1,1783446606
2026-07-31T20:38:45Z,748,9,1,14,0,0,1,1,1,1785529175
2026-07-31T20:38:45Z,749,1,0,21,1,0,1,1,1,1785530072
2026-07-31T20:38:45Z,750,2,2,9,0,0,1,1,1,1785529801
2026-07-31T20:38:45Z,751,17,17,6,0,0,1,1,1,1785529854
2026-07-31T20:38:45Z,752,9,0,7,1,0,1,1,1,1785530153
2026-07-31T20:38:45Z,753,3,0,11,1,0,1,1,1,1785530212
2026-07-31T20:38:45Z,754,8,3,7,0,0,1,1,1,1785528777
2026-07-31T20:38:45Z,755,7,1,15,1,0,1,1,1,1785529552
2026-07-31T20:38:45Z,756,15,15,21,1,0,1,1,1,1785530046
2026-07-31T20:38:45Z,757,4,3,15,0,0,1,1,1,1785529966
2026-07-31T20:38:45Z,758,0,0,23,0,0,1,1,1,1785530029
2026-07-31T20:38:45Z,759,0,0,0,0,0,1,1,1,86400
2026-07-31T20:38:45Z,760,10,3,9,0,0,1,1,1,1785529267
2026-07-31T20:38:45Z,761,9,3,13,1,0,1,1,1,1785529599
2026-07-31T20:38:45Z,762,4,2,6,5,0,1,1,1,1785530163
2026-07-31T20:38:45Z,768,8,0,8,3,0,1,1,1,1785530319
2026-07-31T20:38:45Z,769,11,9,6,2,0,1,1,1,1785529977
2026-07-31T20:38:45Z,770,6,2,11,2,0,1,1,1,1785529936
2026-07-31T20:38:45Z,771,11,1,3,1,0,1,1,1,1785529384
2026-07-31T20:38:45Z,772,2,0,13,0,0,1,1,1,1785529995
2026-07-31T20:38:45Z,773,18,4,1,0,0,1,1,1,1785529846
2026-07-31T20:38:45Z,774,8,1,3,4,0,1,1,1,1785529714
2026-07-31T20:38:45Z,775,6,1,11,1,1,1,1,1,1785529386
2026-07-31T20:38:45Z,776,2,1,18,1,0,1,1,1,1785530204
2026-07-31T20:38:45Z,777,12,2,3,0,0,1,1,1,1785529818
2026-07-31T20:38:45Z,778,11,0,4,4,0,1,1,1,1785529834
2026-07-31T20:38:45Z,779,6,0,12,1,0,1,1,1,1785529198
2026-07-31T20:38:45Z,780,3,1,16,0,0,1,1,1,1785530310
2026-07-31T20:38:45Z,781,2,1,7,2,0,1,1,1,1785528731
2026-07-31T20:38:45Z,782,0,0,15,4,0,1,1,1,1785529703
2026-07-31T20:38:45Z,783,9,2,10,0,0,1,1,1,1785528950
2026-07-31T20:38:45Z,784,1,0,18,0,0,1,1,1,1785530301
2026-07-31T20:38:45Z,785,10,2,3,6,0,1,1,1,1785529090
2026-07-31T20:38:45Z,786,10,5,9,0,0,1,1,1,1785528750
2026-07-31T20:38:45Z,787,5,3,9,1,0,1,1,1,1785530134
2026-07-31T20:38:45Z,788,4,0,11,0,0,1,1,1,1785530278
2026-07-31T20:38:45Z,789,8,2,3,4,0,1,1,1,1785529823
2026-07-31T20:38:45Z,790,2,0,21,0,0,1,1,1,1785530067
2026-07-31T20:38:45Z,791,10,0,8,0,1,1,1,1,1785530260
2026-07-31T20:38:45Z,793,5,0,9,1,0,1,1,1,1785530158
2026-07-31T20:38:45Z,794,13,3,14,2,0,1,1,1,1785530169
2026-07-31T20:38:45Z,796,5,3,13,1,0,1,1,1,1785529566
2026-07-31T20:38:45Z,797,3,1,12,0,0,1,1,1,1785529105
2026-07-31T20:38:45Z,798,15,0,9,1,0,1,1,1,1785530216
2026-07-31T20:38:45Z,799,13,2,2,4,0,1,1,1,1785529986
2026-07-31T20:38:45Z,800,1,0,19,1,0,1,1,1,1785530229
2026-07-31T20:38:45Z,801,6,2,13,2,0,1,1,1,1785530164
2026-07-31T20:38:45Z,802,8,0,23,0,0,1,1,1,1785529791
2026-07-31T20:38:45Z,803,0,0,15,0,0,1,1,1,1785529321
2026-07-31T20:38:45Z,806,1,0,13,1,0,1,1,1,1785526582
2026-07-31T20:38:45Z,807,10,6,13,2,0,1,1,1,1785530036
2026-07-31T20:38:45Z,808,17,7,6,2,0,1,1,1,1785529738
2026-07-31T20:38:45Z,809,4,1,18,1,0,1,1,1,1785529569
2026-07-31T20:38:45Z,810,4,2,13,2,0,1,1,1,1785529938
2026-07-31T20:38:45Z,815,2,1,7,5,1,1,1,1,1785530293
2026-07-31T20:38:45Z,817,15,8,0,0,0,1,1,1,1785530078
2026-07-31T20:38:45Z,818,4,0,19,0,0,1,1,1,1785530194
2026-07-31T20:38:45Z,819,10,4,5,0,0,1,1,1,1785525935
2026-07-31T20:38:45Z,820,9,1,8,0,0,1,1,1,1785528737
2026-07-31T20:38:45Z,821,3,2,12,0,0,1,1,1,1785529653
2026-07-31T20:38:45Z,822,17,3,4,2,0,1,1,1,1785530264
2026-07-31T20:38:45Z,823,14,1,1,0,0,1,1,1,1785530321
2026-07-31T20:38:45Z,824,5,3,13,1,0,1,1,1,1785529839
2026-07-31T20:38:45Z,825,6,4,9,0,0,1,1,1,1785529073
2026-07-31T20:38:45Z,826,7,0,10,2,0,1,1,1,1785529688
2026-07-31T20:38:45Z,827,19,3,0,2,0,1,1,1,1785530080
2026-07-31T20:38:45Z,828,11,1,5,2,0,1,1,1,1785529913
2026-07-31T20:38:45Z,829,17,6,10,0,0,1,1,1,1785529020
2026-07-31T20:38:45Z,830,17,0,5,1,0,1,1,1,1785530317
2026-07-31T20:38:45Z,831,6,3,7,2,0,1,1,1,1785529088
2026-07-31T20:38:45Z,832,8,3,7,3,0,1,1,1,1785530204
2026-07-31T20:38:45Z,833,1,1,17,1,0,1,1,1,1785529005
2026-07-31T20:38:45Z,834,20,0,2,2,0,1,1,1,1785530268
2026-07-31T20:38:45Z,835,1,0,16,1,0,1,1,1,1785529305
2026-07-31T20:38:45Z,838,3,1,10,2,0,1,1,1,1785530192
2026-07-31T20:38:45Z,839,13,0,15,1,0,1,1,1,1785530235
2026-07-31T20:38:45Z,840,0,0,28,1,0,1,1,1,1785530041
2026-07-31T20:38:45Z,841,7,1,8,0,0,1,1,1,1785529075
2026-07-31T20:38:45Z,842,2,0,21,0,0,1,1,1,1785528991
2026-07-31T20:38:45Z,843,14,2,17,0,0,1,1,1,1785529465
2026-07-31T20:38:45Z,844,6,0,17,0,0,1,1,1,1785529973
2026-07-31T20:38:45Z,845,4,3,13,2,0,1,1,1,1785529339
2026-07-31T20:38:45Z,846,3,1,15,1,0,1,1,1,1785530291
2026-07-31T20:38:45Z,847,7,1,19,1,0,1,1,1,1785530193
2026-07-31T20:38:45Z,848,2,1,16,1,0,1,1,1,1785530256
2026-07-31T20:38:45Z,849,9,0,5,1,0,1,1,1,1785530104
2026-07-31T20:38:45Z,850,3,0,8,0,0,1,1,1,1785530193
2026-07-31T20:38:45Z,851,3,3,31,3,0,1,1,1,1785529455
2026-07-31T20:38:45Z,852,9,3,10,0,0,1,1,1,1785529022
2026-07-31T20:38:45Z,853,12,5,11,0,0,1,1,1,1785529993
2026-07-31T20:38:45Z,854,2,1,13,0,0,1,1,1,1785529956
2026-07-31T20:38:45Z,855,26,0,1,0,0,1,1,1,1785529894
2026-07-31T20:38:45Z,857,6,4,11,2,0,1,1,1,1785529611
2026-07-31T20:38:45Z,858,5,2,13,1,0,1,1,1,1785529742
2026-07-31T20:38:45Z,859,8,0,12,1,0,1,1,1,1785529918
2026-07-31T20:38:45Z,861,6,0,4,1,0,1,1,1,1785528609
2026-07-31T20:38:45Z,862,4,2,11,0,0,1,1,1,1785529117
2026-07-31T20:38:45Z,863,13,0,5,1,0,1,1,1,1785529013
2026-07-31T20:38:45Z,866,12,3,7,0,0,1,1,1,1785529493
2026-07-31T20:38:45Z,867,14,2,1,0,0,1,1,1,1785528720
2026-07-31T20:38:45Z,868,7,0,8,0,0,1,1,1,1785528970
2026-07-31T20:38:45Z,870,9,5,6,0,0,1,1,1,1785529196
2026-07-31T20:38:45Z,871,0,0,10,1,0,1,1,1,1785528526
2026-07-31T20:38:45Z,872,0,0,14,1,0,1,1,1,1785529104
2026-07-31T20:38:45Z,873,11,0,21,1,0,1,1,1,1785529817
2026-07-31T20:38:45Z,874,5,0,7,3,0,1,1,1,1785529243
2026-07-31T20:38:45Z,875,10,7,4,1,0,1,1,1,1785530221
2026-07-31T20:38:45Z,877,13,12,6,0,0,1,1,1,1785528788
2026-07-31T20:38:45Z,878,3,3,16,0,0,1,1,1,1785529363
2026-07-31T20:38:45Z,879,1,0,18,0,0,1,1,1,1785530212
2026-07-31T20:38:45Z,880,1,0,21,1,0,1,1,1,1785530278
2026-07-31T20:38:45Z,881,3,0,16,0,0,1,1,1,1785530028
2026-07-31T20:38:45Z,882,9,4,9,1,0,1,1,1,1785513298
2026-07-31T20:38:45Z,883,7,2,12,0,0,1,1,1,1785530224
2026-07-31T20:38:45Z,884,10,6,11,0,0,1,1,1,1785528807
2026-07-31T20:38:45Z,885,0,0,19,0,0,1,1,1,1785529023
2026-07-31T20:38:45Z,886,8,1,20,1,0,1,1,1,1785530194
2026-07-31T20:38:45Z,887,7,3,7,3,0,1,1,1,1785529690
2026-07-31T20:38:45Z,888,14,0,25,1,1,1,1,1,1785530088
2026-07-31T20:38:45Z,889,5,0,12,2,0,1,1,1,1785530219
2026-07-31T20:38:45Z,890,8,4,7,0,0,1,1,1,1785527402
2026-07-31T20:38:45Z,891,21,0,1,1,0,1,1,1,1785529830
2026-07-31T20:38:45Z,892,9,1,6,0,0,1,1,1,1785523247
2026-07-31T20:38:45Z,895,3,0,16,0,0,1,1,1,1785527858
2026-07-31T20:38:45Z,896,9,2,26,0,0,1,1,1,1785529854
2026-07-31T20:38:45Z,897,12,1,9,0,0,1,1,1,1785529260
2026-07-31T20:38:45Z,898,3,0,16,0,0,1,1,1,1785529572
2026-07-31T20:38:45Z,899,0,0,18,1,0,1,1,1,1785529991
2026-07-31T20:38:45Z,900,1,1,26,0,0,1,1,1,1785530247
2026-07-31T20:38:45Z,901,2,0,16,1,0,1,1,1,1785530041
2026-07-31T20:38:45Z,902,6,1,9,0,0,1,1,1,1785528849
2026-07-31T20:38:45Z,903,6,2,12,1,0,1,1,1,1785530234
2026-07-31T20:38:45Z,904,10,4,8,1,0,1,1,1,1785529862
2026-07-31T20:38:45Z,905,8,1,18,1,0,1,1,1,1785530303
2026-07-31T20:38:45Z,906,20,8,6,1,0,1,1,1,1785530250
2026-07-31T20:38:45Z,907,8,0,23,0,0,1,1,1,1785530236
2026-07-31T20:38:45Z,908,10,2,13,0,0,1,1,1,1785530053
2026-07-31T20:38:45Z,909,6,5,17,0,0,1,1,1,1785530201
2026-07-31T20:38:45Z,910,6,0,24,1,0,1,1,1,1785530313
2026-07-31T20:38:45Z,911,4,1,15,0,0,1,1,1,1785528876
2026-07-31T20:38:45Z,912,9,0,13,1,0,1,1,1,1785530195
2026-07-31T20:38:45Z,913,7,4,12,0,0,1,1,1,1785529872
2026-07-31T20:38:45Z,914,13,0,6,0,0,1,1,1,1785530234
2026-07-31T20:38:45Z,915,14,1,7,2,0,1,1,1,1785529834
2026-07-31T20:38:45Z,916,4,2,19,0,0,1,1,1,1785530293
2026-07-31T20:38:45Z,917,12,0,22,1,0,1,1,1,1785530295
2026-07-31T20:38:45Z,918,8,1,9,2,0,1,1,1,1785530084
2026-07-31T20:38:45Z,919,10,1,28,1,0,1,1,1,1785530310
2026-07-31T20:38:45Z,920,7,2,12,0,0,1,1,1,1785529655
2026-07-31T20:38:45Z,921,16,2,5,0,0,1,1,1,1785529460
2026-07-31T20:38:45Z,922,2,1,19,0,0,1,1,1,1785530051
2026-07-31T20:38:45Z,923,1,1,18,0,0,1,1,1,1785530096
2026-07-31T20:38:45Z,924,7,0,13,1,0,1,1,1,1785530046
2026-07-31T20:38:45Z,925,11,0,10,0,0,1,1,1,1785529549
2026-07-31T20:38:45Z,926,1,0,20,0,0,1,1,1,1785529631
2026-07-31T20:38:45Z,927,27,1,7,1,0,1,1,1,1785530304
2026-07-31T20:38:45Z,928,0,0,19,0,0,0,1,1,1785500252
2026-07-31T20:38:45Z,929,21,2,2,0,0,1,1,1,1785530000
2026-07-31T20:38:45Z,930,4,0,26,1,0,1,1,1,1785530076
2026-07-31T20:38:45Z,931,10,2,12,1,0,1,1,1,1785529905
2026-07-31T20:38:45Z,932,1,0,16,2,0,1,1,1,1785530072
2026-07-31T20:38:45Z,933,17,2,5,1,0,1,1,1,1785530115
2026-07-31T20:38:45Z,934,20,1,10,1,0,1,1,1,1785529283
2026-07-31T20:38:45Z,935,5,0,13,1,0,1,1,1,1785530167
2026-07-31T20:38:45Z,936,12,0,7,0,0,1,1,1,1785530244
2026-07-31T20:38:45Z,940,2,1,8,1,0,1,1,1,1785530273
2026-07-31T20:38:45Z,941,16,0,6,3,0,1,1,1,1785530002
2026-07-31T20:38:45Z,942,16,1,5,0,0,1,1,1,1785530139
2026-07-31T20:38:45Z,943,8,8,7,0,0,1,1,1,1785529190
2026-07-31T20:38:45Z,944,10,8,5,0,0,1,1,1,1785529034
2026-07-31T20:38:45Z,945,10,8,5,0,0,1,1,1,1785528558
2026-07-31T20:38:45Z,946,7,5,12,0,0,1,1,1,1785523835
2026-07-31T20:38:45Z,947,7,5,10,0,0,1,1,1,1785529054
2026-07-31T20:38:45Z,948,11,10,17,3,0,1,1,1,1785530270
2026-07-31T20:38:45Z,949,3,1,11,1,0,1,1,1,1785530318
2026-07-31T20:38:45Z,950,7,1,8,2,0,1,1,1,1785529981
2026-07-31T20:38:45Z,951,17,5,6,0,0,1,1,1,1785529713
2026-07-31T20:38:45Z,952,22,0,31,2,0,1,1,1,1785530239
2026-07-31T20:38:45Z,953,2,0,12,1,0,1,1,1,1785530127
2026-07-31T20:38:45Z,954,6,0,13,0,0,1,1,1,1785530061
2026-07-31T20:38:45Z,955,9,4,11,6,1,1,1,1,1785530032
2026-07-31T20:38:45Z,956,6,0,16,1,0,1,1,1,1785530299
2026-07-31T20:38:45Z,957,8,0,20,1,0,1,1,1,1785530152
2026-07-31T20:38:45Z,958,23,2,6,2,0,1,1,1,1785530101
2026-07-31T20:38:45Z,959,1,1,20,2,0,1,1,1,1785529932
2026-07-31T20:38:45Z,960,1,0,21,1,0,1,1,1,1785530008
2026-07-31T20:38:45Z,961,5,1,15,3,0,1,1,1,1785529818
2026-07-31T20:38:45Z,962,8,3,24,3,0,1,1,1,1785530213
2026-07-31T20:38:45Z,963,5,0,17,1,0,1,1,1,1785530271
2026-07-31T20:38:45Z,964,11,8,12,0,0,1,1,1,1785530319
2026-07-31T20:38:45Z,965,10,6,16,1,0,1,1,1,1785529448
2026-07-31T20:38:45Z,966,12,0,18,1,0,1,1,1,1785530217
2026-07-31T20:38:45Z,967,4,0,15,2,0,1,1,1,1785530279
2026-07-31T20:38:45Z,968,12,0,6,1,0,1,1,1,1785529069
2026-07-31T20:38:45Z,969,0,0,25,2,0,1,1,1,1785529971
2026-07-31T20:38:45Z,970,3,2,15,1,0,1,1,1,1785530205
2026-07-31T20:38:45Z,971,2,0,20,1,0,1,1,1,1785529954
2026-07-31T20:38:45Z,972,12,4,10,1,0,1,1,1,1785529068
2026-07-31T20:38:45Z,973,7,1,15,1,0,1,1,1,1785530023
2026-07-31T20:38:45Z,974,13,0,14,0,0,1,1,1,1785530031
2026-07-31T20:38:45Z,977,3,0,16,2,0,1,1,1,1785529607
2026-07-31T20:38:45Z,978,19,0,4,0,0,1,1,1,1785530217
2026-07-31T20:38:45Z,979,6,2,11,0,0,1,1,1,1785530266
2026-07-31T20:38:45Z,980,7,0,13,1,0,1,1,1,1785530308
2026-07-31T20:38:45Z,981,1,0,20,0,0,1,1,1,1785530152
2026-07-31T20:38:45Z,982,4,1,14,1,0,1,1,1,1785529188
2026-07-31T20:38:45Z,983,4,3,19,0,0,1,1,1,1785529571
2026-07-31T20:38:45Z,984,7,0,16,0,0,1,1,1,1785529249
2026-07-31T20:38:45Z,985,5,1,26,0,0,1,1,1,1785529975
2026-07-31T20:38:45Z,986,3,0,16,0,0,1,1,1,1785529110
2026-07-31T20:38:45Z,987,6,0,17,0,0,1,1,1,1785529686
2026-07-31T20:38:45Z,988,8,4,11,0,0,1,1,1,1785529281
2026-07-31T20:38:45Z,989,6,3,13,0,0,1,1,1,1785530219
2026-07-31T20:38:45Z,990,12,0,2,1,0,1,1,1,1785529278
2026-07-31T20:38:45Z,991,9,0,9,1,0,1,1,1,1785529013
2026-07-31T20:38:45Z,992,9,5,14,0,0,1,1,1,1785529901
2026-07-31T20:38:45Z,993,5,5,21,1,0,1,1,1,1785530172
2026-07-31T20:38:45Z,994,0,0,21,0,0,1,1,1,1785530145
2026-07-31T20:38:45Z,995,6,0,21,0,0,1,1,1,1785529353
2026-07-31T20:38:45Z,996,8,2,15,0,0,1,1,1,1785529187
2026-07-31T20:38:45Z,997,5,4,6,9,3,1,1,1,1785530101
2026-07-31T20:38:45Z,998,5,4,18,0,0,1,1,1,1785529445
2026-07-31T20:38:45Z,999,4,1,15,1,1,1,1,1,1785529154
2026-07-31T20:38:45Z,1000,1,0,20,0,0,1,1,1,1785529990
2026-07-31T20:38:45Z,1001,4,2,23,0,0,1,1,1,1785529506
2026-07-31T20:38:45Z,1002,2,2,28,1,0,1,1,1,1785529536
2026-07-31T20:38:45Z,1003,1,0,22,0,0,1,1,1,1785529212
2026-07-31T20:38:45Z,1004,9,2,14,0,0,1,1,1,1785528564
2026-07-31T20:38:45Z,1005,20,1,3,0,0,1,1,1,1785529273
2026-07-31T20:38:45Z,1006,7,4,12,0,0,1,1,1,1785529081
2026-07-31T20:38:45Z,1007,1,1,20,0,0,1,1,1,1785528723
2026-07-31T20:38:45Z,1008,8,7,15,0,0,1,1,1,1785530077
2026-07-31T20:38:45Z,1009,22,5,8,1,0,1,1,1,1785529989
2026-07-31T20:38:45Z,1010,8,2,19,0,0,1,1,1,1785528983
2026-07-31T20:38:45Z,1011,7,2,10,2,0,1,1,1,1785529452
2026-07-31T20:38:45Z,1012,5,3,16,2,0,1,1,1,1785529045
2026-07-31T20:38:45Z,1013,4,1,18,1,0,1,1,1,1785529606
2026-07-31T20:38:45Z,1014,9,4,14,0,0,1,1,1,1785529570
2026-07-31T20:38:45Z,1015,4,3,26,1,0,1,1,1,1785529912
2026-07-31T20:38:45Z,1016,10,5,21,0,0,1,1,1,1785528989
2026-07-31T20:38:45Z,1017,13,5,8,0,0,1,1,1,1785530254
2026-07-31T20:38:45Z,1018,7,3,15,0,0,1,1,1,1785529124
2026-07-31T20:38:45Z,1019,8,5,7,0,0,1,1,1,1785528994
2026-07-31T20:38:45Z,1020,19,5,2,0,0,1,1,1,1785530120
2026-07-31T20:38:45Z,1021,9,4,6,0,0,1,1,1,1785529796
2026-07-31T20:38:45Z,1022,14,0,13,0,0,1,1,1,1785529254
2026-07-31T20:38:45Z,1023,14,2,9,0,0,1,1,1,1785528877
2026-07-31T20:38:45Z,1024,4,2,15,0,0,1,1,1,1785529846
2026-07-31T20:38:45Z,1025,4,0,14,0,1,1,1,1,1785529234
2026-07-31T20:38:45Z,1026,12,9,18,1,0,1,1,1,1785530161
2026-07-31T20:38:45Z,1028,3,1,20,0,0,1,1,1,1785529219
2026-07-31T20:38:45Z,1029,12,10,3,0,0,1,1,1,1785530103
2026-07-31T20:38:45Z,1030,13,4,10,0,0,1,1,1,1785529914
2026-07-31T20:38:45Z,1031,9,1,10,0,0,1,1,1,1785530224
2026-07-31T20:38:45Z,1032,7,1,12,0,0,1,1,1,1785529080
2026-07-31T20:38:45Z,1033,9,5,10,0,0,1,1,1,1785529903
2026-07-31T20:38:45Z,1034,3,0,12,0,0,1,1,1,1785529536
2026-07-31T20:38:45Z,1035,1,0,17,1,0,1,1,1,1785529086
2026-07-31T20:38:45Z,1036,12,0,3,0,0,1,1,1,1785529642
2026-07-31T20:38:45Z,1037,2,0,16,1,0,1,1,1,1785529934
2026-07-31T20:38:45Z,1038,1,0,14,0,0,1,1,1,1785528754
2026-07-31T20:38:45Z,1039,7,1,12,0,0,1,1,1,1785529583
2026-07-31T20:38:45Z,1040,7,5,12,0,0,1,1,1,1785529879
2026-07-31T20:38:45Z,1041,10,2,9,0,0,1,1,1,1785529000
2026-07-31T20:38:45Z,1042,2,0,12,1,0,1,1,1,1785529721
2026-07-31T20:38:45Z,1043,10,5,8,1,0,1,1,1,1785529159
2026-07-31T20:38:45Z,1044,2,1,13,0,0,1,1,1,1785528808
2026-07-31T20:38:45Z,1045,9,0,10,0,0,1,1,1,1785529063
2026-07-31T20:38:45Z,1046,9,0,6,0,0,1,1,1,1785530247
2026-07-31T20:38:45Z,1047,4,0,17,0,0,1,1,1,1785529849
2026-07-31T20:38:45Z,1048,1,0,18,0,0,1,1,1,1785529918
2026-07-31T20:38:45Z,1049,0,0,21,0,0,1,1,1,1785529145
2026-07-31T20:38:45Z,1050,17,4,4,0,0,1,1,1,1785530246
2026-07-31T20:38:45Z,1051,8,3,13,0,0,1,1,1,1785530117
2026-07-31T20:38:45Z,1052,16,1,5,1,0,1,1,1,1785528937
2026-07-31T20:38:45Z,1053,3,2,12,0,0,1,1,1,1785528943
2026-07-31T20:38:45Z,1054,5,1,10,0,0,1,1,1,1785529193
2026-07-31T20:38:45Z,1055,9,2,10,0,0,1,1,1,1785529211
2026-07-31T20:38:45Z,1057,11,1,8,0,0,1,1,1,1785529657
2026-07-31T20:38:45Z,1058,13,1,42,1,0,1,1,1,1785529853
2026-07-31T20:38:45Z,1059,1,1,17,1,0,1,1,1,1785529068
2026-07-31T20:38:45Z,1060,22,0,15,0,0,1,1,1,1785530308
2026-07-31T20:38:45Z,1061,23,0,14,0,0,1,1,1,1785530293
2026-07-31T20:38:45Z,1062,10,1,7,0,0,1,1,1,1785530215
2026-07-31T20:38:45Z,1063,12,1,6,1,0,1,1,1,1785529122
2026-07-31T20:38:45Z,1064,3,0,19,1,0,1,1,1,1785529487
2026-07-31T20:38:45Z,1065,16,3,7,0,0,1,1,1,1785529733
2026-07-31T20:38:45Z,1066,12,2,11,0,0,1,1,1,1785529553
2026-07-31T20:38:45Z,1067,8,2,13,2,0,1,1,1,1785529829
2026-07-31T20:38:45Z,1068,5,2,15,3,0,1,1,1,1785529362
2026-07-31T20:38:45Z,1069,12,3,11,0,0,1,1,1,1785529367
2026-07-31T20:38:45Z,1070,12,2,11,0,0,1,1,1,1785529467
2026-07-31T20:38:45Z,1071,8,4,15,0,0,1,1,1,1785529505
2026-07-31T20:38:45Z,1072,11,1,11,1,0,1,1,1,1785529916
2026-07-31T20:38:45Z,1073,4,0,22,1,0,1,1,1,1785530211
2026-07-31T20:38:45Z,1074,35,6,15,3,0,1,1,1,1785530201
2026-07-31T20:38:45Z,1075,8,8,13,0,0,1,1,1,1785530215
2026-07-31T20:38:45Z,1076,17,14,4,0,0,1,1,1,1785530138
2026-07-31T20:38:45Z,1077,11,7,9,1,0,1,1,1,1785529779
2026-07-31T20:38:45Z,1078,10,9,11,0,0,1,1,1,1785530173
2026-07-31T20:38:45Z,1079,12,8,9,0,0,1,1,1,1785528976
2026-07-31T20:38:45Z,1080,10,7,9,2,0,1,1,1,1785529826
2026-07-31T20:38:45Z,1081,14,8,5,0,0,1,1,1,1785529910
2026-07-31T20:38:45Z,1082,12,11,11,0,0,1,1,1,1785528982
2026-07-31T20:38:45Z,1083,14,12,7,0,0,1,1,1,1785529246
2026-07-31T20:38:45Z,1084,10,8,11,0,0,1,1,1,1785528862
2026-07-31T20:38:45Z,1085,11,8,10,0,0,1,1,1,1785529242
2026-07-31T20:38:45Z,1086,14,11,6,1,0,1,1,1,1785529259
2026-07-31T20:38:45Z,1087,6,6,9,0,0,1,1,1,1785530162
2026-07-31T20:38:45Z,1088,10,7,5,0,0,1,1,1,1785529123
2026-07-31T20:38:45Z,1089,7,3,8,0,0,1,1,1,1785529453
2026-07-31T20:38:45Z,1090,7,6,8,0,0,1,1,1,1785529874
2026-07-31T20:38:45Z,1091,7,5,8,0,0,1,1,1,1785530074
2026-07-31T20:38:45Z,1092,10,9,5,0,0,1,1,1,1785529456
2026-07-31T20:38:45Z,1093,5,5,9,1,0,1,1,1,1785530151
2026-07-31T20:38:45Z,1094,10,9,9,0,0,1,1,1,1785529074
2026-07-31T20:38:45Z,1095,9,8,6,0,0,1,1,1,1785529053
2026-07-31T20:38:45Z,1096,10,8,8,1,0,1,1,1,1785529448
2026-07-31T20:38:45Z,1097,8,8,7,0,0,1,1,1,1785529643
2026-07-31T20:38:45Z,1098,9,7,10,0,0,1,1,1,1785528678
2026-07-31T20:38:45Z,1099,7,6,8,0,0,1,1,1,1785528910
2026-07-31T20:38:45Z,1100,5,3,24,0,0,1,1,1,1785529784
2026-07-31T20:38:45Z,1101,10,5,11,0,0,1,1,1,1785528833
2026-07-31T20:38:45Z,1102,9,4,4,0,0,1,1,1,1785529855
2026-07-31T20:38:45Z,1103,11,5,10,0,0,1,1,1,1785503681
2026-07-31T20:38:45Z,1104,11,6,10,0,0,1,1,1,1785528583
2026-07-31T20:38:45Z,1105,8,4,5,0,0,1,1,1,1785529738
2026-07-31T20:38:45Z,1106,10,5,11,0,0,1,1,1,1785528924
2026-07-31T20:38:45Z,1107,9,5,6,0,0,1,1,1,1785529173
2026-07-31T20:38:45Z,1108,7,3,16,3,1,1,1,1,1785529885
2026-07-31T20:38:45Z,1109,8,4,7,0,0,1,1,1,1785529116
2026-07-31T20:38:45Z,1110,12,4,9,0,0,1,1,1,1785530264
2026-07-31T20:38:45Z,1111,11,6,9,1,0,1,1,1,1785529682
2026-07-31T20:38:45Z,1112,25,0,28,0,0,1,1,1,1785530208
2026-07-31T20:38:45Z,1113,3,0,18,0,0,1,1,1,1785530184
2026-07-31T20:38:45Z,1115,13,2,6,4,0,1,1,1,1785529647
2026-07-31T20:38:45Z,1116,1,0,18,0,0,1,1,1,1785529099
2026-07-31T20:38:45Z,1117,1,0,20,2,0,1,1,1,1785530282
2026-07-31T20:38:45Z,1118,11,1,10,0,0,1,1,1,1785530218
2026-07-31T20:38:45Z,1119,8,0,9,0,0,1,1,1,1785530093
2026-07-31T20:38:45Z,1120,7,0,11,1,0,1,1,1,1785529506
2026-07-31T20:38:45Z,1121,1,0,19,1,0,1,1,1,1785529366
2026-07-31T20:38:45Z,1122,2,2,18,1,0,1,1,1,1785530052
2026-07-31T20:38:45Z,1123,9,7,12,2,0,1,1,1,1785530026
2026-07-31T20:38:45Z,1124,1,0,11,3,0,1,1,1,1785530265
2026-07-31T20:38:45Z,1125,17,1,6,0,0,1,1,1,1785529470
2026-07-31T20:38:45Z,1126,9,0,12,0,0,1,1,1,1785530229
2026-07-31T20:38:45Z,1127,3,1,16,0,0,1,1,1,1785530115
2026-07-31T20:38:45Z,1128,0,0,15,0,0,1,1,1,1785529070
2026-07-31T20:38:45Z,1129,2,1,17,2,0,1,1,1,1785529384
2026-07-31T20:38:45Z,1130,5,0,9,1,0,1,1,1,1785530143
2026-07-31T20:38:45Z,1131,5,3,43,1,0,1,1,1,1785530135
2026-07-31T20:38:45Z,1132,11,5,9,1,0,1,1,1,1785528989
2026-07-31T20:38:45Z,1133,10,5,7,4,0,1,1,1,1785530176
2026-07-31T20:38:45Z,1134,11,5,8,0,0,1,1,1,1785529610
2026-07-31T20:38:45Z,1135,12,6,9,0,0,1,1,1,1785528728
2026-07-31T20:38:45Z,1136,14,0,9,0,0,1,1,1,1785529306
2026-07-31T20:38:45Z,1137,13,0,2,0,0,1,1,1,1785530009
2026-07-31T20:38:45Z,1138,2,0,17,0,0,1,1,1,1785529172
2026-07-31T20:38:45Z,1139,15,2,4,2,0,1,1,1,1785529609
2026-07-31T20:38:45Z,1140,5,1,16,2,0,1,1,1,1785530224
2026-07-31T20:38:45Z,1141,14,6,7,0,0,1,1,1,1785530070
2026-07-31T20:38:45Z,1142,0,0,21,0,0,1,1,1,1785529739
2026-07-31T20:38:45Z,1143,17,1,12,0,0,1,1,1,1785530313
2026-07-31T20:38:45Z,1144,6,0,14,1,0,1,1,1,1785530157
2026-07-31T20:38:45Z,1145,11,5,9,1,0,1,1,1,1785529506
2026-07-31T20:38:45Z,1146,14,13,3,2,0,1,1,1,1785530237
2026-07-31T20:38:45Z,1147,16,1,3,0,0,1,1,1,1785530201
2026-07-31T20:38:45Z,1148,5,0,26,0,0,1,1,1,1785530011
2026-07-31T20:38:45Z,1149,4,3,16,5,0,1,1,1,1785530033
2026-07-31T20:38:45Z,1150,8,0,11,0,0,1,1,1,1785529726
2026-07-31T20:38:45Z,1151,7,0,14,0,0,1,1,1,1785529756
2026-07-31T20:38:45Z,1152,5,0,24,0,0,1,1,1,1785530290
2026-07-31T20:38:45Z,1153,20,2,2,1,0,1,1,1,1785529723
2026-07-31T20:38:45Z,1154,3,0,16,0,0,1,1,1,1785530310
2026-07-31T20:38:45Z,1155,6,1,12,3,0,1,1,1,1785530290
2026-07-31T20:38:45Z,1158,3,1,16,0,0,1,1,1,1785528984
2026-07-31T20:38:45Z,1159,12,0,7,0,0,1,1,1,1785529346
2026-07-31T20:38:45Z,1160,9,2,10,0,0,1,1,1,1785529128
2026-07-31T20:38:45Z,1161,3,0,15,1,0,1,1,1,1785529481
2026-07-31T20:38:45Z,1162,2,1,17,0,0,1,1,1,1785529736
2026-07-31T20:38:45Z,1163,2,1,16,1,0,1,1,1,1785529104
2026-07-31T20:38:45Z,1164,5,1,14,0,0,1,1,1,1785530102
2026-07-31T20:38:45Z,1165,1,0,20,0,0,1,1,1,1785530000
2026-07-31T20:38:45Z,1166,13,3,8,0,0,1,1,1,1785530163
2026-07-31T20:38:45Z,1167,4,0,11,0,0,1,1,1,1785528832
2026-07-31T20:38:45Z,1168,3,0,18,2,0,1,1,1,1785529395
2026-07-31T20:38:45Z,1169,3,0,15,1,0,1,1,1,1785529007
2026-07-31T20:38:45Z,1170,7,1,14,0,0,1,1,1,1785529402
2026-07-31T20:38:45Z,1171,9,8,14,0,0,1,1,1,1785529785
2026-07-31T20:38:45Z,1172,3,0,10,2,0,1,1,1,1785529314
2026-07-31T20:38:45Z,1173,13,4,6,0,0,1,1,1,1785529266
2026-07-31T20:38:45Z,1174,6,3,9,0,0,1,1,1,1785528911
2026-07-31T20:38:45Z,1175,4,3,15,0,0,1,1,1,1785525246
2026-07-31T20:38:45Z,1176,8,2,13,0,0,1,1,1,1785530305
2026-07-31T20:38:45Z,1177,2,1,19,0,0,1,1,1,1785530236
2026-07-31T20:38:45Z,1178,5,2,10,0,0,1,1,1,1785528837
2026-07-31T20:38:45Z,1181,8,0,7,0,0,1,1,1,1785530218
2026-07-31T20:38:45Z,1182,11,0,7,2,0,1,1,1,1785530143
2026-07-31T20:38:45Z,1183,28,2,15,2,0,1,1,1,1785530194
2026-07-31T20:38:45Z,1184,2,1,17,2,0,1,1,1,1785530319
2026-07-31T20:38:45Z,1185,9,5,12,0,0,1,1,1,1785528555
2026-07-31T20:38:45Z,1186,9,5,10,0,0,1,1,1,1785529535
2026-07-31T20:38:45Z,1187,10,5,10,1,0,1,1,1,1785529779
2026-07-31T20:38:45Z,1188,10,5,5,0,0,1,1,1,1785529170
2026-07-31T20:38:45Z,1189,9,4,10,0,0,1,1,1,1785529298
2026-07-31T20:38:45Z,1190,9,4,12,0,0,1,1,1,1785528712
2026-07-31T20:38:45Z,1191,10,5,5,0,0,1,1,1,1785529497
2026-07-31T20:38:45Z,1192,10,6,10,1,0,1,1,1,1785529833
2026-07-31T20:38:45Z,1193,6,4,5,2,0,1,1,1,1785529971
2026-07-31T20:38:45Z,1197,8,5,8,1,0,1,1,1,1785530246
2026-07-31T20:38:45Z,1198,13,4,6,2,0,1,1,1,1785529602
2026-07-31T20:38:45Z,1199,3,0,16,0,0,1,1,1,1785529592
2026-07-31T20:38:45Z,1200,9,5,6,0,0,1,1,1,1785529211
2026-07-31T20:38:45Z,1201,9,4,6,0,0,1,1,1,1785529261
2026-07-31T20:38:45Z,1202,10,5,5,0,0,1,1,1,1785529288
2026-07-31T20:38:45Z,1203,11,5,4,0,0,1,1,1,1785529191
2026-07-31T20:38:45Z,1204,7,4,12,0,0,1,1,1,1785528964
2026-07-31T20:38:45Z,1206,11,5,10,0,0,1,1,1,1785530018
2026-07-31T20:38:45Z,1207,8,4,6,1,0,1,1,1,1785529504
2026-07-31T20:38:45Z,1208,10,4,9,0,0,1,1,1,1785529446
2026-07-31T20:38:45Z,1216,9,0,11,1,0,1,1,1,1785530236
2026-07-31T20:38:45Z,1218,4,0,17,0,0,1,1,1,1785528817
2026-07-31T20:38:45Z,1219,5,1,7,3,0,1,1,1,1785529151
2026-07-31T20:38:45Z,1220,17,6,2,0,0,1,1,1,1785530271
2026-07-31T20:38:45Z,1221,1,1,19,1,0,1,1,1,1785529983
2026-07-31T20:38:45Z,1222,15,3,14,0,0,1,1,1,1785530043
2026-07-31T20:38:45Z,1223,26,0,2,1,0,1,1,1,1785530190
2026-07-31T20:38:45Z,1226,0,0,3,0,0,0,1,1,1781868931
2026-07-31T20:38:45Z,1227,2,0,22,1,0,1,1,1,1785530224
2026-07-31T20:38:45Z,1228,6,5,23,0,0,1,1,1,1785529946
2026-07-31T20:38:45Z,1229,45,1,0,0,0,1,1,1,1785530283
2026-07-31T20:43:45Z,1,11,1,12,0,0,1,1,1,1785530191
2026-07-31T20:43:45Z,2,11,1,13,3,0,1,1,1,1785530605
2026-07-31T20:43:45Z,3,10,0,3,1,0,1,1,1,1785530589
2026-07-31T20:43:45Z,4,20,3,1,1,0,1,1,1,1785530615
2026-07-31T20:43:45Z,5,16,3,5,2,0,1,1,1,1785530181
2026-07-31T20:43:45Z,6,3,0,12,0,0,1,1,1,1785530584
2026-07-31T20:43:45Z,7,4,0,35,0,0,1,1,1,1785529089
2026-07-31T20:43:45Z,8,7,0,36,0,0,1,1,1,1785530463
2026-07-31T20:43:45Z,9,17,1,5,1,0,1,1,1,1785530596
2026-07-31T20:43:45Z,10,1,0,20,2,0,1,1,1,1785527928
2026-07-31T20:43:45Z,11,8,1,9,2,0,1,1,1,1785530467
2026-07-31T20:43:45Z,12,23,0,0,0,0,1,1,1,1785530601
2026-07-31T20:43:45Z,13,8,0,22,0,0,1,1,1,1785530249
2026-07-31T20:43:45Z,14,41,0,1,0,1,1,1,1,1785529449
2026-07-31T20:43:45Z,15,15,0,0,0,0,1,1,1,1785530434
2026-07-31T20:43:45Z,16,5,1,19,2,1,1,1,1,1785530037
2026-07-31T20:43:45Z,17,7,0,19,1,0,1,1,1,1785530390
2026-07-31T20:43:45Z,18,10,1,6,2,0,1,1,1,1785530547
2026-07-31T20:43:45Z,19,14,2,10,3,0,1,1,1,1785530594
2026-07-31T20:43:45Z,20,10,1,25,0,0,1,1,1,1785530516
2026-07-31T20:43:45Z,21,15,2,3,1,0,1,1,1,1785530587
2026-07-31T20:43:45Z,22,31,0,32,2,0,1,1,1,1785530598
2026-07-31T20:43:45Z,23,18,9,13,0,0,1,1,1,1785530620
2026-07-31T20:43:45Z,24,8,2,2,1,0,1,1,1,1785530614
2026-07-31T20:43:45Z,25,76,4,4,1,0,1,1,1,1785530609
2026-07-31T20:43:45Z,26,24,2,3,0,0,1,1,1,1785530495
2026-07-31T20:43:45Z,28,6,1,9,0,0,1,1,1,1785530385
2026-07-31T20:43:45Z,30,12,0,16,1,0,1,1,1,1785530339
2026-07-31T20:43:45Z,31,14,3,4,1,0,1,1,1,1785530477
2026-07-31T20:43:45Z,32,9,4,18,0,0,1,1,1,1785530273
2026-07-31T20:43:45Z,34,16,1,21,0,0,1,1,1,1785530316
2026-07-31T20:43:45Z,35,19,4,28,0,0,1,1,1,1785530611
2026-07-31T20:43:45Z,36,0,0,0,0,0,0,1,1,86400
2026-07-31T20:43:45Z,37,17,2,5,1,0,1,1,1,1785530424
2026-07-31T20:43:45Z,38,9,0,14,0,0,1,1,1,1785530517
2026-07-31T20:43:45Z,39,16,2,23,0,0,1,1,1,1785530274
2026-07-31T20:43:45Z,40,8,0,13,0,0,1,1,1,1785530459
2026-07-31T20:43:45Z,41,33,1,10,0,0,1,1,1,1785529985
2026-07-31T20:43:45Z,42,2,1,29,0,0,1,1,1,1785530546
2026-07-31T20:43:45Z,43,11,2,12,0,0,1,1,1,1785530550
2026-07-31T20:43:45Z,45,15,0,14,0,0,1,1,1,1785530482
2026-07-31T20:43:45Z,46,2,2,28,1,0,1,1,1,1785530485
2026-07-31T20:43:45Z,47,0,0,14,1,0,1,1,1,1785529062
2026-07-31T20:43:45Z,48,19,0,8,0,0,1,1,1,1785530588
2026-07-31T20:43:45Z,49,1,0,18,4,0,1,1,1,1785530616
2026-07-31T20:43:45Z,50,9,8,10,0,0,1,1,1,1785530229
2026-07-31T20:43:45Z,51,49,0,28,0,0,1,1,1,1785529674
2026-07-31T20:43:45Z,52,0,0,24,3,0,1,1,1,1785530595
2026-07-31T20:43:45Z,55,2,0,21,0,0,1,1,1,1785530399
2026-07-31T20:43:45Z,56,29,0,14,0,0,1,1,1,1785530535
2026-07-31T20:43:45Z,57,20,2,6,1,0,1,1,1,1785530547
2026-07-31T20:43:45Z,58,1,1,27,0,0,1,1,1,1785530549
2026-07-31T20:43:45Z,59,4,0,21,2,0,1,1,1,1785530609
2026-07-31T20:43:45Z,61,0,0,39,0,0,1,1,1,1785529980
2026-07-31T20:43:45Z,62,27,15,20,2,0,1,1,1,1785530562
2026-07-31T20:43:45Z,63,13,1,6,0,0,1,1,1,1785530620
2026-07-31T20:43:45Z,64,12,1,3,4,0,1,1,1,1785527230
2026-07-31T20:43:45Z,65,8,4,10,1,0,1,1,1,1785530131
2026-07-31T20:43:45Z,67,33,0,6,0,0,1,1,1,1785530269
2026-07-31T20:43:45Z,68,33,1,3,1,0,1,1,1,1785530577
2026-07-31T20:43:45Z,69,2,1,13,0,0,1,1,1,1785530496
2026-07-31T20:43:45Z,71,14,1,10,3,0,1,1,1,1785530561
2026-07-31T20:43:45Z,72,24,3,4,2,1,1,1,1,1785530163
2026-07-31T20:43:45Z,73,21,0,10,0,0,1,1,1,1785530574
2026-07-31T20:43:45Z,74,2,0,17,0,0,1,1,1,1785530606
2026-07-31T20:43:45Z,75,16,0,15,1,0,1,1,1,1785529675
2026-07-31T20:43:45Z,76,10,1,8,1,0,1,1,1,1785530617
2026-07-31T20:43:45Z,77,3,0,24,0,0,1,1,1,1785530338
2026-07-31T20:43:45Z,78,3,3,20,0,0,1,1,1,1785529960
2026-07-31T20:43:45Z,79,1,0,15,1,0,1,1,1,1785530475
2026-07-31T20:43:45Z,80,11,0,9,3,0,1,1,1,1785530531
2026-07-31T20:43:45Z,81,3,0,28,0,0,1,1,1,1785529692
2026-07-31T20:43:45Z,82,14,7,7,2,0,1,1,1,1785530379
2026-07-31T20:43:45Z,83,8,3,25,1,0,1,1,1,1785530608
2026-07-31T20:43:45Z,84,0,0,26,1,0,1,1,1,1785530012
2026-07-31T20:43:45Z,85,9,1,6,0,0,1,1,1,1785530529
2026-07-31T20:43:45Z,86,1,0,26,0,0,1,1,1,1785529415
2026-07-31T20:43:45Z,87,3,0,16,0,0,1,1,1,1785530229
2026-07-31T20:43:45Z,88,9,0,33,1,0,1,1,1,1785530369
2026-07-31T20:43:45Z,89,31,2,4,0,0,1,1,1,1785530137
2026-07-31T20:43:45Z,90,3,0,14,1,0,1,1,1,1785530535
2026-07-31T20:43:45Z,91,2,0,15,0,0,1,1,1,1785530446
2026-07-31T20:43:45Z,92,5,0,11,3,0,1,1,1,1785530531
2026-07-31T20:43:45Z,93,4,2,19,0,0,1,1,1,1785530361
2026-07-31T20:43:45Z,94,12,0,6,1,0,1,1,1,1785530489
2026-07-31T20:43:45Z,95,3,1,30,1,1,1,1,1,1785530613
2026-07-31T20:43:45Z,96,14,2,16,1,0,1,1,1,1785530529
2026-07-31T20:43:45Z,97,2,2,13,2,0,1,1,1,1785530585
2026-07-31T20:43:45Z,98,30,6,4,1,0,1,1,1,1785530596
2026-07-31T20:43:45Z,99,7,0,8,0,0,1,1,1,1785530493
2026-07-31T20:43:45Z,100,5,0,22,0,0,1,1,1,1785530592
2026-07-31T20:43:45Z,101,14,0,0,1,0,1,1,1,1785529979
2026-07-31T20:43:45Z,102,6,0,17,0,0,1,1,1,1785530185
2026-07-31T20:43:45Z,103,13,2,16,1,0,1,1,1,1785530596
2026-07-31T20:43:45Z,104,19,1,6,2,0,1,1,1,1785530609
2026-07-31T20:43:45Z,105,18,0,1,0,0,1,1,1,1785529401
2026-07-31T20:43:45Z,106,13,0,7,1,0,1,1,1,1785530445
2026-07-31T20:43:45Z,107,20,2,17,0,0,1,1,1,1785530530
2026-07-31T20:43:45Z,108,1,0,32,2,0,1,1,1,1785530558
2026-07-31T20:43:45Z,109,15,2,8,0,0,1,1,1,1785530605
2026-07-31T20:43:45Z,110,13,0,10,0,0,1,1,1,1785530173
2026-07-31T20:43:45Z,111,17,2,19,0,0,1,1,1,1785530337
2026-07-31T20:43:45Z,112,4,2,10,1,0,1,1,1,1785530540
2026-07-31T20:43:45Z,113,11,1,7,1,0,1,1,1,1785530530
2026-07-31T20:43:45Z,114,15,6,14,1,1,1,1,1,1785530585
2026-07-31T20:43:45Z,115,15,11,9,4,0,1,1,1,1785530228
2026-07-31T20:43:45Z,116,14,11,11,2,0,1,1,1,1785529913
2026-07-31T20:43:45Z,118,14,1,7,2,0,1,1,1,1785530037
2026-07-31T20:43:45Z,119,1,1,35,2,0,1,1,1,1785530269
2026-07-31T20:43:45Z,120,4,0,21,2,0,1,1,1,1785530334
2026-07-31T20:43:45Z,121,2,0,14,2,1,1,1,1,1785530612
2026-07-31T20:43:45Z,122,5,0,16,0,0,1,1,1,1785529056
2026-07-31T20:43:45Z,123,18,1,29,0,0,1,1,1,1785530459
2026-07-31T20:43:45Z,124,2,2,33,0,0,1,1,1,1785530596
2026-07-31T20:43:45Z,125,3,0,19,1,0,1,1,1,1785530524
2026-07-31T20:43:45Z,126,18,0,13,0,0,1,1,1,1785528553
2026-07-31T20:43:45Z,127,15,2,19,1,0,1,1,1,1785530357
2026-07-31T20:43:45Z,128,3,0,16,0,0,1,1,1,1785530603
2026-07-31T20:43:45Z,129,1,1,16,2,0,1,1,1,1785529979
2026-07-31T20:43:45Z,130,1,0,16,0,0,1,1,1,1785530482
2026-07-31T20:43:45Z,131,5,4,6,0,0,1,1,1,1785530495
2026-07-31T20:43:45Z,132,6,4,8,0,1,1,1,1,1785530188
2026-07-31T20:43:45Z,134,14,2,5,4,0,1,1,1,1785530621
2026-07-31T20:43:45Z,135,4,1,13,2,0,1,1,1,1785530384
2026-07-31T20:43:45Z,136,0,0,15,2,6,1,1,1,1785530531
2026-07-31T20:43:45Z,137,5,5,12,2,0,1,1,1,1785530517
2026-07-31T20:43:45Z,138,7,0,30,0,0,1,1,1,1785529839
2026-07-31T20:43:45Z,139,2,0,17,0,0,1,1,1,1785530441
2026-07-31T20:43:45Z,140,4,1,18,1,0,1,1,1,1785530617
2026-07-31T20:43:45Z,141,1,0,35,0,0,1,1,1,1785530602
2026-07-31T20:43:45Z,142,3,1,20,0,0,1,1,1,1785530584
2026-07-31T20:43:45Z,143,2,0,28,1,0,1,1,1,1785530573
2026-07-31T20:43:45Z,144,14,0,13,0,0,1,1,1,1785530620
2026-07-31T20:43:45Z,146,16,1,6,1,0,1,1,1,1785530494
2026-07-31T20:43:45Z,147,0,0,17,2,0,1,1,1,1785530501
2026-07-31T20:43:45Z,148,3,2,21,3,0,1,1,1,1785530568
2026-07-31T20:43:45Z,149,3,0,23,1,0,1,1,1,1785530591
2026-07-31T20:43:45Z,150,7,0,25,3,0,1,1,1,1785530515
2026-07-31T20:43:45Z,151,2,0,21,0,0,1,1,1,1785530587
2026-07-31T20:43:45Z,152,6,3,17,3,0,1,1,1,1785530562
2026-07-31T20:43:45Z,153,3,1,23,2,0,1,1,1,1785530569
2026-07-31T20:43:45Z,154,8,0,12,3,0,1,1,1,1785530594
2026-07-31T20:43:45Z,155,2,0,11,1,0,1,1,1,1785530582
2026-07-31T20:43:45Z,156,8,0,11,0,0,1,1,1,1785530521
2026-07-31T20:43:45Z,157,6,1,18,3,0,1,1,1,1785530620
2026-07-31T20:43:45Z,158,3,2,13,0,0,1,1,1,1785529697
2026-07-31T20:43:45Z,159,3,2,15,1,0,1,1,1,1785530337
2026-07-31T20:43:45Z,160,2,0,17,0,0,1,1,1,1785530592
2026-07-31T20:43:45Z,161,10,0,12,0,0,1,1,1,1785530512
2026-07-31T20:43:45Z,162,22,11,2,3,0,1,1,1,1785530435
2026-07-31T20:43:45Z,163,8,0,22,0,1,1,1,1,1785530567
2026-07-31T20:43:45Z,164,17,0,10,0,0,1,1,1,1785530620
2026-07-31T20:43:45Z,165,31,4,0,0,0,1,1,1,1785530590
2026-07-31T20:43:45Z,166,7,2,28,4,0,1,1,1,1785530616
2026-07-31T20:43:45Z,167,9,2,13,1,0,1,1,1,1785530392
2026-07-31T20:43:45Z,168,0,0,24,3,0,1,1,1,1785530569
2026-07-31T20:43:45Z,169,10,0,11,1,1,1,1,1,1785530618
2026-07-31T20:43:45Z,170,3,1,15,1,0,1,1,1,1785530411
2026-07-31T20:43:45Z,171,9,1,2,2,0,1,1,1,1785530456
2026-07-31T20:43:45Z,173,13,2,26,0,0,1,1,1,1785530609
2026-07-31T20:43:45Z,174,6,1,20,0,0,1,1,1,1785530356
2026-07-31T20:43:45Z,175,29,2,1,1,0,1,1,1,1785530599
2026-07-31T20:43:45Z,176,10,1,2,2,1,1,1,1,1785530619
2026-07-31T20:43:45Z,177,3,0,24,0,0,1,1,1,1785530615
2026-07-31T20:43:45Z,178,10,0,2,2,1,1,1,1,1785530619
2026-07-31T20:43:45Z,179,13,5,0,2,0,1,1,1,1785530533
2026-07-31T20:43:45Z,180,1,0,29,0,0,1,1,1,1785530498
2026-07-31T20:43:45Z,181,0,0,15,0,0,1,1,1,1785530410
2026-07-31T20:43:45Z,182,5,1,12,0,0,1,1,1,1785530427
2026-07-31T20:43:45Z,183,4,2,18,1,0,1,1,1,1785530586
2026-07-31T20:43:45Z,184,18,0,1,4,0,1,1,1,1785530499
2026-07-31T20:43:45Z,185,6,3,5,3,1,1,1,1,1785530500
2026-07-31T20:43:45Z,186,3,1,16,0,0,1,1,1,1785530577
2026-07-31T20:43:45Z,187,0,0,27,1,0,1,1,1,1785530101
2026-07-31T20:43:45Z,188,9,3,10,7,1,1,1,1,1785530470
2026-07-31T20:43:45Z,189,1,0,14,0,0,1,1,1,1785530479
2026-07-31T20:43:45Z,190,2,2,21,0,0,1,1,1,1785530595
2026-07-31T20:43:45Z,191,18,10,20,1,0,1,1,1,1785530578
2026-07-31T20:43:45Z,192,4,2,25,2,0,1,1,1,1785530485
2026-07-31T20:43:45Z,193,6,4,8,1,0,1,1,1,1785530607
2026-07-31T20:43:45Z,194,4,4,23,0,0,1,1,1,1785530280
2026-07-31T20:43:45Z,195,1,0,18,0,0,1,1,1,1785529758
2026-07-31T20:43:45Z,196,7,5,19,1,0,1,1,1,1785530535
2026-07-31T20:43:45Z,197,2,0,16,0,1,1,1,1,1785530576
2026-07-31T20:43:45Z,198,14,11,8,1,0,1,1,1,1785530530
2026-07-31T20:43:45Z,199,2,0,11,2,0,1,1,1,1785530523
2026-07-31T20:43:45Z,200,17,15,7,2,0,1,1,1,1785530423
2026-07-31T20:43:45Z,201,7,5,16,0,0,1,1,1,1785530580
2026-07-31T20:43:45Z,202,6,0,21,0,0,1,1,1,1785530273
2026-07-31T20:43:45Z,203,9,0,21,1,0,1,1,1,1785530597
2026-07-31T20:43:45Z,204,26,2,8,1,0,1,1,1,1785530548
2026-07-31T20:43:45Z,205,10,0,17,0,0,1,1,1,1785529469
2026-07-31T20:43:45Z,206,1,1,14,0,0,1,1,1,1785530520
2026-07-31T20:43:45Z,207,19,1,2,0,0,1,1,1,1785530553
2026-07-31T20:43:45Z,208,1,0,26,2,0,1,1,1,1785530537
2026-07-31T20:43:45Z,209,24,4,6,1,0,1,1,1,1785530555
2026-07-31T20:43:45Z,210,5,3,22,0,0,1,1,1,1785530202
2026-07-31T20:43:45Z,211,1,0,21,1,0,1,1,1,1785530507
2026-07-31T20:43:45Z,212,7,3,26,2,0,1,1,1,1785530611
2026-07-31T20:43:45Z,213,14,4,8,1,0,1,1,1,1785530512
2026-07-31T20:43:45Z,214,18,9,27,2,0,1,1,1,1785530567
2026-07-31T20:43:45Z,215,6,5,16,1,0,1,1,1,1785530235
2026-07-31T20:43:45Z,216,10,5,8,1,0,1,1,1,1785530380
2026-07-31T20:43:45Z,217,14,0,14,1,0,1,1,1,1785530564
2026-07-31T20:43:45Z,218,13,8,22,4,0,1,1,1,1785530621
2026-07-31T20:43:45Z,219,24,1,1,1,0,1,1,1,1785530560
2026-07-31T20:43:45Z,220,24,9,18,0,1,1,1,1,1785530479
2026-07-31T20:43:45Z,221,3,1,11,1,0,1,1,1,1785530581
2026-07-31T20:43:45Z,222,5,3,13,1,0,1,1,1,1785530260
2026-07-31T20:43:45Z,223,11,2,21,3,0,1,1,1,1785530611
2026-07-31T20:43:45Z,224,1,1,20,1,0,1,1,1,1785530474
2026-07-31T20:43:45Z,225,10,2,6,3,0,1,1,1,1785530580
2026-07-31T20:43:45Z,226,1,1,29,1,0,1,1,1,1785530572
2026-07-31T20:43:45Z,227,1,1,25,1,0,1,1,1,1785530506
2026-07-31T20:43:45Z,228,5,3,12,2,0,1,1,1,1785530616
2026-07-31T20:43:45Z,230,5,0,21,0,0,1,1,1,1785530271
2026-07-31T20:43:45Z,232,3,0,13,1,0,1,1,1,1785530542
2026-07-31T20:43:45Z,233,6,6,23,2,0,1,1,1,1785530209
2026-07-31T20:43:45Z,234,11,3,1,5,2,1,1,1,1785530558
2026-07-31T20:43:45Z,236,16,2,3,0,0,1,1,1,1785528929
2026-07-31T20:43:45Z,237,2,0,20,1,0,1,1,1,1785530398
2026-07-31T20:43:45Z,239,8,8,18,1,0,1,1,1,1785530542
2026-07-31T20:43:45Z,241,3,2,19,1,0,1,1,1,1785530446
2026-07-31T20:43:45Z,242,6,0,16,1,0,1,1,1,1785530021
2026-07-31T20:43:45Z,243,16,8,10,5,0,1,1,1,1785530436
2026-07-31T20:43:45Z,244,2,1,23,2,0,1,1,1,1785530592
2026-07-31T20:43:45Z,245,9,3,14,0,0,1,1,1,1785530194
2026-07-31T20:43:45Z,246,9,3,14,0,0,1,1,1,1785530620
2026-07-31T20:43:45Z,247,5,3,16,2,0,1,1,1,1785530130
2026-07-31T20:43:45Z,248,13,6,8,2,0,1,1,1,1785529777
2026-07-31T20:43:45Z,249,18,18,0,1,0,1,1,1,1785530558
2026-07-31T20:43:45Z,250,6,4,18,3,0,1,1,1,1785530546
2026-07-31T20:43:45Z,251,22,9,0,5,0,1,1,1,1785530555
2026-07-31T20:43:45Z,253,1,0,18,0,0,1,1,1,1785530358
2026-07-31T20:43:45Z,254,5,2,37,1,0,1,1,1,1785530524
2026-07-31T20:43:45Z,255,10,0,12,0,1,1,1,1,1785530546
2026-07-31T20:43:45Z,256,1,1,20,2,0,1,1,1,1785530506
2026-07-31T20:43:45Z,257,3,2,16,0,0,1,1,1,1785529949
2026-07-31T20:43:45Z,258,11,8,6,2,0,1,1,1,1785530616
2026-07-31T20:43:45Z,259,13,0,9,0,1,1,1,1,1785530228
2026-07-31T20:43:45Z,260,3,2,14,2,0,1,1,1,1785530404
2026-07-31T20:43:45Z,261,0,0,17,1,1,1,1,1,1785530056
2026-07-31T20:43:45Z,262,8,4,14,1,0,1,1,1,1785530523
2026-07-31T20:43:45Z,263,1,1,14,0,0,1,1,1,1785530376
2026-07-31T20:43:45Z,264,1,0,18,0,0,1,1,1,1785530410
2026-07-31T20:43:45Z,265,3,0,12,0,0,1,1,1,1785530616
2026-07-31T20:43:45Z,266,5,4,13,1,0,1,1,1,1785530571
2026-07-31T20:43:45Z,267,8,4,6,1,0,1,1,1,1785526233
2026-07-31T20:43:45Z,268,19,7,3,1,0,1,1,1,1785530549
2026-07-31T20:43:45Z,269,3,1,20,0,0,1,1,1,1785530527
2026-07-31T20:43:45Z,270,4,2,22,1,0,1,1,1,1785530561
2026-07-31T20:43:45Z,271,2,0,15,2,0,1,1,1,1785529218
2026-07-31T20:43:45Z,272,2,1,21,0,0,1,1,1,1785530482
2026-07-31T20:43:45Z,273,0,0,15,0,0,1,1,1,1785529666
2026-07-31T20:43:45Z,274,5,2,12,2,0,1,1,1,1785529647
2026-07-31T20:43:45Z,275,10,0,10,3,0,1,1,1,1785530611
2026-07-31T20:43:45Z,276,3,0,23,1,0,1,1,1,1785530369
2026-07-31T20:43:45Z,277,9,9,10,4,0,1,1,1,1785530303
2026-07-31T20:43:45Z,278,16,9,11,4,0,1,1,1,1785530551
2026-07-31T20:43:45Z,279,1,0,18,0,0,1,1,1,1785530439
2026-07-31T20:43:45Z,280,1,0,27,3,0,1,1,1,1785530443
2026-07-31T20:43:45Z,281,2,2,17,0,0,1,1,1,1785529844
2026-07-31T20:43:45Z,282,7,2,11,0,0,1,1,1,1785527347
2026-07-31T20:43:45Z,283,17,0,17,1,0,1,1,1,1785530616
2026-07-31T20:43:45Z,284,30,1,2,3,0,1,1,1,1785530567
2026-07-31T20:43:45Z,285,5,1,18,0,0,1,1,1,1785529514
2026-07-31T20:43:45Z,286,5,5,18,0,0,1,1,1,1785530500
2026-07-31T20:43:45Z,287,12,1,8,3,0,1,1,1,1785529639
2026-07-31T20:43:45Z,288,3,2,16,0,0,1,1,1,1785530349
2026-07-31T20:43:45Z,289,6,6,18,3,0,1,1,1,1785530487
2026-07-31T20:43:45Z,290,11,0,27,1,0,1,1,1,1785530537
2026-07-31T20:43:45Z,291,15,0,7,1,0,1,1,1,1785530450
2026-07-31T20:43:45Z,292,4,0,19,0,0,1,1,1,1785530541
2026-07-31T20:43:45Z,293,6,4,17,0,0,1,1,1,1785530595
2026-07-31T20:43:45Z,294,2,0,18,2,0,1,1,1,1785530462
2026-07-31T20:43:45Z,297,7,1,11,0,1,1,1,1,1785530546
2026-07-31T20:43:45Z,301,11,0,8,0,0,1,1,1,1785529916
2026-07-31T20:43:45Z,302,17,0,5,1,0,1,1,1,1785530597
2026-07-31T20:43:45Z,303,0,0,19,0,0,1,1,1,1785530377
2026-07-31T20:43:45Z,304,0,0,0,0,0,0,1,1,86400
2026-07-31T20:43:45Z,305,4,0,14,1,0,1,1,1,1785530612
2026-07-31T20:43:45Z,306,2,0,30,0,0,1,1,1,1785529442
2026-07-31T20:43:45Z,307,5,0,18,0,0,1,1,1,1785529857
2026-07-31T20:43:45Z,308,2,0,16,1,0,1,1,1,1785530376
2026-07-31T20:43:45Z,309,4,1,9,1,0,1,1,1,1785530177
2026-07-31T20:43:45Z,311,5,0,9,1,0,1,1,1,1785530387
2026-07-31T20:43:45Z,312,9,8,11,2,1,1,1,1,1785530529
2026-07-31T20:43:45Z,313,5,0,10,0,0,1,1,1,1785526554
2026-07-31T20:43:45Z,314,5,1,12,2,0,1,1,1,1785529159
2026-07-31T20:43:45Z,315,15,6,14,2,0,1,1,1,1785530326
2026-07-31T20:43:45Z,316,5,2,17,8,1,1,1,1,1785530582
2026-07-31T20:43:45Z,317,9,6,21,0,1,1,1,1,1785530382
2026-07-31T20:43:45Z,318,16,1,3,0,0,1,1,1,1785530240
2026-07-31T20:43:45Z,319,22,3,0,1,0,1,1,1,1785530464
2026-07-31T20:43:45Z,320,13,0,5,1,0,1,1,1,1785530373
2026-07-31T20:43:45Z,321,2,0,13,4,0,1,1,1,1785530503
2026-07-31T20:43:45Z,322,15,0,14,0,0,1,1,1,1785530430
2026-07-31T20:43:45Z,323,3,0,16,0,0,1,1,1,1785530537
2026-07-31T20:43:45Z,324,12,0,14,1,0,1,1,1,1785530612
2026-07-31T20:43:45Z,325,3,1,22,2,0,1,1,1,1785529205
2026-07-31T20:43:45Z,327,10,2,15,2,0,1,1,1,1785530273
2026-07-31T20:43:45Z,328,12,0,9,1,0,1,1,1,1785530491
2026-07-31T20:43:45Z,329,3,0,13,3,0,1,1,1,1785529828
2026-07-31T20:43:45Z,330,14,0,7,1,0,1,1,1,1785530497
2026-07-31T20:43:45Z,331,16,0,5,2,0,1,1,1,1785530248
2026-07-31T20:43:45Z,332,6,5,12,1,0,1,1,1,1785530287
2026-07-31T20:43:45Z,333,4,2,18,1,0,1,1,1,1785530603
2026-07-31T20:43:45Z,334,8,0,15,0,0,1,1,1,1785530476
2026-07-31T20:43:45Z,335,3,2,19,0,1,1,1,1,1785530374
2026-07-31T20:43:45Z,336,4,3,15,0,0,1,1,1,1785530550
2026-07-31T20:43:45Z,337,15,2,4,4,0,1,1,1,1785530481
2026-07-31T20:43:45Z,338,3,1,16,0,0,1,1,1,1785530274
2026-07-31T20:43:45Z,339,14,10,5,4,0,1,1,1,1785530587
2026-07-31T20:43:45Z,340,1,0,13,1,0,1,1,1,1785530063
2026-07-31T20:43:45Z,341,3,0,16,0,0,1,1,1,1785530536
2026-07-31T20:43:45Z,342,1,0,14,0,0,1,1,1,1785530337
2026-07-31T20:43:45Z,343,9,3,13,1,0,1,1,1,1785529614
2026-07-31T20:43:45Z,344,4,2,19,0,0,1,1,1,1785530512
2026-07-31T20:43:45Z,345,8,1,11,0,0,1,1,1,1785529438
2026-07-31T20:43:45Z,346,5,3,18,0,0,1,1,1,1785530232
2026-07-31T20:43:45Z,347,21,3,21,2,0,1,1,1,1785530614
2026-07-31T20:43:45Z,348,11,0,10,1,1,1,1,1,1785530321
2026-07-31T20:43:45Z,349,18,4,1,0,0,1,1,1,1785530381
2026-07-31T20:43:45Z,350,2,0,23,1,1,1,1,1,1785530438
2026-07-31T20:43:45Z,351,2,1,19,2,0,1,1,1,1785530481
2026-07-31T20:43:45Z,355,1,0,22,0,0,1,1,1,1785530409
2026-07-31T20:43:45Z,356,3,1,16,0,0,1,1,1,1785530183
2026-07-31T20:43:45Z,357,3,3,15,1,0,1,1,1,1785530495
2026-07-31T20:43:45Z,358,13,2,13,1,0,1,1,1,1785529883
2026-07-31T20:43:45Z,359,13,0,14,0,0,1,1,1,1785530269
2026-07-31T20:43:45Z,360,4,3,15,0,0,1,1,1,1785530596
2026-07-31T20:43:45Z,362,4,2,13,2,0,1,1,1,1785530599
2026-07-31T20:43:45Z,363,10,0,17,0,0,1,1,1,1785530399
2026-07-31T20:43:45Z,364,1,1,18,0,0,1,1,1,1785529964
2026-07-31T20:43:45Z,365,2,1,18,3,0,1,1,1,1785530619
2026-07-31T20:43:45Z,366,5,5,18,0,0,1,1,1,1785530570
2026-07-31T20:43:45Z,367,1,1,16,2,0,1,1,1,1785530503
2026-07-31T20:43:45Z,368,3,0,19,1,0,1,1,1,1785530369
2026-07-31T20:43:45Z,370,9,4,18,0,0,1,1,1,1785530610
2026-07-31T20:43:45Z,371,3,3,15,1,0,1,1,1,1785530243
2026-07-31T20:43:45Z,372,15,1,0,0,0,1,1,1,1785530540
2026-07-31T20:43:45Z,373,0,0,27,0,0,1,1,1,1785529201
2026-07-31T20:43:45Z,374,3,1,15,1,0,1,1,1,1785530045
2026-07-31T20:43:45Z,375,14,4,11,2,0,1,1,1,1785530552
2026-07-31T20:43:45Z,376,7,2,29,3,0,1,1,1,1785530556
2026-07-31T20:43:45Z,377,1,0,26,0,0,1,1,1,1785529273
2026-07-31T20:43:45Z,378,5,3,18,0,1,1,1,1,1785530585
2026-07-31T20:43:45Z,379,8,2,17,2,0,1,1,1,1785530202
2026-07-31T20:43:45Z,380,2,0,21,0,0,1,1,1,1785530227
2026-07-31T20:43:45Z,381,11,0,12,0,0,1,1,1,1785530282
2026-07-31T20:43:45Z,383,6,2,7,2,0,1,1,1,1785530615
2026-07-31T20:43:45Z,384,2,1,23,2,0,1,1,1,1785530034
2026-07-31T20:43:45Z,385,2,0,15,1,0,1,1,1,1785530533
2026-07-31T20:43:45Z,387,6,1,17,0,0,1,1,1,1785530214
2026-07-31T20:43:45Z,388,36,3,9,4,0,1,1,1,1785530399
2026-07-31T20:43:45Z,389,2,1,12,1,0,1,1,1,1785530348
2026-07-31T20:43:45Z,390,8,2,27,0,0,1,1,1,1785530449
2026-07-31T20:43:45Z,391,4,2,10,1,0,1,1,1,1785530305
2026-07-31T20:43:45Z,392,1,0,17,1,0,1,1,1,1785530565
2026-07-31T20:43:45Z,393,2,2,5,4,0,1,1,1,1785530232
2026-07-31T20:43:45Z,394,8,0,2,3,0,1,1,1,1785528352
2026-07-31T20:43:45Z,396,3,3,38,1,0,1,1,1,1785530615
2026-07-31T20:43:45Z,397,23,10,8,0,0,1,1,1,1785529865
2026-07-31T20:43:45Z,399,0,0,14,3,0,1,1,1,1785530317
2026-07-31T20:43:45Z,400,13,8,8,2,0,1,1,1,1785529282
2026-07-31T20:43:45Z,401,4,2,27,8,0,1,1,1,1785530162
2026-07-31T20:43:45Z,403,20,3,7,4,0,1,1,1,1785530396
2026-07-31T20:43:45Z,404,5,3,17,1,0,1,1,1,1785530356
2026-07-31T20:43:45Z,406,4,2,31,0,0,1,1,1,1785530595
2026-07-31T20:43:45Z,407,1,0,32,1,0,1,1,1,1785529900
2026-07-31T20:43:45Z,408,3,1,27,3,0,1,1,1,1785530402
2026-07-31T20:43:45Z,409,19,1,0,4,0,1,1,1,1785530189
2026-07-31T20:43:45Z,413,12,3,9,2,0,1,1,1,1785529761
2026-07-31T20:43:45Z,414,10,0,5,0,0,1,1,1,1785529773
2026-07-31T20:43:45Z,417,4,2,15,0,0,1,1,1,1785530566
2026-07-31T20:43:45Z,418,4,2,11,0,0,1,1,1,1785529352
2026-07-31T20:43:45Z,419,13,2,10,0,0,1,1,1,1785529593
2026-07-31T20:43:45Z,421,5,1,14,0,0,1,1,1,1785530200
2026-07-31T20:43:45Z,422,18,3,9,0,0,1,1,1,1785530054
2026-07-31T20:43:45Z,423,2,0,21,0,0,1,1,1,1785530186
2026-07-31T20:43:45Z,424,10,5,2,2,1,1,1,1,1785530541
2026-07-31T20:43:45Z,425,5,4,16,0,1,1,1,1,1785530591
2026-07-31T20:43:45Z,426,17,0,19,1,0,1,1,1,1785529940
2026-07-31T20:43:45Z,427,10,0,3,2,0,1,1,1,1785530517
2026-07-31T20:43:45Z,428,17,2,1,1,0,1,1,1,1785530612
2026-07-31T20:43:45Z,429,13,5,9,1,0,1,1,1,1785530515
2026-07-31T20:43:45Z,430,2,1,27,2,0,1,1,1,1785530289
2026-07-31T20:43:45Z,431,5,1,26,2,0,1,1,1,1785530342
2026-07-31T20:43:45Z,432,0,0,30,1,0,0,1,1,1785508564
2026-07-31T20:43:45Z,433,5,2,15,3,0,1,1,1,1785529334
2026-07-31T20:43:45Z,437,4,1,13,2,0,1,1,1,1785530620
2026-07-31T20:43:45Z,438,10,2,8,1,0,1,1,1,1785530506
2026-07-31T20:43:45Z,439,6,4,9,0,0,1,1,1,1785530126
2026-07-31T20:43:45Z,440,11,4,4,0,0,1,1,1,1785530525
2026-07-31T20:43:45Z,441,4,0,9,2,0,1,1,1,1785530259
2026-07-31T20:43:45Z,442,9,5,8,2,0,1,1,1,1785530346
2026-07-31T20:43:45Z,443,5,2,22,0,0,1,1,1,1785512432
2026-07-31T20:43:45Z,444,5,2,18,0,0,1,1,1,1785529731
2026-07-31T20:43:45Z,445,6,2,16,1,0,1,1,1,1785530423
2026-07-31T20:43:45Z,446,1,0,21,1,0,1,1,1,1785519783
2026-07-31T20:43:45Z,447,3,0,18,1,1,1,1,1,1785496389
2026-07-31T20:43:45Z,448,7,0,7,1,0,1,1,1,1785530120
2026-07-31T20:43:45Z,452,2,1,16,1,0,1,1,1,1785530315
2026-07-31T20:43:45Z,453,4,1,7,4,0,1,1,1,1785530586
2026-07-31T20:43:45Z,454,13,0,6,0,0,1,1,1,1785530538
2026-07-31T20:43:45Z,455,0,0,39,0,0,1,1,1,1785530549
2026-07-31T20:43:45Z,456,18,2,1,1,0,1,1,1,1785530448
2026-07-31T20:43:45Z,457,9,2,13,5,0,1,1,1,1785530483
2026-07-31T20:43:45Z,458,5,2,17,1,0,1,1,1,1785529476
2026-07-31T20:43:45Z,459,7,1,8,0,0,1,1,1,1785530088
2026-07-31T20:43:45Z,460,12,0,11,0,0,1,1,1,1785530351
2026-07-31T20:43:45Z,461,11,0,8,0,0,1,1,1,1785530436
2026-07-31T20:43:45Z,462,16,1,5,0,0,1,1,1,1785530606
2026-07-31T20:43:45Z,463,9,1,10,0,0,1,1,1,1785526740
2026-07-31T20:43:45Z,464,0,0,14,0,0,1,1,1,1785528198
2026-07-31T20:43:45Z,465,3,3,12,0,0,1,1,1,1785530142
2026-07-31T20:43:45Z,466,5,2,5,5,0,1,1,1,1785530619
2026-07-31T20:43:45Z,467,3,2,16,0,0,1,1,1,1785530616
2026-07-31T20:43:45Z,468,0,0,18,1,0,1,1,1,1785527178
2026-07-31T20:43:45Z,469,10,1,10,3,0,1,1,1,1785530531
2026-07-31T20:43:45Z,470,0,0,13,2,0,1,1,1,1785530450
2026-07-31T20:43:45Z,471,27,2,0,0,0,1,1,1,1785528650
2026-07-31T20:43:45Z,472,7,2,10,2,0,1,1,1,1785530539
2026-07-31T20:43:45Z,473,6,0,13,0,0,1,1,1,1785528344
2026-07-31T20:43:45Z,474,10,2,9,0,0,1,1,1,1785530600
2026-07-31T20:43:45Z,475,6,4,12,1,0,1,1,1,1785530509
2026-07-31T20:43:45Z,477,9,1,6,0,0,1,1,1,1785529302
2026-07-31T20:43:45Z,478,28,1,3,0,0,1,1,1,1785530598
2026-07-31T20:43:45Z,479,4,1,21,2,0,1,1,1,1785530320
2026-07-31T20:43:45Z,480,4,0,10,1,0,1,1,1,1785530202
2026-07-31T20:43:45Z,481,7,1,27,1,0,1,1,1,1785530618
2026-07-31T20:43:45Z,482,6,5,13,0,0,1,1,1,1785529622
2026-07-31T20:43:45Z,483,11,0,14,2,0,1,1,1,1785530591
2026-07-31T20:43:45Z,484,4,2,14,1,0,1,1,1,1785530364
2026-07-31T20:43:45Z,485,9,1,9,0,1,1,1,1,1785530530
2026-07-31T20:43:45Z,486,1,0,23,3,0,1,1,1,1785530451
2026-07-31T20:43:45Z,487,12,7,5,2,0,1,1,1,1785530586
2026-07-31T20:43:45Z,489,0,0,15,0,0,1,1,1,1785530188
2026-07-31T20:43:45Z,490,10,0,5,1,0,1,1,1,1785530579
2026-07-31T20:43:45Z,491,6,2,14,1,0,1,1,1,1785529828
2026-07-31T20:43:45Z,492,3,3,5,3,0,1,1,1,1785530616
2026-07-31T20:43:45Z,493,20,0,7,0,0,1,1,1,1785529596
2026-07-31T20:43:45Z,495,7,0,7,1,0,1,1,1,1785530497
2026-07-31T20:43:45Z,496,4,1,23,0,0,1,1,1,1785530247
2026-07-31T20:43:45Z,497,1,1,16,2,0,1,1,1,1785530571
2026-07-31T20:43:45Z,498,3,2,20,0,0,1,1,1,1785530538
2026-07-31T20:43:45Z,499,1,0,17,1,0,1,1,1,1785530294
2026-07-31T20:43:45Z,500,0,0,12,3,0,1,1,1,1785529733
2026-07-31T20:43:45Z,501,18,5,3,0,0,1,1,1,1785530417
2026-07-31T20:43:45Z,502,9,2,9,1,0,1,1,1,1785530507
2026-07-31T20:43:45Z,503,5,0,25,1,0,1,1,1,1785530531
2026-07-31T20:43:45Z,504,0,0,39,0,0,1,1,1,1785530471
2026-07-31T20:43:45Z,505,1,0,10,1,0,1,1,1,1785530484
2026-07-31T20:43:45Z,511,3,1,19,1,0,1,1,1,1785530606
2026-07-31T20:43:45Z,512,9,0,18,0,0,1,1,1,1785530047
2026-07-31T20:43:45Z,514,3,3,7,1,0,1,1,1,1785530333
2026-07-31T20:43:45Z,515,1,1,18,0,0,1,1,1,1785527371
2026-07-31T20:43:45Z,516,14,2,13,0,0,1,1,1,1785530214
2026-07-31T20:43:45Z,517,15,2,8,0,0,1,1,1,1785528725
2026-07-31T20:43:45Z,518,5,0,9,1,0,1,1,1,1785530533
2026-07-31T20:43:45Z,519,7,3,10,2,0,1,1,1,1785530540
2026-07-31T20:43:45Z,520,19,9,2,5,1,1,1,1,1785530619
2026-07-31T20:43:45Z,521,2,1,21,0,0,1,1,1,1785528757
2026-07-31T20:43:45Z,522,2,0,19,2,0,1,1,1,1785530532
2026-07-31T20:43:45Z,523,10,5,12,1,0,1,1,1,1785529813
2026-07-31T20:43:45Z,524,6,1,17,0,0,1,1,1,1785530619
2026-07-31T20:43:45Z,525,10,1,9,0,0,1,1,1,1785530513
2026-07-31T20:43:45Z,526,5,1,10,0,0,1,1,1,1785530408
2026-07-31T20:43:45Z,527,15,9,10,1,0,1,1,1,1785530569
2026-07-31T20:43:45Z,528,14,1,7,2,0,1,1,1,1785530345
2026-07-31T20:43:45Z,529,6,3,6,7,0,1,1,1,1785530617
2026-07-31T20:43:45Z,530,16,0,3,2,0,1,1,1,1785530508
2026-07-31T20:43:45Z,531,6,3,15,1,1,1,1,1,1785530600
2026-07-31T20:43:45Z,532,17,11,13,1,0,1,1,1,1785530505
2026-07-31T20:43:45Z,533,10,0,8,1,0,1,1,1,1785530473
2026-07-31T20:43:45Z,534,4,1,19,0,0,1,1,1,1785530081
2026-07-31T20:43:45Z,535,5,1,9,1,0,1,1,1,1785530613
2026-07-31T20:43:45Z,536,15,0,8,0,0,1,1,1,1785530570
2026-07-31T20:43:45Z,537,9,2,11,0,0,1,1,1,1785530602
2026-07-31T20:43:45Z,538,6,0,15,0,2,1,1,1,1785530538
2026-07-31T20:43:45Z,539,4,2,25,2,0,1,1,1,1785529474
2026-07-31T20:43:45Z,540,4,3,15,0,0,1,1,1,1785530477
2026-07-31T20:43:45Z,541,3,0,24,0,0,1,1,1,1785530223
2026-07-31T20:43:45Z,542,0,0,22,1,0,1,1,1,1785530316
2026-07-31T20:43:45Z,543,2,0,17,0,0,1,1,1,1785530615
2026-07-31T20:43:45Z,544,2,1,16,4,0,1,1,1,1785530127
2026-07-31T20:43:45Z,545,12,0,1,6,0,1,1,1,1785530602
2026-07-31T20:43:45Z,546,3,1,16,0,0,1,1,1,1785530432
2026-07-31T20:43:45Z,547,9,0,16,0,0,1,1,1,1785530618
2026-07-31T20:43:45Z,548,7,2,15,1,0,1,1,1,1785530025
2026-07-31T20:43:45Z,549,18,0,4,1,0,1,1,1,1785530621
2026-07-31T20:43:45Z,550,2,2,17,0,0,1,1,1,1785530485
2026-07-31T20:43:45Z,551,3,2,19,1,0,1,1,1,1785529811
2026-07-31T20:43:45Z,552,3,2,24,0,0,1,1,1,1785530348
2026-07-31T20:43:45Z,553,2,0,20,1,0,1,1,1,1785530034
2026-07-31T20:43:45Z,554,3,0,15,1,0,1,1,1,1785530528
2026-07-31T20:43:45Z,555,6,0,8,1,0,1,1,1,1785529728
2026-07-31T20:43:45Z,556,16,1,4,3,0,1,1,1,1785530584
2026-07-31T20:43:45Z,557,2,1,19,2,0,1,1,1,1785529295
2026-07-31T20:43:45Z,558,30,14,7,0,0,1,1,1,1785530616
2026-07-31T20:43:45Z,559,16,0,2,1,0,1,1,1,1785528837
2026-07-31T20:43:45Z,560,16,0,11,0,0,1,1,1,1785529765
2026-07-31T20:43:45Z,561,9,3,11,3,0,1,1,1,1785529944
2026-07-31T20:43:45Z,562,12,2,18,5,0,1,1,1,1785530166
2026-07-31T20:43:45Z,563,3,0,11,0,0,1,1,1,1785530138
2026-07-31T20:43:45Z,564,4,1,14,1,0,1,1,1,1785530567
2026-07-31T20:43:45Z,565,0,0,19,0,0,1,1,1,1785530263
2026-07-31T20:43:45Z,566,3,0,15,1,0,1,1,1,1785530464
2026-07-31T20:43:45Z,567,10,1,16,1,0,1,1,1,1785530333
2026-07-31T20:43:45Z,568,10,1,8,1,0,1,1,1,1785530617
2026-07-31T20:43:45Z,569,2,0,15,2,0,1,1,1,1785530340
2026-07-31T20:43:45Z,570,5,0,12,2,0,1,1,1,1785530550
2026-07-31T20:43:45Z,571,7,2,16,0,0,1,1,1,1785530611
2026-07-31T20:43:45Z,572,5,1,14,0,0,1,1,1,1785530270
2026-07-31T20:43:45Z,573,6,1,8,1,0,1,1,1,1785530423
2026-07-31T20:43:45Z,574,6,2,9,0,0,1,1,1,1785530134
2026-07-31T20:43:45Z,575,4,0,16,1,0,1,1,1,1785530568
2026-07-31T20:43:45Z,576,6,4,13,0,0,1,1,1,1785530011
2026-07-31T20:43:45Z,577,20,1,11,0,0,1,1,1,1785530417
2026-07-31T20:43:45Z,578,2,0,20,1,0,1,1,1,1785530290
2026-07-31T20:43:45Z,579,27,0,16,0,0,1,1,1,1785530596
2026-07-31T20:43:45Z,580,8,2,21,0,0,1,1,1,1785529827
2026-07-31T20:43:45Z,581,3,0,15,1,0,1,1,1,1785530267
2026-07-31T20:43:45Z,582,22,0,37,2,0,1,1,1,1785530611
2026-07-31T20:43:45Z,583,2,0,20,1,0,1,1,1,1785530262
2026-07-31T20:43:45Z,584,5,0,10,4,0,1,1,1,1785529494
2026-07-31T20:43:45Z,585,7,0,19,0,1,1,1,1,1785530457
2026-07-31T20:43:45Z,586,32,1,1,2,0,1,1,1,1785529699
2026-07-31T20:43:45Z,587,6,0,17,1,0,1,1,1,1785530593
2026-07-31T20:43:45Z,588,12,3,4,2,1,1,1,1,1785530459
2026-07-31T20:43:45Z,589,2,0,20,0,0,1,1,1,1785530045
2026-07-31T20:43:45Z,590,6,2,25,0,0,1,1,1,1785529792
2026-07-31T20:43:45Z,591,5,0,23,2,0,1,1,1,1785530496
2026-07-31T20:43:45Z,592,2,0,21,0,0,1,1,1,1785530504
2026-07-31T20:43:45Z,593,23,3,15,0,0,1,1,1,1785530522
2026-07-31T20:43:45Z,594,16,1,4,1,0,1,1,1,1785530499
2026-07-31T20:43:45Z,595,0,0,3,0,0,0,1,1,1784046673
2026-07-31T20:43:45Z,605,0,0,2,1,0,0,1,1,1783975843
2026-07-31T20:43:45Z,606,0,0,0,0,0,0,1,1,86400
2026-07-31T20:43:45Z,607,4,2,26,2,0,1,1,1,1785530440
2026-07-31T20:43:45Z,608,42,1,7,1,0,1,1,1,1785530608
2026-07-31T20:43:45Z,609,13,12,10,0,0,1,1,1,1785530282
2026-07-31T20:43:45Z,610,27,0,7,1,0,1,1,1,1785530361
2026-07-31T20:43:45Z,611,22,3,5,0,0,1,1,1,1785530394
2026-07-31T20:43:45Z,612,7,1,8,0,0,1,1,1,1785522916
2026-07-31T20:43:45Z,613,12,4,0,3,0,1,1,1,1785530289
2026-07-31T20:43:45Z,614,7,6,17,2,1,1,1,1,1785530299
2026-07-31T20:43:45Z,617,4,0,9,2,0,1,1,1,1785529940
2026-07-31T20:43:45Z,618,12,1,2,5,0,1,1,1,1785530588
2026-07-31T20:43:45Z,619,2,1,17,0,0,1,1,1,1785530435
2026-07-31T20:43:45Z,620,15,0,11,1,0,1,1,1,1785530570
2026-07-31T20:43:45Z,621,6,1,17,0,0,1,1,1,1785530606
2026-07-31T20:43:45Z,622,14,0,7,2,0,1,1,1,1785529232
2026-07-31T20:43:45Z,623,21,6,7,2,0,1,1,1,1785530424
2026-07-31T20:43:45Z,624,1,0,14,0,0,1,1,1,1785528431
2026-07-31T20:43:45Z,625,13,2,3,5,0,1,1,1,1785529679
2026-07-31T20:43:45Z,626,37,0,8,0,2,1,1,1,1785530235
2026-07-31T20:43:45Z,627,13,3,6,0,0,1,1,1,1785530615
2026-07-31T20:43:45Z,628,5,5,13,0,1,1,1,1,1785530612
2026-07-31T20:43:45Z,629,3,2,6,2,0,1,1,1,1785530354
2026-07-31T20:43:45Z,630,0,0,24,3,0,1,1,1,1785530455
2026-07-31T20:43:45Z,631,11,6,12,0,0,1,1,1,1785530598
2026-07-31T20:43:45Z,632,21,1,0,2,0,1,1,1,1785529840
2026-07-31T20:43:45Z,633,11,3,1,3,0,1,1,1,1785530006
2026-07-31T20:43:45Z,634,10,2,9,0,0,1,1,1,1785530339
2026-07-31T20:43:45Z,635,15,0,3,1,0,1,1,1,1785529451
2026-07-31T20:43:45Z,636,7,2,8,0,0,1,1,1,1785526430
2026-07-31T20:43:45Z,637,10,2,7,2,0,1,1,1,1785529194
2026-07-31T20:43:45Z,638,5,1,12,2,0,1,1,1,1785530068
2026-07-31T20:43:45Z,639,10,2,7,2,0,1,1,1,1785528930
2026-07-31T20:43:45Z,640,8,8,13,2,0,1,1,1,1785530524
2026-07-31T20:43:45Z,641,5,1,22,0,0,1,1,1,1785530537
2026-07-31T20:43:45Z,642,7,3,4,8,0,1,1,1,1785530617
2026-07-31T20:43:45Z,643,7,0,12,8,0,1,1,1,1785530619
2026-07-31T20:43:45Z,644,12,1,2,1,0,1,1,1,1785528211
2026-07-31T20:43:45Z,645,14,1,7,1,1,1,1,1,1785530008
2026-07-31T20:43:45Z,646,2,1,17,0,0,1,1,1,1785529856
2026-07-31T20:43:45Z,647,5,1,26,0,0,1,1,1,1785530490
2026-07-31T20:43:45Z,648,4,0,14,1,0,1,1,1,1785530595
2026-07-31T20:43:45Z,649,3,3,28,0,0,1,1,1,1785529688
2026-07-31T20:43:45Z,650,5,1,9,0,0,1,1,1,1785530080
2026-07-31T20:43:45Z,651,0,0,23,0,0,1,1,1,1785528763
2026-07-31T20:43:45Z,652,2,1,18,3,0,1,1,1,1785530507
2026-07-31T20:43:45Z,653,2,1,17,0,0,1,1,1,1785530185
2026-07-31T20:43:45Z,654,6,2,9,0,0,1,1,1,1785530213
2026-07-31T20:43:45Z,655,8,4,0,4,1,1,1,1,1785530353
2026-07-31T20:43:45Z,656,5,3,14,0,0,1,1,1,1785530594
2026-07-31T20:43:45Z,657,9,4,4,2,2,1,1,1,1785530452
2026-07-31T20:43:45Z,658,8,1,2,0,0,1,1,1,1785530465
2026-07-31T20:43:45Z,659,7,5,6,2,0,1,1,1,1785529408
2026-07-31T20:43:45Z,660,23,6,4,4,0,1,1,1,1785530596
2026-07-31T20:43:45Z,661,18,3,1,0,0,1,1,1,1785530614
2026-07-31T20:43:45Z,662,6,3,14,3,0,1,1,1,1785526394
2026-07-31T20:43:45Z,663,5,0,10,0,0,1,1,1,1785530070
2026-07-31T20:43:45Z,664,18,0,9,0,0,1,1,1,1785529428
2026-07-31T20:43:45Z,665,10,4,5,0,0,1,1,1,1785530607
2026-07-31T20:43:45Z,666,4,2,8,3,0,1,1,1,1785526234
2026-07-31T20:43:45Z,667,18,3,0,1,0,1,1,1,1785530547
2026-07-31T20:43:45Z,668,2,0,17,0,0,1,1,1,1785529594
2026-07-31T20:43:45Z,669,10,3,2,2,0,1,1,1,1785529833
2026-07-31T20:43:45Z,670,17,0,8,2,0,1,1,1,1785530520
2026-07-31T20:43:45Z,671,14,4,11,2,0,1,1,1,1785530270
2026-07-31T20:43:45Z,672,5,0,15,2,1,1,1,1,1785530289
2026-07-31T20:43:45Z,673,10,0,13,0,0,1,1,1,1785530579
2026-07-31T20:43:45Z,674,4,1,17,2,0,1,1,1,1785530610
2026-07-31T20:43:45Z,675,2,1,11,2,0,1,1,1,1785530437
2026-07-31T20:43:45Z,676,6,0,15,1,0,1,1,1,1785529928
2026-07-31T20:43:45Z,681,8,0,3,3,1,1,1,1,1785530508
2026-07-31T20:43:45Z,682,6,1,13,0,0,1,1,1,1785529048
2026-07-31T20:43:45Z,683,1,1,18,0,0,1,1,1,1785527602
2026-07-31T20:43:45Z,684,3,1,24,0,0,1,1,1,1785518528
2026-07-31T20:43:45Z,685,3,0,22,1,1,1,1,1,1785530437
2026-07-31T20:43:45Z,686,9,0,15,3,0,1,1,1,1785530511
2026-07-31T20:43:45Z,687,13,1,16,1,1,1,1,1,1785530537
2026-07-31T20:43:45Z,688,11,0,1,7,0,1,1,1,1785510286
2026-07-31T20:43:45Z,692,6,3,15,0,0,1,1,1,1785529367
2026-07-31T20:43:45Z,693,6,0,2,3,0,1,1,1,1785528821
2026-07-31T20:43:45Z,694,11,5,10,0,0,1,1,1,1785530488
2026-07-31T20:43:45Z,695,7,7,16,0,0,1,1,1,1785530134
2026-07-31T20:43:45Z,696,11,6,12,0,0,1,1,1,1785530301
2026-07-31T20:43:45Z,697,16,5,7,0,0,1,1,1,1785530571
2026-07-31T20:43:45Z,698,24,2,3,0,0,1,1,1,1785530486
2026-07-31T20:43:45Z,699,5,0,9,1,0,1,1,1,1785529200
2026-07-31T20:43:45Z,700,16,0,1,2,0,1,1,1,1785530581
2026-07-31T20:43:45Z,701,17,4,2,0,0,1,1,1,1785530364
2026-07-31T20:43:45Z,702,5,1,17,1,0,1,1,1,1785529757
2026-07-31T20:43:45Z,704,2,0,13,0,0,1,1,1,1785529976
2026-07-31T20:43:45Z,705,3,2,12,0,0,1,1,1,1785530239
2026-07-31T20:43:45Z,706,4,1,9,2,0,1,1,1,1785530563
2026-07-31T20:43:45Z,707,8,1,7,0,0,1,1,1,1785529323
2026-07-31T20:43:45Z,708,4,0,14,1,0,1,1,1,1785530423
2026-07-31T20:43:45Z,709,5,0,7,3,0,1,1,1,1785529873
2026-07-31T20:43:45Z,710,2,1,16,1,0,1,1,1,1785530601
2026-07-31T20:43:45Z,711,6,2,14,3,0,1,1,1,1785529785
2026-07-31T20:43:45Z,712,10,9,5,0,0,1,1,1,1785530591
2026-07-31T20:43:45Z,713,2,1,21,0,0,1,1,1,1785529917
2026-07-31T20:43:45Z,716,4,3,11,0,0,1,1,1,1785529104
2026-07-31T20:43:45Z,717,4,2,19,2,0,1,1,1,1785529894
2026-07-31T20:43:45Z,718,9,2,4,2,0,1,1,1,1785530385
2026-07-31T20:43:45Z,719,7,1,22,0,0,1,1,1,1785530233
2026-07-31T20:43:45Z,720,0,0,19,0,0,1,1,1,1785529375
2026-07-31T20:43:45Z,721,6,0,14,3,0,1,1,1,1785530573
2026-07-31T20:43:45Z,722,7,1,8,0,0,1,1,1,1785530155
2026-07-31T20:43:45Z,723,13,2,10,0,0,1,1,1,1785529350
2026-07-31T20:43:45Z,724,7,2,16,0,0,1,1,1,1785530394
2026-07-31T20:43:45Z,725,2,0,21,0,0,1,1,1,1785529990
2026-07-31T20:43:45Z,726,1,1,17,1,0,1,1,1,1785530126
2026-07-31T20:43:45Z,727,10,5,12,1,0,1,1,1,1785530215
2026-07-31T20:43:45Z,728,9,0,5,1,0,1,1,1,1785530116
2026-07-31T20:43:45Z,729,2,0,17,0,0,1,1,1,1785529692
2026-07-31T20:43:45Z,730,0,0,12,3,0,1,1,1,1785530277
2026-07-31T20:43:45Z,731,8,3,5,2,0,1,1,1,1785529414
2026-07-31T20:43:45Z,732,2,2,13,0,0,1,1,1,1785530434
2026-07-31T20:43:45Z,733,8,0,19,0,0,1,1,1,1785530472
2026-07-31T20:43:45Z,734,6,3,8,0,0,1,1,1,1785530328
2026-07-31T20:43:45Z,735,17,10,10,0,0,1,1,1,1785529818
2026-07-31T20:43:45Z,736,13,2,6,0,0,1,1,1,1785529848
2026-07-31T20:43:45Z,737,2,1,12,0,1,1,1,1,1785529894
2026-07-31T20:43:45Z,738,16,6,3,0,0,1,1,1,1785530169
2026-07-31T20:43:45Z,739,17,0,9,1,0,1,1,1,1785529591
2026-07-31T20:43:45Z,741,8,0,15,0,0,1,1,1,1785530208
2026-07-31T20:43:45Z,742,19,7,15,1,0,1,1,1,1785530583
2026-07-31T20:43:45Z,743,5,2,14,0,0,1,1,1,1785530530
2026-07-31T20:43:45Z,744,9,2,5,1,0,1,1,1,1785530232
2026-07-31T20:43:45Z,745,12,4,7,0,0,1,1,1,1785530137
2026-07-31T20:43:45Z,746,2,0,20,1,0,1,1,1,1785530156
2026-07-31T20:43:45Z,747,0,0,4,0,0,0,1,1,1783446606
2026-07-31T20:43:45Z,748,9,1,14,0,0,1,1,1,1785529175
2026-07-31T20:43:45Z,749,0,0,22,1,0,1,1,1,1785530505
2026-07-31T20:43:45Z,750,2,2,9,0,0,1,1,1,1785529801
2026-07-31T20:43:45Z,751,16,16,7,0,0,1,1,1,1785530612
2026-07-31T20:43:45Z,752,9,0,7,1,0,1,1,1,1785530153
2026-07-31T20:43:45Z,753,6,0,8,1,0,1,1,1,1785530497
2026-07-31T20:43:45Z,754,8,3,7,0,0,1,1,1,1785530590
2026-07-31T20:43:45Z,755,8,1,14,1,0,1,1,1,1785530422
2026-07-31T20:43:45Z,756,14,14,22,1,0,1,1,1,1785530621
2026-07-31T20:43:45Z,757,4,3,15,0,0,1,1,1,1785529966
2026-07-31T20:43:45Z,758,1,0,22,0,0,1,1,1,1785530614
2026-07-31T20:43:45Z,759,0,0,0,0,0,1,1,1,86400
2026-07-31T20:43:45Z,760,10,3,9,0,0,1,1,1,1785529267
2026-07-31T20:43:45Z,761,10,3,12,1,0,1,1,1,1785530609
2026-07-31T20:43:45Z,762,4,2,6,5,0,1,1,1,1785530163
2026-07-31T20:43:45Z,768,7,0,8,4,0,1,1,1,1785530413
2026-07-31T20:43:45Z,769,10,9,7,2,0,1,1,1,1785530507
2026-07-31T20:43:45Z,770,6,2,11,2,0,1,1,1,1785529936
2026-07-31T20:43:45Z,771,11,1,3,1,0,1,1,1,1785529384
2026-07-31T20:43:45Z,772,2,0,13,0,0,1,1,1,1785529995
2026-07-31T20:43:45Z,773,18,4,1,0,0,1,1,1,1785529846
2026-07-31T20:43:45Z,774,8,1,3,4,0,1,1,1,1785529714
2026-07-31T20:43:45Z,775,6,1,11,1,1,1,1,1,1785529386
2026-07-31T20:43:45Z,776,2,1,18,1,0,1,1,1,1785530204
2026-07-31T20:43:45Z,777,11,2,4,0,0,1,1,1,1785530575
2026-07-31T20:43:45Z,778,11,0,4,4,0,1,1,1,1785529834
2026-07-31T20:43:45Z,779,6,0,12,1,0,1,1,1,1785529198
2026-07-31T20:43:45Z,780,1,1,18,0,0,1,1,1,1785530375
2026-07-31T20:43:45Z,781,2,1,7,2,0,1,1,1,1785530541
2026-07-31T20:43:45Z,782,0,0,15,4,0,1,1,1,1785529703
2026-07-31T20:43:45Z,783,9,2,10,0,0,1,1,1,1785528950
2026-07-31T20:43:45Z,784,1,0,18,0,0,1,1,1,1785530301
2026-07-31T20:43:45Z,785,10,2,3,6,0,1,1,1,1785529090
2026-07-31T20:43:45Z,786,10,5,9,0,0,1,1,1,1785530567
2026-07-31T20:43:45Z,787,5,3,9,1,0,1,1,1,1785530134
2026-07-31T20:43:45Z,788,4,0,11,0,0,1,1,1,1785530278
2026-07-31T20:43:45Z,789,8,2,3,4,0,1,1,1,1785529823
2026-07-31T20:43:45Z,790,2,0,21,0,0,1,1,1,1785530067
2026-07-31T20:43:45Z,791,11,0,7,0,1,1,1,1,1785530527
2026-07-31T20:43:45Z,793,5,0,9,2,0,1,1,1,1785530604
2026-07-31T20:43:45Z,794,11,2,16,2,0,1,1,1,1785530600
2026-07-31T20:43:45Z,796,6,4,12,1,0,1,1,1,1785530401
2026-07-31T20:43:45Z,797,3,1,12,0,0,1,1,1,1785530586
2026-07-31T20:43:45Z,798,18,0,6,1,0,1,1,1,1785530455
2026-07-31T20:43:45Z,799,13,2,2,4,0,1,1,1,1785529986
2026-07-31T20:43:45Z,800,1,0,19,1,0,1,1,1,1785530229
2026-07-31T20:43:45Z,801,5,2,14,2,0,1,1,1,1785530548
2026-07-31T20:43:45Z,802,8,0,23,0,0,1,1,1,1785529791
2026-07-31T20:43:45Z,803,1,0,14,0,0,1,1,1,1785530382
2026-07-31T20:43:45Z,806,1,0,13,1,0,1,1,1,1785526582
2026-07-31T20:43:45Z,807,10,6,13,2,0,1,1,1,1785530036
2026-07-31T20:43:45Z,808,17,7,6,2,0,1,1,1,1785529738
2026-07-31T20:43:45Z,809,4,1,18,1,0,1,1,1,1785529569
2026-07-31T20:43:45Z,810,4,2,13,2,0,1,1,1,1785529938
2026-07-31T20:43:45Z,815,2,1,7,5,1,1,1,1,1785530600
2026-07-31T20:43:45Z,817,15,8,0,0,0,1,1,1,1785530078
2026-07-31T20:43:45Z,818,6,2,17,0,0,1,1,1,1785530398
2026-07-31T20:43:45Z,819,10,4,5,0,0,1,1,1,1785525935
2026-07-31T20:43:45Z,820,9,1,8,0,0,1,1,1,1785530549
2026-07-31T20:43:45Z,821,3,2,12,0,0,1,1,1,1785529653
2026-07-31T20:43:45Z,822,17,3,4,2,0,1,1,1,1785530264
2026-07-31T20:43:45Z,823,14,1,1,0,0,1,1,1,1785530480
2026-07-31T20:43:45Z,824,1,0,17,1,0,1,1,1,1785530614
2026-07-31T20:43:45Z,825,5,4,10,0,0,1,1,1,1785530396
2026-07-31T20:43:45Z,826,7,0,10,2,0,1,1,1,1785530535
2026-07-31T20:43:45Z,827,19,3,0,2,0,1,1,1,1785530080
2026-07-31T20:43:45Z,828,11,1,5,2,0,1,1,1,1785529913
2026-07-31T20:43:45Z,829,17,6,10,0,0,1,1,1,1785529020
2026-07-31T20:43:45Z,830,17,0,5,1,0,1,1,1,1785530317
2026-07-31T20:43:45Z,831,6,3,7,2,0,1,1,1,1785529088
2026-07-31T20:43:45Z,832,8,3,7,3,0,1,1,1,1785530204
2026-07-31T20:43:45Z,833,1,1,17,1,0,1,1,1,1785529005
2026-07-31T20:43:45Z,834,21,1,1,2,0,1,1,1,1785530335
2026-07-31T20:43:45Z,835,2,0,15,1,0,1,1,1,1785530555
2026-07-31T20:43:45Z,838,3,1,10,2,0,1,1,1,1785530192
2026-07-31T20:43:45Z,839,13,0,15,1,0,1,1,1,1785530235
2026-07-31T20:43:45Z,840,0,0,28,1,0,1,1,1,1785530448
2026-07-31T20:43:45Z,841,7,1,8,0,0,1,1,1,1785529075
2026-07-31T20:43:45Z,842,2,0,21,0,0,1,1,1,1785528991
2026-07-31T20:43:45Z,843,14,2,17,0,0,1,1,1,1785529465
2026-07-31T20:43:45Z,844,6,0,17,0,0,1,1,1,1785529973
2026-07-31T20:43:45Z,845,4,3,13,2,0,1,1,1,1785529339
2026-07-31T20:43:45Z,846,3,1,15,1,0,1,1,1,1785530291
2026-07-31T20:43:45Z,847,6,1,20,1,0,1,1,1,1785530538
2026-07-31T20:43:45Z,848,2,1,16,1,0,1,1,1,1785530256
2026-07-31T20:43:45Z,849,9,0,5,1,0,1,1,1,1785530104
2026-07-31T20:43:45Z,850,4,0,7,0,0,1,1,1,1785530409
2026-07-31T20:43:45Z,851,3,3,31,3,0,1,1,1,1785530588
2026-07-31T20:43:45Z,852,9,3,10,0,0,1,1,1,1785529022
2026-07-31T20:43:45Z,853,11,5,12,0,0,1,1,1,1785530607
2026-07-31T20:43:45Z,854,2,1,13,0,0,1,1,1,1785529956
2026-07-31T20:43:45Z,855,26,0,1,0,0,1,1,1,1785529894
2026-07-31T20:43:45Z,857,6,4,11,2,0,1,1,1,1785529611
2026-07-31T20:43:45Z,858,5,2,13,1,0,1,1,1,1785529742
2026-07-31T20:43:45Z,859,8,0,12,1,0,1,1,1,1785529918
2026-07-31T20:43:45Z,861,6,0,4,1,0,1,1,1,1785528609
2026-07-31T20:43:45Z,862,4,2,11,0,0,1,1,1,1785529117
2026-07-31T20:43:45Z,863,13,0,5,1,0,1,1,1,1785529013
2026-07-31T20:43:45Z,866,12,3,7,0,0,1,1,1,1785529493
2026-07-31T20:43:45Z,867,14,2,1,0,0,1,1,1,1785530532
2026-07-31T20:43:45Z,868,7,0,8,0,0,1,1,1,1785528970
2026-07-31T20:43:45Z,870,9,5,6,0,0,1,1,1,1785529196
2026-07-31T20:43:45Z,871,0,0,10,1,0,1,1,1,1785530338
2026-07-31T20:43:45Z,872,0,0,14,1,0,1,1,1,1785529104
2026-07-31T20:43:45Z,873,11,0,21,1,0,1,1,1,1785529817
2026-07-31T20:43:45Z,874,4,0,8,3,0,1,1,1,1785530464
2026-07-31T20:43:45Z,875,10,7,4,1,0,1,1,1,1785530221
2026-07-31T20:43:45Z,877,13,12,6,0,0,1,1,1,1785530606
2026-07-31T20:43:45Z,878,3,3,16,0,0,1,1,1,1785529363
2026-07-31T20:43:45Z,879,1,0,18,0,0,1,1,1,1785530212
2026-07-31T20:43:45Z,880,1,0,21,1,0,1,1,1,1785530278
2026-07-31T20:43:45Z,881,3,0,16,0,0,1,1,1,1785530028
2026-07-31T20:43:45Z,882,9,4,9,1,0,1,1,1,1785513298
2026-07-31T20:43:45Z,883,5,0,14,0,0,1,1,1,1785530470
2026-07-31T20:43:45Z,884,10,6,11,0,0,1,1,1,1785530622
2026-07-31T20:43:45Z,885,0,0,19,0,0,1,1,1,1785529023
2026-07-31T20:43:45Z,886,8,1,20,1,0,1,1,1,1785530559
2026-07-31T20:43:45Z,887,8,3,6,3,0,1,1,1,1785530323
2026-07-31T20:43:45Z,888,15,1,24,1,1,1,1,1,1785530543
2026-07-31T20:43:45Z,889,5,0,12,2,0,1,1,1,1785530534
2026-07-31T20:43:45Z,890,8,4,7,0,0,1,1,1,1785527402
2026-07-31T20:43:45Z,891,22,0,1,0,0,1,1,1,1785530389
2026-07-31T20:43:45Z,892,10,1,5,0,0,1,1,1,1785530455
2026-07-31T20:43:45Z,895,3,0,16,0,0,1,1,1,1785527858
2026-07-31T20:43:45Z,896,9,2,26,0,0,1,1,1,1785529854
2026-07-31T20:43:45Z,897,12,1,9,0,0,1,1,1,1785529260
2026-07-31T20:43:45Z,898,3,0,16,0,0,1,1,1,1785529572
2026-07-31T20:43:45Z,899,0,0,18,1,0,1,1,1,1785529991
2026-07-31T20:43:45Z,900,2,1,25,0,0,1,1,1,1785530589
2026-07-31T20:43:45Z,901,2,0,16,1,0,1,1,1,1785530041
2026-07-31T20:43:45Z,902,6,1,9,0,0,1,1,1,1785528849
2026-07-31T20:43:45Z,903,6,2,12,1,0,1,1,1,1785530234
2026-07-31T20:43:45Z,904,10,4,8,1,0,1,1,1,1785529862
2026-07-31T20:43:45Z,905,8,1,18,1,0,1,1,1,1785530445
2026-07-31T20:43:45Z,906,20,8,6,1,0,1,1,1,1785530250
2026-07-31T20:43:45Z,907,8,0,23,0,0,1,1,1,1785530417
2026-07-31T20:43:45Z,908,9,1,14,0,0,1,1,1,1785530571
2026-07-31T20:43:45Z,909,6,5,17,0,0,1,1,1,1785530201
2026-07-31T20:43:45Z,910,8,1,21,2,0,1,1,1,1785530457
2026-07-31T20:43:45Z,911,4,1,15,0,0,1,1,1,1785528876
2026-07-31T20:43:45Z,912,7,0,15,1,0,1,1,1,1785530572
2026-07-31T20:43:45Z,913,7,4,12,0,0,1,1,1,1785529872
2026-07-31T20:43:45Z,914,13,0,6,0,0,1,1,1,1785530618
2026-07-31T20:43:45Z,915,14,1,7,2,0,1,1,1,1785529834
2026-07-31T20:43:45Z,916,5,3,18,0,0,1,1,1,1785530565
2026-07-31T20:43:45Z,917,11,0,23,1,0,1,1,1,1785530386
2026-07-31T20:43:45Z,918,8,0,9,2,0,1,1,1,1785530585
2026-07-31T20:43:45Z,919,13,1,25,1,0,1,1,1,1785530513
2026-07-31T20:43:45Z,920,7,2,12,0,0,1,1,1,1785529655
2026-07-31T20:43:45Z,921,15,1,6,0,0,1,1,1,1785530357
2026-07-31T20:43:45Z,922,2,1,19,0,0,1,1,1,1785530051
2026-07-31T20:43:45Z,923,1,1,18,0,0,1,1,1,1785530513
2026-07-31T20:43:45Z,924,6,0,14,1,0,1,1,1,1785530405
2026-07-31T20:43:45Z,925,11,0,10,0,0,1,1,1,1785529549
2026-07-31T20:43:45Z,926,1,0,20,0,0,1,1,1,1785529631
2026-07-31T20:43:45Z,927,28,1,6,1,0,1,1,1,1785530464
2026-07-31T20:43:45Z,928,0,0,19,0,0,0,1,1,1785500252
2026-07-31T20:43:45Z,929,19,1,4,0,0,1,1,1,1785530582
2026-07-31T20:43:45Z,930,4,0,26,1,0,1,1,1,1785530076
2026-07-31T20:43:45Z,931,10,2,12,1,0,1,1,1,1785530453
2026-07-31T20:43:45Z,932,2,0,15,2,0,1,1,1,1785530329
2026-07-31T20:43:45Z,933,17,2,5,1,0,1,1,1,1785530115
2026-07-31T20:43:45Z,934,21,1,9,1,0,1,1,1,1785530392
2026-07-31T20:43:45Z,935,4,0,14,1,0,1,1,1,1785530556
2026-07-31T20:43:45Z,936,11,0,8,0,0,1,1,1,1785530519
2026-07-31T20:43:45Z,940,2,1,8,1,0,1,1,1,1785530273
2026-07-31T20:43:45Z,941,15,0,7,3,0,1,1,1,1785530446
2026-07-31T20:43:45Z,942,16,1,5,0,0,1,1,1,1785530139
2026-07-31T20:43:45Z,943,8,8,7,0,0,1,1,1,1785529190
2026-07-31T20:43:45Z,944,10,8,5,0,0,1,1,1,1785529034
2026-07-31T20:43:45Z,945,10,8,5,0,0,1,1,1,1785530372
2026-07-31T20:43:45Z,946,7,5,12,0,0,1,1,1,1785523835
2026-07-31T20:43:45Z,947,7,5,10,0,0,1,1,1,1785529054
2026-07-31T20:43:45Z,948,12,11,16,3,0,1,1,1,1785530477
2026-07-31T20:43:45Z,949,3,2,11,1,0,1,1,1,1785530511
2026-07-31T20:43:45Z,950,4,0,11,2,0,1,1,1,1785530580
2026-07-31T20:43:45Z,951,18,5,5,0,0,1,1,1,1785530558
2026-07-31T20:43:45Z,952,19,0,34,2,0,1,1,1,1785530516
2026-07-31T20:43:45Z,953,2,0,12,1,0,1,1,1,1785530127
2026-07-31T20:43:45Z,954,6,0,13,0,0,1,1,1,1785530061
2026-07-31T20:43:45Z,955,7,2,13,7,0,1,1,1,1785530613
2026-07-31T20:43:45Z,956,6,0,16,1,0,1,1,1,1785530561
2026-07-31T20:43:45Z,957,8,0,20,1,0,1,1,1,1785530607
2026-07-31T20:43:45Z,958,29,2,0,2,0,1,1,1,1785530599
2026-07-31T20:43:45Z,959,0,0,22,1,0,1,1,1,1785530576
2026-07-31T20:43:45Z,960,4,1,18,1,0,1,1,1,1785530570
2026-07-31T20:43:45Z,961,4,1,16,3,0,1,1,1,1785530338
2026-07-31T20:43:45Z,962,8,3,24,3,0,1,1,1,1785530213
2026-07-31T20:43:45Z,963,5,0,17,1,0,1,1,1,1785530271
2026-07-31T20:43:45Z,964,10,8,13,0,0,1,1,1,1785530602
2026-07-31T20:43:45Z,965,10,6,16,1,0,1,1,1,1785529448
2026-07-31T20:43:45Z,966,12,0,18,1,0,1,1,1,1785530217
2026-07-31T20:43:45Z,967,5,0,14,2,0,1,1,1,1785530620
2026-07-31T20:43:45Z,968,12,0,6,1,0,1,1,1,1785529069
2026-07-31T20:43:45Z,969,0,0,25,2,0,1,1,1,1785529971
2026-07-31T20:43:45Z,970,2,2,16,1,0,1,1,1,1785530542
2026-07-31T20:43:45Z,971,2,0,20,1,0,1,1,1,1785529954
2026-07-31T20:43:45Z,972,12,4,10,1,0,1,1,1,1785529068
2026-07-31T20:43:45Z,973,7,1,15,1,0,1,1,1,1785530440
2026-07-31T20:43:45Z,974,12,0,14,1,0,1,1,1,1785530384
2026-07-31T20:43:45Z,977,3,0,16,2,0,1,1,1,1785529607
2026-07-31T20:43:45Z,978,19,0,4,0,0,1,1,1,1785530217
2026-07-31T20:43:45Z,979,6,2,11,0,0,1,1,1,1785530266
2026-07-31T20:43:45Z,980,9,2,11,1,0,1,1,1,1785530488
2026-07-31T20:43:45Z,981,1,0,20,0,0,1,1,1,1785530152
2026-07-31T20:43:45Z,982,4,1,14,1,0,1,1,1,1785529188
2026-07-31T20:43:45Z,983,4,3,19,0,0,1,1,1,1785529571
2026-07-31T20:43:45Z,984,7,0,16,0,0,1,1,1,1785529249
2026-07-31T20:43:45Z,985,6,2,25,0,0,1,1,1,1785530582
2026-07-31T20:43:45Z,986,3,0,16,0,0,1,1,1,1785529110
2026-07-31T20:43:45Z,987,6,0,17,0,0,1,1,1,1785529686
2026-07-31T20:43:45Z,988,8,4,11,0,0,1,1,1,1785529281
2026-07-31T20:43:45Z,989,6,3,13,0,0,1,1,1,1785530219
2026-07-31T20:43:45Z,990,12,0,2,1,0,1,1,1,1785529278
2026-07-31T20:43:45Z,991,10,0,9,0,0,1,1,1,1785530554
2026-07-31T20:43:45Z,992,9,5,14,0,0,1,1,1,1785529901
2026-07-31T20:43:45Z,993,5,5,21,1,0,1,1,1,1785530172
2026-07-31T20:43:45Z,994,0,0,21,0,0,1,1,1,1785530145
2026-07-31T20:43:45Z,995,6,0,21,0,0,1,1,1,1785529353
2026-07-31T20:43:45Z,996,8,2,15,0,0,1,1,1,1785529187
2026-07-31T20:43:45Z,997,5,4,6,9,3,1,1,1,1785530101
2026-07-31T20:43:45Z,998,5,4,18,0,0,1,1,1,1785529445
2026-07-31T20:43:45Z,999,4,1,15,1,1,1,1,1,1785529154
2026-07-31T20:43:45Z,1000,1,0,20,0,0,1,1,1,1785529990
2026-07-31T20:43:45Z,1001,4,2,23,0,0,1,1,1,1785529506
2026-07-31T20:43:45Z,1002,2,2,28,1,0,1,1,1,1785529536
2026-07-31T20:43:45Z,1003,1,0,22,0,0,1,1,1,1785529212
2026-07-31T20:43:45Z,1004,9,2,14,0,0,1,1,1,1785530383
2026-07-31T20:43:45Z,1005,20,1,3,0,0,1,1,1,1785529273
2026-07-31T20:43:45Z,1006,7,4,12,0,0,1,1,1,1785529081
2026-07-31T20:43:45Z,1007,1,1,20,0,0,1,1,1,1785530541
2026-07-31T20:43:45Z,1008,8,7,15,0,0,1,1,1,1785530077
2026-07-31T20:43:45Z,1009,22,5,8,1,0,1,1,1,1785529989
2026-07-31T20:43:45Z,1010,8,2,19,0,0,1,1,1,1785528983
2026-07-31T20:43:45Z,1011,7,2,10,2,0,1,1,1,1785529452
2026-07-31T20:43:45Z,1012,5,3,16,2,0,1,1,1,1785529045
2026-07-31T20:43:45Z,1013,4,1,18,1,0,1,1,1,1785529606
2026-07-31T20:43:45Z,1014,9,4,14,0,0,1,1,1,1785529570
2026-07-31T20:43:45Z,1015,4,3,26,1,0,1,1,1,1785529912
2026-07-31T20:43:45Z,1016,10,5,21,0,0,1,1,1,1785528989
2026-07-31T20:43:45Z,1017,13,5,8,0,0,1,1,1,1785530254
2026-07-31T20:43:45Z,1018,7,3,15,0,0,1,1,1,1785529124
2026-07-31T20:43:45Z,1019,8,5,7,0,0,1,1,1,1785528994
2026-07-31T20:43:45Z,1020,19,5,2,0,0,1,1,1,1785530120
2026-07-31T20:43:45Z,1021,9,4,6,0,0,1,1,1,1785529796
2026-07-31T20:43:45Z,1022,14,0,13,0,0,1,1,1,1785529254
2026-07-31T20:43:45Z,1023,14,2,9,0,0,1,1,1,1785528877
2026-07-31T20:43:45Z,1024,4,2,15,0,0,1,1,1,1785529846
2026-07-31T20:43:45Z,1025,4,0,14,0,1,1,1,1,1785529234
2026-07-31T20:43:45Z,1026,12,9,18,1,0,1,1,1,1785530435
2026-07-31T20:43:45Z,1028,3,1,20,0,0,1,1,1,1785529219
2026-07-31T20:43:45Z,1029,12,10,3,0,0,1,1,1,1785530103
2026-07-31T20:43:45Z,1030,13,4,10,0,0,1,1,1,1785529914
2026-07-31T20:43:45Z,1031,9,1,10,0,0,1,1,1,1785530224
2026-07-31T20:43:45Z,1032,7,1,12,0,0,1,1,1,1785529080
2026-07-31T20:43:45Z,1033,9,5,10,0,0,1,1,1,1785529903
2026-07-31T20:43:45Z,1034,3,0,12,0,0,1,1,1,1785529536
2026-07-31T20:43:45Z,1035,1,0,17,1,0,1,1,1,1785529086
2026-07-31T20:43:45Z,1036,12,0,3,0,0,1,1,1,1785529642
2026-07-31T20:43:45Z,1037,1,0,17,1,0,1,1,1,1785530579
2026-07-31T20:43:45Z,1038,1,0,14,0,0,1,1,1,1785530567
2026-07-31T20:43:45Z,1039,7,1,12,0,0,1,1,1,1785529583
2026-07-31T20:43:45Z,1040,7,5,12,0,0,1,1,1,1785529879
2026-07-31T20:43:45Z,1041,10,2,9,0,0,1,1,1,1785529000
2026-07-31T20:43:45Z,1042,2,0,12,1,0,1,1,1,1785529721
2026-07-31T20:43:45Z,1043,10,5,8,1,0,1,1,1,1785529159
2026-07-31T20:43:45Z,1044,2,1,13,0,0,1,1,1,1785530621
2026-07-31T20:43:45Z,1045,9,0,10,0,0,1,1,1,1785529063
2026-07-31T20:43:45Z,1046,9,0,6,0,0,1,1,1,1785530247
2026-07-31T20:43:45Z,1047,4,0,17,0,0,1,1,1,1785529849
2026-07-31T20:43:45Z,1048,1,0,18,0,0,1,1,1,1785529918
2026-07-31T20:43:45Z,1049,0,0,21,0,0,1,1,1,1785529145
2026-07-31T20:43:45Z,1050,18,5,3,0,0,1,1,1,1785530507
2026-07-31T20:43:45Z,1051,8,3,13,0,0,1,1,1,1785530117
2026-07-31T20:43:45Z,1052,16,1,5,1,0,1,1,1,1785528937
2026-07-31T20:43:45Z,1053,3,2,12,0,0,1,1,1,1785528943
2026-07-31T20:43:45Z,1054,5,1,10,0,0,1,1,1,1785529193
2026-07-31T20:43:45Z,1055,9,2,10,0,0,1,1,1,1785529211
2026-07-31T20:43:45Z,1057,12,2,7,0,0,1,1,1,1785530593
2026-07-31T20:43:45Z,1058,12,0,43,1,0,1,1,1,1785530541
2026-07-31T20:43:45Z,1059,1,1,17,1,0,1,1,1,1785529068
2026-07-31T20:43:45Z,1060,19,0,18,0,0,1,1,1,1785530503
2026-07-31T20:43:45Z,1061,23,0,14,0,0,1,1,1,1785530293
2026-07-31T20:43:45Z,1062,9,1,8,0,0,1,1,1,1785530552
2026-07-31T20:43:45Z,1063,12,1,6,1,0,1,1,1,1785529122
2026-07-31T20:43:45Z,1064,3,0,19,1,0,1,1,1,1785529487
2026-07-31T20:43:45Z,1065,16,3,7,0,0,1,1,1,1785529733
2026-07-31T20:43:45Z,1066,12,2,11,0,0,1,1,1,1785529553
2026-07-31T20:43:45Z,1067,8,2,13,2,0,1,1,1,1785529829
2026-07-31T20:43:45Z,1068,5,2,15,3,0,1,1,1,1785529362
2026-07-31T20:43:45Z,1069,12,3,11,0,0,1,1,1,1785529367
2026-07-31T20:43:45Z,1070,12,2,11,0,0,1,1,1,1785529467
2026-07-31T20:43:45Z,1071,8,4,15,0,0,1,1,1,1785529505
2026-07-31T20:43:45Z,1072,11,1,11,1,0,1,1,1,1785529916
2026-07-31T20:43:45Z,1073,4,0,22,1,0,1,1,1,1785530211
2026-07-31T20:43:45Z,1074,35,5,15,3,0,1,1,1,1785530518
2026-07-31T20:43:45Z,1075,8,8,13,0,0,1,1,1,1785530215
2026-07-31T20:43:45Z,1076,17,14,4,0,0,1,1,1,1785530138
2026-07-31T20:43:45Z,1077,11,7,9,1,0,1,1,1,1785529779
2026-07-31T20:43:45Z,1078,10,9,11,0,0,1,1,1,1785530173
2026-07-31T20:43:45Z,1079,12,8,9,0,0,1,1,1,1785528976
2026-07-31T20:43:45Z,1080,10,7,9,2,0,1,1,1,1785529826
2026-07-31T20:43:45Z,1081,13,7,6,0,0,1,1,1,1785530350
2026-07-31T20:43:45Z,1082,12,11,11,0,0,1,1,1,1785528982
2026-07-31T20:43:45Z,1083,14,12,7,0,0,1,1,1,1785529246
2026-07-31T20:43:45Z,1084,10,8,11,0,0,1,1,1,1785528862
2026-07-31T20:43:45Z,1085,11,8,10,0,0,1,1,1,1785530385
2026-07-31T20:43:45Z,1086,13,10,7,1,0,1,1,1,1785530504
2026-07-31T20:43:45Z,1087,6,6,9,0,0,1,1,1,1785530162
2026-07-31T20:43:45Z,1088,10,7,5,0,0,1,1,1,1785529123
2026-07-31T20:43:45Z,1089,7,3,8,0,0,1,1,1,1785529453
2026-07-31T20:43:45Z,1090,7,6,8,0,0,1,1,1,1785529874
2026-07-31T20:43:45Z,1091,7,5,8,0,0,1,1,1,1785530074
2026-07-31T20:43:45Z,1092,10,9,5,0,0,1,1,1,1785529456
2026-07-31T20:43:45Z,1093,5,5,9,1,0,1,1,1,1785530151
2026-07-31T20:43:45Z,1094,10,9,9,0,0,1,1,1,1785529074
2026-07-31T20:43:45Z,1095,9,8,6,0,0,1,1,1,1785529053
2026-07-31T20:43:45Z,1096,10,8,8,1,0,1,1,1,1785529448
2026-07-31T20:43:45Z,1097,8,8,7,0,0,1,1,1,1785529643
2026-07-31T20:43:45Z,1098,9,7,10,0,0,1,1,1,1785530494
2026-07-31T20:43:45Z,1099,7,6,8,0,0,1,1,1,1785528910
2026-07-31T20:43:45Z,1100,5,3,24,0,0,1,1,1,1785529784
2026-07-31T20:43:45Z,1101,10,5,11,0,0,1,1,1,1785528833
2026-07-31T20:43:45Z,1102,9,4,4,0,0,1,1,1,1785529855
2026-07-31T20:43:45Z,1103,11,5,10,0,0,1,1,1,1785503681
2026-07-31T20:43:45Z,1104,11,6,10,0,0,1,1,1,1785530400
2026-07-31T20:43:45Z,1105,8,4,5,0,0,1,1,1,1785529738
2026-07-31T20:43:45Z,1106,10,5,11,0,0,1,1,1,1785528924
2026-07-31T20:43:45Z,1107,9,5,6,0,0,1,1,1,1785529173
2026-07-31T20:43:45Z,1108,7,3,16,3,1,1,1,1,1785529885
2026-07-31T20:43:45Z,1109,8,4,7,0,0,1,1,1,1785529116
2026-07-31T20:43:45Z,1110,12,4,9,0,0,1,1,1,1785530264
2026-07-31T20:43:45Z,1111,11,6,9,1,0,1,1,1,1785529682
2026-07-31T20:43:45Z,1112,24,0,29,0,0,1,1,1,1785530620
2026-07-31T20:43:45Z,1113,2,0,19,0,0,1,1,1,1785530440
2026-07-31T20:43:45Z,1115,13,2,6,4,0,1,1,1,1785529647
2026-07-31T20:43:45Z,1116,2,0,17,0,0,1,1,1,1785530586
2026-07-31T20:43:45Z,1117,2,1,19,2,0,1,1,1,1785530331
2026-07-31T20:43:45Z,1118,11,1,10,0,0,1,1,1,1785530218
2026-07-31T20:43:45Z,1119,8,0,9,0,0,1,1,1,1785530093
2026-07-31T20:43:45Z,1120,7,0,11,1,0,1,1,1,1785529506
2026-07-31T20:43:45Z,1121,2,0,18,1,0,1,1,1,1785530485
2026-07-31T20:43:45Z,1122,3,1,17,1,0,1,1,1,1785530548
2026-07-31T20:43:45Z,1123,9,7,12,2,0,1,1,1,1785530551
2026-07-31T20:43:45Z,1124,2,0,10,3,0,1,1,1,1785530383
2026-07-31T20:43:45Z,1125,17,1,6,0,0,1,1,1,1785529470
2026-07-31T20:43:45Z,1126,9,0,12,0,0,1,1,1,1785530229
2026-07-31T20:43:45Z,1127,4,1,15,0,0,1,1,1,1785530532
2026-07-31T20:43:45Z,1128,1,0,14,0,0,1,1,1,1785530369
2026-07-31T20:43:45Z,1129,3,1,17,1,0,1,1,1,1785530622
2026-07-31T20:43:45Z,1130,4,0,10,1,0,1,1,1,1785530582
2026-07-31T20:43:45Z,1131,4,3,44,1,0,1,1,1,1785530577
2026-07-31T20:43:45Z,1132,10,4,10,1,0,1,1,1,1785530564
2026-07-31T20:43:45Z,1133,10,5,7,4,0,1,1,1,1785530176
2026-07-31T20:43:45Z,1134,11,5,8,0,0,1,1,1,1785529610
2026-07-31T20:43:45Z,1135,12,6,9,0,0,1,1,1,1785530545
2026-07-31T20:43:45Z,1136,13,0,10,0,0,1,1,1,1785530453
2026-07-31T20:43:45Z,1137,13,0,2,0,0,1,1,1,1785530009
2026-07-31T20:43:45Z,1138,2,0,17,0,0,1,1,1,1785529172
2026-07-31T20:43:45Z,1139,15,2,4,2,0,1,1,1,1785529609
2026-07-31T20:43:45Z,1140,5,1,16,2,0,1,1,1,1785530224
2026-07-31T20:43:45Z,1141,14,6,7,0,0,1,1,1,1785530332
2026-07-31T20:43:45Z,1142,0,0,21,0,0,1,1,1,1785529739
2026-07-31T20:43:45Z,1143,20,1,9,0,0,1,1,1,1785530580
2026-07-31T20:43:45Z,1144,7,0,13,1,0,1,1,1,1785530403
2026-07-31T20:43:45Z,1145,11,5,9,1,0,1,1,1,1785529506
2026-07-31T20:43:45Z,1146,13,12,4,2,0,1,1,1,1785530613
2026-07-31T20:43:45Z,1147,17,1,2,0,0,1,1,1,1785530603
2026-07-31T20:43:45Z,1148,5,0,26,0,0,1,1,1,1785530616
2026-07-31T20:43:45Z,1149,4,3,16,5,0,1,1,1,1785530033
2026-07-31T20:43:45Z,1150,8,0,11,0,0,1,1,1,1785529726
2026-07-31T20:43:45Z,1151,7,0,14,0,0,1,1,1,1785529756
2026-07-31T20:43:45Z,1152,5,0,24,0,0,1,1,1,1785530290
2026-07-31T20:43:45Z,1153,21,2,1,1,0,1,1,1,1785530534
2026-07-31T20:43:45Z,1154,3,0,16,0,0,1,1,1,1785530310
2026-07-31T20:43:45Z,1155,7,2,11,3,0,1,1,1,1785530614
2026-07-31T20:43:45Z,1158,3,1,16,0,0,1,1,1,1785528984
2026-07-31T20:43:45Z,1159,12,0,7,0,0,1,1,1,1785529346
2026-07-31T20:43:45Z,1160,9,2,10,0,0,1,1,1,1785529128
2026-07-31T20:43:45Z,1161,3,0,15,1,0,1,1,1,1785529481
2026-07-31T20:43:45Z,1162,2,1,17,0,0,1,1,1,1785529736
2026-07-31T20:43:45Z,1163,2,1,16,1,0,1,1,1,1785529104
2026-07-31T20:43:45Z,1164,5,1,14,0,0,1,1,1,1785530102
2026-07-31T20:43:45Z,1165,1,0,20,0,0,1,1,1,1785530000
2026-07-31T20:43:45Z,1166,13,3,8,0,0,1,1,1,1785530163
2026-07-31T20:43:45Z,1167,4,0,11,0,0,1,1,1,1785528832
2026-07-31T20:43:45Z,1168,3,0,18,2,0,1,1,1,1785529395
2026-07-31T20:43:45Z,1169,3,0,15,1,0,1,1,1,1785529007
2026-07-31T20:43:45Z,1170,7,1,14,0,0,1,1,1,1785529402
2026-07-31T20:43:45Z,1171,9,8,14,0,0,1,1,1,1785529785
2026-07-31T20:43:45Z,1172,3,0,10,2,0,1,1,1,1785529314
2026-07-31T20:43:45Z,1173,13,4,6,0,0,1,1,1,1785529266
2026-07-31T20:43:45Z,1174,6,3,9,0,0,1,1,1,1785528911
2026-07-31T20:43:45Z,1175,4,3,15,0,0,1,1,1,1785525246
2026-07-31T20:43:45Z,1176,8,2,13,0,0,1,1,1,1785530305
2026-07-31T20:43:45Z,1177,2,1,19,0,0,1,1,1,1785530236
2026-07-31T20:43:45Z,1178,5,2,10,0,0,1,1,1,1785528837
2026-07-31T20:43:45Z,1181,8,0,7,0,0,1,1,1,1785530218
2026-07-31T20:43:45Z,1182,12,1,7,1,0,1,1,1,1785530587
2026-07-31T20:43:45Z,1183,26,2,17,2,0,1,1,1,1785530575
2026-07-31T20:43:45Z,1184,2,1,17,2,0,1,1,1,1785530410
2026-07-31T20:43:45Z,1185,9,5,12,0,0,1,1,1,1785530372
2026-07-31T20:43:45Z,1186,9,5,10,0,0,1,1,1,1785529535
2026-07-31T20:43:45Z,1187,10,5,10,1,0,1,1,1,1785529779
2026-07-31T20:43:45Z,1188,10,5,5,0,0,1,1,1,1785529170
2026-07-31T20:43:45Z,1189,9,4,10,0,0,1,1,1,1785529298
2026-07-31T20:43:45Z,1190,9,4,12,0,0,1,1,1,1785530528
2026-07-31T20:43:45Z,1191,10,5,5,0,0,1,1,1,1785529497
2026-07-31T20:43:45Z,1192,11,7,9,1,0,1,1,1,1785530342
2026-07-31T20:43:45Z,1193,6,4,5,2,0,1,1,1,1785529971
2026-07-31T20:43:45Z,1197,8,5,8,1,0,1,1,1,1785530471
2026-07-31T20:43:45Z,1198,13,4,6,2,0,1,1,1,1785529602
2026-07-31T20:43:45Z,1199,3,0,16,0,0,1,1,1,1785529592
2026-07-31T20:43:45Z,1200,9,5,6,0,0,1,1,1,1785529211
2026-07-31T20:43:45Z,1201,9,4,6,0,0,1,1,1,1785529261
2026-07-31T20:43:45Z,1202,10,5,5,0,0,1,1,1,1785529288
2026-07-31T20:43:45Z,1203,11,5,4,0,0,1,1,1,1785529191
2026-07-31T20:43:45Z,1204,7,4,12,0,0,1,1,1,1785528964
2026-07-31T20:43:45Z,1206,11,5,10,0,0,1,1,1,1785530018
2026-07-31T20:43:45Z,1207,8,4,6,1,0,1,1,1,1785529504
2026-07-31T20:43:45Z,1208,10,4,9,0,0,1,1,1,1785529446
2026-07-31T20:43:45Z,1216,9,0,11,1,0,1,1,1,1785530236
2026-07-31T20:43:45Z,1218,4,0,17,0,0,1,1,1,1785528817
2026-07-31T20:43:45Z,1219,5,1,7,3,0,1,1,1,1785529151
2026-07-31T20:43:45Z,1220,17,6,2,0,0,1,1,1,1785530271
2026-07-31T20:43:45Z,1221,1,1,19,1,0,1,1,1,1785529983
2026-07-31T20:43:45Z,1222,15,3,14,0,0,1,1,1,1785530431
2026-07-31T20:43:45Z,1223,27,0,1,1,0,1,1,1,1785530341
2026-07-31T20:43:45Z,1226,0,0,3,0,0,0,1,1,1781868931
2026-07-31T20:43:45Z,1227,3,0,21,1,0,1,1,1,1785530323
2026-07-31T20:43:45Z,1228,6,5,23,0,0,1,1,1,1785529946
2026-07-31T20:43:45Z,1229,44,1,0,1,0,1,1,1,1785530621
2026-07-31T20:48:45Z,1,11,2,12,0,0,1,1,1,1785530757
2026-07-31T20:48:45Z,2,13,1,11,3,0,1,1,1,1785530792
2026-07-31T20:48:45Z,3,11,0,2,1,0,1,1,1,1785530883
2026-07-31T20:48:45Z,4,21,3,0,1,0,1,1,1,1785530869
2026-07-31T20:48:45Z,5,16,3,5,2,0,1,1,1,1785530181
2026-07-31T20:48:45Z,6,3,0,12,0,0,1,1,1,1785530584
2026-07-31T20:48:45Z,7,5,0,34,0,0,1,1,1,1785530921
2026-07-31T20:48:45Z,8,9,0,34,0,0,1,1,1,1785530861
2026-07-31T20:48:45Z,9,17,1,5,1,0,1,1,1,1785530596
2026-07-31T20:48:45Z,10,1,0,20,2,0,1,1,1,1785527928
2026-07-31T20:48:45Z,11,8,1,9,2,0,1,1,1,1785530850
2026-07-31T20:48:45Z,12,22,0,1,0,0,1,1,1,1785530657
2026-07-31T20:48:45Z,13,8,0,22,0,0,1,1,1,1785530249
2026-07-31T20:48:45Z,14,40,0,2,0,1,1,1,1,1785530736
2026-07-31T20:48:45Z,15,15,0,0,0,0,1,1,1,1785530434
2026-07-31T20:48:45Z,16,4,1,20,2,1,1,1,1,1785530813
2026-07-31T20:48:45Z,17,6,0,20,1,0,1,1,1,1785530759
2026-07-31T20:48:45Z,18,8,0,8,2,0,1,1,1,1785530911
2026-07-31T20:48:45Z,19,12,2,12,3,0,1,1,1,1785530798
2026-07-31T20:48:45Z,20,10,1,25,0,0,1,1,1,1785530516
2026-07-31T20:48:45Z,21,14,2,4,1,0,1,1,1,1785530878
2026-07-31T20:48:45Z,22,31,0,32,2,0,1,1,1,1785530778
2026-07-31T20:48:45Z,23,25,7,5,1,0,1,1,1,1785530826
2026-07-31T20:48:45Z,24,8,2,2,1,0,1,1,1,1785530914
2026-07-31T20:48:45Z,25,76,4,4,1,0,1,1,1,1785530819
2026-07-31T20:48:45Z,26,24,2,3,0,0,1,1,1,1785530495
2026-07-31T20:48:45Z,28,7,1,8,0,0,1,1,1,1785530646
2026-07-31T20:48:45Z,30,11,0,17,1,0,1,1,1,1785530803
2026-07-31T20:48:45Z,31,15,2,2,2,0,1,1,1,1785530902
2026-07-31T20:48:45Z,32,9,4,18,0,0,1,1,1,1785530273
2026-07-31T20:48:45Z,34,18,2,19,0,0,1,1,1,1785530677
2026-07-31T20:48:45Z,35,14,3,32,1,0,1,1,1,1785530883
2026-07-31T20:48:45Z,36,0,0,0,0,0,0,1,1,86400
2026-07-31T20:48:45Z,37,19,2,3,1,0,1,1,1,1785530818
2026-07-31T20:48:45Z,38,7,0,16,0,0,1,1,1,1785530735
2026-07-31T20:48:45Z,39,18,2,21,0,0,1,1,1,1785530915
2026-07-31T20:48:45Z,40,7,0,14,0,0,1,1,1,1785530921
2026-07-31T20:48:45Z,41,31,0,12,0,0,1,1,1,1785530917
2026-07-31T20:48:45Z,42,2,1,29,0,0,1,1,1,1785530904
2026-07-31T20:48:45Z,43,10,1,13,0,0,1,1,1,1785530916
2026-07-31T20:48:45Z,45,15,0,14,0,0,1,1,1,1785530482
2026-07-31T20:48:45Z,46,2,2,28,1,0,1,1,1,1785530485
2026-07-31T20:48:45Z,47,0,0,14,1,0,1,1,1,1785529062
2026-07-31T20:48:45Z,48,19,0,8,0,0,1,1,1,1785530588
2026-07-31T20:48:45Z,49,1,0,18,4,0,1,1,1,1785530917
2026-07-31T20:48:45Z,50,9,8,10,0,0,1,1,1,1785530900
2026-07-31T20:48:45Z,51,49,0,28,0,0,1,1,1,1785529674
2026-07-31T20:48:45Z,52,3,1,21,3,0,1,1,1,1785530914
2026-07-31T20:48:45Z,55,4,0,19,0,0,1,1,1,1785530900
2026-07-31T20:48:45Z,56,29,0,14,0,0,1,1,1,1785530918
2026-07-31T20:48:45Z,57,19,2,7,1,0,1,1,1,1785530921
2026-07-31T20:48:45Z,58,0,0,28,0,0,1,1,1,1785530811
2026-07-31T20:48:45Z,59,2,0,23,2,0,1,1,1,1785530879
2026-07-31T20:48:45Z,61,0,0,39,0,0,1,1,1,1785529980
2026-07-31T20:48:45Z,62,25,15,22,2,0,1,1,1,1785530841
2026-07-31T20:48:45Z,63,13,1,6,0,0,1,1,1,1785530620
2026-07-31T20:48:45Z,64,11,1,4,4,0,1,1,1,1785530788
2026-07-31T20:48:45Z,65,8,4,10,1,0,1,1,1,1785530131
2026-07-31T20:48:45Z,67,34,0,5,0,0,1,1,1,1785530808
2026-07-31T20:48:45Z,68,33,1,3,1,0,1,1,1,1785530577
2026-07-31T20:48:45Z,69,3,1,12,0,0,1,1,1,1785530718
2026-07-31T20:48:45Z,71,15,1,9,3,0,1,1,1,1785530844
2026-07-31T20:48:45Z,72,25,4,2,3,1,1,1,1,1785530745
2026-07-31T20:48:45Z,73,22,0,9,0,0,1,1,1,1785530892
2026-07-31T20:48:45Z,74,1,0,18,0,0,1,1,1,1785530679
2026-07-31T20:48:45Z,75,16,0,15,1,0,1,1,1,1785529675
2026-07-31T20:48:45Z,76,11,1,7,1,0,1,1,1,1785530918
2026-07-31T20:48:45Z,77,2,0,25,0,0,1,1,1,1785530681
2026-07-31T20:48:45Z,78,2,2,21,0,0,1,1,1,1785530683
2026-07-31T20:48:45Z,79,0,0,16,1,0,1,1,1,1785530671
2026-07-31T20:48:45Z,80,11,0,9,3,0,1,1,1,1785530847
2026-07-31T20:48:45Z,81,3,0,28,0,0,1,1,1,1785530885
2026-07-31T20:48:45Z,82,14,7,7,2,0,1,1,1,1785530379
2026-07-31T20:48:45Z,83,7,2,26,1,0,1,1,1,1785530918
2026-07-31T20:48:45Z,84,0,0,26,1,0,1,1,1,1785530012
2026-07-31T20:48:45Z,85,11,1,4,0,0,1,1,1,1785530921
2026-07-31T20:48:45Z,86,2,1,25,0,0,1,1,1,1785530624
2026-07-31T20:48:45Z,87,4,0,15,0,0,1,1,1,1785530914
2026-07-31T20:48:45Z,88,9,0,33,1,0,1,1,1,1785530369
2026-07-31T20:48:45Z,89,31,2,4,0,0,1,1,1,1785530137
2026-07-31T20:48:45Z,90,6,0,11,1,0,1,1,1,1785530891
2026-07-31T20:48:45Z,91,1,0,16,0,0,1,1,1,1785530870
2026-07-31T20:48:45Z,92,5,0,11,3,0,1,1,1,1785530846
2026-07-31T20:48:45Z,93,4,2,19,0,0,1,1,1,1785530798
2026-07-31T20:48:45Z,94,12,0,6,1,0,1,1,1,1785530782
2026-07-31T20:48:45Z,95,0,0,33,1,1,1,1,1,1785530914
2026-07-31T20:48:45Z,96,12,2,18,1,0,1,1,1,1785530904
2026-07-31T20:48:45Z,97,0,0,15,2,0,1,1,1,1785530900
2026-07-31T20:48:45Z,98,30,6,4,1,0,1,1,1,1785530596
2026-07-31T20:48:45Z,99,7,0,8,0,0,1,1,1,1785530817
2026-07-31T20:48:45Z,100,3,0,24,0,0,1,1,1,1785530744
2026-07-31T20:48:45Z,101,13,0,1,1,0,1,1,1,1785530898
2026-07-31T20:48:45Z,102,8,0,15,0,0,1,1,1,1785530706
2026-07-31T20:48:45Z,103,14,2,15,1,0,1,1,1,1785530893
2026-07-31T20:48:45Z,104,19,2,6,2,0,1,1,1,1785530920
2026-07-31T20:48:45Z,105,18,0,1,0,0,1,1,1,1785529401
2026-07-31T20:48:45Z,106,14,0,6,1,0,1,1,1,1785530602
2026-07-31T20:48:45Z,107,20,1,17,0,0,1,1,1,1785530852
2026-07-31T20:48:45Z,108,1,0,32,2,0,1,1,1,1785530558
2026-07-31T20:48:45Z,109,8,2,15,0,0,1,1,1,1785530829
2026-07-31T20:48:45Z,110,15,0,8,0,0,1,1,1,1785530861
2026-07-31T20:48:45Z,111,17,2,19,0,0,1,1,1,1785530788
2026-07-31T20:48:45Z,112,4,1,10,1,0,1,1,1,1785530881
2026-07-31T20:48:45Z,113,9,0,9,1,0,1,1,1,1785530903
2026-07-31T20:48:45Z,114,15,6,14,1,1,1,1,1,1785530901
2026-07-31T20:48:45Z,115,16,11,8,4,0,1,1,1,1785530821
2026-07-31T20:48:45Z,116,12,11,14,1,0,1,1,1,1785530830
2026-07-31T20:48:45Z,118,14,1,7,2,0,1,1,1,1785530037
2026-07-31T20:48:45Z,119,1,0,35,2,0,1,1,1,1785530752
2026-07-31T20:48:45Z,120,4,0,21,2,0,1,1,1,1785530334
2026-07-31T20:48:45Z,121,0,0,16,2,1,1,1,1,1785530913
2026-07-31T20:48:45Z,122,2,0,19,0,0,1,1,1,1785530806
2026-07-31T20:48:45Z,123,17,1,30,0,0,1,1,1,1785530850
2026-07-31T20:48:45Z,124,2,2,33,0,0,1,1,1,1785530596
2026-07-31T20:48:45Z,125,2,0,20,1,0,1,1,1,1785530886
2026-07-31T20:48:45Z,126,18,0,13,0,0,1,1,1,1785528553
2026-07-31T20:48:45Z,127,15,2,19,1,0,1,1,1,1785530672
2026-07-31T20:48:45Z,128,3,0,16,0,0,1,1,1,1785530603
2026-07-31T20:48:45Z,129,1,0,15,3,0,1,1,1,1785530747
2026-07-31T20:48:45Z,130,1,0,16,0,0,1,1,1,1785530482
2026-07-31T20:48:45Z,131,6,5,5,0,0,1,1,1,1785530651
2026-07-31T20:48:45Z,132,6,4,8,0,1,1,1,1,1785530188
2026-07-31T20:48:45Z,134,16,1,3,4,0,1,1,1,1785530807
2026-07-31T20:48:45Z,135,5,1,13,1,0,1,1,1,1785530850
2026-07-31T20:48:45Z,136,0,0,16,1,6,1,1,1,1785530762
2026-07-31T20:48:45Z,137,4,4,13,2,0,1,1,1,1785530872
2026-07-31T20:48:45Z,138,7,0,30,0,0,1,1,1,1785529839
2026-07-31T20:48:45Z,139,2,1,17,0,0,1,1,1,1785530919
2026-07-31T20:48:45Z,140,4,1,18,1,0,1,1,1,1785530920
2026-07-31T20:48:45Z,141,1,0,35,0,0,1,1,1,1785530602
2026-07-31T20:48:45Z,142,3,1,20,0,0,1,1,1,1785530911
2026-07-31T20:48:45Z,143,2,0,29,0,0,1,1,1,1785530921
2026-07-31T20:48:45Z,144,14,0,13,0,0,1,1,1,1785530620
2026-07-31T20:48:45Z,146,18,1,4,1,0,1,1,1,1785530735
2026-07-31T20:48:45Z,147,0,0,17,2,0,1,1,1,1785530807
2026-07-31T20:48:45Z,148,1,1,22,4,0,1,1,1,1785530825
2026-07-31T20:48:45Z,149,2,0,24,1,0,1,1,1,1785530714
2026-07-31T20:48:45Z,150,8,1,25,2,0,1,1,1,1785530873
2026-07-31T20:48:45Z,151,5,0,18,0,0,1,1,1,1785530872
2026-07-31T20:48:45Z,152,5,3,18,3,0,1,1,1,1785530877
2026-07-31T20:48:45Z,153,3,1,23,2,0,1,1,1,1785530569
2026-07-31T20:48:45Z,154,9,0,11,3,0,1,1,1,1785530855
2026-07-31T20:48:45Z,155,2,0,11,1,0,1,1,1,1785530897
2026-07-31T20:48:45Z,156,5,0,14,0,0,1,1,1,1785530913
2026-07-31T20:48:45Z,157,9,2,16,2,0,1,1,1,1785530889
2026-07-31T20:48:45Z,158,4,2,12,0,0,1,1,1,1785530728
2026-07-31T20:48:45Z,159,3,2,15,1,0,1,1,1,1785530337
2026-07-31T20:48:45Z,160,5,1,14,0,0,1,1,1,1785530796
2026-07-31T20:48:45Z,161,12,1,10,0,0,1,1,1,1785530789
2026-07-31T20:48:45Z,162,21,11,3,3,0,1,1,1,1785530693
2026-07-31T20:48:45Z,163,9,0,21,0,1,1,1,1,1785530882
2026-07-31T20:48:45Z,164,17,0,10,0,0,1,1,1,1785530734
2026-07-31T20:48:45Z,165,28,4,3,0,0,1,1,1,1785530881
2026-07-31T20:48:45Z,166,3,2,32,4,0,1,1,1,1785530922
2026-07-31T20:48:45Z,167,9,2,13,1,0,1,1,1,1785530768
2026-07-31T20:48:45Z,168,0,0,24,3,0,1,1,1,1785530661
2026-07-31T20:48:45Z,169,11,2,11,0,1,1,1,1,1785530852
2026-07-31T20:48:45Z,170,5,2,13,1,0,1,1,1,1785530874
2026-07-31T20:48:45Z,171,9,1,2,2,0,1,1,1,1785530771
2026-07-31T20:48:45Z,173,13,3,26,0,0,1,1,1,1785530797
2026-07-31T20:48:45Z,174,3,1,23,0,0,1,1,1,1785530845
2026-07-31T20:48:45Z,175,30,2,0,1,0,1,1,1,1785530912
2026-07-31T20:48:45Z,176,11,2,2,1,1,1,1,1,1785530921
2026-07-31T20:48:45Z,177,4,2,23,0,0,1,1,1,1785530921
2026-07-31T20:48:45Z,178,9,0,3,2,1,1,1,1,1785530917
2026-07-31T20:48:45Z,179,10,5,3,2,0,1,1,1,1785530863
2026-07-31T20:48:45Z,180,2,0,28,0,0,1,1,1,1785530907
2026-07-31T20:48:45Z,181,2,0,13,0,0,1,1,1,1785530857
2026-07-31T20:48:45Z,182,5,1,12,0,0,1,1,1,1785530427
2026-07-31T20:48:45Z,183,3,2,19,1,0,1,1,1,1785530836
2026-07-31T20:48:45Z,184,17,0,3,3,0,1,1,1,1785530893
2026-07-31T20:48:45Z,185,6,3,5,3,1,1,1,1,1785530500
2026-07-31T20:48:45Z,186,5,2,14,0,0,1,1,1,1785530762
2026-07-31T20:48:45Z,187,0,0,27,1,0,1,1,1,1785530101
2026-07-31T20:48:45Z,188,11,4,8,8,0,1,1,1,1785530832
2026-07-31T20:48:45Z,189,3,2,12,0,0,1,1,1,1785530687
2026-07-31T20:48:45Z,190,2,1,21,0,0,1,1,1,1785530874
2026-07-31T20:48:45Z,191,17,9,21,1,0,1,1,1,1785530774
2026-07-31T20:48:45Z,192,6,3,23,2,0,1,1,1,1785530878
2026-07-31T20:48:45Z,193,5,2,9,1,0,1,1,1,1785530871
2026-07-31T20:48:45Z,194,3,3,24,0,0,1,1,1,1785530859
2026-07-31T20:48:45Z,195,0,0,19,0,0,1,1,1,1785530748
2026-07-31T20:48:45Z,196,7,6,19,1,0,1,1,1,1785530806
2026-07-31T20:48:45Z,197,1,0,17,0,1,1,1,1,1785530839
2026-07-31T20:48:45Z,198,13,11,9,1,0,1,1,1,1785530745
2026-07-31T20:48:45Z,199,0,0,14,1,0,1,1,1,1785530920
2026-07-31T20:48:45Z,200,17,15,8,1,0,1,1,1,1785530726
2026-07-31T20:48:45Z,201,7,5,16,0,0,1,1,1,1785530580
2026-07-31T20:48:45Z,202,7,0,20,0,0,1,1,1,1785530825
2026-07-31T20:48:45Z,203,11,1,19,1,0,1,1,1,1785530756
2026-07-31T20:48:45Z,204,25,1,9,1,0,1,1,1,1785530790
2026-07-31T20:48:45Z,205,10,1,17,0,0,1,1,1,1785530896
2026-07-31T20:48:45Z,206,2,2,13,0,0,1,1,1,1785530742
2026-07-31T20:48:45Z,207,19,1,2,0,0,1,1,1,1785530553
2026-07-31T20:48:45Z,208,2,1,26,1,0,1,1,1,1785530797
2026-07-31T20:48:45Z,209,26,4,4,1,0,1,1,1,1785530791
2026-07-31T20:48:45Z,210,6,3,21,0,0,1,1,1,1785530919
2026-07-31T20:48:45Z,211,1,0,21,1,0,1,1,1,1785530507
2026-07-31T20:48:45Z,212,8,2,25,2,0,1,1,1,1785530892
2026-07-31T20:48:45Z,213,15,5,7,1,0,1,1,1,1785530827
2026-07-31T20:48:45Z,214,23,7,21,3,0,1,1,1,1785530914
2026-07-31T20:48:45Z,215,19,4,3,1,0,1,1,1,1785530920
2026-07-31T20:48:45Z,216,11,5,7,1,0,1,1,1,1785530781
2026-07-31T20:48:45Z,217,15,0,13,1,0,1,1,1,1785530879
2026-07-31T20:48:45Z,218,11,8,25,3,0,1,1,1,1785530906
2026-07-31T20:48:45Z,219,21,1,4,1,0,1,1,1,1785530911
2026-07-31T20:48:45Z,220,25,10,17,0,1,1,1,1,1785530874
2026-07-31T20:48:45Z,221,3,3,11,1,0,1,1,1,1785530768
2026-07-31T20:48:45Z,222,6,3,12,1,0,1,1,1,1785530631
2026-07-31T20:48:45Z,223,9,2,23,3,0,1,1,1,1785530767
2026-07-31T20:48:45Z,224,0,0,21,1,0,1,1,1,1785530682
2026-07-31T20:48:45Z,225,11,3,4,4,0,1,1,1,1785530913
2026-07-31T20:48:45Z,226,1,0,29,1,0,1,1,1,1785530895
2026-07-31T20:48:45Z,227,0,0,26,1,0,1,1,1,1785530877
2026-07-31T20:48:45Z,228,4,2,13,2,0,1,1,1,1785530871
2026-07-31T20:48:45Z,230,6,1,20,0,0,1,1,1,1785530780
2026-07-31T20:48:45Z,232,2,0,14,1,0,1,1,1,1785530637
2026-07-31T20:48:45Z,233,7,7,22,2,0,1,1,1,1785530920
2026-07-31T20:48:45Z,234,11,3,1,5,2,1,1,1,1785530558
2026-07-31T20:48:45Z,236,16,2,3,0,0,1,1,1,1785528929
2026-07-31T20:48:45Z,237,2,0,20,1,0,1,1,1,1785530398
2026-07-31T20:48:45Z,239,6,6,20,1,0,1,1,1,1785530897
2026-07-31T20:48:45Z,241,4,4,18,1,0,1,1,1,1785530903
2026-07-31T20:48:45Z,242,7,0,15,1,0,1,1,1,1785530654
2026-07-31T20:48:45Z,243,16,6,10,5,0,1,1,1,1785530759
2026-07-31T20:48:45Z,244,3,1,22,2,0,1,1,1,1785530869
2026-07-31T20:48:45Z,245,9,3,14,0,0,1,1,1,1785530901
2026-07-31T20:48:45Z,246,9,2,14,0,0,1,1,1,1785530770
2026-07-31T20:48:45Z,247,5,3,16,2,0,1,1,1,1785530130
2026-07-31T20:48:45Z,248,13,6,8,2,0,1,1,1,1785530857
2026-07-31T20:48:45Z,249,18,18,0,1,0,1,1,1,1785530558
2026-07-31T20:48:45Z,250,5,3,17,5,0,1,1,1,1785530913
2026-07-31T20:48:45Z,251,21,10,1,5,0,1,1,1,1785530889
2026-07-31T20:48:45Z,253,1,1,18,0,0,1,1,1,1785530833
2026-07-31T20:48:45Z,254,4,1,38,1,0,1,1,1,1785530722
2026-07-31T20:48:45Z,255,11,0,11,0,1,1,1,1,1785530714
2026-07-31T20:48:45Z,256,0,0,21,2,0,1,1,1,1785530884
2026-07-31T20:48:45Z,257,3,2,16,0,0,1,1,1,1785529949
2026-07-31T20:48:45Z,258,11,8,6,2,0,1,1,1,1785530910
2026-07-31T20:48:45Z,259,13,0,9,0,1,1,1,1,1785530228
2026-07-31T20:48:45Z,260,2,2,15,2,0,1,1,1,1785530915
2026-07-31T20:48:45Z,261,0,0,17,1,1,1,1,1,1785530056
2026-07-31T20:48:45Z,262,7,4,15,1,0,1,1,1,1785530748
2026-07-31T20:48:45Z,263,0,0,15,0,0,1,1,1,1785530689
2026-07-31T20:48:45Z,264,1,0,18,0,0,1,1,1,1785530410
2026-07-31T20:48:45Z,265,2,0,13,0,0,1,1,1,1785530755
2026-07-31T20:48:45Z,266,8,5,10,1,0,1,1,1,1785530901
2026-07-31T20:48:45Z,267,8,4,6,1,0,1,1,1,1785526233
2026-07-31T20:48:45Z,268,18,6,4,1,0,1,1,1,1785530906
2026-07-31T20:48:45Z,269,4,1,19,0,0,1,1,1,1785530623
2026-07-31T20:48:45Z,270,3,1,23,1,0,1,1,1,1785530878
2026-07-31T20:48:45Z,271,2,0,15,2,0,1,1,1,1785529218
2026-07-31T20:48:45Z,272,4,2,19,0,0,1,1,1,1785530814
2026-07-31T20:48:45Z,273,2,0,13,0,0,1,1,1,1785530717
2026-07-31T20:48:45Z,274,3,2,14,2,0,1,1,1,1785530863
2026-07-31T20:48:45Z,275,10,0,10,3,0,1,1,1,1785530888
2026-07-31T20:48:45Z,276,3,0,23,1,0,1,1,1,1785530369
2026-07-31T20:48:45Z,277,9,9,10,4,0,1,1,1,1785530733
2026-07-31T20:48:45Z,278,16,8,11,4,0,1,1,1,1785530898
2026-07-31T20:48:45Z,279,0,0,19,0,0,1,1,1,1785530676
2026-07-31T20:48:45Z,280,2,0,26,3,0,1,1,1,1785530887
2026-07-31T20:48:45Z,281,3,2,16,0,0,1,1,1,1785530845
2026-07-31T20:48:45Z,282,7,2,11,0,0,1,1,1,1785527347
2026-07-31T20:48:45Z,283,17,1,17,1,0,1,1,1,1785530707
2026-07-31T20:48:45Z,284,31,1,1,3,0,1,1,1,1785530725
2026-07-31T20:48:45Z,285,5,1,18,0,0,1,1,1,1785529514
2026-07-31T20:48:45Z,286,7,5,16,0,0,1,1,1,1785530775
2026-07-31T20:48:45Z,287,12,1,8,3,0,1,1,1,1785529639
2026-07-31T20:48:45Z,288,3,2,16,0,0,1,1,1,1785530349
2026-07-31T20:48:45Z,289,8,5,16,3,0,1,1,1,1785530920
2026-07-31T20:48:45Z,290,14,2,24,1,0,1,1,1,1785530789
2026-07-31T20:48:45Z,291,14,0,8,1,0,1,1,1,1785530743
2026-07-31T20:48:45Z,292,3,0,20,0,0,1,1,1,1785530686
2026-07-31T20:48:45Z,293,5,3,18,0,0,1,1,1,1785530659
2026-07-31T20:48:45Z,294,1,1,19,2,0,1,1,1,1785530830
2026-07-31T20:48:45Z,297,6,1,11,1,1,1,1,1,1785530903
2026-07-31T20:48:45Z,301,12,0,7,1,0,1,1,1,1785530889
2026-07-31T20:48:45Z,302,17,0,6,0,0,1,1,1,1785530671
2026-07-31T20:48:45Z,303,0,0,19,0,0,1,1,1,1785530377
2026-07-31T20:48:45Z,304,0,0,0,0,0,0,1,1,86400
2026-07-31T20:48:45Z,305,5,0,13,1,0,1,1,1,1785530917
2026-07-31T20:48:45Z,306,6,1,26,0,0,1,1,1,1785530891
2026-07-31T20:48:45Z,307,5,0,18,0,0,1,1,1,1785529857
2026-07-31T20:48:45Z,308,2,0,16,1,0,1,1,1,1785530376
2026-07-31T20:48:45Z,309,2,1,12,0,0,1,1,1,1785530920
2026-07-31T20:48:45Z,311,6,0,8,1,0,1,1,1,1785530773
2026-07-31T20:48:45Z,312,10,8,10,2,1,1,1,1,1785530839
2026-07-31T20:48:45Z,313,5,0,10,0,0,1,1,1,1785526554
2026-07-31T20:48:45Z,314,5,1,12,2,0,1,1,1,1785529159
2026-07-31T20:48:45Z,315,14,6,15,2,0,1,1,1,1785530769
2026-07-31T20:48:45Z,316,5,2,18,7,1,1,1,1,1785530844
2026-07-31T20:48:45Z,317,10,7,20,0,1,1,1,1,1785530810
2026-07-31T20:48:45Z,318,16,1,3,0,0,1,1,1,1785530240
2026-07-31T20:48:45Z,319,22,3,0,1,0,1,1,1,1785530464
2026-07-31T20:48:45Z,320,14,0,4,1,0,1,1,1,1785530645
2026-07-31T20:48:45Z,321,2,0,13,4,0,1,1,1,1785530776
2026-07-31T20:48:45Z,322,15,0,14,0,0,1,1,1,1785530430
2026-07-31T20:48:45Z,323,5,0,14,0,0,1,1,1,1785530743
2026-07-31T20:48:45Z,324,13,0,13,1,0,1,1,1,1785530922
2026-07-31T20:48:45Z,325,3,1,22,2,0,1,1,1,1785529205
2026-07-31T20:48:45Z,327,10,2,15,2,0,1,1,1,1785530273
2026-07-31T20:48:45Z,328,12,0,9,1,0,1,1,1,1785530491
2026-07-31T20:48:45Z,329,3,0,13,3,0,1,1,1,1785529828
2026-07-31T20:48:45Z,330,14,0,7,1,0,1,1,1,1785530497
2026-07-31T20:48:45Z,331,16,0,5,2,0,1,1,1,1785530248
2026-07-31T20:48:45Z,332,6,5,12,1,0,1,1,1,1785530287
2026-07-31T20:48:45Z,333,4,2,18,1,0,1,1,1,1785530603
2026-07-31T20:48:45Z,334,9,0,14,0,0,1,1,1,1785530791
2026-07-31T20:48:45Z,335,2,2,20,0,1,1,1,1,1785530699
2026-07-31T20:48:45Z,336,5,3,14,0,0,1,1,1,1785530832
2026-07-31T20:48:45Z,337,15,2,4,4,0,1,1,1,1785530885
2026-07-31T20:48:45Z,338,3,1,16,0,0,1,1,1,1785530274
2026-07-31T20:48:45Z,339,14,10,5,4,0,1,1,1,1785530849
2026-07-31T20:48:45Z,340,1,0,13,1,0,1,1,1,1785530063
2026-07-31T20:48:45Z,341,4,0,15,0,0,1,1,1,1785530651
2026-07-31T20:48:45Z,342,1,0,14,0,0,1,1,1,1785530337
2026-07-31T20:48:45Z,343,9,3,13,1,0,1,1,1,1785529614
2026-07-31T20:48:45Z,344,4,3,19,0,0,1,1,1,1785530834
2026-07-31T20:48:45Z,345,7,1,12,0,0,1,1,1,1785530921
2026-07-31T20:48:45Z,346,5,3,18,0,0,1,1,1,1785530232
2026-07-31T20:48:45Z,347,22,3,19,3,0,1,1,1,1785530912
2026-07-31T20:48:45Z,348,11,0,10,1,1,1,1,1,1785530636
2026-07-31T20:48:45Z,349,16,2,2,1,0,1,1,1,1785530710
2026-07-31T20:48:45Z,350,2,0,23,1,1,1,1,1,1785530916
2026-07-31T20:48:45Z,351,2,1,19,2,0,1,1,1,1785530630
2026-07-31T20:48:45Z,355,1,0,22,0,0,1,1,1,1785530409
2026-07-31T20:48:45Z,356,4,1,15,0,0,1,1,1,1785530888
2026-07-31T20:48:45Z,357,5,3,13,1,0,1,1,1,1785530851
2026-07-31T20:48:45Z,358,13,2,13,1,0,1,1,1,1785529883
2026-07-31T20:48:45Z,359,11,0,16,0,0,1,1,1,1785530911
2026-07-31T20:48:45Z,360,4,3,15,0,0,1,1,1,1785530596
2026-07-31T20:48:45Z,362,3,0,12,4,0,1,1,1,1785530919
2026-07-31T20:48:45Z,363,11,1,16,0,0,1,1,1,1785530839
2026-07-31T20:48:45Z,364,0,0,19,0,0,1,1,1,1785530750
2026-07-31T20:48:45Z,365,2,1,18,3,0,1,1,1,1785530619
2026-07-31T20:48:45Z,366,5,5,18,0,0,1,1,1,1785530886
2026-07-31T20:48:45Z,367,1,1,16,2,0,1,1,1,1785530729
2026-07-31T20:48:45Z,368,3,0,19,1,0,1,1,1,1785530369
2026-07-31T20:48:45Z,370,10,4,17,0,0,1,1,1,1785530872
2026-07-31T20:48:45Z,371,3,3,15,1,0,1,1,1,1785530243
2026-07-31T20:48:45Z,372,15,1,0,0,0,1,1,1,1785530540
2026-07-31T20:48:45Z,373,0,0,27,0,0,1,1,1,1785529201
2026-07-31T20:48:45Z,374,3,1,15,1,0,1,1,1,1785530045
2026-07-31T20:48:45Z,375,16,4,9,2,0,1,1,1,1785530902
2026-07-31T20:48:45Z,376,6,3,30,3,0,1,1,1,1785530790
2026-07-31T20:48:45Z,377,0,0,27,0,0,1,1,1,1785530908
2026-07-31T20:48:45Z,378,4,2,19,0,1,1,1,1,1785530899
2026-07-31T20:48:45Z,379,16,2,9,2,0,1,1,1,1785530821
2026-07-31T20:48:45Z,380,2,0,21,0,0,1,1,1,1785530227
2026-07-31T20:48:45Z,381,8,0,15,0,0,1,1,1,1785530802
2026-07-31T20:48:45Z,383,8,2,5,2,0,1,1,1,1785530910
2026-07-31T20:48:45Z,384,2,1,23,2,0,1,1,1,1785530034
2026-07-31T20:48:45Z,385,2,0,15,1,0,1,1,1,1785530533
2026-07-31T20:48:45Z,387,6,1,17,0,0,1,1,1,1785530214
2026-07-31T20:48:45Z,388,35,2,10,4,0,1,1,1,1785530833
2026-07-31T20:48:45Z,389,2,1,12,1,0,1,1,1,1785530348
2026-07-31T20:48:45Z,390,11,3,24,0,0,1,1,1,1785530907
2026-07-31T20:48:45Z,391,4,2,10,1,0,1,1,1,1785530305
2026-07-31T20:48:45Z,392,0,0,18,1,0,1,1,1,1785530880
2026-07-31T20:48:45Z,393,2,2,5,4,0,1,1,1,1785530232
2026-07-31T20:48:45Z,394,6,0,4,3,0,1,1,1,1785530888
2026-07-31T20:48:45Z,396,2,2,39,1,0,1,1,1,1785530814
2026-07-31T20:48:45Z,397,21,10,10,0,0,1,1,1,1785530705
2026-07-31T20:48:45Z,399,0,0,14,3,0,1,1,1,1785530317
2026-07-31T20:48:45Z,400,13,8,8,2,0,1,1,1,1785529282
2026-07-31T20:48:45Z,401,2,2,29,8,0,1,1,1,1785530884
2026-07-31T20:48:45Z,403,20,3,7,4,0,1,1,1,1785530711
2026-07-31T20:48:45Z,404,7,5,15,1,0,1,1,1,1785530724
2026-07-31T20:48:45Z,406,16,2,18,1,0,1,1,1,1785530857
2026-07-31T20:48:45Z,407,1,0,32,1,0,1,1,1,1785529900
2026-07-31T20:48:45Z,408,2,1,28,3,0,1,1,1,1785530825
2026-07-31T20:48:45Z,409,18,1,3,2,0,1,1,1,1785530912
2026-07-31T20:48:45Z,413,12,3,9,2,0,1,1,1,1785529761
2026-07-31T20:48:45Z,414,10,0,5,0,0,1,1,1,1785529773
2026-07-31T20:48:45Z,417,4,2,15,0,0,1,1,1,1785530566
2026-07-31T20:48:45Z,418,4,2,11,0,0,1,1,1,1785529352
2026-07-31T20:48:45Z,419,13,2,10,0,0,1,1,1,1785529593
2026-07-31T20:48:45Z,421,5,1,14,0,0,1,1,1,1785530200
2026-07-31T20:48:45Z,422,18,3,9,0,0,1,1,1,1785530054
2026-07-31T20:48:45Z,423,2,0,21,0,0,1,1,1,1785530186
2026-07-31T20:48:45Z,424,10,5,2,2,1,1,1,1,1785530541
2026-07-31T20:48:45Z,425,5,4,16,0,1,1,1,1,1785530818
2026-07-31T20:48:45Z,426,16,0,20,1,0,1,1,1,1785530918
2026-07-31T20:48:45Z,427,10,0,3,2,0,1,1,1,1785530712
2026-07-31T20:48:45Z,428,17,2,1,1,0,1,1,1,1785530748
2026-07-31T20:48:45Z,429,15,6,8,0,0,1,1,1,1785530857
2026-07-31T20:48:45Z,430,5,1,23,3,0,1,1,1,1785530894
2026-07-31T20:48:45Z,431,5,1,26,2,0,1,1,1,1785530342
2026-07-31T20:48:45Z,432,0,0,30,1,0,0,1,1,1785508564
2026-07-31T20:48:45Z,433,5,2,15,3,0,1,1,1,1785529334
2026-07-31T20:48:45Z,437,3,1,14,2,0,1,1,1,1785530890
2026-07-31T20:48:45Z,438,10,2,8,1,0,1,1,1,1785530821
2026-07-31T20:48:45Z,439,6,4,9,0,0,1,1,1,1785530126
2026-07-31T20:48:45Z,440,11,4,4,0,0,1,1,1,1785530525
2026-07-31T20:48:45Z,441,4,0,9,2,0,1,1,1,1785530259
2026-07-31T20:48:45Z,442,10,5,7,2,0,1,1,1,1785530891
2026-07-31T20:48:45Z,443,5,2,22,0,0,1,1,1,1785512432
2026-07-31T20:48:45Z,444,4,2,19,0,0,1,1,1,1785530635
2026-07-31T20:48:45Z,445,6,2,16,1,0,1,1,1,1785530737
2026-07-31T20:48:45Z,446,1,0,21,1,0,1,1,1,1785519783
2026-07-31T20:48:45Z,447,3,0,18,1,1,1,1,1,1785496389
2026-07-31T20:48:45Z,448,7,0,7,1,0,1,1,1,1785530120
2026-07-31T20:48:45Z,452,3,1,15,1,0,1,1,1,1785530777
2026-07-31T20:48:45Z,453,4,1,7,4,0,1,1,1,1785530670
2026-07-31T20:48:45Z,454,15,1,4,0,0,1,1,1,1785530867
2026-07-31T20:48:45Z,455,0,0,39,0,0,1,1,1,1785530549
2026-07-31T20:48:45Z,456,18,2,1,1,0,1,1,1,1785530921
2026-07-31T20:48:45Z,457,10,2,13,4,0,1,1,1,1785530746
2026-07-31T20:48:45Z,458,5,2,17,1,0,1,1,1,1785529476
2026-07-31T20:48:45Z,459,7,1,8,0,0,1,1,1,1785530088
2026-07-31T20:48:45Z,460,14,1,9,0,0,1,1,1,1785530895
2026-07-31T20:48:45Z,461,9,0,10,0,0,1,1,1,1785530919
2026-07-31T20:48:45Z,462,15,1,6,0,0,1,1,1,1785530818
2026-07-31T20:48:45Z,463,9,1,10,0,0,1,1,1,1785526740
2026-07-31T20:48:45Z,464,0,0,14,0,0,1,1,1,1785528198
2026-07-31T20:48:45Z,465,3,3,12,0,0,1,1,1,1785530142
2026-07-31T20:48:45Z,466,4,1,6,5,0,1,1,1,1785530705
2026-07-31T20:48:45Z,467,3,2,16,0,0,1,1,1,1785530616
2026-07-31T20:48:45Z,468,0,0,18,1,0,1,1,1,1785527178
2026-07-31T20:48:45Z,469,9,1,11,3,0,1,1,1,1785530901
2026-07-31T20:48:45Z,470,0,0,13,2,0,1,1,1,1785530765
2026-07-31T20:48:45Z,471,27,2,0,0,0,1,1,1,1785528650
2026-07-31T20:48:45Z,472,6,2,11,2,0,1,1,1,1785530854
2026-07-31T20:48:45Z,473,8,2,11,0,0,1,1,1,1785530764
2026-07-31T20:48:45Z,474,8,2,11,0,0,1,1,1,1785530919
2026-07-31T20:48:45Z,475,6,4,12,1,0,1,1,1,1785530509
2026-07-31T20:48:45Z,477,10,1,5,0,0,1,1,1,1785530702
2026-07-31T20:48:45Z,478,29,1,2,0,0,1,1,1,1785530921
2026-07-31T20:48:45Z,479,3,0,22,2,0,1,1,1,1785530831
2026-07-31T20:48:45Z,480,4,0,10,1,0,1,1,1,1785530202
2026-07-31T20:48:45Z,481,5,1,29,1,0,1,1,1,1785530891
2026-07-31T20:48:45Z,482,5,5,14,0,0,1,1,1,1785530649
2026-07-31T20:48:45Z,483,13,1,12,2,0,1,1,1,1785530811
2026-07-31T20:48:45Z,484,4,2,14,1,0,1,1,1,1785530683
2026-07-31T20:48:45Z,485,9,1,9,0,1,1,1,1,1785530845
2026-07-31T20:48:45Z,486,2,0,22,3,0,1,1,1,1785530767
2026-07-31T20:48:45Z,487,11,6,5,3,0,1,1,1,1785530741
2026-07-31T20:48:45Z,489,0,0,15,0,0,1,1,1,1785530188
2026-07-31T20:48:45Z,490,10,0,5,1,0,1,1,1,1785530579
2026-07-31T20:48:45Z,491,6,2,14,1,0,1,1,1,1785529828
2026-07-31T20:48:45Z,492,3,3,5,3,0,1,1,1,1785530917
2026-07-31T20:48:45Z,493,20,0,7,0,0,1,1,1,1785529596
2026-07-31T20:48:45Z,495,7,0,7,1,0,1,1,1,1785530497
2026-07-31T20:48:45Z,496,6,2,21,0,0,1,1,1,1785530827
2026-07-31T20:48:45Z,497,1,1,15,3,0,1,1,1,1785530871
2026-07-31T20:48:45Z,498,3,2,20,0,0,1,1,1,1785530538
2026-07-31T20:48:45Z,499,2,0,16,1,0,1,1,1,1785530814
2026-07-31T20:48:45Z,500,1,0,11,3,0,1,1,1,1785530637
2026-07-31T20:48:45Z,501,18,5,3,0,0,1,1,1,1785530417
2026-07-31T20:48:45Z,502,9,2,9,1,0,1,1,1,1785530507
2026-07-31T20:48:45Z,503,3,0,27,1,0,1,1,1,1785530734
2026-07-31T20:48:45Z,504,0,0,39,0,0,1,1,1,1785530471
2026-07-31T20:48:45Z,505,1,0,10,1,0,1,1,1,1785530484
2026-07-31T20:48:45Z,511,2,1,20,1,0,1,1,1,1785530673
2026-07-31T20:48:45Z,512,10,0,17,0,0,1,1,1,1785530707
2026-07-31T20:48:45Z,514,4,3,6,1,0,1,1,1,1785530770
2026-07-31T20:48:45Z,515,1,1,18,0,0,1,1,1,1785527371
2026-07-31T20:48:45Z,516,16,2,11,0,0,1,1,1,1785530774
2026-07-31T20:48:45Z,517,14,2,9,0,0,1,1,1,1785530806
2026-07-31T20:48:45Z,518,5,0,9,1,0,1,1,1,1785530533
2026-07-31T20:48:45Z,519,8,3,9,2,0,1,1,1,1785530872
2026-07-31T20:48:45Z,520,19,9,2,5,1,1,1,1,1785530921
2026-07-31T20:48:45Z,521,2,1,21,0,0,1,1,1,1785528757
2026-07-31T20:48:45Z,522,4,0,17,2,0,1,1,1,1785530726
2026-07-31T20:48:45Z,523,11,5,11,1,0,1,1,1,1785530824
2026-07-31T20:48:45Z,524,6,0,17,0,0,1,1,1,1785530921
2026-07-31T20:48:45Z,525,9,1,10,0,0,1,1,1,1785530852
2026-07-31T20:48:45Z,526,4,1,11,0,0,1,1,1,1785530751
2026-07-31T20:48:45Z,527,15,9,10,1,0,1,1,1,1785530884
2026-07-31T20:48:45Z,528,13,1,8,2,0,1,1,1,1785530728
2026-07-31T20:48:45Z,529,6,3,6,7,0,1,1,1,1785530918
2026-07-31T20:48:45Z,530,14,0,5,2,0,1,1,1,1785530921
2026-07-31T20:48:45Z,531,6,3,15,1,1,1,1,1,1785530918
2026-07-31T20:48:45Z,532,16,11,14,1,0,1,1,1,1785530857
2026-07-31T20:48:45Z,533,10,0,8,1,0,1,1,1,1785530473
2026-07-31T20:48:45Z,534,3,1,20,0,0,1,1,1,1785530641
2026-07-31T20:48:45Z,535,5,1,9,1,0,1,1,1,1785530713
2026-07-31T20:48:45Z,536,14,0,9,0,0,1,1,1,1785530697
2026-07-31T20:48:45Z,537,12,2,8,0,0,1,1,1,1785530879
2026-07-31T20:48:45Z,538,5,0,16,0,2,1,1,1,1785530794
2026-07-31T20:48:45Z,539,4,2,25,2,0,1,1,1,1785529474
2026-07-31T20:48:45Z,540,3,3,16,0,0,1,1,1,1785530791
2026-07-31T20:48:45Z,541,4,1,23,0,0,1,1,1,1785530852
2026-07-31T20:48:45Z,542,0,0,22,1,0,1,1,1,1785530316
2026-07-31T20:48:45Z,543,2,0,17,0,0,1,1,1,1785530615
2026-07-31T20:48:45Z,544,3,1,15,4,0,1,1,1,1785530818
2026-07-31T20:48:45Z,545,12,1,2,5,0,1,1,1,1785530906
2026-07-31T20:48:45Z,546,2,1,17,0,0,1,1,1,1785530920
2026-07-31T20:48:45Z,547,10,0,15,0,0,1,1,1,1785530722
2026-07-31T20:48:45Z,548,7,2,15,1,0,1,1,1,1785530025
2026-07-31T20:48:45Z,549,18,0,4,1,0,1,1,1,1785530621
2026-07-31T20:48:45Z,550,1,1,18,0,0,1,1,1,1785530863
2026-07-31T20:48:45Z,551,3,2,19,1,0,1,1,1,1785529811
2026-07-31T20:48:45Z,552,3,2,24,0,0,1,1,1,1785530348
2026-07-31T20:48:45Z,553,0,0,22,1,0,1,1,1,1785530716
2026-07-31T20:48:45Z,554,3,0,15,1,0,1,1,1,1785530528
2026-07-31T20:48:45Z,555,6,0,8,1,0,1,1,1,1785529728
2026-07-31T20:48:45Z,556,16,1,4,3,0,1,1,1,1785530920
2026-07-31T20:48:45Z,557,2,1,19,2,0,1,1,1,1785529295
2026-07-31T20:48:45Z,558,29,13,8,0,0,1,1,1,1785530903
2026-07-31T20:48:45Z,559,15,0,3,1,0,1,1,1,1785530818
2026-07-31T20:48:45Z,560,16,0,11,0,0,1,1,1,1785530855
2026-07-31T20:48:45Z,561,10,3,10,3,0,1,1,1,1785530685
2026-07-31T20:48:45Z,562,12,2,18,5,0,1,1,1,1785530166
2026-07-31T20:48:45Z,563,3,0,11,0,0,1,1,1,1785530138
2026-07-31T20:48:45Z,564,4,1,14,1,0,1,1,1,1785530567
2026-07-31T20:48:45Z,565,0,0,19,0,0,1,1,1,1785530263
2026-07-31T20:48:45Z,566,2,0,16,1,0,1,1,1,1785530901
2026-07-31T20:48:45Z,567,8,1,17,2,0,1,1,1,1785530800
2026-07-31T20:48:45Z,568,9,1,9,1,0,1,1,1,1785530639
2026-07-31T20:48:45Z,569,2,0,15,2,0,1,1,1,1785530340
2026-07-31T20:48:45Z,570,4,0,13,2,0,1,1,1,1785530782
2026-07-31T20:48:45Z,571,7,1,16,0,0,1,1,1,1785530745
2026-07-31T20:48:45Z,572,6,1,13,0,0,1,1,1,1785530721
2026-07-31T20:48:45Z,573,4,1,10,1,0,1,1,1,1785530871
2026-07-31T20:48:45Z,574,6,2,9,0,0,1,1,1,1785530877
2026-07-31T20:48:45Z,575,6,0,14,1,0,1,1,1,1785530688
2026-07-31T20:48:45Z,576,7,5,12,0,0,1,1,1,1785530872
2026-07-31T20:48:45Z,577,21,1,10,0,0,1,1,1,1785530748
2026-07-31T20:48:45Z,578,2,0,20,1,0,1,1,1,1785530290
2026-07-31T20:48:45Z,579,15,2,28,0,0,1,1,1,1785530906
2026-07-31T20:48:45Z,580,9,2,20,0,0,1,1,1,1785530784
2026-07-31T20:48:45Z,581,5,0,13,1,0,1,1,1,1785530825
2026-07-31T20:48:45Z,582,20,2,39,2,0,1,1,1,1785530805
2026-07-31T20:48:45Z,583,1,0,20,2,0,1,1,1,1785530823
2026-07-31T20:48:45Z,584,6,1,9,4,0,1,1,1,1785530785
2026-07-31T20:48:45Z,585,6,0,20,0,1,1,1,1,1785530684
2026-07-31T20:48:45Z,586,32,1,1,2,0,1,1,1,1785529699
2026-07-31T20:48:45Z,587,7,0,16,1,0,1,1,1,1785530856
2026-07-31T20:48:45Z,588,12,3,4,2,1,1,1,1,1785530775
2026-07-31T20:48:45Z,589,2,0,20,0,0,1,1,1,1785530045
2026-07-31T20:48:45Z,590,6,2,25,0,0,1,1,1,1785529792
2026-07-31T20:48:45Z,591,4,0,24,2,0,1,1,1,1785530724
2026-07-31T20:48:45Z,592,2,0,21,0,0,1,1,1,1785530504
2026-07-31T20:48:45Z,593,23,3,15,0,0,1,1,1,1785530522
2026-07-31T20:48:45Z,594,16,1,4,1,0,1,1,1,1785530499
2026-07-31T20:48:45Z,595,0,0,3,0,0,0,1,1,1784046673
2026-07-31T20:48:45Z,605,0,0,2,1,0,0,1,1,1783975843
2026-07-31T20:48:45Z,606,0,0,0,0,0,0,1,1,86400
2026-07-31T20:48:45Z,607,5,2,26,1,0,1,1,1,1785530647
2026-07-31T20:48:45Z,608,34,0,15,1,0,1,1,1,1785530889
2026-07-31T20:48:45Z,609,12,11,11,0,0,1,1,1,1785530811
2026-07-31T20:48:45Z,610,28,0,6,1,0,1,1,1,1785530833
2026-07-31T20:48:45Z,611,20,3,7,0,0,1,1,1,1785530889
2026-07-31T20:48:45Z,612,7,1,8,0,0,1,1,1,1785522916
2026-07-31T20:48:45Z,613,12,4,0,3,0,1,1,1,1785530289
2026-07-31T20:48:45Z,614,5,4,19,2,1,1,1,1,1785530721
2026-07-31T20:48:45Z,617,4,0,9,2,0,1,1,1,1785529940
2026-07-31T20:48:45Z,618,13,1,1,5,0,1,1,1,1785530762
2026-07-31T20:48:45Z,619,2,1,17,0,0,1,1,1,1785530920
2026-07-31T20:48:45Z,620,14,0,12,1,0,1,1,1,1785530847
2026-07-31T20:48:45Z,621,6,2,17,0,0,1,1,1,1785530651
2026-07-31T20:48:45Z,622,14,0,7,2,0,1,1,1,1785529232
2026-07-31T20:48:45Z,623,21,6,7,2,0,1,1,1,1785530424
2026-07-31T20:48:45Z,624,1,0,14,0,0,1,1,1,1785530670
2026-07-31T20:48:45Z,625,13,2,3,5,0,1,1,1,1785529679
2026-07-31T20:48:45Z,626,37,0,8,0,2,1,1,1,1785530891
2026-07-31T20:48:45Z,627,14,3,4,1,0,1,1,1,1785530759
2026-07-31T20:48:45Z,628,5,5,13,0,1,1,1,1,1785530612
2026-07-31T20:48:45Z,629,3,2,6,2,0,1,1,1,1785530669
2026-07-31T20:48:45Z,630,0,0,24,3,0,1,1,1,1785530771
2026-07-31T20:48:45Z,631,8,5,15,0,0,1,1,1,1785530767
2026-07-31T20:48:45Z,632,21,1,0,2,0,1,1,1,1785529840
2026-07-31T20:48:45Z,633,11,3,1,3,0,1,1,1,1785530006
2026-07-31T20:48:45Z,634,10,2,9,0,0,1,1,1,1785530339
2026-07-31T20:48:45Z,635,15,0,3,1,0,1,1,1,1785529451
2026-07-31T20:48:45Z,636,7,2,8,0,0,1,1,1,1785526430
2026-07-31T20:48:45Z,637,10,2,7,2,0,1,1,1,1785529194
2026-07-31T20:48:45Z,638,5,1,12,2,0,1,1,1,1785530068
2026-07-31T20:48:45Z,639,10,2,7,2,0,1,1,1,1785528930
2026-07-31T20:48:45Z,640,8,8,13,2,0,1,1,1,1785530839
2026-07-31T20:48:45Z,641,3,1,24,0,0,1,1,1,1785530906
2026-07-31T20:48:45Z,642,6,3,5,8,0,1,1,1,1785530918
2026-07-31T20:48:45Z,643,6,0,13,8,0,1,1,1,1785530917
2026-07-31T20:48:45Z,644,12,1,2,1,0,1,1,1,1785528211
2026-07-31T20:48:45Z,645,14,1,7,1,1,1,1,1,1785530008
2026-07-31T20:48:45Z,646,2,1,17,0,0,1,1,1,1785529856
2026-07-31T20:48:45Z,647,5,1,26,0,0,1,1,1,1785530889
2026-07-31T20:48:45Z,648,4,0,14,1,0,1,1,1,1785530595
2026-07-31T20:48:45Z,649,3,3,28,0,0,1,1,1,1785529688
2026-07-31T20:48:45Z,650,5,1,9,0,0,1,1,1,1785530080
2026-07-31T20:48:45Z,651,0,0,23,0,0,1,1,1,1785528763
2026-07-31T20:48:45Z,652,3,1,17,3,0,1,1,1,1785530918
2026-07-31T20:48:45Z,653,2,1,17,0,0,1,1,1,1785530185
2026-07-31T20:48:45Z,654,5,1,10,0,0,1,1,1,1785530878
2026-07-31T20:48:45Z,655,8,4,0,4,1,1,1,1,1785530669
2026-07-31T20:48:45Z,656,4,3,15,0,0,1,1,1,1785530757
2026-07-31T20:48:45Z,657,9,4,4,2,2,1,1,1,1785530767
2026-07-31T20:48:45Z,658,8,1,2,0,0,1,1,1,1785530465
2026-07-31T20:48:45Z,659,7,5,6,2,0,1,1,1,1785529408
2026-07-31T20:48:45Z,660,23,6,4,4,0,1,1,1,1785530757
2026-07-31T20:48:45Z,661,16,3,2,1,0,1,1,1,1785530920
2026-07-31T20:48:45Z,662,6,3,14,3,0,1,1,1,1785526394
2026-07-31T20:48:45Z,663,8,2,7,0,0,1,1,1,1785530874
2026-07-31T20:48:45Z,664,17,0,10,0,0,1,1,1,1785530909
2026-07-31T20:48:45Z,665,10,4,5,0,0,1,1,1,1785530607
2026-07-31T20:48:45Z,666,4,2,8,3,0,1,1,1,1785526234
2026-07-31T20:48:45Z,667,18,3,0,1,0,1,1,1,1785530547
2026-07-31T20:48:45Z,668,1,0,18,0,0,1,1,1,1785530737
2026-07-31T20:48:45Z,669,9,2,3,2,0,1,1,1,1785530874
2026-07-31T20:48:45Z,670,17,0,8,2,0,1,1,1,1785530520
2026-07-31T20:48:45Z,671,15,4,11,1,0,1,1,1,1785530765
2026-07-31T20:48:45Z,672,6,0,14,2,1,1,1,1,1785530899
2026-07-31T20:48:45Z,673,10,0,13,0,0,1,1,1,1785530579
2026-07-31T20:48:45Z,674,2,1,19,2,0,1,1,1,1785530781
2026-07-31T20:48:45Z,675,3,1,10,2,0,1,1,1,1785530691
2026-07-31T20:48:45Z,676,5,0,16,1,0,1,1,1,1785530765
2026-07-31T20:48:45Z,681,10,0,2,2,1,1,1,1,1785530902
2026-07-31T20:48:45Z,682,6,1,13,0,0,1,1,1,1785529048
2026-07-31T20:48:45Z,683,1,1,18,0,0,1,1,1,1785527602
2026-07-31T20:48:45Z,684,3,1,24,0,0,1,1,1,1785518528
2026-07-31T20:48:45Z,685,3,0,22,1,1,1,1,1,1785530437
2026-07-31T20:48:45Z,686,9,0,15,3,0,1,1,1,1785530826
2026-07-31T20:48:45Z,687,12,1,17,1,1,1,1,1,1785530852
2026-07-31T20:48:45Z,688,11,0,1,7,0,1,1,1,1785510286
2026-07-31T20:48:45Z,692,7,4,14,0,0,1,1,1,1785530634
2026-07-31T20:48:45Z,693,6,0,2,3,0,1,1,1,1785530631
2026-07-31T20:48:45Z,694,11,5,10,0,0,1,1,1,1785530488
2026-07-31T20:48:45Z,695,6,6,17,0,0,1,1,1,1785530851
2026-07-31T20:48:45Z,696,11,6,12,0,0,1,1,1,1785530636
2026-07-31T20:48:45Z,697,17,5,6,0,0,1,1,1,1785530838
2026-07-31T20:48:45Z,698,27,1,0,0,0,1,1,1,1785530810
2026-07-31T20:48:45Z,699,5,0,9,1,0,1,1,1,1785529200
2026-07-31T20:48:45Z,700,17,1,0,2,0,1,1,1,1785530623
2026-07-31T20:48:45Z,701,15,3,4,0,0,1,1,1,1785530896
2026-07-31T20:48:45Z,702,5,1,17,1,0,1,1,1,1785529757
2026-07-31T20:48:45Z,704,2,0,13,0,0,1,1,1,1785529976
2026-07-31T20:48:45Z,705,3,2,12,0,0,1,1,1,1785530239
2026-07-31T20:48:45Z,706,5,1,8,2,0,1,1,1,1785530683
2026-07-31T20:48:45Z,707,7,1,8,0,0,1,1,1,1785530733
2026-07-31T20:48:45Z,708,5,0,13,1,0,1,1,1,1785530893
2026-07-31T20:48:45Z,709,5,0,7,3,0,1,1,1,1785529873
2026-07-31T20:48:45Z,710,2,1,16,1,0,1,1,1,1785530660
2026-07-31T20:48:45Z,711,6,2,14,3,0,1,1,1,1785530757
2026-07-31T20:48:45Z,712,9,8,6,0,0,1,1,1,1785530688
2026-07-31T20:48:45Z,713,1,1,22,0,0,1,1,1,1785530716
2026-07-31T20:48:45Z,716,4,3,11,0,0,1,1,1,1785530919
2026-07-31T20:48:45Z,717,4,2,19,2,0,1,1,1,1785529894
2026-07-31T20:48:45Z,718,9,1,4,2,0,1,1,1,1785530841
2026-07-31T20:48:45Z,719,7,1,22,0,0,1,1,1,1785530233
2026-07-31T20:48:45Z,720,0,0,19,0,0,1,1,1,1785529375
2026-07-31T20:48:45Z,721,6,0,14,3,0,1,1,1,1785530573
2026-07-31T20:48:45Z,722,7,1,8,0,0,1,1,1,1785530155
2026-07-31T20:48:45Z,723,13,2,10,0,0,1,1,1,1785529350
2026-07-31T20:48:45Z,724,7,2,16,0,0,1,1,1,1785530394
2026-07-31T20:48:45Z,725,2,0,21,0,0,1,1,1,1785529990
2026-07-31T20:48:45Z,726,0,0,18,1,0,1,1,1,1785530644
2026-07-31T20:48:45Z,727,10,5,12,1,0,1,1,1,1785530215
2026-07-31T20:48:45Z,728,9,0,5,1,0,1,1,1,1785530116
2026-07-31T20:48:45Z,729,3,0,16,0,0,1,1,1,1785530821
2026-07-31T20:48:45Z,730,0,0,12,3,0,1,1,1,1785530277
2026-07-31T20:48:45Z,731,8,3,5,2,0,1,1,1,1785529414
2026-07-31T20:48:45Z,732,2,2,13,0,0,1,1,1,1785530434
2026-07-31T20:48:45Z,733,10,0,17,0,0,1,1,1,1785530902
2026-07-31T20:48:45Z,734,6,3,8,0,0,1,1,1,1785530328
2026-07-31T20:48:45Z,735,18,10,9,0,0,1,1,1,1785530865
2026-07-31T20:48:45Z,736,13,2,6,0,0,1,1,1,1785529848
2026-07-31T20:48:45Z,737,2,1,12,0,1,1,1,1,1785529894
2026-07-31T20:48:45Z,738,16,6,3,0,0,1,1,1,1785530169
2026-07-31T20:48:45Z,739,17,0,9,1,0,1,1,1,1785529591
2026-07-31T20:48:45Z,741,7,0,16,0,0,1,1,1,1785530706
2026-07-31T20:48:45Z,742,21,9,13,1,0,1,1,1,1785530914
2026-07-31T20:48:45Z,743,5,2,14,0,0,1,1,1,1785530530
2026-07-31T20:48:45Z,744,8,1,6,1,0,1,1,1,1785530780
2026-07-31T20:48:45Z,745,12,4,7,0,0,1,1,1,1785530137
2026-07-31T20:48:45Z,746,2,0,20,1,0,1,1,1,1785530156
2026-07-31T20:48:45Z,747,0,0,4,0,0,0,1,1,1783446606
2026-07-31T20:48:45Z,748,8,0,15,0,0,1,1,1,1785530779
2026-07-31T20:48:45Z,749,0,0,22,1,0,1,1,1,1785530911
2026-07-31T20:48:45Z,750,3,2,8,0,0,1,1,1,1785530657
2026-07-31T20:48:45Z,751,15,15,8,0,0,1,1,1,1785530873
2026-07-31T20:48:45Z,752,8,0,8,1,0,1,1,1,1785530849
2026-07-31T20:48:45Z,753,6,0,8,1,0,1,1,1,1785530497
2026-07-31T20:48:45Z,754,8,3,7,0,0,1,1,1,1785530590
2026-07-31T20:48:45Z,755,9,1,13,1,0,1,1,1,1785530864
2026-07-31T20:48:45Z,756,14,14,22,1,0,1,1,1,1785530621
2026-07-31T20:48:45Z,757,3,3,16,0,0,1,1,1,1785530914
2026-07-31T20:48:45Z,758,1,0,22,0,0,1,1,1,1785530790
2026-07-31T20:48:45Z,759,0,0,0,0,0,1,1,1,86400
2026-07-31T20:48:45Z,760,10,3,9,0,0,1,1,1,1785529267
2026-07-31T20:48:45Z,761,9,3,13,1,0,1,1,1,1785530622
2026-07-31T20:48:45Z,762,4,2,6,5,0,1,1,1,1785530163
2026-07-31T20:48:45Z,768,7,0,8,4,0,1,1,1,1785530413
2026-07-31T20:48:45Z,769,11,10,6,2,0,1,1,1,1785530818
2026-07-31T20:48:45Z,770,6,2,11,2,0,1,1,1,1785529936
2026-07-31T20:48:45Z,771,11,1,3,1,0,1,1,1,1785529384
2026-07-31T20:48:45Z,772,1,0,14,0,0,1,1,1,1785530693
2026-07-31T20:48:45Z,773,17,4,2,0,0,1,1,1,1785530725
2026-07-31T20:48:45Z,774,8,1,3,4,0,1,1,1,1785529714
2026-07-31T20:48:45Z,775,6,1,11,1,1,1,1,1,1785529386
2026-07-31T20:48:45Z,776,2,1,18,1,0,1,1,1,1785530204
2026-07-31T20:48:45Z,777,11,2,4,0,0,1,1,1,1785530575
2026-07-31T20:48:45Z,778,11,0,4,4,0,1,1,1,1785529834
2026-07-31T20:48:45Z,779,6,0,12,1,0,1,1,1,1785530910
2026-07-31T20:48:45Z,780,3,1,16,0,0,1,1,1,1785530868
2026-07-31T20:48:45Z,781,2,1,7,2,0,1,1,1,1785530541
2026-07-31T20:48:45Z,782,0,0,15,4,0,1,1,1,1785529703
2026-07-31T20:48:45Z,783,9,2,10,0,0,1,1,1,1785530682
2026-07-31T20:48:45Z,784,1,0,18,0,0,1,1,1,1785530301
2026-07-31T20:48:45Z,785,11,2,3,5,0,1,1,1,1785530907
2026-07-31T20:48:45Z,786,10,5,9,0,0,1,1,1,1785530567
2026-07-31T20:48:45Z,787,5,3,9,1,0,1,1,1,1785530134
2026-07-31T20:48:45Z,788,5,1,10,0,0,1,1,1,1785530739
2026-07-31T20:48:45Z,789,8,2,3,4,0,1,1,1,1785529823
2026-07-31T20:48:45Z,790,2,0,21,0,0,1,1,1,1785530067
2026-07-31T20:48:45Z,791,11,0,7,0,1,1,1,1,1785530527
2026-07-31T20:48:45Z,793,4,0,10,1,0,1,1,1,1785530676
2026-07-31T20:48:45Z,794,12,1,15,2,0,1,1,1,1785530920
2026-07-31T20:48:45Z,796,5,3,13,1,0,1,1,1,1785530646
2026-07-31T20:48:45Z,797,5,2,10,0,0,1,1,1,1785530889
2026-07-31T20:48:45Z,798,18,0,6,1,0,1,1,1,1785530455
2026-07-31T20:48:45Z,799,12,2,3,4,0,1,1,1,1785530630
2026-07-31T20:48:45Z,800,0,0,20,1,0,1,1,1,1785530845
2026-07-31T20:48:45Z,801,5,2,14,2,0,1,1,1,1785530548
2026-07-31T20:48:45Z,802,8,0,23,0,0,1,1,1,1785529791
2026-07-31T20:48:45Z,803,1,0,14,0,0,1,1,1,1785530382
2026-07-31T20:48:45Z,806,0,0,14,1,0,1,1,1,1785530851
2026-07-31T20:48:45Z,807,9,5,13,3,0,1,1,1,1785530627
2026-07-31T20:48:45Z,808,17,7,6,2,0,1,1,1,1785529738
2026-07-31T20:48:45Z,809,4,1,18,1,0,1,1,1,1785529569
2026-07-31T20:48:45Z,810,4,2,13,2,0,1,1,1,1785529938
2026-07-31T20:48:45Z,815,2,1,7,5,1,1,1,1,1785530626
2026-07-31T20:48:45Z,817,15,8,0,0,0,1,1,1,1785530671
2026-07-31T20:48:45Z,818,6,2,17,0,0,1,1,1,1785530398
2026-07-31T20:48:45Z,819,10,4,5,0,0,1,1,1,1785525935
2026-07-31T20:48:45Z,820,9,0,8,0,0,1,1,1,1785530703
2026-07-31T20:48:45Z,821,3,2,12,0,0,1,1,1,1785529653
2026-07-31T20:48:45Z,822,18,3,3,2,0,1,1,1,1785530686
2026-07-31T20:48:45Z,823,15,1,0,0,0,1,1,1,1785530858
2026-07-31T20:48:45Z,824,0,0,18,1,0,1,1,1,1785530822
2026-07-31T20:48:45Z,825,5,4,10,0,0,1,1,1,1785530396
2026-07-31T20:48:45Z,826,8,1,9,2,0,1,1,1,1785530854
2026-07-31T20:48:45Z,827,18,2,1,2,0,1,1,1,1785530638
2026-07-31T20:48:45Z,828,11,1,5,2,0,1,1,1,1785529913
2026-07-31T20:48:45Z,829,17,6,10,0,0,1,1,1,1785530843
2026-07-31T20:48:45Z,830,17,0,5,1,0,1,1,1,1785530317
2026-07-31T20:48:45Z,831,6,3,7,2,0,1,1,1,1785530901
2026-07-31T20:48:45Z,832,8,3,7,3,0,1,1,1,1785530708
2026-07-31T20:48:45Z,833,1,1,17,1,0,1,1,1,1785530821
2026-07-31T20:48:45Z,834,18,1,4,2,0,1,1,1,1785530918
2026-07-31T20:48:45Z,835,2,0,15,1,0,1,1,1,1785530555
2026-07-31T20:48:45Z,838,3,1,10,2,0,1,1,1,1785530192
2026-07-31T20:48:45Z,839,12,0,16,1,0,1,1,1,1785530915
2026-07-31T20:48:45Z,840,0,0,28,1,0,1,1,1,1785530448
2026-07-31T20:48:45Z,841,7,1,8,0,0,1,1,1,1785530887
2026-07-31T20:48:45Z,842,2,0,21,0,0,1,1,1,1785530808
2026-07-31T20:48:45Z,843,14,2,17,0,0,1,1,1,1785529465
2026-07-31T20:48:45Z,844,6,0,17,0,0,1,1,1,1785529973
2026-07-31T20:48:45Z,845,4,3,13,2,0,1,1,1,1785529339
2026-07-31T20:48:45Z,846,3,1,15,1,0,1,1,1,1785530291
2026-07-31T20:48:45Z,847,6,1,20,1,0,1,1,1,1785530538
2026-07-31T20:48:45Z,848,2,1,16,1,0,1,1,1,1785530256
2026-07-31T20:48:45Z,849,9,0,5,1,0,1,1,1,1785530104
2026-07-31T20:48:45Z,850,4,0,7,0,0,1,1,1,1785530409
2026-07-31T20:48:45Z,851,4,3,30,3,0,1,1,1,1785530903
2026-07-31T20:48:45Z,852,9,3,10,0,0,1,1,1,1785530836
2026-07-31T20:48:45Z,853,11,5,12,0,0,1,1,1,1785530607
2026-07-31T20:48:45Z,854,2,1,13,0,0,1,1,1,1785529956
2026-07-31T20:48:45Z,855,26,0,1,0,0,1,1,1,1785529894
2026-07-31T20:48:45Z,857,6,4,11,2,0,1,1,1,1785529611
2026-07-31T20:48:45Z,858,5,2,13,1,0,1,1,1,1785529742
2026-07-31T20:48:45Z,859,8,0,12,1,0,1,1,1,1785529918
2026-07-31T20:48:45Z,861,6,0,4,1,0,1,1,1,1785528609
2026-07-31T20:48:45Z,862,4,2,11,0,0,1,1,1,1785529117
2026-07-31T20:48:45Z,863,13,0,5,1,0,1,1,1,1785529013
2026-07-31T20:48:45Z,866,12,3,7,0,0,1,1,1,1785529493
2026-07-31T20:48:45Z,867,14,2,1,0,0,1,1,1,1785530532
2026-07-31T20:48:45Z,868,7,0,8,0,0,1,1,1,1785530783
2026-07-31T20:48:45Z,870,9,5,6,0,0,1,1,1,1785529196
2026-07-31T20:48:45Z,871,0,0,10,1,0,1,1,1,1785530338
2026-07-31T20:48:45Z,872,0,0,14,1,0,1,1,1,1785530918
2026-07-31T20:48:45Z,873,10,0,22,1,0,1,1,1,1785530829
2026-07-31T20:48:45Z,874,3,0,9,3,0,1,1,1,1785530708
2026-07-31T20:48:45Z,875,13,9,1,1,0,1,1,1,1785530816
2026-07-31T20:48:45Z,877,13,12,6,0,0,1,1,1,1785530606
2026-07-31T20:48:45Z,878,3,3,16,0,0,1,1,1,1785529363
2026-07-31T20:48:45Z,879,1,0,18,0,0,1,1,1,1785530212
2026-07-31T20:48:45Z,880,1,0,21,1,0,1,1,1,1785530278
2026-07-31T20:48:45Z,881,3,0,16,0,0,1,1,1,1785530028
2026-07-31T20:48:45Z,882,9,4,9,1,0,1,1,1,1785513298
2026-07-31T20:48:45Z,883,4,0,15,0,0,1,1,1,1785530830
2026-07-31T20:48:45Z,884,10,6,11,0,0,1,1,1,1785530626
2026-07-31T20:48:45Z,885,0,0,19,0,0,1,1,1,1785530842
2026-07-31T20:48:45Z,886,9,1,19,1,0,1,1,1,1785530921
2026-07-31T20:48:45Z,887,8,3,6,3,0,1,1,1,1785530323
2026-07-31T20:48:45Z,888,14,1,25,1,1,1,1,1,1785530884
2026-07-31T20:48:45Z,889,4,0,13,2,0,1,1,1,1785530771
2026-07-31T20:48:45Z,890,8,4,7,0,0,1,1,1,1785527402
2026-07-31T20:48:45Z,891,22,0,1,0,0,1,1,1,1785530389
2026-07-31T20:48:45Z,892,10,1,5,0,0,1,1,1,1785530455
2026-07-31T20:48:45Z,895,3,0,16,0,0,1,1,1,1785527858
2026-07-31T20:48:45Z,896,9,2,26,0,0,1,1,1,1785529854
2026-07-31T20:48:45Z,897,12,1,9,0,0,1,1,1,1785529260
2026-07-31T20:48:45Z,898,2,0,17,0,0,1,1,1,1785530831
2026-07-31T20:48:45Z,899,1,0,17,1,0,1,1,1,1785530626
2026-07-31T20:48:45Z,900,3,1,24,0,0,1,1,1,1785530904
2026-07-31T20:48:45Z,901,2,0,16,1,0,1,1,1,1785530853
2026-07-31T20:48:45Z,902,6,1,9,0,0,1,1,1,1785530662
2026-07-31T20:48:45Z,903,6,2,12,1,0,1,1,1,1785530234
2026-07-31T20:48:45Z,904,10,4,8,1,0,1,1,1,1785529862
2026-07-31T20:48:45Z,905,9,2,17,1,0,1,1,1,1785530628
2026-07-31T20:48:45Z,906,20,8,6,1,0,1,1,1,1785530250
2026-07-31T20:48:45Z,907,9,0,22,0,0,1,1,1,1785530797
2026-07-31T20:48:45Z,908,9,1,14,0,0,1,1,1,1785530571
2026-07-31T20:48:45Z,909,7,5,16,0,0,1,1,1,1785530876
2026-07-31T20:48:45Z,910,6,1,23,2,0,1,1,1,1785530903
2026-07-31T20:48:45Z,911,4,1,15,0,0,1,1,1,1785530691
2026-07-31T20:48:45Z,912,5,0,17,1,0,1,1,1,1785530898
2026-07-31T20:48:45Z,913,7,4,12,0,0,1,1,1,1785529872
2026-07-31T20:48:45Z,914,15,0,4,0,0,1,1,1,1785530917
2026-07-31T20:48:45Z,915,14,1,7,2,0,1,1,1,1785529834
2026-07-31T20:48:45Z,916,6,3,17,0,0,1,1,1,1785530918
2026-07-31T20:48:45Z,917,12,0,22,1,0,1,1,1,1785530631
2026-07-31T20:48:45Z,918,7,0,10,2,0,1,1,1,1785530916
2026-07-31T20:48:45Z,919,13,1,25,1,0,1,1,1,1785530911
2026-07-31T20:48:45Z,920,7,2,12,0,0,1,1,1,1785529655
2026-07-31T20:48:45Z,921,14,1,7,0,0,1,1,1,1785530908
2026-07-31T20:48:45Z,922,2,1,19,0,0,1,1,1,1785530051
2026-07-31T20:48:45Z,923,0,0,19,0,0,1,1,1,1785530706
2026-07-31T20:48:45Z,924,7,0,13,1,0,1,1,1,1785530870
2026-07-31T20:48:45Z,925,11,0,10,0,0,1,1,1,1785529549
2026-07-31T20:48:45Z,926,1,0,20,0,0,1,1,1,1785529631
2026-07-31T20:48:45Z,927,29,1,5,1,0,1,1,1,1785530707
2026-07-31T20:48:45Z,928,0,0,19,0,0,0,1,1,1785500252
2026-07-31T20:48:45Z,929,14,0,9,0,0,1,1,1,1785530909
2026-07-31T20:48:45Z,930,8,0,22,1,0,1,1,1,1785530761
2026-07-31T20:48:45Z,931,12,3,10,1,0,1,1,1,1785530862
2026-07-31T20:48:45Z,932,1,0,16,2,0,1,1,1,1785530910
2026-07-31T20:48:45Z,933,18,2,4,1,0,1,1,1,1785530915
2026-07-31T20:48:45Z,934,23,1,7,1,0,1,1,1,1785530893
2026-07-31T20:48:45Z,935,6,0,12,1,0,1,1,1,1785530890
2026-07-31T20:48:45Z,936,10,0,9,0,0,1,1,1,1785530779
2026-07-31T20:48:45Z,940,2,1,8,1,0,1,1,1,1785530273
2026-07-31T20:48:45Z,941,15,0,7,3,0,1,1,1,1785530446
2026-07-31T20:48:45Z,942,16,1,5,0,0,1,1,1,1785530885
2026-07-31T20:48:45Z,943,8,8,7,0,0,1,1,1,1785529190
2026-07-31T20:48:45Z,944,10,8,5,0,0,1,1,1,1785530848
2026-07-31T20:48:45Z,945,10,8,5,0,0,1,1,1,1785530372
2026-07-31T20:48:45Z,946,7,5,12,0,0,1,1,1,1785523835
2026-07-31T20:48:45Z,947,7,5,10,0,0,1,1,1,1785530869
2026-07-31T20:48:45Z,948,12,11,16,3,0,1,1,1,1785530477
2026-07-31T20:48:45Z,949,1,1,13,1,0,1,1,1,1785530884
2026-07-31T20:48:45Z,950,4,0,11,2,0,1,1,1,1785530861
2026-07-31T20:48:45Z,951,18,5,5,0,0,1,1,1,1785530558
2026-07-31T20:48:45Z,952,19,0,34,2,0,1,1,1,1785530922
2026-07-31T20:48:45Z,953,2,0,12,1,0,1,1,1,1785530127
2026-07-31T20:48:45Z,954,6,0,13,0,0,1,1,1,1785530879
2026-07-31T20:48:45Z,955,6,2,14,7,0,1,1,1,1785530675
2026-07-31T20:48:45Z,956,4,0,18,1,0,1,1,1,1785530728
2026-07-31T20:48:45Z,957,11,0,18,0,0,1,1,1,1785530918
2026-07-31T20:48:45Z,958,26,0,3,2,0,1,1,1,1785530921
2026-07-31T20:48:45Z,959,0,0,22,1,0,1,1,1,1785530819
2026-07-31T20:48:45Z,960,4,1,18,1,0,1,1,1,1785530738
2026-07-31T20:48:45Z,961,3,0,17,3,0,1,1,1,1785530895
2026-07-31T20:48:45Z,962,8,3,24,3,0,1,1,1,1785530213
2026-07-31T20:48:45Z,963,3,0,19,1,0,1,1,1,1785530917
2026-07-31T20:48:45Z,964,9,8,14,0,0,1,1,1,1785530849
2026-07-31T20:48:45Z,965,12,6,14,1,0,1,1,1,1785530908
2026-07-31T20:48:45Z,966,10,0,20,1,0,1,1,1,1785530866
2026-07-31T20:48:45Z,967,9,0,10,2,0,1,1,1,1785530794
2026-07-31T20:48:45Z,968,13,0,5,1,0,1,1,1,1785530885
2026-07-31T20:48:45Z,969,0,0,25,2,0,1,1,1,1785529971
2026-07-31T20:48:45Z,970,3,2,15,1,0,1,1,1,1785530830
2026-07-31T20:48:45Z,971,2,0,20,1,0,1,1,1,1785529954
2026-07-31T20:48:45Z,972,12,4,10,1,0,1,1,1,1785530884
2026-07-31T20:48:45Z,973,6,0,16,1,0,1,1,1,1785530742
2026-07-31T20:48:45Z,974,12,0,14,1,0,1,1,1,1785530750
2026-07-31T20:48:45Z,977,3,0,16,2,0,1,1,1,1785529607
2026-07-31T20:48:45Z,978,20,0,3,0,0,1,1,1,1785530780
2026-07-31T20:48:45Z,979,6,2,11,0,0,1,1,1,1785530266
2026-07-31T20:48:45Z,980,10,2,10,1,0,1,1,1,1785530801
2026-07-31T20:48:45Z,981,4,0,17,0,0,1,1,1,1785530872
2026-07-31T20:48:45Z,982,4,1,14,1,0,1,1,1,1785530922
2026-07-31T20:48:45Z,983,4,3,19,0,0,1,1,1,1785529571
2026-07-31T20:48:45Z,984,7,0,16,0,0,1,1,1,1785530718
2026-07-31T20:48:45Z,985,6,2,25,0,0,1,1,1,1785530920
2026-07-31T20:48:45Z,986,3,0,16,0,0,1,1,1,1785529110
2026-07-31T20:48:45Z,987,6,0,17,0,0,1,1,1,1785529686
2026-07-31T20:48:45Z,988,8,4,11,0,0,1,1,1,1785529281
2026-07-31T20:48:45Z,989,6,3,13,0,0,1,1,1,1785530219
2026-07-31T20:48:45Z,990,12,0,2,1,0,1,1,1,1785529278
2026-07-31T20:48:45Z,991,9,0,9,1,0,1,1,1,1785530831
2026-07-31T20:48:45Z,992,9,5,14,0,0,1,1,1,1785529901
2026-07-31T20:48:45Z,993,6,5,20,1,0,1,1,1,1785530731
2026-07-31T20:48:45Z,994,0,0,21,0,0,1,1,1,1785530145
2026-07-31T20:48:45Z,995,6,0,21,0,0,1,1,1,1785529353
2026-07-31T20:48:45Z,996,8,2,15,0,0,1,1,1,1785529187
2026-07-31T20:48:45Z,997,5,4,6,9,3,1,1,1,1785530101
2026-07-31T20:48:45Z,998,5,4,18,0,0,1,1,1,1785529445
2026-07-31T20:48:45Z,999,4,1,15,1,1,1,1,1,1785529154
2026-07-31T20:48:45Z,1000,1,0,20,0,0,1,1,1,1785529990
2026-07-31T20:48:45Z,1001,5,3,22,0,0,1,1,1,1785530692
2026-07-31T20:48:45Z,1002,1,1,29,1,0,1,1,1,1785530682
2026-07-31T20:48:45Z,1003,1,0,22,0,0,1,1,1,1785530900
2026-07-31T20:48:45Z,1004,9,2,14,0,0,1,1,1,1785530383
2026-07-31T20:48:45Z,1005,20,1,3,0,0,1,1,1,1785529273
2026-07-31T20:48:45Z,1006,7,4,12,0,0,1,1,1,1785530897
2026-07-31T20:48:45Z,1007,1,1,20,0,0,1,1,1,1785530541
2026-07-31T20:48:45Z,1008,8,7,15,0,0,1,1,1,1785530077
2026-07-31T20:48:45Z,1009,22,5,8,1,0,1,1,1,1785529989
2026-07-31T20:48:45Z,1010,8,2,19,0,0,1,1,1,1785530801
2026-07-31T20:48:45Z,1011,7,2,10,2,0,1,1,1,1785529452
2026-07-31T20:48:45Z,1012,5,3,16,2,0,1,1,1,1785530862
2026-07-31T20:48:45Z,1013,4,1,18,1,0,1,1,1,1785529606
2026-07-31T20:48:45Z,1014,9,4,14,0,0,1,1,1,1785529570
2026-07-31T20:48:45Z,1015,4,3,26,1,0,1,1,1,1785529912
2026-07-31T20:48:45Z,1016,10,5,21,0,0,1,1,1,1785530811
2026-07-31T20:48:45Z,1017,13,5,8,0,0,1,1,1,1785530254
2026-07-31T20:48:45Z,1018,7,3,15,0,0,1,1,1,1785529124
2026-07-31T20:48:45Z,1019,8,5,7,0,0,1,1,1,1785530808
2026-07-31T20:48:45Z,1020,19,5,2,0,0,1,1,1,1785530120
2026-07-31T20:48:45Z,1021,9,4,6,0,0,1,1,1,1785529796
2026-07-31T20:48:45Z,1022,14,0,13,0,0,1,1,1,1785529254
2026-07-31T20:48:45Z,1023,14,2,9,0,0,1,1,1,1785530695
2026-07-31T20:48:45Z,1024,4,2,15,0,0,1,1,1,1785529846
2026-07-31T20:48:45Z,1025,4,0,14,0,1,1,1,1,1785529234
2026-07-31T20:48:45Z,1026,12,9,18,1,0,1,1,1,1785530435
2026-07-31T20:48:45Z,1028,3,1,20,0,0,1,1,1,1785529219
2026-07-31T20:48:45Z,1029,12,10,3,0,0,1,1,1,1785530103
2026-07-31T20:48:45Z,1030,13,4,10,0,0,1,1,1,1785529914
2026-07-31T20:48:45Z,1031,9,1,10,0,0,1,1,1,1785530224
2026-07-31T20:48:45Z,1032,7,1,12,0,0,1,1,1,1785530895
2026-07-31T20:48:45Z,1033,9,5,10,0,0,1,1,1,1785529903
2026-07-31T20:48:45Z,1034,3,0,12,0,0,1,1,1,1785530877
2026-07-31T20:48:45Z,1035,1,0,17,1,0,1,1,1,1785530904
2026-07-31T20:48:45Z,1036,12,0,3,0,0,1,1,1,1785529642
2026-07-31T20:48:45Z,1037,1,0,17,1,0,1,1,1,1785530579
2026-07-31T20:48:45Z,1038,1,0,14,0,0,1,1,1,1785530567
2026-07-31T20:48:45Z,1039,7,1,12,0,0,1,1,1,1785529583
2026-07-31T20:48:45Z,1040,7,5,12,0,0,1,1,1,1785529879
2026-07-31T20:48:45Z,1041,10,2,9,0,0,1,1,1,1785530815
2026-07-31T20:48:45Z,1042,2,0,12,1,0,1,1,1,1785530900
2026-07-31T20:48:45Z,1043,10,5,8,1,0,1,1,1,1785529159
2026-07-31T20:48:45Z,1044,2,1,13,0,0,1,1,1,1785530622
2026-07-31T20:48:45Z,1045,9,0,10,0,0,1,1,1,1785530878
2026-07-31T20:48:45Z,1046,9,0,6,0,0,1,1,1,1785530247
2026-07-31T20:48:45Z,1047,4,0,17,0,0,1,1,1,1785529849
2026-07-31T20:48:45Z,1048,1,0,18,0,0,1,1,1,1785530857
2026-07-31T20:48:45Z,1049,0,0,21,0,0,1,1,1,1785529145
2026-07-31T20:48:45Z,1050,18,5,3,0,0,1,1,1,1785530507
2026-07-31T20:48:45Z,1051,8,3,13,0,0,1,1,1,1785530117
2026-07-31T20:48:45Z,1052,16,1,5,1,0,1,1,1,1785530753
2026-07-31T20:48:45Z,1053,3,2,12,0,0,1,1,1,1785530757
2026-07-31T20:48:45Z,1054,5,1,10,0,0,1,1,1,1785529193
2026-07-31T20:48:45Z,1055,9,2,10,0,0,1,1,1,1785529211
2026-07-31T20:48:45Z,1057,11,3,8,0,0,1,1,1,1785530894
2026-07-31T20:48:45Z,1058,9,0,45,2,0,1,1,1,1785530744
2026-07-31T20:48:45Z,1059,1,1,17,1,0,1,1,1,1785530881
2026-07-31T20:48:45Z,1060,18,0,19,0,0,1,1,1,1785530775
2026-07-31T20:48:45Z,1061,23,0,14,0,0,1,1,1,1785530293
2026-07-31T20:48:45Z,1062,9,1,8,0,0,1,1,1,1785530552
2026-07-31T20:48:45Z,1063,12,1,6,1,0,1,1,1,1785529122
2026-07-31T20:48:45Z,1064,3,0,19,1,0,1,1,1,1785529487
2026-07-31T20:48:45Z,1065,16,3,7,0,0,1,1,1,1785529733
2026-07-31T20:48:45Z,1066,12,2,11,0,0,1,1,1,1785529553
2026-07-31T20:48:45Z,1067,8,2,13,2,0,1,1,1,1785529829
2026-07-31T20:48:45Z,1068,5,2,15,3,0,1,1,1,1785529362
2026-07-31T20:48:45Z,1069,12,3,11,0,0,1,1,1,1785529367
2026-07-31T20:48:45Z,1070,12,2,11,0,0,1,1,1,1785529467
2026-07-31T20:48:45Z,1071,8,4,15,0,0,1,1,1,1785529505
2026-07-31T20:48:45Z,1072,11,1,11,1,0,1,1,1,1785529916
2026-07-31T20:48:45Z,1073,5,0,21,1,0,1,1,1,1785530703
2026-07-31T20:48:45Z,1074,38,5,12,3,0,1,1,1,1785530872
2026-07-31T20:48:45Z,1075,8,8,13,0,0,1,1,1,1785530215
2026-07-31T20:48:45Z,1076,17,14,4,0,0,1,1,1,1785530138
2026-07-31T20:48:45Z,1077,11,7,9,1,0,1,1,1,1785529779
2026-07-31T20:48:45Z,1078,10,9,11,0,0,1,1,1,1785530173
2026-07-31T20:48:45Z,1079,12,8,9,0,0,1,1,1,1785530793
2026-07-31T20:48:45Z,1080,10,7,9,2,0,1,1,1,1785530722
2026-07-31T20:48:45Z,1081,13,7,6,0,0,1,1,1,1785530350
2026-07-31T20:48:45Z,1082,12,11,11,0,0,1,1,1,1785530798
2026-07-31T20:48:45Z,1083,14,12,7,0,0,1,1,1,1785529246
2026-07-31T20:48:45Z,1084,10,8,11,0,0,1,1,1,1785530680
2026-07-31T20:48:45Z,1085,12,9,9,0,0,1,1,1,1785530645
2026-07-31T20:48:45Z,1086,13,10,7,1,0,1,1,1,1785530504
2026-07-31T20:48:45Z,1087,6,6,9,0,0,1,1,1,1785530162
2026-07-31T20:48:45Z,1088,10,7,5,0,0,1,1,1,1785529123
2026-07-31T20:48:45Z,1089,7,3,8,0,0,1,1,1,1785529453
2026-07-31T20:48:45Z,1090,7,6,8,0,0,1,1,1,1785529874
2026-07-31T20:48:45Z,1091,7,5,8,0,0,1,1,1,1785530074
2026-07-31T20:48:45Z,1092,10,9,5,0,0,1,1,1,1785529456
2026-07-31T20:48:45Z,1093,5,5,9,1,0,1,1,1,1785530151
2026-07-31T20:48:45Z,1094,10,9,9,0,0,1,1,1,1785530889
2026-07-31T20:48:45Z,1095,9,8,6,0,0,1,1,1,1785530866
2026-07-31T20:48:45Z,1096,10,8,8,1,0,1,1,1,1785529448
2026-07-31T20:48:45Z,1097,8,8,7,0,0,1,1,1,1785529643
2026-07-31T20:48:45Z,1098,9,7,10,0,0,1,1,1,1785530494
2026-07-31T20:48:45Z,1099,7,6,8,0,0,1,1,1,1785530724
2026-07-31T20:48:45Z,1100,5,3,23,1,0,1,1,1,1785530760
2026-07-31T20:48:45Z,1101,10,5,11,0,0,1,1,1,1785530650
2026-07-31T20:48:45Z,1102,9,4,4,0,0,1,1,1,1785529855
2026-07-31T20:48:45Z,1103,11,5,10,0,0,1,1,1,1785503681
2026-07-31T20:48:45Z,1104,11,6,10,0,0,1,1,1,1785530400
2026-07-31T20:48:45Z,1105,8,4,5,0,0,1,1,1,1785529738
2026-07-31T20:48:45Z,1106,10,5,11,0,0,1,1,1,1785530741
2026-07-31T20:48:45Z,1107,9,5,6,0,0,1,1,1,1785529173
2026-07-31T20:48:45Z,1108,7,3,16,3,1,1,1,1,1785529885
2026-07-31T20:48:45Z,1109,8,4,7,0,0,1,1,1,1785529116
2026-07-31T20:48:45Z,1110,12,4,9,0,0,1,1,1,1785530264
2026-07-31T20:48:45Z,1111,11,6,9,1,0,1,1,1,1785529682
2026-07-31T20:48:45Z,1112,24,0,29,0,0,1,1,1,1785530824
2026-07-31T20:48:45Z,1113,1,0,20,0,0,1,1,1,1785530794
2026-07-31T20:48:45Z,1115,13,2,6,4,0,1,1,1,1785529647
2026-07-31T20:48:45Z,1116,2,0,17,0,0,1,1,1,1785530915
2026-07-31T20:48:45Z,1117,2,0,19,2,0,1,1,1,1785530762
2026-07-31T20:48:45Z,1118,11,1,10,0,0,1,1,1,1785530218
2026-07-31T20:48:45Z,1119,8,0,9,0,0,1,1,1,1785530093
2026-07-31T20:48:45Z,1120,7,0,11,1,0,1,1,1,1785529506
2026-07-31T20:48:45Z,1121,4,0,16,1,0,1,1,1,1785530857
2026-07-31T20:48:45Z,1122,4,1,16,1,0,1,1,1,1785530694
2026-07-31T20:48:45Z,1123,10,7,11,2,0,1,1,1,1785530884
2026-07-31T20:48:45Z,1124,1,0,11,3,0,1,1,1,1785530807
2026-07-31T20:48:45Z,1125,17,1,6,0,0,1,1,1,1785529470
2026-07-31T20:48:45Z,1126,9,0,12,0,0,1,1,1,1785530229
2026-07-31T20:48:45Z,1127,4,1,15,0,0,1,1,1,1785530532
2026-07-31T20:48:45Z,1128,1,0,14,0,0,1,1,1,1785530884
2026-07-31T20:48:45Z,1129,3,1,17,1,0,1,1,1,1785530623
2026-07-31T20:48:45Z,1130,6,1,9,0,0,1,1,1,1785530886
2026-07-31T20:48:45Z,1131,3,3,45,1,0,1,1,1,1785530847
2026-07-31T20:48:45Z,1132,10,4,10,1,0,1,1,1,1785530564
2026-07-31T20:48:45Z,1133,9,5,8,4,0,1,1,1,1785530858
2026-07-31T20:48:45Z,1134,11,5,8,0,0,1,1,1,1785529610
2026-07-31T20:48:45Z,1135,12,6,9,0,0,1,1,1,1785530545
2026-07-31T20:48:45Z,1136,14,0,9,0,0,1,1,1,1785530640
2026-07-31T20:48:45Z,1137,13,0,2,0,0,1,1,1,1785530801
2026-07-31T20:48:45Z,1138,3,0,16,0,0,1,1,1,1785530831
2026-07-31T20:48:45Z,1139,13,2,6,2,0,1,1,1,1785530823
2026-07-31T20:48:45Z,1140,5,1,16,2,0,1,1,1,1785530722
2026-07-31T20:48:45Z,1141,12,6,9,0,0,1,1,1,1785530758
2026-07-31T20:48:45Z,1142,0,0,21,0,0,1,1,1,1785529739
2026-07-31T20:48:45Z,1143,19,1,10,0,0,1,1,1,1785530776
2026-07-31T20:48:45Z,1144,7,0,13,1,0,1,1,1,1785530403
2026-07-31T20:48:45Z,1145,11,5,9,1,0,1,1,1,1785529506
2026-07-31T20:48:45Z,1146,15,13,2,2,0,1,1,1,1785530821
2026-07-31T20:48:45Z,1147,15,1,4,0,0,1,1,1,1785530834
2026-07-31T20:48:45Z,1148,6,1,25,0,0,1,1,1,1785530886
2026-07-31T20:48:45Z,1149,5,4,16,4,0,1,1,1,1785530628
2026-07-31T20:48:45Z,1150,9,0,10,0,0,1,1,1,1785530909
2026-07-31T20:48:45Z,1151,7,0,14,0,0,1,1,1,1785529756
2026-07-31T20:48:45Z,1152,5,0,24,0,0,1,1,1,1785530807
2026-07-31T20:48:45Z,1153,21,2,1,1,0,1,1,1,1785530534
2026-07-31T20:48:45Z,1154,3,0,16,0,0,1,1,1,1785530310
2026-07-31T20:48:45Z,1155,7,2,11,3,0,1,1,1,1785530614
2026-07-31T20:48:45Z,1158,3,1,16,0,0,1,1,1,1785530800
2026-07-31T20:48:45Z,1159,12,0,7,0,0,1,1,1,1785529346
2026-07-31T20:48:45Z,1160,9,2,10,0,0,1,1,1,1785529128
2026-07-31T20:48:45Z,1161,3,0,15,1,0,1,1,1,1785529481
2026-07-31T20:48:45Z,1162,2,1,17,0,0,1,1,1,1785529736
2026-07-31T20:48:45Z,1163,2,1,16,1,0,1,1,1,1785530920
2026-07-31T20:48:45Z,1164,5,1,14,0,0,1,1,1,1785530102
2026-07-31T20:48:45Z,1165,1,0,20,0,0,1,1,1,1785530000
2026-07-31T20:48:45Z,1166,13,3,8,0,0,1,1,1,1785530163
2026-07-31T20:48:45Z,1167,4,0,11,0,0,1,1,1,1785530649
2026-07-31T20:48:45Z,1168,3,0,18,2,0,1,1,1,1785529395
2026-07-31T20:48:45Z,1169,3,0,15,1,0,1,1,1,1785530821
2026-07-31T20:48:45Z,1170,7,1,14,0,0,1,1,1,1785529402
2026-07-31T20:48:45Z,1171,9,8,14,0,0,1,1,1,1785530920
2026-07-31T20:48:45Z,1172,3,0,10,2,0,1,1,1,1785529314
2026-07-31T20:48:45Z,1173,13,4,6,0,0,1,1,1,1785529266
2026-07-31T20:48:45Z,1174,6,3,9,0,0,1,1,1,1785530725
2026-07-31T20:48:45Z,1175,4,3,15,0,0,1,1,1,1785525246
2026-07-31T20:48:45Z,1176,8,2,13,0,0,1,1,1,1785530305
2026-07-31T20:48:45Z,1177,2,1,19,0,0,1,1,1,1785530236
2026-07-31T20:48:45Z,1178,5,2,10,0,0,1,1,1,1785530649
2026-07-31T20:48:45Z,1181,8,0,7,0,0,1,1,1,1785530218
2026-07-31T20:48:45Z,1182,16,1,3,1,0,1,1,1,1785530915
2026-07-31T20:48:45Z,1183,25,1,18,2,0,1,1,1,1785530914
2026-07-31T20:48:45Z,1184,2,1,17,2,0,1,1,1,1785530410
2026-07-31T20:48:45Z,1185,9,5,12,0,0,1,1,1,1785530372
2026-07-31T20:48:45Z,1186,9,5,10,0,0,1,1,1,1785529535
2026-07-31T20:48:45Z,1187,10,5,10,1,0,1,1,1,1785529779
2026-07-31T20:48:45Z,1188,10,5,5,0,0,1,1,1,1785529170
2026-07-31T20:48:45Z,1189,9,4,10,0,0,1,1,1,1785529298
2026-07-31T20:48:45Z,1190,9,4,12,0,0,1,1,1,1785530528
2026-07-31T20:48:45Z,1191,10,5,5,0,0,1,1,1,1785529497
2026-07-31T20:48:45Z,1192,11,7,9,1,0,1,1,1,1785530892
2026-07-31T20:48:45Z,1193,6,4,5,2,0,1,1,1,1785529971
2026-07-31T20:48:45Z,1197,8,5,8,1,0,1,1,1,1785530471
2026-07-31T20:48:45Z,1198,13,4,6,2,0,1,1,1,1785529602
2026-07-31T20:48:45Z,1199,3,0,16,0,0,1,1,1,1785529592
2026-07-31T20:48:45Z,1200,9,5,6,0,0,1,1,1,1785529211
2026-07-31T20:48:45Z,1201,9,4,6,0,0,1,1,1,1785529261
2026-07-31T20:48:45Z,1202,10,5,5,0,0,1,1,1,1785529288
2026-07-31T20:48:45Z,1203,11,5,4,0,0,1,1,1,1785529191
2026-07-31T20:48:45Z,1204,7,4,12,0,0,1,1,1,1785530781
2026-07-31T20:48:45Z,1206,11,5,10,0,0,1,1,1,1785530018
2026-07-31T20:48:45Z,1207,8,4,6,1,0,1,1,1,1785529504
2026-07-31T20:48:45Z,1208,10,4,9,0,0,1,1,1,1785529446
2026-07-31T20:48:45Z,1216,9,0,11,1,0,1,1,1,1785530236
2026-07-31T20:48:45Z,1218,4,0,17,0,0,1,1,1,1785530633
2026-07-31T20:48:45Z,1219,5,1,7,3,0,1,1,1,1785530906
2026-07-31T20:48:45Z,1220,17,6,2,0,0,1,1,1,1785530271
2026-07-31T20:48:45Z,1221,1,1,19,1,0,1,1,1,1785529983
2026-07-31T20:48:45Z,1222,14,3,15,0,0,1,1,1,1785530917
2026-07-31T20:48:45Z,1223,26,0,2,1,0,1,1,1,1785530864
2026-07-31T20:48:45Z,1226,0,0,3,0,0,0,1,1,1781868931
2026-07-31T20:48:45Z,1227,4,0,20,1,0,1,1,1,1785530864
2026-07-31T20:48:45Z,1228,6,5,23,0,0,1,1,1,1785529946
2026-07-31T20:48:45Z,1229,44,1,0,1,0,1,1,1,1785530894
2026-07-31T20:53:45Z,1,13,2,10,0,0,1,1,1,1785531079
2026-07-31T20:53:45Z,2,14,1,10,3,0,1,1,1,1785531146
2026-07-31T20:53:45Z,3,11,0,2,1,0,1,1,1,1785531157
2026-07-31T20:53:45Z,4,20,0,1,1,0,1,1,1,1785531156
2026-07-31T20:53:45Z,5,16,3,5,2,0,1,1,1,1785530181
2026-07-31T20:53:45Z,6,3,0,12,0,0,1,1,1,1785530584
2026-07-31T20:53:45Z,7,4,0,35,0,0,1,1,1,1785530948
2026-07-31T20:53:45Z,8,9,0,34,0,0,1,1,1,1785531169
2026-07-31T20:53:45Z,9,15,0,7,1,0,1,1,1,1785531107
2026-07-31T20:53:45Z,10,2,0,19,2,0,1,1,1,1785531205
2026-07-31T20:53:45Z,11,8,1,9,2,0,1,1,1,1785530850
2026-07-31T20:53:45Z,12,22,0,1,0,0,1,1,1,1785530657
2026-07-31T20:53:45Z,13,9,0,21,0,0,1,1,1,1785531184
2026-07-31T20:53:45Z,14,41,0,1,0,1,1,1,1,1785530995
2026-07-31T20:53:45Z,15,15,0,0,0,0,1,1,1,1785530434
2026-07-31T20:53:45Z,16,3,1,21,2,1,1,1,1,1785531134
2026-07-31T20:53:45Z,17,7,0,19,1,0,1,1,1,1785531073
2026-07-31T20:53:45Z,18,8,0,8,2,0,1,1,1,1785530911
2026-07-31T20:53:45Z,19,11,2,13,3,0,1,1,1,1785531199
2026-07-31T20:53:45Z,20,10,1,25,0,0,1,1,1,1785530516
2026-07-31T20:53:45Z,21,15,2,3,1,0,1,1,1,1785531049
2026-07-31T20:53:45Z,22,30,0,33,2,0,1,1,1,1785531043
2026-07-31T20:53:45Z,23,25,7,5,1,0,1,1,1,1785530826
2026-07-31T20:53:45Z,24,8,2,2,1,0,1,1,1,1785531204
2026-07-31T20:53:45Z,25,76,4,4,1,0,1,1,1,1785531036
2026-07-31T20:53:45Z,26,26,2,1,0,0,1,1,1,1785531001
2026-07-31T20:53:45Z,28,7,1,8,0,0,1,1,1,1785530646
2026-07-31T20:53:45Z,30,16,0,12,1,0,1,1,1,1785531092
2026-07-31T20:53:45Z,31,16,2,1,2,0,1,1,1,1785531191
2026-07-31T20:53:45Z,32,9,4,18,0,0,1,1,1,1785530273
2026-07-31T20:53:45Z,34,19,2,18,0,0,1,1,1,1785531120
2026-07-31T20:53:45Z,35,13,4,33,1,0,1,1,1,1785531160
2026-07-31T20:53:45Z,36,0,0,0,0,0,0,1,1,86400
2026-07-31T20:53:45Z,37,18,2,5,0,0,1,1,1,1785531137
2026-07-31T20:53:45Z,38,7,0,16,0,0,1,1,1,1785530735
2026-07-31T20:53:45Z,39,18,2,21,0,0,1,1,1,1785531141
2026-07-31T20:53:45Z,40,8,0,13,0,0,1,1,1,1785531198
2026-07-31T20:53:45Z,41,30,0,13,0,0,1,1,1,1785530938
2026-07-31T20:53:45Z,42,3,0,27,1,0,1,1,1,1785531113
2026-07-31T20:53:45Z,43,10,1,13,0,0,1,1,1,1785530916
2026-07-31T20:53:45Z,45,14,0,15,0,0,1,1,1,1785530995
2026-07-31T20:53:45Z,46,3,2,27,1,0,1,1,1,1785530936
2026-07-31T20:53:45Z,47,1,1,13,1,0,1,1,1,1785530940
2026-07-31T20:53:45Z,48,21,0,6,0,0,1,1,1,1785531080
2026-07-31T20:53:45Z,49,0,0,19,4,0,1,1,1,1785531207
2026-07-31T20:53:45Z,50,8,8,11,0,0,1,1,1,1785530976
2026-07-31T20:53:45Z,51,49,0,28,0,0,1,1,1,1785529674
2026-07-31T20:53:45Z,52,5,1,19,3,0,1,1,1,1785531212
2026-07-31T20:53:45Z,55,20,0,3,0,0,1,1,1,1785531210
2026-07-31T20:53:45Z,56,24,0,19,0,0,1,1,1,1785531130
2026-07-31T20:53:45Z,57,16,0,11,0,0,1,1,1,1785531162
2026-07-31T20:53:45Z,58,1,0,27,0,0,1,1,1,1785531157
2026-07-31T20:53:45Z,59,1,0,24,2,0,1,1,1,1785531194
2026-07-31T20:53:45Z,61,0,0,39,0,0,1,1,1,1785529980
2026-07-31T20:53:45Z,62,23,15,24,2,0,1,1,1,1785531134
2026-07-31T20:53:45Z,63,13,1,6,0,0,1,1,1,1785530620
2026-07-31T20:53:45Z,64,12,1,3,4,0,1,1,1,1785530968
2026-07-31T20:53:45Z,65,8,4,10,1,0,1,1,1,1785530131
2026-07-31T20:53:45Z,67,35,0,4,0,0,1,1,1,1785531127
2026-07-31T20:53:45Z,68,33,1,3,1,0,1,1,1,1785530577
2026-07-31T20:53:45Z,69,1,0,14,0,0,1,1,1,1785531116
2026-07-31T20:53:45Z,71,14,1,10,3,0,1,1,1,1785531092
2026-07-31T20:53:45Z,72,25,4,2,3,1,1,1,1,1785530745
2026-07-31T20:53:45Z,73,22,0,9,0,0,1,1,1,1785531211
2026-07-31T20:53:45Z,74,1,0,18,0,0,1,1,1,1785530679
2026-07-31T20:53:45Z,75,16,0,15,1,0,1,1,1,1785529675
2026-07-31T20:53:45Z,76,10,1,8,1,0,1,1,1,1785531208
2026-07-31T20:53:45Z,77,2,0,25,0,0,1,1,1,1785531057
2026-07-31T20:53:45Z,78,2,2,21,0,0,1,1,1,1785530683
2026-07-31T20:53:45Z,79,0,0,16,1,0,1,1,1,1785530671
2026-07-31T20:53:45Z,80,12,1,8,3,0,1,1,1,1785531162
2026-07-31T20:53:45Z,81,3,0,28,0,0,1,1,1,1785530885
2026-07-31T20:53:45Z,82,16,8,5,2,0,1,1,1,1785531209
2026-07-31T20:53:45Z,83,6,1,27,1,0,1,1,1,1785531199
2026-07-31T20:53:45Z,84,0,0,26,1,0,1,1,1,1785530012
2026-07-31T20:53:45Z,85,12,1,3,0,0,1,1,1,1785530947
2026-07-31T20:53:45Z,86,2,1,25,0,0,1,1,1,1785530624
2026-07-31T20:53:45Z,87,1,0,18,0,0,1,1,1,1785531107
2026-07-31T20:53:45Z,88,9,0,33,1,0,1,1,1,1785531164
2026-07-31T20:53:45Z,89,33,2,2,0,0,1,1,1,1785531080
2026-07-31T20:53:45Z,90,6,0,11,1,0,1,1,1,1785530891
2026-07-31T20:53:45Z,91,1,0,16,0,0,1,1,1,1785530870
2026-07-31T20:53:45Z,92,5,0,11,3,0,1,1,1,1785531205
2026-07-31T20:53:45Z,93,3,2,20,0,0,1,1,1,1785531158
2026-07-31T20:53:45Z,94,13,0,5,1,0,1,1,1,1785531042
2026-07-31T20:53:45Z,95,2,1,31,1,1,1,1,1,1785531204
2026-07-31T20:53:45Z,96,11,2,19,1,0,1,1,1,1785531136
2026-07-31T20:53:45Z,97,0,0,15,2,0,1,1,1,1785531005
2026-07-31T20:53:45Z,98,30,7,5,0,0,1,1,1,1785531192
2026-07-31T20:53:45Z,99,8,0,7,0,0,1,1,1,1785531142
2026-07-31T20:53:45Z,100,7,0,20,0,0,1,1,1,1785531154
2026-07-31T20:53:45Z,101,14,0,0,1,0,1,1,1,1785531114
2026-07-31T20:53:45Z,102,9,0,14,0,0,1,1,1,1785531199
2026-07-31T20:53:45Z,103,14,1,14,2,0,1,1,1,1785531084
2026-07-31T20:53:45Z,104,21,1,4,2,0,1,1,1,1785531204
2026-07-31T20:53:45Z,105,18,0,1,0,0,1,1,1,1785529401
2026-07-31T20:53:45Z,106,15,0,5,1,0,1,1,1,1785531067
2026-07-31T20:53:45Z,107,19,0,18,0,0,1,1,1,1785531104
2026-07-31T20:53:45Z,108,1,0,32,2,0,1,1,1,1785530558
2026-07-31T20:53:45Z,109,7,2,16,0,0,1,1,1,1785531159
2026-07-31T20:53:45Z,110,18,0,5,0,0,1,1,1,1785531166
2026-07-31T20:53:45Z,111,16,2,20,0,0,1,1,1,1785530984
2026-07-31T20:53:45Z,112,3,1,11,1,0,1,1,1,1785531043
2026-07-31T20:53:45Z,113,9,0,9,1,0,1,1,1,1785531098
2026-07-31T20:53:45Z,114,15,6,14,1,1,1,1,1,1785530901
2026-07-31T20:53:45Z,115,16,11,8,4,0,1,1,1,1785530821
2026-07-31T20:53:45Z,116,11,11,15,1,0,1,1,1,1785531110
2026-07-31T20:53:45Z,118,14,1,7,2,0,1,1,1,1785530037
2026-07-31T20:53:45Z,119,1,0,35,2,0,1,1,1,1785530752
2026-07-31T20:53:45Z,120,4,0,21,2,0,1,1,1,1785530334
2026-07-31T20:53:45Z,121,1,0,15,2,1,1,1,1,1785531203
2026-07-31T20:53:45Z,122,2,0,19,0,0,1,1,1,1785530806
2026-07-31T20:53:45Z,123,17,1,30,0,0,1,1,1,1785530850
2026-07-31T20:53:45Z,124,2,2,33,0,0,1,1,1,1785530596
2026-07-31T20:53:45Z,125,1,0,20,2,0,1,1,1,1785531201
2026-07-31T20:53:45Z,126,18,0,13,0,0,1,1,1,1785528553
2026-07-31T20:53:45Z,127,13,2,21,1,0,1,1,1,1785531142
2026-07-31T20:53:45Z,128,2,0,17,0,0,1,1,1,1785531138
2026-07-31T20:53:45Z,129,1,0,15,3,0,1,1,1,1785530747
2026-07-31T20:53:45Z,130,1,0,16,0,0,1,1,1,1785530482
2026-07-31T20:53:45Z,131,4,4,7,0,0,1,1,1,1785531135
2026-07-31T20:53:45Z,132,6,4,8,0,1,1,1,1,1785530188
2026-07-31T20:53:45Z,134,15,0,4,4,0,1,1,1,1785531146
2026-07-31T20:53:45Z,135,4,0,14,1,0,1,1,1,1785531161
2026-07-31T20:53:45Z,136,0,0,16,1,6,1,1,1,1785531080
2026-07-31T20:53:45Z,137,4,4,13,2,0,1,1,1,1785531095
2026-07-31T20:53:45Z,138,6,0,31,0,0,1,1,1,1785531036
2026-07-31T20:53:45Z,139,2,1,17,0,0,1,1,1,1785531101
2026-07-31T20:53:45Z,140,5,1,17,1,0,1,1,1,1785531210
2026-07-31T20:53:45Z,141,1,0,35,0,0,1,1,1,1785530602
2026-07-31T20:53:45Z,142,2,1,21,0,0,1,1,1,1785531157
2026-07-31T20:53:45Z,143,0,0,31,0,0,1,1,1,1785531035
2026-07-31T20:53:45Z,144,14,0,13,0,0,1,1,1,1785530620
2026-07-31T20:53:45Z,146,17,1,5,1,0,1,1,1,1785531172
2026-07-31T20:53:45Z,147,2,0,14,3,0,1,1,1,1785531174
2026-07-31T20:53:45Z,148,2,1,21,4,0,1,1,1,1785531186
2026-07-31T20:53:45Z,149,1,0,25,1,0,1,1,1,1785531049
2026-07-31T20:53:45Z,150,7,1,26,2,0,1,1,1,1785531145
2026-07-31T20:53:45Z,151,6,0,17,0,0,1,1,1,1785531059
2026-07-31T20:53:45Z,152,5,3,18,3,0,1,1,1,1785531119
2026-07-31T20:53:45Z,153,3,1,23,2,0,1,1,1,1785530569
2026-07-31T20:53:45Z,154,8,0,12,3,0,1,1,1,1785531184
2026-07-31T20:53:45Z,155,1,0,12,1,0,1,1,1,1785531212
2026-07-31T20:53:45Z,156,4,0,15,0,0,1,1,1,1785530974
2026-07-31T20:53:45Z,157,9,1,16,2,0,1,1,1,1785531145
2026-07-31T20:53:45Z,158,3,1,13,0,0,1,1,1,1785530939
2026-07-31T20:53:45Z,159,3,2,15,1,0,1,1,1,1785530337
2026-07-31T20:53:45Z,160,3,1,16,0,0,1,1,1,1785531189
2026-07-31T20:53:45Z,161,17,0,5,0,0,1,1,1,1785531185
2026-07-31T20:53:45Z,162,21,12,3,3,0,1,1,1,1785531067
2026-07-31T20:53:45Z,163,8,0,22,0,1,1,1,1,1785531206
2026-07-31T20:53:45Z,164,18,1,9,0,0,1,1,1,1785531141
2026-07-31T20:53:45Z,165,24,4,7,0,0,1,1,1,1785531160
2026-07-31T20:53:45Z,166,2,2,33,4,0,1,1,1,1785531207
2026-07-31T20:53:45Z,167,8,1,14,1,0,1,1,1,1785531052
2026-07-31T20:53:45Z,168,2,0,22,3,0,1,1,1,1785531194
2026-07-31T20:53:45Z,169,9,2,13,0,1,1,1,1,1785531192
2026-07-31T20:53:45Z,170,3,1,15,1,0,1,1,1,1785531149
2026-07-31T20:53:45Z,171,9,1,2,2,0,1,1,1,1785531086
2026-07-31T20:53:45Z,173,13,3,26,0,0,1,1,1,1785531020
2026-07-31T20:53:45Z,174,7,1,19,0,0,1,1,1,1785531051
2026-07-31T20:53:45Z,175,29,2,1,1,0,1,1,1,1785531146
2026-07-31T20:53:45Z,176,12,3,0,2,1,1,1,1,1785531205
2026-07-31T20:53:45Z,177,5,2,21,1,0,1,1,1,1785531063
2026-07-31T20:53:45Z,178,9,0,3,2,1,1,1,1,1785531210
2026-07-31T20:53:45Z,179,10,6,3,3,0,1,1,1,1785531180
2026-07-31T20:53:45Z,180,2,0,28,0,0,1,1,1,1785530907
2026-07-31T20:53:45Z,181,1,0,14,0,0,1,1,1,1785531066
2026-07-31T20:53:45Z,182,4,1,13,0,0,1,1,1,1785531073
2026-07-31T20:53:45Z,183,5,2,17,1,0,1,1,1,1785531029
2026-07-31T20:53:45Z,184,18,0,2,3,0,1,1,1,1785531174
2026-07-31T20:53:45Z,185,5,3,7,2,1,1,1,1,1785531025
2026-07-31T20:53:45Z,186,5,2,14,0,0,1,1,1,1785530762
2026-07-31T20:53:45Z,187,0,0,27,1,0,1,1,1,1785530101
2026-07-31T20:53:45Z,188,11,4,8,8,0,1,1,1,1785531176
2026-07-31T20:53:45Z,189,3,2,12,0,0,1,1,1,1785530687
2026-07-31T20:53:45Z,190,1,0,22,0,0,1,1,1,1785531199
2026-07-31T20:53:45Z,191,16,9,23,0,0,1,1,1,1785531108
2026-07-31T20:53:45Z,192,4,3,25,2,0,1,1,1,1785530968
2026-07-31T20:53:45Z,193,3,2,11,1,0,1,1,1,1785531184
2026-07-31T20:53:45Z,194,4,3,23,0,0,1,1,1,1785531115
2026-07-31T20:53:45Z,195,0,0,19,0,0,1,1,1,1785530748
2026-07-31T20:53:45Z,196,8,7,18,1,0,1,1,1,1785530947
2026-07-31T20:53:45Z,197,1,0,17,0,1,1,1,1,1785531188
2026-07-31T20:53:45Z,198,14,11,8,1,0,1,1,1,1785531192
2026-07-31T20:53:45Z,199,3,1,11,1,0,1,1,1,1785531083
2026-07-31T20:53:45Z,200,18,16,7,1,0,1,1,1,1785531194
2026-07-31T20:53:45Z,201,8,5,15,0,0,1,1,1,1785531131
2026-07-31T20:53:45Z,202,6,0,21,0,0,1,1,1,1785530960
2026-07-31T20:53:45Z,203,12,2,18,1,0,1,1,1,1785531142
2026-07-31T20:53:45Z,204,23,0,11,1,0,1,1,1,1785531143
2026-07-31T20:53:45Z,205,10,0,16,1,0,1,1,1,1785531124
2026-07-31T20:53:45Z,206,5,2,10,0,0,1,1,1,1785531127
2026-07-31T20:53:45Z,207,19,1,2,0,0,1,1,1,1785530553
2026-07-31T20:53:45Z,208,2,1,26,1,0,1,1,1,1785530797
2026-07-31T20:53:45Z,209,27,4,3,1,0,1,1,1,1785531159
2026-07-31T20:53:45Z,210,7,3,20,0,0,1,1,1,1785531170
2026-07-31T20:53:45Z,211,0,0,22,1,0,1,1,1,1785530930
2026-07-31T20:53:45Z,212,10,2,24,1,0,1,1,1,1785531124
2026-07-31T20:53:45Z,213,16,5,6,1,0,1,1,1,1785531190
2026-07-31T20:53:45Z,214,29,7,16,2,0,1,1,1,1785531156
2026-07-31T20:53:45Z,215,19,4,3,1,0,1,1,1,1785530920
2026-07-31T20:53:45Z,216,11,5,7,1,0,1,1,1,1785530781
2026-07-31T20:53:45Z,217,15,0,13,1,0,1,1,1,1785531193
2026-07-31T20:53:45Z,218,10,7,27,2,0,1,1,1,1785531202
2026-07-31T20:53:45Z,219,20,1,5,1,0,1,1,1,1785531173
2026-07-31T20:53:45Z,220,25,10,17,0,1,1,1,1,1785531211
2026-07-31T20:53:45Z,221,3,3,11,1,0,1,1,1,1785531166
2026-07-31T20:53:45Z,222,6,3,12,1,0,1,1,1,1785530631
2026-07-31T20:53:45Z,223,8,1,24,3,0,1,1,1,1785531204
2026-07-31T20:53:45Z,224,1,0,19,2,0,1,1,1,1785531097
2026-07-31T20:53:45Z,225,8,2,7,4,0,1,1,1,1785530988
2026-07-31T20:53:45Z,226,1,0,29,1,0,1,1,1,1785530972
2026-07-31T20:53:45Z,227,1,0,25,1,0,1,1,1,1785530951
2026-07-31T20:53:45Z,228,4,2,13,2,0,1,1,1,1785531080
2026-07-31T20:53:45Z,230,5,0,21,0,0,1,1,1,1785530931
2026-07-31T20:53:45Z,232,4,0,12,1,0,1,1,1,1785531097
2026-07-31T20:53:45Z,233,7,7,23,1,0,1,1,1,1785531136
2026-07-31T20:53:45Z,234,11,3,1,5,2,1,1,1,1785530558
2026-07-31T20:53:45Z,236,16,2,3,0,0,1,1,1,1785528929
2026-07-31T20:53:45Z,237,2,0,20,1,0,1,1,1,1785531177
2026-07-31T20:53:45Z,239,6,6,20,1,0,1,1,1,1785530897
2026-07-31T20:53:45Z,241,6,5,16,1,0,1,1,1,1785531062
2026-07-31T20:53:45Z,242,7,0,15,1,0,1,1,1,1785530654
2026-07-31T20:53:45Z,243,16,7,10,5,0,1,1,1,1785531151
2026-07-31T20:53:45Z,244,4,1,21,2,0,1,1,1,1785531072
2026-07-31T20:53:45Z,245,10,3,13,0,0,1,1,1,1785530924
2026-07-31T20:53:45Z,246,8,3,15,0,0,1,1,1,1785531120
2026-07-31T20:53:45Z,247,4,3,17,2,0,1,1,1,1785531046
2026-07-31T20:53:45Z,248,14,6,7,2,0,1,1,1,1785531173
2026-07-31T20:53:45Z,249,18,18,0,1,0,1,1,1,1785530558
2026-07-31T20:53:45Z,250,4,3,18,5,0,1,1,1,1785531049
2026-07-31T20:53:45Z,251,22,11,0,5,0,1,1,1,1785531171
2026-07-31T20:53:45Z,253,1,1,18,0,0,1,1,1,1785530833
2026-07-31T20:53:45Z,254,3,1,39,1,0,1,1,1,1785530982
2026-07-31T20:53:45Z,255,11,0,11,0,1,1,1,1,1785531029
2026-07-31T20:53:45Z,256,0,0,21,2,0,1,1,1,1785530884
2026-07-31T20:53:45Z,257,3,2,16,0,0,1,1,1,1785529949
2026-07-31T20:53:45Z,258,7,6,10,2,0,1,1,1,1785531209
2026-07-31T20:53:45Z,259,12,0,10,0,1,1,1,1,1785531207
2026-07-31T20:53:45Z,260,2,1,15,2,0,1,1,1,1785531206
2026-07-31T20:53:45Z,261,1,0,16,1,1,1,1,1,1785531051
2026-07-31T20:53:45Z,262,5,2,17,1,0,1,1,1,1785531190
2026-07-31T20:53:45Z,263,1,1,14,0,0,1,1,1,1785530933
2026-07-31T20:53:45Z,264,2,0,17,0,0,1,1,1,1785531105
2026-07-31T20:53:45Z,265,1,0,14,0,0,1,1,1,1785531138
2026-07-31T20:53:45Z,266,9,6,9,1,0,1,1,1,1785531195
2026-07-31T20:53:45Z,267,8,4,6,1,0,1,1,1,1785526233
2026-07-31T20:53:45Z,268,18,6,4,1,0,1,1,1,1785531121
2026-07-31T20:53:45Z,269,6,2,17,0,0,1,1,1,1785531202
2026-07-31T20:53:45Z,270,2,0,24,1,0,1,1,1,1785531203
2026-07-31T20:53:45Z,271,4,0,13,2,0,1,1,1,1785531204
2026-07-31T20:53:45Z,272,4,2,19,0,0,1,1,1,1785530814
2026-07-31T20:53:45Z,273,2,0,13,0,0,1,1,1,1785530717
2026-07-31T20:53:45Z,274,1,1,17,1,0,1,1,1,1785531202
2026-07-31T20:53:45Z,275,10,0,9,4,0,1,1,1,1785530954
2026-07-31T20:53:45Z,276,3,0,23,1,0,1,1,1,1785530369
2026-07-31T20:53:45Z,277,6,6,13,4,0,1,1,1,1785531098
2026-07-31T20:53:45Z,278,15,8,13,3,0,1,1,1,1785531180
2026-07-31T20:53:45Z,279,0,0,19,0,0,1,1,1,1785530676
2026-07-31T20:53:45Z,280,3,0,25,3,0,1,1,1,1785531208
2026-07-31T20:53:45Z,281,3,2,16,0,0,1,1,1,1785530845
2026-07-31T20:53:45Z,282,7,2,11,0,0,1,1,1,1785527347
2026-07-31T20:53:45Z,283,18,1,16,1,0,1,1,1,1785531064
2026-07-31T20:53:45Z,284,29,0,3,3,0,1,1,1,1785531028
2026-07-31T20:53:45Z,285,5,1,18,0,0,1,1,1,1785529514
2026-07-31T20:53:45Z,286,9,6,14,0,0,1,1,1,1785531045
2026-07-31T20:53:45Z,287,11,1,9,3,0,1,1,1,1785531102
2026-07-31T20:53:45Z,288,2,1,17,0,0,1,1,1,1785531183
2026-07-31T20:53:45Z,289,9,5,15,3,0,1,1,1,1785531012
2026-07-31T20:53:45Z,290,16,2,22,1,0,1,1,1,1785531195
2026-07-31T20:53:45Z,291,13,0,9,1,0,1,1,1,1785531205
2026-07-31T20:53:45Z,292,5,1,18,0,0,1,1,1,1785531169
2026-07-31T20:53:45Z,293,5,3,18,0,0,1,1,1,1785530659
2026-07-31T20:53:45Z,294,3,1,17,2,0,1,1,1,1785531153
2026-07-31T20:53:45Z,297,6,1,11,1,1,1,1,1,1785530903
2026-07-31T20:53:45Z,301,12,0,7,0,0,1,1,1,1785530889
2026-07-31T20:53:45Z,302,18,0,5,0,0,1,1,1,1785531154
2026-07-31T20:53:45Z,303,0,0,19,0,0,1,1,1,1785530377
2026-07-31T20:53:45Z,304,0,0,0,0,0,0,1,1,86400
2026-07-31T20:53:45Z,305,4,0,14,1,0,1,1,1,1785531202
2026-07-31T20:53:45Z,306,6,1,26,0,0,1,1,1,1785530891
2026-07-31T20:53:45Z,307,4,0,19,0,0,1,1,1,1785531174
2026-07-31T20:53:45Z,308,2,0,16,1,0,1,1,1,1785530376
2026-07-31T20:53:45Z,309,1,1,13,0,0,1,1,1,1785530983
2026-07-31T20:53:45Z,311,5,0,9,1,0,1,1,1,1785531212
2026-07-31T20:53:45Z,312,10,8,10,2,1,1,1,1,1785531154
2026-07-31T20:53:45Z,313,5,0,10,0,0,1,1,1,1785526554
2026-07-31T20:53:45Z,314,5,1,12,2,0,1,1,1,1785529159
2026-07-31T20:53:45Z,315,13,6,16,2,0,1,1,1,1785531165
2026-07-31T20:53:45Z,316,5,2,19,6,1,1,1,1,1785531211
2026-07-31T20:53:45Z,317,8,7,22,0,1,1,1,1,1785531131
2026-07-31T20:53:45Z,318,16,1,3,0,0,1,1,1,1785531022
2026-07-31T20:53:45Z,319,21,3,1,1,0,1,1,1,1785531076
2026-07-31T20:53:45Z,320,14,0,4,1,0,1,1,1,1785530645
2026-07-31T20:53:45Z,321,2,0,13,4,0,1,1,1,1785531091
2026-07-31T20:53:45Z,322,15,0,14,0,0,1,1,1,1785530430
2026-07-31T20:53:45Z,323,6,1,13,0,0,1,1,1,1785531170
2026-07-31T20:53:45Z,324,14,0,12,1,0,1,1,1,1785531202
2026-07-31T20:53:45Z,325,4,2,21,2,0,1,1,1,1785530960
2026-07-31T20:53:45Z,327,9,2,16,2,0,1,1,1,1785531206
2026-07-31T20:53:45Z,328,14,0,7,1,0,1,1,1,1785531139
2026-07-31T20:53:45Z,329,3,0,13,3,0,1,1,1,1785529828
2026-07-31T20:53:45Z,330,14,0,7,1,0,1,1,1,1785531128
2026-07-31T20:53:45Z,331,16,0,5,2,0,1,1,1,1785530248
2026-07-31T20:53:45Z,332,6,5,12,1,0,1,1,1,1785530287
2026-07-31T20:53:45Z,333,4,2,18,1,0,1,1,1,1785531178
2026-07-31T20:53:45Z,334,10,1,13,0,0,1,1,1,1785531178
2026-07-31T20:53:45Z,335,2,2,20,0,1,1,1,1,1785530699
2026-07-31T20:53:45Z,336,4,1,15,0,0,1,1,1,1785531172
2026-07-31T20:53:45Z,337,15,3,4,4,0,1,1,1,1785531036
2026-07-31T20:53:45Z,338,3,1,16,0,0,1,1,1,1785530274
2026-07-31T20:53:45Z,339,14,10,5,4,0,1,1,1,1785530849
2026-07-31T20:53:45Z,340,0,0,14,1,0,1,1,1,1785530982
2026-07-31T20:53:45Z,341,6,0,13,0,0,1,1,1,1785531191
2026-07-31T20:53:45Z,342,1,0,14,0,0,1,1,1,1785530337
2026-07-31T20:53:45Z,343,9,3,13,1,0,1,1,1,1785529614
2026-07-31T20:53:45Z,344,5,3,18,0,0,1,1,1,1785531140
2026-07-31T20:53:45Z,345,11,1,8,0,0,1,1,1,1785531205
2026-07-31T20:53:45Z,346,4,3,19,0,0,1,1,1,1785531090
2026-07-31T20:53:45Z,347,25,4,16,3,0,1,1,1,1785531210
2026-07-31T20:53:45Z,348,10,0,11,1,1,1,1,1,1785531194
2026-07-31T20:53:45Z,349,16,2,2,1,0,1,1,1,1785530710
2026-07-31T20:53:45Z,350,2,0,23,1,1,1,1,1,1785530916
2026-07-31T20:53:45Z,351,3,1,18,2,0,1,1,1,1785531198
2026-07-31T20:53:45Z,355,2,1,21,0,0,1,1,1,1785531156
2026-07-31T20:53:45Z,356,4,1,15,0,0,1,1,1,1785530888
2026-07-31T20:53:45Z,357,5,3,13,1,0,1,1,1,1785530851
2026-07-31T20:53:45Z,358,13,2,13,1,0,1,1,1,1785529883
2026-07-31T20:53:45Z,359,9,0,18,0,0,1,1,1,1785530951
2026-07-31T20:53:45Z,360,4,3,15,0,0,1,1,1,1785530596
2026-07-31T20:53:45Z,362,3,0,12,4,0,1,1,1,1785531191
2026-07-31T20:53:45Z,363,11,0,16,0,0,1,1,1,1785531003
2026-07-31T20:53:45Z,364,0,0,19,0,0,1,1,1,1785530750
2026-07-31T20:53:45Z,365,3,1,17,3,0,1,1,1,1785530922
2026-07-31T20:53:45Z,366,5,5,18,0,0,1,1,1,1785531202
2026-07-31T20:53:45Z,367,1,1,16,2,0,1,1,1,1785530729
2026-07-31T20:53:45Z,368,1,0,21,1,0,1,1,1,1785530971
2026-07-31T20:53:45Z,370,10,4,17,0,0,1,1,1,1785530872
2026-07-31T20:53:45Z,371,4,3,14,1,0,1,1,1,1785531087
2026-07-31T20:53:45Z,372,15,1,0,0,0,1,1,1,1785530540
2026-07-31T20:53:45Z,373,0,0,27,0,0,1,1,1,1785529201
2026-07-31T20:53:45Z,374,1,1,17,1,0,1,1,1,1785531105
2026-07-31T20:53:45Z,375,18,5,7,2,0,1,1,1,1785531039
2026-07-31T20:53:45Z,376,6,3,30,3,0,1,1,1,1785530790
2026-07-31T20:53:45Z,377,0,0,27,0,0,1,1,1,1785530908
2026-07-31T20:53:45Z,378,4,2,19,0,1,1,1,1,1785530899
2026-07-31T20:53:45Z,379,16,2,9,2,0,1,1,1,1785530821
2026-07-31T20:53:45Z,380,2,0,21,0,0,1,1,1,1785530227
2026-07-31T20:53:45Z,381,7,0,16,0,0,1,1,1,1785531149
2026-07-31T20:53:45Z,383,9,2,4,2,0,1,1,1,1785531173
2026-07-31T20:53:45Z,384,3,1,22,2,0,1,1,1,1785531175
2026-07-31T20:53:45Z,385,1,0,16,1,0,1,1,1,1785531074
2026-07-31T20:53:45Z,387,6,1,17,0,0,1,1,1,1785530214
2026-07-31T20:53:45Z,388,35,2,10,4,0,1,1,1,1785530833
2026-07-31T20:53:45Z,389,2,1,12,1,0,1,1,1,1785530348
2026-07-31T20:53:45Z,390,12,3,23,0,0,1,1,1,1785531193
2026-07-31T20:53:45Z,391,4,2,10,1,0,1,1,1,1785530305
2026-07-31T20:53:45Z,392,0,0,18,1,0,1,1,1,1785531195
2026-07-31T20:53:45Z,393,2,2,5,4,0,1,1,1,1785530232
2026-07-31T20:53:45Z,394,5,0,5,3,0,1,1,1,1785531039
2026-07-31T20:53:45Z,396,2,1,39,1,0,1,1,1,1785530993
2026-07-31T20:53:45Z,397,20,10,11,0,0,1,1,1,1785531159
2026-07-31T20:53:45Z,399,0,0,14,3,0,1,1,1,1785531138
2026-07-31T20:53:45Z,400,14,9,7,2,0,1,1,1,1785531101
2026-07-31T20:53:45Z,401,3,2,28,8,0,1,1,1,1785531177
2026-07-31T20:53:45Z,403,24,3,3,4,0,1,1,1,1785531205
2026-07-31T20:53:45Z,404,6,5,16,1,0,1,1,1,1785531038
2026-07-31T20:53:45Z,406,23,1,12,0,0,1,1,1,1785531211
2026-07-31T20:53:45Z,407,1,0,32,1,0,1,1,1,1785529900
2026-07-31T20:53:45Z,408,3,2,27,3,0,1,1,1,1785531066
2026-07-31T20:53:45Z,409,18,1,3,2,0,1,1,1,1785531102
2026-07-31T20:53:45Z,413,12,2,9,2,0,1,1,1,1785531197
2026-07-31T20:53:45Z,414,10,0,5,0,0,1,1,1,1785531203
2026-07-31T20:53:45Z,417,5,3,14,0,0,1,1,1,1785531137
2026-07-31T20:53:45Z,418,4,2,11,0,0,1,1,1,1785529352
2026-07-31T20:53:45Z,419,13,2,10,0,0,1,1,1,1785529593
2026-07-31T20:53:45Z,421,5,0,14,0,0,1,1,1,1785531164
2026-07-31T20:53:45Z,422,18,3,9,0,0,1,1,1,1785530054
2026-07-31T20:53:45Z,423,2,0,21,0,0,1,1,1,1785531188
2026-07-31T20:53:45Z,424,11,6,1,2,1,1,1,1,1785531206
2026-07-31T20:53:45Z,425,7,4,14,0,1,1,1,1,1785531172
2026-07-31T20:53:45Z,426,12,0,24,1,0,1,1,1,1785531187
2026-07-31T20:53:45Z,427,10,0,3,2,0,1,1,1,1785531032
2026-07-31T20:53:45Z,428,17,2,1,1,0,1,1,1,1785531204
2026-07-31T20:53:45Z,429,10,6,13,0,0,1,1,1,1785531112
2026-07-31T20:53:45Z,430,5,1,23,3,0,1,1,1,1785531030
2026-07-31T20:53:45Z,431,5,1,26,2,0,1,1,1,1785530342
2026-07-31T20:53:45Z,432,0,0,30,1,0,0,1,1,1785508564
2026-07-31T20:53:45Z,433,5,2,15,3,0,1,1,1,1785529334
2026-07-31T20:53:45Z,437,1,0,16,2,0,1,1,1,1785531140
2026-07-31T20:53:45Z,438,10,2,8,1,0,1,1,1,1785531136
2026-07-31T20:53:45Z,439,6,4,9,0,0,1,1,1,1785530126
2026-07-31T20:53:45Z,440,10,4,5,0,0,1,1,1,1785531056
2026-07-31T20:53:45Z,441,4,0,9,2,0,1,1,1,1785531024
2026-07-31T20:53:45Z,442,9,4,8,2,0,1,1,1,1785530973
2026-07-31T20:53:45Z,443,5,2,22,0,0,1,1,1,1785512432
2026-07-31T20:53:45Z,444,4,2,19,0,0,1,1,1,1785530976
2026-07-31T20:53:45Z,445,6,2,16,1,0,1,1,1,1785531052
2026-07-31T20:53:45Z,446,1,0,21,1,0,1,1,1,1785519783
2026-07-31T20:53:45Z,447,3,0,18,1,1,1,1,1,1785496389
2026-07-31T20:53:45Z,448,7,0,7,1,0,1,1,1,1785530120
2026-07-31T20:53:45Z,452,3,1,15,1,0,1,1,1,1785530777
2026-07-31T20:53:45Z,453,4,1,7,4,0,1,1,1,1785530988
2026-07-31T20:53:45Z,454,15,1,4,0,0,1,1,1,1785530867
2026-07-31T20:53:45Z,455,0,0,39,0,0,1,1,1,1785530549
2026-07-31T20:53:45Z,456,16,1,3,1,0,1,1,1,1785531108
2026-07-31T20:53:45Z,457,13,2,10,4,0,1,1,1,1785531150
2026-07-31T20:53:45Z,458,5,2,17,1,0,1,1,1,1785529476
2026-07-31T20:53:45Z,459,9,1,6,0,0,1,1,1,1785531167
2026-07-31T20:53:45Z,460,14,1,9,0,0,1,1,1,1785530895
2026-07-31T20:53:45Z,461,9,0,10,0,0,1,1,1,1785531034
2026-07-31T20:53:45Z,462,15,1,6,0,0,1,1,1,1785530818
2026-07-31T20:53:45Z,463,9,1,10,0,0,1,1,1,1785526740
2026-07-31T20:53:45Z,464,0,0,14,0,0,1,1,1,1785528198
2026-07-31T20:53:45Z,465,4,3,11,0,0,1,1,1,1785531053
2026-07-31T20:53:45Z,466,3,1,7,5,0,1,1,1,1785531123
2026-07-31T20:53:45Z,467,3,2,16,0,0,1,1,1,1785531037
2026-07-31T20:53:45Z,468,0,0,18,1,0,1,1,1,1785527178
2026-07-31T20:53:45Z,469,9,1,11,3,0,1,1,1,1785530901
2026-07-31T20:53:45Z,470,0,0,13,2,0,1,1,1,1785531081
2026-07-31T20:53:45Z,471,27,2,0,0,0,1,1,1,1785528650
2026-07-31T20:53:45Z,472,6,2,11,2,0,1,1,1,1785531169
2026-07-31T20:53:45Z,473,9,2,10,0,0,1,1,1,1785531129
2026-07-31T20:53:45Z,474,8,2,11,0,0,1,1,1,1785531198
2026-07-31T20:53:45Z,475,6,4,12,1,0,1,1,1,1785530509
2026-07-31T20:53:45Z,477,10,1,5,0,0,1,1,1,1785530702
2026-07-31T20:53:45Z,478,30,1,1,0,0,1,1,1,1785531113
2026-07-31T20:53:45Z,479,4,0,21,2,0,1,1,1,1785531082
2026-07-31T20:53:45Z,480,5,0,9,1,0,1,1,1,1785531112
2026-07-31T20:53:45Z,481,4,1,30,1,0,1,1,1,1785531207
2026-07-31T20:53:45Z,482,5,5,14,0,0,1,1,1,1785530649
2026-07-31T20:53:45Z,483,13,0,12,2,0,1,1,1,1785531162
2026-07-31T20:53:45Z,484,5,2,13,1,0,1,1,1,1785531003
2026-07-31T20:53:45Z,485,9,1,9,0,1,1,1,1,1785531159
2026-07-31T20:53:45Z,486,0,0,24,3,0,1,1,1,1785531083
2026-07-31T20:53:45Z,487,10,6,6,3,0,1,1,1,1785531100
2026-07-31T20:53:45Z,489,0,0,15,0,0,1,1,1,1785530188
2026-07-31T20:53:45Z,490,10,0,5,1,0,1,1,1,1785530579
2026-07-31T20:53:45Z,491,6,2,14,1,0,1,1,1,1785531123
2026-07-31T20:53:45Z,492,3,3,5,3,0,1,1,1,1785531210
2026-07-31T20:53:45Z,493,20,0,7,0,0,1,1,1,1785529596
2026-07-31T20:53:45Z,495,7,0,7,1,0,1,1,1,1785530497
2026-07-31T20:53:45Z,496,5,2,22,0,0,1,1,1,1785531052
2026-07-31T20:53:45Z,497,3,3,15,1,0,1,1,1,1785531211
2026-07-31T20:53:45Z,498,2,2,21,0,0,1,1,1,1785531112
2026-07-31T20:53:45Z,499,2,0,16,1,0,1,1,1,1785530814
2026-07-31T20:53:45Z,500,1,0,11,3,0,1,1,1,1785530637
2026-07-31T20:53:45Z,501,18,5,3,0,0,1,1,1,1785530417
2026-07-31T20:53:45Z,502,7,2,11,1,0,1,1,1,1785531082
2026-07-31T20:53:45Z,503,2,0,28,1,0,1,1,1,1785531202
2026-07-31T20:53:45Z,504,0,0,39,0,0,1,1,1,1785530471
2026-07-31T20:53:45Z,505,1,0,10,1,0,1,1,1,1785530484
2026-07-31T20:53:45Z,511,2,1,20,1,0,1,1,1,1785530673
2026-07-31T20:53:45Z,512,10,0,17,0,0,1,1,1,1785530707
2026-07-31T20:53:45Z,514,3,3,7,1,0,1,1,1,1785531143
2026-07-31T20:53:45Z,515,1,1,18,0,0,1,1,1,1785527371
2026-07-31T20:53:45Z,516,16,1,11,0,0,1,1,1,1785531121
2026-07-31T20:53:45Z,517,14,2,9,0,0,1,1,1,1785530806
2026-07-31T20:53:45Z,518,5,0,9,1,0,1,1,1,1785530533
2026-07-31T20:53:45Z,519,8,3,9,2,0,1,1,1,1785530872
2026-07-31T20:53:45Z,520,19,9,2,5,1,1,1,1,1785531209
2026-07-31T20:53:45Z,521,3,1,20,0,0,1,1,1,1785530932
2026-07-31T20:53:45Z,522,3,0,18,2,0,1,1,1,1785531192
2026-07-31T20:53:45Z,523,11,5,11,1,0,1,1,1,1785530824
2026-07-31T20:53:45Z,524,5,0,18,0,0,1,1,1,1785530930
2026-07-31T20:53:45Z,525,6,0,13,0,0,1,1,1,1785531049
2026-07-31T20:53:45Z,526,4,1,11,0,0,1,1,1,1785530751
2026-07-31T20:53:45Z,527,15,9,10,1,0,1,1,1,1785531201
2026-07-31T20:53:45Z,528,12,1,9,2,0,1,1,1,1785531189
2026-07-31T20:53:45Z,529,5,3,7,7,0,1,1,1,1785531208
2026-07-31T20:53:45Z,530,11,0,8,2,0,1,1,1,1785530986
2026-07-31T20:53:45Z,531,4,2,17,1,1,1,1,1,1785530964
2026-07-31T20:53:45Z,532,15,11,15,1,0,1,1,1,1785531086
2026-07-31T20:53:45Z,533,10,0,8,1,0,1,1,1,1785531147
2026-07-31T20:53:45Z,534,3,1,20,0,0,1,1,1,1785530641
2026-07-31T20:53:45Z,535,4,1,11,0,0,1,1,1,1785531032
2026-07-31T20:53:45Z,536,14,0,9,0,0,1,1,1,1785530697
2026-07-31T20:53:45Z,537,10,1,10,0,0,1,1,1,1785531068
2026-07-31T20:53:45Z,538,5,0,16,0,2,1,1,1,1785531179
2026-07-31T20:53:45Z,539,3,2,26,2,0,1,1,1,1785531024
2026-07-31T20:53:45Z,540,3,3,16,0,0,1,1,1,1785531150
2026-07-31T20:53:45Z,541,7,2,20,0,0,1,1,1,1785531084
2026-07-31T20:53:45Z,542,0,0,22,1,0,1,1,1,1785530316
2026-07-31T20:53:45Z,543,1,0,18,0,0,1,1,1,1785531197
2026-07-31T20:53:45Z,544,5,1,13,4,0,1,1,1,1785531105
2026-07-31T20:53:45Z,545,9,1,6,4,0,1,1,1,1785531145
2026-07-31T20:53:45Z,546,1,0,18,0,0,1,1,1,1785531120
2026-07-31T20:53:45Z,547,9,0,16,0,0,1,1,1,1785531207
2026-07-31T20:53:45Z,548,7,2,15,1,0,1,1,1,1785530025
2026-07-31T20:53:45Z,549,17,0,5,1,0,1,1,1,1785531176
2026-07-31T20:53:45Z,550,1,1,18,0,0,1,1,1,1785530863
2026-07-31T20:53:45Z,551,3,2,19,1,0,1,1,1,1785529811
2026-07-31T20:53:45Z,552,3,2,24,0,0,1,1,1,1785530348
2026-07-31T20:53:45Z,553,1,0,22,0,0,1,1,1,1785531208
2026-07-31T20:53:45Z,554,3,0,15,1,0,1,1,1,1785530528
2026-07-31T20:53:45Z,555,6,0,8,1,0,1,1,1,1785529728
2026-07-31T20:53:45Z,556,13,0,7,3,0,1,1,1,1785531087
2026-07-31T20:53:45Z,557,2,1,19,2,0,1,1,1,1785529295
2026-07-31T20:53:45Z,558,22,12,15,0,0,1,1,1,1785531194
2026-07-31T20:53:45Z,559,15,0,3,1,0,1,1,1,1785530818
2026-07-31T20:53:45Z,560,17,0,10,0,0,1,1,1,1785530977
2026-07-31T20:53:45Z,561,11,3,9,3,0,1,1,1,1785531159
2026-07-31T20:53:45Z,562,12,2,18,5,0,1,1,1,1785530166
2026-07-31T20:53:45Z,563,4,0,9,1,0,1,1,1,1785531181
2026-07-31T20:53:45Z,564,4,1,14,1,0,1,1,1,1785530567
2026-07-31T20:53:45Z,565,0,0,19,0,0,1,1,1,1785530263
2026-07-31T20:53:45Z,566,3,1,15,1,0,1,1,1,1785531186
2026-07-31T20:53:45Z,567,8,1,17,2,0,1,1,1,1785530800
2026-07-31T20:53:45Z,568,9,1,9,1,0,1,1,1,1785530639
2026-07-31T20:53:45Z,569,2,0,15,2,0,1,1,1,1785530340
2026-07-31T20:53:45Z,570,4,0,13,2,0,1,1,1,1785531152
2026-07-31T20:53:45Z,571,7,1,16,0,0,1,1,1,1785530745
2026-07-31T20:53:45Z,572,7,1,12,0,0,1,1,1,1785531202
2026-07-31T20:53:45Z,573,6,1,8,1,0,1,1,1,1785531011
2026-07-31T20:53:45Z,574,6,2,9,0,0,1,1,1,1785530877
2026-07-31T20:53:45Z,575,6,0,14,1,0,1,1,1,1785530688
2026-07-31T20:53:45Z,576,7,5,12,0,0,1,1,1,1785530872
2026-07-31T20:53:45Z,577,21,1,10,0,0,1,1,1,1785530990
2026-07-31T20:53:45Z,578,2,0,20,1,0,1,1,1,1785530290
2026-07-31T20:53:45Z,579,10,3,33,0,0,1,1,1,1785531090
2026-07-31T20:53:45Z,580,9,2,20,0,0,1,1,1,1785530784
2026-07-31T20:53:45Z,581,3,0,15,1,0,1,1,1,1785531122
2026-07-31T20:53:45Z,582,21,2,38,2,0,1,1,1,1785531056
2026-07-31T20:53:45Z,583,2,1,19,2,0,1,1,1,1785531087
2026-07-31T20:53:45Z,584,7,1,8,4,0,1,1,1,1785531046
2026-07-31T20:53:45Z,585,3,0,23,0,1,1,1,1,1785531170
2026-07-31T20:53:45Z,586,31,1,2,2,0,1,1,1,1785531059
2026-07-31T20:53:45Z,587,8,0,15,1,0,1,1,1,1785531047
2026-07-31T20:53:45Z,588,12,3,4,2,1,1,1,1,1785531202
2026-07-31T20:53:45Z,589,1,0,21,0,0,1,1,1,1785531147
2026-07-31T20:53:45Z,590,6,2,25,0,0,1,1,1,1785529792
2026-07-31T20:53:45Z,591,4,0,24,2,0,1,1,1,1785530724
2026-07-31T20:53:45Z,592,3,0,20,0,0,1,1,1,1785531014
2026-07-31T20:53:45Z,593,21,3,17,0,0,1,1,1,1785531190
2026-07-31T20:53:45Z,594,15,1,5,1,0,1,1,1,1785531044
2026-07-31T20:53:45Z,595,0,0,3,0,0,0,1,1,1784046673
2026-07-31T20:53:45Z,605,0,0,2,1,0,0,1,1,1783975843
2026-07-31T20:53:45Z,606,0,0,0,0,0,0,1,1,86400
2026-07-31T20:53:45Z,607,5,2,26,1,0,1,1,1,1785531196
2026-07-31T20:53:45Z,608,30,0,19,1,0,1,1,1,1785531159
2026-07-31T20:53:45Z,609,11,11,12,0,0,1,1,1,1785531099
2026-07-31T20:53:45Z,610,25,0,9,1,0,1,1,1,1785531141
2026-07-31T20:53:45Z,611,19,2,8,0,0,1,1,1,1785531104
2026-07-31T20:53:45Z,612,7,1,8,0,0,1,1,1,1785522916
2026-07-31T20:53:45Z,613,12,4,0,3,0,1,1,1,1785530289
2026-07-31T20:53:45Z,614,5,4,19,2,1,1,1,1,1785530721
2026-07-31T20:53:45Z,617,7,0,6,2,0,1,1,1,1785531211
2026-07-31T20:53:45Z,618,13,1,1,5,0,1,1,1,1785530762
2026-07-31T20:53:45Z,619,1,1,18,0,0,1,1,1,1785530925
2026-07-31T20:53:45Z,620,14,0,12,1,0,1,1,1,1785530847
2026-07-31T20:53:45Z,621,6,2,17,0,0,1,1,1,1785530651
2026-07-31T20:53:45Z,622,14,0,7,2,0,1,1,1,1785529232
2026-07-31T20:53:45Z,623,20,5,8,2,0,1,1,1,1785531207
2026-07-31T20:53:45Z,624,1,0,14,0,0,1,1,1,1785530670
2026-07-31T20:53:45Z,625,13,2,3,5,0,1,1,1,1785529679
2026-07-31T20:53:45Z,626,45,0,0,0,2,1,1,1,1785531120
2026-07-31T20:53:45Z,627,14,3,4,1,0,1,1,1,1785530759
2026-07-31T20:53:45Z,628,4,4,14,0,1,1,1,1,1785531103
2026-07-31T20:53:45Z,629,3,2,6,2,0,1,1,1,1785530984
2026-07-31T20:53:45Z,630,0,0,24,3,0,1,1,1,1785531086
2026-07-31T20:53:45Z,631,8,6,15,0,0,1,1,1,1785531026
2026-07-31T20:53:45Z,632,21,1,0,2,0,1,1,1,1785529840
2026-07-31T20:53:45Z,633,11,3,1,3,0,1,1,1,1785530006
2026-07-31T20:53:45Z,634,16,2,3,0,0,1,1,1,1785531206
2026-07-31T20:53:45Z,635,16,0,2,1,0,1,1,1,1785530931
2026-07-31T20:53:45Z,636,7,2,8,0,0,1,1,1,1785526430
2026-07-31T20:53:45Z,637,10,2,7,2,0,1,1,1,1785529194
2026-07-31T20:53:45Z,638,5,1,12,2,0,1,1,1,1785530068
2026-07-31T20:53:45Z,639,10,2,7,2,0,1,1,1,1785528930
2026-07-31T20:53:45Z,640,8,8,13,2,0,1,1,1,1785531154
2026-07-31T20:53:45Z,641,2,1,25,0,0,1,1,1,1785530991
2026-07-31T20:53:45Z,642,8,3,3,8,0,1,1,1,1785531208
2026-07-31T20:53:45Z,643,6,0,13,8,0,1,1,1,1785531210
2026-07-31T20:53:45Z,644,13,1,1,1,0,1,1,1,1785531024
2026-07-31T20:53:45Z,645,14,1,7,1,1,1,1,1,1785530008
2026-07-31T20:53:45Z,646,2,1,17,0,0,1,1,1,1785529856
2026-07-31T20:53:45Z,647,5,1,26,0,0,1,1,1,1785531143
2026-07-31T20:53:45Z,648,4,0,14,1,0,1,1,1,1785530595
2026-07-31T20:53:45Z,649,3,3,28,0,0,1,1,1,1785529688
2026-07-31T20:53:45Z,650,5,1,9,0,0,1,1,1,1785530080
2026-07-31T20:53:45Z,651,0,0,23,0,0,1,1,1,1785528763
2026-07-31T20:53:45Z,652,3,1,17,3,0,1,1,1,1785531137
2026-07-31T20:53:45Z,653,2,1,17,0,0,1,1,1,1785530185
2026-07-31T20:53:45Z,654,2,1,13,0,0,1,1,1,1785531116
2026-07-31T20:53:45Z,655,8,4,0,4,1,1,1,1,1785530987
2026-07-31T20:53:45Z,656,4,3,15,0,0,1,1,1,1785531211
2026-07-31T20:53:45Z,657,9,4,4,2,2,1,1,1,1785531083
2026-07-31T20:53:45Z,658,8,1,2,0,0,1,1,1,1785530465
2026-07-31T20:53:45Z,659,7,5,6,2,0,1,1,1,1785529408
2026-07-31T20:53:45Z,660,23,6,4,4,0,1,1,1,1785531073
2026-07-31T20:53:45Z,661,17,4,1,1,0,1,1,1,1785531014
2026-07-31T20:53:45Z,662,6,3,14,3,0,1,1,1,1785526394
2026-07-31T20:53:45Z,663,7,2,8,0,0,1,1,1,1785531162
2026-07-31T20:53:45Z,664,16,0,11,0,0,1,1,1,1785530991
2026-07-31T20:53:45Z,665,10,4,5,0,0,1,1,1,1785530607
2026-07-31T20:53:45Z,666,4,2,8,3,0,1,1,1,1785526234
2026-07-31T20:53:45Z,667,18,3,0,1,0,1,1,1,1785530547
2026-07-31T20:53:45Z,668,1,0,18,0,0,1,1,1,1785530737
2026-07-31T20:53:45Z,669,8,2,4,2,0,1,1,1,1785531118
2026-07-31T20:53:45Z,670,17,0,8,2,0,1,1,1,1785531177
2026-07-31T20:53:45Z,671,18,4,8,1,0,1,1,1,1785531198
2026-07-31T20:53:45Z,672,7,1,13,2,1,1,1,1,1785531104
2026-07-31T20:53:45Z,673,10,0,13,0,0,1,1,1,1785530579
2026-07-31T20:53:45Z,674,2,1,19,2,0,1,1,1,1785531093
2026-07-31T20:53:45Z,675,1,1,11,3,0,1,1,1,1785530983
2026-07-31T20:53:45Z,676,6,0,14,2,0,1,1,1,1785531021
2026-07-31T20:53:45Z,681,11,0,1,2,1,1,1,1,1785530962
2026-07-31T20:53:45Z,682,6,1,13,0,0,1,1,1,1785529048
2026-07-31T20:53:45Z,683,1,1,18,0,0,1,1,1,1785527602
2026-07-31T20:53:45Z,684,3,1,24,0,0,1,1,1,1785518528
2026-07-31T20:53:45Z,685,3,0,22,1,1,1,1,1,1785530437
2026-07-31T20:53:45Z,686,9,0,15,3,0,1,1,1,1785531141
2026-07-31T20:53:45Z,687,12,1,17,1,1,1,1,1,1785531167
2026-07-31T20:53:45Z,688,11,0,1,7,0,1,1,1,1785510286
2026-07-31T20:53:45Z,692,8,4,13,0,0,1,1,1,1785531183
2026-07-31T20:53:45Z,693,6,0,2,3,0,1,1,1,1785530631
2026-07-31T20:53:45Z,694,11,5,10,0,0,1,1,1,1785530488
2026-07-31T20:53:45Z,695,6,6,17,0,0,1,1,1,1785530851
2026-07-31T20:53:45Z,696,11,6,12,0,0,1,1,1,1785530636
2026-07-31T20:53:45Z,697,17,5,6,0,0,1,1,1,1785530838
2026-07-31T20:53:45Z,698,27,1,0,0,0,1,1,1,1785531167
2026-07-31T20:53:45Z,699,5,0,9,1,0,1,1,1,1785531013
2026-07-31T20:53:45Z,700,17,1,0,2,0,1,1,1,1785530623
2026-07-31T20:53:45Z,701,15,3,4,0,0,1,1,1,1785530896
2026-07-31T20:53:45Z,702,5,1,17,1,0,1,1,1,1785531196
2026-07-31T20:53:45Z,704,2,0,13,0,0,1,1,1,1785529976
2026-07-31T20:53:45Z,705,3,2,12,0,0,1,1,1,1785530239
2026-07-31T20:53:45Z,706,5,1,8,2,0,1,1,1,1785530683
2026-07-31T20:53:45Z,707,7,1,8,0,0,1,1,1,1785531136
2026-07-31T20:53:45Z,708,7,0,11,1,0,1,1,1,1785530944
2026-07-31T20:53:45Z,709,6,0,7,2,0,1,1,1,1785531128
2026-07-31T20:53:45Z,710,2,1,16,1,0,1,1,1,1785530660
2026-07-31T20:53:45Z,711,6,2,14,3,0,1,1,1,1785530757
2026-07-31T20:53:45Z,712,10,8,5,0,0,1,1,1,1785531073
2026-07-31T20:53:45Z,713,1,1,22,0,0,1,1,1,1785530716
2026-07-31T20:53:45Z,716,4,3,11,0,0,1,1,1,1785530919
2026-07-31T20:53:45Z,717,4,2,19,2,0,1,1,1,1785531050
2026-07-31T20:53:45Z,718,9,1,4,2,0,1,1,1,1785530841
2026-07-31T20:53:45Z,719,7,1,22,0,0,1,1,1,1785530233
2026-07-31T20:53:45Z,720,0,0,19,0,0,1,1,1,1785531189
2026-07-31T20:53:45Z,721,6,0,14,3,0,1,1,1,1785531179
2026-07-31T20:53:45Z,722,7,1,8,0,0,1,1,1,1785530962
2026-07-31T20:53:45Z,723,13,2,10,0,0,1,1,1,1785531170
2026-07-31T20:53:45Z,724,7,2,16,0,0,1,1,1,1785530394
2026-07-31T20:53:45Z,725,1,0,21,1,0,1,1,1,1785531091
2026-07-31T20:53:45Z,726,5,0,13,1,0,1,1,1,1785531178
2026-07-31T20:53:45Z,727,10,5,12,1,0,1,1,1,1785530215
2026-07-31T20:53:45Z,728,9,0,5,1,0,1,1,1,1785530116
2026-07-31T20:53:45Z,729,4,0,15,0,0,1,1,1,1785531076
2026-07-31T20:53:45Z,730,0,0,12,3,0,1,1,1,1785530277
2026-07-31T20:53:45Z,731,8,3,5,2,0,1,1,1,1785531204
2026-07-31T20:53:45Z,732,2,2,13,0,0,1,1,1,1785530434
2026-07-31T20:53:45Z,733,11,0,16,0,0,1,1,1,1785531209
2026-07-31T20:53:45Z,734,6,3,8,0,0,1,1,1,1785530328
2026-07-31T20:53:45Z,735,18,10,9,0,0,1,1,1,1785531186
2026-07-31T20:53:45Z,736,13,2,6,0,0,1,1,1,1785529848
2026-07-31T20:53:45Z,737,2,1,12,0,1,1,1,1,1785529894
2026-07-31T20:53:45Z,738,16,6,3,0,0,1,1,1,1785530169
2026-07-31T20:53:45Z,739,17,0,9,1,0,1,1,1,1785529591
2026-07-31T20:53:45Z,741,7,0,16,0,0,1,1,1,1785530706
2026-07-31T20:53:45Z,742,21,10,12,2,0,1,1,1,1785531150
2026-07-31T20:53:45Z,743,5,2,14,0,0,1,1,1,1785530530
2026-07-31T20:53:45Z,744,8,1,6,1,0,1,1,1,1785530780
2026-07-31T20:53:45Z,745,12,4,7,0,0,1,1,1,1785530137
2026-07-31T20:53:45Z,746,2,0,20,1,0,1,1,1,1785530979
2026-07-31T20:53:45Z,747,0,0,4,0,0,0,1,1,1783446606
2026-07-31T20:53:45Z,748,8,0,15,0,0,1,1,1,1785530994
2026-07-31T20:53:45Z,749,1,0,21,1,0,1,1,1,1785531110
2026-07-31T20:53:45Z,750,6,2,5,0,0,1,1,1,1785531091
2026-07-31T20:53:45Z,751,21,16,2,0,0,1,1,1,1785531150
2026-07-31T20:53:45Z,752,7,0,9,1,0,1,1,1,1785531083
2026-07-31T20:53:45Z,753,4,0,10,1,0,1,1,1,1785531145
2026-07-31T20:53:45Z,754,8,3,7,0,0,1,1,1,1785530590
2026-07-31T20:53:45Z,755,10,2,12,1,0,1,1,1,1785530946
2026-07-31T20:53:45Z,756,14,14,22,1,0,1,1,1,1785530621
2026-07-31T20:53:45Z,757,3,3,16,0,0,1,1,1,1785530914
2026-07-31T20:53:45Z,758,1,0,22,0,0,1,1,1,1785530935
2026-07-31T20:53:45Z,759,0,0,0,0,0,1,1,1,86400
2026-07-31T20:53:45Z,760,10,3,9,0,0,1,1,1,1785529267
2026-07-31T20:53:45Z,761,8,3,14,1,0,1,1,1,1785530955
2026-07-31T20:53:45Z,762,4,2,6,5,0,1,1,1,1785530163
2026-07-31T20:53:45Z,768,7,0,8,4,0,1,1,1,1785530413
2026-07-31T20:53:45Z,769,11,10,6,2,0,1,1,1,1785530818
2026-07-31T20:53:45Z,770,6,2,11,2,0,1,1,1,1785529936
2026-07-31T20:53:45Z,771,11,1,3,1,0,1,1,1,1785531204
2026-07-31T20:53:45Z,772,1,0,14,0,0,1,1,1,1785530693
2026-07-31T20:53:45Z,773,17,4,2,0,0,1,1,1,1785530725
2026-07-31T20:53:45Z,774,8,1,3,4,0,1,1,1,1785529714
2026-07-31T20:53:45Z,775,6,1,11,1,1,1,1,1,1785529386
2026-07-31T20:53:45Z,776,2,1,18,1,0,1,1,1,1785530204
2026-07-31T20:53:45Z,777,11,2,4,0,0,1,1,1,1785530575
2026-07-31T20:53:45Z,778,11,0,4,4,0,1,1,1,1785529834
2026-07-31T20:53:45Z,779,6,0,12,1,0,1,1,1,1785530910
2026-07-31T20:53:45Z,780,1,0,18,0,0,1,1,1,1785531142
2026-07-31T20:53:45Z,781,2,1,7,2,0,1,1,1,1785530541
2026-07-31T20:53:45Z,782,0,0,15,4,0,1,1,1,1785529703
2026-07-31T20:53:45Z,783,9,2,10,0,0,1,1,1,1785530682
2026-07-31T20:53:45Z,784,1,0,18,0,0,1,1,1,1785530301
2026-07-31T20:53:45Z,785,10,2,3,6,0,1,1,1,1785530966
2026-07-31T20:53:45Z,786,10,5,9,0,0,1,1,1,1785530567
2026-07-31T20:53:45Z,787,5,3,9,1,0,1,1,1,1785530134
2026-07-31T20:53:45Z,788,5,1,10,0,0,1,1,1,1785531168
2026-07-31T20:53:45Z,789,9,2,2,4,0,1,1,1,1785531199
2026-07-31T20:53:45Z,790,3,0,20,0,0,1,1,1,1785531039
2026-07-31T20:53:45Z,791,11,0,7,0,1,1,1,1,1785531182
2026-07-31T20:53:45Z,793,4,0,10,1,0,1,1,1,1785530676
2026-07-31T20:53:45Z,794,14,1,13,2,0,1,1,1,1785531025
2026-07-31T20:53:45Z,796,6,3,12,1,0,1,1,1,1785531038
2026-07-31T20:53:45Z,797,5,2,10,0,0,1,1,1,1785530889
2026-07-31T20:53:45Z,798,19,0,5,1,0,1,1,1,1785531155
2026-07-31T20:53:45Z,799,13,2,2,4,0,1,1,1,1785531135
2026-07-31T20:53:45Z,800,0,0,20,1,0,1,1,1,1785530995
2026-07-31T20:53:45Z,801,5,2,14,2,0,1,1,1,1785530548
2026-07-31T20:53:45Z,802,8,0,23,0,0,1,1,1,1785529791
2026-07-31T20:53:45Z,803,1,0,14,0,0,1,1,1,1785531135
2026-07-31T20:53:45Z,806,0,0,14,1,0,1,1,1,1785530851
2026-07-31T20:53:45Z,807,9,5,13,3,0,1,1,1,1785530627
2026-07-31T20:53:45Z,808,17,7,6,2,0,1,1,1,1785529738
2026-07-31T20:53:45Z,809,4,1,18,1,0,1,1,1,1785529569
2026-07-31T20:53:45Z,810,4,2,13,2,0,1,1,1,1785529938
2026-07-31T20:53:45Z,815,2,1,7,5,1,1,1,1,1785530626
2026-07-31T20:53:45Z,817,15,8,0,0,0,1,1,1,1785530671
2026-07-31T20:53:45Z,818,6,1,17,0,0,1,1,1,1785531183
2026-07-31T20:53:45Z,819,10,4,5,0,0,1,1,1,1785525935
2026-07-31T20:53:45Z,820,9,0,8,0,0,1,1,1,1785530703
2026-07-31T20:53:45Z,821,3,2,12,0,0,1,1,1,1785529653
2026-07-31T20:53:45Z,822,17,2,3,3,0,1,1,1,1785531160
2026-07-31T20:53:45Z,823,14,1,1,0,0,1,1,1,1785531177
2026-07-31T20:53:45Z,824,3,2,16,0,0,1,1,1,1785531096
2026-07-31T20:53:45Z,825,5,4,10,0,0,1,1,1,1785530396
2026-07-31T20:53:45Z,826,9,1,8,2,0,1,1,1,1785530941
2026-07-31T20:53:45Z,827,16,2,3,2,0,1,1,1,1785531119
2026-07-31T20:53:45Z,828,11,1,5,2,0,1,1,1,1785529913
2026-07-31T20:53:45Z,829,17,6,10,0,0,1,1,1,1785530843
2026-07-31T20:53:45Z,830,16,0,6,1,0,1,1,1,1785531114
2026-07-31T20:53:45Z,831,6,3,7,2,0,1,1,1,1785530901
2026-07-31T20:53:45Z,832,8,3,7,3,0,1,1,1,1785531074
2026-07-31T20:53:45Z,833,1,1,17,1,0,1,1,1,1785530821
2026-07-31T20:53:45Z,834,16,1,6,2,0,1,1,1,1785531066
2026-07-31T20:53:45Z,835,2,0,14,2,0,1,1,1,1785531129
2026-07-31T20:53:45Z,838,2,2,11,2,0,1,1,1,1785531030
2026-07-31T20:53:45Z,839,12,0,16,1,0,1,1,1,1785530915
2026-07-31T20:53:45Z,840,0,0,28,1,0,1,1,1,1785530448
2026-07-31T20:53:45Z,841,7,1,8,0,0,1,1,1,1785530887
2026-07-31T20:53:45Z,842,2,0,21,0,0,1,1,1,1785530808
2026-07-31T20:53:45Z,843,13,2,18,0,0,1,1,1,1785531181
2026-07-31T20:53:45Z,844,6,0,17,0,0,1,1,1,1785531081
2026-07-31T20:53:45Z,845,4,3,13,2,0,1,1,1,1785531154
2026-07-31T20:53:45Z,846,3,1,15,1,0,1,1,1,1785530291
2026-07-31T20:53:45Z,847,6,1,20,1,0,1,1,1,1785530538
2026-07-31T20:53:45Z,848,2,1,16,1,0,1,1,1,1785530256
2026-07-31T20:53:45Z,849,9,0,5,1,0,1,1,1,1785530104
2026-07-31T20:53:45Z,850,4,0,7,0,0,1,1,1,1785530409
2026-07-31T20:53:45Z,851,4,3,30,3,0,1,1,1,1785530903
2026-07-31T20:53:45Z,852,9,3,10,0,0,1,1,1,1785530836
2026-07-31T20:53:45Z,853,11,5,12,0,0,1,1,1,1785530607
2026-07-31T20:53:45Z,854,2,1,13,0,0,1,1,1,1785529956
2026-07-31T20:53:45Z,855,26,0,1,0,0,1,1,1,1785529894
2026-07-31T20:53:45Z,857,6,4,11,2,0,1,1,1,1785531036
2026-07-31T20:53:45Z,858,5,2,13,1,0,1,1,1,1785529742
2026-07-31T20:53:45Z,859,8,0,12,1,0,1,1,1,1785529918
2026-07-31T20:53:45Z,861,6,0,4,1,0,1,1,1,1785528609
2026-07-31T20:53:45Z,862,4,2,11,0,0,1,1,1,1785530930
2026-07-31T20:53:45Z,863,13,0,5,1,0,1,1,1,1785529013
2026-07-31T20:53:45Z,866,12,3,7,0,0,1,1,1,1785529493
2026-07-31T20:53:45Z,867,14,2,1,0,0,1,1,1,1785530532
2026-07-31T20:53:45Z,868,7,0,8,0,0,1,1,1,1785530783
2026-07-31T20:53:45Z,870,9,5,6,0,0,1,1,1,1785531011
2026-07-31T20:53:45Z,871,0,0,10,1,0,1,1,1,1785530338
2026-07-31T20:53:45Z,872,0,0,14,1,0,1,1,1,1785530918
2026-07-31T20:53:45Z,873,8,0,24,1,0,1,1,1,1785531100
2026-07-31T20:53:45Z,874,4,0,8,3,0,1,1,1,1785531056
2026-07-31T20:53:45Z,875,12,8,1,2,0,1,1,1,1785531136
2026-07-31T20:53:45Z,877,13,12,6,0,0,1,1,1,1785530606
2026-07-31T20:53:45Z,878,3,3,16,0,0,1,1,1,1785531181
2026-07-31T20:53:45Z,879,1,0,18,0,0,1,1,1,1785530212
2026-07-31T20:53:45Z,880,1,0,21,1,0,1,1,1,1785531138
2026-07-31T20:53:45Z,881,3,0,16,0,0,1,1,1,1785531042
2026-07-31T20:53:45Z,882,9,4,9,1,0,1,1,1,1785513298
2026-07-31T20:53:45Z,883,4,1,15,0,0,1,1,1,1785531000
2026-07-31T20:53:45Z,884,10,6,11,0,0,1,1,1,1785530626
2026-07-31T20:53:45Z,885,0,0,19,0,0,1,1,1,1785530842
2026-07-31T20:53:45Z,886,9,1,19,1,0,1,1,1,1785531017
2026-07-31T20:53:45Z,887,8,3,6,3,0,1,1,1,1785530323
2026-07-31T20:53:45Z,888,13,0,26,1,1,1,1,1,1785531091
2026-07-31T20:53:45Z,889,4,0,13,2,0,1,1,1,1785531119
2026-07-31T20:53:45Z,890,8,4,7,0,0,1,1,1,1785527402
2026-07-31T20:53:45Z,891,22,0,1,0,0,1,1,1,1785530389
2026-07-31T20:53:45Z,892,11,1,4,0,0,1,1,1,1785530978
2026-07-31T20:53:45Z,895,3,0,16,0,0,1,1,1,1785527858
2026-07-31T20:53:45Z,896,8,2,27,0,0,1,1,1,1785531151
2026-07-31T20:53:45Z,897,12,1,9,0,0,1,1,1,1785531078
2026-07-31T20:53:45Z,898,2,0,17,0,0,1,1,1,1785530831
2026-07-31T20:53:45Z,899,2,0,16,1,0,1,1,1,1785531180
2026-07-31T20:53:45Z,900,4,1,23,0,0,1,1,1,1785531189
2026-07-31T20:53:45Z,901,1,0,17,1,0,1,1,1,1785531092
2026-07-31T20:53:45Z,902,6,1,9,0,0,1,1,1,1785530662
2026-07-31T20:53:45Z,903,7,2,11,1,0,1,1,1,1785530960
2026-07-31T20:53:45Z,904,10,4,8,1,0,1,1,1,1785531161
2026-07-31T20:53:45Z,905,11,3,15,1,0,1,1,1,1785531101
2026-07-31T20:53:45Z,906,19,7,7,1,0,1,1,1,1785531107
2026-07-31T20:53:45Z,907,9,0,22,0,0,1,1,1,1785531111
2026-07-31T20:53:45Z,908,9,1,14,0,0,1,1,1,1785531174
2026-07-31T20:53:45Z,909,10,7,13,0,0,1,1,1,1785531107
2026-07-31T20:53:45Z,910,6,0,22,3,0,1,1,1,1785531194
2026-07-31T20:53:45Z,911,4,1,15,0,0,1,1,1,1785530691
2026-07-31T20:53:45Z,912,5,0,17,1,0,1,1,1,1785530898
2026-07-31T20:53:45Z,913,7,4,12,0,0,1,1,1,1785529872
2026-07-31T20:53:45Z,914,14,0,5,0,0,1,1,1,1785530983
2026-07-31T20:53:45Z,915,14,1,7,2,0,1,1,1,1785529834
2026-07-31T20:53:45Z,916,3,1,20,0,0,1,1,1,1785531113
2026-07-31T20:53:45Z,917,12,1,22,1,0,1,1,1,1785531204
2026-07-31T20:53:45Z,918,7,0,10,2,0,1,1,1,1785531156
2026-07-31T20:53:45Z,919,11,1,27,1,0,1,1,1,1785531203
2026-07-31T20:53:45Z,920,7,2,12,0,0,1,1,1,1785529655
2026-07-31T20:53:45Z,921,14,1,7,0,0,1,1,1,1785530908
2026-07-31T20:53:45Z,922,2,1,19,0,0,1,1,1,1785530051
2026-07-31T20:53:45Z,923,0,0,19,0,0,1,1,1,1785530706
2026-07-31T20:53:45Z,924,6,0,14,1,0,1,1,1,1785531095
2026-07-31T20:53:45Z,925,11,0,10,0,0,1,1,1,1785529549
2026-07-31T20:53:45Z,926,1,0,20,0,0,1,1,1,1785529631
2026-07-31T20:53:45Z,927,29,1,5,1,0,1,1,1,1785530707
2026-07-31T20:53:45Z,928,0,0,19,0,0,0,1,1,1785500252
2026-07-31T20:53:45Z,929,14,0,9,0,0,1,1,1,1785530909
2026-07-31T20:53:45Z,930,8,0,22,1,0,1,1,1,1785531161
2026-07-31T20:53:45Z,931,12,3,10,1,0,1,1,1,1785530862
2026-07-31T20:53:45Z,932,0,0,16,3,0,1,1,1,1785531212
2026-07-31T20:53:45Z,933,19,2,3,1,0,1,1,1,1785530983
2026-07-31T20:53:45Z,934,24,2,6,1,0,1,1,1,1785531124
2026-07-31T20:53:45Z,935,7,0,11,1,0,1,1,1,1785531105
2026-07-31T20:53:45Z,936,10,0,9,0,0,1,1,1,1785530779
2026-07-31T20:53:45Z,940,2,1,8,1,0,1,1,1,1785530273
2026-07-31T20:53:45Z,941,16,1,6,3,0,1,1,1,1785531046
2026-07-31T20:53:45Z,942,16,1,5,0,0,1,1,1,1785530885
2026-07-31T20:53:45Z,943,8,8,7,0,0,1,1,1,1785531002
2026-07-31T20:53:45Z,944,10,8,5,0,0,1,1,1,1785530848
2026-07-31T20:53:45Z,945,10,8,5,0,0,1,1,1,1785530372
2026-07-31T20:53:45Z,946,7,5,12,0,0,1,1,1,1785523835
2026-07-31T20:53:45Z,947,7,5,10,0,0,1,1,1,1785530869
2026-07-31T20:53:45Z,948,13,11,15,3,0,1,1,1,1785531208
2026-07-31T20:53:45Z,949,2,1,12,1,0,1,1,1,1785531180
2026-07-31T20:53:45Z,950,5,1,10,2,0,1,1,1,1785531169
2026-07-31T20:53:45Z,951,19,5,4,0,0,1,1,1,1785531156
2026-07-31T20:53:45Z,952,21,0,33,1,0,1,1,1,1785531184
2026-07-31T20:53:45Z,953,2,0,12,1,0,1,1,1,1785530127
2026-07-31T20:53:45Z,954,6,0,13,0,0,1,1,1,1785531011
2026-07-31T20:53:45Z,955,5,2,15,7,0,1,1,1,1785531085
2026-07-31T20:53:45Z,956,5,0,17,1,0,1,1,1,1785531205
2026-07-31T20:53:45Z,957,10,0,19,0,0,1,1,1,1785531009
2026-07-31T20:53:45Z,958,29,0,0,2,0,1,1,1,1785531113
2026-07-31T20:53:45Z,959,0,0,22,1,0,1,1,1,1785530819
2026-07-31T20:53:45Z,960,4,1,18,1,0,1,1,1,1785531211
2026-07-31T20:53:45Z,961,3,0,17,3,0,1,1,1,1785530895
2026-07-31T20:53:45Z,962,8,3,24,3,0,1,1,1,1785530213
2026-07-31T20:53:45Z,963,5,0,17,1,0,1,1,1,1785531115
2026-07-31T20:53:45Z,964,9,8,14,0,0,1,1,1,1785530982
2026-07-31T20:53:45Z,965,12,6,14,1,0,1,1,1,1785531212
2026-07-31T20:53:45Z,966,10,0,19,2,0,1,1,1,1785531034
2026-07-31T20:53:45Z,967,10,0,9,2,0,1,1,1,1785531178
2026-07-31T20:53:45Z,968,14,0,4,1,0,1,1,1,1785531069
2026-07-31T20:53:45Z,969,2,2,24,1,0,1,1,1,1785531194
2026-07-31T20:53:45Z,970,5,2,13,1,0,1,1,1,1785531101
2026-07-31T20:53:45Z,971,2,0,20,1,0,1,1,1,1785529954
2026-07-31T20:53:45Z,972,12,4,10,1,0,1,1,1,1785530884
2026-07-31T20:53:45Z,973,6,0,16,1,0,1,1,1,1785530742
2026-07-31T20:53:45Z,974,12,0,14,1,0,1,1,1,1785530750
2026-07-31T20:53:45Z,977,3,0,16,2,0,1,1,1,1785531124
2026-07-31T20:53:45Z,978,20,0,3,0,0,1,1,1,1785530780
2026-07-31T20:53:45Z,979,4,1,13,0,0,1,1,1,1785531205
2026-07-31T20:53:45Z,980,11,1,9,1,0,1,1,1,1785531104
2026-07-31T20:53:45Z,981,4,0,17,0,0,1,1,1,1785530872
2026-07-31T20:53:45Z,982,4,1,14,1,0,1,1,1,1785530924
2026-07-31T20:53:45Z,983,4,3,19,0,0,1,1,1,1785529571
2026-07-31T20:53:45Z,984,6,0,17,0,0,1,1,1,1785531165
2026-07-31T20:53:45Z,985,6,2,25,0,0,1,1,1,1785531157
2026-07-31T20:53:45Z,986,3,0,16,0,0,1,1,1,1785530926
2026-07-31T20:53:45Z,987,7,1,16,0,0,1,1,1,1785531131
2026-07-31T20:53:45Z,988,7,4,12,0,0,1,1,1,1785531096
2026-07-31T20:53:45Z,989,7,4,12,0,0,1,1,1,1785531193
2026-07-31T20:53:45Z,990,12,0,2,1,0,1,1,1,1785531091
2026-07-31T20:53:45Z,991,9,0,9,1,0,1,1,1,1785530831
2026-07-31T20:53:45Z,992,9,5,14,0,0,1,1,1,1785529901
2026-07-31T20:53:45Z,993,6,5,20,1,0,1,1,1,1785530731
2026-07-31T20:53:45Z,994,0,0,21,0,0,1,1,1,1785530145
2026-07-31T20:53:45Z,995,6,0,21,0,0,1,1,1,1785531172
2026-07-31T20:53:45Z,996,8,2,15,0,0,1,1,1,1785531005
2026-07-31T20:53:45Z,997,5,4,6,9,3,1,1,1,1785530101
2026-07-31T20:53:45Z,998,5,4,18,0,0,1,1,1,1785529445
2026-07-31T20:53:45Z,999,4,1,15,1,1,1,1,1,1785531128
2026-07-31T20:53:45Z,1000,1,0,20,0,0,1,1,1,1785529990
2026-07-31T20:53:45Z,1001,5,3,22,0,0,1,1,1,1785530692
2026-07-31T20:53:45Z,1002,1,1,29,1,0,1,1,1,1785530682
2026-07-31T20:53:45Z,1003,1,0,22,0,0,1,1,1,1785530900
2026-07-31T20:53:45Z,1004,9,2,14,0,0,1,1,1,1785530383
2026-07-31T20:53:45Z,1005,20,1,3,0,0,1,1,1,1785531090
2026-07-31T20:53:45Z,1006,7,4,12,0,0,1,1,1,1785530897
2026-07-31T20:53:45Z,1007,1,1,20,0,0,1,1,1,1785530541
2026-07-31T20:53:45Z,1008,8,7,15,0,0,1,1,1,1785530077
2026-07-31T20:53:45Z,1009,22,5,8,1,0,1,1,1,1785529989
2026-07-31T20:53:45Z,1010,8,2,19,0,0,1,1,1,1785530801
2026-07-31T20:53:45Z,1011,7,2,10,2,0,1,1,1,1785529452
2026-07-31T20:53:45Z,1012,5,3,16,2,0,1,1,1,1785530862
2026-07-31T20:53:45Z,1013,4,1,18,1,0,1,1,1,1785529606
2026-07-31T20:53:45Z,1014,9,4,14,0,0,1,1,1,1785529570
2026-07-31T20:53:45Z,1015,4,3,26,1,0,1,1,1,1785529912
2026-07-31T20:53:45Z,1016,10,5,21,0,0,1,1,1,1785530811
2026-07-31T20:53:45Z,1017,13,5,8,0,0,1,1,1,1785530254
2026-07-31T20:53:45Z,1018,7,3,15,0,0,1,1,1,1785530941
2026-07-31T20:53:45Z,1019,8,5,7,0,0,1,1,1,1785530808
2026-07-31T20:53:45Z,1020,19,5,2,0,0,1,1,1,1785530120
2026-07-31T20:53:45Z,1021,9,4,6,0,0,1,1,1,1785529796
2026-07-31T20:53:45Z,1022,14,0,13,0,0,1,1,1,1785531073
2026-07-31T20:53:45Z,1023,14,2,9,0,0,1,1,1,1785530695
2026-07-31T20:53:45Z,1024,4,2,15,0,0,1,1,1,1785529846
2026-07-31T20:53:45Z,1025,4,0,14,0,1,1,1,1,1785531053
2026-07-31T20:53:45Z,1026,12,9,18,1,0,1,1,1,1785530435
2026-07-31T20:53:45Z,1028,3,1,20,0,0,1,1,1,1785531035
2026-07-31T20:53:45Z,1029,12,10,3,0,0,1,1,1,1785530103
2026-07-31T20:53:45Z,1030,13,4,10,0,0,1,1,1,1785529914
2026-07-31T20:53:45Z,1031,9,1,10,0,0,1,1,1,1785530224
2026-07-31T20:53:45Z,1032,7,1,12,0,0,1,1,1,1785530895
2026-07-31T20:53:45Z,1033,9,5,10,0,0,1,1,1,1785529903
2026-07-31T20:53:45Z,1034,3,0,12,0,0,1,1,1,1785530877
2026-07-31T20:53:45Z,1035,1,0,17,1,0,1,1,1,1785530904
2026-07-31T20:53:45Z,1036,12,0,3,0,0,1,1,1,1785529642
2026-07-31T20:53:45Z,1037,1,0,17,1,0,1,1,1,1785531195
2026-07-31T20:53:45Z,1038,1,0,14,0,0,1,1,1,1785530567
2026-07-31T20:53:45Z,1039,7,1,12,0,0,1,1,1,1785531046
2026-07-31T20:53:45Z,1040,6,5,13,0,0,1,1,1,1785531152
2026-07-31T20:53:45Z,1041,10,2,9,0,0,1,1,1,1785530815
2026-07-31T20:53:45Z,1042,2,0,12,1,0,1,1,1,1785530900
2026-07-31T20:53:45Z,1043,10,5,8,1,0,1,1,1,1785530976
2026-07-31T20:53:45Z,1044,2,1,13,0,0,1,1,1,1785530622
2026-07-31T20:53:45Z,1045,9,0,10,0,0,1,1,1,1785530878
2026-07-31T20:53:45Z,1046,9,0,6,0,0,1,1,1,1785530247
2026-07-31T20:53:45Z,1047,4,0,17,0,0,1,1,1,1785529849
2026-07-31T20:53:45Z,1048,1,0,18,0,0,1,1,1,1785530857
2026-07-31T20:53:45Z,1049,0,0,21,0,0,1,1,1,1785530961
2026-07-31T20:53:45Z,1050,18,5,3,0,0,1,1,1,1785530507
2026-07-31T20:53:45Z,1051,8,3,13,0,0,1,1,1,1785530117
2026-07-31T20:53:45Z,1052,16,1,5,1,0,1,1,1,1785530753
2026-07-31T20:53:45Z,1053,3,2,12,0,0,1,1,1,1785530757
2026-07-31T20:53:45Z,1054,5,1,10,0,0,1,1,1,1785531007
2026-07-31T20:53:45Z,1055,9,2,10,0,0,1,1,1,1785531026
2026-07-31T20:53:45Z,1057,10,2,9,0,0,1,1,1,1785530937
2026-07-31T20:53:45Z,1058,10,1,45,1,0,1,1,1,1785531201
2026-07-31T20:53:45Z,1059,1,1,17,1,0,1,1,1,1785530881
2026-07-31T20:53:45Z,1060,16,0,21,0,0,1,1,1,1785531089
2026-07-31T20:53:45Z,1061,21,0,16,0,0,1,1,1,1785531207
2026-07-31T20:53:45Z,1062,8,1,9,0,0,1,1,1,1785531127
2026-07-31T20:53:45Z,1063,12,1,6,1,0,1,1,1,1785530938
2026-07-31T20:53:45Z,1064,3,0,19,1,0,1,1,1,1785529487
2026-07-31T20:53:45Z,1065,16,3,7,0,0,1,1,1,1785529733
2026-07-31T20:53:45Z,1066,12,2,11,0,0,1,1,1,1785529553
2026-07-31T20:53:45Z,1067,8,2,13,2,0,1,1,1,1785529829
2026-07-31T20:53:45Z,1068,5,2,15,3,0,1,1,1,1785531181
2026-07-31T20:53:45Z,1069,12,3,11,0,0,1,1,1,1785531184
2026-07-31T20:53:45Z,1070,12,2,11,0,0,1,1,1,1785529467
2026-07-31T20:53:45Z,1071,8,4,15,0,0,1,1,1,1785529505
2026-07-31T20:53:45Z,1072,11,1,11,1,0,1,1,1,1785529916
2026-07-31T20:53:45Z,1073,5,0,21,1,0,1,1,1,1785530703
2026-07-31T20:53:45Z,1074,41,6,9,3,0,1,1,1,1785531171
2026-07-31T20:53:45Z,1075,8,8,13,0,0,1,1,1,1785530215
2026-07-31T20:53:45Z,1076,17,14,4,0,0,1,1,1,1785530138
2026-07-31T20:53:45Z,1077,11,7,9,1,0,1,1,1,1785529779
2026-07-31T20:53:45Z,1078,10,9,11,0,0,1,1,1,1785530173
2026-07-31T20:53:45Z,1079,13,9,8,0,0,1,1,1,1785530998
2026-07-31T20:53:45Z,1080,10,7,9,2,0,1,1,1,1785530722
2026-07-31T20:53:45Z,1081,13,7,6,0,0,1,1,1,1785530350
2026-07-31T20:53:45Z,1082,12,11,11,0,0,1,1,1,1785530798
2026-07-31T20:53:45Z,1083,14,12,7,0,0,1,1,1,1785531064
2026-07-31T20:53:45Z,1084,10,8,11,0,0,1,1,1,1785530680
2026-07-31T20:53:45Z,1085,12,9,9,0,0,1,1,1,1785530645
2026-07-31T20:53:45Z,1086,13,10,7,1,0,1,1,1,1785531079
2026-07-31T20:53:45Z,1087,6,6,9,0,0,1,1,1,1785530162
2026-07-31T20:53:45Z,1088,10,7,5,0,0,1,1,1,1785530938
2026-07-31T20:53:45Z,1089,7,3,8,0,0,1,1,1,1785529453
2026-07-31T20:53:45Z,1090,7,6,8,0,0,1,1,1,1785529874
2026-07-31T20:53:45Z,1091,7,5,8,0,0,1,1,1,1785530074
2026-07-31T20:53:45Z,1092,10,9,5,0,0,1,1,1,1785529456
2026-07-31T20:53:45Z,1093,5,5,9,1,0,1,1,1,1785530151
2026-07-31T20:53:45Z,1094,10,9,9,0,0,1,1,1,1785530889
2026-07-31T20:53:45Z,1095,10,8,5,0,0,1,1,1,1785531062
2026-07-31T20:53:45Z,1096,10,8,8,1,0,1,1,1,1785529448
2026-07-31T20:53:45Z,1097,8,8,7,0,0,1,1,1,1785529643
2026-07-31T20:53:45Z,1098,9,7,10,0,0,1,1,1,1785530494
2026-07-31T20:53:45Z,1099,7,6,8,0,0,1,1,1,1785530724
2026-07-31T20:53:45Z,1100,5,3,23,1,0,1,1,1,1785530760
2026-07-31T20:53:45Z,1101,10,5,11,0,0,1,1,1,1785530650
2026-07-31T20:53:45Z,1102,9,4,4,0,0,1,1,1,1785529855
2026-07-31T20:53:45Z,1103,11,5,10,0,0,1,1,1,1785503681
2026-07-31T20:53:45Z,1104,11,6,10,0,0,1,1,1,1785530400
2026-07-31T20:53:45Z,1105,8,4,5,0,0,1,1,1,1785529738
2026-07-31T20:53:45Z,1106,10,5,11,0,0,1,1,1,1785530741
2026-07-31T20:53:45Z,1107,9,5,6,0,0,1,1,1,1785530987
2026-07-31T20:53:45Z,1108,7,3,16,3,1,1,1,1,1785529885
2026-07-31T20:53:45Z,1109,8,4,7,0,0,1,1,1,1785530930
2026-07-31T20:53:45Z,1110,12,4,9,0,0,1,1,1,1785530264
2026-07-31T20:53:45Z,1111,12,6,8,1,0,1,1,1,1785531028
2026-07-31T20:53:45Z,1112,24,0,29,0,0,1,1,1,1785531143
2026-07-31T20:53:45Z,1113,1,0,20,0,0,1,1,1,1785530794
2026-07-31T20:53:45Z,1115,13,2,6,4,0,1,1,1,1785529647
2026-07-31T20:53:45Z,1116,2,0,17,0,0,1,1,1,1785530915
2026-07-31T20:53:45Z,1117,1,0,20,2,0,1,1,1,1785531059
2026-07-31T20:53:45Z,1118,11,1,10,0,0,1,1,1,1785530218
2026-07-31T20:53:45Z,1119,8,0,9,0,0,1,1,1,1785530093
2026-07-31T20:53:45Z,1120,7,0,11,1,0,1,1,1,1785531006
2026-07-31T20:53:45Z,1121,3,0,17,1,0,1,1,1,1785530938
2026-07-31T20:53:45Z,1122,4,1,16,1,0,1,1,1,1785531158
2026-07-31T20:53:45Z,1123,10,7,11,2,0,1,1,1,1785530884
2026-07-31T20:53:45Z,1124,1,0,11,3,0,1,1,1,1785530807
2026-07-31T20:53:45Z,1125,18,2,5,0,0,1,1,1,1785530925
2026-07-31T20:53:45Z,1126,9,0,12,0,0,1,1,1,1785530229
2026-07-31T20:53:45Z,1127,4,1,15,0,0,1,1,1,1785530532
2026-07-31T20:53:45Z,1128,1,0,14,0,0,1,1,1,1785530884
2026-07-31T20:53:45Z,1129,2,1,17,2,0,1,1,1,1785530970
2026-07-31T20:53:45Z,1130,8,1,7,0,0,1,1,1,1785530943
2026-07-31T20:53:45Z,1131,2,2,46,1,0,1,1,1,1785531114
2026-07-31T20:53:45Z,1132,10,4,10,1,0,1,1,1,1785530564
2026-07-31T20:53:45Z,1133,7,5,10,4,0,1,1,1,1785531081
2026-07-31T20:53:45Z,1134,11,5,8,0,0,1,1,1,1785529610
2026-07-31T20:53:45Z,1135,12,6,9,0,0,1,1,1,1785530545
2026-07-31T20:53:45Z,1136,16,0,7,0,0,1,1,1,1785531123
2026-07-31T20:53:45Z,1137,13,0,2,0,0,1,1,1,1785530801
2026-07-31T20:53:45Z,1138,3,0,16,0,0,1,1,1,1785530987
2026-07-31T20:53:45Z,1139,13,2,6,2,0,1,1,1,1785530823
2026-07-31T20:53:45Z,1140,5,1,16,2,0,1,1,1,1785530722
2026-07-31T20:53:45Z,1141,13,6,8,0,0,1,1,1,1785531033
2026-07-31T20:53:45Z,1142,0,0,21,0,0,1,1,1,1785529739
2026-07-31T20:53:45Z,1143,24,1,5,0,0,1,1,1,1785531166
2026-07-31T20:53:45Z,1144,7,0,13,1,0,1,1,1,1785530403
2026-07-31T20:53:45Z,1145,11,5,9,1,0,1,1,1,1785529506
2026-07-31T20:53:45Z,1146,15,13,1,3,0,1,1,1,1785531203
2026-07-31T20:53:45Z,1147,13,1,6,0,0,1,1,1,1785531072
2026-07-31T20:53:45Z,1148,8,2,23,0,0,1,1,1,1785531073
2026-07-31T20:53:45Z,1149,5,4,16,4,0,1,1,1,1785531042
2026-07-31T20:53:45Z,1150,9,0,10,0,0,1,1,1,1785530909
2026-07-31T20:53:45Z,1151,7,0,14,0,0,1,1,1,1785529756
2026-07-31T20:53:45Z,1152,6,0,23,0,0,1,1,1,1785531176
2026-07-31T20:53:45Z,1153,21,2,1,1,0,1,1,1,1785530534
2026-07-31T20:53:45Z,1154,3,0,16,0,0,1,1,1,1785530310
2026-07-31T20:53:45Z,1155,6,2,12,3,0,1,1,1,1785531173
2026-07-31T20:53:45Z,1158,3,1,16,0,0,1,1,1,1785530800
2026-07-31T20:53:45Z,1159,12,0,7,0,0,1,1,1,1785531162
2026-07-31T20:53:45Z,1160,9,2,10,0,0,1,1,1,1785531091
2026-07-31T20:53:45Z,1161,3,0,15,1,0,1,1,1,1785529481
2026-07-31T20:53:45Z,1162,2,1,17,0,0,1,1,1,1785529736
2026-07-31T20:53:45Z,1163,2,1,16,1,0,1,1,1,1785530920
2026-07-31T20:53:45Z,1164,5,1,14,0,0,1,1,1,1785530976
2026-07-31T20:53:45Z,1165,1,0,20,0,0,1,1,1,1785531009
2026-07-31T20:53:45Z,1166,13,3,8,0,0,1,1,1,1785530163
2026-07-31T20:53:45Z,1167,4,0,11,0,0,1,1,1,1785530649
2026-07-31T20:53:45Z,1168,3,0,18,2,0,1,1,1,1785531212
2026-07-31T20:53:45Z,1169,3,0,15,1,0,1,1,1,1785530821
2026-07-31T20:53:45Z,1170,7,1,14,0,0,1,1,1,1785529402
2026-07-31T20:53:45Z,1171,9,8,14,0,0,1,1,1,1785530920
2026-07-31T20:53:45Z,1172,3,0,10,2,0,1,1,1,1785530968
2026-07-31T20:53:45Z,1173,13,4,6,0,0,1,1,1,1785531081
2026-07-31T20:53:45Z,1174,6,3,9,0,0,1,1,1,1785530725
2026-07-31T20:53:45Z,1175,5,3,14,0,0,1,1,1,1785531043
2026-07-31T20:53:45Z,1176,8,2,13,0,0,1,1,1,1785530305
2026-07-31T20:53:45Z,1177,3,1,18,0,0,1,1,1,1785531041
2026-07-31T20:53:45Z,1178,5,2,10,0,0,1,1,1,1785530649
2026-07-31T20:53:45Z,1181,8,0,7,0,0,1,1,1,1785530218
2026-07-31T20:53:45Z,1182,16,1,3,1,0,1,1,1,1785531104
2026-07-31T20:53:45Z,1183,24,0,19,2,0,1,1,1,1785531209
2026-07-31T20:53:45Z,1184,1,1,18,2,0,1,1,1,1785531206
2026-07-31T20:53:45Z,1185,9,5,12,0,0,1,1,1,1785530372
2026-07-31T20:53:45Z,1186,9,5,10,0,0,1,1,1,1785529535
2026-07-31T20:53:45Z,1187,10,5,10,1,0,1,1,1,1785529779
2026-07-31T20:53:45Z,1188,10,5,5,0,0,1,1,1,1785530984
2026-07-31T20:53:45Z,1189,9,4,10,0,0,1,1,1,1785531114
2026-07-31T20:53:45Z,1190,9,4,12,0,0,1,1,1,1785530528
2026-07-31T20:53:45Z,1191,10,5,5,0,0,1,1,1,1785530988
2026-07-31T20:53:45Z,1192,11,7,9,1,0,1,1,1,1785530892
2026-07-31T20:53:45Z,1193,6,4,5,2,0,1,1,1,1785529971
2026-07-31T20:53:45Z,1197,8,5,8,1,0,1,1,1,1785530471
2026-07-31T20:53:45Z,1198,13,4,6,2,0,1,1,1,1785529602
2026-07-31T20:53:45Z,1199,3,0,16,0,0,1,1,1,1785529592
2026-07-31T20:53:45Z,1200,9,5,6,0,0,1,1,1,1785531025
2026-07-31T20:53:45Z,1201,9,4,6,0,0,1,1,1,1785531000
2026-07-31T20:53:45Z,1202,10,5,5,0,0,1,1,1,1785531102
2026-07-31T20:53:45Z,1203,11,5,4,0,0,1,1,1,1785531006
2026-07-31T20:53:45Z,1204,7,4,12,0,0,1,1,1,1785530781
2026-07-31T20:53:45Z,1206,11,5,10,0,0,1,1,1,1785530018
2026-07-31T20:53:45Z,1207,8,4,6,1,0,1,1,1,1785529504
2026-07-31T20:53:45Z,1208,10,4,9,0,0,1,1,1,1785529446
2026-07-31T20:53:45Z,1216,9,0,11,1,0,1,1,1,1785530236
2026-07-31T20:53:45Z,1218,4,0,17,0,0,1,1,1,1785530633
2026-07-31T20:53:45Z,1219,5,1,7,3,0,1,1,1,1785530906
2026-07-31T20:53:45Z,1220,17,6,2,0,0,1,1,1,1785530271
2026-07-31T20:53:45Z,1221,1,1,19,1,0,1,1,1,1785529983
2026-07-31T20:53:45Z,1222,14,3,15,0,0,1,1,1,1785530968
2026-07-31T20:53:45Z,1223,26,0,2,1,0,1,1,1,1785530864
2026-07-31T20:53:45Z,1226,0,0,3,0,0,0,1,1,1781868931
2026-07-31T20:53:45Z,1227,5,0,19,1,0,1,1,1,1785531138
2026-07-31T20:53:45Z,1228,6,5,23,0,0,1,1,1,1785529946
2026-07-31T20:53:45Z,1229,45,1,0,0,0,1,1,1,1785531201
2026-07-31T20:58:45Z,1,13,2,10,0,0,1,1,1,1785531079
2026-07-31T20:58:45Z,2,15,1,9,3,0,1,1,1,1785531467
2026-07-31T20:58:45Z,3,10,0,3,1,0,1,1,1,1785531314
2026-07-31T20:58:45Z,4,20,0,1,1,0,1,1,1,1785531156
2026-07-31T20:58:45Z,5,16,3,5,2,0,1,1,1,1785530181
2026-07-31T20:58:45Z,6,4,0,11,0,0,1,1,1,1785531249
2026-07-31T20:58:45Z,7,4,0,35,0,0,1,1,1,1785530948
2026-07-31T20:58:45Z,8,12,0,31,0,0,1,1,1,1785531310
2026-07-31T20:58:45Z,9,12,0,10,1,0,1,1,1,1785531344
2026-07-31T20:58:45Z,10,1,0,20,2,0,1,1,1,1785531328
2026-07-31T20:58:45Z,11,7,0,10,2,0,1,1,1,1785531384
2026-07-31T20:58:45Z,12,22,0,1,0,0,1,1,1,1785530657
2026-07-31T20:58:45Z,13,10,0,20,0,0,1,1,1,1785531469
2026-07-31T20:58:45Z,14,41,0,1,0,1,1,1,1,1785530995
2026-07-31T20:58:45Z,15,15,0,0,0,0,1,1,1,1785530434
2026-07-31T20:58:45Z,16,3,1,21,2,1,1,1,1,1785531134
2026-07-31T20:58:45Z,17,7,0,19,1,0,1,1,1,1785531432
2026-07-31T20:58:45Z,18,5,0,11,2,0,1,1,1,1785531310
2026-07-31T20:58:45Z,19,10,2,14,3,0,1,1,1,1785531297
2026-07-31T20:58:45Z,20,11,2,24,0,0,1,1,1,1785531253
2026-07-31T20:58:45Z,21,15,1,3,1,0,1,1,1,1785531487
2026-07-31T20:58:45Z,22,28,0,35,2,0,1,1,1,1785531379
2026-07-31T20:58:45Z,23,22,7,7,2,0,1,1,1,1785531403
2026-07-31T20:58:45Z,24,9,2,1,1,0,1,1,1,1785531505
2026-07-31T20:58:45Z,25,76,4,4,1,0,1,1,1,1785531512
2026-07-31T20:58:45Z,26,25,1,2,0,0,1,1,1,1785531410
2026-07-31T20:58:45Z,28,8,1,7,0,0,1,1,1,1785531312
2026-07-31T20:58:45Z,30,17,0,11,1,0,1,1,1,1785531233
2026-07-31T20:58:45Z,31,15,1,2,2,0,1,1,1,1785531502
2026-07-31T20:58:45Z,32,8,4,19,0,0,1,1,1,1785531406
2026-07-31T20:58:45Z,34,19,2,18,0,0,1,1,1,1785531301
2026-07-31T20:58:45Z,35,18,5,29,0,0,1,1,1,1785531512
2026-07-31T20:58:45Z,36,0,0,0,0,0,0,1,1,86400
2026-07-31T20:58:45Z,37,15,2,8,0,0,1,1,1,1785531497
2026-07-31T20:58:45Z,38,6,0,17,0,0,1,1,1,1785531356
2026-07-31T20:58:45Z,39,17,2,22,0,0,1,1,1,1785531445
2026-07-31T20:58:45Z,40,5,0,16,0,0,1,1,1,1785531467
2026-07-31T20:58:45Z,41,31,0,12,0,0,1,1,1,1785531246
2026-07-31T20:58:45Z,42,3,0,27,1,0,1,1,1,1785531113
2026-07-31T20:58:45Z,43,10,0,13,0,0,1,1,1,1785531270
2026-07-31T20:58:45Z,45,15,1,14,0,0,1,1,1,1785531378
2026-07-31T20:58:45Z,46,1,0,28,2,0,1,1,1,1785531373
2026-07-31T20:58:45Z,47,2,1,12,1,0,1,1,1,1785531213
2026-07-31T20:58:45Z,48,21,0,6,0,0,1,1,1,1785531080
2026-07-31T20:58:45Z,49,0,0,19,4,0,1,1,1,1785531513
2026-07-31T20:58:45Z,50,7,7,12,0,0,1,1,1,1785531407
2026-07-31T20:58:45Z,51,50,0,27,0,0,1,1,1,1785531361
2026-07-31T20:58:45Z,52,5,1,19,3,0,1,1,1,1785531354
2026-07-31T20:58:45Z,55,19,0,4,0,0,1,1,1,1785531471
2026-07-31T20:58:45Z,56,24,0,19,0,0,1,1,1,1785531130
2026-07-31T20:58:45Z,57,16,0,10,1,0,1,1,1,1785531380
2026-07-31T20:58:45Z,58,1,0,27,0,0,1,1,1,1785531157
2026-07-31T20:58:45Z,59,1,1,24,2,0,1,1,1,1785531467
2026-07-31T20:58:45Z,61,0,0,39,0,0,1,1,1,1785529980
2026-07-31T20:58:45Z,62,26,16,21,2,0,1,1,1,1785531500
2026-07-31T20:58:45Z,63,13,1,6,0,0,1,1,1,1785530620
2026-07-31T20:58:45Z,64,12,1,3,4,0,1,1,1,1785530968
2026-07-31T20:58:45Z,65,8,4,10,1,0,1,1,1,1785530131
2026-07-31T20:58:45Z,67,34,0,5,0,0,1,1,1,1785531376
2026-07-31T20:58:45Z,68,34,1,2,1,0,1,1,1,1785531495
2026-07-31T20:58:45Z,69,2,0,13,0,0,1,1,1,1785531352
2026-07-31T20:58:45Z,71,16,1,8,3,0,1,1,1,1785531501
2026-07-31T20:58:45Z,72,26,4,1,3,1,1,1,1,1785531480
2026-07-31T20:58:45Z,73,19,0,12,0,0,1,1,1,1785531457
2026-07-31T20:58:45Z,74,1,0,18,0,0,1,1,1,1785530679
2026-07-31T20:58:45Z,75,16,0,15,1,0,1,1,1,1785529675
2026-07-31T20:58:45Z,76,10,0,8,1,0,1,1,1,1785531510
2026-07-31T20:58:45Z,77,1,0,26,0,0,1,1,1,1785531441
2026-07-31T20:58:45Z,78,4,2,19,0,0,1,1,1,1785531503
2026-07-31T20:58:45Z,79,1,0,15,1,0,1,1,1,1785531501
2026-07-31T20:58:45Z,80,12,1,8,3,0,1,1,1,1785531478
2026-07-31T20:58:45Z,81,3,0,28,0,0,1,1,1,1785531500
2026-07-31T20:58:45Z,82,15,8,6,2,0,1,1,1,1785531512
2026-07-31T20:58:45Z,83,5,1,28,1,0,1,1,1,1785531509
2026-07-31T20:58:45Z,84,1,1,25,1,0,1,1,1,1785531327
2026-07-31T20:58:45Z,85,12,1,3,0,0,1,1,1,1785530947
2026-07-31T20:58:45Z,86,1,0,26,0,0,1,1,1,1785531383
2026-07-31T20:58:45Z,87,1,0,18,0,0,1,1,1,1785531107
2026-07-31T20:58:45Z,88,10,0,32,1,0,1,1,1,1785531266
2026-07-31T20:58:45Z,89,30,2,5,0,0,1,1,1,1785531504
2026-07-31T20:58:45Z,90,7,0,10,1,0,1,1,1,1785531416
2026-07-31T20:58:45Z,91,1,0,16,0,0,1,1,1,1785530870
2026-07-31T20:58:45Z,92,4,0,12,3,0,1,1,1,1785531478
2026-07-31T20:58:45Z,93,4,1,19,0,0,1,1,1,1785531504
2026-07-31T20:58:45Z,94,13,0,5,1,0,1,1,1,1785531042
2026-07-31T20:58:45Z,95,3,1,30,1,1,1,1,1,1785531504
2026-07-31T20:58:45Z,96,13,3,17,1,0,1,1,1,1785531420
2026-07-31T20:58:45Z,97,1,0,14,2,0,1,1,1,1785531342
2026-07-31T20:58:45Z,98,31,7,4,0,0,1,1,1,1785531430
2026-07-31T20:58:45Z,99,10,0,5,0,0,1,1,1,1785531406
2026-07-31T20:58:45Z,100,5,0,22,0,0,1,1,1,1785531384
2026-07-31T20:58:45Z,101,14,0,0,1,0,1,1,1,1785531114
2026-07-31T20:58:45Z,102,9,0,14,0,0,1,1,1,1785531199
2026-07-31T20:58:45Z,103,14,2,13,3,0,1,1,1,1785531379
2026-07-31T20:58:45Z,104,22,1,3,2,0,1,1,1,1785531512
2026-07-31T20:58:45Z,105,18,0,1,0,0,1,1,1,1785529401
2026-07-31T20:58:45Z,106,15,0,5,1,0,1,1,1,1785531067
2026-07-31T20:58:45Z,107,21,0,16,0,0,1,1,1,1785531430
2026-07-31T20:58:45Z,108,4,0,29,2,0,1,1,1,1785531502
2026-07-31T20:58:45Z,109,7,0,16,0,0,1,1,1,1785531445
2026-07-31T20:58:45Z,110,16,0,7,0,0,1,1,1,1785531407
2026-07-31T20:58:45Z,111,16,2,20,0,0,1,1,1,1785531512
2026-07-31T20:58:45Z,112,6,1,8,1,0,1,1,1,1785531497
2026-07-31T20:58:45Z,113,9,0,9,1,0,1,1,1,1785531414
2026-07-31T20:58:45Z,114,15,6,14,1,1,1,1,1,1785531217
2026-07-31T20:58:45Z,115,16,11,8,4,0,1,1,1,1785530821
2026-07-31T20:58:45Z,116,11,11,15,1,0,1,1,1,1785531110
2026-07-31T20:58:45Z,118,15,1,6,2,0,1,1,1,1785531357
2026-07-31T20:58:45Z,119,1,0,35,2,0,1,1,1,1785530752
2026-07-31T20:58:45Z,120,3,0,22,2,0,1,1,1,1785531432
2026-07-31T20:58:45Z,121,2,0,14,2,1,1,1,1,1785531513
2026-07-31T20:58:45Z,122,3,0,18,0,0,1,1,1,1785531258
2026-07-31T20:58:45Z,123,16,2,31,0,0,1,1,1,1785531483
2026-07-31T20:58:45Z,124,4,2,31,0,0,1,1,1,1785531222
2026-07-31T20:58:45Z,125,3,2,18,2,0,1,1,1,1785531398
2026-07-31T20:58:45Z,126,18,0,13,0,0,1,1,1,1785528553
2026-07-31T20:58:45Z,127,14,3,20,1,0,1,1,1,1785531319
2026-07-31T20:58:45Z,128,3,0,16,0,0,1,1,1,1785531228
2026-07-31T20:58:45Z,129,2,0,14,3,0,1,1,1,1785531495
2026-07-31T20:58:45Z,130,0,0,17,0,0,1,1,1,1785531401
2026-07-31T20:58:45Z,131,6,5,5,0,0,1,1,1,1785531483
2026-07-31T20:58:45Z,132,6,4,8,0,1,1,1,1,1785530188
2026-07-31T20:58:45Z,134,16,1,3,4,0,1,1,1,1785531442
2026-07-31T20:58:45Z,135,3,0,15,1,0,1,1,1,1785531435
2026-07-31T20:58:45Z,136,0,0,16,1,6,1,1,1,1785531398
2026-07-31T20:58:45Z,137,6,4,11,2,0,1,1,1,1785531485
2026-07-31T20:58:45Z,138,6,0,31,0,0,1,1,1,1785531036
2026-07-31T20:58:45Z,139,1,1,18,0,0,1,1,1,1785531439
2026-07-31T20:58:45Z,140,5,1,17,1,0,1,1,1,1785531511
2026-07-31T20:58:45Z,141,5,0,31,0,0,1,1,1,1785531441
2026-07-31T20:58:45Z,142,3,2,20,0,0,1,1,1,1785531314
2026-07-31T20:58:45Z,143,0,0,31,0,0,1,1,1,1785531035
2026-07-31T20:58:45Z,144,15,0,12,0,0,1,1,1,1785531423
2026-07-31T20:58:45Z,146,18,0,4,1,0,1,1,1,1785531440
2026-07-31T20:58:45Z,147,1,0,14,4,0,1,1,1,1785531420
2026-07-31T20:58:45Z,148,5,1,18,4,0,1,1,1,1785531282
2026-07-31T20:58:45Z,149,1,0,26,0,0,1,1,1,1785531316
2026-07-31T20:58:45Z,150,9,1,24,2,0,1,1,1,1785531461
2026-07-31T20:58:45Z,151,7,1,16,0,0,1,1,1,1785531398
2026-07-31T20:58:45Z,152,4,1,19,3,0,1,1,1,1785531406
2026-07-31T20:58:45Z,153,4,1,22,2,0,1,1,1,1785531430
2026-07-31T20:58:45Z,154,6,0,14,3,0,1,1,1,1785531485
2026-07-31T20:58:45Z,155,1,0,12,1,0,1,1,1,1785531212
2026-07-31T20:58:45Z,156,4,0,15,0,0,1,1,1,1785530974
2026-07-31T20:58:45Z,157,7,1,17,3,0,1,1,1,1785531487
2026-07-31T20:58:45Z,158,3,1,12,1,0,1,1,1,1785531503
2026-07-31T20:58:45Z,159,3,2,14,2,0,1,1,1,1785531465
2026-07-31T20:58:45Z,160,1,0,18,0,0,1,1,1,1785531469
2026-07-31T20:58:45Z,161,18,0,4,0,0,1,1,1,1785531302
2026-07-31T20:58:45Z,162,20,12,5,2,0,1,1,1,1785531482
2026-07-31T20:58:45Z,163,7,0,23,0,1,1,1,1,1785531502
2026-07-31T20:58:45Z,164,15,1,12,0,0,1,1,1,1785531507
2026-07-31T20:58:45Z,165,26,5,5,0,0,1,1,1,1785531453
2026-07-31T20:58:45Z,166,3,2,32,4,0,1,1,1,1785531513
2026-07-31T20:58:45Z,167,8,1,14,1,0,1,1,1,1785531233
2026-07-31T20:58:45Z,168,0,0,24,3,0,1,1,1,1785531392
2026-07-31T20:58:45Z,169,13,2,9,0,1,1,1,1,1785531448
2026-07-31T20:58:45Z,170,3,1,15,1,0,1,1,1,1785531149
2026-07-31T20:58:45Z,171,10,1,1,2,0,1,1,1,1785531400
2026-07-31T20:58:45Z,173,12,3,27,0,0,1,1,1,1785531346
2026-07-31T20:58:45Z,174,7,1,19,0,0,1,1,1,1785531441
2026-07-31T20:58:45Z,175,28,1,2,1,0,1,1,1,1785531348
2026-07-31T20:58:45Z,176,12,3,0,2,1,1,1,1,1785531509
2026-07-31T20:58:45Z,177,5,2,21,1,0,1,1,1,1785531438
2026-07-31T20:58:45Z,178,12,0,0,2,1,1,1,1,1785531511
2026-07-31T20:58:45Z,179,10,6,3,3,0,1,1,1,1785531507
2026-07-31T20:58:45Z,180,0,0,30,0,0,1,1,1,1785531465
2026-07-31T20:58:45Z,181,1,0,14,0,0,1,1,1,1785531319
2026-07-31T20:58:45Z,182,4,1,13,0,0,1,1,1,1785531073
2026-07-31T20:58:45Z,183,4,2,18,1,0,1,1,1,1785531430
2026-07-31T20:58:45Z,184,19,0,1,3,0,1,1,1,1785531338
2026-07-31T20:58:45Z,185,5,4,8,1,1,1,1,1,1785531386
2026-07-31T20:58:45Z,186,4,2,15,0,0,1,1,1,1785531218
2026-07-31T20:58:45Z,187,0,0,27,1,0,1,1,1,1785530101
2026-07-31T20:58:45Z,188,11,4,8,8,0,1,1,1,1785531510
2026-07-31T20:58:45Z,189,3,2,12,0,0,1,1,1,1785530687
2026-07-31T20:58:45Z,190,16,0,6,1,0,1,1,1,1785531404
2026-07-31T20:58:45Z,191,14,9,25,0,0,1,1,1,1785531420
2026-07-31T20:58:45Z,192,2,1,27,2,0,1,1,1,1785531445
2026-07-31T20:58:45Z,193,4,3,10,1,0,1,1,1,1785531368
2026-07-31T20:58:45Z,194,3,3,24,0,0,1,1,1,1785531358
2026-07-31T20:58:45Z,195,2,0,17,0,0,1,1,1,1785531365
2026-07-31T20:58:45Z,196,10,8,16,1,0,1,1,1,1785531424
2026-07-31T20:58:45Z,197,0,0,18,0,1,1,1,1,1785531224
2026-07-31T20:58:45Z,198,10,10,12,1,0,1,1,1,1785531376
2026-07-31T20:58:45Z,199,0,0,14,1,0,1,1,1,1785531492
2026-07-31T20:58:45Z,200,15,14,10,1,0,1,1,1,1785531496
2026-07-31T20:58:45Z,201,9,5,14,0,0,1,1,1,1785531233
2026-07-31T20:58:45Z,202,6,0,21,0,0,1,1,1,1785530960
2026-07-31T20:58:45Z,203,11,2,19,1,0,1,1,1,1785531350
2026-07-31T20:58:45Z,204,25,0,9,1,0,1,1,1,1785531339
2026-07-31T20:58:45Z,205,10,0,16,1,0,1,1,1,1785531124
2026-07-31T20:58:45Z,206,6,2,9,0,0,1,1,1,1785531298
2026-07-31T20:58:45Z,207,21,1,0,0,0,1,1,1,1785531400
2026-07-31T20:58:45Z,208,3,1,26,0,0,1,1,1,1785531481
2026-07-31T20:58:45Z,209,25,2,5,1,0,1,1,1,1785531492
2026-07-31T20:58:45Z,210,6,2,21,0,0,1,1,1,1785531398
2026-07-31T20:58:45Z,211,0,0,22,1,0,1,1,1,1785530930
2026-07-31T20:58:45Z,212,8,0,26,1,0,1,1,1,1785531468
2026-07-31T20:58:45Z,213,16,5,6,1,0,1,1,1,1785531457
2026-07-31T20:58:45Z,214,35,7,10,2,0,1,1,1,1785531426
2026-07-31T20:58:45Z,215,18,4,4,1,0,1,1,1,1785531455
2026-07-31T20:58:45Z,216,8,4,10,1,0,1,1,1,1785531436
2026-07-31T20:58:45Z,217,17,0,11,1,0,1,1,1,1785531511
2026-07-31T20:58:45Z,218,11,8,25,3,0,1,1,1,1785531432
2026-07-31T20:58:45Z,219,17,0,8,1,0,1,1,1,1785531477
2026-07-31T20:58:45Z,220,23,8,19,0,1,1,1,1,1785531493
2026-07-31T20:58:45Z,221,3,3,11,1,0,1,1,1,1785531410
2026-07-31T20:58:45Z,222,6,3,12,1,0,1,1,1,1785531501
2026-07-31T20:58:45Z,223,6,0,26,3,0,1,1,1,1785531500
2026-07-31T20:58:45Z,224,3,1,18,1,0,1,1,1,1785531264
2026-07-31T20:58:45Z,225,7,2,8,4,0,1,1,1,1785531303
2026-07-31T20:58:45Z,226,2,1,28,1,0,1,1,1,1785531266
2026-07-31T20:58:45Z,227,2,1,24,1,0,1,1,1,1785531501
2026-07-31T20:58:45Z,228,4,2,13,2,0,1,1,1,1785531080
2026-07-31T20:58:45Z,230,6,0,20,0,0,1,1,1,1785531484
2026-07-31T20:58:45Z,232,4,0,12,1,0,1,1,1,1785531097
2026-07-31T20:58:45Z,233,8,7,22,1,0,1,1,1,1785531443
2026-07-31T20:58:45Z,234,11,3,1,5,2,1,1,1,1785530558
2026-07-31T20:58:45Z,236,16,2,3,0,0,1,1,1,1785528929
2026-07-31T20:58:45Z,237,2,0,20,1,0,1,1,1,1785531177
2026-07-31T20:58:45Z,239,3,3,23,1,0,1,1,1,1785531508
2026-07-31T20:58:45Z,241,6,5,16,1,0,1,1,1,1785531062
2026-07-31T20:58:45Z,242,6,0,16,1,0,1,1,1,1785531387
2026-07-31T20:58:45Z,243,15,7,13,3,0,1,1,1,1785531482
2026-07-31T20:58:45Z,244,4,1,21,2,0,1,1,1,1785531432
2026-07-31T20:58:45Z,245,10,3,13,0,0,1,1,1,1785531459
2026-07-31T20:58:45Z,246,12,3,11,0,0,1,1,1,1785531441
2026-07-31T20:58:45Z,247,4,3,17,2,0,1,1,1,1785531046
2026-07-31T20:58:45Z,248,14,6,7,2,0,1,1,1,1785531436
2026-07-31T20:58:45Z,249,18,18,0,1,0,1,1,1,1785530558
2026-07-31T20:58:45Z,250,4,3,18,5,0,1,1,1,1785531049
2026-07-31T20:58:45Z,251,22,11,1,4,0,1,1,1,1785531327
2026-07-31T20:58:45Z,253,3,2,16,0,0,1,1,1,1785531437
2026-07-31T20:58:45Z,254,4,2,38,1,0,1,1,1,1785531485
2026-07-31T20:58:45Z,255,11,0,11,0,1,1,1,1,1785531344
2026-07-31T20:58:45Z,256,0,0,21,2,0,1,1,1,1785531388
2026-07-31T20:58:45Z,257,3,2,16,0,0,1,1,1,1785529949
2026-07-31T20:58:45Z,258,9,5,6,4,0,1,1,1,1785531500
2026-07-31T20:58:45Z,259,12,0,10,0,1,1,1,1,1785531207
2026-07-31T20:58:45Z,260,0,0,18,1,0,1,1,1,1785531499
2026-07-31T20:58:45Z,261,2,0,15,1,1,1,1,1,1785531373
2026-07-31T20:58:45Z,262,2,1,20,1,0,1,1,1,1785531506
2026-07-31T20:58:45Z,263,1,1,14,0,0,1,1,1,1785530933
2026-07-31T20:58:45Z,264,2,1,17,0,0,1,1,1,1785531412
2026-07-31T20:58:45Z,265,2,0,13,0,0,1,1,1,1785531316
2026-07-31T20:58:45Z,266,10,6,8,1,0,1,1,1,1785531513
2026-07-31T20:58:45Z,267,8,4,6,1,0,1,1,1,1785526233
2026-07-31T20:58:45Z,268,19,6,3,1,0,1,1,1,1785531219
2026-07-31T20:58:45Z,269,10,4,13,0,0,1,1,1,1785531511
2026-07-31T20:58:45Z,270,1,0,25,1,0,1,1,1,1785531212
2026-07-31T20:58:45Z,271,4,0,13,2,0,1,1,1,1785531204
2026-07-31T20:58:45Z,272,8,3,15,0,0,1,1,1,1785531279
2026-07-31T20:58:45Z,273,2,0,13,0,0,1,1,1,1785530717
2026-07-31T20:58:45Z,274,3,2,15,1,0,1,1,1,1785531503
2026-07-31T20:58:45Z,275,10,0,9,4,0,1,1,1,1785531231
2026-07-31T20:58:45Z,276,3,0,23,1,0,1,1,1,1785530369
2026-07-31T20:58:45Z,277,5,5,14,4,0,1,1,1,1785531498
2026-07-31T20:58:45Z,278,16,9,12,3,0,1,1,1,1785531246
2026-07-31T20:58:45Z,279,0,0,19,0,0,1,1,1,1785530676
2026-07-31T20:58:45Z,280,2,0,26,3,0,1,1,1,1785531388
2026-07-31T20:58:45Z,281,3,2,16,0,0,1,1,1,1785530845
2026-07-31T20:58:45Z,282,7,2,11,0,0,1,1,1,1785527347
2026-07-31T20:58:45Z,283,19,1,15,1,0,1,1,1,1785531495
2026-07-31T20:58:45Z,284,28,0,4,3,0,1,1,1,1785531502
2026-07-31T20:58:45Z,285,5,1,18,0,0,1,1,1,1785529514
2026-07-31T20:58:45Z,286,8,7,15,0,0,1,1,1,1785531316
2026-07-31T20:58:45Z,287,11,1,9,3,0,1,1,1,1785531102
2026-07-31T20:58:45Z,288,4,1,15,0,0,1,1,1,1785531327
2026-07-31T20:58:45Z,289,8,5,16,3,0,1,1,1,1785531262
2026-07-31T20:58:45Z,290,19,3,19,1,0,1,1,1,1785531379
2026-07-31T20:58:45Z,291,13,0,9,1,0,1,1,1,1785531205
2026-07-31T20:58:45Z,292,5,1,18,0,0,1,1,1,1785531451
2026-07-31T20:58:45Z,293,4,2,19,0,0,1,1,1,1785531462
2026-07-31T20:58:45Z,294,5,2,15,2,0,1,1,1,1785531444
2026-07-31T20:58:45Z,297,8,1,9,1,1,1,1,1,1785531332
2026-07-31T20:58:45Z,301,11,0,8,0,0,1,1,1,1785531453
2026-07-31T20:58:45Z,302,18,0,5,0,0,1,1,1,1785531154
2026-07-31T20:58:45Z,303,0,0,19,0,0,1,1,1,1785530377
2026-07-31T20:58:45Z,304,0,0,0,0,0,0,1,1,86400
2026-07-31T20:58:45Z,305,6,0,12,1,0,1,1,1,1785531513
2026-07-31T20:58:45Z,306,6,1,26,0,0,1,1,1,1785530891
2026-07-31T20:58:45Z,307,4,0,19,0,0,1,1,1,1785531174
2026-07-31T20:58:45Z,308,2,0,16,1,0,1,1,1,1785531362
2026-07-31T20:58:45Z,309,1,1,13,0,0,1,1,1,1785530983
2026-07-31T20:58:45Z,311,5,0,9,1,0,1,1,1,1785531212
2026-07-31T20:58:45Z,312,10,8,10,2,1,1,1,1,1785531469
2026-07-31T20:58:45Z,313,5,0,10,0,0,1,1,1,1785526554
2026-07-31T20:58:45Z,314,5,1,12,2,0,1,1,1,1785529159
2026-07-31T20:58:45Z,315,14,7,15,2,0,1,1,1,1785531397
2026-07-31T20:58:45Z,316,6,2,18,6,1,1,1,1,1785531499
2026-07-31T20:58:45Z,317,8,7,22,0,1,1,1,1,1785531328
2026-07-31T20:58:45Z,318,16,1,3,0,0,1,1,1,1785531022
2026-07-31T20:58:45Z,319,22,3,0,1,0,1,1,1,1785531437
2026-07-31T20:58:45Z,320,13,0,5,1,0,1,1,1,1785531495
2026-07-31T20:58:45Z,321,2,0,13,4,0,1,1,1,1785531406
2026-07-31T20:58:45Z,322,15,0,14,0,0,1,1,1,1785530430
2026-07-31T20:58:45Z,323,6,1,13,0,0,1,1,1,1785531170
2026-07-31T20:58:45Z,324,13,0,13,1,0,1,1,1,1785531512
2026-07-31T20:58:45Z,325,4,2,21,2,0,1,1,1,1785531513
2026-07-31T20:58:45Z,327,9,1,16,2,0,1,1,1,1785531315
2026-07-31T20:58:45Z,328,15,1,6,1,0,1,1,1,1785531384
2026-07-31T20:58:45Z,329,3,0,13,3,0,1,1,1,1785529828
2026-07-31T20:58:45Z,330,14,0,7,1,0,1,1,1,1785531128
2026-07-31T20:58:45Z,331,16,0,5,2,0,1,1,1,1785530248
2026-07-31T20:58:45Z,332,6,5,12,1,0,1,1,1,1785530287
2026-07-31T20:58:45Z,333,3,3,19,1,0,1,1,1,1785531418
2026-07-31T20:58:45Z,334,10,1,13,0,0,1,1,1,1785531178
2026-07-31T20:58:45Z,335,2,2,20,0,1,1,1,1,1785530699
2026-07-31T20:58:45Z,336,4,1,15,0,0,1,1,1,1785531172
2026-07-31T20:58:45Z,337,13,3,6,4,0,1,1,1,1785531501
2026-07-31T20:58:45Z,338,3,1,16,0,0,1,1,1,1785530274
2026-07-31T20:58:45Z,339,12,10,7,4,0,1,1,1,1785531477
2026-07-31T20:58:45Z,340,0,0,14,1,0,1,1,1,1785530982
2026-07-31T20:58:45Z,341,6,0,13,0,0,1,1,1,1785531191
2026-07-31T20:58:45Z,342,1,0,14,0,0,1,1,1,1785530337
2026-07-31T20:58:45Z,343,9,3,13,1,0,1,1,1,1785529614
2026-07-31T20:58:45Z,344,5,3,18,0,0,1,1,1,1785531278
2026-07-31T20:58:45Z,345,12,1,7,0,0,1,1,1,1785531224
2026-07-31T20:58:45Z,346,4,3,19,0,0,1,1,1,1785531090
2026-07-31T20:58:45Z,347,22,4,19,3,0,1,1,1,1785531496
2026-07-31T20:58:45Z,348,9,0,13,0,1,1,1,1,1785531396
2026-07-31T20:58:45Z,349,16,2,2,1,0,1,1,1,1785530710
2026-07-31T20:58:45Z,350,2,0,23,1,1,1,1,1,1785530916
2026-07-31T20:58:45Z,351,3,1,18,2,0,1,1,1,1785531260
2026-07-31T20:58:45Z,355,3,1,20,0,0,1,1,1,1785531265
2026-07-31T20:58:45Z,356,4,1,15,0,0,1,1,1,1785530888
2026-07-31T20:58:45Z,357,4,3,14,1,0,1,1,1,1785531332
2026-07-31T20:58:45Z,358,13,2,13,1,0,1,1,1,1785529883
2026-07-31T20:58:45Z,359,9,0,18,0,0,1,1,1,1785530951
2026-07-31T20:58:45Z,360,4,3,15,0,0,1,1,1,1785530596
2026-07-31T20:58:45Z,362,3,0,12,4,0,1,1,1,1785531191
2026-07-31T20:58:45Z,363,11,0,16,0,0,1,1,1,1785531507
2026-07-31T20:58:45Z,364,1,0,18,0,0,1,1,1,1785531281
2026-07-31T20:58:45Z,365,2,1,18,3,0,1,1,1,1785531500
2026-07-31T20:58:45Z,366,6,5,16,1,0,1,1,1,1785531512
2026-07-31T20:58:45Z,367,1,1,16,2,0,1,1,1,1785530729
2026-07-31T20:58:45Z,368,1,0,21,1,0,1,1,1,1785530971
2026-07-31T20:58:45Z,370,10,4,17,0,0,1,1,1,1785530872
2026-07-31T20:58:45Z,371,4,3,14,1,0,1,1,1,1785531087
2026-07-31T20:58:45Z,372,15,1,0,0,0,1,1,1,1785530540
2026-07-31T20:58:45Z,373,0,0,27,0,0,1,1,1,1785529201
2026-07-31T20:58:45Z,374,1,1,17,1,0,1,1,1,1785531416
2026-07-31T20:58:45Z,375,18,5,7,2,0,1,1,1,1785531430
2026-07-31T20:58:45Z,376,7,3,29,3,0,1,1,1,1785531220
2026-07-31T20:58:45Z,377,0,0,27,0,0,1,1,1,1785530908
2026-07-31T20:58:45Z,378,3,2,19,1,1,1,1,1,1785531416
2026-07-31T20:58:45Z,379,16,2,9,2,0,1,1,1,1785531456
2026-07-31T20:58:45Z,380,1,0,22,0,0,1,1,1,1785531466
2026-07-31T20:58:45Z,381,8,0,15,0,0,1,1,1,1785531236
2026-07-31T20:58:45Z,383,9,2,4,2,0,1,1,1,1785531173
2026-07-31T20:58:45Z,384,4,1,21,2,0,1,1,1,1785531508
2026-07-31T20:58:45Z,385,1,0,16,1,0,1,1,1,1785531437
2026-07-31T20:58:45Z,387,6,1,17,0,0,1,1,1,1785530214
2026-07-31T20:58:45Z,388,36,2,10,3,0,1,1,1,1785531393
2026-07-31T20:58:45Z,389,4,3,10,1,0,1,1,1,1785531267
2026-07-31T20:58:45Z,390,13,3,22,0,0,1,1,1,1785531415
2026-07-31T20:58:45Z,391,4,2,10,1,0,1,1,1,1785530305
2026-07-31T20:58:45Z,392,1,1,17,1,0,1,1,1,1785531510
2026-07-31T20:58:45Z,393,2,2,6,3,0,1,1,1,1785531366
2026-07-31T20:58:45Z,394,5,0,5,3,0,1,1,1,1785531039
2026-07-31T20:58:45Z,396,1,1,40,1,0,1,1,1,1785531393
2026-07-31T20:58:45Z,397,19,10,12,0,0,1,1,1,1785531406
2026-07-31T20:58:45Z,399,2,0,12,3,0,1,1,1,1785531429
2026-07-31T20:58:45Z,400,14,9,7,2,0,1,1,1,1785531101
2026-07-31T20:58:45Z,401,3,2,28,8,0,1,1,1,1785531177
2026-07-31T20:58:45Z,403,24,3,3,4,0,1,1,1,1785531341
2026-07-31T20:58:45Z,404,3,2,19,1,0,1,1,1,1785531494
2026-07-31T20:58:45Z,406,23,0,12,0,0,1,1,1,1785531513
2026-07-31T20:58:45Z,407,1,0,32,1,0,1,1,1,1785529900
2026-07-31T20:58:45Z,408,2,2,28,3,0,1,1,1,1785531489
2026-07-31T20:58:45Z,409,18,1,3,2,0,1,1,1,1785531102
2026-07-31T20:58:45Z,413,11,2,10,2,0,1,1,1,1785531318
2026-07-31T20:58:45Z,414,11,0,4,0,0,1,1,1,1785531380
2026-07-31T20:58:45Z,417,2,1,17,0,0,1,1,1,1785531404
2026-07-31T20:58:45Z,418,4,2,11,0,0,1,1,1,1785529352
2026-07-31T20:58:45Z,419,13,2,10,0,0,1,1,1,1785529593
2026-07-31T20:58:45Z,421,5,0,14,0,0,1,1,1,1785531164
2026-07-31T20:58:45Z,422,18,3,9,0,0,1,1,1,1785530054
2026-07-31T20:58:45Z,423,0,0,22,1,0,1,1,1,1785531227
2026-07-31T20:58:45Z,424,8,4,4,2,1,1,1,1,1785531378
2026-07-31T20:58:45Z,425,8,4,13,0,1,1,1,1,1785531422
2026-07-31T20:58:45Z,426,9,0,25,3,0,1,1,1,1785531459
2026-07-31T20:58:45Z,427,10,0,2,3,0,1,1,1,1785531352
2026-07-31T20:58:45Z,428,17,2,2,0,0,1,1,1,1785531483
2026-07-31T20:58:45Z,429,8,5,15,0,0,1,1,1,1785531506
2026-07-31T20:58:45Z,430,7,1,21,3,0,1,1,1,1785531452
2026-07-31T20:58:45Z,431,2,0,28,3,0,1,1,1,1785531452
2026-07-31T20:58:45Z,432,0,0,30,1,0,0,1,1,1785508564
2026-07-31T20:58:45Z,433,5,2,15,3,0,1,1,1,1785529334
2026-07-31T20:58:45Z,437,0,0,17,2,0,1,1,1,1785531356
2026-07-31T20:58:45Z,438,11,2,7,1,0,1,1,1,1785531498
2026-07-31T20:58:45Z,439,6,4,9,0,0,1,1,1,1785530126
2026-07-31T20:58:45Z,440,10,4,5,0,0,1,1,1,1785531056
2026-07-31T20:58:45Z,441,3,0,10,2,0,1,1,1,1785531497
2026-07-31T20:58:45Z,442,9,4,8,2,0,1,1,1,1785530973
2026-07-31T20:58:45Z,443,5,2,22,0,0,1,1,1,1785512432
2026-07-31T20:58:45Z,444,4,2,19,0,0,1,1,1,1785530976
2026-07-31T20:58:45Z,445,6,2,16,1,0,1,1,1,1785531367
2026-07-31T20:58:45Z,446,1,0,21,1,0,1,1,1,1785519783
2026-07-31T20:58:45Z,447,3,0,18,1,1,1,1,1,1785496389
2026-07-31T20:58:45Z,448,7,0,7,1,0,1,1,1,1785530120
2026-07-31T20:58:45Z,452,7,3,11,1,0,1,1,1,1785531490
2026-07-31T20:58:45Z,453,4,1,7,4,0,1,1,1,1785531304
2026-07-31T20:58:45Z,454,14,0,5,0,0,1,1,1,1785531321
2026-07-31T20:58:45Z,455,0,0,39,0,0,1,1,1,1785530549
2026-07-31T20:58:45Z,456,17,1,2,1,0,1,1,1,1785531322
2026-07-31T20:58:45Z,457,11,2,12,4,0,1,1,1,1785531461
2026-07-31T20:58:45Z,458,6,2,16,1,0,1,1,1,1785531400
2026-07-31T20:58:45Z,459,9,1,6,0,0,1,1,1,1785531167
2026-07-31T20:58:45Z,460,14,1,9,0,0,1,1,1,1785530895
2026-07-31T20:58:45Z,461,9,0,10,0,0,1,1,1,1785531034
2026-07-31T20:58:45Z,462,16,1,5,0,0,1,1,1,1785531331
2026-07-31T20:58:45Z,463,9,1,10,0,0,1,1,1,1785526740
2026-07-31T20:58:45Z,464,0,0,14,0,0,1,1,1,1785528198
2026-07-31T20:58:45Z,465,5,3,10,0,0,1,1,1,1785531456
2026-07-31T20:58:45Z,466,4,1,5,6,0,1,1,1,1785531299
2026-07-31T20:58:45Z,467,3,2,16,0,0,1,1,1,1785531037
2026-07-31T20:58:45Z,468,0,0,18,1,0,1,1,1,1785527178
2026-07-31T20:58:45Z,469,9,1,12,2,0,1,1,1,1785531347
2026-07-31T20:58:45Z,470,0,0,13,2,0,1,1,1,1785531396
2026-07-31T20:58:45Z,471,27,2,0,0,0,1,1,1,1785528650
2026-07-31T20:58:45Z,472,6,2,11,2,0,1,1,1,1785531484
2026-07-31T20:58:45Z,473,9,2,10,0,0,1,1,1,1785531129
2026-07-31T20:58:45Z,474,7,2,12,0,0,1,1,1,1785531389
2026-07-31T20:58:45Z,475,6,4,12,1,0,1,1,1,1785530509
2026-07-31T20:58:45Z,477,10,1,5,0,0,1,1,1,1785530702
2026-07-31T20:58:45Z,478,31,1,0,0,0,1,1,1,1785531411
2026-07-31T20:58:45Z,479,4,0,21,2,0,1,1,1,1785531082
2026-07-31T20:58:45Z,480,5,0,9,1,0,1,1,1,1785531112
2026-07-31T20:58:45Z,481,1,0,32,2,0,1,1,1,1785531420
2026-07-31T20:58:45Z,482,4,4,15,0,0,1,1,1,1785531414
2026-07-31T20:58:45Z,483,13,0,12,2,0,1,1,1,1785531433
2026-07-31T20:58:45Z,484,4,1,14,1,0,1,1,1,1785531486
2026-07-31T20:58:45Z,485,9,1,9,0,1,1,1,1,1785531474
2026-07-31T20:58:45Z,486,0,0,24,3,0,1,1,1,1785531399
2026-07-31T20:58:45Z,487,8,6,8,3,0,1,1,1,1785531509
2026-07-31T20:58:45Z,489,0,0,15,0,0,1,1,1,1785531388
2026-07-31T20:58:45Z,490,10,0,5,1,0,1,1,1,1785530579
2026-07-31T20:58:45Z,491,6,2,14,1,0,1,1,1,1785531123
2026-07-31T20:58:45Z,492,3,3,5,3,0,1,1,1,1785531510
2026-07-31T20:58:45Z,493,21,0,6,0,0,1,1,1,1785531220
2026-07-31T20:58:45Z,495,7,0,7,1,0,1,1,1,1785530497
2026-07-31T20:58:45Z,496,5,1,22,0,0,1,1,1,1785531451
2026-07-31T20:58:45Z,497,2,2,15,2,0,1,1,1,1785531506
2026-07-31T20:58:45Z,498,3,2,20,0,0,1,1,1,1785531496
2026-07-31T20:58:45Z,499,3,0,15,1,0,1,1,1,1785531271
2026-07-31T20:58:45Z,500,1,0,11,3,0,1,1,1,1785530637
2026-07-31T20:58:45Z,501,17,4,4,0,0,1,1,1,1785531371
2026-07-31T20:58:45Z,502,7,2,11,1,0,1,1,1,1785531082
2026-07-31T20:58:45Z,503,3,0,27,1,0,1,1,1,1785531270
2026-07-31T20:58:45Z,504,0,0,38,1,0,1,1,1,1785531371
2026-07-31T20:58:45Z,505,1,0,10,1,0,1,1,1,1785530484
2026-07-31T20:58:45Z,511,2,1,20,1,0,1,1,1,1785530673
2026-07-31T20:58:45Z,512,10,0,17,0,0,1,1,1,1785530707
2026-07-31T20:58:45Z,514,3,2,7,1,0,1,1,1,1785531404
2026-07-31T20:58:45Z,515,1,1,18,0,0,1,1,1,1785527371
2026-07-31T20:58:45Z,516,15,1,12,0,0,1,1,1,1785531235
2026-07-31T20:58:45Z,517,14,2,9,0,0,1,1,1,1785530806
2026-07-31T20:58:45Z,518,5,0,9,1,0,1,1,1,1785530533
2026-07-31T20:58:45Z,519,8,3,9,2,0,1,1,1,1785530872
2026-07-31T20:58:45Z,520,21,11,0,5,1,1,1,1,1785531509
2026-07-31T20:58:45Z,521,3,1,20,0,0,1,1,1,1785530932
2026-07-31T20:58:45Z,522,3,0,18,2,0,1,1,1,1785531192
2026-07-31T20:58:45Z,523,11,5,11,1,0,1,1,1,1785530824
2026-07-31T20:58:45Z,524,8,0,15,0,0,1,1,1,1785531367
2026-07-31T20:58:45Z,525,6,0,13,0,0,1,1,1,1785531049
2026-07-31T20:58:45Z,526,4,1,11,0,0,1,1,1,1785530751
2026-07-31T20:58:45Z,527,15,9,10,1,0,1,1,1,1785531512
2026-07-31T20:58:45Z,528,16,1,5,2,0,1,1,1,1785531512
2026-07-31T20:58:45Z,529,2,1,9,8,0,1,1,1,1785531511
2026-07-31T20:58:45Z,530,11,0,8,2,0,1,1,1,1785530986
2026-07-31T20:58:45Z,531,2,2,19,1,1,1,1,1,1785531507
2026-07-31T20:58:45Z,532,13,11,17,1,0,1,1,1,1785531383
2026-07-31T20:58:45Z,533,10,0,8,1,0,1,1,1,1785531147
2026-07-31T20:58:45Z,534,3,1,20,0,0,1,1,1,1785530641
2026-07-31T20:58:45Z,535,3,1,12,0,0,1,1,1,1785531289
2026-07-31T20:58:45Z,536,15,0,8,0,0,1,1,1,1785531370
2026-07-31T20:58:45Z,537,10,0,10,0,0,1,1,1,1785531380
2026-07-31T20:58:45Z,538,6,0,15,0,2,1,1,1,1785531254
2026-07-31T20:58:45Z,539,3,0,26,2,0,1,1,1,1785531482
2026-07-31T20:58:45Z,540,4,4,15,0,0,1,1,1,1785531414
2026-07-31T20:58:45Z,541,5,2,22,0,0,1,1,1,1785531474
2026-07-31T20:58:45Z,542,1,0,21,1,0,1,1,1,1785531512
2026-07-31T20:58:45Z,543,0,0,19,0,0,1,1,1,1785531336
2026-07-31T20:58:45Z,544,5,1,13,4,0,1,1,1,1785531427
2026-07-31T20:58:45Z,545,10,2,5,4,0,1,1,1,1785531511
2026-07-31T20:58:45Z,546,2,0,17,0,0,1,1,1,1785531420
2026-07-31T20:58:45Z,547,10,0,15,0,0,1,1,1,1785531468
2026-07-31T20:58:45Z,548,8,3,14,1,0,1,1,1,1785531412
2026-07-31T20:58:45Z,549,20,0,2,1,0,1,1,1,1785531493
2026-07-31T20:58:45Z,550,0,0,19,0,0,1,1,1,1785531296
2026-07-31T20:58:45Z,551,3,2,19,1,0,1,1,1,1785529811
2026-07-31T20:58:45Z,552,3,2,24,0,0,1,1,1,1785530348
2026-07-31T20:58:45Z,553,4,0,19,0,0,1,1,1,1785531387
2026-07-31T20:58:45Z,554,3,0,15,1,0,1,1,1,1785530528
2026-07-31T20:58:45Z,555,6,0,8,1,0,1,1,1,1785529728
2026-07-31T20:58:45Z,556,14,0,6,3,0,1,1,1,1785531429
2026-07-31T20:58:45Z,557,0,0,21,2,0,1,1,1,1785531392
2026-07-31T20:58:45Z,558,21,11,16,0,0,1,1,1,1785531503
2026-07-31T20:58:45Z,559,15,0,3,1,0,1,1,1,1785530818
2026-07-31T20:58:45Z,560,16,0,10,1,0,1,1,1,1785531361
2026-07-31T20:58:45Z,561,9,2,11,3,0,1,1,1,1785531492
2026-07-31T20:58:45Z,562,13,2,17,5,0,1,1,1,1785531356
2026-07-31T20:58:45Z,563,3,0,10,1,0,1,1,1,1785531305
2026-07-31T20:58:45Z,564,4,1,14,1,0,1,1,1,1785530567
2026-07-31T20:58:45Z,565,1,0,18,0,0,1,1,1,1785531224
2026-07-31T20:58:45Z,566,3,1,15,1,0,1,1,1,1785531506
2026-07-31T20:58:45Z,567,8,1,17,2,0,1,1,1,1785530800
2026-07-31T20:58:45Z,568,9,1,9,1,0,1,1,1,1785530639
2026-07-31T20:58:45Z,569,3,0,14,2,0,1,1,1,1785531241
2026-07-31T20:58:45Z,570,4,0,13,2,0,1,1,1,1785531152
2026-07-31T20:58:45Z,571,7,1,16,0,0,1,1,1,1785530745
2026-07-31T20:58:45Z,572,7,1,12,0,0,1,1,1,1785531202
2026-07-31T20:58:45Z,573,8,1,7,0,0,1,1,1,1785531469
2026-07-31T20:58:45Z,574,5,2,10,0,0,1,1,1,1785531362
2026-07-31T20:58:45Z,575,5,0,15,1,0,1,1,1,1785531361
2026-07-31T20:58:45Z,576,7,5,12,0,0,1,1,1,1785531434
2026-07-31T20:58:45Z,577,22,1,9,0,0,1,1,1,1785531433
2026-07-31T20:58:45Z,578,2,0,20,1,0,1,1,1,1785530290
2026-07-31T20:58:45Z,579,14,3,29,0,0,1,1,1,1785531457
2026-07-31T20:58:45Z,580,9,2,20,0,0,1,1,1,1785530784
2026-07-31T20:58:45Z,581,3,0,15,1,0,1,1,1,1785531122
2026-07-31T20:58:45Z,582,23,2,36,2,0,1,1,1,1785531417
2026-07-31T20:58:45Z,583,2,1,19,2,0,1,1,1,1785531087
2026-07-31T20:58:45Z,584,8,1,8,3,0,1,1,1,1785531425
2026-07-31T20:58:45Z,585,3,0,23,0,1,1,1,1,1785531170
2026-07-31T20:58:45Z,586,31,1,2,2,0,1,1,1,1785531059
2026-07-31T20:58:45Z,587,9,0,14,1,0,1,1,1,1785531367
2026-07-31T20:58:45Z,588,11,3,5,2,1,1,1,1,1785531404
2026-07-31T20:58:45Z,589,0,0,22,0,0,1,1,1,1785531332
2026-07-31T20:58:45Z,590,7,2,24,0,0,1,1,1,1785531345
2026-07-31T20:58:45Z,591,3,0,24,3,0,1,1,1,1785531415
2026-07-31T20:58:45Z,592,3,0,20,0,0,1,1,1,1785531014
2026-07-31T20:58:45Z,593,19,3,19,0,0,1,1,1,1785531437
2026-07-31T20:58:45Z,594,14,1,6,1,0,1,1,1,1785531503
2026-07-31T20:58:45Z,595,0,0,3,0,0,0,1,1,1784046673
2026-07-31T20:58:45Z,605,0,0,2,1,0,0,1,1,1783975843
2026-07-31T20:58:45Z,606,0,0,0,0,0,0,1,1,86400
2026-07-31T20:58:45Z,607,6,2,25,1,0,1,1,1,1785531397
2026-07-31T20:58:45Z,608,25,0,24,1,0,1,1,1,1785531458
2026-07-31T20:58:45Z,609,11,11,12,0,0,1,1,1,1785531099
2026-07-31T20:58:45Z,610,25,0,9,1,0,1,1,1,1785531141
2026-07-31T20:58:45Z,611,17,1,10,0,0,1,1,1,1785531513
2026-07-31T20:58:45Z,612,7,1,8,0,0,1,1,1,1785522916
2026-07-31T20:58:45Z,613,12,4,0,3,0,1,1,1,1785530289
2026-07-31T20:58:45Z,614,5,4,19,2,1,1,1,1,1785530721
2026-07-31T20:58:45Z,617,6,0,7,2,0,1,1,1,1785531398
2026-07-31T20:58:45Z,618,13,1,1,5,0,1,1,1,1785530762
2026-07-31T20:58:45Z,619,1,1,18,0,0,1,1,1,1785530925
2026-07-31T20:58:45Z,620,14,0,12,1,0,1,1,1,1785530847
2026-07-31T20:58:45Z,621,6,2,17,0,0,1,1,1,1785530651
2026-07-31T20:58:45Z,622,15,0,6,2,0,1,1,1,1785531378
2026-07-31T20:58:45Z,623,20,5,8,2,0,1,1,1,1785531207
2026-07-31T20:58:45Z,624,2,0,13,0,0,1,1,1,1785531498
2026-07-31T20:58:45Z,625,14,3,2,5,0,1,1,1,1785531321
2026-07-31T20:58:45Z,626,45,1,0,0,2,1,1,1,1785531488
2026-07-31T20:58:45Z,627,14,3,4,1,0,1,1,1,1785530759
2026-07-31T20:58:45Z,628,4,4,14,0,1,1,1,1,1785531103
2026-07-31T20:58:45Z,629,3,2,6,2,0,1,1,1,1785531299
2026-07-31T20:58:45Z,630,0,0,24,3,0,1,1,1,1785531401
2026-07-31T20:58:45Z,631,8,6,15,0,0,1,1,1,1785531440
2026-07-31T20:58:45Z,632,20,1,1,2,0,1,1,1,1785531372
2026-07-31T20:58:45Z,633,11,3,1,3,0,1,1,1,1785530006
2026-07-31T20:58:45Z,634,16,2,3,0,0,1,1,1,1785531206
2026-07-31T20:58:45Z,635,16,0,2,1,0,1,1,1,1785530931
2026-07-31T20:58:45Z,636,7,2,8,0,0,1,1,1,1785526430
2026-07-31T20:58:45Z,637,9,2,8,2,0,1,1,1,1785531487
2026-07-31T20:58:45Z,638,6,1,11,2,0,1,1,1,1785531504
2026-07-31T20:58:45Z,639,10,2,7,2,0,1,1,1,1785528930
2026-07-31T20:58:45Z,640,9,9,12,2,0,1,1,1,1785531468
2026-07-31T20:58:45Z,641,3,1,24,0,0,1,1,1,1785531490
2026-07-31T20:58:45Z,642,8,3,3,8,0,1,1,1,1785531508
2026-07-31T20:58:45Z,643,4,0,15,8,0,1,1,1,1785531513
2026-07-31T20:58:45Z,644,13,1,1,1,0,1,1,1,1785531399
2026-07-31T20:58:45Z,645,14,1,7,1,1,1,1,1,1785530008
2026-07-31T20:58:45Z,646,2,1,17,0,0,1,1,1,1785529856
2026-07-31T20:58:45Z,647,5,1,26,0,0,1,1,1,1785531143
2026-07-31T20:58:45Z,648,4,0,14,1,0,1,1,1,1785530595
2026-07-31T20:58:45Z,649,3,3,28,0,0,1,1,1,1785529688
2026-07-31T20:58:45Z,650,5,1,9,0,0,1,1,1,1785530080
2026-07-31T20:58:45Z,651,0,0,23,0,0,1,1,1,1785528763
2026-07-31T20:58:45Z,652,4,1,16,3,0,1,1,1,1785531463
2026-07-31T20:58:45Z,653,2,1,17,0,0,1,1,1,1785530185
2026-07-31T20:58:45Z,654,2,1,13,0,0,1,1,1,1785531116
2026-07-31T20:58:45Z,655,8,4,0,4,1,1,1,1,1785531303
2026-07-31T20:58:45Z,656,3,2,16,0,0,1,1,1,1785531336
2026-07-31T20:58:45Z,657,9,4,4,2,2,1,1,1,1785531398
2026-07-31T20:58:45Z,658,8,1,2,0,0,1,1,1,1785530465
2026-07-31T20:58:45Z,659,7,5,6,2,0,1,1,1,1785529408
2026-07-31T20:58:45Z,660,22,6,5,4,0,1,1,1,1785531388
2026-07-31T20:58:45Z,661,17,3,1,1,0,1,1,1,1785531512
2026-07-31T20:58:45Z,662,6,3,14,3,0,1,1,1,1785526394
2026-07-31T20:58:45Z,663,8,2,7,0,0,1,1,1,1785531232
2026-07-31T20:58:45Z,664,16,0,11,0,0,1,1,1,1785530991
2026-07-31T20:58:45Z,665,10,4,5,0,0,1,1,1,1785530607
2026-07-31T20:58:45Z,666,4,2,8,3,0,1,1,1,1785526234
2026-07-31T20:58:45Z,667,16,2,2,1,0,1,1,1,1785531393
2026-07-31T20:58:45Z,668,1,0,18,0,0,1,1,1,1785530737
2026-07-31T20:58:45Z,669,8,2,4,2,0,1,1,1,1785531118
2026-07-31T20:58:45Z,670,17,0,8,2,0,1,1,1,1785531177
2026-07-31T20:58:45Z,671,17,2,9,1,0,1,1,1,1785531340
2026-07-31T20:58:45Z,672,7,1,13,2,1,1,1,1,1785531104
2026-07-31T20:58:45Z,673,10,0,13,0,0,1,1,1,1785530579
2026-07-31T20:58:45Z,674,2,1,19,2,0,1,1,1,1785531414
2026-07-31T20:58:45Z,675,3,1,9,3,0,1,1,1,1785531363
2026-07-31T20:58:45Z,676,7,0,13,2,0,1,1,1,1785531427
2026-07-31T20:58:45Z,681,11,0,1,2,1,1,1,1,1785530962
2026-07-31T20:58:45Z,682,6,1,13,0,0,1,1,1,1785529048
2026-07-31T20:58:45Z,683,1,1,18,0,0,1,1,1,1785527602
2026-07-31T20:58:45Z,684,3,1,24,0,0,1,1,1,1785518528
2026-07-31T20:58:45Z,685,3,0,22,1,1,1,1,1,1785530437
2026-07-31T20:58:45Z,686,9,0,15,3,0,1,1,1,1785531456
2026-07-31T20:58:45Z,687,12,1,17,1,1,1,1,1,1785531482
2026-07-31T20:58:45Z,688,11,0,1,7,0,1,1,1,1785510286
2026-07-31T20:58:45Z,692,9,5,12,0,0,1,1,1,1785531321
2026-07-31T20:58:45Z,693,6,0,2,3,0,1,1,1,1785530631
2026-07-31T20:58:45Z,694,11,5,10,0,0,1,1,1,1785530488
2026-07-31T20:58:45Z,695,6,6,17,0,0,1,1,1,1785530851
2026-07-31T20:58:45Z,696,13,8,10,0,0,1,1,1,1785531277
2026-07-31T20:58:45Z,697,18,6,5,0,0,1,1,1,1785531511
2026-07-31T20:58:45Z,698,25,1,2,0,0,1,1,1,1785531469
2026-07-31T20:58:45Z,699,5,0,9,1,0,1,1,1,1785531013
2026-07-31T20:58:45Z,700,17,1,0,2,0,1,1,1,1785531219
2026-07-31T20:58:45Z,701,15,3,4,0,0,1,1,1,1785530896
2026-07-31T20:58:45Z,702,5,1,17,1,0,1,1,1,1785531196
2026-07-31T20:58:45Z,704,2,0,13,0,0,1,1,1,1785529976
2026-07-31T20:58:45Z,705,3,2,12,0,0,1,1,1,1785531257
2026-07-31T20:58:45Z,706,5,1,8,2,0,1,1,1,1785530683
2026-07-31T20:58:45Z,707,7,1,8,0,0,1,1,1,1785531136
2026-07-31T20:58:45Z,708,7,0,11,1,0,1,1,1,1785531425
2026-07-31T20:58:45Z,709,5,0,7,3,0,1,1,1,1785531213
2026-07-31T20:58:45Z,710,2,1,16,1,0,1,1,1,1785530660
2026-07-31T20:58:45Z,711,6,2,14,3,0,1,1,1,1785530757
2026-07-31T20:58:45Z,712,11,8,4,0,0,1,1,1,1785531469
2026-07-31T20:58:45Z,713,2,1,21,0,0,1,1,1,1785531473
2026-07-31T20:58:45Z,716,4,3,11,0,0,1,1,1,1785530919
2026-07-31T20:58:45Z,717,4,2,19,2,0,1,1,1,1785531050
2026-07-31T20:58:45Z,718,9,1,4,2,0,1,1,1,1785530841
2026-07-31T20:58:45Z,719,7,1,22,0,0,1,1,1,1785530233
2026-07-31T20:58:45Z,720,0,0,19,0,0,1,1,1,1785531189
2026-07-31T20:58:45Z,721,5,0,15,3,0,1,1,1,1785531403
2026-07-31T20:58:45Z,722,7,1,8,0,0,1,1,1,1785530962
2026-07-31T20:58:45Z,723,13,2,10,0,0,1,1,1,1785531170
2026-07-31T20:58:45Z,724,7,2,16,0,0,1,1,1,1785530394
2026-07-31T20:58:45Z,725,1,0,21,1,0,1,1,1,1785531091
2026-07-31T20:58:45Z,726,7,2,11,1,0,1,1,1,1785531382
2026-07-31T20:58:45Z,727,10,5,12,1,0,1,1,1,1785530215
2026-07-31T20:58:45Z,728,9,0,5,1,0,1,1,1,1785531492
2026-07-31T20:58:45Z,729,3,0,16,0,0,1,1,1,1785531395
2026-07-31T20:58:45Z,730,0,0,12,3,0,1,1,1,1785530277
2026-07-31T20:58:45Z,731,7,3,6,2,0,1,1,1,1785531508
2026-07-31T20:58:45Z,732,3,2,12,0,0,1,1,1,1785531343
2026-07-31T20:58:45Z,733,11,0,16,0,0,1,1,1,1785531316
2026-07-31T20:58:45Z,734,6,3,8,0,0,1,1,1,1785530328
2026-07-31T20:58:45Z,735,19,10,8,0,0,1,1,1,1785531485
2026-07-31T20:58:45Z,736,13,2,6,0,0,1,1,1,1785529848
2026-07-31T20:58:45Z,737,2,1,12,0,1,1,1,1,1785529894
2026-07-31T20:58:45Z,738,16,6,3,0,0,1,1,1,1785530169
2026-07-31T20:58:45Z,739,17,0,9,1,0,1,1,1,1785531413
2026-07-31T20:58:45Z,741,7,0,16,0,0,1,1,1,1785530706
2026-07-31T20:58:45Z,742,20,10,13,2,0,1,1,1,1785531383
2026-07-31T20:58:45Z,743,5,2,14,0,0,1,1,1,1785531437
2026-07-31T20:58:45Z,744,9,1,6,0,0,1,1,1,1785531403
2026-07-31T20:58:45Z,745,12,4,7,0,0,1,1,1,1785530137
2026-07-31T20:58:45Z,746,2,0,20,1,0,1,1,1,1785530979
2026-07-31T20:58:45Z,747,0,0,4,0,0,0,1,1,1783446606
2026-07-31T20:58:45Z,748,8,0,15,0,0,1,1,1,1785530994
2026-07-31T20:58:45Z,749,1,1,22,0,0,1,1,1,1785531503
2026-07-31T20:58:45Z,750,6,2,4,1,0,1,1,1,1785531486
2026-07-31T20:58:45Z,751,23,15,0,0,0,1,1,1,1785531505
2026-07-31T20:58:45Z,752,8,0,8,1,0,1,1,1,1785531391
2026-07-31T20:58:45Z,753,4,0,10,1,0,1,1,1,1785531145
2026-07-31T20:58:45Z,754,7,2,8,0,0,1,1,1,1785531412
2026-07-31T20:58:45Z,755,10,2,12,1,0,1,1,1,1785530946
2026-07-31T20:58:45Z,756,15,14,21,1,0,1,1,1,1785531508
2026-07-31T20:58:45Z,757,3,3,16,0,0,1,1,1,1785530914
2026-07-31T20:58:45Z,758,1,0,22,0,0,1,1,1,1785530935
2026-07-31T20:58:45Z,759,0,0,0,0,0,1,1,1,86400
2026-07-31T20:58:45Z,760,10,3,9,0,0,1,1,1,1785529267
2026-07-31T20:58:45Z,761,7,3,16,0,0,1,1,1,1785531490
2026-07-31T20:58:45Z,762,4,2,6,5,0,1,1,1,1785531239
2026-07-31T20:58:45Z,768,7,0,8,4,0,1,1,1,1785530413
2026-07-31T20:58:45Z,769,12,11,5,2,0,1,1,1,1785531373
2026-07-31T20:58:45Z,770,6,2,11,2,0,1,1,1,1785529936
2026-07-31T20:58:45Z,771,11,1,3,1,0,1,1,1,1785531204
2026-07-31T20:58:45Z,772,1,0,14,0,0,1,1,1,1785530693
2026-07-31T20:58:45Z,773,16,3,3,0,0,1,1,1,1785531272
2026-07-31T20:58:45Z,774,7,1,4,4,0,1,1,1,1785531334
2026-07-31T20:58:45Z,775,6,1,11,1,1,1,1,1,1785529386
2026-07-31T20:58:45Z,776,2,1,18,1,0,1,1,1,1785530204
2026-07-31T20:58:45Z,777,11,2,4,0,0,1,1,1,1785531358
2026-07-31T20:58:45Z,778,11,0,4,4,0,1,1,1,1785529834
2026-07-31T20:58:45Z,779,6,0,12,1,0,1,1,1,1785530910
2026-07-31T20:58:45Z,780,0,0,19,0,0,1,1,1,1785531465
2026-07-31T20:58:45Z,781,2,1,7,2,0,1,1,1,1785530541
2026-07-31T20:58:45Z,782,0,0,15,4,0,1,1,1,1785531449
2026-07-31T20:58:45Z,783,9,2,10,0,0,1,1,1,1785530682
2026-07-31T20:58:45Z,784,3,0,16,0,0,1,1,1,1785531378
2026-07-31T20:58:45Z,785,10,2,3,6,0,1,1,1,1785530966
2026-07-31T20:58:45Z,786,10,5,9,0,0,1,1,1,1785530567
2026-07-31T20:58:45Z,787,4,3,10,1,0,1,1,1,1785531391
2026-07-31T20:58:45Z,788,5,1,10,0,0,1,1,1,1785531168
2026-07-31T20:58:45Z,789,8,2,3,4,0,1,1,1,1785531445
2026-07-31T20:58:45Z,790,3,0,20,0,0,1,1,1,1785531039
2026-07-31T20:58:45Z,791,10,0,8,0,1,1,1,1,1785531498
2026-07-31T20:58:45Z,793,4,0,10,1,0,1,1,1,1785531497
2026-07-31T20:58:45Z,794,15,1,12,2,0,1,1,1,1785531298
2026-07-31T20:58:45Z,796,6,3,12,1,0,1,1,1,1785531382
2026-07-31T20:58:45Z,797,5,2,10,0,0,1,1,1,1785530889
2026-07-31T20:58:45Z,798,22,0,2,1,0,1,1,1,1785531509
2026-07-31T20:58:45Z,799,13,2,2,4,0,1,1,1,1785531343
2026-07-31T20:58:45Z,800,0,0,20,1,0,1,1,1,1785530995
2026-07-31T20:58:45Z,801,7,3,13,1,0,1,1,1,1785531466
2026-07-31T20:58:45Z,802,8,0,23,0,0,1,1,1,1785529791
2026-07-31T20:58:45Z,803,1,0,14,0,0,1,1,1,1785531135
2026-07-31T20:58:45Z,806,0,0,14,1,0,1,1,1,1785530851
2026-07-31T20:58:45Z,807,9,5,13,3,0,1,1,1,1785530627
2026-07-31T20:58:45Z,808,17,7,6,2,0,1,1,1,1785529738
2026-07-31T20:58:45Z,809,4,1,18,1,0,1,1,1,1785531387
2026-07-31T20:58:45Z,810,4,2,13,2,0,1,1,1,1785529938
2026-07-31T20:58:45Z,815,2,1,7,5,1,1,1,1,1785530626
2026-07-31T20:58:45Z,817,14,8,1,0,0,1,1,1,1785531492
2026-07-31T20:58:45Z,818,6,1,17,0,0,1,1,1,1785531183
2026-07-31T20:58:45Z,819,10,4,5,0,0,1,1,1,1785525935
2026-07-31T20:58:45Z,820,9,0,8,0,0,1,1,1,1785530703
2026-07-31T20:58:45Z,821,3,2,12,0,0,1,1,1,1785531465
2026-07-31T20:58:45Z,822,15,0,6,2,0,1,1,1,1785531294
2026-07-31T20:58:45Z,823,14,1,1,0,0,1,1,1,1785531177
2026-07-31T20:58:45Z,824,3,2,16,0,0,1,1,1,1785531096
2026-07-31T20:58:45Z,825,5,4,10,0,0,1,1,1,1785530396
2026-07-31T20:58:45Z,826,8,1,9,2,0,1,1,1,1785531241
2026-07-31T20:58:45Z,827,16,2,3,2,0,1,1,1,1785531119
2026-07-31T20:58:45Z,828,11,1,5,2,0,1,1,1,1785529913
2026-07-31T20:58:45Z,829,17,6,10,0,0,1,1,1,1785530843
2026-07-31T20:58:45Z,830,16,0,6,1,0,1,1,1,1785531114
2026-07-31T20:58:45Z,831,6,3,7,2,0,1,1,1,1785530901
2026-07-31T20:58:45Z,832,8,3,7,3,0,1,1,1,1785531074
2026-07-31T20:58:45Z,833,1,1,17,1,0,1,1,1,1785530821
2026-07-31T20:58:45Z,834,17,1,5,2,0,1,1,1,1785531445
2026-07-31T20:58:45Z,835,1,0,15,2,0,1,1,1,1785531506
2026-07-31T20:58:45Z,838,1,1,12,2,0,1,1,1,1785531350
2026-07-31T20:58:45Z,839,9,0,19,1,0,1,1,1,1785531491
2026-07-31T20:58:45Z,840,0,0,28,1,0,1,1,1,1785530448
2026-07-31T20:58:45Z,841,7,1,8,0,0,1,1,1,1785530887
2026-07-31T20:58:45Z,842,2,0,21,0,0,1,1,1,1785530808
2026-07-31T20:58:45Z,843,13,2,18,0,0,1,1,1,1785531181
2026-07-31T20:58:45Z,844,6,0,17,0,0,1,1,1,1785531081
2026-07-31T20:58:45Z,845,4,3,13,2,0,1,1,1,1785531154
2026-07-31T20:58:45Z,846,3,1,15,1,0,1,1,1,1785530291
2026-07-31T20:58:45Z,847,6,1,20,1,0,1,1,1,1785530538
2026-07-31T20:58:45Z,848,2,1,16,1,0,1,1,1,1785531329
2026-07-31T20:58:45Z,849,9,0,5,1,0,1,1,1,1785530104
2026-07-31T20:58:45Z,850,4,0,7,0,0,1,1,1,1785530409
2026-07-31T20:58:45Z,851,4,3,30,3,0,1,1,1,1785531511
2026-07-31T20:58:45Z,852,9,3,10,0,0,1,1,1,1785530836
2026-07-31T20:58:45Z,853,11,5,12,0,0,1,1,1,1785530607
2026-07-31T20:58:45Z,854,2,1,13,0,0,1,1,1,1785529956
2026-07-31T20:58:45Z,855,27,0,0,0,0,1,1,1,1785531482
2026-07-31T20:58:45Z,857,5,4,12,2,0,1,1,1,1785531417
2026-07-31T20:58:45Z,858,5,2,13,1,0,1,1,1,1785531423
2026-07-31T20:58:45Z,859,8,0,12,1,0,1,1,1,1785529918
2026-07-31T20:58:45Z,861,6,0,4,1,0,1,1,1,1785528609
2026-07-31T20:58:45Z,862,4,2,11,0,0,1,1,1,1785530930
2026-07-31T20:58:45Z,863,13,0,5,1,0,1,1,1,1785529013
2026-07-31T20:58:45Z,866,12,3,7,0,0,1,1,1,1785531309
2026-07-31T20:58:45Z,867,14,2,1,0,0,1,1,1,1785530532
2026-07-31T20:58:45Z,868,7,0,8,0,0,1,1,1,1785530783
2026-07-31T20:58:45Z,870,9,5,6,0,0,1,1,1,1785531011
2026-07-31T20:58:45Z,871,0,0,10,1,0,1,1,1,1785530338
2026-07-31T20:58:45Z,872,0,0,14,1,0,1,1,1,1785530918
2026-07-31T20:58:45Z,873,6,0,26,1,0,1,1,1,1785531468
2026-07-31T20:58:45Z,874,4,0,8,3,0,1,1,1,1785531056
2026-07-31T20:58:45Z,875,12,8,1,2,0,1,1,1,1785531136
2026-07-31T20:58:45Z,877,13,12,6,0,0,1,1,1,1785530606
2026-07-31T20:58:45Z,878,3,3,16,0,0,1,1,1,1785531181
2026-07-31T20:58:45Z,879,2,0,17,0,0,1,1,1,1785531484
2026-07-31T20:58:45Z,880,1,0,21,1,0,1,1,1,1785531138
2026-07-31T20:58:45Z,881,3,0,16,0,0,1,1,1,1785531042
2026-07-31T20:58:45Z,882,9,4,9,1,0,1,1,1,1785513298
2026-07-31T20:58:45Z,883,4,1,15,0,0,1,1,1,1785531237
2026-07-31T20:58:45Z,884,10,6,11,0,0,1,1,1,1785530626
2026-07-31T20:58:45Z,885,0,0,19,0,0,1,1,1,1785530842
2026-07-31T20:58:45Z,886,7,1,21,1,0,1,1,1,1785531403
2026-07-31T20:58:45Z,887,9,4,5,3,0,1,1,1,1785531502
2026-07-31T20:58:45Z,888,11,0,28,1,1,1,1,1,1785531420
2026-07-31T20:58:45Z,889,4,0,13,2,0,1,1,1,1785531299
2026-07-31T20:58:45Z,890,8,4,7,0,0,1,1,1,1785527402
2026-07-31T20:58:45Z,891,22,0,1,0,0,1,1,1,1785530389
2026-07-31T20:58:45Z,892,11,1,4,0,0,1,1,1,1785530978
2026-07-31T20:58:45Z,895,3,0,16,0,0,1,1,1,1785527858
2026-07-31T20:58:45Z,896,8,2,27,0,0,1,1,1,1785531151
2026-07-31T20:58:45Z,897,12,1,9,0,0,1,1,1,1785531078
2026-07-31T20:58:45Z,898,2,0,17,0,0,1,1,1,1785530831
2026-07-31T20:58:45Z,899,3,1,15,1,0,1,1,1,1785531316
2026-07-31T20:58:45Z,900,4,1,23,0,0,1,1,1,1785531486
2026-07-31T20:58:45Z,901,1,0,17,1,0,1,1,1,1785531092
2026-07-31T20:58:45Z,902,6,1,9,0,0,1,1,1,1785530662
2026-07-31T20:58:45Z,903,7,2,11,1,0,1,1,1,1785530960
2026-07-31T20:58:45Z,904,10,4,8,1,0,1,1,1,1785531161
2026-07-31T20:58:45Z,905,12,3,14,1,0,1,1,1,1785531229
2026-07-31T20:58:45Z,906,18,7,8,1,0,1,1,1,1785531419
2026-07-31T20:58:45Z,907,8,0,23,0,0,1,1,1,1785531456
2026-07-31T20:58:45Z,908,9,1,14,0,0,1,1,1,1785531174
2026-07-31T20:58:45Z,909,10,7,13,0,0,1,1,1,1785531107
2026-07-31T20:58:45Z,910,8,0,20,3,0,1,1,1,1785531475
2026-07-31T20:58:45Z,911,4,1,15,0,0,1,1,1,1785530691
2026-07-31T20:58:45Z,912,5,0,17,1,0,1,1,1,1785531438
2026-07-31T20:58:45Z,913,7,4,12,0,0,1,1,1,1785529872
2026-07-31T20:58:45Z,914,19,0,0,0,0,1,1,1,1785531498
2026-07-31T20:58:45Z,915,14,0,7,2,0,1,1,1,1785531466
2026-07-31T20:58:45Z,916,0,0,23,0,0,1,1,1,1785531400
2026-07-31T20:58:45Z,917,11,1,23,1,0,1,1,1,1785531257
2026-07-31T20:58:45Z,918,6,0,11,2,0,1,1,1,1785531486
2026-07-31T20:58:45Z,919,11,0,27,1,0,1,1,1,1785531476
2026-07-31T20:58:45Z,920,7,2,12,0,0,1,1,1,1785531470
2026-07-31T20:58:45Z,921,14,1,7,0,0,1,1,1,1785530908
2026-07-31T20:58:45Z,922,2,1,19,0,0,1,1,1,1785530051
2026-07-31T20:58:45Z,923,3,0,16,0,0,1,1,1,1785531480
2026-07-31T20:58:45Z,924,6,0,14,1,0,1,1,1,1785531095
2026-07-31T20:58:45Z,925,11,0,10,0,0,1,1,1,1785531366
2026-07-31T20:58:45Z,926,1,0,20,0,0,1,1,1,1785531446
2026-07-31T20:58:45Z,927,29,1,5,1,0,1,1,1,1785530707
2026-07-31T20:58:45Z,928,0,0,19,0,0,0,1,1,1785500252
2026-07-31T20:58:45Z,929,16,0,7,0,0,1,1,1,1785531474
2026-07-31T20:58:45Z,930,8,0,22,1,0,1,1,1,1785531161
2026-07-31T20:58:45Z,931,12,4,10,1,0,1,1,1,1785531462
2026-07-31T20:58:45Z,932,3,1,14,2,0,1,1,1,1785531437
2026-07-31T20:58:45Z,933,21,2,1,1,0,1,1,1,1785531465
2026-07-31T20:58:45Z,934,22,2,8,1,0,1,1,1,1785531400
2026-07-31T20:58:45Z,935,3,0,15,1,0,1,1,1,1785531512
2026-07-31T20:58:45Z,936,9,0,10,0,0,1,1,1,1785531429
2026-07-31T20:58:45Z,940,2,1,8,1,0,1,1,1,1785530273
2026-07-31T20:58:45Z,941,16,1,6,3,0,1,1,1,1785531046
2026-07-31T20:58:45Z,942,17,1,4,0,0,1,1,1,1785531410
2026-07-31T20:58:45Z,943,8,8,7,0,0,1,1,1,1785531002
2026-07-31T20:58:45Z,944,10,8,5,0,0,1,1,1,1785530848
2026-07-31T20:58:45Z,945,10,8,5,0,0,1,1,1,1785530372
2026-07-31T20:58:45Z,946,7,5,12,0,0,1,1,1,1785523835
2026-07-31T20:58:45Z,947,7,5,10,0,0,1,1,1,1785530869
2026-07-31T20:58:45Z,948,12,11,16,3,0,1,1,1,1785531482
2026-07-31T20:58:45Z,949,3,3,11,1,0,1,1,1,1785531313
2026-07-31T20:58:45Z,950,5,1,10,2,0,1,1,1,1785531169
2026-07-31T20:58:45Z,951,19,5,4,0,0,1,1,1,1785531156
2026-07-31T20:58:45Z,952,24,0,30,1,0,1,1,1,1785531478
2026-07-31T20:58:45Z,953,2,0,12,1,0,1,1,1,1785530127
2026-07-31T20:58:45Z,954,8,0,11,0,0,1,1,1,1785531402
2026-07-31T20:58:45Z,955,6,3,15,6,0,1,1,1,1785531298
2026-07-31T20:58:45Z,956,6,0,16,1,0,1,1,1,1785531460
2026-07-31T20:58:45Z,957,12,0,17,0,0,1,1,1,1785531393
2026-07-31T20:58:45Z,958,29,0,0,2,0,1,1,1,1785531113
2026-07-31T20:58:45Z,959,1,0,21,1,0,1,1,1,1785531432
2026-07-31T20:58:45Z,960,5,1,18,0,0,1,1,1,1785531462
2026-07-31T20:58:45Z,961,3,0,17,3,0,1,1,1,1785530895
2026-07-31T20:58:45Z,962,8,3,24,3,0,1,1,1,1785530213
2026-07-31T20:58:45Z,963,7,0,15,1,0,1,1,1,1785531481
2026-07-31T20:58:45Z,964,10,7,13,0,0,1,1,1,1785531478
2026-07-31T20:58:45Z,965,12,6,14,1,0,1,1,1,1785531265
2026-07-31T20:58:45Z,966,10,0,19,2,0,1,1,1,1785531406
2026-07-31T20:58:45Z,967,8,1,11,2,0,1,1,1,1785531444
2026-07-31T20:58:45Z,968,13,0,5,1,0,1,1,1,1785531436
2026-07-31T20:58:45Z,969,0,0,25,2,0,1,1,1,1785531344
2026-07-31T20:58:45Z,970,4,1,14,1,0,1,1,1,1785531482
2026-07-31T20:58:45Z,971,4,0,18,1,0,1,1,1,1785531418
2026-07-31T20:58:45Z,972,12,4,10,1,0,1,1,1,1785530884
2026-07-31T20:58:45Z,973,6,0,16,1,0,1,1,1,1785530742
2026-07-31T20:58:45Z,974,13,0,13,1,0,1,1,1,1785531505
2026-07-31T20:58:45Z,977,3,0,16,2,0,1,1,1,1785531124
2026-07-31T20:58:45Z,978,20,0,3,0,0,1,1,1,1785530780
2026-07-31T20:58:45Z,979,2,1,15,0,0,1,1,1,1785531479
2026-07-31T20:58:45Z,980,11,1,9,1,0,1,1,1,1785531104
2026-07-31T20:58:45Z,981,5,0,16,0,0,1,1,1,1785531283
2026-07-31T20:58:45Z,982,4,1,14,1,0,1,1,1,1785530924
2026-07-31T20:58:45Z,983,4,3,19,0,0,1,1,1,1785531389
2026-07-31T20:58:45Z,984,6,0,17,0,0,1,1,1,1785531165
2026-07-31T20:58:45Z,985,6,2,25,0,0,1,1,1,1785531157
2026-07-31T20:58:45Z,986,3,0,16,0,0,1,1,1,1785530926
2026-07-31T20:58:45Z,987,7,1,16,0,0,1,1,1,1785531503
2026-07-31T20:58:45Z,988,7,4,12,0,0,1,1,1,1785531096
2026-07-31T20:58:45Z,989,7,4,12,0,0,1,1,1,1785531193
2026-07-31T20:58:45Z,990,12,0,2,1,0,1,1,1,1785531091
2026-07-31T20:58:45Z,991,9,0,9,1,0,1,1,1,1785530831
2026-07-31T20:58:45Z,992,9,5,14,0,0,1,1,1,1785529901
2026-07-31T20:58:45Z,993,5,4,21,1,0,1,1,1,1785531308
2026-07-31T20:58:45Z,994,0,0,21,0,0,1,1,1,1785530145
2026-07-31T20:58:45Z,995,6,0,21,0,0,1,1,1,1785531172
2026-07-31T20:58:45Z,996,8,2,15,0,0,1,1,1,1785531005
2026-07-31T20:58:45Z,997,5,4,6,9,3,1,1,1,1785530101
2026-07-31T20:58:45Z,998,5,4,18,0,0,1,1,1,1785531262
2026-07-31T20:58:45Z,999,4,1,15,1,1,1,1,1,1785531128
2026-07-31T20:58:45Z,1000,1,1,20,0,0,1,1,1,1785531453
2026-07-31T20:58:45Z,1001,5,3,22,0,0,1,1,1,1785531326
2026-07-31T20:58:45Z,1002,2,2,28,1,0,1,1,1,1785531409
2026-07-31T20:58:45Z,1003,1,0,22,0,0,1,1,1,1785530900
2026-07-31T20:58:45Z,1004,9,2,14,0,0,1,1,1,1785530383
2026-07-31T20:58:45Z,1005,20,1,3,0,0,1,1,1,1785531090
2026-07-31T20:58:45Z,1006,8,4,11,0,0,1,1,1,1785531368
2026-07-31T20:58:45Z,1007,1,1,20,0,0,1,1,1,1785530541
2026-07-31T20:58:45Z,1008,8,7,15,0,0,1,1,1,1785530077
2026-07-31T20:58:45Z,1009,22,5,8,1,0,1,1,1,1785529989
2026-07-31T20:58:45Z,1010,8,2,19,0,0,1,1,1,1785530801
2026-07-31T20:58:45Z,1011,7,2,10,2,0,1,1,1,1785531268
2026-07-31T20:58:45Z,1012,5,3,16,2,0,1,1,1,1785530862
2026-07-31T20:58:45Z,1013,4,1,18,1,0,1,1,1,1785531422
2026-07-31T20:58:45Z,1014,9,4,14,0,0,1,1,1,1785531387
2026-07-31T20:58:45Z,1015,4,3,26,1,0,1,1,1,1785529912
2026-07-31T20:58:45Z,1016,10,5,21,0,0,1,1,1,1785530811
2026-07-31T20:58:45Z,1017,13,5,8,0,0,1,1,1,1785530254
2026-07-31T20:58:45Z,1018,6,2,16,0,0,1,1,1,1785531387
2026-07-31T20:58:45Z,1019,8,5,7,0,0,1,1,1,1785530808
2026-07-31T20:58:45Z,1020,19,5,2,0,0,1,1,1,1785530120
2026-07-31T20:58:45Z,1021,9,4,6,0,0,1,1,1,1785529796
2026-07-31T20:58:45Z,1022,14,0,13,0,0,1,1,1,1785531073
2026-07-31T20:58:45Z,1023,14,2,9,0,0,1,1,1,1785530695
2026-07-31T20:58:45Z,1024,4,2,15,0,0,1,1,1,1785529846
2026-07-31T20:58:45Z,1025,4,0,14,0,1,1,1,1,1785531053
2026-07-31T20:58:45Z,1026,12,9,18,1,0,1,1,1,1785530435
2026-07-31T20:58:45Z,1028,3,1,20,0,0,1,1,1,1785531035
2026-07-31T20:58:45Z,1029,12,10,3,0,0,1,1,1,1785530103
2026-07-31T20:58:45Z,1030,13,4,10,0,0,1,1,1,1785529914
2026-07-31T20:58:45Z,1031,9,1,10,0,0,1,1,1,1785530224
2026-07-31T20:58:45Z,1032,7,1,12,0,0,1,1,1,1785530895
2026-07-31T20:58:45Z,1033,9,5,10,0,0,1,1,1,1785529903
2026-07-31T20:58:45Z,1034,3,0,12,0,0,1,1,1,1785530877
2026-07-31T20:58:45Z,1035,0,0,18,1,0,1,1,1,1785531263
2026-07-31T20:58:45Z,1036,13,0,2,0,0,1,1,1,1785531459
2026-07-31T20:58:45Z,1037,0,0,18,1,0,1,1,1,1785531434
2026-07-31T20:58:45Z,1038,1,0,14,0,0,1,1,1,1785530567
2026-07-31T20:58:45Z,1039,7,1,12,0,0,1,1,1,1785531046
2026-07-31T20:58:45Z,1040,6,5,13,0,0,1,1,1,1785531152
2026-07-31T20:58:45Z,1041,10,2,9,0,0,1,1,1,1785530815
2026-07-31T20:58:45Z,1042,2,0,12,1,0,1,1,1,1785530900
2026-07-31T20:58:45Z,1043,10,5,8,1,0,1,1,1,1785530976
2026-07-31T20:58:45Z,1044,2,1,13,0,0,1,1,1,1785530622
2026-07-31T20:58:45Z,1045,9,0,10,0,0,1,1,1,1785530878
2026-07-31T20:58:45Z,1046,9,0,6,0,0,1,1,1,1785530247
2026-07-31T20:58:45Z,1047,4,0,17,0,0,1,1,1,1785529849
2026-07-31T20:58:45Z,1048,1,0,18,0,0,1,1,1,1785530857
2026-07-31T20:58:45Z,1049,0,0,21,0,0,1,1,1,1785530961
2026-07-31T20:58:45Z,1050,19,5,2,0,0,1,1,1,1785531487
2026-07-31T20:58:45Z,1051,8,3,13,0,0,1,1,1,1785530117
2026-07-31T20:58:45Z,1052,16,1,5,1,0,1,1,1,1785530753
2026-07-31T20:58:45Z,1053,3,2,12,0,0,1,1,1,1785530757
2026-07-31T20:58:45Z,1054,5,1,10,0,0,1,1,1,1785531007
2026-07-31T20:58:45Z,1055,9,2,10,0,0,1,1,1,1785531026
2026-07-31T20:58:45Z,1057,8,2,11,0,0,1,1,1,1785531330
2026-07-31T20:58:45Z,1058,11,1,45,0,0,1,1,1,1785531359
2026-07-31T20:58:45Z,1059,1,1,17,1,0,1,1,1,1785530881
2026-07-31T20:58:45Z,1060,16,0,21,0,0,1,1,1,1785531089
2026-07-31T20:58:45Z,1061,21,0,16,0,0,1,1,1,1785531207
2026-07-31T20:58:45Z,1062,8,1,9,0,0,1,1,1,1785531351
2026-07-31T20:58:45Z,1063,12,1,6,1,0,1,1,1,1785530938
2026-07-31T20:58:45Z,1064,3,0,19,1,0,1,1,1,1785531305
2026-07-31T20:58:45Z,1065,16,3,7,0,0,1,1,1,1785529733
2026-07-31T20:58:45Z,1066,12,2,11,0,0,1,1,1,1785531370
2026-07-31T20:58:45Z,1067,8,2,13,2,0,1,1,1,1785529829
2026-07-31T20:58:45Z,1068,5,2,15,3,0,1,1,1,1785531181
2026-07-31T20:58:45Z,1069,12,3,11,0,0,1,1,1,1785531184
2026-07-31T20:58:45Z,1070,12,2,11,0,0,1,1,1,1785531285
2026-07-31T20:58:45Z,1071,8,4,15,0,0,1,1,1,1785531322
2026-07-31T20:58:45Z,1072,11,1,11,1,0,1,1,1,1785529916
2026-07-31T20:58:45Z,1073,5,0,21,1,0,1,1,1,1785531444
2026-07-31T20:58:45Z,1074,43,6,7,3,0,1,1,1,1785531505
2026-07-31T20:58:45Z,1075,8,8,13,0,0,1,1,1,1785530215
2026-07-31T20:58:45Z,1076,14,11,7,0,0,1,1,1,1785531498
2026-07-31T20:58:45Z,1077,11,7,9,1,0,1,1,1,1785529779
2026-07-31T20:58:45Z,1078,10,9,11,0,0,1,1,1,1785530173
2026-07-31T20:58:45Z,1079,13,9,8,0,0,1,1,1,1785530998
2026-07-31T20:58:45Z,1080,10,7,9,2,0,1,1,1,1785530722
2026-07-31T20:58:45Z,1081,13,7,6,0,0,1,1,1,1785530350
2026-07-31T20:58:45Z,1082,12,11,11,0,0,1,1,1,1785530798
2026-07-31T20:58:45Z,1083,13,11,8,0,0,1,1,1,1785531238
2026-07-31T20:58:45Z,1084,10,8,11,0,0,1,1,1,1785530680
2026-07-31T20:58:45Z,1085,12,9,9,0,0,1,1,1,1785530645
2026-07-31T20:58:45Z,1086,12,10,8,1,0,1,1,1,1785531496
2026-07-31T20:58:45Z,1087,6,6,9,0,0,1,1,1,1785530162
2026-07-31T20:58:45Z,1088,10,7,5,0,0,1,1,1,1785530938
2026-07-31T20:58:45Z,1089,7,3,8,0,0,1,1,1,1785529453
2026-07-31T20:58:45Z,1090,7,6,8,0,0,1,1,1,1785529874
2026-07-31T20:58:45Z,1091,7,5,8,0,0,1,1,1,1785530074
2026-07-31T20:58:45Z,1092,10,9,5,0,0,1,1,1,1785531270
2026-07-31T20:58:45Z,1093,5,5,9,1,0,1,1,1,1785530151
2026-07-31T20:58:45Z,1094,10,9,9,0,0,1,1,1,1785530889
2026-07-31T20:58:45Z,1095,10,8,5,0,0,1,1,1,1785531062
2026-07-31T20:58:45Z,1096,10,8,8,1,0,1,1,1,1785531264
2026-07-31T20:58:45Z,1097,8,8,7,0,0,1,1,1,1785531457
2026-07-31T20:58:45Z,1098,9,7,10,0,0,1,1,1,1785530494
2026-07-31T20:58:45Z,1099,7,6,8,0,0,1,1,1,1785530724
2026-07-31T20:58:45Z,1100,5,3,23,1,0,1,1,1,1785530760
2026-07-31T20:58:45Z,1101,10,5,11,0,0,1,1,1,1785530650
2026-07-31T20:58:45Z,1102,9,4,4,0,0,1,1,1,1785529855
2026-07-31T20:58:45Z,1103,11,5,10,0,0,1,1,1,1785503681
2026-07-31T20:58:45Z,1104,11,6,10,0,0,1,1,1,1785530400
2026-07-31T20:58:45Z,1105,8,4,5,0,0,1,1,1,1785529738
2026-07-31T20:58:45Z,1106,10,5,11,0,0,1,1,1,1785530741
2026-07-31T20:58:45Z,1107,9,5,6,0,0,1,1,1,1785530987
2026-07-31T20:58:45Z,1108,8,4,16,2,1,1,1,1,1785531328
2026-07-31T20:58:45Z,1109,7,3,8,0,0,1,1,1,1785531270
2026-07-31T20:58:45Z,1110,12,4,9,0,0,1,1,1,1785530264
2026-07-31T20:58:45Z,1111,12,6,8,1,0,1,1,1,1785531028
2026-07-31T20:58:45Z,1112,23,0,30,0,0,1,1,1,1785531505
2026-07-31T20:58:45Z,1113,1,0,20,0,0,1,1,1,1785530794
2026-07-31T20:58:45Z,1115,12,1,7,4,0,1,1,1,1785531482
2026-07-31T20:58:45Z,1116,2,0,17,0,0,1,1,1,1785530915
2026-07-31T20:58:45Z,1117,2,0,20,1,0,1,1,1,1785531344
2026-07-31T20:58:45Z,1118,11,1,9,1,0,1,1,1,1785531513
2026-07-31T20:58:45Z,1119,10,2,7,0,0,1,1,1,1785531369
2026-07-31T20:58:45Z,1120,7,0,11,1,0,1,1,1,1785531006
2026-07-31T20:58:45Z,1121,3,0,17,1,0,1,1,1,1785530938
2026-07-31T20:58:45Z,1122,3,1,17,1,0,1,1,1,1785531462
2026-07-31T20:58:45Z,1123,10,7,11,2,0,1,1,1,1785530884
2026-07-31T20:58:45Z,1124,1,0,11,3,0,1,1,1,1785530807
2026-07-31T20:58:45Z,1125,17,1,6,0,0,1,1,1,1785531288
2026-07-31T20:58:45Z,1126,10,0,11,0,0,1,1,1,1785531274
2026-07-31T20:58:45Z,1127,1,1,18,0,0,1,1,1,1785531470
2026-07-31T20:58:45Z,1128,1,0,14,0,0,1,1,1,1785530884
2026-07-31T20:58:45Z,1129,2,1,17,2,0,1,1,1,1785530970
2026-07-31T20:58:45Z,1130,7,1,7,1,0,1,1,1,1785531346
2026-07-31T20:58:45Z,1131,2,2,46,1,0,1,1,1,1785531114
2026-07-31T20:58:45Z,1132,10,4,10,1,0,1,1,1,1785530564
2026-07-31T20:58:45Z,1133,8,5,9,4,0,1,1,1,1785531373
2026-07-31T20:58:45Z,1134,11,5,8,0,0,1,1,1,1785531426
2026-07-31T20:58:45Z,1135,12,6,9,0,0,1,1,1,1785530545
2026-07-31T20:58:45Z,1136,15,0,8,0,0,1,1,1,1785531466
2026-07-31T20:58:45Z,1137,13,0,2,0,0,1,1,1,1785530801
2026-07-31T20:58:45Z,1138,4,1,15,0,0,1,1,1,1785531248
2026-07-31T20:58:45Z,1139,12,2,7,2,0,1,1,1,1785531426
2026-07-31T20:58:45Z,1140,5,1,16,2,0,1,1,1,1785530722
2026-07-31T20:58:45Z,1141,11,3,10,0,0,1,1,1,1785531502
2026-07-31T20:58:45Z,1142,0,0,21,0,0,1,1,1,1785529739
2026-07-31T20:58:45Z,1143,21,0,8,0,0,1,1,1,1785531511
2026-07-31T20:58:45Z,1144,7,0,13,1,0,1,1,1,1785530403
2026-07-31T20:58:45Z,1145,11,5,9,1,0,1,1,1,1785531322
2026-07-31T20:58:45Z,1146,16,13,0,3,0,1,1,1,1785531500
2026-07-31T20:58:45Z,1147,14,1,5,0,0,1,1,1,1785531506
2026-07-31T20:58:45Z,1148,9,2,22,0,0,1,1,1,1785531278
2026-07-31T20:58:45Z,1149,5,4,16,4,0,1,1,1,1785531042
2026-07-31T20:58:45Z,1150,10,0,9,0,0,1,1,1,1785531275
2026-07-31T20:58:45Z,1151,7,0,14,0,0,1,1,1,1785529756
2026-07-31T20:58:45Z,1152,6,0,23,0,0,1,1,1,1785531176
2026-07-31T20:58:45Z,1153,21,2,1,1,0,1,1,1,1785531467
2026-07-31T20:58:45Z,1154,3,0,16,0,0,1,1,1,1785530310
2026-07-31T20:58:45Z,1155,7,2,10,4,0,1,1,1,1785531501
2026-07-31T20:58:45Z,1158,3,1,16,0,0,1,1,1,1785530800
2026-07-31T20:58:45Z,1159,12,0,7,0,0,1,1,1,1785531162
2026-07-31T20:58:45Z,1160,9,2,10,0,0,1,1,1,1785531091
2026-07-31T20:58:45Z,1161,3,0,15,1,0,1,1,1,1785531296
2026-07-31T20:58:45Z,1162,2,1,17,0,0,1,1,1,1785529736
2026-07-31T20:58:45Z,1163,2,1,16,1,0,1,1,1,1785530920
2026-07-31T20:58:45Z,1164,5,1,14,0,0,1,1,1,1785530976
2026-07-31T20:58:45Z,1165,1,0,20,0,0,1,1,1,1785531009
2026-07-31T20:58:45Z,1166,13,3,8,0,0,1,1,1,1785531257
2026-07-31T20:58:45Z,1167,4,0,11,0,0,1,1,1,1785530649
2026-07-31T20:58:45Z,1168,3,0,18,2,0,1,1,1,1785531212
2026-07-31T20:58:45Z,1169,3,0,15,1,0,1,1,1,1785530821
2026-07-31T20:58:45Z,1170,7,1,14,0,0,1,1,1,1785531218
2026-07-31T20:58:45Z,1171,9,8,14,0,0,1,1,1,1785530920
2026-07-31T20:58:45Z,1172,3,0,10,2,0,1,1,1,1785530968
2026-07-31T20:58:45Z,1173,13,4,6,0,0,1,1,1,1785531081
2026-07-31T20:58:45Z,1174,6,3,9,0,0,1,1,1,1785530725
2026-07-31T20:58:45Z,1175,5,3,14,0,0,1,1,1,1785531043
2026-07-31T20:58:45Z,1176,8,2,13,0,0,1,1,1,1785530305
2026-07-31T20:58:45Z,1177,3,1,18,0,0,1,1,1,1785531041
2026-07-31T20:58:45Z,1178,5,2,10,0,0,1,1,1,1785530649
2026-07-31T20:58:45Z,1181,8,0,7,0,0,1,1,1,1785530218
2026-07-31T20:58:45Z,1182,16,1,3,1,0,1,1,1,1785531325
2026-07-31T20:58:45Z,1183,24,0,19,2,0,1,1,1,1785531209
2026-07-31T20:58:45Z,1184,1,0,18,2,0,1,1,1,1785531467
2026-07-31T20:58:45Z,1185,9,5,12,0,0,1,1,1,1785530372
2026-07-31T20:58:45Z,1186,9,5,10,0,0,1,1,1,1785531350
2026-07-31T20:58:45Z,1187,10,5,10,1,0,1,1,1,1785529779
2026-07-31T20:58:45Z,1188,10,5,5,0,0,1,1,1,1785530984
2026-07-31T20:58:45Z,1189,9,4,10,0,0,1,1,1,1785531114
2026-07-31T20:58:45Z,1190,9,4,12,0,0,1,1,1,1785530528
2026-07-31T20:58:45Z,1191,10,5,5,0,0,1,1,1,1785530988
2026-07-31T20:58:45Z,1192,11,7,9,1,0,1,1,1,1785530892
2026-07-31T20:58:45Z,1193,6,4,5,2,0,1,1,1,1785529971
2026-07-31T20:58:45Z,1197,9,6,7,1,0,1,1,1,1785531277
2026-07-31T20:58:45Z,1198,13,4,6,2,0,1,1,1,1785531419
2026-07-31T20:58:45Z,1199,3,0,16,0,0,1,1,1,1785531407
2026-07-31T20:58:45Z,1200,9,5,6,0,0,1,1,1,1785531025
2026-07-31T20:58:45Z,1201,9,4,6,0,0,1,1,1,1785531000
2026-07-31T20:58:45Z,1202,10,5,5,0,0,1,1,1,1785531102
2026-07-31T20:58:45Z,1203,11,5,4,0,0,1,1,1,1785531006
2026-07-31T20:58:45Z,1204,7,4,12,0,0,1,1,1,1785530781
2026-07-31T20:58:45Z,1206,11,5,10,0,0,1,1,1,1785530018
2026-07-31T20:58:45Z,1207,8,4,6,1,0,1,1,1,1785531318
2026-07-31T20:58:45Z,1208,10,4,9,0,0,1,1,1,1785531262
2026-07-31T20:58:45Z,1216,9,0,11,1,0,1,1,1,1785530236
2026-07-31T20:58:45Z,1218,4,0,17,0,0,1,1,1,1785530633
2026-07-31T20:58:45Z,1219,5,1,7,3,0,1,1,1,1785530906
2026-07-31T20:58:45Z,1220,17,6,2,0,0,1,1,1,1785530271
2026-07-31T20:58:45Z,1221,1,1,19,1,0,1,1,1,1785529983
2026-07-31T20:58:45Z,1222,15,3,14,0,0,1,1,1,1785531250
2026-07-31T20:58:45Z,1223,27,0,1,1,0,1,1,1,1785531463
2026-07-31T20:58:45Z,1226,0,0,3,0,0,0,1,1,1781868931
2026-07-31T20:58:45Z,1227,5,0,19,1,0,1,1,1,1785531138
2026-07-31T20:58:45Z,1228,5,4,24,0,0,1,1,1,1785531491
2026-07-31T20:58:45Z,1229,45,1,0,0,0,1,1,1,1785531507
2026-07-31T21:03:45Z,1,9,1,14,0,0,1,1,1,1785531755
2026-07-31T21:03:45Z,2,16,1,8,3,0,1,1,1,1785531814
2026-07-31T21:03:45Z,3,10,0,3,1,0,1,1,1,1785531314
2026-07-31T21:03:45Z,4,20,0,1,1,0,1,1,1,1785531156
2026-07-31T21:03:45Z,5,16,3,5,2,0,1,1,1,1785530181
2026-07-31T21:03:45Z,6,4,0,11,0,0,1,1,1,1785531804
2026-07-31T21:03:45Z,7,4,0,35,0,0,1,1,1,1785530948
2026-07-31T21:03:45Z,8,9,0,34,0,0,1,1,1,1785531780
2026-07-31T21:03:45Z,9,12,0,10,1,0,1,1,1,1785531344
2026-07-31T21:03:45Z,10,1,0,20,2,0,1,1,1,1785531328
2026-07-31T21:03:45Z,11,8,0,9,2,0,1,1,1,1785531763
2026-07-31T21:03:45Z,12,22,0,1,0,0,1,1,1,1785531805
2026-07-31T21:03:45Z,13,12,1,18,0,0,1,1,1,1785531751
2026-07-31T21:03:45Z,14,40,0,2,0,1,1,1,1,1785531694
2026-07-31T21:03:45Z,15,15,0,0,0,0,1,1,1,1785530434
2026-07-31T21:03:45Z,16,3,1,21,2,1,1,1,1,1785531134
2026-07-31T21:03:45Z,17,8,0,18,1,0,1,1,1,1785531595
2026-07-31T21:03:45Z,18,6,0,10,2,0,1,1,1,1785531763
2026-07-31T21:03:45Z,19,14,2,10,3,0,1,1,1,1785531803
2026-07-31T21:03:45Z,20,14,2,21,0,0,1,1,1,1785531649
2026-07-31T21:03:45Z,21,14,0,4,1,0,1,1,1,1785531794
2026-07-31T21:03:45Z,22,27,1,38,0,0,1,1,1,1785531759
2026-07-31T21:03:45Z,23,21,6,8,2,0,1,1,1,1785531551
2026-07-31T21:03:45Z,24,8,2,2,1,0,1,1,1,1785531805
2026-07-31T21:03:45Z,25,74,3,6,1,0,1,1,1,1785531812
2026-07-31T21:03:45Z,26,25,1,2,0,0,1,1,1,1785531796
2026-07-31T21:03:45Z,28,8,1,7,0,0,1,1,1,1785531312
2026-07-31T21:03:45Z,30,17,0,11,1,0,1,1,1,1785531233
2026-07-31T21:03:45Z,31,15,2,2,2,0,1,1,1,1785531803
2026-07-31T21:03:45Z,32,8,4,19,0,0,1,1,1,1785531807
2026-07-31T21:03:45Z,34,19,2,18,0,0,1,1,1,1785531567
2026-07-31T21:03:45Z,35,17,2,30,0,0,1,1,1,1785531758
2026-07-31T21:03:45Z,36,0,0,0,0,0,0,1,1,86400
2026-07-31T21:03:45Z,37,15,2,8,0,0,1,1,1,1785531694
2026-07-31T21:03:45Z,38,7,0,16,0,0,1,1,1,1785531792
2026-07-31T21:03:45Z,39,18,3,21,0,0,1,1,1,1785531798
2026-07-31T21:03:45Z,40,5,0,16,0,0,1,1,1,1785531467
2026-07-31T21:03:45Z,41,31,0,12,0,0,1,1,1,1785531246
2026-07-31T21:03:45Z,42,5,2,25,1,0,1,1,1,1785531638
2026-07-31T21:03:45Z,43,9,0,14,0,0,1,1,1,1785531767
2026-07-31T21:03:45Z,45,12,0,17,0,0,1,1,1,1785531713
2026-07-31T21:03:45Z,46,2,1,28,1,0,1,1,1,1785531642
2026-07-31T21:03:45Z,47,0,0,14,1,0,1,1,1,1785531813
2026-07-31T21:03:45Z,48,20,0,7,0,0,1,1,1,1785531674
2026-07-31T21:03:45Z,49,1,0,18,4,0,1,1,1,1785531814
2026-07-31T21:03:45Z,50,5,5,13,1,0,1,1,1,1785531809
2026-07-31T21:03:45Z,51,50,0,27,0,0,1,1,1,1785531361
2026-07-31T21:03:45Z,52,6,1,18,3,0,1,1,1,1785531776
2026-07-31T21:03:45Z,55,18,0,5,0,0,1,1,1,1785531588
2026-07-31T21:03:45Z,56,22,0,21,0,0,1,1,1,1785531559
2026-07-31T21:03:45Z,57,14,0,12,1,0,1,1,1,1785531766
2026-07-31T21:03:45Z,58,1,0,27,0,0,1,1,1,1785531157
2026-07-31T21:03:45Z,59,0,0,25,2,0,1,1,1,1785531643
2026-07-31T21:03:45Z,61,14,0,25,0,0,1,1,1,1785531809
2026-07-31T21:03:45Z,62,26,16,21,2,0,1,1,1,1785531737
2026-07-31T21:03:45Z,63,13,1,6,0,0,1,1,1,1785530620
2026-07-31T21:03:45Z,64,12,1,3,4,0,1,1,1,1785530968
2026-07-31T21:03:45Z,65,8,4,10,1,0,1,1,1,1785530131
2026-07-31T21:03:45Z,67,30,0,9,0,0,1,1,1,1785531790
2026-07-31T21:03:45Z,68,35,1,1,1,0,1,1,1,1785531763
2026-07-31T21:03:45Z,69,2,0,13,0,0,1,1,1,1785531809
2026-07-31T21:03:45Z,71,15,0,9,3,0,1,1,1,1785531556
2026-07-31T21:03:45Z,72,26,4,1,3,1,1,1,1,1785531480
2026-07-31T21:03:45Z,73,16,0,15,0,0,1,1,1,1785531773
2026-07-31T21:03:45Z,74,1,0,18,0,0,1,1,1,1785530679
2026-07-31T21:03:45Z,75,15,0,16,1,0,1,1,1,1785531719
2026-07-31T21:03:45Z,76,6,0,12,1,0,1,1,1,1785531808
2026-07-31T21:03:45Z,77,1,0,26,0,0,1,1,1,1785531635
2026-07-31T21:03:45Z,78,4,2,19,0,0,1,1,1,1785531503
2026-07-31T21:03:45Z,79,0,0,16,1,0,1,1,1,1785531663
2026-07-31T21:03:45Z,80,10,1,10,3,0,1,1,1,1785531794
2026-07-31T21:03:45Z,81,2,0,29,0,0,1,1,1,1785531777
2026-07-31T21:03:45Z,82,15,8,6,2,0,1,1,1,1785531639
2026-07-31T21:03:45Z,83,4,1,29,1,0,1,1,1,1785531804
2026-07-31T21:03:45Z,84,2,1,24,1,0,1,1,1,1785531804
2026-07-31T21:03:45Z,85,13,1,2,0,0,1,1,1,1785531639
2026-07-31T21:03:45Z,86,0,0,27,0,0,1,1,1,1785531701
2026-07-31T21:03:45Z,87,1,0,18,0,0,1,1,1,1785531708
2026-07-31T21:03:45Z,88,10,0,32,1,0,1,1,1,1785531266
2026-07-31T21:03:45Z,89,31,2,3,1,0,1,1,1,1785531566
2026-07-31T21:03:45Z,90,6,0,11,1,0,1,1,1,1785531528
2026-07-31T21:03:45Z,91,1,0,16,0,0,1,1,1,1785530870
2026-07-31T21:03:45Z,92,2,0,14,3,0,1,1,1,1785531794
2026-07-31T21:03:45Z,93,4,1,19,0,0,1,1,1,1785531504
2026-07-31T21:03:45Z,94,13,0,5,1,0,1,1,1,1785531042
2026-07-31T21:03:45Z,95,4,1,29,1,1,1,1,1,1785531804
2026-07-31T21:03:45Z,96,14,3,16,1,0,1,1,1,1785531661
2026-07-31T21:03:45Z,97,1,0,14,2,0,1,1,1,1785531644
2026-07-31T21:03:45Z,98,31,7,4,0,0,1,1,1,1785531430
2026-07-31T21:03:45Z,99,11,0,4,0,0,1,1,1,1785531576
2026-07-31T21:03:45Z,100,5,0,22,0,0,1,1,1,1785531737
2026-07-31T21:03:45Z,101,14,0,0,1,0,1,1,1,1785531114
2026-07-31T21:03:45Z,102,9,0,14,0,0,1,1,1,1785531199
2026-07-31T21:03:45Z,103,12,2,15,3,0,1,1,1,1785531762
2026-07-31T21:03:45Z,104,23,1,2,2,0,1,1,1,1785531814
2026-07-31T21:03:45Z,105,19,0,0,0,0,1,1,1,1785531794
2026-07-31T21:03:45Z,106,15,0,5,1,0,1,1,1,1785531067
2026-07-31T21:03:45Z,107,21,0,16,0,0,1,1,1,1785531767
2026-07-31T21:03:45Z,108,5,0,28,2,0,1,1,1,1785531814
2026-07-31T21:03:45Z,109,9,0,14,0,0,1,1,1,1785531709
2026-07-31T21:03:45Z,110,17,1,6,0,0,1,1,1,1785531561
2026-07-31T21:03:45Z,111,17,3,19,0,0,1,1,1,1785531781
2026-07-31T21:03:45Z,112,11,1,3,1,0,1,1,1,1785531742
2026-07-31T21:03:45Z,113,2,0,16,1,0,1,1,1,1785531789
2026-07-31T21:03:45Z,114,15,6,14,1,1,1,1,1,1785531532
2026-07-31T21:03:45Z,115,15,11,9,4,0,1,1,1,1785531740
2026-07-31T21:03:45Z,116,12,11,14,1,0,1,1,1,1785531539
2026-07-31T21:03:45Z,118,14,1,7,2,0,1,1,1,1785531711
2026-07-31T21:03:45Z,119,2,0,34,2,0,1,1,1,1785531565
2026-07-31T21:03:45Z,120,5,0,20,2,0,1,1,1,1785531732
2026-07-31T21:03:45Z,121,1,0,15,2,1,1,1,1,1785531814
2026-07-31T21:03:45Z,122,4,1,17,0,0,1,1,1,1785531807
2026-07-31T21:03:45Z,123,15,2,32,0,0,1,1,1,1785531796
2026-07-31T21:03:45Z,124,3,2,32,0,0,1,1,1,1785531804
2026-07-31T21:03:45Z,125,3,2,19,1,0,1,1,1,1785531810
2026-07-31T21:03:45Z,126,19,0,12,0,0,1,1,1,1785531781
2026-07-31T21:03:45Z,127,14,4,20,1,0,1,1,1,1785531811
2026-07-31T21:03:45Z,128,2,0,17,0,0,1,1,1,1785531527
2026-07-31T21:03:45Z,129,0,0,16,3,0,1,1,1,1785531807
2026-07-31T21:03:45Z,130,0,0,17,0,0,1,1,1,1785531401
2026-07-31T21:03:45Z,131,6,5,5,0,0,1,1,1,1785531483
2026-07-31T21:03:45Z,132,5,3,9,0,1,1,1,1,1785531524
2026-07-31T21:03:45Z,134,15,1,4,4,0,1,1,1,1785531716
2026-07-31T21:03:45Z,135,4,0,14,1,0,1,1,1,1785531519
2026-07-31T21:03:45Z,136,1,1,15,1,6,1,1,1,1785531801
2026-07-31T21:03:45Z,137,5,4,12,2,0,1,1,1,1785531762
2026-07-31T21:03:45Z,138,6,0,31,0,0,1,1,1,1785531036
2026-07-31T21:03:45Z,139,1,1,17,1,0,1,1,1,1785531709
2026-07-31T21:03:45Z,140,5,1,17,1,0,1,1,1,1785531814
2026-07-31T21:03:45Z,141,8,2,28,0,0,1,1,1,1785531666
2026-07-31T21:03:45Z,142,4,2,19,0,0,1,1,1,1785531746
2026-07-31T21:03:45Z,143,0,0,31,0,0,1,1,1,1785531035
2026-07-31T21:03:45Z,144,15,0,12,0,0,1,1,1,1785531423
2026-07-31T21:03:45Z,146,9,0,13,1,0,1,1,1,1785531738
2026-07-31T21:03:45Z,147,3,0,13,3,0,1,1,1,1785531803
2026-07-31T21:03:45Z,148,7,1,16,4,0,1,1,1,1785531813
2026-07-31T21:03:45Z,149,1,0,26,0,0,1,1,1,1785531316
2026-07-31T21:03:45Z,150,9,1,24,2,0,1,1,1,1785531809
2026-07-31T21:03:45Z,151,9,0,14,0,0,1,1,1,1785531749
2026-07-31T21:03:45Z,152,1,1,22,3,0,1,1,1,1785531651
2026-07-31T21:03:45Z,153,3,1,23,2,0,1,1,1,1785531813
2026-07-31T21:03:45Z,154,7,1,13,3,0,1,1,1,1785531800
2026-07-31T21:03:45Z,155,1,0,12,1,0,1,1,1,1785531526
2026-07-31T21:03:45Z,156,4,0,15,0,0,1,1,1,1785531741
2026-07-31T21:03:45Z,157,5,1,19,3,0,1,1,1,1785531811
2026-07-31T21:03:45Z,158,3,0,12,1,0,1,1,1,1785531535
2026-07-31T21:03:45Z,159,4,4,13,2,0,1,1,1,1785531770
2026-07-31T21:03:45Z,160,2,0,17,0,0,1,1,1,1785531725
2026-07-31T21:03:45Z,161,17,0,4,1,0,1,1,1,1785531736
2026-07-31T21:03:45Z,162,19,12,6,2,0,1,1,1,1785531722
2026-07-31T21:03:45Z,163,7,0,23,0,1,1,1,1,1785531793
2026-07-31T21:03:45Z,164,16,1,11,0,0,1,1,1,1785531770
2026-07-31T21:03:45Z,165,27,5,4,0,0,1,1,1,1785531802
2026-07-31T21:03:45Z,166,3,2,32,4,0,1,1,1,1785531810
2026-07-31T21:03:45Z,167,8,0,14,1,0,1,1,1,1785531587
2026-07-31T21:03:45Z,168,10,0,13,4,0,1,1,1,1785531805
2026-07-31T21:03:45Z,169,14,3,8,0,1,1,1,1,1785531783
2026-07-31T21:03:45Z,170,4,1,14,1,0,1,1,1,1785531685
2026-07-31T21:03:45Z,171,10,1,1,2,0,1,1,1,1785531715
2026-07-31T21:03:45Z,173,13,3,26,0,0,1,1,1,1785531532
2026-07-31T21:03:45Z,174,5,1,21,0,0,1,1,1,1785531685
2026-07-31T21:03:45Z,175,29,2,1,1,0,1,1,1,1785531515
2026-07-31T21:03:45Z,176,12,3,0,2,1,1,1,1,1785531812
2026-07-31T21:03:45Z,177,5,1,21,1,0,1,1,1,1785531663
2026-07-31T21:03:45Z,178,12,0,0,2,1,1,1,1,1785531812
2026-07-31T21:03:45Z,179,9,6,4,3,0,1,1,1,1785531686
2026-07-31T21:03:45Z,180,0,0,30,0,0,1,1,1,1785531465
2026-07-31T21:03:45Z,181,3,0,12,0,0,1,1,1,1785531730
2026-07-31T21:03:45Z,182,6,2,11,0,0,1,1,1,1785531704
2026-07-31T21:03:45Z,183,5,2,17,1,0,1,1,1,1785531534
2026-07-31T21:03:45Z,184,15,0,5,3,0,1,1,1,1785531765
2026-07-31T21:03:45Z,185,6,5,7,1,1,1,1,1,1785531813
2026-07-31T21:03:45Z,186,3,2,16,0,0,1,1,1,1785531699
2026-07-31T21:03:45Z,187,0,0,27,1,0,1,1,1,1785530101
2026-07-31T21:03:45Z,188,11,4,8,8,0,1,1,1,1785531715
2026-07-31T21:03:45Z,189,4,1,11,0,0,1,1,1,1785531785
2026-07-31T21:03:45Z,190,17,0,5,1,0,1,1,1,1785531744
2026-07-31T21:03:45Z,191,10,8,28,1,0,1,1,1,1785531771
2026-07-31T21:03:45Z,192,2,1,27,2,0,1,1,1,1785531445
2026-07-31T21:03:45Z,193,5,3,9,1,0,1,1,1,1785531810
2026-07-31T21:03:45Z,194,3,2,24,0,0,1,1,1,1785531687
2026-07-31T21:03:45Z,195,2,0,17,0,0,1,1,1,1785531365
2026-07-31T21:03:45Z,196,7,6,19,1,0,1,1,1,1785531767
2026-07-31T21:03:45Z,197,0,0,18,0,1,1,1,1,1785531224
2026-07-31T21:03:45Z,198,12,11,10,1,0,1,1,1,1785531679
2026-07-31T21:03:45Z,199,0,0,14,1,0,1,1,1,1785531807
2026-07-31T21:03:45Z,200,11,11,14,1,0,1,1,1,1785531658
2026-07-31T21:03:45Z,201,8,4,14,1,0,1,1,1,1785531797
2026-07-31T21:03:45Z,202,5,0,22,0,0,1,1,1,1785531736
2026-07-31T21:03:45Z,203,11,2,19,1,0,1,1,1,1785531350
2026-07-31T21:03:45Z,204,21,0,13,1,0,1,1,1,1785531764
2026-07-31T21:03:45Z,205,10,0,16,1,0,1,1,1,1785531813
2026-07-31T21:03:45Z,206,0,0,14,1,0,1,1,1,1785531787
2026-07-31T21:03:45Z,207,21,1,0,0,0,1,1,1,1785531400
2026-07-31T21:03:45Z,208,2,1,27,0,0,1,1,1,1785531548
2026-07-31T21:03:45Z,209,26,1,4,1,0,1,1,1,1785531808
2026-07-31T21:03:45Z,210,4,1,23,0,0,1,1,1,1785531804
2026-07-31T21:03:45Z,211,0,0,22,1,0,1,1,1,1785530930
2026-07-31T21:03:45Z,212,9,0,25,1,0,1,1,1,1785531783
2026-07-31T21:03:45Z,213,16,5,6,1,0,1,1,1,1785531772
2026-07-31T21:03:45Z,214,36,7,10,1,0,1,1,1,1785531813
2026-07-31T21:03:45Z,215,19,5,3,1,0,1,1,1,1785531594
2026-07-31T21:03:45Z,216,6,4,12,1,0,1,1,1,1785531634
2026-07-31T21:03:45Z,217,14,0,14,1,0,1,1,1,1785531759
2026-07-31T21:03:45Z,218,14,9,22,3,0,1,1,1,1785531790
2026-07-31T21:03:45Z,219,18,0,7,1,0,1,1,1,1785531806
2026-07-31T21:03:45Z,220,23,8,19,0,1,1,1,1,1785531493
2026-07-31T21:03:45Z,221,1,1,13,1,0,1,1,1,1785531807
2026-07-31T21:03:45Z,222,4,4,14,1,0,1,1,1,1785531791
2026-07-31T21:03:45Z,223,6,0,26,3,0,1,1,1,1785531558
2026-07-31T21:03:45Z,224,3,1,18,1,0,1,1,1,1785531756
2026-07-31T21:03:45Z,225,6,2,9,4,0,1,1,1,1785531639
2026-07-31T21:03:45Z,226,17,2,13,1,0,1,1,1,1785531803
2026-07-31T21:03:45Z,227,2,1,24,1,0,1,1,1,1785531501
2026-07-31T21:03:45Z,228,4,2,13,2,0,1,1,1,1785531080
2026-07-31T21:03:45Z,230,8,0,18,0,0,1,1,1,1785531801
2026-07-31T21:03:45Z,232,4,0,12,1,0,1,1,1,1785531634
2026-07-31T21:03:45Z,233,10,8,20,1,0,1,1,1,1785531806
2026-07-31T21:03:45Z,234,11,3,1,5,2,1,1,1,1785530558
2026-07-31T21:03:45Z,236,16,2,3,0,0,1,1,1,1785528929
2026-07-31T21:03:45Z,237,2,0,20,1,0,1,1,1,1785531626
2026-07-31T21:03:45Z,239,3,3,23,1,0,1,1,1,1785531508
2026-07-31T21:03:45Z,241,7,5,15,1,0,1,1,1,1785531799
2026-07-31T21:03:45Z,242,7,0,15,1,0,1,1,1,1785531757
2026-07-31T21:03:45Z,243,17,8,11,3,0,1,1,1,1785531789
2026-07-31T21:03:45Z,244,3,1,22,2,0,1,1,1,1785531759
2026-07-31T21:03:45Z,245,10,4,13,0,0,1,1,1,1785531529
2026-07-31T21:03:45Z,246,11,6,12,0,0,1,1,1,1785531805
2026-07-31T21:03:45Z,247,4,3,17,2,0,1,1,1,1785531046
2026-07-31T21:03:45Z,248,13,6,8,2,0,1,1,1,1785531805
2026-07-31T21:03:45Z,249,17,17,1,1,0,1,1,1,1785531754
2026-07-31T21:03:45Z,250,4,4,18,5,0,1,1,1,1785531804
2026-07-31T21:03:45Z,251,21,11,1,5,0,1,1,1,1785531616
2026-07-31T21:03:45Z,253,3,1,16,0,0,1,1,1,1785531591
2026-07-31T21:03:45Z,254,3,2,38,2,0,1,1,1,1785531611
2026-07-31T21:03:45Z,255,11,0,11,0,1,1,1,1,1785531659
2026-07-31T21:03:45Z,256,0,0,21,2,0,1,1,1,1785531388
2026-07-31T21:03:45Z,257,1,0,18,0,0,1,1,1,1785531684
2026-07-31T21:03:45Z,258,16,6,2,1,0,1,1,1,1785531754
2026-07-31T21:03:45Z,259,13,0,9,0,1,1,1,1,1785531794
2026-07-31T21:03:45Z,260,0,0,18,1,0,1,1,1,1785531499
2026-07-31T21:03:45Z,261,2,0,15,1,1,1,1,1,1785531807
2026-07-31T21:03:45Z,262,2,1,20,1,0,1,1,1,1785531674
2026-07-31T21:03:45Z,263,3,2,12,0,0,1,1,1,1785531690
2026-07-31T21:03:45Z,264,1,0,18,0,0,1,1,1,1785531615
2026-07-31T21:03:45Z,265,3,0,12,0,0,1,1,1,1785531786
2026-07-31T21:03:45Z,266,10,6,8,1,0,1,1,1,1785531513
2026-07-31T21:03:45Z,267,9,4,5,1,0,1,1,1,1785531709
2026-07-31T21:03:45Z,268,18,6,4,1,0,1,1,1,1785531784
2026-07-31T21:03:45Z,269,12,5,11,0,0,1,1,1,1785531750
2026-07-31T21:03:45Z,270,4,0,22,1,0,1,1,1,1785531791
2026-07-31T21:03:45Z,271,4,0,12,3,0,1,1,1,1785531694
2026-07-31T21:03:45Z,272,7,3,16,0,0,1,1,1,1785531812
2026-07-31T21:03:45Z,273,3,0,12,0,0,1,1,1,1785531560
2026-07-31T21:03:45Z,274,3,2,15,1,0,1,1,1,1785531503
2026-07-31T21:03:45Z,275,11,0,8,4,0,1,1,1,1785531685
2026-07-31T21:03:45Z,276,3,1,23,1,0,1,1,1,1785531729
2026-07-31T21:03:45Z,277,5,5,14,4,0,1,1,1,1785531777
2026-07-31T21:03:45Z,278,15,9,13,3,0,1,1,1,1785531669
2026-07-31T21:03:45Z,279,0,0,19,0,0,1,1,1,1785530676
2026-07-31T21:03:45Z,280,3,0,25,3,0,1,1,1,1785531811
2026-07-31T21:03:45Z,281,3,2,16,0,0,1,1,1,1785530845
2026-07-31T21:03:45Z,282,7,2,11,0,0,1,1,1,1785527347
2026-07-31T21:03:45Z,283,18,1,17,0,0,1,1,1,1785531771
2026-07-31T21:03:45Z,284,26,1,6,3,0,1,1,1,1785531721
2026-07-31T21:03:45Z,285,4,1,19,0,0,1,1,1,1785531795
2026-07-31T21:03:45Z,286,8,6,15,0,0,1,1,1,1785531580
2026-07-31T21:03:45Z,287,11,1,9,3,0,1,1,1,1785531102
2026-07-31T21:03:45Z,288,4,1,15,0,0,1,1,1,1785531327
2026-07-31T21:03:45Z,289,10,5,14,3,0,1,1,1,1785531736
2026-07-31T21:03:45Z,290,21,3,17,1,0,1,1,1,1785531799
2026-07-31T21:03:45Z,291,13,0,9,1,0,1,1,1,1785531719
2026-07-31T21:03:45Z,292,5,1,18,0,0,1,1,1,1785531451
2026-07-31T21:03:45Z,293,4,2,19,0,0,1,1,1,1785531462
2026-07-31T21:03:45Z,294,6,3,14,2,0,1,1,1,1785531770
2026-07-31T21:03:45Z,297,6,1,11,1,1,1,1,1,1785531600
2026-07-31T21:03:45Z,301,13,1,6,0,0,1,1,1,1785531561
2026-07-31T21:03:45Z,302,19,0,4,0,0,1,1,1,1785531811
2026-07-31T21:03:45Z,303,0,0,19,0,0,1,1,1,1785530377
2026-07-31T21:03:45Z,304,0,0,0,0,0,0,1,1,86400
2026-07-31T21:03:45Z,305,6,0,12,1,0,1,1,1,1785531813
2026-07-31T21:03:45Z,306,9,1,23,0,0,1,1,1,1785531598
2026-07-31T21:03:45Z,307,3,0,20,0,0,1,1,1,1785531724
2026-07-31T21:03:45Z,308,1,0,17,1,0,1,1,1,1785531597
2026-07-31T21:03:45Z,309,1,1,13,0,0,1,1,1,1785530983
2026-07-31T21:03:45Z,311,5,0,9,1,0,1,1,1,1785531212
2026-07-31T21:03:45Z,312,9,7,11,2,1,1,1,1,1785531784
2026-07-31T21:03:45Z,313,5,0,10,0,0,1,1,1,1785526554
2026-07-31T21:03:45Z,314,5,1,12,2,0,1,1,1,1785529159
2026-07-31T21:03:45Z,315,12,5,16,3,0,1,1,1,1785531696
2026-07-31T21:03:45Z,316,5,2,18,7,1,1,1,1,1785531644
2026-07-31T21:03:45Z,317,8,7,22,0,1,1,1,1,1785531643
2026-07-31T21:03:45Z,318,16,1,3,0,0,1,1,1,1785531022
2026-07-31T21:03:45Z,319,20,3,2,1,0,1,1,1,1785531773
2026-07-31T21:03:45Z,320,11,0,7,1,0,1,1,1,1785531565
2026-07-31T21:03:45Z,321,2,0,13,4,0,1,1,1,1785531721
2026-07-31T21:03:45Z,322,15,0,14,0,0,1,1,1,1785530430
2026-07-31T21:03:45Z,323,6,1,13,0,0,1,1,1,1785531170
2026-07-31T21:03:45Z,324,16,2,10,1,0,1,1,1,1785531808
2026-07-31T21:03:45Z,325,2,2,23,2,0,1,1,1,1785531739
2026-07-31T21:03:45Z,327,8,1,17,2,0,1,1,1,1785531534
2026-07-31T21:03:45Z,328,17,1,4,1,0,1,1,1,1785531671
2026-07-31T21:03:45Z,329,2,0,14,3,0,1,1,1,1785531656
2026-07-31T21:03:45Z,330,15,0,6,1,0,1,1,1,1785531709
2026-07-31T21:03:45Z,331,14,0,7,2,0,1,1,1,1785531767
2026-07-31T21:03:45Z,332,7,5,11,1,0,1,1,1,1785531749
2026-07-31T21:03:45Z,333,3,3,19,1,0,1,1,1,1785531418
2026-07-31T21:03:45Z,334,8,0,15,0,0,1,1,1,1785531792
2026-07-31T21:03:45Z,335,2,2,20,0,1,1,1,1,1785530699
2026-07-31T21:03:45Z,336,5,1,14,0,0,1,1,1,1785531746
2026-07-31T21:03:45Z,337,13,3,6,4,0,1,1,1,1785531647
2026-07-31T21:03:45Z,338,1,1,18,0,0,1,1,1,1785531765
2026-07-31T21:03:45Z,339,11,10,8,4,0,1,1,1,1785531811
2026-07-31T21:03:45Z,340,0,0,14,1,0,1,1,1,1785531581
2026-07-31T21:03:45Z,341,7,1,12,0,0,1,1,1,1785531754
2026-07-31T21:03:45Z,342,1,0,14,0,0,1,1,1,1785530337
2026-07-31T21:03:45Z,343,9,3,13,1,0,1,1,1,1785529614
2026-07-31T21:03:45Z,344,5,3,18,0,0,1,1,1,1785531278
2026-07-31T21:03:45Z,345,12,1,7,0,0,1,1,1,1785531224
2026-07-31T21:03:45Z,346,4,3,19,0,0,1,1,1,1785531090
2026-07-31T21:03:45Z,347,13,0,28,3,0,1,1,1,1785531795
2026-07-31T21:03:45Z,348,9,0,13,0,1,1,1,1,1785531582
2026-07-31T21:03:45Z,349,16,2,2,1,0,1,1,1,1785530710
2026-07-31T21:03:45Z,350,2,0,23,1,1,1,1,1,1785530916
2026-07-31T21:03:45Z,351,2,1,19,2,0,1,1,1,1785531809
2026-07-31T21:03:45Z,355,2,1,21,0,0,1,1,1,1785531725
2026-07-31T21:03:45Z,356,3,1,16,0,0,1,1,1,1785531777
2026-07-31T21:03:45Z,357,3,3,15,1,0,1,1,1,1785531569
2026-07-31T21:03:45Z,358,13,2,13,1,0,1,1,1,1785529883
2026-07-31T21:03:45Z,359,9,0,18,0,0,1,1,1,1785530951
2026-07-31T21:03:45Z,360,4,3,15,0,0,1,1,1,1785530596
2026-07-31T21:03:45Z,362,3,0,12,4,0,1,1,1,1785531191
2026-07-31T21:03:45Z,363,9,0,18,0,0,1,1,1,1785531752
2026-07-31T21:03:45Z,364,1,0,18,0,0,1,1,1,1785531281
2026-07-31T21:03:45Z,365,3,2,17,3,0,1,1,1,1785531813
2026-07-31T21:03:45Z,366,8,7,15,0,0,1,1,1,1785531694
2026-07-31T21:03:45Z,367,1,1,16,2,0,1,1,1,1785530729
2026-07-31T21:03:45Z,368,1,0,21,1,0,1,1,1,1785530971
2026-07-31T21:03:45Z,370,10,4,17,0,0,1,1,1,1785530872
2026-07-31T21:03:45Z,371,4,3,14,1,0,1,1,1,1785531087
2026-07-31T21:03:45Z,372,14,1,1,0,0,1,1,1,1785531602
2026-07-31T21:03:45Z,373,0,0,27,0,0,1,1,1,1785529201
2026-07-31T21:03:45Z,374,1,1,17,1,0,1,1,1,1785531416
2026-07-31T21:03:45Z,375,17,5,7,3,0,1,1,1,1785531742
2026-07-31T21:03:45Z,376,6,3,31,2,0,1,1,1,1785531759
2026-07-31T21:03:45Z,377,0,0,27,0,0,1,1,1,1785530908
2026-07-31T21:03:45Z,378,4,2,18,1,1,1,1,1,1785531603
2026-07-31T21:03:45Z,379,16,2,9,2,0,1,1,1,1785531456
2026-07-31T21:03:45Z,380,1,0,22,0,0,1,1,1,1785531620
2026-07-31T21:03:45Z,381,6,0,17,0,0,1,1,1,1785531804
2026-07-31T21:03:45Z,383,9,2,4,2,0,1,1,1,1785531173
2026-07-31T21:03:45Z,384,3,1,22,2,0,1,1,1,1785531603
2026-07-31T21:03:45Z,385,0,0,17,1,0,1,1,1,1785531539
2026-07-31T21:03:45Z,387,6,1,17,0,0,1,1,1,1785530214
2026-07-31T21:03:45Z,388,35,1,11,3,0,1,1,1,1785531768
2026-07-31T21:03:45Z,389,4,3,10,1,0,1,1,1,1785531267
2026-07-31T21:03:45Z,390,13,3,22,0,0,1,1,1,1785531415
2026-07-31T21:03:45Z,391,4,2,10,1,0,1,1,1,1785530305
2026-07-31T21:03:45Z,392,1,1,17,1,0,1,1,1,1785531510
2026-07-31T21:03:45Z,393,1,1,7,3,0,1,1,1,1785531684
2026-07-31T21:03:45Z,394,4,0,6,3,0,1,1,1,1785531668
2026-07-31T21:03:45Z,396,2,1,39,1,0,1,1,1,1785531655
2026-07-31T21:03:45Z,397,20,10,11,0,0,1,1,1,1785531583
2026-07-31T21:03:45Z,399,3,0,11,3,0,1,1,1,1785531737
2026-07-31T21:03:45Z,400,14,9,7,2,0,1,1,1,1785531101
2026-07-31T21:03:45Z,401,4,2,27,8,0,1,1,1,1785531685
2026-07-31T21:03:45Z,403,23,4,3,5,0,1,1,1,1785531764
2026-07-31T21:03:45Z,404,4,2,18,1,0,1,1,1,1785531688
2026-07-31T21:03:45Z,406,10,0,25,0,0,1,1,1,1785531814
2026-07-31T21:03:45Z,407,1,0,32,1,0,1,1,1,1785529900
2026-07-31T21:03:45Z,408,3,2,27,3,0,1,1,1,1785531709
2026-07-31T21:03:45Z,409,17,0,4,2,0,1,1,1,1785531809
2026-07-31T21:03:45Z,413,11,2,10,2,0,1,1,1,1785531318
2026-07-31T21:03:45Z,414,11,0,4,0,0,1,1,1,1785531380
2026-07-31T21:03:45Z,417,1,1,18,0,0,1,1,1,1785531631
2026-07-31T21:03:45Z,418,5,2,10,0,0,1,1,1,1785531623
2026-07-31T21:03:45Z,419,13,2,10,0,0,1,1,1,1785529593
2026-07-31T21:03:45Z,421,3,0,16,0,0,1,1,1,1785531801
2026-07-31T21:03:45Z,422,18,3,9,0,0,1,1,1,1785530054
2026-07-31T21:03:45Z,423,0,0,22,1,0,1,1,1,1785531227
2026-07-31T21:03:45Z,424,8,4,4,2,1,1,1,1,1785531378
2026-07-31T21:03:45Z,425,7,4,14,0,1,1,1,1,1785531689
2026-07-31T21:03:45Z,426,6,0,28,3,0,1,1,1,1785531812
2026-07-31T21:03:45Z,427,10,0,2,3,0,1,1,1,1785531672
2026-07-31T21:03:45Z,428,17,2,2,0,0,1,1,1,1785531483
2026-07-31T21:03:45Z,429,7,5,15,1,0,1,1,1,1785531768
2026-07-31T21:03:45Z,430,8,1,20,3,0,1,1,1,1785531754
2026-07-31T21:03:45Z,431,2,0,28,3,0,1,1,1,1785531452
2026-07-31T21:03:45Z,432,0,0,30,1,0,0,1,1,1785508564
2026-07-31T21:03:45Z,433,5,2,15,3,0,1,1,1,1785529334
2026-07-31T21:03:45Z,437,3,3,13,3,0,1,1,1,1785531808
2026-07-31T21:03:45Z,438,11,2,7,1,0,1,1,1,1785531798
2026-07-31T21:03:45Z,439,8,4,7,0,0,1,1,1,1785531786
2026-07-31T21:03:45Z,440,9,4,6,0,0,1,1,1,1785531806
2026-07-31T21:03:45Z,441,2,0,11,2,0,1,1,1,1785531762
2026-07-31T21:03:45Z,442,9,4,8,2,0,1,1,1,1785530973
2026-07-31T21:03:45Z,443,5,2,22,0,0,1,1,1,1785512432
2026-07-31T21:03:45Z,444,4,2,19,0,0,1,1,1,1785530976
2026-07-31T21:03:45Z,445,6,2,16,1,0,1,1,1,1785531682
2026-07-31T21:03:45Z,446,1,0,22,0,0,1,1,1,1785531712
2026-07-31T21:03:45Z,447,3,0,18,1,1,1,1,1,1785496389
2026-07-31T21:03:45Z,448,7,0,7,1,0,1,1,1,1785530120
2026-07-31T21:03:45Z,452,8,4,10,1,0,1,1,1,1785531813
2026-07-31T21:03:45Z,453,4,1,7,4,0,1,1,1,1785531622
2026-07-31T21:03:45Z,454,13,0,6,0,0,1,1,1,1785531775
2026-07-31T21:03:45Z,455,0,0,39,0,0,1,1,1,1785530549
2026-07-31T21:03:45Z,456,17,1,2,1,0,1,1,1,1785531790
2026-07-31T21:03:45Z,457,11,2,12,4,0,1,1,1,1785531461
2026-07-31T21:03:45Z,458,6,2,16,1,0,1,1,1,1785531400
2026-07-31T21:03:45Z,459,9,1,6,0,0,1,1,1,1785531167
2026-07-31T21:03:45Z,460,13,1,10,0,0,1,1,1,1785531570
2026-07-31T21:03:45Z,461,9,0,10,0,0,1,1,1,1785531034
2026-07-31T21:03:45Z,462,15,1,6,0,0,1,1,1,1785531557
2026-07-31T21:03:45Z,463,9,1,10,0,0,1,1,1,1785526740
2026-07-31T21:03:45Z,464,0,0,14,0,0,1,1,1,1785528198
2026-07-31T21:03:45Z,465,5,3,10,0,0,1,1,1,1785531456
2026-07-31T21:03:45Z,466,4,1,5,6,0,1,1,1,1785531299
2026-07-31T21:03:45Z,467,3,2,16,0,0,1,1,1,1785531037
2026-07-31T21:03:45Z,468,0,0,18,1,0,1,1,1,1785527178
2026-07-31T21:03:45Z,469,9,1,12,2,0,1,1,1,1785531347
2026-07-31T21:03:45Z,470,0,0,13,2,0,1,1,1,1785531712
2026-07-31T21:03:45Z,471,27,2,0,0,0,1,1,1,1785528650
2026-07-31T21:03:45Z,472,6,2,11,2,0,1,1,1,1785531799
2026-07-31T21:03:45Z,473,9,2,10,0,0,1,1,1,1785531129
2026-07-31T21:03:45Z,474,8,2,11,0,0,1,1,1,1785531802
2026-07-31T21:03:45Z,475,6,4,12,1,0,1,1,1,1785530509
2026-07-31T21:03:45Z,477,10,1,5,0,0,1,1,1,1785530702
2026-07-31T21:03:45Z,478,29,0,2,0,0,1,1,1,1785531721
2026-07-31T21:03:45Z,479,4,0,21,2,0,1,1,1,1785531082
2026-07-31T21:03:45Z,480,5,0,9,1,0,1,1,1,1785531112
2026-07-31T21:03:45Z,481,1,0,32,2,0,1,1,1,1785531523
2026-07-31T21:03:45Z,482,4,4,15,0,0,1,1,1,1785531414
2026-07-31T21:03:45Z,483,15,0,10,2,0,1,1,1,1785531812
2026-07-31T21:03:45Z,484,5,2,13,1,0,1,1,1,1785531789
2026-07-31T21:03:45Z,485,9,2,9,0,1,1,1,1,1785531789
2026-07-31T21:03:45Z,486,0,0,24,3,0,1,1,1,1785531714
2026-07-31T21:03:45Z,487,8,6,9,2,0,1,1,1,1785531638
2026-07-31T21:03:45Z,489,0,0,15,0,0,1,1,1,1785531388
2026-07-31T21:03:45Z,490,10,0,5,1,0,1,1,1,1785530579
2026-07-31T21:03:45Z,491,7,2,13,1,0,1,1,1,1785531790
2026-07-31T21:03:45Z,492,3,3,5,3,0,1,1,1,1785531813
2026-07-31T21:03:45Z,493,20,0,7,0,0,1,1,1,1785531742
2026-07-31T21:03:45Z,495,7,0,7,1,0,1,1,1,1785530497
2026-07-31T21:03:45Z,496,4,1,23,0,0,1,1,1,1785531598
2026-07-31T21:03:45Z,497,2,2,16,1,0,1,1,1,1785531712
2026-07-31T21:03:45Z,498,3,2,20,0,0,1,1,1,1785531641
2026-07-31T21:03:45Z,499,3,0,15,1,0,1,1,1,1785531271
2026-07-31T21:03:45Z,500,1,0,11,3,0,1,1,1,1785530637
2026-07-31T21:03:45Z,501,16,3,5,0,0,1,1,1,1785531777
2026-07-31T21:03:45Z,502,5,2,13,1,0,1,1,1,1785531743
2026-07-31T21:03:45Z,503,5,1,25,1,0,1,1,1,1785531736
2026-07-31T21:03:45Z,504,0,0,37,2,0,1,1,1,1785531561
2026-07-31T21:03:45Z,505,0,0,11,1,0,1,1,1,1785531541
2026-07-31T21:03:45Z,511,3,1,19,1,0,1,1,1,1785531759
2026-07-31T21:03:45Z,512,10,0,17,0,0,1,1,1,1785530707
2026-07-31T21:03:45Z,514,3,2,7,1,0,1,1,1,1785531404
2026-07-31T21:03:45Z,515,2,2,17,0,0,1,1,1,1785531676
2026-07-31T21:03:45Z,516,14,1,13,0,0,1,1,1,1785531588
2026-07-31T21:03:45Z,517,14,2,9,0,0,1,1,1,1785530806
2026-07-31T21:03:45Z,518,5,0,9,1,0,1,1,1,1785530533
2026-07-31T21:03:45Z,519,8,3,9,2,0,1,1,1,1785530872
2026-07-31T21:03:45Z,520,21,11,0,5,1,1,1,1,1785531812
2026-07-31T21:03:45Z,521,3,1,20,0,0,1,1,1,1785530932
2026-07-31T21:03:45Z,522,4,0,17,2,0,1,1,1,1785531538
2026-07-31T21:03:45Z,523,11,5,11,1,0,1,1,1,1785530824
2026-07-31T21:03:45Z,524,9,0,14,0,0,1,1,1,1785531743
2026-07-31T21:03:45Z,525,6,0,13,0,0,1,1,1,1785531049
2026-07-31T21:03:45Z,526,4,1,11,0,0,1,1,1,1785530751
2026-07-31T21:03:45Z,527,15,9,10,1,0,1,1,1,1785531718
2026-07-31T21:03:45Z,528,14,1,7,2,0,1,1,1,1785531539
2026-07-31T21:03:45Z,529,2,1,9,8,0,1,1,1,1785531814
2026-07-31T21:03:45Z,530,11,0,8,2,0,1,1,1,1785530986
2026-07-31T21:03:45Z,531,6,1,15,1,1,1,1,1,1785531806
2026-07-31T21:03:45Z,532,13,11,17,1,0,1,1,1,1785531383
2026-07-31T21:03:45Z,533,10,0,8,1,0,1,1,1,1785531147
2026-07-31T21:03:45Z,534,3,1,20,0,0,1,1,1,1785530641
2026-07-31T21:03:45Z,535,2,1,13,0,0,1,1,1,1785531571
2026-07-31T21:03:45Z,536,15,0,8,0,0,1,1,1,1785531370
2026-07-31T21:03:45Z,537,10,1,10,0,0,1,1,1,1785531720
2026-07-31T21:03:45Z,538,7,0,14,0,2,1,1,1,1785531723
2026-07-31T21:03:45Z,539,3,0,26,2,0,1,1,1,1785531482
2026-07-31T21:03:45Z,540,5,4,14,0,0,1,1,1,1785531649
2026-07-31T21:03:45Z,541,11,4,16,0,0,1,1,1,1785531801
2026-07-31T21:03:45Z,542,0,0,22,1,0,1,1,1,1785531707
2026-07-31T21:03:45Z,543,0,0,19,0,0,1,1,1,1785531336
2026-07-31T21:03:45Z,544,8,1,11,3,0,1,1,1,1785531780
2026-07-31T21:03:45Z,545,13,4,1,5,0,1,1,1,1785531800
2026-07-31T21:03:45Z,546,2,0,17,0,0,1,1,1,1785531677
2026-07-31T21:03:45Z,547,9,0,16,0,0,1,1,1,1785531672
2026-07-31T21:03:45Z,548,7,3,15,1,0,1,1,1,1785531621
2026-07-31T21:03:45Z,549,18,0,4,1,0,1,1,1,1785531792
2026-07-31T21:03:45Z,550,0,0,19,0,0,1,1,1,1785531296
2026-07-31T21:03:45Z,551,3,2,19,1,0,1,1,1,1785529811
2026-07-31T21:03:45Z,552,3,2,24,0,0,1,1,1,1785530348
2026-07-31T21:03:45Z,553,4,0,19,0,0,1,1,1,1785531710
2026-07-31T21:03:45Z,554,3,0,15,1,0,1,1,1,1785530528
2026-07-31T21:03:45Z,555,6,0,8,1,0,1,1,1,1785529728
2026-07-31T21:03:45Z,556,12,0,8,3,0,1,1,1,1785531741
2026-07-31T21:03:45Z,557,0,0,21,2,0,1,1,1,1785531392
2026-07-31T21:03:45Z,558,17,12,20,0,0,1,1,1,1785531766
2026-07-31T21:03:45Z,559,15,0,3,1,0,1,1,1,1785530818
2026-07-31T21:03:45Z,560,17,0,10,0,0,1,1,1,1785531750
2026-07-31T21:03:45Z,561,7,0,13,3,0,1,1,1,1785531569
2026-07-31T21:03:45Z,562,10,2,20,5,0,1,1,1,1785531771
2026-07-31T21:03:45Z,563,3,0,10,1,0,1,1,1,1785531305
2026-07-31T21:03:45Z,564,4,1,14,1,0,1,1,1,1785530567
2026-07-31T21:03:45Z,565,1,0,18,0,0,1,1,1,1785531224
2026-07-31T21:03:45Z,566,4,0,14,1,0,1,1,1,1785531724
2026-07-31T21:03:45Z,567,8,1,17,2,0,1,1,1,1785530800
2026-07-31T21:03:45Z,568,9,1,9,1,0,1,1,1,1785530639
2026-07-31T21:03:45Z,569,3,0,14,2,0,1,1,1,1785531241
2026-07-31T21:03:45Z,570,4,0,13,2,0,1,1,1,1785531152
2026-07-31T21:03:45Z,571,9,2,14,0,0,1,1,1,1785531788
2026-07-31T21:03:45Z,572,7,1,12,0,0,1,1,1,1785531715
2026-07-31T21:03:45Z,573,8,1,7,0,0,1,1,1,1785531771
2026-07-31T21:03:45Z,574,5,2,10,0,0,1,1,1,1785531362
2026-07-31T21:03:45Z,575,5,0,15,1,0,1,1,1,1785531361
2026-07-31T21:03:45Z,576,6,5,12,1,0,1,1,1,1785531814
2026-07-31T21:03:45Z,577,21,1,10,0,0,1,1,1,1785531631
2026-07-31T21:03:45Z,578,1,0,21,1,0,1,1,1,1785531591
2026-07-31T21:03:45Z,579,17,3,26,0,0,1,1,1,1785531727
2026-07-31T21:03:45Z,580,11,2,18,0,0,1,1,1,1785531784
2026-07-31T21:03:45Z,581,4,0,14,1,0,1,1,1,1785531714
2026-07-31T21:03:45Z,582,22,0,37,2,0,1,1,1,1785531726
2026-07-31T21:03:45Z,583,2,1,19,2,0,1,1,1,1785531087
2026-07-31T21:03:45Z,584,9,2,7,3,0,1,1,1,1785531766
2026-07-31T21:03:45Z,585,0,0,26,0,1,1,1,1,1785531590
2026-07-31T21:03:45Z,586,29,0,4,2,0,1,1,1,1785531812
2026-07-31T21:03:45Z,587,10,0,13,1,0,1,1,1,1785531748
2026-07-31T21:03:45Z,588,11,3,5,2,1,1,1,1,1785531719
2026-07-31T21:03:45Z,589,0,0,22,0,0,1,1,1,1785531332
2026-07-31T21:03:45Z,590,6,2,25,0,0,1,1,1,1785531718
2026-07-31T21:03:45Z,591,4,0,23,3,0,1,1,1,1785531607
2026-07-31T21:03:45Z,592,4,0,19,0,0,1,1,1,1785531592
2026-07-31T21:03:45Z,593,17,3,21,0,0,1,1,1,1785531709
2026-07-31T21:03:45Z,594,13,1,7,1,0,1,1,1,1785531773
2026-07-31T21:03:45Z,595,0,0,3,0,0,0,1,1,1784046673
2026-07-31T21:03:45Z,605,0,0,2,1,0,0,1,1,1783975843
2026-07-31T21:03:45Z,606,0,0,0,0,0,0,1,1,86400
2026-07-31T21:03:45Z,607,6,2,25,1,0,1,1,1,1785531397
2026-07-31T21:03:45Z,608,25,0,24,1,0,1,1,1,1785531741
2026-07-31T21:03:45Z,609,11,11,12,0,0,1,1,1,1785531099
2026-07-31T21:03:45Z,610,23,0,11,1,0,1,1,1,1785531785
2026-07-31T21:03:45Z,611,16,1,11,0,0,1,1,1,1785531774
2026-07-31T21:03:45Z,612,7,1,8,0,0,1,1,1,1785522916
2026-07-31T21:03:45Z,613,12,4,0,3,0,1,1,1,1785530289
2026-07-31T21:03:45Z,614,7,4,17,2,1,1,1,1,1785531794
2026-07-31T21:03:45Z,617,6,0,7,2,0,1,1,1,1785531398
2026-07-31T21:03:45Z,618,13,1,1,5,0,1,1,1,1785530762
2026-07-31T21:03:45Z,619,2,1,17,0,0,1,1,1,1785531785
2026-07-31T21:03:45Z,620,13,0,13,1,0,1,1,1,1785531583
2026-07-31T21:03:45Z,621,6,2,17,0,0,1,1,1,1785531731
2026-07-31T21:03:45Z,622,13,0,8,2,0,1,1,1,1785531667
2026-07-31T21:03:45Z,623,21,5,7,2,0,1,1,1,1785531780
2026-07-31T21:03:45Z,624,2,0,13,0,0,1,1,1,1785531498
2026-07-31T21:03:45Z,625,13,4,3,5,0,1,1,1,1785531721
2026-07-31T21:03:45Z,626,44,1,1,0,2,1,1,1,1785531532
2026-07-31T21:03:45Z,627,14,3,4,1,0,1,1,1,1785530759
2026-07-31T21:03:45Z,628,3,3,15,0,1,1,1,1,1785531757
2026-07-31T21:03:45Z,629,3,2,6,2,0,1,1,1,1785531613
2026-07-31T21:03:45Z,630,1,0,23,3,0,1,1,1,1785531724
2026-07-31T21:03:45Z,631,9,6,14,0,0,1,1,1,1785531811
2026-07-31T21:03:45Z,632,20,1,1,2,0,1,1,1,1785531372
2026-07-31T21:03:45Z,633,11,3,1,3,0,1,1,1,1785530006
2026-07-31T21:03:45Z,634,16,2,3,0,0,1,1,1,1785531206
2026-07-31T21:03:45Z,635,16,0,2,1,0,1,1,1,1785530931
2026-07-31T21:03:45Z,636,7,2,8,0,0,1,1,1,1785526430
2026-07-31T21:03:45Z,637,10,2,7,2,0,1,1,1,1785531808
2026-07-31T21:03:45Z,638,7,1,10,2,0,1,1,1,1785531745
2026-07-31T21:03:45Z,639,10,2,7,2,0,1,1,1,1785528930
2026-07-31T21:03:45Z,640,8,8,13,2,0,1,1,1,1785531783
2026-07-31T21:03:45Z,641,3,1,24,0,0,1,1,1,1785531776
2026-07-31T21:03:45Z,642,8,3,3,8,0,1,1,1,1785531814
2026-07-31T21:03:45Z,643,4,0,15,8,0,1,1,1,1785531811
2026-07-31T21:03:45Z,644,13,1,1,1,0,1,1,1,1785531399
2026-07-31T21:03:45Z,645,14,1,7,1,1,1,1,1,1785530008
2026-07-31T21:03:45Z,646,2,1,17,0,0,1,1,1,1785529856
2026-07-31T21:03:45Z,647,6,2,25,0,0,1,1,1,1785531573
2026-07-31T21:03:45Z,648,4,0,14,1,0,1,1,1,1785531767
2026-07-31T21:03:45Z,649,3,3,28,0,0,1,1,1,1785529688
2026-07-31T21:03:45Z,650,5,1,9,0,0,1,1,1,1785530080
2026-07-31T21:03:45Z,651,0,0,23,0,0,1,1,1,1785528763
2026-07-31T21:03:45Z,652,4,2,16,3,0,1,1,1,1785531767
2026-07-31T21:03:45Z,653,2,1,17,0,0,1,1,1,1785530185
2026-07-31T21:03:45Z,654,2,1,13,0,0,1,1,1,1785531116
2026-07-31T21:03:45Z,655,8,4,0,4,1,1,1,1,1785531621
2026-07-31T21:03:45Z,656,2,2,17,0,0,1,1,1,1785531681
2026-07-31T21:03:45Z,657,9,4,4,2,2,1,1,1,1785531713
2026-07-31T21:03:45Z,658,8,1,2,0,0,1,1,1,1785530465
2026-07-31T21:03:45Z,659,7,5,6,2,0,1,1,1,1785529408
2026-07-31T21:03:45Z,660,22,6,5,4,0,1,1,1,1785531703
2026-07-31T21:03:45Z,661,17,3,1,1,0,1,1,1,1785531512
2026-07-31T21:03:45Z,662,6,3,14,3,0,1,1,1,1785526394
2026-07-31T21:03:45Z,663,7,2,8,0,0,1,1,1,1785531726
2026-07-31T21:03:45Z,664,15,0,12,0,0,1,1,1,1785531586
2026-07-31T21:03:45Z,665,10,4,5,0,0,1,1,1,1785530607
2026-07-31T21:03:45Z,666,4,2,8,3,0,1,1,1,1785526234
2026-07-31T21:03:45Z,667,17,3,1,1,0,1,1,1,1785531724
2026-07-31T21:03:45Z,668,1,0,18,0,0,1,1,1,1785530737
2026-07-31T21:03:45Z,669,9,3,3,2,0,1,1,1,1785531601
2026-07-31T21:03:45Z,670,17,0,8,2,0,1,1,1,1785531177
2026-07-31T21:03:45Z,671,17,2,9,1,0,1,1,1,1785531340
2026-07-31T21:03:45Z,672,8,1,12,2,1,1,1,1,1785531528
2026-07-31T21:03:45Z,673,9,0,14,0,0,1,1,1,1785531532
2026-07-31T21:03:45Z,674,1,1,20,2,0,1,1,1,1785531778
2026-07-31T21:03:45Z,675,3,1,9,3,0,1,1,1,1785531363
2026-07-31T21:03:45Z,676,6,0,14,2,0,1,1,1,1785531720
2026-07-31T21:03:45Z,681,11,0,1,2,1,1,1,1,1785531664
2026-07-31T21:03:45Z,682,6,1,13,0,0,1,1,1,1785529048
2026-07-31T21:03:45Z,683,1,1,18,0,0,1,1,1,1785527602
2026-07-31T21:03:45Z,684,3,1,24,0,0,1,1,1,1785518528
2026-07-31T21:03:45Z,685,4,0,21,1,1,1,1,1,1785531808
2026-07-31T21:03:45Z,686,10,0,14,3,0,1,1,1,1785531780
2026-07-31T21:03:45Z,687,12,1,17,1,1,1,1,1,1785531797
2026-07-31T21:03:45Z,688,12,1,0,7,0,1,1,1,1785516741
2026-07-31T21:03:45Z,692,9,5,12,0,0,1,1,1,1785531321
2026-07-31T21:03:45Z,693,6,0,2,3,0,1,1,1,1785530631
2026-07-31T21:03:45Z,694,11,5,10,0,0,1,1,1,1785530488
2026-07-31T21:03:45Z,695,7,6,16,0,0,1,1,1,1785531758
2026-07-31T21:03:45Z,696,13,9,10,0,0,1,1,1,1785531708
2026-07-31T21:03:45Z,697,19,6,4,0,0,1,1,1,1785531688
2026-07-31T21:03:45Z,698,27,0,0,0,0,1,1,1,1785531698
2026-07-31T21:03:45Z,699,5,0,9,1,0,1,1,1,1785531013
2026-07-31T21:03:45Z,700,17,1,0,2,0,1,1,1,1785531219
2026-07-31T21:03:45Z,701,13,3,6,0,0,1,1,1,1785531762
2026-07-31T21:03:45Z,702,5,1,17,1,0,1,1,1,1785531196
2026-07-31T21:03:45Z,704,2,0,13,0,0,1,1,1,1785531790
2026-07-31T21:03:45Z,705,3,2,12,0,0,1,1,1,1785531257
2026-07-31T21:03:45Z,706,5,1,8,2,0,1,1,1,1785530683
2026-07-31T21:03:45Z,707,7,1,8,0,0,1,1,1,1785531136
2026-07-31T21:03:45Z,708,8,0,10,1,0,1,1,1,1785531774
2026-07-31T21:03:45Z,709,5,0,7,3,0,1,1,1,1785531213
2026-07-31T21:03:45Z,710,2,1,16,1,0,1,1,1,1785530660
2026-07-31T21:03:45Z,711,6,2,14,3,0,1,1,1,1785530757
2026-07-31T21:03:45Z,712,9,8,6,0,0,1,1,1,1785531774
2026-07-31T21:03:45Z,713,2,1,21,0,0,1,1,1,1785531736
2026-07-31T21:03:45Z,716,4,3,11,0,0,1,1,1,1785530919
2026-07-31T21:03:45Z,717,4,2,19,2,0,1,1,1,1785531050
2026-07-31T21:03:45Z,718,9,1,4,2,0,1,1,1,1785530841
2026-07-31T21:03:45Z,719,7,1,22,0,0,1,1,1,1785530233
2026-07-31T21:03:45Z,720,0,0,19,0,0,1,1,1,1785531189
2026-07-31T21:03:45Z,721,5,0,15,3,0,1,1,1,1785531403
2026-07-31T21:03:45Z,722,7,1,8,0,0,1,1,1,1785530962
2026-07-31T21:03:45Z,723,13,2,10,0,0,1,1,1,1785531170
2026-07-31T21:03:45Z,724,7,2,16,0,0,1,1,1,1785530394
2026-07-31T21:03:45Z,725,2,0,21,0,0,1,1,1,1785531809
2026-07-31T21:03:45Z,726,7,2,11,1,0,1,1,1,1785531382
2026-07-31T21:03:45Z,727,10,5,12,1,0,1,1,1,1785530215
2026-07-31T21:03:45Z,728,9,0,5,1,0,1,1,1,1785531492
2026-07-31T21:03:45Z,729,4,0,15,0,0,1,1,1,1785531787
2026-07-31T21:03:45Z,730,0,0,12,3,0,1,1,1,1785530277
2026-07-31T21:03:45Z,731,8,4,5,2,0,1,1,1,1785531514
2026-07-31T21:03:45Z,732,3,2,12,0,0,1,1,1,1785531343
2026-07-31T21:03:45Z,733,11,0,16,0,0,1,1,1,1785531316
2026-07-31T21:03:45Z,734,6,3,8,0,0,1,1,1,1785530328
2026-07-31T21:03:45Z,735,19,10,8,0,0,1,1,1,1785531485
2026-07-31T21:03:45Z,736,13,2,6,0,0,1,1,1,1785531664
2026-07-31T21:03:45Z,737,2,1,12,0,1,1,1,1,1785531711
2026-07-31T21:03:45Z,738,17,6,2,0,0,1,1,1,1785531791
2026-07-31T21:03:45Z,739,17,0,9,1,0,1,1,1,1785531413
2026-07-31T21:03:45Z,741,7,0,16,0,0,1,1,1,1785531559
2026-07-31T21:03:45Z,742,17,9,16,2,0,1,1,1,1785531780
2026-07-31T21:03:45Z,743,5,2,14,0,0,1,1,1,1785531437
2026-07-31T21:03:45Z,744,7,1,7,1,0,1,1,1,1785531728
2026-07-31T21:03:45Z,745,12,4,7,0,0,1,1,1,1785530137
2026-07-31T21:03:45Z,746,0,0,22,1,0,1,1,1,1785531785
2026-07-31T21:03:45Z,747,0,0,4,0,0,0,1,1,1783446606
2026-07-31T21:03:45Z,748,8,0,15,0,0,1,1,1,1785530994
2026-07-31T21:03:45Z,749,1,1,22,0,0,1,1,1,1785531503
2026-07-31T21:03:45Z,750,5,1,5,1,0,1,1,1,1785531575
2026-07-31T21:03:45Z,751,22,15,1,0,0,1,1,1,1785531812
2026-07-31T21:03:45Z,752,8,0,8,1,0,1,1,1,1785531391
2026-07-31T21:03:45Z,753,1,0,13,1,0,1,1,1,1785531677
2026-07-31T21:03:45Z,754,7,2,8,0,0,1,1,1,1785531412
2026-07-31T21:03:45Z,755,11,2,11,1,0,1,1,1,1785531590
2026-07-31T21:03:45Z,756,14,14,22,1,0,1,1,1,1785531754
2026-07-31T21:03:45Z,757,3,3,16,0,0,1,1,1,1785530914
2026-07-31T21:03:45Z,758,1,0,22,0,0,1,1,1,1785530935
2026-07-31T21:03:45Z,759,0,0,0,0,0,1,1,1,86400
2026-07-31T21:03:45Z,760,10,3,9,0,0,1,1,1,1785529267
2026-07-31T21:03:45Z,761,5,2,18,0,0,1,1,1,1785531789
2026-07-31T21:03:45Z,762,4,2,6,5,0,1,1,1,1785531239
2026-07-31T21:03:45Z,768,7,0,8,4,0,1,1,1,1785530413
2026-07-31T21:03:45Z,769,14,13,4,1,0,1,1,1,1785531795
2026-07-31T21:03:45Z,770,6,2,11,2,0,1,1,1,1785531751
2026-07-31T21:03:45Z,771,11,1,3,1,0,1,1,1,1785531204
2026-07-31T21:03:45Z,772,1,0,14,0,0,1,1,1,1785531743
2026-07-31T21:03:45Z,773,16,3,3,0,0,1,1,1,1785531663
2026-07-31T21:03:45Z,774,6,1,5,4,0,1,1,1,1785531535
2026-07-31T21:03:45Z,775,6,1,11,1,1,1,1,1,1785529386
2026-07-31T21:03:45Z,776,2,1,18,1,0,1,1,1,1785530204
2026-07-31T21:03:45Z,777,11,2,4,0,0,1,1,1,1785531358
2026-07-31T21:03:45Z,778,11,0,4,4,0,1,1,1,1785531724
2026-07-31T21:03:45Z,779,6,0,12,1,0,1,1,1,1785530910
2026-07-31T21:03:45Z,780,0,0,19,0,0,1,1,1,1785531465
2026-07-31T21:03:45Z,781,3,1,6,2,0,1,1,1,1785531527
2026-07-31T21:03:45Z,782,0,0,15,4,0,1,1,1,1785531449
2026-07-31T21:03:45Z,783,7,2,12,0,0,1,1,1,1785531738
2026-07-31T21:03:45Z,784,3,0,16,0,0,1,1,1,1785531378
2026-07-31T21:03:45Z,785,9,2,4,6,0,1,1,1,1785531774
2026-07-31T21:03:45Z,786,10,5,9,0,0,1,1,1,1785530567
2026-07-31T21:03:45Z,787,4,2,10,1,0,1,1,1,1785531704
2026-07-31T21:03:45Z,788,5,1,10,0,0,1,1,1,1785531168
2026-07-31T21:03:45Z,789,8,2,3,4,0,1,1,1,1785531445
2026-07-31T21:03:45Z,790,3,0,20,0,0,1,1,1,1785531039
2026-07-31T21:03:45Z,791,10,0,8,0,1,1,1,1,1785531498
2026-07-31T21:03:45Z,793,4,0,10,1,0,1,1,1,1785531497
2026-07-31T21:03:45Z,794,11,1,16,2,0,1,1,1,1785531790
2026-07-31T21:03:45Z,796,5,3,13,1,0,1,1,1,1785531647
2026-07-31T21:03:45Z,797,5,2,10,0,0,1,1,1,1785530889
2026-07-31T21:03:45Z,798,19,0,5,1,0,1,1,1,1785531758
2026-07-31T21:03:45Z,799,13,2,2,4,0,1,1,1,1785531343
2026-07-31T21:03:45Z,800,0,0,20,1,0,1,1,1,1785530995
2026-07-31T21:03:45Z,801,4,2,16,1,0,1,1,1,1785531684
2026-07-31T21:03:45Z,802,8,0,23,0,0,1,1,1,1785531612
2026-07-31T21:03:45Z,803,1,0,14,0,0,1,1,1,1785531135
2026-07-31T21:03:45Z,806,0,0,14,1,0,1,1,1,1785530851
2026-07-31T21:03:45Z,807,10,6,12,3,0,1,1,1,1785531690
2026-07-31T21:03:45Z,808,17,7,6,2,0,1,1,1,1785529738
2026-07-31T21:03:45Z,809,4,1,18,1,0,1,1,1,1785531387
2026-07-31T21:03:45Z,810,4,2,13,2,0,1,1,1,1785531792
2026-07-31T21:03:45Z,815,2,1,7,5,1,1,1,1,1785531676
2026-07-31T21:03:45Z,817,15,8,0,0,0,1,1,1,1785531801
2026-07-31T21:03:45Z,818,6,1,17,0,0,1,1,1,1785531183
2026-07-31T21:03:45Z,819,10,4,5,0,0,1,1,1,1785525935
2026-07-31T21:03:45Z,820,9,0,8,0,0,1,1,1,1785530703
2026-07-31T21:03:45Z,821,3,2,12,0,0,1,1,1,1785531465
2026-07-31T21:03:45Z,822,15,0,6,2,0,1,1,1,1785531294
2026-07-31T21:03:45Z,823,15,2,0,0,0,1,1,1,1785531720
2026-07-31T21:03:45Z,824,2,2,17,0,0,1,1,1,1785531782
2026-07-31T21:03:45Z,825,5,4,10,0,0,1,1,1,1785530396
2026-07-31T21:03:45Z,826,8,1,9,2,0,1,1,1,1785531241
2026-07-31T21:03:45Z,827,18,4,1,2,0,1,1,1,1785531810
2026-07-31T21:03:45Z,828,11,1,5,2,0,1,1,1,1785531730
2026-07-31T21:03:45Z,829,17,6,10,0,0,1,1,1,1785530843
2026-07-31T21:03:45Z,830,17,0,5,1,0,1,1,1,1785531677
2026-07-31T21:03:45Z,831,6,3,7,2,0,1,1,1,1785530901
2026-07-31T21:03:45Z,832,8,3,7,3,0,1,1,1,1785531074
2026-07-31T21:03:45Z,833,1,1,17,1,0,1,1,1,1785530821
2026-07-31T21:03:45Z,834,18,0,4,2,0,1,1,1,1785531756
2026-07-31T21:03:45Z,835,1,0,15,2,0,1,1,1,1785531506
2026-07-31T21:03:45Z,838,1,1,12,2,0,1,1,1,1785531654
2026-07-31T21:03:45Z,839,11,0,17,1,0,1,1,1,1785531745
2026-07-31T21:03:45Z,840,0,0,28,1,0,1,1,1,1785530448
2026-07-31T21:03:45Z,841,7,1,8,0,0,1,1,1,1785530887
2026-07-31T21:03:45Z,842,2,0,21,0,0,1,1,1,1785530808
2026-07-31T21:03:45Z,843,13,2,18,0,0,1,1,1,1785531181
2026-07-31T21:03:45Z,844,6,0,17,0,0,1,1,1,1785531081
2026-07-31T21:03:45Z,845,4,3,13,2,0,1,1,1,1785531154
2026-07-31T21:03:45Z,846,3,1,15,1,0,1,1,1,1785530291
2026-07-31T21:03:45Z,847,6,1,20,1,0,1,1,1,1785530538
2026-07-31T21:03:45Z,848,1,1,17,1,0,1,1,1,1785531701
2026-07-31T21:03:45Z,849,8,0,6,1,0,1,1,1,1785531622
2026-07-31T21:03:45Z,850,5,0,6,0,0,1,1,1,1785531566
2026-07-31T21:03:45Z,851,4,3,30,3,0,1,1,1,1785531511
2026-07-31T21:03:45Z,852,9,3,10,0,0,1,1,1,1785530836
2026-07-31T21:03:45Z,853,11,5,12,0,0,1,1,1,1785531812
2026-07-31T21:03:45Z,854,2,1,13,0,0,1,1,1,1785531769
2026-07-31T21:03:45Z,855,27,0,0,0,0,1,1,1,1785531482
2026-07-31T21:03:45Z,857,4,4,13,2,0,1,1,1,1785531717
2026-07-31T21:03:45Z,858,5,2,13,1,0,1,1,1,1785531559
2026-07-31T21:03:45Z,859,8,0,12,1,0,1,1,1,1785531749
2026-07-31T21:03:45Z,861,6,0,4,1,0,1,1,1,1785528609
2026-07-31T21:03:45Z,862,4,2,11,0,0,1,1,1,1785530930
2026-07-31T21:03:45Z,863,13,0,5,1,0,1,1,1,1785529013
2026-07-31T21:03:45Z,866,12,3,7,0,0,1,1,1,1785531309
2026-07-31T21:03:45Z,867,14,2,1,0,0,1,1,1,1785530532
2026-07-31T21:03:45Z,868,7,0,8,0,0,1,1,1,1785530783
2026-07-31T21:03:45Z,870,9,5,6,0,0,1,1,1,1785531011
2026-07-31T21:03:45Z,871,0,0,10,1,0,1,1,1,1785530338
2026-07-31T21:03:45Z,872,0,0,14,1,0,1,1,1,1785530918
2026-07-31T21:03:45Z,873,6,0,26,1,0,1,1,1,1785531468
2026-07-31T21:03:45Z,874,4,0,8,3,0,1,1,1,1785531056
2026-07-31T21:03:45Z,875,12,8,1,2,0,1,1,1,1785531136
2026-07-31T21:03:45Z,877,13,12,6,0,0,1,1,1,1785530606
2026-07-31T21:03:45Z,878,3,3,16,0,0,1,1,1,1785531181
2026-07-31T21:03:45Z,879,2,0,17,0,0,1,1,1,1785531484
2026-07-31T21:03:45Z,880,1,0,21,1,0,1,1,1,1785531138
2026-07-31T21:03:45Z,881,3,0,16,0,0,1,1,1,1785531042
2026-07-31T21:03:45Z,882,9,4,9,1,0,1,1,1,1785513298
2026-07-31T21:03:45Z,883,4,1,15,0,0,1,1,1,1785531237
2026-07-31T21:03:45Z,884,10,6,11,0,0,1,1,1,1785530626
2026-07-31T21:03:45Z,885,0,0,19,0,0,1,1,1,1785530842
2026-07-31T21:03:45Z,886,7,1,21,1,0,1,1,1,1785531763
2026-07-31T21:03:45Z,887,9,4,5,3,0,1,1,1,1785531584
2026-07-31T21:03:45Z,888,4,0,35,1,1,1,1,1,1785531808
2026-07-31T21:03:45Z,889,2,0,15,2,0,1,1,1,1785531690
2026-07-31T21:03:45Z,890,8,4,7,0,0,1,1,1,1785527402
2026-07-31T21:03:45Z,891,20,0,2,1,0,1,1,1,1785531751
2026-07-31T21:03:45Z,892,11,1,4,0,0,1,1,1,1785530978
2026-07-31T21:03:45Z,895,3,0,16,0,0,1,1,1,1785527858
2026-07-31T21:03:45Z,896,8,2,27,0,0,1,1,1,1785531151
2026-07-31T21:03:45Z,897,13,1,8,0,0,1,1,1,1785531657
2026-07-31T21:03:45Z,898,2,0,17,0,0,1,1,1,1785530831
2026-07-31T21:03:45Z,899,5,1,13,1,0,1,1,1,1785531806
2026-07-31T21:03:45Z,900,6,0,21,0,0,1,1,1,1785531810
2026-07-31T21:03:45Z,901,1,0,17,1,0,1,1,1,1785531530
2026-07-31T21:03:45Z,902,6,1,9,0,0,1,1,1,1785530662
2026-07-31T21:03:45Z,903,7,2,11,1,0,1,1,1,1785530960
2026-07-31T21:03:45Z,904,10,4,8,1,0,1,1,1,1785531161
2026-07-31T21:03:45Z,905,12,3,14,1,0,1,1,1,1785531229
2026-07-31T21:03:45Z,906,18,7,8,1,0,1,1,1,1785531738
2026-07-31T21:03:45Z,907,7,0,24,0,0,1,1,1,1785531600
2026-07-31T21:03:45Z,908,9,1,14,0,0,1,1,1,1785531174
2026-07-31T21:03:45Z,909,10,9,13,0,0,1,1,1,1785531694
2026-07-31T21:03:45Z,910,9,0,19,3,0,1,1,1,1785531531
2026-07-31T21:03:45Z,911,4,1,15,0,0,1,1,1,1785530691
2026-07-31T21:03:45Z,912,5,1,17,1,0,1,1,1,1785531577
2026-07-31T21:03:45Z,913,7,4,12,0,0,1,1,1,1785531688
2026-07-31T21:03:45Z,914,17,0,1,1,0,1,1,1,1785531791
2026-07-31T21:03:45Z,915,15,0,6,2,0,1,1,1,1785531707
2026-07-31T21:03:45Z,916,1,0,22,0,0,1,1,1,1785531727
2026-07-31T21:03:45Z,917,10,0,24,1,0,1,1,1,1785531775
2026-07-31T21:03:45Z,918,6,0,11,2,0,1,1,1,1785531746
2026-07-31T21:03:45Z,919,13,0,25,1,0,1,1,1,1785531701
2026-07-31T21:03:45Z,920,7,2,12,0,0,1,1,1,1785531470
2026-07-31T21:03:45Z,921,14,1,7,0,0,1,1,1,1785530908
2026-07-31T21:03:45Z,922,2,1,19,0,0,1,1,1,1785531705
2026-07-31T21:03:45Z,923,2,0,17,0,0,1,1,1,1785531709
2026-07-31T21:03:45Z,924,6,0,14,1,0,1,1,1,1785531095
2026-07-31T21:03:45Z,925,11,0,10,0,0,1,1,1,1785531366
2026-07-31T21:03:45Z,926,1,0,20,0,0,1,1,1,1785531446
2026-07-31T21:03:45Z,927,31,2,3,1,0,1,1,1,1785531798
2026-07-31T21:03:45Z,928,0,0,19,0,0,0,1,1,1785500252
2026-07-31T21:03:45Z,929,16,0,7,0,0,1,1,1,1785531474
2026-07-31T21:03:45Z,930,8,0,22,1,0,1,1,1,1785531161
2026-07-31T21:03:45Z,931,9,4,13,1,0,1,1,1,1785531711
2026-07-31T21:03:45Z,932,5,1,12,2,0,1,1,1,1785531744
2026-07-31T21:03:45Z,933,20,1,2,1,0,1,1,1,1785531665
2026-07-31T21:03:45Z,934,22,2,8,1,0,1,1,1,1785531400
2026-07-31T21:03:45Z,935,4,0,14,1,0,1,1,1,1785531691
2026-07-31T21:03:45Z,936,9,0,10,0,0,1,1,1,1785531429
2026-07-31T21:03:45Z,940,2,1,8,1,0,1,1,1,1785530273
2026-07-31T21:03:45Z,941,17,1,5,3,0,1,1,1,1785531659
2026-07-31T21:03:45Z,942,18,1,3,0,0,1,1,1,1785531773
2026-07-31T21:03:45Z,943,8,8,7,0,0,1,1,1,1785531002
2026-07-31T21:03:45Z,944,10,8,5,0,0,1,1,1,1785530848
2026-07-31T21:03:45Z,945,10,8,5,0,0,1,1,1,1785530372
2026-07-31T21:03:45Z,946,7,5,12,0,0,1,1,1,1785523835
2026-07-31T21:03:45Z,947,7,5,10,0,0,1,1,1,1785530869
2026-07-31T21:03:45Z,948,14,11,14,3,0,1,1,1,1785531590
2026-07-31T21:03:45Z,949,3,3,11,1,0,1,1,1,1785531313
2026-07-31T21:03:45Z,950,4,1,11,2,0,1,1,1,1785531741
2026-07-31T21:03:45Z,951,20,6,3,0,0,1,1,1,1785531763
2026-07-31T21:03:45Z,952,23,0,31,1,0,1,1,1,1785531731
2026-07-31T21:03:45Z,953,2,0,12,1,0,1,1,1,1785530127
2026-07-31T21:03:45Z,954,8,0,11,0,0,1,1,1,1785531402
2026-07-31T21:03:45Z,955,6,3,15,6,0,1,1,1,1785531298
2026-07-31T21:03:45Z,956,7,0,15,1,0,1,1,1,1785531783
2026-07-31T21:03:45Z,957,13,0,16,0,0,1,1,1,1785531814
2026-07-31T21:03:45Z,958,29,0,0,2,0,1,1,1,1785531765
2026-07-31T21:03:45Z,959,1,0,21,1,0,1,1,1,1785531432
2026-07-31T21:03:45Z,960,4,1,19,0,0,1,1,1,1785531682
2026-07-31T21:03:45Z,961,3,0,17,3,0,1,1,1,1785530895
2026-07-31T21:03:45Z,962,8,3,24,3,0,1,1,1,1785530213
2026-07-31T21:03:45Z,963,7,0,15,1,0,1,1,1,1785531481
2026-07-31T21:03:45Z,964,11,7,12,0,0,1,1,1,1785531594
2026-07-31T21:03:45Z,965,11,6,15,1,0,1,1,1,1785531542
2026-07-31T21:03:45Z,966,10,0,19,2,0,1,1,1,1785531735
2026-07-31T21:03:45Z,967,8,1,11,2,0,1,1,1,1785531636
2026-07-31T21:03:45Z,968,13,0,5,1,0,1,1,1,1785531436
2026-07-31T21:03:45Z,969,0,0,25,2,0,1,1,1,1785531344
2026-07-31T21:03:45Z,970,3,0,15,1,0,1,1,1,1785531715
2026-07-31T21:03:45Z,971,5,0,17,1,0,1,1,1,1785531769
2026-07-31T21:03:45Z,972,12,4,10,1,0,1,1,1,1785530884
2026-07-31T21:03:45Z,973,6,0,16,1,0,1,1,1,1785530742
2026-07-31T21:03:45Z,974,11,0,16,0,0,1,1,1,1785531675
2026-07-31T21:03:45Z,977,3,0,16,2,0,1,1,1,1785531124
2026-07-31T21:03:45Z,978,19,0,4,0,0,1,1,1,1785531546
2026-07-31T21:03:45Z,979,2,1,15,0,0,1,1,1,1785531479
2026-07-31T21:03:45Z,980,10,1,10,1,0,1,1,1,1785531670
2026-07-31T21:03:45Z,981,7,0,14,0,0,1,1,1,1785531741
2026-07-31T21:03:45Z,982,4,1,14,1,0,1,1,1,1785530924
2026-07-31T21:03:45Z,983,4,3,19,0,0,1,1,1,1785531389
2026-07-31T21:03:45Z,984,6,0,17,0,0,1,1,1,1785531165
2026-07-31T21:03:45Z,985,6,2,25,0,0,1,1,1,1785531702
2026-07-31T21:03:45Z,986,3,0,16,0,0,1,1,1,1785530926
2026-07-31T21:03:45Z,987,7,1,16,0,0,1,1,1,1785531503
2026-07-31T21:03:45Z,988,7,4,12,0,0,1,1,1,1785531096
2026-07-31T21:03:45Z,989,7,4,12,0,0,1,1,1,1785531193
2026-07-31T21:03:45Z,990,12,0,2,1,0,1,1,1,1785531091
2026-07-31T21:03:45Z,991,9,0,9,1,0,1,1,1,1785530831
2026-07-31T21:03:45Z,992,9,5,14,0,0,1,1,1,1785531718
2026-07-31T21:03:45Z,993,6,4,20,1,0,1,1,1,1785531547
2026-07-31T21:03:45Z,994,0,0,21,0,0,1,1,1,1785530145
2026-07-31T21:03:45Z,995,6,0,21,0,0,1,1,1,1785531172
2026-07-31T21:03:45Z,996,8,2,15,0,0,1,1,1,1785531005
2026-07-31T21:03:45Z,997,5,4,6,9,3,1,1,1,1785531647
2026-07-31T21:03:45Z,998,5,4,18,0,0,1,1,1,1785531262
2026-07-31T21:03:45Z,999,4,1,15,1,1,1,1,1,1785531128
2026-07-31T21:03:45Z,1000,0,0,21,0,0,1,1,1,1785531806
2026-07-31T21:03:45Z,1001,5,3,22,0,0,1,1,1,1785531326
2026-07-31T21:03:45Z,1002,3,2,27,1,0,1,1,1,1785531799
2026-07-31T21:03:45Z,1003,1,0,22,0,0,1,1,1,1785530900
2026-07-31T21:03:45Z,1004,9,2,14,0,0,1,1,1,1785530383
2026-07-31T21:03:45Z,1005,20,1,3,0,0,1,1,1,1785531090
2026-07-31T21:03:45Z,1006,8,4,11,0,0,1,1,1,1785531368
2026-07-31T21:03:45Z,1007,1,1,20,0,0,1,1,1,1785530541
2026-07-31T21:03:45Z,1008,8,7,15,0,0,1,1,1,1785530077
2026-07-31T21:03:45Z,1009,22,5,8,1,0,1,1,1,1785531804
2026-07-31T21:03:45Z,1010,8,2,19,0,0,1,1,1,1785530801
2026-07-31T21:03:45Z,1011,7,2,10,2,0,1,1,1,1785531268
2026-07-31T21:03:45Z,1012,5,3,16,2,0,1,1,1,1785530862
2026-07-31T21:03:45Z,1013,4,1,18,1,0,1,1,1,1785531422
2026-07-31T21:03:45Z,1014,8,4,15,0,0,1,1,1,1785531770
2026-07-31T21:03:45Z,1015,4,3,26,1,0,1,1,1,1785531733
2026-07-31T21:03:45Z,1016,10,5,21,0,0,1,1,1,1785530811
2026-07-31T21:03:45Z,1017,13,5,8,0,0,1,1,1,1785530254
2026-07-31T21:03:45Z,1018,6,2,16,0,0,1,1,1,1785531387
2026-07-31T21:03:45Z,1019,8,5,7,0,0,1,1,1,1785530808
2026-07-31T21:03:45Z,1020,19,5,2,0,0,1,1,1,1785531661
2026-07-31T21:03:45Z,1021,9,4,6,0,0,1,1,1,1785531609
2026-07-31T21:03:45Z,1022,14,0,13,0,0,1,1,1,1785531073
2026-07-31T21:03:45Z,1023,14,2,9,0,0,1,1,1,1785530695
2026-07-31T21:03:45Z,1024,4,2,15,0,0,1,1,1,1785531662
2026-07-31T21:03:45Z,1025,4,0,14,0,1,1,1,1,1785531053
2026-07-31T21:03:45Z,1026,12,9,18,1,0,1,1,1,1785530435
2026-07-31T21:03:45Z,1028,3,1,20,0,0,1,1,1,1785531035
2026-07-31T21:03:45Z,1029,12,10,3,0,0,1,1,1,1785530103
2026-07-31T21:03:45Z,1030,13,4,10,0,0,1,1,1,1785531731
2026-07-31T21:03:45Z,1031,9,1,10,0,0,1,1,1,1785530224
2026-07-31T21:03:45Z,1032,7,1,12,0,0,1,1,1,1785530895
2026-07-31T21:03:45Z,1033,9,5,10,0,0,1,1,1,1785531719
2026-07-31T21:03:45Z,1034,3,0,12,0,0,1,1,1,1785530877
2026-07-31T21:03:45Z,1035,0,0,18,1,0,1,1,1,1785531263
2026-07-31T21:03:45Z,1036,13,0,2,0,0,1,1,1,1785531459
2026-07-31T21:03:45Z,1037,0,0,18,1,0,1,1,1,1785531434
2026-07-31T21:03:45Z,1038,1,0,14,0,0,1,1,1,1785530567
2026-07-31T21:03:45Z,1039,8,1,11,0,0,1,1,1,1785531533
2026-07-31T21:03:45Z,1040,6,5,13,0,0,1,1,1,1785531152
2026-07-31T21:03:45Z,1041,10,2,9,0,0,1,1,1,1785530815
2026-07-31T21:03:45Z,1042,2,0,12,1,0,1,1,1,1785530900
2026-07-31T21:03:45Z,1043,9,5,9,1,0,1,1,1,1785531775
2026-07-31T21:03:45Z,1044,2,1,13,0,0,1,1,1,1785530622
2026-07-31T21:03:45Z,1045,9,0,10,0,0,1,1,1,1785530878
2026-07-31T21:03:45Z,1046,9,0,6,0,0,1,1,1,1785530247
2026-07-31T21:03:45Z,1047,4,0,17,0,0,1,1,1,1785531665
2026-07-31T21:03:45Z,1048,1,0,18,0,0,1,1,1,1785530857
2026-07-31T21:03:45Z,1049,0,0,21,0,0,1,1,1,1785530961
2026-07-31T21:03:45Z,1050,19,5,2,0,0,1,1,1,1785531487
2026-07-31T21:03:45Z,1051,8,3,13,0,0,1,1,1,1785530117
2026-07-31T21:03:45Z,1052,16,1,5,1,0,1,1,1,1785530753
2026-07-31T21:03:45Z,1053,2,1,13,0,0,1,1,1,1785531738
2026-07-31T21:03:45Z,1054,5,1,10,0,0,1,1,1,1785531007
2026-07-31T21:03:45Z,1055,9,2,10,0,0,1,1,1,1785531026
2026-07-31T21:03:45Z,1057,9,2,10,0,0,1,1,1,1785531573
2026-07-31T21:03:45Z,1058,16,1,40,0,0,1,1,1,1785531800
2026-07-31T21:03:45Z,1059,0,0,18,1,0,1,1,1,1785531617
2026-07-31T21:03:45Z,1060,15,0,22,0,0,1,1,1,1785531694
2026-07-31T21:03:45Z,1061,21,0,16,0,0,1,1,1,1785531806
2026-07-31T21:03:45Z,1062,9,1,8,0,0,1,1,1,1785531595
2026-07-31T21:03:45Z,1063,12,1,6,1,0,1,1,1,1785530938
2026-07-31T21:03:45Z,1064,3,0,19,1,0,1,1,1,1785531305
2026-07-31T21:03:45Z,1065,16,3,7,0,0,1,1,1,1785531551
2026-07-31T21:03:45Z,1066,12,2,11,0,0,1,1,1,1785531370
2026-07-31T21:03:45Z,1067,8,2,13,2,0,1,1,1,1785531646
2026-07-31T21:03:45Z,1068,5,2,15,3,0,1,1,1,1785531181
2026-07-31T21:03:45Z,1069,12,3,11,0,0,1,1,1,1785531184
2026-07-31T21:03:45Z,1070,12,2,11,0,0,1,1,1,1785531285
2026-07-31T21:03:45Z,1071,8,4,15,0,0,1,1,1,1785531322
2026-07-31T21:03:45Z,1072,11,1,11,1,0,1,1,1,1785531732
2026-07-31T21:03:45Z,1073,5,0,21,1,0,1,1,1,1785531444
2026-07-31T21:03:45Z,1074,43,6,7,3,0,1,1,1,1785531563
2026-07-31T21:03:45Z,1075,8,8,13,0,0,1,1,1,1785530215
2026-07-31T21:03:45Z,1076,13,10,8,0,0,1,1,1,1785531536
2026-07-31T21:03:45Z,1077,11,7,9,1,0,1,1,1,1785531596
2026-07-31T21:03:45Z,1078,10,9,11,0,0,1,1,1,1785530173
2026-07-31T21:03:45Z,1079,13,9,8,0,0,1,1,1,1785530998
2026-07-31T21:03:45Z,1080,10,7,9,2,0,1,1,1,1785530722
2026-07-31T21:03:45Z,1081,13,7,6,0,0,1,1,1,1785531724
2026-07-31T21:03:45Z,1082,12,11,11,0,0,1,1,1,1785530798
2026-07-31T21:03:45Z,1083,13,11,8,0,0,1,1,1,1785531776
2026-07-31T21:03:45Z,1084,10,8,11,0,0,1,1,1,1785530680
2026-07-31T21:03:45Z,1085,12,9,9,0,0,1,1,1,1785530645
2026-07-31T21:03:45Z,1086,12,10,8,1,0,1,1,1,1785531496
2026-07-31T21:03:45Z,1087,6,6,9,0,0,1,1,1,1785530162
2026-07-31T21:03:45Z,1088,10,7,5,0,0,1,1,1,1785530938
2026-07-31T21:03:45Z,1089,7,3,8,0,0,1,1,1,1785529453
2026-07-31T21:03:45Z,1090,7,6,8,0,0,1,1,1,1785531688
2026-07-31T21:03:45Z,1091,7,5,8,0,0,1,1,1,1785530074
2026-07-31T21:03:45Z,1092,10,9,5,0,0,1,1,1,1785531270
2026-07-31T21:03:45Z,1093,5,5,9,1,0,1,1,1,1785530151
2026-07-31T21:03:45Z,1094,10,9,9,0,0,1,1,1,1785530889
2026-07-31T21:03:45Z,1095,10,8,5,0,0,1,1,1,1785531062
2026-07-31T21:03:45Z,1096,10,8,8,1,0,1,1,1,1785531264
2026-07-31T21:03:45Z,1097,8,8,7,0,0,1,1,1,1785531457
2026-07-31T21:03:45Z,1098,9,7,10,0,0,1,1,1,1785530494
2026-07-31T21:03:45Z,1099,7,6,8,0,0,1,1,1,1785530724
2026-07-31T21:03:45Z,1100,5,3,23,1,0,1,1,1,1785530760
2026-07-31T21:03:45Z,1101,10,5,11,0,0,1,1,1,1785530650
2026-07-31T21:03:45Z,1102,9,4,4,0,0,1,1,1,1785531668
2026-07-31T21:03:45Z,1103,11,5,10,0,0,1,1,1,1785503681
2026-07-31T21:03:45Z,1104,11,6,10,0,0,1,1,1,1785530400
2026-07-31T21:03:45Z,1105,8,4,5,0,0,1,1,1,1785531551
2026-07-31T21:03:45Z,1106,10,5,11,0,0,1,1,1,1785530741
2026-07-31T21:03:45Z,1107,9,5,6,0,0,1,1,1,1785530987
2026-07-31T21:03:45Z,1108,8,4,16,2,1,1,1,1,1785531581
2026-07-31T21:03:45Z,1109,7,3,8,0,0,1,1,1,1785531270
2026-07-31T21:03:45Z,1110,12,4,9,0,0,1,1,1,1785530264
2026-07-31T21:03:45Z,1111,12,6,8,1,0,1,1,1,1785531028
2026-07-31T21:03:45Z,1112,23,0,30,0,0,1,1,1,1785531627
2026-07-31T21:03:45Z,1113,1,0,20,0,0,1,1,1,1785530794
2026-07-31T21:03:45Z,1115,12,1,7,4,0,1,1,1,1785531482
2026-07-31T21:03:45Z,1116,2,0,17,0,0,1,1,1,1785530915
2026-07-31T21:03:45Z,1117,1,0,20,2,0,1,1,1,1785531650
2026-07-31T21:03:45Z,1118,13,2,8,0,0,1,1,1,1785531539
2026-07-31T21:03:45Z,1119,10,2,7,0,0,1,1,1,1785531369
2026-07-31T21:03:45Z,1120,7,1,11,1,0,1,1,1,1785531735
2026-07-31T21:03:45Z,1121,3,0,17,1,0,1,1,1,1785530938
2026-07-31T21:03:45Z,1122,3,1,17,1,0,1,1,1,1785531462
2026-07-31T21:03:45Z,1123,10,7,11,2,0,1,1,1,1785530884
2026-07-31T21:03:45Z,1124,2,1,11,2,0,1,1,1,1785531809
2026-07-31T21:03:45Z,1125,17,1,6,0,0,1,1,1,1785531288
2026-07-31T21:03:45Z,1126,10,0,11,0,0,1,1,1,1785531274
2026-07-31T21:03:45Z,1127,1,1,18,0,0,1,1,1,1785531470
2026-07-31T21:03:45Z,1128,1,0,14,0,0,1,1,1,1785530884
2026-07-31T21:03:45Z,1129,2,1,17,2,0,1,1,1,1785530970
2026-07-31T21:03:45Z,1130,6,1,8,1,0,1,1,1,1785531590
2026-07-31T21:03:45Z,1131,2,1,46,1,0,1,1,1,1785531727
2026-07-31T21:03:45Z,1132,10,4,10,1,0,1,1,1,1785530564
2026-07-31T21:03:45Z,1133,9,6,8,4,0,1,1,1,1785531651
2026-07-31T21:03:45Z,1134,12,6,7,0,0,1,1,1,1785531710
2026-07-31T21:03:45Z,1135,12,6,9,0,0,1,1,1,1785530545
2026-07-31T21:03:45Z,1136,13,0,9,1,0,1,1,1,1785531790
2026-07-31T21:03:45Z,1137,13,0,2,0,0,1,1,1,1785530801
2026-07-31T21:03:45Z,1138,4,1,15,0,0,1,1,1,1785531248
2026-07-31T21:03:45Z,1139,12,2,7,2,0,1,1,1,1785531426
2026-07-31T21:03:45Z,1140,3,1,18,2,0,1,1,1,1785531614
2026-07-31T21:03:45Z,1141,11,5,10,0,0,1,1,1,1785531812
2026-07-31T21:03:45Z,1142,0,0,21,0,0,1,1,1,1785531556
2026-07-31T21:03:45Z,1143,24,2,5,0,0,1,1,1,1785531527
2026-07-31T21:03:45Z,1144,6,0,14,1,0,1,1,1,1785531806
2026-07-31T21:03:45Z,1145,11,5,9,1,0,1,1,1,1785531322
2026-07-31T21:03:45Z,1146,12,12,4,3,0,1,1,1,1785531777
2026-07-31T21:03:45Z,1147,14,1,5,0,0,1,1,1,1785531506
2026-07-31T21:03:45Z,1148,9,2,22,0,0,1,1,1,1785531715
2026-07-31T21:03:45Z,1149,5,4,16,4,0,1,1,1,1785531042
2026-07-31T21:03:45Z,1150,10,0,9,0,0,1,1,1,1785531275
2026-07-31T21:03:45Z,1151,7,0,14,0,0,1,1,1,1785531575
2026-07-31T21:03:45Z,1152,6,0,23,0,0,1,1,1,1785531176
2026-07-31T21:03:45Z,1153,22,2,0,1,0,1,1,1,1785531544
2026-07-31T21:03:45Z,1154,3,0,16,0,0,1,1,1,1785530310
2026-07-31T21:03:45Z,1155,6,3,12,3,0,1,1,1,1785531786
2026-07-31T21:03:45Z,1158,3,1,16,0,0,1,1,1,1785530800
2026-07-31T21:03:45Z,1159,12,0,7,0,0,1,1,1,1785531162
2026-07-31T21:03:45Z,1160,9,2,10,0,0,1,1,1,1785531091
2026-07-31T21:03:45Z,1161,3,0,15,1,0,1,1,1,1785531296
2026-07-31T21:03:45Z,1162,2,1,17,0,0,1,1,1,1785531552
2026-07-31T21:03:45Z,1163,2,1,16,1,0,1,1,1,1785530920
2026-07-31T21:03:45Z,1164,5,1,14,0,0,1,1,1,1785530976
2026-07-31T21:03:45Z,1165,1,0,20,0,0,1,1,1,1785531721
2026-07-31T21:03:45Z,1166,13,3,7,1,0,1,1,1,1785531781
2026-07-31T21:03:45Z,1167,4,0,11,0,0,1,1,1,1785530649
2026-07-31T21:03:45Z,1168,3,0,18,2,0,1,1,1,1785531212
2026-07-31T21:03:45Z,1169,3,0,15,1,0,1,1,1,1785530821
2026-07-31T21:03:45Z,1170,7,1,14,0,0,1,1,1,1785531218
2026-07-31T21:03:45Z,1171,9,8,14,0,0,1,1,1,1785530920
2026-07-31T21:03:45Z,1172,3,0,10,2,0,1,1,1,1785530968
2026-07-31T21:03:45Z,1173,13,4,6,0,0,1,1,1,1785531081
2026-07-31T21:03:45Z,1174,6,3,9,0,0,1,1,1,1785530725
2026-07-31T21:03:45Z,1175,5,3,14,0,0,1,1,1,1785531043
2026-07-31T21:03:45Z,1176,8,2,13,0,0,1,1,1,1785530305
2026-07-31T21:03:45Z,1177,3,1,18,0,0,1,1,1,1785531041
2026-07-31T21:03:45Z,1178,5,2,10,0,0,1,1,1,1785530649
2026-07-31T21:03:45Z,1181,9,0,6,0,0,1,1,1,1785531728
2026-07-31T21:03:45Z,1182,17,1,2,1,0,1,1,1,1785531746
2026-07-31T21:03:45Z,1183,22,0,21,2,0,1,1,1,1785531763
2026-07-31T21:03:45Z,1184,1,0,18,2,0,1,1,1,1785531467
2026-07-31T21:03:45Z,1185,9,5,12,0,0,1,1,1,1785530372
2026-07-31T21:03:45Z,1186,9,5,10,0,0,1,1,1,1785531350
2026-07-31T21:03:45Z,1187,10,5,10,1,0,1,1,1,1785531590
2026-07-31T21:03:45Z,1188,10,5,5,0,0,1,1,1,1785530984
2026-07-31T21:03:45Z,1189,9,4,10,0,0,1,1,1,1785531114
2026-07-31T21:03:45Z,1190,9,4,12,0,0,1,1,1,1785530528
2026-07-31T21:03:45Z,1191,10,5,5,0,0,1,1,1,1785530988
2026-07-31T21:03:45Z,1192,11,7,9,1,0,1,1,1,1785530892
2026-07-31T21:03:45Z,1193,6,4,5,2,0,1,1,1,1785531751
2026-07-31T21:03:45Z,1197,9,6,7,1,0,1,1,1,1785531769
2026-07-31T21:03:45Z,1198,13,4,6,2,0,1,1,1,1785531419
2026-07-31T21:03:45Z,1199,3,0,16,0,0,1,1,1,1785531407
2026-07-31T21:03:45Z,1200,9,5,6,0,0,1,1,1,1785531025
2026-07-31T21:03:45Z,1201,9,4,6,0,0,1,1,1,1785531000
2026-07-31T21:03:45Z,1202,10,5,5,0,0,1,1,1,1785531102
2026-07-31T21:03:45Z,1203,11,5,4,0,0,1,1,1,1785531006
2026-07-31T21:03:45Z,1204,7,4,12,0,0,1,1,1,1785530781
2026-07-31T21:03:45Z,1206,11,5,10,0,0,1,1,1,1785530018
2026-07-31T21:03:45Z,1207,8,4,6,1,0,1,1,1,1785531318
2026-07-31T21:03:45Z,1208,10,4,9,0,0,1,1,1,1785531262
2026-07-31T21:03:45Z,1216,9,0,11,1,0,1,1,1,1785530236
2026-07-31T21:03:45Z,1218,4,0,17,0,0,1,1,1,1785530633
2026-07-31T21:03:45Z,1219,3,1,9,3,0,1,1,1,1785531742
2026-07-31T21:03:45Z,1220,17,6,2,0,0,1,1,1,1785530271
2026-07-31T21:03:45Z,1221,1,1,19,1,0,1,1,1,1785531801
2026-07-31T21:03:45Z,1222,15,3,14,0,0,1,1,1,1785531250
2026-07-31T21:03:45Z,1223,27,0,1,1,0,1,1,1,1785531463
2026-07-31T21:03:45Z,1226,0,0,3,0,0,0,1,1,1781868931
2026-07-31T21:03:45Z,1227,5,0,19,1,0,1,1,1,1785531138
2026-07-31T21:03:45Z,1228,5,4,24,0,0,1,1,1,1785531760
2026-07-31T21:03:45Z,1229,45,2,0,0,0,1,1,1,1785531797
2026-07-31T21:08:45Z,1,9,1,14,0,0,1,1,1,1785531755
2026-07-31T21:08:45Z,2,16,0,8,3,0,1,1,1,1785531849
2026-07-31T21:08:45Z,3,7,0,6,1,0,1,1,1,1785532099
2026-07-31T21:08:45Z,4,20,0,1,1,0,1,1,1,1785531156
2026-07-31T21:08:45Z,5,16,3,5,2,0,1,1,1,1785530181
2026-07-31T21:08:45Z,6,4,0,11,0,0,1,1,1,1785531804
2026-07-31T21:08:45Z,7,4,0,35,0,0,1,1,1,1785530948
2026-07-31T21:08:45Z,8,10,0,33,0,0,1,1,1,1785532038
2026-07-31T21:08:45Z,9,13,0,9,1,0,1,1,1,1785531926
2026-07-31T21:08:45Z,10,1,0,20,2,0,1,1,1,1785531328
2026-07-31T21:08:45Z,11,5,0,12,2,0,1,1,1,1785532057
2026-07-31T21:08:45Z,12,21,0,2,0,0,1,1,1,1785532047
2026-07-31T21:08:45Z,13,11,1,19,0,0,1,1,1,1785531828
2026-07-31T21:08:45Z,14,40,0,2,0,1,1,1,1,1785532115
2026-07-31T21:08:45Z,15,15,0,0,0,0,1,1,1,1785530434
2026-07-31T21:08:45Z,16,4,1,20,2,1,1,1,1,1785531841
2026-07-31T21:08:45Z,17,9,0,17,1,0,1,1,1,1785532112
2026-07-31T21:08:45Z,18,6,0,10,2,0,1,1,1,1785531763
2026-07-31T21:08:45Z,19,13,2,11,3,0,1,1,1,1785531881
2026-07-31T21:08:45Z,20,15,2,20,0,0,1,1,1,1785532088
2026-07-31T21:08:45Z,21,17,0,1,1,0,1,1,1,1785531931
2026-07-31T21:08:45Z,22,24,1,41,0,0,1,1,1,1785532089
2026-07-31T21:08:45Z,23,18,6,11,2,0,1,1,1,1785531970
2026-07-31T21:08:45Z,24,9,2,1,1,0,1,1,1,1785532116
2026-07-31T21:08:45Z,25,73,3,6,2,0,1,1,1,1785532107
2026-07-31T21:08:45Z,26,25,1,2,0,0,1,1,1,1785532043
2026-07-31T21:08:45Z,28,11,1,4,0,0,1,1,1,1785532110
2026-07-31T21:08:45Z,30,16,0,11,2,0,1,1,1,1785531987
2026-07-31T21:08:45Z,31,14,1,3,2,0,1,1,1,1785531990
2026-07-31T21:08:45Z,32,6,4,21,0,0,1,1,1,1785531996
2026-07-31T21:08:45Z,34,16,0,20,1,0,1,1,1,1785532060
2026-07-31T21:08:45Z,35,20,1,27,0,0,1,1,1,1785532114
2026-07-31T21:08:45Z,36,0,0,0,0,0,0,1,1,86400
2026-07-31T21:08:45Z,37,15,2,8,0,0,1,1,1,1785532099
2026-07-31T21:08:45Z,38,5,0,18,0,0,1,1,1,1785532059
2026-07-31T21:08:45Z,39,19,3,20,0,0,1,1,1,1785531996
2026-07-31T21:08:45Z,40,6,0,15,0,0,1,1,1,1785531986
2026-07-31T21:08:45Z,41,30,0,13,0,0,1,1,1,1785532044
2026-07-31T21:08:45Z,42,5,2,25,1,0,1,1,1,1785531638
2026-07-31T21:08:45Z,43,10,0,13,0,0,1,1,1,1785532026
2026-07-31T21:08:45Z,45,11,0,18,0,0,1,1,1,1785531861
2026-07-31T21:08:45Z,46,1,1,28,2,0,1,1,1,1785532025
2026-07-31T21:08:45Z,47,0,0,14,1,0,1,1,1,1785531813
2026-07-31T21:08:45Z,48,20,0,7,0,0,1,1,1,1785531674
2026-07-31T21:08:45Z,49,0,0,19,4,0,1,1,1,1785532114
2026-07-31T21:08:45Z,50,4,4,14,1,0,1,1,1,1785531835
2026-07-31T21:08:45Z,51,50,0,27,0,0,1,1,1,1785531361
2026-07-31T21:08:45Z,52,5,1,19,3,0,1,1,1,1785531985
2026-07-31T21:08:45Z,55,17,1,6,0,0,1,1,1,1785532043
2026-07-31T21:08:45Z,56,20,0,23,0,0,1,1,1,1785532085
2026-07-31T21:08:45Z,57,13,0,13,1,0,1,1,1,1785532010
2026-07-31T21:08:45Z,58,3,0,25,0,0,1,1,1,1785532015
2026-07-31T21:08:45Z,59,1,0,24,2,0,1,1,1,1785531922
2026-07-31T21:08:45Z,61,21,0,18,0,0,1,1,1,1785532112
2026-07-31T21:08:45Z,62,22,16,25,2,0,1,1,1,1785532111
2026-07-31T21:08:45Z,63,13,1,6,0,0,1,1,1,1785532063
2026-07-31T21:08:45Z,64,12,1,3,4,0,1,1,1,1785530968
2026-07-31T21:08:45Z,65,8,4,10,1,0,1,1,1,1785530131
2026-07-31T21:08:45Z,67,31,0,8,0,0,1,1,1,1785532042
2026-07-31T21:08:45Z,68,35,1,1,1,0,1,1,1,1785531763
2026-07-31T21:08:45Z,69,3,0,12,0,0,1,1,1,1785531916
2026-07-31T21:08:45Z,71,15,0,9,3,0,1,1,1,1785531556
2026-07-31T21:08:45Z,72,27,5,0,3,1,1,1,1,1785531831
2026-07-31T21:08:45Z,73,12,1,19,0,0,1,1,1,1785532072
2026-07-31T21:08:45Z,74,1,0,18,0,0,1,1,1,1785530679
2026-07-31T21:08:45Z,75,15,0,16,1,0,1,1,1,1785531719
2026-07-31T21:08:45Z,76,6,0,12,1,0,1,1,1,1785532109
2026-07-31T21:08:45Z,77,1,0,26,0,0,1,1,1,1785532051
2026-07-31T21:08:45Z,78,4,2,19,0,0,1,1,1,1785532057
2026-07-31T21:08:45Z,79,0,0,16,1,0,1,1,1,1785531663
2026-07-31T21:08:45Z,80,10,2,10,3,0,1,1,1,1785532109
2026-07-31T21:08:45Z,81,3,1,28,0,0,1,1,1,1785532089
2026-07-31T21:08:45Z,82,16,8,6,1,0,1,1,1,1785531893
2026-07-31T21:08:45Z,83,4,0,28,2,0,1,1,1,1785532115
2026-07-31T21:08:45Z,84,2,1,24,1,0,1,1,1,1785532046
2026-07-31T21:08:45Z,85,13,1,2,0,0,1,1,1,1785532026
2026-07-31T21:08:45Z,86,2,1,25,0,0,1,1,1,1785531997
2026-07-31T21:08:45Z,87,0,0,19,0,0,1,1,1,1785531961
2026-07-31T21:08:45Z,88,11,2,31,1,0,1,1,1,1785532080
2026-07-31T21:08:45Z,89,30,2,4,1,0,1,1,1,1785531883
2026-07-31T21:08:45Z,90,6,0,11,1,0,1,1,1,1785531528
2026-07-31T21:08:45Z,91,1,0,16,0,0,1,1,1,1785530870
2026-07-31T21:08:45Z,92,2,0,14,3,0,1,1,1,1785532109
2026-07-31T21:08:45Z,93,4,1,19,0,0,1,1,1,1785532037
2026-07-31T21:08:45Z,94,13,0,5,1,0,1,1,1,1785531042
2026-07-31T21:08:45Z,95,4,1,29,1,1,1,1,1,1785532115
2026-07-31T21:08:45Z,96,14,3,16,1,0,1,1,1,1785531863
2026-07-31T21:08:45Z,97,2,0,13,2,0,1,1,1,1785531996
2026-07-31T21:08:45Z,98,29,7,6,0,0,1,1,1,1785532053
2026-07-31T21:08:45Z,99,10,0,5,0,0,1,1,1,1785531950
2026-07-31T21:08:45Z,100,4,0,23,0,0,1,1,1,1785531878
2026-07-31T21:08:45Z,101,13,0,1,1,0,1,1,1,1785532077
2026-07-31T21:08:45Z,102,11,1,12,0,0,1,1,1,1785532014
2026-07-31T21:08:45Z,103,14,2,13,3,0,1,1,1,1785532112
2026-07-31T21:08:45Z,104,22,1,3,2,0,1,1,1,1785532111
2026-07-31T21:08:45Z,105,18,0,1,0,0,1,1,1,1785532111
2026-07-31T21:08:45Z,106,15,1,5,1,0,1,1,1,1785532027
2026-07-31T21:08:45Z,107,19,0,18,0,0,1,1,1,1785532039
2026-07-31T21:08:45Z,108,5,0,28,2,0,1,1,1,1785532107
2026-07-31T21:08:45Z,109,11,0,12,0,0,1,1,1,1785532085
2026-07-31T21:08:45Z,110,15,0,8,0,0,1,1,1,1785532076
2026-07-31T21:08:45Z,111,16,3,20,0,0,1,1,1,1785532115
2026-07-31T21:08:45Z,112,11,1,3,1,0,1,1,1,1785531742
2026-07-31T21:08:45Z,113,3,0,15,1,0,1,1,1,1785532044
2026-07-31T21:08:45Z,114,14,6,15,1,1,1,1,1,1785532023
2026-07-31T21:08:45Z,115,15,11,9,4,0,1,1,1,1785532087
2026-07-31T21:08:45Z,116,12,11,14,1,0,1,1,1,1785532084
2026-07-31T21:08:45Z,118,15,2,6,2,0,1,1,1,1785531857
2026-07-31T21:08:45Z,119,2,0,34,2,0,1,1,1,1785531565
2026-07-31T21:08:45Z,120,2,0,23,2,0,1,1,1,1785532013
2026-07-31T21:08:45Z,121,0,0,16,2,1,1,1,1,1785532114
2026-07-31T21:08:45Z,122,3,1,18,0,0,1,1,1,1785531815
2026-07-31T21:08:45Z,123,13,2,33,1,0,1,1,1,1785532074
2026-07-31T21:08:45Z,124,2,2,33,0,0,1,1,1,1785531915
2026-07-31T21:08:45Z,125,2,2,20,1,0,1,1,1,1785532113
2026-07-31T21:08:45Z,126,19,0,12,0,0,1,1,1,1785531781
2026-07-31T21:08:45Z,127,15,5,19,1,0,1,1,1,1785531934
2026-07-31T21:08:45Z,128,2,0,17,0,0,1,1,1,1785531527
2026-07-31T21:08:45Z,129,1,0,15,3,0,1,1,1,1785531963
2026-07-31T21:08:45Z,130,0,0,17,0,0,1,1,1,1785531401
2026-07-31T21:08:45Z,131,6,5,5,0,0,1,1,1,1785531483
2026-07-31T21:08:45Z,132,5,3,9,0,1,1,1,1,1785531524
2026-07-31T21:08:45Z,134,14,1,5,4,0,1,1,1,1785532104
2026-07-31T21:08:45Z,135,4,0,14,1,0,1,1,1,1785531519
2026-07-31T21:08:45Z,136,1,1,15,1,6,1,1,1,1785532033
2026-07-31T21:08:45Z,137,4,4,13,2,0,1,1,1,1785532017
2026-07-31T21:08:45Z,138,5,0,32,0,0,1,1,1,1785532102
2026-07-31T21:08:45Z,139,1,1,17,1,0,1,1,1,1785531709
2026-07-31T21:08:45Z,140,5,1,17,1,0,1,1,1,1785532114
2026-07-31T21:08:45Z,141,8,2,28,0,0,1,1,1,1785531666
2026-07-31T21:08:45Z,142,3,2,20,0,0,1,1,1,1785531946
2026-07-31T21:08:45Z,143,0,0,31,0,0,1,1,1,1785531972
2026-07-31T21:08:45Z,144,16,0,11,0,0,1,1,1,1785532081
2026-07-31T21:08:45Z,146,8,0,14,1,0,1,1,1,1785532073
2026-07-31T21:08:45Z,147,2,0,14,3,0,1,1,1,1785532080
2026-07-31T21:08:45Z,148,3,1,21,3,0,1,1,1,1785532046
2026-07-31T21:08:45Z,149,1,0,26,0,0,1,1,1,1785531316
2026-07-31T21:08:45Z,150,8,1,25,2,0,1,1,1,1785532091
2026-07-31T21:08:45Z,151,6,0,17,0,0,1,1,1,1785532051
2026-07-31T21:08:45Z,152,4,1,19,3,0,1,1,1,1785532106
2026-07-31T21:08:45Z,153,3,0,23,2,0,1,1,1,1785532045
2026-07-31T21:08:45Z,154,10,1,10,3,0,1,1,1,1785532114
2026-07-31T21:08:45Z,155,1,0,12,1,0,1,1,1,1785531841
2026-07-31T21:08:45Z,156,4,0,15,0,0,1,1,1,1785531741
2026-07-31T21:08:45Z,157,1,0,24,2,0,1,1,1,1785532092
2026-07-31T21:08:45Z,158,5,0,10,1,0,1,1,1,1785531875
2026-07-31T21:08:45Z,159,5,4,12,2,0,1,1,1,1785531942
2026-07-31T21:08:45Z,160,2,0,17,0,0,1,1,1,1785531725
2026-07-31T21:08:45Z,161,19,0,2,1,0,1,1,1,1785532058
2026-07-31T21:08:45Z,162,21,12,4,2,0,1,1,1,1785532103
2026-07-31T21:08:45Z,163,6,0,24,0,1,1,1,1,1785532044
2026-07-31T21:08:45Z,164,19,1,8,0,0,1,1,1,1785532011
2026-07-31T21:08:45Z,165,27,4,4,0,0,1,1,1,1785532114
2026-07-31T21:08:45Z,166,4,2,31,4,0,1,1,1,1785532108
2026-07-31T21:08:45Z,167,7,0,15,1,0,1,1,1,1785532092
2026-07-31T21:08:45Z,168,23,2,0,4,0,1,1,1,1785532101
2026-07-31T21:08:45Z,169,15,2,7,0,1,1,1,1,1785532111
2026-07-31T21:08:45Z,170,4,1,14,1,0,1,1,1,1785531991
2026-07-31T21:08:45Z,171,8,1,3,2,0,1,1,1,1785532086
2026-07-31T21:08:45Z,173,13,3,26,0,0,1,1,1,1785531532
2026-07-31T21:08:45Z,174,5,1,21,0,0,1,1,1,1785532104
2026-07-31T21:08:45Z,175,30,2,0,1,0,1,1,1,1785532038
2026-07-31T21:08:45Z,176,12,3,0,2,1,1,1,1,1785532028
2026-07-31T21:08:45Z,177,4,1,21,2,0,1,1,1,1785532016
2026-07-31T21:08:45Z,178,7,0,5,2,1,1,1,1,1785532107
2026-07-31T21:08:45Z,179,12,6,1,2,0,1,1,1,1785532072
2026-07-31T21:08:45Z,180,1,0,29,0,0,1,1,1,1785531843
2026-07-31T21:08:45Z,181,3,0,12,0,0,1,1,1,1785531730
2026-07-31T21:08:45Z,182,5,2,12,0,0,1,1,1,1785531870
2026-07-31T21:08:45Z,183,6,3,16,1,0,1,1,1,1785532027
2026-07-31T21:08:45Z,184,17,0,3,3,0,1,1,1,1785531968
2026-07-31T21:08:45Z,185,6,5,7,1,1,1,1,1,1785531813
2026-07-31T21:08:45Z,186,3,2,16,0,0,1,1,1,1785531699
2026-07-31T21:08:45Z,187,1,0,26,1,0,1,1,1,1785532055
2026-07-31T21:08:45Z,188,12,4,7,8,0,1,1,1,1785532105
2026-07-31T21:08:45Z,189,5,2,10,0,0,1,1,1,1785532110
2026-07-31T21:08:45Z,190,15,0,7,1,0,1,1,1,1785531896
2026-07-31T21:08:45Z,191,7,6,31,1,0,1,1,1,1785531958
2026-07-31T21:08:45Z,192,2,1,27,2,0,1,1,1,1785531445
2026-07-31T21:08:45Z,193,5,2,9,1,0,1,1,1,1785532095
2026-07-31T21:08:45Z,194,2,2,25,0,0,1,1,1,1785531844
2026-07-31T21:08:45Z,195,1,0,18,0,0,1,1,1,1785532101
2026-07-31T21:08:45Z,196,6,6,19,2,0,1,1,1,1785532008
2026-07-31T21:08:45Z,197,0,0,18,0,1,1,1,1,1785531224
2026-07-31T21:08:45Z,198,13,11,9,1,0,1,1,1,1785532103
2026-07-31T21:08:45Z,199,1,0,13,1,0,1,1,1,1785532034
2026-07-31T21:08:45Z,200,11,10,14,1,0,1,1,1,1785531949
2026-07-31T21:08:45Z,201,8,4,14,1,0,1,1,1,1785531797
2026-07-31T21:08:45Z,202,6,1,21,0,0,1,1,1,1785532116
2026-07-31T21:08:45Z,203,11,2,19,1,0,1,1,1,1785531350
2026-07-31T21:08:45Z,204,22,2,12,1,0,1,1,1,1785531950
2026-07-31T21:08:45Z,205,8,0,18,1,0,1,1,1,1785531881
2026-07-31T21:08:45Z,206,1,0,13,1,0,1,1,1,1785532035
2026-07-31T21:08:45Z,207,20,1,1,0,0,1,1,1,1785532066
2026-07-31T21:08:45Z,208,2,1,27,0,0,1,1,1,1785531548
2026-07-31T21:08:45Z,209,22,0,8,1,0,1,1,1,1785532063
2026-07-31T21:08:45Z,210,6,2,21,0,0,1,1,1,1785532105
2026-07-31T21:08:45Z,211,0,0,22,1,0,1,1,1,1785530930
2026-07-31T21:08:45Z,212,7,0,27,1,0,1,1,1,1785532031
2026-07-31T21:08:45Z,213,17,6,5,1,0,1,1,1,1785532087
2026-07-31T21:08:45Z,214,38,7,8,1,0,1,1,1,1785532025
2026-07-31T21:08:45Z,215,18,5,4,1,0,1,1,1,1785531935
2026-07-31T21:08:45Z,216,8,4,10,1,0,1,1,1,1785532056
2026-07-31T21:08:45Z,217,17,0,11,1,0,1,1,1,1785532054
2026-07-31T21:08:45Z,218,13,7,21,5,0,1,1,1,1785532105
2026-07-31T21:08:45Z,219,16,0,9,1,0,1,1,1,1785532049
2026-07-31T21:08:45Z,220,18,8,24,0,1,1,1,1,1785532058
2026-07-31T21:08:45Z,221,2,1,12,1,0,1,1,1,1785532111
2026-07-31T21:08:45Z,222,5,4,13,1,0,1,1,1,1785532047
2026-07-31T21:08:45Z,223,7,1,25,3,0,1,1,1,1785531874
2026-07-31T21:08:45Z,224,4,1,17,1,0,1,1,1,1785532072
2026-07-31T21:08:45Z,225,6,2,9,4,0,1,1,1,1785531639
2026-07-31T21:08:45Z,226,29,3,1,1,0,1,1,1,1785532016
2026-07-31T21:08:45Z,227,0,0,26,1,0,1,1,1,1785532046
2026-07-31T21:08:45Z,228,4,2,13,2,0,1,1,1,1785531080
2026-07-31T21:08:45Z,230,8,0,18,0,0,1,1,1,1785532055
2026-07-31T21:08:45Z,232,4,0,12,1,0,1,1,1,1785531634
2026-07-31T21:08:45Z,233,9,7,21,1,0,1,1,1,1785532098
2026-07-31T21:08:45Z,234,11,3,1,5,2,1,1,1,1785530558
2026-07-31T21:08:45Z,236,16,2,3,0,0,1,1,1,1785528929
2026-07-31T21:08:45Z,237,2,0,20,1,0,1,1,1,1785531626
2026-07-31T21:08:45Z,239,3,3,23,1,0,1,1,1,1785531508
2026-07-31T21:08:45Z,241,8,6,14,1,0,1,1,1,1785532065
2026-07-31T21:08:45Z,242,7,0,15,1,0,1,1,1,1785531757
2026-07-31T21:08:45Z,243,16,8,12,3,0,1,1,1,1785532065
2026-07-31T21:08:45Z,244,2,1,23,2,0,1,1,1,1785532050
2026-07-31T21:08:45Z,245,10,4,13,0,0,1,1,1,1785531529
2026-07-31T21:08:45Z,246,10,6,13,0,0,1,1,1,1785531914
2026-07-31T21:08:45Z,247,4,3,17,2,0,1,1,1,1785531046
2026-07-31T21:08:45Z,248,11,6,10,2,0,1,1,1,1785532015
2026-07-31T21:08:45Z,249,18,16,0,1,0,1,1,1,1785532081
2026-07-31T21:08:45Z,250,2,2,19,6,0,1,1,1,1785532068
2026-07-31T21:08:45Z,251,20,11,2,5,0,1,1,1,1785532029
2026-07-31T21:08:45Z,253,3,1,16,0,0,1,1,1,1785531591
2026-07-31T21:08:45Z,254,3,2,39,1,0,1,1,1,1785531965
2026-07-31T21:08:45Z,255,10,0,12,0,1,1,1,1,1785531995
2026-07-31T21:08:45Z,256,0,0,21,2,0,1,1,1,1785531388
2026-07-31T21:08:45Z,257,1,0,18,0,0,1,1,1,1785531684
2026-07-31T21:08:45Z,258,17,6,1,1,0,1,1,1,1785532087
2026-07-31T21:08:45Z,259,13,0,9,0,1,1,1,1,1785531794
2026-07-31T21:08:45Z,260,0,0,18,1,0,1,1,1,1785531499
2026-07-31T21:08:45Z,261,1,0,16,1,1,1,1,1,1785531819
2026-07-31T21:08:45Z,262,1,1,21,1,0,1,1,1,1785532114
2026-07-31T21:08:45Z,263,3,2,11,1,0,1,1,1,1785531837
2026-07-31T21:08:45Z,264,1,0,18,0,0,1,1,1,1785531615
2026-07-31T21:08:45Z,265,4,0,11,0,0,1,1,1,1785531870
2026-07-31T21:08:45Z,266,10,6,8,1,0,1,1,1,1785531513
2026-07-31T21:08:45Z,267,9,4,5,1,0,1,1,1,1785531709
2026-07-31T21:08:45Z,268,18,6,4,1,0,1,1,1,1785531784
2026-07-31T21:08:45Z,269,13,6,10,0,0,1,1,1,1785532036
2026-07-31T21:08:45Z,270,3,0,23,1,0,1,1,1,1785532078
2026-07-31T21:08:45Z,271,4,0,13,2,0,1,1,1,1785532095
2026-07-31T21:08:45Z,272,8,2,15,0,0,1,1,1,1785532034
2026-07-31T21:08:45Z,273,5,1,10,0,0,1,1,1,1785532049
2026-07-31T21:08:45Z,274,3,2,15,1,0,1,1,1,1785531503
2026-07-31T21:08:45Z,275,11,0,8,4,0,1,1,1,1785531916
2026-07-31T21:08:45Z,276,2,1,24,1,0,1,1,1,1785531915
2026-07-31T21:08:45Z,277,6,5,13,4,0,1,1,1,1785531893
2026-07-31T21:08:45Z,278,13,9,14,4,0,1,1,1,1785532095
2026-07-31T21:08:45Z,279,0,0,19,0,0,1,1,1,1785530676
2026-07-31T21:08:45Z,280,2,0,26,3,0,1,1,1,1785532103
2026-07-31T21:08:45Z,281,2,1,17,0,0,1,1,1,1785532064
2026-07-31T21:08:45Z,282,7,2,11,0,0,1,1,1,1785527347
2026-07-31T21:08:45Z,283,16,1,19,0,0,1,1,1,1785532080
2026-07-31T21:08:45Z,284,26,1,6,3,0,1,1,1,1785532114
2026-07-31T21:08:45Z,285,3,1,20,0,0,1,1,1,1785532068
2026-07-31T21:08:45Z,286,7,5,16,0,0,1,1,1,1785532113
2026-07-31T21:08:45Z,287,11,1,9,3,0,1,1,1,1785531102
2026-07-31T21:08:45Z,288,3,1,16,0,0,1,1,1,1785531883
2026-07-31T21:08:45Z,289,8,6,16,3,0,1,1,1,1785532097
2026-07-31T21:08:45Z,290,17,2,21,1,0,1,1,1,1785532113
2026-07-31T21:08:45Z,291,12,1,10,1,0,1,1,1,1785532098
2026-07-31T21:08:45Z,292,2,1,21,0,0,1,1,1,1785531976
2026-07-31T21:08:45Z,293,4,2,19,0,0,1,1,1,1785531462
2026-07-31T21:08:45Z,294,6,4,13,3,0,1,1,1,1785531927
2026-07-31T21:08:45Z,297,4,1,13,1,1,1,1,1,1785532044
2026-07-31T21:08:45Z,301,13,1,6,0,0,1,1,1,1785531561
2026-07-31T21:08:45Z,302,20,0,3,0,0,1,1,1,1785532096
2026-07-31T21:08:45Z,303,0,0,19,0,0,1,1,1,1785530377
2026-07-31T21:08:45Z,304,0,0,0,0,0,0,1,1,86400
2026-07-31T21:08:45Z,305,5,0,13,1,0,1,1,1,1785532114
2026-07-31T21:08:45Z,306,11,0,21,0,0,1,1,1,1785532096
2026-07-31T21:08:45Z,307,4,0,19,0,0,1,1,1,1785531871
2026-07-31T21:08:45Z,308,2,0,16,1,0,1,1,1,1785532108
2026-07-31T21:08:45Z,309,1,1,13,0,0,1,1,1,1785530983
2026-07-31T21:08:45Z,311,5,0,9,1,0,1,1,1,1785531212
2026-07-31T21:08:45Z,312,9,7,11,2,1,1,1,1,1785532099
2026-07-31T21:08:45Z,313,5,0,10,0,0,1,1,1,1785526554
2026-07-31T21:08:45Z,314,6,1,11,2,0,1,1,1,1785531899
2026-07-31T21:08:45Z,315,11,5,17,3,0,1,1,1,1785531998
2026-07-31T21:08:45Z,316,4,1,20,6,1,1,1,1,1785532104
2026-07-31T21:08:45Z,317,8,7,22,0,1,1,1,1,1785531958
2026-07-31T21:08:45Z,318,16,1,3,0,0,1,1,1,1785531022
2026-07-31T21:08:45Z,319,20,3,2,1,0,1,1,1,1785531902
2026-07-31T21:08:45Z,320,11,0,7,1,0,1,1,1,1785531565
2026-07-31T21:08:45Z,321,2,0,13,4,0,1,1,1,1785532036
2026-07-31T21:08:45Z,322,15,0,14,0,0,1,1,1,1785530430
2026-07-31T21:08:45Z,323,4,1,14,1,0,1,1,1,1785531868
2026-07-31T21:08:45Z,324,16,2,10,1,0,1,1,1,1785532115
2026-07-31T21:08:45Z,325,3,2,22,2,0,1,1,1,1785531883
2026-07-31T21:08:45Z,327,9,1,16,2,0,1,1,1,1785532054
2026-07-31T21:08:45Z,328,18,2,3,1,0,1,1,1,1785531874
2026-07-31T21:08:45Z,329,2,0,14,3,0,1,1,1,1785531656
2026-07-31T21:08:45Z,330,15,0,6,1,0,1,1,1,1785532045
2026-07-31T21:08:45Z,331,13,0,8,2,0,1,1,1,1785532055
2026-07-31T21:08:45Z,332,7,5,11,1,0,1,1,1,1785531749
2026-07-31T21:08:45Z,333,5,3,17,1,0,1,1,1,1785532113
2026-07-31T21:08:45Z,334,8,0,15,0,0,1,1,1,1785531792
2026-07-31T21:08:45Z,335,2,2,20,0,1,1,1,1,1785530699
2026-07-31T21:08:45Z,336,5,1,14,0,0,1,1,1,1785531746
2026-07-31T21:08:45Z,337,12,4,7,4,0,1,1,1,1785532080
2026-07-31T21:08:45Z,338,1,1,18,0,0,1,1,1,1785531765
2026-07-31T21:08:45Z,339,14,11,5,4,0,1,1,1,1785532077
2026-07-31T21:08:45Z,340,0,0,14,1,0,1,1,1,1785531581
2026-07-31T21:08:45Z,341,8,2,11,0,0,1,1,1,1785532087
2026-07-31T21:08:45Z,342,0,0,15,0,0,1,1,1,1785532007
2026-07-31T21:08:45Z,343,9,3,13,1,0,1,1,1,1785529614
2026-07-31T21:08:45Z,344,7,4,16,0,0,1,1,1,1785532070
2026-07-31T21:08:45Z,345,13,1,6,0,0,1,1,1,1785531815
2026-07-31T21:08:45Z,346,4,3,19,0,0,1,1,1,1785531090
2026-07-31T21:08:45Z,347,12,0,29,4,0,1,1,1,1785532106
2026-07-31T21:08:45Z,348,9,0,13,0,1,1,1,1,1785531897
2026-07-31T21:08:45Z,349,17,2,1,1,0,1,1,1,1785531821
2026-07-31T21:08:45Z,350,2,0,23,1,1,1,1,1,1785530916
2026-07-31T21:08:45Z,351,3,1,18,2,0,1,1,1,1785532018
2026-07-31T21:08:45Z,355,1,1,22,0,0,1,1,1,1785531917
2026-07-31T21:08:45Z,356,6,2,13,0,0,1,1,1,1785532109
2026-07-31T21:08:45Z,357,3,3,15,1,0,1,1,1,1785531569
2026-07-31T21:08:45Z,358,14,2,12,1,0,1,1,1,1785531886
2026-07-31T21:08:45Z,359,9,0,18,0,0,1,1,1,1785530951
2026-07-31T21:08:45Z,360,4,3,15,0,0,1,1,1,1785530596
2026-07-31T21:08:45Z,362,4,0,11,4,0,1,1,1,1785531976
2026-07-31T21:08:45Z,363,9,0,18,0,0,1,1,1,1785531752
2026-07-31T21:08:45Z,364,0,0,19,0,0,1,1,1,1785531986
2026-07-31T21:08:45Z,365,4,2,16,3,0,1,1,1,1785532014
2026-07-31T21:08:45Z,366,9,8,14,0,0,1,1,1,1785532005
2026-07-31T21:08:45Z,367,2,1,15,2,0,1,1,1,1785532114
2026-07-31T21:08:45Z,368,1,0,21,1,0,1,1,1,1785530971
2026-07-31T21:08:45Z,370,11,4,16,0,0,1,1,1,1785532044
2026-07-31T21:08:45Z,371,5,3,13,1,0,1,1,1,1785532111
2026-07-31T21:08:45Z,372,14,1,1,0,0,1,1,1,1785531602
2026-07-31T21:08:45Z,373,0,0,27,0,0,1,1,1,1785529201
2026-07-31T21:08:45Z,374,2,1,16,1,0,1,1,1,1785531830
2026-07-31T21:08:45Z,375,16,4,9,2,0,1,1,1,1785532114
2026-07-31T21:08:45Z,376,5,2,32,2,0,1,1,1,1785532101
2026-07-31T21:08:45Z,377,0,0,27,0,0,1,1,1,1785530908
2026-07-31T21:08:45Z,378,4,2,18,1,1,1,1,1,1785531844
2026-07-31T21:08:45Z,379,16,1,8,3,0,1,1,1,1785532099
2026-07-31T21:08:45Z,380,3,0,20,0,0,1,1,1,1785532095
2026-07-31T21:08:45Z,381,8,1,15,0,0,1,1,1,1785532075
2026-07-31T21:08:45Z,383,10,2,3,2,0,1,1,1,1785531895
2026-07-31T21:08:45Z,384,3,1,22,2,0,1,1,1,1785532059
2026-07-31T21:08:45Z,385,0,0,17,1,0,1,1,1,1785531539
2026-07-31T21:08:45Z,387,6,1,17,0,0,1,1,1,1785530214
2026-07-31T21:08:45Z,388,35,1,11,3,0,1,1,1,1785531969
2026-07-31T21:08:45Z,389,3,2,11,1,0,1,1,1,1785532058
2026-07-31T21:08:45Z,390,13,3,22,0,0,1,1,1,1785531948
2026-07-31T21:08:45Z,391,4,2,10,1,0,1,1,1,1785530305
2026-07-31T21:08:45Z,392,1,1,17,1,0,1,1,1,1785531826
2026-07-31T21:08:45Z,393,1,1,7,3,0,1,1,1,1785531684
2026-07-31T21:08:45Z,394,3,0,7,3,0,1,1,1,1785531903
2026-07-31T21:08:45Z,396,1,1,39,2,0,1,1,1,1785532033
2026-07-31T21:08:45Z,397,18,10,13,0,0,1,1,1,1785532093
2026-07-31T21:08:45Z,399,2,0,12,3,0,1,1,1,1785531988
2026-07-31T21:08:45Z,400,14,9,7,2,0,1,1,1,1785531101
2026-07-31T21:08:45Z,401,5,2,26,8,0,1,1,1,1785532064
2026-07-31T21:08:45Z,403,24,4,3,4,0,1,1,1,1785532100
2026-07-31T21:08:45Z,404,4,2,18,1,0,1,1,1,1785531688
2026-07-31T21:08:45Z,406,7,2,28,0,0,1,1,1,1785532104
2026-07-31T21:08:45Z,407,3,0,30,1,0,1,1,1,1785532059
2026-07-31T21:08:45Z,408,2,2,28,3,0,1,1,1,1785531925
2026-07-31T21:08:45Z,409,18,1,3,2,0,1,1,1,1785531954
2026-07-31T21:08:45Z,413,11,2,10,2,0,1,1,1,1785531318
2026-07-31T21:08:45Z,414,11,0,4,0,0,1,1,1,1785531380
2026-07-31T21:08:45Z,417,1,0,18,0,0,1,1,1,1785532082
2026-07-31T21:08:45Z,418,5,2,10,0,0,1,1,1,1785531623
2026-07-31T21:08:45Z,419,13,2,10,0,0,1,1,1,1785529593
2026-07-31T21:08:45Z,421,4,1,15,0,0,1,1,1,1785531823
2026-07-31T21:08:45Z,422,18,3,9,0,0,1,1,1,1785530054
2026-07-31T21:08:45Z,423,0,0,22,1,0,1,1,1,1785531227
2026-07-31T21:08:45Z,424,8,3,4,2,1,1,1,1,1785532105
2026-07-31T21:08:45Z,425,6,4,15,0,1,1,1,1,1785531956
2026-07-31T21:08:45Z,426,4,0,28,5,0,1,1,1,1785532109
2026-07-31T21:08:45Z,427,11,0,1,3,0,1,1,1,1785531992
2026-07-31T21:08:45Z,428,17,2,2,0,0,1,1,1,1785532042
2026-07-31T21:08:45Z,429,11,6,11,1,0,1,1,1,1785532109
2026-07-31T21:08:45Z,430,9,2,19,3,0,1,1,1,1785532080
2026-07-31T21:08:45Z,431,3,0,28,2,0,1,1,1,1785532038
2026-07-31T21:08:45Z,432,0,0,30,1,0,0,1,1,1785508564
2026-07-31T21:08:45Z,433,5,2,15,3,0,1,1,1,1785529334
2026-07-31T21:08:45Z,437,4,4,12,3,0,1,1,1,1785532096
2026-07-31T21:08:45Z,438,10,2,7,2,0,1,1,1,1785532081
2026-07-31T21:08:45Z,439,8,4,7,0,0,1,1,1,1785531786
2026-07-31T21:08:45Z,440,9,4,6,0,0,1,1,1,1785531897
2026-07-31T21:08:45Z,441,1,0,12,2,0,1,1,1,1785532085
2026-07-31T21:08:45Z,442,9,4,8,2,0,1,1,1,1785530973
2026-07-31T21:08:45Z,443,5,2,22,0,0,1,1,1,1785512432
2026-07-31T21:08:45Z,444,4,2,19,0,0,1,1,1,1785530976
2026-07-31T21:08:45Z,445,6,2,16,1,0,1,1,1,1785531998
2026-07-31T21:08:45Z,446,2,0,21,0,0,1,1,1,1785531876
2026-07-31T21:08:45Z,447,3,0,18,1,1,1,1,1,1785496389
2026-07-31T21:08:45Z,448,7,0,7,1,0,1,1,1,1785530120
2026-07-31T21:08:45Z,452,8,3,10,1,0,1,1,1,1785532094
2026-07-31T21:08:45Z,453,4,1,7,4,0,1,1,1,1785531939
2026-07-31T21:08:45Z,454,13,0,6,0,0,1,1,1,1785531775
2026-07-31T21:08:45Z,455,11,0,28,0,0,1,1,1,1785532065
2026-07-31T21:08:45Z,456,16,1,3,1,0,1,1,1,1785532082
2026-07-31T21:08:45Z,457,11,2,12,4,0,1,1,1,1785531461
2026-07-31T21:08:45Z,458,5,2,17,1,0,1,1,1,1785531981
2026-07-31T21:08:45Z,459,9,1,6,0,0,1,1,1,1785531167
2026-07-31T21:08:45Z,460,15,1,8,0,0,1,1,1,1785532084
2026-07-31T21:08:45Z,461,9,0,10,0,0,1,1,1,1785531034
2026-07-31T21:08:45Z,462,13,1,8,0,0,1,1,1,1785532015
2026-07-31T21:08:45Z,463,9,1,10,0,0,1,1,1,1785526740
2026-07-31T21:08:45Z,464,0,0,14,0,0,1,1,1,1785528198
2026-07-31T21:08:45Z,465,5,3,10,0,0,1,1,1,1785531456
2026-07-31T21:08:45Z,466,4,1,5,6,0,1,1,1,1785531299
2026-07-31T21:08:45Z,467,3,2,16,0,0,1,1,1,1785531037
2026-07-31T21:08:45Z,468,0,0,18,1,0,1,1,1,1785527178
2026-07-31T21:08:45Z,469,8,1,13,2,0,1,1,1,1785532015
2026-07-31T21:08:45Z,470,0,0,13,2,0,1,1,1,1785532029
2026-07-31T21:08:45Z,471,27,2,0,0,0,1,1,1,1785528650
2026-07-31T21:08:45Z,472,6,2,11,2,0,1,1,1,1785532113
2026-07-31T21:08:45Z,473,8,1,11,0,0,1,1,1,1785531959
2026-07-31T21:08:45Z,474,9,2,10,0,0,1,1,1,1785532087
2026-07-31T21:08:45Z,475,3,1,15,1,0,1,1,1,1785532087
2026-07-31T21:08:45Z,477,10,1,5,0,0,1,1,1,1785530702
2026-07-31T21:08:45Z,478,30,0,1,0,0,1,1,1,1785531972
2026-07-31T21:08:45Z,479,4,0,21,2,0,1,1,1,1785531082
2026-07-31T21:08:45Z,480,6,0,8,1,0,1,1,1,1785532014
2026-07-31T21:08:45Z,481,0,0,34,1,0,1,1,1,1785532081
2026-07-31T21:08:45Z,482,4,4,15,0,0,1,1,1,1785531414
2026-07-31T21:08:45Z,483,15,0,10,2,0,1,1,1,1785532052
2026-07-31T21:08:45Z,484,4,2,14,1,0,1,1,1,1785532052
2026-07-31T21:08:45Z,485,9,2,9,0,1,1,1,1,1785532104
2026-07-31T21:08:45Z,486,0,0,24,3,0,1,1,1,1785532028
2026-07-31T21:08:45Z,487,9,6,8,2,0,1,1,1,1785531933
2026-07-31T21:08:45Z,489,0,0,15,0,0,1,1,1,1785531388
2026-07-31T21:08:45Z,490,11,0,4,1,0,1,1,1,1785532001
2026-07-31T21:08:45Z,491,7,2,13,1,0,1,1,1,1785531790
2026-07-31T21:08:45Z,492,3,3,5,3,0,1,1,1,1785532113
2026-07-31T21:08:45Z,493,20,0,7,0,0,1,1,1,1785531742
2026-07-31T21:08:45Z,495,7,0,7,1,0,1,1,1,1785530497
2026-07-31T21:08:45Z,496,7,1,20,0,0,1,1,1,1785532102
2026-07-31T21:08:45Z,497,2,2,17,0,0,1,1,1,1785532114
2026-07-31T21:08:45Z,498,3,2,20,0,0,1,1,1,1785531641
2026-07-31T21:08:45Z,499,3,0,15,1,0,1,1,1,1785531271
2026-07-31T21:08:45Z,500,0,0,12,3,0,1,1,1,1785531899
2026-07-31T21:08:45Z,501,16,3,5,0,0,1,1,1,1785531777
2026-07-31T21:08:45Z,502,5,2,13,1,0,1,1,1,1785531743
2026-07-31T21:08:45Z,503,4,1,26,1,0,1,1,1,1785532056
2026-07-31T21:08:45Z,504,0,0,37,2,0,1,1,1,1785531561
2026-07-31T21:08:45Z,505,0,0,11,1,0,1,1,1,1785531541
2026-07-31T21:08:45Z,511,3,1,19,1,0,1,1,1,1785531759
2026-07-31T21:08:45Z,512,10,0,17,0,0,1,1,1,1785530707
2026-07-31T21:08:45Z,514,3,2,7,1,0,1,1,1,1785531404
2026-07-31T21:08:45Z,515,2,2,17,0,0,1,1,1,1785531676
2026-07-31T21:08:45Z,516,13,0,13,1,0,1,1,1,1785532100
2026-07-31T21:08:45Z,517,15,2,8,0,0,1,1,1,1785531984
2026-07-31T21:08:45Z,518,5,0,9,1,0,1,1,1,1785530533
2026-07-31T21:08:45Z,519,8,3,9,2,0,1,1,1,1785530872
2026-07-31T21:08:45Z,520,21,11,1,4,1,1,1,1,1785532115
2026-07-31T21:08:45Z,521,5,2,18,0,0,1,1,1,1785532029
2026-07-31T21:08:45Z,522,7,0,14,2,0,1,1,1,1785532114
2026-07-31T21:08:45Z,523,11,5,11,1,0,1,1,1,1785530824
2026-07-31T21:08:45Z,524,14,0,9,0,0,1,1,1,1785532081
2026-07-31T21:08:45Z,525,6,0,13,0,0,1,1,1,1785531049
2026-07-31T21:08:45Z,526,4,1,11,0,0,1,1,1,1785530751
2026-07-31T21:08:45Z,527,16,9,9,1,0,1,1,1,1785532072
2026-07-31T21:08:45Z,528,14,1,7,2,0,1,1,1,1785532111
2026-07-31T21:08:45Z,529,4,2,7,8,0,1,1,1,1785532112
2026-07-31T21:08:45Z,530,10,0,9,2,0,1,1,1,1785532111
2026-07-31T21:08:45Z,531,5,1,16,1,1,1,1,1,1785531880
2026-07-31T21:08:45Z,532,14,11,16,1,0,1,1,1,1785531944
2026-07-31T21:08:45Z,533,11,0,7,1,0,1,1,1,1785531861
2026-07-31T21:08:45Z,534,3,1,20,0,0,1,1,1,1785530641
2026-07-31T21:08:45Z,535,2,1,13,0,0,1,1,1,1785531571
2026-07-31T21:08:45Z,536,13,0,10,0,0,1,1,1,1785531894
2026-07-31T21:08:45Z,537,10,2,10,0,0,1,1,1,1785532068
2026-07-31T21:08:45Z,538,7,0,14,0,2,1,1,1,1785531884
2026-07-31T21:08:45Z,539,3,1,26,2,0,1,1,1,1785532036
2026-07-31T21:08:45Z,540,4,4,14,1,0,1,1,1,1785531996
2026-07-31T21:08:45Z,541,9,5,17,1,0,1,1,1,1785532109
2026-07-31T21:08:45Z,542,0,0,22,1,0,1,1,1,1785532024
2026-07-31T21:08:45Z,543,0,0,19,0,0,1,1,1,1785531336
2026-07-31T21:08:45Z,544,9,1,10,3,0,1,1,1,1785531860
2026-07-31T21:08:45Z,545,10,0,2,7,0,1,1,1,1785532086
2026-07-31T21:08:45Z,546,2,1,17,0,0,1,1,1,1785531987
2026-07-31T21:08:45Z,547,10,0,15,0,0,1,1,1,1785531877
2026-07-31T21:08:45Z,548,7,3,15,1,0,1,1,1,1785531621
2026-07-31T21:08:45Z,549,17,0,5,1,0,1,1,1,1785532106
2026-07-31T21:08:45Z,550,1,1,18,0,0,1,1,1,1785532035
2026-07-31T21:08:45Z,551,3,2,19,1,0,1,1,1,1785529811
2026-07-31T21:08:45Z,552,3,2,24,0,0,1,1,1,1785530348
2026-07-31T21:08:45Z,553,5,1,18,0,0,1,1,1,1785531819
2026-07-31T21:08:45Z,554,3,0,15,1,0,1,1,1,1785530528
2026-07-31T21:08:45Z,555,6,0,8,1,0,1,1,1,1785529728
2026-07-31T21:08:45Z,556,14,0,6,3,0,1,1,1,1785532058
2026-07-31T21:08:45Z,557,0,0,21,2,0,1,1,1,1785531392
2026-07-31T21:08:45Z,558,18,13,18,1,0,1,1,1,1785532012
2026-07-31T21:08:45Z,559,12,0,6,1,0,1,1,1,1785532057
2026-07-31T21:08:45Z,560,17,0,10,0,0,1,1,1,1785531750
2026-07-31T21:08:45Z,561,7,0,13,3,0,1,1,1,1785531569
2026-07-31T21:08:45Z,562,10,2,20,5,0,1,1,1,1785531771
2026-07-31T21:08:45Z,563,3,0,10,1,0,1,1,1,1785531305
2026-07-31T21:08:45Z,564,4,1,14,1,0,1,1,1,1785530567
2026-07-31T21:08:45Z,565,1,0,18,0,0,1,1,1,1785531224
2026-07-31T21:08:45Z,566,4,0,14,1,0,1,1,1,1785532038
2026-07-31T21:08:45Z,567,9,1,16,2,0,1,1,1,1785531988
2026-07-31T21:08:45Z,568,9,1,9,1,0,1,1,1,1785530639
2026-07-31T21:08:45Z,569,3,0,14,2,0,1,1,1,1785531241
2026-07-31T21:08:45Z,570,4,0,13,2,0,1,1,1,1785531152
2026-07-31T21:08:45Z,571,8,2,15,0,0,1,1,1,1785532101
2026-07-31T21:08:45Z,572,7,1,12,0,0,1,1,1,1785531715
2026-07-31T21:08:45Z,573,8,1,7,0,0,1,1,1,1785531771
2026-07-31T21:08:45Z,574,5,2,10,0,0,1,1,1,1785531362
2026-07-31T21:08:45Z,575,5,0,15,1,0,1,1,1,1785532114
2026-07-31T21:08:45Z,576,4,4,14,1,0,1,1,1,1785531978
2026-07-31T21:08:45Z,577,23,1,8,0,0,1,1,1,1785532003
2026-07-31T21:08:45Z,578,1,0,21,1,0,1,1,1,1785531591
2026-07-31T21:08:45Z,579,13,3,29,1,0,1,1,1,1785532065
2026-07-31T21:08:45Z,580,10,2,19,0,0,1,1,1,1785531949
2026-07-31T21:08:45Z,581,5,0,13,1,0,1,1,1,1785531868
2026-07-31T21:08:45Z,582,22,0,37,2,0,1,1,1,1785531918
2026-07-31T21:08:45Z,583,2,1,20,1,0,1,1,1,1785532111
2026-07-31T21:08:45Z,584,9,2,7,3,0,1,1,1,1785531766
2026-07-31T21:08:45Z,585,0,0,26,0,1,1,1,1,1785531590
2026-07-31T21:08:45Z,586,26,1,7,2,0,1,1,1,1785532107
2026-07-31T21:08:45Z,587,9,0,14,1,0,1,1,1,1785532106
2026-07-31T21:08:45Z,588,11,3,5,2,1,1,1,1,1785532035
2026-07-31T21:08:45Z,589,1,0,21,0,0,1,1,1,1785531926
2026-07-31T21:08:45Z,590,6,2,25,0,0,1,1,1,1785531718
2026-07-31T21:08:45Z,591,4,0,23,3,0,1,1,1,1785532075
2026-07-31T21:08:45Z,592,5,0,18,0,0,1,1,1,1785532031
2026-07-31T21:08:45Z,593,19,4,19,0,0,1,1,1,1785532043
2026-07-31T21:08:45Z,594,15,1,5,1,0,1,1,1,1785532087
2026-07-31T21:08:45Z,595,0,0,3,0,0,0,1,1,1784046673
2026-07-31T21:08:45Z,605,0,0,2,1,0,0,1,1,1783975843
2026-07-31T21:08:45Z,606,0,0,0,0,0,0,1,1,86400
2026-07-31T21:08:45Z,607,8,3,23,1,0,1,1,1,1785532006
2026-07-31T21:08:45Z,608,28,1,22,0,0,1,1,1,1785532057
2026-07-31T21:08:45Z,609,13,11,10,0,0,1,1,1,1785532089
2026-07-31T21:08:45Z,610,21,0,13,1,0,1,1,1,1785532103
2026-07-31T21:08:45Z,611,14,1,13,0,0,1,1,1,1785531837
2026-07-31T21:08:45Z,612,7,1,8,0,0,1,1,1,1785522916
2026-07-31T21:08:45Z,613,12,4,0,3,0,1,1,1,1785530289
2026-07-31T21:08:45Z,614,5,4,18,3,1,1,1,1,1785531902
2026-07-31T21:08:45Z,617,7,0,6,2,0,1,1,1,1785532114
2026-07-31T21:08:45Z,618,13,1,1,5,0,1,1,1,1785530762
2026-07-31T21:08:45Z,619,5,2,14,0,0,1,1,1,1785532008
2026-07-31T21:08:45Z,620,13,0,13,1,0,1,1,1,1785531583
2026-07-31T21:08:45Z,621,8,2,15,0,0,1,1,1,1785531952
2026-07-31T21:08:45Z,622,13,0,8,2,0,1,1,1,1785531667
2026-07-31T21:08:45Z,623,21,5,7,2,0,1,1,1,1785531780
2026-07-31T21:08:45Z,624,2,0,13,0,0,1,1,1,1785532115
2026-07-31T21:08:45Z,625,12,4,4,5,0,1,1,1,1785531854
2026-07-31T21:08:45Z,626,45,1,0,0,2,1,1,1,1785532112
2026-07-31T21:08:45Z,627,14,3,4,1,0,1,1,1,1785530759
2026-07-31T21:08:45Z,628,3,3,15,0,1,1,1,1,1785531757
2026-07-31T21:08:45Z,629,3,2,6,2,0,1,1,1,1785531928
2026-07-31T21:08:45Z,630,0,0,24,3,0,1,1,1,1785532031
2026-07-31T21:08:45Z,631,5,5,18,0,0,1,1,1,1785531970
2026-07-31T21:08:45Z,632,20,1,1,2,0,1,1,1,1785531372
2026-07-31T21:08:45Z,633,11,3,1,3,0,1,1,1,1785530006
2026-07-31T21:08:45Z,634,16,2,3,0,0,1,1,1,1785531206
2026-07-31T21:08:45Z,635,15,0,4,0,0,1,1,1,1785532057
2026-07-31T21:08:45Z,636,7,2,8,0,0,1,1,1,1785526430
2026-07-31T21:08:45Z,637,9,2,8,2,0,1,1,1,1785531990
2026-07-31T21:08:45Z,638,7,1,10,2,0,1,1,1,1785531745
2026-07-31T21:08:45Z,639,10,2,7,2,0,1,1,1,1785528930
2026-07-31T21:08:45Z,640,8,8,13,2,0,1,1,1,1785532098
2026-07-31T21:08:45Z,641,4,1,23,0,0,1,1,1,1785532048
2026-07-31T21:08:45Z,642,8,3,3,8,0,1,1,1,1785532114
2026-07-31T21:08:45Z,643,4,0,15,8,0,1,1,1,1785532114
2026-07-31T21:08:45Z,644,13,1,1,1,0,1,1,1,1785531399
2026-07-31T21:08:45Z,645,13,1,8,1,1,1,1,1,1785532004
2026-07-31T21:08:45Z,646,3,1,16,0,0,1,1,1,1785532040
2026-07-31T21:08:45Z,647,6,2,25,0,0,1,1,1,1785531573
2026-07-31T21:08:45Z,648,4,0,14,1,0,1,1,1,1785531767
2026-07-31T21:08:45Z,649,3,3,28,0,0,1,1,1,1785529688
2026-07-31T21:08:45Z,650,5,1,9,0,0,1,1,1,1785531899
2026-07-31T21:08:45Z,651,0,0,23,0,0,1,1,1,1785528763
2026-07-31T21:08:45Z,652,4,2,16,3,0,1,1,1,1785532082
2026-07-31T21:08:45Z,653,2,1,17,0,0,1,1,1,1785530185
2026-07-31T21:08:45Z,654,2,1,13,0,0,1,1,1,1785532029
2026-07-31T21:08:45Z,655,8,4,0,4,1,1,1,1,1785531938
2026-07-31T21:08:45Z,656,3,2,16,0,0,1,1,1,1785532112
2026-07-31T21:08:45Z,657,9,4,4,2,2,1,1,1,1785532029
2026-07-31T21:08:45Z,658,8,1,2,0,0,1,1,1,1785530465
2026-07-31T21:08:45Z,659,7,5,6,2,0,1,1,1,1785529408
2026-07-31T21:08:45Z,660,21,6,6,4,0,1,1,1,1785532018
2026-07-31T21:08:45Z,661,17,3,1,1,0,1,1,1,1785531512
2026-07-31T21:08:45Z,662,5,3,15,3,0,1,1,1,1785531936
2026-07-31T21:08:45Z,663,7,2,8,0,0,1,1,1,1785531726
2026-07-31T21:08:45Z,664,14,0,13,0,0,1,1,1,1785531997
2026-07-31T21:08:45Z,665,10,4,5,0,0,1,1,1,1785530607
2026-07-31T21:08:45Z,666,5,2,7,3,0,1,1,1,1785532109
2026-07-31T21:08:45Z,667,16,3,2,1,0,1,1,1,1785532082
2026-07-31T21:08:45Z,668,2,0,17,0,0,1,1,1,1785532110
2026-07-31T21:08:45Z,669,9,3,3,2,0,1,1,1,1785531601
2026-07-31T21:08:45Z,670,17,0,8,2,0,1,1,1,1785531177
2026-07-31T21:08:45Z,671,20,2,7,0,0,1,1,1,1785532041
2026-07-31T21:08:45Z,672,8,1,12,2,1,1,1,1,1785531528
2026-07-31T21:08:45Z,673,9,0,14,0,0,1,1,1,1785531532
2026-07-31T21:08:45Z,674,1,1,20,2,0,1,1,1,1785532055
2026-07-31T21:08:45Z,675,3,1,9,3,0,1,1,1,1785531363
2026-07-31T21:08:45Z,676,7,1,14,1,0,1,1,1,1785531945
2026-07-31T21:08:45Z,681,11,0,1,2,1,1,1,1,1785531664
2026-07-31T21:08:45Z,682,6,1,13,0,0,1,1,1,1785529048
2026-07-31T21:08:45Z,683,1,1,18,0,0,1,1,1,1785527602
2026-07-31T21:08:45Z,684,3,1,24,0,0,1,1,1,1785518528
2026-07-31T21:08:45Z,685,4,0,21,1,1,1,1,1,1785531808
2026-07-31T21:08:45Z,686,10,0,14,3,0,1,1,1,1785532086
2026-07-31T21:08:45Z,687,12,1,17,1,1,1,1,1,1785532112
2026-07-31T21:08:45Z,688,0,0,0,19,0,1,1,1,1785531966
2026-07-31T21:08:45Z,692,6,3,15,0,0,1,1,1,1785532017
2026-07-31T21:08:45Z,693,6,0,2,3,0,1,1,1,1785530631
2026-07-31T21:08:45Z,694,10,5,11,0,0,1,1,1,1785531989
2026-07-31T21:08:45Z,695,7,6,16,0,0,1,1,1,1785531758
2026-07-31T21:08:45Z,696,14,10,9,0,0,1,1,1,1785531999
2026-07-31T21:08:45Z,697,18,6,4,1,0,1,1,1,1785532112
2026-07-31T21:08:45Z,698,23,0,4,0,0,1,1,1,1785532102
2026-07-31T21:08:45Z,699,5,0,9,1,0,1,1,1,1785531013
2026-07-31T21:08:45Z,700,17,1,0,2,0,1,1,1,1785531219
2026-07-31T21:08:45Z,701,12,2,7,0,0,1,1,1,1785532116
2026-07-31T21:08:45Z,702,5,1,17,1,0,1,1,1,1785531196
2026-07-31T21:08:45Z,704,2,0,13,0,0,1,1,1,1785531790
2026-07-31T21:08:45Z,705,3,2,12,0,0,1,1,1,1785531257
2026-07-31T21:08:45Z,706,5,1,8,2,0,1,1,1,1785530683
2026-07-31T21:08:45Z,707,7,1,8,0,0,1,1,1,1785531136
2026-07-31T21:08:45Z,708,8,0,10,1,0,1,1,1,1785531774
2026-07-31T21:08:45Z,709,4,0,8,3,0,1,1,1,1785531864
2026-07-31T21:08:45Z,710,1,1,17,1,0,1,1,1,1785531847
2026-07-31T21:08:45Z,711,6,2,14,3,0,1,1,1,1785532070
2026-07-31T21:08:45Z,712,10,8,5,0,0,1,1,1,1785532109
2026-07-31T21:08:45Z,713,2,1,21,0,0,1,1,1,1785531736
2026-07-31T21:08:45Z,716,4,3,11,0,0,1,1,1,1785530919
2026-07-31T21:08:45Z,717,3,2,20,2,0,1,1,1,1785531851
2026-07-31T21:08:45Z,718,7,1,6,2,0,1,1,1,1785532053
2026-07-31T21:08:45Z,719,7,1,22,0,0,1,1,1,1785532051
2026-07-31T21:08:45Z,720,0,0,19,0,0,1,1,1,1785531189
2026-07-31T21:08:45Z,721,6,0,14,3,0,1,1,1,1785532082
2026-07-31T21:08:45Z,722,7,1,8,0,0,1,1,1,1785530962
2026-07-31T21:08:45Z,723,13,2,10,0,0,1,1,1,1785531170
2026-07-31T21:08:45Z,724,9,2,14,0,0,1,1,1,1785531963
2026-07-31T21:08:45Z,725,1,0,21,1,0,1,1,1,1785531915
2026-07-31T21:08:45Z,726,7,2,11,1,0,1,1,1,1785531942
2026-07-31T21:08:45Z,727,10,5,12,1,0,1,1,1,1785532033
2026-07-31T21:08:45Z,728,9,0,5,1,0,1,1,1,1785531492
2026-07-31T21:08:45Z,729,4,0,15,0,0,1,1,1,1785531787
2026-07-31T21:08:45Z,730,0,0,12,3,0,1,1,1,1785532091
2026-07-31T21:08:45Z,731,7,3,6,2,0,1,1,1,1785532055
2026-07-31T21:08:45Z,732,3,2,12,0,0,1,1,1,1785531343
2026-07-31T21:08:45Z,733,10,0,17,0,0,1,1,1,1785532092
2026-07-31T21:08:45Z,734,5,2,9,0,0,1,1,1,1785531953
2026-07-31T21:08:45Z,735,18,10,9,0,0,1,1,1,1785531861
2026-07-31T21:08:45Z,736,12,1,7,0,0,1,1,1,1785532113
2026-07-31T21:08:45Z,737,2,1,12,0,1,1,1,1,1785531711
2026-07-31T21:08:45Z,738,16,5,3,0,0,1,1,1,1785531870
2026-07-31T21:08:45Z,739,17,0,9,1,0,1,1,1,1785531413
2026-07-31T21:08:45Z,741,7,0,16,0,0,1,1,1,1785531559
2026-07-31T21:08:45Z,742,18,11,16,1,0,1,1,1,1785531901
2026-07-31T21:08:45Z,743,5,2,14,0,0,1,1,1,1785531437
2026-07-31T21:08:45Z,744,7,1,7,1,0,1,1,1,1785531728
2026-07-31T21:08:45Z,745,12,4,7,0,0,1,1,1,1785531953
2026-07-31T21:08:45Z,746,0,0,22,1,0,1,1,1,1785531785
2026-07-31T21:08:45Z,747,0,0,4,0,0,0,1,1,1783446606
2026-07-31T21:08:45Z,748,8,0,15,0,0,1,1,1,1785530994
2026-07-31T21:08:45Z,749,1,1,22,0,0,1,1,1,1785531503
2026-07-31T21:08:45Z,750,6,2,4,1,0,1,1,1,1785531819
2026-07-31T21:08:45Z,751,22,15,1,0,0,1,1,1,1785532110
2026-07-31T21:08:45Z,752,7,1,9,1,0,1,1,1,1785531990
2026-07-31T21:08:45Z,753,1,0,13,1,0,1,1,1,1785532028
2026-07-31T21:08:45Z,754,7,2,8,0,0,1,1,1,1785531412
2026-07-31T21:08:45Z,755,11,2,11,1,0,1,1,1,1785531590
2026-07-31T21:08:45Z,756,13,13,23,1,0,1,1,1,1785531928
2026-07-31T21:08:45Z,757,2,2,17,0,0,1,1,1,1785532037
2026-07-31T21:08:45Z,758,1,1,22,0,0,1,1,1,1785531997
2026-07-31T21:08:45Z,759,0,0,0,0,0,1,1,1,86400
2026-07-31T21:08:45Z,760,9,2,10,0,0,1,1,1,1785531870
2026-07-31T21:08:45Z,761,4,1,19,0,0,1,1,1,1785531979
2026-07-31T21:08:45Z,762,4,2,6,5,0,1,1,1,1785531239
2026-07-31T21:08:45Z,768,7,0,8,4,0,1,1,1,1785530413
2026-07-31T21:08:45Z,769,14,13,4,1,0,1,1,1,1785532072
2026-07-31T21:08:45Z,770,6,2,11,2,0,1,1,1,1785531751
2026-07-31T21:08:45Z,771,11,1,3,1,0,1,1,1,1785531204
2026-07-31T21:08:45Z,772,0,0,15,0,0,1,1,1,1785532099
2026-07-31T21:08:45Z,773,16,3,3,0,0,1,1,1,1785531663
2026-07-31T21:08:45Z,774,6,1,5,4,0,1,1,1,1785531535
2026-07-31T21:08:45Z,775,5,0,12,1,1,1,1,1,1785532068
2026-07-31T21:08:45Z,776,2,1,18,1,0,1,1,1,1785532021
2026-07-31T21:08:45Z,777,12,3,3,0,0,1,1,1,1785531875
2026-07-31T21:08:45Z,778,12,0,3,4,0,1,1,1,1785531915
2026-07-31T21:08:45Z,779,6,0,12,1,0,1,1,1,1785530910
2026-07-31T21:08:45Z,780,0,0,19,0,0,1,1,1,1785531465
2026-07-31T21:08:45Z,781,3,1,6,2,0,1,1,1,1785531527
2026-07-31T21:08:45Z,782,0,0,15,4,0,1,1,1,1785531449
2026-07-31T21:08:45Z,783,7,2,12,0,0,1,1,1,1785531738
2026-07-31T21:08:45Z,784,3,0,16,0,0,1,1,1,1785532115
2026-07-31T21:08:45Z,785,9,2,4,6,0,1,1,1,1785531774
2026-07-31T21:08:45Z,786,10,5,9,0,0,1,1,1,1785530567
2026-07-31T21:08:45Z,787,4,2,10,1,0,1,1,1,1785531948
2026-07-31T21:08:45Z,788,5,1,10,0,0,1,1,1,1785531168
2026-07-31T21:08:45Z,789,8,2,3,4,0,1,1,1,1785531445
2026-07-31T21:08:45Z,790,3,0,20,0,0,1,1,1,1785531883
2026-07-31T21:08:45Z,791,10,0,8,0,1,1,1,1,1785531498
2026-07-31T21:08:45Z,793,4,0,10,1,0,1,1,1,1785531497
2026-07-31T21:08:45Z,794,11,1,16,2,0,1,1,1,1785532091
2026-07-31T21:08:45Z,796,5,3,13,1,0,1,1,1,1785531647
2026-07-31T21:08:45Z,797,5,2,10,0,0,1,1,1,1785530889
2026-07-31T21:08:45Z,798,18,0,6,1,0,1,1,1,1785532029
2026-07-31T21:08:45Z,799,13,2,2,4,0,1,1,1,1785531343
2026-07-31T21:08:45Z,800,1,0,19,1,0,1,1,1,1785532104
2026-07-31T21:08:45Z,801,3,2,17,1,0,1,1,1,1785531895
2026-07-31T21:08:45Z,802,8,0,23,0,0,1,1,1,1785531612
2026-07-31T21:08:45Z,803,1,0,14,0,0,1,1,1,1785531135
2026-07-31T21:08:45Z,806,0,0,14,1,0,1,1,1,1785530851
2026-07-31T21:08:45Z,807,11,7,12,2,0,1,1,1,1785531856
2026-07-31T21:08:45Z,808,19,7,4,2,0,1,1,1,1785531988
2026-07-31T21:08:45Z,809,4,1,18,1,0,1,1,1,1785531387
2026-07-31T21:08:45Z,810,4,2,13,2,0,1,1,1,1785531792
2026-07-31T21:08:45Z,815,1,1,8,5,1,1,1,1,1785531959
2026-07-31T21:08:45Z,817,15,8,0,0,0,1,1,1,1785531801
2026-07-31T21:08:45Z,818,6,1,17,0,0,1,1,1,1785532013
2026-07-31T21:08:45Z,819,8,4,7,0,0,1,1,1,1785532007
2026-07-31T21:08:45Z,820,9,0,8,0,0,1,1,1,1785530703
2026-07-31T21:08:45Z,821,3,2,12,0,0,1,1,1,1785531465
2026-07-31T21:08:45Z,822,15,0,6,2,0,1,1,1,1785532065
2026-07-31T21:08:45Z,823,15,2,0,0,0,1,1,1,1785531720
2026-07-31T21:08:45Z,824,3,3,16,0,0,1,1,1,1785531885
2026-07-31T21:08:45Z,825,5,4,10,0,0,1,1,1,1785530396
2026-07-31T21:08:45Z,826,7,1,10,2,0,1,1,1,1785531984
2026-07-31T21:08:45Z,827,18,4,1,2,0,1,1,1,1785531900
2026-07-31T21:08:45Z,828,11,1,5,2,0,1,1,1,1785531730
2026-07-31T21:08:45Z,829,17,6,10,0,0,1,1,1,1785530843
2026-07-31T21:08:45Z,830,17,0,5,1,0,1,1,1,1785531850
2026-07-31T21:08:45Z,831,6,3,7,2,0,1,1,1,1785530901
2026-07-31T21:08:45Z,832,8,3,7,3,0,1,1,1,1785531074
2026-07-31T21:08:45Z,833,1,1,17,1,0,1,1,1,1785530821
2026-07-31T21:08:45Z,834,18,0,4,2,0,1,1,1,1785531756
2026-07-31T21:08:45Z,835,2,1,14,2,0,1,1,1,1785532098
2026-07-31T21:08:45Z,838,1,1,12,2,0,1,1,1,1785531654
2026-07-31T21:08:45Z,839,18,0,11,0,0,1,1,1,1785532114
2026-07-31T21:08:45Z,840,0,0,28,1,0,1,1,1,1785530448
2026-07-31T21:08:45Z,841,7,1,8,0,0,1,1,1,1785530887
2026-07-31T21:08:45Z,842,2,0,21,0,0,1,1,1,1785530808
2026-07-31T21:08:45Z,843,13,2,18,0,0,1,1,1,1785531181
2026-07-31T21:08:45Z,844,6,0,17,0,0,1,1,1,1785532116
2026-07-31T21:08:45Z,845,4,3,13,2,0,1,1,1,1785531154
2026-07-31T21:08:45Z,846,3,1,15,1,0,1,1,1,1785532107
2026-07-31T21:08:45Z,847,6,1,20,1,0,1,1,1,1785532013
2026-07-31T21:08:45Z,848,1,1,17,1,0,1,1,1,1785531701
2026-07-31T21:08:45Z,849,8,0,6,1,0,1,1,1,1785531918
2026-07-31T21:08:45Z,850,5,0,6,0,0,1,1,1,1785532004
2026-07-31T21:08:45Z,851,4,3,30,3,0,1,1,1,1785531511
2026-07-31T21:08:45Z,852,9,3,10,0,0,1,1,1,1785530836
2026-07-31T21:08:45Z,853,11,5,12,0,0,1,1,1,1785531812
2026-07-31T21:08:45Z,854,2,1,13,0,0,1,1,1,1785531769
2026-07-31T21:08:45Z,855,27,0,0,0,0,1,1,1,1785531482
2026-07-31T21:08:45Z,857,5,5,12,2,0,1,1,1,1785531920
2026-07-31T21:08:45Z,858,5,2,13,1,0,1,1,1,1785531559
2026-07-31T21:08:45Z,859,8,0,12,1,0,1,1,1,1785531749
2026-07-31T21:08:45Z,861,6,0,4,1,0,1,1,1,1785528609
2026-07-31T21:08:45Z,862,4,2,11,0,0,1,1,1,1785530930
2026-07-31T21:08:45Z,863,13,0,5,1,0,1,1,1,1785529013
2026-07-31T21:08:45Z,866,12,3,7,0,0,1,1,1,1785531309
2026-07-31T21:08:45Z,867,14,2,1,0,0,1,1,1,1785530532
2026-07-31T21:08:45Z,868,7,0,8,0,0,1,1,1,1785530783
2026-07-31T21:08:45Z,870,9,5,6,0,0,1,1,1,1785531011
2026-07-31T21:08:45Z,871,0,0,10,1,0,1,1,1,1785530338
2026-07-31T21:08:45Z,872,1,0,13,1,0,1,1,1,1785532029
2026-07-31T21:08:45Z,873,12,0,20,1,0,1,1,1,1785532064
2026-07-31T21:08:45Z,874,4,0,8,3,0,1,1,1,1785531056
2026-07-31T21:08:45Z,875,13,9,1,1,0,1,1,1,1785532038
2026-07-31T21:08:45Z,877,13,12,6,0,0,1,1,1,1785530606
2026-07-31T21:08:45Z,878,3,3,16,0,0,1,1,1,1785531181
2026-07-31T21:08:45Z,879,2,0,17,0,0,1,1,1,1785532030
2026-07-31T21:08:45Z,880,1,0,21,1,0,1,1,1,1785532036
2026-07-31T21:08:45Z,881,3,0,16,0,0,1,1,1,1785531042
2026-07-31T21:08:45Z,882,9,4,9,1,0,1,1,1,1785513298
2026-07-31T21:08:45Z,883,4,1,15,0,0,1,1,1,1785531237
2026-07-31T21:08:45Z,884,10,6,11,0,0,1,1,1,1785530626
2026-07-31T21:08:45Z,885,0,0,19,0,0,1,1,1,1785530842
2026-07-31T21:08:45Z,886,8,2,20,1,0,1,1,1,1785531913
2026-07-31T21:08:45Z,887,9,4,5,3,0,1,1,1,1785531584
2026-07-31T21:08:45Z,888,1,0,38,1,1,1,1,1,1785532068
2026-07-31T21:08:45Z,889,1,0,16,2,0,1,1,1,1785531863
2026-07-31T21:08:45Z,890,8,4,7,0,0,1,1,1,1785527402
2026-07-31T21:08:45Z,891,20,0,2,1,0,1,1,1,1785531751
2026-07-31T21:08:45Z,892,11,1,4,0,0,1,1,1,1785530978
2026-07-31T21:08:45Z,895,3,0,16,0,0,1,1,1,1785527858
2026-07-31T21:08:45Z,896,9,2,26,0,0,1,1,1,1785531842
2026-07-31T21:08:45Z,897,14,1,7,0,0,1,1,1,1785531957
2026-07-31T21:08:45Z,898,2,0,17,0,0,1,1,1,1785530831
2026-07-31T21:08:45Z,899,5,1,13,1,0,1,1,1,1785531806
2026-07-31T21:08:45Z,900,6,0,21,0,0,1,1,1,1785532082
2026-07-31T21:08:45Z,901,1,0,17,1,0,1,1,1,1785531530
2026-07-31T21:08:45Z,902,7,1,8,0,0,1,1,1,1785531964
2026-07-31T21:08:45Z,903,7,2,11,1,0,1,1,1,1785532054
2026-07-31T21:08:45Z,904,10,4,8,1,0,1,1,1,1785531161
2026-07-31T21:08:45Z,905,10,2,16,1,0,1,1,1,1785532038
2026-07-31T21:08:45Z,906,16,6,10,1,0,1,1,1,1785531989
2026-07-31T21:08:45Z,907,10,1,21,0,0,1,1,1,1785532059
2026-07-31T21:08:45Z,908,9,1,14,0,0,1,1,1,1785531174
2026-07-31T21:08:45Z,909,9,9,14,0,0,1,1,1,1785531883
2026-07-31T21:08:45Z,910,10,0,18,3,0,1,1,1,1785532113
2026-07-31T21:08:45Z,911,4,1,15,0,0,1,1,1,1785530691
2026-07-31T21:08:45Z,912,5,1,17,1,0,1,1,1,1785531835
2026-07-31T21:08:45Z,913,7,4,12,0,0,1,1,1,1785531688
2026-07-31T21:08:45Z,914,14,0,4,1,0,1,1,1,1785532028
2026-07-31T21:08:45Z,915,15,0,6,2,0,1,1,1,1785531998
2026-07-31T21:08:45Z,916,3,0,20,0,0,1,1,1,1785531964
2026-07-31T21:08:45Z,917,10,0,24,1,0,1,1,1,1785532116
2026-07-31T21:08:45Z,918,6,0,11,2,0,1,1,1,1785531882
2026-07-31T21:08:45Z,919,17,0,21,1,0,1,1,1,1785532057
2026-07-31T21:08:45Z,920,7,2,12,0,0,1,1,1,1785531470
2026-07-31T21:08:45Z,921,14,1,7,0,0,1,1,1,1785530908
2026-07-31T21:08:45Z,922,2,1,19,0,0,1,1,1,1785531705
2026-07-31T21:08:45Z,923,1,0,18,0,0,1,1,1,1785531851
2026-07-31T21:08:45Z,924,5,0,15,1,0,1,1,1,1785531862
2026-07-31T21:08:45Z,925,11,0,10,0,0,1,1,1,1785531366
2026-07-31T21:08:45Z,926,1,0,20,0,0,1,1,1,1785531446
2026-07-31T21:08:45Z,927,31,4,3,1,0,1,1,1,1785532006
2026-07-31T21:08:45Z,928,0,0,19,0,0,0,1,1,1785500252
2026-07-31T21:08:45Z,929,20,0,3,0,0,1,1,1,1785532115
2026-07-31T21:08:45Z,930,8,0,22,1,0,1,1,1,1785531161
2026-07-31T21:08:45Z,931,4,2,18,1,0,1,1,1,1785532098
2026-07-31T21:08:45Z,932,4,0,13,2,0,1,1,1,1785532081
2026-07-31T21:08:45Z,933,21,1,1,1,0,1,1,1,1785532111
2026-07-31T21:08:45Z,934,21,0,9,1,0,1,1,1,1785532089
2026-07-31T21:08:45Z,935,4,0,14,1,0,1,1,1,1785531981
2026-07-31T21:08:45Z,936,9,0,10,0,0,1,1,1,1785531429
2026-07-31T21:08:45Z,940,2,1,8,1,0,1,1,1,1785530273
2026-07-31T21:08:45Z,941,17,1,5,3,0,1,1,1,1785531659
2026-07-31T21:08:45Z,942,18,1,3,0,0,1,1,1,1785531956
2026-07-31T21:08:45Z,943,8,8,7,0,0,1,1,1,1785531002
2026-07-31T21:08:45Z,944,10,8,5,0,0,1,1,1,1785530848
2026-07-31T21:08:45Z,945,10,8,5,0,0,1,1,1,1785530372
2026-07-31T21:08:45Z,946,7,5,12,0,0,1,1,1,1785523835
2026-07-31T21:08:45Z,947,7,5,10,0,0,1,1,1,1785530869
2026-07-31T21:08:45Z,948,14,11,13,4,0,1,1,1,1785531861
2026-07-31T21:08:45Z,949,4,3,10,1,0,1,1,1,1785531997
2026-07-31T21:08:45Z,950,4,1,11,2,0,1,1,1,1785531741
2026-07-31T21:08:45Z,951,19,6,4,0,0,1,1,1,1785532011
2026-07-31T21:08:45Z,952,24,0,30,1,0,1,1,1,1785532071
2026-07-31T21:08:45Z,953,2,0,12,1,0,1,1,1,1785531940
2026-07-31T21:08:45Z,954,8,0,11,0,0,1,1,1,1785531402
2026-07-31T21:08:45Z,955,7,4,14,6,0,1,1,1,1785532069
2026-07-31T21:08:45Z,956,11,0,11,1,0,1,1,1,1785532094
2026-07-31T21:08:45Z,957,12,0,17,0,0,1,1,1,1785532008
2026-07-31T21:08:45Z,958,27,0,2,2,0,1,1,1,1785532102
2026-07-31T21:08:45Z,959,2,1,20,1,0,1,1,1,1785532114
2026-07-31T21:08:45Z,960,6,2,17,0,0,1,1,1,1785531974
2026-07-31T21:08:45Z,961,4,1,16,3,0,1,1,1,1785531815
2026-07-31T21:08:45Z,962,8,3,24,3,0,1,1,1,1785532038
2026-07-31T21:08:45Z,963,8,0,14,1,0,1,1,1,1785531910
2026-07-31T21:08:45Z,964,10,7,13,0,0,1,1,1,1785531956
2026-07-31T21:08:45Z,965,11,6,15,1,0,1,1,1,1785531542
2026-07-31T21:08:45Z,966,10,0,19,2,0,1,1,1,1785531735
2026-07-31T21:08:45Z,967,8,1,11,2,0,1,1,1,1785531636
2026-07-31T21:08:45Z,968,13,0,5,1,0,1,1,1,1785531436
2026-07-31T21:08:45Z,969,0,0,25,2,0,1,1,1,1785531344
2026-07-31T21:08:45Z,970,3,0,15,1,0,1,1,1,1785531981
2026-07-31T21:08:45Z,971,5,0,17,1,0,1,1,1,1785531769
2026-07-31T21:08:45Z,972,12,4,10,1,0,1,1,1,1785530884
2026-07-31T21:08:45Z,973,5,0,17,1,0,1,1,1,1785531871
2026-07-31T21:08:45Z,974,11,0,16,0,0,1,1,1,1785532078
2026-07-31T21:08:45Z,977,3,0,16,2,0,1,1,1,1785531124
2026-07-31T21:08:45Z,978,19,0,4,0,0,1,1,1,1785532033
2026-07-31T21:08:45Z,979,2,1,15,0,0,1,1,1,1785531479
2026-07-31T21:08:45Z,980,9,2,11,1,0,1,1,1,1785532099
2026-07-31T21:08:45Z,981,7,0,14,0,0,1,1,1,1785531741
2026-07-31T21:08:45Z,982,4,1,14,1,0,1,1,1,1785530924
2026-07-31T21:08:45Z,983,2,2,21,0,0,1,1,1,1785531897
2026-07-31T21:08:45Z,984,6,0,17,0,0,1,1,1,1785531165
2026-07-31T21:08:45Z,985,7,2,24,0,0,1,1,1,1785532095
2026-07-31T21:08:45Z,986,3,0,16,0,0,1,1,1,1785530926
2026-07-31T21:08:45Z,987,7,1,16,0,0,1,1,1,1785531503
2026-07-31T21:08:45Z,988,7,4,12,0,0,1,1,1,1785531096
2026-07-31T21:08:45Z,989,7,4,12,0,0,1,1,1,1785531894
2026-07-31T21:08:45Z,990,12,0,2,1,0,1,1,1,1785531091
2026-07-31T21:08:45Z,991,9,0,9,1,0,1,1,1,1785530831
2026-07-31T21:08:45Z,992,9,5,14,0,0,1,1,1,1785531718
2026-07-31T21:08:45Z,993,6,4,20,1,0,1,1,1,1785531992
2026-07-31T21:08:45Z,994,0,0,21,0,0,1,1,1,1785531963
2026-07-31T21:08:45Z,995,6,0,21,0,0,1,1,1,1785531172
2026-07-31T21:08:45Z,996,8,2,15,0,0,1,1,1,1785531005
2026-07-31T21:08:45Z,997,5,4,6,9,3,1,1,1,1785531647
2026-07-31T21:08:45Z,998,5,4,18,0,0,1,1,1,1785531262
2026-07-31T21:08:45Z,999,4,1,15,1,1,1,1,1,1785531128
2026-07-31T21:08:45Z,1000,0,0,21,0,0,1,1,1,1785531806
2026-07-31T21:08:45Z,1001,5,3,22,0,0,1,1,1,1785531326
2026-07-31T21:08:45Z,1002,3,2,27,1,0,1,1,1,1785531799
2026-07-31T21:08:45Z,1003,1,0,22,0,0,1,1,1,1785530900
2026-07-31T21:08:45Z,1004,9,2,14,0,0,1,1,1,1785530383
2026-07-31T21:08:45Z,1005,20,1,3,0,0,1,1,1,1785531090
2026-07-31T21:08:45Z,1006,8,4,11,0,0,1,1,1,1785531368
2026-07-31T21:08:45Z,1007,1,1,20,0,0,1,1,1,1785530541
2026-07-31T21:08:45Z,1008,8,7,15,0,0,1,1,1,1785531894
2026-07-31T21:08:45Z,1009,22,5,8,1,0,1,1,1,1785531804
2026-07-31T21:08:45Z,1010,8,2,19,0,0,1,1,1,1785530801
2026-07-31T21:08:45Z,1011,7,2,10,2,0,1,1,1,1785531268
2026-07-31T21:08:45Z,1012,5,3,16,2,0,1,1,1,1785530862
2026-07-31T21:08:45Z,1013,4,1,18,1,0,1,1,1,1785531422
2026-07-31T21:08:45Z,1014,8,4,15,0,0,1,1,1,1785531770
2026-07-31T21:08:45Z,1015,4,3,26,1,0,1,1,1,1785531733
2026-07-31T21:08:45Z,1016,10,5,21,0,0,1,1,1,1785530811
2026-07-31T21:08:45Z,1017,13,5,8,0,0,1,1,1,1785532071
2026-07-31T21:08:45Z,1018,6,2,16,0,0,1,1,1,1785531387
2026-07-31T21:08:45Z,1019,8,5,7,0,0,1,1,1,1785530808
2026-07-31T21:08:45Z,1020,19,5,2,0,0,1,1,1,1785531937
2026-07-31T21:08:45Z,1021,9,4,6,0,0,1,1,1,1785531609
2026-07-31T21:08:45Z,1022,14,0,13,0,0,1,1,1,1785531073
2026-07-31T21:08:45Z,1023,14,2,9,0,0,1,1,1,1785530695
2026-07-31T21:08:45Z,1024,4,2,15,0,0,1,1,1,1785531662
2026-07-31T21:08:45Z,1025,4,0,14,0,1,1,1,1,1785531053
2026-07-31T21:08:45Z,1026,12,9,18,1,0,1,1,1,1785531983
2026-07-31T21:08:45Z,1028,3,1,20,0,0,1,1,1,1785531035
2026-07-31T21:08:45Z,1029,12,10,3,0,0,1,1,1,1785531918
2026-07-31T21:08:45Z,1030,13,4,10,0,0,1,1,1,1785531731
2026-07-31T21:08:45Z,1031,9,1,10,0,0,1,1,1,1785532039
2026-07-31T21:08:45Z,1032,7,1,12,0,0,1,1,1,1785530895
2026-07-31T21:08:45Z,1033,9,5,10,0,0,1,1,1,1785531719
2026-07-31T21:08:45Z,1034,3,0,12,0,0,1,1,1,1785530877
2026-07-31T21:08:45Z,1035,0,0,18,1,0,1,1,1,1785531263
2026-07-31T21:08:45Z,1036,13,0,2,0,0,1,1,1,1785531459
2026-07-31T21:08:45Z,1037,0,0,18,1,0,1,1,1,1785531434
2026-07-31T21:08:45Z,1038,1,0,14,0,0,1,1,1,1785530567
2026-07-31T21:08:45Z,1039,8,1,11,0,0,1,1,1,1785531533
2026-07-31T21:08:45Z,1040,6,5,13,0,0,1,1,1,1785531152
2026-07-31T21:08:45Z,1041,10,2,9,0,0,1,1,1,1785530815
2026-07-31T21:08:45Z,1042,2,0,12,1,0,1,1,1,1785530900
2026-07-31T21:08:45Z,1043,9,5,9,1,0,1,1,1,1785531775
2026-07-31T21:08:45Z,1044,1,0,14,0,0,1,1,1,1785532101
2026-07-31T21:08:45Z,1045,9,0,10,0,0,1,1,1,1785530878
2026-07-31T21:08:45Z,1046,9,0,6,0,0,1,1,1,1785532062
2026-07-31T21:08:45Z,1047,4,0,17,0,0,1,1,1,1785531665
2026-07-31T21:08:45Z,1048,1,0,18,0,0,1,1,1,1785530857
2026-07-31T21:08:45Z,1049,0,0,21,0,0,1,1,1,1785530961
2026-07-31T21:08:45Z,1050,18,5,3,0,0,1,1,1,1785532063
2026-07-31T21:08:45Z,1051,8,3,13,0,0,1,1,1,1785531934
2026-07-31T21:08:45Z,1052,16,1,5,1,0,1,1,1,1785530753
2026-07-31T21:08:45Z,1053,2,1,13,0,0,1,1,1,1785531738
2026-07-31T21:08:45Z,1054,5,1,10,0,0,1,1,1,1785531007
2026-07-31T21:08:45Z,1055,9,2,10,0,0,1,1,1,1785531026
2026-07-31T21:08:45Z,1057,10,2,9,0,0,1,1,1,1785531991
2026-07-31T21:08:45Z,1058,17,2,39,0,0,1,1,1,1785532013
2026-07-31T21:08:45Z,1059,1,1,17,1,0,1,1,1,1785531881
2026-07-31T21:08:45Z,1060,16,0,21,0,0,1,1,1,1785532011
2026-07-31T21:08:45Z,1061,20,0,17,0,0,1,1,1,1785532044
2026-07-31T21:08:45Z,1062,8,1,9,0,0,1,1,1,1785531946
2026-07-31T21:08:45Z,1063,12,1,6,1,0,1,1,1,1785530938
2026-07-31T21:08:45Z,1064,3,0,19,1,0,1,1,1,1785531305
2026-07-31T21:08:45Z,1065,16,3,7,0,0,1,1,1,1785531551
2026-07-31T21:08:45Z,1066,12,2,11,0,0,1,1,1,1785531370
2026-07-31T21:08:45Z,1067,8,2,13,2,0,1,1,1,1785531646
2026-07-31T21:08:45Z,1068,5,2,15,3,0,1,1,1,1785531181
2026-07-31T21:08:45Z,1069,12,3,11,0,0,1,1,1,1785531184
2026-07-31T21:08:45Z,1070,12,2,11,0,0,1,1,1,1785531285
2026-07-31T21:08:45Z,1071,8,4,15,0,0,1,1,1,1785531322
2026-07-31T21:08:45Z,1072,11,1,11,1,0,1,1,1,1785531732
2026-07-31T21:08:45Z,1073,5,0,21,1,0,1,1,1,1785531444
2026-07-31T21:08:45Z,1074,45,5,5,3,0,1,1,1,1785532115
2026-07-31T21:08:45Z,1075,7,7,14,0,0,1,1,1,1785532032
2026-07-31T21:08:45Z,1076,13,10,8,0,0,1,1,1,1785531955
2026-07-31T21:08:45Z,1077,11,7,9,1,0,1,1,1,1785531596
2026-07-31T21:08:45Z,1078,10,9,11,0,0,1,1,1,1785531991
2026-07-31T21:08:45Z,1079,13,9,8,0,0,1,1,1,1785530998
2026-07-31T21:08:45Z,1080,11,8,8,2,0,1,1,1,1785531966
2026-07-31T21:08:45Z,1081,13,7,6,0,0,1,1,1,1785531724
2026-07-31T21:08:45Z,1082,11,10,12,0,0,1,1,1,1785531865
2026-07-31T21:08:45Z,1083,12,10,9,0,0,1,1,1,1785531832
2026-07-31T21:08:45Z,1084,7,5,14,0,0,1,1,1,1785532093
2026-07-31T21:08:45Z,1085,12,9,9,0,0,1,1,1,1785530645
2026-07-31T21:08:45Z,1086,12,10,8,1,0,1,1,1,1785531496
2026-07-31T21:08:45Z,1087,6,6,9,0,0,1,1,1,1785531976
2026-07-31T21:08:45Z,1088,10,7,5,0,0,1,1,1,1785530938
2026-07-31T21:08:45Z,1089,7,3,8,0,0,1,1,1,1785529453
2026-07-31T21:08:45Z,1090,7,6,8,0,0,1,1,1,1785531688
2026-07-31T21:08:45Z,1091,7,5,8,0,0,1,1,1,1785531889
2026-07-31T21:08:45Z,1092,9,8,6,0,0,1,1,1,1785532054
2026-07-31T21:08:45Z,1093,5,5,9,1,0,1,1,1,1785531962
2026-07-31T21:08:45Z,1094,10,9,9,0,0,1,1,1,1785530889
2026-07-31T21:08:45Z,1095,10,8,5,0,0,1,1,1,1785531062
2026-07-31T21:08:45Z,1096,10,8,8,1,0,1,1,1,1785531264
2026-07-31T21:08:45Z,1097,8,8,7,0,0,1,1,1,1785531457
2026-07-31T21:08:45Z,1098,9,7,10,0,0,1,1,1,1785530494
2026-07-31T21:08:45Z,1099,7,6,8,0,0,1,1,1,1785530724
2026-07-31T21:08:45Z,1100,5,3,23,1,0,1,1,1,1785530760
2026-07-31T21:08:45Z,1101,10,5,11,0,0,1,1,1,1785530650
2026-07-31T21:08:45Z,1102,9,4,4,0,0,1,1,1,1785531668
2026-07-31T21:08:45Z,1103,11,5,10,0,0,1,1,1,1785503681
2026-07-31T21:08:45Z,1104,11,6,10,0,0,1,1,1,1785530400
2026-07-31T21:08:45Z,1105,8,4,5,0,0,1,1,1,1785531551
2026-07-31T21:08:45Z,1106,10,5,11,0,0,1,1,1,1785530741
2026-07-31T21:08:45Z,1107,9,5,6,0,0,1,1,1,1785530987
2026-07-31T21:08:45Z,1108,8,4,16,2,1,1,1,1,1785531581
2026-07-31T21:08:45Z,1109,7,3,8,0,0,1,1,1,1785531270
2026-07-31T21:08:45Z,1110,12,4,9,0,0,1,1,1,1785532080
2026-07-31T21:08:45Z,1111,11,5,9,1,0,1,1,1,1785531978
2026-07-31T21:08:45Z,1112,23,0,30,0,0,1,1,1,1785532114
2026-07-31T21:08:45Z,1113,1,0,20,0,0,1,1,1,1785531999
2026-07-31T21:08:45Z,1115,12,1,7,4,0,1,1,1,1785531482
2026-07-31T21:08:45Z,1116,2,0,17,0,0,1,1,1,1785530915
2026-07-31T21:08:45Z,1117,2,0,19,2,0,1,1,1,1785531836
2026-07-31T21:08:45Z,1118,14,2,7,0,0,1,1,1,1785532081
2026-07-31T21:08:45Z,1119,10,2,7,0,0,1,1,1,1785531907
2026-07-31T21:08:45Z,1120,7,1,11,1,0,1,1,1,1785531735
2026-07-31T21:08:45Z,1121,3,0,17,1,0,1,1,1,1785530938
2026-07-31T21:08:45Z,1122,5,1,15,1,0,1,1,1,1785532068
2026-07-31T21:08:45Z,1123,11,8,10,2,0,1,1,1,1785531839
2026-07-31T21:08:45Z,1124,2,1,11,2,0,1,1,1,1785531809
2026-07-31T21:08:45Z,1125,16,1,7,0,0,1,1,1,1785531959
2026-07-31T21:08:45Z,1126,11,0,10,0,0,1,1,1,1785532045
2026-07-31T21:08:45Z,1127,2,2,17,0,0,1,1,1,1785532019
2026-07-31T21:08:45Z,1128,1,0,14,0,0,1,1,1,1785530884
2026-07-31T21:08:45Z,1129,2,1,17,2,0,1,1,1,1785530970
2026-07-31T21:08:45Z,1130,6,1,8,1,0,1,1,1,1785531590
2026-07-31T21:08:45Z,1131,3,1,45,1,0,1,1,1,1785531965
2026-07-31T21:08:45Z,1132,10,4,10,1,0,1,1,1,1785530564
2026-07-31T21:08:45Z,1133,8,6,9,4,0,1,1,1,1785531950
2026-07-31T21:08:45Z,1134,12,6,7,0,0,1,1,1,1785531710
2026-07-31T21:08:45Z,1135,12,6,9,0,0,1,1,1,1785530545
2026-07-31T21:08:45Z,1136,13,0,9,1,0,1,1,1,1785531790
2026-07-31T21:08:45Z,1137,13,0,2,0,0,1,1,1,1785530801
2026-07-31T21:08:45Z,1138,4,1,15,0,0,1,1,1,1785531248
2026-07-31T21:08:45Z,1139,13,2,6,2,0,1,1,1,1785532093
2026-07-31T21:08:45Z,1140,3,1,18,2,0,1,1,1,1785531614
2026-07-31T21:08:45Z,1141,10,5,11,0,0,1,1,1,1785531943
2026-07-31T21:08:45Z,1142,0,0,21,0,0,1,1,1,1785531556
2026-07-31T21:08:45Z,1143,21,0,8,0,0,1,1,1,1785532090
2026-07-31T21:08:45Z,1144,6,0,14,1,0,1,1,1,1785531979
2026-07-31T21:08:45Z,1145,11,5,9,1,0,1,1,1,1785531322
2026-07-31T21:08:45Z,1146,11,11,5,3,0,1,1,1,1785531857
2026-07-31T21:08:45Z,1147,13,1,6,0,0,1,1,1,1785532095
2026-07-31T21:08:45Z,1148,9,2,22,0,0,1,1,1,1785531715
2026-07-31T21:08:45Z,1149,4,3,16,5,0,1,1,1,1785531852
2026-07-31T21:08:45Z,1150,10,0,9,0,0,1,1,1,1785532111
2026-07-31T21:08:45Z,1151,7,0,14,0,0,1,1,1,1785531575
2026-07-31T21:08:45Z,1152,6,0,23,0,0,1,1,1,1785531176
2026-07-31T21:08:45Z,1153,22,2,0,1,0,1,1,1,1785531544
2026-07-31T21:08:45Z,1154,3,0,16,0,0,1,1,1,1785530310
2026-07-31T21:08:45Z,1155,5,2,13,3,0,1,1,1,1785531882
2026-07-31T21:08:45Z,1158,3,1,16,0,0,1,1,1,1785530800
2026-07-31T21:08:45Z,1159,12,0,7,0,0,1,1,1,1785531162
2026-07-31T21:08:45Z,1160,9,2,10,0,0,1,1,1,1785531091
2026-07-31T21:08:45Z,1161,3,0,15,1,0,1,1,1,1785531296
2026-07-31T21:08:45Z,1162,2,1,17,0,0,1,1,1,1785531552
2026-07-31T21:08:45Z,1163,2,1,16,1,0,1,1,1,1785530920
2026-07-31T21:08:45Z,1164,5,1,14,0,0,1,1,1,1785530976
2026-07-31T21:08:45Z,1165,1,0,20,0,0,1,1,1,1785531721
2026-07-31T21:08:45Z,1166,13,3,7,1,0,1,1,1,1785531781
2026-07-31T21:08:45Z,1167,4,0,11,0,0,1,1,1,1785530649
2026-07-31T21:08:45Z,1168,3,0,18,2,0,1,1,1,1785531212
2026-07-31T21:08:45Z,1169,3,0,15,1,0,1,1,1,1785530821
2026-07-31T21:08:45Z,1170,7,1,14,0,0,1,1,1,1785531218
2026-07-31T21:08:45Z,1171,9,8,14,0,0,1,1,1,1785530920
2026-07-31T21:08:45Z,1172,3,0,10,2,0,1,1,1,1785530968
2026-07-31T21:08:45Z,1173,13,4,6,0,0,1,1,1,1785531081
2026-07-31T21:08:45Z,1174,6,3,9,0,0,1,1,1,1785530725
2026-07-31T21:08:45Z,1175,5,3,14,0,0,1,1,1,1785531043
2026-07-31T21:08:45Z,1176,8,2,13,0,0,1,1,1,1785530305
2026-07-31T21:08:45Z,1177,3,1,18,0,0,1,1,1,1785532053
2026-07-31T21:08:45Z,1178,5,2,10,0,0,1,1,1,1785530649
2026-07-31T21:08:45Z,1181,11,0,4,0,0,1,1,1,1785531977
2026-07-31T21:08:45Z,1182,17,1,2,1,0,1,1,1,1785532060
2026-07-31T21:08:45Z,1183,21,0,22,2,0,1,1,1,1785532057
2026-07-31T21:08:45Z,1184,1,0,18,2,0,1,1,1,1785531467
2026-07-31T21:08:45Z,1185,9,5,12,0,0,1,1,1,1785530372
2026-07-31T21:08:45Z,1186,9,5,10,0,0,1,1,1,1785531350
2026-07-31T21:08:45Z,1187,10,5,10,1,0,1,1,1,1785531590
2026-07-31T21:08:45Z,1188,10,5,5,0,0,1,1,1,1785530984
2026-07-31T21:08:45Z,1189,9,4,10,0,0,1,1,1,1785531114
2026-07-31T21:08:45Z,1190,9,4,12,0,0,1,1,1,1785530528
2026-07-31T21:08:45Z,1191,10,5,5,0,0,1,1,1,1785530988
2026-07-31T21:08:45Z,1192,11,7,9,1,0,1,1,1,1785530892
2026-07-31T21:08:45Z,1193,6,4,5,2,0,1,1,1,1785531751
2026-07-31T21:08:45Z,1197,9,6,7,1,0,1,1,1,1785531769
2026-07-31T21:08:45Z,1198,13,4,6,2,0,1,1,1,1785531419
2026-07-31T21:08:45Z,1199,3,0,16,0,0,1,1,1,1785531407
2026-07-31T21:08:45Z,1200,9,5,6,0,0,1,1,1,1785531025
2026-07-31T21:08:45Z,1201,9,4,6,0,0,1,1,1,1785531000
2026-07-31T21:08:45Z,1202,10,5,5,0,0,1,1,1,1785531102
2026-07-31T21:08:45Z,1203,11,5,4,0,0,1,1,1,1785531006
2026-07-31T21:08:45Z,1204,7,4,12,0,0,1,1,1,1785530781
2026-07-31T21:08:45Z,1206,11,5,10,0,0,1,1,1,1785531836
2026-07-31T21:08:45Z,1207,8,4,6,1,0,1,1,1,1785531318
2026-07-31T21:08:45Z,1208,10,4,9,0,0,1,1,1,1785531262
2026-07-31T21:08:45Z,1216,9,0,11,1,0,1,1,1,1785532051
2026-07-31T21:08:45Z,1218,4,0,17,0,0,1,1,1,1785530633
2026-07-31T21:08:45Z,1219,3,1,9,3,0,1,1,1,1785531742
2026-07-31T21:08:45Z,1220,17,6,2,0,0,1,1,1,1785532089
2026-07-31T21:08:45Z,1221,1,1,19,1,0,1,1,1,1785531801
2026-07-31T21:08:45Z,1222,14,2,15,0,0,1,1,1,1785532001
2026-07-31T21:08:45Z,1223,26,0,2,1,0,1,1,1,1785532112
2026-07-31T21:08:45Z,1226,0,0,3,0,0,0,1,1,1781868931
2026-07-31T21:08:45Z,1227,5,0,19,1,0,1,1,1,1785531138
2026-07-31T21:08:45Z,1228,4,4,25,0,0,1,1,1,1785531998
2026-07-31T21:08:45Z,1229,44,2,0,1,0,1,1,1,1785532087
2026-07-31T21:13:45Z,1,7,0,16,0,0,1,1,1,1785532224
2026-07-31T21:13:45Z,2,16,0,8,3,0,1,1,1,1785531849
2026-07-31T21:13:45Z,3,8,0,5,1,0,1,1,1,1785532295
2026-07-31T21:13:45Z,4,21,0,0,1,0,1,1,1,1785532230
2026-07-31T21:13:45Z,5,16,3,5,2,0,1,1,1,1785530181
2026-07-31T21:13:45Z,6,4,0,11,0,0,1,1,1,1785531804
2026-07-31T21:13:45Z,7,5,0,34,0,0,1,1,1,1785532293
2026-07-31T21:13:45Z,8,10,0,33,0,0,1,1,1,1785532179
2026-07-31T21:13:45Z,9,14,1,8,1,0,1,1,1,1785532122
2026-07-31T21:13:45Z,10,1,0,20,2,0,1,1,1,1785531328
2026-07-31T21:13:45Z,11,5,0,12,2,0,1,1,1,1785532057
2026-07-31T21:13:45Z,12,20,0,3,0,0,1,1,1,1785532202
2026-07-31T21:13:45Z,13,9,1,21,0,0,1,1,1,1785532346
2026-07-31T21:13:45Z,14,39,0,3,0,1,1,1,1,1785532122
2026-07-31T21:13:45Z,15,15,0,0,0,0,1,1,1,1785530434
2026-07-31T21:13:45Z,16,4,1,20,2,1,1,1,1,1785531841
2026-07-31T21:13:45Z,17,9,1,17,1,0,1,1,1,1785532382
2026-07-31T21:13:45Z,18,5,0,11,2,0,1,1,1,1785532127
2026-07-31T21:13:45Z,19,11,2,13,3,0,1,1,1,1785532381
2026-07-31T21:13:45Z,20,15,2,20,0,0,1,1,1,1785532088
2026-07-31T21:13:45Z,21,10,0,7,2,0,1,1,1,1785532385
2026-07-31T21:13:45Z,22,24,0,41,0,0,1,1,1,1785532392
2026-07-31T21:13:45Z,23,16,6,13,2,0,1,1,1,1785532159
2026-07-31T21:13:45Z,24,7,1,3,1,0,1,1,1,1785532416
2026-07-31T21:13:45Z,25,76,3,3,2,0,1,1,1,1785532340
2026-07-31T21:13:45Z,26,25,1,2,0,0,1,1,1,1785532043
2026-07-31T21:13:45Z,28,11,1,4,0,0,1,1,1,1785532110
2026-07-31T21:13:45Z,30,12,0,15,2,0,1,1,1,1785532414
2026-07-31T21:13:45Z,31,14,1,3,2,0,1,1,1,1785532237
2026-07-31T21:13:45Z,32,7,4,20,0,0,1,1,1,1785532276
2026-07-31T21:13:45Z,34,15,0,21,1,0,1,1,1,1785532155
2026-07-31T21:13:45Z,35,20,0,27,0,0,1,1,1,1785532416
2026-07-31T21:13:45Z,36,0,0,0,0,0,0,1,1,86400
2026-07-31T21:13:45Z,37,12,2,11,0,0,1,1,1,1785532412
2026-07-31T21:13:45Z,38,5,0,18,0,0,1,1,1,1785532368
2026-07-31T21:13:45Z,39,18,3,21,0,0,1,1,1,1785532242
2026-07-31T21:13:45Z,40,7,0,14,0,0,1,1,1,1785532381
2026-07-31T21:13:45Z,41,30,0,13,0,0,1,1,1,1785532044
2026-07-31T21:13:45Z,42,5,2,25,1,0,1,1,1,1785531638
2026-07-31T21:13:45Z,43,10,0,13,0,0,1,1,1,1785532026
2026-07-31T21:13:45Z,45,11,0,18,0,0,1,1,1,1785531861
2026-07-31T21:13:45Z,46,0,0,28,3,0,1,1,1,1785532361
2026-07-31T21:13:45Z,47,1,0,13,1,0,1,1,1,1785532389
2026-07-31T21:13:45Z,48,19,0,8,0,0,1,1,1,1785532334
2026-07-31T21:13:45Z,49,0,0,19,4,0,1,1,1,1785532416
2026-07-31T21:13:45Z,50,5,4,13,1,0,1,1,1,1785532330
2026-07-31T21:13:45Z,51,49,0,28,0,0,1,1,1,1785532263
2026-07-31T21:13:45Z,52,4,1,20,3,0,1,1,1,1785532348
2026-07-31T21:13:45Z,55,15,1,8,0,0,1,1,1,1785532297
2026-07-31T21:13:45Z,56,17,0,26,0,0,1,1,1,1785532372
2026-07-31T21:13:45Z,57,9,0,18,0,0,1,1,1,1785532250
2026-07-31T21:13:45Z,58,0,0,28,0,0,1,1,1,1785532323
2026-07-31T21:13:45Z,59,0,0,25,2,0,1,1,1,1785532351
2026-07-31T21:13:45Z,61,34,0,5,0,0,1,1,1,1785532392
2026-07-31T21:13:45Z,62,21,17,27,1,0,1,1,1,1785532319
2026-07-31T21:13:45Z,63,15,1,4,0,0,1,1,1,1785532384
2026-07-31T21:13:45Z,64,12,1,3,4,0,1,1,1,1785530968
2026-07-31T21:13:45Z,65,8,4,10,1,0,1,1,1,1785530131
2026-07-31T21:13:45Z,67,27,0,12,0,0,1,1,1,1785532409
2026-07-31T21:13:45Z,68,35,1,1,1,0,1,1,1,1785531763
2026-07-31T21:13:45Z,69,4,0,11,0,0,1,1,1,1785532166
2026-07-31T21:13:45Z,71,16,0,8,3,0,1,1,1,1785532344
2026-07-31T21:13:45Z,72,28,5,0,2,1,1,1,1,1785532270
2026-07-31T21:13:45Z,73,8,0,23,0,0,1,1,1,1785532378
2026-07-31T21:13:45Z,74,2,0,17,0,0,1,1,1,1785532348
2026-07-31T21:13:45Z,75,12,0,19,1,0,1,1,1,1785532397
2026-07-31T21:13:45Z,76,7,0,11,1,0,1,1,1,1785532409
2026-07-31T21:13:45Z,77,1,0,26,0,0,1,1,1,1785532051
2026-07-31T21:13:45Z,78,3,2,20,0,0,1,1,1,1785532415
2026-07-31T21:13:45Z,79,0,0,16,1,0,1,1,1,1785531663
2026-07-31T21:13:45Z,80,11,2,9,3,0,1,1,1,1785532402
2026-07-31T21:13:45Z,81,3,1,28,0,0,1,1,1,1785532367
2026-07-31T21:13:45Z,82,15,9,7,1,0,1,1,1,1785532316
2026-07-31T21:13:45Z,83,4,1,28,2,0,1,1,1,1785532410
2026-07-31T21:13:45Z,84,2,2,25,0,0,1,1,1,1785532332
2026-07-31T21:13:45Z,85,13,1,2,0,0,1,1,1,1785532026
2026-07-31T21:13:45Z,86,1,1,26,0,0,1,1,1,1785532318
2026-07-31T21:13:45Z,87,0,0,19,0,0,1,1,1,1785531961
2026-07-31T21:13:45Z,88,11,3,31,1,0,1,1,1,1785532276
2026-07-31T21:13:45Z,89,30,2,4,1,0,1,1,1,1785531883
2026-07-31T21:13:45Z,90,4,0,13,1,0,1,1,1,1785532280
2026-07-31T21:13:45Z,91,0,0,16,1,0,1,1,1,1785532322
2026-07-31T21:13:45Z,92,1,0,15,3,0,1,1,1,1785532397
2026-07-31T21:13:45Z,93,5,1,18,0,0,1,1,1,1785532178
2026-07-31T21:13:45Z,94,13,0,5,1,0,1,1,1,1785531042
2026-07-31T21:13:45Z,95,3,1,30,1,1,1,1,1,1785532415
2026-07-31T21:13:45Z,96,12,2,18,1,0,1,1,1,1785532217
2026-07-31T21:13:45Z,97,2,0,13,2,0,1,1,1,1785532283
2026-07-31T21:13:45Z,98,29,7,6,0,0,1,1,1,1785532053
2026-07-31T21:13:45Z,99,10,0,5,0,0,1,1,1,1785531950
2026-07-31T21:13:45Z,100,3,0,24,0,0,1,1,1,1785532389
2026-07-31T21:13:45Z,101,12,0,2,1,0,1,1,1,1785532416
2026-07-31T21:13:45Z,102,14,2,9,0,0,1,1,1,1785532330
2026-07-31T21:13:45Z,103,13,0,14,3,0,1,1,1,1785532281
2026-07-31T21:13:45Z,104,20,0,5,2,0,1,1,1,1785532408
2026-07-31T21:13:45Z,105,18,0,1,0,0,1,1,1,1785532111
2026-07-31T21:13:45Z,106,15,1,5,1,0,1,1,1,1785532027
2026-07-31T21:13:45Z,107,23,0,14,0,0,1,1,1,1785532417
2026-07-31T21:13:45Z,108,4,0,29,2,0,1,1,1,1785532232
2026-07-31T21:13:45Z,109,14,0,9,0,0,1,1,1,1785532312
2026-07-31T21:13:45Z,110,15,0,8,0,0,1,1,1,1785532076
2026-07-31T21:13:45Z,111,13,3,23,0,0,1,1,1,1785532321
2026-07-31T21:13:45Z,112,11,1,3,1,0,1,1,1,1785531742
2026-07-31T21:13:45Z,113,4,0,14,1,0,1,1,1,1785532359
2026-07-31T21:13:45Z,114,13,6,15,2,1,1,1,1,1785532177
2026-07-31T21:13:45Z,115,17,11,7,4,0,1,1,1,1785532301
2026-07-31T21:13:45Z,116,12,11,14,1,0,1,1,1,1785532084
2026-07-31T21:13:45Z,118,15,2,6,2,0,1,1,1,1785531857
2026-07-31T21:13:45Z,119,3,1,33,2,0,1,1,1,1785532345
2026-07-31T21:13:45Z,120,2,0,23,2,0,1,1,1,1785532013
2026-07-31T21:13:45Z,121,0,0,16,2,1,1,1,1,1785532414
2026-07-31T21:13:45Z,122,4,1,17,0,0,1,1,1,1785532371
2026-07-31T21:13:45Z,123,14,3,32,1,0,1,1,1,1785532195
2026-07-31T21:13:45Z,124,9,2,26,0,0,1,1,1,1785532390
2026-07-31T21:13:45Z,125,0,0,22,1,0,1,1,1,1785532320
2026-07-31T21:13:45Z,126,20,0,11,0,0,1,1,1,1785532374
2026-07-31T21:13:45Z,127,16,4,18,1,0,1,1,1,1785532406
2026-07-31T21:13:45Z,128,3,0,16,0,0,1,1,1,1785532146
2026-07-31T21:13:45Z,129,4,1,12,3,0,1,1,1,1785532393
2026-07-31T21:13:45Z,130,0,0,17,0,0,1,1,1,1785531401
2026-07-31T21:13:45Z,131,7,5,4,0,0,1,1,1,1785532364
2026-07-31T21:13:45Z,132,5,3,9,0,1,1,1,1,1785531524
2026-07-31T21:13:45Z,134,15,2,4,4,0,1,1,1,1785532295
2026-07-31T21:13:45Z,135,4,0,14,1,0,1,1,1,1785531519
2026-07-31T21:13:45Z,136,2,1,14,1,6,1,1,1,1785532351
2026-07-31T21:13:45Z,137,4,3,14,1,0,1,1,1,1785532400
2026-07-31T21:13:45Z,138,6,0,31,0,0,1,1,1,1785532154
2026-07-31T21:13:45Z,139,3,1,15,1,0,1,1,1,1785532335
2026-07-31T21:13:45Z,140,6,2,16,1,0,1,1,1,1785532416
2026-07-31T21:13:45Z,141,8,3,28,0,0,1,1,1,1785532392
2026-07-31T21:13:45Z,142,3,2,20,0,0,1,1,1,1785532191
2026-07-31T21:13:45Z,143,1,0,30,0,0,1,1,1,1785532216
2026-07-31T21:13:45Z,144,17,0,10,0,0,1,1,1,1785532260
2026-07-31T21:13:45Z,146,10,0,12,1,0,1,1,1,1785532408
2026-07-31T21:13:45Z,147,1,0,15,3,0,1,1,1,1785532389
2026-07-31T21:13:45Z,148,1,1,23,3,0,1,1,1,1785532279
2026-07-31T21:13:45Z,149,1,0,26,0,0,1,1,1,1785531316
2026-07-31T21:13:45Z,150,7,1,26,2,0,1,1,1,1785532406
2026-07-31T21:13:45Z,151,4,0,19,0,0,1,1,1,1785532383
2026-07-31T21:13:45Z,152,4,1,19,3,0,1,1,1,1785532415
2026-07-31T21:13:45Z,153,4,0,22,2,0,1,1,1,1785532294
2026-07-31T21:13:45Z,154,11,2,9,3,0,1,1,1,1785532284
2026-07-31T21:13:45Z,155,1,0,12,1,0,1,1,1,1785532156
2026-07-31T21:13:45Z,156,4,0,15,0,0,1,1,1,1785532372
2026-07-31T21:13:45Z,157,4,0,21,2,0,1,1,1,1785532389
2026-07-31T21:13:45Z,158,5,0,10,1,0,1,1,1,1785531875
2026-07-31T21:13:45Z,159,7,4,10,2,0,1,1,1,1785532417
2026-07-31T21:13:45Z,160,2,0,17,0,0,1,1,1,1785531725
2026-07-31T21:13:45Z,161,19,0,3,0,0,1,1,1,1785532293
2026-07-31T21:13:45Z,162,20,12,5,2,0,1,1,1,1785532225
2026-07-31T21:13:45Z,163,6,0,24,0,1,1,1,1,1785532194
2026-07-31T21:13:45Z,164,15,0,12,0,0,1,1,1,1785532394
2026-07-31T21:13:45Z,165,24,3,7,0,0,1,1,1,1785532366
2026-07-31T21:13:45Z,166,4,2,31,4,0,1,1,1,1785532416
2026-07-31T21:13:45Z,167,7,0,15,1,0,1,1,1,1785532092
2026-07-31T21:13:45Z,168,23,2,1,3,0,1,1,1,1785532375
2026-07-31T21:13:45Z,169,13,2,9,0,1,1,1,1,1785532411
2026-07-31T21:13:45Z,170,3,1,15,1,0,1,1,1,1785532399
2026-07-31T21:13:45Z,171,8,1,3,2,0,1,1,1,1785532344
2026-07-31T21:13:45Z,173,12,3,27,0,0,1,1,1,1785532139
2026-07-31T21:13:45Z,174,7,1,19,0,0,1,1,1,1785532408
2026-07-31T21:13:45Z,175,29,2,0,2,0,1,1,1,1785532341
2026-07-31T21:13:45Z,176,11,3,2,1,1,1,1,1,1785532294
2026-07-31T21:13:45Z,177,2,1,23,2,0,1,1,1,1785532413
2026-07-31T21:13:45Z,178,7,0,5,2,1,1,1,1,1785532414
2026-07-31T21:13:45Z,179,12,6,1,2,0,1,1,1,1785532307
2026-07-31T21:13:45Z,180,1,0,29,0,0,1,1,1,1785532349
2026-07-31T21:13:45Z,181,2,0,13,0,0,1,1,1,1785532249
2026-07-31T21:13:45Z,182,4,2,13,0,0,1,1,1,1785532266
2026-07-31T21:13:45Z,183,7,4,15,1,0,1,1,1,1785532353
2026-07-31T21:13:45Z,184,17,0,3,3,0,1,1,1,1785532283
2026-07-31T21:13:45Z,185,6,5,7,1,1,1,1,1,1785531813
2026-07-31T21:13:45Z,186,5,2,14,0,0,1,1,1,1785532383
2026-07-31T21:13:45Z,187,0,0,27,1,0,1,1,1,1785532136
2026-07-31T21:13:45Z,188,12,4,7,8,0,1,1,1,1785532415
2026-07-31T21:13:45Z,189,6,3,9,0,0,1,1,1,1785532129
2026-07-31T21:13:45Z,190,15,0,7,1,0,1,1,1,1785531896
2026-07-31T21:13:45Z,191,7,6,32,0,0,1,1,1,1785532411
2026-07-31T21:13:45Z,192,5,1,24,2,0,1,1,1,1785532415
2026-07-31T21:13:45Z,193,8,2,6,1,0,1,1,1,1785532386
2026-07-31T21:13:45Z,194,2,2,25,0,0,1,1,1,1785531844
2026-07-31T21:13:45Z,195,1,0,18,0,0,1,1,1,1785532101
2026-07-31T21:13:45Z,196,6,6,19,2,0,1,1,1,1785532008
2026-07-31T21:13:45Z,197,0,0,18,0,1,1,1,1,1785531224
2026-07-31T21:13:45Z,198,13,11,8,2,0,1,1,1,1785532410
2026-07-31T21:13:45Z,199,1,0,13,1,0,1,1,1,1785532034
2026-07-31T21:13:45Z,200,10,9,16,0,0,1,1,1,1785532416
2026-07-31T21:13:45Z,201,2,2,20,1,0,1,1,1,1785532409
2026-07-31T21:13:45Z,202,3,0,24,0,0,1,1,1,1785532353
2026-07-31T21:13:45Z,203,11,3,19,1,0,1,1,1,1785532338
2026-07-31T21:13:45Z,204,22,2,12,1,0,1,1,1,1785532393
2026-07-31T21:13:45Z,205,8,0,18,1,0,1,1,1,1785531881
2026-07-31T21:13:45Z,206,1,0,13,1,0,1,1,1,1785532405
2026-07-31T21:13:45Z,207,20,1,1,0,0,1,1,1,1785532381
2026-07-31T21:13:45Z,208,2,1,27,0,0,1,1,1,1785531548
2026-07-31T21:13:45Z,209,25,1,5,1,0,1,1,1,1785532402
2026-07-31T21:13:45Z,210,7,3,20,0,0,1,1,1,1785532134
2026-07-31T21:13:45Z,211,1,0,21,1,0,1,1,1,1785532250
2026-07-31T21:13:45Z,212,6,0,28,1,0,1,1,1,1785532306
2026-07-31T21:13:45Z,213,17,6,5,1,0,1,1,1,1785532402
2026-07-31T21:13:45Z,214,40,7,6,1,0,1,1,1,1785532405
2026-07-31T21:13:45Z,215,20,5,2,1,0,1,1,1,1785532412
2026-07-31T21:13:45Z,216,10,4,8,1,0,1,1,1,1785532415
2026-07-31T21:13:45Z,217,18,0,10,1,0,1,1,1,1785532317
2026-07-31T21:13:45Z,218,12,6,23,4,0,1,1,1,1785532415
2026-07-31T21:13:45Z,219,16,1,9,1,0,1,1,1,1785532413
2026-07-31T21:13:45Z,220,17,8,25,0,1,1,1,1,1785532399
2026-07-31T21:13:45Z,221,0,0,14,1,0,1,1,1,1785532253
2026-07-31T21:13:45Z,222,1,1,17,1,0,1,1,1,1785532393
2026-07-31T21:13:45Z,223,7,1,25,3,0,1,1,1,1785532189
2026-07-31T21:13:45Z,224,3,1,18,1,0,1,1,1,1785532219
2026-07-31T21:13:45Z,225,5,2,10,4,0,1,1,1,1785532364
2026-07-31T21:13:45Z,226,29,3,0,2,0,1,1,1,1785532290
2026-07-31T21:13:45Z,227,0,0,26,1,0,1,1,1,1785532046
2026-07-31T21:13:45Z,228,3,1,14,2,0,1,1,1,1785532219
2026-07-31T21:13:45Z,230,9,0,17,0,0,1,1,1,1785532388
2026-07-31T21:13:45Z,232,4,0,12,1,0,1,1,1,1785531634
2026-07-31T21:13:45Z,233,10,7,20,1,0,1,1,1,1785532322
2026-07-31T21:13:45Z,234,11,3,2,4,2,1,1,1,1785532359
2026-07-31T21:13:45Z,236,16,2,3,0,0,1,1,1,1785528929
2026-07-31T21:13:45Z,237,1,0,21,1,0,1,1,1,1785532367
2026-07-31T21:13:45Z,239,4,4,22,1,0,1,1,1,1785532394
2026-07-31T21:13:45Z,241,8,6,14,1,0,1,1,1,1785532065
2026-07-31T21:13:45Z,242,8,2,14,1,0,1,1,1,1785532414
2026-07-31T21:13:45Z,243,15,8,13,3,0,1,1,1,1785532393
2026-07-31T21:13:45Z,244,3,1,22,2,0,1,1,1,1785532416
2026-07-31T21:13:45Z,245,12,5,11,0,0,1,1,1,1785532414
2026-07-31T21:13:45Z,246,10,6,13,0,0,1,1,1,1785532315
2026-07-31T21:13:45Z,247,5,4,16,2,0,1,1,1,1785532258
2026-07-31T21:13:45Z,248,12,7,9,2,0,1,1,1,1785532156
2026-07-31T21:13:45Z,249,18,15,0,1,0,1,1,1,1785532406
2026-07-31T21:13:45Z,250,0,0,20,7,0,1,1,1,1785532332
2026-07-31T21:13:45Z,251,20,11,2,5,0,1,1,1,1785532383
2026-07-31T21:13:45Z,253,3,2,16,0,0,1,1,1,1785532384
2026-07-31T21:13:45Z,254,5,2,37,1,0,1,1,1,1785532374
2026-07-31T21:13:45Z,255,10,0,12,0,1,1,1,1,1785532289
2026-07-31T21:13:45Z,256,0,0,21,2,0,1,1,1,1785531388
2026-07-31T21:13:45Z,257,2,1,17,0,0,1,1,1,1785532411
2026-07-31T21:13:45Z,258,15,6,3,1,0,1,1,1,1785532153
2026-07-31T21:13:45Z,259,14,0,8,0,1,1,1,1,1785532207
2026-07-31T21:13:45Z,260,0,0,18,1,0,1,1,1,1785531499
2026-07-31T21:13:45Z,261,1,0,16,1,1,1,1,1,1785532417
2026-07-31T21:13:45Z,262,1,0,21,1,0,1,1,1,1785532379
2026-07-31T21:13:45Z,263,3,1,11,1,0,1,1,1,1785532403
2026-07-31T21:13:45Z,264,1,1,17,1,0,1,1,1,1785532335
2026-07-31T21:13:45Z,265,5,0,10,0,0,1,1,1,1785532359
2026-07-31T21:13:45Z,266,11,6,7,1,0,1,1,1,1785532182
2026-07-31T21:13:45Z,267,9,4,5,1,0,1,1,1,1785531709
2026-07-31T21:13:45Z,268,19,7,3,1,0,1,1,1,1785532323
2026-07-31T21:13:45Z,269,12,5,11,0,0,1,1,1,1785532376
2026-07-31T21:13:45Z,270,3,0,23,1,0,1,1,1,1785532078
2026-07-31T21:13:45Z,271,4,0,13,2,0,1,1,1,1785532095
2026-07-31T21:13:45Z,272,10,3,13,0,0,1,1,1,1785532395
2026-07-31T21:13:45Z,273,2,1,13,0,0,1,1,1,1785532315
2026-07-31T21:13:45Z,274,3,2,15,1,0,1,1,1,1785531503
2026-07-31T21:13:45Z,275,12,0,7,4,0,1,1,1,1785532258
2026-07-31T21:13:45Z,276,1,1,25,1,0,1,1,1,1785532264
2026-07-31T21:13:45Z,277,6,5,13,4,0,1,1,1,1785532316
2026-07-31T21:13:45Z,278,11,9,16,4,0,1,1,1,1785532355
2026-07-31T21:13:45Z,279,1,0,18,0,0,1,1,1,1785532186
2026-07-31T21:13:45Z,280,0,0,28,3,0,1,1,1,1785532339
2026-07-31T21:13:45Z,281,1,0,18,0,0,1,1,1,1785532412
2026-07-31T21:13:45Z,282,7,2,11,0,0,1,1,1,1785527347
2026-07-31T21:13:45Z,283,17,2,18,0,0,1,1,1,1785532233
2026-07-31T21:13:45Z,284,26,2,6,3,0,1,1,1,1785532335
2026-07-31T21:13:45Z,285,3,2,20,0,0,1,1,1,1785532312
2026-07-31T21:13:45Z,286,9,5,13,1,0,1,1,1,1785532269
2026-07-31T21:13:45Z,287,10,1,10,3,0,1,1,1,1785532355
2026-07-31T21:13:45Z,288,3,1,16,0,0,1,1,1,1785531883
2026-07-31T21:13:45Z,289,6,6,18,3,0,1,1,1,1785532157
2026-07-31T21:13:45Z,290,16,0,20,3,0,1,1,1,1785532404
2026-07-31T21:13:45Z,291,12,1,10,1,0,1,1,1,1785532406
2026-07-31T21:13:45Z,292,1,1,22,0,0,1,1,1,1785532245
2026-07-31T21:13:45Z,293,6,2,17,0,0,1,1,1,1785532231
2026-07-31T21:13:45Z,294,4,4,15,4,0,1,1,1,1785532415
2026-07-31T21:13:45Z,297,5,1,12,1,1,1,1,1,1785532364
2026-07-31T21:13:45Z,301,13,1,6,0,0,1,1,1,1785531561
2026-07-31T21:13:45Z,302,21,0,2,0,0,1,1,1,1785532339
2026-07-31T21:13:45Z,303,0,0,19,0,0,1,1,1,1785530377
2026-07-31T21:13:45Z,304,0,0,0,0,0,0,1,1,86400
2026-07-31T21:13:45Z,305,3,0,15,1,0,1,1,1,1785532414
2026-07-31T21:13:45Z,306,8,0,23,1,0,1,1,1,1785532365
2026-07-31T21:13:45Z,307,4,0,19,0,0,1,1,1,1785531871
2026-07-31T21:13:45Z,308,1,0,17,1,0,1,1,1,1785532161
2026-07-31T21:13:45Z,309,2,1,12,0,0,1,1,1,1785532411
2026-07-31T21:13:45Z,311,6,0,8,1,0,1,1,1,1785532384
2026-07-31T21:13:45Z,312,9,7,11,2,1,1,1,1,1785532414
2026-07-31T21:13:45Z,313,5,0,10,0,0,1,1,1,1785526554
2026-07-31T21:13:45Z,314,6,1,11,2,0,1,1,1,1785531899
2026-07-31T21:13:45Z,315,11,5,17,3,0,1,1,1,1785532394
2026-07-31T21:13:45Z,316,4,1,20,6,1,1,1,1,1785532278
2026-07-31T21:13:45Z,317,19,7,11,0,1,1,1,1,1785532410
2026-07-31T21:13:45Z,318,16,1,3,0,0,1,1,1,1785531022
2026-07-31T21:13:45Z,319,21,3,1,1,0,1,1,1,1785532391
2026-07-31T21:13:45Z,320,12,0,6,1,0,1,1,1,1785532262
2026-07-31T21:13:45Z,321,2,0,13,4,0,1,1,1,1785532351
2026-07-31T21:13:45Z,322,15,0,14,0,0,1,1,1,1785530430
2026-07-31T21:13:45Z,323,4,1,14,1,0,1,1,1,1785531868
2026-07-31T21:13:45Z,324,13,1,13,1,0,1,1,1,1785532413
2026-07-31T21:13:45Z,325,3,2,22,2,0,1,1,1,1785531883
2026-07-31T21:13:45Z,327,10,1,15,2,0,1,1,1,1785532360
2026-07-31T21:13:45Z,328,18,2,3,1,0,1,1,1,1785531874
2026-07-31T21:13:45Z,329,2,0,14,3,0,1,1,1,1785532393
2026-07-31T21:13:45Z,330,16,0,5,1,0,1,1,1,1785532276
2026-07-31T21:13:45Z,331,12,0,9,2,0,1,1,1,1785532318
2026-07-31T21:13:45Z,332,8,5,10,1,0,1,1,1,1785532360
2026-07-31T21:13:45Z,333,4,4,17,2,0,1,1,1,1785532365
2026-07-31T21:13:45Z,334,8,0,15,0,0,1,1,1,1785531792
2026-07-31T21:13:45Z,335,2,2,20,0,1,1,1,1,1785530699
2026-07-31T21:13:45Z,336,5,1,14,0,0,1,1,1,1785531746
2026-07-31T21:13:45Z,337,12,4,7,4,0,1,1,1,1785532277
2026-07-31T21:13:45Z,338,1,1,18,0,0,1,1,1,1785531765
2026-07-31T21:13:45Z,339,13,11,6,4,0,1,1,1,1785532410
2026-07-31T21:13:45Z,340,1,0,13,1,0,1,1,1,1785532227
2026-07-31T21:13:45Z,341,8,2,11,0,0,1,1,1,1785532360
2026-07-31T21:13:45Z,342,0,0,15,0,0,1,1,1,1785532007
2026-07-31T21:13:45Z,343,9,3,13,1,0,1,1,1,1785529614
2026-07-31T21:13:45Z,344,7,4,16,0,0,1,1,1,1785532070
2026-07-31T21:13:45Z,345,13,1,6,0,0,1,1,1,1785532244
2026-07-31T21:13:45Z,346,4,3,19,0,0,1,1,1,1785532252
2026-07-31T21:13:45Z,347,6,0,35,3,0,1,1,1,1785532375
2026-07-31T21:13:45Z,348,9,0,13,0,1,1,1,1,1785532213
2026-07-31T21:13:45Z,349,16,2,2,1,0,1,1,1,1785532162
2026-07-31T21:13:45Z,350,1,0,24,1,1,1,1,1,1785532407
2026-07-31T21:13:45Z,351,2,1,19,2,0,1,1,1,1785532205
2026-07-31T21:13:45Z,355,1,1,22,0,0,1,1,1,1785531917
2026-07-31T21:13:45Z,356,6,2,13,0,0,1,1,1,1785532109
2026-07-31T21:13:45Z,357,3,3,15,1,0,1,1,1,1785531569
2026-07-31T21:13:45Z,358,14,2,12,1,0,1,1,1,1785531886
2026-07-31T21:13:45Z,359,8,0,19,0,0,1,1,1,1785532396
2026-07-31T21:13:45Z,360,6,3,13,0,0,1,1,1,1785532248
2026-07-31T21:13:45Z,362,5,0,11,3,0,1,1,1,1785532415
2026-07-31T21:13:45Z,363,10,0,17,0,0,1,1,1,1785532141
2026-07-31T21:13:45Z,364,1,0,18,0,0,1,1,1,1785532347
2026-07-31T21:13:45Z,365,3,2,17,3,0,1,1,1,1785532285
2026-07-31T21:13:45Z,366,10,9,13,0,0,1,1,1,1785532149
2026-07-31T21:13:45Z,367,1,1,16,2,0,1,1,1,1785532153
2026-07-31T21:13:45Z,368,1,0,21,1,0,1,1,1,1785530971
2026-07-31T21:13:45Z,370,12,5,15,0,0,1,1,1,1785532396
2026-07-31T21:13:45Z,371,5,3,13,1,0,1,1,1,1785532389
2026-07-31T21:13:45Z,372,11,1,4,0,0,1,1,1,1785532295
2026-07-31T21:13:45Z,373,0,0,27,0,0,1,1,1,1785529201
2026-07-31T21:13:45Z,374,1,1,17,1,0,1,1,1,1785532178
2026-07-31T21:13:45Z,375,13,3,12,2,0,1,1,1,1785532321
2026-07-31T21:13:45Z,376,2,1,36,1,0,1,1,1,1785532392
2026-07-31T21:13:45Z,377,1,0,26,0,0,1,1,1,1785532255
2026-07-31T21:13:45Z,378,4,2,18,1,1,1,1,1,1785532160
2026-07-31T21:13:45Z,379,14,1,9,4,0,1,1,1,1785532394
2026-07-31T21:13:45Z,380,3,0,20,0,0,1,1,1,1785532095
2026-07-31T21:13:45Z,381,9,1,14,0,0,1,1,1,1785532290
2026-07-31T21:13:45Z,383,10,2,3,2,0,1,1,1,1785531895
2026-07-31T21:13:45Z,384,2,0,22,3,0,1,1,1,1785532399
2026-07-31T21:13:45Z,385,1,0,16,1,0,1,1,1,1785532333
2026-07-31T21:13:45Z,387,3,1,20,0,0,1,1,1,1785532226
2026-07-31T21:13:45Z,388,33,1,13,3,0,1,1,1,1785532211
2026-07-31T21:13:45Z,389,3,2,11,1,0,1,1,1,1785532058
2026-07-31T21:13:45Z,390,14,3,21,0,0,1,1,1,1785532278
2026-07-31T21:13:45Z,391,3,2,11,1,0,1,1,1,1785532385
2026-07-31T21:13:45Z,392,1,1,17,1,0,1,1,1,1785532140
2026-07-31T21:13:45Z,393,1,1,7,3,0,1,1,1,1785531684
2026-07-31T21:13:45Z,394,3,0,7,3,0,1,1,1,1785531903
2026-07-31T21:13:45Z,396,0,0,40,2,0,1,1,1,1785532140
2026-07-31T21:13:45Z,397,19,11,12,0,0,1,1,1,1785532373
2026-07-31T21:13:45Z,399,0,0,14,3,0,1,1,1,1785532304
2026-07-31T21:13:45Z,400,14,9,7,2,0,1,1,1,1785531101
2026-07-31T21:13:45Z,401,7,2,24,8,0,1,1,1,1785532414
2026-07-31T21:13:45Z,403,26,4,0,5,0,1,1,1,1785532409
2026-07-31T21:13:45Z,404,4,2,18,1,0,1,1,1,1785532403
2026-07-31T21:13:45Z,406,6,2,28,1,0,1,1,1,1785532397
2026-07-31T21:13:45Z,407,6,0,27,1,0,1,1,1,1785532274
2026-07-31T21:13:45Z,408,3,2,27,3,0,1,1,1,1785532231
2026-07-31T21:13:45Z,409,17,0,4,2,0,1,1,1,1785532320
2026-07-31T21:13:45Z,413,10,2,11,2,0,1,1,1,1785532209
2026-07-31T21:13:45Z,414,11,0,4,0,0,1,1,1,1785531380
2026-07-31T21:13:45Z,417,3,0,16,0,0,1,1,1,1785532373
2026-07-31T21:13:45Z,418,4,2,11,0,0,1,1,1,1785532353
2026-07-31T21:13:45Z,419,14,2,9,0,0,1,1,1,1785532177
2026-07-31T21:13:45Z,421,3,0,16,0,0,1,1,1,1785532250
2026-07-31T21:13:45Z,422,18,3,9,0,0,1,1,1,1785530054
2026-07-31T21:13:45Z,423,0,0,22,1,0,1,1,1,1785531227
2026-07-31T21:13:45Z,424,8,3,4,2,1,1,1,1,1785532105
2026-07-31T21:13:45Z,425,6,5,15,0,1,1,1,1,1785532409
2026-07-31T21:13:45Z,426,1,0,34,2,0,1,1,1,1785532354
2026-07-31T21:13:45Z,427,11,0,1,3,0,1,1,1,1785532312
2026-07-31T21:13:45Z,428,16,2,3,0,0,1,1,1,1785532192
2026-07-31T21:13:45Z,429,11,6,10,2,0,1,1,1,1785532327
2026-07-31T21:13:45Z,430,12,3,16,3,0,1,1,1,1785532387
2026-07-31T21:13:45Z,431,3,0,28,2,0,1,1,1,1785532038
2026-07-31T21:13:45Z,432,0,0,30,1,0,0,1,1,1785508564
2026-07-31T21:13:45Z,433,5,2,15,3,0,1,1,1,1785529334
2026-07-31T21:13:45Z,437,3,3,13,3,0,1,1,1,1785532398
2026-07-31T21:13:45Z,438,10,2,7,2,0,1,1,1,1785532397
2026-07-31T21:13:45Z,439,9,4,6,0,0,1,1,1,1785532134
2026-07-31T21:13:45Z,440,9,4,6,0,0,1,1,1,1785531897
2026-07-31T21:13:45Z,441,1,0,12,2,0,1,1,1,1785532085
2026-07-31T21:13:45Z,442,10,4,7,2,0,1,1,1,1785532345
2026-07-31T21:13:45Z,443,5,2,22,0,0,1,1,1,1785512432
2026-07-31T21:13:45Z,444,4,2,19,0,0,1,1,1,1785530976
2026-07-31T21:13:45Z,445,6,2,16,1,0,1,1,1,1785532313
2026-07-31T21:13:45Z,446,2,0,21,0,0,1,1,1,1785531876
2026-07-31T21:13:45Z,447,4,0,17,1,1,1,1,1,1785532273
2026-07-31T21:13:45Z,448,7,0,7,1,0,1,1,1,1785530120
2026-07-31T21:13:45Z,452,7,2,11,1,0,1,1,1,1785532315
2026-07-31T21:13:45Z,453,4,1,7,4,0,1,1,1,1785532257
2026-07-31T21:13:45Z,454,15,0,4,0,0,1,1,1,1785532300
2026-07-31T21:13:45Z,455,23,0,16,0,0,1,1,1,1785532319
2026-07-31T21:13:45Z,456,17,0,2,1,0,1,1,1,1785532416
2026-07-31T21:13:45Z,457,9,2,14,4,0,1,1,1,1785532404
2026-07-31T21:13:45Z,458,4,2,18,1,0,1,1,1,1785532364
2026-07-31T21:13:45Z,459,10,1,5,0,0,1,1,1,1785532277
2026-07-31T21:13:45Z,460,18,1,5,0,0,1,1,1,1785532412
2026-07-31T21:13:45Z,461,10,0,9,0,0,1,1,1,1785532171
2026-07-31T21:13:45Z,462,14,1,7,0,0,1,1,1,1785532228
2026-07-31T21:13:45Z,463,9,1,10,0,0,1,1,1,1785526740
2026-07-31T21:13:45Z,464,0,0,14,0,0,1,1,1,1785528198
2026-07-31T21:13:45Z,465,4,3,11,0,0,1,1,1,1785532292
2026-07-31T21:13:45Z,466,4,1,5,6,0,1,1,1,1785531299
2026-07-31T21:13:45Z,467,3,2,16,0,0,1,1,1,1785531037
2026-07-31T21:13:45Z,468,0,0,18,1,0,1,1,1,1785527178
2026-07-31T21:13:45Z,469,7,1,14,2,0,1,1,1,1785532411
2026-07-31T21:13:45Z,470,0,0,13,2,0,1,1,1,1785532344
2026-07-31T21:13:45Z,471,26,2,1,0,0,1,1,1,1785532171
2026-07-31T21:13:45Z,472,8,4,9,2,0,1,1,1,1785532377
2026-07-31T21:13:45Z,473,7,0,12,0,0,1,1,1,1785532265
2026-07-31T21:13:45Z,474,10,2,9,0,0,1,1,1,1785532388
2026-07-31T21:13:45Z,475,3,1,15,1,0,1,1,1,1785532087
2026-07-31T21:13:45Z,477,10,1,5,0,0,1,1,1,1785530702
2026-07-31T21:13:45Z,478,29,0,2,0,0,1,1,1,1785532373
2026-07-31T21:13:45Z,479,4,0,21,2,0,1,1,1,1785531082
2026-07-31T21:13:45Z,480,6,0,8,1,0,1,1,1,1785532014
2026-07-31T21:13:45Z,481,4,0,30,1,0,1,1,1,1785532397
2026-07-31T21:13:45Z,482,4,4,15,0,0,1,1,1,1785531414
2026-07-31T21:13:45Z,483,15,0,10,2,0,1,1,1,1785532367
2026-07-31T21:13:45Z,484,4,2,14,1,0,1,1,1,1785532282
2026-07-31T21:13:45Z,485,9,2,9,0,1,1,1,1,1785532104
2026-07-31T21:13:45Z,486,0,0,24,3,0,1,1,1,1785532345
2026-07-31T21:13:45Z,487,9,6,8,2,0,1,1,1,1785531933
2026-07-31T21:13:45Z,489,1,0,14,0,0,1,1,1,1785532247
2026-07-31T21:13:45Z,490,11,0,4,1,0,1,1,1,1785532001
2026-07-31T21:13:45Z,491,7,2,13,1,0,1,1,1,1785531790
2026-07-31T21:13:45Z,492,3,3,5,3,0,1,1,1,1785532417
2026-07-31T21:13:45Z,493,20,2,7,0,0,1,1,1,1785532371
2026-07-31T21:13:45Z,495,7,0,7,1,0,1,1,1,1785530497
2026-07-31T21:13:45Z,496,9,1,18,0,0,1,1,1,1785532329
2026-07-31T21:13:45Z,497,3,2,15,1,0,1,1,1,1785532389
2026-07-31T21:13:45Z,498,7,3,16,0,0,1,1,1,1785532411
2026-07-31T21:13:45Z,499,4,1,14,1,0,1,1,1,1785532334
2026-07-31T21:13:45Z,500,0,0,12,3,0,1,1,1,1785531899
2026-07-31T21:13:45Z,501,15,3,6,0,0,1,1,1,1785532216
2026-07-31T21:13:45Z,502,3,1,15,1,0,1,1,1,1785532403
2026-07-31T21:13:45Z,503,1,0,29,1,0,1,1,1,1785532277
2026-07-31T21:13:45Z,504,0,0,37,2,0,1,1,1,1785531561
2026-07-31T21:13:45Z,505,0,0,11,1,0,1,1,1,1785531541
2026-07-31T21:13:45Z,511,3,1,19,1,0,1,1,1,1785532417
2026-07-31T21:13:45Z,512,10,0,17,0,0,1,1,1,1785530707
2026-07-31T21:13:45Z,514,3,2,7,1,0,1,1,1,1785531404
2026-07-31T21:13:45Z,515,2,2,17,0,0,1,1,1,1785531676
2026-07-31T21:13:45Z,516,13,0,13,1,0,1,1,1,1785532100
2026-07-31T21:13:45Z,517,14,2,9,0,0,1,1,1,1785532394
2026-07-31T21:13:45Z,518,5,0,9,1,0,1,1,1,1785530533
2026-07-31T21:13:45Z,519,8,3,9,2,0,1,1,1,1785530872
2026-07-31T21:13:45Z,520,18,8,3,5,1,1,1,1,1785532416
2026-07-31T21:13:45Z,521,4,2,19,0,0,1,1,1,1785532172
2026-07-31T21:13:45Z,522,7,0,14,2,0,1,1,1,1785532114
2026-07-31T21:13:45Z,523,11,5,11,1,0,1,1,1,1785530824
2026-07-31T21:13:45Z,524,14,0,9,0,0,1,1,1,1785532390
2026-07-31T21:13:45Z,525,6,0,13,0,0,1,1,1,1785531049
2026-07-31T21:13:45Z,526,4,1,11,0,0,1,1,1,1785530751
2026-07-31T21:13:45Z,527,17,10,8,1,0,1,1,1,1785532349
2026-07-31T21:13:45Z,528,14,1,7,2,0,1,1,1,1785532111
2026-07-31T21:13:45Z,529,4,2,7,8,0,1,1,1,1785532415
2026-07-31T21:13:45Z,530,11,0,8,2,0,1,1,1,1785532229
2026-07-31T21:13:45Z,531,3,0,18,1,1,1,1,1,1785532276
2026-07-31T21:13:45Z,532,10,10,20,1,0,1,1,1,1785532376
2026-07-31T21:13:45Z,533,12,0,6,1,0,1,1,1,1785532259
2026-07-31T21:13:45Z,534,3,1,20,0,0,1,1,1,1785530641
2026-07-31T21:13:45Z,535,1,0,14,0,0,1,1,1,1785532311
2026-07-31T21:13:45Z,536,12,0,11,0,0,1,1,1,1785532394
2026-07-31T21:13:45Z,537,10,2,10,0,0,1,1,1,1785532068
2026-07-31T21:13:45Z,538,8,0,13,0,2,1,1,1,1785532370
2026-07-31T21:13:45Z,539,4,1,26,1,0,1,1,1,1785532381
2026-07-31T21:13:45Z,540,4,4,14,1,0,1,1,1,1785531996
2026-07-31T21:13:45Z,541,6,5,20,1,0,1,1,1,1785532352
2026-07-31T21:13:45Z,542,0,0,22,1,0,1,1,1,1785532024
2026-07-31T21:13:45Z,543,1,0,18,0,0,1,1,1,1785532207
2026-07-31T21:13:45Z,544,8,1,10,4,0,1,1,1,1785532341
2026-07-31T21:13:45Z,545,10,0,4,5,0,1,1,1,1785532344
2026-07-31T21:13:45Z,546,2,1,17,0,0,1,1,1,1785531987
2026-07-31T21:13:45Z,547,9,0,16,0,0,1,1,1,1785532204
2026-07-31T21:13:45Z,548,4,2,18,1,0,1,1,1,1785532280
2026-07-31T21:13:45Z,549,17,0,5,1,0,1,1,1,1785532208
2026-07-31T21:13:45Z,550,0,0,19,0,0,1,1,1,1785532252
2026-07-31T21:13:45Z,551,3,2,19,1,0,1,1,1,1785529811
2026-07-31T21:13:45Z,552,4,2,23,0,0,1,1,1,1785532202
2026-07-31T21:13:45Z,553,6,1,17,0,0,1,1,1,1785532374
2026-07-31T21:13:45Z,554,3,0,15,1,0,1,1,1,1785530528
2026-07-31T21:13:45Z,555,6,0,8,1,0,1,1,1,1785529728
2026-07-31T21:13:45Z,556,13,0,7,3,0,1,1,1,1785532382
2026-07-31T21:13:45Z,557,1,0,20,2,0,1,1,1,1785532269
2026-07-31T21:13:45Z,558,18,12,18,1,0,1,1,1,1785532267
2026-07-31T21:13:45Z,559,11,0,7,1,0,1,1,1,1785532144
2026-07-31T21:13:45Z,560,17,0,10,0,0,1,1,1,1785531750
2026-07-31T21:13:45Z,561,7,0,13,3,0,1,1,1,1785531569
2026-07-31T21:13:45Z,562,10,2,20,5,0,1,1,1,1785532411
2026-07-31T21:13:45Z,563,3,0,10,1,0,1,1,1,1785531305
2026-07-31T21:13:45Z,564,2,1,16,1,0,1,1,1,1785532148
2026-07-31T21:13:45Z,565,2,1,17,0,0,1,1,1,1785532370
2026-07-31T21:13:45Z,566,2,0,16,1,0,1,1,1,1785532354
2026-07-31T21:13:45Z,567,9,1,16,2,0,1,1,1,1785531988
2026-07-31T21:13:45Z,568,9,1,9,1,0,1,1,1,1785530639
2026-07-31T21:13:45Z,569,3,0,14,2,0,1,1,1,1785531241
2026-07-31T21:13:45Z,570,4,0,13,2,0,1,1,1,1785531152
2026-07-31T21:13:45Z,571,8,2,15,0,0,1,1,1,1785532101
2026-07-31T21:13:45Z,572,7,1,12,0,0,1,1,1,1785531715
2026-07-31T21:13:45Z,573,8,1,7,0,0,1,1,1,1785531771
2026-07-31T21:13:45Z,574,5,2,10,0,0,1,1,1,1785531362
2026-07-31T21:13:45Z,575,4,0,16,1,0,1,1,1,1785532118
2026-07-31T21:13:45Z,576,3,3,16,0,0,1,1,1,1785532396
2026-07-31T21:13:45Z,577,22,0,9,0,0,1,1,1,1785532361
2026-07-31T21:13:45Z,578,2,1,20,1,0,1,1,1,1785532360
2026-07-31T21:13:45Z,579,10,0,32,1,0,1,1,1,1785532416
2026-07-31T21:13:45Z,580,10,2,19,0,0,1,1,1,1785532384
2026-07-31T21:13:45Z,581,7,0,11,1,0,1,1,1,1785532400
2026-07-31T21:13:45Z,582,21,0,38,2,0,1,1,1,1785532264
2026-07-31T21:13:45Z,583,2,1,20,1,0,1,1,1,1785532111
2026-07-31T21:13:45Z,584,9,3,6,4,0,1,1,1,1785532407
2026-07-31T21:13:45Z,585,0,0,26,0,1,1,1,1,1785531590
2026-07-31T21:13:45Z,586,26,1,7,2,0,1,1,1,1785532357
2026-07-31T21:13:45Z,587,8,0,15,1,0,1,1,1,1785532354
2026-07-31T21:13:45Z,588,10,3,6,2,1,1,1,1,1785532351
2026-07-31T21:13:45Z,589,0,0,22,0,0,1,1,1,1785532225
2026-07-31T21:13:45Z,590,5,1,26,0,0,1,1,1,1785532291
2026-07-31T21:13:45Z,591,4,0,23,3,0,1,1,1,1785532075
2026-07-31T21:13:45Z,592,5,0,18,0,0,1,1,1,1785532031
2026-07-31T21:13:45Z,593,18,4,20,0,0,1,1,1,1785532227
2026-07-31T21:13:45Z,594,15,1,5,1,0,1,1,1,1785532087
2026-07-31T21:13:45Z,595,0,0,3,0,0,0,1,1,1784046673
2026-07-31T21:13:45Z,605,0,0,2,1,0,0,1,1,1783975843
2026-07-31T21:13:45Z,606,0,0,0,0,0,0,1,1,86400
2026-07-31T21:13:45Z,607,7,3,24,1,0,1,1,1,1785532405
2026-07-31T21:13:45Z,608,37,2,13,0,0,1,1,1,1785532375
2026-07-31T21:13:45Z,609,11,10,12,0,0,1,1,1,1785532349
2026-07-31T21:13:45Z,610,18,0,16,1,0,1,1,1,1785532360
2026-07-31T21:13:45Z,611,14,1,13,0,0,1,1,1,1785532413
2026-07-31T21:13:45Z,612,7,1,8,0,0,1,1,1,1785522916
2026-07-31T21:13:45Z,613,12,4,0,3,0,1,1,1,1785530289
2026-07-31T21:13:45Z,614,5,4,18,3,1,1,1,1,1785532412
2026-07-31T21:13:45Z,617,9,1,4,2,0,1,1,1,1785532391
2026-07-31T21:13:45Z,618,13,1,1,5,0,1,1,1,1785530762
2026-07-31T21:13:45Z,619,6,2,13,0,0,1,1,1,1785532173
2026-07-31T21:13:45Z,620,11,0,15,1,0,1,1,1,1785532265
2026-07-31T21:13:45Z,621,8,2,15,0,0,1,1,1,1785531952
2026-07-31T21:13:45Z,622,12,0,9,2,0,1,1,1,1785532197
2026-07-31T21:13:45Z,623,22,5,6,2,0,1,1,1,1785532390
2026-07-31T21:13:45Z,624,1,0,14,0,0,1,1,1,1785532120
2026-07-31T21:13:45Z,625,12,4,4,5,0,1,1,1,1785531854
2026-07-31T21:13:45Z,626,41,0,4,0,2,1,1,1,1785532414
2026-07-31T21:13:45Z,627,14,3,4,1,0,1,1,1,1785530759
2026-07-31T21:13:45Z,628,3,3,15,0,1,1,1,1,1785531757
2026-07-31T21:13:45Z,629,2,1,7,2,0,1,1,1,1785532364
2026-07-31T21:13:45Z,630,0,0,24,3,0,1,1,1,1785532347
2026-07-31T21:13:45Z,631,5,5,18,0,0,1,1,1,1785531970
2026-07-31T21:13:45Z,632,20,1,1,2,0,1,1,1,1785531372
2026-07-31T21:13:45Z,633,11,3,1,3,0,1,1,1,1785530006
2026-07-31T21:13:45Z,634,16,2,3,0,0,1,1,1,1785532413
2026-07-31T21:13:45Z,635,17,0,2,0,0,1,1,1,1785532315
2026-07-31T21:13:45Z,636,7,2,8,0,0,1,1,1,1785526430
2026-07-31T21:13:45Z,637,9,2,8,2,0,1,1,1,1785531990
2026-07-31T21:13:45Z,638,8,2,9,2,0,1,1,1,1785532335
2026-07-31T21:13:45Z,639,10,2,7,2,0,1,1,1,1785532203
2026-07-31T21:13:45Z,640,7,7,14,2,0,1,1,1,1785532413
2026-07-31T21:13:45Z,641,5,1,22,0,0,1,1,1,1785532178
2026-07-31T21:13:45Z,642,8,3,3,8,0,1,1,1,1785532415
2026-07-31T21:13:45Z,643,4,0,15,8,0,1,1,1,1785532417
2026-07-31T21:13:45Z,644,13,1,1,1,0,1,1,1,1785531399
2026-07-31T21:13:45Z,645,13,1,8,1,1,1,1,1,1785532004
2026-07-31T21:13:45Z,646,3,1,16,0,0,1,1,1,1785532040
2026-07-31T21:13:45Z,647,4,2,27,0,0,1,1,1,1785532335
2026-07-31T21:13:45Z,648,4,0,14,1,0,1,1,1,1785531767
2026-07-31T21:13:45Z,649,3,3,28,0,0,1,1,1,1785529688
2026-07-31T21:13:45Z,650,5,1,9,0,0,1,1,1,1785531899
2026-07-31T21:13:45Z,651,0,0,23,0,0,1,1,1,1785528763
2026-07-31T21:13:45Z,652,5,2,15,3,0,1,1,1,1785532397
2026-07-31T21:13:45Z,653,2,1,17,0,0,1,1,1,1785530185
2026-07-31T21:13:45Z,654,2,1,13,0,0,1,1,1,1785532029
2026-07-31T21:13:45Z,655,8,4,0,4,1,1,1,1,1785532256
2026-07-31T21:13:45Z,656,4,2,15,0,0,1,1,1,1785532136
2026-07-31T21:13:45Z,657,9,4,4,2,2,1,1,1,1785532343
2026-07-31T21:13:45Z,658,8,1,2,0,0,1,1,1,1785530465
2026-07-31T21:13:45Z,659,7,5,6,2,0,1,1,1,1785529408
2026-07-31T21:13:45Z,660,21,6,6,4,0,1,1,1,1785532333
2026-07-31T21:13:45Z,661,14,3,4,1,0,1,1,1,1785532312
2026-07-31T21:13:45Z,662,4,2,15,4,0,1,1,1,1785532360
2026-07-31T21:13:45Z,663,7,2,8,0,0,1,1,1,1785531726
2026-07-31T21:13:45Z,664,14,0,13,0,0,1,1,1,1785531997
2026-07-31T21:13:45Z,665,9,4,6,0,0,1,1,1,1785532275
2026-07-31T21:13:45Z,666,5,2,7,3,0,1,1,1,1785532109
2026-07-31T21:13:45Z,667,17,3,1,1,0,1,1,1,1785532388
2026-07-31T21:13:45Z,668,2,0,17,0,0,1,1,1,1785532110
2026-07-31T21:13:45Z,669,9,3,3,2,0,1,1,1,1785531601
2026-07-31T21:13:45Z,670,17,0,8,2,0,1,1,1,1785531177
2026-07-31T21:13:45Z,671,22,3,5,0,0,1,1,1,1785532337
2026-07-31T21:13:45Z,672,8,1,12,2,1,1,1,1,1785531528
2026-07-31T21:13:45Z,673,9,0,14,0,0,1,1,1,1785531532
2026-07-31T21:13:45Z,674,1,1,20,2,0,1,1,1,1785532375
2026-07-31T21:13:45Z,675,2,1,10,3,0,1,1,1,1785532147
2026-07-31T21:13:45Z,676,8,2,13,1,0,1,1,1,1785532347
2026-07-31T21:13:45Z,681,11,0,1,2,1,1,1,1,1785532198
2026-07-31T21:13:45Z,682,6,1,13,0,0,1,1,1,1785529048
2026-07-31T21:13:45Z,683,1,1,18,0,0,1,1,1,1785527602
2026-07-31T21:13:45Z,684,3,1,24,0,0,1,1,1,1785518528
2026-07-31T21:13:45Z,685,4,0,21,1,1,1,1,1,1785531808
2026-07-31T21:13:45Z,686,10,0,14,3,0,1,1,1,1785532400
2026-07-31T21:13:45Z,687,12,1,17,1,1,1,1,1,1785532112
2026-07-31T21:13:45Z,688,12,1,7,0,0,1,1,1,1785532345
2026-07-31T21:13:45Z,692,5,2,16,0,0,1,1,1,1785532199
2026-07-31T21:13:45Z,693,6,0,2,3,0,1,1,1,1785530631
2026-07-31T21:13:45Z,694,10,5,11,0,0,1,1,1,1785532303
2026-07-31T21:13:45Z,695,7,6,16,0,0,1,1,1,1785531758
2026-07-31T21:13:45Z,696,13,9,9,1,0,1,1,1,1785532415
2026-07-31T21:13:45Z,697,18,6,4,1,0,1,1,1,1785532222
2026-07-31T21:13:45Z,698,25,0,2,0,0,1,1,1,1785532239
2026-07-31T21:13:45Z,699,5,0,9,1,0,1,1,1,1785531013
2026-07-31T21:13:45Z,700,16,0,1,2,0,1,1,1,1785532288
2026-07-31T21:13:45Z,701,12,2,7,0,0,1,1,1,1785532116
2026-07-31T21:13:45Z,702,5,1,17,1,0,1,1,1,1785531196
2026-07-31T21:13:45Z,704,2,0,13,0,0,1,1,1,1785531790
2026-07-31T21:13:45Z,705,3,2,12,0,0,1,1,1,1785531257
2026-07-31T21:13:45Z,706,5,1,8,2,0,1,1,1,1785532379
2026-07-31T21:13:45Z,707,7,1,8,0,0,1,1,1,1785531136
2026-07-31T21:13:45Z,708,9,0,9,1,0,1,1,1,1785532116
2026-07-31T21:13:45Z,709,4,0,8,3,0,1,1,1,1785531864
2026-07-31T21:13:45Z,710,1,1,17,1,0,1,1,1,1785531847
2026-07-31T21:13:45Z,711,6,2,14,3,0,1,1,1,1785532070
2026-07-31T21:13:45Z,712,10,8,5,0,0,1,1,1,1785532408
2026-07-31T21:13:45Z,713,2,1,21,0,0,1,1,1,1785531736
2026-07-31T21:13:45Z,716,4,3,11,0,0,1,1,1,1785530919
2026-07-31T21:13:45Z,717,4,2,19,2,0,1,1,1,1785532150
2026-07-31T21:13:45Z,718,6,1,7,2,0,1,1,1,1785532292
2026-07-31T21:13:45Z,719,7,1,22,0,0,1,1,1,1785532051
2026-07-31T21:13:45Z,720,0,0,19,0,0,1,1,1,1785531189
2026-07-31T21:13:45Z,721,6,0,14,3,0,1,1,1,1785532082
2026-07-31T21:13:45Z,722,7,1,8,0,0,1,1,1,1785530962
2026-07-31T21:13:45Z,723,13,2,10,0,0,1,1,1,1785531170
2026-07-31T21:13:45Z,724,10,2,13,0,0,1,1,1,1785532280
2026-07-31T21:13:45Z,725,1,0,21,1,0,1,1,1,1785531915
2026-07-31T21:13:45Z,726,6,1,12,1,0,1,1,1,1785532350
2026-07-31T21:13:45Z,727,10,5,12,1,0,1,1,1,1785532033
2026-07-31T21:13:45Z,728,9,0,5,1,0,1,1,1,1785531492
2026-07-31T21:13:45Z,729,2,0,17,0,0,1,1,1,1785532301
2026-07-31T21:13:45Z,730,0,0,12,3,0,1,1,1,1785532091
2026-07-31T21:13:45Z,731,7,3,6,2,0,1,1,1,1785532055
2026-07-31T21:13:45Z,732,3,2,12,0,0,1,1,1,1785532248
2026-07-31T21:13:45Z,733,8,0,19,0,0,1,1,1,1785532203
2026-07-31T21:13:45Z,734,5,2,9,0,0,1,1,1,1785532140
2026-07-31T21:13:45Z,735,17,10,10,0,0,1,1,1,1785532383
2026-07-31T21:13:45Z,736,12,1,7,0,0,1,1,1,1785532113
2026-07-31T21:13:45Z,737,2,1,12,0,1,1,1,1,1785531711
2026-07-31T21:13:45Z,738,16,5,3,0,0,1,1,1,1785531870
2026-07-31T21:13:45Z,739,17,0,9,1,0,1,1,1,1785531413
2026-07-31T21:13:45Z,741,7,0,16,0,0,1,1,1,1785531559
2026-07-31T21:13:45Z,742,18,11,16,1,0,1,1,1,1785531901
2026-07-31T21:13:45Z,743,5,2,14,0,0,1,1,1,1785531437
2026-07-31T21:13:45Z,744,7,1,7,1,0,1,1,1,1785531728
2026-07-31T21:13:45Z,745,12,4,7,0,0,1,1,1,1785531953
2026-07-31T21:13:45Z,746,0,0,22,1,0,1,1,1,1785532368
2026-07-31T21:13:45Z,747,0,0,4,0,0,0,1,1,1783446606
2026-07-31T21:13:45Z,748,8,0,15,0,0,1,1,1,1785530994
2026-07-31T21:13:45Z,749,1,1,22,0,0,1,1,1,1785531503
2026-07-31T21:13:45Z,750,6,2,4,1,0,1,1,1,1785531819
2026-07-31T21:13:45Z,751,20,15,3,0,0,1,1,1,1785532301
2026-07-31T21:13:45Z,752,6,1,10,1,0,1,1,1,1785532353
2026-07-31T21:13:45Z,753,1,0,13,1,0,1,1,1,1785532028
2026-07-31T21:13:45Z,754,7,2,8,0,0,1,1,1,1785532403
2026-07-31T21:13:45Z,755,12,2,10,1,0,1,1,1,1785532120
2026-07-31T21:13:45Z,756,13,12,23,1,0,1,1,1,1785532409
2026-07-31T21:13:45Z,757,1,1,18,0,0,1,1,1,1785532367
2026-07-31T21:13:45Z,758,1,1,22,0,0,1,1,1,1785532377
2026-07-31T21:13:45Z,759,0,0,0,0,0,1,1,1,86400
2026-07-31T21:13:45Z,760,9,2,10,0,0,1,1,1,1785531870
2026-07-31T21:13:45Z,761,4,1,19,0,0,1,1,1,1785532333
2026-07-31T21:13:45Z,762,4,2,6,5,0,1,1,1,1785531239
2026-07-31T21:13:45Z,768,7,0,8,4,0,1,1,1,1785532308
2026-07-31T21:13:45Z,769,12,11,6,1,0,1,1,1,1785532344
2026-07-31T21:13:45Z,770,6,2,11,2,0,1,1,1,1785531751
2026-07-31T21:13:45Z,771,12,1,2,1,0,1,1,1,1785532238
2026-07-31T21:13:45Z,772,0,0,15,0,0,1,1,1,1785532099
2026-07-31T21:13:45Z,773,17,3,2,0,0,1,1,1,1785532411
2026-07-31T21:13:45Z,774,6,1,5,4,0,1,1,1,1785531535
2026-07-31T21:13:45Z,775,6,0,11,1,1,1,1,1,1785532361
2026-07-31T21:13:45Z,776,2,1,18,1,0,1,1,1,1785532021
2026-07-31T21:13:45Z,777,12,3,3,0,0,1,1,1,1785531875
2026-07-31T21:13:45Z,778,12,0,3,4,0,1,1,1,1785531915
2026-07-31T21:13:45Z,779,6,0,12,1,0,1,1,1,1785530910
2026-07-31T21:13:45Z,780,2,1,17,0,0,1,1,1,1785532398
2026-07-31T21:13:45Z,781,3,1,6,2,0,1,1,1,1785532355
2026-07-31T21:13:45Z,782,0,0,15,4,0,1,1,1,1785531449
2026-07-31T21:13:45Z,783,7,2,12,0,0,1,1,1,1785531738
2026-07-31T21:13:45Z,784,3,0,16,0,0,1,1,1,1785532115
2026-07-31T21:13:45Z,785,9,2,4,6,0,1,1,1,1785531774
2026-07-31T21:13:45Z,786,10,5,9,0,0,1,1,1,1785532384
2026-07-31T21:13:45Z,787,4,2,10,1,0,1,1,1,1785531948
2026-07-31T21:13:45Z,788,5,1,10,0,0,1,1,1,1785531168
2026-07-31T21:13:45Z,789,8,2,3,4,0,1,1,1,1785531445
2026-07-31T21:13:45Z,790,2,0,21,0,0,1,1,1,1785532312
2026-07-31T21:13:45Z,791,10,0,8,0,1,1,1,1,1785531498
2026-07-31T21:13:45Z,793,4,0,10,1,0,1,1,1,1785531497
2026-07-31T21:13:45Z,794,12,2,15,2,0,1,1,1,1785532383
2026-07-31T21:13:45Z,796,5,3,13,1,0,1,1,1,1785531647
2026-07-31T21:13:45Z,797,5,2,10,0,0,1,1,1,1785530889
2026-07-31T21:13:45Z,798,19,0,5,1,0,1,1,1,1785532223
2026-07-31T21:13:45Z,799,13,2,2,4,0,1,1,1,1785531343
2026-07-31T21:13:45Z,800,1,0,19,1,0,1,1,1,1785532104
2026-07-31T21:13:45Z,801,2,2,18,1,0,1,1,1,1785532340
2026-07-31T21:13:45Z,802,8,0,23,0,0,1,1,1,1785531612
2026-07-31T21:13:45Z,803,1,0,14,0,0,1,1,1,1785531135
2026-07-31T21:13:45Z,806,0,0,14,1,0,1,1,1,1785530851
2026-07-31T21:13:45Z,807,11,7,12,2,0,1,1,1,1785532217
2026-07-31T21:13:45Z,808,19,7,4,2,0,1,1,1,1785531988
2026-07-31T21:13:45Z,809,4,1,18,1,0,1,1,1,1785531387
2026-07-31T21:13:45Z,810,4,2,13,2,0,1,1,1,1785531792
2026-07-31T21:13:45Z,815,1,1,8,5,1,1,1,1,1785531959
2026-07-31T21:13:45Z,817,13,6,2,0,0,1,1,1,1785532231
2026-07-31T21:13:45Z,818,6,1,17,0,0,1,1,1,1785532013
2026-07-31T21:13:45Z,819,8,4,7,0,0,1,1,1,1785532007
2026-07-31T21:13:45Z,820,9,0,8,0,0,1,1,1,1785532363
2026-07-31T21:13:45Z,821,4,3,11,0,0,1,1,1,1785532243
2026-07-31T21:13:45Z,822,12,0,9,2,0,1,1,1,1785532413
2026-07-31T21:13:45Z,823,15,2,0,0,0,1,1,1,1785532209
2026-07-31T21:13:45Z,824,4,3,15,0,0,1,1,1,1785532358
2026-07-31T21:13:45Z,825,5,4,10,0,0,1,1,1,1785530396
2026-07-31T21:13:45Z,826,7,1,10,2,0,1,1,1,1785532352
2026-07-31T21:13:45Z,827,18,4,1,2,0,1,1,1,1785531900
2026-07-31T21:13:45Z,828,11,1,5,2,0,1,1,1,1785531730
2026-07-31T21:13:45Z,829,17,6,10,0,0,1,1,1,1785530843
2026-07-31T21:13:45Z,830,17,0,5,1,0,1,1,1,1785531850
2026-07-31T21:13:45Z,831,7,3,6,2,0,1,1,1,1785532290
2026-07-31T21:13:45Z,832,8,3,7,3,0,1,1,1,1785531074
2026-07-31T21:13:45Z,833,1,1,17,1,0,1,1,1,1785530821
2026-07-31T21:13:45Z,834,16,0,6,2,0,1,1,1,1785532411
2026-07-31T21:13:45Z,835,3,1,13,2,0,1,1,1,1785532405
2026-07-31T21:13:45Z,838,0,0,13,2,0,1,1,1,1785532184
2026-07-31T21:13:45Z,839,19,0,10,0,0,1,1,1,1785532412
2026-07-31T21:13:45Z,840,0,0,28,1,0,1,1,1,1785532267
2026-07-31T21:13:45Z,841,7,1,8,0,0,1,1,1,1785530887
2026-07-31T21:13:45Z,842,2,0,21,0,0,1,1,1,1785530808
2026-07-31T21:13:45Z,843,13,2,18,0,0,1,1,1,1785531181
2026-07-31T21:13:45Z,844,4,0,19,0,0,1,1,1,1785532145
2026-07-31T21:13:45Z,845,4,3,13,2,0,1,1,1,1785531154
2026-07-31T21:13:45Z,846,3,1,15,1,0,1,1,1,1785532107
2026-07-31T21:13:45Z,847,6,1,20,1,0,1,1,1,1785532013
2026-07-31T21:13:45Z,848,2,1,16,1,0,1,1,1,1785532213
2026-07-31T21:13:45Z,849,8,0,6,1,0,1,1,1,1785531918
2026-07-31T21:13:45Z,850,5,0,6,0,0,1,1,1,1785532004
2026-07-31T21:13:45Z,851,4,3,30,3,0,1,1,1,1785532247
2026-07-31T21:13:45Z,852,9,3,10,0,0,1,1,1,1785530836
2026-07-31T21:13:45Z,853,11,5,12,0,0,1,1,1,1785531812
2026-07-31T21:13:45Z,854,2,1,13,0,0,1,1,1,1785531769
2026-07-31T21:13:45Z,855,27,0,0,0,0,1,1,1,1785531482
2026-07-31T21:13:45Z,857,5,5,12,2,0,1,1,1,1785531920
2026-07-31T21:13:45Z,858,5,2,13,1,0,1,1,1,1785531559
2026-07-31T21:13:45Z,859,8,0,12,1,0,1,1,1,1785531749
2026-07-31T21:13:45Z,861,6,0,4,1,0,1,1,1,1785528609
2026-07-31T21:13:45Z,862,4,2,11,0,0,1,1,1,1785530930
2026-07-31T21:13:45Z,863,13,0,5,1,0,1,1,1,1785529013
2026-07-31T21:13:45Z,866,12,3,7,0,0,1,1,1,1785531309
2026-07-31T21:13:45Z,867,14,2,1,0,0,1,1,1,1785532346
2026-07-31T21:13:45Z,868,7,0,8,0,0,1,1,1,1785530783
2026-07-31T21:13:45Z,870,9,5,6,0,0,1,1,1,1785531011
2026-07-31T21:13:45Z,871,0,0,10,1,0,1,1,1,1785532150
2026-07-31T21:13:45Z,872,1,0,13,1,0,1,1,1,1785532029
2026-07-31T21:13:45Z,873,13,0,19,1,0,1,1,1,1785532415
2026-07-31T21:13:45Z,874,4,0,8,3,0,1,1,1,1785531056
2026-07-31T21:13:45Z,875,13,9,1,1,0,1,1,1,1785532038
2026-07-31T21:13:45Z,877,13,12,6,0,0,1,1,1,1785530606
2026-07-31T21:13:45Z,878,3,3,16,0,0,1,1,1,1785531181
2026-07-31T21:13:45Z,879,2,0,17,0,0,1,1,1,1785532030
2026-07-31T21:13:45Z,880,1,0,21,1,0,1,1,1,1785532036
2026-07-31T21:13:45Z,881,3,0,16,0,0,1,1,1,1785531042
2026-07-31T21:13:45Z,882,9,4,9,1,0,1,1,1,1785513298
2026-07-31T21:13:45Z,883,4,1,15,0,0,1,1,1,1785531237
2026-07-31T21:13:45Z,884,10,6,11,0,0,1,1,1,1785530626
2026-07-31T21:13:45Z,885,0,0,19,0,0,1,1,1,1785530842
2026-07-31T21:13:45Z,886,8,2,20,1,0,1,1,1,1785531913
2026-07-31T21:13:45Z,887,9,4,5,3,0,1,1,1,1785531584
2026-07-31T21:13:45Z,888,3,0,36,2,0,1,1,1,1785532404
2026-07-31T21:13:45Z,889,2,1,15,2,0,1,1,1,1785532249
2026-07-31T21:13:45Z,890,8,4,7,0,0,1,1,1,1785527402
2026-07-31T21:13:45Z,891,21,0,2,0,0,1,1,1,1785532206
2026-07-31T21:13:45Z,892,11,1,4,0,0,1,1,1,1785530978
2026-07-31T21:13:45Z,895,3,0,16,0,0,1,1,1,1785527858
2026-07-31T21:13:45Z,896,10,2,25,0,0,1,1,1,1785532337
2026-07-31T21:13:45Z,897,14,1,7,0,0,1,1,1,1785531957
2026-07-31T21:13:45Z,898,2,0,17,0,0,1,1,1,1785530831
2026-07-31T21:13:45Z,899,5,1,13,1,0,1,1,1,1785531806
2026-07-31T21:13:45Z,900,5,0,22,0,0,1,1,1,1785532417
2026-07-31T21:13:45Z,901,1,0,17,1,0,1,1,1,1785531530
2026-07-31T21:13:45Z,902,5,1,10,0,0,1,1,1,1785532336
2026-07-31T21:13:45Z,903,7,2,11,1,0,1,1,1,1785532054
2026-07-31T21:13:45Z,904,10,4,8,1,0,1,1,1,1785531161
2026-07-31T21:13:45Z,905,10,1,16,1,0,1,1,1,1785532264
2026-07-31T21:13:45Z,906,18,6,8,1,0,1,1,1,1785532304
2026-07-31T21:13:45Z,907,9,0,22,0,0,1,1,1,1785532305
2026-07-31T21:13:45Z,908,9,1,14,0,0,1,1,1,1785531174
2026-07-31T21:13:45Z,909,10,9,13,0,0,1,1,1,1785532341
2026-07-31T21:13:45Z,910,10,0,18,3,0,1,1,1,1785532416
2026-07-31T21:13:45Z,911,4,1,15,0,0,1,1,1,1785530691
2026-07-31T21:13:45Z,912,6,1,16,1,0,1,1,1,1785532332
2026-07-31T21:13:45Z,913,7,4,12,0,0,1,1,1,1785531688
2026-07-31T21:13:45Z,914,14,0,4,1,0,1,1,1,1785532028
2026-07-31T21:13:45Z,915,13,0,8,2,0,1,1,1,1785532396
2026-07-31T21:13:45Z,916,3,0,20,0,0,1,1,1,1785531964
2026-07-31T21:13:45Z,917,10,0,24,1,0,1,1,1,1785532120
2026-07-31T21:13:45Z,918,4,1,13,2,0,1,1,1,1785532412
2026-07-31T21:13:45Z,919,18,0,20,1,0,1,1,1,1785532351
2026-07-31T21:13:45Z,920,7,2,12,0,0,1,1,1,1785531470
2026-07-31T21:13:45Z,921,12,0,9,0,0,1,1,1,1785532376
2026-07-31T21:13:45Z,922,2,1,19,0,0,1,1,1,1785531705
2026-07-31T21:13:45Z,923,2,1,17,0,0,1,1,1,1785532366
2026-07-31T21:13:45Z,924,5,0,15,1,0,1,1,1,1785531862
2026-07-31T21:13:45Z,925,11,0,10,0,0,1,1,1,1785531366
2026-07-31T21:13:45Z,926,1,0,20,0,0,1,1,1,1785531446
2026-07-31T21:13:45Z,927,30,4,4,1,0,1,1,1,1785532256
2026-07-31T21:13:45Z,928,0,0,19,0,0,0,1,1,1785500252
2026-07-31T21:13:45Z,929,18,0,5,0,0,1,1,1,1785532318
2026-07-31T21:13:45Z,930,8,0,22,1,0,1,1,1,1785531161
2026-07-31T21:13:45Z,931,4,2,18,1,0,1,1,1,1785532098
2026-07-31T21:13:45Z,932,6,0,11,2,0,1,1,1,1785532360
2026-07-31T21:13:45Z,933,20,1,1,2,0,1,1,1,1785532269
2026-07-31T21:13:45Z,934,22,0,8,1,0,1,1,1,1785532380
2026-07-31T21:13:45Z,935,1,0,17,1,0,1,1,1,1785532376
2026-07-31T21:13:45Z,936,9,0,10,0,0,1,1,1,1785532194
2026-07-31T21:13:45Z,940,1,0,9,1,0,1,1,1,1785532173
2026-07-31T21:13:45Z,941,17,1,5,3,0,1,1,1,1785531659
2026-07-31T21:13:45Z,942,18,1,3,0,0,1,1,1,1785531956
2026-07-31T21:13:45Z,943,8,8,7,0,0,1,1,1,1785531002
2026-07-31T21:13:45Z,944,10,8,5,0,0,1,1,1,1785530848
2026-07-31T21:13:45Z,945,10,8,5,0,0,1,1,1,1785532186
2026-07-31T21:13:45Z,946,7,5,12,0,0,1,1,1,1785523835
2026-07-31T21:13:45Z,947,7,5,10,0,0,1,1,1,1785530869
2026-07-31T21:13:45Z,948,14,11,13,4,0,1,1,1,1785531861
2026-07-31T21:13:45Z,949,4,2,10,1,0,1,1,1,1785532359
2026-07-31T21:13:45Z,950,5,1,10,2,0,1,1,1,1785532141
2026-07-31T21:13:45Z,951,18,6,5,0,0,1,1,1,1785532175
2026-07-31T21:13:45Z,952,24,0,30,1,0,1,1,1,1785532308
2026-07-31T21:13:45Z,953,1,0,13,1,0,1,1,1,1785532166
2026-07-31T21:13:45Z,954,8,0,11,0,0,1,1,1,1785531402
2026-07-31T21:13:45Z,955,7,4,14,6,0,1,1,1,1785532069
2026-07-31T21:13:45Z,956,5,0,17,1,0,1,1,1,1785532387
2026-07-31T21:13:45Z,957,14,2,15,0,0,1,1,1,1785532259
2026-07-31T21:13:45Z,958,26,0,3,2,0,1,1,1,1785532391
2026-07-31T21:13:45Z,959,2,1,20,1,0,1,1,1,1785532114
2026-07-31T21:13:45Z,960,5,2,18,0,0,1,1,1,1785532303
2026-07-31T21:13:45Z,961,4,1,16,3,0,1,1,1,1785531815
2026-07-31T21:13:45Z,962,9,3,23,3,0,1,1,1,1785532137
2026-07-31T21:13:45Z,963,8,0,14,1,0,1,1,1,1785532272
2026-07-31T21:13:45Z,964,10,8,13,0,0,1,1,1,1785532408
2026-07-31T21:13:45Z,965,11,6,15,1,0,1,1,1,1785531542
2026-07-31T21:13:45Z,966,11,0,18,2,0,1,1,1,1785532260
2026-07-31T21:13:45Z,967,10,1,9,2,0,1,1,1,1785532379
2026-07-31T21:13:45Z,968,13,0,5,1,0,1,1,1,1785531436
2026-07-31T21:13:45Z,969,0,0,25,2,0,1,1,1,1785531344
2026-07-31T21:13:45Z,970,3,1,15,1,0,1,1,1,1785532356
2026-07-31T21:13:45Z,971,5,0,17,1,0,1,1,1,1785532251
2026-07-31T21:13:45Z,972,12,4,10,1,0,1,1,1,1785530884
2026-07-31T21:13:45Z,973,5,0,17,1,0,1,1,1,1785532338
2026-07-31T21:13:45Z,974,12,0,15,0,0,1,1,1,1785532331
2026-07-31T21:13:45Z,977,2,0,16,3,0,1,1,1,1785532280
2026-07-31T21:13:45Z,978,18,0,5,0,0,1,1,1,1785532320
2026-07-31T21:13:45Z,979,2,1,15,0,0,1,1,1,1785531479
2026-07-31T21:13:45Z,980,8,2,12,1,0,1,1,1,1785532306
2026-07-31T21:13:45Z,981,9,0,12,0,0,1,1,1,1785532199
2026-07-31T21:13:45Z,982,4,1,14,1,0,1,1,1,1785530924
2026-07-31T21:13:45Z,983,2,2,21,0,0,1,1,1,1785531897
2026-07-31T21:13:45Z,984,6,0,17,0,0,1,1,1,1785531165
2026-07-31T21:13:45Z,985,8,0,22,1,0,1,1,1,1785532397
2026-07-31T21:13:45Z,986,3,0,16,0,0,1,1,1,1785530926
2026-07-31T21:13:45Z,987,7,1,16,0,0,1,1,1,1785531503
2026-07-31T21:13:45Z,988,6,4,13,0,0,1,1,1,1785532201
2026-07-31T21:13:45Z,989,7,4,12,0,0,1,1,1,1785531894
2026-07-31T21:13:45Z,990,12,0,2,1,0,1,1,1,1785531091
2026-07-31T21:13:45Z,991,10,0,9,0,0,1,1,1,1785532369
2026-07-31T21:13:45Z,992,9,5,14,0,0,1,1,1,1785531718
2026-07-31T21:13:45Z,993,6,4,20,1,0,1,1,1,1785531992
2026-07-31T21:13:45Z,994,0,0,21,0,0,1,1,1,1785531963
2026-07-31T21:13:45Z,995,6,0,21,0,0,1,1,1,1785531172
2026-07-31T21:13:45Z,996,8,2,15,0,0,1,1,1,1785531005
2026-07-31T21:13:45Z,997,5,4,6,9,3,1,1,1,1785531647
2026-07-31T21:13:45Z,998,5,4,18,0,0,1,1,1,1785531262
2026-07-31T21:13:45Z,999,4,1,15,1,1,1,1,1,1785531128
2026-07-31T21:13:45Z,1000,0,0,21,0,0,1,1,1,1785531806
2026-07-31T21:13:45Z,1001,5,3,22,0,0,1,1,1,1785531326
2026-07-31T21:13:45Z,1002,3,2,27,1,0,1,1,1,1785531799
2026-07-31T21:13:45Z,1003,1,0,22,0,0,1,1,1,1785530900
2026-07-31T21:13:45Z,1004,9,2,14,0,0,1,1,1,1785532202
2026-07-31T21:13:45Z,1005,20,1,3,0,0,1,1,1,1785531090
2026-07-31T21:13:45Z,1006,8,4,11,0,0,1,1,1,1785531368
2026-07-31T21:13:45Z,1007,1,1,20,0,0,1,1,1,1785532358
2026-07-31T21:13:45Z,1008,8,7,15,0,0,1,1,1,1785531894
2026-07-31T21:13:45Z,1009,22,5,8,1,0,1,1,1,1785531804
2026-07-31T21:13:45Z,1010,8,2,19,0,0,1,1,1,1785530801
2026-07-31T21:13:45Z,1011,7,2,10,2,0,1,1,1,1785531268
2026-07-31T21:13:45Z,1012,5,3,16,2,0,1,1,1,1785530862
2026-07-31T21:13:45Z,1013,4,1,18,1,0,1,1,1,1785531422
2026-07-31T21:13:45Z,1014,8,4,15,0,0,1,1,1,1785531770
2026-07-31T21:13:45Z,1015,4,3,26,1,0,1,1,1,1785531733
2026-07-31T21:13:45Z,1016,10,5,21,0,0,1,1,1,1785530811
2026-07-31T21:13:45Z,1017,13,5,8,0,0,1,1,1,1785532071
2026-07-31T21:13:45Z,1018,6,2,16,0,0,1,1,1,1785531387
2026-07-31T21:13:45Z,1019,8,5,7,0,0,1,1,1,1785530808
2026-07-31T21:13:45Z,1020,19,5,2,0,0,1,1,1,1785531937
2026-07-31T21:13:45Z,1021,9,4,6,0,0,1,1,1,1785531609
2026-07-31T21:13:45Z,1022,14,0,13,0,0,1,1,1,1785531073
2026-07-31T21:13:45Z,1023,14,2,9,0,0,1,1,1,1785530695
2026-07-31T21:13:45Z,1024,4,2,15,0,0,1,1,1,1785531662
2026-07-31T21:13:45Z,1025,4,0,14,0,1,1,1,1,1785531053
2026-07-31T21:13:45Z,1026,12,9,18,1,0,1,1,1,1785532253
2026-07-31T21:13:45Z,1028,3,1,20,0,0,1,1,1,1785531035
2026-07-31T21:13:45Z,1029,12,10,3,0,0,1,1,1,1785531918
2026-07-31T21:13:45Z,1030,13,4,10,0,0,1,1,1,1785531731
2026-07-31T21:13:45Z,1031,9,1,10,0,0,1,1,1,1785532039
2026-07-31T21:13:45Z,1032,7,1,12,0,0,1,1,1,1785530895
2026-07-31T21:13:45Z,1033,9,5,10,0,0,1,1,1,1785531719
2026-07-31T21:13:45Z,1034,3,0,12,0,0,1,1,1,1785530877
2026-07-31T21:13:45Z,1035,0,0,18,1,0,1,1,1,1785531263
2026-07-31T21:13:45Z,1036,13,0,2,0,0,1,1,1,1785531459
2026-07-31T21:13:45Z,1037,0,0,18,1,0,1,1,1,1785531434
2026-07-31T21:13:45Z,1038,1,0,14,0,0,1,1,1,1785532381
2026-07-31T21:13:45Z,1039,8,1,11,0,0,1,1,1,1785532261
2026-07-31T21:13:45Z,1040,6,5,13,0,0,1,1,1,1785531152
2026-07-31T21:13:45Z,1041,10,2,9,0,0,1,1,1,1785530815
2026-07-31T21:13:45Z,1042,1,0,13,1,0,1,1,1,1785532276
2026-07-31T21:13:45Z,1043,9,5,9,1,0,1,1,1,1785531775
2026-07-31T21:13:45Z,1044,1,0,14,0,0,1,1,1,1785532101
2026-07-31T21:13:45Z,1045,9,0,10,0,0,1,1,1,1785530878
2026-07-31T21:13:45Z,1046,9,0,6,0,0,1,1,1,1785532062
2026-07-31T21:13:45Z,1047,4,0,17,0,0,1,1,1,1785531665
2026-07-31T21:13:45Z,1048,1,0,18,0,0,1,1,1,1785530857
2026-07-31T21:13:45Z,1049,0,0,21,0,0,1,1,1,1785530961
2026-07-31T21:13:45Z,1050,18,5,3,0,0,1,1,1,1785532063
2026-07-31T21:13:45Z,1051,8,3,13,0,0,1,1,1,1785531934
2026-07-31T21:13:45Z,1052,16,1,5,1,0,1,1,1,1785530753
2026-07-31T21:13:45Z,1053,2,1,13,0,0,1,1,1,1785531738
2026-07-31T21:13:45Z,1054,5,1,10,0,0,1,1,1,1785531007
2026-07-31T21:13:45Z,1055,9,2,10,0,0,1,1,1,1785531026
2026-07-31T21:13:45Z,1057,9,0,10,0,0,1,1,1,1785532337
2026-07-31T21:13:45Z,1058,17,1,38,1,0,1,1,1,1785532363
2026-07-31T21:13:45Z,1059,1,1,17,1,0,1,1,1,1785531881
2026-07-31T21:13:45Z,1060,16,0,21,0,0,1,1,1,1785532011
2026-07-31T21:13:45Z,1061,20,0,17,0,0,1,1,1,1785532384
2026-07-31T21:13:45Z,1062,7,1,10,0,0,1,1,1,1785532313
2026-07-31T21:13:45Z,1063,12,1,6,1,0,1,1,1,1785530938
2026-07-31T21:13:45Z,1064,3,0,19,1,0,1,1,1,1785531305
2026-07-31T21:13:45Z,1065,16,3,7,0,0,1,1,1,1785531551
2026-07-31T21:13:45Z,1066,12,2,11,0,0,1,1,1,1785531370
2026-07-31T21:13:45Z,1067,8,2,13,2,0,1,1,1,1785531646
2026-07-31T21:13:45Z,1068,5,2,15,3,0,1,1,1,1785531181
2026-07-31T21:13:45Z,1069,12,3,11,0,0,1,1,1,1785531184
2026-07-31T21:13:45Z,1070,12,2,11,0,0,1,1,1,1785531285
2026-07-31T21:13:45Z,1071,8,4,15,0,0,1,1,1,1785531322
2026-07-31T21:13:45Z,1072,11,1,11,1,0,1,1,1,1785531732
2026-07-31T21:13:45Z,1073,4,0,22,1,0,1,1,1,1785532141
2026-07-31T21:13:45Z,1074,41,3,9,3,0,1,1,1,1785532379
2026-07-31T21:13:45Z,1075,7,7,14,0,0,1,1,1,1785532032
2026-07-31T21:13:45Z,1076,15,12,6,0,0,1,1,1,1785532341
2026-07-31T21:13:45Z,1077,11,7,9,1,0,1,1,1,1785531596
2026-07-31T21:13:45Z,1078,10,9,11,0,0,1,1,1,1785531991
2026-07-31T21:13:45Z,1079,14,10,7,0,0,1,1,1,1785532234
2026-07-31T21:13:45Z,1080,11,8,8,2,0,1,1,1,1785531966
2026-07-31T21:13:45Z,1081,13,7,6,0,0,1,1,1,1785531724
2026-07-31T21:13:45Z,1082,11,10,12,0,0,1,1,1,1785531865
2026-07-31T21:13:45Z,1083,12,10,9,0,0,1,1,1,1785531832
2026-07-31T21:13:45Z,1084,9,7,12,0,0,1,1,1,1785532352
2026-07-31T21:13:45Z,1085,12,9,9,0,0,1,1,1,1785532206
2026-07-31T21:13:45Z,1086,11,9,9,1,0,1,1,1,1785532275
2026-07-31T21:13:45Z,1087,6,6,9,0,0,1,1,1,1785531976
2026-07-31T21:13:45Z,1088,10,7,5,0,0,1,1,1,1785530938
2026-07-31T21:13:45Z,1089,7,3,8,0,0,1,1,1,1785529453
2026-07-31T21:13:45Z,1090,7,6,8,0,0,1,1,1,1785531688
2026-07-31T21:13:45Z,1091,7,5,8,0,0,1,1,1,1785531889
2026-07-31T21:13:45Z,1092,9,8,6,0,0,1,1,1,1785532054
2026-07-31T21:13:45Z,1093,5,5,9,1,0,1,1,1,1785531962
2026-07-31T21:13:45Z,1094,10,9,9,0,0,1,1,1,1785530889
2026-07-31T21:13:45Z,1095,10,8,5,0,0,1,1,1,1785531062
2026-07-31T21:13:45Z,1096,10,8,8,1,0,1,1,1,1785531264
2026-07-31T21:13:45Z,1097,8,8,7,0,0,1,1,1,1785531457
2026-07-31T21:13:45Z,1098,9,7,10,0,0,1,1,1,1785532310
2026-07-31T21:13:45Z,1099,7,6,8,0,0,1,1,1,1785530724
2026-07-31T21:13:45Z,1100,6,4,23,0,0,1,1,1,1785532207
2026-07-31T21:13:45Z,1101,10,5,11,0,0,1,1,1,1785530650
2026-07-31T21:13:45Z,1102,9,4,4,0,0,1,1,1,1785531668
2026-07-31T21:13:45Z,1103,11,5,10,0,0,1,1,1,1785503681
2026-07-31T21:13:45Z,1104,11,6,10,0,0,1,1,1,1785532216
2026-07-31T21:13:45Z,1105,8,4,5,0,0,1,1,1,1785531551
2026-07-31T21:13:45Z,1106,10,5,11,0,0,1,1,1,1785530741
2026-07-31T21:13:45Z,1107,9,5,6,0,0,1,1,1,1785530987
2026-07-31T21:13:45Z,1108,8,4,16,2,1,1,1,1,1785531581
2026-07-31T21:13:45Z,1109,7,3,8,0,0,1,1,1,1785531270
2026-07-31T21:13:45Z,1110,12,4,9,0,0,1,1,1,1785532080
2026-07-31T21:13:45Z,1111,11,5,9,1,0,1,1,1,1785531978
2026-07-31T21:13:45Z,1112,23,0,30,0,0,1,1,1,1785532114
2026-07-31T21:13:45Z,1113,1,0,20,0,0,1,1,1,1785531999
2026-07-31T21:13:45Z,1115,12,1,7,4,0,1,1,1,1785531482
2026-07-31T21:13:45Z,1116,2,0,17,0,0,1,1,1,1785530915
2026-07-31T21:13:45Z,1117,2,0,19,2,0,1,1,1,1785531836
2026-07-31T21:13:45Z,1118,15,2,6,0,0,1,1,1,1785532297
2026-07-31T21:13:45Z,1119,8,2,9,0,0,1,1,1,1785532307
2026-07-31T21:13:45Z,1120,5,1,13,1,0,1,1,1,1785532301
2026-07-31T21:13:45Z,1121,3,0,17,1,0,1,1,1,1785530938
2026-07-31T21:13:45Z,1122,5,1,15,1,0,1,1,1,1785532342
2026-07-31T21:13:45Z,1123,10,8,11,2,0,1,1,1,1785532367
2026-07-31T21:13:45Z,1124,2,1,11,2,0,1,1,1,1785531809
2026-07-31T21:13:45Z,1125,16,1,7,0,0,1,1,1,1785531959
2026-07-31T21:13:45Z,1126,11,0,10,0,0,1,1,1,1785532045
2026-07-31T21:13:45Z,1127,2,2,17,0,0,1,1,1,1785532019
2026-07-31T21:13:45Z,1128,1,0,14,0,0,1,1,1,1785530884
2026-07-31T21:13:45Z,1129,2,1,17,2,0,1,1,1,1785530970
2026-07-31T21:13:45Z,1130,6,0,9,0,0,1,1,1,1785532404
2026-07-31T21:13:45Z,1131,2,1,46,1,0,1,1,1,1785532353
2026-07-31T21:13:45Z,1132,12,5,9,0,0,1,1,1,1785532352
2026-07-31T21:13:45Z,1133,8,6,9,4,0,1,1,1,1785531950
2026-07-31T21:13:45Z,1134,12,6,7,0,0,1,1,1,1785531710
2026-07-31T21:13:45Z,1135,12,6,9,0,0,1,1,1,1785532363
2026-07-31T21:13:45Z,1136,13,0,9,1,0,1,1,1,1785531790
2026-07-31T21:13:45Z,1137,12,0,3,0,0,1,1,1,1785532414
2026-07-31T21:13:45Z,1138,4,0,15,0,0,1,1,1,1785532192
2026-07-31T21:13:45Z,1139,13,2,6,2,0,1,1,1,1785532093
2026-07-31T21:13:45Z,1140,4,1,17,2,0,1,1,1,1785532329
2026-07-31T21:13:45Z,1141,9,5,12,0,0,1,1,1,1785532366
2026-07-31T21:13:45Z,1142,0,0,21,0,0,1,1,1,1785531556
2026-07-31T21:13:45Z,1143,21,0,8,0,0,1,1,1,1785532401
2026-07-31T21:13:45Z,1144,7,1,13,1,0,1,1,1,1785532260
2026-07-31T21:13:45Z,1145,11,5,9,1,0,1,1,1,1785531322
2026-07-31T21:13:45Z,1146,13,10,4,2,0,1,1,1,1785532341
2026-07-31T21:13:45Z,1147,12,1,7,0,0,1,1,1,1785532196
2026-07-31T21:13:45Z,1148,8,1,23,0,0,1,1,1,1785532321
2026-07-31T21:13:45Z,1149,3,3,17,5,0,1,1,1,1785532352
2026-07-31T21:13:45Z,1150,9,0,10,0,0,1,1,1,1785532200
2026-07-31T21:13:45Z,1151,7,0,14,0,0,1,1,1,1785531575
2026-07-31T21:13:45Z,1152,4,0,25,0,0,1,1,1,1785532297
2026-07-31T21:13:45Z,1153,22,2,0,1,0,1,1,1,1785531544
2026-07-31T21:13:45Z,1154,3,0,16,0,0,1,1,1,1785532124
2026-07-31T21:13:45Z,1155,3,1,15,3,0,1,1,1,1785532329
2026-07-31T21:13:45Z,1158,3,1,16,0,0,1,1,1,1785530800
2026-07-31T21:13:45Z,1159,12,0,7,0,0,1,1,1,1785531162
2026-07-31T21:13:45Z,1160,9,2,10,0,0,1,1,1,1785531091
2026-07-31T21:13:45Z,1161,3,0,15,1,0,1,1,1,1785531296
2026-07-31T21:13:45Z,1162,3,1,16,0,0,1,1,1,1785532310
2026-07-31T21:13:45Z,1163,2,1,16,1,0,1,1,1,1785530920
2026-07-31T21:13:45Z,1164,5,1,14,0,0,1,1,1,1785530976
2026-07-31T21:13:45Z,1165,1,0,20,0,0,1,1,1,1785531721
2026-07-31T21:13:45Z,1166,13,3,7,1,0,1,1,1,1785531781
2026-07-31T21:13:45Z,1167,4,0,11,0,0,1,1,1,1785530649
2026-07-31T21:13:45Z,1168,3,0,18,2,0,1,1,1,1785531212
2026-07-31T21:13:45Z,1169,3,0,15,1,0,1,1,1,1785530821
2026-07-31T21:13:45Z,1170,7,1,14,0,0,1,1,1,1785531218
2026-07-31T21:13:45Z,1171,9,8,14,0,0,1,1,1,1785530920
2026-07-31T21:13:45Z,1172,3,0,10,2,0,1,1,1,1785530968
2026-07-31T21:13:45Z,1173,13,4,6,0,0,1,1,1,1785531081
2026-07-31T21:13:45Z,1174,6,3,9,0,0,1,1,1,1785530725
2026-07-31T21:13:45Z,1175,5,3,14,0,0,1,1,1,1785531043
2026-07-31T21:13:45Z,1176,8,2,13,0,0,1,1,1,1785532121
2026-07-31T21:13:45Z,1177,3,1,18,0,0,1,1,1,1785532053
2026-07-31T21:13:45Z,1178,5,2,10,0,0,1,1,1,1785530649
2026-07-31T21:13:45Z,1181,11,0,4,0,0,1,1,1,1785531977
2026-07-31T21:13:45Z,1182,17,1,2,1,0,1,1,1,1785532060
2026-07-31T21:13:45Z,1183,20,0,23,2,0,1,1,1,1785532312
2026-07-31T21:13:45Z,1184,2,2,17,2,0,1,1,1,1785532411
2026-07-31T21:13:45Z,1185,9,5,12,0,0,1,1,1,1785532190
2026-07-31T21:13:45Z,1186,9,5,10,0,0,1,1,1,1785531350
2026-07-31T21:13:45Z,1187,10,5,10,1,0,1,1,1,1785531590
2026-07-31T21:13:45Z,1188,10,5,5,0,0,1,1,1,1785530984
2026-07-31T21:13:45Z,1189,9,4,10,0,0,1,1,1,1785531114
2026-07-31T21:13:45Z,1190,9,4,12,0,0,1,1,1,1785532345
2026-07-31T21:13:45Z,1191,10,5,5,0,0,1,1,1,1785530988
2026-07-31T21:13:45Z,1192,11,7,9,1,0,1,1,1,1785530892
2026-07-31T21:13:45Z,1193,6,4,5,2,0,1,1,1,1785531751
2026-07-31T21:13:45Z,1197,9,6,7,1,0,1,1,1,1785531769
2026-07-31T21:13:45Z,1198,13,4,6,2,0,1,1,1,1785531419
2026-07-31T21:13:45Z,1199,3,0,16,0,0,1,1,1,1785531407
2026-07-31T21:13:45Z,1200,9,5,6,0,0,1,1,1,1785531025
2026-07-31T21:13:45Z,1201,9,4,6,0,0,1,1,1,1785531000
2026-07-31T21:13:45Z,1202,10,5,5,0,0,1,1,1,1785531102
2026-07-31T21:13:45Z,1203,11,5,4,0,0,1,1,1,1785531006
2026-07-31T21:13:45Z,1204,7,4,12,0,0,1,1,1,1785530781
2026-07-31T21:13:45Z,1206,11,5,10,0,0,1,1,1,1785531836
2026-07-31T21:13:45Z,1207,8,4,6,1,0,1,1,1,1785531318
2026-07-31T21:13:45Z,1208,10,4,9,0,0,1,1,1,1785531262
2026-07-31T21:13:45Z,1216,9,0,11,1,0,1,1,1,1785532051
2026-07-31T21:13:45Z,1218,4,0,17,0,0,1,1,1,1785530633
2026-07-31T21:13:45Z,1219,2,1,10,3,0,1,1,1,1785532157
2026-07-31T21:13:45Z,1220,17,6,2,0,0,1,1,1,1785532089
2026-07-31T21:13:45Z,1221,1,1,19,1,0,1,1,1,1785531801
2026-07-31T21:13:45Z,1222,14,2,15,0,0,1,1,1,1785532001
2026-07-31T21:13:45Z,1223,24,0,4,1,0,1,1,1,1785532392
2026-07-31T21:13:45Z,1226,0,0,3,0,0,0,1,1,1781868931
2026-07-31T21:13:45Z,1227,5,0,19,1,0,1,1,1,1785531138
2026-07-31T21:13:45Z,1228,4,4,25,0,0,1,1,1,1785531998
2026-07-31T21:13:45Z,1229,44,2,0,1,0,1,1,1,1785532390
2026-07-31T21:18:45Z,1,8,1,15,0,0,1,1,1,1785532638
2026-07-31T21:18:45Z,2,15,0,9,3,0,1,1,1,1785532607
2026-07-31T21:18:45Z,3,9,1,4,1,0,1,1,1,1785532612
2026-07-31T21:18:45Z,4,21,0,0,1,0,1,1,1,1785532680
2026-07-31T21:18:45Z,5,16,3,5,2,0,1,1,1,1785530181
2026-07-31T21:18:45Z,6,4,0,11,0,0,1,1,1,1785531804
2026-07-31T21:18:45Z,7,7,0,32,0,0,1,1,1,1785532603
2026-07-31T21:18:45Z,8,10,0,33,0,0,1,1,1,1785532179
2026-07-31T21:18:45Z,9,15,0,7,1,0,1,1,1,1785532633
2026-07-31T21:18:45Z,10,1,0,20,2,0,1,1,1,1785531328
2026-07-31T21:18:45Z,11,6,0,11,2,0,1,1,1,1785532651
2026-07-31T21:18:45Z,12,21,0,2,0,0,1,1,1,1785532523
2026-07-31T21:18:45Z,13,8,0,22,0,0,1,1,1,1785532697
2026-07-31T21:18:45Z,14,39,0,3,0,1,1,1,1,1785532538
2026-07-31T21:18:45Z,15,15,0,0,0,0,1,1,1,1785530434
2026-07-31T21:18:45Z,16,1,0,23,2,1,1,1,1,1785532711
2026-07-31T21:18:45Z,17,9,1,17,1,0,1,1,1,1785532574
2026-07-31T21:18:45Z,18,5,0,11,2,0,1,1,1,1785532127
2026-07-31T21:18:45Z,19,10,2,14,3,0,1,1,1,1785532562
2026-07-31T21:18:45Z,20,19,2,16,0,0,1,1,1,1785532706
2026-07-31T21:18:45Z,21,9,0,8,2,0,1,1,1,1785532619
2026-07-31T21:18:45Z,22,26,2,39,0,0,1,1,1,1785532671
2026-07-31T21:18:45Z,23,16,6,13,2,0,1,1,1,1785532159
2026-07-31T21:18:45Z,24,6,1,4,1,0,1,1,1,1785532717
2026-07-31T21:18:45Z,25,73,3,6,2,0,1,1,1,1785532714
2026-07-31T21:18:45Z,26,24,0,3,0,0,1,1,1,1785532633
2026-07-31T21:18:45Z,28,11,1,4,0,0,1,1,1,1785532110
2026-07-31T21:18:45Z,30,12,0,15,2,0,1,1,1,1785532414
2026-07-31T21:18:45Z,31,13,0,4,2,0,1,1,1,1785532712
2026-07-31T21:18:45Z,32,9,4,18,0,0,1,1,1,1785532479
2026-07-31T21:18:45Z,34,16,0,21,0,0,1,1,1,1785532545
2026-07-31T21:18:45Z,35,19,0,28,0,0,1,1,1,1785532687
2026-07-31T21:18:45Z,36,0,0,0,0,0,0,1,1,86400
2026-07-31T21:18:45Z,37,11,2,11,1,0,1,1,1,1785532560
2026-07-31T21:18:45Z,38,5,0,18,0,0,1,1,1,1785532368
2026-07-31T21:18:45Z,39,16,3,23,0,0,1,1,1,1785532674
2026-07-31T21:18:45Z,40,7,1,14,0,0,1,1,1,1785532537
2026-07-31T21:18:45Z,41,31,0,12,0,0,1,1,1,1785532687
2026-07-31T21:18:45Z,42,6,3,24,1,0,1,1,1,1785532671
2026-07-31T21:18:45Z,43,10,0,13,0,0,1,1,1,1785532652
2026-07-31T21:18:45Z,45,10,0,19,0,0,1,1,1,1785532710
2026-07-31T21:18:45Z,46,2,0,26,3,0,1,1,1,1785532665
2026-07-31T21:18:45Z,47,2,1,12,1,0,1,1,1,1785532435
2026-07-31T21:18:45Z,48,17,0,10,0,0,1,1,1,1785532643
2026-07-31T21:18:45Z,49,0,0,19,4,0,1,1,1,1785532715
2026-07-31T21:18:45Z,50,5,4,13,1,0,1,1,1,1785532707
2026-07-31T21:18:45Z,51,45,0,32,0,0,1,1,1,1785532611
2026-07-31T21:18:45Z,52,4,1,20,3,0,1,1,1,1785532714
2026-07-31T21:18:45Z,55,11,1,12,0,0,1,1,1,1785532717
2026-07-31T21:18:45Z,56,11,0,32,0,0,1,1,1,1785532692
2026-07-31T21:18:45Z,57,9,0,18,0,0,1,1,1,1785532250
2026-07-31T21:18:45Z,58,0,0,28,0,0,1,1,1,1785532323
2026-07-31T21:18:45Z,59,0,0,25,2,0,1,1,1,1785532506
2026-07-31T21:18:45Z,61,34,0,5,0,0,1,1,1,1785532392
2026-07-31T21:18:45Z,62,22,18,26,1,0,1,1,1,1785532711
2026-07-31T21:18:45Z,63,15,2,4,0,0,1,1,1,1785532685
2026-07-31T21:18:45Z,64,12,1,3,4,0,1,1,1,1785530968
2026-07-31T21:18:45Z,65,8,4,10,1,0,1,1,1,1785530131
2026-07-31T21:18:45Z,67,27,0,12,0,0,1,1,1,1785532409
2026-07-31T21:18:45Z,68,33,1,3,1,0,1,1,1,1785532674
2026-07-31T21:18:45Z,69,4,0,11,0,0,1,1,1,1785532166
2026-07-31T21:18:45Z,71,16,0,8,3,0,1,1,1,1785532625
2026-07-31T21:18:45Z,72,28,5,0,2,1,1,1,1,1785532270
2026-07-31T21:18:45Z,73,5,0,26,0,0,1,1,1,1785532647
2026-07-31T21:18:45Z,74,1,0,18,0,0,1,1,1,1785532482
2026-07-31T21:18:45Z,75,11,0,20,1,0,1,1,1,1785532661
2026-07-31T21:18:45Z,76,7,0,11,1,0,1,1,1,1785532709
2026-07-31T21:18:45Z,77,4,0,23,0,0,1,1,1,1785532633
2026-07-31T21:18:45Z,78,4,2,19,0,0,1,1,1,1785532638
2026-07-31T21:18:45Z,79,1,0,15,1,0,1,1,1,1785532660
2026-07-31T21:18:45Z,80,10,2,10,3,0,1,1,1,1785532543
2026-07-31T21:18:45Z,81,1,0,30,0,0,1,1,1,1785532676
2026-07-31T21:18:45Z,82,14,8,8,1,0,1,1,1,1785532688
2026-07-31T21:18:45Z,83,4,1,28,2,0,1,1,1,1785532714
2026-07-31T21:18:45Z,84,3,2,24,0,0,1,1,1,1785532606
2026-07-31T21:18:45Z,85,11,0,4,0,0,1,1,1,1785532626
2026-07-31T21:18:45Z,86,1,1,26,0,0,1,1,1,1785532557
2026-07-31T21:18:45Z,87,1,0,18,0,0,1,1,1,1785532573
2026-07-31T21:18:45Z,88,9,3,33,1,0,1,1,1,1785532691
2026-07-31T21:18:45Z,89,30,2,4,1,0,1,1,1,1785531883
2026-07-31T21:18:45Z,90,4,0,13,1,0,1,1,1,1785532688
2026-07-31T21:18:45Z,91,0,0,16,1,0,1,1,1,1785532322
2026-07-31T21:18:45Z,92,1,1,15,3,0,1,1,1,1785532609
2026-07-31T21:18:45Z,93,5,0,18,0,0,1,1,1,1785532624
2026-07-31T21:18:45Z,94,13,0,5,1,0,1,1,1,1785531042
2026-07-31T21:18:45Z,95,2,0,31,1,1,1,1,1,1785532716
2026-07-31T21:18:45Z,96,12,2,18,1,0,1,1,1,1785532621
2026-07-31T21:18:45Z,97,2,1,13,2,0,1,1,1,1785532650
2026-07-31T21:18:45Z,98,29,7,6,0,0,1,1,1,1785532053
2026-07-31T21:18:45Z,99,10,0,5,0,0,1,1,1,1785531950
2026-07-31T21:18:45Z,100,1,0,26,0,0,1,1,1,1785532693
2026-07-31T21:18:45Z,101,11,0,3,1,0,1,1,1,1785532421
2026-07-31T21:18:45Z,102,13,2,10,0,0,1,1,1,1785532561
2026-07-31T21:18:45Z,103,16,0,11,3,0,1,1,1,1785532583
2026-07-31T21:18:45Z,104,18,0,7,2,0,1,1,1,1785532718
2026-07-31T21:18:45Z,105,17,0,2,0,0,1,1,1,1785532464
2026-07-31T21:18:45Z,106,16,1,4,1,0,1,1,1,1785532669
2026-07-31T21:18:45Z,107,24,0,13,0,0,1,1,1,1785532697
2026-07-31T21:18:45Z,108,7,1,26,2,0,1,1,1,1785532628
2026-07-31T21:18:45Z,109,17,0,6,0,0,1,1,1,1785532656
2026-07-31T21:18:45Z,110,15,0,8,0,0,1,1,1,1785532076
2026-07-31T21:18:45Z,111,13,2,23,0,0,1,1,1,1785532717
2026-07-31T21:18:45Z,112,11,1,3,1,0,1,1,1,1785532693
2026-07-31T21:18:45Z,113,5,0,13,1,0,1,1,1,1785532709
2026-07-31T21:18:45Z,114,13,6,15,2,1,1,1,1,1785532479
2026-07-31T21:18:45Z,115,17,11,7,4,0,1,1,1,1785532301
2026-07-31T21:18:45Z,116,12,11,14,1,0,1,1,1,1785532714
2026-07-31T21:18:45Z,118,15,2,5,3,0,1,1,1,1785532484
2026-07-31T21:18:45Z,119,2,0,34,2,0,1,1,1,1785532508
2026-07-31T21:18:45Z,120,2,0,23,2,0,1,1,1,1785532715
2026-07-31T21:18:45Z,121,0,0,16,2,1,1,1,1,1785532715
2026-07-31T21:18:45Z,122,3,1,18,0,0,1,1,1,1785532463
2026-07-31T21:18:45Z,123,13,3,34,0,0,1,1,1,1785532703
2026-07-31T21:18:45Z,124,11,2,24,0,0,1,1,1,1785532571
2026-07-31T21:18:45Z,125,0,0,22,1,0,1,1,1,1785532654
2026-07-31T21:18:45Z,126,25,3,6,0,0,1,1,1,1785532651
2026-07-31T21:18:45Z,127,14,4,20,1,0,1,1,1,1785532564
2026-07-31T21:18:45Z,128,2,0,17,0,0,1,1,1,1785532521
2026-07-31T21:18:45Z,129,2,1,14,3,0,1,1,1,1785532664
2026-07-31T21:18:45Z,130,0,0,17,0,0,1,1,1,1785531401
2026-07-31T21:18:45Z,131,7,5,4,0,0,1,1,1,1785532364
2026-07-31T21:18:45Z,132,5,3,9,0,1,1,1,1,1785531524
2026-07-31T21:18:45Z,134,16,2,3,4,0,1,1,1,1785532617
2026-07-31T21:18:45Z,135,4,0,14,1,0,1,1,1,1785531519
2026-07-31T21:18:45Z,136,0,0,14,3,6,1,1,1,1785532669
2026-07-31T21:18:45Z,137,5,4,13,1,0,1,1,1,1785532534
2026-07-31T21:18:45Z,138,6,1,31,0,0,1,1,1,1785532536
2026-07-31T21:18:45Z,139,0,0,18,1,0,1,1,1,1785532615
2026-07-31T21:18:45Z,140,2,2,19,2,0,1,1,1,1785532715
2026-07-31T21:18:45Z,141,5,4,31,0,0,1,1,1,1785532602
2026-07-31T21:18:45Z,142,3,2,20,0,0,1,1,1,1785532706
2026-07-31T21:18:45Z,143,3,0,28,0,0,1,1,1,1785532504
2026-07-31T21:18:45Z,144,17,0,10,0,0,1,1,1,1785532260
2026-07-31T21:18:45Z,146,10,0,12,1,0,1,1,1,1785532408
2026-07-31T21:18:45Z,147,2,0,14,3,0,1,1,1,1785532703
2026-07-31T21:18:45Z,148,0,0,23,4,0,1,1,1,1785532490
2026-07-31T21:18:45Z,149,2,0,25,0,0,1,1,1,1785532647
2026-07-31T21:18:45Z,150,8,1,25,2,0,1,1,1,1785532634
2026-07-31T21:18:45Z,151,2,0,21,0,0,1,1,1,1785532573
2026-07-31T21:18:45Z,152,1,0,22,3,0,1,1,1,1785532674
2026-07-31T21:18:45Z,153,4,0,22,2,0,1,1,1,1785532294
2026-07-31T21:18:45Z,154,11,1,9,3,0,1,1,1,1785532589
2026-07-31T21:18:45Z,155,1,0,12,1,0,1,1,1,1785532471
2026-07-31T21:18:45Z,156,3,0,16,0,0,1,1,1,1785532648
2026-07-31T21:18:45Z,157,4,0,21,2,0,1,1,1,1785532606
2026-07-31T21:18:45Z,158,8,0,7,1,0,1,1,1,1785532445
2026-07-31T21:18:45Z,159,7,2,10,2,0,1,1,1,1785532714
2026-07-31T21:18:45Z,160,2,0,17,0,0,1,1,1,1785531725
2026-07-31T21:18:45Z,161,20,0,2,0,0,1,1,1,1785532715
2026-07-31T21:18:45Z,162,19,11,5,3,0,1,1,1,1785532664
2026-07-31T21:18:45Z,163,5,0,25,0,1,1,1,1,1785532515
2026-07-31T21:18:45Z,164,15,1,12,0,0,1,1,1,1785532682
2026-07-31T21:18:45Z,165,26,4,4,1,0,1,1,1,1785532694
2026-07-31T21:18:45Z,166,4,2,31,4,0,1,1,1,1785532718
2026-07-31T21:18:45Z,167,7,0,15,1,0,1,1,1,1785532092
2026-07-31T21:18:45Z,168,21,2,3,3,0,1,1,1,1785532704
2026-07-31T21:18:45Z,169,8,0,14,0,1,1,1,1,1785532569
2026-07-31T21:18:45Z,170,5,1,13,1,0,1,1,1,1785532590
2026-07-31T21:18:45Z,171,7,1,4,2,0,1,1,1,1785532659
2026-07-31T21:18:45Z,173,11,3,28,0,0,1,1,1,1785532617
2026-07-31T21:18:45Z,174,4,0,22,0,0,1,1,1,1785532611
2026-07-31T21:18:45Z,175,28,3,1,2,0,1,1,1,1785532671
2026-07-31T21:18:45Z,176,10,3,2,2,1,1,1,1,1785532498
2026-07-31T21:18:45Z,177,1,1,24,2,0,1,1,1,1785532568
2026-07-31T21:18:45Z,178,7,0,5,2,1,1,1,1,1785532715
2026-07-31T21:18:45Z,179,12,6,1,2,0,1,1,1,1785532307
2026-07-31T21:18:45Z,180,0,0,30,0,0,1,1,1,1785532563
2026-07-31T21:18:45Z,181,0,0,15,0,0,1,1,1,1785532712
2026-07-31T21:18:45Z,182,4,2,13,0,0,1,1,1,1785532266
2026-07-31T21:18:45Z,183,6,5,16,1,0,1,1,1,1785532701
2026-07-31T21:18:45Z,184,18,0,3,2,0,1,1,1,1785532538
2026-07-31T21:18:45Z,185,6,5,7,1,1,1,1,1,1785531813
2026-07-31T21:18:45Z,186,5,2,14,0,0,1,1,1,1785532647
2026-07-31T21:18:45Z,187,0,0,27,1,0,1,1,1,1785532136
2026-07-31T21:18:45Z,188,12,4,7,7,1,1,1,1,1785532701
2026-07-31T21:18:45Z,189,7,3,8,0,0,1,1,1,1785532681
2026-07-31T21:18:45Z,190,16,0,6,1,0,1,1,1,1785532665
2026-07-31T21:18:45Z,191,7,6,32,0,0,1,1,1,1785532411
2026-07-31T21:18:45Z,192,6,0,23,2,0,1,1,1,1785532711
2026-07-31T21:18:45Z,193,5,4,9,1,0,1,1,1,1785532690
2026-07-31T21:18:45Z,194,3,2,24,0,0,1,1,1,1785532526
2026-07-31T21:18:45Z,195,0,0,19,0,0,1,1,1,1785532618
2026-07-31T21:18:45Z,196,5,5,20,2,0,1,1,1,1785532705
2026-07-31T21:18:45Z,197,1,0,17,0,1,1,1,1,1785532672
2026-07-31T21:18:45Z,198,11,10,10,2,0,1,1,1,1785532589
2026-07-31T21:18:45Z,199,5,1,9,1,0,1,1,1,1785532581
2026-07-31T21:18:45Z,200,10,8,16,0,0,1,1,1,1785532715
2026-07-31T21:18:45Z,201,2,2,21,0,0,1,1,1,1785532499
2026-07-31T21:18:45Z,202,2,0,25,0,0,1,1,1,1785532529
2026-07-31T21:18:45Z,203,7,1,23,1,0,1,1,1,1785532640
2026-07-31T21:18:45Z,204,20,2,14,1,0,1,1,1,1785532551
2026-07-31T21:18:45Z,205,8,0,19,0,0,1,1,1,1785532523
2026-07-31T21:18:45Z,206,1,0,13,1,0,1,1,1,1785532609
2026-07-31T21:18:45Z,207,19,1,2,0,0,1,1,1,1785532445
2026-07-31T21:18:45Z,208,2,1,27,0,0,1,1,1,1785531548
2026-07-31T21:18:45Z,209,26,1,4,1,0,1,1,1,1785532718
2026-07-31T21:18:45Z,210,6,2,21,0,0,1,1,1,1785532701
2026-07-31T21:18:45Z,211,1,0,21,1,0,1,1,1,1785532250
2026-07-31T21:18:45Z,212,4,0,30,1,0,1,1,1,1785532713
2026-07-31T21:18:45Z,213,16,6,6,1,0,1,1,1,1785532717
2026-07-31T21:18:45Z,214,46,9,0,1,0,1,1,1,1785532715
2026-07-31T21:18:45Z,215,18,5,4,1,0,1,1,1,1785532713
2026-07-31T21:18:45Z,216,7,4,11,1,0,1,1,1,1785532674
2026-07-31T21:18:45Z,217,18,0,10,1,0,1,1,1,1785532713
2026-07-31T21:18:45Z,218,16,8,19,4,0,1,1,1,1785532700
2026-07-31T21:18:45Z,219,14,0,11,1,0,1,1,1,1785532630
2026-07-31T21:18:45Z,220,18,8,24,0,1,1,1,1,1785532487
2026-07-31T21:18:45Z,221,1,0,13,1,0,1,1,1,1785532658
2026-07-31T21:18:45Z,222,2,1,16,1,0,1,1,1,1785532707
2026-07-31T21:18:45Z,223,7,0,25,3,0,1,1,1,1785532703
2026-07-31T21:18:45Z,224,1,1,20,1,0,1,1,1,1785532519
2026-07-31T21:18:45Z,225,13,6,3,3,0,1,1,1,1785532712
2026-07-31T21:18:45Z,226,27,3,3,1,0,1,1,1,1785532526
2026-07-31T21:18:45Z,227,1,0,25,1,0,1,1,1,1785532687
2026-07-31T21:18:45Z,228,2,1,15,2,0,1,1,1,1785532592
2026-07-31T21:18:45Z,230,8,0,18,0,0,1,1,1,1785532552
2026-07-31T21:18:45Z,232,4,0,12,1,0,1,1,1,1785532650
2026-07-31T21:18:45Z,233,10,7,20,1,0,1,1,1,1785532322
2026-07-31T21:18:45Z,234,11,3,2,4,2,1,1,1,1785532359
2026-07-31T21:18:45Z,236,17,2,2,0,0,1,1,1,1785532681
2026-07-31T21:18:45Z,237,0,0,22,1,0,1,1,1,1785532433
2026-07-31T21:18:45Z,239,4,4,22,1,0,1,1,1,1785532394
2026-07-31T21:18:45Z,241,8,6,14,1,0,1,1,1,1785532065
2026-07-31T21:18:45Z,242,7,2,15,1,0,1,1,1,1785532662
2026-07-31T21:18:45Z,243,13,8,14,4,0,1,1,1,1785532683
2026-07-31T21:18:45Z,244,1,1,24,2,0,1,1,1,1785532426
2026-07-31T21:18:45Z,245,10,5,13,0,0,1,1,1,1785532429
2026-07-31T21:18:45Z,246,7,5,15,1,0,1,1,1,1785532536
2026-07-31T21:18:45Z,247,7,5,14,2,0,1,1,1,1785532589
2026-07-31T21:18:45Z,248,11,7,10,2,0,1,1,1,1785532695
2026-07-31T21:18:45Z,249,17,15,1,1,0,1,1,1,1785532665
2026-07-31T21:18:45Z,250,1,0,20,6,0,1,1,1,1785532629
2026-07-31T21:18:45Z,251,20,10,2,5,0,1,1,1,1785532692
2026-07-31T21:18:45Z,253,2,2,17,0,0,1,1,1,1785532467
2026-07-31T21:18:45Z,254,5,3,37,1,0,1,1,1,1785532708
2026-07-31T21:18:45Z,255,10,0,12,0,1,1,1,1,1785532711
2026-07-31T21:18:45Z,256,0,0,21,2,0,1,1,1,1785532663
2026-07-31T21:18:45Z,257,3,1,16,0,0,1,1,1,1785532462
2026-07-31T21:18:45Z,258,11,6,6,2,0,1,1,1,1785532666
2026-07-31T21:18:45Z,259,14,0,8,0,1,1,1,1,1785532207
2026-07-31T21:18:45Z,260,0,0,18,1,0,1,1,1,1785531499
2026-07-31T21:18:45Z,261,2,0,15,1,1,1,1,1,1785532426
2026-07-31T21:18:45Z,262,4,0,18,1,0,1,1,1,1785532650
2026-07-31T21:18:45Z,263,2,0,12,1,0,1,1,1,1785532582
2026-07-31T21:18:45Z,264,1,1,18,0,0,1,1,1,1785532700
2026-07-31T21:18:45Z,265,7,0,8,0,0,1,1,1,1785532569
2026-07-31T21:18:45Z,266,11,6,7,1,0,1,1,1,1785532182
2026-07-31T21:18:45Z,267,9,4,5,1,0,1,1,1,1785531709
2026-07-31T21:18:45Z,268,19,7,3,1,0,1,1,1,1785532323
2026-07-31T21:18:45Z,269,8,5,15,0,0,1,1,1,1785532668
2026-07-31T21:18:45Z,270,3,0,23,1,0,1,1,1,1785532078
2026-07-31T21:18:45Z,271,4,0,13,2,0,1,1,1,1785532095
2026-07-31T21:18:45Z,272,8,2,15,0,0,1,1,1,1785532548
2026-07-31T21:18:45Z,273,2,1,13,0,0,1,1,1,1785532680
2026-07-31T21:18:45Z,274,4,2,14,1,0,1,1,1,1785532539
2026-07-31T21:18:45Z,275,12,0,7,4,0,1,1,1,1785532602
2026-07-31T21:18:45Z,276,1,1,25,1,0,1,1,1,1785532264
2026-07-31T21:18:45Z,277,6,5,13,4,0,1,1,1,1785532316
2026-07-31T21:18:45Z,278,11,9,17,3,0,1,1,1,1785532703
2026-07-31T21:18:45Z,279,1,0,18,0,0,1,1,1,1785532186
2026-07-31T21:18:45Z,280,1,0,27,3,0,1,1,1,1785532649
2026-07-31T21:18:45Z,281,3,0,16,0,0,1,1,1,1785532553
2026-07-31T21:18:45Z,282,7,2,11,0,0,1,1,1,1785527347
2026-07-31T21:18:45Z,283,15,2,20,0,0,1,1,1,1785532622
2026-07-31T21:18:45Z,284,27,2,5,3,0,1,1,1,1785532701
2026-07-31T21:18:45Z,285,3,2,20,0,0,1,1,1,1785532312
2026-07-31T21:18:45Z,286,9,5,13,1,0,1,1,1,1785532269
2026-07-31T21:18:45Z,287,10,1,10,3,0,1,1,1,1785532355
2026-07-31T21:18:45Z,288,1,0,17,1,0,1,1,1,1785532676
2026-07-31T21:18:45Z,289,7,7,17,3,0,1,1,1,1785532696
2026-07-31T21:18:45Z,290,16,0,20,3,0,1,1,1,1785532542
2026-07-31T21:18:45Z,291,8,1,14,1,0,1,1,1,1785532560
2026-07-31T21:18:45Z,292,1,1,22,0,0,1,1,1,1785532245
2026-07-31T21:18:45Z,293,6,2,17,0,0,1,1,1,1785532588
2026-07-31T21:18:45Z,294,6,3,14,2,0,1,1,1,1785532697
2026-07-31T21:18:45Z,297,6,1,11,1,1,1,1,1,1785532631
2026-07-31T21:18:45Z,301,16,2,3,0,0,1,1,1,1785532527
2026-07-31T21:18:45Z,302,21,0,2,0,0,1,1,1,1785532339
2026-07-31T21:18:45Z,303,0,0,19,0,0,1,1,1,1785530377
2026-07-31T21:18:45Z,304,0,0,0,0,0,0,1,1,86400
2026-07-31T21:18:45Z,305,4,0,14,1,0,1,1,1,1785532714
2026-07-31T21:18:45Z,306,6,0,25,1,0,1,1,1,1785532661
2026-07-31T21:18:45Z,307,4,0,19,0,0,1,1,1,1785531871
2026-07-31T21:18:45Z,308,1,0,17,1,0,1,1,1,1785532606
2026-07-31T21:18:45Z,309,4,2,10,0,0,1,1,1,1785532675
2026-07-31T21:18:45Z,311,6,0,8,1,0,1,1,1,1785532562
2026-07-31T21:18:45Z,312,8,7,12,2,1,1,1,1,1785532433
2026-07-31T21:18:45Z,313,5,0,10,0,0,1,1,1,1785526554
2026-07-31T21:18:45Z,314,6,1,11,2,0,1,1,1,1785531899
2026-07-31T21:18:45Z,315,12,5,17,2,0,1,1,1,1785532607
2026-07-31T21:18:45Z,316,4,1,20,6,1,1,1,1,1785532595
2026-07-31T21:18:45Z,317,24,8,6,0,1,1,1,1,1785532683
2026-07-31T21:18:45Z,318,16,1,3,0,0,1,1,1,1785531022
2026-07-31T21:18:45Z,319,22,3,0,1,0,1,1,1,1785532703
2026-07-31T21:18:45Z,320,12,0,6,1,0,1,1,1,1785532262
2026-07-31T21:18:45Z,321,2,0,13,4,0,1,1,1,1785532666
2026-07-31T21:18:45Z,322,18,0,11,0,0,1,1,1,1785532643
2026-07-31T21:18:45Z,323,5,1,13,1,0,1,1,1,1785532663
2026-07-31T21:18:45Z,324,12,1,14,1,0,1,1,1,1785532709
2026-07-31T21:18:45Z,325,3,2,22,2,0,1,1,1,1785531883
2026-07-31T21:18:45Z,327,12,2,13,2,0,1,1,1,1785532551
2026-07-31T21:18:45Z,328,17,2,4,1,0,1,1,1,1785532490
2026-07-31T21:18:45Z,329,1,0,15,3,0,1,1,1,1785532452
2026-07-31T21:18:45Z,330,18,0,4,0,0,1,1,1,1785532528
2026-07-31T21:18:45Z,331,12,1,9,2,0,1,1,1,1785532648
2026-07-31T21:18:45Z,332,8,5,10,1,0,1,1,1,1785532360
2026-07-31T21:18:45Z,333,5,5,16,2,0,1,1,1,1785532454
2026-07-31T21:18:45Z,334,8,0,15,0,0,1,1,1,1785531792
2026-07-31T21:18:45Z,335,2,2,20,0,1,1,1,1,1785530699
2026-07-31T21:18:45Z,336,5,1,14,0,0,1,1,1,1785531746
2026-07-31T21:18:45Z,337,11,4,8,4,0,1,1,1,1785532592
2026-07-31T21:18:45Z,338,0,0,19,0,0,1,1,1,1785532704
2026-07-31T21:18:45Z,339,13,11,6,4,0,1,1,1,1785532570
2026-07-31T21:18:45Z,340,2,0,12,1,0,1,1,1,1785532624
2026-07-31T21:18:45Z,341,7,2,12,0,0,1,1,1,1785532580
2026-07-31T21:18:45Z,342,0,0,15,0,0,1,1,1,1785532007
2026-07-31T21:18:45Z,343,9,3,13,1,0,1,1,1,1785529614
2026-07-31T21:18:45Z,344,7,4,16,0,0,1,1,1,1785532070
2026-07-31T21:18:45Z,345,12,1,7,0,0,1,1,1,1785532670
2026-07-31T21:18:45Z,346,3,3,20,0,0,1,1,1,1785532493
2026-07-31T21:18:45Z,347,5,0,36,3,0,1,1,1,1785532694
2026-07-31T21:18:45Z,348,10,0,12,0,1,1,1,1,1785532611
2026-07-31T21:18:45Z,349,15,2,3,1,0,1,1,1,1785532539
2026-07-31T21:18:45Z,350,1,0,24,1,1,1,1,1,1785532407
2026-07-31T21:18:45Z,351,2,1,19,2,0,1,1,1,1785532520
2026-07-31T21:18:45Z,355,1,1,22,0,0,1,1,1,1785531917
2026-07-31T21:18:45Z,356,8,2,11,0,0,1,1,1,1785532695
2026-07-31T21:18:45Z,357,2,2,16,1,0,1,1,1,1785532607
2026-07-31T21:18:45Z,358,15,2,11,1,0,1,1,1,1785532672
2026-07-31T21:18:45Z,359,10,0,17,0,0,1,1,1,1785532524
2026-07-31T21:18:45Z,360,6,3,13,0,0,1,1,1,1785532248
2026-07-31T21:18:45Z,362,2,0,14,3,0,1,1,1,1785532600
2026-07-31T21:18:45Z,363,12,2,15,0,0,1,1,1,1785532458
2026-07-31T21:18:45Z,364,0,0,19,0,0,1,1,1,1785532700
2026-07-31T21:18:45Z,365,3,2,17,3,0,1,1,1,1785532520
2026-07-31T21:18:45Z,366,9,9,14,0,0,1,1,1,1785532554
2026-07-31T21:18:45Z,367,1,1,16,2,0,1,1,1,1785532153
2026-07-31T21:18:45Z,368,2,0,20,1,0,1,1,1,1785532464
2026-07-31T21:18:45Z,370,11,5,16,0,0,1,1,1,1785532707
2026-07-31T21:18:45Z,371,4,2,14,1,0,1,1,1,1785532461
2026-07-31T21:18:45Z,372,10,0,4,1,0,1,1,1,1785532649
2026-07-31T21:18:45Z,373,0,0,27,0,0,1,1,1,1785529201
2026-07-31T21:18:45Z,374,1,1,17,1,0,1,1,1,1785532178
2026-07-31T21:18:45Z,375,11,0,14,2,0,1,1,1,1785532718
2026-07-31T21:18:45Z,376,2,1,36,1,0,1,1,1,1785532677
2026-07-31T21:18:45Z,377,2,1,25,0,0,1,1,1,1785532713
2026-07-31T21:18:45Z,378,4,2,19,0,1,1,1,1,1785532515
2026-07-31T21:18:45Z,379,20,1,4,3,0,1,1,1,1785532555
2026-07-31T21:18:45Z,380,3,0,20,0,0,1,1,1,1785532095
2026-07-31T21:18:45Z,381,11,0,12,0,0,1,1,1,1785532559
2026-07-31T21:18:45Z,383,13,2,0,2,0,1,1,1,1785532494
2026-07-31T21:18:45Z,384,0,0,24,3,0,1,1,1,1785532659
2026-07-31T21:18:45Z,385,3,0,14,1,0,1,1,1,1785532501
2026-07-31T21:18:45Z,387,3,1,20,0,0,1,1,1,1785532226
2026-07-31T21:18:45Z,388,36,1,10,3,0,1,1,1,1785532601
2026-07-31T21:18:45Z,389,3,2,11,1,0,1,1,1,1785532058
2026-07-31T21:18:45Z,390,14,3,21,0,0,1,1,1,1785532640
2026-07-31T21:18:45Z,391,3,2,11,1,0,1,1,1,1785532385
2026-07-31T21:18:45Z,392,1,1,17,1,0,1,1,1,1785532456
2026-07-31T21:18:45Z,393,1,1,7,3,0,1,1,1,1785531684
2026-07-31T21:18:45Z,394,3,0,8,2,0,1,1,1,1785532714
2026-07-31T21:18:45Z,396,1,0,39,2,0,1,1,1,1785532625
2026-07-31T21:18:45Z,397,18,11,13,0,0,1,1,1,1785532581
2026-07-31T21:18:45Z,399,0,0,14,3,0,1,1,1,1785532304
2026-07-31T21:18:45Z,400,14,9,7,2,0,1,1,1,1785531101
2026-07-31T21:18:45Z,401,6,2,25,8,0,1,1,1,1785532421
2026-07-31T21:18:45Z,403,25,4,2,4,0,1,1,1,1785532622
2026-07-31T21:18:45Z,404,3,2,19,1,0,1,1,1,1785532709
2026-07-31T21:18:45Z,406,12,5,22,1,0,1,1,1,1785532621
2026-07-31T21:18:45Z,407,6,0,27,1,0,1,1,1,1785532274
2026-07-31T21:18:45Z,408,4,2,26,3,0,1,1,1,1785532711
2026-07-31T21:18:45Z,409,17,0,4,2,0,1,1,1,1785532320
2026-07-31T21:18:45Z,413,10,2,11,2,0,1,1,1,1785532209
2026-07-31T21:18:45Z,414,9,0,6,0,0,1,1,1,1785532707
2026-07-31T21:18:45Z,417,3,0,16,0,0,1,1,1,1785532718
2026-07-31T21:18:45Z,418,4,2,11,0,0,1,1,1,1785532353
2026-07-31T21:18:45Z,419,14,2,9,0,0,1,1,1,1785532705
2026-07-31T21:18:45Z,421,3,0,16,0,0,1,1,1,1785532521
2026-07-31T21:18:45Z,422,17,3,10,0,0,1,1,1,1785532608
2026-07-31T21:18:45Z,423,0,0,22,1,0,1,1,1,1785532517
2026-07-31T21:18:45Z,424,9,3,3,2,1,1,1,1,1785532688
2026-07-31T21:18:45Z,425,7,5,14,0,1,1,1,1,1785532683
2026-07-31T21:18:45Z,426,3,0,32,2,0,1,1,1,1785532631
2026-07-31T21:18:45Z,427,11,0,1,3,0,1,1,1,1785532717
2026-07-31T21:18:45Z,428,17,2,2,0,0,1,1,1,1785532601
2026-07-31T21:18:45Z,429,8,4,12,3,0,1,1,1,1785532717
2026-07-31T21:18:45Z,430,14,3,14,3,0,1,1,1,1785532696
2026-07-31T21:18:45Z,431,1,0,29,3,0,1,1,1,1785532626
2026-07-31T21:18:45Z,432,0,0,30,1,0,0,1,1,1785508564
2026-07-31T21:18:45Z,433,5,2,15,3,0,1,1,1,1785529334
2026-07-31T21:18:45Z,437,3,3,13,3,0,1,1,1,1785532569
2026-07-31T21:18:45Z,438,9,2,9,1,0,1,1,1,1785532712
2026-07-31T21:18:45Z,439,10,4,5,0,0,1,1,1,1785532420
2026-07-31T21:18:45Z,440,7,3,8,0,0,1,1,1,1785532708
2026-07-31T21:18:45Z,441,1,0,12,2,0,1,1,1,1785532085
2026-07-31T21:18:45Z,442,10,4,7,2,0,1,1,1,1785532345
2026-07-31T21:18:45Z,443,5,2,22,0,0,1,1,1,1785512432
2026-07-31T21:18:45Z,444,3,2,20,0,0,1,1,1,1785532593
2026-07-31T21:18:45Z,445,6,2,16,1,0,1,1,1,1785532627
2026-07-31T21:18:45Z,446,0,0,23,0,0,1,1,1,1785532504
2026-07-31T21:18:45Z,447,4,0,17,1,1,1,1,1,1785532273
2026-07-31T21:18:45Z,448,7,0,7,1,0,1,1,1,1785530120
2026-07-31T21:18:45Z,452,6,2,12,1,0,1,1,1,1785532685
2026-07-31T21:18:45Z,453,4,1,7,4,0,1,1,1,1785532577
2026-07-31T21:18:45Z,454,15,0,4,0,0,1,1,1,1785532300
2026-07-31T21:18:45Z,455,25,0,13,1,0,1,1,1,1785532678
2026-07-31T21:18:45Z,456,17,0,1,2,0,1,1,1,1785532718
2026-07-31T21:18:45Z,457,9,2,14,4,0,1,1,1,1785532404
2026-07-31T21:18:45Z,458,4,2,18,1,0,1,1,1,1785532364
2026-07-31T21:18:45Z,459,10,1,5,0,0,1,1,1,1785532277
2026-07-31T21:18:45Z,460,18,1,5,0,0,1,1,1,1785532677
2026-07-31T21:18:45Z,461,11,0,8,0,0,1,1,1,1785532638
2026-07-31T21:18:45Z,462,15,1,6,0,0,1,1,1,1785532653
2026-07-31T21:18:45Z,463,9,1,10,0,0,1,1,1,1785526740
2026-07-31T21:18:45Z,464,0,0,14,0,0,1,1,1,1785528198
2026-07-31T21:18:45Z,465,5,3,10,0,0,1,1,1,1785532476
2026-07-31T21:18:45Z,466,4,1,5,6,0,1,1,1,1785532701
2026-07-31T21:18:45Z,467,1,1,18,0,0,1,1,1,1785532607
2026-07-31T21:18:45Z,468,0,0,18,1,0,1,1,1,1785527178
2026-07-31T21:18:45Z,469,7,1,14,2,0,1,1,1,1785532419
2026-07-31T21:18:45Z,470,0,0,13,2,0,1,1,1,1785532661
2026-07-31T21:18:45Z,471,26,2,1,0,0,1,1,1,1785532171
2026-07-31T21:18:45Z,472,8,4,9,2,0,1,1,1,1785532429
2026-07-31T21:18:45Z,473,7,0,12,0,0,1,1,1,1785532265
2026-07-31T21:18:45Z,474,9,1,10,0,0,1,1,1,1785532510
2026-07-31T21:18:45Z,475,4,2,14,1,0,1,1,1,1785532646
2026-07-31T21:18:45Z,477,10,1,5,0,0,1,1,1,1785532667
2026-07-31T21:18:45Z,478,24,0,7,0,0,1,1,1,1785532689
2026-07-31T21:18:45Z,479,4,0,21,2,0,1,1,1,1785531082
2026-07-31T21:18:45Z,480,5,0,9,1,0,1,1,1,1785532507
2026-07-31T21:18:45Z,481,3,0,31,1,0,1,1,1,1785532638
2026-07-31T21:18:45Z,482,4,4,15,0,0,1,1,1,1785531414
2026-07-31T21:18:45Z,483,16,1,9,2,0,1,1,1,1785532682
2026-07-31T21:18:45Z,484,4,2,14,1,0,1,1,1,1785532599
2026-07-31T21:18:45Z,485,9,2,9,0,1,1,1,1,1785532716
2026-07-31T21:18:45Z,486,0,0,24,3,0,1,1,1,1785532662
2026-07-31T21:18:45Z,487,9,6,8,2,0,1,1,1,1785531933
2026-07-31T21:18:45Z,489,3,0,12,0,0,1,1,1,1785532713
2026-07-31T21:18:45Z,490,11,0,4,1,0,1,1,1,1785532001
2026-07-31T21:18:45Z,491,7,2,13,1,0,1,1,1,1785531790
2026-07-31T21:18:45Z,492,3,3,5,3,0,1,1,1,1785532717
2026-07-31T21:18:45Z,493,19,2,8,0,0,1,1,1,1785532442
2026-07-31T21:18:45Z,495,7,0,7,1,0,1,1,1,1785530497
2026-07-31T21:18:45Z,496,11,1,16,0,0,1,1,1,1785532583
2026-07-31T21:18:45Z,497,3,2,16,0,0,1,1,1,1785532709
2026-07-31T21:18:45Z,498,6,3,17,0,0,1,1,1,1785532713
2026-07-31T21:18:45Z,499,4,1,14,1,0,1,1,1,1785532334
2026-07-31T21:18:45Z,500,0,0,12,3,0,1,1,1,1785531899
2026-07-31T21:18:45Z,501,16,3,5,0,0,1,1,1,1785532419
2026-07-31T21:18:45Z,502,4,1,14,1,0,1,1,1,1785532608
2026-07-31T21:18:45Z,503,0,0,30,1,0,1,1,1,1785532483
2026-07-31T21:18:45Z,504,2,0,35,2,0,1,1,1,1785532716
2026-07-31T21:18:45Z,505,0,0,11,1,0,1,1,1,1785531541
2026-07-31T21:18:45Z,511,2,1,20,1,0,1,1,1,1785532422
2026-07-31T21:18:45Z,512,10,0,17,0,0,1,1,1,1785530707
2026-07-31T21:18:45Z,514,3,2,7,1,0,1,1,1,1785531404
2026-07-31T21:18:45Z,515,2,2,17,0,0,1,1,1,1785531676
2026-07-31T21:18:45Z,516,13,0,13,1,0,1,1,1,1785532100
2026-07-31T21:18:45Z,517,14,2,9,0,0,1,1,1,1785532394
2026-07-31T21:18:45Z,518,5,0,9,1,0,1,1,1,1785530533
2026-07-31T21:18:45Z,519,8,3,9,2,0,1,1,1,1785530872
2026-07-31T21:18:45Z,520,18,8,3,5,1,1,1,1,1785532714
2026-07-31T21:18:45Z,521,6,2,17,0,0,1,1,1,1785532699
2026-07-31T21:18:45Z,522,9,0,12,2,0,1,1,1,1785532532
2026-07-31T21:18:45Z,523,11,4,11,1,0,1,1,1,1785532711
2026-07-31T21:18:45Z,524,16,0,7,0,0,1,1,1,1785532531
2026-07-31T21:18:45Z,525,6,0,13,0,0,1,1,1,1785531049
2026-07-31T21:18:45Z,526,4,1,11,0,0,1,1,1,1785530751
2026-07-31T21:18:45Z,527,17,10,8,1,0,1,1,1,1785532666
2026-07-31T21:18:45Z,528,14,1,7,2,0,1,1,1,1785532111
2026-07-31T21:18:45Z,529,5,2,6,8,0,1,1,1,1785532715
2026-07-31T21:18:45Z,530,12,0,7,2,0,1,1,1,1785532593
2026-07-31T21:18:45Z,531,6,0,16,0,1,1,1,1,1785532690
2026-07-31T21:18:45Z,532,10,10,20,1,0,1,1,1,1785532685
2026-07-31T21:18:45Z,533,12,0,6,1,0,1,1,1,1785532683
2026-07-31T21:18:45Z,534,2,2,21,0,0,1,1,1,1785532602
2026-07-31T21:18:45Z,535,1,0,14,0,0,1,1,1,1785532311
2026-07-31T21:18:45Z,536,10,0,13,0,0,1,1,1,1785532580
2026-07-31T21:18:45Z,537,10,2,10,0,0,1,1,1,1785532068
2026-07-31T21:18:45Z,538,7,0,14,0,2,1,1,1,1785532514
2026-07-31T21:18:45Z,539,7,3,24,0,0,1,1,1,1785532710
2026-07-31T21:18:45Z,540,5,4,13,1,0,1,1,1,1785532480
2026-07-31T21:18:45Z,541,7,4,19,1,0,1,1,1,1785532709
2026-07-31T21:18:45Z,542,0,0,22,1,0,1,1,1,1785532589
2026-07-31T21:18:45Z,543,0,0,19,0,0,1,1,1,1785532570
2026-07-31T21:18:45Z,544,10,1,8,4,0,1,1,1,1785532640
2026-07-31T21:18:45Z,545,13,2,1,5,0,1,1,1,1785532605
2026-07-31T21:18:45Z,546,3,1,16,0,0,1,1,1,1785532673
2026-07-31T21:18:45Z,547,9,0,16,0,0,1,1,1,1785532204
2026-07-31T21:18:45Z,548,4,2,18,1,0,1,1,1,1785532280
2026-07-31T21:18:45Z,549,18,0,4,1,0,1,1,1,1785532442
2026-07-31T21:18:45Z,550,1,1,18,0,0,1,1,1,1785532552
2026-07-31T21:18:45Z,551,3,2,19,1,0,1,1,1,1785529811
2026-07-31T21:18:45Z,552,4,2,23,0,0,1,1,1,1785532202
2026-07-31T21:18:45Z,553,6,1,17,0,0,1,1,1,1785532650
2026-07-31T21:18:45Z,554,3,0,15,1,0,1,1,1,1785530528
2026-07-31T21:18:45Z,555,6,0,8,1,0,1,1,1,1785532635
2026-07-31T21:18:45Z,556,12,0,9,2,0,1,1,1,1785532681
2026-07-31T21:18:45Z,557,0,0,21,2,0,1,1,1,1785532564
2026-07-31T21:18:45Z,558,23,13,12,2,0,1,1,1,1785532670
2026-07-31T21:18:45Z,559,11,0,7,1,0,1,1,1,1785532144
2026-07-31T21:18:45Z,560,16,0,11,0,0,1,1,1,1785532510
2026-07-31T21:18:45Z,561,7,0,13,3,0,1,1,1,1785531569
2026-07-31T21:18:45Z,562,10,2,20,5,0,1,1,1,1785532448
2026-07-31T21:18:45Z,563,3,0,10,1,0,1,1,1,1785531305
2026-07-31T21:18:45Z,564,2,1,16,1,0,1,1,1,1785532148
2026-07-31T21:18:45Z,565,2,1,17,0,0,1,1,1,1785532370
2026-07-31T21:18:45Z,566,2,0,16,1,0,1,1,1,1785532706
2026-07-31T21:18:45Z,567,9,1,16,2,0,1,1,1,1785531988
2026-07-31T21:18:45Z,568,9,1,9,1,0,1,1,1,1785530639
2026-07-31T21:18:45Z,569,4,0,13,2,0,1,1,1,1785532567
2026-07-31T21:18:45Z,570,5,0,12,2,0,1,1,1,1785532592
2026-07-31T21:18:45Z,571,8,2,15,0,0,1,1,1,1785532101
2026-07-31T21:18:45Z,572,5,0,14,0,0,1,1,1,1785532627
2026-07-31T21:18:45Z,573,7,1,7,1,0,1,1,1,1785532717
2026-07-31T21:18:45Z,574,3,1,12,0,0,1,1,1,1785532490
2026-07-31T21:18:45Z,575,3,0,17,1,0,1,1,1,1785532620
2026-07-31T21:18:45Z,576,4,3,15,0,0,1,1,1,1785532697
2026-07-31T21:18:45Z,577,23,0,8,0,0,1,1,1,1785532506
2026-07-31T21:18:45Z,578,2,1,20,1,0,1,1,1,1785532360
2026-07-31T21:18:45Z,579,10,0,32,1,0,1,1,1,1785532567
2026-07-31T21:18:45Z,580,11,2,18,0,0,1,1,1,1785532423
2026-07-31T21:18:45Z,581,6,0,12,1,0,1,1,1,1785532695
2026-07-31T21:18:45Z,582,22,0,37,2,0,1,1,1,1785532595
2026-07-31T21:18:45Z,583,2,0,20,1,0,1,1,1,1785532656
2026-07-31T21:18:45Z,584,7,2,8,4,0,1,1,1,1785532603
2026-07-31T21:18:45Z,585,2,0,24,0,1,1,1,1,1785532703
2026-07-31T21:18:45Z,586,25,1,8,2,0,1,1,1,1785532473
2026-07-31T21:18:45Z,587,10,0,12,2,0,1,1,1,1785532691
2026-07-31T21:18:45Z,588,10,3,6,2,1,1,1,1,1785532667
2026-07-31T21:18:45Z,589,0,0,22,0,0,1,1,1,1785532225
2026-07-31T21:18:45Z,590,5,1,26,0,0,1,1,1,1785532705
2026-07-31T21:18:45Z,591,5,0,22,3,0,1,1,1,1785532583
2026-07-31T21:18:45Z,592,5,0,18,0,0,1,1,1,1785532031
2026-07-31T21:18:45Z,593,18,4,20,0,0,1,1,1,1785532227
2026-07-31T21:18:45Z,594,13,1,7,1,0,1,1,1,1785532607
2026-07-31T21:18:45Z,595,0,0,3,0,0,0,1,1,1784046673
2026-07-31T21:18:45Z,605,0,0,2,1,0,0,1,1,1783975843
2026-07-31T21:18:45Z,606,0,0,0,0,0,0,1,1,86400
2026-07-31T21:18:45Z,607,6,3,25,1,0,1,1,1,1785532465
2026-07-31T21:18:45Z,608,41,1,8,1,0,1,1,1,1785532712
2026-07-31T21:18:45Z,609,7,7,16,0,0,1,1,1,1785532605
2026-07-31T21:18:45Z,610,20,0,14,1,0,1,1,1,1785532420
2026-07-31T21:18:45Z,611,15,1,11,1,0,1,1,1,1785532709
2026-07-31T21:18:45Z,612,7,1,8,0,0,1,1,1,1785522916
2026-07-31T21:18:45Z,613,12,4,0,3,0,1,1,1,1785530289
2026-07-31T21:18:45Z,614,6,5,18,2,1,1,1,1,1785532692
2026-07-31T21:18:45Z,617,9,1,4,2,0,1,1,1,1785532391
2026-07-31T21:18:45Z,618,13,1,1,5,0,1,1,1,1785530762
2026-07-31T21:18:45Z,619,7,2,12,0,0,1,1,1,1785532527
2026-07-31T21:18:45Z,620,10,0,16,1,0,1,1,1,1785532555
2026-07-31T21:18:45Z,621,8,2,15,0,0,1,1,1,1785531952
2026-07-31T21:18:45Z,622,10,0,11,2,0,1,1,1,1785532679
2026-07-31T21:18:45Z,623,20,5,8,2,0,1,1,1,1785532706
2026-07-31T21:18:45Z,624,1,0,14,0,0,1,1,1,1785532120
2026-07-31T21:18:45Z,625,12,4,4,5,0,1,1,1,1785531854
2026-07-31T21:18:45Z,626,40,0,5,0,2,1,1,1,1785532461
2026-07-31T21:18:45Z,627,14,3,4,1,0,1,1,1,1785530759
2026-07-31T21:18:45Z,628,3,2,15,0,1,1,1,1,1785532660
2026-07-31T21:18:45Z,629,2,1,7,2,0,1,1,1,1785532557
2026-07-31T21:18:45Z,630,0,0,23,4,0,1,1,1,1785532663
2026-07-31T21:18:45Z,631,4,4,19,0,0,1,1,1,1785532692
2026-07-31T21:18:45Z,632,20,1,1,2,0,1,1,1,1785531372
2026-07-31T21:18:45Z,633,11,3,1,3,0,1,1,1,1785530006
2026-07-31T21:18:45Z,634,12,2,7,0,0,1,1,1,1785532442
2026-07-31T21:18:45Z,635,17,0,2,0,0,1,1,1,1785532315
2026-07-31T21:18:45Z,636,7,2,8,0,0,1,1,1,1785526430
2026-07-31T21:18:45Z,637,9,2,8,2,0,1,1,1,1785531990
2026-07-31T21:18:45Z,638,8,2,9,2,0,1,1,1,1785532335
2026-07-31T21:18:45Z,639,10,2,7,2,0,1,1,1,1785532203
2026-07-31T21:18:45Z,640,8,7,13,2,0,1,1,1,1785532689
2026-07-31T21:18:45Z,641,4,0,23,0,0,1,1,1,1785532573
2026-07-31T21:18:45Z,642,7,3,4,8,0,1,1,1,1785532715
2026-07-31T21:18:45Z,643,3,0,16,8,0,1,1,1,1785532715
2026-07-31T21:18:45Z,644,13,1,1,1,0,1,1,1,1785531399
2026-07-31T21:18:45Z,645,13,1,8,1,1,1,1,1,1785532004
2026-07-31T21:18:45Z,646,3,1,16,0,0,1,1,1,1785532040
2026-07-31T21:18:45Z,647,5,2,26,0,0,1,1,1,1785532663
2026-07-31T21:18:45Z,648,4,0,14,1,0,1,1,1,1785531767
2026-07-31T21:18:45Z,649,3,2,28,0,0,1,1,1,1785532678
2026-07-31T21:18:45Z,650,5,1,9,0,0,1,1,1,1785531899
2026-07-31T21:18:45Z,651,1,0,22,0,0,1,1,1,1785532650
2026-07-31T21:18:45Z,652,5,2,15,3,0,1,1,1,1785532712
2026-07-31T21:18:45Z,653,2,1,17,0,0,1,1,1,1785530185
2026-07-31T21:18:45Z,654,2,1,13,0,0,1,1,1,1785532029
2026-07-31T21:18:45Z,655,8,4,0,4,1,1,1,1,1785532576
2026-07-31T21:18:45Z,656,3,2,16,0,0,1,1,1,1785532682
2026-07-31T21:18:45Z,657,9,4,4,2,2,1,1,1,1785532659
2026-07-31T21:18:45Z,658,8,1,2,0,0,1,1,1,1785530465
2026-07-31T21:18:45Z,659,7,5,6,2,0,1,1,1,1785529408
2026-07-31T21:18:45Z,660,21,6,6,4,0,1,1,1,1785532648
2026-07-31T21:18:45Z,661,15,4,3,1,0,1,1,1,1785532673
2026-07-31T21:18:45Z,662,4,2,15,4,0,1,1,1,1785532360
2026-07-31T21:18:45Z,663,7,2,8,0,0,1,1,1,1785531726
2026-07-31T21:18:45Z,664,14,0,13,0,0,1,1,1,1785531997
2026-07-31T21:18:45Z,665,9,4,6,0,0,1,1,1,1785532275
2026-07-31T21:18:45Z,666,5,2,7,3,0,1,1,1,1785532109
2026-07-31T21:18:45Z,667,18,3,0,1,0,1,1,1,1785532547
2026-07-31T21:18:45Z,668,2,0,17,0,0,1,1,1,1785532110
2026-07-31T21:18:45Z,669,11,3,1,2,0,1,1,1,1785532512
2026-07-31T21:18:45Z,670,17,0,8,2,0,1,1,1,1785531177
2026-07-31T21:18:45Z,671,23,3,4,0,0,1,1,1,1785532579
2026-07-31T21:18:45Z,672,9,1,11,2,1,1,1,1,1785532661
2026-07-31T21:18:45Z,673,11,0,12,0,0,1,1,1,1785532673
2026-07-31T21:18:45Z,674,1,1,20,2,0,1,1,1,1785532696
2026-07-31T21:18:45Z,675,1,1,11,3,0,1,1,1,1785532554
2026-07-31T21:18:45Z,676,7,0,14,1,0,1,1,1,1785532580
2026-07-31T21:18:45Z,681,8,0,4,2,1,1,1,1,1785532593
2026-07-31T21:18:45Z,682,6,1,13,0,0,1,1,1,1785529048
2026-07-31T21:18:45Z,683,1,1,18,0,0,1,1,1,1785527602
2026-07-31T21:18:45Z,684,3,1,24,0,0,1,1,1,1785518528
2026-07-31T21:18:45Z,685,4,0,21,1,1,1,1,1,1785531808
2026-07-31T21:18:45Z,686,10,0,14,3,0,1,1,1,1785532715
2026-07-31T21:18:45Z,687,12,1,17,1,1,1,1,1,1785532427
2026-07-31T21:18:45Z,688,12,1,7,0,0,1,1,1,1785532494
2026-07-31T21:18:45Z,692,2,0,19,0,0,1,1,1,1785532716
2026-07-31T21:18:45Z,693,6,0,2,3,0,1,1,1,1785532442
2026-07-31T21:18:45Z,694,10,5,11,0,0,1,1,1,1785532303
2026-07-31T21:18:45Z,695,7,6,16,0,0,1,1,1,1785532506
2026-07-31T21:18:45Z,696,14,11,9,0,0,1,1,1,1785532609
2026-07-31T21:18:45Z,697,18,6,4,1,0,1,1,1,1785532655
2026-07-31T21:18:45Z,698,25,0,2,0,0,1,1,1,1785532239
2026-07-31T21:18:45Z,699,5,0,9,1,0,1,1,1,1785531013
2026-07-31T21:18:45Z,700,17,0,0,2,0,1,1,1,1785532623
2026-07-31T21:18:45Z,701,13,2,6,0,0,1,1,1,1785532568
2026-07-31T21:18:45Z,702,5,1,17,1,0,1,1,1,1785531196
2026-07-31T21:18:45Z,704,2,0,13,0,0,1,1,1,1785531790
2026-07-31T21:18:45Z,705,2,1,13,0,0,1,1,1,1785532660
2026-07-31T21:18:45Z,706,5,1,8,2,0,1,1,1,1785532379
2026-07-31T21:18:45Z,707,7,1,8,0,0,1,1,1,1785531136
2026-07-31T21:18:45Z,708,9,0,9,1,0,1,1,1,1785532116
2026-07-31T21:18:45Z,709,3,0,9,3,0,1,1,1,1785532441
2026-07-31T21:18:45Z,710,1,0,17,1,0,1,1,1,1785532641
2026-07-31T21:18:45Z,711,6,2,14,3,0,1,1,1,1785532574
2026-07-31T21:18:45Z,712,11,9,4,0,0,1,1,1,1785532572
2026-07-31T21:18:45Z,713,2,1,21,0,0,1,1,1,1785531736
2026-07-31T21:18:45Z,716,4,3,11,0,0,1,1,1,1785530919
2026-07-31T21:18:45Z,717,3,2,20,2,0,1,1,1,1785532677
2026-07-31T21:18:45Z,718,7,1,6,2,0,1,1,1,1785532513
2026-07-31T21:18:45Z,719,7,2,22,0,0,1,1,1,1785532523
2026-07-31T21:18:45Z,720,0,0,19,0,0,1,1,1,1785531189
2026-07-31T21:18:45Z,721,6,0,14,3,0,1,1,1,1785532690
2026-07-31T21:18:45Z,722,7,1,8,0,0,1,1,1,1785530962
2026-07-31T21:18:45Z,723,14,2,9,0,0,1,1,1,1785532485
2026-07-31T21:18:45Z,724,12,3,11,0,0,1,1,1,1785532562
2026-07-31T21:18:45Z,725,1,0,21,1,0,1,1,1,1785531915
2026-07-31T21:18:45Z,726,6,0,12,1,0,1,1,1,1785532648
2026-07-31T21:18:45Z,727,10,5,12,1,0,1,1,1,1785532033
2026-07-31T21:18:45Z,728,9,0,5,1,0,1,1,1,1785531492
2026-07-31T21:18:45Z,729,2,0,17,0,0,1,1,1,1785532637
2026-07-31T21:18:45Z,730,0,0,12,3,0,1,1,1,1785532091
2026-07-31T21:18:45Z,731,7,3,6,2,0,1,1,1,1785532055
2026-07-31T21:18:45Z,732,3,2,12,0,0,1,1,1,1785532248
2026-07-31T21:18:45Z,733,8,0,19,0,0,1,1,1,1785532203
2026-07-31T21:18:45Z,734,5,2,9,0,0,1,1,1,1785532140
2026-07-31T21:18:45Z,735,17,10,10,0,0,1,1,1,1785532548
2026-07-31T21:18:45Z,736,12,1,7,0,0,1,1,1,1785532113
2026-07-31T21:18:45Z,737,2,1,12,0,1,1,1,1,1785531711
2026-07-31T21:18:45Z,738,17,6,2,0,0,1,1,1,1785532560
2026-07-31T21:18:45Z,739,17,0,9,1,0,1,1,1,1785531413
2026-07-31T21:18:45Z,741,7,0,16,0,0,1,1,1,1785531559
2026-07-31T21:18:45Z,742,17,11,17,1,0,1,1,1,1785532514
2026-07-31T21:18:45Z,743,5,2,14,0,0,1,1,1,1785531437
2026-07-31T21:18:45Z,744,7,1,7,1,0,1,1,1,1785531728
2026-07-31T21:18:45Z,745,12,4,7,0,0,1,1,1,1785531953
2026-07-31T21:18:45Z,746,2,1,20,1,0,1,1,1,1785532703
2026-07-31T21:18:45Z,747,0,0,4,0,0,0,1,1,1783446606
2026-07-31T21:18:45Z,748,8,0,15,0,0,1,1,1,1785530994
2026-07-31T21:18:45Z,749,0,0,23,0,0,1,1,1,1785532482
2026-07-31T21:18:45Z,750,5,2,5,1,0,1,1,1,1785532558
2026-07-31T21:18:45Z,751,18,15,5,0,0,1,1,1,1785532650
2026-07-31T21:18:45Z,752,3,0,13,1,0,1,1,1,1785532671
2026-07-31T21:18:45Z,753,0,0,14,1,0,1,1,1,1785532534
2026-07-31T21:18:45Z,754,7,2,8,0,0,1,1,1,1785532403
2026-07-31T21:18:45Z,755,13,2,9,1,0,1,1,1,1785532626
2026-07-31T21:18:45Z,756,11,10,25,1,0,1,1,1,1785532718
2026-07-31T21:18:45Z,757,1,1,18,0,0,1,1,1,1785532367
2026-07-31T21:18:45Z,758,1,1,22,0,0,1,1,1,1785532377
2026-07-31T21:18:45Z,759,0,0,0,0,0,1,1,1,86400
2026-07-31T21:18:45Z,760,9,2,10,0,0,1,1,1,1785531870
2026-07-31T21:18:45Z,761,2,0,21,0,0,1,1,1,1785532706
2026-07-31T21:18:45Z,762,4,2,6,5,0,1,1,1,1785531239
2026-07-31T21:18:45Z,768,7,0,8,4,0,1,1,1,1785532308
2026-07-31T21:18:45Z,769,13,11,5,1,0,1,1,1,1785532703
2026-07-31T21:18:45Z,770,6,2,11,2,0,1,1,1,1785531751
2026-07-31T21:18:45Z,771,12,1,2,1,0,1,1,1,1785532238
2026-07-31T21:18:45Z,772,0,0,15,0,0,1,1,1,1785532099
2026-07-31T21:18:45Z,773,16,2,3,0,0,1,1,1,1785532438
2026-07-31T21:18:45Z,774,6,1,5,4,0,1,1,1,1785531535
2026-07-31T21:18:45Z,775,5,0,12,1,1,1,1,1,1785532511
2026-07-31T21:18:45Z,776,2,1,18,1,0,1,1,1,1785532021
2026-07-31T21:18:45Z,777,11,3,4,0,0,1,1,1,1785532695
2026-07-31T21:18:45Z,778,12,0,3,4,0,1,1,1,1785531915
2026-07-31T21:18:45Z,779,6,0,12,1,0,1,1,1,1785530910
2026-07-31T21:18:45Z,780,1,1,18,0,0,1,1,1,1785532708
2026-07-31T21:18:45Z,781,3,1,6,2,0,1,1,1,1785532355
2026-07-31T21:18:45Z,782,0,0,15,4,0,1,1,1,1785531449
2026-07-31T21:18:45Z,783,7,2,12,0,0,1,1,1,1785532496
2026-07-31T21:18:45Z,784,3,0,16,0,0,1,1,1,1785532115
2026-07-31T21:18:45Z,785,9,2,4,6,0,1,1,1,1785531774
2026-07-31T21:18:45Z,786,10,5,9,0,0,1,1,1,1785532384
2026-07-31T21:18:45Z,787,3,2,11,1,0,1,1,1,1785532523
2026-07-31T21:18:45Z,788,7,1,8,0,0,1,1,1,1785532644
2026-07-31T21:18:45Z,789,8,2,3,4,0,1,1,1,1785531445
2026-07-31T21:18:45Z,790,2,0,21,0,0,1,1,1,1785532450
2026-07-31T21:18:45Z,791,10,0,8,0,1,1,1,1,1785531498
2026-07-31T21:18:45Z,793,4,0,10,1,0,1,1,1,1785531497
2026-07-31T21:18:45Z,794,13,2,14,2,0,1,1,1,1785532600
2026-07-31T21:18:45Z,796,5,3,13,1,0,1,1,1,1785531647
2026-07-31T21:18:45Z,797,5,2,10,0,0,1,1,1,1785530889
2026-07-31T21:18:45Z,798,19,0,5,1,0,1,1,1,1785532223
2026-07-31T21:18:45Z,799,13,2,2,4,0,1,1,1,1785531343
2026-07-31T21:18:45Z,800,1,0,19,1,0,1,1,1,1785532104
2026-07-31T21:18:45Z,801,3,2,17,1,0,1,1,1,1785532681
2026-07-31T21:18:45Z,802,8,0,23,0,0,1,1,1,1785532716
2026-07-31T21:18:45Z,803,2,0,13,0,0,1,1,1,1785532449
2026-07-31T21:18:45Z,806,0,0,14,1,0,1,1,1,1785530851
2026-07-31T21:18:45Z,807,9,5,13,3,0,1,1,1,1785532480
2026-07-31T21:18:45Z,808,19,7,4,2,0,1,1,1,1785531988
2026-07-31T21:18:45Z,809,4,1,18,1,0,1,1,1,1785531387
2026-07-31T21:18:45Z,810,4,2,13,2,0,1,1,1,1785531792
2026-07-31T21:18:45Z,815,3,1,6,5,1,1,1,1,1785532633
2026-07-31T21:18:45Z,817,10,6,5,0,0,1,1,1,1785532488
2026-07-31T21:18:45Z,818,6,1,17,0,0,1,1,1,1785532013
2026-07-31T21:18:45Z,819,8,4,7,0,0,1,1,1,1785532007
2026-07-31T21:18:45Z,820,9,0,8,0,0,1,1,1,1785532363
2026-07-31T21:18:45Z,821,3,3,12,0,0,1,1,1,1785532599
2026-07-31T21:18:45Z,822,12,1,9,2,0,1,1,1,1785532633
2026-07-31T21:18:45Z,823,15,2,0,0,0,1,1,1,1785532209
2026-07-31T21:18:45Z,824,5,3,14,0,0,1,1,1,1785532674
2026-07-31T21:18:45Z,825,5,4,10,0,0,1,1,1,1785530396
2026-07-31T21:18:45Z,826,7,1,10,2,0,1,1,1,1785532623
2026-07-31T21:18:45Z,827,18,4,1,2,0,1,1,1,1785531900
2026-07-31T21:18:45Z,828,10,1,6,2,0,1,1,1,1785532501
2026-07-31T21:18:45Z,829,17,6,10,0,0,1,1,1,1785532663
2026-07-31T21:18:45Z,830,17,0,5,1,0,1,1,1,1785531850
2026-07-31T21:18:45Z,831,7,3,6,2,0,1,1,1,1785532713
2026-07-31T21:18:45Z,832,7,3,8,3,0,1,1,1,1785532642
2026-07-31T21:18:45Z,833,1,1,17,1,0,1,1,1,1785532638
2026-07-31T21:18:45Z,834,14,0,8,2,0,1,1,1,1785532619
2026-07-31T21:18:45Z,835,3,1,13,2,0,1,1,1,1785532405
2026-07-31T21:18:45Z,838,0,0,13,2,0,1,1,1,1785532184
2026-07-31T21:18:45Z,839,19,0,10,0,0,1,1,1,1785532608
2026-07-31T21:18:45Z,840,0,0,28,1,0,1,1,1,1785532267
2026-07-31T21:18:45Z,841,7,1,8,0,0,1,1,1,1785532699
2026-07-31T21:18:45Z,842,2,0,21,0,0,1,1,1,1785532625
2026-07-31T21:18:45Z,843,13,2,18,0,0,1,1,1,1785531181
2026-07-31T21:18:45Z,844,4,0,19,0,0,1,1,1,1785532145
2026-07-31T21:18:45Z,845,4,3,13,2,0,1,1,1,1785531154
2026-07-31T21:18:45Z,846,3,1,15,1,0,1,1,1,1785532107
2026-07-31T21:18:45Z,847,6,1,20,1,0,1,1,1,1785532013
2026-07-31T21:18:45Z,848,2,1,16,1,0,1,1,1,1785532213
2026-07-31T21:18:45Z,849,8,0,6,1,0,1,1,1,1785531918
2026-07-31T21:18:45Z,850,5,0,6,0,0,1,1,1,1785532004
2026-07-31T21:18:45Z,851,4,3,30,3,0,1,1,1,1785532247
2026-07-31T21:18:45Z,852,9,3,10,0,0,1,1,1,1785532651
2026-07-31T21:18:45Z,853,11,5,12,0,0,1,1,1,1785531812
2026-07-31T21:18:45Z,854,2,1,13,0,0,1,1,1,1785531769
2026-07-31T21:18:45Z,855,27,0,0,0,0,1,1,1,1785531482
2026-07-31T21:18:45Z,857,5,5,12,2,0,1,1,1,1785531920
2026-07-31T21:18:45Z,858,5,2,13,1,0,1,1,1,1785531559
2026-07-31T21:18:45Z,859,8,0,12,1,0,1,1,1,1785531749
2026-07-31T21:18:45Z,861,6,0,4,1,0,1,1,1,1785528609
2026-07-31T21:18:45Z,862,4,2,11,0,0,1,1,1,1785530930
2026-07-31T21:18:45Z,863,13,0,5,1,0,1,1,1,1785529013
2026-07-31T21:18:45Z,866,12,3,7,0,0,1,1,1,1785531309
2026-07-31T21:18:45Z,867,14,2,1,0,0,1,1,1,1785532346
2026-07-31T21:18:45Z,868,7,0,8,0,0,1,1,1,1785532598
2026-07-31T21:18:45Z,870,8,5,7,0,0,1,1,1,1785532554
2026-07-31T21:18:45Z,871,0,0,10,1,0,1,1,1,1785532150
2026-07-31T21:18:45Z,872,1,0,13,1,0,1,1,1,1785532029
2026-07-31T21:18:45Z,873,10,0,22,1,0,1,1,1,1785532646
2026-07-31T21:18:45Z,874,5,0,7,3,0,1,1,1,1785532500
2026-07-31T21:18:45Z,875,13,9,1,1,0,1,1,1,1785532038
2026-07-31T21:18:45Z,877,13,12,6,0,0,1,1,1,1785532423
2026-07-31T21:18:45Z,878,3,3,16,0,0,1,1,1,1785531181
2026-07-31T21:18:45Z,879,2,0,17,0,0,1,1,1,1785532030
2026-07-31T21:18:45Z,880,2,0,20,1,0,1,1,1,1785532451
2026-07-31T21:18:45Z,881,3,0,16,0,0,1,1,1,1785532524
2026-07-31T21:18:45Z,882,9,4,9,1,0,1,1,1,1785513298
2026-07-31T21:18:45Z,883,3,1,16,0,0,1,1,1,1785532573
2026-07-31T21:18:45Z,884,10,6,11,0,0,1,1,1,1785532444
2026-07-31T21:18:45Z,885,0,0,19,0,0,1,1,1,1785532661
2026-07-31T21:18:45Z,886,5,1,23,1,0,1,1,1,1785532717
2026-07-31T21:18:45Z,887,9,4,5,3,0,1,1,1,1785531584
2026-07-31T21:18:45Z,888,5,0,34,2,0,1,1,1,1785532709
2026-07-31T21:18:45Z,889,2,1,15,2,0,1,1,1,1785532249
2026-07-31T21:18:45Z,890,8,4,7,0,0,1,1,1,1785527402
2026-07-31T21:18:45Z,891,21,0,2,0,0,1,1,1,1785532206
2026-07-31T21:18:45Z,892,11,1,4,0,0,1,1,1,1785530978
2026-07-31T21:18:45Z,895,3,0,16,0,0,1,1,1,1785527858
2026-07-31T21:18:45Z,896,10,2,25,0,0,1,1,1,1785532337
2026-07-31T21:18:45Z,897,14,1,7,0,0,1,1,1,1785531957
2026-07-31T21:18:45Z,898,2,0,17,0,0,1,1,1,1785532573
2026-07-31T21:18:45Z,899,6,1,12,1,0,1,1,1,1785532443
2026-07-31T21:18:45Z,900,4,0,23,0,0,1,1,1,1785532580
2026-07-31T21:18:45Z,901,1,0,17,1,0,1,1,1,1785531530
2026-07-31T21:18:45Z,902,5,1,10,0,0,1,1,1,1785532477
2026-07-31T21:18:45Z,903,7,2,11,1,0,1,1,1,1785532054
2026-07-31T21:18:45Z,904,10,4,8,1,0,1,1,1,1785531161
2026-07-31T21:18:45Z,905,10,1,16,1,0,1,1,1,1785532264
2026-07-31T21:18:45Z,906,19,7,7,1,0,1,1,1,1785532604
2026-07-31T21:18:45Z,907,10,0,21,0,0,1,1,1,1785532712
2026-07-31T21:18:45Z,908,11,2,12,0,0,1,1,1,1785532669
2026-07-31T21:18:45Z,909,10,9,13,0,0,1,1,1,1785532569
2026-07-31T21:18:45Z,910,11,0,17,3,0,1,1,1,1785532569
2026-07-31T21:18:45Z,911,4,1,15,0,0,1,1,1,1785532506
2026-07-31T21:18:45Z,912,6,1,16,1,0,1,1,1,1785532332
2026-07-31T21:18:45Z,913,6,4,13,0,0,1,1,1,1785532711
2026-07-31T21:18:45Z,914,11,0,7,1,0,1,1,1,1785532566
2026-07-31T21:18:45Z,915,13,0,8,2,0,1,1,1,1785532396
2026-07-31T21:18:45Z,916,1,0,22,0,0,1,1,1,1785532628
2026-07-31T21:18:45Z,917,10,0,24,1,0,1,1,1,1785532697
2026-07-31T21:18:45Z,918,1,0,16,2,0,1,1,1,1785532553
2026-07-31T21:18:45Z,919,24,0,13,2,0,1,1,1,1785532646
2026-07-31T21:18:45Z,920,7,2,12,0,0,1,1,1,1785531470
2026-07-31T21:18:45Z,921,12,0,9,0,0,1,1,1,1785532671
2026-07-31T21:18:45Z,922,2,1,19,0,0,1,1,1,1785531705
2026-07-31T21:18:45Z,923,15,3,4,0,0,1,1,1,1785532710
2026-07-31T21:18:45Z,924,5,0,15,1,0,1,1,1,1785531862
2026-07-31T21:18:45Z,925,11,0,10,0,0,1,1,1,1785531366
2026-07-31T21:18:45Z,926,1,0,20,0,0,1,1,1,1785531446
2026-07-31T21:18:45Z,927,28,2,6,1,0,1,1,1,1785532541
2026-07-31T21:18:45Z,928,0,0,19,0,0,0,1,1,1785500252
2026-07-31T21:18:45Z,929,16,0,7,0,0,1,1,1,1785532640
2026-07-31T21:18:45Z,930,7,0,23,1,0,1,1,1,1785532452
2026-07-31T21:18:45Z,931,7,2,15,1,0,1,1,1,1785532717
2026-07-31T21:18:45Z,932,5,0,12,2,0,1,1,1,1785532666
2026-07-31T21:18:45Z,933,21,1,0,2,0,1,1,1,1785532426
2026-07-31T21:18:45Z,934,22,0,8,1,0,1,1,1,1785532715
2026-07-31T21:18:45Z,935,2,0,16,1,0,1,1,1,1785532478
2026-07-31T21:18:45Z,936,7,0,12,0,0,1,1,1,1785532551
2026-07-31T21:18:45Z,940,1,0,9,1,0,1,1,1,1785532173
2026-07-31T21:18:45Z,941,17,1,5,3,0,1,1,1,1785531659
2026-07-31T21:18:45Z,942,16,0,5,0,0,1,1,1,1785532712
2026-07-31T21:18:45Z,943,8,8,7,0,0,1,1,1,1785531002
2026-07-31T21:18:45Z,944,10,8,5,0,0,1,1,1,1785532662
2026-07-31T21:18:45Z,945,10,8,5,0,0,1,1,1,1785532186
2026-07-31T21:18:45Z,946,7,5,12,0,0,1,1,1,1785523835
2026-07-31T21:18:45Z,947,7,5,10,0,0,1,1,1,1785532686
2026-07-31T21:18:45Z,948,14,11,13,4,0,1,1,1,1785532635
2026-07-31T21:18:45Z,949,5,5,9,1,0,1,1,1,1785532638
2026-07-31T21:18:45Z,950,6,1,9,2,0,1,1,1,1785532673
2026-07-31T21:18:45Z,951,18,6,5,0,0,1,1,1,1785532175
2026-07-31T21:18:45Z,952,23,0,31,1,0,1,1,1,1785532698
2026-07-31T21:18:45Z,953,1,0,13,1,0,1,1,1,1785532166
2026-07-31T21:18:45Z,954,7,0,12,0,0,1,1,1,1785532544
2026-07-31T21:18:45Z,955,7,4,14,6,0,1,1,1,1785532069
2026-07-31T21:18:45Z,956,8,0,14,1,0,1,1,1,1785532658
2026-07-31T21:18:45Z,957,14,2,15,0,0,1,1,1,1785532259
2026-07-31T21:18:45Z,958,29,0,0,2,0,1,1,1,1785532616
2026-07-31T21:18:45Z,959,2,0,20,1,0,1,1,1,1785532635
2026-07-31T21:18:45Z,960,3,2,19,1,0,1,1,1,1785532713
2026-07-31T21:18:45Z,961,4,1,16,3,0,1,1,1,1785531815
2026-07-31T21:18:45Z,962,8,2,24,3,0,1,1,1,1785532453
2026-07-31T21:18:45Z,963,7,0,15,1,0,1,1,1,1785532714
2026-07-31T21:18:45Z,964,11,10,12,0,0,1,1,1,1785532541
2026-07-31T21:18:45Z,965,11,6,15,1,0,1,1,1,1785531542
2026-07-31T21:18:45Z,966,11,0,18,2,0,1,1,1,1785532260
2026-07-31T21:18:45Z,967,11,2,8,2,0,1,1,1,1785532576
2026-07-31T21:18:45Z,968,13,0,5,1,0,1,1,1,1785532700
2026-07-31T21:18:45Z,969,1,0,24,2,0,1,1,1,1785532520
2026-07-31T21:18:45Z,970,1,1,17,1,0,1,1,1,1785532711
2026-07-31T21:18:45Z,971,5,0,17,1,0,1,1,1,1785532251
2026-07-31T21:18:45Z,972,12,4,10,1,0,1,1,1,1785532699
2026-07-31T21:18:45Z,973,5,0,17,1,0,1,1,1,1785532338
2026-07-31T21:18:45Z,974,13,0,14,0,0,1,1,1,1785532497
2026-07-31T21:18:45Z,977,2,0,16,3,0,1,1,1,1785532280
2026-07-31T21:18:45Z,978,18,0,5,0,0,1,1,1,1785532571
2026-07-31T21:18:45Z,979,3,1,14,0,0,1,1,1,1785532578
2026-07-31T21:18:45Z,980,3,1,17,1,0,1,1,1,1785532685
2026-07-31T21:18:45Z,981,9,0,12,0,0,1,1,1,1785532474
2026-07-31T21:18:45Z,982,4,1,14,1,0,1,1,1,1785530924
2026-07-31T21:18:45Z,983,2,2,21,0,0,1,1,1,1785531897
2026-07-31T21:18:45Z,984,6,0,17,0,0,1,1,1,1785532543
2026-07-31T21:18:45Z,985,7,0,23,1,0,1,1,1,1785532703
2026-07-31T21:18:45Z,986,3,0,16,0,0,1,1,1,1785530926
2026-07-31T21:18:45Z,987,7,1,16,0,0,1,1,1,1785531503
2026-07-31T21:18:45Z,988,6,4,13,0,0,1,1,1,1785532201
2026-07-31T21:18:45Z,989,7,4,12,0,0,1,1,1,1785531894
2026-07-31T21:18:45Z,990,12,0,2,1,0,1,1,1,1785531091
2026-07-31T21:18:45Z,991,9,0,9,1,0,1,1,1,1785532648
2026-07-31T21:18:45Z,992,9,5,14,0,0,1,1,1,1785531718
2026-07-31T21:18:45Z,993,6,4,20,1,0,1,1,1,1785531992
2026-07-31T21:18:45Z,994,0,0,21,0,0,1,1,1,1785531963
2026-07-31T21:18:45Z,995,6,0,21,0,0,1,1,1,1785531172
2026-07-31T21:18:45Z,996,8,2,15,0,0,1,1,1,1785531005
2026-07-31T21:18:45Z,997,5,4,6,9,3,1,1,1,1785531647
2026-07-31T21:18:45Z,998,5,4,18,0,0,1,1,1,1785531262
2026-07-31T21:18:45Z,999,4,1,15,1,1,1,1,1,1785531128
2026-07-31T21:18:45Z,1000,0,0,21,0,0,1,1,1,1785531806
2026-07-31T21:18:45Z,1001,5,3,22,0,0,1,1,1,1785531326
2026-07-31T21:18:45Z,1002,3,2,27,1,0,1,1,1,1785531799
2026-07-31T21:18:45Z,1003,1,0,22,0,0,1,1,1,1785532717
2026-07-31T21:18:45Z,1004,9,2,14,0,0,1,1,1,1785532202
2026-07-31T21:18:45Z,1005,20,1,3,0,0,1,1,1,1785531090
2026-07-31T21:18:45Z,1006,8,4,11,0,0,1,1,1,1785532713
2026-07-31T21:18:45Z,1007,1,1,20,0,0,1,1,1,1785532358
2026-07-31T21:18:45Z,1008,8,7,15,0,0,1,1,1,1785531894
2026-07-31T21:18:45Z,1009,22,5,8,1,0,1,1,1,1785531804
2026-07-31T21:18:45Z,1010,8,2,19,0,0,1,1,1,1785532621
2026-07-31T21:18:45Z,1011,7,2,10,2,0,1,1,1,1785531268
2026-07-31T21:18:45Z,1012,5,3,16,2,0,1,1,1,1785532679
2026-07-31T21:18:45Z,1013,4,1,18,1,0,1,1,1,1785531422
2026-07-31T21:18:45Z,1014,8,4,15,0,0,1,1,1,1785531770
2026-07-31T21:18:45Z,1015,4,3,26,1,0,1,1,1,1785531733
2026-07-31T21:18:45Z,1016,10,5,21,0,0,1,1,1,1785532632
2026-07-31T21:18:45Z,1017,13,5,8,0,0,1,1,1,1785532071
2026-07-31T21:18:45Z,1018,6,2,16,0,0,1,1,1,1785531387
2026-07-31T21:18:45Z,1019,8,5,7,0,0,1,1,1,1785532623
2026-07-31T21:18:45Z,1020,19,5,2,0,0,1,1,1,1785531937
2026-07-31T21:18:45Z,1021,9,4,6,0,0,1,1,1,1785531609
2026-07-31T21:18:45Z,1022,14,0,13,0,0,1,1,1,1785531073
2026-07-31T21:18:45Z,1023,14,2,9,0,0,1,1,1,1785532512
2026-07-31T21:18:45Z,1024,4,2,15,0,0,1,1,1,1785531662
2026-07-31T21:18:45Z,1025,4,0,14,0,1,1,1,1,1785531053
2026-07-31T21:18:45Z,1026,12,9,18,1,0,1,1,1,1785532253
2026-07-31T21:18:45Z,1028,3,1,20,0,0,1,1,1,1785531035
2026-07-31T21:18:45Z,1029,12,10,3,0,0,1,1,1,1785531918
2026-07-31T21:18:45Z,1030,13,4,10,0,0,1,1,1,1785531731
2026-07-31T21:18:45Z,1031,9,1,10,0,0,1,1,1,1785532039
2026-07-31T21:18:45Z,1032,7,1,12,0,0,1,1,1,1785532711
2026-07-31T21:18:45Z,1033,9,5,10,0,0,1,1,1,1785531719
2026-07-31T21:18:45Z,1034,3,0,12,0,0,1,1,1,1785532690
2026-07-31T21:18:45Z,1035,0,0,18,1,0,1,1,1,1785532718
2026-07-31T21:18:45Z,1036,13,0,2,0,0,1,1,1,1785531459
2026-07-31T21:18:45Z,1037,0,0,18,1,0,1,1,1,1785531434
2026-07-31T21:18:45Z,1038,1,0,14,0,0,1,1,1,1785532381
2026-07-31T21:18:45Z,1039,7,0,12,0,0,1,1,1,1785532442
2026-07-31T21:18:45Z,1040,7,5,12,0,0,1,1,1,1785532666
2026-07-31T21:18:45Z,1041,10,2,9,0,0,1,1,1,1785532631
2026-07-31T21:18:45Z,1042,3,0,11,1,0,1,1,1,1785532703
2026-07-31T21:18:45Z,1043,8,5,10,1,0,1,1,1,1785532544
2026-07-31T21:18:45Z,1044,1,0,14,0,0,1,1,1,1785532437
2026-07-31T21:18:45Z,1045,9,0,10,0,0,1,1,1,1785532693
2026-07-31T21:18:45Z,1046,9,0,6,0,0,1,1,1,1785532062
2026-07-31T21:18:45Z,1047,4,0,17,0,0,1,1,1,1785531665
2026-07-31T21:18:45Z,1048,1,0,18,0,0,1,1,1,1785532672
2026-07-31T21:18:45Z,1049,0,0,21,0,0,1,1,1,1785530961
2026-07-31T21:18:45Z,1050,18,5,3,0,0,1,1,1,1785532063
2026-07-31T21:18:45Z,1051,8,3,13,0,0,1,1,1,1785531934
2026-07-31T21:18:45Z,1052,16,1,5,1,0,1,1,1,1785532570
2026-07-31T21:18:45Z,1053,2,1,13,0,0,1,1,1,1785532573
2026-07-31T21:18:45Z,1054,5,1,10,0,0,1,1,1,1785531007
2026-07-31T21:18:45Z,1055,9,2,10,0,0,1,1,1,1785531026
2026-07-31T21:18:45Z,1057,9,0,10,0,0,1,1,1,1785532495
2026-07-31T21:18:45Z,1058,14,1,41,1,0,1,1,1,1785532716
2026-07-31T21:18:45Z,1059,1,1,17,1,0,1,1,1,1785532695
2026-07-31T21:18:45Z,1060,16,0,21,0,0,1,1,1,1785532011
2026-07-31T21:18:45Z,1061,16,0,21,0,0,1,1,1,1785532617
2026-07-31T21:18:45Z,1062,7,1,10,0,0,1,1,1,1785532313
2026-07-31T21:18:45Z,1063,12,1,6,1,0,1,1,1,1785530938
2026-07-31T21:18:45Z,1064,3,0,19,1,0,1,1,1,1785531305
2026-07-31T21:18:45Z,1065,16,3,7,0,0,1,1,1,1785531551
2026-07-31T21:18:45Z,1066,12,2,11,0,0,1,1,1,1785531370
2026-07-31T21:18:45Z,1067,8,2,13,2,0,1,1,1,1785531646
2026-07-31T21:18:45Z,1068,5,2,15,3,0,1,1,1,1785531181
2026-07-31T21:18:45Z,1069,12,3,11,0,0,1,1,1,1785531184
2026-07-31T21:18:45Z,1070,12,2,11,0,0,1,1,1,1785531285
2026-07-31T21:18:45Z,1071,8,4,15,0,0,1,1,1,1785531322
2026-07-31T21:18:45Z,1072,11,1,11,1,0,1,1,1,1785531732
2026-07-31T21:18:45Z,1073,4,0,22,1,0,1,1,1,1785532586
2026-07-31T21:18:45Z,1074,41,3,9,3,0,1,1,1,1785532642
2026-07-31T21:18:45Z,1075,7,7,14,0,0,1,1,1,1785532032
2026-07-31T21:18:45Z,1076,15,12,6,0,0,1,1,1,1785532341
2026-07-31T21:18:45Z,1077,11,7,9,1,0,1,1,1,1785531596
2026-07-31T21:18:45Z,1078,10,9,11,0,0,1,1,1,1785531991
2026-07-31T21:18:45Z,1079,14,10,7,0,0,1,1,1,1785532611
2026-07-31T21:18:45Z,1080,11,8,8,2,0,1,1,1,1785532539
2026-07-31T21:18:45Z,1081,13,7,6,0,0,1,1,1,1785531724
2026-07-31T21:18:45Z,1082,11,10,12,0,0,1,1,1,1785532615
2026-07-31T21:18:45Z,1083,12,10,9,0,0,1,1,1,1785531832
2026-07-31T21:18:45Z,1084,9,7,12,0,0,1,1,1,1785532497
2026-07-31T21:18:45Z,1085,12,9,9,0,0,1,1,1,1785532206
2026-07-31T21:18:45Z,1086,11,9,9,1,0,1,1,1,1785532275
2026-07-31T21:18:45Z,1087,7,7,8,0,0,1,1,1,1785532421
2026-07-31T21:18:45Z,1088,10,7,5,0,0,1,1,1,1785530938
2026-07-31T21:18:45Z,1089,7,3,8,0,0,1,1,1,1785529453
2026-07-31T21:18:45Z,1090,7,6,8,0,0,1,1,1,1785531688
2026-07-31T21:18:45Z,1091,7,5,8,0,0,1,1,1,1785531889
2026-07-31T21:18:45Z,1092,9,8,6,0,0,1,1,1,1785532054
2026-07-31T21:18:45Z,1093,5,5,9,1,0,1,1,1,1785531962
2026-07-31T21:18:45Z,1094,10,9,9,0,0,1,1,1,1785532704
2026-07-31T21:18:45Z,1095,10,8,5,0,0,1,1,1,1785532680
2026-07-31T21:18:45Z,1096,11,8,8,0,0,1,1,1,1785532622
2026-07-31T21:18:45Z,1097,8,8,7,0,0,1,1,1,1785531457
2026-07-31T21:18:45Z,1098,9,7,10,0,0,1,1,1,1785532310
2026-07-31T21:18:45Z,1099,7,6,8,0,0,1,1,1,1785532540
2026-07-31T21:18:45Z,1100,6,4,23,0,0,1,1,1,1785532207
2026-07-31T21:18:45Z,1101,10,5,11,0,0,1,1,1,1785532466
2026-07-31T21:18:45Z,1102,9,4,4,0,0,1,1,1,1785531668
2026-07-31T21:18:45Z,1103,11,5,10,0,0,1,1,1,1785503681
2026-07-31T21:18:45Z,1104,11,6,10,0,0,1,1,1,1785532216
2026-07-31T21:18:45Z,1105,8,4,5,0,0,1,1,1,1785531551
2026-07-31T21:18:45Z,1106,10,5,11,0,0,1,1,1,1785532558
2026-07-31T21:18:45Z,1107,9,5,6,0,0,1,1,1,1785530987
2026-07-31T21:18:45Z,1108,8,4,16,2,1,1,1,1,1785531581
2026-07-31T21:18:45Z,1109,7,3,8,0,0,1,1,1,1785531270
2026-07-31T21:18:45Z,1110,12,4,9,0,0,1,1,1,1785532080
2026-07-31T21:18:45Z,1111,11,5,9,1,0,1,1,1,1785531978
2026-07-31T21:18:45Z,1112,23,0,30,0,0,1,1,1,1785532114
2026-07-31T21:18:45Z,1113,1,0,20,0,0,1,1,1,1785531999
2026-07-31T21:18:45Z,1115,11,1,8,5,0,1,1,1,1785532589
2026-07-31T21:18:45Z,1116,2,0,17,0,0,1,1,1,1785530915
2026-07-31T21:18:45Z,1117,1,0,20,2,0,1,1,1,1785532543
2026-07-31T21:18:45Z,1118,15,2,6,0,0,1,1,1,1785532297
2026-07-31T21:18:45Z,1119,8,2,9,0,0,1,1,1,1785532307
2026-07-31T21:18:45Z,1120,5,1,13,1,0,1,1,1,1785532301
2026-07-31T21:18:45Z,1121,4,0,16,1,0,1,1,1,1785532599
2026-07-31T21:18:45Z,1122,5,1,15,1,0,1,1,1,1785532342
2026-07-31T21:18:45Z,1123,10,8,11,2,0,1,1,1,1785532367
2026-07-31T21:18:45Z,1124,1,1,12,2,0,1,1,1,1785532483
2026-07-31T21:18:45Z,1125,16,1,7,0,0,1,1,1,1785531959
2026-07-31T21:18:45Z,1126,11,0,10,0,0,1,1,1,1785532559
2026-07-31T21:18:45Z,1127,2,2,17,0,0,1,1,1,1785532019
2026-07-31T21:18:45Z,1128,1,0,14,0,0,1,1,1,1785532697
2026-07-31T21:18:45Z,1129,3,1,17,1,0,1,1,1,1785532438
2026-07-31T21:18:45Z,1130,8,0,7,0,0,1,1,1,1785532718
2026-07-31T21:18:45Z,1131,1,1,47,1,0,1,1,1,1785532715
2026-07-31T21:18:45Z,1132,11,4,9,1,0,1,1,1,1785532506
2026-07-31T21:18:45Z,1133,8,6,9,4,0,1,1,1,1785532609
2026-07-31T21:18:45Z,1134,12,6,7,0,0,1,1,1,1785531710
2026-07-31T21:18:45Z,1135,12,6,9,0,0,1,1,1,1785532363
2026-07-31T21:18:45Z,1136,14,1,8,1,0,1,1,1,1785532670
2026-07-31T21:18:45Z,1137,12,0,3,0,0,1,1,1,1785532615
2026-07-31T21:18:45Z,1138,4,0,15,0,0,1,1,1,1785532192
2026-07-31T21:18:45Z,1139,11,2,8,2,0,1,1,1,1785532559
2026-07-31T21:18:45Z,1140,3,0,18,2,0,1,1,1,1785532549
2026-07-31T21:18:45Z,1141,6,3,15,0,0,1,1,1,1785532604
2026-07-31T21:18:45Z,1142,3,0,18,0,0,1,1,1,1785532696
2026-07-31T21:18:45Z,1143,21,2,8,0,0,1,1,1,1785532610
2026-07-31T21:18:45Z,1144,7,1,13,1,0,1,1,1,1785532260
2026-07-31T21:18:45Z,1145,11,5,9,1,0,1,1,1,1785531322
2026-07-31T21:18:45Z,1146,11,10,6,2,0,1,1,1,1785532716
2026-07-31T21:18:45Z,1147,12,1,7,0,0,1,1,1,1785532649
2026-07-31T21:18:45Z,1148,8,1,23,0,0,1,1,1,1785532708
2026-07-31T21:18:45Z,1149,6,6,15,4,0,1,1,1,1785532520
2026-07-31T21:18:45Z,1150,10,0,9,0,0,1,1,1,1785532551
2026-07-31T21:18:45Z,1151,7,0,14,0,0,1,1,1,1785531575
2026-07-31T21:18:45Z,1152,4,0,25,0,0,1,1,1,1785532714
2026-07-31T21:18:45Z,1153,22,2,0,1,0,1,1,1,1785531544
2026-07-31T21:18:45Z,1154,4,0,15,0,0,1,1,1,1785532629
2026-07-31T21:18:45Z,1155,7,4,10,4,0,1,1,1,1785532593
2026-07-31T21:18:45Z,1158,3,1,16,0,0,1,1,1,1785532615
2026-07-31T21:18:45Z,1159,12,0,7,0,0,1,1,1,1785531162
2026-07-31T21:18:45Z,1160,9,2,10,0,0,1,1,1,1785531091
2026-07-31T21:18:45Z,1161,3,0,15,1,0,1,1,1,1785531296
2026-07-31T21:18:45Z,1162,3,1,16,0,0,1,1,1,1785532310
2026-07-31T21:18:45Z,1163,2,1,16,1,0,1,1,1,1785530920
2026-07-31T21:18:45Z,1164,5,1,14,0,0,1,1,1,1785530976
2026-07-31T21:18:45Z,1165,1,0,20,0,0,1,1,1,1785531721
2026-07-31T21:18:45Z,1166,13,3,7,1,0,1,1,1,1785531781
2026-07-31T21:18:45Z,1167,4,0,11,0,0,1,1,1,1785532463
2026-07-31T21:18:45Z,1168,3,0,18,2,0,1,1,1,1785531212
2026-07-31T21:18:45Z,1169,3,0,15,1,0,1,1,1,1785532637
2026-07-31T21:18:45Z,1170,7,1,14,0,0,1,1,1,1785531218
2026-07-31T21:18:45Z,1171,9,8,14,0,0,1,1,1,1785530920
2026-07-31T21:18:45Z,1172,5,0,8,2,0,1,1,1,1785532586
2026-07-31T21:18:45Z,1173,13,4,6,0,0,1,1,1,1785531081
2026-07-31T21:18:45Z,1174,6,3,9,0,0,1,1,1,1785532539
2026-07-31T21:18:45Z,1175,5,3,14,0,0,1,1,1,1785531043
2026-07-31T21:18:45Z,1176,8,2,13,0,0,1,1,1,1785532121
2026-07-31T21:18:45Z,1177,3,1,18,0,0,1,1,1,1785532053
2026-07-31T21:18:45Z,1178,5,2,10,0,0,1,1,1,1785532462
2026-07-31T21:18:45Z,1181,11,0,4,0,0,1,1,1,1785531977
2026-07-31T21:18:45Z,1182,17,1,2,1,0,1,1,1,1785532529
2026-07-31T21:18:45Z,1183,18,0,25,2,0,1,1,1,1785532708
2026-07-31T21:18:45Z,1184,3,2,16,2,0,1,1,1,1785532602
2026-07-31T21:18:45Z,1185,9,5,12,0,0,1,1,1,1785532190
2026-07-31T21:18:45Z,1186,9,5,10,0,0,1,1,1,1785531350
2026-07-31T21:18:45Z,1187,10,5,10,1,0,1,1,1,1785531590
2026-07-31T21:18:45Z,1188,10,5,5,0,0,1,1,1,1785530984
2026-07-31T21:18:45Z,1189,8,3,11,0,0,1,1,1,1785532711
2026-07-31T21:18:45Z,1190,9,4,12,0,0,1,1,1,1785532345
2026-07-31T21:18:45Z,1191,10,5,5,0,0,1,1,1,1785530988
2026-07-31T21:18:45Z,1192,11,7,9,1,0,1,1,1,1785532709
2026-07-31T21:18:45Z,1193,6,4,5,2,0,1,1,1,1785531751
2026-07-31T21:18:45Z,1197,9,6,7,1,0,1,1,1,1785532710
2026-07-31T21:18:45Z,1198,13,4,6,2,0,1,1,1,1785531419
2026-07-31T21:18:45Z,1199,3,0,16,0,0,1,1,1,1785531407
2026-07-31T21:18:45Z,1200,9,5,6,0,0,1,1,1,1785531025
2026-07-31T21:18:45Z,1201,9,4,6,0,0,1,1,1,1785531000
2026-07-31T21:18:45Z,1202,10,5,5,0,0,1,1,1,1785531102
2026-07-31T21:18:45Z,1203,11,5,4,0,0,1,1,1,1785531006
2026-07-31T21:18:45Z,1204,7,4,12,0,0,1,1,1,1785532596
2026-07-31T21:18:45Z,1206,11,5,10,0,0,1,1,1,1785531836
2026-07-31T21:18:45Z,1207,8,4,6,1,0,1,1,1,1785531318
2026-07-31T21:18:45Z,1208,10,4,9,0,0,1,1,1,1785531262
2026-07-31T21:18:45Z,1216,9,0,11,1,0,1,1,1,1785532051
2026-07-31T21:18:45Z,1218,4,0,17,0,0,1,1,1,1785532449
2026-07-31T21:18:45Z,1219,3,1,10,2,0,1,1,1,1785532718
2026-07-31T21:18:45Z,1220,17,6,2,0,0,1,1,1,1785532089
2026-07-31T21:18:45Z,1221,1,1,19,1,0,1,1,1,1785531801
2026-07-31T21:18:45Z,1222,14,2,15,0,0,1,1,1,1785532001
2026-07-31T21:18:45Z,1223,25,0,3,1,0,1,1,1,1785532687
2026-07-31T21:18:45Z,1226,0,0,3,0,0,0,1,1,1781868931
2026-07-31T21:18:45Z,1227,5,0,19,1,0,1,1,1,1785532459
2026-07-31T21:18:45Z,1228,2,2,27,0,0,1,1,1,1785532537
2026-07-31T21:18:45Z,1229,41,2,2,2,0,1,1,1,1785532707
2026-07-31T21:23:45Z,1,8,1,15,0,0,1,1,1,1785532638
2026-07-31T21:23:45Z,2,16,0,8,3,0,1,1,1,1785532921
2026-07-31T21:23:45Z,3,10,2,3,1,0,1,1,1,1785532935
2026-07-31T21:23:45Z,4,20,0,1,1,0,1,1,1,1785532739
2026-07-31T21:23:45Z,5,17,3,4,2,0,1,1,1,1785532893
2026-07-31T21:23:45Z,6,3,0,12,0,0,1,1,1,1785532788
2026-07-31T21:23:45Z,7,7,0,32,0,0,1,1,1,1785532895
2026-07-31T21:23:45Z,8,13,1,30,0,0,1,1,1,1785532980
2026-07-31T21:23:45Z,9,16,0,6,1,0,1,1,1,1785533001
2026-07-31T21:23:45Z,10,2,1,19,2,0,1,1,1,1785532806
2026-07-31T21:23:45Z,11,8,0,9,2,0,1,1,1,1785532969
2026-07-31T21:23:45Z,12,23,0,0,0,0,1,1,1,1785532917
2026-07-31T21:23:45Z,13,10,0,20,0,0,1,1,1,1785533014
2026-07-31T21:23:45Z,14,38,0,4,0,1,1,1,1,1785532754
2026-07-31T21:23:45Z,15,6,0,9,0,0,1,1,1,1785533006
2026-07-31T21:23:45Z,16,1,0,23,2,1,1,1,1,1785532711
2026-07-31T21:23:45Z,17,9,0,17,1,0,1,1,1,1785532824
2026-07-31T21:23:45Z,18,5,0,11,2,0,1,1,1,1785532127
2026-07-31T21:23:45Z,19,11,2,13,3,0,1,1,1,1785532964
2026-07-31T21:23:45Z,20,19,2,16,0,0,1,1,1,1785532706
2026-07-31T21:23:45Z,21,10,0,7,2,0,1,1,1,1785532819
2026-07-31T21:23:45Z,22,26,2,39,0,0,1,1,1,1785532671
2026-07-31T21:23:45Z,23,15,6,14,2,0,1,1,1,1785532962
2026-07-31T21:23:45Z,24,4,1,6,1,0,1,1,1,1785533017
2026-07-31T21:23:45Z,25,75,3,4,2,0,1,1,1,1785533012
2026-07-31T21:23:45Z,26,23,0,4,0,0,1,1,1,1785533005
2026-07-31T21:23:45Z,28,10,1,5,0,0,1,1,1,1785532880
2026-07-31T21:23:45Z,30,10,0,17,2,0,1,1,1,1785532824
2026-07-31T21:23:45Z,31,12,0,5,2,0,1,1,1,1785533010
2026-07-31T21:23:45Z,32,5,2,22,0,0,1,1,1,1785532960
2026-07-31T21:23:45Z,34,16,0,21,0,0,1,1,1,1785532545
2026-07-31T21:23:45Z,35,16,0,31,0,0,1,1,1,1785532906
2026-07-31T21:23:45Z,36,0,0,0,0,0,0,1,1,86400
2026-07-31T21:23:45Z,37,11,2,11,1,0,1,1,1,1785532809
2026-07-31T21:23:45Z,38,4,0,19,0,0,1,1,1,1785532993
2026-07-31T21:23:45Z,39,18,3,21,0,0,1,1,1,1785533002
2026-07-31T21:23:45Z,40,9,2,12,0,0,1,1,1,1785533005
2026-07-31T21:23:45Z,41,30,0,13,0,0,1,1,1,1785532842
2026-07-31T21:23:45Z,42,5,3,25,1,0,1,1,1,1785532733
2026-07-31T21:23:45Z,43,10,0,13,0,0,1,1,1,1785533007
2026-07-31T21:23:45Z,45,8,0,21,0,0,1,1,1,1785532994
2026-07-31T21:23:45Z,46,2,0,26,3,0,1,1,1,1785532665
2026-07-31T21:23:45Z,47,2,1,12,1,0,1,1,1,1785532435
2026-07-31T21:23:45Z,48,18,0,9,0,0,1,1,1,1785532850
2026-07-31T21:23:45Z,49,0,0,19,4,0,1,1,1,1785533019
2026-07-31T21:23:45Z,50,4,4,14,1,0,1,1,1,1785532792
2026-07-31T21:23:45Z,51,44,0,33,0,0,1,1,1,1785532841
2026-07-31T21:23:45Z,52,3,1,21,3,0,1,1,1,1785533012
2026-07-31T21:23:45Z,55,8,1,15,0,0,1,1,1,1785532969
2026-07-31T21:23:45Z,56,12,1,31,0,0,1,1,1,1785532734
2026-07-31T21:23:45Z,57,8,0,19,0,0,1,1,1,1785532995
2026-07-31T21:23:45Z,58,0,0,28,0,0,1,1,1,1785532323
2026-07-31T21:23:45Z,59,0,0,25,2,0,1,1,1,1785532821
2026-07-31T21:23:45Z,61,33,0,6,0,0,1,1,1,1785532883
2026-07-31T21:23:45Z,62,31,18,17,1,0,1,1,1,1785533001
2026-07-31T21:23:45Z,63,14,2,5,0,0,1,1,1,1785532826
2026-07-31T21:23:45Z,64,12,1,3,4,0,1,1,1,1785530968
2026-07-31T21:23:45Z,65,8,4,10,1,0,1,1,1,1785530131
2026-07-31T21:23:45Z,67,27,0,12,0,0,1,1,1,1785532813
2026-07-31T21:23:45Z,68,33,1,3,1,0,1,1,1,1785532674
2026-07-31T21:23:45Z,69,4,0,11,0,0,1,1,1,1785532166
2026-07-31T21:23:45Z,71,16,1,8,3,0,1,1,1,1785533007
2026-07-31T21:23:45Z,72,28,5,0,2,1,1,1,1,1785532270
2026-07-31T21:23:45Z,73,6,2,25,0,0,1,1,1,1785533013
2026-07-31T21:23:45Z,74,1,0,18,0,0,1,1,1,1785532482
2026-07-31T21:23:45Z,75,8,0,23,1,0,1,1,1,1785533008
2026-07-31T21:23:45Z,76,7,0,11,1,0,1,1,1,1785533010
2026-07-31T21:23:45Z,77,7,0,20,0,0,1,1,1,1785532939
2026-07-31T21:23:45Z,78,3,2,20,0,0,1,1,1,1785532769
2026-07-31T21:23:45Z,79,0,0,16,1,0,1,1,1,1785532783
2026-07-31T21:23:45Z,80,12,2,8,3,0,1,1,1,1785532932
2026-07-31T21:23:45Z,81,1,0,30,0,0,1,1,1,1785532969
2026-07-31T21:23:45Z,82,16,8,6,1,0,1,1,1,1785532933
2026-07-31T21:23:45Z,83,2,0,30,2,0,1,1,1,1785533009
2026-07-31T21:23:45Z,84,2,2,25,0,0,1,1,1,1785532925
2026-07-31T21:23:45Z,85,10,0,5,0,0,1,1,1,1785532781
2026-07-31T21:23:45Z,86,1,1,26,0,0,1,1,1,1785532557
2026-07-31T21:23:45Z,87,1,0,18,0,0,1,1,1,1785532573
2026-07-31T21:23:45Z,88,7,2,35,1,0,1,1,1,1785532752
2026-07-31T21:23:45Z,89,31,2,3,1,0,1,1,1,1785532939
2026-07-31T21:23:45Z,90,9,1,8,1,0,1,1,1,1785532997
2026-07-31T21:23:45Z,91,0,0,16,1,0,1,1,1,1785532322
2026-07-31T21:23:45Z,92,1,1,15,3,0,1,1,1,1785532740
2026-07-31T21:23:45Z,93,5,0,18,0,0,1,1,1,1785532624
2026-07-31T21:23:45Z,94,13,0,5,1,0,1,1,1,1785531042
2026-07-31T21:23:45Z,95,3,0,30,1,1,1,1,1,1785533016
2026-07-31T21:23:45Z,96,12,2,18,1,0,1,1,1,1785532621
2026-07-31T21:23:45Z,97,2,1,13,2,0,1,1,1,1785532923
2026-07-31T21:23:45Z,98,30,7,5,0,0,1,1,1,1785532945
2026-07-31T21:23:45Z,99,11,1,4,0,0,1,1,1,1785532933
2026-07-31T21:23:45Z,100,0,0,27,0,0,1,1,1,1785532794
2026-07-31T21:23:45Z,101,11,0,3,1,0,1,1,1,1785532877
2026-07-31T21:23:45Z,102,15,1,8,0,0,1,1,1,1785532981
2026-07-31T21:23:45Z,103,16,0,11,3,0,1,1,1,1785533003
2026-07-31T21:23:45Z,104,15,0,10,2,0,1,1,1,1785533018
2026-07-31T21:23:45Z,105,17,0,2,0,0,1,1,1,1785532464
2026-07-31T21:23:45Z,106,14,1,6,1,0,1,1,1,1785532911
2026-07-31T21:23:45Z,107,30,1,7,0,0,1,1,1,1785533011
2026-07-31T21:23:45Z,108,9,1,24,2,0,1,1,1,1785533015
2026-07-31T21:23:45Z,109,19,0,4,0,0,1,1,1,1785532927
2026-07-31T21:23:45Z,110,16,0,7,0,0,1,1,1,1785532959
2026-07-31T21:23:45Z,111,8,1,28,0,0,1,1,1,1785532974
2026-07-31T21:23:45Z,112,10,0,4,1,0,1,1,1,1785532854
2026-07-31T21:23:45Z,113,4,0,14,1,0,1,1,1,1785532989
2026-07-31T21:23:45Z,114,11,6,17,2,1,1,1,1,1785532977
2026-07-31T21:23:45Z,115,17,11,7,4,0,1,1,1,1785532301
2026-07-31T21:23:45Z,116,12,11,14,1,0,1,1,1,1785532714
2026-07-31T21:23:45Z,118,15,2,5,3,0,1,1,1,1785532484
2026-07-31T21:23:45Z,119,2,0,34,2,0,1,1,1,1785532816
2026-07-31T21:23:45Z,120,4,0,21,2,0,1,1,1,1785533019
2026-07-31T21:23:45Z,121,0,0,16,2,1,1,1,1,1785533015
2026-07-31T21:23:45Z,122,2,1,19,0,0,1,1,1,1785532872
2026-07-31T21:23:45Z,123,11,2,36,0,0,1,1,1,1785533017
2026-07-31T21:23:45Z,124,12,2,23,0,0,1,1,1,1785533014
2026-07-31T21:23:45Z,125,0,0,22,1,0,1,1,1,1785532654
2026-07-31T21:23:45Z,126,25,3,6,0,0,1,1,1,1785532651
2026-07-31T21:23:45Z,127,13,4,21,1,0,1,1,1,1785532879
2026-07-31T21:23:45Z,128,1,0,18,0,0,1,1,1,1785532821
2026-07-31T21:23:45Z,129,3,2,13,3,0,1,1,1,1785532796
2026-07-31T21:23:45Z,130,3,0,14,0,0,1,1,1,1785532837
2026-07-31T21:23:45Z,131,5,5,5,1,0,1,1,1,1785532943
2026-07-31T21:23:45Z,132,6,4,8,0,1,1,1,1,1785532763
2026-07-31T21:23:45Z,134,16,2,3,4,0,1,1,1,1785532899
2026-07-31T21:23:45Z,135,6,0,12,1,0,1,1,1,1785532900
2026-07-31T21:23:45Z,136,0,0,16,1,6,1,1,1,1785532986
2026-07-31T21:23:45Z,137,2,2,15,2,0,1,1,1,1785533002
2026-07-31T21:23:45Z,138,7,1,30,0,0,1,1,1,1785532860
2026-07-31T21:23:45Z,139,1,0,17,1,0,1,1,1,1785532961
2026-07-31T21:23:45Z,140,2,0,19,2,0,1,1,1,1785533019
2026-07-31T21:23:45Z,141,4,4,32,0,0,1,1,1,1785532889
2026-07-31T21:23:45Z,142,2,2,21,0,0,1,1,1,1785532967
2026-07-31T21:23:45Z,143,4,0,27,0,0,1,1,1,1785532968
2026-07-31T21:23:45Z,144,20,0,7,0,0,1,1,1,1785532992
2026-07-31T21:23:45Z,146,11,0,11,1,0,1,1,1,1785532956
2026-07-31T21:23:45Z,147,0,0,16,3,0,1,1,1,1785532897
2026-07-31T21:23:45Z,148,0,0,23,4,0,1,1,1,1785532822
2026-07-31T21:23:45Z,149,2,0,25,0,0,1,1,1,1785532647
2026-07-31T21:23:45Z,150,4,0,29,2,0,1,1,1,1785532995
2026-07-31T21:23:45Z,151,1,0,22,0,0,1,1,1,1785532793
2026-07-31T21:23:45Z,152,2,0,21,3,0,1,1,1,1785532953
2026-07-31T21:23:45Z,153,4,0,22,2,0,1,1,1,1785532974
2026-07-31T21:23:45Z,154,13,2,7,3,0,1,1,1,1785533001
2026-07-31T21:23:45Z,155,1,0,12,1,0,1,1,1,1785532785
2026-07-31T21:23:45Z,156,1,0,18,0,0,1,1,1,1785533017
2026-07-31T21:23:45Z,157,5,0,20,2,0,1,1,1,1785532921
2026-07-31T21:23:45Z,158,9,0,6,1,0,1,1,1,1785532871
2026-07-31T21:23:45Z,159,6,2,11,2,0,1,1,1,1785532816
2026-07-31T21:23:45Z,160,2,0,17,0,0,1,1,1,1785531725
2026-07-31T21:23:45Z,161,17,0,5,0,0,1,1,1,1785532997
2026-07-31T21:23:45Z,162,19,12,7,1,0,1,1,1,1785533001
2026-07-31T21:23:45Z,163,5,0,25,0,1,1,1,1,1785532826
2026-07-31T21:23:45Z,164,15,0,12,0,0,1,1,1,1785532965
2026-07-31T21:23:45Z,165,31,5,0,0,0,1,1,1,1785532954
2026-07-31T21:23:45Z,166,6,1,29,4,0,1,1,1,1785533020
2026-07-31T21:23:45Z,167,9,0,13,1,0,1,1,1,1785532851
2026-07-31T21:23:45Z,168,21,2,3,3,0,1,1,1,1785532868
2026-07-31T21:23:45Z,169,9,0,12,1,1,1,1,1,1785533009
2026-07-31T21:23:45Z,170,6,1,12,1,0,1,1,1,1785532784
2026-07-31T21:23:45Z,171,7,1,4,2,0,1,1,1,1785532974
2026-07-31T21:23:45Z,173,9,3,30,0,0,1,1,1,1785533003
2026-07-31T21:23:45Z,174,4,0,22,0,0,1,1,1,1785532611
2026-07-31T21:23:45Z,175,26,2,3,2,0,1,1,1,1785533009
2026-07-31T21:23:45Z,176,10,3,2,2,1,1,1,1,1785532879
2026-07-31T21:23:45Z,177,2,1,23,2,0,1,1,1,1785532953
2026-07-31T21:23:45Z,178,8,0,4,2,1,1,1,1,1785533020
2026-07-31T21:23:45Z,179,9,4,4,2,0,1,1,1,1785532988
2026-07-31T21:23:45Z,180,0,0,30,0,0,1,1,1,1785532563
2026-07-31T21:23:45Z,181,0,0,15,0,0,1,1,1,1785532951
2026-07-31T21:23:45Z,182,4,2,13,0,0,1,1,1,1785532266
2026-07-31T21:23:45Z,183,5,4,17,1,0,1,1,1,1785532892
2026-07-31T21:23:45Z,184,18,1,4,1,0,1,1,1,1785533018
2026-07-31T21:23:45Z,185,8,5,4,2,1,1,1,1,1785532867
2026-07-31T21:23:45Z,186,4,0,15,0,0,1,1,1,1785532991
2026-07-31T21:23:45Z,187,0,0,27,1,0,1,1,1,1785532136
2026-07-31T21:23:45Z,188,11,4,8,7,1,1,1,1,1785532984
2026-07-31T21:23:45Z,189,7,3,8,0,0,1,1,1,1785532681
2026-07-31T21:23:45Z,190,11,0,11,1,0,1,1,1,1785532961
2026-07-31T21:23:45Z,191,7,6,32,0,0,1,1,1,1785532411
2026-07-31T21:23:45Z,192,6,0,23,2,0,1,1,1,1785532711
2026-07-31T21:23:45Z,193,9,6,5,1,0,1,1,1,1785532830
2026-07-31T21:23:45Z,194,3,2,24,0,0,1,1,1,1785532913
2026-07-31T21:23:45Z,195,1,0,18,0,0,1,1,1,1785533007
2026-07-31T21:23:45Z,196,5,5,21,1,0,1,1,1,1785532815
2026-07-31T21:23:45Z,197,2,1,16,0,1,1,1,1,1785532797
2026-07-31T21:23:45Z,198,11,10,10,2,0,1,1,1,1785532589
2026-07-31T21:23:45Z,199,2,0,12,1,0,1,1,1,1785533019
2026-07-31T21:23:45Z,200,10,8,16,0,0,1,1,1,1785532715
2026-07-31T21:23:45Z,201,2,2,21,0,0,1,1,1,1785532499
2026-07-31T21:23:45Z,202,1,0,26,0,0,1,1,1,1785532925
2026-07-31T21:23:45Z,203,8,1,22,1,0,1,1,1,1785532932
2026-07-31T21:23:45Z,204,20,1,14,1,0,1,1,1,1785533010
2026-07-31T21:23:45Z,205,9,0,18,0,0,1,1,1,1785532993
2026-07-31T21:23:45Z,206,2,1,12,1,0,1,1,1,1785532896
2026-07-31T21:23:45Z,207,20,0,1,0,0,1,1,1,1785533009
2026-07-31T21:23:45Z,208,3,1,26,0,0,1,1,1,1785532903
2026-07-31T21:23:45Z,209,24,0,6,1,0,1,1,1,1785533008
2026-07-31T21:23:45Z,210,7,2,20,0,0,1,1,1,1785532885
2026-07-31T21:23:45Z,211,1,0,21,1,0,1,1,1,1785532250
2026-07-31T21:23:45Z,212,22,0,12,1,0,1,1,1,1785533013
2026-07-31T21:23:45Z,213,14,5,8,1,0,1,1,1,1785532787
2026-07-31T21:23:45Z,214,45,9,1,1,0,1,1,1,1785532862
2026-07-31T21:23:45Z,215,17,5,5,1,0,1,1,1,1785532773
2026-07-31T21:23:45Z,216,9,4,9,1,0,1,1,1,1785532767
2026-07-31T21:23:45Z,217,19,0,9,1,0,1,1,1,1785533000
2026-07-31T21:23:45Z,218,12,7,23,4,0,1,1,1,1785533001
2026-07-31T21:23:45Z,219,16,0,9,1,0,1,1,1,1785532856
2026-07-31T21:23:45Z,220,20,8,22,0,1,1,1,1,1785533015
2026-07-31T21:23:45Z,221,1,0,13,1,0,1,1,1,1785532658
2026-07-31T21:23:45Z,222,2,1,16,1,0,1,1,1,1785532707
2026-07-31T21:23:45Z,223,6,0,26,3,0,1,1,1,1785532957
2026-07-31T21:23:45Z,224,1,1,20,1,0,1,1,1,1785532519
2026-07-31T21:23:45Z,225,13,6,3,3,0,1,1,1,1785532712
2026-07-31T21:23:45Z,226,25,3,5,1,0,1,1,1,1785532977
2026-07-31T21:23:45Z,227,1,1,25,1,0,1,1,1,1785532987
2026-07-31T21:23:45Z,228,3,1,15,1,0,1,1,1,1785532798
2026-07-31T21:23:45Z,230,7,0,19,0,0,1,1,1,1785532985
2026-07-31T21:23:45Z,232,5,0,11,1,0,1,1,1,1785532730
2026-07-31T21:23:45Z,233,11,7,19,1,0,1,1,1,1785532991
2026-07-31T21:23:45Z,234,11,3,2,4,2,1,1,1,1785532359
2026-07-31T21:23:45Z,236,16,2,3,0,0,1,1,1,1785532741
2026-07-31T21:23:45Z,237,1,0,21,1,0,1,1,1,1785532726
2026-07-31T21:23:45Z,239,4,4,22,1,0,1,1,1,1785532394
2026-07-31T21:23:45Z,241,8,6,14,1,0,1,1,1,1785532880
2026-07-31T21:23:45Z,242,4,2,18,1,0,1,1,1,1785532978
2026-07-31T21:23:45Z,243,13,9,14,4,0,1,1,1,1785533001
2026-07-31T21:23:45Z,244,2,2,23,2,0,1,1,1,1785532887
2026-07-31T21:23:45Z,245,11,5,12,0,0,1,1,1,1785532982
2026-07-31T21:23:45Z,246,10,5,12,1,0,1,1,1,1785532991
2026-07-31T21:23:45Z,247,8,5,13,2,0,1,1,1,1785532964
2026-07-31T21:23:45Z,248,11,7,10,2,0,1,1,1,1785532987
2026-07-31T21:23:45Z,249,15,15,3,1,0,1,1,1,1785532848
2026-07-31T21:23:45Z,250,1,0,20,6,0,1,1,1,1785532629
2026-07-31T21:23:45Z,251,20,11,2,5,0,1,1,1,1785532985
2026-07-31T21:23:45Z,253,2,2,17,0,0,1,1,1,1785532871
2026-07-31T21:23:45Z,254,3,2,39,1,0,1,1,1,1785532858
2026-07-31T21:23:45Z,255,9,0,13,0,1,1,1,1,1785532918
2026-07-31T21:23:45Z,256,1,0,20,2,0,1,1,1,1785532951
2026-07-31T21:23:45Z,257,4,1,15,0,0,1,1,1,1785532755
2026-07-31T21:23:45Z,258,13,6,4,2,0,1,1,1,1785532973
2026-07-31T21:23:45Z,259,15,1,7,0,1,1,1,1,1785532936
2026-07-31T21:23:45Z,260,0,0,18,1,0,1,1,1,1785531499
2026-07-31T21:23:45Z,261,2,0,15,1,1,1,1,1,1785532426
2026-07-31T21:23:45Z,262,6,0,16,1,0,1,1,1,1785532997
2026-07-31T21:23:45Z,263,2,0,12,1,0,1,1,1,1785532582
2026-07-31T21:23:45Z,264,1,1,18,0,0,1,1,1,1785532700
2026-07-31T21:23:45Z,265,7,0,8,0,0,1,1,1,1785532569
2026-07-31T21:23:45Z,266,12,7,6,1,0,1,1,1,1785533015
2026-07-31T21:23:45Z,267,9,4,5,1,0,1,1,1,1785531709
2026-07-31T21:23:45Z,268,19,7,3,1,0,1,1,1,1785532323
2026-07-31T21:23:45Z,269,7,5,16,0,0,1,1,1,1785532983
2026-07-31T21:23:45Z,270,4,0,22,1,0,1,1,1,1785532963
2026-07-31T21:23:45Z,271,3,0,14,2,0,1,1,1,1785532734
2026-07-31T21:23:45Z,272,8,2,15,0,0,1,1,1,1785532548
2026-07-31T21:23:45Z,273,1,1,14,0,0,1,1,1,1785532768
2026-07-31T21:23:45Z,274,5,3,13,1,0,1,1,1,1785533003
2026-07-31T21:23:45Z,275,11,0,8,4,0,1,1,1,1785532997
2026-07-31T21:23:45Z,276,1,1,25,1,0,1,1,1,1785532264
2026-07-31T21:23:45Z,277,2,2,17,4,0,1,1,1,1785532948
2026-07-31T21:23:45Z,278,10,9,18,3,0,1,1,1,1785532943
2026-07-31T21:23:45Z,279,0,0,19,0,0,1,1,1,1785532819
2026-07-31T21:23:45Z,280,1,0,27,3,0,1,1,1,1785532964
2026-07-31T21:23:45Z,281,3,0,16,0,0,1,1,1,1785532553
2026-07-31T21:23:45Z,282,7,2,11,0,0,1,1,1,1785527347
2026-07-31T21:23:45Z,283,15,2,20,0,0,1,1,1,1785532913
2026-07-31T21:23:45Z,284,26,1,6,3,0,1,1,1,1785533011
2026-07-31T21:23:45Z,285,3,2,20,0,0,1,1,1,1785532312
2026-07-31T21:23:45Z,286,9,5,13,1,0,1,1,1,1785532269
2026-07-31T21:23:45Z,287,10,1,10,3,0,1,1,1,1785532355
2026-07-31T21:23:45Z,288,2,0,16,1,0,1,1,1,1785532965
2026-07-31T21:23:45Z,289,10,7,14,3,0,1,1,1,1785532949
2026-07-31T21:23:45Z,290,13,0,23,3,0,1,1,1,1785532896
2026-07-31T21:23:45Z,291,10,1,12,1,0,1,1,1,1785533003
2026-07-31T21:23:45Z,292,2,2,21,0,0,1,1,1,1785532883
2026-07-31T21:23:45Z,293,6,2,17,0,0,1,1,1,1785532588
2026-07-31T21:23:45Z,294,4,3,16,2,0,1,1,1,1785532936
2026-07-31T21:23:45Z,297,7,2,11,0,1,1,1,1,1785532879
2026-07-31T21:23:45Z,301,16,2,3,0,0,1,1,1,1785532527
2026-07-31T21:23:45Z,302,20,0,2,1,0,1,1,1,1785532917
2026-07-31T21:23:45Z,303,0,0,19,0,0,1,1,1,1785530377
2026-07-31T21:23:45Z,304,0,0,0,0,0,0,1,1,86400
2026-07-31T21:23:45Z,305,4,0,14,1,0,1,1,1,1785533015
2026-07-31T21:23:45Z,306,11,0,20,1,0,1,1,1,1785532899
2026-07-31T21:23:45Z,307,4,0,19,0,0,1,1,1,1785531871
2026-07-31T21:23:45Z,308,0,0,18,1,0,1,1,1,1785532894
2026-07-31T21:23:45Z,309,4,2,10,0,0,1,1,1,1785532675
2026-07-31T21:23:45Z,311,6,0,8,1,0,1,1,1,1785532562
2026-07-31T21:23:45Z,312,8,7,12,2,1,1,1,1,1785532730
2026-07-31T21:23:45Z,313,6,0,9,0,0,1,1,1,1785532811
2026-07-31T21:23:45Z,314,6,1,11,2,0,1,1,1,1785531899
2026-07-31T21:23:45Z,315,12,5,17,2,0,1,1,1,1785532984
2026-07-31T21:23:45Z,316,5,1,20,5,1,1,1,1,1785533017
2026-07-31T21:23:45Z,317,24,8,6,0,1,1,1,1,1785532903
2026-07-31T21:23:45Z,318,16,1,3,0,0,1,1,1,1785531022
2026-07-31T21:23:45Z,319,22,3,0,1,0,1,1,1,1785532703
2026-07-31T21:23:45Z,320,12,0,6,1,0,1,1,1,1785532976
2026-07-31T21:23:45Z,321,2,0,13,4,0,1,1,1,1785532981
2026-07-31T21:23:45Z,322,18,0,11,0,0,1,1,1,1785532643
2026-07-31T21:23:45Z,323,5,1,13,1,0,1,1,1,1785532663
2026-07-31T21:23:45Z,324,10,1,16,1,0,1,1,1,1785533018
2026-07-31T21:23:45Z,325,3,2,22,2,0,1,1,1,1785532984
2026-07-31T21:23:45Z,327,15,2,10,2,0,1,1,1,1785532979
2026-07-31T21:23:45Z,328,16,2,5,1,0,1,1,1,1785532810
2026-07-31T21:23:45Z,329,1,0,15,3,0,1,1,1,1785532452
2026-07-31T21:23:45Z,330,20,0,2,0,0,1,1,1,1785532982
2026-07-31T21:23:45Z,331,13,1,8,2,0,1,1,1,1785533009
2026-07-31T21:23:45Z,332,8,5,10,1,0,1,1,1,1785532360
2026-07-31T21:23:45Z,333,3,3,18,2,0,1,1,1,1785532966
2026-07-31T21:23:45Z,334,8,0,15,0,0,1,1,1,1785533010
2026-07-31T21:23:45Z,335,2,2,20,0,1,1,1,1,1785530699
2026-07-31T21:23:45Z,336,3,1,16,0,0,1,1,1,1785532956
2026-07-31T21:23:45Z,337,11,4,8,4,0,1,1,1,1785532915
2026-07-31T21:23:45Z,338,1,0,18,0,0,1,1,1,1785533018
2026-07-31T21:23:45Z,339,12,10,7,4,0,1,1,1,1785533009
2026-07-31T21:23:45Z,340,1,1,13,1,0,1,1,1,1785532990
2026-07-31T21:23:45Z,341,8,2,11,0,0,1,1,1,1785532874
2026-07-31T21:23:45Z,342,1,1,14,0,0,1,1,1,1785532908
2026-07-31T21:23:45Z,343,11,4,11,1,0,1,1,1,1785532954
2026-07-31T21:23:45Z,344,7,4,16,0,0,1,1,1,1785532070
2026-07-31T21:23:45Z,345,12,1,7,0,0,1,1,1,1785532951
2026-07-31T21:23:45Z,346,3,3,20,0,0,1,1,1,1785532493
2026-07-31T21:23:45Z,347,4,0,37,3,0,1,1,1,1785532990
2026-07-31T21:23:45Z,348,11,1,11,0,1,1,1,1,1785532843
2026-07-31T21:23:45Z,349,15,2,3,1,0,1,1,1,1785532539
2026-07-31T21:23:45Z,350,2,0,23,1,1,1,1,1,1785532814
2026-07-31T21:23:45Z,351,2,1,19,2,0,1,1,1,1785532835
2026-07-31T21:23:45Z,355,4,1,19,0,0,1,1,1,1785532920
2026-07-31T21:23:45Z,356,8,2,11,0,0,1,1,1,1785532897
2026-07-31T21:23:45Z,357,1,1,17,1,0,1,1,1,1785532875
2026-07-31T21:23:45Z,358,14,2,12,1,0,1,1,1,1785532989
2026-07-31T21:23:45Z,359,9,0,18,0,0,1,1,1,1785532858
2026-07-31T21:23:45Z,360,6,3,13,0,0,1,1,1,1785532248
2026-07-31T21:23:45Z,362,2,0,14,3,0,1,1,1,1785532600
2026-07-31T21:23:45Z,363,13,2,14,0,0,1,1,1,1785532876
2026-07-31T21:23:45Z,364,0,0,19,0,0,1,1,1,1785532700
2026-07-31T21:23:45Z,365,2,2,18,3,0,1,1,1,1785532907
2026-07-31T21:23:45Z,366,9,9,14,0,0,1,1,1,1785532775
2026-07-31T21:23:45Z,367,2,1,15,2,0,1,1,1,1785532744
2026-07-31T21:23:45Z,368,2,0,20,1,0,1,1,1,1785532464
2026-07-31T21:23:45Z,370,11,4,16,0,0,1,1,1,1785532959
2026-07-31T21:23:45Z,371,4,2,14,1,0,1,1,1,1785532461
2026-07-31T21:23:45Z,372,10,0,4,1,0,1,1,1,1785532649
2026-07-31T21:23:45Z,373,1,1,26,0,0,1,1,1,1785532969
2026-07-31T21:23:45Z,374,1,1,17,1,0,1,1,1,1785532928
2026-07-31T21:23:45Z,375,7,1,18,2,0,1,1,1,1785532920
2026-07-31T21:23:45Z,376,2,0,35,2,0,1,1,1,1785532970
2026-07-31T21:23:45Z,377,4,1,23,0,0,1,1,1,1785532775
2026-07-31T21:23:45Z,378,4,2,19,0,1,1,1,1,1785532790
2026-07-31T21:23:45Z,379,21,1,3,3,0,1,1,1,1785532978
2026-07-31T21:23:45Z,380,3,0,20,0,0,1,1,1,1785532095
2026-07-31T21:23:45Z,381,12,0,11,0,0,1,1,1,1785532870
2026-07-31T21:23:45Z,383,13,2,0,2,0,1,1,1,1785532834
2026-07-31T21:23:45Z,384,1,1,22,4,0,1,1,1,1785533019
2026-07-31T21:23:45Z,385,4,1,13,1,0,1,1,1,1785533018
2026-07-31T21:23:45Z,387,2,1,21,0,0,1,1,1,1785532937
2026-07-31T21:23:45Z,388,36,1,10,3,0,1,1,1,1785532983
2026-07-31T21:23:45Z,389,3,2,11,1,0,1,1,1,1785532058
2026-07-31T21:23:45Z,390,14,3,21,0,0,1,1,1,1785532640
2026-07-31T21:23:45Z,391,3,2,11,1,0,1,1,1,1785532385
2026-07-31T21:23:45Z,392,2,2,16,1,0,1,1,1,1785532926
2026-07-31T21:23:45Z,393,1,1,7,3,0,1,1,1,1785531684
2026-07-31T21:23:45Z,394,4,0,7,2,0,1,1,1,1785532720
2026-07-31T21:23:45Z,396,0,0,41,1,0,1,1,1,1785532957
2026-07-31T21:23:45Z,397,17,11,14,0,0,1,1,1,1785532891
2026-07-31T21:23:45Z,399,1,0,13,3,0,1,1,1,1785532906
2026-07-31T21:23:45Z,400,14,9,7,2,0,1,1,1,1785532920
2026-07-31T21:23:45Z,401,2,1,29,8,0,1,1,1,1785532998
2026-07-31T21:23:45Z,403,24,4,3,4,0,1,1,1,1785532922
2026-07-31T21:23:45Z,404,4,2,18,1,0,1,1,1,1785533011
2026-07-31T21:23:45Z,406,16,6,19,0,0,1,1,1,1785532998
2026-07-31T21:23:45Z,407,10,0,23,1,0,1,1,1,1785533002
2026-07-31T21:23:45Z,408,5,2,25,3,0,1,1,1,1785532983
2026-07-31T21:23:45Z,409,17,0,4,2,0,1,1,1,1785532320
2026-07-31T21:23:45Z,413,10,2,11,2,0,1,1,1,1785532209
2026-07-31T21:23:45Z,414,10,0,5,0,0,1,1,1,1785532993
2026-07-31T21:23:45Z,417,1,0,18,0,0,1,1,1,1785532951
2026-07-31T21:23:45Z,418,5,3,10,0,0,1,1,1,1785532726
2026-07-31T21:23:45Z,419,13,2,10,0,0,1,1,1,1785532771
2026-07-31T21:23:45Z,421,6,0,13,0,0,1,1,1,1785532777
2026-07-31T21:23:45Z,422,17,3,10,0,0,1,1,1,1785532608
2026-07-31T21:23:45Z,423,0,0,22,1,0,1,1,1,1785532517
2026-07-31T21:23:45Z,424,10,4,2,2,1,1,1,1,1785532885
2026-07-31T21:23:45Z,425,6,4,15,0,1,1,1,1,1785532727
2026-07-31T21:23:45Z,426,0,0,35,2,0,1,1,1,1785532829
2026-07-31T21:23:45Z,427,10,0,2,3,0,1,1,1,1785532957
2026-07-31T21:23:45Z,428,17,2,1,1,0,1,1,1,1785532993
2026-07-31T21:23:45Z,429,7,4,14,2,0,1,1,1,1785532761
2026-07-31T21:23:45Z,430,15,3,13,3,0,1,1,1,1785532824
2026-07-31T21:23:45Z,431,1,0,29,3,0,1,1,1,1785532626
2026-07-31T21:23:45Z,432,0,0,30,1,0,0,1,1,1785508564
2026-07-31T21:23:45Z,433,5,2,15,3,0,1,1,1,1785529334
2026-07-31T21:23:45Z,437,3,3,13,3,0,1,1,1,1785532935
2026-07-31T21:23:45Z,438,8,2,10,1,0,1,1,1,1785532926
2026-07-31T21:23:45Z,439,11,4,4,0,0,1,1,1,1785532873
2026-07-31T21:23:45Z,440,9,3,6,0,0,1,1,1,1785532853
2026-07-31T21:23:45Z,441,1,0,12,2,0,1,1,1,1785532880
2026-07-31T21:23:45Z,442,9,4,8,2,0,1,1,1,1785532949
2026-07-31T21:23:45Z,443,5,2,22,0,0,1,1,1,1785512432
2026-07-31T21:23:45Z,444,3,2,20,0,0,1,1,1,1785532593
2026-07-31T21:23:45Z,445,6,2,16,1,0,1,1,1,1785532943
2026-07-31T21:23:45Z,446,0,0,23,0,0,1,1,1,1785532504
2026-07-31T21:23:45Z,447,4,0,17,1,1,1,1,1,1785532273
2026-07-31T21:23:45Z,448,7,0,7,1,0,1,1,1,1785530120
2026-07-31T21:23:45Z,452,6,2,12,1,0,1,1,1,1785532685
2026-07-31T21:23:45Z,453,5,1,6,4,0,1,1,1,1785532891
2026-07-31T21:23:45Z,454,15,0,4,0,0,1,1,1,1785532300
2026-07-31T21:23:45Z,455,30,0,8,1,0,1,1,1,1785532864
2026-07-31T21:23:45Z,456,18,0,1,1,0,1,1,1,1785533012
2026-07-31T21:23:45Z,457,8,2,15,4,0,1,1,1,1785533012
2026-07-31T21:23:45Z,458,4,2,18,1,0,1,1,1,1785532364
2026-07-31T21:23:45Z,459,10,1,5,0,0,1,1,1,1785532277
2026-07-31T21:23:45Z,460,18,1,5,0,0,1,1,1,1785532677
2026-07-31T21:23:45Z,461,10,0,9,0,0,1,1,1,1785532867
2026-07-31T21:23:45Z,462,16,1,5,0,0,1,1,1,1785532881
2026-07-31T21:23:45Z,463,8,1,11,0,0,1,1,1,1785532921
2026-07-31T21:23:45Z,464,2,0,12,0,0,1,1,1,1785532949
2026-07-31T21:23:45Z,465,4,3,11,0,0,1,1,1,1785532759
2026-07-31T21:23:45Z,466,2,1,7,6,0,1,1,1,1785532908
2026-07-31T21:23:45Z,467,1,1,18,0,0,1,1,1,1785532853
2026-07-31T21:23:45Z,468,0,0,18,1,0,1,1,1,1785527178
2026-07-31T21:23:45Z,469,5,1,16,2,0,1,1,1,1785533004
2026-07-31T21:23:45Z,470,0,0,13,2,0,1,1,1,1785532976
2026-07-31T21:23:45Z,471,26,2,1,0,0,1,1,1,1785532171
2026-07-31T21:23:45Z,472,8,4,9,2,0,1,1,1,1785532744
2026-07-31T21:23:45Z,473,7,0,12,0,0,1,1,1,1785532265
2026-07-31T21:23:45Z,474,9,1,10,0,0,1,1,1,1785532953
2026-07-31T21:23:45Z,475,4,2,14,1,0,1,1,1,1785532975
2026-07-31T21:23:45Z,477,10,1,5,0,0,1,1,1,1785532667
2026-07-31T21:23:45Z,478,22,0,9,0,0,1,1,1,1785532992
2026-07-31T21:23:45Z,479,3,0,22,2,0,1,1,1,1785532823
2026-07-31T21:23:45Z,480,4,0,10,1,0,1,1,1,1785532843
2026-07-31T21:23:45Z,481,4,0,30,1,0,1,1,1,1785533004
2026-07-31T21:23:45Z,482,4,4,15,0,0,1,1,1,1785531414
2026-07-31T21:23:45Z,483,17,1,8,2,0,1,1,1,1785532997
2026-07-31T21:23:45Z,484,4,2,14,1,0,1,1,1,1785532920
2026-07-31T21:23:45Z,485,11,4,7,0,1,1,1,1,1785532779
2026-07-31T21:23:45Z,486,0,0,24,3,0,1,1,1,1785532978
2026-07-31T21:23:45Z,487,11,6,6,2,0,1,1,1,1785533000
2026-07-31T21:23:45Z,489,2,0,13,0,0,1,1,1,1785532728
2026-07-31T21:23:45Z,490,10,0,5,1,0,1,1,1,1785532891
2026-07-31T21:23:45Z,491,9,2,11,1,0,1,1,1,1785532965
2026-07-31T21:23:45Z,492,3,3,5,3,0,1,1,1,1785533017
2026-07-31T21:23:45Z,493,19,2,8,0,0,1,1,1,1785532442
2026-07-31T21:23:45Z,495,7,0,7,1,0,1,1,1,1785530497
2026-07-31T21:23:45Z,496,11,1,16,0,0,1,1,1,1785532583
2026-07-31T21:23:45Z,497,2,1,17,0,0,1,1,1,1785532974
2026-07-31T21:23:45Z,498,8,3,15,0,0,1,1,1,1785533000
2026-07-31T21:23:45Z,499,4,1,14,1,0,1,1,1,1785532334
2026-07-31T21:23:45Z,500,0,0,12,3,0,1,1,1,1785531899
2026-07-31T21:23:45Z,501,12,2,9,0,0,1,1,1,1785532824
2026-07-31T21:23:45Z,502,2,1,15,2,0,1,1,1,1785532972
2026-07-31T21:23:45Z,503,0,0,30,1,0,1,1,1,1785532483
2026-07-31T21:23:45Z,504,13,0,24,2,0,1,1,1,1785533018
2026-07-31T21:23:45Z,505,0,0,11,1,0,1,1,1,1785531541
2026-07-31T21:23:45Z,511,3,1,19,1,0,1,1,1,1785532965
2026-07-31T21:23:45Z,512,10,0,17,0,0,1,1,1,1785530707
2026-07-31T21:23:45Z,514,2,2,8,1,0,1,1,1,1785532752
2026-07-31T21:23:45Z,515,2,2,17,0,0,1,1,1,1785531676
2026-07-31T21:23:45Z,516,12,0,15,0,0,1,1,1,1785532965
2026-07-31T21:23:45Z,517,14,2,9,0,0,1,1,1,1785532394
2026-07-31T21:23:45Z,518,6,0,8,1,0,1,1,1,1785532861
2026-07-31T21:23:45Z,519,8,3,9,2,0,1,1,1,1785530872
2026-07-31T21:23:45Z,520,18,8,3,5,1,1,1,1,1785533019
2026-07-31T21:23:45Z,521,5,2,18,0,0,1,1,1,1785532773
2026-07-31T21:23:45Z,522,10,0,11,2,0,1,1,1,1785532769
2026-07-31T21:23:45Z,523,11,4,11,1,0,1,1,1,1785532711
2026-07-31T21:23:45Z,524,15,0,8,0,0,1,1,1,1785532944
2026-07-31T21:23:45Z,525,5,0,14,0,0,1,1,1,1785532806
2026-07-31T21:23:45Z,526,4,1,11,0,0,1,1,1,1785530751
2026-07-31T21:23:45Z,527,16,10,9,1,0,1,1,1,1785532982
2026-07-31T21:23:45Z,528,14,1,7,2,0,1,1,1,1785532111
2026-07-31T21:23:45Z,529,4,2,7,8,0,1,1,1,1785533018
2026-07-31T21:23:45Z,530,12,0,7,2,0,1,1,1,1785532593
2026-07-31T21:23:45Z,531,8,0,14,0,1,1,1,1,1785533014
2026-07-31T21:23:45Z,532,10,10,20,1,0,1,1,1,1785532685
2026-07-31T21:23:45Z,533,12,0,6,1,0,1,1,1,1785532753
2026-07-31T21:23:45Z,534,3,2,20,0,0,1,1,1,1785532965
2026-07-31T21:23:45Z,535,1,0,14,0,0,1,1,1,1785532311
2026-07-31T21:23:45Z,536,8,0,15,0,0,1,1,1,1785532895
2026-07-31T21:23:45Z,537,9,1,11,0,0,1,1,1,1785532991
2026-07-31T21:23:45Z,538,7,0,14,0,2,1,1,1,1785532829
2026-07-31T21:23:45Z,539,5,2,26,0,0,1,1,1,1785532972
2026-07-31T21:23:45Z,540,6,5,13,0,0,1,1,1,1785532976
2026-07-31T21:23:45Z,541,7,4,19,1,0,1,1,1,1785532899
2026-07-31T21:23:45Z,542,1,1,22,0,0,1,1,1,1785532967
2026-07-31T21:23:45Z,543,0,0,19,0,0,1,1,1,1785532570
2026-07-31T21:23:45Z,544,10,1,8,4,0,1,1,1,1785532948
2026-07-31T21:23:45Z,545,13,2,1,5,0,1,1,1,1785532954
2026-07-31T21:23:45Z,546,4,1,15,0,0,1,1,1,1785532918
2026-07-31T21:23:45Z,547,10,0,15,0,0,1,1,1,1785533018
2026-07-31T21:23:45Z,548,4,2,18,1,0,1,1,1,1785532280
2026-07-31T21:23:45Z,549,20,1,2,1,0,1,1,1,1785533013
2026-07-31T21:23:45Z,550,1,1,18,0,0,1,1,1,1785532552
2026-07-31T21:23:45Z,551,3,2,19,1,0,1,1,1,1785529811
2026-07-31T21:23:45Z,552,3,2,24,0,0,1,1,1,1785532746
2026-07-31T21:23:45Z,553,4,2,18,1,0,1,1,1,1785532872
2026-07-31T21:23:45Z,554,2,0,16,1,0,1,1,1,1785532931
2026-07-31T21:23:45Z,555,6,0,8,1,0,1,1,1,1785532635
2026-07-31T21:23:45Z,556,12,0,9,2,0,1,1,1,1785532855
2026-07-31T21:23:45Z,557,1,1,20,2,0,1,1,1,1785532934
2026-07-31T21:23:45Z,558,19,12,17,1,0,1,1,1,1785532953
2026-07-31T21:23:45Z,559,11,0,7,1,0,1,1,1,1785532144
2026-07-31T21:23:45Z,560,16,0,11,0,0,1,1,1,1785532956
2026-07-31T21:23:45Z,561,7,0,13,3,0,1,1,1,1785531569
2026-07-31T21:23:45Z,562,10,2,20,5,0,1,1,1,1785532448
2026-07-31T21:23:45Z,563,3,0,10,1,0,1,1,1,1785531305
2026-07-31T21:23:45Z,564,2,1,16,1,0,1,1,1,1785532148
2026-07-31T21:23:45Z,565,2,1,17,0,0,1,1,1,1785532370
2026-07-31T21:23:45Z,566,2,0,16,1,0,1,1,1,1785532984
2026-07-31T21:23:45Z,567,10,1,15,2,0,1,1,1,1785532824
2026-07-31T21:23:45Z,568,9,1,9,1,0,1,1,1,1785530639
2026-07-31T21:23:45Z,569,3,0,14,2,0,1,1,1,1785532898
2026-07-31T21:23:45Z,570,8,1,8,3,0,1,1,1,1785532844
2026-07-31T21:23:45Z,571,7,2,16,0,0,1,1,1,1785532847
2026-07-31T21:23:45Z,572,4,0,15,0,0,1,1,1,1785533006
2026-07-31T21:23:45Z,573,8,1,6,1,0,1,1,1,1785532772
2026-07-31T21:23:45Z,574,3,1,12,0,0,1,1,1,1785532490
2026-07-31T21:23:45Z,575,4,0,16,1,0,1,1,1,1785532883
2026-07-31T21:23:45Z,576,2,2,17,0,0,1,1,1,1785532752
2026-07-31T21:23:45Z,577,22,0,9,0,0,1,1,1,1785532979
2026-07-31T21:23:45Z,578,2,1,20,1,0,1,1,1,1785532360
2026-07-31T21:23:45Z,579,2,0,41,0,0,1,1,1,1785532972
2026-07-31T21:23:45Z,580,9,1,20,0,0,1,1,1,1785532897
2026-07-31T21:23:45Z,581,6,1,12,1,0,1,1,1,1785532928
2026-07-31T21:23:45Z,582,21,0,38,2,0,1,1,1,1785532863
2026-07-31T21:23:45Z,583,1,0,21,1,0,1,1,1,1785532793
2026-07-31T21:23:45Z,584,6,2,8,5,0,1,1,1,1785532864
2026-07-31T21:23:45Z,585,2,0,24,0,1,1,1,1,1785532703
2026-07-31T21:23:45Z,586,23,1,11,1,0,1,1,1,1785532959
2026-07-31T21:23:45Z,587,8,0,14,2,0,1,1,1,1785532893
2026-07-31T21:23:45Z,588,9,3,7,2,1,1,1,1,1785532982
2026-07-31T21:23:45Z,589,2,0,20,0,0,1,1,1,1785532764
2026-07-31T21:23:45Z,590,6,1,25,0,0,1,1,1,1785532861
2026-07-31T21:23:45Z,591,7,2,20,3,0,1,1,1,1785532893
2026-07-31T21:23:45Z,592,7,0,16,0,0,1,1,1,1785532939
2026-07-31T21:23:45Z,593,17,4,21,0,0,1,1,1,1785533009
2026-07-31T21:23:45Z,594,14,1,6,1,0,1,1,1,1785532843
2026-07-31T21:23:45Z,595,0,0,3,0,0,0,1,1,1784046673
2026-07-31T21:23:45Z,605,0,0,2,1,0,0,1,1,1783975843
2026-07-31T21:23:45Z,606,0,0,0,0,0,0,1,1,86400
2026-07-31T21:23:45Z,607,7,3,24,1,0,1,1,1,1785532757
2026-07-31T21:23:45Z,608,43,1,7,0,0,1,1,1,1785533000
2026-07-31T21:23:45Z,609,3,3,20,0,0,1,1,1,1785532870
2026-07-31T21:23:45Z,610,20,1,15,0,0,1,1,1,1785532953
2026-07-31T21:23:45Z,611,15,1,11,1,0,1,1,1,1785532949
2026-07-31T21:23:45Z,612,7,1,8,0,0,1,1,1,1785522916
2026-07-31T21:23:45Z,613,12,4,0,3,0,1,1,1,1785530289
2026-07-31T21:23:45Z,614,5,5,19,2,1,1,1,1,1785532931
2026-07-31T21:23:45Z,617,9,1,4,2,0,1,1,1,1785532391
2026-07-31T21:23:45Z,618,13,1,1,5,0,1,1,1,1785530762
2026-07-31T21:23:45Z,619,8,3,11,0,0,1,1,1,1785532844
2026-07-31T21:23:45Z,620,10,0,16,1,0,1,1,1,1785532555
2026-07-31T21:23:45Z,621,9,2,14,0,0,1,1,1,1785532974
2026-07-31T21:23:45Z,622,11,0,10,2,0,1,1,1,1785532951
2026-07-31T21:23:45Z,623,18,5,10,2,0,1,1,1,1785532988
2026-07-31T21:23:45Z,624,1,0,14,0,0,1,1,1,1785532120
2026-07-31T21:23:45Z,625,14,4,2,5,0,1,1,1,1785533004
2026-07-31T21:23:45Z,626,38,0,7,0,2,1,1,1,1785532991
2026-07-31T21:23:45Z,627,14,3,4,1,0,1,1,1,1785530759
2026-07-31T21:23:45Z,628,4,3,14,0,1,1,1,1,1785532831
2026-07-31T21:23:45Z,629,2,1,7,2,0,1,1,1,1785532872
2026-07-31T21:23:45Z,630,0,0,23,4,0,1,1,1,1785532978
2026-07-31T21:23:45Z,631,5,4,18,0,0,1,1,1,1785532764
2026-07-31T21:23:45Z,632,18,1,3,2,0,1,1,1,1785532871
2026-07-31T21:23:45Z,633,11,3,1,3,0,1,1,1,1785530006
2026-07-31T21:23:45Z,634,12,2,7,0,0,1,1,1,1785532442
2026-07-31T21:23:45Z,635,17,0,2,0,0,1,1,1,1785532315
2026-07-31T21:23:45Z,636,7,2,8,0,0,1,1,1,1785526430
2026-07-31T21:23:45Z,637,9,2,8,2,0,1,1,1,1785531990
2026-07-31T21:23:45Z,638,8,2,9,2,0,1,1,1,1785532335
2026-07-31T21:23:45Z,639,10,2,7,2,0,1,1,1,1785532203
2026-07-31T21:23:45Z,640,5,5,16,2,0,1,1,1,1785532991
2026-07-31T21:23:45Z,641,4,0,23,0,0,1,1,1,1785532782
2026-07-31T21:23:45Z,642,7,3,4,8,0,1,1,1,1785533016
2026-07-31T21:23:45Z,643,2,0,17,9,0,1,1,1,1785533018
2026-07-31T21:23:45Z,644,13,1,1,1,0,1,1,1,1785531399
2026-07-31T21:23:45Z,645,14,1,7,1,1,1,1,1,1785532920
2026-07-31T21:23:45Z,646,3,1,16,0,0,1,1,1,1785532040
2026-07-31T21:23:45Z,647,7,2,24,0,0,1,1,1,1785532925
2026-07-31T21:23:45Z,648,4,0,14,1,0,1,1,1,1785531767
2026-07-31T21:23:45Z,649,2,1,28,1,0,1,1,1,1785532758
2026-07-31T21:23:45Z,650,5,1,9,0,0,1,1,1,1785531899
2026-07-31T21:23:45Z,651,3,2,20,0,0,1,1,1,1785532943
2026-07-31T21:23:45Z,652,4,2,16,3,0,1,1,1,1785532920
2026-07-31T21:23:45Z,653,2,1,17,0,0,1,1,1,1785530185
2026-07-31T21:23:45Z,654,1,1,14,0,0,1,1,1,1785532790
2026-07-31T21:23:45Z,655,8,4,0,4,1,1,1,1,1785532890
2026-07-31T21:23:45Z,656,3,2,16,0,0,1,1,1,1785532682
2026-07-31T21:23:45Z,657,9,4,4,2,2,1,1,1,1785532974
2026-07-31T21:23:45Z,658,8,1,2,0,0,1,1,1,1785530465
2026-07-31T21:23:45Z,659,7,5,6,2,0,1,1,1,1785529408
2026-07-31T21:23:45Z,660,21,6,6,4,0,1,1,1,1785532967
2026-07-31T21:23:45Z,661,15,4,4,0,0,1,1,1,1785533004
2026-07-31T21:23:45Z,662,5,2,14,4,0,1,1,1,1785532809
2026-07-31T21:23:45Z,663,7,2,8,0,0,1,1,1,1785532959
2026-07-31T21:23:45Z,664,15,0,12,0,0,1,1,1,1785532942
2026-07-31T21:23:45Z,665,9,4,6,0,0,1,1,1,1785532275
2026-07-31T21:23:45Z,666,5,2,7,3,0,1,1,1,1785532109
2026-07-31T21:23:45Z,667,18,3,0,1,0,1,1,1,1785532547
2026-07-31T21:23:45Z,668,2,0,17,0,0,1,1,1,1785532110
2026-07-31T21:23:45Z,669,11,3,1,2,0,1,1,1,1785532512
2026-07-31T21:23:45Z,670,17,0,8,2,0,1,1,1,1785531177
2026-07-31T21:23:45Z,671,22,3,5,0,0,1,1,1,1785532971
2026-07-31T21:23:45Z,672,9,1,11,2,1,1,1,1,1785532661
2026-07-31T21:23:45Z,673,11,0,12,0,0,1,1,1,1785532673
2026-07-31T21:23:45Z,674,1,0,20,2,0,1,1,1,1785533017
2026-07-31T21:23:45Z,675,1,1,12,2,0,1,1,1,1785532946
2026-07-31T21:23:45Z,676,8,0,13,1,0,1,1,1,1785532914
2026-07-31T21:23:45Z,681,9,0,3,2,1,1,1,1,1785533011
2026-07-31T21:23:45Z,682,6,1,13,0,0,1,1,1,1785529048
2026-07-31T21:23:45Z,683,1,1,18,0,0,1,1,1,1785527602
2026-07-31T21:23:45Z,684,3,1,24,0,0,1,1,1,1785518528
2026-07-31T21:23:45Z,685,4,0,21,1,1,1,1,1,1785531808
2026-07-31T21:23:45Z,686,10,0,14,3,0,1,1,1,1785532715
2026-07-31T21:23:45Z,687,12,1,17,1,1,1,1,1,1785532742
2026-07-31T21:23:45Z,688,12,1,7,0,0,1,1,1,1785532494
2026-07-31T21:23:45Z,692,1,0,20,0,0,1,1,1,1785532998
2026-07-31T21:23:45Z,693,6,0,2,3,0,1,1,1,1785532442
2026-07-31T21:23:45Z,694,10,5,11,0,0,1,1,1,1785532303
2026-07-31T21:23:45Z,695,5,4,18,0,0,1,1,1,1785532790
2026-07-31T21:23:45Z,696,14,11,9,0,0,1,1,1,1785532609
2026-07-31T21:23:45Z,697,18,6,4,1,0,1,1,1,1785532655
2026-07-31T21:23:45Z,698,26,0,1,0,0,1,1,1,1785532999
2026-07-31T21:23:45Z,699,5,0,9,1,0,1,1,1,1785532827
2026-07-31T21:23:45Z,700,17,0,0,2,0,1,1,1,1785532623
2026-07-31T21:23:45Z,701,13,2,6,0,0,1,1,1,1785532568
2026-07-31T21:23:45Z,702,5,1,17,1,0,1,1,1,1785533012
2026-07-31T21:23:45Z,704,3,0,12,0,0,1,1,1,1785532730
2026-07-31T21:23:45Z,705,2,1,13,0,0,1,1,1,1785532660
2026-07-31T21:23:45Z,706,4,1,9,2,0,1,1,1,1785532864
2026-07-31T21:23:45Z,707,7,1,8,0,0,1,1,1,1785532948
2026-07-31T21:23:45Z,708,12,1,6,1,0,1,1,1,1785532854
2026-07-31T21:23:45Z,709,4,0,9,2,0,1,1,1,1785532944
2026-07-31T21:23:45Z,710,1,0,17,1,0,1,1,1,1785532641
2026-07-31T21:23:45Z,711,5,2,15,3,0,1,1,1,1785532955
2026-07-31T21:23:45Z,712,11,9,4,0,0,1,1,1,1785533018
2026-07-31T21:23:45Z,713,1,1,22,0,0,1,1,1,1785532824
2026-07-31T21:23:45Z,716,4,3,11,0,0,1,1,1,1785532735
2026-07-31T21:23:45Z,717,3,2,20,2,0,1,1,1,1785532867
2026-07-31T21:23:45Z,718,7,1,6,2,0,1,1,1,1785532513
2026-07-31T21:23:45Z,719,7,2,22,0,0,1,1,1,1785532523
2026-07-31T21:23:45Z,720,0,0,19,0,0,1,1,1,1785533002
2026-07-31T21:23:45Z,721,5,0,15,3,0,1,1,1,1785532976
2026-07-31T21:23:45Z,722,7,1,8,0,0,1,1,1,1785532777
2026-07-31T21:23:45Z,723,14,2,9,0,0,1,1,1,1785532989
2026-07-31T21:23:45Z,724,10,3,12,1,0,1,1,1,1785532936
2026-07-31T21:23:45Z,725,1,0,21,1,0,1,1,1,1785531915
2026-07-31T21:23:45Z,726,6,0,12,1,0,1,1,1,1785532648
2026-07-31T21:23:45Z,727,10,5,12,1,0,1,1,1,1785532033
2026-07-31T21:23:45Z,728,9,0,5,1,0,1,1,1,1785531492
2026-07-31T21:23:45Z,729,2,0,17,0,0,1,1,1,1785532966
2026-07-31T21:23:45Z,730,0,0,12,3,0,1,1,1,1785532091
2026-07-31T21:23:45Z,731,5,3,8,2,0,1,1,1,1785532988
2026-07-31T21:23:45Z,732,3,2,12,0,0,1,1,1,1785532248
2026-07-31T21:23:45Z,733,7,0,20,0,0,1,1,1,1785532837
2026-07-31T21:23:45Z,734,5,2,9,0,0,1,1,1,1785532140
2026-07-31T21:23:45Z,735,18,10,9,0,0,1,1,1,1785532978
2026-07-31T21:23:45Z,736,12,1,7,0,0,1,1,1,1785532113
2026-07-31T21:23:45Z,737,2,1,12,0,1,1,1,1,1785531711
2026-07-31T21:23:45Z,738,17,6,2,0,0,1,1,1,1785532560
2026-07-31T21:23:45Z,739,17,0,9,1,0,1,1,1,1785531413
2026-07-31T21:23:45Z,741,7,0,16,0,0,1,1,1,1785531559
2026-07-31T21:23:45Z,742,16,11,17,2,0,1,1,1,1785533000
2026-07-31T21:23:45Z,743,5,2,14,0,0,1,1,1,1785531437
2026-07-31T21:23:45Z,744,7,1,7,1,0,1,1,1,1785531728
2026-07-31T21:23:45Z,745,11,4,8,0,0,1,1,1,1785532913
2026-07-31T21:23:45Z,746,3,2,19,1,0,1,1,1,1785533016
2026-07-31T21:23:45Z,747,0,0,4,0,0,0,1,1,1783446606
2026-07-31T21:23:45Z,748,8,0,15,0,0,1,1,1,1785532813
2026-07-31T21:23:45Z,749,1,0,22,0,0,1,1,1,1785532858
2026-07-31T21:23:45Z,750,5,2,5,1,0,1,1,1,1785532903
2026-07-31T21:23:45Z,751,18,16,5,0,0,1,1,1,1785533017
2026-07-31T21:23:45Z,752,2,0,14,1,0,1,1,1,1785532740
2026-07-31T21:23:45Z,753,0,0,14,1,0,1,1,1,1785532534
2026-07-31T21:23:45Z,754,7,2,8,0,0,1,1,1,1785532403
2026-07-31T21:23:45Z,755,12,2,10,1,0,1,1,1,1785532882
2026-07-31T21:23:45Z,756,10,9,26,1,0,1,1,1,1785532726
2026-07-31T21:23:45Z,757,1,1,18,0,0,1,1,1,1785532729
2026-07-31T21:23:45Z,758,1,1,22,0,0,1,1,1,1785532986
2026-07-31T21:23:45Z,759,0,0,0,0,0,1,1,1,86400
2026-07-31T21:23:45Z,760,9,2,10,0,0,1,1,1,1785531870
2026-07-31T21:23:45Z,761,2,0,21,0,0,1,1,1,1785532706
2026-07-31T21:23:45Z,762,4,2,6,5,0,1,1,1,1785531239
2026-07-31T21:23:45Z,768,7,0,8,4,0,1,1,1,1785532308
2026-07-31T21:23:45Z,769,14,11,4,1,0,1,1,1,1785533004
2026-07-31T21:23:45Z,770,6,2,11,2,0,1,1,1,1785531751
2026-07-31T21:23:45Z,771,12,1,2,1,0,1,1,1,1785533019
2026-07-31T21:23:45Z,772,0,0,15,0,0,1,1,1,1785532099
2026-07-31T21:23:45Z,773,16,2,3,0,0,1,1,1,1785532438
2026-07-31T21:23:45Z,774,7,1,4,4,0,1,1,1,1785532863
2026-07-31T21:23:45Z,775,5,0,12,1,1,1,1,1,1785532511
2026-07-31T21:23:45Z,776,1,0,19,1,0,1,1,1,1785532775
2026-07-31T21:23:45Z,777,11,3,4,0,0,1,1,1,1785532695
2026-07-31T21:23:45Z,778,12,0,3,4,0,1,1,1,1785531915
2026-07-31T21:23:45Z,779,6,0,12,1,0,1,1,1,1785532732
2026-07-31T21:23:45Z,780,2,1,17,0,0,1,1,1,1785532936
2026-07-31T21:23:45Z,781,3,1,6,2,0,1,1,1,1785532355
2026-07-31T21:23:45Z,782,0,0,15,4,0,1,1,1,1785531449
2026-07-31T21:23:45Z,783,7,2,12,0,0,1,1,1,1785532496
2026-07-31T21:23:45Z,784,4,0,15,0,0,1,1,1,1785532816
2026-07-31T21:23:45Z,785,9,2,4,6,0,1,1,1,1785532779
2026-07-31T21:23:45Z,786,10,5,9,0,0,1,1,1,1785532384
2026-07-31T21:23:45Z,787,3,2,11,1,0,1,1,1,1785532523
2026-07-31T21:23:45Z,788,5,1,10,0,0,1,1,1,1785532982
2026-07-31T21:23:45Z,789,7,2,4,4,0,1,1,1,1785532983
2026-07-31T21:23:45Z,790,2,0,21,0,0,1,1,1,1785532450
2026-07-31T21:23:45Z,791,12,1,6,0,1,1,1,1,1785533013
2026-07-31T21:23:45Z,793,4,0,10,1,0,1,1,1,1785531497
2026-07-31T21:23:45Z,794,13,2,13,3,0,1,1,1,1785532949
2026-07-31T21:23:45Z,796,3,3,15,1,0,1,1,1,1785532768
2026-07-31T21:23:45Z,797,5,2,10,0,0,1,1,1,1785530889
2026-07-31T21:23:45Z,798,18,0,6,1,0,1,1,1,1785532983
2026-07-31T21:23:45Z,799,15,2,0,4,0,1,1,1,1785533017
2026-07-31T21:23:45Z,800,1,0,19,1,0,1,1,1,1785532812
2026-07-31T21:23:45Z,801,2,2,18,1,0,1,1,1,1785532881
2026-07-31T21:23:45Z,802,9,0,22,0,0,1,1,1,1785532735
2026-07-31T21:23:45Z,803,2,0,13,0,0,1,1,1,1785532949
2026-07-31T21:23:45Z,806,0,0,14,1,0,1,1,1,1785530851
2026-07-31T21:23:45Z,807,9,5,13,3,0,1,1,1,1785532480
2026-07-31T21:23:45Z,808,20,6,3,2,0,1,1,1,1785532835
2026-07-31T21:23:45Z,809,4,1,18,1,0,1,1,1,1785531387
2026-07-31T21:23:45Z,810,4,2,13,2,0,1,1,1,1785531792
2026-07-31T21:23:45Z,815,3,1,6,5,1,1,1,1,1785532633
2026-07-31T21:23:45Z,817,10,6,5,0,0,1,1,1,1785532488
2026-07-31T21:23:45Z,818,6,1,17,0,0,1,1,1,1785532013
2026-07-31T21:23:45Z,819,7,4,8,0,0,1,1,1,1785532837
2026-07-31T21:23:45Z,820,9,0,8,0,0,1,1,1,1785532363
2026-07-31T21:23:45Z,821,2,2,13,0,0,1,1,1,1785532829
2026-07-31T21:23:45Z,822,4,1,18,1,0,1,1,1,1785532944
2026-07-31T21:23:45Z,823,15,2,0,0,0,1,1,1,1785532848
2026-07-31T21:23:45Z,824,8,4,11,0,0,1,1,1,1785532994
2026-07-31T21:23:45Z,825,5,4,10,0,0,1,1,1,1785530396
2026-07-31T21:23:45Z,826,7,1,10,2,0,1,1,1,1785532623
2026-07-31T21:23:45Z,827,18,4,1,2,0,1,1,1,1785531900
2026-07-31T21:23:45Z,828,10,1,6,2,0,1,1,1,1785532501
2026-07-31T21:23:45Z,829,17,6,10,0,0,1,1,1,1785532663
2026-07-31T21:23:45Z,830,15,0,7,1,0,1,1,1,1785532962
2026-07-31T21:23:45Z,831,7,3,6,2,0,1,1,1,1785532713
2026-07-31T21:23:45Z,832,7,3,8,3,0,1,1,1,1785532889
2026-07-31T21:23:45Z,833,1,1,17,1,0,1,1,1,1785532638
2026-07-31T21:23:45Z,834,14,0,8,2,0,1,1,1,1785532857
2026-07-31T21:23:45Z,835,3,1,13,2,0,1,1,1,1785532405
2026-07-31T21:23:45Z,838,0,0,13,2,0,1,1,1,1785532184
2026-07-31T21:23:45Z,839,18,0,11,0,0,1,1,1,1785532885
2026-07-31T21:23:45Z,840,0,0,28,1,0,1,1,1,1785532267
2026-07-31T21:23:45Z,841,7,1,8,0,0,1,1,1,1785532699
2026-07-31T21:23:45Z,842,2,0,21,0,0,1,1,1,1785532625
2026-07-31T21:23:45Z,843,14,2,17,0,0,1,1,1,1785533005
2026-07-31T21:23:45Z,844,4,0,19,0,0,1,1,1,1785532900
2026-07-31T21:23:45Z,845,4,3,13,2,0,1,1,1,1785532972
2026-07-31T21:23:45Z,846,3,1,15,1,0,1,1,1,1785532107
2026-07-31T21:23:45Z,847,6,1,20,1,0,1,1,1,1785532013
2026-07-31T21:23:45Z,848,2,1,16,1,0,1,1,1,1785532213
2026-07-31T21:23:45Z,849,8,0,6,1,0,1,1,1,1785531918
2026-07-31T21:23:45Z,850,5,0,6,0,0,1,1,1,1785532004
2026-07-31T21:23:45Z,851,4,3,30,3,0,1,1,1,1785532247
2026-07-31T21:23:45Z,852,9,3,10,0,0,1,1,1,1785532651
2026-07-31T21:23:45Z,853,11,5,12,0,0,1,1,1,1785531812
2026-07-31T21:23:45Z,854,2,1,13,0,0,1,1,1,1785531769
2026-07-31T21:23:45Z,855,27,0,0,0,0,1,1,1,1785532973
2026-07-31T21:23:45Z,857,5,5,12,2,0,1,1,1,1785532851
2026-07-31T21:23:45Z,858,5,2,13,1,0,1,1,1,1785531559
2026-07-31T21:23:45Z,859,8,0,12,1,0,1,1,1,1785531749
2026-07-31T21:23:45Z,861,6,0,4,1,0,1,1,1,1785528609
2026-07-31T21:23:45Z,862,4,2,11,0,0,1,1,1,1785532743
2026-07-31T21:23:45Z,863,13,0,5,1,0,1,1,1,1785529013
2026-07-31T21:23:45Z,866,12,3,7,0,0,1,1,1,1785531309
2026-07-31T21:23:45Z,867,14,2,1,0,0,1,1,1,1785532346
2026-07-31T21:23:45Z,868,7,0,8,0,0,1,1,1,1785532598
2026-07-31T21:23:45Z,870,8,5,7,0,0,1,1,1,1785532825
2026-07-31T21:23:45Z,871,0,0,10,1,0,1,1,1,1785532150
2026-07-31T21:23:45Z,872,1,0,13,1,0,1,1,1,1785532734
2026-07-31T21:23:45Z,873,9,0,23,1,0,1,1,1,1785532932
2026-07-31T21:23:45Z,874,5,0,7,3,0,1,1,1,1785532868
2026-07-31T21:23:45Z,875,12,8,1,2,0,1,1,1,1785532953
2026-07-31T21:23:45Z,877,13,12,6,0,0,1,1,1,1785532423
2026-07-31T21:23:45Z,878,3,3,16,0,0,1,1,1,1785532997
2026-07-31T21:23:45Z,879,2,0,17,0,0,1,1,1,1785532030
2026-07-31T21:23:45Z,880,1,0,21,1,0,1,1,1,1785532955
2026-07-31T21:23:45Z,881,3,0,16,0,0,1,1,1,1785532861
2026-07-31T21:23:45Z,882,10,4,8,1,0,1,1,1,1785532975
2026-07-31T21:23:45Z,883,8,4,11,0,0,1,1,1,1785532831
2026-07-31T21:23:45Z,884,10,6,11,0,0,1,1,1,1785532444
2026-07-31T21:23:45Z,885,0,0,19,0,0,1,1,1,1785532661
2026-07-31T21:23:45Z,886,5,1,23,1,0,1,1,1,1785532717
2026-07-31T21:23:45Z,887,8,4,6,3,0,1,1,1,1785533004
2026-07-31T21:23:45Z,888,5,0,33,3,0,1,1,1,1785532932
2026-07-31T21:23:45Z,889,2,1,15,2,0,1,1,1,1785532933
2026-07-31T21:23:45Z,890,8,4,7,0,0,1,1,1,1785527402
2026-07-31T21:23:45Z,891,20,0,2,1,0,1,1,1,1785532872
2026-07-31T21:23:45Z,892,11,1,4,0,0,1,1,1,1785530978
2026-07-31T21:23:45Z,895,2,0,17,0,0,1,1,1,1785532916
2026-07-31T21:23:45Z,896,9,2,26,0,0,1,1,1,1785532881
2026-07-31T21:23:45Z,897,14,1,7,0,0,1,1,1,1785532895
2026-07-31T21:23:45Z,898,2,0,17,0,0,1,1,1,1785532573
2026-07-31T21:23:45Z,899,5,1,13,1,0,1,1,1,1785532870
2026-07-31T21:23:45Z,900,5,1,22,0,0,1,1,1,1785532990
2026-07-31T21:23:45Z,901,1,0,17,1,0,1,1,1,1785531530
2026-07-31T21:23:45Z,902,5,1,10,0,0,1,1,1,1785532477
2026-07-31T21:23:45Z,903,7,2,11,1,0,1,1,1,1785532054
2026-07-31T21:23:45Z,904,10,4,8,1,0,1,1,1,1785532977
2026-07-31T21:23:45Z,905,9,1,17,1,0,1,1,1,1785532820
2026-07-31T21:23:45Z,906,18,7,8,1,0,1,1,1,1785532747
2026-07-31T21:23:45Z,907,10,0,21,0,0,1,1,1,1785532940
2026-07-31T21:23:45Z,908,11,2,12,0,0,1,1,1,1785532992
2026-07-31T21:23:45Z,909,9,9,14,0,0,1,1,1,1785533019
2026-07-31T21:23:45Z,910,15,0,13,3,0,1,1,1,1785532999
2026-07-31T21:23:45Z,911,4,1,15,0,0,1,1,1,1785532506
2026-07-31T21:23:45Z,912,7,1,15,1,0,1,1,1,1785532759
2026-07-31T21:23:45Z,913,6,4,13,0,0,1,1,1,1785532711
2026-07-31T21:23:45Z,914,12,0,6,1,0,1,1,1,1785532745
2026-07-31T21:23:45Z,915,14,0,7,2,0,1,1,1,1785532997
2026-07-31T21:23:45Z,916,0,0,23,0,0,1,1,1,1785532776
2026-07-31T21:23:45Z,917,8,0,26,1,0,1,1,1,1785532931
2026-07-31T21:23:45Z,918,0,0,17,2,0,1,1,1,1785532971
2026-07-31T21:23:45Z,919,30,0,7,2,0,1,1,1,1785533004
2026-07-31T21:23:45Z,920,7,2,12,0,0,1,1,1,1785531470
2026-07-31T21:23:45Z,921,12,0,9,0,0,1,1,1,1785532671
2026-07-31T21:23:45Z,922,2,0,19,0,0,1,1,1,1785532910
2026-07-31T21:23:45Z,923,14,3,5,0,0,1,1,1,1785533007
2026-07-31T21:23:45Z,924,5,0,15,1,0,1,1,1,1785531862
2026-07-31T21:23:45Z,925,11,0,10,0,0,1,1,1,1785531366
2026-07-31T21:23:45Z,926,1,0,20,0,0,1,1,1,1785531446
2026-07-31T21:23:45Z,927,26,2,8,1,0,1,1,1,1785532985
2026-07-31T21:23:45Z,928,0,0,19,0,0,0,1,1,1785500252
2026-07-31T21:23:45Z,929,16,0,7,0,0,1,1,1,1785533015
2026-07-31T21:23:45Z,930,7,0,23,1,0,1,1,1,1785532982
2026-07-31T21:23:45Z,931,5,3,17,1,0,1,1,1,1785532986
2026-07-31T21:23:45Z,932,4,0,13,2,0,1,1,1,1785532837
2026-07-31T21:23:45Z,933,20,1,1,2,0,1,1,1,1785532976
2026-07-31T21:23:45Z,934,22,0,8,1,0,1,1,1,1785532715
2026-07-31T21:23:45Z,935,4,0,14,1,0,1,1,1,1785532905
2026-07-31T21:23:45Z,936,7,0,12,0,0,1,1,1,1785532551
2026-07-31T21:23:45Z,940,1,0,9,1,0,1,1,1,1785532173
2026-07-31T21:23:45Z,941,18,2,4,3,0,1,1,1,1785532997
2026-07-31T21:23:45Z,942,16,0,5,0,0,1,1,1,1785532712
2026-07-31T21:23:45Z,943,8,8,7,0,0,1,1,1,1785532815
2026-07-31T21:23:45Z,944,10,8,5,0,0,1,1,1,1785532662
2026-07-31T21:23:45Z,945,10,8,5,0,0,1,1,1,1785532186
2026-07-31T21:23:45Z,946,7,5,12,0,0,1,1,1,1785523835
2026-07-31T21:23:45Z,947,7,5,10,0,0,1,1,1,1785532686
2026-07-31T21:23:45Z,948,16,13,11,4,0,1,1,1,1785532966
2026-07-31T21:23:45Z,949,5,5,9,1,0,1,1,1,1785532783
2026-07-31T21:23:45Z,950,7,2,9,1,0,1,1,1,1785532742
2026-07-31T21:23:45Z,951,18,6,5,0,0,1,1,1,1785532974
2026-07-31T21:23:45Z,952,24,0,30,1,0,1,1,1,1785533000
2026-07-31T21:23:45Z,953,1,0,13,1,0,1,1,1,1785532166
2026-07-31T21:23:45Z,954,7,0,12,0,0,1,1,1,1785532826
2026-07-31T21:23:45Z,955,7,4,14,6,0,1,1,1,1785532069
2026-07-31T21:23:45Z,956,8,0,14,1,0,1,1,1,1785532768
2026-07-31T21:23:45Z,957,15,2,14,0,0,1,1,1,1785532963
2026-07-31T21:23:45Z,958,28,0,1,2,0,1,1,1,1785533000
2026-07-31T21:23:45Z,959,2,0,20,1,0,1,1,1,1785532635
2026-07-31T21:23:45Z,960,2,2,20,1,0,1,1,1,1785532880
2026-07-31T21:23:45Z,961,3,0,17,3,0,1,1,1,1785532979
2026-07-31T21:23:45Z,962,8,2,24,3,0,1,1,1,1785532453
2026-07-31T21:23:45Z,963,8,0,14,1,0,1,1,1,1785532843
2026-07-31T21:23:45Z,964,12,10,11,0,0,1,1,1,1785532771
2026-07-31T21:23:45Z,965,11,6,15,1,0,1,1,1,1785531542
2026-07-31T21:23:45Z,966,10,0,19,2,0,1,1,1,1785532985
2026-07-31T21:23:45Z,967,13,0,6,2,0,1,1,1,1785533010
2026-07-31T21:23:45Z,968,13,0,5,1,0,1,1,1,1785532700
2026-07-31T21:23:45Z,969,2,1,24,1,0,1,1,1,1785533013
2026-07-31T21:23:45Z,970,1,1,17,1,0,1,1,1,1785532711
2026-07-31T21:23:45Z,971,5,0,17,1,0,1,1,1,1785533002
2026-07-31T21:23:45Z,972,12,4,10,1,0,1,1,1,1785532699
2026-07-31T21:23:45Z,973,3,0,19,1,0,1,1,1,1785532956
2026-07-31T21:23:45Z,974,14,0,13,0,0,1,1,1,1785533012
2026-07-31T21:23:45Z,977,3,0,16,2,0,1,1,1,1785532939
2026-07-31T21:23:45Z,978,18,0,5,0,0,1,1,1,1785532571
2026-07-31T21:23:45Z,979,3,1,14,0,0,1,1,1,1785532578
2026-07-31T21:23:45Z,980,2,1,18,1,0,1,1,1,1785532964
2026-07-31T21:23:45Z,981,9,0,12,0,0,1,1,1,1785532474
2026-07-31T21:23:45Z,982,4,1,14,1,0,1,1,1,1785532740
2026-07-31T21:23:45Z,983,2,2,21,0,0,1,1,1,1785531897
2026-07-31T21:23:45Z,984,6,0,17,0,0,1,1,1,1785532543
2026-07-31T21:23:45Z,985,8,0,22,1,0,1,1,1,1785533013
2026-07-31T21:23:45Z,986,3,0,16,0,0,1,1,1,1785532742
2026-07-31T21:23:45Z,987,7,1,16,0,0,1,1,1,1785531503
2026-07-31T21:23:45Z,988,6,4,13,0,0,1,1,1,1785532913
2026-07-31T21:23:45Z,989,7,4,12,0,0,1,1,1,1785531894
2026-07-31T21:23:45Z,990,12,0,2,1,0,1,1,1,1785531091
2026-07-31T21:23:45Z,991,9,0,9,1,0,1,1,1,1785532648
2026-07-31T21:23:45Z,992,9,5,14,0,0,1,1,1,1785531718
2026-07-31T21:23:45Z,993,5,4,21,1,0,1,1,1,1785532936
2026-07-31T21:23:45Z,994,0,0,21,0,0,1,1,1,1785531963
2026-07-31T21:23:45Z,995,6,0,21,0,0,1,1,1,1785532992
2026-07-31T21:23:45Z,996,8,2,15,0,0,1,1,1,1785532822
2026-07-31T21:23:45Z,997,5,4,6,9,3,1,1,1,1785531647
2026-07-31T21:23:45Z,998,5,4,18,0,0,1,1,1,1785531262
2026-07-31T21:23:45Z,999,4,1,15,1,1,1,1,1,1785532944
2026-07-31T21:23:45Z,1000,0,0,21,0,0,1,1,1,1785531806
2026-07-31T21:23:45Z,1001,5,3,22,0,0,1,1,1,1785531326
2026-07-31T21:23:45Z,1002,3,2,27,1,0,1,1,1,1785531799
2026-07-31T21:23:45Z,1003,1,0,22,0,0,1,1,1,1785532717
2026-07-31T21:23:45Z,1004,8,2,15,0,0,1,1,1,1785533013
2026-07-31T21:23:45Z,1005,20,1,3,0,0,1,1,1,1785532907
2026-07-31T21:23:45Z,1006,8,4,11,0,0,1,1,1,1785532713
2026-07-31T21:23:45Z,1007,1,1,20,0,0,1,1,1,1785532358
2026-07-31T21:23:45Z,1008,8,7,15,0,0,1,1,1,1785531894
2026-07-31T21:23:45Z,1009,22,5,8,1,0,1,1,1,1785531804
2026-07-31T21:23:45Z,1010,8,2,19,0,0,1,1,1,1785532621
2026-07-31T21:23:45Z,1011,7,2,10,2,0,1,1,1,1785531268
2026-07-31T21:23:45Z,1012,5,3,16,2,0,1,1,1,1785532679
2026-07-31T21:23:45Z,1013,4,1,18,1,0,1,1,1,1785531422
2026-07-31T21:23:45Z,1014,8,4,15,0,0,1,1,1,1785531770
2026-07-31T21:23:45Z,1015,4,3,26,1,0,1,1,1,1785531733
2026-07-31T21:23:45Z,1016,10,5,21,0,0,1,1,1,1785532632
2026-07-31T21:23:45Z,1017,13,5,8,0,0,1,1,1,1785532071
2026-07-31T21:23:45Z,1018,6,2,16,0,0,1,1,1,1785532758
2026-07-31T21:23:45Z,1019,8,5,7,0,0,1,1,1,1785532623
2026-07-31T21:23:45Z,1020,19,5,2,0,0,1,1,1,1785531937
2026-07-31T21:23:45Z,1021,9,4,6,0,0,1,1,1,1785531609
2026-07-31T21:23:45Z,1022,14,0,13,0,0,1,1,1,1785532892
2026-07-31T21:23:45Z,1023,14,2,9,0,0,1,1,1,1785532512
2026-07-31T21:23:45Z,1024,4,2,15,0,0,1,1,1,1785531662
2026-07-31T21:23:45Z,1025,4,0,14,0,1,1,1,1,1785532872
2026-07-31T21:23:45Z,1026,12,9,18,1,0,1,1,1,1785532253
2026-07-31T21:23:45Z,1028,3,1,20,0,0,1,1,1,1785532853
2026-07-31T21:23:45Z,1029,12,10,3,0,0,1,1,1,1785531918
2026-07-31T21:23:45Z,1030,13,4,10,0,0,1,1,1,1785531731
2026-07-31T21:23:45Z,1031,9,1,10,0,0,1,1,1,1785532039
2026-07-31T21:23:45Z,1032,7,1,12,0,0,1,1,1,1785532711
2026-07-31T21:23:45Z,1033,9,5,10,0,0,1,1,1,1785531719
2026-07-31T21:23:45Z,1034,3,0,12,0,0,1,1,1,1785532690
2026-07-31T21:23:45Z,1035,0,0,18,1,0,1,1,1,1785532718
2026-07-31T21:23:45Z,1036,13,0,2,0,0,1,1,1,1785531459
2026-07-31T21:23:45Z,1037,1,1,18,0,0,1,1,1,1785532928
2026-07-31T21:23:45Z,1038,1,0,14,0,0,1,1,1,1785532381
2026-07-31T21:23:45Z,1039,7,0,12,0,0,1,1,1,1785532861
2026-07-31T21:23:45Z,1040,7,5,12,0,0,1,1,1,1785532764
2026-07-31T21:23:45Z,1041,10,2,9,0,0,1,1,1,1785532631
2026-07-31T21:23:45Z,1042,3,0,11,1,0,1,1,1,1785532789
2026-07-31T21:23:45Z,1043,9,5,10,0,0,1,1,1,1785532791
2026-07-31T21:23:45Z,1044,1,0,14,0,0,1,1,1,1785532437
2026-07-31T21:23:45Z,1045,9,0,10,0,0,1,1,1,1785532693
2026-07-31T21:23:45Z,1046,9,0,6,0,0,1,1,1,1785532062
2026-07-31T21:23:45Z,1047,4,0,17,0,0,1,1,1,1785531665
2026-07-31T21:23:45Z,1048,1,0,18,0,0,1,1,1,1785532672
2026-07-31T21:23:45Z,1049,0,0,21,0,0,1,1,1,1785532778
2026-07-31T21:23:45Z,1050,18,5,3,0,0,1,1,1,1785532063
2026-07-31T21:23:45Z,1051,8,3,13,0,0,1,1,1,1785531934
2026-07-31T21:23:45Z,1052,16,1,5,1,0,1,1,1,1785532570
2026-07-31T21:23:45Z,1053,2,1,13,0,0,1,1,1,1785532573
2026-07-31T21:23:45Z,1054,5,1,10,0,0,1,1,1,1785532820
2026-07-31T21:23:45Z,1055,9,2,10,0,0,1,1,1,1785532842
2026-07-31T21:23:45Z,1057,5,0,14,0,0,1,1,1,1785533004
2026-07-31T21:23:45Z,1058,15,1,40,1,0,1,1,1,1785532875
2026-07-31T21:23:45Z,1059,1,1,17,1,0,1,1,1,1785532695
2026-07-31T21:23:45Z,1060,15,0,22,0,0,1,1,1,1785532776
2026-07-31T21:23:45Z,1061,16,0,21,0,0,1,1,1,1785533019
2026-07-31T21:23:45Z,1062,8,1,9,0,0,1,1,1,1785532983
2026-07-31T21:23:45Z,1063,12,1,6,1,0,1,1,1,1785532753
2026-07-31T21:23:45Z,1064,3,0,19,1,0,1,1,1,1785531305
2026-07-31T21:23:45Z,1065,16,3,7,0,0,1,1,1,1785531551
2026-07-31T21:23:45Z,1066,12,2,11,0,0,1,1,1,1785531370
2026-07-31T21:23:45Z,1067,8,2,13,2,0,1,1,1,1785531646
2026-07-31T21:23:45Z,1068,5,2,15,3,0,1,1,1,1785533002
2026-07-31T21:23:45Z,1069,12,3,11,0,0,1,1,1,1785533001
2026-07-31T21:23:45Z,1070,12,2,11,0,0,1,1,1,1785531285
2026-07-31T21:23:45Z,1071,8,4,15,0,0,1,1,1,1785531322
2026-07-31T21:23:45Z,1072,11,1,11,1,0,1,1,1,1785531732
2026-07-31T21:23:45Z,1073,6,0,20,1,0,1,1,1,1785532869
2026-07-31T21:23:45Z,1074,30,2,20,3,0,1,1,1,1785533013
2026-07-31T21:23:45Z,1075,7,7,14,0,0,1,1,1,1785532032
2026-07-31T21:23:45Z,1076,14,11,7,0,0,1,1,1,1785533008
2026-07-31T21:23:45Z,1077,11,7,9,1,0,1,1,1,1785531596
2026-07-31T21:23:45Z,1078,10,9,11,0,0,1,1,1,1785531991
2026-07-31T21:23:45Z,1079,14,10,7,0,0,1,1,1,1785532611
2026-07-31T21:23:45Z,1080,11,8,8,2,0,1,1,1,1785532539
2026-07-31T21:23:45Z,1081,13,7,6,0,0,1,1,1,1785531724
2026-07-31T21:23:45Z,1082,11,10,12,0,0,1,1,1,1785532615
2026-07-31T21:23:45Z,1083,12,10,9,0,0,1,1,1,1785532882
2026-07-31T21:23:45Z,1084,9,7,12,0,0,1,1,1,1785532497
2026-07-31T21:23:45Z,1085,12,9,9,0,0,1,1,1,1785532206
2026-07-31T21:23:45Z,1086,11,9,9,1,0,1,1,1,1785532899
2026-07-31T21:23:45Z,1087,7,7,8,0,0,1,1,1,1785532421
2026-07-31T21:23:45Z,1088,10,7,5,0,0,1,1,1,1785532754
2026-07-31T21:23:45Z,1089,7,3,8,0,0,1,1,1,1785529453
2026-07-31T21:23:45Z,1090,7,6,8,0,0,1,1,1,1785531688
2026-07-31T21:23:45Z,1091,7,5,8,0,0,1,1,1,1785531889
2026-07-31T21:23:45Z,1092,9,8,6,0,0,1,1,1,1785532054
2026-07-31T21:23:45Z,1093,5,5,9,1,0,1,1,1,1785531962
2026-07-31T21:23:45Z,1094,10,9,9,0,0,1,1,1,1785532704
2026-07-31T21:23:45Z,1095,10,8,5,0,0,1,1,1,1785532680
2026-07-31T21:23:45Z,1096,11,8,8,0,0,1,1,1,1785532622
2026-07-31T21:23:45Z,1097,8,8,7,0,0,1,1,1,1785531457
2026-07-31T21:23:45Z,1098,9,7,10,0,0,1,1,1,1785532310
2026-07-31T21:23:45Z,1099,7,6,8,0,0,1,1,1,1785532540
2026-07-31T21:23:45Z,1100,6,4,23,0,0,1,1,1,1785532207
2026-07-31T21:23:45Z,1101,10,5,11,0,0,1,1,1,1785532466
2026-07-31T21:23:45Z,1102,9,4,4,0,0,1,1,1,1785531668
2026-07-31T21:23:45Z,1103,11,5,10,0,0,1,1,1,1785503681
2026-07-31T21:23:45Z,1104,11,6,10,0,0,1,1,1,1785532216
2026-07-31T21:23:45Z,1105,8,4,5,0,0,1,1,1,1785531551
2026-07-31T21:23:45Z,1106,10,5,11,0,0,1,1,1,1785532558
2026-07-31T21:23:45Z,1107,9,5,6,0,0,1,1,1,1785532801
2026-07-31T21:23:45Z,1108,8,4,16,2,1,1,1,1,1785531581
2026-07-31T21:23:45Z,1109,7,3,8,0,0,1,1,1,1785532744
2026-07-31T21:23:45Z,1110,11,3,10,0,0,1,1,1,1785532884
2026-07-31T21:23:45Z,1111,12,5,8,1,0,1,1,1,1785532759
2026-07-31T21:23:45Z,1112,22,0,31,0,0,1,1,1,1785532978
2026-07-31T21:23:45Z,1113,1,0,20,0,0,1,1,1,1785531999
2026-07-31T21:23:45Z,1115,11,1,8,4,0,1,1,1,1785532589
2026-07-31T21:23:45Z,1116,2,0,17,0,0,1,1,1,1785532730
2026-07-31T21:23:45Z,1117,2,1,19,2,0,1,1,1,1785532725
2026-07-31T21:23:45Z,1118,16,2,5,0,0,1,1,1,1785532928
2026-07-31T21:23:45Z,1119,7,2,10,0,0,1,1,1,1785532976
2026-07-31T21:23:45Z,1120,5,1,13,1,0,1,1,1,1785532821
2026-07-31T21:23:45Z,1121,3,0,17,1,0,1,1,1,1785532962
2026-07-31T21:23:45Z,1122,4,1,16,1,0,1,1,1,1785532937
2026-07-31T21:23:45Z,1123,10,8,11,2,0,1,1,1,1785532958
2026-07-31T21:23:45Z,1124,1,1,12,2,0,1,1,1,1785532483
2026-07-31T21:23:45Z,1125,16,1,7,0,0,1,1,1,1785531959
2026-07-31T21:23:45Z,1126,10,0,11,0,0,1,1,1,1785532975
2026-07-31T21:23:45Z,1127,2,2,17,0,0,1,1,1,1785532019
2026-07-31T21:23:45Z,1128,1,0,14,0,0,1,1,1,1785532697
2026-07-31T21:23:45Z,1129,2,1,17,2,0,1,1,1,1785532796
2026-07-31T21:23:45Z,1130,8,0,7,0,0,1,1,1,1785532762
2026-07-31T21:23:45Z,1131,2,1,46,1,0,1,1,1,1785532866
2026-07-31T21:23:45Z,1132,11,4,9,1,0,1,1,1,1785532506
2026-07-31T21:23:45Z,1133,6,5,11,4,0,1,1,1,1785532968
2026-07-31T21:23:45Z,1134,12,6,7,0,0,1,1,1,1785531710
2026-07-31T21:23:45Z,1135,12,6,9,0,0,1,1,1,1785532363
2026-07-31T21:23:45Z,1136,15,1,8,0,0,1,1,1,1785532939
2026-07-31T21:23:45Z,1137,12,0,3,0,0,1,1,1,1785532615
2026-07-31T21:23:45Z,1138,5,0,14,0,0,1,1,1,1785532967
2026-07-31T21:23:45Z,1139,11,2,8,2,0,1,1,1,1785532559
2026-07-31T21:23:45Z,1140,2,0,19,2,0,1,1,1,1785532898
2026-07-31T21:23:45Z,1141,5,2,16,0,0,1,1,1,1785533008
2026-07-31T21:23:45Z,1142,3,0,18,0,0,1,1,1,1785532696
2026-07-31T21:23:45Z,1143,21,0,8,0,0,1,1,1,1785533017
2026-07-31T21:23:45Z,1144,6,0,14,1,0,1,1,1,1785532748
2026-07-31T21:23:45Z,1145,11,5,9,1,0,1,1,1,1785531322
2026-07-31T21:23:45Z,1146,10,7,6,3,0,1,1,1,1785533008
2026-07-31T21:23:45Z,1147,12,1,7,0,0,1,1,1,1785532649
2026-07-31T21:23:45Z,1148,9,1,22,0,0,1,1,1,1785532842
2026-07-31T21:23:45Z,1149,6,6,15,4,0,1,1,1,1785532520
2026-07-31T21:23:45Z,1150,10,0,9,0,0,1,1,1,1785532551
2026-07-31T21:23:45Z,1151,7,0,14,0,0,1,1,1,1785531575
2026-07-31T21:23:45Z,1152,3,0,26,0,0,1,1,1,1785532759
2026-07-31T21:23:45Z,1153,21,2,1,1,0,1,1,1,1785533006
2026-07-31T21:23:45Z,1154,4,0,15,0,0,1,1,1,1785532629
2026-07-31T21:23:45Z,1155,6,4,11,4,0,1,1,1,1785532943
2026-07-31T21:23:45Z,1158,3,1,16,0,0,1,1,1,1785532615
2026-07-31T21:23:45Z,1159,12,0,7,0,0,1,1,1,1785532977
2026-07-31T21:23:45Z,1160,9,2,10,0,0,1,1,1,1785531091
2026-07-31T21:23:45Z,1161,3,0,15,1,0,1,1,1,1785531296
2026-07-31T21:23:45Z,1162,3,1,16,0,0,1,1,1,1785532310
2026-07-31T21:23:45Z,1163,2,1,16,1,0,1,1,1,1785532735
2026-07-31T21:23:45Z,1164,5,1,14,0,0,1,1,1,1785532792
2026-07-31T21:23:45Z,1165,1,0,20,0,0,1,1,1,1785531721
2026-07-31T21:23:45Z,1166,13,3,7,1,0,1,1,1,1785531781
2026-07-31T21:23:45Z,1167,4,0,11,0,0,1,1,1,1785532463
2026-07-31T21:23:45Z,1168,3,0,18,2,0,1,1,1,1785531212
2026-07-31T21:23:45Z,1169,3,0,15,1,0,1,1,1,1785532637
2026-07-31T21:23:45Z,1170,7,1,14,0,0,1,1,1,1785531218
2026-07-31T21:23:45Z,1171,9,8,14,0,0,1,1,1,1785532738
2026-07-31T21:23:45Z,1172,5,0,8,2,0,1,1,1,1785532785
2026-07-31T21:23:45Z,1173,13,4,6,0,0,1,1,1,1785532896
2026-07-31T21:23:45Z,1174,6,3,9,0,0,1,1,1,1785532539
2026-07-31T21:23:45Z,1175,5,3,14,0,0,1,1,1,1785531043
2026-07-31T21:23:45Z,1176,8,2,13,0,0,1,1,1,1785532121
2026-07-31T21:23:45Z,1177,3,1,18,0,0,1,1,1,1785532053
2026-07-31T21:23:45Z,1178,5,2,10,0,0,1,1,1,1785532462
2026-07-31T21:23:45Z,1181,11,0,4,0,0,1,1,1,1785531977
2026-07-31T21:23:45Z,1182,17,1,2,1,0,1,1,1,1785532529
2026-07-31T21:23:45Z,1183,13,0,30,2,0,1,1,1,1785532878
2026-07-31T21:23:45Z,1184,3,2,16,2,0,1,1,1,1785532972
2026-07-31T21:23:45Z,1185,10,6,11,0,0,1,1,1,1785532845
2026-07-31T21:23:45Z,1186,9,5,10,0,0,1,1,1,1785531350
2026-07-31T21:23:45Z,1187,10,5,10,1,0,1,1,1,1785531590
2026-07-31T21:23:45Z,1188,10,5,5,0,0,1,1,1,1785532799
2026-07-31T21:23:45Z,1189,8,3,11,0,0,1,1,1,1785532929
2026-07-31T21:23:45Z,1190,9,4,12,0,0,1,1,1,1785532345
2026-07-31T21:23:45Z,1191,10,5,5,0,0,1,1,1,1785532803
2026-07-31T21:23:45Z,1192,11,7,9,1,0,1,1,1,1785532709
2026-07-31T21:23:45Z,1193,6,4,5,2,0,1,1,1,1785531751
2026-07-31T21:23:45Z,1197,9,6,7,1,0,1,1,1,1785532891
2026-07-31T21:23:45Z,1198,13,4,6,2,0,1,1,1,1785531419
2026-07-31T21:23:45Z,1199,3,0,16,0,0,1,1,1,1785531407
2026-07-31T21:23:45Z,1200,9,5,6,0,0,1,1,1,1785532839
2026-07-31T21:23:45Z,1201,9,4,6,0,0,1,1,1,1785532814
2026-07-31T21:23:45Z,1202,10,5,5,0,0,1,1,1,1785532915
2026-07-31T21:23:45Z,1203,11,5,4,0,0,1,1,1,1785532820
2026-07-31T21:23:45Z,1204,7,4,12,0,0,1,1,1,1785532596
2026-07-31T21:23:45Z,1206,11,5,10,0,0,1,1,1,1785531836
2026-07-31T21:23:45Z,1207,8,4,6,1,0,1,1,1,1785531318
2026-07-31T21:23:45Z,1208,10,4,9,0,0,1,1,1,1785531262
2026-07-31T21:23:45Z,1216,9,0,11,1,0,1,1,1,1785532051
2026-07-31T21:23:45Z,1218,4,0,17,0,0,1,1,1,1785532449
2026-07-31T21:23:45Z,1219,2,1,10,3,0,1,1,1,1785532723
2026-07-31T21:23:45Z,1220,17,6,2,0,0,1,1,1,1785532089
2026-07-31T21:23:45Z,1221,1,1,19,1,0,1,1,1,1785531801
2026-07-31T21:23:45Z,1222,12,2,17,0,0,1,1,1,1785532842
2026-07-31T21:23:45Z,1223,28,0,0,1,0,1,1,1,1785532922
2026-07-31T21:23:45Z,1226,0,0,3,0,0,0,1,1,1781868931
2026-07-31T21:23:45Z,1227,5,0,19,1,0,1,1,1,1785532459
2026-07-31T21:23:45Z,1228,2,2,27,0,0,1,1,1,1785532537
2026-07-31T21:23:45Z,1229,42,2,2,1,0,1,1,1,1785533009
2026-07-31T21:28:45Z,1,8,1,15,0,0,1,1,1,1785532638
2026-07-31T21:28:45Z,2,16,0,8,3,0,1,1,1,1785532921
2026-07-31T21:28:45Z,3,11,2,2,1,0,1,1,1,1785533210
2026-07-31T21:28:45Z,4,19,0,2,1,0,1,1,1,1785533273
2026-07-31T21:28:45Z,5,17,3,4,2,0,1,1,1,1785532893
2026-07-31T21:28:45Z,6,2,0,13,0,0,1,1,1,1785533143
2026-07-31T21:28:45Z,7,11,0,28,0,0,1,1,1,1785533169
2026-07-31T21:28:45Z,8,13,1,30,0,0,1,1,1,1785533268
2026-07-31T21:28:45Z,9,16,0,6,1,0,1,1,1,1785533001
2026-07-31T21:28:45Z,10,2,1,19,2,0,1,1,1,1785532806
2026-07-31T21:28:45Z,11,8,1,9,2,0,1,1,1,1785533311
2026-07-31T21:28:45Z,12,22,0,1,0,0,1,1,1,1785533269
2026-07-31T21:28:45Z,13,12,0,18,0,0,1,1,1,1785533271
2026-07-31T21:28:45Z,14,39,0,3,0,1,1,1,1,1785533044
2026-07-31T21:28:45Z,15,2,0,13,0,0,1,1,1,1785533161
2026-07-31T21:28:45Z,16,1,0,23,2,1,1,1,1,1785532711
2026-07-31T21:28:45Z,17,12,0,14,1,0,1,1,1,1785533275
2026-07-31T21:28:45Z,18,6,0,10,2,0,1,1,1,1785533285
2026-07-31T21:28:45Z,19,9,3,16,2,0,1,1,1,1785533304
2026-07-31T21:28:45Z,20,20,2,15,0,0,1,1,1,1785533045
2026-07-31T21:28:45Z,21,8,0,9,2,0,1,1,1,1785533176
2026-07-31T21:28:45Z,22,23,1,42,0,0,1,1,1,1785533275
2026-07-31T21:28:45Z,23,15,7,15,1,0,1,1,1,1785533261
2026-07-31T21:28:45Z,24,4,1,6,1,0,1,1,1,1785533317
2026-07-31T21:28:45Z,25,76,2,3,2,0,1,1,1,1785533284
2026-07-31T21:28:45Z,26,23,0,4,0,0,1,1,1,1785533306
2026-07-31T21:28:45Z,28,10,1,5,0,0,1,1,1,1785532880
2026-07-31T21:28:45Z,30,10,0,17,2,0,1,1,1,1785532824
2026-07-31T21:28:45Z,31,12,0,5,2,0,1,1,1,1785533312
2026-07-31T21:28:45Z,32,5,1,22,0,0,1,1,1,1785533297
2026-07-31T21:28:45Z,34,20,1,16,1,0,1,1,1,1785533313
2026-07-31T21:28:45Z,35,21,3,26,0,0,1,1,1,1785533304
2026-07-31T21:28:45Z,36,0,0,0,0,0,0,1,1,86400
2026-07-31T21:28:45Z,37,11,1,12,1,0,1,1,1,1785533317
2026-07-31T21:28:45Z,38,4,0,19,0,0,1,1,1,1785533254
2026-07-31T21:28:45Z,39,15,3,24,0,0,1,1,1,1785533297
2026-07-31T21:28:45Z,40,7,2,14,0,0,1,1,1,1785533186
2026-07-31T21:28:45Z,41,29,0,14,0,0,1,1,1,1785533315
2026-07-31T21:28:45Z,42,5,3,25,1,0,1,1,1,1785532733
2026-07-31T21:28:45Z,43,10,1,13,0,0,1,1,1,1785533172
2026-07-31T21:28:45Z,45,7,0,22,0,0,1,1,1,1785533213
2026-07-31T21:28:45Z,46,3,0,25,3,0,1,1,1,1785533198
2026-07-31T21:28:45Z,47,2,1,12,1,0,1,1,1,1785533301
2026-07-31T21:28:45Z,48,18,0,9,0,0,1,1,1,1785533317
2026-07-31T21:28:45Z,49,0,0,19,4,0,1,1,1,1785533319
2026-07-31T21:28:45Z,50,4,4,14,1,0,1,1,1,1785532792
2026-07-31T21:28:45Z,51,44,0,33,0,0,1,1,1,1785532841
2026-07-31T21:28:45Z,52,5,1,19,3,0,1,1,1,1785533277
2026-07-31T21:28:45Z,55,6,0,17,0,0,1,1,1,1785533308
2026-07-31T21:28:45Z,56,10,2,33,0,0,1,1,1,1785533315
2026-07-31T21:28:45Z,57,7,1,20,0,0,1,1,1,1785533317
2026-07-31T21:28:45Z,58,0,0,28,0,0,1,1,1,1785532323
2026-07-31T21:28:45Z,59,7,0,18,2,0,1,1,1,1785533317
2026-07-31T21:28:45Z,61,32,0,7,0,0,1,1,1,1785533150
2026-07-31T21:28:45Z,62,37,18,11,1,0,1,1,1,1785533315
2026-07-31T21:28:45Z,63,14,2,5,0,0,1,1,1,1785533162
2026-07-31T21:28:45Z,64,12,1,3,4,0,1,1,1,1785530968
2026-07-31T21:28:45Z,65,8,4,10,1,0,1,1,1,1785530131
2026-07-31T21:28:45Z,67,28,0,11,0,0,1,1,1,1785533251
2026-07-31T21:28:45Z,68,34,1,2,1,0,1,1,1,1785533098
2026-07-31T21:28:45Z,69,4,0,11,0,0,1,1,1,1785532166
2026-07-31T21:28:45Z,71,19,3,5,3,0,1,1,1,1785533301
2026-07-31T21:28:45Z,72,27,5,1,2,1,1,1,1,1785533206
2026-07-31T21:28:45Z,73,2,2,29,0,0,1,1,1,1785533291
2026-07-31T21:28:45Z,74,1,0,18,0,0,1,1,1,1785532482
2026-07-31T21:28:45Z,75,8,0,23,1,0,1,1,1,1785533008
2026-07-31T21:28:45Z,76,7,0,11,1,0,1,1,1,1785533320
2026-07-31T21:28:45Z,77,9,0,18,0,0,1,1,1,1785533320
2026-07-31T21:28:45Z,78,5,2,18,0,0,1,1,1,1785533157
2026-07-31T21:28:45Z,79,1,0,15,1,0,1,1,1,1785533219
2026-07-31T21:28:45Z,80,12,2,8,3,0,1,1,1,1785533057
2026-07-31T21:28:45Z,81,2,0,29,0,0,1,1,1,1785533319
2026-07-31T21:28:45Z,82,14,7,8,1,0,1,1,1,1785533176
2026-07-31T21:28:45Z,83,4,0,28,2,0,1,1,1,1785533319
2026-07-31T21:28:45Z,84,2,2,25,0,0,1,1,1,1785532925
2026-07-31T21:28:45Z,85,10,0,5,0,0,1,1,1,1785532781
2026-07-31T21:28:45Z,86,2,1,25,0,0,1,1,1,1785533201
2026-07-31T21:28:45Z,87,0,0,19,0,0,1,1,1,1785533075
2026-07-31T21:28:45Z,88,6,1,36,1,0,1,1,1,1785533311
2026-07-31T21:28:45Z,89,31,2,3,1,0,1,1,1,1785532939
2026-07-31T21:28:45Z,90,10,1,7,1,0,1,1,1,1785533318
2026-07-31T21:28:45Z,91,0,0,16,1,0,1,1,1,1785532322
2026-07-31T21:28:45Z,92,1,1,15,3,0,1,1,1,1785533056
2026-07-31T21:28:45Z,93,5,0,18,0,0,1,1,1,1785532624
2026-07-31T21:28:45Z,94,13,0,5,1,0,1,1,1,1785531042
2026-07-31T21:28:45Z,95,1,0,31,2,1,1,1,1,1785533316
2026-07-31T21:28:45Z,96,12,2,18,1,0,1,1,1,1785532621
2026-07-31T21:28:45Z,97,0,0,15,2,0,1,1,1,1785533293
2026-07-31T21:28:45Z,98,30,7,5,0,0,1,1,1,1785532945
2026-07-31T21:28:45Z,99,10,1,5,0,0,1,1,1,1785533217
2026-07-31T21:28:45Z,100,0,0,27,0,0,1,1,1,1785532794
2026-07-31T21:28:45Z,101,13,1,1,1,0,1,1,1,1785533114
2026-07-31T21:28:45Z,102,14,1,9,0,0,1,1,1,1785533153
2026-07-31T21:28:45Z,103,19,1,8,3,0,1,1,1,1785533317
2026-07-31T21:28:45Z,104,15,0,10,2,0,1,1,1,1785533315
2026-07-31T21:28:45Z,105,16,0,3,0,0,1,1,1,1785533195
2026-07-31T21:28:45Z,106,16,1,5,0,0,1,1,1,1785533099
2026-07-31T21:28:45Z,107,25,1,12,0,0,1,1,1,1785533313
2026-07-31T21:28:45Z,108,8,0,25,2,0,1,1,1,1785533145
2026-07-31T21:28:45Z,109,17,0,6,0,0,1,1,1,1785533144
2026-07-31T21:28:45Z,110,16,0,7,0,0,1,1,1,1785532959
2026-07-31T21:28:45Z,111,8,0,28,0,0,1,1,1,1785533307
2026-07-31T21:28:45Z,112,9,0,5,1,0,1,1,1,1785533299
2026-07-31T21:28:45Z,113,4,0,14,1,0,1,1,1,1785533304
2026-07-31T21:28:45Z,114,10,6,19,1,1,1,1,1,1785533212
2026-07-31T21:28:45Z,115,18,12,7,4,0,1,1,1,1785533080
2026-07-31T21:28:45Z,116,12,11,14,1,0,1,1,1,1785532714
2026-07-31T21:28:45Z,118,14,0,6,3,0,1,1,1,1785533257
2026-07-31T21:28:45Z,119,2,0,34,2,0,1,1,1,1785533156
2026-07-31T21:28:45Z,120,4,0,22,1,0,1,1,1,1785533283
2026-07-31T21:28:45Z,121,1,0,15,2,1,1,1,1,1785533315
2026-07-31T21:28:45Z,122,14,1,7,0,0,1,1,1,1785533271
2026-07-31T21:28:45Z,123,10,2,37,0,0,1,1,1,1785533251
2026-07-31T21:28:45Z,124,9,0,26,0,0,1,1,1,1785533199
2026-07-31T21:28:45Z,125,3,0,19,1,0,1,1,1,1785533199
2026-07-31T21:28:45Z,126,25,3,6,0,0,1,1,1,1785532651
2026-07-31T21:28:45Z,127,11,4,23,1,0,1,1,1,1785533273
2026-07-31T21:28:45Z,128,4,1,15,0,0,1,1,1,1785533178
2026-07-31T21:28:45Z,129,3,2,13,3,0,1,1,1,1785532796
2026-07-31T21:28:45Z,130,4,0,13,0,0,1,1,1,1785533289
2026-07-31T21:28:45Z,131,5,5,5,1,0,1,1,1,1785532943
2026-07-31T21:28:45Z,132,6,4,8,0,1,1,1,1,1785532763
2026-07-31T21:28:45Z,134,18,2,1,4,0,1,1,1,1785533250
2026-07-31T21:28:45Z,135,7,0,11,1,0,1,1,1,1785533294
2026-07-31T21:28:45Z,136,0,0,16,1,6,1,1,1,1785533303
2026-07-31T21:28:45Z,137,4,2,13,2,0,1,1,1,1785533315
2026-07-31T21:28:45Z,138,7,1,30,0,0,1,1,1,1785532860
2026-07-31T21:28:45Z,139,2,1,16,1,0,1,1,1,1785533122
2026-07-31T21:28:45Z,140,5,0,17,1,0,1,1,1,1785533319
2026-07-31T21:28:45Z,141,3,2,33,0,0,1,1,1,1785533302
2026-07-31T21:28:45Z,142,3,2,20,0,0,1,1,1,1785533136
2026-07-31T21:28:45Z,143,4,2,27,0,0,1,1,1,1785533230
2026-07-31T21:28:45Z,144,18,0,9,0,0,1,1,1,1785533202
2026-07-31T21:28:45Z,146,11,0,11,1,0,1,1,1,1785532956
2026-07-31T21:28:45Z,147,1,0,15,3,0,1,1,1,1785533148
2026-07-31T21:28:45Z,148,0,0,23,4,0,1,1,1,1785533242
2026-07-31T21:28:45Z,149,2,0,25,0,0,1,1,1,1785532647
2026-07-31T21:28:45Z,150,4,0,29,2,0,1,1,1,1785533220
2026-07-31T21:28:45Z,151,2,0,21,0,0,1,1,1,1785533097
2026-07-31T21:28:45Z,152,0,0,23,3,0,1,1,1,1785533220
2026-07-31T21:28:45Z,153,2,0,24,2,0,1,1,1,1785533201
2026-07-31T21:28:45Z,154,13,3,7,3,0,1,1,1,1785533317
2026-07-31T21:28:45Z,155,2,0,11,1,0,1,1,1,1785533317
2026-07-31T21:28:45Z,156,0,0,19,0,0,1,1,1,1785533023
2026-07-31T21:28:45Z,157,5,0,20,2,0,1,1,1,1785533282
2026-07-31T21:28:45Z,158,10,0,5,1,0,1,1,1,1785533116
2026-07-31T21:28:45Z,159,6,2,11,2,0,1,1,1,1785533072
2026-07-31T21:28:45Z,160,2,0,17,0,0,1,1,1,1785531725
2026-07-31T21:28:45Z,161,18,2,4,0,0,1,1,1,1785533318
2026-07-31T21:28:45Z,162,22,13,4,1,0,1,1,1,1785533221
2026-07-31T21:28:45Z,163,4,0,26,0,1,1,1,1,1785533141
2026-07-31T21:28:45Z,164,19,0,8,0,0,1,1,1,1785533307
2026-07-31T21:28:45Z,165,29,4,2,0,0,1,1,1,1785533315
2026-07-31T21:28:45Z,166,7,1,28,4,0,1,1,1,1785533319
2026-07-31T21:28:45Z,167,11,2,11,1,0,1,1,1,1785533215
2026-07-31T21:28:45Z,168,20,2,5,2,0,1,1,1,1785533313
2026-07-31T21:28:45Z,169,10,0,11,1,1,1,1,1,1785533301
2026-07-31T21:28:45Z,170,6,0,12,1,0,1,1,1,1785533142
2026-07-31T21:28:45Z,171,7,1,4,2,0,1,1,1,1785533289
2026-07-31T21:28:45Z,173,8,3,31,0,0,1,1,1,1785533320
2026-07-31T21:28:45Z,174,5,0,21,0,0,1,1,1,1785533167
2026-07-31T21:28:45Z,175,28,1,1,2,0,1,1,1,1785533245
2026-07-31T21:28:45Z,176,12,4,1,1,1,1,1,1,1785533158
2026-07-31T21:28:45Z,177,4,1,21,2,0,1,1,1,1785533299
2026-07-31T21:28:45Z,178,9,0,3,2,1,1,1,1,1785533318
2026-07-31T21:28:45Z,179,10,4,3,2,0,1,1,1,1785533290
2026-07-31T21:28:45Z,180,1,0,29,0,0,1,1,1,1785533288
2026-07-31T21:28:45Z,181,0,0,15,0,0,1,1,1,1785532951
2026-07-31T21:28:45Z,182,5,3,12,0,0,1,1,1,1785533268
2026-07-31T21:28:45Z,183,5,4,17,1,0,1,1,1,1785532892
2026-07-31T21:28:45Z,184,17,1,4,2,0,1,1,1,1785533260
2026-07-31T21:28:45Z,185,8,5,4,2,1,1,1,1,1785532867
2026-07-31T21:28:45Z,186,3,0,16,0,0,1,1,1,1785533269
2026-07-31T21:28:45Z,187,0,0,27,1,0,1,1,1,1785532136
2026-07-31T21:28:45Z,188,12,4,7,7,1,1,1,1,1785533320
2026-07-31T21:28:45Z,189,7,3,8,0,0,1,1,1,1785532681
2026-07-31T21:28:45Z,190,3,0,18,2,0,1,1,1,1785533264
2026-07-31T21:28:45Z,191,7,5,32,0,0,1,1,1,1785533133
2026-07-31T21:28:45Z,192,6,0,23,2,0,1,1,1,1785532711
2026-07-31T21:28:45Z,193,10,6,4,1,0,1,1,1,1785533205
2026-07-31T21:28:45Z,194,3,2,24,0,0,1,1,1,1785532913
2026-07-31T21:28:45Z,195,0,0,19,0,0,1,1,1,1785533131
2026-07-31T21:28:45Z,196,4,4,22,1,0,1,1,1,1785533121
2026-07-31T21:28:45Z,197,3,1,15,0,1,1,1,1,1785533307
2026-07-31T21:28:45Z,198,11,10,10,2,0,1,1,1,1785532589
2026-07-31T21:28:45Z,199,2,2,12,1,0,1,1,1,1785533305
2026-07-31T21:28:45Z,200,9,7,17,0,0,1,1,1,1785533118
2026-07-31T21:28:45Z,201,2,2,21,0,0,1,1,1,1785532499
2026-07-31T21:28:45Z,202,1,0,26,0,0,1,1,1,1785532925
2026-07-31T21:28:45Z,203,7,1,23,1,0,1,1,1,1785533034
2026-07-31T21:28:45Z,204,21,0,13,1,0,1,1,1,1785533320
2026-07-31T21:28:45Z,205,12,0,15,0,0,1,1,1,1785533255
2026-07-31T21:28:45Z,206,5,3,8,2,0,1,1,1,1785533316
2026-07-31T21:28:45Z,207,20,0,1,0,0,1,1,1,1785533009
2026-07-31T21:28:45Z,208,4,1,25,0,0,1,1,1,1785533273
2026-07-31T21:28:45Z,209,26,0,4,1,0,1,1,1,1785533291
2026-07-31T21:28:45Z,210,6,2,21,0,0,1,1,1,1785533200
2026-07-31T21:28:45Z,211,2,0,20,1,0,1,1,1,1785533314
2026-07-31T21:28:45Z,212,25,0,9,1,0,1,1,1,1785533312
2026-07-31T21:28:45Z,213,15,5,7,1,0,1,1,1,1785533190
2026-07-31T21:28:45Z,214,38,6,8,1,0,1,1,1,1785533319
2026-07-31T21:28:45Z,215,17,5,5,1,0,1,1,1,1785533248
2026-07-31T21:28:45Z,216,10,4,8,1,0,1,1,1,1785533267
2026-07-31T21:28:45Z,217,21,0,7,1,0,1,1,1,1785533280
2026-07-31T21:28:45Z,218,16,9,20,3,0,1,1,1,1785533318
2026-07-31T21:28:45Z,219,18,1,7,1,0,1,1,1,1785533309
2026-07-31T21:28:45Z,220,19,8,23,0,1,1,1,1,1785533270
2026-07-31T21:28:45Z,221,4,3,10,1,0,1,1,1,1785533281
2026-07-31T21:28:45Z,222,2,0,16,1,0,1,1,1,1785533230
2026-07-31T21:28:45Z,223,6,0,26,3,0,1,1,1,1785533135
2026-07-31T21:28:45Z,224,0,0,21,1,0,1,1,1,1785533076
2026-07-31T21:28:45Z,225,5,1,7,7,0,1,1,1,1785533310
2026-07-31T21:28:45Z,226,24,4,6,1,0,1,1,1,1785533316
2026-07-31T21:28:45Z,227,2,0,24,1,0,1,1,1,1785533203
2026-07-31T21:28:45Z,228,4,2,14,1,0,1,1,1,1785533031
2026-07-31T21:28:45Z,230,6,0,20,0,0,1,1,1,1785533099
2026-07-31T21:28:45Z,232,5,0,11,1,0,1,1,1,1785532730
2026-07-31T21:28:45Z,233,12,7,18,1,0,1,1,1,1785533223
2026-07-31T21:28:45Z,234,10,3,3,4,2,1,1,1,1785533176
2026-07-31T21:28:45Z,236,16,2,3,0,0,1,1,1,1785532741
2026-07-31T21:28:45Z,237,0,0,22,1,0,1,1,1,1785533053
2026-07-31T21:28:45Z,239,4,4,22,1,0,1,1,1,1785532394
2026-07-31T21:28:45Z,241,9,6,13,1,0,1,1,1,1785533317
2026-07-31T21:28:45Z,242,5,2,17,1,0,1,1,1,1785533025
2026-07-31T21:28:45Z,243,10,8,19,2,0,1,1,1,1785533308
2026-07-31T21:28:45Z,244,3,2,22,2,0,1,1,1,1785533150
2026-07-31T21:28:45Z,245,12,5,11,0,0,1,1,1,1785533246
2026-07-31T21:28:45Z,246,10,6,12,1,0,1,1,1,1785533317
2026-07-31T21:28:45Z,247,9,5,12,2,0,1,1,1,1785533185
2026-07-31T21:28:45Z,248,10,6,11,2,0,1,1,1,1785533285
2026-07-31T21:28:45Z,249,16,15,2,1,0,1,1,1,1785533172
2026-07-31T21:28:45Z,250,2,0,19,6,0,1,1,1,1785533131
2026-07-31T21:28:45Z,251,21,11,1,5,0,1,1,1,1785533052
2026-07-31T21:28:45Z,253,3,2,16,0,0,1,1,1,1785533205
2026-07-31T21:28:45Z,254,3,2,39,1,0,1,1,1,1785532858
2026-07-31T21:28:45Z,255,7,0,15,0,1,1,1,1,1785533294
2026-07-31T21:28:45Z,256,0,0,21,2,0,1,1,1,1785533240
2026-07-31T21:28:45Z,257,4,1,15,0,0,1,1,1,1785532755
2026-07-31T21:28:45Z,258,14,6,4,1,0,1,1,1,1785533259
2026-07-31T21:28:45Z,259,15,1,7,0,1,1,1,1,1785532936
2026-07-31T21:28:45Z,260,0,0,18,1,0,1,1,1,1785531499
2026-07-31T21:28:45Z,261,0,0,17,1,1,1,1,1,1785533222
2026-07-31T21:28:45Z,262,5,0,17,1,0,1,1,1,1785533317
2026-07-31T21:28:45Z,263,2,0,12,1,0,1,1,1,1785533221
2026-07-31T21:28:45Z,264,1,1,18,0,0,1,1,1,1785532700
2026-07-31T21:28:45Z,265,7,1,8,0,0,1,1,1,1785533225
2026-07-31T21:28:45Z,266,12,7,6,1,0,1,1,1,1785533283
2026-07-31T21:28:45Z,267,9,4,5,1,0,1,1,1,1785531709
2026-07-31T21:28:45Z,268,18,7,4,1,0,1,1,1,1785533227
2026-07-31T21:28:45Z,269,7,5,16,0,0,1,1,1,1785533299
2026-07-31T21:28:45Z,270,3,0,23,1,0,1,1,1,1785533169
2026-07-31T21:28:45Z,271,3,0,14,2,0,1,1,1,1785532734
2026-07-31T21:28:45Z,272,9,2,14,0,0,1,1,1,1785533228
2026-07-31T21:28:45Z,273,2,1,13,0,0,1,1,1,1785533222
2026-07-31T21:28:45Z,274,4,3,14,1,0,1,1,1,1785533307
2026-07-31T21:28:45Z,275,12,0,7,4,0,1,1,1,1785533288
2026-07-31T21:28:45Z,276,1,1,25,1,0,1,1,1,1785532264
2026-07-31T21:28:45Z,277,3,3,16,4,0,1,1,1,1785533229
2026-07-31T21:28:45Z,278,9,9,19,3,0,1,1,1,1785533057
2026-07-31T21:28:45Z,279,2,0,17,0,0,1,1,1,1785533293
2026-07-31T21:28:45Z,280,0,0,28,3,0,1,1,1,1785533280
2026-07-31T21:28:45Z,281,3,0,16,0,0,1,1,1,1785533317
2026-07-31T21:28:45Z,282,7,2,11,0,0,1,1,1,1785527347
2026-07-31T21:28:45Z,283,15,2,20,0,0,1,1,1,1785532913
2026-07-31T21:28:45Z,284,25,1,7,3,0,1,1,1,1785533027
2026-07-31T21:28:45Z,285,2,2,21,0,0,1,1,1,1785533155
2026-07-31T21:28:45Z,286,11,5,11,1,0,1,1,1,1785533265
2026-07-31T21:28:45Z,287,10,1,10,3,0,1,1,1,1785532355
2026-07-31T21:28:45Z,288,4,0,14,1,0,1,1,1,1785533282
2026-07-31T21:28:45Z,289,11,7,13,3,0,1,1,1,1785533086
2026-07-31T21:28:45Z,290,15,1,21,3,0,1,1,1,1785533203
2026-07-31T21:28:45Z,291,12,1,10,1,0,1,1,1,1785533272
2026-07-31T21:28:45Z,292,2,2,21,0,0,1,1,1,1785532883
2026-07-31T21:28:45Z,293,5,1,18,0,0,1,1,1,1785533143
2026-07-31T21:28:45Z,294,4,3,16,2,0,1,1,1,1785533194
2026-07-31T21:28:45Z,297,8,2,10,0,1,1,1,1,1785533280
2026-07-31T21:28:45Z,301,15,2,4,0,0,1,1,1,1785533281
2026-07-31T21:28:45Z,302,19,0,3,1,0,1,1,1,1785533294
2026-07-31T21:28:45Z,303,0,0,19,0,0,1,1,1,1785530377
2026-07-31T21:28:45Z,304,0,0,0,0,0,0,1,1,86400
2026-07-31T21:28:45Z,305,4,0,14,1,0,1,1,1,1785533315
2026-07-31T21:28:45Z,306,14,0,17,1,0,1,1,1,1785533181
2026-07-31T21:28:45Z,307,5,0,18,0,0,1,1,1,1785533245
2026-07-31T21:28:45Z,308,1,1,17,1,0,1,1,1,1785533143
2026-07-31T21:28:45Z,309,3,2,11,0,0,1,1,1,1785533039
2026-07-31T21:28:45Z,311,6,0,8,1,0,1,1,1,1785532562
2026-07-31T21:28:45Z,312,7,7,13,2,0,1,1,1,1785533053
2026-07-31T21:28:45Z,313,4,0,11,0,0,1,1,1,1785533242
2026-07-31T21:28:45Z,314,6,1,11,2,0,1,1,1,1785531899
2026-07-31T21:28:45Z,315,12,5,17,2,0,1,1,1,1785532984
2026-07-31T21:28:45Z,316,5,1,19,6,1,1,1,1,1785533231
2026-07-31T21:28:45Z,317,24,8,6,0,1,1,1,1,1785533218
2026-07-31T21:28:45Z,318,16,1,3,0,0,1,1,1,1785531022
2026-07-31T21:28:45Z,319,19,2,1,3,0,1,1,1,1785533210
2026-07-31T21:28:45Z,320,12,0,6,1,0,1,1,1,1785533214
2026-07-31T21:28:45Z,321,2,0,13,4,0,1,1,1,1785533297
2026-07-31T21:28:45Z,322,18,0,11,0,0,1,1,1,1785532643
2026-07-31T21:28:45Z,323,5,1,13,1,0,1,1,1,1785532663
2026-07-31T21:28:45Z,324,13,1,13,1,0,1,1,1,1785533320
2026-07-31T21:28:45Z,325,3,2,22,2,0,1,1,1,1785532984
2026-07-31T21:28:45Z,327,15,2,10,2,0,1,1,1,1785533084
2026-07-31T21:28:45Z,328,16,2,5,1,0,1,1,1,1785533090
2026-07-31T21:28:45Z,329,1,0,15,3,0,1,1,1,1785532452
2026-07-31T21:28:45Z,330,20,1,2,0,0,1,1,1,1785533260
2026-07-31T21:28:45Z,331,12,0,8,3,0,1,1,1,1785533296
2026-07-31T21:28:45Z,332,8,5,10,1,0,1,1,1,1785532360
2026-07-31T21:28:45Z,333,3,3,19,1,0,1,1,1,1785533263
2026-07-31T21:28:45Z,334,8,1,15,0,0,1,1,1,1785533046
2026-07-31T21:28:45Z,335,2,2,20,0,1,1,1,1,1785530699
2026-07-31T21:28:45Z,336,2,1,17,0,0,1,1,1,1785533168
2026-07-31T21:28:45Z,337,11,4,8,4,0,1,1,1,1785533222
2026-07-31T21:28:45Z,338,1,0,18,0,0,1,1,1,1785533018
2026-07-31T21:28:45Z,339,11,10,7,5,0,1,1,1,1785533314
2026-07-31T21:28:45Z,340,1,1,13,1,0,1,1,1,1785532990
2026-07-31T21:28:45Z,341,7,1,12,0,0,1,1,1,1785533265
2026-07-31T21:28:45Z,342,1,1,14,0,0,1,1,1,1785532908
2026-07-31T21:28:45Z,343,10,4,12,1,0,1,1,1,1785533239
2026-07-31T21:28:45Z,344,7,4,16,0,0,1,1,1,1785532070
2026-07-31T21:28:45Z,345,13,1,6,0,0,1,1,1,1785533314
2026-07-31T21:28:45Z,346,3,3,20,0,0,1,1,1,1785532493
2026-07-31T21:28:45Z,347,1,0,39,4,0,1,1,1,1785533252
2026-07-31T21:28:45Z,348,10,0,12,0,1,1,1,1,1785533301
2026-07-31T21:28:45Z,349,15,2,3,1,0,1,1,1,1785532539
2026-07-31T21:28:45Z,350,1,0,24,1,1,1,1,1,1785533147
2026-07-31T21:28:45Z,351,3,1,18,2,0,1,1,1,1785533234
2026-07-31T21:28:45Z,355,5,2,18,0,0,1,1,1,1785533108
2026-07-31T21:28:45Z,356,8,2,11,0,0,1,1,1,1785533268
2026-07-31T21:28:45Z,357,2,0,16,1,0,1,1,1,1785533116
2026-07-31T21:28:45Z,358,15,2,11,1,0,1,1,1,1785533117
2026-07-31T21:28:45Z,359,9,0,18,0,0,1,1,1,1785532858
2026-07-31T21:28:45Z,360,6,3,13,0,0,1,1,1,1785532248
2026-07-31T21:28:45Z,362,2,0,14,3,0,1,1,1,1785532600
2026-07-31T21:28:45Z,363,13,0,14,0,0,1,1,1,1785533309
2026-07-31T21:28:45Z,364,1,0,18,0,0,1,1,1,1785533254
2026-07-31T21:28:45Z,365,1,1,19,3,0,1,1,1,1785533073
2026-07-31T21:28:45Z,366,10,9,13,0,0,1,1,1,1785533091
2026-07-31T21:28:45Z,367,1,1,16,2,0,1,1,1,1785533257
2026-07-31T21:28:45Z,368,3,0,19,1,0,1,1,1,1785533043
2026-07-31T21:28:45Z,370,11,4,16,0,0,1,1,1,1785532959
2026-07-31T21:28:45Z,371,4,2,14,1,0,1,1,1,1785532461
2026-07-31T21:28:45Z,372,10,0,4,1,0,1,1,1,1785532649
2026-07-31T21:28:45Z,373,1,1,26,0,0,1,1,1,1785532969
2026-07-31T21:28:45Z,374,1,1,17,1,0,1,1,1,1785532928
2026-07-31T21:28:45Z,375,5,0,19,3,0,1,1,1,1785533273
2026-07-31T21:28:45Z,376,4,0,33,2,0,1,1,1,1785533270
2026-07-31T21:28:45Z,377,3,1,24,0,0,1,1,1,1785533067
2026-07-31T21:28:45Z,378,5,2,18,0,1,1,1,1,1785533310
2026-07-31T21:28:45Z,379,21,1,3,3,0,1,1,1,1785532978
2026-07-31T21:28:45Z,380,3,0,20,0,0,1,1,1,1785532095
2026-07-31T21:28:45Z,381,14,0,9,0,0,1,1,1,1785533106
2026-07-31T21:28:45Z,383,13,2,0,2,0,1,1,1,1785532834
2026-07-31T21:28:45Z,384,0,0,22,5,0,1,1,1,1785533055
2026-07-31T21:28:45Z,385,5,1,12,1,0,1,1,1,1785533111
2026-07-31T21:28:45Z,387,2,1,21,0,0,1,1,1,1785532937
2026-07-31T21:28:45Z,388,36,1,10,3,0,1,1,1,1785533256
2026-07-31T21:28:45Z,389,3,2,11,1,0,1,1,1,1785532058
2026-07-31T21:28:45Z,390,14,3,21,0,0,1,1,1,1785532640
2026-07-31T21:28:45Z,391,3,2,11,1,0,1,1,1,1785532385
2026-07-31T21:28:45Z,392,2,2,16,1,0,1,1,1,1785533085
2026-07-31T21:28:45Z,393,1,1,7,3,0,1,1,1,1785531684
2026-07-31T21:28:45Z,394,5,0,6,2,0,1,1,1,1785533317
2026-07-31T21:28:45Z,396,2,0,39,1,0,1,1,1,1785533256
2026-07-31T21:28:45Z,397,15,9,16,0,0,1,1,1,1785533318
2026-07-31T21:28:45Z,399,1,0,14,2,0,1,1,1,1785533316
2026-07-31T21:28:45Z,400,14,9,7,2,0,1,1,1,1785532920
2026-07-31T21:28:45Z,401,2,0,29,8,0,1,1,1,1785533063
2026-07-31T21:28:45Z,403,26,7,1,4,0,1,1,1,1785533232
2026-07-31T21:28:45Z,404,9,6,13,1,0,1,1,1,1785533264
2026-07-31T21:28:45Z,406,16,5,18,1,0,1,1,1,1785533315
2026-07-31T21:28:45Z,407,8,0,25,1,0,1,1,1,1785533293
2026-07-31T21:28:45Z,408,4,2,26,3,0,1,1,1,1785533212
2026-07-31T21:28:45Z,409,17,0,4,2,0,1,1,1,1785532320
2026-07-31T21:28:45Z,413,10,2,11,2,0,1,1,1,1785533225
2026-07-31T21:28:45Z,414,10,0,5,0,0,1,1,1,1785533309
2026-07-31T21:28:45Z,417,2,1,17,0,0,1,1,1,1785533273
2026-07-31T21:28:45Z,418,5,3,10,0,0,1,1,1,1785532726
2026-07-31T21:28:45Z,419,13,1,10,0,0,1,1,1,1785533166
2026-07-31T21:28:45Z,421,7,0,12,0,0,1,1,1,1785533314
2026-07-31T21:28:45Z,422,18,3,9,0,0,1,1,1,1785533116
2026-07-31T21:28:45Z,423,0,0,22,1,0,1,1,1,1785533264
2026-07-31T21:28:45Z,424,10,4,2,2,1,1,1,1,1785532885
2026-07-31T21:28:45Z,425,7,5,14,0,1,1,1,1,1785533318
2026-07-31T21:28:45Z,426,0,0,35,2,0,1,1,1,1785533126
2026-07-31T21:28:45Z,427,10,0,2,3,0,1,1,1,1785533273
2026-07-31T21:28:45Z,428,17,2,2,0,0,1,1,1,1785533152
2026-07-31T21:28:45Z,429,7,4,14,2,0,1,1,1,1785532761
2026-07-31T21:28:45Z,430,14,3,14,3,0,1,1,1,1785533033
2026-07-31T21:28:45Z,431,1,0,29,3,0,1,1,1,1785532626
2026-07-31T21:28:45Z,432,0,0,30,1,0,0,1,1,1785508564
2026-07-31T21:28:45Z,433,5,2,15,3,0,1,1,1,1785529334
2026-07-31T21:28:45Z,437,5,2,11,3,0,1,1,1,1785533296
2026-07-31T21:28:45Z,438,8,2,10,1,0,1,1,1,1785533027
2026-07-31T21:28:45Z,439,11,4,4,0,0,1,1,1,1785532873
2026-07-31T21:28:45Z,440,10,3,5,0,0,1,1,1,1785533281
2026-07-31T21:28:45Z,441,0,0,13,2,0,1,1,1,1785533061
2026-07-31T21:28:45Z,442,9,4,8,2,0,1,1,1,1785532949
2026-07-31T21:28:45Z,443,5,2,22,0,0,1,1,1,1785512432
2026-07-31T21:28:45Z,444,2,2,21,0,0,1,1,1,1785533207
2026-07-31T21:28:45Z,445,6,2,16,1,0,1,1,1,1785533258
2026-07-31T21:28:45Z,446,0,0,23,0,0,1,1,1,1785532504
2026-07-31T21:28:45Z,447,4,0,17,1,1,1,1,1,1785532273
2026-07-31T21:28:45Z,448,7,0,7,1,0,1,1,1,1785530120
2026-07-31T21:28:45Z,452,7,2,11,1,0,1,1,1,1785533094
2026-07-31T21:28:45Z,453,5,1,6,4,0,1,1,1,1785533299
2026-07-31T21:28:45Z,454,15,0,4,0,0,1,1,1,1785532300
2026-07-31T21:28:45Z,455,30,0,8,1,0,1,1,1,1785533318
2026-07-31T21:28:45Z,456,18,0,1,1,0,1,1,1,1785533283
2026-07-31T21:28:45Z,457,6,2,16,5,0,1,1,1,1785533229
2026-07-31T21:28:45Z,458,4,2,18,1,0,1,1,1,1785532364
2026-07-31T21:28:45Z,459,10,1,5,0,0,1,1,1,1785532277
2026-07-31T21:28:45Z,460,18,1,5,0,0,1,1,1,1785532677
2026-07-31T21:28:45Z,461,10,0,9,0,0,1,1,1,1785532867
2026-07-31T21:28:45Z,462,13,1,8,0,0,1,1,1,1785533286
2026-07-31T21:28:45Z,463,8,1,11,0,0,1,1,1,1785532921
2026-07-31T21:28:45Z,464,2,0,12,0,0,1,1,1,1785532949
2026-07-31T21:28:45Z,465,4,3,11,0,0,1,1,1,1785532759
2026-07-31T21:28:45Z,466,2,1,7,6,0,1,1,1,1785532908
2026-07-31T21:28:45Z,467,1,1,18,0,0,1,1,1,1785532853
2026-07-31T21:28:45Z,468,0,0,18,1,0,1,1,1,1785527178
2026-07-31T21:28:45Z,469,6,1,15,2,0,1,1,1,1785533076
2026-07-31T21:28:45Z,470,0,0,13,2,0,1,1,1,1785533292
2026-07-31T21:28:45Z,471,26,2,1,0,0,1,1,1,1785532171
2026-07-31T21:28:45Z,472,7,4,10,2,0,1,1,1,1785533067
2026-07-31T21:28:45Z,473,7,0,12,0,0,1,1,1,1785532265
2026-07-31T21:28:45Z,474,9,1,10,0,0,1,1,1,1785532953
2026-07-31T21:28:45Z,475,4,2,14,1,0,1,1,1,1785532975
2026-07-31T21:28:45Z,477,11,1,4,0,0,1,1,1,1785533210
2026-07-31T21:28:45Z,478,19,0,12,0,0,1,1,1,1785533289
2026-07-31T21:28:45Z,479,3,0,22,2,0,1,1,1,1785532823
2026-07-31T21:28:45Z,480,4,0,10,1,0,1,1,1,1785532843
2026-07-31T21:28:45Z,481,4,0,30,1,0,1,1,1,1785533098
2026-07-31T21:28:45Z,482,4,4,15,0,0,1,1,1,1785531414
2026-07-31T21:28:45Z,483,18,1,7,2,0,1,1,1,1785533317
2026-07-31T21:28:45Z,484,4,2,14,1,0,1,1,1,1785533240
2026-07-31T21:28:45Z,485,10,3,8,0,1,1,1,1,1785533309
2026-07-31T21:28:45Z,486,0,0,24,3,0,1,1,1,1785533294
2026-07-31T21:28:45Z,487,9,6,8,2,0,1,1,1,1785533178
2026-07-31T21:28:45Z,489,1,0,14,0,0,1,1,1,1785533142
2026-07-31T21:28:45Z,490,12,0,3,1,0,1,1,1,1785533279
2026-07-31T21:28:45Z,491,7,2,13,1,0,1,1,1,1785533054
2026-07-31T21:28:45Z,492,4,3,4,3,0,1,1,1,1785533318
2026-07-31T21:28:45Z,493,18,1,9,0,0,1,1,1,1785533180
2026-07-31T21:28:45Z,495,8,0,6,1,0,1,1,1,1785533278
2026-07-31T21:28:45Z,496,11,1,16,0,0,1,1,1,1785533219
2026-07-31T21:28:45Z,497,3,1,15,0,0,1,1,1,1785533211
2026-07-31T21:28:45Z,498,8,3,15,0,0,1,1,1,1785533318
2026-07-31T21:28:45Z,499,4,1,14,1,0,1,1,1,1785532334
2026-07-31T21:28:45Z,500,0,0,12,3,0,1,1,1,1785531899
2026-07-31T21:28:45Z,501,13,3,8,0,0,1,1,1,1785533223
2026-07-31T21:28:45Z,502,2,1,15,2,0,1,1,1,1785532972
2026-07-31T21:28:45Z,503,2,0,28,1,0,1,1,1,1785533261
2026-07-31T21:28:45Z,504,18,0,19,2,0,1,1,1,1785533319
2026-07-31T21:28:45Z,505,1,0,10,1,0,1,1,1,1785533172
2026-07-31T21:28:45Z,511,4,2,19,0,0,1,1,1,1785533168
2026-07-31T21:28:45Z,512,10,0,17,0,0,1,1,1,1785530707
2026-07-31T21:28:45Z,514,3,3,7,1,0,1,1,1,1785533054
2026-07-31T21:28:45Z,515,2,2,17,0,0,1,1,1,1785531676
2026-07-31T21:28:45Z,516,13,0,14,0,0,1,1,1,1785533144
2026-07-31T21:28:45Z,517,13,2,10,0,0,1,1,1,1785533208
2026-07-31T21:28:45Z,518,6,0,8,1,0,1,1,1,1785532861
2026-07-31T21:28:45Z,519,8,3,9,2,0,1,1,1,1785530872
2026-07-31T21:28:45Z,520,18,8,3,5,1,1,1,1,1785533320
2026-07-31T21:28:45Z,521,5,2,18,0,0,1,1,1,1785532773
2026-07-31T21:28:45Z,522,11,2,10,2,0,1,1,1,1785533298
2026-07-31T21:28:45Z,523,11,4,11,1,0,1,1,1,1785532711
2026-07-31T21:28:45Z,524,17,0,6,0,0,1,1,1,1785533309
2026-07-31T21:28:45Z,525,6,0,13,0,0,1,1,1,1785533274
2026-07-31T21:28:45Z,526,4,1,11,0,0,1,1,1,1785530751
2026-07-31T21:28:45Z,527,16,11,9,1,0,1,1,1,1785533298
2026-07-31T21:28:45Z,528,14,1,7,2,0,1,1,1,1785532111
2026-07-31T21:28:45Z,529,3,2,8,8,0,1,1,1,1785533316
2026-07-31T21:28:45Z,530,12,1,6,3,0,1,1,1,1785533266
2026-07-31T21:28:45Z,531,8,0,14,0,1,1,1,1,1785533147
2026-07-31T21:28:45Z,532,10,10,20,1,0,1,1,1,1785532685
2026-07-31T21:28:45Z,533,12,0,6,1,0,1,1,1,1785532753
2026-07-31T21:28:45Z,534,5,2,18,0,0,1,1,1,1785533288
2026-07-31T21:28:45Z,535,1,0,14,0,0,1,1,1,1785532311
2026-07-31T21:28:45Z,536,9,0,14,0,0,1,1,1,1785533025
2026-07-31T21:28:45Z,537,11,0,9,0,0,1,1,1,1785533241
2026-07-31T21:28:45Z,538,9,0,12,0,2,1,1,1,1785533247
2026-07-31T21:28:45Z,539,6,2,25,0,0,1,1,1,1785533029
2026-07-31T21:28:45Z,540,6,5,13,0,0,1,1,1,1785532976
2026-07-31T21:28:45Z,541,7,3,19,1,0,1,1,1,1785533160
2026-07-31T21:28:45Z,542,2,1,21,0,0,1,1,1,1785533107
2026-07-31T21:28:45Z,543,2,0,17,0,0,1,1,1,1785533192
2026-07-31T21:28:45Z,544,12,3,6,4,0,1,1,1,1785533292
2026-07-31T21:28:45Z,545,14,3,2,3,0,1,1,1,1785533294
2026-07-31T21:28:45Z,546,5,1,14,0,0,1,1,1,1785533021
2026-07-31T21:28:45Z,547,9,0,16,0,0,1,1,1,1785533307
2026-07-31T21:28:45Z,548,5,3,17,1,0,1,1,1,1785533120
2026-07-31T21:28:45Z,549,19,1,3,1,0,1,1,1,1785533218
2026-07-31T21:28:45Z,550,1,1,18,0,0,1,1,1,1785532552
2026-07-31T21:28:45Z,551,3,2,19,1,0,1,1,1,1785529811
2026-07-31T21:28:45Z,552,3,2,24,0,0,1,1,1,1785532746
2026-07-31T21:28:45Z,553,3,2,19,1,0,1,1,1,1785533062
2026-07-31T21:28:45Z,554,2,0,16,1,0,1,1,1,1785532931
2026-07-31T21:28:45Z,555,6,0,8,1,0,1,1,1,1785532635
2026-07-31T21:28:45Z,556,12,0,9,2,0,1,1,1,1785533169
2026-07-31T21:28:45Z,557,1,1,20,2,0,1,1,1,1785532934
2026-07-31T21:28:45Z,558,19,12,17,1,0,1,1,1,1785532953
2026-07-31T21:28:45Z,559,11,0,7,1,0,1,1,1,1785532144
2026-07-31T21:28:45Z,560,16,0,11,0,0,1,1,1,1785532956
2026-07-31T21:28:45Z,561,7,0,13,3,0,1,1,1,1785531569
2026-07-31T21:28:45Z,562,9,1,20,6,0,1,1,1,1785533268
2026-07-31T21:28:45Z,563,3,0,10,1,0,1,1,1,1785531305
2026-07-31T21:28:45Z,564,2,1,16,1,0,1,1,1,1785532148
2026-07-31T21:28:45Z,565,1,1,18,0,0,1,1,1,1785533078
2026-07-31T21:28:45Z,566,2,0,16,1,0,1,1,1,1785533299
2026-07-31T21:28:45Z,567,10,1,15,2,0,1,1,1,1785532824
2026-07-31T21:28:45Z,568,8,1,10,1,0,1,1,1,1785533148
2026-07-31T21:28:45Z,569,5,0,12,2,0,1,1,1,1785533171
2026-07-31T21:28:45Z,570,6,1,10,3,0,1,1,1,1785533259
2026-07-31T21:28:45Z,571,9,2,14,0,0,1,1,1,1785533240
2026-07-31T21:28:45Z,572,5,0,14,0,0,1,1,1,1785533254
2026-07-31T21:28:45Z,573,7,1,7,1,0,1,1,1,1785533142
2026-07-31T21:28:45Z,574,3,1,12,0,0,1,1,1,1785532490
2026-07-31T21:28:45Z,575,3,0,17,1,0,1,1,1,1785533202
2026-07-31T21:28:45Z,576,2,2,17,0,0,1,1,1,1785532752
2026-07-31T21:28:45Z,577,18,0,13,0,0,1,1,1,1785533214
2026-07-31T21:28:45Z,578,2,1,20,1,0,1,1,1,1785533266
2026-07-31T21:28:45Z,579,2,0,41,0,0,1,1,1,1785532972
2026-07-31T21:28:45Z,580,8,0,21,0,0,1,1,1,1785533064
2026-07-31T21:28:45Z,581,8,1,10,1,0,1,1,1,1785533315
2026-07-31T21:28:45Z,582,21,0,38,2,0,1,1,1,1785533179
2026-07-31T21:28:45Z,583,1,0,21,1,0,1,1,1,1785532793
2026-07-31T21:28:45Z,584,6,2,9,4,0,1,1,1,1785533199
2026-07-31T21:28:45Z,585,1,0,25,0,1,1,1,1,1785533229
2026-07-31T21:28:45Z,586,23,2,11,1,0,1,1,1,1785533283
2026-07-31T21:28:45Z,587,9,0,14,1,0,1,1,1,1785533266
2026-07-31T21:28:45Z,588,9,3,7,2,1,1,1,1,1785533298
2026-07-31T21:28:45Z,589,3,0,19,0,0,1,1,1,1785533216
2026-07-31T21:28:45Z,590,6,1,25,0,0,1,1,1,1785532861
2026-07-31T21:28:45Z,591,7,2,20,3,0,1,1,1,1785533308
2026-07-31T21:28:45Z,592,8,0,15,0,0,1,1,1,1785533269
2026-07-31T21:28:45Z,593,15,4,23,0,0,1,1,1,1785533059
2026-07-31T21:28:45Z,594,14,1,6,1,0,1,1,1,1785532843
2026-07-31T21:28:45Z,595,0,0,3,0,0,0,1,1,1784046673
2026-07-31T21:28:45Z,605,0,0,2,1,0,0,1,1,1783975843
2026-07-31T21:28:45Z,606,0,0,0,0,0,0,1,1,86400
2026-07-31T21:28:45Z,607,9,3,22,1,0,1,1,1,1785533318
2026-07-31T21:28:45Z,608,43,0,7,0,0,1,1,1,1785533119
2026-07-31T21:28:45Z,609,2,2,21,0,0,1,1,1,1785533082
2026-07-31T21:28:45Z,610,22,1,13,0,0,1,1,1,1785533221
2026-07-31T21:28:45Z,611,15,2,11,1,0,1,1,1,1785533211
2026-07-31T21:28:45Z,612,7,1,8,0,0,1,1,1,1785522916
2026-07-31T21:28:45Z,613,12,4,0,3,0,1,1,1,1785530289
2026-07-31T21:28:45Z,614,5,5,19,2,1,1,1,1,1785532931
2026-07-31T21:28:45Z,617,10,1,2,3,0,1,1,1,1785533129
2026-07-31T21:28:45Z,618,13,1,1,5,0,1,1,1,1785530762
2026-07-31T21:28:45Z,619,6,3,13,0,0,1,1,1,1785533237
2026-07-31T21:28:45Z,620,9,0,17,1,0,1,1,1,1785533052
2026-07-31T21:28:45Z,621,5,2,18,0,0,1,1,1,1785533067
2026-07-31T21:28:45Z,622,11,0,10,2,0,1,1,1,1785532951
2026-07-31T21:28:45Z,623,18,5,10,2,0,1,1,1,1785532988
2026-07-31T21:28:45Z,624,1,0,14,0,0,1,1,1,1785532120
2026-07-31T21:28:45Z,625,15,4,1,5,0,1,1,1,1785533219
2026-07-31T21:28:45Z,626,38,0,7,0,2,1,1,1,1785533301
2026-07-31T21:28:45Z,627,14,3,4,1,0,1,1,1,1785530759
2026-07-31T21:28:45Z,628,3,3,14,1,1,1,1,1,1785533313
2026-07-31T21:28:45Z,629,2,1,7,2,0,1,1,1,1785533187
2026-07-31T21:28:45Z,630,0,0,23,4,0,1,1,1,1785533293
2026-07-31T21:28:45Z,631,5,4,18,0,0,1,1,1,1785532764
2026-07-31T21:28:45Z,632,18,1,3,2,0,1,1,1,1785532871
2026-07-31T21:28:45Z,633,11,3,1,3,0,1,1,1,1785530006
2026-07-31T21:28:45Z,634,12,2,7,0,0,1,1,1,1785532442
2026-07-31T21:28:45Z,635,17,0,2,0,0,1,1,1,1785532315
2026-07-31T21:28:45Z,636,7,2,8,0,0,1,1,1,1785526430
2026-07-31T21:28:45Z,637,9,2,8,2,0,1,1,1,1785531990
2026-07-31T21:28:45Z,638,10,2,7,2,0,1,1,1,1785533317
2026-07-31T21:28:45Z,639,10,2,7,2,0,1,1,1,1785532203
2026-07-31T21:28:45Z,640,5,5,16,2,0,1,1,1,1785533043
2026-07-31T21:28:45Z,641,4,0,23,0,0,1,1,1,1785533320
2026-07-31T21:28:45Z,642,7,3,4,8,0,1,1,1,1785533316
2026-07-31T21:28:45Z,643,4,0,15,8,0,1,1,1,1785533321
2026-07-31T21:28:45Z,644,13,1,1,1,0,1,1,1,1785531399
2026-07-31T21:28:45Z,645,15,1,6,1,1,1,1,1,1785533150
2026-07-31T21:28:45Z,646,3,1,16,0,0,1,1,1,1785532040
2026-07-31T21:28:45Z,647,6,1,25,0,0,1,1,1,1785533147
2026-07-31T21:28:45Z,648,4,0,14,1,0,1,1,1,1785531767
2026-07-31T21:28:45Z,649,2,1,28,1,0,1,1,1,1785532758
2026-07-31T21:28:45Z,650,5,1,9,0,0,1,1,1,1785531899
2026-07-31T21:28:45Z,651,5,4,18,0,0,1,1,1,1785533276
2026-07-31T21:28:45Z,652,4,2,16,3,0,1,1,1,1785533027
2026-07-31T21:28:45Z,653,2,1,17,0,0,1,1,1,1785530185
2026-07-31T21:28:45Z,654,1,1,14,0,0,1,1,1,1785532790
2026-07-31T21:28:45Z,655,8,4,0,4,1,1,1,1,1785533207
2026-07-31T21:28:45Z,656,4,2,15,0,0,1,1,1,1785533285
2026-07-31T21:28:45Z,657,11,4,2,2,2,1,1,1,1785533290
2026-07-31T21:28:45Z,658,8,1,2,0,0,1,1,1,1785530465
2026-07-31T21:28:45Z,659,7,5,6,2,0,1,1,1,1785529408
2026-07-31T21:28:45Z,660,21,6,6,4,0,1,1,1,1785533282
2026-07-31T21:28:45Z,661,10,4,9,0,0,1,1,1,1785533247
2026-07-31T21:28:45Z,662,4,2,15,4,0,1,1,1,1785533204
2026-07-31T21:28:45Z,663,5,1,10,0,0,1,1,1,1785533286
2026-07-31T21:28:45Z,664,15,0,12,0,0,1,1,1,1785532942
2026-07-31T21:28:45Z,665,9,4,6,0,0,1,1,1,1785532275
2026-07-31T21:28:45Z,666,6,2,6,3,0,1,1,1,1785533165
2026-07-31T21:28:45Z,667,17,2,0,2,0,1,1,1,1785533193
2026-07-31T21:28:45Z,668,3,0,16,0,0,1,1,1,1785533314
2026-07-31T21:28:45Z,669,12,3,0,2,0,1,1,1,1785533095
2026-07-31T21:28:45Z,670,17,0,8,2,0,1,1,1,1785531177
2026-07-31T21:28:45Z,671,23,3,4,0,0,1,1,1,1785533222
2026-07-31T21:28:45Z,672,10,1,10,2,1,1,1,1,1785533309
2026-07-31T21:28:45Z,673,11,0,12,0,0,1,1,1,1785532673
2026-07-31T21:28:45Z,674,1,0,20,2,0,1,1,1,1785533017
2026-07-31T21:28:45Z,675,1,1,12,2,0,1,1,1,1785532946
2026-07-31T21:28:45Z,676,8,0,13,1,0,1,1,1,1785532914
2026-07-31T21:28:45Z,681,9,0,4,1,1,1,1,1,1785533043
2026-07-31T21:28:45Z,682,6,1,13,0,0,1,1,1,1785529048
2026-07-31T21:28:45Z,683,1,1,18,0,0,1,1,1,1785527602
2026-07-31T21:28:45Z,684,3,1,24,0,0,1,1,1,1785518528
2026-07-31T21:28:45Z,685,4,0,21,1,1,1,1,1,1785531808
2026-07-31T21:28:45Z,686,10,0,14,3,0,1,1,1,1785533030
2026-07-31T21:28:45Z,687,12,1,17,1,1,1,1,1,1785533057
2026-07-31T21:28:45Z,688,12,1,7,0,0,1,1,1,1785532494
2026-07-31T21:28:45Z,692,1,0,20,0,0,1,1,1,1785532998
2026-07-31T21:28:45Z,693,6,0,2,3,0,1,1,1,1785532442
2026-07-31T21:28:45Z,694,10,5,11,0,0,1,1,1,1785532303
2026-07-31T21:28:45Z,695,5,4,18,0,0,1,1,1,1785532790
2026-07-31T21:28:45Z,696,14,11,9,0,0,1,1,1,1785532609
2026-07-31T21:28:45Z,697,19,6,3,1,0,1,1,1,1785533180
2026-07-31T21:28:45Z,698,27,0,0,0,0,1,1,1,1785533320
2026-07-31T21:28:45Z,699,5,0,9,1,0,1,1,1,1785532827
2026-07-31T21:28:45Z,700,17,0,0,2,0,1,1,1,1785533037
2026-07-31T21:28:45Z,701,13,2,6,0,0,1,1,1,1785532568
2026-07-31T21:28:45Z,702,5,1,17,1,0,1,1,1,1785533012
2026-07-31T21:28:45Z,704,3,0,12,0,0,1,1,1,1785532730
2026-07-31T21:28:45Z,705,2,1,13,0,0,1,1,1,1785533070
2026-07-31T21:28:45Z,706,4,1,9,2,0,1,1,1,1785532864
2026-07-31T21:28:45Z,707,7,1,8,0,0,1,1,1,1785532948
2026-07-31T21:28:45Z,708,12,1,6,1,0,1,1,1,1785533241
2026-07-31T21:28:45Z,709,4,0,8,3,0,1,1,1,1785533111
2026-07-31T21:28:45Z,710,1,0,17,1,0,1,1,1,1785532641
2026-07-31T21:28:45Z,711,5,2,15,3,0,1,1,1,1785532955
2026-07-31T21:28:45Z,712,9,8,5,1,0,1,1,1,1785533302
2026-07-31T21:28:45Z,713,1,1,22,0,0,1,1,1,1785532824
2026-07-31T21:28:45Z,716,4,3,11,0,0,1,1,1,1785532735
2026-07-31T21:28:45Z,717,2,1,21,2,0,1,1,1,1785533044
2026-07-31T21:28:45Z,718,7,1,6,2,0,1,1,1,1785532513
2026-07-31T21:28:45Z,719,6,1,23,0,0,1,1,1,1785533220
2026-07-31T21:28:45Z,720,0,0,19,0,0,1,1,1,1785533002
2026-07-31T21:28:45Z,721,5,0,15,3,0,1,1,1,1785532976
2026-07-31T21:28:45Z,722,7,1,8,0,0,1,1,1,1785532777
2026-07-31T21:28:45Z,723,14,2,9,0,0,1,1,1,1785532989
2026-07-31T21:28:45Z,724,10,3,12,1,0,1,1,1,1785532936
2026-07-31T21:28:45Z,725,1,0,21,1,0,1,1,1,1785531915
2026-07-31T21:28:45Z,726,6,0,12,1,0,1,1,1,1785532648
2026-07-31T21:28:45Z,727,10,5,12,1,0,1,1,1,1785532033
2026-07-31T21:28:45Z,728,9,0,5,1,0,1,1,1,1785533306
2026-07-31T21:28:45Z,729,2,0,17,0,0,1,1,1,1785532966
2026-07-31T21:28:45Z,730,0,0,12,3,0,1,1,1,1785532091
2026-07-31T21:28:45Z,731,5,3,8,2,0,1,1,1,1785533046
2026-07-31T21:28:45Z,732,3,2,12,0,0,1,1,1,1785532248
2026-07-31T21:28:45Z,733,10,2,17,0,0,1,1,1,1785533256
2026-07-31T21:28:45Z,734,5,2,9,0,0,1,1,1,1785532140
2026-07-31T21:28:45Z,735,18,10,9,0,0,1,1,1,1785532978
2026-07-31T21:28:45Z,736,12,1,7,0,0,1,1,1,1785532113
2026-07-31T21:28:45Z,737,2,1,12,0,1,1,1,1,1785531711
2026-07-31T21:28:45Z,738,16,5,3,0,0,1,1,1,1785533191
2026-07-31T21:28:45Z,739,17,0,9,1,0,1,1,1,1785533234
2026-07-31T21:28:45Z,741,7,0,16,0,0,1,1,1,1785531559
2026-07-31T21:28:45Z,742,17,10,16,2,0,1,1,1,1785533244
2026-07-31T21:28:45Z,743,5,2,14,0,0,1,1,1,1785533254
2026-07-31T21:28:45Z,744,8,1,7,0,0,1,1,1,1785533217
2026-07-31T21:28:45Z,745,11,4,8,0,0,1,1,1,1785532913
2026-07-31T21:28:45Z,746,3,2,19,1,0,1,1,1,1785533016
2026-07-31T21:28:45Z,747,0,0,4,0,0,0,1,1,1783446606
2026-07-31T21:28:45Z,748,8,0,15,0,0,1,1,1,1785532813
2026-07-31T21:28:45Z,749,2,0,21,0,0,1,1,1,1785533122
2026-07-31T21:28:45Z,750,5,2,5,1,0,1,1,1,1785532903
2026-07-31T21:28:45Z,751,16,14,7,0,0,1,1,1,1785533268
2026-07-31T21:28:45Z,752,2,0,14,1,0,1,1,1,1785532740
2026-07-31T21:28:45Z,753,0,0,14,1,0,1,1,1,1785532534
2026-07-31T21:28:45Z,754,7,2,8,0,0,1,1,1,1785532403
2026-07-31T21:28:45Z,755,12,2,10,1,0,1,1,1,1785532882
2026-07-31T21:28:45Z,756,6,6,30,1,0,1,1,1,1785533289
2026-07-31T21:28:45Z,757,0,0,19,0,0,1,1,1,1785533160
2026-07-31T21:28:45Z,758,4,2,19,0,0,1,1,1,1785533251
2026-07-31T21:28:45Z,759,0,0,0,0,0,1,1,1,86400
2026-07-31T21:28:45Z,760,9,2,10,0,0,1,1,1,1785531870
2026-07-31T21:28:45Z,761,2,0,21,0,0,1,1,1,1785533234
2026-07-31T21:28:45Z,762,4,2,6,5,0,1,1,1,1785533058
2026-07-31T21:28:45Z,768,7,0,8,4,0,1,1,1,1785532308
2026-07-31T21:28:45Z,769,14,11,4,1,0,1,1,1,1785533004
2026-07-31T21:28:45Z,770,6,2,11,2,0,1,1,1,1785531751
2026-07-31T21:28:45Z,771,12,1,2,1,0,1,1,1,1785533020
2026-07-31T21:28:45Z,772,0,0,15,0,0,1,1,1,1785532099
2026-07-31T21:28:45Z,773,16,2,3,0,0,1,1,1,1785532438
2026-07-31T21:28:45Z,774,7,1,4,4,0,1,1,1,1785532863
2026-07-31T21:28:45Z,775,6,1,11,1,1,1,1,1,1785533232
2026-07-31T21:28:45Z,776,1,0,19,1,0,1,1,1,1785532775
2026-07-31T21:28:45Z,777,11,3,4,0,0,1,1,1,1785533174
2026-07-31T21:28:45Z,778,12,0,3,4,0,1,1,1,1785531915
2026-07-31T21:28:45Z,779,6,0,12,1,0,1,1,1,1785532732
2026-07-31T21:28:45Z,780,1,1,18,0,0,1,1,1,1785533241
2026-07-31T21:28:45Z,781,3,1,6,2,0,1,1,1,1785532355
2026-07-31T21:28:45Z,782,0,0,15,4,0,1,1,1,1785533265
2026-07-31T21:28:45Z,783,8,2,11,0,0,1,1,1,1785533185
2026-07-31T21:28:45Z,784,4,0,15,0,0,1,1,1,1785532816
2026-07-31T21:28:45Z,785,9,2,4,6,0,1,1,1,1785532779
2026-07-31T21:28:45Z,786,10,5,9,0,0,1,1,1,1785532384
2026-07-31T21:28:45Z,787,3,2,11,1,0,1,1,1,1785532523
2026-07-31T21:28:45Z,788,5,1,10,0,0,1,1,1,1785532982
2026-07-31T21:28:45Z,789,7,2,4,4,0,1,1,1,1785533187
2026-07-31T21:28:45Z,790,2,0,21,0,0,1,1,1,1785532450
2026-07-31T21:28:45Z,791,12,1,6,0,1,1,1,1,1785533321
2026-07-31T21:28:45Z,793,4,0,10,1,0,1,1,1,1785533309
2026-07-31T21:28:45Z,794,15,2,11,3,0,1,1,1,1785533260
2026-07-31T21:28:45Z,796,5,3,13,1,0,1,1,1,1785533266
2026-07-31T21:28:45Z,797,5,2,10,0,0,1,1,1,1785530889
2026-07-31T21:28:45Z,798,18,0,6,1,0,1,1,1,1785533154
2026-07-31T21:28:45Z,799,14,2,1,4,0,1,1,1,1785533281
2026-07-31T21:28:45Z,800,1,0,19,1,0,1,1,1,1785532812
2026-07-31T21:28:45Z,801,2,2,18,1,0,1,1,1,1785533254
2026-07-31T21:28:45Z,802,9,0,22,0,0,1,1,1,1785532735
2026-07-31T21:28:45Z,803,2,0,13,0,0,1,1,1,1785532949
2026-07-31T21:28:45Z,806,3,3,11,1,0,1,1,1,1785533209
2026-07-31T21:28:45Z,807,10,5,12,3,0,1,1,1,1785533212
2026-07-31T21:28:45Z,808,19,6,4,2,0,1,1,1,1785533119
2026-07-31T21:28:45Z,809,4,1,18,1,0,1,1,1,1785533205
2026-07-31T21:28:45Z,810,4,2,13,2,0,1,1,1,1785531792
2026-07-31T21:28:45Z,815,7,2,2,5,1,1,1,1,1785533264
2026-07-31T21:28:45Z,817,10,6,5,0,0,1,1,1,1785532488
2026-07-31T21:28:45Z,818,6,1,17,0,0,1,1,1,1785532013
2026-07-31T21:28:45Z,819,7,4,8,0,0,1,1,1,1785532837
2026-07-31T21:28:45Z,820,9,0,8,0,0,1,1,1,1785532363
2026-07-31T21:28:45Z,821,3,3,12,0,0,1,1,1,1785533278
2026-07-31T21:28:45Z,822,2,0,20,1,0,1,1,1,1785533107
2026-07-31T21:28:45Z,823,15,2,0,0,0,1,1,1,1785532848
2026-07-31T21:28:45Z,824,7,3,12,0,0,1,1,1,1785533214
2026-07-31T21:28:45Z,825,5,4,9,1,0,1,1,1,1785533040
2026-07-31T21:28:45Z,826,7,1,10,2,0,1,1,1,1785532623
2026-07-31T21:28:45Z,827,18,4,1,2,0,1,1,1,1785531900
2026-07-31T21:28:45Z,828,12,1,4,2,0,1,1,1,1785533240
2026-07-31T21:28:45Z,829,17,6,10,0,0,1,1,1,1785532663
2026-07-31T21:28:45Z,830,15,0,7,1,0,1,1,1,1785532962
2026-07-31T21:28:45Z,831,7,3,6,2,0,1,1,1,1785532713
2026-07-31T21:28:45Z,832,7,3,8,3,0,1,1,1,1785533166
2026-07-31T21:28:45Z,833,2,1,16,1,0,1,1,1,1785533070
2026-07-31T21:28:45Z,834,14,0,8,2,0,1,1,1,1785532857
2026-07-31T21:28:45Z,835,4,1,12,2,0,1,1,1,1785533138
2026-07-31T21:28:45Z,838,0,0,13,2,0,1,1,1,1785532184
2026-07-31T21:28:45Z,839,18,0,11,0,0,1,1,1,1785532885
2026-07-31T21:28:45Z,840,0,0,28,1,0,1,1,1,1785532267
2026-07-31T21:28:45Z,841,8,2,7,0,0,1,1,1,1785533281
2026-07-31T21:28:45Z,842,2,0,21,0,0,1,1,1,1785532625
2026-07-31T21:28:45Z,843,14,2,17,0,0,1,1,1,1785533005
2026-07-31T21:28:45Z,844,4,0,19,0,0,1,1,1,1785532900
2026-07-31T21:28:45Z,845,4,3,13,2,0,1,1,1,1785532972
2026-07-31T21:28:45Z,846,3,1,15,1,0,1,1,1,1785532107
2026-07-31T21:28:45Z,847,6,1,20,1,0,1,1,1,1785532013
2026-07-31T21:28:45Z,848,2,1,16,1,0,1,1,1,1785532213
2026-07-31T21:28:45Z,849,8,0,6,1,0,1,1,1,1785531918
2026-07-31T21:28:45Z,850,5,0,6,0,0,1,1,1,1785532004
2026-07-31T21:28:45Z,851,5,4,29,3,0,1,1,1,1785533088
2026-07-31T21:28:45Z,852,9,3,10,0,0,1,1,1,1785532651
2026-07-31T21:28:45Z,853,11,5,12,0,0,1,1,1,1785531812
2026-07-31T21:28:45Z,854,2,1,13,0,0,1,1,1,1785531769
2026-07-31T21:28:45Z,855,26,0,1,0,0,1,1,1,1785533207
2026-07-31T21:28:45Z,857,5,5,12,2,0,1,1,1,1785532851
2026-07-31T21:28:45Z,858,5,2,13,1,0,1,1,1,1785533238
2026-07-31T21:28:45Z,859,8,0,12,1,0,1,1,1,1785531749
2026-07-31T21:28:45Z,861,6,0,4,1,0,1,1,1,1785528609
2026-07-31T21:28:45Z,862,4,2,11,0,0,1,1,1,1785532743
2026-07-31T21:28:45Z,863,13,0,5,1,0,1,1,1,1785529013
2026-07-31T21:28:45Z,866,12,3,7,0,0,1,1,1,1785533125
2026-07-31T21:28:45Z,867,14,2,1,0,0,1,1,1,1785532346
2026-07-31T21:28:45Z,868,7,0,8,0,0,1,1,1,1785532598
2026-07-31T21:28:45Z,870,8,5,7,0,0,1,1,1,1785532825
2026-07-31T21:28:45Z,871,0,0,10,1,0,1,1,1,1785532150
2026-07-31T21:28:45Z,872,1,0,13,1,0,1,1,1,1785532734
2026-07-31T21:28:45Z,873,8,0,24,1,0,1,1,1,1785533054
2026-07-31T21:28:45Z,874,5,0,7,3,0,1,1,1,1785532868
2026-07-31T21:28:45Z,875,12,8,1,2,0,1,1,1,1785532953
2026-07-31T21:28:45Z,877,13,12,6,0,0,1,1,1,1785532423
2026-07-31T21:28:45Z,878,3,3,16,0,0,1,1,1,1785532997
2026-07-31T21:28:45Z,879,2,0,17,0,0,1,1,1,1785532030
2026-07-31T21:28:45Z,880,3,0,19,1,0,1,1,1,1785533272
2026-07-31T21:28:45Z,881,3,0,16,0,0,1,1,1,1785532861
2026-07-31T21:28:45Z,882,10,4,8,1,0,1,1,1,1785532975
2026-07-31T21:28:45Z,883,8,4,11,0,0,1,1,1,1785533317
2026-07-31T21:28:45Z,884,10,6,11,0,0,1,1,1,1785532444
2026-07-31T21:28:45Z,885,0,0,19,0,0,1,1,1,1785532661
2026-07-31T21:28:45Z,886,5,1,23,1,0,1,1,1,1785532717
2026-07-31T21:28:45Z,887,8,4,6,3,0,1,1,1,1785533316
2026-07-31T21:28:45Z,888,4,0,34,3,0,1,1,1,1785533263
2026-07-31T21:28:45Z,889,2,1,15,2,0,1,1,1,1785532933
2026-07-31T21:28:45Z,890,8,4,7,0,0,1,1,1,1785527402
2026-07-31T21:28:45Z,891,20,0,2,1,0,1,1,1,1785532872
2026-07-31T21:28:45Z,892,12,1,3,0,0,1,1,1,1785533143
2026-07-31T21:28:45Z,895,2,0,17,0,0,1,1,1,1785532916
2026-07-31T21:28:45Z,896,9,2,26,0,0,1,1,1,1785532881
2026-07-31T21:28:45Z,897,14,1,7,0,0,1,1,1,1785532895
2026-07-31T21:28:45Z,898,2,0,17,0,0,1,1,1,1785532573
2026-07-31T21:28:45Z,899,5,1,13,1,0,1,1,1,1785533205
2026-07-31T21:28:45Z,900,9,2,18,0,0,1,1,1,1785533319
2026-07-31T21:28:45Z,901,1,0,17,1,0,1,1,1,1785531530
2026-07-31T21:28:45Z,902,5,1,10,0,0,1,1,1,1785532477
2026-07-31T21:28:45Z,903,7,2,11,1,0,1,1,1,1785532054
2026-07-31T21:28:45Z,904,10,4,8,1,0,1,1,1,1785532977
2026-07-31T21:28:45Z,905,10,1,16,1,0,1,1,1,1785533253
2026-07-31T21:28:45Z,906,18,7,8,1,0,1,1,1,1785532747
2026-07-31T21:28:45Z,907,10,0,21,0,0,1,1,1,1785533279
2026-07-31T21:28:45Z,908,11,2,12,0,0,1,1,1,1785532992
2026-07-31T21:28:45Z,909,8,8,15,0,0,1,1,1,1785533143
2026-07-31T21:28:45Z,910,12,0,15,4,0,1,1,1,1785533311
2026-07-31T21:28:45Z,911,4,1,15,0,0,1,1,1,1785532506
2026-07-31T21:28:45Z,912,6,1,16,1,0,1,1,1,1785533152
2026-07-31T21:28:45Z,913,6,4,13,0,0,1,1,1,1785532711
2026-07-31T21:28:45Z,914,17,0,0,2,0,1,1,1,1785533287
2026-07-31T21:28:45Z,915,12,0,8,3,0,1,1,1,1785533253
2026-07-31T21:28:45Z,916,0,0,23,0,0,1,1,1,1785533216
2026-07-31T21:28:45Z,917,7,0,27,1,0,1,1,1,1785533147
2026-07-31T21:28:45Z,918,0,0,17,2,0,1,1,1,1785532971
2026-07-31T21:28:45Z,919,31,1,6,2,0,1,1,1,1785533315
2026-07-31T21:28:45Z,920,7,2,12,0,0,1,1,1,1785533284
2026-07-31T21:28:45Z,921,10,0,11,0,0,1,1,1,1785533074
2026-07-31T21:28:45Z,922,2,0,19,0,0,1,1,1,1785533272
2026-07-31T21:28:45Z,923,13,4,6,0,0,1,1,1,1785533223
2026-07-31T21:28:45Z,924,5,0,15,1,0,1,1,1,1785531862
2026-07-31T21:28:45Z,925,11,0,10,0,0,1,1,1,1785533185
2026-07-31T21:28:45Z,926,1,0,20,0,0,1,1,1,1785533262
2026-07-31T21:28:45Z,927,26,3,9,0,0,1,1,1,1785533168
2026-07-31T21:28:45Z,928,0,0,19,0,0,0,1,1,1785500252
2026-07-31T21:28:45Z,929,14,0,9,0,0,1,1,1,1785533219
2026-07-31T21:28:45Z,930,8,0,22,1,0,1,1,1,1785533117
2026-07-31T21:28:45Z,931,3,2,19,1,0,1,1,1,1785533273
2026-07-31T21:28:45Z,932,3,0,14,2,0,1,1,1,1785533320
2026-07-31T21:28:45Z,933,16,1,6,1,0,1,1,1,1785533293
2026-07-31T21:28:45Z,934,23,0,7,1,0,1,1,1,1785533197
2026-07-31T21:28:45Z,935,5,0,13,1,0,1,1,1,1785533187
2026-07-31T21:28:45Z,936,7,0,12,0,0,1,1,1,1785532551
2026-07-31T21:28:45Z,940,2,0,8,1,0,1,1,1,1785533305
2026-07-31T21:28:45Z,941,17,2,5,3,0,1,1,1,1785533287
2026-07-31T21:28:45Z,942,16,0,5,0,0,1,1,1,1785532712
2026-07-31T21:28:45Z,943,8,8,7,0,0,1,1,1,1785532815
2026-07-31T21:28:45Z,944,10,8,5,0,0,1,1,1,1785532662
2026-07-31T21:28:45Z,945,10,8,5,0,0,1,1,1,1785532186
2026-07-31T21:28:45Z,946,7,5,12,0,0,1,1,1,1785523835
2026-07-31T21:28:45Z,947,5,3,12,0,0,1,1,1,1785533122
2026-07-31T21:28:45Z,948,14,12,12,5,0,1,1,1,1785533234
2026-07-31T21:28:45Z,949,6,6,8,1,0,1,1,1,1785533290
2026-07-31T21:28:45Z,950,7,2,9,1,0,1,1,1,1785532742
2026-07-31T21:28:45Z,951,18,6,5,0,0,1,1,1,1785532974
2026-07-31T21:28:45Z,952,23,0,31,1,0,1,1,1,1785533032
2026-07-31T21:28:45Z,953,2,0,12,1,0,1,1,1,1785533274
2026-07-31T21:28:45Z,954,7,0,12,0,0,1,1,1,1785532826
2026-07-31T21:28:45Z,955,7,4,14,6,0,1,1,1,1785532069
2026-07-31T21:28:45Z,956,11,1,11,1,0,1,1,1,1785533285
2026-07-31T21:28:45Z,957,13,2,16,0,0,1,1,1,1785533256
2026-07-31T21:28:45Z,958,29,0,0,2,0,1,1,1,1785533320
2026-07-31T21:28:45Z,959,4,1,18,1,0,1,1,1,1785533125
2026-07-31T21:28:45Z,960,2,2,21,0,0,1,1,1,1785533297
2026-07-31T21:28:45Z,961,3,0,17,3,0,1,1,1,1785532979
2026-07-31T21:28:45Z,962,8,2,24,3,0,1,1,1,1785532453
2026-07-31T21:28:45Z,963,6,0,16,1,0,1,1,1,1785533319
2026-07-31T21:28:45Z,964,12,10,11,0,0,1,1,1,1785532771
2026-07-31T21:28:45Z,965,11,6,15,1,0,1,1,1,1785533082
2026-07-31T21:28:45Z,966,9,0,20,2,0,1,1,1,1785533174
2026-07-31T21:28:45Z,967,13,0,6,2,0,1,1,1,1785533010
2026-07-31T21:28:45Z,968,13,0,5,1,0,1,1,1,1785532700
2026-07-31T21:28:45Z,969,1,0,24,2,0,1,1,1,1785533139
2026-07-31T21:28:45Z,970,1,1,17,1,0,1,1,1,1785533040
2026-07-31T21:28:45Z,971,1,0,21,1,0,1,1,1,1785533051
2026-07-31T21:28:45Z,972,12,4,10,1,0,1,1,1,1785532699
2026-07-31T21:28:45Z,973,4,0,18,1,0,1,1,1,1785533143
2026-07-31T21:28:45Z,974,15,0,12,0,0,1,1,1,1785533277
2026-07-31T21:28:45Z,977,2,0,17,2,0,1,1,1,1785533281
2026-07-31T21:28:45Z,978,18,0,5,0,0,1,1,1,1785532571
2026-07-31T21:28:45Z,979,0,0,17,0,0,1,1,1,1785533292
2026-07-31T21:28:45Z,980,1,1,19,1,0,1,1,1,1785533088
2026-07-31T21:28:45Z,981,9,0,12,0,0,1,1,1,1785532474
2026-07-31T21:28:45Z,982,4,1,14,1,0,1,1,1,1785532740
2026-07-31T21:28:45Z,983,2,2,21,0,0,1,1,1,1785533207
2026-07-31T21:28:45Z,984,6,0,17,0,0,1,1,1,1785532543
2026-07-31T21:28:45Z,985,7,0,23,1,0,1,1,1,1785533318
2026-07-31T21:28:45Z,986,3,0,16,0,0,1,1,1,1785532742
2026-07-31T21:28:45Z,987,7,1,16,0,0,1,1,1,1785533320
2026-07-31T21:28:45Z,988,6,4,13,0,0,1,1,1,1785532913
2026-07-31T21:28:45Z,989,7,4,12,0,0,1,1,1,1785531894
2026-07-31T21:28:45Z,990,12,0,2,1,0,1,1,1,1785532903
2026-07-31T21:28:45Z,991,9,0,9,1,0,1,1,1,1785532648
2026-07-31T21:28:45Z,992,9,5,14,0,0,1,1,1,1785531718
2026-07-31T21:28:45Z,993,5,4,21,1,0,1,1,1,1785532936
2026-07-31T21:28:45Z,994,0,0,21,0,0,1,1,1,1785531963
2026-07-31T21:28:45Z,995,6,0,21,0,0,1,1,1,1785532992
2026-07-31T21:28:45Z,996,8,2,15,0,0,1,1,1,1785532822
2026-07-31T21:28:45Z,997,5,4,6,9,3,1,1,1,1785531647
2026-07-31T21:28:45Z,998,5,4,18,0,0,1,1,1,1785533080
2026-07-31T21:28:45Z,999,4,1,15,1,1,1,1,1,1785532944
2026-07-31T21:28:45Z,1000,0,0,21,0,0,1,1,1,1785531806
2026-07-31T21:28:45Z,1001,5,3,22,0,0,1,1,1,1785533147
2026-07-31T21:28:45Z,1002,3,2,27,1,0,1,1,1,1785533180
2026-07-31T21:28:45Z,1003,1,0,22,0,0,1,1,1,1785532717
2026-07-31T21:28:45Z,1004,8,2,15,0,0,1,1,1,1785533013
2026-07-31T21:28:45Z,1005,20,1,3,0,0,1,1,1,1785532907
2026-07-31T21:28:45Z,1006,8,4,11,0,0,1,1,1,1785532713
2026-07-31T21:28:45Z,1007,1,1,20,0,0,1,1,1,1785532358
2026-07-31T21:28:45Z,1008,8,7,15,0,0,1,1,1,1785531894
2026-07-31T21:28:45Z,1009,22,5,8,1,0,1,1,1,1785531804
2026-07-31T21:28:45Z,1010,8,2,19,0,0,1,1,1,1785532621
2026-07-31T21:28:45Z,1011,7,2,10,2,0,1,1,1,1785533084
2026-07-31T21:28:45Z,1012,5,3,16,2,0,1,1,1,1785532679
2026-07-31T21:28:45Z,1013,4,1,18,1,0,1,1,1,1785533238
2026-07-31T21:28:45Z,1014,8,4,15,0,0,1,1,1,1785533205
2026-07-31T21:28:45Z,1015,4,3,26,1,0,1,1,1,1785531733
2026-07-31T21:28:45Z,1016,10,5,21,0,0,1,1,1,1785532632
2026-07-31T21:28:45Z,1017,13,5,8,0,0,1,1,1,1785532071
2026-07-31T21:28:45Z,1018,6,2,16,0,0,1,1,1,1785532758
2026-07-31T21:28:45Z,1019,8,5,7,0,0,1,1,1,1785532623
2026-07-31T21:28:45Z,1020,19,5,2,0,0,1,1,1,1785531937
2026-07-31T21:28:45Z,1021,9,4,6,0,0,1,1,1,1785531609
2026-07-31T21:28:45Z,1022,14,0,13,0,0,1,1,1,1785532892
2026-07-31T21:28:45Z,1023,14,2,9,0,0,1,1,1,1785532512
2026-07-31T21:28:45Z,1024,4,2,15,0,0,1,1,1,1785531662
2026-07-31T21:28:45Z,1025,4,0,14,0,1,1,1,1,1785532872
2026-07-31T21:28:45Z,1026,12,9,18,1,0,1,1,1,1785532253
2026-07-31T21:28:45Z,1028,3,1,20,0,0,1,1,1,1785532853
2026-07-31T21:28:45Z,1029,12,10,3,0,0,1,1,1,1785531918
2026-07-31T21:28:45Z,1030,13,4,10,0,0,1,1,1,1785531731
2026-07-31T21:28:45Z,1031,9,1,10,0,0,1,1,1,1785532039
2026-07-31T21:28:45Z,1032,7,1,12,0,0,1,1,1,1785532711
2026-07-31T21:28:45Z,1033,9,5,10,0,0,1,1,1,1785531719
2026-07-31T21:28:45Z,1034,3,0,12,0,0,1,1,1,1785532690
2026-07-31T21:28:45Z,1035,0,0,18,1,0,1,1,1,1785532718
2026-07-31T21:28:45Z,1036,13,0,2,0,0,1,1,1,1785533270
2026-07-31T21:28:45Z,1037,0,0,18,1,0,1,1,1,1785533085
2026-07-31T21:28:45Z,1038,1,0,14,0,0,1,1,1,1785532381
2026-07-31T21:28:45Z,1039,7,0,12,0,0,1,1,1,1785532861
2026-07-31T21:28:45Z,1040,7,5,12,0,0,1,1,1,1785532764
2026-07-31T21:28:45Z,1041,10,2,9,0,0,1,1,1,1785532631
2026-07-31T21:28:45Z,1042,3,0,11,1,0,1,1,1,1785532789
2026-07-31T21:28:45Z,1043,8,5,10,1,0,1,1,1,1785533093
2026-07-31T21:28:45Z,1044,1,0,14,0,0,1,1,1,1785532437
2026-07-31T21:28:45Z,1045,9,0,10,0,0,1,1,1,1785532693
2026-07-31T21:28:45Z,1046,9,0,6,0,0,1,1,1,1785532062
2026-07-31T21:28:45Z,1047,4,0,17,0,0,1,1,1,1785531665
2026-07-31T21:28:45Z,1048,1,0,18,0,0,1,1,1,1785532672
2026-07-31T21:28:45Z,1049,0,0,21,0,0,1,1,1,1785532778
2026-07-31T21:28:45Z,1050,20,5,1,0,0,1,1,1,1785533294
2026-07-31T21:28:45Z,1051,8,3,13,0,0,1,1,1,1785531934
2026-07-31T21:28:45Z,1052,16,1,5,1,0,1,1,1,1785532570
2026-07-31T21:28:45Z,1053,2,1,13,0,0,1,1,1,1785532573
2026-07-31T21:28:45Z,1054,5,1,10,0,0,1,1,1,1785532820
2026-07-31T21:28:45Z,1055,9,2,10,0,0,1,1,1,1785532842
2026-07-31T21:28:45Z,1057,6,0,13,0,0,1,1,1,1785533171
2026-07-31T21:28:45Z,1058,18,1,38,0,0,1,1,1,1785533182
2026-07-31T21:28:45Z,1059,1,1,17,1,0,1,1,1,1785532695
2026-07-31T21:28:45Z,1060,15,0,22,0,0,1,1,1,1785533320
2026-07-31T21:28:45Z,1061,16,0,21,0,0,1,1,1,1785533022
2026-07-31T21:28:45Z,1062,8,1,9,0,0,1,1,1,1785533164
2026-07-31T21:28:45Z,1063,12,1,6,1,0,1,1,1,1785532753
2026-07-31T21:28:45Z,1064,3,0,19,1,0,1,1,1,1785533123
2026-07-31T21:28:45Z,1065,16,3,7,0,0,1,1,1,1785531551
2026-07-31T21:28:45Z,1066,12,2,11,0,0,1,1,1,1785533187
2026-07-31T21:28:45Z,1067,8,2,13,2,0,1,1,1,1785531646
2026-07-31T21:28:45Z,1068,5,2,15,3,0,1,1,1,1785533002
2026-07-31T21:28:45Z,1069,12,3,11,0,0,1,1,1,1785533001
2026-07-31T21:28:45Z,1070,12,2,11,0,0,1,1,1,1785533105
2026-07-31T21:28:45Z,1071,8,4,15,0,0,1,1,1,1785533140
2026-07-31T21:28:45Z,1072,11,1,11,1,0,1,1,1,1785531732
2026-07-31T21:28:45Z,1073,4,0,22,1,0,1,1,1,1785533247
2026-07-31T21:28:45Z,1074,28,2,22,3,0,1,1,1,1785533319
2026-07-31T21:28:45Z,1075,7,7,14,0,0,1,1,1,1785532032
2026-07-31T21:28:45Z,1076,13,10,8,0,0,1,1,1,1785533044
2026-07-31T21:28:45Z,1077,11,7,9,1,0,1,1,1,1785531596
2026-07-31T21:28:45Z,1078,10,9,11,0,0,1,1,1,1785531991
2026-07-31T21:28:45Z,1079,14,10,7,0,0,1,1,1,1785532611
2026-07-31T21:28:45Z,1080,11,8,8,2,0,1,1,1,1785532539
2026-07-31T21:28:45Z,1081,13,7,6,0,0,1,1,1,1785531724
2026-07-31T21:28:45Z,1082,12,11,11,0,0,1,1,1,1785533261
2026-07-31T21:28:45Z,1083,12,10,9,0,0,1,1,1,1785532882
2026-07-31T21:28:45Z,1084,9,7,12,0,0,1,1,1,1785532497
2026-07-31T21:28:45Z,1085,12,9,9,0,0,1,1,1,1785532206
2026-07-31T21:28:45Z,1086,11,9,9,1,0,1,1,1,1785532899
2026-07-31T21:28:45Z,1087,6,6,9,0,0,1,1,1,1785533089
2026-07-31T21:28:45Z,1088,10,7,5,0,0,1,1,1,1785532754
2026-07-31T21:28:45Z,1089,7,3,8,0,0,1,1,1,1785529453
2026-07-31T21:28:45Z,1090,7,6,8,0,0,1,1,1,1785531688
2026-07-31T21:28:45Z,1091,7,5,8,0,0,1,1,1,1785531889
2026-07-31T21:28:45Z,1092,9,8,5,1,0,1,1,1,1785533301
2026-07-31T21:28:45Z,1093,5,5,9,1,0,1,1,1,1785531962
2026-07-31T21:28:45Z,1094,10,9,9,0,0,1,1,1,1785532704
2026-07-31T21:28:45Z,1095,10,8,5,0,0,1,1,1,1785532680
2026-07-31T21:28:45Z,1096,11,8,8,0,0,1,1,1,1785533080
2026-07-31T21:28:45Z,1097,8,8,7,0,0,1,1,1,1785533271
2026-07-31T21:28:45Z,1098,9,7,10,0,0,1,1,1,1785532310
2026-07-31T21:28:45Z,1099,7,6,8,0,0,1,1,1,1785532540
2026-07-31T21:28:45Z,1100,6,4,23,0,0,1,1,1,1785532207
2026-07-31T21:28:45Z,1101,10,5,11,0,0,1,1,1,1785532466
2026-07-31T21:28:45Z,1102,9,4,4,0,0,1,1,1,1785531668
2026-07-31T21:28:45Z,1103,11,5,10,0,0,1,1,1,1785503681
2026-07-31T21:28:45Z,1104,11,6,10,0,0,1,1,1,1785532216
2026-07-31T21:28:45Z,1105,8,4,5,0,0,1,1,1,1785531551
2026-07-31T21:28:45Z,1106,10,5,11,0,0,1,1,1,1785532558
2026-07-31T21:28:45Z,1107,9,5,6,0,0,1,1,1,1785532801
2026-07-31T21:28:45Z,1108,8,4,16,2,1,1,1,1,1785531581
2026-07-31T21:28:45Z,1109,7,3,8,0,0,1,1,1,1785532744
2026-07-31T21:28:45Z,1110,11,3,10,0,0,1,1,1,1785532884
2026-07-31T21:28:45Z,1111,12,5,8,1,0,1,1,1,1785532759
2026-07-31T21:28:45Z,1112,22,0,31,0,0,1,1,1,1785532978
2026-07-31T21:28:45Z,1113,1,0,20,0,0,1,1,1,1785531999
2026-07-31T21:28:45Z,1115,11,1,8,4,0,1,1,1,1785533282
2026-07-31T21:28:45Z,1116,2,0,17,0,0,1,1,1,1785532730
2026-07-31T21:28:45Z,1117,2,1,19,2,0,1,1,1,1785533161
2026-07-31T21:28:45Z,1118,14,0,7,0,0,1,1,1,1785533131
2026-07-31T21:28:45Z,1119,7,2,10,0,0,1,1,1,1785532976
2026-07-31T21:28:45Z,1120,5,1,13,1,0,1,1,1,1785532821
2026-07-31T21:28:45Z,1121,4,0,16,1,0,1,1,1,1785533085
2026-07-31T21:28:45Z,1122,5,1,15,1,0,1,1,1,1785533305
2026-07-31T21:28:45Z,1123,10,8,11,2,0,1,1,1,1785532958
2026-07-31T21:28:45Z,1124,1,1,12,2,0,1,1,1,1785532483
2026-07-31T21:28:45Z,1125,16,1,7,0,0,1,1,1,1785533105
2026-07-31T21:28:45Z,1126,9,0,12,0,0,1,1,1,1785533295
2026-07-31T21:28:45Z,1127,2,2,17,0,0,1,1,1,1785533047
2026-07-31T21:28:45Z,1128,1,0,14,0,0,1,1,1,1785532697
2026-07-31T21:28:45Z,1129,2,1,17,2,0,1,1,1,1785532796
2026-07-31T21:28:45Z,1130,4,0,8,3,0,1,1,1,1785533317
2026-07-31T21:28:45Z,1131,2,1,46,1,0,1,1,1,1785532866
2026-07-31T21:28:45Z,1132,10,4,10,1,0,1,1,1,1785533184
2026-07-31T21:28:45Z,1133,7,5,10,4,0,1,1,1,1785533305
2026-07-31T21:28:45Z,1134,12,6,7,0,0,1,1,1,1785533242
2026-07-31T21:28:45Z,1135,12,6,9,0,0,1,1,1,1785532363
2026-07-31T21:28:45Z,1136,15,1,8,0,0,1,1,1,1785532939
2026-07-31T21:28:45Z,1137,12,0,3,0,0,1,1,1,1785532615
2026-07-31T21:28:45Z,1138,5,0,14,0,0,1,1,1,1785532967
2026-07-31T21:28:45Z,1139,11,2,8,2,0,1,1,1,1785533242
2026-07-31T21:28:45Z,1140,1,0,20,2,0,1,1,1,1785533158
2026-07-31T21:28:45Z,1141,5,2,16,0,0,1,1,1,1785533187
2026-07-31T21:28:45Z,1142,3,0,18,0,0,1,1,1,1785532696
2026-07-31T21:28:45Z,1143,21,0,8,0,0,1,1,1,1785533246
2026-07-31T21:28:45Z,1144,6,0,14,1,0,1,1,1,1785532748
2026-07-31T21:28:45Z,1145,11,5,9,1,0,1,1,1,1785533139
2026-07-31T21:28:45Z,1146,9,6,6,4,0,1,1,1,1785533316
2026-07-31T21:28:45Z,1147,12,1,7,0,0,1,1,1,1785533272
2026-07-31T21:28:45Z,1148,9,0,22,0,0,1,1,1,1785533315
2026-07-31T21:28:45Z,1149,6,6,15,4,0,1,1,1,1785532520
2026-07-31T21:28:45Z,1150,9,0,10,0,0,1,1,1,1785533123
2026-07-31T21:28:45Z,1151,7,0,14,0,0,1,1,1,1785531575
2026-07-31T21:28:45Z,1152,3,0,26,0,0,1,1,1,1785532759
2026-07-31T21:28:45Z,1153,20,1,2,1,0,1,1,1,1785533294
2026-07-31T21:28:45Z,1154,4,0,15,0,0,1,1,1,1785532629
2026-07-31T21:28:45Z,1155,6,4,11,4,0,1,1,1,1785533299
2026-07-31T21:28:45Z,1158,3,1,16,0,0,1,1,1,1785532615
2026-07-31T21:28:45Z,1159,12,0,7,0,0,1,1,1,1785532977
2026-07-31T21:28:45Z,1160,9,2,10,0,0,1,1,1,1785533053
2026-07-31T21:28:45Z,1161,3,0,15,1,0,1,1,1,1785533112
2026-07-31T21:28:45Z,1162,3,1,16,0,0,1,1,1,1785532310
2026-07-31T21:28:45Z,1163,2,1,16,1,0,1,1,1,1785532735
2026-07-31T21:28:45Z,1164,5,1,14,0,0,1,1,1,1785532792
2026-07-31T21:28:45Z,1165,1,0,20,0,0,1,1,1,1785531721
2026-07-31T21:28:45Z,1166,13,3,7,1,0,1,1,1,1785533075
2026-07-31T21:28:45Z,1167,4,0,11,0,0,1,1,1,1785532463
2026-07-31T21:28:45Z,1168,3,0,18,2,0,1,1,1,1785533029
2026-07-31T21:28:45Z,1169,3,0,15,1,0,1,1,1,1785532637
2026-07-31T21:28:45Z,1170,7,1,14,0,0,1,1,1,1785533036
2026-07-31T21:28:45Z,1171,9,8,14,0,0,1,1,1,1785532738
2026-07-31T21:28:45Z,1172,5,0,8,2,0,1,1,1,1785532785
2026-07-31T21:28:45Z,1173,13,4,6,0,0,1,1,1,1785532896
2026-07-31T21:28:45Z,1174,6,3,9,0,0,1,1,1,1785532539
2026-07-31T21:28:45Z,1175,5,3,14,0,0,1,1,1,1785531043
2026-07-31T21:28:45Z,1176,8,2,13,0,0,1,1,1,1785532121
2026-07-31T21:28:45Z,1177,3,1,18,0,0,1,1,1,1785532053
2026-07-31T21:28:45Z,1178,5,2,10,0,0,1,1,1,1785532462
2026-07-31T21:28:45Z,1181,13,0,2,0,0,1,1,1,1785533261
2026-07-31T21:28:45Z,1182,19,2,0,1,0,1,1,1,1785533319
2026-07-31T21:28:45Z,1183,13,0,30,2,0,1,1,1,1785532878
2026-07-31T21:28:45Z,1184,3,2,16,2,0,1,1,1,1785533139
2026-07-31T21:28:45Z,1185,10,6,11,0,0,1,1,1,1785532845
2026-07-31T21:28:45Z,1186,9,5,10,0,0,1,1,1,1785533166
2026-07-31T21:28:45Z,1187,10,5,10,1,0,1,1,1,1785531590
2026-07-31T21:28:45Z,1188,10,5,5,0,0,1,1,1,1785532799
2026-07-31T21:28:45Z,1189,8,3,11,0,0,1,1,1,1785532929
2026-07-31T21:28:45Z,1190,9,4,12,0,0,1,1,1,1785532345
2026-07-31T21:28:45Z,1191,10,5,5,0,0,1,1,1,1785532803
2026-07-31T21:28:45Z,1192,11,7,9,1,0,1,1,1,1785532709
2026-07-31T21:28:45Z,1193,6,4,5,2,0,1,1,1,1785531751
2026-07-31T21:28:45Z,1197,9,6,7,1,0,1,1,1,1785532891
2026-07-31T21:28:45Z,1198,13,4,6,2,0,1,1,1,1785533235
2026-07-31T21:28:45Z,1199,3,0,16,0,0,1,1,1,1785533222
2026-07-31T21:28:45Z,1200,9,5,6,0,0,1,1,1,1785532839
2026-07-31T21:28:45Z,1201,9,4,6,0,0,1,1,1,1785532814
2026-07-31T21:28:45Z,1202,10,5,5,0,0,1,1,1,1785532915
2026-07-31T21:28:45Z,1203,11,5,4,0,0,1,1,1,1785532820
2026-07-31T21:28:45Z,1204,7,4,12,0,0,1,1,1,1785532596
2026-07-31T21:28:45Z,1206,11,5,10,0,0,1,1,1,1785531836
2026-07-31T21:28:45Z,1207,8,4,6,1,0,1,1,1,1785533132
2026-07-31T21:28:45Z,1208,10,4,9,0,0,1,1,1,1785533078
2026-07-31T21:28:45Z,1216,9,0,11,1,0,1,1,1,1785532051
2026-07-31T21:28:45Z,1218,4,0,17,0,0,1,1,1,1785532449
2026-07-31T21:28:45Z,1219,2,1,10,3,0,1,1,1,1785532723
2026-07-31T21:28:45Z,1220,17,6,2,0,0,1,1,1,1785532089
2026-07-31T21:28:45Z,1221,1,1,19,1,0,1,1,1,1785531801
2026-07-31T21:28:45Z,1222,12,2,17,0,0,1,1,1,1785532842
2026-07-31T21:28:45Z,1223,28,0,0,1,0,1,1,1,1785532922
2026-07-31T21:28:45Z,1226,0,0,3,0,0,0,1,1,1781868931
2026-07-31T21:28:45Z,1227,5,0,19,1,0,1,1,1,1785533136
2026-07-31T21:28:45Z,1228,2,2,27,0,0,1,1,1,1785533291
2026-07-31T21:28:45Z,1229,42,2,2,1,0,1,1,1,1785533316
2026-07-31T21:33:45Z,1,8,1,15,0,0,1,1,1,1785532638
2026-07-31T21:33:45Z,2,19,0,5,3,0,1,1,1,1785533609
2026-07-31T21:33:45Z,3,10,2,3,1,0,1,1,1,1785533602
2026-07-31T21:33:45Z,4,20,0,1,1,0,1,1,1,1785533395
2026-07-31T21:33:45Z,5,17,3,4,2,0,1,1,1,1785532893
2026-07-31T21:33:45Z,6,2,0,13,0,0,1,1,1,1785533143
2026-07-31T21:33:45Z,7,11,0,28,0,0,1,1,1,1785533169
2026-07-31T21:33:45Z,8,13,1,30,0,0,1,1,1,1785533268
2026-07-31T21:33:45Z,9,15,1,8,0,0,1,1,1,1785533508
2026-07-31T21:33:45Z,10,2,1,19,2,0,1,1,1,1785532806
2026-07-31T21:33:45Z,11,7,1,10,2,0,1,1,1,1785533405
2026-07-31T21:33:45Z,12,22,0,1,0,0,1,1,1,1785533618
2026-07-31T21:33:45Z,13,13,0,17,0,0,1,1,1,1785533465
2026-07-31T21:33:45Z,14,40,0,2,0,1,1,1,1,1785533468
2026-07-31T21:33:45Z,15,3,0,12,0,0,1,1,1,1785533374
2026-07-31T21:33:45Z,16,1,0,23,2,1,1,1,1,1785532711
2026-07-31T21:33:45Z,17,13,0,13,1,0,1,1,1,1785533445
2026-07-31T21:33:45Z,18,6,0,10,2,0,1,1,1,1785533463
2026-07-31T21:33:45Z,19,9,3,16,2,0,1,1,1,1785533304
2026-07-31T21:33:45Z,20,21,3,14,0,0,1,1,1,1785533577
2026-07-31T21:33:45Z,21,1,0,16,2,0,1,1,1,1785533568
2026-07-31T21:33:45Z,22,22,0,43,0,0,1,1,1,1785533577
2026-07-31T21:33:45Z,23,15,7,15,1,0,1,1,1,1785533261
2026-07-31T21:33:45Z,24,5,1,5,1,0,1,1,1,1785533617
2026-07-31T21:33:45Z,25,74,2,5,2,0,1,1,1,1785533441
2026-07-31T21:33:45Z,26,23,0,4,0,0,1,1,1,1785533619
2026-07-31T21:33:45Z,28,10,1,5,0,0,1,1,1,1785532880
2026-07-31T21:33:45Z,30,9,0,18,2,0,1,1,1,1785533453
2026-07-31T21:33:45Z,31,10,0,7,2,0,1,1,1,1785533483
2026-07-31T21:33:45Z,32,13,1,14,0,0,1,1,1,1785533599
2026-07-31T21:33:45Z,34,21,1,15,1,0,1,1,1,1785533568
2026-07-31T21:33:45Z,35,22,2,24,1,0,1,1,1,1785533613
2026-07-31T21:33:45Z,36,0,0,0,0,0,0,1,1,86400
2026-07-31T21:33:45Z,37,12,1,11,0,0,1,1,1,1785533384
2026-07-31T21:33:45Z,38,3,0,20,0,0,1,1,1,1785533522
2026-07-31T21:33:45Z,39,15,3,24,0,0,1,1,1,1785533297
2026-07-31T21:33:45Z,40,8,2,13,0,0,1,1,1,1785533351
2026-07-31T21:33:45Z,41,28,0,15,0,0,1,1,1,1785533323
2026-07-31T21:33:45Z,42,4,3,26,1,0,1,1,1,1785533513
2026-07-31T21:33:45Z,43,9,1,14,0,0,1,1,1,1785533512
2026-07-31T21:33:45Z,45,5,0,24,0,0,1,1,1,1785533570
2026-07-31T21:33:45Z,46,1,0,26,4,0,1,1,1,1785533466
2026-07-31T21:33:45Z,47,4,1,10,1,0,1,1,1,1785533620
2026-07-31T21:33:45Z,48,19,0,8,0,0,1,1,1,1785533622
2026-07-31T21:33:45Z,49,0,0,19,4,0,1,1,1,1785533619
2026-07-31T21:33:45Z,50,3,3,15,1,0,1,1,1,1785533374
2026-07-31T21:33:45Z,51,44,0,33,0,0,1,1,1,1785532841
2026-07-31T21:33:45Z,52,2,1,22,3,0,1,1,1,1785533564
2026-07-31T21:33:45Z,55,5,1,18,0,0,1,1,1,1785533609
2026-07-31T21:33:45Z,56,15,2,28,0,0,1,1,1,1785533581
2026-07-31T21:33:45Z,57,5,0,22,0,0,1,1,1,1785533557
2026-07-31T21:33:45Z,58,0,0,28,0,0,1,1,1,1785532323
2026-07-31T21:33:45Z,59,21,0,4,2,0,1,1,1,1785533584
2026-07-31T21:33:45Z,61,32,0,7,0,0,1,1,1,1785533150
2026-07-31T21:33:45Z,62,35,17,13,1,0,1,1,1,1785533350
2026-07-31T21:33:45Z,63,14,1,5,0,0,1,1,1,1785533490
2026-07-31T21:33:45Z,64,12,1,3,4,0,1,1,1,1785530968
2026-07-31T21:33:45Z,65,9,4,9,1,0,1,1,1,1785533397
2026-07-31T21:33:45Z,67,27,0,11,1,0,1,1,1,1785533596
2026-07-31T21:33:45Z,68,35,1,1,1,0,1,1,1,1785533332
2026-07-31T21:33:45Z,69,5,0,10,0,0,1,1,1,1785533597
2026-07-31T21:33:45Z,71,14,3,10,3,0,1,1,1,1785533623
2026-07-31T21:33:45Z,72,24,5,4,2,1,1,1,1,1785533508
2026-07-31T21:33:45Z,73,4,1,27,0,0,1,1,1,1785533561
2026-07-31T21:33:45Z,74,1,1,18,0,0,1,1,1,1785533471
2026-07-31T21:33:45Z,75,7,0,24,1,0,1,1,1,1785533433
2026-07-31T21:33:45Z,76,7,0,11,1,0,1,1,1,1785533621
2026-07-31T21:33:45Z,77,6,0,21,0,0,1,1,1,1785533513
2026-07-31T21:33:45Z,78,6,2,17,0,0,1,1,1,1785533400
2026-07-31T21:33:45Z,79,0,0,16,1,0,1,1,1,1785533533
2026-07-31T21:33:45Z,80,12,2,8,3,0,1,1,1,1785533372
2026-07-31T21:33:45Z,81,2,0,29,0,0,1,1,1,1785533319
2026-07-31T21:33:45Z,82,10,7,12,1,0,1,1,1,1785533576
2026-07-31T21:33:45Z,83,0,0,31,3,0,1,1,1,1785533615
2026-07-31T21:33:45Z,84,1,1,26,0,0,1,1,1,1785533559
2026-07-31T21:33:45Z,85,11,0,4,0,0,1,1,1,1785533385
2026-07-31T21:33:45Z,86,3,2,24,0,0,1,1,1,1785533388
2026-07-31T21:33:45Z,87,0,0,19,0,0,1,1,1,1785533075
2026-07-31T21:33:45Z,88,9,1,33,1,0,1,1,1,1785533470
2026-07-31T21:33:45Z,89,30,2,4,1,0,1,1,1,1785533513
2026-07-31T21:33:45Z,90,9,1,8,1,0,1,1,1,1785533618
2026-07-31T21:33:45Z,91,0,0,16,1,0,1,1,1,1785533585
2026-07-31T21:33:45Z,92,3,1,13,3,0,1,1,1,1785533504
2026-07-31T21:33:45Z,93,5,0,18,0,0,1,1,1,1785532624
2026-07-31T21:33:45Z,94,13,0,5,1,0,1,1,1,1785531042
2026-07-31T21:33:45Z,95,1,0,31,2,1,1,1,1,1785533616
2026-07-31T21:33:45Z,96,13,2,17,1,0,1,1,1,1785533426
2026-07-31T21:33:45Z,97,0,0,15,2,0,1,1,1,1785533562
2026-07-31T21:33:45Z,98,30,8,5,0,0,1,1,1,1785533609
2026-07-31T21:33:45Z,99,9,1,6,0,0,1,1,1,1785533414
2026-07-31T21:33:45Z,100,3,0,24,0,0,1,1,1,1785533572
2026-07-31T21:33:45Z,101,14,1,0,1,0,1,1,1,1785533414
2026-07-31T21:33:45Z,102,13,1,10,0,0,1,1,1,1785533587
2026-07-31T21:33:45Z,103,25,1,2,3,0,1,1,1,1785533605
2026-07-31T21:33:45Z,104,14,0,11,2,0,1,1,1,1785533475
2026-07-31T21:33:45Z,105,16,0,3,0,0,1,1,1,1785533195
2026-07-31T21:33:45Z,106,16,1,5,0,0,1,1,1,1785533099
2026-07-31T21:33:45Z,107,22,1,15,0,0,1,1,1,1785533597
2026-07-31T21:33:45Z,108,11,0,22,2,0,1,1,1,1785533559
2026-07-31T21:33:45Z,109,21,0,2,0,0,1,1,1,1785533619
2026-07-31T21:33:45Z,110,15,0,8,0,0,1,1,1,1785533389
2026-07-31T21:33:45Z,111,8,0,28,0,0,1,1,1,1785533590
2026-07-31T21:33:45Z,112,10,0,4,1,0,1,1,1,1785533322
2026-07-31T21:33:45Z,113,4,0,14,1,0,1,1,1,1785533619
2026-07-31T21:33:45Z,114,10,6,19,1,1,1,1,1,1785533426
2026-07-31T21:33:45Z,115,19,11,6,3,0,1,1,1,1785533341
2026-07-31T21:33:45Z,116,11,11,16,0,0,1,1,1,1785533600
2026-07-31T21:33:45Z,118,14,0,6,3,0,1,1,1,1785533561
2026-07-31T21:33:45Z,119,2,0,34,2,0,1,1,1,1785533568
2026-07-31T21:33:45Z,120,4,0,22,1,0,1,1,1,1785533283
2026-07-31T21:33:45Z,121,1,0,15,2,1,1,1,1,1785533615
2026-07-31T21:33:45Z,122,17,0,4,0,0,1,1,1,1785533429
2026-07-31T21:33:45Z,123,7,2,40,0,0,1,1,1,1785533611
2026-07-31T21:33:45Z,124,11,0,24,0,0,1,1,1,1785533382
2026-07-31T21:33:45Z,125,2,0,20,1,0,1,1,1,1785533453
2026-07-31T21:33:45Z,126,24,3,7,0,0,1,1,1,1785533424
2026-07-31T21:33:45Z,127,11,4,23,1,0,1,1,1,1785533510
2026-07-31T21:33:45Z,128,4,0,15,0,0,1,1,1,1785533475
2026-07-31T21:33:45Z,129,4,2,12,3,0,1,1,1,1785533338
2026-07-31T21:33:45Z,130,4,0,13,0,0,1,1,1,1785533289
2026-07-31T21:33:45Z,131,4,4,6,1,0,1,1,1,1785533513
2026-07-31T21:33:45Z,132,6,4,8,0,1,1,1,1,1785532763
2026-07-31T21:33:45Z,134,17,2,2,4,0,1,1,1,1785533574
2026-07-31T21:33:45Z,135,6,0,12,1,0,1,1,1,1785533602
2026-07-31T21:33:45Z,136,2,0,14,1,6,1,1,1,1785533621
2026-07-31T21:33:45Z,137,3,1,15,1,0,1,1,1,1785533621
2026-07-31T21:33:45Z,138,8,1,29,0,0,1,1,1,1785533542
2026-07-31T21:33:45Z,139,3,1,16,0,0,1,1,1,1785533498
2026-07-31T21:33:45Z,140,4,0,18,1,0,1,1,1,1785533619
2026-07-31T21:33:45Z,141,2,2,34,0,0,1,1,1,1785533591
2026-07-31T21:33:45Z,142,3,2,20,0,0,1,1,1,1785533521
2026-07-31T21:33:45Z,143,4,0,27,0,0,1,1,1,1785533415
2026-07-31T21:33:45Z,144,18,0,9,0,0,1,1,1,1785533336
2026-07-31T21:33:45Z,146,8,0,14,1,0,1,1,1,1785533527
2026-07-31T21:33:45Z,147,2,0,14,3,0,1,1,1,1785533372
2026-07-31T21:33:45Z,148,0,0,23,4,0,1,1,1,1785533242
2026-07-31T21:33:45Z,149,2,0,25,0,0,1,1,1,1785532647
2026-07-31T21:33:45Z,150,4,0,29,2,0,1,1,1,1785533352
2026-07-31T21:33:45Z,151,1,0,22,0,0,1,1,1,1785533592
2026-07-31T21:33:45Z,152,3,2,20,3,0,1,1,1,1785533608
2026-07-31T21:33:45Z,153,5,0,21,2,0,1,1,1,1785533339
2026-07-31T21:33:45Z,154,13,3,7,3,0,1,1,1,1785533591
2026-07-31T21:33:45Z,155,3,0,10,1,0,1,1,1,1785533502
2026-07-31T21:33:45Z,156,2,0,17,0,0,1,1,1,1785533386
2026-07-31T21:33:45Z,157,6,0,19,2,0,1,1,1,1785533552
2026-07-31T21:33:45Z,158,9,0,6,1,0,1,1,1,1785533619
2026-07-31T21:33:45Z,159,6,2,11,2,0,1,1,1,1785533072
2026-07-31T21:33:45Z,160,0,0,19,0,0,1,1,1,1785533360
2026-07-31T21:33:45Z,161,18,2,4,0,0,1,1,1,1785533520
2026-07-31T21:33:45Z,162,24,13,2,1,0,1,1,1,1785533587
2026-07-31T21:33:45Z,163,4,0,26,0,1,1,1,1,1785533623
2026-07-31T21:33:45Z,164,21,0,6,0,0,1,1,1,1785533523
2026-07-31T21:33:45Z,165,30,4,1,0,0,1,1,1,1785533593
2026-07-31T21:33:45Z,166,6,1,29,4,0,1,1,1,1785533620
2026-07-31T21:33:45Z,167,8,0,14,1,0,1,1,1,1785533592
2026-07-31T21:33:45Z,168,21,0,4,2,0,1,1,1,1785533613
2026-07-31T21:33:45Z,169,9,0,12,1,1,1,1,1,1785533465
2026-07-31T21:33:45Z,170,6,0,12,1,0,1,1,1,1785533142
2026-07-31T21:33:45Z,171,7,1,4,2,0,1,1,1,1785533604
2026-07-31T21:33:45Z,173,5,2,34,0,0,1,1,1,1785533612
2026-07-31T21:33:45Z,174,6,0,20,0,0,1,1,1,1785533622
2026-07-31T21:33:45Z,175,30,1,0,1,0,1,1,1,1785533617
2026-07-31T21:33:45Z,176,12,4,1,1,1,1,1,1,1785533158
2026-07-31T21:33:45Z,177,8,1,17,2,0,1,1,1,1785533528
2026-07-31T21:33:45Z,178,8,0,4,2,1,1,1,1,1785533623
2026-07-31T21:33:45Z,179,13,4,0,2,0,1,1,1,1785533383
2026-07-31T21:33:45Z,180,2,0,28,0,0,1,1,1,1785533572
2026-07-31T21:33:45Z,181,0,0,15,0,0,1,1,1,1785533554
2026-07-31T21:33:45Z,182,5,3,12,0,0,1,1,1,1785533377
2026-07-31T21:33:45Z,183,5,5,17,1,0,1,1,1,1785533618
2026-07-31T21:33:45Z,184,17,1,4,2,0,1,1,1,1785533585
2026-07-31T21:33:45Z,185,8,5,4,2,1,1,1,1,1785532867
2026-07-31T21:33:45Z,186,0,0,19,0,0,1,1,1,1785533390
2026-07-31T21:33:45Z,187,0,0,27,1,0,1,1,1,1785532136
2026-07-31T21:33:45Z,188,12,4,7,7,1,1,1,1,1785533597
2026-07-31T21:33:45Z,189,7,3,8,0,0,1,1,1,1785532681
2026-07-31T21:33:45Z,190,3,0,18,2,0,1,1,1,1785533618
2026-07-31T21:33:45Z,191,5,5,34,0,0,1,1,1,1785533450
2026-07-31T21:33:45Z,192,6,0,23,2,0,1,1,1,1785533606
2026-07-31T21:33:45Z,193,11,6,3,1,0,1,1,1,1785533433
2026-07-31T21:33:45Z,194,2,2,25,0,0,1,1,1,1785533547
2026-07-31T21:33:45Z,195,1,0,18,0,0,1,1,1,1785533581
2026-07-31T21:33:45Z,196,4,4,21,2,0,1,1,1,1785533619
2026-07-31T21:33:45Z,197,3,1,15,0,1,1,1,1,1785533585
2026-07-31T21:33:45Z,198,11,10,10,2,0,1,1,1,1785532589
2026-07-31T21:33:45Z,199,2,2,12,1,0,1,1,1,1785533305
2026-07-31T21:33:45Z,200,11,9,15,0,0,1,1,1,1785533590
2026-07-31T21:33:45Z,201,3,3,20,0,0,1,1,1,1785533615
2026-07-31T21:33:45Z,202,1,0,26,0,0,1,1,1,1785532925
2026-07-31T21:33:45Z,203,7,1,23,1,0,1,1,1,1785533034
2026-07-31T21:33:45Z,204,22,1,12,1,0,1,1,1,1785533575
2026-07-31T21:33:45Z,205,13,0,14,0,0,1,1,1,1785533340
2026-07-31T21:33:45Z,206,4,3,9,2,0,1,1,1,1785533617
2026-07-31T21:33:45Z,207,21,1,0,0,0,1,1,1,1785533597
2026-07-31T21:33:45Z,208,3,2,26,0,0,1,1,1,1785533559
2026-07-31T21:33:45Z,209,25,0,5,1,0,1,1,1,1785533502
2026-07-31T21:33:45Z,210,6,2,21,0,0,1,1,1,1785533200
2026-07-31T21:33:45Z,211,1,0,21,1,0,1,1,1,1785533561
2026-07-31T21:33:45Z,212,25,1,9,1,0,1,1,1,1785533561
2026-07-31T21:33:45Z,213,15,5,7,1,0,1,1,1,1785533347
2026-07-31T21:33:45Z,214,32,4,13,2,0,1,1,1,1785533620
2026-07-31T21:33:45Z,215,16,5,6,1,0,1,1,1,1785533619
2026-07-31T21:33:45Z,216,10,4,8,1,0,1,1,1,1785533267
2026-07-31T21:33:45Z,217,22,0,6,1,0,1,1,1,1785533583
2026-07-31T21:33:45Z,218,6,5,29,4,0,1,1,1,1785533583
2026-07-31T21:33:45Z,219,19,1,6,1,0,1,1,1,1785533545
2026-07-31T21:33:45Z,220,19,10,23,0,1,1,1,1,1785533595
2026-07-31T21:33:45Z,221,1,1,13,1,0,1,1,1,1785533610
2026-07-31T21:33:45Z,222,2,1,16,1,0,1,1,1,1785533552
2026-07-31T21:33:45Z,223,6,0,26,3,0,1,1,1,1785533451
2026-07-31T21:33:45Z,224,0,0,21,1,0,1,1,1,1785533076
2026-07-31T21:33:45Z,225,2,1,10,7,0,1,1,1,1785533400
2026-07-31T21:33:45Z,226,20,3,9,2,0,1,1,1,1785533505
2026-07-31T21:33:45Z,227,5,1,21,1,0,1,1,1,1785533472
2026-07-31T21:33:45Z,228,4,3,15,0,0,1,1,1,1785533602
2026-07-31T21:33:45Z,230,5,0,21,0,0,1,1,1,1785533501
2026-07-31T21:33:45Z,232,5,0,11,1,0,1,1,1,1785532730
2026-07-31T21:33:45Z,233,11,7,19,1,0,1,1,1,1785533586
2026-07-31T21:33:45Z,234,12,5,1,4,2,1,1,1,1785533561
2026-07-31T21:33:45Z,236,16,2,3,0,0,1,1,1,1785532741
2026-07-31T21:33:45Z,237,1,0,21,1,0,1,1,1,1785533513
2026-07-31T21:33:45Z,239,7,6,19,1,0,1,1,1,1785533513
2026-07-31T21:33:45Z,241,9,6,13,1,0,1,1,1,1785533317
2026-07-31T21:33:45Z,242,6,2,16,1,0,1,1,1,1785533521
2026-07-31T21:33:45Z,243,12,10,18,1,0,1,1,1,1785533614
2026-07-31T21:33:45Z,244,3,2,22,2,0,1,1,1,1785533576
2026-07-31T21:33:45Z,245,13,6,10,0,0,1,1,1,1785533617
2026-07-31T21:33:45Z,246,7,5,15,1,0,1,1,1,1785533484
2026-07-31T21:33:45Z,247,9,5,12,2,0,1,1,1,1785533584
2026-07-31T21:33:45Z,248,11,6,9,3,0,1,1,1,1785533525
2026-07-31T21:33:45Z,249,15,15,3,1,0,1,1,1,1785533576
2026-07-31T21:33:45Z,250,0,0,21,6,0,1,1,1,1785533583
2026-07-31T21:33:45Z,251,21,11,1,5,0,1,1,1,1785533052
2026-07-31T21:33:45Z,253,4,2,15,0,0,1,1,1,1785533497
2026-07-31T21:33:45Z,254,1,1,41,1,0,1,1,1,1785533579
2026-07-31T21:33:45Z,255,7,0,15,0,1,1,1,1,1785533548
2026-07-31T21:33:45Z,256,0,0,21,2,0,1,1,1,1785533240
2026-07-31T21:33:45Z,257,4,1,15,0,0,1,1,1,1785533563
2026-07-31T21:33:45Z,258,14,6,4,1,0,1,1,1,1785533610
2026-07-31T21:33:45Z,259,16,1,6,0,1,1,1,1,1785533512
2026-07-31T21:33:45Z,260,2,2,16,1,0,1,1,1,1785533566
2026-07-31T21:33:45Z,261,0,0,17,1,1,1,1,1,1785533222
2026-07-31T21:33:45Z,262,5,0,17,1,0,1,1,1,1785533565
2026-07-31T21:33:45Z,263,1,0,13,1,0,1,1,1,1785533455
2026-07-31T21:33:45Z,264,1,1,18,0,0,1,1,1,1785533561
2026-07-31T21:33:45Z,265,7,1,8,0,0,1,1,1,1785533225
2026-07-31T21:33:45Z,266,12,7,6,1,0,1,1,1,1785533283
2026-07-31T21:33:45Z,267,9,4,5,1,0,1,1,1,1785531709
2026-07-31T21:33:45Z,268,17,7,5,1,0,1,1,1,1785533542
2026-07-31T21:33:45Z,269,7,5,16,0,0,1,1,1,1785533616
2026-07-31T21:33:45Z,270,3,0,23,1,0,1,1,1,1785533585
2026-07-31T21:33:45Z,271,3,0,14,2,0,1,1,1,1785532734
2026-07-31T21:33:45Z,272,10,1,12,1,0,1,1,1,1785533602
2026-07-31T21:33:45Z,273,1,1,14,0,0,1,1,1,1785533447
2026-07-31T21:33:45Z,274,4,3,14,1,0,1,1,1,1785533307
2026-07-31T21:33:45Z,275,12,0,7,4,0,1,1,1,1785533288
2026-07-31T21:33:45Z,276,2,1,24,1,0,1,1,1,1785533334
2026-07-31T21:33:45Z,277,3,3,16,4,0,1,1,1,1785533229
2026-07-31T21:33:45Z,278,9,9,20,2,0,1,1,1,1785533407
2026-07-31T21:33:45Z,279,1,0,18,0,0,1,1,1,1785533374
2026-07-31T21:33:45Z,280,2,0,26,3,0,1,1,1,1785533595
2026-07-31T21:33:45Z,281,2,0,17,0,0,1,1,1,1785533340
2026-07-31T21:33:45Z,282,7,2,11,0,0,1,1,1,1785527347
2026-07-31T21:33:45Z,283,15,2,20,0,0,1,1,1,1785532913
2026-07-31T21:33:45Z,284,25,1,7,3,0,1,1,1,1785533027
2026-07-31T21:33:45Z,285,2,2,21,0,0,1,1,1,1785533155
2026-07-31T21:33:45Z,286,10,5,12,1,0,1,1,1,1785533546
2026-07-31T21:33:45Z,287,10,1,10,3,0,1,1,1,1785532355
2026-07-31T21:33:45Z,288,3,0,15,1,0,1,1,1,1785533566
2026-07-31T21:33:45Z,289,9,6,15,3,0,1,1,1,1785533619
2026-07-31T21:33:45Z,290,15,0,21,3,0,1,1,1,1785533565
2026-07-31T21:33:45Z,291,12,1,10,1,0,1,1,1,1785533528
2026-07-31T21:33:45Z,292,5,3,18,0,0,1,1,1,1785533577
2026-07-31T21:33:45Z,293,5,1,18,0,0,1,1,1,1785533143
2026-07-31T21:33:45Z,294,9,4,11,2,0,1,1,1,1785533589
2026-07-31T21:33:45Z,297,10,2,7,1,1,1,1,1,1785533611
2026-07-31T21:33:45Z,301,15,2,4,0,0,1,1,1,1785533281
2026-07-31T21:33:45Z,302,16,0,6,1,0,1,1,1,1785533580
2026-07-31T21:33:45Z,303,5,0,14,0,0,1,1,1,1785533619
2026-07-31T21:33:45Z,304,0,0,0,0,0,0,1,1,86400
2026-07-31T21:33:45Z,305,4,0,14,1,0,1,1,1,1785533615
2026-07-31T21:33:45Z,306,15,0,16,1,0,1,1,1,1785533477
2026-07-31T21:33:45Z,307,5,0,18,0,0,1,1,1,1785533245
2026-07-31T21:33:45Z,308,3,1,15,1,0,1,1,1,1785533557
2026-07-31T21:33:45Z,309,3,2,11,0,0,1,1,1,1785533039
2026-07-31T21:33:45Z,311,6,0,8,1,0,1,1,1,1785532562
2026-07-31T21:33:45Z,312,8,7,12,3,0,1,1,1,1785533473
2026-07-31T21:33:45Z,313,4,0,11,0,0,1,1,1,1785533464
2026-07-31T21:33:45Z,314,7,1,10,2,0,1,1,1,1785533464
2026-07-31T21:33:45Z,315,12,5,17,2,0,1,1,1,1785532984
2026-07-31T21:33:45Z,316,4,1,19,7,1,1,1,1,1785533548
2026-07-31T21:33:45Z,317,25,7,5,0,1,1,1,1,1785533609
2026-07-31T21:33:45Z,318,16,1,3,0,0,1,1,1,1785531022
2026-07-31T21:33:45Z,319,20,3,1,2,0,1,1,1,1785533610
2026-07-31T21:33:45Z,320,12,0,6,1,0,1,1,1,1785533214
2026-07-31T21:33:45Z,321,2,0,13,4,0,1,1,1,1785533612
2026-07-31T21:33:45Z,322,20,1,9,0,0,1,1,1,1785533605
2026-07-31T21:33:45Z,323,6,1,12,1,0,1,1,1,1785533589
2026-07-31T21:33:45Z,324,12,1,14,1,0,1,1,1,1785533610
2026-07-31T21:33:45Z,325,5,2,20,2,0,1,1,1,1785533483
2026-07-31T21:33:45Z,327,16,2,9,2,0,1,1,1,1785533417
2026-07-31T21:33:45Z,328,16,1,5,1,0,1,1,1,1785533466
2026-07-31T21:33:45Z,329,0,0,16,3,0,1,1,1,1785533368
2026-07-31T21:33:45Z,330,19,1,3,0,0,1,1,1,1785533496
2026-07-31T21:33:45Z,331,12,0,8,3,0,1,1,1,1785533622
2026-07-31T21:33:45Z,332,8,5,10,1,0,1,1,1,1785532360
2026-07-31T21:33:45Z,333,4,4,18,1,0,1,1,1,1785533389
2026-07-31T21:33:45Z,334,9,1,14,0,0,1,1,1,1785533606
2026-07-31T21:33:45Z,335,3,2,19,0,1,1,1,1,1785533504
2026-07-31T21:33:45Z,336,2,1,17,0,0,1,1,1,1785533168
2026-07-31T21:33:45Z,337,9,4,10,4,0,1,1,1,1785533587
2026-07-31T21:33:45Z,338,2,0,17,0,0,1,1,1,1785533375
2026-07-31T21:33:45Z,339,11,10,7,5,0,1,1,1,1785533622
2026-07-31T21:33:45Z,340,1,1,13,1,0,1,1,1,1785532990
2026-07-31T21:33:45Z,341,8,1,11,0,0,1,1,1,1785533480
2026-07-31T21:33:45Z,342,1,1,14,0,0,1,1,1,1785532908
2026-07-31T21:33:45Z,343,10,4,12,1,0,1,1,1,1785533239
2026-07-31T21:33:45Z,344,7,4,16,0,0,1,1,1,1785532070
2026-07-31T21:33:45Z,345,14,1,5,0,0,1,1,1,1785533550
2026-07-31T21:33:45Z,346,3,3,20,0,0,1,1,1,1785532493
2026-07-31T21:33:45Z,347,3,0,37,4,0,1,1,1,1785533622
2026-07-31T21:33:45Z,348,10,0,12,0,1,1,1,1,1785533473
2026-07-31T21:33:45Z,349,15,2,3,1,0,1,1,1,1785532539
2026-07-31T21:33:45Z,350,2,0,23,1,1,1,1,1,1785533514
2026-07-31T21:33:45Z,351,2,0,19,2,0,1,1,1,1785533552
2026-07-31T21:33:45Z,355,4,2,19,0,0,1,1,1,1785533481
2026-07-31T21:33:45Z,356,7,2,12,0,0,1,1,1,1785533392
2026-07-31T21:33:45Z,357,1,0,17,1,0,1,1,1,1785533392
2026-07-31T21:33:45Z,358,14,2,12,1,0,1,1,1,1785533377
2026-07-31T21:33:45Z,359,10,0,17,0,0,1,1,1,1785533538
2026-07-31T21:33:45Z,360,5,3,14,0,0,1,1,1,1785533339
2026-07-31T21:33:45Z,362,1,0,15,3,0,1,1,1,1785533576
2026-07-31T21:33:45Z,363,14,0,13,0,0,1,1,1,1785533591
2026-07-31T21:33:45Z,364,1,0,18,0,0,1,1,1,1785533254
2026-07-31T21:33:45Z,365,0,0,19,4,0,1,1,1,1785533571
2026-07-31T21:33:45Z,366,11,10,12,0,0,1,1,1,1785533430
2026-07-31T21:33:45Z,367,1,1,16,2,0,1,1,1,1785533257
2026-07-31T21:33:45Z,368,1,0,21,1,0,1,1,1,1785533490
2026-07-31T21:33:45Z,370,11,4,16,0,0,1,1,1,1785532959
2026-07-31T21:33:45Z,371,4,2,14,1,0,1,1,1,1785532461
2026-07-31T21:33:45Z,372,10,0,4,1,0,1,1,1,1785533470
2026-07-31T21:33:45Z,373,1,1,26,0,0,1,1,1,1785532969
2026-07-31T21:33:45Z,374,1,1,17,1,0,1,1,1,1785532928
2026-07-31T21:33:45Z,375,4,0,21,2,0,1,1,1,1785533462
2026-07-31T21:33:45Z,376,5,1,32,2,0,1,1,1,1785533521
2026-07-31T21:33:45Z,377,5,1,22,0,0,1,1,1,1785533450
2026-07-31T21:33:45Z,378,5,2,17,1,1,1,1,1,1785533581
2026-07-31T21:33:45Z,379,22,2,2,3,0,1,1,1,1785533340
2026-07-31T21:33:45Z,380,3,0,20,0,0,1,1,1,1785532095
2026-07-31T21:33:45Z,381,13,0,10,0,0,1,1,1,1785533613
2026-07-31T21:33:45Z,383,13,2,0,2,0,1,1,1,1785532834
2026-07-31T21:33:45Z,384,0,0,22,5,0,1,1,1,1785533622
2026-07-31T21:33:45Z,385,4,1,13,1,0,1,1,1,1785533612
2026-07-31T21:33:45Z,387,3,1,20,0,0,1,1,1,1785533441
2026-07-31T21:33:45Z,388,34,1,12,3,0,1,1,1,1785533508
2026-07-31T21:33:45Z,389,3,2,11,1,0,1,1,1,1785532058
2026-07-31T21:33:45Z,390,14,2,21,0,0,1,1,1,1785533616
2026-07-31T21:33:45Z,391,3,2,11,1,0,1,1,1,1785532385
2026-07-31T21:33:45Z,392,2,2,16,1,0,1,1,1,1785533400
2026-07-31T21:33:45Z,393,1,1,7,3,0,1,1,1,1785531684
2026-07-31T21:33:45Z,394,7,1,4,2,0,1,1,1,1785533581
2026-07-31T21:33:45Z,396,2,1,40,0,0,1,1,1,1785533556
2026-07-31T21:33:45Z,397,14,8,17,0,0,1,1,1,1785533325
2026-07-31T21:33:45Z,399,1,0,14,2,0,1,1,1,1785533407
2026-07-31T21:33:45Z,400,14,9,7,2,0,1,1,1,1785532920
2026-07-31T21:33:45Z,401,4,0,27,8,0,1,1,1,1785533569
2026-07-31T21:33:45Z,403,24,7,3,4,0,1,1,1,1785533547
2026-07-31T21:33:45Z,404,8,5,14,1,0,1,1,1,1785533607
2026-07-31T21:33:45Z,406,18,5,16,1,0,1,1,1,1785533606
2026-07-31T21:33:45Z,407,10,0,23,1,0,1,1,1,1785533511
2026-07-31T21:33:45Z,408,3,2,27,3,0,1,1,1,1785533605
2026-07-31T21:33:45Z,409,14,0,6,3,0,1,1,1,1785533598
2026-07-31T21:33:45Z,413,10,3,10,3,0,1,1,1,1785533469
2026-07-31T21:33:45Z,414,10,0,5,0,0,1,1,1,1785533309
2026-07-31T21:33:45Z,417,3,1,16,0,0,1,1,1,1785533453
2026-07-31T21:33:45Z,418,5,3,10,0,0,1,1,1,1785532726
2026-07-31T21:33:45Z,419,13,1,10,0,0,1,1,1,1785533166
2026-07-31T21:33:45Z,421,6,0,13,0,0,1,1,1,1785533432
2026-07-31T21:33:45Z,422,18,3,9,0,0,1,1,1,1785533116
2026-07-31T21:33:45Z,423,0,0,22,1,0,1,1,1,1785533264
2026-07-31T21:33:45Z,424,11,4,1,2,1,1,1,1,1785533596
2026-07-31T21:33:45Z,425,5,3,16,0,1,1,1,1,1785533602
2026-07-31T21:33:45Z,426,1,0,34,2,0,1,1,1,1785533534
2026-07-31T21:33:45Z,427,10,0,2,4,0,1,1,1,1785533592
2026-07-31T21:33:45Z,428,17,2,1,1,0,1,1,1,1785533553
2026-07-31T21:33:45Z,429,8,4,12,3,0,1,1,1,1785533605
2026-07-31T21:33:45Z,430,15,2,13,3,0,1,1,1,1785533618
2026-07-31T21:33:45Z,431,0,0,31,2,0,1,1,1,1785533575
2026-07-31T21:33:45Z,432,0,0,30,1,0,0,1,1,1785508564
2026-07-31T21:33:45Z,433,4,2,16,3,0,1,1,1,1785533359
2026-07-31T21:33:45Z,437,2,1,13,4,0,1,1,1,1785533603
2026-07-31T21:33:45Z,438,9,2,9,1,0,1,1,1,1785533620
2026-07-31T21:33:45Z,439,11,4,4,0,0,1,1,1,1785532873
2026-07-31T21:33:45Z,440,12,3,3,0,0,1,1,1,1785533523
2026-07-31T21:33:45Z,441,2,0,11,2,0,1,1,1,1785533593
2026-07-31T21:33:45Z,442,9,4,8,2,0,1,1,1,1785532949
2026-07-31T21:33:45Z,443,5,2,22,0,0,1,1,1,1785512432
2026-07-31T21:33:45Z,444,2,2,21,0,0,1,1,1,1785533207
2026-07-31T21:33:45Z,445,6,2,16,1,0,1,1,1,1785533573
2026-07-31T21:33:45Z,446,0,0,23,0,0,1,1,1,1785532504
2026-07-31T21:33:45Z,447,4,0,17,1,1,1,1,1,1785532273
2026-07-31T21:33:45Z,448,7,0,7,1,0,1,1,1,1785530120
2026-07-31T21:33:45Z,452,6,2,12,1,0,1,1,1,1785533463
2026-07-31T21:33:45Z,453,4,1,7,4,0,1,1,1,1785533586
2026-07-31T21:33:45Z,454,16,0,3,0,0,1,1,1,1785533489
2026-07-31T21:33:45Z,455,29,0,9,1,0,1,1,1,1785533326
2026-07-31T21:33:45Z,456,17,0,2,1,0,1,1,1,1785533594
2026-07-31T21:33:45Z,457,6,2,16,5,0,1,1,1,1785533229
2026-07-31T21:33:45Z,458,4,2,18,1,0,1,1,1,1785532364
2026-07-31T21:33:45Z,459,10,1,5,0,0,1,1,1,1785532277
2026-07-31T21:33:45Z,460,20,1,3,0,0,1,1,1,1785533420
2026-07-31T21:33:45Z,461,9,0,10,0,0,1,1,1,1785533585
2026-07-31T21:33:45Z,462,15,1,6,0,0,1,1,1,1785533566
2026-07-31T21:33:45Z,463,6,0,13,0,0,1,1,1,1785533559
2026-07-31T21:33:45Z,464,3,0,11,0,0,1,1,1,1785533417
2026-07-31T21:33:45Z,465,1,1,14,0,0,1,1,1,1785533554
2026-07-31T21:33:45Z,466,4,1,5,6,0,1,1,1,1785533449
2026-07-31T21:33:45Z,467,1,1,18,0,0,1,1,1,1785533523
2026-07-31T21:33:45Z,468,0,0,18,1,0,1,1,1,1785527178
2026-07-31T21:33:45Z,469,5,1,17,1,0,1,1,1,1785533509
2026-07-31T21:33:45Z,470,0,0,13,2,0,1,1,1,1785533608
2026-07-31T21:33:45Z,471,25,2,2,0,0,1,1,1,1785533590
2026-07-31T21:33:45Z,472,6,3,11,2,0,1,1,1,1785533505
2026-07-31T21:33:45Z,473,8,1,11,0,0,1,1,1,1785533591
2026-07-31T21:33:45Z,474,8,1,10,1,0,1,1,1,1785533595
2026-07-31T21:33:45Z,475,4,2,14,1,0,1,1,1,1785532975
2026-07-31T21:33:45Z,477,11,1,4,0,0,1,1,1,1785533210
2026-07-31T21:33:45Z,478,23,1,8,0,0,1,1,1,1785533487
2026-07-31T21:33:45Z,479,4,0,21,2,0,1,1,1,1785533437
2026-07-31T21:33:45Z,480,4,0,10,1,0,1,1,1,1785532843
2026-07-31T21:33:45Z,481,3,0,31,1,0,1,1,1,1785533510
2026-07-31T21:33:45Z,482,4,4,15,0,0,1,1,1,1785531414
2026-07-31T21:33:45Z,483,17,0,8,2,0,1,1,1,1785533538
2026-07-31T21:33:45Z,484,3,1,15,1,0,1,1,1,1785533614
2026-07-31T21:33:45Z,485,9,3,9,0,1,1,1,1,1785533454
2026-07-31T21:33:45Z,486,1,0,23,3,0,1,1,1,1785533610
2026-07-31T21:33:45Z,487,10,6,7,2,0,1,1,1,1785533578
2026-07-31T21:33:45Z,489,0,0,15,0,0,1,1,1,1785533543
2026-07-31T21:33:45Z,490,13,0,2,1,0,1,1,1,1785533440
2026-07-31T21:33:45Z,491,7,2,13,1,0,1,1,1,1785533054
2026-07-31T21:33:45Z,492,6,4,2,3,0,1,1,1,1785533621
2026-07-31T21:33:45Z,493,18,1,9,0,0,1,1,1,1785533180
2026-07-31T21:33:45Z,495,8,0,6,1,0,1,1,1,1785533278
2026-07-31T21:33:45Z,496,12,2,15,0,0,1,1,1,1785533620
2026-07-31T21:33:45Z,497,3,1,15,0,0,1,1,1,1785533495
2026-07-31T21:33:45Z,498,8,3,15,0,0,1,1,1,1785533318
2026-07-31T21:33:45Z,499,4,1,14,1,0,1,1,1,1785532334
2026-07-31T21:33:45Z,500,0,0,12,3,0,1,1,1,1785531899
2026-07-31T21:33:45Z,501,11,2,10,0,0,1,1,1,1785533557
2026-07-31T21:33:45Z,502,0,0,17,2,0,1,1,1,1785533383
2026-07-31T21:33:45Z,503,5,0,25,1,0,1,1,1,1785533473
2026-07-31T21:33:45Z,504,15,0,22,2,0,1,1,1,1785533544
2026-07-31T21:33:45Z,505,1,0,10,1,0,1,1,1,1785533577
2026-07-31T21:33:45Z,511,3,1,20,0,0,1,1,1,1785533448
2026-07-31T21:33:45Z,512,12,0,15,0,0,1,1,1,1785533564
2026-07-31T21:33:45Z,514,2,2,8,1,0,1,1,1,1785533394
2026-07-31T21:33:45Z,515,2,2,17,0,0,1,1,1,1785531676
2026-07-31T21:33:45Z,516,14,0,13,0,0,1,1,1,1785533389
2026-07-31T21:33:45Z,517,11,2,12,0,0,1,1,1,1785533353
2026-07-31T21:33:45Z,518,6,0,8,1,0,1,1,1,1785532861
2026-07-31T21:33:45Z,519,8,3,9,2,0,1,1,1,1785530872
2026-07-31T21:33:45Z,520,19,8,2,5,1,1,1,1,1785533620
2026-07-31T21:33:45Z,521,7,3,16,0,0,1,1,1,1785533423
2026-07-31T21:33:45Z,522,11,2,10,2,0,1,1,1,1785533298
2026-07-31T21:33:45Z,523,11,4,11,1,0,1,1,1,1785532711
2026-07-31T21:33:45Z,524,15,0,7,1,0,1,1,1,1785533490
2026-07-31T21:33:45Z,525,8,0,11,0,0,1,1,1,1785533478
2026-07-31T21:33:45Z,526,4,1,11,0,0,1,1,1,1785530751
2026-07-31T21:33:45Z,527,16,11,9,1,0,1,1,1,1785533614
2026-07-31T21:33:45Z,528,14,1,7,2,0,1,1,1,1785532111
2026-07-31T21:33:45Z,529,3,2,8,8,0,1,1,1,1785533619
2026-07-31T21:33:45Z,530,12,0,6,3,0,1,1,1,1785533448
2026-07-31T21:33:45Z,531,10,1,12,0,1,1,1,1,1785533584
2026-07-31T21:33:45Z,532,10,10,20,1,0,1,1,1,1785532685
2026-07-31T21:33:45Z,533,12,0,6,1,0,1,1,1,1785532753
2026-07-31T21:33:45Z,534,5,2,18,0,0,1,1,1,1785533288
2026-07-31T21:33:45Z,535,1,0,14,0,0,1,1,1,1785532311
2026-07-31T21:33:45Z,536,9,0,14,0,0,1,1,1,1785533025
2026-07-31T21:33:45Z,537,12,0,8,0,0,1,1,1,1785533363
2026-07-31T21:33:45Z,538,9,0,12,0,2,1,1,1,1785533459
2026-07-31T21:33:45Z,539,5,2,26,0,0,1,1,1,1785533410
2026-07-31T21:33:45Z,540,6,5,13,0,0,1,1,1,1785532976
2026-07-31T21:33:45Z,541,7,3,19,1,0,1,1,1,1785533160
2026-07-31T21:33:45Z,542,3,2,20,0,0,1,1,1,1785533601
2026-07-31T21:33:45Z,543,2,0,17,0,0,1,1,1,1785533192
2026-07-31T21:33:45Z,544,12,2,6,4,0,1,1,1,1785533565
2026-07-31T21:33:45Z,545,13,2,1,5,0,1,1,1,1785533601
2026-07-31T21:33:45Z,546,5,1,14,0,0,1,1,1,1785533622
2026-07-31T21:33:45Z,547,8,0,17,0,0,1,1,1,1785533348
2026-07-31T21:33:45Z,548,6,3,16,1,0,1,1,1,1785533414
2026-07-31T21:33:45Z,549,20,0,2,1,0,1,1,1,1785533618
2026-07-31T21:33:45Z,550,1,1,18,0,0,1,1,1,1785532552
2026-07-31T21:33:45Z,551,3,2,19,1,0,1,1,1,1785529811
2026-07-31T21:33:45Z,552,3,2,24,0,0,1,1,1,1785532746
2026-07-31T21:33:45Z,553,3,2,19,1,0,1,1,1,1785533062
2026-07-31T21:33:45Z,554,1,0,17,1,0,1,1,1,1785533396
2026-07-31T21:33:45Z,555,7,1,7,1,0,1,1,1,1785533416
2026-07-31T21:33:45Z,556,12,0,9,2,0,1,1,1,1785533484
2026-07-31T21:33:45Z,557,1,1,20,2,0,1,1,1,1785532934
2026-07-31T21:33:45Z,558,17,11,18,2,0,1,1,1,1785533506
2026-07-31T21:33:45Z,559,11,0,7,1,0,1,1,1,1785532144
2026-07-31T21:33:45Z,560,17,0,10,0,0,1,1,1,1785533487
2026-07-31T21:33:45Z,561,4,0,16,3,0,1,1,1,1785533419
2026-07-31T21:33:45Z,562,7,0,22,6,0,1,1,1,1785533366
2026-07-31T21:33:45Z,563,4,0,9,1,0,1,1,1,1785533444
2026-07-31T21:33:45Z,564,3,1,15,1,0,1,1,1,1785533337
2026-07-31T21:33:45Z,565,0,0,19,0,0,1,1,1,1785533414
2026-07-31T21:33:45Z,566,1,0,17,1,0,1,1,1,1785533614
2026-07-31T21:33:45Z,567,10,1,15,2,0,1,1,1,1785532824
2026-07-31T21:33:45Z,568,8,1,10,1,0,1,1,1,1785533148
2026-07-31T21:33:45Z,569,8,0,8,3,0,1,1,1,1785533584
2026-07-31T21:33:45Z,570,9,1,7,3,0,1,1,1,1785533531
2026-07-31T21:33:45Z,571,8,1,15,0,0,1,1,1,1785533446
2026-07-31T21:33:45Z,572,5,0,14,0,0,1,1,1,1785533254
2026-07-31T21:33:45Z,573,8,1,7,0,0,1,1,1,1785533617
2026-07-31T21:33:45Z,574,1,1,14,0,0,1,1,1,1785533447
2026-07-31T21:33:45Z,575,4,0,16,1,0,1,1,1,1785533554
2026-07-31T21:33:45Z,576,2,2,17,0,0,1,1,1,1785532752
2026-07-31T21:33:45Z,577,18,0,13,0,0,1,1,1,1785533621
2026-07-31T21:33:45Z,578,2,1,20,1,0,1,1,1,1785533266
2026-07-31T21:33:45Z,579,4,0,39,0,0,1,1,1,1785533562
2026-07-31T21:33:45Z,580,8,0,21,0,0,1,1,1,1785533064
2026-07-31T21:33:45Z,581,9,1,9,1,0,1,1,1,1785533565
2026-07-31T21:33:45Z,582,24,0,35,2,0,1,1,1,1785533578
2026-07-31T21:33:45Z,583,1,0,21,1,0,1,1,1,1785532793
2026-07-31T21:33:45Z,584,5,2,10,4,0,1,1,1,1785533527
2026-07-31T21:33:45Z,585,1,0,25,0,1,1,1,1,1785533576
2026-07-31T21:33:45Z,586,24,2,11,0,0,1,1,1,1785533616
2026-07-31T21:33:45Z,587,9,0,14,1,0,1,1,1,1785533498
2026-07-31T21:33:45Z,588,9,3,7,2,1,1,1,1,1785533615
2026-07-31T21:33:45Z,589,4,0,18,0,0,1,1,1,1785533387
2026-07-31T21:33:45Z,590,6,1,24,1,0,1,1,1,1785533511
2026-07-31T21:33:45Z,591,8,3,19,3,0,1,1,1,1785533530
2026-07-31T21:33:45Z,592,11,1,12,0,0,1,1,1,1785533567
2026-07-31T21:33:45Z,593,15,3,23,0,0,1,1,1,1785533579
2026-07-31T21:33:45Z,594,17,1,3,1,0,1,1,1,1785533474
2026-07-31T21:33:45Z,595,0,0,3,0,0,0,1,1,1784046673
2026-07-31T21:33:45Z,605,0,0,2,1,0,0,1,1,1783975843
2026-07-31T21:33:45Z,606,0,0,0,0,0,0,1,1,86400
2026-07-31T21:33:45Z,607,11,3,20,1,0,1,1,1,1785533609
2026-07-31T21:33:45Z,608,43,0,7,0,0,1,1,1,1785533340
2026-07-31T21:33:45Z,609,1,1,22,0,0,1,1,1,1785533593
2026-07-31T21:33:45Z,610,17,0,17,1,0,1,1,1,1785533608
2026-07-31T21:33:45Z,611,16,2,10,1,0,1,1,1,1785533459
2026-07-31T21:33:45Z,612,8,1,7,0,0,1,1,1,1785533466
2026-07-31T21:33:45Z,613,12,4,0,3,0,1,1,1,1785530289
2026-07-31T21:33:45Z,614,5,5,19,2,1,1,1,1,1785532931
2026-07-31T21:33:45Z,617,10,1,2,3,0,1,1,1,1785533129
2026-07-31T21:33:45Z,618,13,1,1,5,0,1,1,1,1785530762
2026-07-31T21:33:45Z,619,7,3,12,0,0,1,1,1,1785533513
2026-07-31T21:33:45Z,620,10,0,16,1,0,1,1,1,1785533411
2026-07-31T21:33:45Z,621,4,2,19,0,0,1,1,1,1785533328
2026-07-31T21:33:45Z,622,11,0,10,2,0,1,1,1,1785532951
2026-07-31T21:33:45Z,623,17,4,11,2,0,1,1,1,1785533621
2026-07-31T21:33:45Z,624,1,0,14,0,0,1,1,1,1785532120
2026-07-31T21:33:45Z,625,14,3,2,5,0,1,1,1,1785533539
2026-07-31T21:33:45Z,626,38,0,7,0,2,1,1,1,1785533301
2026-07-31T21:33:45Z,627,14,3,4,1,0,1,1,1,1785530759
2026-07-31T21:33:45Z,628,2,2,15,1,1,1,1,1,1785533619
2026-07-31T21:33:45Z,629,2,1,7,2,0,1,1,1,1785533502
2026-07-31T21:33:45Z,630,0,0,23,4,0,1,1,1,1785533607
2026-07-31T21:33:45Z,631,4,4,19,0,0,1,1,1,1785533603
2026-07-31T21:33:45Z,632,18,1,3,2,0,1,1,1,1785532871
2026-07-31T21:33:45Z,633,11,3,1,3,0,1,1,1,1785530006
2026-07-31T21:33:45Z,634,12,2,7,0,0,1,1,1,1785532442
2026-07-31T21:33:45Z,635,18,1,1,0,0,1,1,1,1785533338
2026-07-31T21:33:45Z,636,7,2,8,0,0,1,1,1,1785526430
2026-07-31T21:33:45Z,637,9,2,8,2,0,1,1,1,1785531990
2026-07-31T21:33:45Z,638,7,2,10,2,0,1,1,1,1785533412
2026-07-31T21:33:45Z,639,10,2,7,2,0,1,1,1,1785532203
2026-07-31T21:33:45Z,640,5,5,16,2,0,1,1,1,1785533554
2026-07-31T21:33:45Z,641,2,0,25,0,0,1,1,1,1785533532
2026-07-31T21:33:45Z,642,7,3,4,8,0,1,1,1,1785533622
2026-07-31T21:33:45Z,643,2,0,17,8,0,1,1,1,1785533621
2026-07-31T21:33:45Z,644,13,1,1,1,0,1,1,1,1785533615
2026-07-31T21:33:45Z,645,15,1,6,1,1,1,1,1,1785533150
2026-07-31T21:33:45Z,646,3,1,16,0,0,1,1,1,1785532040
2026-07-31T21:33:45Z,647,6,1,25,0,0,1,1,1,1785533147
2026-07-31T21:33:45Z,648,4,0,14,1,0,1,1,1,1785531767
2026-07-31T21:33:45Z,649,0,0,30,1,0,1,1,1,1785533342
2026-07-31T21:33:45Z,650,5,1,9,0,0,1,1,1,1785531899
2026-07-31T21:33:45Z,651,5,5,18,0,0,1,1,1,1785533557
2026-07-31T21:33:45Z,652,4,2,16,3,0,1,1,1,1785533342
2026-07-31T21:33:45Z,653,2,1,17,0,0,1,1,1,1785530185
2026-07-31T21:33:45Z,654,2,1,13,0,0,1,1,1,1785533572
2026-07-31T21:33:45Z,655,8,4,0,4,1,1,1,1,1785533525
2026-07-31T21:33:45Z,656,5,1,14,0,0,1,1,1,1785533561
2026-07-31T21:33:45Z,657,11,4,2,2,2,1,1,1,1785533605
2026-07-31T21:33:45Z,658,8,1,2,0,0,1,1,1,1785530465
2026-07-31T21:33:45Z,659,7,5,6,2,0,1,1,1,1785529408
2026-07-31T21:33:45Z,660,21,6,6,4,0,1,1,1,1785533599
2026-07-31T21:33:45Z,661,9,4,10,0,0,1,1,1,1785533482
2026-07-31T21:33:45Z,662,4,2,15,4,0,1,1,1,1785533204
2026-07-31T21:33:45Z,663,4,1,11,0,0,1,1,1,1785533552
2026-07-31T21:33:45Z,664,14,0,13,0,0,1,1,1,1785533432
2026-07-31T21:33:45Z,665,9,4,6,0,0,1,1,1,1785532275
2026-07-31T21:33:45Z,666,6,2,6,3,0,1,1,1,1785533165
2026-07-31T21:33:45Z,667,17,2,0,2,0,1,1,1,1785533621
2026-07-31T21:33:45Z,668,5,1,14,0,0,1,1,1,1785533587
2026-07-31T21:33:45Z,669,10,3,2,2,0,1,1,1,1785533511
2026-07-31T21:33:45Z,670,18,0,8,1,0,1,1,1,1785533605
2026-07-31T21:33:45Z,671,27,4,0,0,0,1,1,1,1785533604
2026-07-31T21:33:45Z,672,10,1,10,2,1,1,1,1,1785533309
2026-07-31T21:33:45Z,673,11,0,11,0,1,1,1,1,1785533452
2026-07-31T21:33:45Z,674,1,0,20,2,0,1,1,1,1785533338
2026-07-31T21:33:45Z,675,1,1,12,2,0,1,1,1,1785532946
2026-07-31T21:33:45Z,676,8,0,13,1,0,1,1,1,1785532914
2026-07-31T21:33:45Z,681,8,0,5,1,1,1,1,1,1785533610
2026-07-31T21:33:45Z,682,6,1,13,0,0,1,1,1,1785529048
2026-07-31T21:33:45Z,683,1,1,18,0,0,1,1,1,1785527602
2026-07-31T21:33:45Z,684,3,1,24,0,0,1,1,1,1785518528
2026-07-31T21:33:45Z,685,4,0,21,1,1,1,1,1,1785531808
2026-07-31T21:33:45Z,686,10,0,14,3,0,1,1,1,1785533345
2026-07-31T21:33:45Z,687,12,1,17,1,1,1,1,1,1785533372
2026-07-31T21:33:45Z,688,12,1,7,0,0,1,1,1,1785532494
2026-07-31T21:33:45Z,692,1,0,20,0,0,1,1,1,1785532998
2026-07-31T21:33:45Z,693,6,0,2,3,0,1,1,1,1785532442
2026-07-31T21:33:45Z,694,9,4,12,0,0,1,1,1,1785533356
2026-07-31T21:33:45Z,695,5,4,18,0,0,1,1,1,1785532790
2026-07-31T21:33:45Z,696,14,11,9,0,0,1,1,1,1785533547
2026-07-31T21:33:45Z,697,16,4,6,1,0,1,1,1,1785533401
2026-07-31T21:33:45Z,698,27,0,0,0,0,1,1,1,1785533411
2026-07-31T21:33:45Z,699,5,0,9,1,0,1,1,1,1785532827
2026-07-31T21:33:45Z,700,17,0,0,2,0,1,1,1,1785533037
2026-07-31T21:33:45Z,701,14,2,5,0,0,1,1,1,1785533462
2026-07-31T21:33:45Z,702,6,1,16,1,0,1,1,1,1785533472
2026-07-31T21:33:45Z,704,3,0,12,0,0,1,1,1,1785533604
2026-07-31T21:33:45Z,705,2,1,13,0,0,1,1,1,1785533070
2026-07-31T21:33:45Z,706,4,1,9,2,0,1,1,1,1785532864
2026-07-31T21:33:45Z,707,7,1,8,0,0,1,1,1,1785532948
2026-07-31T21:33:45Z,708,13,1,5,1,0,1,1,1,1785533448
2026-07-31T21:33:45Z,709,4,0,8,3,0,1,1,1,1785533111
2026-07-31T21:33:45Z,710,1,0,17,1,0,1,1,1,1785532641
2026-07-31T21:33:45Z,711,5,2,15,3,0,1,1,1,1785532955
2026-07-31T21:33:45Z,712,9,8,5,1,0,1,1,1,1785533302
2026-07-31T21:33:45Z,713,1,1,22,0,0,1,1,1,1785533553
2026-07-31T21:33:45Z,716,4,3,11,0,0,1,1,1,1785532735
2026-07-31T21:33:45Z,717,3,1,20,2,0,1,1,1,1785533525
2026-07-31T21:33:45Z,718,5,1,8,2,0,1,1,1,1785533507
2026-07-31T21:33:45Z,719,6,1,23,0,0,1,1,1,1785533220
2026-07-31T21:33:45Z,720,0,0,19,0,0,1,1,1,1785533002
2026-07-31T21:33:45Z,721,5,0,15,3,0,1,1,1,1785532976
2026-07-31T21:33:45Z,722,7,1,8,0,0,1,1,1,1785532777
2026-07-31T21:33:45Z,723,14,2,9,0,0,1,1,1,1785532989
2026-07-31T21:33:45Z,724,10,3,12,1,0,1,1,1,1785532936
2026-07-31T21:33:45Z,725,1,0,21,1,0,1,1,1,1785531915
2026-07-31T21:33:45Z,726,7,0,11,1,0,1,1,1,1785533470
2026-07-31T21:33:45Z,727,10,5,12,1,0,1,1,1,1785532033
2026-07-31T21:33:45Z,728,9,0,5,1,0,1,1,1,1785533306
2026-07-31T21:33:45Z,729,4,1,15,0,0,1,1,1,1785533583
2026-07-31T21:33:45Z,730,0,0,12,3,0,1,1,1,1785532091
2026-07-31T21:33:45Z,731,4,3,9,2,0,1,1,1,1785533576
2026-07-31T21:33:45Z,732,3,2,12,0,0,1,1,1,1785532248
2026-07-31T21:33:45Z,733,10,2,17,0,0,1,1,1,1785533256
2026-07-31T21:33:45Z,734,5,2,9,0,0,1,1,1,1785532140
2026-07-31T21:33:45Z,735,18,10,9,0,0,1,1,1,1785533620
2026-07-31T21:33:45Z,736,12,1,7,0,0,1,1,1,1785533480
2026-07-31T21:33:45Z,737,2,1,12,0,1,1,1,1,1785533530
2026-07-31T21:33:45Z,738,15,5,4,0,0,1,1,1,1785533427
2026-07-31T21:33:45Z,739,17,0,9,1,0,1,1,1,1785533234
2026-07-31T21:33:45Z,741,7,0,16,0,0,1,1,1,1785533375
2026-07-31T21:33:45Z,742,16,10,17,2,0,1,1,1,1785533571
2026-07-31T21:33:45Z,743,5,2,14,0,0,1,1,1,1785533254
2026-07-31T21:33:45Z,744,10,2,5,0,0,1,1,1,1785533467
2026-07-31T21:33:45Z,745,11,4,8,0,0,1,1,1,1785533545
2026-07-31T21:33:45Z,746,2,1,20,1,0,1,1,1,1785533580
2026-07-31T21:33:45Z,747,0,0,4,0,0,0,1,1,1783446606
2026-07-31T21:33:45Z,748,8,0,15,0,0,1,1,1,1785532813
2026-07-31T21:33:45Z,749,2,0,21,0,0,1,1,1,1785533122
2026-07-31T21:33:45Z,750,5,2,5,1,0,1,1,1,1785532903
2026-07-31T21:33:45Z,751,17,14,6,0,0,1,1,1,1785533551
2026-07-31T21:33:45Z,752,2,0,14,1,0,1,1,1,1785533485
2026-07-31T21:33:45Z,753,0,0,14,1,0,1,1,1,1785532534
2026-07-31T21:33:45Z,754,7,2,8,0,0,1,1,1,1785533604
2026-07-31T21:33:45Z,755,13,3,9,1,0,1,1,1,1785533349
2026-07-31T21:33:45Z,756,5,5,31,1,0,1,1,1,1785533580
2026-07-31T21:33:45Z,757,0,0,19,0,0,1,1,1,1785533160
2026-07-31T21:33:45Z,758,4,2,19,0,0,1,1,1,1785533251
2026-07-31T21:33:45Z,759,0,0,0,0,0,1,1,1,86400
2026-07-31T21:33:45Z,760,9,2,10,0,0,1,1,1,1785531870
2026-07-31T21:33:45Z,761,2,0,21,0,0,1,1,1,1785533234
2026-07-31T21:33:45Z,762,4,2,6,5,0,1,1,1,1785533058
2026-07-31T21:33:45Z,768,7,0,8,4,0,1,1,1,1785532308
2026-07-31T21:33:45Z,769,15,12,3,1,0,1,1,1,1785533617
2026-07-31T21:33:45Z,770,6,2,11,2,0,1,1,1,1785533614
2026-07-31T21:33:45Z,771,11,1,3,1,0,1,1,1,1785533536
2026-07-31T21:33:45Z,772,0,0,15,0,0,1,1,1,1785533556
2026-07-31T21:33:45Z,773,17,3,2,0,0,1,1,1,1785533487
2026-07-31T21:33:45Z,774,7,1,4,4,0,1,1,1,1785533343
2026-07-31T21:33:45Z,775,6,1,11,1,1,1,1,1,1785533232
2026-07-31T21:33:45Z,776,1,0,19,1,0,1,1,1,1785532775
2026-07-31T21:33:45Z,777,13,5,2,0,0,1,1,1,1785533438
2026-07-31T21:33:45Z,778,12,0,3,4,0,1,1,1,1785533614
2026-07-31T21:33:45Z,779,6,0,12,1,0,1,1,1,1785532732
2026-07-31T21:33:45Z,780,3,1,16,0,0,1,1,1,1785533615
2026-07-31T21:33:45Z,781,3,1,6,2,0,1,1,1,1785532355
2026-07-31T21:33:45Z,782,0,0,15,4,0,1,1,1,1785533265
2026-07-31T21:33:45Z,783,8,2,11,0,0,1,1,1,1785533185
2026-07-31T21:33:45Z,784,4,0,15,0,0,1,1,1,1785532816
2026-07-31T21:33:45Z,785,9,2,4,6,0,1,1,1,1785532779
2026-07-31T21:33:45Z,786,10,5,9,0,0,1,1,1,1785532384
2026-07-31T21:33:45Z,787,4,3,10,1,0,1,1,1,1785533381
2026-07-31T21:33:45Z,788,6,1,9,0,0,1,1,1,1785533411
2026-07-31T21:33:45Z,789,7,2,4,4,0,1,1,1,1785533187
2026-07-31T21:33:45Z,790,2,0,21,0,0,1,1,1,1785532450
2026-07-31T21:33:45Z,791,11,1,7,0,1,1,1,1,1785533447
2026-07-31T21:33:45Z,793,4,0,10,1,0,1,1,1,1785533309
2026-07-31T21:33:45Z,794,15,2,12,2,0,1,1,1,1785533615
2026-07-31T21:33:45Z,796,6,3,12,1,0,1,1,1,1785533352
2026-07-31T21:33:45Z,797,4,1,11,0,0,1,1,1,1785533380
2026-07-31T21:33:45Z,798,18,0,6,1,0,1,1,1,1785533154
2026-07-31T21:33:45Z,799,13,2,2,4,0,1,1,1,1785533328
2026-07-31T21:33:45Z,800,1,0,19,1,0,1,1,1,1785532812
2026-07-31T21:33:45Z,801,2,2,18,1,0,1,1,1,1785533254
2026-07-31T21:33:45Z,802,9,0,22,0,0,1,1,1,1785533433
2026-07-31T21:33:45Z,803,2,0,13,0,0,1,1,1,1785532949
2026-07-31T21:33:45Z,806,4,3,10,1,0,1,1,1,1785533490
2026-07-31T21:33:45Z,807,10,5,12,3,0,1,1,1,1785533475
2026-07-31T21:33:45Z,808,19,6,4,2,0,1,1,1,1785533119
2026-07-31T21:33:45Z,809,4,1,18,1,0,1,1,1,1785533205
2026-07-31T21:33:45Z,810,4,2,13,2,0,1,1,1,1785533570
2026-07-31T21:33:45Z,815,8,3,2,4,1,1,1,1,1785533517
2026-07-31T21:33:45Z,817,10,6,5,0,0,1,1,1,1785532488
2026-07-31T21:33:45Z,818,6,1,17,0,0,1,1,1,1785532013
2026-07-31T21:33:45Z,819,7,4,8,0,0,1,1,1,1785532837
2026-07-31T21:33:45Z,820,10,0,7,0,0,1,1,1,1785533361
2026-07-31T21:33:45Z,821,3,3,12,0,0,1,1,1,1785533278
2026-07-31T21:33:45Z,822,3,0,19,1,0,1,1,1,1785533468
2026-07-31T21:33:45Z,823,15,2,0,0,0,1,1,1,1785532848
2026-07-31T21:33:45Z,824,7,4,12,0,0,1,1,1,1785533548
2026-07-31T21:33:45Z,825,5,4,9,1,0,1,1,1,1785533040
2026-07-31T21:33:45Z,826,7,1,10,2,0,1,1,1,1785532623
2026-07-31T21:33:45Z,827,18,4,1,2,0,1,1,1,1785533586
2026-07-31T21:33:45Z,828,13,1,3,2,0,1,1,1,1785533548
2026-07-31T21:33:45Z,829,17,6,10,0,0,1,1,1,1785532663
2026-07-31T21:33:45Z,830,16,0,6,1,0,1,1,1,1785533355
2026-07-31T21:33:45Z,831,5,3,8,2,0,1,1,1,1785533493
2026-07-31T21:33:45Z,832,7,3,8,3,0,1,1,1,1785533438
2026-07-31T21:33:45Z,833,2,1,16,1,0,1,1,1,1785533070
2026-07-31T21:33:45Z,834,17,0,5,2,0,1,1,1,1785533623
2026-07-31T21:33:45Z,835,4,1,12,2,0,1,1,1,1785533138
2026-07-31T21:33:45Z,838,0,0,13,2,0,1,1,1,1785533469
2026-07-31T21:33:45Z,839,17,0,12,0,0,1,1,1,1785533619
2026-07-31T21:33:45Z,840,0,0,28,1,0,1,1,1,1785532267
2026-07-31T21:33:45Z,841,8,2,7,0,0,1,1,1,1785533281
2026-07-31T21:33:45Z,842,2,0,21,0,0,1,1,1,1785532625
2026-07-31T21:33:45Z,843,14,2,17,0,0,1,1,1,1785533005
2026-07-31T21:33:45Z,844,4,0,19,0,0,1,1,1,1785532900
2026-07-31T21:33:45Z,845,4,3,13,2,0,1,1,1,1785532972
2026-07-31T21:33:45Z,846,3,1,15,1,0,1,1,1,1785532107
2026-07-31T21:33:45Z,847,6,1,20,1,0,1,1,1,1785532013
2026-07-31T21:33:45Z,848,2,1,16,1,0,1,1,1,1785532213
2026-07-31T21:33:45Z,849,7,0,7,1,0,1,1,1,1785533408
2026-07-31T21:33:45Z,850,5,0,6,0,0,1,1,1,1785532004
2026-07-31T21:33:45Z,851,5,4,29,3,0,1,1,1,1785533088
2026-07-31T21:33:45Z,852,9,3,10,0,0,1,1,1,1785532651
2026-07-31T21:33:45Z,853,11,5,12,0,0,1,1,1,1785531812
2026-07-31T21:33:45Z,854,2,1,13,0,0,1,1,1,1785533582
2026-07-31T21:33:45Z,855,26,0,1,0,0,1,1,1,1785533207
2026-07-31T21:33:45Z,857,4,4,13,2,0,1,1,1,1785533542
2026-07-31T21:33:45Z,858,5,2,13,1,0,1,1,1,1785533377
2026-07-31T21:33:45Z,859,8,0,12,1,0,1,1,1,1785533558
2026-07-31T21:33:45Z,861,6,0,4,1,0,1,1,1,1785528609
2026-07-31T21:33:45Z,862,4,2,11,0,0,1,1,1,1785532743
2026-07-31T21:33:45Z,863,13,0,5,1,0,1,1,1,1785529013
2026-07-31T21:33:45Z,866,10,1,9,0,0,1,1,1,1785533555
2026-07-31T21:33:45Z,867,14,2,1,0,0,1,1,1,1785532346
2026-07-31T21:33:45Z,868,7,0,8,0,0,1,1,1,1785532598
2026-07-31T21:33:45Z,870,8,5,7,0,0,1,1,1,1785532825
2026-07-31T21:33:45Z,871,0,0,10,1,0,1,1,1,1785532150
2026-07-31T21:33:45Z,872,1,0,13,1,0,1,1,1,1785532734
2026-07-31T21:33:45Z,873,8,0,24,1,0,1,1,1,1785533054
2026-07-31T21:33:45Z,874,5,0,7,3,0,1,1,1,1785532868
2026-07-31T21:33:45Z,875,12,8,1,2,0,1,1,1,1785532953
2026-07-31T21:33:45Z,877,13,12,6,0,0,1,1,1,1785532423
2026-07-31T21:33:45Z,878,3,3,16,0,0,1,1,1,1785532997
2026-07-31T21:33:45Z,879,2,0,17,0,0,1,1,1,1785532030
2026-07-31T21:33:45Z,880,3,0,19,1,0,1,1,1,1785533272
2026-07-31T21:33:45Z,881,3,0,16,0,0,1,1,1,1785533609
2026-07-31T21:33:45Z,882,10,4,8,1,0,1,1,1,1785532975
2026-07-31T21:33:45Z,883,7,3,12,0,0,1,1,1,1785533324
2026-07-31T21:33:45Z,884,10,6,11,0,0,1,1,1,1785532444
2026-07-31T21:33:45Z,885,0,0,19,0,0,1,1,1,1785532661
2026-07-31T21:33:45Z,886,3,0,24,2,0,1,1,1,1785533619
2026-07-31T21:33:45Z,887,9,4,5,3,0,1,1,1,1785533449
2026-07-31T21:33:45Z,888,6,1,32,3,0,1,1,1,1785533556
2026-07-31T21:33:45Z,889,2,1,15,2,0,1,1,1,1785532933
2026-07-31T21:33:45Z,890,8,4,7,0,0,1,1,1,1785527402
2026-07-31T21:33:45Z,891,20,0,2,1,0,1,1,1,1785532872
2026-07-31T21:33:45Z,892,12,1,3,0,0,1,1,1,1785533143
2026-07-31T21:33:45Z,895,2,0,17,0,0,1,1,1,1785532916
2026-07-31T21:33:45Z,896,9,2,26,0,0,1,1,1,1785532881
2026-07-31T21:33:45Z,897,14,1,7,0,0,1,1,1,1785532895
2026-07-31T21:33:45Z,898,2,0,17,0,0,1,1,1,1785532573
2026-07-31T21:33:45Z,899,0,0,18,1,0,1,1,1,1785533623
2026-07-31T21:33:45Z,900,4,0,22,1,0,1,1,1,1785533606
2026-07-31T21:33:45Z,901,1,0,17,1,0,1,1,1,1785533523
2026-07-31T21:33:45Z,902,5,1,10,0,0,1,1,1,1785532477
2026-07-31T21:33:45Z,903,7,2,11,1,0,1,1,1,1785532054
2026-07-31T21:33:45Z,904,10,4,8,1,0,1,1,1,1785532977
2026-07-31T21:33:45Z,905,8,0,18,1,0,1,1,1,1785533606
2026-07-31T21:33:45Z,906,18,8,8,1,0,1,1,1,1785533563
2026-07-31T21:33:45Z,907,9,0,22,0,0,1,1,1,1785533458
2026-07-31T21:33:45Z,908,12,2,11,0,0,1,1,1,1785533592
2026-07-31T21:33:45Z,909,9,8,14,0,0,1,1,1,1785533559
2026-07-31T21:33:45Z,910,15,0,12,4,0,1,1,1,1785533587
2026-07-31T21:33:45Z,911,4,1,15,0,0,1,1,1,1785532506
2026-07-31T21:33:45Z,912,7,1,15,1,0,1,1,1,1785533490
2026-07-31T21:33:45Z,913,6,4,13,0,0,1,1,1,1785532711
2026-07-31T21:33:45Z,914,16,0,1,2,0,1,1,1,1785533369
2026-07-31T21:33:45Z,915,12,0,8,3,0,1,1,1,1785533253
2026-07-31T21:33:45Z,916,2,0,21,0,0,1,1,1,1785533608
2026-07-31T21:33:45Z,917,6,0,28,1,0,1,1,1,1785533351
2026-07-31T21:33:45Z,918,0,0,17,2,0,1,1,1,1785533573
2026-07-31T21:33:45Z,919,31,1,6,2,0,1,1,1,1785533608
2026-07-31T21:33:45Z,920,7,2,12,0,0,1,1,1,1785533284
2026-07-31T21:33:45Z,921,10,0,11,0,0,1,1,1,1785533074
2026-07-31T21:33:45Z,922,0,0,21,0,0,1,1,1,1785533523
2026-07-31T21:33:45Z,923,12,4,7,0,0,1,1,1,1785533396
2026-07-31T21:33:45Z,924,5,0,15,1,0,1,1,1,1785531862
2026-07-31T21:33:45Z,925,11,0,10,0,0,1,1,1,1785533185
2026-07-31T21:33:45Z,926,1,0,20,0,0,1,1,1,1785533262
2026-07-31T21:33:45Z,927,26,3,9,0,0,1,1,1,1785533168
2026-07-31T21:33:45Z,928,0,0,19,0,0,0,1,1,1785500252
2026-07-31T21:33:45Z,929,13,0,10,0,0,1,1,1,1785533603
2026-07-31T21:33:45Z,930,8,0,22,1,0,1,1,1,1785533117
2026-07-31T21:33:45Z,931,4,2,18,1,0,1,1,1,1785533423
2026-07-31T21:33:45Z,932,3,0,14,2,0,1,1,1,1785533621
2026-07-31T21:33:45Z,933,10,1,12,1,0,1,1,1,1785533558
2026-07-31T21:33:45Z,934,23,0,7,1,0,1,1,1,1785533500
2026-07-31T21:33:45Z,935,6,0,12,1,0,1,1,1,1785533492
2026-07-31T21:33:45Z,936,6,0,13,0,0,1,1,1,1785533587
2026-07-31T21:33:45Z,940,2,0,8,1,0,1,1,1,1785533305
2026-07-31T21:33:45Z,941,17,2,5,3,0,1,1,1,1785533409
2026-07-31T21:33:45Z,942,16,0,5,0,0,1,1,1,1785532712
2026-07-31T21:33:45Z,943,8,8,7,0,0,1,1,1,1785532815
2026-07-31T21:33:45Z,944,10,8,5,0,0,1,1,1,1785532662
2026-07-31T21:33:45Z,945,10,8,5,0,0,1,1,1,1785532186
2026-07-31T21:33:45Z,946,7,5,12,0,0,1,1,1,1785523835
2026-07-31T21:33:45Z,947,5,3,12,0,0,1,1,1,1785533122
2026-07-31T21:33:45Z,948,16,13,11,4,0,1,1,1,1785533489
2026-07-31T21:33:45Z,949,5,5,9,1,0,1,1,1,1785533376
2026-07-31T21:33:45Z,950,9,2,7,1,0,1,1,1,1785533586
2026-07-31T21:33:45Z,951,18,6,5,0,0,1,1,1,1785532974
2026-07-31T21:33:45Z,952,23,0,31,1,0,1,1,1,1785533616
2026-07-31T21:33:45Z,953,1,0,13,1,0,1,1,1,1785533400
2026-07-31T21:33:45Z,954,7,0,12,0,0,1,1,1,1785532826
2026-07-31T21:33:45Z,955,7,4,14,6,0,1,1,1,1785532069
2026-07-31T21:33:45Z,956,11,1,11,1,0,1,1,1,1785533285
2026-07-31T21:33:45Z,957,14,1,15,0,0,1,1,1,1785533553
2026-07-31T21:33:45Z,958,28,0,1,2,0,1,1,1,1785533586
2026-07-31T21:33:45Z,959,5,1,17,1,0,1,1,1,1785533538
2026-07-31T21:33:45Z,960,2,2,21,0,0,1,1,1,1785533524
2026-07-31T21:33:45Z,961,3,0,17,3,0,1,1,1,1785533449
2026-07-31T21:33:45Z,962,7,2,25,3,0,1,1,1,1785533543
2026-07-31T21:33:45Z,963,6,0,16,1,0,1,1,1,1785533591
2026-07-31T21:33:45Z,964,11,10,12,0,0,1,1,1,1785533601
2026-07-31T21:33:45Z,965,11,6,15,1,0,1,1,1,1785533082
2026-07-31T21:33:45Z,966,11,0,19,1,0,1,1,1,1785533557
2026-07-31T21:33:45Z,967,16,1,3,2,0,1,1,1,1785533437
2026-07-31T21:33:45Z,968,14,0,4,1,0,1,1,1,1785533412
2026-07-31T21:33:45Z,969,1,0,24,2,0,1,1,1,1785533139
2026-07-31T21:33:45Z,970,1,1,17,1,0,1,1,1,1785533040
2026-07-31T21:33:45Z,971,1,0,21,1,0,1,1,1,1785533051
2026-07-31T21:33:45Z,972,12,4,10,1,0,1,1,1,1785532699
2026-07-31T21:33:45Z,973,4,0,18,1,0,1,1,1,1785533143
2026-07-31T21:33:45Z,974,14,0,12,1,0,1,1,1,1785533483
2026-07-31T21:33:45Z,977,2,0,17,2,0,1,1,1,1785533281
2026-07-31T21:33:45Z,978,18,0,5,0,0,1,1,1,1785532571
2026-07-31T21:33:45Z,979,0,0,17,0,0,1,1,1,1785533292
2026-07-31T21:33:45Z,980,1,0,19,1,0,1,1,1,1785533456
2026-07-31T21:33:45Z,981,8,0,13,0,0,1,1,1,1785533591
2026-07-31T21:33:45Z,982,4,1,14,1,0,1,1,1,1785532740
2026-07-31T21:33:45Z,983,2,2,21,0,0,1,1,1,1785533207
2026-07-31T21:33:45Z,984,6,0,17,0,0,1,1,1,1785532543
2026-07-31T21:33:45Z,985,8,0,22,1,0,1,1,1,1785533572
2026-07-31T21:33:45Z,986,3,0,16,0,0,1,1,1,1785532742
2026-07-31T21:33:45Z,987,7,1,16,0,0,1,1,1,1785533320
2026-07-31T21:33:45Z,988,6,4,13,0,0,1,1,1,1785532913
2026-07-31T21:33:45Z,989,7,4,12,0,0,1,1,1,1785531894
2026-07-31T21:33:45Z,990,12,0,2,1,0,1,1,1,1785532903
2026-07-31T21:33:45Z,991,9,0,9,1,0,1,1,1,1785532648
2026-07-31T21:33:45Z,992,9,5,14,0,0,1,1,1,1785533535
2026-07-31T21:33:45Z,993,4,3,22,1,0,1,1,1,1785533401
2026-07-31T21:33:45Z,994,0,0,21,0,0,1,1,1,1785531963
2026-07-31T21:33:45Z,995,6,0,21,0,0,1,1,1,1785532992
2026-07-31T21:33:45Z,996,8,2,15,0,0,1,1,1,1785532822
2026-07-31T21:33:45Z,997,5,4,6,9,3,1,1,1,1785533514
2026-07-31T21:33:45Z,998,5,4,18,0,0,1,1,1,1785533080
2026-07-31T21:33:45Z,999,4,1,15,1,1,1,1,1,1785532944
2026-07-31T21:33:45Z,1000,1,0,20,0,0,1,1,1,1785533622
2026-07-31T21:33:45Z,1001,5,3,22,0,0,1,1,1,1785533147
2026-07-31T21:33:45Z,1002,3,2,27,1,0,1,1,1,1785533180
2026-07-31T21:33:45Z,1003,1,0,22,0,0,1,1,1,1785532717
2026-07-31T21:33:45Z,1004,8,2,15,0,0,1,1,1,1785533013
2026-07-31T21:33:45Z,1005,20,1,3,0,0,1,1,1,1785532907
2026-07-31T21:33:45Z,1006,8,4,11,0,0,1,1,1,1785532713
2026-07-31T21:33:45Z,1007,1,1,20,0,0,1,1,1,1785532358
2026-07-31T21:33:45Z,1008,8,7,15,0,0,1,1,1,1785531894
2026-07-31T21:33:45Z,1009,22,5,8,1,0,1,1,1,1785533618
2026-07-31T21:33:45Z,1010,8,2,19,0,0,1,1,1,1785532621
2026-07-31T21:33:45Z,1011,7,2,10,2,0,1,1,1,1785533084
2026-07-31T21:33:45Z,1012,5,3,16,2,0,1,1,1,1785532679
2026-07-31T21:33:45Z,1013,4,1,18,1,0,1,1,1,1785533238
2026-07-31T21:33:45Z,1014,8,4,15,0,0,1,1,1,1785533205
2026-07-31T21:33:45Z,1015,4,3,26,1,0,1,1,1,1785533556
2026-07-31T21:33:45Z,1016,10,5,21,0,0,1,1,1,1785532632
2026-07-31T21:33:45Z,1017,13,5,8,0,0,1,1,1,1785532071
2026-07-31T21:33:45Z,1018,6,2,16,0,0,1,1,1,1785532758
2026-07-31T21:33:45Z,1019,8,5,7,0,0,1,1,1,1785532623
2026-07-31T21:33:45Z,1020,19,5,2,0,0,1,1,1,1785531937
2026-07-31T21:33:45Z,1021,9,4,6,0,0,1,1,1,1785533423
2026-07-31T21:33:45Z,1022,14,0,13,0,0,1,1,1,1785532892
2026-07-31T21:33:45Z,1023,14,2,9,0,0,1,1,1,1785532512
2026-07-31T21:33:45Z,1024,4,2,15,0,0,1,1,1,1785533622
2026-07-31T21:33:45Z,1025,4,0,14,0,1,1,1,1,1785532872
2026-07-31T21:33:45Z,1026,12,9,18,1,0,1,1,1,1785532253
2026-07-31T21:33:45Z,1028,3,1,20,0,0,1,1,1,1785532853
2026-07-31T21:33:45Z,1029,12,10,3,0,0,1,1,1,1785531918
2026-07-31T21:33:45Z,1030,13,4,10,0,0,1,1,1,1785533549
2026-07-31T21:33:45Z,1031,9,1,10,0,0,1,1,1,1785532039
2026-07-31T21:33:45Z,1032,7,1,12,0,0,1,1,1,1785532711
2026-07-31T21:33:45Z,1033,9,5,10,0,0,1,1,1,1785533535
2026-07-31T21:33:45Z,1034,3,0,12,0,0,1,1,1,1785532690
2026-07-31T21:33:45Z,1035,0,0,18,1,0,1,1,1,1785532718
2026-07-31T21:33:45Z,1036,13,0,2,0,0,1,1,1,1785533270
2026-07-31T21:33:45Z,1037,0,0,18,1,0,1,1,1,1785533085
2026-07-31T21:33:45Z,1038,1,0,14,0,0,1,1,1,1785532381
2026-07-31T21:33:45Z,1039,7,0,12,0,0,1,1,1,1785532861
2026-07-31T21:33:45Z,1040,8,5,11,0,0,1,1,1,1785533378
2026-07-31T21:33:45Z,1041,10,2,9,0,0,1,1,1,1785532631
2026-07-31T21:33:45Z,1042,3,0,11,1,0,1,1,1,1785532789
2026-07-31T21:33:45Z,1043,8,5,10,1,0,1,1,1,1785533093
2026-07-31T21:33:45Z,1044,1,0,14,0,0,1,1,1,1785532437
2026-07-31T21:33:45Z,1045,9,0,10,0,0,1,1,1,1785532693
2026-07-31T21:33:45Z,1046,9,0,6,0,0,1,1,1,1785532062
2026-07-31T21:33:45Z,1047,4,0,17,0,0,1,1,1,1785533482
2026-07-31T21:33:45Z,1048,1,0,18,0,0,1,1,1,1785532672
2026-07-31T21:33:45Z,1049,0,0,21,0,0,1,1,1,1785532778
2026-07-31T21:33:45Z,1050,20,5,1,0,0,1,1,1,1785533294
2026-07-31T21:33:45Z,1051,8,3,13,0,0,1,1,1,1785531934
2026-07-31T21:33:45Z,1052,16,1,5,1,0,1,1,1,1785532570
2026-07-31T21:33:45Z,1053,2,1,13,0,0,1,1,1,1785532573
2026-07-31T21:33:45Z,1054,5,1,10,0,0,1,1,1,1785532820
2026-07-31T21:33:45Z,1055,9,2,10,0,0,1,1,1,1785532842
2026-07-31T21:33:45Z,1057,5,0,14,0,0,1,1,1,1785533559
2026-07-31T21:33:45Z,1058,13,1,43,0,0,1,1,1,1785533612
2026-07-31T21:33:45Z,1059,1,1,17,1,0,1,1,1,1785532695
2026-07-31T21:33:45Z,1060,15,0,22,0,0,1,1,1,1785533336
2026-07-31T21:33:45Z,1061,16,0,21,0,0,1,1,1,1785533603
2026-07-31T21:33:45Z,1062,8,1,9,0,0,1,1,1,1785533164
2026-07-31T21:33:45Z,1063,12,1,6,1,0,1,1,1,1785532753
2026-07-31T21:33:45Z,1064,3,0,19,1,0,1,1,1,1785533123
2026-07-31T21:33:45Z,1065,16,3,7,0,0,1,1,1,1785533368
2026-07-31T21:33:45Z,1066,12,2,11,0,0,1,1,1,1785533187
2026-07-31T21:33:45Z,1067,8,2,13,2,0,1,1,1,1785533463
2026-07-31T21:33:45Z,1068,5,2,15,3,0,1,1,1,1785533002
2026-07-31T21:33:45Z,1069,12,3,11,0,0,1,1,1,1785533001
2026-07-31T21:33:45Z,1070,12,2,11,0,0,1,1,1,1785533105
2026-07-31T21:33:45Z,1071,8,4,15,0,0,1,1,1,1785533140
2026-07-31T21:33:45Z,1072,11,1,11,1,0,1,1,1,1785533548
2026-07-31T21:33:45Z,1073,8,0,18,1,0,1,1,1,1785533537
2026-07-31T21:33:45Z,1074,25,0,26,2,0,1,1,1,1785533622
2026-07-31T21:33:45Z,1075,7,7,14,0,0,1,1,1,1785532032
2026-07-31T21:33:45Z,1076,13,10,8,0,0,1,1,1,1785533044
2026-07-31T21:33:45Z,1077,12,8,9,0,0,1,1,1,1785533414
2026-07-31T21:33:45Z,1078,10,9,11,0,0,1,1,1,1785531991
2026-07-31T21:33:45Z,1079,14,10,7,0,0,1,1,1,1785532611
2026-07-31T21:33:45Z,1080,11,8,8,2,0,1,1,1,1785532539
2026-07-31T21:33:45Z,1081,13,7,6,0,0,1,1,1,1785533539
2026-07-31T21:33:45Z,1082,12,11,11,0,0,1,1,1,1785533261
2026-07-31T21:33:45Z,1083,12,10,9,0,0,1,1,1,1785532882
2026-07-31T21:33:45Z,1084,9,7,12,0,0,1,1,1,1785532497
2026-07-31T21:33:45Z,1085,12,9,9,0,0,1,1,1,1785532206
2026-07-31T21:33:45Z,1086,11,9,9,1,0,1,1,1,1785532899
2026-07-31T21:33:45Z,1087,7,7,8,0,0,1,1,1,1785533377
2026-07-31T21:33:45Z,1088,9,6,6,0,0,1,1,1,1785533496
2026-07-31T21:33:45Z,1089,7,3,8,0,0,1,1,1,1785529453
2026-07-31T21:33:45Z,1090,7,6,8,0,0,1,1,1,1785533605
2026-07-31T21:33:45Z,1091,7,5,8,0,0,1,1,1,1785531889
2026-07-31T21:33:45Z,1092,9,8,5,1,0,1,1,1,1785533301
2026-07-31T21:33:45Z,1093,5,5,9,1,0,1,1,1,1785531962
2026-07-31T21:33:45Z,1094,10,9,9,0,0,1,1,1,1785532704
2026-07-31T21:33:45Z,1095,10,8,5,0,0,1,1,1,1785532680
2026-07-31T21:33:45Z,1096,11,8,8,0,0,1,1,1,1785533080
2026-07-31T21:33:45Z,1097,8,8,7,0,0,1,1,1,1785533271
2026-07-31T21:33:45Z,1098,9,7,10,0,0,1,1,1,1785532310
2026-07-31T21:33:45Z,1099,7,6,8,0,0,1,1,1,1785532540
2026-07-31T21:33:45Z,1100,6,4,23,0,0,1,1,1,1785532207
2026-07-31T21:33:45Z,1101,10,5,11,0,0,1,1,1,1785532466
2026-07-31T21:33:45Z,1102,9,4,4,0,0,1,1,1,1785533481
2026-07-31T21:33:45Z,1103,11,5,10,0,0,1,1,1,1785503681
2026-07-31T21:33:45Z,1104,11,6,10,0,0,1,1,1,1785532216
2026-07-31T21:33:45Z,1105,8,4,5,0,0,1,1,1,1785533364
2026-07-31T21:33:45Z,1106,10,5,11,0,0,1,1,1,1785532558
2026-07-31T21:33:45Z,1107,9,5,6,0,0,1,1,1,1785532801
2026-07-31T21:33:45Z,1108,8,4,16,2,1,1,1,1,1785533400
2026-07-31T21:33:45Z,1109,7,3,8,0,0,1,1,1,1785532744
2026-07-31T21:33:45Z,1110,11,3,10,0,0,1,1,1,1785532884
2026-07-31T21:33:45Z,1111,12,5,8,1,0,1,1,1,1785532759
2026-07-31T21:33:45Z,1112,22,0,31,0,0,1,1,1,1785533600
2026-07-31T21:33:45Z,1113,1,0,20,0,0,1,1,1,1785531999
2026-07-31T21:33:45Z,1115,11,1,8,4,0,1,1,1,1785533282
2026-07-31T21:33:45Z,1116,2,0,17,0,0,1,1,1,1785532730
2026-07-31T21:33:45Z,1117,2,1,19,2,0,1,1,1,1785533161
2026-07-31T21:33:45Z,1118,15,1,6,0,0,1,1,1,1785533590
2026-07-31T21:33:45Z,1119,7,2,10,0,0,1,1,1,1785532976
2026-07-31T21:33:45Z,1120,5,1,13,1,0,1,1,1,1785532821
2026-07-31T21:33:45Z,1121,4,1,16,1,0,1,1,1,1785533617
2026-07-31T21:33:45Z,1122,5,1,15,1,0,1,1,1,1785533521
2026-07-31T21:33:45Z,1123,10,8,11,2,0,1,1,1,1785532958
2026-07-31T21:33:45Z,1124,2,1,11,2,0,1,1,1,1785533622
2026-07-31T21:33:45Z,1125,16,1,7,0,0,1,1,1,1785533105
2026-07-31T21:33:45Z,1126,6,0,15,0,0,1,1,1,1785533489
2026-07-31T21:33:45Z,1127,4,2,15,0,0,1,1,1,1785533389
2026-07-31T21:33:45Z,1128,1,1,14,0,0,1,1,1,1785533522
2026-07-31T21:33:45Z,1129,2,1,17,2,0,1,1,1,1785532796
2026-07-31T21:33:45Z,1130,5,0,6,2,2,1,1,1,1785533498
2026-07-31T21:33:45Z,1131,1,1,47,1,0,1,1,1,1785533480
2026-07-31T21:33:45Z,1132,9,4,11,1,0,1,1,1,1785533485
2026-07-31T21:33:45Z,1133,6,4,11,4,0,1,1,1,1785533517
2026-07-31T21:33:45Z,1134,12,6,7,0,0,1,1,1,1785533242
2026-07-31T21:33:45Z,1135,12,6,9,0,0,1,1,1,1785532363
2026-07-31T21:33:45Z,1136,14,1,8,1,0,1,1,1,1785533459
2026-07-31T21:33:45Z,1137,12,0,3,0,0,1,1,1,1785532615
2026-07-31T21:33:45Z,1138,5,0,14,0,0,1,1,1,1785532967
2026-07-31T21:33:45Z,1139,12,3,8,1,0,1,1,1,1785533411
2026-07-31T21:33:45Z,1140,3,0,18,2,0,1,1,1,1785533473
2026-07-31T21:33:45Z,1141,5,2,16,0,0,1,1,1,1785533187
2026-07-31T21:33:45Z,1142,3,0,18,0,0,1,1,1,1785533372
2026-07-31T21:33:45Z,1143,24,0,5,0,0,1,1,1,1785533549
2026-07-31T21:33:45Z,1144,6,0,14,1,0,1,1,1,1785533622
2026-07-31T21:33:45Z,1145,11,5,9,1,0,1,1,1,1785533139
2026-07-31T21:33:45Z,1146,6,3,8,5,0,1,1,1,1785533622
2026-07-31T21:33:45Z,1147,11,1,8,0,0,1,1,1,1785533571
2026-07-31T21:33:45Z,1148,11,0,20,0,0,1,1,1,1785533598
2026-07-31T21:33:45Z,1149,6,6,15,4,0,1,1,1,1785532520
2026-07-31T21:33:45Z,1150,9,0,10,0,0,1,1,1,1785533602
2026-07-31T21:33:45Z,1151,7,0,14,0,0,1,1,1,1785533390
2026-07-31T21:33:45Z,1152,3,0,26,0,0,1,1,1,1785532759
2026-07-31T21:33:45Z,1153,19,0,3,1,0,1,1,1,1785533410
2026-07-31T21:33:45Z,1154,4,0,15,0,0,1,1,1,1785532629
2026-07-31T21:33:45Z,1155,5,4,12,4,0,1,1,1,1785533471
2026-07-31T21:33:45Z,1158,3,1,16,0,0,1,1,1,1785532615
2026-07-31T21:33:45Z,1159,12,0,7,0,0,1,1,1,1785532977
2026-07-31T21:33:45Z,1160,9,2,10,0,0,1,1,1,1785533053
2026-07-31T21:33:45Z,1161,3,0,15,1,0,1,1,1,1785533112
2026-07-31T21:33:45Z,1162,3,1,16,0,0,1,1,1,1785533367
2026-07-31T21:33:45Z,1163,2,1,16,1,0,1,1,1,1785532735
2026-07-31T21:33:45Z,1164,5,1,14,0,0,1,1,1,1785532792
2026-07-31T21:33:45Z,1165,1,0,20,0,0,1,1,1,1785533537
2026-07-31T21:33:45Z,1166,13,3,7,1,0,1,1,1,1785533075
2026-07-31T21:33:45Z,1167,4,0,11,0,0,1,1,1,1785532463
2026-07-31T21:33:45Z,1168,3,0,18,2,0,1,1,1,1785533029
2026-07-31T21:33:45Z,1169,3,0,15,1,0,1,1,1,1785532637
2026-07-31T21:33:45Z,1170,7,1,14,0,0,1,1,1,1785533036
2026-07-31T21:33:45Z,1171,9,8,14,0,0,1,1,1,1785532738
2026-07-31T21:33:45Z,1172,5,0,8,2,0,1,1,1,1785532785
2026-07-31T21:33:45Z,1173,13,4,6,0,0,1,1,1,1785532896
2026-07-31T21:33:45Z,1174,6,3,9,0,0,1,1,1,1785532539
2026-07-31T21:33:45Z,1175,5,3,14,0,0,1,1,1,1785531043
2026-07-31T21:33:45Z,1176,8,2,13,0,0,1,1,1,1785532121
2026-07-31T21:33:45Z,1177,3,1,18,0,0,1,1,1,1785532053
2026-07-31T21:33:45Z,1178,5,2,10,0,0,1,1,1,1785532462
2026-07-31T21:33:45Z,1181,14,0,1,0,0,1,1,1,1785533410
2026-07-31T21:33:45Z,1182,17,2,2,1,0,1,1,1,1785533583
2026-07-31T21:33:45Z,1183,14,0,29,2,0,1,1,1,1785533508
2026-07-31T21:33:45Z,1184,4,3,15,2,0,1,1,1,1785533560
2026-07-31T21:33:45Z,1185,10,6,11,0,0,1,1,1,1785532845
2026-07-31T21:33:45Z,1186,9,5,10,0,0,1,1,1,1785533166
2026-07-31T21:33:45Z,1187,10,5,10,1,0,1,1,1,1785533400
2026-07-31T21:33:45Z,1188,10,5,5,0,0,1,1,1,1785532799
2026-07-31T21:33:45Z,1189,8,3,11,0,0,1,1,1,1785532929
2026-07-31T21:33:45Z,1190,9,4,12,0,0,1,1,1,1785532345
2026-07-31T21:33:45Z,1191,10,5,5,0,0,1,1,1,1785532803
2026-07-31T21:33:45Z,1192,11,7,9,1,0,1,1,1,1785532709
2026-07-31T21:33:45Z,1193,6,4,5,2,0,1,1,1,1785533568
2026-07-31T21:33:45Z,1197,9,6,7,1,0,1,1,1,1785533583
2026-07-31T21:33:45Z,1198,13,4,6,2,0,1,1,1,1785533235
2026-07-31T21:33:45Z,1199,3,0,16,0,0,1,1,1,1785533222
2026-07-31T21:33:45Z,1200,9,5,6,0,0,1,1,1,1785532839
2026-07-31T21:33:45Z,1201,9,4,6,0,0,1,1,1,1785532814
2026-07-31T21:33:45Z,1202,10,5,5,0,0,1,1,1,1785532915
2026-07-31T21:33:45Z,1203,11,5,4,0,0,1,1,1,1785532820
2026-07-31T21:33:45Z,1204,7,4,12,0,0,1,1,1,1785532596
2026-07-31T21:33:45Z,1206,11,5,10,0,0,1,1,1,1785531836
2026-07-31T21:33:45Z,1207,8,4,6,1,0,1,1,1,1785533132
2026-07-31T21:33:45Z,1208,10,4,9,0,0,1,1,1,1785533078
2026-07-31T21:33:45Z,1216,8,0,12,1,0,1,1,1,1785533494
2026-07-31T21:33:45Z,1218,4,0,17,0,0,1,1,1,1785532449
2026-07-31T21:33:45Z,1219,2,1,10,3,0,1,1,1,1785532723
2026-07-31T21:33:45Z,1220,17,6,2,0,0,1,1,1,1785532089
2026-07-31T21:33:45Z,1221,1,1,19,1,0,1,1,1,1785533619
2026-07-31T21:33:45Z,1222,13,2,16,0,0,1,1,1,1785533570
2026-07-31T21:33:45Z,1223,28,0,0,1,0,1,1,1,1785532922
2026-07-31T21:33:45Z,1226,0,0,3,0,0,0,1,1,1781868931
2026-07-31T21:33:45Z,1227,5,0,19,1,0,1,1,1,1785533136
2026-07-31T21:33:45Z,1228,1,1,28,0,0,1,1,1,1785533574
2026-07-31T21:33:45Z,1229,44,2,0,1,0,1,1,1,1785533572
2026-07-31T21:38:45Z,1,7,0,16,0,0,1,1,1,1785533872
2026-07-31T21:38:45Z,2,21,0,3,3,0,1,1,1,1785533861
2026-07-31T21:38:45Z,3,10,1,3,1,0,1,1,1,1785533784
2026-07-31T21:38:45Z,4,20,0,1,1,0,1,1,1,1785533395
2026-07-31T21:38:45Z,5,18,4,3,2,0,1,1,1,1785533822
2026-07-31T21:38:45Z,6,3,0,12,0,0,1,1,1,1785533715
2026-07-31T21:38:45Z,7,11,0,28,0,0,1,1,1,1785533169
2026-07-31T21:38:45Z,8,14,2,29,0,0,1,1,1,1785533777
2026-07-31T21:38:45Z,9,14,0,9,0,0,1,1,1,1785533898
2026-07-31T21:38:45Z,10,2,1,19,2,0,1,1,1,1785532806
2026-07-31T21:38:45Z,11,6,0,11,2,0,1,1,1,1785533744
2026-07-31T21:38:45Z,12,22,0,1,0,0,1,1,1,1785533618
2026-07-31T21:38:45Z,13,13,1,17,0,0,1,1,1,1785533812
2026-07-31T21:38:45Z,14,41,0,1,0,1,1,1,1,1785533690
2026-07-31T21:38:45Z,15,3,0,12,0,0,1,1,1,1785533374
2026-07-31T21:38:45Z,16,2,0,22,2,1,1,1,1,1785533872
2026-07-31T21:38:45Z,17,15,0,11,1,0,1,1,1,1785533889
2026-07-31T21:38:45Z,18,8,0,8,2,0,1,1,1,1785533899
2026-07-31T21:38:45Z,19,8,2,18,1,0,1,1,1,1785533838
2026-07-31T21:38:45Z,20,22,4,13,0,0,1,1,1,1785533858
2026-07-31T21:38:45Z,21,1,0,16,2,0,1,1,1,1785533823
2026-07-31T21:38:45Z,22,20,0,45,0,0,1,1,1,1785533791
2026-07-31T21:38:45Z,23,12,7,18,1,0,1,1,1,1785533873
2026-07-31T21:38:45Z,24,4,1,6,1,0,1,1,1,1785533907
2026-07-31T21:38:45Z,25,71,1,8,2,0,1,1,1,1785533912
2026-07-31T21:38:45Z,26,24,0,3,0,0,1,1,1,1785533900
2026-07-31T21:38:45Z,28,10,1,5,0,0,1,1,1,1785532880
2026-07-31T21:38:45Z,30,10,0,17,2,0,1,1,1,1785533714
2026-07-31T21:38:45Z,31,9,0,8,2,0,1,1,1,1785533749
2026-07-31T21:38:45Z,32,19,1,8,0,0,1,1,1,1785533901
2026-07-31T21:38:45Z,34,23,2,13,1,0,1,1,1,1785533856
2026-07-31T21:38:45Z,35,27,2,20,0,0,1,1,1,1785533770
2026-07-31T21:38:45Z,36,0,0,0,0,0,0,1,1,86400
2026-07-31T21:38:45Z,37,15,2,8,0,0,1,1,1,1785533728
2026-07-31T21:38:45Z,38,3,0,20,0,0,1,1,1,1785533699
2026-07-31T21:38:45Z,39,16,3,23,0,0,1,1,1,1785533913
2026-07-31T21:38:45Z,40,6,0,15,0,0,1,1,1,1785533878
2026-07-31T21:38:45Z,41,26,0,17,0,0,1,1,1,1785533844
2026-07-31T21:38:45Z,42,4,3,26,1,0,1,1,1,1785533513
2026-07-31T21:38:45Z,43,9,1,14,0,0,1,1,1,1785533512
2026-07-31T21:38:45Z,45,4,0,25,0,0,1,1,1,1785533783
2026-07-31T21:38:45Z,46,0,0,28,3,0,1,1,1,1785533902
2026-07-31T21:38:45Z,47,3,0,11,1,0,1,1,1,1785533687
2026-07-31T21:38:45Z,48,20,0,7,0,0,1,1,1,1785533685
2026-07-31T21:38:45Z,49,0,0,19,4,0,1,1,1,1785533909
2026-07-31T21:38:45Z,50,3,3,15,1,0,1,1,1,1785533374
2026-07-31T21:38:45Z,51,44,0,33,0,0,1,1,1,1785532841
2026-07-31T21:38:45Z,52,2,0,22,3,0,1,1,1,1785533876
2026-07-31T21:38:45Z,55,4,0,19,0,0,1,1,1,1785533800
2026-07-31T21:38:45Z,56,15,1,28,0,0,1,1,1,1785533787
2026-07-31T21:38:45Z,57,6,0,21,0,0,1,1,1,1785533751
2026-07-31T21:38:45Z,58,0,0,28,0,0,1,1,1,1785532323
2026-07-31T21:38:45Z,59,22,1,3,2,0,1,1,1,1785533908
2026-07-31T21:38:45Z,61,32,0,7,0,0,1,1,1,1785533150
2026-07-31T21:38:45Z,62,34,17,14,1,0,1,1,1,1785533849
2026-07-31T21:38:45Z,63,12,1,7,0,0,1,1,1,1785533787
2026-07-31T21:38:45Z,64,12,1,3,4,0,1,1,1,1785530968
2026-07-31T21:38:45Z,65,9,4,9,1,0,1,1,1,1785533397
2026-07-31T21:38:45Z,67,25,0,13,1,0,1,1,1,1785533914
2026-07-31T21:38:45Z,68,33,0,3,1,0,1,1,1,1785533816
2026-07-31T21:38:45Z,69,4,0,11,0,0,1,1,1,1785533669
2026-07-31T21:38:45Z,71,11,2,13,3,0,1,1,1,1785533734
2026-07-31T21:38:45Z,72,23,4,5,2,1,1,1,1,1785533779
2026-07-31T21:38:45Z,73,3,0,28,0,0,1,1,1,1785533856
2026-07-31T21:38:45Z,74,1,1,18,0,0,1,1,1,1785533471
2026-07-31T21:38:45Z,75,7,0,24,1,0,1,1,1,1785533433
2026-07-31T21:38:45Z,76,5,0,13,1,0,1,1,1,1785533910
2026-07-31T21:38:45Z,77,9,0,18,0,0,1,1,1,1785533800
2026-07-31T21:38:45Z,78,6,2,17,0,0,1,1,1,1785533400
2026-07-31T21:38:45Z,79,2,0,14,1,0,1,1,1,1785533900
2026-07-31T21:38:45Z,80,12,2,8,3,0,1,1,1,1785533687
2026-07-31T21:38:45Z,81,2,0,29,0,0,1,1,1,1785533319
2026-07-31T21:38:45Z,82,8,7,14,1,0,1,1,1,1785533776
2026-07-31T21:38:45Z,83,1,0,31,3,0,1,1,1,1785533911
2026-07-31T21:38:45Z,84,2,1,25,0,0,1,1,1,1785533701
2026-07-31T21:38:45Z,85,10,0,5,0,0,1,1,1,1785533782
2026-07-31T21:38:45Z,86,3,2,24,0,0,1,1,1,1785533388
2026-07-31T21:38:45Z,87,0,0,19,0,0,1,1,1,1785533075
2026-07-31T21:38:45Z,88,8,1,34,1,0,1,1,1,1785533728
2026-07-31T21:38:45Z,89,30,2,4,1,0,1,1,1,1785533513
2026-07-31T21:38:45Z,90,8,1,9,1,0,1,1,1,1785533624
2026-07-31T21:38:45Z,91,0,0,17,0,0,1,1,1,1785533760
2026-07-31T21:38:45Z,92,4,1,12,3,0,1,1,1,1785533724
2026-07-31T21:38:45Z,93,5,0,18,0,0,1,1,1,1785532624
2026-07-31T21:38:45Z,94,13,0,5,1,0,1,1,1,1785531042
2026-07-31T21:38:45Z,95,1,0,32,1,1,1,1,1,1785533906
2026-07-31T21:38:45Z,96,13,2,17,1,0,1,1,1,1785533426
2026-07-31T21:38:45Z,97,0,0,15,2,0,1,1,1,1785533882
2026-07-31T21:38:45Z,98,27,7,8,0,0,1,1,1,1785533757
2026-07-31T21:38:45Z,99,10,1,5,0,0,1,1,1,1785533856
2026-07-31T21:38:45Z,100,4,1,23,0,0,1,1,1,1785533796
2026-07-31T21:38:45Z,101,14,1,0,1,0,1,1,1,1785533778
2026-07-31T21:38:45Z,102,12,1,11,0,0,1,1,1,1785533894
2026-07-31T21:38:45Z,103,25,1,2,3,0,1,1,1,1785533760
2026-07-31T21:38:45Z,104,13,0,12,2,0,1,1,1,1785533882
2026-07-31T21:38:45Z,105,16,0,3,0,0,1,1,1,1785533739
2026-07-31T21:38:45Z,106,15,0,6,0,0,1,1,1,1785533857
2026-07-31T21:38:45Z,107,22,1,15,0,0,1,1,1,1785533807
2026-07-31T21:38:45Z,108,11,0,23,1,0,1,1,1,1785533846
2026-07-31T21:38:45Z,109,23,0,0,0,0,1,1,1,1785533847
2026-07-31T21:38:45Z,110,16,0,7,0,0,1,1,1,1785533853
2026-07-31T21:38:45Z,111,8,0,28,0,0,1,1,1,1785533590
2026-07-31T21:38:45Z,112,12,0,2,1,0,1,1,1,1785533874
2026-07-31T21:38:45Z,113,4,0,14,1,0,1,1,1,1785533619
2026-07-31T21:38:45Z,114,10,6,19,1,1,1,1,1,1785533887
2026-07-31T21:38:45Z,115,20,11,5,3,0,1,1,1,1785533712
2026-07-31T21:38:45Z,116,10,10,17,0,0,1,1,1,1785533913
2026-07-31T21:38:45Z,118,15,1,5,3,0,1,1,1,1785533807
2026-07-31T21:38:45Z,119,2,0,34,2,0,1,1,1,1785533568
2026-07-31T21:38:45Z,120,4,0,21,2,0,1,1,1,1785533890
2026-07-31T21:38:45Z,121,0,0,16,2,1,1,1,1,1785533905
2026-07-31T21:38:45Z,122,18,0,3,0,0,1,1,1,1785533763
2026-07-31T21:38:45Z,123,6,3,40,1,0,1,1,1,1785533912
2026-07-31T21:38:45Z,124,12,0,23,0,0,1,1,1,1785533635
2026-07-31T21:38:45Z,125,0,0,22,1,0,1,1,1,1785533802
2026-07-31T21:38:45Z,126,22,3,9,0,0,1,1,1,1785533716
2026-07-31T21:38:45Z,127,8,1,26,1,0,1,1,1,1785533859
2026-07-31T21:38:45Z,128,6,0,12,1,0,1,1,1,1785533787
2026-07-31T21:38:45Z,129,6,2,10,3,0,1,1,1,1785533695
2026-07-31T21:38:45Z,130,4,0,13,0,0,1,1,1,1785533289
2026-07-31T21:38:45Z,131,4,4,6,1,0,1,1,1,1785533513
2026-07-31T21:38:45Z,132,4,4,10,0,1,1,1,1,1785533858
2026-07-31T21:38:45Z,134,15,0,4,4,0,1,1,1,1785533914
2026-07-31T21:38:45Z,135,6,1,12,1,0,1,1,1,1785533898
2026-07-31T21:38:45Z,136,2,1,12,3,6,1,1,1,1785533842
2026-07-31T21:38:45Z,137,3,1,14,2,0,1,1,1,1785533858
2026-07-31T21:38:45Z,138,7,1,30,0,0,1,1,1,1785533772
2026-07-31T21:38:45Z,139,4,2,15,0,0,1,1,1,1785533677
2026-07-31T21:38:45Z,140,4,0,18,1,0,1,1,1,1785533912
2026-07-31T21:38:45Z,141,4,1,32,0,0,1,1,1,1785533831
2026-07-31T21:38:45Z,142,3,2,20,0,0,1,1,1,1785533812
2026-07-31T21:38:45Z,143,20,0,11,0,0,1,1,1,1785533902
2026-07-31T21:38:45Z,144,18,0,8,1,0,1,1,1,1785533754
2026-07-31T21:38:45Z,146,6,0,16,1,0,1,1,1,1785533899
2026-07-31T21:38:45Z,147,2,0,14,3,0,1,1,1,1785533812
2026-07-31T21:38:45Z,148,0,0,24,3,0,1,1,1,1785533662
2026-07-31T21:38:45Z,149,4,0,23,0,0,1,1,1,1785533811
2026-07-31T21:38:45Z,150,5,0,28,2,0,1,1,1,1785533666
2026-07-31T21:38:45Z,151,1,0,22,0,0,1,1,1,1785533866
2026-07-31T21:38:45Z,152,2,2,21,3,0,1,1,1,1785533696
2026-07-31T21:38:45Z,153,7,0,19,2,0,1,1,1,1785533778
2026-07-31T21:38:45Z,154,14,3,6,3,0,1,1,1,1785533854
2026-07-31T21:38:45Z,155,6,1,7,1,0,1,1,1,1785533895
2026-07-31T21:38:45Z,156,3,0,16,0,0,1,1,1,1785533878
2026-07-31T21:38:45Z,157,5,0,20,2,0,1,1,1,1785533910
2026-07-31T21:38:45Z,158,11,0,4,1,0,1,1,1,1785533736
2026-07-31T21:38:45Z,159,4,0,13,2,0,1,1,1,1785533810
2026-07-31T21:38:45Z,160,0,0,19,0,0,1,1,1,1785533360
2026-07-31T21:38:45Z,161,18,2,4,0,0,1,1,1,1785533907
2026-07-31T21:38:45Z,162,21,12,5,1,0,1,1,1,1785533894
2026-07-31T21:38:45Z,163,4,0,26,0,1,1,1,1,1785533861
2026-07-31T21:38:45Z,164,22,0,5,0,0,1,1,1,1785533850
2026-07-31T21:38:45Z,165,29,3,2,0,0,1,1,1,1785533904
2026-07-31T21:38:45Z,166,7,3,28,4,0,1,1,1,1785533911
2026-07-31T21:38:45Z,167,7,0,15,1,0,1,1,1,1785533741
2026-07-31T21:38:45Z,168,21,1,4,2,0,1,1,1,1785533900
2026-07-31T21:38:45Z,169,11,1,10,1,1,1,1,1,1785533903
2026-07-31T21:38:45Z,170,5,0,13,1,0,1,1,1,1785533851
2026-07-31T21:38:45Z,171,5,1,6,2,0,1,1,1,1785533885
2026-07-31T21:38:45Z,173,5,2,34,0,0,1,1,1,1785533786
2026-07-31T21:38:45Z,174,6,0,20,0,0,1,1,1,1785533912
2026-07-31T21:38:45Z,175,29,1,1,1,0,1,1,1,1785533750
2026-07-31T21:38:45Z,176,12,4,1,1,1,1,1,1,1785533749
2026-07-31T21:38:45Z,177,9,1,16,2,0,1,1,1,1785533845
2026-07-31T21:38:45Z,178,10,2,2,2,1,1,1,1,1785533908
2026-07-31T21:38:45Z,179,13,4,0,2,0,1,1,1,1785533383
2026-07-31T21:38:45Z,180,2,0,28,0,0,1,1,1,1785533572
2026-07-31T21:38:45Z,181,1,1,14,0,0,1,1,1,1785533780
2026-07-31T21:38:45Z,182,6,4,11,0,0,1,1,1,1785533887
2026-07-31T21:38:45Z,183,8,4,14,1,0,1,1,1,1785533839
2026-07-31T21:38:45Z,184,19,3,2,2,0,1,1,1,1785533913
2026-07-31T21:38:45Z,185,8,5,4,2,1,1,1,1,1785532867
2026-07-31T21:38:45Z,186,0,0,19,0,0,1,1,1,1785533390
2026-07-31T21:38:45Z,187,0,0,27,1,0,1,1,1,1785532136
2026-07-31T21:38:45Z,188,12,4,7,7,1,1,1,1,1785533912
2026-07-31T21:38:45Z,189,8,3,7,0,0,1,1,1,1785533769
2026-07-31T21:38:45Z,190,3,0,19,1,0,1,1,1,1785533868
2026-07-31T21:38:45Z,191,4,4,35,0,0,1,1,1,1785533812
2026-07-31T21:38:45Z,192,6,0,24,1,0,1,1,1,1785533860
2026-07-31T21:38:45Z,193,11,6,3,1,0,1,1,1,1785533907
2026-07-31T21:38:45Z,194,8,3,19,0,0,1,1,1,1785533888
2026-07-31T21:38:45Z,195,2,0,17,0,0,1,1,1,1785533827
2026-07-31T21:38:45Z,196,5,5,20,2,0,1,1,1,1785533772
2026-07-31T21:38:45Z,197,1,1,17,0,1,1,1,1,1785533848
2026-07-31T21:38:45Z,198,11,10,10,2,0,1,1,1,1785532589
2026-07-31T21:38:45Z,199,4,2,10,1,0,1,1,1,1785533911
2026-07-31T21:38:45Z,200,9,8,17,0,0,1,1,1,1785533799
2026-07-31T21:38:45Z,201,5,4,18,0,0,1,1,1,1785533849
2026-07-31T21:38:45Z,202,1,0,26,0,0,1,1,1,1785532925
2026-07-31T21:38:45Z,203,7,2,23,1,0,1,1,1,1785533875
2026-07-31T21:38:45Z,204,19,1,14,2,0,1,1,1,1785533832
2026-07-31T21:38:45Z,205,13,0,14,0,0,1,1,1,1785533340
2026-07-31T21:38:45Z,206,5,3,9,1,0,1,1,1,1785533629
2026-07-31T21:38:45Z,207,20,0,1,0,0,1,1,1,1785533788
2026-07-31T21:38:45Z,208,2,1,27,0,0,1,1,1,1785533698
2026-07-31T21:38:45Z,209,26,1,4,1,0,1,1,1,1785533818
2026-07-31T21:38:45Z,210,8,4,19,0,0,1,1,1,1785533862
2026-07-31T21:38:45Z,211,0,0,22,1,0,1,1,1,1785533741
2026-07-31T21:38:45Z,212,24,1,10,1,0,1,1,1,1785533832
2026-07-31T21:38:45Z,213,14,4,8,1,0,1,1,1,1785533739
2026-07-31T21:38:45Z,214,30,2,15,2,0,1,1,1,1785533878
2026-07-31T21:38:45Z,215,12,3,10,1,0,1,1,1,1785533871
2026-07-31T21:38:45Z,216,9,3,9,1,0,1,1,1,1785533684
2026-07-31T21:38:45Z,217,22,1,6,1,0,1,1,1,1785533838
2026-07-31T21:38:45Z,218,10,4,25,4,0,1,1,1,1785533830
2026-07-31T21:38:45Z,219,20,2,5,1,0,1,1,1,1785533687
2026-07-31T21:38:45Z,220,21,10,21,0,1,1,1,1,1785533860
2026-07-31T21:38:45Z,221,2,2,12,1,0,1,1,1,1785533795
2026-07-31T21:38:45Z,222,2,1,16,1,0,1,1,1,1785533911
2026-07-31T21:38:45Z,223,6,0,26,3,0,1,1,1,1785533765
2026-07-31T21:38:45Z,224,2,0,19,1,0,1,1,1,1785533696
2026-07-31T21:38:45Z,225,2,1,10,7,0,1,1,1,1785533400
2026-07-31T21:38:45Z,226,18,3,11,2,0,1,1,1,1785533912
2026-07-31T21:38:45Z,227,7,1,19,1,0,1,1,1,1785533877
2026-07-31T21:38:45Z,228,1,1,18,0,0,1,1,1,1785533879
2026-07-31T21:38:45Z,230,6,0,20,0,0,1,1,1,1785533768
2026-07-31T21:38:45Z,232,5,0,11,1,0,1,1,1,1785532730
2026-07-31T21:38:45Z,233,12,7,18,1,0,1,1,1,1785533883
2026-07-31T21:38:45Z,234,12,5,1,4,2,1,1,1,1785533561
2026-07-31T21:38:45Z,236,14,2,5,0,0,1,1,1,1785533783
2026-07-31T21:38:45Z,237,1,0,21,1,0,1,1,1,1785533513
2026-07-31T21:38:45Z,239,7,6,19,1,0,1,1,1,1785533513
2026-07-31T21:38:45Z,241,9,6,13,1,0,1,1,1,1785533913
2026-07-31T21:38:45Z,242,5,2,17,1,0,1,1,1,1785533832
2026-07-31T21:38:45Z,243,13,12,17,1,0,1,1,1,1785533904
2026-07-31T21:38:45Z,244,3,2,22,2,0,1,1,1,1785533896
2026-07-31T21:38:45Z,245,12,6,11,0,0,1,1,1,1785533829
2026-07-31T21:38:45Z,246,6,4,16,1,0,1,1,1,1785533710
2026-07-31T21:38:45Z,247,9,5,12,2,0,1,1,1,1785533584
2026-07-31T21:38:45Z,248,11,7,9,3,0,1,1,1,1785533895
2026-07-31T21:38:45Z,249,14,14,4,1,0,1,1,1,1785533877
2026-07-31T21:38:45Z,250,0,0,22,5,0,1,1,1,1785533740
2026-07-31T21:38:45Z,251,20,10,3,4,0,1,1,1,1785533878
2026-07-31T21:38:45Z,253,5,2,14,0,0,1,1,1,1785533787
2026-07-31T21:38:45Z,254,0,0,42,1,0,1,1,1,1785533894
2026-07-31T21:38:45Z,255,7,0,15,0,1,1,1,1,1785533863
2026-07-31T21:38:45Z,256,0,0,21,2,0,1,1,1,1785533240
2026-07-31T21:38:45Z,257,4,0,15,0,0,1,1,1,1785533859
2026-07-31T21:38:45Z,258,11,6,7,1,0,1,1,1,1785533831
2026-07-31T21:38:45Z,259,15,0,7,0,1,1,1,1,1785533708
2026-07-31T21:38:45Z,260,4,3,14,1,0,1,1,1,1785533810
2026-07-31T21:38:45Z,261,0,0,17,1,1,1,1,1,1785533222
2026-07-31T21:38:45Z,262,6,0,16,1,0,1,1,1,1785533881
2026-07-31T21:38:45Z,263,1,0,13,1,0,1,1,1,1785533455
2026-07-31T21:38:45Z,264,0,0,19,0,0,1,1,1,1785533790
2026-07-31T21:38:45Z,265,7,1,8,0,0,1,1,1,1785533767
2026-07-31T21:38:45Z,266,12,8,6,1,0,1,1,1,1785533767
2026-07-31T21:38:45Z,267,9,4,5,1,0,1,1,1,1785531709
2026-07-31T21:38:45Z,268,18,7,4,1,0,1,1,1,1785533725
2026-07-31T21:38:45Z,269,7,5,16,0,0,1,1,1,1785533616
2026-07-31T21:38:45Z,270,4,0,22,1,0,1,1,1,1785533792
2026-07-31T21:38:45Z,271,5,0,12,2,0,1,1,1,1785533754
2026-07-31T21:38:45Z,272,8,1,15,0,0,1,1,1,1785533818
2026-07-31T21:38:45Z,273,2,1,13,0,0,1,1,1,1785533818
2026-07-31T21:38:45Z,274,4,3,14,1,0,1,1,1,1785533801
2026-07-31T21:38:45Z,275,11,0,8,4,0,1,1,1,1785533899
2026-07-31T21:38:45Z,276,2,1,24,1,0,1,1,1,1785533334
2026-07-31T21:38:45Z,277,3,3,16,4,0,1,1,1,1785533229
2026-07-31T21:38:45Z,278,10,9,19,2,0,1,1,1,1785533801
2026-07-31T21:38:45Z,279,0,0,19,0,0,1,1,1,1785533693
2026-07-31T21:38:45Z,280,2,0,26,3,0,1,1,1,1785533910
2026-07-31T21:38:45Z,281,2,0,17,0,0,1,1,1,1785533340
2026-07-31T21:38:45Z,282,7,2,11,0,0,1,1,1,1785527347
2026-07-31T21:38:45Z,283,17,2,18,0,0,1,1,1,1785533840
2026-07-31T21:38:45Z,284,25,1,7,3,0,1,1,1,1785533027
2026-07-31T21:38:45Z,285,4,2,19,0,0,1,1,1,1785533871
2026-07-31T21:38:45Z,286,8,3,13,2,0,1,1,1,1785533838
2026-07-31T21:38:45Z,287,10,1,10,3,0,1,1,1,1785532355
2026-07-31T21:38:45Z,288,3,0,15,1,0,1,1,1,1785533566
2026-07-31T21:38:45Z,289,9,7,15,3,0,1,1,1,1785533783
2026-07-31T21:38:45Z,290,16,0,20,3,0,1,1,1,1785533868
2026-07-31T21:38:45Z,291,11,1,11,1,0,1,1,1,1785533912
2026-07-31T21:38:45Z,292,5,3,18,0,0,1,1,1,1785533577
2026-07-31T21:38:45Z,293,5,1,18,0,0,1,1,1,1785533143
2026-07-31T21:38:45Z,294,6,4,14,2,0,1,1,1,1785533800
2026-07-31T21:38:45Z,297,9,0,7,2,1,1,1,1,1785533818
2026-07-31T21:38:45Z,301,17,2,2,0,0,1,1,1,1785533886
2026-07-31T21:38:45Z,302,16,0,6,1,0,1,1,1,1785533580
2026-07-31T21:38:45Z,303,3,0,16,0,0,1,1,1,1785533695
2026-07-31T21:38:45Z,304,0,0,0,0,0,0,1,1,86400
2026-07-31T21:38:45Z,305,3,0,15,1,0,1,1,1,1785533905
2026-07-31T21:38:45Z,306,15,0,16,1,0,1,1,1,1785533477
2026-07-31T21:38:45Z,307,3,0,20,0,0,1,1,1,1785533846
2026-07-31T21:38:45Z,308,4,1,14,1,0,1,1,1,1785533874
2026-07-31T21:38:45Z,309,3,2,11,0,0,1,1,1,1785533039
2026-07-31T21:38:45Z,311,6,0,8,1,0,1,1,1,1785532562
2026-07-31T21:38:45Z,312,8,7,12,3,0,1,1,1,1785533675
2026-07-31T21:38:45Z,313,4,0,11,0,0,1,1,1,1785533464
2026-07-31T21:38:45Z,314,9,2,8,2,0,1,1,1,1785533799
2026-07-31T21:38:45Z,315,12,5,17,2,0,1,1,1,1785533908
2026-07-31T21:38:45Z,316,4,1,19,7,1,1,1,1,1785533865
2026-07-31T21:38:45Z,317,24,7,6,0,1,1,1,1,1785533848
2026-07-31T21:38:45Z,318,16,1,3,0,0,1,1,1,1785531022
2026-07-31T21:38:45Z,319,20,3,1,2,0,1,1,1,1785533610
2026-07-31T21:38:45Z,320,11,0,7,1,0,1,1,1,1785533728
2026-07-31T21:38:45Z,321,2,0,13,4,0,1,1,1,1785533612
2026-07-31T21:38:45Z,322,19,1,10,0,0,1,1,1,1785533900
2026-07-31T21:38:45Z,323,4,1,14,1,0,1,1,1,1785533667
2026-07-31T21:38:45Z,324,14,1,12,1,0,1,1,1,1785533905
2026-07-31T21:38:45Z,325,5,2,20,2,0,1,1,1,1785533483
2026-07-31T21:38:45Z,327,15,2,10,2,0,1,1,1,1785533871
2026-07-31T21:38:45Z,328,16,1,5,1,0,1,1,1,1785533909
2026-07-31T21:38:45Z,329,0,0,16,3,0,1,1,1,1785533368
2026-07-31T21:38:45Z,330,21,1,0,1,0,1,1,1,1785533886
2026-07-31T21:38:45Z,331,13,0,7,3,0,1,1,1,1785533786
2026-07-31T21:38:45Z,332,7,5,11,1,0,1,1,1,1785533803
2026-07-31T21:38:45Z,333,5,4,17,1,0,1,1,1,1785533736
2026-07-31T21:38:45Z,334,9,1,14,0,0,1,1,1,1785533606
2026-07-31T21:38:45Z,335,4,2,18,0,1,1,1,1,1785533905
2026-07-31T21:38:45Z,336,3,1,16,0,0,1,1,1,1785533844
2026-07-31T21:38:45Z,337,8,4,11,4,0,1,1,1,1785533899
2026-07-31T21:38:45Z,338,2,0,17,0,0,1,1,1,1785533375
2026-07-31T21:38:45Z,339,8,8,10,5,0,1,1,1,1785533700
2026-07-31T21:38:45Z,340,2,2,12,1,0,1,1,1,1785533902
2026-07-31T21:38:45Z,341,10,1,9,0,0,1,1,1,1785533884
2026-07-31T21:38:45Z,342,1,1,14,0,0,1,1,1,1785532908
2026-07-31T21:38:45Z,343,9,4,13,1,0,1,1,1,1785533712
2026-07-31T21:38:45Z,344,8,4,15,0,0,1,1,1,1785533825
2026-07-31T21:38:45Z,345,14,1,5,0,0,1,1,1,1785533550
2026-07-31T21:38:45Z,346,3,3,20,0,0,1,1,1,1785532493
2026-07-31T21:38:45Z,347,2,2,40,2,0,1,1,1,1785533887
2026-07-31T21:38:45Z,348,9,0,13,0,1,1,1,1,1785533813
2026-07-31T21:38:45Z,349,14,2,4,1,0,1,1,1,1785533649
2026-07-31T21:38:45Z,350,1,0,23,2,1,1,1,1,1785533910
2026-07-31T21:38:45Z,351,3,0,18,2,0,1,1,1,1785533780
2026-07-31T21:38:45Z,355,6,2,17,0,0,1,1,1,1785533659
2026-07-31T21:38:45Z,356,8,3,11,0,0,1,1,1,1785533878
2026-07-31T21:38:45Z,357,0,0,18,1,0,1,1,1,1785533672
2026-07-31T21:38:45Z,358,17,3,9,1,0,1,1,1,1785533828
2026-07-31T21:38:45Z,359,11,1,16,0,0,1,1,1,1785533884
2026-07-31T21:38:45Z,360,4,3,15,0,0,1,1,1,1785533686
2026-07-31T21:38:45Z,362,2,0,14,3,0,1,1,1,1785533796
2026-07-31T21:38:45Z,363,12,0,15,0,0,1,1,1,1785533819
2026-07-31T21:38:45Z,364,1,0,18,0,0,1,1,1,1785533254
2026-07-31T21:38:45Z,365,1,0,18,4,0,1,1,1,1785533799
2026-07-31T21:38:45Z,366,11,10,12,0,0,1,1,1,1785533722
2026-07-31T21:38:45Z,367,2,1,15,2,0,1,1,1,1785533677
2026-07-31T21:38:45Z,368,1,0,21,1,0,1,1,1,1785533490
2026-07-31T21:38:45Z,370,10,5,17,0,0,1,1,1,1785533678
2026-07-31T21:38:45Z,371,3,1,15,1,0,1,1,1,1785533809
2026-07-31T21:38:45Z,372,11,0,3,1,0,1,1,1,1785533814
2026-07-31T21:38:45Z,373,1,1,26,0,0,1,1,1,1785532969
2026-07-31T21:38:45Z,374,1,1,17,1,0,1,1,1,1785532928
2026-07-31T21:38:45Z,375,4,0,22,1,0,1,1,1,1785533866
2026-07-31T21:38:45Z,376,6,1,31,2,0,1,1,1,1785533878
2026-07-31T21:38:45Z,377,5,1,22,0,0,1,1,1,1785533450
2026-07-31T21:38:45Z,378,5,2,17,1,1,1,1,1,1785533735
2026-07-31T21:38:45Z,379,23,2,1,3,0,1,1,1,1785533903
2026-07-31T21:38:45Z,380,4,0,19,0,0,1,1,1,1785533659
2026-07-31T21:38:45Z,381,15,0,8,0,0,1,1,1,1785533841
2026-07-31T21:38:45Z,383,12,2,1,2,0,1,1,1,1785533828
2026-07-31T21:38:45Z,384,0,0,22,5,0,1,1,1,1785533909
2026-07-31T21:38:45Z,385,1,1,16,1,0,1,1,1,1785533863
2026-07-31T21:38:45Z,387,3,1,20,0,0,1,1,1,1785533840
2026-07-31T21:38:45Z,388,37,2,9,3,0,1,1,1,1785533913
2026-07-31T21:38:45Z,389,3,2,11,1,0,1,1,1,1785532058
2026-07-31T21:38:45Z,390,14,2,21,0,0,1,1,1,1785533839
2026-07-31T21:38:45Z,391,3,2,11,1,0,1,1,1,1785532385
2026-07-31T21:38:45Z,392,5,5,13,1,0,1,1,1,1785533907
2026-07-31T21:38:45Z,393,1,1,7,3,0,1,1,1,1785531684
2026-07-31T21:38:45Z,394,7,1,4,2,0,1,1,1,1785533581
2026-07-31T21:38:45Z,396,4,1,38,0,0,1,1,1,1785533821
2026-07-31T21:38:45Z,397,14,8,17,0,0,1,1,1,1785533325
2026-07-31T21:38:45Z,399,1,0,14,2,0,1,1,1,1785533407
2026-07-31T21:38:45Z,400,14,9,7,2,0,1,1,1,1785532920
2026-07-31T21:38:45Z,401,4,0,27,8,0,1,1,1,1785533569
2026-07-31T21:38:45Z,403,25,7,2,4,0,1,1,1,1785533863
2026-07-31T21:38:45Z,404,9,5,13,1,0,1,1,1,1785533905
2026-07-31T21:38:45Z,406,20,5,14,1,0,1,1,1,1785533894
2026-07-31T21:38:45Z,407,10,0,23,1,0,1,1,1,1785533511
2026-07-31T21:38:45Z,408,2,1,28,3,0,1,1,1,1785533750
2026-07-31T21:38:45Z,409,19,3,1,3,0,1,1,1,1785533904
2026-07-31T21:38:45Z,413,10,3,10,3,0,1,1,1,1785533469
2026-07-31T21:38:45Z,414,11,0,4,0,0,1,1,1,1785533871
2026-07-31T21:38:45Z,417,3,1,16,0,0,1,1,1,1785533453
2026-07-31T21:38:45Z,418,5,3,10,0,0,1,1,1,1785532726
2026-07-31T21:38:45Z,419,13,1,10,0,0,1,1,1,1785533166
2026-07-31T21:38:45Z,421,6,0,13,0,0,1,1,1,1785533432
2026-07-31T21:38:45Z,422,15,1,11,1,0,1,1,1,1785533852
2026-07-31T21:38:45Z,423,0,0,22,1,0,1,1,1,1785533264
2026-07-31T21:38:45Z,424,11,4,1,2,1,1,1,1,1785533893
2026-07-31T21:38:45Z,425,4,2,17,0,1,1,1,1,1785533720
2026-07-31T21:38:45Z,426,1,0,34,2,0,1,1,1,1785533534
2026-07-31T21:38:45Z,427,9,0,3,3,0,1,1,1,1785533913
2026-07-31T21:38:45Z,428,17,2,1,1,0,1,1,1,1785533833
2026-07-31T21:38:45Z,429,11,4,9,3,0,1,1,1,1785533763
2026-07-31T21:38:45Z,430,13,2,15,3,0,1,1,1,1785533771
2026-07-31T21:38:45Z,431,0,0,31,2,0,1,1,1,1785533575
2026-07-31T21:38:45Z,432,0,0,30,1,0,0,1,1,1785508564
2026-07-31T21:38:45Z,433,4,2,16,3,0,1,1,1,1785533359
2026-07-31T21:38:45Z,437,4,2,11,4,0,1,1,1,1785533840
2026-07-31T21:38:45Z,438,8,2,10,1,0,1,1,1,1785533657
2026-07-31T21:38:45Z,439,11,4,4,0,0,1,1,1,1785532873
2026-07-31T21:38:45Z,440,11,3,3,1,0,1,1,1,1785533891
2026-07-31T21:38:45Z,441,2,0,11,2,0,1,1,1,1785533593
2026-07-31T21:38:45Z,442,9,4,8,2,0,1,1,1,1785532949
2026-07-31T21:38:45Z,443,5,2,22,0,0,1,1,1,1785512432
2026-07-31T21:38:45Z,444,2,2,21,0,0,1,1,1,1785533207
2026-07-31T21:38:45Z,445,6,2,16,1,0,1,1,1,1785533888
2026-07-31T21:38:45Z,446,2,0,21,0,0,1,1,1,1785533737
2026-07-31T21:38:45Z,447,4,0,17,1,1,1,1,1,1785532273
2026-07-31T21:38:45Z,448,7,0,7,1,0,1,1,1,1785530120
2026-07-31T21:38:45Z,452,6,2,12,1,0,1,1,1,1785533463
2026-07-31T21:38:45Z,453,5,1,6,4,0,1,1,1,1785533842
2026-07-31T21:38:45Z,454,16,0,3,0,0,1,1,1,1785533811
2026-07-31T21:38:45Z,455,29,0,9,1,0,1,1,1,1785533706
2026-07-31T21:38:45Z,456,17,0,2,1,0,1,1,1,1785533903
2026-07-31T21:38:45Z,457,6,3,16,5,0,1,1,1,1785533794
2026-07-31T21:38:45Z,458,2,0,19,2,0,1,1,1,1785533788
2026-07-31T21:38:45Z,459,12,1,3,0,0,1,1,1,1785533771
2026-07-31T21:38:45Z,460,20,1,3,0,0,1,1,1,1785533420
2026-07-31T21:38:45Z,461,9,0,10,0,0,1,1,1,1785533585
2026-07-31T21:38:45Z,462,14,1,7,0,0,1,1,1,1785533858
2026-07-31T21:38:45Z,463,6,0,13,0,0,1,1,1,1785533559
2026-07-31T21:38:45Z,464,3,0,11,0,0,1,1,1,1785533417
2026-07-31T21:38:45Z,465,1,1,14,0,0,1,1,1,1785533554
2026-07-31T21:38:45Z,466,4,1,5,6,0,1,1,1,1785533449
2026-07-31T21:38:45Z,467,1,1,18,0,0,1,1,1,1785533523
2026-07-31T21:38:45Z,468,0,0,18,1,0,1,1,1,1785527178
2026-07-31T21:38:45Z,469,4,1,18,1,0,1,1,1,1785533690
2026-07-31T21:38:45Z,470,0,0,13,2,0,1,1,1,1785533608
2026-07-31T21:38:45Z,471,23,2,4,0,0,1,1,1,1785533828
2026-07-31T21:38:45Z,472,7,3,10,2,0,1,1,1,1785533759
2026-07-31T21:38:45Z,473,9,1,10,0,0,1,1,1,1785533699
2026-07-31T21:38:45Z,474,9,1,9,1,0,1,1,1,1785533761
2026-07-31T21:38:45Z,475,4,2,14,1,0,1,1,1,1785532975
2026-07-31T21:38:45Z,477,11,1,4,0,0,1,1,1,1785533210
2026-07-31T21:38:45Z,478,24,2,7,0,0,1,1,1,1785533872
2026-07-31T21:38:45Z,479,4,0,21,2,0,1,1,1,1785533437
2026-07-31T21:38:45Z,480,4,0,10,1,0,1,1,1,1785532843
2026-07-31T21:38:45Z,481,7,0,27,1,0,1,1,1,1785533756
2026-07-31T21:38:45Z,482,4,4,15,0,0,1,1,1,1785531414
2026-07-31T21:38:45Z,483,18,0,7,2,0,1,1,1,1785533859
2026-07-31T21:38:45Z,484,3,1,15,1,0,1,1,1,1785533879
2026-07-31T21:38:45Z,485,10,3,8,0,1,1,1,1,1785533791
2026-07-31T21:38:45Z,486,1,0,23,3,0,1,1,1,1785533610
2026-07-31T21:38:45Z,487,10,6,7,2,0,1,1,1,1785533578
2026-07-31T21:38:45Z,489,0,0,14,1,0,1,1,1,1785533899
2026-07-31T21:38:45Z,490,13,0,2,1,0,1,1,1,1785533440
2026-07-31T21:38:45Z,491,7,2,13,1,0,1,1,1,1785533054
2026-07-31T21:38:45Z,492,6,4,2,3,0,1,1,1,1785533911
2026-07-31T21:38:45Z,493,20,1,7,0,0,1,1,1,1785533886
2026-07-31T21:38:45Z,495,8,0,6,1,0,1,1,1,1785533278
2026-07-31T21:38:45Z,496,11,2,16,0,0,1,1,1,1785533626
2026-07-31T21:38:45Z,497,0,0,18,0,0,1,1,1,1785533854
2026-07-31T21:38:45Z,498,7,3,16,0,0,1,1,1,1785533696
2026-07-31T21:38:45Z,499,3,0,15,1,0,1,1,1,1785533904
2026-07-31T21:38:45Z,500,0,0,11,4,0,1,1,1,1785533889
2026-07-31T21:38:45Z,501,11,2,10,0,0,1,1,1,1785533557
2026-07-31T21:38:45Z,502,1,0,16,2,0,1,1,1,1785533820
2026-07-31T21:38:45Z,503,5,0,25,1,0,1,1,1,1785533912
2026-07-31T21:38:45Z,504,12,0,25,2,0,1,1,1,1785533907
2026-07-31T21:38:45Z,505,2,1,9,1,0,1,1,1,1785533885
2026-07-31T21:38:45Z,511,3,2,20,0,0,1,1,1,1785533768
2026-07-31T21:38:45Z,512,12,0,15,0,0,1,1,1,1785533564
2026-07-31T21:38:45Z,514,1,1,9,1,0,1,1,1,1785533835
2026-07-31T21:38:45Z,515,2,2,17,0,0,1,1,1,1785531676
2026-07-31T21:38:45Z,516,14,0,13,0,0,1,1,1,1785533389
2026-07-31T21:38:45Z,517,12,2,11,0,0,1,1,1,1785533654
2026-07-31T21:38:45Z,518,6,0,8,1,0,1,1,1,1785532861
2026-07-31T21:38:45Z,519,7,3,10,2,0,1,1,1,1785533684
2026-07-31T21:38:45Z,520,19,8,2,5,1,1,1,1,1785533910
2026-07-31T21:38:45Z,521,6,3,17,0,0,1,1,1,1785533803
2026-07-31T21:38:45Z,522,13,2,8,2,0,1,1,1,1785533704
2026-07-31T21:38:45Z,523,10,4,12,1,0,1,1,1,1785533691
2026-07-31T21:38:45Z,524,14,0,8,1,0,1,1,1,1785533777
2026-07-31T21:38:45Z,525,8,0,11,0,0,1,1,1,1785533478
2026-07-31T21:38:45Z,526,5,1,10,0,0,1,1,1,1785533775
2026-07-31T21:38:45Z,527,14,10,11,1,0,1,1,1,1785533913
2026-07-31T21:38:45Z,528,14,1,7,2,0,1,1,1,1785532111
2026-07-31T21:38:45Z,529,4,2,7,8,0,1,1,1,1785533912
2026-07-31T21:38:45Z,530,10,0,8,3,0,1,1,1,1785533867
2026-07-31T21:38:45Z,531,10,1,12,0,1,1,1,1,1785533584
2026-07-31T21:38:45Z,532,10,10,20,1,0,1,1,1,1785532685
2026-07-31T21:38:45Z,533,12,0,6,1,0,1,1,1,1785532753
2026-07-31T21:38:45Z,534,6,2,17,0,0,1,1,1,1785533715
2026-07-31T21:38:45Z,535,1,0,14,0,0,1,1,1,1785532311
2026-07-31T21:38:45Z,536,10,0,13,0,0,1,1,1,1785533899
2026-07-31T21:38:45Z,537,12,0,8,0,0,1,1,1,1785533363
2026-07-31T21:38:45Z,538,9,0,12,0,2,1,1,1,1785533774
2026-07-31T21:38:45Z,539,4,3,27,0,0,1,1,1,1785533905
2026-07-31T21:38:45Z,540,5,4,14,0,0,1,1,1,1785533851
2026-07-31T21:38:45Z,541,8,3,18,1,0,1,1,1,1785533867
2026-07-31T21:38:45Z,542,3,2,20,0,0,1,1,1,1785533601
2026-07-31T21:38:45Z,543,2,0,17,0,0,1,1,1,1785533192
2026-07-31T21:38:45Z,544,13,3,5,4,0,1,1,1,1785533853
2026-07-31T21:38:45Z,545,15,1,1,3,0,1,1,1,1785533884
2026-07-31T21:38:45Z,546,3,0,16,0,0,1,1,1,1785533720
2026-07-31T21:38:45Z,547,8,0,17,0,0,1,1,1,1785533348
2026-07-31T21:38:45Z,548,6,3,16,1,0,1,1,1,1785533414
2026-07-31T21:38:45Z,549,17,0,5,1,0,1,1,1,1785533911
2026-07-31T21:38:45Z,550,2,2,17,0,0,1,1,1,1785533866
2026-07-31T21:38:45Z,551,4,2,18,1,0,1,1,1,1785533634
2026-07-31T21:38:45Z,552,3,2,24,0,0,1,1,1,1785533809
2026-07-31T21:38:45Z,553,3,2,19,1,0,1,1,1,1785533062
2026-07-31T21:38:45Z,554,2,0,16,1,0,1,1,1,1785533775
2026-07-31T21:38:45Z,555,7,1,7,1,0,1,1,1,1785533416
2026-07-31T21:38:45Z,556,11,0,10,2,0,1,1,1,1785533887
2026-07-31T21:38:45Z,557,0,0,21,2,0,1,1,1,1785533714
2026-07-31T21:38:45Z,558,28,12,7,2,0,1,1,1,1785533912
2026-07-31T21:38:45Z,559,11,0,7,1,0,1,1,1,1785532144
2026-07-31T21:38:45Z,560,18,0,9,0,0,1,1,1,1785533782
2026-07-31T21:38:45Z,561,4,0,16,3,0,1,1,1,1785533419
2026-07-31T21:38:45Z,562,7,0,22,6,0,1,1,1,1785533366
2026-07-31T21:38:45Z,563,5,0,8,1,0,1,1,1,1785533796
2026-07-31T21:38:45Z,564,2,1,16,1,0,1,1,1,1785533698
2026-07-31T21:38:45Z,565,2,0,17,0,0,1,1,1,1785533749
2026-07-31T21:38:45Z,566,0,0,18,1,0,1,1,1,1785533643
2026-07-31T21:38:45Z,567,9,1,16,2,0,1,1,1,1785533809
2026-07-31T21:38:45Z,568,8,0,10,1,0,1,1,1,1785533906
2026-07-31T21:38:45Z,569,10,0,7,2,0,1,1,1,1785533873
2026-07-31T21:38:45Z,570,9,1,7,3,0,1,1,1,1785533531
2026-07-31T21:38:45Z,571,7,1,16,0,0,1,1,1,1785533688
2026-07-31T21:38:45Z,572,4,0,15,0,0,1,1,1,1785533732
2026-07-31T21:38:45Z,573,8,1,7,0,0,1,1,1,1785533617
2026-07-31T21:38:45Z,574,1,1,14,0,0,1,1,1,1785533447
2026-07-31T21:38:45Z,575,2,0,18,1,0,1,1,1,1785533865
2026-07-31T21:38:45Z,576,2,2,17,0,0,1,1,1,1785532752
2026-07-31T21:38:45Z,577,17,0,14,0,0,1,1,1,1785533675
2026-07-31T21:38:45Z,578,0,0,22,1,0,1,1,1,1785533896
2026-07-31T21:38:45Z,579,5,0,38,0,0,1,1,1,1785533710
2026-07-31T21:38:45Z,580,8,0,21,0,0,1,1,1,1785533731
2026-07-31T21:38:45Z,581,7,0,11,1,0,1,1,1,1785533779
2026-07-31T21:38:45Z,582,24,0,35,2,0,1,1,1,1785533811
2026-07-31T21:38:45Z,583,1,0,21,1,0,1,1,1,1785532793
2026-07-31T21:38:45Z,584,5,2,10,4,0,1,1,1,1785533527
2026-07-31T21:38:45Z,585,1,0,25,0,1,1,1,1,1785533576
2026-07-31T21:38:45Z,586,23,2,12,0,0,1,1,1,1785533647
2026-07-31T21:38:45Z,587,9,0,14,1,0,1,1,1,1785533498
2026-07-31T21:38:45Z,588,9,3,7,2,1,1,1,1,1785533615
2026-07-31T21:38:45Z,589,6,0,16,0,0,1,1,1,1785533829
2026-07-31T21:38:45Z,590,5,1,25,1,0,1,1,1,1785533660
2026-07-31T21:38:45Z,591,7,3,20,3,0,1,1,1,1785533679
2026-07-31T21:38:45Z,592,10,0,13,0,0,1,1,1,1785533807
2026-07-31T21:38:45Z,593,13,2,25,0,0,1,1,1,1785533774
2026-07-31T21:38:45Z,594,17,1,3,1,0,1,1,1,1785533474
2026-07-31T21:38:45Z,595,0,0,3,0,0,0,1,1,1784046673
2026-07-31T21:38:45Z,605,0,0,2,1,0,0,1,1,1783975843
2026-07-31T21:38:45Z,606,0,0,0,0,0,0,1,1,86400
2026-07-31T21:38:45Z,607,8,1,21,3,0,1,1,1,1785533903
2026-07-31T21:38:45Z,608,40,0,10,0,0,1,1,1,1785533849
2026-07-31T21:38:45Z,609,1,1,22,0,0,1,1,1,1785533593
2026-07-31T21:38:45Z,610,17,0,17,1,0,1,1,1,1785533794
2026-07-31T21:38:45Z,611,16,2,10,1,0,1,1,1,1785533780
2026-07-31T21:38:45Z,612,8,1,7,0,0,1,1,1,1785533466
2026-07-31T21:38:45Z,613,12,4,0,3,0,1,1,1,1785530289
2026-07-31T21:38:45Z,614,5,5,19,2,1,1,1,1,1785532931
2026-07-31T21:38:45Z,617,10,1,2,3,0,1,1,1,1785533129
2026-07-31T21:38:45Z,618,12,1,2,5,0,1,1,1,1785533907
2026-07-31T21:38:45Z,619,7,3,12,0,0,1,1,1,1785533884
2026-07-31T21:38:45Z,620,10,0,16,1,0,1,1,1,1785533411
2026-07-31T21:38:45Z,621,5,3,18,0,0,1,1,1,1785533687
2026-07-31T21:38:45Z,622,11,0,10,2,0,1,1,1,1785532951
2026-07-31T21:38:45Z,623,16,4,12,2,0,1,1,1,1785533710
2026-07-31T21:38:45Z,624,1,0,14,0,0,1,1,1,1785532120
2026-07-31T21:38:45Z,625,15,3,1,5,0,1,1,1,1785533741
2026-07-31T21:38:45Z,626,39,0,6,0,2,1,1,1,1785533860
2026-07-31T21:38:45Z,627,15,4,4,0,0,1,1,1,1785533889
2026-07-31T21:38:45Z,628,2,2,14,2,1,1,1,1,1785533909
2026-07-31T21:38:45Z,629,2,1,7,2,0,1,1,1,1785533816
2026-07-31T21:38:45Z,630,0,0,23,4,0,1,1,1,1785533607
2026-07-31T21:38:45Z,631,4,4,19,0,0,1,1,1,1785533603
2026-07-31T21:38:45Z,632,18,1,3,2,0,1,1,1,1785532871
2026-07-31T21:38:45Z,633,11,3,1,3,0,1,1,1,1785530006
2026-07-31T21:38:45Z,634,12,2,7,0,0,1,1,1,1785532442
2026-07-31T21:38:45Z,635,18,1,1,0,0,1,1,1,1785533338
2026-07-31T21:38:45Z,636,7,2,8,0,0,1,1,1,1785526430
2026-07-31T21:38:45Z,637,9,2,8,2,0,1,1,1,1785531990
2026-07-31T21:38:45Z,638,7,2,10,2,0,1,1,1,1785533412
2026-07-31T21:38:45Z,639,10,2,7,2,0,1,1,1,1785532203
2026-07-31T21:38:45Z,640,6,6,15,2,0,1,1,1,1785533815
2026-07-31T21:38:45Z,641,5,0,22,0,0,1,1,1,1785533867
2026-07-31T21:38:45Z,642,8,4,3,8,0,1,1,1,1785533912
2026-07-31T21:38:45Z,643,2,0,17,8,0,1,1,1,1785533909
2026-07-31T21:38:45Z,644,13,1,1,1,0,1,1,1,1785533615
2026-07-31T21:38:45Z,645,15,1,6,1,1,1,1,1,1785533150
2026-07-31T21:38:45Z,646,4,1,15,0,0,1,1,1,1785533859
2026-07-31T21:38:45Z,647,5,0,26,0,0,1,1,1,1785533760
2026-07-31T21:38:45Z,648,4,0,14,1,0,1,1,1,1785531767
2026-07-31T21:38:45Z,649,0,0,30,1,0,1,1,1,1785533342
2026-07-31T21:38:45Z,650,4,1,10,0,0,1,1,1,1785533768
2026-07-31T21:38:45Z,651,5,5,18,0,0,1,1,1,1785533557
2026-07-31T21:38:45Z,652,4,2,16,3,0,1,1,1,1785533657
2026-07-31T21:38:45Z,653,2,1,16,1,0,1,1,1,1785533665
2026-07-31T21:38:45Z,654,1,0,14,0,0,1,1,1,1785533751
2026-07-31T21:38:45Z,655,8,4,0,4,1,1,1,1,1785533841
2026-07-31T21:38:45Z,656,4,1,15,0,0,1,1,1,1785533768
2026-07-31T21:38:45Z,657,11,4,2,2,2,1,1,1,1785533605
2026-07-31T21:38:45Z,658,9,1,1,0,0,1,1,1,1785533651
2026-07-31T21:38:45Z,659,7,5,6,2,0,1,1,1,1785529408
2026-07-31T21:38:45Z,660,21,6,6,4,0,1,1,1,1785533912
2026-07-31T21:38:45Z,661,9,4,10,0,0,1,1,1,1785533482
2026-07-31T21:38:45Z,662,5,2,14,4,0,1,1,1,1785533873
2026-07-31T21:38:45Z,663,4,1,11,0,0,1,1,1,1785533552
2026-07-31T21:38:45Z,664,14,0,13,0,0,1,1,1,1785533432
2026-07-31T21:38:45Z,665,9,4,6,0,0,1,1,1,1785532275
2026-07-31T21:38:45Z,666,6,2,6,3,0,1,1,1,1785533165
2026-07-31T21:38:45Z,667,17,2,0,2,0,1,1,1,1785533712
2026-07-31T21:38:45Z,668,5,1,14,0,0,1,1,1,1785533587
2026-07-31T21:38:45Z,669,10,3,2,2,0,1,1,1,1785533511
2026-07-31T21:38:45Z,670,19,0,7,1,0,1,1,1,1785533911
2026-07-31T21:38:45Z,671,26,4,1,0,0,1,1,1,1785533889
2026-07-31T21:38:45Z,672,10,1,9,3,1,1,1,1,1785533685
2026-07-31T21:38:45Z,673,11,0,11,0,1,1,1,1,1785533864
2026-07-31T21:38:45Z,674,2,0,19,2,0,1,1,1,1785533895
2026-07-31T21:38:45Z,675,1,1,12,2,0,1,1,1,1785532946
2026-07-31T21:38:45Z,676,7,0,14,1,0,1,1,1,1785533806
2026-07-31T21:38:45Z,681,9,2,5,1,0,1,1,1,1785533913
2026-07-31T21:38:45Z,682,6,1,13,0,0,1,1,1,1785529048
2026-07-31T21:38:45Z,683,1,1,18,0,0,1,1,1,1785527602
2026-07-31T21:38:45Z,684,3,1,24,0,0,1,1,1,1785518528
2026-07-31T21:38:45Z,685,4,0,21,1,1,1,1,1,1785531808
2026-07-31T21:38:45Z,686,10,0,14,3,0,1,1,1,1785533660
2026-07-31T21:38:45Z,687,12,1,17,1,1,1,1,1,1785533687
2026-07-31T21:38:45Z,688,12,1,7,0,0,1,1,1,1785532494
2026-07-31T21:38:45Z,692,0,0,21,0,0,1,1,1,1785533705
2026-07-31T21:38:45Z,693,6,0,2,3,0,1,1,1,1785532442
2026-07-31T21:38:45Z,694,9,4,12,0,0,1,1,1,1785533356
2026-07-31T21:38:45Z,695,5,4,18,0,0,1,1,1,1785532790
2026-07-31T21:38:45Z,696,15,12,8,0,0,1,1,1,1785533693
2026-07-31T21:38:45Z,697,17,4,6,0,0,1,1,1,1785533769
2026-07-31T21:38:45Z,698,22,0,5,0,0,1,1,1,1785533909
2026-07-31T21:38:45Z,699,5,0,9,1,0,1,1,1,1785532827
2026-07-31T21:38:45Z,700,17,0,0,2,0,1,1,1,1785533037
2026-07-31T21:38:45Z,701,14,2,5,0,0,1,1,1,1785533462
2026-07-31T21:38:45Z,702,5,1,17,1,0,1,1,1,1785533720
2026-07-31T21:38:45Z,704,3,0,12,0,0,1,1,1,1785533604
2026-07-31T21:38:45Z,705,2,1,13,0,0,1,1,1,1785533070
2026-07-31T21:38:45Z,706,4,1,9,2,0,1,1,1,1785532864
2026-07-31T21:38:45Z,707,7,1,8,0,0,1,1,1,1785532948
2026-07-31T21:38:45Z,708,15,1,3,1,0,1,1,1,1785533902
2026-07-31T21:38:45Z,709,4,0,8,3,0,1,1,1,1785533111
2026-07-31T21:38:45Z,710,1,0,17,1,0,1,1,1,1785532641
2026-07-31T21:38:45Z,711,5,2,15,3,0,1,1,1,1785532955
2026-07-31T21:38:45Z,712,8,8,6,1,0,1,1,1,1785533905
2026-07-31T21:38:45Z,713,1,1,22,0,0,1,1,1,1785533553
2026-07-31T21:38:45Z,716,4,3,11,0,0,1,1,1,1785532735
2026-07-31T21:38:45Z,717,3,1,20,2,0,1,1,1,1785533525
2026-07-31T21:38:45Z,718,5,1,8,2,0,1,1,1,1785533807
2026-07-31T21:38:45Z,719,5,0,24,0,0,1,1,1,1785533869
2026-07-31T21:38:45Z,720,0,0,19,0,0,1,1,1,1785533002
2026-07-31T21:38:45Z,721,6,0,14,3,0,1,1,1,1785533901
2026-07-31T21:38:45Z,722,7,1,8,0,0,1,1,1,1785532777
2026-07-31T21:38:45Z,723,14,2,9,0,0,1,1,1,1785532989
2026-07-31T21:38:45Z,724,10,3,12,1,0,1,1,1,1785532936
2026-07-31T21:38:45Z,725,0,0,22,1,0,1,1,1,1785533729
2026-07-31T21:38:45Z,726,6,0,12,1,0,1,1,1,1785533883
2026-07-31T21:38:45Z,727,10,5,12,1,0,1,1,1,1785533851
2026-07-31T21:38:45Z,728,9,0,5,1,0,1,1,1,1785533306
2026-07-31T21:38:45Z,729,4,1,15,0,0,1,1,1,1785533583
2026-07-31T21:38:45Z,730,0,0,12,3,0,1,1,1,1785533905
2026-07-31T21:38:45Z,731,4,3,9,2,0,1,1,1,1785533576
2026-07-31T21:38:45Z,732,3,2,12,0,0,1,1,1,1785532248
2026-07-31T21:38:45Z,733,9,1,18,0,0,1,1,1,1785533802
2026-07-31T21:38:45Z,734,4,1,10,0,0,1,1,1,1785533820
2026-07-31T21:38:45Z,735,18,10,9,0,0,1,1,1,1785533778
2026-07-31T21:38:45Z,736,12,1,7,0,0,1,1,1,1785533480
2026-07-31T21:38:45Z,737,2,1,12,0,1,1,1,1,1785533530
2026-07-31T21:38:45Z,738,14,4,5,0,0,1,1,1,1785533872
2026-07-31T21:38:45Z,739,17,0,9,1,0,1,1,1,1785533234
2026-07-31T21:38:45Z,741,7,0,16,0,0,1,1,1,1785533375
2026-07-31T21:38:45Z,742,17,11,17,1,0,1,1,1,1785533910
2026-07-31T21:38:45Z,743,5,2,14,0,0,1,1,1,1785533254
2026-07-31T21:38:45Z,744,10,2,5,0,0,1,1,1,1785533467
2026-07-31T21:38:45Z,745,11,4,8,0,0,1,1,1,1785533771
2026-07-31T21:38:45Z,746,0,0,22,1,0,1,1,1,1785533711
2026-07-31T21:38:45Z,747,0,0,4,0,0,0,1,1,1783446606
2026-07-31T21:38:45Z,748,8,0,15,0,0,1,1,1,1785532813
2026-07-31T21:38:45Z,749,2,0,21,0,0,1,1,1,1785533908
2026-07-31T21:38:45Z,750,3,2,7,1,0,1,1,1,1785533825
2026-07-31T21:38:45Z,751,18,13,5,0,0,1,1,1,1785533895
2026-07-31T21:38:45Z,752,2,0,14,1,0,1,1,1,1785533485
2026-07-31T21:38:45Z,753,2,0,13,0,0,1,1,1,1785533860
2026-07-31T21:38:45Z,754,6,2,9,0,0,1,1,1,1785533628
2026-07-31T21:38:45Z,755,15,4,7,1,0,1,1,1,1785533808
2026-07-31T21:38:45Z,756,5,4,31,1,0,1,1,1,1785533765
2026-07-31T21:38:45Z,757,1,0,18,0,0,1,1,1,1785533624
2026-07-31T21:38:45Z,758,4,2,19,0,0,1,1,1,1785533251
2026-07-31T21:38:45Z,759,0,0,0,0,0,1,1,1,86400
2026-07-31T21:38:45Z,760,9,2,10,0,0,1,1,1,1785531870
2026-07-31T21:38:45Z,761,1,0,22,0,0,1,1,1,1785533858
2026-07-31T21:38:45Z,762,4,2,6,5,0,1,1,1,1785533058
2026-07-31T21:38:45Z,768,7,0,8,4,0,1,1,1,1785532308
2026-07-31T21:38:45Z,769,14,11,4,1,0,1,1,1,1785533847
2026-07-31T21:38:45Z,770,6,2,11,2,0,1,1,1,1785533614
2026-07-31T21:38:45Z,771,11,1,3,1,0,1,1,1,1785533536
2026-07-31T21:38:45Z,772,0,0,15,0,0,1,1,1,1785533556
2026-07-31T21:38:45Z,773,16,2,3,0,0,1,1,1,1785533744
2026-07-31T21:38:45Z,774,7,1,4,4,0,1,1,1,1785533343
2026-07-31T21:38:45Z,775,6,1,11,1,1,1,1,1,1785533232
2026-07-31T21:38:45Z,776,1,0,19,1,0,1,1,1,1785533840
2026-07-31T21:38:45Z,777,14,5,1,0,0,1,1,1,1785533893
2026-07-31T21:38:45Z,778,12,0,4,3,0,1,1,1,1785533819
2026-07-31T21:38:45Z,779,6,0,12,1,0,1,1,1,1785532732
2026-07-31T21:38:45Z,780,3,1,16,0,0,1,1,1,1785533737
2026-07-31T21:38:45Z,781,3,1,6,2,0,1,1,1,1785532355
2026-07-31T21:38:45Z,782,0,0,15,4,0,1,1,1,1785533265
2026-07-31T21:38:45Z,783,8,2,11,0,0,1,1,1,1785533185
2026-07-31T21:38:45Z,784,4,0,15,0,0,1,1,1,1785532816
2026-07-31T21:38:45Z,785,10,2,3,6,0,1,1,1,1785533685
2026-07-31T21:38:45Z,786,10,5,9,0,0,1,1,1,1785532384
2026-07-31T21:38:45Z,787,4,3,10,1,0,1,1,1,1785533762
2026-07-31T21:38:45Z,788,6,1,9,0,0,1,1,1,1785533411
2026-07-31T21:38:45Z,789,7,2,4,4,0,1,1,1,1785533187
2026-07-31T21:38:45Z,790,2,0,21,0,0,1,1,1,1785533702
2026-07-31T21:38:45Z,791,10,1,8,0,1,1,1,1,1785533750
2026-07-31T21:38:45Z,793,4,0,10,1,0,1,1,1,1785533309
2026-07-31T21:38:45Z,794,14,2,13,2,0,1,1,1,1785533894
2026-07-31T21:38:45Z,796,6,3,12,1,0,1,1,1,1785533352
2026-07-31T21:38:45Z,797,4,1,11,0,0,1,1,1,1785533910
2026-07-31T21:38:45Z,798,18,0,6,1,0,1,1,1,1785533154
2026-07-31T21:38:45Z,799,14,2,1,4,0,1,1,1,1785533910
2026-07-31T21:38:45Z,800,1,0,19,1,0,1,1,1,1785532812
2026-07-31T21:38:45Z,801,3,2,17,1,0,1,1,1,1785533669
2026-07-31T21:38:45Z,802,9,0,22,0,0,1,1,1,1785533433
2026-07-31T21:38:45Z,803,2,0,13,0,0,1,1,1,1785532949
2026-07-31T21:38:45Z,806,5,3,9,1,0,1,1,1,1785533710
2026-07-31T21:38:45Z,807,11,6,12,2,0,1,1,1,1785533676
2026-07-31T21:38:45Z,808,19,6,4,2,0,1,1,1,1785533119
2026-07-31T21:38:45Z,809,4,1,18,1,0,1,1,1,1785533205
2026-07-31T21:38:45Z,810,4,2,13,2,0,1,1,1,1785533570
2026-07-31T21:38:45Z,815,8,3,2,4,1,1,1,1,1785533517
2026-07-31T21:38:45Z,817,10,6,5,0,0,1,1,1,1785532488
2026-07-31T21:38:45Z,818,6,1,17,0,0,1,1,1,1785533833
2026-07-31T21:38:45Z,819,7,4,8,0,0,1,1,1,1785532837
2026-07-31T21:38:45Z,820,10,0,7,0,0,1,1,1,1785533361
2026-07-31T21:38:45Z,821,3,3,12,0,0,1,1,1,1785533278
2026-07-31T21:38:45Z,822,2,0,20,1,0,1,1,1,1785533897
2026-07-31T21:38:45Z,823,15,2,0,0,0,1,1,1,1785532848
2026-07-31T21:38:45Z,824,7,3,12,0,0,1,1,1,1785533911
2026-07-31T21:38:45Z,825,5,4,9,1,0,1,1,1,1785533040
2026-07-31T21:38:45Z,826,7,1,10,2,0,1,1,1,1785532623
2026-07-31T21:38:45Z,827,18,4,1,2,0,1,1,1,1785533798
2026-07-31T21:38:45Z,828,13,1,3,2,0,1,1,1,1785533548
2026-07-31T21:38:45Z,829,17,6,10,0,0,1,1,1,1785532663
2026-07-31T21:38:45Z,830,16,0,6,1,0,1,1,1,1785533668
2026-07-31T21:38:45Z,831,5,3,8,2,0,1,1,1,1785533493
2026-07-31T21:38:45Z,832,7,3,8,3,0,1,1,1,1785533438
2026-07-31T21:38:45Z,833,2,1,16,1,0,1,1,1,1785533070
2026-07-31T21:38:45Z,834,15,0,8,1,0,1,1,1,1785533863
2026-07-31T21:38:45Z,835,4,1,12,2,0,1,1,1,1785533138
2026-07-31T21:38:45Z,838,0,0,13,2,0,1,1,1,1785533469
2026-07-31T21:38:45Z,839,19,2,9,1,0,1,1,1,1785533800
2026-07-31T21:38:45Z,840,0,0,28,1,0,1,1,1,1785532267
2026-07-31T21:38:45Z,841,8,2,7,0,0,1,1,1,1785533281
2026-07-31T21:38:45Z,842,2,0,21,0,0,1,1,1,1785532625
2026-07-31T21:38:45Z,843,14,2,17,0,0,1,1,1,1785533005
2026-07-31T21:38:45Z,844,4,0,19,0,0,1,1,1,1785532900
2026-07-31T21:38:45Z,845,4,3,13,2,0,1,1,1,1785532972
2026-07-31T21:38:45Z,846,4,2,14,1,0,1,1,1,1785533720
2026-07-31T21:38:45Z,847,6,1,20,1,0,1,1,1,1785533832
2026-07-31T21:38:45Z,848,3,2,15,1,0,1,1,1,1785533701
2026-07-31T21:38:45Z,849,7,0,7,1,0,1,1,1,1785533733
2026-07-31T21:38:45Z,850,5,0,6,0,0,1,1,1,1785533815
2026-07-31T21:38:45Z,851,4,4,30,3,0,1,1,1,1785533873
2026-07-31T21:38:45Z,852,9,3,10,0,0,1,1,1,1785532651
2026-07-31T21:38:45Z,853,11,5,12,0,0,1,1,1,1785533631
2026-07-31T21:38:45Z,854,2,1,13,0,0,1,1,1,1785533582
2026-07-31T21:38:45Z,855,26,0,1,0,0,1,1,1,1785533207
2026-07-31T21:38:45Z,857,4,4,13,2,0,1,1,1,1785533542
2026-07-31T21:38:45Z,858,5,2,13,1,0,1,1,1,1785533377
2026-07-31T21:38:45Z,859,8,0,12,1,0,1,1,1,1785533558
2026-07-31T21:38:45Z,861,6,0,4,1,0,1,1,1,1785528609
2026-07-31T21:38:45Z,862,4,2,11,0,0,1,1,1,1785532743
2026-07-31T21:38:45Z,863,13,0,5,1,0,1,1,1,1785529013
2026-07-31T21:38:45Z,866,10,1,9,0,0,1,1,1,1785533900
2026-07-31T21:38:45Z,867,14,2,1,0,0,1,1,1,1785532346
2026-07-31T21:38:45Z,868,7,0,8,0,0,1,1,1,1785532598
2026-07-31T21:38:45Z,870,8,5,7,0,0,1,1,1,1785532825
2026-07-31T21:38:45Z,871,0,0,10,1,0,1,1,1,1785532150
2026-07-31T21:38:45Z,872,1,0,13,1,0,1,1,1,1785532734
2026-07-31T21:38:45Z,873,7,0,24,2,0,1,1,1,1785533768
2026-07-31T21:38:45Z,874,5,0,7,3,0,1,1,1,1785532868
2026-07-31T21:38:45Z,875,13,9,1,1,0,1,1,1,1785533854
2026-07-31T21:38:45Z,877,13,12,6,0,0,1,1,1,1785532423
2026-07-31T21:38:45Z,878,3,3,16,0,0,1,1,1,1785532997
2026-07-31T21:38:45Z,879,2,0,17,0,0,1,1,1,1785533846
2026-07-31T21:38:45Z,880,3,0,19,1,0,1,1,1,1785533852
2026-07-31T21:38:45Z,881,3,0,16,0,0,1,1,1,1785533713
2026-07-31T21:38:45Z,882,10,4,8,1,0,1,1,1,1785532975
2026-07-31T21:38:45Z,883,7,3,12,0,0,1,1,1,1785533324
2026-07-31T21:38:45Z,884,11,7,10,0,0,1,1,1,1785533852
2026-07-31T21:38:45Z,885,0,0,19,0,0,1,1,1,1785532661
2026-07-31T21:38:45Z,886,5,0,23,1,0,1,1,1,1785533648
2026-07-31T21:38:45Z,887,7,3,7,3,0,1,1,1,1785533872
2026-07-31T21:38:45Z,888,7,1,31,3,0,1,1,1,1785533845
2026-07-31T21:38:45Z,889,1,1,16,2,0,1,1,1,1785533907
2026-07-31T21:38:45Z,890,8,4,7,0,0,1,1,1,1785527402
2026-07-31T21:38:45Z,891,18,0,4,1,0,1,1,1,1785533844
2026-07-31T21:38:45Z,892,12,1,3,0,0,1,1,1,1785533143
2026-07-31T21:38:45Z,895,2,0,17,0,0,1,1,1,1785532916
2026-07-31T21:38:45Z,896,9,2,26,0,0,1,1,1,1785532881
2026-07-31T21:38:45Z,897,16,1,5,0,0,1,1,1,1785533750
2026-07-31T21:38:45Z,898,2,0,17,0,0,1,1,1,1785532573
2026-07-31T21:38:45Z,899,0,0,18,1,0,1,1,1,1785533624
2026-07-31T21:38:45Z,900,5,0,21,1,0,1,1,1,1785533884
2026-07-31T21:38:45Z,901,1,0,17,1,0,1,1,1,1785533523
2026-07-31T21:38:45Z,902,5,1,10,0,0,1,1,1,1785532477
2026-07-31T21:38:45Z,903,7,2,11,1,0,1,1,1,1785533875
2026-07-31T21:38:45Z,904,10,4,8,1,0,1,1,1,1785532977
2026-07-31T21:38:45Z,905,11,0,16,0,0,1,1,1,1785533893
2026-07-31T21:38:45Z,906,20,8,6,1,0,1,1,1,1785533878
2026-07-31T21:38:45Z,907,7,0,24,0,0,1,1,1,1785533877
2026-07-31T21:38:45Z,908,12,2,11,0,0,1,1,1,1785533592
2026-07-31T21:38:45Z,909,8,8,15,0,0,1,1,1,1785533649
2026-07-31T21:38:45Z,910,20,0,7,4,0,1,1,1,1785533890
2026-07-31T21:38:45Z,911,4,1,15,0,0,1,1,1,1785532506
2026-07-31T21:38:45Z,912,5,1,17,1,0,1,1,1,1785533817
2026-07-31T21:38:45Z,913,6,4,13,0,0,1,1,1,1785533504
2026-07-31T21:38:45Z,914,16,0,1,2,0,1,1,1,1785533369
2026-07-31T21:38:45Z,915,13,0,7,3,0,1,1,1,1785533646
2026-07-31T21:38:45Z,916,2,0,21,0,0,1,1,1,1785533608
2026-07-31T21:38:45Z,917,7,0,27,1,0,1,1,1,1785533786
2026-07-31T21:38:45Z,918,0,0,17,2,0,1,1,1,1785533709
2026-07-31T21:38:45Z,919,30,1,6,3,0,1,1,1,1785533897
2026-07-31T21:38:45Z,920,7,2,12,0,0,1,1,1,1785533284
2026-07-31T21:38:45Z,921,11,0,10,0,0,1,1,1,1785533696
2026-07-31T21:38:45Z,922,0,0,21,0,0,1,1,1,1785533523
2026-07-31T21:38:45Z,923,9,3,10,0,0,1,1,1,1785533839
2026-07-31T21:38:45Z,924,5,0,15,1,0,1,1,1,1785533679
2026-07-31T21:38:45Z,925,11,0,10,0,0,1,1,1,1785533185
2026-07-31T21:38:45Z,926,1,0,20,0,0,1,1,1,1785533262
2026-07-31T21:38:45Z,927,26,3,9,0,0,1,1,1,1785533830
2026-07-31T21:38:45Z,928,0,0,19,0,0,0,1,1,1785500252
2026-07-31T21:38:45Z,929,15,1,8,0,0,1,1,1,1785533908
2026-07-31T21:38:45Z,930,8,0,22,1,0,1,1,1,1785533117
2026-07-31T21:38:45Z,931,8,3,14,1,0,1,1,1,1785533824
2026-07-31T21:38:45Z,932,4,1,13,2,0,1,1,1,1785533791
2026-07-31T21:38:45Z,933,2,1,20,1,0,1,1,1,1785533872
2026-07-31T21:38:45Z,934,25,0,5,1,0,1,1,1,1785533702
2026-07-31T21:38:45Z,935,8,0,10,1,0,1,1,1,1785533851
2026-07-31T21:38:45Z,936,6,0,13,0,0,1,1,1,1785533587
2026-07-31T21:38:45Z,940,2,0,8,1,0,1,1,1,1785533305
2026-07-31T21:38:45Z,941,18,2,4,3,0,1,1,1,1785533823
2026-07-31T21:38:45Z,942,15,0,6,0,0,1,1,1,1785533773
2026-07-31T21:38:45Z,943,8,8,7,0,0,1,1,1,1785532815
2026-07-31T21:38:45Z,944,10,8,5,0,0,1,1,1,1785532662
2026-07-31T21:38:45Z,945,10,8,5,0,0,1,1,1,1785532186
2026-07-31T21:38:45Z,946,7,5,12,0,0,1,1,1,1785523835
2026-07-31T21:38:45Z,947,5,3,12,0,0,1,1,1,1785533122
2026-07-31T21:38:45Z,948,16,13,11,4,0,1,1,1,1785533489
2026-07-31T21:38:45Z,949,5,5,9,1,0,1,1,1,1785533376
2026-07-31T21:38:45Z,950,8,2,8,1,0,1,1,1,1785533711
2026-07-31T21:38:45Z,951,19,7,4,0,0,1,1,1,1785533669
2026-07-31T21:38:45Z,952,22,0,32,1,0,1,1,1,1785533779
2026-07-31T21:38:45Z,953,1,0,13,1,0,1,1,1,1785533754
2026-07-31T21:38:45Z,954,7,0,12,0,0,1,1,1,1785532826
2026-07-31T21:38:45Z,955,6,4,15,6,0,1,1,1,1785533747
2026-07-31T21:38:45Z,956,12,1,10,1,0,1,1,1,1785533912
2026-07-31T21:38:45Z,957,14,1,15,0,0,1,1,1,1785533880
2026-07-31T21:38:45Z,958,27,1,2,2,0,1,1,1,1785533786
2026-07-31T21:38:45Z,959,4,0,18,1,0,1,1,1,1785533808
2026-07-31T21:38:45Z,960,2,1,21,0,0,1,1,1,1785533904
2026-07-31T21:38:45Z,961,3,0,17,3,0,1,1,1,1785533449
2026-07-31T21:38:45Z,962,7,1,25,3,0,1,1,1,1785533860
2026-07-31T21:38:45Z,963,5,0,17,1,0,1,1,1,1785533792
2026-07-31T21:38:45Z,964,10,10,13,0,0,1,1,1,1785533661
2026-07-31T21:38:45Z,965,11,6,15,1,0,1,1,1,1785533082
2026-07-31T21:38:45Z,966,10,0,20,1,0,1,1,1,1785533722
2026-07-31T21:38:45Z,967,15,1,4,2,0,1,1,1,1785533700
2026-07-31T21:38:45Z,968,15,0,3,1,0,1,1,1,1785533839
2026-07-31T21:38:45Z,969,3,0,22,2,0,1,1,1,1785533858
2026-07-31T21:38:45Z,970,2,1,16,1,0,1,1,1,1785533694
2026-07-31T21:38:45Z,971,1,0,21,1,0,1,1,1,1785533051
2026-07-31T21:38:45Z,972,12,4,10,1,0,1,1,1,1785532699
2026-07-31T21:38:45Z,973,4,0,18,1,0,1,1,1,1785533143
2026-07-31T21:38:45Z,974,14,0,12,1,0,1,1,1,1785533891
2026-07-31T21:38:45Z,977,2,0,17,2,0,1,1,1,1785533281
2026-07-31T21:38:45Z,978,18,0,5,0,0,1,1,1,1785533851
2026-07-31T21:38:45Z,979,0,0,17,0,0,1,1,1,1785533292
2026-07-31T21:38:45Z,980,0,0,20,1,0,1,1,1,1785533845
2026-07-31T21:38:45Z,981,8,0,13,0,0,1,1,1,1785533591
2026-07-31T21:38:45Z,982,4,1,14,1,0,1,1,1,1785532740
2026-07-31T21:38:45Z,983,2,2,21,0,0,1,1,1,1785533207
2026-07-31T21:38:45Z,984,6,0,17,0,0,1,1,1,1785532543
2026-07-31T21:38:45Z,985,9,0,21,1,0,1,1,1,1785533870
2026-07-31T21:38:45Z,986,3,0,16,0,0,1,1,1,1785532742
2026-07-31T21:38:45Z,987,7,1,16,0,0,1,1,1,1785533320
2026-07-31T21:38:45Z,988,6,4,13,0,0,1,1,1,1785532913
2026-07-31T21:38:45Z,989,7,4,12,0,0,1,1,1,1785533710
2026-07-31T21:38:45Z,990,12,0,2,1,0,1,1,1,1785532903
2026-07-31T21:38:45Z,991,9,0,9,1,0,1,1,1,1785532648
2026-07-31T21:38:45Z,992,9,5,14,0,0,1,1,1,1785533535
2026-07-31T21:38:45Z,993,3,3,23,1,0,1,1,1,1785533843
2026-07-31T21:38:45Z,994,0,0,21,0,0,1,1,1,1785533782
2026-07-31T21:38:45Z,995,6,0,21,0,0,1,1,1,1785532992
2026-07-31T21:38:45Z,996,8,2,15,0,0,1,1,1,1785532822
2026-07-31T21:38:45Z,997,5,4,6,9,3,1,1,1,1785533514
2026-07-31T21:38:45Z,998,5,4,18,0,0,1,1,1,1785533080
2026-07-31T21:38:45Z,999,4,1,15,1,1,1,1,1,1785532944
2026-07-31T21:38:45Z,1000,1,0,20,0,0,1,1,1,1785533622
2026-07-31T21:38:45Z,1001,5,3,22,0,0,1,1,1,1785533147
2026-07-31T21:38:45Z,1002,3,2,27,1,0,1,1,1,1785533180
2026-07-31T21:38:45Z,1003,1,0,22,0,0,1,1,1,1785532717
2026-07-31T21:38:45Z,1004,8,2,15,0,0,1,1,1,1785533013
2026-07-31T21:38:45Z,1005,20,1,3,0,0,1,1,1,1785532907
2026-07-31T21:38:45Z,1006,8,4,11,0,0,1,1,1,1785532713
2026-07-31T21:38:45Z,1007,1,1,20,0,0,1,1,1,1785532358
2026-07-31T21:38:45Z,1008,8,7,15,0,0,1,1,1,1785533712
2026-07-31T21:38:45Z,1009,22,5,8,1,0,1,1,1,1785533622
2026-07-31T21:38:45Z,1010,8,2,19,0,0,1,1,1,1785532621
2026-07-31T21:38:45Z,1011,7,2,10,2,0,1,1,1,1785533084
2026-07-31T21:38:45Z,1012,5,3,16,2,0,1,1,1,1785532679
2026-07-31T21:38:45Z,1013,4,1,18,1,0,1,1,1,1785533238
2026-07-31T21:38:45Z,1014,8,4,15,0,0,1,1,1,1785533205
2026-07-31T21:38:45Z,1015,4,3,26,1,0,1,1,1,1785533556
2026-07-31T21:38:45Z,1016,10,5,21,0,0,1,1,1,1785532632
2026-07-31T21:38:45Z,1017,13,5,8,0,0,1,1,1,1785533888
2026-07-31T21:38:45Z,1018,6,2,16,0,0,1,1,1,1785532758
2026-07-31T21:38:45Z,1019,8,5,7,0,0,1,1,1,1785532623
2026-07-31T21:38:45Z,1020,19,5,2,0,0,1,1,1,1785533753
2026-07-31T21:38:45Z,1021,9,4,6,0,0,1,1,1,1785533423
2026-07-31T21:38:45Z,1022,14,0,13,0,0,1,1,1,1785532892
2026-07-31T21:38:45Z,1023,14,2,9,0,0,1,1,1,1785532512
2026-07-31T21:38:45Z,1024,3,1,16,0,0,1,1,1,1785533880
2026-07-31T21:38:45Z,1025,4,0,14,0,1,1,1,1,1785532872
2026-07-31T21:38:45Z,1026,12,9,18,1,0,1,1,1,1785533804
2026-07-31T21:38:45Z,1028,3,1,20,0,0,1,1,1,1785532853
2026-07-31T21:38:45Z,1029,12,10,3,0,0,1,1,1,1785533733
2026-07-31T21:38:45Z,1030,13,4,10,0,0,1,1,1,1785533549
2026-07-31T21:38:45Z,1031,9,1,10,0,0,1,1,1,1785533854
2026-07-31T21:38:45Z,1032,7,1,12,0,0,1,1,1,1785532711
2026-07-31T21:38:45Z,1033,9,5,10,0,0,1,1,1,1785533535
2026-07-31T21:38:45Z,1034,3,0,12,0,0,1,1,1,1785532690
2026-07-31T21:38:45Z,1035,0,0,18,1,0,1,1,1,1785532718
2026-07-31T21:38:45Z,1036,13,0,2,0,0,1,1,1,1785533270
2026-07-31T21:38:45Z,1037,0,0,18,1,0,1,1,1,1785533085
2026-07-31T21:38:45Z,1038,1,0,14,0,0,1,1,1,1785532381
2026-07-31T21:38:45Z,1039,7,0,12,0,0,1,1,1,1785532861
2026-07-31T21:38:45Z,1040,8,5,11,0,0,1,1,1,1785533378
2026-07-31T21:38:45Z,1041,10,2,9,0,0,1,1,1,1785532631
2026-07-31T21:38:45Z,1042,3,0,11,1,0,1,1,1,1785532789
2026-07-31T21:38:45Z,1043,8,5,10,1,0,1,1,1,1785533093
2026-07-31T21:38:45Z,1044,1,0,14,0,0,1,1,1,1785532437
2026-07-31T21:38:45Z,1045,9,0,10,0,0,1,1,1,1785532693
2026-07-31T21:38:45Z,1046,9,0,6,0,0,1,1,1,1785533878
2026-07-31T21:38:45Z,1047,4,0,17,0,0,1,1,1,1785533482
2026-07-31T21:38:45Z,1048,1,0,18,0,0,1,1,1,1785532672
2026-07-31T21:38:45Z,1049,0,0,21,0,0,1,1,1,1785532778
2026-07-31T21:38:45Z,1050,20,5,1,0,0,1,1,1,1785533880
2026-07-31T21:38:45Z,1051,8,3,13,0,0,1,1,1,1785533750
2026-07-31T21:38:45Z,1052,16,1,5,1,0,1,1,1,1785532570
2026-07-31T21:38:45Z,1053,2,1,13,0,0,1,1,1,1785532573
2026-07-31T21:38:45Z,1054,5,1,10,0,0,1,1,1,1785532820
2026-07-31T21:38:45Z,1055,9,2,10,0,0,1,1,1,1785532842
2026-07-31T21:38:45Z,1057,4,0,14,1,0,1,1,1,1785533880
2026-07-31T21:38:45Z,1058,11,1,45,0,0,1,1,1,1785533858
2026-07-31T21:38:45Z,1059,1,1,17,1,0,1,1,1,1785532695
2026-07-31T21:38:45Z,1060,16,0,21,0,0,1,1,1,1785533798
2026-07-31T21:38:45Z,1061,16,0,21,0,0,1,1,1,1785533603
2026-07-31T21:38:45Z,1062,8,1,9,0,0,1,1,1,1785533164
2026-07-31T21:38:45Z,1063,12,1,6,1,0,1,1,1,1785532753
2026-07-31T21:38:45Z,1064,3,0,19,1,0,1,1,1,1785533123
2026-07-31T21:38:45Z,1065,16,3,7,0,0,1,1,1,1785533368
2026-07-31T21:38:45Z,1066,12,2,11,0,0,1,1,1,1785533187
2026-07-31T21:38:45Z,1067,8,2,13,2,0,1,1,1,1785533463
2026-07-31T21:38:45Z,1068,5,2,15,3,0,1,1,1,1785533002
2026-07-31T21:38:45Z,1069,12,3,11,0,0,1,1,1,1785533001
2026-07-31T21:38:45Z,1070,12,2,11,0,0,1,1,1,1785533105
2026-07-31T21:38:45Z,1071,8,4,15,0,0,1,1,1,1785533140
2026-07-31T21:38:45Z,1072,11,1,11,1,0,1,1,1,1785533548
2026-07-31T21:38:45Z,1073,10,0,16,1,0,1,1,1,1785533755
2026-07-31T21:38:45Z,1074,25,0,27,1,0,1,1,1,1785533913
2026-07-31T21:38:45Z,1075,8,8,13,0,0,1,1,1,1785533851
2026-07-31T21:38:45Z,1076,13,10,8,0,0,1,1,1,1785533773
2026-07-31T21:38:45Z,1077,12,8,9,0,0,1,1,1,1785533414
2026-07-31T21:38:45Z,1078,10,9,11,0,0,1,1,1,1785533808
2026-07-31T21:38:45Z,1079,14,10,7,0,0,1,1,1,1785532611
2026-07-31T21:38:45Z,1080,11,8,8,2,0,1,1,1,1785532539
2026-07-31T21:38:45Z,1081,13,7,6,0,0,1,1,1,1785533539
2026-07-31T21:38:45Z,1082,12,11,11,0,0,1,1,1,1785533261
2026-07-31T21:38:45Z,1083,12,10,9,0,0,1,1,1,1785532882
2026-07-31T21:38:45Z,1084,9,7,12,0,0,1,1,1,1785532497
2026-07-31T21:38:45Z,1085,12,9,9,0,0,1,1,1,1785532206
2026-07-31T21:38:45Z,1086,11,9,9,1,0,1,1,1,1785532899
2026-07-31T21:38:45Z,1087,7,7,8,0,0,1,1,1,1785533791
2026-07-31T21:38:45Z,1088,9,6,6,0,0,1,1,1,1785533496
2026-07-31T21:38:45Z,1089,7,3,8,0,0,1,1,1,1785529453
2026-07-31T21:38:45Z,1090,6,5,9,0,0,1,1,1,1785533858
2026-07-31T21:38:45Z,1091,7,5,8,0,0,1,1,1,1785533703
2026-07-31T21:38:45Z,1092,9,8,5,1,0,1,1,1,1785533301
2026-07-31T21:38:45Z,1093,5,5,9,1,0,1,1,1,1785533774
2026-07-31T21:38:45Z,1094,10,9,9,0,0,1,1,1,1785532704
2026-07-31T21:38:45Z,1095,10,8,5,0,0,1,1,1,1785532680
2026-07-31T21:38:45Z,1096,11,8,8,0,0,1,1,1,1785533080
2026-07-31T21:38:45Z,1097,8,8,7,0,0,1,1,1,1785533271
2026-07-31T21:38:45Z,1098,9,7,10,0,0,1,1,1,1785532310
2026-07-31T21:38:45Z,1099,7,6,8,0,0,1,1,1,1785532540
2026-07-31T21:38:45Z,1100,6,4,23,0,0,1,1,1,1785532207
2026-07-31T21:38:45Z,1101,10,5,11,0,0,1,1,1,1785532466
2026-07-31T21:38:45Z,1102,9,4,4,0,0,1,1,1,1785533481
2026-07-31T21:38:45Z,1103,11,5,10,0,0,1,1,1,1785503681
2026-07-31T21:38:45Z,1104,11,6,10,0,0,1,1,1,1785532216
2026-07-31T21:38:45Z,1105,8,4,5,0,0,1,1,1,1785533364
2026-07-31T21:38:45Z,1106,10,5,11,0,0,1,1,1,1785532558
2026-07-31T21:38:45Z,1107,9,5,6,0,0,1,1,1,1785532801
2026-07-31T21:38:45Z,1108,9,5,15,2,1,1,1,1,1785533813
2026-07-31T21:38:45Z,1109,7,3,8,0,0,1,1,1,1785532744
2026-07-31T21:38:45Z,1110,11,3,10,0,0,1,1,1,1785533897
2026-07-31T21:38:45Z,1111,12,5,8,1,0,1,1,1,1785532759
2026-07-31T21:38:45Z,1112,21,0,32,0,0,1,1,1,1785533764
2026-07-31T21:38:45Z,1113,1,0,20,0,0,1,1,1,1785533813
2026-07-31T21:38:45Z,1115,11,1,8,4,0,1,1,1,1785533282
2026-07-31T21:38:45Z,1116,2,0,17,0,0,1,1,1,1785532730
2026-07-31T21:38:45Z,1117,2,1,19,2,0,1,1,1,1785533161
2026-07-31T21:38:45Z,1118,14,1,7,0,0,1,1,1,1785533853
2026-07-31T21:38:45Z,1119,7,2,10,0,0,1,1,1,1785533722
2026-07-31T21:38:45Z,1120,5,1,13,1,0,1,1,1,1785532821
2026-07-31T21:38:45Z,1121,5,1,15,1,0,1,1,1,1785533762
2026-07-31T21:38:45Z,1122,5,1,15,1,0,1,1,1,1785533521
2026-07-31T21:38:45Z,1123,10,8,11,2,0,1,1,1,1785532958
2026-07-31T21:38:45Z,1124,4,1,9,2,0,1,1,1,1785533912
2026-07-31T21:38:45Z,1125,16,1,7,0,0,1,1,1,1785533105
2026-07-31T21:38:45Z,1126,6,0,15,0,0,1,1,1,1785533862
2026-07-31T21:38:45Z,1127,4,2,15,0,0,1,1,1,1785533389
2026-07-31T21:38:45Z,1128,1,1,14,0,0,1,1,1,1785533522
2026-07-31T21:38:45Z,1129,2,1,17,2,0,1,1,1,1785532796
2026-07-31T21:38:45Z,1130,9,0,5,1,0,1,1,1,1785533772
2026-07-31T21:38:45Z,1131,2,1,46,1,0,1,1,1,1785533793
2026-07-31T21:38:45Z,1132,9,4,11,1,0,1,1,1,1785533485
2026-07-31T21:38:45Z,1133,6,4,12,3,0,1,1,1,1785533703
2026-07-31T21:38:45Z,1134,12,6,7,0,0,1,1,1,1785533242
2026-07-31T21:38:45Z,1135,12,6,9,0,0,1,1,1,1785532363
2026-07-31T21:38:45Z,1136,14,1,8,1,0,1,1,1,1785533459
2026-07-31T21:38:45Z,1137,12,0,3,0,0,1,1,1,1785532615
2026-07-31T21:38:45Z,1138,5,0,14,0,0,1,1,1,1785532967
2026-07-31T21:38:45Z,1139,12,3,8,1,0,1,1,1,1785533411
2026-07-31T21:38:45Z,1140,3,0,18,2,0,1,1,1,1785533473
2026-07-31T21:38:45Z,1141,4,1,17,0,0,1,1,1,1785533889
2026-07-31T21:38:45Z,1142,3,0,18,0,0,1,1,1,1785533372
2026-07-31T21:38:45Z,1143,24,0,5,0,0,1,1,1,1785533863
2026-07-31T21:38:45Z,1144,6,0,14,1,0,1,1,1,1785533800
2026-07-31T21:38:45Z,1145,11,5,9,1,0,1,1,1,1785533139
2026-07-31T21:38:45Z,1146,3,3,11,5,0,1,1,1,1785533882
2026-07-31T21:38:45Z,1147,11,1,8,0,0,1,1,1,1785533571
2026-07-31T21:38:45Z,1148,13,0,18,0,0,1,1,1,1785533746
2026-07-31T21:38:45Z,1149,5,5,15,5,0,1,1,1,1785533672
2026-07-31T21:38:45Z,1150,6,0,13,0,0,1,1,1,1785533837
2026-07-31T21:38:45Z,1151,7,0,14,0,0,1,1,1,1785533390
2026-07-31T21:38:45Z,1152,3,0,26,0,0,1,1,1,1785532759
2026-07-31T21:38:45Z,1153,19,0,3,1,0,1,1,1,1785533410
2026-07-31T21:38:45Z,1154,4,0,15,0,0,1,1,1,1785532629
2026-07-31T21:38:45Z,1155,4,4,13,4,0,1,1,1,1785533837
2026-07-31T21:38:45Z,1158,3,1,16,0,0,1,1,1,1785532615
2026-07-31T21:38:45Z,1159,12,0,7,0,0,1,1,1,1785532977
2026-07-31T21:38:45Z,1160,9,2,10,0,0,1,1,1,1785533053
2026-07-31T21:38:45Z,1161,3,0,15,1,0,1,1,1,1785533112
2026-07-31T21:38:45Z,1162,4,1,15,0,0,1,1,1,1785533641
2026-07-31T21:38:45Z,1163,2,1,16,1,0,1,1,1,1785532735
2026-07-31T21:38:45Z,1164,5,1,14,0,0,1,1,1,1785532792
2026-07-31T21:38:45Z,1165,1,0,20,0,0,1,1,1,1785533537
2026-07-31T21:38:45Z,1166,13,3,7,1,0,1,1,1,1785533075
2026-07-31T21:38:45Z,1167,4,0,11,0,0,1,1,1,1785532463
2026-07-31T21:38:45Z,1168,3,0,18,2,0,1,1,1,1785533029
2026-07-31T21:38:45Z,1169,3,0,15,1,0,1,1,1,1785532637
2026-07-31T21:38:45Z,1170,7,1,14,0,0,1,1,1,1785533036
2026-07-31T21:38:45Z,1171,9,8,14,0,0,1,1,1,1785532738
2026-07-31T21:38:45Z,1172,5,0,8,2,0,1,1,1,1785532785
2026-07-31T21:38:45Z,1173,13,4,6,0,0,1,1,1,1785532896
2026-07-31T21:38:45Z,1174,6,3,9,0,0,1,1,1,1785532539
2026-07-31T21:38:45Z,1175,5,3,14,0,0,1,1,1,1785531043
2026-07-31T21:38:45Z,1176,8,2,13,0,0,1,1,1,1785532121
2026-07-31T21:38:45Z,1177,3,1,18,0,0,1,1,1,1785533870
2026-07-31T21:38:45Z,1178,5,2,10,0,0,1,1,1,1785532462
2026-07-31T21:38:45Z,1181,15,0,0,0,0,1,1,1,1785533637
2026-07-31T21:38:45Z,1182,18,3,1,1,0,1,1,1,1785533654
2026-07-31T21:38:45Z,1183,18,2,25,2,0,1,1,1,1785533888
2026-07-31T21:38:45Z,1184,6,4,13,2,0,1,1,1,1785533912
2026-07-31T21:38:45Z,1185,10,6,11,0,0,1,1,1,1785532845
2026-07-31T21:38:45Z,1186,9,5,10,0,0,1,1,1,1785533166
2026-07-31T21:38:45Z,1187,10,5,10,1,0,1,1,1,1785533400
2026-07-31T21:38:45Z,1188,10,5,5,0,0,1,1,1,1785532799
2026-07-31T21:38:45Z,1189,8,3,11,0,0,1,1,1,1785532929
2026-07-31T21:38:45Z,1190,9,4,12,0,0,1,1,1,1785532345
2026-07-31T21:38:45Z,1191,10,5,5,0,0,1,1,1,1785532803
2026-07-31T21:38:45Z,1192,11,7,9,1,0,1,1,1,1785532709
2026-07-31T21:38:45Z,1193,6,4,5,2,0,1,1,1,1785533568
2026-07-31T21:38:45Z,1197,9,6,7,1,0,1,1,1,1785533583
2026-07-31T21:38:45Z,1198,13,4,6,2,0,1,1,1,1785533235
2026-07-31T21:38:45Z,1199,3,0,16,0,0,1,1,1,1785533222
2026-07-31T21:38:45Z,1200,9,5,6,0,0,1,1,1,1785532839
2026-07-31T21:38:45Z,1201,9,4,6,0,0,1,1,1,1785532814
2026-07-31T21:38:45Z,1202,10,5,5,0,0,1,1,1,1785532915
2026-07-31T21:38:45Z,1203,11,5,4,0,0,1,1,1,1785532820
2026-07-31T21:38:45Z,1204,7,4,12,0,0,1,1,1,1785532596
2026-07-31T21:38:45Z,1206,11,5,10,0,0,1,1,1,1785533652
2026-07-31T21:38:45Z,1207,8,4,6,1,0,1,1,1,1785533132
2026-07-31T21:38:45Z,1208,10,4,9,0,0,1,1,1,1785533078
2026-07-31T21:38:45Z,1216,8,0,12,1,0,1,1,1,1785533867
2026-07-31T21:38:45Z,1218,4,0,17,0,0,1,1,1,1785532449
2026-07-31T21:38:45Z,1219,2,1,10,3,0,1,1,1,1785532723
2026-07-31T21:38:45Z,1220,17,6,2,0,0,1,1,1,1785533907
2026-07-31T21:38:45Z,1221,1,1,19,1,0,1,1,1,1785533619
2026-07-31T21:38:45Z,1222,13,2,16,0,0,1,1,1,1785533570
2026-07-31T21:38:45Z,1223,27,0,1,1,0,1,1,1,1785533822
2026-07-31T21:38:45Z,1226,0,0,3,0,0,0,1,1,1781868931
2026-07-31T21:38:45Z,1227,6,0,18,1,0,1,1,1,1785533808
2026-07-31T21:38:45Z,1228,1,1,28,0,0,1,1,1,1785533574
2026-07-31T21:38:45Z,1229,45,2,0,0,0,1,1,1,1785533693
2026-07-31T21:43:45Z,1,6,0,17,0,0,1,1,1,1785534100
2026-07-31T21:43:45Z,2,21,0,3,3,0,1,1,1,1785533861
2026-07-31T21:43:45Z,3,7,0,6,1,0,1,1,1,1785534083
2026-07-31T21:43:45Z,4,20,0,1,1,0,1,1,1,1785533395
2026-07-31T21:43:45Z,5,18,4,3,2,0,1,1,1,1785533822
2026-07-31T21:43:45Z,6,4,0,11,0,0,1,1,1,1785534154
2026-07-31T21:43:45Z,7,11,0,28,0,0,1,1,1,1785533169
2026-07-31T21:43:45Z,8,15,2,28,0,0,1,1,1,1785534141
2026-07-31T21:43:45Z,9,14,2,9,0,0,1,1,1,1785534142
2026-07-31T21:43:45Z,10,2,1,19,2,0,1,1,1,1785534201
2026-07-31T21:43:45Z,11,6,0,11,2,0,1,1,1,1785534031
2026-07-31T21:43:45Z,12,22,1,1,0,0,1,1,1,1785534172
2026-07-31T21:43:45Z,13,14,1,16,0,0,1,1,1,1785534186
2026-07-31T21:43:45Z,14,41,0,1,0,1,1,1,1,1785533690
2026-07-31T21:43:45Z,15,4,0,11,0,0,1,1,1,1785534129
2026-07-31T21:43:45Z,16,1,0,23,2,1,1,1,1,1785534159
2026-07-31T21:43:45Z,17,15,0,11,1,0,1,1,1,1785534204
2026-07-31T21:43:45Z,18,13,1,3,2,0,1,1,1,1785534213
2026-07-31T21:43:45Z,19,9,2,17,1,0,1,1,1,1785534100
2026-07-31T21:43:45Z,20,24,4,11,0,0,1,1,1,1785534122
2026-07-31T21:43:45Z,21,0,0,17,2,0,1,1,1,1785534082
2026-07-31T21:43:45Z,22,20,0,45,0,0,1,1,1,1785533791
2026-07-31T21:43:45Z,23,12,7,18,1,0,1,1,1,1785533873
2026-07-31T21:43:45Z,24,8,2,2,1,0,1,1,1,1785534208
2026-07-31T21:43:45Z,25,72,4,7,2,0,1,1,1,1785534207
2026-07-31T21:43:45Z,26,24,0,3,0,0,1,1,1,1785534081
2026-07-31T21:43:45Z,28,11,1,4,0,0,1,1,1,1785534178
2026-07-31T21:43:45Z,30,15,1,12,2,0,1,1,1,1785534095
2026-07-31T21:43:45Z,31,10,1,7,2,0,1,1,1,1785533982
2026-07-31T21:43:45Z,32,21,1,6,0,0,1,1,1,1785534161
2026-07-31T21:43:45Z,34,22,2,14,1,0,1,1,1,1785534086
2026-07-31T21:43:45Z,35,23,1,23,1,0,1,1,1,1785534183
2026-07-31T21:43:45Z,36,0,0,0,0,0,0,1,1,86400
2026-07-31T21:43:45Z,37,16,2,7,0,0,1,1,1,1785534061
2026-07-31T21:43:45Z,38,1,0,22,0,0,1,1,1,1785534143
2026-07-31T21:43:45Z,39,17,4,22,0,0,1,1,1,1785534069
2026-07-31T21:43:45Z,40,5,0,16,0,0,1,1,1,1785534191
2026-07-31T21:43:45Z,41,26,0,17,0,0,1,1,1,1785533844
2026-07-31T21:43:45Z,42,5,4,25,1,0,1,1,1,1785534158
2026-07-31T21:43:45Z,43,9,2,14,0,0,1,1,1,1785534025
2026-07-31T21:43:45Z,45,6,0,23,0,0,1,1,1,1785533993
2026-07-31T21:43:45Z,46,1,0,27,3,0,1,1,1,1785534169
2026-07-31T21:43:45Z,47,3,0,11,1,0,1,1,1,1785533687
2026-07-31T21:43:45Z,48,20,0,7,0,0,1,1,1,1785534174
2026-07-31T21:43:45Z,49,0,0,19,4,0,1,1,1,1785534210
2026-07-31T21:43:45Z,50,5,3,13,1,0,1,1,1,1785534002
2026-07-31T21:43:45Z,51,43,0,34,0,0,1,1,1,1785534194
2026-07-31T21:43:45Z,52,0,0,24,3,0,1,1,1,1785534191
2026-07-31T21:43:45Z,55,6,0,17,0,0,1,1,1,1785534211
2026-07-31T21:43:45Z,56,15,1,28,0,0,1,1,1,1785534214
2026-07-31T21:43:45Z,57,6,0,21,0,0,1,1,1,1785534092
2026-07-31T21:43:45Z,58,0,0,28,0,0,1,1,1,1785532323
2026-07-31T21:43:45Z,59,17,0,8,2,0,1,1,1,1785534202
2026-07-31T21:43:45Z,61,32,0,7,0,0,1,1,1,1785533150
2026-07-31T21:43:45Z,62,31,17,17,1,0,1,1,1,1785534197
2026-07-31T21:43:45Z,63,12,2,7,0,0,1,1,1,1785534190
2026-07-31T21:43:45Z,64,12,1,3,4,0,1,1,1,1785530968
2026-07-31T21:43:45Z,65,8,4,10,1,0,1,1,1,1785534153
2026-07-31T21:43:45Z,67,21,0,17,1,0,1,1,1,1785534209
2026-07-31T21:43:45Z,68,34,0,2,1,0,1,1,1,1785534100
2026-07-31T21:43:45Z,69,4,0,11,0,0,1,1,1,1785533669
2026-07-31T21:43:45Z,71,11,2,13,3,0,1,1,1,1785534107
2026-07-31T21:43:45Z,72,22,4,5,3,1,1,1,1,1785534074
2026-07-31T21:43:45Z,73,4,1,27,0,0,1,1,1,1785534210
2026-07-31T21:43:45Z,74,1,1,18,0,0,1,1,1,1785533471
2026-07-31T21:43:45Z,75,8,0,23,1,0,1,1,1,1785534183
2026-07-31T21:43:45Z,76,1,0,17,1,0,1,1,1,1785534211
2026-07-31T21:43:45Z,77,10,0,17,0,0,1,1,1,1785534128
2026-07-31T21:43:45Z,78,6,2,17,0,0,1,1,1,1785533400
2026-07-31T21:43:45Z,79,3,0,13,1,0,1,1,1,1785534120
2026-07-31T21:43:45Z,80,11,1,9,3,0,1,1,1,1785534155
2026-07-31T21:43:45Z,81,1,0,30,0,0,1,1,1,1785533995
2026-07-31T21:43:45Z,82,8,7,14,1,0,1,1,1,1785533776
2026-07-31T21:43:45Z,83,1,0,31,2,0,1,1,1,1785534206
2026-07-31T21:43:45Z,84,3,1,24,0,0,1,1,1,1785534037
2026-07-31T21:43:45Z,85,11,1,4,0,0,1,1,1,1785533928
2026-07-31T21:43:45Z,86,6,3,21,0,0,1,1,1,1785534192
2026-07-31T21:43:45Z,87,0,0,19,0,0,1,1,1,1785533075
2026-07-31T21:43:45Z,88,7,0,34,2,0,1,1,1,1785534214
2026-07-31T21:43:45Z,89,28,2,6,1,0,1,1,1,1785533989
2026-07-31T21:43:45Z,90,9,1,8,1,0,1,1,1,1785533930
2026-07-31T21:43:45Z,91,1,0,16,0,0,1,1,1,1785534047
2026-07-31T21:43:45Z,92,4,1,12,3,0,1,1,1,1785534002
2026-07-31T21:43:45Z,93,5,0,18,0,0,1,1,1,1785534185
2026-07-31T21:43:45Z,94,11,0,7,1,0,1,1,1,1785534182
2026-07-31T21:43:45Z,95,1,0,32,1,1,1,1,1,1785534207
2026-07-31T21:43:45Z,96,16,3,14,1,0,1,1,1,1785534127
2026-07-31T21:43:45Z,97,0,0,15,2,0,1,1,1,1785534201
2026-07-31T21:43:45Z,98,28,7,7,0,0,1,1,1,1785534060
2026-07-31T21:43:45Z,99,12,2,3,0,0,1,1,1,1785534066
2026-07-31T21:43:45Z,100,5,2,22,0,0,1,1,1,1785534117
2026-07-31T21:43:45Z,101,14,1,0,1,0,1,1,1,1785534058
2026-07-31T21:43:45Z,102,11,0,12,0,0,1,1,1,1785534107
2026-07-31T21:43:45Z,103,25,0,2,3,0,1,1,1,1785534094
2026-07-31T21:43:45Z,104,13,0,12,2,0,1,1,1,1785534113
2026-07-31T21:43:45Z,105,16,0,3,0,0,1,1,1,1785533739
2026-07-31T21:43:45Z,106,14,0,7,0,0,1,1,1,1785533963
2026-07-31T21:43:45Z,107,22,1,15,0,0,1,1,1,1785534209
2026-07-31T21:43:45Z,108,10,0,24,1,0,1,1,1,1785533923
2026-07-31T21:43:45Z,109,23,0,0,0,0,1,1,1,1785534193
2026-07-31T21:43:45Z,110,14,0,9,0,0,1,1,1,1785534133
2026-07-31T21:43:45Z,111,9,0,27,0,0,1,1,1,1785534185
2026-07-31T21:43:45Z,112,12,0,2,1,0,1,1,1,1785534190
2026-07-31T21:43:45Z,113,4,0,14,1,0,1,1,1,1785534139
2026-07-31T21:43:45Z,114,9,6,20,1,1,1,1,1,1785534215
2026-07-31T21:43:45Z,115,20,10,5,3,0,1,1,1,1785534107
2026-07-31T21:43:45Z,116,9,9,18,0,0,1,1,1,1785533918
2026-07-31T21:43:45Z,118,15,1,5,3,0,1,1,1,1785533807
2026-07-31T21:43:45Z,119,1,0,35,2,0,1,1,1,1785534181
2026-07-31T21:43:45Z,120,3,0,22,2,0,1,1,1,1785533964
2026-07-31T21:43:45Z,121,0,0,16,2,1,1,1,1,1785534206
2026-07-31T21:43:45Z,122,15,0,5,1,0,1,1,1,1785534104
2026-07-31T21:43:45Z,123,5,3,41,1,0,1,1,1,1785534034
2026-07-31T21:43:45Z,124,14,1,21,0,0,1,1,1,1785534125
2026-07-31T21:43:45Z,125,2,0,20,1,0,1,1,1,1785534177
2026-07-31T21:43:45Z,126,21,2,10,0,0,1,1,1,1785534051
2026-07-31T21:43:45Z,127,6,1,28,1,0,1,1,1,1785534140
2026-07-31T21:43:45Z,128,8,0,10,1,0,1,1,1,1785534211
2026-07-31T21:43:45Z,129,7,2,9,3,0,1,1,1,1785533966
2026-07-31T21:43:45Z,130,4,0,13,0,0,1,1,1,1785533289
2026-07-31T21:43:45Z,131,4,4,6,1,0,1,1,1,1785533513
2026-07-31T21:43:45Z,132,5,4,9,0,1,1,1,1,1785534045
2026-07-31T21:43:45Z,134,13,0,6,4,0,1,1,1,1785534165
2026-07-31T21:43:45Z,135,6,1,12,1,0,1,1,1,1785534215
2026-07-31T21:43:45Z,136,2,1,12,3,6,1,1,1,1785533938
2026-07-31T21:43:45Z,137,2,1,16,1,0,1,1,1,1785534176
2026-07-31T21:43:45Z,138,7,1,30,0,0,1,1,1,1785534143
2026-07-31T21:43:45Z,139,5,2,14,0,0,1,1,1,1785534131
2026-07-31T21:43:45Z,140,2,0,20,1,0,1,1,1,1785534215
2026-07-31T21:43:45Z,141,4,1,32,0,0,1,1,1,1785533831
2026-07-31T21:43:45Z,142,5,3,17,1,0,1,1,1,1785534210
2026-07-31T21:43:45Z,143,31,0,0,0,0,1,1,1,1785534148
2026-07-31T21:43:45Z,144,20,1,6,1,0,1,1,1,1785534127
2026-07-31T21:43:45Z,146,7,0,15,1,0,1,1,1,1785534203
2026-07-31T21:43:45Z,147,1,0,15,3,0,1,1,1,1785534135
2026-07-31T21:43:45Z,148,1,1,23,3,0,1,1,1,1785533980
2026-07-31T21:43:45Z,149,2,0,25,0,0,1,1,1,1785534092
2026-07-31T21:43:45Z,150,5,0,28,2,0,1,1,1,1785534214
2026-07-31T21:43:45Z,151,0,0,23,0,0,1,1,1,1785534202
2026-07-31T21:43:45Z,152,1,0,22,3,0,1,1,1,1785534214
2026-07-31T21:43:45Z,153,6,0,20,2,0,1,1,1,1785534135
2026-07-31T21:43:45Z,154,11,1,7,5,0,1,1,1,1785534212
2026-07-31T21:43:45Z,155,6,1,7,1,0,1,1,1,1785534045
2026-07-31T21:43:45Z,156,3,0,16,0,0,1,1,1,1785533878
2026-07-31T21:43:45Z,157,4,0,21,2,0,1,1,1,1785534183
2026-07-31T21:43:45Z,158,12,0,3,1,0,1,1,1,1785534032
2026-07-31T21:43:45Z,159,3,0,15,1,0,1,1,1,1785534145
2026-07-31T21:43:45Z,160,1,0,18,0,0,1,1,1,1785533968
2026-07-31T21:43:45Z,161,16,2,6,0,0,1,1,1,1785534179
2026-07-31T21:43:45Z,162,17,12,9,1,0,1,1,1,1785534213
2026-07-31T21:43:45Z,163,5,1,25,0,1,1,1,1,1785534125
2026-07-31T21:43:45Z,164,19,0,8,0,0,1,1,1,1785534202
2026-07-31T21:43:45Z,165,27,1,4,0,0,1,1,1,1785534209
2026-07-31T21:43:45Z,166,5,1,30,4,0,1,1,1,1785534211
2026-07-31T21:43:45Z,167,6,0,16,1,0,1,1,1,1785533976
2026-07-31T21:43:45Z,168,22,0,3,2,0,1,1,1,1785534174
2026-07-31T21:43:45Z,169,12,1,9,1,1,1,1,1,1785534215
2026-07-31T21:43:45Z,170,6,0,12,1,0,1,1,1,1785534025
2026-07-31T21:43:45Z,171,5,1,6,2,0,1,1,1,1785533918
2026-07-31T21:43:45Z,173,4,1,35,0,0,1,1,1,1785534215
2026-07-31T21:43:45Z,174,3,1,23,0,0,1,1,1,1785534213
2026-07-31T21:43:45Z,175,28,2,2,1,0,1,1,1,1785534131
2026-07-31T21:43:45Z,176,12,4,1,1,1,1,1,1,1785533749
2026-07-31T21:43:45Z,177,10,1,15,2,0,1,1,1,1785534096
2026-07-31T21:43:45Z,178,10,2,2,2,1,1,1,1,1785534214
2026-07-31T21:43:45Z,179,13,4,0,3,0,1,1,1,1785534213
2026-07-31T21:43:45Z,180,1,0,29,0,0,1,1,1,1785533972
2026-07-31T21:43:45Z,181,2,2,13,0,0,1,1,1,1785534021
2026-07-31T21:43:45Z,182,7,5,10,0,0,1,1,1,1785533920
2026-07-31T21:43:45Z,183,8,4,14,1,0,1,1,1,1785534169
2026-07-31T21:43:45Z,184,18,3,3,2,0,1,1,1,1785534191
2026-07-31T21:43:45Z,185,7,5,5,2,1,1,1,1,1785534211
2026-07-31T21:43:45Z,186,0,0,19,0,0,1,1,1,1785533390
2026-07-31T21:43:45Z,187,0,0,27,1,0,1,1,1,1785532136
2026-07-31T21:43:45Z,188,12,4,7,7,1,1,1,1,1785534211
2026-07-31T21:43:45Z,189,8,3,7,0,0,1,1,1,1785533769
2026-07-31T21:43:45Z,190,5,1,17,1,0,1,1,1,1785534207
2026-07-31T21:43:45Z,191,5,3,34,0,0,1,1,1,1785534035
2026-07-31T21:43:45Z,192,6,0,24,1,0,1,1,1,1785534160
2026-07-31T21:43:45Z,193,11,6,3,1,0,1,1,1,1785534179
2026-07-31T21:43:45Z,194,16,4,11,0,0,1,1,1,1785534157
2026-07-31T21:43:45Z,195,1,0,18,0,0,1,1,1,1785534057
2026-07-31T21:43:45Z,196,5,5,20,2,0,1,1,1,1785533772
2026-07-31T21:43:45Z,197,0,0,17,1,1,1,1,1,1785534089
2026-07-31T21:43:45Z,198,10,10,11,2,0,1,1,1,1785534011
2026-07-31T21:43:45Z,199,5,3,9,1,0,1,1,1,1785534168
2026-07-31T21:43:45Z,200,11,8,15,0,0,1,1,1,1785534191
2026-07-31T21:43:45Z,201,4,3,19,0,0,1,1,1,1785534092
2026-07-31T21:43:45Z,202,2,0,25,0,0,1,1,1,1785534134
2026-07-31T21:43:45Z,203,7,2,23,1,0,1,1,1,1785534160
2026-07-31T21:43:45Z,204,20,1,12,3,0,1,1,1,1785534195
2026-07-31T21:43:45Z,205,13,0,14,0,0,1,1,1,1785533340
2026-07-31T21:43:45Z,206,4,3,10,1,0,1,1,1,1785534131
2026-07-31T21:43:45Z,207,21,0,0,0,0,1,1,1,1785534193
2026-07-31T21:43:45Z,208,2,1,27,0,0,1,1,1,1785533698
2026-07-31T21:43:45Z,209,29,2,1,1,0,1,1,1,1785534206
2026-07-31T21:43:45Z,210,10,6,17,0,0,1,1,1,1785534132
2026-07-31T21:43:45Z,211,0,0,22,1,0,1,1,1,1785533741
2026-07-31T21:43:45Z,212,25,2,9,1,0,1,1,1,1785534148
2026-07-31T21:43:45Z,213,12,4,10,1,0,1,1,1,1785534165
2026-07-31T21:43:45Z,214,30,2,15,2,0,1,1,1,1785534210
2026-07-31T21:43:45Z,215,13,3,9,1,0,1,1,1,1785534136
2026-07-31T21:43:45Z,216,10,3,8,1,0,1,1,1,1785534103
2026-07-31T21:43:45Z,217,22,1,6,1,0,1,1,1,1785534152
2026-07-31T21:43:45Z,218,17,7,18,4,0,1,1,1,1785534188
2026-07-31T21:43:45Z,219,20,2,5,1,0,1,1,1,1785534065
2026-07-31T21:43:45Z,220,22,10,19,1,1,1,1,1,1785534215
2026-07-31T21:43:45Z,221,2,1,12,1,0,1,1,1,1785534165
2026-07-31T21:43:45Z,222,1,1,17,1,0,1,1,1,1785533916
2026-07-31T21:43:45Z,223,6,0,26,3,0,1,1,1,1785534200
2026-07-31T21:43:45Z,224,2,0,19,1,0,1,1,1,1785533696
2026-07-31T21:43:45Z,225,4,1,11,4,0,1,1,1,1785534143
2026-07-31T21:43:45Z,226,21,3,9,1,0,1,1,1,1785534185
2026-07-31T21:43:45Z,227,11,1,15,1,0,1,1,1,1785534018
2026-07-31T21:43:45Z,228,2,2,17,0,0,1,1,1,1785534013
2026-07-31T21:43:45Z,230,6,0,20,0,0,1,1,1,1785534194
2026-07-31T21:43:45Z,232,4,0,12,1,0,1,1,1,1785534071
2026-07-31T21:43:45Z,233,13,7,17,1,0,1,1,1,1785534190
2026-07-31T21:43:45Z,234,12,5,1,4,2,1,1,1,1785533561
2026-07-31T21:43:45Z,236,13,2,6,0,0,1,1,1,1785534133
2026-07-31T21:43:45Z,237,2,0,20,1,0,1,1,1,1785533925
2026-07-31T21:43:45Z,239,9,8,17,1,0,1,1,1,1785534180
2026-07-31T21:43:45Z,241,6,5,16,1,0,1,1,1,1785534173
2026-07-31T21:43:45Z,242,5,2,17,1,0,1,1,1,1785533832
2026-07-31T21:43:45Z,243,15,13,14,2,0,1,1,1,1785534211
2026-07-31T21:43:45Z,244,3,3,23,1,0,1,1,1,1785534074
2026-07-31T21:43:45Z,245,11,6,12,0,0,1,1,1,1785534080
2026-07-31T21:43:45Z,246,5,4,18,0,0,1,1,1,1785534158
2026-07-31T21:43:45Z,247,7,5,14,2,0,1,1,1,1785534176
2026-07-31T21:43:45Z,248,10,6,10,3,0,1,1,1,1785534212
2026-07-31T21:43:45Z,249,15,14,3,1,0,1,1,1,1785534036
2026-07-31T21:43:45Z,250,1,1,23,3,0,1,1,1,1785534201
2026-07-31T21:43:45Z,251,21,10,2,4,0,1,1,1,1785534192
2026-07-31T21:43:45Z,253,4,2,15,0,0,1,1,1,1785534136
2026-07-31T21:43:45Z,254,0,0,42,1,0,1,1,1,1785533894
2026-07-31T21:43:45Z,255,7,0,15,0,1,1,1,1,1785534178
2026-07-31T21:43:45Z,256,2,1,19,2,0,1,1,1,1785534127
2026-07-31T21:43:45Z,257,2,0,17,0,0,1,1,1,1785534098
2026-07-31T21:43:45Z,258,12,6,6,1,0,1,1,1,1785534194
2026-07-31T21:43:45Z,259,14,0,8,0,1,1,1,1,1785534197
2026-07-31T21:43:45Z,260,4,3,14,1,0,1,1,1,1785534045
2026-07-31T21:43:45Z,261,0,0,17,1,1,1,1,1,1785533222
2026-07-31T21:43:45Z,262,6,0,16,1,0,1,1,1,1785534196
2026-07-31T21:43:45Z,263,1,0,13,1,0,1,1,1,1785534125
2026-07-31T21:43:45Z,264,0,0,19,0,0,1,1,1,1785533790
2026-07-31T21:43:45Z,265,8,1,7,0,0,1,1,1,1785534061
2026-07-31T21:43:45Z,266,12,8,6,1,0,1,1,1,1785534175
2026-07-31T21:43:45Z,267,9,4,5,1,0,1,1,1,1785531709
2026-07-31T21:43:45Z,268,18,7,4,1,0,1,1,1,1785534207
2026-07-31T21:43:45Z,269,7,5,16,0,0,1,1,1,1785533929
2026-07-31T21:43:45Z,270,4,2,22,1,0,1,1,1,1785534163
2026-07-31T21:43:45Z,271,5,0,12,2,0,1,1,1,1785533754
2026-07-31T21:43:45Z,272,11,1,12,0,0,1,1,1,1785534195
2026-07-31T21:43:45Z,273,4,1,11,0,0,1,1,1,1785534082
2026-07-31T21:43:45Z,274,3,3,15,1,0,1,1,1,1785534016
2026-07-31T21:43:45Z,275,8,0,10,4,1,1,1,1,1785534067
2026-07-31T21:43:45Z,276,2,1,24,1,0,1,1,1,1785533334
2026-07-31T21:43:45Z,277,4,3,15,4,0,1,1,1,1785533964
2026-07-31T21:43:45Z,278,10,9,19,2,0,1,1,1,1785534027
2026-07-31T21:43:45Z,279,1,1,18,0,0,1,1,1,1785534125
2026-07-31T21:43:45Z,280,3,1,25,3,0,1,1,1,1785534103
2026-07-31T21:43:45Z,281,1,0,18,0,0,1,1,1,1785534211
2026-07-31T21:43:45Z,282,7,2,11,0,0,1,1,1,1785527347
2026-07-31T21:43:45Z,283,18,3,17,0,0,1,1,1,1785534213
2026-07-31T21:43:45Z,284,26,2,6,3,0,1,1,1,1785534163
2026-07-31T21:43:45Z,285,5,3,18,0,0,1,1,1,1785534184
2026-07-31T21:43:45Z,286,7,3,14,2,0,1,1,1,1785533994
2026-07-31T21:43:45Z,287,10,1,10,3,0,1,1,1,1785532355
2026-07-31T21:43:45Z,288,4,0,14,1,0,1,1,1,1785534143
2026-07-31T21:43:45Z,289,9,7,15,3,0,1,1,1,1785533783
2026-07-31T21:43:45Z,290,17,0,19,3,0,1,1,1,1785534163
2026-07-31T21:43:45Z,291,13,1,9,1,0,1,1,1,1785534163
2026-07-31T21:43:45Z,292,5,3,18,0,0,1,1,1,1785533577
2026-07-31T21:43:45Z,293,4,1,19,0,0,1,1,1,1785534215
2026-07-31T21:43:45Z,294,10,5,10,2,0,1,1,1,1785534199
2026-07-31T21:43:45Z,297,11,0,6,1,1,1,1,1,1785534121
2026-07-31T21:43:45Z,301,17,2,2,0,0,1,1,1,1785534161
2026-07-31T21:43:45Z,302,19,0,3,1,0,1,1,1,1785534037
2026-07-31T21:43:45Z,303,3,0,16,0,0,1,1,1,1785533695
2026-07-31T21:43:45Z,304,0,0,0,0,0,0,1,1,86400
2026-07-31T21:43:45Z,305,3,0,15,1,0,1,1,1,1785534206
2026-07-31T21:43:45Z,306,14,0,17,1,0,1,1,1,1785534174
2026-07-31T21:43:45Z,307,5,0,18,0,0,1,1,1,1785534156
2026-07-31T21:43:45Z,308,4,1,14,1,0,1,1,1,1785533874
2026-07-31T21:43:45Z,309,3,2,11,0,0,1,1,1,1785533039
2026-07-31T21:43:45Z,311,6,0,8,1,0,1,1,1,1785532562
2026-07-31T21:43:45Z,312,8,7,12,3,0,1,1,1,1785533989
2026-07-31T21:43:45Z,313,4,0,11,0,0,1,1,1,1785534069
2026-07-31T21:43:45Z,314,9,2,8,2,0,1,1,1,1785533799
2026-07-31T21:43:45Z,315,13,5,16,2,0,1,1,1,1785534207
2026-07-31T21:43:45Z,316,3,1,19,8,1,1,1,1,1785534181
2026-07-31T21:43:45Z,317,24,7,6,0,1,1,1,1,1785534163
2026-07-31T21:43:45Z,318,19,4,0,0,0,1,1,1,1785533970
2026-07-31T21:43:45Z,319,20,3,1,2,0,1,1,1,1785533610
2026-07-31T21:43:45Z,320,11,0,7,1,0,1,1,1,1785533728
2026-07-31T21:43:45Z,321,2,0,13,4,0,1,1,1,1785533927
2026-07-31T21:43:45Z,322,18,0,11,0,0,1,1,1,1785534198
2026-07-31T21:43:45Z,323,3,1,15,1,0,1,1,1,1785534179
2026-07-31T21:43:45Z,324,15,1,11,1,0,1,1,1,1785534215
2026-07-31T21:43:45Z,325,4,2,21,2,0,1,1,1,1785534045
2026-07-31T21:43:45Z,327,18,1,7,2,0,1,1,1,1785534152
2026-07-31T21:43:45Z,328,13,1,8,1,0,1,1,1,1785533918
2026-07-31T21:43:45Z,329,2,2,14,3,0,1,1,1,1785534174
2026-07-31T21:43:45Z,330,20,1,2,0,0,1,1,1,1785534039
2026-07-31T21:43:45Z,331,13,0,8,2,0,1,1,1,1785534149
2026-07-31T21:43:45Z,332,5,4,13,1,0,1,1,1,1785534163
2026-07-31T21:43:45Z,333,6,4,16,1,0,1,1,1,1785534165
2026-07-31T21:43:45Z,334,8,0,15,0,0,1,1,1,1785534043
2026-07-31T21:43:45Z,335,4,2,18,0,1,1,1,1,1785533905
2026-07-31T21:43:45Z,336,4,1,15,0,0,1,1,1,1785533996
2026-07-31T21:43:45Z,337,7,4,12,4,0,1,1,1,1785534167
2026-07-31T21:43:45Z,338,3,0,16,0,0,1,1,1,1785534094
2026-07-31T21:43:45Z,339,8,7,11,4,0,1,1,1,1785534210
2026-07-31T21:43:45Z,340,2,2,12,1,0,1,1,1,1785533902
2026-07-31T21:43:45Z,341,10,1,9,0,0,1,1,1,1785533884
2026-07-31T21:43:45Z,342,1,1,14,0,0,1,1,1,1785532908
2026-07-31T21:43:45Z,343,10,5,12,1,0,1,1,1,1785534065
2026-07-31T21:43:45Z,344,7,4,16,0,0,1,1,1,1785534038
2026-07-31T21:43:45Z,345,15,1,4,0,0,1,1,1,1785533964
2026-07-31T21:43:45Z,346,3,3,20,0,0,1,1,1,1785532493
2026-07-31T21:43:45Z,347,3,1,39,2,0,1,1,1,1785534190
2026-07-31T21:43:45Z,348,8,0,14,0,1,1,1,1,1785534124
2026-07-31T21:43:45Z,349,14,3,4,1,0,1,1,1,1785533987
2026-07-31T21:43:45Z,350,1,0,24,1,1,1,1,1,1785534072
2026-07-31T21:43:45Z,351,5,1,16,2,0,1,1,1,1785534207
2026-07-31T21:43:45Z,355,6,2,17,0,0,1,1,1,1785533659
2026-07-31T21:43:45Z,356,6,3,13,0,0,1,1,1,1785534194
2026-07-31T21:43:45Z,357,1,1,17,1,0,1,1,1,1785533972
2026-07-31T21:43:45Z,358,17,3,9,1,0,1,1,1,1785533828
2026-07-31T21:43:45Z,359,11,1,16,0,0,1,1,1,1785533884
2026-07-31T21:43:45Z,360,4,3,15,0,0,1,1,1,1785533686
2026-07-31T21:43:45Z,362,3,0,13,3,0,1,1,1,1785534043
2026-07-31T21:43:45Z,363,12,0,15,0,0,1,1,1,1785534166
2026-07-31T21:43:45Z,364,1,0,18,0,0,1,1,1,1785533254
2026-07-31T21:43:45Z,365,1,0,18,4,0,1,1,1,1785533799
2026-07-31T21:43:45Z,366,10,10,13,0,0,1,1,1,1785534038
2026-07-31T21:43:45Z,367,2,1,15,2,0,1,1,1,1785533677
2026-07-31T21:43:45Z,368,2,1,20,1,0,1,1,1,1785534044
2026-07-31T21:43:45Z,370,10,4,17,0,0,1,1,1,1785534062
2026-07-31T21:43:45Z,371,3,1,15,1,0,1,1,1,1785533809
2026-07-31T21:43:45Z,372,11,0,3,1,0,1,1,1,1785533814
2026-07-31T21:43:45Z,373,1,1,26,0,0,1,1,1,1785532969
2026-07-31T21:43:45Z,374,1,0,17,1,0,1,1,1,1785534176
2026-07-31T21:43:45Z,375,4,0,22,1,0,1,1,1,1785533866
2026-07-31T21:43:45Z,376,6,1,31,2,0,1,1,1,1785534209
2026-07-31T21:43:45Z,377,7,2,20,0,0,1,1,1,1785533991
2026-07-31T21:43:45Z,378,7,4,15,1,1,1,1,1,1785534083
2026-07-31T21:43:45Z,379,23,2,1,3,0,1,1,1,1785533903
2026-07-31T21:43:45Z,380,4,0,19,0,0,1,1,1,1785533659
2026-07-31T21:43:45Z,381,18,1,5,0,0,1,1,1,1785534193
2026-07-31T21:43:45Z,383,13,2,0,2,0,1,1,1,1785534032
2026-07-31T21:43:45Z,384,0,0,22,5,0,1,1,1,1785533909
2026-07-31T21:43:45Z,385,1,1,16,1,0,1,1,1,1785533863
2026-07-31T21:43:45Z,387,2,1,21,0,0,1,1,1,1785534151
2026-07-31T21:43:45Z,388,38,2,8,3,0,1,1,1,1785534046
2026-07-31T21:43:45Z,389,3,2,11,1,0,1,1,1,1785532058
2026-07-31T21:43:45Z,390,15,1,20,0,0,1,1,1,1785534017
2026-07-31T21:43:45Z,391,4,3,10,1,0,1,1,1,1785534006
2026-07-31T21:43:45Z,392,5,5,13,1,0,1,1,1,1785534030
2026-07-31T21:43:45Z,393,1,1,7,3,0,1,1,1,1785531684
2026-07-31T21:43:45Z,394,6,1,5,2,0,1,1,1,1785534075
2026-07-31T21:43:45Z,396,2,1,40,0,0,1,1,1,1785534156
2026-07-31T21:43:45Z,397,14,8,17,0,0,1,1,1,1785534141
2026-07-31T21:43:45Z,399,2,0,13,2,0,1,1,1,1785534148
2026-07-31T21:43:45Z,400,14,9,7,2,0,1,1,1,1785532920
2026-07-31T21:43:45Z,401,5,0,26,8,0,1,1,1,1785534130
2026-07-31T21:43:45Z,403,26,8,1,4,0,1,1,1,1785534209
2026-07-31T21:43:45Z,404,5,5,17,1,0,1,1,1,1785534213
2026-07-31T21:43:45Z,406,27,6,6,2,0,1,1,1,1785534168
2026-07-31T21:43:45Z,407,10,0,23,1,0,1,1,1,1785533511
2026-07-31T21:43:45Z,408,4,1,25,4,0,1,1,1,1785534207
2026-07-31T21:43:45Z,409,17,2,3,3,0,1,1,1,1785534208
2026-07-31T21:43:45Z,413,10,3,10,3,0,1,1,1,1785533469
2026-07-31T21:43:45Z,414,13,0,2,0,0,1,1,1,1785534129
2026-07-31T21:43:45Z,417,5,2,14,0,0,1,1,1,1785534176
2026-07-31T21:43:45Z,418,5,3,10,0,0,1,1,1,1785532726
2026-07-31T21:43:45Z,419,13,1,10,0,0,1,1,1,1785533166
2026-07-31T21:43:45Z,421,6,0,13,0,0,1,1,1,1785533432
2026-07-31T21:43:45Z,422,16,2,10,1,0,1,1,1,1785534002
2026-07-31T21:43:45Z,423,0,0,22,1,0,1,1,1,1785533264
2026-07-31T21:43:45Z,424,8,3,4,2,1,1,1,1,1785534161
2026-07-31T21:43:45Z,425,2,2,19,0,1,1,1,1,1785534215
2026-07-31T21:43:45Z,426,1,0,34,2,0,1,1,1,1785533534
2026-07-31T21:43:45Z,427,9,0,3,3,0,1,1,1,1785533913
2026-07-31T21:43:45Z,428,17,2,1,1,0,1,1,1,1785533833
2026-07-31T21:43:45Z,429,10,4,10,3,0,1,1,1,1785533965
2026-07-31T21:43:45Z,430,12,2,16,3,0,1,1,1,1785534139
2026-07-31T21:43:45Z,431,0,0,31,2,0,1,1,1,1785533575
2026-07-31T21:43:45Z,432,0,0,30,1,0,0,1,1,1785508564
2026-07-31T21:43:45Z,433,4,2,16,3,0,1,1,1,1785533359
2026-07-31T21:43:45Z,437,4,2,11,4,0,1,1,1,1785534209
2026-07-31T21:43:45Z,438,8,2,10,1,0,1,1,1,1785533972
2026-07-31T21:43:45Z,439,11,4,4,0,0,1,1,1,1785532873
2026-07-31T21:43:45Z,440,10,3,4,1,0,1,1,1,1785534048
2026-07-31T21:43:45Z,441,2,0,11,2,0,1,1,1,1785533593
2026-07-31T21:43:45Z,442,9,3,8,2,0,1,1,1,1785534209
2026-07-31T21:43:45Z,443,5,2,22,0,0,1,1,1,1785512432
2026-07-31T21:43:45Z,444,2,2,21,0,0,1,1,1,1785533207
2026-07-31T21:43:45Z,445,6,2,16,1,0,1,1,1,1785534203
2026-07-31T21:43:45Z,446,2,0,21,0,0,1,1,1,1785533737
2026-07-31T21:43:45Z,447,3,0,18,1,1,1,1,1,1785534024
2026-07-31T21:43:45Z,448,7,0,7,1,0,1,1,1,1785530120
2026-07-31T21:43:45Z,452,5,2,13,1,0,1,1,1,1785534162
2026-07-31T21:43:45Z,453,3,1,9,3,0,1,1,1,1785534160
2026-07-31T21:43:45Z,454,16,0,3,0,0,1,1,1,1785533811
2026-07-31T21:43:45Z,455,29,0,9,1,0,1,1,1,1785533706
2026-07-31T21:43:45Z,456,17,0,1,2,0,1,1,1,1785534214
2026-07-31T21:43:45Z,457,6,3,17,4,0,1,1,1,1785533932
2026-07-31T21:43:45Z,458,3,1,18,2,0,1,1,1,1785534063
2026-07-31T21:43:45Z,459,12,1,3,0,0,1,1,1,1785533771
2026-07-31T21:43:45Z,460,21,1,2,0,0,1,1,1,1785534134
2026-07-31T21:43:45Z,461,8,0,11,0,0,1,1,1,1785534142
2026-07-31T21:43:45Z,462,16,1,5,0,0,1,1,1,1785534129
2026-07-31T21:43:45Z,463,6,0,13,0,0,1,1,1,1785533559
2026-07-31T21:43:45Z,464,6,0,8,0,0,1,1,1,1785534137
2026-07-31T21:43:45Z,465,1,1,14,0,0,1,1,1,1785533554
2026-07-31T21:43:45Z,466,4,1,5,6,0,1,1,1,1785533449
2026-07-31T21:43:45Z,467,1,1,18,0,0,1,1,1,1785534192
2026-07-31T21:43:45Z,468,0,0,18,1,0,1,1,1,1785527178
2026-07-31T21:43:45Z,469,4,1,18,1,0,1,1,1,1785533690
2026-07-31T21:43:45Z,470,0,0,13,2,0,1,1,1,1785533924
2026-07-31T21:43:45Z,471,23,2,4,0,0,1,1,1,1785533828
2026-07-31T21:43:45Z,472,5,3,12,2,0,1,1,1,1785534161
2026-07-31T21:43:45Z,473,9,1,10,0,0,1,1,1,1785533699
2026-07-31T21:43:45Z,474,9,1,9,1,0,1,1,1,1785533761
2026-07-31T21:43:45Z,475,5,2,13,1,0,1,1,1,1785534125
2026-07-31T21:43:45Z,477,10,1,5,0,0,1,1,1,1785533964
2026-07-31T21:43:45Z,478,21,2,10,0,0,1,1,1,1785534203
2026-07-31T21:43:45Z,479,6,0,19,2,0,1,1,1,1785534058
2026-07-31T21:43:45Z,480,5,1,9,1,0,1,1,1,1785534026
2026-07-31T21:43:45Z,481,9,0,25,1,0,1,1,1,1785534043
2026-07-31T21:43:45Z,482,3,3,16,0,0,1,1,1,1785534085
2026-07-31T21:43:45Z,483,13,0,12,2,0,1,1,1,1785534201
2026-07-31T21:43:45Z,484,4,2,14,1,0,1,1,1,1785534199
2026-07-31T21:43:45Z,485,10,3,8,0,1,1,1,1,1785533998
2026-07-31T21:43:45Z,486,1,0,23,3,0,1,1,1,1785533926
2026-07-31T21:43:45Z,487,10,6,7,2,0,1,1,1,1785533578
2026-07-31T21:43:45Z,489,1,1,14,0,0,1,1,1,1785534189
2026-07-31T21:43:45Z,490,13,0,2,1,0,1,1,1,1785533440
2026-07-31T21:43:45Z,491,7,2,13,1,0,1,1,1,1785533054
2026-07-31T21:43:45Z,492,5,4,3,3,0,1,1,1,1785534214
2026-07-31T21:43:45Z,493,21,1,6,0,0,1,1,1,1785533930
2026-07-31T21:43:45Z,495,8,0,6,1,0,1,1,1,1785533278
2026-07-31T21:43:45Z,496,11,2,16,0,0,1,1,1,1785534161
2026-07-31T21:43:45Z,497,0,0,18,0,0,1,1,1,1785533854
2026-07-31T21:43:45Z,498,5,3,18,0,0,1,1,1,1785534096
2026-07-31T21:43:45Z,499,3,0,15,1,0,1,1,1,1785533904
2026-07-31T21:43:45Z,500,0,0,11,4,0,1,1,1,1785533889
2026-07-31T21:43:45Z,501,10,1,11,0,0,1,1,1,1785534009
2026-07-31T21:43:45Z,502,1,0,16,2,0,1,1,1,1785533820
2026-07-31T21:43:45Z,503,5,0,25,1,0,1,1,1,1785534161
2026-07-31T21:43:45Z,504,9,0,28,2,0,1,1,1,1785533959
2026-07-31T21:43:45Z,505,0,0,11,1,0,1,1,1,1785534110
2026-07-31T21:43:45Z,511,3,2,20,0,0,1,1,1,1785533768
2026-07-31T21:43:45Z,512,12,0,15,0,0,1,1,1,1785534165
2026-07-31T21:43:45Z,514,1,1,9,1,0,1,1,1,1785533835
2026-07-31T21:43:45Z,515,2,2,17,0,0,1,1,1,1785531676
2026-07-31T21:43:45Z,516,14,0,13,0,0,1,1,1,1785534213
2026-07-31T21:43:45Z,517,12,2,11,0,0,1,1,1,1785533654
2026-07-31T21:43:45Z,518,5,0,9,1,0,1,1,1,1785533962
2026-07-31T21:43:45Z,519,5,3,12,2,0,1,1,1,1785534156
2026-07-31T21:43:45Z,520,20,8,1,5,1,1,1,1,1785534211
2026-07-31T21:43:45Z,521,4,3,19,0,0,1,1,1,1785533981
2026-07-31T21:43:45Z,522,14,2,7,2,0,1,1,1,1785534022
2026-07-31T21:43:45Z,523,9,4,13,1,0,1,1,1,1785534030
2026-07-31T21:43:45Z,524,14,0,9,0,0,1,1,1,1785534047
2026-07-31T21:43:45Z,525,8,0,11,0,0,1,1,1,1785533478
2026-07-31T21:43:45Z,526,5,1,10,0,0,1,1,1,1785533775
2026-07-31T21:43:45Z,527,14,10,11,1,0,1,1,1,1785534037
2026-07-31T21:43:45Z,528,15,2,6,2,0,1,1,1,1785534009
2026-07-31T21:43:45Z,529,4,2,8,7,0,1,1,1,1785534213
2026-07-31T21:43:45Z,530,10,0,8,3,0,1,1,1,1785533867
2026-07-31T21:43:45Z,531,10,1,12,0,1,1,1,1,1785534129
2026-07-31T21:43:45Z,532,10,10,20,1,0,1,1,1,1785534116
2026-07-31T21:43:45Z,533,12,0,6,1,0,1,1,1,1785532753
2026-07-31T21:43:45Z,534,6,2,17,0,0,1,1,1,1785533715
2026-07-31T21:43:45Z,535,2,0,13,0,0,1,1,1,1785534209
2026-07-31T21:43:45Z,536,10,0,13,0,0,1,1,1,1785533899
2026-07-31T21:43:45Z,537,12,0,8,0,0,1,1,1,1785534145
2026-07-31T21:43:45Z,538,8,0,13,0,2,1,1,1,1785534125
2026-07-31T21:43:45Z,539,4,3,27,0,0,1,1,1,1785533905
2026-07-31T21:43:45Z,540,5,4,14,0,0,1,1,1,1785533851
2026-07-31T21:43:45Z,541,9,3,17,1,0,1,1,1,1785534178
2026-07-31T21:43:45Z,542,1,1,22,0,0,1,1,1,1785534078
2026-07-31T21:43:45Z,543,0,0,19,0,0,1,1,1,1785534028
2026-07-31T21:43:45Z,544,14,3,5,3,0,1,1,1,1785534165
2026-07-31T21:43:45Z,545,15,1,1,3,0,1,1,1,1785533884
2026-07-31T21:43:45Z,546,2,0,17,0,0,1,1,1,1785534160
2026-07-31T21:43:45Z,547,8,0,17,0,0,1,1,1,1785533348
2026-07-31T21:43:45Z,548,7,3,15,1,0,1,1,1,1785533976
2026-07-31T21:43:45Z,549,19,0,3,1,0,1,1,1,1785534169
2026-07-31T21:43:45Z,550,2,2,17,0,0,1,1,1,1785533866
2026-07-31T21:43:45Z,551,4,2,18,1,0,1,1,1,1785533634
2026-07-31T21:43:45Z,552,4,2,23,0,0,1,1,1,1785534096
2026-07-31T21:43:45Z,553,2,2,20,1,0,1,1,1,1785534052
2026-07-31T21:43:45Z,554,2,0,16,1,0,1,1,1,1785533775
2026-07-31T21:43:45Z,555,7,1,7,1,0,1,1,1,1785533416
2026-07-31T21:43:45Z,556,10,1,11,2,0,1,1,1,1785534118
2026-07-31T21:43:45Z,557,0,0,21,2,0,1,1,1,1785533714
2026-07-31T21:43:45Z,558,35,12,0,2,0,1,1,1,1785534139
2026-07-31T21:43:45Z,559,10,0,8,1,0,1,1,1,1785534059
2026-07-31T21:43:45Z,560,19,0,8,0,0,1,1,1,1785533946
2026-07-31T21:43:45Z,561,5,1,15,3,0,1,1,1,1785534151
2026-07-31T21:43:45Z,562,8,0,21,6,0,1,1,1,1785534085
2026-07-31T21:43:45Z,563,5,0,8,1,0,1,1,1,1785533796
2026-07-31T21:43:45Z,564,2,1,16,1,0,1,1,1,1785533698
2026-07-31T21:43:45Z,565,2,0,17,0,0,1,1,1,1785533749
2026-07-31T21:43:45Z,566,0,0,18,1,0,1,1,1,1785533934
2026-07-31T21:43:45Z,567,12,1,13,2,0,1,1,1,1785534155
2026-07-31T21:43:45Z,568,8,0,10,1,0,1,1,1,1785533906
2026-07-31T21:43:45Z,569,9,0,8,2,0,1,1,1,1785534140
2026-07-31T21:43:45Z,570,7,1,9,3,0,1,1,1,1785533968
2026-07-31T21:43:45Z,571,5,0,18,0,0,1,1,1,1785534141
2026-07-31T21:43:45Z,572,4,0,15,0,0,1,1,1,1785534176
2026-07-31T21:43:45Z,573,10,1,5,0,0,1,1,1,1785534205
2026-07-31T21:43:45Z,574,1,1,14,0,0,1,1,1,1785533447
2026-07-31T21:43:45Z,575,1,0,19,1,0,1,1,1,1785534021
2026-07-31T21:43:45Z,576,3,3,16,0,0,1,1,1,1785534194
2026-07-31T21:43:45Z,577,18,0,13,0,0,1,1,1,1785534070
2026-07-31T21:43:45Z,578,0,0,22,1,0,1,1,1,1785533896
2026-07-31T21:43:45Z,579,6,0,37,0,0,1,1,1,1785534136
2026-07-31T21:43:45Z,580,6,0,23,0,0,1,1,1,1785534082
2026-07-31T21:43:45Z,581,8,0,10,1,0,1,1,1,1785534054
2026-07-31T21:43:45Z,582,25,0,34,2,0,1,1,1,1785534206
2026-07-31T21:43:45Z,583,2,0,20,1,0,1,1,1,1785534211
2026-07-31T21:43:45Z,584,2,1,13,4,0,1,1,1,1785534189
2026-07-31T21:43:45Z,585,1,0,25,0,1,1,1,1,1785533576
2026-07-31T21:43:45Z,586,23,2,12,0,0,1,1,1,1785533647
2026-07-31T21:43:45Z,587,2,0,21,1,0,1,1,1,1785534186
2026-07-31T21:43:45Z,588,9,3,7,2,1,1,1,1,1785533928
2026-07-31T21:43:45Z,589,6,0,16,0,0,1,1,1,1785533829
2026-07-31T21:43:45Z,590,5,1,25,1,0,1,1,1,1785533660
2026-07-31T21:43:45Z,591,4,2,23,3,0,1,1,1,1785534198
2026-07-31T21:43:45Z,592,9,0,14,0,0,1,1,1,1785534186
2026-07-31T21:43:45Z,593,14,4,24,0,0,1,1,1,1785534211
2026-07-31T21:43:45Z,594,18,1,2,1,0,1,1,1,1785534009
2026-07-31T21:43:45Z,595,0,0,3,0,0,0,1,1,1784046673
2026-07-31T21:43:45Z,605,0,0,2,1,0,0,1,1,1783975843
2026-07-31T21:43:45Z,606,0,0,0,0,0,0,1,1,86400
2026-07-31T21:43:45Z,607,12,3,17,3,0,1,1,1,1785534211
2026-07-31T21:43:45Z,608,41,0,9,0,0,1,1,1,1785534163
2026-07-31T21:43:45Z,609,1,1,22,0,0,1,1,1,1785533593
2026-07-31T21:43:45Z,610,14,0,20,1,0,1,1,1,1785534183
2026-07-31T21:43:45Z,611,16,2,10,1,0,1,1,1,1785534026
2026-07-31T21:43:45Z,612,8,1,7,0,0,1,1,1,1785533466
2026-07-31T21:43:45Z,613,12,4,0,3,0,1,1,1,1785530289
2026-07-31T21:43:45Z,614,5,5,19,2,1,1,1,1,1785532931
2026-07-31T21:43:45Z,617,8,1,4,3,0,1,1,1,1785534135
2026-07-31T21:43:45Z,618,9,1,4,6,0,1,1,1,1785534213
2026-07-31T21:43:45Z,619,7,3,12,0,0,1,1,1,1785534056
2026-07-31T21:43:45Z,620,9,0,17,1,0,1,1,1,1785534212
2026-07-31T21:43:45Z,621,6,3,17,0,0,1,1,1,1785534057
2026-07-31T21:43:45Z,622,11,0,10,2,0,1,1,1,1785532951
2026-07-31T21:43:45Z,623,18,4,10,2,0,1,1,1,1785534138
2026-07-31T21:43:45Z,624,1,0,14,0,0,1,1,1,1785532120
2026-07-31T21:43:45Z,625,15,3,1,5,0,1,1,1,1785534104
2026-07-31T21:43:45Z,626,39,0,6,0,2,1,1,1,1785533860
2026-07-31T21:43:45Z,627,15,4,4,0,0,1,1,1,1785534061
2026-07-31T21:43:45Z,628,2,2,14,2,1,1,1,1,1785533935
2026-07-31T21:43:45Z,629,2,1,7,2,0,1,1,1,1785534131
2026-07-31T21:43:45Z,630,2,0,21,4,0,1,1,1,1785534038
2026-07-31T21:43:45Z,631,9,5,14,0,0,1,1,1,1785534185
2026-07-31T21:43:45Z,632,18,1,3,2,0,1,1,1,1785532871
2026-07-31T21:43:45Z,633,11,3,1,3,0,1,1,1,1785530006
2026-07-31T21:43:45Z,634,12,2,7,0,0,1,1,1,1785532442
2026-07-31T21:43:45Z,635,18,1,1,0,0,1,1,1,1785533338
2026-07-31T21:43:45Z,636,7,2,8,0,0,1,1,1,1785526430
2026-07-31T21:43:45Z,637,9,2,8,2,0,1,1,1,1785531990
2026-07-31T21:43:45Z,638,7,2,10,2,0,1,1,1,1785533412
2026-07-31T21:43:45Z,639,11,2,6,2,0,1,1,1,1785534059
2026-07-31T21:43:45Z,640,6,6,15,2,0,1,1,1,1785533988
2026-07-31T21:43:45Z,641,4,0,23,0,0,1,1,1,1785533930
2026-07-31T21:43:45Z,642,8,4,3,8,0,1,1,1,1785534212
2026-07-31T21:43:45Z,643,1,0,18,8,0,1,1,1,1785534212
2026-07-31T21:43:45Z,644,13,1,1,1,0,1,1,1,1785533615
2026-07-31T21:43:45Z,645,15,1,6,1,1,1,1,1,1785533150
2026-07-31T21:43:45Z,646,4,1,15,0,0,1,1,1,1785533859
2026-07-31T21:43:45Z,647,5,0,26,0,0,1,1,1,1785533760
2026-07-31T21:43:45Z,648,4,0,14,1,0,1,1,1,1785531767
2026-07-31T21:43:45Z,649,0,0,30,1,0,1,1,1,1785533342
2026-07-31T21:43:45Z,650,4,1,10,0,0,1,1,1,1785533768
2026-07-31T21:43:45Z,651,7,7,16,0,0,1,1,1,1785534077
2026-07-31T21:43:45Z,652,4,2,16,3,0,1,1,1,1785533972
2026-07-31T21:43:45Z,653,3,1,15,1,0,1,1,1,1785534029
2026-07-31T21:43:45Z,654,1,0,14,0,0,1,1,1,1785533751
2026-07-31T21:43:45Z,655,8,4,0,4,1,1,1,1,1785534159
2026-07-31T21:43:45Z,656,4,1,15,0,0,1,1,1,1785533768
2026-07-31T21:43:45Z,657,11,4,2,2,2,1,1,1,1785533922
2026-07-31T21:43:45Z,658,9,1,1,0,0,1,1,1,1785533651
2026-07-31T21:43:45Z,659,7,5,6,2,0,1,1,1,1785529408
2026-07-31T21:43:45Z,660,19,5,8,4,0,1,1,1,1785534108
2026-07-31T21:43:45Z,661,7,3,12,0,0,1,1,1,1785534215
2026-07-31T21:43:45Z,662,5,2,14,4,0,1,1,1,1785533873
2026-07-31T21:43:45Z,663,4,1,11,0,0,1,1,1,1785533552
2026-07-31T21:43:45Z,664,14,0,13,0,0,1,1,1,1785533432
2026-07-31T21:43:45Z,665,9,4,6,0,0,1,1,1,1785532275
2026-07-31T21:43:45Z,666,6,2,6,3,0,1,1,1,1785533165
2026-07-31T21:43:45Z,667,14,2,3,2,0,1,1,1,1785534208
2026-07-31T21:43:45Z,668,6,1,13,0,0,1,1,1,1785533980
2026-07-31T21:43:45Z,669,10,3,2,2,0,1,1,1,1785533511
2026-07-31T21:43:45Z,670,19,0,7,1,0,1,1,1,1785533911
2026-07-31T21:43:45Z,671,27,4,0,0,0,1,1,1,1785534145
2026-07-31T21:43:45Z,672,9,1,10,3,1,1,1,1,1785534186
2026-07-31T21:43:45Z,673,12,0,11,0,0,1,1,1,1785534101
2026-07-31T21:43:45Z,674,2,0,19,2,0,1,1,1,1785533980
2026-07-31T21:43:45Z,675,1,1,12,2,0,1,1,1,1785532946
2026-07-31T21:43:45Z,676,7,0,14,1,0,1,1,1,1785534208
2026-07-31T21:43:45Z,681,10,3,4,0,1,1,1,1,1785533925
2026-07-31T21:43:45Z,682,6,1,13,0,0,1,1,1,1785529048
2026-07-31T21:43:45Z,683,1,1,18,0,0,1,1,1,1785527602
2026-07-31T21:43:45Z,684,3,1,24,0,0,1,1,1,1785518528
2026-07-31T21:43:45Z,685,4,0,21,1,1,1,1,1,1785531808
2026-07-31T21:43:45Z,686,10,0,14,3,0,1,1,1,1785533976
2026-07-31T21:43:45Z,687,12,1,17,1,1,1,1,1,1785534002
2026-07-31T21:43:45Z,688,13,1,6,0,0,1,1,1,1785534143
2026-07-31T21:43:45Z,692,0,0,21,0,0,1,1,1,1785533705
2026-07-31T21:43:45Z,693,6,0,2,3,0,1,1,1,1785532442
2026-07-31T21:43:45Z,694,9,4,12,0,0,1,1,1,1785534118
2026-07-31T21:43:45Z,695,5,4,18,0,0,1,1,1,1785532790
2026-07-31T21:43:45Z,696,14,11,9,0,0,1,1,1,1785534102
2026-07-31T21:43:45Z,697,18,3,5,0,0,1,1,1,1785534149
2026-07-31T21:43:45Z,698,21,0,6,0,0,1,1,1,1785534178
2026-07-31T21:43:45Z,699,5,0,9,1,0,1,1,1,1785532827
2026-07-31T21:43:45Z,700,17,0,0,2,0,1,1,1,1785533037
2026-07-31T21:43:45Z,701,15,3,4,0,0,1,1,1,1785534096
2026-07-31T21:43:45Z,702,4,1,18,1,0,1,1,1,1785534210
2026-07-31T21:43:45Z,704,3,0,12,0,0,1,1,1,1785533604
2026-07-31T21:43:45Z,705,1,0,14,0,0,1,1,1,1785534127
2026-07-31T21:43:45Z,706,4,1,9,2,0,1,1,1,1785534195
2026-07-31T21:43:45Z,707,7,1,8,0,0,1,1,1,1785532948
2026-07-31T21:43:45Z,708,16,1,2,1,0,1,1,1,1785534070
2026-07-31T21:43:45Z,709,4,0,8,3,0,1,1,1,1785533111
2026-07-31T21:43:45Z,710,2,0,16,1,0,1,1,1,1785534134
2026-07-31T21:43:45Z,711,5,2,15,3,0,1,1,1,1785532955
2026-07-31T21:43:45Z,712,6,6,8,1,0,1,1,1,1785534108
2026-07-31T21:43:45Z,713,1,1,22,0,0,1,1,1,1785533553
2026-07-31T21:43:45Z,716,4,3,11,0,0,1,1,1,1785532735
2026-07-31T21:43:45Z,717,3,1,20,2,0,1,1,1,1785533525
2026-07-31T21:43:45Z,718,5,1,8,2,0,1,1,1,1785533807
2026-07-31T21:43:45Z,719,4,0,25,0,0,1,1,1,1785534178
2026-07-31T21:43:45Z,720,0,0,19,0,0,1,1,1,1785533002
2026-07-31T21:43:45Z,721,6,0,14,3,0,1,1,1,1785534048
2026-07-31T21:43:45Z,722,7,1,8,0,0,1,1,1,1785532777
2026-07-31T21:43:45Z,723,14,2,9,0,0,1,1,1,1785532989
2026-07-31T21:43:45Z,724,11,3,12,0,0,1,1,1,1785534029
2026-07-31T21:43:45Z,725,0,0,22,1,0,1,1,1,1785533729
2026-07-31T21:43:45Z,726,6,0,12,1,0,1,1,1,1785534072
2026-07-31T21:43:45Z,727,10,5,12,1,0,1,1,1,1785533851
2026-07-31T21:43:45Z,728,9,0,5,1,0,1,1,1,1785533306
2026-07-31T21:43:45Z,729,5,1,14,0,0,1,1,1,1785534008
2026-07-31T21:43:45Z,730,0,0,12,3,0,1,1,1,1785533905
2026-07-31T21:43:45Z,731,4,3,9,2,0,1,1,1,1785533576
2026-07-31T21:43:45Z,732,3,2,12,0,0,1,1,1,1785534062
2026-07-31T21:43:45Z,733,11,2,16,0,0,1,1,1,1785534008
2026-07-31T21:43:45Z,734,3,0,11,0,0,1,1,1,1785534161
2026-07-31T21:43:45Z,735,17,9,9,1,0,1,1,1,1785534215
2026-07-31T21:43:45Z,736,12,1,7,0,0,1,1,1,1785533480
2026-07-31T21:43:45Z,737,2,1,12,0,1,1,1,1,1785533530
2026-07-31T21:43:45Z,738,14,4,5,0,0,1,1,1,1785533872
2026-07-31T21:43:45Z,739,17,0,9,1,0,1,1,1,1785533234
2026-07-31T21:43:45Z,741,7,0,16,0,0,1,1,1,1785533375
2026-07-31T21:43:45Z,742,16,11,18,1,0,1,1,1,1785534178
2026-07-31T21:43:45Z,743,5,2,14,0,0,1,1,1,1785533254
2026-07-31T21:43:45Z,744,10,2,5,0,0,1,1,1,1785533467
2026-07-31T21:43:45Z,745,12,4,7,0,0,1,1,1,1785534074
2026-07-31T21:43:45Z,746,1,0,21,1,0,1,1,1,1785534085
2026-07-31T21:43:45Z,747,0,0,4,0,0,0,1,1,1783446606
2026-07-31T21:43:45Z,748,8,0,15,0,0,1,1,1,1785532813
2026-07-31T21:43:45Z,749,1,0,22,0,0,1,1,1,1785534154
2026-07-31T21:43:45Z,750,6,4,4,1,0,1,1,1,1785534215
2026-07-31T21:43:45Z,751,16,13,7,0,0,1,1,1,1785534096
2026-07-31T21:43:45Z,752,2,0,14,1,0,1,1,1,1785533485
2026-07-31T21:43:45Z,753,1,0,13,1,0,1,1,1,1785534135
2026-07-31T21:43:45Z,754,5,1,10,0,0,1,1,1,1785534215
2026-07-31T21:43:45Z,755,15,4,7,1,0,1,1,1,1785533808
2026-07-31T21:43:45Z,756,5,4,31,1,0,1,1,1,1785533765
2026-07-31T21:43:45Z,757,2,0,17,0,0,1,1,1,1785533950
2026-07-31T21:43:45Z,758,2,1,20,1,0,1,1,1,1785534194
2026-07-31T21:43:45Z,759,0,0,0,0,0,1,1,1,86400
2026-07-31T21:43:45Z,760,9,2,10,0,0,1,1,1,1785531870
2026-07-31T21:43:45Z,761,1,0,22,0,0,1,1,1,1785533979
2026-07-31T21:43:45Z,762,4,2,6,5,0,1,1,1,1785533058
2026-07-31T21:43:45Z,768,7,0,8,4,0,1,1,1,1785534203
2026-07-31T21:43:45Z,769,13,10,5,1,0,1,1,1,1785534042
2026-07-31T21:43:45Z,770,6,2,11,2,0,1,1,1,1785533614
2026-07-31T21:43:45Z,771,12,1,2,1,0,1,1,1,1785534193
2026-07-31T21:43:45Z,772,0,0,15,0,0,1,1,1,1785533556
2026-07-31T21:43:45Z,773,16,2,3,0,0,1,1,1,1785533744
2026-07-31T21:43:45Z,774,7,1,4,4,0,1,1,1,1785533343
2026-07-31T21:43:45Z,775,6,1,11,1,1,1,1,1,1785533232
2026-07-31T21:43:45Z,776,1,0,19,1,0,1,1,1,1785533840
2026-07-31T21:43:45Z,777,14,5,1,0,0,1,1,1,1785533893
2026-07-31T21:43:45Z,778,13,0,6,0,0,1,1,1,1785534098
2026-07-31T21:43:45Z,779,6,0,12,1,0,1,1,1,1785532732
2026-07-31T21:43:45Z,780,4,2,15,0,0,1,1,1,1785534183
2026-07-31T21:43:45Z,781,3,1,6,2,0,1,1,1,1785534165
2026-07-31T21:43:45Z,782,0,0,15,4,0,1,1,1,1785533265
2026-07-31T21:43:45Z,783,6,2,13,0,0,1,1,1,1785534094
2026-07-31T21:43:45Z,784,4,0,15,0,0,1,1,1,1785533929
2026-07-31T21:43:45Z,785,10,2,3,6,0,1,1,1,1785533685
2026-07-31T21:43:45Z,786,10,5,9,0,0,1,1,1,1785534201
2026-07-31T21:43:45Z,787,4,3,10,1,0,1,1,1,1785534022
2026-07-31T21:43:45Z,788,6,1,9,0,0,1,1,1,1785533411
2026-07-31T21:43:45Z,789,7,2,4,4,0,1,1,1,1785533187
2026-07-31T21:43:45Z,790,2,0,21,0,0,1,1,1,1785533702
2026-07-31T21:43:45Z,791,10,1,8,0,1,1,1,1,1785533750
2026-07-31T21:43:45Z,793,4,0,10,1,0,1,1,1,1785533309
2026-07-31T21:43:45Z,794,14,3,13,2,0,1,1,1,1785534186
2026-07-31T21:43:45Z,796,6,3,12,1,0,1,1,1,1785533352
2026-07-31T21:43:45Z,797,3,1,12,0,0,1,1,1,1785533918
2026-07-31T21:43:45Z,798,18,0,6,1,0,1,1,1,1785533154
2026-07-31T21:43:45Z,799,13,2,2,4,0,1,1,1,1785533972
2026-07-31T21:43:45Z,800,0,0,20,1,0,1,1,1,1785534030
2026-07-31T21:43:45Z,801,3,2,17,1,0,1,1,1,1785533669
2026-07-31T21:43:45Z,802,9,0,22,0,0,1,1,1,1785533433
2026-07-31T21:43:45Z,803,2,0,13,0,0,1,1,1,1785532949
2026-07-31T21:43:45Z,806,5,3,9,1,0,1,1,1,1785533710
2026-07-31T21:43:45Z,807,11,5,11,3,0,1,1,1,1785534143
2026-07-31T21:43:45Z,808,19,6,4,2,0,1,1,1,1785533119
2026-07-31T21:43:45Z,809,4,1,18,1,0,1,1,1,1785533205
2026-07-31T21:43:45Z,810,4,2,13,2,0,1,1,1,1785533570
2026-07-31T21:43:45Z,815,8,3,2,4,1,1,1,1,1785533517
2026-07-31T21:43:45Z,817,10,6,5,0,0,1,1,1,1785532488
2026-07-31T21:43:45Z,818,6,1,17,0,0,1,1,1,1785533833
2026-07-31T21:43:45Z,819,7,4,8,0,0,1,1,1,1785532837
2026-07-31T21:43:45Z,820,10,0,7,0,0,1,1,1,1785534175
2026-07-31T21:43:45Z,821,4,3,11,0,0,1,1,1,1785534112
2026-07-31T21:43:45Z,822,3,0,19,1,0,1,1,1,1785534125
2026-07-31T21:43:45Z,823,15,2,0,0,0,1,1,1,1785532848
2026-07-31T21:43:45Z,824,6,4,13,0,0,1,1,1,1785534202
2026-07-31T21:43:45Z,825,5,4,9,1,0,1,1,1,1785533040
2026-07-31T21:43:45Z,826,7,1,10,2,0,1,1,1,1785534169
2026-07-31T21:43:45Z,827,18,4,1,2,0,1,1,1,1785533798
2026-07-31T21:43:45Z,828,13,1,3,2,0,1,1,1,1785533548
2026-07-31T21:43:45Z,829,17,6,10,0,0,1,1,1,1785532663
2026-07-31T21:43:45Z,830,14,0,8,1,0,1,1,1,1785534151
2026-07-31T21:43:45Z,831,5,3,8,2,0,1,1,1,1785533493
2026-07-31T21:43:45Z,832,7,3,8,3,0,1,1,1,1785533438
2026-07-31T21:43:45Z,833,3,1,15,1,0,1,1,1,1785534019
2026-07-31T21:43:45Z,834,18,0,5,1,0,1,1,1,1785534211
2026-07-31T21:43:45Z,835,6,1,10,2,0,1,1,1,1785534186
2026-07-31T21:43:45Z,838,3,2,11,1,0,1,1,1,1785534154
2026-07-31T21:43:45Z,839,16,0,12,1,0,1,1,1,1785534090
2026-07-31T21:43:45Z,840,0,0,28,1,0,1,1,1,1785534087
2026-07-31T21:43:45Z,841,8,2,7,0,0,1,1,1,1785533281
2026-07-31T21:43:45Z,842,2,0,21,0,0,1,1,1,1785532625
2026-07-31T21:43:45Z,843,14,2,17,0,0,1,1,1,1785533005
2026-07-31T21:43:45Z,844,4,0,19,0,0,1,1,1,1785532900
2026-07-31T21:43:45Z,845,4,3,13,2,0,1,1,1,1785532972
2026-07-31T21:43:45Z,846,4,2,14,1,0,1,1,1,1785533924
2026-07-31T21:43:45Z,847,6,1,20,1,0,1,1,1,1785533832
2026-07-31T21:43:45Z,848,4,2,14,1,0,1,1,1,1785533929
2026-07-31T21:43:45Z,849,7,0,7,1,0,1,1,1,1785533733
2026-07-31T21:43:45Z,850,6,0,5,0,0,1,1,1,1785534010
2026-07-31T21:43:45Z,851,4,4,30,3,0,1,1,1,1785534071
2026-07-31T21:43:45Z,852,9,3,10,0,0,1,1,1,1785532651
2026-07-31T21:43:45Z,853,11,5,12,0,0,1,1,1,1785533631
2026-07-31T21:43:45Z,854,2,1,13,0,0,1,1,1,1785533582
2026-07-31T21:43:45Z,855,26,0,1,0,0,1,1,1,1785533207
2026-07-31T21:43:45Z,857,4,4,13,2,0,1,1,1,1785534207
2026-07-31T21:43:45Z,858,5,2,13,1,0,1,1,1,1785533377
2026-07-31T21:43:45Z,859,8,0,12,1,0,1,1,1,1785533558
2026-07-31T21:43:45Z,861,6,0,4,1,0,1,1,1,1785528609
2026-07-31T21:43:45Z,862,4,2,11,0,0,1,1,1,1785532743
2026-07-31T21:43:45Z,863,13,0,5,1,0,1,1,1,1785529013
2026-07-31T21:43:45Z,866,10,1,9,0,0,1,1,1,1785533900
2026-07-31T21:43:45Z,867,14,2,1,0,0,1,1,1,1785534158
2026-07-31T21:43:45Z,868,7,0,8,0,0,1,1,1,1785532598
2026-07-31T21:43:45Z,870,8,5,7,0,0,1,1,1,1785532825
2026-07-31T21:43:45Z,871,0,0,10,1,0,1,1,1,1785533962
2026-07-31T21:43:45Z,872,1,0,13,1,0,1,1,1,1785532734
2026-07-31T21:43:45Z,873,8,1,23,2,0,1,1,1,1785534021
2026-07-31T21:43:45Z,874,5,0,7,3,0,1,1,1,1785532868
2026-07-31T21:43:45Z,875,13,9,1,1,0,1,1,1,1785533854
2026-07-31T21:43:45Z,877,13,12,6,0,0,1,1,1,1785532423
2026-07-31T21:43:45Z,878,3,3,16,0,0,1,1,1,1785532997
2026-07-31T21:43:45Z,879,2,0,17,0,0,1,1,1,1785533846
2026-07-31T21:43:45Z,880,3,0,19,1,0,1,1,1,1785533852
2026-07-31T21:43:45Z,881,3,0,16,0,0,1,1,1,1785533713
2026-07-31T21:43:45Z,882,10,4,8,1,0,1,1,1,1785532975
2026-07-31T21:43:45Z,883,7,3,12,0,0,1,1,1,1785533324
2026-07-31T21:43:45Z,884,11,7,10,0,0,1,1,1,1785533852
2026-07-31T21:43:45Z,885,0,0,19,0,0,1,1,1,1785532661
2026-07-31T21:43:45Z,886,7,0,21,1,0,1,1,1,1785534166
2026-07-31T21:43:45Z,887,6,2,8,3,0,1,1,1,1785534028
2026-07-31T21:43:45Z,888,6,1,32,3,0,1,1,1,1785534181
2026-07-31T21:43:45Z,889,1,0,16,2,0,1,1,1,1785534172
2026-07-31T21:43:45Z,890,8,4,7,0,0,1,1,1,1785527402
2026-07-31T21:43:45Z,891,18,0,4,1,0,1,1,1,1785534023
2026-07-31T21:43:45Z,892,12,1,3,0,0,1,1,1,1785533143
2026-07-31T21:43:45Z,895,3,0,16,0,0,1,1,1,1785534035
2026-07-31T21:43:45Z,896,9,2,26,0,0,1,1,1,1785532881
2026-07-31T21:43:45Z,897,16,1,5,0,0,1,1,1,1785533750
2026-07-31T21:43:45Z,898,2,0,17,0,0,1,1,1,1785532573
2026-07-31T21:43:45Z,899,0,0,18,1,0,1,1,1,1785533624
2026-07-31T21:43:45Z,900,6,0,20,1,0,1,1,1,1785534129
2026-07-31T21:43:45Z,901,1,0,17,1,0,1,1,1,1785533523
2026-07-31T21:43:45Z,902,5,1,10,0,0,1,1,1,1785532477
2026-07-31T21:43:45Z,903,7,2,11,1,0,1,1,1,1785533875
2026-07-31T21:43:45Z,904,10,4,8,1,0,1,1,1,1785532977
2026-07-31T21:43:45Z,905,13,0,14,0,0,1,1,1,1785534206
2026-07-31T21:43:45Z,906,16,8,10,1,0,1,1,1,1785534001
2026-07-31T21:43:45Z,907,7,0,24,0,0,1,1,1,1785533877
2026-07-31T21:43:45Z,908,12,2,11,0,0,1,1,1,1785533592
2026-07-31T21:43:45Z,909,8,8,15,0,0,1,1,1,1785533649
2026-07-31T21:43:45Z,910,22,0,5,4,0,1,1,1,1785534182
2026-07-31T21:43:45Z,911,4,1,15,0,0,1,1,1,1785532506
2026-07-31T21:43:45Z,912,6,1,16,1,0,1,1,1,1785534212
2026-07-31T21:43:45Z,913,6,4,13,0,0,1,1,1,1785533504
2026-07-31T21:43:45Z,914,17,0,0,2,0,1,1,1,1785534066
2026-07-31T21:43:45Z,915,16,0,4,3,0,1,1,1,1785534094
2026-07-31T21:43:45Z,916,3,0,20,0,0,1,1,1,1785534158
2026-07-31T21:43:45Z,917,7,0,27,1,0,1,1,1,1785533946
2026-07-31T21:43:45Z,918,0,0,17,2,0,1,1,1,1785533709
2026-07-31T21:43:45Z,919,28,0,8,3,0,1,1,1,1785534197
2026-07-31T21:43:45Z,920,7,2,12,0,0,1,1,1,1785533284
2026-07-31T21:43:45Z,921,11,0,10,0,0,1,1,1,1785533696
2026-07-31T21:43:45Z,922,0,0,21,0,0,1,1,1,1785533523
2026-07-31T21:43:45Z,923,8,3,11,0,0,1,1,1,1785534144
2026-07-31T21:43:45Z,924,5,0,15,1,0,1,1,1,1785533679
2026-07-31T21:43:45Z,925,11,0,10,0,0,1,1,1,1785533185
2026-07-31T21:43:45Z,926,2,0,19,0,0,1,1,1,1785534180
2026-07-31T21:43:45Z,927,25,3,10,0,0,1,1,1,1785533973
2026-07-31T21:43:45Z,928,0,0,19,0,0,0,1,1,1785500252
2026-07-31T21:43:45Z,929,17,0,5,1,0,1,1,1,1785534196
2026-07-31T21:43:45Z,930,8,0,22,1,0,1,1,1,1785533117
2026-07-31T21:43:45Z,931,8,3,14,1,0,1,1,1,1785534189
2026-07-31T21:43:45Z,932,8,0,8,3,0,1,1,1,1785534046
2026-07-31T21:43:45Z,933,1,1,20,2,0,1,1,1,1785534085
2026-07-31T21:43:45Z,934,27,0,3,1,0,1,1,1,1785534132
2026-07-31T21:43:45Z,935,7,0,11,1,0,1,1,1,1785534212
2026-07-31T21:43:45Z,936,5,0,14,0,0,1,1,1,1785534152
2026-07-31T21:43:45Z,940,4,0,6,1,0,1,1,1,1785533929
2026-07-31T21:43:45Z,941,17,2,5,3,0,1,1,1,1785534054
2026-07-31T21:43:45Z,942,14,0,7,0,0,1,1,1,1785533957
2026-07-31T21:43:45Z,943,8,8,7,0,0,1,1,1,1785532815
2026-07-31T21:43:45Z,944,10,8,5,0,0,1,1,1,1785532662
2026-07-31T21:43:45Z,945,10,8,5,0,0,1,1,1,1785534000
2026-07-31T21:43:45Z,946,7,5,12,0,0,1,1,1,1785523835
2026-07-31T21:43:45Z,947,5,3,12,0,0,1,1,1,1785533122
2026-07-31T21:43:45Z,948,17,13,10,4,0,1,1,1,1785533989
2026-07-31T21:43:45Z,949,2,1,12,1,0,1,1,1,1785534134
2026-07-31T21:43:45Z,950,7,3,9,1,0,1,1,1,1785534187
2026-07-31T21:43:45Z,951,18,7,5,0,0,1,1,1,1785534129
2026-07-31T21:43:45Z,952,21,0,33,1,0,1,1,1,1785533921
2026-07-31T21:43:45Z,953,1,0,13,1,0,1,1,1,1785533985
2026-07-31T21:43:45Z,954,6,0,13,0,0,1,1,1,1785533987
2026-07-31T21:43:45Z,955,7,4,14,6,0,1,1,1,1785534132
2026-07-31T21:43:45Z,956,12,1,9,2,0,1,1,1,1785534188
2026-07-31T21:43:45Z,957,15,1,14,0,0,1,1,1,1785534046
2026-07-31T21:43:45Z,958,23,1,6,2,0,1,1,1,1785534193
2026-07-31T21:43:45Z,959,5,1,17,1,0,1,1,1,1785534214
2026-07-31T21:43:45Z,960,1,0,22,0,0,1,1,1,1785534213
2026-07-31T21:43:45Z,961,3,0,17,3,0,1,1,1,1785533449
2026-07-31T21:43:45Z,962,7,1,25,3,0,1,1,1,1785533860
2026-07-31T21:43:45Z,963,3,0,19,1,0,1,1,1,1785534175
2026-07-31T21:43:45Z,964,12,11,11,0,0,1,1,1,1785534097
2026-07-31T21:43:45Z,965,11,6,15,1,0,1,1,1,1785533082
2026-07-31T21:43:45Z,966,8,0,22,1,0,1,1,1,1785534167
2026-07-31T21:43:45Z,967,19,1,0,2,0,1,1,1,1785534213
2026-07-31T21:43:45Z,968,15,0,3,1,0,1,1,1,1785533839
2026-07-31T21:43:45Z,969,3,0,22,2,0,1,1,1,1785533858
2026-07-31T21:43:45Z,970,0,0,18,1,0,1,1,1,1785534022
2026-07-31T21:43:45Z,971,0,0,22,1,0,1,1,1,1785534087
2026-07-31T21:43:45Z,972,12,4,10,1,0,1,1,1,1785532699
2026-07-31T21:43:45Z,973,4,0,18,1,0,1,1,1,1785534078
2026-07-31T21:43:45Z,974,13,0,13,1,0,1,1,1,1785534213
2026-07-31T21:43:45Z,977,4,0,15,2,0,1,1,1,1785534043
2026-07-31T21:43:45Z,978,18,0,5,0,0,1,1,1,1785533851
2026-07-31T21:43:45Z,979,0,0,17,0,0,1,1,1,1785533292
2026-07-31T21:43:45Z,980,0,0,20,1,0,1,1,1,1785534123
2026-07-31T21:43:45Z,981,8,0,13,0,0,1,1,1,1785534039
2026-07-31T21:43:45Z,982,4,1,14,1,0,1,1,1,1785532740
2026-07-31T21:43:45Z,983,2,2,21,0,0,1,1,1,1785533207
2026-07-31T21:43:45Z,984,6,0,17,0,0,1,1,1,1785532543
2026-07-31T21:43:45Z,985,10,1,20,1,0,1,1,1,1785533986
2026-07-31T21:43:45Z,986,4,0,15,0,0,1,1,1,1785533962
2026-07-31T21:43:45Z,987,7,1,16,0,0,1,1,1,1785533320
2026-07-31T21:43:45Z,988,6,4,13,0,0,1,1,1,1785532913
2026-07-31T21:43:45Z,989,7,4,12,0,0,1,1,1,1785533710
2026-07-31T21:43:45Z,990,11,0,3,1,0,1,1,1,1785534213
2026-07-31T21:43:45Z,991,10,0,9,0,0,1,1,1,1785534184
2026-07-31T21:43:45Z,992,9,5,14,0,0,1,1,1,1785533535
2026-07-31T21:43:45Z,993,3,3,23,1,0,1,1,1,1785534059
2026-07-31T21:43:45Z,994,0,0,21,0,0,1,1,1,1785533782
2026-07-31T21:43:45Z,995,7,1,20,0,0,1,1,1,1785534116
2026-07-31T21:43:45Z,996,8,2,15,0,0,1,1,1,1785532822
2026-07-31T21:43:45Z,997,5,4,6,9,3,1,1,1,1785533514
2026-07-31T21:43:45Z,998,5,4,18,0,0,1,1,1,1785533080
2026-07-31T21:43:45Z,999,4,1,15,1,1,1,1,1,1785532944
2026-07-31T21:43:45Z,1000,1,0,20,0,0,1,1,1,1785533622
2026-07-31T21:43:45Z,1001,5,3,22,0,0,1,1,1,1785533147
2026-07-31T21:43:45Z,1002,3,2,27,1,0,1,1,1,1785533180
2026-07-31T21:43:45Z,1003,1,0,22,0,0,1,1,1,1785532717
2026-07-31T21:43:45Z,1004,8,2,15,0,0,1,1,1,1785534022
2026-07-31T21:43:45Z,1005,20,1,3,0,0,1,1,1,1785532907
2026-07-31T21:43:45Z,1006,8,4,11,0,0,1,1,1,1785532713
2026-07-31T21:43:45Z,1007,1,1,20,0,0,1,1,1,1785534173
2026-07-31T21:43:45Z,1008,8,7,15,0,0,1,1,1,1785533712
2026-07-31T21:43:45Z,1009,22,5,8,1,0,1,1,1,1785533622
2026-07-31T21:43:45Z,1010,8,2,19,0,0,1,1,1,1785532621
2026-07-31T21:43:45Z,1011,7,2,10,2,0,1,1,1,1785533084
2026-07-31T21:43:45Z,1012,5,3,16,2,0,1,1,1,1785532679
2026-07-31T21:43:45Z,1013,4,1,18,1,0,1,1,1,1785533238
2026-07-31T21:43:45Z,1014,9,4,14,0,0,1,1,1,1785534045
2026-07-31T21:43:45Z,1015,4,3,26,1,0,1,1,1,1785533556
2026-07-31T21:43:45Z,1016,10,5,21,0,0,1,1,1,1785532632
2026-07-31T21:43:45Z,1017,13,5,8,0,0,1,1,1,1785533888
2026-07-31T21:43:45Z,1018,6,2,16,0,0,1,1,1,1785532758
2026-07-31T21:43:45Z,1019,8,5,7,0,0,1,1,1,1785532623
2026-07-31T21:43:45Z,1020,19,5,2,0,0,1,1,1,1785533753
2026-07-31T21:43:45Z,1021,9,4,6,0,0,1,1,1,1785533423
2026-07-31T21:43:45Z,1022,14,0,13,0,0,1,1,1,1785532892
2026-07-31T21:43:45Z,1023,14,2,9,0,0,1,1,1,1785532512
2026-07-31T21:43:45Z,1024,3,1,16,0,0,1,1,1,1785533880
2026-07-31T21:43:45Z,1025,4,0,14,0,1,1,1,1,1785532872
2026-07-31T21:43:45Z,1026,12,9,18,1,0,1,1,1,1785534071
2026-07-31T21:43:45Z,1028,3,1,20,0,0,1,1,1,1785532853
2026-07-31T21:43:45Z,1029,12,10,3,0,0,1,1,1,1785533733
2026-07-31T21:43:45Z,1030,13,4,10,0,0,1,1,1,1785533549
2026-07-31T21:43:45Z,1031,9,1,10,0,0,1,1,1,1785533854
2026-07-31T21:43:45Z,1032,7,1,12,0,0,1,1,1,1785532711
2026-07-31T21:43:45Z,1033,9,5,10,0,0,1,1,1,1785533535
2026-07-31T21:43:45Z,1034,3,0,12,0,0,1,1,1,1785532690
2026-07-31T21:43:45Z,1035,0,0,18,1,0,1,1,1,1785532718
2026-07-31T21:43:45Z,1036,13,0,2,0,0,1,1,1,1785533270
2026-07-31T21:43:45Z,1037,0,0,18,1,0,1,1,1,1785533085
2026-07-31T21:43:45Z,1038,1,0,14,0,0,1,1,1,1785534195
2026-07-31T21:43:45Z,1039,7,0,12,0,0,1,1,1,1785532861
2026-07-31T21:43:45Z,1040,8,5,11,0,0,1,1,1,1785533378
2026-07-31T21:43:45Z,1041,10,2,9,0,0,1,1,1,1785532631
2026-07-31T21:43:45Z,1042,3,0,11,1,0,1,1,1,1785532789
2026-07-31T21:43:45Z,1043,8,5,10,1,0,1,1,1,1785533093
2026-07-31T21:43:45Z,1044,1,0,14,0,0,1,1,1,1785532437
2026-07-31T21:43:45Z,1045,9,0,10,0,0,1,1,1,1785532693
2026-07-31T21:43:45Z,1046,9,0,6,0,0,1,1,1,1785533878
2026-07-31T21:43:45Z,1047,4,0,17,0,0,1,1,1,1785533482
2026-07-31T21:43:45Z,1048,1,0,18,0,0,1,1,1,1785532672
2026-07-31T21:43:45Z,1049,0,0,21,0,0,1,1,1,1785532778
2026-07-31T21:43:45Z,1050,20,5,1,0,0,1,1,1,1785533880
2026-07-31T21:43:45Z,1051,8,3,13,0,0,1,1,1,1785533750
2026-07-31T21:43:45Z,1052,16,1,5,1,0,1,1,1,1785532570
2026-07-31T21:43:45Z,1053,2,1,13,0,0,1,1,1,1785532573
2026-07-31T21:43:45Z,1054,5,1,10,0,0,1,1,1,1785532820
2026-07-31T21:43:45Z,1055,9,2,10,0,0,1,1,1,1785532842
2026-07-31T21:43:45Z,1057,4,0,14,1,0,1,1,1,1785534189
2026-07-31T21:43:45Z,1058,13,1,43,0,0,1,1,1,1785534068
2026-07-31T21:43:45Z,1059,1,1,17,1,0,1,1,1,1785532695
2026-07-31T21:43:45Z,1060,16,0,21,0,0,1,1,1,1785534209
2026-07-31T21:43:45Z,1061,17,0,20,0,0,1,1,1,1785534196
2026-07-31T21:43:45Z,1062,9,1,8,0,0,1,1,1,1785534133
2026-07-31T21:43:45Z,1063,12,1,6,1,0,1,1,1,1785532753
2026-07-31T21:43:45Z,1064,3,0,19,1,0,1,1,1,1785533123
2026-07-31T21:43:45Z,1065,16,3,7,0,0,1,1,1,1785533368
2026-07-31T21:43:45Z,1066,12,2,11,0,0,1,1,1,1785533187
2026-07-31T21:43:45Z,1067,8,2,13,2,0,1,1,1,1785533463
2026-07-31T21:43:45Z,1068,5,2,15,3,0,1,1,1,1785533002
2026-07-31T21:43:45Z,1069,12,3,11,0,0,1,1,1,1785533001
2026-07-31T21:43:45Z,1070,12,2,11,0,0,1,1,1,1785533105
2026-07-31T21:43:45Z,1071,8,4,15,0,0,1,1,1,1785533140
2026-07-31T21:43:45Z,1072,11,1,11,1,0,1,1,1,1785533548
2026-07-31T21:43:45Z,1073,8,0,18,1,0,1,1,1,1785534184
2026-07-31T21:43:45Z,1074,24,0,28,1,0,1,1,1,1785533920
2026-07-31T21:43:45Z,1075,8,8,13,0,0,1,1,1,1785533851
2026-07-31T21:43:45Z,1076,13,10,8,0,0,1,1,1,1785533773
2026-07-31T21:43:45Z,1077,12,8,9,0,0,1,1,1,1785533414
2026-07-31T21:43:45Z,1078,10,9,11,0,0,1,1,1,1785533808
2026-07-31T21:43:45Z,1079,14,10,7,0,0,1,1,1,1785532611
2026-07-31T21:43:45Z,1080,11,8,8,2,0,1,1,1,1785532539
2026-07-31T21:43:45Z,1081,13,7,6,0,0,1,1,1,1785533539
2026-07-31T21:43:45Z,1082,12,11,11,0,0,1,1,1,1785533261
2026-07-31T21:43:45Z,1083,12,10,9,0,0,1,1,1,1785532882
2026-07-31T21:43:45Z,1084,9,7,12,0,0,1,1,1,1785532497
2026-07-31T21:43:45Z,1085,12,9,9,0,0,1,1,1,1785534027
2026-07-31T21:43:45Z,1086,11,9,9,1,0,1,1,1,1785532899
2026-07-31T21:43:45Z,1087,7,7,8,0,0,1,1,1,1785533791
2026-07-31T21:43:45Z,1088,9,6,6,0,0,1,1,1,1785533496
2026-07-31T21:43:45Z,1089,7,3,8,0,0,1,1,1,1785529453
2026-07-31T21:43:45Z,1090,6,5,9,0,0,1,1,1,1785533858
2026-07-31T21:43:45Z,1091,7,5,8,0,0,1,1,1,1785533703
2026-07-31T21:43:45Z,1092,9,8,5,1,0,1,1,1,1785533301
2026-07-31T21:43:45Z,1093,5,5,9,1,0,1,1,1,1785533774
2026-07-31T21:43:45Z,1094,10,9,9,0,0,1,1,1,1785532704
2026-07-31T21:43:45Z,1095,10,8,5,0,0,1,1,1,1785532680
2026-07-31T21:43:45Z,1096,11,8,8,0,0,1,1,1,1785533080
2026-07-31T21:43:45Z,1097,8,8,7,0,0,1,1,1,1785533271
2026-07-31T21:43:45Z,1098,9,7,10,0,0,1,1,1,1785534126
2026-07-31T21:43:45Z,1099,7,6,8,0,0,1,1,1,1785532540
2026-07-31T21:43:45Z,1100,6,4,23,0,0,1,1,1,1785532207
2026-07-31T21:43:45Z,1101,10,5,11,0,0,1,1,1,1785532466
2026-07-31T21:43:45Z,1102,9,4,4,0,0,1,1,1,1785533481
2026-07-31T21:43:45Z,1103,11,5,10,0,0,1,1,1,1785503681
2026-07-31T21:43:45Z,1104,11,6,10,0,0,1,1,1,1785534033
2026-07-31T21:43:45Z,1105,8,4,5,0,0,1,1,1,1785533364
2026-07-31T21:43:45Z,1106,10,5,11,0,0,1,1,1,1785532558
2026-07-31T21:43:45Z,1107,9,5,6,0,0,1,1,1,1785532801
2026-07-31T21:43:45Z,1108,9,5,15,2,1,1,1,1,1785533813
2026-07-31T21:43:45Z,1109,7,3,8,0,0,1,1,1,1785532744
2026-07-31T21:43:45Z,1110,11,3,10,0,0,1,1,1,1785533897
2026-07-31T21:43:45Z,1111,8,3,12,1,0,1,1,1,1785534209
2026-07-31T21:43:45Z,1112,20,0,33,0,0,1,1,1,1785533939
2026-07-31T21:43:45Z,1113,1,0,20,0,0,1,1,1,1785533813
2026-07-31T21:43:45Z,1115,14,1,5,4,0,1,1,1,1785534057
2026-07-31T21:43:45Z,1116,2,0,17,0,0,1,1,1,1785532730
2026-07-31T21:43:45Z,1117,2,1,19,2,0,1,1,1,1785533161
2026-07-31T21:43:45Z,1118,14,1,7,0,0,1,1,1,1785533853
2026-07-31T21:43:45Z,1119,7,2,10,0,0,1,1,1,1785533722
2026-07-31T21:43:45Z,1120,5,1,13,1,0,1,1,1,1785532821
2026-07-31T21:43:45Z,1121,8,1,12,1,0,1,1,1,1785534048
2026-07-31T21:43:45Z,1122,5,1,15,1,0,1,1,1,1785534197
2026-07-31T21:43:45Z,1123,11,8,10,2,0,1,1,1,1785534182
2026-07-31T21:43:45Z,1124,4,1,9,2,0,1,1,1,1785534031
2026-07-31T21:43:45Z,1125,16,1,7,0,0,1,1,1,1785533105
2026-07-31T21:43:45Z,1126,6,0,15,0,0,1,1,1,1785533862
2026-07-31T21:43:45Z,1127,4,2,15,0,0,1,1,1,1785533389
2026-07-31T21:43:45Z,1128,1,1,14,0,0,1,1,1,1785533522
2026-07-31T21:43:45Z,1129,2,1,17,2,0,1,1,1,1785532796
2026-07-31T21:43:45Z,1130,9,0,5,1,0,1,1,1,1785533772
2026-07-31T21:43:45Z,1131,2,1,46,1,0,1,1,1,1785533793
2026-07-31T21:43:45Z,1132,10,5,11,0,0,1,1,1,1785534168
2026-07-31T21:43:45Z,1133,6,4,12,3,0,1,1,1,1785533703
2026-07-31T21:43:45Z,1134,12,6,7,0,0,1,1,1,1785533242
2026-07-31T21:43:45Z,1135,12,6,9,0,0,1,1,1,1785534180
2026-07-31T21:43:45Z,1136,14,1,8,1,0,1,1,1,1785533459
2026-07-31T21:43:45Z,1137,12,0,3,0,0,1,1,1,1785532615
2026-07-31T21:43:45Z,1138,3,0,16,0,0,1,1,1,1785534195
2026-07-31T21:43:45Z,1139,12,3,8,1,0,1,1,1,1785533411
2026-07-31T21:43:45Z,1140,7,0,14,2,0,1,1,1,1785534197
2026-07-31T21:43:45Z,1141,6,2,15,0,0,1,1,1,1785534215
2026-07-31T21:43:45Z,1142,3,0,18,0,0,1,1,1,1785533372
2026-07-31T21:43:45Z,1143,28,0,1,0,0,1,1,1,1785534061
2026-07-31T21:43:45Z,1144,6,0,14,1,0,1,1,1,1785533800
2026-07-31T21:43:45Z,1145,11,5,9,1,0,1,1,1,1785533139
2026-07-31T21:43:45Z,1146,4,2,11,4,0,1,1,1,1785534206
2026-07-31T21:43:45Z,1147,13,1,6,0,0,1,1,1,1785534157
2026-07-31T21:43:45Z,1148,12,1,19,0,0,1,1,1,1785534145
2026-07-31T21:43:45Z,1149,0,0,21,4,0,1,1,1,1785534208
2026-07-31T21:43:45Z,1150,6,0,13,0,0,1,1,1,1785533837
2026-07-31T21:43:45Z,1151,7,0,14,0,0,1,1,1,1785533390
2026-07-31T21:43:45Z,1152,3,0,26,0,0,1,1,1,1785532759
2026-07-31T21:43:45Z,1153,19,0,3,1,0,1,1,1,1785533410
2026-07-31T21:43:45Z,1154,4,0,15,0,0,1,1,1,1785533937
2026-07-31T21:43:45Z,1155,5,5,13,3,0,1,1,1,1785533965
2026-07-31T21:43:45Z,1158,3,1,16,0,0,1,1,1,1785532615
2026-07-31T21:43:45Z,1159,12,0,7,0,0,1,1,1,1785532977
2026-07-31T21:43:45Z,1160,9,2,10,0,0,1,1,1,1785533053
2026-07-31T21:43:45Z,1161,3,0,15,1,0,1,1,1,1785533112
2026-07-31T21:43:45Z,1162,4,1,15,0,0,1,1,1,1785533641
2026-07-31T21:43:45Z,1163,2,1,16,1,0,1,1,1,1785532735
2026-07-31T21:43:45Z,1164,5,1,14,0,0,1,1,1,1785532792
2026-07-31T21:43:45Z,1165,1,0,20,0,0,1,1,1,1785533537
2026-07-31T21:43:45Z,1166,13,3,7,1,0,1,1,1,1785533075
2026-07-31T21:43:45Z,1167,4,0,11,0,0,1,1,1,1785532463
2026-07-31T21:43:45Z,1168,3,0,18,2,0,1,1,1,1785533029
2026-07-31T21:43:45Z,1169,3,0,15,1,0,1,1,1,1785532637
2026-07-31T21:43:45Z,1170,7,1,14,0,0,1,1,1,1785533036
2026-07-31T21:43:45Z,1171,9,8,14,0,0,1,1,1,1785532738
2026-07-31T21:43:45Z,1172,5,0,8,2,0,1,1,1,1785532785
2026-07-31T21:43:45Z,1173,13,4,6,0,0,1,1,1,1785532896
2026-07-31T21:43:45Z,1174,6,3,9,0,0,1,1,1,1785532539
2026-07-31T21:43:45Z,1175,5,3,14,0,0,1,1,1,1785531043
2026-07-31T21:43:45Z,1176,8,2,13,0,0,1,1,1,1785533939
2026-07-31T21:43:45Z,1177,3,1,18,0,0,1,1,1,1785533870
2026-07-31T21:43:45Z,1178,5,2,10,0,0,1,1,1,1785532462
2026-07-31T21:43:45Z,1181,15,0,0,0,0,1,1,1,1785533637
2026-07-31T21:43:45Z,1182,16,1,3,1,0,1,1,1,1785534161
2026-07-31T21:43:45Z,1183,20,3,23,2,0,1,1,1,1785534040
2026-07-31T21:43:45Z,1184,6,4,13,2,0,1,1,1,1785534142
2026-07-31T21:43:45Z,1185,10,6,11,0,0,1,1,1,1785534007
2026-07-31T21:43:45Z,1186,9,5,10,0,0,1,1,1,1785533166
2026-07-31T21:43:45Z,1187,10,5,10,1,0,1,1,1,1785533400
2026-07-31T21:43:45Z,1188,10,5,5,0,0,1,1,1,1785532799
2026-07-31T21:43:45Z,1189,7,2,12,0,0,1,1,1,1785534110
2026-07-31T21:43:45Z,1190,9,4,12,0,0,1,1,1,1785534161
2026-07-31T21:43:45Z,1191,10,5,5,0,0,1,1,1,1785532803
2026-07-31T21:43:45Z,1192,11,7,9,1,0,1,1,1,1785532709
2026-07-31T21:43:45Z,1193,6,4,5,2,0,1,1,1,1785533568
2026-07-31T21:43:45Z,1197,9,6,7,1,0,1,1,1,1785533583
2026-07-31T21:43:45Z,1198,13,4,6,2,0,1,1,1,1785533235
2026-07-31T21:43:45Z,1199,3,0,16,0,0,1,1,1,1785533222
2026-07-31T21:43:45Z,1200,9,5,6,0,0,1,1,1,1785532839
2026-07-31T21:43:45Z,1201,9,4,6,0,0,1,1,1,1785532814
2026-07-31T21:43:45Z,1202,10,5,5,0,0,1,1,1,1785532915
2026-07-31T21:43:45Z,1203,11,5,4,0,0,1,1,1,1785532820
2026-07-31T21:43:45Z,1204,7,4,12,0,0,1,1,1,1785532596
2026-07-31T21:43:45Z,1206,11,5,10,0,0,1,1,1,1785533652
2026-07-31T21:43:45Z,1207,8,4,6,1,0,1,1,1,1785533132
2026-07-31T21:43:45Z,1208,10,4,9,0,0,1,1,1,1785533078
2026-07-31T21:43:45Z,1216,8,0,12,1,0,1,1,1,1785533867
2026-07-31T21:43:45Z,1218,4,0,17,0,0,1,1,1,1785532449
2026-07-31T21:43:45Z,1219,2,1,10,3,0,1,1,1,1785532723
2026-07-31T21:43:45Z,1220,17,6,2,0,0,1,1,1,1785533907
2026-07-31T21:43:45Z,1221,1,1,19,1,0,1,1,1,1785533619
2026-07-31T21:43:45Z,1222,12,2,17,0,0,1,1,1,1785533967
2026-07-31T21:43:45Z,1223,27,0,1,1,0,1,1,1,1785533822
2026-07-31T21:43:45Z,1226,0,0,3,0,0,0,1,1,1781868931
2026-07-31T21:43:45Z,1227,6,0,18,1,0,1,1,1,1785533808
2026-07-31T21:43:45Z,1228,0,0,29,0,0,1,1,1,1785534197
2026-07-31T21:43:45Z,1229,44,1,1,0,0,1,1,1,1785534048
2026-07-31T21:48:45Z,1,6,0,17,0,0,1,1,1,1785534413
2026-07-31T21:48:45Z,2,20,0,4,3,0,1,1,1,1785534265
2026-07-31T21:48:45Z,3,9,1,4,1,0,1,1,1,1785534400
2026-07-31T21:48:45Z,4,20,0,1,1,0,1,1,1,1785533395
2026-07-31T21:48:45Z,5,18,4,3,2,0,1,1,1,1785533822
2026-07-31T21:48:45Z,6,4,0,11,0,0,1,1,1,1785534392
2026-07-31T21:48:45Z,7,12,0,27,0,0,1,1,1,1785534410
2026-07-31T21:48:45Z,8,16,2,27,0,0,1,1,1,1785534262
2026-07-31T21:48:45Z,9,14,2,9,0,0,1,1,1,1785534142
2026-07-31T21:48:45Z,10,3,2,18,2,0,1,1,1,1785534306
2026-07-31T21:48:45Z,11,6,0,11,2,0,1,1,1,1785534031
2026-07-31T21:48:45Z,12,23,1,0,0,0,1,1,1,1785534366
2026-07-31T21:48:45Z,13,17,3,13,0,0,1,1,1,1785534330
2026-07-31T21:48:45Z,14,41,0,1,0,1,1,1,1,1785533690
2026-07-31T21:48:45Z,15,0,0,15,0,0,1,1,1,1785534470
2026-07-31T21:48:45Z,16,1,0,23,2,1,1,1,1,1785534159
2026-07-31T21:48:45Z,17,15,0,11,1,0,1,1,1,1785534419
2026-07-31T21:48:45Z,18,14,1,2,2,0,1,1,1,1785534470
2026-07-31T21:48:45Z,19,10,2,16,1,0,1,1,1,1785534505
2026-07-31T21:48:45Z,20,24,4,11,0,0,1,1,1,1785534122
2026-07-31T21:48:45Z,21,0,0,17,2,0,1,1,1,1785534503
2026-07-31T21:48:45Z,22,20,0,45,0,0,1,1,1,1785533791
2026-07-31T21:48:45Z,23,13,7,17,1,0,1,1,1,1785534394
2026-07-31T21:48:45Z,24,9,2,1,1,0,1,1,1,1785534508
2026-07-31T21:48:45Z,25,72,4,7,2,0,1,1,1,1785534207
2026-07-31T21:48:45Z,26,24,0,3,0,0,1,1,1,1785534081
2026-07-31T21:48:45Z,28,10,0,5,0,0,1,1,1,1785534319
2026-07-31T21:48:45Z,30,16,1,11,2,0,1,1,1,1785534468
2026-07-31T21:48:45Z,31,10,1,7,2,0,1,1,1,1785534289
2026-07-31T21:48:45Z,32,21,1,6,0,0,1,1,1,1785534480
2026-07-31T21:48:45Z,34,23,2,13,1,0,1,1,1,1785534363
2026-07-31T21:48:45Z,35,22,2,24,1,0,1,1,1,1785534516
2026-07-31T21:48:45Z,36,0,0,0,0,0,0,1,1,86400
2026-07-31T21:48:45Z,37,19,3,4,0,0,1,1,1,1785534512
2026-07-31T21:48:45Z,38,0,0,23,0,0,1,1,1,1785534284
2026-07-31T21:48:45Z,39,14,4,25,0,0,1,1,1,1785534425
2026-07-31T21:48:45Z,40,4,0,17,0,0,1,1,1,1785534482
2026-07-31T21:48:45Z,41,25,0,18,0,0,1,1,1,1785534462
2026-07-31T21:48:45Z,42,5,4,25,1,0,1,1,1,1785534158
2026-07-31T21:48:45Z,43,9,2,14,0,0,1,1,1,1785534025
2026-07-31T21:48:45Z,45,7,0,22,0,0,1,1,1,1785534250
2026-07-31T21:48:45Z,46,0,0,29,2,0,1,1,1,1785534506
2026-07-31T21:48:45Z,47,3,0,11,1,0,1,1,1,1785533687
2026-07-31T21:48:45Z,48,18,0,9,0,0,1,1,1,1785534444
2026-07-31T21:48:45Z,49,0,0,19,4,0,1,1,1,1785534514
2026-07-31T21:48:45Z,50,4,3,14,1,0,1,1,1,1785534460
2026-07-31T21:48:45Z,51,43,0,34,0,0,1,1,1,1785534194
2026-07-31T21:48:45Z,52,2,0,22,3,0,1,1,1,1785534507
2026-07-31T21:48:45Z,55,1,0,22,0,0,1,1,1,1785534510
2026-07-31T21:48:45Z,56,14,1,29,0,0,1,1,1,1785534455
2026-07-31T21:48:45Z,57,5,0,22,0,0,1,1,1,1785534310
2026-07-31T21:48:45Z,58,0,0,28,0,0,1,1,1,1785532323
2026-07-31T21:48:45Z,59,13,0,12,2,0,1,1,1,1785534479
2026-07-31T21:48:45Z,61,32,0,7,0,0,1,1,1,1785533150
2026-07-31T21:48:45Z,62,35,17,13,1,0,1,1,1,1785534483
2026-07-31T21:48:45Z,63,11,2,8,0,0,1,1,1,1785534410
2026-07-31T21:48:45Z,64,12,1,3,4,0,1,1,1,1785530968
2026-07-31T21:48:45Z,65,10,4,8,1,0,1,1,1,1785534428
2026-07-31T21:48:45Z,67,16,0,23,0,0,1,1,1,1785534445
2026-07-31T21:48:45Z,68,34,0,2,1,0,1,1,1,1785534100
2026-07-31T21:48:45Z,69,4,0,11,0,0,1,1,1,1785533669
2026-07-31T21:48:45Z,71,8,1,16,3,0,1,1,1,1785534458
2026-07-31T21:48:45Z,72,21,4,5,4,1,1,1,1,1785534482
2026-07-31T21:48:45Z,73,3,0,27,1,0,1,1,1,1785534443
2026-07-31T21:48:45Z,74,1,1,18,0,0,1,1,1,1785533471
2026-07-31T21:48:45Z,75,8,0,23,1,0,1,1,1,1785534183
2026-07-31T21:48:45Z,76,2,0,16,1,0,1,1,1,1785534511
2026-07-31T21:48:45Z,77,11,0,16,0,0,1,1,1,1785534499
2026-07-31T21:48:45Z,78,4,2,18,1,0,1,1,1,1785534437
2026-07-31T21:48:45Z,79,4,0,12,1,0,1,1,1,1785534336
2026-07-31T21:48:45Z,80,14,1,5,4,0,1,1,1,1785534509
2026-07-31T21:48:45Z,81,1,0,30,0,0,1,1,1,1785534514
2026-07-31T21:48:45Z,82,9,7,13,1,0,1,1,1,1785534348
2026-07-31T21:48:45Z,83,6,1,26,2,0,1,1,1,1785534516
2026-07-31T21:48:45Z,84,3,1,24,0,0,1,1,1,1785534037
2026-07-31T21:48:45Z,85,10,1,5,0,0,1,1,1,1785534488
2026-07-31T21:48:45Z,86,7,3,20,0,0,1,1,1,1785534503
2026-07-31T21:48:45Z,87,0,0,19,0,0,1,1,1,1785533075
2026-07-31T21:48:45Z,88,6,0,35,2,0,1,1,1,1785534435
2026-07-31T21:48:45Z,89,28,2,6,1,0,1,1,1,1785533989
2026-07-31T21:48:45Z,90,9,1,8,1,0,1,1,1,1785533930
2026-07-31T21:48:45Z,91,0,0,17,0,0,1,1,1,1785534505
2026-07-31T21:48:45Z,92,3,2,13,3,0,1,1,1,1785534318
2026-07-31T21:48:45Z,93,4,0,19,0,0,1,1,1,1785534442
2026-07-31T21:48:45Z,94,11,0,7,1,0,1,1,1,1785534182
2026-07-31T21:48:45Z,95,2,0,31,1,1,1,1,1,1785534507
2026-07-31T21:48:45Z,96,18,3,12,1,0,1,1,1,1785534399
2026-07-31T21:48:45Z,97,0,0,15,2,0,1,1,1,1785534515
2026-07-31T21:48:45Z,98,27,6,8,0,0,1,1,1,1785534275
2026-07-31T21:48:45Z,99,13,2,2,0,0,1,1,1,1785534231
2026-07-31T21:48:45Z,100,6,2,21,0,0,1,1,1,1785534445
2026-07-31T21:48:45Z,101,14,1,0,1,0,1,1,1,1785534058
2026-07-31T21:48:45Z,102,14,0,9,0,0,1,1,1,1785534499
2026-07-31T21:48:45Z,103,24,0,4,2,0,1,1,1,1785534514
2026-07-31T21:48:45Z,104,13,0,12,2,0,1,1,1,1785534517
2026-07-31T21:48:45Z,105,16,0,3,0,0,1,1,1,1785533739
2026-07-31T21:48:45Z,106,14,0,7,0,0,1,1,1,1785533963
2026-07-31T21:48:45Z,107,21,1,16,0,0,1,1,1,1785534504
2026-07-31T21:48:45Z,108,12,0,22,1,0,1,1,1,1785534478
2026-07-31T21:48:45Z,109,23,0,0,0,0,1,1,1,1785534193
2026-07-31T21:48:45Z,110,14,0,9,0,0,1,1,1,1785534133
2026-07-31T21:48:45Z,111,10,1,26,0,0,1,1,1,1785534472
2026-07-31T21:48:45Z,112,13,0,1,1,0,1,1,1,1785534216
2026-07-31T21:48:45Z,113,4,0,14,1,0,1,1,1,1785534248
2026-07-31T21:48:45Z,114,9,6,20,1,1,1,1,1,1785534403
2026-07-31T21:48:45Z,115,19,10,6,3,0,1,1,1,1785534410
2026-07-31T21:48:45Z,116,9,9,18,0,0,1,1,1,1785533918
2026-07-31T21:48:45Z,118,18,1,2,3,0,1,1,1,1785534476
2026-07-31T21:48:45Z,119,0,0,36,2,0,1,1,1,1785534350
2026-07-31T21:48:45Z,120,3,0,22,2,0,1,1,1,1785533964
2026-07-31T21:48:45Z,121,0,0,16,2,1,1,1,1,1785534516
2026-07-31T21:48:45Z,122,15,0,5,1,0,1,1,1,1785534104
2026-07-31T21:48:45Z,123,4,2,42,1,0,1,1,1,1785534407
2026-07-31T21:48:45Z,124,14,0,21,0,0,1,1,1,1785534477
2026-07-31T21:48:45Z,125,0,0,22,1,0,1,1,1,1785534298
2026-07-31T21:48:45Z,126,19,2,12,0,0,1,1,1,1785534313
2026-07-31T21:48:45Z,127,9,2,25,1,0,1,1,1,1785534455
2026-07-31T21:48:45Z,128,7,0,11,1,0,1,1,1,1785534446
2026-07-31T21:48:45Z,129,10,2,6,3,0,1,1,1,1785534421
2026-07-31T21:48:45Z,130,4,0,13,0,0,1,1,1,1785533289
2026-07-31T21:48:45Z,131,4,4,6,1,0,1,1,1,1785533513
2026-07-31T21:48:45Z,132,5,4,9,0,1,1,1,1,1785534045
2026-07-31T21:48:45Z,134,14,1,5,4,0,1,1,1,1785534480
2026-07-31T21:48:45Z,135,4,1,14,1,0,1,1,1,1785534509
2026-07-31T21:48:45Z,136,2,2,12,3,6,1,1,1,1785534372
2026-07-31T21:48:45Z,137,1,1,17,1,0,1,1,1,1785534364
2026-07-31T21:48:45Z,138,7,0,30,0,0,1,1,1,1785534502
2026-07-31T21:48:45Z,139,9,3,10,0,0,1,1,1,1785534500
2026-07-31T21:48:45Z,140,3,0,19,1,0,1,1,1,1785534515
2026-07-31T21:48:45Z,141,5,1,30,1,0,1,1,1,1785534499
2026-07-31T21:48:45Z,142,2,0,20,1,0,1,1,1,1785534511
2026-07-31T21:48:45Z,143,28,0,3,0,0,1,1,1,1785534388
2026-07-31T21:48:45Z,144,22,1,4,1,0,1,1,1,1785534307
2026-07-31T21:48:45Z,146,5,0,17,1,0,1,1,1,1785534475
2026-07-31T21:48:45Z,147,1,0,15,3,0,1,1,1,1785534422
2026-07-31T21:48:45Z,148,1,1,23,3,0,1,1,1,1785534432
2026-07-31T21:48:45Z,149,1,0,26,0,0,1,1,1,1785534271
2026-07-31T21:48:45Z,150,4,0,29,2,0,1,1,1,1785534297
2026-07-31T21:48:45Z,151,0,0,23,0,0,1,1,1,1785534202
2026-07-31T21:48:45Z,152,1,0,22,3,0,1,1,1,1785534214
2026-07-31T21:48:45Z,153,5,0,21,2,0,1,1,1,1785534449
2026-07-31T21:48:45Z,154,12,0,7,4,0,1,1,1,1785534436
2026-07-31T21:48:45Z,155,6,1,7,1,0,1,1,1,1785534360
2026-07-31T21:48:45Z,156,2,0,17,0,0,1,1,1,1785534447
2026-07-31T21:48:45Z,157,6,0,19,2,0,1,1,1,1785534498
2026-07-31T21:48:45Z,158,12,0,3,1,0,1,1,1,1785534032
2026-07-31T21:48:45Z,159,3,1,15,1,0,1,1,1,1785534340
2026-07-31T21:48:45Z,160,1,0,18,0,0,1,1,1,1785534455
2026-07-31T21:48:45Z,161,16,1,6,0,0,1,1,1,1785534374
2026-07-31T21:48:45Z,162,16,11,10,1,0,1,1,1,1785534497
2026-07-31T21:48:45Z,163,4,1,26,0,1,1,1,1,1785534401
2026-07-31T21:48:45Z,164,21,0,6,0,0,1,1,1,1785534512
2026-07-31T21:48:45Z,165,30,4,1,0,0,1,1,1,1785534516
2026-07-31T21:48:45Z,166,8,3,27,4,0,1,1,1,1785534514
2026-07-31T21:48:45Z,167,5,0,17,1,0,1,1,1,1785534388
2026-07-31T21:48:45Z,168,22,0,4,1,0,1,1,1,1785534443
2026-07-31T21:48:45Z,169,13,4,8,1,1,1,1,1,1785534508
2026-07-31T21:48:45Z,170,5,0,13,1,0,1,1,1,1785534502
2026-07-31T21:48:45Z,171,5,1,6,2,0,1,1,1,1785534233
2026-07-31T21:48:45Z,173,7,1,32,0,0,1,1,1,1785534512
2026-07-31T21:48:45Z,174,1,0,25,0,0,1,1,1,1785534385
2026-07-31T21:48:45Z,175,30,2,0,1,0,1,1,1,1785534344
2026-07-31T21:48:45Z,176,10,4,3,1,1,1,1,1,1785534318
2026-07-31T21:48:45Z,177,10,1,17,0,0,1,1,1,1785534496
2026-07-31T21:48:45Z,178,11,3,1,2,1,1,1,1,1785534514
2026-07-31T21:48:45Z,179,12,0,1,2,0,1,1,1,1785534448
2026-07-31T21:48:45Z,180,1,0,29,0,0,1,1,1,1785533972
2026-07-31T21:48:45Z,181,1,1,14,0,0,1,1,1,1785534437
2026-07-31T21:48:45Z,182,6,5,11,0,0,1,1,1,1785534500
2026-07-31T21:48:45Z,183,11,4,11,1,0,1,1,1,1785534514
2026-07-31T21:48:45Z,184,17,2,3,3,0,1,1,1,1785534434
2026-07-31T21:48:45Z,185,8,5,4,2,1,1,1,1,1785534238
2026-07-31T21:48:45Z,186,2,1,17,0,0,1,1,1,1785534488
2026-07-31T21:48:45Z,187,1,0,26,1,0,1,1,1,1785534409
2026-07-31T21:48:45Z,188,11,3,8,7,1,1,1,1,1785534416
2026-07-31T21:48:45Z,189,8,3,7,0,0,1,1,1,1785533769
2026-07-31T21:48:45Z,190,5,1,17,1,0,1,1,1,1785534513
2026-07-31T21:48:45Z,191,4,4,35,0,0,1,1,1,1785534457
2026-07-31T21:48:45Z,192,6,1,23,2,0,1,1,1,1785534362
2026-07-31T21:48:45Z,193,10,5,4,1,0,1,1,1,1785534490
2026-07-31T21:48:45Z,194,25,5,2,0,0,1,1,1,1785534468
2026-07-31T21:48:45Z,195,1,0,18,0,0,1,1,1,1785534477
2026-07-31T21:48:45Z,196,4,4,21,2,0,1,1,1,1785534266
2026-07-31T21:48:45Z,197,2,0,15,1,1,1,1,1,1785534514
2026-07-31T21:48:45Z,198,10,10,11,2,0,1,1,1,1785534326
2026-07-31T21:48:45Z,199,7,4,7,1,0,1,1,1,1785534417
2026-07-31T21:48:45Z,200,8,7,18,0,0,1,1,1,1785534375
2026-07-31T21:48:45Z,201,5,3,18,0,0,1,1,1,1785534281
2026-07-31T21:48:45Z,202,1,0,26,0,0,1,1,1,1785534384
2026-07-31T21:48:45Z,203,6,2,24,1,0,1,1,1,1785534480
2026-07-31T21:48:45Z,204,19,1,14,2,0,1,1,1,1785534455
2026-07-31T21:48:45Z,205,13,0,14,0,0,1,1,1,1785533340
2026-07-31T21:48:45Z,206,4,4,9,2,0,1,1,1,1785534487
2026-07-31T21:48:45Z,207,20,0,1,0,0,1,1,1,1785534424
2026-07-31T21:48:45Z,208,2,1,27,0,0,1,1,1,1785533698
2026-07-31T21:48:45Z,209,27,2,3,1,0,1,1,1,1785534449
2026-07-31T21:48:45Z,210,12,6,15,0,0,1,1,1,1785534480
2026-07-31T21:48:45Z,211,0,0,22,1,0,1,1,1,1785533741
2026-07-31T21:48:45Z,212,24,2,10,1,0,1,1,1,1785534463
2026-07-31T21:48:45Z,213,13,4,9,1,0,1,1,1,1785534421
2026-07-31T21:48:45Z,214,32,2,13,2,0,1,1,1,1785534516
2026-07-31T21:48:45Z,215,10,3,12,1,0,1,1,1,1785534441
2026-07-31T21:48:45Z,216,9,3,9,1,0,1,1,1,1785534460
2026-07-31T21:48:45Z,217,21,1,7,1,0,1,1,1,1785534467
2026-07-31T21:48:45Z,218,18,8,17,4,0,1,1,1,1785534515
2026-07-31T21:48:45Z,219,21,2,4,1,0,1,1,1,1785534346
2026-07-31T21:48:45Z,220,21,11,20,1,1,1,1,1,1785534482
2026-07-31T21:48:45Z,221,3,0,11,1,0,1,1,1,1785534445
2026-07-31T21:48:45Z,222,1,0,17,1,0,1,1,1,1785534409
2026-07-31T21:48:45Z,223,5,0,27,3,0,1,1,1,1785534395
2026-07-31T21:48:45Z,224,0,0,21,1,0,1,1,1,1785534303
2026-07-31T21:48:45Z,225,5,1,10,4,0,1,1,1,1785534495
2026-07-31T21:48:45Z,226,19,4,11,1,0,1,1,1,1785534512
2026-07-31T21:48:45Z,227,6,1,20,1,0,1,1,1,1785534494
2026-07-31T21:48:45Z,228,1,1,17,1,0,1,1,1,1785534390
2026-07-31T21:48:45Z,230,7,0,19,0,0,1,1,1,1785534471
2026-07-31T21:48:45Z,232,4,0,12,1,0,1,1,1,1785534071
2026-07-31T21:48:45Z,233,14,7,16,1,0,1,1,1,1785534326
2026-07-31T21:48:45Z,234,10,5,3,4,2,1,1,1,1785534418
2026-07-31T21:48:45Z,236,14,3,5,0,0,1,1,1,1785534352
2026-07-31T21:48:45Z,237,2,0,20,1,0,1,1,1,1785533925
2026-07-31T21:48:45Z,239,7,7,19,1,0,1,1,1,1785534357
2026-07-31T21:48:45Z,241,6,5,16,1,0,1,1,1,1785534479
2026-07-31T21:48:45Z,242,5,2,17,1,0,1,1,1,1785533832
2026-07-31T21:48:45Z,243,15,12,14,2,0,1,1,1,1785534508
2026-07-31T21:48:45Z,244,3,3,23,1,0,1,1,1,1785534074
2026-07-31T21:48:45Z,245,13,6,10,0,0,1,1,1,1785534483
2026-07-31T21:48:45Z,246,4,4,19,0,0,1,1,1,1785534280
2026-07-31T21:48:45Z,247,7,5,14,2,0,1,1,1,1785534176
2026-07-31T21:48:45Z,248,8,6,12,3,0,1,1,1,1785534381
2026-07-31T21:48:45Z,249,14,14,4,1,0,1,1,1,1785534510
2026-07-31T21:48:45Z,250,2,2,22,3,0,1,1,1,1785534396
2026-07-31T21:48:45Z,251,19,9,4,4,0,1,1,1,1785534497
2026-07-31T21:48:45Z,253,6,2,13,0,0,1,1,1,1785534422
2026-07-31T21:48:45Z,254,15,1,27,1,0,1,1,1,1785534485
2026-07-31T21:48:45Z,255,9,1,13,0,1,1,1,1,1785534493
2026-07-31T21:48:45Z,256,2,1,19,2,0,1,1,1,1785534127
2026-07-31T21:48:45Z,257,2,0,17,0,0,1,1,1,1785534271
2026-07-31T21:48:45Z,258,15,8,3,1,0,1,1,1,1785534440
2026-07-31T21:48:45Z,259,14,0,8,0,1,1,1,1,1785534197
2026-07-31T21:48:45Z,260,5,2,12,2,0,1,1,1,1785534484
2026-07-31T21:48:45Z,261,2,0,15,1,1,1,1,1,1785534229
2026-07-31T21:48:45Z,262,6,0,16,1,0,1,1,1,1785534511
2026-07-31T21:48:45Z,263,2,1,12,1,0,1,1,1,1785534477
2026-07-31T21:48:45Z,264,0,0,19,0,0,1,1,1,1785533790
2026-07-31T21:48:45Z,265,8,1,7,0,0,1,1,1,1785534061
2026-07-31T21:48:45Z,266,11,8,7,1,0,1,1,1,1785534222
2026-07-31T21:48:45Z,267,9,4,5,1,0,1,1,1,1785531709
2026-07-31T21:48:45Z,268,19,7,3,1,0,1,1,1,1785534484
2026-07-31T21:48:45Z,269,8,5,15,0,0,1,1,1,1785534487
2026-07-31T21:48:45Z,270,5,2,21,1,0,1,1,1,1785534276
2026-07-31T21:48:45Z,271,5,0,12,2,0,1,1,1,1785533754
2026-07-31T21:48:45Z,272,10,1,13,0,0,1,1,1,1785534227
2026-07-31T21:48:45Z,273,4,1,11,0,0,1,1,1,1785534082
2026-07-31T21:48:45Z,274,3,3,15,1,0,1,1,1,1785534016
2026-07-31T21:48:45Z,275,8,0,11,4,0,1,1,1,1785534315
2026-07-31T21:48:45Z,276,3,1,23,1,0,1,1,1,1785534446
2026-07-31T21:48:45Z,277,4,3,15,4,0,1,1,1,1785533964
2026-07-31T21:48:45Z,278,9,9,20,2,0,1,1,1,1785534308
2026-07-31T21:48:45Z,279,1,1,18,0,0,1,1,1,1785534125
2026-07-31T21:48:45Z,280,1,1,27,3,0,1,1,1,1785534461
2026-07-31T21:48:45Z,281,1,0,18,0,0,1,1,1,1785534211
2026-07-31T21:48:45Z,282,8,2,10,0,0,1,1,1,1785534408
2026-07-31T21:48:45Z,283,14,3,21,0,0,1,1,1,1785534495
2026-07-31T21:48:45Z,284,27,3,6,2,0,1,1,1,1785534475
2026-07-31T21:48:45Z,285,6,3,17,0,0,1,1,1,1785534440
2026-07-31T21:48:45Z,286,7,3,14,2,0,1,1,1,1785533994
2026-07-31T21:48:45Z,287,10,1,10,3,0,1,1,1,1785532355
2026-07-31T21:48:45Z,288,4,0,14,1,0,1,1,1,1785534143
2026-07-31T21:48:45Z,289,8,7,16,3,0,1,1,1,1785534491
2026-07-31T21:48:45Z,290,17,0,19,3,0,1,1,1,1785534482
2026-07-31T21:48:45Z,291,15,1,7,1,0,1,1,1,1785534476
2026-07-31T21:48:45Z,292,5,3,18,0,0,1,1,1,1785533577
2026-07-31T21:48:45Z,293,4,0,19,0,0,1,1,1,1785534347
2026-07-31T21:48:45Z,294,10,4,9,3,0,1,1,1,1785534354
2026-07-31T21:48:45Z,297,11,0,6,1,1,1,1,1,1785534121
2026-07-31T21:48:45Z,301,17,2,2,0,0,1,1,1,1785534495
2026-07-31T21:48:45Z,302,20,0,2,1,0,1,1,1,1785534458
2026-07-31T21:48:45Z,303,4,0,15,0,0,1,1,1,1785534448
2026-07-31T21:48:45Z,304,0,0,0,0,0,0,1,1,86400
2026-07-31T21:48:45Z,305,2,0,16,1,0,1,1,1,1785534516
2026-07-31T21:48:45Z,306,12,1,19,1,0,1,1,1,1785534422
2026-07-31T21:48:45Z,307,2,0,21,0,0,1,1,1,1785534392
2026-07-31T21:48:45Z,308,9,1,9,1,0,1,1,1,1785534499
2026-07-31T21:48:45Z,309,3,2,11,0,0,1,1,1,1785533039
2026-07-31T21:48:45Z,311,6,0,8,1,0,1,1,1,1785532562
2026-07-31T21:48:45Z,312,7,7,13,3,0,1,1,1,1785534330
2026-07-31T21:48:45Z,313,4,0,11,0,0,1,1,1,1785534069
2026-07-31T21:48:45Z,314,11,2,6,2,0,1,1,1,1785534450
2026-07-31T21:48:45Z,315,12,6,17,2,0,1,1,1,1785534313
2026-07-31T21:48:45Z,316,3,1,20,7,1,1,1,1,1785534499
2026-07-31T21:48:45Z,317,24,7,6,0,1,1,1,1,1785534478
2026-07-31T21:48:45Z,318,19,4,0,0,0,1,1,1,1785533970
2026-07-31T21:48:45Z,319,20,3,1,2,0,1,1,1,1785533610
2026-07-31T21:48:45Z,320,11,0,7,1,0,1,1,1,1785534493
2026-07-31T21:48:45Z,321,2,0,13,4,0,1,1,1,1785534242
2026-07-31T21:48:45Z,322,18,0,11,0,0,1,1,1,1785534198
2026-07-31T21:48:45Z,323,3,1,15,1,0,1,1,1,1785534179
2026-07-31T21:48:45Z,324,17,2,9,1,0,1,1,1,1785534510
2026-07-31T21:48:45Z,325,3,2,22,2,0,1,1,1,1785534441
2026-07-31T21:48:45Z,327,18,1,7,2,0,1,1,1,1785534152
2026-07-31T21:48:45Z,328,13,1,8,1,0,1,1,1,1785533918
2026-07-31T21:48:45Z,329,2,2,14,3,0,1,1,1,1785534174
2026-07-31T21:48:45Z,330,21,1,1,0,0,1,1,1,1785534218
2026-07-31T21:48:45Z,331,14,0,7,2,0,1,1,1,1785534491
2026-07-31T21:48:45Z,332,5,4,13,1,0,1,1,1,1785534163
2026-07-31T21:48:45Z,333,6,4,16,1,0,1,1,1,1785534165
2026-07-31T21:48:45Z,334,10,1,13,0,0,1,1,1,1785534515
2026-07-31T21:48:45Z,335,5,2,17,0,1,1,1,1,1785534501
2026-07-31T21:48:45Z,336,3,1,16,0,0,1,1,1,1785534452
2026-07-31T21:48:45Z,337,9,5,10,4,0,1,1,1,1785534501
2026-07-31T21:48:45Z,338,4,0,15,0,0,1,1,1,1785534385
2026-07-31T21:48:45Z,339,6,6,12,5,0,1,1,1,1785534384
2026-07-31T21:48:45Z,340,3,3,11,1,0,1,1,1,1785534499
2026-07-31T21:48:45Z,341,10,1,9,0,0,1,1,1,1785533884
2026-07-31T21:48:45Z,342,1,1,14,0,0,1,1,1,1785532908
2026-07-31T21:48:45Z,343,11,5,11,1,0,1,1,1,1785534240
2026-07-31T21:48:45Z,344,7,4,16,0,0,1,1,1,1785534038
2026-07-31T21:48:45Z,345,14,1,5,0,0,1,1,1,1785534384
2026-07-31T21:48:45Z,346,3,3,20,0,0,1,1,1,1785532493
2026-07-31T21:48:45Z,347,2,0,40,2,0,1,1,1,1785534515
2026-07-31T21:48:45Z,348,8,0,14,0,1,1,1,1,1785534440
2026-07-31T21:48:45Z,349,14,3,5,0,0,1,1,1,1785534282
2026-07-31T21:48:45Z,350,3,1,22,1,1,1,1,1,1785534501
2026-07-31T21:48:45Z,351,3,1,18,2,0,1,1,1,1785534410
2026-07-31T21:48:45Z,355,8,2,15,0,0,1,1,1,1785534285
2026-07-31T21:48:45Z,356,7,4,12,0,0,1,1,1,1785534446
2026-07-31T21:48:45Z,357,4,2,14,1,0,1,1,1,1785534471
2026-07-31T21:48:45Z,358,19,3,7,1,0,1,1,1,1785534416
2026-07-31T21:48:45Z,359,11,1,16,0,0,1,1,1,1785533884
2026-07-31T21:48:45Z,360,4,3,15,0,0,1,1,1,1785533686
2026-07-31T21:48:45Z,362,3,0,14,2,0,1,1,1,1785534405
2026-07-31T21:48:45Z,363,11,0,16,0,0,1,1,1,1785534496
2026-07-31T21:48:45Z,364,2,0,17,0,0,1,1,1,1785534353
2026-07-31T21:48:45Z,365,2,0,17,4,0,1,1,1,1785534469
2026-07-31T21:48:45Z,366,6,6,16,1,0,1,1,1,1785534378
2026-07-31T21:48:45Z,367,3,2,14,2,0,1,1,1,1785534508
2026-07-31T21:48:45Z,368,2,1,20,1,0,1,1,1,1785534044
2026-07-31T21:48:45Z,370,10,4,17,0,0,1,1,1,1785534062
2026-07-31T21:48:45Z,371,3,1,15,1,0,1,1,1,1785533809
2026-07-31T21:48:45Z,372,11,0,3,1,0,1,1,1,1785533814
2026-07-31T21:48:45Z,373,1,1,26,0,0,1,1,1,1785532969
2026-07-31T21:48:45Z,374,1,0,17,1,0,1,1,1,1785534176
2026-07-31T21:48:45Z,375,3,0,23,1,0,1,1,1,1785534223
2026-07-31T21:48:45Z,376,5,2,32,2,0,1,1,1,1785534507
2026-07-31T21:48:45Z,377,8,3,19,0,0,1,1,1,1785534277
2026-07-31T21:48:45Z,378,5,4,17,1,1,1,1,1,1785534365
2026-07-31T21:48:45Z,379,22,2,2,3,0,1,1,1,1785534344
2026-07-31T21:48:45Z,380,4,0,19,0,0,1,1,1,1785533659
2026-07-31T21:48:45Z,381,19,1,4,0,0,1,1,1,1785534450
2026-07-31T21:48:45Z,383,13,2,0,2,0,1,1,1,1785534032
2026-07-31T21:48:45Z,384,2,0,21,4,0,1,1,1,1785534383
2026-07-31T21:48:45Z,385,1,1,16,1,0,1,1,1,1785533863
2026-07-31T21:48:45Z,387,2,1,21,0,0,1,1,1,1785534151
2026-07-31T21:48:45Z,388,38,2,8,3,0,1,1,1,1785534046
2026-07-31T21:48:45Z,389,3,2,11,1,0,1,1,1,1785532058
2026-07-31T21:48:45Z,390,15,1,20,0,0,1,1,1,1785534017
2026-07-31T21:48:45Z,391,4,3,10,1,0,1,1,1,1785534006
2026-07-31T21:48:45Z,392,5,5,13,1,0,1,1,1,1785534344
2026-07-31T21:48:45Z,393,1,1,7,3,0,1,1,1,1785531684
2026-07-31T21:48:45Z,394,6,1,5,2,0,1,1,1,1785534075
2026-07-31T21:48:45Z,396,1,0,41,0,0,1,1,1,1785534473
2026-07-31T21:48:45Z,397,13,7,18,0,0,1,1,1,1785534267
2026-07-31T21:48:45Z,399,2,0,13,2,0,1,1,1,1785534148
2026-07-31T21:48:45Z,400,14,9,7,2,0,1,1,1,1785532920
2026-07-31T21:48:45Z,401,6,0,25,8,0,1,1,1,1785534390
2026-07-31T21:48:45Z,403,26,8,1,4,0,1,1,1,1785534501
2026-07-31T21:48:45Z,404,6,4,15,2,0,1,1,1,1785534516
2026-07-31T21:48:45Z,406,23,6,10,2,0,1,1,1,1785534505
2026-07-31T21:48:45Z,407,12,0,21,1,0,1,1,1,1785534252
2026-07-31T21:48:45Z,408,4,1,25,4,0,1,1,1,1785534389
2026-07-31T21:48:45Z,409,19,3,0,4,0,1,1,1,1785534370
2026-07-31T21:48:45Z,413,10,3,10,3,0,1,1,1,1785533469
2026-07-31T21:48:45Z,414,13,0,2,0,0,1,1,1,1785534129
2026-07-31T21:48:45Z,417,5,2,14,0,0,1,1,1,1785534176
2026-07-31T21:48:45Z,418,5,3,10,0,0,1,1,1,1785532726
2026-07-31T21:48:45Z,419,13,1,10,0,0,1,1,1,1785533166
2026-07-31T21:48:45Z,421,10,0,9,0,0,1,1,1,1785534268
2026-07-31T21:48:45Z,422,19,3,7,1,0,1,1,1,1785534511
2026-07-31T21:48:45Z,423,0,0,22,1,0,1,1,1,1785533264
2026-07-31T21:48:45Z,424,6,3,6,2,1,1,1,1,1785534289
2026-07-31T21:48:45Z,425,1,1,20,0,1,1,1,1,1785534470
2026-07-31T21:48:45Z,426,4,1,31,2,0,1,1,1,1785534389
2026-07-31T21:48:45Z,427,9,0,3,3,0,1,1,1,1785534232
2026-07-31T21:48:45Z,428,17,2,1,1,0,1,1,1,1785534476
2026-07-31T21:48:45Z,429,14,7,8,1,0,1,1,1,1785534483
2026-07-31T21:48:45Z,430,10,2,18,3,0,1,1,1,1785534484
2026-07-31T21:48:45Z,431,0,0,32,1,0,1,1,1,1785534505
2026-07-31T21:48:45Z,432,0,0,30,1,0,0,1,1,1785508564
2026-07-31T21:48:45Z,433,4,2,16,3,0,1,1,1,1785533359
2026-07-31T21:48:45Z,437,4,2,11,4,0,1,1,1,1785534389
2026-07-31T21:48:45Z,438,8,2,10,1,0,1,1,1,1785534287
2026-07-31T21:48:45Z,439,12,4,3,0,0,1,1,1,1785534416
2026-07-31T21:48:45Z,440,10,3,4,1,0,1,1,1,1785534048
2026-07-31T21:48:45Z,441,2,1,11,2,0,1,1,1,1785534393
2026-07-31T21:48:45Z,442,9,3,8,2,0,1,1,1,1785534209
2026-07-31T21:48:45Z,443,5,2,22,0,0,1,1,1,1785512432
2026-07-31T21:48:45Z,444,2,2,21,0,0,1,1,1,1785533207
2026-07-31T21:48:45Z,445,6,2,16,1,0,1,1,1,1785534203
2026-07-31T21:48:45Z,446,2,0,21,0,0,1,1,1,1785533737
2026-07-31T21:48:45Z,447,3,0,18,1,1,1,1,1,1785534024
2026-07-31T21:48:45Z,448,7,0,7,1,0,1,1,1,1785530120
2026-07-31T21:48:45Z,452,5,2,13,1,0,1,1,1,1785534162
2026-07-31T21:48:45Z,453,3,1,9,3,0,1,1,1,1785534477
2026-07-31T21:48:45Z,454,19,0,0,0,0,1,1,1,1785534392
2026-07-31T21:48:45Z,455,28,0,10,1,0,1,1,1,1785534348
2026-07-31T21:48:45Z,456,17,0,2,1,0,1,1,1,1785534508
2026-07-31T21:48:45Z,457,7,3,16,4,0,1,1,1,1785534424
2026-07-31T21:48:45Z,458,4,1,17,2,0,1,1,1,1785534453
2026-07-31T21:48:45Z,459,11,1,4,0,0,1,1,1,1785534441
2026-07-31T21:48:45Z,460,20,1,3,0,0,1,1,1,1785534411
2026-07-31T21:48:45Z,461,9,0,10,0,0,1,1,1,1785534219
2026-07-31T21:48:45Z,462,17,1,4,0,0,1,1,1,1785534399
2026-07-31T21:48:45Z,463,7,0,12,0,0,1,1,1,1785534367
2026-07-31T21:48:45Z,464,6,0,8,0,0,1,1,1,1785534137
2026-07-31T21:48:45Z,465,1,1,14,0,0,1,1,1,1785533554
2026-07-31T21:48:45Z,466,6,2,3,6,0,1,1,1,1785534500
2026-07-31T21:48:45Z,467,1,1,18,0,0,1,1,1,1785534192
2026-07-31T21:48:45Z,468,0,0,18,1,0,1,1,1,1785527178
2026-07-31T21:48:45Z,469,6,1,17,0,0,1,1,1,1785534398
2026-07-31T21:48:45Z,470,0,0,13,2,0,1,1,1,1785534239
2026-07-31T21:48:45Z,471,23,2,4,0,0,1,1,1,1785533828
2026-07-31T21:48:45Z,472,5,3,12,2,0,1,1,1,1785534318
2026-07-31T21:48:45Z,473,10,1,9,0,0,1,1,1,1785534286
2026-07-31T21:48:45Z,474,10,2,8,1,0,1,1,1,1785534295
2026-07-31T21:48:45Z,475,5,2,13,1,0,1,1,1,1785534125
2026-07-31T21:48:45Z,477,8,1,7,0,0,1,1,1,1785534481
2026-07-31T21:48:45Z,478,25,2,6,0,0,1,1,1,1785534509
2026-07-31T21:48:45Z,479,6,0,19,2,0,1,1,1,1785534058
2026-07-31T21:48:45Z,480,5,1,9,1,0,1,1,1,1785534026
2026-07-31T21:48:45Z,481,10,0,24,1,0,1,1,1,1785534509
2026-07-31T21:48:45Z,482,3,3,16,0,0,1,1,1,1785534085
2026-07-31T21:48:45Z,483,6,0,19,2,0,1,1,1,1785534448
2026-07-31T21:48:45Z,484,3,1,15,1,0,1,1,1,1785534515
2026-07-31T21:48:45Z,485,11,4,7,0,1,1,1,1,1785534479
2026-07-31T21:48:45Z,486,1,0,23,3,0,1,1,1,1785534363
2026-07-31T21:48:45Z,487,9,5,8,2,0,1,1,1,1785534457
2026-07-31T21:48:45Z,489,1,0,14,0,0,1,1,1,1785534417
2026-07-31T21:48:45Z,490,13,0,2,1,0,1,1,1,1785533440
2026-07-31T21:48:45Z,491,7,2,13,1,0,1,1,1,1785533054
2026-07-31T21:48:45Z,492,5,4,3,3,0,1,1,1,1785534512
2026-07-31T21:48:45Z,493,21,1,6,0,0,1,1,1,1785533930
2026-07-31T21:48:45Z,495,8,0,6,1,0,1,1,1,1785533278
2026-07-31T21:48:45Z,496,6,0,20,1,0,1,1,1,1785534515
2026-07-31T21:48:45Z,497,0,0,18,0,0,1,1,1,1785533854
2026-07-31T21:48:45Z,498,4,3,19,0,0,1,1,1,1785534330
2026-07-31T21:48:45Z,499,3,0,15,1,0,1,1,1,1785533904
2026-07-31T21:48:45Z,500,0,0,11,4,0,1,1,1,1785533889
2026-07-31T21:48:45Z,501,10,1,11,0,0,1,1,1,1785534009
2026-07-31T21:48:45Z,502,1,0,16,2,0,1,1,1,1785533820
2026-07-31T21:48:45Z,503,6,0,24,1,0,1,1,1,1785534299
2026-07-31T21:48:45Z,504,7,0,30,2,0,1,1,1,1785534382
2026-07-31T21:48:45Z,505,1,0,10,1,0,1,1,1,1785534502
2026-07-31T21:48:45Z,511,3,2,20,0,0,1,1,1,1785533768
2026-07-31T21:48:45Z,512,12,0,15,0,0,1,1,1,1785534165
2026-07-31T21:48:45Z,514,1,1,9,1,0,1,1,1,1785533835
2026-07-31T21:48:45Z,515,4,2,15,0,0,1,1,1,1785534372
2026-07-31T21:48:45Z,516,13,0,14,0,0,1,1,1,1785534394
2026-07-31T21:48:45Z,517,13,3,10,0,0,1,1,1,1785534465
2026-07-31T21:48:45Z,518,5,0,9,1,0,1,1,1,1785533962
2026-07-31T21:48:45Z,519,5,2,11,3,0,1,1,1,1785534477
2026-07-31T21:48:45Z,520,20,8,1,6,0,1,1,1,1785534516
2026-07-31T21:48:45Z,521,4,3,19,0,0,1,1,1,1785533981
2026-07-31T21:48:45Z,522,14,2,7,2,0,1,1,1,1785534512
2026-07-31T21:48:45Z,523,9,4,13,1,0,1,1,1,1785534030
2026-07-31T21:48:45Z,524,15,1,8,0,0,1,1,1,1785534286
2026-07-31T21:48:45Z,525,8,0,11,0,0,1,1,1,1785534475
2026-07-31T21:48:45Z,526,6,2,9,0,0,1,1,1,1785534284
2026-07-31T21:48:45Z,527,14,10,11,1,0,1,1,1,1785534399
2026-07-31T21:48:45Z,528,15,2,6,2,0,1,1,1,1785534009
2026-07-31T21:48:45Z,529,4,2,8,7,0,1,1,1,1785534516
2026-07-31T21:48:45Z,530,10,0,8,3,0,1,1,1,1785533867
2026-07-31T21:48:45Z,531,10,1,12,0,1,1,1,1,1785534449
2026-07-31T21:48:45Z,532,10,10,20,1,0,1,1,1,1785534116
2026-07-31T21:48:45Z,533,12,0,6,1,0,1,1,1,1785532753
2026-07-31T21:48:45Z,534,8,3,15,0,0,1,1,1,1785534287
2026-07-31T21:48:45Z,535,2,0,13,0,0,1,1,1,1785534209
2026-07-31T21:48:45Z,536,9,0,14,0,0,1,1,1,1785534362
2026-07-31T21:48:45Z,537,10,0,10,0,0,1,1,1,1785534492
2026-07-31T21:48:45Z,538,10,1,11,0,2,1,1,1,1785534403
2026-07-31T21:48:45Z,539,3,3,28,0,0,1,1,1,1785534466
2026-07-31T21:48:45Z,540,4,3,15,0,0,1,1,1,1785534340
2026-07-31T21:48:45Z,541,11,3,15,1,0,1,1,1,1785534303
2026-07-31T21:48:45Z,542,1,1,22,0,0,1,1,1,1785534078
2026-07-31T21:48:45Z,543,0,0,19,0,0,1,1,1,1785534028
2026-07-31T21:48:45Z,544,9,2,10,3,0,1,1,1,1785534418
2026-07-31T21:48:45Z,545,13,1,2,4,0,1,1,1,1785534496
2026-07-31T21:48:45Z,546,3,1,16,0,0,1,1,1,1785534425
2026-07-31T21:48:45Z,547,9,1,16,0,0,1,1,1,1785534254
2026-07-31T21:48:45Z,548,7,3,15,1,0,1,1,1,1785533976
2026-07-31T21:48:45Z,549,19,0,3,1,0,1,1,1,1785534475
2026-07-31T21:48:45Z,550,2,2,17,0,0,1,1,1,1785533866
2026-07-31T21:48:45Z,551,3,2,19,1,0,1,1,1,1785534311
2026-07-31T21:48:45Z,552,4,2,23,0,0,1,1,1,1785534096
2026-07-31T21:48:45Z,553,2,1,19,2,0,1,1,1,1785534479
2026-07-31T21:48:45Z,554,0,0,18,1,0,1,1,1,1785534501
2026-07-31T21:48:45Z,555,7,1,7,1,0,1,1,1,1785533416
2026-07-31T21:48:45Z,556,10,1,11,2,0,1,1,1,1785534429
2026-07-31T21:48:45Z,557,0,0,21,2,0,1,1,1,1785533714
2026-07-31T21:48:45Z,558,34,12,1,2,0,1,1,1,1785534477
2026-07-31T21:48:45Z,559,10,0,8,1,0,1,1,1,1785534059
2026-07-31T21:48:45Z,560,20,0,7,0,0,1,1,1,1785534405
2026-07-31T21:48:45Z,561,3,0,17,3,0,1,1,1,1785534422
2026-07-31T21:48:45Z,562,7,0,21,8,0,1,1,1,1785534494
2026-07-31T21:48:45Z,563,5,0,7,2,0,1,1,1,1785534221
2026-07-31T21:48:45Z,564,3,1,15,1,0,1,1,1,1785534320
2026-07-31T21:48:45Z,565,3,0,16,0,0,1,1,1,1785534444
2026-07-31T21:48:45Z,566,0,0,18,1,0,1,1,1,1785534244
2026-07-31T21:48:45Z,567,14,1,11,2,0,1,1,1,1785534364
2026-07-31T21:48:45Z,568,7,0,11,1,0,1,1,1,1785534337
2026-07-31T21:48:45Z,569,12,0,5,2,0,1,1,1,1785534473
2026-07-31T21:48:45Z,570,9,1,7,3,0,1,1,1,1785534367
2026-07-31T21:48:45Z,571,6,0,17,0,0,1,1,1,1785534483
2026-07-31T21:48:45Z,572,4,0,15,0,0,1,1,1,1785534176
2026-07-31T21:48:45Z,573,10,1,5,0,0,1,1,1,1785534205
2026-07-31T21:48:45Z,574,1,1,14,0,0,1,1,1,1785533447
2026-07-31T21:48:45Z,575,1,0,19,1,0,1,1,1,1785534449
2026-07-31T21:48:45Z,576,3,3,16,0,0,1,1,1,1785534194
2026-07-31T21:48:45Z,577,18,0,13,0,0,1,1,1,1785534070
2026-07-31T21:48:45Z,578,0,0,22,1,0,1,1,1,1785533896
2026-07-31T21:48:45Z,579,7,0,36,0,0,1,1,1,1785534362
2026-07-31T21:48:45Z,580,7,0,22,0,0,1,1,1,1785534510
2026-07-31T21:48:45Z,581,8,0,10,1,0,1,1,1,1785534054
2026-07-31T21:48:45Z,582,25,0,34,2,0,1,1,1,1785534441
2026-07-31T21:48:45Z,583,2,0,20,1,0,1,1,1,1785534211
2026-07-31T21:48:45Z,584,2,1,13,4,0,1,1,1,1785534189
2026-07-31T21:48:45Z,585,0,0,26,0,1,1,1,1,1785534334
2026-07-31T21:48:45Z,586,24,2,11,0,0,1,1,1,1785534230
2026-07-31T21:48:45Z,587,4,0,19,1,0,1,1,1,1785534426
2026-07-31T21:48:45Z,588,10,3,6,2,1,1,1,1,1785534291
2026-07-31T21:48:45Z,589,5,0,17,0,0,1,1,1,1785534442
2026-07-31T21:48:45Z,590,7,1,23,1,0,1,1,1,1785534262
2026-07-31T21:48:45Z,591,4,3,24,2,0,1,1,1,1785534432
2026-07-31T21:48:45Z,592,10,0,13,0,0,1,1,1,1785534465
2026-07-31T21:48:45Z,593,14,4,24,0,0,1,1,1,1785534211
2026-07-31T21:48:45Z,594,18,1,2,1,0,1,1,1,1785534494
2026-07-31T21:48:45Z,595,0,0,3,0,0,0,1,1,1784046673
2026-07-31T21:48:45Z,605,0,0,2,1,0,0,1,1,1783975843
2026-07-31T21:48:45Z,606,0,0,0,0,0,0,1,1,86400
2026-07-31T21:48:45Z,607,12,3,18,2,0,1,1,1,1785534219
2026-07-31T21:48:45Z,608,41,0,9,0,0,1,1,1,1785534503
2026-07-31T21:48:45Z,609,1,1,22,0,0,1,1,1,1785533593
2026-07-31T21:48:45Z,610,13,0,21,1,0,1,1,1,1785534329
2026-07-31T21:48:45Z,611,17,2,9,1,0,1,1,1,1785534306
2026-07-31T21:48:45Z,612,8,1,7,0,0,1,1,1,1785533466
2026-07-31T21:48:45Z,613,12,4,0,3,0,1,1,1,1785530289
2026-07-31T21:48:45Z,614,6,5,18,2,1,1,1,1,1785534243
2026-07-31T21:48:45Z,617,8,1,4,3,0,1,1,1,1785534135
2026-07-31T21:48:45Z,618,10,1,3,6,0,1,1,1,1785534404
2026-07-31T21:48:45Z,619,7,3,12,0,0,1,1,1,1785534056
2026-07-31T21:48:45Z,620,9,0,17,1,0,1,1,1,1785534212
2026-07-31T21:48:45Z,621,6,3,17,0,0,1,1,1,1785534450
2026-07-31T21:48:45Z,622,12,1,10,1,0,1,1,1,1785534504
2026-07-31T21:48:45Z,623,19,4,9,2,0,1,1,1,1785534515
2026-07-31T21:48:45Z,624,0,0,15,0,0,1,1,1,1785534424
2026-07-31T21:48:45Z,625,15,3,1,5,0,1,1,1,1785534459
2026-07-31T21:48:45Z,626,38,0,7,0,2,1,1,1,1785534432
2026-07-31T21:48:45Z,627,15,4,4,0,0,1,1,1,1785534376
2026-07-31T21:48:45Z,628,2,2,14,2,1,1,1,1,1785533935
2026-07-31T21:48:45Z,629,2,1,7,2,0,1,1,1,1785534446
2026-07-31T21:48:45Z,630,0,0,23,4,0,1,1,1,1785534310
2026-07-31T21:48:45Z,631,6,5,17,0,0,1,1,1,1785534301
2026-07-31T21:48:45Z,632,18,1,3,2,0,1,1,1,1785532871
2026-07-31T21:48:45Z,633,11,3,1,3,0,1,1,1,1785530006
2026-07-31T21:48:45Z,634,12,2,7,0,0,1,1,1,1785532442
2026-07-31T21:48:45Z,635,18,1,1,0,0,1,1,1,1785533338
2026-07-31T21:48:45Z,636,7,2,8,0,0,1,1,1,1785526430
2026-07-31T21:48:45Z,637,9,2,8,2,0,1,1,1,1785531990
2026-07-31T21:48:45Z,638,7,2,10,2,0,1,1,1,1785533412
2026-07-31T21:48:45Z,639,11,2,6,2,0,1,1,1,1785534059
2026-07-31T21:48:45Z,640,7,6,14,2,0,1,1,1,1785534343
2026-07-31T21:48:45Z,641,2,0,25,0,0,1,1,1,1785534507
2026-07-31T21:48:45Z,642,8,4,3,8,0,1,1,1,1785534513
2026-07-31T21:48:45Z,643,2,0,17,8,0,1,1,1,1785534512
2026-07-31T21:48:45Z,644,13,1,1,1,0,1,1,1,1785533615
2026-07-31T21:48:45Z,645,15,1,6,1,1,1,1,1,1785533150
2026-07-31T21:48:45Z,646,4,1,15,0,0,1,1,1,1785533859
2026-07-31T21:48:45Z,647,5,0,26,0,0,1,1,1,1785533760
2026-07-31T21:48:45Z,648,4,0,14,1,0,1,1,1,1785531767
2026-07-31T21:48:45Z,649,0,0,30,1,0,1,1,1,1785533342
2026-07-31T21:48:45Z,650,4,1,10,0,0,1,1,1,1785533768
2026-07-31T21:48:45Z,651,7,7,16,0,0,1,1,1,1785534077
2026-07-31T21:48:45Z,652,4,2,16,3,0,1,1,1,1785534287
2026-07-31T21:48:45Z,653,3,1,15,1,0,1,1,1,1785534029
2026-07-31T21:48:45Z,654,0,0,15,0,0,1,1,1,1785534379
2026-07-31T21:48:45Z,655,8,4,0,4,1,1,1,1,1785534476
2026-07-31T21:48:45Z,656,2,1,17,0,0,1,1,1,1785534401
2026-07-31T21:48:45Z,657,11,4,2,2,2,1,1,1,1785534237
2026-07-31T21:48:45Z,658,9,1,1,0,0,1,1,1,1785533651
2026-07-31T21:48:45Z,659,7,5,6,2,0,1,1,1,1785529408
2026-07-31T21:48:45Z,660,19,5,8,4,0,1,1,1,1785534232
2026-07-31T21:48:45Z,661,7,3,12,0,0,1,1,1,1785534513
2026-07-31T21:48:45Z,662,5,2,14,4,0,1,1,1,1785533873
2026-07-31T21:48:45Z,663,2,1,13,0,0,1,1,1,1785534444
2026-07-31T21:48:45Z,664,14,0,13,0,0,1,1,1,1785533432
2026-07-31T21:48:45Z,665,9,4,6,0,0,1,1,1,1785532275
2026-07-31T21:48:45Z,666,6,2,6,3,0,1,1,1,1785533165
2026-07-31T21:48:45Z,667,7,2,10,2,0,1,1,1,1785534501
2026-07-31T21:48:45Z,668,8,1,11,0,0,1,1,1,1785534509
2026-07-31T21:48:45Z,669,8,3,4,2,0,1,1,1,1785534496
2026-07-31T21:48:45Z,670,19,0,7,1,0,1,1,1,1785533911
2026-07-31T21:48:45Z,671,26,4,1,0,0,1,1,1,1785534459
2026-07-31T21:48:45Z,672,9,1,10,3,1,1,1,1,1785534324
2026-07-31T21:48:45Z,673,11,0,12,0,0,1,1,1,1785534329
2026-07-31T21:48:45Z,674,3,0,18,2,0,1,1,1,1785534476
2026-07-31T21:48:45Z,675,1,1,12,2,0,1,1,1,1785532946
2026-07-31T21:48:45Z,676,7,0,14,1,0,1,1,1,1785534208
2026-07-31T21:48:45Z,681,11,4,3,0,1,1,1,1,1785534480
2026-07-31T21:48:45Z,682,6,1,13,0,0,1,1,1,1785534288
2026-07-31T21:48:45Z,683,1,1,18,0,0,1,1,1,1785527602
2026-07-31T21:48:45Z,684,3,1,24,0,0,1,1,1,1785518528
2026-07-31T21:48:45Z,685,5,0,20,1,1,1,1,1,1785534297
2026-07-31T21:48:45Z,686,10,0,14,3,0,1,1,1,1785534291
2026-07-31T21:48:45Z,687,12,1,17,1,1,1,1,1,1785534316
2026-07-31T21:48:45Z,688,13,1,6,0,0,1,1,1,1785534143
2026-07-31T21:48:45Z,692,1,1,20,0,0,1,1,1,1785534259
2026-07-31T21:48:45Z,693,6,0,2,3,0,1,1,1,1785534253
2026-07-31T21:48:45Z,694,9,4,12,0,0,1,1,1,1785534118
2026-07-31T21:48:45Z,695,3,2,19,1,0,1,1,1,1785534443
2026-07-31T21:48:45Z,696,14,11,9,0,0,1,1,1,1785534275
2026-07-31T21:48:45Z,697,17,3,6,0,0,1,1,1,1785534279
2026-07-31T21:48:45Z,698,25,2,2,0,0,1,1,1,1785534495
2026-07-31T21:48:45Z,699,5,0,9,1,0,1,1,1,1785532827
2026-07-31T21:48:45Z,700,14,0,3,2,0,1,1,1,1785534452
2026-07-31T21:48:45Z,701,15,3,4,0,0,1,1,1,1785534265
2026-07-31T21:48:45Z,702,3,1,19,1,0,1,1,1,1785534316
2026-07-31T21:48:45Z,704,4,0,11,0,0,1,1,1,1785534465
2026-07-31T21:48:45Z,705,1,0,14,0,0,1,1,1,1785534127
2026-07-31T21:48:45Z,706,4,1,9,2,0,1,1,1,1785534195
2026-07-31T21:48:45Z,707,7,1,8,0,0,1,1,1,1785532948
2026-07-31T21:48:45Z,708,16,1,2,1,0,1,1,1,1785534070
2026-07-31T21:48:45Z,709,4,0,8,3,0,1,1,1,1785533111
2026-07-31T21:48:45Z,710,2,0,16,1,0,1,1,1,1785534292
2026-07-31T21:48:45Z,711,6,2,14,3,0,1,1,1,1785534460
2026-07-31T21:48:45Z,712,6,6,8,1,0,1,1,1,1785534223
2026-07-31T21:48:45Z,713,2,1,21,0,0,1,1,1,1785534446
2026-07-31T21:48:45Z,716,4,3,11,0,0,1,1,1,1785532735
2026-07-31T21:48:45Z,717,3,1,20,2,0,1,1,1,1785533525
2026-07-31T21:48:45Z,718,5,1,8,2,0,1,1,1,1785534325
2026-07-31T21:48:45Z,719,4,0,25,0,0,1,1,1,1785534178
2026-07-31T21:48:45Z,720,0,0,19,0,0,1,1,1,1785533002
2026-07-31T21:48:45Z,721,6,0,14,3,0,1,1,1,1785534490
2026-07-31T21:48:45Z,722,7,1,8,0,0,1,1,1,1785532777
2026-07-31T21:48:45Z,723,14,2,9,0,0,1,1,1,1785532989
2026-07-31T21:48:45Z,724,11,3,12,0,0,1,1,1,1785534029
2026-07-31T21:48:45Z,725,0,0,22,1,0,1,1,1,1785533729
2026-07-31T21:48:45Z,726,9,0,9,1,0,1,1,1,1785534488
2026-07-31T21:48:45Z,727,10,5,12,1,0,1,1,1,1785533851
2026-07-31T21:48:45Z,728,9,0,5,1,0,1,1,1,1785533306
2026-07-31T21:48:45Z,729,5,1,14,0,0,1,1,1,1785534453
2026-07-31T21:48:45Z,730,0,0,12,3,0,1,1,1,1785533905
2026-07-31T21:48:45Z,731,4,3,9,2,0,1,1,1,1785533576
2026-07-31T21:48:45Z,732,3,2,12,0,0,1,1,1,1785534062
2026-07-31T21:48:45Z,733,11,2,16,0,0,1,1,1,1785534008
2026-07-31T21:48:45Z,734,3,0,11,0,0,1,1,1,1785534161
2026-07-31T21:48:45Z,735,21,10,6,0,0,1,1,1,1785534342
2026-07-31T21:48:45Z,736,12,1,7,0,0,1,1,1,1785533480
2026-07-31T21:48:45Z,737,2,1,12,0,1,1,1,1,1785533530
2026-07-31T21:48:45Z,738,14,4,5,0,0,1,1,1,1785533872
2026-07-31T21:48:45Z,739,17,0,9,1,0,1,1,1,1785533234
2026-07-31T21:48:45Z,741,7,0,16,0,0,1,1,1,1785533375
2026-07-31T21:48:45Z,742,10,7,24,1,0,1,1,1,1785534470
2026-07-31T21:48:45Z,743,5,2,14,0,0,1,1,1,1785533254
2026-07-31T21:48:45Z,744,10,2,5,0,0,1,1,1,1785533467
2026-07-31T21:48:45Z,745,12,4,7,0,0,1,1,1,1785534074
2026-07-31T21:48:45Z,746,2,0,20,1,0,1,1,1,1785534498
2026-07-31T21:48:45Z,747,0,0,4,0,0,0,1,1,1783446606
2026-07-31T21:48:45Z,748,8,0,15,0,0,1,1,1,1785532813
2026-07-31T21:48:45Z,749,2,0,21,0,0,1,1,1,1785534515
2026-07-31T21:48:45Z,750,6,3,3,2,0,1,1,1,1785534384
2026-07-31T21:48:45Z,751,18,14,5,0,0,1,1,1,1785534431
2026-07-31T21:48:45Z,752,2,0,14,1,0,1,1,1,1785533485
2026-07-31T21:48:45Z,753,1,0,13,1,0,1,1,1,1785534135
2026-07-31T21:48:45Z,754,5,1,10,0,0,1,1,1,1785534215
2026-07-31T21:48:45Z,755,14,4,8,1,0,1,1,1,1785534485
2026-07-31T21:48:45Z,756,5,4,31,1,0,1,1,1,1785533765
2026-07-31T21:48:45Z,757,2,0,17,0,0,1,1,1,1785533950
2026-07-31T21:48:45Z,758,3,2,19,1,0,1,1,1,1785534454
2026-07-31T21:48:45Z,759,0,0,0,0,0,1,1,1,86400
2026-07-31T21:48:45Z,760,9,2,10,0,0,1,1,1,1785531870
2026-07-31T21:48:45Z,761,2,1,21,0,0,1,1,1,1785534375
2026-07-31T21:48:45Z,762,4,2,6,5,0,1,1,1,1785533058
2026-07-31T21:48:45Z,768,7,0,8,4,0,1,1,1,1785534203
2026-07-31T21:48:45Z,769,12,10,6,1,0,1,1,1,1785534500
2026-07-31T21:48:45Z,770,6,2,11,2,0,1,1,1,1785533614
2026-07-31T21:48:45Z,771,12,1,2,1,0,1,1,1,1785534193
2026-07-31T21:48:45Z,772,1,0,14,0,0,1,1,1,1785534276
2026-07-31T21:48:45Z,773,16,2,3,0,0,1,1,1,1785533744
2026-07-31T21:48:45Z,774,7,1,4,4,0,1,1,1,1785533343
2026-07-31T21:48:45Z,775,6,1,11,1,1,1,1,1,1785533232
2026-07-31T21:48:45Z,776,1,0,19,1,0,1,1,1,1785533840
2026-07-31T21:48:45Z,777,14,5,1,0,0,1,1,1,1785533893
2026-07-31T21:48:45Z,778,13,0,6,0,0,1,1,1,1785534098
2026-07-31T21:48:45Z,779,6,0,12,1,0,1,1,1,1785532732
2026-07-31T21:48:45Z,780,7,2,12,0,0,1,1,1,1785534377
2026-07-31T21:48:45Z,781,3,1,6,2,0,1,1,1,1785534165
2026-07-31T21:48:45Z,782,0,0,15,4,0,1,1,1,1785533265
2026-07-31T21:48:45Z,783,6,2,13,0,0,1,1,1,1785534310
2026-07-31T21:48:45Z,784,4,0,15,0,0,1,1,1,1785533929
2026-07-31T21:48:45Z,785,10,2,3,6,0,1,1,1,1785533685
2026-07-31T21:48:45Z,786,10,5,9,0,0,1,1,1,1785534201
2026-07-31T21:48:45Z,787,4,3,10,1,0,1,1,1,1785534022
2026-07-31T21:48:45Z,788,6,1,9,0,0,1,1,1,1785533411
2026-07-31T21:48:45Z,789,7,2,4,4,0,1,1,1,1785533187
2026-07-31T21:48:45Z,790,2,0,21,0,0,1,1,1,1785533702
2026-07-31T21:48:45Z,791,10,1,8,0,1,1,1,1,1785533750
2026-07-31T21:48:45Z,793,4,0,10,1,0,1,1,1,1785533309
2026-07-31T21:48:45Z,794,12,2,15,2,0,1,1,1,1785534465
2026-07-31T21:48:45Z,796,6,3,12,1,0,1,1,1,1785533352
2026-07-31T21:48:45Z,797,3,1,12,0,0,1,1,1,1785534474
2026-07-31T21:48:45Z,798,18,0,6,1,0,1,1,1,1785533154
2026-07-31T21:48:45Z,799,13,2,2,4,0,1,1,1,1785533972
2026-07-31T21:48:45Z,800,0,0,20,1,0,1,1,1,1785534030
2026-07-31T21:48:45Z,801,3,2,17,1,0,1,1,1,1785533669
2026-07-31T21:48:45Z,802,9,0,22,0,0,1,1,1,1785533433
2026-07-31T21:48:45Z,803,2,0,13,0,0,1,1,1,1785532949
2026-07-31T21:48:45Z,806,5,3,9,1,0,1,1,1,1785533710
2026-07-31T21:48:45Z,807,11,5,11,3,0,1,1,1,1785534143
2026-07-31T21:48:45Z,808,19,6,4,2,0,1,1,1,1785533119
2026-07-31T21:48:45Z,809,4,1,18,1,0,1,1,1,1785533205
2026-07-31T21:48:45Z,810,4,2,13,2,0,1,1,1,1785533570
2026-07-31T21:48:45Z,815,8,3,2,4,1,1,1,1,1785533517
2026-07-31T21:48:45Z,817,9,5,6,0,0,1,1,1,1785534303
2026-07-31T21:48:45Z,818,6,1,17,0,0,1,1,1,1785533833
2026-07-31T21:48:45Z,819,7,4,8,0,0,1,1,1,1785532837
2026-07-31T21:48:45Z,820,10,0,7,0,0,1,1,1,1785534175
2026-07-31T21:48:45Z,821,4,3,11,0,0,1,1,1,1785534112
2026-07-31T21:48:45Z,822,2,0,20,1,0,1,1,1,1785534503
2026-07-31T21:48:45Z,823,15,2,0,0,0,1,1,1,1785532848
2026-07-31T21:48:45Z,824,8,4,11,0,0,1,1,1,1785534450
2026-07-31T21:48:45Z,825,5,4,9,1,0,1,1,1,1785533040
2026-07-31T21:48:45Z,826,7,1,10,2,0,1,1,1,1785534169
2026-07-31T21:48:45Z,827,18,4,1,2,0,1,1,1,1785533798
2026-07-31T21:48:45Z,828,13,1,3,2,0,1,1,1,1785533548
2026-07-31T21:48:45Z,829,17,6,10,0,0,1,1,1,1785534484
2026-07-31T21:48:45Z,830,14,0,8,1,0,1,1,1,1785534151
2026-07-31T21:48:45Z,831,5,3,8,2,0,1,1,1,1785533493
2026-07-31T21:48:45Z,832,7,3,8,3,0,1,1,1,1785534485
2026-07-31T21:48:45Z,833,3,1,15,1,0,1,1,1,1785534453
2026-07-31T21:48:45Z,834,16,0,7,1,0,1,1,1,1785534466
2026-07-31T21:48:45Z,835,6,1,10,2,0,1,1,1,1785534186
2026-07-31T21:48:45Z,838,3,2,11,1,0,1,1,1,1785534351
2026-07-31T21:48:45Z,839,16,0,12,1,0,1,1,1,1785534486
2026-07-31T21:48:45Z,840,0,0,28,1,0,1,1,1,1785534087
2026-07-31T21:48:45Z,841,8,2,7,0,0,1,1,1,1785534511
2026-07-31T21:48:45Z,842,1,0,22,0,0,1,1,1,1785534443
2026-07-31T21:48:45Z,843,14,2,17,0,0,1,1,1,1785533005
2026-07-31T21:48:45Z,844,4,0,19,0,0,1,1,1,1785532900
2026-07-31T21:48:45Z,845,4,3,13,2,0,1,1,1,1785532972
2026-07-31T21:48:45Z,846,4,2,14,1,0,1,1,1,1785533924
2026-07-31T21:48:45Z,847,6,1,20,1,0,1,1,1,1785533832
2026-07-31T21:48:45Z,848,4,3,14,1,0,1,1,1,1785534434
2026-07-31T21:48:45Z,849,6,0,8,1,0,1,1,1,1785534374
2026-07-31T21:48:45Z,850,6,0,5,0,0,1,1,1,1785534010
2026-07-31T21:48:45Z,851,4,4,30,3,0,1,1,1,1785534071
2026-07-31T21:48:45Z,852,9,3,10,0,0,1,1,1,1785534465
2026-07-31T21:48:45Z,853,11,5,12,0,0,1,1,1,1785533631
2026-07-31T21:48:45Z,854,1,1,14,0,0,1,1,1,1785534365
2026-07-31T21:48:45Z,855,26,0,1,0,0,1,1,1,1785533207
2026-07-31T21:48:45Z,857,4,4,12,3,0,1,1,1,1785534347
2026-07-31T21:48:45Z,858,5,2,13,1,0,1,1,1,1785533377
2026-07-31T21:48:45Z,859,8,0,12,1,0,1,1,1,1785533558
2026-07-31T21:48:45Z,861,6,0,4,1,0,1,1,1,1785528609
2026-07-31T21:48:45Z,862,4,2,11,0,0,1,1,1,1785532743
2026-07-31T21:48:45Z,863,13,0,5,1,0,1,1,1,1785529013
2026-07-31T21:48:45Z,866,11,1,8,0,0,1,1,1,1785534505
2026-07-31T21:48:45Z,867,14,2,1,0,0,1,1,1,1785534158
2026-07-31T21:48:45Z,868,7,0,8,0,0,1,1,1,1785534411
2026-07-31T21:48:45Z,870,8,5,7,0,0,1,1,1,1785532825
2026-07-31T21:48:45Z,871,0,0,10,1,0,1,1,1,1785533962
2026-07-31T21:48:45Z,872,1,0,13,1,0,1,1,1,1785532734
2026-07-31T21:48:45Z,873,8,1,22,3,0,1,1,1,1785534511
2026-07-31T21:48:45Z,874,7,0,5,3,0,1,1,1,1785534442
2026-07-31T21:48:45Z,875,13,9,1,1,0,1,1,1,1785533854
2026-07-31T21:48:45Z,877,13,12,6,0,0,1,1,1,1785534241
2026-07-31T21:48:45Z,878,3,3,16,0,0,1,1,1,1785532997
2026-07-31T21:48:45Z,879,2,0,17,0,0,1,1,1,1785533846
2026-07-31T21:48:45Z,880,3,0,19,1,0,1,1,1,1785533852
2026-07-31T21:48:45Z,881,3,0,16,0,0,1,1,1,1785533713
2026-07-31T21:48:45Z,882,9,3,9,1,0,1,1,1,1785534469
2026-07-31T21:48:45Z,883,7,3,12,0,0,1,1,1,1785533324
2026-07-31T21:48:45Z,884,11,7,10,0,0,1,1,1,1785534263
2026-07-31T21:48:45Z,885,0,0,19,0,0,1,1,1,1785534476
2026-07-31T21:48:45Z,886,5,0,23,1,0,1,1,1,1785534470
2026-07-31T21:48:45Z,887,6,2,8,3,0,1,1,1,1785534028
2026-07-31T21:48:45Z,888,6,1,32,3,0,1,1,1,1785534442
2026-07-31T21:48:45Z,889,1,0,16,2,0,1,1,1,1785534172
2026-07-31T21:48:45Z,890,8,4,7,0,0,1,1,1,1785527402
2026-07-31T21:48:45Z,891,18,0,4,1,0,1,1,1,1785534023
2026-07-31T21:48:45Z,892,11,1,4,0,0,1,1,1,1785534415
2026-07-31T21:48:45Z,895,3,0,16,0,0,1,1,1,1785534035
2026-07-31T21:48:45Z,896,9,2,26,0,0,1,1,1,1785532881
2026-07-31T21:48:45Z,897,16,1,5,0,0,1,1,1,1785533750
2026-07-31T21:48:45Z,898,2,0,17,0,0,1,1,1,1785534388
2026-07-31T21:48:45Z,899,1,0,17,1,0,1,1,1,1785534449
2026-07-31T21:48:45Z,900,6,0,20,1,0,1,1,1,1785534471
2026-07-31T21:48:45Z,901,1,0,17,1,0,1,1,1,1785533523
2026-07-31T21:48:45Z,902,5,1,10,0,0,1,1,1,1785534290
2026-07-31T21:48:45Z,903,7,2,11,1,0,1,1,1,1785533875
2026-07-31T21:48:45Z,904,10,4,8,1,0,1,1,1,1785532977
2026-07-31T21:48:45Z,905,13,0,14,0,0,1,1,1,1785534206
2026-07-31T21:48:45Z,906,17,8,9,1,0,1,1,1,1785534391
2026-07-31T21:48:45Z,907,7,0,24,0,0,1,1,1,1785533877
2026-07-31T21:48:45Z,908,12,2,11,0,0,1,1,1,1785533592
2026-07-31T21:48:45Z,909,9,8,14,0,0,1,1,1,1785534506
2026-07-31T21:48:45Z,910,21,0,6,4,0,1,1,1,1785534405
2026-07-31T21:48:45Z,911,4,1,15,0,0,1,1,1,1785534321
2026-07-31T21:48:45Z,912,6,1,16,1,0,1,1,1,1785534474
2026-07-31T21:48:45Z,913,6,4,13,0,0,1,1,1,1785533504
2026-07-31T21:48:45Z,914,16,1,1,2,0,1,1,1,1785534482
2026-07-31T21:48:45Z,915,16,1,4,3,0,1,1,1,1785534447
2026-07-31T21:48:45Z,916,4,0,19,0,0,1,1,1,1785534492
2026-07-31T21:48:45Z,917,7,0,27,1,0,1,1,1,1785533946
2026-07-31T21:48:45Z,918,1,0,16,2,0,1,1,1,1785534435
2026-07-31T21:48:45Z,919,27,0,10,2,0,1,1,1,1785534490
2026-07-31T21:48:45Z,920,7,2,12,0,0,1,1,1,1785533284
2026-07-31T21:48:45Z,921,12,0,9,0,0,1,1,1,1785534488
2026-07-31T21:48:45Z,922,0,0,21,0,0,1,1,1,1785533523
2026-07-31T21:48:45Z,923,9,4,10,0,0,1,1,1,1785534380
2026-07-31T21:48:45Z,924,5,0,15,1,0,1,1,1,1785533679
2026-07-31T21:48:45Z,925,11,0,10,0,0,1,1,1,1785533185
2026-07-31T21:48:45Z,926,2,0,19,0,0,1,1,1,1785534180
2026-07-31T21:48:45Z,927,25,2,10,0,0,1,1,1,1785534245
2026-07-31T21:48:45Z,928,0,0,19,0,0,0,1,1,1785500252
2026-07-31T21:48:45Z,929,15,0,7,1,0,1,1,1,1785534510
2026-07-31T21:48:45Z,930,8,0,22,1,0,1,1,1,1785533117
2026-07-31T21:48:45Z,931,9,3,13,1,0,1,1,1,1785534516
2026-07-31T21:48:45Z,932,11,0,6,2,0,1,1,1,1785534504
2026-07-31T21:48:45Z,933,2,1,19,2,0,1,1,1,1785534499
2026-07-31T21:48:45Z,934,27,0,3,1,0,1,1,1,1785534473
2026-07-31T21:48:45Z,935,10,0,8,1,0,1,1,1,1785534405
2026-07-31T21:48:45Z,936,5,0,14,0,0,1,1,1,1785534152
2026-07-31T21:48:45Z,940,6,0,4,1,0,1,1,1,1785534507
2026-07-31T21:48:45Z,941,17,2,5,3,0,1,1,1,1785534054
2026-07-31T21:48:45Z,942,13,0,8,0,0,1,1,1,1785534338
2026-07-31T21:48:45Z,943,8,8,7,0,0,1,1,1,1785532815
2026-07-31T21:48:45Z,944,10,8,5,0,0,1,1,1,1785534476
2026-07-31T21:48:45Z,945,10,8,5,0,0,1,1,1,1785534000
2026-07-31T21:48:45Z,946,7,5,12,0,0,1,1,1,1785523835
2026-07-31T21:48:45Z,947,5,3,12,0,0,1,1,1,1785534499
2026-07-31T21:48:45Z,948,19,14,8,4,0,1,1,1,1785534333
2026-07-31T21:48:45Z,949,2,1,12,1,0,1,1,1,1785534516
2026-07-31T21:48:45Z,950,7,3,9,1,0,1,1,1,1785534508
2026-07-31T21:48:45Z,951,18,7,5,0,0,1,1,1,1785534129
2026-07-31T21:48:45Z,952,20,0,34,1,0,1,1,1,1785534504
2026-07-31T21:48:45Z,953,1,0,13,1,0,1,1,1,1785533985
2026-07-31T21:48:45Z,954,7,0,12,0,0,1,1,1,1785534330
2026-07-31T21:48:45Z,955,7,4,14,6,0,1,1,1,1785534132
2026-07-31T21:48:45Z,956,13,0,8,2,0,1,1,1,1785534471
2026-07-31T21:48:45Z,957,16,1,12,1,0,1,1,1,1785534491
2026-07-31T21:48:45Z,958,23,1,6,2,0,1,1,1,1785534511
2026-07-31T21:48:45Z,959,5,1,17,1,0,1,1,1,1785534452
2026-07-31T21:48:45Z,960,1,0,22,0,0,1,1,1,1785534213
2026-07-31T21:48:45Z,961,3,0,17,3,0,1,1,1,1785534310
2026-07-31T21:48:45Z,962,7,1,25,3,0,1,1,1,1785533860
2026-07-31T21:48:45Z,963,2,0,20,1,0,1,1,1,1785534247
2026-07-31T21:48:45Z,964,12,10,11,0,0,1,1,1,1785534357
2026-07-31T21:48:45Z,965,11,6,15,1,0,1,1,1,1785533082
2026-07-31T21:48:45Z,966,8,0,22,1,0,1,1,1,1785534167
2026-07-31T21:48:45Z,967,19,1,0,2,0,1,1,1,1785534393
2026-07-31T21:48:45Z,968,15,0,3,1,0,1,1,1,1785534515
2026-07-31T21:48:45Z,969,3,0,22,2,0,1,1,1,1785533858
2026-07-31T21:48:45Z,970,0,0,18,1,0,1,1,1,1785534022
2026-07-31T21:48:45Z,971,2,0,20,1,0,1,1,1,1785534427
2026-07-31T21:48:45Z,972,11,4,11,1,0,1,1,1,1785534514
2026-07-31T21:48:45Z,973,5,0,17,1,0,1,1,1,1785534232
2026-07-31T21:48:45Z,974,16,0,10,1,0,1,1,1,1785534376
2026-07-31T21:48:45Z,977,2,0,17,2,0,1,1,1,1785534363
2026-07-31T21:48:45Z,978,19,0,4,0,0,1,1,1,1785534465
2026-07-31T21:48:45Z,979,0,0,17,0,0,1,1,1,1785533292
2026-07-31T21:48:45Z,980,0,0,20,1,0,1,1,1,1785534123
2026-07-31T21:48:45Z,981,7,0,14,0,0,1,1,1,1785534377
2026-07-31T21:48:45Z,982,4,1,14,1,0,1,1,1,1785532740
2026-07-31T21:48:45Z,983,2,2,21,0,0,1,1,1,1785533207
2026-07-31T21:48:45Z,984,6,0,17,0,0,1,1,1,1785534365
2026-07-31T21:48:45Z,985,12,1,18,1,0,1,1,1,1785534489
2026-07-31T21:48:45Z,986,4,0,15,0,0,1,1,1,1785533962
2026-07-31T21:48:45Z,987,7,1,16,0,0,1,1,1,1785533320
2026-07-31T21:48:45Z,988,6,4,13,0,0,1,1,1,1785532913
2026-07-31T21:48:45Z,989,7,4,12,0,0,1,1,1,1785533710
2026-07-31T21:48:45Z,990,11,0,3,1,0,1,1,1,1785534213
2026-07-31T21:48:45Z,991,9,0,9,1,0,1,1,1,1785534465
2026-07-31T21:48:45Z,992,9,5,14,0,0,1,1,1,1785533535
2026-07-31T21:48:45Z,993,3,3,23,1,0,1,1,1,1785534059
2026-07-31T21:48:45Z,994,0,0,21,0,0,1,1,1,1785533782
2026-07-31T21:48:45Z,995,7,1,20,0,0,1,1,1,1785534116
2026-07-31T21:48:45Z,996,8,2,15,0,0,1,1,1,1785532822
2026-07-31T21:48:45Z,997,5,4,6,9,3,1,1,1,1785533514
2026-07-31T21:48:45Z,998,5,4,18,0,0,1,1,1,1785533080
2026-07-31T21:48:45Z,999,4,1,15,1,1,1,1,1,1785532944
2026-07-31T21:48:45Z,1000,3,2,18,0,0,1,1,1,1785534365
2026-07-31T21:48:45Z,1001,5,3,22,0,0,1,1,1,1785533147
2026-07-31T21:48:45Z,1002,3,2,27,1,0,1,1,1,1785533180
2026-07-31T21:48:45Z,1003,1,0,22,0,0,1,1,1,1785532717
2026-07-31T21:48:45Z,1004,8,2,15,0,0,1,1,1,1785534022
2026-07-31T21:48:45Z,1005,20,1,3,0,0,1,1,1,1785532907
2026-07-31T21:48:45Z,1006,8,4,11,0,0,1,1,1,1785532713
2026-07-31T21:48:45Z,1007,1,1,20,0,0,1,1,1,1785534173
2026-07-31T21:48:45Z,1008,8,7,15,0,0,1,1,1,1785533712
2026-07-31T21:48:45Z,1009,22,5,8,1,0,1,1,1,1785533622
2026-07-31T21:48:45Z,1010,8,2,19,0,0,1,1,1,1785534440
2026-07-31T21:48:45Z,1011,7,2,10,2,0,1,1,1,1785533084
2026-07-31T21:48:45Z,1012,5,3,16,2,0,1,1,1,1785534497
2026-07-31T21:48:45Z,1013,4,1,18,1,0,1,1,1,1785533238
2026-07-31T21:48:45Z,1014,9,4,14,0,0,1,1,1,1785534045
2026-07-31T21:48:45Z,1015,4,3,26,1,0,1,1,1,1785533556
2026-07-31T21:48:45Z,1016,10,5,21,0,0,1,1,1,1785534453
2026-07-31T21:48:45Z,1017,13,5,8,0,0,1,1,1,1785533888
2026-07-31T21:48:45Z,1018,6,2,16,0,0,1,1,1,1785532758
2026-07-31T21:48:45Z,1019,8,5,7,0,0,1,1,1,1785534436
2026-07-31T21:48:45Z,1020,19,5,2,0,0,1,1,1,1785533753
2026-07-31T21:48:45Z,1021,9,4,6,0,0,1,1,1,1785533423
2026-07-31T21:48:45Z,1022,14,0,13,0,0,1,1,1,1785532892
2026-07-31T21:48:45Z,1023,14,2,9,0,0,1,1,1,1785534330
2026-07-31T21:48:45Z,1024,3,1,16,0,0,1,1,1,1785533880
2026-07-31T21:48:45Z,1025,4,0,14,0,1,1,1,1,1785532872
2026-07-31T21:48:45Z,1026,11,9,19,1,0,1,1,1,1785534236
2026-07-31T21:48:45Z,1028,3,1,20,0,0,1,1,1,1785532853
2026-07-31T21:48:45Z,1029,12,10,3,0,0,1,1,1,1785533733
2026-07-31T21:48:45Z,1030,13,4,10,0,0,1,1,1,1785533549
2026-07-31T21:48:45Z,1031,9,1,10,0,0,1,1,1,1785533854
2026-07-31T21:48:45Z,1032,7,1,12,0,0,1,1,1,1785532711
2026-07-31T21:48:45Z,1033,9,5,10,0,0,1,1,1,1785533535
2026-07-31T21:48:45Z,1034,3,0,12,0,0,1,1,1,1785534505
2026-07-31T21:48:45Z,1035,0,0,18,1,0,1,1,1,1785534516
2026-07-31T21:48:45Z,1036,13,0,2,0,0,1,1,1,1785533270
2026-07-31T21:48:45Z,1037,0,0,18,1,0,1,1,1,1785533085
2026-07-31T21:48:45Z,1038,1,0,14,0,0,1,1,1,1785534195
2026-07-31T21:48:45Z,1039,7,0,12,0,0,1,1,1,1785532861
2026-07-31T21:48:45Z,1040,8,5,11,0,0,1,1,1,1785533378
2026-07-31T21:48:45Z,1041,10,2,9,0,0,1,1,1,1785534446
2026-07-31T21:48:45Z,1042,3,0,11,1,0,1,1,1,1785534468
2026-07-31T21:48:45Z,1043,8,5,10,1,0,1,1,1,1785533093
2026-07-31T21:48:45Z,1044,1,0,14,0,0,1,1,1,1785534250
2026-07-31T21:48:45Z,1045,9,0,10,0,0,1,1,1,1785534508
2026-07-31T21:48:45Z,1046,9,0,6,0,0,1,1,1,1785533878
2026-07-31T21:48:45Z,1047,4,0,17,0,0,1,1,1,1785533482
2026-07-31T21:48:45Z,1048,1,0,18,0,0,1,1,1,1785534488
2026-07-31T21:48:45Z,1049,0,0,21,0,0,1,1,1,1785532778
2026-07-31T21:48:45Z,1050,20,5,1,0,0,1,1,1,1785533880
2026-07-31T21:48:45Z,1051,8,3,13,0,0,1,1,1,1785533750
2026-07-31T21:48:45Z,1052,16,1,5,1,0,1,1,1,1785534386
2026-07-31T21:48:45Z,1053,2,1,13,0,0,1,1,1,1785534387
2026-07-31T21:48:45Z,1054,5,1,10,0,0,1,1,1,1785532820
2026-07-31T21:48:45Z,1055,9,2,10,0,0,1,1,1,1785532842
2026-07-31T21:48:45Z,1057,5,0,13,1,0,1,1,1,1785534335
2026-07-31T21:48:45Z,1058,10,1,46,0,0,1,1,1,1785534514
2026-07-31T21:48:45Z,1059,1,1,17,1,0,1,1,1,1785534508
2026-07-31T21:48:45Z,1060,15,0,22,0,0,1,1,1,1785534218
2026-07-31T21:48:45Z,1061,18,0,19,0,0,1,1,1,1785534231
2026-07-31T21:48:45Z,1062,9,1,8,0,0,1,1,1,1785534133
2026-07-31T21:48:45Z,1063,12,1,6,1,0,1,1,1,1785532753
2026-07-31T21:48:45Z,1064,3,0,19,1,0,1,1,1,1785533123
2026-07-31T21:48:45Z,1065,16,3,7,0,0,1,1,1,1785533368
2026-07-31T21:48:45Z,1066,12,2,11,0,0,1,1,1,1785533187
2026-07-31T21:48:45Z,1067,8,2,13,2,0,1,1,1,1785533463
2026-07-31T21:48:45Z,1068,5,2,15,3,0,1,1,1,1785533002
2026-07-31T21:48:45Z,1069,12,3,11,0,0,1,1,1,1785533001
2026-07-31T21:48:45Z,1070,12,2,11,0,0,1,1,1,1785533105
2026-07-31T21:48:45Z,1071,8,4,15,0,0,1,1,1,1785533140
2026-07-31T21:48:45Z,1072,11,1,11,1,0,1,1,1,1785533548
2026-07-31T21:48:45Z,1073,8,0,18,1,0,1,1,1,1785534293
2026-07-31T21:48:45Z,1074,24,0,28,1,0,1,1,1,1785533920
2026-07-31T21:48:45Z,1075,8,8,13,0,0,1,1,1,1785533851
2026-07-31T21:48:45Z,1076,13,10,8,0,0,1,1,1,1785533773
2026-07-31T21:48:45Z,1077,12,8,9,0,0,1,1,1,1785533414
2026-07-31T21:48:45Z,1078,12,9,9,0,0,1,1,1,1785534463
2026-07-31T21:48:45Z,1079,14,10,7,0,0,1,1,1,1785534428
2026-07-31T21:48:45Z,1080,11,8,8,2,0,1,1,1,1785534356
2026-07-31T21:48:45Z,1081,13,7,6,0,0,1,1,1,1785533539
2026-07-31T21:48:45Z,1082,12,11,11,0,0,1,1,1,1785534431
2026-07-31T21:48:45Z,1083,12,10,9,0,0,1,1,1,1785532882
2026-07-31T21:48:45Z,1084,9,7,12,0,0,1,1,1,1785534314
2026-07-31T21:48:45Z,1085,12,9,9,0,0,1,1,1,1785534027
2026-07-31T21:48:45Z,1086,11,9,9,1,0,1,1,1,1785532899
2026-07-31T21:48:45Z,1087,7,7,8,0,0,1,1,1,1785533791
2026-07-31T21:48:45Z,1088,9,6,6,0,0,1,1,1,1785533496
2026-07-31T21:48:45Z,1089,7,3,8,0,0,1,1,1,1785529453
2026-07-31T21:48:45Z,1090,6,5,9,0,0,1,1,1,1785533858
2026-07-31T21:48:45Z,1091,7,5,8,0,0,1,1,1,1785533703
2026-07-31T21:48:45Z,1092,9,8,5,1,0,1,1,1,1785533301
2026-07-31T21:48:45Z,1093,5,5,9,1,0,1,1,1,1785533774
2026-07-31T21:48:45Z,1094,10,9,9,0,0,1,1,1,1785534516
2026-07-31T21:48:45Z,1095,10,8,5,0,0,1,1,1,1785534494
2026-07-31T21:48:45Z,1096,9,8,10,0,0,1,1,1,1785534257
2026-07-31T21:48:45Z,1097,8,8,7,0,0,1,1,1,1785533271
2026-07-31T21:48:45Z,1098,9,7,10,0,0,1,1,1,1785534126
2026-07-31T21:48:45Z,1099,7,6,8,0,0,1,1,1,1785534354
2026-07-31T21:48:45Z,1100,6,4,23,0,0,1,1,1,1785532207
2026-07-31T21:48:45Z,1101,10,5,11,0,0,1,1,1,1785534282
2026-07-31T21:48:45Z,1102,9,4,4,0,0,1,1,1,1785533481
2026-07-31T21:48:45Z,1103,11,5,10,0,0,1,1,1,1785503681
2026-07-31T21:48:45Z,1104,11,6,10,0,0,1,1,1,1785534033
2026-07-31T21:48:45Z,1105,8,4,5,0,0,1,1,1,1785533364
2026-07-31T21:48:45Z,1106,10,5,11,0,0,1,1,1,1785534374
2026-07-31T21:48:45Z,1107,9,5,6,0,0,1,1,1,1785532801
2026-07-31T21:48:45Z,1108,9,5,15,2,1,1,1,1,1785533813
2026-07-31T21:48:45Z,1109,7,3,8,0,0,1,1,1,1785532744
2026-07-31T21:48:45Z,1110,11,3,10,0,0,1,1,1,1785533897
2026-07-31T21:48:45Z,1111,7,3,13,1,0,1,1,1,1785534505
2026-07-31T21:48:45Z,1112,21,0,32,0,0,1,1,1,1785534506
2026-07-31T21:48:45Z,1113,1,0,20,0,0,1,1,1,1785533813
2026-07-31T21:48:45Z,1115,14,1,5,4,0,1,1,1,1785534057
2026-07-31T21:48:45Z,1116,2,0,17,0,0,1,1,1,1785532730
2026-07-31T21:48:45Z,1117,2,1,20,1,0,1,1,1,1785534513
2026-07-31T21:48:45Z,1118,17,1,4,0,0,1,1,1,1785534433
2026-07-31T21:48:45Z,1119,7,2,10,0,0,1,1,1,1785533722
2026-07-31T21:48:45Z,1120,5,1,13,1,0,1,1,1,1785532821
2026-07-31T21:48:45Z,1121,8,1,12,1,0,1,1,1,1785534048
2026-07-31T21:48:45Z,1122,6,2,14,1,0,1,1,1,1785534219
2026-07-31T21:48:45Z,1123,12,8,9,2,0,1,1,1,1785534479
2026-07-31T21:48:45Z,1124,5,1,8,2,0,1,1,1,1785534290
2026-07-31T21:48:45Z,1125,16,1,7,0,0,1,1,1,1785533105
2026-07-31T21:48:45Z,1126,5,0,16,0,0,1,1,1,1785534376
2026-07-31T21:48:45Z,1127,6,2,13,0,0,1,1,1,1785534349
2026-07-31T21:48:45Z,1128,1,1,14,0,0,1,1,1,1785534511
2026-07-31T21:48:45Z,1129,3,1,17,1,0,1,1,1,1785534253
2026-07-31T21:48:45Z,1130,11,1,3,1,0,1,1,1,1785534412
2026-07-31T21:48:45Z,1131,1,1,47,1,0,1,1,1,1785534329
2026-07-31T21:48:45Z,1132,9,4,11,1,0,1,1,1,1785534398
2026-07-31T21:48:45Z,1133,5,4,13,3,0,1,1,1,1785534365
2026-07-31T21:48:45Z,1134,12,6,7,0,0,1,1,1,1785533242
2026-07-31T21:48:45Z,1135,12,6,9,0,0,1,1,1,1785534180
2026-07-31T21:48:45Z,1136,14,1,8,1,0,1,1,1,1785533459
2026-07-31T21:48:45Z,1137,12,0,3,0,0,1,1,1,1785534429
2026-07-31T21:48:45Z,1138,3,0,16,0,0,1,1,1,1785534195
2026-07-31T21:48:45Z,1139,12,3,8,1,0,1,1,1,1785533411
2026-07-31T21:48:45Z,1140,7,0,14,2,0,1,1,1,1785534362
2026-07-31T21:48:45Z,1141,6,2,15,0,0,1,1,1,1785534215
2026-07-31T21:48:45Z,1142,3,0,18,0,0,1,1,1,1785533372
2026-07-31T21:48:45Z,1143,29,0,0,0,0,1,1,1,1785534248
2026-07-31T21:48:45Z,1144,7,0,13,1,0,1,1,1,1785534218
2026-07-31T21:48:45Z,1145,11,5,9,1,0,1,1,1,1785533139
2026-07-31T21:48:45Z,1146,3,2,13,3,0,1,1,1,1785534438
2026-07-31T21:48:45Z,1147,13,1,6,0,0,1,1,1,1785534466
2026-07-31T21:48:45Z,1148,13,1,18,0,0,1,1,1,1785534408
2026-07-31T21:48:45Z,1149,2,2,18,5,0,1,1,1,1785534294
2026-07-31T21:48:45Z,1150,3,0,16,0,0,1,1,1,1785534377
2026-07-31T21:48:45Z,1151,7,0,14,0,0,1,1,1,1785533390
2026-07-31T21:48:45Z,1152,3,0,26,0,0,1,1,1,1785532759
2026-07-31T21:48:45Z,1153,19,0,3,1,0,1,1,1,1785533410
2026-07-31T21:48:45Z,1154,4,0,15,0,0,1,1,1,1785533937
2026-07-31T21:48:45Z,1155,8,6,10,3,0,1,1,1,1785534394
2026-07-31T21:48:45Z,1158,3,1,16,0,0,1,1,1,1785534430
2026-07-31T21:48:45Z,1159,12,0,7,0,0,1,1,1,1785532977
2026-07-31T21:48:45Z,1160,9,2,10,0,0,1,1,1,1785533053
2026-07-31T21:48:45Z,1161,3,0,15,1,0,1,1,1,1785533112
2026-07-31T21:48:45Z,1162,4,1,15,0,0,1,1,1,1785533641
2026-07-31T21:48:45Z,1163,2,1,16,1,0,1,1,1,1785532735
2026-07-31T21:48:45Z,1164,5,1,14,0,0,1,1,1,1785532792
2026-07-31T21:48:45Z,1165,1,0,20,0,0,1,1,1,1785533537
2026-07-31T21:48:45Z,1166,13,3,7,1,0,1,1,1,1785533075
2026-07-31T21:48:45Z,1167,4,0,11,0,0,1,1,1,1785534278
2026-07-31T21:48:45Z,1168,3,0,18,2,0,1,1,1,1785533029
2026-07-31T21:48:45Z,1169,3,0,15,1,0,1,1,1,1785534453
2026-07-31T21:48:45Z,1170,7,1,14,0,0,1,1,1,1785533036
2026-07-31T21:48:45Z,1171,9,8,14,0,0,1,1,1,1785532738
2026-07-31T21:48:45Z,1172,5,0,8,2,0,1,1,1,1785532785
2026-07-31T21:48:45Z,1173,13,4,6,0,0,1,1,1,1785532896
2026-07-31T21:48:45Z,1174,6,3,9,0,0,1,1,1,1785534354
2026-07-31T21:48:45Z,1175,5,3,14,0,0,1,1,1,1785531043
2026-07-31T21:48:45Z,1176,8,2,13,0,0,1,1,1,1785533939
2026-07-31T21:48:45Z,1177,3,1,18,0,0,1,1,1,1785533870
2026-07-31T21:48:45Z,1178,5,2,10,0,0,1,1,1,1785534274
2026-07-31T21:48:45Z,1181,15,1,0,0,0,1,1,1,1785534446
2026-07-31T21:48:45Z,1182,15,1,4,1,0,1,1,1,1785534515
2026-07-31T21:48:45Z,1183,18,2,25,2,0,1,1,1,1785534492
2026-07-31T21:48:45Z,1184,4,3,15,2,0,1,1,1,1785534427
2026-07-31T21:48:45Z,1185,10,6,11,0,0,1,1,1,1785534007
2026-07-31T21:48:45Z,1186,9,5,10,0,0,1,1,1,1785533166
2026-07-31T21:48:45Z,1187,10,5,10,1,0,1,1,1,1785533400
2026-07-31T21:48:45Z,1188,10,5,5,0,0,1,1,1,1785532799
2026-07-31T21:48:45Z,1189,7,2,12,0,0,1,1,1,1785534110
2026-07-31T21:48:45Z,1190,9,4,12,0,0,1,1,1,1785534161
2026-07-31T21:48:45Z,1191,10,5,5,0,0,1,1,1,1785532803
2026-07-31T21:48:45Z,1192,11,7,9,1,0,1,1,1,1785532709
2026-07-31T21:48:45Z,1193,6,4,5,2,0,1,1,1,1785533568
2026-07-31T21:48:45Z,1197,9,6,7,1,0,1,1,1,1785534334
2026-07-31T21:48:45Z,1198,13,4,6,2,0,1,1,1,1785533235
2026-07-31T21:48:45Z,1199,3,0,16,0,0,1,1,1,1785533222
2026-07-31T21:48:45Z,1200,9,5,6,0,0,1,1,1,1785532839
2026-07-31T21:48:45Z,1201,9,4,6,0,0,1,1,1,1785532814
2026-07-31T21:48:45Z,1202,10,5,5,0,0,1,1,1,1785532915
2026-07-31T21:48:45Z,1203,11,5,4,0,0,1,1,1,1785532820
2026-07-31T21:48:45Z,1204,7,4,12,0,0,1,1,1,1785534412
2026-07-31T21:48:45Z,1206,11,5,10,0,0,1,1,1,1785533652
2026-07-31T21:48:45Z,1207,8,4,6,1,0,1,1,1,1785533132
2026-07-31T21:48:45Z,1208,10,4,9,0,0,1,1,1,1785533078
2026-07-31T21:48:45Z,1216,8,0,12,1,0,1,1,1,1785533867
2026-07-31T21:48:45Z,1218,4,0,17,0,0,1,1,1,1785534265
2026-07-31T21:48:45Z,1219,2,1,10,3,0,1,1,1,1785532723
2026-07-31T21:48:45Z,1220,17,6,2,0,0,1,1,1,1785534515
2026-07-31T21:48:45Z,1221,1,1,19,1,0,1,1,1,1785533619
2026-07-31T21:48:45Z,1222,11,2,18,0,0,1,1,1,1785534325
2026-07-31T21:48:45Z,1223,28,0,0,1,0,1,1,1,1785534510
2026-07-31T21:48:45Z,1226,0,0,3,0,0,0,1,1,1781868931
2026-07-31T21:48:45Z,1227,6,0,18,1,0,1,1,1,1785534270
2026-07-31T21:48:45Z,1228,0,0,29,0,0,1,1,1,1785534197
2026-07-31T21:48:45Z,1229,43,1,1,1,0,1,1,1,1785534439
2026-07-31T21:53:45Z,1,4,0,19,0,0,1,1,1,1785534743
2026-07-31T21:53:45Z,2,14,0,10,3,0,1,1,1,1785534773
2026-07-31T21:53:45Z,3,12,1,1,1,0,1,1,1,1785534708
2026-07-31T21:53:45Z,4,19,0,2,1,0,1,1,1,1785534718
2026-07-31T21:53:45Z,5,18,4,3,2,0,1,1,1,1785533822
2026-07-31T21:53:45Z,6,5,0,10,0,0,1,1,1,1785534799
2026-07-31T21:53:45Z,7,12,0,27,0,0,1,1,1,1785534410
2026-07-31T21:53:45Z,8,17,2,26,0,0,1,1,1,1785534544
2026-07-31T21:53:45Z,9,19,4,4,0,0,1,1,1,1785534805
2026-07-31T21:53:45Z,10,4,2,17,2,0,1,1,1,1785534538
2026-07-31T21:53:45Z,11,6,0,11,2,0,1,1,1,1785534639
2026-07-31T21:53:45Z,12,22,1,1,0,0,1,1,1,1785534797
2026-07-31T21:53:45Z,13,17,3,13,0,0,1,1,1,1785534330
2026-07-31T21:53:45Z,14,41,0,1,0,1,1,1,1,1785533690
2026-07-31T21:53:45Z,15,0,0,15,0,0,1,1,1,1785534470
2026-07-31T21:53:45Z,16,1,0,23,2,1,1,1,1,1785534159
2026-07-31T21:53:45Z,17,18,2,8,1,0,1,1,1,1785534816
2026-07-31T21:53:45Z,18,11,0,5,2,0,1,1,1,1785534810
2026-07-31T21:53:45Z,19,14,2,12,1,0,1,1,1,1785534543
2026-07-31T21:53:45Z,20,23,4,12,0,0,1,1,1,1785534731
2026-07-31T21:53:45Z,21,1,0,16,2,0,1,1,1,1785534592
2026-07-31T21:53:45Z,22,20,0,45,0,0,1,1,1,1785534707
2026-07-31T21:53:45Z,23,13,7,17,1,0,1,1,1,1785534394
2026-07-31T21:53:45Z,24,7,2,3,1,0,1,1,1,1785534808
2026-07-31T21:53:45Z,25,76,2,3,2,0,1,1,1,1785534761
2026-07-31T21:53:45Z,26,25,0,2,0,0,1,1,1,1785534606
2026-07-31T21:53:45Z,28,10,0,5,0,0,1,1,1,1785534319
2026-07-31T21:53:45Z,30,17,1,10,2,0,1,1,1,1785534720
2026-07-31T21:53:45Z,31,9,1,8,2,0,1,1,1,1785534757
2026-07-31T21:53:45Z,32,20,1,7,0,0,1,1,1,1785534748
2026-07-31T21:53:45Z,34,19,0,17,1,0,1,1,1,1785534803
2026-07-31T21:53:45Z,35,31,4,15,1,0,1,1,1,1785534813
2026-07-31T21:53:45Z,36,0,0,0,0,0,0,1,1,86400
2026-07-31T21:53:45Z,37,19,3,4,0,0,1,1,1,1785534667
2026-07-31T21:53:45Z,38,1,0,22,0,0,1,1,1,1785534811
2026-07-31T21:53:45Z,39,14,4,25,0,0,1,1,1,1785534425
2026-07-31T21:53:45Z,40,5,0,16,0,0,1,1,1,1785534813
2026-07-31T21:53:45Z,41,25,0,18,0,0,1,1,1,1785534462
2026-07-31T21:53:45Z,42,2,2,29,0,0,1,1,1,1785534732
2026-07-31T21:53:45Z,43,11,2,12,0,0,1,1,1,1785534704
2026-07-31T21:53:45Z,45,6,0,23,0,0,1,1,1,1785534527
2026-07-31T21:53:45Z,46,0,0,29,2,0,1,1,1,1785534506
2026-07-31T21:53:45Z,47,5,0,9,1,0,1,1,1,1785534597
2026-07-31T21:53:45Z,48,17,0,10,0,0,1,1,1,1785534629
2026-07-31T21:53:45Z,49,0,0,19,4,0,1,1,1,1785534813
2026-07-31T21:53:45Z,50,4,4,14,1,0,1,1,1,1785534732
2026-07-31T21:53:45Z,51,41,0,36,0,0,1,1,1,1785534715
2026-07-31T21:53:45Z,52,2,0,22,3,0,1,1,1,1785534507
2026-07-31T21:53:45Z,55,3,0,20,0,0,1,1,1,1785534742
2026-07-31T21:53:45Z,56,14,1,29,0,0,1,1,1,1785534455
2026-07-31T21:53:45Z,57,5,0,22,0,0,1,1,1,1785534310
2026-07-31T21:53:45Z,58,0,0,28,0,0,1,1,1,1785532323
2026-07-31T21:53:45Z,59,12,0,13,2,0,1,1,1,1785534794
2026-07-31T21:53:45Z,61,34,2,5,0,0,1,1,1,1785534657
2026-07-31T21:53:45Z,62,34,17,14,1,0,1,1,1,1785534760
2026-07-31T21:53:45Z,63,12,2,7,0,0,1,1,1,1785534730
2026-07-31T21:53:45Z,64,12,1,3,4,0,1,1,1,1785530968
2026-07-31T21:53:45Z,65,9,4,9,1,0,1,1,1,1785534560
2026-07-31T21:53:45Z,67,15,0,24,0,0,1,1,1,1785534809
2026-07-31T21:53:45Z,68,34,0,2,1,0,1,1,1,1785534100
2026-07-31T21:53:45Z,69,5,0,10,0,0,1,1,1,1785534570
2026-07-31T21:53:45Z,71,9,1,15,3,0,1,1,1,1785534655
2026-07-31T21:53:45Z,72,23,5,4,3,1,1,1,1,1785534699
2026-07-31T21:53:45Z,73,3,1,28,0,0,1,1,1,1785534711
2026-07-31T21:53:45Z,74,2,1,17,0,0,1,1,1,1785534694
2026-07-31T21:53:45Z,75,6,0,25,1,0,1,1,1,1785534583
2026-07-31T21:53:45Z,76,2,0,16,1,0,1,1,1,1785534811
2026-07-31T21:53:45Z,77,11,0,16,0,0,1,1,1,1785534499
2026-07-31T21:53:45Z,78,3,3,19,1,0,1,1,1,1785534756
2026-07-31T21:53:45Z,79,3,0,13,1,0,1,1,1,1785534689
2026-07-31T21:53:45Z,80,16,1,4,3,0,1,1,1,1785534799
2026-07-31T21:53:45Z,81,2,0,29,0,0,1,1,1,1785534739
2026-07-31T21:53:45Z,82,9,7,13,1,0,1,1,1,1785534751
2026-07-31T21:53:45Z,83,5,1,27,2,0,1,1,1,1785534811
2026-07-31T21:53:45Z,84,5,2,22,0,0,1,1,1,1785534677
2026-07-31T21:53:45Z,85,10,1,5,0,0,1,1,1,1785534488
2026-07-31T21:53:45Z,86,7,3,20,0,0,1,1,1,1785534503
2026-07-31T21:53:45Z,87,0,0,19,0,0,1,1,1,1785533075
2026-07-31T21:53:45Z,88,6,0,35,2,0,1,1,1,1785534794
2026-07-31T21:53:45Z,89,28,2,6,1,0,1,1,1,1785533989
2026-07-31T21:53:45Z,90,10,1,7,1,0,1,1,1,1785534673
2026-07-31T21:53:45Z,91,0,0,17,0,0,1,1,1,1785534505
2026-07-31T21:53:45Z,92,3,2,13,3,0,1,1,1,1785534633
2026-07-31T21:53:45Z,93,2,0,21,0,0,1,1,1,1785534721
2026-07-31T21:53:45Z,94,11,0,7,1,0,1,1,1,1785534182
2026-07-31T21:53:45Z,95,2,0,31,1,1,1,1,1,1785534808
2026-07-31T21:53:45Z,96,18,3,12,1,0,1,1,1,1785534732
2026-07-31T21:53:45Z,97,0,0,15,2,0,1,1,1,1785534678
2026-07-31T21:53:45Z,98,27,6,8,0,0,1,1,1,1785534275
2026-07-31T21:53:45Z,99,12,2,3,0,0,1,1,1,1785534817
2026-07-31T21:53:45Z,100,8,2,19,0,0,1,1,1,1785534712
2026-07-31T21:53:45Z,101,14,2,0,1,0,1,1,1,1785534797
2026-07-31T21:53:45Z,102,15,0,8,0,0,1,1,1,1785534752
2026-07-31T21:53:45Z,103,26,0,2,2,0,1,1,1,1785534747
2026-07-31T21:53:45Z,104,13,0,12,2,0,1,1,1,1785534817
2026-07-31T21:53:45Z,105,16,0,3,0,0,1,1,1,1785533739
2026-07-31T21:53:45Z,106,13,0,8,0,0,1,1,1,1785534814
2026-07-31T21:53:45Z,107,20,1,17,0,0,1,1,1,1785534774
2026-07-31T21:53:45Z,108,13,1,21,1,0,1,1,1,1785534646
2026-07-31T21:53:45Z,109,23,0,0,0,0,1,1,1,1785534193
2026-07-31T21:53:45Z,110,16,0,7,0,0,1,1,1,1785534814
2026-07-31T21:53:45Z,111,11,1,25,0,0,1,1,1,1785534714
2026-07-31T21:53:45Z,112,12,0,2,1,0,1,1,1,1785534817
2026-07-31T21:53:45Z,113,3,0,15,1,0,1,1,1,1785534689
2026-07-31T21:53:45Z,114,11,8,18,1,1,1,1,1,1785534691
2026-07-31T21:53:45Z,115,17,10,8,3,0,1,1,1,1785534815
2026-07-31T21:53:45Z,116,9,9,18,0,0,1,1,1,1785533918
2026-07-31T21:53:45Z,118,19,1,1,3,0,1,1,1,1785534711
2026-07-31T21:53:45Z,119,0,0,36,2,0,1,1,1,1785534350
2026-07-31T21:53:45Z,120,1,0,24,2,0,1,1,1,1785534595
2026-07-31T21:53:45Z,121,0,0,16,2,1,1,1,1,1785534817
2026-07-31T21:53:45Z,122,15,0,5,1,0,1,1,1,1785534643
2026-07-31T21:53:45Z,123,2,2,44,1,0,1,1,1,1785534739
2026-07-31T21:53:45Z,124,11,0,24,0,0,1,1,1,1785534723
2026-07-31T21:53:45Z,125,1,0,21,1,0,1,1,1,1785534790
2026-07-31T21:53:45Z,126,19,2,12,0,0,1,1,1,1785534313
2026-07-31T21:53:45Z,127,9,2,25,1,0,1,1,1,1785534771
2026-07-31T21:53:45Z,128,8,0,10,1,0,1,1,1,1785534635
2026-07-31T21:53:45Z,129,9,2,7,3,0,1,1,1,1785534636
2026-07-31T21:53:45Z,130,4,0,13,0,0,1,1,1,1785533289
2026-07-31T21:53:45Z,131,4,4,6,1,0,1,1,1,1785533513
2026-07-31T21:53:45Z,132,5,4,9,0,1,1,1,1,1785534045
2026-07-31T21:53:45Z,134,13,0,6,4,0,1,1,1,1785534795
2026-07-31T21:53:45Z,135,4,2,14,1,0,1,1,1,1785534773
2026-07-31T21:53:45Z,136,2,2,12,3,6,1,1,1,1785534574
2026-07-31T21:53:45Z,137,1,1,17,1,0,1,1,1,1785534364
2026-07-31T21:53:45Z,138,9,0,28,0,0,1,1,1,1785534650
2026-07-31T21:53:45Z,139,9,3,10,0,0,1,1,1,1785534500
2026-07-31T21:53:45Z,140,4,0,18,1,0,1,1,1,1785534816
2026-07-31T21:53:45Z,141,11,2,24,1,0,1,1,1,1785534756
2026-07-31T21:53:45Z,142,0,0,22,1,0,1,1,1,1785534647
2026-07-31T21:53:45Z,143,27,0,4,0,0,1,1,1,1785534750
2026-07-31T21:53:45Z,144,22,1,4,1,0,1,1,1,1785534307
2026-07-31T21:53:45Z,146,1,0,21,1,0,1,1,1,1785534796
2026-07-31T21:53:45Z,147,2,0,14,3,0,1,1,1,1785534803
2026-07-31T21:53:45Z,148,0,0,23,5,0,1,1,1,1785534803
2026-07-31T21:53:45Z,149,1,0,26,0,0,1,1,1,1785534271
2026-07-31T21:53:45Z,150,4,0,29,2,0,1,1,1,1785534612
2026-07-31T21:53:45Z,151,3,1,20,0,0,1,1,1,1785534735
2026-07-31T21:53:45Z,152,1,0,22,3,0,1,1,1,1785534214
2026-07-31T21:53:45Z,153,6,0,20,2,0,1,1,1,1785534527
2026-07-31T21:53:45Z,154,11,0,8,4,0,1,1,1,1785534769
2026-07-31T21:53:45Z,155,7,2,6,1,0,1,1,1,1785534674
2026-07-31T21:53:45Z,156,3,0,16,0,0,1,1,1,1785534635
2026-07-31T21:53:45Z,157,8,1,17,2,0,1,1,1,1785534816
2026-07-31T21:53:45Z,158,11,0,4,1,0,1,1,1,1785534711
2026-07-31T21:53:45Z,159,3,1,15,1,0,1,1,1,1785534340
2026-07-31T21:53:45Z,160,2,0,17,0,0,1,1,1,1785534784
2026-07-31T21:53:45Z,161,15,1,7,0,0,1,1,1,1785534777
2026-07-31T21:53:45Z,162,15,10,11,1,0,1,1,1,1785534596
2026-07-31T21:53:45Z,163,6,1,24,0,1,1,1,1,1785534716
2026-07-31T21:53:45Z,164,22,0,5,0,0,1,1,1,1785534580
2026-07-31T21:53:45Z,165,28,3,3,0,0,1,1,1,1785534816
2026-07-31T21:53:45Z,166,4,2,31,4,0,1,1,1,1785534815
2026-07-31T21:53:45Z,167,2,0,20,1,0,1,1,1,1785534649
2026-07-31T21:53:45Z,168,23,0,3,1,0,1,1,1,1785534758
2026-07-31T21:53:45Z,169,16,6,5,1,1,1,1,1,1785534798
2026-07-31T21:53:45Z,170,5,0,13,1,0,1,1,1,1785534502
2026-07-31T21:53:45Z,171,5,1,6,2,0,1,1,1,1785534548
2026-07-31T21:53:45Z,173,28,1,11,0,0,1,1,1,1785534761
2026-07-31T21:53:45Z,174,4,0,22,0,0,1,1,1,1785534768
2026-07-31T21:53:45Z,175,28,1,2,1,0,1,1,1,1785534675
2026-07-31T21:53:45Z,176,11,4,2,1,1,1,1,1,1785534630
2026-07-31T21:53:45Z,177,12,3,15,0,0,1,1,1,1785534801
2026-07-31T21:53:45Z,178,10,3,2,2,1,1,1,1,1785534809
2026-07-31T21:53:45Z,179,10,0,3,2,0,1,1,1,1785534795
2026-07-31T21:53:45Z,180,2,0,28,0,0,1,1,1,1785534691
2026-07-31T21:53:45Z,181,2,2,13,0,0,1,1,1,1785534556
2026-07-31T21:53:45Z,182,5,5,12,0,0,1,1,1,1785534718
2026-07-31T21:53:45Z,183,7,0,14,2,0,1,1,1,1785534720
2026-07-31T21:53:45Z,184,18,2,3,2,0,1,1,1,1785534790
2026-07-31T21:53:45Z,185,8,5,4,2,1,1,1,1,1785534238
2026-07-31T21:53:45Z,186,3,1,16,0,0,1,1,1,1785534779
2026-07-31T21:53:45Z,187,1,0,26,1,0,1,1,1,1785534409
2026-07-31T21:53:45Z,188,12,3,7,7,1,1,1,1,1785534775
2026-07-31T21:53:45Z,189,8,3,7,0,0,1,1,1,1785533769
2026-07-31T21:53:45Z,190,1,1,21,1,0,1,1,1,1785534785
2026-07-31T21:53:45Z,191,3,3,36,0,0,1,1,1,1785534739
2026-07-31T21:53:45Z,192,6,1,23,2,0,1,1,1,1785534663
2026-07-31T21:53:45Z,193,12,6,2,1,0,1,1,1,1785534721
2026-07-31T21:53:45Z,194,25,5,2,0,0,1,1,1,1785534468
2026-07-31T21:53:45Z,195,1,0,18,0,0,1,1,1,1785534678
2026-07-31T21:53:45Z,196,3,3,22,2,0,1,1,1,1785534634
2026-07-31T21:53:45Z,197,0,0,18,0,1,1,1,1,1785534632
2026-07-31T21:53:45Z,198,10,10,11,2,0,1,1,1,1785534326
2026-07-31T21:53:45Z,199,7,5,7,1,0,1,1,1,1785534614
2026-07-31T21:53:45Z,200,9,7,16,1,0,1,1,1,1785534730
2026-07-31T21:53:45Z,201,4,3,19,0,0,1,1,1,1785534716
2026-07-31T21:53:45Z,202,0,0,27,0,0,1,1,1,1785534563
2026-07-31T21:53:45Z,203,4,2,26,1,0,1,1,1,1785534681
2026-07-31T21:53:45Z,204,18,0,15,2,0,1,1,1,1785534718
2026-07-31T21:53:45Z,205,13,0,14,0,0,1,1,1,1785533340
2026-07-31T21:53:45Z,206,5,4,8,2,0,1,1,1,1785534619
2026-07-31T21:53:45Z,207,20,0,1,0,0,1,1,1,1785534424
2026-07-31T21:53:45Z,208,3,1,26,0,0,1,1,1,1785534802
2026-07-31T21:53:45Z,209,27,2,3,1,0,1,1,1,1785534815
2026-07-31T21:53:45Z,210,12,6,15,0,0,1,1,1,1785534816
2026-07-31T21:53:45Z,211,0,0,22,1,0,1,1,1,1785533741
2026-07-31T21:53:45Z,212,24,2,10,1,0,1,1,1,1785534778
2026-07-31T21:53:45Z,213,14,4,8,1,0,1,1,1,1785534608
2026-07-31T21:53:45Z,214,28,2,17,2,0,1,1,1,1785534606
2026-07-31T21:53:45Z,215,10,3,12,1,0,1,1,1,1785534441
2026-07-31T21:53:45Z,216,8,3,10,1,0,1,1,1,1785534792
2026-07-31T21:53:45Z,217,22,1,6,1,0,1,1,1,1785534782
2026-07-31T21:53:45Z,218,17,8,20,2,0,1,1,1,1785534801
2026-07-31T21:53:45Z,219,21,0,4,1,0,1,1,1,1785534659
2026-07-31T21:53:45Z,220,22,12,19,1,1,1,1,1,1785534710
2026-07-31T21:53:45Z,221,3,0,11,1,0,1,1,1,1785534604
2026-07-31T21:53:45Z,222,2,0,16,1,0,1,1,1,1785534709
2026-07-31T21:53:45Z,223,5,0,27,3,0,1,1,1,1785534710
2026-07-31T21:53:45Z,224,0,0,21,1,0,1,1,1,1785534303
2026-07-31T21:53:45Z,225,5,1,10,4,0,1,1,1,1785534495
2026-07-31T21:53:45Z,226,18,3,11,2,0,1,1,1,1785534817
2026-07-31T21:53:45Z,227,3,0,23,1,0,1,1,1,1785534800
2026-07-31T21:53:45Z,228,2,1,16,1,0,1,1,1,1785534780
2026-07-31T21:53:45Z,230,8,1,18,0,0,1,1,1,1785534606
2026-07-31T21:53:45Z,232,5,0,11,1,0,1,1,1,1785534771
2026-07-31T21:53:45Z,233,10,6,20,1,0,1,1,1,1785534807
2026-07-31T21:53:45Z,234,10,5,3,4,2,1,1,1,1785534418
2026-07-31T21:53:45Z,236,13,2,6,0,0,1,1,1,1785534617
2026-07-31T21:53:45Z,237,2,0,20,1,0,1,1,1,1785533925
2026-07-31T21:53:45Z,239,8,8,18,1,0,1,1,1,1785534767
2026-07-31T21:53:45Z,241,6,4,16,1,0,1,1,1,1785534758
2026-07-31T21:53:45Z,242,4,2,18,1,0,1,1,1,1785534622
2026-07-31T21:53:45Z,243,16,11,13,2,0,1,1,1,1785534726
2026-07-31T21:53:45Z,244,3,3,23,1,0,1,1,1,1785534074
2026-07-31T21:53:45Z,245,13,6,10,0,0,1,1,1,1785534809
2026-07-31T21:53:45Z,246,3,3,20,0,0,1,1,1,1785534589
2026-07-31T21:53:45Z,247,8,5,13,2,0,1,1,1,1785534796
2026-07-31T21:53:45Z,248,8,8,12,3,0,1,1,1,1785534791
2026-07-31T21:53:45Z,249,15,14,3,1,0,1,1,1,1785534560
2026-07-31T21:53:45Z,250,2,2,22,3,0,1,1,1,1785534396
2026-07-31T21:53:45Z,251,16,8,7,4,0,1,1,1,1785534735
2026-07-31T21:53:45Z,253,5,1,14,0,0,1,1,1,1785534686
2026-07-31T21:53:45Z,254,14,0,28,1,0,1,1,1,1785534751
2026-07-31T21:53:45Z,255,8,1,14,0,1,1,1,1,1785534808
2026-07-31T21:53:45Z,256,3,0,18,2,0,1,1,1,1785534745
2026-07-31T21:53:45Z,257,2,0,17,0,0,1,1,1,1785534271
2026-07-31T21:53:45Z,258,17,9,1,1,0,1,1,1,1785534733
2026-07-31T21:53:45Z,259,14,0,8,0,1,1,1,1,1785534197
2026-07-31T21:53:45Z,260,5,2,12,2,0,1,1,1,1785534484
2026-07-31T21:53:45Z,261,2,0,15,1,1,1,1,1,1785534229
2026-07-31T21:53:45Z,262,4,0,18,1,0,1,1,1,1785534740
2026-07-31T21:53:45Z,263,3,2,11,1,0,1,1,1,1785534714
2026-07-31T21:53:45Z,264,0,0,19,0,0,1,1,1,1785533790
2026-07-31T21:53:45Z,265,8,1,7,0,0,1,1,1,1785534061
2026-07-31T21:53:45Z,266,8,8,10,1,0,1,1,1,1785534752
2026-07-31T21:53:45Z,267,9,4,5,1,0,1,1,1,1785531709
2026-07-31T21:53:45Z,268,19,7,3,1,0,1,1,1,1785534484
2026-07-31T21:53:45Z,269,8,5,15,0,0,1,1,1,1785534814
2026-07-31T21:53:45Z,270,8,2,18,1,0,1,1,1,1785534652
2026-07-31T21:53:45Z,271,4,0,13,2,0,1,1,1,1785534580
2026-07-31T21:53:45Z,272,8,1,15,0,0,1,1,1,1785534654
2026-07-31T21:53:45Z,273,4,1,11,0,0,1,1,1,1785534082
2026-07-31T21:53:45Z,274,3,3,15,1,0,1,1,1,1785534016
2026-07-31T21:53:45Z,275,9,0,10,4,0,1,1,1,1785534658
2026-07-31T21:53:45Z,276,3,1,23,1,0,1,1,1,1785534446
2026-07-31T21:53:45Z,277,2,2,17,4,0,1,1,1,1785534809
2026-07-31T21:53:45Z,278,11,9,18,2,0,1,1,1,1785534769
2026-07-31T21:53:45Z,279,1,1,18,0,0,1,1,1,1785534125
2026-07-31T21:53:45Z,280,1,1,27,3,0,1,1,1,1785534540
2026-07-31T21:53:45Z,281,3,0,16,0,0,1,1,1,1785534659
2026-07-31T21:53:45Z,282,8,2,10,0,0,1,1,1,1785534408
2026-07-31T21:53:45Z,283,14,3,21,0,0,1,1,1,1785534495
2026-07-31T21:53:45Z,284,29,5,4,2,0,1,1,1,1785534703
2026-07-31T21:53:45Z,285,6,3,17,0,0,1,1,1,1785534440
2026-07-31T21:53:45Z,286,9,4,13,1,0,1,1,1,1785534808
2026-07-31T21:53:45Z,287,10,1,10,3,0,1,1,1,1785532355
2026-07-31T21:53:45Z,288,5,0,13,1,0,1,1,1,1785534654
2026-07-31T21:53:45Z,289,9,7,15,3,0,1,1,1,1785534797
2026-07-31T21:53:45Z,290,20,1,17,2,0,1,1,1,1785534697
2026-07-31T21:53:45Z,291,17,1,5,1,0,1,1,1,1785534786
2026-07-31T21:53:45Z,292,6,3,17,0,0,1,1,1,1785534531
2026-07-31T21:53:45Z,293,5,1,18,0,0,1,1,1,1785534663
2026-07-31T21:53:45Z,294,6,5,13,3,0,1,1,1,1785534810
2026-07-31T21:53:45Z,297,11,0,6,1,1,1,1,1,1785534121
2026-07-31T21:53:45Z,301,17,1,2,0,0,1,1,1,1785534769
2026-07-31T21:53:45Z,302,20,0,2,1,0,1,1,1,1785534458
2026-07-31T21:53:45Z,303,4,0,15,0,0,1,1,1,1785534448
2026-07-31T21:53:45Z,304,0,0,0,0,0,0,1,1,86400
2026-07-31T21:53:45Z,305,2,0,16,1,0,1,1,1,1785534817
2026-07-31T21:53:45Z,306,11,0,20,1,0,1,1,1,1785534743
2026-07-31T21:53:45Z,307,3,1,20,0,0,1,1,1,1785534730
2026-07-31T21:53:45Z,308,12,2,6,1,0,1,1,1,1785534699
2026-07-31T21:53:45Z,309,3,2,10,1,0,1,1,1,1785534680
2026-07-31T21:53:45Z,311,6,0,8,1,0,1,1,1,1785532562
2026-07-31T21:53:45Z,312,5,5,15,3,0,1,1,1,1785534619
2026-07-31T21:53:45Z,313,3,0,12,0,0,1,1,1,1785534772
2026-07-31T21:53:45Z,314,11,2,6,2,0,1,1,1,1785534450
2026-07-31T21:53:45Z,315,11,5,18,2,0,1,1,1,1785534808
2026-07-31T21:53:45Z,316,2,1,20,8,1,1,1,1,1785534816
2026-07-31T21:53:45Z,317,24,8,6,0,1,1,1,1,1785534793
2026-07-31T21:53:45Z,318,19,4,0,0,0,1,1,1,1785533970
2026-07-31T21:53:45Z,319,17,3,4,2,0,1,1,1,1785534748
2026-07-31T21:53:45Z,320,12,0,6,1,0,1,1,1,1785534520
2026-07-31T21:53:45Z,321,2,0,13,4,0,1,1,1,1785534557
2026-07-31T21:53:45Z,322,19,0,10,0,0,1,1,1,1785534812
2026-07-31T21:53:45Z,323,3,1,15,1,0,1,1,1,1785534179
2026-07-31T21:53:45Z,324,17,2,9,1,0,1,1,1,1785534806
2026-07-31T21:53:45Z,325,3,2,22,2,0,1,1,1,1785534441
2026-07-31T21:53:45Z,327,19,2,6,2,0,1,1,1,1785534572
2026-07-31T21:53:45Z,328,16,1,5,1,0,1,1,1,1785534750
2026-07-31T21:53:45Z,329,3,2,13,3,0,1,1,1,1785534710
2026-07-31T21:53:45Z,330,20,1,2,0,0,1,1,1,1785534634
2026-07-31T21:53:45Z,331,14,0,7,2,0,1,1,1,1785534670
2026-07-31T21:53:45Z,332,6,4,12,1,0,1,1,1,1785534797
2026-07-31T21:53:45Z,333,6,4,16,1,0,1,1,1,1785534812
2026-07-31T21:53:45Z,334,8,1,15,0,0,1,1,1,1785534802
2026-07-31T21:53:45Z,335,7,2,15,0,1,1,1,1,1785534767
2026-07-31T21:53:45Z,336,2,1,17,0,0,1,1,1,1785534713
2026-07-31T21:53:45Z,337,9,5,10,4,0,1,1,1,1785534797
2026-07-31T21:53:45Z,338,2,0,17,0,0,1,1,1,1785534588
2026-07-31T21:53:45Z,339,8,6,10,5,0,1,1,1,1785534807
2026-07-31T21:53:45Z,340,2,2,12,1,0,1,1,1,1785534676
2026-07-31T21:53:45Z,341,9,1,10,0,0,1,1,1,1785534594
2026-07-31T21:53:45Z,342,0,0,14,1,0,1,1,1,1785534797
2026-07-31T21:53:45Z,343,10,4,12,1,0,1,1,1,1785534672
2026-07-31T21:53:45Z,344,8,4,15,0,0,1,1,1,1785534706
2026-07-31T21:53:45Z,345,14,1,5,0,0,1,1,1,1785534384
2026-07-31T21:53:45Z,346,3,3,20,0,0,1,1,1,1785532493
2026-07-31T21:53:45Z,347,14,0,27,3,0,1,1,1,1785534813
2026-07-31T21:53:45Z,348,9,0,13,0,1,1,1,1,1785534756
2026-07-31T21:53:45Z,349,14,3,5,0,0,1,1,1,1785534282
2026-07-31T21:53:45Z,350,3,1,22,1,1,1,1,1,1785534501
2026-07-31T21:53:45Z,351,4,1,17,2,0,1,1,1,1785534725
2026-07-31T21:53:45Z,355,8,2,15,0,0,1,1,1,1785534285
2026-07-31T21:53:45Z,356,5,4,14,0,0,1,1,1,1785534800
2026-07-31T21:53:45Z,357,4,2,14,1,0,1,1,1,1785534471
2026-07-31T21:53:45Z,358,20,3,6,1,0,1,1,1,1785534677
2026-07-31T21:53:45Z,359,12,1,15,0,0,1,1,1,1785534793
2026-07-31T21:53:45Z,360,5,4,14,0,0,1,1,1,1785534630
2026-07-31T21:53:45Z,362,3,0,14,2,0,1,1,1,1785534405
2026-07-31T21:53:45Z,363,11,0,16,0,0,1,1,1,1785534496
2026-07-31T21:53:45Z,364,2,0,17,0,0,1,1,1,1785534353
2026-07-31T21:53:45Z,365,2,0,17,4,0,1,1,1,1785534469
2026-07-31T21:53:45Z,366,4,4,18,1,0,1,1,1,1785534793
2026-07-31T21:53:45Z,367,3,2,14,2,0,1,1,1,1785534508
2026-07-31T21:53:45Z,368,2,1,20,1,0,1,1,1,1785534044
2026-07-31T21:53:45Z,370,10,4,17,0,0,1,1,1,1785534062
2026-07-31T21:53:45Z,371,4,2,14,1,0,1,1,1,1785534803
2026-07-31T21:53:45Z,372,11,0,3,1,0,1,1,1,1785533814
2026-07-31T21:53:45Z,373,0,0,26,1,0,1,1,1,1785534676
2026-07-31T21:53:45Z,374,0,0,18,1,0,1,1,1,1785534562
2026-07-31T21:53:45Z,375,3,0,23,1,0,1,1,1,1785534223
2026-07-31T21:53:45Z,376,3,1,34,2,0,1,1,1,1785534777
2026-07-31T21:53:45Z,377,10,3,17,0,0,1,1,1,1785534811
2026-07-31T21:53:45Z,378,3,3,19,1,1,1,1,1,1785534680
2026-07-31T21:53:45Z,379,22,2,2,3,0,1,1,1,1785534615
2026-07-31T21:53:45Z,380,7,2,16,0,0,1,1,1,1785534815
2026-07-31T21:53:45Z,381,19,0,4,0,0,1,1,1,1785534758
2026-07-31T21:53:45Z,383,13,2,0,2,0,1,1,1,1785534032
2026-07-31T21:53:45Z,384,0,0,23,4,0,1,1,1,1785534715
2026-07-31T21:53:45Z,385,1,1,16,1,0,1,1,1,1785534750
2026-07-31T21:53:45Z,387,2,1,21,0,0,1,1,1,1785534151
2026-07-31T21:53:45Z,388,38,2,8,3,0,1,1,1,1785534046
2026-07-31T21:53:45Z,389,3,2,11,1,0,1,1,1,1785532058
2026-07-31T21:53:45Z,390,14,0,20,1,0,1,1,1,1785534672
2026-07-31T21:53:45Z,391,4,3,10,1,0,1,1,1,1785534006
2026-07-31T21:53:45Z,392,5,5,12,2,0,1,1,1,1785534799
2026-07-31T21:53:45Z,393,2,1,6,3,0,1,1,1,1785534773
2026-07-31T21:53:45Z,394,6,1,5,2,0,1,1,1,1785534075
2026-07-31T21:53:45Z,396,1,0,41,0,0,1,1,1,1785534473
2026-07-31T21:53:45Z,397,13,7,18,0,0,1,1,1,1785534267
2026-07-31T21:53:45Z,399,4,0,11,2,0,1,1,1,1785534702
2026-07-31T21:53:45Z,400,14,9,7,2,0,1,1,1,1785534739
2026-07-31T21:53:45Z,401,6,0,25,8,0,1,1,1,1785534390
2026-07-31T21:53:45Z,403,25,7,2,4,0,1,1,1,1785534816
2026-07-31T21:53:45Z,404,3,3,19,1,0,1,1,1,1785534706
2026-07-31T21:53:45Z,406,13,6,20,2,0,1,1,1,1785534781
2026-07-31T21:53:45Z,407,13,0,20,1,0,1,1,1,1785534797
2026-07-31T21:53:45Z,408,4,1,25,4,0,1,1,1,1785534389
2026-07-31T21:53:45Z,409,19,3,0,4,0,1,1,1,1785534370
2026-07-31T21:53:45Z,413,9,3,11,3,0,1,1,1,1785534660
2026-07-31T21:53:45Z,414,13,0,2,0,0,1,1,1,1785534129
2026-07-31T21:53:45Z,417,4,2,15,0,0,1,1,1,1785534747
2026-07-31T21:53:45Z,418,6,4,9,0,0,1,1,1,1785534655
2026-07-31T21:53:45Z,419,13,1,10,0,0,1,1,1,1785533166
2026-07-31T21:53:45Z,421,10,0,9,0,0,1,1,1,1785534268
2026-07-31T21:53:45Z,422,17,2,10,0,0,1,1,1,1785534697
2026-07-31T21:53:45Z,423,0,0,22,1,0,1,1,1,1785533264
2026-07-31T21:53:45Z,424,7,3,5,2,1,1,1,1,1785534765
2026-07-31T21:53:45Z,425,2,1,19,0,1,1,1,1,1785534786
2026-07-31T21:53:45Z,426,4,1,31,2,0,1,1,1,1785534389
2026-07-31T21:53:45Z,427,9,0,3,3,0,1,1,1,1785534553
2026-07-31T21:53:45Z,428,17,2,2,0,0,1,1,1,1785534780
2026-07-31T21:53:45Z,429,15,7,7,1,0,1,1,1,1785534675
2026-07-31T21:53:45Z,430,9,2,19,3,0,1,1,1,1785534661
2026-07-31T21:53:45Z,431,1,0,31,1,0,1,1,1,1785534681
2026-07-31T21:53:45Z,432,0,0,30,1,0,0,1,1,1785508564
2026-07-31T21:53:45Z,433,4,2,16,3,0,1,1,1,1785533359
2026-07-31T21:53:45Z,437,5,1,10,4,0,1,1,1,1785534708
2026-07-31T21:53:45Z,438,7,2,11,1,0,1,1,1,1785534602
2026-07-31T21:53:45Z,439,13,4,2,0,0,1,1,1,1785534616
2026-07-31T21:53:45Z,440,10,3,4,1,0,1,1,1,1785534624
2026-07-31T21:53:45Z,441,2,1,11,2,0,1,1,1,1785534393
2026-07-31T21:53:45Z,442,10,3,7,2,0,1,1,1,1785534735
2026-07-31T21:53:45Z,443,5,2,22,0,0,1,1,1,1785512432
2026-07-31T21:53:45Z,444,2,2,21,0,0,1,1,1,1785533207
2026-07-31T21:53:45Z,445,6,2,16,1,0,1,1,1,1785534518
2026-07-31T21:53:45Z,446,2,0,21,0,0,1,1,1,1785533737
2026-07-31T21:53:45Z,447,3,0,18,1,1,1,1,1,1785534024
2026-07-31T21:53:45Z,448,7,0,7,1,0,1,1,1,1785530120
2026-07-31T21:53:45Z,452,4,2,14,1,0,1,1,1,1785534796
2026-07-31T21:53:45Z,453,3,1,9,3,0,1,1,1,1785534794
2026-07-31T21:53:45Z,454,18,0,1,0,0,1,1,1,1785534737
2026-07-31T21:53:45Z,455,28,0,10,1,0,1,1,1,1785534348
2026-07-31T21:53:45Z,456,15,0,4,1,0,1,1,1,1785534765
2026-07-31T21:53:45Z,457,8,5,17,2,0,1,1,1,1785534810
2026-07-31T21:53:45Z,458,3,1,18,2,0,1,1,1,1785534601
2026-07-31T21:53:45Z,459,11,1,4,0,0,1,1,1,1785534441
2026-07-31T21:53:45Z,460,20,1,3,0,0,1,1,1,1785534411
2026-07-31T21:53:45Z,461,8,0,11,0,0,1,1,1,1785534694
2026-07-31T21:53:45Z,462,18,1,3,0,0,1,1,1,1785534705
2026-07-31T21:53:45Z,463,8,0,11,0,0,1,1,1,1785534777
2026-07-31T21:53:45Z,464,5,0,9,0,0,1,1,1,1785534668
2026-07-31T21:53:45Z,465,1,1,14,0,0,1,1,1,1785533554
2026-07-31T21:53:45Z,466,6,2,3,6,0,1,1,1,1785534500
2026-07-31T21:53:45Z,467,1,1,18,0,0,1,1,1,1785534667
2026-07-31T21:53:45Z,468,1,0,17,1,0,1,1,1,1785534756
2026-07-31T21:53:45Z,469,5,1,18,0,0,1,1,1,1785534620
2026-07-31T21:53:45Z,470,0,0,13,2,0,1,1,1,1785534554
2026-07-31T21:53:45Z,471,23,2,4,0,0,1,1,1,1785534771
2026-07-31T21:53:45Z,472,10,3,8,1,0,1,1,1,1785534803
2026-07-31T21:53:45Z,473,10,1,9,0,0,1,1,1,1785534732
2026-07-31T21:53:45Z,474,10,2,8,1,0,1,1,1,1785534295
2026-07-31T21:53:45Z,475,5,2,13,1,0,1,1,1,1785534125
2026-07-31T21:53:45Z,477,7,1,8,0,0,1,1,1,1785534552
2026-07-31T21:53:45Z,478,25,2,6,0,0,1,1,1,1785534793
2026-07-31T21:53:45Z,479,6,0,19,2,0,1,1,1,1785534058
2026-07-31T21:53:45Z,480,5,1,9,1,0,1,1,1,1785534026
2026-07-31T21:53:45Z,481,11,0,23,1,0,1,1,1,1785534730
2026-07-31T21:53:45Z,482,3,3,16,0,0,1,1,1,1785534085
2026-07-31T21:53:45Z,483,5,0,20,2,0,1,1,1,1785534709
2026-07-31T21:53:45Z,484,3,1,15,1,0,1,1,1,1785534518
2026-07-31T21:53:45Z,485,11,4,7,0,1,1,1,1,1785534628
2026-07-31T21:53:45Z,486,1,0,23,3,0,1,1,1,1785534554
2026-07-31T21:53:45Z,487,9,5,7,3,0,1,1,1,1785534597
2026-07-31T21:53:45Z,489,3,0,12,0,0,1,1,1,1785534812
2026-07-31T21:53:45Z,490,14,0,1,1,0,1,1,1,1785534772
2026-07-31T21:53:45Z,491,7,2,13,1,0,1,1,1,1785533054
2026-07-31T21:53:45Z,492,4,3,4,3,0,1,1,1,1785534812
2026-07-31T21:53:45Z,493,21,1,6,0,0,1,1,1,1785533930
2026-07-31T21:53:45Z,495,8,0,6,1,0,1,1,1,1785533278
2026-07-31T21:53:45Z,496,2,0,25,0,0,1,1,1,1785534579
2026-07-31T21:53:45Z,497,0,0,18,0,0,1,1,1,1785533854
2026-07-31T21:53:45Z,498,3,3,20,0,0,1,1,1,1785534774
2026-07-31T21:53:45Z,499,3,0,15,1,0,1,1,1,1785533904
2026-07-31T21:53:45Z,500,1,0,10,4,0,1,1,1,1785534617
2026-07-31T21:53:45Z,501,11,1,10,0,0,1,1,1,1785534778
2026-07-31T21:53:45Z,502,1,0,16,2,0,1,1,1,1785533820
2026-07-31T21:53:45Z,503,6,0,24,1,0,1,1,1,1785534299
2026-07-31T21:53:45Z,504,5,0,32,2,0,1,1,1,1785534801
2026-07-31T21:53:45Z,505,1,0,10,1,0,1,1,1,1785534502
2026-07-31T21:53:45Z,511,3,2,20,0,0,1,1,1,1785533768
2026-07-31T21:53:45Z,512,12,0,15,0,0,1,1,1,1785534165
2026-07-31T21:53:45Z,514,0,0,10,1,0,1,1,1,1785534736
2026-07-31T21:53:45Z,515,4,2,15,0,0,1,1,1,1785534372
2026-07-31T21:53:45Z,516,11,0,16,0,0,1,1,1,1785534811
2026-07-31T21:53:45Z,517,13,3,10,0,0,1,1,1,1785534465
2026-07-31T21:53:45Z,518,5,0,9,1,0,1,1,1,1785533962
2026-07-31T21:53:45Z,519,4,2,12,3,0,1,1,1,1785534719
2026-07-31T21:53:45Z,520,20,8,1,6,0,1,1,1,1785534817
2026-07-31T21:53:45Z,521,4,3,19,0,0,1,1,1,1785533981
2026-07-31T21:53:45Z,522,14,2,7,2,0,1,1,1,1785534547
2026-07-31T21:53:45Z,523,9,4,13,1,0,1,1,1,1785534030
2026-07-31T21:53:45Z,524,13,2,10,0,0,1,1,1,1785534808
2026-07-31T21:53:45Z,525,8,0,11,0,0,1,1,1,1785534475
2026-07-31T21:53:45Z,526,6,2,9,0,0,1,1,1,1785534284
2026-07-31T21:53:45Z,527,15,11,10,1,0,1,1,1,1785534669
2026-07-31T21:53:45Z,528,15,2,6,2,0,1,1,1,1785534009
2026-07-31T21:53:45Z,529,4,2,8,7,0,1,1,1,1785534816
2026-07-31T21:53:45Z,530,11,0,7,3,0,1,1,1,1785534549
2026-07-31T21:53:45Z,531,11,1,11,0,1,1,1,1,1785534724
2026-07-31T21:53:45Z,532,9,9,21,1,0,1,1,1,1785534649
2026-07-31T21:53:45Z,533,11,0,7,1,0,1,1,1,1785534802
2026-07-31T21:53:45Z,534,8,3,15,0,0,1,1,1,1785534287
2026-07-31T21:53:45Z,535,3,1,12,0,0,1,1,1,1785534749
2026-07-31T21:53:45Z,536,11,0,12,0,0,1,1,1,1785534560
2026-07-31T21:53:45Z,537,9,0,11,0,0,1,1,1,1785534669
2026-07-31T21:53:45Z,538,11,1,10,0,2,1,1,1,1785534718
2026-07-31T21:53:45Z,539,4,3,27,0,0,1,1,1,1785534772
2026-07-31T21:53:45Z,540,4,3,15,0,0,1,1,1,1785534340
2026-07-31T21:53:45Z,541,11,3,15,1,0,1,1,1,1785534303
2026-07-31T21:53:45Z,542,0,0,23,0,0,1,1,1,1785534724
2026-07-31T21:53:45Z,543,1,1,18,0,0,1,1,1,1785534787
2026-07-31T21:53:45Z,544,9,2,10,3,0,1,1,1,1785534418
2026-07-31T21:53:45Z,545,10,1,4,5,0,1,1,1,1785534807
2026-07-31T21:53:45Z,546,2,0,17,0,0,1,1,1,1785534562
2026-07-31T21:53:45Z,547,12,1,13,0,0,1,1,1,1785534638
2026-07-31T21:53:45Z,548,9,3,13,1,0,1,1,1,1785534715
2026-07-31T21:53:45Z,549,20,0,2,1,0,1,1,1,1785534813
2026-07-31T21:53:45Z,550,2,2,17,0,0,1,1,1,1785534714
2026-07-31T21:53:45Z,551,3,2,19,1,0,1,1,1,1785534311
2026-07-31T21:53:45Z,552,4,2,23,0,0,1,1,1,1785534096
2026-07-31T21:53:45Z,553,3,0,18,2,0,1,1,1,1785534778
2026-07-31T21:53:45Z,554,0,0,18,1,0,1,1,1,1785534501
2026-07-31T21:53:45Z,555,7,1,7,1,0,1,1,1,1785533416
2026-07-31T21:53:45Z,556,11,1,10,2,0,1,1,1,1785534744
2026-07-31T21:53:45Z,557,0,0,21,2,0,1,1,1,1785533714
2026-07-31T21:53:45Z,558,32,12,3,2,0,1,1,1,1785534816
2026-07-31T21:53:45Z,559,9,0,9,1,0,1,1,1,1785534795
2026-07-31T21:53:45Z,560,22,0,5,0,0,1,1,1,1785534678
2026-07-31T21:53:45Z,561,4,0,16,3,0,1,1,1,1785534722
2026-07-31T21:53:45Z,562,6,0,22,7,0,1,1,1,1785534650
2026-07-31T21:53:45Z,563,5,0,7,2,0,1,1,1,1785534221
2026-07-31T21:53:45Z,564,3,1,15,1,0,1,1,1,1785534320
2026-07-31T21:53:45Z,565,3,0,16,0,0,1,1,1,1785534685
2026-07-31T21:53:45Z,566,3,0,15,1,0,1,1,1,1785534759
2026-07-31T21:53:45Z,567,15,1,10,2,0,1,1,1,1785534653
2026-07-31T21:53:45Z,568,7,0,11,1,0,1,1,1,1785534337
2026-07-31T21:53:45Z,569,12,0,5,2,0,1,1,1,1785534473
2026-07-31T21:53:45Z,570,8,1,8,3,0,1,1,1,1785534633
2026-07-31T21:53:45Z,571,6,0,17,0,0,1,1,1,1785534483
2026-07-31T21:53:45Z,572,3,0,16,0,0,1,1,1,1785534808
2026-07-31T21:53:45Z,573,11,2,4,0,0,1,1,1,1785534533
2026-07-31T21:53:45Z,574,1,1,14,0,0,1,1,1,1785533447
2026-07-31T21:53:45Z,575,1,0,19,1,0,1,1,1,1785534449
2026-07-31T21:53:45Z,576,5,3,14,0,0,1,1,1,1785534800
2026-07-31T21:53:45Z,577,18,0,13,0,0,1,1,1,1785534070
2026-07-31T21:53:45Z,578,3,0,19,1,0,1,1,1,1785534749
2026-07-31T21:53:45Z,579,7,0,36,0,0,1,1,1,1785534551
2026-07-31T21:53:45Z,580,7,0,22,0,0,1,1,1,1785534815
2026-07-31T21:53:45Z,581,10,0,8,1,0,1,1,1,1785534687
2026-07-31T21:53:45Z,582,24,0,35,2,0,1,1,1,1785534793
2026-07-31T21:53:45Z,583,2,0,20,1,0,1,1,1,1785534211
2026-07-31T21:53:45Z,584,2,1,13,4,0,1,1,1,1785534189
2026-07-31T21:53:45Z,585,0,0,26,0,1,1,1,1,1785534334
2026-07-31T21:53:45Z,586,19,3,16,0,0,1,1,1,1785534815
2026-07-31T21:53:45Z,587,5,0,18,1,0,1,1,1,1785534620
2026-07-31T21:53:45Z,588,9,3,7,2,1,1,1,1,1785534658
2026-07-31T21:53:45Z,589,6,1,16,0,0,1,1,1,1785534746
2026-07-31T21:53:45Z,590,9,1,21,1,0,1,1,1,1785534785
2026-07-31T21:53:45Z,591,4,3,24,2,0,1,1,1,1785534809
2026-07-31T21:53:45Z,592,11,0,12,0,0,1,1,1,1785534791
2026-07-31T21:53:45Z,593,14,4,24,0,0,1,1,1,1785534768
2026-07-31T21:53:45Z,594,16,0,4,1,0,1,1,1,1785534787
2026-07-31T21:53:45Z,595,0,0,3,0,0,0,1,1,1784046673
2026-07-31T21:53:45Z,605,0,0,2,1,0,0,1,1,1783975843
2026-07-31T21:53:45Z,606,0,0,0,0,0,0,1,1,86400
2026-07-31T21:53:45Z,607,14,5,16,2,0,1,1,1,1785534810
2026-07-31T21:53:45Z,608,40,0,10,0,0,1,1,1,1785534584
2026-07-31T21:53:45Z,609,1,1,22,0,0,1,1,1,1785534711
2026-07-31T21:53:45Z,610,13,0,21,1,0,1,1,1,1785534329
2026-07-31T21:53:45Z,611,14,1,12,1,0,1,1,1,1785534750
2026-07-31T21:53:45Z,612,8,1,7,0,0,1,1,1,1785533466
2026-07-31T21:53:45Z,613,12,4,0,3,0,1,1,1,1785530289
2026-07-31T21:53:45Z,614,3,3,21,2,1,1,1,1,1785534656
2026-07-31T21:53:45Z,617,9,1,3,3,0,1,1,1,1785534578
2026-07-31T21:53:45Z,618,9,1,4,6,0,1,1,1,1785534526
2026-07-31T21:53:45Z,619,6,3,13,0,0,1,1,1,1785534731
2026-07-31T21:53:45Z,620,8,0,18,1,0,1,1,1,1785534779
2026-07-31T21:53:45Z,621,4,2,19,0,0,1,1,1,1785534768
2026-07-31T21:53:45Z,622,12,1,10,1,0,1,1,1,1785534504
2026-07-31T21:53:45Z,623,20,5,10,0,0,1,1,1,1785534791
2026-07-31T21:53:45Z,624,0,0,15,0,0,1,1,1,1785534424
2026-07-31T21:53:45Z,625,15,3,1,5,0,1,1,1,1785534459
2026-07-31T21:53:45Z,626,39,0,6,0,2,1,1,1,1785534797
2026-07-31T21:53:45Z,627,15,4,4,0,0,1,1,1,1785534692
2026-07-31T21:53:45Z,628,2,2,14,2,1,1,1,1,1785533935
2026-07-31T21:53:45Z,629,3,1,6,2,0,1,1,1,1785534761
2026-07-31T21:53:45Z,630,0,0,23,4,0,1,1,1,1785534551
2026-07-31T21:53:45Z,631,6,5,17,0,0,1,1,1,1785534301
2026-07-31T21:53:45Z,632,18,1,3,2,0,1,1,1,1785532871
2026-07-31T21:53:45Z,633,11,3,1,3,0,1,1,1,1785530006
2026-07-31T21:53:45Z,634,12,2,7,0,0,1,1,1,1785532442
2026-07-31T21:53:45Z,635,16,1,3,0,0,1,1,1,1785534612
2026-07-31T21:53:45Z,636,7,2,8,0,0,1,1,1,1785526430
2026-07-31T21:53:45Z,637,9,2,8,2,0,1,1,1,1785531990
2026-07-31T21:53:45Z,638,7,2,10,2,0,1,1,1,1785533412
2026-07-31T21:53:45Z,639,11,2,6,2,0,1,1,1,1785534059
2026-07-31T21:53:45Z,640,9,6,12,2,0,1,1,1,1785534730
2026-07-31T21:53:45Z,641,5,0,22,0,0,1,1,1,1785534640
2026-07-31T21:53:45Z,642,8,4,3,8,0,1,1,1,1785534813
2026-07-31T21:53:45Z,643,2,0,17,8,0,1,1,1,1785534815
2026-07-31T21:53:45Z,644,13,1,1,1,0,1,1,1,1785533615
2026-07-31T21:53:45Z,645,15,1,6,1,1,1,1,1,1785533150
2026-07-31T21:53:45Z,646,4,1,15,0,0,1,1,1,1785533859
2026-07-31T21:53:45Z,647,3,0,28,0,0,1,1,1,1785534811
2026-07-31T21:53:45Z,648,3,0,15,1,0,1,1,1,1785534752
2026-07-31T21:53:45Z,649,0,0,30,1,0,1,1,1,1785533342
2026-07-31T21:53:45Z,650,4,1,10,0,0,1,1,1,1785533768
2026-07-31T21:53:45Z,651,8,7,15,0,0,1,1,1,1785534543
2026-07-31T21:53:45Z,652,6,3,14,3,0,1,1,1,1785534762
2026-07-31T21:53:45Z,653,3,1,15,1,0,1,1,1,1785534029
2026-07-31T21:53:45Z,654,0,0,15,0,0,1,1,1,1785534379
2026-07-31T21:53:45Z,655,8,4,0,4,1,1,1,1,1785534794
2026-07-31T21:53:45Z,656,2,1,17,0,0,1,1,1,1785534401
2026-07-31T21:53:45Z,657,11,4,2,2,2,1,1,1,1785534552
2026-07-31T21:53:45Z,658,9,1,1,0,0,1,1,1,1785533651
2026-07-31T21:53:45Z,659,7,5,6,2,0,1,1,1,1785529408
2026-07-31T21:53:45Z,660,19,5,8,4,0,1,1,1,1785534554
2026-07-31T21:53:45Z,661,6,3,13,0,0,1,1,1,1785534741
2026-07-31T21:53:45Z,662,5,2,14,4,0,1,1,1,1785533873
2026-07-31T21:53:45Z,663,2,1,13,0,0,1,1,1,1785534444
2026-07-31T21:53:45Z,664,14,0,13,0,0,1,1,1,1785533432
2026-07-31T21:53:45Z,665,9,4,6,0,0,1,1,1,1785532275
2026-07-31T21:53:45Z,666,6,2,6,3,0,1,1,1,1785533165
2026-07-31T21:53:45Z,667,5,3,12,2,0,1,1,1,1785534808
2026-07-31T21:53:45Z,668,8,1,11,0,0,1,1,1,1785534509
2026-07-31T21:53:45Z,669,5,3,7,2,0,1,1,1,1785534788
2026-07-31T21:53:45Z,670,19,0,7,1,0,1,1,1,1785533911
2026-07-31T21:53:45Z,671,23,3,4,0,0,1,1,1,1785534695
2026-07-31T21:53:45Z,672,9,1,10,3,1,1,1,1,1785534324
2026-07-31T21:53:45Z,673,12,0,11,0,0,1,1,1,1785534558
2026-07-31T21:53:45Z,674,2,0,19,2,0,1,1,1,1785534622
2026-07-31T21:53:45Z,675,1,1,12,2,0,1,1,1,1785532946
2026-07-31T21:53:45Z,676,8,0,13,1,0,1,1,1,1785534556
2026-07-31T21:53:45Z,681,10,4,4,0,1,1,1,1,1785534564
2026-07-31T21:53:45Z,682,6,1,13,0,0,1,1,1,1785534288
2026-07-31T21:53:45Z,683,1,1,18,0,0,1,1,1,1785527602
2026-07-31T21:53:45Z,684,3,1,24,0,0,1,1,1,1785518528
2026-07-31T21:53:45Z,685,5,0,20,1,1,1,1,1,1785534297
2026-07-31T21:53:45Z,686,10,0,14,3,0,1,1,1,1785534606
2026-07-31T21:53:45Z,687,12,1,17,1,1,1,1,1,1785534631
2026-07-31T21:53:45Z,688,12,1,7,0,0,1,1,1,1785534682
2026-07-31T21:53:45Z,692,1,1,20,0,0,1,1,1,1785534814
2026-07-31T21:53:45Z,693,6,0,2,3,0,1,1,1,1785534253
2026-07-31T21:53:45Z,694,9,4,12,0,0,1,1,1,1785534118
2026-07-31T21:53:45Z,695,3,2,19,1,0,1,1,1,1785534443
2026-07-31T21:53:45Z,696,16,13,7,0,0,1,1,1,1785534592
2026-07-31T21:53:45Z,697,18,3,4,1,0,1,1,1,1785534742
2026-07-31T21:53:45Z,698,25,2,2,0,0,1,1,1,1785534788
2026-07-31T21:53:45Z,699,5,0,9,1,0,1,1,1,1785534641
2026-07-31T21:53:45Z,700,14,0,3,2,0,1,1,1,1785534619
2026-07-31T21:53:45Z,701,15,3,4,0,0,1,1,1,1785534265
2026-07-31T21:53:45Z,702,4,1,18,1,0,1,1,1,1785534680
2026-07-31T21:53:45Z,704,4,0,11,0,0,1,1,1,1785534465
2026-07-31T21:53:45Z,705,1,0,14,0,0,1,1,1,1785534127
2026-07-31T21:53:45Z,706,4,1,9,2,0,1,1,1,1785534195
2026-07-31T21:53:45Z,707,7,1,8,0,0,1,1,1,1785534761
2026-07-31T21:53:45Z,708,16,1,2,1,0,1,1,1,1785534070
2026-07-31T21:53:45Z,709,5,0,8,2,0,1,1,1,1785534757
2026-07-31T21:53:45Z,710,3,0,15,1,0,1,1,1,1785534578
2026-07-31T21:53:45Z,711,7,2,13,3,0,1,1,1,1785534756
2026-07-31T21:53:45Z,712,7,6,7,1,0,1,1,1,1785534668
2026-07-31T21:53:45Z,713,2,1,21,0,0,1,1,1,1785534446
2026-07-31T21:53:45Z,716,4,3,11,0,0,1,1,1,1785534550
2026-07-31T21:53:45Z,717,3,1,20,2,0,1,1,1,1785534684
2026-07-31T21:53:45Z,718,5,1,8,2,0,1,1,1,1785534729
2026-07-31T21:53:45Z,719,4,0,25,0,0,1,1,1,1785534178
2026-07-31T21:53:45Z,720,0,0,19,0,0,1,1,1,1785534816
2026-07-31T21:53:45Z,721,6,0,15,2,0,1,1,1,1785534736
2026-07-31T21:53:45Z,722,7,1,8,0,0,1,1,1,1785534592
2026-07-31T21:53:45Z,723,14,2,9,0,0,1,1,1,1785534808
2026-07-31T21:53:45Z,724,10,3,13,0,0,1,1,1,1785534625
2026-07-31T21:53:45Z,725,0,0,22,1,0,1,1,1,1785533729
2026-07-31T21:53:45Z,726,9,0,9,1,0,1,1,1,1785534488
2026-07-31T21:53:45Z,727,10,5,12,1,0,1,1,1,1785533851
2026-07-31T21:53:45Z,728,9,0,5,1,0,1,1,1,1785533306
2026-07-31T21:53:45Z,729,6,1,13,0,0,1,1,1,1785534813
2026-07-31T21:53:45Z,730,0,0,12,3,0,1,1,1,1785533905
2026-07-31T21:53:45Z,731,4,3,9,2,0,1,1,1,1785533576
2026-07-31T21:53:45Z,732,3,2,12,0,0,1,1,1,1785534062
2026-07-31T21:53:45Z,733,11,2,16,0,0,1,1,1,1785534008
2026-07-31T21:53:45Z,734,3,0,11,0,0,1,1,1,1785534161
2026-07-31T21:53:45Z,735,24,10,3,0,0,1,1,1,1785534797
2026-07-31T21:53:45Z,736,12,1,7,0,0,1,1,1,1785533480
2026-07-31T21:53:45Z,737,2,1,12,0,1,1,1,1,1785533530
2026-07-31T21:53:45Z,738,14,4,5,0,0,1,1,1,1785533872
2026-07-31T21:53:45Z,739,17,0,9,1,0,1,1,1,1785533234
2026-07-31T21:53:45Z,741,7,0,16,0,0,1,1,1,1785533375
2026-07-31T21:53:45Z,742,10,6,23,2,0,1,1,1,1785534798
2026-07-31T21:53:45Z,743,5,2,14,0,0,1,1,1,1785533254
2026-07-31T21:53:45Z,744,9,2,6,0,0,1,1,1,1785534543
2026-07-31T21:53:45Z,745,12,4,7,0,0,1,1,1,1785534074
2026-07-31T21:53:45Z,746,3,0,19,1,0,1,1,1,1785534653
2026-07-31T21:53:45Z,747,0,0,4,0,0,0,1,1,1783446606
2026-07-31T21:53:45Z,748,8,0,15,0,0,1,1,1,1785534632
2026-07-31T21:53:45Z,749,3,0,20,0,0,1,1,1,1785534795
2026-07-31T21:53:45Z,750,6,3,3,2,0,1,1,1,1785534715
2026-07-31T21:53:45Z,751,18,13,5,0,0,1,1,1,1785534745
2026-07-31T21:53:45Z,752,1,0,15,1,0,1,1,1,1785534674
2026-07-31T21:53:45Z,753,1,0,13,1,0,1,1,1,1785534135
2026-07-31T21:53:45Z,754,5,1,10,0,0,1,1,1,1785534215
2026-07-31T21:53:45Z,755,14,4,8,1,0,1,1,1,1785534485
2026-07-31T21:53:45Z,756,5,4,31,1,0,1,1,1,1785534669
2026-07-31T21:53:45Z,757,3,1,16,0,0,1,1,1,1785534810
2026-07-31T21:53:45Z,758,1,1,21,1,0,1,1,1,1785534653
2026-07-31T21:53:45Z,759,0,0,0,0,0,1,1,1,86400
2026-07-31T21:53:45Z,760,9,2,10,0,0,1,1,1,1785531870
2026-07-31T21:53:45Z,761,2,1,21,0,0,1,1,1,1785534375
2026-07-31T21:53:45Z,762,4,2,6,5,0,1,1,1,1785533058
2026-07-31T21:53:45Z,768,7,0,8,4,0,1,1,1,1785534203
2026-07-31T21:53:45Z,769,12,10,6,1,0,1,1,1,1785534500
2026-07-31T21:53:45Z,770,6,2,11,2,0,1,1,1,1785533614
2026-07-31T21:53:45Z,771,12,1,2,1,0,1,1,1,1785534193
2026-07-31T21:53:45Z,772,1,0,14,0,0,1,1,1,1785534276
2026-07-31T21:53:45Z,773,16,2,3,0,0,1,1,1,1785533744
2026-07-31T21:53:45Z,774,7,1,4,4,0,1,1,1,1785533343
2026-07-31T21:53:45Z,775,6,1,11,1,1,1,1,1,1785533232
2026-07-31T21:53:45Z,776,1,0,19,1,0,1,1,1,1785533840
2026-07-31T21:53:45Z,777,14,5,1,0,0,1,1,1,1785533893
2026-07-31T21:53:45Z,778,13,0,6,0,0,1,1,1,1785534098
2026-07-31T21:53:45Z,779,6,0,12,1,0,1,1,1,1785534550
2026-07-31T21:53:45Z,780,5,1,14,0,0,1,1,1,1785534750
2026-07-31T21:53:45Z,781,3,1,6,2,0,1,1,1,1785534165
2026-07-31T21:53:45Z,782,0,0,15,4,0,1,1,1,1785533265
2026-07-31T21:53:45Z,783,6,2,13,0,0,1,1,1,1785534310
2026-07-31T21:53:45Z,784,6,2,13,0,0,1,1,1,1785534674
2026-07-31T21:53:45Z,785,10,2,3,6,0,1,1,1,1785534594
2026-07-31T21:53:45Z,786,10,5,9,0,0,1,1,1,1785534201
2026-07-31T21:53:45Z,787,4,3,10,1,0,1,1,1,1785534667
2026-07-31T21:53:45Z,788,6,1,9,0,0,1,1,1,1785534796
2026-07-31T21:53:45Z,789,7,2,4,4,0,1,1,1,1785533187
2026-07-31T21:53:45Z,790,2,0,20,1,0,1,1,1,1785534666
2026-07-31T21:53:45Z,791,10,1,8,0,1,1,1,1,1785533750
2026-07-31T21:53:45Z,793,4,0,10,1,0,1,1,1,1785533309
2026-07-31T21:53:45Z,794,12,2,15,2,0,1,1,1,1785534714
2026-07-31T21:53:45Z,796,6,3,12,1,0,1,1,1,1785533352
2026-07-31T21:53:45Z,797,3,1,12,0,0,1,1,1,1785534474
2026-07-31T21:53:45Z,798,18,0,6,1,0,1,1,1,1785533154
2026-07-31T21:53:45Z,799,13,2,2,4,0,1,1,1,1785533972
2026-07-31T21:53:45Z,800,0,0,20,1,0,1,1,1,1785534628
2026-07-31T21:53:45Z,801,4,2,16,1,0,1,1,1,1785534520
2026-07-31T21:53:45Z,802,9,0,22,0,0,1,1,1,1785533433
2026-07-31T21:53:45Z,803,2,0,13,0,0,1,1,1,1785534763
2026-07-31T21:53:45Z,806,4,3,10,1,0,1,1,1,1785534583
2026-07-31T21:53:45Z,807,11,5,11,3,0,1,1,1,1785534143
2026-07-31T21:53:45Z,808,16,3,6,3,0,1,1,1,1785534812
2026-07-31T21:53:45Z,809,4,1,18,1,0,1,1,1,1785533205
2026-07-31T21:53:45Z,810,4,2,13,2,0,1,1,1,1785533570
2026-07-31T21:53:45Z,815,8,3,2,4,1,1,1,1,1785534787
2026-07-31T21:53:45Z,817,10,5,5,0,0,1,1,1,1785534743
2026-07-31T21:53:45Z,818,6,1,17,0,0,1,1,1,1785533833
2026-07-31T21:53:45Z,819,7,4,8,0,0,1,1,1,1785532837
2026-07-31T21:53:45Z,820,10,0,7,0,0,1,1,1,1785534175
2026-07-31T21:53:45Z,821,4,3,11,0,0,1,1,1,1785534112
2026-07-31T21:53:45Z,822,2,0,20,1,0,1,1,1,1785534743
2026-07-31T21:53:45Z,823,15,2,0,0,0,1,1,1,1785534592
2026-07-31T21:53:45Z,824,9,5,10,0,0,1,1,1,1785534685
2026-07-31T21:53:45Z,825,5,4,9,1,0,1,1,1,1785533040
2026-07-31T21:53:45Z,826,7,1,10,2,0,1,1,1,1785534793
2026-07-31T21:53:45Z,827,18,4,1,2,0,1,1,1,1785533798
2026-07-31T21:53:45Z,828,13,1,3,2,0,1,1,1,1785534621
2026-07-31T21:53:45Z,829,17,6,10,0,0,1,1,1,1785534484
2026-07-31T21:53:45Z,830,15,0,7,1,0,1,1,1,1785534671
2026-07-31T21:53:45Z,831,4,3,9,2,0,1,1,1,1785534607
2026-07-31T21:53:45Z,832,7,3,8,3,0,1,1,1,1785534706
2026-07-31T21:53:45Z,833,3,1,15,1,0,1,1,1,1785534453
2026-07-31T21:53:45Z,834,20,0,3,1,0,1,1,1,1785534797
2026-07-31T21:53:45Z,835,6,1,10,2,0,1,1,1,1785534186
2026-07-31T21:53:45Z,838,3,2,11,1,0,1,1,1,1785534351
2026-07-31T21:53:45Z,839,17,1,11,1,0,1,1,1,1785534776
2026-07-31T21:53:45Z,840,0,0,28,1,0,1,1,1,1785534087
2026-07-31T21:53:45Z,841,8,2,7,0,0,1,1,1,1785534511
2026-07-31T21:53:45Z,842,1,0,22,0,0,1,1,1,1785534443
2026-07-31T21:53:45Z,843,14,2,17,0,0,1,1,1,1785533005
2026-07-31T21:53:45Z,844,4,0,19,0,0,1,1,1,1785534719
2026-07-31T21:53:45Z,845,4,3,13,2,0,1,1,1,1785534788
2026-07-31T21:53:45Z,846,4,2,14,1,0,1,1,1,1785533924
2026-07-31T21:53:45Z,847,6,1,20,1,0,1,1,1,1785533832
2026-07-31T21:53:45Z,848,4,3,14,1,0,1,1,1,1785534434
2026-07-31T21:53:45Z,849,6,0,8,1,0,1,1,1,1785534374
2026-07-31T21:53:45Z,850,6,0,5,0,0,1,1,1,1785534010
2026-07-31T21:53:45Z,851,4,4,30,3,0,1,1,1,1785534071
2026-07-31T21:53:45Z,852,10,4,9,0,0,1,1,1,1785534588
2026-07-31T21:53:45Z,853,11,5,12,0,0,1,1,1,1785533631
2026-07-31T21:53:45Z,854,1,1,14,0,0,1,1,1,1785534365
2026-07-31T21:53:45Z,855,26,0,1,0,0,1,1,1,1785533207
2026-07-31T21:53:45Z,857,4,4,12,3,0,1,1,1,1785534666
2026-07-31T21:53:45Z,858,5,2,13,1,0,1,1,1,1785533377
2026-07-31T21:53:45Z,859,8,0,12,1,0,1,1,1,1785533558
2026-07-31T21:53:45Z,861,6,0,4,1,0,1,1,1,1785528609
2026-07-31T21:53:45Z,862,4,2,11,0,0,1,1,1,1785534556
2026-07-31T21:53:45Z,863,14,1,4,1,0,1,1,1,1785534680
2026-07-31T21:53:45Z,866,11,1,8,0,0,1,1,1,1785534621
2026-07-31T21:53:45Z,867,14,2,1,0,0,1,1,1,1785534158
2026-07-31T21:53:45Z,868,7,0,8,0,0,1,1,1,1785534411
2026-07-31T21:53:45Z,870,8,5,7,0,0,1,1,1,1785534639
2026-07-31T21:53:45Z,871,0,0,10,1,0,1,1,1,1785533962
2026-07-31T21:53:45Z,872,1,0,13,1,0,1,1,1,1785534548
2026-07-31T21:53:45Z,873,6,0,25,2,0,1,1,1,1785534800
2026-07-31T21:53:45Z,874,6,0,6,3,0,1,1,1,1785534742
2026-07-31T21:53:45Z,875,12,8,1,2,0,1,1,1,1785534770
2026-07-31T21:53:45Z,877,13,12,6,0,0,1,1,1,1785534241
2026-07-31T21:53:45Z,878,3,3,16,0,0,1,1,1,1785534813
2026-07-31T21:53:45Z,879,2,0,17,0,0,1,1,1,1785533846
2026-07-31T21:53:45Z,880,3,0,19,1,0,1,1,1,1785534772
2026-07-31T21:53:45Z,881,3,0,16,0,0,1,1,1,1785534677
2026-07-31T21:53:45Z,882,9,3,9,1,0,1,1,1,1785534469
2026-07-31T21:53:45Z,883,7,3,12,0,0,1,1,1,1785533324
2026-07-31T21:53:45Z,884,11,7,10,0,0,1,1,1,1785534263
2026-07-31T21:53:45Z,885,0,0,19,0,0,1,1,1,1785534476
2026-07-31T21:53:45Z,886,3,0,25,1,0,1,1,1,1785534625
2026-07-31T21:53:45Z,887,6,2,7,4,0,1,1,1,1785534681
2026-07-31T21:53:45Z,888,7,0,31,3,0,1,1,1,1785534790
2026-07-31T21:53:45Z,889,2,0,15,2,0,1,1,1,1785534784
2026-07-31T21:53:45Z,890,8,4,7,0,0,1,1,1,1785527402
2026-07-31T21:53:45Z,891,18,0,4,1,0,1,1,1,1785534023
2026-07-31T21:53:45Z,892,11,1,4,0,0,1,1,1,1785534415
2026-07-31T21:53:45Z,895,3,0,16,0,0,1,1,1,1785534035
2026-07-31T21:53:45Z,896,7,2,28,0,0,1,1,1,1785534764
2026-07-31T21:53:45Z,897,16,1,5,0,0,1,1,1,1785534713
2026-07-31T21:53:45Z,898,2,0,17,0,0,1,1,1,1785534388
2026-07-31T21:53:45Z,899,1,0,17,1,0,1,1,1,1785534449
2026-07-31T21:53:45Z,900,6,0,20,1,0,1,1,1,1785534471
2026-07-31T21:53:45Z,901,2,0,16,1,0,1,1,1,1785534677
2026-07-31T21:53:45Z,902,5,1,10,0,0,1,1,1,1785534290
2026-07-31T21:53:45Z,903,7,2,11,1,0,1,1,1,1785533875
2026-07-31T21:53:45Z,904,10,4,8,1,0,1,1,1,1785534793
2026-07-31T21:53:45Z,905,13,0,13,1,0,1,1,1,1785534621
2026-07-31T21:53:45Z,906,17,8,9,1,0,1,1,1,1785534391
2026-07-31T21:53:45Z,907,4,0,27,0,0,1,1,1,1785534608
2026-07-31T21:53:45Z,908,12,2,11,0,0,1,1,1,1785534809
2026-07-31T21:53:45Z,909,10,8,13,0,0,1,1,1,1785534812
2026-07-31T21:53:45Z,910,18,0,9,4,0,1,1,1,1785534817
2026-07-31T21:53:45Z,911,4,1,15,0,0,1,1,1,1785534321
2026-07-31T21:53:45Z,912,0,0,22,1,0,1,1,1,1785534815
2026-07-31T21:53:45Z,913,6,4,13,0,0,1,1,1,1785533504
2026-07-31T21:53:45Z,914,16,1,1,2,0,1,1,1,1785534482
2026-07-31T21:53:45Z,915,16,1,4,3,0,1,1,1,1785534791
2026-07-31T21:53:45Z,916,6,1,17,0,0,1,1,1,1785534800
2026-07-31T21:53:45Z,917,6,0,28,1,0,1,1,1,1785534678
2026-07-31T21:53:45Z,918,0,0,17,2,0,1,1,1,1785534793
2026-07-31T21:53:45Z,919,22,1,16,1,0,1,1,1,1785534812
2026-07-31T21:53:45Z,920,7,2,12,0,0,1,1,1,1785533284
2026-07-31T21:53:45Z,921,12,0,9,0,0,1,1,1,1785534488
2026-07-31T21:53:45Z,922,0,0,21,0,0,1,1,1,1785533523
2026-07-31T21:53:45Z,923,8,3,11,0,0,1,1,1,1785534795
2026-07-31T21:53:45Z,924,5,0,15,1,0,1,1,1,1785533679
2026-07-31T21:53:45Z,925,11,0,10,0,0,1,1,1,1785533185
2026-07-31T21:53:45Z,926,2,0,19,0,0,1,1,1,1785534180
2026-07-31T21:53:45Z,927,25,2,10,0,0,1,1,1,1785534245
2026-07-31T21:53:45Z,928,0,0,19,0,0,0,1,1,1785500252
2026-07-31T21:53:45Z,929,12,1,10,1,0,1,1,1,1785534692
2026-07-31T21:53:45Z,930,8,0,22,1,0,1,1,1,1785534801
2026-07-31T21:53:45Z,931,8,3,14,1,0,1,1,1,1785534753
2026-07-31T21:53:45Z,932,9,0,8,2,0,1,1,1,1785534646
2026-07-31T21:53:45Z,933,2,1,19,2,0,1,1,1,1785534499
2026-07-31T21:53:45Z,934,29,0,1,1,0,1,1,1,1785534680
2026-07-31T21:53:45Z,935,11,0,7,1,0,1,1,1,1785534753
2026-07-31T21:53:45Z,936,4,0,15,0,0,1,1,1,1785534680
2026-07-31T21:53:45Z,940,6,0,4,1,0,1,1,1,1785534507
2026-07-31T21:53:45Z,941,17,2,5,3,0,1,1,1,1785534054
2026-07-31T21:53:45Z,942,13,0,8,0,0,1,1,1,1785534338
2026-07-31T21:53:45Z,943,8,8,7,0,0,1,1,1,1785534628
2026-07-31T21:53:45Z,944,10,8,5,0,0,1,1,1,1785534476
2026-07-31T21:53:45Z,945,10,8,5,0,0,1,1,1,1785534000
2026-07-31T21:53:45Z,946,7,5,12,0,0,1,1,1,1785523835
2026-07-31T21:53:45Z,947,5,3,12,0,0,1,1,1,1785534499
2026-07-31T21:53:45Z,948,19,14,8,4,0,1,1,1,1785534333
2026-07-31T21:53:45Z,949,1,1,13,1,0,1,1,1,1785534661
2026-07-31T21:53:45Z,950,6,3,10,1,0,1,1,1,1785534713
2026-07-31T21:53:45Z,951,19,7,4,0,0,1,1,1,1785534814
2026-07-31T21:53:45Z,952,18,0,36,1,0,1,1,1,1785534689
2026-07-31T21:53:45Z,953,2,0,12,1,0,1,1,1,1785534809
2026-07-31T21:53:45Z,954,7,0,12,0,0,1,1,1,1785534641
2026-07-31T21:53:45Z,955,7,4,14,6,0,1,1,1,1785534132
2026-07-31T21:53:45Z,956,13,0,8,2,0,1,1,1,1785534800
2026-07-31T21:53:45Z,957,18,2,9,2,0,1,1,1,1785534806
2026-07-31T21:53:45Z,958,23,0,6,2,0,1,1,1,1785534794
2026-07-31T21:53:45Z,959,6,2,16,1,0,1,1,1,1785534733
2026-07-31T21:53:45Z,960,1,0,22,0,0,1,1,1,1785534786
2026-07-31T21:53:45Z,961,3,0,17,3,0,1,1,1,1785534310
2026-07-31T21:53:45Z,962,7,1,25,3,0,1,1,1,1785533860
2026-07-31T21:53:45Z,963,6,0,16,1,0,1,1,1,1785534778
2026-07-31T21:53:45Z,964,13,10,10,0,0,1,1,1,1785534700
2026-07-31T21:53:45Z,965,11,5,15,1,0,1,1,1,1785534791
2026-07-31T21:53:45Z,966,8,0,22,1,0,1,1,1,1785534167
2026-07-31T21:53:45Z,967,19,1,0,2,0,1,1,1,1785534393
2026-07-31T21:53:45Z,968,15,0,3,1,0,1,1,1,1785534515
2026-07-31T21:53:45Z,969,3,0,22,2,0,1,1,1,1785533858
2026-07-31T21:53:45Z,970,0,0,18,1,0,1,1,1,1785534022
2026-07-31T21:53:45Z,971,4,0,18,1,0,1,1,1,1785534651
2026-07-31T21:53:45Z,972,11,4,11,1,0,1,1,1,1785534514
2026-07-31T21:53:45Z,973,6,0,16,1,0,1,1,1,1785534529
2026-07-31T21:53:45Z,974,16,0,10,1,0,1,1,1,1785534815
2026-07-31T21:53:45Z,977,4,2,15,2,0,1,1,1,1785534754
2026-07-31T21:53:45Z,978,19,0,4,0,0,1,1,1,1785534465
2026-07-31T21:53:45Z,979,0,0,17,0,0,1,1,1,1785533292
2026-07-31T21:53:45Z,980,0,0,20,1,0,1,1,1,1785534123
2026-07-31T21:53:45Z,981,7,0,14,0,0,1,1,1,1785534377
2026-07-31T21:53:45Z,982,4,1,14,1,0,1,1,1,1785534555
2026-07-31T21:53:45Z,983,2,2,21,0,0,1,1,1,1785533207
2026-07-31T21:53:45Z,984,6,0,17,0,0,1,1,1,1785534365
2026-07-31T21:53:45Z,985,6,1,24,1,0,1,1,1,1785534814
2026-07-31T21:53:45Z,986,4,0,15,0,0,1,1,1,1785534557
2026-07-31T21:53:45Z,987,7,1,16,0,0,1,1,1,1785533320
2026-07-31T21:53:45Z,988,6,4,13,0,0,1,1,1,1785534729
2026-07-31T21:53:45Z,989,7,4,12,0,0,1,1,1,1785533710
2026-07-31T21:53:45Z,990,11,0,3,1,0,1,1,1,1785534717
2026-07-31T21:53:45Z,991,9,0,9,1,0,1,1,1,1785534465
2026-07-31T21:53:45Z,992,9,5,14,0,0,1,1,1,1785533535
2026-07-31T21:53:45Z,993,3,3,23,1,0,1,1,1,1785534059
2026-07-31T21:53:45Z,994,0,0,21,0,0,1,1,1,1785533782
2026-07-31T21:53:45Z,995,7,1,20,0,0,1,1,1,1785534810
2026-07-31T21:53:45Z,996,8,2,15,0,0,1,1,1,1785534640
2026-07-31T21:53:45Z,997,5,4,6,9,3,1,1,1,1785533514
2026-07-31T21:53:45Z,998,5,4,18,0,0,1,1,1,1785533080
2026-07-31T21:53:45Z,999,4,1,15,1,1,1,1,1,1785534757
2026-07-31T21:53:45Z,1000,3,2,18,0,0,1,1,1,1785534365
2026-07-31T21:53:45Z,1001,5,3,22,0,0,1,1,1,1785533147
2026-07-31T21:53:45Z,1002,3,2,27,1,0,1,1,1,1785533180
2026-07-31T21:53:45Z,1003,1,0,22,0,0,1,1,1,1785534533
2026-07-31T21:53:45Z,1004,8,2,15,0,0,1,1,1,1785534022
2026-07-31T21:53:45Z,1005,20,1,3,0,0,1,1,1,1785534725
2026-07-31T21:53:45Z,1006,8,4,11,0,0,1,1,1,1785534529
2026-07-31T21:53:45Z,1007,2,1,19,0,0,1,1,1,1785534605
2026-07-31T21:53:45Z,1008,8,7,15,0,0,1,1,1,1785533712
2026-07-31T21:53:45Z,1009,22,5,8,1,0,1,1,1,1785533622
2026-07-31T21:53:45Z,1010,8,2,19,0,0,1,1,1,1785534440
2026-07-31T21:53:45Z,1011,7,2,10,2,0,1,1,1,1785533084
2026-07-31T21:53:45Z,1012,5,3,16,2,0,1,1,1,1785534497
2026-07-31T21:53:45Z,1013,4,1,18,1,0,1,1,1,1785533238
2026-07-31T21:53:45Z,1014,9,4,14,0,0,1,1,1,1785534045
2026-07-31T21:53:45Z,1015,4,3,26,1,0,1,1,1,1785533556
2026-07-31T21:53:45Z,1016,10,5,21,0,0,1,1,1,1785534453
2026-07-31T21:53:45Z,1017,13,5,8,0,0,1,1,1,1785533888
2026-07-31T21:53:45Z,1018,6,2,16,0,0,1,1,1,1785534575
2026-07-31T21:53:45Z,1019,8,5,7,0,0,1,1,1,1785534436
2026-07-31T21:53:45Z,1020,19,5,2,0,0,1,1,1,1785533753
2026-07-31T21:53:45Z,1021,9,4,6,0,0,1,1,1,1785533423
2026-07-31T21:53:45Z,1022,14,0,13,0,0,1,1,1,1785534711
2026-07-31T21:53:45Z,1023,14,2,9,0,0,1,1,1,1785534330
2026-07-31T21:53:45Z,1024,3,1,16,0,0,1,1,1,1785533880
2026-07-31T21:53:45Z,1025,4,0,14,0,1,1,1,1,1785534695
2026-07-31T21:53:45Z,1026,11,9,19,1,0,1,1,1,1785534236
2026-07-31T21:53:45Z,1028,3,1,20,0,0,1,1,1,1785534669
2026-07-31T21:53:45Z,1029,12,10,3,0,0,1,1,1,1785533733
2026-07-31T21:53:45Z,1030,13,4,10,0,0,1,1,1,1785533549
2026-07-31T21:53:45Z,1031,9,1,10,0,0,1,1,1,1785533854
2026-07-31T21:53:45Z,1032,7,1,12,0,0,1,1,1,1785534525
2026-07-31T21:53:45Z,1033,9,5,10,0,0,1,1,1,1785533535
2026-07-31T21:53:45Z,1034,3,0,12,0,0,1,1,1,1785534505
2026-07-31T21:53:45Z,1035,0,0,18,1,0,1,1,1,1785534531
2026-07-31T21:53:45Z,1036,13,0,2,0,0,1,1,1,1785533270
2026-07-31T21:53:45Z,1037,1,1,18,0,0,1,1,1,1785534743
2026-07-31T21:53:45Z,1038,1,0,14,0,0,1,1,1,1785534195
2026-07-31T21:53:45Z,1039,7,0,12,0,0,1,1,1,1785534676
2026-07-31T21:53:45Z,1040,8,5,11,0,0,1,1,1,1785534580
2026-07-31T21:53:45Z,1041,10,2,9,0,0,1,1,1,1785534446
2026-07-31T21:53:45Z,1042,3,0,11,1,0,1,1,1,1785534678
2026-07-31T21:53:45Z,1043,9,5,10,0,0,1,1,1,1785534607
2026-07-31T21:53:45Z,1044,1,0,14,0,0,1,1,1,1785534250
2026-07-31T21:53:45Z,1045,9,0,10,0,0,1,1,1,1785534508
2026-07-31T21:53:45Z,1046,9,0,6,0,0,1,1,1,1785533878
2026-07-31T21:53:45Z,1047,4,0,17,0,0,1,1,1,1785533482
2026-07-31T21:53:45Z,1048,1,0,18,0,0,1,1,1,1785534488
2026-07-31T21:53:45Z,1049,0,0,21,0,0,1,1,1,1785534594
2026-07-31T21:53:45Z,1050,20,5,1,0,0,1,1,1,1785533880
2026-07-31T21:53:45Z,1051,9,4,12,0,0,1,1,1,1785534812
2026-07-31T21:53:45Z,1052,16,1,5,1,0,1,1,1,1785534386
2026-07-31T21:53:45Z,1053,2,1,13,0,0,1,1,1,1785534387
2026-07-31T21:53:45Z,1054,5,1,10,0,0,1,1,1,1785534634
2026-07-31T21:53:45Z,1055,8,1,11,0,0,1,1,1,1785534663
2026-07-31T21:53:45Z,1057,4,0,15,0,0,1,1,1,1785534762
2026-07-31T21:53:45Z,1058,9,1,47,0,0,1,1,1,1785534709
2026-07-31T21:53:45Z,1059,1,1,17,1,0,1,1,1,1785534508
2026-07-31T21:53:45Z,1060,14,0,23,0,0,1,1,1,1785534710
2026-07-31T21:53:45Z,1061,16,0,21,0,0,1,1,1,1785534803
2026-07-31T21:53:45Z,1062,9,1,8,0,0,1,1,1,1785534133
2026-07-31T21:53:45Z,1063,12,1,6,1,0,1,1,1,1785534568
2026-07-31T21:53:45Z,1064,3,0,19,1,0,1,1,1,1785533123
2026-07-31T21:53:45Z,1065,16,3,7,0,0,1,1,1,1785533368
2026-07-31T21:53:45Z,1066,12,2,11,0,0,1,1,1,1785533187
2026-07-31T21:53:45Z,1067,8,2,13,2,0,1,1,1,1785533463
2026-07-31T21:53:45Z,1068,5,2,15,3,0,1,1,1,1785533002
2026-07-31T21:53:45Z,1069,12,3,11,0,0,1,1,1,1785534817
2026-07-31T21:53:45Z,1070,12,2,11,0,0,1,1,1,1785533105
2026-07-31T21:53:45Z,1071,8,4,15,0,0,1,1,1,1785533140
2026-07-31T21:53:45Z,1072,11,1,11,1,0,1,1,1,1785533548
2026-07-31T21:53:45Z,1073,10,0,16,1,0,1,1,1,1785534800
2026-07-31T21:53:45Z,1074,28,0,24,1,0,1,1,1,1785534807
2026-07-31T21:53:45Z,1075,8,8,13,0,0,1,1,1,1785533851
2026-07-31T21:53:45Z,1076,13,10,8,0,0,1,1,1,1785533773
2026-07-31T21:53:45Z,1077,12,8,9,0,0,1,1,1,1785533414
2026-07-31T21:53:45Z,1078,12,9,9,0,0,1,1,1,1785534463
2026-07-31T21:53:45Z,1079,14,10,7,0,0,1,1,1,1785534428
2026-07-31T21:53:45Z,1080,11,8,8,2,0,1,1,1,1785534356
2026-07-31T21:53:45Z,1081,13,7,6,0,0,1,1,1,1785533539
2026-07-31T21:53:45Z,1082,12,11,11,0,0,1,1,1,1785534431
2026-07-31T21:53:45Z,1083,12,10,9,0,0,1,1,1,1785534699
2026-07-31T21:53:45Z,1084,9,7,12,0,0,1,1,1,1785534314
2026-07-31T21:53:45Z,1085,12,9,9,0,0,1,1,1,1785534027
2026-07-31T21:53:45Z,1086,11,9,9,1,0,1,1,1,1785534720
2026-07-31T21:53:45Z,1087,7,7,8,0,0,1,1,1,1785533791
2026-07-31T21:53:45Z,1088,9,6,6,0,0,1,1,1,1785534569
2026-07-31T21:53:45Z,1089,7,3,8,0,0,1,1,1,1785529453
2026-07-31T21:53:45Z,1090,6,5,9,0,0,1,1,1,1785533858
2026-07-31T21:53:45Z,1091,7,5,8,0,0,1,1,1,1785533703
2026-07-31T21:53:45Z,1092,10,9,4,1,0,1,1,1,1785534786
2026-07-31T21:53:45Z,1093,5,5,9,1,0,1,1,1,1785533774
2026-07-31T21:53:45Z,1094,10,9,9,0,0,1,1,1,1785534519
2026-07-31T21:53:45Z,1095,10,8,5,0,0,1,1,1,1785534494
2026-07-31T21:53:45Z,1096,9,8,10,0,0,1,1,1,1785534257
2026-07-31T21:53:45Z,1097,8,8,7,0,0,1,1,1,1785533271
2026-07-31T21:53:45Z,1098,9,7,10,0,0,1,1,1,1785534126
2026-07-31T21:53:45Z,1099,7,6,8,0,0,1,1,1,1785534354
2026-07-31T21:53:45Z,1100,6,4,23,0,0,1,1,1,1785532207
2026-07-31T21:53:45Z,1101,10,5,11,0,0,1,1,1,1785534282
2026-07-31T21:53:45Z,1102,9,4,4,0,0,1,1,1,1785533481
2026-07-31T21:53:45Z,1103,11,5,10,0,0,1,1,1,1785503681
2026-07-31T21:53:45Z,1104,11,6,10,0,0,1,1,1,1785534033
2026-07-31T21:53:45Z,1105,8,4,5,0,0,1,1,1,1785533364
2026-07-31T21:53:45Z,1106,10,5,11,0,0,1,1,1,1785534374
2026-07-31T21:53:45Z,1107,9,5,6,0,0,1,1,1,1785534616
2026-07-31T21:53:45Z,1108,9,5,15,2,1,1,1,1,1785533813
2026-07-31T21:53:45Z,1109,7,3,8,0,0,1,1,1,1785534558
2026-07-31T21:53:45Z,1110,11,3,10,0,0,1,1,1,1785533897
2026-07-31T21:53:45Z,1111,7,3,13,1,0,1,1,1,1785534505
2026-07-31T21:53:45Z,1112,20,0,33,0,0,1,1,1,1785534810
2026-07-31T21:53:45Z,1113,1,0,20,0,0,1,1,1,1785533813
2026-07-31T21:53:45Z,1115,14,1,5,4,0,1,1,1,1785534057
2026-07-31T21:53:45Z,1116,2,0,17,0,0,1,1,1,1785534545
2026-07-31T21:53:45Z,1117,2,1,20,1,0,1,1,1,1785534513
2026-07-31T21:53:45Z,1118,17,1,4,0,0,1,1,1,1785534433
2026-07-31T21:53:45Z,1119,5,0,12,0,0,1,1,1,1785534610
2026-07-31T21:53:45Z,1120,5,1,13,1,0,1,1,1,1785534636
2026-07-31T21:53:45Z,1121,9,1,11,1,0,1,1,1,1785534636
2026-07-31T21:53:45Z,1122,6,2,14,1,0,1,1,1,1785534672
2026-07-31T21:53:45Z,1123,11,8,10,2,0,1,1,1,1785534574
2026-07-31T21:53:45Z,1124,5,1,8,2,0,1,1,1,1785534290
2026-07-31T21:53:45Z,1125,17,1,6,0,0,1,1,1,1785534709
2026-07-31T21:53:45Z,1126,5,0,16,0,0,1,1,1,1785534376
2026-07-31T21:53:45Z,1127,6,2,13,0,0,1,1,1,1785534349
2026-07-31T21:53:45Z,1128,1,1,14,0,0,1,1,1,1785534511
2026-07-31T21:53:45Z,1129,2,1,17,2,0,1,1,1,1785534624
2026-07-31T21:53:45Z,1130,11,1,3,1,0,1,1,1,1785534412
2026-07-31T21:53:45Z,1131,1,1,47,1,0,1,1,1,1785534329
2026-07-31T21:53:45Z,1132,10,4,10,1,0,1,1,1,1785534814
2026-07-31T21:53:45Z,1133,5,4,13,3,0,1,1,1,1785534365
2026-07-31T21:53:45Z,1134,12,6,7,0,0,1,1,1,1785533242
2026-07-31T21:53:45Z,1135,12,6,9,0,0,1,1,1,1785534180
2026-07-31T21:53:45Z,1136,16,1,7,0,0,1,1,1,1785534786
2026-07-31T21:53:45Z,1137,12,0,3,0,0,1,1,1,1785534429
2026-07-31T21:53:45Z,1138,3,0,16,0,0,1,1,1,1785534622
2026-07-31T21:53:45Z,1139,12,3,8,1,0,1,1,1,1785533411
2026-07-31T21:53:45Z,1140,4,0,17,2,0,1,1,1,1785534744
2026-07-31T21:53:45Z,1141,5,1,16,0,0,1,1,1,1785534626
2026-07-31T21:53:45Z,1142,3,0,18,0,0,1,1,1,1785533372
2026-07-31T21:53:45Z,1143,29,1,0,0,0,1,1,1,1785534807
2026-07-31T21:53:45Z,1144,7,0,13,1,0,1,1,1,1785534218
2026-07-31T21:53:45Z,1145,11,5,9,1,0,1,1,1,1785533139
2026-07-31T21:53:45Z,1146,7,4,9,3,0,1,1,1,1785534805
2026-07-31T21:53:45Z,1147,13,1,6,0,0,1,1,1,1785534466
2026-07-31T21:53:45Z,1148,13,1,18,0,0,1,1,1,1785534408
2026-07-31T21:53:45Z,1149,2,2,18,5,0,1,1,1,1785534294
2026-07-31T21:53:45Z,1150,2,0,17,0,0,1,1,1,1785534774
2026-07-31T21:53:45Z,1151,7,0,14,0,0,1,1,1,1785533390
2026-07-31T21:53:45Z,1152,3,0,26,0,0,1,1,1,1785534579
2026-07-31T21:53:45Z,1153,18,0,4,1,0,1,1,1,1785534586
2026-07-31T21:53:45Z,1154,3,0,16,0,0,1,1,1,1785534703
2026-07-31T21:53:45Z,1155,10,6,8,3,0,1,1,1,1785534804
2026-07-31T21:53:45Z,1158,3,1,16,0,0,1,1,1,1785534430
2026-07-31T21:53:45Z,1159,12,0,7,0,0,1,1,1,1785534793
2026-07-31T21:53:45Z,1160,9,2,10,0,0,1,1,1,1785533053
2026-07-31T21:53:45Z,1161,3,0,15,1,0,1,1,1,1785533112
2026-07-31T21:53:45Z,1162,3,0,16,0,0,1,1,1,1785534559
2026-07-31T21:53:45Z,1163,2,1,16,1,0,1,1,1,1785534550
2026-07-31T21:53:45Z,1164,5,1,14,0,0,1,1,1,1785534607
2026-07-31T21:53:45Z,1165,1,0,20,0,0,1,1,1,1785533537
2026-07-31T21:53:45Z,1166,13,3,7,1,0,1,1,1,1785533075
2026-07-31T21:53:45Z,1167,4,0,11,0,0,1,1,1,1785534278
2026-07-31T21:53:45Z,1168,3,0,18,2,0,1,1,1,1785533029
2026-07-31T21:53:45Z,1169,3,0,15,1,0,1,1,1,1785534453
2026-07-31T21:53:45Z,1170,7,1,14,0,0,1,1,1,1785533036
2026-07-31T21:53:45Z,1171,9,8,14,0,0,1,1,1,1785534556
2026-07-31T21:53:45Z,1172,5,0,8,2,0,1,1,1,1785534601
2026-07-31T21:53:45Z,1173,13,4,6,0,0,1,1,1,1785534711
2026-07-31T21:53:45Z,1174,6,3,9,0,0,1,1,1,1785534354
2026-07-31T21:53:45Z,1175,5,3,14,0,0,1,1,1,1785531043
2026-07-31T21:53:45Z,1176,8,2,13,0,0,1,1,1,1785533939
2026-07-31T21:53:45Z,1177,3,1,18,0,0,1,1,1,1785533870
2026-07-31T21:53:45Z,1178,5,2,10,0,0,1,1,1,1785534274
2026-07-31T21:53:45Z,1181,15,1,0,0,0,1,1,1,1785534446
2026-07-31T21:53:45Z,1182,17,3,2,1,0,1,1,1,1785534611
2026-07-31T21:53:45Z,1183,18,2,25,2,0,1,1,1,1785534677
2026-07-31T21:53:45Z,1184,8,6,11,2,0,1,1,1,1785534748
2026-07-31T21:53:45Z,1185,10,6,11,0,0,1,1,1,1785534007
2026-07-31T21:53:45Z,1186,9,5,10,0,0,1,1,1,1785533166
2026-07-31T21:53:45Z,1187,10,5,10,1,0,1,1,1,1785533400
2026-07-31T21:53:45Z,1188,10,5,5,0,0,1,1,1,1785534613
2026-07-31T21:53:45Z,1189,7,2,12,0,0,1,1,1,1785534744
2026-07-31T21:53:45Z,1190,9,4,12,0,0,1,1,1,1785534161
2026-07-31T21:53:45Z,1191,10,5,5,0,0,1,1,1,1785534616
2026-07-31T21:53:45Z,1192,11,7,9,1,0,1,1,1,1785534526
2026-07-31T21:53:45Z,1193,6,4,5,2,0,1,1,1,1785533568
2026-07-31T21:53:45Z,1197,9,6,7,1,0,1,1,1,1785534334
2026-07-31T21:53:45Z,1198,13,4,6,2,0,1,1,1,1785533235
2026-07-31T21:53:45Z,1199,3,0,16,0,0,1,1,1,1785533222
2026-07-31T21:53:45Z,1200,9,5,6,0,0,1,1,1,1785534657
2026-07-31T21:53:45Z,1201,9,4,6,0,0,1,1,1,1785534628
2026-07-31T21:53:45Z,1202,10,5,5,0,0,1,1,1,1785534729
2026-07-31T21:53:45Z,1203,11,5,4,0,0,1,1,1,1785534635
2026-07-31T21:53:45Z,1204,7,4,12,0,0,1,1,1,1785534412
2026-07-31T21:53:45Z,1206,11,5,10,0,0,1,1,1,1785533652
2026-07-31T21:53:45Z,1207,8,4,6,1,0,1,1,1,1785533132
2026-07-31T21:53:45Z,1208,10,4,9,0,0,1,1,1,1785533078
2026-07-31T21:53:45Z,1216,8,0,12,1,0,1,1,1,1785533867
2026-07-31T21:53:45Z,1218,4,0,17,0,0,1,1,1,1785534265
2026-07-31T21:53:45Z,1219,2,1,10,3,0,1,1,1,1785534540
2026-07-31T21:53:45Z,1220,15,4,4,0,0,1,1,1,1785534534
2026-07-31T21:53:45Z,1221,1,1,19,1,0,1,1,1,1785533619
2026-07-31T21:53:45Z,1222,12,0,17,0,0,1,1,1,1785534731
2026-07-31T21:53:45Z,1223,28,0,0,1,0,1,1,1,1785534732
2026-07-31T21:53:45Z,1226,0,0,3,0,0,0,1,1,1781868931
2026-07-31T21:53:45Z,1227,6,0,18,1,0,1,1,1,1785534270
2026-07-31T21:53:45Z,1228,0,0,29,0,0,1,1,1,1785534197
2026-07-31T21:53:45Z,1229,44,1,1,0,0,1,1,1,1785534746
2026-07-31T21:58:45Z,1,4,0,19,0,0,1,1,1,1785534743
2026-07-31T21:58:45Z,2,9,0,15,3,0,1,1,1,1785535115
2026-07-31T21:58:45Z,3,11,1,2,1,0,1,1,1,1785534937
2026-07-31T21:58:45Z,4,19,0,2,1,0,1,1,1,1785534718
2026-07-31T21:58:45Z,5,18,4,3,2,0,1,1,1,1785533822
2026-07-31T21:58:45Z,6,4,0,11,0,0,1,1,1,1785535088
2026-07-31T21:58:45Z,7,12,0,27,0,0,1,1,1,1785535115
2026-07-31T21:58:45Z,8,15,2,28,0,0,1,1,1,1785534963
2026-07-31T21:58:45Z,9,19,4,4,0,0,1,1,1,1785534805
2026-07-31T21:58:45Z,10,4,2,17,2,0,1,1,1,1785534538
2026-07-31T21:58:45Z,11,6,0,11,2,0,1,1,1,1785534639
2026-07-31T21:58:45Z,12,22,1,1,0,0,1,1,1,1785534797
2026-07-31T21:58:45Z,13,18,3,12,0,0,1,1,1,1785535047
2026-07-31T21:58:45Z,14,41,0,1,0,1,1,1,1,1785533690
2026-07-31T21:58:45Z,15,3,0,12,0,0,1,1,1,1785535116
2026-07-31T21:58:45Z,16,1,0,23,2,1,1,1,1,1785534159
2026-07-31T21:58:45Z,17,20,2,6,1,0,1,1,1,1785534866
2026-07-31T21:58:45Z,18,12,0,4,2,0,1,1,1,1785534929
2026-07-31T21:58:45Z,19,12,2,14,1,0,1,1,1,1785535101
2026-07-31T21:58:45Z,20,23,4,12,0,0,1,1,1,1785534731
2026-07-31T21:58:45Z,21,3,0,14,2,0,1,1,1,1785535110
2026-07-31T21:58:45Z,22,19,0,46,0,0,1,1,1,1785534914
2026-07-31T21:58:45Z,23,13,7,17,1,0,1,1,1,1785534394
2026-07-31T21:58:45Z,24,7,2,3,1,0,1,1,1,1785535109
2026-07-31T21:58:45Z,25,76,0,3,2,0,1,1,1,1785535095
2026-07-31T21:58:45Z,26,24,0,3,0,0,1,1,1,1785535070
2026-07-31T21:58:45Z,28,10,0,5,0,0,1,1,1,1785534319
2026-07-31T21:58:45Z,30,16,0,11,2,0,1,1,1,1785534840
2026-07-31T21:58:45Z,31,9,1,8,2,0,1,1,1,1785534919
2026-07-31T21:58:45Z,32,21,1,6,0,0,1,1,1,1785535028
2026-07-31T21:58:45Z,34,18,0,19,0,0,1,1,1,1785535084
2026-07-31T21:58:45Z,35,34,4,12,1,0,1,1,1,1785534979
2026-07-31T21:58:45Z,36,0,0,0,0,0,0,1,1,86400
2026-07-31T21:58:45Z,37,18,4,5,0,0,1,1,1,1785535080
2026-07-31T21:58:45Z,38,1,0,22,0,0,1,1,1,1785534869
2026-07-31T21:58:45Z,39,13,2,26,0,0,1,1,1,1785535021
2026-07-31T21:58:45Z,40,7,0,14,0,0,1,1,1,1785535064
2026-07-31T21:58:45Z,41,24,0,19,0,0,1,1,1,1785535049
2026-07-31T21:58:45Z,42,2,2,29,0,0,1,1,1,1785534732
2026-07-31T21:58:45Z,43,10,2,13,0,0,1,1,1,1785535051
2026-07-31T21:58:45Z,45,5,0,24,0,0,1,1,1,1785534875
2026-07-31T21:58:45Z,46,2,0,28,1,0,1,1,1,1785535108
2026-07-31T21:58:45Z,47,5,0,9,1,0,1,1,1,1785535026
2026-07-31T21:58:45Z,48,16,0,11,0,0,1,1,1,1785534854
2026-07-31T21:58:45Z,49,0,0,19,4,0,1,1,1,1785535113
2026-07-31T21:58:45Z,50,5,5,13,1,0,1,1,1,1785535001
2026-07-31T21:58:45Z,51,41,0,36,0,0,1,1,1,1785534715
2026-07-31T21:58:45Z,52,0,0,24,3,0,1,1,1,1785535107
2026-07-31T21:58:45Z,55,2,0,21,0,0,1,1,1,1785535002
2026-07-31T21:58:45Z,56,15,1,28,0,0,1,1,1,1785534826
2026-07-31T21:58:45Z,57,3,0,24,0,0,1,1,1,1785535004
2026-07-31T21:58:45Z,58,0,0,28,0,0,1,1,1,1785532323
2026-07-31T21:58:45Z,59,11,0,14,2,0,1,1,1,1785535028
2026-07-31T21:58:45Z,61,34,0,5,0,0,1,1,1,1785534875
2026-07-31T21:58:45Z,62,31,15,17,1,0,1,1,1,1785535062
2026-07-31T21:58:45Z,63,11,2,8,0,0,1,1,1,1785535009
2026-07-31T21:58:45Z,64,12,1,3,4,0,1,1,1,1785530968
2026-07-31T21:58:45Z,65,10,4,8,1,0,1,1,1,1785534823
2026-07-31T21:58:45Z,67,13,0,26,0,0,1,1,1,1785535042
2026-07-31T21:58:45Z,68,34,0,2,1,0,1,1,1,1785534100
2026-07-31T21:58:45Z,69,5,0,10,0,0,1,1,1,1785534570
2026-07-31T21:58:45Z,71,9,1,15,3,0,1,1,1,1785535049
2026-07-31T21:58:45Z,72,23,5,4,3,1,1,1,1,1785534699
2026-07-31T21:58:45Z,73,3,0,28,0,0,1,1,1,1785535117
2026-07-31T21:58:45Z,74,1,0,17,1,0,1,1,1,1785534943
2026-07-31T21:58:45Z,75,7,0,24,1,0,1,1,1,1785535070
2026-07-31T21:58:45Z,76,2,0,16,1,0,1,1,1,1785535112
2026-07-31T21:58:45Z,77,15,0,12,0,0,1,1,1,1785535093
2026-07-31T21:58:45Z,78,1,1,22,0,0,1,1,1,1785535083
2026-07-31T21:58:45Z,79,4,1,12,1,0,1,1,1,1785534994
2026-07-31T21:58:45Z,80,15,1,5,3,0,1,1,1,1785535087
2026-07-31T21:58:45Z,81,3,0,28,0,0,1,1,1,1785535020
2026-07-31T21:58:45Z,82,9,7,13,1,0,1,1,1,1785534751
2026-07-31T21:58:45Z,83,8,2,24,2,0,1,1,1,1785535107
2026-07-31T21:58:45Z,84,5,2,22,0,0,1,1,1,1785534924
2026-07-31T21:58:45Z,85,10,1,5,0,0,1,1,1,1785535113
2026-07-31T21:58:45Z,86,9,3,18,0,0,1,1,1,1785535098
2026-07-31T21:58:45Z,87,0,0,19,0,0,1,1,1,1785533075
2026-07-31T21:58:45Z,88,7,0,35,1,0,1,1,1,1785534990
2026-07-31T21:58:45Z,89,28,2,6,1,0,1,1,1,1785533989
2026-07-31T21:58:45Z,90,11,0,6,1,0,1,1,1,1785535048
2026-07-31T21:58:45Z,91,0,0,17,0,0,1,1,1,1785534505
2026-07-31T21:58:45Z,92,4,2,12,3,0,1,1,1,1785535094
2026-07-31T21:58:45Z,93,1,0,22,0,0,1,1,1,1785534982
2026-07-31T21:58:45Z,94,11,0,7,1,0,1,1,1,1785534182
2026-07-31T21:58:45Z,95,0,0,33,1,1,1,1,1,1785535108
2026-07-31T21:58:45Z,96,17,3,13,1,0,1,1,1,1785535017
2026-07-31T21:58:45Z,97,0,0,15,2,0,1,1,1,1785534993
2026-07-31T21:58:45Z,98,29,7,6,0,0,1,1,1,1785535069
2026-07-31T21:58:45Z,99,14,2,1,0,0,1,1,1,1785534886
2026-07-31T21:58:45Z,100,9,2,18,0,0,1,1,1,1785535000
2026-07-31T21:58:45Z,101,13,1,1,1,0,1,1,1,1785535058
2026-07-31T21:58:45Z,102,15,0,7,1,0,1,1,1,1785535077
2026-07-31T21:58:45Z,103,26,0,2,2,0,1,1,1,1785535080
2026-07-31T21:58:45Z,104,12,0,13,2,0,1,1,1,1785535114
2026-07-31T21:58:45Z,105,16,0,3,0,0,1,1,1,1785533739
2026-07-31T21:58:45Z,106,15,0,4,2,0,1,1,1,1785534955
2026-07-31T21:58:45Z,107,20,1,16,1,0,1,1,1,1785535107
2026-07-31T21:58:45Z,108,15,1,19,1,0,1,1,1,1785535095
2026-07-31T21:58:45Z,109,21,0,2,0,0,1,1,1,1785535007
2026-07-31T21:58:45Z,110,17,0,6,0,0,1,1,1,1785535049
2026-07-31T21:58:45Z,111,6,0,30,0,0,1,1,1,1785535082
2026-07-31T21:58:45Z,112,10,0,4,1,0,1,1,1,1785534871
2026-07-31T21:58:45Z,113,5,1,13,1,0,1,1,1,1785535016
2026-07-31T21:58:45Z,114,11,8,18,1,1,1,1,1,1785535007
2026-07-31T21:58:45Z,115,12,7,11,5,0,1,1,1,1785535113
2026-07-31T21:58:45Z,116,9,9,18,0,0,1,1,1,1785533918
2026-07-31T21:58:45Z,118,20,2,0,3,0,1,1,1,1785534834
2026-07-31T21:58:45Z,119,0,0,36,2,0,1,1,1,1785534350
2026-07-31T21:58:45Z,120,1,0,24,2,0,1,1,1,1785534595
2026-07-31T21:58:45Z,121,0,0,16,2,1,1,1,1,1785535117
2026-07-31T21:58:45Z,122,15,1,5,1,0,1,1,1,1785535097
2026-07-31T21:58:45Z,123,2,2,44,1,0,1,1,1,1785534739
2026-07-31T21:58:45Z,124,12,0,23,0,0,1,1,1,1785534978
2026-07-31T21:58:45Z,125,2,0,20,1,0,1,1,1,1785534870
2026-07-31T21:58:45Z,126,18,2,13,0,0,1,1,1,1785535114
2026-07-31T21:58:45Z,127,10,2,24,1,0,1,1,1,1785535086
2026-07-31T21:58:45Z,128,8,0,10,1,0,1,1,1,1785534635
2026-07-31T21:58:45Z,129,8,2,8,3,0,1,1,1,1785534999
2026-07-31T21:58:45Z,130,4,0,13,0,0,1,1,1,1785535102
2026-07-31T21:58:45Z,131,7,4,3,1,0,1,1,1,1785535018
2026-07-31T21:58:45Z,132,5,4,9,0,1,1,1,1,1785534045
2026-07-31T21:58:45Z,134,13,0,6,4,0,1,1,1,1785535111
2026-07-31T21:58:45Z,135,8,6,10,1,0,1,1,1,1785535015
2026-07-31T21:58:45Z,136,2,2,12,3,6,1,1,1,1785534892
2026-07-31T21:58:45Z,137,1,1,17,1,0,1,1,1,1785535104
2026-07-31T21:58:45Z,138,10,0,27,0,0,1,1,1,1785534819
2026-07-31T21:58:45Z,139,11,3,8,0,0,1,1,1,1785535045
2026-07-31T21:58:45Z,140,7,1,15,1,0,1,1,1,1785535116
2026-07-31T21:58:45Z,141,12,2,23,1,0,1,1,1,1785535002
2026-07-31T21:58:45Z,142,1,0,22,0,0,1,1,1,1785535023
2026-07-31T21:58:45Z,143,26,0,5,0,0,1,1,1,1785535022
2026-07-31T21:58:45Z,144,22,1,4,1,0,1,1,1,1785535056
2026-07-31T21:58:45Z,146,2,0,20,1,0,1,1,1,1785535023
2026-07-31T21:58:45Z,147,2,0,14,3,0,1,1,1,1785535071
2026-07-31T21:58:45Z,148,1,0,22,5,0,1,1,1,1785535037
2026-07-31T21:58:45Z,149,1,0,26,0,0,1,1,1,1785534271
2026-07-31T21:58:45Z,150,4,0,29,2,0,1,1,1,1785535024
2026-07-31T21:58:45Z,151,2,1,21,0,0,1,1,1,1785535104
2026-07-31T21:58:45Z,152,3,0,20,3,0,1,1,1,1785535103
2026-07-31T21:58:45Z,153,7,0,19,2,0,1,1,1,1785534978
2026-07-31T21:58:45Z,154,10,0,9,4,0,1,1,1,1785535041
2026-07-31T21:58:45Z,155,7,2,6,1,0,1,1,1,1785534989
2026-07-31T21:58:45Z,156,2,0,17,0,0,1,1,1,1785534990
2026-07-31T21:58:45Z,157,6,1,19,2,0,1,1,1,1785534834
2026-07-31T21:58:45Z,158,10,0,5,1,0,1,1,1,1785535069
2026-07-31T21:58:45Z,159,3,1,16,0,0,1,1,1,1785535106
2026-07-31T21:58:45Z,160,3,0,16,0,0,1,1,1,1785535089
2026-07-31T21:58:45Z,161,15,1,7,0,0,1,1,1,1785534777
2026-07-31T21:58:45Z,162,15,10,11,1,0,1,1,1,1785535107
2026-07-31T21:58:45Z,163,5,0,25,0,1,1,1,1,1785535031
2026-07-31T21:58:45Z,164,20,0,7,0,0,1,1,1,1785535047
2026-07-31T21:58:45Z,165,28,3,3,0,0,1,1,1,1785535094
2026-07-31T21:58:45Z,166,4,2,31,4,0,1,1,1,1785535108
2026-07-31T21:58:45Z,167,3,1,19,1,0,1,1,1,1785534878
2026-07-31T21:58:45Z,168,20,0,5,2,0,1,1,1,1785535115
2026-07-31T21:58:45Z,169,14,6,7,1,1,1,1,1,1785535058
2026-07-31T21:58:45Z,170,5,0,13,1,0,1,1,1,1785534502
2026-07-31T21:58:45Z,171,5,1,6,2,0,1,1,1,1785534862
2026-07-31T21:58:45Z,173,29,1,10,0,0,1,1,1,1785535091
2026-07-31T21:58:45Z,174,6,0,20,0,0,1,1,1,1785535032
2026-07-31T21:58:45Z,175,29,2,1,1,0,1,1,1,1785535074
2026-07-31T21:58:45Z,176,11,4,2,1,1,1,1,1,1785535079
2026-07-31T21:58:45Z,177,9,1,18,0,0,1,1,1,1785535100
2026-07-31T21:58:45Z,178,9,2,3,2,1,1,1,1,1785535117
2026-07-31T21:58:45Z,179,11,1,2,2,0,1,1,1,1785534907
2026-07-31T21:58:45Z,180,2,0,28,0,0,1,1,1,1785534691
2026-07-31T21:58:45Z,181,2,2,13,0,0,1,1,1,1785535085
2026-07-31T21:58:45Z,182,8,7,9,0,0,1,1,1,1785534977
2026-07-31T21:58:45Z,183,7,0,14,2,0,1,1,1,1785534874
2026-07-31T21:58:45Z,184,21,3,0,2,0,1,1,1,1785535089
2026-07-31T21:58:45Z,185,7,5,5,2,1,1,1,1,1785534993
2026-07-31T21:58:45Z,186,2,1,17,0,0,1,1,1,1785535094
2026-07-31T21:58:45Z,187,2,0,25,1,0,1,1,1,1785534870
2026-07-31T21:58:45Z,188,13,3,6,8,0,1,1,1,1785535081
2026-07-31T21:58:45Z,189,7,3,8,0,0,1,1,1,1785535107
2026-07-31T21:58:45Z,190,3,1,19,1,0,1,1,1,1785535006
2026-07-31T21:58:45Z,191,4,3,35,0,0,1,1,1,1785534833
2026-07-31T21:58:45Z,192,5,0,24,2,0,1,1,1,1785534897
2026-07-31T21:58:45Z,193,12,6,2,1,0,1,1,1,1785535099
2026-07-31T21:58:45Z,194,25,5,2,0,0,1,1,1,1785534468
2026-07-31T21:58:45Z,195,0,0,19,0,0,1,1,1,1785535076
2026-07-31T21:58:45Z,196,6,5,19,2,0,1,1,1,1785534939
2026-07-31T21:58:45Z,197,0,0,18,0,1,1,1,1,1785534632
2026-07-31T21:58:45Z,198,11,11,10,2,0,1,1,1,1785535032
2026-07-31T21:58:45Z,199,7,5,7,1,0,1,1,1,1785534614
2026-07-31T21:58:45Z,200,8,6,17,1,0,1,1,1,1785535082
2026-07-31T21:58:45Z,201,4,3,19,0,0,1,1,1,1785534716
2026-07-31T21:58:45Z,202,0,0,27,0,0,1,1,1,1785534563
2026-07-31T21:58:45Z,203,5,2,25,1,0,1,1,1,1785535115
2026-07-31T21:58:45Z,204,17,0,14,4,0,1,1,1,1785535114
2026-07-31T21:58:45Z,205,13,0,14,0,0,1,1,1,1785533340
2026-07-31T21:58:45Z,206,7,5,6,2,0,1,1,1,1785534919
2026-07-31T21:58:45Z,207,21,0,0,0,0,1,1,1,1785535038
2026-07-31T21:58:45Z,208,4,0,25,0,0,1,1,1,1785535085
2026-07-31T21:58:45Z,209,25,2,5,1,0,1,1,1,1785535079
2026-07-31T21:58:45Z,210,12,7,15,0,0,1,1,1,1785535095
2026-07-31T21:58:45Z,211,0,0,22,1,0,1,1,1,1785533741
2026-07-31T21:58:45Z,212,24,2,10,1,0,1,1,1,1785535093
2026-07-31T21:58:45Z,213,15,5,7,1,0,1,1,1,1785534976
2026-07-31T21:58:45Z,214,26,2,19,2,0,1,1,1,1785535058
2026-07-31T21:58:45Z,215,11,4,11,1,0,1,1,1,1785534858
2026-07-31T21:58:45Z,216,8,3,10,1,0,1,1,1,1785534792
2026-07-31T21:58:45Z,217,22,1,6,1,0,1,1,1,1785535097
2026-07-31T21:58:45Z,218,16,9,21,2,0,1,1,1,1785535108
2026-07-31T21:58:45Z,219,21,0,4,1,0,1,1,1,1785534874
2026-07-31T21:58:45Z,220,21,12,20,1,1,1,1,1,1785534870
2026-07-31T21:58:45Z,221,3,0,11,1,0,1,1,1,1785535084
2026-07-31T21:58:45Z,222,3,0,15,1,0,1,1,1,1785535098
2026-07-31T21:58:45Z,223,5,0,27,3,0,1,1,1,1785535025
2026-07-31T21:58:45Z,224,2,1,19,1,0,1,1,1,1785535044
2026-07-31T21:58:45Z,225,2,1,13,4,0,1,1,1,1785534981
2026-07-31T21:58:45Z,226,18,3,11,2,0,1,1,1,1785535066
2026-07-31T21:58:45Z,227,4,2,22,1,0,1,1,1,1785535039
2026-07-31T21:58:45Z,228,1,0,17,1,0,1,1,1,1785534857
2026-07-31T21:58:45Z,230,9,1,17,0,0,1,1,1,1785535114
2026-07-31T21:58:45Z,232,4,0,12,1,0,1,1,1,1785534868
2026-07-31T21:58:45Z,233,10,6,20,1,0,1,1,1,1785534807
2026-07-31T21:58:45Z,234,11,6,2,4,2,1,1,1,1785534970
2026-07-31T21:58:45Z,236,13,2,6,0,0,1,1,1,1785534617
2026-07-31T21:58:45Z,237,2,0,20,1,0,1,1,1,1785535103
2026-07-31T21:58:45Z,239,12,11,14,1,0,1,1,1,1785535087
2026-07-31T21:58:45Z,241,6,4,16,1,0,1,1,1,1785534961
2026-07-31T21:58:45Z,242,3,2,19,1,0,1,1,1,1785534906
2026-07-31T21:58:45Z,243,16,12,13,2,0,1,1,1,1785534938
2026-07-31T21:58:45Z,244,2,2,24,1,0,1,1,1,1785534887
2026-07-31T21:58:45Z,245,9,4,14,0,0,1,1,1,1785534879
2026-07-31T21:58:45Z,246,4,3,19,0,0,1,1,1,1785534985
2026-07-31T21:58:45Z,247,7,4,14,2,0,1,1,1,1785534981
2026-07-31T21:58:45Z,248,8,8,13,2,0,1,1,1,1785535047
2026-07-31T21:58:45Z,249,18,14,0,1,0,1,1,1,1785534949
2026-07-31T21:58:45Z,250,2,2,21,4,0,1,1,1,1785534975
2026-07-31T21:58:45Z,251,16,8,7,4,0,1,1,1,1785534976
2026-07-31T21:58:45Z,253,6,2,13,0,0,1,1,1,1785534916
2026-07-31T21:58:45Z,254,14,0,28,1,0,1,1,1,1785535030
2026-07-31T21:58:45Z,255,9,2,13,0,1,1,1,1,1785534820
2026-07-31T21:58:45Z,256,2,0,19,2,0,1,1,1,1785535101
2026-07-31T21:58:45Z,257,2,0,17,0,0,1,1,1,1785534271
2026-07-31T21:58:45Z,258,16,9,2,1,0,1,1,1,1785535098
2026-07-31T21:58:45Z,259,14,0,8,0,1,1,1,1,1785534197
2026-07-31T21:58:45Z,260,5,2,12,2,0,1,1,1,1785534484
2026-07-31T21:58:45Z,261,2,0,15,1,1,1,1,1,1785534229
2026-07-31T21:58:45Z,262,5,1,17,1,0,1,1,1,1785535088
2026-07-31T21:58:45Z,263,4,3,11,0,0,1,1,1,1785535071
2026-07-31T21:58:45Z,264,0,0,19,0,0,1,1,1,1785533790
2026-07-31T21:58:45Z,265,8,1,7,0,0,1,1,1,1785534061
2026-07-31T21:58:45Z,266,8,8,10,1,0,1,1,1,1785534752
2026-07-31T21:58:45Z,267,9,4,5,1,0,1,1,1,1785531709
2026-07-31T21:58:45Z,268,19,7,3,1,0,1,1,1,1785535016
2026-07-31T21:58:45Z,269,7,5,16,0,0,1,1,1,1785534876
2026-07-31T21:58:45Z,270,8,2,18,1,0,1,1,1,1785534652
2026-07-31T21:58:45Z,271,3,0,14,2,0,1,1,1,1785534880
2026-07-31T21:58:45Z,272,6,1,17,0,0,1,1,1,1785535088
2026-07-31T21:58:45Z,273,3,1,12,0,0,1,1,1,1785535021
2026-07-31T21:58:45Z,274,2,2,15,2,0,1,1,1,1785535036
2026-07-31T21:58:45Z,275,9,0,10,4,0,1,1,1,1785535001
2026-07-31T21:58:45Z,276,3,1,23,1,0,1,1,1,1785534446
2026-07-31T21:58:45Z,277,2,2,17,4,0,1,1,1,1785535110
2026-07-31T21:58:45Z,278,9,8,20,2,0,1,1,1,1785535066
2026-07-31T21:58:45Z,279,2,1,17,0,0,1,1,1,1785535117
2026-07-31T21:58:45Z,280,0,0,28,3,0,1,1,1,1785534957
2026-07-31T21:58:45Z,281,3,0,16,0,0,1,1,1,1785534659
2026-07-31T21:58:45Z,282,8,2,10,0,0,1,1,1,1785534408
2026-07-31T21:58:45Z,283,14,3,21,0,0,1,1,1,1785534495
2026-07-31T21:58:45Z,284,30,6,3,2,0,1,1,1,1785535117
2026-07-31T21:58:45Z,285,5,3,18,0,0,1,1,1,1785534896
2026-07-31T21:58:45Z,286,9,3,13,1,0,1,1,1,1785535088
2026-07-31T21:58:45Z,287,9,1,11,3,0,1,1,1,1785534885
2026-07-31T21:58:45Z,288,5,0,13,1,0,1,1,1,1785535094
2026-07-31T21:58:45Z,289,10,7,13,4,0,1,1,1,1785535023
2026-07-31T21:58:45Z,290,21,1,16,2,0,1,1,1,1785534852
2026-07-31T21:58:45Z,291,15,1,7,1,0,1,1,1,1785535018
2026-07-31T21:58:45Z,292,11,3,12,0,0,1,1,1,1785535004
2026-07-31T21:58:45Z,293,6,2,17,0,0,1,1,1,1785535019
2026-07-31T21:58:45Z,294,7,5,12,3,0,1,1,1,1785535084
2026-07-31T21:58:45Z,297,11,0,6,1,1,1,1,1,1785534121
2026-07-31T21:58:45Z,301,16,1,3,0,0,1,1,1,1785535111
2026-07-31T21:58:45Z,302,21,0,1,1,0,1,1,1,1785535103
2026-07-31T21:58:45Z,303,5,0,14,0,0,1,1,1,1785534968
2026-07-31T21:58:45Z,304,0,0,0,0,0,0,1,1,86400
2026-07-31T21:58:45Z,305,2,0,16,1,0,1,1,1,1785535117
2026-07-31T21:58:45Z,306,9,0,22,1,0,1,1,1,1785534918
2026-07-31T21:58:45Z,307,4,1,19,0,0,1,1,1,1785535106
2026-07-31T21:58:45Z,308,14,3,4,1,0,1,1,1,1785534900
2026-07-31T21:58:45Z,309,2,2,11,1,0,1,1,1,1785534955
2026-07-31T21:58:45Z,311,6,0,8,1,0,1,1,1,1785532562
2026-07-31T21:58:45Z,312,5,5,15,3,0,1,1,1,1785534933
2026-07-31T21:58:45Z,313,3,0,12,0,0,1,1,1,1785534772
2026-07-31T21:58:45Z,314,10,2,6,3,0,1,1,1,1785534858
2026-07-31T21:58:45Z,315,11,5,18,2,0,1,1,1,1785534808
2026-07-31T21:58:45Z,316,2,1,21,7,1,1,1,1,1785535043
2026-07-31T21:58:45Z,317,24,8,6,0,1,1,1,1,1785535108
2026-07-31T21:58:45Z,318,19,4,0,0,0,1,1,1,1785533970
2026-07-31T21:58:45Z,319,17,4,4,2,0,1,1,1,1785534971
2026-07-31T21:58:45Z,320,9,0,9,1,0,1,1,1,1785535071
2026-07-31T21:58:45Z,321,2,0,13,4,0,1,1,1,1785534872
2026-07-31T21:58:45Z,322,20,0,9,0,0,1,1,1,1785534874
2026-07-31T21:58:45Z,323,3,1,15,1,0,1,1,1,1785534179
2026-07-31T21:58:45Z,324,19,2,7,1,0,1,1,1,1785535116
2026-07-31T21:58:45Z,325,2,2,23,2,0,1,1,1,1785535090
2026-07-31T21:58:45Z,327,18,2,7,2,0,1,1,1,1785534988
2026-07-31T21:58:45Z,328,16,0,5,1,0,1,1,1,1785535079
2026-07-31T21:58:45Z,329,3,2,13,3,0,1,1,1,1785534710
2026-07-31T21:58:45Z,330,20,1,2,0,0,1,1,1,1785534634
2026-07-31T21:58:45Z,331,14,0,7,2,0,1,1,1,1785535079
2026-07-31T21:58:45Z,332,4,3,14,1,0,1,1,1,1785535012
2026-07-31T21:58:45Z,333,5,4,17,1,0,1,1,1,1785535015
2026-07-31T21:58:45Z,334,6,1,17,0,0,1,1,1,1785534929
2026-07-31T21:58:45Z,335,7,2,15,0,1,1,1,1,1785534767
2026-07-31T21:58:45Z,336,2,1,17,0,0,1,1,1,1785534713
2026-07-31T21:58:45Z,337,6,5,13,4,0,1,1,1,1785535116
2026-07-31T21:58:45Z,338,0,0,19,0,0,1,1,1,1785534991
2026-07-31T21:58:45Z,339,8,7,10,5,0,1,1,1,1785534872
2026-07-31T21:58:45Z,340,1,1,13,1,0,1,1,1,1785534863
2026-07-31T21:58:45Z,341,10,1,9,0,0,1,1,1,1785534999
2026-07-31T21:58:45Z,342,1,0,13,1,0,1,1,1,1785534929
2026-07-31T21:58:45Z,343,10,4,12,1,0,1,1,1,1785534672
2026-07-31T21:58:45Z,344,7,4,16,0,0,1,1,1,1785534875
2026-07-31T21:58:45Z,345,15,1,4,0,0,1,1,1,1785534887
2026-07-31T21:58:45Z,346,3,3,20,0,0,1,1,1,1785532493
2026-07-31T21:58:45Z,347,24,1,17,3,0,1,1,1,1785535109
2026-07-31T21:58:45Z,348,7,0,15,0,1,1,1,1,1785535070
2026-07-31T21:58:45Z,349,14,3,5,0,0,1,1,1,1785534282
2026-07-31T21:58:45Z,350,2,2,23,1,1,1,1,1,1785535090
2026-07-31T21:58:45Z,351,6,2,15,2,0,1,1,1,1785535098
2026-07-31T21:58:45Z,355,7,2,16,0,0,1,1,1,1785534931
2026-07-31T21:58:45Z,356,4,4,15,0,0,1,1,1,1785534999
2026-07-31T21:58:45Z,357,5,3,13,1,0,1,1,1,1785535060
2026-07-31T21:58:45Z,358,20,3,6,1,0,1,1,1,1785534677
2026-07-31T21:58:45Z,359,12,1,15,0,0,1,1,1,1785534793
2026-07-31T21:58:45Z,360,6,4,13,0,0,1,1,1,1785534995
2026-07-31T21:58:45Z,362,2,0,15,2,0,1,1,1,1785535070
2026-07-31T21:58:45Z,363,14,4,13,0,0,1,1,1,1785535103
2026-07-31T21:58:45Z,364,2,0,17,0,0,1,1,1,1785535069
2026-07-31T21:58:45Z,365,1,0,18,4,0,1,1,1,1785535101
2026-07-31T21:58:45Z,366,5,4,17,1,0,1,1,1,1785534988
2026-07-31T21:58:45Z,367,4,2,13,2,0,1,1,1,1785535003
2026-07-31T21:58:45Z,368,2,1,20,1,0,1,1,1,1785534044
2026-07-31T21:58:45Z,370,9,3,18,0,0,1,1,1,1785534955
2026-07-31T21:58:45Z,371,3,2,15,1,0,1,1,1,1785534871
2026-07-31T21:58:45Z,372,10,0,4,1,0,1,1,1,1785534830
2026-07-31T21:58:45Z,373,0,0,26,1,0,1,1,1,1785534676
2026-07-31T21:58:45Z,374,0,0,18,1,0,1,1,1,1785534562
2026-07-31T21:58:45Z,375,4,1,22,1,0,1,1,1,1785534983
2026-07-31T21:58:45Z,376,2,1,35,2,0,1,1,1,1785534983
2026-07-31T21:58:45Z,377,8,1,17,2,0,1,1,1,1785535035
2026-07-31T21:58:45Z,378,4,3,18,1,1,1,1,1,1785534995
2026-07-31T21:58:45Z,379,21,2,2,4,0,1,1,1,1785535106
2026-07-31T21:58:45Z,380,5,1,18,0,0,1,1,1,1785534999
2026-07-31T21:58:45Z,381,21,0,2,0,0,1,1,1,1785535035
2026-07-31T21:58:45Z,383,13,2,0,2,0,1,1,1,1785534032
2026-07-31T21:58:45Z,384,1,1,23,3,0,1,1,1,1785535117
2026-07-31T21:58:45Z,385,1,1,16,1,0,1,1,1,1785535034
2026-07-31T21:58:45Z,387,2,1,21,0,0,1,1,1,1785534151
2026-07-31T21:58:45Z,388,37,2,8,4,0,1,1,1,1785535116
2026-07-31T21:58:45Z,389,3,2,11,1,0,1,1,1,1785532058
2026-07-31T21:58:45Z,390,16,0,18,1,0,1,1,1,1785535108
2026-07-31T21:58:45Z,391,3,3,11,1,0,1,1,1,1785535062
2026-07-31T21:58:45Z,392,5,5,12,2,0,1,1,1,1785534975
2026-07-31T21:58:45Z,393,1,1,6,4,0,1,1,1,1785534996
2026-07-31T21:58:45Z,394,7,1,4,2,0,1,1,1,1785534901
2026-07-31T21:58:45Z,396,0,0,42,0,0,1,1,1,1785534897
2026-07-31T21:58:45Z,397,13,7,18,0,0,1,1,1,1785534267
2026-07-31T21:58:45Z,399,2,0,13,2,0,1,1,1,1785535043
2026-07-31T21:58:45Z,400,14,9,7,2,0,1,1,1,1785534739
2026-07-31T21:58:45Z,401,6,0,25,8,0,1,1,1,1785534390
2026-07-31T21:58:45Z,403,24,7,3,4,0,1,1,1,1785535109
2026-07-31T21:58:45Z,404,3,3,19,1,0,1,1,1,1785534706
2026-07-31T21:58:45Z,406,14,6,19,2,0,1,1,1,1785534888
2026-07-31T21:58:45Z,407,15,1,18,1,0,1,1,1,1785535061
2026-07-31T21:58:45Z,408,4,1,25,4,0,1,1,1,1785535029
2026-07-31T21:58:45Z,409,18,3,1,4,0,1,1,1,1785534931
2026-07-31T21:58:45Z,413,11,3,10,2,0,1,1,1,1785534956
2026-07-31T21:58:45Z,414,12,0,3,0,0,1,1,1,1785534847
2026-07-31T21:58:45Z,417,4,2,15,0,0,1,1,1,1785534747
2026-07-31T21:58:45Z,418,6,4,9,0,0,1,1,1,1785534655
2026-07-31T21:58:45Z,419,13,1,10,0,0,1,1,1,1785533166
2026-07-31T21:58:45Z,421,10,0,9,0,0,1,1,1,1785534268
2026-07-31T21:58:45Z,422,16,1,11,0,0,1,1,1,1785535082
2026-07-31T21:58:45Z,423,0,0,22,1,0,1,1,1,1785533264
2026-07-31T21:58:45Z,424,7,3,5,2,1,1,1,1,1785534765
2026-07-31T21:58:45Z,425,4,1,17,0,1,1,1,1,1785534890
2026-07-31T21:58:45Z,426,4,1,31,2,0,1,1,1,1785534389
2026-07-31T21:58:45Z,427,10,1,2,3,0,1,1,1,1785535030
2026-07-31T21:58:45Z,428,14,0,5,0,0,1,1,1,1785534973
2026-07-31T21:58:45Z,429,16,6,6,1,0,1,1,1,1785535078
2026-07-31T21:58:45Z,430,8,2,20,3,0,1,1,1,1785535028
2026-07-31T21:58:45Z,431,2,0,30,1,0,1,1,1,1785535110
2026-07-31T21:58:45Z,432,0,0,30,1,0,0,1,1,1785508564
2026-07-31T21:58:45Z,433,4,2,16,3,0,1,1,1,1785533359
2026-07-31T21:58:45Z,437,6,3,9,4,0,1,1,1,1785535076
2026-07-31T21:58:45Z,438,6,2,12,1,0,1,1,1,1785534919
2026-07-31T21:58:45Z,439,13,4,2,0,0,1,1,1,1785534616
2026-07-31T21:58:45Z,440,12,3,2,1,0,1,1,1,1785534992
2026-07-31T21:58:45Z,441,3,1,10,2,0,1,1,1,1785535019
2026-07-31T21:58:45Z,442,10,3,7,2,0,1,1,1,1785534735
2026-07-31T21:58:45Z,443,5,2,22,0,0,1,1,1,1785512432
2026-07-31T21:58:45Z,444,2,2,21,0,0,1,1,1,1785533207
2026-07-31T21:58:45Z,445,6,2,16,1,0,1,1,1,1785534833
2026-07-31T21:58:45Z,446,2,0,21,0,0,1,1,1,1785533737
2026-07-31T21:58:45Z,447,3,0,18,1,1,1,1,1,1785534024
2026-07-31T21:58:45Z,448,7,0,7,1,0,1,1,1,1785530120
2026-07-31T21:58:45Z,452,7,2,11,1,0,1,1,1,1785535030
2026-07-31T21:58:45Z,453,3,1,9,3,0,1,1,1,1785535112
2026-07-31T21:58:45Z,454,18,0,1,0,0,1,1,1,1785535078
2026-07-31T21:58:45Z,455,27,0,11,1,0,1,1,1,1785534904
2026-07-31T21:58:45Z,456,15,0,4,1,0,1,1,1,1785535071
2026-07-31T21:58:45Z,457,6,5,20,1,0,1,1,1,1785535010
2026-07-31T21:58:45Z,458,3,1,18,2,0,1,1,1,1785534601
2026-07-31T21:58:45Z,459,11,1,4,0,0,1,1,1,1785534441
2026-07-31T21:58:45Z,460,21,1,2,0,0,1,1,1,1785534942
2026-07-31T21:58:45Z,461,8,0,11,0,0,1,1,1,1785534694
2026-07-31T21:58:45Z,462,18,1,3,0,0,1,1,1,1785534705
2026-07-31T21:58:45Z,463,8,0,11,0,0,1,1,1,1785534777
2026-07-31T21:58:45Z,464,3,0,11,0,0,1,1,1,1785534892
2026-07-31T21:58:45Z,465,1,1,14,0,0,1,1,1,1785533554
2026-07-31T21:58:45Z,466,6,2,3,6,0,1,1,1,1785534500
2026-07-31T21:58:45Z,467,1,1,18,0,0,1,1,1,1785534667
2026-07-31T21:58:45Z,468,1,0,17,1,0,1,1,1,1785534756
2026-07-31T21:58:45Z,469,6,1,17,0,0,1,1,1,1785535020
2026-07-31T21:58:45Z,470,0,0,13,2,0,1,1,1,1785534870
2026-07-31T21:58:45Z,471,23,2,4,0,0,1,1,1,1785534771
2026-07-31T21:58:45Z,472,10,3,8,1,0,1,1,1,1785534948
2026-07-31T21:58:45Z,473,7,0,12,0,0,1,1,1,1785535093
2026-07-31T21:58:45Z,474,10,2,9,0,0,1,1,1,1785535116
2026-07-31T21:58:45Z,475,4,2,14,1,0,1,1,1,1785534972
2026-07-31T21:58:45Z,477,6,1,9,0,0,1,1,1,1785534919
2026-07-31T21:58:45Z,478,28,1,3,0,0,1,1,1,1785535111
2026-07-31T21:58:45Z,479,7,0,18,2,0,1,1,1,1785534970
2026-07-31T21:58:45Z,480,7,2,7,1,0,1,1,1,1785535108
2026-07-31T21:58:45Z,481,11,0,23,1,0,1,1,1,1785534988
2026-07-31T21:58:45Z,482,3,3,16,0,0,1,1,1,1785534085
2026-07-31T21:58:45Z,483,4,0,21,2,0,1,1,1,1785534983
2026-07-31T21:58:45Z,484,2,0,16,1,0,1,1,1,1785534944
2026-07-31T21:58:45Z,485,11,4,7,0,1,1,1,1,1785534943
2026-07-31T21:58:45Z,486,1,0,23,3,0,1,1,1,1785534871
2026-07-31T21:58:45Z,487,9,5,7,3,0,1,1,1,1785534597
2026-07-31T21:58:45Z,489,4,1,11,0,0,1,1,1,1785535008
2026-07-31T21:58:45Z,490,14,0,1,1,0,1,1,1,1785534772
2026-07-31T21:58:45Z,491,7,2,13,1,0,1,1,1,1785533054
2026-07-31T21:58:45Z,492,3,3,5,3,0,1,1,1,1785535113
2026-07-31T21:58:45Z,493,21,1,6,0,0,1,1,1,1785533930
2026-07-31T21:58:45Z,495,8,0,6,1,0,1,1,1,1785533278
2026-07-31T21:58:45Z,496,4,0,23,0,0,1,1,1,1785534990
2026-07-31T21:58:45Z,497,0,0,18,0,0,1,1,1,1785533854
2026-07-31T21:58:45Z,498,4,3,19,0,0,1,1,1,1785534881
2026-07-31T21:58:45Z,499,2,0,16,1,0,1,1,1,1785535011
2026-07-31T21:58:45Z,500,1,0,10,4,0,1,1,1,1785534617
2026-07-31T21:58:45Z,501,11,1,10,0,0,1,1,1,1785534778
2026-07-31T21:58:45Z,502,1,0,16,2,0,1,1,1,1785533820
2026-07-31T21:58:45Z,503,5,0,25,1,0,1,1,1,1785535090
2026-07-31T21:58:45Z,504,2,0,35,2,0,1,1,1,1785535107
2026-07-31T21:58:45Z,505,1,0,10,1,0,1,1,1,1785534502
2026-07-31T21:58:45Z,511,3,2,20,0,0,1,1,1,1785533768
2026-07-31T21:58:45Z,512,11,0,16,0,0,1,1,1,1785534873
2026-07-31T21:58:45Z,514,0,0,10,1,0,1,1,1,1785534736
2026-07-31T21:58:45Z,515,4,2,15,0,0,1,1,1,1785534372
2026-07-31T21:58:45Z,516,11,0,16,0,0,1,1,1,1785534811
2026-07-31T21:58:45Z,517,13,3,10,0,0,1,1,1,1785534465
2026-07-31T21:58:45Z,518,5,0,9,1,0,1,1,1,1785533962
2026-07-31T21:58:45Z,519,4,2,12,3,0,1,1,1,1785534719
2026-07-31T21:58:45Z,520,17,6,2,7,1,1,1,1,1785535117
2026-07-31T21:58:45Z,521,4,3,19,0,0,1,1,1,1785533981
2026-07-31T21:58:45Z,522,14,2,7,2,0,1,1,1,1785534547
2026-07-31T21:58:45Z,523,9,4,13,1,0,1,1,1,1785534030
2026-07-31T21:58:45Z,524,12,1,10,1,0,1,1,1,1785535091
2026-07-31T21:58:45Z,525,8,0,11,0,0,1,1,1,1785534475
2026-07-31T21:58:45Z,526,6,2,9,0,0,1,1,1,1785534284
2026-07-31T21:58:45Z,527,15,11,10,1,0,1,1,1,1785534982
2026-07-31T21:58:45Z,528,16,2,5,2,0,1,1,1,1785535000
2026-07-31T21:58:45Z,529,5,3,7,7,0,1,1,1,1785535117
2026-07-31T21:58:45Z,530,11,0,7,3,0,1,1,1,1785534549
2026-07-31T21:58:45Z,531,11,1,11,0,1,1,1,1,1785534724
2026-07-31T21:58:45Z,532,8,8,22,1,0,1,1,1,1785534925
2026-07-31T21:58:45Z,533,11,0,7,1,0,1,1,1,1785534802
2026-07-31T21:58:45Z,534,7,2,16,0,0,1,1,1,1785534845
2026-07-31T21:58:45Z,535,3,1,12,0,0,1,1,1,1785534749
2026-07-31T21:58:45Z,536,11,0,12,0,0,1,1,1,1785534560
2026-07-31T21:58:45Z,537,5,0,15,0,0,1,1,1,1785535060
2026-07-31T21:58:45Z,538,11,1,10,0,2,1,1,1,1785535033
2026-07-31T21:58:45Z,539,2,2,29,0,0,1,1,1,1785534992
2026-07-31T21:58:45Z,540,5,3,14,0,0,1,1,1,1785535076
2026-07-31T21:58:45Z,541,8,1,18,1,0,1,1,1,1785534989
2026-07-31T21:58:45Z,542,1,0,22,0,0,1,1,1,1785535101
2026-07-31T21:58:45Z,543,0,0,19,0,0,1,1,1,1785534907
2026-07-31T21:58:45Z,544,12,3,7,3,0,1,1,1,1785535063
2026-07-31T21:58:45Z,545,11,0,2,6,0,1,1,1,1785535111
2026-07-31T21:58:45Z,546,1,0,18,0,0,1,1,1,1785534848
2026-07-31T21:58:45Z,547,12,1,13,0,0,1,1,1,1785534638
2026-07-31T21:58:45Z,548,8,2,14,1,0,1,1,1,1785534866
2026-07-31T21:58:45Z,549,20,1,2,1,0,1,1,1,1785535063
2026-07-31T21:58:45Z,550,2,2,17,0,0,1,1,1,1785534714
2026-07-31T21:58:45Z,551,3,2,19,1,0,1,1,1,1785534311
2026-07-31T21:58:45Z,552,3,2,24,0,0,1,1,1,1785534895
2026-07-31T21:58:45Z,553,4,1,17,2,0,1,1,1,1785534988
2026-07-31T21:58:45Z,554,0,0,18,1,0,1,1,1,1785534501
2026-07-31T21:58:45Z,555,8,1,6,1,0,1,1,1,1785534856
2026-07-31T21:58:45Z,556,11,1,10,2,0,1,1,1,1785535058
2026-07-31T21:58:45Z,557,0,0,21,2,0,1,1,1,1785533714
2026-07-31T21:58:45Z,558,32,11,3,2,0,1,1,1,1785535117
2026-07-31T21:58:45Z,559,8,0,10,1,0,1,1,1,1785534847
2026-07-31T21:58:45Z,560,22,0,5,0,0,1,1,1,1785534678
2026-07-31T21:58:45Z,561,4,2,16,3,0,1,1,1,1785535104
2026-07-31T21:58:45Z,562,7,0,21,7,0,1,1,1,1785535095
2026-07-31T21:58:45Z,563,5,0,7,2,0,1,1,1,1785534221
2026-07-31T21:58:45Z,564,3,1,15,1,0,1,1,1,1785534320
2026-07-31T21:58:45Z,565,3,0,16,0,0,1,1,1,1785534932
2026-07-31T21:58:45Z,566,2,0,16,1,0,1,1,1,1785534982
2026-07-31T21:58:45Z,567,16,1,9,2,0,1,1,1,1785534929
2026-07-31T21:58:45Z,568,7,0,11,1,0,1,1,1,1785534337
2026-07-31T21:58:45Z,569,12,0,5,2,0,1,1,1,1785534473
2026-07-31T21:58:45Z,570,7,1,9,3,0,1,1,1,1785535107
2026-07-31T21:58:45Z,571,6,0,17,0,0,1,1,1,1785534483
2026-07-31T21:58:45Z,572,3,0,16,0,0,1,1,1,1785534808
2026-07-31T21:58:45Z,573,11,2,4,0,0,1,1,1,1785535055
2026-07-31T21:58:45Z,574,1,1,14,0,0,1,1,1,1785533447
2026-07-31T21:58:45Z,575,1,0,19,1,0,1,1,1,1785534449
2026-07-31T21:58:45Z,576,5,3,14,0,0,1,1,1,1785534800
2026-07-31T21:58:45Z,577,18,0,13,0,0,1,1,1,1785534070
2026-07-31T21:58:45Z,578,2,0,20,1,0,1,1,1,1785535054
2026-07-31T21:58:45Z,579,7,0,36,0,0,1,1,1,1785534551
2026-07-31T21:58:45Z,580,6,0,23,0,0,1,1,1,1785534821
2026-07-31T21:58:45Z,581,13,0,5,1,0,1,1,1,1785535115
2026-07-31T21:58:45Z,582,25,0,34,2,0,1,1,1,1785535072
2026-07-31T21:58:45Z,583,1,0,21,1,0,1,1,1,1785534905
2026-07-31T21:58:45Z,584,2,1,13,4,0,1,1,1,1785534189
2026-07-31T21:58:45Z,585,1,0,25,0,1,1,1,1,1785535032
2026-07-31T21:58:45Z,586,19,3,16,0,0,1,1,1,1785535111
2026-07-31T21:58:45Z,587,5,0,18,1,0,1,1,1,1785535060
2026-07-31T21:58:45Z,588,9,3,7,2,1,1,1,1,1785534875
2026-07-31T21:58:45Z,589,6,1,16,0,0,1,1,1,1785534746
2026-07-31T21:58:45Z,590,9,1,21,1,0,1,1,1,1785534785
2026-07-31T21:58:45Z,591,4,3,24,2,0,1,1,1,1785535109
2026-07-31T21:58:45Z,592,11,0,12,0,0,1,1,1,1785534791
2026-07-31T21:58:45Z,593,16,4,22,0,0,1,1,1,1785534843
2026-07-31T21:58:45Z,594,16,0,4,1,0,1,1,1,1785534787
2026-07-31T21:58:45Z,595,0,0,3,0,0,0,1,1,1784046673
2026-07-31T21:58:45Z,605,0,0,2,1,0,0,1,1,1783975843
2026-07-31T21:58:45Z,606,0,0,0,0,0,0,1,1,86400
2026-07-31T21:58:45Z,607,7,5,23,2,0,1,1,1,1785535055
2026-07-31T21:58:45Z,608,39,0,11,0,0,1,1,1,1785535096
2026-07-31T21:58:45Z,609,1,1,22,0,0,1,1,1,1785534711
2026-07-31T21:58:45Z,610,13,0,21,1,0,1,1,1,1785534329
2026-07-31T21:58:45Z,611,9,0,17,1,0,1,1,1,1785535083
2026-07-31T21:58:45Z,612,8,1,7,0,0,1,1,1,1785533466
2026-07-31T21:58:45Z,613,12,4,0,3,0,1,1,1,1785530289
2026-07-31T21:58:45Z,614,3,3,21,2,1,1,1,1,1785534656
2026-07-31T21:58:45Z,617,11,1,1,3,0,1,1,1,1785535022
2026-07-31T21:58:45Z,618,9,1,4,6,0,1,1,1,1785534526
2026-07-31T21:58:45Z,619,7,4,12,0,0,1,1,1,1785535116
2026-07-31T21:58:45Z,620,7,0,19,1,0,1,1,1,1785534894
2026-07-31T21:58:45Z,621,3,3,20,0,0,1,1,1,1785535058
2026-07-31T21:58:45Z,622,13,1,9,1,0,1,1,1,1785535104
2026-07-31T21:58:45Z,623,20,7,10,0,0,1,1,1,1785534966
2026-07-31T21:58:45Z,624,0,0,15,0,0,1,1,1,1785534424
2026-07-31T21:58:45Z,625,16,3,0,5,0,1,1,1,1785535047
2026-07-31T21:58:45Z,626,40,0,5,0,2,1,1,1,1785535114
2026-07-31T21:58:45Z,627,16,4,3,0,0,1,1,1,1785535008
2026-07-31T21:58:45Z,628,2,2,14,2,1,1,1,1,1785533935
2026-07-31T21:58:45Z,629,3,1,6,2,0,1,1,1,1785535075
2026-07-31T21:58:45Z,630,0,0,23,4,0,1,1,1,1785534867
2026-07-31T21:58:45Z,631,5,5,18,0,0,1,1,1,1785534941
2026-07-31T21:58:45Z,632,18,1,3,2,0,1,1,1,1785532871
2026-07-31T21:58:45Z,633,11,3,1,3,0,1,1,1,1785530006
2026-07-31T21:58:45Z,634,11,1,8,0,0,1,1,1,1785534984
2026-07-31T21:58:45Z,635,16,1,3,0,0,1,1,1,1785534612
2026-07-31T21:58:45Z,636,7,2,8,0,0,1,1,1,1785526430
2026-07-31T21:58:45Z,637,8,2,9,2,0,1,1,1,1785534979
2026-07-31T21:58:45Z,638,6,2,11,2,0,1,1,1,1785535058
2026-07-31T21:58:45Z,639,11,2,6,2,0,1,1,1,1785534059
2026-07-31T21:58:45Z,640,13,6,7,3,0,1,1,1,1785535117
2026-07-31T21:58:45Z,641,7,0,20,0,0,1,1,1,1785535078
2026-07-31T21:58:45Z,642,6,4,5,8,0,1,1,1,1785535114
2026-07-31T21:58:45Z,643,2,0,17,8,0,1,1,1,1785535116
2026-07-31T21:58:45Z,644,13,1,1,1,0,1,1,1,1785533615
2026-07-31T21:58:45Z,645,15,1,6,1,1,1,1,1,1785533150
2026-07-31T21:58:45Z,646,4,1,15,0,0,1,1,1,1785533859
2026-07-31T21:58:45Z,647,2,0,29,0,0,1,1,1,1785534858
2026-07-31T21:58:45Z,648,3,0,15,1,0,1,1,1,1785534752
2026-07-31T21:58:45Z,649,0,0,30,1,0,1,1,1,1785533342
2026-07-31T21:58:45Z,650,4,1,10,0,0,1,1,1,1785533768
2026-07-31T21:58:45Z,651,9,7,14,0,0,1,1,1,1785534849
2026-07-31T21:58:45Z,652,6,3,14,3,0,1,1,1,1785534917
2026-07-31T21:58:45Z,653,3,1,15,1,0,1,1,1,1785534029
2026-07-31T21:58:45Z,654,0,0,15,0,0,1,1,1,1785534379
2026-07-31T21:58:45Z,655,8,4,0,4,1,1,1,1,1785535111
2026-07-31T21:58:45Z,656,2,1,17,0,0,1,1,1,1785534891
2026-07-31T21:58:45Z,657,11,4,2,2,2,1,1,1,1785534868
2026-07-31T21:58:45Z,658,9,1,1,0,0,1,1,1,1785533651
2026-07-31T21:58:45Z,659,7,5,6,2,0,1,1,1,1785529408
2026-07-31T21:58:45Z,660,19,5,8,4,0,1,1,1,1785534871
2026-07-31T21:58:45Z,661,6,3,13,0,0,1,1,1,1785534741
2026-07-31T21:58:45Z,662,5,2,14,4,0,1,1,1,1785533873
2026-07-31T21:58:45Z,663,2,1,13,0,0,1,1,1,1785534444
2026-07-31T21:58:45Z,664,13,0,14,0,0,1,1,1,1785534839
2026-07-31T21:58:45Z,665,10,4,5,0,0,1,1,1,1785534830
2026-07-31T21:58:45Z,666,6,2,6,3,0,1,1,1,1785533165
2026-07-31T21:58:45Z,667,9,3,8,2,0,1,1,1,1785535019
2026-07-31T21:58:45Z,668,7,1,12,0,0,1,1,1,1785534836
2026-07-31T21:58:45Z,669,5,3,7,2,0,1,1,1,1785534788
2026-07-31T21:58:45Z,670,19,0,7,1,0,1,1,1,1785534961
2026-07-31T21:58:45Z,671,20,3,7,0,0,1,1,1,1785535020
2026-07-31T21:58:45Z,672,8,1,11,3,1,1,1,1,1785534889
2026-07-31T21:58:45Z,673,12,0,10,0,1,1,1,1,1785535051
2026-07-31T21:58:45Z,674,2,0,19,2,0,1,1,1,1785534943
2026-07-31T21:58:45Z,675,1,1,12,2,0,1,1,1,1785532946
2026-07-31T21:58:45Z,676,8,0,13,1,0,1,1,1,1785534556
2026-07-31T21:58:45Z,681,8,4,6,0,1,1,1,1,1785534996
2026-07-31T21:58:45Z,682,6,1,13,0,0,1,1,1,1785534288
2026-07-31T21:58:45Z,683,1,1,18,0,0,1,1,1,1785527602
2026-07-31T21:58:45Z,684,3,1,24,0,0,1,1,1,1785518528
2026-07-31T21:58:45Z,685,5,0,20,1,1,1,1,1,1785534297
2026-07-31T21:58:45Z,686,10,0,14,3,0,1,1,1,1785534921
2026-07-31T21:58:45Z,687,12,1,17,1,1,1,1,1,1785534946
2026-07-31T21:58:45Z,688,12,1,7,0,0,1,1,1,1785534682
2026-07-31T21:58:45Z,692,0,0,21,0,0,1,1,1,1785534890
2026-07-31T21:58:45Z,693,6,0,2,3,0,1,1,1,1785534253
2026-07-31T21:58:45Z,694,8,3,13,0,0,1,1,1,1785534943
2026-07-31T21:58:45Z,695,2,2,20,1,0,1,1,1,1785535114
2026-07-31T21:58:45Z,696,16,13,7,0,0,1,1,1,1785534592
2026-07-31T21:58:45Z,697,18,4,4,1,0,1,1,1,1785535101
2026-07-31T21:58:45Z,698,26,2,1,0,0,1,1,1,1785534831
2026-07-31T21:58:45Z,699,5,0,9,1,0,1,1,1,1785534641
2026-07-31T21:58:45Z,700,14,0,3,2,0,1,1,1,1785534854
2026-07-31T21:58:45Z,701,15,3,4,0,0,1,1,1,1785534265
2026-07-31T21:58:45Z,702,6,3,16,1,0,1,1,1,1785534961
2026-07-31T21:58:45Z,704,5,0,10,0,0,1,1,1,1785535114
2026-07-31T21:58:45Z,705,1,0,14,0,0,1,1,1,1785534884
2026-07-31T21:58:45Z,706,4,1,9,2,0,1,1,1,1785534195
2026-07-31T21:58:45Z,707,7,1,8,0,0,1,1,1,1785534761
2026-07-31T21:58:45Z,708,15,1,3,1,0,1,1,1,1785535057
2026-07-31T21:58:45Z,709,4,0,8,3,0,1,1,1,1785534857
2026-07-31T21:58:45Z,710,2,0,16,1,0,1,1,1,1785535109
2026-07-31T21:58:45Z,711,7,2,13,3,0,1,1,1,1785534756
2026-07-31T21:58:45Z,712,8,6,6,1,0,1,1,1,1785534968
2026-07-31T21:58:45Z,713,3,2,19,1,0,1,1,1,1785534989
2026-07-31T21:58:45Z,716,4,3,11,0,0,1,1,1,1785534550
2026-07-31T21:58:45Z,717,3,1,20,2,0,1,1,1,1785534684
2026-07-31T21:58:45Z,718,5,2,8,2,0,1,1,1,1785535023
2026-07-31T21:58:45Z,719,4,0,25,0,0,1,1,1,1785534178
2026-07-31T21:58:45Z,720,0,0,19,0,0,1,1,1,1785534816
2026-07-31T21:58:45Z,721,4,0,17,2,0,1,1,1,1785534933
2026-07-31T21:58:45Z,722,7,1,8,0,0,1,1,1,1785534592
2026-07-31T21:58:45Z,723,14,2,9,0,0,1,1,1,1785534808
2026-07-31T21:58:45Z,724,9,3,13,1,0,1,1,1,1785535025
2026-07-31T21:58:45Z,725,1,0,21,1,0,1,1,1,1785535028
2026-07-31T21:58:45Z,726,8,0,10,1,0,1,1,1,1785534939
2026-07-31T21:58:45Z,727,10,5,12,1,0,1,1,1,1785533851
2026-07-31T21:58:45Z,728,9,0,5,1,0,1,1,1,1785535118
2026-07-31T21:58:45Z,729,5,0,14,0,0,1,1,1,1785534818
2026-07-31T21:58:45Z,730,0,0,12,3,0,1,1,1,1785533905
2026-07-31T21:58:45Z,731,4,3,9,2,0,1,1,1,1785534863
2026-07-31T21:58:45Z,732,3,2,12,0,0,1,1,1,1785534062
2026-07-31T21:58:45Z,733,10,2,17,0,0,1,1,1,1785535024
2026-07-31T21:58:45Z,734,3,0,11,0,0,1,1,1,1785534161
2026-07-31T21:58:45Z,735,25,10,2,0,0,1,1,1,1785534973
2026-07-31T21:58:45Z,736,12,1,7,0,0,1,1,1,1785533480
2026-07-31T21:58:45Z,737,2,1,12,0,1,1,1,1,1785533530
2026-07-31T21:58:45Z,738,14,4,5,0,0,1,1,1,1785533872
2026-07-31T21:58:45Z,739,17,0,9,1,0,1,1,1,1785535056
2026-07-31T21:58:45Z,741,7,0,16,0,0,1,1,1,1785533375
2026-07-31T21:58:45Z,742,11,7,22,2,0,1,1,1,1785534887
2026-07-31T21:58:45Z,743,5,2,14,0,0,1,1,1,1785535070
2026-07-31T21:58:45Z,744,9,2,6,0,0,1,1,1,1785535034
2026-07-31T21:58:45Z,745,12,4,7,0,0,1,1,1,1785534074
2026-07-31T21:58:45Z,746,2,0,20,1,0,1,1,1,1785535095
2026-07-31T21:58:45Z,747,0,0,4,0,0,0,1,1,1783446606
2026-07-31T21:58:45Z,748,8,0,15,0,0,1,1,1,1785534632
2026-07-31T21:58:45Z,749,4,0,19,0,0,1,1,1,1785534862
2026-07-31T21:58:45Z,750,5,2,4,2,0,1,1,1,1785534913
2026-07-31T21:58:45Z,751,18,13,5,0,0,1,1,1,1785534745
2026-07-31T21:58:45Z,752,1,0,15,1,0,1,1,1,1785534674
2026-07-31T21:58:45Z,753,1,0,13,1,0,1,1,1,1785534135
2026-07-31T21:58:45Z,754,5,1,10,0,0,1,1,1,1785534215
2026-07-31T21:58:45Z,755,15,4,7,1,0,1,1,1,1785534818
2026-07-31T21:58:45Z,756,5,4,31,1,0,1,1,1,1785534669
2026-07-31T21:58:45Z,757,6,1,13,0,0,1,1,1,1785534900
2026-07-31T21:58:45Z,758,1,1,21,1,0,1,1,1,1785534653
2026-07-31T21:58:45Z,759,0,0,0,0,0,1,1,1,86400
2026-07-31T21:58:45Z,760,9,2,10,0,0,1,1,1,1785531870
2026-07-31T21:58:45Z,761,2,1,21,0,0,1,1,1,1785535052
2026-07-31T21:58:45Z,762,4,2,6,5,0,1,1,1,1785534872
2026-07-31T21:58:45Z,768,7,0,8,4,0,1,1,1,1785534203
2026-07-31T21:58:45Z,769,13,10,5,1,0,1,1,1,1785534911
2026-07-31T21:58:45Z,770,6,2,11,2,0,1,1,1,1785533614
2026-07-31T21:58:45Z,771,12,1,2,1,0,1,1,1,1785534839
2026-07-31T21:58:45Z,772,1,0,14,0,0,1,1,1,1785534276
2026-07-31T21:58:45Z,773,17,2,2,0,0,1,1,1,1785535061
2026-07-31T21:58:45Z,774,7,1,4,4,0,1,1,1,1785533343
2026-07-31T21:58:45Z,775,6,1,11,1,1,1,1,1,1785533232
2026-07-31T21:58:45Z,776,1,0,19,1,0,1,1,1,1785533840
2026-07-31T21:58:45Z,777,14,5,1,0,0,1,1,1,1785534989
2026-07-31T21:58:45Z,778,13,0,6,0,0,1,1,1,1785534098
2026-07-31T21:58:45Z,779,6,0,12,1,0,1,1,1,1785534550
2026-07-31T21:58:45Z,780,5,1,14,0,0,1,1,1,1785534750
2026-07-31T21:58:45Z,781,3,1,6,2,0,1,1,1,1785534165
2026-07-31T21:58:45Z,782,0,0,15,4,0,1,1,1,1785535081
2026-07-31T21:58:45Z,783,6,2,13,0,0,1,1,1,1785534310
2026-07-31T21:58:45Z,784,6,2,13,0,0,1,1,1,1785534674
2026-07-31T21:58:45Z,785,10,2,3,6,0,1,1,1,1785534594
2026-07-31T21:58:45Z,786,9,5,10,0,0,1,1,1,1785535044
2026-07-31T21:58:45Z,787,4,3,10,1,0,1,1,1,1785534667
2026-07-31T21:58:45Z,788,6,1,9,0,0,1,1,1,1785534796
2026-07-31T21:58:45Z,789,7,2,4,4,0,1,1,1,1785534999
2026-07-31T21:58:45Z,790,2,0,20,1,0,1,1,1,1785534666
2026-07-31T21:58:45Z,791,9,0,9,0,1,1,1,1,1785535068
2026-07-31T21:58:45Z,793,4,0,10,1,0,1,1,1,1785533309
2026-07-31T21:58:45Z,794,6,2,21,2,0,1,1,1,1785534971
2026-07-31T21:58:45Z,796,6,3,12,1,0,1,1,1,1785535014
2026-07-31T21:58:45Z,797,4,1,11,0,0,1,1,1,1785535004
2026-07-31T21:58:45Z,798,18,0,6,1,0,1,1,1,1785534974
2026-07-31T21:58:45Z,799,13,2,2,4,0,1,1,1,1785534978
2026-07-31T21:58:45Z,800,0,0,20,1,0,1,1,1,1785534628
2026-07-31T21:58:45Z,801,3,1,17,1,0,1,1,1,1785535071
2026-07-31T21:58:45Z,802,9,0,22,0,0,1,1,1,1785533433
2026-07-31T21:58:45Z,803,2,0,13,0,0,1,1,1,1785534763
2026-07-31T21:58:45Z,806,4,3,10,1,0,1,1,1,1785534583
2026-07-31T21:58:45Z,807,11,5,11,3,0,1,1,1,1785534143
2026-07-31T21:58:45Z,808,14,1,8,3,0,1,1,1,1785534884
2026-07-31T21:58:45Z,809,4,1,18,1,0,1,1,1,1785535022
2026-07-31T21:58:45Z,810,4,2,13,2,0,1,1,1,1785533570
2026-07-31T21:58:45Z,815,7,2,3,4,1,1,1,1,1785535006
2026-07-31T21:58:45Z,817,10,5,5,0,0,1,1,1,1785534743
2026-07-31T21:58:45Z,818,6,1,17,0,0,1,1,1,1785533833
2026-07-31T21:58:45Z,819,7,4,8,0,0,1,1,1,1785532837
2026-07-31T21:58:45Z,820,10,0,7,0,0,1,1,1,1785534175
2026-07-31T21:58:45Z,821,4,3,11,0,0,1,1,1,1785535091
2026-07-31T21:58:45Z,822,3,0,19,1,0,1,1,1,1785534902
2026-07-31T21:58:45Z,823,15,2,0,0,0,1,1,1,1785534592
2026-07-31T21:58:45Z,824,8,5,11,0,0,1,1,1,1785534952
2026-07-31T21:58:45Z,825,5,4,9,1,0,1,1,1,1785533040
2026-07-31T21:58:45Z,826,7,1,10,2,0,1,1,1,1785534793
2026-07-31T21:58:45Z,827,18,4,1,2,0,1,1,1,1785533798
2026-07-31T21:58:45Z,828,13,1,3,2,0,1,1,1,1785534621
2026-07-31T21:58:45Z,829,17,6,10,0,0,1,1,1,1785534484
2026-07-31T21:58:45Z,830,15,0,7,1,0,1,1,1,1785534671
2026-07-31T21:58:45Z,831,4,3,9,2,0,1,1,1,1785534607
2026-07-31T21:58:45Z,832,7,3,8,3,0,1,1,1,1785534706
2026-07-31T21:58:45Z,833,3,1,15,1,0,1,1,1,1785534453
2026-07-31T21:58:45Z,834,23,1,0,1,0,1,1,1,1785535046
2026-07-31T21:58:45Z,835,5,2,11,2,0,1,1,1,1785535099
2026-07-31T21:58:45Z,838,4,2,10,1,0,1,1,1,1785535000
2026-07-31T21:58:45Z,839,16,1,12,1,0,1,1,1,1785534910
2026-07-31T21:58:45Z,840,1,0,27,1,0,1,1,1,1785535044
2026-07-31T21:58:45Z,841,8,2,7,0,0,1,1,1,1785534511
2026-07-31T21:58:45Z,842,1,0,22,0,0,1,1,1,1785534443
2026-07-31T21:58:45Z,843,14,2,17,0,0,1,1,1,1785534828
2026-07-31T21:58:45Z,844,4,0,19,0,0,1,1,1,1785534719
2026-07-31T21:58:45Z,845,5,3,12,2,0,1,1,1,1785534853
2026-07-31T21:58:45Z,846,4,2,14,1,0,1,1,1,1785533924
2026-07-31T21:58:45Z,847,6,1,20,1,0,1,1,1,1785533832
2026-07-31T21:58:45Z,848,4,3,14,1,0,1,1,1,1785534434
2026-07-31T21:58:45Z,849,4,0,10,1,0,1,1,1,1785535016
2026-07-31T21:58:45Z,850,6,0,5,0,0,1,1,1,1785534010
2026-07-31T21:58:45Z,851,5,4,29,3,0,1,1,1,1785535057
2026-07-31T21:58:45Z,852,10,4,9,0,0,1,1,1,1785534588
2026-07-31T21:58:45Z,853,11,5,12,0,0,1,1,1,1785533631
2026-07-31T21:58:45Z,854,1,1,14,0,0,1,1,1,1785534365
2026-07-31T21:58:45Z,855,26,0,1,0,0,1,1,1,1785533207
2026-07-31T21:58:45Z,857,5,4,11,3,0,1,1,1,1785535092
2026-07-31T21:58:45Z,858,5,2,13,1,0,1,1,1,1785535055
2026-07-31T21:58:45Z,859,8,0,12,1,0,1,1,1,1785533558
2026-07-31T21:58:45Z,861,6,0,4,1,0,1,1,1,1785528609
2026-07-31T21:58:45Z,862,4,2,11,0,0,1,1,1,1785534556
2026-07-31T21:58:45Z,863,14,1,4,1,0,1,1,1,1785534680
2026-07-31T21:58:45Z,866,11,1,8,0,0,1,1,1,1785534942
2026-07-31T21:58:45Z,867,14,2,1,0,0,1,1,1,1785534158
2026-07-31T21:58:45Z,868,7,0,8,0,0,1,1,1,1785534411
2026-07-31T21:58:45Z,870,8,5,7,0,0,1,1,1,1785534639
2026-07-31T21:58:45Z,871,0,0,10,1,0,1,1,1,1785533962
2026-07-31T21:58:45Z,872,1,0,13,1,0,1,1,1,1785534548
2026-07-31T21:58:45Z,873,7,0,24,2,0,1,1,1,1785535041
2026-07-31T21:58:45Z,874,5,0,7,3,0,1,1,1,1785534884
2026-07-31T21:58:45Z,875,12,8,1,2,0,1,1,1,1785534770
2026-07-31T21:58:45Z,877,13,12,6,0,0,1,1,1,1785534241
2026-07-31T21:58:45Z,878,3,3,16,0,0,1,1,1,1785534813
2026-07-31T21:58:45Z,879,2,0,17,0,0,1,1,1,1785533846
2026-07-31T21:58:45Z,880,3,0,19,1,0,1,1,1,1785534772
2026-07-31T21:58:45Z,881,3,0,16,0,0,1,1,1,1785534677
2026-07-31T21:58:45Z,882,9,3,9,1,0,1,1,1,1785534469
2026-07-31T21:58:45Z,883,7,3,12,0,0,1,1,1,1785534865
2026-07-31T21:58:45Z,884,11,7,10,0,0,1,1,1,1785534263
2026-07-31T21:58:45Z,885,0,0,19,0,0,1,1,1,1785534476
2026-07-31T21:58:45Z,886,3,0,24,2,0,1,1,1,1785534926
2026-07-31T21:58:45Z,887,6,2,7,4,0,1,1,1,1785534681
2026-07-31T21:58:45Z,888,6,0,32,3,0,1,1,1,1785534961
2026-07-31T21:58:45Z,889,1,0,16,2,0,1,1,1,1785534994
2026-07-31T21:58:45Z,890,8,4,7,0,0,1,1,1,1785527402
2026-07-31T21:58:45Z,891,18,0,4,1,0,1,1,1,1785534023
2026-07-31T21:58:45Z,892,11,1,4,0,0,1,1,1,1785534415
2026-07-31T21:58:45Z,895,3,0,16,0,0,1,1,1,1785534035
2026-07-31T21:58:45Z,896,7,2,28,0,0,1,1,1,1785534764
2026-07-31T21:58:45Z,897,16,1,5,0,0,1,1,1,1785534713
2026-07-31T21:58:45Z,898,2,0,17,0,0,1,1,1,1785534388
2026-07-31T21:58:45Z,899,1,0,17,1,0,1,1,1,1785534449
2026-07-31T21:58:45Z,900,7,0,19,1,0,1,1,1,1785535068
2026-07-31T21:58:45Z,901,2,0,16,1,0,1,1,1,1785534677
2026-07-31T21:58:45Z,902,5,1,10,0,0,1,1,1,1785534290
2026-07-31T21:58:45Z,903,7,2,11,1,0,1,1,1,1785533875
2026-07-31T21:58:45Z,904,10,4,8,1,0,1,1,1,1785534793
2026-07-31T21:58:45Z,905,13,0,13,1,0,1,1,1,1785534621
2026-07-31T21:58:45Z,906,18,8,8,1,0,1,1,1,1785534899
2026-07-31T21:58:45Z,907,6,0,25,0,0,1,1,1,1785535101
2026-07-31T21:58:45Z,908,12,2,11,0,0,1,1,1,1785534809
2026-07-31T21:58:45Z,909,8,7,15,0,0,1,1,1,1785535102
2026-07-31T21:58:45Z,910,18,0,10,3,0,1,1,1,1785535113
2026-07-31T21:58:45Z,911,4,1,15,0,0,1,1,1,1785534321
2026-07-31T21:58:45Z,912,1,0,21,1,0,1,1,1,1785534949
2026-07-31T21:58:45Z,913,6,4,13,0,0,1,1,1,1785533504
2026-07-31T21:58:45Z,914,15,1,2,2,0,1,1,1,1785535102
2026-07-31T21:58:45Z,915,16,1,4,3,0,1,1,1,1785535031
2026-07-31T21:58:45Z,916,4,0,19,0,0,1,1,1,1785535037
2026-07-31T21:58:45Z,917,7,0,27,1,0,1,1,1,1785534963
2026-07-31T21:58:45Z,918,1,0,16,2,0,1,1,1,1785534959
2026-07-31T21:58:45Z,919,14,0,25,0,0,1,1,1,1785535111
2026-07-31T21:58:45Z,920,7,2,12,0,0,1,1,1,1785535098
2026-07-31T21:58:45Z,921,11,0,10,0,0,1,1,1,1785534992
2026-07-31T21:58:45Z,922,1,1,20,0,0,1,1,1,1785535117
2026-07-31T21:58:45Z,923,8,3,11,0,0,1,1,1,1785534795
2026-07-31T21:58:45Z,924,5,0,15,1,0,1,1,1,1785533679
2026-07-31T21:58:45Z,925,11,0,10,0,0,1,1,1,1785535003
2026-07-31T21:58:45Z,926,2,0,19,0,0,1,1,1,1785535077
2026-07-31T21:58:45Z,927,24,2,11,0,0,1,1,1,1785534942
2026-07-31T21:58:45Z,928,0,0,19,0,0,0,1,1,1785500252
2026-07-31T21:58:45Z,929,13,1,9,1,0,1,1,1,1785535064
2026-07-31T21:58:45Z,930,8,0,22,1,0,1,1,1,1785534801
2026-07-31T21:58:45Z,931,10,5,12,1,0,1,1,1,1785535085
2026-07-31T21:58:45Z,932,10,0,7,2,0,1,1,1,1785534995
2026-07-31T21:58:45Z,933,3,1,19,1,0,1,1,1,1785535101
2026-07-31T21:58:45Z,934,27,0,3,1,0,1,1,1,1785535077
2026-07-31T21:58:45Z,935,11,0,7,1,0,1,1,1,1785534753
2026-07-31T21:58:45Z,936,6,0,13,0,0,1,1,1,1785534992
2026-07-31T21:58:45Z,940,6,0,4,1,0,1,1,1,1785534507
2026-07-31T21:58:45Z,941,17,2,5,3,0,1,1,1,1785534054
2026-07-31T21:58:45Z,942,13,0,8,0,0,1,1,1,1785534338
2026-07-31T21:58:45Z,943,8,8,7,0,0,1,1,1,1785534628
2026-07-31T21:58:45Z,944,10,8,5,0,0,1,1,1,1785534476
2026-07-31T21:58:45Z,945,10,8,5,0,0,1,1,1,1785534000
2026-07-31T21:58:45Z,946,7,5,12,0,0,1,1,1,1785523835
2026-07-31T21:58:45Z,947,5,3,12,0,0,1,1,1,1785534499
2026-07-31T21:58:45Z,948,20,15,7,4,0,1,1,1,1785535098
2026-07-31T21:58:45Z,949,1,1,13,1,0,1,1,1,1785534661
2026-07-31T21:58:45Z,950,4,2,12,1,0,1,1,1,1785535041
2026-07-31T21:58:45Z,951,18,7,5,0,0,1,1,1,1785534828
2026-07-31T21:58:45Z,952,18,0,36,1,0,1,1,1,1785534689
2026-07-31T21:58:45Z,953,3,0,11,1,0,1,1,1,1785535069
2026-07-31T21:58:45Z,954,7,0,12,0,0,1,1,1,1785534641
2026-07-31T21:58:45Z,955,7,4,14,6,0,1,1,1,1785534132
2026-07-31T21:58:45Z,956,13,0,8,2,0,1,1,1,1785535102
2026-07-31T21:58:45Z,957,18,2,9,2,0,1,1,1,1785535064
2026-07-31T21:58:45Z,958,19,0,10,2,0,1,1,1,1785535069
2026-07-31T21:58:45Z,959,5,2,17,1,0,1,1,1,1785535081
2026-07-31T21:58:45Z,960,0,0,23,0,0,1,1,1,1785535048
2026-07-31T21:58:45Z,961,3,0,17,3,0,1,1,1,1785534310
2026-07-31T21:58:45Z,962,7,1,25,3,0,1,1,1,1785533860
2026-07-31T21:58:45Z,963,6,0,16,1,0,1,1,1,1785534778
2026-07-31T21:58:45Z,964,14,10,9,0,0,1,1,1,1785535018
2026-07-31T21:58:45Z,965,12,6,14,1,0,1,1,1,1785534974
2026-07-31T21:58:45Z,966,9,0,21,1,0,1,1,1,1785535014
2026-07-31T21:58:45Z,967,19,1,0,2,0,1,1,1,1785534393
2026-07-31T21:58:45Z,968,15,0,3,1,0,1,1,1,1785534515
2026-07-31T21:58:45Z,969,4,1,21,2,0,1,1,1,1785535113
2026-07-31T21:58:45Z,970,1,1,17,1,0,1,1,1,1785535038
2026-07-31T21:58:45Z,971,4,0,18,1,0,1,1,1,1785534868
2026-07-31T21:58:45Z,972,11,4,11,1,0,1,1,1,1785534514
2026-07-31T21:58:45Z,973,6,0,16,1,0,1,1,1,1785534529
2026-07-31T21:58:45Z,974,17,0,9,1,0,1,1,1,1785534920
2026-07-31T21:58:45Z,977,4,2,15,2,0,1,1,1,1785534754
2026-07-31T21:58:45Z,978,20,0,3,0,0,1,1,1,1785534904
2026-07-31T21:58:45Z,979,0,0,17,0,0,1,1,1,1785535105
2026-07-31T21:58:45Z,980,0,0,20,1,0,1,1,1,1785534123
2026-07-31T21:58:45Z,981,7,0,14,0,0,1,1,1,1785534377
2026-07-31T21:58:45Z,982,4,1,14,1,0,1,1,1,1785534555
2026-07-31T21:58:45Z,983,2,2,21,0,0,1,1,1,1785535024
2026-07-31T21:58:45Z,984,6,0,17,0,0,1,1,1,1785534365
2026-07-31T21:58:45Z,985,5,1,25,1,0,1,1,1,1785535082
2026-07-31T21:58:45Z,986,4,0,15,0,0,1,1,1,1785534557
2026-07-31T21:58:45Z,987,7,1,16,0,0,1,1,1,1785533320
2026-07-31T21:58:45Z,988,6,4,13,0,0,1,1,1,1785534729
2026-07-31T21:58:45Z,989,7,4,12,0,0,1,1,1,1785533710
2026-07-31T21:58:45Z,990,11,0,3,1,0,1,1,1,1785534717
2026-07-31T21:58:45Z,991,9,0,9,1,0,1,1,1,1785534465
2026-07-31T21:58:45Z,992,9,5,14,0,0,1,1,1,1785533535
2026-07-31T21:58:45Z,993,4,4,22,1,0,1,1,1,1785535086
2026-07-31T21:58:45Z,994,0,0,21,0,0,1,1,1,1785533782
2026-07-31T21:58:45Z,995,7,1,20,0,0,1,1,1,1785534810
2026-07-31T21:58:45Z,996,7,2,16,0,0,1,1,1,1785534933
2026-07-31T21:58:45Z,997,5,4,6,9,3,1,1,1,1785533514
2026-07-31T21:58:45Z,998,5,4,18,0,0,1,1,1,1785534897
2026-07-31T21:58:45Z,999,4,1,15,1,1,1,1,1,1785534757
2026-07-31T21:58:45Z,1000,3,2,18,0,0,1,1,1,1785534365
2026-07-31T21:58:45Z,1001,5,3,22,0,0,1,1,1,1785534966
2026-07-31T21:58:45Z,1002,3,2,27,1,0,1,1,1,1785535000
2026-07-31T21:58:45Z,1003,1,0,22,0,0,1,1,1,1785534533
2026-07-31T21:58:45Z,1004,8,2,15,0,0,1,1,1,1785534022
2026-07-31T21:58:45Z,1005,20,1,3,0,0,1,1,1,1785534725
2026-07-31T21:58:45Z,1006,8,4,11,0,0,1,1,1,1785534529
2026-07-31T21:58:45Z,1007,2,1,19,0,0,1,1,1,1785534605
2026-07-31T21:58:45Z,1008,8,7,15,0,0,1,1,1,1785533712
2026-07-31T21:58:45Z,1009,22,5,8,1,0,1,1,1,1785533622
2026-07-31T21:58:45Z,1010,8,2,19,0,0,1,1,1,1785534440
2026-07-31T21:58:45Z,1011,7,2,10,2,0,1,1,1,1785534899
2026-07-31T21:58:45Z,1012,5,3,16,2,0,1,1,1,1785534497
2026-07-31T21:58:45Z,1013,4,1,18,1,0,1,1,1,1785535054
2026-07-31T21:58:45Z,1014,9,4,14,0,0,1,1,1,1785535022
2026-07-31T21:58:45Z,1015,4,3,26,1,0,1,1,1,1785533556
2026-07-31T21:58:45Z,1016,10,5,21,0,0,1,1,1,1785534453
2026-07-31T21:58:45Z,1017,13,5,8,0,0,1,1,1,1785533888
2026-07-31T21:58:45Z,1018,6,2,16,0,0,1,1,1,1785534575
2026-07-31T21:58:45Z,1019,8,5,7,0,0,1,1,1,1785534436
2026-07-31T21:58:45Z,1020,19,5,2,0,0,1,1,1,1785533753
2026-07-31T21:58:45Z,1021,9,4,6,0,0,1,1,1,1785533423
2026-07-31T21:58:45Z,1022,14,0,13,0,0,1,1,1,1785534711
2026-07-31T21:58:45Z,1023,14,2,9,0,0,1,1,1,1785534330
2026-07-31T21:58:45Z,1024,3,1,16,0,0,1,1,1,1785533880
2026-07-31T21:58:45Z,1025,4,0,14,0,1,1,1,1,1785534695
2026-07-31T21:58:45Z,1026,11,9,19,1,0,1,1,1,1785534236
2026-07-31T21:58:45Z,1028,3,1,20,0,0,1,1,1,1785534669
2026-07-31T21:58:45Z,1029,12,10,3,0,0,1,1,1,1785533733
2026-07-31T21:58:45Z,1030,13,4,10,0,0,1,1,1,1785533549
2026-07-31T21:58:45Z,1031,9,1,10,0,0,1,1,1,1785533854
2026-07-31T21:58:45Z,1032,7,1,12,0,0,1,1,1,1785534525
2026-07-31T21:58:45Z,1033,9,5,10,0,0,1,1,1,1785533535
2026-07-31T21:58:45Z,1034,3,0,12,0,0,1,1,1,1785534505
2026-07-31T21:58:45Z,1035,0,0,18,1,0,1,1,1,1785534531
2026-07-31T21:58:45Z,1036,13,0,2,0,0,1,1,1,1785535084
2026-07-31T21:58:45Z,1037,0,0,18,1,0,1,1,1,1785534975
2026-07-31T21:58:45Z,1038,1,0,14,0,0,1,1,1,1785534195
2026-07-31T21:58:45Z,1039,7,0,12,0,0,1,1,1,1785534676
2026-07-31T21:58:45Z,1040,8,5,11,0,0,1,1,1,1785534580
2026-07-31T21:58:45Z,1041,10,2,9,0,0,1,1,1,1785534446
2026-07-31T21:58:45Z,1042,3,0,11,1,0,1,1,1,1785534678
2026-07-31T21:58:45Z,1043,9,5,10,0,0,1,1,1,1785534607
2026-07-31T21:58:45Z,1044,1,0,14,0,0,1,1,1,1785534250
2026-07-31T21:58:45Z,1045,9,0,10,0,0,1,1,1,1785534508
2026-07-31T21:58:45Z,1046,9,0,6,0,0,1,1,1,1785533878
2026-07-31T21:58:45Z,1047,4,0,17,0,0,1,1,1,1785533482
2026-07-31T21:58:45Z,1048,1,0,18,0,0,1,1,1,1785534488
2026-07-31T21:58:45Z,1049,0,0,21,0,0,1,1,1,1785534594
2026-07-31T21:58:45Z,1050,20,5,1,0,0,1,1,1,1785533880
2026-07-31T21:58:45Z,1051,9,4,12,0,0,1,1,1,1785534812
2026-07-31T21:58:45Z,1052,16,1,5,1,0,1,1,1,1785534386
2026-07-31T21:58:45Z,1053,2,1,13,0,0,1,1,1,1785534387
2026-07-31T21:58:45Z,1054,5,1,10,0,0,1,1,1,1785534634
2026-07-31T21:58:45Z,1055,8,1,11,0,0,1,1,1,1785534663
2026-07-31T21:58:45Z,1057,4,0,15,0,0,1,1,1,1785534762
2026-07-31T21:58:45Z,1058,10,1,46,0,0,1,1,1,1785535091
2026-07-31T21:58:45Z,1059,2,1,16,1,0,1,1,1,1785534839
2026-07-31T21:58:45Z,1060,15,0,22,0,0,1,1,1,1785534937
2026-07-31T21:58:45Z,1061,16,0,21,0,0,1,1,1,1785534845
2026-07-31T21:58:45Z,1062,9,1,8,0,0,1,1,1,1785534976
2026-07-31T21:58:45Z,1063,12,1,6,1,0,1,1,1,1785534568
2026-07-31T21:58:45Z,1064,3,0,19,1,0,1,1,1,1785534939
2026-07-31T21:58:45Z,1065,16,3,7,0,0,1,1,1,1785533368
2026-07-31T21:58:45Z,1066,12,2,11,0,0,1,1,1,1785535003
2026-07-31T21:58:45Z,1067,8,2,13,2,0,1,1,1,1785533463
2026-07-31T21:58:45Z,1068,5,2,15,3,0,1,1,1,1785534822
2026-07-31T21:58:45Z,1069,12,3,11,0,0,1,1,1,1785534818
2026-07-31T21:58:45Z,1070,12,2,11,0,0,1,1,1,1785534922
2026-07-31T21:58:45Z,1071,8,4,15,0,0,1,1,1,1785534957
2026-07-31T21:58:45Z,1072,11,1,11,1,0,1,1,1,1785533548
2026-07-31T21:58:45Z,1073,14,0,12,1,0,1,1,1,1785535018
2026-07-31T21:58:45Z,1074,29,0,23,1,0,1,1,1,1785535012
2026-07-31T21:58:45Z,1075,8,8,13,0,0,1,1,1,1785533851
2026-07-31T21:58:45Z,1076,11,8,10,0,0,1,1,1,1785534861
2026-07-31T21:58:45Z,1077,12,8,9,0,0,1,1,1,1785533414
2026-07-31T21:58:45Z,1078,12,9,9,0,0,1,1,1,1785534463
2026-07-31T21:58:45Z,1079,14,10,7,0,0,1,1,1,1785534428
2026-07-31T21:58:45Z,1080,11,8,8,2,0,1,1,1,1785534356
2026-07-31T21:58:45Z,1081,13,7,6,0,0,1,1,1,1785533539
2026-07-31T21:58:45Z,1082,11,11,12,0,0,1,1,1,1785534901
2026-07-31T21:58:45Z,1083,12,10,9,0,0,1,1,1,1785534699
2026-07-31T21:58:45Z,1084,9,7,12,0,0,1,1,1,1785534314
2026-07-31T21:58:45Z,1085,12,9,9,0,0,1,1,1,1785534027
2026-07-31T21:58:45Z,1086,11,9,9,1,0,1,1,1,1785534720
2026-07-31T21:58:45Z,1087,7,7,8,0,0,1,1,1,1785533791
2026-07-31T21:58:45Z,1088,10,7,5,0,0,1,1,1,1785535053
2026-07-31T21:58:45Z,1089,7,3,8,0,0,1,1,1,1785529453
2026-07-31T21:58:45Z,1090,6,5,9,0,0,1,1,1,1785533858
2026-07-31T21:58:45Z,1091,7,5,8,0,0,1,1,1,1785533703
2026-07-31T21:58:45Z,1092,10,9,4,1,0,1,1,1,1785534900
2026-07-31T21:58:45Z,1093,5,5,9,1,0,1,1,1,1785533774
2026-07-31T21:58:45Z,1094,10,9,9,0,0,1,1,1,1785534519
2026-07-31T21:58:45Z,1095,10,8,5,0,0,1,1,1,1785534494
2026-07-31T21:58:45Z,1096,9,8,10,0,0,1,1,1,1785534897
2026-07-31T21:58:45Z,1097,8,8,7,0,0,1,1,1,1785535086
2026-07-31T21:58:45Z,1098,9,7,10,0,0,1,1,1,1785534126
2026-07-31T21:58:45Z,1099,7,6,8,0,0,1,1,1,1785534354
2026-07-31T21:58:45Z,1100,6,4,23,0,0,1,1,1,1785532207
2026-07-31T21:58:45Z,1101,10,5,11,0,0,1,1,1,1785534282
2026-07-31T21:58:45Z,1102,9,4,4,0,0,1,1,1,1785533481
2026-07-31T21:58:45Z,1103,11,5,10,0,0,1,1,1,1785503681
2026-07-31T21:58:45Z,1104,11,6,10,0,0,1,1,1,1785534033
2026-07-31T21:58:45Z,1105,7,3,6,0,0,1,1,1,1785534899
2026-07-31T21:58:45Z,1106,10,5,11,0,0,1,1,1,1785534374
2026-07-31T21:58:45Z,1107,9,5,6,0,0,1,1,1,1785534616
2026-07-31T21:58:45Z,1108,9,5,15,2,1,1,1,1,1785533813
2026-07-31T21:58:45Z,1109,7,3,8,0,0,1,1,1,1785534558
2026-07-31T21:58:45Z,1110,11,3,10,0,0,1,1,1,1785533897
2026-07-31T21:58:45Z,1111,7,3,13,1,0,1,1,1,1785534505
2026-07-31T21:58:45Z,1112,21,0,32,0,0,1,1,1,1785535076
2026-07-31T21:58:45Z,1113,1,0,20,0,0,1,1,1,1785533813
2026-07-31T21:58:45Z,1115,14,1,5,4,0,1,1,1,1785535100
2026-07-31T21:58:45Z,1116,2,0,17,0,0,1,1,1,1785534545
2026-07-31T21:58:45Z,1117,2,1,20,1,0,1,1,1,1785534978
2026-07-31T21:58:45Z,1118,15,0,6,0,0,1,1,1,1785535085
2026-07-31T21:58:45Z,1119,6,1,11,0,0,1,1,1,1785534835
2026-07-31T21:58:45Z,1120,4,1,14,1,0,1,1,1,1785535008
2026-07-31T21:58:45Z,1121,10,1,10,1,0,1,1,1,1785534864
2026-07-31T21:58:45Z,1122,3,1,17,1,0,1,1,1,1785535092
2026-07-31T21:58:45Z,1123,11,8,10,2,0,1,1,1,1785534574
2026-07-31T21:58:45Z,1124,6,2,8,1,0,1,1,1,1785534958
2026-07-31T21:58:45Z,1125,17,1,6,0,0,1,1,1,1785534922
2026-07-31T21:58:45Z,1126,4,0,17,0,0,1,1,1,1785534986
2026-07-31T21:58:45Z,1127,6,2,13,0,0,1,1,1,1785534863
2026-07-31T21:58:45Z,1128,1,1,14,0,0,1,1,1,1785534511
2026-07-31T21:58:45Z,1129,2,1,17,2,0,1,1,1,1785534624
2026-07-31T21:58:45Z,1130,6,0,1,8,0,1,1,1,1785535094
2026-07-31T21:58:45Z,1131,1,1,47,1,0,1,1,1,1785534329
2026-07-31T21:58:45Z,1132,10,4,10,1,0,1,1,1,1785534814
2026-07-31T21:58:45Z,1133,7,5,11,3,0,1,1,1,1785535059
2026-07-31T21:58:45Z,1134,12,6,7,0,0,1,1,1,1785535058
2026-07-31T21:58:45Z,1135,12,6,9,0,0,1,1,1,1785534180
2026-07-31T21:58:45Z,1136,17,1,6,0,0,1,1,1,1785535110
2026-07-31T21:58:45Z,1137,12,0,3,0,0,1,1,1,1785534429
2026-07-31T21:58:45Z,1138,4,0,15,0,0,1,1,1,1785534861
2026-07-31T21:58:45Z,1139,12,3,8,1,0,1,1,1,1785535058
2026-07-31T21:58:45Z,1140,4,0,17,2,0,1,1,1,1785534744
2026-07-31T21:58:45Z,1141,1,1,20,0,0,1,1,1,1785535104
2026-07-31T21:58:45Z,1142,3,0,18,0,0,1,1,1,1785533372
2026-07-31T21:58:45Z,1143,21,0,7,1,0,1,1,1,1785535116
2026-07-31T21:58:45Z,1144,7,0,13,1,0,1,1,1,1785534218
2026-07-31T21:58:45Z,1145,11,5,9,1,0,1,1,1,1785534956
2026-07-31T21:58:45Z,1146,5,3,10,4,0,1,1,1,1785535112
2026-07-31T21:58:45Z,1147,13,1,6,0,0,1,1,1,1785534466
2026-07-31T21:58:45Z,1148,10,0,21,0,0,1,1,1,1785535081
2026-07-31T21:58:45Z,1149,2,2,18,5,0,1,1,1,1785534294
2026-07-31T21:58:45Z,1150,2,0,17,0,0,1,1,1,1785534774
2026-07-31T21:58:45Z,1151,7,0,14,0,0,1,1,1,1785533390
2026-07-31T21:58:45Z,1152,3,0,26,0,0,1,1,1,1785534579
2026-07-31T21:58:45Z,1153,19,0,3,1,0,1,1,1,1785535099
2026-07-31T21:58:45Z,1154,3,0,16,0,0,1,1,1,1785534703
2026-07-31T21:58:45Z,1155,6,5,12,3,0,1,1,1,1785535080
2026-07-31T21:58:45Z,1158,3,1,16,0,0,1,1,1,1785534430
2026-07-31T21:58:45Z,1159,12,0,7,0,0,1,1,1,1785534793
2026-07-31T21:58:45Z,1160,9,2,10,0,0,1,1,1,1785535016
2026-07-31T21:58:45Z,1161,3,0,15,1,0,1,1,1,1785534927
2026-07-31T21:58:45Z,1162,3,0,16,0,0,1,1,1,1785534559
2026-07-31T21:58:45Z,1163,2,1,16,1,0,1,1,1,1785534550
2026-07-31T21:58:45Z,1164,5,1,14,0,0,1,1,1,1785534607
2026-07-31T21:58:45Z,1165,1,0,20,0,0,1,1,1,1785533537
2026-07-31T21:58:45Z,1166,13,3,7,1,0,1,1,1,1785534892
2026-07-31T21:58:45Z,1167,4,0,11,0,0,1,1,1,1785534278
2026-07-31T21:58:45Z,1168,3,0,18,2,0,1,1,1,1785534846
2026-07-31T21:58:45Z,1169,3,0,15,1,0,1,1,1,1785534453
2026-07-31T21:58:45Z,1170,7,1,14,0,0,1,1,1,1785534852
2026-07-31T21:58:45Z,1171,9,8,14,0,0,1,1,1,1785534556
2026-07-31T21:58:45Z,1172,5,0,8,2,0,1,1,1,1785534601
2026-07-31T21:58:45Z,1173,13,4,6,0,0,1,1,1,1785534711
2026-07-31T21:58:45Z,1174,4,1,11,0,0,1,1,1,1785535100
2026-07-31T21:58:45Z,1175,5,3,14,0,0,1,1,1,1785531043
2026-07-31T21:58:45Z,1176,8,2,13,0,0,1,1,1,1785533939
2026-07-31T21:58:45Z,1177,4,2,17,0,0,1,1,1,1785534957
2026-07-31T21:58:45Z,1178,5,2,10,0,0,1,1,1,1785534274
2026-07-31T21:58:45Z,1181,14,1,1,0,0,1,1,1,1785534922
2026-07-31T21:58:45Z,1182,16,3,3,1,0,1,1,1,1785534985
2026-07-31T21:58:45Z,1183,18,2,25,2,0,1,1,1,1785535108
2026-07-31T21:58:45Z,1184,8,6,11,2,0,1,1,1,1785534748
2026-07-31T21:58:45Z,1185,10,6,11,0,0,1,1,1,1785534007
2026-07-31T21:58:45Z,1186,9,5,10,0,0,1,1,1,1785534982
2026-07-31T21:58:45Z,1187,10,5,10,1,0,1,1,1,1785533400
2026-07-31T21:58:45Z,1188,10,5,5,0,0,1,1,1,1785534613
2026-07-31T21:58:45Z,1189,7,2,12,0,0,1,1,1,1785534744
2026-07-31T21:58:45Z,1190,9,4,12,0,0,1,1,1,1785534161
2026-07-31T21:58:45Z,1191,10,5,5,0,0,1,1,1,1785534616
2026-07-31T21:58:45Z,1192,11,7,9,1,0,1,1,1,1785534526
2026-07-31T21:58:45Z,1193,6,4,5,2,0,1,1,1,1785533568
2026-07-31T21:58:45Z,1197,9,6,7,1,0,1,1,1,1785534334
2026-07-31T21:58:45Z,1198,13,4,6,2,0,1,1,1,1785535051
2026-07-31T21:58:45Z,1199,3,0,16,0,0,1,1,1,1785535037
2026-07-31T21:58:45Z,1200,9,5,6,0,0,1,1,1,1785534657
2026-07-31T21:58:45Z,1201,9,4,6,0,0,1,1,1,1785534628
2026-07-31T21:58:45Z,1202,10,5,5,0,0,1,1,1,1785534729
2026-07-31T21:58:45Z,1203,11,5,4,0,0,1,1,1,1785534635
2026-07-31T21:58:45Z,1204,7,4,12,0,0,1,1,1,1785534412
2026-07-31T21:58:45Z,1206,11,5,10,0,0,1,1,1,1785533652
2026-07-31T21:58:45Z,1207,8,4,6,1,0,1,1,1,1785534946
2026-07-31T21:58:45Z,1208,10,4,9,0,0,1,1,1,1785534893
2026-07-31T21:58:45Z,1216,8,0,12,1,0,1,1,1,1785533867
2026-07-31T21:58:45Z,1218,4,0,17,0,0,1,1,1,1785534265
2026-07-31T21:58:45Z,1219,2,1,10,3,0,1,1,1,1785534540
2026-07-31T21:58:45Z,1220,15,4,4,0,0,1,1,1,1785534534
2026-07-31T21:58:45Z,1221,1,1,19,1,0,1,1,1,1785533619
2026-07-31T21:58:45Z,1222,12,0,17,0,0,1,1,1,1785534731
2026-07-31T21:58:45Z,1223,28,0,0,1,0,1,1,1,1785534732
2026-07-31T21:58:45Z,1226,0,0,3,0,0,0,1,1,1781868931
2026-07-31T21:58:45Z,1227,6,0,18,1,0,1,1,1,1785534270
2026-07-31T21:58:45Z,1228,0,0,29,0,0,1,1,1,1785534197
2026-07-31T21:58:45Z,1229,44,1,1,0,0,1,1,1,1785535053
2026-07-31T22:03:45Z,1,4,0,19,0,0,1,1,1,1785534743
2026-07-31T22:03:45Z,2,3,0,21,3,0,1,1,1,1785535265
2026-07-31T22:03:45Z,3,12,1,1,1,0,1,1,1,1785535251
2026-07-31T22:03:45Z,4,19,0,2,1,0,1,1,1,1785534718
2026-07-31T22:03:45Z,5,17,4,4,2,0,1,1,1,1785535210
2026-07-31T22:03:45Z,6,4,0,11,0,0,1,1,1,1785535088
2026-07-31T22:03:45Z,7,11,0,28,0,0,1,1,1,1785535404
2026-07-31T22:03:45Z,8,15,2,28,0,0,1,1,1,1785534963
2026-07-31T22:03:45Z,9,17,4,6,0,0,1,1,1,1785535180
2026-07-31T22:03:45Z,10,4,2,17,2,0,1,1,1,1785534538
2026-07-31T22:03:45Z,11,6,0,11,2,0,1,1,1,1785534639
2026-07-31T22:03:45Z,12,22,0,1,0,0,1,1,1,1785535282
2026-07-31T22:03:45Z,13,19,2,11,0,0,1,1,1,1785535382
2026-07-31T22:03:45Z,14,41,0,1,0,1,1,1,1,1785533690
2026-07-31T22:03:45Z,15,3,0,12,0,0,1,1,1,1785535116
2026-07-31T22:03:45Z,16,2,0,22,2,1,1,1,1,1785535294
2026-07-31T22:03:45Z,17,19,2,7,1,0,1,1,1,1785535415
2026-07-31T22:03:45Z,18,11,0,5,2,0,1,1,1,1785535345
2026-07-31T22:03:45Z,19,13,2,13,1,0,1,1,1,1785535297
2026-07-31T22:03:45Z,20,23,4,12,0,0,1,1,1,1785534731
2026-07-31T22:03:45Z,21,4,1,13,2,0,1,1,1,1785535397
2026-07-31T22:03:45Z,22,21,0,44,0,0,1,1,1,1785535155
2026-07-31T22:03:45Z,23,14,7,16,1,0,1,1,1,1785535179
2026-07-31T22:03:45Z,24,7,2,3,1,0,1,1,1,1785535409
2026-07-31T22:03:45Z,25,77,0,2,2,0,1,1,1,1785535374
2026-07-31T22:03:45Z,26,25,1,2,0,0,1,1,1,1785535407
2026-07-31T22:03:45Z,28,9,0,6,0,0,1,1,1,1785535312
2026-07-31T22:03:45Z,30,18,0,9,2,0,1,1,1,1785535191
2026-07-31T22:03:45Z,31,9,1,8,2,0,1,1,1,1785535234
2026-07-31T22:03:45Z,32,22,1,5,0,0,1,1,1,1785535350
2026-07-31T22:03:45Z,34,17,0,20,0,0,1,1,1,1785535347
2026-07-31T22:03:45Z,35,38,4,8,1,0,1,1,1,1785535388
2026-07-31T22:03:45Z,36,0,0,0,0,0,0,1,1,86400
2026-07-31T22:03:45Z,37,18,4,5,0,0,1,1,1,1785535080
2026-07-31T22:03:45Z,38,1,0,22,0,0,1,1,1,1785534869
2026-07-31T22:03:45Z,39,13,3,26,0,0,1,1,1,1785535312
2026-07-31T22:03:45Z,40,7,0,14,0,0,1,1,1,1785535064
2026-07-31T22:03:45Z,41,22,1,21,0,0,1,1,1,1785535348
2026-07-31T22:03:45Z,42,3,3,28,0,0,1,1,1,1785535140
2026-07-31T22:03:45Z,43,10,2,13,0,0,1,1,1,1785535051
2026-07-31T22:03:45Z,45,5,0,24,0,0,1,1,1,1785534875
2026-07-31T22:03:45Z,46,3,2,27,1,0,1,1,1,1785535274
2026-07-31T22:03:45Z,47,5,0,9,1,0,1,1,1,1785535395
2026-07-31T22:03:45Z,48,17,0,10,0,0,1,1,1,1785535210
2026-07-31T22:03:45Z,49,0,0,19,4,0,1,1,1,1785535416
2026-07-31T22:03:45Z,50,6,5,12,1,0,1,1,1,1785535300
2026-07-31T22:03:45Z,51,41,0,36,0,0,1,1,1,1785534715
2026-07-31T22:03:45Z,52,0,0,24,3,0,1,1,1,1785535192
2026-07-31T22:03:45Z,55,3,0,20,0,0,1,1,1,1785535273
2026-07-31T22:03:45Z,56,12,1,31,0,0,1,1,1,1785535321
2026-07-31T22:03:45Z,57,0,0,26,1,0,1,1,1,1785535188
2026-07-31T22:03:45Z,58,1,1,27,0,0,1,1,1,1785535208
2026-07-31T22:03:45Z,59,8,1,17,2,0,1,1,1,1785535416
2026-07-31T22:03:45Z,61,34,0,5,0,0,1,1,1,1785534875
2026-07-31T22:03:45Z,62,33,14,15,1,0,1,1,1,1785535408
2026-07-31T22:03:45Z,63,10,2,9,0,0,1,1,1,1785535183
2026-07-31T22:03:45Z,64,12,1,3,4,0,1,1,1,1785530968
2026-07-31T22:03:45Z,65,10,4,8,1,0,1,1,1,1785534823
2026-07-31T22:03:45Z,67,15,0,24,0,0,1,1,1,1785535415
2026-07-31T22:03:45Z,68,34,0,2,1,0,1,1,1,1785534100
2026-07-31T22:03:45Z,69,5,0,10,0,0,1,1,1,1785534570
2026-07-31T22:03:45Z,71,5,0,19,3,0,1,1,1,1785535406
2026-07-31T22:03:45Z,72,25,5,2,3,1,1,1,1,1785535215
2026-07-31T22:03:45Z,73,0,0,31,0,0,1,1,1,1785535210
2026-07-31T22:03:45Z,74,1,0,18,0,0,1,1,1,1785535274
2026-07-31T22:03:45Z,75,7,0,24,1,0,1,1,1,1785535070
2026-07-31T22:03:45Z,76,1,0,17,1,0,1,1,1,1785535412
2026-07-31T22:03:45Z,77,13,0,13,1,0,1,1,1,1785535326
2026-07-31T22:03:45Z,78,1,1,22,0,0,1,1,1,1785535083
2026-07-31T22:03:45Z,79,1,0,15,1,0,1,1,1,1785535394
2026-07-31T22:03:45Z,80,15,1,5,3,0,1,1,1,1785535336
2026-07-31T22:03:45Z,81,4,0,27,0,0,1,1,1,1785535133
2026-07-31T22:03:45Z,82,10,8,12,1,0,1,1,1,1785535330
2026-07-31T22:03:45Z,83,11,4,21,2,0,1,1,1,1785535418
2026-07-31T22:03:45Z,84,5,2,22,0,0,1,1,1,1785535306
2026-07-31T22:03:45Z,85,9,1,6,0,0,1,1,1,1785535118
2026-07-31T22:03:45Z,86,9,3,18,0,0,1,1,1,1785535098
2026-07-31T22:03:45Z,87,0,0,19,0,0,1,1,1,1785533075
2026-07-31T22:03:45Z,88,10,0,32,1,0,1,1,1,1785535334
2026-07-31T22:03:45Z,89,28,2,7,0,0,1,1,1,1785535278
2026-07-31T22:03:45Z,90,6,0,11,1,0,1,1,1,1785535382
2026-07-31T22:03:45Z,91,1,0,16,0,0,1,1,1,1785535339
2026-07-31T22:03:45Z,92,2,2,14,3,0,1,1,1,1785535381
2026-07-31T22:03:45Z,93,1,0,22,0,0,1,1,1,1785534982
2026-07-31T22:03:45Z,94,11,0,7,1,0,1,1,1,1785534182
2026-07-31T22:03:45Z,95,0,0,33,1,1,1,1,1,1785535408
2026-07-31T22:03:45Z,96,16,3,14,1,0,1,1,1,1785535383
2026-07-31T22:03:45Z,97,1,0,14,2,0,1,1,1,1785535308
2026-07-31T22:03:45Z,98,29,7,6,0,0,1,1,1,1785535069
2026-07-31T22:03:45Z,99,15,2,0,0,0,1,1,1,1785535229
2026-07-31T22:03:45Z,100,9,2,18,0,0,1,1,1,1785535000
2026-07-31T22:03:45Z,101,13,1,1,1,0,1,1,1,1785535058
2026-07-31T22:03:45Z,102,14,0,8,1,0,1,1,1,1785535194
2026-07-31T22:03:45Z,103,25,0,3,2,0,1,1,1,1785535342
2026-07-31T22:03:45Z,104,13,0,12,2,0,1,1,1,1785535412
2026-07-31T22:03:45Z,105,16,0,3,0,0,1,1,1,1785533739
2026-07-31T22:03:45Z,106,14,0,5,2,0,1,1,1,1785535372
2026-07-31T22:03:45Z,107,19,1,17,1,0,1,1,1,1785535406
2026-07-31T22:03:45Z,108,17,1,17,1,0,1,1,1,1785535309
2026-07-31T22:03:45Z,109,20,0,3,0,0,1,1,1,1785535247
2026-07-31T22:03:45Z,110,17,0,6,0,0,1,1,1,1785535049
2026-07-31T22:03:45Z,111,9,0,27,0,0,1,1,1,1785535391
2026-07-31T22:03:45Z,112,10,0,4,1,0,1,1,1,1785534871
2026-07-31T22:03:45Z,113,5,1,13,1,0,1,1,1,1785535193
2026-07-31T22:03:45Z,114,11,8,18,1,1,1,1,1,1785535323
2026-07-31T22:03:45Z,115,11,7,12,5,0,1,1,1,1785535404
2026-07-31T22:03:45Z,116,9,9,18,0,0,1,1,1,1785533918
2026-07-31T22:03:45Z,118,20,2,0,3,0,1,1,1,1785534834
2026-07-31T22:03:45Z,119,0,0,36,2,0,1,1,1,1785535386
2026-07-31T22:03:45Z,120,1,0,24,2,0,1,1,1,1785535279
2026-07-31T22:03:45Z,121,2,0,14,2,1,1,1,1,1785535417
2026-07-31T22:03:45Z,122,14,1,6,1,0,1,1,1,1785535282
2026-07-31T22:03:45Z,123,2,2,44,1,0,1,1,1,1785534739
2026-07-31T22:03:45Z,124,12,0,23,0,0,1,1,1,1785534978
2026-07-31T22:03:45Z,125,2,0,21,0,0,1,1,1,1785535322
2026-07-31T22:03:45Z,126,18,2,13,0,0,1,1,1,1785535114
2026-07-31T22:03:45Z,127,13,2,21,1,0,1,1,1,1785535401
2026-07-31T22:03:45Z,128,6,0,12,1,0,1,1,1,1785535391
2026-07-31T22:03:45Z,129,8,2,8,3,0,1,1,1,1785534999
2026-07-31T22:03:45Z,130,5,0,12,0,0,1,1,1,1785535352
2026-07-31T22:03:45Z,131,8,4,2,1,0,1,1,1,1785535337
2026-07-31T22:03:45Z,132,6,5,8,0,1,1,1,1,1785535290
2026-07-31T22:03:45Z,134,14,0,5,4,0,1,1,1,1785535277
2026-07-31T22:03:45Z,135,8,6,9,2,0,1,1,1,1785535329
2026-07-31T22:03:45Z,136,3,2,12,2,6,1,1,1,1785535262
2026-07-31T22:03:45Z,137,2,1,16,1,0,1,1,1,1785535326
2026-07-31T22:03:45Z,138,9,0,28,0,0,1,1,1,1785535357
2026-07-31T22:03:45Z,139,12,3,7,0,0,1,1,1,1785535368
2026-07-31T22:03:45Z,140,7,1,15,1,0,1,1,1,1785535417
2026-07-31T22:03:45Z,141,15,3,20,1,0,1,1,1,1785535394
2026-07-31T22:03:45Z,142,1,0,22,0,0,1,1,1,1785535023
2026-07-31T22:03:45Z,143,25,0,6,0,0,1,1,1,1785535208
2026-07-31T22:03:45Z,144,25,2,1,1,0,1,1,1,1785535348
2026-07-31T22:03:45Z,146,2,0,20,1,0,1,1,1,1785535023
2026-07-31T22:03:45Z,147,2,0,14,3,0,1,1,1,1785535342
2026-07-31T22:03:45Z,148,0,0,23,4,0,1,1,1,1785535230
2026-07-31T22:03:45Z,149,0,0,27,0,0,1,1,1,1785535220
2026-07-31T22:03:45Z,150,2,0,31,2,0,1,1,1,1785535243
2026-07-31T22:03:45Z,151,2,1,21,0,0,1,1,1,1785535104
2026-07-31T22:03:45Z,152,6,0,17,3,0,1,1,1,1785535332
2026-07-31T22:03:45Z,153,8,0,18,2,0,1,1,1,1785535381
2026-07-31T22:03:45Z,154,10,0,9,4,0,1,1,1,1785535266
2026-07-31T22:03:45Z,155,6,2,7,1,0,1,1,1,1785535304
2026-07-31T22:03:45Z,156,3,0,16,0,0,1,1,1,1785535247
2026-07-31T22:03:45Z,157,6,0,19,2,0,1,1,1,1785535307
2026-07-31T22:03:45Z,158,10,0,5,1,0,1,1,1,1785535375
2026-07-31T22:03:45Z,159,4,1,15,0,0,1,1,1,1785535398
2026-07-31T22:03:45Z,160,2,0,17,0,0,1,1,1,1785535281
2026-07-31T22:03:45Z,161,18,2,4,0,0,1,1,1,1785535298
2026-07-31T22:03:45Z,162,16,10,10,1,0,1,1,1,1785535418
2026-07-31T22:03:45Z,163,3,0,26,1,1,1,1,1,1785535346
2026-07-31T22:03:45Z,164,19,0,8,0,0,1,1,1,1785535409
2026-07-31T22:03:45Z,165,27,3,4,0,0,1,1,1,1785535408
2026-07-31T22:03:45Z,166,4,2,31,4,0,1,1,1,1785535417
2026-07-31T22:03:45Z,167,4,1,18,1,0,1,1,1,1785535280
2026-07-31T22:03:45Z,168,20,2,5,2,0,1,1,1,1785535405
2026-07-31T22:03:45Z,169,12,5,8,2,1,1,1,1,1785535342
2026-07-31T22:03:45Z,170,6,0,12,1,0,1,1,1,1785535207
2026-07-31T22:03:45Z,171,4,1,7,2,0,1,1,1,1785535342
2026-07-31T22:03:45Z,173,31,1,8,0,0,1,1,1,1785535348
2026-07-31T22:03:45Z,174,7,0,19,0,0,1,1,1,1785535319
2026-07-31T22:03:45Z,175,29,2,1,1,0,1,1,1,1785535411
2026-07-31T22:03:45Z,176,12,4,1,1,1,1,1,1,1785535146
2026-07-31T22:03:45Z,177,7,1,20,0,0,1,1,1,1785535412
2026-07-31T22:03:45Z,178,8,2,3,3,1,1,1,1,1785535415
2026-07-31T22:03:45Z,179,10,0,3,2,0,1,1,1,1785535409
2026-07-31T22:03:45Z,180,2,0,28,0,0,1,1,1,1785534691
2026-07-31T22:03:45Z,181,2,2,13,0,0,1,1,1,1785535085
2026-07-31T22:03:45Z,182,7,7,10,0,0,1,1,1,1785535279
2026-07-31T22:03:45Z,183,8,0,13,2,0,1,1,1,1785535370
2026-07-31T22:03:45Z,184,19,3,1,3,0,1,1,1,1785535357
2026-07-31T22:03:45Z,185,6,5,6,2,1,1,1,1,1785535297
2026-07-31T22:03:45Z,186,1,1,18,0,0,1,1,1,1785535362
2026-07-31T22:03:45Z,187,2,0,25,1,0,1,1,1,1785534870
2026-07-31T22:03:45Z,188,12,2,7,8,0,1,1,1,1785535315
2026-07-31T22:03:45Z,189,7,3,8,0,0,1,1,1,1785535107
2026-07-31T22:03:45Z,190,3,1,19,1,0,1,1,1,1785535363
2026-07-31T22:03:45Z,191,3,3,36,0,0,1,1,1,1785535393
2026-07-31T22:03:45Z,192,4,0,25,2,0,1,1,1,1785535251
2026-07-31T22:03:45Z,193,12,8,2,1,0,1,1,1,1785535365
2026-07-31T22:03:45Z,194,23,5,4,0,0,1,1,1,1785535310
2026-07-31T22:03:45Z,195,0,0,19,0,0,1,1,1,1785535076
2026-07-31T22:03:45Z,196,6,5,19,2,0,1,1,1,1785534939
2026-07-31T22:03:45Z,197,0,0,18,0,1,1,1,1,1785534632
2026-07-31T22:03:45Z,198,9,9,12,2,0,1,1,1,1785535414
2026-07-31T22:03:45Z,199,11,5,3,1,0,1,1,1,1785535409
2026-07-31T22:03:45Z,200,9,6,16,1,0,1,1,1,1785535229
2026-07-31T22:03:45Z,201,3,3,20,0,0,1,1,1,1785535274
2026-07-31T22:03:45Z,202,1,1,26,0,0,1,1,1,1785535144
2026-07-31T22:03:45Z,203,4,1,26,1,0,1,1,1,1785535119
2026-07-31T22:03:45Z,204,18,1,13,4,0,1,1,1,1785535401
2026-07-31T22:03:45Z,205,12,0,15,0,0,1,1,1,1785535256
2026-07-31T22:03:45Z,206,4,4,9,2,0,1,1,1,1785535334
2026-07-31T22:03:45Z,207,20,0,1,0,0,1,1,1,1785535290
2026-07-31T22:03:45Z,208,5,0,24,0,0,1,1,1,1785535343
2026-07-31T22:03:45Z,209,23,2,7,1,0,1,1,1,1785535394
2026-07-31T22:03:45Z,210,13,8,14,0,0,1,1,1,1785535284
2026-07-31T22:03:45Z,211,0,0,22,1,0,1,1,1,1785533741
2026-07-31T22:03:45Z,212,25,3,9,1,0,1,1,1,1785535408
2026-07-31T22:03:45Z,213,14,5,8,1,0,1,1,1,1785535251
2026-07-31T22:03:45Z,214,27,3,17,3,0,1,1,1,1785535405
2026-07-31T22:03:45Z,215,12,4,10,1,0,1,1,1,1785535301
2026-07-31T22:03:45Z,216,10,5,8,1,0,1,1,1,1785535376
2026-07-31T22:03:45Z,217,23,1,5,1,0,1,1,1,1785535413
2026-07-31T22:03:45Z,218,14,9,22,3,0,1,1,1,1785535326
2026-07-31T22:03:45Z,219,20,0,5,1,0,1,1,1,1785535362
2026-07-31T22:03:45Z,220,20,12,21,1,1,1,1,1,1785535202
2026-07-31T22:03:45Z,221,5,1,9,1,0,1,1,1,1785535392
2026-07-31T22:03:45Z,222,3,0,15,1,0,1,1,1,1785535098
2026-07-31T22:03:45Z,223,4,0,28,3,0,1,1,1,1785535340
2026-07-31T22:03:45Z,224,1,1,20,1,0,1,1,1,1785535145
2026-07-31T22:03:45Z,225,2,1,13,4,0,1,1,1,1785534981
2026-07-31T22:03:45Z,226,21,5,8,2,0,1,1,1,1785535320
2026-07-31T22:03:45Z,227,3,2,23,1,0,1,1,1,1785535176
2026-07-31T22:03:45Z,228,0,0,18,1,0,1,1,1,1785535276
2026-07-31T22:03:45Z,230,3,0,23,0,0,1,1,1,1785535308
2026-07-31T22:03:45Z,232,5,0,11,1,0,1,1,1,1785535132
2026-07-31T22:03:45Z,233,13,7,17,1,0,1,1,1,1785535328
2026-07-31T22:03:45Z,234,9,6,4,4,2,1,1,1,1785535245
2026-07-31T22:03:45Z,236,12,2,7,0,0,1,1,1,1785535184
2026-07-31T22:03:45Z,237,1,0,21,1,0,1,1,1,1785535139
2026-07-31T22:03:45Z,239,13,11,13,1,0,1,1,1,1785535156
2026-07-31T22:03:45Z,241,5,4,17,1,0,1,1,1,1785535238
2026-07-31T22:03:45Z,242,2,1,20,1,0,1,1,1,1785535380
2026-07-31T22:03:45Z,243,15,12,13,3,0,1,1,1,1785535416
2026-07-31T22:03:45Z,244,2,2,24,1,0,1,1,1,1785535388
2026-07-31T22:03:45Z,245,8,4,15,0,0,1,1,1,1785535393
2026-07-31T22:03:45Z,246,2,2,21,0,0,1,1,1,1785535403
2026-07-31T22:03:45Z,247,8,4,13,2,0,1,1,1,1785535180
2026-07-31T22:03:45Z,248,8,8,13,2,0,1,1,1,1785535047
2026-07-31T22:03:45Z,249,18,14,0,1,0,1,1,1,1785534949
2026-07-31T22:03:45Z,250,2,2,21,4,0,1,1,1,1785534975
2026-07-31T22:03:45Z,251,16,9,7,4,0,1,1,1,1785535360
2026-07-31T22:03:45Z,253,7,3,12,0,0,1,1,1,1785535200
2026-07-31T22:03:45Z,254,13,0,29,1,0,1,1,1,1785535373
2026-07-31T22:03:45Z,255,11,3,11,0,1,1,1,1,1785535319
2026-07-31T22:03:45Z,256,0,0,20,3,0,1,1,1,1785535232
2026-07-31T22:03:45Z,257,3,0,16,0,0,1,1,1,1785535353
2026-07-31T22:03:45Z,258,14,9,3,2,0,1,1,1,1785535416
2026-07-31T22:03:45Z,259,13,0,8,1,1,1,1,1,1785535285
2026-07-31T22:03:45Z,260,6,3,11,2,0,1,1,1,1785535121
2026-07-31T22:03:45Z,261,2,0,15,1,1,1,1,1,1785534229
2026-07-31T22:03:45Z,262,5,1,17,1,0,1,1,1,1785535141
2026-07-31T22:03:45Z,263,3,3,12,0,0,1,1,1,1785535247
2026-07-31T22:03:45Z,264,0,0,19,0,0,1,1,1,1785533790
2026-07-31T22:03:45Z,265,10,1,5,0,0,1,1,1,1785535382
2026-07-31T22:03:45Z,266,9,8,9,1,0,1,1,1,1785535368
2026-07-31T22:03:45Z,267,9,4,5,1,0,1,1,1,1785531709
2026-07-31T22:03:45Z,268,18,7,4,1,0,1,1,1,1785535199
2026-07-31T22:03:45Z,269,8,6,15,0,0,1,1,1,1785535239
2026-07-31T22:03:45Z,270,8,2,18,1,0,1,1,1,1785534652
2026-07-31T22:03:45Z,271,3,0,14,2,0,1,1,1,1785534880
2026-07-31T22:03:45Z,272,6,1,17,0,0,1,1,1,1785535088
2026-07-31T22:03:45Z,273,3,1,12,0,0,1,1,1,1785535021
2026-07-31T22:03:45Z,274,2,2,15,2,0,1,1,1,1785535036
2026-07-31T22:03:45Z,275,7,0,12,4,0,1,1,1,1785535344
2026-07-31T22:03:45Z,276,3,1,23,1,0,1,1,1,1785534446
2026-07-31T22:03:45Z,277,1,1,18,4,0,1,1,1,1785535371
2026-07-31T22:03:45Z,278,9,8,20,2,0,1,1,1,1785535066
2026-07-31T22:03:45Z,279,3,1,16,0,0,1,1,1,1785535125
2026-07-31T22:03:45Z,280,2,0,26,3,0,1,1,1,1785535201
2026-07-31T22:03:45Z,281,3,0,16,0,0,1,1,1,1785534659
2026-07-31T22:03:45Z,282,8,2,10,0,0,1,1,1,1785534408
2026-07-31T22:03:45Z,283,13,3,22,0,0,1,1,1,1785535303
2026-07-31T22:03:45Z,284,31,6,2,2,0,1,1,1,1785535319
2026-07-31T22:03:45Z,285,5,3,18,0,0,1,1,1,1785534896
2026-07-31T22:03:45Z,286,8,3,14,1,0,1,1,1,1785535316
2026-07-31T22:03:45Z,287,8,1,12,3,0,1,1,1,1785535224
2026-07-31T22:03:45Z,288,6,1,12,1,0,1,1,1,1785535185
2026-07-31T22:03:45Z,289,10,7,13,4,0,1,1,1,1785535340
2026-07-31T22:03:45Z,290,23,1,14,2,0,1,1,1,1785535349
2026-07-31T22:03:45Z,291,9,1,13,1,0,1,1,1,1785535410
2026-07-31T22:03:45Z,292,11,3,12,0,0,1,1,1,1785535004
2026-07-31T22:03:45Z,293,4,1,18,1,0,1,1,1,1785535383
2026-07-31T22:03:45Z,294,5,5,14,3,0,1,1,1,1785535383
2026-07-31T22:03:45Z,297,12,0,6,0,1,1,1,1,1785535414
2026-07-31T22:03:45Z,301,15,0,3,1,0,1,1,1,1785535383
2026-07-31T22:03:45Z,302,22,0,0,1,0,1,1,1,1785535312
2026-07-31T22:03:45Z,303,4,0,15,0,0,1,1,1,1785535278
2026-07-31T22:03:45Z,304,0,0,0,0,0,0,1,1,86400
2026-07-31T22:03:45Z,305,0,0,18,1,0,1,1,1,1785535417
2026-07-31T22:03:45Z,306,8,0,23,1,0,1,1,1,1785535173
2026-07-31T22:03:45Z,307,6,1,17,0,0,1,1,1,1785535243
2026-07-31T22:03:45Z,308,15,3,3,1,0,1,1,1,1785535245
2026-07-31T22:03:45Z,309,2,2,11,1,0,1,1,1,1785534955
2026-07-31T22:03:45Z,311,5,0,9,1,0,1,1,1,1785535223
2026-07-31T22:03:45Z,312,6,6,14,3,0,1,1,1,1785535248
2026-07-31T22:03:45Z,313,2,0,13,0,0,1,1,1,1785535131
2026-07-31T22:03:45Z,314,10,2,6,3,0,1,1,1,1785534858
2026-07-31T22:03:45Z,315,11,5,18,2,0,1,1,1,1785534808
2026-07-31T22:03:45Z,316,3,1,21,6,1,1,1,1,1785535287
2026-07-31T22:03:45Z,317,24,8,6,0,1,1,1,1,1785535108
2026-07-31T22:03:45Z,318,19,4,0,0,0,1,1,1,1785533970
2026-07-31T22:03:45Z,319,17,4,4,2,0,1,1,1,1785534971
2026-07-31T22:03:45Z,320,6,0,12,1,0,1,1,1,1785535406
2026-07-31T22:03:45Z,321,2,0,13,4,0,1,1,1,1785535187
2026-07-31T22:03:45Z,322,20,0,9,0,0,1,1,1,1785534874
2026-07-31T22:03:45Z,323,4,1,14,1,0,1,1,1,1785535195
2026-07-31T22:03:45Z,324,15,2,11,1,0,1,1,1,1785535411
2026-07-31T22:03:45Z,325,3,2,22,2,0,1,1,1,1785535288
2026-07-31T22:03:45Z,327,20,2,5,2,0,1,1,1,1785535270
2026-07-31T22:03:45Z,328,17,0,4,1,0,1,1,1,1785535307
2026-07-31T22:03:45Z,329,3,2,13,3,0,1,1,1,1785534710
2026-07-31T22:03:45Z,330,18,1,4,0,0,1,1,1,1785535300
2026-07-31T22:03:45Z,331,11,0,10,2,0,1,1,1,1785535406
2026-07-31T22:03:45Z,332,5,3,13,1,0,1,1,1,1785535146
2026-07-31T22:03:45Z,333,4,4,18,1,0,1,1,1,1785535402
2026-07-31T22:03:45Z,334,7,2,15,1,0,1,1,1,1785535382
2026-07-31T22:03:45Z,335,5,2,17,0,1,1,1,1,1785535406
2026-07-31T22:03:45Z,336,2,1,17,0,0,1,1,1,1785534713
2026-07-31T22:03:45Z,337,6,5,13,4,0,1,1,1,1785535415
2026-07-31T22:03:45Z,338,1,0,18,0,0,1,1,1,1785535258
2026-07-31T22:03:45Z,339,8,7,11,4,0,1,1,1,1785535312
2026-07-31T22:03:45Z,340,2,1,12,1,0,1,1,1,1785535139
2026-07-31T22:03:45Z,341,10,1,9,0,0,1,1,1,1785534999
2026-07-31T22:03:45Z,342,2,0,12,1,0,1,1,1,1785535340
2026-07-31T22:03:45Z,343,10,4,12,1,0,1,1,1,1785534672
2026-07-31T22:03:45Z,344,6,3,17,0,0,1,1,1,1785535181
2026-07-31T22:03:45Z,345,15,1,4,0,0,1,1,1,1785534887
2026-07-31T22:03:45Z,346,3,3,20,0,0,1,1,1,1785532493
2026-07-31T22:03:45Z,347,27,2,15,2,0,1,1,1,1785535373
2026-07-31T22:03:45Z,348,7,0,15,0,1,1,1,1,1785535385
2026-07-31T22:03:45Z,349,14,3,5,0,0,1,1,1,1785534282
2026-07-31T22:03:45Z,350,2,2,23,1,1,1,1,1,1785535090
2026-07-31T22:03:45Z,351,6,2,15,2,0,1,1,1,1785535356
2026-07-31T22:03:45Z,355,8,2,15,0,0,1,1,1,1785535318
2026-07-31T22:03:45Z,356,6,4,13,0,0,1,1,1,1785535393
2026-07-31T22:03:45Z,357,6,4,12,1,0,1,1,1,1785535363
2026-07-31T22:03:45Z,358,20,3,6,1,0,1,1,1,1785534677
2026-07-31T22:03:45Z,359,12,1,15,0,0,1,1,1,1785534793
2026-07-31T22:03:45Z,360,5,4,14,0,0,1,1,1,1785535306
2026-07-31T22:03:45Z,362,2,0,15,2,0,1,1,1,1785535070
2026-07-31T22:03:45Z,363,15,3,12,0,0,1,1,1,1785535356
2026-07-31T22:03:45Z,364,1,0,18,0,0,1,1,1,1785535150
2026-07-31T22:03:45Z,365,2,0,17,4,0,1,1,1,1785535304
2026-07-31T22:03:45Z,366,4,4,19,0,0,1,1,1,1785535300
2026-07-31T22:03:45Z,367,4,2,13,2,0,1,1,1,1785535003
2026-07-31T22:03:45Z,368,2,1,20,1,0,1,1,1,1785534044
2026-07-31T22:03:45Z,370,9,3,18,0,0,1,1,1,1785534955
2026-07-31T22:03:45Z,371,4,3,14,1,0,1,1,1,1785535378
2026-07-31T22:03:45Z,372,10,0,4,1,0,1,1,1,1785534830
2026-07-31T22:03:45Z,373,0,0,26,1,0,1,1,1,1785534676
2026-07-31T22:03:45Z,374,0,0,18,1,0,1,1,1,1785534562
2026-07-31T22:03:45Z,375,3,1,23,1,0,1,1,1,1785535176
2026-07-31T22:03:45Z,376,2,1,35,2,0,1,1,1,1785535300
2026-07-31T22:03:45Z,377,9,1,16,2,0,1,1,1,1785535408
2026-07-31T22:03:45Z,378,4,3,18,1,1,1,1,1,1785535409
2026-07-31T22:03:45Z,379,21,2,2,4,0,1,1,1,1785535106
2026-07-31T22:03:45Z,380,6,1,17,0,0,1,1,1,1785535322
2026-07-31T22:03:45Z,381,21,0,2,0,0,1,1,1,1785535398
2026-07-31T22:03:45Z,383,13,2,0,2,0,1,1,1,1785534032
2026-07-31T22:03:45Z,384,2,1,22,3,0,1,1,1,1785535145
2026-07-31T22:03:45Z,385,1,1,16,1,0,1,1,1,1785535034
2026-07-31T22:03:45Z,387,2,1,21,0,0,1,1,1,1785534151
2026-07-31T22:03:45Z,388,36,3,10,3,0,1,1,1,1785535332
2026-07-31T22:03:45Z,389,3,2,11,1,0,1,1,1,1785532058
2026-07-31T22:03:45Z,390,16,0,18,1,0,1,1,1,1785535108
2026-07-31T22:03:45Z,391,6,4,8,1,0,1,1,1,1785535398
2026-07-31T22:03:45Z,392,5,5,12,2,0,1,1,1,1785535289
2026-07-31T22:03:45Z,393,1,1,6,4,0,1,1,1,1785534996
2026-07-31T22:03:45Z,394,7,1,4,2,0,1,1,1,1785534901
2026-07-31T22:03:45Z,396,0,0,42,0,0,1,1,1,1785534897
2026-07-31T22:03:45Z,397,14,7,17,0,0,1,1,1,1785535252
2026-07-31T22:03:45Z,399,0,0,15,2,0,1,1,1,1785535340
2026-07-31T22:03:45Z,400,14,9,7,2,0,1,1,1,1785534739
2026-07-31T22:03:45Z,401,4,0,27,8,0,1,1,1,1785535294
2026-07-31T22:03:45Z,403,24,6,3,4,0,1,1,1,1785535384
2026-07-31T22:03:45Z,404,3,3,19,1,0,1,1,1,1785534706
2026-07-31T22:03:45Z,406,19,6,14,2,0,1,1,1,1785535386
2026-07-31T22:03:45Z,407,15,1,18,1,0,1,1,1,1785535061
2026-07-31T22:03:45Z,408,5,2,24,4,0,1,1,1,1785535374
2026-07-31T22:03:45Z,409,18,3,1,4,0,1,1,1,1785534931
2026-07-31T22:03:45Z,413,11,3,10,2,0,1,1,1,1785534956
2026-07-31T22:03:45Z,414,11,0,4,0,0,1,1,1,1785535384
2026-07-31T22:03:45Z,417,3,1,16,0,0,1,1,1,1785535267
2026-07-31T22:03:45Z,418,6,4,9,0,0,1,1,1,1785534655
2026-07-31T22:03:45Z,419,13,1,10,0,0,1,1,1,1785533166
2026-07-31T22:03:45Z,421,10,0,9,0,0,1,1,1,1785534268
2026-07-31T22:03:45Z,422,15,1,12,0,0,1,1,1,1785535386
2026-07-31T22:03:45Z,423,0,0,22,1,0,1,1,1,1785535407
2026-07-31T22:03:45Z,424,9,4,3,2,1,1,1,1,1785535326
2026-07-31T22:03:45Z,425,3,0,18,0,1,1,1,1,1785535152
2026-07-31T22:03:45Z,426,2,0,33,2,0,1,1,1,1785535334
2026-07-31T22:03:45Z,427,10,1,2,3,0,1,1,1,1785535192
2026-07-31T22:03:45Z,428,15,0,4,0,0,1,1,1,1785535416
2026-07-31T22:03:45Z,429,17,6,6,0,0,1,1,1,1785535389
2026-07-31T22:03:45Z,430,6,2,22,3,0,1,1,1,1785535293
2026-07-31T22:03:45Z,431,2,0,30,1,0,1,1,1,1785535110
2026-07-31T22:03:45Z,432,0,0,30,1,0,0,1,1,1785508564
2026-07-31T22:03:45Z,433,4,2,16,3,0,1,1,1,1785533359
2026-07-31T22:03:45Z,437,7,3,8,4,0,1,1,1,1785535287
2026-07-31T22:03:45Z,438,6,2,12,1,0,1,1,1,1785535232
2026-07-31T22:03:45Z,439,13,4,2,0,0,1,1,1,1785534616
2026-07-31T22:03:45Z,440,11,3,3,1,0,1,1,1,1785535330
2026-07-31T22:03:45Z,441,2,1,11,2,0,1,1,1,1785535345
2026-07-31T22:03:45Z,442,10,3,7,2,0,1,1,1,1785534735
2026-07-31T22:03:45Z,443,5,2,22,0,0,1,1,1,1785512432
2026-07-31T22:03:45Z,444,1,1,22,0,0,1,1,1,1785535180
2026-07-31T22:03:45Z,445,6,2,16,1,0,1,1,1,1785535149
2026-07-31T22:03:45Z,446,2,0,21,0,0,1,1,1,1785533737
2026-07-31T22:03:45Z,447,3,0,18,1,1,1,1,1,1785534024
2026-07-31T22:03:45Z,448,7,0,7,1,0,1,1,1,1785530120
2026-07-31T22:03:45Z,452,8,3,10,1,0,1,1,1,1785535360
2026-07-31T22:03:45Z,453,4,2,8,3,0,1,1,1,1785535341
2026-07-31T22:03:45Z,454,18,0,1,0,0,1,1,1,1785535370
2026-07-31T22:03:45Z,455,27,0,11,1,0,1,1,1,1785534904
2026-07-31T22:03:45Z,456,18,1,1,1,0,1,1,1,1785535412
2026-07-31T22:03:45Z,457,5,5,21,1,0,1,1,1,1785535207
2026-07-31T22:03:45Z,458,4,2,17,2,0,1,1,1,1785535271
2026-07-31T22:03:45Z,459,11,1,4,0,0,1,1,1,1785534441
2026-07-31T22:03:45Z,460,20,1,3,0,0,1,1,1,1785535358
2026-07-31T22:03:45Z,461,11,0,8,0,0,1,1,1,1785535347
2026-07-31T22:03:45Z,462,19,1,2,0,0,1,1,1,1785535140
2026-07-31T22:03:45Z,463,8,0,11,0,0,1,1,1,1785534777
2026-07-31T22:03:45Z,464,3,0,11,0,0,1,1,1,1785534892
2026-07-31T22:03:45Z,465,1,1,14,0,0,1,1,1,1785533554
2026-07-31T22:03:45Z,466,6,2,3,6,0,1,1,1,1785534500
2026-07-31T22:03:45Z,467,1,1,18,0,0,1,1,1,1785534667
2026-07-31T22:03:45Z,468,1,0,17,1,0,1,1,1,1785534756
2026-07-31T22:03:45Z,469,6,1,17,0,0,1,1,1,1785535020
2026-07-31T22:03:45Z,470,0,0,13,2,0,1,1,1,1785535186
2026-07-31T22:03:45Z,471,24,3,3,0,0,1,1,1,1785535393
2026-07-31T22:03:45Z,472,9,3,9,1,0,1,1,1,1785535347
2026-07-31T22:03:45Z,473,7,0,12,0,0,1,1,1,1785535093
2026-07-31T22:03:45Z,474,8,1,10,1,0,1,1,1,1785535327
2026-07-31T22:03:45Z,475,4,2,14,1,0,1,1,1,1785534972
2026-07-31T22:03:45Z,477,6,1,9,0,0,1,1,1,1785535396
2026-07-31T22:03:45Z,478,23,1,8,0,0,1,1,1,1785535400
2026-07-31T22:03:45Z,479,7,0,18,2,0,1,1,1,1785534970
2026-07-31T22:03:45Z,480,7,2,7,1,0,1,1,1,1785535108
2026-07-31T22:03:45Z,481,10,0,24,1,0,1,1,1,1785535377
2026-07-31T22:03:45Z,482,4,3,15,0,0,1,1,1,1785535119
2026-07-31T22:03:45Z,483,3,0,22,2,0,1,1,1,1785535371
2026-07-31T22:03:45Z,484,2,0,16,1,0,1,1,1,1785535157
2026-07-31T22:03:45Z,485,11,4,7,0,1,1,1,1,1785535257
2026-07-31T22:03:45Z,486,2,0,22,3,0,1,1,1,1785535403
2026-07-31T22:03:45Z,487,9,5,7,3,0,1,1,1,1785534597
2026-07-31T22:03:45Z,489,6,1,9,0,0,1,1,1,1785535343
2026-07-31T22:03:45Z,490,14,0,1,1,0,1,1,1,1785534772
2026-07-31T22:03:45Z,491,7,2,13,1,0,1,1,1,1785533054
2026-07-31T22:03:45Z,492,3,3,5,3,0,1,1,1,1785535413
2026-07-31T22:03:45Z,493,20,1,7,0,0,1,1,1,1785535312
2026-07-31T22:03:45Z,495,8,0,6,1,0,1,1,1,1785533278
2026-07-31T22:03:45Z,496,7,1,20,0,0,1,1,1,1785535277
2026-07-31T22:03:45Z,497,0,0,18,0,0,1,1,1,1785533854
2026-07-31T22:03:45Z,498,2,2,21,0,0,1,1,1,1785535207
2026-07-31T22:03:45Z,499,2,0,16,1,0,1,1,1,1785535011
2026-07-31T22:03:45Z,500,1,0,10,4,0,1,1,1,1785534617
2026-07-31T22:03:45Z,501,11,1,10,0,0,1,1,1,1785534778
2026-07-31T22:03:45Z,502,1,0,16,2,0,1,1,1,1785533820
2026-07-31T22:03:45Z,503,5,0,25,1,0,1,1,1,1785535090
2026-07-31T22:03:45Z,504,2,0,34,3,0,1,1,1,1785535334
2026-07-31T22:03:45Z,505,3,0,8,1,0,1,1,1,1785535181
2026-07-31T22:03:45Z,511,3,2,20,0,0,1,1,1,1785533768
2026-07-31T22:03:45Z,512,11,0,16,0,0,1,1,1,1785534873
2026-07-31T22:03:45Z,514,1,1,9,1,0,1,1,1,1785535387
2026-07-31T22:03:45Z,515,4,2,15,0,0,1,1,1,1785534372
2026-07-31T22:03:45Z,516,12,0,15,0,0,1,1,1,1785535195
2026-07-31T22:03:45Z,517,13,3,10,0,0,1,1,1,1785534465
2026-07-31T22:03:45Z,518,5,0,9,1,0,1,1,1,1785533962
2026-07-31T22:03:45Z,519,4,2,13,2,0,1,1,1,1785535412
2026-07-31T22:03:45Z,520,17,6,2,7,1,1,1,1,1785535415
2026-07-31T22:03:45Z,521,5,3,18,0,0,1,1,1,1785535358
2026-07-31T22:03:45Z,522,15,3,6,2,0,1,1,1,1785535210
2026-07-31T22:03:45Z,523,9,4,13,1,0,1,1,1,1785534030
2026-07-31T22:03:45Z,524,11,1,12,0,0,1,1,1,1785535220
2026-07-31T22:03:45Z,525,8,0,11,0,0,1,1,1,1785534475
2026-07-31T22:03:45Z,526,6,2,9,0,0,1,1,1,1785534284
2026-07-31T22:03:45Z,527,16,12,9,1,0,1,1,1,1785535298
2026-07-31T22:03:45Z,528,17,2,4,2,0,1,1,1,1785535153
2026-07-31T22:03:45Z,529,6,4,6,7,0,1,1,1,1785535418
2026-07-31T22:03:45Z,530,11,0,7,3,0,1,1,1,1785534549
2026-07-31T22:03:45Z,531,12,2,10,0,1,1,1,1,1785535135
2026-07-31T22:03:45Z,532,7,7,23,1,0,1,1,1,1785535164
2026-07-31T22:03:45Z,533,12,0,6,1,0,1,1,1,1785535265
2026-07-31T22:03:45Z,534,6,2,17,0,0,1,1,1,1785535263
2026-07-31T22:03:45Z,535,1,1,14,0,0,1,1,1,1785535253
2026-07-31T22:03:45Z,536,11,0,12,0,0,1,1,1,1785534560
2026-07-31T22:03:45Z,537,3,0,17,0,0,1,1,1,1785535302
2026-07-31T22:03:45Z,538,11,1,10,0,2,1,1,1,1785535348
2026-07-31T22:03:45Z,539,1,1,30,0,0,1,1,1,1785535378
2026-07-31T22:03:45Z,540,2,2,17,0,0,1,1,1,1785535359
2026-07-31T22:03:45Z,541,6,1,21,0,0,1,1,1,1785535329
2026-07-31T22:03:45Z,542,1,1,22,0,0,1,1,1,1785535398
2026-07-31T22:03:45Z,543,1,0,18,0,0,1,1,1,1785535228
2026-07-31T22:03:45Z,544,14,5,5,3,0,1,1,1,1785535414
2026-07-31T22:03:45Z,545,11,1,2,6,0,1,1,1,1785535291
2026-07-31T22:03:45Z,546,1,0,18,0,0,1,1,1,1785534848
2026-07-31T22:03:45Z,547,11,1,14,0,0,1,1,1,1785535312
2026-07-31T22:03:45Z,548,8,2,14,1,0,1,1,1,1785534866
2026-07-31T22:03:45Z,549,20,1,2,1,0,1,1,1,1785535203
2026-07-31T22:03:45Z,550,3,3,16,0,0,1,1,1,1785535178
2026-07-31T22:03:45Z,551,3,2,19,1,0,1,1,1,1785534311
2026-07-31T22:03:45Z,552,1,1,26,0,0,1,1,1,1785535309
2026-07-31T22:03:45Z,553,4,1,17,2,0,1,1,1,1785534988
2026-07-31T22:03:45Z,554,0,0,18,1,0,1,1,1,1785534501
2026-07-31T22:03:45Z,555,8,1,6,1,0,1,1,1,1785534856
2026-07-31T22:03:45Z,556,11,1,10,2,0,1,1,1,1785535373
2026-07-31T22:03:45Z,557,0,0,21,2,0,1,1,1,1785533714
2026-07-31T22:03:45Z,558,30,10,5,2,0,1,1,1,1785535417
2026-07-31T22:03:45Z,559,8,0,10,1,0,1,1,1,1785534847
2026-07-31T22:03:45Z,560,26,0,1,0,0,1,1,1,1785535416
2026-07-31T22:03:45Z,561,5,1,15,3,0,1,1,1,1785535343
2026-07-31T22:03:45Z,562,7,0,21,7,0,1,1,1,1785535095
2026-07-31T22:03:45Z,563,5,0,8,1,0,1,1,1,1785535384
2026-07-31T22:03:45Z,564,3,1,15,1,0,1,1,1,1785534320
2026-07-31T22:03:45Z,565,2,0,17,0,0,1,1,1,1785535362
2026-07-31T22:03:45Z,566,4,0,14,1,0,1,1,1,1785535314
2026-07-31T22:03:45Z,567,14,1,11,2,0,1,1,1,1785535280
2026-07-31T22:03:45Z,568,8,0,10,1,0,1,1,1,1785535395
2026-07-31T22:03:45Z,569,12,0,5,2,0,1,1,1,1785534473
2026-07-31T22:03:45Z,570,7,1,9,3,0,1,1,1,1785535412
2026-07-31T22:03:45Z,571,6,0,17,0,0,1,1,1,1785534483
2026-07-31T22:03:45Z,572,2,0,17,0,0,1,1,1,1785535345
2026-07-31T22:03:45Z,573,12,2,3,0,0,1,1,1,1785535361
2026-07-31T22:03:45Z,574,2,2,13,0,0,1,1,1,1785535223
2026-07-31T22:03:45Z,575,3,0,17,1,0,1,1,1,1785535397
2026-07-31T22:03:45Z,576,5,3,14,0,0,1,1,1,1785534800
2026-07-31T22:03:45Z,577,20,0,11,0,0,1,1,1,1785535402
2026-07-31T22:03:45Z,578,2,0,20,1,0,1,1,1,1785535413
2026-07-31T22:03:45Z,579,6,0,37,0,0,1,1,1,1785535312
2026-07-31T22:03:45Z,580,6,0,23,0,0,1,1,1,1785534821
2026-07-31T22:03:45Z,581,12,0,6,1,0,1,1,1,1785535120
2026-07-31T22:03:45Z,582,25,0,34,3,0,1,1,1,1785535408
2026-07-31T22:03:45Z,583,3,0,19,1,0,1,1,1,1785535239
2026-07-31T22:03:45Z,584,2,1,13,4,0,1,1,1,1785534189
2026-07-31T22:03:45Z,585,3,1,23,0,1,1,1,1,1785535384
2026-07-31T22:03:45Z,586,20,3,14,1,0,1,1,1,1785535304
2026-07-31T22:03:45Z,587,5,0,18,1,0,1,1,1,1785535258
2026-07-31T22:03:45Z,588,8,3,8,2,1,1,1,1,1785535191
2026-07-31T22:03:45Z,589,6,1,16,0,0,1,1,1,1785534746
2026-07-31T22:03:45Z,590,9,1,21,1,0,1,1,1,1785534785
2026-07-31T22:03:45Z,591,2,1,26,2,0,1,1,1,1785535135
2026-07-31T22:03:45Z,592,11,0,12,0,0,1,1,1,1785534791
2026-07-31T22:03:45Z,593,17,3,21,0,0,1,1,1,1785535409
2026-07-31T22:03:45Z,594,14,0,6,1,0,1,1,1,1785535225
2026-07-31T22:03:45Z,595,0,0,3,0,0,0,1,1,1784046673
2026-07-31T22:03:45Z,605,0,0,2,1,0,0,1,1,1783975843
2026-07-31T22:03:45Z,606,0,0,0,0,0,0,1,1,86400
2026-07-31T22:03:45Z,607,3,3,25,4,0,1,1,1,1785535322
2026-07-31T22:03:45Z,608,38,0,12,0,0,1,1,1,1785535402
2026-07-31T22:03:45Z,609,1,1,22,0,0,1,1,1,1785534711
2026-07-31T22:03:45Z,610,13,0,21,1,0,1,1,1,1785535304
2026-07-31T22:03:45Z,611,13,0,13,1,0,1,1,1,1785535337
2026-07-31T22:03:45Z,612,8,1,7,0,0,1,1,1,1785533466
2026-07-31T22:03:45Z,613,12,4,0,3,0,1,1,1,1785530289
2026-07-31T22:03:45Z,614,3,3,21,2,1,1,1,1,1785534656
2026-07-31T22:03:45Z,617,11,1,1,3,0,1,1,1,1785535022
2026-07-31T22:03:45Z,618,8,1,5,6,0,1,1,1,1785535363
2026-07-31T22:03:45Z,619,7,5,12,0,0,1,1,1,1785535376
2026-07-31T22:03:45Z,620,8,0,18,1,0,1,1,1,1785535228
2026-07-31T22:03:45Z,621,3,3,20,0,0,1,1,1,1785535058
2026-07-31T22:03:45Z,622,11,1,11,1,0,1,1,1,1785535244
2026-07-31T22:03:45Z,623,20,7,10,0,0,1,1,1,1785534966
2026-07-31T22:03:45Z,624,0,0,15,0,0,1,1,1,1785534424
2026-07-31T22:03:45Z,625,16,3,0,5,0,1,1,1,1785535417
2026-07-31T22:03:45Z,626,41,0,4,0,2,1,1,1,1785535374
2026-07-31T22:03:45Z,627,16,4,3,0,0,1,1,1,1785535324
2026-07-31T22:03:45Z,628,2,2,14,2,1,1,1,1,1785533935
2026-07-31T22:03:45Z,629,2,1,7,2,0,1,1,1,1785535407
2026-07-31T22:03:45Z,630,0,0,23,4,0,1,1,1,1785535181
2026-07-31T22:03:45Z,631,5,5,18,0,0,1,1,1,1785534941
2026-07-31T22:03:45Z,632,19,1,2,2,0,1,1,1,1785535411
2026-07-31T22:03:45Z,633,11,3,1,3,0,1,1,1,1785530006
2026-07-31T22:03:45Z,634,11,1,8,0,0,1,1,1,1785534984
2026-07-31T22:03:45Z,635,16,1,3,0,0,1,1,1,1785534612
2026-07-31T22:03:45Z,636,7,2,8,0,0,1,1,1,1785526430
2026-07-31T22:03:45Z,637,6,2,11,2,0,1,1,1,1785535251
2026-07-31T22:03:45Z,638,6,2,11,2,0,1,1,1,1785535130
2026-07-31T22:03:45Z,639,11,2,6,2,0,1,1,1,1785534059
2026-07-31T22:03:45Z,640,17,6,3,3,0,1,1,1,1785535405
2026-07-31T22:03:45Z,641,8,0,19,0,0,1,1,1,1785535163
2026-07-31T22:03:45Z,642,5,3,6,8,0,1,1,1,1785535414
2026-07-31T22:03:45Z,643,3,0,16,8,0,1,1,1,1785535416
2026-07-31T22:03:45Z,644,13,1,1,1,0,1,1,1,1785533615
2026-07-31T22:03:45Z,645,15,1,6,1,1,1,1,1,1785535418
2026-07-31T22:03:45Z,646,4,1,15,0,0,1,1,1,1785533859
2026-07-31T22:03:45Z,647,2,0,29,0,0,1,1,1,1785534858
2026-07-31T22:03:45Z,648,3,0,15,1,0,1,1,1,1785534752
2026-07-31T22:03:45Z,649,5,0,25,1,0,1,1,1,1785535412
2026-07-31T22:03:45Z,650,4,1,10,0,0,1,1,1,1785533768
2026-07-31T22:03:45Z,651,9,7,14,0,0,1,1,1,1785534849
2026-07-31T22:03:45Z,652,6,3,14,3,0,1,1,1,1785535232
2026-07-31T22:03:45Z,653,2,1,16,1,0,1,1,1,1785535408
2026-07-31T22:03:45Z,654,0,0,15,0,0,1,1,1,1785534379
2026-07-31T22:03:45Z,655,8,4,0,4,1,1,1,1,1785535111
2026-07-31T22:03:45Z,656,2,1,17,0,0,1,1,1,1785534891
2026-07-31T22:03:45Z,657,11,4,2,2,2,1,1,1,1785535183
2026-07-31T22:03:45Z,658,9,1,1,0,0,1,1,1,1785533651
2026-07-31T22:03:45Z,659,7,5,6,2,0,1,1,1,1785529408
2026-07-31T22:03:45Z,660,17,4,9,5,0,1,1,1,1785535363
2026-07-31T22:03:45Z,661,6,2,13,0,0,1,1,1,1785535169
2026-07-31T22:03:45Z,662,5,2,14,4,0,1,1,1,1785533873
2026-07-31T22:03:45Z,663,3,1,12,0,0,1,1,1,1785535368
2026-07-31T22:03:45Z,664,13,0,14,0,0,1,1,1,1785535323
2026-07-31T22:03:45Z,665,10,4,5,0,0,1,1,1,1785534830
2026-07-31T22:03:45Z,666,6,2,6,3,0,1,1,1,1785533165
2026-07-31T22:03:45Z,667,11,3,6,2,0,1,1,1,1785535413
2026-07-31T22:03:45Z,668,8,1,11,0,0,1,1,1,1785535352
2026-07-31T22:03:45Z,669,5,3,7,2,0,1,1,1,1785534788
2026-07-31T22:03:45Z,670,19,0,7,1,0,1,1,1,1785535382
2026-07-31T22:03:45Z,671,18,2,9,0,0,1,1,1,1785535302
2026-07-31T22:03:45Z,672,6,0,13,3,1,1,1,1,1785535289
2026-07-31T22:03:45Z,673,12,0,11,0,0,1,1,1,1785535386
2026-07-31T22:03:45Z,674,2,0,19,2,0,1,1,1,1785535264
2026-07-31T22:03:45Z,675,1,1,12,2,0,1,1,1,1785532946
2026-07-31T22:03:45Z,676,8,0,13,1,0,1,1,1,1785534556
2026-07-31T22:03:45Z,681,10,4,4,0,1,1,1,1,1785535415
2026-07-31T22:03:45Z,682,6,1,13,0,0,1,1,1,1785534288
2026-07-31T22:03:45Z,683,1,1,18,0,0,1,1,1,1785527602
2026-07-31T22:03:45Z,684,3,1,24,0,0,1,1,1,1785518528
2026-07-31T22:03:45Z,685,5,0,20,1,1,1,1,1,1785534297
2026-07-31T22:03:45Z,686,10,0,14,3,0,1,1,1,1785535236
2026-07-31T22:03:45Z,687,12,1,17,1,1,1,1,1,1785535261
2026-07-31T22:03:45Z,688,12,1,7,0,0,1,1,1,1785534682
2026-07-31T22:03:45Z,692,0,0,21,0,0,1,1,1,1785534890
2026-07-31T22:03:45Z,693,6,0,2,3,0,1,1,1,1785534253
2026-07-31T22:03:45Z,694,8,3,13,0,0,1,1,1,1785534943
2026-07-31T22:03:45Z,695,1,1,21,1,0,1,1,1,1785535190
2026-07-31T22:03:45Z,696,16,13,7,0,0,1,1,1,1785534592
2026-07-31T22:03:45Z,697,20,4,2,1,0,1,1,1,1785535234
2026-07-31T22:03:45Z,698,27,3,0,0,0,1,1,1,1785535237
2026-07-31T22:03:45Z,699,5,0,9,1,0,1,1,1,1785534641
2026-07-31T22:03:45Z,700,14,0,3,2,0,1,1,1,1785534854
2026-07-31T22:03:45Z,701,15,3,4,0,0,1,1,1,1785534265
2026-07-31T22:03:45Z,702,4,2,18,1,0,1,1,1,1785535248
2026-07-31T22:03:45Z,704,4,0,10,1,0,1,1,1,1785535418
2026-07-31T22:03:45Z,705,1,0,14,0,0,1,1,1,1785534884
2026-07-31T22:03:45Z,706,4,1,9,2,0,1,1,1,1785534195
2026-07-31T22:03:45Z,707,7,1,8,0,0,1,1,1,1785534761
2026-07-31T22:03:45Z,708,15,1,3,1,0,1,1,1,1785535057
2026-07-31T22:03:45Z,709,3,0,9,3,0,1,1,1,1785535388
2026-07-31T22:03:45Z,710,2,0,16,1,0,1,1,1,1785535109
2026-07-31T22:03:45Z,711,7,2,13,3,0,1,1,1,1785534756
2026-07-31T22:03:45Z,712,6,6,8,1,0,1,1,1,1785535158
2026-07-31T22:03:45Z,713,3,2,19,1,0,1,1,1,1785535370
2026-07-31T22:03:45Z,716,4,3,11,0,0,1,1,1,1785534550
2026-07-31T22:03:45Z,717,0,0,23,2,0,1,1,1,1785535388
2026-07-31T22:03:45Z,718,3,1,10,2,0,1,1,1,1785535291
2026-07-31T22:03:45Z,719,4,0,25,0,0,1,1,1,1785534178
2026-07-31T22:03:45Z,720,0,0,19,0,0,1,1,1,1785534816
2026-07-31T22:03:45Z,721,6,0,15,2,0,1,1,1,1785535204
2026-07-31T22:03:45Z,722,7,1,8,0,0,1,1,1,1785534592
2026-07-31T22:03:45Z,723,14,2,9,0,0,1,1,1,1785534808
2026-07-31T22:03:45Z,724,9,3,13,1,0,1,1,1,1785535025
2026-07-31T22:03:45Z,725,1,0,21,1,0,1,1,1,1785535028
2026-07-31T22:03:45Z,726,8,0,10,1,0,1,1,1,1785535416
2026-07-31T22:03:45Z,727,10,5,12,1,0,1,1,1,1785533851
2026-07-31T22:03:45Z,728,9,0,5,1,0,1,1,1,1785535120
2026-07-31T22:03:45Z,729,5,0,14,0,0,1,1,1,1785534818
2026-07-31T22:03:45Z,730,0,0,12,3,0,1,1,1,1785533905
2026-07-31T22:03:45Z,731,4,3,9,2,0,1,1,1,1785534863
2026-07-31T22:03:45Z,732,3,2,12,0,0,1,1,1,1785534062
2026-07-31T22:03:45Z,733,10,2,17,0,0,1,1,1,1785535386
2026-07-31T22:03:45Z,734,3,0,11,0,0,1,1,1,1785534161
2026-07-31T22:03:45Z,735,25,10,2,0,0,1,1,1,1785535393
2026-07-31T22:03:45Z,736,12,1,7,0,0,1,1,1,1785535295
2026-07-31T22:03:45Z,737,2,1,12,0,1,1,1,1,1785535348
2026-07-31T22:03:45Z,738,15,4,4,0,0,1,1,1,1785535242
2026-07-31T22:03:45Z,739,17,0,9,1,0,1,1,1,1785535056
2026-07-31T22:03:45Z,741,7,0,16,0,0,1,1,1,1785535192
2026-07-31T22:03:45Z,742,11,7,22,2,0,1,1,1,1785535247
2026-07-31T22:03:45Z,743,5,2,14,0,0,1,1,1,1785535070
2026-07-31T22:03:45Z,744,9,2,6,0,0,1,1,1,1785535034
2026-07-31T22:03:45Z,745,12,4,7,0,0,1,1,1,1785534074
2026-07-31T22:03:45Z,746,2,0,20,1,0,1,1,1,1785535095
2026-07-31T22:03:45Z,747,0,0,4,0,0,0,1,1,1783446606
2026-07-31T22:03:45Z,748,8,0,15,0,0,1,1,1,1785534632
2026-07-31T22:03:45Z,749,4,0,19,0,0,1,1,1,1785534862
2026-07-31T22:03:45Z,750,5,2,4,2,0,1,1,1,1785535391
2026-07-31T22:03:45Z,751,18,13,5,0,0,1,1,1,1785534745
2026-07-31T22:03:45Z,752,1,0,15,1,0,1,1,1,1785534674
2026-07-31T22:03:45Z,753,1,0,13,1,0,1,1,1,1785535315
2026-07-31T22:03:45Z,754,5,1,10,0,0,1,1,1,1785534215
2026-07-31T22:03:45Z,755,16,4,6,1,0,1,1,1,1785535405
2026-07-31T22:03:45Z,756,5,4,31,1,0,1,1,1,1785535405
2026-07-31T22:03:45Z,757,7,2,12,0,0,1,1,1,1785535335
2026-07-31T22:03:45Z,758,0,0,22,1,0,1,1,1,1785535206
2026-07-31T22:03:45Z,759,0,0,0,0,0,1,1,1,86400
2026-07-31T22:03:45Z,760,9,2,10,0,0,1,1,1,1785531870
2026-07-31T22:03:45Z,761,2,1,21,0,0,1,1,1,1785535052
2026-07-31T22:03:45Z,762,4,2,6,5,0,1,1,1,1785534872
2026-07-31T22:03:45Z,768,7,0,8,4,0,1,1,1,1785534203
2026-07-31T22:03:45Z,769,14,10,4,1,0,1,1,1,1785535411
2026-07-31T22:03:45Z,770,7,2,11,1,0,1,1,1,1785535387
2026-07-31T22:03:45Z,771,12,1,2,1,0,1,1,1,1785534839
2026-07-31T22:03:45Z,772,1,0,14,0,0,1,1,1,1785535370
2026-07-31T22:03:45Z,773,17,2,2,0,0,1,1,1,1785535299
2026-07-31T22:03:45Z,774,7,1,4,4,0,1,1,1,1785535157
2026-07-31T22:03:45Z,775,6,1,11,1,1,1,1,1,1785533232
2026-07-31T22:03:45Z,776,1,0,19,1,0,1,1,1,1785533840
2026-07-31T22:03:45Z,777,14,5,1,0,0,1,1,1,1785534989
2026-07-31T22:03:45Z,778,13,0,6,0,0,1,1,1,1785535287
2026-07-31T22:03:45Z,779,6,0,12,1,0,1,1,1,1785534550
2026-07-31T22:03:45Z,780,9,0,10,0,0,1,1,1,1785535288
2026-07-31T22:03:45Z,781,3,1,6,2,0,1,1,1,1785534165
2026-07-31T22:03:45Z,782,0,0,15,4,0,1,1,1,1785535081
2026-07-31T22:03:45Z,783,6,2,13,0,0,1,1,1,1785534310
2026-07-31T22:03:45Z,784,8,2,11,0,0,1,1,1,1785535379
2026-07-31T22:03:45Z,785,9,2,4,6,0,1,1,1,1785535281
2026-07-31T22:03:45Z,786,9,5,10,0,0,1,1,1,1785535044
2026-07-31T22:03:45Z,787,4,3,10,1,0,1,1,1,1785534667
2026-07-31T22:03:45Z,788,6,1,9,0,0,1,1,1,1785534796
2026-07-31T22:03:45Z,789,7,2,4,4,0,1,1,1,1785534999
2026-07-31T22:03:45Z,790,2,0,20,1,0,1,1,1,1785534666
2026-07-31T22:03:45Z,791,9,0,9,0,1,1,1,1,1785535146
2026-07-31T22:03:45Z,793,4,0,10,1,0,1,1,1,1785535121
2026-07-31T22:03:45Z,794,3,1,24,2,0,1,1,1,1785535347
2026-07-31T22:03:45Z,796,6,3,12,1,0,1,1,1,1785535014
2026-07-31T22:03:45Z,797,4,1,11,0,0,1,1,1,1785535004
2026-07-31T22:03:45Z,798,18,0,6,1,0,1,1,1,1785534974
2026-07-31T22:03:45Z,799,15,2,0,4,0,1,1,1,1785535326
2026-07-31T22:03:45Z,800,0,0,20,1,0,1,1,1,1785534628
2026-07-31T22:03:45Z,801,3,1,17,1,0,1,1,1,1785535071
2026-07-31T22:03:45Z,802,9,0,22,0,0,1,1,1,1785535254
2026-07-31T22:03:45Z,803,3,0,12,0,0,1,1,1,1785535329
2026-07-31T22:03:45Z,806,4,3,10,1,0,1,1,1,1785534583
2026-07-31T22:03:45Z,807,11,5,11,3,0,1,1,1,1785534143
2026-07-31T22:03:45Z,808,14,1,8,3,0,1,1,1,1785534884
2026-07-31T22:03:45Z,809,4,1,18,1,0,1,1,1,1785535022
2026-07-31T22:03:45Z,810,4,2,13,2,0,1,1,1,1785535387
2026-07-31T22:03:45Z,815,7,2,3,4,1,1,1,1,1785535358
2026-07-31T22:03:45Z,817,10,5,5,0,0,1,1,1,1785534743
2026-07-31T22:03:45Z,818,6,1,17,0,0,1,1,1,1785533833
2026-07-31T22:03:45Z,819,7,4,8,0,0,1,1,1,1785532837
2026-07-31T22:03:45Z,820,10,0,7,0,0,1,1,1,1785534175
2026-07-31T22:03:45Z,821,4,3,11,0,0,1,1,1,1785535091
2026-07-31T22:03:45Z,822,2,0,20,1,0,1,1,1,1785535370
2026-07-31T22:03:45Z,823,15,2,0,0,0,1,1,1,1785534592
2026-07-31T22:03:45Z,824,8,5,11,0,0,1,1,1,1785535295
2026-07-31T22:03:45Z,825,5,4,9,1,0,1,1,1,1785533040
2026-07-31T22:03:45Z,826,7,1,10,2,0,1,1,1,1785534793
2026-07-31T22:03:45Z,827,17,4,2,2,0,1,1,1,1785535296
2026-07-31T22:03:45Z,828,12,0,4,2,0,1,1,1,1785535412
2026-07-31T22:03:45Z,829,17,6,10,0,0,1,1,1,1785534484
2026-07-31T22:03:45Z,830,15,0,7,1,0,1,1,1,1785534671
2026-07-31T22:03:45Z,831,4,3,9,2,0,1,1,1,1785534607
2026-07-31T22:03:45Z,832,7,3,8,3,0,1,1,1,1785534706
2026-07-31T22:03:45Z,833,3,1,15,1,0,1,1,1,1785535403
2026-07-31T22:03:45Z,834,21,0,2,1,0,1,1,1,1785535384
2026-07-31T22:03:45Z,835,5,3,11,2,0,1,1,1,1785535374
2026-07-31T22:03:45Z,838,7,2,7,1,0,1,1,1,1785535282
2026-07-31T22:03:45Z,839,20,3,8,1,0,1,1,1,1785535416
2026-07-31T22:03:45Z,840,1,0,27,1,0,1,1,1,1785535044
2026-07-31T22:03:45Z,841,8,2,7,0,0,1,1,1,1785534511
2026-07-31T22:03:45Z,842,1,0,22,0,0,1,1,1,1785534443
2026-07-31T22:03:45Z,843,14,2,17,0,0,1,1,1,1785534828
2026-07-31T22:03:45Z,844,4,0,19,0,0,1,1,1,1785534719
2026-07-31T22:03:45Z,845,5,3,12,2,0,1,1,1,1785534853
2026-07-31T22:03:45Z,846,4,2,14,1,0,1,1,1,1785533924
2026-07-31T22:03:45Z,847,6,1,20,1,0,1,1,1,1785533832
2026-07-31T22:03:45Z,848,4,3,14,1,0,1,1,1,1785534434
2026-07-31T22:03:45Z,849,4,0,10,1,0,1,1,1,1785535016
2026-07-31T22:03:45Z,850,6,0,5,0,0,1,1,1,1785534010
2026-07-31T22:03:45Z,851,4,3,30,3,0,1,1,1,1785535260
2026-07-31T22:03:45Z,852,10,4,9,0,0,1,1,1,1785534588
2026-07-31T22:03:45Z,853,11,5,12,0,0,1,1,1,1785533631
2026-07-31T22:03:45Z,854,1,1,14,0,0,1,1,1,1785535397
2026-07-31T22:03:45Z,855,24,0,3,0,0,1,1,1,1785535254
2026-07-31T22:03:45Z,857,5,4,11,3,0,1,1,1,1785535092
2026-07-31T22:03:45Z,858,5,2,13,1,0,1,1,1,1785535195
2026-07-31T22:03:45Z,859,8,0,12,1,0,1,1,1,1785535366
2026-07-31T22:03:45Z,861,6,0,4,1,0,1,1,1,1785528609
2026-07-31T22:03:45Z,862,4,2,11,0,0,1,1,1,1785534556
2026-07-31T22:03:45Z,863,14,1,4,1,0,1,1,1,1785534680
2026-07-31T22:03:45Z,866,11,1,8,0,0,1,1,1,1785534942
2026-07-31T22:03:45Z,867,14,2,1,0,0,1,1,1,1785534158
2026-07-31T22:03:45Z,868,7,0,8,0,0,1,1,1,1785534411
2026-07-31T22:03:45Z,870,8,5,7,0,0,1,1,1,1785534639
2026-07-31T22:03:45Z,871,0,0,10,1,0,1,1,1,1785533962
2026-07-31T22:03:45Z,872,1,0,13,1,0,1,1,1,1785534548
2026-07-31T22:03:45Z,873,7,0,24,2,0,1,1,1,1785535413
2026-07-31T22:03:45Z,874,3,0,9,3,0,1,1,1,1785535171
2026-07-31T22:03:45Z,875,12,8,1,2,0,1,1,1,1785534770
2026-07-31T22:03:45Z,877,13,12,6,0,0,1,1,1,1785534241
2026-07-31T22:03:45Z,878,3,3,16,0,0,1,1,1,1785534813
2026-07-31T22:03:45Z,879,2,0,17,0,0,1,1,1,1785533846
2026-07-31T22:03:45Z,880,3,0,19,1,0,1,1,1,1785534772
2026-07-31T22:03:45Z,881,3,0,16,0,0,1,1,1,1785534677
2026-07-31T22:03:45Z,882,9,3,9,1,0,1,1,1,1785534469
2026-07-31T22:03:45Z,883,7,3,12,0,0,1,1,1,1785534865
2026-07-31T22:03:45Z,884,11,7,10,0,0,1,1,1,1785534263
2026-07-31T22:03:45Z,885,0,0,19,0,0,1,1,1,1785534476
2026-07-31T22:03:45Z,886,5,0,22,2,0,1,1,1,1785535404
2026-07-31T22:03:45Z,887,6,2,7,4,0,1,1,1,1785535300
2026-07-31T22:03:45Z,888,8,0,30,3,0,1,1,1,1785535416
2026-07-31T22:03:45Z,889,2,0,15,2,0,1,1,1,1785535228
2026-07-31T22:03:45Z,890,8,4,7,0,0,1,1,1,1785535414
2026-07-31T22:03:45Z,891,18,0,4,1,0,1,1,1,1785534023
2026-07-31T22:03:45Z,892,11,1,4,0,0,1,1,1,1785534415
2026-07-31T22:03:45Z,895,3,0,16,0,0,1,1,1,1785534035
2026-07-31T22:03:45Z,896,7,2,28,0,0,1,1,1,1785534764
2026-07-31T22:03:45Z,897,16,1,5,0,0,1,1,1,1785534713
2026-07-31T22:03:45Z,898,2,0,17,0,0,1,1,1,1785534388
2026-07-31T22:03:45Z,899,2,0,16,1,0,1,1,1,1785535369
2026-07-31T22:03:45Z,900,7,0,19,1,0,1,1,1,1785535210
2026-07-31T22:03:45Z,901,1,0,17,1,0,1,1,1,1785535329
2026-07-31T22:03:45Z,902,5,1,10,0,0,1,1,1,1785534290
2026-07-31T22:03:45Z,903,7,2,11,1,0,1,1,1,1785533875
2026-07-31T22:03:45Z,904,10,4,8,1,0,1,1,1,1785534793
2026-07-31T22:03:45Z,905,14,0,12,1,0,1,1,1,1785535249
2026-07-31T22:03:45Z,906,17,8,10,0,0,1,1,1,1785535380
2026-07-31T22:03:45Z,907,5,0,26,0,0,1,1,1,1785535252
2026-07-31T22:03:45Z,908,12,2,11,0,0,1,1,1,1785534809
2026-07-31T22:03:45Z,909,7,7,16,0,0,1,1,1,1785535253
2026-07-31T22:03:45Z,910,17,0,11,3,0,1,1,1,1785535377
2026-07-31T22:03:45Z,911,4,1,15,0,0,1,1,1,1785534321
2026-07-31T22:03:45Z,912,2,1,20,1,0,1,1,1,1785535394
2026-07-31T22:03:45Z,913,6,4,13,0,0,1,1,1,1785535320
2026-07-31T22:03:45Z,914,15,1,2,2,0,1,1,1,1785535102
2026-07-31T22:03:45Z,915,15,1,5,3,0,1,1,1,1785535412
2026-07-31T22:03:45Z,916,3,0,20,0,0,1,1,1,1785535398
2026-07-31T22:03:45Z,917,7,0,27,1,0,1,1,1,1785534963
2026-07-31T22:03:45Z,918,1,0,16,2,0,1,1,1,1785534959
2026-07-31T22:03:45Z,919,11,1,28,0,0,1,1,1,1785535391
2026-07-31T22:03:45Z,920,7,2,12,0,0,1,1,1,1785535098
2026-07-31T22:03:45Z,921,11,0,10,0,0,1,1,1,1785534992
2026-07-31T22:03:45Z,922,1,1,20,0,0,1,1,1,1785535342
2026-07-31T22:03:45Z,923,8,2,11,0,0,1,1,1,1785535357
2026-07-31T22:03:45Z,924,5,0,15,1,0,1,1,1,1785533679
2026-07-31T22:03:45Z,925,11,0,10,0,0,1,1,1,1785535003
2026-07-31T22:03:45Z,926,2,0,19,0,0,1,1,1,1785535077
2026-07-31T22:03:45Z,927,23,2,12,0,0,1,1,1,1785535265
2026-07-31T22:03:45Z,928,0,0,19,0,0,0,1,1,1785500252
2026-07-31T22:03:45Z,929,7,1,15,1,0,1,1,1,1785535403
2026-07-31T22:03:45Z,930,8,0,22,1,0,1,1,1,1785535310
2026-07-31T22:03:45Z,931,10,5,12,1,0,1,1,1,1785535417
2026-07-31T22:03:45Z,932,11,0,6,2,0,1,1,1,1785535365
2026-07-31T22:03:45Z,933,3,2,19,1,0,1,1,1,1785535304
2026-07-31T22:03:45Z,934,25,0,5,1,0,1,1,1,1785535272
2026-07-31T22:03:45Z,935,12,0,6,1,0,1,1,1,1785535161
2026-07-31T22:03:45Z,936,6,0,13,0,0,1,1,1,1785534992
2026-07-31T22:03:45Z,940,6,0,4,1,0,1,1,1,1785534507
2026-07-31T22:03:45Z,941,18,2,4,3,0,1,1,1,1785535226
2026-07-31T22:03:45Z,942,14,0,7,0,0,1,1,1,1785535134
2026-07-31T22:03:45Z,943,8,8,7,0,0,1,1,1,1785534628
2026-07-31T22:03:45Z,944,10,8,5,0,0,1,1,1,1785534476
2026-07-31T22:03:45Z,945,10,8,5,0,0,1,1,1,1785534000
2026-07-31T22:03:45Z,946,7,5,12,0,0,1,1,1,1785523835
2026-07-31T22:03:45Z,947,5,3,12,0,0,1,1,1,1785534499
2026-07-31T22:03:45Z,948,20,15,7,4,0,1,1,1,1785535237
2026-07-31T22:03:45Z,949,0,0,14,1,0,1,1,1,1785535256
2026-07-31T22:03:45Z,950,4,2,12,1,0,1,1,1,1785535041
2026-07-31T22:03:45Z,951,19,7,4,0,0,1,1,1,1785535297
2026-07-31T22:03:45Z,952,15,0,39,1,0,1,1,1,1785535315
2026-07-31T22:03:45Z,953,3,0,11,1,0,1,1,1,1785535069
2026-07-31T22:03:45Z,954,6,0,13,0,0,1,1,1,1785535314
2026-07-31T22:03:45Z,955,7,4,14,6,0,1,1,1,1785534132
2026-07-31T22:03:45Z,956,13,0,8,2,0,1,1,1,1785535252
2026-07-31T22:03:45Z,957,18,3,9,2,0,1,1,1,1785535252
2026-07-31T22:03:45Z,958,15,0,14,2,0,1,1,1,1785535407
2026-07-31T22:03:45Z,959,6,2,16,1,0,1,1,1,1785535260
2026-07-31T22:03:45Z,960,2,0,21,0,0,1,1,1,1785535383
2026-07-31T22:03:45Z,961,3,0,17,3,0,1,1,1,1785535264
2026-07-31T22:03:45Z,962,7,1,25,3,0,1,1,1,1785533860
2026-07-31T22:03:45Z,963,5,0,17,1,0,1,1,1,1785535288
2026-07-31T22:03:45Z,964,16,10,7,0,0,1,1,1,1785535220
2026-07-31T22:03:45Z,965,11,6,15,1,0,1,1,1,1785535351
2026-07-31T22:03:45Z,966,8,0,22,1,0,1,1,1,1785535378
2026-07-31T22:03:45Z,967,18,1,1,2,0,1,1,1,1785535339
2026-07-31T22:03:45Z,968,15,0,3,1,0,1,1,1,1785534515
2026-07-31T22:03:45Z,969,4,1,21,2,0,1,1,1,1785535113
2026-07-31T22:03:45Z,970,1,1,17,1,0,1,1,1,1785535038
2026-07-31T22:03:45Z,971,4,0,18,1,0,1,1,1,1785534868
2026-07-31T22:03:45Z,972,11,4,11,1,0,1,1,1,1785534514
2026-07-31T22:03:45Z,973,6,0,16,1,0,1,1,1,1785534529
2026-07-31T22:03:45Z,974,17,0,9,1,0,1,1,1,1785535293
2026-07-31T22:03:45Z,977,3,2,16,2,0,1,1,1,1785535299
2026-07-31T22:03:45Z,978,20,0,3,0,0,1,1,1,1785534904
2026-07-31T22:03:45Z,979,0,0,17,0,0,1,1,1,1785535105
2026-07-31T22:03:45Z,980,2,0,18,1,0,1,1,1,1785535251
2026-07-31T22:03:45Z,981,10,0,11,0,0,1,1,1,1785535415
2026-07-31T22:03:45Z,982,4,1,14,1,0,1,1,1,1785534555
2026-07-31T22:03:45Z,983,2,2,21,0,0,1,1,1,1785535024
2026-07-31T22:03:45Z,984,6,0,17,0,0,1,1,1,1785534365
2026-07-31T22:03:45Z,985,4,1,26,1,0,1,1,1,1785535412
2026-07-31T22:03:45Z,986,4,0,15,0,0,1,1,1,1785534557
2026-07-31T22:03:45Z,987,7,1,16,0,0,1,1,1,1785535138
2026-07-31T22:03:45Z,988,6,4,13,0,0,1,1,1,1785534729
2026-07-31T22:03:45Z,989,7,4,12,0,0,1,1,1,1785533710
2026-07-31T22:03:45Z,990,11,0,3,1,0,1,1,1,1785534717
2026-07-31T22:03:45Z,991,9,0,9,1,0,1,1,1,1785534465
2026-07-31T22:03:45Z,992,9,5,14,0,0,1,1,1,1785535353
2026-07-31T22:03:45Z,993,4,4,22,1,0,1,1,1,1785535086
2026-07-31T22:03:45Z,994,0,0,21,0,0,1,1,1,1785533782
2026-07-31T22:03:45Z,995,7,1,20,0,0,1,1,1,1785534810
2026-07-31T22:03:45Z,996,7,2,16,0,0,1,1,1,1785534933
2026-07-31T22:03:45Z,997,5,4,6,9,3,1,1,1,1785535360
2026-07-31T22:03:45Z,998,5,4,18,0,0,1,1,1,1785534897
2026-07-31T22:03:45Z,999,4,1,15,1,1,1,1,1,1785534757
2026-07-31T22:03:45Z,1000,3,2,18,0,0,1,1,1,1785534365
2026-07-31T22:03:45Z,1001,5,3,22,0,0,1,1,1,1785534966
2026-07-31T22:03:45Z,1002,3,2,27,1,0,1,1,1,1785535000
2026-07-31T22:03:45Z,1003,1,0,22,0,0,1,1,1,1785534533
2026-07-31T22:03:45Z,1004,8,2,15,0,0,1,1,1,1785534022
2026-07-31T22:03:45Z,1005,20,1,3,0,0,1,1,1,1785534725
2026-07-31T22:03:45Z,1006,8,4,11,0,0,1,1,1,1785534529
2026-07-31T22:03:45Z,1007,2,1,19,0,0,1,1,1,1785534605
2026-07-31T22:03:45Z,1008,7,6,16,0,0,1,1,1,1785535304
2026-07-31T22:03:45Z,1009,22,5,8,1,0,1,1,1,1785533622
2026-07-31T22:03:45Z,1010,7,2,20,0,0,1,1,1,1785535327
2026-07-31T22:03:45Z,1011,7,2,10,2,0,1,1,1,1785534899
2026-07-31T22:03:45Z,1012,5,3,16,2,0,1,1,1,1785534497
2026-07-31T22:03:45Z,1013,4,1,18,1,0,1,1,1,1785535054
2026-07-31T22:03:45Z,1014,9,4,14,0,0,1,1,1,1785535022
2026-07-31T22:03:45Z,1015,4,3,26,1,0,1,1,1,1785535377
2026-07-31T22:03:45Z,1016,10,5,21,0,0,1,1,1,1785534453
2026-07-31T22:03:45Z,1017,13,5,8,0,0,1,1,1,1785533888
2026-07-31T22:03:45Z,1018,6,2,16,0,0,1,1,1,1785534575
2026-07-31T22:03:45Z,1019,8,5,7,0,0,1,1,1,1785534436
2026-07-31T22:03:45Z,1020,19,5,2,0,0,1,1,1,1785533753
2026-07-31T22:03:45Z,1021,9,4,6,0,0,1,1,1,1785535240
2026-07-31T22:03:45Z,1022,14,0,13,0,0,1,1,1,1785534711
2026-07-31T22:03:45Z,1023,14,2,9,0,0,1,1,1,1785534330
2026-07-31T22:03:45Z,1024,3,1,16,0,0,1,1,1,1785535292
2026-07-31T22:03:45Z,1025,4,0,14,0,1,1,1,1,1785534695
2026-07-31T22:03:45Z,1026,11,9,19,1,0,1,1,1,1785534236
2026-07-31T22:03:45Z,1028,3,1,20,0,0,1,1,1,1785534669
2026-07-31T22:03:45Z,1029,12,10,3,0,0,1,1,1,1785533733
2026-07-31T22:03:45Z,1030,13,4,10,0,0,1,1,1,1785535366
2026-07-31T22:03:45Z,1031,9,1,10,0,0,1,1,1,1785533854
2026-07-31T22:03:45Z,1032,7,1,12,0,0,1,1,1,1785534525
2026-07-31T22:03:45Z,1033,9,5,10,0,0,1,1,1,1785535351
2026-07-31T22:03:45Z,1034,3,0,12,0,0,1,1,1,1785534505
2026-07-31T22:03:45Z,1035,0,0,18,1,0,1,1,1,1785534531
2026-07-31T22:03:45Z,1036,12,0,3,0,0,1,1,1,1785535365
2026-07-31T22:03:45Z,1037,0,0,18,1,0,1,1,1,1785534975
2026-07-31T22:03:45Z,1038,1,0,14,0,0,1,1,1,1785534195
2026-07-31T22:03:45Z,1039,7,0,12,0,0,1,1,1,1785534676
2026-07-31T22:03:45Z,1040,8,5,11,0,0,1,1,1,1785534580
2026-07-31T22:03:45Z,1041,10,2,9,0,0,1,1,1,1785534446
2026-07-31T22:03:45Z,1042,3,0,11,1,0,1,1,1,1785534678
2026-07-31T22:03:45Z,1043,9,5,10,0,0,1,1,1,1785534607
2026-07-31T22:03:45Z,1044,1,0,14,0,0,1,1,1,1785534250
2026-07-31T22:03:45Z,1045,9,0,10,0,0,1,1,1,1785534508
2026-07-31T22:03:45Z,1046,9,0,6,0,0,1,1,1,1785533878
2026-07-31T22:03:45Z,1047,4,0,17,0,0,1,1,1,1785535298
2026-07-31T22:03:45Z,1048,1,0,18,0,0,1,1,1,1785534488
2026-07-31T22:03:45Z,1049,0,0,21,0,0,1,1,1,1785534594
2026-07-31T22:03:45Z,1050,20,5,1,0,0,1,1,1,1785533880
2026-07-31T22:03:45Z,1051,9,4,12,0,0,1,1,1,1785534812
2026-07-31T22:03:45Z,1052,16,1,5,1,0,1,1,1,1785534386
2026-07-31T22:03:45Z,1053,2,1,13,0,0,1,1,1,1785534387
2026-07-31T22:03:45Z,1054,6,1,9,0,0,1,1,1,1785535284
2026-07-31T22:03:45Z,1055,8,1,11,0,0,1,1,1,1785534663
2026-07-31T22:03:45Z,1057,1,0,18,0,0,1,1,1,1785535279
2026-07-31T22:03:45Z,1058,11,1,45,0,0,1,1,1,1785535220
2026-07-31T22:03:45Z,1059,1,1,17,1,0,1,1,1,1785535194
2026-07-31T22:03:45Z,1060,17,0,20,0,0,1,1,1,1785535276
2026-07-31T22:03:45Z,1061,16,0,21,0,0,1,1,1,1785534845
2026-07-31T22:03:45Z,1062,9,1,8,0,0,1,1,1,1785534976
2026-07-31T22:03:45Z,1063,12,1,6,1,0,1,1,1,1785534568
2026-07-31T22:03:45Z,1064,3,0,19,1,0,1,1,1,1785534939
2026-07-31T22:03:45Z,1065,16,3,7,0,0,1,1,1,1785535186
2026-07-31T22:03:45Z,1066,12,2,11,0,0,1,1,1,1785535003
2026-07-31T22:03:45Z,1067,8,2,13,2,0,1,1,1,1785535280
2026-07-31T22:03:45Z,1068,5,2,15,3,0,1,1,1,1785534822
2026-07-31T22:03:45Z,1069,12,3,11,0,0,1,1,1,1785534818
2026-07-31T22:03:45Z,1070,12,2,11,0,0,1,1,1,1785535355
2026-07-31T22:03:45Z,1071,8,4,15,0,0,1,1,1,1785534957
2026-07-31T22:03:45Z,1072,11,1,11,1,0,1,1,1,1785535358
2026-07-31T22:03:45Z,1073,12,0,14,1,0,1,1,1,1785535407
2026-07-31T22:03:45Z,1074,35,2,17,1,0,1,1,1,1785535382
2026-07-31T22:03:45Z,1075,8,8,13,0,0,1,1,1,1785533851
2026-07-31T22:03:45Z,1076,11,8,10,0,0,1,1,1,1785534861
2026-07-31T22:03:45Z,1077,13,8,8,0,0,1,1,1,1785535233
2026-07-31T22:03:45Z,1078,11,8,10,0,0,1,1,1,1785535212
2026-07-31T22:03:45Z,1079,14,10,7,0,0,1,1,1,1785534428
2026-07-31T22:03:45Z,1080,11,8,8,2,0,1,1,1,1785534356
2026-07-31T22:03:45Z,1081,13,7,6,0,0,1,1,1,1785535353
2026-07-31T22:03:45Z,1082,11,11,12,0,0,1,1,1,1785534901
2026-07-31T22:03:45Z,1083,12,10,9,0,0,1,1,1,1785534699
2026-07-31T22:03:45Z,1084,9,7,12,0,0,1,1,1,1785534314
2026-07-31T22:03:45Z,1085,12,9,9,0,0,1,1,1,1785534027
2026-07-31T22:03:45Z,1086,11,9,9,1,0,1,1,1,1785534720
2026-07-31T22:03:45Z,1087,7,7,8,0,0,1,1,1,1785533791
2026-07-31T22:03:45Z,1088,10,7,5,0,0,1,1,1,1785535053
2026-07-31T22:03:45Z,1089,7,3,8,0,0,1,1,1,1785529453
2026-07-31T22:03:45Z,1090,6,5,9,0,0,1,1,1,1785535317
2026-07-31T22:03:45Z,1091,7,5,8,0,0,1,1,1,1785533703
2026-07-31T22:03:45Z,1092,9,8,5,1,0,1,1,1,1785535193
2026-07-31T22:03:45Z,1093,5,5,9,1,0,1,1,1,1785533774
2026-07-31T22:03:45Z,1094,10,9,9,0,0,1,1,1,1785534519
2026-07-31T22:03:45Z,1095,10,8,5,0,0,1,1,1,1785534494
2026-07-31T22:03:45Z,1096,9,8,10,0,0,1,1,1,1785534897
2026-07-31T22:03:45Z,1097,8,8,7,0,0,1,1,1,1785535086
2026-07-31T22:03:45Z,1098,9,7,10,0,0,1,1,1,1785534126
2026-07-31T22:03:45Z,1099,7,6,8,0,0,1,1,1,1785534354
2026-07-31T22:03:45Z,1100,6,4,23,0,0,1,1,1,1785532207
2026-07-31T22:03:45Z,1101,10,5,11,0,0,1,1,1,1785534282
2026-07-31T22:03:45Z,1102,9,4,4,0,0,1,1,1,1785535294
2026-07-31T22:03:45Z,1103,11,5,10,0,0,1,1,1,1785503681
2026-07-31T22:03:45Z,1104,11,6,10,0,0,1,1,1,1785534033
2026-07-31T22:03:45Z,1105,7,3,6,0,0,1,1,1,1785535176
2026-07-31T22:03:45Z,1106,10,5,11,0,0,1,1,1,1785534374
2026-07-31T22:03:45Z,1107,9,5,6,0,0,1,1,1,1785534616
2026-07-31T22:03:45Z,1108,9,5,15,2,1,1,1,1,1785535221
2026-07-31T22:03:45Z,1109,7,3,8,0,0,1,1,1,1785534558
2026-07-31T22:03:45Z,1110,11,3,10,0,0,1,1,1,1785533897
2026-07-31T22:03:45Z,1111,7,3,13,1,0,1,1,1,1785534505
2026-07-31T22:03:45Z,1112,26,0,27,0,0,1,1,1,1785535236
2026-07-31T22:03:45Z,1113,1,0,20,0,0,1,1,1,1785533813
2026-07-31T22:03:45Z,1115,14,1,5,4,0,1,1,1,1785535100
2026-07-31T22:03:45Z,1116,2,0,17,0,0,1,1,1,1785534545
2026-07-31T22:03:45Z,1117,2,1,20,1,0,1,1,1,1785534978
2026-07-31T22:03:45Z,1118,15,0,6,0,0,1,1,1,1785535085
2026-07-31T22:03:45Z,1119,6,1,11,0,0,1,1,1,1785534835
2026-07-31T22:03:45Z,1120,4,1,14,1,0,1,1,1,1785535008
2026-07-31T22:03:45Z,1121,12,1,8,1,0,1,1,1,1785535362
2026-07-31T22:03:45Z,1122,4,2,16,1,0,1,1,1,1785535390
2026-07-31T22:03:45Z,1123,11,8,10,2,0,1,1,1,1785534574
2026-07-31T22:03:45Z,1124,6,2,8,1,0,1,1,1,1785534958
2026-07-31T22:03:45Z,1125,17,1,6,0,0,1,1,1,1785534922
2026-07-31T22:03:45Z,1126,4,0,17,0,0,1,1,1,1785534986
2026-07-31T22:03:45Z,1127,6,2,13,0,0,1,1,1,1785534863
2026-07-31T22:03:45Z,1128,2,2,13,0,0,1,1,1,1785535364
2026-07-31T22:03:45Z,1129,2,1,17,2,0,1,1,1,1785534624
2026-07-31T22:03:45Z,1130,14,1,1,0,0,1,1,1,1785535272
2026-07-31T22:03:45Z,1131,1,1,47,1,0,1,1,1,1785534329
2026-07-31T22:03:45Z,1132,10,4,10,1,0,1,1,1,1785534814
2026-07-31T22:03:45Z,1133,7,5,11,3,0,1,1,1,1785535059
2026-07-31T22:03:45Z,1134,12,6,7,0,0,1,1,1,1785535058
2026-07-31T22:03:45Z,1135,12,6,9,0,0,1,1,1,1785534180
2026-07-31T22:03:45Z,1136,17,1,6,0,0,1,1,1,1785535110
2026-07-31T22:03:45Z,1137,12,0,3,0,0,1,1,1,1785534429
2026-07-31T22:03:45Z,1138,4,0,15,0,0,1,1,1,1785534861
2026-07-31T22:03:45Z,1139,12,3,8,1,0,1,1,1,1785535361
2026-07-31T22:03:45Z,1140,3,0,18,2,0,1,1,1,1785535129
2026-07-31T22:03:45Z,1141,3,1,17,1,0,1,1,1,1785535394
2026-07-31T22:03:45Z,1142,3,0,18,0,0,1,1,1,1785535188
2026-07-31T22:03:45Z,1143,23,0,5,1,0,1,1,1,1785535415
2026-07-31T22:03:45Z,1144,7,0,13,1,0,1,1,1,1785534218
2026-07-31T22:03:45Z,1145,11,5,9,1,0,1,1,1,1785534956
2026-07-31T22:03:45Z,1146,3,3,12,4,0,1,1,1,1785535413
2026-07-31T22:03:45Z,1147,14,1,5,0,0,1,1,1,1785535381
2026-07-31T22:03:45Z,1148,8,0,23,0,0,1,1,1,1785535404
2026-07-31T22:03:45Z,1149,2,2,18,5,0,1,1,1,1785534294
2026-07-31T22:03:45Z,1150,2,0,17,0,0,1,1,1,1785534774
2026-07-31T22:03:45Z,1151,7,0,14,0,0,1,1,1,1785535207
2026-07-31T22:03:45Z,1152,3,0,26,0,0,1,1,1,1785534579
2026-07-31T22:03:45Z,1153,18,0,4,1,0,1,1,1,1785535221
2026-07-31T22:03:45Z,1154,3,0,16,0,0,1,1,1,1785534703
2026-07-31T22:03:45Z,1155,6,4,12,3,0,1,1,1,1785535335
2026-07-31T22:03:45Z,1158,3,1,16,0,0,1,1,1,1785534430
2026-07-31T22:03:45Z,1159,12,0,7,0,0,1,1,1,1785534793
2026-07-31T22:03:45Z,1160,7,2,12,0,0,1,1,1,1785535212
2026-07-31T22:03:45Z,1161,3,0,15,1,0,1,1,1,1785534927
2026-07-31T22:03:45Z,1162,3,0,16,0,0,1,1,1,1785535184
2026-07-31T22:03:45Z,1163,2,1,16,1,0,1,1,1,1785534550
2026-07-31T22:03:45Z,1164,5,1,14,0,0,1,1,1,1785534607
2026-07-31T22:03:45Z,1165,1,0,20,0,0,1,1,1,1785535353
2026-07-31T22:03:45Z,1166,13,3,7,1,0,1,1,1,1785534892
2026-07-31T22:03:45Z,1167,4,0,11,0,0,1,1,1,1785534278
2026-07-31T22:03:45Z,1168,3,0,18,2,0,1,1,1,1785534846
2026-07-31T22:03:45Z,1169,3,0,15,1,0,1,1,1,1785534453
2026-07-31T22:03:45Z,1170,6,1,15,0,0,1,1,1,1785535400
2026-07-31T22:03:45Z,1171,9,8,14,0,0,1,1,1,1785534556
2026-07-31T22:03:45Z,1172,5,0,8,2,0,1,1,1,1785534601
2026-07-31T22:03:45Z,1173,13,4,6,0,0,1,1,1,1785534711
2026-07-31T22:03:45Z,1174,4,1,11,0,0,1,1,1,1785535100
2026-07-31T22:03:45Z,1175,5,3,14,0,0,1,1,1,1785531043
2026-07-31T22:03:45Z,1176,8,2,13,0,0,1,1,1,1785533939
2026-07-31T22:03:45Z,1177,4,2,17,0,0,1,1,1,1785534957
2026-07-31T22:03:45Z,1178,5,2,10,0,0,1,1,1,1785534274
2026-07-31T22:03:45Z,1181,15,1,0,0,0,1,1,1,1785535408
2026-07-31T22:03:45Z,1182,15,3,4,1,0,1,1,1,1785535352
2026-07-31T22:03:45Z,1183,18,2,25,2,0,1,1,1,1785535399
2026-07-31T22:03:45Z,1184,9,6,10,2,0,1,1,1,1785535285
2026-07-31T22:03:45Z,1185,10,6,11,0,0,1,1,1,1785534007
2026-07-31T22:03:45Z,1186,9,5,10,0,0,1,1,1,1785534982
2026-07-31T22:03:45Z,1187,10,5,10,1,0,1,1,1,1785535211
2026-07-31T22:03:45Z,1188,10,5,5,0,0,1,1,1,1785534613
2026-07-31T22:03:45Z,1189,7,2,12,0,0,1,1,1,1785534744
2026-07-31T22:03:45Z,1190,9,4,12,0,0,1,1,1,1785534161
2026-07-31T22:03:45Z,1191,10,5,5,0,0,1,1,1,1785534616
2026-07-31T22:03:45Z,1192,11,7,9,1,0,1,1,1,1785534526
2026-07-31T22:03:45Z,1193,6,4,5,2,0,1,1,1,1785535384
2026-07-31T22:03:45Z,1197,9,6,7,1,0,1,1,1,1785535396
2026-07-31T22:03:45Z,1198,13,4,6,2,0,1,1,1,1785535051
2026-07-31T22:03:45Z,1199,3,0,16,0,0,1,1,1,1785535037
2026-07-31T22:03:45Z,1200,9,5,6,0,0,1,1,1,1785534657
2026-07-31T22:03:45Z,1201,9,4,6,0,0,1,1,1,1785534628
2026-07-31T22:03:45Z,1202,10,5,5,0,0,1,1,1,1785534729
2026-07-31T22:03:45Z,1203,11,5,4,0,0,1,1,1,1785534635
2026-07-31T22:03:45Z,1204,7,4,12,0,0,1,1,1,1785534412
2026-07-31T22:03:45Z,1206,11,5,10,0,0,1,1,1,1785533652
2026-07-31T22:03:45Z,1207,8,4,6,1,0,1,1,1,1785534946
2026-07-31T22:03:45Z,1208,10,4,9,0,0,1,1,1,1785534893
2026-07-31T22:03:45Z,1216,8,0,12,1,0,1,1,1,1785533867
2026-07-31T22:03:45Z,1218,4,0,17,0,0,1,1,1,1785534265
2026-07-31T22:03:45Z,1219,2,1,10,3,0,1,1,1,1785534540
2026-07-31T22:03:45Z,1220,15,4,4,0,0,1,1,1,1785534534
2026-07-31T22:03:45Z,1221,1,1,19,1,0,1,1,1,1785533619
2026-07-31T22:03:45Z,1222,12,0,17,0,0,1,1,1,1785534731
2026-07-31T22:03:45Z,1223,28,0,0,1,0,1,1,1,1785534732
2026-07-31T22:03:45Z,1226,0,0,3,0,0,0,1,1,1781868931
2026-07-31T22:03:45Z,1227,6,0,18,1,0,1,1,1,1785534270
2026-07-31T22:03:45Z,1228,0,0,29,0,0,1,1,1,1785535387
2026-07-31T22:03:45Z,1229,45,1,0,0,0,1,1,1,1785535327
2026-07-31T22:08:45Z,1,1,0,22,0,0,1,1,1,1785535719
2026-07-31T22:08:45Z,2,2,0,22,3,0,1,1,1,1785535716
2026-07-31T22:08:45Z,3,12,1,1,1,0,1,1,1,1785535529
2026-07-31T22:08:45Z,4,20,0,1,1,0,1,1,1,1785535447
2026-07-31T22:08:45Z,5,18,4,3,2,0,1,1,1,1785535694
2026-07-31T22:08:45Z,6,4,0,11,0,0,1,1,1,1785535088
2026-07-31T22:08:45Z,7,11,0,28,0,0,1,1,1,1785535404
2026-07-31T22:08:45Z,8,16,2,27,0,0,1,1,1,1785535440
2026-07-31T22:08:45Z,9,16,4,7,0,0,1,1,1,1785535660
2026-07-31T22:08:45Z,10,5,3,15,3,0,1,1,1,1785535641
2026-07-31T22:08:45Z,11,6,0,11,2,0,1,1,1,1785534639
2026-07-31T22:08:45Z,12,21,0,2,0,0,1,1,1,1785535501
2026-07-31T22:08:45Z,13,19,2,11,0,0,1,1,1,1785535382
2026-07-31T22:08:45Z,14,41,0,1,0,1,1,1,1,1785533690
2026-07-31T22:08:45Z,15,3,0,12,0,0,1,1,1,1785535116
2026-07-31T22:08:45Z,16,2,0,22,2,1,1,1,1,1785535294
2026-07-31T22:08:45Z,17,19,2,7,1,0,1,1,1,1785535466
2026-07-31T22:08:45Z,18,11,0,5,2,0,1,1,1,1785535345
2026-07-31T22:08:45Z,19,12,2,14,1,0,1,1,1,1785535564
2026-07-31T22:08:45Z,20,25,4,10,0,0,1,1,1,1785535649
2026-07-31T22:08:45Z,21,2,1,15,2,0,1,1,1,1785535690
2026-07-31T22:08:45Z,22,22,0,43,0,0,1,1,1,1785535439
2026-07-31T22:08:45Z,23,14,7,16,1,0,1,1,1,1785535179
2026-07-31T22:08:45Z,24,9,4,1,1,0,1,1,1,1785535709
2026-07-31T22:08:45Z,25,77,0,2,2,0,1,1,1,1785535519
2026-07-31T22:08:45Z,26,25,1,2,0,0,1,1,1,1785535660
2026-07-31T22:08:45Z,28,9,0,6,0,0,1,1,1,1785535312
2026-07-31T22:08:45Z,30,18,0,9,2,0,1,1,1,1785535191
2026-07-31T22:08:45Z,31,10,1,7,2,0,1,1,1,1785535652
2026-07-31T22:08:45Z,32,21,1,6,0,0,1,1,1,1785535634
2026-07-31T22:08:45Z,34,17,0,20,0,0,1,1,1,1785535347
2026-07-31T22:08:45Z,35,43,4,4,0,0,1,1,1,1785535698
2026-07-31T22:08:45Z,36,0,0,0,0,0,0,1,1,86400
2026-07-31T22:08:45Z,37,19,4,4,0,0,1,1,1,1785535531
2026-07-31T22:08:45Z,38,2,0,21,0,0,1,1,1,1785535621
2026-07-31T22:08:45Z,39,13,3,26,0,0,1,1,1,1785535312
2026-07-31T22:08:45Z,40,7,0,14,0,0,1,1,1,1785535064
2026-07-31T22:08:45Z,41,21,1,22,0,0,1,1,1,1785535509
2026-07-31T22:08:45Z,42,4,4,27,0,0,1,1,1,1785535440
2026-07-31T22:08:45Z,43,9,1,14,0,0,1,1,1,1785535563
2026-07-31T22:08:45Z,45,4,0,25,0,0,1,1,1,1785535617
2026-07-31T22:08:45Z,46,1,1,29,1,0,1,1,1,1785535531
2026-07-31T22:08:45Z,47,5,0,9,1,0,1,1,1,1785535395
2026-07-31T22:08:45Z,48,19,0,8,0,0,1,1,1,1785535645
2026-07-31T22:08:45Z,49,0,0,19,4,0,1,1,1,1785535714
2026-07-31T22:08:45Z,50,6,5,12,1,0,1,1,1,1785535300
2026-07-31T22:08:45Z,51,41,0,36,0,0,1,1,1,1785534715
2026-07-31T22:08:45Z,52,1,0,23,3,0,1,1,1,1785535687
2026-07-31T22:08:45Z,55,3,0,20,0,0,1,1,1,1785535716
2026-07-31T22:08:45Z,56,12,1,31,0,0,1,1,1,1785535321
2026-07-31T22:08:45Z,57,0,0,26,1,0,1,1,1,1785535188
2026-07-31T22:08:45Z,58,1,1,27,0,0,1,1,1,1785535673
2026-07-31T22:08:45Z,59,7,1,18,2,0,1,1,1,1785535717
2026-07-31T22:08:45Z,61,32,0,7,0,0,1,1,1,1785535711
2026-07-31T22:08:45Z,62,31,15,17,1,0,1,1,1,1785535716
2026-07-31T22:08:45Z,63,8,2,11,0,0,1,1,1,1785535647
2026-07-31T22:08:45Z,64,12,1,3,4,0,1,1,1,1785530968
2026-07-31T22:08:45Z,65,10,4,8,1,0,1,1,1,1785534823
2026-07-31T22:08:45Z,67,14,0,25,0,0,1,1,1,1785535488
2026-07-31T22:08:45Z,68,35,0,1,1,0,1,1,1,1785535705
2026-07-31T22:08:45Z,69,6,1,9,0,0,1,1,1,1785535643
2026-07-31T22:08:45Z,71,7,0,17,3,0,1,1,1,1785535670
2026-07-31T22:08:45Z,72,27,5,0,3,1,1,1,1,1785535472
2026-07-31T22:08:45Z,73,1,0,30,0,0,1,1,1,1785535633
2026-07-31T22:08:45Z,74,1,0,18,0,0,1,1,1,1785535714
2026-07-31T22:08:45Z,75,7,0,24,1,0,1,1,1,1785535070
2026-07-31T22:08:45Z,76,1,0,17,1,0,1,1,1,1785535712
2026-07-31T22:08:45Z,77,13,0,13,1,0,1,1,1,1785535326
2026-07-31T22:08:45Z,78,1,1,22,0,0,1,1,1,1785535083
2026-07-31T22:08:45Z,79,1,0,15,1,0,1,1,1,1785535394
2026-07-31T22:08:45Z,80,18,3,2,3,0,1,1,1,1785535633
2026-07-31T22:08:45Z,81,4,0,27,0,0,1,1,1,1785535133
2026-07-31T22:08:45Z,82,8,8,14,1,0,1,1,1,1785535713
2026-07-31T22:08:45Z,83,12,4,20,2,0,1,1,1,1785535713
2026-07-31T22:08:45Z,84,3,3,24,0,0,1,1,1,1785535649
2026-07-31T22:08:45Z,85,8,0,7,0,0,1,1,1,1785535616
2026-07-31T22:08:45Z,86,10,3,17,0,0,1,1,1,1785535524
2026-07-31T22:08:45Z,87,0,0,19,0,0,1,1,1,1785533075
2026-07-31T22:08:45Z,88,11,1,31,1,0,1,1,1,1785535694
2026-07-31T22:08:45Z,89,24,2,11,0,0,1,1,1,1785535715
2026-07-31T22:08:45Z,90,5,0,12,1,0,1,1,1,1785535609
2026-07-31T22:08:45Z,91,2,0,15,0,0,1,1,1,1785535562
2026-07-31T22:08:45Z,92,2,2,14,3,0,1,1,1,1785535580
2026-07-31T22:08:45Z,93,2,1,21,0,0,1,1,1,1785535531
2026-07-31T22:08:45Z,94,11,0,7,1,0,1,1,1,1785534182
2026-07-31T22:08:45Z,95,0,0,33,1,1,1,1,1,1785535719
2026-07-31T22:08:45Z,96,18,3,12,1,0,1,1,1,1785535669
2026-07-31T22:08:45Z,97,2,0,13,2,0,1,1,1,1785535623
2026-07-31T22:08:45Z,98,29,7,6,0,0,1,1,1,1785535575
2026-07-31T22:08:45Z,99,15,2,0,0,0,1,1,1,1785535229
2026-07-31T22:08:45Z,100,10,2,17,0,0,1,1,1,1785535581
2026-07-31T22:08:45Z,101,13,1,1,1,0,1,1,1,1785535058
2026-07-31T22:08:45Z,102,14,0,8,1,0,1,1,1,1785535194
2026-07-31T22:08:45Z,103,25,0,3,2,0,1,1,1,1785535704
2026-07-31T22:08:45Z,104,12,0,13,2,0,1,1,1,1785535709
2026-07-31T22:08:45Z,105,16,0,3,0,0,1,1,1,1785533739
2026-07-31T22:08:45Z,106,15,1,4,2,0,1,1,1,1785535551
2026-07-31T22:08:45Z,107,18,0,17,2,0,1,1,1,1785535536
2026-07-31T22:08:45Z,108,17,1,17,1,0,1,1,1,1785535309
2026-07-31T22:08:45Z,109,18,0,5,0,0,1,1,1,1785535660
2026-07-31T22:08:45Z,110,16,0,7,0,0,1,1,1,1785535475
2026-07-31T22:08:45Z,111,7,0,29,0,0,1,1,1,1785535609
2026-07-31T22:08:45Z,112,10,0,4,1,0,1,1,1,1785535674
2026-07-31T22:08:45Z,113,2,0,16,1,0,1,1,1,1785535685
2026-07-31T22:08:45Z,114,11,8,18,1,1,1,1,1,1785535639
2026-07-31T22:08:45Z,115,12,8,11,5,0,1,1,1,1785535604
2026-07-31T22:08:45Z,116,9,9,18,0,0,1,1,1,1785533918
2026-07-31T22:08:45Z,118,20,2,0,3,0,1,1,1,1785535497
2026-07-31T22:08:45Z,119,0,0,36,2,0,1,1,1,1785535386
2026-07-31T22:08:45Z,120,1,0,24,2,0,1,1,1,1785535279
2026-07-31T22:08:45Z,121,2,0,14,2,1,1,1,1,1785535718
2026-07-31T22:08:45Z,122,13,1,7,1,0,1,1,1,1785535431
2026-07-31T22:08:45Z,123,2,2,44,1,0,1,1,1,1785534739
2026-07-31T22:08:45Z,124,11,0,23,1,0,1,1,1,1785535654
2026-07-31T22:08:45Z,125,1,1,22,0,0,1,1,1,1785535601
2026-07-31T22:08:45Z,126,17,1,13,1,0,1,1,1,1785535561
2026-07-31T22:08:45Z,127,13,2,21,1,0,1,1,1,1785535716
2026-07-31T22:08:45Z,128,7,0,11,1,0,1,1,1,1785535564
2026-07-31T22:08:45Z,129,7,2,9,3,0,1,1,1,1785535567
2026-07-31T22:08:45Z,130,7,0,10,0,0,1,1,1,1785535621
2026-07-31T22:08:45Z,131,8,5,2,1,0,1,1,1,1785535610
2026-07-31T22:08:45Z,132,6,5,8,0,1,1,1,1,1785535290
2026-07-31T22:08:45Z,134,14,0,5,4,0,1,1,1,1785535661
2026-07-31T22:08:45Z,135,6,4,10,3,0,1,1,1,1785535660
2026-07-31T22:08:45Z,136,4,2,11,2,6,1,1,1,1785535528
2026-07-31T22:08:45Z,137,1,1,17,1,0,1,1,1,1785535576
2026-07-31T22:08:45Z,138,11,0,26,0,0,1,1,1,1785535632
2026-07-31T22:08:45Z,139,11,3,8,0,0,1,1,1,1785535706
2026-07-31T22:08:45Z,140,9,3,13,1,0,1,1,1,1785535715
2026-07-31T22:08:45Z,141,11,3,24,1,0,1,1,1,1785535701
2026-07-31T22:08:45Z,142,1,0,22,0,0,1,1,1,1785535668
2026-07-31T22:08:45Z,143,27,0,4,0,0,1,1,1,1785535598
2026-07-31T22:08:45Z,144,24,2,2,1,0,1,1,1,1785535571
2026-07-31T22:08:45Z,146,5,0,17,1,0,1,1,1,1785535613
2026-07-31T22:08:45Z,147,2,0,14,3,0,1,1,1,1785535504
2026-07-31T22:08:45Z,148,0,0,24,3,0,1,1,1,1785535583
2026-07-31T22:08:45Z,149,0,0,27,0,0,1,1,1,1785535220
2026-07-31T22:08:45Z,150,0,0,33,2,0,1,1,1,1785535705
2026-07-31T22:08:45Z,151,1,0,22,0,0,1,1,1,1785535578
2026-07-31T22:08:45Z,152,6,0,17,3,0,1,1,1,1785535636
2026-07-31T22:08:45Z,153,5,0,21,2,0,1,1,1,1785535670
2026-07-31T22:08:45Z,154,12,0,7,4,0,1,1,1,1785535658
2026-07-31T22:08:45Z,155,6,2,7,1,0,1,1,1,1785535619
2026-07-31T22:08:45Z,156,3,0,16,0,0,1,1,1,1785535247
2026-07-31T22:08:45Z,157,6,0,19,2,0,1,1,1,1785535651
2026-07-31T22:08:45Z,158,11,0,4,1,0,1,1,1,1785535643
2026-07-31T22:08:45Z,159,4,1,15,0,0,1,1,1,1785535398
2026-07-31T22:08:45Z,160,7,1,12,0,0,1,1,1,1785535672
2026-07-31T22:08:45Z,161,20,3,1,1,0,1,1,1,1785535687
2026-07-31T22:08:45Z,162,14,10,12,1,0,1,1,1,1785535695
2026-07-31T22:08:45Z,163,3,0,26,1,1,1,1,1,1785535699
2026-07-31T22:08:45Z,164,18,0,9,0,0,1,1,1,1785535551
2026-07-31T22:08:45Z,165,29,4,1,1,0,1,1,1,1785535703
2026-07-31T22:08:45Z,166,5,2,30,4,0,1,1,1,1785535717
2026-07-31T22:08:45Z,167,3,1,19,1,0,1,1,1,1785535701
2026-07-31T22:08:45Z,168,16,2,9,2,0,1,1,1,1785535713
2026-07-31T22:08:45Z,169,10,5,10,2,1,1,1,1,1785535707
2026-07-31T22:08:45Z,170,3,0,15,1,0,1,1,1,1785535565
2026-07-31T22:08:45Z,171,4,1,7,2,0,1,1,1,1785535492
2026-07-31T22:08:45Z,173,33,1,6,0,0,1,1,1,1785535657
2026-07-31T22:08:45Z,174,6,0,20,0,0,1,1,1,1785535534
2026-07-31T22:08:45Z,175,29,2,1,1,0,1,1,1,1785535703
2026-07-31T22:08:45Z,176,13,4,0,1,1,1,1,1,1785535640
2026-07-31T22:08:45Z,177,7,1,20,0,0,1,1,1,1785535719
2026-07-31T22:08:45Z,178,6,2,6,2,1,1,1,1,1785535710
2026-07-31T22:08:45Z,179,6,0,6,3,0,1,1,1,1785535718
2026-07-31T22:08:45Z,180,2,0,28,0,0,1,1,1,1785534691
2026-07-31T22:08:45Z,181,3,2,12,0,0,1,1,1,1785535419
2026-07-31T22:08:45Z,182,6,6,11,0,0,1,1,1,1785535427
2026-07-31T22:08:45Z,183,7,0,14,2,0,1,1,1,1785535575
2026-07-31T22:08:45Z,184,18,4,2,3,0,1,1,1,1785535672
2026-07-31T22:08:45Z,185,6,5,6,2,1,1,1,1,1785535297
2026-07-31T22:08:45Z,186,2,1,17,0,0,1,1,1,1785535489
2026-07-31T22:08:45Z,187,2,0,25,1,0,1,1,1,1785534870
2026-07-31T22:08:45Z,188,12,2,7,8,0,1,1,1,1785535674
2026-07-31T22:08:45Z,189,8,4,7,0,0,1,1,1,1785535461
2026-07-31T22:08:45Z,190,2,1,20,1,0,1,1,1,1785535676
2026-07-31T22:08:45Z,191,3,3,36,0,0,1,1,1,1785535393
2026-07-31T22:08:45Z,192,5,0,24,2,0,1,1,1,1785535505
2026-07-31T22:08:45Z,193,14,8,0,1,0,1,1,1,1785535562
2026-07-31T22:08:45Z,194,20,6,7,0,0,1,1,1,1785535590
2026-07-31T22:08:45Z,195,0,0,19,0,0,1,1,1,1785535076
2026-07-31T22:08:45Z,196,6,5,19,2,0,1,1,1,1785535631
2026-07-31T22:08:45Z,197,2,2,16,0,1,1,1,1,1785535657
2026-07-31T22:08:45Z,198,9,9,12,2,0,1,1,1,1785535414
2026-07-31T22:08:45Z,199,12,5,2,1,0,1,1,1,1785535538
2026-07-31T22:08:45Z,200,11,7,15,0,0,1,1,1,1785535562
2026-07-31T22:08:45Z,201,3,3,20,0,0,1,1,1,1785535274
2026-07-31T22:08:45Z,202,1,0,26,0,0,1,1,1,1785535592
2026-07-31T22:08:45Z,203,4,1,26,1,0,1,1,1,1785535509
2026-07-31T22:08:45Z,204,17,1,14,4,0,1,1,1,1785535714
2026-07-31T22:08:45Z,205,11,0,16,0,0,1,1,1,1785535498
2026-07-31T22:08:45Z,206,7,4,6,2,0,1,1,1,1785535648
2026-07-31T22:08:45Z,207,19,0,2,0,0,1,1,1,1785535684
2026-07-31T22:08:45Z,208,5,0,24,0,0,1,1,1,1785535343
2026-07-31T22:08:45Z,209,23,4,7,1,0,1,1,1,1785535709
2026-07-31T22:08:45Z,210,14,9,13,0,0,1,1,1,1785535641
2026-07-31T22:08:45Z,211,1,1,21,1,0,1,1,1,1785535498
2026-07-31T22:08:45Z,212,26,4,8,1,0,1,1,1,1785535546
2026-07-31T22:08:45Z,213,14,5,8,1,0,1,1,1,1785535553
2026-07-31T22:08:45Z,214,27,3,17,3,0,1,1,1,1785535405
2026-07-31T22:08:45Z,215,10,4,12,1,0,1,1,1,1785535674
2026-07-31T22:08:45Z,216,8,5,10,1,0,1,1,1,1785535535
2026-07-31T22:08:45Z,217,27,3,1,1,0,1,1,1,1785535710
2026-07-31T22:08:45Z,218,11,9,25,3,0,1,1,1,1785535699
2026-07-31T22:08:45Z,219,20,0,5,1,0,1,1,1,1785535670
2026-07-31T22:08:45Z,220,24,13,17,1,1,1,1,1,1785535693
2026-07-31T22:08:45Z,221,5,0,9,1,0,1,1,1,1785535622
2026-07-31T22:08:45Z,222,3,0,15,1,0,1,1,1,1785535098
2026-07-31T22:08:45Z,223,4,0,28,3,0,1,1,1,1785535655
2026-07-31T22:08:45Z,224,1,1,20,1,0,1,1,1,1785535145
2026-07-31T22:08:45Z,225,2,1,13,4,0,1,1,1,1785534981
2026-07-31T22:08:45Z,226,22,4,7,2,0,1,1,1,1785535672
2026-07-31T22:08:45Z,227,2,1,24,1,0,1,1,1,1785535717
2026-07-31T22:08:45Z,228,1,0,17,1,0,1,1,1,1785535692
2026-07-31T22:08:45Z,230,5,0,21,0,0,1,1,1,1785535679
2026-07-31T22:08:45Z,232,5,0,11,1,0,1,1,1,1785535132
2026-07-31T22:08:45Z,233,12,7,18,1,0,1,1,1,1785535602
2026-07-31T22:08:45Z,234,7,6,6,4,2,1,1,1,1785535586
2026-07-31T22:08:45Z,236,12,2,7,0,0,1,1,1,1785535184
2026-07-31T22:08:45Z,237,2,0,20,1,0,1,1,1,1785535498
2026-07-31T22:08:45Z,239,13,11,13,1,0,1,1,1,1785535709
2026-07-31T22:08:45Z,241,5,4,17,1,0,1,1,1,1785535719
2026-07-31T22:08:45Z,242,2,1,20,1,0,1,1,1,1785535380
2026-07-31T22:08:45Z,243,13,12,15,3,0,1,1,1,1785535486
2026-07-31T22:08:45Z,244,2,2,24,1,0,1,1,1,1785535388
2026-07-31T22:08:45Z,245,5,4,18,0,0,1,1,1,1785535632
2026-07-31T22:08:45Z,246,3,1,19,1,0,1,1,1,1785535493
2026-07-31T22:08:45Z,247,8,4,13,2,0,1,1,1,1785535180
2026-07-31T22:08:45Z,248,6,6,15,2,0,1,1,1,1785535532
2026-07-31T22:08:45Z,249,16,14,2,1,0,1,1,1,1785535667
2026-07-31T22:08:45Z,250,2,1,22,3,0,1,1,1,1785535690
2026-07-31T22:08:45Z,251,16,9,7,4,0,1,1,1,1785535708
2026-07-31T22:08:45Z,253,7,4,12,0,0,1,1,1,1785535607
2026-07-31T22:08:45Z,254,13,1,29,1,0,1,1,1,1785535523
2026-07-31T22:08:45Z,255,11,3,11,0,1,1,1,1,1785535438
2026-07-31T22:08:45Z,256,0,0,21,2,0,1,1,1,1785535462
2026-07-31T22:08:45Z,257,2,0,17,0,0,1,1,1,1785535445
2026-07-31T22:08:45Z,258,16,9,1,2,0,1,1,1,1785535565
2026-07-31T22:08:45Z,259,13,0,8,1,1,1,1,1,1785535285
2026-07-31T22:08:45Z,260,9,5,9,1,0,1,1,1,1785535639
2026-07-31T22:08:45Z,261,0,0,17,1,1,1,1,1,1785535571
2026-07-31T22:08:45Z,262,3,1,19,1,0,1,1,1,1785535502
2026-07-31T22:08:45Z,263,4,4,11,0,0,1,1,1,1785535528
2026-07-31T22:08:45Z,264,0,0,19,0,0,1,1,1,1785533790
2026-07-31T22:08:45Z,265,9,1,6,0,0,1,1,1,1785535718
2026-07-31T22:08:45Z,266,10,8,8,1,0,1,1,1,1785535684
2026-07-31T22:08:45Z,267,9,4,5,1,0,1,1,1,1785531709
2026-07-31T22:08:45Z,268,18,7,4,1,0,1,1,1,1785535199
2026-07-31T22:08:45Z,269,8,6,15,0,0,1,1,1,1785535512
2026-07-31T22:08:45Z,270,9,2,17,1,0,1,1,1,1785535678
2026-07-31T22:08:45Z,271,2,0,15,2,0,1,1,1,1785535694
2026-07-31T22:08:45Z,272,5,1,18,0,0,1,1,1,1785535499
2026-07-31T22:08:45Z,273,6,2,9,0,0,1,1,1,1785535675
2026-07-31T22:08:45Z,274,2,2,16,1,0,1,1,1,1785535618
2026-07-31T22:08:45Z,275,3,0,16,4,0,1,1,1,1785535687
2026-07-31T22:08:45Z,276,3,1,23,1,0,1,1,1,1785534446
2026-07-31T22:08:45Z,277,1,1,18,4,0,1,1,1,1785535371
2026-07-31T22:08:45Z,278,9,8,20,2,0,1,1,1,1785535066
2026-07-31T22:08:45Z,279,3,1,16,0,0,1,1,1,1785535701
2026-07-31T22:08:45Z,280,4,2,24,3,0,1,1,1,1785535506
2026-07-31T22:08:45Z,281,3,0,16,0,0,1,1,1,1785534659
2026-07-31T22:08:45Z,282,8,2,10,0,0,1,1,1,1785534408
2026-07-31T22:08:45Z,283,14,3,21,0,0,1,1,1,1785535499
2026-07-31T22:08:45Z,284,32,6,1,2,0,1,1,1,1785535493
2026-07-31T22:08:45Z,285,5,3,18,0,0,1,1,1,1785534896
2026-07-31T22:08:45Z,286,10,3,12,1,0,1,1,1,1785535707
2026-07-31T22:08:45Z,287,8,1,12,3,0,1,1,1,1785535224
2026-07-31T22:08:45Z,288,4,0,14,1,0,1,1,1,1785535539
2026-07-31T22:08:45Z,289,11,8,12,4,0,1,1,1,1785535694
2026-07-31T22:08:45Z,290,22,1,15,2,0,1,1,1,1785535578
2026-07-31T22:08:45Z,291,9,1,13,1,0,1,1,1,1785535645
2026-07-31T22:08:45Z,292,11,3,12,0,0,1,1,1,1785535004
2026-07-31T22:08:45Z,293,3,1,19,1,0,1,1,1,1785535683
2026-07-31T22:08:45Z,294,4,4,14,4,0,1,1,1,1785535666
2026-07-31T22:08:45Z,297,11,0,7,0,1,1,1,1,1785535684
2026-07-31T22:08:45Z,301,13,0,5,1,0,1,1,1,1785535613
2026-07-31T22:08:45Z,302,22,0,0,1,0,1,1,1,1785535312
2026-07-31T22:08:45Z,303,4,0,15,0,0,1,1,1,1785535278
2026-07-31T22:08:45Z,304,0,0,0,0,0,0,1,1,86400
2026-07-31T22:08:45Z,305,0,0,18,1,0,1,1,1,1785535718
2026-07-31T22:08:45Z,306,8,0,23,1,0,1,1,1,1785535173
2026-07-31T22:08:45Z,307,8,1,15,0,0,1,1,1,1785535620
2026-07-31T22:08:45Z,308,14,3,4,1,0,1,1,1,1785535668
2026-07-31T22:08:45Z,309,2,1,11,1,0,1,1,1,1785535525
2026-07-31T22:08:45Z,311,4,0,10,1,0,1,1,1,1785535575
2026-07-31T22:08:45Z,312,5,5,15,3,0,1,1,1,1785535660
2026-07-31T22:08:45Z,313,2,0,13,0,0,1,1,1,1785535131
2026-07-31T22:08:45Z,314,9,2,7,3,0,1,1,1,1785535533
2026-07-31T22:08:45Z,315,11,5,18,2,0,1,1,1,1785534808
2026-07-31T22:08:45Z,316,2,1,20,8,1,1,1,1,1785535710
2026-07-31T22:08:45Z,317,23,8,7,0,1,1,1,1,1785535620
2026-07-31T22:08:45Z,318,19,4,0,0,0,1,1,1,1785533970
2026-07-31T22:08:45Z,319,16,4,5,2,0,1,1,1,1785535556
2026-07-31T22:08:45Z,320,3,0,15,1,0,1,1,1,1785535664
2026-07-31T22:08:45Z,321,2,0,13,4,0,1,1,1,1785535502
2026-07-31T22:08:45Z,322,20,0,9,0,0,1,1,1,1785534874
2026-07-31T22:08:45Z,323,4,1,14,1,0,1,1,1,1785535195
2026-07-31T22:08:45Z,324,12,2,14,1,0,1,1,1,1785535707
2026-07-31T22:08:45Z,325,2,2,23,2,0,1,1,1,1785535490
2026-07-31T22:08:45Z,327,21,2,4,2,0,1,1,1,1785535681
2026-07-31T22:08:45Z,328,19,0,2,1,0,1,1,1,1785535705
2026-07-31T22:08:45Z,329,4,2,12,3,0,1,1,1,1785535566
2026-07-31T22:08:45Z,330,20,1,2,0,0,1,1,1,1785535446
2026-07-31T22:08:45Z,331,13,0,8,2,0,1,1,1,1785535639
2026-07-31T22:08:45Z,332,5,3,13,1,0,1,1,1,1785535146
2026-07-31T22:08:45Z,333,6,4,16,1,0,1,1,1,1785535594
2026-07-31T22:08:45Z,334,5,0,17,1,0,1,1,1,1785535605
2026-07-31T22:08:45Z,335,5,2,17,0,1,1,1,1,1785535406
2026-07-31T22:08:45Z,336,2,1,17,0,0,1,1,1,1785535656
2026-07-31T22:08:45Z,337,5,5,14,4,0,1,1,1,1785535431
2026-07-31T22:08:45Z,338,1,0,18,0,0,1,1,1,1785535258
2026-07-31T22:08:45Z,339,9,7,11,3,0,1,1,1,1785535572
2026-07-31T22:08:45Z,340,4,2,10,1,0,1,1,1,1785535499
2026-07-31T22:08:45Z,341,8,1,11,0,0,1,1,1,1785535589
2026-07-31T22:08:45Z,342,2,0,12,1,0,1,1,1,1785535340
2026-07-31T22:08:45Z,343,9,4,13,1,0,1,1,1,1785535684
2026-07-31T22:08:45Z,344,6,2,17,0,0,1,1,1,1785535705
2026-07-31T22:08:45Z,345,18,1,1,0,0,1,1,1,1785535718
2026-07-31T22:08:45Z,346,3,3,20,0,0,1,1,1,1785532493
2026-07-31T22:08:45Z,347,26,2,15,3,0,1,1,1,1785535718
2026-07-31T22:08:45Z,348,7,0,15,0,1,1,1,1,1785535700
2026-07-31T22:08:45Z,349,14,3,5,0,0,1,1,1,1785534282
2026-07-31T22:08:45Z,350,2,2,23,1,1,1,1,1,1785535580
2026-07-31T22:08:45Z,351,4,2,17,2,0,1,1,1,1785535672
2026-07-31T22:08:45Z,355,10,2,13,0,0,1,1,1,1785535459
2026-07-31T22:08:45Z,356,7,4,12,0,0,1,1,1,1785535532
2026-07-31T22:08:45Z,357,7,4,11,1,0,1,1,1,1785535461
2026-07-31T22:08:45Z,358,18,1,8,1,0,1,1,1,1785535438
2026-07-31T22:08:45Z,359,12,1,15,0,0,1,1,1,1785534793
2026-07-31T22:08:45Z,360,5,4,14,0,0,1,1,1,1785535306
2026-07-31T22:08:45Z,362,2,0,15,2,0,1,1,1,1785535070
2026-07-31T22:08:45Z,363,15,3,12,0,0,1,1,1,1785535356
2026-07-31T22:08:45Z,364,0,0,19,0,0,1,1,1,1785535706
2026-07-31T22:08:45Z,365,1,1,18,4,0,1,1,1,1785535667
2026-07-31T22:08:45Z,366,4,4,19,0,0,1,1,1,1785535300
2026-07-31T22:08:45Z,367,4,2,13,2,0,1,1,1,1785535003
2026-07-31T22:08:45Z,368,2,1,20,1,0,1,1,1,1785534044
2026-07-31T22:08:45Z,370,9,3,18,0,0,1,1,1,1785534955
2026-07-31T22:08:45Z,371,4,3,14,1,0,1,1,1,1785535378
2026-07-31T22:08:45Z,372,10,0,4,1,0,1,1,1,1785534830
2026-07-31T22:08:45Z,373,0,0,26,1,0,1,1,1,1785534676
2026-07-31T22:08:45Z,374,0,0,18,1,0,1,1,1,1785534562
2026-07-31T22:08:45Z,375,2,1,24,1,0,1,1,1,1785535541
2026-07-31T22:08:45Z,376,1,1,36,2,0,1,1,1,1785535638
2026-07-31T22:08:45Z,377,9,1,16,2,0,1,1,1,1785535673
2026-07-31T22:08:45Z,378,2,1,19,2,1,1,1,1,1785535625
2026-07-31T22:08:45Z,379,21,2,2,4,0,1,1,1,1785535701
2026-07-31T22:08:45Z,380,6,0,17,0,0,1,1,1,1785535715
2026-07-31T22:08:45Z,381,19,0,4,0,0,1,1,1,1785535650
2026-07-31T22:08:45Z,383,12,2,1,2,0,1,1,1,1785535703
2026-07-31T22:08:45Z,384,2,1,22,3,0,1,1,1,1785535145
2026-07-31T22:08:45Z,385,2,1,15,1,0,1,1,1,1785535422
2026-07-31T22:08:45Z,387,2,1,21,0,0,1,1,1,1785534151
2026-07-31T22:08:45Z,388,38,3,8,3,0,1,1,1,1785535573
2026-07-31T22:08:45Z,389,3,2,11,1,0,1,1,1,1785532058
2026-07-31T22:08:45Z,390,15,0,19,1,0,1,1,1,1785535569
2026-07-31T22:08:45Z,391,5,3,10,0,0,1,1,1,1785535483
2026-07-31T22:08:45Z,392,5,5,12,2,0,1,1,1,1785535604
2026-07-31T22:08:45Z,393,1,1,6,4,0,1,1,1,1785534996
2026-07-31T22:08:45Z,394,7,1,4,2,0,1,1,1,1785534901
2026-07-31T22:08:45Z,396,2,1,40,0,0,1,1,1,1785535606
2026-07-31T22:08:45Z,397,14,7,17,0,0,1,1,1,1785535685
2026-07-31T22:08:45Z,399,0,0,15,2,0,1,1,1,1785535340
2026-07-31T22:08:45Z,400,14,9,7,2,0,1,1,1,1785534739
2026-07-31T22:08:45Z,401,4,0,27,8,0,1,1,1,1785535294
2026-07-31T22:08:45Z,403,24,6,3,4,0,1,1,1,1785535448
2026-07-31T22:08:45Z,404,3,3,19,1,0,1,1,1,1785535632
2026-07-31T22:08:45Z,406,24,6,9,2,0,1,1,1,1785535698
2026-07-31T22:08:45Z,407,15,1,18,1,0,1,1,1,1785535061
2026-07-31T22:08:45Z,408,4,3,25,4,0,1,1,1,1785535592
2026-07-31T22:08:45Z,409,16,3,3,4,0,1,1,1,1785535638
2026-07-31T22:08:45Z,413,11,3,10,2,0,1,1,1,1785534956
2026-07-31T22:08:45Z,414,8,0,7,0,0,1,1,1,1785535683
2026-07-31T22:08:45Z,417,5,1,13,1,0,1,1,1,1785535617
2026-07-31T22:08:45Z,418,5,4,10,0,0,1,1,1,1785535459
2026-07-31T22:08:45Z,419,13,1,10,0,0,1,1,1,1785533166
2026-07-31T22:08:45Z,421,10,0,9,0,0,1,1,1,1785534268
2026-07-31T22:08:45Z,422,14,1,13,0,0,1,1,1,1785535626
2026-07-31T22:08:45Z,423,0,0,22,1,0,1,1,1,1785535433
2026-07-31T22:08:45Z,424,8,4,4,2,1,1,1,1,1785535656
2026-07-31T22:08:45Z,425,0,0,21,0,1,1,1,1,1785535667
2026-07-31T22:08:45Z,426,3,0,32,2,0,1,1,1,1785535580
2026-07-31T22:08:45Z,427,11,1,1,4,0,1,1,1,1785535699
2026-07-31T22:08:45Z,428,15,0,4,0,0,1,1,1,1785535701
2026-07-31T22:08:45Z,429,15,6,6,2,0,1,1,1,1785535679
2026-07-31T22:08:45Z,430,5,1,23,3,0,1,1,1,1785535512
2026-07-31T22:08:45Z,431,2,0,30,1,0,1,1,1,1785535110
2026-07-31T22:08:45Z,432,0,0,30,1,0,0,1,1,1785508564
2026-07-31T22:08:45Z,433,4,2,16,3,0,1,1,1,1785533359
2026-07-31T22:08:45Z,437,2,1,13,4,0,1,1,1,1785535693
2026-07-31T22:08:45Z,438,6,2,12,1,0,1,1,1,1785535547
2026-07-31T22:08:45Z,439,11,4,4,0,0,1,1,1,1785535600
2026-07-31T22:08:45Z,440,12,3,2,1,0,1,1,1,1785535441
2026-07-31T22:08:45Z,441,2,0,11,2,0,1,1,1,1785535589
2026-07-31T22:08:45Z,442,10,3,7,2,0,1,1,1,1785534735
2026-07-31T22:08:45Z,443,5,2,22,0,0,1,1,1,1785512432
2026-07-31T22:08:45Z,444,1,1,22,0,0,1,1,1,1785535180
2026-07-31T22:08:45Z,445,6,2,16,1,0,1,1,1,1785535464
2026-07-31T22:08:45Z,446,2,0,21,0,0,1,1,1,1785533737
2026-07-31T22:08:45Z,447,3,0,18,1,1,1,1,1,1785534024
2026-07-31T22:08:45Z,448,7,0,7,1,0,1,1,1,1785530120
2026-07-31T22:08:45Z,452,7,3,11,1,0,1,1,1,1785535565
2026-07-31T22:08:45Z,453,3,1,9,3,0,1,1,1,1785535515
2026-07-31T22:08:45Z,454,17,0,2,0,0,1,1,1,1785535648
2026-07-31T22:08:45Z,455,28,1,10,1,0,1,1,1,1785535564
2026-07-31T22:08:45Z,456,17,1,2,1,0,1,1,1,1785535701
2026-07-31T22:08:45Z,457,5,5,21,1,0,1,1,1,1785535636
2026-07-31T22:08:45Z,458,4,2,17,2,0,1,1,1,1785535271
2026-07-31T22:08:45Z,459,13,1,2,0,0,1,1,1,1785535715
2026-07-31T22:08:45Z,460,19,1,4,0,0,1,1,1,1785535594
2026-07-31T22:08:45Z,461,11,0,8,0,0,1,1,1,1785535604
2026-07-31T22:08:45Z,462,20,1,1,0,0,1,1,1,1785535499
2026-07-31T22:08:45Z,463,8,0,11,0,0,1,1,1,1785534777
2026-07-31T22:08:45Z,464,2,0,12,0,0,1,1,1,1785535632
2026-07-31T22:08:45Z,465,3,3,12,0,0,1,1,1,1785535718
2026-07-31T22:08:45Z,466,6,2,3,6,0,1,1,1,1785534500
2026-07-31T22:08:45Z,467,2,1,17,0,0,1,1,1,1785535505
2026-07-31T22:08:45Z,468,1,0,17,1,0,1,1,1,1785534756
2026-07-31T22:08:45Z,469,6,1,17,0,0,1,1,1,1785535020
2026-07-31T22:08:45Z,470,0,0,13,2,0,1,1,1,1785535502
2026-07-31T22:08:45Z,471,24,3,3,0,0,1,1,1,1785535393
2026-07-31T22:08:45Z,472,7,3,11,1,0,1,1,1,1785535651
2026-07-31T22:08:45Z,473,8,0,11,0,0,1,1,1,1785535578
2026-07-31T22:08:45Z,474,7,1,11,1,0,1,1,1,1785535713
2026-07-31T22:08:45Z,475,4,2,14,1,0,1,1,1,1785535645
2026-07-31T22:08:45Z,477,7,1,8,0,0,1,1,1,1785535691
2026-07-31T22:08:45Z,478,24,0,7,0,0,1,1,1,1785535718
2026-07-31T22:08:45Z,479,7,0,18,2,0,1,1,1,1785534970
2026-07-31T22:08:45Z,480,7,2,7,1,0,1,1,1,1785535108
2026-07-31T22:08:45Z,481,10,0,24,1,0,1,1,1,1785535618
2026-07-31T22:08:45Z,482,3,2,16,0,0,1,1,1,1785535664
2026-07-31T22:08:45Z,483,1,0,24,2,0,1,1,1,1785535574
2026-07-31T22:08:45Z,484,2,0,16,1,0,1,1,1,1785535478
2026-07-31T22:08:45Z,485,11,4,7,0,1,1,1,1,1785535572
2026-07-31T22:08:45Z,486,2,0,22,3,0,1,1,1,1785535504
2026-07-31T22:08:45Z,487,8,5,8,3,0,1,1,1,1785535665
2026-07-31T22:08:45Z,489,6,1,9,0,0,1,1,1,1785535343
2026-07-31T22:08:45Z,490,14,0,0,2,0,1,1,1,1785535546
2026-07-31T22:08:45Z,491,6,2,14,1,0,1,1,1,1785535509
2026-07-31T22:08:45Z,492,2,2,6,3,0,1,1,1,1785535719
2026-07-31T22:08:45Z,493,20,1,7,0,0,1,1,1,1785535312
2026-07-31T22:08:45Z,495,9,0,5,1,0,1,1,1,1785535646
2026-07-31T22:08:45Z,496,7,1,20,0,0,1,1,1,1785535277
2026-07-31T22:08:45Z,497,2,2,16,0,0,1,1,1,1785535454
2026-07-31T22:08:45Z,498,1,1,22,0,0,1,1,1,1785535449
2026-07-31T22:08:45Z,499,2,0,16,1,0,1,1,1,1785535715
2026-07-31T22:08:45Z,500,0,0,11,4,0,1,1,1,1785535496
2026-07-31T22:08:45Z,501,11,1,10,0,0,1,1,1,1785534778
2026-07-31T22:08:45Z,502,1,0,16,2,0,1,1,1,1785533820
2026-07-31T22:08:45Z,503,6,1,24,1,0,1,1,1,1785535653
2026-07-31T22:08:45Z,504,1,0,35,3,0,1,1,1,1785535548
2026-07-31T22:08:45Z,505,5,0,6,1,0,1,1,1,1785535659
2026-07-31T22:08:45Z,511,3,2,20,0,0,1,1,1,1785533768
2026-07-31T22:08:45Z,512,10,0,17,0,0,1,1,1,1785535495
2026-07-31T22:08:45Z,514,2,2,8,1,0,1,1,1,1785535662
2026-07-31T22:08:45Z,515,4,2,15,0,0,1,1,1,1785534372
2026-07-31T22:08:45Z,516,5,0,22,0,0,1,1,1,1785535692
2026-07-31T22:08:45Z,517,14,3,9,0,0,1,1,1,1785535623
2026-07-31T22:08:45Z,518,5,0,9,1,0,1,1,1,1785533962
2026-07-31T22:08:45Z,519,6,4,12,1,0,1,1,1,1785535628
2026-07-31T22:08:45Z,520,17,6,2,7,1,1,1,1,1785535716
2026-07-31T22:08:45Z,521,5,3,18,0,0,1,1,1,1785535358
2026-07-31T22:08:45Z,522,17,3,4,2,0,1,1,1,1785535627
2026-07-31T22:08:45Z,523,9,4,13,1,0,1,1,1,1785534030
2026-07-31T22:08:45Z,524,10,1,13,0,0,1,1,1,1785535716
2026-07-31T22:08:45Z,525,9,0,10,0,0,1,1,1,1785535480
2026-07-31T22:08:45Z,526,6,3,9,0,0,1,1,1,1785535473
2026-07-31T22:08:45Z,527,16,12,9,1,0,1,1,1,1785535614
2026-07-31T22:08:45Z,528,17,2,4,2,0,1,1,1,1785535153
2026-07-31T22:08:45Z,529,6,4,7,6,0,1,1,1,1785535717
2026-07-31T22:08:45Z,530,9,0,9,3,0,1,1,1,1785535609
2026-07-31T22:08:45Z,531,13,2,9,0,1,1,1,1,1785535583
2026-07-31T22:08:45Z,532,7,7,23,1,0,1,1,1,1785535673
2026-07-31T22:08:45Z,533,12,0,6,1,0,1,1,1,1785535265
2026-07-31T22:08:45Z,534,5,2,18,0,0,1,1,1,1785535470
2026-07-31T22:08:45Z,535,1,1,14,0,0,1,1,1,1785535253
2026-07-31T22:08:45Z,536,9,0,14,0,0,1,1,1,1785535625
2026-07-31T22:08:45Z,537,3,0,17,0,0,1,1,1,1785535302
2026-07-31T22:08:45Z,538,11,1,10,0,2,1,1,1,1785535663
2026-07-31T22:08:45Z,539,1,1,30,0,0,1,1,1,1785535378
2026-07-31T22:08:45Z,540,2,2,17,0,0,1,1,1,1785535359
2026-07-31T22:08:45Z,541,6,1,21,0,0,1,1,1,1785535329
2026-07-31T22:08:45Z,542,0,0,23,0,0,1,1,1,1785535533
2026-07-31T22:08:45Z,543,1,0,18,0,0,1,1,1,1785535228
2026-07-31T22:08:45Z,544,13,4,6,3,0,1,1,1,1785535707
2026-07-31T22:08:45Z,545,12,1,1,6,0,1,1,1,1785535423
2026-07-31T22:08:45Z,546,2,2,17,0,0,1,1,1,1785535680
2026-07-31T22:08:45Z,547,12,1,13,0,0,1,1,1,1785535687
2026-07-31T22:08:45Z,548,6,2,16,1,0,1,1,1,1785535594
2026-07-31T22:08:45Z,549,18,1,4,1,0,1,1,1,1785535685
2026-07-31T22:08:45Z,550,2,2,17,0,0,1,1,1,1785535592
2026-07-31T22:08:45Z,551,2,2,20,1,0,1,1,1,1785535680
2026-07-31T22:08:45Z,552,1,1,26,0,0,1,1,1,1785535309
2026-07-31T22:08:45Z,553,1,0,19,3,0,1,1,1,1785535618
2026-07-31T22:08:45Z,554,0,0,18,1,0,1,1,1,1785534501
2026-07-31T22:08:45Z,555,8,1,6,1,0,1,1,1,1785534856
2026-07-31T22:08:45Z,556,11,1,10,2,0,1,1,1,1785535687
2026-07-31T22:08:45Z,557,0,0,21,2,0,1,1,1,1785535587
2026-07-31T22:08:45Z,558,33,12,2,2,0,1,1,1,1785535665
2026-07-31T22:08:45Z,559,7,0,11,1,0,1,1,1,1785535667
2026-07-31T22:08:45Z,560,26,0,1,0,0,1,1,1,1785535416
2026-07-31T22:08:45Z,561,5,1,15,3,0,1,1,1,1785535706
2026-07-31T22:08:45Z,562,7,0,21,7,0,1,1,1,1785535095
2026-07-31T22:08:45Z,563,5,0,8,1,0,1,1,1,1785535384
2026-07-31T22:08:45Z,564,4,1,14,1,0,1,1,1,1785535624
2026-07-31T22:08:45Z,565,2,0,17,0,0,1,1,1,1785535362
2026-07-31T22:08:45Z,566,14,0,4,1,0,1,1,1,1785535608
2026-07-31T22:08:45Z,567,15,1,10,2,0,1,1,1,1785535700
2026-07-31T22:08:45Z,568,8,0,10,1,0,1,1,1,1785535395
2026-07-31T22:08:45Z,569,12,0,5,2,0,1,1,1,1785534473
2026-07-31T22:08:45Z,570,7,1,10,2,0,1,1,1,1785535538
2026-07-31T22:08:45Z,571,5,0,18,0,0,1,1,1,1785535551
2026-07-31T22:08:45Z,572,2,0,17,0,0,1,1,1,1785535345
2026-07-31T22:08:45Z,573,12,3,3,0,0,1,1,1,1785535667
2026-07-31T22:08:45Z,574,2,2,13,0,0,1,1,1,1785535223
2026-07-31T22:08:45Z,575,3,0,17,1,0,1,1,1,1785535397
2026-07-31T22:08:45Z,576,2,1,17,0,0,1,1,1,1785535660
2026-07-31T22:08:45Z,577,27,0,4,0,0,1,1,1,1785535700
2026-07-31T22:08:45Z,578,3,0,19,1,0,1,1,1,1785535567
2026-07-31T22:08:45Z,579,10,1,33,0,0,1,1,1,1785535648
2026-07-31T22:08:45Z,580,5,0,24,0,0,1,1,1,1785535557
2026-07-31T22:08:45Z,581,14,1,5,0,0,1,1,1,1785535592
2026-07-31T22:08:45Z,582,23,0,36,2,0,1,1,1,1785535703
2026-07-31T22:08:45Z,583,3,0,19,1,0,1,1,1,1785535239
2026-07-31T22:08:45Z,584,2,1,13,4,0,1,1,1,1785534189
2026-07-31T22:08:45Z,585,4,1,22,0,1,1,1,1,1785535431
2026-07-31T22:08:45Z,586,19,3,15,1,0,1,1,1,1785535714
2026-07-31T22:08:45Z,587,5,0,18,1,0,1,1,1,1785535467
2026-07-31T22:08:45Z,588,7,3,9,2,1,1,1,1,1785535506
2026-07-31T22:08:45Z,589,7,1,15,0,0,1,1,1,1785535446
2026-07-31T22:08:45Z,590,7,1,23,1,0,1,1,1,1785535692
2026-07-31T22:08:45Z,591,2,1,26,2,0,1,1,1,1785535135
2026-07-31T22:08:45Z,592,11,0,12,0,0,1,1,1,1785534791
2026-07-31T22:08:45Z,593,18,3,20,0,0,1,1,1,1785535511
2026-07-31T22:08:45Z,594,15,0,5,1,0,1,1,1,1785535613
2026-07-31T22:08:45Z,595,0,0,3,0,0,0,1,1,1784046673
2026-07-31T22:08:45Z,605,0,0,2,1,0,0,1,1,1783975843
2026-07-31T22:08:45Z,606,0,0,0,0,0,0,1,1,86400
2026-07-31T22:08:45Z,607,4,3,25,3,0,1,1,1,1785535703
2026-07-31T22:08:45Z,608,35,1,15,0,0,1,1,1,1785535649
2026-07-31T22:08:45Z,609,3,1,20,0,0,1,1,1,1785535445
2026-07-31T22:08:45Z,610,11,0,24,0,0,1,1,1,1785535670
2026-07-31T22:08:45Z,611,6,0,20,1,0,1,1,1,1785535692
2026-07-31T22:08:45Z,612,8,1,7,0,0,1,1,1,1785533466
2026-07-31T22:08:45Z,613,12,4,0,3,0,1,1,1,1785530289
2026-07-31T22:08:45Z,614,3,3,21,2,1,1,1,1,1785534656
2026-07-31T22:08:45Z,617,11,1,1,3,0,1,1,1,1785535022
2026-07-31T22:08:45Z,618,9,1,4,6,0,1,1,1,1785535499
2026-07-31T22:08:45Z,619,8,5,11,0,0,1,1,1,1785535630
2026-07-31T22:08:45Z,620,15,2,11,1,0,1,1,1,1785535665
2026-07-31T22:08:45Z,621,2,2,21,0,0,1,1,1,1785535499
2026-07-31T22:08:45Z,622,11,1,11,1,0,1,1,1,1785535244
2026-07-31T22:08:45Z,623,20,7,10,0,0,1,1,1,1785535596
2026-07-31T22:08:45Z,624,0,0,15,0,0,1,1,1,1785534424
2026-07-31T22:08:45Z,625,16,2,0,5,0,1,1,1,1785535631
2026-07-31T22:08:45Z,626,40,0,5,0,2,1,1,1,1785535651
2026-07-31T22:08:45Z,627,16,4,3,0,0,1,1,1,1785535640
2026-07-31T22:08:45Z,628,2,2,14,2,1,1,1,1,1785533935
2026-07-31T22:08:45Z,629,2,1,7,2,0,1,1,1,1785535705
2026-07-31T22:08:45Z,630,1,0,22,4,0,1,1,1,1785535496
2026-07-31T22:08:45Z,631,5,5,18,0,0,1,1,1,1785534941
2026-07-31T22:08:45Z,632,18,1,3,2,0,1,1,1,1785535586
2026-07-31T22:08:45Z,633,11,3,1,3,0,1,1,1,1785530006
2026-07-31T22:08:45Z,634,11,1,8,0,0,1,1,1,1785534984
2026-07-31T22:08:45Z,635,16,1,3,0,0,1,1,1,1785534612
2026-07-31T22:08:45Z,636,7,2,8,0,0,1,1,1,1785526430
2026-07-31T22:08:45Z,637,6,2,11,2,0,1,1,1,1785535251
2026-07-31T22:08:45Z,638,6,2,11,2,0,1,1,1,1785535130
2026-07-31T22:08:45Z,639,11,2,6,2,0,1,1,1,1785534059
2026-07-31T22:08:45Z,640,17,6,4,2,0,1,1,1,1785535668
2026-07-31T22:08:45Z,641,7,0,20,0,0,1,1,1,1785535719
2026-07-31T22:08:45Z,642,4,3,7,8,0,1,1,1,1785535715
2026-07-31T22:08:45Z,643,3,0,16,8,0,1,1,1,1785535717
2026-07-31T22:08:45Z,644,13,1,1,1,0,1,1,1,1785533615
2026-07-31T22:08:45Z,645,15,1,6,1,1,1,1,1,1785535419
2026-07-31T22:08:45Z,646,4,1,15,0,0,1,1,1,1785533859
2026-07-31T22:08:45Z,647,2,0,29,0,0,1,1,1,1785534858
2026-07-31T22:08:45Z,648,2,0,16,1,0,1,1,1,1785535473
2026-07-31T22:08:45Z,649,21,0,9,1,0,1,1,1,1785535692
2026-07-31T22:08:45Z,650,5,1,9,0,0,1,1,1,1785535619
2026-07-31T22:08:45Z,651,9,7,14,0,0,1,1,1,1785534849
2026-07-31T22:08:45Z,652,5,3,16,2,0,1,1,1,1785535716
2026-07-31T22:08:45Z,653,2,1,16,1,0,1,1,1,1785535408
2026-07-31T22:08:45Z,654,1,0,14,0,0,1,1,1,1785535432
2026-07-31T22:08:45Z,655,8,4,0,4,1,1,1,1,1785535429
2026-07-31T22:08:45Z,656,2,1,17,0,0,1,1,1,1785534891
2026-07-31T22:08:45Z,657,11,4,2,2,2,1,1,1,1785535498
2026-07-31T22:08:45Z,658,9,1,1,0,0,1,1,1,1785533651
2026-07-31T22:08:45Z,659,6,5,7,2,0,1,1,1,1785535696
2026-07-31T22:08:45Z,660,15,3,11,5,0,1,1,1,1785535628
2026-07-31T22:08:45Z,661,7,2,12,0,0,1,1,1,1785535442
2026-07-31T22:08:45Z,662,5,2,14,4,0,1,1,1,1785533873
2026-07-31T22:08:45Z,663,8,1,7,0,0,1,1,1,1785535665
2026-07-31T22:08:45Z,664,13,0,14,0,0,1,1,1,1785535323
2026-07-31T22:08:45Z,665,8,4,7,0,0,1,1,1,1785535459
2026-07-31T22:08:45Z,666,6,2,6,3,0,1,1,1,1785533165
2026-07-31T22:08:45Z,667,10,3,7,2,0,1,1,1,1785535718
2026-07-31T22:08:45Z,668,8,1,11,0,0,1,1,1,1785535352
2026-07-31T22:08:45Z,669,5,3,7,2,0,1,1,1,1785534788
2026-07-31T22:08:45Z,670,19,0,7,1,0,1,1,1,1785535382
2026-07-31T22:08:45Z,671,19,2,8,0,0,1,1,1,1785535519
2026-07-31T22:08:45Z,672,6,0,13,3,1,1,1,1,1785535289
2026-07-31T22:08:45Z,673,13,0,10,0,0,1,1,1,1785535485
2026-07-31T22:08:45Z,674,1,0,20,2,0,1,1,1,1785535586
2026-07-31T22:08:45Z,675,3,1,10,2,0,1,1,1,1785535568
2026-07-31T22:08:45Z,676,11,0,10,1,0,1,1,1,1785535703
2026-07-31T22:08:45Z,681,10,4,4,0,1,1,1,1,1785535415
2026-07-31T22:08:45Z,682,6,1,13,0,0,1,1,1,1785534288
2026-07-31T22:08:45Z,683,1,1,18,0,0,1,1,1,1785527602
2026-07-31T22:08:45Z,684,4,1,23,0,0,1,1,1,1785535557
2026-07-31T22:08:45Z,685,6,0,19,1,1,1,1,1,1785535602
2026-07-31T22:08:45Z,686,10,0,14,3,0,1,1,1,1785535551
2026-07-31T22:08:45Z,687,12,1,17,1,1,1,1,1,1785535577
2026-07-31T22:08:45Z,688,12,1,7,0,0,1,1,1,1785534682
2026-07-31T22:08:45Z,692,0,0,21,0,0,1,1,1,1785534890
2026-07-31T22:08:45Z,693,6,0,2,3,0,1,1,1,1785534253
2026-07-31T22:08:45Z,694,8,3,13,0,0,1,1,1,1785534943
2026-07-31T22:08:45Z,695,1,1,21,1,0,1,1,1,1785535190
2026-07-31T22:08:45Z,696,16,13,7,0,0,1,1,1,1785534592
2026-07-31T22:08:45Z,697,21,4,2,0,0,1,1,1,1785535632
2026-07-31T22:08:45Z,698,27,3,0,0,0,1,1,1,1785535237
2026-07-31T22:08:45Z,699,5,0,9,1,0,1,1,1,1785534641
2026-07-31T22:08:45Z,700,16,1,2,1,0,1,1,1,1785535672
2026-07-31T22:08:45Z,701,15,3,4,0,0,1,1,1,1785534265
2026-07-31T22:08:45Z,702,3,2,19,1,0,1,1,1,1785535477
2026-07-31T22:08:45Z,704,4,0,10,1,0,1,1,1,1785535418
2026-07-31T22:08:45Z,705,1,0,14,0,0,1,1,1,1785534884
2026-07-31T22:08:45Z,706,4,1,9,2,0,1,1,1,1785534195
2026-07-31T22:08:45Z,707,7,1,8,0,0,1,1,1,1785534761
2026-07-31T22:08:45Z,708,16,1,2,1,0,1,1,1,1785535554
2026-07-31T22:08:45Z,709,3,0,9,3,0,1,1,1,1785535388
2026-07-31T22:08:45Z,710,2,0,16,1,0,1,1,1,1785535109
2026-07-31T22:08:45Z,711,8,2,12,3,0,1,1,1,1785535606
2026-07-31T22:08:45Z,712,6,6,8,1,0,1,1,1,1785535158
2026-07-31T22:08:45Z,713,3,2,19,1,0,1,1,1,1785535370
2026-07-31T22:08:45Z,716,4,3,11,0,0,1,1,1,1785534550
2026-07-31T22:08:45Z,717,0,0,23,2,0,1,1,1,1785535388
2026-07-31T22:08:45Z,718,5,1,8,2,0,1,1,1,1785535515
2026-07-31T22:08:45Z,719,4,0,25,0,0,1,1,1,1785535688
2026-07-31T22:08:45Z,720,0,0,19,0,0,1,1,1,1785534816
2026-07-31T22:08:45Z,721,6,0,15,2,0,1,1,1,1785535719
2026-07-31T22:08:45Z,722,7,1,8,0,0,1,1,1,1785534592
2026-07-31T22:08:45Z,723,14,2,9,0,0,1,1,1,1785534808
2026-07-31T22:08:45Z,724,8,3,14,1,0,1,1,1,1785535479
2026-07-31T22:08:45Z,725,1,0,21,1,0,1,1,1,1785535700
2026-07-31T22:08:45Z,726,7,0,11,1,0,1,1,1,1785535571
2026-07-31T22:08:45Z,727,10,5,12,1,0,1,1,1,1785535669
2026-07-31T22:08:45Z,728,9,0,5,1,0,1,1,1,1785535120
2026-07-31T22:08:45Z,729,5,0,14,0,0,1,1,1,1785534818
2026-07-31T22:08:45Z,730,0,0,12,3,0,1,1,1,1785535718
2026-07-31T22:08:45Z,731,4,3,9,2,0,1,1,1,1785534863
2026-07-31T22:08:45Z,732,4,2,11,0,0,1,1,1,1785535614
2026-07-31T22:08:45Z,733,11,3,16,0,0,1,1,1,1785535546
2026-07-31T22:08:45Z,734,3,0,11,0,0,1,1,1,1785534161
2026-07-31T22:08:45Z,735,25,10,2,0,0,1,1,1,1785535482
2026-07-31T22:08:45Z,736,12,1,7,0,0,1,1,1,1785535295
2026-07-31T22:08:45Z,737,2,1,12,0,1,1,1,1,1785535348
2026-07-31T22:08:45Z,738,14,4,5,0,0,1,1,1,1785535626
2026-07-31T22:08:45Z,739,17,0,9,1,0,1,1,1,1785535056
2026-07-31T22:08:45Z,741,6,0,17,0,0,1,1,1,1785535431
2026-07-31T22:08:45Z,742,12,8,22,1,0,1,1,1,1785535537
2026-07-31T22:08:45Z,743,5,2,14,0,0,1,1,1,1785535070
2026-07-31T22:08:45Z,744,9,2,6,0,0,1,1,1,1785535034
2026-07-31T22:08:45Z,745,12,4,7,0,0,1,1,1,1785535588
2026-07-31T22:08:45Z,746,3,0,19,1,0,1,1,1,1785535586
2026-07-31T22:08:45Z,747,0,0,4,0,0,0,1,1,1783446606
2026-07-31T22:08:45Z,748,8,0,15,0,0,1,1,1,1785534632
2026-07-31T22:08:45Z,749,4,0,19,0,0,1,1,1,1785534862
2026-07-31T22:08:45Z,750,8,4,2,1,0,1,1,1,1785535658
2026-07-31T22:08:45Z,751,22,15,1,0,0,1,1,1,1785535717
2026-07-31T22:08:45Z,752,0,0,16,1,0,1,1,1,1785535541
2026-07-31T22:08:45Z,753,1,0,13,1,0,1,1,1,1785535654
2026-07-31T22:08:45Z,754,5,1,10,0,0,1,1,1,1785534215
2026-07-31T22:08:45Z,755,17,4,5,1,0,1,1,1,1785535616
2026-07-31T22:08:45Z,756,5,4,31,1,0,1,1,1,1785535405
2026-07-31T22:08:45Z,757,7,2,12,0,0,1,1,1,1785535335
2026-07-31T22:08:45Z,758,0,0,22,1,0,1,1,1,1785535206
2026-07-31T22:08:45Z,759,0,0,0,0,0,1,1,1,86400
2026-07-31T22:08:45Z,760,9,2,10,0,0,1,1,1,1785531870
2026-07-31T22:08:45Z,761,2,2,21,0,0,1,1,1,1785535551
2026-07-31T22:08:45Z,762,4,2,6,5,0,1,1,1,1785534872
2026-07-31T22:08:45Z,768,7,0,8,4,0,1,1,1,1785534203
2026-07-31T22:08:45Z,769,13,8,5,1,0,1,1,1,1785535503
2026-07-31T22:08:45Z,770,9,2,8,2,0,1,1,1,1785535552
2026-07-31T22:08:45Z,771,12,1,2,1,0,1,1,1,1785534839
2026-07-31T22:08:45Z,772,1,0,14,0,0,1,1,1,1785535370
2026-07-31T22:08:45Z,773,17,2,2,0,0,1,1,1,1785535299
2026-07-31T22:08:45Z,774,6,1,5,4,0,1,1,1,1785535537
2026-07-31T22:08:45Z,775,6,1,11,1,1,1,1,1,1785533232
2026-07-31T22:08:45Z,776,1,0,19,1,0,1,1,1,1785535658
2026-07-31T22:08:45Z,777,14,5,1,0,0,1,1,1,1785534989
2026-07-31T22:08:45Z,778,13,0,6,0,0,1,1,1,1785535287
2026-07-31T22:08:45Z,779,6,0,12,1,0,1,1,1,1785534550
2026-07-31T22:08:45Z,780,9,0,10,0,0,1,1,1,1785535288
2026-07-31T22:08:45Z,781,3,1,6,2,0,1,1,1,1785534165
2026-07-31T22:08:45Z,782,0,0,15,4,0,1,1,1,1785535081
2026-07-31T22:08:45Z,783,6,2,13,0,0,1,1,1,1785534310
2026-07-31T22:08:45Z,784,8,2,11,0,0,1,1,1,1785535379
2026-07-31T22:08:45Z,785,9,2,4,6,0,1,1,1,1785535281
2026-07-31T22:08:45Z,786,9,5,10,0,0,1,1,1,1785535044
2026-07-31T22:08:45Z,787,4,3,10,1,0,1,1,1,1785535576
2026-07-31T22:08:45Z,788,6,1,9,0,0,1,1,1,1785534796
2026-07-31T22:08:45Z,789,7,2,4,4,0,1,1,1,1785534999
2026-07-31T22:08:45Z,790,2,0,20,1,0,1,1,1,1785535521
2026-07-31T22:08:45Z,791,9,0,9,0,1,1,1,1,1785535146
2026-07-31T22:08:45Z,793,4,0,10,1,0,1,1,1,1785535121
2026-07-31T22:08:45Z,794,2,1,25,2,0,1,1,1,1785535595
2026-07-31T22:08:45Z,796,6,3,12,1,0,1,1,1,1785535014
2026-07-31T22:08:45Z,797,4,1,11,0,0,1,1,1,1785535004
2026-07-31T22:08:45Z,798,15,0,9,1,0,1,1,1,1785535643
2026-07-31T22:08:45Z,799,15,2,0,4,0,1,1,1,1785535326
2026-07-31T22:08:45Z,800,1,1,19,1,0,1,1,1,1785535456
2026-07-31T22:08:45Z,801,2,1,18,1,0,1,1,1,1785535700
2026-07-31T22:08:45Z,802,9,0,22,0,0,1,1,1,1785535254
2026-07-31T22:08:45Z,803,2,0,13,0,0,1,1,1,1785535436
2026-07-31T22:08:45Z,806,4,3,10,1,0,1,1,1,1785534583
2026-07-31T22:08:45Z,807,8,4,14,3,0,1,1,1,1785535714
2026-07-31T22:08:45Z,808,14,0,8,3,0,1,1,1,1785535547
2026-07-31T22:08:45Z,809,4,1,18,1,0,1,1,1,1785535022
2026-07-31T22:08:45Z,810,4,2,13,2,0,1,1,1,1785535387
2026-07-31T22:08:45Z,815,8,2,2,4,1,1,1,1,1785535561
2026-07-31T22:08:45Z,817,10,5,5,0,0,1,1,1,1785534743
2026-07-31T22:08:45Z,818,6,1,17,0,0,1,1,1,1785535652
2026-07-31T22:08:45Z,819,7,4,8,0,0,1,1,1,1785532837
2026-07-31T22:08:45Z,820,9,0,8,0,0,1,1,1,1785535618
2026-07-31T22:08:45Z,821,4,3,11,0,0,1,1,1,1785535091
2026-07-31T22:08:45Z,822,2,0,20,1,0,1,1,1,1785535706
2026-07-31T22:08:45Z,823,15,2,0,0,0,1,1,1,1785534592
2026-07-31T22:08:45Z,824,8,5,11,0,0,1,1,1,1785535703
2026-07-31T22:08:45Z,825,5,4,9,1,0,1,1,1,1785533040
2026-07-31T22:08:45Z,826,7,0,10,2,0,1,1,1,1785535683
2026-07-31T22:08:45Z,827,17,4,2,2,0,1,1,1,1785535587
2026-07-31T22:08:45Z,828,12,0,4,2,0,1,1,1,1785535621
2026-07-31T22:08:45Z,829,17,6,10,0,0,1,1,1,1785534484
2026-07-31T22:08:45Z,830,15,0,7,1,0,1,1,1,1785535487
2026-07-31T22:08:45Z,831,4,3,9,2,0,1,1,1,1785534607
2026-07-31T22:08:45Z,832,7,3,8,3,0,1,1,1,1785534706
2026-07-31T22:08:45Z,833,3,1,15,1,0,1,1,1,1785535403
2026-07-31T22:08:45Z,834,22,0,1,1,0,1,1,1,1785535665
2026-07-31T22:08:45Z,835,4,2,12,2,0,1,1,1,1785535552
2026-07-31T22:08:45Z,838,7,2,7,1,0,1,1,1,1785535282
2026-07-31T22:08:45Z,839,17,3,11,1,0,1,1,1,1785535466
2026-07-31T22:08:45Z,840,0,0,28,1,0,1,1,1,1785535594
2026-07-31T22:08:45Z,841,8,2,7,0,0,1,1,1,1785534511
2026-07-31T22:08:45Z,842,1,0,22,0,0,1,1,1,1785534443
2026-07-31T22:08:45Z,843,14,2,17,0,0,1,1,1,1785534828
2026-07-31T22:08:45Z,844,4,0,19,0,0,1,1,1,1785534719
2026-07-31T22:08:45Z,845,5,3,12,2,0,1,1,1,1785534853
2026-07-31T22:08:45Z,846,4,2,14,1,0,1,1,1,1785533924
2026-07-31T22:08:45Z,847,6,1,20,1,0,1,1,1,1785535653
2026-07-31T22:08:45Z,848,4,3,14,1,0,1,1,1,1785534434
2026-07-31T22:08:45Z,849,5,0,9,1,0,1,1,1,1785535641
2026-07-31T22:08:45Z,850,6,0,5,0,0,1,1,1,1785535626
2026-07-31T22:08:45Z,851,4,3,30,3,0,1,1,1,1785535260
2026-07-31T22:08:45Z,852,10,4,9,0,0,1,1,1,1785534588
2026-07-31T22:08:45Z,853,11,5,12,0,0,1,1,1,1785535452
2026-07-31T22:08:45Z,854,1,1,14,0,0,1,1,1,1785535397
2026-07-31T22:08:45Z,855,24,0,3,0,0,1,1,1,1785535254
2026-07-31T22:08:45Z,857,5,4,11,3,0,1,1,1,1785535092
2026-07-31T22:08:45Z,858,5,2,13,1,0,1,1,1,1785535195
2026-07-31T22:08:45Z,859,8,0,12,1,0,1,1,1,1785535366
2026-07-31T22:08:45Z,861,6,0,4,1,0,1,1,1,1785528609
2026-07-31T22:08:45Z,862,4,2,11,0,0,1,1,1,1785534556
2026-07-31T22:08:45Z,863,14,1,4,1,0,1,1,1,1785534680
2026-07-31T22:08:45Z,866,11,1,8,0,0,1,1,1,1785534942
2026-07-31T22:08:45Z,867,14,2,1,0,0,1,1,1,1785534158
2026-07-31T22:08:45Z,868,7,0,8,0,0,1,1,1,1785534411
2026-07-31T22:08:45Z,870,8,5,7,0,0,1,1,1,1785534639
2026-07-31T22:08:45Z,871,0,0,10,1,0,1,1,1,1785533962
2026-07-31T22:08:45Z,872,1,0,13,1,0,1,1,1,1785534548
2026-07-31T22:08:45Z,873,5,0,25,3,0,1,1,1,1785535584
2026-07-31T22:08:45Z,874,2,0,10,3,0,1,1,1,1785535614
2026-07-31T22:08:45Z,875,13,9,1,1,0,1,1,1,1785535670
2026-07-31T22:08:45Z,877,13,12,6,0,0,1,1,1,1785534241
2026-07-31T22:08:45Z,878,3,3,16,0,0,1,1,1,1785534813
2026-07-31T22:08:45Z,879,2,0,17,0,0,1,1,1,1785535662
2026-07-31T22:08:45Z,880,1,0,21,1,0,1,1,1,1785535668
2026-07-31T22:08:45Z,881,3,0,16,0,0,1,1,1,1785534677
2026-07-31T22:08:45Z,882,9,3,9,1,0,1,1,1,1785534469
2026-07-31T22:08:45Z,883,7,3,12,0,0,1,1,1,1785534865
2026-07-31T22:08:45Z,884,11,7,10,0,0,1,1,1,1785534263
2026-07-31T22:08:45Z,885,0,0,19,0,0,1,1,1,1785534476
2026-07-31T22:08:45Z,886,6,0,21,2,0,1,1,1,1785535455
2026-07-31T22:08:45Z,887,5,1,8,4,0,1,1,1,1785535694
2026-07-31T22:08:45Z,888,9,0,29,3,0,1,1,1,1785535533
2026-07-31T22:08:45Z,889,4,0,13,2,0,1,1,1,1785535560
2026-07-31T22:08:45Z,890,8,4,7,0,0,1,1,1,1785535414
2026-07-31T22:08:45Z,891,18,0,4,1,0,1,1,1,1785534023
2026-07-31T22:08:45Z,892,11,1,4,0,0,1,1,1,1785534415
2026-07-31T22:08:45Z,895,3,0,16,0,0,1,1,1,1785534035
2026-07-31T22:08:45Z,896,7,2,28,0,0,1,1,1,1785534764
2026-07-31T22:08:45Z,897,16,1,5,0,0,1,1,1,1785534713
2026-07-31T22:08:45Z,898,2,0,17,0,0,1,1,1,1785534388
2026-07-31T22:08:45Z,899,2,0,16,1,0,1,1,1,1785535439
2026-07-31T22:08:45Z,900,7,0,19,1,0,1,1,1,1785535702
2026-07-31T22:08:45Z,901,1,0,17,1,0,1,1,1,1785535329
2026-07-31T22:08:45Z,902,5,1,10,0,0,1,1,1,1785534290
2026-07-31T22:08:45Z,903,7,2,11,1,0,1,1,1,1785535695
2026-07-31T22:08:45Z,904,10,4,8,1,0,1,1,1,1785534793
2026-07-31T22:08:45Z,905,15,1,11,1,0,1,1,1,1785535638
2026-07-31T22:08:45Z,906,15,8,12,0,0,1,1,1,1785535557
2026-07-31T22:08:45Z,907,7,0,24,0,0,1,1,1,1785535563
2026-07-31T22:08:45Z,908,12,2,11,0,0,1,1,1,1785534809
2026-07-31T22:08:45Z,909,7,7,16,0,0,1,1,1,1785535253
2026-07-31T22:08:45Z,910,19,0,9,3,0,1,1,1,1785535443
2026-07-31T22:08:45Z,911,4,1,15,0,0,1,1,1,1785534321
2026-07-31T22:08:45Z,912,3,1,19,1,0,1,1,1,1785535716
2026-07-31T22:08:45Z,913,6,4,13,0,0,1,1,1,1785535320
2026-07-31T22:08:45Z,914,16,0,1,2,0,1,1,1,1785535584
2026-07-31T22:08:45Z,915,15,1,5,3,0,1,1,1,1785535716
2026-07-31T22:08:45Z,916,2,0,21,0,0,1,1,1,1785535572
2026-07-31T22:08:45Z,917,7,0,27,1,0,1,1,1,1785535564
2026-07-31T22:08:45Z,918,2,0,15,2,0,1,1,1,1785535535
2026-07-31T22:08:45Z,919,9,2,30,0,0,1,1,1,1785535717
2026-07-31T22:08:45Z,920,7,2,12,0,0,1,1,1,1785535098
2026-07-31T22:08:45Z,921,11,0,10,0,0,1,1,1,1785534992
2026-07-31T22:08:45Z,922,1,1,20,0,0,1,1,1,1785535342
2026-07-31T22:08:45Z,923,6,2,13,0,0,1,1,1,1785535685
2026-07-31T22:08:45Z,924,5,0,15,1,0,1,1,1,1785535495
2026-07-31T22:08:45Z,925,11,0,10,0,0,1,1,1,1785535003
2026-07-31T22:08:45Z,926,2,0,19,0,0,1,1,1,1785535077
2026-07-31T22:08:45Z,927,22,2,13,0,0,1,1,1,1785535653
2026-07-31T22:08:45Z,928,0,0,19,0,0,0,1,1,1785500252
2026-07-31T22:08:45Z,929,4,2,19,0,0,1,1,1,1785535576
2026-07-31T22:08:45Z,930,8,0,22,1,0,1,1,1,1785535310
2026-07-31T22:08:45Z,931,5,4,17,1,0,1,1,1,1785535600
2026-07-31T22:08:45Z,932,13,0,4,2,0,1,1,1,1785535708
2026-07-31T22:08:45Z,933,5,2,17,1,0,1,1,1,1785535668
2026-07-31T22:08:45Z,934,27,0,3,1,0,1,1,1,1785535591
2026-07-31T22:08:45Z,935,10,0,8,1,0,1,1,1,1785535610
2026-07-31T22:08:45Z,936,5,0,14,0,0,1,1,1,1785535706
2026-07-31T22:08:45Z,940,5,0,5,1,0,1,1,1,1785535444
2026-07-31T22:08:45Z,941,19,2,3,3,0,1,1,1,1785535430
2026-07-31T22:08:45Z,942,14,0,7,0,0,1,1,1,1785535590
2026-07-31T22:08:45Z,943,8,8,7,0,0,1,1,1,1785534628
2026-07-31T22:08:45Z,944,10,8,5,0,0,1,1,1,1785534476
2026-07-31T22:08:45Z,945,10,8,5,0,0,1,1,1,1785534000
2026-07-31T22:08:45Z,946,7,5,12,0,0,1,1,1,1785523835
2026-07-31T22:08:45Z,947,5,3,12,0,0,1,1,1,1785534499
2026-07-31T22:08:45Z,948,19,15,8,4,0,1,1,1,1785535487
2026-07-31T22:08:45Z,949,1,1,13,1,0,1,1,1,1785535681
2026-07-31T22:08:45Z,950,3,1,13,1,0,1,1,1,1785535701
2026-07-31T22:08:45Z,951,16,7,7,0,0,1,1,1,1785535445
2026-07-31T22:08:45Z,952,14,0,40,1,0,1,1,1,1785535564
2026-07-31T22:08:45Z,953,3,0,11,1,0,1,1,1,1785535568
2026-07-31T22:08:45Z,954,6,0,13,0,0,1,1,1,1785535314
2026-07-31T22:08:45Z,955,10,6,11,6,0,1,1,1,1785535524
2026-07-31T22:08:45Z,956,13,0,8,2,0,1,1,1,1785535252
2026-07-31T22:08:45Z,957,19,4,9,1,0,1,1,1,1785535601
2026-07-31T22:08:45Z,958,12,0,17,2,0,1,1,1,1785535606
2026-07-31T22:08:45Z,959,5,1,17,1,0,1,1,1,1785535697
2026-07-31T22:08:45Z,960,3,0,20,0,0,1,1,1,1785535600
2026-07-31T22:08:45Z,961,3,0,17,3,0,1,1,1,1785535264
2026-07-31T22:08:45Z,962,9,1,23,3,0,1,1,1,1785535690
2026-07-31T22:08:45Z,963,7,0,15,1,0,1,1,1,1785535543
2026-07-31T22:08:45Z,964,14,10,9,0,0,1,1,1,1785535706
2026-07-31T22:08:45Z,965,10,6,16,1,0,1,1,1,1785535706
2026-07-31T22:08:45Z,966,10,0,20,1,0,1,1,1,1785535719
2026-07-31T22:08:45Z,967,19,1,0,2,0,1,1,1,1785535456
2026-07-31T22:08:45Z,968,15,0,3,1,0,1,1,1,1785534515
2026-07-31T22:08:45Z,969,4,1,21,2,0,1,1,1,1785535113
2026-07-31T22:08:45Z,970,1,1,17,1,0,1,1,1,1785535038
2026-07-31T22:08:45Z,971,4,0,18,1,0,1,1,1,1785534868
2026-07-31T22:08:45Z,972,10,4,12,1,0,1,1,1,1785535585
2026-07-31T22:08:45Z,973,7,0,15,1,0,1,1,1,1785535425
2026-07-31T22:08:45Z,974,16,0,10,1,0,1,1,1,1785535701
2026-07-31T22:08:45Z,977,2,2,17,2,0,1,1,1,1785535653
2026-07-31T22:08:45Z,978,18,0,5,0,0,1,1,1,1785535694
2026-07-31T22:08:45Z,979,0,0,17,0,0,1,1,1,1785535105
2026-07-31T22:08:45Z,980,2,0,18,1,0,1,1,1,1785535574
2026-07-31T22:08:45Z,981,8,0,13,0,0,1,1,1,1785535511
2026-07-31T22:08:45Z,982,3,0,14,2,0,1,1,1,1785535707
2026-07-31T22:08:45Z,983,2,2,21,0,0,1,1,1,1785535024
2026-07-31T22:08:45Z,984,6,0,17,0,0,1,1,1,1785534365
2026-07-31T22:08:45Z,985,2,0,28,1,0,1,1,1,1785535680
2026-07-31T22:08:45Z,986,4,0,15,0,0,1,1,1,1785534557
2026-07-31T22:08:45Z,987,7,1,16,0,0,1,1,1,1785535138
2026-07-31T22:08:45Z,988,6,4,13,0,0,1,1,1,1785534729
2026-07-31T22:08:45Z,989,7,4,12,0,0,1,1,1,1785535526
2026-07-31T22:08:45Z,990,11,0,3,1,0,1,1,1,1785534717
2026-07-31T22:08:45Z,991,9,0,9,1,0,1,1,1,1785534465
2026-07-31T22:08:45Z,992,9,5,14,0,0,1,1,1,1785535353
2026-07-31T22:08:45Z,993,6,4,20,1,0,1,1,1,1785535650
2026-07-31T22:08:45Z,994,0,0,21,0,0,1,1,1,1785535600
2026-07-31T22:08:45Z,995,7,1,20,0,0,1,1,1,1785534810
2026-07-31T22:08:45Z,996,7,2,16,0,0,1,1,1,1785534933
2026-07-31T22:08:45Z,997,15,8,8,0,0,1,1,1,1785535457
2026-07-31T22:08:45Z,998,5,4,18,0,0,1,1,1,1785534897
2026-07-31T22:08:45Z,999,4,1,15,1,1,1,1,1,1785534757
2026-07-31T22:08:45Z,1000,0,0,21,0,0,1,1,1,1785535711
2026-07-31T22:08:45Z,1001,5,3,22,0,0,1,1,1,1785534966
2026-07-31T22:08:45Z,1002,3,2,27,1,0,1,1,1,1785535000
2026-07-31T22:08:45Z,1003,1,0,22,0,0,1,1,1,1785534533
2026-07-31T22:08:45Z,1004,8,2,15,0,0,1,1,1,1785534022
2026-07-31T22:08:45Z,1005,20,1,3,0,0,1,1,1,1785534725
2026-07-31T22:08:45Z,1006,8,4,11,0,0,1,1,1,1785534529
2026-07-31T22:08:45Z,1007,2,1,19,0,0,1,1,1,1785534605
2026-07-31T22:08:45Z,1008,7,6,16,0,0,1,1,1,1785535529
2026-07-31T22:08:45Z,1009,22,5,8,1,0,1,1,1,1785535439
2026-07-31T22:08:45Z,1010,7,2,20,0,0,1,1,1,1785535327
2026-07-31T22:08:45Z,1011,7,2,10,2,0,1,1,1,1785534899
2026-07-31T22:08:45Z,1012,5,3,16,2,0,1,1,1,1785534497
2026-07-31T22:08:45Z,1013,4,1,18,1,0,1,1,1,1785535054
2026-07-31T22:08:45Z,1014,9,4,14,0,0,1,1,1,1785535022
2026-07-31T22:08:45Z,1015,4,3,26,1,0,1,1,1,1785535377
2026-07-31T22:08:45Z,1016,10,5,21,0,0,1,1,1,1785534453
2026-07-31T22:08:45Z,1017,13,5,8,0,0,1,1,1,1785535705
2026-07-31T22:08:45Z,1018,6,2,16,0,0,1,1,1,1785534575
2026-07-31T22:08:45Z,1019,8,5,7,0,0,1,1,1,1785534436
2026-07-31T22:08:45Z,1020,19,5,2,0,0,1,1,1,1785535570
2026-07-31T22:08:45Z,1021,9,4,6,0,0,1,1,1,1785535240
2026-07-31T22:08:45Z,1022,14,0,13,0,0,1,1,1,1785534711
2026-07-31T22:08:45Z,1023,14,2,9,0,0,1,1,1,1785534330
2026-07-31T22:08:45Z,1024,3,1,16,0,0,1,1,1,1785535292
2026-07-31T22:08:45Z,1025,4,0,14,0,1,1,1,1,1785534695
2026-07-31T22:08:45Z,1026,11,9,19,1,0,1,1,1,1785535626
2026-07-31T22:08:45Z,1028,3,1,20,0,0,1,1,1,1785534669
2026-07-31T22:08:45Z,1029,12,10,3,0,0,1,1,1,1785535547
2026-07-31T22:08:45Z,1030,13,4,10,0,0,1,1,1,1785535366
2026-07-31T22:08:45Z,1031,9,1,10,0,0,1,1,1,1785535670
2026-07-31T22:08:45Z,1032,7,1,12,0,0,1,1,1,1785534525
2026-07-31T22:08:45Z,1033,9,5,10,0,0,1,1,1,1785535351
2026-07-31T22:08:45Z,1034,3,0,12,0,0,1,1,1,1785534505
2026-07-31T22:08:45Z,1035,0,0,18,1,0,1,1,1,1785534531
2026-07-31T22:08:45Z,1036,14,0,1,0,0,1,1,1,1785535626
2026-07-31T22:08:45Z,1037,0,0,18,1,0,1,1,1,1785534975
2026-07-31T22:08:45Z,1038,1,0,14,0,0,1,1,1,1785534195
2026-07-31T22:08:45Z,1039,7,0,12,0,0,1,1,1,1785534676
2026-07-31T22:08:45Z,1040,8,5,11,0,0,1,1,1,1785534580
2026-07-31T22:08:45Z,1041,10,2,9,0,0,1,1,1,1785534446
2026-07-31T22:08:45Z,1042,3,0,11,1,0,1,1,1,1785534678
2026-07-31T22:08:45Z,1043,9,5,10,0,0,1,1,1,1785534607
2026-07-31T22:08:45Z,1044,1,0,14,0,0,1,1,1,1785534250
2026-07-31T22:08:45Z,1045,9,0,10,0,0,1,1,1,1785534508
2026-07-31T22:08:45Z,1046,9,0,6,0,0,1,1,1,1785535695
2026-07-31T22:08:45Z,1047,4,0,17,0,0,1,1,1,1785535298
2026-07-31T22:08:45Z,1048,1,0,18,0,0,1,1,1,1785534488
2026-07-31T22:08:45Z,1049,2,0,19,0,0,1,1,1,1785535475
2026-07-31T22:08:45Z,1050,20,5,1,0,0,1,1,1,1785535697
2026-07-31T22:08:45Z,1051,9,4,12,0,0,1,1,1,1785535566
2026-07-31T22:08:45Z,1052,16,1,5,1,0,1,1,1,1785534386
2026-07-31T22:08:45Z,1053,2,1,13,0,0,1,1,1,1785534387
2026-07-31T22:08:45Z,1054,6,1,9,0,0,1,1,1,1785535284
2026-07-31T22:08:45Z,1055,8,1,11,0,0,1,1,1,1785534663
2026-07-31T22:08:45Z,1057,3,0,16,0,0,1,1,1,1785535592
2026-07-31T22:08:45Z,1058,13,1,43,0,0,1,1,1,1785535668
2026-07-31T22:08:45Z,1059,1,1,17,1,0,1,1,1,1785535194
2026-07-31T22:08:45Z,1060,17,0,20,0,0,1,1,1,1785535628
2026-07-31T22:08:45Z,1061,16,0,21,0,0,1,1,1,1785534845
2026-07-31T22:08:45Z,1062,9,1,8,0,0,1,1,1,1785534976
2026-07-31T22:08:45Z,1063,12,1,6,1,0,1,1,1,1785534568
2026-07-31T22:08:45Z,1064,3,0,19,1,0,1,1,1,1785534939
2026-07-31T22:08:45Z,1065,16,3,7,0,0,1,1,1,1785535186
2026-07-31T22:08:45Z,1066,11,2,12,0,0,1,1,1,1785535448
2026-07-31T22:08:45Z,1067,8,2,13,2,0,1,1,1,1785535280
2026-07-31T22:08:45Z,1068,5,2,15,3,0,1,1,1,1785534822
2026-07-31T22:08:45Z,1069,12,3,11,0,0,1,1,1,1785534818
2026-07-31T22:08:45Z,1070,11,1,12,0,0,1,1,1,1785535631
2026-07-31T22:08:45Z,1071,8,4,15,0,0,1,1,1,1785534957
2026-07-31T22:08:45Z,1072,11,1,11,1,0,1,1,1,1785535358
2026-07-31T22:08:45Z,1073,11,0,15,1,0,1,1,1,1785535435
2026-07-31T22:08:45Z,1074,34,2,18,1,0,1,1,1,1785535714
2026-07-31T22:08:45Z,1075,8,8,13,0,0,1,1,1,1785535668
2026-07-31T22:08:45Z,1076,11,8,10,0,0,1,1,1,1785535590
2026-07-31T22:08:45Z,1077,12,7,9,0,0,1,1,1,1785535599
2026-07-31T22:08:45Z,1078,11,8,10,0,0,1,1,1,1785535626
2026-07-31T22:08:45Z,1079,14,10,7,0,0,1,1,1,1785534428
2026-07-31T22:08:45Z,1080,11,8,8,2,0,1,1,1,1785534356
2026-07-31T22:08:45Z,1081,14,8,5,0,0,1,1,1,1785535604
2026-07-31T22:08:45Z,1082,11,11,12,0,0,1,1,1,1785534901
2026-07-31T22:08:45Z,1083,12,10,9,0,0,1,1,1,1785534699
2026-07-31T22:08:45Z,1084,9,7,12,0,0,1,1,1,1785534314
2026-07-31T22:08:45Z,1085,11,8,10,0,0,1,1,1,1785535703
2026-07-31T22:08:45Z,1086,11,9,9,1,0,1,1,1,1785534720
2026-07-31T22:08:45Z,1087,7,7,8,0,0,1,1,1,1785535605
2026-07-31T22:08:45Z,1088,10,7,5,0,0,1,1,1,1785535053
2026-07-31T22:08:45Z,1089,7,3,8,0,0,1,1,1,1785529453
2026-07-31T22:08:45Z,1090,6,5,9,0,0,1,1,1,1785535317
2026-07-31T22:08:45Z,1091,7,5,8,0,0,1,1,1,1785535517
2026-07-31T22:08:45Z,1092,9,8,5,1,0,1,1,1,1785535193
2026-07-31T22:08:45Z,1093,5,5,9,1,0,1,1,1,1785535585
2026-07-31T22:08:45Z,1094,10,9,9,0,0,1,1,1,1785534519
2026-07-31T22:08:45Z,1095,10,8,5,0,0,1,1,1,1785534494
2026-07-31T22:08:45Z,1096,9,8,10,0,0,1,1,1,1785534897
2026-07-31T22:08:45Z,1097,8,8,7,0,0,1,1,1,1785535086
2026-07-31T22:08:45Z,1098,9,7,10,0,0,1,1,1,1785534126
2026-07-31T22:08:45Z,1099,7,6,8,0,0,1,1,1,1785534354
2026-07-31T22:08:45Z,1100,6,4,23,0,0,1,1,1,1785532207
2026-07-31T22:08:45Z,1101,10,5,11,0,0,1,1,1,1785534282
2026-07-31T22:08:45Z,1102,9,4,4,0,0,1,1,1,1785535294
2026-07-31T22:08:45Z,1103,11,5,10,0,0,1,1,1,1785503681
2026-07-31T22:08:45Z,1104,11,6,10,0,0,1,1,1,1785534033
2026-07-31T22:08:45Z,1105,7,3,6,0,0,1,1,1,1785535176
2026-07-31T22:08:45Z,1106,10,5,11,0,0,1,1,1,1785534374
2026-07-31T22:08:45Z,1107,9,5,6,0,0,1,1,1,1785534616
2026-07-31T22:08:45Z,1108,9,5,15,2,1,1,1,1,1785535221
2026-07-31T22:08:45Z,1109,7,3,8,0,0,1,1,1,1785534558
2026-07-31T22:08:45Z,1110,11,3,10,0,0,1,1,1,1785535714
2026-07-31T22:08:45Z,1111,7,3,13,1,0,1,1,1,1785534505
2026-07-31T22:08:45Z,1112,26,0,27,0,0,1,1,1,1785535236
2026-07-31T22:08:45Z,1113,1,0,20,0,0,1,1,1,1785535628
2026-07-31T22:08:45Z,1115,14,1,5,4,0,1,1,1,1785535100
2026-07-31T22:08:45Z,1116,2,0,17,0,0,1,1,1,1785534545
2026-07-31T22:08:45Z,1117,3,1,19,1,0,1,1,1,1785535424
2026-07-31T22:08:45Z,1118,15,0,6,0,0,1,1,1,1785535671
2026-07-31T22:08:45Z,1119,6,1,11,0,0,1,1,1,1785535537
2026-07-31T22:08:45Z,1120,6,1,12,1,0,1,1,1,1785535596
2026-07-31T22:08:45Z,1121,10,1,10,1,0,1,1,1,1785535665
2026-07-31T22:08:45Z,1122,2,1,18,1,0,1,1,1,1785535709
2026-07-31T22:08:45Z,1123,11,8,10,2,0,1,1,1,1785534574
2026-07-31T22:08:45Z,1124,6,2,8,1,0,1,1,1,1785535436
2026-07-31T22:08:45Z,1125,17,1,6,0,0,1,1,1,1785534922
2026-07-31T22:08:45Z,1126,5,1,16,0,0,1,1,1,1785535679
2026-07-31T22:08:45Z,1127,6,2,13,0,0,1,1,1,1785534863
2026-07-31T22:08:45Z,1128,2,2,13,0,0,1,1,1,1785535364
2026-07-31T22:08:45Z,1129,2,1,17,2,0,1,1,1,1785534624
2026-07-31T22:08:45Z,1130,15,1,0,0,0,1,1,1,1785535571
2026-07-31T22:08:45Z,1131,1,1,47,1,0,1,1,1,1785535622
2026-07-31T22:08:45Z,1132,10,4,10,1,0,1,1,1,1785534814
2026-07-31T22:08:45Z,1133,5,3,13,3,0,1,1,1,1785535703
2026-07-31T22:08:45Z,1134,12,6,7,0,0,1,1,1,1785535058
2026-07-31T22:08:45Z,1135,12,6,9,0,0,1,1,1,1785534180
2026-07-31T22:08:45Z,1136,17,1,6,0,0,1,1,1,1785535110
2026-07-31T22:08:45Z,1137,12,0,3,0,0,1,1,1,1785534429
2026-07-31T22:08:45Z,1138,4,0,15,0,0,1,1,1,1785534861
2026-07-31T22:08:45Z,1139,12,3,8,1,0,1,1,1,1785535361
2026-07-31T22:08:45Z,1140,3,0,18,2,0,1,1,1,1785535557
2026-07-31T22:08:45Z,1141,2,0,18,1,0,1,1,1,1785535656
2026-07-31T22:08:45Z,1142,3,0,18,0,0,1,1,1,1785535188
2026-07-31T22:08:45Z,1143,22,0,6,1,0,1,1,1,1785535719
2026-07-31T22:08:45Z,1144,7,0,13,1,0,1,1,1,1785535622
2026-07-31T22:08:45Z,1145,11,5,9,1,0,1,1,1,1785534956
2026-07-31T22:08:45Z,1146,2,2,13,4,0,1,1,1,1785535705
2026-07-31T22:08:45Z,1147,14,1,5,0,0,1,1,1,1785535381
2026-07-31T22:08:45Z,1148,6,0,25,0,0,1,1,1,1785535663
2026-07-31T22:08:45Z,1149,2,2,18,5,0,1,1,1,1785534294
2026-07-31T22:08:45Z,1150,0,0,19,0,0,1,1,1,1785535518
2026-07-31T22:08:45Z,1151,6,0,15,0,0,1,1,1,1785535513
2026-07-31T22:08:45Z,1152,3,0,26,0,0,1,1,1,1785535643
2026-07-31T22:08:45Z,1153,19,0,3,1,0,1,1,1,1785535472
2026-07-31T22:08:45Z,1154,3,0,16,0,0,1,1,1,1785534703
2026-07-31T22:08:45Z,1155,6,4,12,3,0,1,1,1,1785535335
2026-07-31T22:08:45Z,1158,3,1,16,0,0,1,1,1,1785534430
2026-07-31T22:08:45Z,1159,12,0,7,0,0,1,1,1,1785534793
2026-07-31T22:08:45Z,1160,7,2,12,0,0,1,1,1,1785535212
2026-07-31T22:08:45Z,1161,3,0,15,1,0,1,1,1,1785534927
2026-07-31T22:08:45Z,1162,3,0,16,0,0,1,1,1,1785535184
2026-07-31T22:08:45Z,1163,2,1,16,1,0,1,1,1,1785534550
2026-07-31T22:08:45Z,1164,5,1,14,0,0,1,1,1,1785534607
2026-07-31T22:08:45Z,1165,1,0,20,0,0,1,1,1,1785535353
2026-07-31T22:08:45Z,1166,13,3,7,1,0,1,1,1,1785534892
2026-07-31T22:08:45Z,1167,4,0,11,0,0,1,1,1,1785534278
2026-07-31T22:08:45Z,1168,3,0,18,2,0,1,1,1,1785534846
2026-07-31T22:08:45Z,1169,3,0,15,1,0,1,1,1,1785534453
2026-07-31T22:08:45Z,1170,6,1,15,0,0,1,1,1,1785535400
2026-07-31T22:08:45Z,1171,9,8,14,0,0,1,1,1,1785534556
2026-07-31T22:08:45Z,1172,5,0,8,2,0,1,1,1,1785534601
2026-07-31T22:08:45Z,1173,13,4,6,0,0,1,1,1,1785534711
2026-07-31T22:08:45Z,1174,4,1,11,0,0,1,1,1,1785535100
2026-07-31T22:08:45Z,1175,4,2,15,0,0,1,1,1,1785535612
2026-07-31T22:08:45Z,1176,8,2,13,0,0,1,1,1,1785533939
2026-07-31T22:08:45Z,1177,4,2,17,0,0,1,1,1,1785535688
2026-07-31T22:08:45Z,1178,5,2,10,0,0,1,1,1,1785534274
2026-07-31T22:08:45Z,1181,15,1,0,0,0,1,1,1,1785535408
2026-07-31T22:08:45Z,1182,17,3,2,1,0,1,1,1,1785535712
2026-07-31T22:08:45Z,1183,18,1,25,2,0,1,1,1,1785535707
2026-07-31T22:08:45Z,1184,9,6,10,2,0,1,1,1,1785535285
2026-07-31T22:08:45Z,1185,10,6,11,0,0,1,1,1,1785534007
2026-07-31T22:08:45Z,1186,9,5,10,0,0,1,1,1,1785534982
2026-07-31T22:08:45Z,1187,10,5,10,1,0,1,1,1,1785535211
2026-07-31T22:08:45Z,1188,10,5,5,0,0,1,1,1,1785534613
2026-07-31T22:08:45Z,1189,8,3,11,0,0,1,1,1,1785535661
2026-07-31T22:08:45Z,1190,9,4,12,0,0,1,1,1,1785534161
2026-07-31T22:08:45Z,1191,10,5,5,0,0,1,1,1,1785534616
2026-07-31T22:08:45Z,1192,11,7,9,1,0,1,1,1,1785534526
2026-07-31T22:08:45Z,1193,6,4,5,2,0,1,1,1,1785535384
2026-07-31T22:08:45Z,1197,9,6,7,1,0,1,1,1,1785535396
2026-07-31T22:08:45Z,1198,13,4,6,2,0,1,1,1,1785535051
2026-07-31T22:08:45Z,1199,3,0,16,0,0,1,1,1,1785535037
2026-07-31T22:08:45Z,1200,9,5,6,0,0,1,1,1,1785534657
2026-07-31T22:08:45Z,1201,9,4,6,0,0,1,1,1,1785534628
2026-07-31T22:08:45Z,1202,10,5,5,0,0,1,1,1,1785534729
2026-07-31T22:08:45Z,1203,11,5,4,0,0,1,1,1,1785534635
2026-07-31T22:08:45Z,1204,7,4,12,0,0,1,1,1,1785534412
2026-07-31T22:08:45Z,1206,11,5,10,0,0,1,1,1,1785535469
2026-07-31T22:08:45Z,1207,8,4,6,1,0,1,1,1,1785534946
2026-07-31T22:08:45Z,1208,10,4,9,0,0,1,1,1,1785534893
2026-07-31T22:08:45Z,1216,8,0,12,1,0,1,1,1,1785535683
2026-07-31T22:08:45Z,1218,4,0,17,0,0,1,1,1,1785534265
2026-07-31T22:08:45Z,1219,2,1,10,3,0,1,1,1,1785534540
2026-07-31T22:08:45Z,1220,15,4,4,0,0,1,1,1,1785534534
2026-07-31T22:08:45Z,1221,1,1,19,1,0,1,1,1,1785535436
2026-07-31T22:08:45Z,1222,14,0,15,0,0,1,1,1,1785535691
2026-07-31T22:08:45Z,1223,27,0,1,1,0,1,1,1,1785535672
2026-07-31T22:08:45Z,1226,0,0,3,0,0,0,1,1,1781868931
2026-07-31T22:08:45Z,1227,6,0,18,1,0,1,1,1,1785534270
2026-07-31T22:08:45Z,1228,0,0,29,0,0,1,1,1,1785535387
2026-07-31T22:08:45Z,1229,45,1,0,0,0,1,1,1,1785535627
2026-07-31T22:13:45Z,1,1,0,22,0,0,1,1,1,1785535719
2026-07-31T22:13:45Z,2,2,0,22,3,0,1,1,1,1785535716
2026-07-31T22:13:45Z,3,10,1,3,1,0,1,1,1,1785535802
2026-07-31T22:13:45Z,4,20,0,1,1,0,1,1,1,1785535447
2026-07-31T22:13:45Z,5,18,4,3,2,0,1,1,1,1785535694
2026-07-31T22:13:45Z,6,4,0,11,0,0,1,1,1,1785535088
2026-07-31T22:13:45Z,7,12,0,27,0,0,1,1,1,1785536004
2026-07-31T22:13:45Z,8,16,2,27,0,0,1,1,1,1785535972
2026-07-31T22:13:45Z,9,17,4,6,0,0,1,1,1,1785535724
2026-07-31T22:13:45Z,10,5,3,15,3,0,1,1,1,1785535641
2026-07-31T22:13:45Z,11,6,0,11,2,0,1,1,1,1785535983
2026-07-31T22:13:45Z,12,19,0,4,0,0,1,1,1,1785535846
2026-07-31T22:13:45Z,13,19,2,11,0,0,1,1,1,1785535382
2026-07-31T22:13:45Z,14,14,0,27,1,1,1,1,1,1785535980
2026-07-31T22:13:45Z,15,13,0,2,0,0,1,1,1,1785536009
2026-07-31T22:13:45Z,16,2,0,22,2,1,1,1,1,1785535294
2026-07-31T22:13:45Z,17,17,2,9,1,0,1,1,1,1785535810
2026-07-31T22:13:45Z,18,10,0,6,2,0,1,1,1,1785535925
2026-07-31T22:13:45Z,19,10,2,16,1,0,1,1,1,1785535978
2026-07-31T22:13:45Z,20,25,3,10,0,0,1,1,1,1785535895
2026-07-31T22:13:45Z,21,1,0,16,2,0,1,1,1,1785535996
2026-07-31T22:13:45Z,22,22,0,43,0,0,1,1,1,1785535439
2026-07-31T22:13:45Z,23,12,7,18,1,0,1,1,1,1785535944
2026-07-31T22:13:45Z,24,7,2,3,1,0,1,1,1,1785536020
2026-07-31T22:13:45Z,25,76,0,3,2,0,1,1,1,1785535989
2026-07-31T22:13:45Z,26,23,0,4,0,0,1,1,1,1785535983
2026-07-31T22:13:45Z,28,8,0,7,0,0,1,1,1,1785535992
2026-07-31T22:13:45Z,30,17,0,10,2,0,1,1,1,1785536020
2026-07-31T22:13:45Z,31,8,1,8,3,0,1,1,1,1785535946
2026-07-31T22:13:45Z,32,22,1,5,0,0,1,1,1,1785535996
2026-07-31T22:13:45Z,34,16,0,21,0,0,1,1,1,1785535968
2026-07-31T22:13:45Z,35,38,0,8,1,0,1,1,1,1785535981
2026-07-31T22:13:45Z,36,0,0,0,0,0,0,1,1,86400
2026-07-31T22:13:45Z,37,19,3,4,0,0,1,1,1,1785535996
2026-07-31T22:13:45Z,38,2,0,21,0,0,1,1,1,1785535621
2026-07-31T22:13:45Z,39,11,3,28,0,0,1,1,1,1785535978
2026-07-31T22:13:45Z,40,7,0,14,0,0,1,1,1,1785535064
2026-07-31T22:13:45Z,41,21,0,22,0,0,1,1,1,1785535956
2026-07-31T22:13:45Z,42,4,4,27,0,0,1,1,1,1785535440
2026-07-31T22:13:45Z,43,5,1,18,0,0,1,1,1,1785535988
2026-07-31T22:13:45Z,45,4,0,25,0,0,1,1,1,1785535617
2026-07-31T22:13:45Z,46,1,1,29,1,0,1,1,1,1785535531
2026-07-31T22:13:45Z,47,4,0,10,1,0,1,1,1,1785535910
2026-07-31T22:13:45Z,48,19,0,8,0,0,1,1,1,1785535645
2026-07-31T22:13:45Z,49,0,0,19,4,0,1,1,1,1785536015
2026-07-31T22:13:45Z,50,7,6,11,1,0,1,1,1,1785535938
2026-07-31T22:13:45Z,51,41,0,36,0,0,1,1,1,1785534715
2026-07-31T22:13:45Z,52,1,0,23,3,0,1,1,1,1785535767
2026-07-31T22:13:45Z,55,4,0,19,0,0,1,1,1,1785535942
2026-07-31T22:13:45Z,56,12,1,31,0,0,1,1,1,1785535321
2026-07-31T22:13:45Z,57,0,0,26,1,0,1,1,1,1785535853
2026-07-31T22:13:45Z,58,1,1,27,0,0,1,1,1,1785535673
2026-07-31T22:13:45Z,59,5,1,20,2,0,1,1,1,1785535983
2026-07-31T22:13:45Z,61,32,0,7,0,0,1,1,1,1785535864
2026-07-31T22:13:45Z,62,21,12,27,1,0,1,1,1,1785536016
2026-07-31T22:13:45Z,63,10,3,8,1,0,1,1,1,1785535911
2026-07-31T22:13:45Z,64,10,1,5,4,0,1,1,1,1785535815
2026-07-31T22:13:45Z,65,11,4,7,1,0,1,1,1,1785535784
2026-07-31T22:13:45Z,67,15,0,24,0,0,1,1,1,1785536003
2026-07-31T22:13:45Z,68,33,0,3,1,0,1,1,1,1785535849
2026-07-31T22:13:45Z,69,7,0,8,0,0,1,1,1,1785535929
2026-07-31T22:13:45Z,71,6,0,18,3,0,1,1,1,1785535849
2026-07-31T22:13:45Z,72,26,4,1,4,0,1,1,1,1785536011
2026-07-31T22:13:45Z,73,4,0,27,0,0,1,1,1,1785535833
2026-07-31T22:13:45Z,74,1,0,18,0,0,1,1,1,1785535714
2026-07-31T22:13:45Z,75,6,0,25,1,0,1,1,1,1785535916
2026-07-31T22:13:45Z,76,1,0,17,1,0,1,1,1,1785536013
2026-07-31T22:13:45Z,77,15,0,11,1,0,1,1,1,1785535860
2026-07-31T22:13:45Z,78,1,1,22,0,0,1,1,1,1785535083
2026-07-31T22:13:45Z,79,1,0,15,1,0,1,1,1,1785535394
2026-07-31T22:13:45Z,80,18,3,2,3,0,1,1,1,1785535897
2026-07-31T22:13:45Z,81,5,0,26,0,0,1,1,1,1785535852
2026-07-31T22:13:45Z,82,8,8,14,1,0,1,1,1,1785535713
2026-07-31T22:13:45Z,83,11,2,21,2,0,1,1,1,1785535973
2026-07-31T22:13:45Z,84,5,2,22,0,0,1,1,1,1785535990
2026-07-31T22:13:45Z,85,8,0,7,0,0,1,1,1,1785535870
2026-07-31T22:13:45Z,86,9,4,18,0,0,1,1,1,1785536011
2026-07-31T22:13:45Z,87,0,0,19,0,0,1,1,1,1785533075
2026-07-31T22:13:45Z,88,10,0,32,1,0,1,1,1,1785535890
2026-07-31T22:13:45Z,89,23,2,12,0,0,1,1,1,1785535981
2026-07-31T22:13:45Z,90,4,0,13,1,0,1,1,1,1785535813
2026-07-31T22:13:45Z,91,2,0,15,0,0,1,1,1,1785535562
2026-07-31T22:13:45Z,92,2,2,14,3,0,1,1,1,1785535895
2026-07-31T22:13:45Z,93,3,1,20,0,0,1,1,1,1785535953
2026-07-31T22:13:45Z,94,11,0,7,1,0,1,1,1,1785534182
2026-07-31T22:13:45Z,95,3,0,30,1,1,1,1,1,1785536019
2026-07-31T22:13:45Z,96,20,3,9,2,0,1,1,1,1785535991
2026-07-31T22:13:45Z,97,1,0,14,2,0,1,1,1,1785535938
2026-07-31T22:13:45Z,98,28,7,7,0,0,1,1,1,1785535955
2026-07-31T22:13:45Z,99,15,2,0,0,0,1,1,1,1785535229
2026-07-31T22:13:45Z,100,11,2,16,0,0,1,1,1,1785535722
2026-07-31T22:13:45Z,101,13,2,1,1,0,1,1,1,1785536009
2026-07-31T22:13:45Z,102,13,0,9,1,0,1,1,1,1785536006
2026-07-31T22:13:45Z,103,27,0,0,3,0,1,1,1,1785536014
2026-07-31T22:13:45Z,104,12,0,13,2,0,1,1,1,1785536019
2026-07-31T22:13:45Z,105,17,0,2,0,0,1,1,1,1785535842
2026-07-31T22:13:45Z,106,14,0,5,2,0,1,1,1,1785535843
2026-07-31T22:13:45Z,107,17,0,19,1,0,1,1,1,1785535971
2026-07-31T22:13:45Z,108,17,1,17,1,0,1,1,1,1785535871
2026-07-31T22:13:45Z,109,18,0,5,0,0,1,1,1,1785535984
2026-07-31T22:13:45Z,110,17,0,6,0,0,1,1,1,1785535848
2026-07-31T22:13:45Z,111,7,0,29,0,0,1,1,1,1785535609
2026-07-31T22:13:45Z,112,10,0,4,1,0,1,1,1,1785536006
2026-07-31T22:13:45Z,113,3,1,15,1,0,1,1,1,1785535887
2026-07-31T22:13:45Z,114,9,6,20,1,1,1,1,1,1785535955
2026-07-31T22:13:45Z,115,13,9,10,5,0,1,1,1,1785535849
2026-07-31T22:13:45Z,116,9,9,18,0,0,1,1,1,1785533918
2026-07-31T22:13:45Z,118,20,2,0,3,0,1,1,1,1785535497
2026-07-31T22:13:45Z,119,0,0,36,2,0,1,1,1,1785535386
2026-07-31T22:13:45Z,120,1,0,24,2,0,1,1,1,1785535829
2026-07-31T22:13:45Z,121,2,0,14,2,1,1,1,1,1785536018
2026-07-31T22:13:45Z,122,12,1,8,1,0,1,1,1,1785536008
2026-07-31T22:13:45Z,123,2,2,44,1,0,1,1,1,1785534739
2026-07-31T22:13:45Z,124,11,0,23,1,0,1,1,1,1785535654
2026-07-31T22:13:45Z,125,1,1,22,0,0,1,1,1,1785535601
2026-07-31T22:13:45Z,126,16,1,14,1,0,1,1,1,1785535998
2026-07-31T22:13:45Z,127,13,2,21,1,0,1,1,1,1785536008
2026-07-31T22:13:45Z,128,6,0,12,1,0,1,1,1,1785535882
2026-07-31T22:13:45Z,129,5,1,10,4,0,1,1,1,1785535932
2026-07-31T22:13:45Z,130,5,0,12,0,0,1,1,1,1785535775
2026-07-31T22:13:45Z,131,8,5,2,1,0,1,1,1,1785535610
2026-07-31T22:13:45Z,132,5,5,9,0,1,1,1,1,1785535727
2026-07-31T22:13:45Z,134,15,0,4,4,0,1,1,1,1785536012
2026-07-31T22:13:45Z,135,6,4,10,3,0,1,1,1,1785535660
2026-07-31T22:13:45Z,136,0,0,0,22,2,1,1,1,1785536014
2026-07-31T22:13:45Z,137,2,2,16,1,0,1,1,1,1785535794
2026-07-31T22:13:45Z,138,13,0,24,0,0,1,1,1,1785535944
2026-07-31T22:13:45Z,139,10,3,9,0,0,1,1,1,1785535851
2026-07-31T22:13:45Z,140,9,3,13,1,0,1,1,1,1785536020
2026-07-31T22:13:45Z,141,11,3,24,1,0,1,1,1,1785535701
2026-07-31T22:13:45Z,142,1,0,22,0,0,1,1,1,1785535911
2026-07-31T22:13:45Z,143,27,0,4,0,0,1,1,1,1785535598
2026-07-31T22:13:45Z,144,22,2,4,1,0,1,1,1,1785535943
2026-07-31T22:13:45Z,146,3,0,19,1,0,1,1,1,1785535801
2026-07-31T22:13:45Z,147,1,0,15,3,0,1,1,1,1785535955
2026-07-31T22:13:45Z,148,0,0,24,3,0,1,1,1,1785535970
2026-07-31T22:13:45Z,149,0,0,27,0,0,1,1,1,1785535220
2026-07-31T22:13:45Z,150,0,0,33,2,0,1,1,1,1785535873
2026-07-31T22:13:45Z,151,1,0,22,0,0,1,1,1,1785536004
2026-07-31T22:13:45Z,152,6,0,17,3,0,1,1,1,1785535636
2026-07-31T22:13:45Z,153,5,0,21,2,0,1,1,1,1785535834
2026-07-31T22:13:45Z,154,12,0,7,4,0,1,1,1,1785535906
2026-07-31T22:13:45Z,155,6,2,7,1,0,1,1,1,1785535934
2026-07-31T22:13:45Z,156,3,0,16,0,0,1,1,1,1785536019
2026-07-31T22:13:45Z,157,6,0,19,2,0,1,1,1,1785535961
2026-07-31T22:13:45Z,158,9,0,6,1,0,1,1,1,1785535788
2026-07-31T22:13:45Z,159,4,1,15,0,0,1,1,1,1785535398
2026-07-31T22:13:45Z,160,7,1,12,0,0,1,1,1,1785535672
2026-07-31T22:13:45Z,161,18,2,3,1,0,1,1,1,1785536013
2026-07-31T22:13:45Z,162,14,10,12,1,0,1,1,1,1785535695
2026-07-31T22:13:45Z,163,3,0,27,0,1,1,1,1,1785536011
2026-07-31T22:13:45Z,164,20,0,7,0,0,1,1,1,1785535790
2026-07-31T22:13:45Z,165,30,4,0,1,0,1,1,1,1785535934
2026-07-31T22:13:45Z,166,4,3,31,4,0,1,1,1,1785536020
2026-07-31T22:13:45Z,167,5,1,17,1,0,1,1,1,1785535958
2026-07-31T22:13:45Z,168,12,2,13,2,0,1,1,1,1785536018
2026-07-31T22:13:45Z,169,15,7,5,2,1,1,1,1,1785535997
2026-07-31T22:13:45Z,170,6,0,12,1,0,1,1,1,1785536015
2026-07-31T22:13:45Z,171,4,1,7,2,0,1,1,1,1785535806
2026-07-31T22:13:45Z,173,34,2,5,0,0,1,1,1,1785535866
2026-07-31T22:13:45Z,174,5,0,21,0,0,1,1,1,1785535918
2026-07-31T22:13:45Z,175,29,2,1,1,0,1,1,1,1785535754
2026-07-31T22:13:45Z,176,11,4,2,1,1,1,1,1,1785535981
2026-07-31T22:13:45Z,177,8,1,19,0,0,1,1,1,1785535725
2026-07-31T22:13:45Z,178,6,2,6,2,1,1,1,1,1785536020
2026-07-31T22:13:45Z,179,6,0,7,2,0,1,1,1,1785535857
2026-07-31T22:13:45Z,180,1,0,29,0,0,1,1,1,1785535864
2026-07-31T22:13:45Z,181,3,1,12,0,0,1,1,1,1785535838
2026-07-31T22:13:45Z,182,5,5,12,0,0,1,1,1,1785535736
2026-07-31T22:13:45Z,183,5,0,16,2,0,1,1,1,1785535934
2026-07-31T22:13:45Z,184,17,5,4,2,0,1,1,1,1785536010
2026-07-31T22:13:45Z,185,6,5,6,2,1,1,1,1,1785535297
2026-07-31T22:13:45Z,186,2,1,17,0,0,1,1,1,1785535489
2026-07-31T22:13:45Z,187,4,0,23,1,0,1,1,1,1785535884
2026-07-31T22:13:45Z,188,12,2,7,8,0,1,1,1,1785535855
2026-07-31T22:13:45Z,189,8,4,7,0,0,1,1,1,1785535461
2026-07-31T22:13:45Z,190,4,1,18,1,0,1,1,1,1785535814
2026-07-31T22:13:45Z,191,6,3,33,0,0,1,1,1,1785535949
2026-07-31T22:13:45Z,192,4,0,25,2,0,1,1,1,1785536016
2026-07-31T22:13:45Z,193,12,8,2,1,0,1,1,1,1785535921
2026-07-31T22:13:45Z,194,15,5,12,0,0,1,1,1,1785536005
2026-07-31T22:13:45Z,195,0,0,19,0,0,1,1,1,1785535076
2026-07-31T22:13:45Z,196,3,2,23,1,0,1,1,1,1785535991
2026-07-31T22:13:45Z,197,1,1,17,0,1,1,1,1,1785535784
2026-07-31T22:13:45Z,198,8,8,13,2,0,1,1,1,1785535855
2026-07-31T22:13:45Z,199,7,3,6,2,0,1,1,1,1785535962
2026-07-31T22:13:45Z,200,11,8,15,0,0,1,1,1,1785535929
2026-07-31T22:13:45Z,201,3,3,20,0,0,1,1,1,1785535971
2026-07-31T22:13:45Z,202,2,1,25,0,0,1,1,1,1785536007
2026-07-31T22:13:45Z,203,1,1,29,1,0,1,1,1,1785535941
2026-07-31T22:13:45Z,204,15,1,16,4,0,1,1,1,1785536010
2026-07-31T22:13:45Z,205,11,0,16,0,0,1,1,1,1785535498
2026-07-31T22:13:45Z,206,8,4,5,2,0,1,1,1,1785536008
2026-07-31T22:13:45Z,207,21,0,0,0,0,1,1,1,1785535936
2026-07-31T22:13:45Z,208,6,0,23,0,0,1,1,1,1785535891
2026-07-31T22:13:45Z,209,22,3,8,1,0,1,1,1,1785536019
2026-07-31T22:13:45Z,210,13,9,14,0,0,1,1,1,1785535856
2026-07-31T22:13:45Z,211,2,1,19,2,0,1,1,1,1785536018
2026-07-31T22:13:45Z,212,25,4,9,1,0,1,1,1,1785535849
2026-07-31T22:13:45Z,213,12,5,10,1,0,1,1,1,1785536009
2026-07-31T22:13:45Z,214,25,3,19,3,0,1,1,1,1785535962
2026-07-31T22:13:45Z,215,11,4,11,1,0,1,1,1,1785535721
2026-07-31T22:13:45Z,216,8,6,10,1,0,1,1,1,1785535991
2026-07-31T22:13:45Z,217,28,3,0,1,0,1,1,1,1785535740
2026-07-31T22:13:45Z,218,11,7,25,3,0,1,1,1,1785535987
2026-07-31T22:13:45Z,219,22,0,3,1,0,1,1,1,1785535739
2026-07-31T22:13:45Z,220,22,12,19,1,1,1,1,1,1785535771
2026-07-31T22:13:45Z,221,6,0,8,1,0,1,1,1,1785535959
2026-07-31T22:13:45Z,222,4,0,14,1,0,1,1,1,1785535964
2026-07-31T22:13:45Z,223,4,0,28,3,0,1,1,1,1785535971
2026-07-31T22:13:45Z,224,3,2,18,1,0,1,1,1,1785536010
2026-07-31T22:13:45Z,225,2,1,13,4,0,1,1,1,1785534981
2026-07-31T22:13:45Z,226,21,4,8,2,0,1,1,1,1785536019
2026-07-31T22:13:45Z,227,1,1,25,1,0,1,1,1,1785535906
2026-07-31T22:13:45Z,228,1,0,17,1,0,1,1,1,1785535927
2026-07-31T22:13:45Z,230,5,0,21,0,0,1,1,1,1785535679
2026-07-31T22:13:45Z,232,5,0,11,1,0,1,1,1,1785535132
2026-07-31T22:13:45Z,233,13,7,17,1,0,1,1,1,1785535833
2026-07-31T22:13:45Z,234,9,8,4,4,2,1,1,1,1785536019
2026-07-31T22:13:45Z,236,13,2,6,0,0,1,1,1,1785535907
2026-07-31T22:13:45Z,237,4,1,18,1,0,1,1,1,1785535890
2026-07-31T22:13:45Z,239,16,12,10,1,0,1,1,1,1785535866
2026-07-31T22:13:45Z,241,4,3,18,1,0,1,1,1,1785536015
2026-07-31T22:13:45Z,242,4,2,18,1,0,1,1,1,1785535886
2026-07-31T22:13:45Z,243,13,12,15,3,0,1,1,1,1785536005
2026-07-31T22:13:45Z,244,2,2,24,1,0,1,1,1,1785535388
2026-07-31T22:13:45Z,245,4,3,19,0,0,1,1,1,1785535904
2026-07-31T22:13:45Z,246,3,1,19,1,0,1,1,1,1785535958
2026-07-31T22:13:45Z,247,9,4,12,2,0,1,1,1,1785535797
2026-07-31T22:13:45Z,248,7,7,14,2,0,1,1,1,1785535752
2026-07-31T22:13:45Z,249,15,14,3,1,0,1,1,1,1785535924
2026-07-31T22:13:45Z,250,2,1,22,3,0,1,1,1,1785535987
2026-07-31T22:13:45Z,251,16,10,7,4,0,1,1,1,1785535843
2026-07-31T22:13:45Z,253,7,4,12,0,0,1,1,1,1785535607
2026-07-31T22:13:45Z,254,15,2,27,1,0,1,1,1,1785535847
2026-07-31T22:13:45Z,255,11,3,11,0,1,1,1,1,1785535753
2026-07-31T22:13:45Z,256,1,1,21,1,0,1,1,1,1785535873
2026-07-31T22:13:45Z,257,2,0,17,0,0,1,1,1,1785535445
2026-07-31T22:13:45Z,258,17,9,0,2,0,1,1,1,1785535774
2026-07-31T22:13:45Z,259,12,0,9,1,1,1,1,1,1785535890
2026-07-31T22:13:45Z,260,10,5,8,1,0,1,1,1,1785535855
2026-07-31T22:13:45Z,261,1,0,16,1,1,1,1,1,1785535785
2026-07-31T22:13:45Z,262,3,1,19,1,0,1,1,1,1785535770
2026-07-31T22:13:45Z,263,3,3,11,1,0,1,1,1,1785535963
2026-07-31T22:13:45Z,264,0,0,19,0,0,1,1,1,1785533790
2026-07-31T22:13:45Z,265,8,1,7,0,0,1,1,1,1785535724
2026-07-31T22:13:45Z,266,11,8,7,1,0,1,1,1,1785536017
2026-07-31T22:13:45Z,267,9,4,5,1,0,1,1,1,1785531709
2026-07-31T22:13:45Z,268,18,7,4,1,0,1,1,1,1785535199
2026-07-31T22:13:45Z,269,6,4,17,0,0,1,1,1,1785535956
2026-07-31T22:13:45Z,270,10,2,16,1,0,1,1,1,1785535917
2026-07-31T22:13:45Z,271,2,0,15,2,0,1,1,1,1785535694
2026-07-31T22:13:45Z,272,4,1,19,0,0,1,1,1,1785535993
2026-07-31T22:13:45Z,273,7,3,8,0,0,1,1,1,1785536000
2026-07-31T22:13:45Z,274,2,2,16,1,0,1,1,1,1785535618
2026-07-31T22:13:45Z,275,3,0,16,4,0,1,1,1,1785535687
2026-07-31T22:13:45Z,276,3,1,23,1,0,1,1,1,1785534446
2026-07-31T22:13:45Z,277,0,0,19,4,0,1,1,1,1785535769
2026-07-31T22:13:45Z,278,9,8,20,2,0,1,1,1,1785535066
2026-07-31T22:13:45Z,279,2,1,17,0,0,1,1,1,1785535828
2026-07-31T22:13:45Z,280,5,2,23,3,0,1,1,1,1785535808
2026-07-31T22:13:45Z,281,4,0,15,0,0,1,1,1,1785535966
2026-07-31T22:13:45Z,282,9,2,9,0,0,1,1,1,1785536001
2026-07-31T22:13:45Z,283,14,3,21,0,0,1,1,1,1785535963
2026-07-31T22:13:45Z,284,32,6,1,2,0,1,1,1,1785535493
2026-07-31T22:13:45Z,285,5,3,18,0,0,1,1,1,1785534896
2026-07-31T22:13:45Z,286,10,3,12,1,0,1,1,1,1785535972
2026-07-31T22:13:45Z,287,8,1,12,3,0,1,1,1,1785535224
2026-07-31T22:13:45Z,288,4,0,14,1,0,1,1,1,1785535539
2026-07-31T22:13:45Z,289,11,8,12,4,0,1,1,1,1785535998
2026-07-31T22:13:45Z,290,22,1,15,2,0,1,1,1,1785535578
2026-07-31T22:13:45Z,291,8,1,14,1,0,1,1,1,1785535979
2026-07-31T22:13:45Z,292,11,3,12,0,0,1,1,1,1785535004
2026-07-31T22:13:45Z,293,3,1,19,1,0,1,1,1,1785535683
2026-07-31T22:13:45Z,294,4,4,14,4,0,1,1,1,1785535666
2026-07-31T22:13:45Z,297,11,0,7,0,1,1,1,1,1785535841
2026-07-31T22:13:45Z,301,16,0,2,1,0,1,1,1,1785535932
2026-07-31T22:13:45Z,302,22,0,0,1,0,1,1,1,1785535312
2026-07-31T22:13:45Z,303,2,0,17,0,0,1,1,1,1785535945
2026-07-31T22:13:45Z,304,0,0,0,0,0,0,1,1,86400
2026-07-31T22:13:45Z,305,0,0,18,1,0,1,1,1,1785536018
2026-07-31T22:13:45Z,306,8,0,23,1,0,1,1,1,1785535173
2026-07-31T22:13:45Z,307,10,1,13,0,0,1,1,1,1785535994
2026-07-31T22:13:45Z,308,13,3,5,1,0,1,1,1,1785535729
2026-07-31T22:13:45Z,309,2,1,11,1,0,1,1,1,1785535525
2026-07-31T22:13:45Z,311,5,0,9,1,0,1,1,1,1785535970
2026-07-31T22:13:45Z,312,5,5,15,3,0,1,1,1,1785535878
2026-07-31T22:13:45Z,313,2,0,13,0,0,1,1,1,1785535131
2026-07-31T22:13:45Z,314,9,2,7,3,0,1,1,1,1785535533
2026-07-31T22:13:45Z,315,12,5,17,2,0,1,1,1,1785536000
2026-07-31T22:13:45Z,316,2,1,21,7,1,1,1,1,1785535854
2026-07-31T22:13:45Z,317,20,6,10,0,1,1,1,1,1785536015
2026-07-31T22:13:45Z,318,19,4,0,0,0,1,1,1,1785533970
2026-07-31T22:13:45Z,319,14,2,7,2,0,1,1,1,1785535850
2026-07-31T22:13:45Z,320,3,0,15,1,0,1,1,1,1785535664
2026-07-31T22:13:45Z,321,2,0,13,4,0,1,1,1,1785535817
2026-07-31T22:13:45Z,322,19,0,10,0,0,1,1,1,1785535960
2026-07-31T22:13:45Z,323,5,1,13,1,0,1,1,1,1785535743
2026-07-31T22:13:45Z,324,16,1,10,1,0,1,1,1,1785536017
2026-07-31T22:13:45Z,325,2,2,23,2,0,1,1,1,1785535490
2026-07-31T22:13:45Z,327,21,2,4,2,0,1,1,1,1785535951
2026-07-31T22:13:45Z,328,20,0,1,1,0,1,1,1,1785535819
2026-07-31T22:13:45Z,329,5,2,11,3,0,1,1,1,1785535839
2026-07-31T22:13:45Z,330,19,0,3,0,0,1,1,1,1785535770
2026-07-31T22:13:45Z,331,14,0,7,2,0,1,1,1,1785535990
2026-07-31T22:13:45Z,332,5,3,13,1,0,1,1,1,1785535146
2026-07-31T22:13:45Z,333,6,5,15,2,0,1,1,1,1785535951
2026-07-31T22:13:45Z,334,5,0,17,1,0,1,1,1,1785535605
2026-07-31T22:13:45Z,335,6,3,16,0,1,1,1,1,1785535866
2026-07-31T22:13:45Z,336,4,1,15,0,0,1,1,1,1785535924
2026-07-31T22:13:45Z,337,5,5,14,4,0,1,1,1,1785535743
2026-07-31T22:13:45Z,338,1,0,18,0,0,1,1,1,1785535258
2026-07-31T22:13:45Z,339,6,6,14,3,0,1,1,1,1785535918
2026-07-31T22:13:45Z,340,4,2,10,1,0,1,1,1,1785535499
2026-07-31T22:13:45Z,341,7,1,12,0,0,1,1,1,1785535791
2026-07-31T22:13:45Z,342,3,1,11,1,0,1,1,1,1785535966
2026-07-31T22:13:45Z,343,9,4,13,1,0,1,1,1,1785535684
2026-07-31T22:13:45Z,344,5,1,18,0,0,1,1,1,1785535797
2026-07-31T22:13:45Z,345,17,1,2,0,0,1,1,1,1785535931
2026-07-31T22:13:45Z,346,3,3,20,0,0,1,1,1,1785532493
2026-07-31T22:13:45Z,347,25,2,15,4,0,1,1,1,1785536014
2026-07-31T22:13:45Z,348,7,0,15,0,1,1,1,1,1785536015
2026-07-31T22:13:45Z,349,14,3,5,0,0,1,1,1,1785534282
2026-07-31T22:13:45Z,350,3,2,22,1,1,1,1,1,1785535841
2026-07-31T22:13:45Z,351,3,2,18,2,0,1,1,1,1785535987
2026-07-31T22:13:45Z,355,10,2,13,0,0,1,1,1,1785535459
2026-07-31T22:13:45Z,356,9,4,10,0,0,1,1,1,1785535967
2026-07-31T22:13:45Z,357,8,4,10,1,0,1,1,1,1785535949
2026-07-31T22:13:45Z,358,18,1,8,1,0,1,1,1,1785535438
2026-07-31T22:13:45Z,359,12,1,15,0,0,1,1,1,1785534793
2026-07-31T22:13:45Z,360,5,4,14,0,0,1,1,1,1785535306
2026-07-31T22:13:45Z,362,4,2,13,2,0,1,1,1,1785535896
2026-07-31T22:13:45Z,363,18,3,9,0,0,1,1,1,1785535968
2026-07-31T22:13:45Z,364,1,0,18,0,0,1,1,1,1785535849
2026-07-31T22:13:45Z,365,1,1,18,4,0,1,1,1,1785535667
2026-07-31T22:13:45Z,366,3,3,20,0,0,1,1,1,1785535779
2026-07-31T22:13:45Z,367,4,2,13,2,0,1,1,1,1785535003
2026-07-31T22:13:45Z,368,2,1,20,1,0,1,1,1,1785534044
2026-07-31T22:13:45Z,370,9,3,18,0,0,1,1,1,1785534955
2026-07-31T22:13:45Z,371,3,3,15,1,0,1,1,1,1785536010
2026-07-31T22:13:45Z,372,10,0,4,1,0,1,1,1,1785534830
2026-07-31T22:13:45Z,373,0,0,26,1,0,1,1,1,1785534676
2026-07-31T22:13:45Z,374,0,0,18,1,0,1,1,1,1785534562
2026-07-31T22:13:45Z,375,3,1,23,1,0,1,1,1,1785535993
2026-07-31T22:13:45Z,376,1,1,36,2,0,1,1,1,1785535931
2026-07-31T22:13:45Z,377,8,1,17,2,0,1,1,1,1785535832
2026-07-31T22:13:45Z,378,1,1,21,1,1,1,1,1,1785535940
2026-07-31T22:13:45Z,379,21,2,2,4,0,1,1,1,1785535701
2026-07-31T22:13:45Z,380,6,0,17,0,0,1,1,1,1785535715
2026-07-31T22:13:45Z,381,18,0,5,0,0,1,1,1,1785536005
2026-07-31T22:13:45Z,383,13,2,0,2,0,1,1,1,1785535961
2026-07-31T22:13:45Z,384,3,1,21,3,0,1,1,1,1785535988
2026-07-31T22:13:45Z,385,2,1,15,1,0,1,1,1,1785535422
2026-07-31T22:13:45Z,387,2,1,21,0,0,1,1,1,1785534151
2026-07-31T22:13:45Z,388,36,3,9,4,0,1,1,1,1785535978
2026-07-31T22:13:45Z,389,3,2,11,1,0,1,1,1,1785535996
2026-07-31T22:13:45Z,390,16,1,18,1,0,1,1,1,1785535726
2026-07-31T22:13:45Z,391,5,3,10,0,0,1,1,1,1785535483
2026-07-31T22:13:45Z,392,5,5,12,2,0,1,1,1,1785535919
2026-07-31T22:13:45Z,393,1,1,6,4,0,1,1,1,1785534996
2026-07-31T22:13:45Z,394,7,1,4,2,0,1,1,1,1785534901
2026-07-31T22:13:45Z,396,1,1,41,0,0,1,1,1,1785535970
2026-07-31T22:13:45Z,397,14,7,17,0,0,1,1,1,1785535685
2026-07-31T22:13:45Z,399,0,0,15,2,0,1,1,1,1785536019
2026-07-31T22:13:45Z,400,14,9,7,2,0,1,1,1,1785534739
2026-07-31T22:13:45Z,401,4,0,27,8,0,1,1,1,1785535294
2026-07-31T22:13:45Z,403,23,6,4,4,0,1,1,1,1785535932
2026-07-31T22:13:45Z,404,4,3,18,1,0,1,1,1,1785535726
2026-07-31T22:13:45Z,406,21,6,12,2,0,1,1,1,1785536008
2026-07-31T22:13:45Z,407,13,1,20,1,0,1,1,1,1785535942
2026-07-31T22:13:45Z,408,4,3,25,4,0,1,1,1,1785535592
2026-07-31T22:13:45Z,409,14,2,5,4,0,1,1,1,1785535992
2026-07-31T22:13:45Z,413,11,3,10,2,0,1,1,1,1785534956
2026-07-31T22:13:45Z,414,8,0,6,1,0,1,1,1,1785535948
2026-07-31T22:13:45Z,417,5,1,13,1,0,1,1,1,1785535617
2026-07-31T22:13:45Z,418,5,4,10,0,0,1,1,1,1785535459
2026-07-31T22:13:45Z,419,13,1,10,0,0,1,1,1,1785533166
2026-07-31T22:13:45Z,421,9,0,10,0,0,1,1,1,1785535893
2026-07-31T22:13:45Z,422,15,2,12,0,0,1,1,1,1785535974
2026-07-31T22:13:45Z,423,0,0,22,1,0,1,1,1,1785535433
2026-07-31T22:13:45Z,424,8,4,4,2,1,1,1,1,1785535656
2026-07-31T22:13:45Z,425,0,0,21,0,1,1,1,1,1785535667
2026-07-31T22:13:45Z,426,2,0,33,2,0,1,1,1,1785535883
2026-07-31T22:13:45Z,427,11,1,1,3,0,1,1,1,1785535844
2026-07-31T22:13:45Z,428,13,0,6,0,0,1,1,1,1785535757
2026-07-31T22:13:45Z,429,15,6,7,1,0,1,1,1,1785536017
2026-07-31T22:13:45Z,430,4,1,24,3,0,1,1,1,1785535798
2026-07-31T22:13:45Z,431,3,0,29,1,0,1,1,1,1785535821
2026-07-31T22:13:45Z,432,0,0,30,1,0,0,1,1,1785508564
2026-07-31T22:13:45Z,433,4,2,16,3,0,1,1,1,1785533359
2026-07-31T22:13:45Z,437,4,1,11,4,0,1,1,1,1785535981
2026-07-31T22:13:45Z,438,6,2,12,1,0,1,1,1,1785535862
2026-07-31T22:13:45Z,439,13,4,2,0,0,1,1,1,1785535761
2026-07-31T22:13:45Z,440,12,2,2,1,0,1,1,1,1785535911
2026-07-31T22:13:45Z,441,3,1,10,2,0,1,1,1,1785535866
2026-07-31T22:13:45Z,442,11,3,6,2,0,1,1,1,1785535999
2026-07-31T22:13:45Z,443,5,2,22,0,0,1,1,1,1785512432
2026-07-31T22:13:45Z,444,1,1,22,0,0,1,1,1,1785535180
2026-07-31T22:13:45Z,445,6,2,16,1,0,1,1,1,1785535779
2026-07-31T22:13:45Z,446,2,0,21,0,0,1,1,1,1785533737
2026-07-31T22:13:45Z,447,3,0,18,1,1,1,1,1,1785534024
2026-07-31T22:13:45Z,448,7,0,7,1,0,1,1,1,1785530120
2026-07-31T22:13:45Z,452,7,3,11,1,0,1,1,1,1785535565
2026-07-31T22:13:45Z,453,3,1,9,3,0,1,1,1,1785535748
2026-07-31T22:13:45Z,454,17,0,2,0,0,1,1,1,1785535648
2026-07-31T22:13:45Z,455,28,1,10,1,0,1,1,1,1785535564
2026-07-31T22:13:45Z,456,18,1,1,1,0,1,1,1,1785536016
2026-07-31T22:13:45Z,457,5,5,21,1,0,1,1,1,1785535636
2026-07-31T22:13:45Z,458,4,2,17,2,0,1,1,1,1785535271
2026-07-31T22:13:45Z,459,12,1,3,0,0,1,1,1,1785535921
2026-07-31T22:13:45Z,460,18,1,5,0,0,1,1,1,1785535791
2026-07-31T22:13:45Z,461,9,0,9,1,0,1,1,1,1785535973
2026-07-31T22:13:45Z,462,20,1,1,0,0,1,1,1,1785535499
2026-07-31T22:13:45Z,463,8,0,11,0,0,1,1,1,1785534777
2026-07-31T22:13:45Z,464,2,0,12,0,0,1,1,1,1785535632
2026-07-31T22:13:45Z,465,3,3,12,0,0,1,1,1,1785535718
2026-07-31T22:13:45Z,466,6,2,3,6,0,1,1,1,1785534500
2026-07-31T22:13:45Z,467,1,0,18,0,0,1,1,1,1785535954
2026-07-31T22:13:45Z,468,1,0,17,1,0,1,1,1,1785534756
2026-07-31T22:13:45Z,469,6,1,17,0,0,1,1,1,1785535020
2026-07-31T22:13:45Z,470,1,0,12,2,0,1,1,1,1785535829
2026-07-31T22:13:45Z,471,24,3,3,0,0,1,1,1,1785535393
2026-07-31T22:13:45Z,472,8,3,10,1,0,1,1,1,1785535893
2026-07-31T22:13:45Z,473,8,0,11,0,0,1,1,1,1785535578
2026-07-31T22:13:45Z,474,6,1,12,1,0,1,1,1,1785536005
2026-07-31T22:13:45Z,475,4,2,14,1,0,1,1,1,1785535645
2026-07-31T22:13:45Z,477,6,0,9,0,0,1,1,1,1785535814
2026-07-31T22:13:45Z,478,22,0,9,0,0,1,1,1,1785535901
2026-07-31T22:13:45Z,479,8,0,17,2,0,1,1,1,1785535835
2026-07-31T22:13:45Z,480,7,2,7,1,0,1,1,1,1785535108
2026-07-31T22:13:45Z,481,11,0,23,1,0,1,1,1,1785535933
2026-07-31T22:13:45Z,482,3,2,16,0,0,1,1,1,1785535664
2026-07-31T22:13:45Z,483,1,0,24,2,0,1,1,1,1785535833
2026-07-31T22:13:45Z,484,2,0,16,1,0,1,1,1,1785535797
2026-07-31T22:13:45Z,485,11,4,7,0,1,1,1,1,1785535887
2026-07-31T22:13:45Z,486,3,0,21,3,0,1,1,1,1785536010
2026-07-31T22:13:45Z,487,8,5,8,3,0,1,1,1,1785535665
2026-07-31T22:13:45Z,489,5,2,10,0,0,1,1,1,1785535966
2026-07-31T22:13:45Z,490,12,0,3,1,0,1,1,1,1785535958
2026-07-31T22:13:45Z,491,8,2,12,1,0,1,1,1,1785535993
2026-07-31T22:13:45Z,492,2,2,6,3,0,1,1,1,1785536020
2026-07-31T22:13:45Z,493,20,1,7,0,0,1,1,1,1785535312
2026-07-31T22:13:45Z,495,9,0,5,1,0,1,1,1,1785535646
2026-07-31T22:13:45Z,496,10,2,17,0,0,1,1,1,1785535967
2026-07-31T22:13:45Z,497,1,1,17,0,0,1,1,1,1785535960
2026-07-31T22:13:45Z,498,1,1,22,0,0,1,1,1,1785535449
2026-07-31T22:13:45Z,499,2,0,16,1,0,1,1,1,1785536006
2026-07-31T22:13:45Z,500,1,0,10,4,0,1,1,1,1785535983
2026-07-31T22:13:45Z,501,10,1,11,0,0,1,1,1,1785535833
2026-07-31T22:13:45Z,502,1,0,16,2,0,1,1,1,1785533820
2026-07-31T22:13:45Z,503,6,1,24,1,0,1,1,1,1785535653
2026-07-31T22:13:45Z,504,0,0,36,3,0,1,1,1,1785535895
2026-07-31T22:13:45Z,505,5,0,6,1,0,1,1,1,1785535659
2026-07-31T22:13:45Z,511,3,2,20,0,0,1,1,1,1785533768
2026-07-31T22:13:45Z,512,9,0,18,0,0,1,1,1,1785535726
2026-07-31T22:13:45Z,514,2,2,8,1,0,1,1,1,1785535662
2026-07-31T22:13:45Z,515,5,2,14,0,0,1,1,1,1785535840
2026-07-31T22:13:45Z,516,5,0,22,0,0,1,1,1,1785535692
2026-07-31T22:13:45Z,517,14,3,9,0,0,1,1,1,1785535623
2026-07-31T22:13:45Z,518,5,0,9,1,0,1,1,1,1785533962
2026-07-31T22:13:45Z,519,6,4,12,1,0,1,1,1,1785535628
2026-07-31T22:13:45Z,520,17,6,2,7,1,1,1,1,1785536016
2026-07-31T22:13:45Z,521,4,3,19,0,0,1,1,1,1785535813
2026-07-31T22:13:45Z,522,18,3,3,2,0,1,1,1,1785535989
2026-07-31T22:13:45Z,523,11,5,11,1,0,1,1,1,1785536008
2026-07-31T22:13:45Z,524,12,2,11,0,0,1,1,1,1785535839
2026-07-31T22:13:45Z,525,9,0,10,0,0,1,1,1,1785535480
2026-07-31T22:13:45Z,526,7,4,8,0,0,1,1,1,1785535838
2026-07-31T22:13:45Z,527,16,12,9,1,0,1,1,1,1785535929
2026-07-31T22:13:45Z,528,17,2,4,2,0,1,1,1,1785535153
2026-07-31T22:13:45Z,529,6,4,7,6,0,1,1,1,1785536021
2026-07-31T22:13:45Z,530,9,0,9,3,0,1,1,1,1785535609
2026-07-31T22:13:45Z,531,14,2,8,0,1,1,1,1,1785535922
2026-07-31T22:13:45Z,532,6,6,24,1,0,1,1,1,1785535981
2026-07-31T22:13:45Z,533,12,0,6,1,0,1,1,1,1785535265
2026-07-31T22:13:45Z,534,4,1,19,0,0,1,1,1,1785535927
2026-07-31T22:13:45Z,535,1,1,14,0,0,1,1,1,1785535253
2026-07-31T22:13:45Z,536,8,0,15,0,0,1,1,1,1785536005
2026-07-31T22:13:45Z,537,4,1,16,0,0,1,1,1,1785535907
2026-07-31T22:13:45Z,538,11,1,10,0,2,1,1,1,1785535978
2026-07-31T22:13:45Z,539,1,1,30,0,0,1,1,1,1785535378
2026-07-31T22:13:45Z,540,3,2,16,0,0,1,1,1,1785535802
2026-07-31T22:13:45Z,541,7,1,20,0,0,1,1,1,1785536019
2026-07-31T22:13:45Z,542,0,0,23,0,0,1,1,1,1785535533
2026-07-31T22:13:45Z,543,1,0,18,0,0,1,1,1,1785535909
2026-07-31T22:13:45Z,544,14,4,4,4,0,1,1,1,1785535992
2026-07-31T22:13:45Z,545,12,1,1,6,0,1,1,1,1785536012
2026-07-31T22:13:45Z,546,2,2,17,0,0,1,1,1,1785535680
2026-07-31T22:13:45Z,547,13,1,12,0,0,1,1,1,1785535878
2026-07-31T22:13:45Z,548,6,2,16,1,0,1,1,1,1785535594
2026-07-31T22:13:45Z,549,19,1,3,1,0,1,1,1,1785535913
2026-07-31T22:13:45Z,550,2,2,17,0,0,1,1,1,1785535592
2026-07-31T22:13:45Z,551,2,2,20,1,0,1,1,1,1785535680
2026-07-31T22:13:45Z,552,2,1,25,0,0,1,1,1,1785535889
2026-07-31T22:13:45Z,553,2,0,18,3,0,1,1,1,1785535938
2026-07-31T22:13:45Z,554,1,1,17,1,0,1,1,1,1785535969
2026-07-31T22:13:45Z,555,8,1,6,1,0,1,1,1,1785534856
2026-07-31T22:13:45Z,556,9,1,12,2,0,1,1,1,1785536002
2026-07-31T22:13:45Z,557,1,0,20,2,0,1,1,1,1785536011
2026-07-31T22:13:45Z,558,34,13,1,2,0,1,1,1,1785536000
2026-07-31T22:13:45Z,559,7,0,11,1,0,1,1,1,1785535667
2026-07-31T22:13:45Z,560,26,0,1,0,0,1,1,1,1785535416
2026-07-31T22:13:45Z,561,6,2,14,3,0,1,1,1,1785536007
2026-07-31T22:13:45Z,562,7,0,21,7,0,1,1,1,1785535095
2026-07-31T22:13:45Z,563,5,0,8,1,0,1,1,1,1785536015
2026-07-31T22:13:45Z,564,4,1,14,1,0,1,1,1,1785535624
2026-07-31T22:13:45Z,565,4,0,15,0,0,1,1,1,1785536001
2026-07-31T22:13:45Z,566,11,0,7,1,0,1,1,1,1785536014
2026-07-31T22:13:45Z,567,14,1,11,2,0,1,1,1,1785535935
2026-07-31T22:13:45Z,568,8,0,10,1,0,1,1,1,1785535395
2026-07-31T22:13:45Z,569,10,0,7,2,0,1,1,1,1785535998
2026-07-31T22:13:45Z,570,8,1,9,2,0,1,1,1,1785535946
2026-07-31T22:13:45Z,571,5,0,18,0,0,1,1,1,1785535551
2026-07-31T22:13:45Z,572,4,0,15,0,0,1,1,1,1785535993
2026-07-31T22:13:45Z,573,12,3,3,0,0,1,1,1,1785535667
2026-07-31T22:13:45Z,574,3,2,12,0,0,1,1,1,1785535927
2026-07-31T22:13:45Z,575,4,0,16,1,0,1,1,1,1785535949
2026-07-31T22:13:45Z,576,1,0,18,0,0,1,1,1,1785535770
2026-07-31T22:13:45Z,577,27,0,4,0,0,1,1,1,1785535700
2026-07-31T22:13:45Z,578,4,0,18,1,0,1,1,1,1785536018
2026-07-31T22:13:45Z,579,10,0,32,1,0,1,1,1,1785536017
2026-07-31T22:13:45Z,580,4,0,25,0,0,1,1,1,1785536016
2026-07-31T22:13:45Z,581,16,1,3,0,0,1,1,1,1785535759
2026-07-31T22:13:45Z,582,21,0,38,2,0,1,1,1,1785536019
2026-07-31T22:13:45Z,583,3,0,19,1,0,1,1,1,1785535239
2026-07-31T22:13:45Z,584,1,0,14,4,0,1,1,1,1785535753
2026-07-31T22:13:45Z,585,0,0,26,0,1,1,1,1,1785536010
2026-07-31T22:13:45Z,586,11,1,23,1,0,1,1,1,1785535992
2026-07-31T22:13:45Z,587,8,2,15,1,0,1,1,1,1785536017
2026-07-31T22:13:45Z,588,7,3,9,2,1,1,1,1,1785535822
2026-07-31T22:13:45Z,589,6,0,16,0,0,1,1,1,1785535785
2026-07-31T22:13:45Z,590,8,1,22,1,0,1,1,1,1785535900
2026-07-31T22:13:45Z,591,2,1,26,2,0,1,1,1,1785535135
2026-07-31T22:13:45Z,592,10,0,13,0,0,1,1,1,1785536014
2026-07-31T22:13:45Z,593,18,2,20,0,0,1,1,1,1785535826
2026-07-31T22:13:45Z,594,14,0,6,1,0,1,1,1,1785535964
2026-07-31T22:13:45Z,595,0,0,3,0,0,0,1,1,1784046673
2026-07-31T22:13:45Z,605,0,0,2,1,0,0,1,1,1783975843
2026-07-31T22:13:45Z,606,0,0,0,0,0,0,1,1,86400
2026-07-31T22:13:45Z,607,2,1,27,3,0,1,1,1,1785536014
2026-07-31T22:13:45Z,608,36,2,14,0,0,1,1,1,1785535861
2026-07-31T22:13:45Z,609,3,1,20,0,0,1,1,1,1785535445
2026-07-31T22:13:45Z,610,10,0,25,0,0,1,1,1,1785535762
2026-07-31T22:13:45Z,611,3,0,23,1,0,1,1,1,1785535934
2026-07-31T22:13:45Z,612,8,1,7,0,0,1,1,1,1785533466
2026-07-31T22:13:45Z,613,12,4,0,3,0,1,1,1,1785530289
2026-07-31T22:13:45Z,614,2,2,22,2,1,1,1,1,1785535850
2026-07-31T22:13:45Z,617,10,1,3,2,0,1,1,1,1785535951
2026-07-31T22:13:45Z,618,9,1,4,6,0,1,1,1,1785535499
2026-07-31T22:13:45Z,619,8,5,11,0,0,1,1,1,1785535630
2026-07-31T22:13:45Z,620,14,2,12,1,0,1,1,1,1785535904
2026-07-31T22:13:45Z,621,2,2,21,0,0,1,1,1,1785535952
2026-07-31T22:13:45Z,622,12,1,10,1,0,1,1,1,1785535930
2026-07-31T22:13:45Z,623,20,7,10,0,0,1,1,1,1785535596
2026-07-31T22:13:45Z,624,0,0,15,0,0,1,1,1,1785534424
2026-07-31T22:13:45Z,625,16,3,0,5,0,1,1,1,1785535790
2026-07-31T22:13:45Z,626,41,0,4,0,2,1,1,1,1785536018
2026-07-31T22:13:45Z,627,16,4,3,0,0,1,1,1,1785535956
2026-07-31T22:13:45Z,628,2,2,14,2,1,1,1,1,1785533935
2026-07-31T22:13:45Z,629,2,1,7,2,0,1,1,1,1785536019
2026-07-31T22:13:45Z,630,1,0,22,4,0,1,1,1,1785535811
2026-07-31T22:13:45Z,631,3,3,20,0,0,1,1,1,1785535755
2026-07-31T22:13:45Z,632,17,1,4,2,0,1,1,1,1785535811
2026-07-31T22:13:45Z,633,11,3,1,3,0,1,1,1,1785530006
2026-07-31T22:13:45Z,634,11,1,8,0,0,1,1,1,1785534984
2026-07-31T22:13:45Z,635,16,1,3,0,0,1,1,1,1785535783
2026-07-31T22:13:45Z,636,7,2,8,0,0,1,1,1,1785526430
2026-07-31T22:13:45Z,637,6,2,11,2,0,1,1,1,1785535251
2026-07-31T22:13:45Z,638,6,2,11,2,0,1,1,1,1785535130
2026-07-31T22:13:45Z,639,10,2,7,2,0,1,1,1,1785535787
2026-07-31T22:13:45Z,640,15,6,6,2,0,1,1,1,1785535964
2026-07-31T22:13:45Z,641,8,0,19,0,0,1,1,1,1785535823
2026-07-31T22:13:45Z,642,4,3,7,8,0,1,1,1,1785536020
2026-07-31T22:13:45Z,643,4,0,15,8,0,1,1,1,1785536020
2026-07-31T22:13:45Z,644,13,1,1,1,0,1,1,1,1785533615
2026-07-31T22:13:45Z,645,15,1,6,1,1,1,1,1,1785535419
2026-07-31T22:13:45Z,646,4,1,15,0,0,1,1,1,1785533859
2026-07-31T22:13:45Z,647,3,0,28,0,0,1,1,1,1785535822
2026-07-31T22:13:45Z,648,2,0,16,1,0,1,1,1,1785535473
2026-07-31T22:13:45Z,649,24,0,6,1,0,1,1,1,1785535761
2026-07-31T22:13:45Z,650,5,1,9,0,0,1,1,1,1785535619
2026-07-31T22:13:45Z,651,9,7,14,0,0,1,1,1,1785534849
2026-07-31T22:13:45Z,652,4,2,17,2,0,1,1,1,1785535862
2026-07-31T22:13:45Z,653,2,1,16,1,0,1,1,1,1785535408
2026-07-31T22:13:45Z,654,2,1,13,0,0,1,1,1,1785535877
2026-07-31T22:13:45Z,655,8,4,0,4,1,1,1,1,1785535747
2026-07-31T22:13:45Z,656,3,2,16,0,0,1,1,1,1785535970
2026-07-31T22:13:45Z,657,11,4,2,2,2,1,1,1,1785535814
2026-07-31T22:13:45Z,658,9,1,1,0,0,1,1,1,1785533651
2026-07-31T22:13:45Z,659,7,5,6,2,0,1,1,1,1785535916
2026-07-31T22:13:45Z,660,15,3,11,5,0,1,1,1,1785535825
2026-07-31T22:13:45Z,661,6,2,13,0,0,1,1,1,1785535961
2026-07-31T22:13:45Z,662,5,2,14,4,0,1,1,1,1785533873
2026-07-31T22:13:45Z,663,6,0,9,0,0,1,1,1,1785535772
2026-07-31T22:13:45Z,664,13,0,14,0,0,1,1,1,1785535323
2026-07-31T22:13:45Z,665,8,4,7,0,0,1,1,1,1785535459
2026-07-31T22:13:45Z,666,7,2,5,3,0,1,1,1,1785535910
2026-07-31T22:13:45Z,667,12,3,6,1,0,1,1,1,1785535813
2026-07-31T22:13:45Z,668,7,1,12,0,0,1,1,1,1785535884
2026-07-31T22:13:45Z,669,5,3,7,2,0,1,1,1,1785534788
2026-07-31T22:13:45Z,670,19,0,7,1,0,1,1,1,1785535382
2026-07-31T22:13:45Z,671,19,2,8,0,0,1,1,1,1785535519
2026-07-31T22:13:45Z,672,6,0,13,3,1,1,1,1,1785535289
2026-07-31T22:13:45Z,673,13,0,9,0,1,1,1,1,1785535852
2026-07-31T22:13:45Z,674,1,0,20,2,0,1,1,1,1785535950
2026-07-31T22:13:45Z,675,2,1,11,2,0,1,1,1,1785535991
2026-07-31T22:13:45Z,676,9,0,11,2,0,1,1,1,1785535945
2026-07-31T22:13:45Z,681,10,4,4,0,1,1,1,1,1785535415
2026-07-31T22:13:45Z,682,6,1,13,0,0,1,1,1,1785534288
2026-07-31T22:13:45Z,683,1,1,18,0,0,1,1,1,1785527602
2026-07-31T22:13:45Z,684,4,1,23,0,0,1,1,1,1785535557
2026-07-31T22:13:45Z,685,6,0,19,1,1,1,1,1,1785535602
2026-07-31T22:13:45Z,686,10,0,14,3,0,1,1,1,1785535866
2026-07-31T22:13:45Z,687,12,1,17,1,1,1,1,1,1785535892
2026-07-31T22:13:45Z,688,12,1,7,0,0,1,1,1,1785534682
2026-07-31T22:13:45Z,692,0,0,21,0,0,1,1,1,1785534890
2026-07-31T22:13:45Z,693,6,0,2,3,0,1,1,1,1785534253
2026-07-31T22:13:45Z,694,8,3,13,0,0,1,1,1,1785535932
2026-07-31T22:13:45Z,695,1,1,21,1,0,1,1,1,1785535190
2026-07-31T22:13:45Z,696,16,13,7,0,0,1,1,1,1785534592
2026-07-31T22:13:45Z,697,23,5,0,0,0,1,1,1,1785536009
2026-07-31T22:13:45Z,698,25,3,2,0,0,1,1,1,1785536014
2026-07-31T22:13:45Z,699,5,0,9,1,0,1,1,1,1785534641
2026-07-31T22:13:45Z,700,16,1,2,1,0,1,1,1,1785535672
2026-07-31T22:13:45Z,701,15,3,4,0,0,1,1,1,1785534265
2026-07-31T22:13:45Z,702,5,4,18,0,0,1,1,1,1785535803
2026-07-31T22:13:45Z,704,4,0,10,1,0,1,1,1,1785535418
2026-07-31T22:13:45Z,705,1,0,14,0,0,1,1,1,1785534884
2026-07-31T22:13:45Z,706,4,1,9,2,0,1,1,1,1785536010
2026-07-31T22:13:45Z,707,7,1,8,0,0,1,1,1,1785534761
2026-07-31T22:13:45Z,708,16,1,2,1,0,1,1,1,1785535554
2026-07-31T22:13:45Z,709,3,0,9,3,0,1,1,1,1785535388
2026-07-31T22:13:45Z,710,2,0,16,1,0,1,1,1,1785535109
2026-07-31T22:13:45Z,711,7,1,13,3,0,1,1,1,1785536007
2026-07-31T22:13:45Z,712,6,6,8,1,0,1,1,1,1785535158
2026-07-31T22:13:45Z,713,4,2,18,1,0,1,1,1,1785535959
2026-07-31T22:13:45Z,716,4,3,11,0,0,1,1,1,1785534550
2026-07-31T22:13:45Z,717,2,0,21,2,0,1,1,1,1785535861
2026-07-31T22:13:45Z,718,6,2,7,2,0,1,1,1,1785535931
2026-07-31T22:13:45Z,719,4,0,25,0,0,1,1,1,1785535688
2026-07-31T22:13:45Z,720,0,0,19,0,0,1,1,1,1785534816
2026-07-31T22:13:45Z,721,6,0,15,2,0,1,1,1,1785535719
2026-07-31T22:13:45Z,722,7,1,8,0,0,1,1,1,1785534592
2026-07-31T22:13:45Z,723,14,2,9,0,0,1,1,1,1785534808
2026-07-31T22:13:45Z,724,8,3,14,1,0,1,1,1,1785535847
2026-07-31T22:13:45Z,725,1,0,21,1,0,1,1,1,1785535700
2026-07-31T22:13:45Z,726,7,0,11,1,0,1,1,1,1785535834
2026-07-31T22:13:45Z,727,10,5,12,1,0,1,1,1,1785535669
2026-07-31T22:13:45Z,728,9,0,5,1,0,1,1,1,1785535120
2026-07-31T22:13:45Z,729,5,0,14,0,0,1,1,1,1785535940
2026-07-31T22:13:45Z,730,0,0,12,3,0,1,1,1,1785535718
2026-07-31T22:13:45Z,731,4,3,9,2,0,1,1,1,1785534863
2026-07-31T22:13:45Z,732,4,2,11,0,0,1,1,1,1785535877
2026-07-31T22:13:45Z,733,13,3,14,0,0,1,1,1,1785535884
2026-07-31T22:13:45Z,734,3,0,11,0,0,1,1,1,1785535762
2026-07-31T22:13:45Z,735,25,10,2,0,0,1,1,1,1785535482
2026-07-31T22:13:45Z,736,12,1,7,0,0,1,1,1,1785535295
2026-07-31T22:13:45Z,737,2,1,12,0,1,1,1,1,1785535348
2026-07-31T22:13:45Z,738,13,4,6,0,0,1,1,1,1785535737
2026-07-31T22:13:45Z,739,17,0,9,1,0,1,1,1,1785535056
2026-07-31T22:13:45Z,741,6,0,17,0,0,1,1,1,1785535431
2026-07-31T22:13:45Z,742,14,10,20,1,0,1,1,1,1785535884
2026-07-31T22:13:45Z,743,5,2,14,0,0,1,1,1,1785535070
2026-07-31T22:13:45Z,744,8,2,7,0,0,1,1,1,1785535731
2026-07-31T22:13:45Z,745,12,4,7,0,0,1,1,1,1785535588
2026-07-31T22:13:45Z,746,3,0,19,1,0,1,1,1,1785535586
2026-07-31T22:13:45Z,747,0,0,4,0,0,0,1,1,1783446606
2026-07-31T22:13:45Z,748,8,0,15,0,0,1,1,1,1785534632
2026-07-31T22:13:45Z,749,5,0,18,0,0,1,1,1,1785535734
2026-07-31T22:13:45Z,750,9,4,1,1,0,1,1,1,1785535881
2026-07-31T22:13:45Z,751,21,14,2,0,0,1,1,1,1785535877
2026-07-31T22:13:45Z,752,0,0,16,1,0,1,1,1,1785535541
2026-07-31T22:13:45Z,753,1,0,13,1,0,1,1,1,1785535654
2026-07-31T22:13:45Z,754,5,1,10,0,0,1,1,1,1785534215
2026-07-31T22:13:45Z,755,16,4,6,1,0,1,1,1,1785535817
2026-07-31T22:13:45Z,756,4,4,32,1,0,1,1,1,1785535862
2026-07-31T22:13:45Z,757,7,2,12,0,0,1,1,1,1785535335
2026-07-31T22:13:45Z,758,1,0,21,1,0,1,1,1,1785536012
2026-07-31T22:13:45Z,759,0,0,0,0,0,1,1,1,86400
2026-07-31T22:13:45Z,760,9,2,10,0,0,1,1,1,1785531870
2026-07-31T22:13:45Z,761,1,1,22,0,0,1,1,1,1785535775
2026-07-31T22:13:45Z,762,4,2,6,5,0,1,1,1,1785534872
2026-07-31T22:13:45Z,768,7,0,8,4,0,1,1,1,1785535781
2026-07-31T22:13:45Z,769,13,8,5,1,0,1,1,1,1785535912
2026-07-31T22:13:45Z,770,9,2,8,2,0,1,1,1,1785535552
2026-07-31T22:13:45Z,771,12,1,2,1,0,1,1,1,1785534839
2026-07-31T22:13:45Z,772,1,0,14,0,0,1,1,1,1785535370
2026-07-31T22:13:45Z,773,17,2,2,0,0,1,1,1,1785535299
2026-07-31T22:13:45Z,774,5,1,6,4,0,1,1,1,1785535774
2026-07-31T22:13:45Z,775,6,1,11,1,1,1,1,1,1785533232
2026-07-31T22:13:45Z,776,2,0,18,1,0,1,1,1,1785535889
2026-07-31T22:13:45Z,777,14,5,1,0,0,1,1,1,1785534989
2026-07-31T22:13:45Z,778,13,0,6,0,0,1,1,1,1785535287
2026-07-31T22:13:45Z,779,6,0,12,1,0,1,1,1,1785534550
2026-07-31T22:13:45Z,780,7,0,11,1,0,1,1,1,1785535997
2026-07-31T22:13:45Z,781,3,1,6,2,0,1,1,1,1785535975
2026-07-31T22:13:45Z,782,0,0,15,4,0,1,1,1,1785535081
2026-07-31T22:13:45Z,783,7,3,12,0,0,1,1,1,1785535999
2026-07-31T22:13:45Z,784,8,2,11,0,0,1,1,1,1785535744
2026-07-31T22:13:45Z,785,9,2,4,6,0,1,1,1,1785535281
2026-07-31T22:13:45Z,786,9,5,10,0,0,1,1,1,1785536018
2026-07-31T22:13:45Z,787,4,3,10,1,0,1,1,1,1785535576
2026-07-31T22:13:45Z,788,6,1,9,0,0,1,1,1,1785534796
2026-07-31T22:13:45Z,789,7,2,4,4,0,1,1,1,1785534999
2026-07-31T22:13:45Z,790,3,0,19,1,0,1,1,1,1785535767
2026-07-31T22:13:45Z,791,8,0,10,0,1,1,1,1,1785535934
2026-07-31T22:13:45Z,793,4,0,10,1,0,1,1,1,1785535121
2026-07-31T22:13:45Z,794,1,0,26,2,0,1,1,1,1785535807
2026-07-31T22:13:45Z,796,6,3,12,1,0,1,1,1,1785535014
2026-07-31T22:13:45Z,797,5,1,10,0,0,1,1,1,1785535780
2026-07-31T22:13:45Z,798,15,0,9,1,0,1,1,1,1785535643
2026-07-31T22:13:45Z,799,15,2,0,4,0,1,1,1,1785535326
2026-07-31T22:13:45Z,800,1,1,19,1,0,1,1,1,1785535859
2026-07-31T22:13:45Z,801,2,1,18,1,0,1,1,1,1785535700
2026-07-31T22:13:45Z,802,9,0,22,0,0,1,1,1,1785535254
2026-07-31T22:13:45Z,803,1,0,14,0,0,1,1,1,1785535971
2026-07-31T22:13:45Z,806,5,3,9,1,0,1,1,1,1785535738
2026-07-31T22:13:45Z,807,8,4,14,3,0,1,1,1,1785535714
2026-07-31T22:13:45Z,808,13,0,9,3,0,1,1,1,1785535844
2026-07-31T22:13:45Z,809,4,1,18,1,0,1,1,1,1785535022
2026-07-31T22:13:45Z,810,4,2,13,2,0,1,1,1,1785535387
2026-07-31T22:13:45Z,815,8,2,2,4,1,1,1,1,1785535561
2026-07-31T22:13:45Z,817,10,5,5,0,0,1,1,1,1785534743
2026-07-31T22:13:45Z,818,6,1,17,0,0,1,1,1,1785535652
2026-07-31T22:13:45Z,819,7,4,8,0,0,1,1,1,1785532837
2026-07-31T22:13:45Z,820,9,0,8,0,0,1,1,1,1785535989
2026-07-31T22:13:45Z,821,4,3,11,0,0,1,1,1,1785535091
2026-07-31T22:13:45Z,822,3,0,19,1,0,1,1,1,1785535741
2026-07-31T22:13:45Z,823,14,1,1,0,0,1,1,1,1785535875
2026-07-31T22:13:45Z,824,10,6,9,0,0,1,1,1,1785535893
2026-07-31T22:13:45Z,825,5,4,9,1,0,1,1,1,1785533040
2026-07-31T22:13:45Z,826,7,0,10,2,0,1,1,1,1785535988
2026-07-31T22:13:45Z,827,17,4,2,2,0,1,1,1,1785535587
2026-07-31T22:13:45Z,828,12,0,4,2,0,1,1,1,1785535621
2026-07-31T22:13:45Z,829,18,7,9,0,0,1,1,1,1785535924
2026-07-31T22:13:45Z,830,15,0,7,1,0,1,1,1,1785535487
2026-07-31T22:13:45Z,831,4,3,9,2,0,1,1,1,1785534607
2026-07-31T22:13:45Z,832,7,3,8,3,0,1,1,1,1785534706
2026-07-31T22:13:45Z,833,3,1,15,1,0,1,1,1,1785535403
2026-07-31T22:13:45Z,834,23,0,0,1,0,1,1,1,1785536017
2026-07-31T22:13:45Z,835,3,3,13,2,0,1,1,1,1785536008
2026-07-31T22:13:45Z,838,6,2,7,2,0,1,1,1,1785536019
2026-07-31T22:13:45Z,839,15,3,13,1,0,1,1,1,1785535963
2026-07-31T22:13:45Z,840,0,0,28,1,0,1,1,1,1785535908
2026-07-31T22:13:45Z,841,8,2,7,0,0,1,1,1,1785534511
2026-07-31T22:13:45Z,842,1,0,22,0,0,1,1,1,1785534443
2026-07-31T22:13:45Z,843,14,2,17,0,0,1,1,1,1785534828
2026-07-31T22:13:45Z,844,4,0,19,0,0,1,1,1,1785534719
2026-07-31T22:13:45Z,845,5,3,12,2,0,1,1,1,1785534853
2026-07-31T22:13:45Z,846,4,2,14,1,0,1,1,1,1785535742
2026-07-31T22:13:45Z,847,6,1,20,1,0,1,1,1,1785535653
2026-07-31T22:13:45Z,848,4,3,14,1,0,1,1,1,1785534434
2026-07-31T22:13:45Z,849,6,0,8,1,0,1,1,1,1785535820
2026-07-31T22:13:45Z,850,6,0,5,0,0,1,1,1,1785535626
2026-07-31T22:13:45Z,851,4,3,30,3,0,1,1,1,1785535899
2026-07-31T22:13:45Z,852,10,4,9,0,0,1,1,1,1785534588
2026-07-31T22:13:45Z,853,11,5,12,0,0,1,1,1,1785535452
2026-07-31T22:13:45Z,854,1,1,14,0,0,1,1,1,1785535397
2026-07-31T22:13:45Z,855,24,0,3,0,0,1,1,1,1785535254
2026-07-31T22:13:45Z,857,6,5,11,2,0,1,1,1,1785535790
2026-07-31T22:13:45Z,858,5,2,13,1,0,1,1,1,1785535195
2026-07-31T22:13:45Z,859,8,0,12,1,0,1,1,1,1785535366
2026-07-31T22:13:45Z,861,6,0,4,1,0,1,1,1,1785528609
2026-07-31T22:13:45Z,862,4,2,11,0,0,1,1,1,1785534556
2026-07-31T22:13:45Z,863,14,1,4,1,0,1,1,1,1785534680
2026-07-31T22:13:45Z,866,11,1,8,0,0,1,1,1,1785534942
2026-07-31T22:13:45Z,867,14,2,1,0,0,1,1,1,1785535970
2026-07-31T22:13:45Z,868,7,0,8,0,0,1,1,1,1785534411
2026-07-31T22:13:45Z,870,8,5,7,0,0,1,1,1,1785534639
2026-07-31T22:13:45Z,871,0,0,10,1,0,1,1,1,1785535773
2026-07-31T22:13:45Z,872,1,0,13,1,0,1,1,1,1785534548
2026-07-31T22:13:45Z,873,3,0,27,3,0,1,1,1,1785535986
2026-07-31T22:13:45Z,874,2,0,10,3,0,1,1,1,1785535614
2026-07-31T22:13:45Z,875,13,9,1,1,0,1,1,1,1785535670
2026-07-31T22:13:45Z,877,13,12,6,0,0,1,1,1,1785534241
2026-07-31T22:13:45Z,878,3,3,16,0,0,1,1,1,1785534813
2026-07-31T22:13:45Z,879,2,0,17,0,0,1,1,1,1785535662
2026-07-31T22:13:45Z,880,1,0,21,1,0,1,1,1,1785535668
2026-07-31T22:13:45Z,881,3,0,16,0,0,1,1,1,1785534677
2026-07-31T22:13:45Z,882,9,3,9,1,0,1,1,1,1785534469
2026-07-31T22:13:45Z,883,7,3,12,0,0,1,1,1,1785534865
2026-07-31T22:13:45Z,884,11,7,10,0,0,1,1,1,1785534263
2026-07-31T22:13:45Z,885,0,0,19,0,0,1,1,1,1785534476
2026-07-31T22:13:45Z,886,4,0,23,2,0,1,1,1,1785535852
2026-07-31T22:13:45Z,887,5,1,8,4,0,1,1,1,1785535835
2026-07-31T22:13:45Z,888,8,0,30,3,0,1,1,1,1785535907
2026-07-31T22:13:45Z,889,4,0,13,2,0,1,1,1,1785535560
2026-07-31T22:13:45Z,890,8,4,7,0,0,1,1,1,1785535414
2026-07-31T22:13:45Z,891,19,0,4,0,0,1,1,1,1785535840
2026-07-31T22:13:45Z,892,11,1,4,0,0,1,1,1,1785534415
2026-07-31T22:13:45Z,895,3,0,16,0,0,1,1,1,1785534035
2026-07-31T22:13:45Z,896,7,2,28,0,0,1,1,1,1785534764
2026-07-31T22:13:45Z,897,15,0,6,0,0,1,1,1,1785535825
2026-07-31T22:13:45Z,898,2,0,17,0,0,1,1,1,1785534388
2026-07-31T22:13:45Z,899,3,0,15,1,0,1,1,1,1785535859
2026-07-31T22:13:45Z,900,8,0,18,1,0,1,1,1,1785535835
2026-07-31T22:13:45Z,901,2,0,16,1,0,1,1,1,1785535827
2026-07-31T22:13:45Z,902,5,1,10,0,0,1,1,1,1785534290
2026-07-31T22:13:45Z,903,7,2,11,1,0,1,1,1,1785535695
2026-07-31T22:13:45Z,904,10,4,8,1,0,1,1,1,1785534793
2026-07-31T22:13:45Z,905,15,1,12,0,0,1,1,1,1785535902
2026-07-31T22:13:45Z,906,15,8,12,0,0,1,1,1,1785535557
2026-07-31T22:13:45Z,907,5,0,25,1,0,1,1,1,1785535977
2026-07-31T22:13:45Z,908,12,2,11,0,0,1,1,1,1785534809
2026-07-31T22:13:45Z,909,7,7,16,0,0,1,1,1,1785535253
2026-07-31T22:13:45Z,910,17,0,11,3,0,1,1,1,1785535947
2026-07-31T22:13:45Z,911,4,1,15,0,0,1,1,1,1785534321
2026-07-31T22:13:45Z,912,1,1,21,1,0,1,1,1,1785535893
2026-07-31T22:13:45Z,913,6,4,13,0,0,1,1,1,1785535320
2026-07-31T22:13:45Z,914,15,0,2,2,0,1,1,1,1785535869
2026-07-31T22:13:45Z,915,14,1,6,3,0,1,1,1,1785535924
2026-07-31T22:13:45Z,916,2,0,21,0,0,1,1,1,1785535572
2026-07-31T22:13:45Z,917,6,0,28,1,0,1,1,1,1785535862
2026-07-31T22:13:45Z,918,3,0,14,2,0,1,1,1,1785535921
2026-07-31T22:13:45Z,919,9,0,30,0,0,1,1,1,1785535986
2026-07-31T22:13:45Z,920,7,2,12,0,0,1,1,1,1785535098
2026-07-31T22:13:45Z,921,11,0,10,0,0,1,1,1,1785534992
2026-07-31T22:13:45Z,922,1,1,20,0,0,1,1,1,1785535342
2026-07-31T22:13:45Z,923,6,2,13,0,0,1,1,1,1785535961
2026-07-31T22:13:45Z,924,5,0,15,1,0,1,1,1,1785535495
2026-07-31T22:13:45Z,925,11,0,10,0,0,1,1,1,1785535003
2026-07-31T22:13:45Z,926,2,0,19,0,0,1,1,1,1785535077
2026-07-31T22:13:45Z,927,21,2,14,0,0,1,1,1,1785535766
2026-07-31T22:13:45Z,928,0,0,19,0,0,0,1,1,1785500252
2026-07-31T22:13:45Z,929,4,1,19,0,0,1,1,1,1785535964
2026-07-31T22:13:45Z,930,8,0,22,1,0,1,1,1,1785535310
2026-07-31T22:13:45Z,931,4,3,18,1,0,1,1,1,1785536002
2026-07-31T22:13:45Z,932,14,0,3,2,0,1,1,1,1785535932
2026-07-31T22:13:45Z,933,3,1,18,2,0,1,1,1,1785536017
2026-07-31T22:13:45Z,934,26,0,4,1,0,1,1,1,1785535934
2026-07-31T22:13:45Z,935,10,0,8,1,0,1,1,1,1785535610
2026-07-31T22:13:45Z,936,5,0,14,0,0,1,1,1,1785535825
2026-07-31T22:13:45Z,940,6,0,4,1,0,1,1,1,1785535758
2026-07-31T22:13:45Z,941,18,2,4,3,0,1,1,1,1785535882
2026-07-31T22:13:45Z,942,13,0,8,0,0,1,1,1,1785535756
2026-07-31T22:13:45Z,943,8,8,7,0,0,1,1,1,1785534628
2026-07-31T22:13:45Z,944,10,8,5,0,0,1,1,1,1785534476
2026-07-31T22:13:45Z,945,10,8,5,0,0,1,1,1,1785535815
2026-07-31T22:13:45Z,946,7,5,12,0,0,1,1,1,1785523835
2026-07-31T22:13:45Z,947,5,3,12,0,0,1,1,1,1785534499
2026-07-31T22:13:45Z,948,21,16,6,4,0,1,1,1,1785535979
2026-07-31T22:13:45Z,949,1,0,13,1,0,1,1,1,1785536009
2026-07-31T22:13:45Z,950,4,1,12,1,0,1,1,1,1785535970
2026-07-31T22:13:45Z,951,16,7,7,0,0,1,1,1,1785535445
2026-07-31T22:13:45Z,952,13,0,41,1,0,1,1,1,1785535737
2026-07-31T22:13:45Z,953,5,0,9,1,0,1,1,1,1785535737
2026-07-31T22:13:45Z,954,5,0,14,0,0,1,1,1,1785535976
2026-07-31T22:13:45Z,955,10,7,11,6,0,1,1,1,1785535996
2026-07-31T22:13:45Z,956,13,0,8,2,0,1,1,1,1785535252
2026-07-31T22:13:45Z,957,22,4,7,0,0,1,1,1,1785535905
2026-07-31T22:13:45Z,958,14,1,15,2,0,1,1,1,1785535961
2026-07-31T22:13:45Z,959,6,1,16,1,0,1,1,1,1785535913
2026-07-31T22:13:45Z,960,4,0,19,0,0,1,1,1,1785535736
2026-07-31T22:13:45Z,961,2,0,18,3,0,1,1,1,1785535770
2026-07-31T22:13:45Z,962,8,1,24,3,0,1,1,1,1785535762
2026-07-31T22:13:45Z,963,11,0,11,1,0,1,1,1,1785535985
2026-07-31T22:13:45Z,964,13,9,10,0,0,1,1,1,1785536011
2026-07-31T22:13:45Z,965,10,6,16,1,0,1,1,1,1785535706
2026-07-31T22:13:45Z,966,9,0,21,1,0,1,1,1,1785535798
2026-07-31T22:13:45Z,967,18,1,1,2,0,1,1,1,1785536016
2026-07-31T22:13:45Z,968,15,0,3,1,0,1,1,1,1785534515
2026-07-31T22:13:45Z,969,2,0,23,2,0,1,1,1,1785535879
2026-07-31T22:13:45Z,970,1,1,17,1,0,1,1,1,1785536013
2026-07-31T22:13:45Z,971,4,0,18,1,0,1,1,1,1785536005
2026-07-31T22:13:45Z,972,10,4,12,1,0,1,1,1,1785535585
2026-07-31T22:13:45Z,973,7,0,15,1,0,1,1,1,1785535896
2026-07-31T22:13:45Z,974,16,0,9,2,0,1,1,1,1785535904
2026-07-31T22:13:45Z,977,1,0,18,2,0,1,1,1,1785536016
2026-07-31T22:13:45Z,978,18,0,5,0,0,1,1,1,1785535798
2026-07-31T22:13:45Z,979,0,0,17,0,0,1,1,1,1785535105
2026-07-31T22:13:45Z,980,0,0,20,1,0,1,1,1,1785535940
2026-07-31T22:13:45Z,981,8,0,13,0,0,1,1,1,1785535511
2026-07-31T22:13:45Z,982,3,0,14,2,0,1,1,1,1785535707
2026-07-31T22:13:45Z,983,2,2,21,0,0,1,1,1,1785535024
2026-07-31T22:13:45Z,984,6,0,17,0,0,1,1,1,1785534365
2026-07-31T22:13:45Z,985,2,0,28,1,0,1,1,1,1785535959
2026-07-31T22:13:45Z,986,4,0,15,0,0,1,1,1,1785534557
2026-07-31T22:13:45Z,987,7,1,16,0,0,1,1,1,1785535138
2026-07-31T22:13:45Z,988,6,4,13,0,0,1,1,1,1785534729
2026-07-31T22:13:45Z,989,7,4,12,0,0,1,1,1,1785535526
2026-07-31T22:13:45Z,990,11,0,3,1,0,1,1,1,1785535896
2026-07-31T22:13:45Z,991,10,0,9,0,0,1,1,1,1785535999
2026-07-31T22:13:45Z,992,9,5,14,0,0,1,1,1,1785535353
2026-07-31T22:13:45Z,993,6,4,20,1,0,1,1,1,1785535836
2026-07-31T22:13:45Z,994,0,0,21,0,0,1,1,1,1785535600
2026-07-31T22:13:45Z,995,7,1,20,0,0,1,1,1,1785534810
2026-07-31T22:13:45Z,996,7,2,16,0,0,1,1,1,1785534933
2026-07-31T22:13:45Z,997,15,8,8,0,0,1,1,1,1785535457
2026-07-31T22:13:45Z,998,5,4,18,0,0,1,1,1,1785534897
2026-07-31T22:13:45Z,999,4,1,15,1,1,1,1,1,1785534757
2026-07-31T22:13:45Z,1000,0,0,21,0,0,1,1,1,1785535711
2026-07-31T22:13:45Z,1001,5,3,22,0,0,1,1,1,1785534966
2026-07-31T22:13:45Z,1002,3,2,27,1,0,1,1,1,1785535000
2026-07-31T22:13:45Z,1003,1,0,22,0,0,1,1,1,1785534533
2026-07-31T22:13:45Z,1004,8,2,15,0,0,1,1,1,1785535840
2026-07-31T22:13:45Z,1005,20,1,3,0,0,1,1,1,1785534725
2026-07-31T22:13:45Z,1006,8,4,11,0,0,1,1,1,1785534529
2026-07-31T22:13:45Z,1007,2,1,19,0,0,1,1,1,1785535989
2026-07-31T22:13:45Z,1008,7,6,16,0,0,1,1,1,1785535529
2026-07-31T22:13:45Z,1009,22,5,8,1,0,1,1,1,1785535439
2026-07-31T22:13:45Z,1010,7,2,20,0,0,1,1,1,1785535327
2026-07-31T22:13:45Z,1011,7,2,10,2,0,1,1,1,1785534899
2026-07-31T22:13:45Z,1012,5,3,16,2,0,1,1,1,1785534497
2026-07-31T22:13:45Z,1013,4,1,18,1,0,1,1,1,1785535054
2026-07-31T22:13:45Z,1014,9,4,14,0,0,1,1,1,1785535022
2026-07-31T22:13:45Z,1015,4,3,26,1,0,1,1,1,1785535377
2026-07-31T22:13:45Z,1016,10,5,21,0,0,1,1,1,1785534453
2026-07-31T22:13:45Z,1017,13,5,8,0,0,1,1,1,1785535705
2026-07-31T22:13:45Z,1018,6,2,16,0,0,1,1,1,1785534575
2026-07-31T22:13:45Z,1019,8,5,7,0,0,1,1,1,1785534436
2026-07-31T22:13:45Z,1020,19,5,2,0,0,1,1,1,1785535570
2026-07-31T22:13:45Z,1021,9,4,6,0,0,1,1,1,1785535240
2026-07-31T22:13:45Z,1022,14,0,13,0,0,1,1,1,1785534711
2026-07-31T22:13:45Z,1023,14,2,9,0,0,1,1,1,1785534330
2026-07-31T22:13:45Z,1024,3,1,16,0,0,1,1,1,1785535292
2026-07-31T22:13:45Z,1025,4,0,14,0,1,1,1,1,1785534695
2026-07-31T22:13:45Z,1026,11,9,19,1,0,1,1,1,1785535880
2026-07-31T22:13:45Z,1028,3,1,20,0,0,1,1,1,1785534669
2026-07-31T22:13:45Z,1029,11,9,4,0,0,1,1,1,1785535805
2026-07-31T22:13:45Z,1030,13,4,10,0,0,1,1,1,1785535366
2026-07-31T22:13:45Z,1031,9,1,10,0,0,1,1,1,1785535670
2026-07-31T22:13:45Z,1032,7,1,12,0,0,1,1,1,1785534525
2026-07-31T22:13:45Z,1033,9,5,10,0,0,1,1,1,1785535351
2026-07-31T22:13:45Z,1034,3,0,12,0,0,1,1,1,1785534505
2026-07-31T22:13:45Z,1035,1,0,17,1,0,1,1,1,1785535826
2026-07-31T22:13:45Z,1036,13,0,2,0,0,1,1,1,1785535952
2026-07-31T22:13:45Z,1037,0,0,18,1,0,1,1,1,1785534975
2026-07-31T22:13:45Z,1038,1,0,14,0,0,1,1,1,1785536008
2026-07-31T22:13:45Z,1039,6,0,13,0,0,1,1,1,1785535815
2026-07-31T22:13:45Z,1040,8,5,11,0,0,1,1,1,1785534580
2026-07-31T22:13:45Z,1041,10,2,9,0,0,1,1,1,1785534446
2026-07-31T22:13:45Z,1042,3,0,11,1,0,1,1,1,1785534678
2026-07-31T22:13:45Z,1043,8,5,10,1,0,1,1,1,1785535901
2026-07-31T22:13:45Z,1044,1,0,14,0,0,1,1,1,1785534250
2026-07-31T22:13:45Z,1045,9,0,10,0,0,1,1,1,1785534508
2026-07-31T22:13:45Z,1046,9,0,6,0,0,1,1,1,1785535695
2026-07-31T22:13:45Z,1047,4,0,17,0,0,1,1,1,1785535298
2026-07-31T22:13:45Z,1048,1,0,18,0,0,1,1,1,1785534488
2026-07-31T22:13:45Z,1049,2,0,19,0,0,1,1,1,1785535475
2026-07-31T22:13:45Z,1050,20,5,1,0,0,1,1,1,1785535697
2026-07-31T22:13:45Z,1051,9,4,12,0,0,1,1,1,1785535566
2026-07-31T22:13:45Z,1052,16,1,5,1,0,1,1,1,1785534386
2026-07-31T22:13:45Z,1053,2,1,13,0,0,1,1,1,1785534387
2026-07-31T22:13:45Z,1054,7,2,8,0,0,1,1,1,1785535872
2026-07-31T22:13:45Z,1055,8,1,11,0,0,1,1,1,1785534663
2026-07-31T22:13:45Z,1057,1,0,18,0,0,1,1,1,1785535918
2026-07-31T22:13:45Z,1058,13,1,43,0,0,1,1,1,1785535668
2026-07-31T22:13:45Z,1059,2,2,16,1,0,1,1,1,1785535984
2026-07-31T22:13:45Z,1060,19,1,18,0,0,1,1,1,1785536012
2026-07-31T22:13:45Z,1061,16,0,21,0,0,1,1,1,1785534845
2026-07-31T22:13:45Z,1062,9,1,8,0,0,1,1,1,1785534976
2026-07-31T22:13:45Z,1063,12,1,6,1,0,1,1,1,1785534568
2026-07-31T22:13:45Z,1064,3,0,19,1,0,1,1,1,1785534939
2026-07-31T22:13:45Z,1065,16,3,7,0,0,1,1,1,1785535186
2026-07-31T22:13:45Z,1066,11,2,12,0,0,1,1,1,1785535448
2026-07-31T22:13:45Z,1067,9,2,12,2,0,1,1,1,1785535911
2026-07-31T22:13:45Z,1068,5,2,15,3,0,1,1,1,1785534822
2026-07-31T22:13:45Z,1069,12,3,11,0,0,1,1,1,1785534818
2026-07-31T22:13:45Z,1070,11,1,12,0,0,1,1,1,1785535631
2026-07-31T22:13:45Z,1071,8,4,15,0,0,1,1,1,1785534957
2026-07-31T22:13:45Z,1072,11,1,11,1,0,1,1,1,1785535358
2026-07-31T22:13:45Z,1073,10,0,16,1,0,1,1,1,1785535791
2026-07-31T22:13:45Z,1074,35,2,17,1,0,1,1,1,1785535835
2026-07-31T22:13:45Z,1075,8,8,13,0,0,1,1,1,1785535668
2026-07-31T22:13:45Z,1076,11,8,10,0,0,1,1,1,1785535590
2026-07-31T22:13:45Z,1077,12,7,9,0,0,1,1,1,1785535599
2026-07-31T22:13:45Z,1078,11,8,10,0,0,1,1,1,1785535626
2026-07-31T22:13:45Z,1079,14,10,7,0,0,1,1,1,1785534428
2026-07-31T22:13:45Z,1080,11,8,8,2,0,1,1,1,1785534356
2026-07-31T22:13:45Z,1081,14,8,5,0,0,1,1,1,1785535604
2026-07-31T22:13:45Z,1082,11,11,12,0,0,1,1,1,1785534901
2026-07-31T22:13:45Z,1083,11,9,10,0,0,1,1,1,1785535995
2026-07-31T22:13:45Z,1084,9,7,12,0,0,1,1,1,1785534314
2026-07-31T22:13:45Z,1085,11,8,10,0,0,1,1,1,1785535847
2026-07-31T22:13:45Z,1086,11,9,9,1,0,1,1,1,1785534720
2026-07-31T22:13:45Z,1087,7,7,8,0,0,1,1,1,1785535605
2026-07-31T22:13:45Z,1088,10,7,5,0,0,1,1,1,1785535053
2026-07-31T22:13:45Z,1089,7,3,8,0,0,1,1,1,1785529453
2026-07-31T22:13:45Z,1090,6,5,9,0,0,1,1,1,1785535317
2026-07-31T22:13:45Z,1091,7,5,8,0,0,1,1,1,1785535517
2026-07-31T22:13:45Z,1092,9,8,5,1,0,1,1,1,1785535193
2026-07-31T22:13:45Z,1093,5,5,9,1,0,1,1,1,1785535585
2026-07-31T22:13:45Z,1094,10,9,9,0,0,1,1,1,1785534519
2026-07-31T22:13:45Z,1095,10,8,5,0,0,1,1,1,1785534494
2026-07-31T22:13:45Z,1096,10,9,9,0,0,1,1,1,1785535955
2026-07-31T22:13:45Z,1097,8,8,7,0,0,1,1,1,1785535086
2026-07-31T22:13:45Z,1098,9,7,10,0,0,1,1,1,1785535942
2026-07-31T22:13:45Z,1099,7,6,8,0,0,1,1,1,1785534354
2026-07-31T22:13:45Z,1100,6,4,23,0,0,1,1,1,1785532207
2026-07-31T22:13:45Z,1101,10,5,11,0,0,1,1,1,1785534282
2026-07-31T22:13:45Z,1102,9,4,4,0,0,1,1,1,1785535294
2026-07-31T22:13:45Z,1103,11,5,10,0,0,1,1,1,1785503681
2026-07-31T22:13:45Z,1104,11,6,10,0,0,1,1,1,1785535849
2026-07-31T22:13:45Z,1105,7,3,6,0,0,1,1,1,1785535176
2026-07-31T22:13:45Z,1106,10,5,11,0,0,1,1,1,1785534374
2026-07-31T22:13:45Z,1107,9,5,6,0,0,1,1,1,1785534616
2026-07-31T22:13:45Z,1108,9,5,15,2,1,1,1,1,1785535221
2026-07-31T22:13:45Z,1109,7,3,8,0,0,1,1,1,1785534558
2026-07-31T22:13:45Z,1110,11,3,10,0,0,1,1,1,1785535714
2026-07-31T22:13:45Z,1111,7,3,13,1,0,1,1,1,1785534505
2026-07-31T22:13:45Z,1112,28,0,25,0,0,1,1,1,1785535923
2026-07-31T22:13:45Z,1113,1,0,20,0,0,1,1,1,1785535628
2026-07-31T22:13:45Z,1115,14,1,5,4,0,1,1,1,1785535100
2026-07-31T22:13:45Z,1116,2,0,17,0,0,1,1,1,1785534545
2026-07-31T22:13:45Z,1117,3,1,19,1,0,1,1,1,1785535424
2026-07-31T22:13:45Z,1118,15,0,6,0,0,1,1,1,1785535671
2026-07-31T22:13:45Z,1119,6,1,11,0,0,1,1,1,1785535537
2026-07-31T22:13:45Z,1120,6,1,12,1,0,1,1,1,1785535596
2026-07-31T22:13:45Z,1121,11,1,9,1,0,1,1,1,1785535798
2026-07-31T22:13:45Z,1122,2,1,18,1,0,1,1,1,1785535801
2026-07-31T22:13:45Z,1123,10,8,11,2,0,1,1,1,1785535933
2026-07-31T22:13:45Z,1124,6,2,8,1,0,1,1,1,1785535436
2026-07-31T22:13:45Z,1125,17,1,6,0,0,1,1,1,1785534922
2026-07-31T22:13:45Z,1126,5,1,16,0,0,1,1,1,1785535679
2026-07-31T22:13:45Z,1127,6,2,13,0,0,1,1,1,1785534863
2026-07-31T22:13:45Z,1128,2,2,13,0,0,1,1,1,1785535364
2026-07-31T22:13:45Z,1129,1,0,18,2,0,1,1,1,1785535748
2026-07-31T22:13:45Z,1130,15,1,0,0,0,1,1,1,1785535571
2026-07-31T22:13:45Z,1131,1,1,47,1,0,1,1,1,1785535622
2026-07-31T22:13:45Z,1132,11,5,10,0,0,1,1,1,1785535985
2026-07-31T22:13:45Z,1133,6,3,12,3,0,1,1,1,1785535960
2026-07-31T22:13:45Z,1134,12,6,7,0,0,1,1,1,1785535058
2026-07-31T22:13:45Z,1135,12,6,9,0,0,1,1,1,1785535996
2026-07-31T22:13:45Z,1136,18,1,5,0,0,1,1,1,1785535794
2026-07-31T22:13:45Z,1137,10,0,5,0,0,1,1,1,1785536011
2026-07-31T22:13:45Z,1138,5,0,14,0,0,1,1,1,1785535743
2026-07-31T22:13:45Z,1139,11,3,9,1,0,1,1,1,1785535877
2026-07-31T22:13:45Z,1140,2,0,19,2,0,1,1,1,1785535856
2026-07-31T22:13:45Z,1141,2,0,18,1,0,1,1,1,1785535988
2026-07-31T22:13:45Z,1142,3,0,18,0,0,1,1,1,1785535188
2026-07-31T22:13:45Z,1143,21,1,7,1,0,1,1,1,1785535917
2026-07-31T22:13:45Z,1144,8,0,12,1,0,1,1,1,1785535914
2026-07-31T22:13:45Z,1145,11,5,9,1,0,1,1,1,1785534956
2026-07-31T22:13:45Z,1146,6,2,10,3,0,1,1,1,1785536020
2026-07-31T22:13:45Z,1147,14,1,5,0,0,1,1,1,1785536001
2026-07-31T22:13:45Z,1148,6,0,25,0,0,1,1,1,1785535663
2026-07-31T22:13:45Z,1149,1,1,19,5,0,1,1,1,1785536010
2026-07-31T22:13:45Z,1150,1,0,18,0,0,1,1,1,1785535970
2026-07-31T22:13:45Z,1151,6,0,15,0,0,1,1,1,1785535513
2026-07-31T22:13:45Z,1152,2,0,27,0,0,1,1,1,1785535946
2026-07-31T22:13:45Z,1153,19,0,3,1,0,1,1,1,1785535472
2026-07-31T22:13:45Z,1154,3,0,16,0,0,1,1,1,1785535751
2026-07-31T22:13:45Z,1155,8,4,10,3,0,1,1,1,1785535874
2026-07-31T22:13:45Z,1158,3,1,16,0,0,1,1,1,1785534430
2026-07-31T22:13:45Z,1159,12,0,7,0,0,1,1,1,1785534793
2026-07-31T22:13:45Z,1160,7,2,12,0,0,1,1,1,1785535212
2026-07-31T22:13:45Z,1161,3,0,15,1,0,1,1,1,1785534927
2026-07-31T22:13:45Z,1162,3,0,16,0,0,1,1,1,1785535184
2026-07-31T22:13:45Z,1163,2,1,16,1,0,1,1,1,1785534550
2026-07-31T22:13:45Z,1164,5,1,14,0,0,1,1,1,1785534607
2026-07-31T22:13:45Z,1165,1,0,20,0,0,1,1,1,1785535353
2026-07-31T22:13:45Z,1166,13,3,7,1,0,1,1,1,1785534892
2026-07-31T22:13:45Z,1167,4,0,11,0,0,1,1,1,1785534278
2026-07-31T22:13:45Z,1168,3,0,18,2,0,1,1,1,1785534846
2026-07-31T22:13:45Z,1169,3,0,15,1,0,1,1,1,1785534453
2026-07-31T22:13:45Z,1170,6,1,15,0,0,1,1,1,1785535400
2026-07-31T22:13:45Z,1171,9,8,14,0,0,1,1,1,1785534556
2026-07-31T22:13:45Z,1172,5,0,8,2,0,1,1,1,1785534601
2026-07-31T22:13:45Z,1173,13,4,6,0,0,1,1,1,1785534711
2026-07-31T22:13:45Z,1174,3,1,12,0,0,1,1,1,1785535842
2026-07-31T22:13:45Z,1175,4,2,15,0,0,1,1,1,1785535612
2026-07-31T22:13:45Z,1176,8,2,13,0,0,1,1,1,1785535758
2026-07-31T22:13:45Z,1177,4,2,17,0,0,1,1,1,1785535688
2026-07-31T22:13:45Z,1178,5,2,10,0,0,1,1,1,1785534274
2026-07-31T22:13:45Z,1181,15,1,0,0,0,1,1,1,1785535408
2026-07-31T22:13:45Z,1182,18,4,1,1,0,1,1,1,1785536003
2026-07-31T22:13:45Z,1183,15,0,28,2,0,1,1,1,1785535995
2026-07-31T22:13:45Z,1184,7,6,12,2,0,1,1,1,1785536015
2026-07-31T22:13:45Z,1185,10,6,11,0,0,1,1,1,1785535824
2026-07-31T22:13:45Z,1186,9,5,10,0,0,1,1,1,1785534982
2026-07-31T22:13:45Z,1187,10,5,10,1,0,1,1,1,1785535211
2026-07-31T22:13:45Z,1188,10,5,5,0,0,1,1,1,1785534613
2026-07-31T22:13:45Z,1189,8,3,11,0,0,1,1,1,1785535661
2026-07-31T22:13:45Z,1190,9,4,12,0,0,1,1,1,1785535978
2026-07-31T22:13:45Z,1191,10,5,5,0,0,1,1,1,1785534616
2026-07-31T22:13:45Z,1192,11,7,9,1,0,1,1,1,1785534526
2026-07-31T22:13:45Z,1193,6,4,5,2,0,1,1,1,1785535384
2026-07-31T22:13:45Z,1197,9,6,7,1,0,1,1,1,1785535396
2026-07-31T22:13:45Z,1198,13,4,6,2,0,1,1,1,1785535051
2026-07-31T22:13:45Z,1199,3,0,16,0,0,1,1,1,1785535037
2026-07-31T22:13:45Z,1200,9,5,6,0,0,1,1,1,1785534657
2026-07-31T22:13:45Z,1201,9,4,6,0,0,1,1,1,1785534628
2026-07-31T22:13:45Z,1202,10,5,5,0,0,1,1,1,1785534729
2026-07-31T22:13:45Z,1203,11,5,4,0,0,1,1,1,1785534635
2026-07-31T22:13:45Z,1204,7,4,12,0,0,1,1,1,1785534412
2026-07-31T22:13:45Z,1206,11,5,10,0,0,1,1,1,1785535469
2026-07-31T22:13:45Z,1207,8,4,6,1,0,1,1,1,1785534946
2026-07-31T22:13:45Z,1208,10,4,9,0,0,1,1,1,1785534893
2026-07-31T22:13:45Z,1216,8,0,12,1,0,1,1,1,1785535683
2026-07-31T22:13:45Z,1218,4,0,17,0,0,1,1,1,1785534265
2026-07-31T22:13:45Z,1219,2,1,10,3,0,1,1,1,1785534540
2026-07-31T22:13:45Z,1220,15,4,4,0,0,1,1,1,1785535724
2026-07-31T22:13:45Z,1221,1,1,19,1,0,1,1,1,1785535436
2026-07-31T22:13:45Z,1222,12,0,17,0,0,1,1,1,1785535793
2026-07-31T22:13:45Z,1223,27,1,1,1,0,1,1,1,1785536020
2026-07-31T22:13:45Z,1226,0,0,3,0,0,0,1,1,1781868931
2026-07-31T22:13:45Z,1227,7,0,17,1,0,1,1,1,1785535831
2026-07-31T22:13:45Z,1228,0,0,29,0,0,1,1,1,1785535387
2026-07-31T22:13:45Z,1229,45,1,0,0,0,1,1,1,1785535934
2026-07-31T22:18:45Z,1,0,0,23,0,0,1,1,1,1785536058
2026-07-31T22:18:45Z,2,3,1,21,3,0,1,1,1,1785536225
2026-07-31T22:18:45Z,3,11,0,2,1,0,1,1,1,1785536231
2026-07-31T22:18:45Z,4,20,0,1,1,0,1,1,1,1785535447
2026-07-31T22:18:45Z,5,18,4,3,2,0,1,1,1,1785535694
2026-07-31T22:18:45Z,6,5,0,10,0,0,1,1,1,1785536268
2026-07-31T22:18:45Z,7,13,0,26,0,0,1,1,1,1785536157
2026-07-31T22:18:45Z,8,15,0,28,0,0,1,1,1,1785536109
2026-07-31T22:18:45Z,9,18,4,5,0,0,1,1,1,1785536126
2026-07-31T22:18:45Z,10,5,3,15,3,0,1,1,1,1785535641
2026-07-31T22:18:45Z,11,6,0,11,2,0,1,1,1,1785535983
2026-07-31T22:18:45Z,12,18,0,5,0,0,1,1,1,1785536155
2026-07-31T22:18:45Z,13,18,2,12,0,0,1,1,1,1785536280
2026-07-31T22:18:45Z,14,4,0,37,1,1,1,1,1,1785536317
2026-07-31T22:18:45Z,15,15,0,0,0,0,1,1,1,1785536042
2026-07-31T22:18:45Z,16,4,0,20,2,1,1,1,1,1785536219
2026-07-31T22:18:45Z,17,17,1,9,1,0,1,1,1,1785536213
2026-07-31T22:18:45Z,18,9,0,7,2,0,1,1,1,1785536308
2026-07-31T22:18:45Z,19,10,2,16,1,0,1,1,1,1785535978
2026-07-31T22:18:45Z,20,25,3,10,0,0,1,1,1,1785535895
2026-07-31T22:18:45Z,21,5,0,11,3,0,1,1,1,1785536301
2026-07-31T22:18:45Z,22,21,0,44,0,0,1,1,1,1785536316
2026-07-31T22:18:45Z,23,10,7,20,1,0,1,1,1,1785536170
2026-07-31T22:18:45Z,24,6,1,4,1,0,1,1,1,1785536320
2026-07-31T22:18:45Z,25,75,0,4,2,0,1,1,1,1785536286
2026-07-31T22:18:45Z,26,24,1,3,0,0,1,1,1,1785536227
2026-07-31T22:18:45Z,28,8,0,7,0,0,1,1,1,1785535992
2026-07-31T22:18:45Z,30,16,0,11,2,0,1,1,1,1785536157
2026-07-31T22:18:45Z,31,7,0,9,3,0,1,1,1,1785536178
2026-07-31T22:18:45Z,32,19,1,8,0,0,1,1,1,1785536129
2026-07-31T22:18:45Z,34,16,0,21,0,0,1,1,1,1785535968
2026-07-31T22:18:45Z,35,38,0,8,1,0,1,1,1,1785536173
2026-07-31T22:18:45Z,36,0,0,0,0,0,0,1,1,86400
2026-07-31T22:18:45Z,37,19,3,4,0,0,1,1,1,1785536277
2026-07-31T22:18:45Z,38,2,0,21,0,0,1,1,1,1785535621
2026-07-31T22:18:45Z,39,9,3,30,0,0,1,1,1,1785536246
2026-07-31T22:18:45Z,40,7,0,14,0,0,1,1,1,1785536157
2026-07-31T22:18:45Z,41,20,0,23,0,0,1,1,1,1785536289
2026-07-31T22:18:45Z,42,4,4,27,0,0,1,1,1,1785535440
2026-07-31T22:18:45Z,43,6,1,17,0,0,1,1,1,1785536248
2026-07-31T22:18:45Z,45,4,0,25,0,0,1,1,1,1785535617
2026-07-31T22:18:45Z,46,1,1,29,1,0,1,1,1,1785536200
2026-07-31T22:18:45Z,47,4,0,10,1,0,1,1,1,1785535910
2026-07-31T22:18:45Z,48,20,0,7,0,0,1,1,1,1785536049
2026-07-31T22:18:45Z,49,0,0,19,4,0,1,1,1,1785536321
2026-07-31T22:18:45Z,50,7,6,11,1,0,1,1,1,1785535938
2026-07-31T22:18:45Z,51,41,0,36,0,0,1,1,1,1785534715
2026-07-31T22:18:45Z,52,1,0,23,3,0,1,1,1,1785536081
2026-07-31T22:18:45Z,55,7,0,16,0,0,1,1,1,1785536274
2026-07-31T22:18:45Z,56,12,1,31,0,0,1,1,1,1785535321
2026-07-31T22:18:45Z,57,0,0,27,0,0,1,1,1,1785536162
2026-07-31T22:18:45Z,58,1,1,27,0,0,1,1,1,1785535673
2026-07-31T22:18:45Z,59,6,1,19,2,0,1,1,1,1785536288
2026-07-31T22:18:45Z,61,29,0,10,0,0,1,1,1,1785536216
2026-07-31T22:18:45Z,62,18,10,30,1,0,1,1,1,1785536291
2026-07-31T22:18:45Z,63,10,3,8,1,0,1,1,1,1785536284
2026-07-31T22:18:45Z,64,10,1,5,4,0,1,1,1,1785535815
2026-07-31T22:18:45Z,65,11,4,7,1,0,1,1,1,1785535784
2026-07-31T22:18:45Z,67,15,0,24,0,0,1,1,1,1785536291
2026-07-31T22:18:45Z,68,32,0,4,1,0,1,1,1,1785536269
2026-07-31T22:18:45Z,69,7,0,8,0,0,1,1,1,1785535929
2026-07-31T22:18:45Z,71,8,0,16,3,0,1,1,1,1785536307
2026-07-31T22:18:45Z,72,27,4,0,3,1,1,1,1,1785536115
2026-07-31T22:18:45Z,73,0,0,31,0,0,1,1,1,1785536213
2026-07-31T22:18:45Z,74,1,0,18,0,0,1,1,1,1785536317
2026-07-31T22:18:45Z,75,6,0,25,1,0,1,1,1,1785535916
2026-07-31T22:18:45Z,76,1,0,17,1,0,1,1,1,1785536313
2026-07-31T22:18:45Z,77,16,0,10,1,0,1,1,1,1785536159
2026-07-31T22:18:45Z,78,2,1,21,0,0,1,1,1,1785536156
2026-07-31T22:18:45Z,79,2,1,14,1,0,1,1,1,1785536202
2026-07-31T22:18:45Z,80,18,3,2,3,0,1,1,1,1785536212
2026-07-31T22:18:45Z,81,5,0,26,0,0,1,1,1,1785535852
2026-07-31T22:18:45Z,82,8,8,14,1,0,1,1,1,1785535713
2026-07-31T22:18:45Z,83,5,2,27,3,0,1,1,1,1785536314
2026-07-31T22:18:45Z,84,6,2,21,0,0,1,1,1,1785536295
2026-07-31T22:18:45Z,85,7,0,8,0,0,1,1,1,1785536079
2026-07-31T22:18:45Z,86,9,4,18,0,0,1,1,1,1785536011
2026-07-31T22:18:45Z,87,0,0,19,0,0,1,1,1,1785533075
2026-07-31T22:18:45Z,88,16,0,26,1,0,1,1,1,1785536258
2026-07-31T22:18:45Z,89,23,2,12,0,0,1,1,1,1785535981
2026-07-31T22:18:45Z,90,3,0,14,1,0,1,1,1,1785536126
2026-07-31T22:18:45Z,91,2,0,15,0,0,1,1,1,1785535562
2026-07-31T22:18:45Z,92,1,1,15,3,0,1,1,1,1785536210
2026-07-31T22:18:45Z,93,5,0,18,0,0,1,1,1,1785536296
2026-07-31T22:18:45Z,94,10,0,8,1,0,1,1,1,1785536151
2026-07-31T22:18:45Z,95,2,0,30,2,1,1,1,1,1785536317
2026-07-31T22:18:45Z,96,22,3,7,2,0,1,1,1,1785536257
2026-07-31T22:18:45Z,97,2,0,13,2,0,1,1,1,1785536317
2026-07-31T22:18:45Z,98,25,6,10,0,0,1,1,1,1785536310
2026-07-31T22:18:45Z,99,15,2,0,0,0,1,1,1,1785535229
2026-07-31T22:18:45Z,100,12,2,15,0,0,1,1,1,1785536109
2026-07-31T22:18:45Z,101,13,3,1,1,0,1,1,1,1785536281
2026-07-31T22:18:45Z,102,14,0,8,1,0,1,1,1,1785536085
2026-07-31T22:18:45Z,103,26,0,1,3,0,1,1,1,1785536316
2026-07-31T22:18:45Z,104,12,0,13,2,0,1,1,1,1785536319
2026-07-31T22:18:45Z,105,17,0,2,0,0,1,1,1,1785535842
2026-07-31T22:18:45Z,106,14,0,5,2,0,1,1,1,1785536263
2026-07-31T22:18:45Z,107,18,0,18,1,0,1,1,1,1785536220
2026-07-31T22:18:45Z,108,19,1,15,1,0,1,1,1,1785536179
2026-07-31T22:18:45Z,109,22,0,1,0,0,1,1,1,1785536272
2026-07-31T22:18:45Z,110,16,0,7,0,0,1,1,1,1785536128
2026-07-31T22:18:45Z,111,8,0,28,0,0,1,1,1,1785536276
2026-07-31T22:18:45Z,112,10,0,4,1,0,1,1,1,1785536006
2026-07-31T22:18:45Z,113,5,1,13,1,0,1,1,1,1785536157
2026-07-31T22:18:45Z,114,9,6,20,1,1,1,1,1,1785536272
2026-07-31T22:18:45Z,115,16,9,7,5,0,1,1,1,1785536192
2026-07-31T22:18:45Z,116,9,9,18,0,0,1,1,1,1785533918
2026-07-31T22:18:45Z,118,20,2,0,3,0,1,1,1,1785535497
2026-07-31T22:18:45Z,119,0,0,36,2,0,1,1,1,1785535386
2026-07-31T22:18:45Z,120,1,0,24,2,0,1,1,1,1785536236
2026-07-31T22:18:45Z,121,2,1,15,1,1,1,1,1,1785536320
2026-07-31T22:18:45Z,122,10,1,10,1,0,1,1,1,1785536051
2026-07-31T22:18:45Z,123,3,2,43,1,0,1,1,1,1785536114
2026-07-31T22:18:45Z,124,9,1,25,1,0,1,1,1,1785536203
2026-07-31T22:18:45Z,125,2,1,21,0,0,1,1,1,1785536179
2026-07-31T22:18:45Z,126,16,1,14,1,0,1,1,1,1785536313
2026-07-31T22:18:45Z,127,12,1,21,2,0,1,1,1,1785536305
2026-07-31T22:18:45Z,128,6,0,12,1,0,1,1,1,1785536305
2026-07-31T22:18:45Z,129,4,1,11,4,0,1,1,1,1785536182
2026-07-31T22:18:45Z,130,5,0,12,0,0,1,1,1,1785536159
2026-07-31T22:18:45Z,131,8,5,2,1,0,1,1,1,1785535610
2026-07-31T22:18:45Z,132,5,5,9,0,1,1,1,1,1785535727
2026-07-31T22:18:45Z,134,18,1,1,4,0,1,1,1,1785536296
2026-07-31T22:18:45Z,135,7,5,9,3,0,1,1,1,1785536223
2026-07-31T22:18:45Z,136,0,0,0,21,2,1,1,1,1785536191
2026-07-31T22:18:45Z,137,1,1,16,2,0,1,1,1,1785536265
2026-07-31T22:18:45Z,138,10,0,27,0,0,1,1,1,1785536166
2026-07-31T22:18:45Z,139,7,0,12,0,0,1,1,1,1785536315
2026-07-31T22:18:45Z,140,10,3,12,1,0,1,1,1,1785536321
2026-07-31T22:18:45Z,141,6,3,29,1,0,1,1,1,1785536312
2026-07-31T22:18:45Z,142,0,0,23,0,0,1,1,1,1785536303
2026-07-31T22:18:45Z,143,27,1,4,0,0,1,1,1,1785536217
2026-07-31T22:18:45Z,144,25,2,1,1,0,1,1,1,1785536282
2026-07-31T22:18:45Z,146,3,0,19,1,0,1,1,1,1785536195
2026-07-31T22:18:45Z,147,0,0,16,3,0,1,1,1,1785536139
2026-07-31T22:18:45Z,148,0,0,24,3,0,1,1,1,1785536059
2026-07-31T22:18:45Z,149,0,0,27,0,0,1,1,1,1785536148
2026-07-31T22:18:45Z,150,0,0,33,2,0,1,1,1,1785536188
2026-07-31T22:18:45Z,151,2,0,21,0,0,1,1,1,1785536320
2026-07-31T22:18:45Z,152,7,0,16,3,0,1,1,1,1785536317
2026-07-31T22:18:45Z,153,5,0,21,2,0,1,1,1,1785535834
2026-07-31T22:18:45Z,154,8,0,11,4,0,1,1,1,1785536293
2026-07-31T22:18:45Z,155,6,2,7,1,0,1,1,1,1785536248
2026-07-31T22:18:45Z,156,2,0,17,0,0,1,1,1,1785536273
2026-07-31T22:18:45Z,157,6,0,19,2,0,1,1,1,1785536301
2026-07-31T22:18:45Z,158,9,0,6,1,0,1,1,1,1785535788
2026-07-31T22:18:45Z,159,5,2,14,0,0,1,1,1,1785536220
2026-07-31T22:18:45Z,160,7,1,12,0,0,1,1,1,1785535672
2026-07-31T22:18:45Z,161,18,2,2,2,0,1,1,1,1785536297
2026-07-31T22:18:45Z,162,15,10,11,1,0,1,1,1,1785536321
2026-07-31T22:18:45Z,163,0,0,30,0,1,1,1,1,1785536292
2026-07-31T22:18:45Z,164,25,1,2,0,0,1,1,1,1785536267
2026-07-31T22:18:45Z,165,28,2,2,1,0,1,1,1,1785536305
2026-07-31T22:18:45Z,166,4,3,31,4,0,1,1,1,1785536318
2026-07-31T22:18:45Z,167,5,1,17,1,0,1,1,1,1785535958
2026-07-31T22:18:45Z,168,12,2,13,2,0,1,1,1,1785536321
2026-07-31T22:18:45Z,169,15,6,6,1,1,1,1,1,1785536278
2026-07-31T22:18:45Z,170,6,0,12,1,0,1,1,1,1785536015
2026-07-31T22:18:45Z,171,4,1,7,2,0,1,1,1,1785536199
2026-07-31T22:18:45Z,173,33,3,6,0,0,1,1,1,1785536251
2026-07-31T22:18:45Z,174,3,0,23,0,0,1,1,1,1785536248
2026-07-31T22:18:45Z,175,23,0,7,1,0,1,1,1,1785536265
2026-07-31T22:18:45Z,176,11,4,2,1,1,1,1,1,1785536193
2026-07-31T22:18:45Z,177,8,1,19,0,0,1,1,1,1785535725
2026-07-31T22:18:45Z,178,7,2,5,2,1,1,1,1,1785536315
2026-07-31T22:18:45Z,179,7,0,6,2,0,1,1,1,1785536301
2026-07-31T22:18:45Z,180,1,0,29,0,0,1,1,1,1785535864
2026-07-31T22:18:45Z,181,4,2,11,0,0,1,1,1,1785536135
2026-07-31T22:18:45Z,182,5,5,12,0,0,1,1,1,1785535736
2026-07-31T22:18:45Z,183,6,0,15,2,0,1,1,1,1785536264
2026-07-31T22:18:45Z,184,20,5,2,1,0,1,1,1,1785536254
2026-07-31T22:18:45Z,185,6,5,6,2,1,1,1,1,1785535297
2026-07-31T22:18:45Z,186,2,1,17,0,0,1,1,1,1785535489
2026-07-31T22:18:45Z,187,4,0,23,1,0,1,1,1,1785535884
2026-07-31T22:18:45Z,188,8,2,11,8,0,1,1,1,1785536264
2026-07-31T22:18:45Z,189,9,4,6,0,0,1,1,1,1785536267
2026-07-31T22:18:45Z,190,2,1,20,1,0,1,1,1,1785536278
2026-07-31T22:18:45Z,191,3,3,36,0,0,1,1,1,1785536301
2026-07-31T22:18:45Z,192,5,0,25,1,0,1,1,1,1785536224
2026-07-31T22:18:45Z,193,14,9,0,1,0,1,1,1,1785536132
2026-07-31T22:18:45Z,194,12,5,15,0,0,1,1,1,1785536184
2026-07-31T22:18:45Z,195,0,0,19,0,0,1,1,1,1785535076
2026-07-31T22:18:45Z,196,3,2,23,1,0,1,1,1,1785536282
2026-07-31T22:18:45Z,197,0,0,18,0,1,1,1,1,1785536159
2026-07-31T22:18:45Z,198,7,7,14,2,0,1,1,1,1785536138
2026-07-31T22:18:45Z,199,6,2,7,2,0,1,1,1,1785536148
2026-07-31T22:18:45Z,200,9,7,17,0,0,1,1,1,1785536239
2026-07-31T22:18:45Z,201,4,4,19,0,0,1,1,1,1785536063
2026-07-31T22:18:45Z,202,2,1,25,0,0,1,1,1,1785536007
2026-07-31T22:18:45Z,203,1,1,29,1,0,1,1,1,1785535941
2026-07-31T22:18:45Z,204,17,1,14,4,0,1,1,1,1785536239
2026-07-31T22:18:45Z,205,12,0,15,0,0,1,1,1,1785536252
2026-07-31T22:18:45Z,206,6,4,6,3,0,1,1,1,1785536226
2026-07-31T22:18:45Z,207,21,0,0,0,0,1,1,1,1785535936
2026-07-31T22:18:45Z,208,7,0,22,0,0,1,1,1,1785536162
2026-07-31T22:18:45Z,209,20,3,10,1,0,1,1,1,1785536286
2026-07-31T22:18:45Z,210,14,10,13,0,0,1,1,1,1785536167
2026-07-31T22:18:45Z,211,3,1,19,1,0,1,1,1,1785536020
2026-07-31T22:18:45Z,212,26,4,8,1,0,1,1,1,1785536157
2026-07-31T22:18:45Z,213,11,5,11,1,0,1,1,1,1785536183
2026-07-31T22:18:45Z,214,23,2,21,3,0,1,1,1,1785536283
2026-07-31T22:18:45Z,215,9,2,13,1,0,1,1,1,1785536308
2026-07-31T22:18:45Z,216,9,7,9,1,0,1,1,1,1785536210
2026-07-31T22:18:45Z,217,28,3,0,1,0,1,1,1,1785536294
2026-07-31T22:18:45Z,218,12,8,26,1,0,1,1,1,1785536234
2026-07-31T22:18:45Z,219,23,0,2,1,0,1,1,1,1785536268
2026-07-31T22:18:45Z,220,20,11,21,1,1,1,1,1,1785536245
2026-07-31T22:18:45Z,221,7,1,7,1,0,1,1,1,1785536268
2026-07-31T22:18:45Z,222,5,1,13,1,0,1,1,1,1785536119
2026-07-31T22:18:45Z,223,4,0,28,3,0,1,1,1,1785536286
2026-07-31T22:18:45Z,224,3,2,18,1,0,1,1,1,1785536010
2026-07-31T22:18:45Z,225,2,1,13,4,0,1,1,1,1785534981
2026-07-31T22:18:45Z,226,21,4,7,3,0,1,1,1,1785536156
2026-07-31T22:18:45Z,227,1,1,25,1,0,1,1,1,1785536243
2026-07-31T22:18:45Z,228,1,1,17,1,0,1,1,1,1785536304
2026-07-31T22:18:45Z,230,0,0,26,0,0,1,1,1,1785536303
2026-07-31T22:18:45Z,232,5,0,11,1,0,1,1,1,1785535132
2026-07-31T22:18:45Z,233,13,7,17,1,0,1,1,1,1785536287
2026-07-31T22:18:45Z,234,10,8,3,4,2,1,1,1,1785536031
2026-07-31T22:18:45Z,236,13,2,6,0,0,1,1,1,1785535907
2026-07-31T22:18:45Z,237,3,0,19,1,0,1,1,1,1785536321
2026-07-31T22:18:45Z,239,15,12,11,1,0,1,1,1,1785536085
2026-07-31T22:18:45Z,241,4,3,18,1,0,1,1,1,1785536320
2026-07-31T22:18:45Z,242,4,2,18,1,0,1,1,1,1785535886
2026-07-31T22:18:45Z,243,13,12,15,3,0,1,1,1,1785536005
2026-07-31T22:18:45Z,244,5,0,21,1,0,1,1,1,1785536271
2026-07-31T22:18:45Z,245,4,2,19,0,0,1,1,1,1785536317
2026-07-31T22:18:45Z,246,2,1,20,1,0,1,1,1,1785536112
2026-07-31T22:18:45Z,247,7,4,14,2,0,1,1,1,1785536056
2026-07-31T22:18:45Z,248,7,7,14,2,0,1,1,1,1785536311
2026-07-31T22:18:45Z,249,14,14,4,1,0,1,1,1,1785536196
2026-07-31T22:18:45Z,250,5,1,19,3,0,1,1,1,1785536289
2026-07-31T22:18:45Z,251,17,11,6,4,0,1,1,1,1785536213
2026-07-31T22:18:45Z,253,9,4,10,0,0,1,1,1,1785536311
2026-07-31T22:18:45Z,254,15,2,27,1,0,1,1,1,1785536320
2026-07-31T22:18:45Z,255,12,3,10,0,1,1,1,1,1785536273
2026-07-31T22:18:45Z,256,1,1,21,1,0,1,1,1,1785535873
2026-07-31T22:18:45Z,257,3,1,16,0,0,1,1,1,1785536298
2026-07-31T22:18:45Z,258,16,9,1,2,0,1,1,1,1785536286
2026-07-31T22:18:45Z,259,12,0,9,1,1,1,1,1,1785535890
2026-07-31T22:18:45Z,260,11,6,7,1,0,1,1,1,1785536081
2026-07-31T22:18:45Z,261,2,0,14,2,1,1,1,1,1785536135
2026-07-31T22:18:45Z,262,2,0,20,1,0,1,1,1,1785536196
2026-07-31T22:18:45Z,263,3,3,11,1,0,1,1,1,1785535963
2026-07-31T22:18:45Z,264,0,0,19,0,0,1,1,1,1785533790
2026-07-31T22:18:45Z,265,10,1,5,0,0,1,1,1,1785536301
2026-07-31T22:18:45Z,266,10,8,8,1,0,1,1,1,1785536107
2026-07-31T22:18:45Z,267,9,4,5,1,0,1,1,1,1785531709
2026-07-31T22:18:45Z,268,17,7,5,1,0,1,1,1,1785536307
2026-07-31T22:18:45Z,269,6,4,17,0,0,1,1,1,1785536139
2026-07-31T22:18:45Z,270,13,2,12,2,0,1,1,1,1785536316
2026-07-31T22:18:45Z,271,2,0,15,2,0,1,1,1,1785535694
2026-07-31T22:18:45Z,272,6,1,17,0,0,1,1,1,1785536233
2026-07-31T22:18:45Z,273,6,2,9,0,0,1,1,1,1785536182
2026-07-31T22:18:45Z,274,2,2,16,1,0,1,1,1,1785535618
2026-07-31T22:18:45Z,275,3,0,16,4,0,1,1,1,1785536296
2026-07-31T22:18:45Z,276,4,1,22,1,0,1,1,1,1785536242
2026-07-31T22:18:45Z,277,2,0,17,4,0,1,1,1,1785536237
2026-07-31T22:18:45Z,278,9,8,20,2,0,1,1,1,1785535066
2026-07-31T22:18:45Z,279,3,1,16,0,0,1,1,1,1785536031
2026-07-31T22:18:45Z,280,5,3,24,2,0,1,1,1,1785536236
2026-07-31T22:18:45Z,281,4,0,15,0,0,1,1,1,1785535966
2026-07-31T22:18:45Z,282,9,2,9,0,0,1,1,1,1785536001
2026-07-31T22:18:45Z,283,14,3,21,0,0,1,1,1,1785536077
2026-07-31T22:18:45Z,284,33,6,0,2,0,1,1,1,1785536042
2026-07-31T22:18:45Z,285,5,3,18,0,0,1,1,1,1785534896
2026-07-31T22:18:45Z,286,11,3,11,1,0,1,1,1,1785536082
2026-07-31T22:18:45Z,287,8,1,12,3,0,1,1,1,1785535224
2026-07-31T22:18:45Z,288,4,0,14,1,0,1,1,1,1785535539
2026-07-31T22:18:45Z,289,12,8,11,4,0,1,1,1,1785536275
2026-07-31T22:18:45Z,290,20,0,17,2,0,1,1,1,1785536168
2026-07-31T22:18:45Z,291,9,1,13,1,0,1,1,1,1785536257
2026-07-31T22:18:45Z,292,10,3,13,0,0,1,1,1,1785536222
2026-07-31T22:18:45Z,293,2,1,20,1,0,1,1,1,1785536137
2026-07-31T22:18:45Z,294,7,5,11,4,0,1,1,1,1785536312
2026-07-31T22:18:45Z,297,10,0,8,0,1,1,1,1,1785536271
2026-07-31T22:18:45Z,301,15,0,3,1,0,1,1,1,1785536267
2026-07-31T22:18:45Z,302,22,0,0,1,0,1,1,1,1785535312
2026-07-31T22:18:45Z,303,2,0,17,0,0,1,1,1,1785535945
2026-07-31T22:18:45Z,304,0,0,0,0,0,0,1,1,86400
2026-07-31T22:18:45Z,305,0,0,18,1,0,1,1,1,1785536318
2026-07-31T22:18:45Z,306,8,0,23,1,0,1,1,1,1785535173
2026-07-31T22:18:45Z,307,11,1,12,0,0,1,1,1,1785536269
2026-07-31T22:18:45Z,308,13,3,5,1,0,1,1,1,1785535729
2026-07-31T22:18:45Z,309,0,0,13,1,0,1,1,1,1785536119
2026-07-31T22:18:45Z,311,7,0,7,1,0,1,1,1,1785536220
2026-07-31T22:18:45Z,312,5,5,15,3,0,1,1,1,1785536193
2026-07-31T22:18:45Z,313,2,0,13,0,0,1,1,1,1785535131
2026-07-31T22:18:45Z,314,9,2,7,3,0,1,1,1,1785535533
2026-07-31T22:18:45Z,315,12,5,17,2,0,1,1,1,1785536000
2026-07-31T22:18:45Z,316,2,1,22,6,1,1,1,1,1785536170
2026-07-31T22:18:45Z,317,20,6,10,0,1,1,1,1,1785536053
2026-07-31T22:18:45Z,318,19,4,0,0,0,1,1,1,1785533970
2026-07-31T22:18:45Z,319,12,2,9,2,0,1,1,1,1785536056
2026-07-31T22:18:45Z,320,2,0,16,1,0,1,1,1,1785536117
2026-07-31T22:18:45Z,321,2,0,13,4,0,1,1,1,1785536132
2026-07-31T22:18:45Z,322,20,0,9,0,0,1,1,1,1785536214
2026-07-31T22:18:45Z,323,3,1,15,1,0,1,1,1,1785536283
2026-07-31T22:18:45Z,324,15,1,11,1,0,1,1,1,1785536312
2026-07-31T22:18:45Z,325,2,2,23,2,0,1,1,1,1785535490
2026-07-31T22:18:45Z,327,22,2,3,2,0,1,1,1,1785536313
2026-07-31T22:18:45Z,328,20,0,1,1,0,1,1,1,1785535819
2026-07-31T22:18:45Z,329,5,2,11,3,0,1,1,1,1785535839
2026-07-31T22:18:45Z,330,18,0,4,0,0,1,1,1,1785536237
2026-07-31T22:18:45Z,331,18,1,3,2,0,1,1,1,1785536311
2026-07-31T22:18:45Z,332,5,3,13,1,0,1,1,1,1785535146
2026-07-31T22:18:45Z,333,8,5,14,1,0,1,1,1,1785536317
2026-07-31T22:18:45Z,334,5,0,17,1,0,1,1,1,1785535605
2026-07-31T22:18:45Z,335,7,3,15,0,1,1,1,1,1785536145
2026-07-31T22:18:45Z,336,5,2,14,0,0,1,1,1,1785536298
2026-07-31T22:18:45Z,337,6,5,13,4,0,1,1,1,1785536264
2026-07-31T22:18:45Z,338,2,0,17,0,0,1,1,1,1785536192
2026-07-31T22:18:45Z,339,6,6,14,3,0,1,1,1,1785536091
2026-07-31T22:18:45Z,340,4,2,10,1,0,1,1,1,1785536051
2026-07-31T22:18:45Z,341,7,1,12,0,0,1,1,1,1785535791
2026-07-31T22:18:45Z,342,5,1,9,1,0,1,1,1,1785536231
2026-07-31T22:18:45Z,343,8,3,14,1,0,1,1,1,1785536315
2026-07-31T22:18:45Z,344,5,1,18,0,0,1,1,1,1785535797
2026-07-31T22:18:45Z,345,18,2,1,0,0,1,1,1,1785536281
2026-07-31T22:18:45Z,346,3,3,20,0,0,1,1,1,1785532493
2026-07-31T22:18:45Z,347,25,3,15,4,0,1,1,1,1785536302
2026-07-31T22:18:45Z,348,7,0,15,0,1,1,1,1,1785536015
2026-07-31T22:18:45Z,349,14,3,5,0,0,1,1,1,1785534282
2026-07-31T22:18:45Z,350,3,2,22,1,1,1,1,1,1785536228
2026-07-31T22:18:45Z,351,3,2,18,2,0,1,1,1,1785536301
2026-07-31T22:18:45Z,355,10,2,13,0,0,1,1,1,1785535459
2026-07-31T22:18:45Z,356,10,4,9,0,0,1,1,1,1785536321
2026-07-31T22:18:45Z,357,4,2,14,1,0,1,1,1,1785536283
2026-07-31T22:18:45Z,358,20,2,6,1,0,1,1,1,1785536291
2026-07-31T22:18:45Z,359,10,0,17,0,0,1,1,1,1785536168
2026-07-31T22:18:45Z,360,5,3,14,0,0,1,1,1,1785536317
2026-07-31T22:18:45Z,362,1,1,15,3,0,1,1,1,1785536261
2026-07-31T22:18:45Z,363,17,2,10,0,0,1,1,1,1785536275
2026-07-31T22:18:45Z,364,1,0,18,0,0,1,1,1,1785535849
2026-07-31T22:18:45Z,365,1,1,18,4,0,1,1,1,1785535667
2026-07-31T22:18:45Z,366,3,3,20,0,0,1,1,1,1785535779
2026-07-31T22:18:45Z,367,4,2,13,2,0,1,1,1,1785535003
2026-07-31T22:18:45Z,368,4,2,18,1,0,1,1,1,1785536306
2026-07-31T22:18:45Z,370,9,3,18,0,0,1,1,1,1785534955
2026-07-31T22:18:45Z,371,3,3,15,1,0,1,1,1,1785536010
2026-07-31T22:18:45Z,372,10,0,5,0,0,1,1,1,1785536166
2026-07-31T22:18:45Z,373,0,0,26,1,0,1,1,1,1785534676
2026-07-31T22:18:45Z,374,0,0,18,1,0,1,1,1,1785534562
2026-07-31T22:18:45Z,375,0,0,26,1,0,1,1,1,1785536284
2026-07-31T22:18:45Z,376,1,0,36,2,0,1,1,1,1785536206
2026-07-31T22:18:45Z,377,8,1,17,2,0,1,1,1,1785535832
2026-07-31T22:18:45Z,378,1,0,21,1,1,1,1,1,1785536255
2026-07-31T22:18:45Z,379,21,3,2,4,0,1,1,1,1785536292
2026-07-31T22:18:45Z,380,3,1,20,0,0,1,1,1,1785536238
2026-07-31T22:18:45Z,381,18,0,5,0,0,1,1,1,1785536005
2026-07-31T22:18:45Z,383,11,2,2,2,0,1,1,1,1785536235
2026-07-31T22:18:45Z,384,4,0,20,3,0,1,1,1,1785536309
2026-07-31T22:18:45Z,385,3,1,14,1,0,1,1,1,1785536203
2026-07-31T22:18:45Z,387,2,1,21,0,0,1,1,1,1785534151
2026-07-31T22:18:45Z,388,37,4,8,4,0,1,1,1,1785536027
2026-07-31T22:18:45Z,389,3,2,11,1,0,1,1,1,1785536220
2026-07-31T22:18:45Z,390,16,1,18,1,0,1,1,1,1785535726
2026-07-31T22:18:45Z,391,5,3,10,0,0,1,1,1,1785535483
2026-07-31T22:18:45Z,392,4,4,13,2,0,1,1,1,1785536234
2026-07-31T22:18:45Z,393,1,1,6,4,0,1,1,1,1785534996
2026-07-31T22:18:45Z,394,7,1,4,2,0,1,1,1,1785534901
2026-07-31T22:18:45Z,396,1,1,41,0,0,1,1,1,1785535970
2026-07-31T22:18:45Z,397,14,7,17,0,0,1,1,1,1785535685
2026-07-31T22:18:45Z,399,0,0,15,2,0,1,1,1,1785536019
2026-07-31T22:18:45Z,400,14,9,7,2,0,1,1,1,1785534739
2026-07-31T22:18:45Z,401,2,0,29,8,0,1,1,1,1785536317
2026-07-31T22:18:45Z,403,24,6,3,4,0,1,1,1,1785536310
2026-07-31T22:18:45Z,404,6,3,16,1,0,1,1,1,1785536307
2026-07-31T22:18:45Z,406,23,5,10,2,0,1,1,1,1785536242
2026-07-31T22:18:45Z,407,10,0,23,1,0,1,1,1,1785536271
2026-07-31T22:18:45Z,408,3,3,26,4,0,1,1,1,1785536059
2026-07-31T22:18:45Z,409,14,2,5,4,0,1,1,1,1785535992
2026-07-31T22:18:45Z,413,10,3,11,2,0,1,1,1,1785536295
2026-07-31T22:18:45Z,414,7,0,7,1,0,1,1,1,1785536290
2026-07-31T22:18:45Z,417,4,1,14,1,0,1,1,1,1785536170
2026-07-31T22:18:45Z,418,5,4,10,0,0,1,1,1,1785535459
2026-07-31T22:18:45Z,419,13,1,10,0,0,1,1,1,1785533166
2026-07-31T22:18:45Z,421,11,0,8,0,0,1,1,1,1785536219
2026-07-31T22:18:45Z,422,14,2,13,0,0,1,1,1,1785536319
2026-07-31T22:18:45Z,423,0,0,22,1,0,1,1,1,1785535433
2026-07-31T22:18:45Z,424,8,4,4,2,1,1,1,1,1785536244
2026-07-31T22:18:45Z,425,0,0,21,0,1,1,1,1,1785535667
2026-07-31T22:18:45Z,426,2,0,33,2,0,1,1,1,1785536178
2026-07-31T22:18:45Z,427,11,1,1,3,0,1,1,1,1785536152
2026-07-31T22:18:45Z,428,13,0,6,0,0,1,1,1,1785535757
2026-07-31T22:18:45Z,429,17,5,6,0,0,1,1,1,1785536311
2026-07-31T22:18:45Z,430,6,1,22,3,0,1,1,1,1785536318
2026-07-31T22:18:45Z,431,2,0,30,1,0,1,1,1,1785536317
2026-07-31T22:18:45Z,432,0,0,30,1,0,0,1,1,1785508564
2026-07-31T22:18:45Z,433,4,2,16,3,0,1,1,1,1785533359
2026-07-31T22:18:45Z,437,2,1,13,4,0,1,1,1,1785536319
2026-07-31T22:18:45Z,438,3,1,15,1,0,1,1,1,1785536266
2026-07-31T22:18:45Z,439,13,4,2,0,0,1,1,1,1785535761
2026-07-31T22:18:45Z,440,11,2,3,1,0,1,1,1,1785536160
2026-07-31T22:18:45Z,441,3,1,10,2,0,1,1,1,1785535866
2026-07-31T22:18:45Z,442,11,3,6,2,0,1,1,1,1785535999
2026-07-31T22:18:45Z,443,5,2,22,0,0,1,1,1,1785512432
2026-07-31T22:18:45Z,444,1,1,22,0,0,1,1,1,1785535180
2026-07-31T22:18:45Z,445,6,2,16,1,0,1,1,1,1785536095
2026-07-31T22:18:45Z,446,2,0,21,0,0,1,1,1,1785533737
2026-07-31T22:18:45Z,447,3,0,18,1,1,1,1,1,1785534024
2026-07-31T22:18:45Z,448,7,0,7,1,0,1,1,1,1785530120
2026-07-31T22:18:45Z,452,5,3,13,1,0,1,1,1,1785536247
2026-07-31T22:18:45Z,453,2,1,10,3,0,1,1,1,1785536244
2026-07-31T22:18:45Z,454,16,0,2,1,0,1,1,1,1785536220
2026-07-31T22:18:45Z,455,28,1,10,1,0,1,1,1,1785535564
2026-07-31T22:18:45Z,456,18,1,0,2,0,1,1,1,1785536316
2026-07-31T22:18:45Z,457,5,4,21,1,0,1,1,1,1785536243
2026-07-31T22:18:45Z,458,4,2,17,2,0,1,1,1,1785535271
2026-07-31T22:18:45Z,459,12,1,3,0,0,1,1,1,1785535921
2026-07-31T22:18:45Z,460,15,1,8,0,0,1,1,1,1785536115
2026-07-31T22:18:45Z,461,9,0,9,1,0,1,1,1,1785536247
2026-07-31T22:18:45Z,462,19,1,2,0,0,1,1,1,1785536135
2026-07-31T22:18:45Z,463,8,0,11,0,0,1,1,1,1785534777
2026-07-31T22:18:45Z,464,2,0,12,0,0,1,1,1,1785535632
2026-07-31T22:18:45Z,465,3,3,12,0,0,1,1,1,1785535718
2026-07-31T22:18:45Z,466,6,2,3,6,0,1,1,1,1785534500
2026-07-31T22:18:45Z,467,1,0,18,0,0,1,1,1,1785535954
2026-07-31T22:18:45Z,468,1,0,17,1,0,1,1,1,1785534756
2026-07-31T22:18:45Z,469,6,1,17,0,0,1,1,1,1785535020
2026-07-31T22:18:45Z,470,1,0,12,2,0,1,1,1,1785536134
2026-07-31T22:18:45Z,471,24,3,3,0,0,1,1,1,1785535393
2026-07-31T22:18:45Z,472,8,3,10,1,0,1,1,1,1785536207
2026-07-31T22:18:45Z,473,8,0,11,0,0,1,1,1,1785535578
2026-07-31T22:18:45Z,474,7,2,11,1,0,1,1,1,1785536046
2026-07-31T22:18:45Z,475,4,2,14,1,0,1,1,1,1785536245
2026-07-31T22:18:45Z,477,6,0,9,0,0,1,1,1,1785535814
2026-07-31T22:18:45Z,478,23,0,8,0,0,1,1,1,1785536255
2026-07-31T22:18:45Z,479,6,0,19,2,0,1,1,1,1785536112
2026-07-31T22:18:45Z,480,6,1,8,1,0,1,1,1,1785536227
2026-07-31T22:18:45Z,481,13,0,21,1,0,1,1,1,1785536249
2026-07-31T22:18:45Z,482,2,1,17,0,0,1,1,1,1785536193
2026-07-31T22:18:45Z,483,1,0,24,2,0,1,1,1,1785536148
2026-07-31T22:18:45Z,484,1,0,17,1,0,1,1,1,1785536182
2026-07-31T22:18:45Z,485,12,4,6,0,1,1,1,1,1785536202
2026-07-31T22:18:45Z,486,3,0,21,3,0,1,1,1,1785536135
2026-07-31T22:18:45Z,487,8,5,8,3,0,1,1,1,1785535665
2026-07-31T22:18:45Z,489,5,2,10,0,0,1,1,1,1785535966
2026-07-31T22:18:45Z,490,13,1,3,0,0,1,1,1,1785536182
2026-07-31T22:18:45Z,491,8,2,12,1,0,1,1,1,1785535993
2026-07-31T22:18:45Z,492,0,0,8,3,0,1,1,1,1785536320
2026-07-31T22:18:45Z,493,20,1,7,0,0,1,1,1,1785535312
2026-07-31T22:18:45Z,495,9,0,5,1,0,1,1,1,1785535646
2026-07-31T22:18:45Z,496,10,2,17,0,0,1,1,1,1785535967
2026-07-31T22:18:45Z,497,0,0,18,0,0,1,1,1,1785536207
2026-07-31T22:18:45Z,498,3,1,19,1,0,1,1,1,1785536239
2026-07-31T22:18:45Z,499,2,0,16,1,0,1,1,1,1785536006
2026-07-31T22:18:45Z,500,0,0,11,4,0,1,1,1,1785536143
2026-07-31T22:18:45Z,501,10,1,11,0,0,1,1,1,1785535833
2026-07-31T22:18:45Z,502,1,0,16,2,0,1,1,1,1785533820
2026-07-31T22:18:45Z,503,8,1,22,1,0,1,1,1,1785536081
2026-07-31T22:18:45Z,504,1,0,36,2,0,1,1,1,1785536318
2026-07-31T22:18:45Z,505,4,0,7,1,0,1,1,1,1785536246
2026-07-31T22:18:45Z,511,3,2,20,0,0,1,1,1,1785533768
2026-07-31T22:18:45Z,512,10,0,17,0,0,1,1,1,1785536279
2026-07-31T22:18:45Z,514,1,1,9,1,0,1,1,1,1785536092
2026-07-31T22:18:45Z,515,5,2,14,0,0,1,1,1,1785535840
2026-07-31T22:18:45Z,516,4,0,23,0,0,1,1,1,1785536052
2026-07-31T22:18:45Z,517,13,3,10,0,0,1,1,1,1785536102
2026-07-31T22:18:45Z,518,5,0,9,1,0,1,1,1,1785533962
2026-07-31T22:18:45Z,519,6,4,12,1,0,1,1,1,1785535628
2026-07-31T22:18:45Z,520,19,6,1,6,1,1,1,1,1785536320
2026-07-31T22:18:45Z,521,4,3,19,0,0,1,1,1,1785535813
2026-07-31T22:18:45Z,522,20,4,1,2,0,1,1,1,1785536269
2026-07-31T22:18:45Z,523,11,5,11,1,0,1,1,1,1785536008
2026-07-31T22:18:45Z,524,13,2,10,0,0,1,1,1,1785536098
2026-07-31T22:18:45Z,525,9,0,10,0,0,1,1,1,1785535480
2026-07-31T22:18:45Z,526,7,4,8,0,0,1,1,1,1785535838
2026-07-31T22:18:45Z,527,16,12,9,1,0,1,1,1,1785536243
2026-07-31T22:18:45Z,528,20,2,1,2,0,1,1,1,1785536236
2026-07-31T22:18:45Z,529,7,4,6,6,0,1,1,1,1785536321
2026-07-31T22:18:45Z,530,9,0,9,3,0,1,1,1,1785535609
2026-07-31T22:18:45Z,531,14,2,8,0,1,1,1,1,1785535922
2026-07-31T22:18:45Z,532,4,4,26,1,0,1,1,1,1785536286
2026-07-31T22:18:45Z,533,12,0,6,1,0,1,1,1,1785535265
2026-07-31T22:18:45Z,534,4,1,19,0,0,1,1,1,1785535927
2026-07-31T22:18:45Z,535,1,1,14,0,0,1,1,1,1785535253
2026-07-31T22:18:45Z,536,11,0,12,0,0,1,1,1,1785536179
2026-07-31T22:18:45Z,537,4,1,16,0,0,1,1,1,1785535907
2026-07-31T22:18:45Z,538,11,1,10,0,2,1,1,1,1785536304
2026-07-31T22:18:45Z,539,2,1,29,0,0,1,1,1,1785536130
2026-07-31T22:18:45Z,540,5,2,14,0,0,1,1,1,1785536304
2026-07-31T22:18:45Z,541,5,1,22,0,0,1,1,1,1785536298
2026-07-31T22:18:45Z,542,0,0,23,0,0,1,1,1,1785535533
2026-07-31T22:18:45Z,543,1,0,18,0,0,1,1,1,1785536235
2026-07-31T22:18:45Z,544,12,4,6,4,0,1,1,1,1785536296
2026-07-31T22:18:45Z,545,12,1,2,5,0,1,1,1,1785536287
2026-07-31T22:18:45Z,546,5,3,14,0,0,1,1,1,1785536234
2026-07-31T22:18:45Z,547,13,1,12,0,0,1,1,1,1785535878
2026-07-31T22:18:45Z,548,6,2,16,1,0,1,1,1,1785535594
2026-07-31T22:18:45Z,549,20,1,2,1,0,1,1,1,1785536270
2026-07-31T22:18:45Z,550,2,2,17,0,0,1,1,1,1785535592
2026-07-31T22:18:45Z,551,1,1,21,1,0,1,1,1,1785536113
2026-07-31T22:18:45Z,552,1,1,26,0,0,1,1,1,1785536201
2026-07-31T22:18:45Z,553,1,0,19,3,0,1,1,1,1785536281
2026-07-31T22:18:45Z,554,1,1,17,1,0,1,1,1,1785536063
2026-07-31T22:18:45Z,555,8,1,6,1,0,1,1,1,1785534856
2026-07-31T22:18:45Z,556,8,1,13,2,0,1,1,1,1785536317
2026-07-31T22:18:45Z,557,1,0,20,2,0,1,1,1,1785536317
2026-07-31T22:18:45Z,558,32,12,4,1,0,1,1,1,1785536304
2026-07-31T22:18:45Z,559,8,0,10,1,0,1,1,1,1785536315
2026-07-31T22:18:45Z,560,25,1,2,0,0,1,1,1,1785536298
2026-07-31T22:18:45Z,561,5,2,15,3,0,1,1,1,1785536068
2026-07-31T22:18:45Z,562,7,0,21,7,0,1,1,1,1785535095
2026-07-31T22:18:45Z,563,4,0,9,1,0,1,1,1,1785536021
2026-07-31T22:18:45Z,564,4,1,14,1,0,1,1,1,1785535624
2026-07-31T22:18:45Z,565,5,2,14,0,0,1,1,1,1785536320
2026-07-31T22:18:45Z,566,10,0,8,1,0,1,1,1,1785536241
2026-07-31T22:18:45Z,567,13,1,12,2,0,1,1,1,1785536042
2026-07-31T22:18:45Z,568,7,0,11,1,0,1,1,1,1785536060
2026-07-31T22:18:45Z,569,11,0,6,2,0,1,1,1,1785536288
2026-07-31T22:18:45Z,570,9,1,9,1,0,1,1,1,1785536103
2026-07-31T22:18:45Z,571,5,0,18,0,0,1,1,1,1785535551
2026-07-31T22:18:45Z,572,7,0,12,0,0,1,1,1,1785536321
2026-07-31T22:18:45Z,573,12,3,3,0,0,1,1,1,1785535667
2026-07-31T22:18:45Z,574,3,2,12,0,0,1,1,1,1785535927
2026-07-31T22:18:45Z,575,5,0,15,1,0,1,1,1,1785536191
2026-07-31T22:18:45Z,576,1,0,18,0,0,1,1,1,1785535770
2026-07-31T22:18:45Z,577,27,0,4,0,0,1,1,1,1785535700
2026-07-31T22:18:45Z,578,4,1,18,1,0,1,1,1,1785536278
2026-07-31T22:18:45Z,579,9,0,34,0,0,1,1,1,1785536040
2026-07-31T22:18:45Z,580,4,0,25,0,0,1,1,1,1785536016
2026-07-31T22:18:45Z,581,17,1,2,0,0,1,1,1,1785536263
2026-07-31T22:18:45Z,582,20,0,39,2,0,1,1,1,1785536217
2026-07-31T22:18:45Z,583,5,0,17,1,0,1,1,1,1785536310
2026-07-31T22:18:45Z,584,1,0,14,4,0,1,1,1,1785535753
2026-07-31T22:18:45Z,585,0,0,26,0,1,1,1,1,1785536010
2026-07-31T22:18:45Z,586,7,1,28,0,0,1,1,1,1785536215
2026-07-31T22:18:45Z,587,13,2,10,1,0,1,1,1,1785536267
2026-07-31T22:18:45Z,588,7,3,9,2,1,1,1,1,1785536138
2026-07-31T22:18:45Z,589,6,0,16,0,0,1,1,1,1785535785
2026-07-31T22:18:45Z,590,9,1,21,1,0,1,1,1,1785536197
2026-07-31T22:18:45Z,591,3,1,25,2,0,1,1,1,1785536073
2026-07-31T22:18:45Z,592,7,0,16,0,0,1,1,1,1785536164
2026-07-31T22:18:45Z,593,17,1,21,0,0,1,1,1,1785536291
2026-07-31T22:18:45Z,594,8,0,12,1,0,1,1,1,1785536292
2026-07-31T22:18:45Z,595,0,0,3,0,0,0,1,1,1784046673
2026-07-31T22:18:45Z,605,0,0,2,1,0,0,1,1,1783975843
2026-07-31T22:18:45Z,606,0,0,0,0,0,0,1,1,86400
2026-07-31T22:18:45Z,607,4,3,24,4,0,1,1,1,1785536298
2026-07-31T22:18:45Z,608,36,2,14,0,0,1,1,1,1785535861
2026-07-31T22:18:45Z,609,4,1,19,0,0,1,1,1,1785536126
2026-07-31T22:18:45Z,610,11,0,24,0,0,1,1,1,1785536089
2026-07-31T22:18:45Z,611,3,0,23,1,0,1,1,1,1785535934
2026-07-31T22:18:45Z,612,8,1,7,0,0,1,1,1,1785533466
2026-07-31T22:18:45Z,613,12,4,0,3,0,1,1,1,1785530289
2026-07-31T22:18:45Z,614,1,1,23,2,1,1,1,1,1785536307
2026-07-31T22:18:45Z,617,10,1,3,2,0,1,1,1,1785535951
2026-07-31T22:18:45Z,618,9,1,4,6,0,1,1,1,1785536292
2026-07-31T22:18:45Z,619,8,5,11,0,0,1,1,1,1785536110
2026-07-31T22:18:45Z,620,13,1,13,1,0,1,1,1,1785536257
2026-07-31T22:18:45Z,621,3,3,20,0,0,1,1,1,1785536162
2026-07-31T22:18:45Z,622,12,1,10,1,0,1,1,1,1785535930
2026-07-31T22:18:45Z,623,20,7,10,0,0,1,1,1,1785535596
2026-07-31T22:18:45Z,624,0,0,15,0,0,1,1,1,1785534424
2026-07-31T22:18:45Z,625,16,3,0,5,0,1,1,1,1785535790
2026-07-31T22:18:45Z,626,41,0,4,0,2,1,1,1,1785536270
2026-07-31T22:18:45Z,627,16,4,3,0,0,1,1,1,1785536273
2026-07-31T22:18:45Z,628,2,2,15,1,1,1,1,1,1785536096
2026-07-31T22:18:45Z,629,2,1,7,2,0,1,1,1,1785536019
2026-07-31T22:18:45Z,630,1,0,22,4,0,1,1,1,1785536126
2026-07-31T22:18:45Z,631,3,3,20,0,0,1,1,1,1785535755
2026-07-31T22:18:45Z,632,17,1,4,2,0,1,1,1,1785535811
2026-07-31T22:18:45Z,633,11,3,1,3,0,1,1,1,1785530006
2026-07-31T22:18:45Z,634,11,1,8,0,0,1,1,1,1785534984
2026-07-31T22:18:45Z,635,16,1,3,0,0,1,1,1,1785535783
2026-07-31T22:18:45Z,636,7,2,8,0,0,1,1,1,1785526430
2026-07-31T22:18:45Z,637,6,2,11,2,0,1,1,1,1785535251
2026-07-31T22:18:45Z,638,6,2,11,2,0,1,1,1,1785535130
2026-07-31T22:18:45Z,639,10,2,7,2,0,1,1,1,1785535787
2026-07-31T22:18:45Z,640,13,6,8,2,0,1,1,1,1785536193
2026-07-31T22:18:45Z,641,8,0,19,0,0,1,1,1,1785536273
2026-07-31T22:18:45Z,642,4,3,7,8,0,1,1,1,1785536321
2026-07-31T22:18:45Z,643,4,0,15,8,0,1,1,1,1785536320
2026-07-31T22:18:45Z,644,13,1,1,1,0,1,1,1,1785533615
2026-07-31T22:18:45Z,645,15,1,6,1,1,1,1,1,1785535419
2026-07-31T22:18:45Z,646,4,1,15,0,0,1,1,1,1785533859
2026-07-31T22:18:45Z,647,7,0,24,0,0,1,1,1,1785536287
2026-07-31T22:18:45Z,648,2,0,16,1,0,1,1,1,1785535473
2026-07-31T22:18:45Z,649,23,0,7,1,0,1,1,1,1785536139
2026-07-31T22:18:45Z,650,5,1,9,0,0,1,1,1,1785535619
2026-07-31T22:18:45Z,651,8,7,15,0,0,1,1,1,1785536037
2026-07-31T22:18:45Z,652,4,2,17,2,0,1,1,1,1785536178
2026-07-31T22:18:45Z,653,1,1,17,1,0,1,1,1,1785536038
2026-07-31T22:18:45Z,654,2,1,13,0,0,1,1,1,1785535877
2026-07-31T22:18:45Z,655,8,4,0,4,1,1,1,1,1785536063
2026-07-31T22:18:45Z,656,3,2,16,0,0,1,1,1,1785535970
2026-07-31T22:18:45Z,657,11,4,2,2,2,1,1,1,1785536129
2026-07-31T22:18:45Z,658,9,1,1,0,0,1,1,1,1785533651
2026-07-31T22:18:45Z,659,7,5,6,2,0,1,1,1,1785535916
2026-07-31T22:18:45Z,660,15,3,11,5,0,1,1,1,1785536282
2026-07-31T22:18:45Z,661,7,2,12,0,0,1,1,1,1785536292
2026-07-31T22:18:45Z,662,5,2,14,4,0,1,1,1,1785533873
2026-07-31T22:18:45Z,663,5,0,10,0,0,1,1,1,1785536073
2026-07-31T22:18:45Z,664,13,0,14,0,0,1,1,1,1785535323
2026-07-31T22:18:45Z,665,8,4,7,0,0,1,1,1,1785536198
2026-07-31T22:18:45Z,666,6,2,6,3,0,1,1,1,1785536255
2026-07-31T22:18:45Z,667,13,3,5,1,0,1,1,1,1785536276
2026-07-31T22:18:45Z,668,8,1,11,0,0,1,1,1,1785536290
2026-07-31T22:18:45Z,669,5,3,7,2,0,1,1,1,1785534788
2026-07-31T22:18:45Z,670,19,0,7,1,0,1,1,1,1785535395
2026-07-31T22:18:45Z,671,17,2,9,1,0,1,1,1,1785536316
2026-07-31T22:18:45Z,672,7,0,12,3,1,1,1,1,1785536202
2026-07-31T22:18:45Z,673,13,0,10,0,0,1,1,1,1785536058
2026-07-31T22:18:45Z,674,1,0,20,2,0,1,1,1,1785536228
2026-07-31T22:18:45Z,675,3,1,10,2,0,1,1,1,1785536040
2026-07-31T22:18:45Z,676,9,0,11,2,0,1,1,1,1785535945
2026-07-31T22:18:45Z,681,11,5,3,0,1,1,1,1,1785536184
2026-07-31T22:18:45Z,682,6,1,13,0,0,1,1,1,1785534288
2026-07-31T22:18:45Z,683,1,1,18,0,0,1,1,1,1785527602
2026-07-31T22:18:45Z,684,4,1,23,0,0,1,1,1,1785535557
2026-07-31T22:18:45Z,685,6,0,19,1,1,1,1,1,1785535602
2026-07-31T22:18:45Z,686,11,0,13,3,0,1,1,1,1785536261
2026-07-31T22:18:45Z,687,12,1,17,1,1,1,1,1,1785536207
2026-07-31T22:18:45Z,688,12,1,7,0,0,1,1,1,1785534682
2026-07-31T22:18:45Z,692,0,0,21,0,0,1,1,1,1785534890
2026-07-31T22:18:45Z,693,6,0,2,3,0,1,1,1,1785536064
2026-07-31T22:18:45Z,694,8,3,13,0,0,1,1,1,1785535932
2026-07-31T22:18:45Z,695,1,1,21,1,0,1,1,1,1785536141
2026-07-31T22:18:45Z,696,15,13,8,0,0,1,1,1,1785536312
2026-07-31T22:18:45Z,697,22,5,1,0,0,1,1,1,1785536072
2026-07-31T22:18:45Z,698,19,4,8,0,0,1,1,1,1785536309
2026-07-31T22:18:45Z,699,4,0,10,1,0,1,1,1,1785536048
2026-07-31T22:18:45Z,700,16,1,2,1,0,1,1,1,1785535672
2026-07-31T22:18:45Z,701,14,3,5,0,0,1,1,1,1785536268
2026-07-31T22:18:45Z,702,5,4,18,0,0,1,1,1,1785535803
2026-07-31T22:18:45Z,704,4,0,10,1,0,1,1,1,1785535418
2026-07-31T22:18:45Z,705,1,0,14,0,0,1,1,1,1785534884
2026-07-31T22:18:45Z,706,5,1,8,2,0,1,1,1,1785536164
2026-07-31T22:18:45Z,707,7,1,8,0,0,1,1,1,1785534761
2026-07-31T22:18:45Z,708,14,1,4,1,0,1,1,1,1785536317
2026-07-31T22:18:45Z,709,4,0,8,3,0,1,1,1,1785536067
2026-07-31T22:18:45Z,710,3,0,15,1,0,1,1,1,1785536108
2026-07-31T22:18:45Z,711,7,1,13,3,0,1,1,1,1785536208
2026-07-31T22:18:45Z,712,6,6,8,1,0,1,1,1,1785536202
2026-07-31T22:18:45Z,713,4,2,18,1,0,1,1,1,1785535959
2026-07-31T22:18:45Z,716,4,3,11,0,0,1,1,1,1785534550
2026-07-31T22:18:45Z,717,2,0,21,2,0,1,1,1,1785535861
2026-07-31T22:18:45Z,718,6,2,7,2,0,1,1,1,1785536137
2026-07-31T22:18:45Z,719,4,0,25,0,0,1,1,1,1785535688
2026-07-31T22:18:45Z,720,0,0,19,0,0,1,1,1,1785534816
2026-07-31T22:18:45Z,721,6,0,15,2,0,1,1,1,1785535719
2026-07-31T22:18:45Z,722,7,1,8,0,0,1,1,1,1785534592
2026-07-31T22:18:45Z,723,14,2,9,0,0,1,1,1,1785534808
2026-07-31T22:18:45Z,724,7,3,15,1,0,1,1,1,1785536088
2026-07-31T22:18:45Z,725,2,0,20,1,0,1,1,1,1785536256
2026-07-31T22:18:45Z,726,8,0,10,1,0,1,1,1,1785536220
2026-07-31T22:18:45Z,727,10,5,12,1,0,1,1,1,1785535669
2026-07-31T22:18:45Z,728,9,0,5,1,0,1,1,1,1785535120
2026-07-31T22:18:45Z,729,5,0,14,0,0,1,1,1,1785536269
2026-07-31T22:18:45Z,730,0,0,12,3,0,1,1,1,1785535718
2026-07-31T22:18:45Z,731,3,3,10,2,0,1,1,1,1785536143
2026-07-31T22:18:45Z,732,4,2,11,0,0,1,1,1,1785535877
2026-07-31T22:18:45Z,733,13,2,14,0,0,1,1,1,1785536247
2026-07-31T22:18:45Z,734,2,0,12,0,0,1,1,1,1785536213
2026-07-31T22:18:45Z,735,26,10,1,0,0,1,1,1,1785536205
2026-07-31T22:18:45Z,736,12,1,7,0,0,1,1,1,1785535295
2026-07-31T22:18:45Z,737,2,1,12,0,1,1,1,1,1785535348
2026-07-31T22:18:45Z,738,13,4,6,0,0,1,1,1,1785535737
2026-07-31T22:18:45Z,739,17,0,9,1,0,1,1,1,1785535056
2026-07-31T22:18:45Z,741,6,0,17,0,0,1,1,1,1785535431
2026-07-31T22:18:45Z,742,16,10,18,1,0,1,1,1,1785536321
2026-07-31T22:18:45Z,743,5,2,14,0,0,1,1,1,1785535070
2026-07-31T22:18:45Z,744,9,3,6,0,0,1,1,1,1785536217
2026-07-31T22:18:45Z,745,10,4,9,0,0,1,1,1,1785536157
2026-07-31T22:18:45Z,746,5,0,17,1,0,1,1,1,1785536133
2026-07-31T22:18:45Z,747,0,0,4,0,0,0,1,1,1783446606
2026-07-31T22:18:45Z,748,8,0,15,0,0,1,1,1,1785534632
2026-07-31T22:18:45Z,749,5,0,18,0,0,1,1,1,1785535734
2026-07-31T22:18:45Z,750,8,4,2,1,0,1,1,1,1785536122
2026-07-31T22:18:45Z,751,21,14,2,0,0,1,1,1,1785536204
2026-07-31T22:18:45Z,752,0,0,16,1,0,1,1,1,1785535541
2026-07-31T22:18:45Z,753,2,0,12,1,0,1,1,1,1785536139
2026-07-31T22:18:45Z,754,5,1,10,0,0,1,1,1,1785536027
2026-07-31T22:18:45Z,755,16,4,6,1,0,1,1,1,1785536260
2026-07-31T22:18:45Z,756,4,4,32,1,0,1,1,1,1785535862
2026-07-31T22:18:45Z,757,7,2,12,0,0,1,1,1,1785535335
2026-07-31T22:18:45Z,758,2,1,21,0,0,1,1,1,1785536225
2026-07-31T22:18:45Z,759,0,0,0,0,0,1,1,1,86400
2026-07-31T22:18:45Z,760,9,2,10,0,0,1,1,1,1785531870
2026-07-31T22:18:45Z,761,1,1,22,0,0,1,1,1,1785535775
2026-07-31T22:18:45Z,762,4,2,6,5,0,1,1,1,1785534872
2026-07-31T22:18:45Z,768,7,0,8,4,0,1,1,1,1785535781
2026-07-31T22:18:45Z,769,15,8,3,1,0,1,1,1,1785536143
2026-07-31T22:18:45Z,770,9,2,8,2,0,1,1,1,1785535552
2026-07-31T22:18:45Z,771,12,1,2,1,0,1,1,1,1785534839
2026-07-31T22:18:45Z,772,1,0,14,0,0,1,1,1,1785535370
2026-07-31T22:18:45Z,773,17,2,2,0,0,1,1,1,1785535299
2026-07-31T22:18:45Z,774,5,1,6,4,0,1,1,1,1785535774
2026-07-31T22:18:45Z,775,5,1,12,1,1,1,1,1,1785536216
2026-07-31T22:18:45Z,776,2,0,18,1,0,1,1,1,1785535889
2026-07-31T22:18:45Z,777,14,5,1,0,0,1,1,1,1785534989
2026-07-31T22:18:45Z,778,13,0,6,0,0,1,1,1,1785535287
2026-07-31T22:18:45Z,779,6,0,12,1,0,1,1,1,1785534550
2026-07-31T22:18:45Z,780,8,1,10,1,0,1,1,1,1785536164
2026-07-31T22:18:45Z,781,3,1,6,2,0,1,1,1,1785535975
2026-07-31T22:18:45Z,782,0,0,15,4,0,1,1,1,1785535081
2026-07-31T22:18:45Z,783,7,3,12,0,0,1,1,1,1785536127
2026-07-31T22:18:45Z,784,9,2,10,0,0,1,1,1,1785536026
2026-07-31T22:18:45Z,785,9,2,4,6,0,1,1,1,1785535281
2026-07-31T22:18:45Z,786,9,5,10,0,0,1,1,1,1785536018
2026-07-31T22:18:45Z,787,4,3,10,1,0,1,1,1,1785535576
2026-07-31T22:18:45Z,788,6,1,9,0,0,1,1,1,1785534796
2026-07-31T22:18:45Z,789,6,2,5,4,0,1,1,1,1785536194
2026-07-31T22:18:45Z,790,3,0,19,1,0,1,1,1,1785535767
2026-07-31T22:18:45Z,791,8,0,10,0,1,1,1,1,1785535934
2026-07-31T22:18:45Z,793,4,0,10,1,0,1,1,1,1785535121
2026-07-31T22:18:45Z,794,1,0,26,2,0,1,1,1,1785535807
2026-07-31T22:18:45Z,796,6,3,12,1,0,1,1,1,1785535014
2026-07-31T22:18:45Z,797,4,0,11,0,0,1,1,1,1785536236
2026-07-31T22:18:45Z,798,14,0,10,1,0,1,1,1,1785536085
2026-07-31T22:18:45Z,799,15,2,0,4,0,1,1,1,1785535326
2026-07-31T22:18:45Z,800,1,1,19,1,0,1,1,1,1785536235
2026-07-31T22:18:45Z,801,2,1,18,1,0,1,1,1,1785535700
2026-07-31T22:18:45Z,802,9,0,22,0,0,1,1,1,1785536315
2026-07-31T22:18:45Z,803,1,0,14,0,0,1,1,1,1785535971
2026-07-31T22:18:45Z,806,7,3,7,1,0,1,1,1,1785536197
2026-07-31T22:18:45Z,807,8,4,14,3,0,1,1,1,1785535714
2026-07-31T22:18:45Z,808,13,0,9,3,0,1,1,1,1785535844
2026-07-31T22:18:45Z,809,4,1,18,1,0,1,1,1,1785535022
2026-07-31T22:18:45Z,810,4,2,13,2,0,1,1,1,1785535387
2026-07-31T22:18:45Z,815,8,2,2,4,1,1,1,1,1785535561
2026-07-31T22:18:45Z,817,10,5,5,0,0,1,1,1,1785536118
2026-07-31T22:18:45Z,818,6,1,17,0,0,1,1,1,1785535652
2026-07-31T22:18:45Z,819,7,4,8,0,0,1,1,1,1785532837
2026-07-31T22:18:45Z,820,9,0,8,0,0,1,1,1,1785535989
2026-07-31T22:18:45Z,821,4,3,11,0,0,1,1,1,1785535091
2026-07-31T22:18:45Z,822,4,0,18,1,0,1,1,1,1785536300
2026-07-31T22:18:45Z,823,13,1,2,0,0,1,1,1,1785536191
2026-07-31T22:18:45Z,824,10,6,9,0,0,1,1,1,1785535893
2026-07-31T22:18:45Z,825,6,4,8,1,0,1,1,1,1785536125
2026-07-31T22:18:45Z,826,7,0,10,2,0,1,1,1,1785535988
2026-07-31T22:18:45Z,827,17,4,2,2,0,1,1,1,1785535587
2026-07-31T22:18:45Z,828,11,0,5,2,0,1,1,1,1785536083
2026-07-31T22:18:45Z,829,18,7,9,0,0,1,1,1,1785536306
2026-07-31T22:18:45Z,830,14,0,8,1,0,1,1,1,1785536298
2026-07-31T22:18:45Z,831,4,3,9,2,0,1,1,1,1785534607
2026-07-31T22:18:45Z,832,7,3,8,3,0,1,1,1,1785534706
2026-07-31T22:18:45Z,833,3,1,15,1,0,1,1,1,1785536269
2026-07-31T22:18:45Z,834,22,0,1,1,0,1,1,1,1785536299
2026-07-31T22:18:45Z,835,3,3,13,2,0,1,1,1,1785536008
2026-07-31T22:18:45Z,838,7,3,7,1,0,1,1,1,1785536029
2026-07-31T22:18:45Z,839,13,3,15,1,0,1,1,1,1785536209
2026-07-31T22:18:45Z,840,0,0,28,1,0,1,1,1,1785535908
2026-07-31T22:18:45Z,841,8,2,7,0,0,1,1,1,1785536321
2026-07-31T22:18:45Z,842,1,0,22,0,0,1,1,1,1785536260
2026-07-31T22:18:45Z,843,14,2,17,0,0,1,1,1,1785534828
2026-07-31T22:18:45Z,844,4,0,19,0,0,1,1,1,1785534719
2026-07-31T22:18:45Z,845,5,3,12,2,0,1,1,1,1785534853
2026-07-31T22:18:45Z,846,4,2,14,1,0,1,1,1,1785535742
2026-07-31T22:18:45Z,847,6,1,20,1,0,1,1,1,1785535653
2026-07-31T22:18:45Z,848,4,3,14,1,0,1,1,1,1785534434
2026-07-31T22:18:45Z,849,7,0,7,1,0,1,1,1,1785536022
2026-07-31T22:18:45Z,850,7,0,4,0,0,1,1,1,1785536312
2026-07-31T22:18:45Z,851,3,2,31,3,0,1,1,1,1785536233
2026-07-31T22:18:45Z,852,10,4,9,0,0,1,1,1,1785536279
2026-07-31T22:18:45Z,853,11,5,12,0,0,1,1,1,1785535452
2026-07-31T22:18:45Z,854,0,0,15,0,0,1,1,1,1785536320
2026-07-31T22:18:45Z,855,24,0,3,0,0,1,1,1,1785535254
2026-07-31T22:18:45Z,857,6,5,11,2,0,1,1,1,1785535790
2026-07-31T22:18:45Z,858,5,2,13,1,0,1,1,1,1785535195
2026-07-31T22:18:45Z,859,8,0,12,1,0,1,1,1,1785535366
2026-07-31T22:18:45Z,861,6,0,4,1,0,1,1,1,1785528609
2026-07-31T22:18:45Z,862,4,2,11,0,0,1,1,1,1785534556
2026-07-31T22:18:45Z,863,14,1,4,1,0,1,1,1,1785534680
2026-07-31T22:18:45Z,866,13,1,6,0,0,1,1,1,1785536064
2026-07-31T22:18:45Z,867,14,2,1,0,0,1,1,1,1785535970
2026-07-31T22:18:45Z,868,7,0,8,0,0,1,1,1,1785536225
2026-07-31T22:18:45Z,870,8,5,7,0,0,1,1,1,1785534639
2026-07-31T22:18:45Z,871,0,0,10,1,0,1,1,1,1785535773
2026-07-31T22:18:45Z,872,1,0,13,1,0,1,1,1,1785534548
2026-07-31T22:18:45Z,873,3,0,27,3,0,1,1,1,1785535986
2026-07-31T22:18:45Z,874,5,2,7,3,0,1,1,1,1785536237
2026-07-31T22:18:45Z,875,13,9,1,1,0,1,1,1,1785535670
2026-07-31T22:18:45Z,877,13,12,6,0,0,1,1,1,1785536059
2026-07-31T22:18:45Z,878,3,3,16,0,0,1,1,1,1785534813
2026-07-31T22:18:45Z,879,2,0,17,0,0,1,1,1,1785535662
2026-07-31T22:18:45Z,880,1,0,21,1,0,1,1,1,1785535668
2026-07-31T22:18:45Z,881,3,0,16,0,0,1,1,1,1785534677
2026-07-31T22:18:45Z,882,9,3,9,1,0,1,1,1,1785534469
2026-07-31T22:18:45Z,883,7,3,12,0,0,1,1,1,1785534865
2026-07-31T22:18:45Z,884,11,7,10,0,0,1,1,1,1785536082
2026-07-31T22:18:45Z,885,0,0,19,0,0,1,1,1,1785536292
2026-07-31T22:18:45Z,886,4,0,23,2,0,1,1,1,1785536194
2026-07-31T22:18:45Z,887,5,1,8,4,0,1,1,1,1785535835
2026-07-31T22:18:45Z,888,9,0,29,3,0,1,1,1,1785536255
2026-07-31T22:18:45Z,889,4,0,13,2,0,1,1,1,1785535560
2026-07-31T22:18:45Z,890,8,4,7,0,0,1,1,1,1785535414
2026-07-31T22:18:45Z,891,19,0,4,0,0,1,1,1,1785535840
2026-07-31T22:18:45Z,892,11,1,4,0,0,1,1,1,1785534415
2026-07-31T22:18:45Z,895,3,0,16,0,0,1,1,1,1785534035
2026-07-31T22:18:45Z,896,7,2,28,0,0,1,1,1,1785534764
2026-07-31T22:18:45Z,897,15,0,6,0,0,1,1,1,1785535825
2026-07-31T22:18:45Z,898,2,0,17,0,0,1,1,1,1785536203
2026-07-31T22:18:45Z,899,3,0,15,1,0,1,1,1,1785535859
2026-07-31T22:18:45Z,900,7,0,19,1,0,1,1,1,1785536238
2026-07-31T22:18:45Z,901,3,0,15,1,0,1,1,1,1785536162
2026-07-31T22:18:45Z,902,5,1,10,0,0,1,1,1,1785536104
2026-07-31T22:18:45Z,903,7,2,11,1,0,1,1,1,1785535695
2026-07-31T22:18:45Z,904,10,4,8,1,0,1,1,1,1785534793
2026-07-31T22:18:45Z,905,16,2,11,0,0,1,1,1,1785536219
2026-07-31T22:18:45Z,906,13,7,14,0,0,1,1,1,1785536284
2026-07-31T22:18:45Z,907,4,0,25,2,0,1,1,1,1785536317
2026-07-31T22:18:45Z,908,12,2,11,0,0,1,1,1,1785534809
2026-07-31T22:18:45Z,909,7,7,16,0,0,1,1,1,1785536205
2026-07-31T22:18:45Z,910,16,0,12,3,0,1,1,1,1785536197
2026-07-31T22:18:45Z,911,4,1,15,0,0,1,1,1,1785536136
2026-07-31T22:18:45Z,912,2,1,20,1,0,1,1,1,1785536280
2026-07-31T22:18:45Z,913,5,3,14,0,0,1,1,1,1785536280
2026-07-31T22:18:45Z,914,13,0,4,2,0,1,1,1,1785536253
2026-07-31T22:18:45Z,915,15,1,5,3,0,1,1,1,1785536103
2026-07-31T22:18:45Z,916,4,2,19,0,0,1,1,1,1785536293
2026-07-31T22:18:45Z,917,5,0,29,1,0,1,1,1,1785536276
2026-07-31T22:18:45Z,918,6,1,11,2,0,1,1,1,1785536254
2026-07-31T22:18:45Z,919,10,0,29,0,0,1,1,1,1785536320
2026-07-31T22:18:45Z,920,7,2,12,0,0,1,1,1,1785535098
2026-07-31T22:18:45Z,921,11,0,10,0,0,1,1,1,1785536303
2026-07-31T22:18:45Z,922,1,1,20,0,0,1,1,1,1785535342
2026-07-31T22:18:45Z,923,5,2,14,0,0,1,1,1,1785536070
2026-07-31T22:18:45Z,924,5,0,15,1,0,1,1,1,1785535495
2026-07-31T22:18:45Z,925,11,0,10,0,0,1,1,1,1785535003
2026-07-31T22:18:45Z,926,2,0,19,0,0,1,1,1,1785535077
2026-07-31T22:18:45Z,927,21,2,14,0,0,1,1,1,1785535766
2026-07-31T22:18:45Z,928,0,0,19,0,0,0,1,1,1785500252
2026-07-31T22:18:45Z,929,8,1,15,0,0,1,1,1,1785536153
2026-07-31T22:18:45Z,930,8,0,22,1,0,1,1,1,1785535310
2026-07-31T22:18:45Z,931,3,2,19,1,0,1,1,1,1785536234
2026-07-31T22:18:45Z,932,16,0,0,3,0,1,1,1,1785536277
2026-07-31T22:18:45Z,933,2,1,19,2,0,1,1,1,1785536199
2026-07-31T22:18:45Z,934,29,0,1,1,0,1,1,1,1785536075
2026-07-31T22:18:45Z,935,9,0,9,1,0,1,1,1,1785536228
2026-07-31T22:18:45Z,936,5,0,14,0,0,1,1,1,1785535825
2026-07-31T22:18:45Z,940,6,0,4,1,0,1,1,1,1785535758
2026-07-31T22:18:45Z,941,17,2,5,3,0,1,1,1,1785536302
2026-07-31T22:18:45Z,942,13,0,8,0,0,1,1,1,1785535756
2026-07-31T22:18:45Z,943,8,8,7,0,0,1,1,1,1785534628
2026-07-31T22:18:45Z,944,10,8,5,0,0,1,1,1,1785536290
2026-07-31T22:18:45Z,945,10,8,5,0,0,1,1,1,1785535815
2026-07-31T22:18:45Z,946,7,5,12,0,0,1,1,1,1785523835
2026-07-31T22:18:45Z,947,5,3,12,0,0,1,1,1,1785536314
2026-07-31T22:18:45Z,948,22,16,5,4,0,1,1,1,1785536209
2026-07-31T22:18:45Z,949,0,0,14,1,0,1,1,1,1785536031
2026-07-31T22:18:45Z,950,4,1,12,1,0,1,1,1,1785536318
2026-07-31T22:18:45Z,951,17,7,6,0,0,1,1,1,1785536089
2026-07-31T22:18:45Z,952,14,0,40,1,0,1,1,1,1785536053
2026-07-31T22:18:45Z,953,4,0,10,1,0,1,1,1,1785536190
2026-07-31T22:18:45Z,954,4,0,15,0,0,1,1,1,1785536303
2026-07-31T22:18:45Z,955,10,7,11,6,0,1,1,1,1785535996
2026-07-31T22:18:45Z,956,12,0,9,2,0,1,1,1,1785536264
2026-07-31T22:18:45Z,957,24,4,5,0,0,1,1,1,1785536195
2026-07-31T22:18:45Z,958,15,0,14,2,0,1,1,1,1785536317
2026-07-31T22:18:45Z,959,6,1,16,1,0,1,1,1,1785536267
2026-07-31T22:18:45Z,960,6,1,17,0,0,1,1,1,1785536210
2026-07-31T22:18:45Z,961,2,1,18,3,0,1,1,1,1785536285
2026-07-31T22:18:45Z,962,7,0,25,3,0,1,1,1,1785536144
2026-07-31T22:18:45Z,963,11,0,11,1,0,1,1,1,1785536233
2026-07-31T22:18:45Z,964,13,9,10,0,0,1,1,1,1785536178
2026-07-31T22:18:45Z,965,10,6,16,1,0,1,1,1,1785535706
2026-07-31T22:18:45Z,966,9,0,21,1,0,1,1,1,1785535798
2026-07-31T22:18:45Z,967,17,1,2,2,0,1,1,1,1785536210
2026-07-31T22:18:45Z,968,15,0,3,1,0,1,1,1,1785534515
2026-07-31T22:18:45Z,969,2,0,23,2,0,1,1,1,1785535879
2026-07-31T22:18:45Z,970,1,1,17,1,0,1,1,1,1785536013
2026-07-31T22:18:45Z,971,2,0,20,1,0,1,1,1,1785536195
2026-07-31T22:18:45Z,972,11,4,12,0,0,1,1,1,1785536287
2026-07-31T22:18:45Z,973,7,0,15,1,0,1,1,1,1785535896
2026-07-31T22:18:45Z,974,15,0,10,2,0,1,1,1,1785536258
2026-07-31T22:18:45Z,977,0,0,19,2,0,1,1,1,1785536023
2026-07-31T22:18:45Z,978,18,0,5,0,0,1,1,1,1785535798
2026-07-31T22:18:45Z,979,0,0,17,0,0,1,1,1,1785535105
2026-07-31T22:18:45Z,980,0,0,20,1,0,1,1,1,1785535940
2026-07-31T22:18:45Z,981,8,0,13,0,0,1,1,1,1785536107
2026-07-31T22:18:45Z,982,3,0,14,2,0,1,1,1,1785535707
2026-07-31T22:18:45Z,983,2,2,21,0,0,1,1,1,1785535024
2026-07-31T22:18:45Z,984,6,0,17,0,0,1,1,1,1785536190
2026-07-31T22:18:45Z,985,3,0,27,1,0,1,1,1,1785536278
2026-07-31T22:18:45Z,986,4,0,15,0,0,1,1,1,1785534557
2026-07-31T22:18:45Z,987,7,1,16,0,0,1,1,1,1785535138
2026-07-31T22:18:45Z,988,6,4,13,0,0,1,1,1,1785534729
2026-07-31T22:18:45Z,989,7,4,12,0,0,1,1,1,1785535526
2026-07-31T22:18:45Z,990,11,0,3,1,0,1,1,1,1785535896
2026-07-31T22:18:45Z,991,9,0,9,1,0,1,1,1,1785536285
2026-07-31T22:18:45Z,992,9,5,14,0,0,1,1,1,1785535353
2026-07-31T22:18:45Z,993,6,4,20,1,0,1,1,1,1785535836
2026-07-31T22:18:45Z,994,0,0,21,0,0,1,1,1,1785535600
2026-07-31T22:18:45Z,995,7,1,20,0,0,1,1,1,1785534810
2026-07-31T22:18:45Z,996,7,2,16,0,0,1,1,1,1785534933
2026-07-31T22:18:45Z,997,14,8,8,1,0,1,1,1,1785536268
2026-07-31T22:18:45Z,998,5,4,18,0,0,1,1,1,1785534897
2026-07-31T22:18:45Z,999,4,1,15,1,1,1,1,1,1785534757
2026-07-31T22:18:45Z,1000,0,0,21,0,0,1,1,1,1785535711
2026-07-31T22:18:45Z,1001,5,3,22,0,0,1,1,1,1785534966
2026-07-31T22:18:45Z,1002,3,2,27,1,0,1,1,1,1785535000
2026-07-31T22:18:45Z,1003,1,0,22,0,0,1,1,1,1785534533
2026-07-31T22:18:45Z,1004,8,2,15,0,0,1,1,1,1785535840
2026-07-31T22:18:45Z,1005,20,1,3,0,0,1,1,1,1785534725
2026-07-31T22:18:45Z,1006,8,4,11,0,0,1,1,1,1785534529
2026-07-31T22:18:45Z,1007,2,1,19,0,0,1,1,1,1785535989
2026-07-31T22:18:45Z,1008,7,6,16,0,0,1,1,1,1785535529
2026-07-31T22:18:45Z,1009,22,5,8,1,0,1,1,1,1785535439
2026-07-31T22:18:45Z,1010,7,2,20,0,0,1,1,1,1785536259
2026-07-31T22:18:45Z,1011,7,2,10,2,0,1,1,1,1785534899
2026-07-31T22:18:45Z,1012,5,3,16,2,0,1,1,1,1785536314
2026-07-31T22:18:45Z,1013,4,1,18,1,0,1,1,1,1785535054
2026-07-31T22:18:45Z,1014,9,4,14,0,0,1,1,1,1785535022
2026-07-31T22:18:45Z,1015,4,3,26,1,0,1,1,1,1785535377
2026-07-31T22:18:45Z,1016,10,5,21,0,0,1,1,1,1785536274
2026-07-31T22:18:45Z,1017,13,5,8,0,0,1,1,1,1785535705
2026-07-31T22:18:45Z,1018,6,2,16,0,0,1,1,1,1785534575
2026-07-31T22:18:45Z,1019,8,5,7,0,0,1,1,1,1785536250
2026-07-31T22:18:45Z,1020,19,5,2,0,0,1,1,1,1785535570
2026-07-31T22:18:45Z,1021,9,4,6,0,0,1,1,1,1785535240
2026-07-31T22:18:45Z,1022,14,0,13,0,0,1,1,1,1785534711
2026-07-31T22:18:45Z,1023,14,2,9,0,0,1,1,1,1785536148
2026-07-31T22:18:45Z,1024,3,1,16,0,0,1,1,1,1785535292
2026-07-31T22:18:45Z,1025,4,0,14,0,1,1,1,1,1785534695
2026-07-31T22:18:45Z,1026,11,9,19,1,0,1,1,1,1785535880
2026-07-31T22:18:45Z,1028,3,1,20,0,0,1,1,1,1785534669
2026-07-31T22:18:45Z,1029,11,9,4,0,0,1,1,1,1785535805
2026-07-31T22:18:45Z,1030,13,4,10,0,0,1,1,1,1785535366
2026-07-31T22:18:45Z,1031,9,1,10,0,0,1,1,1,1785535670
2026-07-31T22:18:45Z,1032,7,1,12,0,0,1,1,1,1785534525
2026-07-31T22:18:45Z,1033,9,5,10,0,0,1,1,1,1785535351
2026-07-31T22:18:45Z,1034,3,0,12,0,0,1,1,1,1785536319
2026-07-31T22:18:45Z,1035,1,0,17,1,0,1,1,1,1785535826
2026-07-31T22:18:45Z,1036,13,0,2,0,0,1,1,1,1785535952
2026-07-31T22:18:45Z,1037,0,0,18,1,0,1,1,1,1785534975
2026-07-31T22:18:45Z,1038,1,0,14,0,0,1,1,1,1785536008
2026-07-31T22:18:45Z,1039,7,0,12,0,0,1,1,1,1785536243
2026-07-31T22:18:45Z,1040,8,5,11,0,0,1,1,1,1785534580
2026-07-31T22:18:45Z,1041,10,2,9,0,0,1,1,1,1785536261
2026-07-31T22:18:45Z,1042,3,0,11,1,0,1,1,1,1785536282
2026-07-31T22:18:45Z,1043,8,5,10,1,0,1,1,1,1785535901
2026-07-31T22:18:45Z,1044,1,0,14,0,0,1,1,1,1785536064
2026-07-31T22:18:45Z,1045,10,0,9,0,0,1,1,1,1785536287
2026-07-31T22:18:45Z,1046,9,0,6,0,0,1,1,1,1785535695
2026-07-31T22:18:45Z,1047,4,0,17,0,0,1,1,1,1785535298
2026-07-31T22:18:45Z,1048,1,0,18,0,0,1,1,1,1785536303
2026-07-31T22:18:45Z,1049,2,0,19,0,0,1,1,1,1785535475
2026-07-31T22:18:45Z,1050,20,5,1,0,0,1,1,1,1785535697
2026-07-31T22:18:45Z,1051,9,4,12,0,0,1,1,1,1785535566
2026-07-31T22:18:45Z,1052,16,1,5,1,0,1,1,1,1785536203
2026-07-31T22:18:45Z,1053,2,1,13,0,0,1,1,1,1785536201
2026-07-31T22:18:45Z,1054,7,2,8,0,0,1,1,1,1785535872
2026-07-31T22:18:45Z,1055,8,1,11,0,0,1,1,1,1785534663
2026-07-31T22:18:45Z,1057,3,1,16,0,0,1,1,1,1785536299
2026-07-31T22:18:45Z,1058,9,1,47,0,0,1,1,1,1785536215
2026-07-31T22:18:45Z,1059,2,2,16,1,0,1,1,1,1785536321
2026-07-31T22:18:45Z,1060,19,1,17,1,0,1,1,1,1785536245
2026-07-31T22:18:45Z,1061,16,0,21,0,0,1,1,1,1785534845
2026-07-31T22:18:45Z,1062,9,1,8,0,0,1,1,1,1785534976
2026-07-31T22:18:45Z,1063,12,1,6,1,0,1,1,1,1785534568
2026-07-31T22:18:45Z,1064,3,0,19,1,0,1,1,1,1785534939
2026-07-31T22:18:45Z,1065,16,3,7,0,0,1,1,1,1785536318
2026-07-31T22:18:45Z,1066,11,2,12,0,0,1,1,1,1785535448
2026-07-31T22:18:45Z,1067,9,2,12,2,0,1,1,1,1785535911
2026-07-31T22:18:45Z,1068,5,2,15,3,0,1,1,1,1785534822
2026-07-31T22:18:45Z,1069,12,3,11,0,0,1,1,1,1785534818
2026-07-31T22:18:45Z,1070,11,1,12,0,0,1,1,1,1785535631
2026-07-31T22:18:45Z,1071,8,4,15,0,0,1,1,1,1785534957
2026-07-31T22:18:45Z,1072,11,1,11,1,0,1,1,1,1785535358
2026-07-31T22:18:45Z,1073,11,0,15,1,0,1,1,1,1785536169
2026-07-31T22:18:45Z,1074,36,2,16,1,0,1,1,1,1785536319
2026-07-31T22:18:45Z,1075,8,8,13,0,0,1,1,1,1785535668
2026-07-31T22:18:45Z,1076,11,8,10,0,0,1,1,1,1785535590
2026-07-31T22:18:45Z,1077,12,7,9,0,0,1,1,1,1785535599
2026-07-31T22:18:45Z,1078,11,8,10,0,0,1,1,1,1785535626
2026-07-31T22:18:45Z,1079,14,10,7,0,0,1,1,1,1785536245
2026-07-31T22:18:45Z,1080,11,8,8,2,0,1,1,1,1785536174
2026-07-31T22:18:45Z,1081,14,8,5,0,0,1,1,1,1785535604
2026-07-31T22:18:45Z,1082,11,11,12,0,0,1,1,1,1785536248
2026-07-31T22:18:45Z,1083,12,11,9,0,0,1,1,1,1785536118
2026-07-31T22:18:45Z,1084,9,7,12,0,0,1,1,1,1785536131
2026-07-31T22:18:45Z,1085,11,8,10,0,0,1,1,1,1785535847
2026-07-31T22:18:45Z,1086,11,9,9,1,0,1,1,1,1785534720
2026-07-31T22:18:45Z,1087,7,7,8,0,0,1,1,1,1785535605
2026-07-31T22:18:45Z,1088,10,7,5,0,0,1,1,1,1785535053
2026-07-31T22:18:45Z,1089,7,3,8,0,0,1,1,1,1785529453
2026-07-31T22:18:45Z,1090,6,5,9,0,0,1,1,1,1785535317
2026-07-31T22:18:45Z,1091,7,5,8,0,0,1,1,1,1785535517
2026-07-31T22:18:45Z,1092,9,8,5,1,0,1,1,1,1785535193
2026-07-31T22:18:45Z,1093,5,5,9,1,0,1,1,1,1785535585
2026-07-31T22:18:45Z,1094,10,9,9,0,0,1,1,1,1785534519
2026-07-31T22:18:45Z,1095,10,8,5,0,0,1,1,1,1785536309
2026-07-31T22:18:45Z,1096,10,9,9,0,0,1,1,1,1785535955
2026-07-31T22:18:45Z,1097,8,8,7,0,0,1,1,1,1785535086
2026-07-31T22:18:45Z,1098,9,7,10,0,0,1,1,1,1785535942
2026-07-31T22:18:45Z,1099,7,6,8,0,0,1,1,1,1785536170
2026-07-31T22:18:45Z,1100,6,4,23,0,0,1,1,1,1785532207
2026-07-31T22:18:45Z,1101,10,5,11,0,0,1,1,1,1785536098
2026-07-31T22:18:45Z,1102,9,4,4,0,0,1,1,1,1785535294
2026-07-31T22:18:45Z,1103,11,5,10,0,0,1,1,1,1785503681
2026-07-31T22:18:45Z,1104,11,6,10,0,0,1,1,1,1785535849
2026-07-31T22:18:45Z,1105,7,3,6,0,0,1,1,1,1785535176
2026-07-31T22:18:45Z,1106,10,5,11,0,0,1,1,1,1785536191
2026-07-31T22:18:45Z,1107,9,5,6,0,0,1,1,1,1785534616
2026-07-31T22:18:45Z,1108,9,5,15,2,1,1,1,1,1785535221
2026-07-31T22:18:45Z,1109,7,3,8,0,0,1,1,1,1785534558
2026-07-31T22:18:45Z,1110,12,3,9,0,0,1,1,1,1785536044
2026-07-31T22:18:45Z,1111,8,3,12,1,0,1,1,1,1785536077
2026-07-31T22:18:45Z,1112,29,1,24,0,0,1,1,1,1785536135
2026-07-31T22:18:45Z,1113,1,0,20,0,0,1,1,1,1785535628
2026-07-31T22:18:45Z,1115,14,1,5,4,0,1,1,1,1785535100
2026-07-31T22:18:45Z,1116,2,0,17,0,0,1,1,1,1785534545
2026-07-31T22:18:45Z,1117,4,1,18,1,0,1,1,1,1785536252
2026-07-31T22:18:45Z,1118,15,0,6,0,0,1,1,1,1785535671
2026-07-31T22:18:45Z,1119,6,1,11,0,0,1,1,1,1785535537
2026-07-31T22:18:45Z,1120,7,1,11,1,0,1,1,1,1785536053
2026-07-31T22:18:45Z,1121,11,1,9,1,0,1,1,1,1785535798
2026-07-31T22:18:45Z,1122,2,1,18,1,0,1,1,1,1785535801
2026-07-31T22:18:45Z,1123,10,8,11,2,0,1,1,1,1785535933
2026-07-31T22:18:45Z,1124,6,2,8,1,0,1,1,1,1785536316
2026-07-31T22:18:45Z,1125,17,1,6,0,0,1,1,1,1785534922
2026-07-31T22:18:45Z,1126,5,2,16,0,0,1,1,1,1785536303
2026-07-31T22:18:45Z,1127,6,2,13,0,0,1,1,1,1785534863
2026-07-31T22:18:45Z,1128,2,2,13,0,0,1,1,1,1785535364
2026-07-31T22:18:45Z,1129,3,0,17,1,0,1,1,1,1785536313
2026-07-31T22:18:45Z,1130,11,0,4,0,0,1,1,1,1785536320
2026-07-31T22:18:45Z,1131,1,1,47,1,0,1,1,1,1785535622
2026-07-31T22:18:45Z,1132,10,4,10,1,0,1,1,1,1785536288
2026-07-31T22:18:45Z,1133,6,4,13,2,0,1,1,1,1785536180
2026-07-31T22:18:45Z,1134,12,6,7,0,0,1,1,1,1785535058
2026-07-31T22:18:45Z,1135,12,6,9,0,0,1,1,1,1785535996
2026-07-31T22:18:45Z,1136,18,1,5,0,0,1,1,1,1785535794
2026-07-31T22:18:45Z,1137,8,0,7,0,0,1,1,1,1785536243
2026-07-31T22:18:45Z,1138,4,0,15,0,0,1,1,1,1785536041
2026-07-31T22:18:45Z,1139,11,3,9,1,0,1,1,1,1785535877
2026-07-31T22:18:45Z,1140,2,0,19,2,0,1,1,1,1785536316
2026-07-31T22:18:45Z,1141,1,0,19,1,0,1,1,1,1785536256
2026-07-31T22:18:45Z,1142,3,0,18,0,0,1,1,1,1785535188
2026-07-31T22:18:45Z,1143,21,1,7,1,0,1,1,1,1785536258
2026-07-31T22:18:45Z,1144,8,0,12,1,0,1,1,1,1785535914
2026-07-31T22:18:45Z,1145,11,5,9,1,0,1,1,1,1785534956
2026-07-31T22:18:45Z,1146,5,1,12,2,0,1,1,1,1785536318
2026-07-31T22:18:45Z,1147,15,0,4,0,0,1,1,1,1785536304
2026-07-31T22:18:45Z,1148,6,0,25,0,0,1,1,1,1785535663
2026-07-31T22:18:45Z,1149,1,1,19,5,0,1,1,1,1785536087
2026-07-31T22:18:45Z,1150,1,0,18,0,0,1,1,1,1785536188
2026-07-31T22:18:45Z,1151,6,0,15,0,0,1,1,1,1785535513
2026-07-31T22:18:45Z,1152,1,0,28,0,0,1,1,1,1785536205
2026-07-31T22:18:45Z,1153,20,0,2,1,0,1,1,1,1785536303
2026-07-31T22:18:45Z,1154,4,0,15,0,0,1,1,1,1785536224
2026-07-31T22:18:45Z,1155,8,4,10,3,0,1,1,1,1785535874
2026-07-31T22:18:45Z,1158,3,1,16,0,0,1,1,1,1785536245
2026-07-31T22:18:45Z,1159,14,2,5,0,0,1,1,1,1785536088
2026-07-31T22:18:45Z,1160,7,2,12,0,0,1,1,1,1785535212
2026-07-31T22:18:45Z,1161,3,0,15,1,0,1,1,1,1785534927
2026-07-31T22:18:45Z,1162,3,0,16,0,0,1,1,1,1785535184
2026-07-31T22:18:45Z,1163,2,1,16,1,0,1,1,1,1785534550
2026-07-31T22:18:45Z,1164,5,1,14,0,0,1,1,1,1785534607
2026-07-31T22:18:45Z,1165,1,0,20,0,0,1,1,1,1785535353
2026-07-31T22:18:45Z,1166,13,3,7,1,0,1,1,1,1785534892
2026-07-31T22:18:45Z,1167,4,0,11,0,0,1,1,1,1785536092
2026-07-31T22:18:45Z,1168,3,0,18,2,0,1,1,1,1785534846
2026-07-31T22:18:45Z,1169,3,0,15,1,0,1,1,1,1785536269
2026-07-31T22:18:45Z,1170,6,1,15,0,0,1,1,1,1785535400
2026-07-31T22:18:45Z,1171,9,8,14,0,0,1,1,1,1785534556
2026-07-31T22:18:45Z,1172,5,0,8,2,0,1,1,1,1785534601
2026-07-31T22:18:45Z,1173,13,4,6,0,0,1,1,1,1785534711
2026-07-31T22:18:45Z,1174,3,1,12,0,0,1,1,1,1785536168
2026-07-31T22:18:45Z,1175,4,2,15,0,0,1,1,1,1785535612
2026-07-31T22:18:45Z,1176,8,2,13,0,0,1,1,1,1785535758
2026-07-31T22:18:45Z,1177,4,2,17,0,0,1,1,1,1785535688
2026-07-31T22:18:45Z,1178,5,2,10,0,0,1,1,1,1785536087
2026-07-31T22:18:45Z,1181,15,1,0,0,0,1,1,1,1785535408
2026-07-31T22:18:45Z,1182,18,4,1,1,0,1,1,1,1785536086
2026-07-31T22:18:45Z,1183,14,0,29,2,0,1,1,1,1785536189
2026-07-31T22:18:45Z,1184,6,6,13,2,0,1,1,1,1785536105
2026-07-31T22:18:45Z,1185,10,6,11,0,0,1,1,1,1785535824
2026-07-31T22:18:45Z,1186,9,5,10,0,0,1,1,1,1785534982
2026-07-31T22:18:45Z,1187,10,5,10,1,0,1,1,1,1785535211
2026-07-31T22:18:45Z,1188,10,5,5,0,0,1,1,1,1785534613
2026-07-31T22:18:45Z,1189,8,3,11,0,0,1,1,1,1785535661
2026-07-31T22:18:45Z,1190,9,4,12,0,0,1,1,1,1785535978
2026-07-31T22:18:45Z,1191,10,5,5,0,0,1,1,1,1785534616
2026-07-31T22:18:45Z,1192,11,7,9,1,0,1,1,1,1785534526
2026-07-31T22:18:45Z,1193,6,4,5,2,0,1,1,1,1785535384
2026-07-31T22:18:45Z,1197,9,6,7,1,0,1,1,1,1785535396
2026-07-31T22:18:45Z,1198,13,4,6,2,0,1,1,1,1785535051
2026-07-31T22:18:45Z,1199,3,0,16,0,0,1,1,1,1785535037
2026-07-31T22:18:45Z,1200,9,5,6,0,0,1,1,1,1785534657
2026-07-31T22:18:45Z,1201,9,4,6,0,0,1,1,1,1785534628
2026-07-31T22:18:45Z,1202,10,5,5,0,0,1,1,1,1785534729
2026-07-31T22:18:45Z,1203,11,5,4,0,0,1,1,1,1785534635
2026-07-31T22:18:45Z,1204,6,3,13,0,0,1,1,1,1785536298
2026-07-31T22:18:45Z,1206,11,5,10,0,0,1,1,1,1785535469
2026-07-31T22:18:45Z,1207,8,4,6,1,0,1,1,1,1785534946
2026-07-31T22:18:45Z,1208,10,4,9,0,0,1,1,1,1785534893
2026-07-31T22:18:45Z,1216,8,0,12,1,0,1,1,1,1785535683
2026-07-31T22:18:45Z,1218,4,0,17,0,0,1,1,1,1785536082
2026-07-31T22:18:45Z,1219,2,1,10,3,0,1,1,1,1785534540
2026-07-31T22:18:45Z,1220,17,6,2,0,0,1,1,1,1785536076
2026-07-31T22:18:45Z,1221,1,1,19,1,0,1,1,1,1785535436
2026-07-31T22:18:45Z,1222,16,1,13,0,0,1,1,1,1785536232
2026-07-31T22:18:45Z,1223,26,0,2,1,0,1,1,1,1785536318
2026-07-31T22:18:45Z,1226,0,0,3,0,0,0,1,1,1781868931
2026-07-31T22:18:45Z,1227,7,0,17,1,0,1,1,1,1785536082
2026-07-31T22:18:45Z,1228,0,0,29,0,0,1,1,1,1785535387
2026-07-31T22:18:45Z,1229,44,1,0,1,0,1,1,1,1785536066
2026-07-31T22:23:45Z,1,1,0,22,0,0,1,1,1,1785536612
2026-07-31T22:23:45Z,2,4,1,20,3,0,1,1,1,1785536581
2026-07-31T22:23:45Z,3,11,0,2,1,0,1,1,1,1785536560
2026-07-31T22:23:45Z,4,20,0,1,1,0,1,1,1,1785535447
2026-07-31T22:23:45Z,5,19,4,2,2,0,1,1,1,1785536609
2026-07-31T22:23:45Z,6,4,0,11,0,0,1,1,1,1785536570
2026-07-31T22:23:45Z,7,14,0,25,0,0,1,1,1,1785536462
2026-07-31T22:23:45Z,8,14,0,29,0,0,1,1,1,1785536392
2026-07-31T22:23:45Z,9,20,5,3,0,0,1,1,1,1785536567
2026-07-31T22:23:45Z,10,3,2,17,3,0,1,1,1,1785536550
2026-07-31T22:23:45Z,11,7,1,10,2,0,1,1,1,1785536470
2026-07-31T22:23:45Z,12,20,0,3,0,0,1,1,1,1785536483
2026-07-31T22:23:45Z,13,21,2,9,0,0,1,1,1,1785536433
2026-07-31T22:23:45Z,14,3,0,38,1,1,1,1,1,1785536600
2026-07-31T22:23:45Z,15,15,0,0,0,0,1,1,1,1785536042
2026-07-31T22:23:45Z,16,1,0,23,2,1,1,1,1,1785536397
2026-07-31T22:23:45Z,17,18,1,8,1,0,1,1,1,1785536538
2026-07-31T22:23:45Z,18,10,0,6,2,0,1,1,1,1785536358
2026-07-31T22:23:45Z,19,10,2,16,1,0,1,1,1,1785536619
2026-07-31T22:23:45Z,20,25,3,10,0,0,1,1,1,1785535895
2026-07-31T22:23:45Z,21,6,0,10,3,0,1,1,1,1785536618
2026-07-31T22:23:45Z,22,20,0,45,0,0,1,1,1,1785536550
2026-07-31T22:23:45Z,23,9,8,22,0,0,1,1,1,1785536613
2026-07-31T22:23:45Z,24,6,1,4,1,0,1,1,1,1785536621
2026-07-31T22:23:45Z,25,77,0,2,2,0,1,1,1,1785536563
2026-07-31T22:23:45Z,26,25,2,2,0,0,1,1,1,1785536464
2026-07-31T22:23:45Z,28,8,0,7,0,0,1,1,1,1785535992
2026-07-31T22:23:45Z,30,17,0,10,2,0,1,1,1,1785536522
2026-07-31T22:23:45Z,31,7,0,10,2,0,1,1,1,1785536526
2026-07-31T22:23:45Z,32,17,0,10,0,0,1,1,1,1785536518
2026-07-31T22:23:45Z,34,17,0,20,0,0,1,1,1,1785536603
2026-07-31T22:23:45Z,35,38,0,8,1,0,1,1,1,1785536503
2026-07-31T22:23:45Z,36,0,0,0,0,0,0,1,1,86400
2026-07-31T22:23:45Z,37,19,3,4,0,0,1,1,1,1785536461
2026-07-31T22:23:45Z,38,2,0,21,0,0,1,1,1,1785535621
2026-07-31T22:23:45Z,39,7,3,32,0,0,1,1,1,1785536541
2026-07-31T22:23:45Z,40,6,0,15,0,0,1,1,1,1785536467
2026-07-31T22:23:45Z,41,17,0,26,0,0,1,1,1,1785536462
2026-07-31T22:23:45Z,42,4,4,27,0,0,1,1,1,1785535440
2026-07-31T22:23:45Z,43,5,1,18,0,0,1,1,1,1785536562
2026-07-31T22:23:45Z,45,4,0,25,0,0,1,1,1,1785535617
2026-07-31T22:23:45Z,46,0,0,30,1,0,1,1,1,1785536604
2026-07-31T22:23:45Z,47,4,0,10,1,0,1,1,1,1785535910
2026-07-31T22:23:45Z,48,20,0,7,0,0,1,1,1,1785536049
2026-07-31T22:23:45Z,49,0,0,19,4,0,1,1,1,1785536621
2026-07-31T22:23:45Z,50,6,5,12,1,0,1,1,1,1785536565
2026-07-31T22:23:45Z,51,41,0,36,0,0,1,1,1,1785536606
2026-07-31T22:23:45Z,52,4,1,20,3,0,1,1,1,1785536513
2026-07-31T22:23:45Z,55,5,0,18,0,0,1,1,1,1785536425
2026-07-31T22:23:45Z,56,13,1,30,0,0,1,1,1,1785536553
2026-07-31T22:23:45Z,57,0,0,27,0,0,1,1,1,1785536610
2026-07-31T22:23:45Z,58,1,1,27,0,0,1,1,1,1785535673
2026-07-31T22:23:45Z,59,6,1,19,2,0,1,1,1,1785536603
2026-07-31T22:23:45Z,61,27,0,12,0,0,1,1,1,1785536529
2026-07-31T22:23:45Z,62,13,7,35,1,0,1,1,1,1785536590
2026-07-31T22:23:45Z,63,10,3,8,1,0,1,1,1,1785536284
2026-07-31T22:23:45Z,64,10,1,5,4,0,1,1,1,1785535815
2026-07-31T22:23:45Z,65,11,4,7,1,0,1,1,1,1785535784
2026-07-31T22:23:45Z,67,14,0,25,0,0,1,1,1,1785536505
2026-07-31T22:23:45Z,68,32,0,4,1,0,1,1,1,1785536497
2026-07-31T22:23:45Z,69,6,0,9,0,0,1,1,1,1785536619
2026-07-31T22:23:45Z,71,8,0,16,3,0,1,1,1,1785536307
2026-07-31T22:23:45Z,72,27,4,0,4,0,1,1,1,1785536608
2026-07-31T22:23:45Z,73,3,1,28,0,0,1,1,1,1785536601
2026-07-31T22:23:45Z,74,0,0,19,0,0,1,1,1,1785536424
2026-07-31T22:23:45Z,75,6,0,25,1,0,1,1,1,1785535916
2026-07-31T22:23:45Z,76,6,0,12,1,0,1,1,1,1785536613
2026-07-31T22:23:45Z,77,16,0,10,1,0,1,1,1,1785536159
2026-07-31T22:23:45Z,78,2,1,21,0,0,1,1,1,1785536156
2026-07-31T22:23:45Z,79,1,1,15,1,0,1,1,1,1785536336
2026-07-31T22:23:45Z,80,18,3,2,3,0,1,1,1,1785536607
2026-07-31T22:23:45Z,81,4,0,27,0,0,1,1,1,1785536500
2026-07-31T22:23:45Z,82,11,9,11,1,0,1,1,1,1785536548
2026-07-31T22:23:45Z,83,5,3,27,2,0,1,1,1,1785536603
2026-07-31T22:23:45Z,84,8,2,19,0,0,1,1,1,1785536519
2026-07-31T22:23:45Z,85,5,0,10,0,0,1,1,1,1785536550
2026-07-31T22:23:45Z,86,9,4,18,0,0,1,1,1,1785536011
2026-07-31T22:23:45Z,87,0,0,19,0,0,1,1,1,1785533075
2026-07-31T22:23:45Z,88,18,0,23,2,0,1,1,1,1785536549
2026-07-31T22:23:45Z,89,20,1,15,0,0,1,1,1,1785536438
2026-07-31T22:23:45Z,90,3,0,14,1,0,1,1,1,1785536341
2026-07-31T22:23:45Z,91,3,0,14,0,0,1,1,1,1785536491
2026-07-31T22:23:45Z,92,1,1,15,3,0,1,1,1,1785536526
2026-07-31T22:23:45Z,93,4,0,19,0,0,1,1,1,1785536539
2026-07-31T22:23:45Z,94,9,0,9,1,0,1,1,1,1785536618
2026-07-31T22:23:45Z,95,3,0,29,2,1,1,1,1,1785536618
2026-07-31T22:23:45Z,96,22,3,7,2,0,1,1,1,1785536584
2026-07-31T22:23:45Z,97,2,0,13,2,0,1,1,1,1785536568
2026-07-31T22:23:45Z,98,24,5,11,0,0,1,1,1,1785536536
2026-07-31T22:23:45Z,99,15,2,0,0,0,1,1,1,1785535229
2026-07-31T22:23:45Z,100,13,2,14,0,0,1,1,1,1785536354
2026-07-31T22:23:45Z,101,14,5,0,1,0,1,1,1,1785536621
2026-07-31T22:23:45Z,102,14,0,8,1,0,1,1,1,1785536085
2026-07-31T22:23:45Z,103,27,0,0,3,0,1,1,1,1785536536
2026-07-31T22:23:45Z,104,12,0,13,2,0,1,1,1,1785536616
2026-07-31T22:23:45Z,105,17,0,2,0,0,1,1,1,1785535842
2026-07-31T22:23:45Z,106,15,0,4,2,0,1,1,1,1785536345
2026-07-31T22:23:45Z,107,17,0,19,1,0,1,1,1,1785536525
2026-07-31T22:23:45Z,108,17,0,17,1,0,1,1,1,1785536414
2026-07-31T22:23:45Z,109,22,0,1,0,0,1,1,1,1785536571
2026-07-31T22:23:45Z,110,17,0,6,0,0,1,1,1,1785536563
2026-07-31T22:23:45Z,111,5,0,31,0,0,1,1,1,1785536439
2026-07-31T22:23:45Z,112,12,0,2,1,0,1,1,1,1785536487
2026-07-31T22:23:45Z,113,5,1,13,1,0,1,1,1,1785536452
2026-07-31T22:23:45Z,114,9,6,20,1,1,1,1,1,1785536588
2026-07-31T22:23:45Z,115,17,10,6,5,0,1,1,1,1785536551
2026-07-31T22:23:45Z,116,10,9,17,0,0,1,1,1,1785536569
2026-07-31T22:23:45Z,118,20,2,0,3,0,1,1,1,1785535497
2026-07-31T22:23:45Z,119,1,0,35,2,0,1,1,1,1785536565
2026-07-31T22:23:45Z,120,1,0,24,2,0,1,1,1,1785536536
2026-07-31T22:23:45Z,121,1,1,16,1,1,1,1,1,1785536620
2026-07-31T22:23:45Z,122,8,0,11,2,0,1,1,1,1785536555
2026-07-31T22:23:45Z,123,3,2,43,1,0,1,1,1,1785536114
2026-07-31T22:23:45Z,124,8,1,27,0,0,1,1,1,1785536455
2026-07-31T22:23:45Z,125,3,1,19,1,0,1,1,1,1785536591
2026-07-31T22:23:45Z,126,15,1,15,1,0,1,1,1,1785536359
2026-07-31T22:23:45Z,127,12,1,21,2,0,1,1,1,1785536619
2026-07-31T22:23:45Z,128,9,0,9,1,0,1,1,1,1785536568
2026-07-31T22:23:45Z,129,4,1,11,4,0,1,1,1,1785536182
2026-07-31T22:23:45Z,130,6,0,11,0,0,1,1,1,1785536444
2026-07-31T22:23:45Z,131,9,5,1,1,0,1,1,1,1785536551
2026-07-31T22:23:45Z,132,6,5,8,0,1,1,1,1,1785536427
2026-07-31T22:23:45Z,134,17,1,2,4,0,1,1,1,1785536517
2026-07-31T22:23:45Z,135,8,5,8,3,0,1,1,1,1785536323
2026-07-31T22:23:45Z,136,1,0,0,21,1,1,1,1,1785536431
2026-07-31T22:23:45Z,137,3,1,15,1,0,1,1,1,1785536448
2026-07-31T22:23:45Z,138,13,0,24,0,0,1,1,1,1785536579
2026-07-31T22:23:45Z,139,4,0,15,0,0,1,1,1,1785536418
2026-07-31T22:23:45Z,140,9,3,13,1,0,1,1,1,1785536619
2026-07-31T22:23:45Z,141,10,3,25,1,0,1,1,1,1785536562
2026-07-31T22:23:45Z,142,1,0,22,0,0,1,1,1,1785536614
2026-07-31T22:23:45Z,143,27,2,4,0,0,1,1,1,1785536585
2026-07-31T22:23:45Z,144,25,2,1,1,0,1,1,1,1785536282
2026-07-31T22:23:45Z,146,3,0,19,1,0,1,1,1,1785536579
2026-07-31T22:23:45Z,147,1,0,15,3,0,1,1,1,1785536501
2026-07-31T22:23:45Z,148,0,0,24,3,0,1,1,1,1785536489
2026-07-31T22:23:45Z,149,0,0,27,0,0,1,1,1,1785536148
2026-07-31T22:23:45Z,150,1,0,32,2,0,1,1,1,1785536503
2026-07-31T22:23:45Z,151,2,0,21,0,0,1,1,1,1785536617
2026-07-31T22:23:45Z,152,8,0,15,3,0,1,1,1,1785536569
2026-07-31T22:23:45Z,153,7,1,19,2,0,1,1,1,1785536439
2026-07-31T22:23:45Z,154,13,2,6,4,0,1,1,1,1785536581
2026-07-31T22:23:45Z,155,6,2,7,1,0,1,1,1,1785536563
2026-07-31T22:23:45Z,156,2,0,17,0,0,1,1,1,1785536273
2026-07-31T22:23:45Z,157,5,0,20,2,0,1,1,1,1785536599
2026-07-31T22:23:45Z,158,9,0,6,1,0,1,1,1,1785535788
2026-07-31T22:23:45Z,159,6,2,13,0,0,1,1,1,1785536428
2026-07-31T22:23:45Z,160,7,1,12,0,0,1,1,1,1785535672
2026-07-31T22:23:45Z,161,19,3,2,1,0,1,1,1,1785536468
2026-07-31T22:23:45Z,162,15,11,11,1,0,1,1,1,1785536615
2026-07-31T22:23:45Z,163,0,0,30,0,1,1,1,1,1785536608
2026-07-31T22:23:45Z,164,23,1,4,0,0,1,1,1,1785536448
2026-07-31T22:23:45Z,165,28,2,2,1,0,1,1,1,1785536599
2026-07-31T22:23:45Z,166,4,2,31,4,0,1,1,1,1785536618
2026-07-31T22:23:45Z,167,5,1,17,1,0,1,1,1,1785535958
2026-07-31T22:23:45Z,168,9,2,17,1,0,1,1,1,1785536601
2026-07-31T22:23:45Z,169,18,5,3,1,1,1,1,1,1785536604
2026-07-31T22:23:45Z,170,9,1,9,1,0,1,1,1,1785536584
2026-07-31T22:23:45Z,171,4,1,7,2,0,1,1,1,1785536436
2026-07-31T22:23:45Z,173,30,2,9,0,0,1,1,1,1785536506
2026-07-31T22:23:45Z,174,1,0,25,0,0,1,1,1,1785536512
2026-07-31T22:23:45Z,175,27,0,3,1,0,1,1,1,1785536592
2026-07-31T22:23:45Z,176,10,4,3,1,1,1,1,1,1785536570
2026-07-31T22:23:45Z,177,5,0,22,0,0,1,1,1,1785536571
2026-07-31T22:23:45Z,178,8,3,4,2,1,1,1,1,1785536620
2026-07-31T22:23:45Z,179,7,0,6,2,0,1,1,1,1785536616
2026-07-31T22:23:45Z,180,1,0,29,0,0,1,1,1,1785535864
2026-07-31T22:23:45Z,181,3,1,12,0,0,1,1,1,1785536410
2026-07-31T22:23:45Z,182,7,5,10,0,0,1,1,1,1785536411
2026-07-31T22:23:45Z,183,6,1,16,1,0,1,1,1,1785536619
2026-07-31T22:23:45Z,184,17,5,4,2,0,1,1,1,1785536610
2026-07-31T22:23:45Z,185,5,5,7,2,1,1,1,1,1785536340
2026-07-31T22:23:45Z,186,4,1,15,0,0,1,1,1,1785536579
2026-07-31T22:23:45Z,187,2,0,25,1,0,1,1,1,1785536430
2026-07-31T22:23:45Z,188,8,2,11,8,0,1,1,1,1785536604
2026-07-31T22:23:45Z,189,9,4,6,0,0,1,1,1,1785536267
2026-07-31T22:23:45Z,190,2,1,20,1,0,1,1,1,1785536561
2026-07-31T22:23:45Z,191,3,2,36,0,0,1,1,1,1785536583
2026-07-31T22:23:45Z,192,5,0,25,1,0,1,1,1,1785536489
2026-07-31T22:23:45Z,193,14,9,0,1,0,1,1,1,1785536132
2026-07-31T22:23:45Z,194,11,5,16,0,0,1,1,1,1785536359
2026-07-31T22:23:45Z,195,1,0,18,0,0,1,1,1,1785536324
2026-07-31T22:23:45Z,196,5,4,21,1,0,1,1,1,1785536619
2026-07-31T22:23:45Z,197,0,0,18,0,1,1,1,1,1785536159
2026-07-31T22:23:45Z,198,7,7,14,2,0,1,1,1,1785536138
2026-07-31T22:23:45Z,199,3,2,10,2,0,1,1,1,1785536617
2026-07-31T22:23:45Z,200,9,7,17,0,0,1,1,1,1785536607
2026-07-31T22:23:45Z,201,5,5,18,0,0,1,1,1,1785536504
2026-07-31T22:23:45Z,202,2,1,25,0,0,1,1,1,1785536007
2026-07-31T22:23:45Z,203,1,1,29,1,0,1,1,1,1785535941
2026-07-31T22:23:45Z,204,16,0,16,3,0,1,1,1,1785536454
2026-07-31T22:23:45Z,205,9,0,18,0,0,1,1,1,1785536609
2026-07-31T22:23:45Z,206,7,4,5,3,0,1,1,1,1785536527
2026-07-31T22:23:45Z,207,18,0,3,0,0,1,1,1,1785536575
2026-07-31T22:23:45Z,208,7,0,22,0,0,1,1,1,1785536162
2026-07-31T22:23:45Z,209,18,3,12,1,0,1,1,1,1785536617
2026-07-31T22:23:45Z,210,14,10,13,0,0,1,1,1,1785536167
2026-07-31T22:23:45Z,211,21,1,1,1,0,1,1,1,1785536599
2026-07-31T22:23:45Z,212,26,3,8,1,0,1,1,1,1785536602
2026-07-31T22:23:45Z,213,11,5,11,1,0,1,1,1,1785536498
2026-07-31T22:23:45Z,214,21,2,23,3,0,1,1,1,1785536494
2026-07-31T22:23:45Z,215,10,2,12,1,0,1,1,1,1785536621
2026-07-31T22:23:45Z,216,8,7,10,1,0,1,1,1,1785536555
2026-07-31T22:23:45Z,217,28,3,0,1,0,1,1,1,1785536358
2026-07-31T22:23:45Z,218,10,8,26,3,0,1,1,1,1785536572
2026-07-31T22:23:45Z,219,21,0,4,1,0,1,1,1,1785536536
2026-07-31T22:23:45Z,220,19,10,22,1,1,1,1,1,1785536342
2026-07-31T22:23:45Z,221,6,1,8,1,0,1,1,1,1785536616
2026-07-31T22:23:45Z,222,5,2,14,0,0,1,1,1,1785536593
2026-07-31T22:23:45Z,223,4,0,28,3,0,1,1,1,1785536601
2026-07-31T22:23:45Z,224,3,1,18,1,0,1,1,1,1785536497
2026-07-31T22:23:45Z,225,3,2,12,4,0,1,1,1,1785536510
2026-07-31T22:23:45Z,226,24,5,4,3,0,1,1,1,1785536621
2026-07-31T22:23:45Z,227,1,1,25,1,0,1,1,1,1785536243
2026-07-31T22:23:45Z,228,0,0,18,1,0,1,1,1,1785536429
2026-07-31T22:23:45Z,230,1,0,25,0,0,1,1,1,1785536431
2026-07-31T22:23:45Z,232,7,2,9,1,0,1,1,1,1785536427
2026-07-31T22:23:45Z,233,15,7,15,1,0,1,1,1,1785536501
2026-07-31T22:23:45Z,234,10,8,3,4,2,1,1,1,1785536031
2026-07-31T22:23:45Z,236,13,2,6,0,0,1,1,1,1785535907
2026-07-31T22:23:45Z,237,2,0,20,1,0,1,1,1,1785536434
2026-07-31T22:23:45Z,239,15,12,11,1,0,1,1,1,1785536085
2026-07-31T22:23:45Z,241,0,0,22,1,0,1,1,1,1785536493
2026-07-31T22:23:45Z,242,4,2,18,1,0,1,1,1,1785535886
2026-07-31T22:23:45Z,243,13,12,16,2,0,1,1,1,1785536598
2026-07-31T22:23:45Z,244,8,0,18,1,0,1,1,1,1785536478
2026-07-31T22:23:45Z,245,4,2,19,0,0,1,1,1,1785536514
2026-07-31T22:23:45Z,246,3,2,19,1,0,1,1,1,1785536385
2026-07-31T22:23:45Z,247,5,4,16,2,0,1,1,1,1785536605
2026-07-31T22:23:45Z,248,7,7,14,2,0,1,1,1,1785536311
2026-07-31T22:23:45Z,249,15,14,3,1,0,1,1,1,1785536403
2026-07-31T22:23:45Z,250,4,0,20,3,0,1,1,1,1785536438
2026-07-31T22:23:45Z,251,18,13,5,4,0,1,1,1,1785536620
2026-07-31T22:23:45Z,253,9,4,10,0,0,1,1,1,1785536529
2026-07-31T22:23:45Z,254,11,2,31,1,0,1,1,1,1785536577
2026-07-31T22:23:45Z,255,12,3,10,0,1,1,1,1,1785536383
2026-07-31T22:23:45Z,256,1,1,21,1,0,1,1,1,1785535873
2026-07-31T22:23:45Z,257,3,1,16,0,0,1,1,1,1785536298
2026-07-31T22:23:45Z,258,12,9,4,3,0,1,1,1,1785536616
2026-07-31T22:23:45Z,259,13,0,8,1,1,1,1,1,1785536533
2026-07-31T22:23:45Z,260,10,6,8,1,0,1,1,1,1785536369
2026-07-31T22:23:45Z,261,3,0,13,2,1,1,1,1,1785536554
2026-07-31T22:23:45Z,262,1,0,21,1,0,1,1,1,1785536540
2026-07-31T22:23:45Z,263,4,4,10,1,0,1,1,1,1785536384
2026-07-31T22:23:45Z,264,1,1,18,0,0,1,1,1,1785536547
2026-07-31T22:23:45Z,265,8,0,7,0,0,1,1,1,1785536585
2026-07-31T22:23:45Z,266,9,8,9,1,0,1,1,1,1785536600
2026-07-31T22:23:45Z,267,9,4,5,1,0,1,1,1,1785531709
2026-07-31T22:23:45Z,268,17,7,5,1,0,1,1,1,1785536590
2026-07-31T22:23:45Z,269,6,4,17,0,0,1,1,1,1785536455
2026-07-31T22:23:45Z,270,15,2,10,2,0,1,1,1,1785536532
2026-07-31T22:23:45Z,271,2,0,15,2,0,1,1,1,1785535694
2026-07-31T22:23:45Z,272,7,1,16,0,0,1,1,1,1785536565
2026-07-31T22:23:45Z,273,8,3,7,0,0,1,1,1,1785536368
2026-07-31T22:23:45Z,274,2,2,16,1,0,1,1,1,1785535618
2026-07-31T22:23:45Z,275,3,0,16,4,0,1,1,1,1785536371
2026-07-31T22:23:45Z,276,4,1,22,1,0,1,1,1,1785536242
2026-07-31T22:23:45Z,277,0,0,19,4,0,1,1,1,1785536538
2026-07-31T22:23:45Z,278,9,9,20,2,0,1,1,1,1785536552
2026-07-31T22:23:45Z,279,3,1,16,0,0,1,1,1,1785536031
2026-07-31T22:23:45Z,280,5,3,24,2,0,1,1,1,1785536431
2026-07-31T22:23:45Z,281,4,0,15,0,0,1,1,1,1785535966
2026-07-31T22:23:45Z,282,9,2,9,0,0,1,1,1,1785536001
2026-07-31T22:23:45Z,283,12,3,23,0,0,1,1,1,1785536496
2026-07-31T22:23:45Z,284,33,6,0,2,0,1,1,1,1785536042
2026-07-31T22:23:45Z,285,5,3,18,0,0,1,1,1,1785534896
2026-07-31T22:23:45Z,286,14,3,8,1,0,1,1,1,1785536610
2026-07-31T22:23:45Z,287,8,1,12,3,0,1,1,1,1785535224
2026-07-31T22:23:45Z,288,4,0,14,1,0,1,1,1,1785535539
2026-07-31T22:23:45Z,289,15,8,8,4,0,1,1,1,1785536562
2026-07-31T22:23:45Z,290,18,0,19,2,0,1,1,1,1785536536
2026-07-31T22:23:45Z,291,10,1,12,1,0,1,1,1,1785536515
2026-07-31T22:23:45Z,292,10,3,13,0,0,1,1,1,1785536222
2026-07-31T22:23:45Z,293,3,1,20,0,0,1,1,1,1785536550
2026-07-31T22:23:45Z,294,8,6,10,4,0,1,1,1,1785536503
2026-07-31T22:23:45Z,297,9,1,8,1,1,1,1,1,1785536594
2026-07-31T22:23:45Z,301,16,0,2,1,0,1,1,1,1785536523
2026-07-31T22:23:45Z,302,22,0,0,1,0,1,1,1,1785535312
2026-07-31T22:23:45Z,303,1,0,18,0,0,1,1,1,1785536371
2026-07-31T22:23:45Z,304,0,0,0,0,0,0,1,1,86400
2026-07-31T22:23:45Z,305,0,0,18,1,0,1,1,1,1785536619
2026-07-31T22:23:45Z,306,8,0,23,1,0,1,1,1,1785535173
2026-07-31T22:23:45Z,307,11,1,12,0,0,1,1,1,1785536269
2026-07-31T22:23:45Z,308,12,3,6,1,0,1,1,1,1785536470
2026-07-31T22:23:45Z,309,1,0,12,1,0,1,1,1,1785536361
2026-07-31T22:23:45Z,311,7,0,7,1,0,1,1,1,1785536220
2026-07-31T22:23:45Z,312,5,5,15,3,0,1,1,1,1785536507
2026-07-31T22:23:45Z,313,2,0,13,0,0,1,1,1,1785535131
2026-07-31T22:23:45Z,314,9,2,9,1,0,1,1,1,1785536610
2026-07-31T22:23:45Z,315,12,5,17,2,0,1,1,1,1785536000
2026-07-31T22:23:45Z,316,2,1,22,6,1,1,1,1,1785536402
2026-07-31T22:23:45Z,317,19,6,11,0,1,1,1,1,1785536485
2026-07-31T22:23:45Z,318,19,4,0,0,0,1,1,1,1785533970
2026-07-31T22:23:45Z,319,11,1,10,2,0,1,1,1,1785536549
2026-07-31T22:23:45Z,320,0,0,18,1,0,1,1,1,1785536607
2026-07-31T22:23:45Z,321,2,0,13,4,0,1,1,1,1785536447
2026-07-31T22:23:45Z,322,20,0,9,0,0,1,1,1,1785536214
2026-07-31T22:23:45Z,323,3,1,15,1,0,1,1,1,1785536283
2026-07-31T22:23:45Z,324,14,1,12,1,0,1,1,1,1785536608
2026-07-31T22:23:45Z,325,2,2,23,2,0,1,1,1,1785535490
2026-07-31T22:23:45Z,327,23,2,2,2,0,1,1,1,1785536452
2026-07-31T22:23:45Z,328,19,0,2,1,0,1,1,1,1785536453
2026-07-31T22:23:45Z,329,5,2,11,3,0,1,1,1,1785535839
2026-07-31T22:23:45Z,330,18,0,4,0,0,1,1,1,1785536237
2026-07-31T22:23:45Z,331,19,1,2,2,0,1,1,1,1785536522
2026-07-31T22:23:45Z,332,5,3,13,1,0,1,1,1,1785535146
2026-07-31T22:23:45Z,333,7,5,15,1,0,1,1,1,1785536528
2026-07-31T22:23:45Z,334,5,0,17,1,0,1,1,1,1785535605
2026-07-31T22:23:45Z,335,6,2,16,0,1,1,1,1,1785536389
2026-07-31T22:23:45Z,336,3,2,16,0,0,1,1,1,1785536370
2026-07-31T22:23:45Z,337,6,5,13,4,0,1,1,1,1785536373
2026-07-31T22:23:45Z,338,1,0,18,0,0,1,1,1,1785536539
2026-07-31T22:23:45Z,339,4,4,16,3,0,1,1,1,1785536612
2026-07-31T22:23:45Z,340,4,2,10,1,0,1,1,1,1785536051
2026-07-31T22:23:45Z,341,8,1,11,0,0,1,1,1,1785536364
2026-07-31T22:23:45Z,342,5,1,9,1,0,1,1,1,1785536427
2026-07-31T22:23:45Z,343,7,3,15,1,0,1,1,1,1785536493
2026-07-31T22:23:45Z,344,5,1,18,0,0,1,1,1,1785535797
2026-07-31T22:23:45Z,345,19,4,0,0,0,1,1,1,1785536518
2026-07-31T22:23:45Z,346,2,2,21,0,0,1,1,1,1785536380
2026-07-31T22:23:45Z,347,22,1,19,3,0,1,1,1,1785536601
2026-07-31T22:23:45Z,348,7,0,14,1,1,1,1,1,1785536583
2026-07-31T22:23:45Z,349,12,1,7,0,0,1,1,1,1785536369
2026-07-31T22:23:45Z,350,2,1,23,1,1,1,1,1,1785536519
2026-07-31T22:23:45Z,351,1,1,20,2,0,1,1,1,1785536617
2026-07-31T22:23:45Z,355,10,2,13,0,0,1,1,1,1785535459
2026-07-31T22:23:45Z,356,9,3,10,0,0,1,1,1,1785536330
2026-07-31T22:23:45Z,357,4,2,14,1,0,1,1,1,1785536283
2026-07-31T22:23:45Z,358,20,2,6,1,0,1,1,1,1785536504
2026-07-31T22:23:45Z,359,12,0,15,0,0,1,1,1,1785536507
2026-07-31T22:23:45Z,360,3,2,16,0,0,1,1,1,1785536605
2026-07-31T22:23:45Z,362,1,1,15,3,0,1,1,1,1785536261
2026-07-31T22:23:45Z,363,17,2,10,0,0,1,1,1,1785536275
2026-07-31T22:23:45Z,364,1,0,18,0,0,1,1,1,1785535849
2026-07-31T22:23:45Z,365,0,0,18,5,0,1,1,1,1785536493
2026-07-31T22:23:45Z,366,2,1,20,1,0,1,1,1,1785536535
2026-07-31T22:23:45Z,367,4,2,13,2,0,1,1,1,1785535003
2026-07-31T22:23:45Z,368,5,1,17,1,0,1,1,1,1785536603
2026-07-31T22:23:45Z,370,9,3,18,0,0,1,1,1,1785534955
2026-07-31T22:23:45Z,371,3,3,15,1,0,1,1,1,1785536010
2026-07-31T22:23:45Z,372,10,0,5,0,0,1,1,1,1785536166
2026-07-31T22:23:45Z,373,0,0,26,1,0,1,1,1,1785534676
2026-07-31T22:23:45Z,374,1,1,17,1,0,1,1,1,1785536569
2026-07-31T22:23:45Z,375,0,0,26,1,0,1,1,1,1785536284
2026-07-31T22:23:45Z,376,1,0,36,2,0,1,1,1,1785536206
2026-07-31T22:23:45Z,377,8,2,17,2,0,1,1,1,1785536495
2026-07-31T22:23:45Z,378,1,0,21,1,1,1,1,1,1785536570
2026-07-31T22:23:45Z,379,21,3,2,4,0,1,1,1,1785536497
2026-07-31T22:23:45Z,380,3,1,20,0,0,1,1,1,1785536238
2026-07-31T22:23:45Z,381,15,0,8,0,0,1,1,1,1785536526
2026-07-31T22:23:45Z,383,11,2,2,2,0,1,1,1,1785536596
2026-07-31T22:23:45Z,384,4,0,20,3,0,1,1,1,1785536309
2026-07-31T22:23:45Z,385,4,1,13,1,0,1,1,1,1785536614
2026-07-31T22:23:45Z,387,3,1,20,0,0,1,1,1,1785536428
2026-07-31T22:23:45Z,388,34,3,12,3,0,1,1,1,1785536531
2026-07-31T22:23:45Z,389,3,2,11,1,0,1,1,1,1785536220
2026-07-31T22:23:45Z,390,16,1,18,1,0,1,1,1,1785535726
2026-07-31T22:23:45Z,391,5,3,10,0,0,1,1,1,1785535483
2026-07-31T22:23:45Z,392,3,3,14,2,0,1,1,1,1785536619
2026-07-31T22:23:45Z,393,1,1,6,4,0,1,1,1,1785534996
2026-07-31T22:23:45Z,394,7,1,4,2,0,1,1,1,1785534901
2026-07-31T22:23:45Z,396,1,1,41,0,0,1,1,1,1785535970
2026-07-31T22:23:45Z,397,12,7,19,0,0,1,1,1,1785536589
2026-07-31T22:23:45Z,399,0,0,15,2,0,1,1,1,1785536019
2026-07-31T22:23:45Z,400,14,9,7,2,0,1,1,1,1785536557
2026-07-31T22:23:45Z,401,5,0,26,8,0,1,1,1,1785536619
2026-07-31T22:23:45Z,403,22,5,5,4,0,1,1,1,1785536513
2026-07-31T22:23:45Z,404,6,3,16,1,0,1,1,1,1785536307
2026-07-31T22:23:45Z,406,14,3,19,2,0,1,1,1,1785536597
2026-07-31T22:23:45Z,407,10,0,23,1,0,1,1,1,1785536271
2026-07-31T22:23:45Z,408,3,3,26,4,0,1,1,1,1785536059
2026-07-31T22:23:45Z,409,14,2,5,4,0,1,1,1,1785535992
2026-07-31T22:23:45Z,413,9,3,13,1,0,1,1,1,1785536482
2026-07-31T22:23:45Z,414,6,0,9,0,0,1,1,1,1785536576
2026-07-31T22:23:45Z,417,4,1,14,1,0,1,1,1,1785536170
2026-07-31T22:23:45Z,418,5,4,10,0,0,1,1,1,1785535459
2026-07-31T22:23:45Z,419,13,1,10,0,0,1,1,1,1785533166
2026-07-31T22:23:45Z,421,11,0,7,1,0,1,1,1,1785536557
2026-07-31T22:23:45Z,422,14,2,13,0,0,1,1,1,1785536319
2026-07-31T22:23:45Z,423,0,0,23,0,0,1,1,1,1785536407
2026-07-31T22:23:45Z,424,8,4,4,2,1,1,1,1,1785536358
2026-07-31T22:23:45Z,425,0,0,21,0,1,1,1,1,1785535667
2026-07-31T22:23:45Z,426,1,0,34,2,0,1,1,1,1785536534
2026-07-31T22:23:45Z,427,12,2,0,3,0,1,1,1,1785536493
2026-07-31T22:23:45Z,428,14,0,5,0,0,1,1,1,1785536378
2026-07-31T22:23:45Z,429,15,4,7,1,0,1,1,1,1785536571
2026-07-31T22:23:45Z,430,7,1,21,3,0,1,1,1,1785536325
2026-07-31T22:23:45Z,431,1,0,31,1,0,1,1,1,1785536323
2026-07-31T22:23:45Z,432,0,0,30,1,0,0,1,1,1785508564
2026-07-31T22:23:45Z,433,4,2,16,3,0,1,1,1,1785533359
2026-07-31T22:23:45Z,437,1,1,14,4,0,1,1,1,1785536325
2026-07-31T22:23:45Z,438,4,1,14,1,0,1,1,1,1785536492
2026-07-31T22:23:45Z,439,12,4,3,0,0,1,1,1,1785536484
2026-07-31T22:23:45Z,440,10,2,4,1,0,1,1,1,1785536482
2026-07-31T22:23:45Z,441,4,1,9,2,0,1,1,1,1785536593
2026-07-31T22:23:45Z,442,11,3,6,2,0,1,1,1,1785535999
2026-07-31T22:23:45Z,443,5,2,22,0,0,1,1,1,1785512432
2026-07-31T22:23:45Z,444,1,1,22,0,0,1,1,1,1785535180
2026-07-31T22:23:45Z,445,6,2,16,1,0,1,1,1,1785536410
2026-07-31T22:23:45Z,446,2,0,21,0,0,1,1,1,1785533737
2026-07-31T22:23:45Z,447,3,0,18,1,1,1,1,1,1785534024
2026-07-31T22:23:45Z,448,7,0,7,1,0,1,1,1,1785530120
2026-07-31T22:23:45Z,452,7,4,11,1,0,1,1,1,1785536525
2026-07-31T22:23:45Z,453,2,1,10,3,0,1,1,1,1785536381
2026-07-31T22:23:45Z,454,17,0,1,1,0,1,1,1,1785536439
2026-07-31T22:23:45Z,455,27,1,11,1,0,1,1,1,1785536437
2026-07-31T22:23:45Z,456,18,1,1,1,0,1,1,1,1785536564
2026-07-31T22:23:45Z,457,5,4,21,1,0,1,1,1,1785536384
2026-07-31T22:23:45Z,458,3,2,18,2,0,1,1,1,1785536422
2026-07-31T22:23:45Z,459,14,1,1,0,0,1,1,1,1785536540
2026-07-31T22:23:45Z,460,16,1,6,1,0,1,1,1,1785536611
2026-07-31T22:23:45Z,461,9,0,9,1,0,1,1,1,1785536554
2026-07-31T22:23:45Z,462,18,1,3,0,0,1,1,1,1785536594
2026-07-31T22:23:45Z,463,8,0,11,0,0,1,1,1,1785534777
2026-07-31T22:23:45Z,464,1,0,13,0,0,1,1,1,1785536607
2026-07-31T22:23:45Z,465,3,3,12,0,0,1,1,1,1785535718
2026-07-31T22:23:45Z,466,6,2,3,6,0,1,1,1,1785534500
2026-07-31T22:23:45Z,467,0,0,19,0,0,1,1,1,1785536420
2026-07-31T22:23:45Z,468,1,0,17,1,0,1,1,1,1785534756
2026-07-31T22:23:45Z,469,6,1,17,0,0,1,1,1,1785535020
2026-07-31T22:23:45Z,470,2,0,11,2,0,1,1,1,1785536450
2026-07-31T22:23:45Z,471,24,3,3,0,0,1,1,1,1785535393
2026-07-31T22:23:45Z,472,9,3,9,1,0,1,1,1,1785536614
2026-07-31T22:23:45Z,473,8,0,11,0,0,1,1,1,1785535578
2026-07-31T22:23:45Z,474,7,2,11,1,0,1,1,1,1785536046
2026-07-31T22:23:45Z,475,4,2,14,1,0,1,1,1,1785536245
2026-07-31T22:23:45Z,477,6,0,9,0,0,1,1,1,1785535814
2026-07-31T22:23:45Z,478,25,0,6,0,0,1,1,1,1785536485
2026-07-31T22:23:45Z,479,6,0,19,2,0,1,1,1,1785536112
2026-07-31T22:23:45Z,480,5,1,9,1,0,1,1,1,1785536486
2026-07-31T22:23:45Z,481,14,0,20,1,0,1,1,1,1785536564
2026-07-31T22:23:45Z,482,2,1,17,0,0,1,1,1,1785536193
2026-07-31T22:23:45Z,483,4,0,21,2,0,1,1,1,1785536584
2026-07-31T22:23:45Z,484,0,0,17,2,0,1,1,1,1785536550
2026-07-31T22:23:45Z,485,12,4,6,0,1,1,1,1,1785536517
2026-07-31T22:23:45Z,486,4,1,21,2,0,1,1,1,1785536496
2026-07-31T22:23:45Z,487,7,5,9,3,0,1,1,1,1785536449
2026-07-31T22:23:45Z,489,5,2,10,0,0,1,1,1,1785535966
2026-07-31T22:23:45Z,490,13,1,3,0,0,1,1,1,1785536182
2026-07-31T22:23:45Z,491,8,2,12,1,0,1,1,1,1785535993
2026-07-31T22:23:45Z,492,1,1,7,3,0,1,1,1,1785536620
2026-07-31T22:23:45Z,493,20,1,7,0,0,1,1,1,1785535312
2026-07-31T22:23:45Z,495,9,0,5,1,0,1,1,1,1785535646
2026-07-31T22:23:45Z,496,9,2,18,0,0,1,1,1,1785536587
2026-07-31T22:23:45Z,497,1,0,17,0,0,1,1,1,1785536349
2026-07-31T22:23:45Z,498,4,2,18,1,0,1,1,1,1785536552
2026-07-31T22:23:45Z,499,2,0,16,1,0,1,1,1,1785536006
2026-07-31T22:23:45Z,500,0,0,11,4,0,1,1,1,1785536143
2026-07-31T22:23:45Z,501,10,1,11,0,0,1,1,1,1785536569
2026-07-31T22:23:45Z,502,1,0,16,2,0,1,1,1,1785533820
2026-07-31T22:23:45Z,503,8,1,22,1,0,1,1,1,1785536081
2026-07-31T22:23:45Z,504,1,0,36,2,0,1,1,1,1785536318
2026-07-31T22:23:45Z,505,4,0,7,1,0,1,1,1,1785536246
2026-07-31T22:23:45Z,511,3,2,20,0,0,1,1,1,1785533768
2026-07-31T22:23:45Z,512,9,0,18,0,0,1,1,1,1785536402
2026-07-31T22:23:45Z,514,3,2,7,1,0,1,1,1,1785536594
2026-07-31T22:23:45Z,515,5,2,14,0,0,1,1,1,1785535840
2026-07-31T22:23:45Z,516,3,0,24,0,0,1,1,1,1785536564
2026-07-31T22:23:45Z,517,11,3,12,0,0,1,1,1,1785536479
2026-07-31T22:23:45Z,518,5,0,9,1,0,1,1,1,1785533962
2026-07-31T22:23:45Z,519,6,4,12,1,0,1,1,1,1785535628
2026-07-31T22:23:45Z,520,20,6,1,5,1,1,1,1,1785536617
2026-07-31T22:23:45Z,521,4,3,19,0,0,1,1,1,1785535813
2026-07-31T22:23:45Z,522,20,4,1,2,0,1,1,1,1785536269
2026-07-31T22:23:45Z,523,11,5,11,1,0,1,1,1,1785536008
2026-07-31T22:23:45Z,524,12,0,11,0,0,1,1,1,1785536468
2026-07-31T22:23:45Z,525,10,0,9,0,0,1,1,1,1785536408
2026-07-31T22:23:45Z,526,7,4,8,0,0,1,1,1,1785535838
2026-07-31T22:23:45Z,527,16,12,9,1,0,1,1,1,1785536558
2026-07-31T22:23:45Z,528,19,2,2,2,0,1,1,1,1785536526
2026-07-31T22:23:45Z,529,7,4,6,6,0,1,1,1,1785536619
2026-07-31T22:23:45Z,530,10,0,8,3,0,1,1,1,1785536546
2026-07-31T22:23:45Z,531,14,1,8,0,1,1,1,1,1785536573
2026-07-31T22:23:45Z,532,4,4,26,1,0,1,1,1,1785536286
2026-07-31T22:23:45Z,533,12,0,6,1,0,1,1,1,1785535265
2026-07-31T22:23:45Z,534,4,1,19,0,0,1,1,1,1785535927
2026-07-31T22:23:45Z,535,0,0,15,0,0,1,1,1,1785536563
2026-07-31T22:23:45Z,536,11,0,12,0,0,1,1,1,1785536179
2026-07-31T22:23:45Z,537,1,1,19,0,0,1,1,1,1785536603
2026-07-31T22:23:45Z,538,10,1,11,0,2,1,1,1,1785536609
2026-07-31T22:23:45Z,539,2,1,29,0,0,1,1,1,1785536130
2026-07-31T22:23:45Z,540,6,2,13,0,0,1,1,1,1785536527
2026-07-31T22:23:45Z,541,5,1,22,0,0,1,1,1,1785536510
2026-07-31T22:23:45Z,542,0,0,23,0,0,1,1,1,1785535533
2026-07-31T22:23:45Z,543,0,0,18,1,0,1,1,1,1785536559
2026-07-31T22:23:45Z,544,11,4,7,4,0,1,1,1,1785536600
2026-07-31T22:23:45Z,545,12,1,3,4,0,1,1,1,1785536617
2026-07-31T22:23:45Z,546,2,2,17,0,0,1,1,1,1785536526
2026-07-31T22:23:45Z,547,14,1,11,0,0,1,1,1,1785536459
2026-07-31T22:23:45Z,548,6,2,16,1,0,1,1,1,1785536619
2026-07-31T22:23:45Z,549,18,1,4,1,0,1,1,1,1785536594
2026-07-31T22:23:45Z,550,2,2,17,0,0,1,1,1,1785535592
2026-07-31T22:23:45Z,551,1,1,21,1,0,1,1,1,1785536113
2026-07-31T22:23:45Z,552,1,1,26,0,0,1,1,1,1785536201
2026-07-31T22:23:45Z,553,2,0,18,3,0,1,1,1,1785536608
2026-07-31T22:23:45Z,554,1,1,17,1,0,1,1,1,1785536063
2026-07-31T22:23:45Z,555,8,1,6,1,0,1,1,1,1785534856
2026-07-31T22:23:45Z,556,8,1,13,2,0,1,1,1,1785536317
2026-07-31T22:23:45Z,557,0,0,21,2,0,1,1,1,1785536364
2026-07-31T22:23:45Z,558,31,11,4,2,0,1,1,1,1785536610
2026-07-31T22:23:45Z,559,7,0,11,1,0,1,1,1,1785536600
2026-07-31T22:23:45Z,560,20,1,6,1,0,1,1,1,1785536590
2026-07-31T22:23:45Z,561,6,2,14,3,0,1,1,1,1785536527
2026-07-31T22:23:45Z,562,7,0,21,7,0,1,1,1,1785535095
2026-07-31T22:23:45Z,563,4,0,9,1,0,1,1,1,1785536021
2026-07-31T22:23:45Z,564,4,1,14,1,0,1,1,1,1785535624
2026-07-31T22:23:45Z,565,6,2,12,1,0,1,1,1,1785536358
2026-07-31T22:23:45Z,566,11,0,7,1,0,1,1,1,1785536575
2026-07-31T22:23:45Z,567,13,1,11,3,0,1,1,1,1785536561
2026-07-31T22:23:45Z,568,7,0,11,1,0,1,1,1,1785536060
2026-07-31T22:23:45Z,569,11,0,6,2,0,1,1,1,1785536288
2026-07-31T22:23:45Z,570,9,1,9,1,0,1,1,1,1785536103
2026-07-31T22:23:45Z,571,5,0,18,0,0,1,1,1,1785535551
2026-07-31T22:23:45Z,572,8,0,11,0,0,1,1,1,1785536505
2026-07-31T22:23:45Z,573,15,3,0,0,0,1,1,1,1785536620
2026-07-31T22:23:45Z,574,4,2,11,0,0,1,1,1,1785536564
2026-07-31T22:23:45Z,575,7,0,13,1,0,1,1,1,1785536500
2026-07-31T22:23:45Z,576,1,0,18,0,0,1,1,1,1785535770
2026-07-31T22:23:45Z,577,26,0,5,0,0,1,1,1,1785536533
2026-07-31T22:23:45Z,578,4,1,18,1,0,1,1,1,1785536278
2026-07-31T22:23:45Z,579,10,0,33,0,0,1,1,1,1785536607
2026-07-31T22:23:45Z,580,4,0,25,0,0,1,1,1,1785536016
2026-07-31T22:23:45Z,581,18,2,1,0,0,1,1,1,1785536542
2026-07-31T22:23:45Z,582,20,0,39,2,0,1,1,1,1785536334
2026-07-31T22:23:45Z,583,5,0,17,1,0,1,1,1,1785536310
2026-07-31T22:23:45Z,584,1,0,14,4,0,1,1,1,1785535753
2026-07-31T22:23:45Z,585,0,0,26,0,1,1,1,1,1785536010
2026-07-31T22:23:45Z,586,7,1,28,0,0,1,1,1,1785536621
2026-07-31T22:23:45Z,587,14,2,9,1,0,1,1,1,1785536528
2026-07-31T22:23:45Z,588,7,3,9,2,1,1,1,1,1785536454
2026-07-31T22:23:45Z,589,6,0,16,0,0,1,1,1,1785535785
2026-07-31T22:23:45Z,590,10,0,20,1,0,1,1,1,1785536593
2026-07-31T22:23:45Z,591,1,1,27,2,0,1,1,1,1785536384
2026-07-31T22:23:45Z,592,6,0,17,0,0,1,1,1,1785536455
2026-07-31T22:23:45Z,593,16,0,22,0,0,1,1,1,1785536543
2026-07-31T22:23:45Z,594,2,1,17,2,0,1,1,1,1785536503
2026-07-31T22:23:45Z,595,0,0,3,0,0,0,1,1,1784046673
2026-07-31T22:23:45Z,605,0,0,2,1,0,0,1,1,1783975843
2026-07-31T22:23:45Z,606,0,0,0,0,0,0,1,1,86400
2026-07-31T22:23:45Z,607,6,4,24,2,0,1,1,1,1785536619
2026-07-31T22:23:45Z,608,36,2,14,0,0,1,1,1,1785535861
2026-07-31T22:23:45Z,609,5,1,18,0,0,1,1,1,1785536327
2026-07-31T22:23:45Z,610,7,0,28,0,0,1,1,1,1785536618
2026-07-31T22:23:45Z,611,3,0,23,1,0,1,1,1,1785535934
2026-07-31T22:23:45Z,612,8,1,7,0,0,1,1,1,1785533466
2026-07-31T22:23:45Z,613,12,4,0,3,0,1,1,1,1785530289
2026-07-31T22:23:45Z,614,1,1,23,2,1,1,1,1,1785536307
2026-07-31T22:23:45Z,617,10,1,3,2,0,1,1,1,1785536422
2026-07-31T22:23:45Z,618,9,1,4,6,0,1,1,1,1785536292
2026-07-31T22:23:45Z,619,7,4,12,0,0,1,1,1,1785536588
2026-07-31T22:23:45Z,620,12,1,14,1,0,1,1,1,1785536448
2026-07-31T22:23:45Z,621,4,3,19,0,0,1,1,1,1785536611
2026-07-31T22:23:45Z,622,10,1,12,1,0,1,1,1,1785536567
2026-07-31T22:23:45Z,623,20,7,10,0,0,1,1,1,1785535596
2026-07-31T22:23:45Z,624,0,0,15,0,0,1,1,1,1785534424
2026-07-31T22:23:45Z,625,16,3,0,5,0,1,1,1,1785535790
2026-07-31T22:23:45Z,626,41,0,4,0,2,1,1,1,1785536575
2026-07-31T22:23:45Z,627,16,4,3,0,0,1,1,1,1785536589
2026-07-31T22:23:45Z,628,4,4,13,1,1,1,1,1,1785536566
2026-07-31T22:23:45Z,629,2,1,7,2,0,1,1,1,1785536334
2026-07-31T22:23:45Z,630,1,0,22,4,0,1,1,1,1785536441
2026-07-31T22:23:45Z,631,3,3,20,0,0,1,1,1,1785536521
2026-07-31T22:23:45Z,632,17,1,4,2,0,1,1,1,1785535811
2026-07-31T22:23:45Z,633,11,3,1,3,0,1,1,1,1785530006
2026-07-31T22:23:45Z,634,11,1,8,0,0,1,1,1,1785534984
2026-07-31T22:23:45Z,635,16,1,3,0,0,1,1,1,1785536443
2026-07-31T22:23:45Z,636,7,2,8,0,0,1,1,1,1785526430
2026-07-31T22:23:45Z,637,6,2,11,2,0,1,1,1,1785535251
2026-07-31T22:23:45Z,638,7,2,10,2,0,1,1,1,1785536396
2026-07-31T22:23:45Z,639,11,2,6,2,0,1,1,1,1785536472
2026-07-31T22:23:45Z,640,13,6,8,2,0,1,1,1,1785536508
2026-07-31T22:23:45Z,641,12,0,15,0,0,1,1,1,1785536582
2026-07-31T22:23:45Z,642,4,3,7,8,0,1,1,1,1785536621
2026-07-31T22:23:45Z,643,4,0,15,8,0,1,1,1,1785536621
2026-07-31T22:23:45Z,644,13,1,1,1,0,1,1,1,1785533615
2026-07-31T22:23:45Z,645,15,1,6,1,1,1,1,1,1785535419
2026-07-31T22:23:45Z,646,4,1,15,0,0,1,1,1,1785533859
2026-07-31T22:23:45Z,647,7,0,24,0,0,1,1,1,1785536287
2026-07-31T22:23:45Z,648,2,0,16,1,0,1,1,1,1785535473
2026-07-31T22:23:45Z,649,23,0,7,1,0,1,1,1,1785536139
2026-07-31T22:23:45Z,650,5,1,9,0,0,1,1,1,1785535619
2026-07-31T22:23:45Z,651,8,7,15,0,0,1,1,1,1785536037
2026-07-31T22:23:45Z,652,4,2,17,2,0,1,1,1,1785536493
2026-07-31T22:23:45Z,653,1,1,17,1,0,1,1,1,1785536038
2026-07-31T22:23:45Z,654,2,1,13,0,0,1,1,1,1785536521
2026-07-31T22:23:45Z,655,8,4,0,4,1,1,1,1,1785536380
2026-07-31T22:23:45Z,656,3,2,16,0,0,1,1,1,1785536440
2026-07-31T22:23:45Z,657,11,4,2,2,2,1,1,1,1785536444
2026-07-31T22:23:45Z,658,9,1,1,0,0,1,1,1,1785533651
2026-07-31T22:23:45Z,659,7,5,6,2,0,1,1,1,1785535916
2026-07-31T22:23:45Z,660,15,3,11,5,0,1,1,1,1785536458
2026-07-31T22:23:45Z,661,7,2,12,0,0,1,1,1,1785536292
2026-07-31T22:23:45Z,662,5,2,14,4,0,1,1,1,1785533873
2026-07-31T22:23:45Z,663,4,0,11,0,0,1,1,1,1785536467
2026-07-31T22:23:45Z,664,12,0,15,0,0,1,1,1,1785536401
2026-07-31T22:23:45Z,665,8,4,7,0,0,1,1,1,1785536198
2026-07-31T22:23:45Z,666,7,2,5,3,0,1,1,1,1785536590
2026-07-31T22:23:45Z,667,14,2,3,3,0,1,1,1,1785536619
2026-07-31T22:23:45Z,668,8,1,11,0,0,1,1,1,1785536290
2026-07-31T22:23:45Z,669,6,3,6,2,0,1,1,1,1785536506
2026-07-31T22:23:45Z,670,17,0,9,1,0,1,1,1,1785536561
2026-07-31T22:23:45Z,671,15,2,10,2,0,1,1,1,1785536484
2026-07-31T22:23:45Z,672,7,0,12,3,1,1,1,1,1785536202
2026-07-31T22:23:45Z,673,13,0,10,0,0,1,1,1,1785536552
2026-07-31T22:23:45Z,674,0,0,21,2,0,1,1,1,1785536550
2026-07-31T22:23:45Z,675,3,1,10,2,0,1,1,1,1785536040
2026-07-31T22:23:45Z,676,9,0,11,2,0,1,1,1,1785535945
2026-07-31T22:23:45Z,681,11,5,3,0,1,1,1,1,1785536184
2026-07-31T22:23:45Z,682,6,1,13,0,0,1,1,1,1785534288
2026-07-31T22:23:45Z,683,1,1,18,0,0,1,1,1,1785527602
2026-07-31T22:23:45Z,684,4,1,23,0,0,1,1,1,1785535557
2026-07-31T22:23:45Z,685,6,0,19,1,1,1,1,1,1785535602
2026-07-31T22:23:45Z,686,11,0,13,3,0,1,1,1,1785536496
2026-07-31T22:23:45Z,687,12,1,17,1,1,1,1,1,1785536522
2026-07-31T22:23:45Z,688,12,1,7,0,0,1,1,1,1785534682
2026-07-31T22:23:45Z,692,0,0,21,0,0,1,1,1,1785534890
2026-07-31T22:23:45Z,693,6,0,2,3,0,1,1,1,1785536064
2026-07-31T22:23:45Z,694,8,3,13,0,0,1,1,1,1785535932
2026-07-31T22:23:45Z,695,1,1,21,1,0,1,1,1,1785536141
2026-07-31T22:23:45Z,696,15,13,8,0,0,1,1,1,1785536312
2026-07-31T22:23:45Z,697,22,5,0,1,0,1,1,1,1785536564
2026-07-31T22:23:45Z,698,13,4,14,0,0,1,1,1,1785536579
2026-07-31T22:23:45Z,699,5,1,9,1,0,1,1,1,1785536613
2026-07-31T22:23:45Z,700,16,1,2,1,0,1,1,1,1785535672
2026-07-31T22:23:45Z,701,16,4,2,1,0,1,1,1,1785536507
2026-07-31T22:23:45Z,702,5,4,18,0,0,1,1,1,1785535803
2026-07-31T22:23:45Z,704,4,0,10,1,0,1,1,1,1785535418
2026-07-31T22:23:45Z,705,1,0,14,0,0,1,1,1,1785534884
2026-07-31T22:23:45Z,706,5,1,8,2,0,1,1,1,1785536164
2026-07-31T22:23:45Z,707,7,1,8,0,0,1,1,1,1785536573
2026-07-31T22:23:45Z,708,14,1,4,1,0,1,1,1,1785536317
2026-07-31T22:23:45Z,709,6,0,8,1,0,1,1,1,1785536572
2026-07-31T22:23:45Z,710,3,0,15,1,0,1,1,1,1785536108
2026-07-31T22:23:45Z,711,6,0,14,3,0,1,1,1,1785536465
2026-07-31T22:23:45Z,712,6,6,8,1,0,1,1,1,1785536202
2026-07-31T22:23:45Z,713,3,1,19,1,0,1,1,1,1785536343
2026-07-31T22:23:45Z,716,4,3,11,0,0,1,1,1,1785536364
2026-07-31T22:23:45Z,717,2,0,21,2,0,1,1,1,1785536501
2026-07-31T22:23:45Z,718,5,2,8,2,0,1,1,1,1785536393
2026-07-31T22:23:45Z,719,4,0,25,0,0,1,1,1,1785535688
2026-07-31T22:23:45Z,720,0,0,19,0,0,1,1,1,1785534816
2026-07-31T22:23:45Z,721,6,0,15,2,0,1,1,1,1785535719
2026-07-31T22:23:45Z,722,7,1,8,0,0,1,1,1,1785536406
2026-07-31T22:23:45Z,723,14,2,9,0,0,1,1,1,1785534808
2026-07-31T22:23:45Z,724,7,3,15,1,0,1,1,1,1785536531
2026-07-31T22:23:45Z,725,2,0,20,1,0,1,1,1,1785536256
2026-07-31T22:23:45Z,726,7,0,11,1,0,1,1,1,1785536393
2026-07-31T22:23:45Z,727,10,5,12,1,0,1,1,1,1785535669
2026-07-31T22:23:45Z,728,9,0,5,1,0,1,1,1,1785535120
2026-07-31T22:23:45Z,729,5,0,14,0,0,1,1,1,1785536269
2026-07-31T22:23:45Z,730,0,0,12,3,0,1,1,1,1785535718
2026-07-31T22:23:45Z,731,3,3,10,2,0,1,1,1,1785536143
2026-07-31T22:23:45Z,732,4,2,11,0,0,1,1,1,1785535877
2026-07-31T22:23:45Z,733,16,2,11,0,0,1,1,1,1785536445
2026-07-31T22:23:45Z,734,1,0,13,0,0,1,1,1,1785536396
2026-07-31T22:23:45Z,735,25,9,2,0,0,1,1,1,1785536615
2026-07-31T22:23:45Z,736,12,1,7,0,0,1,1,1,1785535295
2026-07-31T22:23:45Z,737,2,1,12,0,1,1,1,1,1785535348
2026-07-31T22:23:45Z,738,14,4,5,0,0,1,1,1,1785536582
2026-07-31T22:23:45Z,739,17,0,9,1,0,1,1,1,1785535056
2026-07-31T22:23:45Z,741,6,0,17,0,0,1,1,1,1785535431
2026-07-31T22:23:45Z,742,12,8,21,2,0,1,1,1,1785536569
2026-07-31T22:23:45Z,743,5,2,14,0,0,1,1,1,1785535070
2026-07-31T22:23:45Z,744,9,3,6,0,0,1,1,1,1785536217
2026-07-31T22:23:45Z,745,10,4,9,0,0,1,1,1,1785536157
2026-07-31T22:23:45Z,746,5,0,17,1,0,1,1,1,1785536434
2026-07-31T22:23:45Z,747,0,0,4,0,0,0,1,1,1783446606
2026-07-31T22:23:45Z,748,8,0,15,0,0,1,1,1,1785536451
2026-07-31T22:23:45Z,749,5,0,18,0,0,1,1,1,1785536369
2026-07-31T22:23:45Z,750,8,4,2,1,0,1,1,1,1785536527
2026-07-31T22:23:45Z,751,21,15,2,0,0,1,1,1,1785536617
2026-07-31T22:23:45Z,752,0,0,16,1,0,1,1,1,1785535541
2026-07-31T22:23:45Z,753,4,0,10,1,0,1,1,1,1785536459
2026-07-31T22:23:45Z,754,4,1,11,0,0,1,1,1,1785536461
2026-07-31T22:23:45Z,755,16,4,6,1,0,1,1,1,1785536260
2026-07-31T22:23:45Z,756,3,3,33,1,0,1,1,1,1785536463
2026-07-31T22:23:45Z,757,7,2,12,0,0,1,1,1,1785536360
2026-07-31T22:23:45Z,758,1,1,22,0,0,1,1,1,1785536363
2026-07-31T22:23:45Z,759,0,0,0,0,0,1,1,1,86400
2026-07-31T22:23:45Z,760,9,2,10,0,0,1,1,1,1785531870
2026-07-31T22:23:45Z,761,1,1,22,0,0,1,1,1,1785535775
2026-07-31T22:23:45Z,762,4,2,6,5,0,1,1,1,1785534872
2026-07-31T22:23:45Z,768,7,0,8,4,0,1,1,1,1785535781
2026-07-31T22:23:45Z,769,15,8,3,1,0,1,1,1,1785536143
2026-07-31T22:23:45Z,770,9,2,8,2,0,1,1,1,1785535552
2026-07-31T22:23:45Z,771,12,1,2,1,0,1,1,1,1785534839
2026-07-31T22:23:45Z,772,1,0,14,0,0,1,1,1,1785535370
2026-07-31T22:23:45Z,773,17,2,2,0,0,1,1,1,1785535299
2026-07-31T22:23:45Z,774,5,1,6,4,0,1,1,1,1785535774
2026-07-31T22:23:45Z,775,5,1,12,1,1,1,1,1,1785536592
2026-07-31T22:23:45Z,776,2,0,18,1,0,1,1,1,1785535889
2026-07-31T22:23:45Z,777,12,2,3,0,0,1,1,1,1785536617
2026-07-31T22:23:45Z,778,13,0,6,0,0,1,1,1,1785535287
2026-07-31T22:23:45Z,779,6,0,12,1,0,1,1,1,1785536367
2026-07-31T22:23:45Z,780,7,0,10,2,0,1,1,1,1785536550
2026-07-31T22:23:45Z,781,3,1,6,2,0,1,1,1,1785535975
2026-07-31T22:23:45Z,782,0,0,15,4,0,1,1,1,1785535081
2026-07-31T22:23:45Z,783,7,3,12,0,0,1,1,1,1785536127
2026-07-31T22:23:45Z,784,9,2,10,0,0,1,1,1,1785536026
2026-07-31T22:23:45Z,785,9,2,4,6,0,1,1,1,1785536410
2026-07-31T22:23:45Z,786,9,5,10,0,0,1,1,1,1785536018
2026-07-31T22:23:45Z,787,4,3,10,1,0,1,1,1,1785535576
2026-07-31T22:23:45Z,788,6,1,9,0,0,1,1,1,1785536610
2026-07-31T22:23:45Z,789,6,2,5,4,0,1,1,1,1785536194
2026-07-31T22:23:45Z,790,4,0,18,1,0,1,1,1,1785536446
2026-07-31T22:23:45Z,791,8,0,10,0,1,1,1,1,1785535934
2026-07-31T22:23:45Z,793,4,0,10,1,0,1,1,1,1785535121
2026-07-31T22:23:45Z,794,1,0,26,2,0,1,1,1,1785535807
2026-07-31T22:23:45Z,796,6,3,12,1,0,1,1,1,1785535014
2026-07-31T22:23:45Z,797,4,0,11,0,0,1,1,1,1785536236
2026-07-31T22:23:45Z,798,15,1,9,1,0,1,1,1,1785536527
2026-07-31T22:23:45Z,799,15,2,0,4,0,1,1,1,1785535326
2026-07-31T22:23:45Z,800,1,1,19,1,0,1,1,1,1785536563
2026-07-31T22:23:45Z,801,2,1,18,1,0,1,1,1,1785535700
2026-07-31T22:23:45Z,802,7,0,24,0,0,1,1,1,1785536349
2026-07-31T22:23:45Z,803,1,0,14,0,0,1,1,1,1785536577
2026-07-31T22:23:45Z,806,7,3,7,1,0,1,1,1,1785536197
2026-07-31T22:23:45Z,807,8,4,14,3,0,1,1,1,1785535714
2026-07-31T22:23:45Z,808,13,0,9,3,0,1,1,1,1785535844
2026-07-31T22:23:45Z,809,4,1,18,1,0,1,1,1,1785535022
2026-07-31T22:23:45Z,810,3,1,14,2,0,1,1,1,1785536328
2026-07-31T22:23:45Z,815,8,2,2,4,1,1,1,1,1785535561
2026-07-31T22:23:45Z,817,10,5,5,0,0,1,1,1,1785536118
2026-07-31T22:23:45Z,818,6,1,17,0,0,1,1,1,1785535652
2026-07-31T22:23:45Z,819,7,4,8,0,0,1,1,1,1785532837
2026-07-31T22:23:45Z,820,10,0,6,1,0,1,1,1,1785536408
2026-07-31T22:23:45Z,821,4,3,11,0,0,1,1,1,1785535091
2026-07-31T22:23:45Z,822,6,1,16,1,0,1,1,1,1785536592
2026-07-31T22:23:45Z,823,13,0,2,0,0,1,1,1,1785536500
2026-07-31T22:23:45Z,824,13,7,6,0,0,1,1,1,1785536557
2026-07-31T22:23:45Z,825,6,4,8,1,0,1,1,1,1785536125
2026-07-31T22:23:45Z,826,7,0,10,2,0,1,1,1,1785535988
2026-07-31T22:23:45Z,827,17,4,2,2,0,1,1,1,1785535587
2026-07-31T22:23:45Z,828,11,0,5,2,0,1,1,1,1785536083
2026-07-31T22:23:45Z,829,18,7,9,0,0,1,1,1,1785536306
2026-07-31T22:23:45Z,830,14,0,8,1,0,1,1,1,1785536298
2026-07-31T22:23:45Z,831,4,3,9,2,0,1,1,1,1785536338
2026-07-31T22:23:45Z,832,7,3,8,3,0,1,1,1,1785536522
2026-07-31T22:23:45Z,833,5,1,13,1,0,1,1,1,1785536407
2026-07-31T22:23:45Z,834,22,0,1,1,0,1,1,1,1785536551
2026-07-31T22:23:45Z,835,4,3,12,2,0,1,1,1,1785536446
2026-07-31T22:23:45Z,838,6,3,8,1,0,1,1,1,1785536441
2026-07-31T22:23:45Z,839,15,3,14,0,0,1,1,1,1785536400
2026-07-31T22:23:45Z,840,0,0,28,1,0,1,1,1,1785535908
2026-07-31T22:23:45Z,841,8,2,7,0,0,1,1,1,1785536322
2026-07-31T22:23:45Z,842,1,0,22,0,0,1,1,1,1785536260
2026-07-31T22:23:45Z,843,14,2,17,0,0,1,1,1,1785534828
2026-07-31T22:23:45Z,844,4,0,19,0,0,1,1,1,1785536539
2026-07-31T22:23:45Z,845,5,3,12,2,0,1,1,1,1785536604
2026-07-31T22:23:45Z,846,4,2,14,1,0,1,1,1,1785535742
2026-07-31T22:23:45Z,847,6,1,20,1,0,1,1,1,1785535653
2026-07-31T22:23:45Z,848,4,3,14,1,0,1,1,1,1785534434
2026-07-31T22:23:45Z,849,7,0,7,1,0,1,1,1,1785536022
2026-07-31T22:23:45Z,850,5,0,6,0,0,1,1,1,1785536563
2026-07-31T22:23:45Z,851,3,2,31,3,0,1,1,1,1785536233
2026-07-31T22:23:45Z,852,10,4,9,0,0,1,1,1,1785536279
2026-07-31T22:23:45Z,853,11,5,12,0,0,1,1,1,1785535452
2026-07-31T22:23:45Z,854,0,0,15,0,0,1,1,1,1785536320
2026-07-31T22:23:45Z,855,25,0,2,0,0,1,1,1,1785536603
2026-07-31T22:23:45Z,857,7,5,10,2,0,1,1,1,1785536565
2026-07-31T22:23:45Z,858,5,2,13,1,0,1,1,1,1785535195
2026-07-31T22:23:45Z,859,8,0,12,1,0,1,1,1,1785535366
2026-07-31T22:23:45Z,861,6,0,4,1,0,1,1,1,1785528609
2026-07-31T22:23:45Z,862,4,2,11,0,0,1,1,1,1785536368
2026-07-31T22:23:45Z,863,14,1,4,1,0,1,1,1,1785534680
2026-07-31T22:23:45Z,866,13,1,6,0,0,1,1,1,1785536064
2026-07-31T22:23:45Z,867,14,2,1,0,0,1,1,1,1785535970
2026-07-31T22:23:45Z,868,7,0,8,0,0,1,1,1,1785536225
2026-07-31T22:23:45Z,870,10,5,5,0,0,1,1,1,1785536460
2026-07-31T22:23:45Z,871,0,0,10,1,0,1,1,1,1785535773
2026-07-31T22:23:45Z,872,1,0,13,1,0,1,1,1,1785536362
2026-07-31T22:23:45Z,873,5,1,26,2,0,1,1,1,1785536569
2026-07-31T22:23:45Z,874,6,3,6,3,0,1,1,1,1785536524
2026-07-31T22:23:45Z,875,12,8,1,2,0,1,1,1,1785536587
2026-07-31T22:23:45Z,877,13,12,6,0,0,1,1,1,1785536059
2026-07-31T22:23:45Z,878,3,3,16,0,0,1,1,1,1785534813
2026-07-31T22:23:45Z,879,2,0,17,0,0,1,1,1,1785535662
2026-07-31T22:23:45Z,880,1,0,21,1,0,1,1,1,1785536589
2026-07-31T22:23:45Z,881,3,0,16,0,0,1,1,1,1785536494
2026-07-31T22:23:45Z,882,9,3,9,1,0,1,1,1,1785534469
2026-07-31T22:23:45Z,883,7,3,12,0,0,1,1,1,1785534865
2026-07-31T22:23:45Z,884,11,7,10,0,0,1,1,1,1785536082
2026-07-31T22:23:45Z,885,0,0,19,0,0,1,1,1,1785536292
2026-07-31T22:23:45Z,886,3,0,24,2,0,1,1,1,1785536409
2026-07-31T22:23:45Z,887,8,1,5,4,0,1,1,1,1785536533
2026-07-31T22:23:45Z,888,10,0,28,3,0,1,1,1,1785536523
2026-07-31T22:23:45Z,889,5,0,12,2,0,1,1,1,1785536561
2026-07-31T22:23:45Z,890,8,4,7,0,0,1,1,1,1785535414
2026-07-31T22:23:45Z,891,18,0,4,1,0,1,1,1,1785536522
2026-07-31T22:23:45Z,892,11,1,4,0,0,1,1,1,1785534415
2026-07-31T22:23:45Z,895,3,0,16,0,0,1,1,1,1785534035
2026-07-31T22:23:45Z,896,7,2,28,0,0,1,1,1,1785534764
2026-07-31T22:23:45Z,897,15,0,6,0,0,1,1,1,1785536530
2026-07-31T22:23:45Z,898,2,0,17,0,0,1,1,1,1785536203
2026-07-31T22:23:45Z,899,4,0,14,1,0,1,1,1,1785536355
2026-07-31T22:23:45Z,900,8,0,18,1,0,1,1,1,1785536527
2026-07-31T22:23:45Z,901,4,0,14,1,0,1,1,1,1785536487
2026-07-31T22:23:45Z,902,5,1,10,0,0,1,1,1,1785536104
2026-07-31T22:23:45Z,903,7,2,11,1,0,1,1,1,1785535695
2026-07-31T22:23:45Z,904,10,4,8,1,0,1,1,1,1785536609
2026-07-31T22:23:45Z,905,14,2,12,1,0,1,1,1,1785536557
2026-07-31T22:23:45Z,906,13,7,14,0,0,1,1,1,1785536284
2026-07-31T22:23:45Z,907,3,0,26,2,0,1,1,1,1785536619
2026-07-31T22:23:45Z,908,12,2,11,0,0,1,1,1,1785534809
2026-07-31T22:23:45Z,909,7,7,16,0,0,1,1,1,1785536479
2026-07-31T22:23:45Z,910,18,0,10,3,0,1,1,1,1785536607
2026-07-31T22:23:45Z,911,4,1,15,0,0,1,1,1,1785536136
2026-07-31T22:23:45Z,912,1,1,21,1,0,1,1,1,1785536505
2026-07-31T22:23:45Z,913,5,3,14,0,0,1,1,1,1785536280
2026-07-31T22:23:45Z,914,12,0,5,2,0,1,1,1,1785536533
2026-07-31T22:23:45Z,915,13,1,7,3,0,1,1,1,1785536596
2026-07-31T22:23:45Z,916,3,1,20,0,0,1,1,1,1785536429
2026-07-31T22:23:45Z,917,6,0,28,1,0,1,1,1,1785536418
2026-07-31T22:23:45Z,918,4,1,12,3,0,1,1,1,1785536525
2026-07-31T22:23:45Z,919,11,0,28,0,0,1,1,1,1785536570
2026-07-31T22:23:45Z,920,7,2,12,0,0,1,1,1,1785535098
2026-07-31T22:23:45Z,921,11,0,10,0,0,1,1,1,1785536303
2026-07-31T22:23:45Z,922,1,1,20,0,0,1,1,1,1785535342
2026-07-31T22:23:45Z,923,5,2,14,0,0,1,1,1,1785536070
2026-07-31T22:23:45Z,924,6,1,14,1,0,1,1,1,1785536372
2026-07-31T22:23:45Z,925,11,0,10,0,0,1,1,1,1785535003
2026-07-31T22:23:45Z,926,2,0,19,0,0,1,1,1,1785535077
2026-07-31T22:23:45Z,927,21,2,14,0,0,1,1,1,1785535766
2026-07-31T22:23:45Z,928,0,0,19,0,0,0,1,1,1785500252
2026-07-31T22:23:45Z,929,10,1,13,0,0,1,1,1,1785536484
2026-07-31T22:23:45Z,930,8,0,22,1,0,1,1,1,1785536621
2026-07-31T22:23:45Z,931,6,6,16,1,0,1,1,1,1785536546
2026-07-31T22:23:45Z,932,16,0,1,2,0,1,1,1,1785536613
2026-07-31T22:23:45Z,933,3,1,18,2,0,1,1,1,1785536321
2026-07-31T22:23:45Z,934,30,0,0,1,0,1,1,1,1785536570
2026-07-31T22:23:45Z,935,10,0,8,1,0,1,1,1,1785536359
2026-07-31T22:23:45Z,936,5,0,14,0,0,1,1,1,1785535825
2026-07-31T22:23:45Z,940,6,0,4,1,0,1,1,1,1785535758
2026-07-31T22:23:45Z,941,17,2,5,3,0,1,1,1,1785536302
2026-07-31T22:23:45Z,942,14,2,7,0,0,1,1,1,1785536589
2026-07-31T22:23:45Z,943,8,8,7,0,0,1,1,1,1785536440
2026-07-31T22:23:45Z,944,10,8,5,0,0,1,1,1,1785536290
2026-07-31T22:23:45Z,945,9,7,6,0,0,1,1,1,1785536549
2026-07-31T22:23:45Z,946,7,5,12,0,0,1,1,1,1785523835
2026-07-31T22:23:45Z,947,5,3,12,0,0,1,1,1,1785536314
2026-07-31T22:23:45Z,948,22,16,5,4,0,1,1,1,1785536209
2026-07-31T22:23:45Z,949,2,2,13,0,0,1,1,1,1785536595
2026-07-31T22:23:45Z,950,5,1,11,1,0,1,1,1,1785536493
2026-07-31T22:23:45Z,951,17,7,6,0,0,1,1,1,1785536609
2026-07-31T22:23:45Z,952,17,0,37,1,0,1,1,1,1785536602
2026-07-31T22:23:45Z,953,5,0,9,1,0,1,1,1,1785536515
2026-07-31T22:23:45Z,954,4,0,15,0,0,1,1,1,1785536456
2026-07-31T22:23:45Z,955,10,7,11,6,0,1,1,1,1785535996
2026-07-31T22:23:45Z,956,11,0,10,2,0,1,1,1,1785536505
2026-07-31T22:23:45Z,957,23,3,6,0,0,1,1,1,1785536352
2026-07-31T22:23:45Z,958,15,0,14,2,0,1,1,1,1785536407
2026-07-31T22:23:45Z,959,6,1,16,1,0,1,1,1,1785536267
2026-07-31T22:23:45Z,960,7,1,16,0,0,1,1,1,1785536494
2026-07-31T22:23:45Z,961,2,1,18,3,0,1,1,1,1785536285
2026-07-31T22:23:45Z,962,7,0,25,3,0,1,1,1,1785536144
2026-07-31T22:23:45Z,963,14,0,8,1,0,1,1,1,1785536480
2026-07-31T22:23:45Z,964,12,9,11,0,0,1,1,1,1785536577
2026-07-31T22:23:45Z,965,10,6,16,1,0,1,1,1,1785535706
2026-07-31T22:23:45Z,966,10,0,20,1,0,1,1,1,1785536516
2026-07-31T22:23:45Z,967,12,1,7,2,0,1,1,1,1785536588
2026-07-31T22:23:45Z,968,15,0,3,1,0,1,1,1,1785536330
2026-07-31T22:23:45Z,969,1,0,24,2,0,1,1,1,1785536346
2026-07-31T22:23:45Z,970,1,1,17,1,0,1,1,1,1785536013
2026-07-31T22:23:45Z,971,0,0,22,1,0,1,1,1,1785536535
2026-07-31T22:23:45Z,972,10,4,12,1,0,1,1,1,1785536329
2026-07-31T22:23:45Z,973,7,0,15,1,0,1,1,1,1785535896
2026-07-31T22:23:45Z,974,14,0,11,2,0,1,1,1,1785536351
2026-07-31T22:23:45Z,977,0,0,19,2,0,1,1,1,1785536568
2026-07-31T22:23:45Z,978,18,0,5,0,0,1,1,1,1785535798
2026-07-31T22:23:45Z,979,0,0,17,0,0,1,1,1,1785535105
2026-07-31T22:23:45Z,980,0,0,20,1,0,1,1,1,1785535940
2026-07-31T22:23:45Z,981,7,0,14,0,0,1,1,1,1785536329
2026-07-31T22:23:45Z,982,3,0,14,2,0,1,1,1,1785536371
2026-07-31T22:23:45Z,983,2,2,21,0,0,1,1,1,1785535024
2026-07-31T22:23:45Z,984,5,0,18,0,0,1,1,1,1785536497
2026-07-31T22:23:45Z,985,3,0,27,1,0,1,1,1,1785536572
2026-07-31T22:23:45Z,986,4,0,15,0,0,1,1,1,1785536372
2026-07-31T22:23:45Z,987,7,1,16,0,0,1,1,1,1785535138
2026-07-31T22:23:45Z,988,6,4,13,0,0,1,1,1,1785536545
2026-07-31T22:23:45Z,989,7,4,12,0,0,1,1,1,1785535526
2026-07-31T22:23:45Z,990,11,0,3,1,0,1,1,1,1785536531
2026-07-31T22:23:45Z,991,9,0,9,1,0,1,1,1,1785536285
2026-07-31T22:23:45Z,992,9,5,14,0,0,1,1,1,1785535353
2026-07-31T22:23:45Z,993,7,4,19,1,0,1,1,1,1785536442
2026-07-31T22:23:45Z,994,0,0,21,0,0,1,1,1,1785535600
2026-07-31T22:23:45Z,995,7,1,20,0,0,1,1,1,1785534810
2026-07-31T22:23:45Z,996,7,2,16,0,0,1,1,1,1785536457
2026-07-31T22:23:45Z,997,14,8,8,1,0,1,1,1,1785536576
2026-07-31T22:23:45Z,998,5,4,18,0,0,1,1,1,1785534897
2026-07-31T22:23:45Z,999,4,1,15,1,1,1,1,1,1785536572
2026-07-31T22:23:45Z,1000,0,0,21,0,0,1,1,1,1785535711
2026-07-31T22:23:45Z,1001,5,3,22,0,0,1,1,1,1785534966
2026-07-31T22:23:45Z,1002,3,2,27,1,0,1,1,1,1785535000
2026-07-31T22:23:45Z,1003,0,0,23,0,0,1,1,1,1785536580
2026-07-31T22:23:45Z,1004,8,2,15,0,0,1,1,1,1785535840
2026-07-31T22:23:45Z,1005,20,1,3,0,0,1,1,1,1785536542
2026-07-31T22:23:45Z,1006,8,4,11,0,0,1,1,1,1785536344
2026-07-31T22:23:45Z,1007,2,1,19,0,0,1,1,1,1785535989
2026-07-31T22:23:45Z,1008,7,6,16,0,0,1,1,1,1785535529
2026-07-31T22:23:45Z,1009,22,5,8,1,0,1,1,1,1785535439
2026-07-31T22:23:45Z,1010,7,2,20,0,0,1,1,1,1785536259
2026-07-31T22:23:45Z,1011,7,2,10,2,0,1,1,1,1785534899
2026-07-31T22:23:45Z,1012,5,3,16,2,0,1,1,1,1785536314
2026-07-31T22:23:45Z,1013,4,1,18,1,0,1,1,1,1785535054
2026-07-31T22:23:45Z,1014,9,4,14,0,0,1,1,1,1785535022
2026-07-31T22:23:45Z,1015,4,3,26,1,0,1,1,1,1785535377
2026-07-31T22:23:45Z,1016,10,5,21,0,0,1,1,1,1785536274
2026-07-31T22:23:45Z,1017,13,5,8,0,0,1,1,1,1785535705
2026-07-31T22:23:45Z,1018,6,2,16,0,0,1,1,1,1785536393
2026-07-31T22:23:45Z,1019,8,5,7,0,0,1,1,1,1785536250
2026-07-31T22:23:45Z,1020,19,5,2,0,0,1,1,1,1785535570
2026-07-31T22:23:45Z,1021,9,4,6,0,0,1,1,1,1785535240
2026-07-31T22:23:45Z,1022,14,0,13,0,0,1,1,1,1785536529
2026-07-31T22:23:45Z,1023,14,2,9,0,0,1,1,1,1785536148
2026-07-31T22:23:45Z,1024,3,1,16,0,0,1,1,1,1785535292
2026-07-31T22:23:45Z,1025,4,0,14,0,1,1,1,1,1785536514
2026-07-31T22:23:45Z,1026,11,9,19,1,0,1,1,1,1785535880
2026-07-31T22:23:45Z,1028,3,1,20,0,0,1,1,1,1785536487
2026-07-31T22:23:45Z,1029,11,9,4,0,0,1,1,1,1785535805
2026-07-31T22:23:45Z,1030,13,4,10,0,0,1,1,1,1785535366
2026-07-31T22:23:45Z,1031,9,1,10,0,0,1,1,1,1785535670
2026-07-31T22:23:45Z,1032,7,1,12,0,0,1,1,1,1785536341
2026-07-31T22:23:45Z,1033,9,5,10,0,0,1,1,1,1785535351
2026-07-31T22:23:45Z,1034,3,0,12,0,0,1,1,1,1785536319
2026-07-31T22:23:45Z,1035,1,0,17,1,0,1,1,1,1785536345
2026-07-31T22:23:45Z,1036,13,0,2,0,0,1,1,1,1785535952
2026-07-31T22:23:45Z,1037,1,1,18,0,0,1,1,1,1785536559
2026-07-31T22:23:45Z,1038,1,0,14,0,0,1,1,1,1785536008
2026-07-31T22:23:45Z,1039,7,0,12,0,0,1,1,1,1785536492
2026-07-31T22:23:45Z,1040,8,5,11,0,0,1,1,1,1785536396
2026-07-31T22:23:45Z,1041,10,2,9,0,0,1,1,1,1785536261
2026-07-31T22:23:45Z,1042,3,0,11,1,0,1,1,1,1785536568
2026-07-31T22:23:45Z,1043,9,5,10,0,0,1,1,1,1785536423
2026-07-31T22:23:45Z,1044,1,0,14,0,0,1,1,1,1785536064
2026-07-31T22:23:45Z,1045,10,0,9,0,0,1,1,1,1785536327
2026-07-31T22:23:45Z,1046,9,0,6,0,0,1,1,1,1785535695
2026-07-31T22:23:45Z,1047,4,0,17,0,0,1,1,1,1785535298
2026-07-31T22:23:45Z,1048,1,0,18,0,0,1,1,1,1785536303
2026-07-31T22:23:45Z,1049,2,0,19,0,0,1,1,1,1785536410
2026-07-31T22:23:45Z,1050,20,5,1,0,0,1,1,1,1785535697
2026-07-31T22:23:45Z,1051,9,4,12,0,0,1,1,1,1785535566
2026-07-31T22:23:45Z,1052,17,1,4,1,0,1,1,1,1785536552
2026-07-31T22:23:45Z,1053,2,1,13,0,0,1,1,1,1785536201
2026-07-31T22:23:45Z,1054,7,2,8,0,0,1,1,1,1785536449
2026-07-31T22:23:45Z,1055,10,1,9,0,0,1,1,1,1785536538
2026-07-31T22:23:45Z,1057,3,1,16,0,0,1,1,1,1785536450
2026-07-31T22:23:45Z,1058,6,1,50,0,0,1,1,1,1785536616
2026-07-31T22:23:45Z,1059,2,2,16,1,0,1,1,1,1785536322
2026-07-31T22:23:45Z,1060,18,1,18,1,0,1,1,1,1785536483
2026-07-31T22:23:45Z,1061,16,0,21,0,0,1,1,1,1785534845
2026-07-31T22:23:45Z,1062,7,0,10,0,0,1,1,1,1785536594
2026-07-31T22:23:45Z,1063,12,1,6,1,0,1,1,1,1785536384
2026-07-31T22:23:45Z,1064,3,0,19,1,0,1,1,1,1785534939
2026-07-31T22:23:45Z,1065,14,3,9,0,0,1,1,1,1785536367
2026-07-31T22:23:45Z,1066,11,2,12,0,0,1,1,1,1785535448
2026-07-31T22:23:45Z,1067,8,1,13,2,0,1,1,1,1785536616
2026-07-31T22:23:45Z,1068,5,2,15,3,0,1,1,1,1785534822
2026-07-31T22:23:45Z,1069,12,3,11,0,0,1,1,1,1785534818
2026-07-31T22:23:45Z,1070,11,1,12,0,0,1,1,1,1785535631
2026-07-31T22:23:45Z,1071,8,4,15,0,0,1,1,1,1785534957
2026-07-31T22:23:45Z,1072,11,1,11,1,0,1,1,1,1785535358
2026-07-31T22:23:45Z,1073,12,0,14,1,0,1,1,1,1785536425
2026-07-31T22:23:45Z,1074,35,2,17,1,0,1,1,1,1785536570
2026-07-31T22:23:45Z,1075,8,8,13,0,0,1,1,1,1785535668
2026-07-31T22:23:45Z,1076,13,10,8,0,0,1,1,1,1785536502
2026-07-31T22:23:45Z,1077,12,7,9,0,0,1,1,1,1785535599
2026-07-31T22:23:45Z,1078,11,8,10,0,0,1,1,1,1785535626
2026-07-31T22:23:45Z,1079,14,10,7,0,0,1,1,1,1785536245
2026-07-31T22:23:45Z,1080,11,8,8,2,0,1,1,1,1785536174
2026-07-31T22:23:45Z,1081,14,8,5,0,0,1,1,1,1785535604
2026-07-31T22:23:45Z,1082,11,11,12,0,0,1,1,1,1785536248
2026-07-31T22:23:45Z,1083,12,11,9,0,0,1,1,1,1785536516
2026-07-31T22:23:45Z,1084,9,7,12,0,0,1,1,1,1785536131
2026-07-31T22:23:45Z,1085,12,9,9,0,0,1,1,1,1785536418
2026-07-31T22:23:45Z,1086,11,9,9,1,0,1,1,1,1785536540
2026-07-31T22:23:45Z,1087,8,7,7,0,0,1,1,1,1785536466
2026-07-31T22:23:45Z,1088,10,7,5,0,0,1,1,1,1785536384
2026-07-31T22:23:45Z,1089,7,3,8,0,0,1,1,1,1785529453
2026-07-31T22:23:45Z,1090,6,5,9,0,0,1,1,1,1785535317
2026-07-31T22:23:45Z,1091,7,5,8,0,0,1,1,1,1785535517
2026-07-31T22:23:45Z,1092,9,8,5,1,0,1,1,1,1785535193
2026-07-31T22:23:45Z,1093,5,5,9,1,0,1,1,1,1785535585
2026-07-31T22:23:45Z,1094,10,9,9,0,0,1,1,1,1785536335
2026-07-31T22:23:45Z,1095,10,8,5,0,0,1,1,1,1785536309
2026-07-31T22:23:45Z,1096,10,9,9,0,0,1,1,1,1785535955
2026-07-31T22:23:45Z,1097,8,8,7,0,0,1,1,1,1785535086
2026-07-31T22:23:45Z,1098,9,7,10,0,0,1,1,1,1785535942
2026-07-31T22:23:45Z,1099,7,6,8,0,0,1,1,1,1785536170
2026-07-31T22:23:45Z,1100,6,4,23,0,0,1,1,1,1785532207
2026-07-31T22:23:45Z,1101,10,5,11,0,0,1,1,1,1785536098
2026-07-31T22:23:45Z,1102,9,4,4,0,0,1,1,1,1785535294
2026-07-31T22:23:45Z,1103,11,5,10,0,0,1,1,1,1785503681
2026-07-31T22:23:45Z,1104,11,6,10,0,0,1,1,1,1785535849
2026-07-31T22:23:45Z,1105,7,3,6,0,0,1,1,1,1785535176
2026-07-31T22:23:45Z,1106,10,5,11,0,0,1,1,1,1785536191
2026-07-31T22:23:45Z,1107,9,5,6,0,0,1,1,1,1785536430
2026-07-31T22:23:45Z,1108,9,5,15,2,1,1,1,1,1785535221
2026-07-31T22:23:45Z,1109,7,3,8,0,0,1,1,1,1785536371
2026-07-31T22:23:45Z,1110,12,3,9,0,0,1,1,1,1785536044
2026-07-31T22:23:45Z,1111,9,3,11,1,0,1,1,1,1785536601
2026-07-31T22:23:45Z,1112,29,1,24,0,0,1,1,1,1785536135
2026-07-31T22:23:45Z,1113,0,0,21,0,0,1,1,1,1785536563
2026-07-31T22:23:45Z,1115,14,1,5,4,0,1,1,1,1785535100
2026-07-31T22:23:45Z,1116,2,0,17,0,0,1,1,1,1785536361
2026-07-31T22:23:45Z,1117,4,1,18,1,0,1,1,1,1785536252
2026-07-31T22:23:45Z,1118,16,0,5,0,0,1,1,1,1785536349
2026-07-31T22:23:45Z,1119,6,1,11,0,0,1,1,1,1785535537
2026-07-31T22:23:45Z,1120,7,1,11,1,0,1,1,1,1785536451
2026-07-31T22:23:45Z,1121,11,1,9,1,0,1,1,1,1785535798
2026-07-31T22:23:45Z,1122,2,1,18,1,0,1,1,1,1785535801
2026-07-31T22:23:45Z,1123,12,8,9,2,0,1,1,1,1785536618
2026-07-31T22:23:45Z,1124,6,2,8,1,0,1,1,1,1785536316
2026-07-31T22:23:45Z,1125,18,1,5,0,0,1,1,1,1785536529
2026-07-31T22:23:45Z,1126,5,2,16,0,0,1,1,1,1785536303
2026-07-31T22:23:45Z,1127,6,2,13,0,0,1,1,1,1785534863
2026-07-31T22:23:45Z,1128,2,2,13,0,0,1,1,1,1785536325
2026-07-31T22:23:45Z,1129,2,0,17,2,0,1,1,1,1785536452
2026-07-31T22:23:45Z,1130,10,0,5,0,0,1,1,1,1785536505
2026-07-31T22:23:45Z,1131,1,1,47,1,0,1,1,1,1785535622
2026-07-31T22:23:45Z,1132,10,4,10,1,0,1,1,1,1785536288
2026-07-31T22:23:45Z,1133,6,4,13,2,0,1,1,1,1785536180
2026-07-31T22:23:45Z,1134,12,6,7,0,0,1,1,1,1785535058
2026-07-31T22:23:45Z,1135,12,6,9,0,0,1,1,1,1785535996
2026-07-31T22:23:45Z,1136,18,1,5,0,0,1,1,1,1785536574
2026-07-31T22:23:45Z,1137,9,1,6,0,0,1,1,1,1785536526
2026-07-31T22:23:45Z,1138,4,0,15,0,0,1,1,1,1785536441
2026-07-31T22:23:45Z,1139,11,3,9,1,0,1,1,1,1785535877
2026-07-31T22:23:45Z,1140,1,0,20,2,0,1,1,1,1785536494
2026-07-31T22:23:45Z,1141,0,0,20,1,0,1,1,1,1785536427
2026-07-31T22:23:45Z,1142,3,0,18,0,0,1,1,1,1785535188
2026-07-31T22:23:45Z,1143,24,0,4,1,0,1,1,1,1785536604
2026-07-31T22:23:45Z,1144,8,0,12,1,0,1,1,1,1785535914
2026-07-31T22:23:45Z,1145,11,5,9,1,0,1,1,1,1785534956
2026-07-31T22:23:45Z,1146,1,0,16,2,0,1,1,1,1785536546
2026-07-31T22:23:45Z,1147,13,0,6,0,0,1,1,1,1785536620
2026-07-31T22:23:45Z,1148,7,0,24,0,0,1,1,1,1785536539
2026-07-31T22:23:45Z,1149,1,1,19,5,0,1,1,1,1785536087
2026-07-31T22:23:45Z,1150,1,0,18,0,0,1,1,1,1785536188
2026-07-31T22:23:45Z,1151,7,0,14,0,0,1,1,1,1785536362
2026-07-31T22:23:45Z,1152,0,0,29,0,0,1,1,1,1785536465
2026-07-31T22:23:45Z,1153,19,0,3,1,0,1,1,1,1785536374
2026-07-31T22:23:45Z,1154,4,0,15,0,0,1,1,1,1785536224
2026-07-31T22:23:45Z,1155,9,4,9,3,0,1,1,1,1785536405
2026-07-31T22:23:45Z,1158,3,1,16,0,0,1,1,1,1785536245
2026-07-31T22:23:45Z,1159,14,2,5,0,0,1,1,1,1785536608
2026-07-31T22:23:45Z,1160,7,2,12,0,0,1,1,1,1785535212
2026-07-31T22:23:45Z,1161,3,0,15,1,0,1,1,1,1785534927
2026-07-31T22:23:45Z,1162,3,0,16,0,0,1,1,1,1785535184
2026-07-31T22:23:45Z,1163,4,3,14,1,0,1,1,1,1785536569
2026-07-31T22:23:45Z,1164,5,1,14,0,0,1,1,1,1785536423
2026-07-31T22:23:45Z,1165,1,0,20,0,0,1,1,1,1785535353
2026-07-31T22:23:45Z,1166,13,3,7,1,0,1,1,1,1785534892
2026-07-31T22:23:45Z,1167,4,0,11,0,0,1,1,1,1785536092
2026-07-31T22:23:45Z,1168,3,0,18,2,0,1,1,1,1785534846
2026-07-31T22:23:45Z,1169,3,0,15,1,0,1,1,1,1785536269
2026-07-31T22:23:45Z,1170,6,1,15,0,0,1,1,1,1785535400
2026-07-31T22:23:45Z,1171,9,8,14,0,0,1,1,1,1785536374
2026-07-31T22:23:45Z,1172,5,0,8,2,0,1,1,1,1785536418
2026-07-31T22:23:45Z,1173,13,4,6,0,0,1,1,1,1785536527
2026-07-31T22:23:45Z,1174,3,1,12,0,0,1,1,1,1785536168
2026-07-31T22:23:45Z,1175,4,2,15,0,0,1,1,1,1785535612
2026-07-31T22:23:45Z,1176,8,2,13,0,0,1,1,1,1785535758
2026-07-31T22:23:45Z,1177,4,2,17,0,0,1,1,1,1785535688
2026-07-31T22:23:45Z,1178,5,2,10,0,0,1,1,1,1785536087
2026-07-31T22:23:45Z,1181,12,1,3,0,0,1,1,1,1785536413
2026-07-31T22:23:45Z,1182,17,4,2,1,0,1,1,1,1785536540
2026-07-31T22:23:45Z,1183,14,0,29,2,0,1,1,1,1785536505
2026-07-31T22:23:45Z,1184,4,4,14,3,0,1,1,1,1785536398
2026-07-31T22:23:45Z,1185,10,6,11,0,0,1,1,1,1785535824
2026-07-31T22:23:45Z,1186,9,5,10,0,0,1,1,1,1785534982
2026-07-31T22:23:45Z,1187,10,5,10,1,0,1,1,1,1785535211
2026-07-31T22:23:45Z,1188,10,5,5,0,0,1,1,1,1785536427
2026-07-31T22:23:45Z,1189,8,3,11,0,0,1,1,1,1785536560
2026-07-31T22:23:45Z,1190,9,4,12,0,0,1,1,1,1785535978
2026-07-31T22:23:45Z,1191,10,5,5,0,0,1,1,1,1785536431
2026-07-31T22:23:45Z,1192,11,7,9,1,0,1,1,1,1785536344
2026-07-31T22:23:45Z,1193,6,4,5,2,0,1,1,1,1785535384
2026-07-31T22:23:45Z,1197,9,6,7,1,0,1,1,1,1785536553
2026-07-31T22:23:45Z,1198,13,4,6,2,0,1,1,1,1785535051
2026-07-31T22:23:45Z,1199,3,0,16,0,0,1,1,1,1785535037
2026-07-31T22:23:45Z,1200,9,5,6,0,0,1,1,1,1785536471
2026-07-31T22:23:45Z,1201,9,4,6,0,0,1,1,1,1785536442
2026-07-31T22:23:45Z,1202,10,5,5,0,0,1,1,1,1785536542
2026-07-31T22:23:45Z,1203,11,5,4,0,0,1,1,1,1785536450
2026-07-31T22:23:45Z,1204,6,3,13,0,0,1,1,1,1785536298
2026-07-31T22:23:45Z,1206,11,5,10,0,0,1,1,1,1785535469
2026-07-31T22:23:45Z,1207,8,4,6,1,0,1,1,1,1785534946
2026-07-31T22:23:45Z,1208,10,4,9,0,0,1,1,1,1785534893
2026-07-31T22:23:45Z,1216,8,0,12,1,0,1,1,1,1785535683
2026-07-31T22:23:45Z,1218,4,0,17,0,0,1,1,1,1785536082
2026-07-31T22:23:45Z,1219,2,1,10,3,0,1,1,1,1785536357
2026-07-31T22:23:45Z,1220,17,6,2,0,0,1,1,1,1785536076
2026-07-31T22:23:45Z,1221,1,1,19,1,0,1,1,1,1785535436
2026-07-31T22:23:45Z,1222,17,1,12,0,0,1,1,1,1785536426
2026-07-31T22:23:45Z,1223,24,0,4,1,0,1,1,1,1785536340
2026-07-31T22:23:45Z,1226,0,0,3,0,0,0,1,1,1781868931
2026-07-31T22:23:45Z,1227,7,0,17,1,0,1,1,1,1785536082
2026-07-31T22:23:45Z,1228,0,0,29,0,0,1,1,1,1785535387
2026-07-31T22:23:45Z,1229,44,0,0,1,0,1,1,1,1785536603
2026-07-31T22:28:45Z,1,2,0,21,0,0,1,1,1,1785536761
2026-07-31T22:28:45Z,2,3,1,21,3,0,1,1,1,1785536885
2026-07-31T22:28:45Z,3,11,0,1,2,0,1,1,1,1785536889
2026-07-31T22:28:45Z,4,19,0,2,1,0,1,1,1,1785536872
2026-07-31T22:28:45Z,5,19,4,2,2,0,1,1,1,1785536609
2026-07-31T22:28:45Z,6,3,0,12,0,0,1,1,1,1785536894
2026-07-31T22:28:45Z,7,13,0,26,0,0,1,1,1,1785536850
2026-07-31T22:28:45Z,8,13,0,30,0,0,1,1,1,1785536698
2026-07-31T22:28:45Z,9,20,5,3,0,0,1,1,1,1785536918
2026-07-31T22:28:45Z,10,3,2,17,3,0,1,1,1,1785536550
2026-07-31T22:28:45Z,11,6,1,11,2,0,1,1,1,1785536723
2026-07-31T22:28:45Z,12,20,0,3,0,0,1,1,1,1785536765
2026-07-31T22:28:45Z,13,22,2,8,0,0,1,1,1,1785536622
2026-07-31T22:28:45Z,14,4,0,38,0,1,1,1,1,1785536781
2026-07-31T22:28:45Z,15,15,0,0,0,0,1,1,1,1785536042
2026-07-31T22:28:45Z,16,1,0,23,2,1,1,1,1,1785536397
2026-07-31T22:28:45Z,17,22,0,4,1,0,1,1,1,1785536849
2026-07-31T22:28:45Z,18,11,0,5,2,0,1,1,1,1785536671
2026-07-31T22:28:45Z,19,12,2,14,1,0,1,1,1,1785536731
2026-07-31T22:28:45Z,20,25,2,10,0,0,1,1,1,1785536883
2026-07-31T22:28:45Z,21,6,0,10,3,0,1,1,1,1785536824
2026-07-31T22:28:45Z,22,21,0,44,0,0,1,1,1,1785536677
2026-07-31T22:28:45Z,23,8,8,23,0,0,1,1,1,1785536629
2026-07-31T22:28:45Z,24,5,1,5,1,0,1,1,1,1785536921
2026-07-31T22:28:45Z,25,77,0,2,2,0,1,1,1,1785536744
2026-07-31T22:28:45Z,26,24,2,3,0,0,1,1,1,1785536877
2026-07-31T22:28:45Z,28,8,0,7,0,0,1,1,1,1785535992
2026-07-31T22:28:45Z,30,17,0,10,2,0,1,1,1,1785536522
2026-07-31T22:28:45Z,31,7,0,10,2,0,1,1,1,1785536808
2026-07-31T22:28:45Z,32,17,0,10,0,0,1,1,1,1785536518
2026-07-31T22:28:45Z,34,17,0,20,0,0,1,1,1,1785536603
2026-07-31T22:28:45Z,35,34,0,12,1,0,1,1,1,1785536906
2026-07-31T22:28:45Z,36,0,0,0,0,0,0,1,1,86400
2026-07-31T22:28:45Z,37,19,3,4,0,0,1,1,1,1785536753
2026-07-31T22:28:45Z,38,0,0,23,0,0,1,1,1,1785536698
2026-07-31T22:28:45Z,39,7,3,32,0,0,1,1,1,1785536911
2026-07-31T22:28:45Z,40,7,0,14,0,0,1,1,1,1785536909
2026-07-31T22:28:45Z,41,17,0,26,0,0,1,1,1,1785536462
2026-07-31T22:28:45Z,42,4,4,27,0,0,1,1,1,1785535440
2026-07-31T22:28:45Z,43,7,2,16,0,0,1,1,1,1785536849
2026-07-31T22:28:45Z,45,4,0,25,0,0,1,1,1,1785535617
2026-07-31T22:28:45Z,46,0,0,30,1,0,1,1,1,1785536861
2026-07-31T22:28:45Z,47,6,0,8,1,0,1,1,1,1785536782
2026-07-31T22:28:45Z,48,19,0,8,0,0,1,1,1,1785536727
2026-07-31T22:28:45Z,49,0,0,19,4,0,1,1,1,1785536922
2026-07-31T22:28:45Z,50,7,5,11,1,0,1,1,1,1785536911
2026-07-31T22:28:45Z,51,39,0,37,1,0,1,1,1,1785536918
2026-07-31T22:28:45Z,52,3,0,21,3,0,1,1,1,1785536906
2026-07-31T22:28:45Z,55,5,0,18,0,0,1,1,1,1785536916
2026-07-31T22:28:45Z,56,12,1,31,0,0,1,1,1,1785536906
2026-07-31T22:28:45Z,57,18,0,9,0,0,1,1,1,1785536909
2026-07-31T22:28:45Z,58,1,1,27,0,0,1,1,1,1785535673
2026-07-31T22:28:45Z,59,7,1,18,2,0,1,1,1,1785536918
2026-07-31T22:28:45Z,61,27,0,12,0,0,1,1,1,1785536529
2026-07-31T22:28:45Z,62,12,8,36,1,0,1,1,1,1785536828
2026-07-31T22:28:45Z,63,13,3,5,1,0,1,1,1,1785536877
2026-07-31T22:28:45Z,64,10,1,5,4,0,1,1,1,1785535815
2026-07-31T22:28:45Z,65,12,4,6,1,0,1,1,1,1785536898
2026-07-31T22:28:45Z,67,14,0,25,0,0,1,1,1,1785536505
2026-07-31T22:28:45Z,68,32,0,4,1,0,1,1,1,1785536808
2026-07-31T22:28:45Z,69,7,0,8,0,0,1,1,1,1785536870
2026-07-31T22:28:45Z,71,11,0,13,3,0,1,1,1,1785536826
2026-07-31T22:28:45Z,72,26,4,1,3,1,1,1,1,1785536801
2026-07-31T22:28:45Z,73,2,1,29,0,0,1,1,1,1785536781
2026-07-31T22:28:45Z,74,0,0,19,0,0,1,1,1,1785536424
2026-07-31T22:28:45Z,75,8,0,23,1,0,1,1,1,1785536746
2026-07-31T22:28:45Z,76,6,0,12,1,0,1,1,1,1785536914
2026-07-31T22:28:45Z,77,18,0,8,1,0,1,1,1,1785536631
2026-07-31T22:28:45Z,78,3,2,20,0,0,1,1,1,1785536873
2026-07-31T22:28:45Z,79,2,1,14,1,0,1,1,1,1785536814
2026-07-31T22:28:45Z,80,18,3,2,3,0,1,1,1,1785536843
2026-07-31T22:28:45Z,81,3,0,28,0,0,1,1,1,1785536759
2026-07-31T22:28:45Z,82,12,9,10,1,0,1,1,1,1785536894
2026-07-31T22:28:45Z,83,6,3,27,2,0,1,1,1,1785536917
2026-07-31T22:28:45Z,84,9,2,18,0,0,1,1,1,1785536860
2026-07-31T22:28:45Z,85,5,0,10,0,0,1,1,1,1785536550
2026-07-31T22:28:45Z,86,9,4,18,0,0,1,1,1,1785536011
2026-07-31T22:28:45Z,87,0,0,19,0,0,1,1,1,1785533075
2026-07-31T22:28:45Z,88,21,0,20,2,0,1,1,1,1785536915
2026-07-31T22:28:45Z,89,17,0,18,0,0,1,1,1,1785536820
2026-07-31T22:28:45Z,90,6,0,11,1,0,1,1,1,1785536832
2026-07-31T22:28:45Z,91,2,0,15,0,0,1,1,1,1785536915
2026-07-31T22:28:45Z,92,1,1,15,3,0,1,1,1,1785536842
2026-07-31T22:28:45Z,93,4,0,19,0,0,1,1,1,1785536539
2026-07-31T22:28:45Z,94,9,0,9,1,0,1,1,1,1785536618
2026-07-31T22:28:45Z,95,4,1,28,2,1,1,1,1,1785536918
2026-07-31T22:28:45Z,96,21,3,8,2,0,1,1,1,1785536682
2026-07-31T22:28:45Z,97,6,1,10,1,0,1,1,1,1785536883
2026-07-31T22:28:45Z,98,27,6,8,0,0,1,1,1,1785536863
2026-07-31T22:28:45Z,99,15,2,0,0,0,1,1,1,1785535229
2026-07-31T22:28:45Z,100,14,2,13,0,0,1,1,1,1785536691
2026-07-31T22:28:45Z,101,13,3,1,1,0,1,1,1,1785536797
2026-07-31T22:28:45Z,102,17,0,5,1,0,1,1,1,1785536831
2026-07-31T22:28:45Z,103,27,0,1,2,0,1,1,1,1785536895
2026-07-31T22:28:45Z,104,12,1,13,2,0,1,1,1,1785536913
2026-07-31T22:28:45Z,105,17,0,2,0,0,1,1,1,1785535842
2026-07-31T22:28:45Z,106,15,0,4,2,0,1,1,1,1785536345
2026-07-31T22:28:45Z,107,17,0,19,1,0,1,1,1,1785536525
2026-07-31T22:28:45Z,108,24,0,10,1,0,1,1,1,1785536893
2026-07-31T22:28:45Z,109,17,0,6,0,0,1,1,1,1785536907
2026-07-31T22:28:45Z,110,18,0,5,0,0,1,1,1,1785536787
2026-07-31T22:28:45Z,111,6,0,30,0,0,1,1,1,1785536636
2026-07-31T22:28:45Z,112,11,0,3,1,0,1,1,1,1785536899
2026-07-31T22:28:45Z,113,5,1,13,1,0,1,1,1,1785536913
2026-07-31T22:28:45Z,114,9,6,20,1,1,1,1,1,1785536904
2026-07-31T22:28:45Z,115,18,10,5,5,0,1,1,1,1785536881
2026-07-31T22:28:45Z,116,9,9,18,0,0,1,1,1,1785536657
2026-07-31T22:28:45Z,118,20,2,0,3,0,1,1,1,1785535497
2026-07-31T22:28:45Z,119,4,0,32,2,0,1,1,1,1785536867
2026-07-31T22:28:45Z,120,1,0,24,2,0,1,1,1,1785536536
2026-07-31T22:28:45Z,121,2,2,15,1,1,1,1,1,1785536920
2026-07-31T22:28:45Z,122,7,0,12,2,0,1,1,1,1785536890
2026-07-31T22:28:45Z,123,2,2,44,1,0,1,1,1,1785536804
2026-07-31T22:28:45Z,124,7,1,28,0,0,1,1,1,1785536655
2026-07-31T22:28:45Z,125,5,1,17,1,0,1,1,1,1785536919
2026-07-31T22:28:45Z,126,16,2,15,0,0,1,1,1,1785536890
2026-07-31T22:28:45Z,127,12,1,21,2,0,1,1,1,1785536662
2026-07-31T22:28:45Z,128,7,0,11,1,0,1,1,1,1785536856
2026-07-31T22:28:45Z,129,4,1,11,4,0,1,1,1,1785536182
2026-07-31T22:28:45Z,130,8,0,9,0,0,1,1,1,1785536919
2026-07-31T22:28:45Z,131,10,5,0,1,0,1,1,1,1785536764
2026-07-31T22:28:45Z,132,6,5,8,0,1,1,1,1,1785536427
2026-07-31T22:28:45Z,134,17,1,2,4,0,1,1,1,1785536689
2026-07-31T22:28:45Z,135,9,5,7,3,0,1,1,1,1785536909
2026-07-31T22:28:45Z,136,1,0,0,21,1,1,1,1,1785536755
2026-07-31T22:28:45Z,137,5,1,13,1,0,1,1,1,1785536777
2026-07-31T22:28:45Z,138,14,0,23,0,0,1,1,1,1785536847
2026-07-31T22:28:45Z,139,3,0,16,0,0,1,1,1,1785536847
2026-07-31T22:28:45Z,140,7,2,15,1,0,1,1,1,1785536922
2026-07-31T22:28:45Z,141,10,4,25,1,0,1,1,1,1785536918
2026-07-31T22:28:45Z,142,1,0,22,0,0,1,1,1,1785536614
2026-07-31T22:28:45Z,143,26,2,5,0,0,1,1,1,1785536717
2026-07-31T22:28:45Z,144,24,2,2,1,0,1,1,1,1785536873
2026-07-31T22:28:45Z,146,2,0,20,1,0,1,1,1,1785536753
2026-07-31T22:28:45Z,147,1,0,15,3,0,1,1,1,1785536501
2026-07-31T22:28:45Z,148,4,1,20,3,0,1,1,1,1785536761
2026-07-31T22:28:45Z,149,1,0,26,0,0,1,1,1,1785536829
2026-07-31T22:28:45Z,150,3,0,30,2,0,1,1,1,1785536819
2026-07-31T22:28:45Z,151,1,0,22,0,0,1,1,1,1785536623
2026-07-31T22:28:45Z,152,7,0,16,3,0,1,1,1,1785536900
2026-07-31T22:28:45Z,153,9,1,17,2,0,1,1,1,1785536915
2026-07-31T22:28:45Z,154,14,2,5,4,0,1,1,1,1785536841
2026-07-31T22:28:45Z,155,6,2,7,1,0,1,1,1,1785536878
2026-07-31T22:28:45Z,156,2,0,17,0,0,1,1,1,1785536273
2026-07-31T22:28:45Z,157,7,0,18,2,0,1,1,1,1785536919
2026-07-31T22:28:45Z,158,10,0,5,1,0,1,1,1,1785536673
2026-07-31T22:28:45Z,159,6,2,13,0,0,1,1,1,1785536428
2026-07-31T22:28:45Z,160,7,1,12,0,0,1,1,1,1785535672
2026-07-31T22:28:45Z,161,15,2,6,1,0,1,1,1,1785536897
2026-07-31T22:28:45Z,162,14,12,11,2,0,1,1,1,1785536748
2026-07-31T22:28:45Z,163,2,0,28,0,1,1,1,1,1785536777
2026-07-31T22:28:45Z,164,24,1,3,0,0,1,1,1,1785536677
2026-07-31T22:28:45Z,165,28,3,2,1,0,1,1,1,1785536904
2026-07-31T22:28:45Z,166,2,2,33,4,0,1,1,1,1785536922
2026-07-31T22:28:45Z,167,5,1,17,1,0,1,1,1,1785535958
2026-07-31T22:28:45Z,168,7,2,19,1,0,1,1,1,1785536888
2026-07-31T22:28:45Z,169,17,6,4,1,1,1,1,1,1785536917
2026-07-31T22:28:45Z,170,10,1,8,1,0,1,1,1,1785536717
2026-07-31T22:28:45Z,171,4,1,7,2,0,1,1,1,1785536751
2026-07-31T22:28:45Z,173,29,1,10,0,0,1,1,1,1785536796
2026-07-31T22:28:45Z,174,0,0,26,0,0,1,1,1,1785536810
2026-07-31T22:28:45Z,175,30,0,0,1,0,1,1,1,1785536742
2026-07-31T22:28:45Z,176,11,3,2,1,1,1,1,1,1785536807
2026-07-31T22:28:45Z,177,2,0,25,0,0,1,1,1,1785536791
2026-07-31T22:28:45Z,178,8,1,4,2,1,1,1,1,1785536921
2026-07-31T22:28:45Z,179,6,0,7,2,0,1,1,1,1785536847
2026-07-31T22:28:45Z,180,1,0,29,0,0,1,1,1,1785535864
2026-07-31T22:28:45Z,181,1,1,14,0,0,1,1,1,1785536827
2026-07-31T22:28:45Z,182,4,3,13,0,0,1,1,1,1785536734
2026-07-31T22:28:45Z,183,5,1,17,1,0,1,1,1,1785536916
2026-07-31T22:28:45Z,184,20,6,2,1,0,1,1,1,1785536896
2026-07-31T22:28:45Z,185,5,5,7,2,1,1,1,1,1785536340
2026-07-31T22:28:45Z,186,3,1,16,0,0,1,1,1,1785536837
2026-07-31T22:28:45Z,187,1,0,26,1,0,1,1,1,1785536904
2026-07-31T22:28:45Z,188,8,2,11,8,0,1,1,1,1785536773
2026-07-31T22:28:45Z,189,9,4,6,0,0,1,1,1,1785536267
2026-07-31T22:28:45Z,190,1,0,21,1,0,1,1,1,1785536627
2026-07-31T22:28:45Z,191,3,2,36,0,0,1,1,1,1785536875
2026-07-31T22:28:45Z,192,4,0,26,1,0,1,1,1,1785536643
2026-07-31T22:28:45Z,193,13,9,1,1,0,1,1,1,1785536886
2026-07-31T22:28:45Z,194,10,4,17,0,0,1,1,1,1785536826
2026-07-31T22:28:45Z,195,0,0,19,0,0,1,1,1,1785536661
2026-07-31T22:28:45Z,196,5,5,21,1,0,1,1,1,1785536853
2026-07-31T22:28:45Z,197,2,0,16,0,1,1,1,1,1785536806
2026-07-31T22:28:45Z,198,7,7,14,2,0,1,1,1,1785536138
2026-07-31T22:28:45Z,199,3,2,10,2,0,1,1,1,1785536799
2026-07-31T22:28:45Z,200,7,5,19,0,0,1,1,1,1785536768
2026-07-31T22:28:45Z,201,6,5,17,0,0,1,1,1,1785536752
2026-07-31T22:28:45Z,202,1,0,26,0,0,1,1,1,1785536718
2026-07-31T22:28:45Z,203,3,3,27,1,0,1,1,1,1785536841
2026-07-31T22:28:45Z,204,14,0,19,2,0,1,1,1,1785536790
2026-07-31T22:28:45Z,205,8,0,19,0,0,1,1,1,1785536762
2026-07-31T22:28:45Z,206,8,4,4,3,0,1,1,1,1785536910
2026-07-31T22:28:45Z,207,19,0,2,0,0,1,1,1,1785536889
2026-07-31T22:28:45Z,208,7,0,22,0,0,1,1,1,1785536162
2026-07-31T22:28:45Z,209,18,2,12,1,0,1,1,1,1785536893
2026-07-31T22:28:45Z,210,12,10,15,0,0,1,1,1,1785536920
2026-07-31T22:28:45Z,211,20,0,2,1,0,1,1,1,1785536771
2026-07-31T22:28:45Z,212,26,3,8,1,0,1,1,1,1785536668
2026-07-31T22:28:45Z,213,12,5,10,1,0,1,1,1,1785536813
2026-07-31T22:28:45Z,214,14,1,30,3,0,1,1,1,1785536920
2026-07-31T22:28:45Z,215,7,2,15,1,0,1,1,1,1785536845
2026-07-31T22:28:45Z,216,7,7,11,1,0,1,1,1,1785536706
2026-07-31T22:28:45Z,217,28,3,0,1,0,1,1,1,1785536673
2026-07-31T22:28:45Z,218,8,7,28,3,0,1,1,1,1785536887
2026-07-31T22:28:45Z,219,22,0,3,1,0,1,1,1,1785536692
2026-07-31T22:28:45Z,220,20,10,21,1,1,1,1,1,1785536731
2026-07-31T22:28:45Z,221,7,2,7,1,0,1,1,1,1785536785
2026-07-31T22:28:45Z,222,3,1,16,0,0,1,1,1,1785536760
2026-07-31T22:28:45Z,223,4,0,28,3,0,1,1,1,1785536916
2026-07-31T22:28:45Z,224,3,1,18,1,0,1,1,1,1785536497
2026-07-31T22:28:45Z,225,1,0,13,5,0,1,1,1,1785536890
2026-07-31T22:28:45Z,226,24,4,4,3,0,1,1,1,1785536908
2026-07-31T22:28:45Z,227,3,2,22,2,0,1,1,1,1785536870
2026-07-31T22:28:45Z,228,0,0,18,1,0,1,1,1,1785536429
2026-07-31T22:28:45Z,230,2,0,24,0,0,1,1,1,1785536689
2026-07-31T22:28:45Z,232,8,2,8,1,0,1,1,1,1785536817
2026-07-31T22:28:45Z,233,18,9,12,1,0,1,1,1,1785536873
2026-07-31T22:28:45Z,234,10,8,3,4,2,1,1,1,1785536031
2026-07-31T22:28:45Z,236,12,2,7,0,0,1,1,1,1785536907
2026-07-31T22:28:45Z,237,3,0,19,1,0,1,1,1,1785536642
2026-07-31T22:28:45Z,239,14,12,12,1,0,1,1,1,1785536871
2026-07-31T22:28:45Z,241,0,0,22,1,0,1,1,1,1785536493
2026-07-31T22:28:45Z,242,3,2,19,1,0,1,1,1,1785536699
2026-07-31T22:28:45Z,243,15,12,14,2,0,1,1,1,1785536788
2026-07-31T22:28:45Z,244,13,0,13,1,0,1,1,1,1785536868
2026-07-31T22:28:45Z,245,3,2,20,0,0,1,1,1,1785536660
2026-07-31T22:28:45Z,246,3,1,19,1,0,1,1,1,1785536702
2026-07-31T22:28:45Z,247,4,4,17,2,0,1,1,1,1785536782
2026-07-31T22:28:45Z,248,6,6,15,2,0,1,1,1,1785536817
2026-07-31T22:28:45Z,249,15,13,3,1,0,1,1,1,1785536817
2026-07-31T22:28:45Z,250,5,0,19,3,0,1,1,1,1785536724
2026-07-31T22:28:45Z,251,12,11,10,5,0,1,1,1,1785536886
2026-07-31T22:28:45Z,253,8,3,11,0,0,1,1,1,1785536854
2026-07-31T22:28:45Z,254,10,2,32,1,0,1,1,1,1785536882
2026-07-31T22:28:45Z,255,11,3,11,0,1,1,1,1,1785536759
2026-07-31T22:28:45Z,256,0,0,22,1,0,1,1,1,1785536786
2026-07-31T22:28:45Z,257,2,1,17,0,0,1,1,1,1785536878
2026-07-31T22:28:45Z,258,13,12,3,3,0,1,1,1,1785536824
2026-07-31T22:28:45Z,259,12,0,10,0,1,1,1,1,1785536845
2026-07-31T22:28:45Z,260,10,6,8,1,0,1,1,1,1785536369
2026-07-31T22:28:45Z,261,0,0,17,1,1,1,1,1,1785536773
2026-07-31T22:28:45Z,262,2,0,20,1,0,1,1,1,1785536716
2026-07-31T22:28:45Z,263,4,4,10,1,0,1,1,1,1785536813
2026-07-31T22:28:45Z,264,1,1,18,0,0,1,1,1,1785536547
2026-07-31T22:28:45Z,265,8,0,7,0,0,1,1,1,1785536585
2026-07-31T22:28:45Z,266,8,8,10,1,0,1,1,1,1785536634
2026-07-31T22:28:45Z,267,9,4,5,1,0,1,1,1,1785531709
2026-07-31T22:28:45Z,268,17,7,5,1,0,1,1,1,1785536590
2026-07-31T22:28:45Z,269,6,4,17,0,0,1,1,1,1785536771
2026-07-31T22:28:45Z,270,15,2,10,2,0,1,1,1,1785536826
2026-07-31T22:28:45Z,271,2,0,15,2,0,1,1,1,1785535694
2026-07-31T22:28:45Z,272,8,1,15,0,0,1,1,1,1785536811
2026-07-31T22:28:45Z,273,7,3,8,0,0,1,1,1,1785536730
2026-07-31T22:28:45Z,274,2,2,16,1,0,1,1,1,1785535618
2026-07-31T22:28:45Z,275,4,0,15,4,0,1,1,1,1785536837
2026-07-31T22:28:45Z,276,3,1,23,1,0,1,1,1,1785536629
2026-07-31T22:28:45Z,277,8,0,11,4,0,1,1,1,1785536887
2026-07-31T22:28:45Z,278,7,7,22,2,0,1,1,1,1785536756
2026-07-31T22:28:45Z,279,5,2,14,0,0,1,1,1,1785536813
2026-07-31T22:28:45Z,280,4,2,25,2,0,1,1,1,1785536836
2026-07-31T22:28:45Z,281,4,0,15,0,0,1,1,1,1785535966
2026-07-31T22:28:45Z,282,9,2,9,0,0,1,1,1,1785536001
2026-07-31T22:28:45Z,283,15,3,20,0,0,1,1,1,1785536869
2026-07-31T22:28:45Z,284,33,6,0,2,0,1,1,1,1785536042
2026-07-31T22:28:45Z,285,5,3,18,0,0,1,1,1,1785534896
2026-07-31T22:28:45Z,286,14,3,8,1,0,1,1,1,1785536822
2026-07-31T22:28:45Z,287,8,1,12,3,0,1,1,1,1785535224
2026-07-31T22:28:45Z,288,5,1,13,1,0,1,1,1,1785536651
2026-07-31T22:28:45Z,289,11,7,12,4,0,1,1,1,1785536899
2026-07-31T22:28:45Z,290,18,0,19,2,0,1,1,1,1785536822
2026-07-31T22:28:45Z,291,14,1,8,1,0,1,1,1,1785536799
2026-07-31T22:28:45Z,292,7,3,16,0,0,1,1,1,1785536797
2026-07-31T22:28:45Z,293,5,3,17,1,0,1,1,1,1785536729
2026-07-31T22:28:45Z,294,8,6,10,4,0,1,1,1,1785536906
2026-07-31T22:28:45Z,297,8,1,9,1,1,1,1,1,1785536882
2026-07-31T22:28:45Z,301,16,0,2,1,0,1,1,1,1785536523
2026-07-31T22:28:45Z,302,22,0,0,1,0,1,1,1,1785535312
2026-07-31T22:28:45Z,303,1,0,18,0,0,1,1,1,1785536371
2026-07-31T22:28:45Z,304,0,0,0,0,0,0,1,1,86400
2026-07-31T22:28:45Z,305,0,0,18,1,0,1,1,1,1785536919
2026-07-31T22:28:45Z,306,8,0,23,1,0,1,1,1,1785535173
2026-07-31T22:28:45Z,307,9,1,14,0,0,1,1,1,1785536885
2026-07-31T22:28:45Z,308,15,3,3,1,0,1,1,1,1785536809
2026-07-31T22:28:45Z,309,3,0,10,1,0,1,1,1,1785536781
2026-07-31T22:28:45Z,311,8,0,6,1,0,1,1,1,1785536823
2026-07-31T22:28:45Z,312,5,5,15,3,0,1,1,1,1785536823
2026-07-31T22:28:45Z,313,2,0,13,0,0,1,1,1,1785535131
2026-07-31T22:28:45Z,314,10,2,8,1,0,1,1,1,1785536736
2026-07-31T22:28:45Z,315,12,5,17,2,0,1,1,1,1785536000
2026-07-31T22:28:45Z,316,4,1,21,5,1,1,1,1,1785536889
2026-07-31T22:28:45Z,317,19,7,11,0,1,1,1,1,1785536744
2026-07-31T22:28:45Z,318,19,4,0,0,0,1,1,1,1785533970
2026-07-31T22:28:45Z,319,9,2,12,2,0,1,1,1,1785536922
2026-07-31T22:28:45Z,320,0,0,18,1,0,1,1,1,1785536607
2026-07-31T22:28:45Z,321,2,0,13,4,0,1,1,1,1785536762
2026-07-31T22:28:45Z,322,20,0,9,0,0,1,1,1,1785536214
2026-07-31T22:28:45Z,323,4,1,14,1,0,1,1,1,1785536777
2026-07-31T22:28:45Z,324,14,0,12,1,0,1,1,1,1785536918
2026-07-31T22:28:45Z,325,2,2,23,2,0,1,1,1,1785535490
2026-07-31T22:28:45Z,327,24,2,1,2,0,1,1,1,1785536684
2026-07-31T22:28:45Z,328,19,0,2,1,0,1,1,1,1785536453
2026-07-31T22:28:45Z,329,5,2,11,3,0,1,1,1,1785535839
2026-07-31T22:28:45Z,330,21,0,0,1,0,1,1,1,1785536867
2026-07-31T22:28:45Z,331,19,1,2,2,0,1,1,1,1785536814
2026-07-31T22:28:45Z,332,4,3,14,1,0,1,1,1,1785536697
2026-07-31T22:28:45Z,333,4,4,18,1,0,1,1,1,1785536905
2026-07-31T22:28:45Z,334,5,0,17,1,0,1,1,1,1785535605
2026-07-31T22:28:45Z,335,6,2,16,0,1,1,1,1,1785536389
2026-07-31T22:28:45Z,336,3,2,16,0,0,1,1,1,1785536867
2026-07-31T22:28:45Z,337,4,3,15,4,0,1,1,1,1785536901
2026-07-31T22:28:45Z,338,0,0,19,0,0,1,1,1,1785536714
2026-07-31T22:28:45Z,339,4,3,16,3,0,1,1,1,1785536693
2026-07-31T22:28:45Z,340,2,2,12,1,0,1,1,1,1785536863
2026-07-31T22:28:45Z,341,8,1,11,0,0,1,1,1,1785536866
2026-07-31T22:28:45Z,342,5,1,9,1,0,1,1,1,1785536427
2026-07-31T22:28:45Z,343,7,3,15,1,0,1,1,1,1785536493
2026-07-31T22:28:45Z,344,5,1,18,0,0,1,1,1,1785536702
2026-07-31T22:28:45Z,345,18,4,1,0,0,1,1,1,1785536756
2026-07-31T22:28:45Z,346,2,2,21,0,0,1,1,1,1785536380
2026-07-31T22:28:45Z,347,20,2,20,4,0,1,1,1,1785536914
2026-07-31T22:28:45Z,348,9,1,13,0,1,1,1,1,1785536709
2026-07-31T22:28:45Z,349,12,1,7,0,0,1,1,1,1785536369
2026-07-31T22:28:45Z,350,3,1,22,1,1,1,1,1,1785536792
2026-07-31T22:28:45Z,351,1,1,20,2,0,1,1,1,1785536617
2026-07-31T22:28:45Z,355,10,2,13,0,0,1,1,1,1785535459
2026-07-31T22:28:45Z,356,9,3,10,0,0,1,1,1,1785536330
2026-07-31T22:28:45Z,357,5,2,13,1,0,1,1,1,1785536831
2026-07-31T22:28:45Z,358,20,2,6,1,0,1,1,1,1785536917
2026-07-31T22:28:45Z,359,11,0,16,0,0,1,1,1,1785536843
2026-07-31T22:28:45Z,360,3,1,16,0,0,1,1,1,1785536895
2026-07-31T22:28:45Z,362,1,1,15,3,0,1,1,1,1785536918
2026-07-31T22:28:45Z,363,19,3,8,0,0,1,1,1,1785536716
2026-07-31T22:28:45Z,364,1,0,18,0,0,1,1,1,1785535849
2026-07-31T22:28:45Z,365,0,0,19,4,0,1,1,1,1785536737
2026-07-31T22:28:45Z,366,2,1,20,1,0,1,1,1,1785536535
2026-07-31T22:28:45Z,367,4,2,13,2,0,1,1,1,1785535003
2026-07-31T22:28:45Z,368,5,1,17,1,0,1,1,1,1785536603
2026-07-31T22:28:45Z,370,9,3,18,0,0,1,1,1,1785534955
2026-07-31T22:28:45Z,371,3,3,15,1,0,1,1,1,1785536010
2026-07-31T22:28:45Z,372,10,0,5,0,0,1,1,1,1785536166
2026-07-31T22:28:45Z,373,0,0,26,1,0,1,1,1,1785534676
2026-07-31T22:28:45Z,374,0,0,18,1,0,1,1,1,1785536653
2026-07-31T22:28:45Z,375,0,0,26,1,0,1,1,1,1785536284
2026-07-31T22:28:45Z,376,2,1,35,2,0,1,1,1,1785536919
2026-07-31T22:28:45Z,377,8,2,17,2,0,1,1,1,1785536893
2026-07-31T22:28:45Z,378,1,0,21,1,1,1,1,1,1785536885
2026-07-31T22:28:45Z,379,20,3,3,4,0,1,1,1,1785536912
2026-07-31T22:28:45Z,380,3,1,20,0,0,1,1,1,1785536918
2026-07-31T22:28:45Z,381,14,0,9,0,0,1,1,1,1785536639
2026-07-31T22:28:45Z,383,11,2,2,2,0,1,1,1,1785536700
2026-07-31T22:28:45Z,384,4,0,20,3,0,1,1,1,1785536309
2026-07-31T22:28:45Z,385,4,1,13,1,0,1,1,1,1785536614
2026-07-31T22:28:45Z,387,3,1,20,0,0,1,1,1,1785536428
2026-07-31T22:28:45Z,388,35,3,11,3,0,1,1,1,1785536854
2026-07-31T22:28:45Z,389,3,2,11,1,0,1,1,1,1785536220
2026-07-31T22:28:45Z,390,16,1,18,1,0,1,1,1,1785536763
2026-07-31T22:28:45Z,391,5,3,10,0,0,1,1,1,1785535483
2026-07-31T22:28:45Z,392,2,2,15,2,0,1,1,1,1785536864
2026-07-31T22:28:45Z,393,1,1,6,4,0,1,1,1,1785534996
2026-07-31T22:28:45Z,394,6,1,5,2,0,1,1,1,1785536862
2026-07-31T22:28:45Z,396,1,1,41,0,0,1,1,1,1785536783
2026-07-31T22:28:45Z,397,11,7,20,0,0,1,1,1,1785536912
2026-07-31T22:28:45Z,399,0,0,15,2,0,1,1,1,1785536019
2026-07-31T22:28:45Z,400,14,9,7,2,0,1,1,1,1785536557
2026-07-31T22:28:45Z,401,8,0,23,8,0,1,1,1,1785536881
2026-07-31T22:28:45Z,403,20,5,7,4,0,1,1,1,1785536741
2026-07-31T22:28:45Z,404,5,2,17,1,0,1,1,1,1785536652
2026-07-31T22:28:45Z,406,4,2,29,2,0,1,1,1,1785536897
2026-07-31T22:28:45Z,407,13,0,20,1,0,1,1,1,1785536910
2026-07-31T22:28:45Z,408,3,3,26,4,0,1,1,1,1785536903
2026-07-31T22:28:45Z,409,14,2,5,4,0,1,1,1,1785535992
2026-07-31T22:28:45Z,413,9,3,13,1,0,1,1,1,1785536482
2026-07-31T22:28:45Z,414,7,0,8,0,0,1,1,1,1785536882
2026-07-31T22:28:45Z,417,3,1,15,1,0,1,1,1,1785536792
2026-07-31T22:28:45Z,418,5,4,10,0,0,1,1,1,1785535459
2026-07-31T22:28:45Z,419,13,1,10,0,0,1,1,1,1785533166
2026-07-31T22:28:45Z,421,13,0,6,0,0,1,1,1,1785536780
2026-07-31T22:28:45Z,422,13,1,14,0,0,1,1,1,1785536706
2026-07-31T22:28:45Z,423,0,0,23,0,0,1,1,1,1785536407
2026-07-31T22:28:45Z,424,8,4,4,2,1,1,1,1,1785536358
2026-07-31T22:28:45Z,425,0,0,21,0,1,1,1,1,1785536730
2026-07-31T22:28:45Z,426,1,0,34,2,0,1,1,1,1785536917
2026-07-31T22:28:45Z,427,11,2,1,3,0,1,1,1,1785536792
2026-07-31T22:28:45Z,428,15,0,4,0,0,1,1,1,1785536692
2026-07-31T22:28:45Z,429,16,5,6,1,0,1,1,1,1785536748
2026-07-31T22:28:45Z,430,9,1,19,3,0,1,1,1,1785536817
2026-07-31T22:28:45Z,431,3,0,29,1,0,1,1,1,1785536819
2026-07-31T22:28:45Z,432,0,0,30,1,0,0,1,1,1785508564
2026-07-31T22:28:45Z,433,5,2,15,3,0,1,1,1,1785536681
2026-07-31T22:28:45Z,437,5,2,10,4,0,1,1,1,1785536911
2026-07-31T22:28:45Z,438,4,1,14,1,0,1,1,1,1785536807
2026-07-31T22:28:45Z,439,13,4,2,0,0,1,1,1,1785536882
2026-07-31T22:28:45Z,440,11,2,3,1,0,1,1,1,1785536764
2026-07-31T22:28:45Z,441,3,1,10,2,0,1,1,1,1785536872
2026-07-31T22:28:45Z,442,11,3,6,2,0,1,1,1,1785535999
2026-07-31T22:28:45Z,443,5,2,22,0,0,1,1,1,1785512432
2026-07-31T22:28:45Z,444,1,1,22,0,0,1,1,1,1785535180
2026-07-31T22:28:45Z,445,6,2,16,1,0,1,1,1,1785536726
2026-07-31T22:28:45Z,446,2,0,21,0,0,1,1,1,1785533737
2026-07-31T22:28:45Z,447,3,0,18,1,1,1,1,1,1785534024
2026-07-31T22:28:45Z,448,7,0,7,1,0,1,1,1,1785530120
2026-07-31T22:28:45Z,452,8,5,10,1,0,1,1,1,1785536695
2026-07-31T22:28:45Z,453,2,1,10,3,0,1,1,1,1785536700
2026-07-31T22:28:45Z,454,18,0,1,0,0,1,1,1,1785536699
2026-07-31T22:28:45Z,455,29,2,9,1,0,1,1,1,1785536875
2026-07-31T22:28:45Z,456,17,1,2,1,0,1,1,1,1785536797
2026-07-31T22:28:45Z,457,5,4,21,1,0,1,1,1,1785536916
2026-07-31T22:28:45Z,458,4,2,17,2,0,1,1,1,1785536907
2026-07-31T22:28:45Z,459,13,1,2,0,0,1,1,1,1785536816
2026-07-31T22:28:45Z,460,17,1,5,1,0,1,1,1,1785536863
2026-07-31T22:28:45Z,461,10,0,8,1,0,1,1,1,1785536860
2026-07-31T22:28:45Z,462,17,1,4,0,0,1,1,1,1785536854
2026-07-31T22:28:45Z,463,8,0,11,0,0,1,1,1,1785534777
2026-07-31T22:28:45Z,464,1,0,13,0,0,1,1,1,1785536607
2026-07-31T22:28:45Z,465,3,3,12,0,0,1,1,1,1785535718
2026-07-31T22:28:45Z,466,6,2,3,6,0,1,1,1,1785534500
2026-07-31T22:28:45Z,467,0,0,19,0,0,1,1,1,1785536420
2026-07-31T22:28:45Z,468,1,0,17,1,0,1,1,1,1785534756
2026-07-31T22:28:45Z,469,4,1,19,0,0,1,1,1,1785536835
2026-07-31T22:28:45Z,470,2,0,11,2,0,1,1,1,1785536766
2026-07-31T22:28:45Z,471,24,3,3,0,0,1,1,1,1785535393
2026-07-31T22:28:45Z,472,9,2,7,3,0,1,1,1,1785536899
2026-07-31T22:28:45Z,473,8,0,11,0,0,1,1,1,1785535578
2026-07-31T22:28:45Z,474,7,2,11,1,0,1,1,1,1785536046
2026-07-31T22:28:45Z,475,4,2,14,1,0,1,1,1,1785536921
2026-07-31T22:28:45Z,477,6,0,9,0,0,1,1,1,1785535814
2026-07-31T22:28:45Z,478,27,0,4,0,0,1,1,1,1785536851
2026-07-31T22:28:45Z,479,6,0,19,2,0,1,1,1,1785536112
2026-07-31T22:28:45Z,480,5,1,9,1,0,1,1,1,1785536486
2026-07-31T22:28:45Z,481,14,0,20,1,0,1,1,1,1785536880
2026-07-31T22:28:45Z,482,2,1,17,0,0,1,1,1,1785536193
2026-07-31T22:28:45Z,483,3,0,22,2,0,1,1,1,1785536919
2026-07-31T22:28:45Z,484,1,0,16,2,0,1,1,1,1785536883
2026-07-31T22:28:45Z,485,13,5,5,0,1,1,1,1,1785536832
2026-07-31T22:28:45Z,486,4,1,21,2,0,1,1,1,1785536767
2026-07-31T22:28:45Z,487,9,6,7,3,0,1,1,1,1785536849
2026-07-31T22:28:45Z,489,6,3,9,0,0,1,1,1,1785536779
2026-07-31T22:28:45Z,490,13,1,3,0,0,1,1,1,1785536182
2026-07-31T22:28:45Z,491,8,2,12,1,0,1,1,1,1785535993
2026-07-31T22:28:45Z,492,2,1,6,3,0,1,1,1,1785536921
2026-07-31T22:28:45Z,493,20,1,7,0,0,1,1,1,1785535312
2026-07-31T22:28:45Z,495,10,0,4,1,0,1,1,1,1785536672
2026-07-31T22:28:45Z,496,9,1,18,0,0,1,1,1,1785536805
2026-07-31T22:28:45Z,497,1,0,17,0,0,1,1,1,1785536919
2026-07-31T22:28:45Z,498,3,2,19,1,0,1,1,1,1785536788
2026-07-31T22:28:45Z,499,2,0,16,1,0,1,1,1,1785536006
2026-07-31T22:28:45Z,500,2,0,10,3,0,1,1,1,1785536628
2026-07-31T22:28:45Z,501,10,1,11,0,0,1,1,1,1785536821
2026-07-31T22:28:45Z,502,1,0,16,2,0,1,1,1,1785533820
2026-07-31T22:28:45Z,503,7,1,23,1,0,1,1,1,1785536879
2026-07-31T22:28:45Z,504,1,0,36,2,0,1,1,1,1785536914
2026-07-31T22:28:45Z,505,4,0,7,1,0,1,1,1,1785536246
2026-07-31T22:28:45Z,511,3,2,20,0,0,1,1,1,1785533768
2026-07-31T22:28:45Z,512,10,0,17,0,0,1,1,1,1785536828
2026-07-31T22:28:45Z,514,3,2,7,1,0,1,1,1,1785536594
2026-07-31T22:28:45Z,515,6,2,13,0,0,1,1,1,1785536835
2026-07-31T22:28:45Z,516,2,0,24,1,0,1,1,1,1785536891
2026-07-31T22:28:45Z,517,11,3,12,0,0,1,1,1,1785536479
2026-07-31T22:28:45Z,518,5,0,9,1,0,1,1,1,1785533962
2026-07-31T22:28:45Z,519,6,4,12,1,0,1,1,1,1785535628
2026-07-31T22:28:45Z,520,20,6,0,6,1,1,1,1,1785536921
2026-07-31T22:28:45Z,521,4,3,19,0,0,1,1,1,1785535813
2026-07-31T22:28:45Z,522,14,5,7,2,0,1,1,1,1785536897
2026-07-31T22:28:45Z,523,11,5,11,1,0,1,1,1,1785536008
2026-07-31T22:28:45Z,524,13,0,10,0,0,1,1,1,1785536903
2026-07-31T22:28:45Z,525,12,0,7,0,0,1,1,1,1785536834
2026-07-31T22:28:45Z,526,7,4,8,0,0,1,1,1,1785535838
2026-07-31T22:28:45Z,527,15,12,10,1,0,1,1,1,1785536893
2026-07-31T22:28:45Z,528,19,2,2,2,0,1,1,1,1785536526
2026-07-31T22:28:45Z,529,8,4,5,6,0,1,1,1,1785536922
2026-07-31T22:28:45Z,530,11,0,7,3,0,1,1,1,1785536820
2026-07-31T22:28:45Z,531,15,1,7,0,1,1,1,1,1785536882
2026-07-31T22:28:45Z,532,4,4,26,1,0,1,1,1,1785536286
2026-07-31T22:28:45Z,533,11,0,7,1,0,1,1,1,1785536752
2026-07-31T22:28:45Z,534,5,1,18,0,0,1,1,1,1785536737
2026-07-31T22:28:45Z,535,0,0,15,0,0,1,1,1,1785536563
2026-07-31T22:28:45Z,536,11,0,12,0,0,1,1,1,1785536179
2026-07-31T22:28:45Z,537,1,1,19,0,0,1,1,1,1785536603
2026-07-31T22:28:45Z,538,10,1,11,0,2,1,1,1,1785536609
2026-07-31T22:28:45Z,539,2,1,29,0,0,1,1,1,1785536130
2026-07-31T22:28:45Z,540,6,2,13,0,0,1,1,1,1785536527
2026-07-31T22:28:45Z,541,4,1,23,0,0,1,1,1,1785536916
2026-07-31T22:28:45Z,542,1,0,22,0,0,1,1,1,1785536909
2026-07-31T22:28:45Z,543,0,0,18,1,0,1,1,1,1785536559
2026-07-31T22:28:45Z,544,10,4,8,4,0,1,1,1,1785536910
2026-07-31T22:28:45Z,545,13,2,1,5,0,1,1,1,1785536872
2026-07-31T22:28:45Z,546,2,2,17,0,0,1,1,1,1785536526
2026-07-31T22:28:45Z,547,14,1,11,0,0,1,1,1,1785536459
2026-07-31T22:28:45Z,548,7,2,15,1,0,1,1,1,1785536624
2026-07-31T22:28:45Z,549,15,1,7,1,0,1,1,1,1785536907
2026-07-31T22:28:45Z,550,2,2,17,0,0,1,1,1,1785535592
2026-07-31T22:28:45Z,551,1,0,21,1,0,1,1,1,1785536761
2026-07-31T22:28:45Z,552,4,1,23,0,0,1,1,1,1785536784
2026-07-31T22:28:45Z,553,1,0,20,2,0,1,1,1,1785536748
2026-07-31T22:28:45Z,554,3,1,15,1,0,1,1,1,1785536897
2026-07-31T22:28:45Z,555,8,1,6,1,0,1,1,1,1785534856
2026-07-31T22:28:45Z,556,8,1,13,2,0,1,1,1,1785536632
2026-07-31T22:28:45Z,557,0,0,21,2,0,1,1,1,1785536364
2026-07-31T22:28:45Z,558,31,13,5,1,0,1,1,1,1785536876
2026-07-31T22:28:45Z,559,4,0,14,1,0,1,1,1,1785536864
2026-07-31T22:28:45Z,560,20,1,6,1,0,1,1,1,1785536873
2026-07-31T22:28:45Z,561,6,1,13,4,0,1,1,1,1785536914
2026-07-31T22:28:45Z,562,5,0,23,7,0,1,1,1,1785536908
2026-07-31T22:28:45Z,563,4,0,9,1,0,1,1,1,1785536021
2026-07-31T22:28:45Z,564,4,1,14,1,0,1,1,1,1785536920
2026-07-31T22:28:45Z,565,5,1,13,1,0,1,1,1,1785536654
2026-07-31T22:28:45Z,566,10,0,8,1,0,1,1,1,1785536762
2026-07-31T22:28:45Z,567,18,1,4,5,0,1,1,1,1785536781
2026-07-31T22:28:45Z,568,7,0,11,1,0,1,1,1,1785536060
2026-07-31T22:28:45Z,569,11,0,6,2,0,1,1,1,1785536288
2026-07-31T22:28:45Z,570,7,1,11,1,0,1,1,1,1785536898
2026-07-31T22:28:45Z,571,5,0,18,0,0,1,1,1,1785535551
2026-07-31T22:28:45Z,572,8,0,11,0,0,1,1,1,1785536505
2026-07-31T22:28:45Z,573,15,3,0,0,0,1,1,1,1785536620
2026-07-31T22:28:45Z,574,4,2,11,0,0,1,1,1,1785536564
2026-07-31T22:28:45Z,575,7,0,13,1,0,1,1,1,1785536868
2026-07-31T22:28:45Z,576,2,0,17,0,0,1,1,1,1785536902
2026-07-31T22:28:45Z,577,26,0,5,0,0,1,1,1,1785536533
2026-07-31T22:28:45Z,578,3,0,19,1,0,1,1,1,1785536868
2026-07-31T22:28:45Z,579,9,1,34,0,0,1,1,1,1785536883
2026-07-31T22:28:45Z,580,3,0,26,0,0,1,1,1,1785536844
2026-07-31T22:28:45Z,581,19,3,0,0,0,1,1,1,1785536794
2026-07-31T22:28:45Z,582,22,0,37,2,0,1,1,1,1785536910
2026-07-31T22:28:45Z,583,4,0,18,1,0,1,1,1,1785536885
2026-07-31T22:28:45Z,584,1,0,14,4,0,1,1,1,1785535753
2026-07-31T22:28:45Z,585,1,0,25,0,1,1,1,1,1785536736
2026-07-31T22:28:45Z,586,6,0,29,0,0,1,1,1,1785536761
2026-07-31T22:28:45Z,587,13,2,9,2,0,1,1,1,1785536815
2026-07-31T22:28:45Z,588,7,3,9,2,1,1,1,1,1785536769
2026-07-31T22:28:45Z,589,5,0,17,0,0,1,1,1,1785536858
2026-07-31T22:28:45Z,590,10,0,20,1,0,1,1,1,1785536915
2026-07-31T22:28:45Z,591,0,0,28,2,0,1,1,1,1785536810
2026-07-31T22:28:45Z,592,6,0,17,0,0,1,1,1,1785536455
2026-07-31T22:28:45Z,593,16,0,22,0,0,1,1,1,1785536792
2026-07-31T22:28:45Z,594,2,1,17,2,0,1,1,1,1785536503
2026-07-31T22:28:45Z,595,0,0,3,0,0,0,1,1,1784046673
2026-07-31T22:28:45Z,605,0,0,2,1,0,0,1,1,1783975843
2026-07-31T22:28:45Z,606,0,0,0,0,0,0,1,1,86400
2026-07-31T22:28:45Z,607,5,4,24,3,0,1,1,1,1785536848
2026-07-31T22:28:45Z,608,37,2,13,0,0,1,1,1,1785536732
2026-07-31T22:28:45Z,609,3,1,20,0,0,1,1,1,1785536863
2026-07-31T22:28:45Z,610,5,0,30,0,0,1,1,1,1785536705
2026-07-31T22:28:45Z,611,6,0,20,1,0,1,1,1,1785536879
2026-07-31T22:28:45Z,612,8,1,7,0,0,1,1,1,1785533466
2026-07-31T22:28:45Z,613,12,4,0,3,0,1,1,1,1785530289
2026-07-31T22:28:45Z,614,0,0,24,2,1,1,1,1,1785536731
2026-07-31T22:28:45Z,617,10,1,3,2,0,1,1,1,1785536422
2026-07-31T22:28:45Z,618,12,1,1,6,0,1,1,1,1785536738
2026-07-31T22:28:45Z,619,7,4,12,0,0,1,1,1,1785536588
2026-07-31T22:28:45Z,620,13,2,14,0,0,1,1,1,1785536859
2026-07-31T22:28:45Z,621,3,2,20,0,0,1,1,1,1785536882
2026-07-31T22:28:45Z,622,9,1,13,1,0,1,1,1,1785536757
2026-07-31T22:28:45Z,623,17,5,13,0,0,1,1,1,1785536858
2026-07-31T22:28:45Z,624,0,0,15,0,0,1,1,1,1785534424
2026-07-31T22:28:45Z,625,15,3,1,5,0,1,1,1,1785536842
2026-07-31T22:28:45Z,626,41,0,4,0,2,1,1,1,1785536906
2026-07-31T22:28:45Z,627,16,4,3,0,0,1,1,1,1785536905
2026-07-31T22:28:45Z,628,5,4,12,1,1,1,1,1,1785536822
2026-07-31T22:28:45Z,629,2,1,7,2,0,1,1,1,1785536649
2026-07-31T22:28:45Z,630,1,0,22,4,0,1,1,1,1785536756
2026-07-31T22:28:45Z,631,3,3,20,0,0,1,1,1,1785536521
2026-07-31T22:28:45Z,632,16,1,5,2,0,1,1,1,1785536892
2026-07-31T22:28:45Z,633,11,3,1,3,0,1,1,1,1785530006
2026-07-31T22:28:45Z,634,11,1,8,0,0,1,1,1,1785534984
2026-07-31T22:28:45Z,635,16,1,3,0,0,1,1,1,1785536443
2026-07-31T22:28:45Z,636,7,2,8,0,0,1,1,1,1785526430
2026-07-31T22:28:45Z,637,6,2,11,2,0,1,1,1,1785535251
2026-07-31T22:28:45Z,638,7,2,10,2,0,1,1,1,1785536396
2026-07-31T22:28:45Z,639,11,2,6,2,0,1,1,1,1785536472
2026-07-31T22:28:45Z,640,11,7,10,2,0,1,1,1,1785536907
2026-07-31T22:28:45Z,641,10,0,17,0,0,1,1,1,1785536675
2026-07-31T22:28:45Z,642,4,3,7,8,0,1,1,1,1785536922
2026-07-31T22:28:45Z,643,4,0,15,8,0,1,1,1,1785536919
2026-07-31T22:28:45Z,644,13,1,1,1,0,1,1,1,1785533615
2026-07-31T22:28:45Z,645,15,1,6,1,1,1,1,1,1785535419
2026-07-31T22:28:45Z,646,4,1,15,0,0,1,1,1,1785533859
2026-07-31T22:28:45Z,647,8,0,23,0,0,1,1,1,1785536755
2026-07-31T22:28:45Z,648,2,0,16,1,0,1,1,1,1785535473
2026-07-31T22:28:45Z,649,21,0,9,1,0,1,1,1,1785536741
2026-07-31T22:28:45Z,650,5,1,9,0,0,1,1,1,1785535619
2026-07-31T22:28:45Z,651,8,7,15,0,0,1,1,1,1785536037
2026-07-31T22:28:45Z,652,4,1,16,3,0,1,1,1,1785536908
2026-07-31T22:28:45Z,653,1,1,17,1,0,1,1,1,1785536038
2026-07-31T22:28:45Z,654,1,1,13,1,0,1,1,1,1785536920
2026-07-31T22:28:45Z,655,8,4,0,4,1,1,1,1,1785536699
2026-07-31T22:28:45Z,656,0,0,18,1,0,1,1,1,1785536741
2026-07-31T22:28:45Z,657,11,4,2,2,2,1,1,1,1785536760
2026-07-31T22:28:45Z,658,9,1,1,0,0,1,1,1,1785533651
2026-07-31T22:28:45Z,659,7,5,6,2,0,1,1,1,1785535916
2026-07-31T22:28:45Z,660,14,3,12,5,0,1,1,1,1785536774
2026-07-31T22:28:45Z,661,7,2,12,0,0,1,1,1,1785536792
2026-07-31T22:28:45Z,662,6,2,13,4,0,1,1,1,1785536777
2026-07-31T22:28:45Z,663,6,0,9,0,0,1,1,1,1785536689
2026-07-31T22:28:45Z,664,12,0,14,1,0,1,1,1,1785536892
2026-07-31T22:28:45Z,665,7,4,8,0,0,1,1,1,1785536900
2026-07-31T22:28:45Z,666,7,2,5,3,0,1,1,1,1785536590
2026-07-31T22:28:45Z,667,17,2,0,2,0,1,1,1,1785536866
2026-07-31T22:28:45Z,668,9,2,10,0,0,1,1,1,1785536886
2026-07-31T22:28:45Z,669,6,3,6,2,0,1,1,1,1785536506
2026-07-31T22:28:45Z,670,15,0,11,1,0,1,1,1,1785536884
2026-07-31T22:28:45Z,671,16,3,8,3,0,1,1,1,1785536914
2026-07-31T22:28:45Z,672,7,0,12,3,1,1,1,1,1785536202
2026-07-31T22:28:45Z,673,11,0,12,0,0,1,1,1,1785536847
2026-07-31T22:28:45Z,674,0,0,21,2,0,1,1,1,1785536871
2026-07-31T22:28:45Z,675,3,1,10,2,0,1,1,1,1785536040
2026-07-31T22:28:45Z,676,8,0,12,2,0,1,1,1,1785536920
2026-07-31T22:28:45Z,681,11,4,3,0,1,1,1,1,1785536830
2026-07-31T22:28:45Z,682,6,1,13,0,0,1,1,1,1785534288
2026-07-31T22:28:45Z,683,1,1,18,0,0,1,1,1,1785527602
2026-07-31T22:28:45Z,684,4,1,23,0,0,1,1,1,1785535557
2026-07-31T22:28:45Z,685,6,0,19,1,1,1,1,1,1785535602
2026-07-31T22:28:45Z,686,11,0,13,3,0,1,1,1,1785536811
2026-07-31T22:28:45Z,687,13,1,16,1,1,1,1,1,1785536837
2026-07-31T22:28:45Z,688,12,1,7,0,0,1,1,1,1785534682
2026-07-31T22:28:45Z,692,0,0,21,0,0,1,1,1,1785536629
2026-07-31T22:28:45Z,693,6,0,2,3,0,1,1,1,1785536064
2026-07-31T22:28:45Z,694,8,3,13,0,0,1,1,1,1785535932
2026-07-31T22:28:45Z,695,1,1,21,1,0,1,1,1,1785536141
2026-07-31T22:28:45Z,696,15,13,8,0,0,1,1,1,1785536312
2026-07-31T22:28:45Z,697,22,5,0,1,0,1,1,1,1785536564
2026-07-31T22:28:45Z,698,13,5,14,0,0,1,1,1,1785536918
2026-07-31T22:28:45Z,699,5,1,9,1,0,1,1,1,1785536613
2026-07-31T22:28:45Z,700,16,1,2,1,0,1,1,1,1785536671
2026-07-31T22:28:45Z,701,16,4,2,1,0,1,1,1,1785536507
2026-07-31T22:28:45Z,702,4,4,19,0,0,1,1,1,1785536654
2026-07-31T22:28:45Z,704,4,0,10,1,0,1,1,1,1785535418
2026-07-31T22:28:45Z,705,1,0,14,0,0,1,1,1,1785536699
2026-07-31T22:28:45Z,706,3,1,10,2,0,1,1,1,1785536670
2026-07-31T22:28:45Z,707,7,1,8,0,0,1,1,1,1785536573
2026-07-31T22:28:45Z,708,13,1,5,1,0,1,1,1,1785536874
2026-07-31T22:28:45Z,709,5,0,8,2,0,1,1,1,1785536679
2026-07-31T22:28:45Z,710,3,0,15,1,0,1,1,1,1785536108
2026-07-31T22:28:45Z,711,7,0,13,3,0,1,1,1,1785536829
2026-07-31T22:28:45Z,712,5,5,9,1,0,1,1,1,1785536854
2026-07-31T22:28:45Z,713,3,1,20,0,0,1,1,1,1785536867
2026-07-31T22:28:45Z,716,4,3,11,0,0,1,1,1,1785536364
2026-07-31T22:28:45Z,717,2,1,21,2,0,1,1,1,1785536894
2026-07-31T22:28:45Z,718,4,1,9,2,0,1,1,1,1785536740
2026-07-31T22:28:45Z,719,4,0,25,0,0,1,1,1,1785535688
2026-07-31T22:28:45Z,720,0,0,19,0,0,1,1,1,1785536630
2026-07-31T22:28:45Z,721,4,0,17,2,0,1,1,1,1785536779
2026-07-31T22:28:45Z,722,7,1,8,0,0,1,1,1,1785536406
2026-07-31T22:28:45Z,723,14,2,9,0,0,1,1,1,1785536628
2026-07-31T22:28:45Z,724,6,3,16,1,0,1,1,1,1785536824
2026-07-31T22:28:45Z,725,2,0,20,1,0,1,1,1,1785536256
2026-07-31T22:28:45Z,726,6,0,12,1,0,1,1,1,1785536631
2026-07-31T22:28:45Z,727,10,5,12,1,0,1,1,1,1785535669
2026-07-31T22:28:45Z,728,9,0,5,1,0,1,1,1,1785535120
2026-07-31T22:28:45Z,729,3,0,16,0,0,1,1,1,1785536773
2026-07-31T22:28:45Z,730,0,0,12,3,0,1,1,1,1785535718
2026-07-31T22:28:45Z,731,3,3,10,2,0,1,1,1,1785536679
2026-07-31T22:28:45Z,732,4,2,11,0,0,1,1,1,1785535877
2026-07-31T22:28:45Z,733,20,3,7,0,0,1,1,1,1785536827
2026-07-31T22:28:45Z,734,1,0,13,0,0,1,1,1,1785536396
2026-07-31T22:28:45Z,735,24,9,3,0,0,1,1,1,1785536867
2026-07-31T22:28:45Z,736,13,1,6,0,0,1,1,1,1785536664
2026-07-31T22:28:45Z,737,2,1,12,0,1,1,1,1,1785535348
2026-07-31T22:28:45Z,738,15,4,4,0,0,1,1,1,1785536765
2026-07-31T22:28:45Z,739,17,0,9,1,0,1,1,1,1785536877
2026-07-31T22:28:45Z,741,6,0,17,0,0,1,1,1,1785535431
2026-07-31T22:28:45Z,742,12,9,21,2,0,1,1,1,1785536921
2026-07-31T22:28:45Z,743,5,2,14,0,0,1,1,1,1785536885
2026-07-31T22:28:45Z,744,9,3,6,0,0,1,1,1,1785536851
2026-07-31T22:28:45Z,745,10,4,9,0,0,1,1,1,1785536157
2026-07-31T22:28:45Z,746,3,0,19,1,0,1,1,1,1785536857
2026-07-31T22:28:45Z,747,0,0,4,0,0,0,1,1,1783446606
2026-07-31T22:28:45Z,748,8,0,15,0,0,1,1,1,1785536451
2026-07-31T22:28:45Z,749,5,0,18,0,0,1,1,1,1785536369
2026-07-31T22:28:45Z,750,9,5,1,1,0,1,1,1,1785536645
2026-07-31T22:28:45Z,751,21,15,2,0,0,1,1,1,1785536750
2026-07-31T22:28:45Z,752,0,0,16,1,0,1,1,1,1785535541
2026-07-31T22:28:45Z,753,5,0,9,1,0,1,1,1,1785536856
2026-07-31T22:28:45Z,754,4,1,11,0,0,1,1,1,1785536461
2026-07-31T22:28:45Z,755,16,4,6,1,0,1,1,1,1785536260
2026-07-31T22:28:45Z,756,4,3,32,1,0,1,1,1,1785536902
2026-07-31T22:28:45Z,757,7,2,12,0,0,1,1,1,1785536360
2026-07-31T22:28:45Z,758,3,2,20,0,0,1,1,1,1785536914
2026-07-31T22:28:45Z,759,0,0,0,0,0,1,1,1,86400
2026-07-31T22:28:45Z,760,9,2,10,0,0,1,1,1,1785531870
2026-07-31T22:28:45Z,761,1,1,22,0,0,1,1,1,1785536870
2026-07-31T22:28:45Z,762,4,2,6,5,0,1,1,1,1785536702
2026-07-31T22:28:45Z,768,7,0,8,4,0,1,1,1,1785535781
2026-07-31T22:28:45Z,769,16,8,2,1,0,1,1,1,1785536843
2026-07-31T22:28:45Z,770,9,2,8,2,0,1,1,1,1785535552
2026-07-31T22:28:45Z,771,12,1,2,1,0,1,1,1,1785536656
2026-07-31T22:28:45Z,772,1,0,14,0,0,1,1,1,1785535370
2026-07-31T22:28:45Z,773,17,2,2,0,0,1,1,1,1785535299
2026-07-31T22:28:45Z,774,5,1,6,4,0,1,1,1,1785535774
2026-07-31T22:28:45Z,775,5,1,12,1,1,1,1,1,1785536592
2026-07-31T22:28:45Z,776,2,0,18,1,0,1,1,1,1785535889
2026-07-31T22:28:45Z,777,11,2,4,0,0,1,1,1,1785536806
2026-07-31T22:28:45Z,778,13,0,6,0,0,1,1,1,1785535287
2026-07-31T22:28:45Z,779,6,0,12,1,0,1,1,1,1785536367
2026-07-31T22:28:45Z,780,6,0,12,1,0,1,1,1,1785536793
2026-07-31T22:28:45Z,781,3,1,6,2,0,1,1,1,1785535975
2026-07-31T22:28:45Z,782,0,0,15,4,0,1,1,1,1785536897
2026-07-31T22:28:45Z,783,7,3,12,0,0,1,1,1,1785536127
2026-07-31T22:28:45Z,784,9,2,10,0,0,1,1,1,1785536026
2026-07-31T22:28:45Z,785,9,2,4,6,0,1,1,1,1785536410
2026-07-31T22:28:45Z,786,9,5,10,0,0,1,1,1,1785536018
2026-07-31T22:28:45Z,787,4,3,10,1,0,1,1,1,1785536811
2026-07-31T22:28:45Z,788,6,1,9,0,0,1,1,1,1785536610
2026-07-31T22:28:45Z,789,6,2,5,4,0,1,1,1,1785536812
2026-07-31T22:28:45Z,790,4,0,18,1,0,1,1,1,1785536446
2026-07-31T22:28:45Z,791,7,0,11,0,1,1,1,1,1785536759
2026-07-31T22:28:45Z,793,4,0,10,1,0,1,1,1,1785535121
2026-07-31T22:28:45Z,794,2,0,25,2,0,1,1,1,1785536896
2026-07-31T22:28:45Z,796,6,3,12,1,0,1,1,1,1785536831
2026-07-31T22:28:45Z,797,4,0,11,0,0,1,1,1,1785536236
2026-07-31T22:28:45Z,798,15,1,9,1,0,1,1,1,1785536795
2026-07-31T22:28:45Z,799,15,2,0,4,0,1,1,1,1785536794
2026-07-31T22:28:45Z,800,1,1,19,1,0,1,1,1,1785536789
2026-07-31T22:28:45Z,801,2,1,18,1,0,1,1,1,1785536887
2026-07-31T22:28:45Z,802,7,0,24,0,0,1,1,1,1785536349
2026-07-31T22:28:45Z,803,1,0,14,0,0,1,1,1,1785536577
2026-07-31T22:28:45Z,806,7,3,7,1,0,1,1,1,1785536197
2026-07-31T22:28:45Z,807,8,4,14,3,0,1,1,1,1785535714
2026-07-31T22:28:45Z,808,13,0,9,3,0,1,1,1,1785535844
2026-07-31T22:28:45Z,809,4,1,18,1,0,1,1,1,1785536839
2026-07-31T22:28:45Z,810,3,1,14,2,0,1,1,1,1785536328
2026-07-31T22:28:45Z,815,5,2,5,4,1,1,1,1,1785536907
2026-07-31T22:28:45Z,817,10,5,5,0,0,1,1,1,1785536118
2026-07-31T22:28:45Z,818,6,1,17,0,0,1,1,1,1785535652
2026-07-31T22:28:45Z,819,7,4,8,0,0,1,1,1,1785532837
2026-07-31T22:28:45Z,820,10,0,6,1,0,1,1,1,1785536408
2026-07-31T22:28:45Z,821,4,3,11,0,0,1,1,1,1785536905
2026-07-31T22:28:45Z,822,4,1,18,1,0,1,1,1,1785536887
2026-07-31T22:28:45Z,823,15,0,0,0,0,1,1,1,1785536700
2026-07-31T22:28:45Z,824,15,8,4,0,0,1,1,1,1785536920
2026-07-31T22:28:45Z,825,6,4,8,1,0,1,1,1,1785536125
2026-07-31T22:28:45Z,826,7,0,10,2,0,1,1,1,1785535988
2026-07-31T22:28:45Z,827,16,4,3,2,0,1,1,1,1785536702
2026-07-31T22:28:45Z,828,11,0,5,2,0,1,1,1,1785536083
2026-07-31T22:28:45Z,829,18,7,9,0,0,1,1,1,1785536306
2026-07-31T22:28:45Z,830,14,0,8,1,0,1,1,1,1785536298
2026-07-31T22:28:45Z,831,4,3,9,2,0,1,1,1,1785536338
2026-07-31T22:28:45Z,832,7,3,8,3,0,1,1,1,1785536522
2026-07-31T22:28:45Z,833,5,1,13,1,0,1,1,1,1785536407
2026-07-31T22:28:45Z,834,23,0,0,1,0,1,1,1,1785536717
2026-07-31T22:28:45Z,835,4,3,12,2,0,1,1,1,1785536446
2026-07-31T22:28:45Z,838,8,4,6,1,0,1,1,1,1785536890
2026-07-31T22:28:45Z,839,14,3,15,0,0,1,1,1,1785536896
2026-07-31T22:28:45Z,840,0,0,28,1,0,1,1,1,1785535908
2026-07-31T22:28:45Z,841,8,2,7,0,0,1,1,1,1785536322
2026-07-31T22:28:45Z,842,1,0,22,0,0,1,1,1,1785536260
2026-07-31T22:28:45Z,843,14,2,17,0,0,1,1,1,1785536651
2026-07-31T22:28:45Z,844,4,0,19,0,0,1,1,1,1785536539
2026-07-31T22:28:45Z,845,5,3,12,2,0,1,1,1,1785536604
2026-07-31T22:28:45Z,846,4,2,14,1,0,1,1,1,1785535742
2026-07-31T22:28:45Z,847,6,1,20,1,0,1,1,1,1785535653
2026-07-31T22:28:45Z,848,3,3,15,1,0,1,1,1,1785536822
2026-07-31T22:28:45Z,849,7,0,7,1,0,1,1,1,1785536022
2026-07-31T22:28:45Z,850,7,0,4,0,0,1,1,1,1785536861
2026-07-31T22:28:45Z,851,3,2,31,3,0,1,1,1,1785536233
2026-07-31T22:28:45Z,852,10,4,9,0,0,1,1,1,1785536823
2026-07-31T22:28:45Z,853,11,5,12,0,0,1,1,1,1785535452
2026-07-31T22:28:45Z,854,0,0,15,0,0,1,1,1,1785536320
2026-07-31T22:28:45Z,855,23,0,4,0,0,1,1,1,1785536652
2026-07-31T22:28:45Z,857,7,5,10,2,0,1,1,1,1785536650
2026-07-31T22:28:45Z,858,5,2,13,1,0,1,1,1,1785536871
2026-07-31T22:28:45Z,859,8,0,12,1,0,1,1,1,1785535366
2026-07-31T22:28:45Z,861,6,0,4,1,0,1,1,1,1785528609
2026-07-31T22:28:45Z,862,3,2,12,0,0,1,1,1,1785536760
2026-07-31T22:28:45Z,863,14,1,4,1,0,1,1,1,1785534680
2026-07-31T22:28:45Z,866,13,1,6,0,0,1,1,1,1785536758
2026-07-31T22:28:45Z,867,14,2,1,0,0,1,1,1,1785535970
2026-07-31T22:28:45Z,868,7,0,8,0,0,1,1,1,1785536225
2026-07-31T22:28:45Z,870,7,4,8,0,0,1,1,1,1785536839
2026-07-31T22:28:45Z,871,0,0,10,1,0,1,1,1,1785535773
2026-07-31T22:28:45Z,872,1,0,13,1,0,1,1,1,1785536362
2026-07-31T22:28:45Z,873,4,1,27,2,0,1,1,1,1785536755
2026-07-31T22:28:45Z,874,6,3,6,3,0,1,1,1,1785536524
2026-07-31T22:28:45Z,875,12,8,1,2,0,1,1,1,1785536587
2026-07-31T22:28:45Z,877,13,12,6,0,0,1,1,1,1785536059
2026-07-31T22:28:45Z,878,3,3,16,0,0,1,1,1,1785536629
2026-07-31T22:28:45Z,879,2,0,17,0,0,1,1,1,1785535662
2026-07-31T22:28:45Z,880,1,0,21,1,0,1,1,1,1785536589
2026-07-31T22:28:45Z,881,3,0,16,0,0,1,1,1,1785536494
2026-07-31T22:28:45Z,882,9,3,9,1,0,1,1,1,1785534469
2026-07-31T22:28:45Z,883,7,3,12,0,0,1,1,1,1785536679
2026-07-31T22:28:45Z,884,11,7,10,0,0,1,1,1,1785536082
2026-07-31T22:28:45Z,885,0,0,19,0,0,1,1,1,1785536292
2026-07-31T22:28:45Z,886,0,0,27,2,0,1,1,1,1785536880
2026-07-31T22:28:45Z,887,7,0,6,4,0,1,1,1,1785536724
2026-07-31T22:28:45Z,888,10,0,28,3,0,1,1,1,1785536884
2026-07-31T22:28:45Z,889,6,0,11,2,0,1,1,1,1785536677
2026-07-31T22:28:45Z,890,8,4,7,0,0,1,1,1,1785535414
2026-07-31T22:28:45Z,891,18,0,4,1,0,1,1,1,1785536522
2026-07-31T22:28:45Z,892,10,0,5,0,0,1,1,1,1785536903
2026-07-31T22:28:45Z,895,2,0,17,0,0,1,1,1,1785536824
2026-07-31T22:28:45Z,896,7,2,28,0,0,1,1,1,1785534764
2026-07-31T22:28:45Z,897,15,0,6,0,0,1,1,1,1785536530
2026-07-31T22:28:45Z,898,2,0,17,0,0,1,1,1,1785536203
2026-07-31T22:28:45Z,899,6,0,12,1,0,1,1,1,1785536788
2026-07-31T22:28:45Z,900,8,0,18,1,0,1,1,1,1785536828
2026-07-31T22:28:45Z,901,4,0,14,1,0,1,1,1,1785536920
2026-07-31T22:28:45Z,902,5,1,10,0,0,1,1,1,1785536104
2026-07-31T22:28:45Z,903,7,2,11,1,0,1,1,1,1785535695
2026-07-31T22:28:45Z,904,10,4,8,1,0,1,1,1,1785536609
2026-07-31T22:28:45Z,905,14,2,12,1,0,1,1,1,1785536557
2026-07-31T22:28:45Z,906,13,7,14,0,0,1,1,1,1785536284
2026-07-31T22:28:45Z,907,3,0,26,2,0,1,1,1,1785536922
2026-07-31T22:28:45Z,908,12,2,11,0,0,1,1,1,1785536626
2026-07-31T22:28:45Z,909,6,6,17,0,0,1,1,1,1785536823
2026-07-31T22:28:45Z,910,19,1,10,2,0,1,1,1,1785536871
2026-07-31T22:28:45Z,911,4,1,15,0,0,1,1,1,1785536136
2026-07-31T22:28:45Z,912,3,1,19,1,0,1,1,1,1785536920
2026-07-31T22:28:45Z,913,5,3,14,0,0,1,1,1,1785536280
2026-07-31T22:28:45Z,914,12,0,5,2,0,1,1,1,1785536916
2026-07-31T22:28:45Z,915,13,1,7,3,0,1,1,1,1785536849
2026-07-31T22:28:45Z,916,1,0,22,0,0,1,1,1,1785536858
2026-07-31T22:28:45Z,917,5,0,29,1,0,1,1,1,1785536638
2026-07-31T22:28:45Z,918,2,1,14,3,0,1,1,1,1785536910
2026-07-31T22:28:45Z,919,10,0,29,0,0,1,1,1,1785536917
2026-07-31T22:28:45Z,920,7,2,12,0,0,1,1,1,1785536913
2026-07-31T22:28:45Z,921,11,0,10,0,0,1,1,1,1785536303
2026-07-31T22:28:45Z,922,1,1,20,0,0,1,1,1,1785535342
2026-07-31T22:28:45Z,923,5,2,14,0,0,1,1,1,1785536070
2026-07-31T22:28:45Z,924,6,1,14,1,0,1,1,1,1785536372
2026-07-31T22:28:45Z,925,11,0,10,0,0,1,1,1,1785536822
2026-07-31T22:28:45Z,926,2,0,19,0,0,1,1,1,1785536893
2026-07-31T22:28:45Z,927,21,2,14,0,0,1,1,1,1785535766
2026-07-31T22:28:45Z,928,0,0,19,0,0,0,1,1,1785500252
2026-07-31T22:28:45Z,929,10,1,13,0,0,1,1,1,1785536484
2026-07-31T22:28:45Z,930,10,0,20,1,0,1,1,1,1785536819
2026-07-31T22:28:45Z,931,6,6,16,1,0,1,1,1,1785536897
2026-07-31T22:28:45Z,932,13,0,4,2,0,1,1,1,1785536861
2026-07-31T22:28:45Z,933,4,1,18,1,0,1,1,1,1785536919
2026-07-31T22:28:45Z,934,28,0,2,1,0,1,1,1,1785536894
2026-07-31T22:28:45Z,935,9,0,9,1,0,1,1,1,1785536802
2026-07-31T22:28:45Z,936,6,0,13,0,0,1,1,1,1785536916
2026-07-31T22:28:45Z,940,6,0,4,1,0,1,1,1,1785535758
2026-07-31T22:28:45Z,941,17,2,5,3,0,1,1,1,1785536302
2026-07-31T22:28:45Z,942,14,2,7,0,0,1,1,1,1785536589
2026-07-31T22:28:45Z,943,8,8,7,0,0,1,1,1,1785536440
2026-07-31T22:28:45Z,944,10,8,5,0,0,1,1,1,1785536290
2026-07-31T22:28:45Z,945,8,6,7,0,0,1,1,1,1785536922
2026-07-31T22:28:45Z,946,7,5,12,0,0,1,1,1,1785523835
2026-07-31T22:28:45Z,947,5,3,12,0,0,1,1,1,1785536314
2026-07-31T22:28:45Z,948,20,16,7,4,0,1,1,1,1785536756
2026-07-31T22:28:45Z,949,2,2,13,0,0,1,1,1,1785536767
2026-07-31T22:28:45Z,950,4,1,12,1,0,1,1,1,1785536713
2026-07-31T22:28:45Z,951,17,7,6,0,0,1,1,1,1785536609
2026-07-31T22:28:45Z,952,18,1,36,1,0,1,1,1,1785536709
2026-07-31T22:28:45Z,953,6,1,8,1,0,1,1,1,1785536919
2026-07-31T22:28:45Z,954,6,1,13,0,0,1,1,1,1785536911
2026-07-31T22:28:45Z,955,11,7,10,6,0,1,1,1,1785536917
2026-07-31T22:28:45Z,956,11,0,10,2,0,1,1,1,1785536505
2026-07-31T22:28:45Z,957,24,3,5,0,0,1,1,1,1785536645
2026-07-31T22:28:45Z,958,14,0,15,2,0,1,1,1,1785536722
2026-07-31T22:28:45Z,959,6,1,16,1,0,1,1,1,1785536267
2026-07-31T22:28:45Z,960,8,1,15,0,0,1,1,1,1785536900
2026-07-31T22:28:45Z,961,2,1,18,3,0,1,1,1,1785536285
2026-07-31T22:28:45Z,962,7,0,25,3,0,1,1,1,1785536144
2026-07-31T22:28:45Z,963,14,0,8,1,0,1,1,1,1785536909
2026-07-31T22:28:45Z,964,12,9,10,1,0,1,1,1,1785536892
2026-07-31T22:28:45Z,965,11,6,15,1,0,1,1,1,1785536812
2026-07-31T22:28:45Z,966,10,0,20,1,0,1,1,1,1785536516
2026-07-31T22:28:45Z,967,14,0,5,2,0,1,1,1,1785536902
2026-07-31T22:28:45Z,968,14,0,4,1,0,1,1,1,1785536707
2026-07-31T22:28:45Z,969,3,0,22,2,0,1,1,1,1785536876
2026-07-31T22:28:45Z,970,1,1,17,1,0,1,1,1,1785536670
2026-07-31T22:28:45Z,971,0,0,22,1,0,1,1,1,1785536686
2026-07-31T22:28:45Z,972,10,4,12,1,0,1,1,1,1785536329
2026-07-31T22:28:45Z,973,7,0,15,1,0,1,1,1,1785535896
2026-07-31T22:28:45Z,974,14,0,11,2,0,1,1,1,1785536351
2026-07-31T22:28:45Z,977,0,0,19,2,0,1,1,1,1785536568
2026-07-31T22:28:45Z,978,17,0,6,0,0,1,1,1,1785536701
2026-07-31T22:28:45Z,979,0,0,17,0,0,1,1,1,1785536917
2026-07-31T22:28:45Z,980,0,0,20,1,0,1,1,1,1785535940
2026-07-31T22:28:45Z,981,8,0,13,0,0,1,1,1,1785536657
2026-07-31T22:28:45Z,982,3,0,14,2,0,1,1,1,1785536371
2026-07-31T22:28:45Z,983,2,2,21,0,0,1,1,1,1785536841
2026-07-31T22:28:45Z,984,5,0,18,0,0,1,1,1,1785536497
2026-07-31T22:28:45Z,985,2,0,28,1,0,1,1,1,1785536775
2026-07-31T22:28:45Z,986,4,0,15,0,0,1,1,1,1785536372
2026-07-31T22:28:45Z,987,7,1,16,0,0,1,1,1,1785535138
2026-07-31T22:28:45Z,988,6,4,13,0,0,1,1,1,1785536545
2026-07-31T22:28:45Z,989,7,4,12,0,0,1,1,1,1785535526
2026-07-31T22:28:45Z,990,13,1,1,1,0,1,1,1,1785536913
2026-07-31T22:28:45Z,991,9,0,9,1,0,1,1,1,1785536285
2026-07-31T22:28:45Z,992,9,5,14,0,0,1,1,1,1785535353
2026-07-31T22:28:45Z,993,6,4,20,1,0,1,1,1,1785536824
2026-07-31T22:28:45Z,994,0,0,21,0,0,1,1,1,1785535600
2026-07-31T22:28:45Z,995,7,1,20,0,0,1,1,1,1785536630
2026-07-31T22:28:45Z,996,7,2,16,0,0,1,1,1,1785536457
2026-07-31T22:28:45Z,997,14,8,8,1,0,1,1,1,1785536883
2026-07-31T22:28:45Z,998,5,4,18,0,0,1,1,1,1785536715
2026-07-31T22:28:45Z,999,4,1,15,1,1,1,1,1,1785536572
2026-07-31T22:28:45Z,1000,0,0,21,0,0,1,1,1,1785535711
2026-07-31T22:28:45Z,1001,5,3,22,0,0,1,1,1,1785536790
2026-07-31T22:28:45Z,1002,3,2,27,1,0,1,1,1,1785536820
2026-07-31T22:28:45Z,1003,0,0,23,0,0,1,1,1,1785536580
2026-07-31T22:28:45Z,1004,8,2,15,0,0,1,1,1,1785535840
2026-07-31T22:28:45Z,1005,20,1,3,0,0,1,1,1,1785536542
2026-07-31T22:28:45Z,1006,8,4,11,0,0,1,1,1,1785536344
2026-07-31T22:28:45Z,1007,2,1,19,0,0,1,1,1,1785535989
2026-07-31T22:28:45Z,1008,7,6,16,0,0,1,1,1,1785535529
2026-07-31T22:28:45Z,1009,22,5,8,1,0,1,1,1,1785535439
2026-07-31T22:28:45Z,1010,7,2,20,0,0,1,1,1,1785536259
2026-07-31T22:28:45Z,1011,7,2,10,2,0,1,1,1,1785536717
2026-07-31T22:28:45Z,1012,5,3,16,2,0,1,1,1,1785536314
2026-07-31T22:28:45Z,1013,4,1,18,1,0,1,1,1,1785536870
2026-07-31T22:28:45Z,1014,9,4,14,0,0,1,1,1,1785536840
2026-07-31T22:28:45Z,1015,4,3,26,1,0,1,1,1,1785535377
2026-07-31T22:28:45Z,1016,10,5,21,0,0,1,1,1,1785536274
2026-07-31T22:28:45Z,1017,13,5,8,0,0,1,1,1,1785535705
2026-07-31T22:28:45Z,1018,6,2,16,0,0,1,1,1,1785536393
2026-07-31T22:28:45Z,1019,8,5,7,0,0,1,1,1,1785536250
2026-07-31T22:28:45Z,1020,19,5,2,0,0,1,1,1,1785535570
2026-07-31T22:28:45Z,1021,9,4,6,0,0,1,1,1,1785535240
2026-07-31T22:28:45Z,1022,14,0,13,0,0,1,1,1,1785536529
2026-07-31T22:28:45Z,1023,14,2,9,0,0,1,1,1,1785536148
2026-07-31T22:28:45Z,1024,3,1,16,0,0,1,1,1,1785535292
2026-07-31T22:28:45Z,1025,4,0,14,0,1,1,1,1,1785536514
2026-07-31T22:28:45Z,1026,11,9,19,1,0,1,1,1,1785535880
2026-07-31T22:28:45Z,1028,3,1,20,0,0,1,1,1,1785536487
2026-07-31T22:28:45Z,1029,11,9,4,0,0,1,1,1,1785535805
2026-07-31T22:28:45Z,1030,13,4,10,0,0,1,1,1,1785535366
2026-07-31T22:28:45Z,1031,9,1,10,0,0,1,1,1,1785535670
2026-07-31T22:28:45Z,1032,7,1,12,0,0,1,1,1,1785536341
2026-07-31T22:28:45Z,1033,9,5,10,0,0,1,1,1,1785535351
2026-07-31T22:28:45Z,1034,3,0,12,0,0,1,1,1,1785536319
2026-07-31T22:28:45Z,1035,1,0,17,1,0,1,1,1,1785536345
2026-07-31T22:28:45Z,1036,13,0,2,0,0,1,1,1,1785536899
2026-07-31T22:28:45Z,1037,0,0,18,1,0,1,1,1,1785536864
2026-07-31T22:28:45Z,1038,1,0,14,0,0,1,1,1,1785536008
2026-07-31T22:28:45Z,1039,8,0,11,0,0,1,1,1,1785536889
2026-07-31T22:28:45Z,1040,8,5,11,0,0,1,1,1,1785536396
2026-07-31T22:28:45Z,1041,10,2,9,0,0,1,1,1,1785536261
2026-07-31T22:28:45Z,1042,3,0,11,1,0,1,1,1,1785536568
2026-07-31T22:28:45Z,1043,9,5,10,0,0,1,1,1,1785536423
2026-07-31T22:28:45Z,1044,1,0,14,0,0,1,1,1,1785536064
2026-07-31T22:28:45Z,1045,10,0,9,0,0,1,1,1,1785536327
2026-07-31T22:28:45Z,1046,9,0,6,0,0,1,1,1,1785535695
2026-07-31T22:28:45Z,1047,4,0,17,0,0,1,1,1,1785535298
2026-07-31T22:28:45Z,1048,1,0,18,0,0,1,1,1,1785536303
2026-07-31T22:28:45Z,1049,2,0,19,0,0,1,1,1,1785536410
2026-07-31T22:28:45Z,1050,20,5,1,0,0,1,1,1,1785535697
2026-07-31T22:28:45Z,1051,9,4,12,0,0,1,1,1,1785535566
2026-07-31T22:28:45Z,1052,17,1,4,1,0,1,1,1,1785536552
2026-07-31T22:28:45Z,1053,2,1,13,0,0,1,1,1,1785536201
2026-07-31T22:28:45Z,1054,7,2,8,0,0,1,1,1,1785536449
2026-07-31T22:28:45Z,1055,10,1,9,0,0,1,1,1,1785536538
2026-07-31T22:28:45Z,1057,3,1,16,0,0,1,1,1,1785536450
2026-07-31T22:28:45Z,1058,3,1,53,0,0,1,1,1,1785536896
2026-07-31T22:28:45Z,1059,4,2,14,1,0,1,1,1,1785536692
2026-07-31T22:28:45Z,1060,18,1,18,1,0,1,1,1,1785536483
2026-07-31T22:28:45Z,1061,14,0,23,0,0,1,1,1,1785536699
2026-07-31T22:28:45Z,1062,7,0,10,0,0,1,1,1,1785536789
2026-07-31T22:28:45Z,1063,12,1,6,1,0,1,1,1,1785536384
2026-07-31T22:28:45Z,1064,5,0,17,1,0,1,1,1,1785536850
2026-07-31T22:28:45Z,1065,14,3,9,0,0,1,1,1,1785536367
2026-07-31T22:28:45Z,1066,11,2,12,0,0,1,1,1,1785536821
2026-07-31T22:28:45Z,1067,7,1,14,2,0,1,1,1,1785536623
2026-07-31T22:28:45Z,1068,5,2,15,3,0,1,1,1,1785536643
2026-07-31T22:28:45Z,1069,12,3,11,0,0,1,1,1,1785536635
2026-07-31T22:28:45Z,1070,11,1,12,0,0,1,1,1,1785536740
2026-07-31T22:28:45Z,1071,8,4,15,0,0,1,1,1,1785536775
2026-07-31T22:28:45Z,1072,11,1,11,1,0,1,1,1,1785535358
2026-07-31T22:28:45Z,1073,12,0,14,1,0,1,1,1,1785536425
2026-07-31T22:28:45Z,1074,31,1,21,1,0,1,1,1,1785536917
2026-07-31T22:28:45Z,1075,8,8,13,0,0,1,1,1,1785535668
2026-07-31T22:28:45Z,1076,13,10,8,0,0,1,1,1,1785536502
2026-07-31T22:28:45Z,1077,12,7,9,0,0,1,1,1,1785535599
2026-07-31T22:28:45Z,1078,11,8,10,0,0,1,1,1,1785535626
2026-07-31T22:28:45Z,1079,14,10,7,0,0,1,1,1,1785536245
2026-07-31T22:28:45Z,1080,11,8,8,2,0,1,1,1,1785536174
2026-07-31T22:28:45Z,1081,14,8,5,0,0,1,1,1,1785535604
2026-07-31T22:28:45Z,1082,11,11,12,0,0,1,1,1,1785536248
2026-07-31T22:28:45Z,1083,12,11,9,0,0,1,1,1,1785536516
2026-07-31T22:28:45Z,1084,9,7,12,0,0,1,1,1,1785536131
2026-07-31T22:28:45Z,1085,12,9,9,0,0,1,1,1,1785536418
2026-07-31T22:28:45Z,1086,11,9,9,1,0,1,1,1,1785536540
2026-07-31T22:28:45Z,1087,8,7,7,0,0,1,1,1,1785536466
2026-07-31T22:28:45Z,1088,10,7,5,0,0,1,1,1,1785536384
2026-07-31T22:28:45Z,1089,7,3,8,0,0,1,1,1,1785529453
2026-07-31T22:28:45Z,1090,6,5,9,0,0,1,1,1,1785535317
2026-07-31T22:28:45Z,1091,7,5,8,0,0,1,1,1,1785535517
2026-07-31T22:28:45Z,1092,9,8,5,1,0,1,1,1,1785536715
2026-07-31T22:28:45Z,1093,5,5,9,1,0,1,1,1,1785535585
2026-07-31T22:28:45Z,1094,10,9,9,0,0,1,1,1,1785536335
2026-07-31T22:28:45Z,1095,10,8,5,0,0,1,1,1,1785536309
2026-07-31T22:28:45Z,1096,10,9,9,0,0,1,1,1,1785536713
2026-07-31T22:28:45Z,1097,8,8,7,0,0,1,1,1,1785536900
2026-07-31T22:28:45Z,1098,9,7,10,0,0,1,1,1,1785535942
2026-07-31T22:28:45Z,1099,7,6,8,0,0,1,1,1,1785536170
2026-07-31T22:28:45Z,1100,6,4,23,0,0,1,1,1,1785532207
2026-07-31T22:28:45Z,1101,10,5,11,0,0,1,1,1,1785536098
2026-07-31T22:28:45Z,1102,9,4,4,0,0,1,1,1,1785535294
2026-07-31T22:28:45Z,1103,11,5,10,0,0,1,1,1,1785503681
2026-07-31T22:28:45Z,1104,11,6,10,0,0,1,1,1,1785535849
2026-07-31T22:28:45Z,1105,7,3,6,0,0,1,1,1,1785535176
2026-07-31T22:28:45Z,1106,10,5,11,0,0,1,1,1,1785536191
2026-07-31T22:28:45Z,1107,9,5,6,0,0,1,1,1,1785536430
2026-07-31T22:28:45Z,1108,9,5,15,2,1,1,1,1,1785535221
2026-07-31T22:28:45Z,1109,7,3,8,0,0,1,1,1,1785536371
2026-07-31T22:28:45Z,1110,11,3,10,0,0,1,1,1,1785536812
2026-07-31T22:28:45Z,1111,8,3,12,1,0,1,1,1,1785536692
2026-07-31T22:28:45Z,1112,29,1,24,0,0,1,1,1,1785536640
2026-07-31T22:28:45Z,1113,0,0,21,0,0,1,1,1,1785536563
2026-07-31T22:28:45Z,1115,14,1,5,4,0,1,1,1,1785536917
2026-07-31T22:28:45Z,1116,2,0,17,0,0,1,1,1,1785536361
2026-07-31T22:28:45Z,1117,5,1,17,1,0,1,1,1,1785536845
2026-07-31T22:28:45Z,1118,15,0,6,0,0,1,1,1,1785536897
2026-07-31T22:28:45Z,1119,6,1,11,0,0,1,1,1,1785535537
2026-07-31T22:28:45Z,1120,7,1,11,1,0,1,1,1,1785536451
2026-07-31T22:28:45Z,1121,12,1,8,1,0,1,1,1,1785536656
2026-07-31T22:28:45Z,1122,2,1,18,1,0,1,1,1,1785535801
2026-07-31T22:28:45Z,1123,12,8,9,2,0,1,1,1,1785536618
2026-07-31T22:28:45Z,1124,8,2,6,1,0,1,1,1,1785536871
2026-07-31T22:28:45Z,1125,18,1,5,0,0,1,1,1,1785536739
2026-07-31T22:28:45Z,1126,6,2,15,0,0,1,1,1,1785536902
2026-07-31T22:28:45Z,1127,6,1,13,0,0,1,1,1,1785536732
2026-07-31T22:28:45Z,1128,2,2,13,0,0,1,1,1,1785536325
2026-07-31T22:28:45Z,1129,2,0,17,2,0,1,1,1,1785536452
2026-07-31T22:28:45Z,1130,10,0,5,0,0,1,1,1,1785536856
2026-07-31T22:28:45Z,1131,1,1,47,1,0,1,1,1,1785535622
2026-07-31T22:28:45Z,1132,10,4,10,1,0,1,1,1,1785536288
2026-07-31T22:28:45Z,1133,6,4,13,2,0,1,1,1,1785536180
2026-07-31T22:28:45Z,1134,12,6,7,0,0,1,1,1,1785536874
2026-07-31T22:28:45Z,1135,12,6,9,0,0,1,1,1,1785535996
2026-07-31T22:28:45Z,1136,18,1,5,0,0,1,1,1,1785536574
2026-07-31T22:28:45Z,1137,9,1,6,0,0,1,1,1,1785536526
2026-07-31T22:28:45Z,1138,4,0,15,0,0,1,1,1,1785536441
2026-07-31T22:28:45Z,1139,12,3,8,1,0,1,1,1,1785536875
2026-07-31T22:28:45Z,1140,0,0,21,2,0,1,1,1,1785536877
2026-07-31T22:28:45Z,1141,0,0,20,1,0,1,1,1,1785536427
2026-07-31T22:28:45Z,1142,3,0,18,0,0,1,1,1,1785535188
2026-07-31T22:28:45Z,1143,20,0,8,1,0,1,1,1,1785536759
2026-07-31T22:28:45Z,1144,8,0,12,1,0,1,1,1,1785535914
2026-07-31T22:28:45Z,1145,11,5,9,1,0,1,1,1,1785536772
2026-07-31T22:28:45Z,1146,4,1,12,3,0,1,1,1,1785536918
2026-07-31T22:28:45Z,1147,13,0,6,0,0,1,1,1,1785536620
2026-07-31T22:28:45Z,1148,5,0,26,0,0,1,1,1,1785536883
2026-07-31T22:28:45Z,1149,1,1,19,5,0,1,1,1,1785536087
2026-07-31T22:28:45Z,1150,1,0,18,0,0,1,1,1,1785536188
2026-07-31T22:28:45Z,1151,7,0,14,0,0,1,1,1,1785536362
2026-07-31T22:28:45Z,1152,0,0,29,0,0,1,1,1,1785536465
2026-07-31T22:28:45Z,1153,20,1,2,1,0,1,1,1,1785536915
2026-07-31T22:28:45Z,1154,4,0,15,0,0,1,1,1,1785536224
2026-07-31T22:28:45Z,1155,11,4,7,3,0,1,1,1,1785536862
2026-07-31T22:28:45Z,1158,3,1,16,0,0,1,1,1,1785536245
2026-07-31T22:28:45Z,1159,14,2,5,0,0,1,1,1,1785536608
2026-07-31T22:28:45Z,1160,7,2,12,0,0,1,1,1,1785535212
2026-07-31T22:28:45Z,1161,3,0,15,1,0,1,1,1,1785536743
2026-07-31T22:28:45Z,1162,4,0,15,0,0,1,1,1,1785536784
2026-07-31T22:28:45Z,1163,4,3,14,1,0,1,1,1,1785536569
2026-07-31T22:28:45Z,1164,5,1,14,0,0,1,1,1,1785536423
2026-07-31T22:28:45Z,1165,1,0,20,0,0,1,1,1,1785535353
2026-07-31T22:28:45Z,1166,13,3,7,1,0,1,1,1,1785536709
2026-07-31T22:28:45Z,1167,4,0,11,0,0,1,1,1,1785536092
2026-07-31T22:28:45Z,1168,3,0,18,2,0,1,1,1,1785536663
2026-07-31T22:28:45Z,1169,3,0,15,1,0,1,1,1,1785536269
2026-07-31T22:28:45Z,1170,6,1,15,0,0,1,1,1,1785536668
2026-07-31T22:28:45Z,1171,9,8,14,0,0,1,1,1,1785536374
2026-07-31T22:28:45Z,1172,5,0,8,2,0,1,1,1,1785536418
2026-07-31T22:28:45Z,1173,13,4,6,0,0,1,1,1,1785536527
2026-07-31T22:28:45Z,1174,3,1,12,0,0,1,1,1,1785536168
2026-07-31T22:28:45Z,1175,4,2,15,0,0,1,1,1,1785535612
2026-07-31T22:28:45Z,1176,8,2,13,0,0,1,1,1,1785535758
2026-07-31T22:28:45Z,1177,4,2,17,0,0,1,1,1,1785535688
2026-07-31T22:28:45Z,1178,5,2,10,0,0,1,1,1,1785536087
2026-07-31T22:28:45Z,1181,11,1,4,0,0,1,1,1,1785536704
2026-07-31T22:28:45Z,1182,15,4,4,1,0,1,1,1,1785536777
2026-07-31T22:28:45Z,1183,15,0,28,2,0,1,1,1,1785536730
2026-07-31T22:28:45Z,1184,4,4,14,3,0,1,1,1,1785536398
2026-07-31T22:28:45Z,1185,10,6,11,0,0,1,1,1,1785535824
2026-07-31T22:28:45Z,1186,9,5,10,0,0,1,1,1,1785536797
2026-07-31T22:28:45Z,1187,10,5,10,1,0,1,1,1,1785535211
2026-07-31T22:28:45Z,1188,10,5,5,0,0,1,1,1,1785536427
2026-07-31T22:28:45Z,1189,8,3,11,0,0,1,1,1,1785536560
2026-07-31T22:28:45Z,1190,9,4,12,0,0,1,1,1,1785535978
2026-07-31T22:28:45Z,1191,10,5,5,0,0,1,1,1,1785536431
2026-07-31T22:28:45Z,1192,11,7,9,1,0,1,1,1,1785536344
2026-07-31T22:28:45Z,1193,6,4,5,2,0,1,1,1,1785535384
2026-07-31T22:28:45Z,1197,9,6,7,1,0,1,1,1,1785536876
2026-07-31T22:28:45Z,1198,13,4,6,2,0,1,1,1,1785536868
2026-07-31T22:28:45Z,1199,3,0,16,0,0,1,1,1,1785536869
2026-07-31T22:28:45Z,1200,9,5,6,0,0,1,1,1,1785536471
2026-07-31T22:28:45Z,1201,9,4,6,0,0,1,1,1,1785536442
2026-07-31T22:28:45Z,1202,10,5,5,0,0,1,1,1,1785536542
2026-07-31T22:28:45Z,1203,11,5,4,0,0,1,1,1,1785536450
2026-07-31T22:28:45Z,1204,6,3,13,0,0,1,1,1,1785536298
2026-07-31T22:28:45Z,1206,11,5,10,0,0,1,1,1,1785535469
2026-07-31T22:28:45Z,1207,8,4,6,1,0,1,1,1,1785536759
2026-07-31T22:28:45Z,1208,10,4,9,0,0,1,1,1,1785536709
2026-07-31T22:28:45Z,1216,8,0,12,1,0,1,1,1,1785535683
2026-07-31T22:28:45Z,1218,4,0,17,0,0,1,1,1,1785536082
2026-07-31T22:28:45Z,1219,2,1,10,3,0,1,1,1,1785536357
2026-07-31T22:28:45Z,1220,17,6,2,0,0,1,1,1,1785536076
2026-07-31T22:28:45Z,1221,1,1,19,1,0,1,1,1,1785535436
2026-07-31T22:28:45Z,1222,17,1,12,0,0,1,1,1,1785536426
2026-07-31T22:28:45Z,1223,26,0,2,1,0,1,1,1,1785536879
2026-07-31T22:28:45Z,1226,0,0,3,0,0,0,1,1,1781868931
2026-07-31T22:28:45Z,1227,7,0,17,1,0,1,1,1,1785536082
2026-07-31T22:28:45Z,1228,1,0,27,1,0,1,1,1,1785536736
2026-07-31T22:28:45Z,1229,43,0,2,0,0,1,1,1,1785536915
2026-07-31T22:33:45Z,1,0,0,23,0,0,1,1,1,1785537068
2026-07-31T22:33:45Z,2,3,0,21,3,0,1,1,1,1785537088
2026-07-31T22:33:45Z,3,9,0,3,2,0,1,1,1,1785537180
2026-07-31T22:33:45Z,4,19,0,2,1,0,1,1,1,1785536872
2026-07-31T22:33:45Z,5,19,4,2,2,0,1,1,1,1785536609
2026-07-31T22:33:45Z,6,4,0,11,0,0,1,1,1,1785537049
2026-07-31T22:33:45Z,7,13,0,26,0,0,1,1,1,1785536850
2026-07-31T22:33:45Z,8,13,0,30,0,0,1,1,1,1785536698
2026-07-31T22:33:45Z,9,22,5,1,0,0,1,1,1,1785536974
2026-07-31T22:33:45Z,10,3,2,17,3,0,1,1,1,1785536550
2026-07-31T22:33:45Z,11,7,2,10,2,0,1,1,1,1785536999
2026-07-31T22:33:45Z,12,19,0,4,0,0,1,1,1,1785537174
2026-07-31T22:33:45Z,13,21,2,9,0,0,1,1,1,1785537082
2026-07-31T22:33:45Z,14,8,1,34,0,1,1,1,1,1785537129
2026-07-31T22:33:45Z,15,15,0,0,0,0,1,1,1,1785536042
2026-07-31T22:33:45Z,16,1,0,23,2,1,1,1,1,1785536397
2026-07-31T22:33:45Z,17,25,0,1,1,0,1,1,1,1785537169
2026-07-31T22:33:45Z,18,10,0,6,2,0,1,1,1,1785537003
2026-07-31T22:33:45Z,19,12,2,14,1,0,1,1,1,1785536731
2026-07-31T22:33:45Z,20,28,2,7,0,0,1,1,1,1785536963
2026-07-31T22:33:45Z,21,8,0,8,3,0,1,1,1,1785537217
2026-07-31T22:33:45Z,22,18,0,47,0,0,1,1,1,1785537151
2026-07-31T22:33:45Z,23,8,8,23,0,0,1,1,1,1785537161
2026-07-31T22:33:45Z,24,4,1,6,1,0,1,1,1,1785537221
2026-07-31T22:33:45Z,25,73,0,6,2,0,1,1,1,1785537173
2026-07-31T22:33:45Z,26,23,1,4,0,0,1,1,1,1785537166
2026-07-31T22:33:45Z,28,10,0,5,0,0,1,1,1,1785537121
2026-07-31T22:33:45Z,30,16,0,11,2,0,1,1,1,1785536981
2026-07-31T22:33:45Z,31,8,0,9,2,0,1,1,1,1785537124
2026-07-31T22:33:45Z,32,16,0,11,0,0,1,1,1,1785537208
2026-07-31T22:33:45Z,34,17,0,20,0,0,1,1,1,1785536603
2026-07-31T22:33:45Z,35,23,0,21,3,0,1,1,1,1785537204
2026-07-31T22:33:45Z,36,0,0,0,0,0,0,1,1,86400
2026-07-31T22:33:45Z,37,18,3,5,0,0,1,1,1,1785537143
2026-07-31T22:33:45Z,38,0,0,23,0,0,1,1,1,1785536698
2026-07-31T22:33:45Z,39,8,3,31,0,0,1,1,1,1785537041
2026-07-31T22:33:45Z,40,7,0,14,0,0,1,1,1,1785536909
2026-07-31T22:33:45Z,41,17,0,26,0,0,1,1,1,1785536462
2026-07-31T22:33:45Z,42,4,4,27,0,0,1,1,1,1785535440
2026-07-31T22:33:45Z,43,6,1,17,0,0,1,1,1,1785537134
2026-07-31T22:33:45Z,45,5,0,24,0,0,1,1,1,1785537148
2026-07-31T22:33:45Z,46,0,0,30,1,0,1,1,1,1785536861
2026-07-31T22:33:45Z,47,7,1,7,1,0,1,1,1,1785537205
2026-07-31T22:33:45Z,48,20,0,7,0,0,1,1,1,1785537165
2026-07-31T22:33:45Z,49,0,0,19,4,0,1,1,1,1785537222
2026-07-31T22:33:45Z,50,5,3,12,2,0,1,1,1,1785537151
2026-07-31T22:33:45Z,51,33,0,44,0,0,1,1,1,1785537128
2026-07-31T22:33:45Z,52,3,0,21,3,0,1,1,1,1785537221
2026-07-31T22:33:45Z,55,6,0,17,0,0,1,1,1,1785537024
2026-07-31T22:33:45Z,56,12,1,31,0,0,1,1,1,1785537091
2026-07-31T22:33:45Z,57,24,0,3,0,0,1,1,1,1785537062
2026-07-31T22:33:45Z,58,1,0,27,0,0,1,1,1,1785537182
2026-07-31T22:33:45Z,59,6,1,19,2,0,1,1,1,1785537174
2026-07-31T22:33:45Z,61,28,0,11,0,0,1,1,1,1785537159
2026-07-31T22:33:45Z,62,12,8,37,0,0,1,1,1,1785537203
2026-07-31T22:33:45Z,63,13,3,5,1,0,1,1,1,1785536877
2026-07-31T22:33:45Z,64,10,1,5,4,0,1,1,1,1785535815
2026-07-31T22:33:45Z,65,12,4,6,1,0,1,1,1,1785536898
2026-07-31T22:33:45Z,67,14,0,25,0,0,1,1,1,1785536505
2026-07-31T22:33:45Z,68,31,0,5,1,0,1,1,1,1785537028
2026-07-31T22:33:45Z,69,7,0,8,0,0,1,1,1,1785536870
2026-07-31T22:33:45Z,71,14,1,10,3,0,1,1,1,1785537202
2026-07-31T22:33:45Z,72,26,4,1,3,1,1,1,1,1785536801
2026-07-31T22:33:45Z,73,0,0,31,0,0,1,1,1,1785537148
2026-07-31T22:33:45Z,74,0,0,19,0,0,1,1,1,1785536424
2026-07-31T22:33:45Z,75,8,0,23,1,0,1,1,1,1785536746
2026-07-31T22:33:45Z,76,4,0,13,2,0,1,1,1,1785537214
2026-07-31T22:33:45Z,77,21,0,5,1,0,1,1,1,1785537092
2026-07-31T22:33:45Z,78,2,1,21,0,0,1,1,1,1785537109
2026-07-31T22:33:45Z,79,1,0,15,1,0,1,1,1,1785537085
2026-07-31T22:33:45Z,80,18,3,2,3,0,1,1,1,1785537209
2026-07-31T22:33:45Z,81,2,0,29,0,0,1,1,1,1785537175
2026-07-31T22:33:45Z,82,14,10,8,1,0,1,1,1,1785537009
2026-07-31T22:33:45Z,83,5,2,28,1,0,1,1,1,1785537222
2026-07-31T22:33:45Z,84,11,3,16,0,0,1,1,1,1785537115
2026-07-31T22:33:45Z,85,4,0,11,0,0,1,1,1,1785537165
2026-07-31T22:33:45Z,86,8,4,19,0,0,1,1,1,1785537181
2026-07-31T22:33:45Z,87,0,0,19,0,0,1,1,1,1785533075
2026-07-31T22:33:45Z,88,21,0,20,2,0,1,1,1,1785536915
2026-07-31T22:33:45Z,89,17,0,18,0,0,1,1,1,1785536820
2026-07-31T22:33:45Z,90,9,0,8,1,0,1,1,1,1785537109
2026-07-31T22:33:45Z,91,1,0,16,0,0,1,1,1,1785536923
2026-07-31T22:33:45Z,92,2,1,14,3,0,1,1,1,1785537158
2026-07-31T22:33:45Z,93,3,0,20,0,0,1,1,1,1785536961
2026-07-31T22:33:45Z,94,8,0,10,1,0,1,1,1,1785537211
2026-07-31T22:33:45Z,95,3,0,30,1,1,1,1,1,1785537218
2026-07-31T22:33:45Z,96,20,3,9,2,0,1,1,1,1785537221
2026-07-31T22:33:45Z,97,8,1,8,1,0,1,1,1,1785537197
2026-07-31T22:33:45Z,98,24,6,11,0,0,1,1,1,1785537151
2026-07-31T22:33:45Z,99,15,2,0,0,0,1,1,1,1785535229
2026-07-31T22:33:45Z,100,16,2,11,0,0,1,1,1,1785537155
2026-07-31T22:33:45Z,101,13,3,1,1,0,1,1,1,1785536797
2026-07-31T22:33:45Z,102,20,0,2,1,0,1,1,1,1785537166
2026-07-31T22:33:45Z,103,27,0,0,3,0,1,1,1,1785537195
2026-07-31T22:33:45Z,104,12,1,13,2,0,1,1,1,1785537223
2026-07-31T22:33:45Z,105,17,0,2,0,0,1,1,1,1785535842
2026-07-31T22:33:45Z,106,17,0,3,1,0,1,1,1,1785537172
2026-07-31T22:33:45Z,107,19,1,17,1,0,1,1,1,1785537048
2026-07-31T22:33:45Z,108,27,0,6,2,0,1,1,1,1785537172
2026-07-31T22:33:45Z,109,19,0,4,0,0,1,1,1,1785537134
2026-07-31T22:33:45Z,110,17,0,6,0,0,1,1,1,1785537048
2026-07-31T22:33:45Z,111,6,0,30,0,0,1,1,1,1785536636
2026-07-31T22:33:45Z,112,11,1,3,1,0,1,1,1,1785537145
2026-07-31T22:33:45Z,113,5,1,13,1,0,1,1,1,1785537104
2026-07-31T22:33:45Z,114,9,6,20,1,1,1,1,1,1785537220
2026-07-31T22:33:45Z,115,18,10,5,5,0,1,1,1,1785536881
2026-07-31T22:33:45Z,116,9,9,18,0,0,1,1,1,1785536657
2026-07-31T22:33:45Z,118,20,2,0,3,0,1,1,1,1785535497
2026-07-31T22:33:45Z,119,2,0,34,2,0,1,1,1,1785536964
2026-07-31T22:33:45Z,120,2,0,23,2,0,1,1,1,1785537184
2026-07-31T22:33:45Z,121,2,2,15,1,1,1,1,1,1785537221
2026-07-31T22:33:45Z,122,7,0,12,2,0,1,1,1,1785536890
2026-07-31T22:33:45Z,123,2,2,44,1,0,1,1,1,1785536804
2026-07-31T22:33:45Z,124,8,0,27,0,0,1,1,1,1785537183
2026-07-31T22:33:45Z,125,6,1,16,1,0,1,1,1,1785536998
2026-07-31T22:33:45Z,126,16,2,15,0,0,1,1,1,1785536890
2026-07-31T22:33:45Z,127,12,1,21,2,0,1,1,1,1785536977
2026-07-31T22:33:45Z,128,8,1,10,1,0,1,1,1,1785537201
2026-07-31T22:33:45Z,129,5,1,10,4,0,1,1,1,1785537042
2026-07-31T22:33:45Z,130,8,0,9,0,0,1,1,1,1785536919
2026-07-31T22:33:45Z,131,8,3,2,1,0,1,1,1,1785537100
2026-07-31T22:33:45Z,132,8,5,6,0,1,1,1,1,1785537221
2026-07-31T22:33:45Z,134,14,0,5,4,0,1,1,1,1785537221
2026-07-31T22:33:45Z,135,8,5,8,3,0,1,1,1,1785537220
2026-07-31T22:33:45Z,136,1,0,0,21,1,1,1,1,1785537117
2026-07-31T22:33:45Z,137,5,1,13,1,0,1,1,1,1785537096
2026-07-31T22:33:45Z,138,14,0,23,0,0,1,1,1,1785536847
2026-07-31T22:33:45Z,139,2,0,17,0,0,1,1,1,1785536953
2026-07-31T22:33:45Z,140,9,1,13,1,0,1,1,1,1785537222
2026-07-31T22:33:45Z,141,7,3,28,1,0,1,1,1,1785537192
2026-07-31T22:33:45Z,142,0,0,23,0,0,1,1,1,1785537100
2026-07-31T22:33:45Z,143,26,2,5,0,0,1,1,1,1785537160
2026-07-31T22:33:45Z,144,24,2,2,1,0,1,1,1,1785537223
2026-07-31T22:33:45Z,146,0,0,22,1,0,1,1,1,1785537063
2026-07-31T22:33:45Z,147,1,0,15,3,0,1,1,1,1785536501
2026-07-31T22:33:45Z,148,4,1,20,4,0,1,1,1,1785537208
2026-07-31T22:33:45Z,149,1,0,26,0,0,1,1,1,1785537194
2026-07-31T22:33:45Z,150,2,0,31,2,0,1,1,1,1785537220
2026-07-31T22:33:45Z,151,1,0,22,0,0,1,1,1,1785537159
2026-07-31T22:33:45Z,152,4,0,19,3,0,1,1,1,1785537099
2026-07-31T22:33:45Z,153,13,1,13,2,0,1,1,1,1785537198
2026-07-31T22:33:45Z,154,13,2,6,4,0,1,1,1,1785537217
2026-07-31T22:33:45Z,155,6,2,7,1,0,1,1,1,1785537192
2026-07-31T22:33:45Z,156,2,0,17,0,0,1,1,1,1785537182
2026-07-31T22:33:45Z,157,7,0,18,2,0,1,1,1,1785537222
2026-07-31T22:33:45Z,158,10,0,5,1,0,1,1,1,1785536673
2026-07-31T22:33:45Z,159,5,2,14,0,0,1,1,1,1785537120
2026-07-31T22:33:45Z,160,6,0,13,0,0,1,1,1,1785536928
2026-07-31T22:33:45Z,161,19,3,3,0,0,1,1,1,1785537199
2026-07-31T22:33:45Z,162,14,12,11,2,0,1,1,1,1785536748
2026-07-31T22:33:45Z,163,2,0,28,0,1,1,1,1,1785537095
2026-07-31T22:33:45Z,164,24,1,3,0,0,1,1,1,1785537103
2026-07-31T22:33:45Z,165,17,1,13,1,0,1,1,1,1785537218
2026-07-31T22:33:45Z,166,6,4,29,4,0,1,1,1,1785537219
2026-07-31T22:33:45Z,167,6,1,16,1,0,1,1,1,1785537217
2026-07-31T22:33:45Z,168,6,2,20,1,0,1,1,1,1785537098
2026-07-31T22:33:45Z,169,17,6,4,1,1,1,1,1,1785537119
2026-07-31T22:33:45Z,170,9,0,9,1,0,1,1,1,1785537124
2026-07-31T22:33:45Z,171,4,1,7,2,0,1,1,1,1785537066
2026-07-31T22:33:45Z,173,28,1,11,0,0,1,1,1,1785537180
2026-07-31T22:33:45Z,174,0,0,26,0,0,1,1,1,1785536810
2026-07-31T22:33:45Z,175,29,0,1,1,0,1,1,1,1785537133
2026-07-31T22:33:45Z,176,13,2,0,1,1,1,1,1,1785537199
2026-07-31T22:33:45Z,177,3,0,24,0,0,1,1,1,1785536964
2026-07-31T22:33:45Z,178,10,2,2,2,1,1,1,1,1785537216
2026-07-31T22:33:45Z,179,11,1,2,2,0,1,1,1,1785537220
2026-07-31T22:33:45Z,180,1,0,29,0,0,1,1,1,1785535864
2026-07-31T22:33:45Z,181,2,1,13,0,0,1,1,1,1785537094
2026-07-31T22:33:45Z,182,2,2,15,0,0,1,1,1,1785537130
2026-07-31T22:33:45Z,183,1,0,21,1,0,1,1,1,1785537172
2026-07-31T22:33:45Z,184,19,6,2,2,0,1,1,1,1785537101
2026-07-31T22:33:45Z,185,6,6,6,2,1,1,1,1,1785537149
2026-07-31T22:33:45Z,186,4,1,15,0,0,1,1,1,1785537096
2026-07-31T22:33:45Z,187,1,0,26,1,0,1,1,1,1785536904
2026-07-31T22:33:45Z,188,5,2,14,8,0,1,1,1,1785537089
2026-07-31T22:33:45Z,189,8,4,7,0,0,1,1,1,1785537081
2026-07-31T22:33:45Z,190,4,2,18,1,0,1,1,1,1785537175
2026-07-31T22:33:45Z,191,3,2,36,0,0,1,1,1,1785536875
2026-07-31T22:33:45Z,192,3,0,27,1,0,1,1,1,1785537151
2026-07-31T22:33:45Z,193,14,9,0,1,0,1,1,1,1785537201
2026-07-31T22:33:45Z,194,9,4,18,0,0,1,1,1,1785537157
2026-07-31T22:33:45Z,195,0,0,19,0,0,1,1,1,1785536661
2026-07-31T22:33:45Z,196,6,6,20,1,0,1,1,1,1785536954
2026-07-31T22:33:45Z,197,1,0,17,0,1,1,1,1,1785537009
2026-07-31T22:33:45Z,198,8,7,13,2,0,1,1,1,1785537100
2026-07-31T22:33:45Z,199,4,1,9,2,0,1,1,1,1785537066
2026-07-31T22:33:45Z,200,7,5,19,0,0,1,1,1,1785537216
2026-07-31T22:33:45Z,201,5,5,18,0,0,1,1,1,1785537055
2026-07-31T22:33:45Z,202,1,0,26,0,0,1,1,1,1785536718
2026-07-31T22:33:45Z,203,3,3,27,1,0,1,1,1,1785536841
2026-07-31T22:33:45Z,204,14,1,19,2,0,1,1,1,1785537022
2026-07-31T22:33:45Z,205,4,0,23,0,0,1,1,1,1785537217
2026-07-31T22:33:45Z,206,7,5,5,3,0,1,1,1,1785537062
2026-07-31T22:33:45Z,207,19,1,2,0,0,1,1,1,1785537220
2026-07-31T22:33:45Z,208,8,1,21,0,0,1,1,1,1785537153
2026-07-31T22:33:45Z,209,18,2,12,1,0,1,1,1,1785537133
2026-07-31T22:33:45Z,210,12,10,15,0,0,1,1,1,1785537060
2026-07-31T22:33:45Z,211,20,0,2,1,0,1,1,1,1785536771
2026-07-31T22:33:45Z,212,27,4,7,1,0,1,1,1,1785537209
2026-07-31T22:33:45Z,213,12,5,10,1,0,1,1,1,1785537128
2026-07-31T22:33:45Z,214,11,2,33,3,0,1,1,1,1785537215
2026-07-31T22:33:45Z,215,11,2,11,1,0,1,1,1,1785537090
2026-07-31T22:33:45Z,216,8,7,10,1,0,1,1,1,1785537044
2026-07-31T22:33:45Z,217,28,3,0,1,0,1,1,1,1785536988
2026-07-31T22:33:45Z,218,14,8,23,2,0,1,1,1,1785537201
2026-07-31T22:33:45Z,219,25,0,0,1,0,1,1,1,1785537179
2026-07-31T22:33:45Z,220,18,8,23,1,1,1,1,1,1785537218
2026-07-31T22:33:45Z,221,10,4,4,1,0,1,1,1,1785537166
2026-07-31T22:33:45Z,222,3,1,16,0,0,1,1,1,1785536760
2026-07-31T22:33:45Z,223,4,0,28,3,0,1,1,1,1785536916
2026-07-31T22:33:45Z,224,1,0,20,1,0,1,1,1,1785537191
2026-07-31T22:33:45Z,225,1,0,13,5,0,1,1,1,1785537218
2026-07-31T22:33:45Z,226,24,5,4,3,0,1,1,1,1785537221
2026-07-31T22:33:45Z,227,7,2,18,2,0,1,1,1,1785537089
2026-07-31T22:33:45Z,228,0,0,18,1,0,1,1,1,1785537001
2026-07-31T22:33:45Z,230,2,0,24,0,0,1,1,1,1785537202
2026-07-31T22:33:45Z,232,6,1,10,1,0,1,1,1,1785537038
2026-07-31T22:33:45Z,233,18,9,12,1,0,1,1,1,1785536873
2026-07-31T22:33:45Z,234,9,8,4,4,2,1,1,1,1785537197
2026-07-31T22:33:45Z,236,11,2,8,0,0,1,1,1,1785536996
2026-07-31T22:33:45Z,237,3,0,19,1,0,1,1,1,1785536642
2026-07-31T22:33:45Z,239,16,13,10,1,0,1,1,1,1785537192
2026-07-31T22:33:45Z,241,1,0,21,1,0,1,1,1,1785537104
2026-07-31T22:33:45Z,242,3,2,19,1,0,1,1,1,1785537079
2026-07-31T22:33:45Z,243,16,11,13,2,0,1,1,1,1785537218
2026-07-31T22:33:45Z,244,20,0,6,1,0,1,1,1,1785537204
2026-07-31T22:33:45Z,245,5,2,18,0,0,1,1,1,1785537221
2026-07-31T22:33:45Z,246,5,1,17,1,0,1,1,1,1785537211
2026-07-31T22:33:45Z,247,5,4,16,2,0,1,1,1,1785537070
2026-07-31T22:33:45Z,248,5,5,16,2,0,1,1,1,1785537211
2026-07-31T22:33:45Z,249,14,13,4,1,0,1,1,1,1785537104
2026-07-31T22:33:45Z,250,7,0,17,3,0,1,1,1,1785537138
2026-07-31T22:33:45Z,251,15,11,7,5,0,1,1,1,1785537223
2026-07-31T22:33:45Z,253,9,3,10,0,0,1,1,1,1785537156
2026-07-31T22:33:45Z,254,6,2,36,1,0,1,1,1,1785537197
2026-07-31T22:33:45Z,255,11,3,11,0,1,1,1,1,1785537013
2026-07-31T22:33:45Z,256,0,0,22,1,0,1,1,1,1785536786
2026-07-31T22:33:45Z,257,2,1,17,0,0,1,1,1,1785536878
2026-07-31T22:33:45Z,258,13,12,3,3,0,1,1,1,1785536824
2026-07-31T22:33:45Z,259,12,0,10,0,1,1,1,1,1785536845
2026-07-31T22:33:45Z,260,12,6,6,1,0,1,1,1,1785537196
2026-07-31T22:33:45Z,261,1,1,16,1,1,1,1,1,1785537186
2026-07-31T22:33:45Z,262,1,0,21,1,0,1,1,1,1785537097
2026-07-31T22:33:45Z,263,6,6,8,1,0,1,1,1,1785537089
2026-07-31T22:33:45Z,264,1,1,18,0,0,1,1,1,1785536547
2026-07-31T22:33:45Z,265,8,0,7,0,0,1,1,1,1785536585
2026-07-31T22:33:45Z,266,7,7,11,1,0,1,1,1,1785537041
2026-07-31T22:33:45Z,267,8,3,5,2,0,1,1,1,1785537006
2026-07-31T22:33:45Z,268,19,7,3,1,0,1,1,1,1785537187
2026-07-31T22:33:45Z,269,5,5,18,0,0,1,1,1,1785537143
2026-07-31T22:33:45Z,270,13,2,12,2,0,1,1,1,1785537052
2026-07-31T22:33:45Z,271,2,0,15,2,0,1,1,1,1785535694
2026-07-31T22:33:45Z,272,9,1,14,0,0,1,1,1,1785537010
2026-07-31T22:33:45Z,273,7,3,8,0,0,1,1,1,1785536730
2026-07-31T22:33:45Z,274,2,2,16,1,0,1,1,1,1785535618
2026-07-31T22:33:45Z,275,5,0,14,4,0,1,1,1,1785537187
2026-07-31T22:33:45Z,276,1,1,25,1,0,1,1,1,1785537012
2026-07-31T22:33:45Z,277,10,0,9,4,0,1,1,1,1785536923
2026-07-31T22:33:45Z,278,7,7,22,2,0,1,1,1,1785536756
2026-07-31T22:33:45Z,279,6,2,13,0,0,1,1,1,1785537109
2026-07-31T22:33:45Z,280,2,2,27,2,0,1,1,1,1785537061
2026-07-31T22:33:45Z,281,7,0,12,0,0,1,1,1,1785537006
2026-07-31T22:33:45Z,282,9,2,9,0,0,1,1,1,1785536001
2026-07-31T22:33:45Z,283,15,3,20,0,0,1,1,1,1785537148
2026-07-31T22:33:45Z,284,33,6,0,2,0,1,1,1,1785536042
2026-07-31T22:33:45Z,285,5,3,18,0,0,1,1,1,1785534896
2026-07-31T22:33:45Z,286,14,3,8,1,0,1,1,1,1785536822
2026-07-31T22:33:45Z,287,8,1,12,3,0,1,1,1,1785535224
2026-07-31T22:33:45Z,288,4,1,14,1,0,1,1,1,1785537022
2026-07-31T22:33:45Z,289,9,7,14,4,0,1,1,1,1785537204
2026-07-31T22:33:45Z,290,14,0,23,2,0,1,1,1,1785537085
2026-07-31T22:33:45Z,291,13,1,9,1,0,1,1,1,1785537042
2026-07-31T22:33:45Z,292,6,3,17,0,0,1,1,1,1785537070
2026-07-31T22:33:45Z,293,7,3,15,1,0,1,1,1,1785537164
2026-07-31T22:33:45Z,294,8,8,11,3,0,1,1,1,1785537187
2026-07-31T22:33:45Z,297,9,2,9,0,1,1,1,1,1785537221
2026-07-31T22:33:45Z,301,16,0,2,1,0,1,1,1,1785536523
2026-07-31T22:33:45Z,302,22,0,0,1,0,1,1,1,1785535312
2026-07-31T22:33:45Z,303,0,0,19,0,0,1,1,1,1785537073
2026-07-31T22:33:45Z,304,0,0,0,0,0,0,1,1,86400
2026-07-31T22:33:45Z,305,0,0,18,1,0,1,1,1,1785537219
2026-07-31T22:33:45Z,306,8,0,23,1,0,1,1,1,1785535173
2026-07-31T22:33:45Z,307,13,1,10,0,0,1,1,1,1785537078
2026-07-31T22:33:45Z,308,16,3,1,2,0,1,1,1,1785537110
2026-07-31T22:33:45Z,309,4,0,9,1,0,1,1,1,1785537162
2026-07-31T22:33:45Z,311,8,0,6,1,0,1,1,1,1785536823
2026-07-31T22:33:45Z,312,5,5,15,3,0,1,1,1,1785537138
2026-07-31T22:33:45Z,313,2,0,13,0,0,1,1,1,1785535131
2026-07-31T22:33:45Z,314,10,2,8,1,0,1,1,1,1785536736
2026-07-31T22:33:45Z,315,11,5,18,2,0,1,1,1,1785537050
2026-07-31T22:33:45Z,316,4,1,21,5,1,1,1,1,1785537037
2026-07-31T22:33:45Z,317,19,7,11,0,1,1,1,1,1785536999
2026-07-31T22:33:45Z,318,19,4,0,0,0,1,1,1,1785533970
2026-07-31T22:33:45Z,319,7,2,14,2,0,1,1,1,1785537152
2026-07-31T22:33:45Z,320,0,0,18,1,0,1,1,1,1785536607
2026-07-31T22:33:45Z,321,2,0,13,4,0,1,1,1,1785537077
2026-07-31T22:33:45Z,322,19,0,10,0,0,1,1,1,1785537196
2026-07-31T22:33:45Z,323,5,1,13,1,0,1,1,1,1785537217
2026-07-31T22:33:45Z,324,11,0,15,1,0,1,1,1,1785537222
2026-07-31T22:33:45Z,325,2,2,23,2,0,1,1,1,1785535490
2026-07-31T22:33:45Z,327,25,2,0,2,0,1,1,1,1785536932
2026-07-31T22:33:45Z,328,20,0,1,1,0,1,1,1,1785537041
2026-07-31T22:33:45Z,329,4,1,12,3,0,1,1,1,1785537086
2026-07-31T22:33:45Z,330,20,0,1,1,0,1,1,1,1785537165
2026-07-31T22:33:45Z,331,19,1,2,2,0,1,1,1,1785536814
2026-07-31T22:33:45Z,332,3,2,14,2,0,1,1,1,1785537199
2026-07-31T22:33:45Z,333,4,4,18,1,0,1,1,1,1785537098
2026-07-31T22:33:45Z,334,5,0,17,1,0,1,1,1,1785535605
2026-07-31T22:33:45Z,335,6,2,16,0,1,1,1,1,1785536389
2026-07-31T22:33:45Z,336,5,2,14,0,0,1,1,1,1785537170
2026-07-31T22:33:45Z,337,4,3,15,4,0,1,1,1,1785537003
2026-07-31T22:33:45Z,338,0,0,19,0,0,1,1,1,1785536714
2026-07-31T22:33:45Z,339,3,3,17,3,0,1,1,1,1785536996
2026-07-31T22:33:45Z,340,2,2,12,1,0,1,1,1,1785536863
2026-07-31T22:33:45Z,341,9,1,10,0,0,1,1,1,1785537085
2026-07-31T22:33:45Z,342,4,0,10,1,0,1,1,1,1785537122
2026-07-31T22:33:45Z,343,7,3,15,1,0,1,1,1,1785536493
2026-07-31T22:33:45Z,344,7,1,15,1,0,1,1,1,1785537079
2026-07-31T22:33:45Z,345,18,4,1,0,0,1,1,1,1785536756
2026-07-31T22:33:45Z,346,2,2,21,0,0,1,1,1,1785536380
2026-07-31T22:33:45Z,347,20,3,21,3,0,1,1,1,1785537222
2026-07-31T22:33:45Z,348,9,1,13,0,1,1,1,1,1785536960
2026-07-31T22:33:45Z,349,12,1,7,0,0,1,1,1,1785536369
2026-07-31T22:33:45Z,350,3,1,22,1,1,1,1,1,1785536792
2026-07-31T22:33:45Z,351,1,1,20,2,0,1,1,1,1785536932
2026-07-31T22:33:45Z,355,9,2,14,0,0,1,1,1,1785536963
2026-07-31T22:33:45Z,356,8,3,11,0,0,1,1,1,1785537132
2026-07-31T22:33:45Z,357,3,2,15,1,0,1,1,1,1785537140
2026-07-31T22:33:45Z,358,20,2,6,1,0,1,1,1,1785537219
2026-07-31T22:33:45Z,359,11,0,16,0,0,1,1,1,1785536843
2026-07-31T22:33:45Z,360,3,1,16,0,0,1,1,1,1785536895
2026-07-31T22:33:45Z,362,0,0,16,3,0,1,1,1,1785536928
2026-07-31T22:33:45Z,363,20,3,7,0,0,1,1,1,1785537079
2026-07-31T22:33:45Z,364,0,0,18,1,0,1,1,1,1785537106
2026-07-31T22:33:45Z,365,0,0,19,4,0,1,1,1,1785537186
2026-07-31T22:33:45Z,366,3,1,19,1,0,1,1,1,1785536962
2026-07-31T22:33:45Z,367,5,2,12,2,0,1,1,1,1785537128
2026-07-31T22:33:45Z,368,5,1,17,1,0,1,1,1,1785536603
2026-07-31T22:33:45Z,370,9,3,18,0,0,1,1,1,1785534955
2026-07-31T22:33:45Z,371,3,3,15,1,0,1,1,1,1785536010
2026-07-31T22:33:45Z,372,10,0,5,0,0,1,1,1,1785536166
2026-07-31T22:33:45Z,373,0,0,26,1,0,1,1,1,1785534676
2026-07-31T22:33:45Z,374,0,0,18,1,0,1,1,1,1785537071
2026-07-31T22:33:45Z,375,0,0,26,1,0,1,1,1,1785536284
2026-07-31T22:33:45Z,376,0,0,37,2,0,1,1,1,1785537139
2026-07-31T22:33:45Z,377,10,3,15,2,0,1,1,1,1785537140
2026-07-31T22:33:45Z,378,1,0,21,1,1,1,1,1,1785537200
2026-07-31T22:33:45Z,379,19,1,5,3,0,1,1,1,1785537198
2026-07-31T22:33:45Z,380,4,1,19,0,0,1,1,1,1785536924
2026-07-31T22:33:45Z,381,11,0,12,0,0,1,1,1,1785537220
2026-07-31T22:33:45Z,383,11,2,2,2,0,1,1,1,1785536700
2026-07-31T22:33:45Z,384,2,0,22,3,0,1,1,1,1785537104
2026-07-31T22:33:45Z,385,5,1,12,1,0,1,1,1,1785537123
2026-07-31T22:33:45Z,387,3,1,20,0,0,1,1,1,1785536428
2026-07-31T22:33:45Z,388,36,3,10,3,0,1,1,1,1785537119
2026-07-31T22:33:45Z,389,2,1,12,1,0,1,1,1,1785537010
2026-07-31T22:33:45Z,390,17,1,17,1,0,1,1,1,1785536997
2026-07-31T22:33:45Z,391,5,3,10,0,0,1,1,1,1785535483
2026-07-31T22:33:45Z,392,2,2,15,2,0,1,1,1,1785537180
2026-07-31T22:33:45Z,393,1,1,6,4,0,1,1,1,1785534996
2026-07-31T22:33:45Z,394,8,1,3,2,0,1,1,1,1785537134
2026-07-31T22:33:45Z,396,2,1,40,0,0,1,1,1,1785537192
2026-07-31T22:33:45Z,397,9,7,22,0,0,1,1,1,1785537166
2026-07-31T22:33:45Z,399,0,0,15,2,0,1,1,1,1785536019
2026-07-31T22:33:45Z,400,14,9,7,2,0,1,1,1,1785536557
2026-07-31T22:33:45Z,401,8,0,23,8,0,1,1,1,1785536881
2026-07-31T22:33:45Z,403,20,5,7,4,0,1,1,1,1785537057
2026-07-31T22:33:45Z,404,2,0,19,2,0,1,1,1,1785537171
2026-07-31T22:33:45Z,406,8,2,25,2,0,1,1,1,1785537196
2026-07-31T22:33:45Z,407,14,1,19,1,0,1,1,1,1785537162
2026-07-31T22:33:45Z,408,2,2,28,3,0,1,1,1,1785536980
2026-07-31T22:33:45Z,409,14,2,5,4,0,1,1,1,1785535992
2026-07-31T22:33:45Z,413,9,3,13,1,0,1,1,1,1785536482
2026-07-31T22:33:45Z,414,6,0,9,0,0,1,1,1,1785536972
2026-07-31T22:33:45Z,417,3,2,16,0,0,1,1,1,1785537001
2026-07-31T22:33:45Z,418,5,4,10,0,0,1,1,1,1785535459
2026-07-31T22:33:45Z,419,13,1,10,0,0,1,1,1,1785533166
2026-07-31T22:33:45Z,421,12,0,7,0,0,1,1,1,1785537183
2026-07-31T22:33:45Z,422,15,1,12,0,0,1,1,1,1785537160
2026-07-31T22:33:45Z,423,0,0,23,0,0,1,1,1,1785536407
2026-07-31T22:33:45Z,424,5,4,7,2,1,1,1,1,1785537218
2026-07-31T22:33:45Z,425,0,0,21,0,1,1,1,1,1785536730
2026-07-31T22:33:45Z,426,0,0,35,2,0,1,1,1,1785537025
2026-07-31T22:33:45Z,427,12,2,0,3,0,1,1,1,1785537112
2026-07-31T22:33:45Z,428,15,0,4,0,0,1,1,1,1785537200
2026-07-31T22:33:45Z,429,15,5,6,2,0,1,1,1,1785537168
2026-07-31T22:33:45Z,430,6,2,23,2,0,1,1,1,1785537205
2026-07-31T22:33:45Z,431,3,0,29,1,0,1,1,1,1785536819
2026-07-31T22:33:45Z,432,0,0,30,1,0,0,1,1,1785508564
2026-07-31T22:33:45Z,433,4,1,16,3,0,1,1,1,1785537153
2026-07-31T22:33:45Z,437,4,2,11,4,0,1,1,1,1785537220
2026-07-31T22:33:45Z,438,4,1,14,1,0,1,1,1,1785537122
2026-07-31T22:33:45Z,439,12,4,3,0,0,1,1,1,1785537068
2026-07-31T22:33:45Z,440,11,2,3,1,0,1,1,1,1785537147
2026-07-31T22:33:45Z,441,3,1,10,2,0,1,1,1,1785536872
2026-07-31T22:33:45Z,442,11,3,6,2,0,1,1,1,1785535999
2026-07-31T22:33:45Z,443,5,2,22,0,0,1,1,1,1785512432
2026-07-31T22:33:45Z,444,1,1,22,0,0,1,1,1,1785535180
2026-07-31T22:33:45Z,445,6,2,16,1,0,1,1,1,1785537041
2026-07-31T22:33:45Z,446,2,0,21,0,0,1,1,1,1785533737
2026-07-31T22:33:45Z,447,3,0,18,1,1,1,1,1,1785534024
2026-07-31T22:33:45Z,448,7,0,7,1,0,1,1,1,1785530120
2026-07-31T22:33:45Z,452,8,5,10,1,0,1,1,1,1785536695
2026-07-31T22:33:45Z,453,1,1,11,3,0,1,1,1,1785537131
2026-07-31T22:33:45Z,454,17,0,2,0,0,1,1,1,1785537074
2026-07-31T22:33:45Z,455,30,2,8,1,0,1,1,1,1785536990
2026-07-31T22:33:45Z,456,16,0,3,1,0,1,1,1,1785537221
2026-07-31T22:33:45Z,457,3,3,23,1,0,1,1,1,1785537154
2026-07-31T22:33:45Z,458,6,2,15,2,0,1,1,1,1785537196
2026-07-31T22:33:45Z,459,13,1,2,0,0,1,1,1,1785536816
2026-07-31T22:33:45Z,460,17,1,5,1,0,1,1,1,1785536863
2026-07-31T22:33:45Z,461,8,0,10,1,0,1,1,1,1785537162
2026-07-31T22:33:45Z,462,18,1,3,0,0,1,1,1,1785537180
2026-07-31T22:33:45Z,463,8,0,11,0,0,1,1,1,1785534777
2026-07-31T22:33:45Z,464,3,2,11,0,0,1,1,1,1785537057
2026-07-31T22:33:45Z,465,2,2,13,0,0,1,1,1,1785537086
2026-07-31T22:33:45Z,466,6,2,3,6,0,1,1,1,1785534500
2026-07-31T22:33:45Z,467,0,0,19,0,0,1,1,1,1785536420
2026-07-31T22:33:45Z,468,1,0,17,1,0,1,1,1,1785534756
2026-07-31T22:33:45Z,469,2,1,20,1,0,1,1,1,1785537079
2026-07-31T22:33:45Z,470,3,0,10,2,0,1,1,1,1785537082
2026-07-31T22:33:45Z,471,24,3,3,0,0,1,1,1,1785535393
2026-07-31T22:33:45Z,472,11,2,5,3,0,1,1,1,1785537188
2026-07-31T22:33:45Z,473,7,0,12,0,0,1,1,1,1785537026
2026-07-31T22:33:45Z,474,9,2,9,1,0,1,1,1,1785537163
2026-07-31T22:33:45Z,475,2,2,16,1,0,1,1,1,1785537148
2026-07-31T22:33:45Z,477,7,0,8,0,0,1,1,1,1785537111
2026-07-31T22:33:45Z,478,27,0,4,0,0,1,1,1,1785537219
2026-07-31T22:33:45Z,479,6,0,19,2,0,1,1,1,1785536112
2026-07-31T22:33:45Z,480,6,1,8,1,0,1,1,1,1785537037
2026-07-31T22:33:45Z,481,13,0,21,1,0,1,1,1,1785537195
2026-07-31T22:33:45Z,482,2,1,17,0,0,1,1,1,1785536193
2026-07-31T22:33:45Z,483,3,0,22,2,0,1,1,1,1785537198
2026-07-31T22:33:45Z,484,1,0,16,2,0,1,1,1,1785537075
2026-07-31T22:33:45Z,485,13,5,5,0,1,1,1,1,1785537147
2026-07-31T22:33:45Z,486,4,1,21,2,0,1,1,1,1785537085
2026-07-31T22:33:45Z,487,9,6,7,3,0,1,1,1,1785536849
2026-07-31T22:33:45Z,489,7,3,8,0,0,1,1,1,1785537015
2026-07-31T22:33:45Z,490,13,1,3,0,0,1,1,1,1785536182
2026-07-31T22:33:45Z,491,8,2,12,1,0,1,1,1,1785535993
2026-07-31T22:33:45Z,492,2,1,6,3,0,1,1,1,1785537221
2026-07-31T22:33:45Z,493,20,1,7,0,0,1,1,1,1785535312
2026-07-31T22:33:45Z,495,10,0,4,1,0,1,1,1,1785536672
2026-07-31T22:33:45Z,496,8,1,19,0,0,1,1,1,1785536948
2026-07-31T22:33:45Z,497,1,1,17,0,0,1,1,1,1785537132
2026-07-31T22:33:45Z,498,3,2,19,1,0,1,1,1,1785536788
2026-07-31T22:33:45Z,499,2,0,16,1,0,1,1,1,1785536006
2026-07-31T22:33:45Z,500,2,0,10,3,0,1,1,1,1785536628
2026-07-31T22:33:45Z,501,11,1,10,0,0,1,1,1,1785537036
2026-07-31T22:33:45Z,502,1,0,16,2,0,1,1,1,1785533820
2026-07-31T22:33:45Z,503,7,1,23,1,0,1,1,1,1785536879
2026-07-31T22:33:45Z,504,3,0,34,2,0,1,1,1,1785537113
2026-07-31T22:33:45Z,505,4,0,7,1,0,1,1,1,1785536246
2026-07-31T22:33:45Z,511,3,2,20,0,0,1,1,1,1785533768
2026-07-31T22:33:45Z,512,10,0,17,0,0,1,1,1,1785536828
2026-07-31T22:33:45Z,514,3,2,7,1,0,1,1,1,1785536594
2026-07-31T22:33:45Z,515,6,2,13,0,0,1,1,1,1785536835
2026-07-31T22:33:45Z,516,1,0,25,1,0,1,1,1,1785536964
2026-07-31T22:33:45Z,517,12,3,11,0,0,1,1,1,1785537187
2026-07-31T22:33:45Z,518,5,0,9,1,0,1,1,1,1785533962
2026-07-31T22:33:45Z,519,6,4,12,1,0,1,1,1,1785535628
2026-07-31T22:33:45Z,520,20,6,0,6,1,1,1,1,1785537221
2026-07-31T22:33:45Z,521,4,3,19,0,0,1,1,1,1785535813
2026-07-31T22:33:45Z,522,14,5,7,2,0,1,1,1,1785536897
2026-07-31T22:33:45Z,523,11,5,11,1,0,1,1,1,1785536008
2026-07-31T22:33:45Z,524,15,0,8,0,0,1,1,1,1785537192
2026-07-31T22:33:45Z,525,12,0,7,0,0,1,1,1,1785537131
2026-07-31T22:33:45Z,526,7,4,8,0,0,1,1,1,1785535838
2026-07-31T22:33:45Z,527,14,12,11,1,0,1,1,1,1785537223
2026-07-31T22:33:45Z,528,20,2,1,2,0,1,1,1,1785537217
2026-07-31T22:33:45Z,529,8,4,5,6,0,1,1,1,1785537222
2026-07-31T22:33:45Z,530,11,0,7,3,0,1,1,1,1785536820
2026-07-31T22:33:45Z,531,17,1,5,0,1,1,1,1,1785537178
2026-07-31T22:33:45Z,532,3,3,27,1,0,1,1,1,1785537116
2026-07-31T22:33:45Z,533,11,0,7,1,0,1,1,1,1785536752
2026-07-31T22:33:45Z,534,6,2,17,0,0,1,1,1,1785537098
2026-07-31T22:33:45Z,535,0,0,15,0,0,1,1,1,1785536563
2026-07-31T22:33:45Z,536,10,0,12,1,0,1,1,1,1785537181
2026-07-31T22:33:45Z,537,1,1,19,0,0,1,1,1,1785536603
2026-07-31T22:33:45Z,538,9,2,13,0,1,1,1,1,1785537137
2026-07-31T22:33:45Z,539,1,1,30,0,0,1,1,1,1785537205
2026-07-31T22:33:45Z,540,8,1,11,0,0,1,1,1,1785537090
2026-07-31T22:33:45Z,541,3,0,24,0,0,1,1,1,1785537121
2026-07-31T22:33:45Z,542,0,0,23,0,0,1,1,1,1785536944
2026-07-31T22:33:45Z,543,1,0,18,0,0,1,1,1,1785537031
2026-07-31T22:33:45Z,544,9,3,9,4,0,1,1,1,1785536943
2026-07-31T22:33:45Z,545,14,2,0,5,0,1,1,1,1785537215
2026-07-31T22:33:45Z,546,3,3,16,0,0,1,1,1,1785537166
2026-07-31T22:33:45Z,547,13,1,12,0,0,1,1,1,1785537161
2026-07-31T22:33:45Z,548,7,2,15,1,0,1,1,1,1785536624
2026-07-31T22:33:45Z,549,18,1,4,1,0,1,1,1,1785537206
2026-07-31T22:33:45Z,550,3,3,16,0,0,1,1,1,1785536978
2026-07-31T22:33:45Z,551,1,0,21,1,0,1,1,1,1785536761
2026-07-31T22:33:45Z,552,4,1,23,0,0,1,1,1,1785536784
2026-07-31T22:33:45Z,553,1,0,20,2,0,1,1,1,1785536992
2026-07-31T22:33:45Z,554,3,1,15,1,0,1,1,1,1785536897
2026-07-31T22:33:45Z,555,7,0,7,1,0,1,1,1,1785537076
2026-07-31T22:33:45Z,556,9,1,12,2,0,1,1,1,1785536992
2026-07-31T22:33:45Z,557,0,0,21,2,0,1,1,1,1785536364
2026-07-31T22:33:45Z,558,28,12,8,1,0,1,1,1,1785537167
2026-07-31T22:33:45Z,559,4,0,14,1,0,1,1,1,1785536864
2026-07-31T22:33:45Z,560,19,0,8,0,0,1,1,1,1785537199
2026-07-31T22:33:45Z,561,7,1,12,4,0,1,1,1,1785537109
2026-07-31T22:33:45Z,562,5,0,23,7,0,1,1,1,1785536908
2026-07-31T22:33:45Z,563,5,0,8,1,0,1,1,1,1785536955
2026-07-31T22:33:45Z,564,2,1,16,1,0,1,1,1,1785537156
2026-07-31T22:33:45Z,565,5,1,13,1,0,1,1,1,1785536654
2026-07-31T22:33:45Z,566,11,0,7,1,0,1,1,1,1785537077
2026-07-31T22:33:45Z,567,22,1,1,4,0,1,1,1,1785537203
2026-07-31T22:33:45Z,568,7,0,11,1,0,1,1,1,1785536060
2026-07-31T22:33:45Z,569,10,0,6,3,0,1,1,1,1785537083
2026-07-31T22:33:45Z,570,6,0,12,1,0,1,1,1,1785537216
2026-07-31T22:33:45Z,571,6,1,17,0,0,1,1,1,1785537149
2026-07-31T22:33:45Z,572,8,0,11,0,0,1,1,1,1785536505
2026-07-31T22:33:45Z,573,15,3,0,0,0,1,1,1,1785536620
2026-07-31T22:33:45Z,574,5,3,10,0,0,1,1,1,1785537066
2026-07-31T22:33:45Z,575,7,0,13,1,0,1,1,1,1785536868
2026-07-31T22:33:45Z,576,2,0,17,0,0,1,1,1,1785536902
2026-07-31T22:33:45Z,577,26,0,5,0,0,1,1,1,1785536533
2026-07-31T22:33:45Z,578,2,0,20,1,0,1,1,1,1785537018
2026-07-31T22:33:45Z,579,9,1,34,0,0,1,1,1,1785536883
2026-07-31T22:33:45Z,580,2,0,27,0,0,1,1,1,1785536958
2026-07-31T22:33:45Z,581,17,2,2,0,0,1,1,1,1785537190
2026-07-31T22:33:45Z,582,20,0,39,2,0,1,1,1,1785537001
2026-07-31T22:33:45Z,583,5,0,17,1,0,1,1,1,1785537182
2026-07-31T22:33:45Z,584,1,0,14,4,0,1,1,1,1785535753
2026-07-31T22:33:45Z,585,0,0,26,0,1,1,1,1,1785537048
2026-07-31T22:33:45Z,586,7,0,28,0,0,1,1,1,1785537205
2026-07-31T22:33:45Z,587,13,1,9,2,0,1,1,1,1785537180
2026-07-31T22:33:45Z,588,7,3,9,2,1,1,1,1,1785537085
2026-07-31T22:33:45Z,589,8,2,14,0,0,1,1,1,1785537112
2026-07-31T22:33:45Z,590,10,0,20,1,0,1,1,1,1785537144
2026-07-31T22:33:45Z,591,0,0,28,2,0,1,1,1,1785537184
2026-07-31T22:33:45Z,592,6,0,17,0,0,1,1,1,1785536976
2026-07-31T22:33:45Z,593,17,0,21,0,0,1,1,1,1785536993
2026-07-31T22:33:45Z,594,4,1,15,2,0,1,1,1,1785537131
2026-07-31T22:33:45Z,595,0,0,3,0,0,0,1,1,1784046673
2026-07-31T22:33:45Z,605,0,0,2,1,0,0,1,1,1783975843
2026-07-31T22:33:45Z,606,0,0,0,0,0,0,1,1,86400
2026-07-31T22:33:45Z,607,6,4,23,3,0,1,1,1,1785537065
2026-07-31T22:33:45Z,608,37,2,13,0,0,1,1,1,1785536732
2026-07-31T22:33:45Z,609,3,1,20,0,0,1,1,1,1785536863
2026-07-31T22:33:45Z,610,5,0,30,0,0,1,1,1,1785537047
2026-07-31T22:33:45Z,611,5,0,21,1,0,1,1,1,1785536932
2026-07-31T22:33:45Z,612,8,1,7,0,0,1,1,1,1785533466
2026-07-31T22:33:45Z,613,12,4,0,3,0,1,1,1,1785530289
2026-07-31T22:33:45Z,614,3,1,21,2,1,1,1,1,1785537187
2026-07-31T22:33:45Z,617,10,1,3,2,0,1,1,1,1785536422
2026-07-31T22:33:45Z,618,12,1,1,6,0,1,1,1,1785536738
2026-07-31T22:33:45Z,619,5,5,14,0,0,1,1,1,1785537104
2026-07-31T22:33:45Z,620,14,2,13,0,0,1,1,1,1785537202
2026-07-31T22:33:45Z,621,3,2,20,0,0,1,1,1,1785536882
2026-07-31T22:33:45Z,622,6,1,16,1,0,1,1,1,1785537120
2026-07-31T22:33:45Z,623,17,5,13,0,0,1,1,1,1785536858
2026-07-31T22:33:45Z,624,0,0,15,0,0,1,1,1,1785534424
2026-07-31T22:33:45Z,625,15,3,1,5,0,1,1,1,1785536842
2026-07-31T22:33:45Z,626,40,0,5,0,2,1,1,1,1785536932
2026-07-31T22:33:45Z,627,16,4,3,0,0,1,1,1,1785537221
2026-07-31T22:33:45Z,628,5,3,12,1,1,1,1,1,1785537218
2026-07-31T22:33:45Z,629,2,1,7,2,0,1,1,1,1785536963
2026-07-31T22:33:45Z,630,1,0,22,4,0,1,1,1,1785537071
2026-07-31T22:33:45Z,631,3,3,20,0,0,1,1,1,1785536521
2026-07-31T22:33:45Z,632,15,1,6,2,0,1,1,1,1785536939
2026-07-31T22:33:45Z,633,11,3,1,3,0,1,1,1,1785530006
2026-07-31T22:33:45Z,634,11,1,8,0,0,1,1,1,1785537091
2026-07-31T22:33:45Z,635,16,1,3,0,0,1,1,1,1785536443
2026-07-31T22:33:45Z,636,7,2,8,0,0,1,1,1,1785526430
2026-07-31T22:33:45Z,637,6,2,11,2,0,1,1,1,1785535251
2026-07-31T22:33:45Z,638,7,2,10,2,0,1,1,1,1785536943
2026-07-31T22:33:45Z,639,11,2,6,2,0,1,1,1,1785536472
2026-07-31T22:33:45Z,640,11,7,10,2,0,1,1,1,1785537138
2026-07-31T22:33:45Z,641,14,0,13,0,0,1,1,1,1785537122
2026-07-31T22:33:45Z,642,4,3,7,8,0,1,1,1,1785537222
2026-07-31T22:33:45Z,643,4,1,15,8,0,1,1,1,1785537219
2026-07-31T22:33:45Z,644,13,1,1,1,0,1,1,1,1785533615
2026-07-31T22:33:45Z,645,18,1,2,3,0,1,1,1,1785537211
2026-07-31T22:33:45Z,646,4,1,15,0,0,1,1,1,1785533859
2026-07-31T22:33:45Z,647,7,0,24,0,0,1,1,1,1785537208
2026-07-31T22:33:45Z,648,2,0,16,1,0,1,1,1,1785535473
2026-07-31T22:33:45Z,649,20,0,10,1,0,1,1,1,1785537156
2026-07-31T22:33:45Z,650,5,1,9,0,0,1,1,1,1785535619
2026-07-31T22:33:45Z,651,8,7,15,0,0,1,1,1,1785536037
2026-07-31T22:33:45Z,652,4,1,16,3,0,1,1,1,1785537122
2026-07-31T22:33:45Z,653,2,1,16,1,0,1,1,1,1785537204
2026-07-31T22:33:45Z,654,1,1,13,1,0,1,1,1,1785537212
2026-07-31T22:33:45Z,655,8,4,0,4,1,1,1,1,1785537016
2026-07-31T22:33:45Z,656,1,0,17,1,0,1,1,1,1785537094
2026-07-31T22:33:45Z,657,10,4,3,2,2,1,1,1,1785537142
2026-07-31T22:33:45Z,658,9,1,1,0,0,1,1,1,1785533651
2026-07-31T22:33:45Z,659,6,4,7,2,0,1,1,1,1785537194
2026-07-31T22:33:45Z,660,14,3,12,5,0,1,1,1,1785537090
2026-07-31T22:33:45Z,661,8,2,11,0,0,1,1,1,1785537047
2026-07-31T22:33:45Z,662,6,2,13,4,0,1,1,1,1785536777
2026-07-31T22:33:45Z,663,7,0,8,0,0,1,1,1,1785536978
2026-07-31T22:33:45Z,664,10,0,15,2,0,1,1,1,1785537214
2026-07-31T22:33:45Z,665,7,4,8,0,0,1,1,1,1785536947
2026-07-31T22:33:45Z,666,7,2,5,3,0,1,1,1,1785536590
2026-07-31T22:33:45Z,667,17,2,0,2,0,1,1,1,1785537205
2026-07-31T22:33:45Z,668,13,3,6,0,0,1,1,1,1785537198
2026-07-31T22:33:45Z,669,5,3,7,2,0,1,1,1,1785536986
2026-07-31T22:33:45Z,670,15,0,11,1,0,1,1,1,1785536884
2026-07-31T22:33:45Z,671,14,2,10,3,0,1,1,1,1785537192
2026-07-31T22:33:45Z,672,7,0,12,3,1,1,1,1,1785536202
2026-07-31T22:33:45Z,673,11,0,11,0,1,1,1,1,1785537214
2026-07-31T22:33:45Z,674,0,0,21,2,0,1,1,1,1785537192
2026-07-31T22:33:45Z,675,3,1,10,2,0,1,1,1,1785536040
2026-07-31T22:33:45Z,676,8,0,12,2,0,1,1,1,1785537214
2026-07-31T22:33:45Z,681,10,4,4,0,1,1,1,1,1785537024
2026-07-31T22:33:45Z,682,7,1,12,0,0,1,1,1,1785537004
2026-07-31T22:33:45Z,683,1,1,18,0,0,1,1,1,1785527602
2026-07-31T22:33:45Z,684,4,1,23,0,0,1,1,1,1785535557
2026-07-31T22:33:45Z,685,6,0,19,1,1,1,1,1,1785535602
2026-07-31T22:33:45Z,686,11,0,13,3,0,1,1,1,1785537126
2026-07-31T22:33:45Z,687,13,1,16,1,1,1,1,1,1785537152
2026-07-31T22:33:45Z,688,9,1,10,0,0,1,1,1,1785537082
2026-07-31T22:33:45Z,692,1,1,20,0,0,1,1,1,1785537099
2026-07-31T22:33:45Z,693,6,0,2,3,0,1,1,1,1785536064
2026-07-31T22:33:45Z,694,8,3,13,0,0,1,1,1,1785535932
2026-07-31T22:33:45Z,695,1,1,21,1,0,1,1,1,1785537108
2026-07-31T22:33:45Z,696,16,13,7,0,0,1,1,1,1785537184
2026-07-31T22:33:45Z,697,21,5,1,1,0,1,1,1,1785537212
2026-07-31T22:33:45Z,698,15,5,12,0,0,1,1,1,1785537182
2026-07-31T22:33:45Z,699,5,1,9,1,0,1,1,1,1785536613
2026-07-31T22:33:45Z,700,16,0,1,2,0,1,1,1,1785537175
2026-07-31T22:33:45Z,701,16,4,2,1,0,1,1,1,1785536507
2026-07-31T22:33:45Z,702,6,4,17,0,0,1,1,1,1785537219
2026-07-31T22:33:45Z,704,5,0,9,1,0,1,1,1,1785537071
2026-07-31T22:33:45Z,705,1,0,14,0,0,1,1,1,1785536699
2026-07-31T22:33:45Z,706,4,1,9,2,0,1,1,1,1785537219
2026-07-31T22:33:45Z,707,7,1,8,0,0,1,1,1,1785536573
2026-07-31T22:33:45Z,708,13,1,5,1,0,1,1,1,1785536874
2026-07-31T22:33:45Z,709,5,0,8,2,0,1,1,1,1785536679
2026-07-31T22:33:45Z,710,3,0,15,1,0,1,1,1,1785536108
2026-07-31T22:33:45Z,711,7,0,13,3,0,1,1,1,1785536829
2026-07-31T22:33:45Z,712,7,5,7,1,0,1,1,1,1785537206
2026-07-31T22:33:45Z,713,6,2,17,0,0,1,1,1,1785537188
2026-07-31T22:33:45Z,716,4,3,11,0,0,1,1,1,1785536364
2026-07-31T22:33:45Z,717,1,1,22,2,0,1,1,1,1785536994
2026-07-31T22:33:45Z,718,4,1,9,2,0,1,1,1,1785536740
2026-07-31T22:33:45Z,719,4,0,25,0,0,1,1,1,1785535688
2026-07-31T22:33:45Z,720,0,0,19,0,0,1,1,1,1785536630
2026-07-31T22:33:45Z,721,5,0,16,2,0,1,1,1,1785537101
2026-07-31T22:33:45Z,722,7,1,8,0,0,1,1,1,1785536406
2026-07-31T22:33:45Z,723,14,2,9,0,0,1,1,1,1785536628
2026-07-31T22:33:45Z,724,6,3,16,1,0,1,1,1,1785536824
2026-07-31T22:33:45Z,725,3,0,20,0,0,1,1,1,1785537067
2026-07-31T22:33:45Z,726,6,0,12,1,0,1,1,1,1785536631
2026-07-31T22:33:45Z,727,10,5,12,1,0,1,1,1,1785535669
2026-07-31T22:33:45Z,728,9,0,5,1,0,1,1,1,1785536934
2026-07-31T22:33:45Z,729,4,0,15,0,0,1,1,1,1785536938
2026-07-31T22:33:45Z,730,0,0,12,3,0,1,1,1,1785535718
2026-07-31T22:33:45Z,731,3,3,10,2,0,1,1,1,1785536679
2026-07-31T22:33:45Z,732,4,2,11,0,0,1,1,1,1785535877
2026-07-31T22:33:45Z,733,22,3,5,0,0,1,1,1,1785537196
2026-07-31T22:33:45Z,734,1,0,13,0,0,1,1,1,1785536396
2026-07-31T22:33:45Z,735,24,9,3,0,0,1,1,1,1785536867
2026-07-31T22:33:45Z,736,13,1,6,0,0,1,1,1,1785537111
2026-07-31T22:33:45Z,737,2,1,12,0,1,1,1,1,1785537166
2026-07-31T22:33:45Z,738,15,4,4,0,0,1,1,1,1785537218
2026-07-31T22:33:45Z,739,18,0,8,1,0,1,1,1,1785536963
2026-07-31T22:33:45Z,741,6,0,17,0,0,1,1,1,1785537008
2026-07-31T22:33:45Z,742,10,9,23,2,0,1,1,1,1785536965
2026-07-31T22:33:45Z,743,5,2,14,0,0,1,1,1,1785536885
2026-07-31T22:33:45Z,744,9,3,6,0,0,1,1,1,1785536851
2026-07-31T22:33:45Z,745,10,4,9,0,0,1,1,1,1785536157
2026-07-31T22:33:45Z,746,4,0,18,1,0,1,1,1,1785537052
2026-07-31T22:33:45Z,747,0,0,4,0,0,0,1,1,1783446606
2026-07-31T22:33:45Z,748,8,0,15,0,0,1,1,1,1785536451
2026-07-31T22:33:45Z,749,5,0,18,0,0,1,1,1,1785536369
2026-07-31T22:33:45Z,750,10,6,0,1,0,1,1,1,1785537094
2026-07-31T22:33:45Z,751,18,15,5,0,0,1,1,1,1785537194
2026-07-31T22:33:45Z,752,0,0,16,1,0,1,1,1,1785535541
2026-07-31T22:33:45Z,753,5,0,9,1,0,1,1,1,1785537106
2026-07-31T22:33:45Z,754,4,1,11,0,0,1,1,1,1785536461
2026-07-31T22:33:45Z,755,16,4,6,1,0,1,1,1,1785536260
2026-07-31T22:33:45Z,756,4,3,32,1,0,1,1,1,1785537184
2026-07-31T22:33:45Z,757,8,2,11,0,0,1,1,1,1785537027
2026-07-31T22:33:45Z,758,3,2,20,0,0,1,1,1,1785536914
2026-07-31T22:33:45Z,759,0,0,0,0,0,1,1,1,86400
2026-07-31T22:33:45Z,760,9,2,10,0,0,1,1,1,1785531870
2026-07-31T22:33:45Z,761,2,1,21,0,0,1,1,1,1785537106
2026-07-31T22:33:45Z,762,4,2,6,5,0,1,1,1,1785536702
2026-07-31T22:33:45Z,768,7,0,8,4,0,1,1,1,1785535781
2026-07-31T22:33:45Z,769,14,8,4,1,0,1,1,1,1785537143
2026-07-31T22:33:45Z,770,10,2,8,1,0,1,1,1,1785537204
2026-07-31T22:33:45Z,771,12,1,2,1,0,1,1,1,1785536656
2026-07-31T22:33:45Z,772,1,0,14,0,0,1,1,1,1785537185
2026-07-31T22:33:45Z,773,17,2,2,0,0,1,1,1,1785537116
2026-07-31T22:33:45Z,774,5,1,6,4,0,1,1,1,1785536972
2026-07-31T22:33:45Z,775,5,1,12,1,1,1,1,1,1785536592
2026-07-31T22:33:45Z,776,2,0,18,1,0,1,1,1,1785535889
2026-07-31T22:33:45Z,777,11,2,4,0,0,1,1,1,1785536806
2026-07-31T22:33:45Z,778,13,0,6,0,0,1,1,1,1785537104
2026-07-31T22:33:45Z,779,6,0,12,1,0,1,1,1,1785536367
2026-07-31T22:33:45Z,780,6,0,12,1,0,1,1,1,1785536793
2026-07-31T22:33:45Z,781,3,1,6,2,0,1,1,1,1785535975
2026-07-31T22:33:45Z,782,0,0,15,4,0,1,1,1,1785536897
2026-07-31T22:33:45Z,783,7,3,12,0,0,1,1,1,1785536127
2026-07-31T22:33:45Z,784,9,2,10,0,0,1,1,1,1785536026
2026-07-31T22:33:45Z,785,9,2,4,6,0,1,1,1,1785536410
2026-07-31T22:33:45Z,786,9,5,10,0,0,1,1,1,1785536018
2026-07-31T22:33:45Z,787,4,3,10,1,0,1,1,1,1785536811
2026-07-31T22:33:45Z,788,6,1,9,0,0,1,1,1,1785536610
2026-07-31T22:33:45Z,789,6,2,5,4,0,1,1,1,1785536812
2026-07-31T22:33:45Z,790,5,1,17,1,0,1,1,1,1785537093
2026-07-31T22:33:45Z,791,7,0,11,0,1,1,1,1,1785536965
2026-07-31T22:33:45Z,793,4,0,10,1,0,1,1,1,1785536933
2026-07-31T22:33:45Z,794,1,0,26,2,0,1,1,1,1785537008
2026-07-31T22:33:45Z,796,6,3,12,1,0,1,1,1,1785536831
2026-07-31T22:33:45Z,797,5,1,10,0,0,1,1,1,1785537166
2026-07-31T22:33:45Z,798,14,1,10,1,0,1,1,1,1785537176
2026-07-31T22:33:45Z,799,15,2,0,4,0,1,1,1,1785536794
2026-07-31T22:33:45Z,800,1,1,19,1,0,1,1,1,1785537036
2026-07-31T22:33:45Z,801,2,1,18,1,0,1,1,1,1785536887
2026-07-31T22:33:45Z,802,7,0,24,0,0,1,1,1,1785537075
2026-07-31T22:33:45Z,803,2,0,13,0,0,1,1,1,1785537046
2026-07-31T22:33:45Z,806,7,3,7,1,0,1,1,1,1785536197
2026-07-31T22:33:45Z,807,8,4,14,3,0,1,1,1,1785535714
2026-07-31T22:33:45Z,808,13,0,9,3,0,1,1,1,1785535844
2026-07-31T22:33:45Z,809,4,1,18,1,0,1,1,1,1785536839
2026-07-31T22:33:45Z,810,3,1,14,2,0,1,1,1,1785537204
2026-07-31T22:33:45Z,815,5,2,5,4,1,1,1,1,1785537200
2026-07-31T22:33:45Z,817,11,6,4,0,0,1,1,1,1785537054
2026-07-31T22:33:45Z,818,6,1,17,0,0,1,1,1,1785535652
2026-07-31T22:33:45Z,819,6,4,9,0,0,1,1,1,1785537047
2026-07-31T22:33:45Z,820,10,0,6,1,0,1,1,1,1785536408
2026-07-31T22:33:45Z,821,4,3,11,0,0,1,1,1,1785536905
2026-07-31T22:33:45Z,822,4,1,18,1,0,1,1,1,1785537216
2026-07-31T22:33:45Z,823,14,0,0,1,0,1,1,1,1785537164
2026-07-31T22:33:45Z,824,18,9,1,0,0,1,1,1,1785537038
2026-07-31T22:33:45Z,825,7,4,7,1,0,1,1,1,1785536925
2026-07-31T22:33:45Z,826,7,0,10,2,0,1,1,1,1785535988
2026-07-31T22:33:45Z,827,16,4,3,2,0,1,1,1,1785537168
2026-07-31T22:33:45Z,828,11,0,5,2,0,1,1,1,1785537182
2026-07-31T22:33:45Z,829,18,7,9,0,0,1,1,1,1785536306
2026-07-31T22:33:45Z,830,14,0,8,1,0,1,1,1,1785536298
2026-07-31T22:33:45Z,831,4,3,9,2,0,1,1,1,1785536338
2026-07-31T22:33:45Z,832,8,3,7,3,0,1,1,1,1785537024
2026-07-31T22:33:45Z,833,5,1,13,1,0,1,1,1,1785536407
2026-07-31T22:33:45Z,834,22,0,1,1,0,1,1,1,1785537127
2026-07-31T22:33:45Z,835,3,3,13,2,0,1,1,1,1785536974
2026-07-31T22:33:45Z,838,8,4,6,1,0,1,1,1,1785537095
2026-07-31T22:33:45Z,839,12,0,15,2,0,1,1,1,1785537162
2026-07-31T22:33:45Z,840,0,0,28,1,0,1,1,1,1785535908
2026-07-31T22:33:45Z,841,8,2,7,0,0,1,1,1,1785536322
2026-07-31T22:33:45Z,842,1,0,22,0,0,1,1,1,1785536260
2026-07-31T22:33:45Z,843,16,2,15,0,0,1,1,1,1785537169
2026-07-31T22:33:45Z,844,4,0,19,0,0,1,1,1,1785536539
2026-07-31T22:33:45Z,845,5,3,12,2,0,1,1,1,1785536604
2026-07-31T22:33:45Z,846,4,2,14,1,0,1,1,1,1785535742
2026-07-31T22:33:45Z,847,6,1,20,1,0,1,1,1,1785535653
2026-07-31T22:33:45Z,848,3,3,15,1,0,1,1,1,1785536822
2026-07-31T22:33:45Z,849,7,0,7,1,0,1,1,1,1785536022
2026-07-31T22:33:45Z,850,7,0,4,0,0,1,1,1,1785536861
2026-07-31T22:33:45Z,851,3,2,31,3,0,1,1,1,1785536233
2026-07-31T22:33:45Z,852,10,4,9,0,0,1,1,1,1785536823
2026-07-31T22:33:45Z,853,11,5,12,0,0,1,1,1,1785535452
2026-07-31T22:33:45Z,854,0,0,15,0,0,1,1,1,1785537211
2026-07-31T22:33:45Z,855,23,0,4,0,0,1,1,1,1785536652
2026-07-31T22:33:45Z,857,8,6,9,2,0,1,1,1,1785537014
2026-07-31T22:33:45Z,858,5,2,13,1,0,1,1,1,1785537012
2026-07-31T22:33:45Z,859,8,0,12,1,0,1,1,1,1785537189
2026-07-31T22:33:45Z,861,6,0,4,1,0,1,1,1,1785528609
2026-07-31T22:33:45Z,862,3,2,12,0,0,1,1,1,1785536760
2026-07-31T22:33:45Z,863,14,1,4,1,0,1,1,1,1785534680
2026-07-31T22:33:45Z,866,13,1,6,0,0,1,1,1,1785536758
2026-07-31T22:33:45Z,867,14,2,1,0,0,1,1,1,1785535970
2026-07-31T22:33:45Z,868,7,0,8,0,0,1,1,1,1785536225
2026-07-31T22:33:45Z,870,7,4,8,0,0,1,1,1,1785536839
2026-07-31T22:33:45Z,871,0,0,10,1,0,1,1,1,1785535773
2026-07-31T22:33:45Z,872,1,0,13,1,0,1,1,1,1785536362
2026-07-31T22:33:45Z,873,4,1,27,2,0,1,1,1,1785536755
2026-07-31T22:33:45Z,874,6,3,6,3,0,1,1,1,1785536524
2026-07-31T22:33:45Z,875,12,8,1,2,0,1,1,1,1785536587
2026-07-31T22:33:45Z,877,13,12,6,0,0,1,1,1,1785536059
2026-07-31T22:33:45Z,878,3,3,16,0,0,1,1,1,1785536629
2026-07-31T22:33:45Z,879,1,0,18,0,0,1,1,1,1785537119
2026-07-31T22:33:45Z,880,1,0,21,1,0,1,1,1,1785536589
2026-07-31T22:33:45Z,881,3,0,16,0,0,1,1,1,1785536494
2026-07-31T22:33:45Z,882,9,3,9,1,0,1,1,1,1785534469
2026-07-31T22:33:45Z,883,7,3,12,0,0,1,1,1,1785536679
2026-07-31T22:33:45Z,884,11,7,10,0,0,1,1,1,1785536082
2026-07-31T22:33:45Z,885,0,0,19,0,0,1,1,1,1785536292
2026-07-31T22:33:45Z,886,0,0,27,2,0,1,1,1,1785537223
2026-07-31T22:33:45Z,887,7,0,6,4,0,1,1,1,1785536941
2026-07-31T22:33:45Z,888,11,0,27,3,0,1,1,1,1785537153
2026-07-31T22:33:45Z,889,7,0,10,2,0,1,1,1,1785536964
2026-07-31T22:33:45Z,890,8,4,7,0,0,1,1,1,1785535414
2026-07-31T22:33:45Z,891,18,0,4,1,0,1,1,1,1785536522
2026-07-31T22:33:45Z,892,10,0,5,0,0,1,1,1,1785536903
2026-07-31T22:33:45Z,895,2,0,17,0,0,1,1,1,1785536824
2026-07-31T22:33:45Z,896,7,2,28,0,0,1,1,1,1785534764
2026-07-31T22:33:45Z,897,15,0,6,0,0,1,1,1,1785536530
2026-07-31T22:33:45Z,898,2,0,17,0,0,1,1,1,1785536203
2026-07-31T22:33:45Z,899,6,0,12,1,0,1,1,1,1785536788
2026-07-31T22:33:45Z,900,11,0,15,1,0,1,1,1,1785537120
2026-07-31T22:33:45Z,901,4,0,14,1,0,1,1,1,1785536985
2026-07-31T22:33:45Z,902,5,1,10,0,0,1,1,1,1785536104
2026-07-31T22:33:45Z,903,7,2,11,1,0,1,1,1,1785535695
2026-07-31T22:33:45Z,904,10,4,8,1,0,1,1,1,1785536609
2026-07-31T22:33:45Z,905,14,2,12,1,0,1,1,1,1785536557
2026-07-31T22:33:45Z,906,12,7,15,0,0,1,1,1,1785537201
2026-07-31T22:33:45Z,907,5,0,24,2,0,1,1,1,1785537020
2026-07-31T22:33:45Z,908,12,2,11,0,0,1,1,1,1785536626
2026-07-31T22:33:45Z,909,7,7,16,0,0,1,1,1,1785537190
2026-07-31T22:33:45Z,910,22,2,7,2,0,1,1,1,1785537207
2026-07-31T22:33:45Z,911,4,1,15,0,0,1,1,1,1785536136
2026-07-31T22:33:45Z,912,4,3,18,1,0,1,1,1,1785537064
2026-07-31T22:33:45Z,913,5,3,14,0,0,1,1,1,1785537136
2026-07-31T22:33:45Z,914,11,1,6,2,0,1,1,1,1785537185
2026-07-31T22:33:45Z,915,13,1,7,3,0,1,1,1,1785536849
2026-07-31T22:33:45Z,916,1,0,22,0,0,1,1,1,1785536858
2026-07-31T22:33:45Z,917,5,0,29,1,0,1,1,1,1785536638
2026-07-31T22:33:45Z,918,0,0,15,4,0,1,1,1,1785537169
2026-07-31T22:33:45Z,919,5,0,34,0,0,1,1,1,1785537217
2026-07-31T22:33:45Z,920,7,2,12,0,0,1,1,1,1785536913
2026-07-31T22:33:45Z,921,11,0,10,0,0,1,1,1,1785536303
2026-07-31T22:33:45Z,922,0,0,21,0,0,1,1,1,1785537162
2026-07-31T22:33:45Z,923,5,2,14,0,0,1,1,1,1785536070
2026-07-31T22:33:45Z,924,6,1,14,1,0,1,1,1,1785536372
2026-07-31T22:33:45Z,925,11,0,10,0,0,1,1,1,1785536822
2026-07-31T22:33:45Z,926,2,0,19,0,0,1,1,1,1785536893
2026-07-31T22:33:45Z,927,20,2,15,0,0,1,1,1,1785537035
2026-07-31T22:33:45Z,928,0,0,19,0,0,0,1,1,1785500252
2026-07-31T22:33:45Z,929,10,1,13,0,0,1,1,1,1785537123
2026-07-31T22:33:45Z,930,10,0,20,1,0,1,1,1,1785536819
2026-07-31T22:33:45Z,931,6,6,16,1,0,1,1,1,1785536897
2026-07-31T22:33:45Z,932,13,0,4,2,0,1,1,1,1785537164
2026-07-31T22:33:45Z,933,6,2,15,2,0,1,1,1,1785537166
2026-07-31T22:33:45Z,934,28,0,2,1,0,1,1,1,1785536894
2026-07-31T22:33:45Z,935,11,0,7,1,0,1,1,1,1785537172
2026-07-31T22:33:45Z,936,6,0,13,0,0,1,1,1,1785537111
2026-07-31T22:33:45Z,940,6,0,4,1,0,1,1,1,1785535758
2026-07-31T22:33:45Z,941,17,2,5,3,0,1,1,1,1785537043
2026-07-31T22:33:45Z,942,14,2,7,0,0,1,1,1,1785536589
2026-07-31T22:33:45Z,943,8,8,7,0,0,1,1,1,1785536440
2026-07-31T22:33:45Z,944,10,8,5,0,0,1,1,1,1785536290
2026-07-31T22:33:45Z,945,7,5,8,0,0,1,1,1,1785536930
2026-07-31T22:33:45Z,946,7,5,12,0,0,1,1,1,1785523835
2026-07-31T22:33:45Z,947,5,3,12,0,0,1,1,1,1785536314
2026-07-31T22:33:45Z,948,20,16,7,4,0,1,1,1,1785537060
2026-07-31T22:33:45Z,949,5,2,10,0,0,1,1,1,1785537169
2026-07-31T22:33:45Z,950,2,1,14,1,0,1,1,1,1785537139
2026-07-31T22:33:45Z,951,17,7,6,0,0,1,1,1,1785536609
2026-07-31T22:33:45Z,952,18,1,36,1,0,1,1,1,1785537064
2026-07-31T22:33:45Z,953,7,1,7,1,0,1,1,1,1785536997
2026-07-31T22:33:45Z,954,6,1,13,0,0,1,1,1,1785536911
2026-07-31T22:33:45Z,955,12,7,9,6,0,1,1,1,1785536936
2026-07-31T22:33:45Z,956,9,0,12,2,0,1,1,1,1785537091
2026-07-31T22:33:45Z,957,24,3,4,1,0,1,1,1,1785537109
2026-07-31T22:33:45Z,958,10,1,19,2,0,1,1,1,1785537187
2026-07-31T22:33:45Z,959,7,2,15,1,0,1,1,1,1785537135
2026-07-31T22:33:45Z,960,7,1,16,0,0,1,1,1,1785537098
2026-07-31T22:33:45Z,961,3,1,17,3,0,1,1,1,1785537080
2026-07-31T22:33:45Z,962,8,0,24,3,0,1,1,1,1785537184
2026-07-31T22:33:45Z,963,14,0,8,1,0,1,1,1,1785537109
2026-07-31T22:33:45Z,964,16,10,6,1,0,1,1,1,1785537165
2026-07-31T22:33:45Z,965,12,6,14,1,0,1,1,1,1785536925
2026-07-31T22:33:45Z,966,10,0,20,1,0,1,1,1,1785537198
2026-07-31T22:33:45Z,967,14,0,5,2,0,1,1,1,1785537119
2026-07-31T22:33:45Z,968,14,0,4,1,0,1,1,1,1785536707
2026-07-31T22:33:45Z,969,1,0,24,2,0,1,1,1,1785537121
2026-07-31T22:33:45Z,970,1,1,17,1,0,1,1,1,1785536670
2026-07-31T22:33:45Z,971,2,0,20,1,0,1,1,1,1785537092
2026-07-31T22:33:45Z,972,10,4,12,1,0,1,1,1,1785536329
2026-07-31T22:33:45Z,973,7,0,15,1,0,1,1,1,1785535896
2026-07-31T22:33:45Z,974,15,0,12,0,0,1,1,1,1785537112
2026-07-31T22:33:45Z,977,0,0,19,2,0,1,1,1,1785536568
2026-07-31T22:33:45Z,978,17,0,6,0,0,1,1,1,1785536701
2026-07-31T22:33:45Z,979,0,0,17,0,0,1,1,1,1785536917
2026-07-31T22:33:45Z,980,0,0,20,1,0,1,1,1,1785535940
2026-07-31T22:33:45Z,981,10,0,11,0,0,1,1,1,1785537110
2026-07-31T22:33:45Z,982,3,0,14,2,0,1,1,1,1785536371
2026-07-31T22:33:45Z,983,2,2,21,0,0,1,1,1,1785536841
2026-07-31T22:33:45Z,984,5,0,18,0,0,1,1,1,1785536497
2026-07-31T22:33:45Z,985,2,0,28,1,0,1,1,1,1785537159
2026-07-31T22:33:45Z,986,4,0,15,0,0,1,1,1,1785536372
2026-07-31T22:33:45Z,987,7,1,16,0,0,1,1,1,1785536955
2026-07-31T22:33:45Z,988,6,4,13,0,0,1,1,1,1785536545
2026-07-31T22:33:45Z,989,7,4,12,0,0,1,1,1,1785535526
2026-07-31T22:33:45Z,990,12,0,2,1,0,1,1,1,1785537038
2026-07-31T22:33:45Z,991,9,0,9,1,0,1,1,1,1785536285
2026-07-31T22:33:45Z,992,9,5,14,0,0,1,1,1,1785537171
2026-07-31T22:33:45Z,993,6,4,20,1,0,1,1,1,1785536824
2026-07-31T22:33:45Z,994,0,0,21,0,0,1,1,1,1785535600
2026-07-31T22:33:45Z,995,7,1,20,0,0,1,1,1,1785536630
2026-07-31T22:33:45Z,996,7,2,16,0,0,1,1,1,1785536457
2026-07-31T22:33:45Z,997,14,8,8,1,0,1,1,1,1785537191
2026-07-31T22:33:45Z,998,5,4,18,0,0,1,1,1,1785536715
2026-07-31T22:33:45Z,999,4,1,15,1,1,1,1,1,1785536572
2026-07-31T22:33:45Z,1000,0,0,21,0,0,1,1,1,1785535711
2026-07-31T22:33:45Z,1001,5,3,22,0,0,1,1,1,1785536790
2026-07-31T22:33:45Z,1002,3,2,27,1,0,1,1,1,1785536820
2026-07-31T22:33:45Z,1003,0,0,23,0,0,1,1,1,1785536580
2026-07-31T22:33:45Z,1004,8,2,15,0,0,1,1,1,1785535840
2026-07-31T22:33:45Z,1005,20,1,3,0,0,1,1,1,1785536542
2026-07-31T22:33:45Z,1006,8,4,11,0,0,1,1,1,1785536344
2026-07-31T22:33:45Z,1007,2,1,19,0,0,1,1,1,1785535989
2026-07-31T22:33:45Z,1008,7,6,16,0,0,1,1,1,1785535529
2026-07-31T22:33:45Z,1009,22,5,8,1,0,1,1,1,1785535439
2026-07-31T22:33:45Z,1010,7,2,20,0,0,1,1,1,1785536259
2026-07-31T22:33:45Z,1011,7,2,10,2,0,1,1,1,1785536717
2026-07-31T22:33:45Z,1012,5,3,16,2,0,1,1,1,1785536314
2026-07-31T22:33:45Z,1013,4,1,18,1,0,1,1,1,1785536870
2026-07-31T22:33:45Z,1014,9,4,14,0,0,1,1,1,1785536840
2026-07-31T22:33:45Z,1015,4,3,26,1,0,1,1,1,1785537198
2026-07-31T22:33:45Z,1016,10,5,21,0,0,1,1,1,1785536274
2026-07-31T22:33:45Z,1017,13,5,8,0,0,1,1,1,1785535705
2026-07-31T22:33:45Z,1018,6,2,16,0,0,1,1,1,1785536393
2026-07-31T22:33:45Z,1019,8,5,7,0,0,1,1,1,1785536250
2026-07-31T22:33:45Z,1020,19,5,2,0,0,1,1,1,1785535570
2026-07-31T22:33:45Z,1021,9,4,6,0,0,1,1,1,1785537053
2026-07-31T22:33:45Z,1022,14,0,13,0,0,1,1,1,1785536529
2026-07-31T22:33:45Z,1023,14,2,9,0,0,1,1,1,1785536148
2026-07-31T22:33:45Z,1024,3,1,16,0,0,1,1,1,1785537107
2026-07-31T22:33:45Z,1025,5,0,13,0,1,1,1,1,1785537050
2026-07-31T22:33:45Z,1026,11,9,19,1,0,1,1,1,1785535880
2026-07-31T22:33:45Z,1028,3,1,20,0,0,1,1,1,1785536487
2026-07-31T22:33:45Z,1029,11,9,4,0,0,1,1,1,1785535805
2026-07-31T22:33:45Z,1030,13,4,10,0,0,1,1,1,1785537184
2026-07-31T22:33:45Z,1031,9,1,10,0,0,1,1,1,1785535670
2026-07-31T22:33:45Z,1032,7,1,12,0,0,1,1,1,1785536341
2026-07-31T22:33:45Z,1033,9,5,10,0,0,1,1,1,1785537166
2026-07-31T22:33:45Z,1034,3,0,12,0,0,1,1,1,1785536319
2026-07-31T22:33:45Z,1035,1,0,17,1,0,1,1,1,1785536345
2026-07-31T22:33:45Z,1036,13,0,2,0,0,1,1,1,1785536899
2026-07-31T22:33:45Z,1037,0,0,18,1,0,1,1,1,1785536864
2026-07-31T22:33:45Z,1038,1,0,14,0,0,1,1,1,1785536008
2026-07-31T22:33:45Z,1039,8,0,11,0,0,1,1,1,1785536889
2026-07-31T22:33:45Z,1040,8,5,11,0,0,1,1,1,1785536396
2026-07-31T22:33:45Z,1041,10,2,9,0,0,1,1,1,1785536261
2026-07-31T22:33:45Z,1042,3,0,11,1,0,1,1,1,1785536568
2026-07-31T22:33:45Z,1043,9,5,10,0,0,1,1,1,1785536423
2026-07-31T22:33:45Z,1044,1,0,14,0,0,1,1,1,1785536064
2026-07-31T22:33:45Z,1045,10,0,9,0,0,1,1,1,1785536327
2026-07-31T22:33:45Z,1046,9,0,6,0,0,1,1,1,1785535695
2026-07-31T22:33:45Z,1047,4,0,17,0,0,1,1,1,1785537114
2026-07-31T22:33:45Z,1048,2,0,17,0,0,1,1,1,1785537053
2026-07-31T22:33:45Z,1049,1,0,20,0,0,1,1,1,1785537132
2026-07-31T22:33:45Z,1050,20,5,1,0,0,1,1,1,1785535697
2026-07-31T22:33:45Z,1051,9,4,12,0,0,1,1,1,1785535566
2026-07-31T22:33:45Z,1052,17,1,4,1,0,1,1,1,1785536552
2026-07-31T22:33:45Z,1053,2,1,13,0,0,1,1,1,1785536201
2026-07-31T22:33:45Z,1054,7,2,8,0,0,1,1,1,1785536449
2026-07-31T22:33:45Z,1055,10,1,9,0,0,1,1,1,1785536538
2026-07-31T22:33:45Z,1057,1,1,18,0,0,1,1,1,1785537000
2026-07-31T22:33:45Z,1058,1,1,55,0,0,1,1,1,1785536972
2026-07-31T22:33:45Z,1059,4,2,14,1,0,1,1,1,1785536692
2026-07-31T22:33:45Z,1060,19,1,17,1,0,1,1,1,1785537194
2026-07-31T22:33:45Z,1061,14,0,23,0,0,1,1,1,1785536699
2026-07-31T22:33:45Z,1062,9,0,8,0,0,1,1,1,1785537186
2026-07-31T22:33:45Z,1063,12,1,6,1,0,1,1,1,1785536384
2026-07-31T22:33:45Z,1064,5,0,17,1,0,1,1,1,1785536850
2026-07-31T22:33:45Z,1065,14,3,9,0,0,1,1,1,1785537003
2026-07-31T22:33:45Z,1066,11,2,12,0,0,1,1,1,1785536821
2026-07-31T22:33:45Z,1067,7,1,14,2,0,1,1,1,1785537097
2026-07-31T22:33:45Z,1068,5,2,15,3,0,1,1,1,1785536643
2026-07-31T22:33:45Z,1069,12,3,11,0,0,1,1,1,1785536635
2026-07-31T22:33:45Z,1070,11,1,12,0,0,1,1,1,1785536740
2026-07-31T22:33:45Z,1071,8,4,15,0,0,1,1,1,1785536775
2026-07-31T22:33:45Z,1072,11,1,11,1,0,1,1,1,1785537097
2026-07-31T22:33:45Z,1073,12,0,14,1,0,1,1,1,1785536425
2026-07-31T22:33:45Z,1074,32,0,20,1,0,1,1,1,1785537097
2026-07-31T22:33:45Z,1075,8,8,13,0,0,1,1,1,1785535668
2026-07-31T22:33:45Z,1076,13,10,8,0,0,1,1,1,1785536502
2026-07-31T22:33:45Z,1077,12,7,9,0,0,1,1,1,1785537050
2026-07-31T22:33:45Z,1078,11,8,10,0,0,1,1,1,1785535626
2026-07-31T22:33:45Z,1079,14,10,7,0,0,1,1,1,1785536245
2026-07-31T22:33:45Z,1080,12,9,7,2,0,1,1,1,1785536928
2026-07-31T22:33:45Z,1081,14,8,5,0,0,1,1,1,1785537168
2026-07-31T22:33:45Z,1082,11,11,12,0,0,1,1,1,1785536248
2026-07-31T22:33:45Z,1083,12,11,9,0,0,1,1,1,1785536516
2026-07-31T22:33:45Z,1084,9,7,12,0,0,1,1,1,1785536131
2026-07-31T22:33:45Z,1085,12,9,9,0,0,1,1,1,1785536418
2026-07-31T22:33:45Z,1086,11,9,9,1,0,1,1,1,1785536540
2026-07-31T22:33:45Z,1087,8,7,7,0,0,1,1,1,1785536466
2026-07-31T22:33:45Z,1088,10,7,5,0,0,1,1,1,1785536384
2026-07-31T22:33:45Z,1089,7,3,8,0,0,1,1,1,1785529453
2026-07-31T22:33:45Z,1090,6,5,9,0,0,1,1,1,1785537132
2026-07-31T22:33:45Z,1091,7,5,8,0,0,1,1,1,1785535517
2026-07-31T22:33:45Z,1092,9,8,5,1,0,1,1,1,1785536715
2026-07-31T22:33:45Z,1093,5,5,9,1,0,1,1,1,1785535585
2026-07-31T22:33:45Z,1094,10,9,9,0,0,1,1,1,1785536335
2026-07-31T22:33:45Z,1095,10,8,5,0,0,1,1,1,1785536309
2026-07-31T22:33:45Z,1096,10,9,9,0,0,1,1,1,1785536713
2026-07-31T22:33:45Z,1097,8,8,7,0,0,1,1,1,1785536900
2026-07-31T22:33:45Z,1098,9,7,10,0,0,1,1,1,1785535942
2026-07-31T22:33:45Z,1099,7,6,8,0,0,1,1,1,1785536170
2026-07-31T22:33:45Z,1100,6,4,23,0,0,1,1,1,1785532207
2026-07-31T22:33:45Z,1101,10,5,11,0,0,1,1,1,1785536098
2026-07-31T22:33:45Z,1102,9,4,4,0,0,1,1,1,1785537107
2026-07-31T22:33:45Z,1103,11,5,10,0,0,1,1,1,1785503681
2026-07-31T22:33:45Z,1104,11,6,10,0,0,1,1,1,1785535849
2026-07-31T22:33:45Z,1105,7,3,6,0,0,1,1,1,1785536989
2026-07-31T22:33:45Z,1106,10,5,11,0,0,1,1,1,1785536191
2026-07-31T22:33:45Z,1107,9,5,6,0,0,1,1,1,1785536430
2026-07-31T22:33:45Z,1108,9,5,15,2,1,1,1,1,1785537040
2026-07-31T22:33:45Z,1109,7,3,8,0,0,1,1,1,1785536371
2026-07-31T22:33:45Z,1110,11,3,10,0,0,1,1,1,1785536812
2026-07-31T22:33:45Z,1111,8,3,12,1,0,1,1,1,1785536692
2026-07-31T22:33:45Z,1112,29,1,24,0,0,1,1,1,1785536640
2026-07-31T22:33:45Z,1113,0,0,21,0,0,1,1,1,1785536563
2026-07-31T22:33:45Z,1115,14,1,5,4,0,1,1,1,1785536917
2026-07-31T22:33:45Z,1116,2,0,17,0,0,1,1,1,1785536361
2026-07-31T22:33:45Z,1117,5,1,17,1,0,1,1,1,1785537184
2026-07-31T22:33:45Z,1118,16,0,5,0,0,1,1,1,1785536974
2026-07-31T22:33:45Z,1119,6,1,11,0,0,1,1,1,1785535537
2026-07-31T22:33:45Z,1120,6,1,12,1,0,1,1,1,1785537136
2026-07-31T22:33:45Z,1121,9,0,11,1,0,1,1,1,1785537148
2026-07-31T22:33:45Z,1122,2,1,18,1,0,1,1,1,1785535801
2026-07-31T22:33:45Z,1123,12,8,8,3,0,1,1,1,1785537220
2026-07-31T22:33:45Z,1124,8,2,6,1,0,1,1,1,1785536871
2026-07-31T22:33:45Z,1125,18,1,5,0,0,1,1,1,1785536739
2026-07-31T22:33:45Z,1126,6,2,15,0,0,1,1,1,1785536902
2026-07-31T22:33:45Z,1127,7,1,12,0,0,1,1,1,1785537093
2026-07-31T22:33:45Z,1128,3,2,12,0,0,1,1,1,1785537159
2026-07-31T22:33:45Z,1129,4,0,15,2,0,1,1,1,1785537173
2026-07-31T22:33:45Z,1130,10,0,5,0,0,1,1,1,1785537215
2026-07-31T22:33:45Z,1131,1,1,47,1,0,1,1,1,1785537206
2026-07-31T22:33:45Z,1132,10,4,10,1,0,1,1,1,1785536288
2026-07-31T22:33:45Z,1133,3,2,16,2,0,1,1,1,1785537217
2026-07-31T22:33:45Z,1134,12,6,7,0,0,1,1,1,1785536874
2026-07-31T22:33:45Z,1135,12,6,9,0,0,1,1,1,1785535996
2026-07-31T22:33:45Z,1136,17,0,6,0,0,1,1,1,1785537022
2026-07-31T22:33:45Z,1137,9,1,6,0,0,1,1,1,1785536526
2026-07-31T22:33:45Z,1138,4,0,15,0,0,1,1,1,1785536441
2026-07-31T22:33:45Z,1139,11,2,8,2,0,1,1,1,1785537158
2026-07-31T22:33:45Z,1140,0,0,21,2,0,1,1,1,1785536877
2026-07-31T22:33:45Z,1141,1,1,19,1,0,1,1,1,1785537133
2026-07-31T22:33:45Z,1142,5,0,16,0,0,1,1,1,1785537036
2026-07-31T22:33:45Z,1143,26,0,2,1,0,1,1,1,1785537126
2026-07-31T22:33:45Z,1144,8,0,12,1,0,1,1,1,1785535914
2026-07-31T22:33:45Z,1145,11,5,9,1,0,1,1,1,1785536772
2026-07-31T22:33:45Z,1146,4,1,12,3,0,1,1,1,1785537112
2026-07-31T22:33:45Z,1147,13,0,6,0,0,1,1,1,1785536620
2026-07-31T22:33:45Z,1148,4,0,27,0,0,1,1,1,1785537190
2026-07-31T22:33:45Z,1149,2,2,18,5,0,1,1,1,1785537211
2026-07-31T22:33:45Z,1150,1,0,18,0,0,1,1,1,1785536188
2026-07-31T22:33:45Z,1151,7,0,14,0,0,1,1,1,1785537023
2026-07-31T22:33:45Z,1152,0,0,29,0,0,1,1,1,1785536465
2026-07-31T22:33:45Z,1153,22,3,0,1,0,1,1,1,1785537174
2026-07-31T22:33:45Z,1154,4,0,15,0,0,1,1,1,1785536224
2026-07-31T22:33:45Z,1155,10,3,8,3,0,1,1,1,1785537166
2026-07-31T22:33:45Z,1158,3,1,16,0,0,1,1,1,1785536245
2026-07-31T22:33:45Z,1159,14,2,5,0,0,1,1,1,1785536608
2026-07-31T22:33:45Z,1160,7,2,12,0,0,1,1,1,1785536979
2026-07-31T22:33:45Z,1161,3,0,15,1,0,1,1,1,1785536743
2026-07-31T22:33:45Z,1162,4,0,15,0,0,1,1,1,1785537000
2026-07-31T22:33:45Z,1163,4,3,14,1,0,1,1,1,1785536569
2026-07-31T22:33:45Z,1164,5,1,14,0,0,1,1,1,1785536423
2026-07-31T22:33:45Z,1165,1,0,20,0,0,1,1,1,1785537169
2026-07-31T22:33:45Z,1166,13,3,7,1,0,1,1,1,1785536709
2026-07-31T22:33:45Z,1167,4,0,11,0,0,1,1,1,1785536092
2026-07-31T22:33:45Z,1168,3,0,18,2,0,1,1,1,1785536663
2026-07-31T22:33:45Z,1169,3,0,15,1,0,1,1,1,1785536269
2026-07-31T22:33:45Z,1170,6,1,15,0,0,1,1,1,1785536668
2026-07-31T22:33:45Z,1171,8,8,15,0,0,1,1,1,1785537013
2026-07-31T22:33:45Z,1172,5,0,8,2,0,1,1,1,1785536418
2026-07-31T22:33:45Z,1173,13,4,6,0,0,1,1,1,1785536527
2026-07-31T22:33:45Z,1174,3,1,12,0,0,1,1,1,1785536168
2026-07-31T22:33:45Z,1175,4,2,15,0,0,1,1,1,1785535612
2026-07-31T22:33:45Z,1176,8,2,13,0,0,1,1,1,1785535758
2026-07-31T22:33:45Z,1177,4,2,17,0,0,1,1,1,1785535688
2026-07-31T22:33:45Z,1178,5,2,10,0,0,1,1,1,1785536087
2026-07-31T22:33:45Z,1181,11,1,4,0,0,1,1,1,1785536704
2026-07-31T22:33:45Z,1182,14,3,5,1,0,1,1,1,1785537217
2026-07-31T22:33:45Z,1183,16,0,27,2,0,1,1,1,1785537201
2026-07-31T22:33:45Z,1184,4,4,14,3,0,1,1,1,1785536398
2026-07-31T22:33:45Z,1185,10,6,11,0,0,1,1,1,1785535824
2026-07-31T22:33:45Z,1186,9,5,10,0,0,1,1,1,1785536797
2026-07-31T22:33:45Z,1187,10,5,10,1,0,1,1,1,1785537023
2026-07-31T22:33:45Z,1188,10,5,5,0,0,1,1,1,1785536427
2026-07-31T22:33:45Z,1189,8,3,11,0,0,1,1,1,1785536560
2026-07-31T22:33:45Z,1190,9,4,12,0,0,1,1,1,1785535978
2026-07-31T22:33:45Z,1191,10,5,5,0,0,1,1,1,1785536431
2026-07-31T22:33:45Z,1192,11,7,9,1,0,1,1,1,1785536344
2026-07-31T22:33:45Z,1193,6,4,5,2,0,1,1,1,1785537201
2026-07-31T22:33:45Z,1197,9,6,7,1,0,1,1,1,1785537210
2026-07-31T22:33:45Z,1198,13,4,6,2,0,1,1,1,1785536868
2026-07-31T22:33:45Z,1199,3,0,16,0,0,1,1,1,1785536869
2026-07-31T22:33:45Z,1200,9,5,6,0,0,1,1,1,1785536471
2026-07-31T22:33:45Z,1201,9,4,6,0,0,1,1,1,1785536442
2026-07-31T22:33:45Z,1202,10,5,5,0,0,1,1,1,1785536542
2026-07-31T22:33:45Z,1203,11,5,4,0,0,1,1,1,1785536450
2026-07-31T22:33:45Z,1204,7,4,12,0,0,1,1,1,1785537177
2026-07-31T22:33:45Z,1206,11,5,10,0,0,1,1,1,1785535469
2026-07-31T22:33:45Z,1207,8,4,6,1,0,1,1,1,1785536759
2026-07-31T22:33:45Z,1208,10,4,9,0,0,1,1,1,1785536709
2026-07-31T22:33:45Z,1216,8,0,12,1,0,1,1,1,1785535683
2026-07-31T22:33:45Z,1218,4,0,17,0,0,1,1,1,1785536082
2026-07-31T22:33:45Z,1219,2,1,10,3,0,1,1,1,1785536357
2026-07-31T22:33:45Z,1220,17,6,2,0,0,1,1,1,1785536076
2026-07-31T22:33:45Z,1221,1,1,19,1,0,1,1,1,1785535436
2026-07-31T22:33:45Z,1222,17,1,12,0,0,1,1,1,1785536426
2026-07-31T22:33:45Z,1223,24,0,4,1,0,1,1,1,1785537072
2026-07-31T22:33:45Z,1226,0,0,3,0,0,0,1,1,1781868931
2026-07-31T22:33:45Z,1227,7,0,17,1,0,1,1,1,1785536082
2026-07-31T22:33:45Z,1228,3,0,25,1,0,1,1,1,1785537201
2026-07-31T22:33:45Z,1229,42,0,3,0,0,1,1,1,1785537051
2026-07-31T22:38:45Z,1,0,0,23,0,0,1,1,1,1785537370
2026-07-31T22:38:45Z,2,5,1,19,3,0,1,1,1,1785537329
2026-07-31T22:38:45Z,3,9,0,3,2,0,1,1,1,1785537180
2026-07-31T22:38:45Z,4,19,0,2,1,0,1,1,1,1785536872
2026-07-31T22:38:45Z,5,19,4,2,2,0,1,1,1,1785536609
2026-07-31T22:38:45Z,6,3,0,12,0,0,1,1,1,1785537442
2026-07-31T22:38:45Z,7,11,0,28,0,0,1,1,1,1785537373
2026-07-31T22:38:45Z,8,14,0,29,0,0,1,1,1,1785537446
2026-07-31T22:38:45Z,9,21,3,2,0,0,1,1,1,1785537420
2026-07-31T22:38:45Z,10,3,2,17,3,0,1,1,1,1785536550
2026-07-31T22:38:45Z,11,7,2,10,2,0,1,1,1,1785536999
2026-07-31T22:38:45Z,12,19,0,4,0,0,1,1,1,1785537174
2026-07-31T22:38:45Z,13,22,2,7,1,0,1,1,1,1785537416
2026-07-31T22:38:45Z,14,10,0,32,0,1,1,1,1,1785537389
2026-07-31T22:38:45Z,15,15,0,0,0,0,1,1,1,1785536042
2026-07-31T22:38:45Z,16,1,0,23,2,1,1,1,1,1785536397
2026-07-31T22:38:45Z,17,23,0,3,1,0,1,1,1,1785537336
2026-07-31T22:38:45Z,18,9,0,7,2,0,1,1,1,1785537507
2026-07-31T22:38:45Z,19,12,2,14,1,0,1,1,1,1785536731
2026-07-31T22:38:45Z,20,9,0,25,1,0,1,1,1,1785537504
2026-07-31T22:38:45Z,21,6,0,10,3,0,1,1,1,1785537449
2026-07-31T22:38:45Z,22,20,0,45,0,0,1,1,1,1785537336
2026-07-31T22:38:45Z,23,8,8,23,0,0,1,1,1,1785537161
2026-07-31T22:38:45Z,24,4,1,6,1,0,1,1,1,1785537511
2026-07-31T22:38:45Z,25,77,1,2,2,0,1,1,1,1785537412
2026-07-31T22:38:45Z,26,24,1,3,0,0,1,1,1,1785537384
2026-07-31T22:38:45Z,28,10,0,5,0,0,1,1,1,1785537417
2026-07-31T22:38:45Z,30,16,0,11,2,0,1,1,1,1785536981
2026-07-31T22:38:45Z,31,10,0,7,2,0,1,1,1,1785537438
2026-07-31T22:38:45Z,32,12,0,15,0,0,1,1,1,1785537504
2026-07-31T22:38:45Z,34,17,0,20,0,0,1,1,1,1785536603
2026-07-31T22:38:45Z,35,17,0,28,2,0,1,1,1,1785537443
2026-07-31T22:38:45Z,36,0,0,0,0,0,0,1,1,86400
2026-07-31T22:38:45Z,37,16,3,7,0,0,1,1,1,1785537453
2026-07-31T22:38:45Z,38,0,0,23,0,0,1,1,1,1785536698
2026-07-31T22:38:45Z,39,9,3,30,0,0,1,1,1,1785537417
2026-07-31T22:38:45Z,40,7,0,14,0,0,1,1,1,1785536909
2026-07-31T22:38:45Z,41,17,0,26,0,0,1,1,1,1785536462
2026-07-31T22:38:45Z,42,4,4,27,0,0,1,1,1,1785535440
2026-07-31T22:38:45Z,43,5,2,18,0,0,1,1,1,1785537471
2026-07-31T22:38:45Z,45,6,1,23,0,0,1,1,1,1785537242
2026-07-31T22:38:45Z,46,6,3,24,1,0,1,1,1,1785537511
2026-07-31T22:38:45Z,47,7,1,7,1,0,1,1,1,1785537205
2026-07-31T22:38:45Z,48,18,0,9,0,0,1,1,1,1785537511
2026-07-31T22:38:45Z,49,0,0,19,4,0,1,1,1,1785537510
2026-07-31T22:38:45Z,50,3,2,14,2,0,1,1,1,1785537505
2026-07-31T22:38:45Z,51,32,0,45,0,0,1,1,1,1785537504
2026-07-31T22:38:45Z,52,1,0,23,3,0,1,1,1,1785537471
2026-07-31T22:38:45Z,55,5,1,18,0,0,1,1,1,1785537446
2026-07-31T22:38:45Z,56,13,3,30,0,0,1,1,1,1785537429
2026-07-31T22:38:45Z,57,25,0,2,0,0,1,1,1,1785537472
2026-07-31T22:38:45Z,58,0,0,28,0,0,1,1,1,1785537262
2026-07-31T22:38:45Z,59,6,1,19,2,0,1,1,1,1785537233
2026-07-31T22:38:45Z,61,28,0,11,0,0,1,1,1,1785537159
2026-07-31T22:38:45Z,62,13,8,36,0,0,1,1,1,1785537505
2026-07-31T22:38:45Z,63,15,4,3,1,0,1,1,1,1785537341
2026-07-31T22:38:45Z,64,10,1,5,4,0,1,1,1,1785535815
2026-07-31T22:38:45Z,65,12,4,6,1,0,1,1,1,1785536898
2026-07-31T22:38:45Z,67,14,0,25,0,0,1,1,1,1785536505
2026-07-31T22:38:45Z,68,31,0,5,1,0,1,1,1,1785537028
2026-07-31T22:38:45Z,69,7,0,8,0,0,1,1,1,1785536870
2026-07-31T22:38:45Z,71,15,1,9,3,0,1,1,1,1785537288
2026-07-31T22:38:45Z,72,26,4,1,3,1,1,1,1,1785536801
2026-07-31T22:38:45Z,73,1,1,30,0,0,1,1,1,1785537469
2026-07-31T22:38:45Z,74,0,0,19,0,0,1,1,1,1785536424
2026-07-31T22:38:45Z,75,8,0,23,1,0,1,1,1,1785536746
2026-07-31T22:38:45Z,76,4,0,13,2,0,1,1,1,1785537504
2026-07-31T22:38:45Z,77,20,0,6,1,0,1,1,1,1785537319
2026-07-31T22:38:45Z,78,1,0,22,0,0,1,1,1,1785537388
2026-07-31T22:38:45Z,79,1,0,15,1,0,1,1,1,1785537318
2026-07-31T22:38:45Z,80,16,3,4,3,0,1,1,1,1785537500
2026-07-31T22:38:45Z,81,2,0,29,0,0,1,1,1,1785537175
2026-07-31T22:38:45Z,82,13,10,9,1,0,1,1,1,1785537507
2026-07-31T22:38:45Z,83,5,2,28,1,0,1,1,1,1785537483
2026-07-31T22:38:45Z,84,12,3,15,0,0,1,1,1,1785537406
2026-07-31T22:38:45Z,85,6,1,9,0,0,1,1,1,1785537437
2026-07-31T22:38:45Z,86,7,4,20,0,0,1,1,1,1785537239
2026-07-31T22:38:45Z,87,0,0,19,0,0,1,1,1,1785533075
2026-07-31T22:38:45Z,88,22,0,20,1,0,1,1,1,1785537358
2026-07-31T22:38:45Z,89,16,0,19,0,0,1,1,1,1785537508
2026-07-31T22:38:45Z,90,9,0,8,1,0,1,1,1,1785537109
2026-07-31T22:38:45Z,91,1,0,16,0,0,1,1,1,1785536923
2026-07-31T22:38:45Z,92,3,1,13,3,0,1,1,1,1785537473
2026-07-31T22:38:45Z,93,5,0,17,1,0,1,1,1,1785537464
2026-07-31T22:38:45Z,94,7,0,11,1,0,1,1,1,1785537234
2026-07-31T22:38:45Z,95,5,1,28,1,1,1,1,1,1785537508
2026-07-31T22:38:45Z,96,22,4,8,1,0,1,1,1,1785537477
2026-07-31T22:38:45Z,97,8,1,8,1,0,1,1,1,1785537394
2026-07-31T22:38:45Z,98,25,6,10,0,0,1,1,1,1785537427
2026-07-31T22:38:45Z,99,15,2,0,0,0,1,1,1,1785535229
2026-07-31T22:38:45Z,100,16,2,11,0,0,1,1,1,1785537155
2026-07-31T22:38:45Z,101,11,2,3,1,0,1,1,1,1785537262
2026-07-31T22:38:45Z,102,21,1,1,1,0,1,1,1,1785537408
2026-07-31T22:38:45Z,103,27,0,0,3,0,1,1,1,1785537399
2026-07-31T22:38:45Z,104,11,1,13,3,0,1,1,1,1785537507
2026-07-31T22:38:45Z,105,17,0,2,0,0,1,1,1,1785535842
2026-07-31T22:38:45Z,106,18,0,2,1,0,1,1,1,1785537238
2026-07-31T22:38:45Z,107,19,1,17,1,0,1,1,1,1785537280
2026-07-31T22:38:45Z,108,29,1,4,2,0,1,1,1,1785537502
2026-07-31T22:38:45Z,109,16,0,7,0,0,1,1,1,1785537477
2026-07-31T22:38:45Z,110,17,0,6,0,0,1,1,1,1785537048
2026-07-31T22:38:45Z,111,6,0,30,0,0,1,1,1,1785536636
2026-07-31T22:38:45Z,112,11,1,3,1,0,1,1,1,1785537145
2026-07-31T22:38:45Z,113,5,1,13,1,0,1,1,1,1785537397
2026-07-31T22:38:45Z,114,9,6,20,1,1,1,1,1,1785537220
2026-07-31T22:38:45Z,115,17,10,6,5,0,1,1,1,1785537470
2026-07-31T22:38:45Z,116,9,9,18,0,0,1,1,1,1785536657
2026-07-31T22:38:45Z,118,20,2,0,3,0,1,1,1,1785537316
2026-07-31T22:38:45Z,119,0,0,36,2,0,1,1,1,1785537306
2026-07-31T22:38:45Z,120,4,1,21,2,0,1,1,1,1785537360
2026-07-31T22:38:45Z,121,2,2,15,1,1,1,1,1,1785537511
2026-07-31T22:38:45Z,122,7,0,12,2,0,1,1,1,1785536890
2026-07-31T22:38:45Z,123,2,2,44,1,0,1,1,1,1785536804
2026-07-31T22:38:45Z,124,7,0,28,0,0,1,1,1,1785537434
2026-07-31T22:38:45Z,125,5,1,18,0,0,1,1,1,1785537486
2026-07-31T22:38:45Z,126,16,2,15,0,0,1,1,1,1785537365
2026-07-31T22:38:45Z,127,13,1,20,2,0,1,1,1,1785537292
2026-07-31T22:38:45Z,128,6,0,12,1,0,1,1,1,1785537461
2026-07-31T22:38:45Z,129,6,1,9,4,0,1,1,1,1785537505
2026-07-31T22:38:45Z,130,9,0,8,0,0,1,1,1,1785537395
2026-07-31T22:38:45Z,131,8,2,2,1,0,1,1,1,1785537496
2026-07-31T22:38:45Z,132,9,5,5,0,1,1,1,1,1785537337
2026-07-31T22:38:45Z,134,12,0,7,4,0,1,1,1,1785537321
2026-07-31T22:38:45Z,135,7,4,9,3,0,1,1,1,1785537223
2026-07-31T22:38:45Z,136,1,0,0,21,1,1,1,1,1785537404
2026-07-31T22:38:45Z,137,5,2,14,0,0,1,1,1,1785537509
2026-07-31T22:38:45Z,138,17,1,20,0,0,1,1,1,1785537507
2026-07-31T22:38:45Z,139,2,0,17,0,0,1,1,1,1785536953
2026-07-31T22:38:45Z,140,9,1,13,1,0,1,1,1,1785537510
2026-07-31T22:38:45Z,141,6,3,30,0,0,1,1,1,1785537508
2026-07-31T22:38:45Z,142,2,1,21,0,0,1,1,1,1785537474
2026-07-31T22:38:45Z,143,28,2,3,0,0,1,1,1,1785537487
2026-07-31T22:38:45Z,144,23,2,3,1,0,1,1,1,1785537229
2026-07-31T22:38:45Z,146,0,0,22,1,0,1,1,1,1785537063
2026-07-31T22:38:45Z,147,0,0,16,3,0,1,1,1,1785537481
2026-07-31T22:38:45Z,148,1,1,23,3,0,1,1,1,1785537415
2026-07-31T22:38:45Z,149,0,0,27,0,0,1,1,1,1785537283
2026-07-31T22:38:45Z,150,0,0,33,2,0,1,1,1,1785537449
2026-07-31T22:38:45Z,151,0,0,23,0,0,1,1,1,1785537505
2026-07-31T22:38:45Z,152,7,0,16,3,0,1,1,1,1785537490
2026-07-31T22:38:45Z,153,13,1,13,2,0,1,1,1,1785537198
2026-07-31T22:38:45Z,154,14,3,6,3,0,1,1,1,1785537475
2026-07-31T22:38:45Z,155,6,2,7,1,0,1,1,1,1785537507
2026-07-31T22:38:45Z,156,3,0,16,0,0,1,1,1,1785537448
2026-07-31T22:38:45Z,157,8,0,17,2,0,1,1,1,1785537493
2026-07-31T22:38:45Z,158,10,0,5,1,0,1,1,1,1785536673
2026-07-31T22:38:45Z,159,5,2,14,0,0,1,1,1,1785537120
2026-07-31T22:38:45Z,160,5,0,14,0,0,1,1,1,1785537478
2026-07-31T22:38:45Z,161,19,4,3,0,0,1,1,1,1785537460
2026-07-31T22:38:45Z,162,12,10,12,3,0,1,1,1,1785537479
2026-07-31T22:38:45Z,163,3,0,27,0,1,1,1,1,1785537280
2026-07-31T22:38:45Z,164,25,0,2,0,0,1,1,1,1785537500
2026-07-31T22:38:45Z,165,16,3,14,1,0,1,1,1,1785537509
2026-07-31T22:38:45Z,166,9,6,26,4,0,1,1,1,1785537512
2026-07-31T22:38:45Z,167,3,0,19,1,0,1,1,1,1785537418
2026-07-31T22:38:45Z,168,4,1,22,1,0,1,1,1,1785537500
2026-07-31T22:38:45Z,169,15,5,6,1,1,1,1,1,1785537362
2026-07-31T22:38:45Z,170,8,0,10,1,0,1,1,1,1785537389
2026-07-31T22:38:45Z,171,5,2,6,2,0,1,1,1,1785537380
2026-07-31T22:38:45Z,173,27,1,12,0,0,1,1,1,1785537354
2026-07-31T22:38:45Z,174,1,0,25,0,0,1,1,1,1785537502
2026-07-31T22:38:45Z,175,30,0,0,1,0,1,1,1,1785537475
2026-07-31T22:38:45Z,176,12,2,1,1,1,1,1,1,1785537377
2026-07-31T22:38:45Z,177,5,2,22,0,0,1,1,1,1785537265
2026-07-31T22:38:45Z,178,12,2,0,2,1,1,1,1,1785537512
2026-07-31T22:38:45Z,179,13,0,0,2,0,1,1,1,1785537395
2026-07-31T22:38:45Z,180,2,0,28,0,0,1,1,1,1785537229
2026-07-31T22:38:45Z,181,3,1,12,0,0,1,1,1,1785537396
2026-07-31T22:38:45Z,182,1,1,16,0,0,1,1,1,1785537506
2026-07-31T22:38:45Z,183,1,0,21,1,0,1,1,1,1785537172
2026-07-31T22:38:45Z,184,19,6,3,1,0,1,1,1,1785537494
2026-07-31T22:38:45Z,185,6,6,6,2,1,1,1,1,1785537149
2026-07-31T22:38:45Z,186,3,1,16,0,0,1,1,1,1785537297
2026-07-31T22:38:45Z,187,2,0,25,1,0,1,1,1,1785537317
2026-07-31T22:38:45Z,188,8,2,11,8,0,1,1,1,1785537407
2026-07-31T22:38:45Z,189,8,4,7,0,0,1,1,1,1785537081
2026-07-31T22:38:45Z,190,3,2,19,1,0,1,1,1,1785537494
2026-07-31T22:38:45Z,191,5,3,34,0,0,1,1,1,1785537493
2026-07-31T22:38:45Z,192,5,1,25,1,0,1,1,1,1785537388
2026-07-31T22:38:45Z,193,14,9,0,1,0,1,1,1,1785537201
2026-07-31T22:38:45Z,194,8,4,19,0,0,1,1,1,1785537508
2026-07-31T22:38:45Z,195,1,0,18,0,0,1,1,1,1785537483
2026-07-31T22:38:45Z,196,7,6,19,1,0,1,1,1,1785537231
2026-07-31T22:38:45Z,197,1,0,17,0,1,1,1,1,1785537009
2026-07-31T22:38:45Z,198,8,7,13,2,0,1,1,1,1785537454
2026-07-31T22:38:45Z,199,2,1,11,2,0,1,1,1,1785537367
2026-07-31T22:38:45Z,200,7,5,18,1,0,1,1,1,1785537453
2026-07-31T22:38:45Z,201,6,5,17,0,0,1,1,1,1785537373
2026-07-31T22:38:45Z,202,14,0,13,0,0,1,1,1,1785537488
2026-07-31T22:38:45Z,203,3,3,27,1,0,1,1,1,1785537468
2026-07-31T22:38:45Z,204,10,0,22,3,0,1,1,1,1785537426
2026-07-31T22:38:45Z,205,4,0,23,0,0,1,1,1,1785537217
2026-07-31T22:38:45Z,206,7,6,5,3,0,1,1,1,1785537463
2026-07-31T22:38:45Z,207,19,1,2,0,0,1,1,1,1785537226
2026-07-31T22:38:45Z,208,7,1,22,0,0,1,1,1,1785537497
2026-07-31T22:38:45Z,209,21,1,9,1,0,1,1,1,1785537438
2026-07-31T22:38:45Z,210,10,8,17,0,0,1,1,1,1785537478
2026-07-31T22:38:45Z,211,19,0,3,1,0,1,1,1,1785537311
2026-07-31T22:38:45Z,212,31,5,3,1,0,1,1,1,1785537486
2026-07-31T22:38:45Z,213,12,5,10,1,0,1,1,1,1785537443
2026-07-31T22:38:45Z,214,14,4,32,1,0,1,1,1,1785537473
2026-07-31T22:38:45Z,215,11,2,11,1,0,1,1,1,1785537283
2026-07-31T22:38:45Z,216,9,7,9,1,0,1,1,1,1785537363
2026-07-31T22:38:45Z,217,28,3,0,1,0,1,1,1,1785537303
2026-07-31T22:38:45Z,218,15,9,23,1,0,1,1,1,1785537500
2026-07-31T22:38:45Z,219,25,0,0,1,0,1,1,1,1785537179
2026-07-31T22:38:45Z,220,18,9,23,1,1,1,1,1,1785537447
2026-07-31T22:38:45Z,221,9,4,5,1,0,1,1,1,1785537359
2026-07-31T22:38:45Z,222,2,0,17,0,0,1,1,1,1785537469
2026-07-31T22:38:45Z,223,3,0,29,3,0,1,1,1,1785537435
2026-07-31T22:38:45Z,224,2,0,19,1,0,1,1,1,1785537381
2026-07-31T22:38:45Z,225,1,0,13,5,0,1,1,1,1785537392
2026-07-31T22:38:45Z,226,23,5,5,3,0,1,1,1,1785537467
2026-07-31T22:38:45Z,227,3,3,22,2,0,1,1,1,1785537493
2026-07-31T22:38:45Z,228,0,0,18,1,0,1,1,1,1785537001
2026-07-31T22:38:45Z,230,2,0,24,0,0,1,1,1,1785537202
2026-07-31T22:38:45Z,232,7,1,9,1,0,1,1,1,1785537434
2026-07-31T22:38:45Z,233,22,9,8,1,0,1,1,1,1785537484
2026-07-31T22:38:45Z,234,10,8,3,4,2,1,1,1,1785537241
2026-07-31T22:38:45Z,236,10,2,9,0,0,1,1,1,1785537457
2026-07-31T22:38:45Z,237,2,0,20,1,0,1,1,1,1785537246
2026-07-31T22:38:45Z,239,18,12,8,1,0,1,1,1,1785537496
2026-07-31T22:38:45Z,241,2,1,20,1,0,1,1,1,1785537499
2026-07-31T22:38:45Z,242,3,2,19,1,0,1,1,1,1785537079
2026-07-31T22:38:45Z,243,17,12,12,2,0,1,1,1,1785537492
2026-07-31T22:38:45Z,244,18,0,8,1,0,1,1,1,1785537376
2026-07-31T22:38:45Z,245,4,2,19,0,0,1,1,1,1785537453
2026-07-31T22:38:45Z,246,4,2,18,1,0,1,1,1,1785537398
2026-07-31T22:38:45Z,247,5,4,16,2,0,1,1,1,1785537070
2026-07-31T22:38:45Z,248,4,3,17,2,0,1,1,1,1785537402
2026-07-31T22:38:45Z,249,13,13,5,1,0,1,1,1,1785537348
2026-07-31T22:38:45Z,250,5,0,18,4,0,1,1,1,1785537511
2026-07-31T22:38:45Z,251,17,11,5,5,0,1,1,1,1785537489
2026-07-31T22:38:45Z,253,9,3,10,0,0,1,1,1,1785537156
2026-07-31T22:38:45Z,254,6,3,36,1,0,1,1,1,1785537492
2026-07-31T22:38:45Z,255,11,3,11,0,1,1,1,1,1785537498
2026-07-31T22:38:45Z,256,1,1,21,1,0,1,1,1,1785537305
2026-07-31T22:38:45Z,257,3,1,16,0,0,1,1,1,1785537365
2026-07-31T22:38:45Z,258,13,10,3,3,0,1,1,1,1785537417
2026-07-31T22:38:45Z,259,13,0,9,0,1,1,1,1,1785537356
2026-07-31T22:38:45Z,260,10,6,8,1,0,1,1,1,1785537502
2026-07-31T22:38:45Z,261,1,1,16,1,1,1,1,1,1785537186
2026-07-31T22:38:45Z,262,0,0,22,1,0,1,1,1,1785537346
2026-07-31T22:38:45Z,263,6,6,8,1,0,1,1,1,1785537089
2026-07-31T22:38:45Z,264,1,1,18,0,0,1,1,1,1785536547
2026-07-31T22:38:45Z,265,9,0,6,0,0,1,1,1,1785537422
2026-07-31T22:38:45Z,266,8,8,10,1,0,1,1,1,1785537296
2026-07-31T22:38:45Z,267,8,3,5,2,0,1,1,1,1785537006
2026-07-31T22:38:45Z,268,19,7,3,1,0,1,1,1,1785537187
2026-07-31T22:38:45Z,269,6,6,17,0,0,1,1,1,1785537402
2026-07-31T22:38:45Z,270,14,2,11,2,0,1,1,1,1785537432
2026-07-31T22:38:45Z,271,1,0,16,2,0,1,1,1,1785537306
2026-07-31T22:38:45Z,272,10,1,13,0,0,1,1,1,1785537431
2026-07-31T22:38:45Z,273,7,3,8,0,0,1,1,1,1785536730
2026-07-31T22:38:45Z,274,2,2,16,1,0,1,1,1,1785535618
2026-07-31T22:38:45Z,275,5,0,14,4,0,1,1,1,1785537399
2026-07-31T22:38:45Z,276,2,2,24,1,0,1,1,1,1785537379
2026-07-31T22:38:45Z,277,11,0,8,4,0,1,1,1,1785537415
2026-07-31T22:38:45Z,278,6,6,23,2,0,1,1,1,1785537270
2026-07-31T22:38:45Z,279,3,1,16,0,0,1,1,1,1785537460
2026-07-31T22:38:45Z,280,5,2,24,2,0,1,1,1,1785537376
2026-07-31T22:38:45Z,281,7,0,12,0,0,1,1,1,1785537490
2026-07-31T22:38:45Z,282,9,2,9,0,0,1,1,1,1785536001
2026-07-31T22:38:45Z,283,15,3,20,0,0,1,1,1,1785537148
2026-07-31T22:38:45Z,284,30,3,3,2,0,1,1,1,1785537483
2026-07-31T22:38:45Z,285,5,3,18,0,0,1,1,1,1785534896
2026-07-31T22:38:45Z,286,16,5,7,0,0,1,1,1,1785537461
2026-07-31T22:38:45Z,287,10,1,10,3,0,1,1,1,1785537276
2026-07-31T22:38:45Z,288,4,1,14,1,0,1,1,1,1785537022
2026-07-31T22:38:45Z,289,8,7,15,4,0,1,1,1,1785537302
2026-07-31T22:38:45Z,290,13,0,24,2,0,1,1,1,1785537512
2026-07-31T22:38:45Z,291,11,0,10,2,0,1,1,1,1785537490
2026-07-31T22:38:45Z,292,6,3,17,0,0,1,1,1,1785537070
2026-07-31T22:38:45Z,293,10,3,12,1,0,1,1,1,1785537397
2026-07-31T22:38:45Z,294,14,8,5,3,0,1,1,1,1785537454
2026-07-31T22:38:45Z,297,9,2,9,0,1,1,1,1,1785537459
2026-07-31T22:38:45Z,301,16,0,2,1,0,1,1,1,1785536523
2026-07-31T22:38:45Z,302,17,0,5,1,0,1,1,1,1785537508
2026-07-31T22:38:45Z,303,0,0,19,0,0,1,1,1,1785537327
2026-07-31T22:38:45Z,304,0,0,0,0,0,0,1,1,86400
2026-07-31T22:38:45Z,305,0,0,18,1,0,1,1,1,1785537509
2026-07-31T22:38:45Z,306,9,1,22,1,0,1,1,1,1785537493
2026-07-31T22:38:45Z,307,13,1,10,0,0,1,1,1,1785537078
2026-07-31T22:38:45Z,308,17,3,0,2,0,1,1,1,1785537338
2026-07-31T22:38:45Z,309,6,0,7,1,0,1,1,1,1785537317
2026-07-31T22:38:45Z,311,9,0,5,1,0,1,1,1,1785537357
2026-07-31T22:38:45Z,312,5,5,15,3,0,1,1,1,1785537453
2026-07-31T22:38:45Z,313,2,0,13,0,0,1,1,1,1785535131
2026-07-31T22:38:45Z,314,6,1,10,3,0,1,1,1,1785537508
2026-07-31T22:38:45Z,315,10,4,18,3,0,1,1,1,1785537494
2026-07-31T22:38:45Z,316,2,1,21,7,1,1,1,1,1785537457
2026-07-31T22:38:45Z,317,17,7,13,0,1,1,1,1,1785537459
2026-07-31T22:38:45Z,318,18,4,1,0,0,1,1,1,1785537461
2026-07-31T22:38:45Z,319,8,2,13,2,0,1,1,1,1785537366
2026-07-31T22:38:45Z,320,0,0,18,1,0,1,1,1,1785536607
2026-07-31T22:38:45Z,321,2,0,13,4,0,1,1,1,1785537392
2026-07-31T22:38:45Z,322,19,0,10,0,0,1,1,1,1785537196
2026-07-31T22:38:45Z,323,6,0,11,2,0,1,1,1,1785537380
2026-07-31T22:38:45Z,324,12,0,14,1,0,1,1,1,1785537502
2026-07-31T22:38:45Z,325,2,2,23,2,0,1,1,1,1785535490
2026-07-31T22:38:45Z,327,25,2,0,2,0,1,1,1,1785536932
2026-07-31T22:38:45Z,328,20,0,1,1,0,1,1,1,1785537041
2026-07-31T22:38:45Z,329,3,1,13,3,0,1,1,1,1785537443
2026-07-31T22:38:45Z,330,20,0,2,0,0,1,1,1,1785537288
2026-07-31T22:38:45Z,331,19,1,2,2,0,1,1,1,1785537469
2026-07-31T22:38:45Z,332,2,1,14,3,0,1,1,1,1785537379
2026-07-31T22:38:45Z,333,4,4,18,1,0,1,1,1,1785537098
2026-07-31T22:38:45Z,334,5,0,17,1,0,1,1,1,1785537372
2026-07-31T22:38:45Z,335,6,2,16,0,1,1,1,1,1785536389
2026-07-31T22:38:45Z,336,6,2,13,0,0,1,1,1,1785537470
2026-07-31T22:38:45Z,337,3,3,16,4,0,1,1,1,1785537374
2026-07-31T22:38:45Z,338,0,0,19,0,0,1,1,1,1785536714
2026-07-31T22:38:45Z,339,2,2,19,2,0,1,1,1,1785537444
2026-07-31T22:38:45Z,340,2,2,12,1,0,1,1,1,1785536863
2026-07-31T22:38:45Z,341,7,1,12,0,0,1,1,1,1785537478
2026-07-31T22:38:45Z,342,4,0,10,1,0,1,1,1,1785537122
2026-07-31T22:38:45Z,343,5,3,17,1,0,1,1,1,1785537280
2026-07-31T22:38:45Z,344,7,1,15,1,0,1,1,1,1785537079
2026-07-31T22:38:45Z,345,19,4,0,0,0,1,1,1,1785537452
2026-07-31T22:38:45Z,346,2,2,21,0,0,1,1,1,1785536380
2026-07-31T22:38:45Z,347,19,3,21,4,0,1,1,1,1785537502
2026-07-31T22:38:45Z,348,10,2,12,0,1,1,1,1,1785537449
2026-07-31T22:38:45Z,349,12,1,7,0,0,1,1,1,1785536369
2026-07-31T22:38:45Z,350,2,1,23,1,1,1,1,1,1785537265
2026-07-31T22:38:45Z,351,1,1,20,2,0,1,1,1,1785537246
2026-07-31T22:38:45Z,355,11,2,12,0,0,1,1,1,1785537419
2026-07-31T22:38:45Z,356,6,2,13,0,0,1,1,1,1785537348
2026-07-31T22:38:45Z,357,3,2,15,1,0,1,1,1,1785537140
2026-07-31T22:38:45Z,358,20,1,6,1,0,1,1,1,1785537314
2026-07-31T22:38:45Z,359,11,0,16,0,0,1,1,1,1785536843
2026-07-31T22:38:45Z,360,3,1,16,0,0,1,1,1,1785536895
2026-07-31T22:38:45Z,362,1,0,15,3,0,1,1,1,1785537472
2026-07-31T22:38:45Z,363,21,3,6,0,0,1,1,1,1785537485
2026-07-31T22:38:45Z,364,0,0,18,1,0,1,1,1,1785537106
2026-07-31T22:38:45Z,365,0,0,19,4,0,1,1,1,1785537186
2026-07-31T22:38:45Z,366,3,2,19,1,0,1,1,1,1785537376
2026-07-31T22:38:45Z,367,5,2,12,2,0,1,1,1,1785537128
2026-07-31T22:38:45Z,368,5,1,17,1,0,1,1,1,1785536603
2026-07-31T22:38:45Z,370,9,3,18,0,0,1,1,1,1785534955
2026-07-31T22:38:45Z,371,3,3,15,1,0,1,1,1,1785536010
2026-07-31T22:38:45Z,372,9,0,6,0,0,1,1,1,1785537240
2026-07-31T22:38:45Z,373,0,0,26,1,0,1,1,1,1785534676
2026-07-31T22:38:45Z,374,2,2,16,1,0,1,1,1,1785537489
2026-07-31T22:38:45Z,375,1,0,25,1,0,1,1,1,1785537432
2026-07-31T22:38:45Z,376,0,0,38,1,0,1,1,1,1785537477
2026-07-31T22:38:45Z,377,8,3,17,2,0,1,1,1,1785537472
2026-07-31T22:38:45Z,378,1,0,21,1,1,1,1,1,1785537200
2026-07-31T22:38:45Z,379,21,1,3,3,0,1,1,1,1785537440
2026-07-31T22:38:45Z,380,7,2,16,0,0,1,1,1,1785537503
2026-07-31T22:38:45Z,381,10,0,13,0,0,1,1,1,1785537230
2026-07-31T22:38:45Z,383,11,2,2,2,0,1,1,1,1785536700
2026-07-31T22:38:45Z,384,2,0,22,3,0,1,1,1,1785537104
2026-07-31T22:38:45Z,385,4,1,13,1,0,1,1,1,1785537266
2026-07-31T22:38:45Z,387,3,1,20,0,0,1,1,1,1785536428
2026-07-31T22:38:45Z,388,35,3,11,3,0,1,1,1,1785537495
2026-07-31T22:38:45Z,389,3,2,11,1,0,1,1,1,1785537422
2026-07-31T22:38:45Z,390,16,1,18,1,0,1,1,1,1785537350
2026-07-31T22:38:45Z,391,4,2,11,0,0,1,1,1,1785537451
2026-07-31T22:38:45Z,392,2,2,15,2,0,1,1,1,1785537495
2026-07-31T22:38:45Z,393,1,1,6,4,0,1,1,1,1785534996
2026-07-31T22:38:45Z,394,8,1,3,2,0,1,1,1,1785537134
2026-07-31T22:38:45Z,396,2,2,40,0,0,1,1,1,1785537491
2026-07-31T22:38:45Z,397,9,7,22,0,0,1,1,1,1785537166
2026-07-31T22:38:45Z,399,1,0,14,2,0,1,1,1,1785537431
2026-07-31T22:38:45Z,400,14,9,7,2,0,1,1,1,1785536557
2026-07-31T22:38:45Z,401,8,0,23,8,0,1,1,1,1785536881
2026-07-31T22:38:45Z,403,20,6,7,4,0,1,1,1,1785537489
2026-07-31T22:38:45Z,404,3,1,18,2,0,1,1,1,1785537495
2026-07-31T22:38:45Z,406,7,0,26,2,0,1,1,1,1785537382
2026-07-31T22:38:45Z,407,16,1,17,1,0,1,1,1,1785537281
2026-07-31T22:38:45Z,408,4,3,26,3,0,1,1,1,1785537489
2026-07-31T22:38:45Z,409,12,2,7,4,0,1,1,1,1785537500
2026-07-31T22:38:45Z,413,9,3,13,1,0,1,1,1,1785536482
2026-07-31T22:38:45Z,414,5,0,10,0,0,1,1,1,1785537484
2026-07-31T22:38:45Z,417,3,2,16,0,0,1,1,1,1785537001
2026-07-31T22:38:45Z,418,4,3,11,0,0,1,1,1,1785537277
2026-07-31T22:38:45Z,419,13,1,10,0,0,1,1,1,1785533166
2026-07-31T22:38:45Z,421,12,0,7,0,0,1,1,1,1785537183
2026-07-31T22:38:45Z,422,15,1,12,0,0,1,1,1,1785537160
2026-07-31T22:38:45Z,423,0,0,23,0,0,1,1,1,1785536407
2026-07-31T22:38:45Z,424,4,4,8,2,1,1,1,1,1785537357
2026-07-31T22:38:45Z,425,0,0,21,0,1,1,1,1,1785536730
2026-07-31T22:38:45Z,426,0,0,35,2,0,1,1,1,1785537025
2026-07-31T22:38:45Z,427,12,2,0,3,0,1,1,1,1785537508
2026-07-31T22:38:45Z,428,15,0,4,0,0,1,1,1,1785537365
2026-07-31T22:38:45Z,429,17,5,5,1,0,1,1,1,1785537440
2026-07-31T22:38:45Z,430,6,2,23,2,0,1,1,1,1785537456
2026-07-31T22:38:45Z,431,3,0,29,1,0,1,1,1,1785536819
2026-07-31T22:38:45Z,432,0,0,30,1,0,0,1,1,1785508564
2026-07-31T22:38:45Z,433,4,1,16,3,0,1,1,1,1785537153
2026-07-31T22:38:45Z,437,2,2,13,4,0,1,1,1,1785537472
2026-07-31T22:38:45Z,438,4,1,14,1,0,1,1,1,1785537437
2026-07-31T22:38:45Z,439,13,4,2,0,0,1,1,1,1785537288
2026-07-31T22:38:45Z,440,12,3,2,1,0,1,1,1,1785537385
2026-07-31T22:38:45Z,441,4,1,9,2,0,1,1,1,1785537403
2026-07-31T22:38:45Z,442,9,1,7,3,0,1,1,1,1785537468
2026-07-31T22:38:45Z,443,5,2,22,0,0,1,1,1,1785512432
2026-07-31T22:38:45Z,444,1,1,22,0,0,1,1,1,1785535180
2026-07-31T22:38:45Z,445,6,2,16,1,0,1,1,1,1785537356
2026-07-31T22:38:45Z,446,2,0,21,0,0,1,1,1,1785533737
2026-07-31T22:38:45Z,447,3,0,18,1,1,1,1,1,1785534024
2026-07-31T22:38:45Z,448,7,0,7,1,0,1,1,1,1785530120
2026-07-31T22:38:45Z,452,7,5,11,1,0,1,1,1,1785537276
2026-07-31T22:38:45Z,453,1,1,11,3,0,1,1,1,1785537335
2026-07-31T22:38:45Z,454,18,0,1,0,0,1,1,1,1785537498
2026-07-31T22:38:45Z,455,26,1,12,1,0,1,1,1,1785537461
2026-07-31T22:38:45Z,456,17,0,2,1,0,1,1,1,1785537303
2026-07-31T22:38:45Z,457,4,3,22,1,0,1,1,1,1785537370
2026-07-31T22:38:45Z,458,7,2,14,2,0,1,1,1,1785537509
2026-07-31T22:38:45Z,459,14,1,1,0,0,1,1,1,1785537485
2026-07-31T22:38:45Z,460,15,1,7,1,0,1,1,1,1785537437
2026-07-31T22:38:45Z,461,7,0,11,1,0,1,1,1,1785537509
2026-07-31T22:38:45Z,462,17,1,4,0,0,1,1,1,1785537384
2026-07-31T22:38:45Z,463,8,0,11,0,0,1,1,1,1785534777
2026-07-31T22:38:45Z,464,3,2,11,0,0,1,1,1,1785537057
2026-07-31T22:38:45Z,465,2,2,13,0,0,1,1,1,1785537086
2026-07-31T22:38:45Z,466,7,2,2,6,0,1,1,1,1785537504
2026-07-31T22:38:45Z,467,0,0,19,0,0,1,1,1,1785536420
2026-07-31T22:38:45Z,468,1,0,17,1,0,1,1,1,1785534756
2026-07-31T22:38:45Z,469,2,1,19,2,0,1,1,1,1785537327
2026-07-31T22:38:45Z,470,3,0,10,2,0,1,1,1,1785537398
2026-07-31T22:38:45Z,471,24,3,3,0,0,1,1,1,1785535393
2026-07-31T22:38:45Z,472,8,1,7,4,0,1,1,1,1785537500
2026-07-31T22:38:45Z,473,9,1,10,0,0,1,1,1,1785537400
2026-07-31T22:38:45Z,474,10,2,8,1,0,1,1,1,1785537324
2026-07-31T22:38:45Z,475,0,0,18,1,0,1,1,1,1785537447
2026-07-31T22:38:45Z,477,7,0,8,0,0,1,1,1,1785537111
2026-07-31T22:38:45Z,478,25,0,6,0,0,1,1,1,1785537483
2026-07-31T22:38:45Z,479,6,0,19,2,0,1,1,1,1785536112
2026-07-31T22:38:45Z,480,6,1,8,1,0,1,1,1,1785537037
2026-07-31T22:38:45Z,481,15,0,19,1,0,1,1,1,1785537510
2026-07-31T22:38:45Z,482,2,1,17,0,0,1,1,1,1785536193
2026-07-31T22:38:45Z,483,4,0,21,2,0,1,1,1,1785537478
2026-07-31T22:38:45Z,484,1,0,16,2,0,1,1,1,1785537393
2026-07-31T22:38:45Z,485,13,5,5,0,1,1,1,1,1785537462
2026-07-31T22:38:45Z,486,4,1,21,2,0,1,1,1,1785537399
2026-07-31T22:38:45Z,487,9,6,7,3,0,1,1,1,1785536849
2026-07-31T22:38:45Z,489,7,3,8,0,0,1,1,1,1785537015
2026-07-31T22:38:45Z,490,13,1,3,0,0,1,1,1,1785536182
2026-07-31T22:38:45Z,491,8,2,12,1,0,1,1,1,1785535993
2026-07-31T22:38:45Z,492,2,1,6,3,0,1,1,1,1785537512
2026-07-31T22:38:45Z,493,20,1,7,0,0,1,1,1,1785535312
2026-07-31T22:38:45Z,495,10,0,4,1,0,1,1,1,1785536672
2026-07-31T22:38:45Z,496,8,1,19,0,0,1,1,1,1785536948
2026-07-31T22:38:45Z,497,1,1,17,0,0,1,1,1,1785537132
2026-07-31T22:38:45Z,498,1,1,21,1,0,1,1,1,1785537433
2026-07-31T22:38:45Z,499,3,0,15,1,0,1,1,1,1785537297
2026-07-31T22:38:45Z,500,2,0,10,3,0,1,1,1,1785536628
2026-07-31T22:38:45Z,501,10,0,10,1,0,1,1,1,1785537318
2026-07-31T22:38:45Z,502,1,0,16,2,0,1,1,1,1785533820
2026-07-31T22:38:45Z,503,5,0,25,1,0,1,1,1,1785537422
2026-07-31T22:38:45Z,504,4,0,33,2,0,1,1,1,1785537471
2026-07-31T22:38:45Z,505,5,1,6,1,0,1,1,1,1785537509
2026-07-31T22:38:45Z,511,3,2,20,0,0,1,1,1,1785533768
2026-07-31T22:38:45Z,512,11,0,16,0,0,1,1,1,1785537237
2026-07-31T22:38:45Z,514,3,2,7,1,0,1,1,1,1785536594
2026-07-31T22:38:45Z,515,6,2,13,0,0,1,1,1,1785536835
2026-07-31T22:38:45Z,516,1,0,25,1,0,1,1,1,1785536964
2026-07-31T22:38:45Z,517,12,3,11,0,0,1,1,1,1785537187
2026-07-31T22:38:45Z,518,5,0,9,1,0,1,1,1,1785533962
2026-07-31T22:38:45Z,519,6,4,12,1,0,1,1,1,1785535628
2026-07-31T22:38:45Z,520,20,6,1,6,0,1,1,1,1785537508
2026-07-31T22:38:45Z,521,4,3,19,0,0,1,1,1,1785535813
2026-07-31T22:38:45Z,522,13,5,8,2,0,1,1,1,1785537321
2026-07-31T22:38:45Z,523,11,5,11,1,0,1,1,1,1785536008
2026-07-31T22:38:45Z,524,18,1,5,0,0,1,1,1,1785537502
2026-07-31T22:38:45Z,525,10,1,9,0,0,1,1,1,1785537474
2026-07-31T22:38:45Z,526,6,3,8,1,0,1,1,1,1785537511
2026-07-31T22:38:45Z,527,13,12,12,1,0,1,1,1,1785537506
2026-07-31T22:38:45Z,528,22,2,0,1,0,1,1,1,1785537341
2026-07-31T22:38:45Z,529,8,4,5,6,0,1,1,1,1785537510
2026-07-31T22:38:45Z,530,11,0,7,3,0,1,1,1,1785536820
2026-07-31T22:38:45Z,531,17,1,5,0,1,1,1,1,1785537178
2026-07-31T22:38:45Z,532,3,3,27,1,0,1,1,1,1785537116
2026-07-31T22:38:45Z,533,12,0,6,1,0,1,1,1,1785537433
2026-07-31T22:38:45Z,534,6,2,17,0,0,1,1,1,1785537098
2026-07-31T22:38:45Z,535,0,0,15,0,0,1,1,1,1785536563
2026-07-31T22:38:45Z,536,13,0,10,0,0,1,1,1,1785537489
2026-07-31T22:38:45Z,537,0,0,20,0,0,1,1,1,1785537488
2026-07-31T22:38:45Z,538,10,2,12,0,1,1,1,1,1785537494
2026-07-31T22:38:45Z,539,1,1,30,0,0,1,1,1,1785537205
2026-07-31T22:38:45Z,540,7,1,12,0,0,1,1,1,1785537508
2026-07-31T22:38:45Z,541,1,0,26,0,0,1,1,1,1785537507
2026-07-31T22:38:45Z,542,0,0,23,0,0,1,1,1,1785536944
2026-07-31T22:38:45Z,543,1,0,18,0,0,1,1,1,1785537031
2026-07-31T22:38:45Z,544,7,2,11,4,0,1,1,1,1785537366
2026-07-31T22:38:45Z,545,13,1,2,4,0,1,1,1,1785537485
2026-07-31T22:38:45Z,546,3,3,16,0,0,1,1,1,1785537166
2026-07-31T22:38:45Z,547,13,1,12,0,0,1,1,1,1785537161
2026-07-31T22:38:45Z,548,10,2,12,1,0,1,1,1,1785537301
2026-07-31T22:38:45Z,549,17,1,6,0,0,1,1,1,1785537456
2026-07-31T22:38:45Z,550,5,3,14,0,0,1,1,1,1785537466
2026-07-31T22:38:45Z,551,1,0,21,1,0,1,1,1,1785536761
2026-07-31T22:38:45Z,552,4,1,23,0,0,1,1,1,1785536784
2026-07-31T22:38:45Z,553,0,0,21,2,0,1,1,1,1785537466
2026-07-31T22:38:45Z,554,0,0,17,2,0,1,1,1,1785537452
2026-07-31T22:38:45Z,555,6,0,8,1,0,1,1,1,1785537398
2026-07-31T22:38:45Z,556,9,1,12,2,0,1,1,1,1785537261
2026-07-31T22:38:45Z,557,0,0,21,2,0,1,1,1,1785536364
2026-07-31T22:38:45Z,558,26,13,10,1,0,1,1,1,1785537497
2026-07-31T22:38:45Z,559,4,0,14,1,0,1,1,1,1785536864
2026-07-31T22:38:45Z,560,18,0,9,0,0,1,1,1,1785537499
2026-07-31T22:38:45Z,561,6,0,13,4,0,1,1,1,1785537252
2026-07-31T22:38:45Z,562,5,0,23,7,0,1,1,1,1785536908
2026-07-31T22:38:45Z,563,5,0,8,1,0,1,1,1,1785536955
2026-07-31T22:38:45Z,564,2,1,16,1,0,1,1,1,1785537156
2026-07-31T22:38:45Z,565,4,1,14,1,0,1,1,1,1785537369
2026-07-31T22:38:45Z,566,11,0,7,1,0,1,1,1,1785537392
2026-07-31T22:38:45Z,567,21,0,2,4,0,1,1,1,1785537495
2026-07-31T22:38:45Z,568,7,0,11,1,0,1,1,1,1785536060
2026-07-31T22:38:45Z,569,10,0,6,3,0,1,1,1,1785537511
2026-07-31T22:38:45Z,570,6,0,12,1,0,1,1,1,1785537216
2026-07-31T22:38:45Z,571,6,0,17,0,0,1,1,1,1785537445
2026-07-31T22:38:45Z,572,8,0,11,0,0,1,1,1,1785536505
2026-07-31T22:38:45Z,573,15,3,0,0,0,1,1,1,1785536620
2026-07-31T22:38:45Z,574,5,3,10,0,0,1,1,1,1785537066
2026-07-31T22:38:45Z,575,4,0,16,1,0,1,1,1,1785537343
2026-07-31T22:38:45Z,576,0,0,19,0,0,1,1,1,1785537344
2026-07-31T22:38:45Z,577,28,0,3,0,0,1,1,1,1785537425
2026-07-31T22:38:45Z,578,1,0,21,1,0,1,1,1,1785537392
2026-07-31T22:38:45Z,579,7,0,36,0,0,1,1,1,1785537255
2026-07-31T22:38:45Z,580,3,0,26,0,0,1,1,1,1785537316
2026-07-31T22:38:45Z,581,17,2,2,0,0,1,1,1,1785537190
2026-07-31T22:38:45Z,582,23,0,36,2,0,1,1,1,1785537471
2026-07-31T22:38:45Z,583,6,0,16,1,0,1,1,1,1785537326
2026-07-31T22:38:45Z,584,1,0,14,4,0,1,1,1,1785535753
2026-07-31T22:38:45Z,585,1,0,25,0,1,1,1,1,1785537293
2026-07-31T22:38:45Z,586,11,1,24,0,0,1,1,1,1785537326
2026-07-31T22:38:45Z,587,11,0,12,1,0,1,1,1,1785537510
2026-07-31T22:38:45Z,588,7,3,9,2,1,1,1,1,1785537401
2026-07-31T22:38:45Z,589,10,4,12,0,0,1,1,1,1785537322
2026-07-31T22:38:45Z,590,13,2,18,0,0,1,1,1,1785537384
2026-07-31T22:38:45Z,591,0,0,28,2,0,1,1,1,1785537184
2026-07-31T22:38:45Z,592,6,0,17,0,0,1,1,1,1785536976
2026-07-31T22:38:45Z,593,15,0,23,0,0,1,1,1,1785537330
2026-07-31T22:38:45Z,594,4,1,15,2,0,1,1,1,1785537434
2026-07-31T22:38:45Z,595,0,0,3,0,0,0,1,1,1784046673
2026-07-31T22:38:45Z,605,0,0,2,1,0,0,1,1,1783975843
2026-07-31T22:38:45Z,606,0,0,0,0,0,0,1,1,86400
2026-07-31T22:38:45Z,607,2,2,25,5,0,1,1,1,1785537508
2026-07-31T22:38:45Z,608,38,2,12,0,0,1,1,1,1785537347
2026-07-31T22:38:45Z,609,3,1,20,0,0,1,1,1,1785536863
2026-07-31T22:38:45Z,610,6,0,29,0,0,1,1,1,1785537385
2026-07-31T22:38:45Z,611,11,4,15,1,0,1,1,1,1785537450
2026-07-31T22:38:45Z,612,8,1,7,0,0,1,1,1,1785533466
2026-07-31T22:38:45Z,613,12,4,0,3,0,1,1,1,1785530289
2026-07-31T22:38:45Z,614,3,1,21,2,1,1,1,1,1785537187
2026-07-31T22:38:45Z,617,10,1,3,2,0,1,1,1,1785536422
2026-07-31T22:38:45Z,618,12,1,1,6,0,1,1,1,1785536738
2026-07-31T22:38:45Z,619,5,5,14,0,0,1,1,1,1785537104
2026-07-31T22:38:45Z,620,14,2,13,0,0,1,1,1,1785537202
2026-07-31T22:38:45Z,621,2,2,21,0,0,1,1,1,1785537477
2026-07-31T22:38:45Z,622,5,1,17,1,0,1,1,1,1785537439
2026-07-31T22:38:45Z,623,15,4,15,0,0,1,1,1,1785537457
2026-07-31T22:38:45Z,624,0,0,15,0,0,1,1,1,1785534424
2026-07-31T22:38:45Z,625,15,3,1,5,0,1,1,1,1785536842
2026-07-31T22:38:45Z,626,41,0,4,0,2,1,1,1,1785537368
2026-07-31T22:38:45Z,627,16,4,3,0,0,1,1,1,1785537221
2026-07-31T22:38:45Z,628,5,3,12,1,1,1,1,1,1785537218
2026-07-31T22:38:45Z,629,4,1,5,2,0,1,1,1,1785537494
2026-07-31T22:38:45Z,630,1,0,22,4,0,1,1,1,1785537386
2026-07-31T22:38:45Z,631,3,3,20,0,0,1,1,1,1785536521
2026-07-31T22:38:45Z,632,15,1,6,2,0,1,1,1,1785536939
2026-07-31T22:38:45Z,633,11,3,1,3,0,1,1,1,1785530006
2026-07-31T22:38:45Z,634,11,1,8,0,0,1,1,1,1785537091
2026-07-31T22:38:45Z,635,16,1,3,0,0,1,1,1,1785536443
2026-07-31T22:38:45Z,636,7,2,8,0,0,1,1,1,1785526430
2026-07-31T22:38:45Z,637,6,2,11,2,0,1,1,1,1785535251
2026-07-31T22:38:45Z,638,7,2,10,2,0,1,1,1,1785536943
2026-07-31T22:38:45Z,639,12,2,5,2,0,1,1,1,1785537349
2026-07-31T22:38:45Z,640,11,7,10,2,0,1,1,1,1785537453
2026-07-31T22:38:45Z,641,13,0,14,0,0,1,1,1,1785537474
2026-07-31T22:38:45Z,642,4,3,7,8,0,1,1,1,1785537508
2026-07-31T22:38:45Z,643,2,1,17,8,0,1,1,1,1785537512
2026-07-31T22:38:45Z,644,13,1,1,1,0,1,1,1,1785533615
2026-07-31T22:38:45Z,645,18,1,2,3,0,1,1,1,1785537295
2026-07-31T22:38:45Z,646,4,1,15,0,0,1,1,1,1785533859
2026-07-31T22:38:45Z,647,4,0,27,0,0,1,1,1,1785537333
2026-07-31T22:38:45Z,648,1,0,17,1,0,1,1,1,1785537423
2026-07-31T22:38:45Z,649,20,0,10,1,0,1,1,1,1785537156
2026-07-31T22:38:45Z,650,5,1,9,0,0,1,1,1,1785537356
2026-07-31T22:38:45Z,651,8,7,15,0,0,1,1,1,1785536037
2026-07-31T22:38:45Z,652,4,1,16,3,0,1,1,1,1785537437
2026-07-31T22:38:45Z,653,2,1,16,1,0,1,1,1,1785537511
2026-07-31T22:38:45Z,654,1,1,13,1,0,1,1,1,1785537212
2026-07-31T22:38:45Z,655,8,4,0,4,1,1,1,1,1785537334
2026-07-31T22:38:45Z,656,0,0,18,1,0,1,1,1,1785537451
2026-07-31T22:38:45Z,657,10,4,3,2,2,1,1,1,1785537392
2026-07-31T22:38:45Z,658,9,1,1,0,0,1,1,1,1785533651
2026-07-31T22:38:45Z,659,6,4,7,2,0,1,1,1,1785537194
2026-07-31T22:38:45Z,660,12,3,14,5,0,1,1,1,1785537492
2026-07-31T22:38:45Z,661,7,2,12,0,0,1,1,1,1785537508
2026-07-31T22:38:45Z,662,6,2,13,4,0,1,1,1,1785536777
2026-07-31T22:38:45Z,663,7,0,8,0,0,1,1,1,1785536978
2026-07-31T22:38:45Z,664,10,0,15,2,0,1,1,1,1785537390
2026-07-31T22:38:45Z,665,7,4,8,0,0,1,1,1,1785536947
2026-07-31T22:38:45Z,666,7,2,5,3,0,1,1,1,1785536590
2026-07-31T22:38:45Z,667,16,1,1,3,0,1,1,1,1785537510
2026-07-31T22:38:45Z,668,14,3,5,0,0,1,1,1,1785537506
2026-07-31T22:38:45Z,669,6,3,6,2,0,1,1,1,1785537399
2026-07-31T22:38:45Z,670,17,0,9,1,0,1,1,1,1785537461
2026-07-31T22:38:45Z,671,13,2,12,2,0,1,1,1,1785537511
2026-07-31T22:38:45Z,672,6,0,13,3,1,1,1,1,1785537474
2026-07-31T22:38:45Z,673,12,0,10,0,1,1,1,1,1785537419
2026-07-31T22:38:45Z,674,0,0,21,2,0,1,1,1,1785537192
2026-07-31T22:38:45Z,675,4,1,9,2,0,1,1,1,1785537370
2026-07-31T22:38:45Z,676,7,0,13,2,0,1,1,1,1785537382
2026-07-31T22:38:45Z,681,6,4,7,1,1,1,1,1,1785537510
2026-07-31T22:38:45Z,682,7,1,12,0,0,1,1,1,1785537004
2026-07-31T22:38:45Z,683,1,1,18,0,0,1,1,1,1785527602
2026-07-31T22:38:45Z,684,4,1,23,0,0,1,1,1,1785535557
2026-07-31T22:38:45Z,685,6,0,19,1,1,1,1,1,1785535602
2026-07-31T22:38:45Z,686,11,0,13,3,0,1,1,1,1785537441
2026-07-31T22:38:45Z,687,13,1,16,1,1,1,1,1,1785537467
2026-07-31T22:38:45Z,688,9,1,10,0,0,1,1,1,1785537082
2026-07-31T22:38:45Z,692,1,1,20,0,0,1,1,1,1785537099
2026-07-31T22:38:45Z,693,6,0,2,3,0,1,1,1,1785536064
2026-07-31T22:38:45Z,694,8,3,13,0,0,1,1,1,1785535932
2026-07-31T22:38:45Z,695,1,1,21,1,0,1,1,1,1785537108
2026-07-31T22:38:45Z,696,17,13,6,0,0,1,1,1,1785537323
2026-07-31T22:38:45Z,697,21,5,2,0,0,1,1,1,1785537399
2026-07-31T22:38:45Z,698,16,5,11,0,0,1,1,1,1785537408
2026-07-31T22:38:45Z,699,5,1,9,1,0,1,1,1,1785536613
2026-07-31T22:38:45Z,700,17,1,2,0,0,1,1,1,1785537447
2026-07-31T22:38:45Z,701,16,4,2,1,0,1,1,1,1785536507
2026-07-31T22:38:45Z,702,3,3,20,0,0,1,1,1,1785537470
2026-07-31T22:38:45Z,704,4,0,10,1,0,1,1,1,1785537276
2026-07-31T22:38:45Z,705,1,0,14,0,0,1,1,1,1785536699
2026-07-31T22:38:45Z,706,4,1,9,2,0,1,1,1,1785537219
2026-07-31T22:38:45Z,707,7,1,8,0,0,1,1,1,1785536573
2026-07-31T22:38:45Z,708,14,1,5,0,0,1,1,1,1785537489
2026-07-31T22:38:45Z,709,5,0,8,2,0,1,1,1,1785536679
2026-07-31T22:38:45Z,710,3,0,15,1,0,1,1,1,1785536108
2026-07-31T22:38:45Z,711,8,0,12,3,0,1,1,1,1785537493
2026-07-31T22:38:45Z,712,4,4,10,1,0,1,1,1,1785537484
2026-07-31T22:38:45Z,713,6,2,17,0,0,1,1,1,1785537188
2026-07-31T22:38:45Z,716,4,3,11,0,0,1,1,1,1785536364
2026-07-31T22:38:45Z,717,1,1,22,2,0,1,1,1,1785536994
2026-07-31T22:38:45Z,718,4,1,9,2,0,1,1,1,1785537460
2026-07-31T22:38:45Z,719,4,0,25,0,0,1,1,1,1785537506
2026-07-31T22:38:45Z,720,0,0,19,0,0,1,1,1,1785536630
2026-07-31T22:38:45Z,721,4,0,17,2,0,1,1,1,1785537409
2026-07-31T22:38:45Z,722,7,1,8,0,0,1,1,1,1785536406
2026-07-31T22:38:45Z,723,14,2,9,0,0,1,1,1,1785536628
2026-07-31T22:38:45Z,724,6,3,16,1,0,1,1,1,1785536824
2026-07-31T22:38:45Z,725,4,0,19,0,0,1,1,1,1785537392
2026-07-31T22:38:45Z,726,7,0,11,1,0,1,1,1,1785537511
2026-07-31T22:38:45Z,727,10,5,12,1,0,1,1,1,1785537487
2026-07-31T22:38:45Z,728,9,0,5,1,0,1,1,1,1785536934
2026-07-31T22:38:45Z,729,2,0,17,0,0,1,1,1,1785537410
2026-07-31T22:38:45Z,730,0,0,12,3,0,1,1,1,1785535718
2026-07-31T22:38:45Z,731,3,3,10,2,0,1,1,1,1785536679
2026-07-31T22:38:45Z,732,5,3,10,0,0,1,1,1,1785537249
2026-07-31T22:38:45Z,733,24,3,3,0,0,1,1,1,1785537461
2026-07-31T22:38:45Z,734,1,0,13,0,0,1,1,1,1785536396
2026-07-31T22:38:45Z,735,24,9,3,0,0,1,1,1,1785536867
2026-07-31T22:38:45Z,736,12,0,7,0,0,1,1,1,1785537457
2026-07-31T22:38:45Z,737,2,1,12,0,1,1,1,1,1785537166
2026-07-31T22:38:45Z,738,14,4,5,0,0,1,1,1,1785537254
2026-07-31T22:38:45Z,739,18,0,8,1,0,1,1,1,1785536963
2026-07-31T22:38:45Z,741,6,0,17,0,0,1,1,1,1785537008
2026-07-31T22:38:45Z,742,10,10,24,1,0,1,1,1,1785537488
2026-07-31T22:38:45Z,743,5,2,14,0,0,1,1,1,1785536885
2026-07-31T22:38:45Z,744,9,3,6,0,0,1,1,1,1785536851
2026-07-31T22:38:45Z,745,10,4,9,0,0,1,1,1,1785537404
2026-07-31T22:38:45Z,746,6,1,16,1,0,1,1,1,1785537365
2026-07-31T22:38:45Z,747,0,0,4,0,0,0,1,1,1783446606
2026-07-31T22:38:45Z,748,8,0,15,0,0,1,1,1,1785536451
2026-07-31T22:38:45Z,749,5,0,18,0,0,1,1,1,1785536369
2026-07-31T22:38:45Z,750,10,6,0,1,0,1,1,1,1785537094
2026-07-31T22:38:45Z,751,17,14,5,1,0,1,1,1,1785537512
2026-07-31T22:38:45Z,752,0,0,16,1,0,1,1,1,1785535541
2026-07-31T22:38:45Z,753,4,0,10,1,0,1,1,1,1785537469
2026-07-31T22:38:45Z,754,4,1,11,0,0,1,1,1,1785536461
2026-07-31T22:38:45Z,755,16,4,6,1,0,1,1,1,1785536260
2026-07-31T22:38:45Z,756,4,3,32,1,0,1,1,1,1785537229
2026-07-31T22:38:45Z,757,6,1,13,0,0,1,1,1,1785537471
2026-07-31T22:38:45Z,758,5,3,18,0,0,1,1,1,1785537357
2026-07-31T22:38:45Z,759,0,0,0,0,0,1,1,1,86400
2026-07-31T22:38:45Z,760,9,2,10,0,0,1,1,1,1785531870
2026-07-31T22:38:45Z,761,2,1,21,0,0,1,1,1,1785537106
2026-07-31T22:38:45Z,762,4,2,6,5,0,1,1,1,1785536702
2026-07-31T22:38:45Z,768,7,0,8,4,0,1,1,1,1785535781
2026-07-31T22:38:45Z,769,15,8,4,0,0,1,1,1,1785537239
2026-07-31T22:38:45Z,770,9,2,8,2,0,1,1,1,1785537254
2026-07-31T22:38:45Z,771,12,1,2,1,0,1,1,1,1785536656
2026-07-31T22:38:45Z,772,1,0,14,0,0,1,1,1,1785537185
2026-07-31T22:38:45Z,773,17,2,2,0,0,1,1,1,1785537116
2026-07-31T22:38:45Z,774,5,1,6,4,0,1,1,1,1785536972
2026-07-31T22:38:45Z,775,3,1,14,1,1,1,1,1,1785537291
2026-07-31T22:38:45Z,776,2,0,18,1,0,1,1,1,1785537478
2026-07-31T22:38:45Z,777,11,2,4,0,0,1,1,1,1785536806
2026-07-31T22:38:45Z,778,13,0,6,0,0,1,1,1,1785537104
2026-07-31T22:38:45Z,779,6,0,12,1,0,1,1,1,1785536367
2026-07-31T22:38:45Z,780,7,1,12,0,0,1,1,1,1785537492
2026-07-31T22:38:45Z,781,3,1,6,2,0,1,1,1,1785535975
2026-07-31T22:38:45Z,782,0,0,15,4,0,1,1,1,1785536897
2026-07-31T22:38:45Z,783,7,3,12,0,0,1,1,1,1785536127
2026-07-31T22:38:45Z,784,9,2,10,0,0,1,1,1,1785536026
2026-07-31T22:38:45Z,785,9,2,4,6,0,1,1,1,1785536410
2026-07-31T22:38:45Z,786,9,5,10,0,0,1,1,1,1785536018
2026-07-31T22:38:45Z,787,4,3,10,1,0,1,1,1,1785537390
2026-07-31T22:38:45Z,788,6,1,9,0,0,1,1,1,1785536610
2026-07-31T22:38:45Z,789,6,2,5,4,0,1,1,1,1785536812
2026-07-31T22:38:45Z,790,5,1,16,2,0,1,1,1,1785537339
2026-07-31T22:38:45Z,791,7,0,11,0,1,1,1,1,1785536965
2026-07-31T22:38:45Z,793,4,0,10,1,0,1,1,1,1785536933
2026-07-31T22:38:45Z,794,1,0,26,2,0,1,1,1,1785537008
2026-07-31T22:38:45Z,796,6,3,12,1,0,1,1,1,1785536831
2026-07-31T22:38:45Z,797,5,1,10,0,0,1,1,1,1785537166
2026-07-31T22:38:45Z,798,15,1,9,1,0,1,1,1,1785537495
2026-07-31T22:38:45Z,799,15,2,0,4,0,1,1,1,1785536794
2026-07-31T22:38:45Z,800,1,1,19,1,0,1,1,1,1785537036
2026-07-31T22:38:45Z,801,3,1,17,1,0,1,1,1,1785537385
2026-07-31T22:38:45Z,802,7,0,24,0,0,1,1,1,1785537075
2026-07-31T22:38:45Z,803,2,0,13,0,0,1,1,1,1785537046
2026-07-31T22:38:45Z,806,7,3,7,1,0,1,1,1,1785536197
2026-07-31T22:38:45Z,807,8,4,14,3,0,1,1,1,1785537315
2026-07-31T22:38:45Z,808,13,0,9,3,0,1,1,1,1785535844
2026-07-31T22:38:45Z,809,4,1,18,1,0,1,1,1,1785536839
2026-07-31T22:38:45Z,810,3,1,14,2,0,1,1,1,1785537204
2026-07-31T22:38:45Z,815,5,2,5,4,1,1,1,1,1785537200
2026-07-31T22:38:45Z,817,10,6,5,0,0,1,1,1,1785537450
2026-07-31T22:38:45Z,818,5,1,17,1,0,1,1,1,1785537473
2026-07-31T22:38:45Z,819,6,4,9,0,0,1,1,1,1785537047
2026-07-31T22:38:45Z,820,10,0,6,1,0,1,1,1,1785536408
2026-07-31T22:38:45Z,821,4,3,11,0,0,1,1,1,1785536905
2026-07-31T22:38:45Z,822,5,0,17,1,0,1,1,1,1785537447
2026-07-31T22:38:45Z,823,13,0,1,1,0,1,1,1,1785537456
2026-07-31T22:38:45Z,824,18,9,1,0,0,1,1,1,1785537038
2026-07-31T22:38:45Z,825,7,5,7,1,0,1,1,1,1785537283
2026-07-31T22:38:45Z,826,7,0,10,2,0,1,1,1,1785535988
2026-07-31T22:38:45Z,827,16,4,3,2,0,1,1,1,1785537356
2026-07-31T22:38:45Z,828,11,0,5,2,0,1,1,1,1785537182
2026-07-31T22:38:45Z,829,18,7,9,0,0,1,1,1,1785536306
2026-07-31T22:38:45Z,830,15,0,7,1,0,1,1,1,1785537377
2026-07-31T22:38:45Z,831,4,3,9,2,0,1,1,1,1785536338
2026-07-31T22:38:45Z,832,8,3,7,3,0,1,1,1,1785537024
2026-07-31T22:38:45Z,833,5,1,13,1,0,1,1,1,1785536407
2026-07-31T22:38:45Z,834,20,0,3,1,0,1,1,1,1785537433
2026-07-31T22:38:45Z,835,4,3,12,2,0,1,1,1,1785537333
2026-07-31T22:38:45Z,838,9,4,5,1,0,1,1,1,1785537290
2026-07-31T22:38:45Z,839,12,0,15,2,0,1,1,1,1785537162
2026-07-31T22:38:45Z,840,0,0,28,1,0,1,1,1,1785535908
2026-07-31T22:38:45Z,841,8,2,7,0,0,1,1,1,1785536322
2026-07-31T22:38:45Z,842,1,0,22,0,0,1,1,1,1785536260
2026-07-31T22:38:45Z,843,16,2,15,0,0,1,1,1,1785537169
2026-07-31T22:38:45Z,844,4,0,19,0,0,1,1,1,1785536539
2026-07-31T22:38:45Z,845,5,3,12,2,0,1,1,1,1785536604
2026-07-31T22:38:45Z,846,4,2,14,1,0,1,1,1,1785535742
2026-07-31T22:38:45Z,847,7,1,20,0,0,1,1,1,1785537475
2026-07-31T22:38:45Z,848,3,3,15,1,0,1,1,1,1785536822
2026-07-31T22:38:45Z,849,7,0,7,1,0,1,1,1,1785537364
2026-07-31T22:38:45Z,850,8,0,3,0,0,1,1,1,1785537440
2026-07-31T22:38:45Z,851,3,2,31,3,0,1,1,1,1785536233
2026-07-31T22:38:45Z,852,10,4,9,0,0,1,1,1,1785536823
2026-07-31T22:38:45Z,853,11,5,12,0,0,1,1,1,1785537268
2026-07-31T22:38:45Z,854,0,0,15,0,0,1,1,1,1785537211
2026-07-31T22:38:45Z,855,23,0,4,0,0,1,1,1,1785536652
2026-07-31T22:38:45Z,857,8,6,9,2,0,1,1,1,1785537014
2026-07-31T22:38:45Z,858,5,2,13,1,0,1,1,1,1785537012
2026-07-31T22:38:45Z,859,8,0,12,1,0,1,1,1,1785537189
2026-07-31T22:38:45Z,861,6,0,4,1,0,1,1,1,1785528609
2026-07-31T22:38:45Z,862,3,2,12,0,0,1,1,1,1785536760
2026-07-31T22:38:45Z,863,14,1,4,1,0,1,1,1,1785534680
2026-07-31T22:38:45Z,866,13,1,6,0,0,1,1,1,1785536758
2026-07-31T22:38:45Z,867,14,2,1,0,0,1,1,1,1785535970
2026-07-31T22:38:45Z,868,7,0,8,0,0,1,1,1,1785536225
2026-07-31T22:38:45Z,870,7,4,8,0,0,1,1,1,1785536839
2026-07-31T22:38:45Z,871,0,0,10,1,0,1,1,1,1785535773
2026-07-31T22:38:45Z,872,1,0,13,1,0,1,1,1,1785536362
2026-07-31T22:38:45Z,873,3,1,27,3,0,1,1,1,1785537399
2026-07-31T22:38:45Z,874,6,3,6,3,0,1,1,1,1785536524
2026-07-31T22:38:45Z,875,13,9,1,1,0,1,1,1,1785537487
2026-07-31T22:38:45Z,877,13,12,6,0,0,1,1,1,1785536059
2026-07-31T22:38:45Z,878,3,3,16,0,0,1,1,1,1785536629
2026-07-31T22:38:45Z,879,1,0,18,0,0,1,1,1,1785537479
2026-07-31T22:38:45Z,880,1,0,21,1,0,1,1,1,1785537484
2026-07-31T22:38:45Z,881,3,0,16,0,0,1,1,1,1785536494
2026-07-31T22:38:45Z,882,9,3,9,1,0,1,1,1,1785534469
2026-07-31T22:38:45Z,883,7,3,12,0,0,1,1,1,1785536679
2026-07-31T22:38:45Z,884,11,7,10,0,0,1,1,1,1785536082
2026-07-31T22:38:45Z,885,0,0,19,0,0,1,1,1,1785536292
2026-07-31T22:38:45Z,886,2,0,25,2,0,1,1,1,1785537367
2026-07-31T22:38:45Z,887,7,0,6,4,0,1,1,1,1785536941
2026-07-31T22:38:45Z,888,11,0,27,3,0,1,1,1,1785537398
2026-07-31T22:38:45Z,889,7,0,10,2,0,1,1,1,1785536964
2026-07-31T22:38:45Z,890,8,4,7,0,0,1,1,1,1785535414
2026-07-31T22:38:45Z,891,18,0,4,1,0,1,1,1,1785536522
2026-07-31T22:38:45Z,892,10,0,5,0,0,1,1,1,1785536903
2026-07-31T22:38:45Z,895,2,0,17,0,0,1,1,1,1785536824
2026-07-31T22:38:45Z,896,7,2,28,0,0,1,1,1,1785534764
2026-07-31T22:38:45Z,897,15,0,6,0,0,1,1,1,1785536530
2026-07-31T22:38:45Z,898,2,0,17,0,0,1,1,1,1785536203
2026-07-31T22:38:45Z,899,6,0,12,1,0,1,1,1,1785537255
2026-07-31T22:38:45Z,900,10,0,16,1,0,1,1,1,1785537438
2026-07-31T22:38:45Z,901,4,0,14,1,0,1,1,1,1785536985
2026-07-31T22:38:45Z,902,5,1,10,0,0,1,1,1,1785536104
2026-07-31T22:38:45Z,903,7,2,11,1,0,1,1,1,1785537512
2026-07-31T22:38:45Z,904,9,4,9,1,0,1,1,1,1785537511
2026-07-31T22:38:45Z,905,13,2,13,1,0,1,1,1,1785537447
2026-07-31T22:38:45Z,906,11,7,16,0,0,1,1,1,1785537466
2026-07-31T22:38:45Z,907,5,0,24,2,0,1,1,1,1785537020
2026-07-31T22:38:45Z,908,12,2,11,0,0,1,1,1,1785536626
2026-07-31T22:38:45Z,909,9,7,14,0,0,1,1,1,1785537425
2026-07-31T22:38:45Z,910,25,2,4,2,0,1,1,1,1785537503
2026-07-31T22:38:45Z,911,4,1,15,0,0,1,1,1,1785536136
2026-07-31T22:38:45Z,912,4,3,18,1,0,1,1,1,1785537064
2026-07-31T22:38:45Z,913,5,3,14,0,0,1,1,1,1785537136
2026-07-31T22:38:45Z,914,10,1,7,2,0,1,1,1,1785537451
2026-07-31T22:38:45Z,915,13,1,7,3,0,1,1,1,1785537468
2026-07-31T22:38:45Z,916,2,0,21,0,0,1,1,1,1785537434
2026-07-31T22:38:45Z,917,4,0,30,1,0,1,1,1,1785537301
2026-07-31T22:38:45Z,918,0,0,15,4,0,1,1,1,1785537362
2026-07-31T22:38:45Z,919,7,0,32,0,0,1,1,1,1785537509
2026-07-31T22:38:45Z,920,7,2,12,0,0,1,1,1,1785536913
2026-07-31T22:38:45Z,921,11,0,10,0,0,1,1,1,1785536303
2026-07-31T22:38:45Z,922,0,0,21,0,0,1,1,1,1785537162
2026-07-31T22:38:45Z,923,4,2,15,0,0,1,1,1,1785537381
2026-07-31T22:38:45Z,924,6,1,14,1,0,1,1,1,1785537312
2026-07-31T22:38:45Z,925,11,0,10,0,0,1,1,1,1785536822
2026-07-31T22:38:45Z,926,2,0,19,0,0,1,1,1,1785536893
2026-07-31T22:38:45Z,927,21,2,14,0,0,1,1,1,1785537475
2026-07-31T22:38:45Z,928,0,0,19,0,0,0,1,1,1785500252
2026-07-31T22:38:45Z,929,8,0,15,0,0,1,1,1,1785537501
2026-07-31T22:38:45Z,930,10,0,20,1,0,1,1,1,1785536819
2026-07-31T22:38:45Z,931,4,4,18,1,0,1,1,1,1785537324
2026-07-31T22:38:45Z,932,14,0,3,2,0,1,1,1,1785537236
2026-07-31T22:38:45Z,933,6,2,15,2,0,1,1,1,1785537166
2026-07-31T22:38:45Z,934,28,0,2,1,0,1,1,1,1785537322
2026-07-31T22:38:45Z,935,11,0,7,1,0,1,1,1,1785537424
2026-07-31T22:38:45Z,936,7,1,12,0,0,1,1,1,1785537502
2026-07-31T22:38:45Z,940,6,0,4,1,0,1,1,1,1785535758
2026-07-31T22:38:45Z,941,17,2,5,3,0,1,1,1,1785537043
2026-07-31T22:38:45Z,942,14,2,7,0,0,1,1,1,1785537406
2026-07-31T22:38:45Z,943,8,8,7,0,0,1,1,1,1785536440
2026-07-31T22:38:45Z,944,10,8,5,0,0,1,1,1,1785536290
2026-07-31T22:38:45Z,945,7,5,8,0,0,1,1,1,1785536930
2026-07-31T22:38:45Z,946,7,5,12,0,0,1,1,1,1785523835
2026-07-31T22:38:45Z,947,5,3,12,0,0,1,1,1,1785536314
2026-07-31T22:38:45Z,948,21,16,6,4,0,1,1,1,1785537226
2026-07-31T22:38:45Z,949,3,2,12,0,0,1,1,1,1785537495
2026-07-31T22:38:45Z,950,3,2,13,1,0,1,1,1,1785537500
2026-07-31T22:38:45Z,951,15,5,8,0,0,1,1,1,1785537487
2026-07-31T22:38:45Z,952,18,1,36,1,0,1,1,1,1785537064
2026-07-31T22:38:45Z,953,5,1,9,1,0,1,1,1,1785537407
2026-07-31T22:38:45Z,954,6,1,13,0,0,1,1,1,1785536911
2026-07-31T22:38:45Z,955,12,7,9,6,0,1,1,1,1785537305
2026-07-31T22:38:45Z,956,13,0,8,2,0,1,1,1,1785537511
2026-07-31T22:38:45Z,957,24,3,4,1,0,1,1,1,1785537109
2026-07-31T22:38:45Z,958,13,1,16,2,0,1,1,1,1785537431
2026-07-31T22:38:45Z,959,8,2,14,1,0,1,1,1,1785537292
2026-07-31T22:38:45Z,960,8,1,15,0,0,1,1,1,1785537277
2026-07-31T22:38:45Z,961,2,1,18,3,0,1,1,1,1785537274
2026-07-31T22:38:45Z,962,8,0,24,3,0,1,1,1,1785537505
2026-07-31T22:38:45Z,963,16,0,6,1,0,1,1,1,1785537388
2026-07-31T22:38:45Z,964,17,10,5,1,0,1,1,1,1785537274
2026-07-31T22:38:45Z,965,13,6,13,1,0,1,1,1,1785537297
2026-07-31T22:38:45Z,966,12,0,18,1,0,1,1,1,1785537480
2026-07-31T22:38:45Z,967,11,0,8,2,0,1,1,1,1785537494
2026-07-31T22:38:45Z,968,15,0,3,1,0,1,1,1,1785537498
2026-07-31T22:38:45Z,969,1,0,24,2,0,1,1,1,1785537267
2026-07-31T22:38:45Z,970,1,1,17,1,0,1,1,1,1785536670
2026-07-31T22:38:45Z,971,2,0,20,1,0,1,1,1,1785537371
2026-07-31T22:38:45Z,972,10,4,12,1,0,1,1,1,1785536329
2026-07-31T22:38:45Z,973,6,0,16,1,0,1,1,1,1785537374
2026-07-31T22:38:45Z,974,15,0,12,0,0,1,1,1,1785537112
2026-07-31T22:38:45Z,977,0,0,19,2,0,1,1,1,1785536568
2026-07-31T22:38:45Z,978,17,0,6,0,0,1,1,1,1785537485
2026-07-31T22:38:45Z,979,1,0,16,0,0,1,1,1,1785537460
2026-07-31T22:38:45Z,980,0,0,20,1,0,1,1,1,1785535940
2026-07-31T22:38:45Z,981,9,0,12,0,0,1,1,1,1785537463
2026-07-31T22:38:45Z,982,3,0,14,2,0,1,1,1,1785536371
2026-07-31T22:38:45Z,983,2,2,21,0,0,1,1,1,1785536841
2026-07-31T22:38:45Z,984,5,0,18,0,0,1,1,1,1785536497
2026-07-31T22:38:45Z,985,3,0,27,1,0,1,1,1,1785537401
2026-07-31T22:38:45Z,986,4,0,15,0,0,1,1,1,1785536372
2026-07-31T22:38:45Z,987,7,1,16,0,0,1,1,1,1785536955
2026-07-31T22:38:45Z,988,5,3,14,0,0,1,1,1,1785537380
2026-07-31T22:38:45Z,989,7,4,12,0,0,1,1,1,1785537342
2026-07-31T22:38:45Z,990,12,0,2,1,0,1,1,1,1785537038
2026-07-31T22:38:45Z,991,9,0,9,1,0,1,1,1,1785536285
2026-07-31T22:38:45Z,992,9,5,14,0,0,1,1,1,1785537171
2026-07-31T22:38:45Z,993,4,4,22,1,0,1,1,1,1785537454
2026-07-31T22:38:45Z,994,0,0,21,0,0,1,1,1,1785537420
2026-07-31T22:38:45Z,995,7,1,20,0,0,1,1,1,1785536630
2026-07-31T22:38:45Z,996,7,2,16,0,0,1,1,1,1785536457
2026-07-31T22:38:45Z,997,14,8,8,1,0,1,1,1,1785537499
2026-07-31T22:38:45Z,998,5,4,18,0,0,1,1,1,1785536715
2026-07-31T22:38:45Z,999,4,1,15,1,1,1,1,1,1785536572
2026-07-31T22:38:45Z,1000,0,0,21,0,0,1,1,1,1785537255
2026-07-31T22:38:45Z,1001,5,3,22,0,0,1,1,1,1785536790
2026-07-31T22:38:45Z,1002,3,2,27,1,0,1,1,1,1785536820
2026-07-31T22:38:45Z,1003,0,0,23,0,0,1,1,1,1785536580
2026-07-31T22:38:45Z,1004,8,2,15,0,0,1,1,1,1785535840
2026-07-31T22:38:45Z,1005,20,1,3,0,0,1,1,1,1785536542
2026-07-31T22:38:45Z,1006,8,4,11,0,0,1,1,1,1785536344
2026-07-31T22:38:45Z,1007,2,1,19,0,0,1,1,1,1785535989
2026-07-31T22:38:45Z,1008,7,6,16,0,0,1,1,1,1785537347
2026-07-31T22:38:45Z,1009,22,5,8,1,0,1,1,1,1785537443
2026-07-31T22:38:45Z,1010,7,2,20,0,0,1,1,1,1785536259
2026-07-31T22:38:45Z,1011,7,2,10,2,0,1,1,1,1785536717
2026-07-31T22:38:45Z,1012,5,3,16,2,0,1,1,1,1785536314
2026-07-31T22:38:45Z,1013,4,1,18,1,0,1,1,1,1785536870
2026-07-31T22:38:45Z,1014,9,4,14,0,0,1,1,1,1785536840
2026-07-31T22:38:45Z,1015,4,3,26,1,0,1,1,1,1785537198
2026-07-31T22:38:45Z,1016,10,5,21,0,0,1,1,1,1785536274
2026-07-31T22:38:45Z,1017,13,5,8,0,0,1,1,1,1785535705
2026-07-31T22:38:45Z,1018,6,2,16,0,0,1,1,1,1785536393
2026-07-31T22:38:45Z,1019,8,5,7,0,0,1,1,1,1785536250
2026-07-31T22:38:45Z,1020,19,5,2,0,0,1,1,1,1785537387
2026-07-31T22:38:45Z,1021,9,4,6,0,0,1,1,1,1785537053
2026-07-31T22:38:45Z,1022,14,0,13,0,0,1,1,1,1785536529
2026-07-31T22:38:45Z,1023,14,2,9,0,0,1,1,1,1785536148
2026-07-31T22:38:45Z,1024,3,1,16,0,0,1,1,1,1785537107
2026-07-31T22:38:45Z,1025,5,0,13,0,1,1,1,1,1785537050
2026-07-31T22:38:45Z,1026,11,9,19,1,0,1,1,1,1785537447
2026-07-31T22:38:45Z,1028,3,1,20,0,0,1,1,1,1785536487
2026-07-31T22:38:45Z,1029,11,9,4,0,0,1,1,1,1785537362
2026-07-31T22:38:45Z,1030,13,4,10,0,0,1,1,1,1785537184
2026-07-31T22:38:45Z,1031,9,1,10,0,0,1,1,1,1785537485
2026-07-31T22:38:45Z,1032,7,1,12,0,0,1,1,1,1785536341
2026-07-31T22:38:45Z,1033,9,5,10,0,0,1,1,1,1785537166
2026-07-31T22:38:45Z,1034,3,0,12,0,0,1,1,1,1785536319
2026-07-31T22:38:45Z,1035,1,0,17,1,0,1,1,1,1785536345
2026-07-31T22:38:45Z,1036,13,0,2,0,0,1,1,1,1785536899
2026-07-31T22:38:45Z,1037,0,0,18,1,0,1,1,1,1785536864
2026-07-31T22:38:45Z,1038,1,0,14,0,0,1,1,1,1785536008
2026-07-31T22:38:45Z,1039,7,0,12,0,0,1,1,1,1785537324
2026-07-31T22:38:45Z,1040,8,5,11,0,0,1,1,1,1785536396
2026-07-31T22:38:45Z,1041,10,2,9,0,0,1,1,1,1785536261
2026-07-31T22:38:45Z,1042,3,0,11,1,0,1,1,1,1785536568
2026-07-31T22:38:45Z,1043,9,5,10,0,0,1,1,1,1785536423
2026-07-31T22:38:45Z,1044,1,0,14,0,0,1,1,1,1785536064
2026-07-31T22:38:45Z,1045,10,0,9,0,0,1,1,1,1785536327
2026-07-31T22:38:45Z,1046,9,0,6,0,0,1,1,1,1785537509
2026-07-31T22:38:45Z,1047,4,0,17,0,0,1,1,1,1785537114
2026-07-31T22:38:45Z,1048,2,0,17,0,0,1,1,1,1785537053
2026-07-31T22:38:45Z,1049,1,0,20,0,0,1,1,1,1785537132
2026-07-31T22:38:45Z,1050,20,5,1,0,0,1,1,1,1785537512
2026-07-31T22:38:45Z,1051,9,4,12,0,0,1,1,1,1785537382
2026-07-31T22:38:45Z,1052,17,1,4,1,0,1,1,1,1785536552
2026-07-31T22:38:45Z,1053,2,1,13,0,0,1,1,1,1785536201
2026-07-31T22:38:45Z,1054,7,2,8,0,0,1,1,1,1785536449
2026-07-31T22:38:45Z,1055,10,1,9,0,0,1,1,1,1785536538
2026-07-31T22:38:45Z,1057,2,1,17,0,0,1,1,1,1785537369
2026-07-31T22:38:45Z,1058,1,1,55,0,0,1,1,1,1785536972
2026-07-31T22:38:45Z,1059,4,2,14,1,0,1,1,1,1785536692
2026-07-31T22:38:45Z,1060,19,1,17,1,0,1,1,1,1785537455
2026-07-31T22:38:45Z,1061,14,0,23,0,0,1,1,1,1785536699
2026-07-31T22:38:45Z,1062,9,0,8,0,0,1,1,1,1785537186
2026-07-31T22:38:45Z,1063,12,1,6,1,0,1,1,1,1785536384
2026-07-31T22:38:45Z,1064,5,0,17,1,0,1,1,1,1785536850
2026-07-31T22:38:45Z,1065,14,3,9,0,0,1,1,1,1785537003
2026-07-31T22:38:45Z,1066,12,3,11,0,0,1,1,1,1785537355
2026-07-31T22:38:45Z,1067,7,1,14,2,0,1,1,1,1785537097
2026-07-31T22:38:45Z,1068,5,2,15,3,0,1,1,1,1785536643
2026-07-31T22:38:45Z,1069,12,3,11,0,0,1,1,1,1785536635
2026-07-31T22:38:45Z,1070,12,2,11,0,0,1,1,1,1785537334
2026-07-31T22:38:45Z,1071,8,4,15,0,0,1,1,1,1785536775
2026-07-31T22:38:45Z,1072,11,1,11,1,0,1,1,1,1785537097
2026-07-31T22:38:45Z,1073,12,0,14,1,0,1,1,1,1785536425
2026-07-31T22:38:45Z,1074,32,0,20,1,0,1,1,1,1785537348
2026-07-31T22:38:45Z,1075,8,8,13,0,0,1,1,1,1785537486
2026-07-31T22:38:45Z,1076,13,10,8,0,0,1,1,1,1785537407
2026-07-31T22:38:45Z,1077,12,7,9,0,0,1,1,1,1785537050
2026-07-31T22:38:45Z,1078,11,8,10,0,0,1,1,1,1785537445
2026-07-31T22:38:45Z,1079,14,10,7,0,0,1,1,1,1785536245
2026-07-31T22:38:45Z,1080,12,9,7,2,0,1,1,1,1785536928
2026-07-31T22:38:45Z,1081,14,8,5,0,0,1,1,1,1785537168
2026-07-31T22:38:45Z,1082,11,11,12,0,0,1,1,1,1785536248
2026-07-31T22:38:45Z,1083,12,11,9,0,0,1,1,1,1785536516
2026-07-31T22:38:45Z,1084,9,7,12,0,0,1,1,1,1785536131
2026-07-31T22:38:45Z,1085,12,9,9,0,0,1,1,1,1785536418
2026-07-31T22:38:45Z,1086,11,9,9,1,0,1,1,1,1785536540
2026-07-31T22:38:45Z,1087,8,7,7,0,0,1,1,1,1785537420
2026-07-31T22:38:45Z,1088,10,7,5,0,0,1,1,1,1785536384
2026-07-31T22:38:45Z,1089,7,3,8,0,0,1,1,1,1785529453
2026-07-31T22:38:45Z,1090,6,5,9,0,0,1,1,1,1785537132
2026-07-31T22:38:45Z,1091,7,5,8,0,0,1,1,1,1785537332
2026-07-31T22:38:45Z,1092,9,8,5,1,0,1,1,1,1785536715
2026-07-31T22:38:45Z,1093,5,5,9,1,0,1,1,1,1785537397
2026-07-31T22:38:45Z,1094,10,9,9,0,0,1,1,1,1785536335
2026-07-31T22:38:45Z,1095,10,8,5,0,0,1,1,1,1785536309
2026-07-31T22:38:45Z,1096,10,9,9,0,0,1,1,1,1785536713
2026-07-31T22:38:45Z,1097,8,8,7,0,0,1,1,1,1785536900
2026-07-31T22:38:45Z,1098,9,7,10,0,0,1,1,1,1785535942
2026-07-31T22:38:45Z,1099,7,6,8,0,0,1,1,1,1785536170
2026-07-31T22:38:45Z,1100,6,4,23,0,0,1,1,1,1785532207
2026-07-31T22:38:45Z,1101,10,5,11,0,0,1,1,1,1785536098
2026-07-31T22:38:45Z,1102,9,4,4,0,0,1,1,1,1785537107
2026-07-31T22:38:45Z,1103,11,5,10,0,0,1,1,1,1785503681
2026-07-31T22:38:45Z,1104,11,6,10,0,0,1,1,1,1785535849
2026-07-31T22:38:45Z,1105,8,4,5,0,0,1,1,1,1785537500
2026-07-31T22:38:45Z,1106,10,5,11,0,0,1,1,1,1785536191
2026-07-31T22:38:45Z,1107,9,5,6,0,0,1,1,1,1785536430
2026-07-31T22:38:45Z,1108,9,5,15,2,1,1,1,1,1785537040
2026-07-31T22:38:45Z,1109,7,3,8,0,0,1,1,1,1785536371
2026-07-31T22:38:45Z,1110,11,3,10,0,0,1,1,1,1785536812
2026-07-31T22:38:45Z,1111,8,3,12,1,0,1,1,1,1785536692
2026-07-31T22:38:45Z,1112,28,1,25,0,0,1,1,1,1785537251
2026-07-31T22:38:45Z,1113,0,0,21,0,0,1,1,1,1785537442
2026-07-31T22:38:45Z,1115,14,1,5,4,0,1,1,1,1785536917
2026-07-31T22:38:45Z,1116,2,0,17,0,0,1,1,1,1785536361
2026-07-31T22:38:45Z,1117,5,1,17,1,0,1,1,1,1785537316
2026-07-31T22:38:45Z,1118,15,0,6,0,0,1,1,1,1785537488
2026-07-31T22:38:45Z,1119,6,1,11,0,0,1,1,1,1785537352
2026-07-31T22:38:45Z,1120,6,1,12,1,0,1,1,1,1785537136
2026-07-31T22:38:45Z,1121,11,0,9,1,0,1,1,1,1785537388
2026-07-31T22:38:45Z,1122,2,1,18,1,0,1,1,1,1785535801
2026-07-31T22:38:45Z,1123,12,7,8,3,0,1,1,1,1785537397
2026-07-31T22:38:45Z,1124,9,2,5,1,0,1,1,1,1785537450
2026-07-31T22:38:45Z,1125,18,1,5,0,0,1,1,1,1785536739
2026-07-31T22:38:45Z,1126,6,2,15,0,0,1,1,1,1785537495
2026-07-31T22:38:45Z,1127,7,1,12,0,0,1,1,1,1785537093
2026-07-31T22:38:45Z,1128,1,1,14,0,0,1,1,1,1785537306
2026-07-31T22:38:45Z,1129,2,0,17,2,0,1,1,1,1785537354
2026-07-31T22:38:45Z,1130,10,0,5,0,0,1,1,1,1785537374
2026-07-31T22:38:45Z,1131,1,1,47,1,0,1,1,1,1785537450
2026-07-31T22:38:45Z,1132,10,4,10,1,0,1,1,1,1785536288
2026-07-31T22:38:45Z,1133,2,2,17,2,0,1,1,1,1785537224
2026-07-31T22:38:45Z,1134,12,6,7,0,0,1,1,1,1785536874
2026-07-31T22:38:45Z,1135,12,6,9,0,0,1,1,1,1785535996
2026-07-31T22:38:45Z,1136,17,0,6,0,0,1,1,1,1785537506
2026-07-31T22:38:45Z,1137,11,1,4,0,0,1,1,1,1785537503
2026-07-31T22:38:45Z,1138,5,0,14,0,0,1,1,1,1785537471
2026-07-31T22:38:45Z,1139,11,2,8,2,0,1,1,1,1785537158
2026-07-31T22:38:45Z,1140,0,0,21,2,0,1,1,1,1785536877
2026-07-31T22:38:45Z,1141,1,1,19,1,0,1,1,1,1785537133
2026-07-31T22:38:45Z,1142,5,0,16,0,0,1,1,1,1785537036
2026-07-31T22:38:45Z,1143,26,0,2,1,0,1,1,1,1785537475
2026-07-31T22:38:45Z,1144,8,0,12,1,0,1,1,1,1785537256
2026-07-31T22:38:45Z,1145,11,5,9,1,0,1,1,1,1785536772
2026-07-31T22:38:45Z,1146,6,1,9,4,0,1,1,1,1785537511
2026-07-31T22:38:45Z,1147,15,1,4,0,0,1,1,1,1785537324
2026-07-31T22:38:45Z,1148,5,0,26,0,0,1,1,1,1785537499
2026-07-31T22:38:45Z,1149,2,2,18,5,0,1,1,1,1785537244
2026-07-31T22:38:45Z,1150,1,0,18,0,0,1,1,1,1785536188
2026-07-31T22:38:45Z,1151,7,0,14,0,0,1,1,1,1785537023
2026-07-31T22:38:45Z,1152,0,0,29,0,0,1,1,1,1785536465
2026-07-31T22:38:45Z,1153,21,3,1,1,0,1,1,1,1785537453
2026-07-31T22:38:45Z,1154,4,0,15,0,0,1,1,1,1785536224
2026-07-31T22:38:45Z,1155,11,4,7,3,0,1,1,1,1785537473
2026-07-31T22:38:45Z,1158,3,1,16,0,0,1,1,1,1785536245
2026-07-31T22:38:45Z,1159,14,2,5,0,0,1,1,1,1785536608
2026-07-31T22:38:45Z,1160,7,2,12,0,0,1,1,1,1785536979
2026-07-31T22:38:45Z,1161,3,0,15,1,0,1,1,1,1785536743
2026-07-31T22:38:45Z,1162,4,0,15,0,0,1,1,1,1785537000
2026-07-31T22:38:45Z,1163,4,3,14,1,0,1,1,1,1785536569
2026-07-31T22:38:45Z,1164,5,1,14,0,0,1,1,1,1785536423
2026-07-31T22:38:45Z,1165,1,0,20,0,0,1,1,1,1785537169
2026-07-31T22:38:45Z,1166,13,3,7,1,0,1,1,1,1785536709
2026-07-31T22:38:45Z,1167,4,0,11,0,0,1,1,1,1785536092
2026-07-31T22:38:45Z,1168,3,0,18,2,0,1,1,1,1785536663
2026-07-31T22:38:45Z,1169,3,0,15,1,0,1,1,1,1785536269
2026-07-31T22:38:45Z,1170,6,1,15,0,0,1,1,1,1785536668
2026-07-31T22:38:45Z,1171,8,8,15,0,0,1,1,1,1785537013
2026-07-31T22:38:45Z,1172,5,0,8,2,0,1,1,1,1785536418
2026-07-31T22:38:45Z,1173,13,4,6,0,0,1,1,1,1785536527
2026-07-31T22:38:45Z,1174,2,0,13,0,0,1,1,1,1785537376
2026-07-31T22:38:45Z,1175,4,2,15,0,0,1,1,1,1785535612
2026-07-31T22:38:45Z,1176,8,2,13,0,0,1,1,1,1785535758
2026-07-31T22:38:45Z,1177,4,2,17,0,0,1,1,1,1785537505
2026-07-31T22:38:45Z,1178,5,2,10,0,0,1,1,1,1785536087
2026-07-31T22:38:45Z,1181,11,1,4,0,0,1,1,1,1785536704
2026-07-31T22:38:45Z,1182,14,3,5,1,0,1,1,1,1785537217
2026-07-31T22:38:45Z,1183,16,0,27,2,0,1,1,1,1785537201
2026-07-31T22:38:45Z,1184,4,4,14,3,0,1,1,1,1785536398
2026-07-31T22:38:45Z,1185,10,6,11,0,0,1,1,1,1785535824
2026-07-31T22:38:45Z,1186,9,5,10,0,0,1,1,1,1785536797
2026-07-31T22:38:45Z,1187,10,5,10,1,0,1,1,1,1785537023
2026-07-31T22:38:45Z,1188,10,5,5,0,0,1,1,1,1785536427
2026-07-31T22:38:45Z,1189,8,3,11,0,0,1,1,1,1785536560
2026-07-31T22:38:45Z,1190,9,4,12,0,0,1,1,1,1785535978
2026-07-31T22:38:45Z,1191,10,5,5,0,0,1,1,1,1785536431
2026-07-31T22:38:45Z,1192,11,7,9,1,0,1,1,1,1785536344
2026-07-31T22:38:45Z,1193,6,4,5,2,0,1,1,1,1785537201
2026-07-31T22:38:45Z,1197,9,6,7,1,0,1,1,1,1785537334
2026-07-31T22:38:45Z,1198,13,4,6,2,0,1,1,1,1785536868
2026-07-31T22:38:45Z,1199,3,0,16,0,0,1,1,1,1785536869
2026-07-31T22:38:45Z,1200,9,5,6,0,0,1,1,1,1785536471
2026-07-31T22:38:45Z,1201,9,4,6,0,0,1,1,1,1785536442
2026-07-31T22:38:45Z,1202,10,5,5,0,0,1,1,1,1785536542
2026-07-31T22:38:45Z,1203,11,5,4,0,0,1,1,1,1785536450
2026-07-31T22:38:45Z,1204,7,4,12,0,0,1,1,1,1785537177
2026-07-31T22:38:45Z,1206,11,5,10,0,0,1,1,1,1785537286
2026-07-31T22:38:45Z,1207,8,4,6,1,0,1,1,1,1785536759
2026-07-31T22:38:45Z,1208,10,4,9,0,0,1,1,1,1785536709
2026-07-31T22:38:45Z,1216,8,0,12,1,0,1,1,1,1785537499
2026-07-31T22:38:45Z,1218,4,0,17,0,0,1,1,1,1785536082
2026-07-31T22:38:45Z,1219,2,1,10,3,0,1,1,1,1785536357
2026-07-31T22:38:45Z,1220,17,6,2,0,0,1,1,1,1785536076
2026-07-31T22:38:45Z,1221,1,1,19,1,0,1,1,1,1785537252
2026-07-31T22:38:45Z,1222,18,1,11,0,0,1,1,1,1785537246
2026-07-31T22:38:45Z,1223,26,0,2,1,0,1,1,1,1785537374
2026-07-31T22:38:45Z,1226,0,0,3,0,0,0,1,1,1781868931
2026-07-31T22:38:45Z,1227,8,0,16,1,0,1,1,1,1785537303
2026-07-31T22:38:45Z,1228,1,0,27,1,0,1,1,1,1785537352
2026-07-31T22:38:45Z,1229,42,0,3,0,0,1,1,1,1785537350
2026-07-31T22:43:45Z,1,2,0,21,0,0,1,1,1,1785537739
2026-07-31T22:43:45Z,2,9,0,15,3,0,1,1,1,1785537737
2026-07-31T22:43:45Z,3,9,2,4,1,0,1,1,1,1785537602
2026-07-31T22:43:45Z,4,19,0,2,1,0,1,1,1,1785536872
2026-07-31T22:43:45Z,5,19,4,2,2,0,1,1,1,1785536609
2026-07-31T22:43:45Z,6,5,0,10,0,0,1,1,1,1785537520
2026-07-31T22:43:45Z,7,11,0,28,0,0,1,1,1,1785537672
2026-07-31T22:43:45Z,8,14,0,29,0,0,1,1,1,1785537446
2026-07-31T22:43:45Z,9,20,3,3,0,0,1,1,1,1785537656
2026-07-31T22:43:45Z,10,4,2,16,3,0,1,1,1,1785537722
2026-07-31T22:43:45Z,11,7,2,10,2,0,1,1,1,1785536999
2026-07-31T22:43:45Z,12,23,0,0,0,0,1,1,1,1785537742
2026-07-31T22:43:45Z,13,21,2,8,1,0,1,1,1,1785537550
2026-07-31T22:43:45Z,14,13,1,29,0,1,1,1,1,1785537775
2026-07-31T22:43:45Z,15,15,0,0,0,0,1,1,1,1785536042
2026-07-31T22:43:45Z,16,1,0,23,2,1,1,1,1,1785536397
2026-07-31T22:43:45Z,17,24,0,2,1,0,1,1,1,1785537780
2026-07-31T22:43:45Z,18,11,0,5,2,0,1,1,1,1785537759
2026-07-31T22:43:45Z,19,10,2,16,1,0,1,1,1,1785537758
2026-07-31T22:43:45Z,20,9,0,25,1,0,1,1,1,1785537677
2026-07-31T22:43:45Z,21,8,0,8,3,0,1,1,1,1785537791
2026-07-31T22:43:45Z,22,17,0,45,3,0,1,1,1,1785537665
2026-07-31T22:43:45Z,23,8,8,23,0,0,1,1,1,1785537161
2026-07-31T22:43:45Z,24,4,1,6,1,0,1,1,1,1785537812
2026-07-31T22:43:45Z,25,76,1,3,2,0,1,1,1,1785537783
2026-07-31T22:43:45Z,26,23,0,4,0,0,1,1,1,1785537676
2026-07-31T22:43:45Z,28,9,0,6,0,0,1,1,1,1785537574
2026-07-31T22:43:45Z,30,16,0,11,2,0,1,1,1,1785536981
2026-07-31T22:43:45Z,31,10,0,7,2,0,1,1,1,1785537814
2026-07-31T22:43:45Z,32,8,0,19,0,0,1,1,1,1785537755
2026-07-31T22:43:45Z,34,14,0,23,0,0,1,1,1,1785537668
2026-07-31T22:43:45Z,35,17,0,29,1,0,1,1,1,1785537768
2026-07-31T22:43:45Z,36,0,0,0,0,0,0,1,1,86400
2026-07-31T22:43:45Z,37,17,4,6,0,0,1,1,1,1785537756
2026-07-31T22:43:45Z,38,0,0,23,0,0,1,1,1,1785536698
2026-07-31T22:43:45Z,39,10,3,29,0,0,1,1,1,1785537808
2026-07-31T22:43:45Z,40,6,0,15,0,0,1,1,1,1785537764
2026-07-31T22:43:45Z,41,18,0,25,0,0,1,1,1,1785537606
2026-07-31T22:43:45Z,42,4,4,27,0,0,1,1,1,1785535440
2026-07-31T22:43:45Z,43,7,2,16,0,0,1,1,1,1785537701
2026-07-31T22:43:45Z,45,5,0,24,0,0,1,1,1,1785537713
2026-07-31T22:43:45Z,46,4,2,26,1,0,1,1,1,1785537711
2026-07-31T22:43:45Z,47,8,1,6,1,0,1,1,1,1785537796
2026-07-31T22:43:45Z,48,17,0,10,0,0,1,1,1,1785537545
2026-07-31T22:43:45Z,49,0,0,19,4,0,1,1,1,1785537810
2026-07-31T22:43:45Z,50,4,2,13,2,0,1,1,1,1785537675
2026-07-31T22:43:45Z,51,29,0,48,0,0,1,1,1,1785537515
2026-07-31T22:43:45Z,52,3,0,21,3,0,1,1,1,1785537764
2026-07-31T22:43:45Z,55,5,1,18,0,0,1,1,1,1785537446
2026-07-31T22:43:45Z,56,9,2,34,0,0,1,1,1,1785537804
2026-07-31T22:43:45Z,57,24,0,3,0,0,1,1,1,1785537732
2026-07-31T22:43:45Z,58,0,0,28,0,0,1,1,1,1785537262
2026-07-31T22:43:45Z,59,8,1,17,2,0,1,1,1,1785537800
2026-07-31T22:43:45Z,61,28,0,11,0,0,1,1,1,1785537159
2026-07-31T22:43:45Z,62,16,9,33,0,0,1,1,1,1785537713
2026-07-31T22:43:45Z,63,14,4,4,1,0,1,1,1,1785537528
2026-07-31T22:43:45Z,64,10,1,5,4,0,1,1,1,1785535815
2026-07-31T22:43:45Z,65,12,4,6,1,0,1,1,1,1785536898
2026-07-31T22:43:45Z,67,13,0,26,0,0,1,1,1,1785537796
2026-07-31T22:43:45Z,68,31,0,5,1,0,1,1,1,1785537028
2026-07-31T22:43:45Z,69,5,0,10,0,0,1,1,1,1785537645
2026-07-31T22:43:45Z,71,12,0,12,3,0,1,1,1,1785537746
2026-07-31T22:43:45Z,72,24,4,2,4,1,1,1,1,1785537748
2026-07-31T22:43:45Z,73,4,1,27,0,0,1,1,1,1785537797
2026-07-31T22:43:45Z,74,0,0,19,0,0,1,1,1,1785536424
2026-07-31T22:43:45Z,75,8,0,23,1,0,1,1,1,1785536746
2026-07-31T22:43:45Z,76,3,0,14,2,0,1,1,1,1785537812
2026-07-31T22:43:45Z,77,20,0,6,1,0,1,1,1,1785537706
2026-07-31T22:43:45Z,78,1,0,22,0,0,1,1,1,1785537388
2026-07-31T22:43:45Z,79,1,0,15,1,0,1,1,1,1785537318
2026-07-31T22:43:45Z,80,16,3,4,3,0,1,1,1,1785537791
2026-07-31T22:43:45Z,81,1,0,30,0,0,1,1,1,1785537652
2026-07-31T22:43:45Z,82,12,9,10,1,0,1,1,1,1785537529
2026-07-31T22:43:45Z,83,6,2,27,1,0,1,1,1,1785537770
2026-07-31T22:43:45Z,84,11,3,16,0,0,1,1,1,1785537542
2026-07-31T22:43:45Z,85,6,1,9,0,0,1,1,1,1785537437
2026-07-31T22:43:45Z,86,6,3,21,0,0,1,1,1,1785537663
2026-07-31T22:43:45Z,87,0,0,19,0,0,1,1,1,1785533075
2026-07-31T22:43:45Z,88,23,0,19,1,0,1,1,1,1785537629
2026-07-31T22:43:45Z,89,15,0,20,0,0,1,1,1,1785537515
2026-07-31T22:43:45Z,90,11,0,6,1,0,1,1,1,1785537790
2026-07-31T22:43:45Z,91,2,1,15,0,0,1,1,1,1785537659
2026-07-31T22:43:45Z,92,3,1,13,3,0,1,1,1,1785537789
2026-07-31T22:43:45Z,93,6,0,16,1,0,1,1,1,1785537709
2026-07-31T22:43:45Z,94,7,0,11,1,0,1,1,1,1785537234
2026-07-31T22:43:45Z,95,3,1,30,1,1,1,1,1,1785537808
2026-07-31T22:43:45Z,96,23,4,7,1,0,1,1,1,1785537614
2026-07-31T22:43:45Z,97,4,1,12,1,0,1,1,1,1785537808
2026-07-31T22:43:45Z,98,24,5,11,0,0,1,1,1,1785537787
2026-07-31T22:43:45Z,99,15,2,0,0,0,1,1,1,1785535229
2026-07-31T22:43:45Z,100,18,3,9,0,0,1,1,1,1785537789
2026-07-31T22:43:45Z,101,9,2,5,1,0,1,1,1,1785537756
2026-07-31T22:43:45Z,102,21,1,1,1,0,1,1,1,1785537408
2026-07-31T22:43:45Z,103,26,0,1,3,0,1,1,1,1785537752
2026-07-31T22:43:45Z,104,10,0,14,3,0,1,1,1,1785537805
2026-07-31T22:43:45Z,105,17,0,2,0,0,1,1,1,1785535842
2026-07-31T22:43:45Z,106,18,0,2,1,0,1,1,1,1785537238
2026-07-31T22:43:45Z,107,21,2,15,1,0,1,1,1,1785537655
2026-07-31T22:43:45Z,108,29,1,4,2,0,1,1,1,1785537808
2026-07-31T22:43:45Z,109,18,0,5,0,0,1,1,1,1785537624
2026-07-31T22:43:45Z,110,17,0,6,0,0,1,1,1,1785537048
2026-07-31T22:43:45Z,111,6,0,30,0,0,1,1,1,1785536636
2026-07-31T22:43:45Z,112,10,1,4,1,0,1,1,1,1785537564
2026-07-31T22:43:45Z,113,5,1,13,1,0,1,1,1,1785537712
2026-07-31T22:43:45Z,114,9,6,20,1,1,1,1,1,1785537535
2026-07-31T22:43:45Z,115,17,10,6,5,0,1,1,1,1785537470
2026-07-31T22:43:45Z,116,9,9,18,0,0,1,1,1,1785536657
2026-07-31T22:43:45Z,118,19,2,1,3,0,1,1,1,1785537698
2026-07-31T22:43:45Z,119,0,0,36,2,0,1,1,1,1785537682
2026-07-31T22:43:45Z,120,4,1,22,1,0,1,1,1,1785537716
2026-07-31T22:43:45Z,121,3,2,14,1,1,1,1,1,1785537811
2026-07-31T22:43:45Z,122,8,0,11,2,0,1,1,1,1785537525
2026-07-31T22:43:45Z,123,1,1,45,1,0,1,1,1,1785537606
2026-07-31T22:43:45Z,124,2,0,33,0,0,1,1,1,1785537720
2026-07-31T22:43:45Z,125,5,1,17,1,0,1,1,1,1785537676
2026-07-31T22:43:45Z,126,16,2,15,0,0,1,1,1,1785537365
2026-07-31T22:43:45Z,127,13,1,20,2,0,1,1,1,1785537607
2026-07-31T22:43:45Z,128,9,1,9,1,0,1,1,1,1785537740
2026-07-31T22:43:45Z,129,7,2,9,3,0,1,1,1,1785537788
2026-07-31T22:43:45Z,130,9,0,8,0,0,1,1,1,1785537395
2026-07-31T22:43:45Z,131,8,2,2,1,0,1,1,1,1785537496
2026-07-31T22:43:45Z,132,8,4,6,0,1,1,1,1,1785537705
2026-07-31T22:43:45Z,134,10,0,9,4,0,1,1,1,1785537723
2026-07-31T22:43:45Z,135,6,4,10,3,0,1,1,1,1785537659
2026-07-31T22:43:45Z,136,1,0,0,21,1,1,1,1,1785537813
2026-07-31T22:43:45Z,137,7,2,12,0,0,1,1,1,1785537683
2026-07-31T22:43:45Z,138,17,1,20,0,0,1,1,1,1785537507
2026-07-31T22:43:45Z,139,2,0,17,0,0,1,1,1,1785536953
2026-07-31T22:43:45Z,140,8,1,14,1,0,1,1,1,1785537813
2026-07-31T22:43:45Z,141,8,4,28,0,0,1,1,1,1785537813
2026-07-31T22:43:45Z,142,1,1,22,0,0,1,1,1,1785537527
2026-07-31T22:43:45Z,143,27,3,4,0,0,1,1,1,1785537771
2026-07-31T22:43:45Z,144,23,1,3,1,0,1,1,1,1785537742
2026-07-31T22:43:45Z,146,1,0,21,1,0,1,1,1,1785537748
2026-07-31T22:43:45Z,147,3,0,13,3,0,1,1,1,1785537657
2026-07-31T22:43:45Z,148,1,1,23,3,0,1,1,1,1785537652
2026-07-31T22:43:45Z,149,0,0,27,0,0,1,1,1,1785537283
2026-07-31T22:43:45Z,150,4,0,29,2,0,1,1,1,1785537805
2026-07-31T22:43:45Z,151,0,0,23,0,0,1,1,1,1785537505
2026-07-31T22:43:45Z,152,7,0,16,3,0,1,1,1,1785537759
2026-07-31T22:43:45Z,153,12,0,14,2,0,1,1,1,1785537678
2026-07-31T22:43:45Z,154,15,4,5,3,0,1,1,1,1785537786
2026-07-31T22:43:45Z,155,6,2,7,1,0,1,1,1,1785537507
2026-07-31T22:43:45Z,156,4,1,15,0,0,1,1,1,1785537730
2026-07-31T22:43:45Z,157,12,0,13,2,0,1,1,1,1785537701
2026-07-31T22:43:45Z,158,12,0,3,1,0,1,1,1,1785537733
2026-07-31T22:43:45Z,159,5,2,14,0,0,1,1,1,1785537120
2026-07-31T22:43:45Z,160,5,0,14,0,0,1,1,1,1785537478
2026-07-31T22:43:45Z,161,18,5,4,0,0,1,1,1,1785537740
2026-07-31T22:43:45Z,162,11,10,13,3,0,1,1,1,1785537809
2026-07-31T22:43:45Z,163,2,0,28,0,1,1,1,1,1785537812
2026-07-31T22:43:45Z,164,26,0,1,0,0,1,1,1,1785537531
2026-07-31T22:43:45Z,165,17,2,13,1,0,1,1,1,1785537748
2026-07-31T22:43:45Z,166,8,6,27,4,0,1,1,1,1785537807
2026-07-31T22:43:45Z,167,3,0,19,1,0,1,1,1,1785537782
2026-07-31T22:43:45Z,168,5,2,21,1,0,1,1,1,1785537667
2026-07-31T22:43:45Z,169,16,4,5,1,1,1,1,1,1785537689
2026-07-31T22:43:45Z,170,8,0,10,1,0,1,1,1,1785537707
2026-07-31T22:43:45Z,171,5,2,6,2,0,1,1,1,1785537695
2026-07-31T22:43:45Z,173,27,1,12,0,0,1,1,1,1785537354
2026-07-31T22:43:45Z,174,2,0,24,0,0,1,1,1,1785537623
2026-07-31T22:43:45Z,175,30,0,0,1,0,1,1,1,1785537475
2026-07-31T22:43:45Z,176,12,3,1,1,1,1,1,1,1785537729
2026-07-31T22:43:45Z,177,6,2,21,0,0,1,1,1,1785537805
2026-07-31T22:43:45Z,178,11,2,1,2,1,1,1,1,1785537807
2026-07-31T22:43:45Z,179,13,0,0,2,0,1,1,1,1785537395
2026-07-31T22:43:45Z,180,2,0,28,0,0,1,1,1,1785537806
2026-07-31T22:43:45Z,181,3,2,12,0,0,1,1,1,1785537751
2026-07-31T22:43:45Z,182,2,0,15,0,0,1,1,1,1785537796
2026-07-31T22:43:45Z,183,0,0,22,1,0,1,1,1,1785537641
2026-07-31T22:43:45Z,184,15,6,5,3,0,1,1,1,1785537810
2026-07-31T22:43:45Z,185,6,6,6,2,1,1,1,1,1785537149
2026-07-31T22:43:45Z,186,3,1,16,0,0,1,1,1,1785537297
2026-07-31T22:43:45Z,187,2,0,25,1,0,1,1,1,1785537317
2026-07-31T22:43:45Z,188,8,2,11,8,0,1,1,1,1785537722
2026-07-31T22:43:45Z,189,8,4,7,0,0,1,1,1,1785537081
2026-07-31T22:43:45Z,190,3,3,19,1,0,1,1,1,1785537756
2026-07-31T22:43:45Z,191,3,3,36,0,0,1,1,1,1785537812
2026-07-31T22:43:45Z,192,5,1,25,1,0,1,1,1,1785537388
2026-07-31T22:43:45Z,193,14,10,0,1,0,1,1,1,1785537630
2026-07-31T22:43:45Z,194,7,3,20,0,0,1,1,1,1785537797
2026-07-31T22:43:45Z,195,2,0,17,0,0,1,1,1,1785537527
2026-07-31T22:43:45Z,196,6,6,19,2,0,1,1,1,1785537810
2026-07-31T22:43:45Z,197,1,0,17,0,1,1,1,1,1785537009
2026-07-31T22:43:45Z,198,8,7,13,2,0,1,1,1,1785537454
2026-07-31T22:43:45Z,199,2,1,11,2,0,1,1,1,1785537367
2026-07-31T22:43:45Z,200,6,4,19,1,0,1,1,1,1785537591
2026-07-31T22:43:45Z,201,7,5,16,0,0,1,1,1,1785537737
2026-07-31T22:43:45Z,202,24,1,3,0,0,1,1,1,1785537787
2026-07-31T22:43:45Z,203,3,3,27,1,0,1,1,1,1785537809
2026-07-31T22:43:45Z,204,8,0,25,2,0,1,1,1,1785537813
2026-07-31T22:43:45Z,205,4,0,23,0,0,1,1,1,1785537217
2026-07-31T22:43:45Z,206,7,5,5,3,0,1,1,1,1785537673
2026-07-31T22:43:45Z,207,17,0,3,1,0,1,1,1,1785537709
2026-07-31T22:43:45Z,208,7,1,22,0,0,1,1,1,1785537497
2026-07-31T22:43:45Z,209,24,1,6,1,0,1,1,1,1785537724
2026-07-31T22:43:45Z,210,10,9,17,0,0,1,1,1,1785537794
2026-07-31T22:43:45Z,211,19,0,3,1,0,1,1,1,1785537311
2026-07-31T22:43:45Z,212,34,7,0,1,0,1,1,1,1785537767
2026-07-31T22:43:45Z,213,14,5,8,1,0,1,1,1,1785537772
2026-07-31T22:43:45Z,214,12,3,34,1,0,1,1,1,1785537685
2026-07-31T22:43:45Z,215,8,0,14,1,0,1,1,1,1785537750
2026-07-31T22:43:45Z,216,9,7,9,1,0,1,1,1,1785537808
2026-07-31T22:43:45Z,217,28,3,0,1,0,1,1,1,1785537790
2026-07-31T22:43:45Z,218,14,10,24,1,0,1,1,1,1785537813
2026-07-31T22:43:45Z,219,23,0,2,1,0,1,1,1,1785537743
2026-07-31T22:43:45Z,220,16,9,25,1,1,1,1,1,1785537748
2026-07-31T22:43:45Z,221,12,7,2,1,0,1,1,1,1785537802
2026-07-31T22:43:45Z,222,3,1,16,0,0,1,1,1,1785537587
2026-07-31T22:43:45Z,223,2,0,30,3,0,1,1,1,1785537583
2026-07-31T22:43:45Z,224,8,0,13,1,0,1,1,1,1785537736
2026-07-31T22:43:45Z,225,1,0,13,5,0,1,1,1,1785537392
2026-07-31T22:43:45Z,226,24,6,4,3,0,1,1,1,1785537777
2026-07-31T22:43:45Z,227,3,3,22,2,0,1,1,1,1785537493
2026-07-31T22:43:45Z,228,2,1,16,1,0,1,1,1,1785537538
2026-07-31T22:43:45Z,230,0,0,26,0,0,1,1,1,1785537679
2026-07-31T22:43:45Z,232,6,1,10,1,0,1,1,1,1785537571
2026-07-31T22:43:45Z,233,24,9,6,1,0,1,1,1,1785537707
2026-07-31T22:43:45Z,234,10,8,4,3,2,1,1,1,1785537648
2026-07-31T22:43:45Z,236,9,2,10,0,0,1,1,1,1785537749
2026-07-31T22:43:45Z,237,2,0,20,1,0,1,1,1,1785537780
2026-07-31T22:43:45Z,239,19,13,7,1,0,1,1,1,1785537812
2026-07-31T22:43:45Z,241,2,1,20,1,0,1,1,1,1785537499
2026-07-31T22:43:45Z,242,6,2,16,1,0,1,1,1,1785537727
2026-07-31T22:43:45Z,243,20,12,9,2,0,1,1,1,1785537810
2026-07-31T22:43:45Z,244,16,1,10,1,0,1,1,1,1785537665
2026-07-31T22:43:45Z,245,6,2,17,0,0,1,1,1,1785537714
2026-07-31T22:43:45Z,246,5,2,17,1,0,1,1,1,1785537753
2026-07-31T22:43:45Z,247,5,4,16,2,0,1,1,1,1785537070
2026-07-31T22:43:45Z,248,3,3,18,2,0,1,1,1,1785537594
2026-07-31T22:43:45Z,249,13,13,5,1,0,1,1,1,1785537557
2026-07-31T22:43:45Z,250,5,0,18,4,0,1,1,1,1785537636
2026-07-31T22:43:45Z,251,17,12,5,5,0,1,1,1,1785537748
2026-07-31T22:43:45Z,253,8,3,11,0,0,1,1,1,1785537764
2026-07-31T22:43:45Z,254,5,3,37,1,0,1,1,1,1785537773
2026-07-31T22:43:45Z,255,9,2,13,0,1,1,1,1,1785537766
2026-07-31T22:43:45Z,256,2,1,20,1,0,1,1,1,1785537715
2026-07-31T22:43:45Z,257,4,1,15,0,0,1,1,1,1785537632
2026-07-31T22:43:45Z,258,14,10,4,1,0,1,1,1,1785537784
2026-07-31T22:43:45Z,259,13,0,9,0,1,1,1,1,1785537356
2026-07-31T22:43:45Z,260,12,7,6,1,0,1,1,1,1785537799
2026-07-31T22:43:45Z,261,2,1,15,1,1,1,1,1,1785537706
2026-07-31T22:43:45Z,262,0,0,22,1,0,1,1,1,1785537661
2026-07-31T22:43:45Z,263,8,8,6,1,0,1,1,1,1785537677
2026-07-31T22:43:45Z,264,1,1,18,0,0,1,1,1,1785536547
2026-07-31T22:43:45Z,265,9,0,6,0,0,1,1,1,1785537422
2026-07-31T22:43:45Z,266,9,8,9,1,0,1,1,1,1785537602
2026-07-31T22:43:45Z,267,8,3,5,2,0,1,1,1,1785537006
2026-07-31T22:43:45Z,268,18,7,4,1,0,1,1,1,1785537673
2026-07-31T22:43:45Z,269,6,6,17,0,0,1,1,1,1785537717
2026-07-31T22:43:45Z,270,12,2,13,2,0,1,1,1,1785537749
2026-07-31T22:43:45Z,271,1,0,16,2,0,1,1,1,1785537306
2026-07-31T22:43:45Z,272,10,1,13,0,0,1,1,1,1785537431
2026-07-31T22:43:45Z,273,6,1,9,0,0,1,1,1,1785537668
2026-07-31T22:43:45Z,274,3,2,15,1,0,1,1,1,1785537766
2026-07-31T22:43:45Z,275,4,0,15,4,0,1,1,1,1785537801
2026-07-31T22:43:45Z,276,2,1,24,1,0,1,1,1,1785537784
2026-07-31T22:43:45Z,277,6,0,13,4,0,1,1,1,1785537798
2026-07-31T22:43:45Z,278,8,6,21,2,0,1,1,1,1785537781
2026-07-31T22:43:45Z,279,4,1,15,0,0,1,1,1,1785537792
2026-07-31T22:43:45Z,280,5,2,24,2,0,1,1,1,1785537692
2026-07-31T22:43:45Z,281,7,0,12,0,0,1,1,1,1785537490
2026-07-31T22:43:45Z,282,9,2,9,0,0,1,1,1,1785536001
2026-07-31T22:43:45Z,283,19,3,16,0,0,1,1,1,1785537657
2026-07-31T22:43:45Z,284,30,3,3,2,0,1,1,1,1785537483
2026-07-31T22:43:45Z,285,4,2,19,0,0,1,1,1,1785537555
2026-07-31T22:43:45Z,286,17,6,6,0,0,1,1,1,1785537809
2026-07-31T22:43:45Z,287,10,1,10,3,0,1,1,1,1785537276
2026-07-31T22:43:45Z,288,4,1,14,1,0,1,1,1,1785537733
2026-07-31T22:43:45Z,289,8,7,15,4,0,1,1,1,1785537302
2026-07-31T22:43:45Z,290,12,0,25,2,0,1,1,1,1785537568
2026-07-31T22:43:45Z,291,9,0,12,2,0,1,1,1,1785537785
2026-07-31T22:43:45Z,292,5,3,18,0,0,1,1,1,1785537594
2026-07-31T22:43:45Z,293,9,2,13,1,0,1,1,1,1785537598
2026-07-31T22:43:45Z,294,14,8,5,3,0,1,1,1,1785537454
2026-07-31T22:43:45Z,297,6,2,11,1,1,1,1,1,1785537644
2026-07-31T22:43:45Z,301,16,0,2,1,0,1,1,1,1785537733
2026-07-31T22:43:45Z,302,14,1,9,0,0,1,1,1,1785537813
2026-07-31T22:43:45Z,303,0,0,19,0,0,1,1,1,1785537327
2026-07-31T22:43:45Z,304,0,0,0,0,0,0,1,1,86400
2026-07-31T22:43:45Z,305,0,0,18,1,0,1,1,1,1785537809
2026-07-31T22:43:45Z,306,10,1,21,1,0,1,1,1,1785537618
2026-07-31T22:43:45Z,307,13,1,10,0,0,1,1,1,1785537078
2026-07-31T22:43:45Z,308,17,3,0,2,0,1,1,1,1785537338
2026-07-31T22:43:45Z,309,6,0,7,1,0,1,1,1,1785537317
2026-07-31T22:43:45Z,311,9,0,5,1,0,1,1,1,1785537781
2026-07-31T22:43:45Z,312,5,5,15,3,0,1,1,1,1785537769
2026-07-31T22:43:45Z,313,2,0,13,0,0,1,1,1,1785535131
2026-07-31T22:43:45Z,314,6,1,10,3,0,1,1,1,1785537515
2026-07-31T22:43:45Z,315,10,4,18,3,0,1,1,1,1785537494
2026-07-31T22:43:45Z,316,2,1,23,5,1,1,1,1,1785537686
2026-07-31T22:43:45Z,317,17,7,13,0,1,1,1,1,1785537629
2026-07-31T22:43:45Z,318,18,4,1,0,0,1,1,1,1785537461
2026-07-31T22:43:45Z,319,8,2,13,2,0,1,1,1,1785537366
2026-07-31T22:43:45Z,320,1,0,17,1,0,1,1,1,1785537666
2026-07-31T22:43:45Z,321,2,0,13,4,0,1,1,1,1785537707
2026-07-31T22:43:45Z,322,21,0,8,0,0,1,1,1,1785537798
2026-07-31T22:43:45Z,323,6,0,11,2,0,1,1,1,1785537621
2026-07-31T22:43:45Z,324,13,0,13,1,0,1,1,1,1785537812
2026-07-31T22:43:45Z,325,2,2,23,2,0,1,1,1,1785535490
2026-07-31T22:43:45Z,327,25,2,0,2,0,1,1,1,1785536932
2026-07-31T22:43:45Z,328,20,0,1,1,0,1,1,1,1785537041
2026-07-31T22:43:45Z,329,4,1,12,3,0,1,1,1,1785537557
2026-07-31T22:43:45Z,330,19,0,3,0,0,1,1,1,1785537717
2026-07-31T22:43:45Z,331,19,1,2,2,0,1,1,1,1785537469
2026-07-31T22:43:45Z,332,2,1,14,3,0,1,1,1,1785537379
2026-07-31T22:43:45Z,333,4,3,18,1,0,1,1,1,1785537800
2026-07-31T22:43:45Z,334,4,0,18,1,0,1,1,1,1785537772
2026-07-31T22:43:45Z,335,5,1,17,0,1,1,1,1,1785537524
2026-07-31T22:43:45Z,336,5,2,14,0,0,1,1,1,1785537775
2026-07-31T22:43:45Z,337,3,3,16,4,0,1,1,1,1785537633
2026-07-31T22:43:45Z,338,0,0,19,0,0,1,1,1,1785536714
2026-07-31T22:43:45Z,339,4,3,17,2,0,1,1,1,1785537802
2026-07-31T22:43:45Z,340,2,2,12,1,0,1,1,1,1785536863
2026-07-31T22:43:45Z,341,5,1,14,0,0,1,1,1,1785537642
2026-07-31T22:43:45Z,342,5,0,9,1,0,1,1,1,1785537755
2026-07-31T22:43:45Z,343,6,3,16,1,0,1,1,1,1785537614
2026-07-31T22:43:45Z,344,7,1,15,1,0,1,1,1,1785537079
2026-07-31T22:43:45Z,345,19,4,0,0,0,1,1,1,1785537452
2026-07-31T22:43:45Z,346,3,3,20,0,0,1,1,1,1785537708
2026-07-31T22:43:45Z,347,16,5,24,4,0,1,1,1,1785537804
2026-07-31T22:43:45Z,348,8,1,14,0,1,1,1,1,1785537784
2026-07-31T22:43:45Z,349,12,1,7,0,0,1,1,1,1785536369
2026-07-31T22:43:45Z,350,2,1,23,1,1,1,1,1,1785537265
2026-07-31T22:43:45Z,351,1,1,20,2,0,1,1,1,1785537562
2026-07-31T22:43:45Z,355,10,2,13,0,0,1,1,1,1785537669
2026-07-31T22:43:45Z,356,4,2,15,0,0,1,1,1,1785537810
2026-07-31T22:43:45Z,357,3,2,15,1,0,1,1,1,1785537742
2026-07-31T22:43:45Z,358,20,1,6,1,0,1,1,1,1785537314
2026-07-31T22:43:45Z,359,11,0,16,0,0,1,1,1,1785536843
2026-07-31T22:43:45Z,360,3,1,16,0,0,1,1,1,1785536895
2026-07-31T22:43:45Z,362,1,0,15,3,0,1,1,1,1785537472
2026-07-31T22:43:45Z,363,21,3,6,0,0,1,1,1,1785537485
2026-07-31T22:43:45Z,364,0,0,18,1,0,1,1,1,1785537106
2026-07-31T22:43:45Z,365,2,0,18,3,0,1,1,1,1785537554
2026-07-31T22:43:45Z,366,4,2,18,1,0,1,1,1,1785537768
2026-07-31T22:43:45Z,367,5,2,12,2,0,1,1,1,1785537128
2026-07-31T22:43:45Z,368,4,1,18,1,0,1,1,1,1785537600
2026-07-31T22:43:45Z,370,8,3,19,0,0,1,1,1,1785537543
2026-07-31T22:43:45Z,371,3,3,15,1,0,1,1,1,1785536010
2026-07-31T22:43:45Z,372,9,0,6,0,0,1,1,1,1785537240
2026-07-31T22:43:45Z,373,0,0,26,1,0,1,1,1,1785534676
2026-07-31T22:43:45Z,374,2,2,16,1,0,1,1,1,1785537489
2026-07-31T22:43:45Z,375,3,2,23,1,0,1,1,1,1785537805
2026-07-31T22:43:45Z,376,0,0,38,1,0,1,1,1,1785537477
2026-07-31T22:43:45Z,377,8,3,17,2,0,1,1,1,1785537472
2026-07-31T22:43:45Z,378,0,0,22,1,1,1,1,1,1785537805
2026-07-31T22:43:45Z,379,17,0,7,3,0,1,1,1,1785537813
2026-07-31T22:43:45Z,380,7,2,16,0,0,1,1,1,1785537503
2026-07-31T22:43:45Z,381,10,0,13,0,0,1,1,1,1785537230
2026-07-31T22:43:45Z,383,8,0,4,3,0,1,1,1,1785537787
2026-07-31T22:43:45Z,384,2,0,22,3,0,1,1,1,1785537104
2026-07-31T22:43:45Z,385,3,0,14,1,0,1,1,1,1785537520
2026-07-31T22:43:45Z,387,3,1,20,0,0,1,1,1,1785537804
2026-07-31T22:43:45Z,388,32,0,12,5,0,1,1,1,1785537576
2026-07-31T22:43:45Z,389,4,3,10,1,0,1,1,1,1785537615
2026-07-31T22:43:45Z,390,16,2,18,1,0,1,1,1,1785537753
2026-07-31T22:43:45Z,391,4,2,11,0,0,1,1,1,1785537451
2026-07-31T22:43:45Z,392,2,2,15,2,0,1,1,1,1785537810
2026-07-31T22:43:45Z,393,2,2,6,3,0,1,1,1,1785537648
2026-07-31T22:43:45Z,394,8,1,3,2,0,1,1,1,1785537134
2026-07-31T22:43:45Z,396,0,0,42,0,0,1,1,1,1785537627
2026-07-31T22:43:45Z,397,8,7,23,0,0,1,1,1,1785537632
2026-07-31T22:43:45Z,399,0,0,15,2,0,1,1,1,1785537749
2026-07-31T22:43:45Z,400,14,9,7,2,0,1,1,1,1785536557
2026-07-31T22:43:45Z,401,9,0,22,8,0,1,1,1,1785537666
2026-07-31T22:43:45Z,403,19,6,8,4,0,1,1,1,1785537687
2026-07-31T22:43:45Z,404,3,1,18,2,0,1,1,1,1785537698
2026-07-31T22:43:45Z,406,12,0,21,2,0,1,1,1,1785537809
2026-07-31T22:43:45Z,407,17,1,16,1,0,1,1,1,1785537621
2026-07-31T22:43:45Z,408,3,3,27,3,0,1,1,1,1785537709
2026-07-31T22:43:45Z,409,12,2,7,4,0,1,1,1,1785537500
2026-07-31T22:43:45Z,413,9,3,13,1,0,1,1,1,1785536482
2026-07-31T22:43:45Z,414,5,0,10,0,0,1,1,1,1785537484
2026-07-31T22:43:45Z,417,2,2,17,0,0,1,1,1,1785537685
2026-07-31T22:43:45Z,418,4,3,11,0,0,1,1,1,1785537277
2026-07-31T22:43:45Z,419,13,1,10,0,0,1,1,1,1785533166
2026-07-31T22:43:45Z,421,15,0,4,0,0,1,1,1,1785537669
2026-07-31T22:43:45Z,422,13,1,14,0,0,1,1,1,1785537707
2026-07-31T22:43:45Z,423,0,0,23,0,0,1,1,1,1785536407
2026-07-31T22:43:45Z,424,3,2,9,3,0,1,1,1,1785537758
2026-07-31T22:43:45Z,425,0,0,21,0,1,1,1,1,1785536730
2026-07-31T22:43:45Z,426,0,0,35,2,0,1,1,1,1785537025
2026-07-31T22:43:45Z,427,11,2,1,3,0,1,1,1,1785537809
2026-07-31T22:43:45Z,428,16,1,3,0,0,1,1,1,1785537768
2026-07-31T22:43:45Z,429,15,5,5,3,0,1,1,1,1785537803
2026-07-31T22:43:45Z,430,5,2,24,2,0,1,1,1,1785537708
2026-07-31T22:43:45Z,431,3,0,29,1,0,1,1,1,1785536819
2026-07-31T22:43:45Z,432,0,0,30,1,0,0,1,1,1785508564
2026-07-31T22:43:45Z,433,5,1,15,3,0,1,1,1,1785537757
2026-07-31T22:43:45Z,437,4,2,11,4,0,1,1,1,1785537686
2026-07-31T22:43:45Z,438,4,1,14,1,0,1,1,1,1785537752
2026-07-31T22:43:45Z,439,13,4,2,0,0,1,1,1,1785537288
2026-07-31T22:43:45Z,440,14,2,0,1,0,1,1,1,1785537658
2026-07-31T22:43:45Z,441,4,1,9,2,0,1,1,1,1785537403
2026-07-31T22:43:45Z,442,9,1,7,3,0,1,1,1,1785537468
2026-07-31T22:43:45Z,443,5,2,22,0,0,1,1,1,1785512432
2026-07-31T22:43:45Z,444,1,1,22,0,0,1,1,1,1785535180
2026-07-31T22:43:45Z,445,6,2,16,1,0,1,1,1,1785537670
2026-07-31T22:43:45Z,446,2,0,21,0,0,1,1,1,1785533737
2026-07-31T22:43:45Z,447,3,0,18,1,1,1,1,1,1785534024
2026-07-31T22:43:45Z,448,6,0,8,1,0,1,1,1,1785537733
2026-07-31T22:43:45Z,452,8,5,10,1,0,1,1,1,1785537644
2026-07-31T22:43:45Z,453,1,1,11,3,0,1,1,1,1785537651
2026-07-31T22:43:45Z,454,18,0,1,0,0,1,1,1,1785537498
2026-07-31T22:43:45Z,455,26,1,12,1,0,1,1,1,1785537809
2026-07-31T22:43:45Z,456,17,0,2,1,0,1,1,1,1785537679
2026-07-31T22:43:45Z,457,1,1,24,2,0,1,1,1,1785537800
2026-07-31T22:43:45Z,458,7,2,14,2,0,1,1,1,1785537509
2026-07-31T22:43:45Z,459,13,1,2,0,0,1,1,1,1785537671
2026-07-31T22:43:45Z,460,15,1,7,1,0,1,1,1,1785537437
2026-07-31T22:43:45Z,461,6,0,12,1,0,1,1,1,1785537771
2026-07-31T22:43:45Z,462,19,0,2,0,0,1,1,1,1785537795
2026-07-31T22:43:45Z,463,8,0,11,0,0,1,1,1,1785537802
2026-07-31T22:43:45Z,464,3,2,11,0,0,1,1,1,1785537057
2026-07-31T22:43:45Z,465,2,2,13,0,0,1,1,1,1785537086
2026-07-31T22:43:45Z,466,6,2,3,6,0,1,1,1,1785537670
2026-07-31T22:43:45Z,467,0,0,19,0,0,1,1,1,1785536420
2026-07-31T22:43:45Z,468,2,1,16,1,0,1,1,1,1785537699
2026-07-31T22:43:45Z,469,2,1,19,2,0,1,1,1,1785537327
2026-07-31T22:43:45Z,470,3,0,10,2,0,1,1,1,1785537716
2026-07-31T22:43:45Z,471,24,3,3,0,0,1,1,1,1785535393
2026-07-31T22:43:45Z,472,5,1,10,4,0,1,1,1,1785537793
2026-07-31T22:43:45Z,473,9,1,10,0,0,1,1,1,1785537400
2026-07-31T22:43:45Z,474,7,2,10,2,0,1,1,1,1785537797
2026-07-31T22:43:45Z,475,0,0,18,1,0,1,1,1,1785537447
2026-07-31T22:43:45Z,477,5,0,10,0,0,1,1,1,1785537654
2026-07-31T22:43:45Z,478,26,0,4,1,0,1,1,1,1785537736
2026-07-31T22:43:45Z,479,4,0,21,2,0,1,1,1,1785537720
2026-07-31T22:43:45Z,480,6,1,8,1,0,1,1,1,1785537037
2026-07-31T22:43:45Z,481,15,0,19,1,0,1,1,1,1785537510
2026-07-31T22:43:45Z,482,2,1,17,0,0,1,1,1,1785536193
2026-07-31T22:43:45Z,483,3,0,22,2,0,1,1,1,1785537764
2026-07-31T22:43:45Z,484,2,0,15,2,0,1,1,1,1785537715
2026-07-31T22:43:45Z,485,14,5,4,0,1,1,1,1,1785537777
2026-07-31T22:43:45Z,486,3,1,22,2,0,1,1,1,1785537780
2026-07-31T22:43:45Z,487,9,6,7,3,0,1,1,1,1785536849
2026-07-31T22:43:45Z,489,2,1,13,0,0,1,1,1,1785537715
2026-07-31T22:43:45Z,490,13,1,3,0,0,1,1,1,1785536182
2026-07-31T22:43:45Z,491,9,2,11,1,0,1,1,1,1785537627
2026-07-31T22:43:45Z,492,4,1,4,3,0,1,1,1,1785537812
2026-07-31T22:43:45Z,493,19,1,8,0,0,1,1,1,1785537587
2026-07-31T22:43:45Z,495,10,0,4,1,0,1,1,1,1785536672
2026-07-31T22:43:45Z,496,8,1,19,0,0,1,1,1,1785536948
2026-07-31T22:43:45Z,497,1,1,17,0,0,1,1,1,1785537132
2026-07-31T22:43:45Z,498,2,1,21,0,0,1,1,1,1785537654
2026-07-31T22:43:45Z,499,3,0,15,1,0,1,1,1,1785537297
2026-07-31T22:43:45Z,500,3,0,9,3,0,1,1,1,1785537672
2026-07-31T22:43:45Z,501,7,0,12,2,0,1,1,1,1785537757
2026-07-31T22:43:45Z,502,1,0,16,2,0,1,1,1,1785533820
2026-07-31T22:43:45Z,503,8,0,22,1,0,1,1,1,1785537645
2026-07-31T22:43:45Z,504,7,1,30,2,0,1,1,1,1785537756
2026-07-31T22:43:45Z,505,4,0,7,1,0,1,1,1,1785537514
2026-07-31T22:43:45Z,511,2,2,21,0,0,1,1,1,1785537529
2026-07-31T22:43:45Z,512,11,0,16,0,0,1,1,1,1785537237
2026-07-31T22:43:45Z,514,4,3,6,1,0,1,1,1,1785537790
2026-07-31T22:43:45Z,515,6,2,13,0,0,1,1,1,1785536835
2026-07-31T22:43:45Z,516,1,0,25,1,0,1,1,1,1785537769
2026-07-31T22:43:45Z,517,12,3,11,0,0,1,1,1,1785537187
2026-07-31T22:43:45Z,518,5,0,9,1,0,1,1,1,1785533962
2026-07-31T22:43:45Z,519,6,4,12,1,0,1,1,1,1785535628
2026-07-31T22:43:45Z,520,20,6,1,5,1,1,1,1,1785537814
2026-07-31T22:43:45Z,521,4,3,19,0,0,1,1,1,1785535813
2026-07-31T22:43:45Z,522,11,3,10,2,0,1,1,1,1785537787
2026-07-31T22:43:45Z,523,11,5,11,1,0,1,1,1,1785536008
2026-07-31T22:43:45Z,524,15,0,8,0,0,1,1,1,1785537812
2026-07-31T22:43:45Z,525,10,1,9,0,0,1,1,1,1785537474
2026-07-31T22:43:45Z,526,5,2,9,1,0,1,1,1,1785537541
2026-07-31T22:43:45Z,527,14,12,11,1,0,1,1,1,1785537723
2026-07-31T22:43:45Z,528,22,2,0,1,0,1,1,1,1785537341
2026-07-31T22:43:45Z,529,8,4,5,6,0,1,1,1,1785537810
2026-07-31T22:43:45Z,530,11,0,7,3,0,1,1,1,1785536820
2026-07-31T22:43:45Z,531,20,1,2,0,1,1,1,1,1785537803
2026-07-31T22:43:45Z,532,2,2,27,2,0,1,1,1,1785537726
2026-07-31T22:43:45Z,533,12,0,6,1,0,1,1,1,1785537613
2026-07-31T22:43:45Z,534,6,2,17,0,0,1,1,1,1785537098
2026-07-31T22:43:45Z,535,0,0,15,0,0,1,1,1,1785536563
2026-07-31T22:43:45Z,536,10,0,13,0,0,1,1,1,1785537806
2026-07-31T22:43:45Z,537,1,0,19,0,0,1,1,1,1785537812
2026-07-31T22:43:45Z,538,10,2,12,0,1,1,1,1,1785537494
2026-07-31T22:43:45Z,539,2,2,29,0,0,1,1,1,1785537640
2026-07-31T22:43:45Z,540,4,1,15,0,0,1,1,1,1785537737
2026-07-31T22:43:45Z,541,1,0,26,0,0,1,1,1,1785537647
2026-07-31T22:43:45Z,542,0,0,23,0,0,1,1,1,1785536944
2026-07-31T22:43:45Z,543,2,0,17,0,0,1,1,1,1785537710
2026-07-31T22:43:45Z,544,7,2,11,4,0,1,1,1,1785537366
2026-07-31T22:43:45Z,545,13,1,2,4,0,1,1,1,1785537810
2026-07-31T22:43:45Z,546,3,2,16,0,0,1,1,1,1785537792
2026-07-31T22:43:45Z,547,13,1,12,0,0,1,1,1,1785537161
2026-07-31T22:43:45Z,548,6,0,16,1,0,1,1,1,1785537715
2026-07-31T22:43:45Z,549,13,0,10,0,0,1,1,1,1785537688
2026-07-31T22:43:45Z,550,6,3,13,0,0,1,1,1,1785537577
2026-07-31T22:43:45Z,551,2,1,20,1,0,1,1,1,1785537570
2026-07-31T22:43:45Z,552,3,1,24,0,0,1,1,1,1785537548
2026-07-31T22:43:45Z,553,0,0,21,2,0,1,1,1,1785537686
2026-07-31T22:43:45Z,554,0,0,18,1,0,1,1,1,1785537598
2026-07-31T22:43:45Z,555,6,0,8,1,0,1,1,1,1785537398
2026-07-31T22:43:45Z,556,9,1,12,2,0,1,1,1,1785537800
2026-07-31T22:43:45Z,557,0,0,21,2,0,1,1,1,1785536364
2026-07-31T22:43:45Z,558,27,12,9,1,0,1,1,1,1785537773
2026-07-31T22:43:45Z,559,3,0,15,1,0,1,1,1,1785537534
2026-07-31T22:43:45Z,560,16,0,11,0,0,1,1,1,1785537749
2026-07-31T22:43:45Z,561,6,0,13,4,0,1,1,1,1785537252
2026-07-31T22:43:45Z,562,5,0,23,7,0,1,1,1,1785536908
2026-07-31T22:43:45Z,563,3,0,10,1,0,1,1,1,1785537583
2026-07-31T22:43:45Z,564,2,1,16,1,0,1,1,1,1785537156
2026-07-31T22:43:45Z,565,4,1,14,1,0,1,1,1,1785537369
2026-07-31T22:43:45Z,566,15,0,3,1,0,1,1,1,1785537789
2026-07-31T22:43:45Z,567,21,0,2,4,0,1,1,1,1785537495
2026-07-31T22:43:45Z,568,7,0,11,1,0,1,1,1,1785537780
2026-07-31T22:43:45Z,569,10,0,6,3,0,1,1,1,1785537511
2026-07-31T22:43:45Z,570,4,0,13,2,0,1,1,1,1785537801
2026-07-31T22:43:45Z,571,7,0,16,0,0,1,1,1,1785537667
2026-07-31T22:43:45Z,572,9,0,10,0,0,1,1,1,1785537620
2026-07-31T22:43:45Z,573,15,3,0,0,0,1,1,1,1785536620
2026-07-31T22:43:45Z,574,5,3,10,0,0,1,1,1,1785537066
2026-07-31T22:43:45Z,575,4,0,16,1,0,1,1,1,1785537343
2026-07-31T22:43:45Z,576,0,0,19,0,0,1,1,1,1785537344
2026-07-31T22:43:45Z,577,28,0,3,0,0,1,1,1,1785537741
2026-07-31T22:43:45Z,578,0,0,22,1,0,1,1,1,1785537638
2026-07-31T22:43:45Z,579,9,0,34,0,0,1,1,1,1785537543
2026-07-31T22:43:45Z,580,3,0,26,0,0,1,1,1,1785537316
2026-07-31T22:43:45Z,581,17,1,2,0,0,1,1,1,1785537760
2026-07-31T22:43:45Z,582,23,0,36,2,0,1,1,1,1785537596
2026-07-31T22:43:45Z,583,3,0,19,1,0,1,1,1,1785537760
2026-07-31T22:43:45Z,584,1,0,14,4,0,1,1,1,1785535753
2026-07-31T22:43:45Z,585,2,0,24,0,1,1,1,1,1785537524
2026-07-31T22:43:45Z,586,11,1,24,0,0,1,1,1,1785537326
2026-07-31T22:43:45Z,587,11,0,12,1,0,1,1,1,1785537719
2026-07-31T22:43:45Z,588,7,3,9,2,1,1,1,1,1785537716
2026-07-31T22:43:45Z,589,12,6,10,0,0,1,1,1,1785537725
2026-07-31T22:43:45Z,590,11,2,20,0,0,1,1,1,1785537736
2026-07-31T22:43:45Z,591,0,0,28,2,0,1,1,1,1785537184
2026-07-31T22:43:45Z,592,5,0,18,0,0,1,1,1,1785537792
2026-07-31T22:43:45Z,593,16,0,22,0,0,1,1,1,1785537540
2026-07-31T22:43:45Z,594,5,1,14,2,0,1,1,1,1785537810
2026-07-31T22:43:45Z,595,0,0,3,0,0,0,1,1,1784046673
2026-07-31T22:43:45Z,605,0,0,2,1,0,0,1,1,1783975843
2026-07-31T22:43:45Z,606,0,0,0,0,0,0,1,1,86400
2026-07-31T22:43:45Z,607,3,1,23,6,0,1,1,1,1785537765
2026-07-31T22:43:45Z,608,35,1,15,0,0,1,1,1,1785537573
2026-07-31T22:43:45Z,609,4,2,19,0,0,1,1,1,1785537809
2026-07-31T22:43:45Z,610,2,0,33,0,0,1,1,1,1785537791
2026-07-31T22:43:45Z,611,15,6,11,1,0,1,1,1,1785537794
2026-07-31T22:43:45Z,612,8,1,7,0,0,1,1,1,1785533466
2026-07-31T22:43:45Z,613,12,4,0,3,0,1,1,1,1785530289
2026-07-31T22:43:45Z,614,2,1,22,2,1,1,1,1,1785537791
2026-07-31T22:43:45Z,617,10,1,3,2,0,1,1,1,1785536422
2026-07-31T22:43:45Z,618,12,1,1,6,0,1,1,1,1785536738
2026-07-31T22:43:45Z,619,5,5,14,0,0,1,1,1,1785537104
2026-07-31T22:43:45Z,620,14,1,13,0,0,1,1,1,1785537776
2026-07-31T22:43:45Z,621,1,1,22,0,0,1,1,1,1785537583
2026-07-31T22:43:45Z,622,4,1,18,1,0,1,1,1,1785537785
2026-07-31T22:43:45Z,623,14,4,16,0,0,1,1,1,1785537541
2026-07-31T22:43:45Z,624,1,0,14,0,0,1,1,1,1785537612
2026-07-31T22:43:45Z,625,14,2,2,5,0,1,1,1,1785537686
2026-07-31T22:43:45Z,626,41,0,4,0,2,1,1,1,1785537368
2026-07-31T22:43:45Z,627,16,4,3,0,0,1,1,1,1785537537
2026-07-31T22:43:45Z,628,5,3,12,1,1,1,1,1,1785537218
2026-07-31T22:43:45Z,629,4,1,5,2,0,1,1,1,1785537593
2026-07-31T22:43:45Z,630,1,0,22,4,0,1,1,1,1785537701
2026-07-31T22:43:45Z,631,5,3,18,0,0,1,1,1,1785537788
2026-07-31T22:43:45Z,632,15,1,6,2,0,1,1,1,1785536939
2026-07-31T22:43:45Z,633,11,3,1,3,0,1,1,1,1785530006
2026-07-31T22:43:45Z,634,11,1,8,0,0,1,1,1,1785537091
2026-07-31T22:43:45Z,635,16,1,3,0,0,1,1,1,1785537749
2026-07-31T22:43:45Z,636,7,2,8,0,0,1,1,1,1785526430
2026-07-31T22:43:45Z,637,6,2,11,2,0,1,1,1,1785535251
2026-07-31T22:43:45Z,638,7,2,10,2,0,1,1,1,1785536943
2026-07-31T22:43:45Z,639,12,2,5,2,0,1,1,1,1785537349
2026-07-31T22:43:45Z,640,12,7,9,2,0,1,1,1,1785537769
2026-07-31T22:43:45Z,641,13,0,14,0,0,1,1,1,1785537741
2026-07-31T22:43:45Z,642,4,3,7,8,0,1,1,1,1785537813
2026-07-31T22:43:45Z,643,0,0,19,8,0,1,1,1,1785537812
2026-07-31T22:43:45Z,644,13,1,1,1,0,1,1,1,1785533615
2026-07-31T22:43:45Z,645,17,1,3,3,0,1,1,1,1785537804
2026-07-31T22:43:45Z,646,4,1,15,0,0,1,1,1,1785533859
2026-07-31T22:43:45Z,647,3,1,28,0,0,1,1,1,1785537741
2026-07-31T22:43:45Z,648,1,0,17,1,0,1,1,1,1785537423
2026-07-31T22:43:45Z,649,21,1,9,1,0,1,1,1,1785537625
2026-07-31T22:43:45Z,650,5,1,9,0,0,1,1,1,1785537356
2026-07-31T22:43:45Z,651,7,6,16,0,0,1,1,1,1785537548
2026-07-31T22:43:45Z,652,3,0,17,3,0,1,1,1,1785537752
2026-07-31T22:43:45Z,653,1,1,17,1,0,1,1,1,1785537517
2026-07-31T22:43:45Z,654,1,1,13,1,0,1,1,1,1785537212
2026-07-31T22:43:45Z,655,8,4,0,4,1,1,1,1,1785537650
2026-07-31T22:43:45Z,656,0,0,18,1,0,1,1,1,1785537451
2026-07-31T22:43:45Z,657,9,4,4,2,2,1,1,1,1785537749
2026-07-31T22:43:45Z,658,9,1,1,0,0,1,1,1,1785537787
2026-07-31T22:43:45Z,659,6,4,7,2,0,1,1,1,1785537194
2026-07-31T22:43:45Z,660,11,3,15,5,0,1,1,1,1785537723
2026-07-31T22:43:45Z,661,5,1,14,0,0,1,1,1,1785537712
2026-07-31T22:43:45Z,662,5,2,14,4,0,1,1,1,1785537702
2026-07-31T22:43:45Z,663,6,0,9,0,0,1,1,1,1785537614
2026-07-31T22:43:45Z,664,10,0,15,2,0,1,1,1,1785537390
2026-07-31T22:43:45Z,665,10,4,4,1,0,1,1,1,1785537805
2026-07-31T22:43:45Z,666,7,2,5,3,0,1,1,1,1785536590
2026-07-31T22:43:45Z,667,17,1,0,2,0,1,1,1,1785537674
2026-07-31T22:43:45Z,668,15,2,4,0,0,1,1,1,1785537737
2026-07-31T22:43:45Z,669,6,3,6,2,0,1,1,1,1785537399
2026-07-31T22:43:45Z,670,16,0,11,0,0,1,1,1,1785537540
2026-07-31T22:43:45Z,671,16,2,9,2,0,1,1,1,1785537804
2026-07-31T22:43:45Z,672,4,0,15,3,1,1,1,1,1785537786
2026-07-31T22:43:45Z,673,13,0,10,0,0,1,1,1,1785537789
2026-07-31T22:43:45Z,674,1,1,20,2,0,1,1,1,1785537741
2026-07-31T22:43:45Z,675,4,1,9,2,0,1,1,1,1785537370
2026-07-31T22:43:45Z,676,7,0,13,2,0,1,1,1,1785537382
2026-07-31T22:43:45Z,681,9,5,4,1,1,1,1,1,1785537809
2026-07-31T22:43:45Z,682,7,1,12,0,0,1,1,1,1785537004
2026-07-31T22:43:45Z,683,1,1,18,0,0,1,1,1,1785527602
2026-07-31T22:43:45Z,684,4,1,23,0,0,1,1,1,1785535557
2026-07-31T22:43:45Z,685,6,0,19,1,1,1,1,1,1785535602
2026-07-31T22:43:45Z,686,11,0,13,3,0,1,1,1,1785537756
2026-07-31T22:43:45Z,687,13,1,16,1,1,1,1,1,1785537782
2026-07-31T22:43:45Z,688,9,1,10,0,0,1,1,1,1785537082
2026-07-31T22:43:45Z,692,1,1,20,0,0,1,1,1,1785537099
2026-07-31T22:43:45Z,693,6,0,2,3,0,1,1,1,1785536064
2026-07-31T22:43:45Z,694,8,3,13,0,0,1,1,1,1785537747
2026-07-31T22:43:45Z,695,2,1,20,1,0,1,1,1,1785537696
2026-07-31T22:43:45Z,696,17,13,6,0,0,1,1,1,1785537323
2026-07-31T22:43:45Z,697,21,5,2,0,0,1,1,1,1785537743
2026-07-31T22:43:45Z,698,16,5,11,0,0,1,1,1,1785537804
2026-07-31T22:43:45Z,699,5,1,9,1,0,1,1,1,1785536613
2026-07-31T22:43:45Z,700,15,1,4,0,0,1,1,1,1785537795
2026-07-31T22:43:45Z,701,16,3,2,1,0,1,1,1,1785537724
2026-07-31T22:43:45Z,702,3,3,20,0,0,1,1,1,1785537470
2026-07-31T22:43:45Z,704,5,0,9,1,0,1,1,1,1785537741
2026-07-31T22:43:45Z,705,1,0,14,0,0,1,1,1,1785536699
2026-07-31T22:43:45Z,706,4,1,9,2,0,1,1,1,1785537219
2026-07-31T22:43:45Z,707,7,1,8,0,0,1,1,1,1785536573
2026-07-31T22:43:45Z,708,15,2,4,0,0,1,1,1,1785537603
2026-07-31T22:43:45Z,709,4,0,9,2,0,1,1,1,1785537610
2026-07-31T22:43:45Z,710,3,0,15,1,0,1,1,1,1785536108
2026-07-31T22:43:45Z,711,10,0,10,3,0,1,1,1,1785537737
2026-07-31T22:43:45Z,712,4,4,10,1,0,1,1,1,1785537484
2026-07-31T22:43:45Z,713,6,2,17,0,0,1,1,1,1785537188
2026-07-31T22:43:45Z,716,4,3,11,0,0,1,1,1,1785536364
2026-07-31T22:43:45Z,717,1,1,22,2,0,1,1,1,1785536994
2026-07-31T22:43:45Z,718,4,1,9,2,0,1,1,1,1785537460
2026-07-31T22:43:45Z,719,4,0,25,0,0,1,1,1,1785537506
2026-07-31T22:43:45Z,720,0,0,19,0,0,1,1,1,1785536630
2026-07-31T22:43:45Z,721,6,0,15,2,0,1,1,1,1785537769
2026-07-31T22:43:45Z,722,7,1,8,0,0,1,1,1,1785536406
2026-07-31T22:43:45Z,723,14,2,9,0,0,1,1,1,1785536628
2026-07-31T22:43:45Z,724,6,3,16,1,0,1,1,1,1785537665
2026-07-31T22:43:45Z,725,4,0,19,0,0,1,1,1,1785537392
2026-07-31T22:43:45Z,726,8,1,10,1,0,1,1,1,1785537795
2026-07-31T22:43:45Z,727,10,5,12,1,0,1,1,1,1785537487
2026-07-31T22:43:45Z,728,9,0,5,1,0,1,1,1,1785536934
2026-07-31T22:43:45Z,729,2,0,17,0,0,1,1,1,1785537410
2026-07-31T22:43:45Z,730,0,0,12,3,0,1,1,1,1785537532
2026-07-31T22:43:45Z,731,3,3,10,2,0,1,1,1,1785536679
2026-07-31T22:43:45Z,732,5,3,10,0,0,1,1,1,1785537691
2026-07-31T22:43:45Z,733,24,3,3,0,0,1,1,1,1785537751
2026-07-31T22:43:45Z,734,1,0,13,0,0,1,1,1,1785537574
2026-07-31T22:43:45Z,735,23,9,4,0,0,1,1,1,1785537620
2026-07-31T22:43:45Z,736,12,0,7,0,0,1,1,1,1785537457
2026-07-31T22:43:45Z,737,2,1,12,0,1,1,1,1,1785537166
2026-07-31T22:43:45Z,738,14,4,5,0,0,1,1,1,1785537254
2026-07-31T22:43:45Z,739,18,0,8,1,0,1,1,1,1785536963
2026-07-31T22:43:45Z,741,6,0,17,0,0,1,1,1,1785537008
2026-07-31T22:43:45Z,742,12,10,22,1,0,1,1,1,1785537735
2026-07-31T22:43:45Z,743,5,2,14,0,0,1,1,1,1785536885
2026-07-31T22:43:45Z,744,9,3,6,0,0,1,1,1,1785536851
2026-07-31T22:43:45Z,745,10,4,9,0,0,1,1,1,1785537404
2026-07-31T22:43:45Z,746,6,1,16,1,0,1,1,1,1785537365
2026-07-31T22:43:45Z,747,0,0,4,0,0,0,1,1,1783446606
2026-07-31T22:43:45Z,748,8,0,15,0,0,1,1,1,1785536451
2026-07-31T22:43:45Z,749,7,0,16,0,0,1,1,1,1785537628
2026-07-31T22:43:45Z,750,10,6,0,1,0,1,1,1,1785537094
2026-07-31T22:43:45Z,751,13,12,9,1,0,1,1,1,1785537809
2026-07-31T22:43:45Z,752,0,0,16,1,0,1,1,1,1785535541
2026-07-31T22:43:45Z,753,5,0,9,1,0,1,1,1,1785537619
2026-07-31T22:43:45Z,754,4,1,11,0,0,1,1,1,1785536461
2026-07-31T22:43:45Z,755,15,4,7,1,0,1,1,1,1785537608
2026-07-31T22:43:45Z,756,4,3,32,1,0,1,1,1,1785537229
2026-07-31T22:43:45Z,757,5,1,14,0,0,1,1,1,1785537576
2026-07-31T22:43:45Z,758,5,3,18,0,0,1,1,1,1785537357
2026-07-31T22:43:45Z,759,0,0,0,0,0,1,1,1,86400
2026-07-31T22:43:45Z,760,9,2,10,0,0,1,1,1,1785531870
2026-07-31T22:43:45Z,761,3,1,20,0,0,1,1,1,1785537519
2026-07-31T22:43:45Z,762,4,2,6,5,0,1,1,1,1785536702
2026-07-31T22:43:45Z,768,7,0,8,4,0,1,1,1,1785537694
2026-07-31T22:43:45Z,769,17,9,0,2,0,1,1,1,1785537812
2026-07-31T22:43:45Z,770,9,2,8,2,0,1,1,1,1785537254
2026-07-31T22:43:45Z,771,12,1,2,1,0,1,1,1,1785536656
2026-07-31T22:43:45Z,772,1,0,14,0,0,1,1,1,1785537185
2026-07-31T22:43:45Z,773,17,2,2,0,0,1,1,1,1785537116
2026-07-31T22:43:45Z,774,5,1,6,4,0,1,1,1,1785536972
2026-07-31T22:43:45Z,775,5,1,12,1,1,1,1,1,1785537793
2026-07-31T22:43:45Z,776,2,0,18,1,0,1,1,1,1785537478
2026-07-31T22:43:45Z,777,11,2,4,0,0,1,1,1,1785536806
2026-07-31T22:43:45Z,778,13,0,6,0,0,1,1,1,1785537104
2026-07-31T22:43:45Z,779,6,0,12,1,0,1,1,1,1785536367
2026-07-31T22:43:45Z,780,5,2,14,0,0,1,1,1,1785537803
2026-07-31T22:43:45Z,781,3,1,6,2,0,1,1,1,1785537785
2026-07-31T22:43:45Z,782,0,0,15,4,0,1,1,1,1785536897
2026-07-31T22:43:45Z,783,7,3,12,0,0,1,1,1,1785536127
2026-07-31T22:43:45Z,784,9,2,10,0,0,1,1,1,1785537559
2026-07-31T22:43:45Z,785,9,2,4,6,0,1,1,1,1785536410
2026-07-31T22:43:45Z,786,9,5,10,0,0,1,1,1,1785536018
2026-07-31T22:43:45Z,787,4,3,10,1,0,1,1,1,1785537390
2026-07-31T22:43:45Z,788,7,1,8,0,0,1,1,1,1785537617
2026-07-31T22:43:45Z,789,7,2,4,4,0,1,1,1,1785537785
2026-07-31T22:43:45Z,790,5,1,16,2,0,1,1,1,1785537339
2026-07-31T22:43:45Z,791,6,0,12,0,1,1,1,1,1785537806
2026-07-31T22:43:45Z,793,4,0,10,1,0,1,1,1,1785536933
2026-07-31T22:43:45Z,794,1,0,26,2,0,1,1,1,1785537606
2026-07-31T22:43:45Z,796,6,3,12,1,0,1,1,1,1785536831
2026-07-31T22:43:45Z,797,5,1,10,0,0,1,1,1,1785537166
2026-07-31T22:43:45Z,798,17,1,7,1,0,1,1,1,1785537562
2026-07-31T22:43:45Z,799,15,2,0,4,0,1,1,1,1785536794
2026-07-31T22:43:45Z,800,1,1,19,1,0,1,1,1,1785537036
2026-07-31T22:43:45Z,801,3,1,17,1,0,1,1,1,1785537385
2026-07-31T22:43:45Z,802,7,0,24,0,0,1,1,1,1785537075
2026-07-31T22:43:45Z,803,2,0,13,0,0,1,1,1,1785537046
2026-07-31T22:43:45Z,806,3,3,11,1,0,1,1,1,1785537704
2026-07-31T22:43:45Z,807,8,4,14,3,0,1,1,1,1785537315
2026-07-31T22:43:45Z,808,12,0,10,3,0,1,1,1,1785537562
2026-07-31T22:43:45Z,809,4,1,18,1,0,1,1,1,1785536839
2026-07-31T22:43:45Z,810,3,1,14,2,0,1,1,1,1785537204
2026-07-31T22:43:45Z,815,5,2,5,4,1,1,1,1,1785537200
2026-07-31T22:43:45Z,817,10,6,5,0,0,1,1,1,1785537450
2026-07-31T22:43:45Z,818,5,1,17,1,0,1,1,1,1785537473
2026-07-31T22:43:45Z,819,6,4,9,0,0,1,1,1,1785537047
2026-07-31T22:43:45Z,820,10,0,6,1,0,1,1,1,1785537801
2026-07-31T22:43:45Z,821,4,3,11,0,0,1,1,1,1785536905
2026-07-31T22:43:45Z,822,7,0,15,1,0,1,1,1,1785537740
2026-07-31T22:43:45Z,823,13,0,1,1,0,1,1,1,1785537456
2026-07-31T22:43:45Z,824,18,9,1,0,0,1,1,1,1785537709
2026-07-31T22:43:45Z,825,7,5,7,1,0,1,1,1,1785537283
2026-07-31T22:43:45Z,826,7,0,10,2,0,1,1,1,1785537805
2026-07-31T22:43:45Z,827,16,4,3,2,0,1,1,1,1785537356
2026-07-31T22:43:45Z,828,11,0,5,2,0,1,1,1,1785537182
2026-07-31T22:43:45Z,829,18,7,9,0,0,1,1,1,1785536306
2026-07-31T22:43:45Z,830,16,0,6,1,0,1,1,1,1785537638
2026-07-31T22:43:45Z,831,5,3,8,2,0,1,1,1,1785537730
2026-07-31T22:43:45Z,832,8,3,7,3,0,1,1,1,1785537024
2026-07-31T22:43:45Z,833,5,1,13,1,0,1,1,1,1785536407
2026-07-31T22:43:45Z,834,20,0,3,1,0,1,1,1,1785537593
2026-07-31T22:43:45Z,835,4,3,12,2,0,1,1,1,1785537717
2026-07-31T22:43:45Z,838,7,3,7,1,0,1,1,1,1785537753
2026-07-31T22:43:45Z,839,9,0,18,2,0,1,1,1,1785537806
2026-07-31T22:43:45Z,840,2,0,26,1,0,1,1,1,1785537795
2026-07-31T22:43:45Z,841,8,2,7,0,0,1,1,1,1785536322
2026-07-31T22:43:45Z,842,1,0,22,0,0,1,1,1,1785536260
2026-07-31T22:43:45Z,843,16,2,15,0,0,1,1,1,1785537169
2026-07-31T22:43:45Z,844,4,0,19,0,0,1,1,1,1785536539
2026-07-31T22:43:45Z,845,5,3,12,2,0,1,1,1,1785536604
2026-07-31T22:43:45Z,846,4,2,14,1,0,1,1,1,1785537558
2026-07-31T22:43:45Z,847,7,1,20,0,0,1,1,1,1785537475
2026-07-31T22:43:45Z,848,3,3,15,1,0,1,1,1,1785536822
2026-07-31T22:43:45Z,849,7,0,7,1,0,1,1,1,1785537364
2026-07-31T22:43:45Z,850,8,0,3,0,0,1,1,1,1785537440
2026-07-31T22:43:45Z,851,3,2,31,3,0,1,1,1,1785537724
2026-07-31T22:43:45Z,852,10,4,9,0,0,1,1,1,1785536823
2026-07-31T22:43:45Z,853,11,5,12,0,0,1,1,1,1785537268
2026-07-31T22:43:45Z,854,0,0,15,0,0,1,1,1,1785537211
2026-07-31T22:43:45Z,855,23,0,4,0,0,1,1,1,1785536652
2026-07-31T22:43:45Z,857,8,6,9,2,0,1,1,1,1785537014
2026-07-31T22:43:45Z,858,5,2,13,1,0,1,1,1,1785537012
2026-07-31T22:43:45Z,859,8,0,12,1,0,1,1,1,1785537189
2026-07-31T22:43:45Z,861,6,0,4,1,0,1,1,1,1785528609
2026-07-31T22:43:45Z,862,3,2,12,0,0,1,1,1,1785536760
2026-07-31T22:43:45Z,863,14,1,4,1,0,1,1,1,1785534680
2026-07-31T22:43:45Z,866,13,1,6,0,0,1,1,1,1785536758
2026-07-31T22:43:45Z,867,14,2,1,0,0,1,1,1,1785537782
2026-07-31T22:43:45Z,868,7,0,8,0,0,1,1,1,1785536225
2026-07-31T22:43:45Z,870,7,4,8,0,0,1,1,1,1785536839
2026-07-31T22:43:45Z,871,0,0,10,1,0,1,1,1,1785537585
2026-07-31T22:43:45Z,872,1,0,13,1,0,1,1,1,1785536362
2026-07-31T22:43:45Z,873,3,0,27,3,0,1,1,1,1785537715
2026-07-31T22:43:45Z,874,6,3,6,3,0,1,1,1,1785536524
2026-07-31T22:43:45Z,875,13,9,1,1,0,1,1,1,1785537487
2026-07-31T22:43:45Z,877,13,12,6,0,0,1,1,1,1785536059
2026-07-31T22:43:45Z,878,3,3,16,0,0,1,1,1,1785536629
2026-07-31T22:43:45Z,879,1,0,18,0,0,1,1,1,1785537479
2026-07-31T22:43:45Z,880,1,0,21,1,0,1,1,1,1785537484
2026-07-31T22:43:45Z,881,3,0,16,0,0,1,1,1,1785536494
2026-07-31T22:43:45Z,882,9,3,9,1,0,1,1,1,1785534469
2026-07-31T22:43:45Z,883,7,3,12,0,0,1,1,1,1785536679
2026-07-31T22:43:45Z,884,11,7,10,0,0,1,1,1,1785536082
2026-07-31T22:43:45Z,885,0,0,19,0,0,1,1,1,1785536292
2026-07-31T22:43:45Z,886,3,0,24,2,0,1,1,1,1785537800
2026-07-31T22:43:45Z,887,5,0,8,4,0,1,1,1,1785537756
2026-07-31T22:43:45Z,888,13,0,25,3,0,1,1,1,1785537773
2026-07-31T22:43:45Z,889,7,0,10,2,0,1,1,1,1785536964
2026-07-31T22:43:45Z,890,7,4,8,0,0,1,1,1,1785537599
2026-07-31T22:43:45Z,891,18,0,4,1,0,1,1,1,1785537656
2026-07-31T22:43:45Z,892,10,0,5,0,0,1,1,1,1785536903
2026-07-31T22:43:45Z,895,2,0,17,0,0,1,1,1,1785536824
2026-07-31T22:43:45Z,896,7,2,28,0,0,1,1,1,1785534764
2026-07-31T22:43:45Z,897,15,0,6,0,0,1,1,1,1785536530
2026-07-31T22:43:45Z,898,2,0,17,0,0,1,1,1,1785536203
2026-07-31T22:43:45Z,899,7,0,11,1,0,1,1,1,1785537690
2026-07-31T22:43:45Z,900,10,0,16,1,0,1,1,1,1785537637
2026-07-31T22:43:45Z,901,4,0,14,1,0,1,1,1,1785536985
2026-07-31T22:43:45Z,902,5,1,10,0,0,1,1,1,1785536104
2026-07-31T22:43:45Z,903,7,2,11,1,0,1,1,1,1785537515
2026-07-31T22:43:45Z,904,9,4,9,1,0,1,1,1,1785537511
2026-07-31T22:43:45Z,905,15,3,12,0,0,1,1,1,1785537813
2026-07-31T22:43:45Z,906,12,8,15,0,0,1,1,1,1785537565
2026-07-31T22:43:45Z,907,5,0,24,2,0,1,1,1,1785537609
2026-07-31T22:43:45Z,908,12,2,11,0,0,1,1,1,1785536626
2026-07-31T22:43:45Z,909,6,6,17,0,0,1,1,1,1785537669
2026-07-31T22:43:45Z,910,23,2,6,2,0,1,1,1,1785537811
2026-07-31T22:43:45Z,911,4,1,15,0,0,1,1,1,1785536136
2026-07-31T22:43:45Z,912,5,3,17,1,0,1,1,1,1785537562
2026-07-31T22:43:45Z,913,5,3,14,0,0,1,1,1,1785537136
2026-07-31T22:43:45Z,914,10,1,7,2,0,1,1,1,1785537451
2026-07-31T22:43:45Z,915,12,1,8,3,0,1,1,1,1785537700
2026-07-31T22:43:45Z,916,2,0,21,0,0,1,1,1,1785537434
2026-07-31T22:43:45Z,917,4,0,30,1,0,1,1,1,1785537596
2026-07-31T22:43:45Z,918,0,0,15,4,0,1,1,1,1785537769
2026-07-31T22:43:45Z,919,7,0,32,0,0,1,1,1,1785537783
2026-07-31T22:43:45Z,920,7,2,12,0,0,1,1,1,1785536913
2026-07-31T22:43:45Z,921,12,0,9,0,0,1,1,1,1785537541
2026-07-31T22:43:45Z,922,0,0,21,0,0,1,1,1,1785537162
2026-07-31T22:43:45Z,923,4,2,15,0,0,1,1,1,1785537777
2026-07-31T22:43:45Z,924,6,1,14,1,0,1,1,1,1785537312
2026-07-31T22:43:45Z,925,11,0,10,0,0,1,1,1,1785536822
2026-07-31T22:43:45Z,926,2,0,19,0,0,1,1,1,1785536893
2026-07-31T22:43:45Z,927,20,2,15,0,0,1,1,1,1785537600
2026-07-31T22:43:45Z,928,0,0,19,0,0,0,1,1,1785500252
2026-07-31T22:43:45Z,929,9,0,14,0,0,1,1,1,1785537768
2026-07-31T22:43:45Z,930,10,0,20,1,0,1,1,1,1785536819
2026-07-31T22:43:45Z,931,4,4,18,1,0,1,1,1,1785537771
2026-07-31T22:43:45Z,932,14,0,3,2,0,1,1,1,1785537812
2026-07-31T22:43:45Z,933,5,2,15,3,0,1,1,1,1785537716
2026-07-31T22:43:45Z,934,28,0,2,1,0,1,1,1,1785537792
2026-07-31T22:43:45Z,935,13,0,5,1,0,1,1,1,1785537706
2026-07-31T22:43:45Z,936,6,1,13,0,0,1,1,1,1785537640
2026-07-31T22:43:45Z,940,5,0,5,1,0,1,1,1,1785537640
2026-07-31T22:43:45Z,941,17,2,5,3,0,1,1,1,1785537043
2026-07-31T22:43:45Z,942,14,2,7,0,0,1,1,1,1785537406
2026-07-31T22:43:45Z,943,8,8,7,0,0,1,1,1,1785536440
2026-07-31T22:43:45Z,944,10,8,5,0,0,1,1,1,1785536290
2026-07-31T22:43:45Z,945,7,5,8,0,0,1,1,1,1785537629
2026-07-31T22:43:45Z,946,7,5,12,0,0,1,1,1,1785523835
2026-07-31T22:43:45Z,947,5,3,12,0,0,1,1,1,1785536314
2026-07-31T22:43:45Z,948,21,16,6,4,0,1,1,1,1785537812
2026-07-31T22:43:45Z,949,4,3,11,0,0,1,1,1,1785537759
2026-07-31T22:43:45Z,950,2,2,14,1,0,1,1,1,1785537730
2026-07-31T22:43:45Z,951,14,5,9,0,0,1,1,1,1785537693
2026-07-31T22:43:45Z,952,18,1,36,1,0,1,1,1,1785537064
2026-07-31T22:43:45Z,953,6,1,8,1,0,1,1,1,1785537807
2026-07-31T22:43:45Z,954,6,1,13,0,0,1,1,1,1785536911
2026-07-31T22:43:45Z,955,14,8,7,6,0,1,1,1,1785537746
2026-07-31T22:43:45Z,956,14,0,7,2,0,1,1,1,1785537698
2026-07-31T22:43:45Z,957,22,2,7,0,0,1,1,1,1785537806
2026-07-31T22:43:45Z,958,20,3,11,0,0,1,1,1,1785537796
2026-07-31T22:43:45Z,959,6,0,16,1,0,1,1,1,1785537733
2026-07-31T22:43:45Z,960,7,2,16,0,0,1,1,1,1785537806
2026-07-31T22:43:45Z,961,2,1,18,3,0,1,1,1,1785537274
2026-07-31T22:43:45Z,962,8,0,24,3,0,1,1,1,1785537700
2026-07-31T22:43:45Z,963,16,0,6,1,0,1,1,1,1785537388
2026-07-31T22:43:45Z,964,17,10,5,1,0,1,1,1,1785537274
2026-07-31T22:43:45Z,965,13,6,13,1,0,1,1,1,1785537297
2026-07-31T22:43:45Z,966,13,0,17,1,0,1,1,1,1785537799
2026-07-31T22:43:45Z,967,0,0,20,1,0,1,1,1,1785537803
2026-07-31T22:43:45Z,968,13,0,5,1,0,1,1,1,1785537565
2026-07-31T22:43:45Z,969,2,0,23,2,0,1,1,1,1785537662
2026-07-31T22:43:45Z,970,1,1,17,1,0,1,1,1,1785536670
2026-07-31T22:43:45Z,971,1,0,21,1,0,1,1,1,1785537599
2026-07-31T22:43:45Z,972,10,4,12,1,0,1,1,1,1785536329
2026-07-31T22:43:45Z,973,6,0,16,1,0,1,1,1,1785537714
2026-07-31T22:43:45Z,974,10,0,16,1,0,1,1,1,1785537741
2026-07-31T22:43:45Z,977,0,0,19,2,0,1,1,1,1785536568
2026-07-31T22:43:45Z,978,18,0,5,0,0,1,1,1,1785537792
2026-07-31T22:43:45Z,979,1,0,16,0,0,1,1,1,1785537460
2026-07-31T22:43:45Z,980,0,0,20,1,0,1,1,1,1785537757
2026-07-31T22:43:45Z,981,10,0,11,0,0,1,1,1,1785537726
2026-07-31T22:43:45Z,982,3,0,14,2,0,1,1,1,1785536371
2026-07-31T22:43:45Z,983,2,2,21,0,0,1,1,1,1785536841
2026-07-31T22:43:45Z,984,5,0,18,0,0,1,1,1,1785536497
2026-07-31T22:43:45Z,985,5,0,25,1,0,1,1,1,1785537779
2026-07-31T22:43:45Z,986,4,0,15,0,0,1,1,1,1785536372
2026-07-31T22:43:45Z,987,6,0,17,0,0,1,1,1,1785537550
2026-07-31T22:43:45Z,988,4,2,14,1,0,1,1,1,1785537679
2026-07-31T22:43:45Z,989,7,4,12,0,0,1,1,1,1785537342
2026-07-31T22:43:45Z,990,12,0,2,1,0,1,1,1,1785537038
2026-07-31T22:43:45Z,991,10,0,9,0,0,1,1,1,1785537813
2026-07-31T22:43:45Z,992,9,5,14,0,0,1,1,1,1785537171
2026-07-31T22:43:45Z,993,4,4,22,1,0,1,1,1,1785537454
2026-07-31T22:43:45Z,994,0,0,21,0,0,1,1,1,1785537420
2026-07-31T22:43:45Z,995,7,1,20,0,0,1,1,1,1785536630
2026-07-31T22:43:45Z,996,7,2,16,0,0,1,1,1,1785536457
2026-07-31T22:43:45Z,997,15,8,8,0,0,1,1,1,1785537618
2026-07-31T22:43:45Z,998,5,4,18,0,0,1,1,1,1785536715
2026-07-31T22:43:45Z,999,4,1,15,1,1,1,1,1,1785536572
2026-07-31T22:43:45Z,1000,0,0,21,0,0,1,1,1,1785537255
2026-07-31T22:43:45Z,1001,5,3,22,0,0,1,1,1,1785536790
2026-07-31T22:43:45Z,1002,3,2,27,1,0,1,1,1,1785536820
2026-07-31T22:43:45Z,1003,0,0,23,0,0,1,1,1,1785536580
2026-07-31T22:43:45Z,1004,8,2,15,0,0,1,1,1,1785537659
2026-07-31T22:43:45Z,1005,20,1,3,0,0,1,1,1,1785536542
2026-07-31T22:43:45Z,1006,8,4,11,0,0,1,1,1,1785536344
2026-07-31T22:43:45Z,1007,2,1,19,0,0,1,1,1,1785537805
2026-07-31T22:43:45Z,1008,7,6,16,0,0,1,1,1,1785537347
2026-07-31T22:43:45Z,1009,22,5,8,1,0,1,1,1,1785537443
2026-07-31T22:43:45Z,1010,7,2,20,0,0,1,1,1,1785536259
2026-07-31T22:43:45Z,1011,7,2,10,2,0,1,1,1,1785536717
2026-07-31T22:43:45Z,1012,5,3,16,2,0,1,1,1,1785536314
2026-07-31T22:43:45Z,1013,4,1,18,1,0,1,1,1,1785536870
2026-07-31T22:43:45Z,1014,9,4,14,0,0,1,1,1,1785536840
2026-07-31T22:43:45Z,1015,4,3,26,1,0,1,1,1,1785537198
2026-07-31T22:43:45Z,1016,10,5,21,0,0,1,1,1,1785536274
2026-07-31T22:43:45Z,1017,13,5,8,0,0,1,1,1,1785537521
2026-07-31T22:43:45Z,1018,6,2,16,0,0,1,1,1,1785536393
2026-07-31T22:43:45Z,1019,8,5,7,0,0,1,1,1,1785536250
2026-07-31T22:43:45Z,1020,19,5,2,0,0,1,1,1,1785537387
2026-07-31T22:43:45Z,1021,9,4,6,0,0,1,1,1,1785537053
2026-07-31T22:43:45Z,1022,14,0,13,0,0,1,1,1,1785536529
2026-07-31T22:43:45Z,1023,14,2,9,0,0,1,1,1,1785536148
2026-07-31T22:43:45Z,1024,3,1,16,0,0,1,1,1,1785537107
2026-07-31T22:43:45Z,1025,4,0,14,0,1,1,1,1,1785537599
2026-07-31T22:43:45Z,1026,11,9,19,1,0,1,1,1,1785537708
2026-07-31T22:43:45Z,1028,3,1,20,0,0,1,1,1,1785536487
2026-07-31T22:43:45Z,1029,11,9,4,0,0,1,1,1,1785537362
2026-07-31T22:43:45Z,1030,13,4,10,0,0,1,1,1,1785537184
2026-07-31T22:43:45Z,1031,9,1,10,0,0,1,1,1,1785537485
2026-07-31T22:43:45Z,1032,7,1,12,0,0,1,1,1,1785536341
2026-07-31T22:43:45Z,1033,9,5,10,0,0,1,1,1,1785537166
2026-07-31T22:43:45Z,1034,3,0,12,0,0,1,1,1,1785536319
2026-07-31T22:43:45Z,1035,1,0,17,1,0,1,1,1,1785536345
2026-07-31T22:43:45Z,1036,13,0,2,0,0,1,1,1,1785536899
2026-07-31T22:43:45Z,1037,0,0,18,1,0,1,1,1,1785536864
2026-07-31T22:43:45Z,1038,1,0,14,0,0,1,1,1,1785536008
2026-07-31T22:43:45Z,1039,7,0,12,0,0,1,1,1,1785537324
2026-07-31T22:43:45Z,1040,8,5,11,0,0,1,1,1,1785536396
2026-07-31T22:43:45Z,1041,10,2,9,0,0,1,1,1,1785536261
2026-07-31T22:43:45Z,1042,3,0,11,1,0,1,1,1,1785536568
2026-07-31T22:43:45Z,1043,8,5,10,1,0,1,1,1,1785537720
2026-07-31T22:43:45Z,1044,1,0,14,0,0,1,1,1,1785536064
2026-07-31T22:43:45Z,1045,10,0,9,0,0,1,1,1,1785536327
2026-07-31T22:43:45Z,1046,9,0,6,0,0,1,1,1,1785537509
2026-07-31T22:43:45Z,1047,4,0,17,0,0,1,1,1,1785537114
2026-07-31T22:43:45Z,1048,2,0,17,0,0,1,1,1,1785537053
2026-07-31T22:43:45Z,1049,2,1,19,0,0,1,1,1,1785537724
2026-07-31T22:43:45Z,1050,20,5,1,0,0,1,1,1,1785537514
2026-07-31T22:43:45Z,1051,9,4,12,0,0,1,1,1,1785537382
2026-07-31T22:43:45Z,1052,17,1,4,1,0,1,1,1,1785536552
2026-07-31T22:43:45Z,1053,2,1,13,0,0,1,1,1,1785536201
2026-07-31T22:43:45Z,1054,7,2,8,0,0,1,1,1,1785536449
2026-07-31T22:43:45Z,1055,10,1,9,0,0,1,1,1,1785536538
2026-07-31T22:43:45Z,1057,0,0,19,0,0,1,1,1,1785537617
2026-07-31T22:43:45Z,1058,0,0,56,0,0,1,1,1,1785537771
2026-07-31T22:43:45Z,1059,4,2,14,1,0,1,1,1,1785536692
2026-07-31T22:43:45Z,1060,19,1,17,1,0,1,1,1,1785537455
2026-07-31T22:43:45Z,1061,14,0,23,0,0,1,1,1,1785536699
2026-07-31T22:43:45Z,1062,9,0,8,0,0,1,1,1,1785537186
2026-07-31T22:43:45Z,1063,12,1,6,1,0,1,1,1,1785536384
2026-07-31T22:43:45Z,1064,5,0,17,1,0,1,1,1,1785536850
2026-07-31T22:43:45Z,1065,14,3,9,0,0,1,1,1,1785537003
2026-07-31T22:43:45Z,1066,12,3,11,0,0,1,1,1,1785537355
2026-07-31T22:43:45Z,1067,7,1,14,2,0,1,1,1,1785537097
2026-07-31T22:43:45Z,1068,6,2,14,3,0,1,1,1,1785537648
2026-07-31T22:43:45Z,1069,12,3,11,0,0,1,1,1,1785536635
2026-07-31T22:43:45Z,1070,12,2,11,0,0,1,1,1,1785537334
2026-07-31T22:43:45Z,1071,8,4,15,0,0,1,1,1,1785536775
2026-07-31T22:43:45Z,1072,11,1,11,1,0,1,1,1,1785537097
2026-07-31T22:43:45Z,1073,12,0,14,1,0,1,1,1,1785536425
2026-07-31T22:43:45Z,1074,32,0,20,1,0,1,1,1,1785537348
2026-07-31T22:43:45Z,1075,8,8,13,0,0,1,1,1,1785537486
2026-07-31T22:43:45Z,1076,13,10,8,0,0,1,1,1,1785537407
2026-07-31T22:43:45Z,1077,12,7,9,0,0,1,1,1,1785537050
2026-07-31T22:43:45Z,1078,10,7,11,0,0,1,1,1,1785537731
2026-07-31T22:43:45Z,1079,14,10,7,0,0,1,1,1,1785536245
2026-07-31T22:43:45Z,1080,12,9,7,2,0,1,1,1,1785536928
2026-07-31T22:43:45Z,1081,14,8,5,0,0,1,1,1,1785537168
2026-07-31T22:43:45Z,1082,11,11,12,0,0,1,1,1,1785536248
2026-07-31T22:43:45Z,1083,12,11,9,0,0,1,1,1,1785536516
2026-07-31T22:43:45Z,1084,9,7,12,0,0,1,1,1,1785536131
2026-07-31T22:43:45Z,1085,12,9,9,0,0,1,1,1,1785537667
2026-07-31T22:43:45Z,1086,11,9,9,1,0,1,1,1,1785536540
2026-07-31T22:43:45Z,1087,8,7,7,0,0,1,1,1,1785537420
2026-07-31T22:43:45Z,1088,10,7,5,0,0,1,1,1,1785536384
2026-07-31T22:43:45Z,1089,6,3,4,5,0,1,1,1,1785537699
2026-07-31T22:43:45Z,1090,6,5,9,0,0,1,1,1,1785537132
2026-07-31T22:43:45Z,1091,7,5,8,0,0,1,1,1,1785537332
2026-07-31T22:43:45Z,1092,9,8,5,1,0,1,1,1,1785536715
2026-07-31T22:43:45Z,1093,5,5,9,1,0,1,1,1,1785537397
2026-07-31T22:43:45Z,1094,10,9,9,0,0,1,1,1,1785536335
2026-07-31T22:43:45Z,1095,10,8,5,0,0,1,1,1,1785536309
2026-07-31T22:43:45Z,1096,10,9,9,0,0,1,1,1,1785536713
2026-07-31T22:43:45Z,1097,8,8,7,0,0,1,1,1,1785536900
2026-07-31T22:43:45Z,1098,9,7,10,0,0,1,1,1,1785537758
2026-07-31T22:43:45Z,1099,7,6,8,0,0,1,1,1,1785536170
2026-07-31T22:43:45Z,1100,6,4,23,0,0,1,1,1,1785532207
2026-07-31T22:43:45Z,1101,10,5,11,0,0,1,1,1,1785536098
2026-07-31T22:43:45Z,1102,9,4,4,0,0,1,1,1,1785537107
2026-07-31T22:43:45Z,1103,11,5,10,0,0,1,1,1,1785503681
2026-07-31T22:43:45Z,1104,11,6,10,0,0,1,1,1,1785537666
2026-07-31T22:43:45Z,1105,8,4,5,0,0,1,1,1,1785537500
2026-07-31T22:43:45Z,1106,10,5,11,0,0,1,1,1,1785536191
2026-07-31T22:43:45Z,1107,9,5,6,0,0,1,1,1,1785536430
2026-07-31T22:43:45Z,1108,9,5,15,2,1,1,1,1,1785537040
2026-07-31T22:43:45Z,1109,7,3,8,0,0,1,1,1,1785536371
2026-07-31T22:43:45Z,1110,11,3,10,0,0,1,1,1,1785537530
2026-07-31T22:43:45Z,1111,9,3,11,1,0,1,1,1,1785537736
2026-07-31T22:43:45Z,1112,28,1,25,0,0,1,1,1,1785537251
2026-07-31T22:43:45Z,1113,0,0,21,0,0,1,1,1,1785537442
2026-07-31T22:43:45Z,1115,14,1,5,4,0,1,1,1,1785536917
2026-07-31T22:43:45Z,1116,2,0,17,0,0,1,1,1,1785536361
2026-07-31T22:43:45Z,1117,7,1,15,1,0,1,1,1,1785537762
2026-07-31T22:43:45Z,1118,15,0,6,0,0,1,1,1,1785537810
2026-07-31T22:43:45Z,1119,6,1,11,0,0,1,1,1,1785537352
2026-07-31T22:43:45Z,1120,7,1,11,1,0,1,1,1,1785537713
2026-07-31T22:43:45Z,1121,10,0,10,1,0,1,1,1,1785537719
2026-07-31T22:43:45Z,1122,2,1,18,1,0,1,1,1,1785537617
2026-07-31T22:43:45Z,1123,12,7,9,2,0,1,1,1,1785537717
2026-07-31T22:43:45Z,1124,9,2,5,1,0,1,1,1,1785537450
2026-07-31T22:43:45Z,1125,18,1,5,0,0,1,1,1,1785536739
2026-07-31T22:43:45Z,1126,4,1,17,0,0,1,1,1,1785537803
2026-07-31T22:43:45Z,1127,6,1,13,0,0,1,1,1,1785537692
2026-07-31T22:43:45Z,1128,1,1,14,0,0,1,1,1,1785537306
2026-07-31T22:43:45Z,1129,2,0,17,2,0,1,1,1,1785537354
2026-07-31T22:43:45Z,1130,11,0,4,0,0,1,1,1,1785537540
2026-07-31T22:43:45Z,1131,1,1,47,1,0,1,1,1,1785537450
2026-07-31T22:43:45Z,1132,12,5,9,0,0,1,1,1,1785537801
2026-07-31T22:43:45Z,1133,2,2,17,2,0,1,1,1,1785537224
2026-07-31T22:43:45Z,1134,12,6,7,0,0,1,1,1,1785536874
2026-07-31T22:43:45Z,1135,12,6,9,0,0,1,1,1,1785537813
2026-07-31T22:43:45Z,1136,15,0,8,0,0,1,1,1,1785537554
2026-07-31T22:43:45Z,1137,11,1,4,0,0,1,1,1,1785537503
2026-07-31T22:43:45Z,1138,5,0,14,0,0,1,1,1,1785537471
2026-07-31T22:43:45Z,1139,11,2,8,2,0,1,1,1,1785537158
2026-07-31T22:43:45Z,1140,0,0,21,2,0,1,1,1,1785536877
2026-07-31T22:43:45Z,1141,2,1,18,1,0,1,1,1,1785537667
2026-07-31T22:43:45Z,1142,5,0,16,0,0,1,1,1,1785537036
2026-07-31T22:43:45Z,1143,27,0,1,1,0,1,1,1,1785537776
2026-07-31T22:43:45Z,1144,8,0,12,1,0,1,1,1,1785537256
2026-07-31T22:43:45Z,1145,11,5,9,1,0,1,1,1,1785536772
2026-07-31T22:43:45Z,1146,11,4,5,3,0,1,1,1,1785537812
2026-07-31T22:43:45Z,1147,15,1,4,0,0,1,1,1,1785537324
2026-07-31T22:43:45Z,1148,4,0,27,0,0,1,1,1,1785537564
2026-07-31T22:43:45Z,1149,2,2,18,5,0,1,1,1,1785537244
2026-07-31T22:43:45Z,1150,1,0,18,0,0,1,1,1,1785536188
2026-07-31T22:43:45Z,1151,7,0,14,0,0,1,1,1,1785537023
2026-07-31T22:43:45Z,1152,1,0,28,0,0,1,1,1,1785537616
2026-07-31T22:43:45Z,1153,21,3,1,1,0,1,1,1,1785537685
2026-07-31T22:43:45Z,1154,4,0,15,0,0,1,1,1,1785537564
2026-07-31T22:43:45Z,1155,9,2,9,4,0,1,1,1,1785537783
2026-07-31T22:43:45Z,1158,3,1,16,0,0,1,1,1,1785536245
2026-07-31T22:43:45Z,1159,14,2,5,0,0,1,1,1,1785536608
2026-07-31T22:43:45Z,1160,7,2,12,0,0,1,1,1,1785536979
2026-07-31T22:43:45Z,1161,3,0,15,1,0,1,1,1,1785536743
2026-07-31T22:43:45Z,1162,4,0,15,0,0,1,1,1,1785537000
2026-07-31T22:43:45Z,1163,4,3,14,1,0,1,1,1,1785536569
2026-07-31T22:43:45Z,1164,5,1,14,0,0,1,1,1,1785536423
2026-07-31T22:43:45Z,1165,1,0,20,0,0,1,1,1,1785537169
2026-07-31T22:43:45Z,1166,13,3,7,1,0,1,1,1,1785536709
2026-07-31T22:43:45Z,1167,4,0,11,0,0,1,1,1,1785536092
2026-07-31T22:43:45Z,1168,3,0,18,2,0,1,1,1,1785536663
2026-07-31T22:43:45Z,1169,3,0,15,1,0,1,1,1,1785536269
2026-07-31T22:43:45Z,1170,6,1,15,0,0,1,1,1,1785536668
2026-07-31T22:43:45Z,1171,8,8,15,0,0,1,1,1,1785537013
2026-07-31T22:43:45Z,1172,5,0,8,2,0,1,1,1,1785536418
2026-07-31T22:43:45Z,1173,13,4,6,0,0,1,1,1,1785536527
2026-07-31T22:43:45Z,1174,2,0,13,0,0,1,1,1,1785537376
2026-07-31T22:43:45Z,1175,4,2,15,0,0,1,1,1,1785535612
2026-07-31T22:43:45Z,1176,8,2,13,0,0,1,1,1,1785537574
2026-07-31T22:43:45Z,1177,4,2,17,0,0,1,1,1,1785537505
2026-07-31T22:43:45Z,1178,5,2,10,0,0,1,1,1,1785536087
2026-07-31T22:43:45Z,1181,11,1,4,0,0,1,1,1,1785536704
2026-07-31T22:43:45Z,1182,16,3,3,1,0,1,1,1,1785537810
2026-07-31T22:43:45Z,1183,15,0,28,2,0,1,1,1,1785537776
2026-07-31T22:43:45Z,1184,4,4,14,3,0,1,1,1,1785537677
2026-07-31T22:43:45Z,1185,10,6,11,0,0,1,1,1,1785537642
2026-07-31T22:43:45Z,1186,9,5,10,0,0,1,1,1,1785536797
2026-07-31T22:43:45Z,1187,10,5,10,1,0,1,1,1,1785537023
2026-07-31T22:43:45Z,1188,10,5,5,0,0,1,1,1,1785536427
2026-07-31T22:43:45Z,1189,8,3,11,0,0,1,1,1,1785536560
2026-07-31T22:43:45Z,1190,9,4,12,0,0,1,1,1,1785537795
2026-07-31T22:43:45Z,1191,10,5,5,0,0,1,1,1,1785536431
2026-07-31T22:43:45Z,1192,11,7,9,1,0,1,1,1,1785536344
2026-07-31T22:43:45Z,1193,6,4,5,2,0,1,1,1,1785537201
2026-07-31T22:43:45Z,1197,9,6,7,1,0,1,1,1,1785537334
2026-07-31T22:43:45Z,1198,13,4,6,2,0,1,1,1,1785536868
2026-07-31T22:43:45Z,1199,3,0,16,0,0,1,1,1,1785536869
2026-07-31T22:43:45Z,1200,9,5,6,0,0,1,1,1,1785536471
2026-07-31T22:43:45Z,1201,9,4,6,0,0,1,1,1,1785536442
2026-07-31T22:43:45Z,1202,10,5,5,0,0,1,1,1,1785536542
2026-07-31T22:43:45Z,1203,11,5,4,0,0,1,1,1,1785536450
2026-07-31T22:43:45Z,1204,7,4,12,0,0,1,1,1,1785537177
2026-07-31T22:43:45Z,1206,11,5,10,0,0,1,1,1,1785537286
2026-07-31T22:43:45Z,1207,8,4,6,1,0,1,1,1,1785536759
2026-07-31T22:43:45Z,1208,10,4,9,0,0,1,1,1,1785536709
2026-07-31T22:43:45Z,1216,8,0,12,1,0,1,1,1,1785537499
2026-07-31T22:43:45Z,1218,4,0,17,0,0,1,1,1,1785536082
2026-07-31T22:43:45Z,1219,2,1,10,3,0,1,1,1,1785536357
2026-07-31T22:43:45Z,1220,17,6,2,0,0,1,1,1,1785537542
2026-07-31T22:43:45Z,1221,1,1,19,1,0,1,1,1,1785537252
2026-07-31T22:43:45Z,1222,18,1,11,0,0,1,1,1,1785537246
2026-07-31T22:43:45Z,1223,25,0,3,1,0,1,1,1,1785537780
2026-07-31T22:43:45Z,1226,0,0,3,0,0,0,1,1,1781868931
2026-07-31T22:43:45Z,1227,9,0,15,1,0,1,1,1,1785537782
2026-07-31T22:43:45Z,1228,0,0,28,1,0,1,1,1,1785537564
2026-07-31T22:43:45Z,1229,42,0,3,0,0,1,1,1,1785537657
2026-07-31T22:48:45Z,1,2,0,21,0,0,1,1,1,1785537739
2026-07-31T22:48:45Z,2,10,0,14,3,0,1,1,1,1785538095
2026-07-31T22:48:45Z,3,8,1,5,1,0,1,1,1,1785538065
2026-07-31T22:48:45Z,4,19,0,2,1,0,1,1,1,1785536872
2026-07-31T22:48:45Z,5,19,4,2,2,0,1,1,1,1785536609
2026-07-31T22:48:45Z,6,3,0,12,0,0,1,1,1,1785537948
2026-07-31T22:48:45Z,7,11,0,28,0,0,1,1,1,1785537672
2026-07-31T22:48:45Z,8,14,0,29,0,0,1,1,1,1785537446
2026-07-31T22:48:45Z,9,18,2,5,0,0,1,1,1,1785538005
2026-07-31T22:48:45Z,10,5,3,15,3,0,1,1,1,1785538108
2026-07-31T22:48:45Z,11,7,2,10,2,0,1,1,1,1785536999
2026-07-31T22:48:45Z,12,23,0,0,0,0,1,1,1,1785537742
2026-07-31T22:48:45Z,13,24,2,5,1,0,1,1,1,1785538049
2026-07-31T22:48:45Z,14,14,1,28,0,1,1,1,1,1785537884
2026-07-31T22:48:45Z,15,15,0,0,0,0,1,1,1,1785536042
2026-07-31T22:48:45Z,16,1,0,23,2,1,1,1,1,1785537857
2026-07-31T22:48:45Z,17,23,0,3,1,0,1,1,1,1785538012
2026-07-31T22:48:45Z,18,11,0,5,2,0,1,1,1,1785537759
2026-07-31T22:48:45Z,19,9,2,17,1,0,1,1,1,1785538087
2026-07-31T22:48:45Z,20,10,1,24,1,0,1,1,1,1785538108
2026-07-31T22:48:45Z,21,9,0,7,3,0,1,1,1,1785538066
2026-07-31T22:48:45Z,22,17,0,45,3,0,1,1,1,1785537665
2026-07-31T22:48:45Z,23,8,8,23,0,0,1,1,1,1785537161
2026-07-31T22:48:45Z,24,4,1,6,1,0,1,1,1,1785538112
2026-07-31T22:48:45Z,25,76,1,3,2,0,1,1,1,1785538113
2026-07-31T22:48:45Z,26,22,0,5,0,0,1,1,1,1785538081
2026-07-31T22:48:45Z,28,8,0,7,0,0,1,1,1,1785538054
2026-07-31T22:48:45Z,30,17,0,10,2,0,1,1,1,1785538047
2026-07-31T22:48:45Z,31,11,0,6,2,0,1,1,1,1785538102
2026-07-31T22:48:45Z,32,6,0,21,0,0,1,1,1,1785537914
2026-07-31T22:48:45Z,34,13,0,24,0,0,1,1,1,1785537832
2026-07-31T22:48:45Z,35,18,1,28,1,0,1,1,1,1785538102
2026-07-31T22:48:45Z,36,0,0,0,0,0,0,1,1,86400
2026-07-31T22:48:45Z,37,18,4,5,0,0,1,1,1,1785538033
2026-07-31T22:48:45Z,38,3,1,20,0,0,1,1,1,1785538094
2026-07-31T22:48:45Z,39,10,3,29,0,0,1,1,1,1785538103
2026-07-31T22:48:45Z,40,6,0,15,0,0,1,1,1,1785537764
2026-07-31T22:48:45Z,41,18,1,25,0,0,1,1,1,1785538070
2026-07-31T22:48:45Z,42,6,4,25,0,0,1,1,1,1785537951
2026-07-31T22:48:45Z,43,10,1,13,0,0,1,1,1,1785538055
2026-07-31T22:48:45Z,45,5,0,24,0,0,1,1,1,1785537713
2026-07-31T22:48:45Z,46,2,1,28,1,0,1,1,1,1785538099
2026-07-31T22:48:45Z,47,7,0,7,1,0,1,1,1,1785537867
2026-07-31T22:48:45Z,48,21,0,6,0,0,1,1,1,1785538089
2026-07-31T22:48:45Z,49,0,0,19,4,0,1,1,1,1785538114
2026-07-31T22:48:45Z,50,3,2,14,2,0,1,1,1,1785538009
2026-07-31T22:48:45Z,51,30,0,47,0,0,1,1,1,1785537832
2026-07-31T22:48:45Z,52,5,0,19,3,0,1,1,1,1785538035
2026-07-31T22:48:45Z,55,5,1,18,0,0,1,1,1,1785538109
2026-07-31T22:48:45Z,56,8,2,35,0,0,1,1,1,1785537967
2026-07-31T22:48:45Z,57,24,0,3,0,0,1,1,1,1785537883
2026-07-31T22:48:45Z,58,0,0,28,0,0,1,1,1,1785537262
2026-07-31T22:48:45Z,59,7,0,18,2,0,1,1,1,1785537907
2026-07-31T22:48:45Z,61,28,0,11,0,0,1,1,1,1785537159
2026-07-31T22:48:45Z,62,14,9,35,0,0,1,1,1,1785538003
2026-07-31T22:48:45Z,63,13,3,5,1,0,1,1,1,1785538057
2026-07-31T22:48:45Z,64,10,1,5,4,0,1,1,1,1785535815
2026-07-31T22:48:45Z,65,12,4,6,1,0,1,1,1,1785536898
2026-07-31T22:48:45Z,67,13,0,26,0,0,1,1,1,1785537796
2026-07-31T22:48:45Z,68,31,0,5,1,0,1,1,1,1785537028
2026-07-31T22:48:45Z,69,5,0,10,0,0,1,1,1,1785537645
2026-07-31T22:48:45Z,71,11,0,13,3,0,1,1,1,1785538028
2026-07-31T22:48:45Z,72,25,4,2,3,1,1,1,1,1785537995
2026-07-31T22:48:45Z,73,3,1,28,0,0,1,1,1,1785537969
2026-07-31T22:48:45Z,74,1,0,18,0,0,1,1,1,1785537957
2026-07-31T22:48:45Z,75,7,0,24,1,0,1,1,1,1785537957
2026-07-31T22:48:45Z,76,3,0,14,2,0,1,1,1,1785538105
2026-07-31T22:48:45Z,77,19,0,6,2,0,1,1,1,1785538099
2026-07-31T22:48:45Z,78,2,1,21,0,0,1,1,1,1785537986
2026-07-31T22:48:45Z,79,1,0,15,1,0,1,1,1,1785537318
2026-07-31T22:48:45Z,80,15,2,5,3,0,1,1,1,1785538112
2026-07-31T22:48:45Z,81,2,1,29,0,0,1,1,1,1785538079
2026-07-31T22:48:45Z,82,12,10,10,1,0,1,1,1,1785538068
2026-07-31T22:48:45Z,83,4,2,29,1,0,1,1,1,1785538107
2026-07-31T22:48:45Z,84,11,3,16,0,0,1,1,1,1785538090
2026-07-31T22:48:45Z,85,6,1,9,0,0,1,1,1,1785538067
2026-07-31T22:48:45Z,86,6,3,21,0,0,1,1,1,1785537663
2026-07-31T22:48:45Z,87,0,0,19,0,0,1,1,1,1785533075
2026-07-31T22:48:45Z,88,23,0,19,1,0,1,1,1,1785537629
2026-07-31T22:48:45Z,89,15,0,20,0,0,1,1,1,1785537515
2026-07-31T22:48:45Z,90,11,0,6,1,0,1,1,1,1785537790
2026-07-31T22:48:45Z,91,2,1,15,0,0,1,1,1,1785537659
2026-07-31T22:48:45Z,92,3,2,13,3,0,1,1,1,1785538105
2026-07-31T22:48:45Z,93,6,0,16,1,0,1,1,1,1785537709
2026-07-31T22:48:45Z,94,8,0,10,1,0,1,1,1,1785538022
2026-07-31T22:48:45Z,95,1,0,32,1,1,1,1,1,1785538109
2026-07-31T22:48:45Z,96,24,4,6,1,0,1,1,1,1785537977
2026-07-31T22:48:45Z,97,3,1,13,1,0,1,1,1,1785538094
2026-07-31T22:48:45Z,98,21,3,12,2,0,1,1,1,1785538082
2026-07-31T22:48:45Z,99,15,2,0,0,0,1,1,1,1785535229
2026-07-31T22:48:45Z,100,18,3,9,0,0,1,1,1,1785537789
2026-07-31T22:48:45Z,101,7,1,7,1,0,1,1,1,1785538049
2026-07-31T22:48:45Z,102,21,1,1,1,0,1,1,1,1785537408
2026-07-31T22:48:45Z,103,26,0,1,3,0,1,1,1,1785538091
2026-07-31T22:48:45Z,104,10,0,15,2,0,1,1,1,1785538102
2026-07-31T22:48:45Z,105,17,0,2,0,0,1,1,1,1785535842
2026-07-31T22:48:45Z,106,16,0,4,1,0,1,1,1,1785537968
2026-07-31T22:48:45Z,107,23,1,13,1,0,1,1,1,1785537970
2026-07-31T22:48:45Z,108,26,1,7,2,0,1,1,1,1785538075
2026-07-31T22:48:45Z,109,20,0,3,0,0,1,1,1,1785538107
2026-07-31T22:48:45Z,110,16,0,7,0,0,1,1,1,1785537981
2026-07-31T22:48:45Z,111,9,1,27,0,0,1,1,1,1785538070
2026-07-31T22:48:45Z,112,10,1,4,1,0,1,1,1,1785537564
2026-07-31T22:48:45Z,113,5,1,13,1,0,1,1,1,1785538028
2026-07-31T22:48:45Z,114,9,6,20,1,1,1,1,1,1785537852
2026-07-31T22:48:45Z,115,17,10,6,5,0,1,1,1,1785537918
2026-07-31T22:48:45Z,116,9,9,18,0,0,1,1,1,1785536657
2026-07-31T22:48:45Z,118,20,2,0,3,0,1,1,1,1785538044
2026-07-31T22:48:45Z,119,0,0,36,2,0,1,1,1,1785537682
2026-07-31T22:48:45Z,120,5,1,21,1,0,1,1,1,1785538049
2026-07-31T22:48:45Z,121,2,2,15,1,1,1,1,1,1785538111
2026-07-31T22:48:45Z,122,9,1,10,2,0,1,1,1,1785537825
2026-07-31T22:48:45Z,123,1,1,45,1,0,1,1,1,1785537606
2026-07-31T22:48:45Z,124,4,0,30,1,0,1,1,1,1785538074
2026-07-31T22:48:45Z,125,2,0,20,1,0,1,1,1,1785537902
2026-07-31T22:48:45Z,126,16,2,15,0,0,1,1,1,1785537365
2026-07-31T22:48:45Z,127,12,1,21,2,0,1,1,1,1785537923
2026-07-31T22:48:45Z,128,11,3,8,0,0,1,1,1,1785538113
2026-07-31T22:48:45Z,129,5,1,12,2,0,1,1,1,1785538030
2026-07-31T22:48:45Z,130,9,0,8,0,0,1,1,1,1785537395
2026-07-31T22:48:45Z,131,8,2,2,1,0,1,1,1,1785537496
2026-07-31T22:48:45Z,132,10,4,4,0,1,1,1,1,1785538050
2026-07-31T22:48:45Z,134,10,0,8,5,0,1,1,1,1785538078
2026-07-31T22:48:45Z,135,5,4,11,3,0,1,1,1,1785537974
2026-07-31T22:48:45Z,136,1,0,0,21,1,1,1,1,1785538062
2026-07-31T22:48:45Z,137,8,3,11,0,0,1,1,1,1785538088
2026-07-31T22:48:45Z,138,18,1,19,0,0,1,1,1,1785537909
2026-07-31T22:48:45Z,139,7,1,12,0,0,1,1,1,1785538102
2026-07-31T22:48:45Z,140,6,1,16,1,0,1,1,1,1785538113
2026-07-31T22:48:45Z,141,9,5,27,0,0,1,1,1,1785538112
2026-07-31T22:48:45Z,142,2,1,21,0,0,1,1,1,1785537931
2026-07-31T22:48:45Z,143,26,3,5,0,0,1,1,1,1785538112
2026-07-31T22:48:45Z,144,23,2,3,1,0,1,1,1,1785538114
2026-07-31T22:48:45Z,146,1,0,21,1,0,1,1,1,1785537948
2026-07-31T22:48:45Z,147,2,0,14,3,0,1,1,1,1785538077
2026-07-31T22:48:45Z,148,2,1,22,3,0,1,1,1,1785538053
2026-07-31T22:48:45Z,149,0,0,27,0,0,1,1,1,1785537283
2026-07-31T22:48:45Z,150,6,0,27,2,0,1,1,1,1785538080
2026-07-31T22:48:45Z,151,1,0,22,0,0,1,1,1,1785537920
2026-07-31T22:48:45Z,152,7,0,16,3,0,1,1,1,1785538036
2026-07-31T22:48:45Z,153,13,0,13,2,0,1,1,1,1785538020
2026-07-31T22:48:45Z,154,14,3,6,3,0,1,1,1,1785538101
2026-07-31T22:48:45Z,155,8,3,5,1,0,1,1,1,1785538045
2026-07-31T22:48:45Z,156,3,1,16,0,0,1,1,1,1785537912
2026-07-31T22:48:45Z,157,16,0,9,2,0,1,1,1,1785538014
2026-07-31T22:48:45Z,158,15,0,0,1,0,1,1,1,1785537999
2026-07-31T22:48:45Z,159,6,3,13,0,0,1,1,1,1785538018
2026-07-31T22:48:45Z,160,5,0,13,1,0,1,1,1,1785537996
2026-07-31T22:48:45Z,161,19,5,3,0,0,1,1,1,1785538113
2026-07-31T22:48:45Z,162,11,11,13,3,0,1,1,1,1785537951
2026-07-31T22:48:45Z,163,2,0,28,0,1,1,1,1,1785538113
2026-07-31T22:48:45Z,164,24,0,3,0,0,1,1,1,1785538110
2026-07-31T22:48:45Z,165,20,3,10,1,0,1,1,1,1785538021
2026-07-31T22:48:45Z,166,11,7,25,3,0,1,1,1,1785538112
2026-07-31T22:48:45Z,167,4,0,18,1,0,1,1,1,1785538012
2026-07-31T22:48:45Z,168,4,1,22,1,0,1,1,1,1785538100
2026-07-31T22:48:45Z,169,15,4,6,1,1,1,1,1,1785537945
2026-07-31T22:48:45Z,170,7,0,11,1,0,1,1,1,1785537864
2026-07-31T22:48:45Z,171,4,2,7,2,0,1,1,1,1785538010
2026-07-31T22:48:45Z,173,29,1,10,0,0,1,1,1,1785538049
2026-07-31T22:48:45Z,174,2,0,24,0,0,1,1,1,1785538112
2026-07-31T22:48:45Z,175,30,1,0,1,0,1,1,1,1785538101
2026-07-31T22:48:45Z,176,8,3,5,1,1,1,1,1,1785538022
2026-07-31T22:48:45Z,177,5,2,22,0,0,1,1,1,1785538027
2026-07-31T22:48:45Z,178,12,2,0,2,1,1,1,1,1785538112
2026-07-31T22:48:45Z,179,13,0,0,2,0,1,1,1,1785538022
2026-07-31T22:48:45Z,180,2,0,28,0,0,1,1,1,1785537806
2026-07-31T22:48:45Z,181,2,1,13,0,0,1,1,1,1785538106
2026-07-31T22:48:45Z,182,1,1,16,0,0,1,1,1,1785538028
2026-07-31T22:48:45Z,183,0,0,22,1,0,1,1,1,1785537641
2026-07-31T22:48:45Z,184,13,6,7,3,0,1,1,1,1785538034
2026-07-31T22:48:45Z,185,6,6,6,2,1,1,1,1,1785537149
2026-07-31T22:48:45Z,186,4,1,15,0,0,1,1,1,1785538103
2026-07-31T22:48:45Z,187,2,0,25,1,0,1,1,1,1785537317
2026-07-31T22:48:45Z,188,9,2,10,8,0,1,1,1,1785538039
2026-07-31T22:48:45Z,189,8,4,7,0,0,1,1,1,1785537081
2026-07-31T22:48:45Z,190,3,3,19,1,0,1,1,1,1785537756
2026-07-31T22:48:45Z,191,2,2,37,0,0,1,1,1,1785538105
2026-07-31T22:48:45Z,192,5,1,25,1,0,1,1,1,1785537388
2026-07-31T22:48:45Z,193,12,10,2,1,0,1,1,1,1785537911
2026-07-31T22:48:45Z,194,5,3,22,0,0,1,1,1,1785537978
2026-07-31T22:48:45Z,195,2,0,17,0,0,1,1,1,1785537527
2026-07-31T22:48:45Z,196,7,6,19,1,0,1,1,1,1785537881
2026-07-31T22:48:45Z,197,2,0,16,0,1,1,1,1,1785537915
2026-07-31T22:48:45Z,198,20,7,1,2,0,1,1,1,1785537992
2026-07-31T22:48:45Z,199,3,3,10,2,0,1,1,1,1785538068
2026-07-31T22:48:45Z,200,5,4,20,1,0,1,1,1,1785538038
2026-07-31T22:48:45Z,201,6,5,17,0,0,1,1,1,1785538041
2026-07-31T22:48:45Z,202,25,1,2,0,0,1,1,1,1785537850
2026-07-31T22:48:45Z,203,2,2,28,1,0,1,1,1,1785537818
2026-07-31T22:48:45Z,204,5,0,28,2,0,1,1,1,1785538052
2026-07-31T22:48:45Z,205,4,0,23,0,0,1,1,1,1785537217
2026-07-31T22:48:45Z,206,5,4,7,3,0,1,1,1,1785538072
2026-07-31T22:48:45Z,207,16,0,4,1,0,1,1,1,1785538018
2026-07-31T22:48:45Z,208,7,1,22,0,0,1,1,1,1785537497
2026-07-31T22:48:45Z,209,24,1,6,1,0,1,1,1,1785538109
2026-07-31T22:48:45Z,210,9,9,18,0,0,1,1,1,1785538112
2026-07-31T22:48:45Z,211,19,0,3,1,0,1,1,1,1785537311
2026-07-31T22:48:45Z,212,31,6,3,1,0,1,1,1,1785538010
2026-07-31T22:48:45Z,213,15,5,7,1,0,1,1,1,1785538101
2026-07-31T22:48:45Z,214,12,3,34,1,0,1,1,1,1785537685
2026-07-31T22:48:45Z,215,6,0,16,1,0,1,1,1,1785537955
2026-07-31T22:48:45Z,216,6,6,12,1,0,1,1,1,1785537886
2026-07-31T22:48:45Z,217,28,3,0,1,0,1,1,1,1785537934
2026-07-31T22:48:45Z,218,15,11,23,1,0,1,1,1,1785538090
2026-07-31T22:48:45Z,219,21,0,4,1,0,1,1,1,1785538089
2026-07-31T22:48:45Z,220,16,10,25,1,1,1,1,1,1785537962
2026-07-31T22:48:45Z,221,11,8,3,1,0,1,1,1,1785538103
2026-07-31T22:48:45Z,222,5,1,14,0,0,1,1,1,1785538079
2026-07-31T22:48:45Z,223,2,0,30,3,0,1,1,1,1785537862
2026-07-31T22:48:45Z,224,6,0,15,1,0,1,1,1,1785538066
2026-07-31T22:48:45Z,225,2,1,13,4,0,1,1,1,1785538113
2026-07-31T22:48:45Z,226,23,7,5,3,0,1,1,1,1785538097
2026-07-31T22:48:45Z,227,3,3,22,2,0,1,1,1,1785537493
2026-07-31T22:48:45Z,228,2,1,16,1,0,1,1,1,1785537538
2026-07-31T22:48:45Z,230,1,0,25,0,0,1,1,1,1785537970
2026-07-31T22:48:45Z,232,6,1,10,1,0,1,1,1,1785537571
2026-07-31T22:48:45Z,233,23,9,7,1,0,1,1,1,1785537954
2026-07-31T22:48:45Z,234,12,9,2,3,2,1,1,1,1785538089
2026-07-31T22:48:45Z,236,10,2,9,0,0,1,1,1,1785538075
2026-07-31T22:48:45Z,237,2,0,20,1,0,1,1,1,1785537780
2026-07-31T22:48:45Z,239,22,13,4,1,0,1,1,1,1785538073
2026-07-31T22:48:45Z,241,4,1,18,1,0,1,1,1,1785538082
2026-07-31T22:48:45Z,242,5,2,17,1,0,1,1,1,1785538023
2026-07-31T22:48:45Z,243,17,12,12,2,0,1,1,1,1785538099
2026-07-31T22:48:45Z,244,14,1,12,1,0,1,1,1,1785538019
2026-07-31T22:48:45Z,245,6,2,17,0,0,1,1,1,1785537714
2026-07-31T22:48:45Z,246,3,3,19,1,0,1,1,1,1785538027
2026-07-31T22:48:45Z,247,4,4,17,2,0,1,1,1,1785537912
2026-07-31T22:48:45Z,248,5,3,16,2,0,1,1,1,1785538040
2026-07-31T22:48:45Z,249,15,13,3,1,0,1,1,1,1785537968
2026-07-31T22:48:45Z,250,5,0,18,4,0,1,1,1,1785537636
2026-07-31T22:48:45Z,251,17,13,6,4,0,1,1,1,1785538068
2026-07-31T22:48:45Z,253,7,4,12,0,0,1,1,1,1785538013
2026-07-31T22:48:45Z,254,5,2,37,1,0,1,1,1,1785537992
2026-07-31T22:48:45Z,255,9,2,13,0,1,1,1,1,1785537959
2026-07-31T22:48:45Z,256,1,0,21,1,0,1,1,1,1785537986
2026-07-31T22:48:45Z,257,4,1,15,0,0,1,1,1,1785537632
2026-07-31T22:48:45Z,258,14,11,4,1,0,1,1,1,1785537920
2026-07-31T22:48:45Z,259,14,0,8,0,1,1,1,1,1785537847
2026-07-31T22:48:45Z,260,11,7,7,1,0,1,1,1,1785538066
2026-07-31T22:48:45Z,261,1,0,16,1,1,1,1,1,1785537989
2026-07-31T22:48:45Z,262,1,0,21,1,0,1,1,1,1785537991
2026-07-31T22:48:45Z,263,8,8,6,1,0,1,1,1,1785537677
2026-07-31T22:48:45Z,264,1,1,18,0,0,1,1,1,1785536547
2026-07-31T22:48:45Z,265,7,0,8,0,0,1,1,1,1785537954
2026-07-31T22:48:45Z,266,8,7,10,1,0,1,1,1,1785538092
2026-07-31T22:48:45Z,267,8,3,5,2,0,1,1,1,1785537006
2026-07-31T22:48:45Z,268,19,7,3,1,0,1,1,1,1785537970
2026-07-31T22:48:45Z,269,6,6,17,0,0,1,1,1,1785538034
2026-07-31T22:48:45Z,270,12,2,13,2,0,1,1,1,1785537749
2026-07-31T22:48:45Z,271,1,0,16,2,0,1,1,1,1785537306
2026-07-31T22:48:45Z,272,7,1,16,0,0,1,1,1,1785538110
2026-07-31T22:48:45Z,273,6,1,9,0,0,1,1,1,1785537668
2026-07-31T22:48:45Z,274,2,1,16,1,0,1,1,1,1785537835
2026-07-31T22:48:45Z,275,1,0,18,4,0,1,1,1,1785538100
2026-07-31T22:48:45Z,276,2,1,24,1,0,1,1,1,1785537784
2026-07-31T22:48:45Z,277,6,0,13,4,0,1,1,1,1785537798
2026-07-31T22:48:45Z,278,9,7,20,2,0,1,1,1,1785537905
2026-07-31T22:48:45Z,279,5,0,14,0,0,1,1,1,1785538098
2026-07-31T22:48:45Z,280,5,2,24,2,0,1,1,1,1785538007
2026-07-31T22:48:45Z,281,6,0,13,0,0,1,1,1,1785537880
2026-07-31T22:48:45Z,282,9,2,9,0,0,1,1,1,1785536001
2026-07-31T22:48:45Z,283,18,3,17,0,0,1,1,1,1785538052
2026-07-31T22:48:45Z,284,30,3,3,2,0,1,1,1,1785537483
2026-07-31T22:48:45Z,285,3,2,20,0,0,1,1,1,1785537920
2026-07-31T22:48:45Z,286,14,5,9,0,0,1,1,1,1785538094
2026-07-31T22:48:45Z,287,10,1,10,3,0,1,1,1,1785537276
2026-07-31T22:48:45Z,288,4,1,14,1,0,1,1,1,1785537733
2026-07-31T22:48:45Z,289,7,7,16,4,0,1,1,1,1785537915
2026-07-31T22:48:45Z,290,14,1,23,2,0,1,1,1,1785538052
2026-07-31T22:48:45Z,291,9,0,12,2,0,1,1,1,1785537785
2026-07-31T22:48:45Z,292,4,3,19,0,0,1,1,1,1785537923
2026-07-31T22:48:45Z,293,7,0,15,1,0,1,1,1,1785537940
2026-07-31T22:48:45Z,294,15,8,4,3,0,1,1,1,1785538073
2026-07-31T22:48:45Z,297,6,2,11,1,1,1,1,1,1785537644
2026-07-31T22:48:45Z,301,16,0,2,1,0,1,1,1,1785537733
2026-07-31T22:48:45Z,302,15,2,8,0,0,1,1,1,1785538095
2026-07-31T22:48:45Z,303,0,0,19,0,0,1,1,1,1785537327
2026-07-31T22:48:45Z,304,0,0,0,0,0,0,1,1,86400
2026-07-31T22:48:45Z,305,2,0,16,1,0,1,1,1,1785538110
2026-07-31T22:48:45Z,306,8,0,23,1,0,1,1,1,1785537978
2026-07-31T22:48:45Z,307,11,1,12,0,0,1,1,1,1785537997
2026-07-31T22:48:45Z,308,17,3,0,2,0,1,1,1,1785537338
2026-07-31T22:48:45Z,309,7,1,7,0,0,1,1,1,1785538088
2026-07-31T22:48:45Z,311,9,0,6,0,0,1,1,1,1785538031
2026-07-31T22:48:45Z,312,5,5,15,3,0,1,1,1,1785538084
2026-07-31T22:48:45Z,313,2,0,13,0,0,1,1,1,1785535131
2026-07-31T22:48:45Z,314,6,1,10,3,0,1,1,1,1785537515
2026-07-31T22:48:45Z,315,8,5,20,3,0,1,1,1,1785538092
2026-07-31T22:48:45Z,316,1,1,23,6,1,1,1,1,1785537989
2026-07-31T22:48:45Z,317,15,6,15,0,1,1,1,1,1785537944
2026-07-31T22:48:45Z,318,18,4,1,0,0,1,1,1,1785537461
2026-07-31T22:48:45Z,319,7,2,14,2,0,1,1,1,1785538113
2026-07-31T22:48:45Z,320,1,0,17,1,0,1,1,1,1785537666
2026-07-31T22:48:45Z,321,2,0,13,4,0,1,1,1,1785538022
2026-07-31T22:48:45Z,322,20,0,9,0,0,1,1,1,1785538057
2026-07-31T22:48:45Z,323,7,0,10,2,0,1,1,1,1785537977
2026-07-31T22:48:45Z,324,13,0,13,1,0,1,1,1,1785538107
2026-07-31T22:48:45Z,325,1,1,24,2,0,1,1,1,1785538016
2026-07-31T22:48:45Z,327,25,2,0,2,0,1,1,1,1785536932
2026-07-31T22:48:45Z,328,20,0,1,1,0,1,1,1,1785537041
2026-07-31T22:48:45Z,329,4,1,12,3,0,1,1,1,1785537557
2026-07-31T22:48:45Z,330,19,0,3,0,0,1,1,1,1785537976
2026-07-31T22:48:45Z,331,19,1,2,2,0,1,1,1,1785537469
2026-07-31T22:48:45Z,332,2,1,14,3,0,1,1,1,1785537379
2026-07-31T22:48:45Z,333,4,3,18,1,0,1,1,1,1785537873
2026-07-31T22:48:45Z,334,4,0,18,1,0,1,1,1,1785537772
2026-07-31T22:48:45Z,335,5,1,17,0,1,1,1,1,1785537524
2026-07-31T22:48:45Z,336,5,1,14,0,0,1,1,1,1785537836
2026-07-31T22:48:45Z,337,3,3,16,4,0,1,1,1,1785537948
2026-07-31T22:48:45Z,338,0,0,19,0,0,1,1,1,1785536714
2026-07-31T22:48:45Z,339,6,3,15,2,0,1,1,1,1785537881
2026-07-31T22:48:45Z,340,2,2,12,1,0,1,1,1,1785536863
2026-07-31T22:48:45Z,341,5,1,14,0,0,1,1,1,1785537642
2026-07-31T22:48:45Z,342,5,0,9,1,0,1,1,1,1785537755
2026-07-31T22:48:45Z,343,6,3,16,1,0,1,1,1,1785537614
2026-07-31T22:48:45Z,344,7,2,15,1,0,1,1,1,1785538091
2026-07-31T22:48:45Z,345,18,4,1,0,0,1,1,1,1785537866
2026-07-31T22:48:45Z,346,3,3,20,0,0,1,1,1,1785537708
2026-07-31T22:48:45Z,347,17,5,23,4,0,1,1,1,1785538113
2026-07-31T22:48:45Z,348,10,2,12,0,1,1,1,1,1785537931
2026-07-31T22:48:45Z,349,12,1,7,0,0,1,1,1,1785538004
2026-07-31T22:48:45Z,350,2,0,23,1,1,1,1,1,1785538003
2026-07-31T22:48:45Z,351,1,1,20,2,0,1,1,1,1785537876
2026-07-31T22:48:45Z,355,10,2,13,0,0,1,1,1,1785538069
2026-07-31T22:48:45Z,356,4,2,15,0,0,1,1,1,1785537810
2026-07-31T22:48:45Z,357,3,3,15,1,0,1,1,1,1785538024
2026-07-31T22:48:45Z,358,21,1,5,1,0,1,1,1,1785538037
2026-07-31T22:48:45Z,359,11,0,16,0,0,1,1,1,1785536843
2026-07-31T22:48:45Z,360,4,1,15,0,0,1,1,1,1785537835
2026-07-31T22:48:45Z,362,1,0,15,3,0,1,1,1,1785537472
2026-07-31T22:48:45Z,363,18,1,9,0,0,1,1,1,1785537948
2026-07-31T22:48:45Z,364,0,0,19,0,0,1,1,1,1785537835
2026-07-31T22:48:45Z,365,2,0,18,3,0,1,1,1,1785537554
2026-07-31T22:48:45Z,366,3,2,19,1,0,1,1,1,1785537967
2026-07-31T22:48:45Z,367,4,2,13,2,0,1,1,1,1785537916
2026-07-31T22:48:45Z,368,4,1,18,1,0,1,1,1,1785537600
2026-07-31T22:48:45Z,370,8,3,19,0,0,1,1,1,1785537543
2026-07-31T22:48:45Z,371,3,3,15,1,0,1,1,1,1785536010
2026-07-31T22:48:45Z,372,10,0,5,0,0,1,1,1,1785538024
2026-07-31T22:48:45Z,373,1,0,25,1,0,1,1,1,1785538064
2026-07-31T22:48:45Z,374,4,4,14,1,0,1,1,1,1785538065
2026-07-31T22:48:45Z,375,2,1,24,1,0,1,1,1,1785538112
2026-07-31T22:48:45Z,376,1,0,37,1,0,1,1,1,1785537895
2026-07-31T22:48:45Z,377,9,3,16,2,0,1,1,1,1785537856
2026-07-31T22:48:45Z,378,1,0,21,1,1,1,1,1,1785538082
2026-07-31T22:48:45Z,379,17,1,7,3,0,1,1,1,1785538024
2026-07-31T22:48:45Z,380,6,2,17,0,0,1,1,1,1785537867
2026-07-31T22:48:45Z,381,10,0,13,0,0,1,1,1,1785537230
2026-07-31T22:48:45Z,383,8,0,4,3,0,1,1,1,1785538109
2026-07-31T22:48:45Z,384,2,0,22,3,0,1,1,1,1785538005
2026-07-31T22:48:45Z,385,2,0,15,1,0,1,1,1,1785538069
2026-07-31T22:48:45Z,387,3,1,20,0,0,1,1,1,1785537804
2026-07-31T22:48:45Z,388,32,0,12,5,0,1,1,1,1785537576
2026-07-31T22:48:45Z,389,6,3,8,1,0,1,1,1,1785537935
2026-07-31T22:48:45Z,390,17,3,18,0,0,1,1,1,1785537908
2026-07-31T22:48:45Z,391,4,2,11,0,0,1,1,1,1785537983
2026-07-31T22:48:45Z,392,2,2,15,2,0,1,1,1,1785537810
2026-07-31T22:48:45Z,393,1,1,7,3,0,1,1,1,1785537873
2026-07-31T22:48:45Z,394,8,1,3,2,0,1,1,1,1785537134
2026-07-31T22:48:45Z,396,0,0,42,0,0,1,1,1,1785537627
2026-07-31T22:48:45Z,397,8,7,23,0,0,1,1,1,1785537632
2026-07-31T22:48:45Z,399,1,0,14,2,0,1,1,1,1785538053
2026-07-31T22:48:45Z,400,14,9,7,2,0,1,1,1,1785536557
2026-07-31T22:48:45Z,401,8,0,23,8,0,1,1,1,1785537854
2026-07-31T22:48:45Z,403,19,6,8,4,0,1,1,1,1785538021
2026-07-31T22:48:45Z,404,3,2,18,2,0,1,1,1,1785538057
2026-07-31T22:48:45Z,406,13,0,20,2,0,1,1,1,1785538071
2026-07-31T22:48:45Z,407,17,1,16,1,0,1,1,1,1785537621
2026-07-31T22:48:45Z,408,2,2,28,3,0,1,1,1,1785537964
2026-07-31T22:48:45Z,409,12,2,7,4,0,1,1,1,1785537500
2026-07-31T22:48:45Z,413,9,3,13,1,0,1,1,1,1785536482
2026-07-31T22:48:45Z,414,7,0,8,0,0,1,1,1,1785537967
2026-07-31T22:48:45Z,417,2,2,17,0,0,1,1,1,1785537685
2026-07-31T22:48:45Z,418,2,2,13,0,0,1,1,1,1785537921
2026-07-31T22:48:45Z,419,13,1,10,0,0,1,1,1,1785533166
2026-07-31T22:48:45Z,421,15,0,4,0,0,1,1,1,1785538065
2026-07-31T22:48:45Z,422,12,1,15,0,0,1,1,1,1785537837
2026-07-31T22:48:45Z,423,1,0,22,0,0,1,1,1,1785537996
2026-07-31T22:48:45Z,424,4,2,8,3,0,1,1,1,1785537986
2026-07-31T22:48:45Z,425,0,0,21,0,1,1,1,1,1785536730
2026-07-31T22:48:45Z,426,0,0,35,2,0,1,1,1,1785537025
2026-07-31T22:48:45Z,427,11,2,1,3,0,1,1,1,1785538073
2026-07-31T22:48:45Z,428,16,1,3,0,0,1,1,1,1785537768
2026-07-31T22:48:45Z,429,8,4,14,1,0,1,1,1,1785538100
2026-07-31T22:48:45Z,430,3,2,27,1,0,1,1,1,1785538087
2026-07-31T22:48:45Z,431,4,1,28,1,0,1,1,1,1785538054
2026-07-31T22:48:45Z,432,0,0,30,1,0,0,1,1,1785508564
2026-07-31T22:48:45Z,433,5,1,15,3,0,1,1,1,1785537757
2026-07-31T22:48:45Z,437,6,2,9,4,0,1,1,1,1785538108
2026-07-31T22:48:45Z,438,4,1,14,1,0,1,1,1,1785538067
2026-07-31T22:48:45Z,439,13,4,2,0,0,1,1,1,1785537288
2026-07-31T22:48:45Z,440,13,2,1,1,0,1,1,1,1785537912
2026-07-31T22:48:45Z,441,5,1,8,2,0,1,1,1,1785538018
2026-07-31T22:48:45Z,442,10,1,6,3,0,1,1,1,1785537824
2026-07-31T22:48:45Z,443,6,2,21,0,0,1,1,1,1785537918
2026-07-31T22:48:45Z,444,1,1,22,0,0,1,1,1,1785535180
2026-07-31T22:48:45Z,445,6,2,16,1,0,1,1,1,1785537985
2026-07-31T22:48:45Z,446,1,0,22,0,0,1,1,1,1785537825
2026-07-31T22:48:45Z,447,3,0,18,1,1,1,1,1,1785534024
2026-07-31T22:48:45Z,448,6,0,8,1,0,1,1,1,1785537733
2026-07-31T22:48:45Z,452,7,5,11,1,0,1,1,1,1785537826
2026-07-31T22:48:45Z,453,2,1,10,3,0,1,1,1,1785537969
2026-07-31T22:48:45Z,454,17,0,2,0,0,1,1,1,1785538068
2026-07-31T22:48:45Z,455,24,0,14,1,0,1,1,1,1785538016
2026-07-31T22:48:45Z,456,17,0,2,1,0,1,1,1,1785537906
2026-07-31T22:48:45Z,457,1,1,25,1,0,1,1,1,1785537815
2026-07-31T22:48:45Z,458,8,3,13,2,0,1,1,1,1785537975
2026-07-31T22:48:45Z,459,12,0,3,0,0,1,1,1,1785538102
2026-07-31T22:48:45Z,460,14,1,8,1,0,1,1,1,1785538010
2026-07-31T22:48:45Z,461,8,0,11,0,0,1,1,1,1785538105
2026-07-31T22:48:45Z,462,19,0,2,0,0,1,1,1,1785537795
2026-07-31T22:48:45Z,463,7,0,12,0,0,1,1,1,1785537831
2026-07-31T22:48:45Z,464,3,2,11,0,0,1,1,1,1785537057
2026-07-31T22:48:45Z,465,2,2,13,0,0,1,1,1,1785537086
2026-07-31T22:48:45Z,466,7,2,2,6,0,1,1,1,1785538044
2026-07-31T22:48:45Z,467,0,0,19,0,0,1,1,1,1785536420
2026-07-31T22:48:45Z,468,2,1,16,1,0,1,1,1,1785537699
2026-07-31T22:48:45Z,469,2,1,19,2,0,1,1,1,1785537327
2026-07-31T22:48:45Z,470,3,0,10,2,0,1,1,1,1785538031
2026-07-31T22:48:45Z,471,23,2,4,0,0,1,1,1,1785537868
2026-07-31T22:48:45Z,472,4,1,11,4,0,1,1,1,1785538097
2026-07-31T22:48:45Z,473,11,1,8,0,0,1,1,1,1785538077
2026-07-31T22:48:45Z,474,6,2,11,2,0,1,1,1,1785537860
2026-07-31T22:48:45Z,475,0,0,18,1,0,1,1,1,1785537447
2026-07-31T22:48:45Z,477,6,0,9,0,0,1,1,1,1785538077
2026-07-31T22:48:45Z,478,28,0,2,1,0,1,1,1,1785538077
2026-07-31T22:48:45Z,479,4,0,21,2,0,1,1,1,1785538004
2026-07-31T22:48:45Z,480,6,1,8,1,0,1,1,1,1785537037
2026-07-31T22:48:45Z,481,15,1,19,1,0,1,1,1,1785538072
2026-07-31T22:48:45Z,482,2,1,17,0,0,1,1,1,1785536193
2026-07-31T22:48:45Z,483,6,1,19,2,0,1,1,1,1785538095
2026-07-31T22:48:45Z,484,2,0,16,1,0,1,1,1,1785538032
2026-07-31T22:48:45Z,485,14,5,4,0,1,1,1,1,1785538092
2026-07-31T22:48:45Z,486,3,1,22,2,0,1,1,1,1785538033
2026-07-31T22:48:45Z,487,8,6,8,3,0,1,1,1,1785538012
2026-07-31T22:48:45Z,489,1,1,14,0,0,1,1,1,1785538112
2026-07-31T22:48:45Z,490,13,1,3,0,0,1,1,1,1785536182
2026-07-31T22:48:45Z,491,9,2,11,1,0,1,1,1,1785537627
2026-07-31T22:48:45Z,492,4,1,4,3,0,1,1,1,1785538110
2026-07-31T22:48:45Z,493,19,1,8,0,0,1,1,1,1785537587
2026-07-31T22:48:45Z,495,10,0,4,1,0,1,1,1,1785536672
2026-07-31T22:48:45Z,496,8,1,19,0,0,1,1,1,1785536948
2026-07-31T22:48:45Z,497,1,1,17,0,0,1,1,1,1785537132
2026-07-31T22:48:45Z,498,1,1,21,1,0,1,1,1,1785537950
2026-07-31T22:48:45Z,499,3,0,14,2,0,1,1,1,1785538052
2026-07-31T22:48:45Z,500,4,0,8,3,0,1,1,1,1785537869
2026-07-31T22:48:45Z,501,7,0,12,2,0,1,1,1,1785537757
2026-07-31T22:48:45Z,502,1,0,16,2,0,1,1,1,1785533820
2026-07-31T22:48:45Z,503,5,0,25,1,0,1,1,1,1785538091
2026-07-31T22:48:45Z,504,7,1,30,2,0,1,1,1,1785537988
2026-07-31T22:48:45Z,505,5,0,6,1,0,1,1,1,1785538068
2026-07-31T22:48:45Z,511,3,2,20,0,0,1,1,1,1785537915
2026-07-31T22:48:45Z,512,12,0,15,0,0,1,1,1,1785538086
2026-07-31T22:48:45Z,514,4,3,6,1,0,1,1,1,1785537790
2026-07-31T22:48:45Z,515,7,2,12,0,0,1,1,1,1785537973
2026-07-31T22:48:45Z,516,1,0,26,0,0,1,1,1,1785537964
2026-07-31T22:48:45Z,517,10,2,13,0,0,1,1,1,1785538106
2026-07-31T22:48:45Z,518,5,0,9,1,0,1,1,1,1785533962
2026-07-31T22:48:45Z,519,6,4,12,1,0,1,1,1,1785535628
2026-07-31T22:48:45Z,520,19,6,2,5,1,1,1,1,1785538109
2026-07-31T22:48:45Z,521,5,3,18,0,0,1,1,1,1785537920
2026-07-31T22:48:45Z,522,11,3,10,2,0,1,1,1,1785537787
2026-07-31T22:48:45Z,523,11,5,11,1,0,1,1,1,1785536008
2026-07-31T22:48:45Z,524,15,0,8,0,0,1,1,1,1785537812
2026-07-31T22:48:45Z,525,10,1,9,0,0,1,1,1,1785537474
2026-07-31T22:48:45Z,526,5,2,9,1,0,1,1,1,1785537541
2026-07-31T22:48:45Z,527,14,12,11,1,0,1,1,1,1785538037
2026-07-31T22:48:45Z,528,22,2,0,1,0,1,1,1,1785537341
2026-07-31T22:48:45Z,529,9,4,4,6,0,1,1,1,1785538111
2026-07-31T22:48:45Z,530,11,0,7,3,0,1,1,1,1785536820
2026-07-31T22:48:45Z,531,18,1,4,0,1,1,1,1,1785538062
2026-07-31T22:48:45Z,532,1,1,28,2,0,1,1,1,1785537999
2026-07-31T22:48:45Z,533,12,0,6,1,0,1,1,1,1785537613
2026-07-31T22:48:45Z,534,5,2,18,0,0,1,1,1,1785537980
2026-07-31T22:48:45Z,535,0,0,15,0,0,1,1,1,1785536563
2026-07-31T22:48:45Z,536,10,0,13,0,0,1,1,1,1785537806
2026-07-31T22:48:45Z,537,1,0,19,0,0,1,1,1,1785537812
2026-07-31T22:48:45Z,538,11,2,11,0,1,1,1,1,1785538054
2026-07-31T22:48:45Z,539,2,2,29,0,0,1,1,1,1785537640
2026-07-31T22:48:45Z,540,4,1,15,0,0,1,1,1,1785537737
2026-07-31T22:48:45Z,541,0,0,26,1,0,1,1,1,1785537975
2026-07-31T22:48:45Z,542,0,0,22,1,0,1,1,1,1785538045
2026-07-31T22:48:45Z,543,2,1,17,0,0,1,1,1,1785538105
2026-07-31T22:48:45Z,544,7,2,11,4,0,1,1,1,1785537366
2026-07-31T22:48:45Z,545,14,1,1,4,0,1,1,1,1785537986
2026-07-31T22:48:45Z,546,3,1,16,0,0,1,1,1,1785538081
2026-07-31T22:48:45Z,547,11,1,14,0,0,1,1,1,1785538064
2026-07-31T22:48:45Z,548,6,0,16,1,0,1,1,1,1785537715
2026-07-31T22:48:45Z,549,9,0,14,0,0,1,1,1,1785538108
2026-07-31T22:48:45Z,550,7,3,12,0,0,1,1,1,1785537892
2026-07-31T22:48:45Z,551,3,1,19,1,0,1,1,1,1785537955
2026-07-31T22:48:45Z,552,5,1,22,0,0,1,1,1,1785538024
2026-07-31T22:48:45Z,553,0,0,22,1,0,1,1,1,1785538042
2026-07-31T22:48:45Z,554,0,0,18,1,0,1,1,1,1785537598
2026-07-31T22:48:45Z,555,8,0,6,1,0,1,1,1,1785538067
2026-07-31T22:48:45Z,556,9,0,12,2,0,1,1,1,1785538062
2026-07-31T22:48:45Z,557,1,0,20,2,0,1,1,1,1785538081
2026-07-31T22:48:45Z,558,29,13,7,1,0,1,1,1,1785538009
2026-07-31T22:48:45Z,559,4,0,14,1,0,1,1,1,1785538078
2026-07-31T22:48:45Z,560,17,0,10,0,0,1,1,1,1785537932
2026-07-31T22:48:45Z,561,8,0,11,4,0,1,1,1,1785538005
2026-07-31T22:48:45Z,562,8,0,20,7,0,1,1,1,1785538005
2026-07-31T22:48:45Z,563,2,0,11,1,0,1,1,1,1785537859
2026-07-31T22:48:45Z,564,2,1,16,1,0,1,1,1,1785537156
2026-07-31T22:48:45Z,565,4,1,14,1,0,1,1,1,1785537369
2026-07-31T22:48:45Z,566,16,0,2,1,0,1,1,1,1785538034
2026-07-31T22:48:45Z,567,22,0,1,4,0,1,1,1,1785538054
2026-07-31T22:48:45Z,568,11,0,7,1,0,1,1,1,1785537967
2026-07-31T22:48:45Z,569,10,0,6,3,0,1,1,1,1785537511
2026-07-31T22:48:45Z,570,6,1,11,2,0,1,1,1,1785538063
2026-07-31T22:48:45Z,571,9,0,14,0,0,1,1,1,1785538087
2026-07-31T22:48:45Z,572,8,0,11,0,0,1,1,1,1785537970
2026-07-31T22:48:45Z,573,13,3,2,0,0,1,1,1,1785538021
2026-07-31T22:48:45Z,574,5,3,10,0,0,1,1,1,1785537066
2026-07-31T22:48:45Z,575,6,0,14,1,0,1,1,1,1785538097
2026-07-31T22:48:45Z,576,0,0,19,0,0,1,1,1,1785537344
2026-07-31T22:48:45Z,577,28,0,3,0,0,1,1,1,1785537741
2026-07-31T22:48:45Z,578,0,0,22,1,0,1,1,1,1785537638
2026-07-31T22:48:45Z,579,10,0,33,0,0,1,1,1,1785537922
2026-07-31T22:48:45Z,580,3,0,26,0,0,1,1,1,1785537316
2026-07-31T22:48:45Z,581,16,0,3,0,0,1,1,1,1785537829
2026-07-31T22:48:45Z,582,24,0,35,2,0,1,1,1,1785538033
2026-07-31T22:48:45Z,583,3,1,19,1,0,1,1,1,1785537971
2026-07-31T22:48:45Z,584,1,0,14,4,0,1,1,1,1785535753
2026-07-31T22:48:45Z,585,2,0,24,0,1,1,1,1,1785537524
2026-07-31T22:48:45Z,586,10,1,24,1,0,1,1,1,1785538034
2026-07-31T22:48:45Z,587,12,0,11,1,0,1,1,1,1785538082
2026-07-31T22:48:45Z,588,7,3,9,2,1,1,1,1,1785538099
2026-07-31T22:48:45Z,589,9,5,13,0,0,1,1,1,1785538059
2026-07-31T22:48:45Z,590,13,2,18,0,0,1,1,1,1785537946
2026-07-31T22:48:45Z,591,1,0,27,2,0,1,1,1,1785538083
2026-07-31T22:48:45Z,592,4,0,19,0,0,1,1,1,1785538066
2026-07-31T22:48:45Z,593,16,0,22,0,0,1,1,1,1785537540
2026-07-31T22:48:45Z,594,6,1,13,2,0,1,1,1,1785537816
2026-07-31T22:48:45Z,595,0,0,3,0,0,0,1,1,1784046673
2026-07-31T22:48:45Z,605,0,0,2,1,0,0,1,1,1783975843
2026-07-31T22:48:45Z,606,0,0,0,0,0,0,1,1,86400
2026-07-31T22:48:45Z,607,4,2,23,5,0,1,1,1,1785538109
2026-07-31T22:48:45Z,608,38,3,12,0,0,1,1,1,1785538112
2026-07-31T22:48:45Z,609,7,3,16,0,0,1,1,1,1785537940
2026-07-31T22:48:45Z,610,3,1,32,0,0,1,1,1,1785538106
2026-07-31T22:48:45Z,611,13,4,13,1,0,1,1,1,1785538084
2026-07-31T22:48:45Z,612,8,1,7,0,0,1,1,1,1785533466
2026-07-31T22:48:45Z,613,12,4,0,3,0,1,1,1,1785530289
2026-07-31T22:48:45Z,614,2,1,22,2,1,1,1,1,1785537791
2026-07-31T22:48:45Z,617,11,1,3,1,0,1,1,1,1785537932
2026-07-31T22:48:45Z,618,12,1,1,6,0,1,1,1,1785536738
2026-07-31T22:48:45Z,619,5,5,14,0,0,1,1,1,1785537104
2026-07-31T22:48:45Z,620,14,1,13,0,0,1,1,1,1785537776
2026-07-31T22:48:45Z,621,1,1,22,0,0,1,1,1,1785537583
2026-07-31T22:48:45Z,622,4,1,18,1,0,1,1,1,1785537785
2026-07-31T22:48:45Z,623,14,4,16,0,0,1,1,1,1785538031
2026-07-31T22:48:45Z,624,0,0,15,0,0,1,1,1,1785538014
2026-07-31T22:48:45Z,625,14,2,2,5,0,1,1,1,1785537686
2026-07-31T22:48:45Z,626,43,0,2,0,2,1,1,1,1785537917
2026-07-31T22:48:45Z,627,17,4,2,0,0,1,1,1,1785538053
2026-07-31T22:48:45Z,628,5,3,12,1,1,1,1,1,1785537218
2026-07-31T22:48:45Z,629,4,1,5,2,0,1,1,1,1785537907
2026-07-31T22:48:45Z,630,1,0,22,4,0,1,1,1,1785538016
2026-07-31T22:48:45Z,631,6,4,17,0,0,1,1,1,1785537930
2026-07-31T22:48:45Z,632,15,1,6,2,0,1,1,1,1785536939
2026-07-31T22:48:45Z,633,11,3,1,3,0,1,1,1,1785530006
2026-07-31T22:48:45Z,634,11,1,8,0,0,1,1,1,1785537091
2026-07-31T22:48:45Z,635,16,1,3,0,0,1,1,1,1785537749
2026-07-31T22:48:45Z,636,7,2,8,0,0,1,1,1,1785526430
2026-07-31T22:48:45Z,637,6,2,11,2,0,1,1,1,1785535251
2026-07-31T22:48:45Z,638,7,2,10,2,0,1,1,1,1785536943
2026-07-31T22:48:45Z,639,12,2,5,2,0,1,1,1,1785537349
2026-07-31T22:48:45Z,640,9,6,12,2,0,1,1,1,1785538083
2026-07-31T22:48:45Z,641,13,0,14,0,0,1,1,1,1785537741
2026-07-31T22:48:45Z,642,4,3,7,8,0,1,1,1,1785538113
2026-07-31T22:48:45Z,643,0,0,19,8,0,1,1,1,1785538113
2026-07-31T22:48:45Z,644,13,1,1,1,0,1,1,1,1785533615
2026-07-31T22:48:45Z,645,17,1,3,3,0,1,1,1,1785537804
2026-07-31T22:48:45Z,646,4,1,15,0,0,1,1,1,1785533859
2026-07-31T22:48:45Z,647,1,1,30,0,0,1,1,1,1785538053
2026-07-31T22:48:45Z,648,1,0,17,1,0,1,1,1,1785537423
2026-07-31T22:48:45Z,649,20,0,10,1,0,1,1,1,1785538069
2026-07-31T22:48:45Z,650,5,1,9,0,0,1,1,1,1785537356
2026-07-31T22:48:45Z,651,5,4,17,1,0,1,1,1,1785537864
2026-07-31T22:48:45Z,652,3,0,17,3,0,1,1,1,1785538067
2026-07-31T22:48:45Z,653,0,0,18,1,0,1,1,1,1785537928
2026-07-31T22:48:45Z,654,2,1,12,1,0,1,1,1,1785537843
2026-07-31T22:48:45Z,655,8,4,0,4,1,1,1,1,1785537968
2026-07-31T22:48:45Z,656,0,0,18,1,0,1,1,1,1785537451
2026-07-31T22:48:45Z,657,8,4,5,2,2,1,1,1,1785538023
2026-07-31T22:48:45Z,658,9,1,1,0,0,1,1,1,1785537787
2026-07-31T22:48:45Z,659,6,4,7,2,0,1,1,1,1785537194
2026-07-31T22:48:45Z,660,11,3,15,5,0,1,1,1,1785538040
2026-07-31T22:48:45Z,661,5,1,14,0,0,1,1,1,1785537712
2026-07-31T22:48:45Z,662,5,2,14,4,0,1,1,1,1785537702
2026-07-31T22:48:45Z,663,6,0,9,0,0,1,1,1,1785537614
2026-07-31T22:48:45Z,664,11,0,14,2,0,1,1,1,1785538030
2026-07-31T22:48:45Z,665,10,4,4,1,0,1,1,1,1785538106
2026-07-31T22:48:45Z,666,8,2,4,3,0,1,1,1,1785537911
2026-07-31T22:48:45Z,667,16,1,1,3,0,1,1,1,1785538109
2026-07-31T22:48:45Z,668,16,1,3,0,0,1,1,1,1785538057
2026-07-31T22:48:45Z,669,6,3,6,2,0,1,1,1,1785537399
2026-07-31T22:48:45Z,670,16,0,11,0,0,1,1,1,1785537540
2026-07-31T22:48:45Z,671,16,0,10,1,0,1,1,1,1785538080
2026-07-31T22:48:45Z,672,4,0,16,2,1,1,1,1,1785538060
2026-07-31T22:48:45Z,673,12,0,11,0,0,1,1,1,1785538079
2026-07-31T22:48:45Z,674,1,1,20,2,0,1,1,1,1785537835
2026-07-31T22:48:45Z,675,3,1,10,2,0,1,1,1,1785538042
2026-07-31T22:48:45Z,676,8,0,12,2,0,1,1,1,1785537944
2026-07-31T22:48:45Z,681,9,5,4,1,1,1,1,1,1785537809
2026-07-31T22:48:45Z,682,7,1,12,0,0,1,1,1,1785537004
2026-07-31T22:48:45Z,683,1,1,18,0,0,1,1,1,1785527602
2026-07-31T22:48:45Z,684,4,1,23,0,0,1,1,1,1785535557
2026-07-31T22:48:45Z,685,6,0,19,1,1,1,1,1,1785535602
2026-07-31T22:48:45Z,686,11,0,13,3,0,1,1,1,1785538071
2026-07-31T22:48:45Z,687,13,1,16,1,1,1,1,1,1785538097
2026-07-31T22:48:45Z,688,9,1,10,0,0,1,1,1,1785537082
2026-07-31T22:48:45Z,692,0,0,21,0,0,1,1,1,1785537885
2026-07-31T22:48:45Z,693,6,0,2,3,0,1,1,1,1785537874
2026-07-31T22:48:45Z,694,9,4,12,0,0,1,1,1,1785538029
2026-07-31T22:48:45Z,695,2,1,20,1,0,1,1,1,1785537959
2026-07-31T22:48:45Z,696,17,13,6,0,0,1,1,1,1785537913
2026-07-31T22:48:45Z,697,20,5,3,0,0,1,1,1,1785538077
2026-07-31T22:48:45Z,698,15,3,12,0,0,1,1,1,1785538089
2026-07-31T22:48:45Z,699,5,1,9,1,0,1,1,1,1785536613
2026-07-31T22:48:45Z,700,15,1,4,0,0,1,1,1,1785537954
2026-07-31T22:48:45Z,701,16,3,2,1,0,1,1,1,1785537898
2026-07-31T22:48:45Z,702,3,3,20,0,0,1,1,1,1785537470
2026-07-31T22:48:45Z,704,5,0,9,1,0,1,1,1,1785537741
2026-07-31T22:48:45Z,705,1,0,14,0,0,1,1,1,1785536699
2026-07-31T22:48:45Z,706,4,1,9,2,0,1,1,1,1785537826
2026-07-31T22:48:45Z,707,7,1,8,0,0,1,1,1,1785536573
2026-07-31T22:48:45Z,708,15,2,4,0,0,1,1,1,1785537864
2026-07-31T22:48:45Z,709,5,0,8,2,0,1,1,1,1785538090
2026-07-31T22:48:45Z,710,3,0,15,1,0,1,1,1,1785537923
2026-07-31T22:48:45Z,711,10,0,10,3,0,1,1,1,1785538025
2026-07-31T22:48:45Z,712,4,4,10,1,0,1,1,1,1785538085
2026-07-31T22:48:45Z,713,6,2,17,0,0,1,1,1,1785537188
2026-07-31T22:48:45Z,716,4,3,11,0,0,1,1,1,1785536364
2026-07-31T22:48:45Z,717,1,1,22,2,0,1,1,1,1785536994
2026-07-31T22:48:45Z,718,5,1,8,2,0,1,1,1,1785538012
2026-07-31T22:48:45Z,719,4,0,25,0,0,1,1,1,1785537506
2026-07-31T22:48:45Z,720,0,0,19,0,0,1,1,1,1785536630
2026-07-31T22:48:45Z,721,7,0,14,2,0,1,1,1,1785538056
2026-07-31T22:48:45Z,722,7,1,8,0,0,1,1,1,1785536406
2026-07-31T22:48:45Z,723,14,2,9,0,0,1,1,1,1785536628
2026-07-31T22:48:45Z,724,6,3,16,1,0,1,1,1,1785537665
2026-07-31T22:48:45Z,725,2,0,21,0,0,1,1,1,1785538107
2026-07-31T22:48:45Z,726,8,0,9,2,0,1,1,1,1785537824
2026-07-31T22:48:45Z,727,10,5,12,1,0,1,1,1,1785537487
2026-07-31T22:48:45Z,728,9,0,5,1,0,1,1,1,1785536934
2026-07-31T22:48:45Z,729,3,0,16,0,0,1,1,1,1785537870
2026-07-31T22:48:45Z,730,0,0,12,3,0,1,1,1,1785537532
2026-07-31T22:48:45Z,731,3,3,10,2,0,1,1,1,1785536679
2026-07-31T22:48:45Z,732,5,3,10,0,0,1,1,1,1785537691
2026-07-31T22:48:45Z,733,23,3,4,0,0,1,1,1,1785537928
2026-07-31T22:48:45Z,734,1,0,13,0,0,1,1,1,1785537574
2026-07-31T22:48:45Z,735,24,9,3,0,0,1,1,1,1785537927
2026-07-31T22:48:45Z,736,12,0,7,0,0,1,1,1,1785537457
2026-07-31T22:48:45Z,737,2,1,12,0,1,1,1,1,1785537166
2026-07-31T22:48:45Z,738,14,4,5,0,0,1,1,1,1785537254
2026-07-31T22:48:45Z,739,18,0,8,1,0,1,1,1,1785536963
2026-07-31T22:48:45Z,741,6,0,17,0,0,1,1,1,1785537008
2026-07-31T22:48:45Z,742,15,11,19,1,0,1,1,1,1785538096
2026-07-31T22:48:45Z,743,5,2,14,0,0,1,1,1,1785536885
2026-07-31T22:48:45Z,744,10,3,5,0,0,1,1,1,1785537981
2026-07-31T22:48:45Z,745,10,4,9,0,0,1,1,1,1785537404
2026-07-31T22:48:45Z,746,8,0,15,0,0,1,1,1,1785538037
2026-07-31T22:48:45Z,747,0,0,4,0,0,0,1,1,1783446606
2026-07-31T22:48:45Z,748,8,0,15,0,0,1,1,1,1785536451
2026-07-31T22:48:45Z,749,8,0,15,0,0,1,1,1,1785538041
2026-07-31T22:48:45Z,750,9,6,1,1,0,1,1,1,1785537915
2026-07-31T22:48:45Z,751,12,12,10,1,0,1,1,1,1785537978
2026-07-31T22:48:45Z,752,0,0,16,1,0,1,1,1,1785538107
2026-07-31T22:48:45Z,753,6,0,8,1,0,1,1,1,1785538029
2026-07-31T22:48:45Z,754,4,1,11,0,0,1,1,1,1785537840
2026-07-31T22:48:45Z,755,15,4,7,1,0,1,1,1,1785538077
2026-07-31T22:48:45Z,756,3,3,33,1,0,1,1,1,1785537909
2026-07-31T22:48:45Z,757,5,1,14,0,0,1,1,1,1785537576
2026-07-31T22:48:45Z,758,4,3,19,0,0,1,1,1,1785537874
2026-07-31T22:48:45Z,759,0,0,0,0,0,1,1,1,86400
2026-07-31T22:48:45Z,760,9,2,10,0,0,1,1,1,1785531870
2026-07-31T22:48:45Z,761,3,1,20,0,0,1,1,1,1785537519
2026-07-31T22:48:45Z,762,4,2,6,5,0,1,1,1,1785536702
2026-07-31T22:48:45Z,768,7,0,8,4,0,1,1,1,1785537694
2026-07-31T22:48:45Z,769,16,8,0,3,0,1,1,1,1785537821
2026-07-31T22:48:45Z,770,9,2,8,2,0,1,1,1,1785537254
2026-07-31T22:48:45Z,771,12,1,2,1,0,1,1,1,1785536656
2026-07-31T22:48:45Z,772,0,0,15,0,0,1,1,1,1785537924
2026-07-31T22:48:45Z,773,18,3,1,0,0,1,1,1,1785537923
2026-07-31T22:48:45Z,774,5,1,6,4,0,1,1,1,1785536972
2026-07-31T22:48:45Z,775,3,1,13,2,1,1,1,1,1785537870
2026-07-31T22:48:45Z,776,2,0,18,1,0,1,1,1,1785537478
2026-07-31T22:48:45Z,777,11,2,4,0,0,1,1,1,1785536806
2026-07-31T22:48:45Z,778,13,0,6,0,0,1,1,1,1785537104
2026-07-31T22:48:45Z,779,6,0,12,1,0,1,1,1,1785536367
2026-07-31T22:48:45Z,780,5,2,14,0,0,1,1,1,1785538013
2026-07-31T22:48:45Z,781,3,1,6,2,0,1,1,1,1785537785
2026-07-31T22:48:45Z,782,0,0,15,4,0,1,1,1,1785536897
2026-07-31T22:48:45Z,783,7,3,12,0,0,1,1,1,1785537942
2026-07-31T22:48:45Z,784,9,2,10,0,0,1,1,1,1785537559
2026-07-31T22:48:45Z,785,9,2,4,6,0,1,1,1,1785536410
2026-07-31T22:48:45Z,786,9,5,10,0,0,1,1,1,1785538103
2026-07-31T22:48:45Z,787,4,3,10,1,0,1,1,1,1785537390
2026-07-31T22:48:45Z,788,7,1,8,0,0,1,1,1,1785537617
2026-07-31T22:48:45Z,789,7,2,4,4,0,1,1,1,1785537785
2026-07-31T22:48:45Z,790,4,1,16,3,0,1,1,1,1785538086
2026-07-31T22:48:45Z,791,6,0,12,0,1,1,1,1,1785537806
2026-07-31T22:48:45Z,793,4,0,10,1,0,1,1,1,1785536933
2026-07-31T22:48:45Z,794,2,1,25,2,0,1,1,1,1785537847
2026-07-31T22:48:45Z,796,5,3,13,1,0,1,1,1,1785537966
2026-07-31T22:48:45Z,797,5,1,10,0,0,1,1,1,1785537166
2026-07-31T22:48:45Z,798,17,1,7,1,0,1,1,1,1785538036
2026-07-31T22:48:45Z,799,15,2,0,4,0,1,1,1,1785536794
2026-07-31T22:48:45Z,800,1,1,19,1,0,1,1,1,1785537036
2026-07-31T22:48:45Z,801,2,1,18,1,0,1,1,1,1785537866
2026-07-31T22:48:45Z,802,7,0,24,0,0,1,1,1,1785537075
2026-07-31T22:48:45Z,803,4,0,11,0,0,1,1,1,1785537931
2026-07-31T22:48:45Z,806,3,3,11,1,0,1,1,1,1785537704
2026-07-31T22:48:45Z,807,8,4,14,3,0,1,1,1,1785537315
2026-07-31T22:48:45Z,808,12,0,10,3,0,1,1,1,1785537562
2026-07-31T22:48:45Z,809,4,1,18,1,0,1,1,1,1785536839
2026-07-31T22:48:45Z,810,3,1,14,2,0,1,1,1,1785537204
2026-07-31T22:48:45Z,815,5,2,5,4,1,1,1,1,1785537200
2026-07-31T22:48:45Z,817,10,6,5,0,0,1,1,1,1785537934
2026-07-31T22:48:45Z,818,5,1,17,1,0,1,1,1,1785537473
2026-07-31T22:48:45Z,819,5,3,10,0,0,1,1,1,1785537833
2026-07-31T22:48:45Z,820,11,1,6,0,0,1,1,1,1785537853
2026-07-31T22:48:45Z,821,4,3,11,0,0,1,1,1,1785536905
2026-07-31T22:48:45Z,822,7,0,15,1,0,1,1,1,1785537740
2026-07-31T22:48:45Z,823,14,0,0,1,0,1,1,1,1785537843
2026-07-31T22:48:45Z,824,18,9,1,0,0,1,1,1,1785537709
2026-07-31T22:48:45Z,825,6,5,8,1,0,1,1,1,1785538021
2026-07-31T22:48:45Z,826,7,0,10,2,0,1,1,1,1785537805
2026-07-31T22:48:45Z,827,16,4,3,2,0,1,1,1,1785537356
2026-07-31T22:48:45Z,828,11,0,5,2,0,1,1,1,1785537182
2026-07-31T22:48:45Z,829,18,7,9,0,0,1,1,1,1785536306
2026-07-31T22:48:45Z,830,18,0,4,1,0,1,1,1,1785537903
2026-07-31T22:48:45Z,831,5,3,8,2,0,1,1,1,1785537730
2026-07-31T22:48:45Z,832,7,3,8,3,0,1,1,1,1785537970
2026-07-31T22:48:45Z,833,5,1,13,1,0,1,1,1,1785538084
2026-07-31T22:48:45Z,834,6,0,17,1,0,1,1,1,1785538102
2026-07-31T22:48:45Z,835,4,3,12,2,0,1,1,1,1785537818
2026-07-31T22:48:45Z,838,7,3,7,1,0,1,1,1,1785537753
2026-07-31T22:48:45Z,839,9,0,18,2,0,1,1,1,1785538078
2026-07-31T22:48:45Z,840,2,0,26,1,0,1,1,1,1785537795
2026-07-31T22:48:45Z,841,8,2,7,0,0,1,1,1,1785536322
2026-07-31T22:48:45Z,842,1,0,22,0,0,1,1,1,1785538078
2026-07-31T22:48:45Z,843,16,2,15,0,0,1,1,1,1785537169
2026-07-31T22:48:45Z,844,4,0,19,0,0,1,1,1,1785536539
2026-07-31T22:48:45Z,845,5,3,12,2,0,1,1,1,1785536604
2026-07-31T22:48:45Z,846,4,2,14,1,0,1,1,1,1785537558
2026-07-31T22:48:45Z,847,7,1,20,0,0,1,1,1,1785537475
2026-07-31T22:48:45Z,848,3,3,15,1,0,1,1,1,1785536822
2026-07-31T22:48:45Z,849,7,0,7,1,0,1,1,1,1785537364
2026-07-31T22:48:45Z,850,7,0,4,0,0,1,1,1,1785537988
2026-07-31T22:48:45Z,851,3,2,31,3,0,1,1,1,1785537724
2026-07-31T22:48:45Z,852,10,4,9,0,0,1,1,1,1785538093
2026-07-31T22:48:45Z,853,11,5,12,0,0,1,1,1,1785537268
2026-07-31T22:48:45Z,854,0,0,15,0,0,1,1,1,1785537211
2026-07-31T22:48:45Z,855,23,0,4,0,0,1,1,1,1785536652
2026-07-31T22:48:45Z,857,8,6,9,2,0,1,1,1,1785537014
2026-07-31T22:48:45Z,858,5,2,13,1,0,1,1,1,1785537012
2026-07-31T22:48:45Z,859,8,0,12,1,0,1,1,1,1785537189
2026-07-31T22:48:45Z,861,6,0,4,1,0,1,1,1,1785528609
2026-07-31T22:48:45Z,862,3,2,12,0,0,1,1,1,1785536760
2026-07-31T22:48:45Z,863,14,1,4,1,0,1,1,1,1785534680
2026-07-31T22:48:45Z,866,13,1,6,0,0,1,1,1,1785536758
2026-07-31T22:48:45Z,867,14,2,1,0,0,1,1,1,1785537782
2026-07-31T22:48:45Z,868,7,0,8,0,0,1,1,1,1785538039
2026-07-31T22:48:45Z,870,7,4,8,0,0,1,1,1,1785536839
2026-07-31T22:48:45Z,871,0,0,10,1,0,1,1,1,1785537585
2026-07-31T22:48:45Z,872,1,0,13,1,0,1,1,1,1785536362
2026-07-31T22:48:45Z,873,3,0,27,3,0,1,1,1,1785537715
2026-07-31T22:48:45Z,874,7,3,5,3,0,1,1,1,1785537946
2026-07-31T22:48:45Z,875,13,9,1,1,0,1,1,1,1785537487
2026-07-31T22:48:45Z,877,12,11,6,1,0,1,1,1,1785537877
2026-07-31T22:48:45Z,878,3,3,16,0,0,1,1,1,1785536629
2026-07-31T22:48:45Z,879,1,0,18,0,0,1,1,1,1785537479
2026-07-31T22:48:45Z,880,1,0,21,1,0,1,1,1,1785537484
2026-07-31T22:48:45Z,881,3,0,16,0,0,1,1,1,1785536494
2026-07-31T22:48:45Z,882,9,3,9,1,0,1,1,1,1785534469
2026-07-31T22:48:45Z,883,7,3,12,0,0,1,1,1,1785536679
2026-07-31T22:48:45Z,884,11,7,10,0,0,1,1,1,1785537901
2026-07-31T22:48:45Z,885,0,0,19,0,0,1,1,1,1785538108
2026-07-31T22:48:45Z,886,3,0,24,2,0,1,1,1,1785537800
2026-07-31T22:48:45Z,887,5,0,8,4,0,1,1,1,1785537756
2026-07-31T22:48:45Z,888,12,0,26,3,0,1,1,1,1785538078
2026-07-31T22:48:45Z,889,7,0,10,2,0,1,1,1,1785536964
2026-07-31T22:48:45Z,890,7,4,8,0,0,1,1,1,1785537599
2026-07-31T22:48:45Z,891,17,1,5,1,0,1,1,1,1785538029
2026-07-31T22:48:45Z,892,10,0,5,0,0,1,1,1,1785536903
2026-07-31T22:48:45Z,895,2,0,17,0,0,1,1,1,1785536824
2026-07-31T22:48:45Z,896,7,2,28,0,0,1,1,1,1785534764
2026-07-31T22:48:45Z,897,15,0,6,0,0,1,1,1,1785536530
2026-07-31T22:48:45Z,898,2,0,17,0,0,1,1,1,1785538019
2026-07-31T22:48:45Z,899,8,0,10,1,0,1,1,1,1785537923
2026-07-31T22:48:45Z,900,7,0,19,1,0,1,1,1,1785538111
2026-07-31T22:48:45Z,901,4,0,14,1,0,1,1,1,1785536985
2026-07-31T22:48:45Z,902,5,1,10,0,0,1,1,1,1785537918
2026-07-31T22:48:45Z,903,7,2,11,1,0,1,1,1,1785537515
2026-07-31T22:48:45Z,904,9,4,9,1,0,1,1,1,1785537511
2026-07-31T22:48:45Z,905,14,3,13,0,0,1,1,1,1785537821
2026-07-31T22:48:45Z,906,12,8,15,0,0,1,1,1,1785537565
2026-07-31T22:48:45Z,907,6,1,24,1,0,1,1,1,1785538104
2026-07-31T22:48:45Z,908,12,2,11,0,0,1,1,1,1785536626
2026-07-31T22:48:45Z,909,5,5,18,0,0,1,1,1,1785538044
2026-07-31T22:48:45Z,910,24,2,5,2,0,1,1,1,1785538062
2026-07-31T22:48:45Z,911,4,1,15,0,0,1,1,1,1785537951
2026-07-31T22:48:45Z,912,2,1,20,1,0,1,1,1,1785538110
2026-07-31T22:48:45Z,913,5,3,14,0,0,1,1,1,1785537136
2026-07-31T22:48:45Z,914,11,1,6,2,0,1,1,1,1785538051
2026-07-31T22:48:45Z,915,13,4,7,3,0,1,1,1,1785537915
2026-07-31T22:48:45Z,916,3,0,20,0,0,1,1,1,1785537945
2026-07-31T22:48:45Z,917,5,0,29,1,0,1,1,1,1785537864
2026-07-31T22:48:45Z,918,0,0,15,4,0,1,1,1,1785537769
2026-07-31T22:48:45Z,919,7,0,32,0,0,1,1,1,1785537999
2026-07-31T22:48:45Z,920,7,2,12,0,0,1,1,1,1785536913
2026-07-31T22:48:45Z,921,12,0,9,0,0,1,1,1,1785537541
2026-07-31T22:48:45Z,922,0,0,21,0,0,1,1,1,1785537162
2026-07-31T22:48:45Z,923,2,1,17,0,0,1,1,1,1785538076
2026-07-31T22:48:45Z,924,6,1,14,1,0,1,1,1,1785537312
2026-07-31T22:48:45Z,925,11,0,10,0,0,1,1,1,1785536822
2026-07-31T22:48:45Z,926,2,0,19,0,0,1,1,1,1785536893
2026-07-31T22:48:45Z,927,19,2,16,0,0,1,1,1,1785538019
2026-07-31T22:48:45Z,928,0,0,19,0,0,0,1,1,1785500252
2026-07-31T22:48:45Z,929,11,2,12,0,0,1,1,1,1785538043
2026-07-31T22:48:45Z,930,14,0,16,1,0,1,1,1,1785538107
2026-07-31T22:48:45Z,931,4,4,18,1,0,1,1,1,1785537771
2026-07-31T22:48:45Z,932,10,0,7,2,0,1,1,1,1785538104
2026-07-31T22:48:45Z,933,7,2,13,3,0,1,1,1,1785537950
2026-07-31T22:48:45Z,934,27,0,3,1,0,1,1,1,1785537977
2026-07-31T22:48:45Z,935,13,0,5,1,0,1,1,1,1785537706
2026-07-31T22:48:45Z,936,8,1,11,0,0,1,1,1,1785538014
2026-07-31T22:48:45Z,940,5,0,5,1,0,1,1,1,1785537640
2026-07-31T22:48:45Z,941,17,2,5,3,0,1,1,1,1785537043
2026-07-31T22:48:45Z,942,13,2,8,0,0,1,1,1,1785537998
2026-07-31T22:48:45Z,943,8,8,7,0,0,1,1,1,1785536440
2026-07-31T22:48:45Z,944,10,8,5,0,0,1,1,1,1785538106
2026-07-31T22:48:45Z,945,7,5,8,0,0,1,1,1,1785537629
2026-07-31T22:48:45Z,946,7,5,12,0,0,1,1,1,1785523835
2026-07-31T22:48:45Z,947,5,3,12,0,0,1,1,1,1785536314
2026-07-31T22:48:45Z,948,17,14,10,4,0,1,1,1,1785538089
2026-07-31T22:48:45Z,949,2,0,13,0,0,1,1,1,1785538113
2026-07-31T22:48:45Z,950,1,1,15,1,0,1,1,1,1785538029
2026-07-31T22:48:45Z,951,15,5,8,0,0,1,1,1,1785538003
2026-07-31T22:48:45Z,952,21,2,33,1,0,1,1,1,1785538106
2026-07-31T22:48:45Z,953,6,1,8,1,0,1,1,1,1785537807
2026-07-31T22:48:45Z,954,7,1,12,0,0,1,1,1,1785537944
2026-07-31T22:48:45Z,955,14,8,7,6,0,1,1,1,1785537746
2026-07-31T22:48:45Z,956,14,0,7,2,0,1,1,1,1785537999
2026-07-31T22:48:45Z,957,22,2,7,0,0,1,1,1,1785537806
2026-07-31T22:48:45Z,958,23,2,8,0,0,1,1,1,1785538107
2026-07-31T22:48:45Z,959,6,0,16,1,0,1,1,1,1785538083
2026-07-31T22:48:45Z,960,7,2,16,0,0,1,1,1,1785537806
2026-07-31T22:48:45Z,961,3,1,17,3,0,1,1,1,1785537882
2026-07-31T22:48:45Z,962,8,0,24,3,0,1,1,1,1785537700
2026-07-31T22:48:45Z,963,15,0,7,1,0,1,1,1,1785537927
2026-07-31T22:48:45Z,964,16,10,6,1,0,1,1,1,1785537999
2026-07-31T22:48:45Z,965,13,6,13,1,0,1,1,1,1785537297
2026-07-31T22:48:45Z,966,12,0,18,1,0,1,1,1,1785538083
2026-07-31T22:48:45Z,967,0,0,20,1,0,1,1,1,1785538027
2026-07-31T22:48:45Z,968,13,0,5,1,0,1,1,1,1785537565
2026-07-31T22:48:45Z,969,3,1,22,2,0,1,1,1,1785538080
2026-07-31T22:48:45Z,970,2,1,16,1,0,1,1,1,1785537861
2026-07-31T22:48:45Z,971,1,0,21,1,0,1,1,1,1785537599
2026-07-31T22:48:45Z,972,11,4,12,0,0,1,1,1,1785538105
2026-07-31T22:48:45Z,973,6,0,16,1,0,1,1,1,1785537714
2026-07-31T22:48:45Z,974,11,0,15,1,0,1,1,1,1785538044
2026-07-31T22:48:45Z,977,0,0,19,2,0,1,1,1,1785536568
2026-07-31T22:48:45Z,978,18,0,5,0,0,1,1,1,1785537792
2026-07-31T22:48:45Z,979,1,0,16,0,0,1,1,1,1785537460
2026-07-31T22:48:45Z,980,4,1,16,1,0,1,1,1,1785538106
2026-07-31T22:48:45Z,981,8,0,13,0,0,1,1,1,1785538066
2026-07-31T22:48:45Z,982,3,0,14,2,0,1,1,1,1785536371
2026-07-31T22:48:45Z,983,2,2,21,0,0,1,1,1,1785536841
2026-07-31T22:48:45Z,984,5,0,18,0,0,1,1,1,1785538014
2026-07-31T22:48:45Z,985,8,0,22,1,0,1,1,1,1785538084
2026-07-31T22:48:45Z,986,4,0,15,0,0,1,1,1,1785536372
2026-07-31T22:48:45Z,987,6,0,17,0,0,1,1,1,1785537550
2026-07-31T22:48:45Z,988,4,2,14,1,0,1,1,1,1785537679
2026-07-31T22:48:45Z,989,7,4,12,0,0,1,1,1,1785537342
2026-07-31T22:48:45Z,990,12,0,2,1,0,1,1,1,1785537038
2026-07-31T22:48:45Z,991,9,0,9,1,0,1,1,1,1785538103
2026-07-31T22:48:45Z,992,9,5,14,0,0,1,1,1,1785537171
2026-07-31T22:48:45Z,993,5,4,21,1,0,1,1,1,1785537936
2026-07-31T22:48:45Z,994,0,0,21,0,0,1,1,1,1785537420
2026-07-31T22:48:45Z,995,7,1,20,0,0,1,1,1,1785536630
2026-07-31T22:48:45Z,996,7,2,16,0,0,1,1,1,1785536457
2026-07-31T22:48:45Z,997,14,8,8,1,0,1,1,1,1785538109
2026-07-31T22:48:45Z,998,5,4,18,0,0,1,1,1,1785536715
2026-07-31T22:48:45Z,999,4,1,15,1,1,1,1,1,1785536572
2026-07-31T22:48:45Z,1000,0,0,21,0,0,1,1,1,1785537255
2026-07-31T22:48:45Z,1001,5,3,22,0,0,1,1,1,1785536790
2026-07-31T22:48:45Z,1002,3,2,27,1,0,1,1,1,1785536820
2026-07-31T22:48:45Z,1003,1,0,22,0,0,1,1,1,1785537972
2026-07-31T22:48:45Z,1004,8,2,15,0,0,1,1,1,1785537659
2026-07-31T22:48:45Z,1005,20,1,3,0,0,1,1,1,1785536542
2026-07-31T22:48:45Z,1006,8,4,11,0,0,1,1,1,1785536344
2026-07-31T22:48:45Z,1007,2,1,19,0,0,1,1,1,1785537805
2026-07-31T22:48:45Z,1008,7,6,16,0,0,1,1,1,1785537347
2026-07-31T22:48:45Z,1009,22,5,8,1,0,1,1,1,1785537443
2026-07-31T22:48:45Z,1010,7,2,20,0,0,1,1,1,1785538078
2026-07-31T22:48:45Z,1011,7,2,10,2,0,1,1,1,1785536717
2026-07-31T22:48:45Z,1012,5,3,16,2,0,1,1,1,1785536314
2026-07-31T22:48:45Z,1013,4,1,18,1,0,1,1,1,1785536870
2026-07-31T22:48:45Z,1014,9,4,14,0,0,1,1,1,1785536840
2026-07-31T22:48:45Z,1015,4,3,26,1,0,1,1,1,1785537198
2026-07-31T22:48:45Z,1016,10,5,21,0,0,1,1,1,1785538095
2026-07-31T22:48:45Z,1017,13,5,8,0,0,1,1,1,1785537521
2026-07-31T22:48:45Z,1018,6,2,16,0,0,1,1,1,1785536393
2026-07-31T22:48:45Z,1019,8,5,7,0,0,1,1,1,1785538065
2026-07-31T22:48:45Z,1020,19,5,2,0,0,1,1,1,1785537387
2026-07-31T22:48:45Z,1021,9,4,6,0,0,1,1,1,1785537053
2026-07-31T22:48:45Z,1022,14,0,13,0,0,1,1,1,1785536529
2026-07-31T22:48:45Z,1023,14,2,9,0,0,1,1,1,1785537965
2026-07-31T22:48:45Z,1024,3,1,16,0,0,1,1,1,1785537107
2026-07-31T22:48:45Z,1025,4,0,14,0,1,1,1,1,1785537599
2026-07-31T22:48:45Z,1026,11,9,19,1,0,1,1,1,1785537708
2026-07-31T22:48:45Z,1028,3,1,20,0,0,1,1,1,1785536487
2026-07-31T22:48:45Z,1029,11,9,4,0,0,1,1,1,1785537362
2026-07-31T22:48:45Z,1030,13,4,10,0,0,1,1,1,1785537184
2026-07-31T22:48:45Z,1031,9,1,10,0,0,1,1,1,1785537485
2026-07-31T22:48:45Z,1032,7,1,12,0,0,1,1,1,1785536341
2026-07-31T22:48:45Z,1033,9,5,10,0,0,1,1,1,1785537166
2026-07-31T22:48:45Z,1034,3,0,12,0,0,1,1,1,1785536319
2026-07-31T22:48:45Z,1035,0,0,18,1,0,1,1,1,1785537867
2026-07-31T22:48:45Z,1036,13,0,2,0,0,1,1,1,1785536899
2026-07-31T22:48:45Z,1037,0,0,18,1,0,1,1,1,1785536864
2026-07-31T22:48:45Z,1038,1,0,14,0,0,1,1,1,1785537821
2026-07-31T22:48:45Z,1039,7,0,12,0,0,1,1,1,1785537324
2026-07-31T22:48:45Z,1040,8,5,11,0,0,1,1,1,1785536396
2026-07-31T22:48:45Z,1041,10,2,9,0,0,1,1,1,1785538077
2026-07-31T22:48:45Z,1042,3,0,11,1,0,1,1,1,1785538095
2026-07-31T22:48:45Z,1043,8,5,10,1,0,1,1,1,1785537720
2026-07-31T22:48:45Z,1044,1,0,14,0,0,1,1,1,1785537877
2026-07-31T22:48:45Z,1045,10,0,9,0,0,1,1,1,1785536327
2026-07-31T22:48:45Z,1046,9,0,6,0,0,1,1,1,1785537509
2026-07-31T22:48:45Z,1047,4,0,17,0,0,1,1,1,1785537114
2026-07-31T22:48:45Z,1048,2,0,17,0,0,1,1,1,1785537053
2026-07-31T22:48:45Z,1049,2,1,19,0,0,1,1,1,1785537724
2026-07-31T22:48:45Z,1050,20,5,1,0,0,1,1,1,1785537514
2026-07-31T22:48:45Z,1051,9,4,12,0,0,1,1,1,1785537382
2026-07-31T22:48:45Z,1052,17,1,4,1,0,1,1,1,1785538020
2026-07-31T22:48:45Z,1053,2,1,13,0,0,1,1,1,1785538015
2026-07-31T22:48:45Z,1054,7,2,8,0,0,1,1,1,1785536449
2026-07-31T22:48:45Z,1055,10,1,9,0,0,1,1,1,1785536538
2026-07-31T22:48:45Z,1057,0,0,19,0,0,1,1,1,1785537936
2026-07-31T22:48:45Z,1058,0,0,56,0,0,1,1,1,1785537771
2026-07-31T22:48:45Z,1059,4,2,14,1,0,1,1,1,1785536692
2026-07-31T22:48:45Z,1060,19,1,17,1,0,1,1,1,1785537455
2026-07-31T22:48:45Z,1061,14,0,23,0,0,1,1,1,1785536699
2026-07-31T22:48:45Z,1062,11,0,6,0,0,1,1,1,1785537912
2026-07-31T22:48:45Z,1063,12,1,6,1,0,1,1,1,1785536384
2026-07-31T22:48:45Z,1064,5,0,17,1,0,1,1,1,1785536850
2026-07-31T22:48:45Z,1065,14,3,9,0,0,1,1,1,1785537003
2026-07-31T22:48:45Z,1066,12,3,11,0,0,1,1,1,1785537355
2026-07-31T22:48:45Z,1067,7,1,14,2,0,1,1,1,1785537097
2026-07-31T22:48:45Z,1068,6,2,14,3,0,1,1,1,1785537648
2026-07-31T22:48:45Z,1069,12,3,11,0,0,1,1,1,1785536635
2026-07-31T22:48:45Z,1070,12,2,11,0,0,1,1,1,1785537334
2026-07-31T22:48:45Z,1071,8,4,15,0,0,1,1,1,1785536775
2026-07-31T22:48:45Z,1072,11,1,11,1,0,1,1,1,1785537097
2026-07-31T22:48:45Z,1073,12,0,14,1,0,1,1,1,1785537931
2026-07-31T22:48:45Z,1074,32,0,20,1,0,1,1,1,1785538112
2026-07-31T22:48:45Z,1075,8,8,13,0,0,1,1,1,1785537486
2026-07-31T22:48:45Z,1076,13,10,8,0,0,1,1,1,1785537407
2026-07-31T22:48:45Z,1077,12,7,9,0,0,1,1,1,1785537050
2026-07-31T22:48:45Z,1078,8,7,13,0,0,1,1,1,1785537911
2026-07-31T22:48:45Z,1079,14,10,7,0,0,1,1,1,1785538063
2026-07-31T22:48:45Z,1080,12,9,7,2,0,1,1,1,1785537991
2026-07-31T22:48:45Z,1081,13,8,6,0,0,1,1,1,1785537947
2026-07-31T22:48:45Z,1082,11,11,12,0,0,1,1,1,1785538065
2026-07-31T22:48:45Z,1083,12,11,9,0,0,1,1,1,1785536516
2026-07-31T22:48:45Z,1084,9,7,12,0,0,1,1,1,1785537948
2026-07-31T22:48:45Z,1085,12,9,9,0,0,1,1,1,1785537667
2026-07-31T22:48:45Z,1086,11,9,9,1,0,1,1,1,1785536540
2026-07-31T22:48:45Z,1087,8,7,7,0,0,1,1,1,1785537420
2026-07-31T22:48:45Z,1088,10,7,5,0,0,1,1,1,1785536384
2026-07-31T22:48:45Z,1089,9,7,6,0,0,1,1,1,1785537893
2026-07-31T22:48:45Z,1090,6,5,9,0,0,1,1,1,1785537132
2026-07-31T22:48:45Z,1091,7,5,8,0,0,1,1,1,1785537332
2026-07-31T22:48:45Z,1092,9,8,5,1,0,1,1,1,1785536715
2026-07-31T22:48:45Z,1093,5,5,9,1,0,1,1,1,1785537397
2026-07-31T22:48:45Z,1094,10,9,9,0,0,1,1,1,1785536335
2026-07-31T22:48:45Z,1095,10,8,5,0,0,1,1,1,1785536309
2026-07-31T22:48:45Z,1096,12,9,7,0,0,1,1,1,1785538053
2026-07-31T22:48:45Z,1097,8,8,7,0,0,1,1,1,1785536900
2026-07-31T22:48:45Z,1098,9,7,10,0,0,1,1,1,1785537758
2026-07-31T22:48:45Z,1099,7,6,8,0,0,1,1,1,1785537986
2026-07-31T22:48:45Z,1100,6,4,23,0,0,1,1,1,1785532207
2026-07-31T22:48:45Z,1101,10,5,11,0,0,1,1,1,1785537915
2026-07-31T22:48:45Z,1102,9,4,4,0,0,1,1,1,1785537107
2026-07-31T22:48:45Z,1103,11,5,10,0,0,1,1,1,1785503681
2026-07-31T22:48:45Z,1104,11,6,10,0,0,1,1,1,1785537666
2026-07-31T22:48:45Z,1105,8,4,5,0,0,1,1,1,1785537500
2026-07-31T22:48:45Z,1106,10,5,11,0,0,1,1,1,1785538007
2026-07-31T22:48:45Z,1107,9,5,6,0,0,1,1,1,1785536430
2026-07-31T22:48:45Z,1108,9,5,15,2,1,1,1,1,1785537040
2026-07-31T22:48:45Z,1109,7,3,8,0,0,1,1,1,1785536371
2026-07-31T22:48:45Z,1110,11,3,10,0,0,1,1,1,1785537530
2026-07-31T22:48:45Z,1111,9,3,11,1,0,1,1,1,1785537736
2026-07-31T22:48:45Z,1112,25,1,28,0,0,1,1,1,1785537969
2026-07-31T22:48:45Z,1113,0,0,21,0,0,1,1,1,1785537442
2026-07-31T22:48:45Z,1115,14,1,5,4,0,1,1,1,1785536917
2026-07-31T22:48:45Z,1116,2,0,17,0,0,1,1,1,1785536361
2026-07-31T22:48:45Z,1117,6,1,16,1,0,1,1,1,1785537993
2026-07-31T22:48:45Z,1118,15,0,6,0,0,1,1,1,1785537982
2026-07-31T22:48:45Z,1119,6,1,11,0,0,1,1,1,1785537352
2026-07-31T22:48:45Z,1120,7,1,11,1,0,1,1,1,1785537713
2026-07-31T22:48:45Z,1121,9,0,11,1,0,1,1,1,1785538090
2026-07-31T22:48:45Z,1122,3,2,17,1,0,1,1,1,1785537879
2026-07-31T22:48:45Z,1123,13,7,8,2,0,1,1,1,1785538109
2026-07-31T22:48:45Z,1124,9,2,5,1,0,1,1,1,1785537450
2026-07-31T22:48:45Z,1125,17,1,6,0,0,1,1,1,1785538038
2026-07-31T22:48:45Z,1126,4,1,17,0,0,1,1,1,1785537803
2026-07-31T22:48:45Z,1127,5,2,14,0,0,1,1,1,1785537983
2026-07-31T22:48:45Z,1128,1,1,14,0,0,1,1,1,1785537306
2026-07-31T22:48:45Z,1129,5,0,15,1,0,1,1,1,1785538112
2026-07-31T22:48:45Z,1130,12,0,3,0,0,1,1,1,1785537966
2026-07-31T22:48:45Z,1131,1,1,47,1,0,1,1,1,1785537450
2026-07-31T22:48:45Z,1132,11,4,9,1,0,1,1,1,1785537864
2026-07-31T22:48:45Z,1133,2,2,17,2,0,1,1,1,1785537995
2026-07-31T22:48:45Z,1134,12,6,7,0,0,1,1,1,1785536874
2026-07-31T22:48:45Z,1135,12,6,9,0,0,1,1,1,1785537813
2026-07-31T22:48:45Z,1136,14,1,9,0,0,1,1,1,1785538036
2026-07-31T22:48:45Z,1137,11,1,4,0,0,1,1,1,1785538057
2026-07-31T22:48:45Z,1138,4,0,15,0,0,1,1,1,1785538040
2026-07-31T22:48:45Z,1139,11,2,8,2,0,1,1,1,1785537158
2026-07-31T22:48:45Z,1140,0,0,21,2,0,1,1,1,1785538002
2026-07-31T22:48:45Z,1141,1,1,19,1,0,1,1,1,1785537959
2026-07-31T22:48:45Z,1142,5,0,16,0,0,1,1,1,1785537036
2026-07-31T22:48:45Z,1143,25,0,3,1,0,1,1,1,1785537944
2026-07-31T22:48:45Z,1144,8,0,12,1,0,1,1,1,1785537256
2026-07-31T22:48:45Z,1145,11,5,9,1,0,1,1,1,1785536772
2026-07-31T22:48:45Z,1146,13,4,4,2,0,1,1,1,1785538106
2026-07-31T22:48:45Z,1147,16,1,3,0,0,1,1,1,1785538096
2026-07-31T22:48:45Z,1148,3,0,28,0,0,1,1,1,1785538100
2026-07-31T22:48:45Z,1149,2,2,18,5,0,1,1,1,1785537906
2026-07-31T22:48:45Z,1150,1,0,18,0,0,1,1,1,1785538005
2026-07-31T22:48:45Z,1151,7,0,14,0,0,1,1,1,1785537023
2026-07-31T22:48:45Z,1152,1,0,28,0,0,1,1,1,1785537616
2026-07-31T22:48:45Z,1153,22,3,0,1,0,1,1,1,1785537986
2026-07-31T22:48:45Z,1154,4,0,15,0,0,1,1,1,1785537564
2026-07-31T22:48:45Z,1155,7,2,11,3,0,1,1,1,1785538076
2026-07-31T22:48:45Z,1158,3,1,16,0,0,1,1,1,1785538060
2026-07-31T22:48:45Z,1159,14,2,5,0,0,1,1,1,1785536608
2026-07-31T22:48:45Z,1160,7,2,12,0,0,1,1,1,1785536979
2026-07-31T22:48:45Z,1161,3,0,15,1,0,1,1,1,1785536743
2026-07-31T22:48:45Z,1162,4,0,15,0,0,1,1,1,1785537000
2026-07-31T22:48:45Z,1163,4,3,14,1,0,1,1,1,1785536569
2026-07-31T22:48:45Z,1164,5,1,14,0,0,1,1,1,1785536423
2026-07-31T22:48:45Z,1165,1,0,20,0,0,1,1,1,1785537169
2026-07-31T22:48:45Z,1166,13,3,7,1,0,1,1,1,1785536709
2026-07-31T22:48:45Z,1167,4,0,11,0,0,1,1,1,1785537905
2026-07-31T22:48:45Z,1168,3,0,18,2,0,1,1,1,1785536663
2026-07-31T22:48:45Z,1169,3,0,15,1,0,1,1,1,1785538085
2026-07-31T22:48:45Z,1170,6,1,15,0,0,1,1,1,1785538009
2026-07-31T22:48:45Z,1171,8,8,15,0,0,1,1,1,1785537013
2026-07-31T22:48:45Z,1172,5,0,8,2,0,1,1,1,1785536418
2026-07-31T22:48:45Z,1173,13,4,6,0,0,1,1,1,1785536527
2026-07-31T22:48:45Z,1174,3,0,12,0,0,1,1,1,1785538106
2026-07-31T22:48:45Z,1175,4,2,15,0,0,1,1,1,1785535612
2026-07-31T22:48:45Z,1176,8,2,13,0,0,1,1,1,1785537574
2026-07-31T22:48:45Z,1177,4,2,17,0,0,1,1,1,1785537505
2026-07-31T22:48:45Z,1178,5,2,10,0,0,1,1,1,1785537899
2026-07-31T22:48:45Z,1181,12,1,3,0,0,1,1,1,1785537887
2026-07-31T22:48:45Z,1182,15,3,4,1,0,1,1,1,1785537828
2026-07-31T22:48:45Z,1183,15,0,28,2,0,1,1,1,1785537776
2026-07-31T22:48:45Z,1184,3,3,15,3,0,1,1,1,1785537893
2026-07-31T22:48:45Z,1185,10,6,11,0,0,1,1,1,1785537642
2026-07-31T22:48:45Z,1186,9,5,10,0,0,1,1,1,1785536797
2026-07-31T22:48:45Z,1187,10,5,10,1,0,1,1,1,1785537023
2026-07-31T22:48:45Z,1188,10,5,5,0,0,1,1,1,1785536427
2026-07-31T22:48:45Z,1189,8,3,11,0,0,1,1,1,1785536560
2026-07-31T22:48:45Z,1190,9,4,12,0,0,1,1,1,1785537795
2026-07-31T22:48:45Z,1191,10,5,5,0,0,1,1,1,1785536431
2026-07-31T22:48:45Z,1192,11,7,9,1,0,1,1,1,1785536344
2026-07-31T22:48:45Z,1193,6,4,5,2,0,1,1,1,1785537201
2026-07-31T22:48:45Z,1197,9,6,7,1,0,1,1,1,1785537334
2026-07-31T22:48:45Z,1198,13,4,6,2,0,1,1,1,1785536868
2026-07-31T22:48:45Z,1199,3,0,16,0,0,1,1,1,1785536869
2026-07-31T22:48:45Z,1200,9,5,6,0,0,1,1,1,1785536471
2026-07-31T22:48:45Z,1201,9,4,6,0,0,1,1,1,1785536442
2026-07-31T22:48:45Z,1202,10,5,5,0,0,1,1,1,1785536542
2026-07-31T22:48:45Z,1203,11,5,4,0,0,1,1,1,1785536450
2026-07-31T22:48:45Z,1204,7,4,12,0,0,1,1,1,1785538043
2026-07-31T22:48:45Z,1206,11,5,10,0,0,1,1,1,1785537286
2026-07-31T22:48:45Z,1207,8,4,6,1,0,1,1,1,1785536759
2026-07-31T22:48:45Z,1208,10,4,9,0,0,1,1,1,1785536709
2026-07-31T22:48:45Z,1216,9,0,11,1,0,1,1,1,1785538093
2026-07-31T22:48:45Z,1218,4,0,17,0,0,1,1,1,1785537899
2026-07-31T22:48:45Z,1219,2,1,10,3,0,1,1,1,1785536357
2026-07-31T22:48:45Z,1220,17,6,2,0,0,1,1,1,1785537542
2026-07-31T22:48:45Z,1221,1,1,19,1,0,1,1,1,1785537252
2026-07-31T22:48:45Z,1222,17,1,12,0,0,1,1,1,1785538065
2026-07-31T22:48:45Z,1223,25,0,3,1,0,1,1,1,1785537780
2026-07-31T22:48:45Z,1226,0,0,3,0,0,0,1,1,1781868931
2026-07-31T22:48:45Z,1227,9,0,15,1,0,1,1,1,1785537893
2026-07-31T22:48:45Z,1228,0,0,28,1,0,1,1,1,1785537564
2026-07-31T22:48:45Z,1229,41,0,3,1,0,1,1,1,1785537963
2026-07-31T22:53:45Z,1,7,0,16,0,0,1,1,1,1785538408
2026-07-31T22:53:45Z,2,11,0,13,3,0,1,1,1,1785538255
2026-07-31T22:53:45Z,3,7,1,6,1,0,1,1,1,1785538398
2026-07-31T22:53:45Z,4,19,0,2,1,0,1,1,1,1785536872
2026-07-31T22:53:45Z,5,18,3,2,3,0,1,1,1,1785538393
2026-07-31T22:53:45Z,6,2,0,13,0,0,1,1,1,1785538414
2026-07-31T22:53:45Z,7,11,0,28,0,0,1,1,1,1785537672
2026-07-31T22:53:45Z,8,14,0,29,0,0,1,1,1,1785537446
2026-07-31T22:53:45Z,9,14,0,9,0,0,1,1,1,1785538343
2026-07-31T22:53:45Z,10,4,2,16,3,0,1,1,1,1785538156
2026-07-31T22:53:45Z,11,6,2,11,2,0,1,1,1,1785538283
2026-07-31T22:53:45Z,12,20,0,3,0,0,1,1,1,1785538404
2026-07-31T22:53:45Z,13,23,2,6,1,0,1,1,1,1785538293
2026-07-31T22:53:45Z,14,16,1,26,0,1,1,1,1,1785538335
2026-07-31T22:53:45Z,15,15,0,0,0,0,1,1,1,1785536042
2026-07-31T22:53:45Z,16,2,0,22,2,1,1,1,1,1785538296
2026-07-31T22:53:45Z,17,23,0,3,1,0,1,1,1,1785538354
2026-07-31T22:53:45Z,18,10,0,5,3,0,1,1,1,1785538406
2026-07-31T22:53:45Z,19,9,2,17,1,0,1,1,1,1785538087
2026-07-31T22:53:45Z,20,11,1,23,1,0,1,1,1,1785538413
2026-07-31T22:53:45Z,21,9,0,7,3,0,1,1,1,1785538066
2026-07-31T22:53:45Z,22,14,0,48,3,0,1,1,1,1785538370
2026-07-31T22:53:45Z,23,7,7,24,0,0,1,1,1,1785538270
2026-07-31T22:53:45Z,24,3,0,7,1,0,1,1,1,1785538412
2026-07-31T22:53:45Z,25,76,0,3,2,0,1,1,1,1785538402
2026-07-31T22:53:45Z,26,22,0,5,0,0,1,1,1,1785538081
2026-07-31T22:53:45Z,28,7,0,8,0,0,1,1,1,1785538366
2026-07-31T22:53:45Z,30,17,0,10,2,0,1,1,1,1785538047
2026-07-31T22:53:45Z,31,11,0,6,2,0,1,1,1,1785538385
2026-07-31T22:53:45Z,32,4,0,23,0,0,1,1,1,1785538262
2026-07-31T22:53:45Z,34,13,0,24,0,0,1,1,1,1785537832
2026-07-31T22:53:45Z,35,19,1,27,1,0,1,1,1,1785538357
2026-07-31T22:53:45Z,36,0,0,0,0,0,0,1,1,86400
2026-07-31T22:53:45Z,37,19,4,4,0,0,1,1,1,1785538146
2026-07-31T22:53:45Z,38,2,1,21,0,0,1,1,1,1785538254
2026-07-31T22:53:45Z,39,11,4,28,0,0,1,1,1,1785538401
2026-07-31T22:53:45Z,40,5,0,16,0,0,1,1,1,1785538414
2026-07-31T22:53:45Z,41,17,1,26,0,0,1,1,1,1785538366
2026-07-31T22:53:45Z,42,7,4,24,0,0,1,1,1,1785538120
2026-07-31T22:53:45Z,43,10,1,13,0,0,1,1,1,1785538055
2026-07-31T22:53:45Z,45,4,0,25,0,0,1,1,1,1785538126
2026-07-31T22:53:45Z,46,4,2,26,1,0,1,1,1,1785538408
2026-07-31T22:53:45Z,47,7,0,7,1,0,1,1,1,1785537867
2026-07-31T22:53:45Z,48,21,0,6,0,0,1,1,1,1785538410
2026-07-31T22:53:45Z,49,0,0,19,4,0,1,1,1,1785538410
2026-07-31T22:53:45Z,50,1,0,15,3,0,1,1,1,1785538391
2026-07-31T22:53:45Z,51,30,0,47,0,0,1,1,1,1785537832
2026-07-31T22:53:45Z,52,6,0,18,3,0,1,1,1,1785538407
2026-07-31T22:53:45Z,55,2,0,21,0,0,1,1,1,1785538354
2026-07-31T22:53:45Z,56,7,2,36,0,0,1,1,1,1785538347
2026-07-31T22:53:45Z,57,21,0,6,0,0,1,1,1,1785538311
2026-07-31T22:53:45Z,58,0,0,28,0,0,1,1,1,1785537262
2026-07-31T22:53:45Z,59,8,0,17,2,0,1,1,1,1785538330
2026-07-31T22:53:45Z,61,28,0,11,0,0,1,1,1,1785537159
2026-07-31T22:53:45Z,62,12,9,37,0,0,1,1,1,1785538375
2026-07-31T22:53:45Z,63,14,4,4,1,0,1,1,1,1785538208
2026-07-31T22:53:45Z,64,10,1,5,4,0,1,1,1,1785535815
2026-07-31T22:53:45Z,65,12,4,6,1,0,1,1,1,1785536898
2026-07-31T22:53:45Z,67,12,0,27,0,0,1,1,1,1785538280
2026-07-31T22:53:45Z,68,33,0,3,1,0,1,1,1,1785538151
2026-07-31T22:53:45Z,69,5,0,10,0,0,1,1,1,1785537645
2026-07-31T22:53:45Z,71,9,0,15,3,0,1,1,1,1785538372
2026-07-31T22:53:45Z,72,24,4,4,2,1,1,1,1,1785538301
2026-07-31T22:53:45Z,73,4,1,27,0,0,1,1,1,1785538347
2026-07-31T22:53:45Z,74,1,0,18,0,0,1,1,1,1785537957
2026-07-31T22:53:45Z,75,5,0,26,1,0,1,1,1,1785538322
2026-07-31T22:53:45Z,76,4,1,13,2,0,1,1,1,1785538415
2026-07-31T22:53:45Z,77,17,0,8,2,0,1,1,1,1785538263
2026-07-31T22:53:45Z,78,1,1,22,0,0,1,1,1,1785538135
2026-07-31T22:53:45Z,79,0,0,16,1,0,1,1,1,1785538342
2026-07-31T22:53:45Z,80,14,1,6,3,0,1,1,1,1785538389
2026-07-31T22:53:45Z,81,9,2,21,1,0,1,1,1,1785538375
2026-07-31T22:53:45Z,82,14,11,8,1,0,1,1,1,1785538314
2026-07-31T22:53:45Z,83,6,4,27,1,0,1,1,1,1785538274
2026-07-31T22:53:45Z,84,11,3,16,0,0,1,1,1,1785538334
2026-07-31T22:53:45Z,85,6,1,9,0,0,1,1,1,1785538067
2026-07-31T22:53:45Z,86,5,3,22,0,0,1,1,1,1785538258
2026-07-31T22:53:45Z,87,0,0,19,0,0,1,1,1,1785533075
2026-07-31T22:53:45Z,88,22,0,20,1,0,1,1,1,1785538352
2026-07-31T22:53:45Z,89,15,0,20,0,0,1,1,1,1785537515
2026-07-31T22:53:45Z,90,11,0,6,1,0,1,1,1,1785538324
2026-07-31T22:53:45Z,91,2,1,15,0,0,1,1,1,1785538287
2026-07-31T22:53:45Z,92,3,2,13,3,0,1,1,1,1785538105
2026-07-31T22:53:45Z,93,7,0,15,1,0,1,1,1,1785538358
2026-07-31T22:53:45Z,94,8,0,10,1,0,1,1,1,1785538022
2026-07-31T22:53:45Z,95,0,0,33,1,1,1,1,1,1785538409
2026-07-31T22:53:45Z,96,24,4,6,1,0,1,1,1,1785537977
2026-07-31T22:53:45Z,97,3,1,13,1,0,1,1,1,1785538352
2026-07-31T22:53:45Z,98,23,3,10,2,0,1,1,1,1785538219
2026-07-31T22:53:45Z,99,15,1,0,0,0,1,1,1,1785538180
2026-07-31T22:53:45Z,100,19,3,8,0,0,1,1,1,1785538311
2026-07-31T22:53:45Z,101,7,1,7,1,0,1,1,1,1785538049
2026-07-31T22:53:45Z,102,21,1,1,1,0,1,1,1,1785537408
2026-07-31T22:53:45Z,103,26,0,1,3,0,1,1,1,1785538324
2026-07-31T22:53:45Z,104,8,0,17,2,0,1,1,1,1785538412
2026-07-31T22:53:45Z,105,17,0,2,0,0,1,1,1,1785535842
2026-07-31T22:53:45Z,106,17,0,3,1,0,1,1,1,1785538359
2026-07-31T22:53:45Z,107,22,1,14,1,0,1,1,1,1785538413
2026-07-31T22:53:45Z,108,30,1,3,2,0,1,1,1,1785538185
2026-07-31T22:53:45Z,109,23,0,0,0,0,1,1,1,1785538204
2026-07-31T22:53:45Z,110,16,0,7,0,0,1,1,1,1785538398
2026-07-31T22:53:45Z,111,7,1,29,0,0,1,1,1,1785538403
2026-07-31T22:53:45Z,112,9,0,5,1,0,1,1,1,1785538343
2026-07-31T22:53:45Z,113,6,1,12,1,0,1,1,1,1785538342
2026-07-31T22:53:45Z,114,7,2,21,2,1,1,1,1,1785538392
2026-07-31T22:53:45Z,115,17,10,6,5,0,1,1,1,1785537918
2026-07-31T22:53:45Z,116,10,10,17,0,0,1,1,1,1785538335
2026-07-31T22:53:45Z,118,20,2,0,3,0,1,1,1,1785538044
2026-07-31T22:53:45Z,119,1,0,35,2,0,1,1,1,1785538161
2026-07-31T22:53:45Z,120,6,1,20,1,0,1,1,1,1785538377
2026-07-31T22:53:45Z,121,1,1,16,1,1,1,1,1,1785538412
2026-07-31T22:53:45Z,122,8,1,12,1,0,1,1,1,1785538319
2026-07-31T22:53:45Z,123,0,0,46,1,0,1,1,1,1785538373
2026-07-31T22:53:45Z,124,8,1,27,0,0,1,1,1,1785538353
2026-07-31T22:53:45Z,125,4,0,18,1,0,1,1,1,1785538407
2026-07-31T22:53:45Z,126,16,2,15,0,0,1,1,1,1785537365
2026-07-31T22:53:45Z,127,12,1,21,2,0,1,1,1,1785538238
2026-07-31T22:53:45Z,128,9,3,10,0,0,1,1,1,1785538124
2026-07-31T22:53:45Z,129,6,1,11,2,0,1,1,1,1785538389
2026-07-31T22:53:45Z,130,10,0,7,0,0,1,1,1,1785538375
2026-07-31T22:53:45Z,131,8,2,2,1,0,1,1,1,1785537496
2026-07-31T22:53:45Z,132,10,4,4,0,1,1,1,1,1785538050
2026-07-31T22:53:45Z,134,13,0,5,5,0,1,1,1,1785538402
2026-07-31T22:53:45Z,135,5,4,11,3,0,1,1,1,1785537974
2026-07-31T22:53:45Z,136,1,0,0,20,2,1,1,1,1785538394
2026-07-31T22:53:45Z,137,7,2,12,0,0,1,1,1,1785538223
2026-07-31T22:53:45Z,138,20,1,17,0,0,1,1,1,1785538371
2026-07-31T22:53:45Z,139,7,1,12,0,0,1,1,1,1785538102
2026-07-31T22:53:45Z,140,3,1,19,1,0,1,1,1,1785538411
2026-07-31T22:53:45Z,141,9,4,27,0,0,1,1,1,1785538381
2026-07-31T22:53:45Z,142,3,2,20,0,0,1,1,1,1785538127
2026-07-31T22:53:45Z,143,25,2,6,0,0,1,1,1,1785538391
2026-07-31T22:53:45Z,144,24,3,2,1,0,1,1,1,1785538271
2026-07-31T22:53:45Z,146,2,0,20,1,0,1,1,1,1785538186
2026-07-31T22:53:45Z,147,0,0,16,3,0,1,1,1,1785538284
2026-07-31T22:53:45Z,148,3,1,21,3,0,1,1,1,1785538251
2026-07-31T22:53:45Z,149,0,0,27,0,0,1,1,1,1785537283
2026-07-31T22:53:45Z,150,8,0,25,2,0,1,1,1,1785538403
2026-07-31T22:53:45Z,151,0,0,23,0,0,1,1,1,1785538219
2026-07-31T22:53:45Z,152,8,0,15,3,0,1,1,1,1785538327
2026-07-31T22:53:45Z,153,12,0,14,2,0,1,1,1,1785538382
2026-07-31T22:53:45Z,154,14,3,6,3,0,1,1,1,1785538324
2026-07-31T22:53:45Z,155,8,3,5,1,0,1,1,1,1785538137
2026-07-31T22:53:45Z,156,3,1,16,0,0,1,1,1,1785537912
2026-07-31T22:53:45Z,157,15,0,10,2,0,1,1,1,1785538382
2026-07-31T22:53:45Z,158,15,0,0,1,0,1,1,1,1785537999
2026-07-31T22:53:45Z,159,6,3,13,0,0,1,1,1,1785538018
2026-07-31T22:53:45Z,160,5,0,13,1,0,1,1,1,1785538320
2026-07-31T22:53:45Z,161,21,4,1,0,0,1,1,1,1785538385
2026-07-31T22:53:45Z,162,14,12,10,3,0,1,1,1,1785538412
2026-07-31T22:53:45Z,163,0,0,30,0,1,1,1,1,1785538183
2026-07-31T22:53:45Z,164,21,0,6,0,0,1,1,1,1785538415
2026-07-31T22:53:45Z,165,25,6,5,1,0,1,1,1,1785538393
2026-07-31T22:53:45Z,166,17,8,19,3,0,1,1,1,1785538413
2026-07-31T22:53:45Z,167,5,0,17,1,0,1,1,1,1785538155
2026-07-31T22:53:45Z,168,1,0,25,1,0,1,1,1,1785538297
2026-07-31T22:53:45Z,169,15,4,6,1,1,1,1,1,1785538364
2026-07-31T22:53:45Z,170,7,0,11,1,0,1,1,1,1785538412
2026-07-31T22:53:45Z,171,3,2,8,2,0,1,1,1,1785538325
2026-07-31T22:53:45Z,173,30,1,9,0,0,1,1,1,1785538413
2026-07-31T22:53:45Z,174,0,0,26,0,0,1,1,1,1785538379
2026-07-31T22:53:45Z,175,30,1,0,1,0,1,1,1,1785538101
2026-07-31T22:53:45Z,176,7,3,6,1,1,1,1,1,1785538255
2026-07-31T22:53:45Z,177,7,1,20,0,0,1,1,1,1785538352
2026-07-31T22:53:45Z,178,12,2,0,2,1,1,1,1,1785538412
2026-07-31T22:53:45Z,179,13,0,0,2,0,1,1,1,1785538022
2026-07-31T22:53:45Z,180,1,0,29,0,0,1,1,1,1785538145
2026-07-31T22:53:45Z,181,2,1,13,0,0,1,1,1,1785538106
2026-07-31T22:53:45Z,182,1,0,16,0,0,1,1,1,1785538339
2026-07-31T22:53:45Z,183,2,0,20,1,0,1,1,1,1785538405
2026-07-31T22:53:45Z,184,13,6,7,3,0,1,1,1,1785538160
2026-07-31T22:53:45Z,185,6,6,6,2,1,1,1,1,1785538399
2026-07-31T22:53:45Z,186,7,1,12,0,0,1,1,1,1785538350
2026-07-31T22:53:45Z,187,2,0,25,1,0,1,1,1,1785537317
2026-07-31T22:53:45Z,188,8,2,11,8,0,1,1,1,1785538386
2026-07-31T22:53:45Z,189,8,4,7,0,0,1,1,1,1785537081
2026-07-31T22:53:45Z,190,4,3,18,1,0,1,1,1,1785538387
2026-07-31T22:53:45Z,191,0,0,38,1,0,1,1,1,1785538317
2026-07-31T22:53:45Z,192,5,1,25,1,0,1,1,1,1785538391
2026-07-31T22:53:45Z,193,12,10,2,1,0,1,1,1,1785537911
2026-07-31T22:53:45Z,194,6,3,21,0,0,1,1,1,1785538284
2026-07-31T22:53:45Z,195,2,0,17,0,0,1,1,1,1785537527
2026-07-31T22:53:45Z,196,8,6,18,1,0,1,1,1,1785538413
2026-07-31T22:53:45Z,197,2,0,16,0,1,1,1,1,1785538243
2026-07-31T22:53:45Z,198,19,7,2,2,0,1,1,1,1785538412
2026-07-31T22:53:45Z,199,9,5,4,2,0,1,1,1,1785538370
2026-07-31T22:53:45Z,200,2,1,23,1,0,1,1,1,1785538414
2026-07-31T22:53:45Z,201,6,5,17,0,0,1,1,1,1785538041
2026-07-31T22:53:45Z,202,25,1,2,0,0,1,1,1,1785537850
2026-07-31T22:53:45Z,203,5,1,25,1,0,1,1,1,1785538408
2026-07-31T22:53:45Z,204,5,0,28,2,0,1,1,1,1785538201
2026-07-31T22:53:45Z,205,4,0,23,0,0,1,1,1,1785537217
2026-07-31T22:53:45Z,206,6,4,7,2,0,1,1,1,1785538224
2026-07-31T22:53:45Z,207,17,1,4,0,0,1,1,1,1785538404
2026-07-31T22:53:45Z,208,6,0,23,0,0,1,1,1,1785538308
2026-07-31T22:53:45Z,209,22,0,8,1,0,1,1,1,1785538411
2026-07-31T22:53:45Z,210,8,8,19,0,0,1,1,1,1785538117
2026-07-31T22:53:45Z,211,19,0,3,1,0,1,1,1,1785537311
2026-07-31T22:53:45Z,212,30,6,4,1,0,1,1,1,1785538310
2026-07-31T22:53:45Z,213,15,5,7,1,0,1,1,1,1785538388
2026-07-31T22:53:45Z,214,9,4,37,1,0,1,1,1,1785538410
2026-07-31T22:53:45Z,215,6,0,16,1,0,1,1,1,1785537955
2026-07-31T22:53:45Z,216,6,6,12,1,0,1,1,1,1785538203
2026-07-31T22:53:45Z,217,28,3,0,1,0,1,1,1,1785538249
2026-07-31T22:53:45Z,218,19,11,19,1,0,1,1,1,1785538406
2026-07-31T22:53:45Z,219,22,0,3,1,0,1,1,1,1785538267
2026-07-31T22:53:45Z,220,20,12,21,1,1,1,1,1,1785538299
2026-07-31T22:53:45Z,221,11,8,3,1,0,1,1,1,1785538408
2026-07-31T22:53:45Z,222,9,1,10,0,0,1,1,1,1785538408
2026-07-31T22:53:45Z,223,2,0,30,3,0,1,1,1,1785538178
2026-07-31T22:53:45Z,224,4,0,17,1,0,1,1,1,1785538414
2026-07-31T22:53:45Z,225,3,1,12,4,0,1,1,1,1785538289
2026-07-31T22:53:45Z,226,23,7,4,4,0,1,1,1,1785538408
2026-07-31T22:53:45Z,227,4,3,21,2,0,1,1,1,1785538366
2026-07-31T22:53:45Z,228,2,1,16,1,0,1,1,1,1785537538
2026-07-31T22:53:45Z,230,0,0,26,0,0,1,1,1,1785538304
2026-07-31T22:53:45Z,232,6,1,10,1,0,1,1,1,1785537571
2026-07-31T22:53:45Z,233,22,9,8,1,0,1,1,1,1785538283
2026-07-31T22:53:45Z,234,12,9,2,3,2,1,1,1,1785538089
2026-07-31T22:53:45Z,236,12,4,7,0,0,1,1,1,1785538212
2026-07-31T22:53:45Z,237,1,0,21,1,0,1,1,1,1785538187
2026-07-31T22:53:45Z,239,21,11,5,1,0,1,1,1,1785538302
2026-07-31T22:53:45Z,241,4,1,18,1,0,1,1,1,1785538082
2026-07-31T22:53:45Z,242,6,2,16,1,0,1,1,1,1785538382
2026-07-31T22:53:45Z,243,18,12,12,1,0,1,1,1,1785538400
2026-07-31T22:53:45Z,244,15,1,11,1,0,1,1,1,1785538368
2026-07-31T22:53:45Z,245,5,2,18,0,0,1,1,1,1785538360
2026-07-31T22:53:45Z,246,4,4,19,0,0,1,1,1,1785538312
2026-07-31T22:53:45Z,247,4,4,17,2,0,1,1,1,1785537912
2026-07-31T22:53:45Z,248,3,3,18,2,0,1,1,1,1785538171
2026-07-31T22:53:45Z,249,14,12,4,1,0,1,1,1,1785538333
2026-07-31T22:53:45Z,250,5,2,19,3,0,1,1,1,1785538404
2026-07-31T22:53:45Z,251,16,13,7,4,0,1,1,1,1785538241
2026-07-31T22:53:45Z,253,9,5,10,0,0,1,1,1,1785538356
2026-07-31T22:53:45Z,254,5,2,37,1,0,1,1,1,1785537992
2026-07-31T22:53:45Z,255,9,2,13,0,1,1,1,1,1785538274
2026-07-31T22:53:45Z,256,2,1,20,1,0,1,1,1,1785538376
2026-07-31T22:53:45Z,257,4,2,15,0,0,1,1,1,1785538343
2026-07-31T22:53:45Z,258,10,10,8,1,0,1,1,1,1785538336
2026-07-31T22:53:45Z,259,13,1,9,0,1,1,1,1,1785538183
2026-07-31T22:53:45Z,260,9,8,9,1,0,1,1,1,1785538311
2026-07-31T22:53:45Z,261,1,0,16,1,1,1,1,1,1785537989
2026-07-31T22:53:45Z,262,2,0,20,1,0,1,1,1,1785538348
2026-07-31T22:53:45Z,263,10,10,4,1,0,1,1,1,1785538292
2026-07-31T22:53:45Z,264,1,1,18,0,0,1,1,1,1785536547
2026-07-31T22:53:45Z,265,8,0,7,0,0,1,1,1,1785538143
2026-07-31T22:53:45Z,266,9,8,9,1,0,1,1,1,1785538393
2026-07-31T22:53:45Z,267,8,3,5,2,0,1,1,1,1785537006
2026-07-31T22:53:45Z,268,19,7,3,1,0,1,1,1,1785538363
2026-07-31T22:53:45Z,269,5,5,18,0,0,1,1,1,1785538348
2026-07-31T22:53:45Z,270,11,2,14,2,0,1,1,1,1785538153
2026-07-31T22:53:45Z,271,1,0,16,2,0,1,1,1,1785537306
2026-07-31T22:53:45Z,272,5,1,18,0,0,1,1,1,1785538361
2026-07-31T22:53:45Z,273,5,1,10,0,0,1,1,1,1785538139
2026-07-31T22:53:45Z,274,3,1,15,1,0,1,1,1,1785538372
2026-07-31T22:53:45Z,275,0,0,19,4,0,1,1,1,1785538136
2026-07-31T22:53:45Z,276,3,2,23,1,0,1,1,1,1785538251
2026-07-31T22:53:45Z,277,6,0,13,4,0,1,1,1,1785538328
2026-07-31T22:53:45Z,278,3,3,26,2,0,1,1,1,1785538412
2026-07-31T22:53:45Z,279,6,0,13,0,0,1,1,1,1785538174
2026-07-31T22:53:45Z,280,5,2,24,2,0,1,1,1,1785538322
2026-07-31T22:53:45Z,281,6,0,13,0,0,1,1,1,1785537880
2026-07-31T22:53:45Z,282,9,2,9,0,0,1,1,1,1785536001
2026-07-31T22:53:45Z,283,18,3,17,0,0,1,1,1,1785538371
2026-07-31T22:53:45Z,284,30,4,3,2,0,1,1,1,1785538367
2026-07-31T22:53:45Z,285,2,2,21,0,0,1,1,1,1785538378
2026-07-31T22:53:45Z,286,13,4,10,0,0,1,1,1,1785538175
2026-07-31T22:53:45Z,287,10,1,10,3,0,1,1,1,1785537276
2026-07-31T22:53:45Z,288,5,1,12,2,0,1,1,1,1785538324
2026-07-31T22:53:45Z,289,7,7,17,3,0,1,1,1,1785538412
2026-07-31T22:53:45Z,290,14,1,23,2,0,1,1,1,1785538052
2026-07-31T22:53:45Z,291,9,0,13,1,0,1,1,1,1785538252
2026-07-31T22:53:45Z,292,4,3,19,0,0,1,1,1,1785538300
2026-07-31T22:53:45Z,293,5,0,17,1,0,1,1,1,1785538265
2026-07-31T22:53:45Z,294,17,8,2,3,0,1,1,1,1785538415
2026-07-31T22:53:45Z,297,6,2,11,2,1,1,1,1,1785538406
2026-07-31T22:53:45Z,301,16,0,2,1,0,1,1,1,1785537733
2026-07-31T22:53:45Z,302,17,3,6,0,0,1,1,1,1785538170
2026-07-31T22:53:45Z,303,0,0,19,0,0,1,1,1,1785537327
2026-07-31T22:53:45Z,304,0,0,0,0,0,0,1,1,86400
2026-07-31T22:53:45Z,305,1,0,17,1,0,1,1,1,1785538410
2026-07-31T22:53:45Z,306,8,0,23,1,0,1,1,1,1785538296
2026-07-31T22:53:45Z,307,11,1,12,0,0,1,1,1,1785537997
2026-07-31T22:53:45Z,308,17,3,0,2,0,1,1,1,1785537338
2026-07-31T22:53:45Z,309,7,1,7,0,0,1,1,1,1785538088
2026-07-31T22:53:45Z,311,10,1,5,0,0,1,1,1,1785538163
2026-07-31T22:53:45Z,312,6,6,14,3,0,1,1,1,1785538405
2026-07-31T22:53:45Z,313,2,0,13,0,0,1,1,1,1785535131
2026-07-31T22:53:45Z,314,6,1,11,2,0,1,1,1,1785538180
2026-07-31T22:53:45Z,315,5,5,23,3,0,1,1,1,1785538283
2026-07-31T22:53:45Z,316,2,1,22,6,1,1,1,1,1785538307
2026-07-31T22:53:45Z,317,15,6,15,0,1,1,1,1,1785538259
2026-07-31T22:53:45Z,318,18,4,1,0,0,1,1,1,1785537461
2026-07-31T22:53:45Z,319,5,2,13,5,0,1,1,1,1785538382
2026-07-31T22:53:45Z,320,2,0,16,1,0,1,1,1,1785538407
2026-07-31T22:53:45Z,321,2,0,13,4,0,1,1,1,1785538337
2026-07-31T22:53:45Z,322,20,0,9,0,0,1,1,1,1785538057
2026-07-31T22:53:45Z,323,7,0,10,2,0,1,1,1,1785537977
2026-07-31T22:53:45Z,324,17,0,9,1,0,1,1,1,1785538403
2026-07-31T22:53:45Z,325,1,1,24,2,0,1,1,1,1785538016
2026-07-31T22:53:45Z,327,25,2,0,2,0,1,1,1,1785536932
2026-07-31T22:53:45Z,328,18,0,3,1,0,1,1,1,1785538389
2026-07-31T22:53:45Z,329,4,1,12,3,0,1,1,1,1785537557
2026-07-31T22:53:45Z,330,19,0,3,0,0,1,1,1,1785537976
2026-07-31T22:53:45Z,331,19,1,2,2,0,1,1,1,1785537469
2026-07-31T22:53:45Z,332,3,1,13,3,0,1,1,1,1785538314
2026-07-31T22:53:45Z,333,4,3,18,1,0,1,1,1,1785537873
2026-07-31T22:53:45Z,334,0,0,22,1,0,1,1,1,1785538337
2026-07-31T22:53:45Z,335,5,1,17,0,1,1,1,1,1785537524
2026-07-31T22:53:45Z,336,4,1,15,0,0,1,1,1,1785538138
2026-07-31T22:53:45Z,337,3,3,16,4,0,1,1,1,1785538263
2026-07-31T22:53:45Z,338,0,0,19,0,0,1,1,1,1785536714
2026-07-31T22:53:45Z,339,8,3,13,2,0,1,1,1,1785538209
2026-07-31T22:53:45Z,340,1,1,13,1,0,1,1,1,1785538161
2026-07-31T22:53:45Z,341,4,1,15,0,0,1,1,1,1785538330
2026-07-31T22:53:45Z,342,5,0,9,1,0,1,1,1,1785537755
2026-07-31T22:53:45Z,343,6,3,16,1,0,1,1,1,1785537614
2026-07-31T22:53:45Z,344,6,1,16,1,0,1,1,1,1785538272
2026-07-31T22:53:45Z,345,19,5,0,0,0,1,1,1,1785538177
2026-07-31T22:53:45Z,346,2,2,21,0,0,1,1,1,1785538187
2026-07-31T22:53:45Z,347,17,3,24,3,0,1,1,1,1785538408
2026-07-31T22:53:45Z,348,10,2,12,0,1,1,1,1,1785538221
2026-07-31T22:53:45Z,349,10,1,9,0,0,1,1,1,1785538339
2026-07-31T22:53:45Z,350,2,0,23,1,1,1,1,1,1785538003
2026-07-31T22:53:45Z,351,4,1,17,2,0,1,1,1,1785538342
2026-07-31T22:53:45Z,355,12,2,11,0,0,1,1,1,1785538224
2026-07-31T22:53:45Z,356,2,2,17,0,0,1,1,1,1785538258
2026-07-31T22:53:45Z,357,3,3,16,0,0,1,1,1,1785538402
2026-07-31T22:53:45Z,358,20,1,6,1,0,1,1,1,1785538333
2026-07-31T22:53:45Z,359,11,0,16,0,0,1,1,1,1785538415
2026-07-31T22:53:45Z,360,3,1,16,0,0,1,1,1,1785538243
2026-07-31T22:53:45Z,362,1,0,15,3,0,1,1,1,1785537472
2026-07-31T22:53:45Z,363,19,1,8,0,0,1,1,1,1785538393
2026-07-31T22:53:45Z,364,0,0,19,0,0,1,1,1,1785537835
2026-07-31T22:53:45Z,365,3,0,17,3,0,1,1,1,1785538293
2026-07-31T22:53:45Z,366,2,2,20,1,0,1,1,1,1785538183
2026-07-31T22:53:45Z,367,2,2,15,2,0,1,1,1,1785538255
2026-07-31T22:53:45Z,368,1,1,21,1,0,1,1,1,1785538152
2026-07-31T22:53:45Z,370,8,3,19,0,0,1,1,1,1785537543
2026-07-31T22:53:45Z,371,3,3,15,1,0,1,1,1,1785536010
2026-07-31T22:53:45Z,372,10,0,5,0,0,1,1,1,1785538024
2026-07-31T22:53:45Z,373,2,0,24,1,0,1,1,1,1785538395
2026-07-31T22:53:45Z,374,5,4,13,1,0,1,1,1,1785538224
2026-07-31T22:53:45Z,375,0,0,26,1,0,1,1,1,1785538234
2026-07-31T22:53:45Z,376,2,0,36,1,0,1,1,1,1785538412
2026-07-31T22:53:45Z,377,5,3,20,2,0,1,1,1,1785538408
2026-07-31T22:53:45Z,378,2,0,20,1,1,1,1,1,1785538163
2026-07-31T22:53:45Z,379,20,1,4,3,0,1,1,1,1785538366
2026-07-31T22:53:45Z,380,8,2,15,0,0,1,1,1,1785538264
2026-07-31T22:53:45Z,381,10,0,13,0,0,1,1,1,1785537230
2026-07-31T22:53:45Z,383,7,0,5,3,0,1,1,1,1785538335
2026-07-31T22:53:45Z,384,1,0,23,3,0,1,1,1,1785538397
2026-07-31T22:53:45Z,385,2,0,15,1,0,1,1,1,1785538401
2026-07-31T22:53:45Z,387,2,0,21,0,0,1,1,1,1785538328
2026-07-31T22:53:45Z,388,31,0,13,5,0,1,1,1,1785538399
2026-07-31T22:53:45Z,389,6,3,8,1,0,1,1,1,1785537935
2026-07-31T22:53:45Z,390,16,3,19,0,0,1,1,1,1785538300
2026-07-31T22:53:45Z,391,4,2,11,0,0,1,1,1,1785537983
2026-07-31T22:53:45Z,392,2,2,15,2,0,1,1,1,1785538374
2026-07-31T22:53:45Z,393,1,1,7,3,0,1,1,1,1785537873
2026-07-31T22:53:45Z,394,7,1,4,2,0,1,1,1,1785538319
2026-07-31T22:53:45Z,396,0,0,42,0,0,1,1,1,1785537627
2026-07-31T22:53:45Z,397,7,7,24,0,0,1,1,1,1785538169
2026-07-31T22:53:45Z,399,1,0,14,2,0,1,1,1,1785538053
2026-07-31T22:53:45Z,400,14,9,7,2,0,1,1,1,1785538378
2026-07-31T22:53:45Z,401,7,0,24,8,0,1,1,1,1785538397
2026-07-31T22:53:45Z,403,19,6,8,4,0,1,1,1,1785538318
2026-07-31T22:53:45Z,404,2,1,19,2,0,1,1,1,1785538378
2026-07-31T22:53:45Z,406,22,3,11,2,0,1,1,1,1785538399
2026-07-31T22:53:45Z,407,17,1,16,1,0,1,1,1,1785537621
2026-07-31T22:53:45Z,408,4,2,26,3,0,1,1,1,1785538204
2026-07-31T22:53:45Z,409,12,2,7,4,0,1,1,1,1785537500
2026-07-31T22:53:45Z,413,9,3,13,1,0,1,1,1,1785536482
2026-07-31T22:53:45Z,414,7,0,8,0,0,1,1,1,1785537967
2026-07-31T22:53:45Z,417,2,2,17,0,0,1,1,1,1785537685
2026-07-31T22:53:45Z,418,2,2,13,0,0,1,1,1,1785537921
2026-07-31T22:53:45Z,419,14,1,9,0,0,1,1,1,1785538144
2026-07-31T22:53:45Z,421,13,0,6,0,0,1,1,1,1785538232
2026-07-31T22:53:45Z,422,12,1,15,0,0,1,1,1,1785538313
2026-07-31T22:53:45Z,423,1,0,22,0,0,1,1,1,1785537996
2026-07-31T22:53:45Z,424,3,2,9,3,0,1,1,1,1785538142
2026-07-31T22:53:45Z,425,0,0,21,0,1,1,1,1,1785536730
2026-07-31T22:53:45Z,426,0,0,35,2,0,1,1,1,1785537025
2026-07-31T22:53:45Z,427,12,2,0,3,0,1,1,1,1785538393
2026-07-31T22:53:45Z,428,16,1,3,0,0,1,1,1,1785537768
2026-07-31T22:53:45Z,429,5,2,17,1,0,1,1,1,1785538410
2026-07-31T22:53:45Z,430,3,2,27,1,0,1,1,1,1785538087
2026-07-31T22:53:45Z,431,2,1,30,1,0,1,1,1,1785538238
2026-07-31T22:53:45Z,432,0,0,30,1,0,0,1,1,1785508564
2026-07-31T22:53:45Z,433,6,1,14,3,0,1,1,1,1785538402
2026-07-31T22:53:45Z,437,4,1,11,4,0,1,1,1,1785538358
2026-07-31T22:53:45Z,438,4,1,14,1,0,1,1,1,1785538382
2026-07-31T22:53:45Z,439,12,3,3,0,0,1,1,1,1785538307
2026-07-31T22:53:45Z,440,13,2,1,1,0,1,1,1,1785537912
2026-07-31T22:53:45Z,441,5,1,8,2,0,1,1,1,1785538018
2026-07-31T22:53:45Z,442,10,1,6,3,0,1,1,1,1785538301
2026-07-31T22:53:45Z,443,6,2,21,0,0,1,1,1,1785537918
2026-07-31T22:53:45Z,444,1,1,22,0,0,1,1,1,1785535180
2026-07-31T22:53:45Z,445,6,2,16,1,0,1,1,1,1785538300
2026-07-31T22:53:45Z,446,1,0,22,0,0,1,1,1,1785537825
2026-07-31T22:53:45Z,447,3,0,18,1,1,1,1,1,1785534024
2026-07-31T22:53:45Z,448,6,0,8,1,0,1,1,1,1785537733
2026-07-31T22:53:45Z,452,6,5,12,1,0,1,1,1,1785538238
2026-07-31T22:53:45Z,453,0,0,10,5,0,1,1,1,1785538405
2026-07-31T22:53:45Z,454,18,1,1,0,0,1,1,1,1785538312
2026-07-31T22:53:45Z,455,23,0,15,1,0,1,1,1,1785538177
2026-07-31T22:53:45Z,456,17,0,2,1,0,1,1,1,1785538221
2026-07-31T22:53:45Z,457,1,1,25,1,0,1,1,1,1785537815
2026-07-31T22:53:45Z,458,6,3,15,2,0,1,1,1,1785538322
2026-07-31T22:53:45Z,459,12,0,3,0,0,1,1,1,1785538357
2026-07-31T22:53:45Z,460,14,1,8,1,0,1,1,1,1785538010
2026-07-31T22:53:45Z,461,8,0,11,0,0,1,1,1,1785538105
2026-07-31T22:53:45Z,462,18,0,3,0,0,1,1,1,1785538403
2026-07-31T22:53:45Z,463,7,0,12,0,0,1,1,1,1785537831
2026-07-31T22:53:45Z,464,3,2,11,0,0,1,1,1,1785537057
2026-07-31T22:53:45Z,465,2,2,13,0,0,1,1,1,1785537086
2026-07-31T22:53:45Z,466,7,2,2,6,0,1,1,1,1785538400
2026-07-31T22:53:45Z,467,0,0,19,0,0,1,1,1,1785536420
2026-07-31T22:53:45Z,468,2,1,16,1,0,1,1,1,1785537699
2026-07-31T22:53:45Z,469,3,1,18,2,0,1,1,1,1785538164
2026-07-31T22:53:45Z,470,2,0,11,2,0,1,1,1,1785538391
2026-07-31T22:53:45Z,471,23,2,4,0,0,1,1,1,1785537868
2026-07-31T22:53:45Z,472,2,1,13,4,0,1,1,1,1785538412
2026-07-31T22:53:45Z,473,11,1,8,0,0,1,1,1,1785538077
2026-07-31T22:53:45Z,474,5,1,11,3,0,1,1,1,1785538326
2026-07-31T22:53:45Z,475,0,0,18,1,0,1,1,1,1785537447
2026-07-31T22:53:45Z,477,6,0,9,0,0,1,1,1,1785538077
2026-07-31T22:53:45Z,478,28,1,2,1,0,1,1,1,1785538336
2026-07-31T22:53:45Z,479,4,0,21,2,0,1,1,1,1785538004
2026-07-31T22:53:45Z,480,6,1,8,1,0,1,1,1,1785537037
2026-07-31T22:53:45Z,481,16,1,18,1,0,1,1,1,1785538403
2026-07-31T22:53:45Z,482,2,1,17,0,0,1,1,1,1785536193
2026-07-31T22:53:45Z,483,7,1,18,2,0,1,1,1,1785538373
2026-07-31T22:53:45Z,484,2,0,16,1,0,1,1,1,1785538351
2026-07-31T22:53:45Z,485,13,5,5,0,1,1,1,1,1785538407
2026-07-31T22:53:45Z,486,3,1,22,2,0,1,1,1,1785538348
2026-07-31T22:53:45Z,487,9,6,7,3,0,1,1,1,1785538252
2026-07-31T22:53:45Z,489,0,0,15,0,0,1,1,1,1785538208
2026-07-31T22:53:45Z,490,12,1,4,0,0,1,1,1,1785538405
2026-07-31T22:53:45Z,491,9,2,11,1,0,1,1,1,1785537627
2026-07-31T22:53:45Z,492,5,1,3,3,0,1,1,1,1785538415
2026-07-31T22:53:45Z,493,19,1,8,0,0,1,1,1,1785537587
2026-07-31T22:53:45Z,495,10,0,4,1,0,1,1,1,1785536672
2026-07-31T22:53:45Z,496,8,1,19,0,0,1,1,1,1785538320
2026-07-31T22:53:45Z,497,3,2,15,0,0,1,1,1,1785538409
2026-07-31T22:53:45Z,498,1,1,21,1,0,1,1,1,1785537950
2026-07-31T22:53:45Z,499,3,0,14,2,0,1,1,1,1785538052
2026-07-31T22:53:45Z,500,4,0,8,3,0,1,1,1,1785537869
2026-07-31T22:53:45Z,501,7,0,12,2,0,1,1,1,1785537757
2026-07-31T22:53:45Z,502,1,0,16,2,0,1,1,1,1785533820
2026-07-31T22:53:45Z,503,6,0,24,1,0,1,1,1,1785538352
2026-07-31T22:53:45Z,504,5,0,32,2,0,1,1,1,1785538353
2026-07-31T22:53:45Z,505,6,0,5,1,0,1,1,1,1785538120
2026-07-31T22:53:45Z,511,2,2,21,0,0,1,1,1,1785538159
2026-07-31T22:53:45Z,512,13,0,14,0,0,1,1,1,1785538291
2026-07-31T22:53:45Z,514,4,3,6,1,0,1,1,1,1785537790
2026-07-31T22:53:45Z,515,7,2,12,0,0,1,1,1,1785537973
2026-07-31T22:53:45Z,516,0,0,27,0,0,1,1,1,1785538310
2026-07-31T22:53:45Z,517,11,3,12,0,0,1,1,1,1785538155
2026-07-31T22:53:45Z,518,5,0,9,1,0,1,1,1,1785533962
2026-07-31T22:53:45Z,519,5,4,13,1,0,1,1,1,1785538253
2026-07-31T22:53:45Z,520,20,6,1,5,1,1,1,1,1785538412
2026-07-31T22:53:45Z,521,5,3,18,0,0,1,1,1,1785537920
2026-07-31T22:53:45Z,522,10,2,11,2,0,1,1,1,1785538391
2026-07-31T22:53:45Z,523,13,7,9,1,0,1,1,1,1785538127
2026-07-31T22:53:45Z,524,15,0,8,0,0,1,1,1,1785538365
2026-07-31T22:53:45Z,525,9,1,10,0,0,1,1,1,1785538408
2026-07-31T22:53:45Z,526,6,3,8,1,0,1,1,1,1785538120
2026-07-31T22:53:45Z,527,14,12,11,1,0,1,1,1,1785538353
2026-07-31T22:53:45Z,528,22,2,0,1,0,1,1,1,1785537341
2026-07-31T22:53:45Z,529,9,4,4,6,0,1,1,1,1785538415
2026-07-31T22:53:45Z,530,12,0,6,3,0,1,1,1,1785538312
2026-07-31T22:53:45Z,531,18,1,4,0,1,1,1,1,1785538158
2026-07-31T22:53:45Z,532,1,1,28,2,0,1,1,1,1785537999
2026-07-31T22:53:45Z,533,12,0,6,1,0,1,1,1,1785537613
2026-07-31T22:53:45Z,534,4,1,19,0,0,1,1,1,1785538243
2026-07-31T22:53:45Z,535,0,0,15,0,0,1,1,1,1785536563
2026-07-31T22:53:45Z,536,9,0,14,0,0,1,1,1,1785538137
2026-07-31T22:53:45Z,537,0,0,20,0,0,1,1,1,1785538365
2026-07-31T22:53:45Z,538,10,1,12,0,1,1,1,1,1785538133
2026-07-31T22:53:45Z,539,3,2,28,0,0,1,1,1,1785538284
2026-07-31T22:53:45Z,540,5,1,14,0,0,1,1,1,1785538397
2026-07-31T22:53:45Z,541,0,0,26,1,0,1,1,1,1785537975
2026-07-31T22:53:45Z,542,0,0,23,0,0,1,1,1,1785538365
2026-07-31T22:53:45Z,543,3,1,16,0,0,1,1,1,1785538298
2026-07-31T22:53:45Z,544,7,2,11,4,0,1,1,1,1785537366
2026-07-31T22:53:45Z,545,14,1,1,4,0,1,1,1,1785538353
2026-07-31T22:53:45Z,546,3,1,16,0,0,1,1,1,1785538081
2026-07-31T22:53:45Z,547,9,1,16,0,0,1,1,1,1785538319
2026-07-31T22:53:45Z,548,7,1,16,0,0,1,1,1,1785538318
2026-07-31T22:53:45Z,549,11,1,12,0,0,1,1,1,1785538407
2026-07-31T22:53:45Z,550,8,4,11,0,0,1,1,1,1785538379
2026-07-31T22:53:45Z,551,2,1,21,0,0,1,1,1,1785538279
2026-07-31T22:53:45Z,552,6,1,21,0,0,1,1,1,1785538408
2026-07-31T22:53:45Z,553,0,0,22,1,0,1,1,1,1785538042
2026-07-31T22:53:45Z,554,1,0,18,0,0,1,1,1,1785538218
2026-07-31T22:53:45Z,555,8,0,6,1,0,1,1,1,1785538067
2026-07-31T22:53:45Z,556,9,0,12,2,0,1,1,1,1785538206
2026-07-31T22:53:45Z,557,1,0,20,2,0,1,1,1,1785538081
2026-07-31T22:53:45Z,558,24,13,12,1,0,1,1,1,1785538399
2026-07-31T22:53:45Z,559,4,0,14,1,0,1,1,1,1785538078
2026-07-31T22:53:45Z,560,19,0,8,0,0,1,1,1,1785538311
2026-07-31T22:53:45Z,561,8,0,11,4,0,1,1,1,1785538005
2026-07-31T22:53:45Z,562,8,0,20,7,0,1,1,1,1785538005
2026-07-31T22:53:45Z,563,2,0,11,1,0,1,1,1,1785537859
2026-07-31T22:53:45Z,564,2,1,16,1,0,1,1,1,1785537156
2026-07-31T22:53:45Z,565,4,1,14,1,0,1,1,1,1785537369
2026-07-31T22:53:45Z,566,16,0,2,1,0,1,1,1,1785538336
2026-07-31T22:53:45Z,567,20,0,4,3,0,1,1,1,1785538343
2026-07-31T22:53:45Z,568,11,0,7,1,0,1,1,1,1785537967
2026-07-31T22:53:45Z,569,10,0,6,3,0,1,1,1,1785537511
2026-07-31T22:53:45Z,570,5,1,13,1,0,1,1,1,1785538353
2026-07-31T22:53:45Z,571,8,0,15,0,0,1,1,1,1785538123
2026-07-31T22:53:45Z,572,8,0,11,0,0,1,1,1,1785537970
2026-07-31T22:53:45Z,573,12,3,3,0,0,1,1,1,1785538135
2026-07-31T22:53:45Z,574,5,3,10,0,0,1,1,1,1785537066
2026-07-31T22:53:45Z,575,6,0,14,1,0,1,1,1,1785538097
2026-07-31T22:53:45Z,576,0,0,19,0,0,1,1,1,1785537344
2026-07-31T22:53:45Z,577,28,0,3,0,0,1,1,1,1785537741
2026-07-31T22:53:45Z,578,1,0,21,1,0,1,1,1,1785538256
2026-07-31T22:53:45Z,579,11,0,32,0,0,1,1,1,1785538401
2026-07-31T22:53:45Z,580,2,0,27,0,0,1,1,1,1785538125
2026-07-31T22:53:45Z,581,18,0,1,0,0,1,1,1,1785538307
2026-07-31T22:53:45Z,582,24,0,35,2,0,1,1,1,1785538226
2026-07-31T22:53:45Z,583,3,1,19,1,0,1,1,1,1785537971
2026-07-31T22:53:45Z,584,1,0,14,4,0,1,1,1,1785535753
2026-07-31T22:53:45Z,585,3,0,23,0,1,1,1,1,1785538210
2026-07-31T22:53:45Z,586,13,1,22,0,0,1,1,1,1785538396
2026-07-31T22:53:45Z,587,13,0,10,1,0,1,1,1,1785538240
2026-07-31T22:53:45Z,588,6,2,10,2,1,1,1,1,1785538347
2026-07-31T22:53:45Z,589,9,5,12,1,0,1,1,1,1785538264
2026-07-31T22:53:45Z,590,14,2,17,0,0,1,1,1,1785538393
2026-07-31T22:53:45Z,591,1,0,27,2,0,1,1,1,1785538083
2026-07-31T22:53:45Z,592,2,0,21,0,0,1,1,1,1785538215
2026-07-31T22:53:45Z,593,16,0,22,0,0,1,1,1,1785538394
2026-07-31T22:53:45Z,594,6,1,13,2,0,1,1,1,1785537816
2026-07-31T22:53:45Z,595,0,0,3,0,0,0,1,1,1784046673
2026-07-31T22:53:45Z,605,0,0,2,1,0,0,1,1,1783975843
2026-07-31T22:53:45Z,606,0,0,0,0,0,0,1,1,86400
2026-07-31T22:53:45Z,607,5,2,23,4,0,1,1,1,1785538362
2026-07-31T22:53:45Z,608,38,3,12,0,0,1,1,1,1785538112
2026-07-31T22:53:45Z,609,7,3,16,0,0,1,1,1,1785537940
2026-07-31T22:53:45Z,610,3,0,32,0,0,1,1,1,1785538415
2026-07-31T22:53:45Z,611,13,4,13,1,0,1,1,1,1785538084
2026-07-31T22:53:45Z,612,9,1,6,0,0,1,1,1,1785538391
2026-07-31T22:53:45Z,613,12,4,0,3,0,1,1,1,1785530289
2026-07-31T22:53:45Z,614,3,2,21,2,1,1,1,1,1785538213
2026-07-31T22:53:45Z,617,11,0,3,1,0,1,1,1,1785538212
2026-07-31T22:53:45Z,618,12,1,1,6,0,1,1,1,1785536738
2026-07-31T22:53:45Z,619,8,7,11,0,0,1,1,1,1785538310
2026-07-31T22:53:45Z,620,14,1,13,0,0,1,1,1,1785537776
2026-07-31T22:53:45Z,621,0,0,23,0,0,1,1,1,1785538386
2026-07-31T22:53:45Z,622,4,1,18,1,0,1,1,1,1785537785
2026-07-31T22:53:45Z,623,16,6,14,0,0,1,1,1,1785538388
2026-07-31T22:53:45Z,624,2,0,13,0,0,1,1,1,1785538361
2026-07-31T22:53:45Z,625,15,2,1,5,0,1,1,1,1785538408
2026-07-31T22:53:45Z,626,44,1,1,0,2,1,1,1,1785538197
2026-07-31T22:53:45Z,627,17,4,2,0,0,1,1,1,1785538170
2026-07-31T22:53:45Z,628,5,3,12,1,1,1,1,1,1785537218
2026-07-31T22:53:45Z,629,4,1,5,2,0,1,1,1,1785538222
2026-07-31T22:53:45Z,630,1,0,22,4,0,1,1,1,1785538331
2026-07-31T22:53:45Z,631,8,4,15,0,0,1,1,1,1785538179
2026-07-31T22:53:45Z,632,15,1,6,2,0,1,1,1,1785536939
2026-07-31T22:53:45Z,633,11,3,1,3,0,1,1,1,1785530006
2026-07-31T22:53:45Z,634,10,1,9,0,0,1,1,1,1785538164
2026-07-31T22:53:45Z,635,16,1,3,0,0,1,1,1,1785537749
2026-07-31T22:53:45Z,636,7,2,8,0,0,1,1,1,1785526430
2026-07-31T22:53:45Z,637,6,2,11,2,0,1,1,1,1785535251
2026-07-31T22:53:45Z,638,8,2,9,2,0,1,1,1,1785538265
2026-07-31T22:53:45Z,639,12,2,5,2,0,1,1,1,1785537349
2026-07-31T22:53:45Z,640,9,6,12,2,0,1,1,1,1785538398
2026-07-31T22:53:45Z,641,13,0,14,0,0,1,1,1,1785538378
2026-07-31T22:53:45Z,642,3,2,8,8,0,1,1,1,1785538411
2026-07-31T22:53:45Z,643,0,0,19,8,0,1,1,1,1785538411
2026-07-31T22:53:45Z,644,13,1,1,1,0,1,1,1,1785533615
2026-07-31T22:53:45Z,645,17,1,3,3,0,1,1,1,1785537804
2026-07-31T22:53:45Z,646,4,1,15,0,0,1,1,1,1785533859
2026-07-31T22:53:45Z,647,1,1,30,0,0,1,1,1,1785538053
2026-07-31T22:53:45Z,648,0,0,18,1,0,1,1,1,1785538307
2026-07-31T22:53:45Z,649,19,0,11,1,0,1,1,1,1785538363
2026-07-31T22:53:45Z,650,6,1,8,0,0,1,1,1,1785538230
2026-07-31T22:53:45Z,651,5,4,17,1,0,1,1,1,1785537864
2026-07-31T22:53:45Z,652,3,0,17,3,0,1,1,1,1785538382
2026-07-31T22:53:45Z,653,0,0,18,1,0,1,1,1,1785537928
2026-07-31T22:53:45Z,654,4,1,10,1,0,1,1,1,1785538394
2026-07-31T22:53:45Z,655,8,4,0,4,1,1,1,1,1785538286
2026-07-31T22:53:45Z,656,3,3,16,0,0,1,1,1,1785538391
2026-07-31T22:53:45Z,657,8,4,5,2,2,1,1,1,1785538339
2026-07-31T22:53:45Z,658,9,1,1,0,0,1,1,1,1785537787
2026-07-31T22:53:45Z,659,7,5,6,2,0,1,1,1,1785538273
2026-07-31T22:53:45Z,660,11,3,15,5,0,1,1,1,1785538356
2026-07-31T22:53:45Z,661,5,1,14,0,0,1,1,1,1785538411
2026-07-31T22:53:45Z,662,5,2,14,4,0,1,1,1,1785537702
2026-07-31T22:53:45Z,663,5,0,10,0,0,1,1,1,1785538145
2026-07-31T22:53:45Z,664,9,0,16,2,0,1,1,1,1785538389
2026-07-31T22:53:45Z,665,10,4,4,1,0,1,1,1,1785538415
2026-07-31T22:53:45Z,666,8,2,4,3,0,1,1,1,1785537911
2026-07-31T22:53:45Z,667,17,1,1,1,0,1,1,1,1785538374
2026-07-31T22:53:45Z,668,13,1,6,0,0,1,1,1,1785538318
2026-07-31T22:53:45Z,669,6,3,6,2,0,1,1,1,1785537399
2026-07-31T22:53:45Z,670,17,1,10,0,0,1,1,1,1785538120
2026-07-31T22:53:45Z,671,18,0,9,0,0,1,1,1,1785538412
2026-07-31T22:53:45Z,672,4,0,16,2,1,1,1,1,1785538060
2026-07-31T22:53:45Z,673,12,0,11,0,0,1,1,1,1785538079
2026-07-31T22:53:45Z,674,1,1,20,2,0,1,1,1,1785538157
2026-07-31T22:53:45Z,675,2,1,11,2,0,1,1,1,1785538359
2026-07-31T22:53:45Z,676,9,0,11,2,0,1,1,1,1785538315
2026-07-31T22:53:45Z,681,9,5,4,1,1,1,1,1,1785537809
2026-07-31T22:53:45Z,682,7,1,12,0,0,1,1,1,1785537004
2026-07-31T22:53:45Z,683,1,1,18,0,0,1,1,1,1785527602
2026-07-31T22:53:45Z,684,4,1,23,0,0,1,1,1,1785535557
2026-07-31T22:53:45Z,685,7,0,18,1,1,1,1,1,1785538186
2026-07-31T22:53:45Z,686,11,0,13,3,0,1,1,1,1785538386
2026-07-31T22:53:45Z,687,13,1,16,1,1,1,1,1,1785538413
2026-07-31T22:53:45Z,688,9,1,10,0,0,1,1,1,1785537082
2026-07-31T22:53:45Z,692,0,0,21,0,0,1,1,1,1785537885
2026-07-31T22:53:45Z,693,6,0,2,3,0,1,1,1,1785537874
2026-07-31T22:53:45Z,694,9,4,12,0,0,1,1,1,1785538029
2026-07-31T22:53:45Z,695,2,1,20,1,0,1,1,1,1785537959
2026-07-31T22:53:45Z,696,18,13,5,0,0,1,1,1,1785538406
2026-07-31T22:53:45Z,697,19,5,3,1,0,1,1,1,1785538387
2026-07-31T22:53:45Z,698,15,3,12,0,0,1,1,1,1785538355
2026-07-31T22:53:45Z,699,5,1,9,1,0,1,1,1,1785538268
2026-07-31T22:53:45Z,700,15,1,4,0,0,1,1,1,1785537954
2026-07-31T22:53:45Z,701,18,3,0,1,0,1,1,1,1785538383
2026-07-31T22:53:45Z,702,1,1,22,0,0,1,1,1,1785538355
2026-07-31T22:53:45Z,704,6,0,8,1,0,1,1,1,1785538349
2026-07-31T22:53:45Z,705,2,0,13,0,0,1,1,1,1785538136
2026-07-31T22:53:45Z,706,3,0,10,2,0,1,1,1,1785538133
2026-07-31T22:53:45Z,707,7,1,8,0,0,1,1,1,1785538387
2026-07-31T22:53:45Z,708,16,3,3,0,0,1,1,1,1785538406
2026-07-31T22:53:45Z,709,5,0,9,1,0,1,1,1,1785538386
2026-07-31T22:53:45Z,710,3,0,15,1,0,1,1,1,1785537923
2026-07-31T22:53:45Z,711,9,0,11,3,0,1,1,1,1785538347
2026-07-31T22:53:45Z,712,4,4,10,1,0,1,1,1,1785538085
2026-07-31T22:53:45Z,713,6,2,17,0,0,1,1,1,1785537188
2026-07-31T22:53:45Z,716,4,3,11,0,0,1,1,1,1785538179
2026-07-31T22:53:45Z,717,1,1,22,2,0,1,1,1,1785538318
2026-07-31T22:53:45Z,718,3,1,11,1,0,1,1,1,1785538353
2026-07-31T22:53:45Z,719,4,0,25,0,0,1,1,1,1785537506
2026-07-31T22:53:45Z,720,0,0,19,0,0,1,1,1,1785536630
2026-07-31T22:53:45Z,721,6,0,15,2,0,1,1,1,1785538151
2026-07-31T22:53:45Z,722,7,1,8,0,0,1,1,1,1785538223
2026-07-31T22:53:45Z,723,14,2,9,0,0,1,1,1,1785536628
2026-07-31T22:53:45Z,724,6,3,16,1,0,1,1,1,1785537665
2026-07-31T22:53:45Z,725,1,0,22,0,0,1,1,1,1785538397
2026-07-31T22:53:45Z,726,8,0,9,2,0,1,1,1,1785537824
2026-07-31T22:53:45Z,727,10,5,12,1,0,1,1,1,1785537487
2026-07-31T22:53:45Z,728,9,0,5,1,0,1,1,1,1785536934
2026-07-31T22:53:45Z,729,2,0,17,0,0,1,1,1,1785538307
2026-07-31T22:53:45Z,730,0,0,12,3,0,1,1,1,1785537532
2026-07-31T22:53:45Z,731,3,3,10,2,0,1,1,1,1785536679
2026-07-31T22:53:45Z,732,5,3,10,0,0,1,1,1,1785537691
2026-07-31T22:53:45Z,733,22,3,5,0,0,1,1,1,1785538200
2026-07-31T22:53:45Z,734,1,0,13,0,0,1,1,1,1785537574
2026-07-31T22:53:45Z,735,24,10,3,0,0,1,1,1,1785538403
2026-07-31T22:53:45Z,736,12,0,7,0,0,1,1,1,1785537457
2026-07-31T22:53:45Z,737,3,1,11,0,1,1,1,1,1785538127
2026-07-31T22:53:45Z,738,15,4,4,0,0,1,1,1,1785538184
2026-07-31T22:53:45Z,739,18,0,8,1,0,1,1,1,1785536963
2026-07-31T22:53:45Z,741,6,0,17,0,0,1,1,1,1785537008
2026-07-31T22:53:45Z,742,12,9,21,2,0,1,1,1,1785538330
2026-07-31T22:53:45Z,743,5,2,14,0,0,1,1,1,1785536885
2026-07-31T22:53:45Z,744,10,3,5,0,0,1,1,1,1785537981
2026-07-31T22:53:45Z,745,10,4,9,0,0,1,1,1,1785537404
2026-07-31T22:53:45Z,746,7,0,16,0,0,1,1,1,1785538252
2026-07-31T22:53:45Z,747,0,0,4,0,0,0,1,1,1783446606
2026-07-31T22:53:45Z,748,8,0,15,0,0,1,1,1,1785538269
2026-07-31T22:53:45Z,749,9,0,14,0,0,1,1,1,1785538267
2026-07-31T22:53:45Z,750,9,6,2,0,0,1,1,1,1785538339
2026-07-31T22:53:45Z,751,11,11,12,0,0,1,1,1,1785538344
2026-07-31T22:53:45Z,752,0,0,16,1,0,1,1,1,1785538107
2026-07-31T22:53:45Z,753,6,0,8,1,0,1,1,1,1785538029
2026-07-31T22:53:45Z,754,4,1,11,0,0,1,1,1,1785537840
2026-07-31T22:53:45Z,755,15,4,7,1,0,1,1,1,1785538077
2026-07-31T22:53:45Z,756,3,3,33,1,0,1,1,1,1785537909
2026-07-31T22:53:45Z,757,5,1,14,0,0,1,1,1,1785538175
2026-07-31T22:53:45Z,758,5,3,18,0,0,1,1,1,1785538261
2026-07-31T22:53:45Z,759,0,0,0,0,0,1,1,1,86400
2026-07-31T22:53:45Z,760,9,2,10,0,0,1,1,1,1785531870
2026-07-31T22:53:45Z,761,6,1,17,0,0,1,1,1,1785538162
2026-07-31T22:53:45Z,762,4,2,6,5,0,1,1,1,1785536702
2026-07-31T22:53:45Z,768,7,0,8,4,0,1,1,1,1785537694
2026-07-31T22:53:45Z,769,16,8,0,3,0,1,1,1,1785537821
2026-07-31T22:53:45Z,770,9,2,8,2,0,1,1,1,1785537254
2026-07-31T22:53:45Z,771,12,1,2,1,0,1,1,1,1785536656
2026-07-31T22:53:45Z,772,0,0,15,0,0,1,1,1,1785537924
2026-07-31T22:53:45Z,773,18,4,1,0,0,1,1,1,1785538330
2026-07-31T22:53:45Z,774,5,1,6,4,0,1,1,1,1785536972
2026-07-31T22:53:45Z,775,3,1,13,2,1,1,1,1,1785537870
2026-07-31T22:53:45Z,776,4,2,16,1,0,1,1,1,1785538273
2026-07-31T22:53:45Z,777,10,1,5,0,0,1,1,1,1785538221
2026-07-31T22:53:45Z,778,13,0,6,0,0,1,1,1,1785537104
2026-07-31T22:53:45Z,779,6,0,12,1,0,1,1,1,1785538184
2026-07-31T22:53:45Z,780,5,2,14,0,0,1,1,1,1785538252
2026-07-31T22:53:45Z,781,3,1,6,2,0,1,1,1,1785537785
2026-07-31T22:53:45Z,782,0,0,15,4,0,1,1,1,1785536897
2026-07-31T22:53:45Z,783,6,3,13,0,0,1,1,1,1785538181
2026-07-31T22:53:45Z,784,9,2,10,0,0,1,1,1,1785537559
2026-07-31T22:53:45Z,785,9,2,4,6,0,1,1,1,1785538225
2026-07-31T22:53:45Z,786,7,3,10,2,0,1,1,1,1785538231
2026-07-31T22:53:45Z,787,4,3,10,1,0,1,1,1,1785537390
2026-07-31T22:53:45Z,788,7,1,8,0,0,1,1,1,1785537617
2026-07-31T22:53:45Z,789,7,2,4,4,0,1,1,1,1785537785
2026-07-31T22:53:45Z,790,3,1,17,3,0,1,1,1,1785538220
2026-07-31T22:53:45Z,791,7,0,11,0,1,1,1,1,1785538168
2026-07-31T22:53:45Z,793,4,0,10,1,0,1,1,1,1785536933
2026-07-31T22:53:45Z,794,2,1,25,2,0,1,1,1,1785537847
2026-07-31T22:53:45Z,796,4,3,14,1,0,1,1,1,1785538372
2026-07-31T22:53:45Z,797,5,1,10,0,0,1,1,1,1785537166
2026-07-31T22:53:45Z,798,16,1,8,1,0,1,1,1,1785538145
2026-07-31T22:53:45Z,799,15,2,0,4,0,1,1,1,1785536794
2026-07-31T22:53:45Z,800,1,1,19,1,0,1,1,1,1785538262
2026-07-31T22:53:45Z,801,4,1,16,1,0,1,1,1,1785538357
2026-07-31T22:53:45Z,802,7,0,24,0,0,1,1,1,1785537075
2026-07-31T22:53:45Z,803,4,0,11,0,0,1,1,1,1785538391
2026-07-31T22:53:45Z,806,3,3,11,1,0,1,1,1,1785537704
2026-07-31T22:53:45Z,807,8,4,14,3,0,1,1,1,1785537315
2026-07-31T22:53:45Z,808,12,0,10,3,0,1,1,1,1785537562
2026-07-31T22:53:45Z,809,4,1,18,1,0,1,1,1,1785536839
2026-07-31T22:53:45Z,810,3,1,14,2,0,1,1,1,1785537204
2026-07-31T22:53:45Z,815,5,2,5,4,1,1,1,1,1785537200
2026-07-31T22:53:45Z,817,10,6,5,0,0,1,1,1,1785537934
2026-07-31T22:53:45Z,818,5,1,17,1,0,1,1,1,1785537473
2026-07-31T22:53:45Z,819,5,3,10,0,0,1,1,1,1785537833
2026-07-31T22:53:45Z,820,11,1,6,0,0,1,1,1,1785537853
2026-07-31T22:53:45Z,821,4,3,11,0,0,1,1,1,1785536905
2026-07-31T22:53:45Z,822,6,0,16,1,0,1,1,1,1785538337
2026-07-31T22:53:45Z,823,14,0,0,1,0,1,1,1,1785538222
2026-07-31T22:53:45Z,824,18,9,1,0,0,1,1,1,1785537709
2026-07-31T22:53:45Z,825,6,5,8,1,0,1,1,1,1785538021
2026-07-31T22:53:45Z,826,7,0,10,2,0,1,1,1,1785537805
2026-07-31T22:53:45Z,827,16,4,3,2,0,1,1,1,1785537356
2026-07-31T22:53:45Z,828,11,0,5,2,0,1,1,1,1785537182
2026-07-31T22:53:45Z,829,18,7,9,0,0,1,1,1,1785538127
2026-07-31T22:53:45Z,830,18,0,4,1,0,1,1,1,1785537903
2026-07-31T22:53:45Z,831,6,3,7,2,0,1,1,1,1785538158
2026-07-31T22:53:45Z,832,7,3,8,3,0,1,1,1,1785538338
2026-07-31T22:53:45Z,833,5,1,13,1,0,1,1,1,1785538084
2026-07-31T22:53:45Z,834,4,0,19,1,0,1,1,1,1785538383
2026-07-31T22:53:45Z,835,2,2,14,2,0,1,1,1,1785538324
2026-07-31T22:53:45Z,838,7,3,7,1,0,1,1,1,1785537753
2026-07-31T22:53:45Z,839,8,0,19,2,0,1,1,1,1785538252
2026-07-31T22:53:45Z,840,1,0,27,1,0,1,1,1,1785538330
2026-07-31T22:53:45Z,841,8,2,7,0,0,1,1,1,1785538135
2026-07-31T22:53:45Z,842,1,0,22,0,0,1,1,1,1785538078
2026-07-31T22:53:45Z,843,16,2,15,0,0,1,1,1,1785537169
2026-07-31T22:53:45Z,844,4,0,19,0,0,1,1,1,1785538390
2026-07-31T22:53:45Z,845,5,3,12,2,0,1,1,1,1785536604
2026-07-31T22:53:45Z,846,4,2,14,1,0,1,1,1,1785537558
2026-07-31T22:53:45Z,847,7,1,20,0,0,1,1,1,1785537475
2026-07-31T22:53:45Z,848,3,3,15,1,0,1,1,1,1785536822
2026-07-31T22:53:45Z,849,7,0,7,1,0,1,1,1,1785537364
2026-07-31T22:53:45Z,850,5,0,6,0,0,1,1,1,1785538141
2026-07-31T22:53:45Z,851,3,2,31,3,0,1,1,1,1785537724
2026-07-31T22:53:45Z,852,10,4,9,0,0,1,1,1,1785538093
2026-07-31T22:53:45Z,853,11,5,12,0,0,1,1,1,1785537268
2026-07-31T22:53:45Z,854,0,0,15,0,0,1,1,1,1785537211
2026-07-31T22:53:45Z,855,23,0,4,0,0,1,1,1,1785536652
2026-07-31T22:53:45Z,857,8,6,9,2,0,1,1,1,1785538296
2026-07-31T22:53:45Z,858,5,2,13,1,0,1,1,1,1785537012
2026-07-31T22:53:45Z,859,8,0,12,1,0,1,1,1,1785537189
2026-07-31T22:53:45Z,861,6,0,4,1,0,1,1,1,1785528609
2026-07-31T22:53:45Z,862,3,2,12,0,0,1,1,1,1785538180
2026-07-31T22:53:45Z,863,14,1,4,1,0,1,1,1,1785534680
2026-07-31T22:53:45Z,866,13,1,6,0,0,1,1,1,1785536758
2026-07-31T22:53:45Z,867,14,2,1,0,0,1,1,1,1785537782
2026-07-31T22:53:45Z,868,7,0,8,0,0,1,1,1,1785538039
2026-07-31T22:53:45Z,870,7,4,8,0,0,1,1,1,1785538269
2026-07-31T22:53:45Z,871,0,0,10,1,0,1,1,1,1785537585
2026-07-31T22:53:45Z,872,1,0,13,1,0,1,1,1,1785538175
2026-07-31T22:53:45Z,873,2,0,29,2,0,1,1,1,1785538392
2026-07-31T22:53:45Z,874,7,3,5,3,0,1,1,1,1785538309
2026-07-31T22:53:45Z,875,12,8,1,2,0,1,1,1,1785538404
2026-07-31T22:53:45Z,877,12,11,6,1,0,1,1,1,1785537877
2026-07-31T22:53:45Z,878,3,3,16,0,0,1,1,1,1785536629
2026-07-31T22:53:45Z,879,1,0,18,0,0,1,1,1,1785537479
2026-07-31T22:53:45Z,880,1,0,21,1,0,1,1,1,1785538406
2026-07-31T22:53:45Z,881,3,0,16,0,0,1,1,1,1785538311
2026-07-31T22:53:45Z,882,9,3,9,1,0,1,1,1,1785534469
2026-07-31T22:53:45Z,883,7,3,12,0,0,1,1,1,1785536679
2026-07-31T22:53:45Z,884,11,7,10,0,0,1,1,1,1785537901
2026-07-31T22:53:45Z,885,0,0,19,0,0,1,1,1,1785538108
2026-07-31T22:53:45Z,886,1,0,26,2,0,1,1,1,1785538310
2026-07-31T22:53:45Z,887,4,0,9,4,0,1,1,1,1785538222
2026-07-31T22:53:45Z,888,13,0,25,3,0,1,1,1,1785538239
2026-07-31T22:53:45Z,889,8,0,9,2,0,1,1,1,1785538375
2026-07-31T22:53:45Z,890,7,4,8,0,0,1,1,1,1785537599
2026-07-31T22:53:45Z,891,17,1,5,1,0,1,1,1,1785538029
2026-07-31T22:53:45Z,892,10,0,5,0,0,1,1,1,1785536903
2026-07-31T22:53:45Z,895,2,0,17,0,0,1,1,1,1785536824
2026-07-31T22:53:45Z,896,7,2,28,0,0,1,1,1,1785534764
2026-07-31T22:53:45Z,897,15,0,6,0,0,1,1,1,1785538347
2026-07-31T22:53:45Z,898,2,0,17,0,0,1,1,1,1785538019
2026-07-31T22:53:45Z,899,9,0,9,1,0,1,1,1,1785538312
2026-07-31T22:53:45Z,900,7,0,19,1,0,1,1,1,1785538111
2026-07-31T22:53:45Z,901,4,0,14,1,0,1,1,1,1785538413
2026-07-31T22:53:45Z,902,5,1,10,0,0,1,1,1,1785537918
2026-07-31T22:53:45Z,903,7,2,11,1,0,1,1,1,1785537515
2026-07-31T22:53:45Z,904,9,4,9,1,0,1,1,1,1785537511
2026-07-31T22:53:45Z,905,15,3,11,1,0,1,1,1,1785538336
2026-07-31T22:53:45Z,906,11,8,16,0,0,1,1,1,1785538320
2026-07-31T22:53:45Z,907,6,1,24,1,0,1,1,1,1785538402
2026-07-31T22:53:45Z,908,12,2,11,0,0,1,1,1,1785536626
2026-07-31T22:53:45Z,909,7,4,16,0,0,1,1,1,1785538392
2026-07-31T22:53:45Z,910,24,2,6,1,0,1,1,1,1785538407
2026-07-31T22:53:45Z,911,4,1,15,0,0,1,1,1,1785537951
2026-07-31T22:53:45Z,912,2,1,20,1,0,1,1,1,1785538397
2026-07-31T22:53:45Z,913,5,3,14,0,0,1,1,1,1785537136
2026-07-31T22:53:45Z,914,11,1,6,2,0,1,1,1,1785538402
2026-07-31T22:53:45Z,915,11,4,9,3,0,1,1,1,1785538342
2026-07-31T22:53:45Z,916,8,1,15,0,0,1,1,1,1785538244
2026-07-31T22:53:45Z,917,5,0,29,1,0,1,1,1,1785537864
2026-07-31T22:53:45Z,918,1,0,14,4,0,1,1,1,1785538384
2026-07-31T22:53:45Z,919,7,1,32,0,0,1,1,1,1785538404
2026-07-31T22:53:45Z,920,8,3,11,0,0,1,1,1,1785538319
2026-07-31T22:53:45Z,921,11,0,10,0,0,1,1,1,1785538395
2026-07-31T22:53:45Z,922,0,0,21,0,0,1,1,1,1785537162
2026-07-31T22:53:45Z,923,2,1,17,0,0,1,1,1,1785538076
2026-07-31T22:53:45Z,924,6,1,14,1,0,1,1,1,1785537312
2026-07-31T22:53:45Z,925,11,0,10,0,0,1,1,1,1785536822
2026-07-31T22:53:45Z,926,2,0,19,0,0,1,1,1,1785536893
2026-07-31T22:53:45Z,927,18,2,17,0,0,1,1,1,1785538173
2026-07-31T22:53:45Z,928,0,0,19,0,0,0,1,1,1785500252
2026-07-31T22:53:45Z,929,9,2,14,0,0,1,1,1,1785538381
2026-07-31T22:53:45Z,930,18,0,12,1,0,1,1,1,1785538392
2026-07-31T22:53:45Z,931,4,4,18,1,0,1,1,1,1785537771
2026-07-31T22:53:45Z,932,14,0,2,3,0,1,1,1,1785538384
2026-07-31T22:53:45Z,933,10,2,10,3,0,1,1,1,1785538404
2026-07-31T22:53:45Z,934,26,0,4,1,0,1,1,1,1785538224
2026-07-31T22:53:45Z,935,13,0,5,1,0,1,1,1,1785537706
2026-07-31T22:53:45Z,936,6,0,13,0,0,1,1,1,1785538409
2026-07-31T22:53:45Z,940,5,0,5,1,0,1,1,1,1785537640
2026-07-31T22:53:45Z,941,17,2,5,3,0,1,1,1,1785537043
2026-07-31T22:53:45Z,942,13,2,8,0,0,1,1,1,1785537998
2026-07-31T22:53:45Z,943,8,8,7,0,0,1,1,1,1785538253
2026-07-31T22:53:45Z,944,10,8,5,0,0,1,1,1,1785538106
2026-07-31T22:53:45Z,945,7,5,8,0,0,1,1,1,1785537629
2026-07-31T22:53:45Z,946,7,5,12,0,0,1,1,1,1785523835
2026-07-31T22:53:45Z,947,5,3,12,0,0,1,1,1,1785538128
2026-07-31T22:53:45Z,948,14,14,13,4,0,1,1,1,1785538415
2026-07-31T22:53:45Z,949,1,0,14,0,0,1,1,1,1785538284
2026-07-31T22:53:45Z,950,1,1,15,1,0,1,1,1,1785538145
2026-07-31T22:53:45Z,951,15,5,8,0,0,1,1,1,1785538003
2026-07-31T22:53:45Z,952,24,3,30,1,0,1,1,1,1785538373
2026-07-31T22:53:45Z,953,6,1,8,1,0,1,1,1,1785538412
2026-07-31T22:53:45Z,954,9,1,10,0,0,1,1,1,1785538354
2026-07-31T22:53:45Z,955,14,8,7,6,0,1,1,1,1785537746
2026-07-31T22:53:45Z,956,14,0,7,2,0,1,1,1,1785538215
2026-07-31T22:53:45Z,957,23,2,6,0,0,1,1,1,1785538199
2026-07-31T22:53:45Z,958,24,2,7,0,0,1,1,1,1785538380
2026-07-31T22:53:45Z,959,6,1,16,1,0,1,1,1,1785538225
2026-07-31T22:53:45Z,960,8,3,15,0,0,1,1,1,1785538340
2026-07-31T22:53:45Z,961,3,1,17,3,0,1,1,1,1785537882
2026-07-31T22:53:45Z,962,8,0,24,3,0,1,1,1,1785537700
2026-07-31T22:53:45Z,963,15,0,7,1,0,1,1,1,1785538297
2026-07-31T22:53:45Z,964,16,10,6,1,0,1,1,1,1785537999
2026-07-31T22:53:45Z,965,13,6,13,1,0,1,1,1,1785537297
2026-07-31T22:53:45Z,966,11,0,19,1,0,1,1,1,1785538394
2026-07-31T22:53:45Z,967,0,0,20,1,0,1,1,1,1785538351
2026-07-31T22:53:45Z,968,12,0,6,1,0,1,1,1,1785538317
2026-07-31T22:53:45Z,969,2,1,23,2,0,1,1,1,1785538179
2026-07-31T22:53:45Z,970,0,0,18,1,0,1,1,1,1785538406
2026-07-31T22:53:45Z,971,3,0,19,1,0,1,1,1,1785538276
2026-07-31T22:53:45Z,972,10,4,12,1,0,1,1,1,1785538145
2026-07-31T22:53:45Z,973,5,0,17,1,0,1,1,1,1785538135
2026-07-31T22:53:45Z,974,12,0,14,1,0,1,1,1,1785538408
2026-07-31T22:53:45Z,977,0,0,19,2,0,1,1,1,1785538384
2026-07-31T22:53:45Z,978,18,0,5,0,0,1,1,1,1785537792
2026-07-31T22:53:45Z,979,1,0,16,0,0,1,1,1,1785537460
2026-07-31T22:53:45Z,980,3,0,17,1,0,1,1,1,1785538320
2026-07-31T22:53:45Z,981,8,0,13,0,0,1,1,1,1785538066
2026-07-31T22:53:45Z,982,3,0,14,2,0,1,1,1,1785538185
2026-07-31T22:53:45Z,983,2,2,21,0,0,1,1,1,1785536841
2026-07-31T22:53:45Z,984,5,0,18,0,0,1,1,1,1785538014
2026-07-31T22:53:45Z,985,8,0,22,1,0,1,1,1,1785538084
2026-07-31T22:53:45Z,986,4,0,15,0,0,1,1,1,1785538188
2026-07-31T22:53:45Z,987,6,0,17,0,0,1,1,1,1785537550
2026-07-31T22:53:45Z,988,4,2,14,1,0,1,1,1,1785538361
2026-07-31T22:53:45Z,989,7,4,12,0,0,1,1,1,1785537342
2026-07-31T22:53:45Z,990,12,0,2,1,0,1,1,1,1785538346
2026-07-31T22:53:45Z,991,9,0,9,1,0,1,1,1,1785538103
2026-07-31T22:53:45Z,992,9,5,14,0,0,1,1,1,1785537171
2026-07-31T22:53:45Z,993,5,4,21,1,0,1,1,1,1785537936
2026-07-31T22:53:45Z,994,0,0,21,0,0,1,1,1,1785537420
2026-07-31T22:53:45Z,995,7,1,20,0,0,1,1,1,1785536630
2026-07-31T22:53:45Z,996,7,2,16,0,0,1,1,1,1785538274
2026-07-31T22:53:45Z,997,15,8,8,0,0,1,1,1,1785538228
2026-07-31T22:53:45Z,998,5,4,18,0,0,1,1,1,1785536715
2026-07-31T22:53:45Z,999,4,1,15,1,1,1,1,1,1785538386
2026-07-31T22:53:45Z,1000,0,0,21,0,0,1,1,1,1785537255
2026-07-31T22:53:45Z,1001,5,3,22,0,0,1,1,1,1785536790
2026-07-31T22:53:45Z,1002,1,0,29,1,0,1,1,1,1785538388
2026-07-31T22:53:45Z,1003,1,0,22,0,0,1,1,1,1785538167
2026-07-31T22:53:45Z,1004,8,2,15,0,0,1,1,1,1785537659
2026-07-31T22:53:45Z,1005,20,1,3,0,0,1,1,1,1785538359
2026-07-31T22:53:45Z,1006,8,4,11,0,0,1,1,1,1785538160
2026-07-31T22:53:45Z,1007,2,1,19,0,0,1,1,1,1785537805
2026-07-31T22:53:45Z,1008,7,6,16,0,0,1,1,1,1785537347
2026-07-31T22:53:45Z,1009,22,5,8,1,0,1,1,1,1785537443
2026-07-31T22:53:45Z,1010,7,2,20,0,0,1,1,1,1785538078
2026-07-31T22:53:45Z,1011,7,2,10,2,0,1,1,1,1785536717
2026-07-31T22:53:45Z,1012,5,3,16,2,0,1,1,1,1785538131
2026-07-31T22:53:45Z,1013,4,1,18,1,0,1,1,1,1785536870
2026-07-31T22:53:45Z,1014,9,4,14,0,0,1,1,1,1785536840
2026-07-31T22:53:45Z,1015,4,3,26,1,0,1,1,1,1785537198
2026-07-31T22:53:45Z,1016,10,5,21,0,0,1,1,1,1785538095
2026-07-31T22:53:45Z,1017,13,5,8,0,0,1,1,1,1785537521
2026-07-31T22:53:45Z,1018,6,2,16,0,0,1,1,1,1785538209
2026-07-31T22:53:45Z,1019,8,5,7,0,0,1,1,1,1785538065
2026-07-31T22:53:45Z,1020,19,5,2,0,0,1,1,1,1785537387
2026-07-31T22:53:45Z,1021,9,4,6,0,0,1,1,1,1785537053
2026-07-31T22:53:45Z,1022,14,0,13,0,0,1,1,1,1785538348
2026-07-31T22:53:45Z,1023,14,2,9,0,0,1,1,1,1785537965
2026-07-31T22:53:45Z,1024,3,1,16,0,0,1,1,1,1785537107
2026-07-31T22:53:45Z,1025,4,0,14,0,1,1,1,1,1785538333
2026-07-31T22:53:45Z,1026,11,9,19,1,0,1,1,1,1785537708
2026-07-31T22:53:45Z,1028,3,1,20,0,0,1,1,1,1785538304
2026-07-31T22:53:45Z,1029,11,9,4,0,0,1,1,1,1785537362
2026-07-31T22:53:45Z,1030,13,4,10,0,0,1,1,1,1785537184
2026-07-31T22:53:45Z,1031,9,1,10,0,0,1,1,1,1785537485
2026-07-31T22:53:45Z,1032,7,1,12,0,0,1,1,1,1785538156
2026-07-31T22:53:45Z,1033,9,5,10,0,0,1,1,1,1785537166
2026-07-31T22:53:45Z,1034,3,0,12,0,0,1,1,1,1785538134
2026-07-31T22:53:45Z,1035,0,0,18,1,0,1,1,1,1785538159
2026-07-31T22:53:45Z,1036,13,0,2,0,0,1,1,1,1785536899
2026-07-31T22:53:45Z,1037,1,1,18,0,0,1,1,1,1785538375
2026-07-31T22:53:45Z,1038,1,0,14,0,0,1,1,1,1785537821
2026-07-31T22:53:45Z,1039,7,0,12,0,0,1,1,1,1785538306
2026-07-31T22:53:45Z,1040,8,5,11,0,0,1,1,1,1785538213
2026-07-31T22:53:45Z,1041,10,2,9,0,0,1,1,1,1785538077
2026-07-31T22:53:45Z,1042,3,0,11,1,0,1,1,1,1785538142
2026-07-31T22:53:45Z,1043,9,5,10,0,0,1,1,1,1785538239
2026-07-31T22:53:45Z,1044,1,0,14,0,0,1,1,1,1785537877
2026-07-31T22:53:45Z,1045,11,1,8,0,0,1,1,1,1785538247
2026-07-31T22:53:45Z,1046,9,0,6,0,0,1,1,1,1785537509
2026-07-31T22:53:45Z,1047,4,0,17,0,0,1,1,1,1785537114
2026-07-31T22:53:45Z,1048,2,0,17,0,0,1,1,1,1785538118
2026-07-31T22:53:45Z,1049,2,1,19,0,0,1,1,1,1785538226
2026-07-31T22:53:45Z,1050,20,5,1,0,0,1,1,1,1785537514
2026-07-31T22:53:45Z,1051,9,4,12,0,0,1,1,1,1785537382
2026-07-31T22:53:45Z,1052,17,1,4,1,0,1,1,1,1785538020
2026-07-31T22:53:45Z,1053,2,1,13,0,0,1,1,1,1785538015
2026-07-31T22:53:45Z,1054,7,2,8,0,0,1,1,1,1785538263
2026-07-31T22:53:45Z,1055,10,1,9,0,0,1,1,1,1785538288
2026-07-31T22:53:45Z,1057,0,0,19,0,0,1,1,1,1785537936
2026-07-31T22:53:45Z,1058,2,0,54,0,0,1,1,1,1785538373
2026-07-31T22:53:45Z,1059,4,2,14,1,0,1,1,1,1785538135
2026-07-31T22:53:45Z,1060,19,1,17,1,0,1,1,1,1785538392
2026-07-31T22:53:45Z,1061,14,0,23,0,0,1,1,1,1785536699
2026-07-31T22:53:45Z,1062,11,0,6,0,0,1,1,1,1785537912
2026-07-31T22:53:45Z,1063,12,1,6,1,0,1,1,1,1785538199
2026-07-31T22:53:45Z,1064,5,0,17,1,0,1,1,1,1785536850
2026-07-31T22:53:45Z,1065,14,3,9,0,0,1,1,1,1785537003
2026-07-31T22:53:45Z,1066,12,3,11,0,0,1,1,1,1785537355
2026-07-31T22:53:45Z,1067,7,1,14,2,0,1,1,1,1785537097
2026-07-31T22:53:45Z,1068,6,2,14,3,0,1,1,1,1785537648
2026-07-31T22:53:45Z,1069,12,3,11,0,0,1,1,1,1785536635
2026-07-31T22:53:45Z,1070,12,2,11,0,0,1,1,1,1785537334
2026-07-31T22:53:45Z,1071,8,4,15,0,0,1,1,1,1785536775
2026-07-31T22:53:45Z,1072,11,1,11,1,0,1,1,1,1785537097
2026-07-31T22:53:45Z,1073,11,0,15,1,0,1,1,1,1785538319
2026-07-31T22:53:45Z,1074,43,2,9,1,0,1,1,1,1785538411
2026-07-31T22:53:45Z,1075,8,8,13,0,0,1,1,1,1785537486
2026-07-31T22:53:45Z,1076,13,10,8,0,0,1,1,1,1785537407
2026-07-31T22:53:45Z,1077,12,7,9,0,0,1,1,1,1785537050
2026-07-31T22:53:45Z,1078,8,7,13,0,0,1,1,1,1785537911
2026-07-31T22:53:45Z,1079,14,10,7,0,0,1,1,1,1785538063
2026-07-31T22:53:45Z,1080,12,9,7,2,0,1,1,1,1785537991
2026-07-31T22:53:45Z,1081,13,8,6,0,0,1,1,1,1785537947
2026-07-31T22:53:45Z,1082,11,11,12,0,0,1,1,1,1785538065
2026-07-31T22:53:45Z,1083,12,11,9,0,0,1,1,1,1785538334
2026-07-31T22:53:45Z,1084,9,7,12,0,0,1,1,1,1785537948
2026-07-31T22:53:45Z,1085,12,9,9,0,0,1,1,1,1785537667
2026-07-31T22:53:45Z,1086,11,9,9,1,0,1,1,1,1785538360
2026-07-31T22:53:45Z,1087,8,7,7,0,0,1,1,1,1785537420
2026-07-31T22:53:45Z,1088,10,7,5,0,0,1,1,1,1785538199
2026-07-31T22:53:45Z,1089,9,7,6,0,0,1,1,1,1785537893
2026-07-31T22:53:45Z,1090,4,3,11,0,0,1,1,1,1785538357
2026-07-31T22:53:45Z,1091,7,5,8,0,0,1,1,1,1785537332
2026-07-31T22:53:45Z,1092,9,8,5,1,0,1,1,1,1785536715
2026-07-31T22:53:45Z,1093,5,5,9,1,0,1,1,1,1785537397
2026-07-31T22:53:45Z,1094,10,9,9,0,0,1,1,1,1785538150
2026-07-31T22:53:45Z,1095,10,8,5,0,0,1,1,1,1785538122
2026-07-31T22:53:45Z,1096,12,9,7,0,0,1,1,1,1785538053
2026-07-31T22:53:45Z,1097,8,8,7,0,0,1,1,1,1785536900
2026-07-31T22:53:45Z,1098,9,7,10,0,0,1,1,1,1785537758
2026-07-31T22:53:45Z,1099,7,6,8,0,0,1,1,1,1785537986
2026-07-31T22:53:45Z,1100,6,4,23,0,0,1,1,1,1785532207
2026-07-31T22:53:45Z,1101,10,5,11,0,0,1,1,1,1785537915
2026-07-31T22:53:45Z,1102,9,4,4,0,0,1,1,1,1785537107
2026-07-31T22:53:45Z,1103,11,5,10,0,0,1,1,1,1785503681
2026-07-31T22:53:45Z,1104,11,6,10,0,0,1,1,1,1785537666
2026-07-31T22:53:45Z,1105,8,4,5,0,0,1,1,1,1785537500
2026-07-31T22:53:45Z,1106,10,5,11,0,0,1,1,1,1785538007
2026-07-31T22:53:45Z,1107,9,5,6,0,0,1,1,1,1785538244
2026-07-31T22:53:45Z,1108,9,5,15,2,1,1,1,1,1785537040
2026-07-31T22:53:45Z,1109,7,3,8,0,0,1,1,1,1785538185
2026-07-31T22:53:45Z,1110,11,3,10,0,0,1,1,1,1785537530
2026-07-31T22:53:45Z,1111,9,3,11,1,0,1,1,1,1785537736
2026-07-31T22:53:45Z,1112,24,0,29,0,0,1,1,1,1785538211
2026-07-31T22:53:45Z,1113,0,0,21,0,0,1,1,1,1785537442
2026-07-31T22:53:45Z,1115,14,1,5,4,0,1,1,1,1785536917
2026-07-31T22:53:45Z,1116,2,0,17,0,0,1,1,1,1785538177
2026-07-31T22:53:45Z,1117,8,1,14,1,0,1,1,1,1785538144
2026-07-31T22:53:45Z,1118,15,0,6,0,0,1,1,1,1785537982
2026-07-31T22:53:45Z,1119,6,1,11,0,0,1,1,1,1785537352
2026-07-31T22:53:45Z,1120,7,1,11,1,0,1,1,1,1785538267
2026-07-31T22:53:45Z,1121,9,0,11,1,0,1,1,1,1785538407
2026-07-31T22:53:45Z,1122,3,2,17,1,0,1,1,1,1785537879
2026-07-31T22:53:45Z,1123,13,7,8,2,0,1,1,1,1785538109
2026-07-31T22:53:45Z,1124,9,2,5,1,0,1,1,1,1785538233
2026-07-31T22:53:45Z,1125,17,1,6,0,0,1,1,1,1785538038
2026-07-31T22:53:45Z,1126,4,1,17,0,0,1,1,1,1785537803
2026-07-31T22:53:45Z,1127,5,2,14,0,0,1,1,1,1785537983
2026-07-31T22:53:45Z,1128,1,1,14,0,0,1,1,1,1785538139
2026-07-31T22:53:45Z,1129,2,0,17,2,0,1,1,1,1785538278
2026-07-31T22:53:45Z,1130,12,0,3,0,0,1,1,1,1785538415
2026-07-31T22:53:45Z,1131,1,1,47,1,0,1,1,1,1785537450
2026-07-31T22:53:45Z,1132,12,4,8,1,0,1,1,1,1785538258
2026-07-31T22:53:45Z,1133,4,4,15,2,0,1,1,1,1785538414
2026-07-31T22:53:45Z,1134,12,6,7,0,0,1,1,1,1785536874
2026-07-31T22:53:45Z,1135,12,6,9,0,0,1,1,1,1785537813
2026-07-31T22:53:45Z,1136,15,1,8,0,0,1,1,1,1785538391
2026-07-31T22:53:45Z,1137,11,1,4,0,0,1,1,1,1785538057
2026-07-31T22:53:45Z,1138,2,0,17,0,0,1,1,1,1785538258
2026-07-31T22:53:45Z,1139,12,3,8,1,0,1,1,1,1785538365
2026-07-31T22:53:45Z,1140,0,0,21,2,0,1,1,1,1785538002
2026-07-31T22:53:45Z,1141,0,0,20,1,0,1,1,1,1785538307
2026-07-31T22:53:45Z,1142,5,0,16,0,0,1,1,1,1785537036
2026-07-31T22:53:45Z,1143,23,0,5,1,0,1,1,1,1785538411
2026-07-31T22:53:45Z,1144,8,0,12,1,0,1,1,1,1785537256
2026-07-31T22:53:45Z,1145,11,5,9,1,0,1,1,1,1785536772
2026-07-31T22:53:45Z,1146,14,4,3,2,0,1,1,1,1785538389
2026-07-31T22:53:45Z,1147,15,1,4,0,0,1,1,1,1785538357
2026-07-31T22:53:45Z,1148,1,0,30,0,0,1,1,1,1785538170
2026-07-31T22:53:45Z,1149,4,2,16,5,0,1,1,1,1785538398
2026-07-31T22:53:45Z,1150,1,0,18,0,0,1,1,1,1785538005
2026-07-31T22:53:45Z,1151,7,0,14,0,0,1,1,1,1785537023
2026-07-31T22:53:45Z,1152,2,0,27,0,0,1,1,1,1785538310
2026-07-31T22:53:45Z,1153,22,3,0,1,0,1,1,1,1785537986
2026-07-31T22:53:45Z,1154,4,0,15,0,0,1,1,1,1785537564
2026-07-31T22:53:45Z,1155,7,2,11,3,0,1,1,1,1785538198
2026-07-31T22:53:45Z,1158,3,1,16,0,0,1,1,1,1785538060
2026-07-31T22:53:45Z,1159,14,2,5,0,0,1,1,1,1785536608
2026-07-31T22:53:45Z,1160,7,2,12,0,0,1,1,1,1785536979
2026-07-31T22:53:45Z,1161,3,0,15,1,0,1,1,1,1785536743
2026-07-31T22:53:45Z,1162,4,0,15,0,0,1,1,1,1785537000
2026-07-31T22:53:45Z,1163,4,3,14,1,0,1,1,1,1785538182
2026-07-31T22:53:45Z,1164,5,1,14,0,0,1,1,1,1785538238
2026-07-31T22:53:45Z,1165,1,0,20,0,0,1,1,1,1785537169
2026-07-31T22:53:45Z,1166,13,3,7,1,0,1,1,1,1785536709
2026-07-31T22:53:45Z,1167,4,0,11,0,0,1,1,1,1785537905
2026-07-31T22:53:45Z,1168,3,0,18,2,0,1,1,1,1785536663
2026-07-31T22:53:45Z,1169,3,0,15,1,0,1,1,1,1785538085
2026-07-31T22:53:45Z,1170,5,1,16,0,0,1,1,1,1785538379
2026-07-31T22:53:45Z,1171,8,8,15,0,0,1,1,1,1785538192
2026-07-31T22:53:45Z,1172,5,0,8,2,0,1,1,1,1785538235
2026-07-31T22:53:45Z,1173,13,4,6,0,0,1,1,1,1785538343
2026-07-31T22:53:45Z,1174,3,0,12,0,0,1,1,1,1785538106
2026-07-31T22:53:45Z,1175,4,2,15,0,0,1,1,1,1785535612
2026-07-31T22:53:45Z,1176,8,2,13,0,0,1,1,1,1785537574
2026-07-31T22:53:45Z,1177,4,2,17,0,0,1,1,1,1785537505
2026-07-31T22:53:45Z,1178,5,2,10,0,0,1,1,1,1785537899
2026-07-31T22:53:45Z,1181,12,1,3,0,0,1,1,1,1785537887
2026-07-31T22:53:45Z,1182,16,3,3,1,0,1,1,1,1785538379
2026-07-31T22:53:45Z,1183,17,0,26,2,0,1,1,1,1785538352
2026-07-31T22:53:45Z,1184,4,3,14,3,0,1,1,1,1785538179
2026-07-31T22:53:45Z,1185,10,6,11,0,0,1,1,1,1785537642
2026-07-31T22:53:45Z,1186,9,5,10,0,0,1,1,1,1785536797
2026-07-31T22:53:45Z,1187,10,5,10,1,0,1,1,1,1785537023
2026-07-31T22:53:45Z,1188,10,5,5,0,0,1,1,1,1785538241
2026-07-31T22:53:45Z,1189,8,3,11,0,0,1,1,1,1785538376
2026-07-31T22:53:45Z,1190,9,4,12,0,0,1,1,1,1785537795
2026-07-31T22:53:45Z,1191,10,5,5,0,0,1,1,1,1785538244
2026-07-31T22:53:45Z,1192,11,7,9,1,0,1,1,1,1785538161
2026-07-31T22:53:45Z,1193,6,4,5,2,0,1,1,1,1785537201
2026-07-31T22:53:45Z,1197,9,6,7,1,0,1,1,1,1785538200
2026-07-31T22:53:45Z,1198,13,4,6,2,0,1,1,1,1785536868
2026-07-31T22:53:45Z,1199,3,0,16,0,0,1,1,1,1785536869
2026-07-31T22:53:45Z,1200,8,4,7,0,0,1,1,1,1785538285
2026-07-31T22:53:45Z,1201,9,4,6,0,0,1,1,1,1785538256
2026-07-31T22:53:45Z,1202,10,5,5,0,0,1,1,1,1785538357
2026-07-31T22:53:45Z,1203,11,5,4,0,0,1,1,1,1785538264
2026-07-31T22:53:45Z,1204,7,4,12,0,0,1,1,1,1785538043
2026-07-31T22:53:45Z,1206,11,5,10,0,0,1,1,1,1785537286
2026-07-31T22:53:45Z,1207,8,4,6,1,0,1,1,1,1785536759
2026-07-31T22:53:45Z,1208,10,4,9,0,0,1,1,1,1785536709
2026-07-31T22:53:45Z,1216,9,0,11,1,0,1,1,1,1785538093
2026-07-31T22:53:45Z,1218,4,0,17,0,0,1,1,1,1785537899
2026-07-31T22:53:45Z,1219,2,1,10,3,0,1,1,1,1785538175
2026-07-31T22:53:45Z,1220,16,6,3,0,0,1,1,1,1785538279
2026-07-31T22:53:45Z,1221,1,1,19,1,0,1,1,1,1785537252
2026-07-31T22:53:45Z,1222,15,1,14,0,0,1,1,1,1785538312
2026-07-31T22:53:45Z,1223,25,0,3,1,0,1,1,1,1785538158
2026-07-31T22:53:45Z,1226,0,0,3,0,0,0,1,1,1781868931
2026-07-31T22:53:45Z,1227,8,0,16,1,0,1,1,1,1785538349
2026-07-31T22:53:45Z,1228,0,0,28,1,0,1,1,1,1785537564
2026-07-31T22:53:45Z,1229,42,0,3,0,0,1,1,1,1785538282
2026-07-31T22:58:45Z,1,17,0,5,1,0,1,1,1,1785538612
2026-07-31T22:58:45Z,2,10,0,14,3,0,1,1,1,1785538496
2026-07-31T22:58:45Z,3,6,1,7,1,0,1,1,1,1785538713
2026-07-31T22:58:45Z,4,19,0,2,1,0,1,1,1,1785536872
2026-07-31T22:58:45Z,5,18,3,2,3,0,1,1,1,1785538393
2026-07-31T22:58:45Z,6,2,0,13,0,0,1,1,1,1785538414
2026-07-31T22:58:45Z,7,9,0,30,0,0,1,1,1,1785538586
2026-07-31T22:58:45Z,8,14,0,29,0,0,1,1,1,1785537446
2026-07-31T22:58:45Z,9,13,0,10,0,0,1,1,1,1785538570
2026-07-31T22:58:45Z,10,4,2,16,3,0,1,1,1,1785538156
2026-07-31T22:58:45Z,11,6,2,11,2,0,1,1,1,1785538283
2026-07-31T22:58:45Z,12,9,1,14,0,0,1,1,1,1785538703
2026-07-31T22:58:45Z,13,23,2,6,1,0,1,1,1,1785538293
2026-07-31T22:58:45Z,14,17,1,25,0,1,1,1,1,1785538493
2026-07-31T22:58:45Z,15,15,0,0,0,0,1,1,1,1785536042
2026-07-31T22:58:45Z,16,0,0,24,2,1,1,1,1,1785538462
2026-07-31T22:58:45Z,17,23,0,3,1,0,1,1,1,1785538706
2026-07-31T22:58:45Z,18,11,0,4,3,0,1,1,1,1785538697
2026-07-31T22:58:45Z,19,5,1,21,1,0,1,1,1,1785538602
2026-07-31T22:58:45Z,20,15,1,19,1,0,1,1,1,1785538672
2026-07-31T22:58:45Z,21,8,0,8,3,0,1,1,1,1785538545
2026-07-31T22:58:45Z,22,14,0,50,1,0,1,1,1,1785538682
2026-07-31T22:58:45Z,23,7,7,24,0,0,1,1,1,1785538270
2026-07-31T22:58:45Z,24,2,0,8,1,0,1,1,1,1785538713
2026-07-31T22:58:45Z,25,71,0,8,2,0,1,1,1,1785538674
2026-07-31T22:58:45Z,26,23,0,4,0,0,1,1,1,1785538693
2026-07-31T22:58:45Z,28,8,1,7,0,0,1,1,1,1785538518
2026-07-31T22:58:45Z,30,17,0,10,2,0,1,1,1,1785538047
2026-07-31T22:58:45Z,31,8,0,9,2,0,1,1,1,1785538700
2026-07-31T22:58:45Z,32,3,0,24,0,0,1,1,1,1785538692
2026-07-31T22:58:45Z,34,13,0,24,0,0,1,1,1,1785537832
2026-07-31T22:58:45Z,35,23,2,23,1,0,1,1,1,1785538706
2026-07-31T22:58:45Z,36,0,0,0,0,0,0,1,1,86400
2026-07-31T22:58:45Z,37,18,4,5,0,0,1,1,1,1785538672
2026-07-31T22:58:45Z,38,0,0,23,0,0,1,1,1,1785538624
2026-07-31T22:58:45Z,39,11,4,28,0,0,1,1,1,1785538401
2026-07-31T22:58:45Z,40,5,0,16,0,0,1,1,1,1785538699
2026-07-31T22:58:45Z,41,19,1,24,0,0,1,1,1,1785538469
2026-07-31T22:58:45Z,42,7,4,24,0,0,1,1,1,1785538120
2026-07-31T22:58:45Z,43,10,1,13,0,0,1,1,1,1785538055
2026-07-31T22:58:45Z,45,4,0,25,0,0,1,1,1,1785538126
2026-07-31T22:58:45Z,46,3,2,27,1,0,1,1,1,1785538416
2026-07-31T22:58:45Z,47,3,0,11,1,0,1,1,1,1785538671
2026-07-31T22:58:45Z,48,18,0,9,0,0,1,1,1,1785538684
2026-07-31T22:58:45Z,49,0,0,19,4,0,1,1,1,1785538709
2026-07-31T22:58:45Z,50,1,0,15,3,0,1,1,1,1785538391
2026-07-31T22:58:45Z,51,30,0,47,0,0,1,1,1,1785537832
2026-07-31T22:58:45Z,52,7,0,17,3,0,1,1,1,1785538664
2026-07-31T22:58:45Z,55,3,0,19,1,0,1,1,1,1785538713
2026-07-31T22:58:45Z,56,6,2,37,0,0,1,1,1,1785538678
2026-07-31T22:58:45Z,57,22,0,5,0,0,1,1,1,1785538548
2026-07-31T22:58:45Z,58,0,0,28,0,0,1,1,1,1785537262
2026-07-31T22:58:45Z,59,6,0,19,2,0,1,1,1,1785538646
2026-07-31T22:58:45Z,61,28,0,11,0,0,1,1,1,1785537159
2026-07-31T22:58:45Z,62,12,9,37,0,0,1,1,1,1785538689
2026-07-31T22:58:45Z,63,13,4,5,1,0,1,1,1,1785538630
2026-07-31T22:58:45Z,64,10,1,5,4,0,1,1,1,1785535815
2026-07-31T22:58:45Z,65,12,4,6,1,0,1,1,1,1785536898
2026-07-31T22:58:45Z,67,12,0,27,0,0,1,1,1,1785538280
2026-07-31T22:58:45Z,68,33,0,3,1,0,1,1,1,1785538151
2026-07-31T22:58:45Z,69,5,0,10,0,0,1,1,1,1785537645
2026-07-31T22:58:45Z,71,7,0,17,3,0,1,1,1,1785538706
2026-07-31T22:58:45Z,72,24,4,4,2,1,1,1,1,1785538301
2026-07-31T22:58:45Z,73,0,0,31,0,0,1,1,1,1785538605
2026-07-31T22:58:45Z,74,3,2,16,0,0,1,1,1,1785538513
2026-07-31T22:58:45Z,75,5,0,26,1,0,1,1,1,1785538322
2026-07-31T22:58:45Z,76,3,1,14,2,0,1,1,1,1785538716
2026-07-31T22:58:45Z,77,18,0,7,2,0,1,1,1,1785538683
2026-07-31T22:58:45Z,78,1,1,22,0,0,1,1,1,1785538135
2026-07-31T22:58:45Z,79,1,0,15,1,0,1,1,1,1785538424
2026-07-31T22:58:45Z,80,13,1,7,3,0,1,1,1,1785538715
2026-07-31T22:58:45Z,81,11,2,19,1,0,1,1,1,1785538512
2026-07-31T22:58:45Z,82,16,11,6,1,0,1,1,1,1785538701
2026-07-31T22:58:45Z,83,10,6,23,1,0,1,1,1,1785538698
2026-07-31T22:58:45Z,84,12,3,15,0,0,1,1,1,1785538489
2026-07-31T22:58:45Z,85,6,1,9,0,0,1,1,1,1785538067
2026-07-31T22:58:45Z,86,5,3,22,0,0,1,1,1,1785538258
2026-07-31T22:58:45Z,87,0,0,19,0,0,1,1,1,1785533075
2026-07-31T22:58:45Z,88,21,1,21,1,0,1,1,1,1785538706
2026-07-31T22:58:45Z,89,15,0,20,0,0,1,1,1,1785537515
2026-07-31T22:58:45Z,90,12,0,5,1,0,1,1,1,1785538470
2026-07-31T22:58:45Z,91,2,1,15,0,0,1,1,1,1785538287
2026-07-31T22:58:45Z,92,5,2,11,3,0,1,1,1,1785538652
2026-07-31T22:58:45Z,93,6,0,16,1,0,1,1,1,1785538471
2026-07-31T22:58:45Z,94,8,0,10,1,0,1,1,1,1785538022
2026-07-31T22:58:45Z,95,2,0,31,1,1,1,1,1,1785538710
2026-07-31T22:58:45Z,96,27,4,3,1,0,1,1,1,1785538651
2026-07-31T22:58:45Z,97,3,1,13,1,0,1,1,1,1785538457
2026-07-31T22:58:45Z,98,24,4,9,2,0,1,1,1,1785538696
2026-07-31T22:58:45Z,99,15,1,0,0,0,1,1,1,1785538180
2026-07-31T22:58:45Z,100,18,2,9,0,0,1,1,1,1785538686
2026-07-31T22:58:45Z,101,7,1,7,1,0,1,1,1,1785538049
2026-07-31T22:58:45Z,102,21,0,1,1,0,1,1,1,1785538596
2026-07-31T22:58:45Z,103,26,0,1,3,0,1,1,1,1785538715
2026-07-31T22:58:45Z,104,10,0,15,2,0,1,1,1,1785538712
2026-07-31T22:58:45Z,105,17,0,2,0,0,1,1,1,1785535842
2026-07-31T22:58:45Z,106,17,0,3,1,0,1,1,1,1785538359
2026-07-31T22:58:45Z,107,16,0,20,1,0,1,1,1,1785538677
2026-07-31T22:58:45Z,108,29,1,4,2,0,1,1,1,1785538676
2026-07-31T22:58:45Z,109,23,0,0,0,0,1,1,1,1785538204
2026-07-31T22:58:45Z,110,18,0,5,0,0,1,1,1,1785538692
2026-07-31T22:58:45Z,111,3,1,33,0,0,1,1,1,1785538631
2026-07-31T22:58:45Z,112,7,0,7,1,0,1,1,1,1785538574
2026-07-31T22:58:45Z,113,5,0,13,1,0,1,1,1,1785538685
2026-07-31T22:58:45Z,114,7,2,21,2,1,1,1,1,1785538621
2026-07-31T22:58:45Z,115,19,11,5,4,0,1,1,1,1785538700
2026-07-31T22:58:45Z,116,9,8,18,0,0,1,1,1,1785538592
2026-07-31T22:58:45Z,118,19,2,1,3,0,1,1,1,1785538481
2026-07-31T22:58:45Z,119,0,0,36,2,0,1,1,1,1785538638
2026-07-31T22:58:45Z,120,6,1,20,1,0,1,1,1,1785538377
2026-07-31T22:58:45Z,121,1,1,16,1,1,1,1,1,1785538712
2026-07-31T22:58:45Z,122,10,1,10,1,0,1,1,1,1785538507
2026-07-31T22:58:45Z,123,3,2,44,0,0,1,1,1,1785538618
2026-07-31T22:58:45Z,124,7,1,28,0,0,1,1,1,1785538675
2026-07-31T22:58:45Z,125,2,0,20,1,0,1,1,1,1785538706
2026-07-31T22:58:45Z,126,16,2,15,0,0,1,1,1,1785537365
2026-07-31T22:58:45Z,127,14,1,19,2,0,1,1,1,1785538554
2026-07-31T22:58:45Z,128,10,4,9,0,0,1,1,1,1785538533
2026-07-31T22:58:45Z,129,6,1,11,2,0,1,1,1,1785538389
2026-07-31T22:58:45Z,130,10,0,7,0,0,1,1,1,1785538375
2026-07-31T22:58:45Z,131,8,2,2,1,0,1,1,1,1785537496
2026-07-31T22:58:45Z,132,10,4,4,0,1,1,1,1,1785538050
2026-07-31T22:58:45Z,134,14,0,4,5,0,1,1,1,1785538652
2026-07-31T22:58:45Z,135,6,4,10,3,0,1,1,1,1785538687
2026-07-31T22:58:45Z,136,1,0,0,20,2,1,1,1,1785538715
2026-07-31T22:58:45Z,137,8,2,11,0,0,1,1,1,1785538668
2026-07-31T22:58:45Z,138,19,1,18,0,0,1,1,1,1785538576
2026-07-31T22:58:45Z,139,10,3,9,0,0,1,1,1,1785538635
2026-07-31T22:58:45Z,140,4,1,18,1,0,1,1,1,1785538711
2026-07-31T22:58:45Z,141,10,4,26,0,0,1,1,1,1785538541
2026-07-31T22:58:45Z,142,2,0,21,0,0,1,1,1,1785538668
2026-07-31T22:58:45Z,143,22,0,9,0,0,1,1,1,1785538703
2026-07-31T22:58:45Z,144,26,5,0,1,0,1,1,1,1785538626
2026-07-31T22:58:45Z,146,1,0,21,1,0,1,1,1,1785538683
2026-07-31T22:58:45Z,147,0,0,16,3,0,1,1,1,1785538284
2026-07-31T22:58:45Z,148,5,1,19,3,0,1,1,1,1785538583
2026-07-31T22:58:45Z,149,0,0,27,0,0,1,1,1,1785537283
2026-07-31T22:58:45Z,150,9,0,24,2,0,1,1,1,1785538710
2026-07-31T22:58:45Z,151,2,0,21,0,0,1,1,1,1785538627
2026-07-31T22:58:45Z,152,7,0,16,3,0,1,1,1,1785538714
2026-07-31T22:58:45Z,153,12,0,14,2,0,1,1,1,1785538382
2026-07-31T22:58:45Z,154,17,3,3,3,0,1,1,1,1785538569
2026-07-31T22:58:45Z,155,8,3,5,1,0,1,1,1,1785538452
2026-07-31T22:58:45Z,156,2,0,17,0,0,1,1,1,1785538497
2026-07-31T22:58:45Z,157,16,0,9,2,0,1,1,1,1785538702
2026-07-31T22:58:45Z,158,15,0,0,1,0,1,1,1,1785538713
2026-07-31T22:58:45Z,159,6,3,13,0,0,1,1,1,1785538018
2026-07-31T22:58:45Z,160,6,2,12,1,0,1,1,1,1785538711
2026-07-31T22:58:45Z,161,18,2,4,0,0,1,1,1,1785538694
2026-07-31T22:58:45Z,162,14,13,11,2,0,1,1,1,1785538683
2026-07-31T22:58:45Z,163,0,0,30,0,1,1,1,1,1785538498
2026-07-31T22:58:45Z,164,20,0,7,0,0,1,1,1,1785538710
2026-07-31T22:58:45Z,165,24,5,6,1,0,1,1,1,1785538677
2026-07-31T22:58:45Z,166,18,9,18,3,0,1,1,1,1785538709
2026-07-31T22:58:45Z,167,5,0,17,1,0,1,1,1,1785538155
2026-07-31T22:58:45Z,168,2,0,24,1,0,1,1,1,1785538538
2026-07-31T22:58:45Z,169,9,2,12,1,1,1,1,1,1785538708
2026-07-31T22:58:45Z,170,6,0,12,1,0,1,1,1,1785538699
2026-07-31T22:58:45Z,171,3,2,8,2,0,1,1,1,1785538640
2026-07-31T22:58:45Z,173,26,1,13,0,0,1,1,1,1785538701
2026-07-31T22:58:45Z,174,1,0,25,0,0,1,1,1,1785538661
2026-07-31T22:58:45Z,175,30,2,0,1,0,1,1,1,1785538684
2026-07-31T22:58:45Z,176,13,3,0,1,1,1,1,1,1785538716
2026-07-31T22:58:45Z,177,6,0,21,0,0,1,1,1,1785538668
2026-07-31T22:58:45Z,178,12,2,0,2,1,1,1,1,1785538708
2026-07-31T22:58:45Z,179,12,0,1,2,0,1,1,1,1785538713
2026-07-31T22:58:45Z,180,1,0,29,0,0,1,1,1,1785538578
2026-07-31T22:58:45Z,181,2,1,13,0,0,1,1,1,1785538106
2026-07-31T22:58:45Z,182,2,0,14,1,0,1,1,1,1785538512
2026-07-31T22:58:45Z,183,0,0,22,1,0,1,1,1,1785538487
2026-07-31T22:58:45Z,184,14,6,7,2,0,1,1,1,1785538704
2026-07-31T22:58:45Z,185,5,5,7,2,1,1,1,1,1785538428
2026-07-31T22:58:45Z,186,7,1,12,0,0,1,1,1,1785538350
2026-07-31T22:58:45Z,187,1,0,26,1,0,1,1,1,1785538704
2026-07-31T22:58:45Z,188,10,3,9,8,0,1,1,1,1785538670
2026-07-31T22:58:45Z,189,8,4,7,0,0,1,1,1,1785538713
2026-07-31T22:58:45Z,190,1,1,20,2,0,1,1,1,1785538664
2026-07-31T22:58:45Z,191,1,0,37,1,0,1,1,1,1785538711
2026-07-31T22:58:45Z,192,3,0,27,1,0,1,1,1,1785538547
2026-07-31T22:58:45Z,193,11,10,3,1,0,1,1,1,1785538585
2026-07-31T22:58:45Z,194,4,3,23,0,0,1,1,1,1785538632
2026-07-31T22:58:45Z,195,2,0,17,0,0,1,1,1,1785537527
2026-07-31T22:58:45Z,196,6,6,20,1,0,1,1,1,1785538613
2026-07-31T22:58:45Z,197,2,0,16,0,1,1,1,1,1785538243
2026-07-31T22:58:45Z,198,18,7,3,2,0,1,1,1,1785538418
2026-07-31T22:58:45Z,199,13,7,0,2,0,1,1,1,1785538671
2026-07-31T22:58:45Z,200,3,1,22,1,0,1,1,1,1785538417
2026-07-31T22:58:45Z,201,6,5,17,0,0,1,1,1,1785538041
2026-07-31T22:58:45Z,202,26,1,1,0,0,1,1,1,1785538582
2026-07-31T22:58:45Z,203,23,1,6,2,0,1,1,1,1785538707
2026-07-31T22:58:45Z,204,4,0,29,2,0,1,1,1,1785538679
2026-07-31T22:58:45Z,205,6,1,21,0,0,1,1,1,1785538541
2026-07-31T22:58:45Z,206,10,8,3,2,0,1,1,1,1785538684
2026-07-31T22:58:45Z,207,18,1,3,0,0,1,1,1,1785538545
2026-07-31T22:58:45Z,208,6,0,23,0,0,1,1,1,1785538308
2026-07-31T22:58:45Z,209,23,0,7,1,0,1,1,1,1785538637
2026-07-31T22:58:45Z,210,8,7,19,0,0,1,1,1,1785538614
2026-07-31T22:58:45Z,211,18,0,4,1,0,1,1,1,1785538646
2026-07-31T22:58:45Z,212,29,6,5,1,0,1,1,1,1785538561
2026-07-31T22:58:45Z,213,14,5,8,1,0,1,1,1,1785538704
2026-07-31T22:58:45Z,214,8,4,38,1,0,1,1,1,1785538576
2026-07-31T22:58:45Z,215,6,0,16,1,0,1,1,1,1785537955
2026-07-31T22:58:45Z,216,4,4,14,1,0,1,1,1,1785538678
2026-07-31T22:58:45Z,217,28,3,0,1,0,1,1,1,1785538564
2026-07-31T22:58:45Z,218,25,13,13,1,0,1,1,1,1785538697
2026-07-31T22:58:45Z,219,22,0,3,1,0,1,1,1,1785538267
2026-07-31T22:58:45Z,220,19,12,23,0,1,1,1,1,1785538605
2026-07-31T22:58:45Z,221,13,8,1,1,0,1,1,1,1785538647
2026-07-31T22:58:45Z,222,11,2,8,0,0,1,1,1,1785538599
2026-07-31T22:58:45Z,223,2,0,30,3,0,1,1,1,1785538493
2026-07-31T22:58:45Z,224,4,1,17,1,0,1,1,1,1785538665
2026-07-31T22:58:45Z,225,1,1,15,3,0,1,1,1,1785538486
2026-07-31T22:58:45Z,226,24,8,4,3,0,1,1,1,1785538505
2026-07-31T22:58:45Z,227,4,3,21,2,0,1,1,1,1785538713
2026-07-31T22:58:45Z,228,0,0,17,2,0,1,1,1,1785538715
2026-07-31T22:58:45Z,230,0,0,26,0,0,1,1,1,1785538304
2026-07-31T22:58:45Z,232,6,1,10,1,0,1,1,1,1785537571
2026-07-31T22:58:45Z,233,21,9,9,1,0,1,1,1,1785538660
2026-07-31T22:58:45Z,234,11,9,2,4,2,1,1,1,1785538613
2026-07-31T22:58:45Z,236,12,4,7,0,0,1,1,1,1785538212
2026-07-31T22:58:45Z,237,1,0,21,1,0,1,1,1,1785538523
2026-07-31T22:58:45Z,239,21,11,5,1,0,1,1,1,1785538302
2026-07-31T22:58:45Z,241,3,0,19,1,0,1,1,1,1785538591
2026-07-31T22:58:45Z,242,6,2,16,1,0,1,1,1,1785538382
2026-07-31T22:58:45Z,243,22,13,7,2,0,1,1,1,1785538696
2026-07-31T22:58:45Z,244,13,1,13,1,0,1,1,1,1785538622
2026-07-31T22:58:45Z,245,4,3,19,0,0,1,1,1,1785538655
2026-07-31T22:58:45Z,246,3,3,20,0,0,1,1,1,1785538649
2026-07-31T22:58:45Z,247,4,4,17,2,0,1,1,1,1785538624
2026-07-31T22:58:45Z,248,11,4,10,2,0,1,1,1,1785538664
2026-07-31T22:58:45Z,249,12,12,6,1,0,1,1,1,1785538599
2026-07-31T22:58:45Z,250,3,2,21,3,0,1,1,1,1785538664
2026-07-31T22:58:45Z,251,19,14,4,4,0,1,1,1,1785538696
2026-07-31T22:58:45Z,253,7,5,12,0,0,1,1,1,1785538651
2026-07-31T22:58:45Z,254,5,2,37,1,0,1,1,1,1785537992
2026-07-31T22:58:45Z,255,13,2,9,0,1,1,1,1,1785538659
2026-07-31T22:58:45Z,256,1,0,21,1,0,1,1,1,1785538450
2026-07-31T22:58:45Z,257,3,2,16,0,0,1,1,1,1785538574
2026-07-31T22:58:45Z,258,9,9,9,1,0,1,1,1,1785538531
2026-07-31T22:58:45Z,259,13,1,9,0,1,1,1,1,1785538183
2026-07-31T22:58:45Z,260,11,9,7,1,0,1,1,1,1785538716
2026-07-31T22:58:45Z,261,1,0,16,1,1,1,1,1,1785537989
2026-07-31T22:58:45Z,262,2,0,20,1,0,1,1,1,1785538605
2026-07-31T22:58:45Z,263,12,10,2,1,0,1,1,1,1785538448
2026-07-31T22:58:45Z,264,1,1,18,0,0,1,1,1,1785536547
2026-07-31T22:58:45Z,265,8,0,7,0,0,1,1,1,1785538143
2026-07-31T22:58:45Z,266,11,9,6,2,0,1,1,1,1785538566
2026-07-31T22:58:45Z,267,8,3,5,2,0,1,1,1,1785537006
2026-07-31T22:58:45Z,268,19,7,3,1,0,1,1,1,1785538363
2026-07-31T22:58:45Z,269,4,4,19,0,0,1,1,1,1785538664
2026-07-31T22:58:45Z,270,13,2,12,2,0,1,1,1,1785538641
2026-07-31T22:58:45Z,271,1,0,16,2,0,1,1,1,1785538715
2026-07-31T22:58:45Z,272,6,2,17,0,0,1,1,1,1785538503
2026-07-31T22:58:45Z,273,7,1,8,0,0,1,1,1,1785538544
2026-07-31T22:58:45Z,274,3,1,15,1,0,1,1,1,1785538372
2026-07-31T22:58:45Z,275,1,0,18,4,0,1,1,1,1785538516
2026-07-31T22:58:45Z,276,3,2,23,1,0,1,1,1,1785538251
2026-07-31T22:58:45Z,277,3,0,15,5,0,1,1,1,1785538629
2026-07-31T22:58:45Z,278,2,2,27,2,0,1,1,1,1785538428
2026-07-31T22:58:45Z,279,6,0,13,0,0,1,1,1,1785538174
2026-07-31T22:58:45Z,280,5,2,24,2,0,1,1,1,1785538707
2026-07-31T22:58:45Z,281,6,0,13,0,0,1,1,1,1785537880
2026-07-31T22:58:45Z,282,9,2,9,0,0,1,1,1,1785536001
2026-07-31T22:58:45Z,283,19,3,16,0,0,1,1,1,1785538611
2026-07-31T22:58:45Z,284,30,4,3,2,0,1,1,1,1785538367
2026-07-31T22:58:45Z,285,4,2,19,0,0,1,1,1,1785538708
2026-07-31T22:58:45Z,286,13,5,10,0,0,1,1,1,1785538536
2026-07-31T22:58:45Z,287,10,1,10,3,0,1,1,1,1785537276
2026-07-31T22:58:45Z,288,5,1,12,2,0,1,1,1,1785538324
2026-07-31T22:58:45Z,289,6,6,18,3,0,1,1,1,1785538417
2026-07-31T22:58:45Z,290,14,0,23,2,0,1,1,1,1785538677
2026-07-31T22:58:45Z,291,9,0,13,1,0,1,1,1,1785538679
2026-07-31T22:58:45Z,292,4,3,19,0,0,1,1,1,1785538300
2026-07-31T22:58:45Z,293,4,0,18,1,0,1,1,1,1785538526
2026-07-31T22:58:45Z,294,16,7,4,3,0,1,1,1,1785538711
2026-07-31T22:58:45Z,297,2,0,13,3,1,1,1,1,1785538668
2026-07-31T22:58:45Z,301,14,0,4,1,0,1,1,1,1785538588
2026-07-31T22:58:45Z,302,17,3,6,0,0,1,1,1,1785538170
2026-07-31T22:58:45Z,303,0,0,19,0,0,1,1,1,1785537327
2026-07-31T22:58:45Z,304,0,0,0,0,0,0,1,1,86400
2026-07-31T22:58:45Z,305,1,0,17,1,0,1,1,1,1785538710
2026-07-31T22:58:45Z,306,10,0,21,1,0,1,1,1,1785538493
2026-07-31T22:58:45Z,307,10,2,13,0,0,1,1,1,1785538676
2026-07-31T22:58:45Z,308,17,3,0,2,0,1,1,1,1785538600
2026-07-31T22:58:45Z,309,8,1,6,0,0,1,1,1,1785538593
2026-07-31T22:58:45Z,311,11,1,4,0,0,1,1,1,1785538658
2026-07-31T22:58:45Z,312,6,6,14,3,0,1,1,1,1785538713
2026-07-31T22:58:45Z,313,1,0,14,0,0,1,1,1,1785538550
2026-07-31T22:58:45Z,314,6,1,11,2,0,1,1,1,1785538180
2026-07-31T22:58:45Z,315,5,5,23,3,0,1,1,1,1785538641
2026-07-31T22:58:45Z,316,2,1,22,6,1,1,1,1,1785538673
2026-07-31T22:58:45Z,317,17,8,13,0,1,1,1,1,1785538574
2026-07-31T22:58:45Z,318,19,4,0,0,0,1,1,1,1785538466
2026-07-31T22:58:45Z,319,5,2,13,5,0,1,1,1,1785538574
2026-07-31T22:58:45Z,320,3,0,15,1,0,1,1,1,1785538419
2026-07-31T22:58:45Z,321,2,0,13,4,0,1,1,1,1785538652
2026-07-31T22:58:45Z,322,20,0,9,0,0,1,1,1,1785538057
2026-07-31T22:58:45Z,323,7,0,10,2,0,1,1,1,1785537977
2026-07-31T22:58:45Z,324,21,0,5,1,0,1,1,1,1785538713
2026-07-31T22:58:45Z,325,1,1,24,2,0,1,1,1,1785538016
2026-07-31T22:58:45Z,327,25,2,0,2,0,1,1,1,1785536932
2026-07-31T22:58:45Z,328,15,0,6,1,0,1,1,1,1785538673
2026-07-31T22:58:45Z,329,4,1,12,3,0,1,1,1,1785537557
2026-07-31T22:58:45Z,330,19,0,3,0,0,1,1,1,1785538468
2026-07-31T22:58:45Z,331,18,1,3,2,0,1,1,1,1785538692
2026-07-31T22:58:45Z,332,3,1,13,3,0,1,1,1,1785538314
2026-07-31T22:58:45Z,333,3,3,19,1,0,1,1,1,1785538543
2026-07-31T22:58:45Z,334,0,0,22,1,0,1,1,1,1785538674
2026-07-31T22:58:45Z,335,5,1,17,0,1,1,1,1,1785537524
2026-07-31T22:58:45Z,336,4,1,15,0,0,1,1,1,1785538138
2026-07-31T22:58:45Z,337,3,3,16,4,0,1,1,1,1785538578
2026-07-31T22:58:45Z,338,3,3,16,0,0,1,1,1,1785538713
2026-07-31T22:58:45Z,339,4,2,17,2,0,1,1,1,1785538684
2026-07-31T22:58:45Z,340,2,2,12,1,0,1,1,1,1785538714
2026-07-31T22:58:45Z,341,5,1,14,0,0,1,1,1,1785538640
2026-07-31T22:58:45Z,342,5,0,9,1,0,1,1,1,1785537755
2026-07-31T22:58:45Z,343,5,3,17,1,0,1,1,1,1785538474
2026-07-31T22:58:45Z,344,6,1,16,1,0,1,1,1,1785538272
2026-07-31T22:58:45Z,345,18,5,1,0,0,1,1,1,1785538631
2026-07-31T22:58:45Z,346,2,2,21,0,0,1,1,1,1785538187
2026-07-31T22:58:45Z,347,15,2,25,4,0,1,1,1,1785538716
2026-07-31T22:58:45Z,348,10,2,12,0,1,1,1,1,1785538536
2026-07-31T22:58:45Z,349,11,2,8,0,0,1,1,1,1785538681
2026-07-31T22:58:45Z,350,3,1,22,1,1,1,1,1,1785538451
2026-07-31T22:58:45Z,351,8,1,13,2,0,1,1,1,1785538711
2026-07-31T22:58:45Z,355,12,2,11,0,0,1,1,1,1785538713
2026-07-31T22:58:45Z,356,2,2,17,0,0,1,1,1,1785538258
2026-07-31T22:58:45Z,357,0,0,19,0,0,1,1,1,1785538508
2026-07-31T22:58:45Z,358,22,2,4,1,0,1,1,1,1785538706
2026-07-31T22:58:45Z,359,11,0,16,0,0,1,1,1,1785538415
2026-07-31T22:58:45Z,360,2,1,17,0,0,1,1,1,1785538474
2026-07-31T22:58:45Z,362,1,0,15,3,0,1,1,1,1785537472
2026-07-31T22:58:45Z,363,19,1,8,0,0,1,1,1,1785538393
2026-07-31T22:58:45Z,364,1,0,18,0,0,1,1,1,1785538433
2026-07-31T22:58:45Z,365,2,0,17,4,0,1,1,1,1785538537
2026-07-31T22:58:45Z,366,2,1,20,1,0,1,1,1,1785538713
2026-07-31T22:58:45Z,367,3,3,14,2,0,1,1,1,1785538693
2026-07-31T22:58:45Z,368,1,1,21,1,0,1,1,1,1785538152
2026-07-31T22:58:45Z,370,8,3,19,0,0,1,1,1,1785537543
2026-07-31T22:58:45Z,371,2,2,15,2,0,1,1,1,1785538431
2026-07-31T22:58:45Z,372,11,0,4,0,0,1,1,1,1785538644
2026-07-31T22:58:45Z,373,2,0,24,1,0,1,1,1,1785538573
2026-07-31T22:58:45Z,374,4,3,14,1,0,1,1,1,1785538671
2026-07-31T22:58:45Z,375,1,0,25,1,0,1,1,1,1785538670
2026-07-31T22:58:45Z,376,1,0,37,1,0,1,1,1,1785538583
2026-07-31T22:58:45Z,377,5,3,20,2,0,1,1,1,1785538408
2026-07-31T22:58:45Z,378,1,0,21,1,1,1,1,1,1785538703
2026-07-31T22:58:45Z,379,23,1,1,3,0,1,1,1,1785538639
2026-07-31T22:58:45Z,380,7,2,16,0,0,1,1,1,1785538445
2026-07-31T22:58:45Z,381,11,0,12,0,0,1,1,1,1785538560
2026-07-31T22:58:45Z,383,5,0,7,3,0,1,1,1,1785538665
2026-07-31T22:58:45Z,384,1,0,23,3,0,1,1,1,1785538397
2026-07-31T22:58:45Z,385,1,0,16,1,0,1,1,1,1785538706
2026-07-31T22:58:45Z,387,2,0,21,0,0,1,1,1,1785538328
2026-07-31T22:58:45Z,388,33,0,11,5,0,1,1,1,1785538665
2026-07-31T22:58:45Z,389,7,3,7,1,0,1,1,1,1785538609
2026-07-31T22:58:45Z,390,15,3,20,0,0,1,1,1,1785538599
2026-07-31T22:58:45Z,391,4,2,11,0,0,1,1,1,1785537983
2026-07-31T22:58:45Z,392,3,2,14,2,0,1,1,1,1785538624
2026-07-31T22:58:45Z,393,1,1,7,3,0,1,1,1,1785537873
2026-07-31T22:58:45Z,394,7,1,4,2,0,1,1,1,1785538319
2026-07-31T22:58:45Z,396,0,0,42,0,0,1,1,1,1785537627
2026-07-31T22:58:45Z,397,7,7,24,0,0,1,1,1,1785538169
2026-07-31T22:58:45Z,399,2,1,13,2,0,1,1,1,1785538472
2026-07-31T22:58:45Z,400,15,9,6,2,0,1,1,1,1785538648
2026-07-31T22:58:45Z,401,6,0,25,8,0,1,1,1,1785538484
2026-07-31T22:58:45Z,403,22,8,5,4,0,1,1,1,1785538640
2026-07-31T22:58:45Z,404,3,2,18,2,0,1,1,1,1785538634
2026-07-31T22:58:45Z,406,12,3,21,2,0,1,1,1,1785538590
2026-07-31T22:58:45Z,407,17,1,16,1,0,1,1,1,1785537621
2026-07-31T22:58:45Z,408,3,2,27,3,0,1,1,1,1785538559
2026-07-31T22:58:45Z,409,12,2,7,4,0,1,1,1,1785537500
2026-07-31T22:58:45Z,413,10,4,12,1,0,1,1,1,1785538575
2026-07-31T22:58:45Z,414,10,0,5,0,0,1,1,1,1785538692
2026-07-31T22:58:45Z,417,2,2,17,0,0,1,1,1,1785537685
2026-07-31T22:58:45Z,418,2,2,13,0,0,1,1,1,1785537921
2026-07-31T22:58:45Z,419,14,1,9,0,0,1,1,1,1785538144
2026-07-31T22:58:45Z,421,13,0,6,0,0,1,1,1,1785538651
2026-07-31T22:58:45Z,422,9,0,18,0,0,1,1,1,1785538647
2026-07-31T22:58:45Z,423,2,0,21,0,0,1,1,1,1785538595
2026-07-31T22:58:45Z,424,3,2,9,3,0,1,1,1,1785538142
2026-07-31T22:58:45Z,425,0,0,21,0,1,1,1,1,1785536730
2026-07-31T22:58:45Z,426,0,0,35,2,0,1,1,1,1785537025
2026-07-31T22:58:45Z,427,12,2,0,3,0,1,1,1,1785538713
2026-07-31T22:58:45Z,428,16,1,3,0,0,1,1,1,1785538529
2026-07-31T22:58:45Z,429,2,2,19,2,0,1,1,1,1785538713
2026-07-31T22:58:45Z,430,2,1,28,1,0,1,1,1,1785538716
2026-07-31T22:58:45Z,431,2,1,30,1,0,1,1,1,1785538238
2026-07-31T22:58:45Z,432,0,0,30,1,0,0,1,1,1785508564
2026-07-31T22:58:45Z,433,6,1,14,3,0,1,1,1,1785538402
2026-07-31T22:58:45Z,437,1,1,14,4,0,1,1,1,1785538648
2026-07-31T22:58:45Z,438,4,1,14,1,0,1,1,1,1785538697
2026-07-31T22:58:45Z,439,12,4,3,0,0,1,1,1,1785538714
2026-07-31T22:58:45Z,440,13,2,1,1,0,1,1,1,1785538707
2026-07-31T22:58:45Z,441,5,1,8,2,0,1,1,1,1785538018
2026-07-31T22:58:45Z,442,11,1,5,3,0,1,1,1,1785538453
2026-07-31T22:58:45Z,443,6,2,21,0,0,1,1,1,1785537918
2026-07-31T22:58:45Z,444,1,1,22,0,0,1,1,1,1785535180
2026-07-31T22:58:45Z,445,6,2,16,1,0,1,1,1,1785538615
2026-07-31T22:58:45Z,446,1,0,22,0,0,1,1,1,1785537825
2026-07-31T22:58:45Z,447,3,0,18,1,1,1,1,1,1785534024
2026-07-31T22:58:45Z,448,6,0,8,1,0,1,1,1,1785537733
2026-07-31T22:58:45Z,452,6,5,12,1,0,1,1,1,1785538238
2026-07-31T22:58:45Z,453,1,0,9,5,0,1,1,1,1785538630
2026-07-31T22:58:45Z,454,19,1,0,0,0,1,1,1,1785538458
2026-07-31T22:58:45Z,455,23,0,15,1,0,1,1,1,1785538177
2026-07-31T22:58:45Z,456,17,1,2,1,0,1,1,1,1785538536
2026-07-31T22:58:45Z,457,1,1,25,1,0,1,1,1,1785537815
2026-07-31T22:58:45Z,458,7,4,14,2,0,1,1,1,1785538519
2026-07-31T22:58:45Z,459,13,0,2,0,0,1,1,1,1785538444
2026-07-31T22:58:45Z,460,13,0,10,0,0,1,1,1,1785538625
2026-07-31T22:58:45Z,461,10,0,9,0,0,1,1,1,1785538513
2026-07-31T22:58:45Z,462,18,0,3,0,0,1,1,1,1785538622
2026-07-31T22:58:45Z,463,7,0,12,0,0,1,1,1,1785537831
2026-07-31T22:58:45Z,464,3,2,11,0,0,1,1,1,1785537057
2026-07-31T22:58:45Z,465,2,2,13,0,0,1,1,1,1785537086
2026-07-31T22:58:45Z,466,6,2,3,6,0,1,1,1,1785538600
2026-07-31T22:58:45Z,467,0,0,19,0,0,1,1,1,1785536420
2026-07-31T22:58:45Z,468,2,1,16,1,0,1,1,1,1785537699
2026-07-31T22:58:45Z,469,4,1,17,2,0,1,1,1,1785538538
2026-07-31T22:58:45Z,470,1,0,12,2,0,1,1,1,1785538664
2026-07-31T22:58:45Z,471,22,2,5,0,0,1,1,1,1785538438
2026-07-31T22:58:45Z,472,1,1,14,4,0,1,1,1,1785538594
2026-07-31T22:58:45Z,473,10,1,9,0,0,1,1,1,1785538541
2026-07-31T22:58:45Z,474,5,0,11,3,0,1,1,1,1785538661
2026-07-31T22:58:45Z,475,0,0,18,1,0,1,1,1,1785537447
2026-07-31T22:58:45Z,477,5,0,10,0,0,1,1,1,1785538659
2026-07-31T22:58:45Z,478,31,1,0,0,0,1,1,1,1785538479
2026-07-31T22:58:45Z,479,5,0,20,2,0,1,1,1,1785538655
2026-07-31T22:58:45Z,480,6,1,8,1,0,1,1,1,1785537037
2026-07-31T22:58:45Z,481,16,1,18,1,0,1,1,1,1785538456
2026-07-31T22:58:45Z,482,2,1,17,0,0,1,1,1,1785536193
2026-07-31T22:58:45Z,483,5,1,20,2,0,1,1,1,1785538708
2026-07-31T22:58:45Z,484,2,0,16,1,0,1,1,1,1785538351
2026-07-31T22:58:45Z,485,13,5,5,0,1,1,1,1,1785538407
2026-07-31T22:58:45Z,486,3,1,22,2,0,1,1,1,1785538666
2026-07-31T22:58:45Z,487,8,6,9,2,0,1,1,1,1785538679
2026-07-31T22:58:45Z,489,0,0,15,0,0,1,1,1,1785538208
2026-07-31T22:58:45Z,490,13,1,3,0,0,1,1,1,1785538703
2026-07-31T22:58:45Z,491,8,2,12,1,0,1,1,1,1785538671
2026-07-31T22:58:45Z,492,5,1,3,3,0,1,1,1,1785538713
2026-07-31T22:58:45Z,493,20,1,7,0,0,1,1,1,1785538544
2026-07-31T22:58:45Z,495,10,0,4,1,0,1,1,1,1785536672
2026-07-31T22:58:45Z,496,8,1,19,0,0,1,1,1,1785538706
2026-07-31T22:58:45Z,497,3,2,15,0,0,1,1,1,1785538409
2026-07-31T22:58:45Z,498,1,1,21,1,0,1,1,1,1785537950
2026-07-31T22:58:45Z,499,4,0,13,2,0,1,1,1,1785538459
2026-07-31T22:58:45Z,500,4,0,8,3,0,1,1,1,1785537869
2026-07-31T22:58:45Z,501,6,0,13,2,0,1,1,1,1785538570
2026-07-31T22:58:45Z,502,1,0,16,2,0,1,1,1,1785533820
2026-07-31T22:58:45Z,503,6,0,24,1,0,1,1,1,1785538352
2026-07-31T22:58:45Z,504,4,0,33,2,0,1,1,1,1785538667
2026-07-31T22:58:45Z,505,6,0,5,1,0,1,1,1,1785538120
2026-07-31T22:58:45Z,511,2,2,21,0,0,1,1,1,1785538159
2026-07-31T22:58:45Z,512,15,1,12,0,0,1,1,1,1785538550
2026-07-31T22:58:45Z,514,4,3,6,1,0,1,1,1,1785537790
2026-07-31T22:58:45Z,515,8,3,11,0,0,1,1,1,1785538616
2026-07-31T22:58:45Z,516,0,0,27,0,0,1,1,1,1785538310
2026-07-31T22:58:45Z,517,11,3,12,0,0,1,1,1,1785538155
2026-07-31T22:58:45Z,518,5,0,9,1,0,1,1,1,1785533962
2026-07-31T22:58:45Z,519,5,4,13,1,0,1,1,1,1785538253
2026-07-31T22:58:45Z,520,20,6,1,5,1,1,1,1,1785538712
2026-07-31T22:58:45Z,521,5,3,18,0,0,1,1,1,1785537920
2026-07-31T22:58:45Z,522,12,2,9,2,0,1,1,1,1785538562
2026-07-31T22:58:45Z,523,13,7,9,1,0,1,1,1,1785538127
2026-07-31T22:58:45Z,524,16,0,7,0,0,1,1,1,1785538485
2026-07-31T22:58:45Z,525,9,1,10,0,0,1,1,1,1785538658
2026-07-31T22:58:45Z,526,6,3,8,1,0,1,1,1,1785538120
2026-07-31T22:58:45Z,527,14,12,11,1,0,1,1,1,1785538671
2026-07-31T22:58:45Z,528,20,2,2,1,0,1,1,1,1785538713
2026-07-31T22:58:45Z,529,9,5,4,6,0,1,1,1,1785538715
2026-07-31T22:58:45Z,530,12,0,6,3,0,1,1,1,1785538312
2026-07-31T22:58:45Z,531,19,1,3,0,1,1,1,1,1785538604
2026-07-31T22:58:45Z,532,1,1,28,2,0,1,1,1,1785537999
2026-07-31T22:58:45Z,533,12,0,6,1,0,1,1,1,1785537613
2026-07-31T22:58:45Z,534,5,1,18,0,0,1,1,1,1785538431
2026-07-31T22:58:45Z,535,0,0,15,0,0,1,1,1,1785536563
2026-07-31T22:58:45Z,536,11,0,12,0,0,1,1,1,1785538507
2026-07-31T22:58:45Z,537,0,0,20,0,0,1,1,1,1785538365
2026-07-31T22:58:45Z,538,9,1,13,0,1,1,1,1,1785538463
2026-07-31T22:58:45Z,539,2,2,29,0,0,1,1,1,1785538662
2026-07-31T22:58:45Z,540,4,1,15,0,0,1,1,1,1785538489
2026-07-31T22:58:45Z,541,1,0,25,1,0,1,1,1,1785538465
2026-07-31T22:58:45Z,542,1,0,22,0,0,1,1,1,1785538638
2026-07-31T22:58:45Z,543,4,1,15,0,0,1,1,1,1785538699
2026-07-31T22:58:45Z,544,6,2,12,4,0,1,1,1,1785538704
2026-07-31T22:58:45Z,545,14,1,1,4,0,1,1,1,1785538713
2026-07-31T22:58:45Z,546,3,1,16,0,0,1,1,1,1785538081
2026-07-31T22:58:45Z,547,6,0,18,1,0,1,1,1,1785538630
2026-07-31T22:58:45Z,548,10,3,13,0,0,1,1,1,1785538485
2026-07-31T22:58:45Z,549,8,0,15,0,0,1,1,1,1785538691
2026-07-31T22:58:45Z,550,11,6,8,0,0,1,1,1,1785538665
2026-07-31T22:58:45Z,551,2,1,21,0,0,1,1,1,1785538279
2026-07-31T22:58:45Z,552,6,1,21,0,0,1,1,1,1785538408
2026-07-31T22:58:45Z,553,2,1,20,1,0,1,1,1,1785538667
2026-07-31T22:58:45Z,554,2,0,17,0,0,1,1,1,1785538535
2026-07-31T22:58:45Z,555,10,0,4,1,0,1,1,1,1785538714
2026-07-31T22:58:45Z,556,7,0,14,2,0,1,1,1,1785538621
2026-07-31T22:58:45Z,557,1,0,20,2,0,1,1,1,1785538081
2026-07-31T22:58:45Z,558,22,12,14,1,0,1,1,1,1785538666
2026-07-31T22:58:45Z,559,4,0,14,1,0,1,1,1,1785538078
2026-07-31T22:58:45Z,560,19,0,8,0,0,1,1,1,1785538311
2026-07-31T22:58:45Z,561,8,0,11,4,0,1,1,1,1785538005
2026-07-31T22:58:45Z,562,8,0,20,7,0,1,1,1,1785538005
2026-07-31T22:58:45Z,563,1,0,12,1,0,1,1,1,1785538517
2026-07-31T22:58:45Z,564,2,1,16,1,0,1,1,1,1785537156
2026-07-31T22:58:45Z,565,1,0,17,1,0,1,1,1,1785538587
2026-07-31T22:58:45Z,566,16,0,2,1,0,1,1,1,1785538651
2026-07-31T22:58:45Z,567,19,0,5,3,0,1,1,1,1785538549
2026-07-31T22:58:45Z,568,11,0,8,0,0,1,1,1,1785538549
2026-07-31T22:58:45Z,569,12,2,7,0,0,1,1,1,1785538706
2026-07-31T22:58:45Z,570,5,1,13,1,0,1,1,1,1785538353
2026-07-31T22:58:45Z,571,8,0,15,0,0,1,1,1,1785538123
2026-07-31T22:58:45Z,572,6,0,13,0,0,1,1,1,1785538698
2026-07-31T22:58:45Z,573,14,3,1,0,0,1,1,1,1785538664
2026-07-31T22:58:45Z,574,3,3,12,0,0,1,1,1,1785538475
2026-07-31T22:58:45Z,575,3,0,17,1,0,1,1,1,1785538457
2026-07-31T22:58:45Z,576,0,0,19,0,0,1,1,1,1785537344
2026-07-31T22:58:45Z,577,27,0,4,0,0,1,1,1,1785538491
2026-07-31T22:58:45Z,578,1,0,21,1,0,1,1,1,1785538712
2026-07-31T22:58:45Z,579,11,0,32,0,0,1,1,1,1785538401
2026-07-31T22:58:45Z,580,2,0,27,0,0,1,1,1,1785538125
2026-07-31T22:58:45Z,581,15,0,4,0,0,1,1,1,1785538657
2026-07-31T22:58:45Z,582,23,0,36,2,0,1,1,1,1785538542
2026-07-31T22:58:45Z,583,4,1,18,1,0,1,1,1,1785538458
2026-07-31T22:58:45Z,584,1,0,14,4,0,1,1,1,1785535753
2026-07-31T22:58:45Z,585,3,0,23,0,1,1,1,1,1785538210
2026-07-31T22:58:45Z,586,14,1,21,0,0,1,1,1,1785538435
2026-07-31T22:58:45Z,587,12,0,11,1,0,1,1,1,1785538638
2026-07-31T22:58:45Z,588,7,3,9,2,1,1,1,1,1785538700
2026-07-31T22:58:45Z,589,9,5,12,1,0,1,1,1,1785538667
2026-07-31T22:58:45Z,590,14,2,17,0,0,1,1,1,1785538393
2026-07-31T22:58:45Z,591,1,0,27,2,0,1,1,1,1785538083
2026-07-31T22:58:45Z,592,1,0,22,0,0,1,1,1,1785538502
2026-07-31T22:58:45Z,593,15,0,23,0,0,1,1,1,1785538444
2026-07-31T22:58:45Z,594,7,1,12,2,0,1,1,1,1785538637
2026-07-31T22:58:45Z,595,0,0,3,0,0,0,1,1,1784046673
2026-07-31T22:58:45Z,605,0,0,2,1,0,0,1,1,1783975843
2026-07-31T22:58:45Z,606,0,0,0,0,0,0,1,1,86400
2026-07-31T22:58:45Z,607,6,3,22,4,0,1,1,1,1785538609
2026-07-31T22:58:45Z,608,38,3,12,0,0,1,1,1,1785538672
2026-07-31T22:58:45Z,609,6,3,17,0,0,1,1,1,1785538711
2026-07-31T22:58:45Z,610,1,0,34,0,0,1,1,1,1785538714
2026-07-31T22:58:45Z,611,10,2,16,1,0,1,1,1,1785538703
2026-07-31T22:58:45Z,612,9,1,6,0,0,1,1,1,1785538391
2026-07-31T22:58:45Z,613,12,4,0,3,0,1,1,1,1785530289
2026-07-31T22:58:45Z,614,3,2,21,2,1,1,1,1,1785538464
2026-07-31T22:58:45Z,617,11,0,3,1,0,1,1,1,1785538212
2026-07-31T22:58:45Z,618,11,1,1,7,0,1,1,1,1785538680
2026-07-31T22:58:45Z,619,7,7,12,0,0,1,1,1,1785538653
2026-07-31T22:58:45Z,620,14,1,13,0,0,1,1,1,1785537776
2026-07-31T22:58:45Z,621,0,0,23,0,0,1,1,1,1785538386
2026-07-31T22:58:45Z,622,4,1,18,1,0,1,1,1,1785537785
2026-07-31T22:58:45Z,623,16,6,14,0,0,1,1,1,1785538388
2026-07-31T22:58:45Z,624,2,0,13,0,0,1,1,1,1785538361
2026-07-31T22:58:45Z,625,16,2,1,4,0,1,1,1,1785538715
2026-07-31T22:58:45Z,626,44,1,1,0,2,1,1,1,1785538197
2026-07-31T22:58:45Z,627,17,4,2,0,0,1,1,1,1785538487
2026-07-31T22:58:45Z,628,5,3,12,1,1,1,1,1,1785538714
2026-07-31T22:58:45Z,629,3,1,6,2,0,1,1,1,1785538544
2026-07-31T22:58:45Z,630,2,1,21,4,0,1,1,1,1785538646
2026-07-31T22:58:45Z,631,7,4,16,0,0,1,1,1,1785538594
2026-07-31T22:58:45Z,632,15,1,6,2,0,1,1,1,1785536939
2026-07-31T22:58:45Z,633,11,3,1,3,0,1,1,1,1785530006
2026-07-31T22:58:45Z,634,10,1,9,0,0,1,1,1,1785538164
2026-07-31T22:58:45Z,635,16,1,3,0,0,1,1,1,1785537749
2026-07-31T22:58:45Z,636,7,2,8,0,0,1,1,1,1785526430
2026-07-31T22:58:45Z,637,6,2,11,2,0,1,1,1,1785535251
2026-07-31T22:58:45Z,638,7,1,10,2,0,1,1,1,1785538553
2026-07-31T22:58:45Z,639,12,2,5,2,0,1,1,1,1785537349
2026-07-31T22:58:45Z,640,8,6,13,2,0,1,1,1,1785538714
2026-07-31T22:58:45Z,641,13,0,14,0,0,1,1,1,1785538625
2026-07-31T22:58:45Z,642,3,2,8,8,0,1,1,1,1785538711
2026-07-31T22:58:45Z,643,0,0,19,8,0,1,1,1,1785538714
2026-07-31T22:58:45Z,644,13,1,1,1,0,1,1,1,1785533615
2026-07-31T22:58:45Z,645,17,1,3,3,0,1,1,1,1785537804
2026-07-31T22:58:45Z,646,3,1,16,0,0,1,1,1,1785538492
2026-07-31T22:58:45Z,647,1,1,30,0,0,1,1,1,1785538645
2026-07-31T22:58:45Z,648,0,0,17,1,1,1,1,1,1785538522
2026-07-31T22:58:45Z,649,20,1,11,0,0,1,1,1,1785538682
2026-07-31T22:58:45Z,650,6,1,8,0,0,1,1,1,1785538230
2026-07-31T22:58:45Z,651,4,3,18,1,0,1,1,1,1785538623
2026-07-31T22:58:45Z,652,5,2,15,3,0,1,1,1,1785538697
2026-07-31T22:58:45Z,653,1,0,17,1,0,1,1,1,1785538494
2026-07-31T22:58:45Z,654,4,1,11,0,0,1,1,1,1785538709
2026-07-31T22:58:45Z,655,8,4,0,4,1,1,1,1,1785538603
2026-07-31T22:58:45Z,656,3,3,16,0,0,1,1,1,1785538391
2026-07-31T22:58:45Z,657,8,4,5,2,2,1,1,1,1785538654
2026-07-31T22:58:45Z,658,9,1,1,0,0,1,1,1,1785537787
2026-07-31T22:58:45Z,659,7,5,6,2,0,1,1,1,1785538273
2026-07-31T22:58:45Z,660,11,3,15,5,0,1,1,1,1785538671
2026-07-31T22:58:45Z,661,7,1,12,0,0,1,1,1,1785538507
2026-07-31T22:58:45Z,662,5,2,14,4,0,1,1,1,1785537702
2026-07-31T22:58:45Z,663,4,0,11,0,0,1,1,1,1785538629
2026-07-31T22:58:45Z,664,9,0,16,2,0,1,1,1,1785538389
2026-07-31T22:58:45Z,665,10,4,5,0,0,1,1,1,1785538538
2026-07-31T22:58:45Z,666,8,2,4,3,0,1,1,1,1785537911
2026-07-31T22:58:45Z,667,18,2,0,1,0,1,1,1,1785538562
2026-07-31T22:58:45Z,668,14,1,5,0,0,1,1,1,1785538452
2026-07-31T22:58:45Z,669,6,3,6,2,0,1,1,1,1785537399
2026-07-31T22:58:45Z,670,17,1,10,0,0,1,1,1,1785538120
2026-07-31T22:58:45Z,671,19,0,8,0,0,1,1,1,1785538707
2026-07-31T22:58:45Z,672,1,0,19,2,1,1,1,1,1785538507
2026-07-31T22:58:45Z,673,13,1,9,0,1,1,1,1,1785538709
2026-07-31T22:58:45Z,674,2,1,19,2,0,1,1,1,1785538477
2026-07-31T22:58:45Z,675,3,1,10,2,0,1,1,1,1785538632
2026-07-31T22:58:45Z,676,6,0,14,2,0,1,1,1,1785538653
2026-07-31T22:58:45Z,681,9,5,4,1,1,1,1,1,1785537809
2026-07-31T22:58:45Z,682,7,1,12,0,0,1,1,1,1785537004
2026-07-31T22:58:45Z,683,1,1,18,0,0,1,1,1,1785527602
2026-07-31T22:58:45Z,684,4,1,23,0,0,1,1,1,1785535557
2026-07-31T22:58:45Z,685,7,0,18,1,1,1,1,1,1785538186
2026-07-31T22:58:45Z,686,11,0,13,3,0,1,1,1,1785538701
2026-07-31T22:58:45Z,687,13,1,16,1,1,1,1,1,1785538413
2026-07-31T22:58:45Z,688,9,1,10,0,0,1,1,1,1785537082
2026-07-31T22:58:45Z,692,0,0,21,0,0,1,1,1,1785538446
2026-07-31T22:58:45Z,693,6,0,2,3,0,1,1,1,1785537874
2026-07-31T22:58:45Z,694,9,4,12,0,0,1,1,1,1785538029
2026-07-31T22:58:45Z,695,2,1,20,1,0,1,1,1,1785537959
2026-07-31T22:58:45Z,696,18,13,4,1,0,1,1,1,1785538613
2026-07-31T22:58:45Z,697,18,5,4,1,0,1,1,1,1785538691
2026-07-31T22:58:45Z,698,18,3,9,0,0,1,1,1,1785538678
2026-07-31T22:58:45Z,699,6,1,8,1,0,1,1,1,1785538523
2026-07-31T22:58:45Z,700,15,1,4,0,0,1,1,1,1785538487
2026-07-31T22:58:45Z,701,18,3,0,1,0,1,1,1,1785538383
2026-07-31T22:58:45Z,702,1,1,22,0,0,1,1,1,1785538464
2026-07-31T22:58:45Z,704,6,0,8,1,0,1,1,1,1785538349
2026-07-31T22:58:45Z,705,2,0,13,0,0,1,1,1,1785538514
2026-07-31T22:58:45Z,706,3,0,10,2,0,1,1,1,1785538133
2026-07-31T22:58:45Z,707,7,1,8,0,0,1,1,1,1785538387
2026-07-31T22:58:45Z,708,17,4,2,0,0,1,1,1,1785538690
2026-07-31T22:58:45Z,709,3,0,10,2,0,1,1,1,1785538502
2026-07-31T22:58:45Z,710,3,0,15,1,0,1,1,1,1785537923
2026-07-31T22:58:45Z,711,12,1,8,3,0,1,1,1,1785538670
2026-07-31T22:58:45Z,712,4,4,10,1,0,1,1,1,1785538085
2026-07-31T22:58:45Z,713,6,2,17,0,0,1,1,1,1785537188
2026-07-31T22:58:45Z,716,4,3,11,0,0,1,1,1,1785538179
2026-07-31T22:58:45Z,717,1,1,22,2,0,1,1,1,1785538318
2026-07-31T22:58:45Z,718,1,0,13,1,0,1,1,1,1785538641
2026-07-31T22:58:45Z,719,4,0,25,0,0,1,1,1,1785537506
2026-07-31T22:58:45Z,720,0,0,19,0,0,1,1,1,1785538444
2026-07-31T22:58:45Z,721,7,0,14,2,0,1,1,1,1785538633
2026-07-31T22:58:45Z,722,7,1,8,0,0,1,1,1,1785538223
2026-07-31T22:58:45Z,723,14,2,9,0,0,1,1,1,1785538454
2026-07-31T22:58:45Z,724,5,2,17,1,0,1,1,1,1785538632
2026-07-31T22:58:45Z,725,3,0,20,0,0,1,1,1,1785538695
2026-07-31T22:58:45Z,726,9,0,8,2,0,1,1,1,1785538569
2026-07-31T22:58:45Z,727,9,5,13,1,0,1,1,1,1785538467
2026-07-31T22:58:45Z,728,9,0,5,1,0,1,1,1,1785536934
2026-07-31T22:58:45Z,729,4,0,15,0,0,1,1,1,1785538656
2026-07-31T22:58:45Z,730,0,0,12,3,0,1,1,1,1785537532
2026-07-31T22:58:45Z,731,3,3,10,2,0,1,1,1,1785538495
2026-07-31T22:58:45Z,732,5,3,10,0,0,1,1,1,1785538716
2026-07-31T22:58:45Z,733,23,2,4,0,0,1,1,1,1785538601
2026-07-31T22:58:45Z,734,1,0,13,0,0,1,1,1,1785537574
2026-07-31T22:58:45Z,735,26,10,1,0,0,1,1,1,1785538653
2026-07-31T22:58:45Z,736,12,0,7,0,0,1,1,1,1785537457
2026-07-31T22:58:45Z,737,3,1,11,0,1,1,1,1,1785538127
2026-07-31T22:58:45Z,738,15,3,4,0,0,1,1,1,1785538489
2026-07-31T22:58:45Z,739,18,0,8,1,0,1,1,1,1785538701
2026-07-31T22:58:45Z,741,5,0,18,0,0,1,1,1,1785538648
2026-07-31T22:58:45Z,742,14,9,19,2,0,1,1,1,1785538653
2026-07-31T22:58:45Z,743,5,2,14,0,0,1,1,1,1785538705
2026-07-31T22:58:45Z,744,10,3,5,0,0,1,1,1,1785538666
2026-07-31T22:58:45Z,745,10,4,9,0,0,1,1,1,1785537404
2026-07-31T22:58:45Z,746,7,0,16,0,0,1,1,1,1785538604
2026-07-31T22:58:45Z,747,0,0,4,0,0,0,1,1,1783446606
2026-07-31T22:58:45Z,748,8,0,15,0,0,1,1,1,1785538269
2026-07-31T22:58:45Z,749,10,0,13,0,0,1,1,1,1785538713
2026-07-31T22:58:45Z,750,7,5,4,0,0,1,1,1,1785538692
2026-07-31T22:58:45Z,751,12,11,11,0,0,1,1,1,1785538658
2026-07-31T22:58:45Z,752,0,0,16,1,0,1,1,1,1785538107
2026-07-31T22:58:45Z,753,6,0,8,1,0,1,1,1,1785538029
2026-07-31T22:58:45Z,754,4,1,11,0,0,1,1,1,1785537840
2026-07-31T22:58:45Z,755,14,4,7,2,0,1,1,1,1785538581
2026-07-31T22:58:45Z,756,3,3,33,1,0,1,1,1,1785537909
2026-07-31T22:58:45Z,757,5,1,14,0,0,1,1,1,1785538669
2026-07-31T22:58:45Z,758,7,3,16,0,0,1,1,1,1785538715
2026-07-31T22:58:45Z,759,0,0,0,0,0,1,1,1,86400
2026-07-31T22:58:45Z,760,9,2,10,0,0,1,1,1,1785531870
2026-07-31T22:58:45Z,761,7,1,16,0,0,1,1,1,1785538691
2026-07-31T22:58:45Z,762,4,2,6,5,0,1,1,1,1785538539
2026-07-31T22:58:45Z,768,7,0,8,4,0,1,1,1,1785537694
2026-07-31T22:58:45Z,769,16,7,0,3,0,1,1,1,1785538597
2026-07-31T22:58:45Z,770,9,2,8,2,0,1,1,1,1785537254
2026-07-31T22:58:45Z,771,12,1,2,1,0,1,1,1,1785538472
2026-07-31T22:58:45Z,772,0,0,15,0,0,1,1,1,1785537924
2026-07-31T22:58:45Z,773,18,4,1,0,0,1,1,1,1785538330
2026-07-31T22:58:45Z,774,5,1,6,4,0,1,1,1,1785536972
2026-07-31T22:58:45Z,775,4,1,12,2,1,1,1,1,1785538663
2026-07-31T22:58:45Z,776,4,2,16,1,0,1,1,1,1785538273
2026-07-31T22:58:45Z,777,10,1,5,0,0,1,1,1,1785538622
2026-07-31T22:58:45Z,778,13,0,6,0,0,1,1,1,1785537104
2026-07-31T22:58:45Z,779,6,0,12,1,0,1,1,1,1785538184
2026-07-31T22:58:45Z,780,8,2,11,0,0,1,1,1,1785538555
2026-07-31T22:58:45Z,781,3,1,6,2,0,1,1,1,1785537785
2026-07-31T22:58:45Z,782,0,0,15,4,0,1,1,1,1785538713
2026-07-31T22:58:45Z,783,6,3,13,0,0,1,1,1,1785538181
2026-07-31T22:58:45Z,784,9,2,10,0,0,1,1,1,1785537559
2026-07-31T22:58:45Z,785,9,2,4,6,0,1,1,1,1785538225
2026-07-31T22:58:45Z,786,7,3,10,2,0,1,1,1,1785538691
2026-07-31T22:58:45Z,787,4,3,10,1,0,1,1,1,1785538503
2026-07-31T22:58:45Z,788,7,1,8,0,0,1,1,1,1785538424
2026-07-31T22:58:45Z,789,7,2,4,4,0,1,1,1,1785538624
2026-07-31T22:58:45Z,790,4,2,17,2,0,1,1,1,1785538694
2026-07-31T22:58:45Z,791,7,0,11,0,1,1,1,1,1785538168
2026-07-31T22:58:45Z,793,4,0,10,1,0,1,1,1,1785536933
2026-07-31T22:58:45Z,794,1,0,26,2,0,1,1,1,1785538705
2026-07-31T22:58:45Z,796,4,3,14,1,0,1,1,1,1785538647
2026-07-31T22:58:45Z,797,5,1,10,0,0,1,1,1,1785537166
2026-07-31T22:58:45Z,798,17,1,7,1,0,1,1,1,1785538619
2026-07-31T22:58:45Z,799,15,2,0,4,0,1,1,1,1785538610
2026-07-31T22:58:45Z,800,1,1,19,1,0,1,1,1,1785538262
2026-07-31T22:58:45Z,801,5,2,15,1,0,1,1,1,1785538705
2026-07-31T22:58:45Z,802,7,0,24,0,0,1,1,1,1785537075
2026-07-31T22:58:45Z,803,4,0,11,0,0,1,1,1,1785538391
2026-07-31T22:58:45Z,806,3,3,11,1,0,1,1,1,1785537704
2026-07-31T22:58:45Z,807,8,4,14,3,0,1,1,1,1785537315
2026-07-31T22:58:45Z,808,10,0,12,3,0,1,1,1,1785538711
2026-07-31T22:58:45Z,809,4,1,18,1,0,1,1,1,1785538656
2026-07-31T22:58:45Z,810,3,1,14,2,0,1,1,1,1785537204
2026-07-31T22:58:45Z,815,4,2,6,4,1,1,1,1,1785538669
2026-07-31T22:58:45Z,817,9,5,6,0,0,1,1,1,1785538533
2026-07-31T22:58:45Z,818,5,1,17,1,0,1,1,1,1785537473
2026-07-31T22:58:45Z,819,5,3,10,0,0,1,1,1,1785537833
2026-07-31T22:58:45Z,820,11,1,6,0,0,1,1,1,1785538597
2026-07-31T22:58:45Z,821,4,3,11,0,0,1,1,1,1785538716
2026-07-31T22:58:45Z,822,5,0,17,1,0,1,1,1,1785538604
2026-07-31T22:58:45Z,823,14,0,0,1,0,1,1,1,1785538222
2026-07-31T22:58:45Z,824,18,9,1,0,0,1,1,1,1785537709
2026-07-31T22:58:45Z,825,7,6,8,0,0,1,1,1,1785538480
2026-07-31T22:58:45Z,826,7,0,10,2,0,1,1,1,1785537805
2026-07-31T22:58:45Z,827,16,4,3,2,0,1,1,1,1785537356
2026-07-31T22:58:45Z,828,11,0,5,2,0,1,1,1,1785537182
2026-07-31T22:58:45Z,829,18,7,9,0,0,1,1,1,1785538127
2026-07-31T22:58:45Z,830,17,0,5,1,0,1,1,1,1785538505
2026-07-31T22:58:45Z,831,6,3,7,2,0,1,1,1,1785538158
2026-07-31T22:58:45Z,832,7,3,8,3,0,1,1,1,1785538338
2026-07-31T22:58:45Z,833,5,1,13,1,0,1,1,1,1785538084
2026-07-31T22:58:45Z,834,5,0,18,1,0,1,1,1,1785538552
2026-07-31T22:58:45Z,835,2,2,14,2,0,1,1,1,1785538324
2026-07-31T22:58:45Z,838,8,3,6,1,0,1,1,1,1785538643
2026-07-31T22:58:45Z,839,7,0,20,2,0,1,1,1,1785538571
2026-07-31T22:58:45Z,840,1,0,27,1,0,1,1,1,1785538330
2026-07-31T22:58:45Z,841,8,2,7,0,0,1,1,1,1785538135
2026-07-31T22:58:45Z,842,1,0,22,0,0,1,1,1,1785538078
2026-07-31T22:58:45Z,843,16,2,15,0,0,1,1,1,1785538474
2026-07-31T22:58:45Z,844,4,0,19,0,0,1,1,1,1785538390
2026-07-31T22:58:45Z,845,5,3,12,2,0,1,1,1,1785538420
2026-07-31T22:58:45Z,846,4,2,14,1,0,1,1,1,1785537558
2026-07-31T22:58:45Z,847,7,1,20,0,0,1,1,1,1785537475
2026-07-31T22:58:45Z,848,3,3,15,1,0,1,1,1,1785536822
2026-07-31T22:58:45Z,849,7,0,7,1,0,1,1,1,1785537364
2026-07-31T22:58:45Z,850,5,0,6,0,0,1,1,1,1785538141
2026-07-31T22:58:45Z,851,3,2,31,3,0,1,1,1,1785537724
2026-07-31T22:58:45Z,852,10,4,9,0,0,1,1,1,1785538093
2026-07-31T22:58:45Z,853,11,5,12,0,0,1,1,1,1785537268
2026-07-31T22:58:45Z,854,0,0,15,0,0,1,1,1,1785537211
2026-07-31T22:58:45Z,855,22,0,5,0,0,1,1,1,1785538681
2026-07-31T22:58:45Z,857,8,6,9,2,0,1,1,1,1785538296
2026-07-31T22:58:45Z,858,5,2,13,1,0,1,1,1,1785538687
2026-07-31T22:58:45Z,859,8,0,12,1,0,1,1,1,1785537189
2026-07-31T22:58:45Z,861,6,0,4,1,0,1,1,1,1785528609
2026-07-31T22:58:45Z,862,3,2,12,0,0,1,1,1,1785538180
2026-07-31T22:58:45Z,863,14,1,4,1,0,1,1,1,1785534680
2026-07-31T22:58:45Z,866,13,1,6,0,0,1,1,1,1785538572
2026-07-31T22:58:45Z,867,14,2,1,0,0,1,1,1,1785537782
2026-07-31T22:58:45Z,868,7,0,8,0,0,1,1,1,1785538039
2026-07-31T22:58:45Z,870,7,4,8,0,0,1,1,1,1785538269
2026-07-31T22:58:45Z,871,0,0,10,1,0,1,1,1,1785537585
2026-07-31T22:58:45Z,872,1,0,13,1,0,1,1,1,1785538175
2026-07-31T22:58:45Z,873,3,0,28,2,0,1,1,1,1785538658
2026-07-31T22:58:45Z,874,7,3,5,3,0,1,1,1,1785538309
2026-07-31T22:58:45Z,875,12,8,1,2,0,1,1,1,1785538404
2026-07-31T22:58:45Z,877,12,11,6,1,0,1,1,1,1785537877
2026-07-31T22:58:45Z,878,3,3,16,0,0,1,1,1,1785538447
2026-07-31T22:58:45Z,879,1,0,18,0,0,1,1,1,1785537479
2026-07-31T22:58:45Z,880,1,0,21,1,0,1,1,1,1785538406
2026-07-31T22:58:45Z,881,3,0,16,0,0,1,1,1,1785538311
2026-07-31T22:58:45Z,882,9,3,9,1,0,1,1,1,1785534469
2026-07-31T22:58:45Z,883,8,3,11,0,0,1,1,1,1785538542
2026-07-31T22:58:45Z,884,11,7,10,0,0,1,1,1,1785537901
2026-07-31T22:58:45Z,885,0,0,19,0,0,1,1,1,1785538108
2026-07-31T22:58:45Z,886,2,1,25,2,0,1,1,1,1785538602
2026-07-31T22:58:45Z,887,5,0,8,4,0,1,1,1,1785538473
2026-07-31T22:58:45Z,888,16,1,22,3,0,1,1,1,1785538704
2026-07-31T22:58:45Z,889,12,0,5,2,0,1,1,1,1785538697
2026-07-31T22:58:45Z,890,7,4,8,0,0,1,1,1,1785537599
2026-07-31T22:58:45Z,891,17,1,5,1,0,1,1,1,1785538029
2026-07-31T22:58:45Z,892,10,0,5,0,0,1,1,1,1785536903
2026-07-31T22:58:45Z,895,2,0,17,0,0,1,1,1,1785536824
2026-07-31T22:58:45Z,896,7,2,28,0,0,1,1,1,1785534764
2026-07-31T22:58:45Z,897,15,0,6,0,0,1,1,1,1785538347
2026-07-31T22:58:45Z,898,2,0,17,0,0,1,1,1,1785538019
2026-07-31T22:58:45Z,899,13,0,4,2,0,1,1,1,1785538686
2026-07-31T22:58:45Z,900,7,0,19,1,0,1,1,1,1785538652
2026-07-31T22:58:45Z,901,3,0,15,1,0,1,1,1,1785538418
2026-07-31T22:58:45Z,902,5,1,10,0,0,1,1,1,1785537918
2026-07-31T22:58:45Z,903,7,2,11,1,0,1,1,1,1785537515
2026-07-31T22:58:45Z,904,9,4,9,1,0,1,1,1,1785538425
2026-07-31T22:58:45Z,905,12,3,14,1,0,1,1,1,1785538705
2026-07-31T22:58:45Z,906,11,8,16,0,0,1,1,1,1785538320
2026-07-31T22:58:45Z,907,6,1,24,1,0,1,1,1,1785538402
2026-07-31T22:58:45Z,908,12,2,11,0,0,1,1,1,1785538443
2026-07-31T22:58:45Z,909,7,4,16,0,0,1,1,1,1785538590
2026-07-31T22:58:45Z,910,27,2,3,1,0,1,1,1,1785538716
2026-07-31T22:58:45Z,911,4,1,15,0,0,1,1,1,1785537951
2026-07-31T22:58:45Z,912,1,0,21,1,0,1,1,1,1785538543
2026-07-31T22:58:45Z,913,5,3,14,0,0,1,1,1,1785537136
2026-07-31T22:58:45Z,914,11,1,6,2,0,1,1,1,1785538402
2026-07-31T22:58:45Z,915,10,4,10,3,0,1,1,1,1785538622
2026-07-31T22:58:45Z,916,7,0,16,0,0,1,1,1,1785538678
2026-07-31T22:58:45Z,917,5,0,29,1,0,1,1,1,1785537864
2026-07-31T22:58:45Z,918,3,0,12,4,0,1,1,1,1785538690
2026-07-31T22:58:45Z,919,3,0,36,0,0,1,1,1,1785538682
2026-07-31T22:58:45Z,920,8,3,11,0,0,1,1,1,1785538319
2026-07-31T22:58:45Z,921,12,1,9,0,0,1,1,1,1785538577
2026-07-31T22:58:45Z,922,0,0,21,0,0,1,1,1,1785537162
2026-07-31T22:58:45Z,923,2,1,17,0,0,1,1,1,1785538681
2026-07-31T22:58:45Z,924,6,1,14,1,0,1,1,1,1785537312
2026-07-31T22:58:45Z,925,11,0,10,0,0,1,1,1,1785538642
2026-07-31T22:58:45Z,926,2,0,19,0,0,1,1,1,1785538708
2026-07-31T22:58:45Z,927,19,2,16,0,0,1,1,1,1785538641
2026-07-31T22:58:45Z,928,0,0,19,0,0,0,1,1,1785500252
2026-07-31T22:58:45Z,929,7,2,15,1,0,1,1,1,1785538677
2026-07-31T22:58:45Z,930,18,0,12,1,0,1,1,1,1785538441
2026-07-31T22:58:45Z,931,4,4,18,1,0,1,1,1,1785538716
2026-07-31T22:58:45Z,932,14,0,2,3,0,1,1,1,1785538476
2026-07-31T22:58:45Z,933,8,2,12,3,0,1,1,1,1785538635
2026-07-31T22:58:45Z,934,30,0,0,1,0,1,1,1,1785538625
2026-07-31T22:58:45Z,935,16,0,2,1,0,1,1,1,1785538678
2026-07-31T22:58:45Z,936,5,0,14,0,0,1,1,1,1785538560
2026-07-31T22:58:45Z,940,5,0,5,1,0,1,1,1,1785538586
2026-07-31T22:58:45Z,941,17,2,5,3,0,1,1,1,1785537043
2026-07-31T22:58:45Z,942,13,2,8,0,0,1,1,1,1785537998
2026-07-31T22:58:45Z,943,8,8,7,0,0,1,1,1,1785538253
2026-07-31T22:58:45Z,944,10,8,5,0,0,1,1,1,1785538106
2026-07-31T22:58:45Z,945,7,5,8,0,0,1,1,1,1785537629
2026-07-31T22:58:45Z,946,7,5,12,0,0,1,1,1,1785523835
2026-07-31T22:58:45Z,947,5,3,12,0,0,1,1,1,1785538128
2026-07-31T22:58:45Z,948,12,12,15,4,0,1,1,1,1785538711
2026-07-31T22:58:45Z,949,1,1,14,0,0,1,1,1,1785538544
2026-07-31T22:58:45Z,950,1,1,15,1,0,1,1,1,1785538145
2026-07-31T22:58:45Z,951,15,5,8,0,0,1,1,1,1785538426
2026-07-31T22:58:45Z,952,24,3,30,1,0,1,1,1,1785538373
2026-07-31T22:58:45Z,953,4,1,10,1,0,1,1,1,1785538510
2026-07-31T22:58:45Z,954,8,1,11,0,0,1,1,1,1785538474
2026-07-31T22:58:45Z,955,14,7,7,6,0,1,1,1,1785538633
2026-07-31T22:58:45Z,956,18,0,3,2,0,1,1,1,1785538653
2026-07-31T22:58:45Z,957,23,2,6,0,0,1,1,1,1785538199
2026-07-31T22:58:45Z,958,26,2,5,0,0,1,1,1,1785538614
2026-07-31T22:58:45Z,959,7,2,15,1,0,1,1,1,1785538447
2026-07-31T22:58:45Z,960,7,2,16,0,0,1,1,1,1785538690
2026-07-31T22:58:45Z,961,5,1,15,3,0,1,1,1,1785538572
2026-07-31T22:58:45Z,962,8,0,24,3,0,1,1,1,1785537700
2026-07-31T22:58:45Z,963,16,0,6,1,0,1,1,1,1785538644
2026-07-31T22:58:45Z,964,16,10,6,1,0,1,1,1,1785537999
2026-07-31T22:58:45Z,965,13,6,13,1,0,1,1,1,1785538533
2026-07-31T22:58:45Z,966,12,0,18,1,0,1,1,1,1785538508
2026-07-31T22:58:45Z,967,1,0,19,1,0,1,1,1,1785538676
2026-07-31T22:58:45Z,968,12,0,6,1,0,1,1,1,1785538317
2026-07-31T22:58:45Z,969,2,1,23,2,0,1,1,1,1785538700
2026-07-31T22:58:45Z,970,0,0,18,1,0,1,1,1,1785538487
2026-07-31T22:58:45Z,971,2,0,20,1,0,1,1,1,1785538629
2026-07-31T22:58:45Z,972,10,4,12,1,0,1,1,1,1785538145
2026-07-31T22:58:45Z,973,5,0,17,1,0,1,1,1,1785538135
2026-07-31T22:58:45Z,974,11,0,15,1,0,1,1,1,1785538494
2026-07-31T22:58:45Z,977,0,0,19,2,0,1,1,1,1785538384
2026-07-31T22:58:45Z,978,18,0,5,0,0,1,1,1,1785537792
2026-07-31T22:58:45Z,979,1,0,16,0,0,1,1,1,1785537460
2026-07-31T22:58:45Z,980,4,0,16,1,0,1,1,1,1785538617
2026-07-31T22:58:45Z,981,8,0,13,0,0,1,1,1,1785538545
2026-07-31T22:58:45Z,982,3,0,14,2,0,1,1,1,1785538185
2026-07-31T22:58:45Z,983,2,2,21,0,0,1,1,1,1785538658
2026-07-31T22:58:45Z,984,5,0,18,0,0,1,1,1,1785538014
2026-07-31T22:58:45Z,985,7,0,23,1,0,1,1,1,1785538691
2026-07-31T22:58:45Z,986,4,0,15,0,0,1,1,1,1785538188
2026-07-31T22:58:45Z,987,6,0,17,0,0,1,1,1,1785537550
2026-07-31T22:58:45Z,988,4,2,14,1,0,1,1,1,1785538361
2026-07-31T22:58:45Z,989,7,4,12,0,0,1,1,1,1785537342
2026-07-31T22:58:45Z,990,12,0,2,1,0,1,1,1,1785538346
2026-07-31T22:58:45Z,991,9,0,9,1,0,1,1,1,1785538103
2026-07-31T22:58:45Z,992,9,5,14,0,0,1,1,1,1785537171
2026-07-31T22:58:45Z,993,5,4,21,1,0,1,1,1,1785537936
2026-07-31T22:58:45Z,994,0,0,21,0,0,1,1,1,1785537420
2026-07-31T22:58:45Z,995,7,1,20,0,0,1,1,1,1785538448
2026-07-31T22:58:45Z,996,6,2,17,0,0,1,1,1,1785538550
2026-07-31T22:58:45Z,997,15,8,8,0,0,1,1,1,1785538536
2026-07-31T22:58:45Z,998,5,4,18,0,0,1,1,1,1785538533
2026-07-31T22:58:45Z,999,4,1,15,1,1,1,1,1,1785538386
2026-07-31T22:58:45Z,1000,0,0,21,0,0,1,1,1,1785537255
2026-07-31T22:58:45Z,1001,5,3,22,0,0,1,1,1,1785538609
2026-07-31T22:58:45Z,1002,1,0,29,1,0,1,1,1,1785538640
2026-07-31T22:58:45Z,1003,1,0,22,0,0,1,1,1,1785538167
2026-07-31T22:58:45Z,1004,8,2,15,0,0,1,1,1,1785537659
2026-07-31T22:58:45Z,1005,20,1,3,0,0,1,1,1,1785538359
2026-07-31T22:58:45Z,1006,8,4,11,0,0,1,1,1,1785538160
2026-07-31T22:58:45Z,1007,2,1,19,0,0,1,1,1,1785537805
2026-07-31T22:58:45Z,1008,7,6,16,0,0,1,1,1,1785537347
2026-07-31T22:58:45Z,1009,22,5,8,1,0,1,1,1,1785537443
2026-07-31T22:58:45Z,1010,7,2,20,0,0,1,1,1,1785538078
2026-07-31T22:58:45Z,1011,7,2,10,2,0,1,1,1,1785538532
2026-07-31T22:58:45Z,1012,5,3,16,2,0,1,1,1,1785538131
2026-07-31T22:58:45Z,1013,4,1,18,1,0,1,1,1,1785538686
2026-07-31T22:58:45Z,1014,9,4,14,0,0,1,1,1,1785538658
2026-07-31T22:58:45Z,1015,4,3,26,1,0,1,1,1,1785537198
2026-07-31T22:58:45Z,1016,10,5,21,0,0,1,1,1,1785538095
2026-07-31T22:58:45Z,1017,13,5,8,0,0,1,1,1,1785537521
2026-07-31T22:58:45Z,1018,6,2,16,0,0,1,1,1,1785538209
2026-07-31T22:58:45Z,1019,8,5,7,0,0,1,1,1,1785538065
2026-07-31T22:58:45Z,1020,19,5,2,0,0,1,1,1,1785537387
2026-07-31T22:58:45Z,1021,9,4,6,0,0,1,1,1,1785537053
2026-07-31T22:58:45Z,1022,14,0,13,0,0,1,1,1,1785538348
2026-07-31T22:58:45Z,1023,14,2,9,0,0,1,1,1,1785537965
2026-07-31T22:58:45Z,1024,3,1,16,0,0,1,1,1,1785537107
2026-07-31T22:58:45Z,1025,4,0,14,0,1,1,1,1,1785538333
2026-07-31T22:58:45Z,1026,11,9,19,1,0,1,1,1,1785537708
2026-07-31T22:58:45Z,1028,3,1,20,0,0,1,1,1,1785538304
2026-07-31T22:58:45Z,1029,11,9,4,0,0,1,1,1,1785537362
2026-07-31T22:58:45Z,1030,13,4,10,0,0,1,1,1,1785537184
2026-07-31T22:58:45Z,1031,9,1,10,0,0,1,1,1,1785537485
2026-07-31T22:58:45Z,1032,7,1,12,0,0,1,1,1,1785538156
2026-07-31T22:58:45Z,1033,9,5,10,0,0,1,1,1,1785537166
2026-07-31T22:58:45Z,1034,3,0,12,0,0,1,1,1,1785538134
2026-07-31T22:58:45Z,1035,0,0,18,1,0,1,1,1,1785538159
2026-07-31T22:58:45Z,1036,13,0,2,0,0,1,1,1,1785538713
2026-07-31T22:58:45Z,1037,0,0,18,1,0,1,1,1,1785538440
2026-07-31T22:58:45Z,1038,1,0,14,0,0,1,1,1,1785537821
2026-07-31T22:58:45Z,1039,7,0,12,0,0,1,1,1,1785538306
2026-07-31T22:58:45Z,1040,8,5,11,0,0,1,1,1,1785538213
2026-07-31T22:58:45Z,1041,11,2,8,0,0,1,1,1,1785538576
2026-07-31T22:58:45Z,1042,3,0,11,1,0,1,1,1,1785538142
2026-07-31T22:58:45Z,1043,9,5,10,0,0,1,1,1,1785538239
2026-07-31T22:58:45Z,1044,1,0,14,0,0,1,1,1,1785537877
2026-07-31T22:58:45Z,1045,10,1,9,0,0,1,1,1,1785538434
2026-07-31T22:58:45Z,1046,9,0,6,0,0,1,1,1,1785537509
2026-07-31T22:58:45Z,1047,4,0,17,0,0,1,1,1,1785537114
2026-07-31T22:58:45Z,1048,3,0,16,0,0,1,1,1,1785538659
2026-07-31T22:58:45Z,1049,2,1,19,0,0,1,1,1,1785538226
2026-07-31T22:58:45Z,1050,20,5,1,0,0,1,1,1,1785537514
2026-07-31T22:58:45Z,1051,9,4,12,0,0,1,1,1,1785537382
2026-07-31T22:58:45Z,1052,17,1,4,1,0,1,1,1,1785538020
2026-07-31T22:58:45Z,1053,2,1,13,0,0,1,1,1,1785538015
2026-07-31T22:58:45Z,1054,7,2,8,0,0,1,1,1,1785538263
2026-07-31T22:58:45Z,1055,10,1,9,0,0,1,1,1,1785538288
2026-07-31T22:58:45Z,1057,0,0,19,0,0,1,1,1,1785537936
2026-07-31T22:58:45Z,1058,2,0,54,0,0,1,1,1,1785538682
2026-07-31T22:58:45Z,1059,4,2,14,1,0,1,1,1,1785538135
2026-07-31T22:58:45Z,1060,20,1,16,1,0,1,1,1,1785538458
2026-07-31T22:58:45Z,1061,16,0,21,0,0,1,1,1,1785538710
2026-07-31T22:58:45Z,1062,11,0,6,0,0,1,1,1,1785538602
2026-07-31T22:58:45Z,1063,12,1,6,1,0,1,1,1,1785538199
2026-07-31T22:58:45Z,1064,5,0,17,1,0,1,1,1,1785538573
2026-07-31T22:58:45Z,1065,14,3,9,0,0,1,1,1,1785537003
2026-07-31T22:58:45Z,1066,12,3,11,0,0,1,1,1,1785538638
2026-07-31T22:58:45Z,1067,7,1,14,2,0,1,1,1,1785537097
2026-07-31T22:58:45Z,1068,6,2,14,3,0,1,1,1,1785538461
2026-07-31T22:58:45Z,1069,12,3,11,0,0,1,1,1,1785538452
2026-07-31T22:58:45Z,1070,12,2,11,0,0,1,1,1,1785538557
2026-07-31T22:58:45Z,1071,8,4,15,0,0,1,1,1,1785538592
2026-07-31T22:58:45Z,1072,11,1,11,1,0,1,1,1,1785537097
2026-07-31T22:58:45Z,1073,11,0,15,1,0,1,1,1,1785538319
2026-07-31T22:58:45Z,1074,40,1,12,1,0,1,1,1,1785538691
2026-07-31T22:58:45Z,1075,8,8,13,0,0,1,1,1,1785537486
2026-07-31T22:58:45Z,1076,13,10,8,0,0,1,1,1,1785537407
2026-07-31T22:58:45Z,1077,13,8,8,0,0,1,1,1,1785538613
2026-07-31T22:58:45Z,1078,9,8,12,0,0,1,1,1,1785538595
2026-07-31T22:58:45Z,1079,14,10,7,0,0,1,1,1,1785538063
2026-07-31T22:58:45Z,1080,12,9,7,2,0,1,1,1,1785537991
2026-07-31T22:58:45Z,1081,13,8,6,0,0,1,1,1,1785537947
2026-07-31T22:58:45Z,1082,11,11,12,0,0,1,1,1,1785538065
2026-07-31T22:58:45Z,1083,12,11,9,0,0,1,1,1,1785538334
2026-07-31T22:58:45Z,1084,9,7,12,0,0,1,1,1,1785537948
2026-07-31T22:58:45Z,1085,12,9,9,0,0,1,1,1,1785537667
2026-07-31T22:58:45Z,1086,11,9,9,1,0,1,1,1,1785538360
2026-07-31T22:58:45Z,1087,8,7,7,0,0,1,1,1,1785537420
2026-07-31T22:58:45Z,1088,10,7,5,0,0,1,1,1,1785538199
2026-07-31T22:58:45Z,1089,9,7,6,0,0,1,1,1,1785537893
2026-07-31T22:58:45Z,1090,4,3,11,0,0,1,1,1,1785538357
2026-07-31T22:58:45Z,1091,7,5,8,0,0,1,1,1,1785537332
2026-07-31T22:58:45Z,1092,8,7,7,0,0,1,1,1,1785538681
2026-07-31T22:58:45Z,1093,5,5,9,1,0,1,1,1,1785537397
2026-07-31T22:58:45Z,1094,10,9,9,0,0,1,1,1,1785538150
2026-07-31T22:58:45Z,1095,10,8,5,0,0,1,1,1,1785538122
2026-07-31T22:58:45Z,1096,12,9,7,0,0,1,1,1,1785538530
2026-07-31T22:58:45Z,1097,8,8,7,0,0,1,1,1,1785538715
2026-07-31T22:58:45Z,1098,9,7,10,0,0,1,1,1,1785537758
2026-07-31T22:58:45Z,1099,7,6,8,0,0,1,1,1,1785537986
2026-07-31T22:58:45Z,1100,6,4,23,0,0,1,1,1,1785532207
2026-07-31T22:58:45Z,1101,10,5,11,0,0,1,1,1,1785537915
2026-07-31T22:58:45Z,1102,9,4,4,0,0,1,1,1,1785537107
2026-07-31T22:58:45Z,1103,11,5,10,0,0,1,1,1,1785503681
2026-07-31T22:58:45Z,1104,11,6,10,0,0,1,1,1,1785537666
2026-07-31T22:58:45Z,1105,8,4,5,0,0,1,1,1,1785537500
2026-07-31T22:58:45Z,1106,10,5,11,0,0,1,1,1,1785538007
2026-07-31T22:58:45Z,1107,9,5,6,0,0,1,1,1,1785538244
2026-07-31T22:58:45Z,1108,9,5,15,2,1,1,1,1,1785537040
2026-07-31T22:58:45Z,1109,7,3,8,0,0,1,1,1,1785538185
2026-07-31T22:58:45Z,1110,11,3,10,0,0,1,1,1,1785537530
2026-07-31T22:58:45Z,1111,9,3,11,1,0,1,1,1,1785537736
2026-07-31T22:58:45Z,1112,25,2,28,0,0,1,1,1,1785538585
2026-07-31T22:58:45Z,1113,0,0,21,0,0,1,1,1,1785537442
2026-07-31T22:58:45Z,1115,14,1,5,4,0,1,1,1,1785536917
2026-07-31T22:58:45Z,1116,6,1,13,0,0,1,1,1,1785538625
2026-07-31T22:58:45Z,1117,7,1,15,1,0,1,1,1,1785538639
2026-07-31T22:58:45Z,1118,15,0,6,0,0,1,1,1,1785537982
2026-07-31T22:58:45Z,1119,6,1,11,0,0,1,1,1,1785537352
2026-07-31T22:58:45Z,1120,7,1,11,1,0,1,1,1,1785538267
2026-07-31T22:58:45Z,1121,8,0,12,1,0,1,1,1,1785538455
2026-07-31T22:58:45Z,1122,2,2,18,1,0,1,1,1,1785538576
2026-07-31T22:58:45Z,1123,13,7,8,2,0,1,1,1,1785538109
2026-07-31T22:58:45Z,1124,7,2,7,1,0,1,1,1,1785538546
2026-07-31T22:58:45Z,1125,17,1,6,0,0,1,1,1,1785538556
2026-07-31T22:58:45Z,1126,5,1,16,0,0,1,1,1,1785538704
2026-07-31T22:58:45Z,1127,5,2,14,0,0,1,1,1,1785538494
2026-07-31T22:58:45Z,1128,1,1,14,0,0,1,1,1,1785538139
2026-07-31T22:58:45Z,1129,3,0,16,2,0,1,1,1,1785538670
2026-07-31T22:58:45Z,1130,13,0,2,0,0,1,1,1,1785538670
2026-07-31T22:58:45Z,1131,1,1,47,1,0,1,1,1,1785537450
2026-07-31T22:58:45Z,1132,11,3,9,1,0,1,1,1,1785538496
2026-07-31T22:58:45Z,1133,3,3,16,2,0,1,1,1,1785538572
2026-07-31T22:58:45Z,1134,12,6,7,0,0,1,1,1,1785538690
2026-07-31T22:58:45Z,1135,12,6,9,0,0,1,1,1,1785537813
2026-07-31T22:58:45Z,1136,15,1,8,0,0,1,1,1,1785538391
2026-07-31T22:58:45Z,1137,11,1,4,0,0,1,1,1,1785538057
2026-07-31T22:58:45Z,1138,2,0,17,0,0,1,1,1,1785538258
2026-07-31T22:58:45Z,1139,12,3,8,1,0,1,1,1,1785538692
2026-07-31T22:58:45Z,1140,0,0,21,2,0,1,1,1,1785538002
2026-07-31T22:58:45Z,1141,0,0,20,1,0,1,1,1,1785538307
2026-07-31T22:58:45Z,1142,5,0,16,0,0,1,1,1,1785537036
2026-07-31T22:58:45Z,1143,19,0,9,1,0,1,1,1,1785538709
2026-07-31T22:58:45Z,1144,8,0,12,1,0,1,1,1,1785537256
2026-07-31T22:58:45Z,1145,11,5,9,1,0,1,1,1,1785538590
2026-07-31T22:58:45Z,1146,14,4,3,2,0,1,1,1,1785538659
2026-07-31T22:58:45Z,1147,15,1,3,1,0,1,1,1,1785538618
2026-07-31T22:58:45Z,1148,1,0,30,0,0,1,1,1,1785538170
2026-07-31T22:58:45Z,1149,3,1,17,5,0,1,1,1,1785538535
2026-07-31T22:58:45Z,1150,1,0,18,0,0,1,1,1,1785538005
2026-07-31T22:58:45Z,1151,7,0,14,0,0,1,1,1,1785537023
2026-07-31T22:58:45Z,1152,2,0,27,0,0,1,1,1,1785538310
2026-07-31T22:58:45Z,1153,22,4,0,1,0,1,1,1,1785538490
2026-07-31T22:58:45Z,1154,4,0,15,0,0,1,1,1,1785537564
2026-07-31T22:58:45Z,1155,9,2,9,3,0,1,1,1,1785538664
2026-07-31T22:58:45Z,1158,3,1,16,0,0,1,1,1,1785538060
2026-07-31T22:58:45Z,1159,14,2,5,0,0,1,1,1,1785538424
2026-07-31T22:58:45Z,1160,7,2,12,0,0,1,1,1,1785536979
2026-07-31T22:58:45Z,1161,3,0,15,1,0,1,1,1,1785538559
2026-07-31T22:58:45Z,1162,4,0,15,0,0,1,1,1,1785537000
2026-07-31T22:58:45Z,1163,2,1,16,1,0,1,1,1,1785538618
2026-07-31T22:58:45Z,1164,5,1,14,0,0,1,1,1,1785538238
2026-07-31T22:58:45Z,1165,1,0,20,0,0,1,1,1,1785537169
2026-07-31T22:58:45Z,1166,13,3,7,1,0,1,1,1,1785538526
2026-07-31T22:58:45Z,1167,4,0,11,0,0,1,1,1,1785537905
2026-07-31T22:58:45Z,1168,3,0,18,2,0,1,1,1,1785538481
2026-07-31T22:58:45Z,1169,3,0,15,1,0,1,1,1,1785538085
2026-07-31T22:58:45Z,1170,4,1,17,0,0,1,1,1,1785538564
2026-07-31T22:58:45Z,1171,8,8,15,0,0,1,1,1,1785538192
2026-07-31T22:58:45Z,1172,5,0,8,2,0,1,1,1,1785538235
2026-07-31T22:58:45Z,1173,13,4,6,0,0,1,1,1,1785538343
2026-07-31T22:58:45Z,1174,3,0,12,0,0,1,1,1,1785538106
2026-07-31T22:58:45Z,1175,4,2,15,0,0,1,1,1,1785535612
2026-07-31T22:58:45Z,1176,8,2,13,0,0,1,1,1,1785537574
2026-07-31T22:58:45Z,1177,4,2,17,0,0,1,1,1,1785537505
2026-07-31T22:58:45Z,1178,5,2,10,0,0,1,1,1,1785537899
2026-07-31T22:58:45Z,1181,12,1,3,0,0,1,1,1,1785537887
2026-07-31T22:58:45Z,1182,19,4,0,1,0,1,1,1,1785538706
2026-07-31T22:58:45Z,1183,17,0,26,2,0,1,1,1,1785538669
2026-07-31T22:58:45Z,1184,7,5,11,3,0,1,1,1,1785538648
2026-07-31T22:58:45Z,1185,10,6,11,0,0,1,1,1,1785537642
2026-07-31T22:58:45Z,1186,9,5,10,0,0,1,1,1,1785538613
2026-07-31T22:58:45Z,1187,10,5,10,1,0,1,1,1,1785537023
2026-07-31T22:58:45Z,1188,10,5,5,0,0,1,1,1,1785538241
2026-07-31T22:58:45Z,1189,8,3,11,0,0,1,1,1,1785538376
2026-07-31T22:58:45Z,1190,9,4,12,0,0,1,1,1,1785537795
2026-07-31T22:58:45Z,1191,10,5,5,0,0,1,1,1,1785538244
2026-07-31T22:58:45Z,1192,11,7,9,1,0,1,1,1,1785538161
2026-07-31T22:58:45Z,1193,6,4,5,2,0,1,1,1,1785537201
2026-07-31T22:58:45Z,1197,9,6,7,1,0,1,1,1,1785538200
2026-07-31T22:58:45Z,1198,13,4,6,2,0,1,1,1,1785538684
2026-07-31T22:58:45Z,1199,3,0,16,0,0,1,1,1,1785538685
2026-07-31T22:58:45Z,1200,8,4,7,0,0,1,1,1,1785538285
2026-07-31T22:58:45Z,1201,9,4,6,0,0,1,1,1,1785538256
2026-07-31T22:58:45Z,1202,10,5,5,0,0,1,1,1,1785538357
2026-07-31T22:58:45Z,1203,11,5,4,0,0,1,1,1,1785538264
2026-07-31T22:58:45Z,1204,7,4,12,0,0,1,1,1,1785538043
2026-07-31T22:58:45Z,1206,11,5,10,0,0,1,1,1,1785537286
2026-07-31T22:58:45Z,1207,8,4,6,1,0,1,1,1,1785538573
2026-07-31T22:58:45Z,1208,10,4,9,0,0,1,1,1,1785538525
2026-07-31T22:58:45Z,1216,9,0,11,1,0,1,1,1,1785538093
2026-07-31T22:58:45Z,1218,4,0,17,0,0,1,1,1,1785537899
2026-07-31T22:58:45Z,1219,2,1,10,3,0,1,1,1,1785538175
2026-07-31T22:58:45Z,1220,16,6,3,0,0,1,1,1,1785538279
2026-07-31T22:58:45Z,1221,1,1,19,1,0,1,1,1,1785537252
2026-07-31T22:58:45Z,1222,15,1,14,0,0,1,1,1,1785538613
2026-07-31T22:58:45Z,1223,25,0,3,1,0,1,1,1,1785538158
2026-07-31T22:58:45Z,1226,0,0,3,0,0,0,1,1,1781868931
2026-07-31T22:58:45Z,1227,5,0,19,1,0,1,1,1,1785538687
2026-07-31T22:58:45Z,1228,0,0,28,1,0,1,1,1,1785537564
2026-07-31T22:58:45Z,1229,42,0,3,0,0,1,1,1,1785538574
2026-07-31T23:03:45Z,1,19,1,4,0,0,1,1,1,1785538928
2026-07-31T23:03:45Z,2,12,0,12,3,0,1,1,1,1785538960
2026-07-31T23:03:45Z,3,5,1,8,1,0,1,1,1,1785538718
2026-07-31T23:03:45Z,4,19,0,2,1,0,1,1,1,1785536872
2026-07-31T23:03:45Z,5,18,3,2,3,0,1,1,1,1785538393
2026-07-31T23:03:45Z,6,1,0,14,0,0,1,1,1,1785538788
2026-07-31T23:03:45Z,7,9,0,30,0,0,1,1,1,1785538901
2026-07-31T23:03:45Z,8,12,0,31,0,0,1,1,1,1785538836
2026-07-31T23:03:45Z,9,15,0,7,1,0,1,1,1,1785538946
2026-07-31T23:03:45Z,10,4,2,16,3,0,1,1,1,1785538156
2026-07-31T23:03:45Z,11,6,2,11,2,0,1,1,1,1785538283
2026-07-31T23:03:45Z,12,5,1,18,0,0,1,1,1,1785538823
2026-07-31T23:03:45Z,13,25,2,4,1,0,1,1,1,1785538865
2026-07-31T23:03:45Z,14,19,2,23,0,1,1,1,1,1785538995
2026-07-31T23:03:45Z,15,15,0,0,0,0,1,1,1,1785536042
2026-07-31T23:03:45Z,16,0,0,24,2,1,1,1,1,1785538462
2026-07-31T23:03:45Z,17,23,0,3,1,0,1,1,1,1785538966
2026-07-31T23:03:45Z,18,11,0,5,2,0,1,1,1,1785538910
2026-07-31T23:03:45Z,19,3,0,23,1,0,1,1,1,1785538923
2026-07-31T23:03:45Z,20,18,1,16,1,0,1,1,1,1785539008
2026-07-31T23:03:45Z,21,9,0,8,2,0,1,1,1,1785539012
2026-07-31T23:03:45Z,22,13,0,52,0,0,1,1,1,1785538908
2026-07-31T23:03:45Z,23,9,8,22,0,0,1,1,1,1785538855
2026-07-31T23:03:45Z,24,3,0,7,1,0,1,1,1,1785539013
2026-07-31T23:03:45Z,25,63,0,16,2,0,1,1,1,1785538993
2026-07-31T23:03:45Z,26,23,0,4,0,0,1,1,1,1785538693
2026-07-31T23:03:45Z,28,7,1,8,0,0,1,1,1,1785539007
2026-07-31T23:03:45Z,30,18,0,9,2,0,1,1,1,1785538981
2026-07-31T23:03:45Z,31,8,0,9,2,0,1,1,1,1785539015
2026-07-31T23:03:45Z,32,0,0,27,0,0,1,1,1,1785538921
2026-07-31T23:03:45Z,34,13,0,24,0,0,1,1,1,1785537832
2026-07-31T23:03:45Z,35,31,2,14,2,0,1,1,1,1785538999
2026-07-31T23:03:45Z,36,0,0,0,0,0,0,1,1,86400
2026-07-31T23:03:45Z,37,18,3,5,0,0,1,1,1,1785539008
2026-07-31T23:03:45Z,38,0,0,23,0,0,1,1,1,1785538624
2026-07-31T23:03:45Z,39,10,4,29,0,0,1,1,1,1785538957
2026-07-31T23:03:45Z,40,6,0,15,0,0,1,1,1,1785538937
2026-07-31T23:03:45Z,41,18,0,25,0,0,1,1,1,1785538826
2026-07-31T23:03:45Z,42,7,4,24,0,0,1,1,1,1785538120
2026-07-31T23:03:45Z,43,9,1,14,0,0,1,1,1,1785538967
2026-07-31T23:03:45Z,45,4,0,25,0,0,1,1,1,1785538126
2026-07-31T23:03:45Z,46,3,2,27,1,0,1,1,1,1785538416
2026-07-31T23:03:45Z,47,3,0,11,1,0,1,1,1,1785538671
2026-07-31T23:03:45Z,48,16,0,11,0,0,1,1,1,1785538954
2026-07-31T23:03:45Z,49,0,0,19,4,0,1,1,1,1785539016
2026-07-31T23:03:45Z,50,1,0,15,3,0,1,1,1,1785539017
2026-07-31T23:03:45Z,51,28,0,49,0,0,1,1,1,1785538913
2026-07-31T23:03:45Z,52,8,0,16,3,0,1,1,1,1785538925
2026-07-31T23:03:45Z,55,5,2,16,2,0,1,1,1,1785538840
2026-07-31T23:03:45Z,56,5,2,38,0,0,1,1,1,1785538981
2026-07-31T23:03:45Z,57,22,0,5,0,0,1,1,1,1785538548
2026-07-31T23:03:45Z,58,0,0,28,0,0,1,1,1,1785537262
2026-07-31T23:03:45Z,59,6,0,19,2,0,1,1,1,1785539015
2026-07-31T23:03:45Z,61,28,0,11,0,0,1,1,1,1785538948
2026-07-31T23:03:45Z,62,12,8,36,1,0,1,1,1,1785539007
2026-07-31T23:03:45Z,63,13,4,5,1,0,1,1,1,1785538630
2026-07-31T23:03:45Z,64,10,1,5,4,0,1,1,1,1785535815
2026-07-31T23:03:45Z,65,12,4,6,1,0,1,1,1,1785536898
2026-07-31T23:03:45Z,67,14,0,25,0,0,1,1,1,1785539010
2026-07-31T23:03:45Z,68,33,0,3,1,0,1,1,1,1785538151
2026-07-31T23:03:45Z,69,4,0,11,0,0,1,1,1,1785538974
2026-07-31T23:03:45Z,71,8,0,16,3,0,1,1,1,1785538762
2026-07-31T23:03:45Z,72,25,4,3,2,1,1,1,1,1785538785
2026-07-31T23:03:45Z,73,0,0,31,0,0,1,1,1,1785538605
2026-07-31T23:03:45Z,74,3,2,16,0,0,1,1,1,1785538513
2026-07-31T23:03:45Z,75,5,0,26,1,0,1,1,1,1785538322
2026-07-31T23:03:45Z,76,4,1,13,2,0,1,1,1,1785539016
2026-07-31T23:03:45Z,77,16,0,9,2,0,1,1,1,1785538999
2026-07-31T23:03:45Z,78,1,1,22,0,0,1,1,1,1785538135
2026-07-31T23:03:45Z,79,0,0,16,1,0,1,1,1,1785538736
2026-07-31T23:03:45Z,80,9,1,11,3,0,1,1,1,1785539014
2026-07-31T23:03:45Z,81,12,1,19,0,0,1,1,1,1785538892
2026-07-31T23:03:45Z,82,16,12,6,1,0,1,1,1,1785538996
2026-07-31T23:03:45Z,83,8,6,25,2,0,1,1,1,1785538997
2026-07-31T23:03:45Z,84,11,3,16,0,0,1,1,1,1785538871
2026-07-31T23:03:45Z,85,6,1,9,0,0,1,1,1,1785538067
2026-07-31T23:03:45Z,86,6,3,21,0,0,1,1,1,1785538895
2026-07-31T23:03:45Z,87,0,0,19,0,0,1,1,1,1785533075
2026-07-31T23:03:45Z,88,21,1,21,1,0,1,1,1,1785538706
2026-07-31T23:03:45Z,89,15,0,20,0,0,1,1,1,1785537515
2026-07-31T23:03:45Z,90,12,0,5,1,0,1,1,1,1785538470
2026-07-31T23:03:45Z,91,3,1,14,0,0,1,1,1,1785538996
2026-07-31T23:03:45Z,92,4,2,12,3,0,1,1,1,1785538988
2026-07-31T23:03:45Z,93,7,0,15,1,0,1,1,1,1785539017
2026-07-31T23:03:45Z,94,7,0,11,1,0,1,1,1,1785538722
2026-07-31T23:03:45Z,95,4,0,29,1,1,1,1,1,1785539010
2026-07-31T23:03:45Z,96,27,4,3,1,0,1,1,1,1785538930
2026-07-31T23:03:45Z,97,4,1,12,1,0,1,1,1,1785538827
2026-07-31T23:03:45Z,98,24,4,10,1,0,1,1,1,1785538787
2026-07-31T23:03:45Z,99,15,1,0,0,0,1,1,1,1785538180
2026-07-31T23:03:45Z,100,18,2,9,0,0,1,1,1,1785538686
2026-07-31T23:03:45Z,101,8,1,6,1,0,1,1,1,1785538922
2026-07-31T23:03:45Z,102,21,0,1,1,0,1,1,1,1785538596
2026-07-31T23:03:45Z,103,27,0,0,3,0,1,1,1,1785538731
2026-07-31T23:03:45Z,104,12,0,13,2,0,1,1,1,1785539009
2026-07-31T23:03:45Z,105,17,0,2,0,0,1,1,1,1785535842
2026-07-31T23:03:45Z,106,18,0,2,1,0,1,1,1,1785538929
2026-07-31T23:03:45Z,107,17,0,19,1,0,1,1,1,1785538761
2026-07-31T23:03:45Z,108,31,1,2,2,0,1,1,1,1785538983
2026-07-31T23:03:45Z,109,22,0,1,0,0,1,1,1,1785538988
2026-07-31T23:03:45Z,110,15,0,8,0,0,1,1,1,1785539008
2026-07-31T23:03:45Z,111,3,1,33,0,0,1,1,1,1785539007
2026-07-31T23:03:45Z,112,7,0,7,1,0,1,1,1,1785538574
2026-07-31T23:03:45Z,113,4,0,14,1,0,1,1,1,1785538972
2026-07-31T23:03:45Z,114,8,2,20,2,1,1,1,1,1785539016
2026-07-31T23:03:45Z,115,20,11,4,4,0,1,1,1,1785538957
2026-07-31T23:03:45Z,116,9,8,18,0,0,1,1,1,1785538592
2026-07-31T23:03:45Z,118,19,2,1,3,0,1,1,1,1785538481
2026-07-31T23:03:45Z,119,0,0,36,2,0,1,1,1,1785538638
2026-07-31T23:03:45Z,120,5,1,21,1,0,1,1,1,1785538798
2026-07-31T23:03:45Z,121,1,1,16,1,1,1,1,1,1785539012
2026-07-31T23:03:45Z,122,10,1,10,1,0,1,1,1,1785539000
2026-07-31T23:03:45Z,123,2,1,45,0,0,1,1,1,1785538892
2026-07-31T23:03:45Z,124,9,3,26,0,0,1,1,1,1785538895
2026-07-31T23:03:45Z,125,2,0,20,1,0,1,1,1,1785538706
2026-07-31T23:03:45Z,126,16,2,15,0,0,1,1,1,1785537365
2026-07-31T23:03:45Z,127,13,2,20,2,0,1,1,1,1785539012
2026-07-31T23:03:45Z,128,11,4,8,0,0,1,1,1,1785539012
2026-07-31T23:03:45Z,129,6,1,11,2,0,1,1,1,1785538389
2026-07-31T23:03:45Z,130,13,0,4,0,0,1,1,1,1785538960
2026-07-31T23:03:45Z,131,7,1,3,1,0,1,1,1,1785538917
2026-07-31T23:03:45Z,132,12,4,2,0,1,1,1,1,1785538902
2026-07-31T23:03:45Z,134,11,0,7,5,0,1,1,1,1785539015
2026-07-31T23:03:45Z,135,7,4,9,3,0,1,1,1,1785538940
2026-07-31T23:03:45Z,136,1,0,0,20,2,1,1,1,1785538814
2026-07-31T23:03:45Z,137,5,2,13,1,0,1,1,1,1785539009
2026-07-31T23:03:45Z,138,20,1,17,0,0,1,1,1,1785538953
2026-07-31T23:03:45Z,139,11,4,8,0,0,1,1,1,1785538926
2026-07-31T23:03:45Z,140,6,1,16,1,0,1,1,1,1785539014
2026-07-31T23:03:45Z,141,8,3,28,0,0,1,1,1,1785539001
2026-07-31T23:03:45Z,142,8,0,15,0,0,1,1,1,1785538968
2026-07-31T23:03:45Z,143,20,0,11,0,0,1,1,1,1785538755
2026-07-31T23:03:45Z,144,23,4,3,1,0,1,1,1,1785538924
2026-07-31T23:03:45Z,146,3,0,19,1,0,1,1,1,1785538735
2026-07-31T23:03:45Z,147,0,0,16,3,0,1,1,1,1785538284
2026-07-31T23:03:45Z,148,5,1,19,3,0,1,1,1,1785538583
2026-07-31T23:03:45Z,149,0,0,27,0,0,1,1,1,1785537283
2026-07-31T23:03:45Z,150,7,0,26,2,0,1,1,1,1785538850
2026-07-31T23:03:45Z,151,0,0,23,0,0,1,1,1,1785539013
2026-07-31T23:03:45Z,152,9,0,14,3,0,1,1,1,1785538886
2026-07-31T23:03:45Z,153,11,0,15,2,0,1,1,1,1785538880
2026-07-31T23:03:45Z,154,13,3,7,3,0,1,1,1,1785538929
2026-07-31T23:03:45Z,155,8,3,5,1,0,1,1,1,1785538767
2026-07-31T23:03:45Z,156,0,0,19,0,0,1,1,1,1785539010
2026-07-31T23:03:45Z,157,19,0,6,2,0,1,1,1,1785538915
2026-07-31T23:03:45Z,158,14,0,1,1,0,1,1,1,1785538718
2026-07-31T23:03:45Z,159,7,3,12,0,0,1,1,1,1785538797
2026-07-31T23:03:45Z,160,6,1,13,0,0,1,1,1,1785538870
2026-07-31T23:03:45Z,161,16,3,6,0,0,1,1,1,1785538971
2026-07-31T23:03:45Z,162,15,14,10,2,0,1,1,1,1785538995
2026-07-31T23:03:45Z,163,2,0,28,0,1,1,1,1,1785538987
2026-07-31T23:03:45Z,164,17,1,10,0,0,1,1,1,1785538929
2026-07-31T23:03:45Z,165,26,5,4,1,0,1,1,1,1785538996
2026-07-31T23:03:45Z,166,21,9,15,3,0,1,1,1,1785539013
2026-07-31T23:03:45Z,167,4,0,18,1,0,1,1,1,1785538843
2026-07-31T23:03:45Z,168,6,0,20,1,0,1,1,1,1785539009
2026-07-31T23:03:45Z,169,8,1,13,1,1,1,1,1,1785538831
2026-07-31T23:03:45Z,170,6,0,12,1,0,1,1,1,1785538699
2026-07-31T23:03:45Z,171,3,2,8,2,0,1,1,1,1785538954
2026-07-31T23:03:45Z,173,27,1,12,0,0,1,1,1,1785538974
2026-07-31T23:03:45Z,174,2,0,24,0,0,1,1,1,1785538973
2026-07-31T23:03:45Z,175,30,2,0,1,0,1,1,1,1785538684
2026-07-31T23:03:45Z,176,12,3,1,1,1,1,1,1,1785538893
2026-07-31T23:03:45Z,177,6,0,21,0,0,1,1,1,1785538668
2026-07-31T23:03:45Z,178,12,2,0,2,1,1,1,1,1785539018
2026-07-31T23:03:45Z,179,10,1,3,2,0,1,1,1,1785538988
2026-07-31T23:03:45Z,180,1,0,29,0,0,1,1,1,1785538578
2026-07-31T23:03:45Z,181,1,0,14,0,0,1,1,1,1785538995
2026-07-31T23:03:45Z,182,0,0,16,1,0,1,1,1,1785538910
2026-07-31T23:03:45Z,183,0,0,22,1,0,1,1,1,1785538836
2026-07-31T23:03:45Z,184,9,6,12,2,0,1,1,1,1785538989
2026-07-31T23:03:45Z,185,7,6,5,2,1,1,1,1,1785539012
2026-07-31T23:03:45Z,186,8,1,11,0,0,1,1,1,1785538893
2026-07-31T23:03:45Z,187,1,0,26,1,0,1,1,1,1785538704
2026-07-31T23:03:45Z,188,10,3,9,8,0,1,1,1,1785538988
2026-07-31T23:03:45Z,189,9,5,6,0,0,1,1,1,1785538773
2026-07-31T23:03:45Z,190,3,2,18,2,0,1,1,1,1785538992
2026-07-31T23:03:45Z,191,1,0,38,0,0,1,1,1,1785538901
2026-07-31T23:03:45Z,192,4,0,26,1,0,1,1,1,1785538804
2026-07-31T23:03:45Z,193,13,10,1,1,0,1,1,1,1785538960
2026-07-31T23:03:45Z,194,5,3,22,0,0,1,1,1,1785538987
2026-07-31T23:03:45Z,195,1,0,18,0,0,1,1,1,1785538917
2026-07-31T23:03:45Z,196,5,5,21,1,0,1,1,1,1785538880
2026-07-31T23:03:45Z,197,2,0,16,0,1,1,1,1,1785538243
2026-07-31T23:03:45Z,198,19,7,2,2,0,1,1,1,1785538745
2026-07-31T23:03:45Z,199,11,7,2,2,0,1,1,1,1785538900
2026-07-31T23:03:45Z,200,2,1,23,1,0,1,1,1,1785538974
2026-07-31T23:03:45Z,201,5,5,18,0,0,1,1,1,1785538884
2026-07-31T23:03:45Z,202,27,2,0,0,0,1,1,1,1785538983
2026-07-31T23:03:45Z,203,26,1,3,2,0,1,1,1,1785538974
2026-07-31T23:03:45Z,204,5,1,28,2,0,1,1,1,1785538917
2026-07-31T23:03:45Z,205,7,2,20,0,0,1,1,1,1785538957
2026-07-31T23:03:45Z,206,13,8,0,2,0,1,1,1,1785538837
2026-07-31T23:03:45Z,207,18,1,3,0,0,1,1,1,1785538545
2026-07-31T23:03:45Z,208,5,0,24,0,0,1,1,1,1785538818
2026-07-31T23:03:45Z,209,22,0,8,1,0,1,1,1,1785538862
2026-07-31T23:03:45Z,210,8,7,18,1,0,1,1,1,1785538800
2026-07-31T23:03:45Z,211,18,0,4,1,0,1,1,1,1785538827
2026-07-31T23:03:45Z,212,27,6,7,1,0,1,1,1,1785539004
2026-07-31T23:03:45Z,213,13,5,9,1,0,1,1,1,1785538820
2026-07-31T23:03:45Z,214,10,4,36,1,0,1,1,1,1785538995
2026-07-31T23:03:45Z,215,5,0,17,1,0,1,1,1,1785538897
2026-07-31T23:03:45Z,216,7,4,11,1,0,1,1,1,1785538863
2026-07-31T23:03:45Z,217,27,3,1,1,0,1,1,1,1785538891
2026-07-31T23:03:45Z,218,33,15,5,1,0,1,1,1,1785539007
2026-07-31T23:03:45Z,219,22,0,3,1,0,1,1,1,1785538992
2026-07-31T23:03:45Z,220,22,13,20,0,1,1,1,1,1785538984
2026-07-31T23:03:45Z,221,14,8,0,1,0,1,1,1,1785538987
2026-07-31T23:03:45Z,222,11,3,8,0,0,1,1,1,1785538952
2026-07-31T23:03:45Z,223,0,0,32,3,0,1,1,1,1785538813
2026-07-31T23:03:45Z,224,7,4,14,1,0,1,1,1,1785539012
2026-07-31T23:03:45Z,225,1,1,15,3,0,1,1,1,1785538486
2026-07-31T23:03:45Z,226,25,8,3,3,0,1,1,1,1785538947
2026-07-31T23:03:45Z,227,5,4,21,1,0,1,1,1,1785539017
2026-07-31T23:03:45Z,228,0,0,17,2,0,1,1,1,1785538970
2026-07-31T23:03:45Z,230,0,0,26,0,0,1,1,1,1785538304
2026-07-31T23:03:45Z,232,7,1,9,1,0,1,1,1,1785538892
2026-07-31T23:03:45Z,233,22,10,8,1,0,1,1,1,1785538905
2026-07-31T23:03:45Z,234,11,9,2,4,2,1,1,1,1785538613
2026-07-31T23:03:45Z,236,11,4,8,0,0,1,1,1,1785538794
2026-07-31T23:03:45Z,237,1,0,21,1,0,1,1,1,1785538523
2026-07-31T23:03:45Z,239,20,11,6,1,0,1,1,1,1785538856
2026-07-31T23:03:45Z,241,2,0,20,1,0,1,1,1,1785538747
2026-07-31T23:03:45Z,242,6,2,16,1,0,1,1,1,1785538382
2026-07-31T23:03:45Z,243,20,11,9,2,0,1,1,1,1785538915
2026-07-31T23:03:45Z,244,12,0,14,1,0,1,1,1,1785538959
2026-07-31T23:03:45Z,245,4,2,19,0,0,1,1,1,1785538893
2026-07-31T23:03:45Z,246,2,2,21,0,0,1,1,1,1785538912
2026-07-31T23:03:45Z,247,4,4,17,2,0,1,1,1,1785538624
2026-07-31T23:03:45Z,248,10,4,11,2,0,1,1,1,1785538795
2026-07-31T23:03:45Z,249,12,12,6,1,0,1,1,1,1785538599
2026-07-31T23:03:45Z,250,4,2,20,3,0,1,1,1,1785538917
2026-07-31T23:03:45Z,251,18,14,5,4,0,1,1,1,1785538856
2026-07-31T23:03:45Z,253,8,5,11,0,0,1,1,1,1785538937
2026-07-31T23:03:45Z,254,6,2,36,1,0,1,1,1,1785538984
2026-07-31T23:03:45Z,255,9,2,13,0,1,1,1,1,1785538937
2026-07-31T23:03:45Z,256,4,3,18,1,0,1,1,1,1785538952
2026-07-31T23:03:45Z,257,4,2,15,0,0,1,1,1,1785538854
2026-07-31T23:03:45Z,258,11,8,7,1,0,1,1,1,1785538978
2026-07-31T23:03:45Z,259,11,1,11,0,1,1,1,1,1785539006
2026-07-31T23:03:45Z,260,10,8,8,1,0,1,1,1,1785538752
2026-07-31T23:03:45Z,261,0,0,17,1,1,1,1,1,1785538791
2026-07-31T23:03:45Z,262,4,0,18,1,0,1,1,1,1785538921
2026-07-31T23:03:45Z,263,11,10,3,1,0,1,1,1,1785538778
2026-07-31T23:03:45Z,264,1,1,18,0,0,1,1,1,1785538794
2026-07-31T23:03:45Z,265,8,0,7,0,0,1,1,1,1785538143
2026-07-31T23:03:45Z,266,10,9,7,2,0,1,1,1,1785538943
2026-07-31T23:03:45Z,267,8,3,5,2,0,1,1,1,1785537006
2026-07-31T23:03:45Z,268,19,7,3,1,0,1,1,1,1785538363
2026-07-31T23:03:45Z,269,2,2,20,1,0,1,1,1,1785538982
2026-07-31T23:03:45Z,270,13,2,12,2,0,1,1,1,1785538641
2026-07-31T23:03:45Z,271,0,0,17,2,0,1,1,1,1785538721
2026-07-31T23:03:45Z,272,5,3,18,0,0,1,1,1,1785539016
2026-07-31T23:03:45Z,273,4,1,11,0,0,1,1,1,1785538948
2026-07-31T23:03:45Z,274,4,1,14,1,0,1,1,1,1785538973
2026-07-31T23:03:45Z,275,1,0,18,4,0,1,1,1,1785538770
2026-07-31T23:03:45Z,276,5,4,21,1,0,1,1,1,1785538981
2026-07-31T23:03:45Z,277,3,0,15,5,0,1,1,1,1785538629
2026-07-31T23:03:45Z,278,2,2,27,2,0,1,1,1,1785538428
2026-07-31T23:03:45Z,279,5,0,14,0,0,1,1,1,1785538864
2026-07-31T23:03:45Z,280,4,0,25,2,0,1,1,1,1785538953
2026-07-31T23:03:45Z,281,8,0,11,0,0,1,1,1,1785538916
2026-07-31T23:03:45Z,282,10,2,8,0,0,1,1,1,1785538802
2026-07-31T23:03:45Z,283,16,3,19,0,0,1,1,1,1785538775
2026-07-31T23:03:45Z,284,29,3,4,2,0,1,1,1,1785538813
2026-07-31T23:03:45Z,285,3,1,20,0,0,1,1,1,1785538774
2026-07-31T23:03:45Z,286,13,5,10,0,0,1,1,1,1785538890
2026-07-31T23:03:45Z,287,10,1,10,3,0,1,1,1,1785537276
2026-07-31T23:03:45Z,288,5,1,12,2,0,1,1,1,1785538324
2026-07-31T23:03:45Z,289,9,9,15,3,0,1,1,1,1785538933
2026-07-31T23:03:45Z,290,14,0,23,2,0,1,1,1,1785538887
2026-07-31T23:03:45Z,291,8,0,14,1,0,1,1,1,1785538850
2026-07-31T23:03:45Z,292,4,3,19,0,0,1,1,1,1785538300
2026-07-31T23:03:45Z,293,4,0,18,1,0,1,1,1,1785538526
2026-07-31T23:03:45Z,294,14,7,5,3,0,1,1,1,1785539014
2026-07-31T23:03:45Z,297,2,0,13,3,1,1,1,1,1785539016
2026-07-31T23:03:45Z,301,14,0,4,1,0,1,1,1,1785538588
2026-07-31T23:03:45Z,302,18,3,5,0,0,1,1,1,1785538914
2026-07-31T23:03:45Z,303,0,0,19,0,0,1,1,1,1785537327
2026-07-31T23:03:45Z,304,0,0,0,0,0,0,1,1,86400
2026-07-31T23:03:45Z,305,1,0,17,1,0,1,1,1,1785539011
2026-07-31T23:03:45Z,306,10,0,21,1,0,1,1,1,1785538493
2026-07-31T23:03:45Z,307,10,2,13,0,0,1,1,1,1785538676
2026-07-31T23:03:45Z,308,15,2,2,2,0,1,1,1,1785538826
2026-07-31T23:03:45Z,309,8,1,6,0,0,1,1,1,1785538593
2026-07-31T23:03:45Z,311,9,1,6,0,0,1,1,1,1785538820
2026-07-31T23:03:45Z,312,6,6,14,3,0,1,1,1,1785538713
2026-07-31T23:03:45Z,313,1,0,14,0,0,1,1,1,1785538550
2026-07-31T23:03:45Z,314,6,1,11,2,0,1,1,1,1785538180
2026-07-31T23:03:45Z,315,5,5,23,3,0,1,1,1,1785538641
2026-07-31T23:03:45Z,316,1,1,23,6,1,1,1,1,1785538941
2026-07-31T23:03:45Z,317,18,8,12,0,1,1,1,1,1785539007
2026-07-31T23:03:45Z,318,19,4,0,0,0,1,1,1,1785538466
2026-07-31T23:03:45Z,319,6,2,13,4,0,1,1,1,1785539017
2026-07-31T23:03:45Z,320,3,0,15,1,0,1,1,1,1785538419
2026-07-31T23:03:45Z,321,2,0,13,4,0,1,1,1,1785538967
2026-07-31T23:03:45Z,322,21,0,8,0,0,1,1,1,1785538731
2026-07-31T23:03:45Z,323,9,0,8,2,0,1,1,1,1785538914
2026-07-31T23:03:45Z,324,22,0,4,1,0,1,1,1,1785539008
2026-07-31T23:03:45Z,325,1,1,24,2,0,1,1,1,1785538016
2026-07-31T23:03:45Z,327,25,2,0,2,0,1,1,1,1785538861
2026-07-31T23:03:45Z,328,15,0,6,1,0,1,1,1,1785538673
2026-07-31T23:03:45Z,329,4,1,12,3,0,1,1,1,1785537557
2026-07-31T23:03:45Z,330,19,0,3,0,0,1,1,1,1785538792
2026-07-31T23:03:45Z,331,17,1,4,2,0,1,1,1,1785538950
2026-07-31T23:03:45Z,332,4,1,12,3,0,1,1,1,1785538945
2026-07-31T23:03:45Z,333,0,0,20,3,0,1,1,1,1785539017
2026-07-31T23:03:45Z,334,0,0,22,1,0,1,1,1,1785538674
2026-07-31T23:03:45Z,335,5,1,17,0,1,1,1,1,1785538989
2026-07-31T23:03:45Z,336,4,1,15,0,0,1,1,1,1785538138
2026-07-31T23:03:45Z,337,3,3,16,4,0,1,1,1,1785538893
2026-07-31T23:03:45Z,338,3,3,16,0,0,1,1,1,1785538713
2026-07-31T23:03:45Z,339,6,2,15,2,0,1,1,1,1785538985
2026-07-31T23:03:45Z,340,2,2,12,1,0,1,1,1,1785538714
2026-07-31T23:03:45Z,341,4,1,15,0,0,1,1,1,1785538973
2026-07-31T23:03:45Z,342,3,0,12,0,0,1,1,1,1785538992
2026-07-31T23:03:45Z,343,5,3,17,1,0,1,1,1,1785538474
2026-07-31T23:03:45Z,344,5,1,17,1,0,1,1,1,1785538872
2026-07-31T23:03:45Z,345,19,5,0,0,0,1,1,1,1785538966
2026-07-31T23:03:45Z,346,2,1,21,0,0,1,1,1,1785538831
2026-07-31T23:03:45Z,347,13,1,27,4,0,1,1,1,1785539012
2026-07-31T23:03:45Z,348,11,2,11,0,1,1,1,1,1785538851
2026-07-31T23:03:45Z,349,10,2,9,0,0,1,1,1,1785539007
2026-07-31T23:03:45Z,350,3,1,22,1,1,1,1,1,1785538451
2026-07-31T23:03:45Z,351,8,1,13,2,0,1,1,1,1785538997
2026-07-31T23:03:45Z,355,10,1,13,0,0,1,1,1,1785538744
2026-07-31T23:03:45Z,356,2,1,17,0,0,1,1,1,1785538979
2026-07-31T23:03:45Z,357,2,2,16,1,0,1,1,1,1785538956
2026-07-31T23:03:45Z,358,24,2,2,1,0,1,1,1,1785538908
2026-07-31T23:03:45Z,359,12,0,15,0,0,1,1,1,1785538797
2026-07-31T23:03:45Z,360,2,1,17,0,0,1,1,1,1785538474
2026-07-31T23:03:45Z,362,0,0,16,3,0,1,1,1,1785538985
2026-07-31T23:03:45Z,363,21,2,6,0,0,1,1,1,1785538874
2026-07-31T23:03:45Z,364,1,0,18,0,0,1,1,1,1785538433
2026-07-31T23:03:45Z,365,2,0,17,4,0,1,1,1,1785538537
2026-07-31T23:03:45Z,366,3,3,19,1,0,1,1,1,1785538956
2026-07-31T23:03:45Z,367,3,3,14,2,0,1,1,1,1785538693
2026-07-31T23:03:45Z,368,2,1,20,1,0,1,1,1,1785538988
2026-07-31T23:03:45Z,370,7,2,20,0,0,1,1,1,1785538747
2026-07-31T23:03:45Z,371,2,2,15,2,0,1,1,1,1785538431
2026-07-31T23:03:45Z,372,12,0,3,0,0,1,1,1,1785538861
2026-07-31T23:03:45Z,373,2,0,24,1,0,1,1,1,1785538573
2026-07-31T23:03:45Z,374,5,3,13,1,0,1,1,1,1785538892
2026-07-31T23:03:45Z,375,2,0,24,1,0,1,1,1,1785538925
2026-07-31T23:03:45Z,376,0,0,38,1,0,1,1,1,1785538731
2026-07-31T23:03:45Z,377,3,3,22,2,0,1,1,1,1785538777
2026-07-31T23:03:45Z,378,1,0,21,1,1,1,1,1,1785538870
2026-07-31T23:03:45Z,379,22,1,2,3,0,1,1,1,1785538974
2026-07-31T23:03:45Z,380,6,1,17,0,0,1,1,1,1785538973
2026-07-31T23:03:45Z,381,8,0,15,0,0,1,1,1,1785538905
2026-07-31T23:03:45Z,383,6,0,6,3,0,1,1,1,1785539009
2026-07-31T23:03:45Z,384,1,0,23,3,0,1,1,1,1785538397
2026-07-31T23:03:45Z,385,0,0,17,1,0,1,1,1,1785538725
2026-07-31T23:03:45Z,387,2,0,21,0,0,1,1,1,1785538328
2026-07-31T23:03:45Z,388,35,0,9,5,0,1,1,1,1785538878
2026-07-31T23:03:45Z,389,7,3,7,1,0,1,1,1,1785538609
2026-07-31T23:03:45Z,390,15,3,20,0,0,1,1,1,1785538599
2026-07-31T23:03:45Z,391,4,2,11,0,0,1,1,1,1785537983
2026-07-31T23:03:45Z,392,3,2,14,2,0,1,1,1,1785538755
2026-07-31T23:03:45Z,393,1,1,7,3,0,1,1,1,1785537873
2026-07-31T23:03:45Z,394,7,1,4,2,0,1,1,1,1785538319
2026-07-31T23:03:45Z,396,1,0,41,0,0,1,1,1,1785538723
2026-07-31T23:03:45Z,397,7,7,24,0,0,1,1,1,1785538169
2026-07-31T23:03:45Z,399,5,1,10,2,0,1,1,1,1785538897
2026-07-31T23:03:45Z,400,16,9,5,2,0,1,1,1,1785538879
2026-07-31T23:03:45Z,401,3,0,28,8,0,1,1,1,1785538980
2026-07-31T23:03:45Z,403,22,8,5,4,0,1,1,1,1785538948
2026-07-31T23:03:45Z,404,3,1,19,1,0,1,1,1,1785539009
2026-07-31T23:03:45Z,406,11,3,22,2,0,1,1,1,1785538777
2026-07-31T23:03:45Z,407,17,1,16,1,0,1,1,1,1785537621
2026-07-31T23:03:45Z,408,3,2,27,3,0,1,1,1,1785538559
2026-07-31T23:03:45Z,409,12,2,7,4,0,1,1,1,1785537500
2026-07-31T23:03:45Z,413,11,4,11,1,0,1,1,1,1785538953
2026-07-31T23:03:45Z,414,11,0,4,0,0,1,1,1,1785538974
2026-07-31T23:03:45Z,417,2,2,17,0,0,1,1,1,1785537685
2026-07-31T23:03:45Z,418,2,2,13,0,0,1,1,1,1785537921
2026-07-31T23:03:45Z,419,14,1,9,0,0,1,1,1,1785538144
2026-07-31T23:03:45Z,421,13,0,6,0,0,1,1,1,1785538651
2026-07-31T23:03:45Z,422,9,0,18,0,0,1,1,1,1785538647
2026-07-31T23:03:45Z,423,2,0,21,0,0,1,1,1,1785538595
2026-07-31T23:03:45Z,424,4,2,8,3,0,1,1,1,1785538938
2026-07-31T23:03:45Z,425,12,0,9,0,1,1,1,1,1785538992
2026-07-31T23:03:45Z,426,0,0,35,2,0,1,1,1,1785537025
2026-07-31T23:03:45Z,427,10,0,3,2,0,1,1,1,1785538998
2026-07-31T23:03:45Z,428,15,0,4,0,0,1,1,1,1785538967
2026-07-31T23:03:45Z,429,3,2,19,1,0,1,1,1,1785538723
2026-07-31T23:03:45Z,430,2,0,28,1,0,1,1,1,1785538816
2026-07-31T23:03:45Z,431,3,1,29,1,0,1,1,1,1785538860
2026-07-31T23:03:45Z,432,0,0,30,1,0,0,1,1,1785508564
2026-07-31T23:03:45Z,433,6,1,14,3,0,1,1,1,1785538402
2026-07-31T23:03:45Z,437,2,2,13,4,0,1,1,1,1785538894
2026-07-31T23:03:45Z,438,3,1,15,1,0,1,1,1,1785539011
2026-07-31T23:03:45Z,439,11,4,4,0,0,1,1,1,1785538736
2026-07-31T23:03:45Z,440,12,2,2,1,0,1,1,1,1785538718
2026-07-31T23:03:45Z,441,6,1,7,2,0,1,1,1,1785538982
2026-07-31T23:03:45Z,442,10,1,6,3,0,1,1,1,1785538828
2026-07-31T23:03:45Z,443,6,2,21,0,0,1,1,1,1785537918
2026-07-31T23:03:45Z,444,1,1,22,0,0,1,1,1,1785535180
2026-07-31T23:03:45Z,445,6,2,16,1,0,1,1,1,1785538930
2026-07-31T23:03:45Z,446,1,0,22,0,0,1,1,1,1785537825
2026-07-31T23:03:45Z,447,4,0,17,1,1,1,1,1,1785538957
2026-07-31T23:03:45Z,448,7,0,7,1,0,1,1,1,1785539001
2026-07-31T23:03:45Z,452,6,5,12,1,0,1,1,1,1785538238
2026-07-31T23:03:45Z,453,3,1,7,5,0,1,1,1,1785539014
2026-07-31T23:03:45Z,454,10,1,9,0,0,1,1,1,1785538975
2026-07-31T23:03:45Z,455,26,0,12,1,0,1,1,1,1785538958
2026-07-31T23:03:45Z,456,17,1,2,1,0,1,1,1,1785538852
2026-07-31T23:03:45Z,457,0,0,25,2,0,1,1,1,1785538984
2026-07-31T23:03:45Z,458,7,4,14,2,0,1,1,1,1785538519
2026-07-31T23:03:45Z,459,13,0,2,0,0,1,1,1,1785538444
2026-07-31T23:03:45Z,460,14,0,9,0,0,1,1,1,1785538728
2026-07-31T23:03:45Z,461,10,0,9,0,0,1,1,1,1785538513
2026-07-31T23:03:45Z,462,20,0,1,0,0,1,1,1,1785538876
2026-07-31T23:03:45Z,463,7,0,12,0,0,1,1,1,1785537831
2026-07-31T23:03:45Z,464,3,0,11,0,0,1,1,1,1785538957
2026-07-31T23:03:45Z,465,4,2,11,0,0,1,1,1,1785539015
2026-07-31T23:03:45Z,466,6,2,3,6,0,1,1,1,1785538600
2026-07-31T23:03:45Z,467,1,0,18,0,0,1,1,1,1785538900
2026-07-31T23:03:45Z,468,2,1,16,1,0,1,1,1,1785537699
2026-07-31T23:03:45Z,469,4,1,17,2,0,1,1,1,1785538538
2026-07-31T23:03:45Z,470,1,0,12,2,0,1,1,1,1785538978
2026-07-31T23:03:45Z,471,23,2,4,0,0,1,1,1,1785538793
2026-07-31T23:03:45Z,472,2,2,14,3,0,1,1,1,1785539012
2026-07-31T23:03:45Z,473,10,1,9,0,0,1,1,1,1785538541
2026-07-31T23:03:45Z,474,5,0,11,3,0,1,1,1,1785538661
2026-07-31T23:03:45Z,475,1,0,17,1,0,1,1,1,1785538911
2026-07-31T23:03:45Z,477,4,0,11,0,0,1,1,1,1785538762
2026-07-31T23:03:45Z,478,30,0,1,0,0,1,1,1,1785538978
2026-07-31T23:03:45Z,479,4,0,21,2,0,1,1,1,1785538895
2026-07-31T23:03:45Z,480,5,1,9,1,0,1,1,1,1785538872
2026-07-31T23:03:45Z,481,17,1,17,1,0,1,1,1,1785539003
2026-07-31T23:03:45Z,482,2,1,17,0,0,1,1,1,1785536193
2026-07-31T23:03:45Z,483,7,1,18,2,0,1,1,1,1785539003
2026-07-31T23:03:45Z,484,0,0,18,1,0,1,1,1,1785538826
2026-07-31T23:03:45Z,485,14,5,4,0,1,1,1,1,1785538962
2026-07-31T23:03:45Z,486,3,0,22,2,0,1,1,1,1785539005
2026-07-31T23:03:45Z,487,7,6,10,2,0,1,1,1,1785538772
2026-07-31T23:03:45Z,489,3,1,12,0,0,1,1,1,1785538896
2026-07-31T23:03:45Z,490,11,1,5,0,0,1,1,1,1785538940
2026-07-31T23:03:45Z,491,8,2,12,1,0,1,1,1,1785538671
2026-07-31T23:03:45Z,492,5,1,3,3,0,1,1,1,1785539016
2026-07-31T23:03:45Z,493,20,1,7,0,0,1,1,1,1785538544
2026-07-31T23:03:45Z,495,10,0,4,1,0,1,1,1,1785536672
2026-07-31T23:03:45Z,496,10,1,17,0,0,1,1,1,1785538944
2026-07-31T23:03:45Z,497,3,2,15,0,0,1,1,1,1785538409
2026-07-31T23:03:45Z,498,1,0,21,1,0,1,1,1,1785538833
2026-07-31T23:03:45Z,499,4,0,13,2,0,1,1,1,1785538459
2026-07-31T23:03:45Z,500,3,0,9,3,0,1,1,1,1785538829
2026-07-31T23:03:45Z,501,6,0,13,2,0,1,1,1,1785538570
2026-07-31T23:03:45Z,502,2,0,15,2,0,1,1,1,1785538723
2026-07-31T23:03:45Z,503,6,0,24,1,0,1,1,1,1785538919
2026-07-31T23:03:45Z,504,1,0,36,2,0,1,1,1,1785538923
2026-07-31T23:03:45Z,505,5,0,6,1,0,1,1,1,1785538792
2026-07-31T23:03:45Z,511,0,0,22,1,0,1,1,1,1785538872
2026-07-31T23:03:45Z,512,15,1,12,0,0,1,1,1,1785538550
2026-07-31T23:03:45Z,514,4,3,6,1,0,1,1,1,1785537790
2026-07-31T23:03:45Z,515,8,3,11,0,0,1,1,1,1785538616
2026-07-31T23:03:45Z,516,9,0,18,0,0,1,1,1,1785538994
2026-07-31T23:03:45Z,517,11,3,12,0,0,1,1,1,1785538155
2026-07-31T23:03:45Z,518,5,0,9,1,0,1,1,1,1785533962
2026-07-31T23:03:45Z,519,5,4,13,1,0,1,1,1,1785538253
2026-07-31T23:03:45Z,520,20,6,1,5,1,1,1,1,1785539015
2026-07-31T23:03:45Z,521,7,3,16,0,0,1,1,1,1785538916
2026-07-31T23:03:45Z,522,11,2,10,2,0,1,1,1,1785538759
2026-07-31T23:03:45Z,523,14,7,8,1,0,1,1,1,1785538772
2026-07-31T23:03:45Z,524,16,1,7,0,0,1,1,1,1785538938
2026-07-31T23:03:45Z,525,11,1,8,0,0,1,1,1,1785538924
2026-07-31T23:03:45Z,526,6,3,8,1,0,1,1,1,1785538120
2026-07-31T23:03:45Z,527,14,12,11,1,0,1,1,1,1785538984
2026-07-31T23:03:45Z,528,19,2,3,1,0,1,1,1,1785539002
2026-07-31T23:03:45Z,529,8,5,5,6,0,1,1,1,1785539017
2026-07-31T23:03:45Z,530,14,0,4,3,0,1,1,1,1785538996
2026-07-31T23:03:45Z,531,22,1,0,0,1,1,1,1,1785538899
2026-07-31T23:03:45Z,532,1,1,28,2,0,1,1,1,1785537999
2026-07-31T23:03:45Z,533,12,0,6,1,0,1,1,1,1785537613
2026-07-31T23:03:45Z,534,5,1,18,0,0,1,1,1,1785538431
2026-07-31T23:03:45Z,535,0,0,15,0,0,1,1,1,1785536563
2026-07-31T23:03:45Z,536,11,0,12,0,0,1,1,1,1785538507
2026-07-31T23:03:45Z,537,0,0,20,0,0,1,1,1,1785538365
2026-07-31T23:03:45Z,538,9,1,13,0,1,1,1,1,1785538463
2026-07-31T23:03:45Z,539,2,2,29,0,0,1,1,1,1785538976
2026-07-31T23:03:45Z,540,2,1,17,0,0,1,1,1,1785538920
2026-07-31T23:03:45Z,541,0,0,26,1,0,1,1,1,1785538875
2026-07-31T23:03:45Z,542,0,0,22,1,0,1,1,1,1785538908
2026-07-31T23:03:45Z,543,3,0,16,0,0,1,1,1,1785539018
2026-07-31T23:03:45Z,544,4,2,14,4,0,1,1,1,1785538943
2026-07-31T23:03:45Z,545,14,1,1,4,0,1,1,1,1785538874
2026-07-31T23:03:45Z,546,2,1,17,0,0,1,1,1,1785538828
2026-07-31T23:03:45Z,547,7,0,17,1,0,1,1,1,1785538771
2026-07-31T23:03:45Z,548,11,3,12,0,0,1,1,1,1785538777
2026-07-31T23:03:45Z,549,11,0,11,1,0,1,1,1,1785539009
2026-07-31T23:03:45Z,550,11,6,8,0,0,1,1,1,1785538665
2026-07-31T23:03:45Z,551,2,1,21,0,0,1,1,1,1785538279
2026-07-31T23:03:45Z,552,6,0,21,0,0,1,1,1,1785538933
2026-07-31T23:03:45Z,553,1,1,21,1,0,1,1,1,1785539007
2026-07-31T23:03:45Z,554,2,0,17,0,0,1,1,1,1785538535
2026-07-31T23:03:45Z,555,11,1,3,1,0,1,1,1,1785539008
2026-07-31T23:03:45Z,556,6,0,15,2,0,1,1,1,1785538855
2026-07-31T23:03:45Z,557,1,0,20,2,0,1,1,1,1785538081
2026-07-31T23:03:45Z,558,25,12,11,1,0,1,1,1,1785538990
2026-07-31T23:03:45Z,559,4,0,14,1,0,1,1,1,1785538078
2026-07-31T23:03:45Z,560,20,0,7,0,0,1,1,1,1785538756
2026-07-31T23:03:45Z,561,8,0,12,3,0,1,1,1,1785538723
2026-07-31T23:03:45Z,562,7,0,21,7,0,1,1,1,1785539017
2026-07-31T23:03:45Z,563,1,0,12,1,0,1,1,1,1785538517
2026-07-31T23:03:45Z,564,3,1,15,1,0,1,1,1,1785538790
2026-07-31T23:03:45Z,565,0,0,18,1,0,1,1,1,1785538869
2026-07-31T23:03:45Z,566,14,0,4,1,0,1,1,1,1785539003
2026-07-31T23:03:45Z,567,21,0,3,3,0,1,1,1,1785538992
2026-07-31T23:03:45Z,568,11,0,8,0,0,1,1,1,1785538549
2026-07-31T23:03:45Z,569,11,2,8,0,0,1,1,1,1785538858
2026-07-31T23:03:45Z,570,5,1,13,1,0,1,1,1,1785538997
2026-07-31T23:03:45Z,571,9,0,14,0,0,1,1,1,1785538787
2026-07-31T23:03:45Z,572,6,0,13,0,0,1,1,1,1785538698
2026-07-31T23:03:45Z,573,14,3,1,0,0,1,1,1,1785538664
2026-07-31T23:03:45Z,574,3,3,12,0,0,1,1,1,1785538475
2026-07-31T23:03:45Z,575,1,0,19,1,0,1,1,1,1785538929
2026-07-31T23:03:45Z,576,0,0,19,0,0,1,1,1,1785537344
2026-07-31T23:03:45Z,577,27,0,4,0,0,1,1,1,1785538491
2026-07-31T23:03:45Z,578,0,0,22,1,0,1,1,1,1785538776
2026-07-31T23:03:45Z,579,12,0,31,0,0,1,1,1,1785538972
2026-07-31T23:03:45Z,580,3,0,26,0,0,1,1,1,1785538862
2026-07-31T23:03:45Z,581,16,0,3,0,0,1,1,1,1785538963
2026-07-31T23:03:45Z,582,23,0,35,3,0,1,1,1,1785538958
2026-07-31T23:03:45Z,583,4,1,18,1,0,1,1,1,1785538458
2026-07-31T23:03:45Z,584,2,0,13,4,0,1,1,1,1785538984
2026-07-31T23:03:45Z,585,3,0,23,0,1,1,1,1,1785538210
2026-07-31T23:03:45Z,586,14,1,21,0,0,1,1,1,1785538435
2026-07-31T23:03:45Z,587,10,0,13,1,0,1,1,1,1785538892
2026-07-31T23:03:45Z,588,7,3,9,2,1,1,1,1,1785538980
2026-07-31T23:03:45Z,589,11,5,10,1,0,1,1,1,1785538886
2026-07-31T23:03:45Z,590,14,2,17,0,0,1,1,1,1785538393
2026-07-31T23:03:45Z,591,1,0,27,2,0,1,1,1,1785538083
2026-07-31T23:03:45Z,592,2,0,21,0,0,1,1,1,1785538841
2026-07-31T23:03:45Z,593,15,0,23,0,0,1,1,1,1785538987
2026-07-31T23:03:45Z,594,7,1,12,2,0,1,1,1,1785538637
2026-07-31T23:03:45Z,595,0,0,3,0,0,0,1,1,1784046673
2026-07-31T23:03:45Z,605,0,0,2,1,0,0,1,1,1783975843
2026-07-31T23:03:45Z,606,0,0,0,0,0,0,1,1,86400
2026-07-31T23:03:45Z,607,5,3,23,4,0,1,1,1,1785538934
2026-07-31T23:03:45Z,608,37,2,13,0,0,1,1,1,1785538729
2026-07-31T23:03:45Z,609,5,3,18,0,0,1,1,1,1785538717
2026-07-31T23:03:45Z,610,1,0,34,0,0,1,1,1,1785538714
2026-07-31T23:03:45Z,611,14,4,11,2,0,1,1,1,1785538957
2026-07-31T23:03:45Z,612,9,1,6,0,0,1,1,1,1785538391
2026-07-31T23:03:45Z,613,12,4,0,3,0,1,1,1,1785530289
2026-07-31T23:03:45Z,614,3,2,21,2,1,1,1,1,1785538464
2026-07-31T23:03:45Z,617,11,0,3,1,0,1,1,1,1785538212
2026-07-31T23:03:45Z,618,12,1,1,6,0,1,1,1,1785538877
2026-07-31T23:03:45Z,619,7,6,12,0,0,1,1,1,1785538891
2026-07-31T23:03:45Z,620,14,1,13,0,0,1,1,1,1785537776
2026-07-31T23:03:45Z,621,0,0,23,0,0,1,1,1,1785538994
2026-07-31T23:03:45Z,622,4,1,18,1,0,1,1,1,1785537785
2026-07-31T23:03:45Z,623,16,6,14,0,0,1,1,1,1785538388
2026-07-31T23:03:45Z,624,2,0,13,0,0,1,1,1,1785538361
2026-07-31T23:03:45Z,625,16,2,1,4,0,1,1,1,1785538974
2026-07-31T23:03:45Z,626,44,1,1,0,2,1,1,1,1785538197
2026-07-31T23:03:45Z,627,16,4,3,0,0,1,1,1,1785538881
2026-07-31T23:03:45Z,628,4,2,13,1,1,1,1,1,1785538720
2026-07-31T23:03:45Z,629,3,1,6,2,0,1,1,1,1785538852
2026-07-31T23:03:45Z,630,2,1,21,4,0,1,1,1,1785538961
2026-07-31T23:03:45Z,631,7,4,16,0,0,1,1,1,1785538594
2026-07-31T23:03:45Z,632,14,1,7,2,0,1,1,1,1785538981
2026-07-31T23:03:45Z,633,11,3,1,3,0,1,1,1,1785530006
2026-07-31T23:03:45Z,634,10,1,9,0,0,1,1,1,1785538983
2026-07-31T23:03:45Z,635,17,2,2,0,0,1,1,1,1785538729
2026-07-31T23:03:45Z,636,7,2,8,0,0,1,1,1,1785526430
2026-07-31T23:03:45Z,637,6,2,11,2,0,1,1,1,1785535251
2026-07-31T23:03:45Z,638,7,1,10,2,0,1,1,1,1785538757
2026-07-31T23:03:45Z,639,12,2,5,2,0,1,1,1,1785537349
2026-07-31T23:03:45Z,640,8,6,13,2,0,1,1,1,1785538714
2026-07-31T23:03:45Z,641,18,0,9,0,0,1,1,1,1785538967
2026-07-31T23:03:45Z,642,4,2,7,8,0,1,1,1,1785539017
2026-07-31T23:03:45Z,643,0,0,19,8,0,1,1,1,1785539017
2026-07-31T23:03:45Z,644,13,1,1,1,0,1,1,1,1785533615
2026-07-31T23:03:45Z,645,17,1,3,3,0,1,1,1,1785537804
2026-07-31T23:03:45Z,646,3,1,16,0,0,1,1,1,1785538492
2026-07-31T23:03:45Z,647,1,1,30,0,0,1,1,1,1785538645
2026-07-31T23:03:45Z,648,0,0,18,1,0,1,1,1,1785538772
2026-07-31T23:03:45Z,649,20,1,10,1,0,1,1,1,1785538802
2026-07-31T23:03:45Z,650,6,1,8,0,0,1,1,1,1785538230
2026-07-31T23:03:45Z,651,4,3,18,1,0,1,1,1,1785538623
2026-07-31T23:03:45Z,652,5,2,15,3,0,1,1,1,1785539012
2026-07-31T23:03:45Z,653,1,0,17,1,0,1,1,1,1785538494
2026-07-31T23:03:45Z,654,5,1,10,0,0,1,1,1,1785538719
2026-07-31T23:03:45Z,655,8,4,0,4,1,1,1,1,1785538920
2026-07-31T23:03:45Z,656,3,3,16,0,0,1,1,1,1785538391
2026-07-31T23:03:45Z,657,8,4,5,2,2,1,1,1,1785538969
2026-07-31T23:03:45Z,658,9,1,1,0,0,1,1,1,1785537787
2026-07-31T23:03:45Z,659,7,5,6,2,0,1,1,1,1785538273
2026-07-31T23:03:45Z,660,11,3,15,5,0,1,1,1,1785538989
2026-07-31T23:03:45Z,661,8,1,11,0,0,1,1,1,1785538994
2026-07-31T23:03:45Z,662,5,2,14,4,0,1,1,1,1785537702
2026-07-31T23:03:45Z,663,2,0,13,0,0,1,1,1,1785538830
2026-07-31T23:03:45Z,664,9,0,16,2,0,1,1,1,1785538389
2026-07-31T23:03:45Z,665,10,4,5,0,0,1,1,1,1785538538
2026-07-31T23:03:45Z,666,8,2,4,3,0,1,1,1,1785537911
2026-07-31T23:03:45Z,667,18,2,0,1,0,1,1,1,1785538562
2026-07-31T23:03:45Z,668,14,1,5,0,0,1,1,1,1785538452
2026-07-31T23:03:45Z,669,6,3,6,2,0,1,1,1,1785537399
2026-07-31T23:03:45Z,670,17,1,10,0,0,1,1,1,1785538120
2026-07-31T23:03:45Z,671,20,0,7,0,0,1,1,1,1785538888
2026-07-31T23:03:45Z,672,1,0,19,2,1,1,1,1,1785538507
2026-07-31T23:03:45Z,673,13,1,10,0,0,1,1,1,1785538900
2026-07-31T23:03:45Z,674,1,1,20,2,0,1,1,1,1785538825
2026-07-31T23:03:45Z,675,3,1,10,2,0,1,1,1,1785538632
2026-07-31T23:03:45Z,676,6,0,14,2,0,1,1,1,1785538653
2026-07-31T23:03:45Z,681,12,6,2,0,1,1,1,1,1785539005
2026-07-31T23:03:45Z,682,6,1,13,0,0,1,1,1,1785538950
2026-07-31T23:03:45Z,683,1,1,18,0,0,1,1,1,1785527602
2026-07-31T23:03:45Z,684,4,1,23,0,0,1,1,1,1785535557
2026-07-31T23:03:45Z,685,7,0,18,1,1,1,1,1,1785538186
2026-07-31T23:03:45Z,686,11,0,13,3,0,1,1,1,1785539016
2026-07-31T23:03:45Z,687,13,1,16,1,1,1,1,1,1785538728
2026-07-31T23:03:45Z,688,9,1,10,0,0,1,1,1,1785537082
2026-07-31T23:03:45Z,692,0,0,21,0,0,1,1,1,1785538446
2026-07-31T23:03:45Z,693,6,0,2,3,0,1,1,1,1785537874
2026-07-31T23:03:45Z,694,9,4,12,0,0,1,1,1,1785538029
2026-07-31T23:03:45Z,695,2,1,20,1,0,1,1,1,1785537959
2026-07-31T23:03:45Z,696,19,13,3,1,0,1,1,1,1785539004
2026-07-31T23:03:45Z,697,15,5,7,1,0,1,1,1,1785538955
2026-07-31T23:03:45Z,698,18,3,9,0,0,1,1,1,1785538991
2026-07-31T23:03:45Z,699,5,0,9,1,0,1,1,1,1785538775
2026-07-31T23:03:45Z,700,15,1,4,0,0,1,1,1,1785538487
2026-07-31T23:03:45Z,701,18,3,0,1,0,1,1,1,1785538383
2026-07-31T23:03:45Z,702,1,1,22,0,0,1,1,1,1785538464
2026-07-31T23:03:45Z,704,6,0,8,1,0,1,1,1,1785538349
2026-07-31T23:03:45Z,705,2,0,13,0,0,1,1,1,1785538514
2026-07-31T23:03:45Z,706,4,1,9,2,0,1,1,1,1785538827
2026-07-31T23:03:45Z,707,7,1,8,0,0,1,1,1,1785538387
2026-07-31T23:03:45Z,708,18,4,1,0,0,1,1,1,1785538926
2026-07-31T23:03:45Z,709,3,0,10,2,0,1,1,1,1785538502
2026-07-31T23:03:45Z,710,3,0,15,1,0,1,1,1,1785537923
2026-07-31T23:03:45Z,711,11,1,9,3,0,1,1,1,1785538969
2026-07-31T23:03:45Z,712,3,3,11,1,0,1,1,1,1785538956
2026-07-31T23:03:45Z,713,7,3,16,0,0,1,1,1,1785539005
2026-07-31T23:03:45Z,716,4,3,11,0,0,1,1,1,1785538179
2026-07-31T23:03:45Z,717,1,1,22,2,0,1,1,1,1785538318
2026-07-31T23:03:45Z,718,2,0,12,1,0,1,1,1,1785538998
2026-07-31T23:03:45Z,719,4,0,25,0,0,1,1,1,1785537506
2026-07-31T23:03:45Z,720,0,0,19,0,0,1,1,1,1785538444
2026-07-31T23:03:45Z,721,9,0,12,2,0,1,1,1,1785538879
2026-07-31T23:03:45Z,722,7,1,8,0,0,1,1,1,1785538223
2026-07-31T23:03:45Z,723,14,2,9,0,0,1,1,1,1785538454
2026-07-31T23:03:45Z,724,6,2,16,1,0,1,1,1,1785539009
2026-07-31T23:03:45Z,725,4,0,19,0,0,1,1,1,1785539008
2026-07-31T23:03:45Z,726,9,0,8,2,0,1,1,1,1785538569
2026-07-31T23:03:45Z,727,9,5,13,1,0,1,1,1,1785538467
2026-07-31T23:03:45Z,728,9,0,5,1,0,1,1,1,1785538747
2026-07-31T23:03:45Z,729,6,0,13,0,0,1,1,1,1785538966
2026-07-31T23:03:45Z,730,0,0,12,3,0,1,1,1,1785537532
2026-07-31T23:03:45Z,731,3,3,10,2,0,1,1,1,1785538495
2026-07-31T23:03:45Z,732,5,3,10,0,0,1,1,1,1785538716
2026-07-31T23:03:45Z,733,25,2,2,0,0,1,1,1,1785538974
2026-07-31T23:03:45Z,734,1,0,13,0,0,1,1,1,1785537574
2026-07-31T23:03:45Z,735,25,10,2,0,0,1,1,1,1785538753
2026-07-31T23:03:45Z,736,12,0,7,0,0,1,1,1,1785538926
2026-07-31T23:03:45Z,737,3,1,11,0,1,1,1,1,1785538984
2026-07-31T23:03:45Z,738,15,2,4,0,0,1,1,1,1785538962
2026-07-31T23:03:45Z,739,18,0,8,1,0,1,1,1,1785538701
2026-07-31T23:03:45Z,741,5,0,18,0,0,1,1,1,1785538825
2026-07-31T23:03:45Z,742,8,6,25,2,0,1,1,1,1785539006
2026-07-31T23:03:45Z,743,5,2,14,0,0,1,1,1,1785538705
2026-07-31T23:03:45Z,744,10,3,5,0,0,1,1,1,1785538666
2026-07-31T23:03:45Z,745,8,4,11,0,0,1,1,1,1785538786
2026-07-31T23:03:45Z,746,10,0,13,0,0,1,1,1,1785539002
2026-07-31T23:03:45Z,747,0,0,4,0,0,0,1,1,1783446606
2026-07-31T23:03:45Z,748,8,0,15,0,0,1,1,1,1785538269
2026-07-31T23:03:45Z,749,9,0,14,0,0,1,1,1,1785538718
2026-07-31T23:03:45Z,750,4,4,7,0,0,1,1,1,1785539016
2026-07-31T23:03:45Z,751,13,11,10,0,0,1,1,1,1785539017
2026-07-31T23:03:45Z,752,0,0,16,1,0,1,1,1,1785538107
2026-07-31T23:03:45Z,753,7,0,7,1,0,1,1,1,1785538794
2026-07-31T23:03:45Z,754,4,1,11,0,0,1,1,1,1785537840
2026-07-31T23:03:45Z,755,14,4,7,2,0,1,1,1,1785538581
2026-07-31T23:03:45Z,756,3,3,33,1,0,1,1,1,1785537909
2026-07-31T23:03:45Z,757,5,1,14,0,0,1,1,1,1785538669
2026-07-31T23:03:45Z,758,7,3,16,0,0,1,1,1,1785538778
2026-07-31T23:03:45Z,759,0,0,0,0,0,1,1,1,86400
2026-07-31T23:03:45Z,760,9,2,10,0,0,1,1,1,1785531870
2026-07-31T23:03:45Z,761,7,1,16,0,0,1,1,1,1785538691
2026-07-31T23:03:45Z,762,4,2,6,5,0,1,1,1,1785538539
2026-07-31T23:03:45Z,768,7,0,8,4,0,1,1,1,1785537694
2026-07-31T23:03:45Z,769,15,7,1,3,0,1,1,1,1785538773
2026-07-31T23:03:45Z,770,9,2,8,2,0,1,1,1,1785537254
2026-07-31T23:03:45Z,771,12,1,2,1,0,1,1,1,1785538472
2026-07-31T23:03:45Z,772,0,0,15,0,0,1,1,1,1785538999
2026-07-31T23:03:45Z,773,17,4,2,0,0,1,1,1,1785538932
2026-07-31T23:03:45Z,774,5,1,6,4,0,1,1,1,1785538787
2026-07-31T23:03:45Z,775,5,1,12,1,1,1,1,1,1785538722
2026-07-31T23:03:45Z,776,4,2,16,1,0,1,1,1,1785538273
2026-07-31T23:03:45Z,777,9,1,6,0,0,1,1,1,1785538899
2026-07-31T23:03:45Z,778,13,0,6,0,0,1,1,1,1785538920
2026-07-31T23:03:45Z,779,6,0,12,1,0,1,1,1,1785538184
2026-07-31T23:03:45Z,780,5,2,14,0,0,1,1,1,1785538988
2026-07-31T23:03:45Z,781,3,1,6,2,0,1,1,1,1785537785
2026-07-31T23:03:45Z,782,0,0,15,4,0,1,1,1,1785538713
2026-07-31T23:03:45Z,783,6,3,13,0,0,1,1,1,1785538181
2026-07-31T23:03:45Z,784,9,2,10,0,0,1,1,1,1785537559
2026-07-31T23:03:45Z,785,9,2,4,6,0,1,1,1,1785538225
2026-07-31T23:03:45Z,786,5,2,12,2,0,1,1,1,1785538867
2026-07-31T23:03:45Z,787,5,3,9,1,0,1,1,1,1785538859
2026-07-31T23:03:45Z,788,7,1,8,0,0,1,1,1,1785538424
2026-07-31T23:03:45Z,789,7,2,4,4,0,1,1,1,1785538624
2026-07-31T23:03:45Z,790,4,2,17,2,0,1,1,1,1785538694
2026-07-31T23:03:45Z,791,7,0,11,0,1,1,1,1,1785538785
2026-07-31T23:03:45Z,793,4,0,10,1,0,1,1,1,1785538745
2026-07-31T23:03:45Z,794,1,0,26,2,0,1,1,1,1785538705
2026-07-31T23:03:45Z,796,4,3,14,1,0,1,1,1,1785538647
2026-07-31T23:03:45Z,797,7,1,8,0,0,1,1,1,1785538960
2026-07-31T23:03:45Z,798,16,1,8,1,0,1,1,1,1785538917
2026-07-31T23:03:45Z,799,15,2,0,4,0,1,1,1,1785538610
2026-07-31T23:03:45Z,800,1,1,19,1,0,1,1,1,1785538262
2026-07-31T23:03:45Z,801,4,2,16,1,0,1,1,1,1785538898
2026-07-31T23:03:45Z,802,7,0,24,0,0,1,1,1,1785538895
2026-07-31T23:03:45Z,803,2,0,13,0,0,1,1,1,1785538967
2026-07-31T23:03:45Z,806,3,3,11,1,0,1,1,1,1785537704
2026-07-31T23:03:45Z,807,8,4,14,3,0,1,1,1,1785537315
2026-07-31T23:03:45Z,808,8,0,14,3,0,1,1,1,1785538736
2026-07-31T23:03:45Z,809,4,1,18,1,0,1,1,1,1785538656
2026-07-31T23:03:45Z,810,3,1,14,2,0,1,1,1,1785539018
2026-07-31T23:03:45Z,815,4,2,6,4,1,1,1,1,1785538669
2026-07-31T23:03:45Z,817,9,5,6,0,0,1,1,1,1785539016
2026-07-31T23:03:45Z,818,5,1,17,1,0,1,1,1,1785537473
2026-07-31T23:03:45Z,819,5,3,10,0,0,1,1,1,1785537833
2026-07-31T23:03:45Z,820,11,1,6,0,0,1,1,1,1785538597
2026-07-31T23:03:45Z,821,4,3,11,0,0,1,1,1,1785538717
2026-07-31T23:03:45Z,822,5,0,17,1,0,1,1,1,1785538890
2026-07-31T23:03:45Z,823,14,0,0,1,0,1,1,1,1785538222
2026-07-31T23:03:45Z,824,15,7,4,0,0,1,1,1,1785539006
2026-07-31T23:03:45Z,825,7,6,8,0,0,1,1,1,1785538987
2026-07-31T23:03:45Z,826,7,0,10,2,0,1,1,1,1785537805
2026-07-31T23:03:45Z,827,16,4,3,2,0,1,1,1,1785537356
2026-07-31T23:03:45Z,828,11,0,5,2,0,1,1,1,1785538998
2026-07-31T23:03:45Z,829,18,7,9,0,0,1,1,1,1785538127
2026-07-31T23:03:45Z,830,17,0,5,1,0,1,1,1,1785538505
2026-07-31T23:03:45Z,831,6,3,7,2,0,1,1,1,1785538158
2026-07-31T23:03:45Z,832,7,3,8,3,0,1,1,1,1785538338
2026-07-31T23:03:45Z,833,5,1,13,1,0,1,1,1,1785538084
2026-07-31T23:03:45Z,834,4,0,19,1,0,1,1,1,1785539013
2026-07-31T23:03:45Z,835,2,1,14,2,0,1,1,1,1785538971
2026-07-31T23:03:45Z,838,8,4,6,1,0,1,1,1,1785538907
2026-07-31T23:03:45Z,839,7,0,20,2,0,1,1,1,1785538997
2026-07-31T23:03:45Z,840,1,0,27,1,0,1,1,1,1785538330
2026-07-31T23:03:45Z,841,8,2,7,0,0,1,1,1,1785538135
2026-07-31T23:03:45Z,842,2,1,21,0,0,1,1,1,1785538938
2026-07-31T23:03:45Z,843,16,2,15,0,0,1,1,1,1785538474
2026-07-31T23:03:45Z,844,4,0,19,0,0,1,1,1,1785538390
2026-07-31T23:03:45Z,845,5,3,12,2,0,1,1,1,1785538420
2026-07-31T23:03:45Z,846,4,2,14,1,0,1,1,1,1785537558
2026-07-31T23:03:45Z,847,7,1,20,0,0,1,1,1,1785537475
2026-07-31T23:03:45Z,848,2,2,16,1,0,1,1,1,1785538987
2026-07-31T23:03:45Z,849,7,0,7,1,0,1,1,1,1785537364
2026-07-31T23:03:45Z,850,5,0,6,0,0,1,1,1,1785538141
2026-07-31T23:03:45Z,851,3,2,31,3,0,1,1,1,1785537724
2026-07-31T23:03:45Z,852,10,4,9,0,0,1,1,1,1785538093
2026-07-31T23:03:45Z,853,11,5,12,0,0,1,1,1,1785537268
2026-07-31T23:03:45Z,854,0,0,15,0,0,1,1,1,1785537211
2026-07-31T23:03:45Z,855,22,1,5,0,0,1,1,1,1785538890
2026-07-31T23:03:45Z,857,8,6,9,2,0,1,1,1,1785538296
2026-07-31T23:03:45Z,858,5,2,13,1,0,1,1,1,1785538829
2026-07-31T23:03:45Z,859,8,0,12,1,0,1,1,1,1785539002
2026-07-31T23:03:45Z,861,6,0,4,1,0,1,1,1,1785528609
2026-07-31T23:03:45Z,862,3,2,12,0,0,1,1,1,1785538180
2026-07-31T23:03:45Z,863,14,1,4,1,0,1,1,1,1785534680
2026-07-31T23:03:45Z,866,13,1,6,0,0,1,1,1,1785538572
2026-07-31T23:03:45Z,867,14,2,1,0,0,1,1,1,1785537782
2026-07-31T23:03:45Z,868,7,0,8,0,0,1,1,1,1785538039
2026-07-31T23:03:45Z,870,7,4,8,0,0,1,1,1,1785538269
2026-07-31T23:03:45Z,871,0,0,10,1,0,1,1,1,1785537585
2026-07-31T23:03:45Z,872,1,0,13,1,0,1,1,1,1785538175
2026-07-31T23:03:45Z,873,3,0,28,2,0,1,1,1,1785538658
2026-07-31T23:03:45Z,874,4,2,8,3,0,1,1,1,1785538990
2026-07-31T23:03:45Z,875,12,8,1,2,0,1,1,1,1785538404
2026-07-31T23:03:45Z,877,12,11,6,1,0,1,1,1,1785537877
2026-07-31T23:03:45Z,878,3,3,16,0,0,1,1,1,1785538447
2026-07-31T23:03:45Z,879,1,0,18,0,0,1,1,1,1785537479
2026-07-31T23:03:45Z,880,1,0,21,1,0,1,1,1,1785538406
2026-07-31T23:03:45Z,881,3,0,16,0,0,1,1,1,1785538311
2026-07-31T23:03:45Z,882,9,3,9,1,0,1,1,1,1785534469
2026-07-31T23:03:45Z,883,8,3,11,0,0,1,1,1,1785538542
2026-07-31T23:03:45Z,884,11,7,10,0,0,1,1,1,1785537901
2026-07-31T23:03:45Z,885,0,0,19,0,0,1,1,1,1785538108
2026-07-31T23:03:45Z,886,2,1,25,2,0,1,1,1,1785538602
2026-07-31T23:03:45Z,887,5,0,8,4,0,1,1,1,1785538756
2026-07-31T23:03:45Z,888,18,2,21,2,0,1,1,1,1785538938
2026-07-31T23:03:45Z,889,11,0,6,2,0,1,1,1,1785538976
2026-07-31T23:03:45Z,890,7,4,8,0,0,1,1,1,1785537599
2026-07-31T23:03:45Z,891,17,1,5,1,0,1,1,1,1785538029
2026-07-31T23:03:45Z,892,10,0,5,0,0,1,1,1,1785536903
2026-07-31T23:03:45Z,895,2,0,17,0,0,1,1,1,1785536824
2026-07-31T23:03:45Z,896,7,2,28,0,0,1,1,1,1785534764
2026-07-31T23:03:45Z,897,15,0,6,0,0,1,1,1,1785538347
2026-07-31T23:03:45Z,898,2,0,17,0,0,1,1,1,1785538019
2026-07-31T23:03:45Z,899,15,0,2,2,0,1,1,1,1785538975
2026-07-31T23:03:45Z,900,7,0,19,1,0,1,1,1,1785538652
2026-07-31T23:03:45Z,901,4,1,14,1,0,1,1,1,1785538860
2026-07-31T23:03:45Z,902,5,1,10,0,0,1,1,1,1785537918
2026-07-31T23:03:45Z,903,8,3,10,1,0,1,1,1,1785538975
2026-07-31T23:03:45Z,904,10,4,8,1,0,1,1,1,1785538806
2026-07-31T23:03:45Z,905,13,3,13,1,0,1,1,1,1785538732
2026-07-31T23:03:45Z,906,10,8,17,0,0,1,1,1,1785539018
2026-07-31T23:03:45Z,907,6,1,24,1,0,1,1,1,1785538743
2026-07-31T23:03:45Z,908,12,2,11,0,0,1,1,1,1785538443
2026-07-31T23:03:45Z,909,9,4,14,0,0,1,1,1,1785538968
2026-07-31T23:03:45Z,910,29,1,1,1,0,1,1,1,1785538910
2026-07-31T23:03:45Z,911,4,1,15,0,0,1,1,1,1785537951
2026-07-31T23:03:45Z,912,0,0,22,1,0,1,1,1,1785538931
2026-07-31T23:03:45Z,913,5,3,14,0,0,1,1,1,1785538951
2026-07-31T23:03:45Z,914,13,2,4,2,0,1,1,1,1785538987
2026-07-31T23:03:45Z,915,10,4,10,3,0,1,1,1,1785538622
2026-07-31T23:03:45Z,916,8,0,15,0,0,1,1,1,1785538910
2026-07-31T23:03:45Z,917,5,0,29,1,0,1,1,1,1785537864
2026-07-31T23:03:45Z,918,5,2,12,2,0,1,1,1,1785538959
2026-07-31T23:03:45Z,919,1,0,38,0,0,1,1,1,1785538947
2026-07-31T23:03:45Z,920,8,3,11,0,0,1,1,1,1785538728
2026-07-31T23:03:45Z,921,13,1,8,0,0,1,1,1,1785538967
2026-07-31T23:03:45Z,922,0,0,21,0,0,1,1,1,1785538980
2026-07-31T23:03:45Z,923,1,1,18,0,0,1,1,1,1785538817
2026-07-31T23:03:45Z,924,6,1,14,1,0,1,1,1,1785537312
2026-07-31T23:03:45Z,925,11,0,10,0,0,1,1,1,1785538642
2026-07-31T23:03:45Z,926,2,0,19,0,0,1,1,1,1785538708
2026-07-31T23:03:45Z,927,19,2,16,0,0,1,1,1,1785538641
2026-07-31T23:03:45Z,928,0,0,19,0,0,0,1,1,1785500252
2026-07-31T23:03:45Z,929,11,3,11,1,0,1,1,1,1785538916
2026-07-31T23:03:45Z,930,17,0,13,1,0,1,1,1,1785538742
2026-07-31T23:03:45Z,931,3,3,19,1,0,1,1,1,1785538896
2026-07-31T23:03:45Z,932,14,0,0,5,0,1,1,1,1785538919
2026-07-31T23:03:45Z,933,9,2,12,2,0,1,1,1,1785538736
2026-07-31T23:03:45Z,934,29,0,1,1,0,1,1,1,1785538751
2026-07-31T23:03:45Z,935,17,0,0,2,0,1,1,1,1785538995
2026-07-31T23:03:45Z,936,5,0,14,0,0,1,1,1,1785538560
2026-07-31T23:03:45Z,940,5,0,5,1,0,1,1,1,1785538586
2026-07-31T23:03:45Z,941,17,2,5,3,0,1,1,1,1785538860
2026-07-31T23:03:45Z,942,13,2,8,0,0,1,1,1,1785537998
2026-07-31T23:03:45Z,943,8,8,7,0,0,1,1,1,1785538253
2026-07-31T23:03:45Z,944,10,8,5,0,0,1,1,1,1785538106
2026-07-31T23:03:45Z,945,7,5,8,0,0,1,1,1,1785537629
2026-07-31T23:03:45Z,946,7,5,12,0,0,1,1,1,1785523835
2026-07-31T23:03:45Z,947,5,3,12,0,0,1,1,1,1785538128
2026-07-31T23:03:45Z,948,11,11,16,4,0,1,1,1,1785538883
2026-07-31T23:03:45Z,949,3,2,12,0,0,1,1,1,1785538893
2026-07-31T23:03:45Z,950,1,1,15,1,0,1,1,1,1785538145
2026-07-31T23:03:45Z,951,16,6,7,0,0,1,1,1,1785538810
2026-07-31T23:03:45Z,952,24,4,30,1,0,1,1,1,1785538906
2026-07-31T23:03:45Z,953,4,1,10,1,0,1,1,1,1785538510
2026-07-31T23:03:45Z,954,9,1,10,0,0,1,1,1,1785538900
2026-07-31T23:03:45Z,955,15,8,6,6,0,1,1,1,1785538828
2026-07-31T23:03:45Z,956,20,0,1,2,0,1,1,1,1785538795
2026-07-31T23:03:45Z,957,24,2,4,1,0,1,1,1,1785538928
2026-07-31T23:03:45Z,958,28,2,3,0,0,1,1,1,1785539009
2026-07-31T23:03:45Z,959,7,2,15,1,0,1,1,1,1785538447
2026-07-31T23:03:45Z,960,5,1,18,0,0,1,1,1,1785539017
2026-07-31T23:03:45Z,961,5,1,15,3,0,1,1,1,1785538895
2026-07-31T23:03:45Z,962,8,0,24,3,0,1,1,1,1785537700
2026-07-31T23:03:45Z,963,14,0,8,1,0,1,1,1,1785538803
2026-07-31T23:03:45Z,964,16,10,6,1,0,1,1,1,1785537999
2026-07-31T23:03:45Z,965,13,6,13,1,0,1,1,1,1785538533
2026-07-31T23:03:45Z,966,12,0,18,1,0,1,1,1,1785539017
2026-07-31T23:03:45Z,967,0,0,20,1,0,1,1,1,1785538997
2026-07-31T23:03:45Z,968,12,0,6,1,0,1,1,1,1785538317
2026-07-31T23:03:45Z,969,2,1,23,2,0,1,1,1,1785538700
2026-07-31T23:03:45Z,970,0,0,18,1,0,1,1,1,1785538487
2026-07-31T23:03:45Z,971,1,0,21,1,0,1,1,1,1785538914
2026-07-31T23:03:45Z,972,10,4,12,1,0,1,1,1,1785538145
2026-07-31T23:03:45Z,973,5,0,17,1,0,1,1,1,1785538135
2026-07-31T23:03:45Z,974,12,0,15,0,0,1,1,1,1785538931
2026-07-31T23:03:45Z,977,0,0,19,2,0,1,1,1,1785538384
2026-07-31T23:03:45Z,978,18,0,5,0,0,1,1,1,1785537792
2026-07-31T23:03:45Z,979,1,0,16,0,0,1,1,1,1785538730
2026-07-31T23:03:45Z,980,5,0,15,1,0,1,1,1,1785538774
2026-07-31T23:03:45Z,981,9,0,12,0,0,1,1,1,1785538982
2026-07-31T23:03:45Z,982,3,0,14,2,0,1,1,1,1785538185
2026-07-31T23:03:45Z,983,2,2,21,0,0,1,1,1,1785538658
2026-07-31T23:03:45Z,984,5,0,18,0,0,1,1,1,1785538014
2026-07-31T23:03:45Z,985,7,0,23,1,0,1,1,1,1785538979
2026-07-31T23:03:45Z,986,5,0,14,0,0,1,1,1,1785538893
2026-07-31T23:03:45Z,987,6,0,17,0,0,1,1,1,1785538772
2026-07-31T23:03:45Z,988,4,2,14,1,0,1,1,1,1785538361
2026-07-31T23:03:45Z,989,7,4,12,0,0,1,1,1,1785537342
2026-07-31T23:03:45Z,990,12,0,2,1,0,1,1,1,1785538346
2026-07-31T23:03:45Z,991,9,0,9,1,0,1,1,1,1785538103
2026-07-31T23:03:45Z,992,9,5,14,0,0,1,1,1,1785538988
2026-07-31T23:03:45Z,993,5,4,21,1,0,1,1,1,1785537936
2026-07-31T23:03:45Z,994,0,0,21,0,0,1,1,1,1785537420
2026-07-31T23:03:45Z,995,7,1,20,0,0,1,1,1,1785538448
2026-07-31T23:03:45Z,996,6,2,17,0,0,1,1,1,1785538550
2026-07-31T23:03:45Z,997,15,8,8,0,0,1,1,1,1785538997
2026-07-31T23:03:45Z,998,5,4,18,0,0,1,1,1,1785538533
2026-07-31T23:03:45Z,999,4,1,15,1,1,1,1,1,1785538386
2026-07-31T23:03:45Z,1000,0,0,21,0,0,1,1,1,1785537255
2026-07-31T23:03:45Z,1001,5,3,22,0,0,1,1,1,1785538609
2026-07-31T23:03:45Z,1002,1,0,29,1,0,1,1,1,1785538640
2026-07-31T23:03:45Z,1003,1,0,22,0,0,1,1,1,1785538167
2026-07-31T23:03:45Z,1004,8,2,15,0,0,1,1,1,1785537659
2026-07-31T23:03:45Z,1005,20,1,3,0,0,1,1,1,1785538359
2026-07-31T23:03:45Z,1006,8,4,11,0,0,1,1,1,1785538160
2026-07-31T23:03:45Z,1007,3,1,18,0,0,1,1,1,1785538829
2026-07-31T23:03:45Z,1008,7,6,16,0,0,1,1,1,1785537347
2026-07-31T23:03:45Z,1009,22,5,8,1,0,1,1,1,1785537443
2026-07-31T23:03:45Z,1010,7,2,20,0,0,1,1,1,1785538078
2026-07-31T23:03:45Z,1011,7,2,10,2,0,1,1,1,1785538532
2026-07-31T23:03:45Z,1012,5,3,16,2,0,1,1,1,1785538131
2026-07-31T23:03:45Z,1013,4,1,18,1,0,1,1,1,1785538686
2026-07-31T23:03:45Z,1014,9,4,14,0,0,1,1,1,1785538658
2026-07-31T23:03:45Z,1015,4,3,26,1,0,1,1,1,1785539018
2026-07-31T23:03:45Z,1016,10,5,21,0,0,1,1,1,1785538095
2026-07-31T23:03:45Z,1017,13,5,8,0,0,1,1,1,1785537521
2026-07-31T23:03:45Z,1018,6,2,16,0,0,1,1,1,1785538209
2026-07-31T23:03:45Z,1019,8,5,7,0,0,1,1,1,1785538065
2026-07-31T23:03:45Z,1020,19,5,2,0,0,1,1,1,1785537387
2026-07-31T23:03:45Z,1021,9,4,6,0,0,1,1,1,1785538868
2026-07-31T23:03:45Z,1022,14,0,13,0,0,1,1,1,1785538348
2026-07-31T23:03:45Z,1023,14,2,9,0,0,1,1,1,1785537965
2026-07-31T23:03:45Z,1024,3,1,16,0,0,1,1,1,1785538925
2026-07-31T23:03:45Z,1025,4,0,14,0,1,1,1,1,1785538333
2026-07-31T23:03:45Z,1026,11,9,19,1,0,1,1,1,1785537708
2026-07-31T23:03:45Z,1028,3,1,20,0,0,1,1,1,1785538304
2026-07-31T23:03:45Z,1029,11,9,4,0,0,1,1,1,1785537362
2026-07-31T23:03:45Z,1030,13,4,10,0,0,1,1,1,1785539001
2026-07-31T23:03:45Z,1031,9,1,10,0,0,1,1,1,1785537485
2026-07-31T23:03:45Z,1032,7,1,12,0,0,1,1,1,1785538156
2026-07-31T23:03:45Z,1033,9,5,10,0,0,1,1,1,1785538982
2026-07-31T23:03:45Z,1034,3,0,12,0,0,1,1,1,1785538134
2026-07-31T23:03:45Z,1035,0,0,18,1,0,1,1,1,1785538159
2026-07-31T23:03:45Z,1036,13,0,2,0,0,1,1,1,1785538713
2026-07-31T23:03:45Z,1037,0,0,18,1,0,1,1,1,1785538440
2026-07-31T23:03:45Z,1038,1,0,14,0,0,1,1,1,1785537821
2026-07-31T23:03:45Z,1039,7,0,12,0,0,1,1,1,1785538306
2026-07-31T23:03:45Z,1040,8,5,11,0,0,1,1,1,1785538213
2026-07-31T23:03:45Z,1041,11,2,8,0,0,1,1,1,1785538576
2026-07-31T23:03:45Z,1042,3,0,11,1,0,1,1,1,1785538142
2026-07-31T23:03:45Z,1043,9,5,10,0,0,1,1,1,1785538239
2026-07-31T23:03:45Z,1044,1,0,14,0,0,1,1,1,1785537877
2026-07-31T23:03:45Z,1045,10,1,9,0,0,1,1,1,1785538434
2026-07-31T23:03:45Z,1046,9,0,6,0,0,1,1,1,1785537509
2026-07-31T23:03:45Z,1047,4,0,17,0,0,1,1,1,1785538930
2026-07-31T23:03:45Z,1048,2,0,17,0,0,1,1,1,1785538759
2026-07-31T23:03:45Z,1049,2,1,19,0,0,1,1,1,1785538226
2026-07-31T23:03:45Z,1050,20,4,1,0,0,1,1,1,1785539015
2026-07-31T23:03:45Z,1051,9,4,12,0,0,1,1,1,1785537382
2026-07-31T23:03:45Z,1052,17,1,4,1,0,1,1,1,1785538020
2026-07-31T23:03:45Z,1053,2,1,13,0,0,1,1,1,1785538015
2026-07-31T23:03:45Z,1054,7,2,8,0,0,1,1,1,1785538263
2026-07-31T23:03:45Z,1055,8,0,11,0,0,1,1,1,1785538836
2026-07-31T23:03:45Z,1057,1,0,18,0,0,1,1,1,1785538876
2026-07-31T23:03:45Z,1058,2,0,54,0,0,1,1,1,1785538864
2026-07-31T23:03:45Z,1059,5,2,13,1,0,1,1,1,1785538975
2026-07-31T23:03:45Z,1060,20,1,16,1,0,1,1,1,1785538906
2026-07-31T23:03:45Z,1061,16,0,21,0,0,1,1,1,1785538710
2026-07-31T23:03:45Z,1062,11,0,6,0,0,1,1,1,1785538602
2026-07-31T23:03:45Z,1063,12,1,6,1,0,1,1,1,1785538199
2026-07-31T23:03:45Z,1064,5,0,17,1,0,1,1,1,1785538573
2026-07-31T23:03:45Z,1065,14,3,9,0,0,1,1,1,1785538820
2026-07-31T23:03:45Z,1066,12,3,11,0,0,1,1,1,1785538638
2026-07-31T23:03:45Z,1067,7,1,14,2,0,1,1,1,1785538915
2026-07-31T23:03:45Z,1068,6,2,14,3,0,1,1,1,1785538461
2026-07-31T23:03:45Z,1069,12,3,11,0,0,1,1,1,1785538452
2026-07-31T23:03:45Z,1070,12,2,11,0,0,1,1,1,1785538557
2026-07-31T23:03:45Z,1071,8,4,15,0,0,1,1,1,1785538592
2026-07-31T23:03:45Z,1072,11,1,11,1,0,1,1,1,1785538997
2026-07-31T23:03:45Z,1073,10,0,16,1,0,1,1,1,1785538840
2026-07-31T23:03:45Z,1074,34,0,18,1,0,1,1,1,1785538970
2026-07-31T23:03:45Z,1075,8,8,13,0,0,1,1,1,1785537486
2026-07-31T23:03:45Z,1076,14,11,7,0,0,1,1,1,1785538724
2026-07-31T23:03:45Z,1077,13,8,8,0,0,1,1,1,1785538868
2026-07-31T23:03:45Z,1078,9,8,12,0,0,1,1,1,1785538595
2026-07-31T23:03:45Z,1079,14,10,7,0,0,1,1,1,1785538063
2026-07-31T23:03:45Z,1080,12,9,7,2,0,1,1,1,1785537991
2026-07-31T23:03:45Z,1081,13,8,6,0,0,1,1,1,1785538983
2026-07-31T23:03:45Z,1082,11,11,12,0,0,1,1,1,1785538065
2026-07-31T23:03:45Z,1083,12,11,9,0,0,1,1,1,1785538334
2026-07-31T23:03:45Z,1084,9,7,12,0,0,1,1,1,1785537948
2026-07-31T23:03:45Z,1085,12,9,9,0,0,1,1,1,1785537667
2026-07-31T23:03:45Z,1086,11,9,9,1,0,1,1,1,1785538360
2026-07-31T23:03:45Z,1087,8,7,7,0,0,1,1,1,1785537420
2026-07-31T23:03:45Z,1088,10,7,5,0,0,1,1,1,1785538199
2026-07-31T23:03:45Z,1089,9,7,6,0,0,1,1,1,1785537893
2026-07-31T23:03:45Z,1090,4,3,11,0,0,1,1,1,1785538946
2026-07-31T23:03:45Z,1091,7,5,8,0,0,1,1,1,1785537332
2026-07-31T23:03:45Z,1092,8,7,7,0,0,1,1,1,1785538681
2026-07-31T23:03:45Z,1093,5,5,9,1,0,1,1,1,1785537397
2026-07-31T23:03:45Z,1094,10,9,9,0,0,1,1,1,1785538150
2026-07-31T23:03:45Z,1095,10,8,5,0,0,1,1,1,1785538122
2026-07-31T23:03:45Z,1096,12,9,7,0,0,1,1,1,1785538530
2026-07-31T23:03:45Z,1097,8,8,7,0,0,1,1,1,1785538715
2026-07-31T23:03:45Z,1098,9,7,10,0,0,1,1,1,1785537758
2026-07-31T23:03:45Z,1099,7,6,8,0,0,1,1,1,1785537986
2026-07-31T23:03:45Z,1100,6,4,23,0,0,1,1,1,1785532207
2026-07-31T23:03:45Z,1101,10,5,11,0,0,1,1,1,1785537915
2026-07-31T23:03:45Z,1102,9,4,4,0,0,1,1,1,1785538919
2026-07-31T23:03:45Z,1103,11,5,10,0,0,1,1,1,1785503681
2026-07-31T23:03:45Z,1104,11,6,10,0,0,1,1,1,1785537666
2026-07-31T23:03:45Z,1105,8,4,5,0,0,1,1,1,1785538801
2026-07-31T23:03:45Z,1106,10,5,11,0,0,1,1,1,1785538007
2026-07-31T23:03:45Z,1107,9,5,6,0,0,1,1,1,1785538244
2026-07-31T23:03:45Z,1108,9,5,15,2,1,1,1,1,1785538859
2026-07-31T23:03:45Z,1109,7,3,8,0,0,1,1,1,1785538185
2026-07-31T23:03:45Z,1110,11,3,10,0,0,1,1,1,1785537530
2026-07-31T23:03:45Z,1111,9,3,11,1,0,1,1,1,1785537736
2026-07-31T23:03:45Z,1112,25,2,28,0,0,1,1,1,1785538974
2026-07-31T23:03:45Z,1113,0,0,21,0,0,1,1,1,1785537442
2026-07-31T23:03:45Z,1115,14,1,5,4,0,1,1,1,1785538737
2026-07-31T23:03:45Z,1116,8,1,11,0,0,1,1,1,1785538758
2026-07-31T23:03:45Z,1117,7,1,15,1,0,1,1,1,1785538639
2026-07-31T23:03:45Z,1118,18,2,3,0,0,1,1,1,1785539005
2026-07-31T23:03:45Z,1119,6,1,11,0,0,1,1,1,1785537352
2026-07-31T23:03:45Z,1120,6,1,12,1,0,1,1,1,1785538757
2026-07-31T23:03:45Z,1121,9,0,11,1,0,1,1,1,1785538784
2026-07-31T23:03:45Z,1122,3,2,17,1,0,1,1,1,1785538925
2026-07-31T23:03:45Z,1123,13,7,8,2,0,1,1,1,1785538109
2026-07-31T23:03:45Z,1124,8,2,6,1,0,1,1,1,1785538790
2026-07-31T23:03:45Z,1125,17,1,6,0,0,1,1,1,1785538556
2026-07-31T23:03:45Z,1126,5,1,16,0,0,1,1,1,1785538704
2026-07-31T23:03:45Z,1127,5,2,14,0,0,1,1,1,1785538494
2026-07-31T23:03:45Z,1128,0,0,15,0,0,1,1,1,1785538983
2026-07-31T23:03:45Z,1129,0,0,19,2,0,1,1,1,1785538942
2026-07-31T23:03:45Z,1130,15,0,0,0,0,1,1,1,1785538990
2026-07-31T23:03:45Z,1131,1,1,47,1,0,1,1,1,1785538833
2026-07-31T23:03:45Z,1132,11,3,9,1,0,1,1,1,1785538496
2026-07-31T23:03:45Z,1133,3,3,16,2,0,1,1,1,1785538855
2026-07-31T23:03:45Z,1134,12,6,7,0,0,1,1,1,1785538690
2026-07-31T23:03:45Z,1135,12,6,9,0,0,1,1,1,1785537813
2026-07-31T23:03:45Z,1136,15,1,8,0,0,1,1,1,1785538391
2026-07-31T23:03:45Z,1137,11,1,4,0,0,1,1,1,1785538057
2026-07-31T23:03:45Z,1138,2,0,17,0,0,1,1,1,1785538258
2026-07-31T23:03:45Z,1139,12,3,8,1,0,1,1,1,1785538692
2026-07-31T23:03:45Z,1140,1,1,20,2,0,1,1,1,1785538935
2026-07-31T23:03:45Z,1141,0,0,20,1,0,1,1,1,1785538307
2026-07-31T23:03:45Z,1142,5,0,16,0,0,1,1,1,1785538820
2026-07-31T23:03:45Z,1143,20,0,8,1,0,1,1,1,1785538990
2026-07-31T23:03:45Z,1144,8,0,12,1,0,1,1,1,1785537256
2026-07-31T23:03:45Z,1145,11,5,9,1,0,1,1,1,1785538590
2026-07-31T23:03:45Z,1146,16,4,0,3,0,1,1,1,1785538881
2026-07-31T23:03:45Z,1147,17,1,1,1,0,1,1,1,1785538855
2026-07-31T23:03:45Z,1148,1,0,30,0,0,1,1,1,1785538997
2026-07-31T23:03:45Z,1149,3,1,17,5,0,1,1,1,1785538535
2026-07-31T23:03:45Z,1150,1,0,18,0,0,1,1,1,1785538005
2026-07-31T23:03:45Z,1151,7,0,14,0,0,1,1,1,1785538839
2026-07-31T23:03:45Z,1152,4,0,25,0,0,1,1,1,1785538740
2026-07-31T23:03:45Z,1153,22,4,0,1,0,1,1,1,1785538731
2026-07-31T23:03:45Z,1154,4,0,15,0,0,1,1,1,1785537564
2026-07-31T23:03:45Z,1155,10,2,8,3,0,1,1,1,1785538802
2026-07-31T23:03:45Z,1158,3,1,16,0,0,1,1,1,1785538060
2026-07-31T23:03:45Z,1159,14,2,5,0,0,1,1,1,1785538424
2026-07-31T23:03:45Z,1160,7,2,12,0,0,1,1,1,1785538941
2026-07-31T23:03:45Z,1161,3,0,15,1,0,1,1,1,1785538559
2026-07-31T23:03:45Z,1162,4,0,15,0,0,1,1,1,1785538816
2026-07-31T23:03:45Z,1163,2,1,16,1,0,1,1,1,1785538618
2026-07-31T23:03:45Z,1164,5,1,14,0,0,1,1,1,1785538238
2026-07-31T23:03:45Z,1165,1,0,20,0,0,1,1,1,1785538986
2026-07-31T23:03:45Z,1166,13,3,7,1,0,1,1,1,1785538526
2026-07-31T23:03:45Z,1167,4,0,11,0,0,1,1,1,1785537905
2026-07-31T23:03:45Z,1168,3,0,18,2,0,1,1,1,1785538481
2026-07-31T23:03:45Z,1169,3,0,15,1,0,1,1,1,1785538085
2026-07-31T23:03:45Z,1170,3,1,18,0,0,1,1,1,1785538751
2026-07-31T23:03:45Z,1171,8,8,15,0,0,1,1,1,1785538192
2026-07-31T23:03:45Z,1172,5,0,8,2,0,1,1,1,1785538235
2026-07-31T23:03:45Z,1173,13,4,6,0,0,1,1,1,1785538343
2026-07-31T23:03:45Z,1174,3,0,12,0,0,1,1,1,1785538106
2026-07-31T23:03:45Z,1175,4,2,15,0,0,1,1,1,1785535612
2026-07-31T23:03:45Z,1176,8,2,13,0,0,1,1,1,1785537574
2026-07-31T23:03:45Z,1177,4,2,17,0,0,1,1,1,1785537505
2026-07-31T23:03:45Z,1178,5,2,10,0,0,1,1,1,1785537899
2026-07-31T23:03:45Z,1181,12,1,3,0,0,1,1,1,1785537887
2026-07-31T23:03:45Z,1182,19,4,0,1,0,1,1,1,1785538905
2026-07-31T23:03:45Z,1183,18,0,25,2,0,1,1,1,1785539012
2026-07-31T23:03:45Z,1184,6,6,12,3,0,1,1,1,1785538888
2026-07-31T23:03:45Z,1185,10,6,11,0,0,1,1,1,1785537642
2026-07-31T23:03:45Z,1186,9,5,10,0,0,1,1,1,1785538613
2026-07-31T23:03:45Z,1187,10,5,10,1,0,1,1,1,1785538834
2026-07-31T23:03:45Z,1188,10,5,5,0,0,1,1,1,1785538241
2026-07-31T23:03:45Z,1189,8,3,11,0,0,1,1,1,1785538376
2026-07-31T23:03:45Z,1190,9,4,12,0,0,1,1,1,1785537795
2026-07-31T23:03:45Z,1191,10,5,5,0,0,1,1,1,1785538244
2026-07-31T23:03:45Z,1192,11,7,9,1,0,1,1,1,1785538161
2026-07-31T23:03:45Z,1193,6,4,5,2,0,1,1,1,1785539017
2026-07-31T23:03:45Z,1197,9,6,7,1,0,1,1,1,1785538200
2026-07-31T23:03:45Z,1198,13,4,6,2,0,1,1,1,1785538684
2026-07-31T23:03:45Z,1199,3,0,16,0,0,1,1,1,1785538685
2026-07-31T23:03:45Z,1200,8,4,7,0,0,1,1,1,1785538285
2026-07-31T23:03:45Z,1201,9,4,6,0,0,1,1,1,1785538256
2026-07-31T23:03:45Z,1202,10,5,5,0,0,1,1,1,1785538357
2026-07-31T23:03:45Z,1203,11,5,4,0,0,1,1,1,1785538264
2026-07-31T23:03:45Z,1204,7,4,12,0,0,1,1,1,1785538043
2026-07-31T23:03:45Z,1206,11,5,10,0,0,1,1,1,1785537286
2026-07-31T23:03:45Z,1207,8,4,6,1,0,1,1,1,1785538573
2026-07-31T23:03:45Z,1208,10,4,9,0,0,1,1,1,1785538525
2026-07-31T23:03:45Z,1216,9,0,11,1,0,1,1,1,1785538093
2026-07-31T23:03:45Z,1218,4,0,17,0,0,1,1,1,1785537899
2026-07-31T23:03:45Z,1219,2,1,10,3,0,1,1,1,1785538175
2026-07-31T23:03:45Z,1220,16,6,3,0,0,1,1,1,1785538279
2026-07-31T23:03:45Z,1221,1,1,19,1,0,1,1,1,1785537252
2026-07-31T23:03:45Z,1222,16,1,13,0,0,1,1,1,1785538854
2026-07-31T23:03:45Z,1223,23,1,5,1,0,1,1,1,1785539013
2026-07-31T23:03:45Z,1226,0,0,3,0,0,0,1,1,1781868931
2026-07-31T23:03:45Z,1227,5,0,19,1,0,1,1,1,1785538687
2026-07-31T23:03:45Z,1228,0,0,28,1,0,1,1,1,1785539016
2026-07-31T23:03:45Z,1229,42,0,3,0,0,1,1,1,1785538881
2026-07-31T23:08:45Z,1,19,1,4,0,0,1,1,1,1785538928
2026-07-31T23:08:45Z,2,11,0,13,3,0,1,1,1,1785539218
2026-07-31T23:08:45Z,3,8,1,5,1,0,1,1,1,1785539116
2026-07-31T23:08:45Z,4,18,0,3,1,0,1,1,1,1785539212
2026-07-31T23:08:45Z,5,18,4,2,3,0,1,1,1,1785539106
2026-07-31T23:08:45Z,6,1,0,14,0,0,1,1,1,1785538788
2026-07-31T23:08:45Z,7,8,0,31,0,0,1,1,1,1785539310
2026-07-31T23:08:45Z,8,11,0,32,0,0,1,1,1,1785539225
2026-07-31T23:08:45Z,9,14,0,8,1,0,1,1,1,1785539133
2026-07-31T23:08:45Z,10,4,2,16,3,0,1,1,1,1785538156
2026-07-31T23:08:45Z,11,5,2,13,1,0,1,1,1,1785539304
2026-07-31T23:08:45Z,12,4,1,19,0,0,1,1,1,1785539094
2026-07-31T23:08:45Z,13,24,2,5,1,0,1,1,1,1785539193
2026-07-31T23:08:45Z,14,26,2,16,0,1,1,1,1,1785539220
2026-07-31T23:08:45Z,15,15,0,0,0,0,1,1,1,1785536042
2026-07-31T23:08:45Z,16,0,0,24,2,1,1,1,1,1785538462
2026-07-31T23:08:45Z,17,24,0,2,1,0,1,1,1,1785539285
2026-07-31T23:08:45Z,18,11,0,5,2,0,1,1,1,1785538910
2026-07-31T23:08:45Z,19,1,0,25,1,0,1,1,1,1785539042
2026-07-31T23:08:45Z,20,20,1,14,1,0,1,1,1,1785539318
2026-07-31T23:08:45Z,21,11,1,6,2,0,1,1,1,1785539238
2026-07-31T23:08:45Z,22,12,0,53,0,0,1,1,1,1785539146
2026-07-31T23:08:45Z,23,9,8,22,0,0,1,1,1,1785538855
2026-07-31T23:08:45Z,24,6,0,4,1,0,1,1,1,1785539313
2026-07-31T23:08:45Z,25,65,0,14,2,0,1,1,1,1785539298
2026-07-31T23:08:45Z,26,24,0,3,0,0,1,1,1,1785539309
2026-07-31T23:08:45Z,28,7,1,8,0,0,1,1,1,1785539065
2026-07-31T23:08:45Z,30,20,0,7,2,0,1,1,1,1785539231
2026-07-31T23:08:45Z,31,8,0,9,2,0,1,1,1,1785539015
2026-07-31T23:08:45Z,32,1,0,26,0,0,1,1,1,1785539267
2026-07-31T23:08:45Z,34,12,0,25,0,0,1,1,1,1785539291
2026-07-31T23:08:45Z,35,29,2,16,2,0,1,1,1,1785539279
2026-07-31T23:08:45Z,36,0,0,0,0,0,0,1,1,86400
2026-07-31T23:08:45Z,37,15,2,8,0,0,1,1,1,1785539307
2026-07-31T23:08:45Z,38,1,0,22,0,0,1,1,1,1785539197
2026-07-31T23:08:45Z,39,10,4,29,0,0,1,1,1,1785538957
2026-07-31T23:08:45Z,40,6,0,15,0,0,1,1,1,1785538937
2026-07-31T23:08:45Z,41,21,0,22,0,0,1,1,1,1785539278
2026-07-31T23:08:45Z,42,8,5,23,0,0,1,1,1,1785539293
2026-07-31T23:08:45Z,43,8,1,15,0,0,1,1,1,1785539314
2026-07-31T23:08:45Z,45,4,0,25,0,0,1,1,1,1785538126
2026-07-31T23:08:45Z,46,3,2,27,1,0,1,1,1,1785538416
2026-07-31T23:08:45Z,47,0,0,14,1,0,1,1,1,1785539176
2026-07-31T23:08:45Z,48,15,0,12,0,0,1,1,1,1785539270
2026-07-31T23:08:45Z,49,0,0,19,4,0,1,1,1,1785539315
2026-07-31T23:08:45Z,50,0,0,16,3,0,1,1,1,1785539067
2026-07-31T23:08:45Z,51,28,0,49,0,0,1,1,1,1785538913
2026-07-31T23:08:45Z,52,8,0,16,3,0,1,1,1,1785539240
2026-07-31T23:08:45Z,55,4,3,17,2,0,1,1,1,1785539130
2026-07-31T23:08:45Z,56,4,2,39,0,0,1,1,1,1785539309
2026-07-31T23:08:45Z,57,20,0,7,0,0,1,1,1,1785539089
2026-07-31T23:08:45Z,58,0,0,28,0,0,1,1,1,1785537262
2026-07-31T23:08:45Z,59,3,0,22,2,0,1,1,1,1785539295
2026-07-31T23:08:45Z,61,28,0,11,0,0,1,1,1,1785538948
2026-07-31T23:08:45Z,62,11,8,37,1,0,1,1,1,1785539306
2026-07-31T23:08:45Z,63,10,4,8,1,0,1,1,1,1785539178
2026-07-31T23:08:45Z,64,10,1,5,4,0,1,1,1,1785535815
2026-07-31T23:08:45Z,65,11,4,7,1,0,1,1,1,1785539185
2026-07-31T23:08:45Z,67,14,0,25,0,0,1,1,1,1785539010
2026-07-31T23:08:45Z,68,33,0,3,1,0,1,1,1,1785538151
2026-07-31T23:08:45Z,69,3,0,12,0,0,1,1,1,1785539223
2026-07-31T23:08:45Z,71,8,0,17,2,0,1,1,1,1785539294
2026-07-31T23:08:45Z,72,27,4,1,2,1,1,1,1,1785539050
2026-07-31T23:08:45Z,73,1,0,30,0,0,1,1,1,1785539152
2026-07-31T23:08:45Z,74,3,2,16,0,0,1,1,1,1785538513
2026-07-31T23:08:45Z,75,4,0,27,1,0,1,1,1,1785539098
2026-07-31T23:08:45Z,76,4,1,13,2,0,1,1,1,1785539316
2026-07-31T23:08:45Z,77,16,0,9,2,0,1,1,1,1785538999
2026-07-31T23:08:45Z,78,1,1,22,0,0,1,1,1,1785538135
2026-07-31T23:08:45Z,79,0,0,16,1,0,1,1,1,1785538736
2026-07-31T23:08:45Z,80,11,1,9,3,0,1,1,1,1785539246
2026-07-31T23:08:45Z,81,11,1,20,0,0,1,1,1,1785539211
2026-07-31T23:08:45Z,82,17,12,5,1,0,1,1,1,1785539137
2026-07-31T23:08:45Z,83,7,3,26,1,0,1,1,1,1785539278
2026-07-31T23:08:45Z,84,13,3,14,0,0,1,1,1,1785539194
2026-07-31T23:08:45Z,85,7,1,8,0,0,1,1,1,1785539066
2026-07-31T23:08:45Z,86,7,3,20,0,0,1,1,1,1785539102
2026-07-31T23:08:45Z,87,0,0,19,0,0,1,1,1,1785533075
2026-07-31T23:08:45Z,88,21,1,21,1,0,1,1,1,1785539133
2026-07-31T23:08:45Z,89,16,0,19,0,0,1,1,1,1785539032
2026-07-31T23:08:45Z,90,12,0,5,1,0,1,1,1,1785538470
2026-07-31T23:08:45Z,91,3,1,14,0,0,1,1,1,1785538996
2026-07-31T23:08:45Z,92,4,2,12,3,0,1,1,1,1785539052
2026-07-31T23:08:45Z,93,8,0,14,1,0,1,1,1,1785539024
2026-07-31T23:08:45Z,94,7,0,11,1,0,1,1,1,1785538722
2026-07-31T23:08:45Z,95,4,0,29,1,1,1,1,1,1785539310
2026-07-31T23:08:45Z,96,26,4,4,1,0,1,1,1,1785539102
2026-07-31T23:08:45Z,97,3,1,13,1,0,1,1,1,1785539146
2026-07-31T23:08:45Z,98,24,4,10,1,0,1,1,1,1785538787
2026-07-31T23:08:45Z,99,15,1,0,0,0,1,1,1,1785538180
2026-07-31T23:08:45Z,100,14,2,13,0,0,1,1,1,1785539256
2026-07-31T23:08:45Z,101,8,1,6,1,0,1,1,1,1785539195
2026-07-31T23:08:45Z,102,21,0,1,1,0,1,1,1,1785539105
2026-07-31T23:08:45Z,103,27,0,0,3,0,1,1,1,1785538731
2026-07-31T23:08:45Z,104,11,0,14,2,0,1,1,1,1785539319
2026-07-31T23:08:45Z,105,17,0,2,0,0,1,1,1,1785535842
2026-07-31T23:08:45Z,106,18,0,2,1,0,1,1,1,1785538929
2026-07-31T23:08:45Z,107,17,0,19,1,0,1,1,1,1785538761
2026-07-31T23:08:45Z,108,31,1,2,2,0,1,1,1,1785539298
2026-07-31T23:08:45Z,109,23,1,0,0,0,1,1,1,1785539296
2026-07-31T23:08:45Z,110,16,0,7,0,0,1,1,1,1785539313
2026-07-31T23:08:45Z,111,1,1,35,0,0,1,1,1,1785539198
2026-07-31T23:08:45Z,112,7,0,7,1,0,1,1,1,1785538574
2026-07-31T23:08:45Z,113,4,0,14,1,0,1,1,1,1785539287
2026-07-31T23:08:45Z,114,8,2,20,2,1,1,1,1,1785539118
2026-07-31T23:08:45Z,115,20,11,4,4,0,1,1,1,1785538957
2026-07-31T23:08:45Z,116,8,7,19,0,0,1,1,1,1785539276
2026-07-31T23:08:45Z,118,19,2,1,3,0,1,1,1,1785539137
2026-07-31T23:08:45Z,119,0,0,36,2,0,1,1,1,1785538638
2026-07-31T23:08:45Z,120,3,1,23,1,0,1,1,1,1785539220
2026-07-31T23:08:45Z,121,2,1,15,1,1,1,1,1,1785539312
2026-07-31T23:08:45Z,122,16,1,3,2,0,1,1,1,1785539295
2026-07-31T23:08:45Z,123,2,1,45,0,0,1,1,1,1785538892
2026-07-31T23:08:45Z,124,10,3,25,0,0,1,1,1,1785539311
2026-07-31T23:08:45Z,125,2,0,21,0,0,1,1,1,1785539260
2026-07-31T23:08:45Z,126,14,2,17,0,0,1,1,1,1785539132
2026-07-31T23:08:45Z,127,12,1,21,2,0,1,1,1,1785539184
2026-07-31T23:08:45Z,128,13,4,6,0,0,1,1,1,1785539232
2026-07-31T23:08:45Z,129,7,1,10,2,0,1,1,1,1785539289
2026-07-31T23:08:45Z,130,11,0,6,0,0,1,1,1,1785539173
2026-07-31T23:08:45Z,131,7,1,3,1,0,1,1,1,1785538917
2026-07-31T23:08:45Z,132,12,4,2,0,1,1,1,1,1785538902
2026-07-31T23:08:45Z,134,9,0,9,5,0,1,1,1,1785539251
2026-07-31T23:08:45Z,135,5,4,11,3,0,1,1,1,1785539319
2026-07-31T23:08:45Z,136,0,0,0,22,1,1,1,1,1785539318
2026-07-31T23:08:45Z,137,3,2,15,1,0,1,1,1,1785539243
2026-07-31T23:08:45Z,138,20,1,17,0,0,1,1,1,1785538953
2026-07-31T23:08:45Z,139,12,4,7,0,0,1,1,1,1785539191
2026-07-31T23:08:45Z,140,7,1,15,1,0,1,1,1,1785539317
2026-07-31T23:08:45Z,141,7,3,28,1,0,1,1,1,1785539183
2026-07-31T23:08:45Z,142,10,0,13,0,0,1,1,1,1785539256
2026-07-31T23:08:45Z,143,17,0,13,1,0,1,1,1,1785539296
2026-07-31T23:08:45Z,144,23,4,3,1,0,1,1,1,1785538924
2026-07-31T23:08:45Z,146,3,0,19,1,0,1,1,1,1785539234
2026-07-31T23:08:45Z,147,2,0,14,3,0,1,1,1,1785539249
2026-07-31T23:08:45Z,148,4,1,19,4,0,1,1,1,1785539303
2026-07-31T23:08:45Z,149,0,0,27,0,0,1,1,1,1785537283
2026-07-31T23:08:45Z,150,6,1,27,2,0,1,1,1,1785539228
2026-07-31T23:08:45Z,151,0,0,23,0,0,1,1,1,1785539013
2026-07-31T23:08:45Z,152,7,1,16,3,0,1,1,1,1785539314
2026-07-31T23:08:45Z,153,9,0,16,3,0,1,1,1,1785539277
2026-07-31T23:08:45Z,154,14,4,6,3,0,1,1,1,1785539314
2026-07-31T23:08:45Z,155,7,3,6,1,0,1,1,1,1785539128
2026-07-31T23:08:45Z,156,1,0,18,0,0,1,1,1,1785539225
2026-07-31T23:08:45Z,157,19,0,6,2,0,1,1,1,1785539250
2026-07-31T23:08:45Z,158,14,0,1,1,0,1,1,1,1785538718
2026-07-31T23:08:45Z,159,3,3,16,0,0,1,1,1,1785539283
2026-07-31T23:08:45Z,160,5,1,14,0,0,1,1,1,1785539205
2026-07-31T23:08:45Z,161,15,3,7,0,0,1,1,1,1785539293
2026-07-31T23:08:45Z,162,15,13,10,2,0,1,1,1,1785539259
2026-07-31T23:08:45Z,163,5,0,24,1,1,1,1,1,1785539209
2026-07-31T23:08:45Z,164,12,2,15,0,0,1,1,1,1785539298
2026-07-31T23:08:45Z,165,29,4,1,1,0,1,1,1,1785539316
2026-07-31T23:08:45Z,166,22,9,14,3,0,1,1,1,1785539314
2026-07-31T23:08:45Z,167,5,0,17,1,0,1,1,1,1785539059
2026-07-31T23:08:45Z,168,23,0,3,1,0,1,1,1,1785539306
2026-07-31T23:08:45Z,169,10,1,11,1,1,1,1,1,1785539237
2026-07-31T23:08:45Z,170,7,0,11,1,0,1,1,1,1785539262
2026-07-31T23:08:45Z,171,3,2,8,2,0,1,1,1,1785539269
2026-07-31T23:08:45Z,173,28,1,11,0,0,1,1,1,1785539253
2026-07-31T23:08:45Z,174,6,1,20,0,0,1,1,1,1785539293
2026-07-31T23:08:45Z,175,30,2,0,1,0,1,1,1,1785538684
2026-07-31T23:08:45Z,176,12,3,1,1,1,1,1,1,1785539318
2026-07-31T23:08:45Z,177,6,0,21,0,0,1,1,1,1785538668
2026-07-31T23:08:45Z,178,10,1,2,2,1,1,1,1,1785539313
2026-07-31T23:08:45Z,179,8,0,5,2,0,1,1,1,1785539296
2026-07-31T23:08:45Z,180,1,0,29,0,0,1,1,1,1785538578
2026-07-31T23:08:45Z,181,3,0,12,0,0,1,1,1,1785539192
2026-07-31T23:08:45Z,182,0,0,16,1,0,1,1,1,1785538910
2026-07-31T23:08:45Z,183,2,1,20,1,0,1,1,1,1785539108
2026-07-31T23:08:45Z,184,7,6,14,2,0,1,1,1,1785539314
2026-07-31T23:08:45Z,185,6,5,5,3,1,1,1,1,1785539133
2026-07-31T23:08:45Z,186,8,1,11,0,0,1,1,1,1785539271
2026-07-31T23:08:45Z,187,0,0,27,1,0,1,1,1,1785539259
2026-07-31T23:08:45Z,188,10,3,9,8,0,1,1,1,1785539305
2026-07-31T23:08:45Z,189,9,5,6,0,0,1,1,1,1785538773
2026-07-31T23:08:45Z,190,2,2,20,1,0,1,1,1,1785539190
2026-07-31T23:08:45Z,191,0,0,39,0,0,1,1,1,1785539100
2026-07-31T23:08:45Z,192,5,2,25,1,0,1,1,1,1785539137
2026-07-31T23:08:45Z,193,11,7,2,2,0,1,1,1,1785539315
2026-07-31T23:08:45Z,194,4,3,23,0,0,1,1,1,1785539298
2026-07-31T23:08:45Z,195,2,0,17,0,0,1,1,1,1785539278
2026-07-31T23:08:45Z,196,7,6,19,1,0,1,1,1,1785539290
2026-07-31T23:08:45Z,197,3,0,15,0,1,1,1,1,1785539056
2026-07-31T23:08:45Z,198,19,7,2,2,0,1,1,1,1785538745
2026-07-31T23:08:45Z,199,13,7,0,2,0,1,1,1,1785539204
2026-07-31T23:08:45Z,200,1,1,24,1,0,1,1,1,1785539064
2026-07-31T23:08:45Z,201,6,5,17,0,0,1,1,1,1785539318
2026-07-31T23:08:45Z,202,27,2,0,0,0,1,1,1,1785538983
2026-07-31T23:08:45Z,203,26,1,4,1,0,1,1,1,1785539214
2026-07-31T23:08:45Z,204,7,1,27,1,0,1,1,1,1785539262
2026-07-31T23:08:45Z,205,7,2,20,0,0,1,1,1,1785538957
2026-07-31T23:08:45Z,206,11,8,2,2,0,1,1,1,1785539306
2026-07-31T23:08:45Z,207,18,1,3,0,0,1,1,1,1785538545
2026-07-31T23:08:45Z,208,4,0,25,0,0,1,1,1,1785539266
2026-07-31T23:08:45Z,209,21,0,9,1,0,1,1,1,1785539295
2026-07-31T23:08:45Z,210,8,7,18,1,0,1,1,1,1785538800
2026-07-31T23:08:45Z,211,18,0,4,1,0,1,1,1,1785538827
2026-07-31T23:08:45Z,212,26,6,8,1,0,1,1,1,1785539192
2026-07-31T23:08:45Z,213,13,5,8,2,0,1,1,1,1785539038
2026-07-31T23:08:45Z,214,13,6,33,1,0,1,1,1,1785539288
2026-07-31T23:08:45Z,215,1,0,21,1,0,1,1,1,1785539293
2026-07-31T23:08:45Z,216,7,4,10,2,0,1,1,1,1785539195
2026-07-31T23:08:45Z,217,27,3,1,1,0,1,1,1,1785539195
2026-07-31T23:08:45Z,218,35,17,3,1,0,1,1,1,1785539268
2026-07-31T23:08:45Z,219,21,0,4,1,0,1,1,1,1785539152
2026-07-31T23:08:45Z,220,23,13,19,0,1,1,1,1,1785539211
2026-07-31T23:08:45Z,221,14,8,0,1,0,1,1,1,1785538987
2026-07-31T23:08:45Z,222,14,5,5,0,0,1,1,1,1785539314
2026-07-31T23:08:45Z,223,0,0,32,3,0,1,1,1,1785539123
2026-07-31T23:08:45Z,224,8,5,13,1,0,1,1,1,1785539303
2026-07-31T23:08:45Z,225,2,1,14,3,0,1,1,1,1785539234
2026-07-31T23:08:45Z,226,24,8,4,3,0,1,1,1,1785539244
2026-07-31T23:08:45Z,227,5,4,21,1,0,1,1,1,1785539197
2026-07-31T23:08:45Z,228,2,2,15,2,0,1,1,1,1785539197
2026-07-31T23:08:45Z,230,2,0,24,0,0,1,1,1,1785539315
2026-07-31T23:08:45Z,232,7,1,9,1,0,1,1,1,1785539311
2026-07-31T23:08:45Z,233,22,10,8,1,0,1,1,1,1785538905
2026-07-31T23:08:45Z,234,10,9,3,4,2,1,1,1,1785539218
2026-07-31T23:08:45Z,236,10,4,9,0,0,1,1,1,1785539190
2026-07-31T23:08:45Z,237,1,0,21,1,0,1,1,1,1785538523
2026-07-31T23:08:45Z,239,21,12,5,1,0,1,1,1,1785539223
2026-07-31T23:08:45Z,241,2,0,20,1,0,1,1,1,1785538747
2026-07-31T23:08:45Z,242,6,2,16,1,0,1,1,1,1785538382
2026-07-31T23:08:45Z,243,22,12,7,2,0,1,1,1,1785539314
2026-07-31T23:08:45Z,244,14,0,12,1,0,1,1,1,1785539302
2026-07-31T23:08:45Z,245,3,2,20,0,0,1,1,1,1785539262
2026-07-31T23:08:45Z,246,2,2,21,0,0,1,1,1,1785538912
2026-07-31T23:08:45Z,247,4,4,17,2,0,1,1,1,1785538624
2026-07-31T23:08:45Z,248,12,4,9,2,0,1,1,1,1785539307
2026-07-31T23:08:45Z,249,12,12,6,1,0,1,1,1,1785539248
2026-07-31T23:08:45Z,250,6,2,19,2,0,1,1,1,1785539302
2026-07-31T23:08:45Z,251,17,13,6,4,0,1,1,1,1785539098
2026-07-31T23:08:45Z,253,7,5,12,0,0,1,1,1,1785539197
2026-07-31T23:08:45Z,254,5,2,37,1,0,1,1,1,1785539265
2026-07-31T23:08:45Z,255,10,2,12,0,1,1,1,1,1785539243
2026-07-31T23:08:45Z,256,4,3,18,1,0,1,1,1,1785539297
2026-07-31T23:08:45Z,257,4,1,15,0,0,1,1,1,1785539318
2026-07-31T23:08:45Z,258,12,9,6,1,0,1,1,1,1785539160
2026-07-31T23:08:45Z,259,11,1,11,0,1,1,1,1,1785539006
2026-07-31T23:08:45Z,260,11,8,7,1,0,1,1,1,1785539269
2026-07-31T23:08:45Z,261,0,0,17,1,1,1,1,1,1785538791
2026-07-31T23:08:45Z,262,4,0,18,1,0,1,1,1,1785539236
2026-07-31T23:08:45Z,263,11,10,3,1,0,1,1,1,1785538778
2026-07-31T23:08:45Z,264,2,1,17,0,0,1,1,1,1785539018
2026-07-31T23:08:45Z,265,8,0,7,0,0,1,1,1,1785538143
2026-07-31T23:08:45Z,266,10,9,7,2,0,1,1,1,1785538943
2026-07-31T23:08:45Z,267,8,3,5,2,0,1,1,1,1785537006
2026-07-31T23:08:45Z,268,20,7,2,1,0,1,1,1,1785539274
2026-07-31T23:08:45Z,269,2,2,20,1,0,1,1,1,1785539295
2026-07-31T23:08:45Z,270,13,2,12,2,0,1,1,1,1785538641
2026-07-31T23:08:45Z,271,0,0,17,2,0,1,1,1,1785538721
2026-07-31T23:08:45Z,272,4,3,19,0,0,1,1,1,1785539038
2026-07-31T23:08:45Z,273,4,1,11,0,0,1,1,1,1785538948
2026-07-31T23:08:45Z,274,4,1,14,1,0,1,1,1,1785538973
2026-07-31T23:08:45Z,275,1,0,18,4,0,1,1,1,1785539308
2026-07-31T23:08:45Z,276,5,4,21,1,0,1,1,1,1785538981
2026-07-31T23:08:45Z,277,3,0,15,5,0,1,1,1,1785538629
2026-07-31T23:08:45Z,278,2,2,27,2,0,1,1,1,1785538428
2026-07-31T23:08:45Z,279,4,0,15,0,0,1,1,1,1785539297
2026-07-31T23:08:45Z,280,4,0,25,2,0,1,1,1,1785539268
2026-07-31T23:08:45Z,281,7,0,12,0,0,1,1,1,1785539257
2026-07-31T23:08:45Z,282,10,2,8,0,0,1,1,1,1785538802
2026-07-31T23:08:45Z,283,17,3,18,0,0,1,1,1,1785539239
2026-07-31T23:08:45Z,284,30,3,3,2,0,1,1,1,1785539200
2026-07-31T23:08:45Z,285,3,1,20,0,0,1,1,1,1785538774
2026-07-31T23:08:45Z,286,11,5,12,0,0,1,1,1,1785539302
2026-07-31T23:08:45Z,287,10,1,10,3,0,1,1,1,1785539224
2026-07-31T23:08:45Z,288,5,1,12,2,0,1,1,1,1785538324
2026-07-31T23:08:45Z,289,9,9,15,3,0,1,1,1,1785538933
2026-07-31T23:08:45Z,290,14,0,23,2,0,1,1,1,1785538887
2026-07-31T23:08:45Z,291,5,0,17,1,0,1,1,1,1785539315
2026-07-31T23:08:45Z,292,3,3,20,0,0,1,1,1,1785539302
2026-07-31T23:08:45Z,293,2,0,20,1,0,1,1,1,1785539265
2026-07-31T23:08:45Z,294,11,6,8,3,0,1,1,1,1785539295
2026-07-31T23:08:45Z,297,0,0,15,3,1,1,1,1,1785539214
2026-07-31T23:08:45Z,301,15,0,3,1,0,1,1,1,1785539256
2026-07-31T23:08:45Z,302,19,3,4,0,0,1,1,1,1785539236
2026-07-31T23:08:45Z,303,3,0,16,0,0,1,1,1,1785539229
2026-07-31T23:08:45Z,304,0,0,0,0,0,0,1,1,86400
2026-07-31T23:08:45Z,305,1,0,17,1,0,1,1,1,1785539311
2026-07-31T23:08:45Z,306,10,0,21,1,0,1,1,1,1785538493
2026-07-31T23:08:45Z,307,10,2,13,0,0,1,1,1,1785538676
2026-07-31T23:08:45Z,308,15,2,2,2,0,1,1,1,1785539217
2026-07-31T23:08:45Z,309,9,1,5,0,0,1,1,1,1785539069
2026-07-31T23:08:45Z,311,9,1,6,0,0,1,1,1,1785538820
2026-07-31T23:08:45Z,312,6,6,14,3,0,1,1,1,1785539029
2026-07-31T23:08:45Z,313,1,0,14,0,0,1,1,1,1785538550
2026-07-31T23:08:45Z,314,6,1,11,2,0,1,1,1,1785538180
2026-07-31T23:08:45Z,315,9,9,19,3,0,1,1,1,1785539068
2026-07-31T23:08:45Z,316,2,1,23,5,1,1,1,1,1785539258
2026-07-31T23:08:45Z,317,18,9,12,0,1,1,1,1,1785539212
2026-07-31T23:08:45Z,318,19,4,0,0,0,1,1,1,1785538466
2026-07-31T23:08:45Z,319,5,0,14,4,0,1,1,1,1785539255
2026-07-31T23:08:45Z,320,4,0,14,1,0,1,1,1,1785539115
2026-07-31T23:08:45Z,321,2,0,13,4,0,1,1,1,1785539282
2026-07-31T23:08:45Z,322,22,0,7,0,0,1,1,1,1785539181
2026-07-31T23:08:45Z,323,9,0,8,2,0,1,1,1,1785538914
2026-07-31T23:08:45Z,324,21,0,5,1,0,1,1,1,1785539318
2026-07-31T23:08:45Z,325,1,1,24,2,0,1,1,1,1785538016
2026-07-31T23:08:45Z,327,25,2,0,2,0,1,1,1,1785538861
2026-07-31T23:08:45Z,328,15,0,6,1,0,1,1,1,1785538673
2026-07-31T23:08:45Z,329,4,1,12,3,0,1,1,1,1785537557
2026-07-31T23:08:45Z,330,20,0,2,0,0,1,1,1,1785539240
2026-07-31T23:08:45Z,331,14,1,7,2,0,1,1,1,1785539318
2026-07-31T23:08:45Z,332,4,1,12,3,0,1,1,1,1785538945
2026-07-31T23:08:45Z,333,2,2,19,2,0,1,1,1,1785539139
2026-07-31T23:08:45Z,334,0,0,22,1,0,1,1,1,1785539286
2026-07-31T23:08:45Z,335,4,1,18,0,1,1,1,1,1785539145
2026-07-31T23:08:45Z,336,2,1,17,0,0,1,1,1,1785539283
2026-07-31T23:08:45Z,337,3,3,16,4,0,1,1,1,1785539208
2026-07-31T23:08:45Z,338,4,3,15,0,0,1,1,1,1785539226
2026-07-31T23:08:45Z,339,5,2,16,2,0,1,1,1,1785539174
2026-07-31T23:08:45Z,340,2,2,12,1,0,1,1,1,1785538714
2026-07-31T23:08:45Z,341,2,1,17,0,0,1,1,1,1785539306
2026-07-31T23:08:45Z,342,3,0,12,0,0,1,1,1,1785539269
2026-07-31T23:08:45Z,343,5,3,17,1,0,1,1,1,1785538474
2026-07-31T23:08:45Z,344,4,1,18,1,0,1,1,1,1785539106
2026-07-31T23:08:45Z,345,18,4,1,0,0,1,1,1,1785539043
2026-07-31T23:08:45Z,346,2,1,21,0,0,1,1,1,1785538831
2026-07-31T23:08:45Z,347,10,1,30,4,0,1,1,1,1785539318
2026-07-31T23:08:45Z,348,10,1,12,0,1,1,1,1,1785539166
2026-07-31T23:08:45Z,349,10,2,9,0,0,1,1,1,1785539007
2026-07-31T23:08:45Z,350,3,1,22,1,1,1,1,1,1785539279
2026-07-31T23:08:45Z,351,9,2,12,2,0,1,1,1,1785539166
2026-07-31T23:08:45Z,355,9,1,14,0,0,1,1,1,1785539246
2026-07-31T23:08:45Z,356,2,1,17,0,0,1,1,1,1785538979
2026-07-31T23:08:45Z,357,2,1,16,1,0,1,1,1,1785539264
2026-07-31T23:08:45Z,358,24,2,2,1,0,1,1,1,1785538908
2026-07-31T23:08:45Z,359,12,0,15,0,0,1,1,1,1785538797
2026-07-31T23:08:45Z,360,2,1,17,0,0,1,1,1,1785538474
2026-07-31T23:08:45Z,362,1,0,15,3,0,1,1,1,1785539218
2026-07-31T23:08:45Z,363,21,2,6,0,0,1,1,1,1785539311
2026-07-31T23:08:45Z,364,1,0,18,0,0,1,1,1,1785538433
2026-07-31T23:08:45Z,365,2,0,17,4,0,1,1,1,1785538537
2026-07-31T23:08:45Z,366,3,3,19,1,0,1,1,1,1785538956
2026-07-31T23:08:45Z,367,4,3,13,2,0,1,1,1,1785539151
2026-07-31T23:08:45Z,368,2,1,20,1,0,1,1,1,1785538988
2026-07-31T23:08:45Z,370,8,3,19,0,0,1,1,1,1785539055
2026-07-31T23:08:45Z,371,2,2,15,2,0,1,1,1,1785539289
2026-07-31T23:08:45Z,372,12,0,3,0,0,1,1,1,1785538861
2026-07-31T23:08:45Z,373,2,0,24,1,0,1,1,1,1785538573
2026-07-31T23:08:45Z,374,7,4,11,1,0,1,1,1,1785539202
2026-07-31T23:08:45Z,375,2,0,24,1,0,1,1,1,1785538925
2026-07-31T23:08:45Z,376,0,0,38,1,0,1,1,1,1785538731
2026-07-31T23:08:45Z,377,2,2,23,2,0,1,1,1,1785539241
2026-07-31T23:08:45Z,378,3,0,20,0,1,1,1,1,1785539178
2026-07-31T23:08:45Z,379,22,1,2,3,0,1,1,1,1785539202
2026-07-31T23:08:45Z,380,6,1,17,0,0,1,1,1,1785538973
2026-07-31T23:08:45Z,381,7,0,16,0,0,1,1,1,1785539285
2026-07-31T23:08:45Z,383,5,0,7,3,0,1,1,1,1785539239
2026-07-31T23:08:45Z,384,1,0,23,3,0,1,1,1,1785538397
2026-07-31T23:08:45Z,385,0,0,17,1,0,1,1,1,1785538725
2026-07-31T23:08:45Z,387,2,0,21,0,0,1,1,1,1785538328
2026-07-31T23:08:45Z,388,33,0,11,5,0,1,1,1,1785539317
2026-07-31T23:08:45Z,389,6,3,8,1,0,1,1,1,1785539280
2026-07-31T23:08:45Z,390,16,3,19,0,0,1,1,1,1785539079
2026-07-31T23:08:45Z,391,5,3,10,0,0,1,1,1,1785539218
2026-07-31T23:08:45Z,392,2,1,15,2,0,1,1,1,1785539217
2026-07-31T23:08:45Z,393,1,1,7,3,0,1,1,1,1785537873
2026-07-31T23:08:45Z,394,7,1,4,2,0,1,1,1,1785538319
2026-07-31T23:08:45Z,396,4,2,38,0,0,1,1,1,1785539249
2026-07-31T23:08:45Z,397,7,7,24,0,0,1,1,1,1785538169
2026-07-31T23:08:45Z,399,4,1,11,2,0,1,1,1,1785539260
2026-07-31T23:08:45Z,400,16,9,5,2,0,1,1,1,1785538879
2026-07-31T23:08:45Z,401,3,0,28,8,0,1,1,1,1785538980
2026-07-31T23:08:45Z,403,19,8,8,4,0,1,1,1,1785539264
2026-07-31T23:08:45Z,404,3,2,19,1,0,1,1,1,1785539225
2026-07-31T23:08:45Z,406,15,3,18,2,0,1,1,1,1785539084
2026-07-31T23:08:45Z,407,15,1,18,1,0,1,1,1,1785539221
2026-07-31T23:08:45Z,408,2,2,28,3,0,1,1,1,1785539058
2026-07-31T23:08:45Z,409,12,2,7,4,0,1,1,1,1785537500
2026-07-31T23:08:45Z,413,11,4,11,1,0,1,1,1,1785538953
2026-07-31T23:08:45Z,414,12,0,3,0,0,1,1,1,1785539288
2026-07-31T23:08:45Z,417,3,2,16,0,0,1,1,1,1785539306
2026-07-31T23:08:45Z,418,2,2,13,0,0,1,1,1,1785537921
2026-07-31T23:08:45Z,419,14,1,9,0,0,1,1,1,1785538144
2026-07-31T23:08:45Z,421,14,0,5,0,0,1,1,1,1785539101
2026-07-31T23:08:45Z,422,9,0,18,0,0,1,1,1,1785538647
2026-07-31T23:08:45Z,423,2,0,21,0,0,1,1,1,1785538595
2026-07-31T23:08:45Z,424,5,2,7,3,0,1,1,1,1785539082
2026-07-31T23:08:45Z,425,18,0,3,0,1,1,1,1,1785539096
2026-07-31T23:08:45Z,426,0,0,35,2,0,1,1,1,1785537025
2026-07-31T23:08:45Z,427,10,1,3,2,0,1,1,1,1785539135
2026-07-31T23:08:45Z,428,15,0,4,0,0,1,1,1,1785538967
2026-07-31T23:08:45Z,429,3,2,19,1,0,1,1,1,1785539303
2026-07-31T23:08:45Z,430,3,0,27,1,0,1,1,1,1785539276
2026-07-31T23:08:45Z,431,3,1,29,1,0,1,1,1,1785538860
2026-07-31T23:08:45Z,432,0,0,30,1,0,0,1,1,1785508564
2026-07-31T23:08:45Z,433,7,1,12,4,0,1,1,1,1785539152
2026-07-31T23:08:45Z,437,3,2,12,4,0,1,1,1,1785539209
2026-07-31T23:08:45Z,438,3,1,15,1,0,1,1,1,1785539011
2026-07-31T23:08:45Z,439,11,4,4,0,0,1,1,1,1785538736
2026-07-31T23:08:45Z,440,12,2,2,1,0,1,1,1,1785538718
2026-07-31T23:08:45Z,441,6,1,7,2,0,1,1,1,1785539184
2026-07-31T23:08:45Z,442,10,1,6,3,0,1,1,1,1785538828
2026-07-31T23:08:45Z,443,6,2,21,0,0,1,1,1,1785537918
2026-07-31T23:08:45Z,444,1,1,22,0,0,1,1,1,1785535180
2026-07-31T23:08:45Z,445,6,2,16,1,0,1,1,1,1785539245
2026-07-31T23:08:45Z,446,0,0,23,0,0,1,1,1,1785539316
2026-07-31T23:08:45Z,447,4,0,17,1,1,1,1,1,1785538957
2026-07-31T23:08:45Z,448,7,0,7,1,0,1,1,1,1785539001
2026-07-31T23:08:45Z,452,5,5,13,1,0,1,1,1,1785539159
2026-07-31T23:08:45Z,453,4,1,6,5,0,1,1,1,1785539268
2026-07-31T23:08:45Z,454,8,0,11,0,0,1,1,1,1785539118
2026-07-31T23:08:45Z,455,26,0,12,1,0,1,1,1,1785538958
2026-07-31T23:08:45Z,456,14,0,5,1,0,1,1,1,1785539316
2026-07-31T23:08:45Z,457,0,0,25,2,0,1,1,1,1785538984
2026-07-31T23:08:45Z,458,8,4,13,2,0,1,1,1,1785539213
2026-07-31T23:08:45Z,459,13,0,2,0,0,1,1,1,1785538444
2026-07-31T23:08:45Z,460,13,0,10,0,0,1,1,1,1785539219
2026-07-31T23:08:45Z,461,9,0,10,0,0,1,1,1,1785539151
2026-07-31T23:08:45Z,462,20,0,1,0,0,1,1,1,1785538876
2026-07-31T23:08:45Z,463,7,0,12,0,0,1,1,1,1785537831
2026-07-31T23:08:45Z,464,4,0,10,0,0,1,1,1,1785539108
2026-07-31T23:08:45Z,465,5,2,10,0,0,1,1,1,1785539018
2026-07-31T23:08:45Z,466,7,3,3,5,0,1,1,1,1785539235
2026-07-31T23:08:45Z,467,1,0,18,0,0,1,1,1,1785538900
2026-07-31T23:08:45Z,468,2,1,16,1,0,1,1,1,1785537699
2026-07-31T23:08:45Z,469,4,1,17,2,0,1,1,1,1785539241
2026-07-31T23:08:45Z,470,1,0,12,2,0,1,1,1,1785539294
2026-07-31T23:08:45Z,471,23,2,4,0,0,1,1,1,1785538793
2026-07-31T23:08:45Z,472,2,2,15,2,0,1,1,1,1785539042
2026-07-31T23:08:45Z,473,10,1,9,0,0,1,1,1,1785539319
2026-07-31T23:08:45Z,474,5,0,12,2,0,1,1,1,1785539212
2026-07-31T23:08:45Z,475,2,0,16,1,0,1,1,1,1785539250
2026-07-31T23:08:45Z,477,5,1,10,0,0,1,1,1,1785539028
2026-07-31T23:08:45Z,478,31,0,0,0,0,1,1,1,1785539237
2026-07-31T23:08:45Z,479,4,0,21,2,0,1,1,1,1785539285
2026-07-31T23:08:45Z,480,5,1,9,1,0,1,1,1,1785538872
2026-07-31T23:08:45Z,481,17,1,17,1,0,1,1,1,1785539319
2026-07-31T23:08:45Z,482,2,1,17,0,0,1,1,1,1785536193
2026-07-31T23:08:45Z,483,5,0,20,2,0,1,1,1,1785539318
2026-07-31T23:08:45Z,484,0,0,18,1,0,1,1,1,1785539146
2026-07-31T23:08:45Z,485,14,5,4,0,1,1,1,1,1785539037
2026-07-31T23:08:45Z,486,3,0,22,2,0,1,1,1,1785539297
2026-07-31T23:08:45Z,487,7,6,10,2,0,1,1,1,1785539049
2026-07-31T23:08:45Z,489,1,1,14,0,0,1,1,1,1785539107
2026-07-31T23:08:45Z,490,10,1,6,0,0,1,1,1,1785539157
2026-07-31T23:08:45Z,491,8,2,12,1,0,1,1,1,1785538671
2026-07-31T23:08:45Z,492,4,1,4,3,0,1,1,1,1785539317
2026-07-31T23:08:45Z,493,19,0,8,0,0,1,1,1,1785539181
2026-07-31T23:08:45Z,495,10,0,4,1,0,1,1,1,1785536672
2026-07-31T23:08:45Z,496,9,0,18,0,0,1,1,1,1785539288
2026-07-31T23:08:45Z,497,3,2,15,0,0,1,1,1,1785538409
2026-07-31T23:08:45Z,498,0,0,22,1,0,1,1,1,1785539084
2026-07-31T23:08:45Z,499,5,0,12,2,0,1,1,1,1785539136
2026-07-31T23:08:45Z,500,3,0,9,3,0,1,1,1,1785538829
2026-07-31T23:08:45Z,501,6,0,14,1,0,1,1,1,1785539258
2026-07-31T23:08:45Z,502,2,0,15,2,0,1,1,1,1785538723
2026-07-31T23:08:45Z,503,6,0,24,1,0,1,1,1,1785538919
2026-07-31T23:08:45Z,504,0,0,37,2,0,1,1,1,1785539289
2026-07-31T23:08:45Z,505,5,0,6,1,0,1,1,1,1785538792
2026-07-31T23:08:45Z,511,0,0,22,1,0,1,1,1,1785539104
2026-07-31T23:08:45Z,512,15,1,12,0,0,1,1,1,1785538550
2026-07-31T23:08:45Z,514,4,3,6,1,0,1,1,1,1785537790
2026-07-31T23:08:45Z,515,8,3,11,0,0,1,1,1,1785538616
2026-07-31T23:08:45Z,516,18,0,9,0,0,1,1,1,1785539132
2026-07-31T23:08:45Z,517,11,3,12,0,0,1,1,1,1785538155
2026-07-31T23:08:45Z,518,6,0,8,1,0,1,1,1,1785539094
2026-07-31T23:08:45Z,519,5,4,13,1,0,1,1,1,1785538253
2026-07-31T23:08:45Z,520,20,6,1,5,1,1,1,1,1785539317
2026-07-31T23:08:45Z,521,8,3,15,0,0,1,1,1,1785539210
2026-07-31T23:08:45Z,522,13,2,8,2,0,1,1,1,1785539142
2026-07-31T23:08:45Z,523,14,7,8,1,0,1,1,1,1785538772
2026-07-31T23:08:45Z,524,20,1,3,0,0,1,1,1,1785539230
2026-07-31T23:08:45Z,525,11,1,8,0,0,1,1,1,1785538924
2026-07-31T23:08:45Z,526,6,3,8,1,0,1,1,1,1785538120
2026-07-31T23:08:45Z,527,13,12,12,1,0,1,1,1,1785539301
2026-07-31T23:08:45Z,528,17,2,5,1,0,1,1,1,1785539218
2026-07-31T23:08:45Z,529,8,5,5,6,0,1,1,1,1785539318
2026-07-31T23:08:45Z,530,13,0,5,3,0,1,1,1,1785539143
2026-07-31T23:08:45Z,531,22,1,0,0,1,1,1,1,1785538899
2026-07-31T23:08:45Z,532,1,1,28,2,0,1,1,1,1785537999
2026-07-31T23:08:45Z,533,12,0,6,1,0,1,1,1,1785537613
2026-07-31T23:08:45Z,534,5,1,18,0,0,1,1,1,1785538431
2026-07-31T23:08:45Z,535,1,0,14,0,0,1,1,1,1785539194
2026-07-31T23:08:45Z,536,11,0,12,0,0,1,1,1,1785538507
2026-07-31T23:08:45Z,537,0,0,20,0,0,1,1,1,1785538365
2026-07-31T23:08:45Z,538,8,1,14,0,1,1,1,1,1785539143
2026-07-31T23:08:45Z,539,1,1,30,0,0,1,1,1,1785539181
2026-07-31T23:08:45Z,540,2,1,17,0,0,1,1,1,1785538920
2026-07-31T23:08:45Z,541,1,0,25,1,0,1,1,1,1785539180
2026-07-31T23:08:45Z,542,0,0,22,1,0,1,1,1,1785538908
2026-07-31T23:08:45Z,543,5,1,14,0,0,1,1,1,1785539107
2026-07-31T23:08:45Z,544,3,1,15,4,0,1,1,1,1785539192
2026-07-31T23:08:45Z,545,14,1,1,4,0,1,1,1,1785539137
2026-07-31T23:08:45Z,546,2,1,17,0,0,1,1,1,1785539134
2026-07-31T23:08:45Z,547,8,1,16,1,0,1,1,1,1785539134
2026-07-31T23:08:45Z,548,15,3,8,0,0,1,1,1,1785539308
2026-07-31T23:08:45Z,549,12,1,11,0,0,1,1,1,1785539317
2026-07-31T23:08:45Z,550,10,6,9,0,0,1,1,1,1785539160
2026-07-31T23:08:45Z,551,3,2,20,0,0,1,1,1,1785539178
2026-07-31T23:08:45Z,552,5,0,22,0,0,1,1,1,1785539225
2026-07-31T23:08:45Z,553,0,0,23,0,0,1,1,1,1785539300
2026-07-31T23:08:45Z,554,1,0,18,0,0,1,1,1,1785539243
2026-07-31T23:08:45Z,555,10,0,4,1,0,1,1,1,1785539130
2026-07-31T23:08:45Z,556,7,1,14,2,0,1,1,1,1785539150
2026-07-31T23:08:45Z,557,1,0,20,2,0,1,1,1,1785538081
2026-07-31T23:08:45Z,558,22,12,14,1,0,1,1,1,1785539311
2026-07-31T23:08:45Z,559,3,0,15,1,0,1,1,1,1785539140
2026-07-31T23:08:45Z,560,19,0,8,0,0,1,1,1,1785539297
2026-07-31T23:08:45Z,561,8,0,12,3,0,1,1,1,1785538723
2026-07-31T23:08:45Z,562,5,0,23,8,0,1,1,1,1785539317
2026-07-31T23:08:45Z,563,1,0,12,1,0,1,1,1,1785538517
2026-07-31T23:08:45Z,564,3,1,14,2,0,1,1,1,1785539229
2026-07-31T23:08:45Z,565,0,0,18,1,0,1,1,1,1785538869
2026-07-31T23:08:45Z,566,17,0,1,1,0,1,1,1,1785539281
2026-07-31T23:08:45Z,567,19,0,5,3,0,1,1,1,1785539178
2026-07-31T23:08:45Z,568,11,0,8,0,0,1,1,1,1785538549
2026-07-31T23:08:45Z,569,11,2,8,0,0,1,1,1,1785538858
2026-07-31T23:08:45Z,570,4,0,14,1,0,1,1,1,1785539107
2026-07-31T23:08:45Z,571,8,0,15,0,0,1,1,1,1785539165
2026-07-31T23:08:45Z,572,6,0,13,0,0,1,1,1,1785538698
2026-07-31T23:08:45Z,573,12,3,3,0,0,1,1,1,1785539178
2026-07-31T23:08:45Z,574,4,3,11,0,0,1,1,1,1785539037
2026-07-31T23:08:45Z,575,1,0,19,1,0,1,1,1,1785539303
2026-07-31T23:08:45Z,576,0,0,19,0,0,1,1,1,1785537344
2026-07-31T23:08:45Z,577,27,0,4,0,0,1,1,1,1785538491
2026-07-31T23:08:45Z,578,0,0,22,1,0,1,1,1,1785538776
2026-07-31T23:08:45Z,579,14,0,29,0,0,1,1,1,1785539252
2026-07-31T23:08:45Z,580,2,0,27,0,0,1,1,1,1785539121
2026-07-31T23:08:45Z,581,14,0,5,0,0,1,1,1,1785539204
2026-07-31T23:08:45Z,582,22,0,36,3,0,1,1,1,1785539293
2026-07-31T23:08:45Z,583,3,1,19,1,0,1,1,1,1785539226
2026-07-31T23:08:45Z,584,2,0,13,4,0,1,1,1,1785538984
2026-07-31T23:08:45Z,585,3,0,23,0,1,1,1,1,1785538210
2026-07-31T23:08:45Z,586,13,1,22,0,0,1,1,1,1785539292
2026-07-31T23:08:45Z,587,11,1,12,1,0,1,1,1,1785539208
2026-07-31T23:08:45Z,588,9,3,7,2,1,1,1,1,1785539305
2026-07-31T23:08:45Z,589,7,4,14,1,0,1,1,1,1785539267
2026-07-31T23:08:45Z,590,14,2,17,0,0,1,1,1,1785538393
2026-07-31T23:08:45Z,591,2,0,26,2,0,1,1,1,1785539177
2026-07-31T23:08:45Z,592,1,0,22,0,0,1,1,1,1785539150
2026-07-31T23:08:45Z,593,14,0,24,0,0,1,1,1,1785539031
2026-07-31T23:08:45Z,594,7,1,12,2,0,1,1,1,1785538637
2026-07-31T23:08:45Z,595,0,0,3,0,0,0,1,1,1784046673
2026-07-31T23:08:45Z,605,0,0,2,1,0,0,1,1,1783975843
2026-07-31T23:08:45Z,606,0,0,0,0,0,0,1,1,86400
2026-07-31T23:08:45Z,607,6,3,22,4,0,1,1,1,1785539110
2026-07-31T23:08:45Z,608,39,2,11,0,0,1,1,1,1785539276
2026-07-31T23:08:45Z,609,5,3,18,0,0,1,1,1,1785539274
2026-07-31T23:08:45Z,610,0,0,35,0,0,1,1,1,1785539115
2026-07-31T23:08:45Z,611,12,3,12,3,0,1,1,1,1785539317
2026-07-31T23:08:45Z,612,9,1,6,0,0,1,1,1,1785538391
2026-07-31T23:08:45Z,613,12,4,0,3,0,1,1,1,1785530289
2026-07-31T23:08:45Z,614,0,0,24,2,1,1,1,1,1785539253
2026-07-31T23:08:45Z,617,11,0,3,1,0,1,1,1,1785538212
2026-07-31T23:08:45Z,618,12,1,1,6,0,1,1,1,1785538877
2026-07-31T23:08:45Z,619,9,6,10,0,0,1,1,1,1785539223
2026-07-31T23:08:45Z,620,13,1,14,0,0,1,1,1,1785539178
2026-07-31T23:08:45Z,621,0,0,23,0,0,1,1,1,1785538994
2026-07-31T23:08:45Z,622,6,1,16,1,0,1,1,1,1785539136
2026-07-31T23:08:45Z,623,16,6,14,0,0,1,1,1,1785538388
2026-07-31T23:08:45Z,624,1,0,14,0,0,1,1,1,1785539062
2026-07-31T23:08:45Z,625,17,3,0,4,0,1,1,1,1785539280
2026-07-31T23:08:45Z,626,41,1,4,0,2,1,1,1,1785539155
2026-07-31T23:08:45Z,627,17,5,2,0,0,1,1,1,1785539278
2026-07-31T23:08:45Z,628,4,2,13,1,1,1,1,1,1785538720
2026-07-31T23:08:45Z,629,3,1,6,2,0,1,1,1,1785539166
2026-07-31T23:08:45Z,630,2,1,21,4,0,1,1,1,1785539276
2026-07-31T23:08:45Z,631,7,4,16,0,0,1,1,1,1785538594
2026-07-31T23:08:45Z,632,14,1,7,2,0,1,1,1,1785538981
2026-07-31T23:08:45Z,633,11,3,1,3,0,1,1,1,1785530006
2026-07-31T23:08:45Z,634,10,1,9,0,0,1,1,1,1785539314
2026-07-31T23:08:45Z,635,17,2,2,0,0,1,1,1,1785538729
2026-07-31T23:08:45Z,636,7,2,8,0,0,1,1,1,1785526430
2026-07-31T23:08:45Z,637,6,2,11,2,0,1,1,1,1785535251
2026-07-31T23:08:45Z,638,7,1,10,2,0,1,1,1,1785538757
2026-07-31T23:08:45Z,639,12,2,5,2,0,1,1,1,1785537349
2026-07-31T23:08:45Z,640,7,6,14,2,0,1,1,1,1785539312
2026-07-31T23:08:45Z,641,17,0,10,0,0,1,1,1,1785539239
2026-07-31T23:08:45Z,642,4,2,7,8,0,1,1,1,1785539318
2026-07-31T23:08:45Z,643,0,0,19,8,0,1,1,1,1785539317
2026-07-31T23:08:45Z,644,13,1,1,1,0,1,1,1,1785533615
2026-07-31T23:08:45Z,645,18,1,2,3,0,1,1,1,1785539047
2026-07-31T23:08:45Z,646,4,1,15,0,0,1,1,1,1785539265
2026-07-31T23:08:45Z,647,2,2,29,0,0,1,1,1,1785539147
2026-07-31T23:08:45Z,648,0,0,18,1,0,1,1,1,1785538772
2026-07-31T23:08:45Z,649,21,1,9,1,0,1,1,1,1785539147
2026-07-31T23:08:45Z,650,6,1,8,0,0,1,1,1,1785539174
2026-07-31T23:08:45Z,651,5,4,17,1,0,1,1,1,1785539037
2026-07-31T23:08:45Z,652,5,2,15,3,0,1,1,1,1785539012
2026-07-31T23:08:45Z,653,1,0,17,1,0,1,1,1,1785538494
2026-07-31T23:08:45Z,654,7,1,8,0,0,1,1,1,1785539030
2026-07-31T23:08:45Z,655,8,4,0,4,1,1,1,1,1785539238
2026-07-31T23:08:45Z,656,2,2,17,0,0,1,1,1,1785539261
2026-07-31T23:08:45Z,657,8,4,5,2,2,1,1,1,1785539285
2026-07-31T23:08:45Z,658,9,1,1,0,0,1,1,1,1785537787
2026-07-31T23:08:45Z,659,7,5,6,2,0,1,1,1,1785538273
2026-07-31T23:08:45Z,660,11,3,15,5,0,1,1,1,1785539306
2026-07-31T23:08:45Z,661,9,1,10,0,0,1,1,1,1785539049
2026-07-31T23:08:45Z,662,5,2,14,4,0,1,1,1,1785537702
2026-07-31T23:08:45Z,663,2,0,13,0,0,1,1,1,1785538830
2026-07-31T23:08:45Z,664,9,0,16,2,0,1,1,1,1785538389
2026-07-31T23:08:45Z,665,9,5,5,1,0,1,1,1,1785539204
2026-07-31T23:08:45Z,666,9,3,3,3,0,1,1,1,1785539286
2026-07-31T23:08:45Z,667,16,2,2,1,0,1,1,1,1785539311
2026-07-31T23:08:45Z,668,13,1,6,0,0,1,1,1,1785539317
2026-07-31T23:08:45Z,669,6,3,6,2,0,1,1,1,1785537399
2026-07-31T23:08:45Z,670,17,1,10,0,0,1,1,1,1785538120
2026-07-31T23:08:45Z,671,22,0,5,0,0,1,1,1,1785539160
2026-07-31T23:08:45Z,672,3,0,17,2,1,1,1,1,1785539272
2026-07-31T23:08:45Z,673,13,1,10,0,0,1,1,1,1785539175
2026-07-31T23:08:45Z,674,1,1,20,2,0,1,1,1,1785539119
2026-07-31T23:08:45Z,675,3,1,10,2,0,1,1,1,1785538632
2026-07-31T23:08:45Z,676,6,0,14,2,0,1,1,1,1785538653
2026-07-31T23:08:45Z,681,11,6,3,0,1,1,1,1,1785539076
2026-07-31T23:08:45Z,682,6,1,13,0,0,1,1,1,1785538950
2026-07-31T23:08:45Z,683,1,1,18,0,0,1,1,1,1785527602
2026-07-31T23:08:45Z,684,4,1,23,0,0,1,1,1,1785535557
2026-07-31T23:08:45Z,685,7,0,18,1,1,1,1,1,1785538186
2026-07-31T23:08:45Z,686,11,0,13,3,0,1,1,1,1785539016
2026-07-31T23:08:45Z,687,13,1,16,1,1,1,1,1,1785539043
2026-07-31T23:08:45Z,688,9,1,10,0,0,1,1,1,1785537082
2026-07-31T23:08:45Z,692,0,0,21,0,0,1,1,1,1785538446
2026-07-31T23:08:45Z,693,6,0,2,3,0,1,1,1,1785537874
2026-07-31T23:08:45Z,694,9,4,12,0,0,1,1,1,1785538029
2026-07-31T23:08:45Z,695,2,1,20,1,0,1,1,1,1785537959
2026-07-31T23:08:45Z,696,18,13,4,1,0,1,1,1,1785539171
2026-07-31T23:08:45Z,697,17,5,6,0,0,1,1,1,1785539215
2026-07-31T23:08:45Z,698,18,2,9,0,0,1,1,1,1785539303
2026-07-31T23:08:45Z,699,5,0,9,1,0,1,1,1,1785538775
2026-07-31T23:08:45Z,700,15,1,4,0,0,1,1,1,1785539292
2026-07-31T23:08:45Z,701,18,3,0,1,0,1,1,1,1785538383
2026-07-31T23:08:45Z,702,0,0,22,1,0,1,1,1,1785539192
2026-07-31T23:08:45Z,704,5,0,9,1,0,1,1,1,1785539172
2026-07-31T23:08:45Z,705,2,0,13,0,0,1,1,1,1785538514
2026-07-31T23:08:45Z,706,4,1,9,2,0,1,1,1,1785538827
2026-07-31T23:08:45Z,707,7,1,8,0,0,1,1,1,1785538387
2026-07-31T23:08:45Z,708,17,4,2,0,0,1,1,1,1785539057
2026-07-31T23:08:45Z,709,3,0,10,2,0,1,1,1,1785538502
2026-07-31T23:08:45Z,710,3,0,15,1,0,1,1,1,1785537923
2026-07-31T23:08:45Z,711,11,1,9,3,0,1,1,1,1785538969
2026-07-31T23:08:45Z,712,3,3,11,1,0,1,1,1,1785538956
2026-07-31T23:08:45Z,713,7,4,16,0,0,1,1,1,1785539224
2026-07-31T23:08:45Z,716,4,3,11,0,0,1,1,1,1785538179
2026-07-31T23:08:45Z,717,1,1,22,2,0,1,1,1,1785538318
2026-07-31T23:08:45Z,718,2,0,12,1,0,1,1,1,1785538998
2026-07-31T23:08:45Z,719,4,0,25,0,0,1,1,1,1785537506
2026-07-31T23:08:45Z,720,0,0,19,0,0,1,1,1,1785538444
2026-07-31T23:08:45Z,721,12,1,9,2,0,1,1,1,1785539309
2026-07-31T23:08:45Z,722,7,1,8,0,0,1,1,1,1785538223
2026-07-31T23:08:45Z,723,14,2,9,0,0,1,1,1,1785538454
2026-07-31T23:08:45Z,724,7,2,15,1,0,1,1,1,1785539175
2026-07-31T23:08:45Z,725,3,1,20,0,0,1,1,1,1785539116
2026-07-31T23:08:45Z,726,7,0,10,2,0,1,1,1,1785539201
2026-07-31T23:08:45Z,727,9,5,13,1,0,1,1,1,1785539306
2026-07-31T23:08:45Z,728,9,0,5,1,0,1,1,1,1785538747
2026-07-31T23:08:45Z,729,3,0,16,0,0,1,1,1,1785539272
2026-07-31T23:08:45Z,730,0,0,12,3,0,1,1,1,1785539260
2026-07-31T23:08:45Z,731,3,3,10,2,0,1,1,1,1785538495
2026-07-31T23:08:45Z,732,5,3,10,0,0,1,1,1,1785538716
2026-07-31T23:08:45Z,733,26,3,1,0,0,1,1,1,1785539042
2026-07-31T23:08:45Z,734,1,0,13,0,0,1,1,1,1785537574
2026-07-31T23:08:45Z,735,25,10,2,0,0,1,1,1,1785538753
2026-07-31T23:08:45Z,736,12,0,7,0,0,1,1,1,1785538926
2026-07-31T23:08:45Z,737,3,1,11,0,1,1,1,1,1785538984
2026-07-31T23:08:45Z,738,14,2,5,0,0,1,1,1,1785539133
2026-07-31T23:08:45Z,739,17,0,9,1,0,1,1,1,1785539241
2026-07-31T23:08:45Z,741,5,0,18,0,0,1,1,1,1785538825
2026-07-31T23:08:45Z,742,12,8,22,1,0,1,1,1,1785539317
2026-07-31T23:08:45Z,743,5,2,14,0,0,1,1,1,1785538705
2026-07-31T23:08:45Z,744,9,3,6,0,0,1,1,1,1785539297
2026-07-31T23:08:45Z,745,8,4,11,0,0,1,1,1,1785539220
2026-07-31T23:08:45Z,746,10,0,13,0,0,1,1,1,1785539002
2026-07-31T23:08:45Z,747,0,0,4,0,0,0,1,1,1783446606
2026-07-31T23:08:45Z,748,8,0,15,0,0,1,1,1,1785538269
2026-07-31T23:08:45Z,749,9,0,14,0,0,1,1,1,1785538718
2026-07-31T23:08:45Z,750,4,4,7,0,0,1,1,1,1785539016
2026-07-31T23:08:45Z,751,11,11,11,1,0,1,1,1,1785539300
2026-07-31T23:08:45Z,752,1,0,15,1,0,1,1,1,1785539177
2026-07-31T23:08:45Z,753,5,0,9,1,0,1,1,1,1785539282
2026-07-31T23:08:45Z,754,7,1,8,0,0,1,1,1,1785539295
2026-07-31T23:08:45Z,755,13,4,8,2,0,1,1,1,1785539318
2026-07-31T23:08:45Z,756,2,2,33,2,0,1,1,1,1785539237
2026-07-31T23:08:45Z,757,6,1,13,0,0,1,1,1,1785539256
2026-07-31T23:08:45Z,758,5,3,18,0,0,1,1,1,1785539315
2026-07-31T23:08:45Z,759,0,0,0,0,0,1,1,1,86400
2026-07-31T23:08:45Z,760,9,2,10,0,0,1,1,1,1785531870
2026-07-31T23:08:45Z,761,7,1,16,0,0,1,1,1,1785538691
2026-07-31T23:08:45Z,762,4,2,6,5,0,1,1,1,1785538539
2026-07-31T23:08:45Z,768,7,0,8,4,0,1,1,1,1785537694
2026-07-31T23:08:45Z,769,16,8,1,2,0,1,1,1,1785539288
2026-07-31T23:08:45Z,770,9,2,8,2,0,1,1,1,1785539073
2026-07-31T23:08:45Z,771,12,1,2,1,0,1,1,1,1785538472
2026-07-31T23:08:45Z,772,0,0,15,0,0,1,1,1,1785538999
2026-07-31T23:08:45Z,773,17,4,2,0,0,1,1,1,1785538932
2026-07-31T23:08:45Z,774,5,1,6,4,0,1,1,1,1785538787
2026-07-31T23:08:45Z,775,4,1,12,2,1,1,1,1,1785539021
2026-07-31T23:08:45Z,776,2,0,18,1,0,1,1,1,1785539296
2026-07-31T23:08:45Z,777,10,1,5,0,0,1,1,1,1785539070
2026-07-31T23:08:45Z,778,13,0,6,0,0,1,1,1,1785538920
2026-07-31T23:08:45Z,779,6,0,12,1,0,1,1,1,1785538184
2026-07-31T23:08:45Z,780,4,1,15,0,0,1,1,1,1785539057
2026-07-31T23:08:45Z,781,4,1,5,2,0,1,1,1,1785539305
2026-07-31T23:08:45Z,782,0,0,15,4,0,1,1,1,1785538713
2026-07-31T23:08:45Z,783,6,3,13,0,0,1,1,1,1785538181
2026-07-31T23:08:45Z,784,9,2,10,0,0,1,1,1,1785537559
2026-07-31T23:08:45Z,785,9,2,4,6,0,1,1,1,1785538225
2026-07-31T23:08:45Z,786,5,2,12,2,0,1,1,1,1785538867
2026-07-31T23:08:45Z,787,5,3,9,1,0,1,1,1,1785539205
2026-07-31T23:08:45Z,788,7,1,8,0,0,1,1,1,1785538424
2026-07-31T23:08:45Z,789,7,2,4,4,0,1,1,1,1785538624
2026-07-31T23:08:45Z,790,3,1,18,2,0,1,1,1,1785539225
2026-07-31T23:08:45Z,791,7,0,11,0,1,1,1,1,1785538785
2026-07-31T23:08:45Z,793,4,0,10,1,0,1,1,1,1785538745
2026-07-31T23:08:45Z,794,1,0,26,2,0,1,1,1,1785538705
2026-07-31T23:08:45Z,796,5,3,13,1,0,1,1,1,1785539082
2026-07-31T23:08:45Z,797,8,1,7,0,0,1,1,1,1785539043
2026-07-31T23:08:45Z,798,17,1,7,1,0,1,1,1,1785539049
2026-07-31T23:08:45Z,799,15,2,0,4,0,1,1,1,1785538610
2026-07-31T23:08:45Z,800,1,1,19,1,0,1,1,1,1785539266
2026-07-31T23:08:45Z,801,4,2,16,1,0,1,1,1,1785538898
2026-07-31T23:08:45Z,802,8,0,23,0,0,1,1,1,1785539270
2026-07-31T23:08:45Z,803,2,0,13,0,0,1,1,1,1785538967
2026-07-31T23:08:45Z,806,3,3,11,1,0,1,1,1,1785537704
2026-07-31T23:08:45Z,807,7,4,15,3,0,1,1,1,1785539136
2026-07-31T23:08:45Z,808,9,1,13,3,0,1,1,1,1785539085
2026-07-31T23:08:45Z,809,4,1,18,1,0,1,1,1,1785538656
2026-07-31T23:08:45Z,810,3,1,14,2,0,1,1,1,1785539021
2026-07-31T23:08:45Z,815,4,2,6,4,1,1,1,1,1785539021
2026-07-31T23:08:45Z,817,8,5,7,0,0,1,1,1,1785539313
2026-07-31T23:08:45Z,818,5,1,17,1,0,1,1,1,1785539293
2026-07-31T23:08:45Z,819,5,3,10,0,0,1,1,1,1785537833
2026-07-31T23:08:45Z,820,11,1,6,0,0,1,1,1,1785539190
2026-07-31T23:08:45Z,821,4,3,11,0,0,1,1,1,1785538717
2026-07-31T23:08:45Z,822,4,0,18,1,0,1,1,1,1785539181
2026-07-31T23:08:45Z,823,14,0,0,1,0,1,1,1,1785538222
2026-07-31T23:08:45Z,824,13,5,6,0,0,1,1,1,1785539288
2026-07-31T23:08:45Z,825,7,6,8,0,0,1,1,1,1785538987
2026-07-31T23:08:45Z,826,7,0,10,2,0,1,1,1,1785537805
2026-07-31T23:08:45Z,827,16,4,3,2,0,1,1,1,1785539279
2026-07-31T23:08:45Z,828,11,0,5,2,0,1,1,1,1785538998
2026-07-31T23:08:45Z,829,18,7,9,0,0,1,1,1,1785538127
2026-07-31T23:08:45Z,830,15,0,7,1,0,1,1,1,1785539130
2026-07-31T23:08:45Z,831,5,3,8,2,0,1,1,1,1785539297
2026-07-31T23:08:45Z,832,7,3,8,3,0,1,1,1,1785538338
2026-07-31T23:08:45Z,833,5,1,13,1,0,1,1,1,1785538084
2026-07-31T23:08:45Z,834,4,0,19,1,0,1,1,1,1785539285
2026-07-31T23:08:45Z,835,2,1,14,2,0,1,1,1,1785539304
2026-07-31T23:08:45Z,838,6,3,8,1,0,1,1,1,1785539201
2026-07-31T23:08:45Z,839,8,0,19,2,0,1,1,1,1785539124
2026-07-31T23:08:45Z,840,1,0,27,1,0,1,1,1,1785538330
2026-07-31T23:08:45Z,841,8,2,7,0,0,1,1,1,1785538135
2026-07-31T23:08:45Z,842,2,1,21,0,0,1,1,1,1785538938
2026-07-31T23:08:45Z,843,17,2,14,0,0,1,1,1,1785539110
2026-07-31T23:08:45Z,844,4,0,19,0,0,1,1,1,1785538390
2026-07-31T23:08:45Z,845,5,3,12,2,0,1,1,1,1785538420
2026-07-31T23:08:45Z,846,4,2,14,1,0,1,1,1,1785537558
2026-07-31T23:08:45Z,847,7,1,20,0,0,1,1,1,1785539296
2026-07-31T23:08:45Z,848,2,2,16,1,0,1,1,1,1785538987
2026-07-31T23:08:45Z,849,7,0,7,1,0,1,1,1,1785539179
2026-07-31T23:08:45Z,850,6,0,5,0,0,1,1,1,1785539251
2026-07-31T23:08:45Z,851,3,2,31,3,0,1,1,1,1785537724
2026-07-31T23:08:45Z,852,12,6,7,0,0,1,1,1,1785539180
2026-07-31T23:08:45Z,853,11,5,12,0,0,1,1,1,1785539090
2026-07-31T23:08:45Z,854,0,0,15,0,0,1,1,1,1785539024
2026-07-31T23:08:45Z,855,22,1,5,0,0,1,1,1,1785538890
2026-07-31T23:08:45Z,857,7,6,10,2,0,1,1,1,1785539228
2026-07-31T23:08:45Z,858,5,2,13,1,0,1,1,1,1785538829
2026-07-31T23:08:45Z,859,8,0,12,1,0,1,1,1,1785539002
2026-07-31T23:08:45Z,861,6,0,4,1,0,1,1,1,1785528609
2026-07-31T23:08:45Z,862,3,2,12,0,0,1,1,1,1785538180
2026-07-31T23:08:45Z,863,14,1,4,1,0,1,1,1,1785534680
2026-07-31T23:08:45Z,866,13,1,6,0,0,1,1,1,1785538572
2026-07-31T23:08:45Z,867,14,2,1,0,0,1,1,1,1785537782
2026-07-31T23:08:45Z,868,7,0,8,0,0,1,1,1,1785538039
2026-07-31T23:08:45Z,870,7,4,8,0,0,1,1,1,1785538269
2026-07-31T23:08:45Z,871,0,0,10,1,0,1,1,1,1785537585
2026-07-31T23:08:45Z,872,1,0,13,1,0,1,1,1,1785538175
2026-07-31T23:08:45Z,873,2,0,28,3,0,1,1,1,1785539214
2026-07-31T23:08:45Z,874,3,2,9,3,0,1,1,1,1785539238
2026-07-31T23:08:45Z,875,13,9,1,1,0,1,1,1,1785539303
2026-07-31T23:08:45Z,877,12,11,6,1,0,1,1,1,1785537877
2026-07-31T23:08:45Z,878,3,3,16,0,0,1,1,1,1785538447
2026-07-31T23:08:45Z,879,1,0,18,0,0,1,1,1,1785539297
2026-07-31T23:08:45Z,880,1,0,21,1,0,1,1,1,1785539301
2026-07-31T23:08:45Z,881,3,0,16,0,0,1,1,1,1785538311
2026-07-31T23:08:45Z,882,9,3,9,1,0,1,1,1,1785534469
2026-07-31T23:08:45Z,883,8,3,11,0,0,1,1,1,1785538542
2026-07-31T23:08:45Z,884,11,7,10,0,0,1,1,1,1785537901
2026-07-31T23:08:45Z,885,0,0,19,0,0,1,1,1,1785538108
2026-07-31T23:08:45Z,886,2,1,25,2,0,1,1,1,1785539044
2026-07-31T23:08:45Z,887,5,0,8,4,0,1,1,1,1785538756
2026-07-31T23:08:45Z,888,20,2,19,2,0,1,1,1,1785539258
2026-07-31T23:08:45Z,889,10,0,7,2,0,1,1,1,1785539312
2026-07-31T23:08:45Z,890,7,4,8,0,0,1,1,1,1785537599
2026-07-31T23:08:45Z,891,17,1,5,1,0,1,1,1,1785538029
2026-07-31T23:08:45Z,892,10,0,5,0,0,1,1,1,1785536903
2026-07-31T23:08:45Z,895,2,0,17,0,0,1,1,1,1785536824
2026-07-31T23:08:45Z,896,7,2,28,0,0,1,1,1,1785534764
2026-07-31T23:08:45Z,897,15,0,6,0,0,1,1,1,1785538347
2026-07-31T23:08:45Z,898,2,0,17,0,0,1,1,1,1785538019
2026-07-31T23:08:45Z,899,15,0,2,2,0,1,1,1,1785539070
2026-07-31T23:08:45Z,900,9,0,17,1,0,1,1,1,1785539239
2026-07-31T23:08:45Z,901,4,0,14,1,0,1,1,1,1785539165
2026-07-31T23:08:45Z,902,5,1,10,0,0,1,1,1,1785537918
2026-07-31T23:08:45Z,903,9,3,10,0,0,1,1,1,1785539208
2026-07-31T23:08:45Z,904,10,4,8,1,0,1,1,1,1785538806
2026-07-31T23:08:45Z,905,12,2,14,1,0,1,1,1,1785539038
2026-07-31T23:08:45Z,906,11,10,16,0,0,1,1,1,1785539261
2026-07-31T23:08:45Z,907,6,1,24,1,0,1,1,1,1785539318
2026-07-31T23:08:45Z,908,12,2,11,0,0,1,1,1,1785538443
2026-07-31T23:08:45Z,909,9,3,14,0,0,1,1,1,1785539168
2026-07-31T23:08:45Z,910,29,1,1,1,0,1,1,1,1785539156
2026-07-31T23:08:45Z,911,4,1,15,0,0,1,1,1,1785537951
2026-07-31T23:08:45Z,912,1,0,21,1,0,1,1,1,1785539173
2026-07-31T23:08:45Z,913,5,3,14,0,0,1,1,1,1785538951
2026-07-31T23:08:45Z,914,8,1,9,2,0,1,1,1,1785539308
2026-07-31T23:08:45Z,915,10,4,10,3,0,1,1,1,1785539302
2026-07-31T23:08:45Z,916,6,0,17,0,0,1,1,1,1785539250
2026-07-31T23:08:45Z,917,3,0,31,1,0,1,1,1,1785539176
2026-07-31T23:08:45Z,918,3,2,14,2,0,1,1,1,1785539246
2026-07-31T23:08:45Z,919,1,0,38,0,0,1,1,1,1785539263
2026-07-31T23:08:45Z,920,8,3,11,0,0,1,1,1,1785538728
2026-07-31T23:08:45Z,921,13,1,8,0,0,1,1,1,1785538967
2026-07-31T23:08:45Z,922,0,0,21,0,0,1,1,1,1785538980
2026-07-31T23:08:45Z,923,2,2,17,0,0,1,1,1,1785539262
2026-07-31T23:08:45Z,924,6,1,14,1,0,1,1,1,1785539128
2026-07-31T23:08:45Z,925,11,0,10,0,0,1,1,1,1785538642
2026-07-31T23:08:45Z,926,2,0,19,0,0,1,1,1,1785538708
2026-07-31T23:08:45Z,927,19,2,16,0,0,1,1,1,1785539297
2026-07-31T23:08:45Z,928,0,0,19,0,0,0,1,1,1785500252
2026-07-31T23:08:45Z,929,9,3,13,1,0,1,1,1,1785539316
2026-07-31T23:08:45Z,930,18,0,12,1,0,1,1,1,1785539249
2026-07-31T23:08:45Z,931,2,2,20,1,0,1,1,1,1785539230
2026-07-31T23:08:45Z,932,14,0,0,5,0,1,1,1,1785539301
2026-07-31T23:08:45Z,933,11,2,10,2,0,1,1,1,1785539207
2026-07-31T23:08:45Z,934,28,0,2,1,0,1,1,1,1785539172
2026-07-31T23:08:45Z,935,17,0,0,2,0,1,1,1,1785539238
2026-07-31T23:08:45Z,936,5,0,14,0,0,1,1,1,1785538560
2026-07-31T23:08:45Z,940,5,0,5,1,0,1,1,1,1785538586
2026-07-31T23:08:45Z,941,17,2,5,3,0,1,1,1,1785538860
2026-07-31T23:08:45Z,942,13,2,8,0,0,1,1,1,1785539222
2026-07-31T23:08:45Z,943,8,8,7,0,0,1,1,1,1785538253
2026-07-31T23:08:45Z,944,10,8,5,0,0,1,1,1,1785538106
2026-07-31T23:08:45Z,945,7,5,8,0,0,1,1,1,1785537629
2026-07-31T23:08:45Z,946,7,5,12,0,0,1,1,1,1785523835
2026-07-31T23:08:45Z,947,5,3,12,0,0,1,1,1,1785538128
2026-07-31T23:08:45Z,948,14,13,14,3,0,1,1,1,1785539287
2026-07-31T23:08:45Z,949,3,2,12,0,0,1,1,1,1785538893
2026-07-31T23:08:45Z,950,1,1,15,1,0,1,1,1,1785538145
2026-07-31T23:08:45Z,951,16,6,7,0,0,1,1,1,1785538810
2026-07-31T23:08:45Z,952,25,5,29,1,0,1,1,1,1785539055
2026-07-31T23:08:45Z,953,5,1,9,1,0,1,1,1,1785539201
2026-07-31T23:08:45Z,954,8,0,11,0,0,1,1,1,1785539261
2026-07-31T23:08:45Z,955,15,8,6,6,0,1,1,1,1785539124
2026-07-31T23:08:45Z,956,21,0,0,2,0,1,1,1,1785539285
2026-07-31T23:08:45Z,957,24,2,4,1,0,1,1,1,1785538928
2026-07-31T23:08:45Z,958,29,2,2,0,0,1,1,1,1785539120
2026-07-31T23:08:45Z,959,5,2,17,1,0,1,1,1,1785539307
2026-07-31T23:08:45Z,960,0,0,23,0,0,1,1,1,1785539172
2026-07-31T23:08:45Z,961,5,1,15,3,0,1,1,1,1785538895
2026-07-31T23:08:45Z,962,8,0,24,3,0,1,1,1,1785537700
2026-07-31T23:08:45Z,963,14,0,8,1,0,1,1,1,1785539161
2026-07-31T23:08:45Z,964,16,10,6,1,0,1,1,1,1785537999
2026-07-31T23:08:45Z,965,13,6,13,1,0,1,1,1,1785538533
2026-07-31T23:08:45Z,966,13,0,17,1,0,1,1,1,1785539070
2026-07-31T23:08:45Z,967,2,0,17,2,0,1,1,1,1785539189
2026-07-31T23:08:45Z,968,10,0,8,1,0,1,1,1,1785539046
2026-07-31T23:08:45Z,969,2,1,23,2,0,1,1,1,1785538700
2026-07-31T23:08:45Z,970,0,0,18,1,0,1,1,1,1785538487
2026-07-31T23:08:45Z,971,0,0,22,1,0,1,1,1,1785539033
2026-07-31T23:08:45Z,972,10,4,12,1,0,1,1,1,1785538145
2026-07-31T23:08:45Z,973,6,2,16,1,0,1,1,1,1785539189
2026-07-31T23:08:45Z,974,9,0,18,0,0,1,1,1,1785539314
2026-07-31T23:08:45Z,977,1,0,18,2,0,1,1,1,1785539173
2026-07-31T23:08:45Z,978,18,0,5,0,0,1,1,1,1785539302
2026-07-31T23:08:45Z,979,1,0,16,0,0,1,1,1,1785538730
2026-07-31T23:08:45Z,980,4,0,16,1,0,1,1,1,1785539272
2026-07-31T23:08:45Z,981,9,0,12,0,0,1,1,1,1785538982
2026-07-31T23:08:45Z,982,3,0,14,2,0,1,1,1,1785538185
2026-07-31T23:08:45Z,983,2,2,21,0,0,1,1,1,1785538658
2026-07-31T23:08:45Z,984,5,0,18,0,0,1,1,1,1785538014
2026-07-31T23:08:45Z,985,7,0,23,1,0,1,1,1,1785538979
2026-07-31T23:08:45Z,986,5,0,14,0,0,1,1,1,1785538893
2026-07-31T23:08:45Z,987,6,0,17,0,0,1,1,1,1785538772
2026-07-31T23:08:45Z,988,4,2,14,1,0,1,1,1,1785538361
2026-07-31T23:08:45Z,989,7,4,12,0,0,1,1,1,1785539157
2026-07-31T23:08:45Z,990,12,0,2,1,0,1,1,1,1785538346
2026-07-31T23:08:45Z,991,9,0,9,1,0,1,1,1,1785538103
2026-07-31T23:08:45Z,992,9,5,14,0,0,1,1,1,1785538988
2026-07-31T23:08:45Z,993,5,4,21,1,0,1,1,1,1785539274
2026-07-31T23:08:45Z,994,0,0,21,0,0,1,1,1,1785539239
2026-07-31T23:08:45Z,995,6,1,21,0,0,1,1,1,1785539159
2026-07-31T23:08:45Z,996,6,2,17,0,0,1,1,1,1785538550
2026-07-31T23:08:45Z,997,15,8,8,0,0,1,1,1,1785539151
2026-07-31T23:08:45Z,998,5,4,18,0,0,1,1,1,1785538533
2026-07-31T23:08:45Z,999,4,1,15,1,1,1,1,1,1785538386
2026-07-31T23:08:45Z,1000,0,0,21,0,0,1,1,1,1785539072
2026-07-31T23:08:45Z,1001,5,3,22,0,0,1,1,1,1785538609
2026-07-31T23:08:45Z,1002,1,0,29,1,0,1,1,1,1785538640
2026-07-31T23:08:45Z,1003,1,0,22,0,0,1,1,1,1785538167
2026-07-31T23:08:45Z,1004,8,2,15,0,0,1,1,1,1785537659
2026-07-31T23:08:45Z,1005,20,1,3,0,0,1,1,1,1785538359
2026-07-31T23:08:45Z,1006,8,4,11,0,0,1,1,1,1785538160
2026-07-31T23:08:45Z,1007,3,1,18,0,0,1,1,1,1785538829
2026-07-31T23:08:45Z,1008,7,6,16,0,0,1,1,1,1785539164
2026-07-31T23:08:45Z,1009,22,5,8,1,0,1,1,1,1785539264
2026-07-31T23:08:45Z,1010,7,2,20,0,0,1,1,1,1785538078
2026-07-31T23:08:45Z,1011,7,2,10,2,0,1,1,1,1785538532
2026-07-31T23:08:45Z,1012,5,3,16,2,0,1,1,1,1785538131
2026-07-31T23:08:45Z,1013,4,1,18,1,0,1,1,1,1785538686
2026-07-31T23:08:45Z,1014,9,4,14,0,0,1,1,1,1785538658
2026-07-31T23:08:45Z,1015,4,3,26,1,0,1,1,1,1785539018
2026-07-31T23:08:45Z,1016,10,5,21,0,0,1,1,1,1785538095
2026-07-31T23:08:45Z,1017,13,5,8,0,0,1,1,1,1785537521
2026-07-31T23:08:45Z,1018,6,2,16,0,0,1,1,1,1785538209
2026-07-31T23:08:45Z,1019,8,5,7,0,0,1,1,1,1785538065
2026-07-31T23:08:45Z,1020,19,5,2,0,0,1,1,1,1785539203
2026-07-31T23:08:45Z,1021,9,4,6,0,0,1,1,1,1785538868
2026-07-31T23:08:45Z,1022,14,0,13,0,0,1,1,1,1785538348
2026-07-31T23:08:45Z,1023,14,2,9,0,0,1,1,1,1785537965
2026-07-31T23:08:45Z,1024,3,1,16,0,0,1,1,1,1785538925
2026-07-31T23:08:45Z,1025,4,0,14,0,1,1,1,1,1785538333
2026-07-31T23:08:45Z,1026,11,9,19,1,0,1,1,1,1785539268
2026-07-31T23:08:45Z,1028,3,1,20,0,0,1,1,1,1785538304
2026-07-31T23:08:45Z,1029,11,9,4,0,0,1,1,1,1785539178
2026-07-31T23:08:45Z,1030,13,4,10,0,0,1,1,1,1785539001
2026-07-31T23:08:45Z,1031,9,1,10,0,0,1,1,1,1785539301
2026-07-31T23:08:45Z,1032,7,1,12,0,0,1,1,1,1785538156
2026-07-31T23:08:45Z,1033,9,5,10,0,0,1,1,1,1785538982
2026-07-31T23:08:45Z,1034,3,0,12,0,0,1,1,1,1785538134
2026-07-31T23:08:45Z,1035,0,0,18,1,0,1,1,1,1785538159
2026-07-31T23:08:45Z,1036,13,0,2,0,0,1,1,1,1785538713
2026-07-31T23:08:45Z,1037,0,0,18,1,0,1,1,1,1785538440
2026-07-31T23:08:45Z,1038,1,0,14,0,0,1,1,1,1785537821
2026-07-31T23:08:45Z,1039,7,0,12,0,0,1,1,1,1785538306
2026-07-31T23:08:45Z,1040,8,5,11,0,0,1,1,1,1785538213
2026-07-31T23:08:45Z,1041,11,2,8,0,0,1,1,1,1785538576
2026-07-31T23:08:45Z,1042,3,0,11,1,0,1,1,1,1785538142
2026-07-31T23:08:45Z,1043,9,5,10,0,0,1,1,1,1785538239
2026-07-31T23:08:45Z,1044,1,0,14,0,0,1,1,1,1785537877
2026-07-31T23:08:45Z,1045,10,1,9,0,0,1,1,1,1785538434
2026-07-31T23:08:45Z,1046,9,0,6,0,0,1,1,1,1785537509
2026-07-31T23:08:45Z,1047,6,2,15,0,0,1,1,1,1785539284
2026-07-31T23:08:45Z,1048,2,0,17,0,0,1,1,1,1785538759
2026-07-31T23:08:45Z,1049,2,1,19,0,0,1,1,1,1785538226
2026-07-31T23:08:45Z,1050,20,4,1,0,0,1,1,1,1785539097
2026-07-31T23:08:45Z,1051,9,4,12,0,0,1,1,1,1785539198
2026-07-31T23:08:45Z,1052,17,1,4,1,0,1,1,1,1785538020
2026-07-31T23:08:45Z,1053,2,1,13,0,0,1,1,1,1785538015
2026-07-31T23:08:45Z,1054,7,2,8,0,0,1,1,1,1785538263
2026-07-31T23:08:45Z,1055,8,0,11,0,0,1,1,1,1785538836
2026-07-31T23:08:45Z,1057,0,0,19,0,0,1,1,1,1785539102
2026-07-31T23:08:45Z,1058,0,0,56,0,0,1,1,1,1785539187
2026-07-31T23:08:45Z,1059,5,2,13,1,0,1,1,1,1785538975
2026-07-31T23:08:45Z,1060,21,1,15,1,0,1,1,1,1785539298
2026-07-31T23:08:45Z,1061,16,0,21,0,0,1,1,1,1785538710
2026-07-31T23:08:45Z,1062,12,0,5,0,0,1,1,1,1785539231
2026-07-31T23:08:45Z,1063,12,1,6,1,0,1,1,1,1785538199
2026-07-31T23:08:45Z,1064,5,0,17,1,0,1,1,1,1785538573
2026-07-31T23:08:45Z,1065,14,3,9,0,0,1,1,1,1785538820
2026-07-31T23:08:45Z,1066,12,3,11,0,0,1,1,1,1785538638
2026-07-31T23:08:45Z,1067,7,1,14,2,0,1,1,1,1785538915
2026-07-31T23:08:45Z,1068,6,2,14,3,0,1,1,1,1785538461
2026-07-31T23:08:45Z,1069,12,3,11,0,0,1,1,1,1785538452
2026-07-31T23:08:45Z,1070,12,2,11,0,0,1,1,1,1785538557
2026-07-31T23:08:45Z,1071,8,4,15,0,0,1,1,1,1785538592
2026-07-31T23:08:45Z,1072,11,1,11,1,0,1,1,1,1785538997
2026-07-31T23:08:45Z,1073,8,0,18,1,0,1,1,1,1785539226
2026-07-31T23:08:45Z,1074,31,0,21,1,0,1,1,1,1785539270
2026-07-31T23:08:45Z,1075,8,8,13,0,0,1,1,1,1785539303
2026-07-31T23:08:45Z,1076,14,11,7,0,0,1,1,1,1785539225
2026-07-31T23:08:45Z,1077,13,8,8,0,0,1,1,1,1785538868
2026-07-31T23:08:45Z,1078,9,8,12,0,0,1,1,1,1785539262
2026-07-31T23:08:45Z,1079,14,10,7,0,0,1,1,1,1785538063
2026-07-31T23:08:45Z,1080,12,9,7,2,0,1,1,1,1785537991
2026-07-31T23:08:45Z,1081,13,8,6,0,0,1,1,1,1785538983
2026-07-31T23:08:45Z,1082,11,11,12,0,0,1,1,1,1785538065
2026-07-31T23:08:45Z,1083,12,11,9,0,0,1,1,1,1785538334
2026-07-31T23:08:45Z,1084,9,7,12,0,0,1,1,1,1785537948
2026-07-31T23:08:45Z,1085,12,9,9,0,0,1,1,1,1785537667
2026-07-31T23:08:45Z,1086,11,9,9,1,0,1,1,1,1785538360
2026-07-31T23:08:45Z,1087,8,7,7,0,0,1,1,1,1785539235
2026-07-31T23:08:45Z,1088,10,7,5,0,0,1,1,1,1785538199
2026-07-31T23:08:45Z,1089,9,7,6,0,0,1,1,1,1785537893
2026-07-31T23:08:45Z,1090,4,3,11,0,0,1,1,1,1785538946
2026-07-31T23:08:45Z,1091,7,5,8,0,0,1,1,1,1785539146
2026-07-31T23:08:45Z,1092,8,7,7,0,0,1,1,1,1785538681
2026-07-31T23:08:45Z,1093,5,5,9,1,0,1,1,1,1785539208
2026-07-31T23:08:45Z,1094,10,9,9,0,0,1,1,1,1785538150
2026-07-31T23:08:45Z,1095,10,8,5,0,0,1,1,1,1785538122
2026-07-31T23:08:45Z,1096,12,9,7,0,0,1,1,1,1785538530
2026-07-31T23:08:45Z,1097,8,8,7,0,0,1,1,1,1785538715
2026-07-31T23:08:45Z,1098,9,7,10,0,0,1,1,1,1785537758
2026-07-31T23:08:45Z,1099,7,6,8,0,0,1,1,1,1785537986
2026-07-31T23:08:45Z,1100,6,4,23,0,0,1,1,1,1785532207
2026-07-31T23:08:45Z,1101,10,5,11,0,0,1,1,1,1785537915
2026-07-31T23:08:45Z,1102,9,4,4,0,0,1,1,1,1785538919
2026-07-31T23:08:45Z,1103,11,5,10,0,0,1,1,1,1785503681
2026-07-31T23:08:45Z,1104,11,6,10,0,0,1,1,1,1785537666
2026-07-31T23:08:45Z,1105,8,4,5,0,0,1,1,1,1785538801
2026-07-31T23:08:45Z,1106,10,5,11,0,0,1,1,1,1785538007
2026-07-31T23:08:45Z,1107,9,5,6,0,0,1,1,1,1785538244
2026-07-31T23:08:45Z,1108,8,4,16,2,1,1,1,1,1785539206
2026-07-31T23:08:45Z,1109,7,3,8,0,0,1,1,1,1785538185
2026-07-31T23:08:45Z,1110,11,3,10,0,0,1,1,1,1785537530
2026-07-31T23:08:45Z,1111,11,3,9,1,0,1,1,1,1785539165
2026-07-31T23:08:45Z,1112,24,2,29,0,0,1,1,1,1785539038
2026-07-31T23:08:45Z,1113,0,0,21,0,0,1,1,1,1785539256
2026-07-31T23:08:45Z,1115,14,1,5,4,0,1,1,1,1785538737
2026-07-31T23:08:45Z,1116,8,1,11,0,0,1,1,1,1785538758
2026-07-31T23:08:45Z,1117,7,1,15,1,0,1,1,1,1785538639
2026-07-31T23:08:45Z,1118,18,2,3,0,0,1,1,1,1785539306
2026-07-31T23:08:45Z,1119,7,1,10,0,0,1,1,1,1785539167
2026-07-31T23:08:45Z,1120,6,1,12,1,0,1,1,1,1785538757
2026-07-31T23:08:45Z,1121,10,0,10,1,0,1,1,1,1785539250
2026-07-31T23:08:45Z,1122,2,2,18,1,0,1,1,1,1785539174
2026-07-31T23:08:45Z,1123,13,7,8,2,0,1,1,1,1785538109
2026-07-31T23:08:45Z,1124,8,2,6,1,0,1,1,1,1785539062
2026-07-31T23:08:45Z,1125,17,1,6,0,0,1,1,1,1785538556
2026-07-31T23:08:45Z,1126,5,1,16,0,0,1,1,1,1785539312
2026-07-31T23:08:45Z,1127,5,2,14,0,0,1,1,1,1785538494
2026-07-31T23:08:45Z,1128,1,1,14,0,0,1,1,1,1785539262
2026-07-31T23:08:45Z,1129,0,0,19,2,0,1,1,1,1785538942
2026-07-31T23:08:45Z,1130,15,0,0,0,0,1,1,1,1785538990
2026-07-31T23:08:45Z,1131,1,1,47,1,0,1,1,1,1785539278
2026-07-31T23:08:45Z,1132,11,3,9,1,0,1,1,1,1785538496
2026-07-31T23:08:45Z,1133,2,2,17,2,0,1,1,1,1785539311
2026-07-31T23:08:45Z,1134,12,6,7,0,0,1,1,1,1785538690
2026-07-31T23:08:45Z,1135,12,6,9,0,0,1,1,1,1785537813
2026-07-31T23:08:45Z,1136,13,1,10,0,0,1,1,1,1785539302
2026-07-31T23:08:45Z,1137,11,1,4,0,0,1,1,1,1785538057
2026-07-31T23:08:45Z,1138,2,0,17,0,0,1,1,1,1785539191
2026-07-31T23:08:45Z,1139,12,3,8,1,0,1,1,1,1785538692
2026-07-31T23:08:45Z,1140,3,1,18,2,0,1,1,1,1785539318
2026-07-31T23:08:45Z,1141,2,1,19,0,0,1,1,1,1785539222
2026-07-31T23:08:45Z,1142,5,0,16,0,0,1,1,1,1785538820
2026-07-31T23:08:45Z,1143,21,1,6,2,0,1,1,1,1785539302
2026-07-31T23:08:45Z,1144,8,0,12,1,0,1,1,1,1785539077
2026-07-31T23:08:45Z,1145,11,5,9,1,0,1,1,1,1785538590
2026-07-31T23:08:45Z,1146,15,4,0,4,0,1,1,1,1785539185
2026-07-31T23:08:45Z,1147,17,1,1,1,0,1,1,1,1785538855
2026-07-31T23:08:45Z,1148,2,0,29,0,0,1,1,1,1785539218
2026-07-31T23:08:45Z,1149,3,1,17,5,0,1,1,1,1785538535
2026-07-31T23:08:45Z,1150,0,0,19,0,0,1,1,1,1785539231
2026-07-31T23:08:45Z,1151,7,0,14,0,0,1,1,1,1785538839
2026-07-31T23:08:45Z,1152,5,0,24,0,0,1,1,1,1785539170
2026-07-31T23:08:45Z,1153,22,4,0,1,0,1,1,1,1785538731
2026-07-31T23:08:45Z,1154,3,0,16,0,0,1,1,1,1785539119
2026-07-31T23:08:45Z,1155,9,2,9,3,0,1,1,1,1785539077
2026-07-31T23:08:45Z,1158,3,1,16,0,0,1,1,1,1785538060
2026-07-31T23:08:45Z,1159,14,2,5,0,0,1,1,1,1785538424
2026-07-31T23:08:45Z,1160,7,2,12,0,0,1,1,1,1785538941
2026-07-31T23:08:45Z,1161,3,0,15,1,0,1,1,1,1785538559
2026-07-31T23:08:45Z,1162,4,0,15,0,0,1,1,1,1785538816
2026-07-31T23:08:45Z,1163,2,1,16,1,0,1,1,1,1785538618
2026-07-31T23:08:45Z,1164,5,1,14,0,0,1,1,1,1785538238
2026-07-31T23:08:45Z,1165,1,0,20,0,0,1,1,1,1785538986
2026-07-31T23:08:45Z,1166,13,3,7,1,0,1,1,1,1785538526
2026-07-31T23:08:45Z,1167,4,0,11,0,0,1,1,1,1785537905
2026-07-31T23:08:45Z,1168,3,0,18,2,0,1,1,1,1785538481
2026-07-31T23:08:45Z,1169,3,0,15,1,0,1,1,1,1785538085
2026-07-31T23:08:45Z,1170,3,1,18,0,0,1,1,1,1785538751
2026-07-31T23:08:45Z,1171,8,8,15,0,0,1,1,1,1785538192
2026-07-31T23:08:45Z,1172,5,0,8,2,0,1,1,1,1785538235
2026-07-31T23:08:45Z,1173,13,4,6,0,0,1,1,1,1785538343
2026-07-31T23:08:45Z,1174,4,0,11,0,0,1,1,1,1785539027
2026-07-31T23:08:45Z,1175,4,2,15,0,0,1,1,1,1785535612
2026-07-31T23:08:45Z,1176,8,2,13,0,0,1,1,1,1785537574
2026-07-31T23:08:45Z,1177,4,2,17,0,0,1,1,1,1785539319
2026-07-31T23:08:45Z,1178,5,2,10,0,0,1,1,1,1785537899
2026-07-31T23:08:45Z,1181,12,1,3,0,0,1,1,1,1785537887
2026-07-31T23:08:45Z,1182,18,4,1,1,0,1,1,1,1785539303
2026-07-31T23:08:45Z,1183,17,0,26,2,0,1,1,1,1785539200
2026-07-31T23:08:45Z,1184,6,6,12,3,0,1,1,1,1785538888
2026-07-31T23:08:45Z,1185,10,6,11,0,0,1,1,1,1785537642
2026-07-31T23:08:45Z,1186,9,5,10,0,0,1,1,1,1785538613
2026-07-31T23:08:45Z,1187,10,5,10,1,0,1,1,1,1785538834
2026-07-31T23:08:45Z,1188,10,5,5,0,0,1,1,1,1785538241
2026-07-31T23:08:45Z,1189,8,3,11,0,0,1,1,1,1785538376
2026-07-31T23:08:45Z,1190,9,4,12,0,0,1,1,1,1785537795
2026-07-31T23:08:45Z,1191,10,5,5,0,0,1,1,1,1785538244
2026-07-31T23:08:45Z,1192,11,7,9,1,0,1,1,1,1785538161
2026-07-31T23:08:45Z,1193,6,4,5,2,0,1,1,1,1785539017
2026-07-31T23:08:45Z,1197,9,6,7,1,0,1,1,1,1785539024
2026-07-31T23:08:45Z,1198,13,4,6,2,0,1,1,1,1785538684
2026-07-31T23:08:45Z,1199,3,0,16,0,0,1,1,1,1785538685
2026-07-31T23:08:45Z,1200,8,4,7,0,0,1,1,1,1785538285
2026-07-31T23:08:45Z,1201,9,4,6,0,0,1,1,1,1785538256
2026-07-31T23:08:45Z,1202,10,5,5,0,0,1,1,1,1785538357
2026-07-31T23:08:45Z,1203,11,5,4,0,0,1,1,1,1785538264
2026-07-31T23:08:45Z,1204,7,4,12,0,0,1,1,1,1785538043
2026-07-31T23:08:45Z,1206,11,5,10,0,0,1,1,1,1785539102
2026-07-31T23:08:45Z,1207,8,4,6,1,0,1,1,1,1785538573
2026-07-31T23:08:45Z,1208,10,4,9,0,0,1,1,1,1785538525
2026-07-31T23:08:45Z,1216,9,0,11,1,0,1,1,1,1785539315
2026-07-31T23:08:45Z,1218,4,0,17,0,0,1,1,1,1785537899
2026-07-31T23:08:45Z,1219,2,1,10,3,0,1,1,1,1785538175
2026-07-31T23:08:45Z,1220,16,6,3,0,0,1,1,1,1785538279
2026-07-31T23:08:45Z,1221,1,1,19,1,0,1,1,1,1785539069
2026-07-31T23:08:45Z,1222,17,1,12,0,0,1,1,1,1785539277
2026-07-31T23:08:45Z,1223,23,1,5,1,0,1,1,1,1785539013
2026-07-31T23:08:45Z,1226,0,0,3,0,0,0,1,1,1781868931
2026-07-31T23:08:45Z,1227,7,0,17,1,0,1,1,1,1785539301
2026-07-31T23:08:45Z,1228,0,0,28,1,0,1,1,1,1785539016
2026-07-31T23:08:45Z,1229,42,0,3,0,0,1,1,1,1785539188
2026-07-31T23:13:45Z,1,19,1,4,0,0,1,1,1,1785538928
2026-07-31T23:13:45Z,2,13,0,11,3,0,1,1,1,1785539612
2026-07-31T23:13:45Z,3,8,1,5,1,0,1,1,1,1785539116
2026-07-31T23:13:45Z,4,19,0,2,1,0,1,1,1,1785539450
2026-07-31T23:13:45Z,5,18,4,2,3,0,1,1,1,1785539106
2026-07-31T23:13:45Z,6,1,0,14,0,0,1,1,1,1785538788
2026-07-31T23:13:45Z,7,8,0,31,0,0,1,1,1,1785539310
2026-07-31T23:13:45Z,8,11,0,32,0,0,1,1,1,1785539225
2026-07-31T23:13:45Z,9,15,0,7,1,0,1,1,1,1785539617
2026-07-31T23:13:45Z,10,4,2,16,3,0,1,1,1,1785538156
2026-07-31T23:13:45Z,11,6,2,12,1,0,1,1,1,1785539539
2026-07-31T23:13:45Z,12,4,1,19,0,0,1,1,1,1785539094
2026-07-31T23:13:45Z,13,18,2,11,1,0,1,1,1,1785539574
2026-07-31T23:13:45Z,14,28,2,14,0,1,1,1,1,1785539571
2026-07-31T23:13:45Z,15,15,0,0,0,0,1,1,1,1785536042
2026-07-31T23:13:45Z,16,0,0,24,2,1,1,1,1,1785538462
2026-07-31T23:13:45Z,17,25,0,1,1,0,1,1,1,1785539568
2026-07-31T23:13:45Z,18,9,0,7,2,0,1,1,1,1785539599
2026-07-31T23:13:45Z,19,0,0,26,1,0,1,1,1,1785539567
2026-07-31T23:13:45Z,20,20,1,14,1,0,1,1,1,1785539618
2026-07-31T23:13:45Z,21,8,0,8,3,0,1,1,1,1785539513
2026-07-31T23:13:45Z,22,12,0,53,0,0,1,1,1,1785539146
2026-07-31T23:13:45Z,23,9,8,22,0,0,1,1,1,1785538855
2026-07-31T23:13:45Z,24,6,0,4,1,0,1,1,1,1785539614
2026-07-31T23:13:45Z,25,64,1,15,2,0,1,1,1,1785539596
2026-07-31T23:13:45Z,26,20,0,7,0,0,1,1,1,1785539552
2026-07-31T23:13:45Z,28,8,1,7,0,0,1,1,1,1785539538
2026-07-31T23:13:45Z,30,21,0,6,2,0,1,1,1,1785539479
2026-07-31T23:13:45Z,31,8,0,10,1,0,1,1,1,1785539590
2026-07-31T23:13:45Z,32,1,0,26,0,0,1,1,1,1785539267
2026-07-31T23:13:45Z,34,12,0,25,0,0,1,1,1,1785539291
2026-07-31T23:13:45Z,35,33,2,13,1,0,1,1,1,1785539609
2026-07-31T23:13:45Z,36,0,0,0,0,0,0,1,1,86400
2026-07-31T23:13:45Z,37,13,2,10,0,0,1,1,1,1785539577
2026-07-31T23:13:45Z,38,1,0,22,0,0,1,1,1,1785539197
2026-07-31T23:13:45Z,39,10,4,29,0,0,1,1,1,1785538957
2026-07-31T23:13:45Z,40,4,0,17,0,0,1,1,1,1785539617
2026-07-31T23:13:45Z,41,20,0,23,0,0,1,1,1,1785539338
2026-07-31T23:13:45Z,42,8,5,23,0,0,1,1,1,1785539293
2026-07-31T23:13:45Z,43,7,1,16,0,0,1,1,1,1785539320
2026-07-31T23:13:45Z,45,1,0,28,0,0,1,1,1,1785539388
2026-07-31T23:13:45Z,46,1,1,28,2,0,1,1,1,1785539579
2026-07-31T23:13:45Z,47,0,0,14,1,0,1,1,1,1785539176
2026-07-31T23:13:45Z,48,15,0,12,0,0,1,1,1,1785539593
2026-07-31T23:13:45Z,49,1,0,18,4,0,1,1,1,1785539616
2026-07-31T23:13:45Z,50,0,0,16,3,0,1,1,1,1785539067
2026-07-31T23:13:45Z,51,28,0,49,0,0,1,1,1,1785538913
2026-07-31T23:13:45Z,52,7,0,17,3,0,1,1,1,1785539555
2026-07-31T23:13:45Z,55,9,3,12,2,0,1,1,1,1785539602
2026-07-31T23:13:45Z,56,4,2,39,0,0,1,1,1,1785539524
2026-07-31T23:13:45Z,57,20,0,7,0,0,1,1,1,1785539089
2026-07-31T23:13:45Z,58,1,0,27,0,0,1,1,1,1785539372
2026-07-31T23:13:45Z,59,1,0,24,2,0,1,1,1,1785539554
2026-07-31T23:13:45Z,61,29,0,10,0,0,1,1,1,1785539354
2026-07-31T23:13:45Z,62,12,8,36,1,0,1,1,1,1785539538
2026-07-31T23:13:45Z,63,8,5,11,0,0,1,1,1,1785539508
2026-07-31T23:13:45Z,64,10,1,5,4,0,1,1,1,1785535815
2026-07-31T23:13:45Z,65,11,4,7,1,0,1,1,1,1785539185
2026-07-31T23:13:45Z,67,11,0,28,0,0,1,1,1,1785539600
2026-07-31T23:13:45Z,68,33,0,3,1,0,1,1,1,1785538151
2026-07-31T23:13:45Z,69,4,0,11,0,0,1,1,1,1785539582
2026-07-31T23:13:45Z,71,8,1,17,2,0,1,1,1,1785539568
2026-07-31T23:13:45Z,72,25,3,3,2,1,1,1,1,1785539542
2026-07-31T23:13:45Z,73,1,0,30,0,0,1,1,1,1785539371
2026-07-31T23:13:45Z,74,3,2,16,0,0,1,1,1,1785538513
2026-07-31T23:13:45Z,75,4,0,27,1,0,1,1,1,1785539098
2026-07-31T23:13:45Z,76,4,1,14,1,0,1,1,1,1785539617
2026-07-31T23:13:45Z,77,17,1,8,2,0,1,1,1,1785539413
2026-07-31T23:13:45Z,78,1,1,22,0,0,1,1,1,1785538135
2026-07-31T23:13:45Z,79,0,0,16,1,0,1,1,1,1785538736
2026-07-31T23:13:45Z,80,13,1,7,3,0,1,1,1,1785539598
2026-07-31T23:13:45Z,81,10,1,21,0,0,1,1,1,1785539586
2026-07-31T23:13:45Z,82,15,12,7,1,0,1,1,1,1785539468
2026-07-31T23:13:45Z,83,6,4,27,2,0,1,1,1,1785539608
2026-07-31T23:13:45Z,84,13,3,14,0,0,1,1,1,1785539194
2026-07-31T23:13:45Z,85,7,1,8,0,0,1,1,1,1785539066
2026-07-31T23:13:45Z,86,6,3,21,0,0,1,1,1,1785539578
2026-07-31T23:13:45Z,87,0,0,19,0,0,1,1,1,1785533075
2026-07-31T23:13:45Z,88,23,1,19,1,0,1,1,1,1785539563
2026-07-31T23:13:45Z,89,16,0,19,0,0,1,1,1,1785539032
2026-07-31T23:13:45Z,90,11,0,6,1,0,1,1,1,1785539570
2026-07-31T23:13:45Z,91,3,1,14,0,0,1,1,1,1785538996
2026-07-31T23:13:45Z,92,4,2,12,3,0,1,1,1,1785539367
2026-07-31T23:13:45Z,93,7,0,15,1,0,1,1,1,1785539598
2026-07-31T23:13:45Z,94,7,0,11,1,0,1,1,1,1785538722
2026-07-31T23:13:45Z,95,7,0,26,1,1,1,1,1,1785539610
2026-07-31T23:13:45Z,96,26,4,4,1,0,1,1,1,1785539102
2026-07-31T23:13:45Z,97,2,1,14,1,0,1,1,1,1785539490
2026-07-31T23:13:45Z,98,24,4,10,1,0,1,1,1,1785538787
2026-07-31T23:13:45Z,99,15,1,0,0,0,1,1,1,1785538180
2026-07-31T23:13:45Z,100,17,3,10,0,0,1,1,1,1785539545
2026-07-31T23:13:45Z,101,9,1,5,1,0,1,1,1,1785539332
2026-07-31T23:13:45Z,102,20,0,2,1,0,1,1,1,1785539600
2026-07-31T23:13:45Z,103,26,1,1,3,0,1,1,1,1785539590
2026-07-31T23:13:45Z,104,11,0,14,2,0,1,1,1,1785539618
2026-07-31T23:13:45Z,105,17,0,2,0,0,1,1,1,1785535842
2026-07-31T23:13:45Z,106,18,0,2,1,0,1,1,1,1785538929
2026-07-31T23:13:45Z,107,17,0,19,1,0,1,1,1,1785539554
2026-07-31T23:13:45Z,108,27,1,5,3,0,1,1,1,1785539588
2026-07-31T23:13:45Z,109,23,0,0,0,0,1,1,1,1785539608
2026-07-31T23:13:45Z,110,17,0,6,0,0,1,1,1,1785539596
2026-07-31T23:13:45Z,111,2,1,34,0,0,1,1,1,1785539617
2026-07-31T23:13:45Z,112,8,0,6,1,0,1,1,1,1785539395
2026-07-31T23:13:45Z,113,5,0,13,1,0,1,1,1,1785539603
2026-07-31T23:13:45Z,114,7,2,21,2,1,1,1,1,1785539583
2026-07-31T23:13:45Z,115,19,11,4,5,0,1,1,1,1785539520
2026-07-31T23:13:45Z,116,9,7,18,0,0,1,1,1,1785539568
2026-07-31T23:13:45Z,118,19,2,1,3,0,1,1,1,1785539137
2026-07-31T23:13:45Z,119,0,0,36,2,0,1,1,1,1785538638
2026-07-31T23:13:45Z,120,3,1,23,1,0,1,1,1,1785539610
2026-07-31T23:13:45Z,121,1,1,16,1,1,1,1,1,1785539613
2026-07-31T23:13:45Z,122,16,1,3,2,0,1,1,1,1785539559
2026-07-31T23:13:45Z,123,2,1,45,0,0,1,1,1,1785538892
2026-07-31T23:13:45Z,124,9,2,26,0,0,1,1,1,1785539509
2026-07-31T23:13:45Z,125,3,0,20,0,0,1,1,1,1785539586
2026-07-31T23:13:45Z,126,14,2,17,0,0,1,1,1,1785539607
2026-07-31T23:13:45Z,127,12,1,21,2,0,1,1,1,1785539499
2026-07-31T23:13:45Z,128,13,4,6,0,0,1,1,1,1785539232
2026-07-31T23:13:45Z,129,6,1,11,2,0,1,1,1,1785539340
2026-07-31T23:13:45Z,130,13,0,4,0,0,1,1,1,1785539511
2026-07-31T23:13:45Z,131,7,1,3,1,0,1,1,1,1785538917
2026-07-31T23:13:45Z,132,12,4,2,0,1,1,1,1,1785538902
2026-07-31T23:13:45Z,134,10,0,8,5,0,1,1,1,1785539602
2026-07-31T23:13:45Z,135,6,4,10,3,0,1,1,1,1785539380
2026-07-31T23:13:45Z,136,0,0,0,20,3,1,1,1,1785539523
2026-07-31T23:13:45Z,137,3,2,16,0,0,1,1,1,1785539483
2026-07-31T23:13:45Z,138,23,1,14,0,0,1,1,1,1785539462
2026-07-31T23:13:45Z,139,11,4,8,0,0,1,1,1,1785539526
2026-07-31T23:13:45Z,140,4,1,17,2,0,1,1,1,1785539618
2026-07-31T23:13:45Z,141,9,4,27,0,0,1,1,1,1785539599
2026-07-31T23:13:45Z,142,9,0,14,0,0,1,1,1,1785539392
2026-07-31T23:13:45Z,143,12,0,18,1,0,1,1,1,1785539467
2026-07-31T23:13:45Z,144,23,4,3,1,0,1,1,1,1785538924
2026-07-31T23:13:45Z,146,7,0,15,1,0,1,1,1,1785539603
2026-07-31T23:13:45Z,147,2,0,14,3,0,1,1,1,1785539601
2026-07-31T23:13:45Z,148,1,1,22,4,0,1,1,1,1785539579
2026-07-31T23:13:45Z,149,0,0,27,0,0,1,1,1,1785537283
2026-07-31T23:13:45Z,150,8,3,25,2,0,1,1,1,1785539564
2026-07-31T23:13:45Z,151,3,0,20,0,0,1,1,1,1785539588
2026-07-31T23:13:45Z,152,7,2,16,3,0,1,1,1,1785539482
2026-07-31T23:13:45Z,153,9,0,17,2,0,1,1,1,1785539442
2026-07-31T23:13:45Z,154,15,4,5,3,0,1,1,1,1785539612
2026-07-31T23:13:45Z,155,7,3,6,1,0,1,1,1,1785539397
2026-07-31T23:13:45Z,156,2,0,17,0,0,1,1,1,1785539543
2026-07-31T23:13:45Z,157,18,0,7,2,0,1,1,1,1785539546
2026-07-31T23:13:45Z,158,14,0,1,1,0,1,1,1,1785538718
2026-07-31T23:13:45Z,159,3,3,16,0,0,1,1,1,1785539283
2026-07-31T23:13:45Z,160,5,1,14,0,0,1,1,1,1785539205
2026-07-31T23:13:45Z,161,16,2,6,0,0,1,1,1,1785539531
2026-07-31T23:13:45Z,162,12,11,13,2,0,1,1,1,1785539440
2026-07-31T23:13:45Z,163,4,0,25,1,1,1,1,1,1785539615
2026-07-31T23:13:45Z,164,13,1,14,0,0,1,1,1,1785539515
2026-07-31T23:13:45Z,165,28,3,2,1,0,1,1,1,1785539609
2026-07-31T23:13:45Z,166,20,10,15,4,0,1,1,1,1785539619
2026-07-31T23:13:45Z,167,5,0,17,1,0,1,1,1,1785539449
2026-07-31T23:13:45Z,168,24,0,2,1,0,1,1,1,1785539482
2026-07-31T23:13:45Z,169,9,1,12,1,1,1,1,1,1785539520
2026-07-31T23:13:45Z,170,6,0,12,1,0,1,1,1,1785539510
2026-07-31T23:13:45Z,171,3,2,8,2,0,1,1,1,1785539584
2026-07-31T23:13:45Z,173,25,1,14,0,0,1,1,1,1785539617
2026-07-31T23:13:45Z,174,6,0,20,0,0,1,1,1,1785539493
2026-07-31T23:13:45Z,175,30,2,0,1,0,1,1,1,1785538684
2026-07-31T23:13:45Z,176,13,3,0,1,1,1,1,1,1785539581
2026-07-31T23:13:45Z,177,5,0,22,0,0,1,1,1,1785539404
2026-07-31T23:13:45Z,178,10,1,2,2,1,1,1,1,1785539618
2026-07-31T23:13:45Z,179,8,0,5,2,0,1,1,1,1785539296
2026-07-31T23:13:45Z,180,1,0,29,0,0,1,1,1,1785538578
2026-07-31T23:13:45Z,181,3,0,12,0,0,1,1,1,1785539613
2026-07-31T23:13:45Z,182,0,0,16,1,0,1,1,1,1785538910
2026-07-31T23:13:45Z,183,1,1,21,1,0,1,1,1,1785539575
2026-07-31T23:13:45Z,184,6,5,15,2,0,1,1,1,1785539610
2026-07-31T23:13:45Z,185,6,5,5,3,1,1,1,1,1785539133
2026-07-31T23:13:45Z,186,9,0,10,0,0,1,1,1,1785539615
2026-07-31T23:13:45Z,187,0,0,27,1,0,1,1,1,1785539259
2026-07-31T23:13:45Z,188,10,3,9,8,0,1,1,1,1785539618
2026-07-31T23:13:45Z,189,9,5,6,0,0,1,1,1,1785538773
2026-07-31T23:13:45Z,190,3,0,19,1,0,1,1,1,1785539582
2026-07-31T23:13:45Z,191,0,0,39,0,0,1,1,1,1785539100
2026-07-31T23:13:45Z,192,3,1,27,1,0,1,1,1,1785539560
2026-07-31T23:13:45Z,193,7,4,5,3,0,1,1,1,1785539618
2026-07-31T23:13:45Z,194,4,3,23,0,0,1,1,1,1785539610
2026-07-31T23:13:45Z,195,5,1,14,0,0,1,1,1,1785539465
2026-07-31T23:13:45Z,196,7,6,19,1,0,1,1,1,1785539290
2026-07-31T23:13:45Z,197,3,0,15,0,1,1,1,1,1785539056
2026-07-31T23:13:45Z,198,18,6,4,1,0,1,1,1,1785539605
2026-07-31T23:13:45Z,199,13,7,0,2,0,1,1,1,1785539554
2026-07-31T23:13:45Z,200,1,0,24,1,0,1,1,1,1785539518
2026-07-31T23:13:45Z,201,6,5,17,0,0,1,1,1,1785539318
2026-07-31T23:13:45Z,202,27,2,0,0,0,1,1,1,1785538983
2026-07-31T23:13:45Z,203,24,0,6,1,0,1,1,1,1785539528
2026-07-31T23:13:45Z,204,7,1,27,1,0,1,1,1,1785539262
2026-07-31T23:13:45Z,205,8,2,18,1,0,1,1,1,1785539399
2026-07-31T23:13:45Z,206,9,8,4,2,0,1,1,1,1785539576
2026-07-31T23:13:45Z,207,20,1,1,0,0,1,1,1,1785539471
2026-07-31T23:13:45Z,208,5,1,24,0,0,1,1,1,1785539459
2026-07-31T23:13:45Z,209,20,0,10,1,0,1,1,1,1785539608
2026-07-31T23:13:45Z,210,8,7,18,1,0,1,1,1,1785539418
2026-07-31T23:13:45Z,211,18,0,4,1,0,1,1,1,1785538827
2026-07-31T23:13:45Z,212,25,6,8,2,0,1,1,1,1785539507
2026-07-31T23:13:45Z,213,13,5,8,2,0,1,1,1,1785539333
2026-07-31T23:13:45Z,214,16,6,30,1,0,1,1,1,1785539596
2026-07-31T23:13:45Z,215,1,0,21,1,0,1,1,1,1785539293
2026-07-31T23:13:45Z,216,5,4,12,2,0,1,1,1,1785539617
2026-07-31T23:13:45Z,217,28,3,0,1,0,1,1,1,1785539510
2026-07-31T23:13:45Z,218,34,19,4,1,0,1,1,1,1785539608
2026-07-31T23:13:45Z,219,19,0,6,1,0,1,1,1,1785539573
2026-07-31T23:13:45Z,220,23,13,18,1,1,1,1,1,1785539524
2026-07-31T23:13:45Z,221,14,8,0,1,0,1,1,1,1785538987
2026-07-31T23:13:45Z,222,15,5,4,0,0,1,1,1,1785539608
2026-07-31T23:13:45Z,223,0,0,32,3,0,1,1,1,1785539438
2026-07-31T23:13:45Z,224,7,6,14,1,0,1,1,1,1785539438
2026-07-31T23:13:45Z,225,5,1,11,3,0,1,1,1,1785539488
2026-07-31T23:13:45Z,226,26,8,2,3,0,1,1,1,1785539587
2026-07-31T23:13:45Z,227,5,4,21,1,0,1,1,1,1785539602
2026-07-31T23:13:45Z,228,2,2,16,1,0,1,1,1,1785539605
2026-07-31T23:13:45Z,230,2,0,24,0,0,1,1,1,1785539414
2026-07-31T23:13:45Z,232,7,1,9,1,0,1,1,1,1785539311
2026-07-31T23:13:45Z,233,22,10,8,1,0,1,1,1,1785538905
2026-07-31T23:13:45Z,234,9,8,4,4,2,1,1,1,1785539420
2026-07-31T23:13:45Z,236,9,4,9,1,0,1,1,1,1785539506
2026-07-31T23:13:45Z,237,1,0,21,1,0,1,1,1,1785538523
2026-07-31T23:13:45Z,239,20,12,6,1,0,1,1,1,1785539492
2026-07-31T23:13:45Z,241,0,0,22,1,0,1,1,1,1785539346
2026-07-31T23:13:45Z,242,6,2,16,1,0,1,1,1,1785538382
2026-07-31T23:13:45Z,243,20,14,10,1,0,1,1,1,1785539599
2026-07-31T23:13:45Z,244,14,1,12,1,0,1,1,1,1785539359
2026-07-31T23:13:45Z,245,3,2,20,0,0,1,1,1,1785539601
2026-07-31T23:13:45Z,246,2,2,21,0,0,1,1,1,1785538912
2026-07-31T23:13:45Z,247,3,3,18,2,0,1,1,1,1785539378
2026-07-31T23:13:45Z,248,10,4,11,2,0,1,1,1,1785539438
2026-07-31T23:13:45Z,249,11,10,7,1,0,1,1,1,1785539587
2026-07-31T23:13:45Z,250,7,2,18,2,0,1,1,1,1785539328
2026-07-31T23:13:45Z,251,16,12,7,4,0,1,1,1,1785539609
2026-07-31T23:13:45Z,253,8,5,11,0,0,1,1,1,1785539585
2026-07-31T23:13:45Z,254,5,2,37,1,0,1,1,1,1785539265
2026-07-31T23:13:45Z,255,9,2,13,0,1,1,1,1,1785539535
2026-07-31T23:13:45Z,256,7,4,15,1,0,1,1,1,1785539613
2026-07-31T23:13:45Z,257,5,1,14,0,0,1,1,1,1785539321
2026-07-31T23:13:45Z,258,10,9,7,2,0,1,1,1,1785539563
2026-07-31T23:13:45Z,259,11,1,11,0,1,1,1,1,1785539006
2026-07-31T23:13:45Z,260,12,8,6,1,0,1,1,1,1785539378
2026-07-31T23:13:45Z,261,1,0,16,1,1,1,1,1,1785539587
2026-07-31T23:13:45Z,262,4,0,18,1,0,1,1,1,1785539551
2026-07-31T23:13:45Z,263,11,10,3,1,0,1,1,1,1785538778
2026-07-31T23:13:45Z,264,3,1,16,0,0,1,1,1,1785539384
2026-07-31T23:13:45Z,265,6,0,9,0,0,1,1,1,1785539603
2026-07-31T23:13:45Z,266,11,11,6,2,0,1,1,1,1785539521
2026-07-31T23:13:45Z,267,8,3,5,2,0,1,1,1,1785537006
2026-07-31T23:13:45Z,268,21,8,1,1,0,1,1,1,1785539334
2026-07-31T23:13:45Z,269,2,2,20,1,0,1,1,1,1785539611
2026-07-31T23:13:45Z,270,12,2,13,2,0,1,1,1,1785539561
2026-07-31T23:13:45Z,271,1,0,16,2,0,1,1,1,1785539363
2026-07-31T23:13:45Z,272,3,3,20,0,0,1,1,1,1785539541
2026-07-31T23:13:45Z,273,3,1,12,0,0,1,1,1,1785539362
2026-07-31T23:13:45Z,274,3,1,15,1,0,1,1,1,1785539541
2026-07-31T23:13:45Z,275,2,0,17,4,0,1,1,1,1785539455
2026-07-31T23:13:45Z,276,5,4,22,0,0,1,1,1,1785539455
2026-07-31T23:13:45Z,277,3,0,15,5,0,1,1,1,1785539618
2026-07-31T23:13:45Z,278,1,0,28,2,0,1,1,1,1785539568
2026-07-31T23:13:45Z,279,2,0,17,0,0,1,1,1,1785539486
2026-07-31T23:13:45Z,280,1,1,28,2,0,1,1,1,1785539584
2026-07-31T23:13:45Z,281,8,0,11,0,0,1,1,1,1785539369
2026-07-31T23:13:45Z,282,10,2,8,0,0,1,1,1,1785538802
2026-07-31T23:13:45Z,283,18,3,17,0,0,1,1,1,1785539542
2026-07-31T23:13:45Z,284,27,2,6,2,0,1,1,1,1785539589
2026-07-31T23:13:45Z,285,3,1,20,0,0,1,1,1,1785538774
2026-07-31T23:13:45Z,286,10,5,13,0,0,1,1,1,1785539424
2026-07-31T23:13:45Z,287,10,1,10,3,0,1,1,1,1785539224
2026-07-31T23:13:45Z,288,5,1,12,2,0,1,1,1,1785538324
2026-07-31T23:13:45Z,289,9,9,15,3,0,1,1,1,1785538933
2026-07-31T23:13:45Z,290,15,0,22,2,0,1,1,1,1785539614
2026-07-31T23:13:45Z,291,4,0,18,1,0,1,1,1,1785539552
2026-07-31T23:13:45Z,292,2,2,21,0,0,1,1,1,1785539491
2026-07-31T23:13:45Z,293,1,1,21,1,0,1,1,1,1785539562
2026-07-31T23:13:45Z,294,11,6,8,3,0,1,1,1,1785539295
2026-07-31T23:13:45Z,297,3,0,13,2,1,1,1,1,1785539610
2026-07-31T23:13:45Z,301,16,1,2,1,0,1,1,1,1785539585
2026-07-31T23:13:45Z,302,20,3,3,0,0,1,1,1,1785539518
2026-07-31T23:13:45Z,303,0,0,19,0,0,1,1,1,1785539604
2026-07-31T23:13:45Z,304,0,0,0,0,0,0,1,1,86400
2026-07-31T23:13:45Z,305,2,0,16,1,0,1,1,1,1785539611
2026-07-31T23:13:45Z,306,10,0,21,1,0,1,1,1,1785538493
2026-07-31T23:13:45Z,307,9,2,14,0,0,1,1,1,1785539374
2026-07-31T23:13:45Z,308,16,2,1,2,0,1,1,1,1785539554
2026-07-31T23:13:45Z,309,9,1,5,0,0,1,1,1,1785539069
2026-07-31T23:13:45Z,311,11,1,4,0,0,1,1,1,1785539477
2026-07-31T23:13:45Z,312,6,6,14,3,0,1,1,1,1785539614
2026-07-31T23:13:45Z,313,1,0,14,0,0,1,1,1,1785538550
2026-07-31T23:13:45Z,314,6,1,11,2,0,1,1,1,1785538180
2026-07-31T23:13:45Z,315,11,11,17,3,0,1,1,1,1785539520
2026-07-31T23:13:45Z,316,5,1,20,5,1,1,1,1,1785539575
2026-07-31T23:13:45Z,317,17,9,13,0,1,1,1,1,1785539549
2026-07-31T23:13:45Z,318,19,4,0,0,0,1,1,1,1785538466
2026-07-31T23:13:45Z,319,4,0,16,3,0,1,1,1,1785539558
2026-07-31T23:13:45Z,320,5,0,13,1,0,1,1,1,1785539609
2026-07-31T23:13:45Z,321,2,0,13,4,0,1,1,1,1785539597
2026-07-31T23:13:45Z,322,22,0,7,0,0,1,1,1,1785539181
2026-07-31T23:13:45Z,323,7,0,10,2,0,1,1,1,1785539413
2026-07-31T23:13:45Z,324,20,0,6,1,0,1,1,1,1785539614
2026-07-31T23:13:45Z,325,2,1,23,2,0,1,1,1,1785539594
2026-07-31T23:13:45Z,327,25,2,0,2,0,1,1,1,1785538861
2026-07-31T23:13:45Z,328,16,0,5,1,0,1,1,1,1785539510
2026-07-31T23:13:45Z,329,4,1,12,3,0,1,1,1,1785537557
2026-07-31T23:13:45Z,330,21,0,1,0,0,1,1,1,1785539366
2026-07-31T23:13:45Z,331,13,1,8,2,0,1,1,1,1785539594
2026-07-31T23:13:45Z,332,4,1,12,3,0,1,1,1,1785538945
2026-07-31T23:13:45Z,333,4,2,17,2,0,1,1,1,1785539601
2026-07-31T23:13:45Z,334,0,0,22,1,0,1,1,1,1785539286
2026-07-31T23:13:45Z,335,4,1,18,0,1,1,1,1,1785539145
2026-07-31T23:13:45Z,336,2,1,17,0,0,1,1,1,1785539283
2026-07-31T23:13:45Z,337,3,3,16,4,0,1,1,1,1785539523
2026-07-31T23:13:45Z,338,2,1,17,0,0,1,1,1,1785539542
2026-07-31T23:13:45Z,339,6,2,15,2,0,1,1,1,1785539616
2026-07-31T23:13:45Z,340,2,2,12,1,0,1,1,1,1785538714
2026-07-31T23:13:45Z,341,3,3,16,0,0,1,1,1,1785539509
2026-07-31T23:13:45Z,342,3,0,12,0,0,1,1,1,1785539380
2026-07-31T23:13:45Z,343,3,3,19,1,0,1,1,1,1785539522
2026-07-31T23:13:45Z,344,4,1,18,1,0,1,1,1,1785539106
2026-07-31T23:13:45Z,345,18,4,1,0,0,1,1,1,1785539043
2026-07-31T23:13:45Z,346,2,1,21,0,0,1,1,1,1785538831
2026-07-31T23:13:45Z,347,14,3,27,3,0,1,1,1,1785539617
2026-07-31T23:13:45Z,348,10,1,12,0,1,1,1,1,1785539481
2026-07-31T23:13:45Z,349,9,2,10,0,0,1,1,1,1785539405
2026-07-31T23:13:45Z,350,3,1,22,1,1,1,1,1,1785539279
2026-07-31T23:13:45Z,351,11,3,10,2,0,1,1,1,1785539583
2026-07-31T23:13:45Z,355,9,1,14,0,0,1,1,1,1785539246
2026-07-31T23:13:45Z,356,1,1,18,0,0,1,1,1,1785539413
2026-07-31T23:13:45Z,357,1,1,18,0,0,1,1,1,1785539594
2026-07-31T23:13:45Z,358,24,2,2,1,0,1,1,1,1785538908
2026-07-31T23:13:45Z,359,13,0,14,0,0,1,1,1,1785539356
2026-07-31T23:13:45Z,360,3,1,16,0,0,1,1,1,1785539351
2026-07-31T23:13:45Z,362,2,1,14,3,0,1,1,1,1785539355
2026-07-31T23:13:45Z,363,20,2,7,0,0,1,1,1,1785539584
2026-07-31T23:13:45Z,364,0,0,19,0,0,1,1,1,1785539372
2026-07-31T23:13:45Z,365,1,0,19,3,0,1,1,1,1785539540
2026-07-31T23:13:45Z,366,6,3,16,1,0,1,1,1,1785539563
2026-07-31T23:13:45Z,367,4,3,13,2,0,1,1,1,1785539151
2026-07-31T23:13:45Z,368,2,1,20,1,0,1,1,1,1785538988
2026-07-31T23:13:45Z,370,7,2,20,0,0,1,1,1,1785539394
2026-07-31T23:13:45Z,371,2,2,15,2,0,1,1,1,1785539503
2026-07-31T23:13:45Z,372,12,0,3,0,0,1,1,1,1785538861
2026-07-31T23:13:45Z,373,1,0,25,1,0,1,1,1,1785539517
2026-07-31T23:13:45Z,374,7,4,11,1,0,1,1,1,1785539202
2026-07-31T23:13:45Z,375,2,0,24,1,0,1,1,1,1785538925
2026-07-31T23:13:45Z,376,2,0,36,1,0,1,1,1,1785539615
2026-07-31T23:13:45Z,377,2,2,23,2,0,1,1,1,1785539241
2026-07-31T23:13:45Z,378,2,0,21,0,1,1,1,1,1785539404
2026-07-31T23:13:45Z,379,23,1,1,3,0,1,1,1,1785539476
2026-07-31T23:13:45Z,380,4,1,19,0,0,1,1,1,1785539589
2026-07-31T23:13:45Z,381,8,0,15,0,0,1,1,1,1785539382
2026-07-31T23:13:45Z,383,4,0,8,3,0,1,1,1,1785539414
2026-07-31T23:13:45Z,384,1,0,23,3,0,1,1,1,1785538397
2026-07-31T23:13:45Z,385,0,0,17,1,0,1,1,1,1785538725
2026-07-31T23:13:45Z,387,2,0,21,0,0,1,1,1,1785538328
2026-07-31T23:13:45Z,388,35,0,9,5,0,1,1,1,1785539584
2026-07-31T23:13:45Z,389,7,3,7,1,0,1,1,1,1785539483
2026-07-31T23:13:45Z,390,16,3,19,0,0,1,1,1,1785539079
2026-07-31T23:13:45Z,391,5,3,10,0,0,1,1,1,1785539218
2026-07-31T23:13:45Z,392,2,1,15,2,0,1,1,1,1785539386
2026-07-31T23:13:45Z,393,1,1,7,3,0,1,1,1,1785537873
2026-07-31T23:13:45Z,394,7,1,4,2,0,1,1,1,1785538319
2026-07-31T23:13:45Z,396,3,1,39,0,0,1,1,1,1785539363
2026-07-31T23:13:45Z,397,7,7,24,0,0,1,1,1,1785538169
2026-07-31T23:13:45Z,399,3,1,12,2,0,1,1,1,1785539490
2026-07-31T23:13:45Z,400,16,9,5,2,0,1,1,1,1785538879
2026-07-31T23:13:45Z,401,3,0,28,8,0,1,1,1,1785538980
2026-07-31T23:13:45Z,403,19,8,8,4,0,1,1,1,1785539579
2026-07-31T23:13:45Z,404,4,2,18,1,0,1,1,1,1785539399
2026-07-31T23:13:45Z,406,13,2,20,2,0,1,1,1,1785539594
2026-07-31T23:13:45Z,407,15,1,18,1,0,1,1,1,1785539610
2026-07-31T23:13:45Z,408,2,2,28,3,0,1,1,1,1785539058
2026-07-31T23:13:45Z,409,10,0,9,4,0,1,1,1,1785539584
2026-07-31T23:13:45Z,413,11,4,11,1,0,1,1,1,1785538953
2026-07-31T23:13:45Z,414,11,0,4,0,0,1,1,1,1785539569
2026-07-31T23:13:45Z,417,3,2,16,0,0,1,1,1,1785539306
2026-07-31T23:13:45Z,418,2,2,13,0,0,1,1,1,1785537921
2026-07-31T23:13:45Z,419,13,1,10,0,0,1,1,1,1785539553
2026-07-31T23:13:45Z,421,14,0,5,0,0,1,1,1,1785539431
2026-07-31T23:13:45Z,422,10,0,17,0,0,1,1,1,1785539528
2026-07-31T23:13:45Z,423,2,0,21,0,0,1,1,1,1785538595
2026-07-31T23:13:45Z,424,5,2,7,3,0,1,1,1,1785539082
2026-07-31T23:13:45Z,425,16,0,5,0,1,1,1,1,1785539530
2026-07-31T23:13:45Z,426,0,0,35,2,0,1,1,1,1785537025
2026-07-31T23:13:45Z,427,9,1,4,2,0,1,1,1,1785539513
2026-07-31T23:13:45Z,428,14,0,5,0,0,1,1,1,1785539515
2026-07-31T23:13:45Z,429,2,1,20,1,0,1,1,1,1785539554
2026-07-31T23:13:45Z,430,6,0,24,1,0,1,1,1,1785539372
2026-07-31T23:13:45Z,431,4,1,28,1,0,1,1,1,1785539369
2026-07-31T23:13:45Z,432,0,0,30,1,0,0,1,1,1785508564
2026-07-31T23:13:45Z,433,7,1,12,4,0,1,1,1,1785539152
2026-07-31T23:13:45Z,437,3,2,12,4,0,1,1,1,1785539539
2026-07-31T23:13:45Z,438,3,1,15,1,0,1,1,1,1785539327
2026-07-31T23:13:45Z,439,11,4,4,0,0,1,1,1,1785538736
2026-07-31T23:13:45Z,440,12,2,2,1,0,1,1,1,1785538718
2026-07-31T23:13:45Z,441,5,1,8,2,0,1,1,1,1785539557
2026-07-31T23:13:45Z,442,11,1,5,3,0,1,1,1,1785539378
2026-07-31T23:13:45Z,443,6,2,21,0,0,1,1,1,1785537918
2026-07-31T23:13:45Z,444,1,1,22,0,0,1,1,1,1785535180
2026-07-31T23:13:45Z,445,6,2,16,1,0,1,1,1,1785539560
2026-07-31T23:13:45Z,446,0,0,23,0,0,1,1,1,1785539316
2026-07-31T23:13:45Z,447,4,0,17,1,1,1,1,1,1785538957
2026-07-31T23:13:45Z,448,7,0,7,1,0,1,1,1,1785539001
2026-07-31T23:13:45Z,452,4,4,14,1,0,1,1,1,1785539608
2026-07-31T23:13:45Z,453,4,1,6,5,0,1,1,1,1785539556
2026-07-31T23:13:45Z,454,8,0,11,0,0,1,1,1,1785539545
2026-07-31T23:13:45Z,455,22,0,16,1,0,1,1,1,1785539396
2026-07-31T23:13:45Z,456,12,0,7,1,0,1,1,1,1785539528
2026-07-31T23:13:45Z,457,0,0,25,2,0,1,1,1,1785538984
2026-07-31T23:13:45Z,458,9,4,12,2,0,1,1,1,1785539501
2026-07-31T23:13:45Z,459,12,0,3,0,0,1,1,1,1785539614
2026-07-31T23:13:45Z,460,13,0,10,0,0,1,1,1,1785539219
2026-07-31T23:13:45Z,461,9,0,10,0,0,1,1,1,1785539151
2026-07-31T23:13:45Z,462,21,1,0,0,0,1,1,1,1785539488
2026-07-31T23:13:45Z,463,7,0,12,0,0,1,1,1,1785537831
2026-07-31T23:13:45Z,464,5,0,9,0,0,1,1,1,1785539609
2026-07-31T23:13:45Z,465,4,2,11,0,0,1,1,1,1785539357
2026-07-31T23:13:45Z,466,7,3,3,5,0,1,1,1,1785539235
2026-07-31T23:13:45Z,467,1,0,18,0,0,1,1,1,1785538900
2026-07-31T23:13:45Z,468,2,0,16,1,0,1,1,1,1785539435
2026-07-31T23:13:45Z,469,4,1,17,2,0,1,1,1,1785539241
2026-07-31T23:13:45Z,470,1,0,12,2,0,1,1,1,1785539610
2026-07-31T23:13:45Z,471,22,1,5,0,0,1,1,1,1785539417
2026-07-31T23:13:45Z,472,2,2,15,2,0,1,1,1,1785539357
2026-07-31T23:13:45Z,473,8,0,11,0,0,1,1,1,1785539597
2026-07-31T23:13:45Z,474,5,0,12,2,0,1,1,1,1785539212
2026-07-31T23:13:45Z,475,2,0,16,1,0,1,1,1,1785539250
2026-07-31T23:13:45Z,477,5,2,10,0,0,1,1,1,1785539546
2026-07-31T23:13:45Z,478,31,0,0,0,0,1,1,1,1785539237
2026-07-31T23:13:45Z,479,4,0,21,2,0,1,1,1,1785539285
2026-07-31T23:13:45Z,480,5,1,9,1,0,1,1,1,1785538872
2026-07-31T23:13:45Z,481,13,1,21,1,0,1,1,1,1785539613
2026-07-31T23:13:45Z,482,2,1,17,0,0,1,1,1,1785536193
2026-07-31T23:13:45Z,483,5,0,20,2,0,1,1,1,1785539318
2026-07-31T23:13:45Z,484,0,0,18,1,0,1,1,1,1785539466
2026-07-31T23:13:45Z,485,15,5,3,0,1,1,1,1,1785539566
2026-07-31T23:13:45Z,486,3,0,22,2,0,1,1,1,1785539612
2026-07-31T23:13:45Z,487,8,6,9,2,0,1,1,1,1785539552
2026-07-31T23:13:45Z,489,0,0,15,0,0,1,1,1,1785539469
2026-07-31T23:13:45Z,490,10,1,6,0,0,1,1,1,1785539157
2026-07-31T23:13:45Z,491,8,2,12,1,0,1,1,1,1785538671
2026-07-31T23:13:45Z,492,1,1,7,3,0,1,1,1,1785539615
2026-07-31T23:13:45Z,493,19,0,8,0,0,1,1,1,1785539181
2026-07-31T23:13:45Z,495,10,0,4,1,0,1,1,1,1785536672
2026-07-31T23:13:45Z,496,8,0,19,0,0,1,1,1,1785539551
2026-07-31T23:13:45Z,497,3,2,15,0,0,1,1,1,1785538409
2026-07-31T23:13:45Z,498,0,0,22,1,0,1,1,1,1785539084
2026-07-31T23:13:45Z,499,6,1,11,2,0,1,1,1,1785539352
2026-07-31T23:13:45Z,500,1,0,11,3,0,1,1,1,1785539540
2026-07-31T23:13:45Z,501,5,0,15,1,0,1,1,1,1785539540
2026-07-31T23:13:45Z,502,2,0,15,2,0,1,1,1,1785538723
2026-07-31T23:13:45Z,503,7,1,23,1,0,1,1,1,1785539448
2026-07-31T23:13:45Z,504,0,0,37,2,0,1,1,1,1785539289
2026-07-31T23:13:45Z,505,6,0,5,1,0,1,1,1,1785539505
2026-07-31T23:13:45Z,511,1,1,21,1,0,1,1,1,1785539414
2026-07-31T23:13:45Z,512,16,1,11,0,0,1,1,1,1785539558
2026-07-31T23:13:45Z,514,3,2,7,1,0,1,1,1,1785539548
2026-07-31T23:13:45Z,515,8,3,11,0,0,1,1,1,1785538616
2026-07-31T23:13:45Z,516,17,0,10,0,0,1,1,1,1785539513
2026-07-31T23:13:45Z,517,11,3,12,0,0,1,1,1,1785538155
2026-07-31T23:13:45Z,518,6,0,8,1,0,1,1,1,1785539094
2026-07-31T23:13:45Z,519,5,4,13,1,0,1,1,1,1785538253
2026-07-31T23:13:45Z,520,20,6,0,7,0,1,1,1,1785539617
2026-07-31T23:13:45Z,521,8,3,15,0,0,1,1,1,1785539455
2026-07-31T23:13:45Z,522,15,2,6,2,0,1,1,1,1785539618
2026-07-31T23:13:45Z,523,14,7,8,1,0,1,1,1,1785538772
2026-07-31T23:13:45Z,524,21,2,2,0,0,1,1,1,1785539500
2026-07-31T23:13:45Z,525,12,1,7,0,0,1,1,1,1785539369
2026-07-31T23:13:45Z,526,6,3,8,1,0,1,1,1,1785538120
2026-07-31T23:13:45Z,527,13,12,12,1,0,1,1,1,1785539617
2026-07-31T23:13:45Z,528,16,2,6,1,0,1,1,1,1785539566
2026-07-31T23:13:45Z,529,8,5,5,6,0,1,1,1,1785539618
2026-07-31T23:13:45Z,530,12,0,6,3,0,1,1,1,1785539475
2026-07-31T23:13:45Z,531,21,1,1,0,1,1,1,1,1785539575
2026-07-31T23:13:45Z,532,1,1,28,2,0,1,1,1,1785537999
2026-07-31T23:13:45Z,533,12,0,6,1,0,1,1,1,1785539437
2026-07-31T23:13:45Z,534,5,2,18,0,0,1,1,1,1785539591
2026-07-31T23:13:45Z,535,1,0,14,0,0,1,1,1,1785539194
2026-07-31T23:13:45Z,536,12,0,11,0,0,1,1,1,1785539382
2026-07-31T23:13:45Z,537,0,0,20,0,0,1,1,1,1785538365
2026-07-31T23:13:45Z,538,10,1,12,0,1,1,1,1,1785539580
2026-07-31T23:13:45Z,539,1,1,30,0,0,1,1,1,1785539616
2026-07-31T23:13:45Z,540,2,1,17,0,0,1,1,1,1785538920
2026-07-31T23:13:45Z,541,0,0,27,0,0,1,1,1,1785539464
2026-07-31T23:13:45Z,542,0,0,23,0,0,1,1,1,1785539390
2026-07-31T23:13:45Z,543,5,1,14,0,0,1,1,1,1785539573
2026-07-31T23:13:45Z,544,4,1,14,4,0,1,1,1,1785539481
2026-07-31T23:13:45Z,545,14,1,1,4,0,1,1,1,1785539441
2026-07-31T23:13:45Z,546,2,1,17,0,0,1,1,1,1785539134
2026-07-31T23:13:45Z,547,10,2,14,1,0,1,1,1,1785539514
2026-07-31T23:13:45Z,548,13,2,10,0,0,1,1,1,1785539536
2026-07-31T23:13:45Z,549,14,1,9,0,0,1,1,1,1785539526
2026-07-31T23:13:45Z,550,11,7,8,0,0,1,1,1,1785539557
2026-07-31T23:13:45Z,551,3,2,20,0,0,1,1,1,1785539178
2026-07-31T23:13:45Z,552,3,0,24,0,0,1,1,1,1785539553
2026-07-31T23:13:45Z,553,1,1,22,0,0,1,1,1,1785539434
2026-07-31T23:13:45Z,554,0,0,19,0,0,1,1,1,1785539385
2026-07-31T23:13:45Z,555,11,0,3,1,0,1,1,1,1785539595
2026-07-31T23:13:45Z,556,7,1,14,2,0,1,1,1,1785539465
2026-07-31T23:13:45Z,557,1,0,20,2,0,1,1,1,1785538081
2026-07-31T23:13:45Z,558,21,13,14,2,0,1,1,1,1785539563
2026-07-31T23:13:45Z,559,3,0,15,1,0,1,1,1,1785539140
2026-07-31T23:13:45Z,560,18,0,9,0,0,1,1,1,1785539614
2026-07-31T23:13:45Z,561,9,0,10,4,0,1,1,1,1785539598
2026-07-31T23:13:45Z,562,3,0,25,7,0,1,1,1,1785539451
2026-07-31T23:13:45Z,563,1,0,12,1,0,1,1,1,1785538517
2026-07-31T23:13:45Z,564,5,2,12,2,0,1,1,1,1785539521
2026-07-31T23:13:45Z,565,0,0,18,1,0,1,1,1,1785538869
2026-07-31T23:13:45Z,566,17,0,1,1,0,1,1,1,1785539596
2026-07-31T23:13:45Z,567,17,0,7,3,0,1,1,1,1785539510
2026-07-31T23:13:45Z,568,10,0,9,0,0,1,1,1,1785539522
2026-07-31T23:13:45Z,569,11,2,8,0,0,1,1,1,1785538858
2026-07-31T23:13:45Z,570,4,0,14,1,0,1,1,1,1785539612
2026-07-31T23:13:45Z,571,8,0,15,0,0,1,1,1,1785539165
2026-07-31T23:13:45Z,572,3,0,15,1,0,1,1,1,1785539458
2026-07-31T23:13:45Z,573,13,3,2,0,0,1,1,1,1785539591
2026-07-31T23:13:45Z,574,4,3,11,0,0,1,1,1,1785539037
2026-07-31T23:13:45Z,575,2,0,18,1,0,1,1,1,1785539419
2026-07-31T23:13:45Z,576,0,0,19,0,0,1,1,1,1785537344
2026-07-31T23:13:45Z,577,28,0,3,0,0,1,1,1,1785539437
2026-07-31T23:13:45Z,578,0,0,22,1,0,1,1,1,1785538776
2026-07-31T23:13:45Z,579,15,0,28,0,0,1,1,1,1785539366
2026-07-31T23:13:45Z,580,2,0,27,0,0,1,1,1,1785539121
2026-07-31T23:13:45Z,581,16,0,3,0,0,1,1,1,1785539416
2026-07-31T23:13:45Z,582,23,0,35,3,0,1,1,1,1785539520
2026-07-31T23:13:45Z,583,3,1,19,1,0,1,1,1,1785539487
2026-07-31T23:13:45Z,584,2,0,13,4,0,1,1,1,1785539475
2026-07-31T23:13:45Z,585,3,0,23,0,1,1,1,1,1785538210
2026-07-31T23:13:45Z,586,15,2,20,0,0,1,1,1,1785539460
2026-07-31T23:13:45Z,587,11,1,12,1,0,1,1,1,1785539393
2026-07-31T23:13:45Z,588,8,3,8,2,1,1,1,1,1785539609
2026-07-31T23:13:45Z,589,8,5,13,1,0,1,1,1,1785539466
2026-07-31T23:13:45Z,590,14,2,17,0,0,1,1,1,1785538393
2026-07-31T23:13:45Z,591,0,0,28,2,0,1,1,1,1785539610
2026-07-31T23:13:45Z,592,2,0,21,0,0,1,1,1,1785539361
2026-07-31T23:13:45Z,593,14,0,24,0,0,1,1,1,1785539031
2026-07-31T23:13:45Z,594,7,1,12,2,0,1,1,1,1785538637
2026-07-31T23:13:45Z,595,0,0,3,0,0,0,1,1,1784046673
2026-07-31T23:13:45Z,605,0,0,2,1,0,0,1,1,1783975843
2026-07-31T23:13:45Z,606,0,0,0,0,0,0,1,1,86400
2026-07-31T23:13:45Z,607,3,3,25,4,0,1,1,1,1785539590
2026-07-31T23:13:45Z,608,37,2,13,0,0,1,1,1,1785539450
2026-07-31T23:13:45Z,609,5,3,18,0,0,1,1,1,1785539274
2026-07-31T23:13:45Z,610,0,0,35,0,0,1,1,1,1785539115
2026-07-31T23:13:45Z,611,12,2,14,1,0,1,1,1,1785539565
2026-07-31T23:13:45Z,612,9,1,6,0,0,1,1,1,1785538391
2026-07-31T23:13:45Z,613,12,4,0,3,0,1,1,1,1785530289
2026-07-31T23:13:45Z,614,0,0,24,2,1,1,1,1,1785539253
2026-07-31T23:13:45Z,617,11,0,3,1,0,1,1,1,1785538212
2026-07-31T23:13:45Z,618,12,1,1,6,0,1,1,1,1785538877
2026-07-31T23:13:45Z,619,11,5,8,0,0,1,1,1,1785539552
2026-07-31T23:13:45Z,620,12,1,15,0,0,1,1,1,1785539612
2026-07-31T23:13:45Z,621,0,0,23,0,0,1,1,1,1785539601
2026-07-31T23:13:45Z,622,5,1,17,1,0,1,1,1,1785539394
2026-07-31T23:13:45Z,623,16,6,14,0,0,1,1,1,1785538388
2026-07-31T23:13:45Z,624,1,0,14,0,0,1,1,1,1785539062
2026-07-31T23:13:45Z,625,17,3,0,4,0,1,1,1,1785539280
2026-07-31T23:13:45Z,626,42,1,3,0,2,1,1,1,1785539364
2026-07-31T23:13:45Z,627,17,5,2,0,0,1,1,1,1785539435
2026-07-31T23:13:45Z,628,4,2,13,1,1,1,1,1,1785538720
2026-07-31T23:13:45Z,629,3,1,6,2,0,1,1,1,1785539481
2026-07-31T23:13:45Z,630,2,1,21,4,0,1,1,1,1785539591
2026-07-31T23:13:45Z,631,6,4,17,0,0,1,1,1,1785539508
2026-07-31T23:13:45Z,632,14,1,7,2,0,1,1,1,1785538981
2026-07-31T23:13:45Z,633,11,3,1,3,0,1,1,1,1785530006
2026-07-31T23:13:45Z,634,8,1,11,0,0,1,1,1,1785539398
2026-07-31T23:13:45Z,635,17,2,2,0,0,1,1,1,1785538729
2026-07-31T23:13:45Z,636,7,2,8,0,0,1,1,1,1785526430
2026-07-31T23:13:45Z,637,6,2,11,2,0,1,1,1,1785535251
2026-07-31T23:13:45Z,638,7,1,10,2,0,1,1,1,1785538757
2026-07-31T23:13:45Z,639,12,2,5,2,0,1,1,1,1785539600
2026-07-31T23:13:45Z,640,6,5,15,2,0,1,1,1,1785539532
2026-07-31T23:13:45Z,641,20,0,7,0,0,1,1,1,1785539595
2026-07-31T23:13:45Z,642,4,2,7,8,0,1,1,1,1785539618
2026-07-31T23:13:45Z,643,0,0,19,8,0,1,1,1,1785539618
2026-07-31T23:13:45Z,644,13,1,1,1,0,1,1,1,1785533615
2026-07-31T23:13:45Z,645,18,1,2,3,0,1,1,1,1785539047
2026-07-31T23:13:45Z,646,3,1,16,0,0,1,1,1,1785539353
2026-07-31T23:13:45Z,647,3,2,28,0,0,1,1,1,1785539413
2026-07-31T23:13:45Z,648,0,0,18,1,0,1,1,1,1785538772
2026-07-31T23:13:45Z,649,21,1,9,1,0,1,1,1,1785539147
2026-07-31T23:13:45Z,650,6,1,8,0,0,1,1,1,1785539174
2026-07-31T23:13:45Z,651,5,4,17,1,0,1,1,1,1785539037
2026-07-31T23:13:45Z,652,4,2,16,3,0,1,1,1,1785539414
2026-07-31T23:13:45Z,653,1,0,17,1,0,1,1,1,1785538494
2026-07-31T23:13:45Z,654,7,1,8,0,0,1,1,1,1785539030
2026-07-31T23:13:45Z,655,8,4,0,4,1,1,1,1,1785539555
2026-07-31T23:13:45Z,656,4,3,15,0,0,1,1,1,1785539597
2026-07-31T23:13:45Z,657,8,4,5,2,2,1,1,1,1785539600
2026-07-31T23:13:45Z,658,9,1,1,0,0,1,1,1,1785537787
2026-07-31T23:13:45Z,659,8,6,5,2,0,1,1,1,1785539517
2026-07-31T23:13:45Z,660,10,2,15,6,0,1,1,1,1785539618
2026-07-31T23:13:45Z,661,9,1,10,0,0,1,1,1,1785539049
2026-07-31T23:13:45Z,662,5,2,14,4,0,1,1,1,1785537702
2026-07-31T23:13:45Z,663,2,0,13,0,0,1,1,1,1785538830
2026-07-31T23:13:45Z,664,9,0,16,2,0,1,1,1,1785538389
2026-07-31T23:13:45Z,665,9,5,5,1,0,1,1,1,1785539204
2026-07-31T23:13:45Z,666,9,3,3,3,0,1,1,1,1785539286
2026-07-31T23:13:45Z,667,18,2,0,1,0,1,1,1,1785539579
2026-07-31T23:13:45Z,668,13,1,6,0,0,1,1,1,1785539317
2026-07-31T23:13:45Z,669,6,3,6,2,0,1,1,1,1785537399
2026-07-31T23:13:45Z,670,20,1,7,0,0,1,1,1,1785539576
2026-07-31T23:13:45Z,671,22,0,5,0,0,1,1,1,1785539160
2026-07-31T23:13:45Z,672,3,0,17,2,1,1,1,1,1785539272
2026-07-31T23:13:45Z,673,14,1,9,0,0,1,1,1,1785539372
2026-07-31T23:13:45Z,674,1,1,20,2,0,1,1,1,1785539440
2026-07-31T23:13:45Z,675,1,1,12,2,0,1,1,1,1785539518
2026-07-31T23:13:45Z,676,6,0,14,2,0,1,1,1,1785538653
2026-07-31T23:13:45Z,681,12,7,2,0,1,1,1,1,1785539497
2026-07-31T23:13:45Z,682,6,1,13,0,0,1,1,1,1785538950
2026-07-31T23:13:45Z,683,1,1,18,0,0,1,1,1,1785527602
2026-07-31T23:13:45Z,684,4,1,23,0,0,1,1,1,1785535557
2026-07-31T23:13:45Z,685,7,0,18,1,1,1,1,1,1785538186
2026-07-31T23:13:45Z,686,11,0,13,3,0,1,1,1,1785539331
2026-07-31T23:13:45Z,687,13,1,16,1,1,1,1,1,1785539358
2026-07-31T23:13:45Z,688,9,1,10,0,0,1,1,1,1785537082
2026-07-31T23:13:45Z,692,0,0,21,0,0,1,1,1,1785538446
2026-07-31T23:13:45Z,693,6,0,2,3,0,1,1,1,1785537874
2026-07-31T23:13:45Z,694,9,4,12,0,0,1,1,1,1785539562
2026-07-31T23:13:45Z,695,2,1,20,1,0,1,1,1,1785537959
2026-07-31T23:13:45Z,696,19,13,3,1,0,1,1,1,1785539393
2026-07-31T23:13:45Z,697,21,5,2,0,0,1,1,1,1785539544
2026-07-31T23:13:45Z,698,16,2,11,0,0,1,1,1,1785539557
2026-07-31T23:13:45Z,699,5,0,9,1,0,1,1,1,1785538775
2026-07-31T23:13:45Z,700,15,1,4,0,0,1,1,1,1785539292
2026-07-31T23:13:45Z,701,18,3,0,1,0,1,1,1,1785538383
2026-07-31T23:13:45Z,702,0,0,22,1,0,1,1,1,1785539192
2026-07-31T23:13:45Z,704,5,0,9,1,0,1,1,1,1785539172
2026-07-31T23:13:45Z,705,2,0,13,0,0,1,1,1,1785538514
2026-07-31T23:13:45Z,706,4,1,9,2,0,1,1,1,1785538827
2026-07-31T23:13:45Z,707,7,1,8,0,0,1,1,1,1785538387
2026-07-31T23:13:45Z,708,17,4,2,0,0,1,1,1,1785539057
2026-07-31T23:13:45Z,709,4,0,9,2,0,1,1,1,1785539548
2026-07-31T23:13:45Z,710,3,0,15,1,0,1,1,1,1785539425
2026-07-31T23:13:45Z,711,11,1,9,3,0,1,1,1,1785538969
2026-07-31T23:13:45Z,712,3,3,11,1,0,1,1,1,1785538956
2026-07-31T23:13:45Z,713,7,4,16,0,0,1,1,1,1785539224
2026-07-31T23:13:45Z,716,4,3,11,0,0,1,1,1,1785538179
2026-07-31T23:13:45Z,717,1,1,22,2,0,1,1,1,1785538318
2026-07-31T23:13:45Z,718,2,0,12,1,0,1,1,1,1785538998
2026-07-31T23:13:45Z,719,4,0,25,0,0,1,1,1,1785539324
2026-07-31T23:13:45Z,720,0,0,19,0,0,1,1,1,1785538444
2026-07-31T23:13:45Z,721,9,1,12,2,0,1,1,1,1785539570
2026-07-31T23:13:45Z,722,7,1,8,0,0,1,1,1,1785538223
2026-07-31T23:13:45Z,723,14,2,9,0,0,1,1,1,1785538454
2026-07-31T23:13:45Z,724,6,2,16,1,0,1,1,1,1785539482
2026-07-31T23:13:45Z,725,5,1,18,0,0,1,1,1,1785539590
2026-07-31T23:13:45Z,726,6,0,11,2,0,1,1,1,1785539561
2026-07-31T23:13:45Z,727,9,5,13,1,0,1,1,1,1785539306
2026-07-31T23:13:45Z,728,9,0,5,1,0,1,1,1,1785538747
2026-07-31T23:13:45Z,729,4,0,15,0,0,1,1,1,1785539371
2026-07-31T23:13:45Z,730,0,0,12,3,0,1,1,1,1785539346
2026-07-31T23:13:45Z,731,2,2,11,2,0,1,1,1,1785539531
2026-07-31T23:13:45Z,732,4,3,11,0,0,1,1,1,1785539529
2026-07-31T23:13:45Z,733,26,3,1,0,0,1,1,1,1785539468
2026-07-31T23:13:45Z,734,1,0,13,0,0,1,1,1,1785539386
2026-07-31T23:13:45Z,735,21,8,6,0,0,1,1,1,1785539549
2026-07-31T23:13:45Z,736,12,0,7,0,0,1,1,1,1785538926
2026-07-31T23:13:45Z,737,3,1,11,0,1,1,1,1,1785538984
2026-07-31T23:13:45Z,738,15,2,4,0,0,1,1,1,1785539375
2026-07-31T23:13:45Z,739,17,0,9,1,0,1,1,1,1785539241
2026-07-31T23:13:45Z,741,5,0,18,0,0,1,1,1,1785538825
2026-07-31T23:13:45Z,742,10,8,23,2,0,1,1,1,1785539522
2026-07-31T23:13:45Z,743,5,2,14,0,0,1,1,1,1785538705
2026-07-31T23:13:45Z,744,9,3,6,0,0,1,1,1,1785539412
2026-07-31T23:13:45Z,745,8,4,11,0,0,1,1,1,1785539220
2026-07-31T23:13:45Z,746,11,0,12,0,0,1,1,1,1785539498
2026-07-31T23:13:45Z,747,0,0,4,0,0,0,1,1,1783446606
2026-07-31T23:13:45Z,748,7,0,16,0,0,1,1,1,1785539558
2026-07-31T23:13:45Z,749,10,0,13,0,0,1,1,1,1785539578
2026-07-31T23:13:45Z,750,7,5,4,0,0,1,1,1,1785539359
2026-07-31T23:13:45Z,751,11,11,11,1,0,1,1,1,1785539504
2026-07-31T23:13:45Z,752,1,0,15,1,0,1,1,1,1785539177
2026-07-31T23:13:45Z,753,6,0,8,1,0,1,1,1,1785539466
2026-07-31T23:13:45Z,754,7,1,8,0,0,1,1,1,1785539295
2026-07-31T23:13:45Z,755,12,4,9,2,0,1,1,1,1785539560
2026-07-31T23:13:45Z,756,2,2,33,2,0,1,1,1,1785539237
2026-07-31T23:13:45Z,757,6,1,13,0,0,1,1,1,1785539256
2026-07-31T23:13:45Z,758,6,3,17,0,0,1,1,1,1785539552
2026-07-31T23:13:45Z,759,0,0,0,0,0,1,1,1,86400
2026-07-31T23:13:45Z,760,9,2,10,0,0,1,1,1,1785531870
2026-07-31T23:13:45Z,761,7,1,16,0,0,1,1,1,1785538691
2026-07-31T23:13:45Z,762,4,2,6,5,0,1,1,1,1785538539
2026-07-31T23:13:45Z,768,7,0,8,4,0,1,1,1,1785539588
2026-07-31T23:13:45Z,769,12,6,4,3,0,1,1,1,1785539533
2026-07-31T23:13:45Z,770,9,2,8,2,0,1,1,1,1785539073
2026-07-31T23:13:45Z,771,12,1,2,1,0,1,1,1,1785538472
2026-07-31T23:13:45Z,772,0,0,15,0,0,1,1,1,1785538999
2026-07-31T23:13:45Z,773,17,4,2,0,0,1,1,1,1785538932
2026-07-31T23:13:45Z,774,5,1,6,4,0,1,1,1,1785538787
2026-07-31T23:13:45Z,775,4,1,12,2,1,1,1,1,1785539021
2026-07-31T23:13:45Z,776,2,0,18,1,0,1,1,1,1785539296
2026-07-31T23:13:45Z,777,10,1,5,0,0,1,1,1,1785539070
2026-07-31T23:13:45Z,778,13,0,6,0,0,1,1,1,1785538920
2026-07-31T23:13:45Z,779,6,0,12,1,0,1,1,1,1785538184
2026-07-31T23:13:45Z,780,3,2,16,0,0,1,1,1,1785539618
2026-07-31T23:13:45Z,781,4,1,5,2,0,1,1,1,1785539596
2026-07-31T23:13:45Z,782,0,0,15,4,0,1,1,1,1785538713
2026-07-31T23:13:45Z,783,6,3,13,0,0,1,1,1,1785538181
2026-07-31T23:13:45Z,784,9,2,10,0,0,1,1,1,1785539373
2026-07-31T23:13:45Z,785,9,2,4,6,0,1,1,1,1785538225
2026-07-31T23:13:45Z,786,5,2,13,1,0,1,1,1,1785539427
2026-07-31T23:13:45Z,787,5,3,9,1,0,1,1,1,1785539205
2026-07-31T23:13:45Z,788,7,1,8,0,0,1,1,1,1785538424
2026-07-31T23:13:45Z,789,7,2,4,4,0,1,1,1,1785538624
2026-07-31T23:13:45Z,790,4,2,18,1,0,1,1,1,1785539534
2026-07-31T23:13:45Z,791,7,0,11,0,1,1,1,1,1785538785
2026-07-31T23:13:45Z,793,4,0,10,1,0,1,1,1,1785539618
2026-07-31T23:13:45Z,794,1,0,26,2,0,1,1,1,1785539426
2026-07-31T23:13:45Z,796,5,3,13,1,0,1,1,1,1785539082
2026-07-31T23:13:45Z,797,8,1,7,0,0,1,1,1,1785539043
2026-07-31T23:13:45Z,798,17,1,7,1,0,1,1,1,1785539049
2026-07-31T23:13:45Z,799,15,2,0,4,0,1,1,1,1785538610
2026-07-31T23:13:45Z,800,1,1,19,1,0,1,1,1,1785539496
2026-07-31T23:13:45Z,801,4,2,16,1,0,1,1,1,1785538898
2026-07-31T23:13:45Z,802,8,0,23,0,0,1,1,1,1785539270
2026-07-31T23:13:45Z,803,2,0,13,0,0,1,1,1,1785538967
2026-07-31T23:13:45Z,806,3,3,11,1,0,1,1,1,1785537704
2026-07-31T23:13:45Z,807,7,4,15,3,0,1,1,1,1785539136
2026-07-31T23:13:45Z,808,8,1,14,3,0,1,1,1,1785539585
2026-07-31T23:13:45Z,809,4,1,18,1,0,1,1,1,1785538656
2026-07-31T23:13:45Z,810,3,1,14,2,0,1,1,1,1785539021
2026-07-31T23:13:45Z,815,3,2,7,4,1,1,1,1,1785539493
2026-07-31T23:13:45Z,817,9,5,6,0,0,1,1,1,1785539596
2026-07-31T23:13:45Z,818,5,1,17,1,0,1,1,1,1785539293
2026-07-31T23:13:45Z,819,5,3,10,0,0,1,1,1,1785537833
2026-07-31T23:13:45Z,820,11,1,6,0,0,1,1,1,1785539614
2026-07-31T23:13:45Z,821,5,3,10,0,0,1,1,1,1785539427
2026-07-31T23:13:45Z,822,6,0,16,1,0,1,1,1,1785539607
2026-07-31T23:13:45Z,823,14,0,0,1,0,1,1,1,1785538222
2026-07-31T23:13:45Z,824,13,5,6,0,0,1,1,1,1785539525
2026-07-31T23:13:45Z,825,7,6,8,0,0,1,1,1,1785538987
2026-07-31T23:13:45Z,826,8,0,9,2,0,1,1,1,1785539582
2026-07-31T23:13:45Z,827,16,4,3,2,0,1,1,1,1785539279
2026-07-31T23:13:45Z,828,11,0,5,2,0,1,1,1,1785538998
2026-07-31T23:13:45Z,829,18,7,9,0,0,1,1,1,1785538127
2026-07-31T23:13:45Z,830,16,0,6,1,0,1,1,1,1785539508
2026-07-31T23:13:45Z,831,5,3,8,2,0,1,1,1,1785539297
2026-07-31T23:13:45Z,832,7,3,8,3,0,1,1,1,1785538338
2026-07-31T23:13:45Z,833,5,1,13,1,0,1,1,1,1785538084
2026-07-31T23:13:45Z,834,4,0,19,1,0,1,1,1,1785539409
2026-07-31T23:13:45Z,835,2,1,14,2,0,1,1,1,1785539304
2026-07-31T23:13:45Z,838,5,3,9,1,0,1,1,1,1785539518
2026-07-31T23:13:45Z,839,6,0,21,2,0,1,1,1,1785539522
2026-07-31T23:13:45Z,840,1,0,27,1,0,1,1,1,1785539547
2026-07-31T23:13:45Z,841,8,2,7,0,0,1,1,1,1785538135
2026-07-31T23:13:45Z,842,2,1,21,0,0,1,1,1,1785538938
2026-07-31T23:13:45Z,843,17,2,14,0,0,1,1,1,1785539110
2026-07-31T23:13:45Z,844,4,0,19,0,0,1,1,1,1785538390
2026-07-31T23:13:45Z,845,5,3,12,2,0,1,1,1,1785538420
2026-07-31T23:13:45Z,846,4,2,14,1,0,1,1,1,1785539374
2026-07-31T23:13:45Z,847,7,1,20,0,0,1,1,1,1785539296
2026-07-31T23:13:45Z,848,2,2,16,1,0,1,1,1,1785538987
2026-07-31T23:13:45Z,849,7,0,7,1,0,1,1,1,1785539179
2026-07-31T23:13:45Z,850,6,0,5,0,0,1,1,1,1785539251
2026-07-31T23:13:45Z,851,3,2,31,3,0,1,1,1,1785539551
2026-07-31T23:13:45Z,852,13,6,6,0,0,1,1,1,1785539554
2026-07-31T23:13:45Z,853,11,5,12,0,0,1,1,1,1785539090
2026-07-31T23:13:45Z,854,0,0,15,0,0,1,1,1,1785539024
2026-07-31T23:13:45Z,855,22,1,5,0,0,1,1,1,1785538890
2026-07-31T23:13:45Z,857,7,6,10,2,0,1,1,1,1785539228
2026-07-31T23:13:45Z,858,5,2,13,1,0,1,1,1,1785538829
2026-07-31T23:13:45Z,859,8,0,12,1,0,1,1,1,1785539002
2026-07-31T23:13:45Z,861,6,0,4,1,0,1,1,1,1785528609
2026-07-31T23:13:45Z,862,3,2,12,0,0,1,1,1,1785538180
2026-07-31T23:13:45Z,863,14,1,4,1,0,1,1,1,1785534680
2026-07-31T23:13:45Z,866,13,1,6,0,0,1,1,1,1785538572
2026-07-31T23:13:45Z,867,14,2,1,0,0,1,1,1,1785539594
2026-07-31T23:13:45Z,868,7,0,8,0,0,1,1,1,1785538039
2026-07-31T23:13:45Z,870,8,4,7,0,0,1,1,1,1785539399
2026-07-31T23:13:45Z,871,0,0,10,1,0,1,1,1,1785539397
2026-07-31T23:13:45Z,872,1,0,13,1,0,1,1,1,1785538175
2026-07-31T23:13:45Z,873,1,0,29,3,0,1,1,1,1785539487
2026-07-31T23:13:45Z,874,3,2,8,4,0,1,1,1,1785539362
2026-07-31T23:13:45Z,875,13,9,1,1,0,1,1,1,1785539303
2026-07-31T23:13:45Z,877,12,11,6,1,0,1,1,1,1785537877
2026-07-31T23:13:45Z,878,3,3,16,0,0,1,1,1,1785538447
2026-07-31T23:13:45Z,879,1,0,18,0,0,1,1,1,1785539297
2026-07-31T23:13:45Z,880,1,0,21,1,0,1,1,1,1785539301
2026-07-31T23:13:45Z,881,3,0,16,0,0,1,1,1,1785538311
2026-07-31T23:13:45Z,882,9,3,9,1,0,1,1,1,1785534469
2026-07-31T23:13:45Z,883,8,3,11,0,0,1,1,1,1785538542
2026-07-31T23:13:45Z,884,11,7,10,0,0,1,1,1,1785537901
2026-07-31T23:13:45Z,885,0,0,19,0,0,1,1,1,1785538108
2026-07-31T23:13:45Z,886,1,0,26,2,0,1,1,1,1785539443
2026-07-31T23:13:45Z,887,5,0,8,4,0,1,1,1,1785538756
2026-07-31T23:13:45Z,888,20,2,19,2,0,1,1,1,1785539361
2026-07-31T23:13:45Z,889,9,0,8,2,0,1,1,1,1785539328
2026-07-31T23:13:45Z,890,7,4,8,0,0,1,1,1,1785537599
2026-07-31T23:13:45Z,891,18,1,4,1,0,1,1,1,1785539477
2026-07-31T23:13:45Z,892,10,0,5,0,0,1,1,1,1785536903
2026-07-31T23:13:45Z,895,2,0,17,0,0,1,1,1,1785536824
2026-07-31T23:13:45Z,896,7,2,28,0,0,1,1,1,1785534764
2026-07-31T23:13:45Z,897,15,0,6,0,0,1,1,1,1785538347
2026-07-31T23:13:45Z,898,2,0,17,0,0,1,1,1,1785538019
2026-07-31T23:13:45Z,899,16,0,1,2,0,1,1,1,1785539504
2026-07-31T23:13:45Z,900,9,0,17,1,0,1,1,1,1785539340
2026-07-31T23:13:45Z,901,4,0,14,1,0,1,1,1,1785539462
2026-07-31T23:13:45Z,902,5,1,10,0,0,1,1,1,1785537918
2026-07-31T23:13:45Z,903,9,3,10,0,0,1,1,1,1785539335
2026-07-31T23:13:45Z,904,10,4,8,1,0,1,1,1,1785538806
2026-07-31T23:13:45Z,905,14,2,13,0,0,1,1,1,1785539541
2026-07-31T23:13:45Z,906,11,10,16,0,0,1,1,1,1785539261
2026-07-31T23:13:45Z,907,6,0,24,1,0,1,1,1,1785539598
2026-07-31T23:13:45Z,908,12,2,11,0,0,1,1,1,1785538443
2026-07-31T23:13:45Z,909,8,2,15,0,0,1,1,1,1785539493
2026-07-31T23:13:45Z,910,30,1,0,1,0,1,1,1,1785539523
2026-07-31T23:13:45Z,911,4,1,15,0,0,1,1,1,1785537951
2026-07-31T23:13:45Z,912,1,0,21,1,0,1,1,1,1785539173
2026-07-31T23:13:45Z,913,5,3,14,0,0,1,1,1,1785538951
2026-07-31T23:13:45Z,914,8,3,9,2,0,1,1,1,1785539492
2026-07-31T23:13:45Z,915,11,4,9,3,0,1,1,1,1785539614
2026-07-31T23:13:45Z,916,6,0,17,0,0,1,1,1,1785539250
2026-07-31T23:13:45Z,917,2,0,32,1,0,1,1,1,1785539421
2026-07-31T23:13:45Z,918,2,2,15,2,0,1,1,1,1785539503
2026-07-31T23:13:45Z,919,3,1,36,0,0,1,1,1,1785539507
2026-07-31T23:13:45Z,920,8,3,11,0,0,1,1,1,1785538728
2026-07-31T23:13:45Z,921,13,1,8,0,0,1,1,1,1785538967
2026-07-31T23:13:45Z,922,0,0,21,0,0,1,1,1,1785538980
2026-07-31T23:13:45Z,923,2,2,17,0,0,1,1,1,1785539592
2026-07-31T23:13:45Z,924,6,1,14,1,0,1,1,1,1785539128
2026-07-31T23:13:45Z,925,10,0,11,0,0,1,1,1,1785539476
2026-07-31T23:13:45Z,926,2,0,19,0,0,1,1,1,1785538708
2026-07-31T23:13:45Z,927,18,2,17,0,0,1,1,1,1785539427
2026-07-31T23:13:45Z,928,0,0,19,0,0,0,1,1,1785500252
2026-07-31T23:13:45Z,929,5,3,17,1,0,1,1,1,1785539588
2026-07-31T23:13:45Z,930,18,0,12,1,0,1,1,1,1785539249
2026-07-31T23:13:45Z,931,0,0,22,1,0,1,1,1,1785539567
2026-07-31T23:13:45Z,932,13,0,2,4,0,1,1,1,1785539597
2026-07-31T23:13:45Z,933,11,2,9,3,0,1,1,1,1785539550
2026-07-31T23:13:45Z,934,28,0,2,1,0,1,1,1,1785539172
2026-07-31T23:13:45Z,935,17,0,0,2,0,1,1,1,1785539615
2026-07-31T23:13:45Z,936,5,0,14,0,0,1,1,1,1785539455
2026-07-31T23:13:45Z,940,5,0,5,1,0,1,1,1,1785538586
2026-07-31T23:13:45Z,941,19,3,3,3,0,1,1,1,1785539537
2026-07-31T23:13:45Z,942,13,2,8,0,0,1,1,1,1785539222
2026-07-31T23:13:45Z,943,8,8,7,0,0,1,1,1,1785538253
2026-07-31T23:13:45Z,944,10,8,5,0,0,1,1,1,1785538106
2026-07-31T23:13:45Z,945,7,5,8,0,0,1,1,1,1785539443
2026-07-31T23:13:45Z,946,7,5,12,0,0,1,1,1,1785523835
2026-07-31T23:13:45Z,947,5,3,12,0,0,1,1,1,1785538128
2026-07-31T23:13:45Z,948,14,13,14,3,0,1,1,1,1785539287
2026-07-31T23:13:45Z,949,1,0,14,0,0,1,1,1,1785539602
2026-07-31T23:13:45Z,950,2,1,14,1,0,1,1,1,1785539496
2026-07-31T23:13:45Z,951,16,6,7,0,0,1,1,1,1785538810
2026-07-31T23:13:45Z,952,27,5,27,1,0,1,1,1,1785539555
2026-07-31T23:13:45Z,953,5,1,9,1,0,1,1,1,1785539201
2026-07-31T23:13:45Z,954,8,0,11,0,0,1,1,1,1785539261
2026-07-31T23:13:45Z,955,15,8,6,6,0,1,1,1,1785539124
2026-07-31T23:13:45Z,956,20,1,1,2,0,1,1,1,1785539583
2026-07-31T23:13:45Z,957,26,2,3,0,0,1,1,1,1785539495
2026-07-31T23:13:45Z,958,28,1,3,0,0,1,1,1,1785539542
2026-07-31T23:13:45Z,959,5,2,17,1,0,1,1,1,1785539307
2026-07-31T23:13:45Z,960,0,0,23,0,0,1,1,1,1785539172
2026-07-31T23:13:45Z,961,6,1,14,3,0,1,1,1,1785539472
2026-07-31T23:13:45Z,962,8,0,24,3,0,1,1,1,1785539327
2026-07-31T23:13:45Z,963,15,0,7,1,0,1,1,1,1785539611
2026-07-31T23:13:45Z,964,15,9,7,1,0,1,1,1,1785539408
2026-07-31T23:13:45Z,965,14,7,12,1,0,1,1,1,1785539554
2026-07-31T23:13:45Z,966,18,0,12,1,0,1,1,1,1785539590
2026-07-31T23:13:45Z,967,4,1,15,2,0,1,1,1,1785539569
2026-07-31T23:13:45Z,968,10,0,8,1,0,1,1,1,1785539046
2026-07-31T23:13:45Z,969,2,1,23,2,0,1,1,1,1785538700
2026-07-31T23:13:45Z,970,0,0,18,1,0,1,1,1,1785538487
2026-07-31T23:13:45Z,971,0,0,22,1,0,1,1,1,1785539033
2026-07-31T23:13:45Z,972,10,4,12,1,0,1,1,1,1785538145
2026-07-31T23:13:45Z,973,7,2,15,1,0,1,1,1,1785539532
2026-07-31T23:13:45Z,974,9,0,18,0,0,1,1,1,1785539314
2026-07-31T23:13:45Z,977,1,0,18,2,0,1,1,1,1785539173
2026-07-31T23:13:45Z,978,19,1,4,0,0,1,1,1,1785539323
2026-07-31T23:13:45Z,979,2,1,15,0,0,1,1,1,1785539552
2026-07-31T23:13:45Z,980,4,0,16,1,0,1,1,1,1785539574
2026-07-31T23:13:45Z,981,9,0,12,0,0,1,1,1,1785538982
2026-07-31T23:13:45Z,982,3,0,14,2,0,1,1,1,1785538185
2026-07-31T23:13:45Z,983,2,2,21,0,0,1,1,1,1785538658
2026-07-31T23:13:45Z,984,5,0,18,0,0,1,1,1,1785538014
2026-07-31T23:13:45Z,985,6,0,24,1,0,1,1,1,1785539527
2026-07-31T23:13:45Z,986,5,0,14,0,0,1,1,1,1785538893
2026-07-31T23:13:45Z,987,6,0,17,0,0,1,1,1,1785538772
2026-07-31T23:13:45Z,988,4,2,14,1,0,1,1,1,1785538361
2026-07-31T23:13:45Z,989,7,4,12,0,0,1,1,1,1785539157
2026-07-31T23:13:45Z,990,12,0,2,1,0,1,1,1,1785538346
2026-07-31T23:13:45Z,991,9,0,9,1,0,1,1,1,1785538103
2026-07-31T23:13:45Z,992,9,5,14,0,0,1,1,1,1785538988
2026-07-31T23:13:45Z,993,5,4,21,1,0,1,1,1,1785539605
2026-07-31T23:13:45Z,994,1,0,20,0,0,1,1,1,1785539363
2026-07-31T23:13:45Z,995,6,1,21,0,0,1,1,1,1785539159
2026-07-31T23:13:45Z,996,6,2,17,0,0,1,1,1,1785538550
2026-07-31T23:13:45Z,997,15,8,8,0,0,1,1,1,1785539151
2026-07-31T23:13:45Z,998,5,4,18,0,0,1,1,1,1785538533
2026-07-31T23:13:45Z,999,4,1,15,1,1,1,1,1,1785538386
2026-07-31T23:13:45Z,1000,0,0,21,0,0,1,1,1,1785539072
2026-07-31T23:13:45Z,1001,5,3,22,0,0,1,1,1,1785538609
2026-07-31T23:13:45Z,1002,1,0,29,1,0,1,1,1,1785538640
2026-07-31T23:13:45Z,1003,1,0,22,0,0,1,1,1,1785538167
2026-07-31T23:13:45Z,1004,8,2,15,0,0,1,1,1,1785539478
2026-07-31T23:13:45Z,1005,20,1,3,0,0,1,1,1,1785538359
2026-07-31T23:13:45Z,1006,8,4,11,0,0,1,1,1,1785538160
2026-07-31T23:13:45Z,1007,3,1,18,0,0,1,1,1,1785539619
2026-07-31T23:13:45Z,1008,7,6,16,0,0,1,1,1,1785539164
2026-07-31T23:13:45Z,1009,22,5,8,1,0,1,1,1,1785539264
2026-07-31T23:13:45Z,1010,7,2,20,0,0,1,1,1,1785538078
2026-07-31T23:13:45Z,1011,7,2,10,2,0,1,1,1,1785538532
2026-07-31T23:13:45Z,1012,5,3,16,2,0,1,1,1,1785538131
2026-07-31T23:13:45Z,1013,4,1,18,1,0,1,1,1,1785538686
2026-07-31T23:13:45Z,1014,9,4,14,0,0,1,1,1,1785538658
2026-07-31T23:13:45Z,1015,4,3,26,1,0,1,1,1,1785539018
2026-07-31T23:13:45Z,1016,10,5,21,0,0,1,1,1,1785538095
2026-07-31T23:13:45Z,1017,13,5,8,0,0,1,1,1,1785539338
2026-07-31T23:13:45Z,1018,6,2,16,0,0,1,1,1,1785538209
2026-07-31T23:13:45Z,1019,8,5,7,0,0,1,1,1,1785538065
2026-07-31T23:13:45Z,1020,19,5,2,0,0,1,1,1,1785539203
2026-07-31T23:13:45Z,1021,9,4,6,0,0,1,1,1,1785538868
2026-07-31T23:13:45Z,1022,14,0,13,0,0,1,1,1,1785538348
2026-07-31T23:13:45Z,1023,14,2,9,0,0,1,1,1,1785537965
2026-07-31T23:13:45Z,1024,3,1,16,0,0,1,1,1,1785538925
2026-07-31T23:13:45Z,1025,4,0,14,0,1,1,1,1,1785538333
2026-07-31T23:13:45Z,1026,11,9,19,1,0,1,1,1,1785539527
2026-07-31T23:13:45Z,1028,3,1,20,0,0,1,1,1,1785538304
2026-07-31T23:13:45Z,1029,11,9,4,0,0,1,1,1,1785539178
2026-07-31T23:13:45Z,1030,13,4,10,0,0,1,1,1,1785539001
2026-07-31T23:13:45Z,1031,9,1,10,0,0,1,1,1,1785539301
2026-07-31T23:13:45Z,1032,7,1,12,0,0,1,1,1,1785538156
2026-07-31T23:13:45Z,1033,9,5,10,0,0,1,1,1,1785538982
2026-07-31T23:13:45Z,1034,3,0,12,0,0,1,1,1,1785538134
2026-07-31T23:13:45Z,1035,0,0,18,1,0,1,1,1,1785538159
2026-07-31T23:13:45Z,1036,13,0,2,0,0,1,1,1,1785538713
2026-07-31T23:13:45Z,1037,0,0,18,1,0,1,1,1,1785538440
2026-07-31T23:13:45Z,1038,1,0,14,0,0,1,1,1,1785537821
2026-07-31T23:13:45Z,1039,7,0,12,0,0,1,1,1,1785538306
2026-07-31T23:13:45Z,1040,8,5,11,0,0,1,1,1,1785538213
2026-07-31T23:13:45Z,1041,11,2,8,0,0,1,1,1,1785538576
2026-07-31T23:13:45Z,1042,3,0,11,1,0,1,1,1,1785538142
2026-07-31T23:13:45Z,1043,7,4,11,1,0,1,1,1,1785539546
2026-07-31T23:13:45Z,1044,1,0,14,0,0,1,1,1,1785537877
2026-07-31T23:13:45Z,1045,8,1,11,0,0,1,1,1,1785539545
2026-07-31T23:13:45Z,1046,9,0,6,0,0,1,1,1,1785539324
2026-07-31T23:13:45Z,1047,4,2,17,0,0,1,1,1,1785539377
2026-07-31T23:13:45Z,1048,3,1,16,0,0,1,1,1,1785539549
2026-07-31T23:13:45Z,1049,2,1,19,0,0,1,1,1,1785538226
2026-07-31T23:13:45Z,1050,20,4,1,0,0,1,1,1,1785539332
2026-07-31T23:13:45Z,1051,9,4,12,0,0,1,1,1,1785539198
2026-07-31T23:13:45Z,1052,17,1,4,1,0,1,1,1,1785538020
2026-07-31T23:13:45Z,1053,3,1,12,0,0,1,1,1,1785539529
2026-07-31T23:13:45Z,1054,7,2,8,0,0,1,1,1,1785538263
2026-07-31T23:13:45Z,1055,8,0,11,0,0,1,1,1,1785538836
2026-07-31T23:13:45Z,1057,0,0,19,0,0,1,1,1,1785539102
2026-07-31T23:13:45Z,1058,1,0,55,0,0,1,1,1,1785539382
2026-07-31T23:13:45Z,1059,5,2,13,1,0,1,1,1,1785538975
2026-07-31T23:13:45Z,1060,20,1,16,1,0,1,1,1,1785539340
2026-07-31T23:13:45Z,1061,19,0,18,0,0,1,1,1,1785539493
2026-07-31T23:13:45Z,1062,12,0,5,0,0,1,1,1,1785539231
2026-07-31T23:13:45Z,1063,12,1,6,1,0,1,1,1,1785538199
2026-07-31T23:13:45Z,1064,5,0,17,1,0,1,1,1,1785538573
2026-07-31T23:13:45Z,1065,14,3,9,0,0,1,1,1,1785538820
2026-07-31T23:13:45Z,1066,12,3,11,0,0,1,1,1,1785538638
2026-07-31T23:13:45Z,1067,7,1,14,2,0,1,1,1,1785538915
2026-07-31T23:13:45Z,1068,6,2,14,3,0,1,1,1,1785538461
2026-07-31T23:13:45Z,1069,12,3,11,0,0,1,1,1,1785538452
2026-07-31T23:13:45Z,1070,12,2,11,0,0,1,1,1,1785538557
2026-07-31T23:13:45Z,1071,8,4,15,0,0,1,1,1,1785538592
2026-07-31T23:13:45Z,1072,11,1,11,1,0,1,1,1,1785538997
2026-07-31T23:13:45Z,1073,5,0,21,1,0,1,1,1,1785539435
2026-07-31T23:13:45Z,1074,34,1,18,1,0,1,1,1,1785539614
2026-07-31T23:13:45Z,1075,8,8,13,0,0,1,1,1,1785539303
2026-07-31T23:13:45Z,1076,14,11,7,0,0,1,1,1,1785539225
2026-07-31T23:13:45Z,1077,13,8,8,0,0,1,1,1,1785538868
2026-07-31T23:13:45Z,1078,9,8,12,0,0,1,1,1,1785539262
2026-07-31T23:13:45Z,1079,14,10,7,0,0,1,1,1,1785538063
2026-07-31T23:13:45Z,1080,12,9,7,2,0,1,1,1,1785537991
2026-07-31T23:13:45Z,1081,13,8,6,0,0,1,1,1,1785538983
2026-07-31T23:13:45Z,1082,12,12,10,1,0,1,1,1,1785539595
2026-07-31T23:13:45Z,1083,12,11,9,0,0,1,1,1,1785538334
2026-07-31T23:13:45Z,1084,9,7,12,0,0,1,1,1,1785537948
2026-07-31T23:13:45Z,1085,12,9,9,0,0,1,1,1,1785539487
2026-07-31T23:13:45Z,1086,10,9,10,1,0,1,1,1,1785539433
2026-07-31T23:13:45Z,1087,8,7,7,0,0,1,1,1,1785539235
2026-07-31T23:13:45Z,1088,10,7,5,0,0,1,1,1,1785538199
2026-07-31T23:13:45Z,1089,9,7,6,0,0,1,1,1,1785537893
2026-07-31T23:13:45Z,1090,4,3,11,0,0,1,1,1,1785538946
2026-07-31T23:13:45Z,1091,7,5,8,0,0,1,1,1,1785539146
2026-07-31T23:13:45Z,1092,8,7,7,0,0,1,1,1,1785538681
2026-07-31T23:13:45Z,1093,5,5,9,1,0,1,1,1,1785539208
2026-07-31T23:13:45Z,1094,10,9,9,0,0,1,1,1,1785538150
2026-07-31T23:13:45Z,1095,10,8,5,0,0,1,1,1,1785538122
2026-07-31T23:13:45Z,1096,12,9,7,0,0,1,1,1,1785538530
2026-07-31T23:13:45Z,1097,8,8,7,0,0,1,1,1,1785538715
2026-07-31T23:13:45Z,1098,9,7,10,0,0,1,1,1,1785539574
2026-07-31T23:13:45Z,1099,7,6,8,0,0,1,1,1,1785537986
2026-07-31T23:13:45Z,1100,6,4,23,0,0,1,1,1,1785532207
2026-07-31T23:13:45Z,1101,10,5,11,0,0,1,1,1,1785537915
2026-07-31T23:13:45Z,1102,9,4,4,0,0,1,1,1,1785538919
2026-07-31T23:13:45Z,1103,11,5,10,0,0,1,1,1,1785503681
2026-07-31T23:13:45Z,1104,11,6,10,0,0,1,1,1,1785539484
2026-07-31T23:13:45Z,1105,8,4,5,0,0,1,1,1,1785538801
2026-07-31T23:13:45Z,1106,10,5,11,0,0,1,1,1,1785538007
2026-07-31T23:13:45Z,1107,9,5,6,0,0,1,1,1,1785538244
2026-07-31T23:13:45Z,1108,8,4,16,2,1,1,1,1,1785539206
2026-07-31T23:13:45Z,1109,7,3,8,0,0,1,1,1,1785538185
2026-07-31T23:13:45Z,1110,11,3,10,0,0,1,1,1,1785539347
2026-07-31T23:13:45Z,1111,11,3,9,1,0,1,1,1,1785539165
2026-07-31T23:13:45Z,1112,24,2,29,0,0,1,1,1,1785539038
2026-07-31T23:13:45Z,1113,0,0,21,0,0,1,1,1,1785539256
2026-07-31T23:13:45Z,1115,14,1,5,4,0,1,1,1,1785538737
2026-07-31T23:13:45Z,1116,8,1,11,0,0,1,1,1,1785538758
2026-07-31T23:13:45Z,1117,7,1,15,1,0,1,1,1,1785538639
2026-07-31T23:13:45Z,1118,18,2,3,0,0,1,1,1,1785539306
2026-07-31T23:13:45Z,1119,7,1,10,0,0,1,1,1,1785539167
2026-07-31T23:13:45Z,1120,6,1,12,1,0,1,1,1,1785538757
2026-07-31T23:13:45Z,1121,10,0,10,1,0,1,1,1,1785539250
2026-07-31T23:13:45Z,1122,4,2,16,1,0,1,1,1,1785539521
2026-07-31T23:13:45Z,1123,13,7,8,2,0,1,1,1,1785539533
2026-07-31T23:13:45Z,1124,8,1,6,1,0,1,1,1,1785539438
2026-07-31T23:13:45Z,1125,17,1,6,0,0,1,1,1,1785538556
2026-07-31T23:13:45Z,1126,3,1,18,0,0,1,1,1,1785539404
2026-07-31T23:13:45Z,1127,4,1,15,0,0,1,1,1,1785539407
2026-07-31T23:13:45Z,1128,1,1,14,0,0,1,1,1,1785539262
2026-07-31T23:13:45Z,1129,0,0,19,2,0,1,1,1,1785538942
2026-07-31T23:13:45Z,1130,15,0,0,0,0,1,1,1,1785539542
2026-07-31T23:13:45Z,1131,1,1,47,1,0,1,1,1,1785539278
2026-07-31T23:13:45Z,1132,11,3,9,1,0,1,1,1,1785539618
2026-07-31T23:13:45Z,1133,2,2,17,2,0,1,1,1,1785539603
2026-07-31T23:13:45Z,1134,12,6,7,0,0,1,1,1,1785538690
2026-07-31T23:13:45Z,1135,12,6,9,0,0,1,1,1,1785537813
2026-07-31T23:13:45Z,1136,12,1,11,0,0,1,1,1,1785539335
2026-07-31T23:13:45Z,1137,11,1,4,0,0,1,1,1,1785538057
2026-07-31T23:13:45Z,1138,2,0,17,0,0,1,1,1,1785539191
2026-07-31T23:13:45Z,1139,12,3,8,1,0,1,1,1,1785538692
2026-07-31T23:13:45Z,1140,3,1,18,2,0,1,1,1,1785539318
2026-07-31T23:13:45Z,1141,11,1,10,0,0,1,1,1,1785539603
2026-07-31T23:13:45Z,1142,5,0,16,0,0,1,1,1,1785538820
2026-07-31T23:13:45Z,1143,19,1,8,2,0,1,1,1,1785539498
2026-07-31T23:13:45Z,1144,8,0,12,1,0,1,1,1,1785539077
2026-07-31T23:13:45Z,1145,11,5,9,1,0,1,1,1,1785538590
2026-07-31T23:13:45Z,1146,18,4,0,1,0,1,1,1,1785539594
2026-07-31T23:13:45Z,1147,18,1,0,1,0,1,1,1,1785539448
2026-07-31T23:13:45Z,1148,2,0,29,0,0,1,1,1,1785539606
2026-07-31T23:13:45Z,1149,3,1,17,5,0,1,1,1,1785538535
2026-07-31T23:13:45Z,1150,1,0,18,0,0,1,1,1,1785539500
2026-07-31T23:13:45Z,1151,7,0,14,0,0,1,1,1,1785538839
2026-07-31T23:13:45Z,1152,6,1,23,0,0,1,1,1,1785539482
2026-07-31T23:13:45Z,1153,22,4,0,1,0,1,1,1,1785538731
2026-07-31T23:13:45Z,1154,3,0,16,0,0,1,1,1,1785539378
2026-07-31T23:13:45Z,1155,5,1,12,4,0,1,1,1,1785539564
2026-07-31T23:13:45Z,1158,3,1,16,0,0,1,1,1,1785538060
2026-07-31T23:13:45Z,1159,13,2,6,0,0,1,1,1,1785539604
2026-07-31T23:13:45Z,1160,7,2,12,0,0,1,1,1,1785538941
2026-07-31T23:13:45Z,1161,3,0,15,1,0,1,1,1,1785538559
2026-07-31T23:13:45Z,1162,4,0,15,0,0,1,1,1,1785538816
2026-07-31T23:13:45Z,1163,2,1,16,1,0,1,1,1,1785538618
2026-07-31T23:13:45Z,1164,5,1,14,0,0,1,1,1,1785538238
2026-07-31T23:13:45Z,1165,1,0,20,0,0,1,1,1,1785538986
2026-07-31T23:13:45Z,1166,13,3,7,1,0,1,1,1,1785538526
2026-07-31T23:13:45Z,1167,4,0,11,0,0,1,1,1,1785537905
2026-07-31T23:13:45Z,1168,3,0,18,2,0,1,1,1,1785538481
2026-07-31T23:13:45Z,1169,3,0,15,1,0,1,1,1,1785538085
2026-07-31T23:13:45Z,1170,2,1,19,0,0,1,1,1,1785539463
2026-07-31T23:13:45Z,1171,8,8,15,0,0,1,1,1,1785538192
2026-07-31T23:13:45Z,1172,5,0,8,2,0,1,1,1,1785538235
2026-07-31T23:13:45Z,1173,13,4,6,0,0,1,1,1,1785538343
2026-07-31T23:13:45Z,1174,4,0,11,0,0,1,1,1,1785539027
2026-07-31T23:13:45Z,1175,4,2,15,0,0,1,1,1,1785535612
2026-07-31T23:13:45Z,1176,8,2,13,0,0,1,1,1,1785539390
2026-07-31T23:13:45Z,1177,4,2,17,0,0,1,1,1,1785539322
2026-07-31T23:13:45Z,1178,5,2,10,0,0,1,1,1,1785537899
2026-07-31T23:13:45Z,1181,12,1,3,0,0,1,1,1,1785537887
2026-07-31T23:13:45Z,1182,18,4,1,1,0,1,1,1,1785539303
2026-07-31T23:13:45Z,1183,17,0,26,2,0,1,1,1,1785539200
2026-07-31T23:13:45Z,1184,9,6,9,3,0,1,1,1,1785539556
2026-07-31T23:13:45Z,1185,10,6,11,0,0,1,1,1,1785539459
2026-07-31T23:13:45Z,1186,9,5,10,0,0,1,1,1,1785538613
2026-07-31T23:13:45Z,1187,10,5,10,1,0,1,1,1,1785538834
2026-07-31T23:13:45Z,1188,10,5,5,0,0,1,1,1,1785538241
2026-07-31T23:13:45Z,1189,8,3,11,0,0,1,1,1,1785538376
2026-07-31T23:13:45Z,1190,9,4,12,0,0,1,1,1,1785539612
2026-07-31T23:13:45Z,1191,10,5,5,0,0,1,1,1,1785538244
2026-07-31T23:13:45Z,1192,11,7,9,1,0,1,1,1,1785538161
2026-07-31T23:13:45Z,1193,6,4,5,2,0,1,1,1,1785539017
2026-07-31T23:13:45Z,1197,9,6,7,1,0,1,1,1,1785539024
2026-07-31T23:13:45Z,1198,13,4,6,2,0,1,1,1,1785538684
2026-07-31T23:13:45Z,1199,3,0,16,0,0,1,1,1,1785538685
2026-07-31T23:13:45Z,1200,8,4,7,0,0,1,1,1,1785538285
2026-07-31T23:13:45Z,1201,9,4,6,0,0,1,1,1,1785538256
2026-07-31T23:13:45Z,1202,10,5,5,0,0,1,1,1,1785538357
2026-07-31T23:13:45Z,1203,11,5,4,0,0,1,1,1,1785538264
2026-07-31T23:13:45Z,1204,7,4,12,0,0,1,1,1,1785538043
2026-07-31T23:13:45Z,1206,11,5,10,0,0,1,1,1,1785539102
2026-07-31T23:13:45Z,1207,8,4,6,1,0,1,1,1,1785538573
2026-07-31T23:13:45Z,1208,10,4,9,0,0,1,1,1,1785538525
2026-07-31T23:13:45Z,1216,9,0,11,1,0,1,1,1,1785539315
2026-07-31T23:13:45Z,1218,3,0,18,0,0,1,1,1,1785539606
2026-07-31T23:13:45Z,1219,2,1,10,3,0,1,1,1,1785538175
2026-07-31T23:13:45Z,1220,16,6,3,0,0,1,1,1,1785539361
2026-07-31T23:13:45Z,1221,1,1,19,1,0,1,1,1,1785539069
2026-07-31T23:13:45Z,1222,20,1,9,0,0,1,1,1,1785539537
2026-07-31T23:13:45Z,1223,24,1,4,1,0,1,1,1,1785539325
2026-07-31T23:13:45Z,1226,0,0,3,0,0,0,1,1,1781868931
2026-07-31T23:13:45Z,1227,7,0,17,1,0,1,1,1,1785539301
2026-07-31T23:13:45Z,1228,0,0,28,1,0,1,1,1,1785539016
2026-07-31T23:13:45Z,1229,42,0,3,0,0,1,1,1,1785539494
2026-07-31T23:18:45Z,1,18,1,5,0,0,1,1,1,1785539855
2026-07-31T23:18:45Z,2,11,0,13,3,0,1,1,1,1785539870
2026-07-31T23:18:45Z,3,8,1,5,1,0,1,1,1,1785539116
2026-07-31T23:18:45Z,4,20,0,1,1,0,1,1,1,1785539636
2026-07-31T23:18:45Z,5,18,4,2,3,0,1,1,1,1785539106
2026-07-31T23:18:45Z,6,2,0,13,0,0,1,1,1,1785539824
2026-07-31T23:18:45Z,7,8,0,31,0,0,1,1,1,1785539310
2026-07-31T23:18:45Z,8,11,0,32,0,0,1,1,1,1785539225
2026-07-31T23:18:45Z,9,17,1,5,1,0,1,1,1,1785539910
2026-07-31T23:18:45Z,10,3,1,17,3,0,1,1,1,1785539707
2026-07-31T23:18:45Z,11,6,3,12,1,0,1,1,1,1785539759
2026-07-31T23:18:45Z,12,5,1,18,0,0,1,1,1,1785539873
2026-07-31T23:18:45Z,13,10,1,19,1,0,1,1,1,1785539881
2026-07-31T23:18:45Z,14,28,2,14,0,1,1,1,1,1785539571
2026-07-31T23:18:45Z,15,15,0,0,0,0,1,1,1,1785536042
2026-07-31T23:18:45Z,16,0,0,24,2,1,1,1,1,1785538462
2026-07-31T23:18:45Z,17,25,0,1,1,0,1,1,1,1785539767
2026-07-31T23:18:45Z,18,11,0,5,2,0,1,1,1,1785539860
2026-07-31T23:18:45Z,19,6,0,20,1,0,1,1,1,1785539908
2026-07-31T23:18:45Z,20,21,1,13,1,0,1,1,1,1785539918
2026-07-31T23:18:45Z,21,10,0,7,2,0,1,1,1,1785539772
2026-07-31T23:18:45Z,22,14,1,51,0,0,1,1,1,1785539911
2026-07-31T23:18:45Z,23,15,8,16,0,0,1,1,1,1785539916
2026-07-31T23:18:45Z,24,6,0,4,1,0,1,1,1,1785539914
2026-07-31T23:18:45Z,25,63,1,16,2,0,1,1,1,1785539908
2026-07-31T23:18:45Z,26,11,0,16,0,0,1,1,1,1785539865
2026-07-31T23:18:45Z,28,6,0,9,0,0,1,1,1,1785539882
2026-07-31T23:18:45Z,30,19,0,8,2,0,1,1,1,1785539869
2026-07-31T23:18:45Z,31,9,1,9,1,0,1,1,1,1785539701
2026-07-31T23:18:45Z,32,1,0,26,0,0,1,1,1,1785539267
2026-07-31T23:18:45Z,34,12,0,25,0,0,1,1,1,1785539291
2026-07-31T23:18:45Z,35,38,3,8,1,0,1,1,1,1785539904
2026-07-31T23:18:45Z,36,0,0,0,0,0,0,1,1,86400
2026-07-31T23:18:45Z,37,14,2,9,0,0,1,1,1,1785539865
2026-07-31T23:18:45Z,38,2,0,21,0,0,1,1,1,1785539797
2026-07-31T23:18:45Z,39,9,4,30,0,0,1,1,1,1785539886
2026-07-31T23:18:45Z,40,3,0,18,0,0,1,1,1,1785539882
2026-07-31T23:18:45Z,41,20,0,23,0,0,1,1,1,1785539338
2026-07-31T23:18:45Z,42,7,5,24,0,0,1,1,1,1785539668
2026-07-31T23:18:45Z,43,6,1,17,0,0,1,1,1,1785539777
2026-07-31T23:18:45Z,45,1,0,28,0,0,1,1,1,1785539388
2026-07-31T23:18:45Z,46,1,0,28,2,0,1,1,1,1785539900
2026-07-31T23:18:45Z,47,0,0,14,1,0,1,1,1,1785539176
2026-07-31T23:18:45Z,48,16,0,11,0,0,1,1,1,1785539795
2026-07-31T23:18:45Z,49,0,0,19,4,0,1,1,1,1785539917
2026-07-31T23:18:45Z,50,0,0,16,3,0,1,1,1,1785539067
2026-07-31T23:18:45Z,51,26,0,51,0,0,1,1,1,1785539779
2026-07-31T23:18:45Z,52,8,1,16,3,0,1,1,1,1785539870
2026-07-31T23:18:45Z,55,11,2,10,2,0,1,1,1,1785539730
2026-07-31T23:18:45Z,56,4,2,39,0,0,1,1,1,1785539524
2026-07-31T23:18:45Z,57,20,0,7,0,0,1,1,1,1785539089
2026-07-31T23:18:45Z,58,1,0,27,0,0,1,1,1,1785539372
2026-07-31T23:18:45Z,59,2,0,23,2,0,1,1,1,1785539911
2026-07-31T23:18:45Z,61,29,0,10,0,0,1,1,1,1785539354
2026-07-31T23:18:45Z,62,13,7,35,1,0,1,1,1,1785539879
2026-07-31T23:18:45Z,63,6,4,13,0,0,1,1,1,1785539875
2026-07-31T23:18:45Z,64,10,1,5,4,0,1,1,1,1785535815
2026-07-31T23:18:45Z,65,10,4,8,1,0,1,1,1,1785539795
2026-07-31T23:18:45Z,67,11,0,28,0,0,1,1,1,1785539866
2026-07-31T23:18:45Z,68,33,0,3,1,0,1,1,1,1785538151
2026-07-31T23:18:45Z,69,5,0,10,0,0,1,1,1,1785539631
2026-07-31T23:18:45Z,71,8,1,17,2,0,1,1,1,1785539892
2026-07-31T23:18:45Z,72,26,4,2,2,1,1,1,1,1785539728
2026-07-31T23:18:45Z,73,4,0,27,0,0,1,1,1,1785539894
2026-07-31T23:18:45Z,74,3,2,16,0,0,1,1,1,1785538513
2026-07-31T23:18:45Z,75,5,0,26,1,0,1,1,1,1785539764
2026-07-31T23:18:45Z,76,4,1,14,1,0,1,1,1,1785539917
2026-07-31T23:18:45Z,77,15,2,11,1,0,1,1,1,1785539906
2026-07-31T23:18:45Z,78,0,0,23,0,0,1,1,1,1785539784
2026-07-31T23:18:45Z,79,1,0,15,1,0,1,1,1,1785539728
2026-07-31T23:18:45Z,80,12,0,8,3,0,1,1,1,1785539824
2026-07-31T23:18:45Z,81,10,1,21,0,0,1,1,1,1785539586
2026-07-31T23:18:45Z,82,13,12,9,1,0,1,1,1,1785539867
2026-07-31T23:18:45Z,83,6,4,27,2,0,1,1,1,1785539874
2026-07-31T23:18:45Z,84,13,2,14,0,0,1,1,1,1785539915
2026-07-31T23:18:45Z,85,7,1,8,0,0,1,1,1,1785539066
2026-07-31T23:18:45Z,86,6,3,21,0,0,1,1,1,1785539707
2026-07-31T23:18:45Z,87,0,0,19,0,0,1,1,1,1785533075
2026-07-31T23:18:45Z,88,23,1,19,1,0,1,1,1,1785539706
2026-07-31T23:18:45Z,89,17,0,18,0,0,1,1,1,1785539882
2026-07-31T23:18:45Z,90,10,0,7,1,0,1,1,1,1785539719
2026-07-31T23:18:45Z,91,3,1,14,0,0,1,1,1,1785538996
2026-07-31T23:18:45Z,92,5,2,11,3,0,1,1,1,1785539756
2026-07-31T23:18:45Z,93,7,0,15,1,0,1,1,1,1785539598
2026-07-31T23:18:45Z,94,7,0,11,1,0,1,1,1,1785538722
2026-07-31T23:18:45Z,95,6,0,27,1,1,1,1,1,1785539911
2026-07-31T23:18:45Z,96,24,4,6,1,0,1,1,1,1785539848
2026-07-31T23:18:45Z,97,2,1,14,1,0,1,1,1,1785539907
2026-07-31T23:18:45Z,98,24,4,10,1,0,1,1,1,1785538787
2026-07-31T23:18:45Z,99,15,1,0,0,0,1,1,1,1785539633
2026-07-31T23:18:45Z,100,16,3,11,0,0,1,1,1,1785539847
2026-07-31T23:18:45Z,101,8,1,6,1,0,1,1,1,1785539741
2026-07-31T23:18:45Z,102,17,0,5,1,0,1,1,1,1785539811
2026-07-31T23:18:45Z,103,27,1,0,3,0,1,1,1,1785539621
2026-07-31T23:18:45Z,104,11,0,14,2,0,1,1,1,1785539918
2026-07-31T23:18:45Z,105,17,0,2,0,0,1,1,1,1785535842
2026-07-31T23:18:45Z,106,18,0,2,1,0,1,1,1,1785538929
2026-07-31T23:18:45Z,107,18,0,18,1,0,1,1,1,1785539900
2026-07-31T23:18:45Z,108,27,0,5,3,0,1,1,1,1785539710
2026-07-31T23:18:45Z,109,23,0,0,0,0,1,1,1,1785539608
2026-07-31T23:18:45Z,110,18,0,5,0,0,1,1,1,1785539683
2026-07-31T23:18:45Z,111,3,1,33,0,0,1,1,1,1785539806
2026-07-31T23:18:45Z,112,8,1,6,1,0,1,1,1,1785539713
2026-07-31T23:18:45Z,113,6,0,12,1,0,1,1,1,1785539918
2026-07-31T23:18:45Z,114,8,3,20,2,1,1,1,1,1785539884
2026-07-31T23:18:45Z,115,17,10,5,6,0,1,1,1,1785539907
2026-07-31T23:18:45Z,116,9,7,18,0,0,1,1,1,1785539568
2026-07-31T23:18:45Z,118,20,2,0,3,0,1,1,1,1785539827
2026-07-31T23:18:45Z,119,0,0,36,2,0,1,1,1,1785538638
2026-07-31T23:18:45Z,120,2,0,24,1,0,1,1,1,1785539914
2026-07-31T23:18:45Z,121,2,2,15,1,1,1,1,1,1785539913
2026-07-31T23:18:45Z,122,16,1,3,2,0,1,1,1,1785539559
2026-07-31T23:18:45Z,123,2,1,45,0,0,1,1,1,1785538892
2026-07-31T23:18:45Z,124,11,2,24,0,0,1,1,1,1785539816
2026-07-31T23:18:45Z,125,0,0,23,0,0,1,1,1,1785539913
2026-07-31T23:18:45Z,126,12,2,19,0,0,1,1,1,1785539904
2026-07-31T23:18:45Z,127,14,3,19,2,0,1,1,1,1785539842
2026-07-31T23:18:45Z,128,14,5,5,0,0,1,1,1,1785539815
2026-07-31T23:18:45Z,129,3,1,14,2,0,1,1,1,1785539918
2026-07-31T23:18:45Z,130,10,0,7,0,0,1,1,1,1785539871
2026-07-31T23:18:45Z,131,7,1,3,1,0,1,1,1,1785538917
2026-07-31T23:18:45Z,132,11,3,3,0,1,1,1,1,1785539724
2026-07-31T23:18:45Z,134,10,0,8,5,0,1,1,1,1785539845
2026-07-31T23:18:45Z,135,6,4,10,3,0,1,1,1,1785539380
2026-07-31T23:18:45Z,136,0,0,1,19,3,1,1,1,1785539718
2026-07-31T23:18:45Z,137,2,2,17,0,0,1,1,1,1785539757
2026-07-31T23:18:45Z,138,23,1,14,0,0,1,1,1,1785539866
2026-07-31T23:18:45Z,139,10,5,9,0,0,1,1,1,1785539897
2026-07-31T23:18:45Z,140,6,1,15,2,0,1,1,1,1785539916
2026-07-31T23:18:45Z,141,9,4,27,0,0,1,1,1,1785539792
2026-07-31T23:18:45Z,142,10,0,13,0,0,1,1,1,1785539700
2026-07-31T23:18:45Z,143,11,0,19,1,0,1,1,1,1785539747
2026-07-31T23:18:45Z,144,20,2,6,1,0,1,1,1,1785539766
2026-07-31T23:18:45Z,146,8,0,14,1,0,1,1,1,1785539866
2026-07-31T23:18:45Z,147,2,0,14,3,0,1,1,1,1785539906
2026-07-31T23:18:45Z,148,1,1,22,4,0,1,1,1,1785539728
2026-07-31T23:18:45Z,149,0,0,27,0,0,1,1,1,1785537283
2026-07-31T23:18:45Z,150,5,2,28,2,0,1,1,1,1785539835
2026-07-31T23:18:45Z,151,3,0,20,0,0,1,1,1,1785539588
2026-07-31T23:18:45Z,152,10,3,13,3,0,1,1,1,1785539858
2026-07-31T23:18:45Z,153,8,0,18,2,0,1,1,1,1785539734
2026-07-31T23:18:45Z,154,10,4,10,3,0,1,1,1,1785539838
2026-07-31T23:18:45Z,155,7,3,6,1,0,1,1,1,1785539711
2026-07-31T23:18:45Z,156,4,0,15,0,0,1,1,1,1785539863
2026-07-31T23:18:45Z,157,18,0,7,2,0,1,1,1,1785539889
2026-07-31T23:18:45Z,158,14,0,1,1,0,1,1,1,1785538718
2026-07-31T23:18:45Z,159,3,3,16,0,0,1,1,1,1785539283
2026-07-31T23:18:45Z,160,5,1,14,0,0,1,1,1,1785539205
2026-07-31T23:18:45Z,161,14,2,8,0,0,1,1,1,1785539878
2026-07-31T23:18:45Z,162,12,11,13,2,0,1,1,1,1785539875
2026-07-31T23:18:45Z,163,0,0,29,1,1,1,1,1,1785539868
2026-07-31T23:18:45Z,164,13,1,14,0,0,1,1,1,1785539515
2026-07-31T23:18:45Z,165,30,3,1,0,0,1,1,1,1785539848
2026-07-31T23:18:45Z,166,23,11,13,3,0,1,1,1,1785539919
2026-07-31T23:18:45Z,167,8,1,14,1,0,1,1,1,1785539879
2026-07-31T23:18:45Z,168,24,0,2,1,0,1,1,1,1785539796
2026-07-31T23:18:45Z,169,7,0,14,1,1,1,1,1,1785539856
2026-07-31T23:18:45Z,170,7,0,11,1,0,1,1,1,1785539780
2026-07-31T23:18:45Z,171,4,2,7,2,0,1,1,1,1785539908
2026-07-31T23:18:45Z,173,22,0,17,0,0,1,1,1,1785539666
2026-07-31T23:18:45Z,174,5,0,21,0,0,1,1,1,1785539858
2026-07-31T23:18:45Z,175,30,2,0,1,0,1,1,1,1785539760
2026-07-31T23:18:45Z,176,13,3,0,1,1,1,1,1,1785539581
2026-07-31T23:18:45Z,177,7,0,20,0,0,1,1,1,1785539913
2026-07-31T23:18:45Z,178,9,0,3,2,1,1,1,1,1785539918
2026-07-31T23:18:45Z,179,11,1,2,2,0,1,1,1,1785539897
2026-07-31T23:18:45Z,180,1,0,29,0,0,1,1,1,1785538578
2026-07-31T23:18:45Z,181,5,1,10,0,0,1,1,1,1785539877
2026-07-31T23:18:45Z,182,0,0,16,1,0,1,1,1,1785538910
2026-07-31T23:18:45Z,183,3,1,19,1,0,1,1,1,1785539897
2026-07-31T23:18:45Z,184,5,5,16,2,0,1,1,1,1785539909
2026-07-31T23:18:45Z,185,5,5,6,3,1,1,1,1,1785539660
2026-07-31T23:18:45Z,186,8,0,11,0,0,1,1,1,1785539756
2026-07-31T23:18:45Z,187,2,0,24,2,0,1,1,1,1785539807
2026-07-31T23:18:45Z,188,9,3,10,8,0,1,1,1,1785539848
2026-07-31T23:18:45Z,189,9,5,6,0,0,1,1,1,1785538773
2026-07-31T23:18:45Z,190,1,0,21,1,0,1,1,1,1785539826
2026-07-31T23:18:45Z,191,2,0,37,0,0,1,1,1,1785539888
2026-07-31T23:18:45Z,192,2,2,28,1,0,1,1,1,1785539697
2026-07-31T23:18:45Z,193,7,6,5,3,0,1,1,1,1785539782
2026-07-31T23:18:45Z,194,6,3,21,0,0,1,1,1,1785539878
2026-07-31T23:18:45Z,195,5,1,14,0,0,1,1,1,1785539465
2026-07-31T23:18:45Z,196,7,4,18,2,0,1,1,1,1785539881
2026-07-31T23:18:45Z,197,2,0,16,0,1,1,1,1,1785539779
2026-07-31T23:18:45Z,198,16,6,6,1,0,1,1,1,1785539751
2026-07-31T23:18:45Z,199,13,7,0,2,0,1,1,1,1785539858
2026-07-31T23:18:45Z,200,1,0,24,1,0,1,1,1,1785539885
2026-07-31T23:18:45Z,201,5,5,18,0,0,1,1,1,1785539864
2026-07-31T23:18:45Z,202,27,2,0,0,0,1,1,1,1785538983
2026-07-31T23:18:45Z,203,23,0,7,1,0,1,1,1,1785539698
2026-07-31T23:18:45Z,204,5,1,29,1,0,1,1,1,1785539798
2026-07-31T23:18:45Z,205,8,2,18,1,0,1,1,1,1785539399
2026-07-31T23:18:45Z,206,7,7,5,3,0,1,1,1,1785539776
2026-07-31T23:18:45Z,207,19,2,2,0,0,1,1,1,1785539916
2026-07-31T23:18:45Z,208,5,1,24,0,0,1,1,1,1785539459
2026-07-31T23:18:45Z,209,22,0,8,1,0,1,1,1,1785539908
2026-07-31T23:18:45Z,210,9,8,18,0,0,1,1,1,1785539820
2026-07-31T23:18:45Z,211,17,0,5,1,0,1,1,1,1785539806
2026-07-31T23:18:45Z,212,22,6,11,2,0,1,1,1,1785539852
2026-07-31T23:18:45Z,213,13,5,8,2,0,1,1,1,1785539649
2026-07-31T23:18:45Z,214,23,7,23,1,0,1,1,1,1785539918
2026-07-31T23:18:45Z,215,1,0,21,1,0,1,1,1,1785539293
2026-07-31T23:18:45Z,216,6,4,11,2,0,1,1,1,1785539638
2026-07-31T23:18:45Z,217,28,3,0,1,0,1,1,1,1785539825
2026-07-31T23:18:45Z,218,30,16,8,1,0,1,1,1,1785539846
2026-07-31T23:18:45Z,219,19,0,6,1,0,1,1,1,1785539806
2026-07-31T23:18:45Z,220,23,13,18,1,1,1,1,1,1785539524
2026-07-31T23:18:45Z,221,14,8,0,1,0,1,1,1,1785538987
2026-07-31T23:18:45Z,222,16,6,3,0,0,1,1,1,1785539801
2026-07-31T23:18:45Z,223,0,0,32,3,0,1,1,1,1785539753
2026-07-31T23:18:45Z,224,6,6,15,1,0,1,1,1,1785539748
2026-07-31T23:18:45Z,225,2,1,14,3,0,1,1,1,1785539917
2026-07-31T23:18:45Z,226,27,8,1,3,0,1,1,1,1785539814
2026-07-31T23:18:45Z,227,4,3,22,1,0,1,1,1,1785539844
2026-07-31T23:18:45Z,228,2,0,16,1,0,1,1,1,1785539914
2026-07-31T23:18:45Z,230,3,1,23,0,0,1,1,1,1785539893
2026-07-31T23:18:45Z,232,7,1,9,1,0,1,1,1,1785539311
2026-07-31T23:18:45Z,233,23,10,7,1,0,1,1,1,1785539918
2026-07-31T23:18:45Z,234,9,8,4,4,2,1,1,1,1785539420
2026-07-31T23:18:45Z,236,9,4,9,1,0,1,1,1,1785539506
2026-07-31T23:18:45Z,237,1,0,21,1,0,1,1,1,1785538523
2026-07-31T23:18:45Z,239,21,11,5,1,0,1,1,1,1785539743
2026-07-31T23:18:45Z,241,1,0,21,1,0,1,1,1,1785539811
2026-07-31T23:18:45Z,242,6,2,16,1,0,1,1,1,1785539916
2026-07-31T23:18:45Z,243,19,15,11,1,0,1,1,1,1785539917
2026-07-31T23:18:45Z,244,13,2,13,1,0,1,1,1,1785539891
2026-07-31T23:18:45Z,245,2,1,21,0,0,1,1,1,1785539724
2026-07-31T23:18:45Z,246,2,2,21,0,0,1,1,1,1785538912
2026-07-31T23:18:45Z,247,3,3,18,2,0,1,1,1,1785539378
2026-07-31T23:18:45Z,248,13,5,8,2,0,1,1,1,1785539813
2026-07-31T23:18:45Z,249,10,10,8,1,0,1,1,1,1785539640
2026-07-31T23:18:45Z,250,5,0,19,3,0,1,1,1,1785539725
2026-07-31T23:18:45Z,251,13,10,9,5,0,1,1,1,1785539873
2026-07-31T23:18:45Z,253,5,5,14,0,0,1,1,1,1785539708
2026-07-31T23:18:45Z,254,3,2,39,1,0,1,1,1,1785539889
2026-07-31T23:18:45Z,255,8,2,14,0,1,1,1,1,1785539850
2026-07-31T23:18:45Z,256,6,3,16,1,0,1,1,1,1785539647
2026-07-31T23:18:45Z,257,5,1,14,0,0,1,1,1,1785539321
2026-07-31T23:18:45Z,258,11,7,6,2,0,1,1,1,1785539898
2026-07-31T23:18:45Z,259,8,0,14,0,1,1,1,1,1785539903
2026-07-31T23:18:45Z,260,12,8,6,1,0,1,1,1,1785539378
2026-07-31T23:18:45Z,261,1,0,16,1,1,1,1,1,1785539587
2026-07-31T23:18:45Z,262,4,0,18,1,0,1,1,1,1785539916
2026-07-31T23:18:45Z,263,11,10,3,1,0,1,1,1,1785538778
2026-07-31T23:18:45Z,264,3,1,16,0,0,1,1,1,1785539835
2026-07-31T23:18:45Z,265,4,0,11,0,0,1,1,1,1785539649
2026-07-31T23:18:45Z,266,12,11,5,2,0,1,1,1,1785539820
2026-07-31T23:18:45Z,267,8,3,5,2,0,1,1,1,1785537006
2026-07-31T23:18:45Z,268,21,8,1,1,0,1,1,1,1785539334
2026-07-31T23:18:45Z,269,4,2,18,1,0,1,1,1,1785539646
2026-07-31T23:18:45Z,270,13,2,12,2,0,1,1,1,1785539724
2026-07-31T23:18:45Z,271,1,0,16,2,0,1,1,1,1785539363
2026-07-31T23:18:45Z,272,4,4,19,0,0,1,1,1,1785539810
2026-07-31T23:18:45Z,273,2,1,13,0,0,1,1,1,1785539650
2026-07-31T23:18:45Z,274,3,1,15,1,0,1,1,1,1785539541
2026-07-31T23:18:45Z,275,2,0,17,4,0,1,1,1,1785539798
2026-07-31T23:18:45Z,276,3,3,24,0,0,1,1,1,1785539850
2026-07-31T23:18:45Z,277,2,0,17,4,0,1,1,1,1785539915
2026-07-31T23:18:45Z,278,1,0,28,2,0,1,1,1,1785539568
2026-07-31T23:18:45Z,279,2,0,17,0,0,1,1,1,1785539486
2026-07-31T23:18:45Z,280,1,1,28,2,0,1,1,1,1785539899
2026-07-31T23:18:45Z,281,10,0,9,0,0,1,1,1,1785539893
2026-07-31T23:18:45Z,282,10,2,8,0,0,1,1,1,1785538802
2026-07-31T23:18:45Z,283,18,3,17,0,0,1,1,1,1785539542
2026-07-31T23:18:45Z,284,24,1,8,3,0,1,1,1,1785539915
2026-07-31T23:18:45Z,285,2,1,21,0,0,1,1,1,1785539834
2026-07-31T23:18:45Z,286,10,5,13,0,0,1,1,1,1785539424
2026-07-31T23:18:45Z,287,10,1,10,3,0,1,1,1,1785539224
2026-07-31T23:18:45Z,288,4,1,13,2,0,1,1,1,1785539657
2026-07-31T23:18:45Z,289,10,8,14,3,0,1,1,1,1785539705
2026-07-31T23:18:45Z,290,18,1,19,2,0,1,1,1,1785539900
2026-07-31T23:18:45Z,291,3,0,19,1,0,1,1,1,1785539786
2026-07-31T23:18:45Z,292,2,2,21,0,0,1,1,1,1785539491
2026-07-31T23:18:45Z,293,0,0,20,3,0,1,1,1,1785539851
2026-07-31T23:18:45Z,294,10,5,10,2,0,1,1,1,1785539900
2026-07-31T23:18:45Z,297,8,0,9,1,1,1,1,1,1785539909
2026-07-31T23:18:45Z,301,17,2,2,0,0,1,1,1,1785539912
2026-07-31T23:18:45Z,302,19,2,4,0,0,1,1,1,1785539866
2026-07-31T23:18:45Z,303,0,0,19,0,0,1,1,1,1785539604
2026-07-31T23:18:45Z,304,0,0,0,0,0,0,1,1,86400
2026-07-31T23:18:45Z,305,1,0,17,1,0,1,1,1,1785539912
2026-07-31T23:18:45Z,306,10,0,21,1,0,1,1,1,1785538493
2026-07-31T23:18:45Z,307,10,2,13,0,0,1,1,1,1785539718
2026-07-31T23:18:45Z,308,17,2,0,2,0,1,1,1,1785539748
2026-07-31T23:18:45Z,309,8,0,6,0,0,1,1,1,1785539917
2026-07-31T23:18:45Z,311,12,1,3,0,0,1,1,1,1785539901
2026-07-31T23:18:45Z,312,5,5,15,3,0,1,1,1,1785539659
2026-07-31T23:18:45Z,313,1,0,14,0,0,1,1,1,1785538550
2026-07-31T23:18:45Z,314,6,1,11,2,0,1,1,1,1785538180
2026-07-31T23:18:45Z,315,12,11,16,3,0,1,1,1,1785539826
2026-07-31T23:18:45Z,316,5,1,20,5,1,1,1,1,1785539893
2026-07-31T23:18:45Z,317,18,10,12,0,1,1,1,1,1785539887
2026-07-31T23:18:45Z,318,19,4,0,0,0,1,1,1,1785538466
2026-07-31T23:18:45Z,319,4,1,17,2,0,1,1,1,1785539873
2026-07-31T23:18:45Z,320,5,0,13,1,0,1,1,1,1785539609
2026-07-31T23:18:45Z,321,2,0,13,4,0,1,1,1,1785539912
2026-07-31T23:18:45Z,322,22,0,7,0,0,1,1,1,1785539181
2026-07-31T23:18:45Z,323,7,0,10,2,0,1,1,1,1785539413
2026-07-31T23:18:45Z,324,20,1,6,1,0,1,1,1,1785539909
2026-07-31T23:18:45Z,325,2,1,23,2,0,1,1,1,1785539594
2026-07-31T23:18:45Z,327,24,1,1,2,0,1,1,1,1785539856
2026-07-31T23:18:45Z,328,16,0,5,1,0,1,1,1,1785539510
2026-07-31T23:18:45Z,329,9,1,7,3,0,1,1,1,1785539860
2026-07-31T23:18:45Z,330,21,0,1,0,0,1,1,1,1785539860
2026-07-31T23:18:45Z,331,14,1,7,2,0,1,1,1,1785539760
2026-07-31T23:18:45Z,332,2,1,14,3,0,1,1,1,1785539711
2026-07-31T23:18:45Z,333,3,1,18,2,0,1,1,1,1785539846
2026-07-31T23:18:45Z,334,0,0,22,1,0,1,1,1,1785539286
2026-07-31T23:18:45Z,335,6,3,16,0,1,1,1,1,1785539849
2026-07-31T23:18:45Z,336,1,1,18,0,0,1,1,1,1785539774
2026-07-31T23:18:45Z,337,3,3,16,4,0,1,1,1,1785539839
2026-07-31T23:18:45Z,338,3,2,16,0,0,1,1,1,1785539850
2026-07-31T23:18:45Z,339,2,2,19,2,0,1,1,1,1785539695
2026-07-31T23:18:45Z,340,3,2,11,1,0,1,1,1,1785539911
2026-07-31T23:18:45Z,341,3,2,16,0,0,1,1,1,1785539754
2026-07-31T23:18:45Z,342,3,0,12,0,0,1,1,1,1785539380
2026-07-31T23:18:45Z,343,3,3,19,1,0,1,1,1,1785539522
2026-07-31T23:18:45Z,344,4,1,18,1,0,1,1,1,1785539106
2026-07-31T23:18:45Z,345,19,4,0,0,0,1,1,1,1785539887
2026-07-31T23:18:45Z,346,2,1,21,0,0,1,1,1,1785538831
2026-07-31T23:18:45Z,347,14,2,27,3,0,1,1,1,1785539913
2026-07-31T23:18:45Z,348,9,0,12,1,1,1,1,1,1785539873
2026-07-31T23:18:45Z,349,9,2,10,0,0,1,1,1,1785539405
2026-07-31T23:18:45Z,350,4,1,21,1,1,1,1,1,1785539835
2026-07-31T23:18:45Z,351,11,3,10,2,0,1,1,1,1785539766
2026-07-31T23:18:45Z,355,9,1,14,0,0,1,1,1,1785539853
2026-07-31T23:18:45Z,356,0,0,19,0,0,1,1,1,1785539768
2026-07-31T23:18:45Z,357,2,2,17,0,0,1,1,1,1785539745
2026-07-31T23:18:45Z,358,24,2,2,1,0,1,1,1,1785538908
2026-07-31T23:18:45Z,359,11,0,16,0,0,1,1,1,1785539907
2026-07-31T23:18:45Z,360,3,1,16,0,0,1,1,1,1785539351
2026-07-31T23:18:45Z,362,3,2,13,3,0,1,1,1,1785539888
2026-07-31T23:18:45Z,363,21,2,6,0,0,1,1,1,1785539799
2026-07-31T23:18:45Z,364,2,1,17,0,0,1,1,1,1785539826
2026-07-31T23:18:45Z,365,1,1,18,4,0,1,1,1,1785539893
2026-07-31T23:18:45Z,366,6,4,16,1,0,1,1,1,1785539699
2026-07-31T23:18:45Z,367,4,3,13,2,0,1,1,1,1785539151
2026-07-31T23:18:45Z,368,1,1,21,1,0,1,1,1,1785539671
2026-07-31T23:18:45Z,370,6,2,21,0,0,1,1,1,1785539693
2026-07-31T23:18:45Z,371,1,1,16,2,0,1,1,1,1785539757
2026-07-31T23:18:45Z,372,12,0,3,0,0,1,1,1,1785538861
2026-07-31T23:18:45Z,373,1,0,25,1,0,1,1,1,1785539517
2026-07-31T23:18:45Z,374,7,4,11,1,0,1,1,1,1785539202
2026-07-31T23:18:45Z,375,4,0,22,1,0,1,1,1,1785539878
2026-07-31T23:18:45Z,376,1,0,37,1,0,1,1,1,1785539658
2026-07-31T23:18:45Z,377,2,2,23,2,0,1,1,1,1785539241
2026-07-31T23:18:45Z,378,3,0,20,0,1,1,1,1,1785539719
2026-07-31T23:18:45Z,379,24,1,0,3,0,1,1,1,1785539802
2026-07-31T23:18:45Z,380,4,1,19,0,0,1,1,1,1785539589
2026-07-31T23:18:45Z,381,8,0,15,0,0,1,1,1,1785539382
2026-07-31T23:18:45Z,383,3,0,9,3,0,1,1,1,1785539630
2026-07-31T23:18:45Z,384,1,0,23,3,0,1,1,1,1785538397
2026-07-31T23:18:45Z,385,0,0,17,1,0,1,1,1,1785538725
2026-07-31T23:18:45Z,387,2,0,21,0,0,1,1,1,1785538328
2026-07-31T23:18:45Z,388,34,0,10,5,0,1,1,1,1785539634
2026-07-31T23:18:45Z,389,8,4,6,1,0,1,1,1,1785539773
2026-07-31T23:18:45Z,390,15,3,19,1,0,1,1,1,1785539898
2026-07-31T23:18:45Z,391,5,3,10,0,0,1,1,1,1785539218
2026-07-31T23:18:45Z,392,3,2,14,2,0,1,1,1,1785539745
2026-07-31T23:18:45Z,393,1,1,7,3,0,1,1,1,1785537873
2026-07-31T23:18:45Z,394,8,2,3,2,0,1,1,1,1785539803
2026-07-31T23:18:45Z,396,2,1,40,0,0,1,1,1,1785539853
2026-07-31T23:18:45Z,397,7,7,24,0,0,1,1,1,1785538169
2026-07-31T23:18:45Z,399,3,1,12,2,0,1,1,1,1785539490
2026-07-31T23:18:45Z,400,16,9,5,2,0,1,1,1,1785538879
2026-07-31T23:18:45Z,401,2,0,29,8,0,1,1,1,1785539844
2026-07-31T23:18:45Z,403,19,7,8,4,0,1,1,1,1785539901
2026-07-31T23:18:45Z,404,4,2,18,1,0,1,1,1,1785539399
2026-07-31T23:18:45Z,406,11,2,22,2,0,1,1,1,1785539918
2026-07-31T23:18:45Z,407,15,1,18,1,0,1,1,1,1785539610
2026-07-31T23:18:45Z,408,2,2,28,3,0,1,1,1,1785539891
2026-07-31T23:18:45Z,409,9,0,9,5,0,1,1,1,1785539797
2026-07-31T23:18:45Z,413,10,4,12,1,0,1,1,1,1785539883
2026-07-31T23:18:45Z,414,12,0,3,0,0,1,1,1,1785539905
2026-07-31T23:18:45Z,417,5,3,14,0,0,1,1,1,1785539692
2026-07-31T23:18:45Z,418,2,2,13,0,0,1,1,1,1785537921
2026-07-31T23:18:45Z,419,13,1,10,0,0,1,1,1,1785539553
2026-07-31T23:18:45Z,421,15,0,4,0,0,1,1,1,1785539708
2026-07-31T23:18:45Z,422,9,0,17,1,0,1,1,1,1785539853
2026-07-31T23:18:45Z,423,2,0,21,0,0,1,1,1,1785538595
2026-07-31T23:18:45Z,424,5,2,7,3,0,1,1,1,1785539082
2026-07-31T23:18:45Z,425,16,0,5,0,1,1,1,1,1785539530
2026-07-31T23:18:45Z,426,2,0,33,2,0,1,1,1,1785539906
2026-07-31T23:18:45Z,427,11,1,2,2,0,1,1,1,1785539844
2026-07-31T23:18:45Z,428,16,0,2,1,0,1,1,1,1785539668
2026-07-31T23:18:45Z,429,3,1,19,1,0,1,1,1,1785539850
2026-07-31T23:18:45Z,430,5,0,25,1,0,1,1,1,1785539791
2026-07-31T23:18:45Z,431,2,1,30,1,0,1,1,1,1785539806
2026-07-31T23:18:45Z,432,0,0,30,1,0,0,1,1,1785508564
2026-07-31T23:18:45Z,433,7,1,12,4,0,1,1,1,1785539152
2026-07-31T23:18:45Z,437,1,1,14,4,0,1,1,1,1785539730
2026-07-31T23:18:45Z,438,3,1,15,1,0,1,1,1,1785539642
2026-07-31T23:18:45Z,439,11,4,4,0,0,1,1,1,1785538736
2026-07-31T23:18:45Z,440,10,2,4,1,0,1,1,1,1785539895
2026-07-31T23:18:45Z,441,3,1,10,2,0,1,1,1,1785539708
2026-07-31T23:18:45Z,442,9,1,7,3,0,1,1,1,1785539835
2026-07-31T23:18:45Z,443,6,2,21,0,0,1,1,1,1785537918
2026-07-31T23:18:45Z,444,1,1,22,0,0,1,1,1,1785535180
2026-07-31T23:18:45Z,445,6,2,16,1,0,1,1,1,1785539875
2026-07-31T23:18:45Z,446,0,0,23,0,0,1,1,1,1785539316
2026-07-31T23:18:45Z,447,4,0,17,1,1,1,1,1,1785538957
2026-07-31T23:18:45Z,448,7,0,7,1,0,1,1,1,1785539001
2026-07-31T23:18:45Z,452,3,3,15,1,0,1,1,1,1785539800
2026-07-31T23:18:45Z,453,3,1,7,5,0,1,1,1,1785539873
2026-07-31T23:18:45Z,454,7,1,12,0,0,1,1,1,1785539835
2026-07-31T23:18:45Z,455,23,1,16,0,0,1,1,1,1785539783
2026-07-31T23:18:45Z,456,10,1,9,1,0,1,1,1,1785539795
2026-07-31T23:18:45Z,457,0,0,25,2,0,1,1,1,1785538984
2026-07-31T23:18:45Z,458,10,4,12,1,0,1,1,1,1785539850
2026-07-31T23:18:45Z,459,12,0,3,0,0,1,1,1,1785539614
2026-07-31T23:18:45Z,460,13,0,10,0,0,1,1,1,1785539916
2026-07-31T23:18:45Z,461,10,0,9,0,0,1,1,1,1785539732
2026-07-31T23:18:45Z,462,21,1,0,0,0,1,1,1,1785539689
2026-07-31T23:18:45Z,463,7,0,12,0,0,1,1,1,1785537831
2026-07-31T23:18:45Z,464,5,0,9,0,0,1,1,1,1785539609
2026-07-31T23:18:45Z,465,3,2,12,0,0,1,1,1,1785539886
2026-07-31T23:18:45Z,466,8,3,1,6,0,1,1,1,1785539912
2026-07-31T23:18:45Z,467,1,0,18,0,0,1,1,1,1785538900
2026-07-31T23:18:45Z,468,2,0,16,1,0,1,1,1,1785539435
2026-07-31T23:18:45Z,469,6,1,15,2,0,1,1,1,1785539739
2026-07-31T23:18:45Z,470,1,0,12,2,0,1,1,1,1785539610
2026-07-31T23:18:45Z,471,21,1,6,0,0,1,1,1,1785539859
2026-07-31T23:18:45Z,472,4,3,13,2,0,1,1,1,1785539870
2026-07-31T23:18:45Z,473,8,0,11,0,0,1,1,1,1785539597
2026-07-31T23:18:45Z,474,5,0,12,2,0,1,1,1,1785539212
2026-07-31T23:18:45Z,475,1,0,17,1,0,1,1,1,1785539805
2026-07-31T23:18:45Z,477,4,2,11,0,0,1,1,1,1785539658
2026-07-31T23:18:45Z,478,31,0,0,0,0,1,1,1,1785539237
2026-07-31T23:18:45Z,479,4,0,21,2,0,1,1,1,1785539285
2026-07-31T23:18:45Z,480,5,1,9,1,0,1,1,1,1785538872
2026-07-31T23:18:45Z,481,13,1,21,1,0,1,1,1,1785539715
2026-07-31T23:18:45Z,482,3,1,15,1,0,1,1,1,1785539687
2026-07-31T23:18:45Z,483,6,0,19,2,0,1,1,1,1785539897
2026-07-31T23:18:45Z,484,1,0,17,1,0,1,1,1,1785539886
2026-07-31T23:18:45Z,485,15,5,3,0,1,1,1,1,1785539667
2026-07-31T23:18:45Z,486,3,0,22,2,0,1,1,1,1785539612
2026-07-31T23:18:45Z,487,8,6,9,2,0,1,1,1,1785539552
2026-07-31T23:18:45Z,489,0,0,15,0,0,1,1,1,1785539469
2026-07-31T23:18:45Z,490,10,1,6,0,0,1,1,1,1785539157
2026-07-31T23:18:45Z,491,8,2,12,1,0,1,1,1,1785538671
2026-07-31T23:18:45Z,492,1,1,7,3,0,1,1,1,1785539918
2026-07-31T23:18:45Z,493,19,0,8,0,0,1,1,1,1785539181
2026-07-31T23:18:45Z,495,10,0,4,1,0,1,1,1,1785536672
2026-07-31T23:18:45Z,496,8,0,19,0,0,1,1,1,1785539551
2026-07-31T23:18:45Z,497,1,1,17,0,0,1,1,1,1785539766
2026-07-31T23:18:45Z,498,3,0,19,1,0,1,1,1,1785539893
2026-07-31T23:18:45Z,499,6,1,11,2,0,1,1,1,1785539352
2026-07-31T23:18:45Z,500,0,0,12,3,0,1,1,1,1785539919
2026-07-31T23:18:45Z,501,5,0,15,1,0,1,1,1,1785539540
2026-07-31T23:18:45Z,502,1,0,16,2,0,1,1,1,1785539744
2026-07-31T23:18:45Z,503,7,1,23,1,0,1,1,1,1785539905
2026-07-31T23:18:45Z,504,0,0,37,2,0,1,1,1,1785539289
2026-07-31T23:18:45Z,505,6,0,5,1,0,1,1,1,1785539505
2026-07-31T23:18:45Z,511,1,1,21,1,0,1,1,1,1785539414
2026-07-31T23:18:45Z,512,15,0,12,0,0,1,1,1,1785539770
2026-07-31T23:18:45Z,514,3,2,7,1,0,1,1,1,1785539548
2026-07-31T23:18:45Z,515,8,3,11,0,0,1,1,1,1785538616
2026-07-31T23:18:45Z,516,17,0,10,0,0,1,1,1,1785539513
2026-07-31T23:18:45Z,517,8,2,15,0,0,1,1,1,1785539802
2026-07-31T23:18:45Z,518,6,0,8,1,0,1,1,1,1785539094
2026-07-31T23:18:45Z,519,5,4,13,1,0,1,1,1,1785538253
2026-07-31T23:18:45Z,520,20,6,2,4,1,1,1,1,1785539914
2026-07-31T23:18:45Z,521,6,3,17,0,0,1,1,1,1785539641
2026-07-31T23:18:45Z,522,19,2,2,2,0,1,1,1,1785539866
2026-07-31T23:18:45Z,523,13,7,9,1,0,1,1,1,1785539880
2026-07-31T23:18:45Z,524,21,2,2,0,0,1,1,1,1785539500
2026-07-31T23:18:45Z,525,12,1,7,0,0,1,1,1,1785539369
2026-07-31T23:18:45Z,526,6,3,8,1,0,1,1,1,1785538120
2026-07-31T23:18:45Z,527,12,12,13,1,0,1,1,1,1785539730
2026-07-31T23:18:45Z,528,17,3,5,1,0,1,1,1,1785539908
2026-07-31T23:18:45Z,529,8,5,5,6,0,1,1,1,1785539916
2026-07-31T23:18:45Z,530,12,0,6,3,0,1,1,1,1785539475
2026-07-31T23:18:45Z,531,21,1,1,0,1,1,1,1,1785539575
2026-07-31T23:18:45Z,532,1,1,28,2,0,1,1,1,1785537999
2026-07-31T23:18:45Z,533,12,0,6,1,0,1,1,1,1785539437
2026-07-31T23:18:45Z,534,5,2,18,0,0,1,1,1,1785539591
2026-07-31T23:18:45Z,535,2,0,13,0,0,1,1,1,1785539846
2026-07-31T23:18:45Z,536,13,0,10,0,0,1,1,1,1785539761
2026-07-31T23:18:45Z,537,0,0,20,0,0,1,1,1,1785538365
2026-07-31T23:18:45Z,538,13,1,9,0,1,1,1,1,1785539908
2026-07-31T23:18:45Z,539,0,0,31,0,0,1,1,1,1785539622
2026-07-31T23:18:45Z,540,0,0,19,0,0,1,1,1,1785539665
2026-07-31T23:18:45Z,541,1,0,26,0,0,1,1,1,1785539852
2026-07-31T23:18:45Z,542,0,0,23,0,0,1,1,1,1785539390
2026-07-31T23:18:45Z,543,3,1,16,0,0,1,1,1,1785539845
2026-07-31T23:18:45Z,544,4,1,14,4,0,1,1,1,1785539842
2026-07-31T23:18:45Z,545,11,2,4,4,0,1,1,1,1785539764
2026-07-31T23:18:45Z,546,6,1,13,0,0,1,1,1,1785539762
2026-07-31T23:18:45Z,547,10,2,14,1,0,1,1,1,1785539514
2026-07-31T23:18:45Z,548,13,2,10,0,0,1,1,1,1785539536
2026-07-31T23:18:45Z,549,14,1,9,0,0,1,1,1,1785539526
2026-07-31T23:18:45Z,550,11,7,8,0,0,1,1,1,1785539557
2026-07-31T23:18:45Z,551,3,2,20,0,0,1,1,1,1785539178
2026-07-31T23:18:45Z,552,3,0,24,0,0,1,1,1,1785539553
2026-07-31T23:18:45Z,553,1,1,22,0,0,1,1,1,1785539434
2026-07-31T23:18:45Z,554,0,0,19,0,0,1,1,1,1785539385
2026-07-31T23:18:45Z,555,11,0,3,1,0,1,1,1,1785539595
2026-07-31T23:18:45Z,556,7,2,14,2,0,1,1,1,1785539856
2026-07-31T23:18:45Z,557,0,0,21,2,0,1,1,1,1785539645
2026-07-31T23:18:45Z,558,23,13,12,2,0,1,1,1,1785539824
2026-07-31T23:18:45Z,559,5,0,13,1,0,1,1,1,1785539741
2026-07-31T23:18:45Z,560,15,0,12,0,0,1,1,1,1785539751
2026-07-31T23:18:45Z,561,7,0,12,4,0,1,1,1,1785539900
2026-07-31T23:18:45Z,562,3,0,25,7,0,1,1,1,1785539451
2026-07-31T23:18:45Z,563,1,0,12,1,0,1,1,1,1785538517
2026-07-31T23:18:45Z,564,5,2,12,2,0,1,1,1,1785539521
2026-07-31T23:18:45Z,565,0,0,18,1,0,1,1,1,1785538869
2026-07-31T23:18:45Z,566,17,0,1,1,0,1,1,1,1785539911
2026-07-31T23:18:45Z,567,18,0,6,3,0,1,1,1,1785539890
2026-07-31T23:18:45Z,568,10,0,9,0,0,1,1,1,1785539522
2026-07-31T23:18:45Z,569,11,2,8,0,0,1,1,1,1785538858
2026-07-31T23:18:45Z,570,2,0,16,1,0,1,1,1,1785539884
2026-07-31T23:18:45Z,571,8,0,15,0,0,1,1,1,1785539165
2026-07-31T23:18:45Z,572,3,0,15,1,0,1,1,1,1785539458
2026-07-31T23:18:45Z,573,11,2,4,0,0,1,1,1,1785539857
2026-07-31T23:18:45Z,574,4,3,11,0,0,1,1,1,1785539037
2026-07-31T23:18:45Z,575,2,0,18,1,0,1,1,1,1785539785
2026-07-31T23:18:45Z,576,0,0,19,0,0,1,1,1,1785537344
2026-07-31T23:18:45Z,577,28,0,3,0,0,1,1,1,1785539437
2026-07-31T23:18:45Z,578,1,0,21,1,0,1,1,1,1785539656
2026-07-31T23:18:45Z,579,13,0,30,0,0,1,1,1,1785539913
2026-07-31T23:18:45Z,580,2,0,27,0,0,1,1,1,1785539121
2026-07-31T23:18:45Z,581,11,0,8,0,0,1,1,1,1785539820
2026-07-31T23:18:45Z,582,23,0,35,3,0,1,1,1,1785539803
2026-07-31T23:18:45Z,583,3,1,19,1,0,1,1,1,1785539487
2026-07-31T23:18:45Z,584,2,0,13,4,0,1,1,1,1785539475
2026-07-31T23:18:45Z,585,2,0,24,0,1,1,1,1,1785539917
2026-07-31T23:18:45Z,586,17,1,18,0,0,1,1,1,1785539887
2026-07-31T23:18:45Z,587,10,1,13,1,0,1,1,1,1785539712
2026-07-31T23:18:45Z,588,7,2,9,2,1,1,1,1,1785539858
2026-07-31T23:18:45Z,589,7,5,14,1,0,1,1,1,1785539756
2026-07-31T23:18:45Z,590,12,2,19,0,0,1,1,1,1785539786
2026-07-31T23:18:45Z,591,0,0,28,2,0,1,1,1,1785539868
2026-07-31T23:18:45Z,592,3,1,20,0,0,1,1,1,1785539744
2026-07-31T23:18:45Z,593,14,0,24,0,0,1,1,1,1785539031
2026-07-31T23:18:45Z,594,8,1,11,2,0,1,1,1,1785539680
2026-07-31T23:18:45Z,595,0,0,3,0,0,0,1,1,1784046673
2026-07-31T23:18:45Z,605,0,0,2,1,0,0,1,1,1783975843
2026-07-31T23:18:45Z,606,0,0,0,0,0,0,1,1,86400
2026-07-31T23:18:45Z,607,4,3,24,4,0,1,1,1,1785539705
2026-07-31T23:18:45Z,608,39,2,11,0,0,1,1,1,1785539810
2026-07-31T23:18:45Z,609,4,3,19,0,0,1,1,1,1785539643
2026-07-31T23:18:45Z,610,0,0,35,0,0,1,1,1,1785539115
2026-07-31T23:18:45Z,611,12,2,14,1,0,1,1,1,1785539565
2026-07-31T23:18:45Z,612,9,1,6,0,0,1,1,1,1785538391
2026-07-31T23:18:45Z,613,12,4,0,3,0,1,1,1,1785530289
2026-07-31T23:18:45Z,614,0,0,24,2,1,1,1,1,1785539253
2026-07-31T23:18:45Z,617,11,0,3,1,0,1,1,1,1785538212
2026-07-31T23:18:45Z,618,12,1,1,6,0,1,1,1,1785538877
2026-07-31T23:18:45Z,619,11,5,8,0,0,1,1,1,1785539552
2026-07-31T23:18:45Z,620,11,1,16,0,0,1,1,1,1785539680
2026-07-31T23:18:45Z,621,3,0,20,0,0,1,1,1,1785539897
2026-07-31T23:18:45Z,622,4,1,18,1,0,1,1,1,1785539669
2026-07-31T23:18:45Z,623,16,6,14,0,0,1,1,1,1785538388
2026-07-31T23:18:45Z,624,1,0,14,0,0,1,1,1,1785539062
2026-07-31T23:18:45Z,625,17,3,0,4,0,1,1,1,1785539280
2026-07-31T23:18:45Z,626,40,1,5,0,2,1,1,1,1785539790
2026-07-31T23:18:45Z,627,18,5,1,0,0,1,1,1,1785539751
2026-07-31T23:18:45Z,628,1,1,15,2,1,1,1,1,1785539839
2026-07-31T23:18:45Z,629,3,1,6,2,0,1,1,1,1785539795
2026-07-31T23:18:45Z,630,2,1,21,4,0,1,1,1,1785539906
2026-07-31T23:18:45Z,631,4,4,19,0,0,1,1,1,1785539910
2026-07-31T23:18:45Z,632,14,1,7,2,0,1,1,1,1785538981
2026-07-31T23:18:45Z,633,11,3,1,3,0,1,1,1,1785530006
2026-07-31T23:18:45Z,634,8,1,11,0,0,1,1,1,1785539794
2026-07-31T23:18:45Z,635,17,2,2,0,0,1,1,1,1785538729
2026-07-31T23:18:45Z,636,6,2,9,0,0,1,1,1,1785539910
2026-07-31T23:18:45Z,637,5,2,12,2,0,1,1,1,1785539656
2026-07-31T23:18:45Z,638,8,1,9,2,0,1,1,1,1785539913
2026-07-31T23:18:45Z,639,12,2,5,2,0,1,1,1,1785539600
2026-07-31T23:18:45Z,640,4,4,17,2,0,1,1,1,1785539803
2026-07-31T23:18:45Z,641,21,0,6,0,0,1,1,1,1785539908
2026-07-31T23:18:45Z,642,4,2,6,9,0,1,1,1,1785539915
2026-07-31T23:18:45Z,643,1,0,18,8,0,1,1,1,1785539918
2026-07-31T23:18:45Z,644,13,1,1,1,0,1,1,1,1785533615
2026-07-31T23:18:45Z,645,18,1,2,3,0,1,1,1,1785539047
2026-07-31T23:18:45Z,646,3,1,16,0,0,1,1,1,1785539353
2026-07-31T23:18:45Z,647,3,2,28,0,0,1,1,1,1785539413
2026-07-31T23:18:45Z,648,0,0,18,1,0,1,1,1,1785538772
2026-07-31T23:18:45Z,649,20,2,10,1,0,1,1,1,1785539731
2026-07-31T23:18:45Z,650,6,1,8,0,0,1,1,1,1785539174
2026-07-31T23:18:45Z,651,6,4,16,1,0,1,1,1,1785539716
2026-07-31T23:18:45Z,652,4,2,16,3,0,1,1,1,1785539641
2026-07-31T23:18:45Z,653,1,0,17,1,0,1,1,1,1785538494
2026-07-31T23:18:45Z,654,5,1,10,0,0,1,1,1,1785539844
2026-07-31T23:18:45Z,655,8,4,0,4,1,1,1,1,1785539872
2026-07-31T23:18:45Z,656,3,3,16,0,0,1,1,1,1785539684
2026-07-31T23:18:45Z,657,8,4,5,2,2,1,1,1,1785539915
2026-07-31T23:18:45Z,658,9,1,1,0,0,1,1,1,1785537787
2026-07-31T23:18:45Z,659,8,6,5,2,0,1,1,1,1785539517
2026-07-31T23:18:45Z,660,11,3,15,5,0,1,1,1,1785539897
2026-07-31T23:18:45Z,661,9,1,10,0,0,1,1,1,1785539049
2026-07-31T23:18:45Z,662,5,2,14,4,0,1,1,1,1785537702
2026-07-31T23:18:45Z,663,3,0,12,0,0,1,1,1,1785539779
2026-07-31T23:18:45Z,664,10,0,15,2,0,1,1,1,1785539776
2026-07-31T23:18:45Z,665,9,5,5,1,0,1,1,1,1785539878
2026-07-31T23:18:45Z,666,9,3,3,3,0,1,1,1,1785539286
2026-07-31T23:18:45Z,667,18,2,0,1,0,1,1,1,1785539853
2026-07-31T23:18:45Z,668,14,1,5,0,0,1,1,1,1785539630
2026-07-31T23:18:45Z,669,7,3,5,2,0,1,1,1,1785539654
2026-07-31T23:18:45Z,670,16,0,9,2,0,1,1,1,1785539918
2026-07-31T23:18:45Z,671,20,0,7,0,0,1,1,1,1785539888
2026-07-31T23:18:45Z,672,3,0,17,2,1,1,1,1,1785539272
2026-07-31T23:18:45Z,673,17,1,6,0,0,1,1,1,1785539912
2026-07-31T23:18:45Z,674,1,1,20,2,0,1,1,1,1785539761
2026-07-31T23:18:45Z,675,2,1,11,2,0,1,1,1,1785539816
2026-07-31T23:18:45Z,676,6,0,14,2,0,1,1,1,1785538653
2026-07-31T23:18:45Z,681,11,7,3,0,1,1,1,1,1785539740
2026-07-31T23:18:45Z,682,6,1,13,0,0,1,1,1,1785538950
2026-07-31T23:18:45Z,683,1,1,18,0,0,1,1,1,1785527602
2026-07-31T23:18:45Z,684,4,1,23,0,0,1,1,1,1785535557
2026-07-31T23:18:45Z,685,8,0,17,1,1,1,1,1,1785539631
2026-07-31T23:18:45Z,686,11,0,13,3,0,1,1,1,1785539646
2026-07-31T23:18:45Z,687,13,1,16,1,1,1,1,1,1785539673
2026-07-31T23:18:45Z,688,9,1,10,0,0,1,1,1,1785537082
2026-07-31T23:18:45Z,692,0,0,21,0,0,1,1,1,1785538446
2026-07-31T23:18:45Z,693,6,0,2,3,0,1,1,1,1785539685
2026-07-31T23:18:45Z,694,9,4,12,0,0,1,1,1,1785539562
2026-07-31T23:18:45Z,695,3,1,19,1,0,1,1,1,1785539796
2026-07-31T23:18:45Z,696,22,13,0,1,0,1,1,1,1785539866
2026-07-31T23:18:45Z,697,23,5,0,0,0,1,1,1,1785539691
2026-07-31T23:18:45Z,698,22,3,5,0,0,1,1,1,1785539906
2026-07-31T23:18:45Z,699,5,0,9,1,0,1,1,1,1785538775
2026-07-31T23:18:45Z,700,16,1,3,0,0,1,1,1,1785539764
2026-07-31T23:18:45Z,701,18,3,0,1,0,1,1,1,1785539714
2026-07-31T23:18:45Z,702,0,0,22,1,0,1,1,1,1785539192
2026-07-31T23:18:45Z,704,4,0,10,1,0,1,1,1,1785539764
2026-07-31T23:18:45Z,705,2,0,13,0,0,1,1,1,1785538514
2026-07-31T23:18:45Z,706,4,1,9,2,0,1,1,1,1785539642
2026-07-31T23:18:45Z,707,7,1,8,0,0,1,1,1,1785538387
2026-07-31T23:18:45Z,708,18,4,1,0,0,1,1,1,1785539650
2026-07-31T23:18:45Z,709,4,0,9,2,0,1,1,1,1785539548
2026-07-31T23:18:45Z,710,3,0,15,1,0,1,1,1,1785539739
2026-07-31T23:18:45Z,711,13,1,7,3,0,1,1,1,1785539844
2026-07-31T23:18:45Z,712,6,3,8,1,0,1,1,1,1785539895
2026-07-31T23:18:45Z,713,7,4,16,0,0,1,1,1,1785539224
2026-07-31T23:18:45Z,716,4,3,11,0,0,1,1,1,1785538179
2026-07-31T23:18:45Z,717,1,1,22,2,0,1,1,1,1785538318
2026-07-31T23:18:45Z,718,2,0,12,1,0,1,1,1,1785539760
2026-07-31T23:18:45Z,719,4,0,25,0,0,1,1,1,1785539826
2026-07-31T23:18:45Z,720,0,0,19,0,0,1,1,1,1785538444
2026-07-31T23:18:45Z,721,12,1,9,2,0,1,1,1,1785539801
2026-07-31T23:18:45Z,722,7,1,8,0,0,1,1,1,1785538223
2026-07-31T23:18:45Z,723,14,2,9,0,0,1,1,1,1785538454
2026-07-31T23:18:45Z,724,6,2,16,1,0,1,1,1,1785539482
2026-07-31T23:18:45Z,725,5,1,18,0,0,1,1,1,1785539590
2026-07-31T23:18:45Z,726,6,0,11,2,0,1,1,1,1785539561
2026-07-31T23:18:45Z,727,9,5,13,1,0,1,1,1,1785539306
2026-07-31T23:18:45Z,728,9,0,5,1,0,1,1,1,1785538747
2026-07-31T23:18:45Z,729,4,0,15,0,0,1,1,1,1785539910
2026-07-31T23:18:45Z,730,0,0,12,3,0,1,1,1,1785539346
2026-07-31T23:18:45Z,731,2,2,11,2,0,1,1,1,1785539531
2026-07-31T23:18:45Z,732,5,3,10,0,0,1,1,1,1785539816
2026-07-31T23:18:45Z,733,26,3,1,0,0,1,1,1,1785539468
2026-07-31T23:18:45Z,734,1,0,13,0,0,1,1,1,1785539386
2026-07-31T23:18:45Z,735,21,8,6,0,0,1,1,1,1785539549
2026-07-31T23:18:45Z,736,12,0,7,0,0,1,1,1,1785538926
2026-07-31T23:18:45Z,737,3,1,11,0,1,1,1,1,1785538984
2026-07-31T23:18:45Z,738,14,0,5,0,0,1,1,1,1785539767
2026-07-31T23:18:45Z,739,17,0,9,1,0,1,1,1,1785539241
2026-07-31T23:18:45Z,741,5,0,18,0,0,1,1,1,1785538825
2026-07-31T23:18:45Z,742,9,8,24,2,0,1,1,1,1785539896
2026-07-31T23:18:45Z,743,5,2,14,0,0,1,1,1,1785538705
2026-07-31T23:18:45Z,744,9,3,6,0,0,1,1,1,1785539412
2026-07-31T23:18:45Z,745,8,4,11,0,0,1,1,1,1785539220
2026-07-31T23:18:45Z,746,15,0,8,0,0,1,1,1,1785539896
2026-07-31T23:18:45Z,747,0,0,4,0,0,0,1,1,1783446606
2026-07-31T23:18:45Z,748,7,0,16,0,0,1,1,1,1785539558
2026-07-31T23:18:45Z,749,10,0,13,0,0,1,1,1,1785539578
2026-07-31T23:18:45Z,750,7,5,4,0,0,1,1,1,1785539359
2026-07-31T23:18:45Z,751,8,8,15,0,0,1,1,1,1785539773
2026-07-31T23:18:45Z,752,1,0,15,1,0,1,1,1,1785539177
2026-07-31T23:18:45Z,753,4,0,10,1,0,1,1,1,1785539826
2026-07-31T23:18:45Z,754,4,1,11,0,0,1,1,1,1785539844
2026-07-31T23:18:45Z,755,12,4,9,2,0,1,1,1,1785539893
2026-07-31T23:18:45Z,756,2,2,33,2,0,1,1,1,1785539237
2026-07-31T23:18:45Z,757,6,1,13,0,0,1,1,1,1785539256
2026-07-31T23:18:45Z,758,7,3,16,0,0,1,1,1,1785539798
2026-07-31T23:18:45Z,759,0,0,0,0,0,1,1,1,86400
2026-07-31T23:18:45Z,760,9,2,10,0,0,1,1,1,1785531870
2026-07-31T23:18:45Z,761,5,1,18,0,0,1,1,1,1785539868
2026-07-31T23:18:45Z,762,4,2,6,5,0,1,1,1,1785538539
2026-07-31T23:18:45Z,768,7,0,8,4,0,1,1,1,1785539588
2026-07-31T23:18:45Z,769,15,7,2,2,0,1,1,1,1785539838
2026-07-31T23:18:45Z,770,9,2,8,2,0,1,1,1,1785539073
2026-07-31T23:18:45Z,771,12,1,2,1,0,1,1,1,1785538472
2026-07-31T23:18:45Z,772,0,0,15,0,0,1,1,1,1785538999
2026-07-31T23:18:45Z,773,17,4,2,0,0,1,1,1,1785538932
2026-07-31T23:18:45Z,774,7,2,4,4,0,1,1,1,1785539852
2026-07-31T23:18:45Z,775,4,1,12,2,1,1,1,1,1785539021
2026-07-31T23:18:45Z,776,2,0,18,1,0,1,1,1,1785539296
2026-07-31T23:18:45Z,777,10,1,5,0,0,1,1,1,1785539070
2026-07-31T23:18:45Z,778,13,0,6,0,0,1,1,1,1785538920
2026-07-31T23:18:45Z,779,6,0,12,1,0,1,1,1,1785538184
2026-07-31T23:18:45Z,780,2,1,17,0,0,1,1,1,1785539872
2026-07-31T23:18:45Z,781,4,1,5,2,0,1,1,1,1785539596
2026-07-31T23:18:45Z,782,0,0,15,4,0,1,1,1,1785538713
2026-07-31T23:18:45Z,783,6,3,13,0,0,1,1,1,1785539756
2026-07-31T23:18:45Z,784,9,2,10,0,0,1,1,1,1785539373
2026-07-31T23:18:45Z,785,9,2,4,6,0,1,1,1,1785538225
2026-07-31T23:18:45Z,786,5,2,13,1,0,1,1,1,1785539653
2026-07-31T23:18:45Z,787,5,3,9,1,0,1,1,1,1785539781
2026-07-31T23:18:45Z,788,7,1,8,0,0,1,1,1,1785538424
2026-07-31T23:18:45Z,789,7,2,4,4,0,1,1,1,1785538624
2026-07-31T23:18:45Z,790,4,2,18,1,0,1,1,1,1785539534
2026-07-31T23:18:45Z,791,7,0,11,0,1,1,1,1,1785538785
2026-07-31T23:18:45Z,793,3,0,11,1,0,1,1,1,1785539622
2026-07-31T23:18:45Z,794,2,0,25,2,0,1,1,1,1785539898
2026-07-31T23:18:45Z,796,5,3,13,1,0,1,1,1,1785539082
2026-07-31T23:18:45Z,797,8,1,7,0,0,1,1,1,1785539043
2026-07-31T23:18:45Z,798,18,1,6,1,0,1,1,1,1785539863
2026-07-31T23:18:45Z,799,15,2,0,4,0,1,1,1,1785538610
2026-07-31T23:18:45Z,800,1,1,19,1,0,1,1,1,1785539889
2026-07-31T23:18:45Z,801,3,2,17,1,0,1,1,1,1785539654
2026-07-31T23:18:45Z,802,8,0,23,0,0,1,1,1,1785539270
2026-07-31T23:18:45Z,803,2,0,13,0,0,1,1,1,1785539889
2026-07-31T23:18:45Z,806,3,3,11,1,0,1,1,1,1785537704
2026-07-31T23:18:45Z,807,7,4,16,2,0,1,1,1,1785539699
2026-07-31T23:18:45Z,808,8,1,14,3,0,1,1,1,1785539585
2026-07-31T23:18:45Z,809,4,1,18,1,0,1,1,1,1785538656
2026-07-31T23:18:45Z,810,3,1,14,2,0,1,1,1,1785539021
2026-07-31T23:18:45Z,815,3,2,7,4,1,1,1,1,1785539493
2026-07-31T23:18:45Z,817,10,5,5,0,0,1,1,1,1785539829
2026-07-31T23:18:45Z,818,5,1,17,1,0,1,1,1,1785539293
2026-07-31T23:18:45Z,819,5,3,10,0,0,1,1,1,1785537833
2026-07-31T23:18:45Z,820,11,1,6,0,0,1,1,1,1785539614
2026-07-31T23:18:45Z,821,5,3,10,0,0,1,1,1,1785539427
2026-07-31T23:18:45Z,822,4,0,18,1,0,1,1,1,1785539892
2026-07-31T23:18:45Z,823,14,0,1,0,0,1,1,1,1785539908
2026-07-31T23:18:45Z,824,16,6,3,0,0,1,1,1,1785539769
2026-07-31T23:18:45Z,825,7,6,8,0,0,1,1,1,1785538987
2026-07-31T23:18:45Z,826,8,0,9,2,0,1,1,1,1785539622
2026-07-31T23:18:45Z,827,16,4,3,2,0,1,1,1,1785539904
2026-07-31T23:18:45Z,828,11,0,5,2,0,1,1,1,1785538998
2026-07-31T23:18:45Z,829,19,7,8,0,0,1,1,1,1785539661
2026-07-31T23:18:45Z,830,16,0,6,1,0,1,1,1,1785539508
2026-07-31T23:18:45Z,831,5,3,8,2,0,1,1,1,1785539297
2026-07-31T23:18:45Z,832,7,3,8,3,0,1,1,1,1785538338
2026-07-31T23:18:45Z,833,5,1,13,1,0,1,1,1,1785539900
2026-07-31T23:18:45Z,834,6,0,17,1,0,1,1,1,1785539866
2026-07-31T23:18:45Z,835,3,1,13,2,0,1,1,1,1785539913
2026-07-31T23:18:45Z,838,6,4,8,1,0,1,1,1,1785539785
2026-07-31T23:18:45Z,839,6,0,21,2,0,1,1,1,1785539522
2026-07-31T23:18:45Z,840,2,0,26,1,0,1,1,1,1785539865
2026-07-31T23:18:45Z,841,8,2,7,0,0,1,1,1,1785538135
2026-07-31T23:18:45Z,842,2,1,21,0,0,1,1,1,1785539895
2026-07-31T23:18:45Z,843,16,2,15,0,0,1,1,1,1785539831
2026-07-31T23:18:45Z,844,4,0,19,0,0,1,1,1,1785538390
2026-07-31T23:18:45Z,845,5,3,12,2,0,1,1,1,1785538420
2026-07-31T23:18:45Z,846,4,2,14,1,0,1,1,1,1785539374
2026-07-31T23:18:45Z,847,7,1,20,0,0,1,1,1,1785539296
2026-07-31T23:18:45Z,848,2,2,16,1,0,1,1,1,1785538987
2026-07-31T23:18:45Z,849,7,0,7,1,0,1,1,1,1785539179
2026-07-31T23:18:45Z,850,6,0,5,0,0,1,1,1,1785539251
2026-07-31T23:18:45Z,851,3,2,31,3,0,1,1,1,1785539551
2026-07-31T23:18:45Z,852,13,6,6,0,0,1,1,1,1785539907
2026-07-31T23:18:45Z,853,11,5,12,0,0,1,1,1,1785539090
2026-07-31T23:18:45Z,854,0,0,15,0,0,1,1,1,1785539024
2026-07-31T23:18:45Z,855,22,1,5,0,0,1,1,1,1785538890
2026-07-31T23:18:45Z,857,8,6,9,2,0,1,1,1,1785539678
2026-07-31T23:18:45Z,858,5,2,13,1,0,1,1,1,1785538829
2026-07-31T23:18:45Z,859,8,0,12,1,0,1,1,1,1785539002
2026-07-31T23:18:45Z,861,6,0,4,1,0,1,1,1,1785528609
2026-07-31T23:18:45Z,862,3,2,12,0,0,1,1,1,1785538180
2026-07-31T23:18:45Z,863,14,1,4,1,0,1,1,1,1785534680
2026-07-31T23:18:45Z,866,13,1,6,0,0,1,1,1,1785538572
2026-07-31T23:18:45Z,867,14,2,1,0,0,1,1,1,1785539594
2026-07-31T23:18:45Z,868,7,0,8,0,0,1,1,1,1785539854
2026-07-31T23:18:45Z,870,8,4,7,0,0,1,1,1,1785539399
2026-07-31T23:18:45Z,871,0,0,10,1,0,1,1,1,1785539397
2026-07-31T23:18:45Z,872,1,0,13,1,0,1,1,1,1785538175
2026-07-31T23:18:45Z,873,1,0,29,3,0,1,1,1,1785539487
2026-07-31T23:18:45Z,874,3,2,8,4,0,1,1,1,1785539362
2026-07-31T23:18:45Z,875,13,9,1,1,0,1,1,1,1785539303
2026-07-31T23:18:45Z,877,12,11,6,1,0,1,1,1,1785539694
2026-07-31T23:18:45Z,878,3,3,16,0,0,1,1,1,1785538447
2026-07-31T23:18:45Z,879,1,0,18,0,0,1,1,1,1785539297
2026-07-31T23:18:45Z,880,1,0,21,1,0,1,1,1,1785539301
2026-07-31T23:18:45Z,881,3,0,16,0,0,1,1,1,1785538311
2026-07-31T23:18:45Z,882,9,3,9,1,0,1,1,1,1785534469
2026-07-31T23:18:45Z,883,8,3,11,0,0,1,1,1,1785538542
2026-07-31T23:18:45Z,884,10,6,11,0,0,1,1,1,1785539790
2026-07-31T23:18:45Z,885,0,0,19,0,0,1,1,1,1785539919
2026-07-31T23:18:45Z,886,0,0,27,2,0,1,1,1,1785539675
2026-07-31T23:18:45Z,887,5,0,8,4,0,1,1,1,1785538756
2026-07-31T23:18:45Z,888,18,1,21,2,0,1,1,1,1785539917
2026-07-31T23:18:45Z,889,7,0,10,2,0,1,1,1,1785539743
2026-07-31T23:18:45Z,890,7,4,8,0,0,1,1,1,1785537599
2026-07-31T23:18:45Z,891,18,1,4,1,0,1,1,1,1785539477
2026-07-31T23:18:45Z,892,10,0,5,0,0,1,1,1,1785536903
2026-07-31T23:18:45Z,895,2,0,17,0,0,1,1,1,1785536824
2026-07-31T23:18:45Z,896,7,2,28,0,0,1,1,1,1785534764
2026-07-31T23:18:45Z,897,15,0,6,0,0,1,1,1,1785538347
2026-07-31T23:18:45Z,898,2,0,17,0,0,1,1,1,1785539834
2026-07-31T23:18:45Z,899,17,0,0,2,0,1,1,1,1785539631
2026-07-31T23:18:45Z,900,9,0,17,1,0,1,1,1,1785539340
2026-07-31T23:18:45Z,901,4,0,14,1,0,1,1,1,1785539910
2026-07-31T23:18:45Z,902,5,1,10,0,0,1,1,1,1785539731
2026-07-31T23:18:45Z,903,8,1,11,0,0,1,1,1,1785539839
2026-07-31T23:18:45Z,904,10,4,8,1,0,1,1,1,1785538806
2026-07-31T23:18:45Z,905,14,2,13,0,0,1,1,1,1785539907
2026-07-31T23:18:45Z,906,11,10,16,0,0,1,1,1,1785539261
2026-07-31T23:18:45Z,907,7,0,23,1,0,1,1,1,1785539886
2026-07-31T23:18:45Z,908,12,2,11,0,0,1,1,1,1785538443
2026-07-31T23:18:45Z,909,7,2,16,0,0,1,1,1,1785539840
2026-07-31T23:18:45Z,910,30,1,0,1,0,1,1,1,1785539523
2026-07-31T23:18:45Z,911,4,1,15,0,0,1,1,1,1785539766
2026-07-31T23:18:45Z,912,3,0,19,1,0,1,1,1,1785539803
2026-07-31T23:18:45Z,913,5,3,14,0,0,1,1,1,1785538951
2026-07-31T23:18:45Z,914,6,0,11,2,0,1,1,1,1785539859
2026-07-31T23:18:45Z,915,13,4,7,3,0,1,1,1,1785539910
2026-07-31T23:18:45Z,916,5,0,18,0,0,1,1,1,1785539662
2026-07-31T23:18:45Z,917,2,0,32,1,0,1,1,1,1785539421
2026-07-31T23:18:45Z,918,2,1,15,2,0,1,1,1,1785539908
2026-07-31T23:18:45Z,919,8,1,31,0,0,1,1,1,1785539916
2026-07-31T23:18:45Z,920,8,3,11,0,0,1,1,1,1785538728
2026-07-31T23:18:45Z,921,13,1,8,0,0,1,1,1,1785538967
2026-07-31T23:18:45Z,922,0,0,21,0,0,1,1,1,1785538980
2026-07-31T23:18:45Z,923,2,2,17,0,0,1,1,1,1785539592
2026-07-31T23:18:45Z,924,6,1,14,1,0,1,1,1,1785539128
2026-07-31T23:18:45Z,925,10,0,11,0,0,1,1,1,1785539476
2026-07-31T23:18:45Z,926,2,0,19,0,0,1,1,1,1785538708
2026-07-31T23:18:45Z,927,18,2,17,0,0,1,1,1,1785539427
2026-07-31T23:18:45Z,928,0,0,19,0,0,0,1,1,1785500252
2026-07-31T23:18:45Z,929,4,1,18,1,0,1,1,1,1785539803
2026-07-31T23:18:45Z,930,18,0,12,1,0,1,1,1,1785539249
2026-07-31T23:18:45Z,931,0,0,23,0,0,1,1,1,1785539863
2026-07-31T23:18:45Z,932,14,1,1,4,0,1,1,1,1785539890
2026-07-31T23:18:45Z,933,11,2,9,3,0,1,1,1,1785539550
2026-07-31T23:18:45Z,934,26,0,4,1,0,1,1,1,1785539899
2026-07-31T23:18:45Z,935,14,0,3,2,0,1,1,1,1785539726
2026-07-31T23:18:45Z,936,5,0,14,0,0,1,1,1,1785539455
2026-07-31T23:18:45Z,940,5,0,5,1,0,1,1,1,1785538586
2026-07-31T23:18:45Z,941,19,3,3,3,0,1,1,1,1785539537
2026-07-31T23:18:45Z,942,14,2,7,0,0,1,1,1,1785539903
2026-07-31T23:18:45Z,943,8,8,7,0,0,1,1,1,1785538253
2026-07-31T23:18:45Z,944,10,8,5,0,0,1,1,1,1785539919
2026-07-31T23:18:45Z,945,7,5,8,0,0,1,1,1,1785539443
2026-07-31T23:18:45Z,946,7,5,12,0,0,1,1,1,1785523835
2026-07-31T23:18:45Z,947,5,3,12,0,0,1,1,1,1785538128
2026-07-31T23:18:45Z,948,14,13,14,3,0,1,1,1,1785539287
2026-07-31T23:18:45Z,949,2,0,13,0,0,1,1,1,1785539865
2026-07-31T23:18:45Z,950,2,1,14,1,0,1,1,1,1785539496
2026-07-31T23:18:45Z,951,15,6,8,0,0,1,1,1,1785539696
2026-07-31T23:18:45Z,952,26,5,28,1,0,1,1,1,1785539884
2026-07-31T23:18:45Z,953,5,1,9,1,0,1,1,1,1785539201
2026-07-31T23:18:45Z,954,8,0,11,0,0,1,1,1,1785539261
2026-07-31T23:18:45Z,955,14,8,7,6,0,1,1,1,1785539848
2026-07-31T23:18:45Z,956,21,1,0,2,0,1,1,1,1785539725
2026-07-31T23:18:45Z,957,27,2,2,0,0,1,1,1,1785539765
2026-07-31T23:18:45Z,958,31,1,0,0,0,1,1,1,1785539767
2026-07-31T23:18:45Z,959,6,2,16,1,0,1,1,1,1785539906
2026-07-31T23:18:45Z,960,0,0,23,0,0,1,1,1,1785539895
2026-07-31T23:18:45Z,961,4,1,16,3,0,1,1,1,1785539852
2026-07-31T23:18:45Z,962,8,0,24,3,0,1,1,1,1785539327
2026-07-31T23:18:45Z,963,17,2,5,1,0,1,1,1,1785539764
2026-07-31T23:18:45Z,964,13,9,9,1,0,1,1,1,1785539819
2026-07-31T23:18:45Z,965,14,7,12,1,0,1,1,1,1785539554
2026-07-31T23:18:45Z,966,27,3,4,0,0,1,1,1,1785539887
2026-07-31T23:18:45Z,967,4,1,15,2,0,1,1,1,1785539843
2026-07-31T23:18:45Z,968,10,0,8,1,0,1,1,1,1785539046
2026-07-31T23:18:45Z,969,2,1,23,2,0,1,1,1,1785538700
2026-07-31T23:18:45Z,970,0,0,18,1,0,1,1,1,1785538487
2026-07-31T23:18:45Z,971,0,0,22,1,0,1,1,1,1785539033
2026-07-31T23:18:45Z,972,10,4,12,1,0,1,1,1,1785539919
2026-07-31T23:18:45Z,973,7,2,15,1,0,1,1,1,1785539532
2026-07-31T23:18:45Z,974,9,0,18,0,0,1,1,1,1785539314
2026-07-31T23:18:45Z,977,2,0,17,2,0,1,1,1,1785539895
2026-07-31T23:18:45Z,978,19,1,4,0,0,1,1,1,1785539323
2026-07-31T23:18:45Z,979,2,1,15,0,0,1,1,1,1785539552
2026-07-31T23:18:45Z,980,5,0,15,1,0,1,1,1,1785539650
2026-07-31T23:18:45Z,981,8,0,13,0,0,1,1,1,1785539741
2026-07-31T23:18:45Z,982,3,0,14,2,0,1,1,1,1785538185
2026-07-31T23:18:45Z,983,2,2,21,0,0,1,1,1,1785538658
2026-07-31T23:18:45Z,984,5,0,18,0,0,1,1,1,1785539834
2026-07-31T23:18:45Z,985,5,0,25,1,0,1,1,1,1785539875
2026-07-31T23:18:45Z,986,5,0,14,0,0,1,1,1,1785538893
2026-07-31T23:18:45Z,987,6,0,17,0,0,1,1,1,1785538772
2026-07-31T23:18:45Z,988,4,2,14,1,0,1,1,1,1785538361
2026-07-31T23:18:45Z,989,7,4,12,0,0,1,1,1,1785539157
2026-07-31T23:18:45Z,990,13,1,1,1,0,1,1,1,1785538616
2026-07-31T23:18:45Z,991,10,0,9,0,0,1,1,1,1785539630
2026-07-31T23:18:45Z,992,9,5,14,0,0,1,1,1,1785538988
2026-07-31T23:18:45Z,993,4,4,22,1,0,1,1,1,1785539749
2026-07-31T23:18:45Z,994,1,0,20,0,0,1,1,1,1785539363
2026-07-31T23:18:45Z,995,6,1,21,0,0,1,1,1,1785539159
2026-07-31T23:18:45Z,996,6,2,17,0,0,1,1,1,1785538550
2026-07-31T23:18:45Z,997,15,8,7,1,0,1,1,1,1785539887
2026-07-31T23:18:45Z,998,5,4,18,0,0,1,1,1,1785538533
2026-07-31T23:18:45Z,999,4,1,15,1,1,1,1,1,1785538386
2026-07-31T23:18:45Z,1000,0,0,21,0,0,1,1,1,1785539072
2026-07-31T23:18:45Z,1001,5,3,22,0,0,1,1,1,1785538609
2026-07-31T23:18:45Z,1002,1,0,29,1,0,1,1,1,1785538640
2026-07-31T23:18:45Z,1003,1,0,22,0,0,1,1,1,1785538167
2026-07-31T23:18:45Z,1004,8,2,15,0,0,1,1,1,1785539478
2026-07-31T23:18:45Z,1005,20,1,3,0,0,1,1,1,1785538359
2026-07-31T23:18:45Z,1006,8,4,11,0,0,1,1,1,1785538160
2026-07-31T23:18:45Z,1007,3,1,18,0,0,1,1,1,1785539621
2026-07-31T23:18:45Z,1008,7,6,16,0,0,1,1,1,1785539164
2026-07-31T23:18:45Z,1009,22,5,8,1,0,1,1,1,1785539264
2026-07-31T23:18:45Z,1010,7,2,20,0,0,1,1,1,1785539896
2026-07-31T23:18:45Z,1011,7,2,10,2,0,1,1,1,1785538532
2026-07-31T23:18:45Z,1012,5,3,16,2,0,1,1,1,1785538131
2026-07-31T23:18:45Z,1013,4,1,18,1,0,1,1,1,1785538686
2026-07-31T23:18:45Z,1014,9,4,14,0,0,1,1,1,1785538658
2026-07-31T23:18:45Z,1015,4,3,26,1,0,1,1,1,1785539018
2026-07-31T23:18:45Z,1016,10,5,21,0,0,1,1,1,1785539918
2026-07-31T23:18:45Z,1017,13,5,8,0,0,1,1,1,1785539338
2026-07-31T23:18:45Z,1018,6,2,16,0,0,1,1,1,1785538209
2026-07-31T23:18:45Z,1019,8,5,7,0,0,1,1,1,1785539879
2026-07-31T23:18:45Z,1020,19,5,2,0,0,1,1,1,1785539203
2026-07-31T23:18:45Z,1021,9,4,6,0,0,1,1,1,1785538868
2026-07-31T23:18:45Z,1022,14,0,13,0,0,1,1,1,1785538348
2026-07-31T23:18:45Z,1023,14,2,9,0,0,1,1,1,1785539783
2026-07-31T23:18:45Z,1024,3,1,16,0,0,1,1,1,1785538925
2026-07-31T23:18:45Z,1025,4,0,14,0,1,1,1,1,1785538333
2026-07-31T23:18:45Z,1026,11,9,19,1,0,1,1,1,1785539527
2026-07-31T23:18:45Z,1028,3,1,20,0,0,1,1,1,1785538304
2026-07-31T23:18:45Z,1029,11,9,4,0,0,1,1,1,1785539178
2026-07-31T23:18:45Z,1030,13,4,10,0,0,1,1,1,1785539001
2026-07-31T23:18:45Z,1031,9,1,10,0,0,1,1,1,1785539301
2026-07-31T23:18:45Z,1032,7,1,12,0,0,1,1,1,1785538156
2026-07-31T23:18:45Z,1033,9,5,10,0,0,1,1,1,1785538982
2026-07-31T23:18:45Z,1034,3,0,12,0,0,1,1,1,1785538134
2026-07-31T23:18:45Z,1035,0,0,18,1,0,1,1,1,1785538159
2026-07-31T23:18:45Z,1036,13,0,2,0,0,1,1,1,1785538713
2026-07-31T23:18:45Z,1037,0,0,18,1,0,1,1,1,1785538440
2026-07-31T23:18:45Z,1038,1,0,14,0,0,1,1,1,1785539635
2026-07-31T23:18:45Z,1039,6,0,13,0,0,1,1,1,1785539676
2026-07-31T23:18:45Z,1040,8,5,11,0,0,1,1,1,1785538213
2026-07-31T23:18:45Z,1041,11,2,8,0,0,1,1,1,1785539892
2026-07-31T23:18:45Z,1042,3,0,11,1,0,1,1,1,1785539909
2026-07-31T23:18:45Z,1043,7,4,11,1,0,1,1,1,1785539546
2026-07-31T23:18:45Z,1044,1,0,14,0,0,1,1,1,1785539691
2026-07-31T23:18:45Z,1045,8,1,11,0,0,1,1,1,1785539545
2026-07-31T23:18:45Z,1046,9,0,6,0,0,1,1,1,1785539324
2026-07-31T23:18:45Z,1047,4,2,17,0,0,1,1,1,1785539377
2026-07-31T23:18:45Z,1048,4,2,15,0,0,1,1,1,1785539906
2026-07-31T23:18:45Z,1049,2,1,19,0,0,1,1,1,1785538226
2026-07-31T23:18:45Z,1050,20,4,1,0,0,1,1,1,1785539332
2026-07-31T23:18:45Z,1051,9,4,12,0,0,1,1,1,1785539198
2026-07-31T23:18:45Z,1052,17,1,4,1,0,1,1,1,1785539836
2026-07-31T23:18:45Z,1053,3,1,12,0,0,1,1,1,1785539829
2026-07-31T23:18:45Z,1054,7,2,8,0,0,1,1,1,1785538263
2026-07-31T23:18:45Z,1055,8,0,11,0,0,1,1,1,1785538836
2026-07-31T23:18:45Z,1057,1,0,18,0,0,1,1,1,1785539843
2026-07-31T23:18:45Z,1058,1,0,55,0,0,1,1,1,1785539382
2026-07-31T23:18:45Z,1059,5,2,13,1,0,1,1,1,1785538975
2026-07-31T23:18:45Z,1060,20,1,16,1,0,1,1,1,1785539730
2026-07-31T23:18:45Z,1061,19,0,18,0,0,1,1,1,1785539493
2026-07-31T23:18:45Z,1062,12,0,5,0,0,1,1,1,1785539231
2026-07-31T23:18:45Z,1063,12,1,6,1,0,1,1,1,1785538199
2026-07-31T23:18:45Z,1064,5,0,17,1,0,1,1,1,1785538573
2026-07-31T23:18:45Z,1065,14,3,9,0,0,1,1,1,1785538820
2026-07-31T23:18:45Z,1066,12,3,11,0,0,1,1,1,1785538638
2026-07-31T23:18:45Z,1067,7,1,14,2,0,1,1,1,1785538915
2026-07-31T23:18:45Z,1068,6,2,14,3,0,1,1,1,1785538461
2026-07-31T23:18:45Z,1069,12,3,11,0,0,1,1,1,1785538452
2026-07-31T23:18:45Z,1070,12,2,11,0,0,1,1,1,1785538557
2026-07-31T23:18:45Z,1071,8,4,15,0,0,1,1,1,1785538592
2026-07-31T23:18:45Z,1072,11,1,11,1,0,1,1,1,1785538997
2026-07-31T23:18:45Z,1073,5,0,21,1,0,1,1,1,1785539750
2026-07-31T23:18:45Z,1074,29,1,23,1,0,1,1,1,1785539902
2026-07-31T23:18:45Z,1075,8,8,13,0,0,1,1,1,1785539303
2026-07-31T23:18:45Z,1076,14,11,7,0,0,1,1,1,1785539225
2026-07-31T23:18:45Z,1077,13,8,8,0,0,1,1,1,1785538868
2026-07-31T23:18:45Z,1078,9,8,12,0,0,1,1,1,1785539262
2026-07-31T23:18:45Z,1079,14,10,7,0,0,1,1,1,1785539880
2026-07-31T23:18:45Z,1080,12,9,7,2,0,1,1,1,1785539808
2026-07-31T23:18:45Z,1081,13,8,6,0,0,1,1,1,1785538983
2026-07-31T23:18:45Z,1082,11,9,11,1,0,1,1,1,1785539881
2026-07-31T23:18:45Z,1083,12,11,9,0,0,1,1,1,1785538334
2026-07-31T23:18:45Z,1084,9,7,12,0,0,1,1,1,1785539765
2026-07-31T23:18:45Z,1085,12,9,9,0,0,1,1,1,1785539487
2026-07-31T23:18:45Z,1086,10,9,10,1,0,1,1,1,1785539433
2026-07-31T23:18:45Z,1087,9,7,6,0,0,1,1,1,1785539686
2026-07-31T23:18:45Z,1088,10,7,5,0,0,1,1,1,1785538199
2026-07-31T23:18:45Z,1089,9,7,6,0,0,1,1,1,1785539647
2026-07-31T23:18:45Z,1090,4,3,11,0,0,1,1,1,1785538946
2026-07-31T23:18:45Z,1091,7,5,8,0,0,1,1,1,1785539146
2026-07-31T23:18:45Z,1092,8,7,7,0,0,1,1,1,1785538681
2026-07-31T23:18:45Z,1093,5,5,9,1,0,1,1,1,1785539208
2026-07-31T23:18:45Z,1094,10,9,9,0,0,1,1,1,1785538150
2026-07-31T23:18:45Z,1095,10,8,5,0,0,1,1,1,1785538122
2026-07-31T23:18:45Z,1096,12,9,7,0,0,1,1,1,1785538530
2026-07-31T23:18:45Z,1097,8,8,7,0,0,1,1,1,1785538715
2026-07-31T23:18:45Z,1098,9,7,10,0,0,1,1,1,1785539574
2026-07-31T23:18:45Z,1099,7,6,8,0,0,1,1,1,1785539801
2026-07-31T23:18:45Z,1100,6,4,23,0,0,1,1,1,1785532207
2026-07-31T23:18:45Z,1101,10,5,11,0,0,1,1,1,1785539732
2026-07-31T23:18:45Z,1102,9,4,4,0,0,1,1,1,1785538919
2026-07-31T23:18:45Z,1103,11,5,10,0,0,1,1,1,1785503681
2026-07-31T23:18:45Z,1104,11,6,10,0,0,1,1,1,1785539484
2026-07-31T23:18:45Z,1105,8,4,5,0,0,1,1,1,1785538801
2026-07-31T23:18:45Z,1106,10,5,11,0,0,1,1,1,1785539824
2026-07-31T23:18:45Z,1107,9,5,6,0,0,1,1,1,1785538244
2026-07-31T23:18:45Z,1108,8,4,16,2,1,1,1,1,1785539206
2026-07-31T23:18:45Z,1109,7,3,8,0,0,1,1,1,1785538185
2026-07-31T23:18:45Z,1110,11,3,10,0,0,1,1,1,1785539347
2026-07-31T23:18:45Z,1111,13,3,7,1,0,1,1,1,1785539847
2026-07-31T23:18:45Z,1112,23,2,30,0,0,1,1,1,1785539829
2026-07-31T23:18:45Z,1113,0,0,21,0,0,1,1,1,1785539256
2026-07-31T23:18:45Z,1115,14,1,5,4,0,1,1,1,1785538737
2026-07-31T23:18:45Z,1116,8,1,11,0,0,1,1,1,1785538758
2026-07-31T23:18:45Z,1117,7,1,15,1,0,1,1,1,1785538639
2026-07-31T23:18:45Z,1118,18,2,3,0,0,1,1,1,1785539306
2026-07-31T23:18:45Z,1119,7,1,10,0,0,1,1,1,1785539167
2026-07-31T23:18:45Z,1120,7,1,11,1,0,1,1,1,1785539711
2026-07-31T23:18:45Z,1121,8,0,12,1,0,1,1,1,1785539722
2026-07-31T23:18:45Z,1122,4,2,16,1,0,1,1,1,1785539521
2026-07-31T23:18:45Z,1123,13,7,8,2,0,1,1,1,1785539533
2026-07-31T23:18:45Z,1124,8,1,6,1,0,1,1,1,1785539438
2026-07-31T23:18:45Z,1125,17,1,6,0,0,1,1,1,1785538556
2026-07-31T23:18:45Z,1126,2,1,19,0,0,1,1,1,1785539846
2026-07-31T23:18:45Z,1127,4,1,15,0,0,1,1,1,1785539407
2026-07-31T23:18:45Z,1128,1,1,14,0,0,1,1,1,1785539262
2026-07-31T23:18:45Z,1129,1,0,19,1,0,1,1,1,1785539698
2026-07-31T23:18:45Z,1130,14,0,1,0,0,1,1,1,1785539761
2026-07-31T23:18:45Z,1131,1,1,47,1,0,1,1,1,1785539278
2026-07-31T23:18:45Z,1132,11,3,9,1,0,1,1,1,1785539868
2026-07-31T23:18:45Z,1133,2,2,17,2,0,1,1,1,1785539810
2026-07-31T23:18:45Z,1134,12,6,7,0,0,1,1,1,1785538690
2026-07-31T23:18:45Z,1135,12,6,9,0,0,1,1,1,1785539630
2026-07-31T23:18:45Z,1136,13,1,10,0,0,1,1,1,1785539730
2026-07-31T23:18:45Z,1137,11,1,4,0,0,1,1,1,1785539871
2026-07-31T23:18:45Z,1138,3,0,16,0,0,1,1,1,1785539873
2026-07-31T23:18:45Z,1139,12,3,8,1,0,1,1,1,1785538692
2026-07-31T23:18:45Z,1140,5,2,16,2,0,1,1,1,1785539824
2026-07-31T23:18:45Z,1141,15,1,4,2,0,1,1,1,1785539903
2026-07-31T23:18:45Z,1142,5,0,16,0,0,1,1,1,1785538820
2026-07-31T23:18:45Z,1143,17,0,10,2,0,1,1,1,1785539820
2026-07-31T23:18:45Z,1144,8,0,12,1,0,1,1,1,1785539077
2026-07-31T23:18:45Z,1145,11,5,9,1,0,1,1,1,1785538590
2026-07-31T23:18:45Z,1146,14,3,3,2,0,1,1,1,1785539727
2026-07-31T23:18:45Z,1147,16,1,2,1,0,1,1,1,1785539912
2026-07-31T23:18:45Z,1148,2,0,29,0,0,1,1,1,1785539793
2026-07-31T23:18:45Z,1149,3,1,17,5,0,1,1,1,1785539724
2026-07-31T23:18:45Z,1150,1,0,18,0,0,1,1,1,1785539824
2026-07-31T23:18:45Z,1151,7,0,14,0,0,1,1,1,1785538839
2026-07-31T23:18:45Z,1152,5,1,24,0,0,1,1,1,1785539677
2026-07-31T23:18:45Z,1153,22,4,0,1,0,1,1,1,1785538731
2026-07-31T23:18:45Z,1154,3,0,16,0,0,1,1,1,1785539833
2026-07-31T23:18:45Z,1155,5,1,12,4,0,1,1,1,1785539564
2026-07-31T23:18:45Z,1158,3,1,16,0,0,1,1,1,1785539876
2026-07-31T23:18:45Z,1159,13,2,6,0,0,1,1,1,1785539604
2026-07-31T23:18:45Z,1160,7,2,12,0,0,1,1,1,1785538941
2026-07-31T23:18:45Z,1161,3,0,15,1,0,1,1,1,1785538559
2026-07-31T23:18:45Z,1162,4,0,15,0,0,1,1,1,1785538816
2026-07-31T23:18:45Z,1163,2,1,16,1,0,1,1,1,1785538618
2026-07-31T23:18:45Z,1164,5,1,14,0,0,1,1,1,1785538238
2026-07-31T23:18:45Z,1165,1,0,20,0,0,1,1,1,1785538986
2026-07-31T23:18:45Z,1166,13,3,7,1,0,1,1,1,1785538526
2026-07-31T23:18:45Z,1167,4,0,11,0,0,1,1,1,1785539718
2026-07-31T23:18:45Z,1168,3,0,18,2,0,1,1,1,1785538481
2026-07-31T23:18:45Z,1169,3,0,15,1,0,1,1,1,1785539900
2026-07-31T23:18:45Z,1170,2,1,19,0,0,1,1,1,1785539463
2026-07-31T23:18:45Z,1171,7,7,16,0,0,1,1,1,1785539832
2026-07-31T23:18:45Z,1172,5,0,8,2,0,1,1,1,1785538235
2026-07-31T23:18:45Z,1173,13,4,6,0,0,1,1,1,1785538343
2026-07-31T23:18:45Z,1174,4,0,11,0,0,1,1,1,1785539796
2026-07-31T23:18:45Z,1175,4,2,15,0,0,1,1,1,1785535612
2026-07-31T23:18:45Z,1176,8,2,13,0,0,1,1,1,1785539390
2026-07-31T23:18:45Z,1177,4,2,17,0,0,1,1,1,1785539322
2026-07-31T23:18:45Z,1178,5,2,10,0,0,1,1,1,1785539710
2026-07-31T23:18:45Z,1181,12,1,3,0,0,1,1,1,1785537887
2026-07-31T23:18:45Z,1182,16,4,2,2,0,1,1,1,1785539912
2026-07-31T23:18:45Z,1183,12,0,31,2,0,1,1,1,1785539877
2026-07-31T23:18:45Z,1184,9,7,9,3,0,1,1,1,1785539873
2026-07-31T23:18:45Z,1185,10,6,11,0,0,1,1,1,1785539459
2026-07-31T23:18:45Z,1186,9,5,10,0,0,1,1,1,1785538613
2026-07-31T23:18:45Z,1187,10,5,10,1,0,1,1,1,1785538834
2026-07-31T23:18:45Z,1188,10,5,5,0,0,1,1,1,1785538241
2026-07-31T23:18:45Z,1189,8,3,11,0,0,1,1,1,1785538376
2026-07-31T23:18:45Z,1190,9,4,12,0,0,1,1,1,1785539612
2026-07-31T23:18:45Z,1191,10,5,5,0,0,1,1,1,1785538244
2026-07-31T23:18:45Z,1192,11,7,9,1,0,1,1,1,1785538161
2026-07-31T23:18:45Z,1193,6,4,5,2,0,1,1,1,1785539017
2026-07-31T23:18:45Z,1197,9,6,7,1,0,1,1,1,1785539024
2026-07-31T23:18:45Z,1198,13,4,6,2,0,1,1,1,1785538684
2026-07-31T23:18:45Z,1199,3,0,16,0,0,1,1,1,1785538685
2026-07-31T23:18:45Z,1200,8,4,7,0,0,1,1,1,1785538285
2026-07-31T23:18:45Z,1201,9,4,6,0,0,1,1,1,1785538256
2026-07-31T23:18:45Z,1202,10,5,5,0,0,1,1,1,1785538357
2026-07-31T23:18:45Z,1203,11,5,4,0,0,1,1,1,1785538264
2026-07-31T23:18:45Z,1204,7,4,12,0,0,1,1,1,1785539858
2026-07-31T23:18:45Z,1206,11,5,10,0,0,1,1,1,1785539102
2026-07-31T23:18:45Z,1207,8,4,6,1,0,1,1,1,1785538573
2026-07-31T23:18:45Z,1208,10,4,9,0,0,1,1,1,1785538525
2026-07-31T23:18:45Z,1216,9,0,11,1,0,1,1,1,1785539315
2026-07-31T23:18:45Z,1218,2,0,19,0,0,1,1,1,1785539771
2026-07-31T23:18:45Z,1219,2,1,10,3,0,1,1,1,1785538175
2026-07-31T23:18:45Z,1220,16,6,3,0,0,1,1,1,1785539361
2026-07-31T23:18:45Z,1221,1,1,19,1,0,1,1,1,1785539069
2026-07-31T23:18:45Z,1222,25,2,4,0,0,1,1,1,1785539888
2026-07-31T23:18:45Z,1223,24,1,4,1,0,1,1,1,1785539325
2026-07-31T23:18:45Z,1226,0,0,3,0,0,0,1,1,1781868931
2026-07-31T23:18:45Z,1227,6,0,18,1,0,1,1,1,1785539750
2026-07-31T23:18:45Z,1228,0,0,28,1,0,1,1,1,1785539016
2026-07-31T23:18:45Z,1229,41,0,3,1,0,1,1,1,1785539801
2026-07-31T23:23:45Z,1,19,1,4,0,0,1,1,1,1785539938
2026-07-31T23:23:45Z,2,12,0,12,3,0,1,1,1,1785539940
2026-07-31T23:23:45Z,3,8,1,5,1,0,1,1,1,1785539116
2026-07-31T23:23:45Z,4,20,0,1,1,0,1,1,1,1785539636
2026-07-31T23:23:45Z,5,18,4,2,3,0,1,1,1,1785539106
2026-07-31T23:23:45Z,6,3,1,12,0,0,1,1,1,1785540180
2026-07-31T23:23:45Z,7,8,0,31,0,0,1,1,1,1785539310
2026-07-31T23:23:45Z,8,12,0,31,0,0,1,1,1,1785540092
2026-07-31T23:23:45Z,9,13,2,9,1,0,1,1,1,1785540119
2026-07-31T23:23:45Z,10,3,1,17,3,0,1,1,1,1785539707
2026-07-31T23:23:45Z,11,6,3,12,1,0,1,1,1,1785539759
2026-07-31T23:23:45Z,12,2,0,21,0,0,1,1,1,1785540195
2026-07-31T23:23:45Z,13,7,0,22,1,0,1,1,1,1785540113
2026-07-31T23:23:45Z,14,29,2,13,0,1,1,1,1,1785540117
2026-07-31T23:23:45Z,15,15,0,0,0,0,1,1,1,1785536042
2026-07-31T23:23:45Z,16,0,0,24,2,1,1,1,1,1785538462
2026-07-31T23:23:45Z,17,25,0,1,1,0,1,1,1,1785539767
2026-07-31T23:23:45Z,18,10,0,6,2,0,1,1,1,1785540042
2026-07-31T23:23:45Z,19,15,0,11,1,0,1,1,1,1785540109
2026-07-31T23:23:45Z,20,22,1,12,1,0,1,1,1,1785540218
2026-07-31T23:23:45Z,21,11,0,6,2,0,1,1,1,1785539962
2026-07-31T23:23:45Z,22,15,1,50,0,0,1,1,1,1785539998
2026-07-31T23:23:45Z,23,29,8,2,0,0,1,1,1,1785540198
2026-07-31T23:23:45Z,24,6,0,4,1,0,1,1,1,1785540214
2026-07-31T23:23:45Z,25,65,1,13,3,0,1,1,1,1785540215
2026-07-31T23:23:45Z,26,5,0,22,0,0,1,1,1,1785540129
2026-07-31T23:23:45Z,28,5,0,10,0,0,1,1,1,1785539975
2026-07-31T23:23:45Z,30,19,0,8,2,0,1,1,1,1785539869
2026-07-31T23:23:45Z,31,9,1,9,1,0,1,1,1,1785539960
2026-07-31T23:23:45Z,32,2,0,25,0,0,1,1,1,1785539984
2026-07-31T23:23:45Z,34,12,0,25,0,0,1,1,1,1785539291
2026-07-31T23:23:45Z,35,42,2,5,0,0,1,1,1,1785540171
2026-07-31T23:23:45Z,36,0,0,0,0,0,0,1,1,86400
2026-07-31T23:23:45Z,37,15,2,8,0,0,1,1,1,1785540194
2026-07-31T23:23:45Z,38,3,0,20,0,0,1,1,1,1785539953
2026-07-31T23:23:45Z,39,7,2,32,0,0,1,1,1,1785540171
2026-07-31T23:23:45Z,40,3,0,18,0,0,1,1,1,1785539882
2026-07-31T23:23:45Z,41,20,0,23,0,0,1,1,1,1785539338
2026-07-31T23:23:45Z,42,6,5,25,0,0,1,1,1,1785540100
2026-07-31T23:23:45Z,43,5,1,18,0,0,1,1,1,1785540043
2026-07-31T23:23:45Z,45,1,0,28,0,0,1,1,1,1785539388
2026-07-31T23:23:45Z,46,1,0,28,2,0,1,1,1,1785539900
2026-07-31T23:23:45Z,47,2,0,12,1,0,1,1,1,1785540210
2026-07-31T23:23:45Z,48,16,0,11,0,0,1,1,1,1785539795
2026-07-31T23:23:45Z,49,0,0,19,4,0,1,1,1,1785540216
2026-07-31T23:23:45Z,50,2,2,14,3,0,1,1,1,1785540162
2026-07-31T23:23:45Z,51,26,0,51,0,0,1,1,1,1785539779
2026-07-31T23:23:45Z,52,6,1,18,3,0,1,1,1,1785540208
2026-07-31T23:23:45Z,55,12,3,9,2,0,1,1,1,1785540101
2026-07-31T23:23:45Z,56,5,2,38,0,0,1,1,1,1785540191
2026-07-31T23:23:45Z,57,22,1,5,0,0,1,1,1,1785540214
2026-07-31T23:23:45Z,58,8,0,20,0,0,1,1,1,1785540209
2026-07-31T23:23:45Z,59,1,0,24,2,0,1,1,1,1785540071
2026-07-31T23:23:45Z,61,30,1,9,0,0,1,1,1,1785539996
2026-07-31T23:23:45Z,62,13,8,35,1,0,1,1,1,1785540213
2026-07-31T23:23:45Z,63,6,4,13,0,0,1,1,1,1785540216
2026-07-31T23:23:45Z,64,10,1,5,4,0,1,1,1,1785535815
2026-07-31T23:23:45Z,65,9,4,9,1,0,1,1,1,1785540138
2026-07-31T23:23:45Z,67,7,0,32,0,0,1,1,1,1785540201
2026-07-31T23:23:45Z,68,34,0,2,1,0,1,1,1,1785540038
2026-07-31T23:23:45Z,69,6,1,9,0,0,1,1,1,1785540034
2026-07-31T23:23:45Z,71,5,0,20,2,0,1,1,1,1785540111
2026-07-31T23:23:45Z,72,25,3,3,2,1,1,1,1,1785540152
2026-07-31T23:23:45Z,73,2,0,29,0,0,1,1,1,1785540213
2026-07-31T23:23:45Z,74,3,2,16,0,0,1,1,1,1785538513
2026-07-31T23:23:45Z,75,6,0,25,1,0,1,1,1,1785540218
2026-07-31T23:23:45Z,76,2,1,16,1,0,1,1,1,1785540217
2026-07-31T23:23:45Z,77,16,1,10,1,0,1,1,1,1785540156
2026-07-31T23:23:45Z,78,1,0,22,0,0,1,1,1,1785540137
2026-07-31T23:23:45Z,79,1,0,15,1,0,1,1,1,1785540214
2026-07-31T23:23:45Z,80,12,0,8,3,0,1,1,1,1785539999
2026-07-31T23:23:45Z,81,11,1,20,0,0,1,1,1,1785540021
2026-07-31T23:23:45Z,82,12,11,10,1,0,1,1,1,1785540129
2026-07-31T23:23:45Z,83,7,4,26,1,0,1,1,1,1785540167
2026-07-31T23:23:45Z,84,14,2,13,0,0,1,1,1,1785540104
2026-07-31T23:23:45Z,85,9,1,6,0,0,1,1,1,1785540201
2026-07-31T23:23:45Z,86,6,3,21,0,0,1,1,1,1785539707
2026-07-31T23:23:45Z,87,0,0,19,0,0,1,1,1,1785533075
2026-07-31T23:23:45Z,88,23,1,19,1,0,1,1,1,1785539706
2026-07-31T23:23:45Z,89,17,0,18,0,0,1,1,1,1785539882
2026-07-31T23:23:45Z,90,11,0,6,1,0,1,1,1,1785540073
2026-07-31T23:23:45Z,91,4,1,13,0,0,1,1,1,1785540062
2026-07-31T23:23:45Z,92,5,2,11,3,0,1,1,1,1785539997
2026-07-31T23:23:45Z,93,8,0,14,1,0,1,1,1,1785539980
2026-07-31T23:23:45Z,94,7,0,11,1,0,1,1,1,1785538722
2026-07-31T23:23:45Z,95,6,0,27,1,1,1,1,1,1785540211
2026-07-31T23:23:45Z,96,23,5,7,1,0,1,1,1,1785540184
2026-07-31T23:23:45Z,97,3,1,13,1,0,1,1,1,1785540105
2026-07-31T23:23:45Z,98,25,6,9,1,0,1,1,1,1785540047
2026-07-31T23:23:45Z,99,15,1,0,0,0,1,1,1,1785539633
2026-07-31T23:23:45Z,100,17,4,10,0,0,1,1,1,1785540043
2026-07-31T23:23:45Z,101,7,1,7,1,0,1,1,1,1785540152
2026-07-31T23:23:45Z,102,18,0,4,1,0,1,1,1,1785540208
2026-07-31T23:23:45Z,103,22,1,5,3,0,1,1,1,1785540208
2026-07-31T23:23:45Z,104,11,0,14,2,0,1,1,1,1785540220
2026-07-31T23:23:45Z,105,17,0,2,0,0,1,1,1,1785535842
2026-07-31T23:23:45Z,106,18,0,2,1,0,1,1,1,1785538929
2026-07-31T23:23:45Z,107,18,0,18,1,0,1,1,1,1785539900
2026-07-31T23:23:45Z,108,28,0,4,3,0,1,1,1,1785540112
2026-07-31T23:23:45Z,109,20,0,3,0,0,1,1,1,1785540094
2026-07-31T23:23:45Z,110,18,0,5,0,0,1,1,1,1785539683
2026-07-31T23:23:45Z,111,2,1,34,0,0,1,1,1,1785540008
2026-07-31T23:23:45Z,112,8,1,6,1,0,1,1,1,1785540174
2026-07-31T23:23:45Z,113,3,0,15,1,0,1,1,1,1785540136
2026-07-31T23:23:45Z,114,8,3,20,2,1,1,1,1,1785540066
2026-07-31T23:23:45Z,115,18,11,5,5,0,1,1,1,1785539950
2026-07-31T23:23:45Z,116,12,8,15,0,0,1,1,1,1785540194
2026-07-31T23:23:45Z,118,19,2,1,3,0,1,1,1,1785540120
2026-07-31T23:23:45Z,119,0,0,36,2,0,1,1,1,1785538638
2026-07-31T23:23:45Z,120,4,0,22,1,0,1,1,1,1785539990
2026-07-31T23:23:45Z,121,4,2,13,1,1,1,1,1,1785540213
2026-07-31T23:23:45Z,122,14,1,5,2,0,1,1,1,1785540213
2026-07-31T23:23:45Z,123,2,1,45,0,0,1,1,1,1785538892
2026-07-31T23:23:45Z,124,12,1,23,0,0,1,1,1,1785540144
2026-07-31T23:23:45Z,125,1,1,22,0,0,1,1,1,1785539976
2026-07-31T23:23:45Z,126,12,2,19,0,0,1,1,1,1785539904
2026-07-31T23:23:45Z,127,14,3,19,2,0,1,1,1,1785540129
2026-07-31T23:23:45Z,128,14,5,5,0,0,1,1,1,1785539815
2026-07-31T23:23:45Z,129,1,1,15,3,0,1,1,1,1785540208
2026-07-31T23:23:45Z,130,10,0,7,0,0,1,1,1,1785539871
2026-07-31T23:23:45Z,131,7,1,3,1,0,1,1,1,1785538917
2026-07-31T23:23:45Z,132,11,3,3,0,1,1,1,1,1785539724
2026-07-31T23:23:45Z,134,10,0,8,5,0,1,1,1,1785540161
2026-07-31T23:23:45Z,135,4,4,12,3,0,1,1,1,1785540149
2026-07-31T23:23:45Z,136,0,0,1,19,3,1,1,1,1785540138
2026-07-31T23:23:45Z,137,1,1,18,0,0,1,1,1,1785540056
2026-07-31T23:23:45Z,138,24,1,13,0,0,1,1,1,1785540102
2026-07-31T23:23:45Z,139,10,5,9,0,0,1,1,1,1785540188
2026-07-31T23:23:45Z,140,4,1,17,2,0,1,1,1,1785540216
2026-07-31T23:23:45Z,141,10,4,26,0,0,1,1,1,1785539965
2026-07-31T23:23:45Z,142,11,0,12,0,0,1,1,1,1785540218
2026-07-31T23:23:45Z,143,14,0,16,1,0,1,1,1,1785540138
2026-07-31T23:23:45Z,144,20,2,6,1,0,1,1,1,1785539766
2026-07-31T23:23:45Z,146,8,0,14,1,0,1,1,1,1785540159
2026-07-31T23:23:45Z,147,3,1,14,2,0,1,1,1,1785540080
2026-07-31T23:23:45Z,148,1,1,22,5,0,1,1,1,1785540145
2026-07-31T23:23:45Z,149,0,0,27,0,0,1,1,1,1785537283
2026-07-31T23:23:45Z,150,3,1,30,2,0,1,1,1,1785540170
2026-07-31T23:23:45Z,151,4,0,19,0,0,1,1,1,1785540169
2026-07-31T23:23:45Z,152,13,3,10,3,0,1,1,1,1785540152
2026-07-31T23:23:45Z,153,11,0,15,2,0,1,1,1,1785540093
2026-07-31T23:23:45Z,154,4,3,16,3,0,1,1,1,1785540094
2026-07-31T23:23:45Z,155,7,3,6,1,0,1,1,1,1785540056
2026-07-31T23:23:45Z,156,4,0,15,0,0,1,1,1,1785539863
2026-07-31T23:23:45Z,157,15,0,10,2,0,1,1,1,1785540182
2026-07-31T23:23:45Z,158,14,0,1,1,0,1,1,1,1785538718
2026-07-31T23:23:45Z,159,3,3,16,0,0,1,1,1,1785539283
2026-07-31T23:23:45Z,160,4,1,15,0,0,1,1,1,1785540074
2026-07-31T23:23:45Z,161,13,1,8,1,0,1,1,1,1785540154
2026-07-31T23:23:45Z,162,12,12,13,2,0,1,1,1,1785540219
2026-07-31T23:23:45Z,163,3,1,27,0,1,1,1,1,1785540128
2026-07-31T23:23:45Z,164,12,1,15,0,0,1,1,1,1785540138
2026-07-31T23:23:45Z,165,30,2,1,0,0,1,1,1,1785540196
2026-07-31T23:23:45Z,166,27,11,9,3,0,1,1,1,1785540219
2026-07-31T23:23:45Z,167,10,0,12,1,0,1,1,1,1785540100
2026-07-31T23:23:45Z,168,23,0,3,1,0,1,1,1,1785540157
2026-07-31T23:23:45Z,169,5,2,16,1,1,1,1,1,1785540167
2026-07-31T23:23:45Z,170,5,0,13,1,0,1,1,1,1785539953
2026-07-31T23:23:45Z,171,4,2,7,2,0,1,1,1,1785540213
2026-07-31T23:23:45Z,173,20,0,19,0,0,1,1,1,1785540108
2026-07-31T23:23:45Z,174,4,0,22,0,0,1,1,1,1785540165
2026-07-31T23:23:45Z,175,30,2,0,1,0,1,1,1,1785540175
2026-07-31T23:23:45Z,176,12,3,1,1,1,1,1,1,1785540148
2026-07-31T23:23:45Z,177,6,0,21,0,0,1,1,1,1785540174
2026-07-31T23:23:45Z,178,11,0,1,2,1,1,1,1,1785540218
2026-07-31T23:23:45Z,179,8,1,5,2,0,1,1,1,1785540215
2026-07-31T23:23:45Z,180,1,0,29,0,0,1,1,1,1785538578
2026-07-31T23:23:45Z,181,4,1,11,0,0,1,1,1,1785539940
2026-07-31T23:23:45Z,182,2,0,14,1,0,1,1,1,1785540152
2026-07-31T23:23:45Z,183,3,1,19,1,0,1,1,1,1785539897
2026-07-31T23:23:45Z,184,5,5,16,2,0,1,1,1,1785540180
2026-07-31T23:23:45Z,185,3,3,8,3,1,1,1,1,1785539993
2026-07-31T23:23:45Z,186,9,0,10,0,0,1,1,1,1785539967
2026-07-31T23:23:45Z,187,3,1,23,2,0,1,1,1,1785540066
2026-07-31T23:23:45Z,188,9,3,10,8,0,1,1,1,1785539937
2026-07-31T23:23:45Z,189,8,4,7,0,0,1,1,1,1785540141
2026-07-31T23:23:45Z,190,2,0,20,1,0,1,1,1,1785540134
2026-07-31T23:23:45Z,191,2,0,37,0,0,1,1,1,1785540048
2026-07-31T23:23:45Z,192,4,2,26,1,0,1,1,1,1785540164
2026-07-31T23:23:45Z,193,9,7,3,3,0,1,1,1,1785540038
2026-07-31T23:23:45Z,194,6,3,21,0,0,1,1,1,1785539878
2026-07-31T23:23:45Z,195,4,1,15,0,0,1,1,1,1785540192
2026-07-31T23:23:45Z,196,7,4,18,2,0,1,1,1,1785540133
2026-07-31T23:23:45Z,197,1,0,17,0,1,1,1,1,1785540162
2026-07-31T23:23:45Z,198,16,6,6,1,0,1,1,1,1785539751
2026-07-31T23:23:45Z,199,9,7,4,2,0,1,1,1,1785540193
2026-07-31T23:23:45Z,200,1,0,24,1,0,1,1,1,1785539885
2026-07-31T23:23:45Z,201,5,5,18,0,0,1,1,1,1785539864
2026-07-31T23:23:45Z,202,27,2,0,0,0,1,1,1,1785538983
2026-07-31T23:23:45Z,203,25,0,5,1,0,1,1,1,1785540065
2026-07-31T23:23:45Z,204,5,1,29,1,0,1,1,1,1785540056
2026-07-31T23:23:45Z,205,8,2,18,1,0,1,1,1,1785539399
2026-07-31T23:23:45Z,206,8,7,5,2,0,1,1,1,1785540197
2026-07-31T23:23:45Z,207,20,3,1,0,0,1,1,1,1785540206
2026-07-31T23:23:45Z,208,6,1,23,0,0,1,1,1,1785540110
2026-07-31T23:23:45Z,209,21,1,9,1,0,1,1,1,1785540215
2026-07-31T23:23:45Z,210,9,9,17,1,0,1,1,1,1785540145
2026-07-31T23:23:45Z,211,17,0,5,1,0,1,1,1,1785539806
2026-07-31T23:23:45Z,212,23,6,11,1,0,1,1,1,1785540142
2026-07-31T23:23:45Z,213,13,5,8,2,0,1,1,1,1785539964
2026-07-31T23:23:45Z,214,32,10,14,1,0,1,1,1,1785540216
2026-07-31T23:23:45Z,215,1,0,21,1,0,1,1,1,1785539293
2026-07-31T23:23:45Z,216,4,3,13,2,0,1,1,1,1785540096
2026-07-31T23:23:45Z,217,28,3,0,1,0,1,1,1,1785540156
2026-07-31T23:23:45Z,218,32,17,6,1,0,1,1,1,1785540163
2026-07-31T23:23:45Z,219,20,0,5,1,0,1,1,1,1785540185
2026-07-31T23:23:45Z,220,21,14,20,1,1,1,1,1,1785540126
2026-07-31T23:23:45Z,221,13,8,1,1,0,1,1,1,1785540217
2026-07-31T23:23:45Z,222,16,6,3,0,0,1,1,1,1785539801
2026-07-31T23:23:45Z,223,0,0,32,3,0,1,1,1,1785540068
2026-07-31T23:23:45Z,224,6,6,15,1,0,1,1,1,1785539748
2026-07-31T23:23:45Z,225,1,0,15,3,0,1,1,1,1785540160
2026-07-31T23:23:45Z,226,28,9,1,2,0,1,1,1,1785540206
2026-07-31T23:23:45Z,227,4,3,22,1,0,1,1,1,1785539844
2026-07-31T23:23:45Z,228,1,0,17,1,0,1,1,1,1785539933
2026-07-31T23:23:45Z,230,2,1,24,0,0,1,1,1,1785540148
2026-07-31T23:23:45Z,232,8,1,8,1,0,1,1,1,1785540107
2026-07-31T23:23:45Z,233,21,9,9,1,0,1,1,1,1785540135
2026-07-31T23:23:45Z,234,11,10,2,4,2,1,1,1,1785539961
2026-07-31T23:23:45Z,236,9,4,9,1,0,1,1,1,1785539506
2026-07-31T23:23:45Z,237,1,0,21,1,0,1,1,1,1785538523
2026-07-31T23:23:45Z,239,22,11,4,1,0,1,1,1,1785540132
2026-07-31T23:23:45Z,241,0,0,22,1,0,1,1,1,1785540104
2026-07-31T23:23:45Z,242,7,2,15,1,0,1,1,1,1785540054
2026-07-31T23:23:45Z,243,20,14,10,1,0,1,1,1,1785540145
2026-07-31T23:23:45Z,244,15,2,11,1,0,1,1,1,1785540034
2026-07-31T23:23:45Z,245,2,1,21,0,0,1,1,1,1785539724
2026-07-31T23:23:45Z,246,2,2,21,0,0,1,1,1,1785538912
2026-07-31T23:23:45Z,247,5,5,16,2,0,1,1,1,1785540065
2026-07-31T23:23:45Z,248,10,5,11,2,0,1,1,1,1785540061
2026-07-31T23:23:45Z,249,10,9,8,1,0,1,1,1,1785540189
2026-07-31T23:23:45Z,250,3,0,21,3,0,1,1,1,1785540198
2026-07-31T23:23:45Z,251,14,11,8,5,0,1,1,1,1785540215
2026-07-31T23:23:45Z,253,1,1,18,0,0,1,1,1,1785540090
2026-07-31T23:23:45Z,254,4,2,38,1,0,1,1,1,1785539961
2026-07-31T23:23:45Z,255,7,1,15,0,1,1,1,1,1785540165
2026-07-31T23:23:45Z,256,6,3,16,1,0,1,1,1,1785539647
2026-07-31T23:23:45Z,257,7,2,12,0,0,1,1,1,1785540179
2026-07-31T23:23:45Z,258,9,7,8,2,0,1,1,1,1785540029
2026-07-31T23:23:45Z,259,8,0,14,0,1,1,1,1,1785539903
2026-07-31T23:23:45Z,260,14,10,3,2,0,1,1,1,1785540146
2026-07-31T23:23:45Z,261,2,0,15,1,1,1,1,1,1785540206
2026-07-31T23:23:45Z,262,1,0,21,1,0,1,1,1,1785540181
2026-07-31T23:23:45Z,263,9,8,5,1,0,1,1,1,1785540052
2026-07-31T23:23:45Z,264,1,1,18,0,0,1,1,1,1785540119
2026-07-31T23:23:45Z,265,4,0,11,0,0,1,1,1,1785539649
2026-07-31T23:23:45Z,266,9,8,7,3,0,1,1,1,1785540210
2026-07-31T23:23:45Z,267,7,2,6,2,0,1,1,1,1785540139
2026-07-31T23:23:45Z,268,20,8,2,1,0,1,1,1,1785540188
2026-07-31T23:23:45Z,269,4,2,19,0,0,1,1,1,1785540176
2026-07-31T23:23:45Z,270,13,2,12,2,0,1,1,1,1785539724
2026-07-31T23:23:45Z,271,1,0,16,2,0,1,1,1,1785539363
2026-07-31T23:23:45Z,272,4,4,19,0,0,1,1,1,1785539810
2026-07-31T23:23:45Z,273,2,1,13,0,0,1,1,1,1785539650
2026-07-31T23:23:45Z,274,2,1,16,1,0,1,1,1,1785540108
2026-07-31T23:23:45Z,275,3,0,16,4,0,1,1,1,1785540207
2026-07-31T23:23:45Z,276,3,3,24,0,0,1,1,1,1785539850
2026-07-31T23:23:45Z,277,2,0,16,5,0,1,1,1,1785540087
2026-07-31T23:23:45Z,278,1,1,28,2,0,1,1,1,1785540140
2026-07-31T23:23:45Z,279,3,0,16,0,0,1,1,1,1785539992
2026-07-31T23:23:45Z,280,1,1,28,2,0,1,1,1,1785540214
2026-07-31T23:23:45Z,281,10,0,9,0,0,1,1,1,1785539893
2026-07-31T23:23:45Z,282,11,2,7,0,0,1,1,1,1785540196
2026-07-31T23:23:45Z,283,19,3,16,0,0,1,1,1,1785540186
2026-07-31T23:23:45Z,284,24,1,8,3,0,1,1,1,1785540102
2026-07-31T23:23:45Z,285,0,0,21,2,0,1,1,1,1785540088
2026-07-31T23:23:45Z,286,10,5,13,0,0,1,1,1,1785540072
2026-07-31T23:23:45Z,287,10,1,10,3,0,1,1,1,1785539224
2026-07-31T23:23:45Z,288,4,1,14,1,0,1,1,1,1785540218
2026-07-31T23:23:45Z,289,11,8,13,3,0,1,1,1,1785540067
2026-07-31T23:23:45Z,290,17,1,21,1,0,1,1,1,1785540140
2026-07-31T23:23:45Z,291,1,0,21,1,0,1,1,1,1785540118
2026-07-31T23:23:45Z,292,3,2,20,0,0,1,1,1,1785540153
2026-07-31T23:23:45Z,293,0,0,20,3,0,1,1,1,1785539851
2026-07-31T23:23:45Z,294,8,5,12,2,0,1,1,1,1785540180
2026-07-31T23:23:45Z,297,7,0,10,1,1,1,1,1,1785540184
2026-07-31T23:23:45Z,301,17,2,2,0,0,1,1,1,1785539912
2026-07-31T23:23:45Z,302,18,1,5,0,0,1,1,1,1785540105
2026-07-31T23:23:45Z,303,0,0,19,0,0,1,1,1,1785539604
2026-07-31T23:23:45Z,304,0,0,0,0,0,0,1,1,86400
2026-07-31T23:23:45Z,305,2,0,16,1,0,1,1,1,1785540219
2026-07-31T23:23:45Z,306,12,0,19,1,0,1,1,1,1785540133
2026-07-31T23:23:45Z,307,10,2,13,0,0,1,1,1,1785539718
2026-07-31T23:23:45Z,308,17,2,0,2,0,1,1,1,1785539748
2026-07-31T23:23:45Z,309,6,0,8,0,0,1,1,1,1785540186
2026-07-31T23:23:45Z,311,13,1,2,0,0,1,1,1,1785539965
2026-07-31T23:23:45Z,312,5,5,15,3,0,1,1,1,1785539974
2026-07-31T23:23:45Z,313,1,0,14,0,0,1,1,1,1785538550
2026-07-31T23:23:45Z,314,6,1,11,2,0,1,1,1,1785538180
2026-07-31T23:23:45Z,315,12,11,16,3,0,1,1,1,1785539826
2026-07-31T23:23:45Z,316,5,2,18,7,1,1,1,1,1785540210
2026-07-31T23:23:45Z,317,18,10,12,0,1,1,1,1,1785540150
2026-07-31T23:23:45Z,318,18,4,1,0,0,1,1,1,1785540161
2026-07-31T23:23:45Z,319,4,2,17,2,0,1,1,1,1785540216
2026-07-31T23:23:45Z,320,5,0,13,1,0,1,1,1,1785539609
2026-07-31T23:23:45Z,321,2,0,13,4,0,1,1,1,1785539912
2026-07-31T23:23:45Z,322,20,0,9,0,0,1,1,1,1785540088
2026-07-31T23:23:45Z,323,7,0,10,2,0,1,1,1,1785539413
2026-07-31T23:23:45Z,324,20,2,6,1,0,1,1,1,1785540219
2026-07-31T23:23:45Z,325,2,1,23,2,0,1,1,1,1785539594
2026-07-31T23:23:45Z,327,22,0,3,2,0,1,1,1,1785540135
2026-07-31T23:23:45Z,328,16,0,5,1,0,1,1,1,1785540087
2026-07-31T23:23:45Z,329,9,1,7,3,0,1,1,1,1785539860
2026-07-31T23:23:45Z,330,21,0,1,0,0,1,1,1,1785539860
2026-07-31T23:23:45Z,331,13,0,8,2,0,1,1,1,1785540132
2026-07-31T23:23:45Z,332,2,1,14,3,0,1,1,1,1785539711
2026-07-31T23:23:45Z,333,2,1,19,2,0,1,1,1,1785540199
2026-07-31T23:23:45Z,334,0,0,22,1,0,1,1,1,1785539286
2026-07-31T23:23:45Z,335,6,3,16,0,1,1,1,1,1785539849
2026-07-31T23:23:45Z,336,1,1,18,0,0,1,1,1,1785539774
2026-07-31T23:23:45Z,337,3,3,16,4,0,1,1,1,1785540153
2026-07-31T23:23:45Z,338,3,2,16,0,0,1,1,1,1785539850
2026-07-31T23:23:45Z,339,2,2,19,2,0,1,1,1,1785539695
2026-07-31T23:23:45Z,340,4,3,10,1,0,1,1,1,1785539929
2026-07-31T23:23:45Z,341,4,3,15,0,0,1,1,1,1785540195
2026-07-31T23:23:45Z,342,3,0,12,0,0,1,1,1,1785539380
2026-07-31T23:23:45Z,343,3,3,19,1,0,1,1,1,1785540220
2026-07-31T23:23:45Z,344,4,1,18,1,0,1,1,1,1785539106
2026-07-31T23:23:45Z,345,19,4,0,0,0,1,1,1,1785539887
2026-07-31T23:23:45Z,346,1,1,22,0,0,1,1,1,1785540019
2026-07-31T23:23:45Z,347,13,1,27,4,0,1,1,1,1785540219
2026-07-31T23:23:45Z,348,9,0,12,1,1,1,1,1,1785540112
2026-07-31T23:23:45Z,349,9,2,10,0,0,1,1,1,1785539405
2026-07-31T23:23:45Z,350,2,0,22,2,1,1,1,1,1785540210
2026-07-31T23:23:45Z,351,14,3,7,2,0,1,1,1,1785540080
2026-07-31T23:23:45Z,355,9,1,14,0,0,1,1,1,1785539853
2026-07-31T23:23:45Z,356,0,0,19,0,0,1,1,1,1785539768
2026-07-31T23:23:45Z,357,2,2,17,0,0,1,1,1,1785539745
2026-07-31T23:23:45Z,358,24,2,2,1,0,1,1,1,1785540162
2026-07-31T23:23:45Z,359,10,1,17,0,0,1,1,1,1785540065
2026-07-31T23:23:45Z,360,3,1,16,0,0,1,1,1,1785539351
2026-07-31T23:23:45Z,362,2,2,14,3,0,1,1,1,1785540110
2026-07-31T23:23:45Z,363,19,0,8,0,0,1,1,1,1785540066
2026-07-31T23:23:45Z,364,2,1,17,0,0,1,1,1,1785539826
2026-07-31T23:23:45Z,365,2,1,17,4,0,1,1,1,1785540189
2026-07-31T23:23:45Z,366,6,5,16,1,0,1,1,1,1785540205
2026-07-31T23:23:45Z,367,4,3,13,2,0,1,1,1,1785539151
2026-07-31T23:23:45Z,368,1,1,21,1,0,1,1,1,1785539671
2026-07-31T23:23:45Z,370,5,1,22,0,0,1,1,1,1785540194
2026-07-31T23:23:45Z,371,1,1,16,2,0,1,1,1,1785539757
2026-07-31T23:23:45Z,372,12,0,3,0,0,1,1,1,1785538861
2026-07-31T23:23:45Z,373,1,0,25,1,0,1,1,1,1785539517
2026-07-31T23:23:45Z,374,6,4,12,1,0,1,1,1,1785540028
2026-07-31T23:23:45Z,375,4,0,22,1,0,1,1,1,1785539878
2026-07-31T23:23:45Z,376,0,0,38,1,0,1,1,1,1785540173
2026-07-31T23:23:45Z,377,3,2,22,2,0,1,1,1,1785540074
2026-07-31T23:23:45Z,378,3,0,20,0,1,1,1,1,1785540034
2026-07-31T23:23:45Z,379,24,1,0,3,0,1,1,1,1785539802
2026-07-31T23:23:45Z,380,5,1,18,0,0,1,1,1,1785539948
2026-07-31T23:23:45Z,381,7,0,16,0,0,1,1,1,1785540178
2026-07-31T23:23:45Z,383,3,0,9,3,0,1,1,1,1785540217
2026-07-31T23:23:45Z,384,1,0,23,3,0,1,1,1,1785538397
2026-07-31T23:23:45Z,385,0,0,17,1,0,1,1,1,1785538725
2026-07-31T23:23:45Z,387,1,0,22,0,0,1,1,1,1785540207
2026-07-31T23:23:45Z,388,35,0,9,5,0,1,1,1,1785540084
2026-07-31T23:23:45Z,389,8,3,6,1,0,1,1,1,1785540211
2026-07-31T23:23:45Z,390,15,3,20,0,0,1,1,1,1785540046
2026-07-31T23:23:45Z,391,5,3,10,0,0,1,1,1,1785539218
2026-07-31T23:23:45Z,392,3,2,14,2,0,1,1,1,1785540190
2026-07-31T23:23:45Z,393,3,1,5,3,0,1,1,1,1785540151
2026-07-31T23:23:45Z,394,9,3,2,2,0,1,1,1,1785540085
2026-07-31T23:23:45Z,396,4,1,38,0,0,1,1,1,1785540024
2026-07-31T23:23:45Z,397,8,7,23,0,0,1,1,1,1785540218
2026-07-31T23:23:45Z,399,5,1,10,2,0,1,1,1,1785540126
2026-07-31T23:23:45Z,400,16,9,5,2,0,1,1,1,1785540196
2026-07-31T23:23:45Z,401,2,0,29,8,0,1,1,1,1785540142
2026-07-31T23:23:45Z,403,18,6,9,4,0,1,1,1,1785540209
2026-07-31T23:23:45Z,404,4,2,18,1,0,1,1,1,1785540164
2026-07-31T23:23:45Z,406,16,2,17,2,0,1,1,1,1785540110
2026-07-31T23:23:45Z,407,16,2,17,1,0,1,1,1,1785540034
2026-07-31T23:23:45Z,408,3,2,27,3,0,1,1,1,1785540122
2026-07-31T23:23:45Z,409,8,0,10,5,0,1,1,1,1785540210
2026-07-31T23:23:45Z,413,10,4,12,1,0,1,1,1,1785539883
2026-07-31T23:23:45Z,414,12,0,3,0,0,1,1,1,1785539905
2026-07-31T23:23:45Z,417,3,3,16,0,0,1,1,1,1785540109
2026-07-31T23:23:45Z,418,2,2,13,0,0,1,1,1,1785537921
2026-07-31T23:23:45Z,419,14,1,9,0,0,1,1,1,1785540196
2026-07-31T23:23:45Z,421,16,0,3,0,0,1,1,1,1785539963
2026-07-31T23:23:45Z,422,11,1,15,1,0,1,1,1,1785540079
2026-07-31T23:23:45Z,423,2,0,21,0,0,1,1,1,1785538595
2026-07-31T23:23:45Z,424,5,2,7,3,0,1,1,1,1785539082
2026-07-31T23:23:45Z,425,17,1,4,0,1,1,1,1,1785540001
2026-07-31T23:23:45Z,426,2,0,33,2,0,1,1,1,1785540067
2026-07-31T23:23:45Z,427,11,1,2,1,0,1,1,1,1785539844
2026-07-31T23:23:45Z,428,16,0,2,1,0,1,1,1,1785540213
2026-07-31T23:23:45Z,429,3,1,19,1,0,1,1,1,1785540099
2026-07-31T23:23:45Z,430,5,0,25,1,0,1,1,1,1785540219
2026-07-31T23:23:45Z,431,2,1,30,1,0,1,1,1,1785539806
2026-07-31T23:23:45Z,432,0,0,30,1,0,0,1,1,1785508564
2026-07-31T23:23:45Z,433,9,1,10,4,0,1,1,1,1785540176
2026-07-31T23:23:45Z,437,0,0,15,4,0,1,1,1,1785540177
2026-07-31T23:23:45Z,438,3,1,15,1,0,1,1,1,1785539956
2026-07-31T23:23:45Z,439,11,4,4,0,0,1,1,1,1785538736
2026-07-31T23:23:45Z,440,7,0,7,1,0,1,1,1,1785540044
2026-07-31T23:23:45Z,441,3,1,9,3,0,1,1,1,1785540070
2026-07-31T23:23:45Z,442,8,0,8,3,0,1,1,1,1785540100
2026-07-31T23:23:45Z,443,6,2,21,0,0,1,1,1,1785537918
2026-07-31T23:23:45Z,444,1,1,22,0,0,1,1,1,1785535180
2026-07-31T23:23:45Z,445,6,2,16,1,0,1,1,1,1785540190
2026-07-31T23:23:45Z,446,0,0,23,0,0,1,1,1,1785539316
2026-07-31T23:23:45Z,447,4,0,17,1,1,1,1,1,1785538957
2026-07-31T23:23:45Z,448,7,0,7,1,0,1,1,1,1785539001
2026-07-31T23:23:45Z,452,3,3,15,1,0,1,1,1,1785540196
2026-07-31T23:23:45Z,453,4,1,6,5,0,1,1,1,1785540191
2026-07-31T23:23:45Z,454,7,0,12,0,0,1,1,1,1785539965
2026-07-31T23:23:45Z,455,23,3,16,0,0,1,1,1,1785540217
2026-07-31T23:23:45Z,456,8,0,11,1,0,1,1,1,1785540154
2026-07-31T23:23:45Z,457,1,1,24,2,0,1,1,1,1785540041
2026-07-31T23:23:45Z,458,9,4,13,1,0,1,1,1,1785539997
2026-07-31T23:23:45Z,459,12,0,3,0,0,1,1,1,1785539614
2026-07-31T23:23:45Z,460,14,0,9,0,0,1,1,1,1785540211
2026-07-31T23:23:45Z,461,8,0,10,1,0,1,1,1,1785540185
2026-07-31T23:23:45Z,462,20,1,1,0,0,1,1,1,1785540195
2026-07-31T23:23:45Z,463,7,0,12,0,0,1,1,1,1785537831
2026-07-31T23:23:45Z,464,6,0,8,0,0,1,1,1,1785540218
2026-07-31T23:23:45Z,465,3,2,12,0,0,1,1,1,1785539886
2026-07-31T23:23:45Z,466,7,3,2,6,0,1,1,1,1785540067
2026-07-31T23:23:45Z,467,1,0,18,0,0,1,1,1,1785538900
2026-07-31T23:23:45Z,468,3,0,15,1,0,1,1,1,1785540114
2026-07-31T23:23:45Z,469,6,1,15,2,0,1,1,1,1785539739
2026-07-31T23:23:45Z,470,0,0,13,2,0,1,1,1,1785540187
2026-07-31T23:23:45Z,471,21,1,6,0,0,1,1,1,1785539859
2026-07-31T23:23:45Z,472,5,4,12,2,0,1,1,1,1785540215
2026-07-31T23:23:45Z,473,7,0,12,0,0,1,1,1,1785540187
2026-07-31T23:23:45Z,474,6,0,11,2,0,1,1,1,1785540076
2026-07-31T23:23:45Z,475,1,0,17,1,0,1,1,1,1785539805
2026-07-31T23:23:45Z,477,4,2,11,0,0,1,1,1,1785539658
2026-07-31T23:23:45Z,478,31,0,0,0,0,1,1,1,1785539237
2026-07-31T23:23:45Z,479,3,0,22,2,0,1,1,1,1785540215
2026-07-31T23:23:45Z,480,5,1,9,1,0,1,1,1,1785538872
2026-07-31T23:23:45Z,481,14,1,20,1,0,1,1,1,1785540217
2026-07-31T23:23:45Z,482,2,1,15,2,0,1,1,1,1785540216
2026-07-31T23:23:45Z,483,8,0,17,2,0,1,1,1,1785540078
2026-07-31T23:23:45Z,484,1,0,17,1,0,1,1,1,1785540104
2026-07-31T23:23:45Z,485,14,5,4,0,1,1,1,1,1785540022
2026-07-31T23:23:45Z,486,2,0,23,2,0,1,1,1,1785539966
2026-07-31T23:23:45Z,487,9,6,8,2,0,1,1,1,1785540095
2026-07-31T23:23:45Z,489,0,0,15,0,0,1,1,1,1785539469
2026-07-31T23:23:45Z,490,10,1,6,0,0,1,1,1,1785539157
2026-07-31T23:23:45Z,491,8,2,12,1,0,1,1,1,1785540197
2026-07-31T23:23:45Z,492,2,1,6,3,0,1,1,1,1785540218
2026-07-31T23:23:45Z,493,19,0,8,0,0,1,1,1,1785539181
2026-07-31T23:23:45Z,495,11,1,3,1,0,1,1,1,1785539963
2026-07-31T23:23:45Z,496,8,0,19,0,0,1,1,1,1785540082
2026-07-31T23:23:45Z,497,1,1,17,0,0,1,1,1,1785539766
2026-07-31T23:23:45Z,498,1,0,21,1,0,1,1,1,1785540036
2026-07-31T23:23:45Z,499,5,1,13,1,0,1,1,1,1785540083
2026-07-31T23:23:45Z,500,0,0,12,3,0,1,1,1,1785539944
2026-07-31T23:23:45Z,501,7,0,13,1,0,1,1,1,1785540124
2026-07-31T23:23:45Z,502,1,0,16,2,0,1,1,1,1785539744
2026-07-31T23:23:45Z,503,7,1,23,1,0,1,1,1,1785539905
2026-07-31T23:23:45Z,504,0,0,37,2,0,1,1,1,1785539289
2026-07-31T23:23:45Z,505,7,1,4,1,0,1,1,1,1785540071
2026-07-31T23:23:45Z,511,1,1,21,1,0,1,1,1,1785539414
2026-07-31T23:23:45Z,512,15,0,12,0,0,1,1,1,1785539770
2026-07-31T23:23:45Z,514,2,1,8,1,0,1,1,1,1785540167
2026-07-31T23:23:45Z,515,8,3,11,0,0,1,1,1,1785538616
2026-07-31T23:23:45Z,516,18,0,9,0,0,1,1,1,1785540068
2026-07-31T23:23:45Z,517,5,0,18,0,0,1,1,1,1785540074
2026-07-31T23:23:45Z,518,6,0,8,1,0,1,1,1,1785539094
2026-07-31T23:23:45Z,519,5,4,13,1,0,1,1,1,1785538253
2026-07-31T23:23:45Z,520,20,6,2,4,1,1,1,1,1785540220
2026-07-31T23:23:45Z,521,6,3,17,0,0,1,1,1,1785539641
2026-07-31T23:23:45Z,522,18,2,3,2,0,1,1,1,1785540191
2026-07-31T23:23:45Z,523,11,6,9,3,0,1,1,1,1785540207
2026-07-31T23:23:45Z,524,20,0,3,0,0,1,1,1,1785540215
2026-07-31T23:23:45Z,525,13,1,6,0,0,1,1,1,1785540100
2026-07-31T23:23:45Z,526,6,3,8,1,0,1,1,1,1785538120
2026-07-31T23:23:45Z,527,12,12,13,1,0,1,1,1,1785540029
2026-07-31T23:23:45Z,528,16,3,6,1,0,1,1,1,1785540181
2026-07-31T23:23:45Z,529,8,5,5,6,0,1,1,1,1785540219
2026-07-31T23:23:45Z,530,12,0,6,3,0,1,1,1,1785539475
2026-07-31T23:23:45Z,531,21,1,1,0,1,1,1,1,1785539575
2026-07-31T23:23:45Z,532,1,1,28,2,0,1,1,1,1785537999
2026-07-31T23:23:45Z,533,12,0,6,1,0,1,1,1,1785539437
2026-07-31T23:23:45Z,534,6,2,17,0,0,1,1,1,1785539950
2026-07-31T23:23:45Z,535,2,0,13,0,0,1,1,1,1785539846
2026-07-31T23:23:45Z,536,12,0,11,0,0,1,1,1,1785540080
2026-07-31T23:23:45Z,537,0,0,20,0,0,1,1,1,1785538365
2026-07-31T23:23:45Z,538,15,2,7,0,1,1,1,1,1785540178
2026-07-31T23:23:45Z,539,20,0,10,1,0,1,1,1,1785540214
2026-07-31T23:23:45Z,540,1,0,18,0,0,1,1,1,1785539973
2026-07-31T23:23:45Z,541,1,0,26,0,0,1,1,1,1785540150
2026-07-31T23:23:45Z,542,0,0,23,0,0,1,1,1,1785539390
2026-07-31T23:23:45Z,543,1,1,18,0,0,1,1,1,1785540027
2026-07-31T23:23:45Z,544,3,1,15,4,0,1,1,1,1785540213
2026-07-31T23:23:45Z,545,11,2,4,4,0,1,1,1,1785540049
2026-07-31T23:23:45Z,546,4,1,15,0,0,1,1,1,1785540012
2026-07-31T23:23:45Z,547,10,2,14,1,0,1,1,1,1785539514
2026-07-31T23:23:45Z,548,15,2,8,0,0,1,1,1,1785540071
2026-07-31T23:23:45Z,549,14,1,9,0,0,1,1,1,1785540130
2026-07-31T23:23:45Z,550,10,7,9,0,0,1,1,1,1785540019
2026-07-31T23:23:45Z,551,3,2,20,0,0,1,1,1,1785539178
2026-07-31T23:23:45Z,552,5,2,22,0,0,1,1,1,1785540145
2026-07-31T23:23:45Z,553,1,1,22,0,0,1,1,1,1785539434
2026-07-31T23:23:45Z,554,0,0,19,0,0,1,1,1,1785539385
2026-07-31T23:23:45Z,555,10,0,4,1,0,1,1,1,1785540184
2026-07-31T23:23:45Z,556,4,0,17,2,0,1,1,1,1785540175
2026-07-31T23:23:45Z,557,1,0,20,2,0,1,1,1,1785539920
2026-07-31T23:23:45Z,558,24,14,11,2,0,1,1,1,1785540192
2026-07-31T23:23:45Z,559,5,0,13,1,0,1,1,1,1785539741
2026-07-31T23:23:45Z,560,15,0,12,0,0,1,1,1,1785539751
2026-07-31T23:23:45Z,561,4,0,16,3,0,1,1,1,1785540161
2026-07-31T23:23:45Z,562,4,1,24,7,0,1,1,1,1785540190
2026-07-31T23:23:45Z,563,2,0,11,1,0,1,1,1,1785539981
2026-07-31T23:23:45Z,564,4,2,12,3,0,1,1,1,1785540113
2026-07-31T23:23:45Z,565,1,0,17,1,0,1,1,1,1785539969
2026-07-31T23:23:45Z,566,17,0,1,1,0,1,1,1,1785540218
2026-07-31T23:23:45Z,567,20,0,4,3,0,1,1,1,1785540200
2026-07-31T23:23:45Z,568,11,0,8,0,0,1,1,1,1785539972
2026-07-31T23:23:45Z,569,12,2,7,0,0,1,1,1,1785540009
2026-07-31T23:23:45Z,570,1,0,18,0,0,1,1,1,1785540063
2026-07-31T23:23:45Z,571,10,0,13,0,0,1,1,1,1785540141
2026-07-31T23:23:45Z,572,3,0,15,1,0,1,1,1,1785539458
2026-07-31T23:23:45Z,573,12,2,3,0,0,1,1,1,1785540118
2026-07-31T23:23:45Z,574,4,3,11,0,0,1,1,1,1785539037
2026-07-31T23:23:45Z,575,1,0,19,1,0,1,1,1,1785540215
2026-07-31T23:23:45Z,576,0,0,19,0,0,1,1,1,1785537344
2026-07-31T23:23:45Z,577,28,0,3,0,0,1,1,1,1785539437
2026-07-31T23:23:45Z,578,0,0,22,1,0,1,1,1,1785540120
2026-07-31T23:23:45Z,579,12,0,31,0,0,1,1,1,1785539920
2026-07-31T23:23:45Z,580,0,0,29,0,0,1,1,1,1785540010
2026-07-31T23:23:45Z,581,11,0,8,0,0,1,1,1,1785539820
2026-07-31T23:23:45Z,582,23,1,36,2,0,1,1,1,1785540192
2026-07-31T23:23:45Z,583,2,1,20,1,0,1,1,1,1785539985
2026-07-31T23:23:45Z,584,2,0,13,4,0,1,1,1,1785539475
2026-07-31T23:23:45Z,585,1,0,24,1,1,1,1,1,1785540203
2026-07-31T23:23:45Z,586,16,1,19,0,0,1,1,1,1785540165
2026-07-31T23:23:45Z,587,9,0,14,1,0,1,1,1,1785540216
2026-07-31T23:23:45Z,588,7,2,9,2,1,1,1,1,1785539924
2026-07-31T23:23:45Z,589,8,5,13,1,0,1,1,1,1785540141
2026-07-31T23:23:45Z,590,13,3,18,0,0,1,1,1,1785540033
2026-07-31T23:23:45Z,591,0,0,28,2,0,1,1,1,1785539868
2026-07-31T23:23:45Z,592,3,1,20,0,0,1,1,1,1785539744
2026-07-31T23:23:45Z,593,14,0,24,0,0,1,1,1,1785539031
2026-07-31T23:23:45Z,594,9,1,10,2,0,1,1,1,1785540091
2026-07-31T23:23:45Z,595,0,0,3,0,0,0,1,1,1784046673
2026-07-31T23:23:45Z,605,0,0,2,1,0,0,1,1,1783975843
2026-07-31T23:23:45Z,606,0,0,0,0,0,0,1,1,86400
2026-07-31T23:23:45Z,607,3,3,27,3,0,1,1,1,1785540122
2026-07-31T23:23:45Z,608,37,1,13,0,0,1,1,1,1785540144
2026-07-31T23:23:45Z,609,4,3,19,0,0,1,1,1,1785539643
2026-07-31T23:23:45Z,610,0,0,35,0,0,1,1,1,1785539115
2026-07-31T23:23:45Z,611,12,2,14,1,0,1,1,1,1785539565
2026-07-31T23:23:45Z,612,9,1,6,0,0,1,1,1,1785538391
2026-07-31T23:23:45Z,613,12,4,0,3,0,1,1,1,1785530289
2026-07-31T23:23:45Z,614,0,0,24,2,1,1,1,1,1785539253
2026-07-31T23:23:45Z,617,12,0,2,1,0,1,1,1,1785539975
2026-07-31T23:23:45Z,618,11,0,2,6,0,1,1,1,1785540087
2026-07-31T23:23:45Z,619,14,8,5,0,0,1,1,1,1785540093
2026-07-31T23:23:45Z,620,11,1,16,0,0,1,1,1,1785539680
2026-07-31T23:23:45Z,621,2,0,21,0,0,1,1,1,1785540160
2026-07-31T23:23:45Z,622,4,1,18,1,0,1,1,1,1785539669
2026-07-31T23:23:45Z,623,16,6,14,0,0,1,1,1,1785538388
2026-07-31T23:23:45Z,624,1,0,14,0,0,1,1,1,1785539062
2026-07-31T23:23:45Z,625,17,3,0,4,0,1,1,1,1785539280
2026-07-31T23:23:45Z,626,40,1,5,0,2,1,1,1,1785539790
2026-07-31T23:23:45Z,627,18,5,1,0,0,1,1,1,1785540067
2026-07-31T23:23:45Z,628,1,1,15,2,1,1,1,1,1785539839
2026-07-31T23:23:45Z,629,3,1,6,2,0,1,1,1,1785540110
2026-07-31T23:23:45Z,630,2,1,21,4,0,1,1,1,1785539906
2026-07-31T23:23:45Z,631,5,5,17,1,0,1,1,1,1785540065
2026-07-31T23:23:45Z,632,14,1,7,2,0,1,1,1,1785538981
2026-07-31T23:23:45Z,633,11,3,1,3,0,1,1,1,1785530006
2026-07-31T23:23:45Z,634,10,1,9,0,0,1,1,1,1785539980
2026-07-31T23:23:45Z,635,17,2,2,0,0,1,1,1,1785538729
2026-07-31T23:23:45Z,636,5,1,9,1,0,1,1,1,1785539961
2026-07-31T23:23:45Z,637,5,2,12,2,0,1,1,1,1785539656
2026-07-31T23:23:45Z,638,7,1,10,2,0,1,1,1,1785539921
2026-07-31T23:23:45Z,639,12,2,5,2,0,1,1,1,1785539600
2026-07-31T23:23:45Z,640,4,4,17,2,0,1,1,1,1785539973
2026-07-31T23:23:45Z,641,17,0,10,0,0,1,1,1,1785540210
2026-07-31T23:23:45Z,642,6,3,5,8,0,1,1,1,1785540216
2026-07-31T23:23:45Z,643,2,1,17,8,0,1,1,1,1785540216
2026-07-31T23:23:45Z,644,13,1,1,1,0,1,1,1,1785533615
2026-07-31T23:23:45Z,645,18,1,2,3,0,1,1,1,1785539047
2026-07-31T23:23:45Z,646,3,1,16,0,0,1,1,1,1785539353
2026-07-31T23:23:45Z,647,0,0,31,0,0,1,1,1,1785540115
2026-07-31T23:23:45Z,648,0,0,17,1,1,1,1,1,1785540052
2026-07-31T23:23:45Z,649,19,1,10,2,0,1,1,1,1785540136
2026-07-31T23:23:45Z,650,6,1,8,0,0,1,1,1,1785539174
2026-07-31T23:23:45Z,651,6,4,16,1,0,1,1,1,1785539716
2026-07-31T23:23:45Z,652,4,2,16,3,0,1,1,1,1785540220
2026-07-31T23:23:45Z,653,1,0,17,1,0,1,1,1,1785538494
2026-07-31T23:23:45Z,654,5,1,10,0,0,1,1,1,1785539844
2026-07-31T23:23:45Z,655,8,4,0,4,1,1,1,1,1785540190
2026-07-31T23:23:45Z,656,5,3,14,0,0,1,1,1,1785540208
2026-07-31T23:23:45Z,657,8,4,5,2,2,1,1,1,1785539915
2026-07-31T23:23:45Z,658,9,1,1,0,0,1,1,1,1785537787
2026-07-31T23:23:45Z,659,8,6,5,2,0,1,1,1,1785539517
2026-07-31T23:23:45Z,660,12,3,14,5,0,1,1,1,1785540212
2026-07-31T23:23:45Z,661,11,1,8,0,0,1,1,1,1785540205
2026-07-31T23:23:45Z,662,4,2,14,5,0,1,1,1,1785540211
2026-07-31T23:23:45Z,663,3,0,12,0,0,1,1,1,1785539779
2026-07-31T23:23:45Z,664,9,0,16,2,0,1,1,1,1785540151
2026-07-31T23:23:45Z,665,9,5,5,1,0,1,1,1,1785539878
2026-07-31T23:23:45Z,666,9,3,3,3,0,1,1,1,1785539286
2026-07-31T23:23:45Z,667,18,2,0,1,0,1,1,1,1785539853
2026-07-31T23:23:45Z,668,14,1,5,0,0,1,1,1,1785539630
2026-07-31T23:23:45Z,669,8,3,4,2,0,1,1,1,1785540105
2026-07-31T23:23:45Z,670,16,0,9,2,0,1,1,1,1785539973
2026-07-31T23:23:45Z,671,22,0,5,0,0,1,1,1,1785540219
2026-07-31T23:23:45Z,672,3,0,17,2,1,1,1,1,1785539272
2026-07-31T23:23:45Z,673,17,1,6,0,0,1,1,1,1785539912
2026-07-31T23:23:45Z,674,1,1,20,2,0,1,1,1,1785540083
2026-07-31T23:23:45Z,675,4,1,9,2,0,1,1,1,1785540132
2026-07-31T23:23:45Z,676,6,0,14,2,0,1,1,1,1785538653
2026-07-31T23:23:45Z,681,11,7,3,0,1,1,1,1,1785539740
2026-07-31T23:23:45Z,682,6,1,13,0,0,1,1,1,1785538950
2026-07-31T23:23:45Z,683,1,1,18,0,0,1,1,1,1785527602
2026-07-31T23:23:45Z,684,4,1,23,0,0,1,1,1,1785535557
2026-07-31T23:23:45Z,685,8,0,17,1,1,1,1,1,1785539631
2026-07-31T23:23:45Z,686,11,0,13,3,0,1,1,1,1785539961
2026-07-31T23:23:45Z,687,13,1,16,1,1,1,1,1,1785539988
2026-07-31T23:23:45Z,688,9,1,10,0,0,1,1,1,1785537082
2026-07-31T23:23:45Z,692,0,0,21,0,0,1,1,1,1785538446
2026-07-31T23:23:45Z,693,6,0,2,3,0,1,1,1,1785539685
2026-07-31T23:23:45Z,694,9,4,12,0,0,1,1,1,1785539562
2026-07-31T23:23:45Z,695,4,2,18,1,0,1,1,1,1785539984
2026-07-31T23:23:45Z,696,22,13,0,1,0,1,1,1,1785539866
2026-07-31T23:23:45Z,697,22,5,0,1,0,1,1,1,1785540208
2026-07-31T23:23:45Z,698,24,4,3,0,0,1,1,1,1785540187
2026-07-31T23:23:45Z,699,5,0,9,1,0,1,1,1,1785540081
2026-07-31T23:23:45Z,700,18,1,1,0,0,1,1,1,1785540218
2026-07-31T23:23:45Z,701,18,3,0,1,0,1,1,1,1785539714
2026-07-31T23:23:45Z,702,0,0,22,1,0,1,1,1,1785539192
2026-07-31T23:23:45Z,704,4,0,10,1,0,1,1,1,1785539764
2026-07-31T23:23:45Z,705,2,0,13,0,0,1,1,1,1785538514
2026-07-31T23:23:45Z,706,4,1,9,2,0,1,1,1,1785539642
2026-07-31T23:23:45Z,707,7,1,8,0,0,1,1,1,1785540198
2026-07-31T23:23:45Z,708,19,4,0,0,0,1,1,1,1785539942
2026-07-31T23:23:45Z,709,5,0,9,1,0,1,1,1,1785540200
2026-07-31T23:23:45Z,710,3,0,15,1,0,1,1,1,1785539739
2026-07-31T23:23:45Z,711,12,1,8,3,0,1,1,1,1785539960
2026-07-31T23:23:45Z,712,5,3,9,1,0,1,1,1,1785539957
2026-07-31T23:23:45Z,713,7,4,16,0,0,1,1,1,1785539224
2026-07-31T23:23:45Z,716,4,3,11,0,0,1,1,1,1785539994
2026-07-31T23:23:45Z,717,1,1,22,2,0,1,1,1,1785540135
2026-07-31T23:23:45Z,718,2,0,12,1,0,1,1,1,1785540101
2026-07-31T23:23:45Z,719,4,0,25,0,0,1,1,1,1785539826
2026-07-31T23:23:45Z,720,0,0,19,0,0,1,1,1,1785538444
2026-07-31T23:23:45Z,721,12,1,9,2,0,1,1,1,1785540071
2026-07-31T23:23:45Z,722,7,1,8,0,0,1,1,1,1785540038
2026-07-31T23:23:45Z,723,14,2,9,0,0,1,1,1,1785538454
2026-07-31T23:23:45Z,724,6,2,16,1,0,1,1,1,1785539482
2026-07-31T23:23:45Z,725,5,1,18,0,0,1,1,1,1785539590
2026-07-31T23:23:45Z,726,7,0,10,2,0,1,1,1,1785539924
2026-07-31T23:23:45Z,727,9,5,13,1,0,1,1,1,1785539306
2026-07-31T23:23:45Z,728,9,0,5,1,0,1,1,1,1785538747
2026-07-31T23:23:45Z,729,4,0,15,0,0,1,1,1,1785539964
2026-07-31T23:23:45Z,730,0,0,12,3,0,1,1,1,1785539346
2026-07-31T23:23:45Z,731,2,2,11,2,0,1,1,1,1785539531
2026-07-31T23:23:45Z,732,5,3,10,0,0,1,1,1,1785539816
2026-07-31T23:23:45Z,733,25,3,2,0,0,1,1,1,1785540202
2026-07-31T23:23:45Z,734,1,0,13,0,0,1,1,1,1785539386
2026-07-31T23:23:45Z,735,21,8,6,0,0,1,1,1,1785539549
2026-07-31T23:23:45Z,736,12,0,7,0,0,1,1,1,1785538926
2026-07-31T23:23:45Z,737,3,1,11,0,1,1,1,1,1785538984
2026-07-31T23:23:45Z,738,13,0,6,0,0,1,1,1,1785540219
2026-07-31T23:23:45Z,739,18,0,8,1,0,1,1,1,1785539925
2026-07-31T23:23:45Z,741,5,0,18,0,0,1,1,1,1785538825
2026-07-31T23:23:45Z,742,10,8,23,2,0,1,1,1,1785540212
2026-07-31T23:23:45Z,743,5,2,14,0,0,1,1,1,1785538705
2026-07-31T23:23:45Z,744,9,3,6,0,0,1,1,1,1785539412
2026-07-31T23:23:45Z,745,9,4,10,0,0,1,1,1,1785539929
2026-07-31T23:23:45Z,746,15,0,8,0,0,1,1,1,1785540071
2026-07-31T23:23:45Z,747,0,0,4,0,0,0,1,1,1783446606
2026-07-31T23:23:45Z,748,7,0,16,0,0,1,1,1,1785540090
2026-07-31T23:23:45Z,749,7,0,16,0,0,1,1,1,1785540146
2026-07-31T23:23:45Z,750,6,5,5,0,0,1,1,1,1785540151
2026-07-31T23:23:45Z,751,8,8,15,0,0,1,1,1,1785540108
2026-07-31T23:23:45Z,752,1,0,15,1,0,1,1,1,1785539177
2026-07-31T23:23:45Z,753,4,0,10,1,0,1,1,1,1785539826
2026-07-31T23:23:45Z,754,4,1,11,0,0,1,1,1,1785539844
2026-07-31T23:23:45Z,755,12,4,9,2,0,1,1,1,1785539893
2026-07-31T23:23:45Z,756,2,2,33,2,0,1,1,1,1785539237
2026-07-31T23:23:45Z,757,6,1,13,0,0,1,1,1,1785539990
2026-07-31T23:23:45Z,758,7,3,16,0,0,1,1,1,1785539798
2026-07-31T23:23:45Z,759,0,0,0,0,0,1,1,1,86400
2026-07-31T23:23:45Z,760,9,2,10,0,0,1,1,1,1785531870
2026-07-31T23:23:45Z,761,6,1,17,0,0,1,1,1,1785539944
2026-07-31T23:23:45Z,762,4,2,6,5,0,1,1,1,1785538539
2026-07-31T23:23:45Z,768,7,0,8,4,0,1,1,1,1785539588
2026-07-31T23:23:45Z,769,15,7,1,3,0,1,1,1,1785540058
2026-07-31T23:23:45Z,770,9,2,8,2,0,1,1,1,1785539073
2026-07-31T23:23:45Z,771,12,1,2,1,0,1,1,1,1785538472
2026-07-31T23:23:45Z,772,0,0,15,0,0,1,1,1,1785538999
2026-07-31T23:23:45Z,773,17,4,2,0,0,1,1,1,1785538932
2026-07-31T23:23:45Z,774,6,2,5,4,0,1,1,1,1785539946
2026-07-31T23:23:45Z,775,4,1,12,2,1,1,1,1,1785539021
2026-07-31T23:23:45Z,776,2,0,18,1,0,1,1,1,1785539296
2026-07-31T23:23:45Z,777,10,1,5,0,0,1,1,1,1785539070
2026-07-31T23:23:45Z,778,13,0,6,0,0,1,1,1,1785538920
2026-07-31T23:23:45Z,779,6,0,12,1,0,1,1,1,1785540002
2026-07-31T23:23:45Z,780,1,0,18,0,0,1,1,1,1785540180
2026-07-31T23:23:45Z,781,4,1,5,2,0,1,1,1,1785539596
2026-07-31T23:23:45Z,782,0,0,15,4,0,1,1,1,1785538713
2026-07-31T23:23:45Z,783,6,3,13,0,0,1,1,1,1785539756
2026-07-31T23:23:45Z,784,9,2,10,0,0,1,1,1,1785539373
2026-07-31T23:23:45Z,785,9,2,4,6,0,1,1,1,1785540039
2026-07-31T23:23:45Z,786,5,2,13,1,0,1,1,1,1785539653
2026-07-31T23:23:45Z,787,5,3,9,1,0,1,1,1,1785539781
2026-07-31T23:23:45Z,788,7,1,8,0,0,1,1,1,1785538424
2026-07-31T23:23:45Z,789,7,2,4,4,0,1,1,1,1785538624
2026-07-31T23:23:45Z,790,4,2,18,1,0,1,1,1,1785539534
2026-07-31T23:23:45Z,791,7,0,11,0,1,1,1,1,1785538785
2026-07-31T23:23:45Z,793,3,0,11,1,0,1,1,1,1785539622
2026-07-31T23:23:45Z,794,3,1,24,2,0,1,1,1,1785540187
2026-07-31T23:23:45Z,796,5,3,13,1,0,1,1,1,1785539082
2026-07-31T23:23:45Z,797,8,1,7,0,0,1,1,1,1785539043
2026-07-31T23:23:45Z,798,18,1,6,1,0,1,1,1,1785540167
2026-07-31T23:23:45Z,799,15,2,0,4,0,1,1,1,1785538610
2026-07-31T23:23:45Z,800,2,1,18,1,0,1,1,1,1785540175
2026-07-31T23:23:45Z,801,3,2,17,1,0,1,1,1,1785539654
2026-07-31T23:23:45Z,802,8,0,23,0,0,1,1,1,1785539270
2026-07-31T23:23:45Z,803,2,0,13,0,0,1,1,1,1785540204
2026-07-31T23:23:45Z,806,5,4,9,1,0,1,1,1,1785540129
2026-07-31T23:23:45Z,807,7,4,16,2,0,1,1,1,1785539699
2026-07-31T23:23:45Z,808,8,1,14,3,0,1,1,1,1785539585
2026-07-31T23:23:45Z,809,4,1,18,1,0,1,1,1,1785538656
2026-07-31T23:23:45Z,810,3,1,14,2,0,1,1,1,1785539021
2026-07-31T23:23:45Z,815,3,2,7,4,1,1,1,1,1785539493
2026-07-31T23:23:45Z,817,10,5,5,0,0,1,1,1,1785540043
2026-07-31T23:23:45Z,818,5,1,17,1,0,1,1,1,1785539293
2026-07-31T23:23:45Z,819,5,3,10,0,0,1,1,1,1785537833
2026-07-31T23:23:45Z,820,11,1,6,0,0,1,1,1,1785539933
2026-07-31T23:23:45Z,821,6,3,9,0,0,1,1,1,1785540157
2026-07-31T23:23:45Z,822,3,0,19,1,0,1,1,1,1785539929
2026-07-31T23:23:45Z,823,15,0,0,0,0,1,1,1,1785540047
2026-07-31T23:23:45Z,824,19,6,0,0,0,1,1,1,1785540094
2026-07-31T23:23:45Z,825,7,6,8,0,0,1,1,1,1785538987
2026-07-31T23:23:45Z,826,8,0,9,2,0,1,1,1,1785539622
2026-07-31T23:23:45Z,827,15,4,4,2,0,1,1,1,1785539948
2026-07-31T23:23:45Z,828,11,0,5,2,0,1,1,1,1785538998
2026-07-31T23:23:45Z,829,19,7,8,0,0,1,1,1,1785539948
2026-07-31T23:23:45Z,830,17,0,5,1,0,1,1,1,1785540016
2026-07-31T23:23:45Z,831,5,3,8,2,0,1,1,1,1785539964
2026-07-31T23:23:45Z,832,7,3,8,3,0,1,1,1,1785540155
2026-07-31T23:23:45Z,833,5,1,13,1,0,1,1,1,1785539900
2026-07-31T23:23:45Z,834,6,0,17,1,0,1,1,1,1785540134
2026-07-31T23:23:45Z,835,3,1,13,2,0,1,1,1,1785539913
2026-07-31T23:23:45Z,838,6,4,8,1,0,1,1,1,1785539785
2026-07-31T23:23:45Z,839,6,0,21,2,0,1,1,1,1785539522
2026-07-31T23:23:45Z,840,2,0,26,1,0,1,1,1,1785540107
2026-07-31T23:23:45Z,841,8,2,7,0,0,1,1,1,1785539946
2026-07-31T23:23:45Z,842,2,1,21,0,0,1,1,1,1785539895
2026-07-31T23:23:45Z,843,16,2,15,0,0,1,1,1,1785539831
2026-07-31T23:23:45Z,844,4,0,19,0,0,1,1,1,1785540210
2026-07-31T23:23:45Z,845,5,3,12,2,0,1,1,1,1785538420
2026-07-31T23:23:45Z,846,4,2,14,1,0,1,1,1,1785539374
2026-07-31T23:23:45Z,847,7,1,20,0,0,1,1,1,1785539296
2026-07-31T23:23:45Z,848,2,2,16,1,0,1,1,1,1785538987
2026-07-31T23:23:45Z,849,7,0,7,1,0,1,1,1,1785539179
2026-07-31T23:23:45Z,850,7,1,4,0,0,1,1,1,1785539986
2026-07-31T23:23:45Z,851,3,2,31,3,0,1,1,1,1785539551
2026-07-31T23:23:45Z,852,13,6,6,0,0,1,1,1,1785539907
2026-07-31T23:23:45Z,853,11,5,12,0,0,1,1,1,1785539090
2026-07-31T23:23:45Z,854,0,0,15,0,0,1,1,1,1785539024
2026-07-31T23:23:45Z,855,23,1,4,0,0,1,1,1,1785540127
2026-07-31T23:23:45Z,857,8,6,9,2,0,1,1,1,1785540110
2026-07-31T23:23:45Z,858,5,2,13,1,0,1,1,1,1785538829
2026-07-31T23:23:45Z,859,8,0,12,1,0,1,1,1,1785539002
2026-07-31T23:23:45Z,861,6,0,4,1,0,1,1,1,1785528609
2026-07-31T23:23:45Z,862,3,2,12,0,0,1,1,1,1785539992
2026-07-31T23:23:45Z,863,14,1,4,1,0,1,1,1,1785534680
2026-07-31T23:23:45Z,866,13,1,6,0,0,1,1,1,1785538572
2026-07-31T23:23:45Z,867,14,2,1,0,0,1,1,1,1785539594
2026-07-31T23:23:45Z,868,7,0,8,0,0,1,1,1,1785539854
2026-07-31T23:23:45Z,870,8,4,7,0,0,1,1,1,1785540085
2026-07-31T23:23:45Z,871,0,0,10,1,0,1,1,1,1785539397
2026-07-31T23:23:45Z,872,1,0,13,1,0,1,1,1,1785539989
2026-07-31T23:23:45Z,873,2,0,29,2,0,1,1,1,1785540213
2026-07-31T23:23:45Z,874,3,2,8,4,0,1,1,1,1785540121
2026-07-31T23:23:45Z,875,13,9,1,1,0,1,1,1,1785539303
2026-07-31T23:23:45Z,877,12,11,6,1,0,1,1,1,1785539694
2026-07-31T23:23:45Z,878,3,3,16,0,0,1,1,1,1785538447
2026-07-31T23:23:45Z,879,1,0,18,0,0,1,1,1,1785539297
2026-07-31T23:23:45Z,880,1,0,21,1,0,1,1,1,1785540220
2026-07-31T23:23:45Z,881,3,0,16,0,0,1,1,1,1785540129
2026-07-31T23:23:45Z,882,10,4,8,1,0,1,1,1,1785540148
2026-07-31T23:23:45Z,883,8,3,11,0,0,1,1,1,1785538542
2026-07-31T23:23:45Z,884,10,6,11,0,0,1,1,1,1785539790
2026-07-31T23:23:45Z,885,0,0,19,0,0,1,1,1,1785539924
2026-07-31T23:23:45Z,886,2,0,26,1,0,1,1,1,1785540098
2026-07-31T23:23:45Z,887,4,0,9,4,0,1,1,1,1785540071
2026-07-31T23:23:45Z,888,18,0,21,2,0,1,1,1,1785540203
2026-07-31T23:23:45Z,889,9,0,8,2,0,1,1,1,1785540216
2026-07-31T23:23:45Z,890,7,4,8,0,0,1,1,1,1785537599
2026-07-31T23:23:45Z,891,18,1,4,1,0,1,1,1,1785539477
2026-07-31T23:23:45Z,892,10,0,5,0,0,1,1,1,1785536903
2026-07-31T23:23:45Z,895,2,0,17,0,0,1,1,1,1785536824
2026-07-31T23:23:45Z,896,6,1,29,0,0,1,1,1,1785539956
2026-07-31T23:23:45Z,897,15,0,6,0,0,1,1,1,1785540164
2026-07-31T23:23:45Z,898,2,0,17,0,0,1,1,1,1785539834
2026-07-31T23:23:45Z,899,17,0,0,2,0,1,1,1,1785539631
2026-07-31T23:23:45Z,900,9,0,17,1,0,1,1,1,1785540002
2026-07-31T23:23:45Z,901,4,0,14,1,0,1,1,1,1785539910
2026-07-31T23:23:45Z,902,4,1,11,0,0,1,1,1,1785539940
2026-07-31T23:23:45Z,903,8,1,11,0,0,1,1,1,1785539839
2026-07-31T23:23:45Z,904,10,4,8,1,0,1,1,1,1785538806
2026-07-31T23:23:45Z,905,14,3,12,1,0,1,1,1,1785540209
2026-07-31T23:23:45Z,906,11,10,16,0,0,1,1,1,1785539261
2026-07-31T23:23:45Z,907,7,0,23,1,0,1,1,1,1785540013
2026-07-31T23:23:45Z,908,12,2,11,0,0,1,1,1,1785538443
2026-07-31T23:23:45Z,909,5,1,18,0,0,1,1,1,1785539938
2026-07-31T23:23:45Z,910,29,1,1,1,0,1,1,1,1785540193
2026-07-31T23:23:45Z,911,2,1,17,0,0,1,1,1,1785540153
2026-07-31T23:23:45Z,912,3,0,19,1,0,1,1,1,1785540193
2026-07-31T23:23:45Z,913,5,3,14,0,0,1,1,1,1785538951
2026-07-31T23:23:45Z,914,7,0,10,2,0,1,1,1,1785540084
2026-07-31T23:23:45Z,915,12,3,8,3,0,1,1,1,1785540173
2026-07-31T23:23:45Z,916,4,0,19,0,0,1,1,1,1785540160
2026-07-31T23:23:45Z,917,1,0,33,1,0,1,1,1,1785540186
2026-07-31T23:23:45Z,918,1,1,16,2,0,1,1,1,1785540146
2026-07-31T23:23:45Z,919,10,0,29,0,0,1,1,1,1785540207
2026-07-31T23:23:45Z,920,8,3,11,0,0,1,1,1,1785538728
2026-07-31T23:23:45Z,921,13,1,8,0,0,1,1,1,1785539938
2026-07-31T23:23:45Z,922,0,0,21,0,0,1,1,1,1785538980
2026-07-31T23:23:45Z,923,2,2,17,0,0,1,1,1,1785539592
2026-07-31T23:23:45Z,924,6,1,14,1,0,1,1,1,1785539128
2026-07-31T23:23:45Z,925,11,0,10,0,0,1,1,1,1785540104
2026-07-31T23:23:45Z,926,2,0,19,0,0,1,1,1,1785538708
2026-07-31T23:23:45Z,927,17,2,18,0,0,1,1,1,1785539978
2026-07-31T23:23:45Z,928,0,0,19,0,0,0,1,1,1785500252
2026-07-31T23:23:45Z,929,4,1,19,0,0,1,1,1,1785540009
2026-07-31T23:23:45Z,930,18,0,12,1,0,1,1,1,1785539249
2026-07-31T23:23:45Z,931,0,0,22,1,0,1,1,1,1785540026
2026-07-31T23:23:45Z,932,14,1,1,4,0,1,1,1,1785540219
2026-07-31T23:23:45Z,933,10,1,10,3,0,1,1,1,1785539983
2026-07-31T23:23:45Z,934,25,0,5,1,0,1,1,1,1785539999
2026-07-31T23:23:45Z,935,14,0,3,2,0,1,1,1,1785539726
2026-07-31T23:23:45Z,936,5,0,14,0,0,1,1,1,1785539455
2026-07-31T23:23:45Z,940,5,0,5,1,0,1,1,1,1785538586
2026-07-31T23:23:45Z,941,19,3,3,3,0,1,1,1,1785539537
2026-07-31T23:23:45Z,942,15,3,6,0,0,1,1,1,1785540199
2026-07-31T23:23:45Z,943,8,8,7,0,0,1,1,1,1785540066
2026-07-31T23:23:45Z,944,10,8,5,0,0,1,1,1,1785539919
2026-07-31T23:23:45Z,945,7,5,8,0,0,1,1,1,1785539443
2026-07-31T23:23:45Z,946,7,5,12,0,0,1,1,1,1785523835
2026-07-31T23:23:45Z,947,5,3,12,0,0,1,1,1,1785539941
2026-07-31T23:23:45Z,948,14,13,14,3,0,1,1,1,1785539287
2026-07-31T23:23:45Z,949,1,0,14,0,0,1,1,1,1785540058
2026-07-31T23:23:45Z,950,3,1,13,1,0,1,1,1,1785540075
2026-07-31T23:23:45Z,951,15,6,8,0,0,1,1,1,1785539696
2026-07-31T23:23:45Z,952,26,5,28,1,0,1,1,1,1785540131
2026-07-31T23:23:45Z,953,5,1,9,1,0,1,1,1,1785539201
2026-07-31T23:23:45Z,954,8,0,11,0,0,1,1,1,1785540089
2026-07-31T23:23:45Z,955,15,9,6,6,0,1,1,1,1785540144
2026-07-31T23:23:45Z,956,21,1,0,2,0,1,1,1,1785540031
2026-07-31T23:23:45Z,957,26,2,2,1,0,1,1,1,1785540216
2026-07-31T23:23:45Z,958,30,1,1,0,0,1,1,1,1785540130
2026-07-31T23:23:45Z,959,5,2,17,1,0,1,1,1,1785540096
2026-07-31T23:23:45Z,960,4,2,19,0,0,1,1,1,1785540149
2026-07-31T23:23:45Z,961,5,1,15,3,0,1,1,1,1785540051
2026-07-31T23:23:45Z,962,8,0,24,3,0,1,1,1,1785539327
2026-07-31T23:23:45Z,963,17,2,5,1,0,1,1,1,1785540113
2026-07-31T23:23:45Z,964,14,10,8,1,0,1,1,1,1785540196
2026-07-31T23:23:45Z,965,14,7,12,1,0,1,1,1,1785539554
2026-07-31T23:23:45Z,966,29,5,2,0,0,1,1,1,1785540073
2026-07-31T23:23:45Z,967,8,1,11,2,0,1,1,1,1785540090
2026-07-31T23:23:45Z,968,7,0,11,1,0,1,1,1,1785540172
2026-07-31T23:23:45Z,969,3,1,22,2,0,1,1,1,1785540068
2026-07-31T23:23:45Z,970,0,0,18,1,0,1,1,1,1785538487
2026-07-31T23:23:45Z,971,0,0,22,1,0,1,1,1,1785539033
2026-07-31T23:23:45Z,972,10,4,12,1,0,1,1,1,1785539960
2026-07-31T23:23:45Z,973,7,2,15,1,0,1,1,1,1785539532
2026-07-31T23:23:45Z,974,9,0,18,0,0,1,1,1,1785539314
2026-07-31T23:23:45Z,977,1,0,18,2,0,1,1,1,1785540198
2026-07-31T23:23:45Z,978,19,1,4,0,0,1,1,1,1785539323
2026-07-31T23:23:45Z,979,2,1,15,0,0,1,1,1,1785540176
2026-07-31T23:23:45Z,980,5,0,15,1,0,1,1,1,1785539650
2026-07-31T23:23:45Z,981,8,0,13,0,0,1,1,1,1785539741
2026-07-31T23:23:45Z,982,3,0,14,2,0,1,1,1,1785540001
2026-07-31T23:23:45Z,983,2,2,21,0,0,1,1,1,1785538658
2026-07-31T23:23:45Z,984,5,0,18,0,0,1,1,1,1785539834
2026-07-31T23:23:45Z,985,5,0,25,1,0,1,1,1,1785539875
2026-07-31T23:23:45Z,986,5,0,14,0,0,1,1,1,1785540003
2026-07-31T23:23:45Z,987,6,0,17,0,0,1,1,1,1785538772
2026-07-31T23:23:45Z,988,4,2,14,1,0,1,1,1,1785540177
2026-07-31T23:23:45Z,989,7,4,12,0,0,1,1,1,1785539157
2026-07-31T23:23:45Z,990,13,1,1,1,0,1,1,1,1785540159
2026-07-31T23:23:45Z,991,9,0,9,1,0,1,1,1,1785539920
2026-07-31T23:23:45Z,992,9,5,14,0,0,1,1,1,1785538988
2026-07-31T23:23:45Z,993,5,4,21,1,0,1,1,1,1785540103
2026-07-31T23:23:45Z,994,1,0,20,0,0,1,1,1,1785539363
2026-07-31T23:23:45Z,995,6,1,21,0,0,1,1,1,1785539159
2026-07-31T23:23:45Z,996,6,2,17,0,0,1,1,1,1785540096
2026-07-31T23:23:45Z,997,15,7,8,0,0,1,1,1,1785539966
2026-07-31T23:23:45Z,998,5,4,18,0,0,1,1,1,1785538533
2026-07-31T23:23:45Z,999,4,1,15,1,1,1,1,1,1785540200
2026-07-31T23:23:45Z,1000,0,0,21,0,0,1,1,1,1785539072
2026-07-31T23:23:45Z,1001,5,3,22,0,0,1,1,1,1785538609
2026-07-31T23:23:45Z,1002,1,0,29,1,0,1,1,1,1785538640
2026-07-31T23:23:45Z,1003,1,0,22,0,0,1,1,1,1785539984
2026-07-31T23:23:45Z,1004,8,2,15,0,0,1,1,1,1785539478
2026-07-31T23:23:45Z,1005,20,1,3,0,0,1,1,1,1785540175
2026-07-31T23:23:45Z,1006,8,4,11,0,0,1,1,1,1785539975
2026-07-31T23:23:45Z,1007,3,1,18,0,0,1,1,1,1785539621
2026-07-31T23:23:45Z,1008,7,6,16,0,0,1,1,1,1785539164
2026-07-31T23:23:45Z,1009,22,5,8,1,0,1,1,1,1785539264
2026-07-31T23:23:45Z,1010,7,2,20,0,0,1,1,1,1785539896
2026-07-31T23:23:45Z,1011,7,2,10,2,0,1,1,1,1785538532
2026-07-31T23:23:45Z,1012,5,3,16,2,0,1,1,1,1785539948
2026-07-31T23:23:45Z,1013,4,1,18,1,0,1,1,1,1785538686
2026-07-31T23:23:45Z,1014,9,4,14,0,0,1,1,1,1785538658
2026-07-31T23:23:45Z,1015,4,3,26,1,0,1,1,1,1785539018
2026-07-31T23:23:45Z,1016,10,5,21,0,0,1,1,1,1785539918
2026-07-31T23:23:45Z,1017,13,5,8,0,0,1,1,1,1785539338
2026-07-31T23:23:45Z,1018,6,2,16,0,0,1,1,1,1785540026
2026-07-31T23:23:45Z,1019,8,5,7,0,0,1,1,1,1785539879
2026-07-31T23:23:45Z,1020,19,5,2,0,0,1,1,1,1785539203
2026-07-31T23:23:45Z,1021,9,4,6,0,0,1,1,1,1785538868
2026-07-31T23:23:45Z,1022,14,0,13,0,0,1,1,1,1785540166
2026-07-31T23:23:45Z,1023,14,2,9,0,0,1,1,1,1785539783
2026-07-31T23:23:45Z,1024,3,1,16,0,0,1,1,1,1785538925
2026-07-31T23:23:45Z,1025,4,0,14,0,1,1,1,1,1785540153
2026-07-31T23:23:45Z,1026,10,8,19,2,0,1,1,1,1785539973
2026-07-31T23:23:45Z,1028,3,1,20,0,0,1,1,1,1785540122
2026-07-31T23:23:45Z,1029,11,9,4,0,0,1,1,1,1785539178
2026-07-31T23:23:45Z,1030,13,4,10,0,0,1,1,1,1785539001
2026-07-31T23:23:45Z,1031,9,1,10,0,0,1,1,1,1785539301
2026-07-31T23:23:45Z,1032,7,1,12,0,0,1,1,1,1785539972
2026-07-31T23:23:45Z,1033,9,5,10,0,0,1,1,1,1785538982
2026-07-31T23:23:45Z,1034,3,0,12,0,0,1,1,1,1785539947
2026-07-31T23:23:45Z,1035,0,0,18,1,0,1,1,1,1785539973
2026-07-31T23:23:45Z,1036,13,0,2,0,0,1,1,1,1785538713
2026-07-31T23:23:45Z,1037,1,1,18,0,0,1,1,1,1785540192
2026-07-31T23:23:45Z,1038,1,0,14,0,0,1,1,1,1785539635
2026-07-31T23:23:45Z,1039,6,0,13,0,0,1,1,1,1785540122
2026-07-31T23:23:45Z,1040,8,5,11,0,0,1,1,1,1785540029
2026-07-31T23:23:45Z,1041,11,2,8,0,0,1,1,1,1785539892
2026-07-31T23:23:45Z,1042,3,0,11,1,0,1,1,1,1785540032
2026-07-31T23:23:45Z,1043,7,3,12,0,0,1,1,1,1785540055
2026-07-31T23:23:45Z,1044,1,0,14,0,0,1,1,1,1785539691
2026-07-31T23:23:45Z,1045,8,1,11,0,0,1,1,1,1785539958
2026-07-31T23:23:45Z,1046,9,0,6,0,0,1,1,1,1785539324
2026-07-31T23:23:45Z,1047,4,2,17,0,0,1,1,1,1785539377
2026-07-31T23:23:45Z,1048,4,2,15,0,0,1,1,1,1785539934
2026-07-31T23:23:45Z,1049,2,1,19,0,0,1,1,1,1785540047
2026-07-31T23:23:45Z,1050,20,4,1,0,0,1,1,1,1785539332
2026-07-31T23:23:45Z,1051,9,4,12,0,0,1,1,1,1785539198
2026-07-31T23:23:45Z,1052,17,1,4,1,0,1,1,1,1785539836
2026-07-31T23:23:45Z,1053,3,1,12,0,0,1,1,1,1785539829
2026-07-31T23:23:45Z,1054,7,2,8,0,0,1,1,1,1785540076
2026-07-31T23:23:45Z,1055,8,0,11,0,0,1,1,1,1785540105
2026-07-31T23:23:45Z,1057,3,0,16,0,0,1,1,1,1785540205
2026-07-31T23:23:45Z,1058,4,0,52,0,0,1,1,1,1785540090
2026-07-31T23:23:45Z,1059,5,2,13,1,0,1,1,1,1785539950
2026-07-31T23:23:45Z,1060,21,1,15,1,0,1,1,1,1785540216
2026-07-31T23:23:45Z,1061,20,0,17,0,0,1,1,1,1785539928
2026-07-31T23:23:45Z,1062,12,0,5,0,0,1,1,1,1785539231
2026-07-31T23:23:45Z,1063,12,1,6,1,0,1,1,1,1785540015
2026-07-31T23:23:45Z,1064,5,0,17,1,0,1,1,1,1785538573
2026-07-31T23:23:45Z,1065,14,3,9,0,0,1,1,1,1785538820
2026-07-31T23:23:45Z,1066,12,3,11,0,0,1,1,1,1785538638
2026-07-31T23:23:45Z,1067,7,1,14,2,0,1,1,1,1785538915
2026-07-31T23:23:45Z,1068,6,2,14,3,0,1,1,1,1785538461
2026-07-31T23:23:45Z,1069,12,3,11,0,0,1,1,1,1785538452
2026-07-31T23:23:45Z,1070,12,2,11,0,0,1,1,1,1785538557
2026-07-31T23:23:45Z,1071,8,4,15,0,0,1,1,1,1785538592
2026-07-31T23:23:45Z,1072,11,1,11,1,0,1,1,1,1785538997
2026-07-31T23:23:45Z,1073,5,0,21,1,0,1,1,1,1785539750
2026-07-31T23:23:45Z,1074,29,1,23,1,0,1,1,1,1785539902
2026-07-31T23:23:45Z,1075,8,8,13,0,0,1,1,1,1785539303
2026-07-31T23:23:45Z,1076,13,10,8,0,0,1,1,1,1785540162
2026-07-31T23:23:45Z,1077,13,8,8,0,0,1,1,1,1785538868
2026-07-31T23:23:45Z,1078,9,8,12,0,0,1,1,1,1785539262
2026-07-31T23:23:45Z,1079,14,10,7,0,0,1,1,1,1785539880
2026-07-31T23:23:45Z,1080,12,9,7,2,0,1,1,1,1785539808
2026-07-31T23:23:45Z,1081,13,8,6,0,0,1,1,1,1785538983
2026-07-31T23:23:45Z,1082,11,9,11,1,0,1,1,1,1785539881
2026-07-31T23:23:45Z,1083,12,11,9,0,0,1,1,1,1785540151
2026-07-31T23:23:45Z,1084,9,7,12,0,0,1,1,1,1785539765
2026-07-31T23:23:45Z,1085,12,9,9,0,0,1,1,1,1785539487
2026-07-31T23:23:45Z,1086,10,9,10,1,0,1,1,1,1785540181
2026-07-31T23:23:45Z,1087,9,7,6,0,0,1,1,1,1785539686
2026-07-31T23:23:45Z,1088,10,7,5,0,0,1,1,1,1785540015
2026-07-31T23:23:45Z,1089,9,7,6,0,0,1,1,1,1785539647
2026-07-31T23:23:45Z,1090,4,3,11,0,0,1,1,1,1785538946
2026-07-31T23:23:45Z,1091,7,5,8,0,0,1,1,1,1785539146
2026-07-31T23:23:45Z,1092,8,7,7,0,0,1,1,1,1785538681
2026-07-31T23:23:45Z,1093,5,5,9,1,0,1,1,1,1785539208
2026-07-31T23:23:45Z,1094,10,9,9,0,0,1,1,1,1785539966
2026-07-31T23:23:45Z,1095,10,8,5,0,0,1,1,1,1785539936
2026-07-31T23:23:45Z,1096,12,9,7,0,0,1,1,1,1785538530
2026-07-31T23:23:45Z,1097,8,8,7,0,0,1,1,1,1785538715
2026-07-31T23:23:45Z,1098,10,7,9,0,0,1,1,1,1785540013
2026-07-31T23:23:45Z,1099,7,6,8,0,0,1,1,1,1785539801
2026-07-31T23:23:45Z,1100,6,4,23,0,0,1,1,1,1785532207
2026-07-31T23:23:45Z,1101,10,5,11,0,0,1,1,1,1785539732
2026-07-31T23:23:45Z,1102,9,4,4,0,0,1,1,1,1785538919
2026-07-31T23:23:45Z,1103,11,5,10,0,0,1,1,1,1785503681
2026-07-31T23:23:45Z,1104,11,6,10,0,0,1,1,1,1785539484
2026-07-31T23:23:45Z,1105,8,4,5,0,0,1,1,1,1785538801
2026-07-31T23:23:45Z,1106,10,5,11,0,0,1,1,1,1785539824
2026-07-31T23:23:45Z,1107,9,5,6,0,0,1,1,1,1785540060
2026-07-31T23:23:45Z,1108,8,4,16,2,1,1,1,1,1785539206
2026-07-31T23:23:45Z,1109,7,3,8,0,0,1,1,1,1785539999
2026-07-31T23:23:45Z,1110,11,3,10,0,0,1,1,1,1785539347
2026-07-31T23:23:45Z,1111,12,3,8,1,0,1,1,1,1785540180
2026-07-31T23:23:45Z,1112,23,2,30,0,0,1,1,1,1785539829
2026-07-31T23:23:45Z,1113,0,0,21,0,0,1,1,1,1785539256
2026-07-31T23:23:45Z,1115,14,1,5,4,0,1,1,1,1785538737
2026-07-31T23:23:45Z,1116,8,1,11,0,0,1,1,1,1785539992
2026-07-31T23:23:45Z,1117,7,1,15,1,0,1,1,1,1785538639
2026-07-31T23:23:45Z,1118,18,2,3,0,0,1,1,1,1785539306
2026-07-31T23:23:45Z,1119,7,1,10,0,0,1,1,1,1785539167
2026-07-31T23:23:45Z,1120,6,1,12,1,0,1,1,1,1785540082
2026-07-31T23:23:45Z,1121,8,0,12,1,0,1,1,1,1785539722
2026-07-31T23:23:45Z,1122,5,2,15,1,0,1,1,1,1785540159
2026-07-31T23:23:45Z,1123,14,8,7,2,0,1,1,1,1785540072
2026-07-31T23:23:45Z,1124,8,1,6,1,0,1,1,1,1785539438
2026-07-31T23:23:45Z,1125,17,1,6,0,0,1,1,1,1785538556
2026-07-31T23:23:45Z,1126,2,1,19,0,0,1,1,1,1785539846
2026-07-31T23:23:45Z,1127,2,0,17,0,0,1,1,1,1785540090
2026-07-31T23:23:45Z,1128,1,1,14,0,0,1,1,1,1785539953
2026-07-31T23:23:45Z,1129,1,1,18,2,0,1,1,1,1785540130
2026-07-31T23:23:45Z,1130,14,0,1,0,0,1,1,1,1785540194
2026-07-31T23:23:45Z,1131,1,0,47,1,0,1,1,1,1785540024
2026-07-31T23:23:45Z,1132,11,3,9,1,0,1,1,1,1785539868
2026-07-31T23:23:45Z,1133,1,1,18,2,0,1,1,1,1785540068
2026-07-31T23:23:45Z,1134,12,6,7,0,0,1,1,1,1785538690
2026-07-31T23:23:45Z,1135,12,6,9,0,0,1,1,1,1785539630
2026-07-31T23:23:45Z,1136,14,1,9,0,0,1,1,1,1785540208
2026-07-31T23:23:45Z,1137,11,1,4,0,0,1,1,1,1785539871
2026-07-31T23:23:45Z,1138,3,0,16,0,0,1,1,1,1785540074
2026-07-31T23:23:45Z,1139,11,3,9,1,0,1,1,1,1785540009
2026-07-31T23:23:45Z,1140,4,1,17,2,0,1,1,1,1785540168
2026-07-31T23:23:45Z,1141,15,1,4,2,0,1,1,1,1785540214
2026-07-31T23:23:45Z,1142,5,0,16,0,0,1,1,1,1785538820
2026-07-31T23:23:45Z,1143,19,0,8,2,0,1,1,1,1785540177
2026-07-31T23:23:45Z,1144,8,0,12,1,0,1,1,1,1785539077
2026-07-31T23:23:45Z,1145,11,5,9,1,0,1,1,1,1785538590
2026-07-31T23:23:45Z,1146,11,3,6,2,0,1,1,1,1785540113
2026-07-31T23:23:45Z,1147,17,1,1,1,0,1,1,1,1785540175
2026-07-31T23:23:45Z,1148,2,0,29,0,0,1,1,1,1785540169
2026-07-31T23:23:45Z,1149,4,1,16,5,0,1,1,1,1785539945
2026-07-31T23:23:45Z,1150,1,0,18,0,0,1,1,1,1785539824
2026-07-31T23:23:45Z,1151,8,0,13,0,0,1,1,1,1785539999
2026-07-31T23:23:45Z,1152,5,1,24,0,0,1,1,1,1785540038
2026-07-31T23:23:45Z,1153,22,4,0,1,0,1,1,1,1785538731
2026-07-31T23:23:45Z,1154,4,1,15,0,0,1,1,1,1785540040
2026-07-31T23:23:45Z,1155,7,3,10,4,0,1,1,1,1785540015
2026-07-31T23:23:45Z,1158,3,1,16,0,0,1,1,1,1785539876
2026-07-31T23:23:45Z,1159,13,2,6,0,0,1,1,1,1785539604
2026-07-31T23:23:45Z,1160,6,2,13,0,0,1,1,1,1785540200
2026-07-31T23:23:45Z,1161,3,0,15,1,0,1,1,1,1785538559
2026-07-31T23:23:45Z,1162,4,0,15,0,0,1,1,1,1785538816
2026-07-31T23:23:45Z,1163,2,1,16,1,0,1,1,1,1785539997
2026-07-31T23:23:45Z,1164,5,1,14,0,0,1,1,1,1785540053
2026-07-31T23:23:45Z,1165,1,0,20,0,0,1,1,1,1785538986
2026-07-31T23:23:45Z,1166,13,3,7,1,0,1,1,1,1785538526
2026-07-31T23:23:45Z,1167,4,0,11,0,0,1,1,1,1785539718
2026-07-31T23:23:45Z,1168,3,0,18,2,0,1,1,1,1785538481
2026-07-31T23:23:45Z,1169,3,0,15,1,0,1,1,1,1785539900
2026-07-31T23:23:45Z,1170,2,1,19,0,0,1,1,1,1785539463
2026-07-31T23:23:45Z,1171,7,7,16,0,0,1,1,1,1785540010
2026-07-31T23:23:45Z,1172,5,0,8,2,0,1,1,1,1785540052
2026-07-31T23:23:45Z,1173,13,4,6,0,0,1,1,1,1785540159
2026-07-31T23:23:45Z,1174,4,0,11,0,0,1,1,1,1785539796
2026-07-31T23:23:45Z,1175,4,2,15,0,0,1,1,1,1785535612
2026-07-31T23:23:45Z,1176,8,2,13,0,0,1,1,1,1785539390
2026-07-31T23:23:45Z,1177,3,2,18,0,0,1,1,1,1785540051
2026-07-31T23:23:45Z,1178,5,2,10,0,0,1,1,1,1785539710
2026-07-31T23:23:45Z,1181,13,1,2,0,0,1,1,1,1785539968
2026-07-31T23:23:45Z,1182,15,4,4,1,0,1,1,1,1785540216
2026-07-31T23:23:45Z,1183,7,0,36,2,0,1,1,1,1785540175
2026-07-31T23:23:45Z,1184,11,9,6,4,0,1,1,1,1785540218
2026-07-31T23:23:45Z,1185,10,6,11,0,0,1,1,1,1785539459
2026-07-31T23:23:45Z,1186,9,5,10,0,0,1,1,1,1785538613
2026-07-31T23:23:45Z,1187,10,5,10,1,0,1,1,1,1785538834
2026-07-31T23:23:45Z,1188,10,5,5,0,0,1,1,1,1785540055
2026-07-31T23:23:45Z,1189,8,3,11,0,0,1,1,1,1785540192
2026-07-31T23:23:45Z,1190,9,4,12,0,0,1,1,1,1785539612
2026-07-31T23:23:45Z,1191,10,5,5,0,0,1,1,1,1785540058
2026-07-31T23:23:45Z,1192,11,7,9,1,0,1,1,1,1785539977
2026-07-31T23:23:45Z,1193,6,4,5,2,0,1,1,1,1785539017
2026-07-31T23:23:45Z,1197,9,6,7,1,0,1,1,1,1785539024
2026-07-31T23:23:45Z,1198,13,4,6,2,0,1,1,1,1785538684
2026-07-31T23:23:45Z,1199,3,0,16,0,0,1,1,1,1785538685
2026-07-31T23:23:45Z,1200,8,4,7,0,0,1,1,1,1785540098
2026-07-31T23:23:45Z,1201,9,4,6,0,0,1,1,1,1785540070
2026-07-31T23:23:45Z,1202,10,5,5,0,0,1,1,1,1785540170
2026-07-31T23:23:45Z,1203,11,5,4,0,0,1,1,1,1785540079
2026-07-31T23:23:45Z,1204,7,4,12,0,0,1,1,1,1785539858
2026-07-31T23:23:45Z,1206,11,5,10,0,0,1,1,1,1785539102
2026-07-31T23:23:45Z,1207,8,4,6,1,0,1,1,1,1785538573
2026-07-31T23:23:45Z,1208,10,4,9,0,0,1,1,1,1785538525
2026-07-31T23:23:45Z,1216,9,0,11,1,0,1,1,1,1785539315
2026-07-31T23:23:45Z,1218,2,0,19,0,0,1,1,1,1785539771
2026-07-31T23:23:45Z,1219,2,1,10,3,0,1,1,1,1785539991
2026-07-31T23:23:45Z,1220,16,6,3,0,0,1,1,1,1785539361
2026-07-31T23:23:45Z,1221,1,1,19,1,0,1,1,1,1785539069
2026-07-31T23:23:45Z,1222,24,2,5,0,0,1,1,1,1785540091
2026-07-31T23:23:45Z,1223,24,1,4,1,0,1,1,1,1785539981
2026-07-31T23:23:45Z,1226,0,0,3,0,0,0,1,1,1781868931
2026-07-31T23:23:45Z,1227,5,0,19,1,0,1,1,1,1785540153
2026-07-31T23:23:45Z,1228,1,0,27,1,0,1,1,1,1785540122
2026-07-31T23:23:45Z,1229,38,0,6,0,1,1,1,1,1785540183
2026-07-31T23:28:45Z,1,19,1,4,0,0,1,1,1,1785539938
2026-07-31T23:28:45Z,2,12,0,12,3,0,1,1,1,1785539940
2026-07-31T23:28:45Z,3,7,0,6,1,0,1,1,1,1785540296
2026-07-31T23:28:45Z,4,21,0,0,1,0,1,1,1,1785540452
2026-07-31T23:28:45Z,5,17,4,2,4,0,1,1,1,1785540518
2026-07-31T23:28:45Z,6,4,1,11,0,0,1,1,1,1785540275
2026-07-31T23:28:45Z,7,8,0,31,0,0,1,1,1,1785539310
2026-07-31T23:28:45Z,8,11,0,32,0,0,1,1,1,1785540511
2026-07-31T23:28:45Z,9,13,2,9,1,0,1,1,1,1785540473
2026-07-31T23:28:45Z,10,3,1,17,3,0,1,1,1,1785539707
2026-07-31T23:28:45Z,11,6,2,12,1,0,1,1,1,1785540451
2026-07-31T23:28:45Z,12,3,1,20,0,0,1,1,1,1785540286
2026-07-31T23:28:45Z,13,7,0,22,1,0,1,1,1,1785540113
2026-07-31T23:28:45Z,14,29,2,13,0,1,1,1,1,1785540117
2026-07-31T23:28:45Z,15,14,0,1,0,0,1,1,1,1785540416
2026-07-31T23:28:45Z,16,0,0,24,2,1,1,1,1,1785538462
2026-07-31T23:28:45Z,17,25,0,1,1,0,1,1,1,1785539767
2026-07-31T23:28:45Z,18,10,0,6,2,0,1,1,1,1785540042
2026-07-31T23:28:45Z,19,15,0,11,1,0,1,1,1,1785540109
2026-07-31T23:28:45Z,20,22,1,12,1,0,1,1,1,1785540519
2026-07-31T23:28:45Z,21,12,0,4,3,0,1,1,1,1785540479
2026-07-31T23:28:45Z,22,17,1,48,0,0,1,1,1,1785540433
2026-07-31T23:28:45Z,23,28,8,3,0,0,1,1,1,1785540260
2026-07-31T23:28:45Z,24,7,1,3,1,0,1,1,1,1785540515
2026-07-31T23:28:45Z,25,75,1,4,2,0,1,1,1,1785540472
2026-07-31T23:28:45Z,26,3,0,24,0,0,1,1,1,1785540238
2026-07-31T23:28:45Z,28,5,0,10,0,0,1,1,1,1785539975
2026-07-31T23:28:45Z,30,20,0,7,2,0,1,1,1,1785540395
2026-07-31T23:28:45Z,31,10,1,8,1,0,1,1,1,1785540287
2026-07-31T23:28:45Z,32,2,0,25,0,0,1,1,1,1785539984
2026-07-31T23:28:45Z,34,12,0,25,0,0,1,1,1,1785539291
2026-07-31T23:28:45Z,35,45,2,2,0,0,1,1,1,1785540518
2026-07-31T23:28:45Z,36,0,0,0,0,0,0,1,1,86400
2026-07-31T23:28:45Z,37,12,1,11,0,0,1,1,1,1785540470
2026-07-31T23:28:45Z,38,3,0,20,0,0,1,1,1,1785539953
2026-07-31T23:28:45Z,39,10,2,29,0,0,1,1,1,1785540394
2026-07-31T23:28:45Z,40,4,0,17,0,0,1,1,1,1785540294
2026-07-31T23:28:45Z,41,20,0,23,0,0,1,1,1,1785539338
2026-07-31T23:28:45Z,42,6,5,25,0,0,1,1,1,1785540100
2026-07-31T23:28:45Z,43,10,2,13,0,0,1,1,1,1785540432
2026-07-31T23:28:45Z,45,1,0,28,0,0,1,1,1,1785539388
2026-07-31T23:28:45Z,46,1,0,28,2,0,1,1,1,1785539900
2026-07-31T23:28:45Z,47,4,1,10,1,0,1,1,1,1785540233
2026-07-31T23:28:45Z,48,17,0,10,0,0,1,1,1,1785540514
2026-07-31T23:28:45Z,49,0,0,19,4,0,1,1,1,1785540517
2026-07-31T23:28:45Z,50,2,2,14,3,0,1,1,1,1785540162
2026-07-31T23:28:45Z,51,24,0,53,0,0,1,1,1,1785540351
2026-07-31T23:28:45Z,52,4,1,20,3,0,1,1,1,1785540520
2026-07-31T23:28:45Z,55,13,4,8,2,0,1,1,1,1785540454
2026-07-31T23:28:45Z,56,4,2,39,0,0,1,1,1,1785540514
2026-07-31T23:28:45Z,57,21,1,6,0,0,1,1,1,1785540363
2026-07-31T23:28:45Z,58,9,0,19,0,0,1,1,1,1785540433
2026-07-31T23:28:45Z,59,1,0,24,2,0,1,1,1,1785540386
2026-07-31T23:28:45Z,61,29,0,10,0,0,1,1,1,1785540230
2026-07-31T23:28:45Z,62,13,7,36,0,0,1,1,1,1785540518
2026-07-31T23:28:45Z,63,6,4,13,0,0,1,1,1,1785540216
2026-07-31T23:28:45Z,64,10,1,5,4,0,1,1,1,1785535815
2026-07-31T23:28:45Z,65,8,4,10,1,0,1,1,1,1785540492
2026-07-31T23:28:45Z,67,7,0,32,0,0,1,1,1,1785540394
2026-07-31T23:28:45Z,68,33,0,3,1,0,1,1,1,1785540296
2026-07-31T23:28:45Z,69,5,1,10,0,0,1,1,1,1785540498
2026-07-31T23:28:45Z,71,6,1,19,2,0,1,1,1,1785540449
2026-07-31T23:28:45Z,72,24,3,4,2,1,1,1,1,1785540425
2026-07-31T23:28:45Z,73,1,0,30,0,0,1,1,1,1785540425
2026-07-31T23:28:45Z,74,3,2,16,0,0,1,1,1,1785538513
2026-07-31T23:28:45Z,75,5,0,26,1,0,1,1,1,1785540313
2026-07-31T23:28:45Z,76,2,0,16,1,0,1,1,1,1785540518
2026-07-31T23:28:45Z,77,15,1,11,1,0,1,1,1,1785540518
2026-07-31T23:28:45Z,78,0,0,23,0,0,1,1,1,1785540457
2026-07-31T23:28:45Z,79,2,0,14,1,0,1,1,1,1785540321
2026-07-31T23:28:45Z,80,16,2,4,3,0,1,1,1,1785540499
2026-07-31T23:28:45Z,81,12,1,19,0,0,1,1,1,1785540272
2026-07-31T23:28:45Z,82,12,11,10,1,0,1,1,1,1785540310
2026-07-31T23:28:45Z,83,7,2,26,1,0,1,1,1,1785540368
2026-07-31T23:28:45Z,84,12,1,15,0,0,1,1,1,1785540479
2026-07-31T23:28:45Z,85,9,1,6,0,0,1,1,1,1785540201
2026-07-31T23:28:45Z,86,7,3,20,0,0,1,1,1,1785540470
2026-07-31T23:28:45Z,87,0,0,19,0,0,1,1,1,1785533075
2026-07-31T23:28:45Z,88,22,1,20,1,0,1,1,1,1785540284
2026-07-31T23:28:45Z,89,16,0,19,0,0,1,1,1,1785540227
2026-07-31T23:28:45Z,90,12,0,5,1,0,1,1,1,1785540473
2026-07-31T23:28:45Z,91,3,1,14,0,0,1,1,1,1785540358
2026-07-31T23:28:45Z,92,5,2,11,3,0,1,1,1,1785540312
2026-07-31T23:28:45Z,93,10,0,12,1,0,1,1,1,1785540336
2026-07-31T23:28:45Z,94,7,0,11,1,0,1,1,1,1785538722
2026-07-31T23:28:45Z,95,6,0,27,1,1,1,1,1,1785540520
2026-07-31T23:28:45Z,96,22,5,8,1,0,1,1,1,1785540264
2026-07-31T23:28:45Z,97,4,1,12,1,0,1,1,1,1785540443
2026-07-31T23:28:45Z,98,27,6,7,1,0,1,1,1,1785540506
2026-07-31T23:28:45Z,99,15,1,0,0,0,1,1,1,1785539633
2026-07-31T23:28:45Z,100,18,4,9,0,0,1,1,1,1785540482
2026-07-31T23:28:45Z,101,7,1,7,1,0,1,1,1,1785540152
2026-07-31T23:28:45Z,102,17,0,5,1,0,1,1,1,1785540326
2026-07-31T23:28:45Z,103,16,0,11,3,0,1,1,1,1785540482
2026-07-31T23:28:45Z,104,11,0,14,2,0,1,1,1,1785540518
2026-07-31T23:28:45Z,105,17,0,2,0,0,1,1,1,1785535842
2026-07-31T23:28:45Z,106,18,0,2,1,0,1,1,1,1785538929
2026-07-31T23:28:45Z,107,19,0,17,1,0,1,1,1,1785540349
2026-07-31T23:28:45Z,108,27,0,5,3,0,1,1,1,1785540424
2026-07-31T23:28:45Z,109,21,0,2,0,0,1,1,1,1785540422
2026-07-31T23:28:45Z,110,17,0,6,0,0,1,1,1,1785540509
2026-07-31T23:28:45Z,111,2,2,34,0,0,1,1,1,1785540403
2026-07-31T23:28:45Z,112,7,1,7,1,0,1,1,1,1785540486
2026-07-31T23:28:45Z,113,3,0,15,1,0,1,1,1,1785540232
2026-07-31T23:28:45Z,114,8,3,20,2,1,1,1,1,1785540381
2026-07-31T23:28:45Z,115,18,11,5,5,0,1,1,1,1785539950
2026-07-31T23:28:45Z,116,12,8,15,0,0,1,1,1,1785540194
2026-07-31T23:28:45Z,118,19,2,1,3,0,1,1,1,1785540120
2026-07-31T23:28:45Z,119,0,0,36,2,0,1,1,1,1785538638
2026-07-31T23:28:45Z,120,3,0,23,1,0,1,1,1,1785540291
2026-07-31T23:28:45Z,121,2,2,15,1,1,1,1,1,1785540514
2026-07-31T23:28:45Z,122,14,1,5,2,0,1,1,1,1785540213
2026-07-31T23:28:45Z,123,2,0,45,0,0,1,1,1,1785540372
2026-07-31T23:28:45Z,124,10,1,25,0,0,1,1,1,1785540354
2026-07-31T23:28:45Z,125,0,0,23,0,0,1,1,1,1785540251
2026-07-31T23:28:45Z,126,12,2,19,0,0,1,1,1,1785539904
2026-07-31T23:28:45Z,127,14,3,20,1,0,1,1,1,1785540519
2026-07-31T23:28:45Z,128,13,4,5,1,0,1,1,1,1785540497
2026-07-31T23:28:45Z,129,1,1,15,3,0,1,1,1,1785540208
2026-07-31T23:28:45Z,130,10,0,7,0,0,1,1,1,1785539871
2026-07-31T23:28:45Z,131,7,1,3,1,0,1,1,1,1785538917
2026-07-31T23:28:45Z,132,11,3,3,0,1,1,1,1,1785539724
2026-07-31T23:28:45Z,134,11,0,7,5,0,1,1,1,1785540476
2026-07-31T23:28:45Z,135,4,4,12,3,0,1,1,1,1785540149
2026-07-31T23:28:45Z,136,0,0,1,17,5,1,1,1,1785540380
2026-07-31T23:28:45Z,137,4,3,15,0,0,1,1,1,1785540431
2026-07-31T23:28:45Z,138,25,1,12,0,0,1,1,1,1785540334
2026-07-31T23:28:45Z,139,11,5,8,0,0,1,1,1,1785540343
2026-07-31T23:28:45Z,140,3,1,17,3,0,1,1,1,1785540517
2026-07-31T23:28:45Z,141,12,4,24,0,0,1,1,1,1785540425
2026-07-31T23:28:45Z,142,10,0,13,0,0,1,1,1,1785540418
2026-07-31T23:28:45Z,143,14,0,16,1,0,1,1,1,1785540138
2026-07-31T23:28:45Z,144,20,1,6,1,0,1,1,1,1785540378
2026-07-31T23:28:45Z,146,8,0,14,1,0,1,1,1,1785540159
2026-07-31T23:28:45Z,147,2,1,15,2,0,1,1,1,1785540432
2026-07-31T23:28:45Z,148,3,1,21,3,0,1,1,1,1785540460
2026-07-31T23:28:45Z,149,1,0,26,0,0,1,1,1,1785540377
2026-07-31T23:28:45Z,150,7,1,26,2,0,1,1,1,1785540404
2026-07-31T23:28:45Z,151,5,0,18,0,0,1,1,1,1785540511
2026-07-31T23:28:45Z,152,11,2,12,3,0,1,1,1,1785540476
2026-07-31T23:28:45Z,153,9,0,17,2,0,1,1,1,1785540439
2026-07-31T23:28:45Z,154,6,3,14,3,0,1,1,1,1785540407
2026-07-31T23:28:45Z,155,7,3,6,1,0,1,1,1,1785540341
2026-07-31T23:28:45Z,156,4,0,15,0,0,1,1,1,1785540424
2026-07-31T23:28:45Z,157,13,1,12,2,0,1,1,1,1785540512
2026-07-31T23:28:45Z,158,12,0,3,1,0,1,1,1,1785540335
2026-07-31T23:28:45Z,159,4,4,15,0,0,1,1,1,1785540403
2026-07-31T23:28:45Z,160,4,1,15,0,0,1,1,1,1785540074
2026-07-31T23:28:45Z,161,13,1,8,1,0,1,1,1,1785540154
2026-07-31T23:28:45Z,162,11,11,14,2,0,1,1,1,1785540225
2026-07-31T23:28:45Z,163,5,1,25,0,1,1,1,1,1785540516
2026-07-31T23:28:45Z,164,15,1,12,0,0,1,1,1,1785540469
2026-07-31T23:28:45Z,165,30,4,1,0,0,1,1,1,1785540473
2026-07-31T23:28:45Z,166,26,13,10,3,0,1,1,1,1785540520
2026-07-31T23:28:45Z,167,8,0,14,1,0,1,1,1,1785540480
2026-07-31T23:28:45Z,168,22,0,4,1,0,1,1,1,1785540427
2026-07-31T23:28:45Z,169,8,3,13,1,1,1,1,1,1785540469
2026-07-31T23:28:45Z,170,2,0,16,1,0,1,1,1,1785540498
2026-07-31T23:28:45Z,171,4,2,7,2,0,1,1,1,1785540213
2026-07-31T23:28:45Z,173,15,0,24,0,0,1,1,1,1785540488
2026-07-31T23:28:45Z,174,2,0,24,0,0,1,1,1,1785540517
2026-07-31T23:28:45Z,175,26,1,3,2,0,1,1,1,1785540490
2026-07-31T23:28:45Z,176,12,2,0,2,1,1,1,1,1785540390
2026-07-31T23:28:45Z,177,8,0,19,0,0,1,1,1,1785540492
2026-07-31T23:28:45Z,178,9,0,3,2,1,1,1,1,1785540519
2026-07-31T23:28:45Z,179,8,1,5,2,0,1,1,1,1785540425
2026-07-31T23:28:45Z,180,4,0,26,0,0,1,1,1,1785540505
2026-07-31T23:28:45Z,181,2,1,13,0,0,1,1,1,1785540392
2026-07-31T23:28:45Z,182,2,0,14,1,0,1,1,1,1785540152
2026-07-31T23:28:45Z,183,3,1,20,0,0,1,1,1,1785540410
2026-07-31T23:28:45Z,184,4,4,17,2,0,1,1,1,1785540454
2026-07-31T23:28:45Z,185,3,3,8,3,1,1,1,1,1785539993
2026-07-31T23:28:45Z,186,9,0,10,0,0,1,1,1,1785539967
2026-07-31T23:28:45Z,187,3,1,23,2,0,1,1,1,1785540066
2026-07-31T23:28:45Z,188,8,2,11,8,0,1,1,1,1785540500
2026-07-31T23:28:45Z,189,9,4,6,0,0,1,1,1,1785540392
2026-07-31T23:28:45Z,190,2,0,20,1,0,1,1,1,1785540134
2026-07-31T23:28:45Z,191,3,1,36,0,0,1,1,1,1785540504
2026-07-31T23:28:45Z,192,3,2,27,1,0,1,1,1,1785540375
2026-07-31T23:28:45Z,193,11,8,1,3,0,1,1,1,1785540520
2026-07-31T23:28:45Z,194,6,4,21,0,0,1,1,1,1785540407
2026-07-31T23:28:45Z,195,5,1,14,0,0,1,1,1,1785540309
2026-07-31T23:28:45Z,196,7,4,18,2,0,1,1,1,1785540133
2026-07-31T23:28:45Z,197,1,0,17,0,1,1,1,1,1785540162
2026-07-31T23:28:45Z,198,14,5,7,2,0,1,1,1,1785540496
2026-07-31T23:28:45Z,199,10,9,4,1,0,1,1,1,1785540505
2026-07-31T23:28:45Z,200,1,0,24,1,0,1,1,1,1785539885
2026-07-31T23:28:45Z,201,7,5,16,0,0,1,1,1,1785540481
2026-07-31T23:28:45Z,202,27,2,0,0,0,1,1,1,1785538983
2026-07-31T23:28:45Z,203,27,0,3,1,0,1,1,1,1785540505
2026-07-31T23:28:45Z,204,10,1,24,1,0,1,1,1,1785540518
2026-07-31T23:28:45Z,205,8,2,18,1,0,1,1,1,1785539399
2026-07-31T23:28:45Z,206,7,7,6,2,0,1,1,1,1785540486
2026-07-31T23:28:45Z,207,20,3,1,0,0,1,1,1,1785540497
2026-07-31T23:28:45Z,208,5,1,24,0,0,1,1,1,1785540432
2026-07-31T23:28:45Z,209,20,2,10,1,0,1,1,1,1785540518
2026-07-31T23:28:45Z,210,8,8,18,1,0,1,1,1,1785540515
2026-07-31T23:28:45Z,211,16,0,6,1,0,1,1,1,1785540234
2026-07-31T23:28:45Z,212,24,6,10,1,0,1,1,1,1785540453
2026-07-31T23:28:45Z,213,11,5,10,2,0,1,1,1,1785540356
2026-07-31T23:28:45Z,214,37,9,8,2,0,1,1,1,1785540498
2026-07-31T23:28:45Z,215,1,0,21,1,0,1,1,1,1785539293
2026-07-31T23:28:45Z,216,1,1,16,2,0,1,1,1,1785540454
2026-07-31T23:28:45Z,217,28,3,0,1,0,1,1,1,1785540456
2026-07-31T23:28:45Z,218,35,19,3,1,0,1,1,1,1785540478
2026-07-31T23:28:45Z,219,19,0,6,1,0,1,1,1,1785540481
2026-07-31T23:28:45Z,220,23,15,18,1,1,1,1,1,1785540460
2026-07-31T23:28:45Z,221,12,8,2,1,0,1,1,1,1785540449
2026-07-31T23:28:45Z,222,16,7,3,0,0,1,1,1,1785540432
2026-07-31T23:28:45Z,223,0,0,32,3,0,1,1,1,1785540384
2026-07-31T23:28:45Z,224,10,9,11,1,0,1,1,1,1785540406
2026-07-31T23:28:45Z,225,1,0,15,3,0,1,1,1,1785540160
2026-07-31T23:28:45Z,226,27,9,2,2,0,1,1,1,1785540394
2026-07-31T23:28:45Z,227,4,3,22,1,0,1,1,1,1785539844
2026-07-31T23:28:45Z,228,1,1,17,1,0,1,1,1,1785540480
2026-07-31T23:28:45Z,230,2,1,24,0,0,1,1,1,1785540148
2026-07-31T23:28:45Z,232,8,1,8,1,0,1,1,1,1785540107
2026-07-31T23:28:45Z,233,22,9,8,1,0,1,1,1,1785540489
2026-07-31T23:28:45Z,234,12,10,1,4,2,1,1,1,1785540301
2026-07-31T23:28:45Z,236,11,5,7,1,0,1,1,1,1785540415
2026-07-31T23:28:45Z,237,1,0,21,1,0,1,1,1,1785538523
2026-07-31T23:28:45Z,239,19,9,7,1,0,1,1,1,1785540503
2026-07-31T23:28:45Z,241,1,0,20,2,0,1,1,1,1785540340
2026-07-31T23:28:45Z,242,8,2,14,1,0,1,1,1,1785540262
2026-07-31T23:28:45Z,243,21,15,9,1,0,1,1,1,1785540449
2026-07-31T23:28:45Z,244,18,2,8,1,0,1,1,1,1785540412
2026-07-31T23:28:45Z,245,1,0,22,0,0,1,1,1,1785540394
2026-07-31T23:28:45Z,246,3,1,19,1,0,1,1,1,1785540505
2026-07-31T23:28:45Z,247,4,4,18,1,0,1,1,1,1785540394
2026-07-31T23:28:45Z,248,8,6,12,3,0,1,1,1,1785540495
2026-07-31T23:28:45Z,249,10,9,8,1,0,1,1,1,1785540477
2026-07-31T23:28:45Z,250,0,0,24,3,0,1,1,1,1785540512
2026-07-31T23:28:45Z,251,15,11,7,5,0,1,1,1,1785540405
2026-07-31T23:28:45Z,253,1,1,18,0,0,1,1,1,1785540469
2026-07-31T23:28:45Z,254,3,2,39,1,0,1,1,1,1785540512
2026-07-31T23:28:45Z,255,5,1,17,0,1,1,1,1,1785540480
2026-07-31T23:28:45Z,256,7,2,15,1,0,1,1,1,1785540468
2026-07-31T23:28:45Z,257,5,2,14,0,0,1,1,1,1785540305
2026-07-31T23:28:45Z,258,8,6,9,2,0,1,1,1,1785540339
2026-07-31T23:28:45Z,259,8,0,14,0,1,1,1,1,1785539903
2026-07-31T23:28:45Z,260,11,10,6,2,0,1,1,1,1785540455
2026-07-31T23:28:45Z,261,1,0,16,1,1,1,1,1,1785540263
2026-07-31T23:28:45Z,262,1,0,21,1,0,1,1,1,1785540497
2026-07-31T23:28:45Z,263,12,9,2,1,0,1,1,1,1785540425
2026-07-31T23:28:45Z,264,1,1,18,0,0,1,1,1,1785540119
2026-07-31T23:28:45Z,265,4,0,11,0,0,1,1,1,1785539649
2026-07-31T23:28:45Z,266,10,8,6,3,0,1,1,1,1785540326
2026-07-31T23:28:45Z,267,7,2,6,2,0,1,1,1,1785540139
2026-07-31T23:28:45Z,268,20,8,2,1,0,1,1,1,1785540188
2026-07-31T23:28:45Z,269,5,2,18,0,0,1,1,1,1785540285
2026-07-31T23:28:45Z,270,13,2,12,2,0,1,1,1,1785539724
2026-07-31T23:28:45Z,271,0,0,17,2,0,1,1,1,1785540354
2026-07-31T23:28:45Z,272,3,3,19,1,0,1,1,1,1785540413
2026-07-31T23:28:45Z,273,2,1,13,0,0,1,1,1,1785539650
2026-07-31T23:28:45Z,274,2,1,16,1,0,1,1,1,1785540108
2026-07-31T23:28:45Z,275,3,0,16,4,0,1,1,1,1785540484
2026-07-31T23:28:45Z,276,0,0,27,0,0,1,1,1,1785540485
2026-07-31T23:28:45Z,277,2,0,16,5,0,1,1,1,1785540087
2026-07-31T23:28:45Z,278,3,1,26,2,0,1,1,1,1785540424
2026-07-31T23:28:45Z,279,3,0,16,0,0,1,1,1,1785539992
2026-07-31T23:28:45Z,280,1,1,28,2,0,1,1,1,1785540369
2026-07-31T23:28:45Z,281,10,0,9,0,0,1,1,1,1785539893
2026-07-31T23:28:45Z,282,11,2,7,0,0,1,1,1,1785540196
2026-07-31T23:28:45Z,283,19,3,15,1,0,1,1,1,1785540487
2026-07-31T23:28:45Z,284,24,1,8,3,0,1,1,1,1785540102
2026-07-31T23:28:45Z,285,0,0,21,2,0,1,1,1,1785540088
2026-07-31T23:28:45Z,286,6,4,17,0,0,1,1,1,1785540363
2026-07-31T23:28:45Z,287,11,1,9,3,0,1,1,1,1785540479
2026-07-31T23:28:45Z,288,6,3,13,0,0,1,1,1,1785540434
2026-07-31T23:28:45Z,289,12,9,12,3,0,1,1,1,1785540520
2026-07-31T23:28:45Z,290,17,1,21,1,0,1,1,1,1785540515
2026-07-31T23:28:45Z,291,0,0,22,1,0,1,1,1,1785540301
2026-07-31T23:28:45Z,292,3,2,20,0,0,1,1,1,1785540153
2026-07-31T23:28:45Z,293,0,0,22,1,0,1,1,1,1785540235
2026-07-31T23:28:45Z,294,9,5,11,3,0,1,1,1,1785540518
2026-07-31T23:28:45Z,297,6,0,11,1,1,1,1,1,1785540504
2026-07-31T23:28:45Z,301,16,2,3,0,0,1,1,1,1785540438
2026-07-31T23:28:45Z,302,21,1,2,0,0,1,1,1,1785540413
2026-07-31T23:28:45Z,303,0,0,19,0,0,1,1,1,1785539604
2026-07-31T23:28:45Z,304,0,0,0,0,0,0,1,1,86400
2026-07-31T23:28:45Z,305,3,0,15,1,0,1,1,1,1785540512
2026-07-31T23:28:45Z,306,9,0,22,1,0,1,1,1,1785540390
2026-07-31T23:28:45Z,307,10,2,13,0,0,1,1,1,1785539718
2026-07-31T23:28:45Z,308,17,2,0,2,0,1,1,1,1785539748
2026-07-31T23:28:45Z,309,7,0,7,0,0,1,1,1,1785540378
2026-07-31T23:28:45Z,311,12,1,3,0,0,1,1,1,1785540489
2026-07-31T23:28:45Z,312,5,5,15,3,0,1,1,1,1785540289
2026-07-31T23:28:45Z,313,1,0,14,0,0,1,1,1,1785538550
2026-07-31T23:28:45Z,314,6,1,11,2,0,1,1,1,1785538180
2026-07-31T23:28:45Z,315,9,9,19,3,0,1,1,1,1785540480
2026-07-31T23:28:45Z,316,6,2,18,6,1,1,1,1,1785540338
2026-07-31T23:28:45Z,317,19,11,11,0,1,1,1,1,1785540464
2026-07-31T23:28:45Z,318,17,4,2,0,0,1,1,1,1785540257
2026-07-31T23:28:45Z,319,5,2,16,2,0,1,1,1,1785540429
2026-07-31T23:28:45Z,320,5,0,13,1,0,1,1,1,1785539609
2026-07-31T23:28:45Z,321,2,0,13,4,0,1,1,1,1785540227
2026-07-31T23:28:45Z,322,19,0,10,0,0,1,1,1,1785540419
2026-07-31T23:28:45Z,323,6,0,11,2,0,1,1,1,1785540318
2026-07-31T23:28:45Z,324,19,2,7,1,0,1,1,1,1785540515
2026-07-31T23:28:45Z,325,2,1,23,2,0,1,1,1,1785539594
2026-07-31T23:28:45Z,327,22,0,3,2,0,1,1,1,1785540135
2026-07-31T23:28:45Z,328,17,0,4,1,0,1,1,1,1785540240
2026-07-31T23:28:45Z,329,9,1,7,3,0,1,1,1,1785539860
2026-07-31T23:28:45Z,330,20,0,2,0,0,1,1,1,1785540336
2026-07-31T23:28:45Z,331,13,0,9,1,0,1,1,1,1785540434
2026-07-31T23:28:45Z,332,2,1,14,3,0,1,1,1,1785539711
2026-07-31T23:28:45Z,333,1,1,21,1,0,1,1,1,1785540514
2026-07-31T23:28:45Z,334,0,0,22,1,0,1,1,1,1785540327
2026-07-31T23:28:45Z,335,4,3,18,0,1,1,1,1,1785540376
2026-07-31T23:28:45Z,336,0,0,19,0,0,1,1,1,1785540486
2026-07-31T23:28:45Z,337,2,2,17,4,0,1,1,1,1785540468
2026-07-31T23:28:45Z,338,3,2,16,0,0,1,1,1,1785539850
2026-07-31T23:28:45Z,339,4,2,17,2,0,1,1,1,1785540415
2026-07-31T23:28:45Z,340,4,3,10,1,0,1,1,1,1785539929
2026-07-31T23:28:45Z,341,4,3,15,0,0,1,1,1,1785540195
2026-07-31T23:28:45Z,342,1,0,14,0,0,1,1,1,1785540468
2026-07-31T23:28:45Z,343,1,1,21,1,0,1,1,1,1785540259
2026-07-31T23:28:45Z,344,3,1,19,1,0,1,1,1,1785540388
2026-07-31T23:28:45Z,345,17,4,2,0,0,1,1,1,1785540508
2026-07-31T23:28:45Z,346,2,1,21,0,0,1,1,1,1785540405
2026-07-31T23:28:45Z,347,11,1,29,4,0,1,1,1,1785540519
2026-07-31T23:28:45Z,348,10,0,11,1,1,1,1,1,1785540426
2026-07-31T23:28:45Z,349,9,2,10,0,0,1,1,1,1785539405
2026-07-31T23:28:45Z,350,2,0,22,2,1,1,1,1,1785540210
2026-07-31T23:28:45Z,351,11,2,10,2,0,1,1,1,1785540395
2026-07-31T23:28:45Z,355,9,1,14,0,0,1,1,1,1785539853
2026-07-31T23:28:45Z,356,0,0,19,0,0,1,1,1,1785539768
2026-07-31T23:28:45Z,357,5,2,14,0,0,1,1,1,1785540512
2026-07-31T23:28:45Z,358,24,2,2,1,0,1,1,1,1785540162
2026-07-31T23:28:45Z,359,10,1,17,0,0,1,1,1,1785540065
2026-07-31T23:28:45Z,360,3,1,16,0,0,1,1,1,1785539351
2026-07-31T23:28:45Z,362,3,2,13,3,0,1,1,1,1785540505
2026-07-31T23:28:45Z,363,22,0,5,0,0,1,1,1,1785540344
2026-07-31T23:28:45Z,364,2,1,17,0,0,1,1,1,1785539826
2026-07-31T23:28:45Z,365,1,1,19,3,0,1,1,1,1785540500
2026-07-31T23:28:45Z,366,6,5,16,1,0,1,1,1,1785540205
2026-07-31T23:28:45Z,367,4,3,13,2,0,1,1,1,1785539151
2026-07-31T23:28:45Z,368,2,2,20,1,0,1,1,1,1785540248
2026-07-31T23:28:45Z,370,4,0,23,0,0,1,1,1,1785540363
2026-07-31T23:28:45Z,371,1,1,17,1,0,1,1,1,1785540228
2026-07-31T23:28:45Z,372,13,0,2,0,0,1,1,1,1785540296
2026-07-31T23:28:45Z,373,2,0,24,1,0,1,1,1,1785540359
2026-07-31T23:28:45Z,374,8,5,10,1,0,1,1,1,1785540502
2026-07-31T23:28:45Z,375,5,0,21,1,0,1,1,1,1785540464
2026-07-31T23:28:45Z,376,0,0,38,1,0,1,1,1,1785540377
2026-07-31T23:28:45Z,377,1,0,23,3,0,1,1,1,1785540497
2026-07-31T23:28:45Z,378,1,0,22,0,1,1,1,1,1785540374
2026-07-31T23:28:45Z,379,24,1,0,3,0,1,1,1,1785539802
2026-07-31T23:28:45Z,380,5,1,18,0,0,1,1,1,1785539948
2026-07-31T23:28:45Z,381,7,0,16,0,0,1,1,1,1785540452
2026-07-31T23:28:45Z,383,3,1,10,2,0,1,1,1,1785540416
2026-07-31T23:28:45Z,384,1,0,23,3,0,1,1,1,1785538397
2026-07-31T23:28:45Z,385,1,1,16,1,0,1,1,1,1785540416
2026-07-31T23:28:45Z,387,1,0,22,0,0,1,1,1,1785540207
2026-07-31T23:28:45Z,388,37,2,7,5,0,1,1,1,1785540348
2026-07-31T23:28:45Z,389,8,3,6,1,0,1,1,1,1785540211
2026-07-31T23:28:45Z,390,14,3,21,0,0,1,1,1,1785540329
2026-07-31T23:28:45Z,391,5,3,10,0,0,1,1,1,1785539218
2026-07-31T23:28:45Z,392,3,3,14,2,0,1,1,1,1785540330
2026-07-31T23:28:45Z,393,3,1,5,3,0,1,1,1,1785540151
2026-07-31T23:28:45Z,394,5,3,6,2,0,1,1,1,1785540493
2026-07-31T23:28:45Z,396,5,1,37,0,0,1,1,1,1785540390
2026-07-31T23:28:45Z,397,8,7,23,0,0,1,1,1,1785540232
2026-07-31T23:28:45Z,399,5,1,10,2,0,1,1,1,1785540467
2026-07-31T23:28:45Z,400,16,9,5,2,0,1,1,1,1785540196
2026-07-31T23:28:45Z,401,2,0,29,8,0,1,1,1,1785540142
2026-07-31T23:28:45Z,403,18,6,9,4,0,1,1,1,1785540209
2026-07-31T23:28:45Z,404,3,2,19,1,0,1,1,1,1785540232
2026-07-31T23:28:45Z,406,20,3,13,2,0,1,1,1,1785540516
2026-07-31T23:28:45Z,407,16,2,17,1,0,1,1,1,1785540034
2026-07-31T23:28:45Z,408,6,2,24,3,0,1,1,1,1785540337
2026-07-31T23:28:45Z,409,7,0,11,5,0,1,1,1,1785540246
2026-07-31T23:28:45Z,413,10,4,12,1,0,1,1,1,1785539883
2026-07-31T23:28:45Z,414,12,0,3,0,0,1,1,1,1785539905
2026-07-31T23:28:45Z,417,3,3,16,0,0,1,1,1,1785540109
2026-07-31T23:28:45Z,418,2,2,13,0,0,1,1,1,1785537921
2026-07-31T23:28:45Z,419,14,1,9,0,0,1,1,1,1785540196
2026-07-31T23:28:45Z,421,16,0,3,0,0,1,1,1,1785539963
2026-07-31T23:28:45Z,422,13,2,14,0,0,1,1,1,1785540448
2026-07-31T23:28:45Z,423,2,0,21,0,0,1,1,1,1785538595
2026-07-31T23:28:45Z,424,2,1,10,3,0,1,1,1,1785540450
2026-07-31T23:28:45Z,425,17,1,4,0,1,1,1,1,1785540001
2026-07-31T23:28:45Z,426,2,0,33,2,0,1,1,1,1785540067
2026-07-31T23:28:45Z,427,10,1,3,2,0,1,1,1,1785540492
2026-07-31T23:28:45Z,428,16,0,1,2,0,1,1,1,1785540468
2026-07-31T23:28:45Z,429,1,0,21,1,0,1,1,1,1785540511
2026-07-31T23:28:45Z,430,8,0,22,1,0,1,1,1,1785540299
2026-07-31T23:28:45Z,431,1,1,31,1,0,1,1,1,1785540352
2026-07-31T23:28:45Z,432,0,0,30,1,0,0,1,1,1785508564
2026-07-31T23:28:45Z,433,9,1,10,4,0,1,1,1,1785540176
2026-07-31T23:28:45Z,437,3,0,12,4,0,1,1,1,1785540423
2026-07-31T23:28:45Z,438,3,1,15,1,0,1,1,1,1785540272
2026-07-31T23:28:45Z,439,9,4,5,1,0,1,1,1,1785540457
2026-07-31T23:28:45Z,440,6,1,9,0,0,1,1,1,1785540475
2026-07-31T23:28:45Z,441,3,1,9,3,0,1,1,1,1785540070
2026-07-31T23:28:45Z,442,8,0,9,2,0,1,1,1,1785540465
2026-07-31T23:28:45Z,443,6,2,21,0,0,1,1,1,1785537918
2026-07-31T23:28:45Z,444,2,1,21,0,0,1,1,1,1785540370
2026-07-31T23:28:45Z,445,6,2,16,1,0,1,1,1,1785540505
2026-07-31T23:28:45Z,446,0,0,23,0,0,1,1,1,1785539316
2026-07-31T23:28:45Z,447,4,0,17,1,1,1,1,1,1785538957
2026-07-31T23:28:45Z,448,7,0,7,1,0,1,1,1,1785539001
2026-07-31T23:28:45Z,452,4,3,14,1,0,1,1,1,1785540371
2026-07-31T23:28:45Z,453,4,0,6,5,0,1,1,1,1785540508
2026-07-31T23:28:45Z,454,8,0,11,0,0,1,1,1,1785540284
2026-07-31T23:28:45Z,455,21,3,18,0,0,1,1,1,1785540364
2026-07-31T23:28:45Z,456,3,0,16,1,0,1,1,1,1785540435
2026-07-31T23:28:45Z,457,2,1,23,2,0,1,1,1,1785540517
2026-07-31T23:28:45Z,458,9,4,13,1,0,1,1,1,1785539997
2026-07-31T23:28:45Z,459,12,0,3,0,0,1,1,1,1785539614
2026-07-31T23:28:45Z,460,13,0,10,0,0,1,1,1,1785540233
2026-07-31T23:28:45Z,461,7,0,11,1,0,1,1,1,1785540229
2026-07-31T23:28:45Z,462,20,1,1,0,0,1,1,1,1785540195
2026-07-31T23:28:45Z,463,7,0,12,0,0,1,1,1,1785537831
2026-07-31T23:28:45Z,464,6,0,8,0,0,1,1,1,1785540218
2026-07-31T23:28:45Z,465,2,2,13,0,0,1,1,1,1785540312
2026-07-31T23:28:45Z,466,7,3,2,6,0,1,1,1,1785540067
2026-07-31T23:28:45Z,467,1,0,18,0,0,1,1,1,1785538900
2026-07-31T23:28:45Z,468,3,0,15,1,0,1,1,1,1785540114
2026-07-31T23:28:45Z,469,7,0,14,2,0,1,1,1,1785540407
2026-07-31T23:28:45Z,470,1,0,12,2,0,1,1,1,1785540277
2026-07-31T23:28:45Z,471,21,1,6,0,0,1,1,1,1785539859
2026-07-31T23:28:45Z,472,6,5,12,1,0,1,1,1,1785540368
2026-07-31T23:28:45Z,473,6,0,13,0,0,1,1,1,1785540318
2026-07-31T23:28:45Z,474,6,0,11,2,0,1,1,1,1785540076
2026-07-31T23:28:45Z,475,1,0,17,1,0,1,1,1,1785539805
2026-07-31T23:28:45Z,477,3,2,12,0,0,1,1,1,1785540488
2026-07-31T23:28:45Z,478,30,0,1,0,0,1,1,1,1785540444
2026-07-31T23:28:45Z,479,3,0,22,2,0,1,1,1,1785540215
2026-07-31T23:28:45Z,480,5,1,9,1,0,1,1,1,1785538872
2026-07-31T23:28:45Z,481,13,1,21,1,0,1,1,1,1785540345
2026-07-31T23:28:45Z,482,1,1,16,2,0,1,1,1,1785540397
2026-07-31T23:28:45Z,483,9,0,16,2,0,1,1,1,1785540489
2026-07-31T23:28:45Z,484,3,0,15,1,0,1,1,1,1785540425
2026-07-31T23:28:45Z,485,14,5,4,0,1,1,1,1,1785540298
2026-07-31T23:28:45Z,486,4,0,21,2,0,1,1,1,1785540446
2026-07-31T23:28:45Z,487,9,6,8,2,0,1,1,1,1785540381
2026-07-31T23:28:45Z,489,1,0,14,0,0,1,1,1,1785540292
2026-07-31T23:28:45Z,490,11,1,5,0,0,1,1,1,1785540513
2026-07-31T23:28:45Z,491,8,2,12,1,0,1,1,1,1785540197
2026-07-31T23:28:45Z,492,3,1,5,3,0,1,1,1,1785540516
2026-07-31T23:28:45Z,493,19,0,8,0,0,1,1,1,1785539181
2026-07-31T23:28:45Z,495,12,1,2,1,0,1,1,1,1785540433
2026-07-31T23:28:45Z,496,8,0,19,0,0,1,1,1,1785540082
2026-07-31T23:28:45Z,497,1,1,17,0,0,1,1,1,1785540310
2026-07-31T23:28:45Z,498,1,0,21,1,0,1,1,1,1785540036
2026-07-31T23:28:45Z,499,4,0,14,1,0,1,1,1,1785540335
2026-07-31T23:28:45Z,500,0,0,12,3,0,1,1,1,1785539944
2026-07-31T23:28:45Z,501,8,0,12,1,0,1,1,1,1785540352
2026-07-31T23:28:45Z,502,2,0,15,2,0,1,1,1,1785540478
2026-07-31T23:28:45Z,503,7,0,23,1,0,1,1,1,1785540469
2026-07-31T23:28:45Z,504,0,0,37,2,0,1,1,1,1785540401
2026-07-31T23:28:45Z,505,7,1,4,1,0,1,1,1,1785540071
2026-07-31T23:28:45Z,511,1,1,21,1,0,1,1,1,1785539414
2026-07-31T23:28:45Z,512,15,0,12,0,0,1,1,1,1785539770
2026-07-31T23:28:45Z,514,2,1,8,1,0,1,1,1,1785540167
2026-07-31T23:28:45Z,515,8,3,11,0,0,1,1,1,1785538616
2026-07-31T23:28:45Z,516,18,0,9,0,0,1,1,1,1785540517
2026-07-31T23:28:45Z,517,4,0,19,0,0,1,1,1,1785540436
2026-07-31T23:28:45Z,518,6,0,8,1,0,1,1,1,1785539094
2026-07-31T23:28:45Z,519,5,4,13,1,0,1,1,1,1785538253
2026-07-31T23:28:45Z,520,20,6,2,4,1,1,1,1,1785540518
2026-07-31T23:28:45Z,521,6,3,17,0,0,1,1,1,1785539641
2026-07-31T23:28:45Z,522,20,2,1,2,0,1,1,1,1785540462
2026-07-31T23:28:45Z,523,10,5,10,3,0,1,1,1,1785540226
2026-07-31T23:28:45Z,524,22,0,1,0,0,1,1,1,1785540272
2026-07-31T23:28:45Z,525,13,1,6,0,0,1,1,1,1785540100
2026-07-31T23:28:45Z,526,6,3,9,0,0,1,1,1,1785540450
2026-07-31T23:28:45Z,527,12,12,13,1,0,1,1,1,1785540345
2026-07-31T23:28:45Z,528,15,3,7,1,0,1,1,1,1785540418
2026-07-31T23:28:45Z,529,8,5,5,6,0,1,1,1,1785540520
2026-07-31T23:28:45Z,530,14,0,4,3,0,1,1,1,1785540479
2026-07-31T23:28:45Z,531,21,1,1,0,1,1,1,1,1785539575
2026-07-31T23:28:45Z,532,1,1,28,2,0,1,1,1,1785537999
2026-07-31T23:28:45Z,533,12,0,6,1,0,1,1,1,1785539437
2026-07-31T23:28:45Z,534,7,2,16,0,0,1,1,1,1785540483
2026-07-31T23:28:45Z,535,2,0,13,0,0,1,1,1,1785539846
2026-07-31T23:28:45Z,536,15,0,8,0,0,1,1,1,1785540416
2026-07-31T23:28:45Z,537,0,0,20,0,0,1,1,1,1785538365
2026-07-31T23:28:45Z,538,14,1,8,0,1,1,1,1,1785540339
2026-07-31T23:28:45Z,539,22,0,8,1,0,1,1,1,1785540420
2026-07-31T23:28:45Z,540,1,0,18,0,0,1,1,1,1785539973
2026-07-31T23:28:45Z,541,3,0,24,0,0,1,1,1,1785540497
2026-07-31T23:28:45Z,542,0,0,23,0,0,1,1,1,1785539390
2026-07-31T23:28:45Z,543,1,1,18,0,0,1,1,1,1785540027
2026-07-31T23:28:45Z,544,2,1,16,4,0,1,1,1,1785540272
2026-07-31T23:28:45Z,545,14,2,1,4,0,1,1,1,1785540361
2026-07-31T23:28:45Z,546,3,1,16,0,0,1,1,1,1785540496
2026-07-31T23:28:45Z,547,10,2,14,1,0,1,1,1,1785539514
2026-07-31T23:28:45Z,548,15,2,8,0,0,1,1,1,1785540071
2026-07-31T23:28:45Z,549,12,1,11,0,0,1,1,1,1785540466
2026-07-31T23:28:45Z,550,10,7,9,0,0,1,1,1,1785540019
2026-07-31T23:28:45Z,551,2,2,21,0,0,1,1,1,1785540311
2026-07-31T23:28:45Z,552,6,2,21,0,0,1,1,1,1785540399
2026-07-31T23:28:45Z,553,3,1,20,0,0,1,1,1,1785540433
2026-07-31T23:28:45Z,554,0,0,19,0,0,1,1,1,1785540502
2026-07-31T23:28:45Z,555,9,0,5,1,0,1,1,1,1785540434
2026-07-31T23:28:45Z,556,4,0,17,2,0,1,1,1,1785540410
2026-07-31T23:28:45Z,557,2,0,19,2,0,1,1,1,1785540441
2026-07-31T23:28:45Z,558,27,14,9,1,0,1,1,1,1785540479
2026-07-31T23:28:45Z,559,5,0,13,1,0,1,1,1,1785539741
2026-07-31T23:28:45Z,560,12,0,15,0,0,1,1,1,1785540355
2026-07-31T23:28:45Z,561,4,0,16,3,0,1,1,1,1785540508
2026-07-31T23:28:45Z,562,4,1,24,7,0,1,1,1,1785540480
2026-07-31T23:28:45Z,563,4,1,10,0,0,1,1,1,1785540415
2026-07-31T23:28:45Z,564,4,2,12,3,0,1,1,1,1785540448
2026-07-31T23:28:45Z,565,1,0,17,1,0,1,1,1,1785540372
2026-07-31T23:28:45Z,566,12,0,6,1,0,1,1,1,1785540490
2026-07-31T23:28:45Z,567,24,0,0,3,0,1,1,1,1785540333
2026-07-31T23:28:45Z,568,10,0,9,0,0,1,1,1,1785540375
2026-07-31T23:28:45Z,569,12,2,7,0,0,1,1,1,1785540009
2026-07-31T23:28:45Z,570,2,0,17,0,0,1,1,1,1785540343
2026-07-31T23:28:45Z,571,9,0,14,0,0,1,1,1,1785540422
2026-07-31T23:28:45Z,572,3,0,15,1,0,1,1,1,1785539458
2026-07-31T23:28:45Z,573,13,2,2,0,0,1,1,1,1785540343
2026-07-31T23:28:45Z,574,4,3,11,0,0,1,1,1,1785539037
2026-07-31T23:28:45Z,575,0,0,20,1,0,1,1,1,1785540398
2026-07-31T23:28:45Z,576,0,0,19,0,0,1,1,1,1785537344
2026-07-31T23:28:45Z,577,28,0,3,0,0,1,1,1,1785539437
2026-07-31T23:28:45Z,578,0,0,22,1,0,1,1,1,1785540120
2026-07-31T23:28:45Z,579,12,0,31,0,0,1,1,1,1785539920
2026-07-31T23:28:45Z,580,0,0,29,0,0,1,1,1,1785540010
2026-07-31T23:28:45Z,581,12,0,7,0,0,1,1,1,1785540496
2026-07-31T23:28:45Z,582,21,0,38,2,0,1,1,1,1785540433
2026-07-31T23:28:45Z,583,2,1,20,1,0,1,1,1,1785539985
2026-07-31T23:28:45Z,584,2,0,13,4,0,1,1,1,1785539475
2026-07-31T23:28:45Z,585,3,0,22,1,1,1,1,1,1785540511
2026-07-31T23:28:45Z,586,17,1,18,0,0,1,1,1,1785540387
2026-07-31T23:28:45Z,587,10,0,13,1,0,1,1,1,1785540491
2026-07-31T23:28:45Z,588,9,2,7,2,1,1,1,1,1785540351
2026-07-31T23:28:45Z,589,8,5,13,1,0,1,1,1,1785540397
2026-07-31T23:28:45Z,590,14,3,17,0,0,1,1,1,1785540307
2026-07-31T23:28:45Z,591,1,1,27,2,0,1,1,1,1785540464
2026-07-31T23:28:45Z,592,4,1,19,0,0,1,1,1,1785540267
2026-07-31T23:28:45Z,593,14,0,24,0,0,1,1,1,1785540521
2026-07-31T23:28:45Z,594,9,1,10,2,0,1,1,1,1785540091
2026-07-31T23:28:45Z,595,0,0,3,0,0,0,1,1,1784046673
2026-07-31T23:28:45Z,605,0,0,2,1,0,0,1,1,1783975843
2026-07-31T23:28:45Z,606,0,0,0,0,0,0,1,1,86400
2026-07-31T23:28:45Z,607,4,3,25,3,0,1,1,1,1785540455
2026-07-31T23:28:45Z,608,36,1,14,0,0,1,1,1,1785540239
2026-07-31T23:28:45Z,609,3,2,20,0,0,1,1,1,1785540507
2026-07-31T23:28:45Z,610,1,1,34,0,0,1,1,1,1785540405
2026-07-31T23:28:45Z,611,12,2,14,1,0,1,1,1,1785540470
2026-07-31T23:28:45Z,612,8,1,7,0,0,1,1,1,1785540313
2026-07-31T23:28:45Z,613,12,4,0,3,0,1,1,1,1785530289
2026-07-31T23:28:45Z,614,0,0,24,2,1,1,1,1,1785539253
2026-07-31T23:28:45Z,617,12,0,2,1,0,1,1,1,1785539975
2026-07-31T23:28:45Z,618,11,0,2,6,0,1,1,1,1785540087
2026-07-31T23:28:45Z,619,15,8,4,0,0,1,1,1,1785540371
2026-07-31T23:28:45Z,620,9,1,18,0,0,1,1,1,1785540321
2026-07-31T23:28:45Z,621,0,0,23,0,0,1,1,1,1785540318
2026-07-31T23:28:45Z,622,4,1,18,1,0,1,1,1,1785539669
2026-07-31T23:28:45Z,623,18,7,12,0,0,1,1,1,1785540483
2026-07-31T23:28:45Z,624,2,0,13,0,0,1,1,1,1785540388
2026-07-31T23:28:45Z,625,17,3,0,4,0,1,1,1,1785539280
2026-07-31T23:28:45Z,626,39,1,6,0,2,1,1,1,1785540417
2026-07-31T23:28:45Z,627,18,5,1,0,0,1,1,1,1785540382
2026-07-31T23:28:45Z,628,1,1,15,2,1,1,1,1,1785539839
2026-07-31T23:28:45Z,629,3,1,6,2,0,1,1,1,1785540425
2026-07-31T23:28:45Z,630,2,1,21,4,0,1,1,1,1785540221
2026-07-31T23:28:45Z,631,4,4,18,1,0,1,1,1,1785540244
2026-07-31T23:28:45Z,632,15,1,6,2,0,1,1,1,1785540305
2026-07-31T23:28:45Z,633,11,3,1,3,0,1,1,1,1785530006
2026-07-31T23:28:45Z,634,10,1,9,0,0,1,1,1,1785539980
2026-07-31T23:28:45Z,635,18,2,1,0,0,1,1,1,1785540365
2026-07-31T23:28:45Z,636,5,1,9,1,0,1,1,1,1785539961
2026-07-31T23:28:45Z,637,6,3,11,2,0,1,1,1,1785540233
2026-07-31T23:28:45Z,638,7,1,10,2,0,1,1,1,1785539921
2026-07-31T23:28:45Z,639,12,2,5,2,0,1,1,1,1785539600
2026-07-31T23:28:45Z,640,4,4,17,2,0,1,1,1,1785540288
2026-07-31T23:28:45Z,641,18,0,9,0,0,1,1,1,1785540263
2026-07-31T23:28:45Z,642,6,3,5,8,0,1,1,1,1785540517
2026-07-31T23:28:45Z,643,3,1,16,8,0,1,1,1,1785540517
2026-07-31T23:28:45Z,644,13,1,1,1,0,1,1,1,1785533615
2026-07-31T23:28:45Z,645,18,1,2,3,0,1,1,1,1785539047
2026-07-31T23:28:45Z,646,3,1,16,0,0,1,1,1,1785539353
2026-07-31T23:28:45Z,647,1,0,30,0,0,1,1,1,1785540446
2026-07-31T23:28:45Z,648,0,0,18,1,0,1,1,1,1785540303
2026-07-31T23:28:45Z,649,17,1,12,2,0,1,1,1,1785540359
2026-07-31T23:28:45Z,650,6,1,8,0,0,1,1,1,1785539174
2026-07-31T23:28:45Z,651,6,4,16,1,0,1,1,1,1785539716
2026-07-31T23:28:45Z,652,2,2,17,4,0,1,1,1,1785540340
2026-07-31T23:28:45Z,653,1,0,17,1,0,1,1,1,1785538494
2026-07-31T23:28:45Z,654,4,1,11,0,0,1,1,1,1785540379
2026-07-31T23:28:45Z,655,8,4,0,4,1,1,1,1,1785540507
2026-07-31T23:28:45Z,656,4,3,15,0,0,1,1,1,1785540395
2026-07-31T23:28:45Z,657,8,4,5,2,2,1,1,1,1785540230
2026-07-31T23:28:45Z,658,9,1,1,0,0,1,1,1,1785537787
2026-07-31T23:28:45Z,659,8,6,5,2,0,1,1,1,1785539517
2026-07-31T23:28:45Z,660,12,3,14,5,0,1,1,1,1785540255
2026-07-31T23:28:45Z,661,11,1,8,0,0,1,1,1,1785540205
2026-07-31T23:28:45Z,662,4,2,14,5,0,1,1,1,1785540224
2026-07-31T23:28:45Z,663,3,0,12,0,0,1,1,1,1785540406
2026-07-31T23:28:45Z,664,7,0,18,2,0,1,1,1,1785540308
2026-07-31T23:28:45Z,665,9,5,5,1,0,1,1,1,1785539878
2026-07-31T23:28:45Z,666,10,3,3,2,0,1,1,1,1785540293
2026-07-31T23:28:45Z,667,14,2,4,1,0,1,1,1,1785540473
2026-07-31T23:28:45Z,668,14,1,5,0,0,1,1,1,1785540478
2026-07-31T23:28:45Z,669,8,3,4,2,0,1,1,1,1785540105
2026-07-31T23:28:45Z,670,17,0,8,2,0,1,1,1,1785540442
2026-07-31T23:28:45Z,671,23,0,4,0,0,1,1,1,1785540240
2026-07-31T23:28:45Z,672,3,0,17,2,1,1,1,1,1785539272
2026-07-31T23:28:45Z,673,16,1,6,1,0,1,1,1,1785540368
2026-07-31T23:28:45Z,674,0,0,21,2,0,1,1,1,1785540476
2026-07-31T23:28:45Z,675,4,1,9,2,0,1,1,1,1785540132
2026-07-31T23:28:45Z,676,6,0,14,2,0,1,1,1,1785538653
2026-07-31T23:28:45Z,681,12,8,2,0,1,1,1,1,1785540515
2026-07-31T23:28:45Z,682,6,1,13,0,0,1,1,1,1785538950
2026-07-31T23:28:45Z,683,1,1,18,0,0,1,1,1,1785527602
2026-07-31T23:28:45Z,684,4,1,23,0,0,1,1,1,1785535557
2026-07-31T23:28:45Z,685,8,0,17,1,1,1,1,1,1785539631
2026-07-31T23:28:45Z,686,11,0,13,3,0,1,1,1,1785540276
2026-07-31T23:28:45Z,687,13,1,16,1,1,1,1,1,1785540303
2026-07-31T23:28:45Z,688,9,1,10,0,0,1,1,1,1785537082
2026-07-31T23:28:45Z,692,0,0,21,0,0,1,1,1,1785540260
2026-07-31T23:28:45Z,693,6,0,2,3,0,1,1,1,1785539685
2026-07-31T23:28:45Z,694,9,4,12,0,0,1,1,1,1785539562
2026-07-31T23:28:45Z,695,4,2,18,1,0,1,1,1,1785539984
2026-07-31T23:28:45Z,696,22,13,0,1,0,1,1,1,1785539866
2026-07-31T23:28:45Z,697,22,5,0,1,0,1,1,1,1785540503
2026-07-31T23:28:45Z,698,25,4,2,0,0,1,1,1,1785540503
2026-07-31T23:28:45Z,699,5,0,9,1,0,1,1,1,1785540081
2026-07-31T23:28:45Z,700,18,1,1,0,0,1,1,1,1785540429
2026-07-31T23:28:45Z,701,17,2,1,1,0,1,1,1,1785540483
2026-07-31T23:28:45Z,702,0,0,22,1,0,1,1,1,1785540280
2026-07-31T23:28:45Z,704,4,0,10,1,0,1,1,1,1785539764
2026-07-31T23:28:45Z,705,2,0,13,0,0,1,1,1,1785540329
2026-07-31T23:28:45Z,706,4,1,9,2,0,1,1,1,1785539642
2026-07-31T23:28:45Z,707,7,1,8,0,0,1,1,1,1785540404
2026-07-31T23:28:45Z,708,19,4,0,0,0,1,1,1,1785540506
2026-07-31T23:28:45Z,709,5,0,8,2,0,1,1,1,1785540325
2026-07-31T23:28:45Z,710,2,0,16,1,0,1,1,1,1785540504
2026-07-31T23:28:45Z,711,12,1,8,3,0,1,1,1,1785540280
2026-07-31T23:28:45Z,712,6,4,7,2,0,1,1,1,1785540347
2026-07-31T23:28:45Z,713,7,4,16,0,0,1,1,1,1785539224
2026-07-31T23:28:45Z,716,4,3,11,0,0,1,1,1,1785539994
2026-07-31T23:28:45Z,717,1,1,22,2,0,1,1,1,1785540135
2026-07-31T23:28:45Z,718,3,0,11,1,0,1,1,1,1785540307
2026-07-31T23:28:45Z,719,4,0,25,0,0,1,1,1,1785539826
2026-07-31T23:28:45Z,720,0,0,19,0,0,1,1,1,1785540258
2026-07-31T23:28:45Z,721,16,1,5,2,0,1,1,1,1785540410
2026-07-31T23:28:45Z,722,7,1,8,0,0,1,1,1,1785540038
2026-07-31T23:28:45Z,723,14,2,9,0,0,1,1,1,1785540272
2026-07-31T23:28:45Z,724,7,2,15,1,0,1,1,1,1785540301
2026-07-31T23:28:45Z,725,5,1,18,0,0,1,1,1,1785539590
2026-07-31T23:28:45Z,726,7,0,10,2,0,1,1,1,1785539924
2026-07-31T23:28:45Z,727,9,5,13,1,0,1,1,1,1785539306
2026-07-31T23:28:45Z,728,9,0,5,1,0,1,1,1,1785538747
2026-07-31T23:28:45Z,729,4,0,15,0,0,1,1,1,1785540312
2026-07-31T23:28:45Z,730,0,0,12,3,0,1,1,1,1785539346
2026-07-31T23:28:45Z,731,2,2,11,2,0,1,1,1,1785540311
2026-07-31T23:28:45Z,732,5,3,10,0,0,1,1,1,1785540518
2026-07-31T23:28:45Z,733,24,2,3,0,0,1,1,1,1785540469
2026-07-31T23:28:45Z,734,1,0,13,0,0,1,1,1,1785539386
2026-07-31T23:28:45Z,735,21,8,6,0,0,1,1,1,1785540253
2026-07-31T23:28:45Z,736,12,0,7,0,0,1,1,1,1785538926
2026-07-31T23:28:45Z,737,3,1,11,0,1,1,1,1,1785538984
2026-07-31T23:28:45Z,738,13,1,6,0,0,1,1,1,1785540444
2026-07-31T23:28:45Z,739,17,0,9,1,0,1,1,1,1785540521
2026-07-31T23:28:45Z,741,5,0,18,0,0,1,1,1,1785538825
2026-07-31T23:28:45Z,742,10,8,23,2,0,1,1,1,1785540471
2026-07-31T23:28:45Z,743,5,2,14,0,0,1,1,1,1785540520
2026-07-31T23:28:45Z,744,8,3,7,0,0,1,1,1,1785540481
2026-07-31T23:28:45Z,745,11,4,8,0,0,1,1,1,1785540270
2026-07-31T23:28:45Z,746,16,0,7,0,0,1,1,1,1785540271
2026-07-31T23:28:45Z,747,0,0,4,0,0,0,1,1,1783446606
2026-07-31T23:28:45Z,748,7,0,16,0,0,1,1,1,1785540090
2026-07-31T23:28:45Z,749,2,0,21,0,0,1,1,1,1785540374
2026-07-31T23:28:45Z,750,7,5,4,0,0,1,1,1,1785540279
2026-07-31T23:28:45Z,751,7,7,16,0,0,1,1,1,1785540413
2026-07-31T23:28:45Z,752,1,0,15,1,0,1,1,1,1785539177
2026-07-31T23:28:45Z,753,4,0,10,1,0,1,1,1,1785539826
2026-07-31T23:28:45Z,754,4,1,11,0,0,1,1,1,1785539844
2026-07-31T23:28:45Z,755,12,4,9,2,0,1,1,1,1785539893
2026-07-31T23:28:45Z,756,2,2,33,2,0,1,1,1,1785540511
2026-07-31T23:28:45Z,757,7,1,12,0,0,1,1,1,1785540287
2026-07-31T23:28:45Z,758,10,4,13,0,0,1,1,1,1785540291
2026-07-31T23:28:45Z,759,0,0,0,0,0,1,1,1,86400
2026-07-31T23:28:45Z,760,9,2,10,0,0,1,1,1,1785531870
2026-07-31T23:28:45Z,761,5,1,18,0,0,1,1,1,1785540509
2026-07-31T23:28:45Z,762,4,2,6,5,0,1,1,1,1785540356
2026-07-31T23:28:45Z,768,7,0,8,4,0,1,1,1,1785539588
2026-07-31T23:28:45Z,769,14,7,2,3,0,1,1,1,1785540461
2026-07-31T23:28:45Z,770,9,2,8,2,0,1,1,1,1785539073
2026-07-31T23:28:45Z,771,12,1,2,1,0,1,1,1,1785540288
2026-07-31T23:28:45Z,772,0,0,15,0,0,1,1,1,1785538999
2026-07-31T23:28:45Z,773,17,4,2,0,0,1,1,1,1785538932
2026-07-31T23:28:45Z,774,6,2,5,4,0,1,1,1,1785540512
2026-07-31T23:28:45Z,775,4,1,12,2,1,1,1,1,1785539021
2026-07-31T23:28:45Z,776,2,0,18,1,0,1,1,1,1785539296
2026-07-31T23:28:45Z,777,12,1,3,0,0,1,1,1,1785540439
2026-07-31T23:28:45Z,778,13,0,6,0,0,1,1,1,1785538920
2026-07-31T23:28:45Z,779,6,0,12,1,0,1,1,1,1785540002
2026-07-31T23:28:45Z,780,2,0,17,0,0,1,1,1,1785540520
2026-07-31T23:28:45Z,781,4,1,5,2,0,1,1,1,1785539596
2026-07-31T23:28:45Z,782,0,0,15,4,0,1,1,1,1785540348
2026-07-31T23:28:45Z,783,6,3,13,0,0,1,1,1,1785539756
2026-07-31T23:28:45Z,784,9,2,10,0,0,1,1,1,1785539373
2026-07-31T23:28:45Z,785,9,2,4,6,0,1,1,1,1785540039
2026-07-31T23:28:45Z,786,6,3,12,1,0,1,1,1,1785540277
2026-07-31T23:28:45Z,787,5,3,9,1,0,1,1,1,1785539781
2026-07-31T23:28:45Z,788,6,1,9,0,0,1,1,1,1785540333
2026-07-31T23:28:45Z,789,7,2,4,4,0,1,1,1,1785540438
2026-07-31T23:28:45Z,790,4,2,18,1,0,1,1,1,1785539534
2026-07-31T23:28:45Z,791,7,0,11,0,1,1,1,1,1785538785
2026-07-31T23:28:45Z,793,3,0,11,1,0,1,1,1,1785539622
2026-07-31T23:28:45Z,794,2,1,25,2,0,1,1,1,1785540280
2026-07-31T23:28:45Z,796,5,3,13,1,0,1,1,1,1785540463
2026-07-31T23:28:45Z,797,8,1,7,0,0,1,1,1,1785539043
2026-07-31T23:28:45Z,798,17,1,7,1,0,1,1,1,1785540503
2026-07-31T23:28:45Z,799,15,2,0,4,0,1,1,1,1785540426
2026-07-31T23:28:45Z,800,3,1,17,1,0,1,1,1,1785540509
2026-07-31T23:28:45Z,801,3,2,17,1,0,1,1,1,1785540521
2026-07-31T23:28:45Z,802,8,0,23,0,0,1,1,1,1785539270
2026-07-31T23:28:45Z,803,2,0,13,0,0,1,1,1,1785540204
2026-07-31T23:28:45Z,806,6,4,8,1,0,1,1,1,1785540310
2026-07-31T23:28:45Z,807,4,2,19,2,0,1,1,1,1785540516
2026-07-31T23:28:45Z,808,8,1,14,3,0,1,1,1,1785539585
2026-07-31T23:28:45Z,809,4,1,18,1,0,1,1,1,1785540472
2026-07-31T23:28:45Z,810,3,1,14,2,0,1,1,1,1785539021
2026-07-31T23:28:45Z,815,3,2,7,4,1,1,1,1,1785539493
2026-07-31T23:28:45Z,817,11,5,4,0,0,1,1,1,1785540403
2026-07-31T23:28:45Z,818,5,1,17,1,0,1,1,1,1785539293
2026-07-31T23:28:45Z,819,5,3,10,0,0,1,1,1,1785537833
2026-07-31T23:28:45Z,820,11,1,6,0,0,1,1,1,1785540521
2026-07-31T23:28:45Z,821,6,3,9,0,0,1,1,1,1785540157
2026-07-31T23:28:45Z,822,4,0,18,1,0,1,1,1,1785540382
2026-07-31T23:28:45Z,823,15,0,0,0,0,1,1,1,1785540047
2026-07-31T23:28:45Z,824,17,5,2,0,0,1,1,1,1785540345
2026-07-31T23:28:45Z,825,7,6,8,0,0,1,1,1,1785538987
2026-07-31T23:28:45Z,826,8,0,9,2,0,1,1,1,1785539622
2026-07-31T23:28:45Z,827,14,4,5,2,0,1,1,1,1785540404
2026-07-31T23:28:45Z,828,11,0,5,2,0,1,1,1,1785538998
2026-07-31T23:28:45Z,829,19,7,8,0,0,1,1,1,1785539948
2026-07-31T23:28:45Z,830,17,0,5,1,0,1,1,1,1785540016
2026-07-31T23:28:45Z,831,5,3,8,2,0,1,1,1,1785539964
2026-07-31T23:28:45Z,832,7,3,8,3,0,1,1,1,1785540155
2026-07-31T23:28:45Z,833,5,1,13,1,0,1,1,1,1785539900
2026-07-31T23:28:45Z,834,8,0,15,1,0,1,1,1,1785540498
2026-07-31T23:28:45Z,835,4,1,12,2,0,1,1,1,1785540326
2026-07-31T23:28:45Z,838,6,4,8,1,0,1,1,1,1785539785
2026-07-31T23:28:45Z,839,9,0,18,2,0,1,1,1,1785540519
2026-07-31T23:28:45Z,840,2,0,26,1,0,1,1,1,1785540107
2026-07-31T23:28:45Z,841,8,2,7,0,0,1,1,1,1785539946
2026-07-31T23:28:45Z,842,2,1,21,0,0,1,1,1,1785539895
2026-07-31T23:28:45Z,843,16,2,15,0,0,1,1,1,1785540297
2026-07-31T23:28:45Z,844,4,0,19,0,0,1,1,1,1785540210
2026-07-31T23:28:45Z,845,5,3,12,2,0,1,1,1,1785540236
2026-07-31T23:28:45Z,846,4,2,14,1,0,1,1,1,1785539374
2026-07-31T23:28:45Z,847,7,1,20,0,0,1,1,1,1785539296
2026-07-31T23:28:45Z,848,4,1,14,1,0,1,1,1,1785540424
2026-07-31T23:28:45Z,849,7,0,7,1,0,1,1,1,1785539179
2026-07-31T23:28:45Z,850,7,1,4,0,0,1,1,1,1785539986
2026-07-31T23:28:45Z,851,2,2,32,3,0,1,1,1,1785540512
2026-07-31T23:28:45Z,852,13,6,6,0,0,1,1,1,1785539907
2026-07-31T23:28:45Z,853,11,5,12,0,0,1,1,1,1785539090
2026-07-31T23:28:45Z,854,0,0,15,0,0,1,1,1,1785539024
2026-07-31T23:28:45Z,855,21,0,6,0,0,1,1,1,1785540475
2026-07-31T23:28:45Z,857,9,6,8,2,0,1,1,1,1785540228
2026-07-31T23:28:45Z,858,5,2,13,1,0,1,1,1,1785540513
2026-07-31T23:28:45Z,859,8,0,12,1,0,1,1,1,1785539002
2026-07-31T23:28:45Z,861,6,0,4,1,0,1,1,1,1785528609
2026-07-31T23:28:45Z,862,3,2,12,0,0,1,1,1,1785539992
2026-07-31T23:28:45Z,863,14,1,4,1,0,1,1,1,1785534680
2026-07-31T23:28:45Z,866,13,1,6,0,0,1,1,1,1785540388
2026-07-31T23:28:45Z,867,14,2,1,0,0,1,1,1,1785539594
2026-07-31T23:28:45Z,868,7,0,8,0,0,1,1,1,1785539854
2026-07-31T23:28:45Z,870,8,4,7,0,0,1,1,1,1785540085
2026-07-31T23:28:45Z,871,0,0,10,1,0,1,1,1,1785539397
2026-07-31T23:28:45Z,872,1,0,13,1,0,1,1,1,1785539989
2026-07-31T23:28:45Z,873,4,0,27,2,0,1,1,1,1785540399
2026-07-31T23:28:45Z,874,3,2,8,4,0,1,1,1,1785540121
2026-07-31T23:28:45Z,875,12,8,1,2,0,1,1,1,1785540221
2026-07-31T23:28:45Z,877,12,11,6,1,0,1,1,1,1785539694
2026-07-31T23:28:45Z,878,3,3,16,0,0,1,1,1,1785540263
2026-07-31T23:28:45Z,879,1,0,18,0,0,1,1,1,1785539297
2026-07-31T23:28:45Z,880,1,0,21,1,0,1,1,1,1785540223
2026-07-31T23:28:45Z,881,3,0,16,0,0,1,1,1,1785540129
2026-07-31T23:28:45Z,882,10,4,8,1,0,1,1,1,1785540148
2026-07-31T23:28:45Z,883,8,3,11,0,0,1,1,1,1785540308
2026-07-31T23:28:45Z,884,10,6,11,0,0,1,1,1,1785539790
2026-07-31T23:28:45Z,885,0,0,19,0,0,1,1,1,1785539924
2026-07-31T23:28:45Z,886,3,0,25,1,0,1,1,1,1785540325
2026-07-31T23:28:45Z,887,3,0,10,4,0,1,1,1,1785540393
2026-07-31T23:28:45Z,888,19,0,20,2,0,1,1,1,1785540501
2026-07-31T23:28:45Z,889,7,0,10,2,0,1,1,1,1785540265
2026-07-31T23:28:45Z,890,7,2,8,0,0,1,1,1,1785540327
2026-07-31T23:28:45Z,891,18,1,4,1,0,1,1,1,1785539477
2026-07-31T23:28:45Z,892,10,0,5,0,0,1,1,1,1785536903
2026-07-31T23:28:45Z,895,2,0,17,0,0,1,1,1,1785536824
2026-07-31T23:28:45Z,896,6,1,29,0,0,1,1,1,1785539956
2026-07-31T23:28:45Z,897,15,0,6,0,0,1,1,1,1785540164
2026-07-31T23:28:45Z,898,2,0,17,0,0,1,1,1,1785539834
2026-07-31T23:28:45Z,899,17,0,0,2,0,1,1,1,1785539631
2026-07-31T23:28:45Z,900,9,0,17,1,0,1,1,1,1785540400
2026-07-31T23:28:45Z,901,4,0,14,1,0,1,1,1,1785539910
2026-07-31T23:28:45Z,902,4,1,11,0,0,1,1,1,1785539940
2026-07-31T23:28:45Z,903,8,1,11,0,0,1,1,1,1785539839
2026-07-31T23:28:45Z,904,10,4,8,1,0,1,1,1,1785540241
2026-07-31T23:28:45Z,905,15,4,11,1,0,1,1,1,1785540279
2026-07-31T23:28:45Z,906,12,9,15,0,0,1,1,1,1785540447
2026-07-31T23:28:45Z,907,7,0,23,1,0,1,1,1,1785540013
2026-07-31T23:28:45Z,908,12,2,11,0,0,1,1,1,1785540261
2026-07-31T23:28:45Z,909,5,1,18,0,0,1,1,1,1785540426
2026-07-31T23:28:45Z,910,30,1,0,1,0,1,1,1,1785540402
2026-07-31T23:28:45Z,911,2,1,17,0,0,1,1,1,1785540153
2026-07-31T23:28:45Z,912,7,1,15,1,0,1,1,1,1785540341
2026-07-31T23:28:45Z,913,5,3,14,0,0,1,1,1,1785538951
2026-07-31T23:28:45Z,914,5,0,12,2,0,1,1,1,1785540270
2026-07-31T23:28:45Z,915,15,4,5,3,0,1,1,1,1785540492
2026-07-31T23:28:45Z,916,4,0,19,0,0,1,1,1,1785540500
2026-07-31T23:28:45Z,917,2,0,32,1,0,1,1,1,1785540489
2026-07-31T23:28:45Z,918,1,1,16,2,0,1,1,1,1785540146
2026-07-31T23:28:45Z,919,13,0,26,0,0,1,1,1,1785540438
2026-07-31T23:28:45Z,920,7,2,12,0,0,1,1,1,1785540404
2026-07-31T23:28:45Z,921,12,1,9,0,0,1,1,1,1785540418
2026-07-31T23:28:45Z,922,0,0,21,0,0,1,1,1,1785538980
2026-07-31T23:28:45Z,923,5,5,14,0,0,1,1,1,1785540396
2026-07-31T23:28:45Z,924,6,1,14,1,0,1,1,1,1785539128
2026-07-31T23:28:45Z,925,11,0,10,0,0,1,1,1,1785540458
2026-07-31T23:28:45Z,926,2,0,19,0,0,1,1,1,1785540521
2026-07-31T23:28:45Z,927,17,2,18,0,0,1,1,1,1785539978
2026-07-31T23:28:45Z,928,0,0,19,0,0,0,1,1,1785500252
2026-07-31T23:28:45Z,929,4,1,19,0,0,1,1,1,1785540009
2026-07-31T23:28:45Z,930,20,0,10,1,0,1,1,1,1785540263
2026-07-31T23:28:45Z,931,1,0,21,1,0,1,1,1,1785540501
2026-07-31T23:28:45Z,932,13,0,2,4,0,1,1,1,1785540292
2026-07-31T23:28:45Z,933,11,1,9,3,0,1,1,1,1785540517
2026-07-31T23:28:45Z,934,24,0,6,1,0,1,1,1,1785540282
2026-07-31T23:28:45Z,935,14,0,3,2,0,1,1,1,1785540415
2026-07-31T23:28:45Z,936,4,0,15,0,0,1,1,1,1785540436
2026-07-31T23:28:45Z,940,5,0,5,1,0,1,1,1,1785538586
2026-07-31T23:28:45Z,941,19,3,3,3,0,1,1,1,1785539537
2026-07-31T23:28:45Z,942,16,4,5,0,0,1,1,1,1785540472
2026-07-31T23:28:45Z,943,8,8,7,0,0,1,1,1,1785540066
2026-07-31T23:28:45Z,944,10,8,5,0,0,1,1,1,1785539919
2026-07-31T23:28:45Z,945,7,5,8,0,0,1,1,1,1785539443
2026-07-31T23:28:45Z,946,7,5,12,0,0,1,1,1,1785523835
2026-07-31T23:28:45Z,947,5,3,12,0,0,1,1,1,1785539941
2026-07-31T23:28:45Z,948,13,13,15,3,0,1,1,1,1785540226
2026-07-31T23:28:45Z,949,0,0,15,0,0,1,1,1,1785540245
2026-07-31T23:28:45Z,950,5,1,11,1,0,1,1,1,1785540514
2026-07-31T23:28:45Z,951,15,6,8,0,0,1,1,1,1785540243
2026-07-31T23:28:45Z,952,26,4,27,2,0,1,1,1,1785540387
2026-07-31T23:28:45Z,953,5,1,9,1,0,1,1,1,1785539201
2026-07-31T23:28:45Z,954,7,0,12,0,0,1,1,1,1785540249
2026-07-31T23:28:45Z,955,12,9,9,6,0,1,1,1,1785540507
2026-07-31T23:28:45Z,956,21,1,0,2,0,1,1,1,1785540294
2026-07-31T23:28:45Z,957,25,2,3,1,0,1,1,1,1785540235
2026-07-31T23:28:45Z,958,31,1,0,0,0,1,1,1,1785540508
2026-07-31T23:28:45Z,959,7,3,15,1,0,1,1,1,1785540420
2026-07-31T23:28:45Z,960,3,2,20,0,0,1,1,1,1785540394
2026-07-31T23:28:45Z,961,5,1,15,3,0,1,1,1,1785540051
2026-07-31T23:28:45Z,962,10,0,22,3,0,1,1,1,1785540334
2026-07-31T23:28:45Z,963,17,2,5,1,0,1,1,1,1785540113
2026-07-31T23:28:45Z,964,14,10,8,1,0,1,1,1,1785540196
2026-07-31T23:28:45Z,965,14,7,12,1,0,1,1,1,1785540350
2026-07-31T23:28:45Z,966,30,5,1,0,0,1,1,1,1785540267
2026-07-31T23:28:45Z,967,11,1,8,2,0,1,1,1,1785540518
2026-07-31T23:28:45Z,968,6,0,12,1,0,1,1,1,1785540268
2026-07-31T23:28:45Z,969,4,2,22,1,0,1,1,1,1785540459
2026-07-31T23:28:45Z,970,0,0,18,1,0,1,1,1,1785540302
2026-07-31T23:28:45Z,971,0,0,22,1,0,1,1,1,1785540320
2026-07-31T23:28:45Z,972,10,4,12,1,0,1,1,1,1785539960
2026-07-31T23:28:45Z,973,8,2,14,1,0,1,1,1,1785540351
2026-07-31T23:28:45Z,974,11,0,16,0,0,1,1,1,1785540436
2026-07-31T23:28:45Z,977,0,0,19,2,0,1,1,1,1785540351
2026-07-31T23:28:45Z,978,19,1,4,0,0,1,1,1,1785539323
2026-07-31T23:28:45Z,979,2,1,15,0,0,1,1,1,1785540176
2026-07-31T23:28:45Z,980,5,0,15,1,0,1,1,1,1785539650
2026-07-31T23:28:45Z,981,8,0,13,0,0,1,1,1,1785539741
2026-07-31T23:28:45Z,982,3,0,14,2,0,1,1,1,1785540001
2026-07-31T23:28:45Z,983,2,2,21,0,0,1,1,1,1785540474
2026-07-31T23:28:45Z,984,5,0,18,0,0,1,1,1,1785539834
2026-07-31T23:28:45Z,985,4,0,26,1,0,1,1,1,1785540477
2026-07-31T23:28:45Z,986,5,0,14,0,0,1,1,1,1785540003
2026-07-31T23:28:45Z,987,6,0,17,0,0,1,1,1,1785538772
2026-07-31T23:28:45Z,988,4,2,14,1,0,1,1,1,1785540177
2026-07-31T23:28:45Z,989,7,4,12,0,0,1,1,1,1785539157
2026-07-31T23:28:45Z,990,13,1,1,1,0,1,1,1,1785540159
2026-07-31T23:28:45Z,991,9,0,9,1,0,1,1,1,1785539920
2026-07-31T23:28:45Z,992,9,5,14,0,0,1,1,1,1785538988
2026-07-31T23:28:45Z,993,4,4,22,1,0,1,1,1,1785540412
2026-07-31T23:28:45Z,994,1,0,20,0,0,1,1,1,1785539363
2026-07-31T23:28:45Z,995,8,3,19,0,0,1,1,1,1785540346
2026-07-31T23:28:45Z,996,6,2,17,0,0,1,1,1,1785540096
2026-07-31T23:28:45Z,997,15,7,8,0,0,1,1,1,1785539966
2026-07-31T23:28:45Z,998,5,4,18,0,0,1,1,1,1785540351
2026-07-31T23:28:45Z,999,4,1,15,1,1,1,1,1,1785540200
2026-07-31T23:28:45Z,1000,0,0,21,0,0,1,1,1,1785539072
2026-07-31T23:28:45Z,1001,5,3,22,0,0,1,1,1,1785540428
2026-07-31T23:28:45Z,1002,1,0,29,1,0,1,1,1,1785540461
2026-07-31T23:28:45Z,1003,1,0,22,0,0,1,1,1,1785539984
2026-07-31T23:28:45Z,1004,8,2,15,0,0,1,1,1,1785539478
2026-07-31T23:28:45Z,1005,20,1,3,0,0,1,1,1,1785540176
2026-07-31T23:28:45Z,1006,8,4,11,0,0,1,1,1,1785539975
2026-07-31T23:28:45Z,1007,3,1,18,0,0,1,1,1,1785539621
2026-07-31T23:28:45Z,1008,8,7,15,0,0,1,1,1,1785540276
2026-07-31T23:28:45Z,1009,22,5,8,1,0,1,1,1,1785539264
2026-07-31T23:28:45Z,1010,7,2,20,0,0,1,1,1,1785539896
2026-07-31T23:28:45Z,1011,7,2,10,2,0,1,1,1,1785540347
2026-07-31T23:28:45Z,1012,5,3,16,2,0,1,1,1,1785539948
2026-07-31T23:28:45Z,1013,4,1,18,1,0,1,1,1,1785540512
2026-07-31T23:28:45Z,1014,9,4,14,0,0,1,1,1,1785540475
2026-07-31T23:28:45Z,1015,4,3,26,1,0,1,1,1,1785539018
2026-07-31T23:28:45Z,1016,10,5,21,0,0,1,1,1,1785539918
2026-07-31T23:28:45Z,1017,13,5,8,0,0,1,1,1,1785539338
2026-07-31T23:28:45Z,1018,6,2,16,0,0,1,1,1,1785540026
2026-07-31T23:28:45Z,1019,8,5,7,0,0,1,1,1,1785539879
2026-07-31T23:28:45Z,1020,19,5,2,0,0,1,1,1,1785539203
2026-07-31T23:28:45Z,1021,9,4,6,0,0,1,1,1,1785538868
2026-07-31T23:28:45Z,1022,14,0,13,0,0,1,1,1,1785540166
2026-07-31T23:28:45Z,1023,14,2,9,0,0,1,1,1,1785539783
2026-07-31T23:28:45Z,1024,3,1,16,0,0,1,1,1,1785538925
2026-07-31T23:28:45Z,1025,4,0,14,0,1,1,1,1,1785540153
2026-07-31T23:28:45Z,1026,10,8,19,2,0,1,1,1,1785539973
2026-07-31T23:28:45Z,1028,3,1,20,0,0,1,1,1,1785540122
2026-07-31T23:28:45Z,1029,11,9,4,0,0,1,1,1,1785539178
2026-07-31T23:28:45Z,1030,13,4,10,0,0,1,1,1,1785539001
2026-07-31T23:28:45Z,1031,9,1,10,0,0,1,1,1,1785539301
2026-07-31T23:28:45Z,1032,7,1,12,0,0,1,1,1,1785539972
2026-07-31T23:28:45Z,1033,10,6,9,0,0,1,1,1,1785540255
2026-07-31T23:28:45Z,1034,3,0,12,0,0,1,1,1,1785539947
2026-07-31T23:28:45Z,1035,1,0,17,1,0,1,1,1,1785540400
2026-07-31T23:28:45Z,1036,13,0,2,0,0,1,1,1,1785538713
2026-07-31T23:28:45Z,1037,0,0,18,1,0,1,1,1,1785540330
2026-07-31T23:28:45Z,1038,1,0,14,0,0,1,1,1,1785539635
2026-07-31T23:28:45Z,1039,6,0,13,0,0,1,1,1,1785540122
2026-07-31T23:28:45Z,1040,8,5,11,0,0,1,1,1,1785540029
2026-07-31T23:28:45Z,1041,11,2,8,0,0,1,1,1,1785539892
2026-07-31T23:28:45Z,1042,3,0,11,1,0,1,1,1,1785540032
2026-07-31T23:28:45Z,1043,7,3,12,0,0,1,1,1,1785540055
2026-07-31T23:28:45Z,1044,1,0,14,0,0,1,1,1,1785539691
2026-07-31T23:28:45Z,1045,8,1,11,0,0,1,1,1,1785539958
2026-07-31T23:28:45Z,1046,9,0,6,0,0,1,1,1,1785539324
2026-07-31T23:28:45Z,1047,4,2,17,0,0,1,1,1,1785539377
2026-07-31T23:28:45Z,1048,4,2,15,0,0,1,1,1,1785539934
2026-07-31T23:28:45Z,1049,2,1,19,0,0,1,1,1,1785540047
2026-07-31T23:28:45Z,1050,20,4,1,0,0,1,1,1,1785539332
2026-07-31T23:28:45Z,1051,9,4,12,0,0,1,1,1,1785540500
2026-07-31T23:28:45Z,1052,17,1,4,1,0,1,1,1,1785539836
2026-07-31T23:28:45Z,1053,3,1,12,0,0,1,1,1,1785539829
2026-07-31T23:28:45Z,1054,7,2,8,0,0,1,1,1,1785540076
2026-07-31T23:28:45Z,1055,8,0,11,0,0,1,1,1,1785540105
2026-07-31T23:28:45Z,1057,3,0,16,0,0,1,1,1,1785540205
2026-07-31T23:28:45Z,1058,6,0,50,0,0,1,1,1,1785540514
2026-07-31T23:28:45Z,1059,5,2,13,1,0,1,1,1,1785539950
2026-07-31T23:28:45Z,1060,21,1,15,1,0,1,1,1,1785540216
2026-07-31T23:28:45Z,1061,20,0,17,0,0,1,1,1,1785540315
2026-07-31T23:28:45Z,1062,13,0,4,0,0,1,1,1,1785540426
2026-07-31T23:28:45Z,1063,12,1,6,1,0,1,1,1,1785540015
2026-07-31T23:28:45Z,1064,5,0,17,1,0,1,1,1,1785540390
2026-07-31T23:28:45Z,1065,14,3,9,0,0,1,1,1,1785538820
2026-07-31T23:28:45Z,1066,12,3,11,0,0,1,1,1,1785540455
2026-07-31T23:28:45Z,1067,7,1,14,2,0,1,1,1,1785538915
2026-07-31T23:28:45Z,1068,6,2,14,3,0,1,1,1,1785540281
2026-07-31T23:28:45Z,1069,12,3,11,0,0,1,1,1,1785540270
2026-07-31T23:28:45Z,1070,12,2,11,0,0,1,1,1,1785540374
2026-07-31T23:28:45Z,1071,8,4,15,0,0,1,1,1,1785540412
2026-07-31T23:28:45Z,1072,11,1,11,1,0,1,1,1,1785538997
2026-07-31T23:28:45Z,1073,5,0,21,1,0,1,1,1,1785540341
2026-07-31T23:28:45Z,1074,29,1,23,1,0,1,1,1,1785540428
2026-07-31T23:28:45Z,1075,8,8,13,0,0,1,1,1,1785539303
2026-07-31T23:28:45Z,1076,13,10,8,0,0,1,1,1,1785540162
2026-07-31T23:28:45Z,1077,13,8,8,0,0,1,1,1,1785538868
2026-07-31T23:28:45Z,1078,9,8,12,0,0,1,1,1,1785539262
2026-07-31T23:28:45Z,1079,13,9,8,0,0,1,1,1,1785540510
2026-07-31T23:28:45Z,1080,12,9,7,2,0,1,1,1,1785539808
2026-07-31T23:28:45Z,1081,11,6,8,0,0,1,1,1,1785540478
2026-07-31T23:28:45Z,1082,11,9,11,1,0,1,1,1,1785539881
2026-07-31T23:28:45Z,1083,12,11,9,0,0,1,1,1,1785540151
2026-07-31T23:28:45Z,1084,9,7,12,0,0,1,1,1,1785539765
2026-07-31T23:28:45Z,1085,12,9,9,0,0,1,1,1,1785539487
2026-07-31T23:28:45Z,1086,10,9,10,1,0,1,1,1,1785540181
2026-07-31T23:28:45Z,1087,9,7,6,0,0,1,1,1,1785539686
2026-07-31T23:28:45Z,1088,10,7,5,0,0,1,1,1,1785540015
2026-07-31T23:28:45Z,1089,9,7,6,0,0,1,1,1,1785539647
2026-07-31T23:28:45Z,1090,4,3,11,0,0,1,1,1,1785538946
2026-07-31T23:28:45Z,1091,6,4,9,0,0,1,1,1,1785540357
2026-07-31T23:28:45Z,1092,8,7,7,0,0,1,1,1,1785540345
2026-07-31T23:28:45Z,1093,5,5,9,1,0,1,1,1,1785539208
2026-07-31T23:28:45Z,1094,10,9,9,0,0,1,1,1,1785539966
2026-07-31T23:28:45Z,1095,10,8,5,0,0,1,1,1,1785539936
2026-07-31T23:28:45Z,1096,12,9,7,0,0,1,1,1,1785540346
2026-07-31T23:28:45Z,1097,8,8,7,0,0,1,1,1,1785538715
2026-07-31T23:28:45Z,1098,10,7,9,0,0,1,1,1,1785540013
2026-07-31T23:28:45Z,1099,7,6,8,0,0,1,1,1,1785539801
2026-07-31T23:28:45Z,1100,6,4,23,0,0,1,1,1,1785532207
2026-07-31T23:28:45Z,1101,8,3,13,0,0,1,1,1,1785540442
2026-07-31T23:28:45Z,1102,9,4,4,0,0,1,1,1,1785538919
2026-07-31T23:28:45Z,1103,11,5,10,0,0,1,1,1,1785503681
2026-07-31T23:28:45Z,1104,11,6,10,0,0,1,1,1,1785539484
2026-07-31T23:28:45Z,1105,8,4,5,0,0,1,1,1,1785538801
2026-07-31T23:28:45Z,1106,10,5,11,0,0,1,1,1,1785539824
2026-07-31T23:28:45Z,1107,9,5,6,0,0,1,1,1,1785540060
2026-07-31T23:28:45Z,1108,8,4,16,2,1,1,1,1,1785539206
2026-07-31T23:28:45Z,1109,7,3,8,0,0,1,1,1,1785539999
2026-07-31T23:28:45Z,1110,11,3,10,0,0,1,1,1,1785539347
2026-07-31T23:28:45Z,1111,12,3,8,1,0,1,1,1,1785540180
2026-07-31T23:28:45Z,1112,22,2,31,0,0,1,1,1,1785540392
2026-07-31T23:28:45Z,1113,0,0,21,0,0,1,1,1,1785539256
2026-07-31T23:28:45Z,1115,14,1,5,4,0,1,1,1,1785538737
2026-07-31T23:28:45Z,1116,8,1,11,0,0,1,1,1,1785539992
2026-07-31T23:28:45Z,1117,6,1,16,1,0,1,1,1,1785540431
2026-07-31T23:28:45Z,1118,17,2,4,0,0,1,1,1,1785540339
2026-07-31T23:28:45Z,1119,6,1,11,0,0,1,1,1,1785540406
2026-07-31T23:28:45Z,1120,6,1,12,1,0,1,1,1,1785540082
2026-07-31T23:28:45Z,1121,9,1,10,2,0,1,1,1,1785540376
2026-07-31T23:28:45Z,1122,6,3,14,1,0,1,1,1,1785540233
2026-07-31T23:28:45Z,1123,13,8,8,2,0,1,1,1,1785540445
2026-07-31T23:28:45Z,1124,8,1,6,1,0,1,1,1,1785539438
2026-07-31T23:28:45Z,1125,17,1,6,0,0,1,1,1,1785540373
2026-07-31T23:28:45Z,1126,2,1,19,0,0,1,1,1,1785539846
2026-07-31T23:28:45Z,1127,1,0,18,0,0,1,1,1,1785540310
2026-07-31T23:28:45Z,1128,1,1,14,0,0,1,1,1,1785539953
2026-07-31T23:28:45Z,1129,0,0,19,2,0,1,1,1,1785540303
2026-07-31T23:28:45Z,1130,15,0,0,0,0,1,1,1,1785540484
2026-07-31T23:28:45Z,1131,1,0,47,1,0,1,1,1,1785540024
2026-07-31T23:28:45Z,1132,11,3,9,1,0,1,1,1,1785539868
2026-07-31T23:28:45Z,1133,1,1,18,2,0,1,1,1,1785540068
2026-07-31T23:28:45Z,1134,12,6,7,0,0,1,1,1,1785540505
2026-07-31T23:28:45Z,1135,12,6,9,0,0,1,1,1,1785539630
2026-07-31T23:28:45Z,1136,14,1,9,0,0,1,1,1,1785540208
2026-07-31T23:28:45Z,1137,11,1,4,0,0,1,1,1,1785539871
2026-07-31T23:28:45Z,1138,4,0,15,0,0,1,1,1,1785540472
2026-07-31T23:28:45Z,1139,11,3,9,1,0,1,1,1,1785540510
2026-07-31T23:28:45Z,1140,2,1,19,2,0,1,1,1,1785540488
2026-07-31T23:28:45Z,1141,12,0,6,3,0,1,1,1,1785540404
2026-07-31T23:28:45Z,1142,5,0,16,0,0,1,1,1,1785538820
2026-07-31T23:28:45Z,1143,20,0,7,2,0,1,1,1,1785540459
2026-07-31T23:28:45Z,1144,8,0,12,1,0,1,1,1,1785539077
2026-07-31T23:28:45Z,1145,11,5,9,1,0,1,1,1,1785540406
2026-07-31T23:28:45Z,1146,11,3,6,2,0,1,1,1,1785540493
2026-07-31T23:28:45Z,1147,16,0,2,1,0,1,1,1,1785540474
2026-07-31T23:28:45Z,1148,1,0,30,0,0,1,1,1,1785540477
2026-07-31T23:28:45Z,1149,5,1,15,5,0,1,1,1,1785540240
2026-07-31T23:28:45Z,1150,0,0,19,0,0,1,1,1,1785540478
2026-07-31T23:28:45Z,1151,8,0,13,0,0,1,1,1,1785539999
2026-07-31T23:28:45Z,1152,6,1,23,0,0,1,1,1,1785540473
2026-07-31T23:28:45Z,1153,22,4,0,1,0,1,1,1,1785538731
2026-07-31T23:28:45Z,1154,4,1,15,0,0,1,1,1,1785540040
2026-07-31T23:28:45Z,1155,7,3,10,4,0,1,1,1,1785540015
2026-07-31T23:28:45Z,1158,3,1,16,0,0,1,1,1,1785539876
2026-07-31T23:28:45Z,1159,13,2,6,0,0,1,1,1,1785540240
2026-07-31T23:28:45Z,1160,6,2,13,0,0,1,1,1,1785540200
2026-07-31T23:28:45Z,1161,3,0,15,1,0,1,1,1,1785540375
2026-07-31T23:28:45Z,1162,4,0,15,0,0,1,1,1,1785538816
2026-07-31T23:28:45Z,1163,2,1,16,1,0,1,1,1,1785539997
2026-07-31T23:28:45Z,1164,5,1,14,0,0,1,1,1,1785540053
2026-07-31T23:28:45Z,1165,1,0,20,0,0,1,1,1,1785538986
2026-07-31T23:28:45Z,1166,13,3,7,1,0,1,1,1,1785540358
2026-07-31T23:28:45Z,1167,4,0,11,0,0,1,1,1,1785539718
2026-07-31T23:28:45Z,1168,3,0,18,2,0,1,1,1,1785540298
2026-07-31T23:28:45Z,1169,3,0,15,1,0,1,1,1,1785539900
2026-07-31T23:28:45Z,1170,2,1,19,0,0,1,1,1,1785540303
2026-07-31T23:28:45Z,1171,7,7,16,0,0,1,1,1,1785540010
2026-07-31T23:28:45Z,1172,5,0,8,2,0,1,1,1,1785540052
2026-07-31T23:28:45Z,1173,13,4,6,0,0,1,1,1,1785540159
2026-07-31T23:28:45Z,1174,4,0,11,0,0,1,1,1,1785539796
2026-07-31T23:28:45Z,1175,4,2,15,0,0,1,1,1,1785535612
2026-07-31T23:28:45Z,1176,8,2,13,0,0,1,1,1,1785539390
2026-07-31T23:28:45Z,1177,3,2,18,0,0,1,1,1,1785540051
2026-07-31T23:28:45Z,1178,5,2,10,0,0,1,1,1,1785539710
2026-07-31T23:28:45Z,1181,13,1,2,0,0,1,1,1,1785539968
2026-07-31T23:28:45Z,1182,13,4,7,0,0,1,1,1,1785540511
2026-07-31T23:28:45Z,1183,6,0,37,2,0,1,1,1,1785540433
2026-07-31T23:28:45Z,1184,10,8,7,4,0,1,1,1,1785540228
2026-07-31T23:28:45Z,1185,10,6,11,0,0,1,1,1,1785539459
2026-07-31T23:28:45Z,1186,9,5,10,0,0,1,1,1,1785540429
2026-07-31T23:28:45Z,1187,10,5,10,1,0,1,1,1,1785538834
2026-07-31T23:28:45Z,1188,10,5,5,0,0,1,1,1,1785540055
2026-07-31T23:28:45Z,1189,8,3,11,0,0,1,1,1,1785540192
2026-07-31T23:28:45Z,1190,9,4,12,0,0,1,1,1,1785539612
2026-07-31T23:28:45Z,1191,10,5,5,0,0,1,1,1,1785540058
2026-07-31T23:28:45Z,1192,11,7,9,1,0,1,1,1,1785539977
2026-07-31T23:28:45Z,1193,6,4,5,2,0,1,1,1,1785539017
2026-07-31T23:28:45Z,1197,9,6,7,1,0,1,1,1,1785540446
2026-07-31T23:28:45Z,1198,13,4,6,2,0,1,1,1,1785540501
2026-07-31T23:28:45Z,1199,3,0,16,0,0,1,1,1,1785540500
2026-07-31T23:28:45Z,1200,8,4,7,0,0,1,1,1,1785540098
2026-07-31T23:28:45Z,1201,9,4,6,0,0,1,1,1,1785540070
2026-07-31T23:28:45Z,1202,11,6,4,0,0,1,1,1,1785540355
2026-07-31T23:28:45Z,1203,11,5,4,0,0,1,1,1,1785540079
2026-07-31T23:28:45Z,1204,7,4,12,0,0,1,1,1,1785539858
2026-07-31T23:28:45Z,1206,11,5,10,0,0,1,1,1,1785539102
2026-07-31T23:28:45Z,1207,8,4,6,1,0,1,1,1,1785540388
2026-07-31T23:28:45Z,1208,10,4,9,0,0,1,1,1,1785540340
2026-07-31T23:28:45Z,1216,9,0,11,1,0,1,1,1,1785539315
2026-07-31T23:28:45Z,1218,2,0,19,0,0,1,1,1,1785539771
2026-07-31T23:28:45Z,1219,2,1,10,3,0,1,1,1,1785539991
2026-07-31T23:28:45Z,1220,16,6,3,0,0,1,1,1,1785539361
2026-07-31T23:28:45Z,1221,1,1,19,1,0,1,1,1,1785539069
2026-07-31T23:28:45Z,1222,24,2,5,0,0,1,1,1,1785540091
2026-07-31T23:28:45Z,1223,23,1,5,1,0,1,1,1,1785540480
2026-07-31T23:28:45Z,1226,0,0,3,0,0,0,1,1,1781868931
2026-07-31T23:28:45Z,1227,5,0,19,1,0,1,1,1,1785540153
2026-07-31T23:28:45Z,1228,1,0,27,1,0,1,1,1,1785540122
2026-07-31T23:28:45Z,1229,38,0,6,0,1,1,1,1,1785540481
2026-07-31T23:33:45Z,1,18,0,5,0,0,1,1,1,1785540712
2026-07-31T23:33:45Z,2,11,0,13,3,0,1,1,1,1785540728
2026-07-31T23:33:45Z,3,7,0,6,1,0,1,1,1,1785540296
2026-07-31T23:33:45Z,4,21,0,0,1,0,1,1,1,1785540452
2026-07-31T23:33:45Z,5,17,4,2,4,0,1,1,1,1785540518
2026-07-31T23:33:45Z,6,4,1,11,0,0,1,1,1,1785540275
2026-07-31T23:33:45Z,7,8,0,31,0,0,1,1,1,1785539310
2026-07-31T23:33:45Z,8,10,0,33,0,0,1,1,1,1785540664
2026-07-31T23:33:45Z,9,13,2,9,1,0,1,1,1,1785540784
2026-07-31T23:33:45Z,10,3,1,17,3,0,1,1,1,1785539707
2026-07-31T23:33:45Z,11,6,2,12,1,0,1,1,1,1785540451
2026-07-31T23:33:45Z,12,3,1,20,0,0,1,1,1,1785540286
2026-07-31T23:33:45Z,13,10,0,19,1,0,1,1,1,1785540644
2026-07-31T23:33:45Z,14,29,2,13,0,1,1,1,1,1785540117
2026-07-31T23:33:45Z,15,12,0,3,0,0,1,1,1,1785540777
2026-07-31T23:33:45Z,16,0,0,24,2,1,1,1,1,1785538462
2026-07-31T23:33:45Z,17,26,1,0,1,0,1,1,1,1785540788
2026-07-31T23:33:45Z,18,9,0,7,2,0,1,1,1,1785540816
2026-07-31T23:33:45Z,19,17,0,9,1,0,1,1,1,1785540700
2026-07-31T23:33:45Z,20,23,1,12,0,0,1,1,1,1785540706
2026-07-31T23:33:45Z,21,11,0,5,3,0,1,1,1,1785540629
2026-07-31T23:33:45Z,22,16,1,49,0,0,1,1,1,1785540781
2026-07-31T23:33:45Z,23,28,8,3,0,0,1,1,1,1785540260
2026-07-31T23:33:45Z,24,10,1,0,1,0,1,1,1,1785540815
2026-07-31T23:33:45Z,25,75,1,3,3,0,1,1,1,1785540815
2026-07-31T23:33:45Z,26,3,0,24,0,0,1,1,1,1785540238
2026-07-31T23:33:45Z,28,5,0,10,0,0,1,1,1,1785539975
2026-07-31T23:33:45Z,30,20,0,7,2,0,1,1,1,1785540670
2026-07-31T23:33:45Z,31,11,1,7,1,0,1,1,1,1785540590
2026-07-31T23:33:45Z,32,14,2,13,0,0,1,1,1,1785540806
2026-07-31T23:33:45Z,34,12,0,25,0,0,1,1,1,1785539291
2026-07-31T23:33:45Z,35,42,1,4,1,0,1,1,1,1785540679
2026-07-31T23:33:45Z,36,0,0,0,0,0,0,1,1,86400
2026-07-31T23:33:45Z,37,12,2,11,0,0,1,1,1,1785540725
2026-07-31T23:33:45Z,38,5,2,18,0,0,1,1,1,1785540729
2026-07-31T23:33:45Z,39,10,0,29,0,0,1,1,1,1785540800
2026-07-31T23:33:45Z,40,4,0,17,0,0,1,1,1,1785540294
2026-07-31T23:33:45Z,41,20,0,23,0,0,1,1,1,1785539338
2026-07-31T23:33:45Z,42,5,5,26,0,0,1,1,1,1785540776
2026-07-31T23:33:45Z,43,7,2,16,0,0,1,1,1,1785540748
2026-07-31T23:33:45Z,45,1,0,28,0,0,1,1,1,1785539388
2026-07-31T23:33:45Z,46,2,0,27,2,0,1,1,1,1785540663
2026-07-31T23:33:45Z,47,4,1,10,1,0,1,1,1,1785540233
2026-07-31T23:33:45Z,48,16,0,11,0,0,1,1,1,1785540614
2026-07-31T23:33:45Z,49,0,0,19,4,0,1,1,1,1785540819
2026-07-31T23:33:45Z,50,3,3,13,3,0,1,1,1,1785540576
2026-07-31T23:33:45Z,51,25,0,52,0,0,1,1,1,1785540619
2026-07-31T23:33:45Z,52,5,1,19,3,0,1,1,1,1785540816
2026-07-31T23:33:45Z,55,5,1,16,2,0,1,1,1,1785540789
2026-07-31T23:33:45Z,56,3,2,40,0,0,1,1,1,1785540522
2026-07-31T23:33:45Z,57,20,0,7,0,0,1,1,1,1785540554
2026-07-31T23:33:45Z,58,8,0,20,0,0,1,1,1,1785540566
2026-07-31T23:33:45Z,59,1,0,24,2,0,1,1,1,1785540701
2026-07-31T23:33:45Z,61,32,0,7,0,0,1,1,1,1785540810
2026-07-31T23:33:45Z,62,11,6,38,0,0,1,1,1,1785540774
2026-07-31T23:33:45Z,63,6,4,13,0,0,1,1,1,1785540216
2026-07-31T23:33:45Z,64,10,1,5,4,0,1,1,1,1785535815
2026-07-31T23:33:45Z,65,8,4,10,1,0,1,1,1,1785540492
2026-07-31T23:33:45Z,67,6,0,33,0,0,1,1,1,1785540757
2026-07-31T23:33:45Z,68,33,0,3,1,0,1,1,1,1785540296
2026-07-31T23:33:45Z,69,4,1,11,0,0,1,1,1,1785540730
2026-07-31T23:33:45Z,71,5,1,20,2,0,1,1,1,1785540637
2026-07-31T23:33:45Z,72,25,3,3,2,1,1,1,1,1785540524
2026-07-31T23:33:45Z,73,1,0,30,0,0,1,1,1,1785540738
2026-07-31T23:33:45Z,74,3,3,16,0,0,1,1,1,1785540641
2026-07-31T23:33:45Z,75,5,0,26,1,0,1,1,1,1785540313
2026-07-31T23:33:45Z,76,2,0,16,1,0,1,1,1,1785540818
2026-07-31T23:33:45Z,77,16,1,10,1,0,1,1,1,1785540801
2026-07-31T23:33:45Z,78,1,1,22,0,0,1,1,1,1785540742
2026-07-31T23:33:45Z,79,2,0,14,1,0,1,1,1,1785540780
2026-07-31T23:33:45Z,80,15,1,5,3,0,1,1,1,1785540652
2026-07-31T23:33:45Z,81,10,1,21,0,0,1,1,1,1785540533
2026-07-31T23:33:45Z,82,12,11,10,1,0,1,1,1,1785540310
2026-07-31T23:33:45Z,83,8,2,25,1,0,1,1,1,1785540695
2026-07-31T23:33:45Z,84,14,1,12,1,0,1,1,1,1785540727
2026-07-31T23:33:45Z,85,9,1,6,0,0,1,1,1,1785540201
2026-07-31T23:33:45Z,86,7,3,20,0,0,1,1,1,1785540470
2026-07-31T23:33:45Z,87,0,0,19,0,0,1,1,1,1785533075
2026-07-31T23:33:45Z,88,20,0,22,1,0,1,1,1,1785540740
2026-07-31T23:33:45Z,89,14,0,21,0,0,1,1,1,1785540685
2026-07-31T23:33:45Z,90,14,0,3,1,0,1,1,1,1785540805
2026-07-31T23:33:45Z,91,5,1,12,0,0,1,1,1,1785540738
2026-07-31T23:33:45Z,92,5,2,11,3,0,1,1,1,1785540627
2026-07-31T23:33:45Z,93,7,0,15,1,0,1,1,1,1785540809
2026-07-31T23:33:45Z,94,8,0,10,1,0,1,1,1,1785540748
2026-07-31T23:33:45Z,95,9,0,24,1,1,1,1,1,1785540812
2026-07-31T23:33:45Z,96,20,5,10,1,0,1,1,1,1785540750
2026-07-31T23:33:45Z,97,4,0,12,1,0,1,1,1,1785540817
2026-07-31T23:33:45Z,98,29,7,5,1,0,1,1,1,1785540617
2026-07-31T23:33:45Z,99,15,1,0,0,0,1,1,1,1785539633
2026-07-31T23:33:45Z,100,17,3,10,0,0,1,1,1,1785540809
2026-07-31T23:33:45Z,101,7,1,7,1,0,1,1,1,1785540152
2026-07-31T23:33:45Z,102,18,0,4,1,0,1,1,1,1785540694
2026-07-31T23:33:45Z,103,9,0,21,0,0,1,1,1,1785540805
2026-07-31T23:33:45Z,104,10,0,15,2,0,1,1,1,1785540815
2026-07-31T23:33:45Z,105,17,0,2,0,0,1,1,1,1785535842
2026-07-31T23:33:45Z,106,18,0,2,1,0,1,1,1,1785538929
2026-07-31T23:33:45Z,107,20,0,16,1,0,1,1,1,1785540597
2026-07-31T23:33:45Z,108,28,1,4,3,0,1,1,1,1785540724
2026-07-31T23:33:45Z,109,15,0,8,0,0,1,1,1,1785540740
2026-07-31T23:33:45Z,110,18,0,5,0,0,1,1,1,1785540741
2026-07-31T23:33:45Z,111,5,1,31,0,0,1,1,1,1785540799
2026-07-31T23:33:45Z,112,6,1,8,1,0,1,1,1,1785540569
2026-07-31T23:33:45Z,113,2,0,16,1,0,1,1,1,1785540553
2026-07-31T23:33:45Z,114,10,3,18,2,1,1,1,1,1785540777
2026-07-31T23:33:45Z,115,17,11,6,5,0,1,1,1,1785540597
2026-07-31T23:33:45Z,116,13,9,14,0,0,1,1,1,1785540812
2026-07-31T23:33:45Z,118,20,2,0,3,0,1,1,1,1785540590
2026-07-31T23:33:45Z,119,0,0,36,2,0,1,1,1,1785538638
2026-07-31T23:33:45Z,120,3,0,23,1,0,1,1,1,1785540723
2026-07-31T23:33:45Z,121,2,2,15,1,1,1,1,1,1785540814
2026-07-31T23:33:45Z,122,16,1,3,2,0,1,1,1,1785540745
2026-07-31T23:33:45Z,123,2,0,45,0,0,1,1,1,1785540816
2026-07-31T23:33:45Z,124,8,1,27,0,0,1,1,1,1785540752
2026-07-31T23:33:45Z,125,1,1,22,0,0,1,1,1,1785540796
2026-07-31T23:33:45Z,126,12,1,18,1,0,1,1,1,1785540807
2026-07-31T23:33:45Z,127,16,3,18,1,0,1,1,1,1785540759
2026-07-31T23:33:45Z,128,12,4,6,1,0,1,1,1,1785540761
2026-07-31T23:33:45Z,129,1,1,15,3,0,1,1,1,1785540208
2026-07-31T23:33:45Z,130,10,0,7,0,0,1,1,1,1785539871
2026-07-31T23:33:45Z,131,7,1,3,1,0,1,1,1,1785538917
2026-07-31T23:33:45Z,132,11,3,3,0,1,1,1,1,1785539724
2026-07-31T23:33:45Z,134,13,0,5,5,0,1,1,1,1785540809
2026-07-31T23:33:45Z,135,7,4,9,3,0,1,1,1,1785540724
2026-07-31T23:33:45Z,136,0,0,2,17,4,1,1,1,1785540642
2026-07-31T23:33:45Z,137,8,3,10,1,0,1,1,1,1785540777
2026-07-31T23:33:45Z,138,27,3,10,0,0,1,1,1,1785540743
2026-07-31T23:33:45Z,139,10,5,9,0,0,1,1,1,1785540731
2026-07-31T23:33:45Z,140,5,1,15,3,0,1,1,1,1785540820
2026-07-31T23:33:45Z,141,14,5,22,0,0,1,1,1,1785540634
2026-07-31T23:33:45Z,142,11,0,12,0,0,1,1,1,1785540694
2026-07-31T23:33:45Z,143,16,0,15,0,0,1,1,1,1785540800
2026-07-31T23:33:45Z,144,19,0,7,1,0,1,1,1,1785540536
2026-07-31T23:33:45Z,146,7,0,15,1,0,1,1,1,1785540748
2026-07-31T23:33:45Z,147,2,1,15,2,0,1,1,1,1785540432
2026-07-31T23:33:45Z,148,7,2,18,2,0,1,1,1,1785540803
2026-07-31T23:33:45Z,149,2,0,25,0,0,1,1,1,1785540763
2026-07-31T23:33:45Z,150,8,1,25,2,0,1,1,1,1785540800
2026-07-31T23:33:45Z,151,5,0,18,0,0,1,1,1,1785540511
2026-07-31T23:33:45Z,152,10,1,13,3,0,1,1,1,1785540759
2026-07-31T23:33:45Z,153,10,0,16,2,0,1,1,1,1785540692
2026-07-31T23:33:45Z,154,5,2,15,3,0,1,1,1,1785540788
2026-07-31T23:33:45Z,155,7,3,5,2,0,1,1,1,1785540819
2026-07-31T23:33:45Z,156,6,0,13,0,0,1,1,1,1785540785
2026-07-31T23:33:45Z,157,11,2,14,2,0,1,1,1,1785540807
2026-07-31T23:33:45Z,158,14,1,2,0,0,1,1,1,1785540761
2026-07-31T23:33:45Z,159,5,5,14,0,0,1,1,1,1785540809
2026-07-31T23:33:45Z,160,4,1,15,0,0,1,1,1,1785540074
2026-07-31T23:33:45Z,161,15,1,7,0,0,1,1,1,1785540754
2026-07-31T23:33:45Z,162,11,11,14,2,0,1,1,1,1785540629
2026-07-31T23:33:45Z,163,3,1,27,0,1,1,1,1,1785540767
2026-07-31T23:33:45Z,164,14,1,13,0,0,1,1,1,1785540579
2026-07-31T23:33:45Z,165,30,6,1,0,0,1,1,1,1785540739
2026-07-31T23:33:45Z,166,31,12,5,3,0,1,1,1,1785540821
2026-07-31T23:33:45Z,167,8,0,14,1,0,1,1,1,1785540480
2026-07-31T23:33:45Z,168,22,0,4,1,0,1,1,1,1785540795
2026-07-31T23:33:45Z,169,10,3,11,1,1,1,1,1,1785540703
2026-07-31T23:33:45Z,170,2,0,16,1,0,1,1,1,1785540498
2026-07-31T23:33:45Z,171,4,2,7,2,0,1,1,1,1785540528
2026-07-31T23:33:45Z,173,16,1,23,0,0,1,1,1,1785540663
2026-07-31T23:33:45Z,174,1,0,25,0,0,1,1,1,1785540680
2026-07-31T23:33:45Z,175,27,1,2,2,0,1,1,1,1785540528
2026-07-31T23:33:45Z,176,13,3,0,1,1,1,1,1,1785540793
2026-07-31T23:33:45Z,177,7,0,20,0,0,1,1,1,1785540529
2026-07-31T23:33:45Z,178,7,0,5,2,1,1,1,1,1785540819
2026-07-31T23:33:45Z,179,9,2,4,2,0,1,1,1,1785540556
2026-07-31T23:33:45Z,180,3,0,27,0,0,1,1,1,1785540613
2026-07-31T23:33:45Z,181,2,0,13,0,0,1,1,1,1785540678
2026-07-31T23:33:45Z,182,2,0,14,1,0,1,1,1,1785540152
2026-07-31T23:33:45Z,183,3,1,20,0,0,1,1,1,1785540781
2026-07-31T23:33:45Z,184,2,1,18,3,0,1,1,1,1785540685
2026-07-31T23:33:45Z,185,3,3,8,3,1,1,1,1,1785539993
2026-07-31T23:33:45Z,186,12,0,7,0,0,1,1,1,1785540775
2026-07-31T23:33:45Z,187,6,1,21,1,0,1,1,1,1785540756
2026-07-31T23:33:45Z,188,9,2,10,8,0,1,1,1,1785540748
2026-07-31T23:33:45Z,189,10,4,5,0,0,1,1,1,1785540632
2026-07-31T23:33:45Z,190,2,0,20,1,0,1,1,1,1785540134
2026-07-31T23:33:45Z,191,1,1,37,1,0,1,1,1,1785540552
2026-07-31T23:33:45Z,192,3,2,27,1,0,1,1,1,1785540375
2026-07-31T23:33:45Z,193,12,8,0,3,0,1,1,1,1785540526
2026-07-31T23:33:45Z,194,6,4,21,0,0,1,1,1,1785540407
2026-07-31T23:33:45Z,195,4,1,15,0,0,1,1,1,1785540754
2026-07-31T23:33:45Z,196,6,4,19,2,0,1,1,1,1785540812
2026-07-31T23:33:45Z,197,0,0,18,0,1,1,1,1,1785540560
2026-07-31T23:33:45Z,198,9,4,12,2,0,1,1,1,1785540808
2026-07-31T23:33:45Z,199,9,8,5,1,0,1,1,1,1785540817
2026-07-31T23:33:45Z,200,3,0,22,1,0,1,1,1,1785540528
2026-07-31T23:33:45Z,201,5,5,18,0,0,1,1,1,1785540696
2026-07-31T23:33:45Z,202,27,2,0,0,0,1,1,1,1785538983
2026-07-31T23:33:45Z,203,25,0,4,2,0,1,1,1,1785540702
2026-07-31T23:33:45Z,204,11,1,23,1,0,1,1,1,1785540802
2026-07-31T23:33:45Z,205,8,2,18,1,0,1,1,1,1785539399
2026-07-31T23:33:45Z,206,7,7,6,2,0,1,1,1,1785540661
2026-07-31T23:33:45Z,207,18,2,2,1,0,1,1,1,1785540813
2026-07-31T23:33:45Z,208,5,1,24,0,0,1,1,1,1785540432
2026-07-31T23:33:45Z,209,22,1,8,1,0,1,1,1,1785540821
2026-07-31T23:33:45Z,210,9,7,17,1,0,1,1,1,1785540650
2026-07-31T23:33:45Z,211,16,0,6,1,0,1,1,1,1785540234
2026-07-31T23:33:45Z,212,20,4,14,1,0,1,1,1,1785540813
2026-07-31T23:33:45Z,213,10,5,11,2,0,1,1,1,1785540807
2026-07-31T23:33:45Z,214,36,8,9,2,0,1,1,1,1785540817
2026-07-31T23:33:45Z,215,0,0,22,1,0,1,1,1,1785540657
2026-07-31T23:33:45Z,216,2,1,15,2,0,1,1,1,1785540681
2026-07-31T23:33:45Z,217,28,2,0,1,0,1,1,1,1785540771
2026-07-31T23:33:45Z,218,31,17,6,2,0,1,1,1,1785540815
2026-07-31T23:33:45Z,219,22,0,3,1,0,1,1,1,1785540693
2026-07-31T23:33:45Z,220,25,14,16,1,1,1,1,1,1785540778
2026-07-31T23:33:45Z,221,10,8,4,1,0,1,1,1,1785540820
2026-07-31T23:33:45Z,222,17,8,2,0,0,1,1,1,1785540614
2026-07-31T23:33:45Z,223,0,0,32,3,0,1,1,1,1785540700
2026-07-31T23:33:45Z,224,10,9,11,1,0,1,1,1,1785540406
2026-07-31T23:33:45Z,225,1,0,15,3,0,1,1,1,1785540817
2026-07-31T23:33:45Z,226,27,9,2,2,0,1,1,1,1785540646
2026-07-31T23:33:45Z,227,3,2,23,1,0,1,1,1,1785540638
2026-07-31T23:33:45Z,228,1,1,17,1,0,1,1,1,1785540480
2026-07-31T23:33:45Z,230,3,1,23,0,0,1,1,1,1785540709
2026-07-31T23:33:45Z,232,8,1,8,1,0,1,1,1,1785540107
2026-07-31T23:33:45Z,233,22,9,8,1,0,1,1,1,1785540784
2026-07-31T23:33:45Z,234,12,10,1,4,2,1,1,1,1785540301
2026-07-31T23:33:45Z,236,9,4,8,2,0,1,1,1,1785540748
2026-07-31T23:33:45Z,237,2,0,20,1,0,1,1,1,1785540764
2026-07-31T23:33:45Z,239,18,9,8,1,0,1,1,1,1785540809
2026-07-31T23:33:45Z,241,1,0,20,2,0,1,1,1,1785540340
2026-07-31T23:33:45Z,242,7,2,15,1,0,1,1,1,1785540656
2026-07-31T23:33:45Z,243,18,13,12,1,0,1,1,1,1785540817
2026-07-31T23:33:45Z,244,17,1,9,1,0,1,1,1,1785540658
2026-07-31T23:33:45Z,245,2,1,21,0,0,1,1,1,1785540526
2026-07-31T23:33:45Z,246,1,1,21,1,0,1,1,1,1785540630
2026-07-31T23:33:45Z,247,7,6,15,1,0,1,1,1,1785540689
2026-07-31T23:33:45Z,248,6,5,14,3,0,1,1,1,1785540626
2026-07-31T23:33:45Z,249,8,8,11,0,0,1,1,1,1785540753
2026-07-31T23:33:45Z,250,0,0,24,3,0,1,1,1,1785540512
2026-07-31T23:33:45Z,251,13,11,9,5,0,1,1,1,1785540797
2026-07-31T23:33:45Z,253,3,1,16,0,0,1,1,1,1785540578
2026-07-31T23:33:45Z,254,3,2,39,1,0,1,1,1,1785540512
2026-07-31T23:33:45Z,255,5,1,17,0,1,1,1,1,1785540794
2026-07-31T23:33:45Z,256,5,2,17,1,0,1,1,1,1785540810
2026-07-31T23:33:45Z,257,7,2,12,0,0,1,1,1,1785540684
2026-07-31T23:33:45Z,258,8,6,9,2,0,1,1,1,1785540339
2026-07-31T23:33:45Z,259,7,0,15,0,1,1,1,1,1785540595
2026-07-31T23:33:45Z,260,9,9,8,2,0,1,1,1,1785540722
2026-07-31T23:33:45Z,261,1,0,16,1,1,1,1,1,1785540795
2026-07-31T23:33:45Z,262,0,0,22,1,0,1,1,1,1785540811
2026-07-31T23:33:45Z,263,12,9,2,1,0,1,1,1,1785540425
2026-07-31T23:33:45Z,264,1,1,18,0,0,1,1,1,1785540119
2026-07-31T23:33:45Z,265,8,0,7,0,0,1,1,1,1785540756
2026-07-31T23:33:45Z,266,9,7,7,3,0,1,1,1,1785540723
2026-07-31T23:33:45Z,267,6,1,7,2,0,1,1,1,1785540610
2026-07-31T23:33:45Z,268,19,8,3,1,0,1,1,1,1785540751
2026-07-31T23:33:45Z,269,5,2,18,0,0,1,1,1,1785540557
2026-07-31T23:33:45Z,270,11,1,14,2,0,1,1,1,1785540734
2026-07-31T23:33:45Z,271,0,0,17,2,0,1,1,1,1785540354
2026-07-31T23:33:45Z,272,3,3,19,1,0,1,1,1,1785540413
2026-07-31T23:33:45Z,273,2,1,13,0,0,1,1,1,1785539650
2026-07-31T23:33:45Z,274,3,1,15,1,0,1,1,1,1785540581
2026-07-31T23:33:45Z,275,2,0,17,4,0,1,1,1,1785540701
2026-07-31T23:33:45Z,276,0,0,27,0,0,1,1,1,1785540485
2026-07-31T23:33:45Z,277,1,0,18,4,0,1,1,1,1785540716
2026-07-31T23:33:45Z,278,5,1,24,2,0,1,1,1,1785540688
2026-07-31T23:33:45Z,279,2,0,17,0,0,1,1,1,1785540667
2026-07-31T23:33:45Z,280,1,1,28,2,0,1,1,1,1785540529
2026-07-31T23:33:45Z,281,10,0,9,0,0,1,1,1,1785539893
2026-07-31T23:33:45Z,282,11,2,7,0,0,1,1,1,1785540196
2026-07-31T23:33:45Z,283,18,3,16,1,0,1,1,1,1785540727
2026-07-31T23:33:45Z,284,23,1,9,3,0,1,1,1,1785540621
2026-07-31T23:33:45Z,285,0,0,21,2,0,1,1,1,1785540088
2026-07-31T23:33:45Z,286,7,4,16,0,0,1,1,1,1785540662
2026-07-31T23:33:45Z,287,11,1,9,3,0,1,1,1,1785540479
2026-07-31T23:33:45Z,288,6,3,13,0,0,1,1,1,1785540434
2026-07-31T23:33:45Z,289,10,7,13,4,0,1,1,1,1785540782
2026-07-31T23:33:45Z,290,15,1,23,1,0,1,1,1,1785540717
2026-07-31T23:33:45Z,291,0,0,22,1,0,1,1,1,1785540301
2026-07-31T23:33:45Z,292,3,2,20,0,0,1,1,1,1785540153
2026-07-31T23:33:45Z,293,1,1,22,0,0,1,1,1,1785540770
2026-07-31T23:33:45Z,294,7,4,12,3,0,1,1,1,1785540817
2026-07-31T23:33:45Z,297,10,0,8,0,1,1,1,1,1785540793
2026-07-31T23:33:45Z,301,17,2,2,0,0,1,1,1,1785540743
2026-07-31T23:33:45Z,302,21,1,2,0,0,1,1,1,1785540413
2026-07-31T23:33:45Z,303,0,0,19,0,0,1,1,1,1785539604
2026-07-31T23:33:45Z,304,0,0,0,0,0,0,1,1,86400
2026-07-31T23:33:45Z,305,3,0,15,1,0,1,1,1,1785540813
2026-07-31T23:33:45Z,306,10,0,21,1,0,1,1,1,1785540679
2026-07-31T23:33:45Z,307,10,2,13,0,0,1,1,1,1785540653
2026-07-31T23:33:45Z,308,17,2,0,2,0,1,1,1,1785539748
2026-07-31T23:33:45Z,309,7,0,7,0,0,1,1,1,1785540378
2026-07-31T23:33:45Z,311,12,1,3,0,0,1,1,1,1785540489
2026-07-31T23:33:45Z,312,5,5,15,3,0,1,1,1,1785540604
2026-07-31T23:33:45Z,313,1,0,14,0,0,1,1,1,1785538550
2026-07-31T23:33:45Z,314,8,1,9,2,0,1,1,1,1785540707
2026-07-31T23:33:45Z,315,10,9,18,3,0,1,1,1,1785540818
2026-07-31T23:33:45Z,316,7,2,17,6,1,1,1,1,1785540568
2026-07-31T23:33:45Z,317,20,11,10,0,1,1,1,1,1785540798
2026-07-31T23:33:45Z,318,19,4,0,0,0,1,1,1,1785540544
2026-07-31T23:33:45Z,319,6,2,15,2,0,1,1,1,1785540721
2026-07-31T23:33:45Z,320,4,0,14,1,0,1,1,1,1785540713
2026-07-31T23:33:45Z,321,2,0,13,4,0,1,1,1,1785540542
2026-07-31T23:33:45Z,322,19,0,10,0,0,1,1,1,1785540419
2026-07-31T23:33:45Z,323,7,1,10,2,0,1,1,1,1785540605
2026-07-31T23:33:45Z,324,19,2,7,1,0,1,1,1,1785540810
2026-07-31T23:33:45Z,325,2,1,23,2,0,1,1,1,1785539594
2026-07-31T23:33:45Z,327,23,1,2,2,0,1,1,1,1785540663
2026-07-31T23:33:45Z,328,17,0,4,1,0,1,1,1,1785540240
2026-07-31T23:33:45Z,329,9,1,7,3,0,1,1,1,1785539860
2026-07-31T23:33:45Z,330,20,0,1,1,0,1,1,1,1785540588
2026-07-31T23:33:45Z,331,12,0,10,1,0,1,1,1,1785540700
2026-07-31T23:33:45Z,332,2,1,14,3,0,1,1,1,1785539711
2026-07-31T23:33:45Z,333,1,1,20,2,0,1,1,1,1785540751
2026-07-31T23:33:45Z,334,4,0,18,1,0,1,1,1,1785540730
2026-07-31T23:33:45Z,335,3,3,19,0,1,1,1,1,1785540669
2026-07-31T23:33:45Z,336,0,0,19,0,0,1,1,1,1785540486
2026-07-31T23:33:45Z,337,2,2,17,4,0,1,1,1,1785540783
2026-07-31T23:33:45Z,338,3,2,16,0,0,1,1,1,1785539850
2026-07-31T23:33:45Z,339,6,2,15,2,0,1,1,1,1785540750
2026-07-31T23:33:45Z,340,4,3,10,1,0,1,1,1,1785539929
2026-07-31T23:33:45Z,341,5,2,14,0,0,1,1,1,1785540791
2026-07-31T23:33:45Z,342,2,0,13,0,0,1,1,1,1785540751
2026-07-31T23:33:45Z,343,1,1,21,1,0,1,1,1,1785540259
2026-07-31T23:33:45Z,344,3,1,19,1,0,1,1,1,1785540388
2026-07-31T23:33:45Z,345,16,4,3,0,0,1,1,1,1785540546
2026-07-31T23:33:45Z,346,2,1,21,0,0,1,1,1,1785540405
2026-07-31T23:33:45Z,347,16,1,24,4,0,1,1,1,1785540814
2026-07-31T23:33:45Z,348,9,0,11,2,1,1,1,1,1785540741
2026-07-31T23:33:45Z,349,9,3,10,0,0,1,1,1,1785540794
2026-07-31T23:33:45Z,350,2,0,22,2,1,1,1,1,1785540591
2026-07-31T23:33:45Z,351,11,2,10,2,0,1,1,1,1785540710
2026-07-31T23:33:45Z,355,9,1,14,0,0,1,1,1,1785539853
2026-07-31T23:33:45Z,356,0,0,19,0,0,1,1,1,1785539768
2026-07-31T23:33:45Z,357,4,2,15,0,0,1,1,1,1785540577
2026-07-31T23:33:45Z,358,23,2,3,1,0,1,1,1,1785540733
2026-07-31T23:33:45Z,359,10,1,17,0,0,1,1,1,1785540065
2026-07-31T23:33:45Z,360,3,1,16,0,0,1,1,1,1785539351
2026-07-31T23:33:45Z,362,3,2,13,3,0,1,1,1,1785540505
2026-07-31T23:33:45Z,363,22,0,5,0,0,1,1,1,1785540344
2026-07-31T23:33:45Z,364,0,0,18,1,0,1,1,1,1785540678
2026-07-31T23:33:45Z,365,1,1,19,3,0,1,1,1,1785540500
2026-07-31T23:33:45Z,366,7,5,15,1,0,1,1,1,1785540677
2026-07-31T23:33:45Z,367,3,3,14,2,0,1,1,1,1785540744
2026-07-31T23:33:45Z,368,2,2,20,1,0,1,1,1,1785540248
2026-07-31T23:33:45Z,370,3,1,24,0,0,1,1,1,1785540777
2026-07-31T23:33:45Z,371,2,1,16,1,0,1,1,1,1785540708
2026-07-31T23:33:45Z,372,11,0,4,0,0,1,1,1,1785540784
2026-07-31T23:33:45Z,373,2,0,24,1,0,1,1,1,1785540359
2026-07-31T23:33:45Z,374,9,5,9,1,0,1,1,1,1785540572
2026-07-31T23:33:45Z,375,3,0,23,1,0,1,1,1,1785540778
2026-07-31T23:33:45Z,376,0,0,38,1,0,1,1,1,1785540377
2026-07-31T23:33:45Z,377,0,0,24,3,0,1,1,1,1785540801
2026-07-31T23:33:45Z,378,1,0,22,0,1,1,1,1,1785540664
2026-07-31T23:33:45Z,379,24,0,1,2,0,1,1,1,1785540611
2026-07-31T23:33:45Z,380,3,1,19,1,0,1,1,1,1785540809
2026-07-31T23:33:45Z,381,8,0,15,0,0,1,1,1,1785540756
2026-07-31T23:33:45Z,383,3,1,10,2,0,1,1,1,1785540416
2026-07-31T23:33:45Z,384,1,0,23,3,0,1,1,1,1785538397
2026-07-31T23:33:45Z,385,0,0,17,1,0,1,1,1,1785540743
2026-07-31T23:33:45Z,387,1,0,22,0,0,1,1,1,1785540207
2026-07-31T23:33:45Z,388,35,2,9,5,0,1,1,1,1785540617
2026-07-31T23:33:45Z,389,8,3,6,1,0,1,1,1,1785540211
2026-07-31T23:33:45Z,390,15,3,20,0,0,1,1,1,1785540695
2026-07-31T23:33:45Z,391,5,3,10,0,0,1,1,1,1785539218
2026-07-31T23:33:45Z,392,2,2,15,2,0,1,1,1,1785540662
2026-07-31T23:33:45Z,393,3,1,5,3,0,1,1,1,1785540151
2026-07-31T23:33:45Z,394,5,3,6,2,0,1,1,1,1785540654
2026-07-31T23:33:45Z,396,4,2,38,0,0,1,1,1,1785540695
2026-07-31T23:33:45Z,397,7,7,24,0,0,1,1,1,1785540670
2026-07-31T23:33:45Z,399,4,1,11,2,0,1,1,1,1785540669
2026-07-31T23:33:45Z,400,16,9,5,2,0,1,1,1,1785540196
2026-07-31T23:33:45Z,401,1,0,30,8,0,1,1,1,1785540604
2026-07-31T23:33:45Z,403,18,6,9,4,0,1,1,1,1785540524
2026-07-31T23:33:45Z,404,3,2,19,1,0,1,1,1,1785540615
2026-07-31T23:33:45Z,406,22,3,11,2,0,1,1,1,1785540635
2026-07-31T23:33:45Z,407,17,3,16,1,0,1,1,1,1785540816
2026-07-31T23:33:45Z,408,5,2,25,3,0,1,1,1,1785540818
2026-07-31T23:33:45Z,409,7,0,11,5,0,1,1,1,1785540246
2026-07-31T23:33:45Z,413,10,4,12,1,0,1,1,1,1785539883
2026-07-31T23:33:45Z,414,12,0,3,0,0,1,1,1,1785539905
2026-07-31T23:33:45Z,417,2,2,17,0,0,1,1,1,1785540759
2026-07-31T23:33:45Z,418,2,2,13,0,0,1,1,1,1785537921
2026-07-31T23:33:45Z,419,13,1,10,0,0,1,1,1,1785540686
2026-07-31T23:33:45Z,421,15,0,4,0,0,1,1,1,1785540641
2026-07-31T23:33:45Z,422,13,2,14,0,0,1,1,1,1785540448
2026-07-31T23:33:45Z,423,2,0,21,0,0,1,1,1,1785538595
2026-07-31T23:33:45Z,424,2,1,10,3,0,1,1,1,1785540450
2026-07-31T23:33:45Z,425,17,1,4,0,1,1,1,1,1785540001
2026-07-31T23:33:45Z,426,2,0,33,2,0,1,1,1,1785540067
2026-07-31T23:33:45Z,427,10,2,3,2,0,1,1,1,1785540717
2026-07-31T23:33:45Z,428,16,0,2,1,0,1,1,1,1785540753
2026-07-31T23:33:45Z,429,1,0,21,1,0,1,1,1,1785540791
2026-07-31T23:33:45Z,430,9,0,21,1,0,1,1,1,1785540720
2026-07-31T23:33:45Z,431,1,1,31,1,0,1,1,1,1785540352
2026-07-31T23:33:45Z,432,0,0,30,1,0,0,1,1,1785508564
2026-07-31T23:33:45Z,433,9,1,10,4,0,1,1,1,1785540176
2026-07-31T23:33:45Z,437,4,0,11,4,0,1,1,1,1785540731
2026-07-31T23:33:45Z,438,3,1,15,1,0,1,1,1,1785540587
2026-07-31T23:33:45Z,439,10,5,5,0,0,1,1,1,1785540673
2026-07-31T23:33:45Z,440,9,2,6,0,0,1,1,1,1785540758
2026-07-31T23:33:45Z,441,3,1,9,3,0,1,1,1,1785540070
2026-07-31T23:33:45Z,442,8,1,9,2,0,1,1,1,1785540639
2026-07-31T23:33:45Z,443,6,2,21,0,0,1,1,1,1785537918
2026-07-31T23:33:45Z,444,2,1,21,0,0,1,1,1,1785540370
2026-07-31T23:33:45Z,445,6,2,16,1,0,1,1,1,1785540820
2026-07-31T23:33:45Z,446,0,0,23,0,0,1,1,1,1785539316
2026-07-31T23:33:45Z,447,4,0,17,1,1,1,1,1,1785538957
2026-07-31T23:33:45Z,448,7,0,7,1,0,1,1,1,1785539001
2026-07-31T23:33:45Z,452,4,3,14,1,0,1,1,1,1785540371
2026-07-31T23:33:45Z,453,3,0,7,5,0,1,1,1,1785540812
2026-07-31T23:33:45Z,454,7,0,12,0,0,1,1,1,1785540606
2026-07-31T23:33:45Z,455,21,3,18,0,0,1,1,1,1785540364
2026-07-31T23:33:45Z,456,1,0,18,1,0,1,1,1,1785540794
2026-07-31T23:33:45Z,457,1,1,24,2,0,1,1,1,1785540522
2026-07-31T23:33:45Z,458,9,2,12,2,0,1,1,1,1785540802
2026-07-31T23:33:45Z,459,12,0,3,0,0,1,1,1,1785539614
2026-07-31T23:33:45Z,460,13,0,10,0,0,1,1,1,1785540702
2026-07-31T23:33:45Z,461,7,0,11,1,0,1,1,1,1785540229
2026-07-31T23:33:45Z,462,20,1,1,0,0,1,1,1,1785540805
2026-07-31T23:33:45Z,463,7,0,12,0,0,1,1,1,1785537831
2026-07-31T23:33:45Z,464,8,0,6,0,0,1,1,1,1785540563
2026-07-31T23:33:45Z,465,2,2,13,0,0,1,1,1,1785540312
2026-07-31T23:33:45Z,466,10,4,0,5,0,1,1,1,1785540786
2026-07-31T23:33:45Z,467,2,0,17,0,0,1,1,1,1785540657
2026-07-31T23:33:45Z,468,3,0,15,1,0,1,1,1,1785540114
2026-07-31T23:33:45Z,469,10,0,11,2,0,1,1,1,1785540667
2026-07-31T23:33:45Z,470,1,0,12,2,0,1,1,1,1785540558
2026-07-31T23:33:45Z,471,21,1,6,0,0,1,1,1,1785539859
2026-07-31T23:33:45Z,472,8,6,10,1,0,1,1,1,1785540771
2026-07-31T23:33:45Z,473,6,0,13,0,0,1,1,1,1785540318
2026-07-31T23:33:45Z,474,6,0,11,2,0,1,1,1,1785540076
2026-07-31T23:33:45Z,475,1,0,17,1,0,1,1,1,1785539805
2026-07-31T23:33:45Z,477,1,0,14,0,0,1,1,1,1785540794
2026-07-31T23:33:45Z,478,28,0,3,0,0,1,1,1,1785540707
2026-07-31T23:33:45Z,479,3,0,22,2,0,1,1,1,1785540215
2026-07-31T23:33:45Z,480,5,1,9,1,0,1,1,1,1785538872
2026-07-31T23:33:45Z,481,12,1,22,1,0,1,1,1,1785540809
2026-07-31T23:33:45Z,482,1,1,16,2,0,1,1,1,1785540397
2026-07-31T23:33:45Z,483,9,0,16,2,0,1,1,1,1785540579
2026-07-31T23:33:45Z,484,3,0,15,1,0,1,1,1,1785540743
2026-07-31T23:33:45Z,485,14,5,4,0,1,1,1,1,1785540613
2026-07-31T23:33:45Z,486,4,0,21,2,0,1,1,1,1785540800
2026-07-31T23:33:45Z,487,9,6,8,2,0,1,1,1,1785540381
2026-07-31T23:33:45Z,489,1,0,14,0,0,1,1,1,1785540292
2026-07-31T23:33:45Z,490,13,1,3,0,0,1,1,1,1785540654
2026-07-31T23:33:45Z,491,8,2,12,1,0,1,1,1,1785540197
2026-07-31T23:33:45Z,492,3,1,5,3,0,1,1,1,1785540817
2026-07-31T23:33:45Z,493,19,0,8,0,0,1,1,1,1785539181
2026-07-31T23:33:45Z,495,11,0,3,1,0,1,1,1,1785540552
2026-07-31T23:33:45Z,496,9,0,18,0,0,1,1,1,1785540612
2026-07-31T23:33:45Z,497,2,2,16,0,0,1,1,1,1785540635
2026-07-31T23:33:45Z,498,1,0,20,2,0,1,1,1,1785540814
2026-07-31T23:33:45Z,499,6,0,12,1,0,1,1,1,1785540714
2026-07-31T23:33:45Z,500,0,0,12,3,0,1,1,1,1785539944
2026-07-31T23:33:45Z,501,8,0,12,1,0,1,1,1,1785540352
2026-07-31T23:33:45Z,502,2,0,15,2,0,1,1,1,1785540478
2026-07-31T23:33:45Z,503,6,0,24,1,0,1,1,1,1785540581
2026-07-31T23:33:45Z,504,0,0,37,2,0,1,1,1,1785540401
2026-07-31T23:33:45Z,505,8,1,3,1,0,1,1,1,1785540807
2026-07-31T23:33:45Z,511,1,1,21,1,0,1,1,1,1785539414
2026-07-31T23:33:45Z,512,15,0,12,0,0,1,1,1,1785539770
2026-07-31T23:33:45Z,514,2,1,8,1,0,1,1,1,1785540167
2026-07-31T23:33:45Z,515,8,3,11,0,0,1,1,1,1785538616
2026-07-31T23:33:45Z,516,17,0,10,0,0,1,1,1,1785540527
2026-07-31T23:33:45Z,517,4,0,19,0,0,1,1,1,1785540436
2026-07-31T23:33:45Z,518,6,0,8,1,0,1,1,1,1785539094
2026-07-31T23:33:45Z,519,5,4,13,1,0,1,1,1,1785538253
2026-07-31T23:33:45Z,520,20,6,2,4,1,1,1,1,1785540821
2026-07-31T23:33:45Z,521,6,3,17,0,0,1,1,1,1785539641
2026-07-31T23:33:45Z,522,19,1,2,2,0,1,1,1,1785540719
2026-07-31T23:33:45Z,523,11,5,9,3,0,1,1,1,1785540733
2026-07-31T23:33:45Z,524,21,0,2,0,0,1,1,1,1785540659
2026-07-31T23:33:45Z,525,13,1,6,0,0,1,1,1,1785540100
2026-07-31T23:33:45Z,526,6,3,9,0,0,1,1,1,1785540450
2026-07-31T23:33:45Z,527,12,12,13,1,0,1,1,1,1785540659
2026-07-31T23:33:45Z,528,16,3,6,1,0,1,1,1,1785540805
2026-07-31T23:33:45Z,529,8,5,5,6,0,1,1,1,1785540820
2026-07-31T23:33:45Z,530,15,0,3,3,0,1,1,1,1785540720
2026-07-31T23:33:45Z,531,21,1,1,0,1,1,1,1,1785539575
2026-07-31T23:33:45Z,532,12,2,17,2,0,1,1,1,1785540797
2026-07-31T23:33:45Z,533,12,0,6,1,0,1,1,1,1785540654
2026-07-31T23:33:45Z,534,7,2,16,0,0,1,1,1,1785540483
2026-07-31T23:33:45Z,535,2,0,13,0,0,1,1,1,1785539846
2026-07-31T23:33:45Z,536,14,0,9,0,0,1,1,1,1785540592
2026-07-31T23:33:45Z,537,0,0,20,0,0,1,1,1,1785538365
2026-07-31T23:33:45Z,538,13,1,9,0,1,1,1,1,1785540774
2026-07-31T23:33:45Z,539,21,0,9,1,0,1,1,1,1785540629
2026-07-31T23:33:45Z,540,1,0,18,0,0,1,1,1,1785539973
2026-07-31T23:33:45Z,541,4,0,23,0,0,1,1,1,1785540634
2026-07-31T23:33:45Z,542,1,0,22,0,0,1,1,1,1785540819
2026-07-31T23:33:45Z,543,3,2,16,0,0,1,1,1,1785540762
2026-07-31T23:33:45Z,544,2,1,16,4,0,1,1,1,1785540272
2026-07-31T23:33:45Z,545,14,1,1,4,0,1,1,1,1785540737
2026-07-31T23:33:45Z,546,3,1,16,0,0,1,1,1,1785540496
2026-07-31T23:33:45Z,547,10,2,14,1,0,1,1,1,1785539514
2026-07-31T23:33:45Z,548,14,1,9,0,0,1,1,1,1785540532
2026-07-31T23:33:45Z,549,10,1,13,0,0,1,1,1,1785540653
2026-07-31T23:33:45Z,550,12,9,7,0,0,1,1,1,1785540813
2026-07-31T23:33:45Z,551,2,2,21,0,0,1,1,1,1785540311
2026-07-31T23:33:45Z,552,7,2,20,0,0,1,1,1,1785540558
2026-07-31T23:33:45Z,553,5,1,18,0,0,1,1,1,1785540812
2026-07-31T23:33:45Z,554,0,0,19,0,0,1,1,1,1785540502
2026-07-31T23:33:45Z,555,9,0,5,1,0,1,1,1,1785540434
2026-07-31T23:33:45Z,556,4,0,17,2,0,1,1,1,1785540725
2026-07-31T23:33:45Z,557,2,0,19,2,0,1,1,1,1785540441
2026-07-31T23:33:45Z,558,28,14,8,1,0,1,1,1,1785540810
2026-07-31T23:33:45Z,559,5,0,13,1,0,1,1,1,1785539741
2026-07-31T23:33:45Z,560,12,0,15,0,0,1,1,1,1785540726
2026-07-31T23:33:45Z,561,4,0,16,3,0,1,1,1,1785540508
2026-07-31T23:33:45Z,562,5,1,23,7,0,1,1,1,1785540560
2026-07-31T23:33:45Z,563,4,1,10,0,0,1,1,1,1785540415
2026-07-31T23:33:45Z,564,4,2,12,3,0,1,1,1,1785540643
2026-07-31T23:33:45Z,565,1,0,17,1,0,1,1,1,1785540372
2026-07-31T23:33:45Z,566,11,0,7,1,0,1,1,1,1785540772
2026-07-31T23:33:45Z,567,24,0,0,3,0,1,1,1,1785540600
2026-07-31T23:33:45Z,568,10,0,9,0,0,1,1,1,1785540375
2026-07-31T23:33:45Z,569,12,2,7,0,0,1,1,1,1785540009
2026-07-31T23:33:45Z,570,3,0,16,0,0,1,1,1,1785540787
2026-07-31T23:33:45Z,571,9,0,14,0,0,1,1,1,1785540422
2026-07-31T23:33:45Z,572,1,0,18,0,0,1,1,1,1785540589
2026-07-31T23:33:45Z,573,10,2,5,0,0,1,1,1,1785540619
2026-07-31T23:33:45Z,574,5,3,10,0,0,1,1,1,1785540551
2026-07-31T23:33:45Z,575,0,0,20,1,0,1,1,1,1785540398
2026-07-31T23:33:45Z,576,0,0,19,0,0,1,1,1,1785537344
2026-07-31T23:33:45Z,577,28,0,3,0,0,1,1,1,1785539437
2026-07-31T23:33:45Z,578,0,0,22,1,0,1,1,1,1785540120
2026-07-31T23:33:45Z,579,12,0,31,0,0,1,1,1,1785540793
2026-07-31T23:33:45Z,580,0,0,29,0,0,1,1,1,1785540010
2026-07-31T23:33:45Z,581,12,0,7,0,0,1,1,1,1785540496
2026-07-31T23:33:45Z,582,21,0,38,3,0,1,1,1,1785540801
2026-07-31T23:33:45Z,583,1,0,21,1,0,1,1,1,1785540575
2026-07-31T23:33:45Z,584,3,1,12,4,0,1,1,1,1785540766
2026-07-31T23:33:45Z,585,3,0,22,1,1,1,1,1,1785540511
2026-07-31T23:33:45Z,586,16,1,19,0,0,1,1,1,1785540803
2026-07-31T23:33:45Z,587,11,0,12,1,0,1,1,1,1785540809
2026-07-31T23:33:45Z,588,9,2,7,2,1,1,1,1,1785540555
2026-07-31T23:33:45Z,589,7,5,14,1,0,1,1,1,1785540558
2026-07-31T23:33:45Z,590,16,3,15,0,0,1,1,1,1785540742
2026-07-31T23:33:45Z,591,1,1,27,2,0,1,1,1,1785540464
2026-07-31T23:33:45Z,592,4,1,19,0,0,1,1,1,1785540267
2026-07-31T23:33:45Z,593,14,0,24,0,0,1,1,1,1785540593
2026-07-31T23:33:45Z,594,8,1,10,3,0,1,1,1,1785540679
2026-07-31T23:33:45Z,595,0,0,3,0,0,0,1,1,1784046673
2026-07-31T23:33:45Z,605,0,0,2,1,0,0,1,1,1783975843
2026-07-31T23:33:45Z,606,0,0,0,0,0,0,1,1,86400
2026-07-31T23:33:45Z,607,4,2,25,3,0,1,1,1,1785540714
2026-07-31T23:33:45Z,608,36,1,14,0,0,1,1,1,1785540552
2026-07-31T23:33:45Z,609,3,1,20,0,0,1,1,1,1785540806
2026-07-31T23:33:45Z,610,0,0,35,0,0,1,1,1,1785540687
2026-07-31T23:33:45Z,611,12,1,14,1,0,1,1,1,1785540639
2026-07-31T23:33:45Z,612,8,1,7,0,0,1,1,1,1785540313
2026-07-31T23:33:45Z,613,12,4,0,3,0,1,1,1,1785530289
2026-07-31T23:33:45Z,614,0,0,24,2,1,1,1,1,1785539253
2026-07-31T23:33:45Z,617,12,0,2,1,0,1,1,1,1785539975
2026-07-31T23:33:45Z,618,12,0,1,6,0,1,1,1,1785540570
2026-07-31T23:33:45Z,619,16,8,3,0,0,1,1,1,1785540654
2026-07-31T23:33:45Z,620,10,1,17,0,0,1,1,1,1785540592
2026-07-31T23:33:45Z,621,0,0,23,0,0,1,1,1,1785540818
2026-07-31T23:33:45Z,622,4,1,18,1,0,1,1,1,1785539669
2026-07-31T23:33:45Z,623,18,7,12,0,0,1,1,1,1785540483
2026-07-31T23:33:45Z,624,2,0,13,0,0,1,1,1,1785540388
2026-07-31T23:33:45Z,625,17,3,0,4,0,1,1,1,1785539280
2026-07-31T23:33:45Z,626,39,0,6,0,2,1,1,1,1785540798
2026-07-31T23:33:45Z,627,18,5,1,0,0,1,1,1,1785540698
2026-07-31T23:33:45Z,628,0,0,15,3,1,1,1,1,1785540713
2026-07-31T23:33:45Z,629,3,1,6,2,0,1,1,1,1785540739
2026-07-31T23:33:45Z,630,2,1,21,4,0,1,1,1,1785540789
2026-07-31T23:33:45Z,631,2,2,20,1,0,1,1,1,1785540627
2026-07-31T23:33:45Z,632,15,1,6,2,0,1,1,1,1785540305
2026-07-31T23:33:45Z,633,11,3,1,3,0,1,1,1,1785530006
2026-07-31T23:33:45Z,634,10,1,8,1,0,1,1,1,1785540777
2026-07-31T23:33:45Z,635,18,2,1,0,0,1,1,1,1785540365
2026-07-31T23:33:45Z,636,5,1,9,1,0,1,1,1,1785540643
2026-07-31T23:33:45Z,637,7,3,10,2,0,1,1,1,1785540637
2026-07-31T23:33:45Z,638,6,1,11,2,0,1,1,1,1785540570
2026-07-31T23:33:45Z,639,12,2,5,2,0,1,1,1,1785539600
2026-07-31T23:33:45Z,640,4,4,17,2,0,1,1,1,1785540603
2026-07-31T23:33:45Z,641,18,0,9,0,0,1,1,1,1785540809
2026-07-31T23:33:45Z,642,6,3,5,8,0,1,1,1,1785540817
2026-07-31T23:33:45Z,643,2,1,17,8,0,1,1,1,1785540817
2026-07-31T23:33:45Z,644,13,1,1,1,0,1,1,1,1785533615
2026-07-31T23:33:45Z,645,18,1,2,3,0,1,1,1,1785539047
2026-07-31T23:33:45Z,646,3,1,16,0,0,1,1,1,1785539353
2026-07-31T23:33:45Z,647,1,0,30,0,0,1,1,1,1785540446
2026-07-31T23:33:45Z,648,0,0,18,1,0,1,1,1,1785540303
2026-07-31T23:33:45Z,649,17,1,12,2,0,1,1,1,1785540359
2026-07-31T23:33:45Z,650,6,1,8,0,0,1,1,1,1785539174
2026-07-31T23:33:45Z,651,6,4,16,1,0,1,1,1,1785539716
2026-07-31T23:33:45Z,652,2,2,17,4,0,1,1,1,1785540664
2026-07-31T23:33:45Z,653,1,0,17,1,0,1,1,1,1785540815
2026-07-31T23:33:45Z,654,4,1,11,0,0,1,1,1,1785540379
2026-07-31T23:33:45Z,655,8,4,0,4,1,1,1,1,1785540507
2026-07-31T23:33:45Z,656,4,3,15,0,0,1,1,1,1785540395
2026-07-31T23:33:45Z,657,8,4,5,2,2,1,1,1,1785540545
2026-07-31T23:33:45Z,658,9,1,1,0,0,1,1,1,1785537787
2026-07-31T23:33:45Z,659,8,6,5,2,0,1,1,1,1785539517
2026-07-31T23:33:45Z,660,12,3,14,5,0,1,1,1,1785540572
2026-07-31T23:33:45Z,661,11,1,8,0,0,1,1,1,1785540205
2026-07-31T23:33:45Z,662,4,2,14,5,0,1,1,1,1785540224
2026-07-31T23:33:45Z,663,3,0,12,0,0,1,1,1,1785540406
2026-07-31T23:33:45Z,664,8,1,18,1,0,1,1,1,1785540707
2026-07-31T23:33:45Z,665,9,5,5,1,0,1,1,1,1785539878
2026-07-31T23:33:45Z,666,10,3,3,2,0,1,1,1,1785540293
2026-07-31T23:33:45Z,667,6,1,12,1,0,1,1,1,1785540764
2026-07-31T23:33:45Z,668,15,1,4,0,0,1,1,1,1785540746
2026-07-31T23:33:45Z,669,9,3,3,2,0,1,1,1,1785540783
2026-07-31T23:33:45Z,670,16,0,9,2,0,1,1,1,1785540571
2026-07-31T23:33:45Z,671,27,0,0,0,0,1,1,1,1785540752
2026-07-31T23:33:45Z,672,3,0,17,2,1,1,1,1,1785539272
2026-07-31T23:33:45Z,673,18,1,4,1,0,1,1,1,1785540785
2026-07-31T23:33:45Z,674,1,0,20,2,0,1,1,1,1785540724
2026-07-31T23:33:45Z,675,6,1,7,2,0,1,1,1,1785540598
2026-07-31T23:33:45Z,676,6,0,14,2,0,1,1,1,1785538653
2026-07-31T23:33:45Z,681,10,7,4,0,1,1,1,1,1785540759
2026-07-31T23:33:45Z,682,6,1,13,0,0,1,1,1,1785538950
2026-07-31T23:33:45Z,683,1,1,18,0,0,1,1,1,1785527602
2026-07-31T23:33:45Z,684,3,0,24,0,0,1,1,1,1785540780
2026-07-31T23:33:45Z,685,8,0,17,1,1,1,1,1,1785539631
2026-07-31T23:33:45Z,686,11,0,13,3,0,1,1,1,1785540591
2026-07-31T23:33:45Z,687,13,1,16,1,1,1,1,1,1785540618
2026-07-31T23:33:45Z,688,9,1,10,0,0,1,1,1,1785537082
2026-07-31T23:33:45Z,692,0,0,21,0,0,1,1,1,1785540260
2026-07-31T23:33:45Z,693,6,0,2,3,0,1,1,1,1785539685
2026-07-31T23:33:45Z,694,9,4,12,0,0,1,1,1,1785539562
2026-07-31T23:33:45Z,695,4,2,18,1,0,1,1,1,1785539984
2026-07-31T23:33:45Z,696,22,13,0,1,0,1,1,1,1785539866
2026-07-31T23:33:45Z,697,20,5,2,1,0,1,1,1,1785540709
2026-07-31T23:33:45Z,698,22,4,5,0,0,1,1,1,1785540814
2026-07-31T23:33:45Z,699,5,0,9,1,0,1,1,1,1785540081
2026-07-31T23:33:45Z,700,17,1,2,0,0,1,1,1,1785540667
2026-07-31T23:33:45Z,701,16,2,2,1,0,1,1,1,1785540613
2026-07-31T23:33:45Z,702,0,0,22,1,0,1,1,1,1785540280
2026-07-31T23:33:45Z,704,4,0,10,1,0,1,1,1,1785539764
2026-07-31T23:33:45Z,705,2,0,13,0,0,1,1,1,1785540329
2026-07-31T23:33:45Z,706,4,1,9,2,0,1,1,1,1785539642
2026-07-31T23:33:45Z,707,7,1,8,0,0,1,1,1,1785540404
2026-07-31T23:33:45Z,708,18,4,1,0,0,1,1,1,1785540536
2026-07-31T23:33:45Z,709,5,0,8,2,0,1,1,1,1785540325
2026-07-31T23:33:45Z,710,1,0,17,1,0,1,1,1,1785540635
2026-07-31T23:33:45Z,711,12,1,8,3,0,1,1,1,1785540280
2026-07-31T23:33:45Z,712,5,4,8,2,0,1,1,1,1785540551
2026-07-31T23:33:45Z,713,7,4,16,0,0,1,1,1,1785540821
2026-07-31T23:33:45Z,716,4,3,11,0,0,1,1,1,1785539994
2026-07-31T23:33:45Z,717,2,1,21,2,0,1,1,1,1785540640
2026-07-31T23:33:45Z,718,4,0,10,1,0,1,1,1,1785540566
2026-07-31T23:33:45Z,719,5,0,24,0,0,1,1,1,1785540659
2026-07-31T23:33:45Z,720,0,0,19,0,0,1,1,1,1785540258
2026-07-31T23:33:45Z,721,17,1,4,2,0,1,1,1,1785540566
2026-07-31T23:33:45Z,722,7,1,8,0,0,1,1,1,1785540038
2026-07-31T23:33:45Z,723,14,2,9,0,0,1,1,1,1785540272
2026-07-31T23:33:45Z,724,6,1,16,1,0,1,1,1,1785540664
2026-07-31T23:33:45Z,725,5,1,18,0,0,1,1,1,1785539590
2026-07-31T23:33:45Z,726,6,0,11,2,0,1,1,1,1785540769
2026-07-31T23:33:45Z,727,9,5,13,1,0,1,1,1,1785539306
2026-07-31T23:33:45Z,728,9,0,5,1,0,1,1,1,1785540626
2026-07-31T23:33:45Z,729,4,0,15,0,0,1,1,1,1785540312
2026-07-31T23:33:45Z,730,0,0,12,3,0,1,1,1,1785539346
2026-07-31T23:33:45Z,731,2,2,11,2,0,1,1,1,1785540311
2026-07-31T23:33:45Z,732,4,3,11,0,0,1,1,1,1785540523
2026-07-31T23:33:45Z,733,25,3,2,0,0,1,1,1,1785540815
2026-07-31T23:33:45Z,734,0,0,14,0,0,1,1,1,1785540542
2026-07-31T23:33:45Z,735,20,8,7,0,0,1,1,1,1785540563
2026-07-31T23:33:45Z,736,12,0,7,0,0,1,1,1,1785540741
2026-07-31T23:33:45Z,737,3,1,11,0,1,1,1,1,1785540804
2026-07-31T23:33:45Z,738,13,1,6,0,0,1,1,1,1785540691
2026-07-31T23:33:45Z,739,17,0,9,1,0,1,1,1,1785540522
2026-07-31T23:33:45Z,741,5,0,18,0,0,1,1,1,1785540640
2026-07-31T23:33:45Z,742,12,8,21,2,0,1,1,1,1785540603
2026-07-31T23:33:45Z,743,5,2,14,0,0,1,1,1,1785540520
2026-07-31T23:33:45Z,744,8,3,7,0,0,1,1,1,1785540481
2026-07-31T23:33:45Z,745,11,4,8,0,0,1,1,1,1785540270
2026-07-31T23:33:45Z,746,15,0,8,0,0,1,1,1,1785540740
2026-07-31T23:33:45Z,747,0,0,4,0,0,0,1,1,1783446606
2026-07-31T23:33:45Z,748,7,0,16,0,0,1,1,1,1785540090
2026-07-31T23:33:45Z,749,2,0,21,0,0,1,1,1,1785540374
2026-07-31T23:33:45Z,750,9,7,2,0,0,1,1,1,1785540653
2026-07-31T23:33:45Z,751,9,7,14,0,0,1,1,1,1785540717
2026-07-31T23:33:45Z,752,2,0,14,1,0,1,1,1,1785540612
2026-07-31T23:33:45Z,753,3,0,10,2,0,1,1,1,1785540730
2026-07-31T23:33:45Z,754,4,1,11,0,0,1,1,1,1785539844
2026-07-31T23:33:45Z,755,12,4,9,2,0,1,1,1,1785539893
2026-07-31T23:33:45Z,756,2,2,33,2,0,1,1,1,1785540674
2026-07-31T23:33:45Z,757,6,1,13,0,0,1,1,1,1785540816
2026-07-31T23:33:45Z,758,10,4,13,0,0,1,1,1,1785540805
2026-07-31T23:33:45Z,759,0,0,0,0,0,1,1,1,86400
2026-07-31T23:33:45Z,760,9,2,10,0,0,1,1,1,1785531870
2026-07-31T23:33:45Z,761,5,1,18,0,0,1,1,1,1785540509
2026-07-31T23:33:45Z,762,4,2,6,5,0,1,1,1,1785540356
2026-07-31T23:33:45Z,768,7,0,8,4,0,1,1,1,1785539588
2026-07-31T23:33:45Z,769,14,7,2,3,0,1,1,1,1785540554
2026-07-31T23:33:45Z,770,9,2,8,2,0,1,1,1,1785539073
2026-07-31T23:33:45Z,771,12,1,2,1,0,1,1,1,1785540288
2026-07-31T23:33:45Z,772,0,0,15,0,0,1,1,1,1785540812
2026-07-31T23:33:45Z,773,17,4,2,0,0,1,1,1,1785540749
2026-07-31T23:33:45Z,774,5,1,6,4,0,1,1,1,1785540600
2026-07-31T23:33:45Z,775,4,1,12,2,1,1,1,1,1785539021
2026-07-31T23:33:45Z,776,2,0,18,1,0,1,1,1,1785539296
2026-07-31T23:33:45Z,777,11,0,4,0,0,1,1,1,1785540635
2026-07-31T23:33:45Z,778,13,0,6,0,0,1,1,1,1785540736
2026-07-31T23:33:45Z,779,7,0,11,1,0,1,1,1,1785540534
2026-07-31T23:33:45Z,780,0,0,19,0,0,1,1,1,1785540760
2026-07-31T23:33:45Z,781,4,1,5,2,0,1,1,1,1785539596
2026-07-31T23:33:45Z,782,0,0,15,4,0,1,1,1,1785540529
2026-07-31T23:33:45Z,783,6,3,13,0,0,1,1,1,1785539756
2026-07-31T23:33:45Z,784,9,2,10,0,0,1,1,1,1785539373
2026-07-31T23:33:45Z,785,9,2,4,6,0,1,1,1,1785540039
2026-07-31T23:33:45Z,786,6,3,12,1,0,1,1,1,1785540277
2026-07-31T23:33:45Z,787,5,3,9,1,0,1,1,1,1785539781
2026-07-31T23:33:45Z,788,6,1,9,0,0,1,1,1,1785540333
2026-07-31T23:33:45Z,789,7,2,4,4,0,1,1,1,1785540438
2026-07-31T23:33:45Z,790,4,2,18,1,0,1,1,1,1785539534
2026-07-31T23:33:45Z,791,7,0,11,0,1,1,1,1,1785540605
2026-07-31T23:33:45Z,793,3,0,11,1,0,1,1,1,1785540557
2026-07-31T23:33:45Z,794,2,1,25,2,0,1,1,1,1785540280
2026-07-31T23:33:45Z,796,5,3,13,1,0,1,1,1,1785540463
2026-07-31T23:33:45Z,797,8,1,7,0,0,1,1,1,1785539043
2026-07-31T23:33:45Z,798,17,1,7,1,0,1,1,1,1785540503
2026-07-31T23:33:45Z,799,15,2,0,4,0,1,1,1,1785540426
2026-07-31T23:33:45Z,800,4,2,16,1,0,1,1,1,1785540738
2026-07-31T23:33:45Z,801,2,1,18,1,0,1,1,1,1785540694
2026-07-31T23:33:45Z,802,8,0,23,0,0,1,1,1,1785540716
2026-07-31T23:33:45Z,803,2,0,13,0,0,1,1,1,1785540204
2026-07-31T23:33:45Z,806,6,4,8,1,0,1,1,1,1785540310
2026-07-31T23:33:45Z,807,3,1,20,2,0,1,1,1,1785540679
2026-07-31T23:33:45Z,808,5,1,17,3,0,1,1,1,1785540739
2026-07-31T23:33:45Z,809,4,1,18,1,0,1,1,1,1785540472
2026-07-31T23:33:45Z,810,3,1,14,2,0,1,1,1,1785539021
2026-07-31T23:33:45Z,815,3,2,7,4,1,1,1,1,1785539493
2026-07-31T23:33:45Z,817,11,5,4,0,0,1,1,1,1785540403
2026-07-31T23:33:45Z,818,5,1,17,1,0,1,1,1,1785539293
2026-07-31T23:33:45Z,819,5,3,10,0,0,1,1,1,1785537833
2026-07-31T23:33:45Z,820,11,1,6,0,0,1,1,1,1785540521
2026-07-31T23:33:45Z,821,6,3,9,0,0,1,1,1,1785540530
2026-07-31T23:33:45Z,822,6,1,16,1,0,1,1,1,1785540747
2026-07-31T23:33:45Z,823,15,0,0,0,0,1,1,1,1785540047
2026-07-31T23:33:45Z,824,16,5,3,0,0,1,1,1,1785540778
2026-07-31T23:33:45Z,825,7,6,8,0,0,1,1,1,1785538987
2026-07-31T23:33:45Z,826,8,0,9,2,0,1,1,1,1785539622
2026-07-31T23:33:45Z,827,14,4,5,2,0,1,1,1,1785540404
2026-07-31T23:33:45Z,828,11,0,5,2,0,1,1,1,1785540817
2026-07-31T23:33:45Z,829,19,7,8,0,0,1,1,1,1785539948
2026-07-31T23:33:45Z,830,17,0,5,1,0,1,1,1,1785540016
2026-07-31T23:33:45Z,831,5,3,8,2,0,1,1,1,1785539964
2026-07-31T23:33:45Z,832,7,3,8,3,0,1,1,1,1785540155
2026-07-31T23:33:45Z,833,5,1,13,1,0,1,1,1,1785539900
2026-07-31T23:33:45Z,834,9,0,14,1,0,1,1,1,1785540759
2026-07-31T23:33:45Z,835,5,2,11,2,0,1,1,1,1785540727
2026-07-31T23:33:45Z,838,6,4,8,1,0,1,1,1,1785540720
2026-07-31T23:33:45Z,839,9,0,18,2,0,1,1,1,1785540639
2026-07-31T23:33:45Z,840,2,0,26,1,0,1,1,1,1785540107
2026-07-31T23:33:45Z,841,8,2,7,0,0,1,1,1,1785539946
2026-07-31T23:33:45Z,842,2,1,21,0,0,1,1,1,1785539895
2026-07-31T23:33:45Z,843,16,2,15,0,0,1,1,1,1785540297
2026-07-31T23:33:45Z,844,4,0,19,0,0,1,1,1,1785540210
2026-07-31T23:33:45Z,845,5,3,12,2,0,1,1,1,1785540236
2026-07-31T23:33:45Z,846,4,2,14,1,0,1,1,1,1785539374
2026-07-31T23:33:45Z,847,7,1,20,0,0,1,1,1,1785539296
2026-07-31T23:33:45Z,848,4,1,14,1,0,1,1,1,1785540424
2026-07-31T23:33:45Z,849,7,0,7,1,0,1,1,1,1785539179
2026-07-31T23:33:45Z,850,7,1,4,0,0,1,1,1,1785539986
2026-07-31T23:33:45Z,851,2,2,32,3,0,1,1,1,1785540727
2026-07-31T23:33:45Z,852,13,6,6,0,0,1,1,1,1785539907
2026-07-31T23:33:45Z,853,11,5,12,0,0,1,1,1,1785539090
2026-07-31T23:33:45Z,854,0,0,14,1,0,1,1,1,1785540817
2026-07-31T23:33:45Z,855,21,0,6,0,0,1,1,1,1785540475
2026-07-31T23:33:45Z,857,8,5,9,2,0,1,1,1,1785540809
2026-07-31T23:33:45Z,858,5,2,13,1,0,1,1,1,1785540813
2026-07-31T23:33:45Z,859,8,0,12,1,0,1,1,1,1785540815
2026-07-31T23:33:45Z,861,6,0,4,1,0,1,1,1,1785528609
2026-07-31T23:33:45Z,862,3,2,12,0,0,1,1,1,1785539992
2026-07-31T23:33:45Z,863,14,1,4,1,0,1,1,1,1785534680
2026-07-31T23:33:45Z,866,13,1,6,0,0,1,1,1,1785540388
2026-07-31T23:33:45Z,867,14,2,1,0,0,1,1,1,1785539594
2026-07-31T23:33:45Z,868,7,0,8,0,0,1,1,1,1785539854
2026-07-31T23:33:45Z,870,8,4,7,0,0,1,1,1,1785540085
2026-07-31T23:33:45Z,871,0,0,10,1,0,1,1,1,1785539397
2026-07-31T23:33:45Z,872,1,0,13,1,0,1,1,1,1785539989
2026-07-31T23:33:45Z,873,4,0,27,2,0,1,1,1,1785540399
2026-07-31T23:33:45Z,874,6,3,6,3,0,1,1,1,1785540808
2026-07-31T23:33:45Z,875,12,8,1,2,0,1,1,1,1785540221
2026-07-31T23:33:45Z,877,12,11,6,1,0,1,1,1,1785539694
2026-07-31T23:33:45Z,878,3,3,16,0,0,1,1,1,1785540263
2026-07-31T23:33:45Z,879,1,0,18,0,0,1,1,1,1785539297
2026-07-31T23:33:45Z,880,1,0,21,1,0,1,1,1,1785540223
2026-07-31T23:33:45Z,881,3,0,16,0,0,1,1,1,1785540129
2026-07-31T23:33:45Z,882,10,4,8,1,0,1,1,1,1785540148
2026-07-31T23:33:45Z,883,8,3,11,0,0,1,1,1,1785540308
2026-07-31T23:33:45Z,884,10,6,11,0,0,1,1,1,1785539790
2026-07-31T23:33:45Z,885,0,0,19,0,0,1,1,1,1785539924
2026-07-31T23:33:45Z,886,3,0,25,1,0,1,1,1,1785540657
2026-07-31T23:33:45Z,887,5,0,8,4,0,1,1,1,1785540655
2026-07-31T23:33:45Z,888,22,0,17,2,0,1,1,1,1785540774
2026-07-31T23:33:45Z,889,8,0,9,2,0,1,1,1,1785540651
2026-07-31T23:33:45Z,890,5,2,10,0,0,1,1,1,1785540679
2026-07-31T23:33:45Z,891,18,1,4,1,0,1,1,1,1785539477
2026-07-31T23:33:45Z,892,10,0,5,0,0,1,1,1,1785536903
2026-07-31T23:33:45Z,895,2,0,17,0,0,1,1,1,1785536824
2026-07-31T23:33:45Z,896,6,1,29,0,0,1,1,1,1785539956
2026-07-31T23:33:45Z,897,15,0,6,0,0,1,1,1,1785540164
2026-07-31T23:33:45Z,898,2,0,17,0,0,1,1,1,1785539834
2026-07-31T23:33:45Z,899,17,0,0,2,0,1,1,1,1785539631
2026-07-31T23:33:45Z,900,9,0,17,1,0,1,1,1,1785540400
2026-07-31T23:33:45Z,901,4,0,14,1,0,1,1,1,1785540612
2026-07-31T23:33:45Z,902,4,1,11,0,0,1,1,1,1785539940
2026-07-31T23:33:45Z,903,8,1,11,0,0,1,1,1,1785539839
2026-07-31T23:33:45Z,904,10,4,8,1,0,1,1,1,1785540241
2026-07-31T23:33:45Z,905,15,4,11,1,0,1,1,1,1785540279
2026-07-31T23:33:45Z,906,9,8,18,0,0,1,1,1,1785540572
2026-07-31T23:33:45Z,907,6,0,24,1,0,1,1,1,1785540601
2026-07-31T23:33:45Z,908,12,2,11,0,0,1,1,1,1785540261
2026-07-31T23:33:45Z,909,3,1,20,0,0,1,1,1,1785540597
2026-07-31T23:33:45Z,910,28,0,2,1,0,1,1,1,1785540749
2026-07-31T23:33:45Z,911,2,1,17,0,0,1,1,1,1785540153
2026-07-31T23:33:45Z,912,5,1,17,1,0,1,1,1,1785540742
2026-07-31T23:33:45Z,913,5,3,14,0,0,1,1,1,1785540768
2026-07-31T23:33:45Z,914,5,0,11,3,0,1,1,1,1785540619
2026-07-31T23:33:45Z,915,13,4,7,3,0,1,1,1,1785540646
2026-07-31T23:33:45Z,916,3,0,20,0,0,1,1,1,1785540792
2026-07-31T23:33:45Z,917,2,0,32,1,0,1,1,1,1785540489
2026-07-31T23:33:45Z,918,0,0,17,2,0,1,1,1,1785540750
2026-07-31T23:33:45Z,919,12,0,27,0,0,1,1,1,1785540802
2026-07-31T23:33:45Z,920,7,2,12,0,0,1,1,1,1785540544
2026-07-31T23:33:45Z,921,12,1,9,0,0,1,1,1,1785540418
2026-07-31T23:33:45Z,922,0,0,21,0,0,1,1,1,1785540800
2026-07-31T23:33:45Z,923,6,5,13,0,0,1,1,1,1785540802
2026-07-31T23:33:45Z,924,6,1,14,1,0,1,1,1,1785539128
2026-07-31T23:33:45Z,925,11,0,10,0,0,1,1,1,1785540458
2026-07-31T23:33:45Z,926,2,0,19,0,0,1,1,1,1785540524
2026-07-31T23:33:45Z,927,18,2,17,0,0,1,1,1,1785540792
2026-07-31T23:33:45Z,928,0,0,19,0,0,0,1,1,1785500252
2026-07-31T23:33:45Z,929,5,2,18,0,0,1,1,1,1785540813
2026-07-31T23:33:45Z,930,20,0,10,1,0,1,1,1,1785540263
2026-07-31T23:33:45Z,931,2,1,20,1,0,1,1,1,1785540812
2026-07-31T23:33:45Z,932,14,0,1,4,0,1,1,1,1785540772
2026-07-31T23:33:45Z,933,16,2,5,2,0,1,1,1,1785540632
2026-07-31T23:33:45Z,934,24,0,6,1,0,1,1,1,1785540282
2026-07-31T23:33:45Z,935,16,0,1,2,0,1,1,1,1785540541
2026-07-31T23:33:45Z,936,4,0,15,0,0,1,1,1,1785540436
2026-07-31T23:33:45Z,940,4,0,6,1,0,1,1,1,1785540711
2026-07-31T23:33:45Z,941,19,3,3,3,0,1,1,1,1785540677
2026-07-31T23:33:45Z,942,16,4,5,0,0,1,1,1,1785540472
2026-07-31T23:33:45Z,943,8,8,7,0,0,1,1,1,1785540066
2026-07-31T23:33:45Z,944,10,8,5,0,0,1,1,1,1785539919
2026-07-31T23:33:45Z,945,7,5,8,0,0,1,1,1,1785539443
2026-07-31T23:33:45Z,946,7,5,12,0,0,1,1,1,1785523835
2026-07-31T23:33:45Z,947,5,3,12,0,0,1,1,1,1785539941
2026-07-31T23:33:45Z,948,11,11,17,3,0,1,1,1,1785540705
2026-07-31T23:33:45Z,949,1,1,14,0,0,1,1,1,1785540755
2026-07-31T23:33:45Z,950,5,1,11,1,0,1,1,1,1785540514
2026-07-31T23:33:45Z,951,16,6,7,0,0,1,1,1,1785540584
2026-07-31T23:33:45Z,952,26,4,27,2,0,1,1,1,1785540387
2026-07-31T23:33:45Z,953,5,1,9,1,0,1,1,1,1785539201
2026-07-31T23:33:45Z,954,7,0,12,0,0,1,1,1,1785540249
2026-07-31T23:33:45Z,955,12,9,9,6,0,1,1,1,1785540507
2026-07-31T23:33:45Z,956,21,1,0,2,0,1,1,1,1785540294
2026-07-31T23:33:45Z,957,27,2,1,1,0,1,1,1,1785540788
2026-07-31T23:33:45Z,958,28,1,3,0,0,1,1,1,1785540706
2026-07-31T23:33:45Z,959,7,3,15,1,0,1,1,1,1785540420
2026-07-31T23:33:45Z,960,2,2,21,0,0,1,1,1,1785540683
2026-07-31T23:33:45Z,961,3,1,17,3,0,1,1,1,1785540711
2026-07-31T23:33:45Z,962,10,0,22,3,0,1,1,1,1785540334
2026-07-31T23:33:45Z,963,19,2,3,1,0,1,1,1,1785540818
2026-07-31T23:33:45Z,964,14,10,8,1,0,1,1,1,1785540196
2026-07-31T23:33:45Z,965,14,7,12,1,0,1,1,1,1785540350
2026-07-31T23:33:45Z,966,29,5,1,1,0,1,1,1,1785540603
2026-07-31T23:33:45Z,967,11,1,8,2,0,1,1,1,1785540787
2026-07-31T23:33:45Z,968,4,0,14,1,0,1,1,1,1785540566
2026-07-31T23:33:45Z,969,3,1,22,2,0,1,1,1,1785540590
2026-07-31T23:33:45Z,970,1,0,17,1,0,1,1,1,1785540523
2026-07-31T23:33:45Z,971,0,0,22,1,0,1,1,1,1785540633
2026-07-31T23:33:45Z,972,10,4,12,1,0,1,1,1,1785539960
2026-07-31T23:33:45Z,973,9,2,13,1,0,1,1,1,1785540596
2026-07-31T23:33:45Z,974,10,0,17,0,0,1,1,1,1785540749
2026-07-31T23:33:45Z,977,1,0,18,2,0,1,1,1,1785540800
2026-07-31T23:33:45Z,978,19,1,4,0,0,1,1,1,1785540687
2026-07-31T23:33:45Z,979,4,1,13,0,0,1,1,1,1785540792
2026-07-31T23:33:45Z,980,5,0,15,1,0,1,1,1,1785539650
2026-07-31T23:33:45Z,981,12,0,9,0,0,1,1,1,1785540556
2026-07-31T23:33:45Z,982,3,0,14,2,0,1,1,1,1785540001
2026-07-31T23:33:45Z,983,2,2,21,0,0,1,1,1,1785540474
2026-07-31T23:33:45Z,984,5,0,18,0,0,1,1,1,1785539834
2026-07-31T23:33:45Z,985,5,0,25,1,0,1,1,1,1785540798
2026-07-31T23:33:45Z,986,5,0,14,0,0,1,1,1,1785540003
2026-07-31T23:33:45Z,987,6,0,17,0,0,1,1,1,1785540590
2026-07-31T23:33:45Z,988,4,2,14,1,0,1,1,1,1785540177
2026-07-31T23:33:45Z,989,7,4,12,0,0,1,1,1,1785539157
2026-07-31T23:33:45Z,990,13,1,1,1,0,1,1,1,1785540159
2026-07-31T23:33:45Z,991,9,0,9,1,0,1,1,1,1785539920
2026-07-31T23:33:45Z,992,9,5,14,0,0,1,1,1,1785540807
2026-07-31T23:33:45Z,993,4,4,22,1,0,1,1,1,1785540412
2026-07-31T23:33:45Z,994,1,0,20,0,0,1,1,1,1785539363
2026-07-31T23:33:45Z,995,8,3,19,0,0,1,1,1,1785540346
2026-07-31T23:33:45Z,996,7,2,16,0,0,1,1,1,1785540544
2026-07-31T23:33:45Z,997,15,7,8,0,0,1,1,1,1785540814
2026-07-31T23:33:45Z,998,5,4,18,0,0,1,1,1,1785540351
2026-07-31T23:33:45Z,999,4,1,15,1,1,1,1,1,1785540200
2026-07-31T23:33:45Z,1000,0,0,21,0,0,1,1,1,1785539072
2026-07-31T23:33:45Z,1001,5,3,22,0,0,1,1,1,1785540428
2026-07-31T23:33:45Z,1002,1,0,29,1,0,1,1,1,1785540461
2026-07-31T23:33:45Z,1003,1,0,22,0,0,1,1,1,1785539984
2026-07-31T23:33:45Z,1004,8,2,15,0,0,1,1,1,1785539478
2026-07-31T23:33:45Z,1005,20,1,3,0,0,1,1,1,1785540176
2026-07-31T23:33:45Z,1006,8,4,11,0,0,1,1,1,1785539975
2026-07-31T23:33:45Z,1007,3,1,18,0,0,1,1,1,1785539621
2026-07-31T23:33:45Z,1008,8,7,15,0,0,1,1,1,1785540276
2026-07-31T23:33:45Z,1009,22,5,8,1,0,1,1,1,1785539264
2026-07-31T23:33:45Z,1010,7,2,20,0,0,1,1,1,1785539896
2026-07-31T23:33:45Z,1011,7,2,10,2,0,1,1,1,1785540347
2026-07-31T23:33:45Z,1012,5,3,16,2,0,1,1,1,1785539948
2026-07-31T23:33:45Z,1013,4,1,18,1,0,1,1,1,1785540512
2026-07-31T23:33:45Z,1014,9,4,14,0,0,1,1,1,1785540475
2026-07-31T23:33:45Z,1015,4,3,26,1,0,1,1,1,1785539018
2026-07-31T23:33:45Z,1016,10,5,21,0,0,1,1,1,1785539918
2026-07-31T23:33:45Z,1017,13,5,8,0,0,1,1,1,1785539338
2026-07-31T23:33:45Z,1018,6,2,16,0,0,1,1,1,1785540026
2026-07-31T23:33:45Z,1019,8,5,7,0,0,1,1,1,1785539879
2026-07-31T23:33:45Z,1020,19,5,2,0,0,1,1,1,1785539203
2026-07-31T23:33:45Z,1021,9,4,6,0,0,1,1,1,1785540681
2026-07-31T23:33:45Z,1022,14,0,13,0,0,1,1,1,1785540166
2026-07-31T23:33:45Z,1023,14,2,9,0,0,1,1,1,1785539783
2026-07-31T23:33:45Z,1024,3,1,16,0,0,1,1,1,1785540741
2026-07-31T23:33:45Z,1025,4,0,14,0,1,1,1,1,1785540153
2026-07-31T23:33:45Z,1026,10,8,19,2,0,1,1,1,1785539973
2026-07-31T23:33:45Z,1028,3,1,20,0,0,1,1,1,1785540122
2026-07-31T23:33:45Z,1029,11,9,4,0,0,1,1,1,1785539178
2026-07-31T23:33:45Z,1030,13,4,10,0,0,1,1,1,1785540819
2026-07-31T23:33:45Z,1031,9,1,10,0,0,1,1,1,1785539301
2026-07-31T23:33:45Z,1032,7,1,12,0,0,1,1,1,1785539972
2026-07-31T23:33:45Z,1033,10,6,9,0,0,1,1,1,1785540801
2026-07-31T23:33:45Z,1034,3,0,12,0,0,1,1,1,1785539947
2026-07-31T23:33:45Z,1035,1,0,17,1,0,1,1,1,1785540400
2026-07-31T23:33:45Z,1036,13,0,2,0,0,1,1,1,1785540527
2026-07-31T23:33:45Z,1037,1,1,17,1,0,1,1,1,1785540774
2026-07-31T23:33:45Z,1038,1,0,14,0,0,1,1,1,1785539635
2026-07-31T23:33:45Z,1039,6,0,13,0,0,1,1,1,1785540122
2026-07-31T23:33:45Z,1040,8,5,11,0,0,1,1,1,1785540029
2026-07-31T23:33:45Z,1041,11,2,8,0,0,1,1,1,1785539892
2026-07-31T23:33:45Z,1042,3,0,11,1,0,1,1,1,1785540032
2026-07-31T23:33:45Z,1043,7,3,12,0,0,1,1,1,1785540055
2026-07-31T23:33:45Z,1044,1,0,14,0,0,1,1,1,1785539691
2026-07-31T23:33:45Z,1045,8,1,11,0,0,1,1,1,1785539958
2026-07-31T23:33:45Z,1046,9,0,6,0,0,1,1,1,1785539324
2026-07-31T23:33:45Z,1047,4,2,17,0,0,1,1,1,1785540746
2026-07-31T23:33:45Z,1048,4,2,15,0,0,1,1,1,1785539934
2026-07-31T23:33:45Z,1049,2,1,19,0,0,1,1,1,1785540047
2026-07-31T23:33:45Z,1050,20,4,1,0,0,1,1,1,1785539332
2026-07-31T23:33:45Z,1051,9,4,12,0,0,1,1,1,1785540790
2026-07-31T23:33:45Z,1052,17,1,4,1,0,1,1,1,1785539836
2026-07-31T23:33:45Z,1053,3,1,12,0,0,1,1,1,1785539829
2026-07-31T23:33:45Z,1054,7,2,8,0,0,1,1,1,1785540076
2026-07-31T23:33:45Z,1055,8,0,11,0,0,1,1,1,1785540105
2026-07-31T23:33:45Z,1057,2,0,17,0,0,1,1,1,1785540552
2026-07-31T23:33:45Z,1058,3,0,53,0,0,1,1,1,1785540794
2026-07-31T23:33:45Z,1059,6,2,12,1,0,1,1,1,1785540693
2026-07-31T23:33:45Z,1060,21,1,15,1,0,1,1,1,1785540805
2026-07-31T23:33:45Z,1061,20,0,17,0,0,1,1,1,1785540315
2026-07-31T23:33:45Z,1062,14,0,3,0,0,1,1,1,1785540605
2026-07-31T23:33:45Z,1063,12,1,6,1,0,1,1,1,1785540015
2026-07-31T23:33:45Z,1064,5,0,17,1,0,1,1,1,1785540390
2026-07-31T23:33:45Z,1065,14,3,9,0,0,1,1,1,1785540637
2026-07-31T23:33:45Z,1066,12,3,11,0,0,1,1,1,1785540455
2026-07-31T23:33:45Z,1067,7,1,14,2,0,1,1,1,1785540732
2026-07-31T23:33:45Z,1068,6,2,14,3,0,1,1,1,1785540281
2026-07-31T23:33:45Z,1069,12,3,11,0,0,1,1,1,1785540270
2026-07-31T23:33:45Z,1070,12,2,11,0,0,1,1,1,1785540374
2026-07-31T23:33:45Z,1071,8,4,15,0,0,1,1,1,1785540412
2026-07-31T23:33:45Z,1072,11,1,11,1,0,1,1,1,1785538997
2026-07-31T23:33:45Z,1073,5,0,21,1,0,1,1,1,1785540341
2026-07-31T23:33:45Z,1074,30,2,22,1,0,1,1,1,1785540781
2026-07-31T23:33:45Z,1075,8,8,13,0,0,1,1,1,1785539303
2026-07-31T23:33:45Z,1076,12,10,9,0,0,1,1,1,1785540820
2026-07-31T23:33:45Z,1077,13,8,8,0,0,1,1,1,1785540804
2026-07-31T23:33:45Z,1078,9,8,12,0,0,1,1,1,1785539262
2026-07-31T23:33:45Z,1079,12,8,9,0,0,1,1,1,1785540646
2026-07-31T23:33:45Z,1080,12,9,7,2,0,1,1,1,1785539808
2026-07-31T23:33:45Z,1081,11,6,8,0,0,1,1,1,1785540798
2026-07-31T23:33:45Z,1082,11,9,11,1,0,1,1,1,1785539881
2026-07-31T23:33:45Z,1083,12,11,9,0,0,1,1,1,1785540151
2026-07-31T23:33:45Z,1084,9,7,12,0,0,1,1,1,1785539765
2026-07-31T23:33:45Z,1085,12,9,9,0,0,1,1,1,1785539487
2026-07-31T23:33:45Z,1086,10,9,10,1,0,1,1,1,1785540181
2026-07-31T23:33:45Z,1087,9,7,6,0,0,1,1,1,1785539686
2026-07-31T23:33:45Z,1088,10,7,5,0,0,1,1,1,1785540015
2026-07-31T23:33:45Z,1089,9,7,6,0,0,1,1,1,1785539647
2026-07-31T23:33:45Z,1090,5,4,10,0,0,1,1,1,1785540816
2026-07-31T23:33:45Z,1091,6,4,9,0,0,1,1,1,1785540357
2026-07-31T23:33:45Z,1092,8,7,7,0,0,1,1,1,1785540345
2026-07-31T23:33:45Z,1093,5,5,9,1,0,1,1,1,1785539208
2026-07-31T23:33:45Z,1094,10,9,9,0,0,1,1,1,1785539966
2026-07-31T23:33:45Z,1095,10,8,5,0,0,1,1,1,1785539936
2026-07-31T23:33:45Z,1096,12,9,7,0,0,1,1,1,1785540346
2026-07-31T23:33:45Z,1097,8,8,7,0,0,1,1,1,1785540530
2026-07-31T23:33:45Z,1098,10,7,9,0,0,1,1,1,1785540013
2026-07-31T23:33:45Z,1099,7,6,8,0,0,1,1,1,1785539801
2026-07-31T23:33:45Z,1100,6,4,23,0,0,1,1,1,1785532207
2026-07-31T23:33:45Z,1101,8,3,13,0,0,1,1,1,1785540442
2026-07-31T23:33:45Z,1102,9,4,4,0,0,1,1,1,1785540734
2026-07-31T23:33:45Z,1103,11,5,10,0,0,1,1,1,1785503681
2026-07-31T23:33:45Z,1104,11,6,10,0,0,1,1,1,1785539484
2026-07-31T23:33:45Z,1105,8,4,5,0,0,1,1,1,1785540615
2026-07-31T23:33:45Z,1106,10,5,11,0,0,1,1,1,1785539824
2026-07-31T23:33:45Z,1107,9,5,6,0,0,1,1,1,1785540060
2026-07-31T23:33:45Z,1108,8,4,16,2,1,1,1,1,1785540678
2026-07-31T23:33:45Z,1109,7,3,8,0,0,1,1,1,1785539999
2026-07-31T23:33:45Z,1110,11,3,10,0,0,1,1,1,1785539347
2026-07-31T23:33:45Z,1111,14,3,6,1,0,1,1,1,1785540802
2026-07-31T23:33:45Z,1112,24,3,29,0,0,1,1,1,1785540787
2026-07-31T23:33:45Z,1113,0,0,21,0,0,1,1,1,1785539256
2026-07-31T23:33:45Z,1115,16,2,3,4,0,1,1,1,1785540671
2026-07-31T23:33:45Z,1116,8,1,11,0,0,1,1,1,1785539992
2026-07-31T23:33:45Z,1117,8,3,14,1,0,1,1,1,1785540764
2026-07-31T23:33:45Z,1118,17,2,4,0,0,1,1,1,1785540339
2026-07-31T23:33:45Z,1119,6,1,11,0,0,1,1,1,1785540406
2026-07-31T23:33:45Z,1120,6,1,12,1,0,1,1,1,1785540082
2026-07-31T23:33:45Z,1121,11,1,8,2,0,1,1,1,1785540541
2026-07-31T23:33:45Z,1122,5,3,15,1,0,1,1,1,1785540709
2026-07-31T23:33:45Z,1123,13,7,8,2,0,1,1,1,1785540549
2026-07-31T23:33:45Z,1124,8,1,6,1,0,1,1,1,1785539438
2026-07-31T23:33:45Z,1125,17,1,6,0,0,1,1,1,1785540373
2026-07-31T23:33:45Z,1126,2,1,19,0,0,1,1,1,1785539846
2026-07-31T23:33:45Z,1127,0,0,19,0,0,1,1,1,1785540752
2026-07-31T23:33:45Z,1128,1,0,14,0,0,1,1,1,1785540782
2026-07-31T23:33:45Z,1129,0,0,19,2,0,1,1,1,1785540303
2026-07-31T23:33:45Z,1130,15,0,0,0,0,1,1,1,1785540484
2026-07-31T23:33:45Z,1131,1,0,47,1,0,1,1,1,1785540024
2026-07-31T23:33:45Z,1132,11,3,9,1,0,1,1,1,1785539868
2026-07-31T23:33:45Z,1133,2,1,17,2,0,1,1,1,1785540817
2026-07-31T23:33:45Z,1134,12,6,7,0,0,1,1,1,1785540505
2026-07-31T23:33:45Z,1135,12,6,9,0,0,1,1,1,1785539630
2026-07-31T23:33:45Z,1136,14,1,9,0,0,1,1,1,1785540208
2026-07-31T23:33:45Z,1137,11,1,4,0,0,1,1,1,1785539871
2026-07-31T23:33:45Z,1138,4,0,15,0,0,1,1,1,1785540472
2026-07-31T23:33:45Z,1139,11,3,9,1,0,1,1,1,1785540510
2026-07-31T23:33:45Z,1140,2,1,19,2,0,1,1,1,1785540488
2026-07-31T23:33:45Z,1141,15,1,3,3,0,1,1,1,1785540685
2026-07-31T23:33:45Z,1142,5,0,16,0,0,1,1,1,1785540636
2026-07-31T23:33:45Z,1143,21,1,7,1,0,1,1,1,1785540617
2026-07-31T23:33:45Z,1144,8,0,12,1,0,1,1,1,1785539077
2026-07-31T23:33:45Z,1145,11,5,9,1,0,1,1,1,1785540406
2026-07-31T23:33:45Z,1146,14,3,2,3,0,1,1,1,1785540818
2026-07-31T23:33:45Z,1147,14,0,4,1,0,1,1,1,1785540685
2026-07-31T23:33:45Z,1148,1,0,30,0,0,1,1,1,1785540818
2026-07-31T23:33:45Z,1149,4,1,16,5,0,1,1,1,1785540636
2026-07-31T23:33:45Z,1150,1,0,18,0,0,1,1,1,1785540677
2026-07-31T23:33:45Z,1151,8,0,13,0,0,1,1,1,1785540655
2026-07-31T23:33:45Z,1152,6,1,23,0,0,1,1,1,1785540473
2026-07-31T23:33:45Z,1153,21,4,1,1,0,1,1,1,1785540729
2026-07-31T23:33:45Z,1154,4,1,15,0,0,1,1,1,1785540040
2026-07-31T23:33:45Z,1155,8,4,9,4,0,1,1,1,1785540819
2026-07-31T23:33:45Z,1158,3,1,16,0,0,1,1,1,1785539876
2026-07-31T23:33:45Z,1159,13,2,6,0,0,1,1,1,1785540240
2026-07-31T23:33:45Z,1160,6,2,13,0,0,1,1,1,1785540200
2026-07-31T23:33:45Z,1161,3,0,15,1,0,1,1,1,1785540375
2026-07-31T23:33:45Z,1162,4,0,15,0,0,1,1,1,1785540633
2026-07-31T23:33:45Z,1163,2,1,16,1,0,1,1,1,1785539997
2026-07-31T23:33:45Z,1164,5,1,14,0,0,1,1,1,1785540053
2026-07-31T23:33:45Z,1165,1,0,20,0,0,1,1,1,1785540803
2026-07-31T23:33:45Z,1166,13,3,7,1,0,1,1,1,1785540358
2026-07-31T23:33:45Z,1167,4,0,11,0,0,1,1,1,1785539718
2026-07-31T23:33:45Z,1168,3,0,18,2,0,1,1,1,1785540298
2026-07-31T23:33:45Z,1169,3,0,15,1,0,1,1,1,1785539900
2026-07-31T23:33:45Z,1170,2,1,19,0,0,1,1,1,1785540303
2026-07-31T23:33:45Z,1171,7,7,16,0,0,1,1,1,1785540010
2026-07-31T23:33:45Z,1172,6,0,7,2,0,1,1,1,1785540595
2026-07-31T23:33:45Z,1173,13,4,6,0,0,1,1,1,1785540159
2026-07-31T23:33:45Z,1174,4,0,11,0,0,1,1,1,1785539796
2026-07-31T23:33:45Z,1175,4,2,15,0,0,1,1,1,1785535612
2026-07-31T23:33:45Z,1176,8,2,13,0,0,1,1,1,1785539390
2026-07-31T23:33:45Z,1177,3,2,18,0,0,1,1,1,1785540051
2026-07-31T23:33:45Z,1178,5,2,10,0,0,1,1,1,1785539710
2026-07-31T23:33:45Z,1181,13,1,2,0,0,1,1,1,1785539968
2026-07-31T23:33:45Z,1182,11,4,9,0,0,1,1,1,1785540801
2026-07-31T23:33:45Z,1183,4,0,39,2,0,1,1,1,1785540765
2026-07-31T23:33:45Z,1184,9,8,8,4,0,1,1,1,1785540682
2026-07-31T23:33:45Z,1185,10,6,11,0,0,1,1,1,1785539459
2026-07-31T23:33:45Z,1186,9,5,10,0,0,1,1,1,1785540429
2026-07-31T23:33:45Z,1187,10,5,10,1,0,1,1,1,1785540644
2026-07-31T23:33:45Z,1188,10,5,5,0,0,1,1,1,1785540055
2026-07-31T23:33:45Z,1189,8,3,11,0,0,1,1,1,1785540192
2026-07-31T23:33:45Z,1190,9,4,12,0,0,1,1,1,1785539612
2026-07-31T23:33:45Z,1191,10,5,5,0,0,1,1,1,1785540058
2026-07-31T23:33:45Z,1192,11,7,9,1,0,1,1,1,1785539977
2026-07-31T23:33:45Z,1193,6,4,5,2,0,1,1,1,1785540815
2026-07-31T23:33:45Z,1197,9,6,7,1,0,1,1,1,1785540626
2026-07-31T23:33:45Z,1198,13,4,6,2,0,1,1,1,1785540501
2026-07-31T23:33:45Z,1199,3,0,16,0,0,1,1,1,1785540500
2026-07-31T23:33:45Z,1200,8,4,7,0,0,1,1,1,1785540098
2026-07-31T23:33:45Z,1201,9,4,6,0,0,1,1,1,1785540070
2026-07-31T23:33:45Z,1202,11,6,4,0,0,1,1,1,1785540355
2026-07-31T23:33:45Z,1203,11,5,4,0,0,1,1,1,1785540079
2026-07-31T23:33:45Z,1204,7,4,12,0,0,1,1,1,1785539858
2026-07-31T23:33:45Z,1206,11,5,10,0,0,1,1,1,1785539102
2026-07-31T23:33:45Z,1207,8,4,6,1,0,1,1,1,1785540388
2026-07-31T23:33:45Z,1208,10,4,9,0,0,1,1,1,1785540340
2026-07-31T23:33:45Z,1216,9,0,11,1,0,1,1,1,1785539315
2026-07-31T23:33:45Z,1218,2,0,19,0,0,1,1,1,1785539771
2026-07-31T23:33:45Z,1219,2,1,10,3,0,1,1,1,1785539991
2026-07-31T23:33:45Z,1220,16,6,3,0,0,1,1,1,1785539361
2026-07-31T23:33:45Z,1221,1,1,19,1,0,1,1,1,1785539069
2026-07-31T23:33:45Z,1222,25,2,4,0,0,1,1,1,1785540631
2026-07-31T23:33:45Z,1223,23,1,5,1,0,1,1,1,1785540716
2026-07-31T23:33:45Z,1226,0,0,3,0,0,0,1,1,1781868931
2026-07-31T23:33:45Z,1227,5,0,19,1,0,1,1,1,1785540153
2026-07-31T23:33:45Z,1228,1,0,27,1,0,1,1,1,1785540122
2026-07-31T23:33:45Z,1229,40,0,4,1,0,1,1,1,1785540817
2026-07-31T23:38:45Z,1,18,0,5,0,0,1,1,1,1785540712
2026-07-31T23:38:45Z,2,11,0,13,3,0,1,1,1,1785540728
2026-07-31T23:38:45Z,3,7,0,6,1,0,1,1,1,1785540296
2026-07-31T23:38:45Z,4,21,0,0,1,0,1,1,1,1785540452
2026-07-31T23:38:45Z,5,17,4,2,4,0,1,1,1,1785540518
2026-07-31T23:38:45Z,6,4,1,11,0,0,1,1,1,1785540275
2026-07-31T23:38:45Z,7,7,0,32,0,0,1,1,1,1785541072
2026-07-31T23:38:45Z,8,13,1,30,0,0,1,1,1,1785540877
2026-07-31T23:38:45Z,9,10,1,13,0,0,1,1,1,1785541116
2026-07-31T23:38:45Z,10,4,2,16,3,0,1,1,1,1785540889
2026-07-31T23:38:45Z,11,3,0,15,1,0,1,1,1,1785541030
2026-07-31T23:38:45Z,12,4,0,19,0,0,1,1,1,1785541057
2026-07-31T23:38:45Z,13,10,0,19,1,0,1,1,1,1785540644
2026-07-31T23:38:45Z,14,28,1,14,0,1,1,1,1,1785541053
2026-07-31T23:38:45Z,15,12,0,3,0,0,1,1,1,1785540777
2026-07-31T23:38:45Z,16,2,0,22,2,1,1,1,1,1785541005
2026-07-31T23:38:45Z,17,25,1,1,1,0,1,1,1,1785540971
2026-07-31T23:38:45Z,18,8,0,8,2,0,1,1,1,1785541027
2026-07-31T23:38:45Z,19,14,0,12,1,0,1,1,1,1785541117
2026-07-31T23:38:45Z,20,24,1,11,0,0,1,1,1,1785541103
2026-07-31T23:38:45Z,21,11,0,4,4,0,1,1,1,1785540996
2026-07-31T23:38:45Z,22,19,1,46,0,0,1,1,1,1785541113
2026-07-31T23:38:45Z,23,27,8,4,0,0,1,1,1,1785541024
2026-07-31T23:38:45Z,24,9,0,1,1,0,1,1,1,1785541115
2026-07-31T23:38:45Z,25,75,2,4,2,0,1,1,1,1785541097
2026-07-31T23:38:45Z,26,1,0,26,0,0,1,1,1,1785540965
2026-07-31T23:38:45Z,28,6,0,9,0,0,1,1,1,1785541084
2026-07-31T23:38:45Z,30,20,0,7,2,0,1,1,1,1785540670
2026-07-31T23:38:45Z,31,11,1,7,1,0,1,1,1,1785540978
2026-07-31T23:38:45Z,32,23,3,4,0,0,1,1,1,1785541040
2026-07-31T23:38:45Z,34,13,1,24,0,0,1,1,1,1785541039
2026-07-31T23:38:45Z,35,45,2,1,1,0,1,1,1,1785541118
2026-07-31T23:38:45Z,36,0,0,0,0,0,0,1,1,86400
2026-07-31T23:38:45Z,37,12,2,10,1,0,1,1,1,1785540999
2026-07-31T23:38:45Z,38,6,2,17,0,0,1,1,1,1785540850
2026-07-31T23:38:45Z,39,11,0,28,0,0,1,1,1,1785540836
2026-07-31T23:38:45Z,40,4,0,17,0,0,1,1,1,1785540893
2026-07-31T23:38:45Z,41,18,0,25,0,0,1,1,1,1785541082
2026-07-31T23:38:45Z,42,3,3,28,0,0,1,1,1,1785541070
2026-07-31T23:38:45Z,43,8,2,15,0,0,1,1,1,1785540946
2026-07-31T23:38:45Z,45,1,0,28,0,0,1,1,1,1785539388
2026-07-31T23:38:45Z,46,2,0,27,2,0,1,1,1,1785540663
2026-07-31T23:38:45Z,47,4,1,10,1,0,1,1,1,1785540233
2026-07-31T23:38:45Z,48,15,0,12,0,0,1,1,1,1785541031
2026-07-31T23:38:45Z,49,0,0,19,4,0,1,1,1,1785541122
2026-07-31T23:38:45Z,50,3,3,13,3,0,1,1,1,1785541086
2026-07-31T23:38:45Z,51,25,0,52,0,0,1,1,1,1785540619
2026-07-31T23:38:45Z,52,4,0,20,3,0,1,1,1,1785541049
2026-07-31T23:38:45Z,55,6,1,15,2,0,1,1,1,1785541033
2026-07-31T23:38:45Z,56,2,1,41,0,0,1,1,1,1785540964
2026-07-31T23:38:45Z,57,20,0,7,0,0,1,1,1,1785540554
2026-07-31T23:38:45Z,58,8,0,20,0,0,1,1,1,1785540566
2026-07-31T23:38:45Z,59,2,0,23,2,0,1,1,1,1785541083
2026-07-31T23:38:45Z,61,32,0,7,0,0,1,1,1,1785540810
2026-07-31T23:38:45Z,62,10,5,39,0,0,1,1,1,1785540899
2026-07-31T23:38:45Z,63,6,4,13,0,0,1,1,1,1785540216
2026-07-31T23:38:45Z,64,10,1,5,4,0,1,1,1,1785535815
2026-07-31T23:38:45Z,65,8,4,10,1,0,1,1,1,1785540492
2026-07-31T23:38:45Z,67,4,0,35,0,0,1,1,1,1785540879
2026-07-31T23:38:45Z,68,33,1,3,1,0,1,1,1,1785540921
2026-07-31T23:38:45Z,69,4,1,11,0,0,1,1,1,1785540730
2026-07-31T23:38:45Z,71,6,1,19,2,0,1,1,1,1785541055
2026-07-31T23:38:45Z,72,23,3,5,2,1,1,1,1,1785540993
2026-07-31T23:38:45Z,73,1,0,30,0,0,1,1,1,1785541110
2026-07-31T23:38:45Z,74,2,2,17,0,0,1,1,1,1785541056
2026-07-31T23:38:45Z,75,5,0,26,1,0,1,1,1,1785540313
2026-07-31T23:38:45Z,76,4,0,14,1,0,1,1,1,1785541118
2026-07-31T23:38:45Z,77,16,1,10,1,0,1,1,1,1785540801
2026-07-31T23:38:45Z,78,1,1,22,0,0,1,1,1,1785540742
2026-07-31T23:38:45Z,79,0,0,16,1,0,1,1,1,1785540916
2026-07-31T23:38:45Z,80,17,1,3,3,0,1,1,1,1785541059
2026-07-31T23:38:45Z,81,10,1,21,0,0,1,1,1,1785540533
2026-07-31T23:38:45Z,82,11,11,11,1,0,1,1,1,1785540997
2026-07-31T23:38:45Z,83,10,1,23,1,0,1,1,1,1785541091
2026-07-31T23:38:45Z,84,15,1,11,1,0,1,1,1,1785540905
2026-07-31T23:38:45Z,85,9,0,6,0,0,1,1,1,1785540942
2026-07-31T23:38:45Z,86,9,4,18,0,0,1,1,1,1785541096
2026-07-31T23:38:45Z,87,0,0,19,0,0,1,1,1,1785533075
2026-07-31T23:38:45Z,88,19,0,23,1,0,1,1,1,1785541051
2026-07-31T23:38:45Z,89,14,0,21,0,0,1,1,1,1785540685
2026-07-31T23:38:45Z,90,16,0,1,1,0,1,1,1,1785540942
2026-07-31T23:38:45Z,91,8,1,9,0,0,1,1,1,1785541105
2026-07-31T23:38:45Z,92,5,2,11,3,0,1,1,1,1785540943
2026-07-31T23:38:45Z,93,7,0,15,1,0,1,1,1,1785541116
2026-07-31T23:38:45Z,94,8,0,10,1,0,1,1,1,1785540748
2026-07-31T23:38:45Z,95,6,0,27,1,1,1,1,1,1785541112
2026-07-31T23:38:45Z,96,19,5,11,1,0,1,1,1,1785540839
2026-07-31T23:38:45Z,97,6,0,10,1,0,1,1,1,1785540977
2026-07-31T23:38:45Z,98,28,6,6,1,0,1,1,1,1785541094
2026-07-31T23:38:45Z,99,14,0,1,0,0,1,1,1,1785540874
2026-07-31T23:38:45Z,100,16,2,11,0,0,1,1,1,1785540827
2026-07-31T23:38:45Z,101,6,0,8,1,0,1,1,1,1785540860
2026-07-31T23:38:45Z,102,19,0,3,1,0,1,1,1,1785540914
2026-07-31T23:38:45Z,103,7,0,23,0,0,1,1,1,1785540888
2026-07-31T23:38:45Z,104,11,0,14,2,0,1,1,1,1785541119
2026-07-31T23:38:45Z,105,17,0,2,0,0,1,1,1,1785535842
2026-07-31T23:38:45Z,106,18,0,2,1,0,1,1,1,1785538929
2026-07-31T23:38:45Z,107,20,0,16,1,0,1,1,1,1785540597
2026-07-31T23:38:45Z,108,27,1,5,3,0,1,1,1,1785541050
2026-07-31T23:38:45Z,109,7,0,16,0,0,1,1,1,1785541088
2026-07-31T23:38:45Z,110,19,0,4,0,0,1,1,1,1785540994
2026-07-31T23:38:45Z,111,6,0,30,0,0,1,1,1,1785541109
2026-07-31T23:38:45Z,112,4,1,10,2,0,1,1,1,1785541117
2026-07-31T23:38:45Z,113,2,0,16,1,0,1,1,1,1785540862
2026-07-31T23:38:45Z,114,10,3,18,2,1,1,1,1,1785541013
2026-07-31T23:38:45Z,115,17,11,6,5,0,1,1,1,1785540597
2026-07-31T23:38:45Z,116,14,9,13,0,0,1,1,1,1785541092
2026-07-31T23:38:45Z,118,19,1,1,3,0,1,1,1,1785540956
2026-07-31T23:38:45Z,119,1,0,35,2,0,1,1,1,1785541038
2026-07-31T23:38:45Z,120,4,0,22,1,0,1,1,1,1785541028
2026-07-31T23:38:45Z,121,3,2,14,1,1,1,1,1,1785541114
2026-07-31T23:38:45Z,122,17,1,2,2,0,1,1,1,1785541121
2026-07-31T23:38:45Z,123,0,0,47,0,0,1,1,1,1785540865
2026-07-31T23:38:45Z,124,11,3,24,0,0,1,1,1,1785541090
2026-07-31T23:38:45Z,125,1,1,22,0,0,1,1,1,1785540796
2026-07-31T23:38:45Z,126,12,1,18,1,0,1,1,1,1785541119
2026-07-31T23:38:45Z,127,17,3,17,1,0,1,1,1,1785541074
2026-07-31T23:38:45Z,128,14,4,5,0,0,1,1,1,1785541060
2026-07-31T23:38:45Z,129,1,1,15,3,0,1,1,1,1785540208
2026-07-31T23:38:45Z,130,10,0,7,0,0,1,1,1,1785539871
2026-07-31T23:38:45Z,131,7,1,3,1,0,1,1,1,1785538917
2026-07-31T23:38:45Z,132,13,3,1,0,1,1,1,1,1785541006
2026-07-31T23:38:45Z,134,13,0,5,5,0,1,1,1,1785541107
2026-07-31T23:38:45Z,135,7,4,9,3,0,1,1,1,1785540724
2026-07-31T23:38:45Z,136,0,0,2,17,4,1,1,1,1785540960
2026-07-31T23:38:45Z,137,7,3,11,1,0,1,1,1,1785540880
2026-07-31T23:38:45Z,138,25,3,12,0,0,1,1,1,1785541098
2026-07-31T23:38:45Z,139,7,3,12,0,0,1,1,1,1785541080
2026-07-31T23:38:45Z,140,4,1,17,2,0,1,1,1,1785541118
2026-07-31T23:38:45Z,141,14,5,22,0,0,1,1,1,1785540634
2026-07-31T23:38:45Z,142,14,1,9,0,0,1,1,1,1785541011
2026-07-31T23:38:45Z,143,15,0,16,0,0,1,1,1,1785540989
2026-07-31T23:38:45Z,144,20,1,6,1,0,1,1,1,1785541119
2026-07-31T23:38:45Z,146,6,0,16,1,0,1,1,1,1785541092
2026-07-31T23:38:45Z,147,2,1,15,2,0,1,1,1,1785540432
2026-07-31T23:38:45Z,148,6,3,19,2,0,1,1,1,1785541006
2026-07-31T23:38:45Z,149,2,0,25,0,0,1,1,1,1785540763
2026-07-31T23:38:45Z,150,8,1,25,2,0,1,1,1,1785541121
2026-07-31T23:38:45Z,151,5,0,18,0,0,1,1,1,1785540511
2026-07-31T23:38:45Z,152,9,2,14,3,0,1,1,1,1785541118
2026-07-31T23:38:45Z,153,8,0,18,2,0,1,1,1,1785541041
2026-07-31T23:38:45Z,154,3,1,16,4,0,1,1,1,1785541096
2026-07-31T23:38:45Z,155,8,3,5,1,0,1,1,1,1785540971
2026-07-31T23:38:45Z,156,5,0,14,0,0,1,1,1,1785540845
2026-07-31T23:38:45Z,157,12,2,13,2,0,1,1,1,1785540889
2026-07-31T23:38:45Z,158,14,1,2,0,0,1,1,1,1785540896
2026-07-31T23:38:45Z,159,5,5,14,0,0,1,1,1,1785540809
2026-07-31T23:38:45Z,160,4,1,15,0,0,1,1,1,1785540074
2026-07-31T23:38:45Z,161,14,2,8,0,0,1,1,1,1785541120
2026-07-31T23:38:45Z,162,14,13,10,3,0,1,1,1,1785541057
2026-07-31T23:38:45Z,163,4,1,26,0,1,1,1,1,1785541019
2026-07-31T23:38:45Z,164,15,1,12,0,0,1,1,1,1785540925
2026-07-31T23:38:45Z,165,31,7,0,0,0,1,1,1,1785541093
2026-07-31T23:38:45Z,166,34,12,2,3,0,1,1,1,1785541116
2026-07-31T23:38:45Z,167,7,0,14,2,0,1,1,1,1785540870
2026-07-31T23:38:45Z,168,20,0,6,1,0,1,1,1,1785541057
2026-07-31T23:38:45Z,169,9,2,12,1,1,1,1,1,1785541020
2026-07-31T23:38:45Z,170,6,2,12,1,0,1,1,1,1785540924
2026-07-31T23:38:45Z,171,4,2,7,2,0,1,1,1,1785540843
2026-07-31T23:38:45Z,173,12,1,27,0,0,1,1,1,1785541089
2026-07-31T23:38:45Z,174,1,0,25,0,0,1,1,1,1785540680
2026-07-31T23:38:45Z,175,26,0,3,2,0,1,1,1,1785540899
2026-07-31T23:38:45Z,176,13,4,0,1,1,1,1,1,1785541055
2026-07-31T23:38:45Z,177,11,2,16,0,0,1,1,1,1785541099
2026-07-31T23:38:45Z,178,8,0,4,2,1,1,1,1,1785541115
2026-07-31T23:38:45Z,179,13,4,0,2,0,1,1,1,1785541011
2026-07-31T23:38:45Z,180,3,0,27,0,0,1,1,1,1785540613
2026-07-31T23:38:45Z,181,0,0,15,0,0,1,1,1,1785540906
2026-07-31T23:38:45Z,182,1,0,15,1,0,1,1,1,1785541050
2026-07-31T23:38:45Z,183,2,1,21,0,0,1,1,1,1785541107
2026-07-31T23:38:45Z,184,1,1,19,3,0,1,1,1,1785541037
2026-07-31T23:38:45Z,185,3,3,8,3,1,1,1,1,1785539993
2026-07-31T23:38:45Z,186,18,0,1,0,0,1,1,1,1785540944
2026-07-31T23:38:45Z,187,6,1,21,1,0,1,1,1,1785540756
2026-07-31T23:38:45Z,188,9,2,10,8,0,1,1,1,1785540886
2026-07-31T23:38:45Z,189,10,4,5,0,0,1,1,1,1785540632
2026-07-31T23:38:45Z,190,3,0,19,1,0,1,1,1,1785541025
2026-07-31T23:38:45Z,191,0,0,38,1,0,1,1,1,1785541035
2026-07-31T23:38:45Z,192,2,2,28,1,0,1,1,1,1785541107
2026-07-31T23:38:45Z,193,9,9,3,3,0,1,1,1,1785541038
2026-07-31T23:38:45Z,194,6,4,21,0,0,1,1,1,1785540407
2026-07-31T23:38:45Z,195,3,1,16,0,0,1,1,1,1785541102
2026-07-31T23:38:45Z,196,5,4,20,2,0,1,1,1,1785540831
2026-07-31T23:38:45Z,197,0,0,18,0,1,1,1,1,1785540560
2026-07-31T23:38:45Z,198,9,4,12,2,0,1,1,1,1785540808
2026-07-31T23:38:45Z,199,12,8,2,1,0,1,1,1,1785541108
2026-07-31T23:38:45Z,200,3,0,22,1,0,1,1,1,1785540528
2026-07-31T23:38:45Z,201,5,5,18,0,0,1,1,1,1785540696
2026-07-31T23:38:45Z,202,27,2,0,0,0,1,1,1,1785538983
2026-07-31T23:38:45Z,203,25,0,4,2,0,1,1,1,1785540702
2026-07-31T23:38:45Z,204,12,1,22,1,0,1,1,1,1785540945
2026-07-31T23:38:45Z,205,8,2,18,1,0,1,1,1,1785539399
2026-07-31T23:38:45Z,206,7,7,6,2,0,1,1,1,1785540983
2026-07-31T23:38:45Z,207,16,2,3,2,0,1,1,1,1785540890
2026-07-31T23:38:45Z,208,5,1,24,0,0,1,1,1,1785540432
2026-07-31T23:38:45Z,209,26,1,4,1,0,1,1,1,1785541110
2026-07-31T23:38:45Z,210,12,7,14,1,0,1,1,1,1785541093
2026-07-31T23:38:45Z,211,16,0,6,1,0,1,1,1,1785540234
2026-07-31T23:38:45Z,212,19,4,14,2,0,1,1,1,1785541084
2026-07-31T23:38:45Z,213,11,5,10,2,0,1,1,1,1785540910
2026-07-31T23:38:45Z,214,32,6,13,2,0,1,1,1,1785541039
2026-07-31T23:38:45Z,215,0,0,22,1,0,1,1,1,1785540657
2026-07-31T23:38:45Z,216,3,1,14,2,0,1,1,1,1785541045
2026-07-31T23:38:45Z,217,28,2,0,1,0,1,1,1,1785541086
2026-07-31T23:38:45Z,218,33,17,5,1,0,1,1,1,1785541071
2026-07-31T23:38:45Z,219,24,0,1,1,0,1,1,1,1785540852
2026-07-31T23:38:45Z,220,25,14,16,1,1,1,1,1,1785541056
2026-07-31T23:38:45Z,221,7,7,7,1,0,1,1,1,1785541040
2026-07-31T23:38:45Z,222,17,8,2,0,0,1,1,1,1785540614
2026-07-31T23:38:45Z,223,0,0,32,3,0,1,1,1,1785541015
2026-07-31T23:38:45Z,224,11,10,10,1,0,1,1,1,1785541079
2026-07-31T23:38:45Z,225,1,0,15,3,0,1,1,1,1785540977
2026-07-31T23:38:45Z,226,23,9,6,2,0,1,1,1,1785540937
2026-07-31T23:38:45Z,227,3,2,23,1,0,1,1,1,1785540638
2026-07-31T23:38:45Z,228,0,0,19,0,0,1,1,1,1785540971
2026-07-31T23:38:45Z,230,3,1,23,0,0,1,1,1,1785540709
2026-07-31T23:38:45Z,232,8,1,8,1,0,1,1,1,1785540107
2026-07-31T23:38:45Z,233,21,9,9,1,0,1,1,1,1785540983
2026-07-31T23:38:45Z,234,12,10,1,4,2,1,1,1,1785540301
2026-07-31T23:38:45Z,236,9,4,8,2,0,1,1,1,1785540748
2026-07-31T23:38:45Z,237,2,0,20,1,0,1,1,1,1785541084
2026-07-31T23:38:45Z,239,18,10,8,1,0,1,1,1,1785541029
2026-07-31T23:38:45Z,241,1,0,20,2,0,1,1,1,1785540340
2026-07-31T23:38:45Z,242,6,2,16,1,0,1,1,1,1785541108
2026-07-31T23:38:45Z,243,14,13,16,1,0,1,1,1,1785541110
2026-07-31T23:38:45Z,244,15,1,11,1,0,1,1,1,1785540895
2026-07-31T23:38:45Z,245,4,1,19,0,0,1,1,1,1785541092
2026-07-31T23:38:45Z,246,2,1,21,0,0,1,1,1,1785541105
2026-07-31T23:38:45Z,247,7,6,15,1,0,1,1,1,1785540689
2026-07-31T23:38:45Z,248,8,5,12,3,0,1,1,1,1785540936
2026-07-31T23:38:45Z,249,10,10,9,0,0,1,1,1,1785540886
2026-07-31T23:38:45Z,250,0,0,24,3,0,1,1,1,1785540512
2026-07-31T23:38:45Z,251,15,11,7,5,0,1,1,1,1785541071
2026-07-31T23:38:45Z,253,3,1,16,0,0,1,1,1,1785540578
2026-07-31T23:38:45Z,254,4,0,38,1,0,1,1,1,1785540976
2026-07-31T23:38:45Z,255,4,1,18,0,1,1,1,1,1785541109
2026-07-31T23:38:45Z,256,2,2,20,1,0,1,1,1,1785541116
2026-07-31T23:38:45Z,257,8,2,11,0,0,1,1,1,1785540866
2026-07-31T23:38:45Z,258,11,6,6,2,0,1,1,1,1785540984
2026-07-31T23:38:45Z,259,7,0,15,0,1,1,1,1,1785540595
2026-07-31T23:38:45Z,260,10,9,7,2,0,1,1,1,1785541035
2026-07-31T23:38:45Z,261,0,0,17,1,1,1,1,1,1785541114
2026-07-31T23:38:45Z,262,0,0,22,1,0,1,1,1,1785540811
2026-07-31T23:38:45Z,263,11,9,3,1,0,1,1,1,1785541006
2026-07-31T23:38:45Z,264,1,1,18,0,0,1,1,1,1785540119
2026-07-31T23:38:45Z,265,6,0,9,0,0,1,1,1,1785541089
2026-07-31T23:38:45Z,266,10,8,6,3,0,1,1,1,1785540856
2026-07-31T23:38:45Z,267,6,1,7,2,0,1,1,1,1785540610
2026-07-31T23:38:45Z,268,19,8,3,1,0,1,1,1,1785540751
2026-07-31T23:38:45Z,269,5,2,18,0,0,1,1,1,1785540874
2026-07-31T23:38:45Z,270,11,1,14,2,0,1,1,1,1785540734
2026-07-31T23:38:45Z,271,0,0,17,2,0,1,1,1,1785540354
2026-07-31T23:38:45Z,272,3,3,19,1,0,1,1,1,1785540413
2026-07-31T23:38:45Z,273,2,1,13,0,0,1,1,1,1785539650
2026-07-31T23:38:45Z,274,3,1,15,1,0,1,1,1,1785540581
2026-07-31T23:38:45Z,275,3,0,16,4,0,1,1,1,1785541043
2026-07-31T23:38:45Z,276,0,0,27,0,0,1,1,1,1785540485
2026-07-31T23:38:45Z,277,1,0,18,4,0,1,1,1,1785540716
2026-07-31T23:38:45Z,278,5,3,25,1,0,1,1,1,1785541093
2026-07-31T23:38:45Z,279,2,0,17,0,0,1,1,1,1785541107
2026-07-31T23:38:45Z,280,2,1,27,2,0,1,1,1,1785541112
2026-07-31T23:38:45Z,281,10,0,9,0,0,1,1,1,1785539893
2026-07-31T23:38:45Z,282,11,2,7,0,0,1,1,1,1785540196
2026-07-31T23:38:45Z,283,19,3,15,1,0,1,1,1,1785540977
2026-07-31T23:38:45Z,284,22,1,11,2,0,1,1,1,1785540971
2026-07-31T23:38:45Z,285,0,0,23,0,0,1,1,1,1785540975
2026-07-31T23:38:45Z,286,7,4,16,0,0,1,1,1,1785541099
2026-07-31T23:38:45Z,287,11,1,9,3,0,1,1,1,1785540479
2026-07-31T23:38:45Z,288,7,3,12,0,0,1,1,1,1785541087
2026-07-31T23:38:45Z,289,10,7,13,4,0,1,1,1,1785540782
2026-07-31T23:38:45Z,290,17,1,21,1,0,1,1,1,1785540947
2026-07-31T23:38:45Z,291,0,0,22,1,0,1,1,1,1785540301
2026-07-31T23:38:45Z,292,1,1,22,0,0,1,1,1,1785540969
2026-07-31T23:38:45Z,293,1,1,22,0,0,1,1,1,1785540770
2026-07-31T23:38:45Z,294,10,5,9,3,0,1,1,1,1785541061
2026-07-31T23:38:45Z,297,7,0,11,0,1,1,1,1,1785541106
2026-07-31T23:38:45Z,301,16,1,3,0,0,1,1,1,1785541108
2026-07-31T23:38:45Z,302,21,2,2,0,0,1,1,1,1785541086
2026-07-31T23:38:45Z,303,1,0,18,0,0,1,1,1,1785540857
2026-07-31T23:38:45Z,304,0,0,0,0,0,0,1,1,86400
2026-07-31T23:38:45Z,305,3,0,15,1,0,1,1,1,1785541113
2026-07-31T23:38:45Z,306,8,0,23,1,0,1,1,1,1785541099
2026-07-31T23:38:45Z,307,10,2,13,0,0,1,1,1,1785540653
2026-07-31T23:38:45Z,308,17,2,0,2,0,1,1,1,1785539748
2026-07-31T23:38:45Z,309,7,0,7,0,0,1,1,1,1785540378
2026-07-31T23:38:45Z,311,11,1,4,0,0,1,1,1,1785540947
2026-07-31T23:38:45Z,312,5,5,15,3,0,1,1,1,1785540919
2026-07-31T23:38:45Z,313,2,0,13,0,0,1,1,1,1785540861
2026-07-31T23:38:45Z,314,8,1,9,2,0,1,1,1,1785540707
2026-07-31T23:38:45Z,315,11,9,17,3,0,1,1,1,1785541120
2026-07-31T23:38:45Z,316,6,1,18,6,1,1,1,1,1785541107
2026-07-31T23:38:45Z,317,21,12,9,0,1,1,1,1,1785541094
2026-07-31T23:38:45Z,318,19,4,0,0,0,1,1,1,1785540544
2026-07-31T23:38:45Z,319,5,1,16,2,0,1,1,1,1785540981
2026-07-31T23:38:45Z,320,5,0,13,1,0,1,1,1,1785540954
2026-07-31T23:38:45Z,321,2,0,13,4,0,1,1,1,1785540857
2026-07-31T23:38:45Z,322,20,0,9,0,0,1,1,1,1785540924
2026-07-31T23:38:45Z,323,7,1,10,2,0,1,1,1,1785541058
2026-07-31T23:38:45Z,324,19,2,7,1,0,1,1,1,1785541120
2026-07-31T23:38:45Z,325,1,1,23,3,0,1,1,1,1785541117
2026-07-31T23:38:45Z,327,23,1,2,2,0,1,1,1,1785540663
2026-07-31T23:38:45Z,328,14,0,7,1,0,1,1,1,1785541109
2026-07-31T23:38:45Z,329,9,1,7,3,0,1,1,1,1785539860
2026-07-31T23:38:45Z,330,21,0,0,1,0,1,1,1,1785540925
2026-07-31T23:38:45Z,331,11,0,11,1,0,1,1,1,1785540994
2026-07-31T23:38:45Z,332,2,1,14,3,0,1,1,1,1785539711
2026-07-31T23:38:45Z,333,2,1,19,2,0,1,1,1,1785540833
2026-07-31T23:38:45Z,334,4,0,18,1,0,1,1,1,1785540730
2026-07-31T23:38:45Z,335,2,2,20,0,1,1,1,1,1785540871
2026-07-31T23:38:45Z,336,0,0,19,0,0,1,1,1,1785540486
2026-07-31T23:38:45Z,337,2,2,17,4,0,1,1,1,1785541098
2026-07-31T23:38:45Z,338,3,2,16,0,0,1,1,1,1785539850
2026-07-31T23:38:45Z,339,9,2,12,2,0,1,1,1,1785541095
2026-07-31T23:38:45Z,340,6,3,8,1,0,1,1,1,1785540931
2026-07-31T23:38:45Z,341,8,3,11,0,0,1,1,1,1785541048
2026-07-31T23:38:45Z,342,3,0,12,0,0,1,1,1,1785541008
2026-07-31T23:38:45Z,343,0,0,21,2,0,1,1,1,1785540892
2026-07-31T23:38:45Z,344,3,1,19,1,0,1,1,1,1785540388
2026-07-31T23:38:45Z,345,15,4,4,0,0,1,1,1,1785541084
2026-07-31T23:38:45Z,346,2,1,21,0,0,1,1,1,1785540405
2026-07-31T23:38:45Z,347,21,4,20,3,0,1,1,1,1785541120
2026-07-31T23:38:45Z,348,8,0,12,2,1,1,1,1,1785541056
2026-07-31T23:38:45Z,349,9,3,10,0,0,1,1,1,1785540794
2026-07-31T23:38:45Z,350,0,0,25,1,1,1,1,1,1785541089
2026-07-31T23:38:45Z,351,12,3,9,2,0,1,1,1,1785541025
2026-07-31T23:38:45Z,355,9,1,14,0,0,1,1,1,1785541108
2026-07-31T23:38:45Z,356,0,0,19,0,0,1,1,1,1785539768
2026-07-31T23:38:45Z,357,4,2,15,0,0,1,1,1,1785541113
2026-07-31T23:38:45Z,358,24,2,2,1,0,1,1,1,1785541075
2026-07-31T23:38:45Z,359,10,1,17,0,0,1,1,1,1785540065
2026-07-31T23:38:45Z,360,1,1,18,0,0,1,1,1,1785541067
2026-07-31T23:38:45Z,362,3,2,13,3,0,1,1,1,1785540505
2026-07-31T23:38:45Z,363,25,0,2,0,0,1,1,1,1785541012
2026-07-31T23:38:45Z,364,0,0,18,1,0,1,1,1,1785540678
2026-07-31T23:38:45Z,365,1,1,19,3,0,1,1,1,1785540500
2026-07-31T23:38:45Z,366,6,6,16,1,0,1,1,1,1785541065
2026-07-31T23:38:45Z,367,3,3,14,2,0,1,1,1,1785540744
2026-07-31T23:38:45Z,368,2,2,20,1,0,1,1,1,1785540248
2026-07-31T23:38:45Z,370,3,1,24,0,0,1,1,1,1785540777
2026-07-31T23:38:45Z,371,2,1,16,1,0,1,1,1,1785540708
2026-07-31T23:38:45Z,372,10,0,5,0,0,1,1,1,1785541115
2026-07-31T23:38:45Z,373,3,1,23,1,0,1,1,1,1785541000
2026-07-31T23:38:45Z,374,9,5,9,1,0,1,1,1,1785541019
2026-07-31T23:38:45Z,375,1,0,25,1,0,1,1,1,1785541047
2026-07-31T23:38:45Z,376,0,0,38,1,0,1,1,1,1785540377
2026-07-31T23:38:45Z,377,0,0,24,3,0,1,1,1,1785540801
2026-07-31T23:38:45Z,378,1,0,22,0,1,1,1,1,1785540979
2026-07-31T23:38:45Z,379,25,0,0,2,0,1,1,1,1785540940
2026-07-31T23:38:45Z,380,1,1,21,1,0,1,1,1,1785541034
2026-07-31T23:38:45Z,381,11,0,12,0,0,1,1,1,1785540920
2026-07-31T23:38:45Z,383,2,1,11,2,0,1,1,1,1785541026
2026-07-31T23:38:45Z,384,3,0,21,3,0,1,1,1,1785540940
2026-07-31T23:38:45Z,385,0,0,17,1,0,1,1,1,1785540743
2026-07-31T23:38:45Z,387,3,1,20,0,0,1,1,1,1785541056
2026-07-31T23:38:45Z,388,35,2,9,5,0,1,1,1,1785540617
2026-07-31T23:38:45Z,389,8,3,6,1,0,1,1,1,1785540211
2026-07-31T23:38:45Z,390,14,3,21,0,0,1,1,1,1785540985
2026-07-31T23:38:45Z,391,6,4,9,0,0,1,1,1,1785541106
2026-07-31T23:38:45Z,392,2,2,15,2,0,1,1,1,1785540960
2026-07-31T23:38:45Z,393,3,1,5,3,0,1,1,1,1785540151
2026-07-31T23:38:45Z,394,5,3,6,2,0,1,1,1,1785540654
2026-07-31T23:38:45Z,396,6,3,36,0,0,1,1,1,1785540837
2026-07-31T23:38:45Z,397,7,7,24,0,0,1,1,1,1785540670
2026-07-31T23:38:45Z,399,4,1,11,2,0,1,1,1,1785540669
2026-07-31T23:38:45Z,400,16,9,5,2,0,1,1,1,1785540196
2026-07-31T23:38:45Z,401,1,0,30,8,0,1,1,1,1785540604
2026-07-31T23:38:45Z,403,18,6,9,4,0,1,1,1,1785540839
2026-07-31T23:38:45Z,404,3,2,19,1,0,1,1,1,1785540615
2026-07-31T23:38:45Z,406,22,3,11,2,0,1,1,1,1785540635
2026-07-31T23:38:45Z,407,18,4,15,1,0,1,1,1,1785541111
2026-07-31T23:38:45Z,408,3,1,27,3,0,1,1,1,1785540908
2026-07-31T23:38:45Z,409,7,0,11,5,0,1,1,1,1785541060
2026-07-31T23:38:45Z,413,9,4,13,1,0,1,1,1,1785541108
2026-07-31T23:38:45Z,414,12,0,3,0,0,1,1,1,1785539905
2026-07-31T23:38:45Z,417,2,2,17,0,0,1,1,1,1785540759
2026-07-31T23:38:45Z,418,2,2,13,0,0,1,1,1,1785537921
2026-07-31T23:38:45Z,419,13,1,10,0,0,1,1,1,1785540686
2026-07-31T23:38:45Z,421,15,0,4,0,0,1,1,1,1785540641
2026-07-31T23:38:45Z,422,14,2,13,0,0,1,1,1,1785540931
2026-07-31T23:38:45Z,423,2,0,21,0,0,1,1,1,1785538595
2026-07-31T23:38:45Z,424,2,1,10,3,0,1,1,1,1785540450
2026-07-31T23:38:45Z,425,16,1,5,0,1,1,1,1,1785541036
2026-07-31T23:38:45Z,426,2,0,33,2,0,1,1,1,1785540067
2026-07-31T23:38:45Z,427,10,2,3,2,0,1,1,1,1785540954
2026-07-31T23:38:45Z,428,16,0,2,1,0,1,1,1,1785540753
2026-07-31T23:38:45Z,429,5,0,17,1,0,1,1,1,1785541068
2026-07-31T23:38:45Z,430,9,0,21,1,0,1,1,1,1785540720
2026-07-31T23:38:45Z,431,0,0,32,1,0,1,1,1,1785541036
2026-07-31T23:38:45Z,432,0,0,30,1,0,0,1,1,1785508564
2026-07-31T23:38:45Z,433,9,1,10,4,0,1,1,1,1785540176
2026-07-31T23:38:45Z,437,4,0,11,4,0,1,1,1,1785540731
2026-07-31T23:38:45Z,438,3,1,15,1,0,1,1,1,1785540902
2026-07-31T23:38:45Z,439,10,5,5,0,0,1,1,1,1785540673
2026-07-31T23:38:45Z,440,9,2,6,0,0,1,1,1,1785541058
2026-07-31T23:38:45Z,441,3,1,9,3,0,1,1,1,1785540070
2026-07-31T23:38:45Z,442,9,2,9,1,0,1,1,1,1785541112
2026-07-31T23:38:45Z,443,6,2,21,0,0,1,1,1,1785537918
2026-07-31T23:38:45Z,444,2,1,21,0,0,1,1,1,1785540370
2026-07-31T23:38:45Z,445,6,2,16,1,0,1,1,1,1785540820
2026-07-31T23:38:45Z,446,0,0,23,0,0,1,1,1,1785539316
2026-07-31T23:38:45Z,447,4,0,17,1,1,1,1,1,1785538957
2026-07-31T23:38:45Z,448,7,0,7,1,0,1,1,1,1785539001
2026-07-31T23:38:45Z,452,4,3,14,1,0,1,1,1,1785540371
2026-07-31T23:38:45Z,453,4,0,6,5,0,1,1,1,1785541115
2026-07-31T23:38:45Z,454,7,0,12,0,0,1,1,1,1785540606
2026-07-31T23:38:45Z,455,21,3,18,0,0,1,1,1,1785540364
2026-07-31T23:38:45Z,456,1,0,18,1,0,1,1,1,1785541066
2026-07-31T23:38:45Z,457,1,1,24,2,0,1,1,1,1785540522
2026-07-31T23:38:45Z,458,9,2,12,2,0,1,1,1,1785540802
2026-07-31T23:38:45Z,459,11,0,4,0,0,1,1,1,1785540975
2026-07-31T23:38:45Z,460,16,0,7,0,0,1,1,1,1785541051
2026-07-31T23:38:45Z,461,6,0,12,1,0,1,1,1,1785540947
2026-07-31T23:38:45Z,462,20,1,1,0,0,1,1,1,1785540805
2026-07-31T23:38:45Z,463,8,0,11,0,0,1,1,1,1785540966
2026-07-31T23:38:45Z,464,6,0,8,0,0,1,1,1,1785541103
2026-07-31T23:38:45Z,465,2,2,13,0,0,1,1,1,1785540312
2026-07-31T23:38:45Z,466,10,4,0,5,0,1,1,1,1785541096
2026-07-31T23:38:45Z,467,2,0,17,0,0,1,1,1,1785540657
2026-07-31T23:38:45Z,468,3,0,15,1,0,1,1,1,1785540114
2026-07-31T23:38:45Z,469,10,0,11,2,0,1,1,1,1785540667
2026-07-31T23:38:45Z,470,1,0,12,2,0,1,1,1,1785540874
2026-07-31T23:38:45Z,471,21,1,6,0,0,1,1,1,1785539859
2026-07-31T23:38:45Z,472,8,6,10,1,0,1,1,1,1785540931
2026-07-31T23:38:45Z,473,6,0,13,0,0,1,1,1,1785540318
2026-07-31T23:38:45Z,474,6,0,11,2,0,1,1,1,1785540076
2026-07-31T23:38:45Z,475,0,0,18,1,0,1,1,1,1785540875
2026-07-31T23:38:45Z,477,0,0,15,0,0,1,1,1,1785540840
2026-07-31T23:38:45Z,478,30,0,1,0,0,1,1,1,1785541120
2026-07-31T23:38:45Z,479,2,0,23,2,0,1,1,1,1785541102
2026-07-31T23:38:45Z,480,7,2,7,1,0,1,1,1,1785541105
2026-07-31T23:38:45Z,481,11,1,23,1,0,1,1,1,1785541072
2026-07-31T23:38:45Z,482,0,0,17,2,0,1,1,1,1785541041
2026-07-31T23:38:45Z,483,9,0,16,2,0,1,1,1,1785540894
2026-07-31T23:38:45Z,484,2,0,16,1,0,1,1,1,1785541062
2026-07-31T23:38:45Z,485,14,5,4,0,1,1,1,1,1785540928
2026-07-31T23:38:45Z,486,3,0,22,2,0,1,1,1,1785540876
2026-07-31T23:38:45Z,487,8,6,9,2,0,1,1,1,1785541098
2026-07-31T23:38:45Z,489,0,0,15,0,0,1,1,1,1785540962
2026-07-31T23:38:45Z,490,13,1,2,1,0,1,1,1,1785541033
2026-07-31T23:38:45Z,491,9,3,11,1,0,1,1,1,1785540979
2026-07-31T23:38:45Z,492,3,1,5,3,0,1,1,1,1785541117
2026-07-31T23:38:45Z,493,19,0,8,0,0,1,1,1,1785539181
2026-07-31T23:38:45Z,495,11,0,3,1,0,1,1,1,1785540552
2026-07-31T23:38:45Z,496,9,0,18,0,0,1,1,1,1785540612
2026-07-31T23:38:45Z,497,2,2,16,0,0,1,1,1,1785540635
2026-07-31T23:38:45Z,498,1,0,20,2,0,1,1,1,1785540814
2026-07-31T23:38:45Z,499,5,0,13,1,0,1,1,1,1785540984
2026-07-31T23:38:45Z,500,2,0,10,3,0,1,1,1,1785541054
2026-07-31T23:38:45Z,501,7,0,13,1,0,1,1,1,1785541065
2026-07-31T23:38:45Z,502,1,0,16,2,0,1,1,1,1785541053
2026-07-31T23:38:45Z,503,6,0,24,1,0,1,1,1,1785540581
2026-07-31T23:38:45Z,504,0,0,37,2,0,1,1,1,1785540401
2026-07-31T23:38:45Z,505,8,1,3,1,0,1,1,1,1785540807
2026-07-31T23:38:45Z,511,1,1,21,1,0,1,1,1,1785539414
2026-07-31T23:38:45Z,512,18,0,9,0,0,1,1,1,1785541042
2026-07-31T23:38:45Z,514,2,1,8,1,0,1,1,1,1785540167
2026-07-31T23:38:45Z,515,8,3,11,0,0,1,1,1,1785538616
2026-07-31T23:38:45Z,516,17,0,10,0,0,1,1,1,1785541075
2026-07-31T23:38:45Z,517,4,0,19,0,0,1,1,1,1785540436
2026-07-31T23:38:45Z,518,6,0,8,1,0,1,1,1,1785539094
2026-07-31T23:38:45Z,519,5,4,13,1,0,1,1,1,1785538253
2026-07-31T23:38:45Z,520,21,7,1,4,1,1,1,1,1785541119
2026-07-31T23:38:45Z,521,6,3,17,0,0,1,1,1,1785539641
2026-07-31T23:38:45Z,522,21,1,0,2,0,1,1,1,1785540966
2026-07-31T23:38:45Z,523,11,5,9,3,0,1,1,1,1785540733
2026-07-31T23:38:45Z,524,20,0,3,0,0,1,1,1,1785540999
2026-07-31T23:38:45Z,525,14,1,5,0,0,1,1,1,1785540923
2026-07-31T23:38:45Z,526,6,3,9,0,0,1,1,1,1785540450
2026-07-31T23:38:45Z,527,12,12,13,1,0,1,1,1,1785540975
2026-07-31T23:38:45Z,528,17,3,5,1,0,1,1,1,1785541112
2026-07-31T23:38:45Z,529,7,5,6,6,0,1,1,1,1785541118
2026-07-31T23:38:45Z,530,16,0,2,3,0,1,1,1,1785541004
2026-07-31T23:38:45Z,531,19,1,3,0,1,1,1,1,1785541116
2026-07-31T23:38:45Z,532,12,2,17,2,0,1,1,1,1785540797
2026-07-31T23:38:45Z,533,12,0,6,1,0,1,1,1,1785540654
2026-07-31T23:38:45Z,534,5,2,18,0,0,1,1,1,1785541074
2026-07-31T23:38:45Z,535,3,0,12,0,0,1,1,1,1785541094
2026-07-31T23:38:45Z,536,12,0,11,0,0,1,1,1,1785541092
2026-07-31T23:38:45Z,537,0,0,20,0,0,1,1,1,1785538365
2026-07-31T23:38:45Z,538,13,1,9,0,1,1,1,1,1785540774
2026-07-31T23:38:45Z,539,21,0,9,1,0,1,1,1,1785540993
2026-07-31T23:38:45Z,540,1,0,18,0,0,1,1,1,1785539973
2026-07-31T23:38:45Z,541,2,1,25,0,0,1,1,1,1785541120
2026-07-31T23:38:45Z,542,2,0,21,0,0,1,1,1,1785541114
2026-07-31T23:38:45Z,543,2,2,17,0,0,1,1,1,1785541095
2026-07-31T23:38:45Z,544,1,1,17,4,0,1,1,1,1785541036
2026-07-31T23:38:45Z,545,14,1,1,4,0,1,1,1,1785540962
2026-07-31T23:38:45Z,546,2,1,17,0,0,1,1,1,1785541028
2026-07-31T23:38:45Z,547,10,2,14,1,0,1,1,1,1785539514
2026-07-31T23:38:45Z,548,14,1,9,0,0,1,1,1,1785540532
2026-07-31T23:38:45Z,549,11,1,12,0,0,1,1,1,1785541114
2026-07-31T23:38:45Z,550,15,12,4,0,0,1,1,1,1785541030
2026-07-31T23:38:45Z,551,2,2,21,0,0,1,1,1,1785540311
2026-07-31T23:38:45Z,552,7,3,20,0,0,1,1,1,1785541058
2026-07-31T23:38:45Z,553,6,2,17,0,0,1,1,1,1785540863
2026-07-31T23:38:45Z,554,0,0,19,0,0,1,1,1,1785540502
2026-07-31T23:38:45Z,555,9,0,5,1,0,1,1,1,1785540434
2026-07-31T23:38:45Z,556,4,0,17,2,0,1,1,1,1785541039
2026-07-31T23:38:45Z,557,1,0,20,2,0,1,1,1,1785540857
2026-07-31T23:38:45Z,558,23,14,13,1,0,1,1,1,1785541023
2026-07-31T23:38:45Z,559,5,0,13,1,0,1,1,1,1785539741
2026-07-31T23:38:45Z,560,13,0,14,0,0,1,1,1,1785540852
2026-07-31T23:38:45Z,561,2,0,18,3,0,1,1,1,1785541045
2026-07-31T23:38:45Z,562,5,1,23,7,0,1,1,1,1785540560
2026-07-31T23:38:45Z,563,4,1,10,0,0,1,1,1,1785540415
2026-07-31T23:38:45Z,564,5,2,11,3,0,1,1,1,1785541022
2026-07-31T23:38:45Z,565,1,0,17,1,0,1,1,1,1785540372
2026-07-31T23:38:45Z,566,10,0,8,1,0,1,1,1,1785541060
2026-07-31T23:38:45Z,567,21,0,2,4,0,1,1,1,1785541114
2026-07-31T23:38:45Z,568,12,1,7,0,0,1,1,1,1785541113
2026-07-31T23:38:45Z,569,12,2,7,0,0,1,1,1,1785540009
2026-07-31T23:38:45Z,570,4,0,15,0,0,1,1,1,1785540832
2026-07-31T23:38:45Z,571,10,0,13,0,0,1,1,1,1785540873
2026-07-31T23:38:45Z,572,1,0,18,0,0,1,1,1,1785540589
2026-07-31T23:38:45Z,573,10,2,5,0,0,1,1,1,1785540619
2026-07-31T23:38:45Z,574,5,3,10,0,0,1,1,1,1785540551
2026-07-31T23:38:45Z,575,0,0,20,1,0,1,1,1,1785540398
2026-07-31T23:38:45Z,576,0,0,19,0,0,1,1,1,1785537344
2026-07-31T23:38:45Z,577,30,0,1,0,0,1,1,1,1785541112
2026-07-31T23:38:45Z,578,1,0,21,1,0,1,1,1,1785540971
2026-07-31T23:38:45Z,579,13,0,30,0,0,1,1,1,1785540833
2026-07-31T23:38:45Z,580,0,0,29,0,0,1,1,1,1785540010
2026-07-31T23:38:45Z,581,12,0,7,0,0,1,1,1,1785540496
2026-07-31T23:38:45Z,582,22,0,37,2,0,1,1,1,1785541064
2026-07-31T23:38:45Z,583,2,0,20,1,0,1,1,1,1785541094
2026-07-31T23:38:45Z,584,2,1,13,4,0,1,1,1,1785540857
2026-07-31T23:38:45Z,585,1,0,24,1,1,1,1,1,1785541006
2026-07-31T23:38:45Z,586,17,1,18,0,0,1,1,1,1785541109
2026-07-31T23:38:45Z,587,13,0,10,1,0,1,1,1,1785541073
2026-07-31T23:38:45Z,588,10,2,6,2,1,1,1,1,1785541105
2026-07-31T23:38:45Z,589,8,6,13,1,0,1,1,1,1785540858
2026-07-31T23:38:45Z,590,16,3,15,0,0,1,1,1,1785540742
2026-07-31T23:38:45Z,591,2,1,26,2,0,1,1,1,1785540962
2026-07-31T23:38:45Z,592,5,1,18,0,0,1,1,1,1785540958
2026-07-31T23:38:45Z,593,14,0,24,0,0,1,1,1,1785540593
2026-07-31T23:38:45Z,594,8,1,10,3,0,1,1,1,1785540679
2026-07-31T23:38:45Z,595,0,0,3,0,0,0,1,1,1784046673
2026-07-31T23:38:45Z,605,0,0,2,1,0,0,1,1,1783975843
2026-07-31T23:38:45Z,606,0,0,0,0,0,0,1,1,86400
2026-07-31T23:38:45Z,607,4,3,25,3,0,1,1,1,1785540988
2026-07-31T23:38:45Z,608,36,1,14,0,0,1,1,1,1785540552
2026-07-31T23:38:45Z,609,1,0,21,1,0,1,1,1,1785540918
2026-07-31T23:38:45Z,610,3,2,32,0,0,1,1,1,1785541105
2026-07-31T23:38:45Z,611,10,0,15,2,0,1,1,1,1785541000
2026-07-31T23:38:45Z,612,8,1,7,0,0,1,1,1,1785540313
2026-07-31T23:38:45Z,613,12,4,0,3,0,1,1,1,1785530289
2026-07-31T23:38:45Z,614,3,0,21,2,1,1,1,1,1785541110
2026-07-31T23:38:45Z,617,12,0,2,1,0,1,1,1,1785539975
2026-07-31T23:38:45Z,618,12,0,1,6,0,1,1,1,1785540570
2026-07-31T23:38:45Z,619,17,7,1,1,0,1,1,1,1785540879
2026-07-31T23:38:45Z,620,10,0,17,0,0,1,1,1,1785541032
2026-07-31T23:38:45Z,621,2,0,21,0,0,1,1,1,1785541109
2026-07-31T23:38:45Z,622,4,1,18,1,0,1,1,1,1785539669
2026-07-31T23:38:45Z,623,18,7,12,0,0,1,1,1,1785540483
2026-07-31T23:38:45Z,624,2,0,13,0,0,1,1,1,1785540388
2026-07-31T23:38:45Z,625,16,2,1,4,0,1,1,1,1785541056
2026-07-31T23:38:45Z,626,40,0,5,0,2,1,1,1,1785541000
2026-07-31T23:38:45Z,627,18,5,1,0,0,1,1,1,1785541014
2026-07-31T23:38:45Z,628,2,0,13,3,1,1,1,1,1785541037
2026-07-31T23:38:45Z,629,3,1,6,2,0,1,1,1,1785541055
2026-07-31T23:38:45Z,630,2,1,21,4,0,1,1,1,1785540851
2026-07-31T23:38:45Z,631,10,3,12,1,0,1,1,1,1785541120
2026-07-31T23:38:45Z,632,14,1,7,2,0,1,1,1,1785540844
2026-07-31T23:38:45Z,633,11,3,1,3,0,1,1,1,1785530006
2026-07-31T23:38:45Z,634,10,1,8,1,0,1,1,1,1785540777
2026-07-31T23:38:45Z,635,18,2,1,0,0,1,1,1,1785540365
2026-07-31T23:38:45Z,636,5,1,9,1,0,1,1,1,1785540643
2026-07-31T23:38:45Z,637,7,3,10,2,0,1,1,1,1785540637
2026-07-31T23:38:45Z,638,5,1,12,2,0,1,1,1,1785540884
2026-07-31T23:38:45Z,639,12,2,5,2,0,1,1,1,1785539600
2026-07-31T23:38:45Z,640,4,4,17,2,0,1,1,1,1785540918
2026-07-31T23:38:45Z,641,20,0,7,0,0,1,1,1,1785541028
2026-07-31T23:38:45Z,642,6,4,5,8,0,1,1,1,1785541118
2026-07-31T23:38:45Z,643,0,0,19,8,0,1,1,1,1785541117
2026-07-31T23:38:45Z,644,13,1,1,1,0,1,1,1,1785533615
2026-07-31T23:38:45Z,645,18,1,2,3,0,1,1,1,1785540861
2026-07-31T23:38:45Z,646,3,1,16,0,0,1,1,1,1785539353
2026-07-31T23:38:45Z,647,1,1,30,0,0,1,1,1,1785541030
2026-07-31T23:38:45Z,648,0,0,18,1,0,1,1,1,1785540303
2026-07-31T23:38:45Z,649,14,1,15,2,0,1,1,1,1785540861
2026-07-31T23:38:45Z,650,6,1,8,0,0,1,1,1,1785540994
2026-07-31T23:38:45Z,651,9,4,13,1,0,1,1,1,1785540863
2026-07-31T23:38:45Z,652,2,2,17,4,0,1,1,1,1785540901
2026-07-31T23:38:45Z,653,0,0,18,1,0,1,1,1,1785540821
2026-07-31T23:38:45Z,654,4,1,11,0,0,1,1,1,1785540379
2026-07-31T23:38:45Z,655,8,4,0,4,1,1,1,1,1785540825
2026-07-31T23:38:45Z,656,5,3,14,0,0,1,1,1,1785541028
2026-07-31T23:38:45Z,657,8,4,5,2,2,1,1,1,1785540861
2026-07-31T23:38:45Z,658,9,1,1,0,0,1,1,1,1785537787
2026-07-31T23:38:45Z,659,8,6,5,2,0,1,1,1,1785539517
2026-07-31T23:38:45Z,660,12,3,14,5,0,1,1,1,1785540887
2026-07-31T23:38:45Z,661,11,1,8,0,0,1,1,1,1785541101
2026-07-31T23:38:45Z,662,4,2,14,5,0,1,1,1,1785540224
2026-07-31T23:38:45Z,663,2,0,13,0,0,1,1,1,1785541012
2026-07-31T23:38:45Z,664,8,1,18,1,0,1,1,1,1785540707
2026-07-31T23:38:45Z,665,9,5,5,1,0,1,1,1,1785541079
2026-07-31T23:38:45Z,666,10,3,3,2,0,1,1,1,1785540293
2026-07-31T23:38:45Z,667,4,1,14,1,0,1,1,1,1785540915
2026-07-31T23:38:45Z,668,18,2,1,0,0,1,1,1,1785541082
2026-07-31T23:38:45Z,669,9,3,3,2,0,1,1,1,1785540783
2026-07-31T23:38:45Z,670,16,0,9,2,0,1,1,1,1785540571
2026-07-31T23:38:45Z,671,24,0,3,0,0,1,1,1,1785541110
2026-07-31T23:38:45Z,672,2,0,18,2,1,1,1,1,1785541104
2026-07-31T23:38:45Z,673,18,1,4,1,0,1,1,1,1785540971
2026-07-31T23:38:45Z,674,1,0,20,2,0,1,1,1,1785541044
2026-07-31T23:38:45Z,675,7,1,6,2,0,1,1,1,1785541011
2026-07-31T23:38:45Z,676,6,0,14,2,0,1,1,1,1785538653
2026-07-31T23:38:45Z,681,13,7,1,0,1,1,1,1,1785541045
2026-07-31T23:38:45Z,682,6,1,13,0,0,1,1,1,1785538950
2026-07-31T23:38:45Z,683,1,1,18,0,0,1,1,1,1785527602
2026-07-31T23:38:45Z,684,3,0,24,0,0,1,1,1,1785540780
2026-07-31T23:38:45Z,685,8,0,17,1,1,1,1,1,1785539631
2026-07-31T23:38:45Z,686,11,0,13,3,0,1,1,1,1785540906
2026-07-31T23:38:45Z,687,13,1,16,1,1,1,1,1,1785540933
2026-07-31T23:38:45Z,688,9,1,10,0,0,1,1,1,1785537082
2026-07-31T23:38:45Z,692,0,0,21,0,0,1,1,1,1785540260
2026-07-31T23:38:45Z,693,6,0,2,3,0,1,1,1,1785539685
2026-07-31T23:38:45Z,694,9,4,12,0,0,1,1,1,1785539562
2026-07-31T23:38:45Z,695,4,2,18,1,0,1,1,1,1785539984
2026-07-31T23:38:45Z,696,22,13,0,1,0,1,1,1,1785539866
2026-07-31T23:38:45Z,697,23,6,0,0,0,1,1,1,1785541086
2026-07-31T23:38:45Z,698,22,4,5,0,0,1,1,1,1785540814
2026-07-31T23:38:45Z,699,5,0,9,1,0,1,1,1,1785540081
2026-07-31T23:38:45Z,700,17,1,2,0,0,1,1,1,1785540667
2026-07-31T23:38:45Z,701,15,1,3,1,0,1,1,1,1785540904
2026-07-31T23:38:45Z,702,1,0,21,1,0,1,1,1,1785540926
2026-07-31T23:38:45Z,704,4,0,10,1,0,1,1,1,1785540860
2026-07-31T23:38:45Z,705,2,0,13,0,0,1,1,1,1785540329
2026-07-31T23:38:45Z,706,4,1,9,2,0,1,1,1,1785539642
2026-07-31T23:38:45Z,707,7,1,8,0,0,1,1,1,1785540404
2026-07-31T23:38:45Z,708,14,4,5,0,0,1,1,1,1785541031
2026-07-31T23:38:45Z,709,5,0,8,2,0,1,1,1,1785540325
2026-07-31T23:38:45Z,710,1,0,17,1,0,1,1,1,1785540635
2026-07-31T23:38:45Z,711,12,1,8,3,0,1,1,1,1785540280
2026-07-31T23:38:45Z,712,5,4,8,2,0,1,1,1,1785540551
2026-07-31T23:38:45Z,713,7,4,16,0,0,1,1,1,1785540823
2026-07-31T23:38:45Z,716,4,3,11,0,0,1,1,1,1785539994
2026-07-31T23:38:45Z,717,2,1,21,2,0,1,1,1,1785540640
2026-07-31T23:38:45Z,718,3,0,10,2,0,1,1,1,1785541094
2026-07-31T23:38:45Z,719,5,0,24,0,0,1,1,1,1785540659
2026-07-31T23:38:45Z,720,0,0,19,0,0,1,1,1,1785540258
2026-07-31T23:38:45Z,721,18,1,3,2,0,1,1,1,1785541117
2026-07-31T23:38:45Z,722,7,1,8,0,0,1,1,1,1785540038
2026-07-31T23:38:45Z,723,13,1,10,0,0,1,1,1,1785541036
2026-07-31T23:38:45Z,724,5,1,17,1,0,1,1,1,1785541039
2026-07-31T23:38:45Z,725,5,1,18,0,0,1,1,1,1785540906
2026-07-31T23:38:45Z,726,8,0,9,2,0,1,1,1,1785541017
2026-07-31T23:38:45Z,727,9,5,13,1,0,1,1,1,1785541121
2026-07-31T23:38:45Z,728,9,0,5,1,0,1,1,1,1785540626
2026-07-31T23:38:45Z,729,4,0,15,0,0,1,1,1,1785540312
2026-07-31T23:38:45Z,730,0,0,12,3,0,1,1,1,1785539346
2026-07-31T23:38:45Z,731,2,2,11,2,0,1,1,1,1785540311
2026-07-31T23:38:45Z,732,4,3,11,0,0,1,1,1,1785540523
2026-07-31T23:38:45Z,733,26,3,1,0,0,1,1,1,1785540968
2026-07-31T23:38:45Z,734,0,0,14,0,0,1,1,1,1785540542
2026-07-31T23:38:45Z,735,19,8,8,0,0,1,1,1,1785540992
2026-07-31T23:38:45Z,736,12,0,7,0,0,1,1,1,1785540741
2026-07-31T23:38:45Z,737,3,1,11,0,1,1,1,1,1785541103
2026-07-31T23:38:45Z,738,13,1,6,0,0,1,1,1,1785540691
2026-07-31T23:38:45Z,739,17,0,9,1,0,1,1,1,1785540522
2026-07-31T23:38:45Z,741,5,0,18,0,0,1,1,1,1785540640
2026-07-31T23:38:45Z,742,14,10,20,1,0,1,1,1,1785541093
2026-07-31T23:38:45Z,743,4,2,15,0,0,1,1,1,1785540916
2026-07-31T23:38:45Z,744,8,3,7,0,0,1,1,1,1785540481
2026-07-31T23:38:45Z,745,11,4,8,0,0,1,1,1,1785541036
2026-07-31T23:38:45Z,746,14,0,9,0,0,1,1,1,1785541065
2026-07-31T23:38:45Z,747,0,0,4,0,0,0,1,1,1783446606
2026-07-31T23:38:45Z,748,7,0,16,0,0,1,1,1,1785540090
2026-07-31T23:38:45Z,749,0,0,23,0,0,1,1,1,1785541003
2026-07-31T23:38:45Z,750,11,8,0,0,0,1,1,1,1785541111
2026-07-31T23:38:45Z,751,13,10,10,0,0,1,1,1,1785541077
2026-07-31T23:38:45Z,752,1,0,15,1,0,1,1,1,1785541100
2026-07-31T23:38:45Z,753,6,0,8,1,0,1,1,1,1785541095
2026-07-31T23:38:45Z,754,4,1,11,0,0,1,1,1,1785539844
2026-07-31T23:38:45Z,755,13,4,8,2,0,1,1,1,1785541119
2026-07-31T23:38:45Z,756,3,3,33,1,0,1,1,1,1785541105
2026-07-31T23:38:45Z,757,6,1,13,0,0,1,1,1,1785540816
2026-07-31T23:38:45Z,758,9,5,14,0,0,1,1,1,1785541120
2026-07-31T23:38:45Z,759,0,0,0,0,0,1,1,1,86400
2026-07-31T23:38:45Z,760,8,2,11,0,0,1,1,1,1785540991
2026-07-31T23:38:45Z,761,5,1,18,0,0,1,1,1,1785540509
2026-07-31T23:38:45Z,762,4,2,6,5,0,1,1,1,1785540356
2026-07-31T23:38:45Z,768,7,0,8,4,0,1,1,1,1785541049
2026-07-31T23:38:45Z,769,15,7,2,2,0,1,1,1,1785540873
2026-07-31T23:38:45Z,770,9,2,8,2,0,1,1,1,1785540889
2026-07-31T23:38:45Z,771,12,1,2,1,0,1,1,1,1785540288
2026-07-31T23:38:45Z,772,1,0,14,0,0,1,1,1,1785540889
2026-07-31T23:38:45Z,773,17,4,2,0,0,1,1,1,1785540749
2026-07-31T23:38:45Z,774,5,1,6,4,0,1,1,1,1785540600
2026-07-31T23:38:45Z,775,4,1,12,2,1,1,1,1,1785539021
2026-07-31T23:38:45Z,776,2,0,18,1,0,1,1,1,1785541115
2026-07-31T23:38:45Z,777,11,0,4,0,0,1,1,1,1785540635
2026-07-31T23:38:45Z,778,13,0,6,0,0,1,1,1,1785540736
2026-07-31T23:38:45Z,779,11,0,7,1,0,1,1,1,1785541054
2026-07-31T23:38:45Z,780,0,0,19,0,0,1,1,1,1785541083
2026-07-31T23:38:45Z,781,4,1,5,2,0,1,1,1,1785539596
2026-07-31T23:38:45Z,782,0,0,15,4,0,1,1,1,1785540529
2026-07-31T23:38:45Z,783,6,3,13,0,0,1,1,1,1785539756
2026-07-31T23:38:45Z,784,9,2,10,0,0,1,1,1,1785539373
2026-07-31T23:38:45Z,785,9,2,4,6,0,1,1,1,1785540039
2026-07-31T23:38:45Z,786,6,3,12,1,0,1,1,1,1785540277
2026-07-31T23:38:45Z,787,5,3,9,1,0,1,1,1,1785541019
2026-07-31T23:38:45Z,788,6,1,9,0,0,1,1,1,1785540333
2026-07-31T23:38:45Z,789,7,2,4,4,0,1,1,1,1785540438
2026-07-31T23:38:45Z,790,4,2,18,1,0,1,1,1,1785540974
2026-07-31T23:38:45Z,791,7,0,11,0,1,1,1,1,1785540605
2026-07-31T23:38:45Z,793,3,0,11,1,0,1,1,1,1785540557
2026-07-31T23:38:45Z,794,3,1,24,2,0,1,1,1,1785540972
2026-07-31T23:38:45Z,796,5,3,13,1,0,1,1,1,1785540463
2026-07-31T23:38:45Z,797,10,1,5,0,0,1,1,1,1785541002
2026-07-31T23:38:45Z,798,17,1,7,1,0,1,1,1,1785541041
2026-07-31T23:38:45Z,799,15,2,0,4,0,1,1,1,1785540426
2026-07-31T23:38:45Z,800,4,2,16,1,0,1,1,1,1785540833
2026-07-31T23:38:45Z,801,2,1,18,1,0,1,1,1,1785540694
2026-07-31T23:38:45Z,802,8,0,23,0,0,1,1,1,1785540716
2026-07-31T23:38:45Z,803,2,0,13,0,0,1,1,1,1785540204
2026-07-31T23:38:45Z,806,6,4,8,1,0,1,1,1,1785540310
2026-07-31T23:38:45Z,807,2,1,21,2,0,1,1,1,1785541113
2026-07-31T23:38:45Z,808,1,1,21,3,0,1,1,1,1785541044
2026-07-31T23:38:45Z,809,4,1,18,1,0,1,1,1,1785540472
2026-07-31T23:38:45Z,810,3,1,14,2,0,1,1,1,1785540837
2026-07-31T23:38:45Z,815,3,2,7,4,1,1,1,1,1785540842
2026-07-31T23:38:45Z,817,11,5,4,0,0,1,1,1,1785540403
2026-07-31T23:38:45Z,818,5,1,17,1,0,1,1,1,1785541113
2026-07-31T23:38:45Z,819,5,3,10,0,0,1,1,1,1785537833
2026-07-31T23:38:45Z,820,11,1,6,0,0,1,1,1,1785540846
2026-07-31T23:38:45Z,821,6,3,9,0,0,1,1,1,1785540530
2026-07-31T23:38:45Z,822,6,1,16,1,0,1,1,1,1785540999
2026-07-31T23:38:45Z,823,15,0,0,0,0,1,1,1,1785540047
2026-07-31T23:38:45Z,824,17,5,2,0,0,1,1,1,1785541043
2026-07-31T23:38:45Z,825,7,6,8,0,0,1,1,1,1785538987
2026-07-31T23:38:45Z,826,8,0,9,2,0,1,1,1,1785539622
2026-07-31T23:38:45Z,827,14,4,5,2,0,1,1,1,1785541099
2026-07-31T23:38:45Z,828,11,0,6,1,0,1,1,1,1785541120
2026-07-31T23:38:45Z,829,19,7,8,0,0,1,1,1,1785539948
2026-07-31T23:38:45Z,830,17,0,5,1,0,1,1,1,1785540942
2026-07-31T23:38:45Z,831,5,3,8,2,0,1,1,1,1785539964
2026-07-31T23:38:45Z,832,7,3,8,3,0,1,1,1,1785540857
2026-07-31T23:38:45Z,833,5,1,13,1,0,1,1,1,1785539900
2026-07-31T23:38:45Z,834,8,0,14,2,0,1,1,1,1785541026
2026-07-31T23:38:45Z,835,4,1,11,3,0,1,1,1,1785540988
2026-07-31T23:38:45Z,838,5,3,9,1,0,1,1,1,1785541094
2026-07-31T23:38:45Z,839,9,0,18,2,0,1,1,1,1785540639
2026-07-31T23:38:45Z,840,2,0,26,1,0,1,1,1,1785540107
2026-07-31T23:38:45Z,841,8,2,7,0,0,1,1,1,1785539946
2026-07-31T23:38:45Z,842,2,1,21,0,0,1,1,1,1785539895
2026-07-31T23:38:45Z,843,16,2,15,0,0,1,1,1,1785540297
2026-07-31T23:38:45Z,844,4,0,19,0,0,1,1,1,1785540210
2026-07-31T23:38:45Z,845,5,3,12,2,0,1,1,1,1785540236
2026-07-31T23:38:45Z,846,4,2,14,1,0,1,1,1,1785539374
2026-07-31T23:38:45Z,847,7,1,20,0,0,1,1,1,1785541116
2026-07-31T23:38:45Z,848,4,1,14,1,0,1,1,1,1785541078
2026-07-31T23:38:45Z,849,7,0,7,1,0,1,1,1,1785540992
2026-07-31T23:38:45Z,850,7,1,4,0,0,1,1,1,1785541065
2026-07-31T23:38:45Z,851,2,2,32,3,0,1,1,1,1785540727
2026-07-31T23:38:45Z,852,13,6,6,0,0,1,1,1,1785539907
2026-07-31T23:38:45Z,853,11,5,12,0,0,1,1,1,1785540908
2026-07-31T23:38:45Z,854,2,1,13,0,0,1,1,1,1785540840
2026-07-31T23:38:45Z,855,21,0,6,0,0,1,1,1,1785540475
2026-07-31T23:38:45Z,857,7,4,10,2,0,1,1,1,1785540928
2026-07-31T23:38:45Z,858,5,2,13,1,0,1,1,1,1785540813
2026-07-31T23:38:45Z,859,10,1,10,1,0,1,1,1,1785541030
2026-07-31T23:38:45Z,861,6,0,4,1,0,1,1,1,1785528609
2026-07-31T23:38:45Z,862,3,2,12,0,0,1,1,1,1785539992
2026-07-31T23:38:45Z,863,14,1,4,1,0,1,1,1,1785534680
2026-07-31T23:38:45Z,866,13,1,6,0,0,1,1,1,1785540388
2026-07-31T23:38:45Z,867,14,2,1,0,0,1,1,1,1785539594
2026-07-31T23:38:45Z,868,7,0,8,0,0,1,1,1,1785539854
2026-07-31T23:38:45Z,870,8,4,7,0,0,1,1,1,1785540085
2026-07-31T23:38:45Z,871,0,0,10,1,0,1,1,1,1785539397
2026-07-31T23:38:45Z,872,1,0,13,1,0,1,1,1,1785539989
2026-07-31T23:38:45Z,873,4,0,27,2,0,1,1,1,1785541070
2026-07-31T23:38:45Z,874,7,3,5,3,0,1,1,1,1785541048
2026-07-31T23:38:45Z,875,13,9,1,1,0,1,1,1,1785541118
2026-07-31T23:38:45Z,877,12,11,6,1,0,1,1,1,1785539694
2026-07-31T23:38:45Z,878,3,3,16,0,0,1,1,1,1785540263
2026-07-31T23:38:45Z,879,1,0,18,0,0,1,1,1,1785541113
2026-07-31T23:38:45Z,880,1,0,21,1,0,1,1,1,1785541116
2026-07-31T23:38:45Z,881,3,0,16,0,0,1,1,1,1785540129
2026-07-31T23:38:45Z,882,10,4,8,1,0,1,1,1,1785540148
2026-07-31T23:38:45Z,883,8,3,11,0,0,1,1,1,1785540308
2026-07-31T23:38:45Z,884,10,6,11,0,0,1,1,1,1785539790
2026-07-31T23:38:45Z,885,0,0,19,0,0,1,1,1,1785539924
2026-07-31T23:38:45Z,886,1,0,26,2,0,1,1,1,1785540906
2026-07-31T23:38:45Z,887,5,0,8,4,0,1,1,1,1785540655
2026-07-31T23:38:45Z,888,20,0,19,2,0,1,1,1,1785541107
2026-07-31T23:38:45Z,889,8,0,9,2,0,1,1,1,1785540651
2026-07-31T23:38:45Z,890,5,2,10,0,0,1,1,1,1785540679
2026-07-31T23:38:45Z,891,18,1,4,1,0,1,1,1,1785539477
2026-07-31T23:38:45Z,892,10,0,5,0,0,1,1,1,1785536903
2026-07-31T23:38:45Z,895,2,0,17,0,0,1,1,1,1785536824
2026-07-31T23:38:45Z,896,6,1,29,0,0,1,1,1,1785539956
2026-07-31T23:38:45Z,897,15,0,6,0,0,1,1,1,1785540164
2026-07-31T23:38:45Z,898,2,0,17,0,0,1,1,1,1785539834
2026-07-31T23:38:45Z,899,17,0,0,2,0,1,1,1,1785540885
2026-07-31T23:38:45Z,900,5,0,21,1,0,1,1,1,1785541078
2026-07-31T23:38:45Z,901,4,0,14,1,0,1,1,1,1785541075
2026-07-31T23:38:45Z,902,4,1,11,0,0,1,1,1,1785539940
2026-07-31T23:38:45Z,903,8,1,11,0,0,1,1,1,1785539839
2026-07-31T23:38:45Z,904,10,4,8,1,0,1,1,1,1785540241
2026-07-31T23:38:45Z,905,15,4,11,1,0,1,1,1,1785540279
2026-07-31T23:38:45Z,906,9,8,18,0,0,1,1,1,1785540844
2026-07-31T23:38:45Z,907,7,0,23,1,0,1,1,1,1785540945
2026-07-31T23:38:45Z,908,11,1,12,0,0,1,1,1,1785540943
2026-07-31T23:38:45Z,909,3,1,20,0,0,1,1,1,1785540597
2026-07-31T23:38:45Z,910,30,0,0,1,0,1,1,1,1785541017
2026-07-31T23:38:45Z,911,2,1,17,0,0,1,1,1,1785540153
2026-07-31T23:38:45Z,912,4,1,18,1,0,1,1,1,1785541118
2026-07-31T23:38:45Z,913,5,3,14,0,0,1,1,1,1785540768
2026-07-31T23:38:45Z,914,6,0,10,3,0,1,1,1,1785540867
2026-07-31T23:38:45Z,915,13,4,7,3,0,1,1,1,1785540646
2026-07-31T23:38:45Z,916,3,0,20,0,0,1,1,1,1785540792
2026-07-31T23:38:45Z,917,2,0,32,1,0,1,1,1,1785541044
2026-07-31T23:38:45Z,918,0,0,17,2,0,1,1,1,1785541015
2026-07-31T23:38:45Z,919,10,0,29,0,0,1,1,1,1785541116
2026-07-31T23:38:45Z,920,7,2,12,0,0,1,1,1,1785540544
2026-07-31T23:38:45Z,921,15,1,6,0,0,1,1,1,1785541100
2026-07-31T23:38:45Z,922,1,0,20,0,0,1,1,1,1785540939
2026-07-31T23:38:45Z,923,6,6,13,0,0,1,1,1,1785541018
2026-07-31T23:38:45Z,924,6,1,14,1,0,1,1,1,1785540944
2026-07-31T23:38:45Z,925,11,0,10,0,0,1,1,1,1785540458
2026-07-31T23:38:45Z,926,2,0,19,0,0,1,1,1,1785540524
2026-07-31T23:38:45Z,927,18,2,17,0,0,1,1,1,1785541120
2026-07-31T23:38:45Z,928,0,0,19,0,0,0,1,1,1785500252
2026-07-31T23:38:45Z,929,4,1,19,0,0,1,1,1,1785541109
2026-07-31T23:38:45Z,930,21,0,9,1,0,1,1,1,1785540918
2026-07-31T23:38:45Z,931,1,1,21,1,0,1,1,1,1785541068
2026-07-31T23:38:45Z,932,14,0,0,5,0,1,1,1,1785541113
2026-07-31T23:38:45Z,933,16,3,5,2,0,1,1,1,1785540982
2026-07-31T23:38:45Z,934,25,0,5,1,0,1,1,1,1785540909
2026-07-31T23:38:45Z,935,15,0,2,2,0,1,1,1,1785541095
2026-07-31T23:38:45Z,936,4,0,15,0,0,1,1,1,1785540436
2026-07-31T23:38:45Z,940,4,0,6,1,0,1,1,1,1785540711
2026-07-31T23:38:45Z,941,20,3,2,3,0,1,1,1,1785540864
2026-07-31T23:38:45Z,942,15,4,6,0,0,1,1,1,1785541038
2026-07-31T23:38:45Z,943,8,8,7,0,0,1,1,1,1785540066
2026-07-31T23:38:45Z,944,10,8,5,0,0,1,1,1,1785539919
2026-07-31T23:38:45Z,945,7,5,8,0,0,1,1,1,1785539443
2026-07-31T23:38:45Z,946,7,5,12,0,0,1,1,1,1785523835
2026-07-31T23:38:45Z,947,5,3,12,0,0,1,1,1,1785539941
2026-07-31T23:38:45Z,948,9,9,19,3,0,1,1,1,1785541006
2026-07-31T23:38:45Z,949,2,2,13,0,0,1,1,1,1785541102
2026-07-31T23:38:45Z,950,5,1,11,1,0,1,1,1,1785540514
2026-07-31T23:38:45Z,951,15,6,8,0,0,1,1,1,1785540924
2026-07-31T23:38:45Z,952,28,4,25,2,0,1,1,1,1785541107
2026-07-31T23:38:45Z,953,6,1,8,1,0,1,1,1,1785541014
2026-07-31T23:38:45Z,954,8,0,11,0,0,1,1,1,1785540922
2026-07-31T23:38:45Z,955,10,9,11,6,0,1,1,1,1785541066
2026-07-31T23:38:45Z,956,21,1,0,2,0,1,1,1,1785540294
2026-07-31T23:38:45Z,957,24,2,4,1,0,1,1,1,1785541103
2026-07-31T23:38:45Z,958,25,1,6,0,0,1,1,1,1785541097
2026-07-31T23:38:45Z,959,7,3,15,1,0,1,1,1,1785540420
2026-07-31T23:38:45Z,960,3,2,20,0,0,1,1,1,1785540869
2026-07-31T23:38:45Z,961,2,1,18,3,0,1,1,1,1785540961
2026-07-31T23:38:45Z,962,10,0,22,3,0,1,1,1,1785540334
2026-07-31T23:38:45Z,963,19,1,3,1,0,1,1,1,1785541101
2026-07-31T23:38:45Z,964,14,10,8,1,0,1,1,1,1785540196
2026-07-31T23:38:45Z,965,14,7,12,1,0,1,1,1,1785540350
2026-07-31T23:38:45Z,966,28,4,2,1,0,1,1,1,1785541047
2026-07-31T23:38:45Z,967,11,2,8,2,0,1,1,1,1785540864
2026-07-31T23:38:45Z,968,4,0,14,1,0,1,1,1,1785540566
2026-07-31T23:38:45Z,969,3,1,22,2,0,1,1,1,1785540590
2026-07-31T23:38:45Z,970,1,0,17,1,0,1,1,1,1785540523
2026-07-31T23:38:45Z,971,0,0,22,1,0,1,1,1,1785541002
2026-07-31T23:38:45Z,972,10,4,12,1,0,1,1,1,1785539960
2026-07-31T23:38:45Z,973,9,2,13,1,0,1,1,1,1785540596
2026-07-31T23:38:45Z,974,10,0,17,0,0,1,1,1,1785540749
2026-07-31T23:38:45Z,977,1,0,18,2,0,1,1,1,1785540800
2026-07-31T23:38:45Z,978,19,1,4,0,0,1,1,1,1785541119
2026-07-31T23:38:45Z,979,4,1,13,0,0,1,1,1,1785540792
2026-07-31T23:38:45Z,980,5,0,15,1,0,1,1,1,1785539650
2026-07-31T23:38:45Z,981,12,1,9,0,0,1,1,1,1785541094
2026-07-31T23:38:45Z,982,3,0,14,2,0,1,1,1,1785540001
2026-07-31T23:38:45Z,983,2,2,21,0,0,1,1,1,1785540474
2026-07-31T23:38:45Z,984,5,0,18,0,0,1,1,1,1785539834
2026-07-31T23:38:45Z,985,1,0,29,1,0,1,1,1,1785541014
2026-07-31T23:38:45Z,986,4,0,15,0,0,1,1,1,1785541012
2026-07-31T23:38:45Z,987,6,0,17,0,0,1,1,1,1785540590
2026-07-31T23:38:45Z,988,4,2,14,1,0,1,1,1,1785540177
2026-07-31T23:38:45Z,989,7,4,12,0,0,1,1,1,1785540973
2026-07-31T23:38:45Z,990,13,1,1,1,0,1,1,1,1785540159
2026-07-31T23:38:45Z,991,8,0,10,1,0,1,1,1,1785541077
2026-07-31T23:38:45Z,992,9,5,14,0,0,1,1,1,1785540807
2026-07-31T23:38:45Z,993,4,4,22,1,0,1,1,1,1785541093
2026-07-31T23:38:45Z,994,1,0,20,0,0,1,1,1,1785541057
2026-07-31T23:38:45Z,995,8,3,19,0,0,1,1,1,1785540346
2026-07-31T23:38:45Z,996,7,2,16,0,0,1,1,1,1785540544
2026-07-31T23:38:45Z,997,15,7,8,0,0,1,1,1,1785540968
2026-07-31T23:38:45Z,998,5,4,18,0,0,1,1,1,1785540351
2026-07-31T23:38:45Z,999,4,1,15,1,1,1,1,1,1785540200
2026-07-31T23:38:45Z,1000,0,0,21,0,0,1,1,1,1785540887
2026-07-31T23:38:45Z,1001,5,3,22,0,0,1,1,1,1785540428
2026-07-31T23:38:45Z,1002,1,0,29,1,0,1,1,1,1785540461
2026-07-31T23:38:45Z,1003,1,0,22,0,0,1,1,1,1785539984
2026-07-31T23:38:45Z,1004,8,2,15,0,0,1,1,1,1785539478
2026-07-31T23:38:45Z,1005,20,1,3,0,0,1,1,1,1785540176
2026-07-31T23:38:45Z,1006,8,4,11,0,0,1,1,1,1785539975
2026-07-31T23:38:45Z,1007,3,1,18,0,0,1,1,1,1785539621
2026-07-31T23:38:45Z,1008,8,7,15,0,0,1,1,1,1785540981
2026-07-31T23:38:45Z,1009,22,5,8,1,0,1,1,1,1785541086
2026-07-31T23:38:45Z,1010,7,2,20,0,0,1,1,1,1785539896
2026-07-31T23:38:45Z,1011,7,2,10,2,0,1,1,1,1785540347
2026-07-31T23:38:45Z,1012,5,3,16,2,0,1,1,1,1785539948
2026-07-31T23:38:45Z,1013,4,1,18,1,0,1,1,1,1785540512
2026-07-31T23:38:45Z,1014,9,4,14,0,0,1,1,1,1785540475
2026-07-31T23:38:45Z,1015,4,3,26,1,0,1,1,1,1785540838
2026-07-31T23:38:45Z,1016,10,5,21,0,0,1,1,1,1785539918
2026-07-31T23:38:45Z,1017,13,5,8,0,0,1,1,1,1785539338
2026-07-31T23:38:45Z,1018,6,2,16,0,0,1,1,1,1785540026
2026-07-31T23:38:45Z,1019,8,5,7,0,0,1,1,1,1785539879
2026-07-31T23:38:45Z,1020,19,5,2,0,0,1,1,1,1785541019
2026-07-31T23:38:45Z,1021,9,4,6,0,0,1,1,1,1785540681
2026-07-31T23:38:45Z,1022,14,0,13,0,0,1,1,1,1785540166
2026-07-31T23:38:45Z,1023,14,2,9,0,0,1,1,1,1785539783
2026-07-31T23:38:45Z,1024,3,1,16,0,0,1,1,1,1785540741
2026-07-31T23:38:45Z,1025,4,0,14,0,1,1,1,1,1785540153
2026-07-31T23:38:45Z,1026,10,8,19,2,0,1,1,1,1785541090
2026-07-31T23:38:45Z,1028,3,1,20,0,0,1,1,1,1785540122
2026-07-31T23:38:45Z,1029,11,9,4,0,0,1,1,1,1785540993
2026-07-31T23:38:45Z,1030,13,4,10,0,0,1,1,1,1785540819
2026-07-31T23:38:45Z,1031,9,1,10,0,0,1,1,1,1785541116
2026-07-31T23:38:45Z,1032,7,1,12,0,0,1,1,1,1785539972
2026-07-31T23:38:45Z,1033,10,6,9,0,0,1,1,1,1785540801
2026-07-31T23:38:45Z,1034,3,0,12,0,0,1,1,1,1785539947
2026-07-31T23:38:45Z,1035,1,0,17,1,0,1,1,1,1785540400
2026-07-31T23:38:45Z,1036,12,0,3,0,0,1,1,1,1785540839
2026-07-31T23:38:45Z,1037,1,1,17,1,0,1,1,1,1785540774
2026-07-31T23:38:45Z,1038,1,0,14,0,0,1,1,1,1785539635
2026-07-31T23:38:45Z,1039,6,0,13,0,0,1,1,1,1785540122
2026-07-31T23:38:45Z,1040,8,5,11,0,0,1,1,1,1785540029
2026-07-31T23:38:45Z,1041,11,2,8,0,0,1,1,1,1785539892
2026-07-31T23:38:45Z,1042,3,0,11,1,0,1,1,1,1785540032
2026-07-31T23:38:45Z,1043,7,3,12,0,0,1,1,1,1785540055
2026-07-31T23:38:45Z,1044,3,2,12,0,0,1,1,1,1785540880
2026-07-31T23:38:45Z,1045,8,1,11,0,0,1,1,1,1785539958
2026-07-31T23:38:45Z,1046,9,0,6,0,0,1,1,1,1785539324
2026-07-31T23:38:45Z,1047,4,2,17,0,0,1,1,1,1785540746
2026-07-31T23:38:45Z,1048,4,2,15,0,0,1,1,1,1785539934
2026-07-31T23:38:45Z,1049,2,1,19,0,0,1,1,1,1785540047
2026-07-31T23:38:45Z,1050,19,3,2,0,0,1,1,1,1785541065
2026-07-31T23:38:45Z,1051,8,4,13,0,0,1,1,1,1785541079
2026-07-31T23:38:45Z,1052,17,1,4,1,0,1,1,1,1785539836
2026-07-31T23:38:45Z,1053,2,1,13,0,0,1,1,1,1785540951
2026-07-31T23:38:45Z,1054,7,2,8,0,0,1,1,1,1785540076
2026-07-31T23:38:45Z,1055,8,0,11,0,0,1,1,1,1785540105
2026-07-31T23:38:45Z,1057,3,0,16,0,0,1,1,1,1785540957
2026-07-31T23:38:45Z,1058,2,0,54,0,0,1,1,1,1785540913
2026-07-31T23:38:45Z,1059,6,2,12,1,0,1,1,1,1785540693
2026-07-31T23:38:45Z,1060,20,1,16,1,0,1,1,1,1785541112
2026-07-31T23:38:45Z,1061,20,0,17,0,0,1,1,1,1785540993
2026-07-31T23:38:45Z,1062,14,0,3,0,0,1,1,1,1785540605
2026-07-31T23:38:45Z,1063,12,1,6,1,0,1,1,1,1785540015
2026-07-31T23:38:45Z,1064,5,0,17,1,0,1,1,1,1785540390
2026-07-31T23:38:45Z,1065,13,3,10,0,0,1,1,1,1785541039
2026-07-31T23:38:45Z,1066,12,3,11,0,0,1,1,1,1785540455
2026-07-31T23:38:45Z,1067,7,1,14,2,0,1,1,1,1785540732
2026-07-31T23:38:45Z,1068,6,2,14,3,0,1,1,1,1785540281
2026-07-31T23:38:45Z,1069,12,3,11,0,0,1,1,1,1785540270
2026-07-31T23:38:45Z,1070,12,2,11,0,0,1,1,1,1785540374
2026-07-31T23:38:45Z,1071,8,4,15,0,0,1,1,1,1785540412
2026-07-31T23:38:45Z,1072,11,1,11,1,0,1,1,1,1785540645
2026-07-31T23:38:45Z,1073,5,0,21,1,0,1,1,1,1785540341
2026-07-31T23:38:45Z,1074,29,1,23,1,0,1,1,1,1785541041
2026-07-31T23:38:45Z,1075,8,8,13,0,0,1,1,1,1785541122
2026-07-31T23:38:45Z,1076,12,10,9,0,0,1,1,1,1785541043
2026-07-31T23:38:45Z,1077,13,8,8,0,0,1,1,1,1785540927
2026-07-31T23:38:45Z,1078,9,8,12,0,0,1,1,1,1785541079
2026-07-31T23:38:45Z,1079,12,8,9,0,0,1,1,1,1785540646
2026-07-31T23:38:45Z,1080,12,9,7,2,0,1,1,1,1785539808
2026-07-31T23:38:45Z,1081,11,6,8,0,0,1,1,1,1785540798
2026-07-31T23:38:45Z,1082,11,9,11,1,0,1,1,1,1785539881
2026-07-31T23:38:45Z,1083,12,11,9,0,0,1,1,1,1785540151
2026-07-31T23:38:45Z,1084,9,7,12,0,0,1,1,1,1785539765
2026-07-31T23:38:45Z,1085,12,9,9,0,0,1,1,1,1785539487
2026-07-31T23:38:45Z,1086,10,9,10,1,0,1,1,1,1785540181
2026-07-31T23:38:45Z,1087,9,7,6,0,0,1,1,1,1785541053
2026-07-31T23:38:45Z,1088,8,7,7,0,0,1,1,1,1785540936
2026-07-31T23:38:45Z,1089,9,7,6,0,0,1,1,1,1785539647
2026-07-31T23:38:45Z,1090,5,4,10,0,0,1,1,1,1785540816
2026-07-31T23:38:45Z,1091,6,4,9,0,0,1,1,1,1785540960
2026-07-31T23:38:45Z,1092,8,7,7,0,0,1,1,1,1785540345
2026-07-31T23:38:45Z,1093,5,5,9,1,0,1,1,1,1785541020
2026-07-31T23:38:45Z,1094,10,9,9,0,0,1,1,1,1785539966
2026-07-31T23:38:45Z,1095,10,8,5,0,0,1,1,1,1785539936
2026-07-31T23:38:45Z,1096,12,9,7,0,0,1,1,1,1785540346
2026-07-31T23:38:45Z,1097,8,8,7,0,0,1,1,1,1785540530
2026-07-31T23:38:45Z,1098,10,7,9,0,0,1,1,1,1785540013
2026-07-31T23:38:45Z,1099,7,6,8,0,0,1,1,1,1785539801
2026-07-31T23:38:45Z,1100,6,4,23,0,0,1,1,1,1785532207
2026-07-31T23:38:45Z,1101,8,3,13,0,0,1,1,1,1785540442
2026-07-31T23:38:45Z,1102,9,4,4,0,0,1,1,1,1785540734
2026-07-31T23:38:45Z,1103,11,5,10,0,0,1,1,1,1785503681
2026-07-31T23:38:45Z,1104,11,6,10,0,0,1,1,1,1785539484
2026-07-31T23:38:45Z,1105,8,4,5,0,0,1,1,1,1785540615
2026-07-31T23:38:45Z,1106,10,5,11,0,0,1,1,1,1785539824
2026-07-31T23:38:45Z,1107,9,5,6,0,0,1,1,1,1785540060
2026-07-31T23:38:45Z,1108,8,4,16,2,1,1,1,1,1785540678
2026-07-31T23:38:45Z,1109,7,3,8,0,0,1,1,1,1785539999
2026-07-31T23:38:45Z,1110,11,3,10,0,0,1,1,1,1785539347
2026-07-31T23:38:45Z,1111,14,3,6,1,0,1,1,1,1785540802
2026-07-31T23:38:45Z,1112,25,3,28,0,0,1,1,1,1785540827
2026-07-31T23:38:45Z,1113,0,0,21,0,0,1,1,1,1785541071
2026-07-31T23:38:45Z,1115,16,2,3,4,0,1,1,1,1785540671
2026-07-31T23:38:45Z,1116,8,1,11,0,0,1,1,1,1785539992
2026-07-31T23:38:45Z,1117,7,2,15,1,0,1,1,1,1785540841
2026-07-31T23:38:45Z,1118,17,2,4,0,0,1,1,1,1785541122
2026-07-31T23:38:45Z,1119,6,1,11,0,0,1,1,1,1785540981
2026-07-31T23:38:45Z,1120,6,0,12,1,0,1,1,1,1785541094
2026-07-31T23:38:45Z,1121,11,1,8,2,0,1,1,1,1785540541
2026-07-31T23:38:45Z,1122,5,3,15,1,0,1,1,1,1785540709
2026-07-31T23:38:45Z,1123,15,7,6,2,0,1,1,1,1785540995
2026-07-31T23:38:45Z,1124,9,1,5,1,0,1,1,1,1785541025
2026-07-31T23:38:45Z,1125,17,1,6,0,0,1,1,1,1785540373
2026-07-31T23:38:45Z,1126,4,1,17,0,0,1,1,1,1785541121
2026-07-31T23:38:45Z,1127,0,0,19,0,0,1,1,1,1785540752
2026-07-31T23:38:45Z,1128,2,0,13,0,0,1,1,1,1785541101
2026-07-31T23:38:45Z,1129,0,0,19,2,0,1,1,1,1785541000
2026-07-31T23:38:45Z,1130,15,0,0,0,0,1,1,1,1785540484
2026-07-31T23:38:45Z,1131,1,0,47,1,0,1,1,1,1785541107
2026-07-31T23:38:45Z,1132,11,3,9,1,0,1,1,1,1785539868
2026-07-31T23:38:45Z,1133,2,1,17,2,0,1,1,1,1785540817
2026-07-31T23:38:45Z,1134,12,6,7,0,0,1,1,1,1785540505
2026-07-31T23:38:45Z,1135,12,6,9,0,0,1,1,1,1785539630
2026-07-31T23:38:45Z,1136,14,1,9,0,0,1,1,1,1785540208
2026-07-31T23:38:45Z,1137,11,1,4,0,0,1,1,1,1785539871
2026-07-31T23:38:45Z,1138,4,0,15,0,0,1,1,1,1785540472
2026-07-31T23:38:45Z,1139,12,3,8,1,0,1,1,1,1785540938
2026-07-31T23:38:45Z,1140,2,1,19,2,0,1,1,1,1785540488
2026-07-31T23:38:45Z,1141,16,2,2,3,0,1,1,1,1785541042
2026-07-31T23:38:45Z,1142,5,0,16,0,0,1,1,1,1785540636
2026-07-31T23:38:45Z,1143,23,1,5,1,0,1,1,1,1785541037
2026-07-31T23:38:45Z,1144,8,0,12,1,0,1,1,1,1785540898
2026-07-31T23:38:45Z,1145,11,5,9,1,0,1,1,1,1785540406
2026-07-31T23:38:45Z,1146,10,4,5,4,0,1,1,1,1785540980
2026-07-31T23:38:45Z,1147,18,1,1,0,0,1,1,1,1785541037
2026-07-31T23:38:45Z,1148,1,0,30,0,0,1,1,1,1785540818
2026-07-31T23:38:45Z,1149,4,1,16,5,0,1,1,1,1785540636
2026-07-31T23:38:45Z,1150,1,0,18,0,0,1,1,1,1785540677
2026-07-31T23:38:45Z,1151,8,0,13,0,0,1,1,1,1785540655
2026-07-31T23:38:45Z,1152,6,1,23,0,0,1,1,1,1785540473
2026-07-31T23:38:45Z,1153,21,4,1,1,0,1,1,1,1785540729
2026-07-31T23:38:45Z,1154,6,1,13,0,0,1,1,1,1785541113
2026-07-31T23:38:45Z,1155,6,4,11,4,0,1,1,1,1785540832
2026-07-31T23:38:45Z,1158,3,1,16,0,0,1,1,1,1785539876
2026-07-31T23:38:45Z,1159,14,2,5,0,0,1,1,1,1785541051
2026-07-31T23:38:45Z,1160,6,2,13,0,0,1,1,1,1785540904
2026-07-31T23:38:45Z,1161,3,0,15,1,0,1,1,1,1785540375
2026-07-31T23:38:45Z,1162,4,0,15,0,0,1,1,1,1785540633
2026-07-31T23:38:45Z,1163,2,1,16,1,0,1,1,1,1785539997
2026-07-31T23:38:45Z,1164,5,1,14,0,0,1,1,1,1785540053
2026-07-31T23:38:45Z,1165,1,0,20,0,0,1,1,1,1785540803
2026-07-31T23:38:45Z,1166,13,3,7,1,0,1,1,1,1785540358
2026-07-31T23:38:45Z,1167,4,0,11,0,0,1,1,1,1785539718
2026-07-31T23:38:45Z,1168,2,0,19,2,0,1,1,1,1785540848
2026-07-31T23:38:45Z,1169,3,0,15,1,0,1,1,1,1785539900
2026-07-31T23:38:45Z,1170,2,1,19,0,0,1,1,1,1785540303
2026-07-31T23:38:45Z,1171,7,7,16,0,0,1,1,1,1785540010
2026-07-31T23:38:45Z,1172,6,0,7,2,0,1,1,1,1785540595
2026-07-31T23:38:45Z,1173,13,4,6,0,0,1,1,1,1785540159
2026-07-31T23:38:45Z,1174,4,0,11,0,0,1,1,1,1785539796
2026-07-31T23:38:45Z,1175,4,2,15,0,0,1,1,1,1785535612
2026-07-31T23:38:45Z,1176,8,2,13,0,0,1,1,1,1785539390
2026-07-31T23:38:45Z,1177,3,2,18,0,0,1,1,1,1785540051
2026-07-31T23:38:45Z,1178,5,2,10,0,0,1,1,1,1785539710
2026-07-31T23:38:45Z,1181,13,1,2,0,0,1,1,1,1785539968
2026-07-31T23:38:45Z,1182,11,4,9,0,0,1,1,1,1785540801
2026-07-31T23:38:45Z,1183,5,0,38,2,0,1,1,1,1785540953
2026-07-31T23:38:45Z,1184,9,8,8,4,0,1,1,1,1785540682
2026-07-31T23:38:45Z,1185,10,6,11,0,0,1,1,1,1785539459
2026-07-31T23:38:45Z,1186,9,5,10,0,0,1,1,1,1785540429
2026-07-31T23:38:45Z,1187,10,5,10,1,0,1,1,1,1785540644
2026-07-31T23:38:45Z,1188,10,5,5,0,0,1,1,1,1785540055
2026-07-31T23:38:45Z,1189,8,3,11,0,0,1,1,1,1785540192
2026-07-31T23:38:45Z,1190,9,4,12,0,0,1,1,1,1785539612
2026-07-31T23:38:45Z,1191,10,5,5,0,0,1,1,1,1785540058
2026-07-31T23:38:45Z,1192,11,7,9,1,0,1,1,1,1785539977
2026-07-31T23:38:45Z,1193,6,4,5,2,0,1,1,1,1785540832
2026-07-31T23:38:45Z,1197,9,6,7,1,0,1,1,1,1785540839
2026-07-31T23:38:45Z,1198,13,4,6,2,0,1,1,1,1785540501
2026-07-31T23:38:45Z,1199,3,0,16,0,0,1,1,1,1785540500
2026-07-31T23:38:45Z,1200,7,4,8,0,0,1,1,1,1785540960
2026-07-31T23:38:45Z,1201,9,4,6,0,0,1,1,1,1785540070
2026-07-31T23:38:45Z,1202,11,6,4,0,0,1,1,1,1785540355
2026-07-31T23:38:45Z,1203,11,5,4,0,0,1,1,1,1785540079
2026-07-31T23:38:45Z,1204,7,4,12,0,0,1,1,1,1785539858
2026-07-31T23:38:45Z,1206,11,5,10,0,0,1,1,1,1785540918
2026-07-31T23:38:45Z,1207,8,4,6,1,0,1,1,1,1785540388
2026-07-31T23:38:45Z,1208,10,4,9,0,0,1,1,1,1785540340
2026-07-31T23:38:45Z,1216,9,0,11,1,0,1,1,1,1785539315
2026-07-31T23:38:45Z,1218,2,0,19,0,0,1,1,1,1785539771
2026-07-31T23:38:45Z,1219,2,1,10,3,0,1,1,1,1785539991
2026-07-31T23:38:45Z,1220,16,6,3,0,0,1,1,1,1785539361
2026-07-31T23:38:45Z,1221,1,1,19,1,0,1,1,1,1785540885
2026-07-31T23:38:45Z,1222,26,2,3,0,0,1,1,1,1785541084
2026-07-31T23:38:45Z,1223,26,3,2,1,0,1,1,1,1785541044
2026-07-31T23:38:45Z,1226,0,0,3,0,0,0,1,1,1781868931
2026-07-31T23:38:45Z,1227,4,0,20,1,0,1,1,1,1785540997
2026-07-31T23:38:45Z,1228,1,0,27,1,0,1,1,1,1785540830
2026-07-31T23:38:45Z,1229,42,0,3,0,0,1,1,1,1785540931
2026-07-31T23:43:45Z,1,17,0,6,0,0,1,1,1,1785541167
2026-07-31T23:43:45Z,2,15,0,9,3,0,1,1,1,1785541404
2026-07-31T23:43:45Z,3,7,0,6,1,0,1,1,1,1785540296
2026-07-31T23:43:45Z,4,20,0,1,1,0,1,1,1,1785541377
2026-07-31T23:43:45Z,5,17,4,2,4,0,1,1,1,1785540518
2026-07-31T23:43:45Z,6,4,1,11,0,0,1,1,1,1785540275
2026-07-31T23:43:45Z,7,7,0,32,0,0,1,1,1,1785541072
2026-07-31T23:43:45Z,8,13,1,30,0,0,1,1,1,1785541420
2026-07-31T23:43:45Z,9,12,1,11,0,0,1,1,1,1785541367
2026-07-31T23:43:45Z,10,4,2,16,3,0,1,1,1,1785540889
2026-07-31T23:43:45Z,11,2,0,16,1,0,1,1,1,1785541371
2026-07-31T23:43:45Z,12,5,0,18,0,0,1,1,1,1785541397
2026-07-31T23:43:45Z,13,14,0,15,1,0,1,1,1,1785541411
2026-07-31T23:43:45Z,14,28,1,14,0,1,1,1,1,1785541053
2026-07-31T23:43:45Z,15,12,0,3,0,0,1,1,1,1785540777
2026-07-31T23:43:45Z,16,2,0,22,2,1,1,1,1,1785541005
2026-07-31T23:43:45Z,17,25,1,1,1,0,1,1,1,1785540971
2026-07-31T23:43:45Z,18,6,0,10,2,0,1,1,1,1785541282
2026-07-31T23:43:45Z,19,13,0,13,1,0,1,1,1,1785541373
2026-07-31T23:43:45Z,20,24,1,11,0,0,1,1,1,1785541103
2026-07-31T23:43:45Z,21,12,0,4,3,0,1,1,1,1785541228
2026-07-31T23:43:45Z,22,19,0,46,0,0,1,1,1,1785541404
2026-07-31T23:43:45Z,23,27,8,4,0,0,1,1,1,1785541024
2026-07-31T23:43:45Z,24,7,0,3,1,0,1,1,1,1785541415
2026-07-31T23:43:45Z,25,75,2,4,2,0,1,1,1,1785541352
2026-07-31T23:43:45Z,26,0,0,27,0,0,1,1,1,1785541149
2026-07-31T23:43:45Z,28,8,0,7,0,0,1,1,1,1785541314
2026-07-31T23:43:45Z,30,21,0,6,2,0,1,1,1,1785541377
2026-07-31T23:43:45Z,31,13,1,5,1,0,1,1,1,1785541341
2026-07-31T23:43:45Z,32,23,3,4,0,0,1,1,1,1785541040
2026-07-31T23:43:45Z,34,13,1,24,0,0,1,1,1,1785541405
2026-07-31T23:43:45Z,35,44,2,3,0,0,1,1,1,1785541412
2026-07-31T23:43:45Z,36,0,0,0,0,0,0,1,1,86400
2026-07-31T23:43:45Z,37,12,2,10,1,0,1,1,1,1785540999
2026-07-31T23:43:45Z,38,6,2,17,0,0,1,1,1,1785540850
2026-07-31T23:43:45Z,39,11,0,28,0,0,1,1,1,1785541258
2026-07-31T23:43:45Z,40,4,0,17,0,0,1,1,1,1785540893
2026-07-31T23:43:45Z,41,19,0,24,0,0,1,1,1,1785541184
2026-07-31T23:43:45Z,42,3,3,28,0,0,1,1,1,1785541070
2026-07-31T23:43:45Z,43,8,2,15,0,0,1,1,1,1785540946
2026-07-31T23:43:45Z,45,1,0,28,0,0,1,1,1,1785539388
2026-07-31T23:43:45Z,46,3,1,26,2,0,1,1,1,1785541297
2026-07-31T23:43:45Z,47,6,3,8,1,0,1,1,1,1785541367
2026-07-31T23:43:45Z,48,15,0,12,0,0,1,1,1,1785541031
2026-07-31T23:43:45Z,49,0,0,19,4,0,1,1,1,1785541418
2026-07-31T23:43:45Z,50,4,4,13,2,0,1,1,1,1785541265
2026-07-31T23:43:45Z,51,25,0,52,0,0,1,1,1,1785540619
2026-07-31T23:43:45Z,52,4,0,20,3,0,1,1,1,1785541131
2026-07-31T23:43:45Z,55,4,0,17,2,0,1,1,1,1785541388
2026-07-31T23:43:45Z,56,3,1,40,0,0,1,1,1,1785541385
2026-07-31T23:43:45Z,57,23,2,4,0,0,1,1,1,1785541186
2026-07-31T23:43:45Z,58,8,0,20,0,0,1,1,1,1785540566
2026-07-31T23:43:45Z,59,4,1,21,2,0,1,1,1,1785541375
2026-07-31T23:43:45Z,61,32,0,7,0,0,1,1,1,1785541420
2026-07-31T23:43:45Z,62,13,5,36,0,0,1,1,1,1785541315
2026-07-31T23:43:45Z,63,5,3,14,0,0,1,1,1,1785541375
2026-07-31T23:43:45Z,64,10,1,5,4,0,1,1,1,1785535815
2026-07-31T23:43:45Z,65,8,4,10,1,0,1,1,1,1785540492
2026-07-31T23:43:45Z,67,4,0,35,0,0,1,1,1,1785540879
2026-07-31T23:43:45Z,68,32,0,4,1,0,1,1,1,1785541344
2026-07-31T23:43:45Z,69,5,1,10,0,0,1,1,1,1785541399
2026-07-31T23:43:45Z,71,8,1,17,2,0,1,1,1,1785541396
2026-07-31T23:43:45Z,72,23,3,5,2,1,1,1,1,1785540993
2026-07-31T23:43:45Z,73,2,0,29,0,0,1,1,1,1785541250
2026-07-31T23:43:45Z,74,2,2,17,0,0,1,1,1,1785541403
2026-07-31T23:43:45Z,75,6,0,25,1,0,1,1,1,1785541390
2026-07-31T23:43:45Z,76,3,0,15,1,0,1,1,1,1785541419
2026-07-31T23:43:45Z,77,16,1,10,1,0,1,1,1,1785540801
2026-07-31T23:43:45Z,78,2,1,21,0,0,1,1,1,1785541417
2026-07-31T23:43:45Z,79,0,0,16,1,0,1,1,1,1785540916
2026-07-31T23:43:45Z,80,17,1,3,3,0,1,1,1,1785541261
2026-07-31T23:43:45Z,81,10,1,21,0,0,1,1,1,1785540533
2026-07-31T23:43:45Z,82,11,11,11,1,0,1,1,1,1785540997
2026-07-31T23:43:45Z,83,10,1,23,1,0,1,1,1,1785541091
2026-07-31T23:43:45Z,84,15,1,12,0,0,1,1,1,1785541407
2026-07-31T23:43:45Z,85,9,0,6,0,0,1,1,1,1785540942
2026-07-31T23:43:45Z,86,9,4,18,0,0,1,1,1,1785541096
2026-07-31T23:43:45Z,87,0,0,19,0,0,1,1,1,1785533075
2026-07-31T23:43:45Z,88,20,1,22,1,0,1,1,1,1785541402
2026-07-31T23:43:45Z,89,14,0,21,0,0,1,1,1,1785540685
2026-07-31T23:43:45Z,90,16,0,1,1,0,1,1,1,1785540942
2026-07-31T23:43:45Z,91,8,0,9,0,0,1,1,1,1785541419
2026-07-31T23:43:45Z,92,5,2,11,3,0,1,1,1,1785541257
2026-07-31T23:43:45Z,93,7,0,15,1,0,1,1,1,1785541116
2026-07-31T23:43:45Z,94,10,0,8,1,0,1,1,1,1785541284
2026-07-31T23:43:45Z,95,7,0,26,1,1,1,1,1,1785541421
2026-07-31T23:43:45Z,96,18,5,12,1,0,1,1,1,1785541354
2026-07-31T23:43:45Z,97,7,0,9,1,0,1,1,1,1785541391
2026-07-31T23:43:45Z,98,27,6,7,1,0,1,1,1,1785541295
2026-07-31T23:43:45Z,99,14,0,1,0,0,1,1,1,1785540874
2026-07-31T23:43:45Z,100,14,0,13,0,0,1,1,1,1785541344
2026-07-31T23:43:45Z,101,8,2,6,1,0,1,1,1,1785541391
2026-07-31T23:43:45Z,102,19,0,3,1,0,1,1,1,1785540914
2026-07-31T23:43:45Z,103,12,0,18,0,0,1,1,1,1785541404
2026-07-31T23:43:45Z,104,11,0,14,2,0,1,1,1,1785541410
2026-07-31T23:43:45Z,105,17,0,2,0,0,1,1,1,1785535842
2026-07-31T23:43:45Z,106,18,0,2,1,0,1,1,1,1785538929
2026-07-31T23:43:45Z,107,20,0,16,1,0,1,1,1,1785540597
2026-07-31T23:43:45Z,108,30,4,2,3,0,1,1,1,1785541212
2026-07-31T23:43:45Z,109,5,0,18,0,0,1,1,1,1785541415
2026-07-31T23:43:45Z,110,17,0,6,0,0,1,1,1,1785541416
2026-07-31T23:43:45Z,111,5,0,31,0,0,1,1,1,1785541132
2026-07-31T23:43:45Z,112,2,1,12,2,0,1,1,1,1785541415
2026-07-31T23:43:45Z,113,2,0,16,1,0,1,1,1,1785541177
2026-07-31T23:43:45Z,114,10,3,18,2,1,1,1,1,1785541329
2026-07-31T23:43:45Z,115,18,11,5,5,0,1,1,1,1785541337
2026-07-31T23:43:45Z,116,14,9,13,0,0,1,1,1,1785541092
2026-07-31T23:43:45Z,118,19,1,1,3,0,1,1,1,1785540956
2026-07-31T23:43:45Z,119,0,0,36,2,0,1,1,1,1785541230
2026-07-31T23:43:45Z,120,3,0,23,1,0,1,1,1,1785541300
2026-07-31T23:43:45Z,121,4,2,13,1,1,1,1,1,1785541415
2026-07-31T23:43:45Z,122,14,1,5,2,0,1,1,1,1785541365
2026-07-31T23:43:45Z,123,0,0,47,0,0,1,1,1,1785540865
2026-07-31T23:43:45Z,124,13,4,22,0,0,1,1,1,1785541180
2026-07-31T23:43:45Z,125,1,0,21,1,0,1,1,1,1785541421
2026-07-31T23:43:45Z,126,10,1,20,1,0,1,1,1,1785541337
2026-07-31T23:43:45Z,127,16,3,18,1,0,1,1,1,1785541389
2026-07-31T23:43:45Z,128,12,4,7,0,0,1,1,1,1785541388
2026-07-31T23:43:45Z,129,1,0,15,3,0,1,1,1,1785541415
2026-07-31T23:43:45Z,130,10,0,7,0,0,1,1,1,1785539871
2026-07-31T23:43:45Z,131,7,1,3,1,0,1,1,1,1785538917
2026-07-31T23:43:45Z,132,13,3,1,0,1,1,1,1,1785541006
2026-07-31T23:43:45Z,134,15,0,2,6,0,1,1,1,1785541403
2026-07-31T23:43:45Z,135,6,4,10,3,0,1,1,1,1785541249
2026-07-31T23:43:45Z,136,2,1,1,16,4,1,1,1,1785541351
2026-07-31T23:43:45Z,137,6,3,12,1,0,1,1,1,1785541358
2026-07-31T23:43:45Z,138,25,3,12,0,0,1,1,1,1785541098
2026-07-31T23:43:45Z,139,8,3,11,0,0,1,1,1,1785541144
2026-07-31T23:43:45Z,140,3,1,18,2,0,1,1,1,1785541418
2026-07-31T23:43:45Z,141,15,5,21,0,0,1,1,1,1785541219
2026-07-31T23:43:45Z,142,15,1,8,0,0,1,1,1,1785541272
2026-07-31T23:43:45Z,143,15,0,16,0,0,1,1,1,1785540989
2026-07-31T23:43:45Z,144,18,1,8,1,0,1,1,1,1785541406
2026-07-31T23:43:45Z,146,9,0,13,1,0,1,1,1,1785541353
2026-07-31T23:43:45Z,147,3,2,14,2,0,1,1,1,1785541256
2026-07-31T23:43:45Z,148,8,4,18,1,0,1,1,1,1785541343
2026-07-31T23:43:45Z,149,3,0,24,0,0,1,1,1,1785541408
2026-07-31T23:43:45Z,150,9,1,24,2,0,1,1,1,1785541384
2026-07-31T23:43:45Z,151,3,0,20,0,0,1,1,1,1785541284
2026-07-31T23:43:45Z,152,8,1,15,3,0,1,1,1,1785541390
2026-07-31T23:43:45Z,153,4,0,22,2,0,1,1,1,1785541420
2026-07-31T23:43:45Z,154,4,1,15,4,0,1,1,1,1785541329
2026-07-31T23:43:45Z,155,8,3,5,1,0,1,1,1,1785541286
2026-07-31T23:43:45Z,156,7,0,12,0,0,1,1,1,1785541312
2026-07-31T23:43:45Z,157,16,4,9,2,0,1,1,1,1785541415
2026-07-31T23:43:45Z,158,14,1,2,0,0,1,1,1,1785540896
2026-07-31T23:43:45Z,159,5,5,14,0,0,1,1,1,1785540809
2026-07-31T23:43:45Z,160,4,1,15,0,0,1,1,1,1785540074
2026-07-31T23:43:45Z,161,13,2,9,0,0,1,1,1,1785541126
2026-07-31T23:43:45Z,162,15,13,10,2,0,1,1,1,1785541139
2026-07-31T23:43:45Z,163,3,0,27,0,1,1,1,1,1785541411
2026-07-31T23:43:45Z,164,15,1,12,0,0,1,1,1,1785540925
2026-07-31T23:43:45Z,165,28,6,3,0,0,1,1,1,1785541420
2026-07-31T23:43:45Z,166,35,12,1,3,0,1,1,1,1785541421
2026-07-31T23:43:45Z,167,6,0,16,1,0,1,1,1,1785541255
2026-07-31T23:43:45Z,168,20,0,6,1,0,1,1,1,1785541372
2026-07-31T23:43:45Z,169,11,2,10,1,1,1,1,1,1785541367
2026-07-31T23:43:45Z,170,5,2,13,1,0,1,1,1,1785541332
2026-07-31T23:43:45Z,171,4,2,7,2,0,1,1,1,1785541158
2026-07-31T23:43:45Z,173,9,0,30,0,0,1,1,1,1785541409
2026-07-31T23:43:45Z,174,2,1,24,0,0,1,1,1,1785541131
2026-07-31T23:43:45Z,175,26,0,3,2,0,1,1,1,1785541203
2026-07-31T23:43:45Z,176,13,5,0,1,1,1,1,1,1785541235
2026-07-31T23:43:45Z,177,11,0,16,0,0,1,1,1,1785541261
2026-07-31T23:43:45Z,178,8,0,4,2,1,1,1,1,1785541419
2026-07-31T23:43:45Z,179,12,3,1,2,0,1,1,1,1785541221
2026-07-31T23:43:45Z,180,2,0,28,0,0,1,1,1,1785541162
2026-07-31T23:43:45Z,181,2,2,13,0,0,1,1,1,1785541362
2026-07-31T23:43:45Z,182,1,0,15,1,0,1,1,1,1785541050
2026-07-31T23:43:45Z,183,1,1,22,0,0,1,1,1,1785541288
2026-07-31T23:43:45Z,184,3,1,17,3,0,1,1,1,1785541395
2026-07-31T23:43:45Z,185,4,3,7,3,1,1,1,1,1785541249
2026-07-31T23:43:45Z,186,18,0,1,0,0,1,1,1,1785540944
2026-07-31T23:43:45Z,187,6,1,21,1,0,1,1,1,1785541292
2026-07-31T23:43:45Z,188,8,2,11,8,0,1,1,1,1785541202
2026-07-31T23:43:45Z,189,10,4,5,0,0,1,1,1,1785540632
2026-07-31T23:43:45Z,190,4,0,18,1,0,1,1,1,1785541369
2026-07-31T23:43:45Z,191,0,0,38,1,0,1,1,1,1785541035
2026-07-31T23:43:45Z,192,2,2,28,1,0,1,1,1,1785541107
2026-07-31T23:43:45Z,193,10,9,2,3,0,1,1,1,1785541130
2026-07-31T23:43:45Z,194,6,4,21,0,0,1,1,1,1785540407
2026-07-31T23:43:45Z,195,3,1,16,0,0,1,1,1,1785541102
2026-07-31T23:43:45Z,196,5,4,20,2,0,1,1,1,1785541409
2026-07-31T23:43:45Z,197,0,0,18,0,1,1,1,1,1785540560
2026-07-31T23:43:45Z,198,10,4,12,1,0,1,1,1,1785541417
2026-07-31T23:43:45Z,199,12,8,2,1,0,1,1,1,1785541172
2026-07-31T23:43:45Z,200,5,0,20,1,0,1,1,1,1785541350
2026-07-31T23:43:45Z,201,5,5,18,0,0,1,1,1,1785540696
2026-07-31T23:43:45Z,202,27,2,0,0,0,1,1,1,1785538983
2026-07-31T23:43:45Z,203,26,0,3,2,0,1,1,1,1785541141
2026-07-31T23:43:45Z,204,12,2,22,1,0,1,1,1,1785541213
2026-07-31T23:43:45Z,205,8,2,18,1,0,1,1,1,1785539399
2026-07-31T23:43:45Z,206,8,8,5,2,0,1,1,1,1785541291
2026-07-31T23:43:45Z,207,15,2,5,1,0,1,1,1,1785541333
2026-07-31T23:43:45Z,208,6,2,23,0,0,1,1,1,1785541250
2026-07-31T23:43:45Z,209,24,0,6,1,0,1,1,1,1785541395
2026-07-31T23:43:45Z,210,9,7,17,1,0,1,1,1,1785541411
2026-07-31T23:43:45Z,211,15,0,7,1,0,1,1,1,1785541208
2026-07-31T23:43:45Z,212,21,4,13,1,0,1,1,1,1785541399
2026-07-31T23:43:45Z,213,12,6,10,1,0,1,1,1,1785541241
2026-07-31T23:43:45Z,214,35,7,9,3,0,1,1,1,1785541421
2026-07-31T23:43:45Z,215,0,0,22,1,0,1,1,1,1785540657
2026-07-31T23:43:45Z,216,3,1,14,2,0,1,1,1,1785541045
2026-07-31T23:43:45Z,217,26,2,2,1,0,1,1,1,1785541402
2026-07-31T23:43:45Z,218,32,12,6,1,0,1,1,1,1785541393
2026-07-31T23:43:45Z,219,22,0,3,1,0,1,1,1,1785541421
2026-07-31T23:43:45Z,220,20,13,21,1,1,1,1,1,1785541321
2026-07-31T23:43:45Z,221,6,6,7,2,0,1,1,1,1785541349
2026-07-31T23:43:45Z,222,16,8,3,0,0,1,1,1,1785541238
2026-07-31T23:43:45Z,223,0,0,32,3,0,1,1,1,1785541330
2026-07-31T23:43:45Z,224,10,9,11,1,0,1,1,1,1785541313
2026-07-31T23:43:45Z,225,7,0,9,3,0,1,1,1,1785541412
2026-07-31T23:43:45Z,226,20,9,9,2,0,1,1,1,1785541227
2026-07-31T23:43:45Z,227,2,2,24,1,0,1,1,1,1785541346
2026-07-31T23:43:45Z,228,0,0,19,0,0,1,1,1,1785540971
2026-07-31T23:43:45Z,230,3,1,23,0,0,1,1,1,1785540709
2026-07-31T23:43:45Z,232,8,1,8,1,0,1,1,1,1785540107
2026-07-31T23:43:45Z,233,22,9,8,1,0,1,1,1,1785541334
2026-07-31T23:43:45Z,234,13,10,1,3,2,1,1,1,1785541407
2026-07-31T23:43:45Z,236,9,4,8,2,0,1,1,1,1785540748
2026-07-31T23:43:45Z,237,1,0,21,1,0,1,1,1,1785541135
2026-07-31T23:43:45Z,239,19,11,7,1,0,1,1,1,1785541341
2026-07-31T23:43:45Z,241,1,0,20,2,0,1,1,1,1785540340
2026-07-31T23:43:45Z,242,6,2,16,1,0,1,1,1,1785541108
2026-07-31T23:43:45Z,243,9,9,20,2,0,1,1,1,1785541409
2026-07-31T23:43:45Z,244,15,1,11,1,0,1,1,1,1785541421
2026-07-31T23:43:45Z,245,4,1,19,0,0,1,1,1,1785541092
2026-07-31T23:43:45Z,246,2,1,21,0,0,1,1,1,1785541105
2026-07-31T23:43:45Z,247,8,7,14,1,0,1,1,1,1785541317
2026-07-31T23:43:45Z,248,6,5,14,3,0,1,1,1,1785541421
2026-07-31T23:43:45Z,249,12,11,7,0,0,1,1,1,1785541339
2026-07-31T23:43:45Z,250,0,0,24,3,0,1,1,1,1785540512
2026-07-31T23:43:45Z,251,16,11,6,5,0,1,1,1,1785541213
2026-07-31T23:43:45Z,253,3,1,16,0,0,1,1,1,1785540578
2026-07-31T23:43:45Z,254,4,0,38,1,0,1,1,1,1785540976
2026-07-31T23:43:45Z,255,5,1,17,0,1,1,1,1,1785541405
2026-07-31T23:43:45Z,256,3,2,20,0,0,1,1,1,1785541422
2026-07-31T23:43:45Z,257,8,2,11,0,0,1,1,1,1785541314
2026-07-31T23:43:45Z,258,15,7,2,2,0,1,1,1,1785541421
2026-07-31T23:43:45Z,259,5,0,16,1,1,1,1,1,1785541419
2026-07-31T23:43:45Z,260,8,8,9,2,0,1,1,1,1785541420
2026-07-31T23:43:45Z,261,0,0,17,1,1,1,1,1,1785541122
2026-07-31T23:43:45Z,262,1,0,21,1,0,1,1,1,1785541293
2026-07-31T23:43:45Z,263,9,7,5,1,0,1,1,1,1785541150
2026-07-31T23:43:45Z,264,1,1,18,0,0,1,1,1,1785540119
2026-07-31T23:43:45Z,265,6,0,9,0,0,1,1,1,1785541194
2026-07-31T23:43:45Z,266,9,7,7,3,0,1,1,1,1785541211
2026-07-31T23:43:45Z,267,6,1,7,2,0,1,1,1,1785540610
2026-07-31T23:43:45Z,268,17,7,5,1,0,1,1,1,1785541132
2026-07-31T23:43:45Z,269,5,2,18,0,0,1,1,1,1785541189
2026-07-31T23:43:45Z,270,11,1,14,2,0,1,1,1,1785540734
2026-07-31T23:43:45Z,271,0,0,17,2,0,1,1,1,1785540354
2026-07-31T23:43:45Z,272,3,3,19,1,0,1,1,1,1785540413
2026-07-31T23:43:45Z,273,2,1,13,0,0,1,1,1,1785539650
2026-07-31T23:43:45Z,274,3,1,15,1,0,1,1,1,1785540581
2026-07-31T23:43:45Z,275,5,0,14,4,0,1,1,1,1785541169
2026-07-31T23:43:45Z,276,2,0,25,0,0,1,1,1,1785541389
2026-07-31T23:43:45Z,277,3,0,16,4,0,1,1,1,1785541339
2026-07-31T23:43:45Z,278,3,3,27,1,0,1,1,1,1785541268
2026-07-31T23:43:45Z,279,2,0,17,0,0,1,1,1,1785541149
2026-07-31T23:43:45Z,280,1,1,28,2,0,1,1,1,1785541238
2026-07-31T23:43:45Z,281,10,0,9,0,0,1,1,1,1785539893
2026-07-31T23:43:45Z,282,11,2,7,0,0,1,1,1,1785540196
2026-07-31T23:43:45Z,283,18,3,16,1,0,1,1,1,1785541140
2026-07-31T23:43:45Z,284,19,1,14,2,0,1,1,1,1785541242
2026-07-31T23:43:45Z,285,0,0,23,0,0,1,1,1,1785540975
2026-07-31T23:43:45Z,286,5,3,18,0,0,1,1,1,1785541207
2026-07-31T23:43:45Z,287,11,1,9,3,0,1,1,1,1785540479
2026-07-31T23:43:45Z,288,7,3,12,0,0,1,1,1,1785541087
2026-07-31T23:43:45Z,289,9,7,14,4,0,1,1,1,1785541394
2026-07-31T23:43:45Z,290,17,0,21,1,0,1,1,1,1785541252
2026-07-31T23:43:45Z,291,1,0,21,1,0,1,1,1,1785541206
2026-07-31T23:43:45Z,292,1,1,22,0,0,1,1,1,1785540969
2026-07-31T23:43:45Z,293,1,1,22,0,0,1,1,1,1785540770
2026-07-31T23:43:45Z,294,11,5,7,4,0,1,1,1,1785541249
2026-07-31T23:43:45Z,297,8,0,10,0,1,1,1,1,1785541247
2026-07-31T23:43:45Z,301,16,1,3,0,0,1,1,1,1785541108
2026-07-31T23:43:45Z,302,20,2,2,1,0,1,1,1,1785541132
2026-07-31T23:43:45Z,303,2,0,17,0,0,1,1,1,1785541223
2026-07-31T23:43:45Z,304,0,0,0,0,0,0,1,1,86400
2026-07-31T23:43:45Z,305,3,0,15,1,0,1,1,1,1785541413
2026-07-31T23:43:45Z,306,8,0,23,1,0,1,1,1,1785541099
2026-07-31T23:43:45Z,307,14,2,9,0,0,1,1,1,1785541201
2026-07-31T23:43:45Z,308,17,2,0,2,0,1,1,1,1785541196
2026-07-31T23:43:45Z,309,7,0,7,0,0,1,1,1,1785540378
2026-07-31T23:43:45Z,311,11,1,4,0,0,1,1,1,1785540947
2026-07-31T23:43:45Z,312,4,4,16,3,0,1,1,1,1785541234
2026-07-31T23:43:45Z,313,3,0,12,0,0,1,1,1,1785541384
2026-07-31T23:43:45Z,314,9,1,8,2,0,1,1,1,1785541217
2026-07-31T23:43:45Z,315,10,9,18,3,0,1,1,1,1785541389
2026-07-31T23:43:45Z,316,6,1,17,7,1,1,1,1,1785541259
2026-07-31T23:43:45Z,317,21,12,9,0,1,1,1,1,1785541410
2026-07-31T23:43:45Z,318,19,4,0,0,0,1,1,1,1785540544
2026-07-31T23:43:45Z,319,5,1,16,2,0,1,1,1,1785541332
2026-07-31T23:43:45Z,320,5,0,13,1,0,1,1,1,1785541404
2026-07-31T23:43:45Z,321,3,0,12,4,0,1,1,1,1785541245
2026-07-31T23:43:45Z,322,20,0,9,0,0,1,1,1,1785540924
2026-07-31T23:43:45Z,323,6,0,11,2,0,1,1,1,1785541405
2026-07-31T23:43:45Z,324,19,2,7,1,0,1,1,1,1785541415
2026-07-31T23:43:45Z,325,1,1,23,3,0,1,1,1,1785541117
2026-07-31T23:43:45Z,327,20,1,5,2,0,1,1,1,1785541343
2026-07-31T23:43:45Z,328,14,0,7,1,0,1,1,1,1785541109
2026-07-31T23:43:45Z,329,10,1,6,3,0,1,1,1,1785541182
2026-07-31T23:43:45Z,330,19,0,2,1,0,1,1,1,1785541402
2026-07-31T23:43:45Z,331,13,1,9,1,0,1,1,1,1785541324
2026-07-31T23:43:45Z,332,2,1,14,3,0,1,1,1,1785539711
2026-07-31T23:43:45Z,333,3,1,18,2,0,1,1,1,1785541310
2026-07-31T23:43:45Z,334,3,0,19,1,0,1,1,1,1785541291
2026-07-31T23:43:45Z,335,2,2,20,0,1,1,1,1,1785540871
2026-07-31T23:43:45Z,336,0,0,19,0,0,1,1,1,1785540486
2026-07-31T23:43:45Z,337,2,2,17,4,0,1,1,1,1785541413
2026-07-31T23:43:45Z,338,3,2,16,0,0,1,1,1,1785539850
2026-07-31T23:43:45Z,339,14,2,7,2,0,1,1,1,1785541335
2026-07-31T23:43:45Z,340,5,2,9,1,0,1,1,1,1785541361
2026-07-31T23:43:45Z,341,8,3,11,0,0,1,1,1,1785541048
2026-07-31T23:43:45Z,342,3,0,12,0,0,1,1,1,1785541008
2026-07-31T23:43:45Z,343,2,1,19,2,0,1,1,1,1785541166
2026-07-31T23:43:45Z,344,5,1,17,1,0,1,1,1,1785541272
2026-07-31T23:43:45Z,345,14,4,5,0,0,1,1,1,1785541146
2026-07-31T23:43:45Z,346,2,1,21,0,0,1,1,1,1785540405
2026-07-31T23:43:45Z,347,22,5,19,3,0,1,1,1,1785541420
2026-07-31T23:43:45Z,348,6,0,14,2,1,1,1,1,1785541371
2026-07-31T23:43:45Z,349,9,3,10,0,0,1,1,1,1785540794
2026-07-31T23:43:45Z,350,0,0,25,1,1,1,1,1,1785541089
2026-07-31T23:43:45Z,351,11,2,10,2,0,1,1,1,1785541340
2026-07-31T23:43:45Z,355,5,1,18,0,0,1,1,1,1785541356
2026-07-31T23:43:45Z,356,0,0,19,0,0,1,1,1,1785539768
2026-07-31T23:43:45Z,357,3,2,16,0,0,1,1,1,1785541213
2026-07-31T23:43:45Z,358,24,2,2,1,0,1,1,1,1785541075
2026-07-31T23:43:45Z,359,9,1,18,0,0,1,1,1,1785541267
2026-07-31T23:43:45Z,360,1,1,18,0,0,1,1,1,1785541067
2026-07-31T23:43:45Z,362,3,2,13,3,0,1,1,1,1785540505
2026-07-31T23:43:45Z,363,27,1,0,0,0,1,1,1,1785541330
2026-07-31T23:43:45Z,364,0,0,18,1,0,1,1,1,1785541323
2026-07-31T23:43:45Z,365,1,1,19,3,0,1,1,1,1785540500
2026-07-31T23:43:45Z,366,6,6,16,1,0,1,1,1,1785541065
2026-07-31T23:43:45Z,367,3,3,14,2,0,1,1,1,1785540744
2026-07-31T23:43:45Z,368,2,2,20,1,0,1,1,1,1785540248
2026-07-31T23:43:45Z,370,3,1,24,0,0,1,1,1,1785540777
2026-07-31T23:43:45Z,371,2,1,16,1,0,1,1,1,1785540708
2026-07-31T23:43:45Z,372,9,0,5,1,0,1,1,1,1785541136
2026-07-31T23:43:45Z,373,3,1,23,1,0,1,1,1,1785541000
2026-07-31T23:43:45Z,374,10,5,8,1,0,1,1,1,1785541340
2026-07-31T23:43:45Z,375,2,0,24,1,0,1,1,1,1785541216
2026-07-31T23:43:45Z,376,0,0,38,1,0,1,1,1,1785540377
2026-07-31T23:43:45Z,377,0,0,24,3,0,1,1,1,1785540801
2026-07-31T23:43:45Z,378,1,0,22,0,1,1,1,1,1785541296
2026-07-31T23:43:45Z,379,25,0,0,2,0,1,1,1,1785540940
2026-07-31T23:43:45Z,380,1,1,21,1,0,1,1,1,1785541034
2026-07-31T23:43:45Z,381,12,0,11,0,0,1,1,1,1785541198
2026-07-31T23:43:45Z,383,1,1,12,2,0,1,1,1,1785541222
2026-07-31T23:43:45Z,384,4,1,20,3,0,1,1,1,1785541273
2026-07-31T23:43:45Z,385,0,0,17,1,0,1,1,1,1785540743
2026-07-31T23:43:45Z,387,3,1,20,0,0,1,1,1,1785541056
2026-07-31T23:43:45Z,388,34,1,11,4,0,1,1,1,1785541284
2026-07-31T23:43:45Z,389,8,3,6,1,0,1,1,1,1785540211
2026-07-31T23:43:45Z,390,12,3,23,0,0,1,1,1,1785541260
2026-07-31T23:43:45Z,391,4,2,10,1,0,1,1,1,1785541269
2026-07-31T23:43:45Z,392,2,2,15,2,0,1,1,1,1785541275
2026-07-31T23:43:45Z,393,6,4,2,3,0,1,1,1,1785541280
2026-07-31T23:43:45Z,394,5,3,6,2,0,1,1,1,1785540654
2026-07-31T23:43:45Z,396,5,3,37,0,0,1,1,1,1785541415
2026-07-31T23:43:45Z,397,7,7,24,0,0,1,1,1,1785540670
2026-07-31T23:43:45Z,399,5,1,10,2,0,1,1,1,1785541241
2026-07-31T23:43:45Z,400,16,9,5,2,0,1,1,1,1785540196
2026-07-31T23:43:45Z,401,1,0,30,8,0,1,1,1,1785540604
2026-07-31T23:43:45Z,403,18,6,9,4,0,1,1,1,1785541155
2026-07-31T23:43:45Z,404,3,2,19,1,0,1,1,1,1785540615
2026-07-31T23:43:45Z,406,18,5,15,2,0,1,1,1,1785541418
2026-07-31T23:43:45Z,407,15,4,18,1,0,1,1,1,1785541403
2026-07-31T23:43:45Z,408,3,1,27,3,0,1,1,1,1785540908
2026-07-31T23:43:45Z,409,8,0,11,4,0,1,1,1,1785541392
2026-07-31T23:43:45Z,413,9,4,13,1,0,1,1,1,1785541108
2026-07-31T23:43:45Z,414,12,0,3,0,0,1,1,1,1785539905
2026-07-31T23:43:45Z,417,2,2,17,0,0,1,1,1,1785540759
2026-07-31T23:43:45Z,418,2,2,13,0,0,1,1,1,1785537921
2026-07-31T23:43:45Z,419,13,1,10,0,0,1,1,1,1785540686
2026-07-31T23:43:45Z,421,16,0,3,0,0,1,1,1,1785541216
2026-07-31T23:43:45Z,422,14,2,13,0,0,1,1,1,1785540931
2026-07-31T23:43:45Z,423,3,0,20,0,0,1,1,1,1785541364
2026-07-31T23:43:45Z,424,2,1,10,3,0,1,1,1,1785541157
2026-07-31T23:43:45Z,425,15,1,6,0,1,1,1,1,1785541316
2026-07-31T23:43:45Z,426,0,0,34,3,0,1,1,1,1785541415
2026-07-31T23:43:45Z,427,10,2,3,2,0,1,1,1,1785541274
2026-07-31T23:43:45Z,428,16,0,2,1,0,1,1,1,1785541421
2026-07-31T23:43:45Z,429,11,0,11,1,0,1,1,1,1785541381
2026-07-31T23:43:45Z,430,9,0,21,1,0,1,1,1,1785540720
2026-07-31T23:43:45Z,431,0,0,32,1,0,1,1,1,1785541036
2026-07-31T23:43:45Z,432,0,0,30,1,0,0,1,1,1785508564
2026-07-31T23:43:45Z,433,10,2,9,4,0,1,1,1,1785541334
2026-07-31T23:43:45Z,437,2,0,13,4,0,1,1,1,1785541163
2026-07-31T23:43:45Z,438,4,1,14,1,0,1,1,1,1785541399
2026-07-31T23:43:45Z,439,10,5,5,0,0,1,1,1,1785540673
2026-07-31T23:43:45Z,440,8,2,7,0,0,1,1,1,1785541230
2026-07-31T23:43:45Z,441,4,2,8,3,0,1,1,1,1785541271
2026-07-31T23:43:45Z,442,9,2,9,1,0,1,1,1,1785541112
2026-07-31T23:43:45Z,443,6,2,21,0,0,1,1,1,1785537918
2026-07-31T23:43:45Z,444,2,1,21,0,0,1,1,1,1785540370
2026-07-31T23:43:45Z,445,6,2,16,1,0,1,1,1,1785541135
2026-07-31T23:43:45Z,446,0,0,23,0,0,1,1,1,1785539316
2026-07-31T23:43:45Z,447,4,0,17,1,1,1,1,1,1785538957
2026-07-31T23:43:45Z,448,7,0,7,1,0,1,1,1,1785539001
2026-07-31T23:43:45Z,452,4,3,14,1,0,1,1,1,1785540371
2026-07-31T23:43:45Z,453,4,0,6,5,0,1,1,1,1785541144
2026-07-31T23:43:45Z,454,6,0,13,0,0,1,1,1,1785541310
2026-07-31T23:43:45Z,455,20,3,19,0,0,1,1,1,1785541337
2026-07-31T23:43:45Z,456,1,0,18,1,0,1,1,1,1785541414
2026-07-31T23:43:45Z,457,1,1,24,2,0,1,1,1,1785540522
2026-07-31T23:43:45Z,458,13,3,8,2,0,1,1,1,1785541373
2026-07-31T23:43:45Z,459,11,0,4,0,0,1,1,1,1785540975
2026-07-31T23:43:45Z,460,14,0,9,0,0,1,1,1,1785541274
2026-07-31T23:43:45Z,461,7,0,11,1,0,1,1,1,1785541344
2026-07-31T23:43:45Z,462,18,1,3,0,0,1,1,1,1785541255
2026-07-31T23:43:45Z,463,8,0,11,0,0,1,1,1,1785540966
2026-07-31T23:43:45Z,464,6,0,8,0,0,1,1,1,1785541103
2026-07-31T23:43:45Z,465,2,2,13,0,0,1,1,1,1785540312
2026-07-31T23:43:45Z,466,10,3,0,5,0,1,1,1,1785541217
2026-07-31T23:43:45Z,467,2,0,17,0,0,1,1,1,1785540657
2026-07-31T23:43:45Z,468,3,0,15,1,0,1,1,1,1785540114
2026-07-31T23:43:45Z,469,9,0,12,2,0,1,1,1,1785541246
2026-07-31T23:43:45Z,470,3,2,10,2,0,1,1,1,1785541326
2026-07-31T23:43:45Z,471,21,1,6,0,0,1,1,1,1785539859
2026-07-31T23:43:45Z,472,8,6,10,1,0,1,1,1,1785541247
2026-07-31T23:43:45Z,473,6,0,13,0,0,1,1,1,1785540318
2026-07-31T23:43:45Z,474,6,0,11,2,0,1,1,1,1785541387
2026-07-31T23:43:45Z,475,0,0,18,1,0,1,1,1,1785540875
2026-07-31T23:43:45Z,477,0,0,15,0,0,1,1,1,1785540840
2026-07-31T23:43:45Z,478,31,0,0,0,0,1,1,1,1785541230
2026-07-31T23:43:45Z,479,2,0,23,2,0,1,1,1,1785541102
2026-07-31T23:43:45Z,480,7,2,7,1,0,1,1,1,1785541105
2026-07-31T23:43:45Z,481,12,1,22,1,0,1,1,1,1785541317
2026-07-31T23:43:45Z,482,0,0,17,2,0,1,1,1,1785541041
2026-07-31T23:43:45Z,483,7,0,18,2,0,1,1,1,1785541421
2026-07-31T23:43:45Z,484,2,0,16,1,0,1,1,1,1785541383
2026-07-31T23:43:45Z,485,14,5,4,0,1,1,1,1,1785541243
2026-07-31T23:43:45Z,486,3,0,22,2,0,1,1,1,1785541191
2026-07-31T23:43:45Z,487,8,6,9,2,0,1,1,1,1785541098
2026-07-31T23:43:45Z,489,0,0,15,0,0,1,1,1,1785540962
2026-07-31T23:43:45Z,490,13,1,2,1,0,1,1,1,1785541033
2026-07-31T23:43:45Z,491,9,3,11,1,0,1,1,1,1785540979
2026-07-31T23:43:45Z,492,3,1,5,3,0,1,1,1,1785541420
2026-07-31T23:43:45Z,493,19,0,8,0,0,1,1,1,1785539181
2026-07-31T23:43:45Z,495,11,0,3,1,0,1,1,1,1785540552
2026-07-31T23:43:45Z,496,9,0,18,0,0,1,1,1,1785540612
2026-07-31T23:43:45Z,497,2,2,16,0,0,1,1,1,1785540635
2026-07-31T23:43:45Z,498,1,0,20,2,0,1,1,1,1785541405
2026-07-31T23:43:45Z,499,5,0,13,1,0,1,1,1,1785540984
2026-07-31T23:43:45Z,500,2,0,10,3,0,1,1,1,1785541418
2026-07-31T23:43:45Z,501,7,0,13,1,0,1,1,1,1785541065
2026-07-31T23:43:45Z,502,2,0,15,2,0,1,1,1,1785541401
2026-07-31T23:43:45Z,503,5,0,25,1,0,1,1,1,1785541406
2026-07-31T23:43:45Z,504,0,0,37,2,0,1,1,1,1785540401
2026-07-31T23:43:45Z,505,8,1,3,1,0,1,1,1,1785541319
2026-07-31T23:43:45Z,511,2,2,20,1,0,1,1,1,1785541130
2026-07-31T23:43:45Z,512,18,0,9,0,0,1,1,1,1785541042
2026-07-31T23:43:45Z,514,2,1,8,1,0,1,1,1,1785540167
2026-07-31T23:43:45Z,515,7,3,12,0,0,1,1,1,1785541401
2026-07-31T23:43:45Z,516,16,0,10,1,0,1,1,1,1785541256
2026-07-31T23:43:45Z,517,4,0,19,0,0,1,1,1,1785540436
2026-07-31T23:43:45Z,518,6,0,8,1,0,1,1,1,1785539094
2026-07-31T23:43:45Z,519,5,4,13,1,0,1,1,1,1785538253
2026-07-31T23:43:45Z,520,21,7,1,4,1,1,1,1,1785541419
2026-07-31T23:43:45Z,521,6,3,17,0,0,1,1,1,1785539641
2026-07-31T23:43:45Z,522,21,1,0,2,0,1,1,1,1785540966
2026-07-31T23:43:45Z,523,13,6,8,2,0,1,1,1,1785541303
2026-07-31T23:43:45Z,524,23,0,0,0,0,1,1,1,1785541247
2026-07-31T23:43:45Z,525,14,1,5,0,0,1,1,1,1785540923
2026-07-31T23:43:45Z,526,6,3,9,0,0,1,1,1,1785540450
2026-07-31T23:43:45Z,527,12,12,13,1,0,1,1,1,1785541290
2026-07-31T23:43:45Z,528,17,3,5,1,0,1,1,1,1785541112
2026-07-31T23:43:45Z,529,7,5,6,6,0,1,1,1,1785541418
2026-07-31T23:43:45Z,530,17,0,1,3,0,1,1,1,1785541169
2026-07-31T23:43:45Z,531,18,0,4,0,1,1,1,1,1785541122
2026-07-31T23:43:45Z,532,12,2,17,2,0,1,1,1,1785540797
2026-07-31T23:43:45Z,533,12,0,6,1,0,1,1,1,1785540654
2026-07-31T23:43:45Z,534,5,2,18,0,0,1,1,1,1785541074
2026-07-31T23:43:45Z,535,3,0,12,0,0,1,1,1,1785541390
2026-07-31T23:43:45Z,536,12,0,11,0,0,1,1,1,1785541092
2026-07-31T23:43:45Z,537,0,0,20,0,0,1,1,1,1785538365
2026-07-31T23:43:45Z,538,13,1,9,0,1,1,1,1,1785541412
2026-07-31T23:43:45Z,539,18,0,12,1,0,1,1,1,1785541377
2026-07-31T23:43:45Z,540,0,0,19,0,0,1,1,1,1785541228
2026-07-31T23:43:45Z,541,4,1,23,0,0,1,1,1,1785541288
2026-07-31T23:43:45Z,542,3,0,20,0,0,1,1,1,1785541324
2026-07-31T23:43:45Z,543,3,2,16,0,0,1,1,1,1785541305
2026-07-31T23:43:45Z,544,3,1,15,4,0,1,1,1,1785541342
2026-07-31T23:43:45Z,545,14,1,1,4,0,1,1,1,1785541266
2026-07-31T23:43:45Z,546,3,1,16,0,0,1,1,1,1785541204
2026-07-31T23:43:45Z,547,10,2,14,1,0,1,1,1,1785539514
2026-07-31T23:43:45Z,548,14,1,9,0,0,1,1,1,1785540532
2026-07-31T23:43:45Z,549,12,1,11,0,0,1,1,1,1785541364
2026-07-31T23:43:45Z,550,12,10,7,0,0,1,1,1,1785541366
2026-07-31T23:43:45Z,551,2,2,21,0,0,1,1,1,1785540311
2026-07-31T23:43:45Z,552,6,3,21,0,0,1,1,1,1785541415
2026-07-31T23:43:45Z,553,2,2,21,0,0,1,1,1,1785541401
2026-07-31T23:43:45Z,554,0,0,19,0,0,1,1,1,1785540502
2026-07-31T23:43:45Z,555,10,1,4,1,0,1,1,1,1785541334
2026-07-31T23:43:45Z,556,3,0,18,2,0,1,1,1,1785541354
2026-07-31T23:43:45Z,557,2,0,19,2,0,1,1,1,1785541172
2026-07-31T23:43:45Z,558,19,13,17,1,0,1,1,1,1785541345
2026-07-31T23:43:45Z,559,5,0,13,1,0,1,1,1,1785539741
2026-07-31T23:43:45Z,560,12,0,15,0,0,1,1,1,1785541365
2026-07-31T23:43:45Z,561,2,0,18,3,0,1,1,1,1785541045
2026-07-31T23:43:45Z,562,5,1,24,6,0,1,1,1,1785541401
2026-07-31T23:43:45Z,563,3,1,11,0,0,1,1,1,1785541375
2026-07-31T23:43:45Z,564,4,2,12,3,0,1,1,1,1785541376
2026-07-31T23:43:45Z,565,1,0,17,1,0,1,1,1,1785540372
2026-07-31T23:43:45Z,566,11,2,7,1,0,1,1,1,1785541381
2026-07-31T23:43:45Z,567,23,0,0,4,0,1,1,1,1785541420
2026-07-31T23:43:45Z,568,9,1,10,0,0,1,1,1,1785541419
2026-07-31T23:43:45Z,569,12,2,7,0,0,1,1,1,1785540009
2026-07-31T23:43:45Z,570,5,0,14,0,0,1,1,1,1785541161
2026-07-31T23:43:45Z,571,10,0,13,0,0,1,1,1,1785540873
2026-07-31T23:43:45Z,572,1,0,18,0,0,1,1,1,1785540589
2026-07-31T23:43:45Z,573,12,2,3,0,0,1,1,1,1785541344
2026-07-31T23:43:45Z,574,5,3,10,0,0,1,1,1,1785540551
2026-07-31T23:43:45Z,575,0,0,20,1,0,1,1,1,1785540398
2026-07-31T23:43:45Z,576,0,0,19,0,0,1,1,1,1785537344
2026-07-31T23:43:45Z,577,31,0,0,0,0,1,1,1,1785541143
2026-07-31T23:43:45Z,578,3,0,19,1,0,1,1,1,1785541416
2026-07-31T23:43:45Z,579,13,0,30,0,0,1,1,1,1785541334
2026-07-31T23:43:45Z,580,0,0,29,0,0,1,1,1,1785540010
2026-07-31T23:43:45Z,581,13,0,6,0,0,1,1,1,1785541410
2026-07-31T23:43:45Z,582,23,1,36,2,0,1,1,1,1785541379
2026-07-31T23:43:45Z,583,2,1,20,1,0,1,1,1,1785541378
2026-07-31T23:43:45Z,584,1,1,14,4,0,1,1,1,1785541311
2026-07-31T23:43:45Z,585,2,1,23,1,1,1,1,1,1785541362
2026-07-31T23:43:45Z,586,17,1,18,0,0,1,1,1,1785541109
2026-07-31T23:43:45Z,587,13,0,10,1,0,1,1,1,1785541073
2026-07-31T23:43:45Z,588,10,2,6,2,1,1,1,1,1785541188
2026-07-31T23:43:45Z,589,8,6,13,1,0,1,1,1,1785541400
2026-07-31T23:43:45Z,590,15,3,16,0,0,1,1,1,1785541388
2026-07-31T23:43:45Z,591,2,1,26,2,0,1,1,1,1785540962
2026-07-31T23:43:45Z,592,9,1,14,0,0,1,1,1,1785541251
2026-07-31T23:43:45Z,593,14,0,24,0,0,1,1,1,1785540593
2026-07-31T23:43:45Z,594,8,1,10,3,0,1,1,1,1785540679
2026-07-31T23:43:45Z,595,0,0,3,0,0,0,1,1,1784046673
2026-07-31T23:43:45Z,605,0,0,2,1,0,0,1,1,1783975843
2026-07-31T23:43:45Z,606,0,0,0,0,0,0,1,1,86400
2026-07-31T23:43:45Z,607,3,3,26,3,0,1,1,1,1785541188
2026-07-31T23:43:45Z,608,35,1,15,0,0,1,1,1,1785541419
2026-07-31T23:43:45Z,609,2,1,20,1,0,1,1,1,1785541295
2026-07-31T23:43:45Z,610,0,0,35,0,0,1,1,1,1785541213
2026-07-31T23:43:45Z,611,9,0,16,2,0,1,1,1,1785541268
2026-07-31T23:43:45Z,612,9,2,6,0,0,1,1,1,1785541140
2026-07-31T23:43:45Z,613,12,4,0,3,0,1,1,1,1785530289
2026-07-31T23:43:45Z,614,3,0,21,2,1,1,1,1,1785541110
2026-07-31T23:43:45Z,617,11,0,3,1,0,1,1,1,1785541274
2026-07-31T23:43:45Z,618,12,0,1,6,0,1,1,1,1785540570
2026-07-31T23:43:45Z,619,17,7,1,1,0,1,1,1,1785540879
2026-07-31T23:43:45Z,620,10,0,17,0,0,1,1,1,1785541032
2026-07-31T23:43:45Z,621,4,0,19,0,0,1,1,1,1785541382
2026-07-31T23:43:45Z,622,3,0,19,1,0,1,1,1,1785541259
2026-07-31T23:43:45Z,623,18,7,12,0,0,1,1,1,1785540483
2026-07-31T23:43:45Z,624,2,0,13,0,0,1,1,1,1785540388
2026-07-31T23:43:45Z,625,15,2,2,4,0,1,1,1,1785541239
2026-07-31T23:43:45Z,626,38,0,7,0,2,1,1,1,1785541407
2026-07-31T23:43:45Z,627,19,5,0,0,0,1,1,1,1785541330
2026-07-31T23:43:45Z,628,2,0,13,3,1,1,1,1,1785541037
2026-07-31T23:43:45Z,629,3,1,6,2,0,1,1,1,1785541369
2026-07-31T23:43:45Z,630,2,1,21,4,0,1,1,1,1785541166
2026-07-31T23:43:45Z,631,18,3,4,1,0,1,1,1,1785541403
2026-07-31T23:43:45Z,632,14,1,7,2,0,1,1,1,1785540844
2026-07-31T23:43:45Z,633,11,3,1,3,0,1,1,1,1785530006
2026-07-31T23:43:45Z,634,10,1,8,1,0,1,1,1,1785540777
2026-07-31T23:43:45Z,635,18,2,1,0,0,1,1,1,1785540365
2026-07-31T23:43:45Z,636,5,1,9,1,0,1,1,1,1785540643
2026-07-31T23:43:45Z,637,7,3,10,2,0,1,1,1,1785540637
2026-07-31T23:43:45Z,638,5,1,12,2,0,1,1,1,1785540884
2026-07-31T23:43:45Z,639,12,2,5,2,0,1,1,1,1785539600
2026-07-31T23:43:45Z,640,4,4,17,2,0,1,1,1,1785541233
2026-07-31T23:43:45Z,641,18,0,9,0,0,1,1,1,1785541404
2026-07-31T23:43:45Z,642,6,4,5,8,0,1,1,1,1785541418
2026-07-31T23:43:45Z,643,1,0,18,8,0,1,1,1,1785541418
2026-07-31T23:43:45Z,644,13,1,1,1,0,1,1,1,1785533615
2026-07-31T23:43:45Z,645,18,1,2,3,0,1,1,1,1785540861
2026-07-31T23:43:45Z,646,3,1,16,0,0,1,1,1,1785539353
2026-07-31T23:43:45Z,647,2,2,29,0,0,1,1,1,1785541269
2026-07-31T23:43:45Z,648,0,0,18,1,0,1,1,1,1785540303
2026-07-31T23:43:45Z,649,13,1,16,2,0,1,1,1,1785541251
2026-07-31T23:43:45Z,650,6,1,8,0,0,1,1,1,1785540994
2026-07-31T23:43:45Z,651,10,5,12,1,0,1,1,1,1785541356
2026-07-31T23:43:45Z,652,3,2,16,4,0,1,1,1,1785541216
2026-07-31T23:43:45Z,653,0,0,18,1,0,1,1,1,1785540821
2026-07-31T23:43:45Z,654,4,1,11,0,0,1,1,1,1785540379
2026-07-31T23:43:45Z,655,8,4,0,4,1,1,1,1,1785541143
2026-07-31T23:43:45Z,656,6,3,13,0,0,1,1,1,1785541299
2026-07-31T23:43:45Z,657,8,4,5,2,2,1,1,1,1785541176
2026-07-31T23:43:45Z,658,9,1,1,0,0,1,1,1,1785537787
2026-07-31T23:43:45Z,659,8,6,5,2,0,1,1,1,1785539517
2026-07-31T23:43:45Z,660,12,3,14,5,0,1,1,1,1785541364
2026-07-31T23:43:45Z,661,9,1,10,0,0,1,1,1,1785541309
2026-07-31T23:43:45Z,662,4,2,13,5,1,1,1,1,1785541253
2026-07-31T23:43:45Z,663,2,0,13,0,0,1,1,1,1785541168
2026-07-31T23:43:45Z,664,8,1,18,1,0,1,1,1,1785540707
2026-07-31T23:43:45Z,665,9,5,5,1,0,1,1,1,1785541079
2026-07-31T23:43:45Z,666,10,3,3,2,0,1,1,1,1785540293
2026-07-31T23:43:45Z,667,5,1,13,1,0,1,1,1,1785541305
2026-07-31T23:43:45Z,668,15,2,4,0,0,1,1,1,1785541363
2026-07-31T23:43:45Z,669,9,3,3,2,0,1,1,1,1785540783
2026-07-31T23:43:45Z,670,16,0,9,2,0,1,1,1,1785540571
2026-07-31T23:43:45Z,671,27,0,0,0,0,1,1,1,1785541260
2026-07-31T23:43:45Z,672,2,0,18,2,1,1,1,1,1785541233
2026-07-31T23:43:45Z,673,18,1,4,1,0,1,1,1,1785540971
2026-07-31T23:43:45Z,674,0,0,21,2,0,1,1,1,1785541365
2026-07-31T23:43:45Z,675,6,1,7,2,0,1,1,1,1785541289
2026-07-31T23:43:45Z,676,6,0,14,2,0,1,1,1,1785538653
2026-07-31T23:43:45Z,681,11,5,3,0,1,1,1,1,1785541274
2026-07-31T23:43:45Z,682,6,1,13,0,0,1,1,1,1785538950
2026-07-31T23:43:45Z,683,1,1,18,0,0,1,1,1,1785527602
2026-07-31T23:43:45Z,684,3,0,24,0,0,1,1,1,1785540780
2026-07-31T23:43:45Z,685,8,0,17,1,1,1,1,1,1785539631
2026-07-31T23:43:45Z,686,11,0,13,3,0,1,1,1,1785541220
2026-07-31T23:43:45Z,687,13,1,16,1,1,1,1,1,1785541248
2026-07-31T23:43:45Z,688,9,1,10,0,0,1,1,1,1785537082
2026-07-31T23:43:45Z,692,0,0,21,0,0,1,1,1,1785540260
2026-07-31T23:43:45Z,693,6,0,2,3,0,1,1,1,1785539685
2026-07-31T23:43:45Z,694,9,4,12,0,0,1,1,1,1785541377
2026-07-31T23:43:45Z,695,4,2,18,1,0,1,1,1,1785539984
2026-07-31T23:43:45Z,696,22,13,0,1,0,1,1,1,1785539866
2026-07-31T23:43:45Z,697,23,6,0,0,0,1,1,1,1785541418
2026-07-31T23:43:45Z,698,22,5,5,0,0,1,1,1,1785541181
2026-07-31T23:43:45Z,699,5,0,9,1,0,1,1,1,1785540081
2026-07-31T23:43:45Z,700,18,1,1,0,0,1,1,1,1785541134
2026-07-31T23:43:45Z,701,14,1,4,1,0,1,1,1,1785541293
2026-07-31T23:43:45Z,702,1,0,21,1,0,1,1,1,1785540926
2026-07-31T23:43:45Z,704,4,0,10,1,0,1,1,1,1785540860
2026-07-31T23:43:45Z,705,2,0,13,0,0,1,1,1,1785540329
2026-07-31T23:43:45Z,706,4,1,9,2,0,1,1,1,1785539642
2026-07-31T23:43:45Z,707,7,1,8,0,0,1,1,1,1785540404
2026-07-31T23:43:45Z,708,12,4,7,0,0,1,1,1,1785541384
2026-07-31T23:43:45Z,709,5,0,8,2,0,1,1,1,1785540325
2026-07-31T23:43:45Z,710,1,0,17,1,0,1,1,1,1785540635
2026-07-31T23:43:45Z,711,12,1,8,3,0,1,1,1,1785540280
2026-07-31T23:43:45Z,712,5,4,8,2,0,1,1,1,1785540551
2026-07-31T23:43:45Z,713,7,4,16,0,0,1,1,1,1785540823
2026-07-31T23:43:45Z,716,4,3,11,0,0,1,1,1,1785539994
2026-07-31T23:43:45Z,717,1,1,22,2,0,1,1,1,1785541294
2026-07-31T23:43:45Z,718,2,0,11,2,0,1,1,1,1785541402
2026-07-31T23:43:45Z,719,5,0,24,0,0,1,1,1,1785541142
2026-07-31T23:43:45Z,720,0,0,19,0,0,1,1,1,1785540258
2026-07-31T23:43:45Z,721,15,1,6,2,0,1,1,1,1785541411
2026-07-31T23:43:45Z,722,7,1,8,0,0,1,1,1,1785540038
2026-07-31T23:43:45Z,723,13,1,10,0,0,1,1,1,1785541036
2026-07-31T23:43:45Z,724,5,1,17,1,0,1,1,1,1785541299
2026-07-31T23:43:45Z,725,7,1,16,0,0,1,1,1,1785541292
2026-07-31T23:43:45Z,726,9,0,8,2,0,1,1,1,1785541392
2026-07-31T23:43:45Z,727,9,5,13,1,0,1,1,1,1785541124
2026-07-31T23:43:45Z,728,9,0,5,1,0,1,1,1,1785540626
2026-07-31T23:43:45Z,729,4,0,15,0,0,1,1,1,1785540312
2026-07-31T23:43:45Z,730,0,0,12,3,0,1,1,1,1785541161
2026-07-31T23:43:45Z,731,2,2,11,2,0,1,1,1,1785540311
2026-07-31T23:43:45Z,732,4,3,11,0,0,1,1,1,1785541320
2026-07-31T23:43:45Z,733,24,1,3,0,0,1,1,1,1785541416
2026-07-31T23:43:45Z,734,0,0,14,0,0,1,1,1,1785541197
2026-07-31T23:43:45Z,735,19,8,8,0,0,1,1,1,1785540992
2026-07-31T23:43:45Z,736,11,0,8,0,0,1,1,1,1785541337
2026-07-31T23:43:45Z,737,3,1,11,0,1,1,1,1,1785541199
2026-07-31T23:43:45Z,738,16,3,3,0,0,1,1,1,1785541394
2026-07-31T23:43:45Z,739,17,0,9,1,0,1,1,1,1785540522
2026-07-31T23:43:45Z,741,5,0,18,0,0,1,1,1,1785540640
2026-07-31T23:43:45Z,742,16,10,18,1,0,1,1,1,1785541390
2026-07-31T23:43:45Z,743,5,3,14,0,0,1,1,1,1785541293
2026-07-31T23:43:45Z,744,8,3,7,0,0,1,1,1,1785540481
2026-07-31T23:43:45Z,745,11,4,8,0,0,1,1,1,1785541036
2026-07-31T23:43:45Z,746,14,0,9,0,0,1,1,1,1785541065
2026-07-31T23:43:45Z,747,0,0,4,0,0,0,1,1,1783446606
2026-07-31T23:43:45Z,748,7,0,16,0,0,1,1,1,1785540090
2026-07-31T23:43:45Z,749,0,0,23,0,0,1,1,1,1785541003
2026-07-31T23:43:45Z,750,11,7,0,0,0,1,1,1,1785541287
2026-07-31T23:43:45Z,751,17,13,6,0,0,1,1,1,1785541362
2026-07-31T23:43:45Z,752,1,0,15,1,0,1,1,1,1785541100
2026-07-31T23:43:45Z,753,7,0,7,1,0,1,1,1,1785541343
2026-07-31T23:43:45Z,754,6,1,9,0,0,1,1,1,1785541406
2026-07-31T23:43:45Z,755,13,4,8,2,0,1,1,1,1785541119
2026-07-31T23:43:45Z,756,3,3,33,1,0,1,1,1,1785541258
2026-07-31T23:43:45Z,757,6,2,13,0,0,1,1,1,1785541355
2026-07-31T23:43:45Z,758,11,5,12,0,0,1,1,1,1785541210
2026-07-31T23:43:45Z,759,0,0,0,0,0,1,1,1,86400
2026-07-31T23:43:45Z,760,8,2,11,0,0,1,1,1,1785540991
2026-07-31T23:43:45Z,761,6,1,17,0,0,1,1,1,1785541291
2026-07-31T23:43:45Z,762,4,2,6,5,0,1,1,1,1785540356
2026-07-31T23:43:45Z,768,8,0,8,3,0,1,1,1,1785541205
2026-07-31T23:43:45Z,769,17,7,0,2,0,1,1,1,1785541421
2026-07-31T23:43:45Z,770,9,2,8,2,0,1,1,1,1785540889
2026-07-31T23:43:45Z,771,12,1,2,1,0,1,1,1,1785540288
2026-07-31T23:43:45Z,772,1,0,14,0,0,1,1,1,1785540889
2026-07-31T23:43:45Z,773,17,4,2,0,0,1,1,1,1785540749
2026-07-31T23:43:45Z,774,5,1,6,4,0,1,1,1,1785541386
2026-07-31T23:43:45Z,775,4,1,12,2,1,1,1,1,1785539021
2026-07-31T23:43:45Z,776,2,0,18,1,0,1,1,1,1785541115
2026-07-31T23:43:45Z,777,11,0,4,0,0,1,1,1,1785540635
2026-07-31T23:43:45Z,778,13,0,6,0,0,1,1,1,1785540736
2026-07-31T23:43:45Z,779,11,0,7,1,0,1,1,1,1785541054
2026-07-31T23:43:45Z,780,0,0,19,0,0,1,1,1,1785541196
2026-07-31T23:43:45Z,781,4,1,5,2,0,1,1,1,1785541405
2026-07-31T23:43:45Z,782,0,0,15,4,0,1,1,1,1785540529
2026-07-31T23:43:45Z,783,6,3,13,0,0,1,1,1,1785539756
2026-07-31T23:43:45Z,784,9,2,10,0,0,1,1,1,1785541188
2026-07-31T23:43:45Z,785,9,2,4,6,0,1,1,1,1785540039
2026-07-31T23:43:45Z,786,5,3,13,1,0,1,1,1,1785541335
2026-07-31T23:43:45Z,787,5,3,9,1,0,1,1,1,1785541019
2026-07-31T23:43:45Z,788,6,1,9,0,0,1,1,1,1785540333
2026-07-31T23:43:45Z,789,7,2,4,4,0,1,1,1,1785540438
2026-07-31T23:43:45Z,790,4,2,18,1,0,1,1,1,1785540974
2026-07-31T23:43:45Z,791,7,0,11,0,1,1,1,1,1785540605
2026-07-31T23:43:45Z,793,3,0,11,1,0,1,1,1,1785541402
2026-07-31T23:43:45Z,794,3,1,24,2,0,1,1,1,1785541246
2026-07-31T23:43:45Z,796,5,3,13,1,0,1,1,1,1785540463
2026-07-31T23:43:45Z,797,10,1,5,0,0,1,1,1,1785541002
2026-07-31T23:43:45Z,798,17,1,7,1,0,1,1,1,1785541041
2026-07-31T23:43:45Z,799,15,2,0,4,0,1,1,1,1785540426
2026-07-31T23:43:45Z,800,4,2,16,1,0,1,1,1,1785540833
2026-07-31T23:43:45Z,801,2,1,18,1,0,1,1,1,1785540694
2026-07-31T23:43:45Z,802,8,0,23,0,0,1,1,1,1785540716
2026-07-31T23:43:45Z,803,2,0,13,0,0,1,1,1,1785540204
2026-07-31T23:43:45Z,806,6,4,8,1,0,1,1,1,1785540310
2026-07-31T23:43:45Z,807,2,1,21,2,0,1,1,1,1785541264
2026-07-31T23:43:45Z,808,1,1,21,3,0,1,1,1,1785541044
2026-07-31T23:43:45Z,809,4,1,18,1,0,1,1,1,1785540472
2026-07-31T23:43:45Z,810,3,1,14,2,0,1,1,1,1785540837
2026-07-31T23:43:45Z,815,2,2,8,4,1,1,1,1,1785541319
2026-07-31T23:43:45Z,817,11,5,4,0,0,1,1,1,1785540403
2026-07-31T23:43:45Z,818,5,1,17,1,0,1,1,1,1785541113
2026-07-31T23:43:45Z,819,5,3,10,0,0,1,1,1,1785537833
2026-07-31T23:43:45Z,820,11,1,6,0,0,1,1,1,1785541159
2026-07-31T23:43:45Z,821,6,3,9,0,0,1,1,1,1785540530
2026-07-31T23:43:45Z,822,7,1,15,1,0,1,1,1,1785541369
2026-07-31T23:43:45Z,823,12,0,3,0,0,1,1,1,1785541398
2026-07-31T23:43:45Z,824,17,5,2,0,0,1,1,1,1785541339
2026-07-31T23:43:45Z,825,7,6,8,0,0,1,1,1,1785538987
2026-07-31T23:43:45Z,826,8,0,9,2,0,1,1,1,1785539622
2026-07-31T23:43:45Z,827,14,4,5,2,0,1,1,1,1785541399
2026-07-31T23:43:45Z,828,9,0,8,1,0,1,1,1,1785541319
2026-07-31T23:43:45Z,829,19,7,8,0,0,1,1,1,1785539948
2026-07-31T23:43:45Z,830,17,0,5,1,0,1,1,1,1785540942
2026-07-31T23:43:45Z,831,5,3,8,2,0,1,1,1,1785539964
2026-07-31T23:43:45Z,832,7,3,8,3,0,1,1,1,1785540857
2026-07-31T23:43:45Z,833,5,1,13,1,0,1,1,1,1785539900
2026-07-31T23:43:45Z,834,9,0,13,2,0,1,1,1,1785541226
2026-07-31T23:43:45Z,835,4,1,11,3,0,1,1,1,1785540988
2026-07-31T23:43:45Z,838,5,4,8,2,0,1,1,1,1785541296
2026-07-31T23:43:45Z,839,9,0,18,2,0,1,1,1,1785541347
2026-07-31T23:43:45Z,840,1,0,27,1,0,1,1,1,1785541366
2026-07-31T23:43:45Z,841,8,2,7,0,0,1,1,1,1785539946
2026-07-31T23:43:45Z,842,2,1,21,0,0,1,1,1,1785539895
2026-07-31T23:43:45Z,843,16,2,15,0,0,1,1,1,1785540297
2026-07-31T23:43:45Z,844,4,0,19,0,0,1,1,1,1785540210
2026-07-31T23:43:45Z,845,5,3,12,2,0,1,1,1,1785540236
2026-07-31T23:43:45Z,846,4,2,14,1,0,1,1,1,1785541190
2026-07-31T23:43:45Z,847,7,1,20,0,0,1,1,1,1785541116
2026-07-31T23:43:45Z,848,4,1,14,1,0,1,1,1,1785541078
2026-07-31T23:43:45Z,849,7,0,7,1,0,1,1,1,1785540992
2026-07-31T23:43:45Z,850,7,1,4,0,0,1,1,1,1785541065
2026-07-31T23:43:45Z,851,2,2,32,3,0,1,1,1,1785541375
2026-07-31T23:43:45Z,852,13,6,6,0,0,1,1,1,1785541360
2026-07-31T23:43:45Z,853,11,5,12,0,0,1,1,1,1785540908
2026-07-31T23:43:45Z,854,2,1,13,0,0,1,1,1,1785540840
2026-07-31T23:43:45Z,855,21,0,6,0,0,1,1,1,1785540475
2026-07-31T23:43:45Z,857,6,4,11,2,0,1,1,1,1785541348
2026-07-31T23:43:45Z,858,5,2,13,1,0,1,1,1,1785540813
2026-07-31T23:43:45Z,859,10,1,10,1,0,1,1,1,1785541030
2026-07-31T23:43:45Z,861,6,0,4,1,0,1,1,1,1785528609
2026-07-31T23:43:45Z,862,3,2,12,0,0,1,1,1,1785539992
2026-07-31T23:43:45Z,863,14,1,4,1,0,1,1,1,1785534680
2026-07-31T23:43:45Z,866,13,1,6,0,0,1,1,1,1785540388
2026-07-31T23:43:45Z,867,14,2,1,0,0,1,1,1,1785541406
2026-07-31T23:43:45Z,868,7,0,8,0,0,1,1,1,1785539854
2026-07-31T23:43:45Z,870,8,4,7,0,0,1,1,1,1785540085
2026-07-31T23:43:45Z,871,0,0,10,1,0,1,1,1,1785541209
2026-07-31T23:43:45Z,872,1,0,13,1,0,1,1,1,1785539989
2026-07-31T23:43:45Z,873,3,0,28,2,0,1,1,1,1785541135
2026-07-31T23:43:45Z,874,7,3,5,3,0,1,1,1,1785541352
2026-07-31T23:43:45Z,875,13,9,1,1,0,1,1,1,1785541118
2026-07-31T23:43:45Z,877,12,11,6,1,0,1,1,1,1785539694
2026-07-31T23:43:45Z,878,3,3,16,0,0,1,1,1,1785540263
2026-07-31T23:43:45Z,879,1,0,18,0,0,1,1,1,1785541113
2026-07-31T23:43:45Z,880,1,0,21,1,0,1,1,1,1785541116
2026-07-31T23:43:45Z,881,3,0,16,0,0,1,1,1,1785540129
2026-07-31T23:43:45Z,882,10,4,8,1,0,1,1,1,1785540148
2026-07-31T23:43:45Z,883,8,3,11,0,0,1,1,1,1785540308
2026-07-31T23:43:45Z,884,9,6,12,0,0,1,1,1,1785541202
2026-07-31T23:43:45Z,885,0,0,19,0,0,1,1,1,1785539924
2026-07-31T23:43:45Z,886,0,0,27,2,0,1,1,1,1785541165
2026-07-31T23:43:45Z,887,5,0,8,4,0,1,1,1,1785540655
2026-07-31T23:43:45Z,888,20,0,19,2,0,1,1,1,1785541419
2026-07-31T23:43:45Z,889,9,0,8,2,0,1,1,1,1785541414
2026-07-31T23:43:45Z,890,5,2,10,0,0,1,1,1,1785540679
2026-07-31T23:43:45Z,891,18,1,4,1,0,1,1,1,1785541294
2026-07-31T23:43:45Z,892,10,0,5,0,0,1,1,1,1785536903
2026-07-31T23:43:45Z,895,1,0,18,0,0,1,1,1,1785541250
2026-07-31T23:43:45Z,896,6,1,29,0,0,1,1,1,1785539956
2026-07-31T23:43:45Z,897,15,0,6,0,0,1,1,1,1785540164
2026-07-31T23:43:45Z,898,2,0,17,0,0,1,1,1,1785539834
2026-07-31T23:43:45Z,899,17,0,0,2,0,1,1,1,1785540885
2026-07-31T23:43:45Z,900,5,0,21,1,0,1,1,1,1785541401
2026-07-31T23:43:45Z,901,3,0,15,1,0,1,1,1,1785541380
2026-07-31T23:43:45Z,902,4,1,11,0,0,1,1,1,1785539940
2026-07-31T23:43:45Z,903,8,1,11,0,0,1,1,1,1785541155
2026-07-31T23:43:45Z,904,10,4,8,1,0,1,1,1,1785540241
2026-07-31T23:43:45Z,905,17,4,10,0,0,1,1,1,1785541360
2026-07-31T23:43:45Z,906,10,8,17,0,0,1,1,1,1785541318
2026-07-31T23:43:45Z,907,7,0,23,1,0,1,1,1,1785540945
2026-07-31T23:43:45Z,908,11,1,12,0,0,1,1,1,1785540943
2026-07-31T23:43:45Z,909,6,2,17,0,0,1,1,1,1785541324
2026-07-31T23:43:45Z,910,28,0,2,1,0,1,1,1,1785541394
2026-07-31T23:43:45Z,911,2,1,17,0,0,1,1,1,1785540153
2026-07-31T23:43:45Z,912,7,1,15,1,0,1,1,1,1785541243
2026-07-31T23:43:45Z,913,5,3,14,0,0,1,1,1,1785540768
2026-07-31T23:43:45Z,914,5,0,11,3,0,1,1,1,1785541337
2026-07-31T23:43:45Z,915,12,3,8,3,0,1,1,1,1785541213
2026-07-31T23:43:45Z,916,3,0,20,0,0,1,1,1,1785541330
2026-07-31T23:43:45Z,917,2,0,32,1,0,1,1,1,1785541246
2026-07-31T23:43:45Z,918,1,1,16,2,0,1,1,1,1785541380
2026-07-31T23:43:45Z,919,13,0,26,0,0,1,1,1,1785541318
2026-07-31T23:43:45Z,920,7,2,12,0,0,1,1,1,1785540544
2026-07-31T23:43:45Z,921,15,1,6,0,0,1,1,1,1785541100
2026-07-31T23:43:45Z,922,1,0,20,0,0,1,1,1,1785540939
2026-07-31T23:43:45Z,923,5,5,14,0,0,1,1,1,1785541409
2026-07-31T23:43:45Z,924,6,1,14,1,0,1,1,1,1785540944
2026-07-31T23:43:45Z,925,11,0,10,0,0,1,1,1,1785540458
2026-07-31T23:43:45Z,926,2,0,19,0,0,1,1,1,1785540524
2026-07-31T23:43:45Z,927,17,2,18,0,0,1,1,1,1785541214
2026-07-31T23:43:45Z,928,0,0,19,0,0,0,1,1,1785500252
2026-07-31T23:43:45Z,929,4,2,18,1,0,1,1,1,1785541421
2026-07-31T23:43:45Z,930,21,0,9,1,0,1,1,1,1785540918
2026-07-31T23:43:45Z,931,3,3,19,1,0,1,1,1,1785541396
2026-07-31T23:43:45Z,932,14,0,1,4,0,1,1,1,1785541402
2026-07-31T23:43:45Z,933,14,3,6,3,0,1,1,1,1785541350
2026-07-31T23:43:45Z,934,24,0,6,1,0,1,1,1,1785541189
2026-07-31T23:43:45Z,935,16,0,1,2,0,1,1,1,1785541317
2026-07-31T23:43:45Z,936,4,0,15,0,0,1,1,1,1785541270
2026-07-31T23:43:45Z,940,3,0,7,1,0,1,1,1,1785541309
2026-07-31T23:43:45Z,941,20,3,2,3,0,1,1,1,1785540864
2026-07-31T23:43:45Z,942,14,4,7,0,0,1,1,1,1785541255
2026-07-31T23:43:45Z,943,8,8,7,0,0,1,1,1,1785540066
2026-07-31T23:43:45Z,944,10,8,5,0,0,1,1,1,1785539919
2026-07-31T23:43:45Z,945,7,5,8,0,0,1,1,1,1785541257
2026-07-31T23:43:45Z,946,7,5,12,0,0,1,1,1,1785523835
2026-07-31T23:43:45Z,947,5,3,12,0,0,1,1,1,1785539941
2026-07-31T23:43:45Z,948,9,9,19,3,0,1,1,1,1785541006
2026-07-31T23:43:45Z,949,3,2,12,0,0,1,1,1,1785541280
2026-07-31T23:43:45Z,950,4,0,12,1,0,1,1,1,1785541208
2026-07-31T23:43:45Z,951,15,6,8,0,0,1,1,1,1785540924
2026-07-31T23:43:45Z,952,28,4,25,2,0,1,1,1,1785541107
2026-07-31T23:43:45Z,953,6,1,8,1,0,1,1,1,1785541014
2026-07-31T23:43:45Z,954,8,0,11,0,0,1,1,1,1785540922
2026-07-31T23:43:45Z,955,9,9,12,6,0,1,1,1,1785541278
2026-07-31T23:43:45Z,956,21,1,0,2,0,1,1,1,1785540294
2026-07-31T23:43:45Z,957,26,3,2,1,0,1,1,1,1785541316
2026-07-31T23:43:45Z,958,26,1,5,0,0,1,1,1,1785541420
2026-07-31T23:43:45Z,959,5,3,17,1,0,1,1,1,1785541414
2026-07-31T23:43:45Z,960,2,2,21,0,0,1,1,1,1785541342
2026-07-31T23:43:45Z,961,2,1,18,3,0,1,1,1,1785540961
2026-07-31T23:43:45Z,962,10,0,22,3,0,1,1,1,1785541148
2026-07-31T23:43:45Z,963,18,1,4,1,0,1,1,1,1785541421
2026-07-31T23:43:45Z,964,12,8,10,1,0,1,1,1,1785541394
2026-07-31T23:43:45Z,965,14,7,12,1,0,1,1,1,1785540350
2026-07-31T23:43:45Z,966,28,4,2,1,0,1,1,1,1785541047
2026-07-31T23:43:45Z,967,12,2,7,2,0,1,1,1,1785541381
2026-07-31T23:43:45Z,968,4,0,14,1,0,1,1,1,1785540566
2026-07-31T23:43:45Z,969,3,1,22,2,0,1,1,1,1785540590
2026-07-31T23:43:45Z,970,2,0,16,1,0,1,1,1,1785541271
2026-07-31T23:43:45Z,971,0,0,22,1,0,1,1,1,1785541002
2026-07-31T23:43:45Z,972,10,4,12,1,0,1,1,1,1785539960
2026-07-31T23:43:45Z,973,9,2,13,1,0,1,1,1,1785541351
2026-07-31T23:43:45Z,974,8,0,19,0,0,1,1,1,1785541395
2026-07-31T23:43:45Z,977,3,2,16,2,0,1,1,1,1785541214
2026-07-31T23:43:45Z,978,19,1,4,0,0,1,1,1,1785541119
2026-07-31T23:43:45Z,979,4,1,13,0,0,1,1,1,1785540792
2026-07-31T23:43:45Z,980,5,0,15,1,0,1,1,1,1785541390
2026-07-31T23:43:45Z,981,12,1,9,0,0,1,1,1,1785541094
2026-07-31T23:43:45Z,982,3,0,14,2,0,1,1,1,1785540001
2026-07-31T23:43:45Z,983,2,2,21,0,0,1,1,1,1785540474
2026-07-31T23:43:45Z,984,5,0,18,0,0,1,1,1,1785539834
2026-07-31T23:43:45Z,985,2,0,28,1,0,1,1,1,1785541402
2026-07-31T23:43:45Z,986,4,0,15,0,0,1,1,1,1785541012
2026-07-31T23:43:45Z,987,6,0,17,0,0,1,1,1,1785540590
2026-07-31T23:43:45Z,988,4,2,14,1,0,1,1,1,1785540177
2026-07-31T23:43:45Z,989,7,4,12,0,0,1,1,1,1785540973
2026-07-31T23:43:45Z,990,13,1,1,1,0,1,1,1,1785540159
2026-07-31T23:43:45Z,991,8,0,10,1,0,1,1,1,1785541077
2026-07-31T23:43:45Z,992,9,5,14,0,0,1,1,1,1785540807
2026-07-31T23:43:45Z,993,4,4,22,1,0,1,1,1,1785541093
2026-07-31T23:43:45Z,994,1,0,20,0,0,1,1,1,1785541057
2026-07-31T23:43:45Z,995,8,3,19,0,0,1,1,1,1785540346
2026-07-31T23:43:45Z,996,7,2,16,0,0,1,1,1,1785540544
2026-07-31T23:43:45Z,997,15,7,8,0,0,1,1,1,1785540968
2026-07-31T23:43:45Z,998,5,4,18,0,0,1,1,1,1785540351
2026-07-31T23:43:45Z,999,4,1,15,1,1,1,1,1,1785540200
2026-07-31T23:43:45Z,1000,0,0,21,0,0,1,1,1,1785540887
2026-07-31T23:43:45Z,1001,5,3,22,0,0,1,1,1,1785540428
2026-07-31T23:43:45Z,1002,1,0,29,1,0,1,1,1,1785540461
2026-07-31T23:43:45Z,1003,3,2,20,0,0,1,1,1,1785541408
2026-07-31T23:43:45Z,1004,8,2,15,0,0,1,1,1,1785541296
2026-07-31T23:43:45Z,1005,20,1,3,0,0,1,1,1,1785540176
2026-07-31T23:43:45Z,1006,8,4,11,0,0,1,1,1,1785539975
2026-07-31T23:43:45Z,1007,3,1,18,0,0,1,1,1,1785539621
2026-07-31T23:43:45Z,1008,8,7,15,0,0,1,1,1,1785540981
2026-07-31T23:43:45Z,1009,22,5,8,1,0,1,1,1,1785541086
2026-07-31T23:43:45Z,1010,7,2,20,0,0,1,1,1,1785539896
2026-07-31T23:43:45Z,1011,7,2,10,2,0,1,1,1,1785540347
2026-07-31T23:43:45Z,1012,5,3,16,2,0,1,1,1,1785539948
2026-07-31T23:43:45Z,1013,4,1,18,1,0,1,1,1,1785540512
2026-07-31T23:43:45Z,1014,9,4,14,0,0,1,1,1,1785540475
2026-07-31T23:43:45Z,1015,4,3,26,1,0,1,1,1,1785540838
2026-07-31T23:43:45Z,1016,10,5,21,0,0,1,1,1,1785539918
2026-07-31T23:43:45Z,1017,13,5,8,0,0,1,1,1,1785541155
2026-07-31T23:43:45Z,1018,6,2,16,0,0,1,1,1,1785540026
2026-07-31T23:43:45Z,1019,8,5,7,0,0,1,1,1,1785539879
2026-07-31T23:43:45Z,1020,19,5,2,0,0,1,1,1,1785541019
2026-07-31T23:43:45Z,1021,9,4,6,0,0,1,1,1,1785540681
2026-07-31T23:43:45Z,1022,14,0,13,0,0,1,1,1,1785540166
2026-07-31T23:43:45Z,1023,14,2,9,0,0,1,1,1,1785539783
2026-07-31T23:43:45Z,1024,3,1,16,0,0,1,1,1,1785540741
2026-07-31T23:43:45Z,1025,4,0,14,0,1,1,1,1,1785540153
2026-07-31T23:43:45Z,1026,10,8,19,2,0,1,1,1,1785541345
2026-07-31T23:43:45Z,1028,3,1,20,0,0,1,1,1,1785540122
2026-07-31T23:43:45Z,1029,11,9,4,0,0,1,1,1,1785540993
2026-07-31T23:43:45Z,1030,13,4,10,0,0,1,1,1,1785540819
2026-07-31T23:43:45Z,1031,9,1,10,0,0,1,1,1,1785541116
2026-07-31T23:43:45Z,1032,7,1,12,0,0,1,1,1,1785539972
2026-07-31T23:43:45Z,1033,10,6,9,0,0,1,1,1,1785540801
2026-07-31T23:43:45Z,1034,3,0,12,0,0,1,1,1,1785539947
2026-07-31T23:43:45Z,1035,1,0,17,1,0,1,1,1,1785540400
2026-07-31T23:43:45Z,1036,12,0,3,0,0,1,1,1,1785540839
2026-07-31T23:43:45Z,1037,1,1,17,1,0,1,1,1,1785540774
2026-07-31T23:43:45Z,1038,1,0,14,0,0,1,1,1,1785539635
2026-07-31T23:43:45Z,1039,6,0,13,0,0,1,1,1,1785540122
2026-07-31T23:43:45Z,1040,8,5,11,0,0,1,1,1,1785540029
2026-07-31T23:43:45Z,1041,11,2,8,0,0,1,1,1,1785539892
2026-07-31T23:43:45Z,1042,3,0,11,1,0,1,1,1,1785540032
2026-07-31T23:43:45Z,1043,6,3,12,1,0,1,1,1,1785541358
2026-07-31T23:43:45Z,1044,4,3,11,0,0,1,1,1,1785541315
2026-07-31T23:43:45Z,1045,7,0,12,0,0,1,1,1,1785541409
2026-07-31T23:43:45Z,1046,9,0,6,0,0,1,1,1,1785541137
2026-07-31T23:43:45Z,1047,4,2,17,0,0,1,1,1,1785540746
2026-07-31T23:43:45Z,1048,4,2,15,0,0,1,1,1,1785539934
2026-07-31T23:43:45Z,1049,2,1,19,0,0,1,1,1,1785540047
2026-07-31T23:43:45Z,1050,19,3,2,0,0,1,1,1,1785541151
2026-07-31T23:43:45Z,1051,8,4,13,0,0,1,1,1,1785541079
2026-07-31T23:43:45Z,1052,17,1,4,1,0,1,1,1,1785539836
2026-07-31T23:43:45Z,1053,2,1,13,0,0,1,1,1,1785540951
2026-07-31T23:43:45Z,1054,9,2,6,0,0,1,1,1,1785541344
2026-07-31T23:43:45Z,1055,8,0,11,0,0,1,1,1,1785540105
2026-07-31T23:43:45Z,1057,4,0,15,0,0,1,1,1,1785541417
2026-07-31T23:43:45Z,1058,1,0,55,0,0,1,1,1,1785541307
2026-07-31T23:43:45Z,1059,6,2,12,1,0,1,1,1,1785540693
2026-07-31T23:43:45Z,1060,17,1,19,1,0,1,1,1,1785541346
2026-07-31T23:43:45Z,1061,21,0,15,1,0,1,1,1,1785541346
2026-07-31T23:43:45Z,1062,14,0,3,0,0,1,1,1,1785540605
2026-07-31T23:43:45Z,1063,12,1,6,1,0,1,1,1,1785540015
2026-07-31T23:43:45Z,1064,6,0,16,1,0,1,1,1,1785541416
2026-07-31T23:43:45Z,1065,13,3,10,0,0,1,1,1,1785541039
2026-07-31T23:43:45Z,1066,12,3,11,0,0,1,1,1,1785540455
2026-07-31T23:43:45Z,1067,7,1,14,2,0,1,1,1,1785540732
2026-07-31T23:43:45Z,1068,6,2,14,3,0,1,1,1,1785540281
2026-07-31T23:43:45Z,1069,12,3,11,0,0,1,1,1,1785540270
2026-07-31T23:43:45Z,1070,12,2,11,0,0,1,1,1,1785540374
2026-07-31T23:43:45Z,1071,8,4,15,0,0,1,1,1,1785540412
2026-07-31T23:43:45Z,1072,11,1,11,1,0,1,1,1,1785540645
2026-07-31T23:43:45Z,1073,5,0,21,1,0,1,1,1,1785540341
2026-07-31T23:43:45Z,1074,25,1,27,1,0,1,1,1,1785541281
2026-07-31T23:43:45Z,1075,8,8,13,0,0,1,1,1,1785541124
2026-07-31T23:43:45Z,1076,12,10,9,0,0,1,1,1,1785541043
2026-07-31T23:43:45Z,1077,13,8,8,0,0,1,1,1,1785540927
2026-07-31T23:43:45Z,1078,9,8,12,0,0,1,1,1,1785541079
2026-07-31T23:43:45Z,1079,12,8,9,0,0,1,1,1,1785540646
2026-07-31T23:43:45Z,1080,12,9,7,2,0,1,1,1,1785539808
2026-07-31T23:43:45Z,1081,11,6,8,0,0,1,1,1,1785541410
2026-07-31T23:43:45Z,1082,11,9,11,1,0,1,1,1,1785539881
2026-07-31T23:43:45Z,1083,12,11,9,0,0,1,1,1,1785540151
2026-07-31T23:43:45Z,1084,9,7,12,0,0,1,1,1,1785539765
2026-07-31T23:43:45Z,1085,12,9,9,0,0,1,1,1,1785541308
2026-07-31T23:43:45Z,1086,10,9,10,1,0,1,1,1,1785540181
2026-07-31T23:43:45Z,1087,9,7,6,0,0,1,1,1,1785541053
2026-07-31T23:43:45Z,1088,8,7,7,0,0,1,1,1,1785540936
2026-07-31T23:43:45Z,1089,9,7,6,0,0,1,1,1,1785539647
2026-07-31T23:43:45Z,1090,8,7,7,0,0,1,1,1,1785541319
2026-07-31T23:43:45Z,1091,6,4,9,0,0,1,1,1,1785540960
2026-07-31T23:43:45Z,1092,8,7,7,0,0,1,1,1,1785540345
2026-07-31T23:43:45Z,1093,5,5,9,1,0,1,1,1,1785541020
2026-07-31T23:43:45Z,1094,10,9,9,0,0,1,1,1,1785539966
2026-07-31T23:43:45Z,1095,10,8,5,0,0,1,1,1,1785539936
2026-07-31T23:43:45Z,1096,14,9,5,0,0,1,1,1,1785541170
2026-07-31T23:43:45Z,1097,8,8,7,0,0,1,1,1,1785540530
2026-07-31T23:43:45Z,1098,10,7,9,0,0,1,1,1,1785541390
2026-07-31T23:43:45Z,1099,7,6,8,0,0,1,1,1,1785539801
2026-07-31T23:43:45Z,1100,6,4,23,0,0,1,1,1,1785532207
2026-07-31T23:43:45Z,1101,8,3,13,0,0,1,1,1,1785540442
2026-07-31T23:43:45Z,1102,9,4,4,0,0,1,1,1,1785540734
2026-07-31T23:43:45Z,1103,11,5,10,0,0,1,1,1,1785503681
2026-07-31T23:43:45Z,1104,11,6,10,0,0,1,1,1,1785541301
2026-07-31T23:43:45Z,1105,8,4,5,0,0,1,1,1,1785540615
2026-07-31T23:43:45Z,1106,10,5,11,0,0,1,1,1,1785539824
2026-07-31T23:43:45Z,1107,9,5,6,0,0,1,1,1,1785540060
2026-07-31T23:43:45Z,1108,8,4,16,2,1,1,1,1,1785540678
2026-07-31T23:43:45Z,1109,7,3,8,0,0,1,1,1,1785539999
2026-07-31T23:43:45Z,1110,11,3,10,0,0,1,1,1,1785541163
2026-07-31T23:43:45Z,1111,12,3,8,1,0,1,1,1,1785541345
2026-07-31T23:43:45Z,1112,28,4,25,0,0,1,1,1,1785541219
2026-07-31T23:43:45Z,1113,0,0,21,0,0,1,1,1,1785541071
2026-07-31T23:43:45Z,1115,16,2,3,4,0,1,1,1,1785540671
2026-07-31T23:43:45Z,1116,8,1,11,0,0,1,1,1,1785539992
2026-07-31T23:43:45Z,1117,7,2,15,1,0,1,1,1,1785540841
2026-07-31T23:43:45Z,1118,17,2,4,0,0,1,1,1,1785541125
2026-07-31T23:43:45Z,1119,6,1,11,0,0,1,1,1,1785540981
2026-07-31T23:43:45Z,1120,6,0,12,1,0,1,1,1,1785541094
2026-07-31T23:43:45Z,1121,10,0,9,2,0,1,1,1,1785541315
2026-07-31T23:43:45Z,1122,4,2,16,1,0,1,1,1,1785541250
2026-07-31T23:43:45Z,1123,15,7,6,2,0,1,1,1,1785541350
2026-07-31T23:43:45Z,1124,6,1,8,1,0,1,1,1,1785541228
2026-07-31T23:43:45Z,1125,17,1,6,0,0,1,1,1,1785540373
2026-07-31T23:43:45Z,1126,3,1,18,0,0,1,1,1,1785541160
2026-07-31T23:43:45Z,1127,0,0,19,0,0,1,1,1,1785540752
2026-07-31T23:43:45Z,1128,2,0,13,0,0,1,1,1,1785541101
2026-07-31T23:43:45Z,1129,0,0,19,2,0,1,1,1,1785541000
2026-07-31T23:43:45Z,1130,15,0,0,0,0,1,1,1,1785540484
2026-07-31T23:43:45Z,1131,2,0,46,1,0,1,1,1,1785541290
2026-07-31T23:43:45Z,1132,11,3,9,1,0,1,1,1,1785539868
2026-07-31T23:43:45Z,1133,0,0,19,2,0,1,1,1,1785541393
2026-07-31T23:43:45Z,1134,12,6,7,0,0,1,1,1,1785540505
2026-07-31T23:43:45Z,1135,12,6,9,0,0,1,1,1,1785539630
2026-07-31T23:43:45Z,1136,13,1,10,0,0,1,1,1,1785541220
2026-07-31T23:43:45Z,1137,10,1,5,0,0,1,1,1,1785541407
2026-07-31T23:43:45Z,1138,4,0,15,0,0,1,1,1,1785540472
2026-07-31T23:43:45Z,1139,12,3,8,1,0,1,1,1,1785540938
2026-07-31T23:43:45Z,1140,0,0,20,3,0,1,1,1,1785541251
2026-07-31T23:43:45Z,1141,19,2,0,2,0,1,1,1,1785541255
2026-07-31T23:43:45Z,1142,3,0,18,0,0,1,1,1,1785541414
2026-07-31T23:43:45Z,1143,23,1,5,1,0,1,1,1,1785541306
2026-07-31T23:43:45Z,1144,8,0,12,1,0,1,1,1,1785540898
2026-07-31T23:43:45Z,1145,11,5,9,1,0,1,1,1,1785540406
2026-07-31T23:43:45Z,1146,10,4,7,2,0,1,1,1,1785541419
2026-07-31T23:43:45Z,1147,19,1,0,0,0,1,1,1,1785541386
2026-07-31T23:43:45Z,1148,1,0,30,0,0,1,1,1,1785540818
2026-07-31T23:43:45Z,1149,3,1,17,5,0,1,1,1,1785541419
2026-07-31T23:43:45Z,1150,1,0,18,0,0,1,1,1,1785540677
2026-07-31T23:43:45Z,1151,8,0,13,0,0,1,1,1,1785540655
2026-07-31T23:43:45Z,1152,7,1,22,0,0,1,1,1,1785541172
2026-07-31T23:43:45Z,1153,21,4,1,1,0,1,1,1,1785540729
2026-07-31T23:43:45Z,1154,6,1,13,0,0,1,1,1,1785541193
2026-07-31T23:43:45Z,1155,7,5,10,4,0,1,1,1,1785541359
2026-07-31T23:43:45Z,1158,3,1,16,0,0,1,1,1,1785539876
2026-07-31T23:43:45Z,1159,13,2,6,0,0,1,1,1,1785541151
2026-07-31T23:43:45Z,1160,6,2,13,0,0,1,1,1,1785540904
2026-07-31T23:43:45Z,1161,3,0,15,1,0,1,1,1,1785540375
2026-07-31T23:43:45Z,1162,4,0,15,0,0,1,1,1,1785540633
2026-07-31T23:43:45Z,1163,2,1,16,1,0,1,1,1,1785539997
2026-07-31T23:43:45Z,1164,5,1,14,0,0,1,1,1,1785540053
2026-07-31T23:43:45Z,1165,1,0,20,0,0,1,1,1,1785540803
2026-07-31T23:43:45Z,1166,13,3,7,1,0,1,1,1,1785540358
2026-07-31T23:43:45Z,1167,4,0,11,0,0,1,1,1,1785539718
2026-07-31T23:43:45Z,1168,2,0,19,2,0,1,1,1,1785540848
2026-07-31T23:43:45Z,1169,3,0,15,1,0,1,1,1,1785539900
2026-07-31T23:43:45Z,1170,4,1,17,0,0,1,1,1,1785541207
2026-07-31T23:43:45Z,1171,7,7,16,0,0,1,1,1,1785540010
2026-07-31T23:43:45Z,1172,6,0,7,2,0,1,1,1,1785540595
2026-07-31T23:43:45Z,1173,13,4,6,0,0,1,1,1,1785540159
2026-07-31T23:43:45Z,1174,4,0,11,0,0,1,1,1,1785539796
2026-07-31T23:43:45Z,1175,4,2,15,0,0,1,1,1,1785535612
2026-07-31T23:43:45Z,1176,8,2,13,0,0,1,1,1,1785541207
2026-07-31T23:43:45Z,1177,2,1,19,0,0,1,1,1,1785541157
2026-07-31T23:43:45Z,1178,5,2,10,0,0,1,1,1,1785539710
2026-07-31T23:43:45Z,1181,13,1,2,0,0,1,1,1,1785539968
2026-07-31T23:43:45Z,1182,16,4,4,0,0,1,1,1,1785541213
2026-07-31T23:43:45Z,1183,4,0,39,2,0,1,1,1,1785541268
2026-07-31T23:43:45Z,1184,11,8,6,4,0,1,1,1,1785541384
2026-07-31T23:43:45Z,1185,10,6,11,0,0,1,1,1,1785541277
2026-07-31T23:43:45Z,1186,9,5,10,0,0,1,1,1,1785540429
2026-07-31T23:43:45Z,1187,10,5,10,1,0,1,1,1,1785540644
2026-07-31T23:43:45Z,1188,10,5,5,0,0,1,1,1,1785540055
2026-07-31T23:43:45Z,1189,8,3,11,0,0,1,1,1,1785540192
2026-07-31T23:43:45Z,1190,9,4,12,0,0,1,1,1,1785539612
2026-07-31T23:43:45Z,1191,10,5,5,0,0,1,1,1,1785540058
2026-07-31T23:43:45Z,1192,11,7,9,1,0,1,1,1,1785539977
2026-07-31T23:43:45Z,1193,6,4,5,2,0,1,1,1,1785540832
2026-07-31T23:43:45Z,1197,9,6,7,1,0,1,1,1,1785540839
2026-07-31T23:43:45Z,1198,13,4,6,2,0,1,1,1,1785540501
2026-07-31T23:43:45Z,1199,3,0,16,0,0,1,1,1,1785540500
2026-07-31T23:43:45Z,1200,7,4,8,0,0,1,1,1,1785540960
2026-07-31T23:43:45Z,1201,9,4,6,0,0,1,1,1,1785540070
2026-07-31T23:43:45Z,1202,11,6,4,0,0,1,1,1,1785540355
2026-07-31T23:43:45Z,1203,11,5,4,0,0,1,1,1,1785540079
2026-07-31T23:43:45Z,1204,7,4,12,0,0,1,1,1,1785539858
2026-07-31T23:43:45Z,1206,11,5,10,0,0,1,1,1,1785540918
2026-07-31T23:43:45Z,1207,8,4,6,1,0,1,1,1,1785540388
2026-07-31T23:43:45Z,1208,10,4,9,0,0,1,1,1,1785540340
2026-07-31T23:43:45Z,1216,9,0,11,1,0,1,1,1,1785541132
2026-07-31T23:43:45Z,1218,2,0,19,0,0,1,1,1,1785539771
2026-07-31T23:43:45Z,1219,2,1,10,3,0,1,1,1,1785539991
2026-07-31T23:43:45Z,1220,16,6,3,0,0,1,1,1,1785541179
2026-07-31T23:43:45Z,1221,1,1,19,1,0,1,1,1,1785540885
2026-07-31T23:43:45Z,1222,26,2,3,0,0,1,1,1,1785541084
2026-07-31T23:43:45Z,1223,26,3,2,1,0,1,1,1,1785541044
2026-07-31T23:43:45Z,1226,0,0,3,0,0,0,1,1,1781868931
2026-07-31T23:43:45Z,1227,4,0,20,1,0,1,1,1,1785540997
2026-07-31T23:43:45Z,1228,2,1,26,1,0,1,1,1,1785541267
2026-07-31T23:43:45Z,1229,39,0,5,1,0,1,1,1,1785541359
2026-07-31T23:48:45Z,1,17,0,6,0,0,1,1,1,1785541521
2026-07-31T23:48:45Z,2,15,0,9,3,0,1,1,1,1785541404
2026-07-31T23:48:45Z,3,7,0,6,1,0,1,1,1,1785540296
2026-07-31T23:48:45Z,4,20,0,1,1,0,1,1,1,1785541377
2026-07-31T23:48:45Z,5,17,4,3,3,0,1,1,1,1785541677
2026-07-31T23:48:45Z,6,4,1,11,0,0,1,1,1,1785540275
2026-07-31T23:48:45Z,7,9,0,30,0,0,1,1,1,1785541492
2026-07-31T23:48:45Z,8,12,0,31,0,0,1,1,1,1785541457
2026-07-31T23:48:45Z,9,12,1,11,0,0,1,1,1,1785541367
2026-07-31T23:48:45Z,10,4,2,16,3,0,1,1,1,1785540889
2026-07-31T23:48:45Z,11,2,0,16,1,0,1,1,1,1785541371
2026-07-31T23:48:45Z,12,4,0,19,0,0,1,1,1,1785541526
2026-07-31T23:48:45Z,13,14,0,15,1,0,1,1,1,1785541411
2026-07-31T23:48:45Z,14,29,1,13,0,1,1,1,1,1785541716
2026-07-31T23:48:45Z,15,12,0,3,0,0,1,1,1,1785540777
2026-07-31T23:48:45Z,16,4,0,20,2,1,1,1,1,1785541570
2026-07-31T23:48:45Z,17,26,1,0,1,0,1,1,1,1785541575
2026-07-31T23:48:45Z,18,7,0,9,2,0,1,1,1,1785541553
2026-07-31T23:48:45Z,19,13,0,13,1,0,1,1,1,1785541373
2026-07-31T23:48:45Z,20,23,0,12,0,0,1,1,1,1785541705
2026-07-31T23:48:45Z,21,13,0,3,3,0,1,1,1,1785541672
2026-07-31T23:48:45Z,22,19,0,46,0,0,1,1,1,1785541480
2026-07-31T23:48:45Z,23,27,8,4,0,0,1,1,1,1785541024
2026-07-31T23:48:45Z,24,6,0,4,1,0,1,1,1,1785541716
2026-07-31T23:48:45Z,25,71,2,7,3,0,1,1,1,1785541688
2026-07-31T23:48:45Z,26,1,0,26,0,0,1,1,1,1785541644
2026-07-31T23:48:45Z,28,8,0,7,0,0,1,1,1,1785541314
2026-07-31T23:48:45Z,30,20,0,7,2,0,1,1,1,1785541437
2026-07-31T23:48:45Z,31,13,0,5,1,0,1,1,1,1785541719
2026-07-31T23:48:45Z,32,20,2,7,0,0,1,1,1,1785541597
2026-07-31T23:48:45Z,34,13,1,24,0,0,1,1,1,1785541405
2026-07-31T23:48:45Z,35,40,2,7,0,0,1,1,1,1785541678
2026-07-31T23:48:45Z,36,0,0,0,0,0,0,1,1,86400
2026-07-31T23:48:45Z,37,11,2,11,1,0,1,1,1,1785541719
2026-07-31T23:48:45Z,38,5,1,18,0,0,1,1,1,1785541645
2026-07-31T23:48:45Z,39,11,0,28,0,0,1,1,1,1785541258
2026-07-31T23:48:45Z,40,4,0,17,0,0,1,1,1,1785540893
2026-07-31T23:48:45Z,41,19,0,24,0,0,1,1,1,1785541184
2026-07-31T23:48:45Z,42,3,3,28,0,0,1,1,1,1785541070
2026-07-31T23:48:45Z,43,8,2,15,0,0,1,1,1,1785540946
2026-07-31T23:48:45Z,45,1,0,28,0,0,1,1,1,1785539388
2026-07-31T23:48:45Z,46,2,1,27,2,0,1,1,1,1785541647
2026-07-31T23:48:45Z,47,6,3,8,1,0,1,1,1,1785541367
2026-07-31T23:48:45Z,48,15,0,12,0,0,1,1,1,1785541695
2026-07-31T23:48:45Z,49,0,0,19,4,0,1,1,1,1785541722
2026-07-31T23:48:45Z,50,4,4,13,2,0,1,1,1,1785541265
2026-07-31T23:48:45Z,51,25,0,52,0,0,1,1,1,1785540619
2026-07-31T23:48:45Z,52,3,0,21,3,0,1,1,1,1785541719
2026-07-31T23:48:45Z,55,6,1,16,1,0,1,1,1,1785541633
2026-07-31T23:48:45Z,56,8,1,35,0,0,1,1,1,1785541655
2026-07-31T23:48:45Z,57,24,2,3,0,0,1,1,1,1785541444
2026-07-31T23:48:45Z,58,8,0,20,0,0,1,1,1,1785540566
2026-07-31T23:48:45Z,59,4,1,21,2,0,1,1,1,1785541647
2026-07-31T23:48:45Z,61,29,0,10,0,0,1,1,1,1785541535
2026-07-31T23:48:45Z,62,15,7,34,0,0,1,1,1,1785541443
2026-07-31T23:48:45Z,63,5,3,14,0,0,1,1,1,1785541375
2026-07-31T23:48:45Z,64,10,1,5,4,0,1,1,1,1785535815
2026-07-31T23:48:45Z,65,8,4,10,1,0,1,1,1,1785540492
2026-07-31T23:48:45Z,67,4,0,35,0,0,1,1,1,1785541708
2026-07-31T23:48:45Z,68,32,0,4,1,0,1,1,1,1785541344
2026-07-31T23:48:45Z,69,4,1,11,0,0,1,1,1,1785541605
2026-07-31T23:48:45Z,71,7,2,18,2,0,1,1,1,1785541700
2026-07-31T23:48:45Z,72,23,3,5,2,1,1,1,1,1785540993
2026-07-31T23:48:45Z,73,0,0,31,0,0,1,1,1,1785541558
2026-07-31T23:48:45Z,74,1,1,18,0,0,1,1,1,1785541449
2026-07-31T23:48:45Z,75,4,0,27,1,0,1,1,1,1785541598
2026-07-31T23:48:45Z,76,2,0,14,3,0,1,1,1,1785541720
2026-07-31T23:48:45Z,77,15,0,11,1,0,1,1,1,1785541612
2026-07-31T23:48:45Z,78,2,1,21,0,0,1,1,1,1785541417
2026-07-31T23:48:45Z,79,0,0,16,1,0,1,1,1,1785540916
2026-07-31T23:48:45Z,80,18,1,2,3,0,1,1,1,1785541638
2026-07-31T23:48:45Z,81,11,1,20,0,0,1,1,1,1785541473
2026-07-31T23:48:45Z,82,11,11,11,1,0,1,1,1,1785540997
2026-07-31T23:48:45Z,83,8,0,24,2,0,1,1,1,1785541700
2026-07-31T23:48:45Z,84,14,1,13,0,0,1,1,1,1785541588
2026-07-31T23:48:45Z,85,9,0,6,0,0,1,1,1,1785540942
2026-07-31T23:48:45Z,86,11,4,16,0,0,1,1,1,1785541536
2026-07-31T23:48:45Z,87,0,0,19,0,0,1,1,1,1785533075
2026-07-31T23:48:45Z,88,22,1,20,1,0,1,1,1,1785541576
2026-07-31T23:48:45Z,89,14,0,21,0,0,1,1,1,1785540685
2026-07-31T23:48:45Z,90,16,0,1,1,0,1,1,1,1785541511
2026-07-31T23:48:45Z,91,8,0,9,0,0,1,1,1,1785541681
2026-07-31T23:48:45Z,92,5,2,11,3,0,1,1,1,1785541573
2026-07-31T23:48:45Z,93,6,0,15,2,0,1,1,1,1785541512
2026-07-31T23:48:45Z,94,12,0,6,1,0,1,1,1,1785541659
2026-07-31T23:48:45Z,95,8,0,25,1,1,1,1,1,1785541713
2026-07-31T23:48:45Z,96,16,5,14,1,0,1,1,1,1785541615
2026-07-31T23:48:45Z,97,7,0,9,1,0,1,1,1,1785541721
2026-07-31T23:48:45Z,98,27,6,7,1,0,1,1,1,1785541295
2026-07-31T23:48:45Z,99,15,0,0,0,0,1,1,1,1785541430
2026-07-31T23:48:45Z,100,16,0,11,0,0,1,1,1,1785541670
2026-07-31T23:48:45Z,101,11,2,3,1,0,1,1,1,1785541682
2026-07-31T23:48:45Z,102,21,0,1,1,0,1,1,1,1785541555
2026-07-31T23:48:45Z,103,18,0,12,0,0,1,1,1,1785541720
2026-07-31T23:48:45Z,104,11,0,14,2,0,1,1,1,1785541721
2026-07-31T23:48:45Z,105,17,0,2,0,0,1,1,1,1785535842
2026-07-31T23:48:45Z,106,18,0,2,1,0,1,1,1,1785538929
2026-07-31T23:48:45Z,107,21,1,16,0,0,1,1,1,1785541658
2026-07-31T23:48:45Z,108,27,3,5,3,0,1,1,1,1785541528
2026-07-31T23:48:45Z,109,3,0,20,0,0,1,1,1,1785541499
2026-07-31T23:48:45Z,110,16,0,7,0,0,1,1,1,1785541422
2026-07-31T23:48:45Z,111,7,0,29,0,0,1,1,1,1785541683
2026-07-31T23:48:45Z,112,0,0,14,1,0,1,1,1,1785541681
2026-07-31T23:48:45Z,113,2,0,16,1,0,1,1,1,1785541492
2026-07-31T23:48:45Z,114,10,3,18,2,1,1,1,1,1785541645
2026-07-31T23:48:45Z,115,18,11,5,5,0,1,1,1,1785541337
2026-07-31T23:48:45Z,116,15,9,12,0,0,1,1,1,1785541693
2026-07-31T23:48:45Z,118,19,1,1,3,0,1,1,1,1785540956
2026-07-31T23:48:45Z,119,1,0,35,2,0,1,1,1,1785541511
2026-07-31T23:48:45Z,120,2,0,24,1,0,1,1,1,1785541713
2026-07-31T23:48:45Z,121,4,2,13,1,1,1,1,1,1785541715
2026-07-31T23:48:45Z,122,16,2,3,2,0,1,1,1,1785541582
2026-07-31T23:48:45Z,123,0,0,47,0,0,1,1,1,1785540865
2026-07-31T23:48:45Z,124,13,4,22,0,0,1,1,1,1785541620
2026-07-31T23:48:45Z,125,2,1,20,1,0,1,1,1,1785541719
2026-07-31T23:48:45Z,126,10,1,20,1,0,1,1,1,1785541337
2026-07-31T23:48:45Z,127,15,2,19,1,0,1,1,1,1785541704
2026-07-31T23:48:45Z,128,11,5,8,0,0,1,1,1,1785541630
2026-07-31T23:48:45Z,129,1,0,15,3,0,1,1,1,1785541415
2026-07-31T23:48:45Z,130,10,0,7,0,0,1,1,1,1785539871
2026-07-31T23:48:45Z,131,6,1,4,1,0,1,1,1,1785541598
2026-07-31T23:48:45Z,132,13,3,1,0,1,1,1,1,1785541006
2026-07-31T23:48:45Z,134,17,0,1,5,0,1,1,1,1785541568
2026-07-31T23:48:45Z,135,6,4,10,3,0,1,1,1,1785541249
2026-07-31T23:48:45Z,136,2,1,1,16,4,1,1,1,1785541608
2026-07-31T23:48:45Z,137,7,4,11,1,0,1,1,1,1785541667
2026-07-31T23:48:45Z,138,26,4,11,0,0,1,1,1,1785541674
2026-07-31T23:48:45Z,139,9,3,10,0,0,1,1,1,1785541599
2026-07-31T23:48:45Z,140,3,1,18,2,0,1,1,1,1785541721
2026-07-31T23:48:45Z,141,13,4,23,0,0,1,1,1,1785541622
2026-07-31T23:48:45Z,142,13,1,10,0,0,1,1,1,1785541606
2026-07-31T23:48:45Z,143,13,0,18,0,0,1,1,1,1785541617
2026-07-31T23:48:45Z,144,15,1,11,1,0,1,1,1,1785541693
2026-07-31T23:48:45Z,146,8,1,14,1,0,1,1,1,1785541722
2026-07-31T23:48:45Z,147,4,2,13,2,0,1,1,1,1785541603
2026-07-31T23:48:45Z,148,4,3,21,2,0,1,1,1,1785541659
2026-07-31T23:48:45Z,149,3,0,24,0,0,1,1,1,1785541408
2026-07-31T23:48:45Z,150,10,2,21,4,0,1,1,1,1785541704
2026-07-31T23:48:45Z,151,5,1,18,0,0,1,1,1,1785541608
2026-07-31T23:48:45Z,152,6,1,17,3,0,1,1,1,1785541715
2026-07-31T23:48:45Z,153,5,0,21,2,0,1,1,1,1785541634
2026-07-31T23:48:45Z,154,4,1,15,4,0,1,1,1,1785541679
2026-07-31T23:48:45Z,155,8,3,5,1,0,1,1,1,1785541601
2026-07-31T23:48:45Z,156,7,0,12,0,0,1,1,1,1785541312
2026-07-31T23:48:45Z,157,18,4,7,2,0,1,1,1,1785541614
2026-07-31T23:48:45Z,158,14,1,2,0,0,1,1,1,1785540896
2026-07-31T23:48:45Z,159,4,3,15,0,0,1,1,1,1785541535
2026-07-31T23:48:45Z,160,2,1,17,0,0,1,1,1,1785541684
2026-07-31T23:48:45Z,161,13,1,9,0,0,1,1,1,1785541586
2026-07-31T23:48:45Z,162,15,14,10,2,0,1,1,1,1785541535
2026-07-31T23:48:45Z,163,3,0,26,1,1,1,1,1,1785541687
2026-07-31T23:48:45Z,164,15,1,12,0,0,1,1,1,1785540925
2026-07-31T23:48:45Z,165,29,5,2,0,0,1,1,1,1785541572
2026-07-31T23:48:45Z,166,35,11,1,3,0,1,1,1,1785541722
2026-07-31T23:48:45Z,167,7,0,15,1,0,1,1,1,1785541470
2026-07-31T23:48:45Z,168,20,0,6,1,0,1,1,1,1785541687
2026-07-31T23:48:45Z,169,9,2,12,1,1,1,1,1,1785541718
2026-07-31T23:48:45Z,170,5,2,13,1,0,1,1,1,1785541718
2026-07-31T23:48:45Z,171,4,2,7,2,0,1,1,1,1785541473
2026-07-31T23:48:45Z,173,8,0,31,0,0,1,1,1,1785541458
2026-07-31T23:48:45Z,174,12,1,14,0,0,1,1,1,1785541637
2026-07-31T23:48:45Z,175,29,0,0,2,0,1,1,1,1785541645
2026-07-31T23:48:45Z,176,12,5,0,2,1,1,1,1,1785541710
2026-07-31T23:48:45Z,177,11,0,16,0,0,1,1,1,1785541718
2026-07-31T23:48:45Z,178,8,0,4,2,1,1,1,1,1785541720
2026-07-31T23:48:45Z,179,11,3,2,2,0,1,1,1,1785541685
2026-07-31T23:48:45Z,180,1,0,29,0,0,1,1,1,1785541666
2026-07-31T23:48:45Z,181,3,2,12,0,0,1,1,1,1785541722
2026-07-31T23:48:45Z,182,0,0,16,1,0,1,1,1,1785541450
2026-07-31T23:48:45Z,183,1,1,22,0,0,1,1,1,1785541613
2026-07-31T23:48:45Z,184,5,3,15,3,0,1,1,1,1785541711
2026-07-31T23:48:45Z,185,3,3,8,3,1,1,1,1,1785541452
2026-07-31T23:48:45Z,186,18,0,1,0,0,1,1,1,1785541708
2026-07-31T23:48:45Z,187,6,1,21,1,0,1,1,1,1785541292
2026-07-31T23:48:45Z,188,8,2,11,8,0,1,1,1,1785541534
2026-07-31T23:48:45Z,189,10,4,5,0,0,1,1,1,1785540632
2026-07-31T23:48:45Z,190,5,0,17,1,0,1,1,1,1785541675
2026-07-31T23:48:45Z,191,2,1,36,1,0,1,1,1,1785541512
2026-07-31T23:48:45Z,192,2,2,28,1,0,1,1,1,1785541107
2026-07-31T23:48:45Z,193,9,8,3,3,0,1,1,1,1785541696
2026-07-31T23:48:45Z,194,3,3,24,0,0,1,1,1,1785541684
2026-07-31T23:48:45Z,195,2,1,17,0,0,1,1,1,1785541532
2026-07-31T23:48:45Z,196,4,3,22,1,0,1,1,1,1785541685
2026-07-31T23:48:45Z,197,1,0,17,0,1,1,1,1,1785541621
2026-07-31T23:48:45Z,198,10,4,11,2,0,1,1,1,1785541587
2026-07-31T23:48:45Z,199,12,8,2,1,0,1,1,1,1785541481
2026-07-31T23:48:45Z,200,19,0,6,1,0,1,1,1,1785541650
2026-07-31T23:48:45Z,201,5,5,18,0,0,1,1,1,1785540696
2026-07-31T23:48:45Z,202,27,2,0,0,0,1,1,1,1785538983
2026-07-31T23:48:45Z,203,25,0,4,2,0,1,1,1,1785541643
2026-07-31T23:48:45Z,204,12,2,22,1,0,1,1,1,1785541719
2026-07-31T23:48:45Z,205,9,2,17,1,0,1,1,1,1785541557
2026-07-31T23:48:45Z,206,8,8,5,2,0,1,1,1,1785541608
2026-07-31T23:48:45Z,207,15,2,4,2,0,1,1,1,1785541643
2026-07-31T23:48:45Z,208,6,2,23,0,0,1,1,1,1785541665
2026-07-31T23:48:45Z,209,22,0,8,1,0,1,1,1,1785541718
2026-07-31T23:48:45Z,210,8,7,19,0,0,1,1,1,1785541517
2026-07-31T23:48:45Z,211,13,0,9,1,0,1,1,1,1785541591
2026-07-31T23:48:45Z,212,20,5,14,1,0,1,1,1,1785541714
2026-07-31T23:48:45Z,213,12,6,10,1,0,1,1,1,1785541540
2026-07-31T23:48:45Z,214,32,8,13,2,0,1,1,1,1785541528
2026-07-31T23:48:45Z,215,1,0,21,1,0,1,1,1,1785541548
2026-07-31T23:48:45Z,216,3,1,14,2,0,1,1,1,1785541045
2026-07-31T23:48:45Z,217,27,2,1,1,0,1,1,1,1785541716
2026-07-31T23:48:45Z,218,35,13,3,1,0,1,1,1,1785541708
2026-07-31T23:48:45Z,219,22,1,3,1,0,1,1,1,1785541466
2026-07-31T23:48:45Z,220,22,13,19,1,1,1,1,1,1785541676
2026-07-31T23:48:45Z,221,10,6,4,1,0,1,1,1,1785541669
2026-07-31T23:48:45Z,222,13,8,6,0,0,1,1,1,1785541629
2026-07-31T23:48:45Z,223,0,0,32,3,0,1,1,1,1785541645
2026-07-31T23:48:45Z,224,12,10,9,1,0,1,1,1,1785541596
2026-07-31T23:48:45Z,225,1,0,15,3,0,1,1,1,1785541567
2026-07-31T23:48:45Z,226,24,9,5,2,0,1,1,1,1785541711
2026-07-31T23:48:45Z,227,3,3,23,1,0,1,1,1,1785541564
2026-07-31T23:48:45Z,228,0,0,19,0,0,1,1,1,1785540971
2026-07-31T23:48:45Z,230,3,1,23,0,0,1,1,1,1785541721
2026-07-31T23:48:45Z,232,5,1,11,1,0,1,1,1,1785541488
2026-07-31T23:48:45Z,233,22,9,8,1,0,1,1,1,1785541334
2026-07-31T23:48:45Z,234,13,10,0,4,2,1,1,1,1785541716
2026-07-31T23:48:45Z,236,10,4,7,2,0,1,1,1,1785541615
2026-07-31T23:48:45Z,237,2,0,20,1,0,1,1,1,1785541437
2026-07-31T23:48:45Z,239,19,12,6,2,0,1,1,1,1785541583
2026-07-31T23:48:45Z,241,1,0,20,2,0,1,1,1,1785540340
2026-07-31T23:48:45Z,242,6,2,16,1,0,1,1,1,1785541108
2026-07-31T23:48:45Z,243,13,9,16,2,0,1,1,1,1785541692
2026-07-31T23:48:45Z,244,14,2,12,1,0,1,1,1,1785541717
2026-07-31T23:48:45Z,245,3,1,20,0,0,1,1,1,1785541681
2026-07-31T23:48:45Z,246,2,1,21,0,0,1,1,1,1785541105
2026-07-31T23:48:45Z,247,10,7,12,1,0,1,1,1,1785541604
2026-07-31T23:48:45Z,248,4,3,17,2,0,1,1,1,1785541664
2026-07-31T23:48:45Z,249,12,11,7,0,0,1,1,1,1785541522
2026-07-31T23:48:45Z,250,2,2,22,3,0,1,1,1,1785541642
2026-07-31T23:48:45Z,251,17,12,5,5,0,1,1,1,1785541676
2026-07-31T23:48:45Z,253,4,1,15,0,0,1,1,1,1785541657
2026-07-31T23:48:45Z,254,4,0,38,1,0,1,1,1,1785540976
2026-07-31T23:48:45Z,255,5,1,17,0,1,1,1,1,1785541424
2026-07-31T23:48:45Z,256,3,2,20,0,0,1,1,1,1785541422
2026-07-31T23:48:45Z,257,7,2,12,0,0,1,1,1,1785541602
2026-07-31T23:48:45Z,258,13,5,4,2,0,1,1,1,1785541698
2026-07-31T23:48:45Z,259,5,0,16,1,1,1,1,1,1785541419
2026-07-31T23:48:45Z,260,9,8,9,1,0,1,1,1,1785541603
2026-07-31T23:48:45Z,261,0,0,17,1,1,1,1,1,1785541122
2026-07-31T23:48:45Z,262,1,0,21,1,0,1,1,1,1785541441
2026-07-31T23:48:45Z,263,9,7,5,1,0,1,1,1,1785541150
2026-07-31T23:48:45Z,264,2,2,17,0,0,1,1,1,1785541716
2026-07-31T23:48:45Z,265,6,0,9,0,0,1,1,1,1785541194
2026-07-31T23:48:45Z,266,9,7,7,3,0,1,1,1,1785541211
2026-07-31T23:48:45Z,267,6,1,7,2,0,1,1,1,1785540610
2026-07-31T23:48:45Z,268,17,7,5,1,0,1,1,1,1785541132
2026-07-31T23:48:45Z,269,5,2,18,0,0,1,1,1,1785541504
2026-07-31T23:48:45Z,270,9,0,15,3,0,1,1,1,1785541637
2026-07-31T23:48:45Z,271,0,0,17,2,0,1,1,1,1785541545
2026-07-31T23:48:45Z,272,2,2,19,2,0,1,1,1,1785541706
2026-07-31T23:48:45Z,273,2,1,13,0,0,1,1,1,1785539650
2026-07-31T23:48:45Z,274,3,1,15,1,0,1,1,1,1785540581
2026-07-31T23:48:45Z,275,5,0,14,4,0,1,1,1,1785541511
2026-07-31T23:48:45Z,276,2,0,25,0,0,1,1,1,1785541389
2026-07-31T23:48:45Z,277,3,0,16,4,0,1,1,1,1785541339
2026-07-31T23:48:45Z,278,2,2,28,1,0,1,1,1,1785541598
2026-07-31T23:48:45Z,279,1,0,18,0,0,1,1,1,1785541697
2026-07-31T23:48:45Z,280,2,1,27,2,0,1,1,1,1785541618
2026-07-31T23:48:45Z,281,10,0,9,0,0,1,1,1,1785539893
2026-07-31T23:48:45Z,282,11,2,7,0,0,1,1,1,1785540196
2026-07-31T23:48:45Z,283,18,3,16,1,0,1,1,1,1785541660
2026-07-31T23:48:45Z,284,20,2,13,2,0,1,1,1,1785541620
2026-07-31T23:48:45Z,285,0,0,23,0,0,1,1,1,1785540975
2026-07-31T23:48:45Z,286,6,4,17,0,0,1,1,1,1785541546
2026-07-31T23:48:45Z,287,11,1,9,3,0,1,1,1,1785540479
2026-07-31T23:48:45Z,288,6,3,13,0,0,1,1,1,1785541587
2026-07-31T23:48:45Z,289,7,7,16,4,0,1,1,1,1785541555
2026-07-31T23:48:45Z,290,14,0,24,1,0,1,1,1,1785541637
2026-07-31T23:48:45Z,291,2,0,20,1,0,1,1,1,1785541601
2026-07-31T23:48:45Z,292,1,1,22,0,0,1,1,1,1785540969
2026-07-31T23:48:45Z,293,1,1,22,0,0,1,1,1,1785540770
2026-07-31T23:48:45Z,294,6,4,12,4,0,1,1,1,1785541716
2026-07-31T23:48:45Z,297,10,0,8,0,1,1,1,1,1785541711
2026-07-31T23:48:45Z,301,14,0,5,0,0,1,1,1,1785541643
2026-07-31T23:48:45Z,302,22,2,0,1,0,1,1,1,1785541464
2026-07-31T23:48:45Z,303,3,0,16,0,0,1,1,1,1785541652
2026-07-31T23:48:45Z,304,0,0,0,0,0,0,1,1,86400
2026-07-31T23:48:45Z,305,3,0,15,1,0,1,1,1,1785541714
2026-07-31T23:48:45Z,306,6,0,25,1,0,1,1,1,1785541699
2026-07-31T23:48:45Z,307,13,1,10,0,0,1,1,1,1785541619
2026-07-31T23:48:45Z,308,17,2,0,2,0,1,1,1,1785541196
2026-07-31T23:48:45Z,309,6,0,8,0,0,1,1,1,1785541526
2026-07-31T23:48:45Z,311,11,1,4,0,0,1,1,1,1785540947
2026-07-31T23:48:45Z,312,4,4,16,3,0,1,1,1,1785541549
2026-07-31T23:48:45Z,313,3,0,12,0,0,1,1,1,1785541384
2026-07-31T23:48:45Z,314,9,1,8,2,0,1,1,1,1785541217
2026-07-31T23:48:45Z,315,10,9,18,3,0,1,1,1,1785541389
2026-07-31T23:48:45Z,316,6,1,17,7,1,1,1,1,1785541706
2026-07-31T23:48:45Z,317,20,12,10,0,1,1,1,1,1785541585
2026-07-31T23:48:45Z,318,19,4,0,0,0,1,1,1,1785540544
2026-07-31T23:48:45Z,319,3,1,17,3,0,1,1,1,1785541609
2026-07-31T23:48:45Z,320,6,1,12,1,0,1,1,1,1785541514
2026-07-31T23:48:45Z,321,3,0,12,4,0,1,1,1,1785541487
2026-07-31T23:48:45Z,322,19,0,10,0,0,1,1,1,1785541460
2026-07-31T23:48:45Z,323,2,0,15,2,0,1,1,1,1785541595
2026-07-31T23:48:45Z,324,19,2,7,1,0,1,1,1,1785541711
2026-07-31T23:48:45Z,325,1,1,24,2,0,1,1,1,1785541599
2026-07-31T23:48:45Z,327,19,1,6,2,0,1,1,1,1785541423
2026-07-31T23:48:45Z,328,16,0,6,0,0,1,1,1,1785541671
2026-07-31T23:48:45Z,329,10,1,6,3,0,1,1,1,1785541182
2026-07-31T23:48:45Z,330,20,0,1,1,0,1,1,1,1785541518
2026-07-31T23:48:45Z,331,13,1,9,1,0,1,1,1,1785541324
2026-07-31T23:48:45Z,332,2,1,14,3,0,1,1,1,1785539711
2026-07-31T23:48:45Z,333,3,1,18,2,0,1,1,1,1785541699
2026-07-31T23:48:45Z,334,4,0,18,1,0,1,1,1,1785541479
2026-07-31T23:48:45Z,335,2,2,20,0,1,1,1,1,1785540871
2026-07-31T23:48:45Z,336,1,0,18,0,0,1,1,1,1785541713
2026-07-31T23:48:45Z,337,2,2,17,4,0,1,1,1,1785541413
2026-07-31T23:48:45Z,338,4,2,15,0,0,1,1,1,1785541484
2026-07-31T23:48:45Z,339,11,3,10,2,0,1,1,1,1785541634
2026-07-31T23:48:45Z,340,5,2,9,1,0,1,1,1,1785541361
2026-07-31T23:48:45Z,341,8,3,11,0,0,1,1,1,1785541048
2026-07-31T23:48:45Z,342,3,0,12,0,0,1,1,1,1785541008
2026-07-31T23:48:45Z,343,2,1,19,2,0,1,1,1,1785541166
2026-07-31T23:48:45Z,344,5,1,17,1,0,1,1,1,1785541272
2026-07-31T23:48:45Z,345,14,4,5,0,0,1,1,1,1785541693
2026-07-31T23:48:45Z,346,2,1,21,0,0,1,1,1,1785540405
2026-07-31T23:48:45Z,347,22,5,19,3,0,1,1,1,1785541715
2026-07-31T23:48:45Z,348,6,0,15,1,1,1,1,1,1785541707
2026-07-31T23:48:45Z,349,9,3,10,0,0,1,1,1,1785540794
2026-07-31T23:48:45Z,350,0,0,25,1,1,1,1,1,1785541089
2026-07-31T23:48:45Z,351,11,2,10,2,0,1,1,1,1785541655
2026-07-31T23:48:45Z,355,5,1,18,0,0,1,1,1,1785541356
2026-07-31T23:48:45Z,356,2,0,17,0,0,1,1,1,1785541490
2026-07-31T23:48:45Z,357,3,2,16,0,0,1,1,1,1785541213
2026-07-31T23:48:45Z,358,23,1,3,1,0,1,1,1,1785541597
2026-07-31T23:48:45Z,359,9,1,18,0,0,1,1,1,1785541267
2026-07-31T23:48:45Z,360,1,1,18,0,0,1,1,1,1785541067
2026-07-31T23:48:45Z,362,3,2,13,3,0,1,1,1,1785540505
2026-07-31T23:48:45Z,363,26,1,1,0,0,1,1,1,1785541717
2026-07-31T23:48:45Z,364,0,0,18,1,0,1,1,1,1785541323
2026-07-31T23:48:45Z,365,0,0,20,3,0,1,1,1,1785541630
2026-07-31T23:48:45Z,366,6,6,16,1,0,1,1,1,1785541065
2026-07-31T23:48:45Z,367,3,3,14,2,0,1,1,1,1785540744
2026-07-31T23:48:45Z,368,2,2,20,1,0,1,1,1,1785540248
2026-07-31T23:48:45Z,370,3,1,24,0,0,1,1,1,1785540777
2026-07-31T23:48:45Z,371,3,1,15,1,0,1,1,1,1785541447
2026-07-31T23:48:45Z,372,9,0,6,0,0,1,1,1,1785541559
2026-07-31T23:48:45Z,373,3,1,23,1,0,1,1,1,1785541000
2026-07-31T23:48:45Z,374,11,5,7,1,0,1,1,1,1785541559
2026-07-31T23:48:45Z,375,1,0,25,1,0,1,1,1,1785541431
2026-07-31T23:48:45Z,376,0,0,38,1,0,1,1,1,1785540377
2026-07-31T23:48:45Z,377,0,0,24,3,0,1,1,1,1785540801
2026-07-31T23:48:45Z,378,1,0,22,0,1,1,1,1,1785541611
2026-07-31T23:48:45Z,379,25,0,0,2,0,1,1,1,1785541585
2026-07-31T23:48:45Z,380,0,0,22,1,0,1,1,1,1785541439
2026-07-31T23:48:45Z,381,12,0,11,0,0,1,1,1,1785541198
2026-07-31T23:48:45Z,383,3,1,10,2,0,1,1,1,1785541608
2026-07-31T23:48:45Z,384,4,1,20,3,0,1,1,1,1785541273
2026-07-31T23:48:45Z,385,0,0,17,1,0,1,1,1,1785540743
2026-07-31T23:48:45Z,387,2,1,21,0,0,1,1,1,1785541565
2026-07-31T23:48:45Z,388,31,1,13,5,0,1,1,1,1785541675
2026-07-31T23:48:45Z,389,8,3,6,1,0,1,1,1,1785540211
2026-07-31T23:48:45Z,390,14,3,21,0,0,1,1,1,1785541612
2026-07-31T23:48:45Z,391,5,3,10,0,0,1,1,1,1785541643
2026-07-31T23:48:45Z,392,2,2,15,2,0,1,1,1,1785541614
2026-07-31T23:48:45Z,393,8,6,0,3,0,1,1,1,1785541561
2026-07-31T23:48:45Z,394,6,3,5,2,0,1,1,1,1785541691
2026-07-31T23:48:45Z,396,5,3,37,0,0,1,1,1,1785541415
2026-07-31T23:48:45Z,397,7,7,24,0,0,1,1,1,1785540670
2026-07-31T23:48:45Z,399,3,1,12,2,0,1,1,1,1785541674
2026-07-31T23:48:45Z,400,16,9,5,2,0,1,1,1,1785540196
2026-07-31T23:48:45Z,401,4,2,27,8,0,1,1,1,1785541591
2026-07-31T23:48:45Z,403,19,6,8,4,0,1,1,1,1785541716
2026-07-31T23:48:45Z,404,5,2,17,1,0,1,1,1,1785541626
2026-07-31T23:48:45Z,406,13,5,20,2,0,1,1,1,1785541642
2026-07-31T23:48:45Z,407,15,4,18,1,0,1,1,1,1785541403
2026-07-31T23:48:45Z,408,3,1,27,3,0,1,1,1,1785540908
2026-07-31T23:48:45Z,409,8,0,11,4,0,1,1,1,1785541719
2026-07-31T23:48:45Z,413,8,3,14,1,0,1,1,1,1785541708
2026-07-31T23:48:45Z,414,13,0,1,1,0,1,1,1,1785541648
2026-07-31T23:48:45Z,417,2,2,17,0,0,1,1,1,1785541717
2026-07-31T23:48:45Z,418,2,2,13,0,0,1,1,1,1785537921
2026-07-31T23:48:45Z,419,13,1,10,0,0,1,1,1,1785540686
2026-07-31T23:48:45Z,421,18,0,1,0,0,1,1,1,1785541718
2026-07-31T23:48:45Z,422,14,2,13,0,0,1,1,1,1785540931
2026-07-31T23:48:45Z,423,3,0,20,0,0,1,1,1,1785541364
2026-07-31T23:48:45Z,424,1,1,11,3,0,1,1,1,1785541649
2026-07-31T23:48:45Z,425,14,0,7,0,1,1,1,1,1785541530
2026-07-31T23:48:45Z,426,0,0,34,3,0,1,1,1,1785541415
2026-07-31T23:48:45Z,427,12,2,1,2,0,1,1,1,1785541672
2026-07-31T23:48:45Z,428,17,0,0,2,0,1,1,1,1785541602
2026-07-31T23:48:45Z,429,19,0,3,1,0,1,1,1,1785541692
2026-07-31T23:48:45Z,430,9,0,21,1,0,1,1,1,1785540720
2026-07-31T23:48:45Z,431,0,0,32,1,0,1,1,1,1785541036
2026-07-31T23:48:45Z,432,0,0,30,1,0,0,1,1,1785508564
2026-07-31T23:48:45Z,433,10,2,9,4,0,1,1,1,1785541334
2026-07-31T23:48:45Z,437,3,2,14,2,0,1,1,1,1785541721
2026-07-31T23:48:45Z,438,4,1,14,1,0,1,1,1,1785541532
2026-07-31T23:48:45Z,439,10,5,5,0,0,1,1,1,1785540673
2026-07-31T23:48:45Z,440,7,2,8,0,0,1,1,1,1785541696
2026-07-31T23:48:45Z,441,4,1,8,3,0,1,1,1,1785541710
2026-07-31T23:48:45Z,442,9,2,9,1,0,1,1,1,1785541112
2026-07-31T23:48:45Z,443,6,2,21,0,0,1,1,1,1785537918
2026-07-31T23:48:45Z,444,2,1,21,0,0,1,1,1,1785540370
2026-07-31T23:48:45Z,445,6,2,16,1,0,1,1,1,1785541450
2026-07-31T23:48:45Z,446,0,0,23,0,0,1,1,1,1785539316
2026-07-31T23:48:45Z,447,4,0,17,1,1,1,1,1,1785538957
2026-07-31T23:48:45Z,448,7,0,7,1,0,1,1,1,1785539001
2026-07-31T23:48:45Z,452,4,3,14,1,0,1,1,1,1785540371
2026-07-31T23:48:45Z,453,4,0,6,5,0,1,1,1,1785541461
2026-07-31T23:48:45Z,454,6,0,13,0,0,1,1,1,1785541310
2026-07-31T23:48:45Z,455,20,3,19,0,0,1,1,1,1785541337
2026-07-31T23:48:45Z,456,2,0,17,1,0,1,1,1,1785541697
2026-07-31T23:48:45Z,457,1,1,24,2,0,1,1,1,1785540522
2026-07-31T23:48:45Z,458,12,3,9,2,0,1,1,1,1785541668
2026-07-31T23:48:45Z,459,11,0,4,0,0,1,1,1,1785540975
2026-07-31T23:48:45Z,460,14,0,9,0,0,1,1,1,1785541274
2026-07-31T23:48:45Z,461,6,0,12,1,0,1,1,1,1785541664
2026-07-31T23:48:45Z,462,18,1,3,0,0,1,1,1,1785541620
2026-07-31T23:48:45Z,463,8,0,11,0,0,1,1,1,1785540966
2026-07-31T23:48:45Z,464,6,0,8,0,0,1,1,1,1785541103
2026-07-31T23:48:45Z,465,2,2,13,0,0,1,1,1,1785540312
2026-07-31T23:48:45Z,466,10,3,0,5,0,1,1,1,1785541664
2026-07-31T23:48:45Z,467,3,0,16,0,0,1,1,1,1785541721
2026-07-31T23:48:45Z,468,3,0,15,1,0,1,1,1,1785540114
2026-07-31T23:48:45Z,469,7,0,13,3,0,1,1,1,1785541676
2026-07-31T23:48:45Z,470,3,2,10,2,0,1,1,1,1785541507
2026-07-31T23:48:45Z,471,21,1,6,0,0,1,1,1,1785539859
2026-07-31T23:48:45Z,472,8,6,10,1,0,1,1,1,1785541561
2026-07-31T23:48:45Z,473,6,0,13,0,0,1,1,1,1785540318
2026-07-31T23:48:45Z,474,6,0,11,2,0,1,1,1,1785541387
2026-07-31T23:48:45Z,475,0,0,18,1,0,1,1,1,1785540875
2026-07-31T23:48:45Z,477,0,0,15,0,0,1,1,1,1785540840
2026-07-31T23:48:45Z,478,30,0,1,0,0,1,1,1,1785541693
2026-07-31T23:48:45Z,479,2,0,23,2,0,1,1,1,1785541102
2026-07-31T23:48:45Z,480,8,2,6,1,0,1,1,1,1785541428
2026-07-31T23:48:45Z,481,13,1,21,1,0,1,1,1,1785541605
2026-07-31T23:48:45Z,482,0,0,17,2,0,1,1,1,1785541041
2026-07-31T23:48:45Z,483,9,0,16,2,0,1,1,1,1785541681
2026-07-31T23:48:45Z,484,2,0,16,1,0,1,1,1,1785541703
2026-07-31T23:48:45Z,485,14,5,4,0,1,1,1,1,1785541557
2026-07-31T23:48:45Z,486,3,0,22,2,0,1,1,1,1785541508
2026-07-31T23:48:45Z,487,8,6,9,2,0,1,1,1,1785541098
2026-07-31T23:48:45Z,489,0,0,15,0,0,1,1,1,1785540962
2026-07-31T23:48:45Z,490,13,1,2,1,0,1,1,1,1785541033
2026-07-31T23:48:45Z,491,9,3,11,1,0,1,1,1,1785540979
2026-07-31T23:48:45Z,492,3,1,5,3,0,1,1,1,1785541721
2026-07-31T23:48:45Z,493,19,0,8,0,0,1,1,1,1785539181
2026-07-31T23:48:45Z,495,11,0,3,1,0,1,1,1,1785541517
2026-07-31T23:48:45Z,496,9,0,18,0,0,1,1,1,1785540612
2026-07-31T23:48:45Z,497,2,2,16,0,0,1,1,1,1785540635
2026-07-31T23:48:45Z,498,2,2,21,0,0,1,1,1,1785541700
2026-07-31T23:48:45Z,499,5,0,13,1,0,1,1,1,1785540984
2026-07-31T23:48:45Z,500,3,1,9,3,0,1,1,1,1785541508
2026-07-31T23:48:45Z,501,8,1,12,1,0,1,1,1,1785541562
2026-07-31T23:48:45Z,502,2,0,15,2,0,1,1,1,1785541401
2026-07-31T23:48:45Z,503,6,0,24,1,0,1,1,1,1785541529
2026-07-31T23:48:45Z,504,2,1,35,2,0,1,1,1,1785541520
2026-07-31T23:48:45Z,505,9,1,2,1,0,1,1,1,1785541483
2026-07-31T23:48:45Z,511,2,2,20,1,0,1,1,1,1785541130
2026-07-31T23:48:45Z,512,18,0,9,0,0,1,1,1,1785541042
2026-07-31T23:48:45Z,514,2,1,8,1,0,1,1,1,1785540167
2026-07-31T23:48:45Z,515,6,3,13,0,0,1,1,1,1785541483
2026-07-31T23:48:45Z,516,16,0,10,1,0,1,1,1,1785541256
2026-07-31T23:48:45Z,517,4,0,19,0,0,1,1,1,1785540436
2026-07-31T23:48:45Z,518,6,0,8,1,0,1,1,1,1785539094
2026-07-31T23:48:45Z,519,5,4,13,1,0,1,1,1,1785538253
2026-07-31T23:48:45Z,520,21,7,0,5,1,1,1,1,1785541720
2026-07-31T23:48:45Z,521,5,3,18,0,0,1,1,1,1785541442
2026-07-31T23:48:45Z,522,20,0,1,2,0,1,1,1,1785541650
2026-07-31T23:48:45Z,523,14,6,7,2,0,1,1,1,1785541631
2026-07-31T23:48:45Z,524,23,0,0,0,0,1,1,1,1785541247
2026-07-31T23:48:45Z,525,14,1,5,0,0,1,1,1,1785540923
2026-07-31T23:48:45Z,526,6,3,9,0,0,1,1,1,1785540450
2026-07-31T23:48:45Z,527,12,12,13,1,0,1,1,1,1785541607
2026-07-31T23:48:45Z,528,20,4,2,1,0,1,1,1,1785541608
2026-07-31T23:48:45Z,529,7,5,6,6,0,1,1,1,1785541722
2026-07-31T23:48:45Z,530,17,0,1,3,0,1,1,1,1785541169
2026-07-31T23:48:45Z,531,19,0,3,0,1,1,1,1,1785541713
2026-07-31T23:48:45Z,532,11,1,18,2,0,1,1,1,1785541465
2026-07-31T23:48:45Z,533,12,0,6,1,0,1,1,1,1785540654
2026-07-31T23:48:45Z,534,5,2,18,0,0,1,1,1,1785541074
2026-07-31T23:48:45Z,535,3,0,12,0,0,1,1,1,1785541390
2026-07-31T23:48:45Z,536,14,0,9,0,0,1,1,1,1785541512
2026-07-31T23:48:45Z,537,2,0,18,0,0,1,1,1,1785541717
2026-07-31T23:48:45Z,538,12,1,10,0,1,1,1,1,1785541651
2026-07-31T23:48:45Z,539,16,0,13,2,0,1,1,1,1785541579
2026-07-31T23:48:45Z,540,0,0,19,0,0,1,1,1,1785541228
2026-07-31T23:48:45Z,541,4,1,23,0,0,1,1,1,1785541622
2026-07-31T23:48:45Z,542,3,0,20,0,0,1,1,1,1785541324
2026-07-31T23:48:45Z,543,2,2,17,0,0,1,1,1,1785541606
2026-07-31T23:48:45Z,544,3,1,15,4,0,1,1,1,1785541342
2026-07-31T23:48:45Z,545,14,1,1,4,0,1,1,1,1785541567
2026-07-31T23:48:45Z,546,2,1,17,0,0,1,1,1,1785541456
2026-07-31T23:48:45Z,547,10,2,14,1,0,1,1,1,1785539514
2026-07-31T23:48:45Z,548,14,1,9,0,0,1,1,1,1785540532
2026-07-31T23:48:45Z,549,11,1,12,0,0,1,1,1,1785541674
2026-07-31T23:48:45Z,550,13,10,6,0,0,1,1,1,1785541601
2026-07-31T23:48:45Z,551,2,2,21,0,0,1,1,1,1785540311
2026-07-31T23:48:45Z,552,6,3,21,0,0,1,1,1,1785541415
2026-07-31T23:48:45Z,553,0,0,23,0,0,1,1,1,1785541552
2026-07-31T23:48:45Z,554,0,0,19,0,0,1,1,1,1785540502
2026-07-31T23:48:45Z,555,10,1,4,1,0,1,1,1,1785541334
2026-07-31T23:48:45Z,556,3,0,18,2,0,1,1,1,1785541669
2026-07-31T23:48:45Z,557,4,0,17,2,0,1,1,1,1785541646
2026-07-31T23:48:45Z,558,18,14,18,1,0,1,1,1,1785541719
2026-07-31T23:48:45Z,559,4,0,14,1,0,1,1,1,1785541604
2026-07-31T23:48:45Z,560,12,0,15,0,0,1,1,1,1785541365
2026-07-31T23:48:45Z,561,4,1,16,3,0,1,1,1,1785541722
2026-07-31T23:48:45Z,562,7,1,22,6,0,1,1,1,1785541722
2026-07-31T23:48:45Z,563,2,0,12,0,0,1,1,1,1785541614
2026-07-31T23:48:45Z,564,4,2,12,3,0,1,1,1,1785541376
2026-07-31T23:48:45Z,565,2,1,16,1,0,1,1,1,1785541607
2026-07-31T23:48:45Z,566,13,2,5,1,0,1,1,1,1785541487
2026-07-31T23:48:45Z,567,22,0,1,4,0,1,1,1,1785541426
2026-07-31T23:48:45Z,568,8,1,10,1,0,1,1,1,1785541430
2026-07-31T23:48:45Z,569,12,2,7,0,0,1,1,1,1785540009
2026-07-31T23:48:45Z,570,6,0,13,0,0,1,1,1,1785541575
2026-07-31T23:48:45Z,571,9,0,14,0,0,1,1,1,1785541486
2026-07-31T23:48:45Z,572,2,0,17,0,0,1,1,1,1785541548
2026-07-31T23:48:45Z,573,15,2,0,0,0,1,1,1,1785541553
2026-07-31T23:48:45Z,574,5,3,10,0,0,1,1,1,1785540551
2026-07-31T23:48:45Z,575,0,0,20,1,0,1,1,1,1785540398
2026-07-31T23:48:45Z,576,0,0,19,0,0,1,1,1,1785537344
2026-07-31T23:48:45Z,577,30,0,1,0,0,1,1,1,1785541431
2026-07-31T23:48:45Z,578,2,0,20,1,0,1,1,1,1785541653
2026-07-31T23:48:45Z,579,15,0,28,0,0,1,1,1,1785541519
2026-07-31T23:48:45Z,580,0,0,29,0,0,1,1,1,1785540010
2026-07-31T23:48:45Z,581,12,0,7,0,0,1,1,1,1785541557
2026-07-31T23:48:45Z,582,23,1,36,2,0,1,1,1,1785541694
2026-07-31T23:48:45Z,583,3,1,19,1,0,1,1,1,1785541510
2026-07-31T23:48:45Z,584,1,1,14,4,0,1,1,1,1785541311
2026-07-31T23:48:45Z,585,8,0,17,1,1,1,1,1,1785541686
2026-07-31T23:48:45Z,586,18,1,17,0,0,1,1,1,1785541706
2026-07-31T23:48:45Z,587,12,0,11,1,0,1,1,1,1785541641
2026-07-31T23:48:45Z,588,10,2,6,2,1,1,1,1,1785541622
2026-07-31T23:48:45Z,589,8,6,13,1,0,1,1,1,1785541400
2026-07-31T23:48:45Z,590,15,3,16,0,0,1,1,1,1785541388
2026-07-31T23:48:45Z,591,4,1,24,2,0,1,1,1,1785541722
2026-07-31T23:48:45Z,592,8,1,15,0,0,1,1,1,1785541540
2026-07-31T23:48:45Z,593,14,0,24,0,0,1,1,1,1785540593
2026-07-31T23:48:45Z,594,8,1,10,3,0,1,1,1,1785540679
2026-07-31T23:48:45Z,595,0,0,3,0,0,0,1,1,1784046673
2026-07-31T23:48:45Z,605,0,0,2,1,0,0,1,1,1783975843
2026-07-31T23:48:45Z,606,0,0,0,0,0,0,1,1,86400
2026-07-31T23:48:45Z,607,2,2,28,2,0,1,1,1,1785541700
2026-07-31T23:48:45Z,608,32,1,18,0,0,1,1,1,1785541517
2026-07-31T23:48:45Z,609,3,2,19,1,0,1,1,1,1785541670
2026-07-31T23:48:45Z,610,0,0,35,0,0,1,1,1,1785541213
2026-07-31T23:48:45Z,611,9,0,16,2,0,1,1,1,1785541656
2026-07-31T23:48:45Z,612,9,2,6,0,0,1,1,1,1785541140
2026-07-31T23:48:45Z,613,12,4,0,3,0,1,1,1,1785530289
2026-07-31T23:48:45Z,614,4,0,20,2,1,1,1,1,1785541429
2026-07-31T23:48:45Z,617,11,0,3,1,0,1,1,1,1785541274
2026-07-31T23:48:45Z,618,12,0,1,6,0,1,1,1,1785540570
2026-07-31T23:48:45Z,619,17,7,2,0,0,1,1,1,1785541583
2026-07-31T23:48:45Z,620,9,0,18,0,0,1,1,1,1785541640
2026-07-31T23:48:45Z,621,6,0,17,0,0,1,1,1,1785541494
2026-07-31T23:48:45Z,622,3,0,19,1,0,1,1,1,1785541259
2026-07-31T23:48:45Z,623,18,7,12,0,0,1,1,1,1785540483
2026-07-31T23:48:45Z,624,2,0,13,0,0,1,1,1,1785540388
2026-07-31T23:48:45Z,625,14,1,2,5,0,1,1,1,1785541517
2026-07-31T23:48:45Z,626,37,0,8,0,2,1,1,1,1785541614
2026-07-31T23:48:45Z,627,19,5,0,0,0,1,1,1,1785541646
2026-07-31T23:48:45Z,628,3,1,13,2,1,1,1,1,1785541472
2026-07-31T23:48:45Z,629,3,1,6,2,0,1,1,1,1785541684
2026-07-31T23:48:45Z,630,2,1,21,4,0,1,1,1,1785541482
2026-07-31T23:48:45Z,631,18,3,4,1,0,1,1,1,1785541403
2026-07-31T23:48:45Z,632,15,1,6,2,0,1,1,1,1785541423
2026-07-31T23:48:45Z,633,10,3,2,3,0,1,1,1,1785541632
2026-07-31T23:48:45Z,634,10,1,8,1,0,1,1,1,1785541588
2026-07-31T23:48:45Z,635,18,2,1,0,0,1,1,1,1785540365
2026-07-31T23:48:45Z,636,5,1,9,1,0,1,1,1,1785540643
2026-07-31T23:48:45Z,637,7,3,10,2,0,1,1,1,1785540637
2026-07-31T23:48:45Z,638,6,1,11,2,0,1,1,1,1785541579
2026-07-31T23:48:45Z,639,12,2,5,2,0,1,1,1,1785539600
2026-07-31T23:48:45Z,640,4,4,17,2,0,1,1,1,1785541548
2026-07-31T23:48:45Z,641,17,0,10,0,0,1,1,1,1785541613
2026-07-31T23:48:45Z,642,6,4,5,8,0,1,1,1,1785541721
2026-07-31T23:48:45Z,643,1,0,18,8,0,1,1,1,1785541718
2026-07-31T23:48:45Z,644,13,1,1,1,0,1,1,1,1785533615
2026-07-31T23:48:45Z,645,18,1,2,3,0,1,1,1,1785540861
2026-07-31T23:48:45Z,646,3,1,16,0,0,1,1,1,1785539353
2026-07-31T23:48:45Z,647,2,2,29,0,0,1,1,1,1785541269
2026-07-31T23:48:45Z,648,0,0,18,1,0,1,1,1,1785540303
2026-07-31T23:48:45Z,649,12,0,17,2,0,1,1,1,1785541703
2026-07-31T23:48:45Z,650,6,1,8,0,0,1,1,1,1785540994
2026-07-31T23:48:45Z,651,10,5,12,1,0,1,1,1,1785541356
2026-07-31T23:48:45Z,652,3,2,16,4,0,1,1,1,1785541531
2026-07-31T23:48:45Z,653,0,0,18,1,0,1,1,1,1785540821
2026-07-31T23:48:45Z,654,4,1,11,0,0,1,1,1,1785540379
2026-07-31T23:48:45Z,655,8,4,0,4,1,1,1,1,1785541459
2026-07-31T23:48:45Z,656,6,2,13,0,0,1,1,1,1785541582
2026-07-31T23:48:45Z,657,8,4,5,2,2,1,1,1,1785541491
2026-07-31T23:48:45Z,658,9,1,1,0,0,1,1,1,1785537787
2026-07-31T23:48:45Z,659,8,6,5,2,0,1,1,1,1785539517
2026-07-31T23:48:45Z,660,11,2,15,5,0,1,1,1,1785541626
2026-07-31T23:48:45Z,661,9,1,10,0,0,1,1,1,1785541309
2026-07-31T23:48:45Z,662,4,2,15,4,0,1,1,1,1785541555
2026-07-31T23:48:45Z,663,3,0,12,0,0,1,1,1,1785541557
2026-07-31T23:48:45Z,664,7,0,19,1,0,1,1,1,1785541589
2026-07-31T23:48:45Z,665,9,5,5,1,0,1,1,1,1785541079
2026-07-31T23:48:45Z,666,10,3,3,2,0,1,1,1,1785540293
2026-07-31T23:48:45Z,667,5,1,13,2,0,1,1,1,1785541719
2026-07-31T23:48:45Z,668,15,2,4,0,0,1,1,1,1785541363
2026-07-31T23:48:45Z,669,9,3,3,2,0,1,1,1,1785540783
2026-07-31T23:48:45Z,670,16,0,9,2,0,1,1,1,1785540571
2026-07-31T23:48:45Z,671,27,0,0,0,0,1,1,1,1785541260
2026-07-31T23:48:45Z,672,2,0,18,2,1,1,1,1,1785541233
2026-07-31T23:48:45Z,673,19,1,3,1,0,1,1,1,1785541552
2026-07-31T23:48:45Z,674,0,0,21,2,0,1,1,1,1785541685
2026-07-31T23:48:45Z,675,5,1,8,2,0,1,1,1,1785541713
2026-07-31T23:48:45Z,676,6,0,14,2,0,1,1,1,1785541670
2026-07-31T23:48:45Z,681,11,5,3,0,1,1,1,1,1785541274
2026-07-31T23:48:45Z,682,6,1,13,0,0,1,1,1,1785538950
2026-07-31T23:48:45Z,683,1,1,18,0,0,1,1,1,1785527602
2026-07-31T23:48:45Z,684,3,0,24,0,0,1,1,1,1785540780
2026-07-31T23:48:45Z,685,8,0,17,1,1,1,1,1,1785539631
2026-07-31T23:48:45Z,686,11,0,13,3,0,1,1,1,1785541536
2026-07-31T23:48:45Z,687,13,1,16,1,1,1,1,1,1785541563
2026-07-31T23:48:45Z,688,9,1,10,0,0,1,1,1,1785537082
2026-07-31T23:48:45Z,692,0,0,21,0,0,1,1,1,1785540260
2026-07-31T23:48:45Z,693,6,0,2,3,0,1,1,1,1785541495
2026-07-31T23:48:45Z,694,8,4,13,0,0,1,1,1,1785541573
2026-07-31T23:48:45Z,695,5,3,17,1,0,1,1,1,1785541660
2026-07-31T23:48:45Z,696,22,13,0,1,0,1,1,1,1785541662
2026-07-31T23:48:45Z,697,22,6,1,0,0,1,1,1,1785541599
2026-07-31T23:48:45Z,698,22,5,5,0,0,1,1,1,1785541181
2026-07-31T23:48:45Z,699,5,0,9,1,0,1,1,1,1785540081
2026-07-31T23:48:45Z,700,18,1,1,0,0,1,1,1,1785541134
2026-07-31T23:48:45Z,701,13,1,5,1,0,1,1,1,1785541529
2026-07-31T23:48:45Z,702,1,0,21,1,0,1,1,1,1785540926
2026-07-31T23:48:45Z,704,4,0,10,1,0,1,1,1,1785540860
2026-07-31T23:48:45Z,705,2,0,13,0,0,1,1,1,1785540329
2026-07-31T23:48:45Z,706,4,1,9,2,0,1,1,1,1785541457
2026-07-31T23:48:45Z,707,7,1,8,0,0,1,1,1,1785540404
2026-07-31T23:48:45Z,708,12,4,7,0,0,1,1,1,1785541384
2026-07-31T23:48:45Z,709,5,0,8,2,0,1,1,1,1785540325
2026-07-31T23:48:45Z,710,1,0,17,1,0,1,1,1,1785541555
2026-07-31T23:48:45Z,711,11,0,9,3,0,1,1,1,1785541663
2026-07-31T23:48:45Z,712,5,4,8,2,0,1,1,1,1785541487
2026-07-31T23:48:45Z,713,7,4,16,0,0,1,1,1,1785540823
2026-07-31T23:48:45Z,716,4,3,11,0,0,1,1,1,1785539994
2026-07-31T23:48:45Z,717,1,1,22,2,0,1,1,1,1785541294
2026-07-31T23:48:45Z,718,5,0,9,1,0,1,1,1,1785541678
2026-07-31T23:48:45Z,719,5,0,24,0,0,1,1,1,1785541142
2026-07-31T23:48:45Z,720,0,0,19,0,0,1,1,1,1785540258
2026-07-31T23:48:45Z,721,15,1,6,2,0,1,1,1,1785541639
2026-07-31T23:48:45Z,722,7,1,8,0,0,1,1,1,1785540038
2026-07-31T23:48:45Z,723,13,1,10,0,0,1,1,1,1785541036
2026-07-31T23:48:45Z,724,3,1,19,1,0,1,1,1,1785541647
2026-07-31T23:48:45Z,725,8,2,15,0,0,1,1,1,1785541605
2026-07-31T23:48:45Z,726,9,1,9,1,0,1,1,1,1785541681
2026-07-31T23:48:45Z,727,9,5,13,1,0,1,1,1,1785541124
2026-07-31T23:48:45Z,728,9,0,5,1,0,1,1,1,1785540626
2026-07-31T23:48:45Z,729,9,2,10,0,0,1,1,1,1785540391
2026-07-31T23:48:45Z,730,0,0,12,3,0,1,1,1,1785541161
2026-07-31T23:48:45Z,731,2,2,11,2,0,1,1,1,1785540311
2026-07-31T23:48:45Z,732,4,3,11,0,0,1,1,1,1785541320
2026-07-31T23:48:45Z,733,25,1,2,0,0,1,1,1,1785541520
2026-07-31T23:48:45Z,734,0,0,14,0,0,1,1,1,1785541197
2026-07-31T23:48:45Z,735,17,8,10,0,0,1,1,1,1785541717
2026-07-31T23:48:45Z,736,11,0,8,0,0,1,1,1,1785541337
2026-07-31T23:48:45Z,737,3,1,11,0,1,1,1,1,1785541199
2026-07-31T23:48:45Z,738,16,3,3,0,0,1,1,1,1785541394
2026-07-31T23:48:45Z,739,17,0,9,1,0,1,1,1,1785540522
2026-07-31T23:48:45Z,741,5,0,18,0,0,1,1,1,1785540640
2026-07-31T23:48:45Z,742,16,10,18,1,0,1,1,1,1785541390
2026-07-31T23:48:45Z,743,5,3,14,0,0,1,1,1,1785541293
2026-07-31T23:48:45Z,744,10,3,5,0,0,1,1,1,1785541574
2026-07-31T23:48:45Z,745,11,4,8,0,0,1,1,1,1785541036
2026-07-31T23:48:45Z,746,15,0,8,0,0,1,1,1,1785541717
2026-07-31T23:48:45Z,747,0,0,4,0,0,0,1,1,1783446606
2026-07-31T23:48:45Z,748,7,0,16,0,0,1,1,1,1785540090
2026-07-31T23:48:45Z,749,0,0,23,0,0,1,1,1,1785541003
2026-07-31T23:48:45Z,750,11,7,0,0,0,1,1,1,1785541466
2026-07-31T23:48:45Z,751,17,16,6,0,0,1,1,1,1785541687
2026-07-31T23:48:45Z,752,2,0,14,1,0,1,1,1,1785541641
2026-07-31T23:48:45Z,753,8,0,5,2,0,1,1,1,1785541571
2026-07-31T23:48:45Z,754,5,1,10,0,0,1,1,1,1785541522
2026-07-31T23:48:45Z,755,13,4,8,2,0,1,1,1,1785541710
2026-07-31T23:48:45Z,756,3,3,33,1,0,1,1,1,1785541258
2026-07-31T23:48:45Z,757,5,2,14,0,0,1,1,1,1785541650
2026-07-31T23:48:45Z,758,7,5,16,0,0,1,1,1,1785541713
2026-07-31T23:48:45Z,759,0,0,0,0,0,1,1,1,86400
2026-07-31T23:48:45Z,760,8,2,11,0,0,1,1,1,1785540991
2026-07-31T23:48:45Z,761,6,1,17,0,0,1,1,1,1785541291
2026-07-31T23:48:45Z,762,4,2,6,5,0,1,1,1,1785540356
2026-07-31T23:48:45Z,768,7,0,8,4,0,1,1,1,1785541481
2026-07-31T23:48:45Z,769,17,8,1,1,0,1,1,1,1785541540
2026-07-31T23:48:45Z,770,9,2,8,2,0,1,1,1,1785540889
2026-07-31T23:48:45Z,771,12,1,2,1,0,1,1,1,1785540288
2026-07-31T23:48:45Z,772,1,0,14,0,0,1,1,1,1785540889
2026-07-31T23:48:45Z,773,17,4,2,0,0,1,1,1,1785540749
2026-07-31T23:48:45Z,774,3,0,8,4,0,1,1,1,1785541693
2026-07-31T23:48:45Z,775,4,1,12,2,1,1,1,1,1785541547
2026-07-31T23:48:45Z,776,2,0,18,1,0,1,1,1,1785541115
2026-07-31T23:48:45Z,777,11,0,4,0,0,1,1,1,1785540635
2026-07-31T23:48:45Z,778,13,0,6,0,0,1,1,1,1785540736
2026-07-31T23:48:45Z,779,11,0,7,1,0,1,1,1,1785541054
2026-07-31T23:48:45Z,780,2,0,17,0,0,1,1,1,1785541523
2026-07-31T23:48:45Z,781,4,1,5,2,0,1,1,1,1785541405
2026-07-31T23:48:45Z,782,0,0,15,4,0,1,1,1,1785540529
2026-07-31T23:48:45Z,783,6,3,13,0,0,1,1,1,1785541570
2026-07-31T23:48:45Z,784,9,2,10,0,0,1,1,1,1785541188
2026-07-31T23:48:45Z,785,9,2,4,6,0,1,1,1,1785540039
2026-07-31T23:48:45Z,786,5,3,13,1,0,1,1,1,1785541470
2026-07-31T23:48:45Z,787,5,3,9,1,0,1,1,1,1785541019
2026-07-31T23:48:45Z,788,6,1,9,0,0,1,1,1,1785540333
2026-07-31T23:48:45Z,789,7,2,4,4,0,1,1,1,1785540438
2026-07-31T23:48:45Z,790,4,2,18,1,0,1,1,1,1785540974
2026-07-31T23:48:45Z,791,7,0,11,0,1,1,1,1,1785540605
2026-07-31T23:48:45Z,793,3,0,11,1,0,1,1,1,1785541515
2026-07-31T23:48:45Z,794,3,1,24,2,0,1,1,1,1785541246
2026-07-31T23:48:45Z,796,5,3,13,1,0,1,1,1,1785540463
2026-07-31T23:48:45Z,797,10,1,5,0,0,1,1,1,1785541002
2026-07-31T23:48:45Z,798,17,1,7,1,0,1,1,1,1785541041
2026-07-31T23:48:45Z,799,15,2,0,4,0,1,1,1,1785540426
2026-07-31T23:48:45Z,800,4,2,16,1,0,1,1,1,1785540833
2026-07-31T23:48:45Z,801,2,1,18,1,0,1,1,1,1785540694
2026-07-31T23:48:45Z,802,8,0,23,0,0,1,1,1,1785540716
2026-07-31T23:48:45Z,803,2,0,13,0,0,1,1,1,1785541700
2026-07-31T23:48:45Z,806,5,3,9,1,0,1,1,1,1785541584
2026-07-31T23:48:45Z,807,2,1,21,2,0,1,1,1,1785541264
2026-07-31T23:48:45Z,808,1,1,21,3,0,1,1,1,1785541044
2026-07-31T23:48:45Z,809,4,1,18,1,0,1,1,1,1785540472
2026-07-31T23:48:45Z,810,3,1,14,2,0,1,1,1,1785540837
2026-07-31T23:48:45Z,815,2,2,8,4,1,1,1,1,1785541319
2026-07-31T23:48:45Z,817,11,5,4,0,0,1,1,1,1785541563
2026-07-31T23:48:45Z,818,5,1,17,1,0,1,1,1,1785541113
2026-07-31T23:48:45Z,819,5,3,10,0,0,1,1,1,1785537833
2026-07-31T23:48:45Z,820,11,1,6,0,0,1,1,1,1785541429
2026-07-31T23:48:45Z,821,6,3,9,0,0,1,1,1,1785540530
2026-07-31T23:48:45Z,822,7,0,15,1,0,1,1,1,1785541508
2026-07-31T23:48:45Z,823,9,0,6,0,0,1,1,1,1785541494
2026-07-31T23:48:45Z,824,17,5,1,1,0,1,1,1,1785541719
2026-07-31T23:48:45Z,825,7,6,8,0,0,1,1,1,1785538987
2026-07-31T23:48:45Z,826,8,0,9,2,0,1,1,1,1785541439
2026-07-31T23:48:45Z,827,14,4,5,2,0,1,1,1,1785541399
2026-07-31T23:48:45Z,828,11,0,6,1,0,1,1,1,1785541615
2026-07-31T23:48:45Z,829,19,7,8,0,0,1,1,1,1785539948
2026-07-31T23:48:45Z,830,17,0,5,1,0,1,1,1,1785540942
2026-07-31T23:48:45Z,831,5,3,8,2,0,1,1,1,1785539964
2026-07-31T23:48:45Z,832,7,3,8,3,0,1,1,1,1785540857
2026-07-31T23:48:45Z,833,4,1,14,1,0,1,1,1,1785541716
2026-07-31T23:48:45Z,834,12,0,10,2,0,1,1,1,1785541605
2026-07-31T23:48:45Z,835,4,1,11,3,0,1,1,1,1785541450
2026-07-31T23:48:45Z,838,5,4,8,2,0,1,1,1,1785541296
2026-07-31T23:48:45Z,839,7,0,20,2,0,1,1,1,1785541715
2026-07-31T23:48:45Z,840,1,0,27,1,0,1,1,1,1785541366
2026-07-31T23:48:45Z,841,8,2,7,0,0,1,1,1,1785539946
2026-07-31T23:48:45Z,842,2,1,21,0,0,1,1,1,1785541713
2026-07-31T23:48:45Z,843,16,2,15,0,0,1,1,1,1785540297
2026-07-31T23:48:45Z,844,4,0,19,0,0,1,1,1,1785540210
2026-07-31T23:48:45Z,845,5,3,12,2,0,1,1,1,1785540236
2026-07-31T23:48:45Z,846,4,2,14,1,0,1,1,1,1785541190
2026-07-31T23:48:45Z,847,7,1,20,0,0,1,1,1,1785541116
2026-07-31T23:48:45Z,848,5,2,13,1,0,1,1,1,1785541497
2026-07-31T23:48:45Z,849,7,0,7,1,0,1,1,1,1785540992
2026-07-31T23:48:45Z,850,7,1,4,0,0,1,1,1,1785541065
2026-07-31T23:48:45Z,851,2,2,32,3,0,1,1,1,1785541375
2026-07-31T23:48:45Z,852,13,6,6,0,0,1,1,1,1785541721
2026-07-31T23:48:45Z,853,11,5,12,0,0,1,1,1,1785540908
2026-07-31T23:48:45Z,854,2,1,13,0,0,1,1,1,1785540840
2026-07-31T23:48:45Z,855,22,0,5,0,0,1,1,1,1785541609
2026-07-31T23:48:45Z,857,6,4,11,2,0,1,1,1,1785541348
2026-07-31T23:48:45Z,858,5,2,13,1,0,1,1,1,1785540813
2026-07-31T23:48:45Z,859,10,1,10,1,0,1,1,1,1785541030
2026-07-31T23:48:45Z,861,6,0,4,1,0,1,1,1,1785528609
2026-07-31T23:48:45Z,862,3,2,12,0,0,1,1,1,1785539992
2026-07-31T23:48:45Z,863,14,1,4,1,0,1,1,1,1785534680
2026-07-31T23:48:45Z,866,12,1,7,0,0,1,1,1,1785541586
2026-07-31T23:48:45Z,867,14,2,1,0,0,1,1,1,1785541406
2026-07-31T23:48:45Z,868,7,0,8,0,0,1,1,1,1785541668
2026-07-31T23:48:45Z,870,8,4,7,0,0,1,1,1,1785540085
2026-07-31T23:48:45Z,871,0,0,10,1,0,1,1,1,1785541209
2026-07-31T23:48:45Z,872,1,0,13,1,0,1,1,1,1785539989
2026-07-31T23:48:45Z,873,3,0,28,2,0,1,1,1,1785541135
2026-07-31T23:48:45Z,874,7,3,5,3,0,1,1,1,1785541352
2026-07-31T23:48:45Z,875,13,9,1,1,0,1,1,1,1785541118
2026-07-31T23:48:45Z,877,12,11,6,1,0,1,1,1,1785541511
2026-07-31T23:48:45Z,878,3,3,16,0,0,1,1,1,1785540263
2026-07-31T23:48:45Z,879,1,0,18,0,0,1,1,1,1785541113
2026-07-31T23:48:45Z,880,2,1,20,1,0,1,1,1,1785541562
2026-07-31T23:48:45Z,881,3,0,16,0,0,1,1,1,1785540129
2026-07-31T23:48:45Z,882,10,4,8,1,0,1,1,1,1785540148
2026-07-31T23:48:45Z,883,8,3,11,0,0,1,1,1,1785540308
2026-07-31T23:48:45Z,884,9,6,12,0,0,1,1,1,1785541541
2026-07-31T23:48:45Z,885,0,0,19,0,0,1,1,1,1785539924
2026-07-31T23:48:45Z,886,0,0,27,2,0,1,1,1,1785541165
2026-07-31T23:48:45Z,887,5,0,8,4,0,1,1,1,1785540655
2026-07-31T23:48:45Z,888,21,0,18,2,0,1,1,1,1785541615
2026-07-31T23:48:45Z,889,9,0,8,2,0,1,1,1,1785541414
2026-07-31T23:48:45Z,890,5,2,10,0,0,1,1,1,1785540679
2026-07-31T23:48:45Z,891,18,1,4,1,0,1,1,1,1785541294
2026-07-31T23:48:45Z,892,10,0,5,0,0,1,1,1,1785536903
2026-07-31T23:48:45Z,895,1,0,18,0,0,1,1,1,1785541250
2026-07-31T23:48:45Z,896,6,1,29,0,0,1,1,1,1785539956
2026-07-31T23:48:45Z,897,15,0,6,0,0,1,1,1,1785540164
2026-07-31T23:48:45Z,898,2,0,17,0,0,1,1,1,1785541649
2026-07-31T23:48:45Z,899,15,0,2,2,0,1,1,1,1785541582
2026-07-31T23:48:45Z,900,4,0,22,1,0,1,1,1,1785541494
2026-07-31T23:48:45Z,901,3,0,15,1,0,1,1,1,1785541380
2026-07-31T23:48:45Z,902,4,1,11,0,0,1,1,1,1785541544
2026-07-31T23:48:45Z,903,8,1,11,0,0,1,1,1,1785541155
2026-07-31T23:48:45Z,904,10,4,8,1,0,1,1,1,1785540241
2026-07-31T23:48:45Z,905,17,4,10,0,0,1,1,1,1785541360
2026-07-31T23:48:45Z,906,12,10,15,0,0,1,1,1,1785541681
2026-07-31T23:48:45Z,907,10,0,19,2,0,1,1,1,1785541599
2026-07-31T23:48:45Z,908,11,1,12,0,0,1,1,1,1785540943
2026-07-31T23:48:45Z,909,6,2,17,0,0,1,1,1,1785541658
2026-07-31T23:48:45Z,910,27,0,3,1,0,1,1,1,1785541658
2026-07-31T23:48:45Z,911,2,1,17,0,0,1,1,1,1785541582
2026-07-31T23:48:45Z,912,8,1,14,1,0,1,1,1,1785541713
2026-07-31T23:48:45Z,913,5,3,14,0,0,1,1,1,1785540768
2026-07-31T23:48:45Z,914,5,0,11,3,0,1,1,1,1785541337
2026-07-31T23:48:45Z,915,12,3,8,3,0,1,1,1,1785541696
2026-07-31T23:48:45Z,916,3,0,20,0,0,1,1,1,1785541330
2026-07-31T23:48:45Z,917,4,0,30,1,0,1,1,1,1785541449
2026-07-31T23:48:45Z,918,2,2,15,2,0,1,1,1,1785541564
2026-07-31T23:48:45Z,919,14,1,25,0,0,1,1,1,1785541694
2026-07-31T23:48:45Z,920,7,2,12,0,0,1,1,1,1785540544
2026-07-31T23:48:45Z,921,15,1,6,0,0,1,1,1,1785541100
2026-07-31T23:48:45Z,922,1,0,20,0,0,1,1,1,1785540939
2026-07-31T23:48:45Z,923,4,4,15,0,0,1,1,1,1785541687
2026-07-31T23:48:45Z,924,6,1,14,1,0,1,1,1,1785540944
2026-07-31T23:48:45Z,925,11,0,10,0,0,1,1,1,1785540458
2026-07-31T23:48:45Z,926,2,0,19,0,0,1,1,1,1785540524
2026-07-31T23:48:45Z,927,17,2,18,0,0,1,1,1,1785541214
2026-07-31T23:48:45Z,928,0,0,19,0,0,0,1,1,1785500252
2026-07-31T23:48:45Z,929,1,0,20,2,0,1,1,1,1785541494
2026-07-31T23:48:45Z,930,21,0,9,1,0,1,1,1,1785540918
2026-07-31T23:48:45Z,931,5,3,17,1,0,1,1,1,1785541646
2026-07-31T23:48:45Z,932,14,0,1,4,0,1,1,1,1785541719
2026-07-31T23:48:45Z,933,14,4,6,3,0,1,1,1,1785541609
2026-07-31T23:48:45Z,934,25,0,5,1,0,1,1,1,1785541447
2026-07-31T23:48:45Z,935,16,0,1,2,0,1,1,1,1785541317
2026-07-31T23:48:45Z,936,4,0,15,0,0,1,1,1,1785541270
2026-07-31T23:48:45Z,940,4,0,6,1,0,1,1,1,1785541645
2026-07-31T23:48:45Z,941,20,3,2,3,0,1,1,1,1785540864
2026-07-31T23:48:45Z,942,14,4,7,0,0,1,1,1,1785541255
2026-07-31T23:48:45Z,943,8,8,7,0,0,1,1,1,1785540066
2026-07-31T23:48:45Z,944,10,8,5,0,0,1,1,1,1785539919
2026-07-31T23:48:45Z,945,7,5,8,0,0,1,1,1,1785541257
2026-07-31T23:48:45Z,946,7,5,12,0,0,1,1,1,1785523835
2026-07-31T23:48:45Z,947,5,3,12,0,0,1,1,1,1785539941
2026-07-31T23:48:45Z,948,8,8,20,3,0,1,1,1,1785541585
2026-07-31T23:48:45Z,949,3,2,12,0,0,1,1,1,1785541280
2026-07-31T23:48:45Z,950,3,0,13,1,0,1,1,1,1785541718
2026-07-31T23:48:45Z,951,15,6,8,0,0,1,1,1,1785540924
2026-07-31T23:48:45Z,952,33,5,20,2,0,1,1,1,1785541645
2026-07-31T23:48:45Z,953,6,1,8,1,0,1,1,1,1785541014
2026-07-31T23:48:45Z,954,8,0,11,0,0,1,1,1,1785540922
2026-07-31T23:48:45Z,955,9,9,12,6,0,1,1,1,1785541278
2026-07-31T23:48:45Z,956,21,1,0,2,0,1,1,1,1785541607
2026-07-31T23:48:45Z,957,26,3,2,1,0,1,1,1,1785541316
2026-07-31T23:48:45Z,958,31,1,0,0,0,1,1,1,1785541671
2026-07-31T23:48:45Z,959,5,3,17,1,0,1,1,1,1785541717
2026-07-31T23:48:45Z,960,3,2,20,0,0,1,1,1,1785541458
2026-07-31T23:48:45Z,961,3,1,17,3,0,1,1,1,1785541546
2026-07-31T23:48:45Z,962,10,0,22,3,0,1,1,1,1785541148
2026-07-31T23:48:45Z,963,19,1,3,1,0,1,1,1,1785541442
2026-07-31T23:48:45Z,964,12,8,10,1,0,1,1,1,1785541641
2026-07-31T23:48:45Z,965,14,7,12,1,0,1,1,1,1785540350
2026-07-31T23:48:45Z,966,27,4,3,1,0,1,1,1,1785541666
2026-07-31T23:48:45Z,967,12,2,7,2,0,1,1,1,1785541660
2026-07-31T23:48:45Z,968,4,0,14,1,0,1,1,1,1785540566
2026-07-31T23:48:45Z,969,4,1,21,2,0,1,1,1,1785541719
2026-07-31T23:48:45Z,970,2,0,16,1,0,1,1,1,1785541271
2026-07-31T23:48:45Z,971,0,0,22,1,0,1,1,1,1785541002
2026-07-31T23:48:45Z,972,10,4,12,1,0,1,1,1,1785539960
2026-07-31T23:48:45Z,973,9,2,13,1,0,1,1,1,1785541351
2026-07-31T23:48:45Z,974,8,0,19,0,0,1,1,1,1785541423
2026-07-31T23:48:45Z,977,3,2,16,2,0,1,1,1,1785541214
2026-07-31T23:48:45Z,978,19,1,4,0,0,1,1,1,1785541119
2026-07-31T23:48:45Z,979,4,1,13,0,0,1,1,1,1785540792
2026-07-31T23:48:45Z,980,6,0,14,1,0,1,1,1,1785541481
2026-07-31T23:48:45Z,981,12,0,9,0,0,1,1,1,1785541708
2026-07-31T23:48:45Z,982,3,0,14,2,0,1,1,1,1785540001
2026-07-31T23:48:45Z,983,2,2,21,0,0,1,1,1,1785540474
2026-07-31T23:48:45Z,984,5,0,18,0,0,1,1,1,1785541652
2026-07-31T23:48:45Z,985,3,0,27,1,0,1,1,1,1785541646
2026-07-31T23:48:45Z,986,4,0,15,0,0,1,1,1,1785541012
2026-07-31T23:48:45Z,987,6,0,17,0,0,1,1,1,1785540590
2026-07-31T23:48:45Z,988,4,2,14,1,0,1,1,1,1785540177
2026-07-31T23:48:45Z,989,7,4,12,0,0,1,1,1,1785540973
2026-07-31T23:48:45Z,990,14,1,0,1,0,1,1,1,1785541713
2026-07-31T23:48:45Z,991,9,0,10,0,0,1,1,1,1785541445
2026-07-31T23:48:45Z,992,9,5,14,0,0,1,1,1,1785540807
2026-07-31T23:48:45Z,993,4,4,22,1,0,1,1,1,1785541093
2026-07-31T23:48:45Z,994,1,0,20,0,0,1,1,1,1785541057
2026-07-31T23:48:45Z,995,8,3,19,0,0,1,1,1,1785540346
2026-07-31T23:48:45Z,996,7,2,16,0,0,1,1,1,1785540544
2026-07-31T23:48:45Z,997,15,7,8,0,0,1,1,1,1785541581
2026-07-31T23:48:45Z,998,6,4,17,0,0,1,1,1,1785541682
2026-07-31T23:48:45Z,999,4,1,15,1,1,1,1,1,1785540200
2026-07-31T23:48:45Z,1000,0,0,21,0,0,1,1,1,1785540887
2026-07-31T23:48:45Z,1001,5,3,22,0,0,1,1,1,1785540428
2026-07-31T23:48:45Z,1002,1,0,29,1,0,1,1,1,1785540461
2026-07-31T23:48:45Z,1003,3,2,20,0,0,1,1,1,1785541408
2026-07-31T23:48:45Z,1004,8,2,15,0,0,1,1,1,1785541296
2026-07-31T23:48:45Z,1005,20,1,3,0,0,1,1,1,1785540176
2026-07-31T23:48:45Z,1006,8,4,11,0,0,1,1,1,1785539975
2026-07-31T23:48:45Z,1007,3,1,18,0,0,1,1,1,1785541437
2026-07-31T23:48:45Z,1008,8,7,15,0,0,1,1,1,1785540981
2026-07-31T23:48:45Z,1009,22,5,8,1,0,1,1,1,1785541086
2026-07-31T23:48:45Z,1010,7,2,20,0,0,1,1,1,1785541715
2026-07-31T23:48:45Z,1011,7,2,10,2,0,1,1,1,1785540347
2026-07-31T23:48:45Z,1012,5,3,16,2,0,1,1,1,1785539948
2026-07-31T23:48:45Z,1013,4,1,18,1,0,1,1,1,1785540512
2026-07-31T23:48:45Z,1014,8,3,14,1,0,1,1,1,1785541709
2026-07-31T23:48:45Z,1015,4,3,26,1,0,1,1,1,1785540838
2026-07-31T23:48:45Z,1016,10,5,21,0,0,1,1,1,1785539918
2026-07-31T23:48:45Z,1017,13,5,8,0,0,1,1,1,1785541155
2026-07-31T23:48:45Z,1018,6,2,16,0,0,1,1,1,1785540026
2026-07-31T23:48:45Z,1019,8,5,7,0,0,1,1,1,1785541693
2026-07-31T23:48:45Z,1020,19,5,2,0,0,1,1,1,1785541019
2026-07-31T23:48:45Z,1021,9,4,6,0,0,1,1,1,1785540681
2026-07-31T23:48:45Z,1022,14,0,13,0,0,1,1,1,1785540166
2026-07-31T23:48:45Z,1023,14,2,9,0,0,1,1,1,1785541602
2026-07-31T23:48:45Z,1024,3,1,16,0,0,1,1,1,1785540741
2026-07-31T23:48:45Z,1025,4,0,14,0,1,1,1,1,1785540153
2026-07-31T23:48:45Z,1026,10,8,19,2,0,1,1,1,1785541345
2026-07-31T23:48:45Z,1028,3,1,20,0,0,1,1,1,1785540122
2026-07-31T23:48:45Z,1029,11,9,4,0,0,1,1,1,1785540993
2026-07-31T23:48:45Z,1030,13,4,10,0,0,1,1,1,1785540819
2026-07-31T23:48:45Z,1031,9,1,10,0,0,1,1,1,1785541116
2026-07-31T23:48:45Z,1032,7,1,12,0,0,1,1,1,1785539972
2026-07-31T23:48:45Z,1033,10,6,9,0,0,1,1,1,1785540801
2026-07-31T23:48:45Z,1034,3,0,12,0,0,1,1,1,1785539947
2026-07-31T23:48:45Z,1035,1,0,17,1,0,1,1,1,1785540400
2026-07-31T23:48:45Z,1036,12,0,3,0,0,1,1,1,1785540839
2026-07-31T23:48:45Z,1037,1,1,17,1,0,1,1,1,1785540774
2026-07-31T23:48:45Z,1038,1,0,14,0,0,1,1,1,1785541448
2026-07-31T23:48:45Z,1039,6,0,13,0,0,1,1,1,1785540122
2026-07-31T23:48:45Z,1040,8,5,11,0,0,1,1,1,1785540029
2026-07-31T23:48:45Z,1041,11,2,8,0,0,1,1,1,1785541708
2026-07-31T23:48:45Z,1042,3,0,11,1,0,1,1,1,1785541722
2026-07-31T23:48:45Z,1043,7,3,11,1,0,1,1,1,1785541553
2026-07-31T23:48:45Z,1044,4,3,11,0,0,1,1,1,1785541504
2026-07-31T23:48:45Z,1045,7,0,12,0,0,1,1,1,1785541409
2026-07-31T23:48:45Z,1046,9,0,6,0,0,1,1,1,1785541137
2026-07-31T23:48:45Z,1047,4,2,17,0,0,1,1,1,1785540746
2026-07-31T23:48:45Z,1048,4,2,15,0,0,1,1,1,1785541667
2026-07-31T23:48:45Z,1049,2,1,19,0,0,1,1,1,1785540047
2026-07-31T23:48:45Z,1050,19,3,2,0,0,1,1,1,1785541151
2026-07-31T23:48:45Z,1051,8,4,13,0,0,1,1,1,1785541079
2026-07-31T23:48:45Z,1052,17,1,4,1,0,1,1,1,1785541655
2026-07-31T23:48:45Z,1053,2,1,13,0,0,1,1,1,1785541643
2026-07-31T23:48:45Z,1054,7,2,8,0,0,1,1,1,1785541492
2026-07-31T23:48:45Z,1055,8,0,11,0,0,1,1,1,1785540105
2026-07-31T23:48:45Z,1057,2,0,17,0,0,1,1,1,1785541669
2026-07-31T23:48:45Z,1058,4,0,52,0,0,1,1,1,1785541574
2026-07-31T23:48:45Z,1059,6,2,12,1,0,1,1,1,1785540693
2026-07-31T23:48:45Z,1060,17,1,19,1,0,1,1,1,1785541346
2026-07-31T23:48:45Z,1061,21,0,15,1,0,1,1,1,1785541346
2026-07-31T23:48:45Z,1062,14,0,3,0,0,1,1,1,1785540605
2026-07-31T23:48:45Z,1063,12,1,6,1,0,1,1,1,1785540015
2026-07-31T23:48:45Z,1064,6,0,16,1,0,1,1,1,1785541416
2026-07-31T23:48:45Z,1065,13,3,10,0,0,1,1,1,1785541039
2026-07-31T23:48:45Z,1066,12,3,11,0,0,1,1,1,1785540455
2026-07-31T23:48:45Z,1067,7,1,14,2,0,1,1,1,1785540732
2026-07-31T23:48:45Z,1068,6,2,14,3,0,1,1,1,1785540281
2026-07-31T23:48:45Z,1069,12,3,11,0,0,1,1,1,1785540270
2026-07-31T23:48:45Z,1070,12,2,11,0,0,1,1,1,1785540374
2026-07-31T23:48:45Z,1071,8,4,15,0,0,1,1,1,1785540412
2026-07-31T23:48:45Z,1072,11,1,11,1,0,1,1,1,1785540645
2026-07-31T23:48:45Z,1073,5,0,21,1,0,1,1,1,1785541569
2026-07-31T23:48:45Z,1074,24,1,28,1,0,1,1,1,1785541717
2026-07-31T23:48:45Z,1075,8,8,13,0,0,1,1,1,1785541124
2026-07-31T23:48:45Z,1076,13,10,8,0,0,1,1,1,1785541594
2026-07-31T23:48:45Z,1077,13,8,8,0,0,1,1,1,1785540927
2026-07-31T23:48:45Z,1078,9,8,12,0,0,1,1,1,1785541079
2026-07-31T23:48:45Z,1079,12,8,9,0,0,1,1,1,1785541697
2026-07-31T23:48:45Z,1080,12,9,7,2,0,1,1,1,1785541625
2026-07-31T23:48:45Z,1081,11,6,8,0,0,1,1,1,1785541656
2026-07-31T23:48:45Z,1082,11,9,11,1,0,1,1,1,1785541697
2026-07-31T23:48:45Z,1083,12,11,9,0,0,1,1,1,1785540151
2026-07-31T23:48:45Z,1084,9,7,12,0,0,1,1,1,1785541582
2026-07-31T23:48:45Z,1085,12,9,9,0,0,1,1,1,1785541308
2026-07-31T23:48:45Z,1086,10,9,10,1,0,1,1,1,1785540181
2026-07-31T23:48:45Z,1087,9,7,6,0,0,1,1,1,1785541053
2026-07-31T23:48:45Z,1088,8,7,7,0,0,1,1,1,1785540936
2026-07-31T23:48:45Z,1089,9,7,6,0,0,1,1,1,1785541463
2026-07-31T23:48:45Z,1090,8,7,7,0,0,1,1,1,1785541319
2026-07-31T23:48:45Z,1091,6,4,9,0,0,1,1,1,1785540960
2026-07-31T23:48:45Z,1092,8,7,7,0,0,1,1,1,1785540345
2026-07-31T23:48:45Z,1093,5,5,9,1,0,1,1,1,1785541020
2026-07-31T23:48:45Z,1094,10,9,9,0,0,1,1,1,1785539966
2026-07-31T23:48:45Z,1095,10,8,5,0,0,1,1,1,1785539936
2026-07-31T23:48:45Z,1096,13,8,6,0,0,1,1,1,1785541576
2026-07-31T23:48:45Z,1097,8,8,7,0,0,1,1,1,1785540530
2026-07-31T23:48:45Z,1098,10,7,9,0,0,1,1,1,1785541390
2026-07-31T23:48:45Z,1099,7,6,8,0,0,1,1,1,1785541616
2026-07-31T23:48:45Z,1100,6,4,23,0,0,1,1,1,1785532207
2026-07-31T23:48:45Z,1101,8,3,13,0,0,1,1,1,1785541549
2026-07-31T23:48:45Z,1102,9,4,4,0,0,1,1,1,1785540734
2026-07-31T23:48:45Z,1103,11,5,10,0,0,1,1,1,1785503681
2026-07-31T23:48:45Z,1104,11,6,10,0,0,1,1,1,1785541301
2026-07-31T23:48:45Z,1105,8,4,5,0,0,1,1,1,1785540615
2026-07-31T23:48:45Z,1106,10,5,11,0,0,1,1,1,1785541641
2026-07-31T23:48:45Z,1107,8,4,7,0,0,1,1,1,1785541510
2026-07-31T23:48:45Z,1108,8,4,16,2,1,1,1,1,1785540678
2026-07-31T23:48:45Z,1109,7,3,8,0,0,1,1,1,1785539999
2026-07-31T23:48:45Z,1110,11,3,10,0,0,1,1,1,1785541163
2026-07-31T23:48:45Z,1111,12,3,8,1,0,1,1,1,1785541345
2026-07-31T23:48:45Z,1112,28,4,25,0,0,1,1,1,1785541219
2026-07-31T23:48:45Z,1113,0,0,21,0,0,1,1,1,1785541071
2026-07-31T23:48:45Z,1115,16,2,3,4,0,1,1,1,1785540671
2026-07-31T23:48:45Z,1116,8,1,11,0,0,1,1,1,1785539992
2026-07-31T23:48:45Z,1117,6,1,16,1,0,1,1,1,1785541533
2026-07-31T23:48:45Z,1118,17,2,3,1,0,1,1,1,1785541658
2026-07-31T23:48:45Z,1119,8,2,9,0,0,1,1,1,1785541497
2026-07-31T23:48:45Z,1120,6,0,12,1,0,1,1,1,1785541094
2026-07-31T23:48:45Z,1121,9,1,11,1,0,1,1,1,1785541644
2026-07-31T23:48:45Z,1122,4,2,16,1,0,1,1,1,1785541250
2026-07-31T23:48:45Z,1123,15,7,6,2,0,1,1,1,1785541350
2026-07-31T23:48:45Z,1124,4,1,10,1,0,1,1,1,1785541588
2026-07-31T23:48:45Z,1125,17,1,6,0,0,1,1,1,1785540373
2026-07-31T23:48:45Z,1126,4,1,17,0,0,1,1,1,1785541647
2026-07-31T23:48:45Z,1127,0,0,19,0,0,1,1,1,1785540752
2026-07-31T23:48:45Z,1128,3,0,12,0,0,1,1,1,1785541579
2026-07-31T23:48:45Z,1129,1,0,19,1,0,1,1,1,1785541671
2026-07-31T23:48:45Z,1130,15,0,0,0,0,1,1,1,1785540484
2026-07-31T23:48:45Z,1131,2,0,46,1,0,1,1,1,1785541290
2026-07-31T23:48:45Z,1132,12,3,8,1,0,1,1,1,1785541676
2026-07-31T23:48:45Z,1133,0,0,19,2,0,1,1,1,1785541625
2026-07-31T23:48:45Z,1134,12,6,7,0,0,1,1,1,1785540505
2026-07-31T23:48:45Z,1135,12,6,9,0,0,1,1,1,1785541447
2026-07-31T23:48:45Z,1136,13,1,10,0,0,1,1,1,1785541220
2026-07-31T23:48:45Z,1137,10,1,5,0,0,1,1,1,1785541685
2026-07-31T23:48:45Z,1138,5,0,14,0,0,1,1,1,1785541464
2026-07-31T23:48:45Z,1139,11,3,9,1,0,1,1,1,1785541597
2026-07-31T23:48:45Z,1140,0,0,20,3,0,1,1,1,1785541645
2026-07-31T23:48:45Z,1141,18,2,0,3,0,1,1,1,1785541714
2026-07-31T23:48:45Z,1142,2,0,19,0,0,1,1,1,1785541429
2026-07-31T23:48:45Z,1143,24,2,3,2,0,1,1,1,1785541721
2026-07-31T23:48:45Z,1144,8,0,12,1,0,1,1,1,1785540898
2026-07-31T23:48:45Z,1145,11,5,9,1,0,1,1,1,1785540406
2026-07-31T23:48:45Z,1146,10,2,6,3,0,1,1,1,1785541706
2026-07-31T23:48:45Z,1147,19,1,0,0,0,1,1,1,1785541386
2026-07-31T23:48:45Z,1148,1,0,30,0,0,1,1,1,1785540818
2026-07-31T23:48:45Z,1149,4,2,16,5,0,1,1,1,1785541665
2026-07-31T23:48:45Z,1150,1,0,18,0,0,1,1,1,1785541641
2026-07-31T23:48:45Z,1151,8,0,13,0,0,1,1,1,1785540655
2026-07-31T23:48:45Z,1152,7,1,22,0,0,1,1,1,1785541172
2026-07-31T23:48:45Z,1153,21,4,1,1,0,1,1,1,1785540729
2026-07-31T23:48:45Z,1154,6,1,13,0,0,1,1,1,1785541193
2026-07-31T23:48:45Z,1155,7,5,10,4,0,1,1,1,1785541359
2026-07-31T23:48:45Z,1158,3,1,16,0,0,1,1,1,1785541691
2026-07-31T23:48:45Z,1159,13,2,6,0,0,1,1,1,1785541151
2026-07-31T23:48:45Z,1160,6,2,13,0,0,1,1,1,1785540904
2026-07-31T23:48:45Z,1161,3,0,15,1,0,1,1,1,1785540375
2026-07-31T23:48:45Z,1162,4,0,15,0,0,1,1,1,1785540633
2026-07-31T23:48:45Z,1163,2,1,16,1,0,1,1,1,1785539997
2026-07-31T23:48:45Z,1164,5,1,14,0,0,1,1,1,1785540053
2026-07-31T23:48:45Z,1165,1,0,20,0,0,1,1,1,1785540803
2026-07-31T23:48:45Z,1166,13,3,7,1,0,1,1,1,1785540358
2026-07-31T23:48:45Z,1167,4,0,11,0,0,1,1,1,1785541531
2026-07-31T23:48:45Z,1168,2,0,19,2,0,1,1,1,1785540848
2026-07-31T23:48:45Z,1169,3,0,15,1,0,1,1,1,1785541715
2026-07-31T23:48:45Z,1170,6,1,15,0,0,1,1,1,1785541454
2026-07-31T23:48:45Z,1171,7,7,16,0,0,1,1,1,1785540010
2026-07-31T23:48:45Z,1172,6,0,7,2,0,1,1,1,1785540595
2026-07-31T23:48:45Z,1173,13,4,6,0,0,1,1,1,1785540159
2026-07-31T23:48:45Z,1174,4,0,11,0,0,1,1,1,1785541609
2026-07-31T23:48:45Z,1175,4,2,15,0,0,1,1,1,1785535612
2026-07-31T23:48:45Z,1176,8,2,13,0,0,1,1,1,1785541207
2026-07-31T23:48:45Z,1177,2,1,19,0,0,1,1,1,1785541157
2026-07-31T23:48:45Z,1178,5,2,10,0,0,1,1,1,1785541523
2026-07-31T23:48:45Z,1181,11,1,3,1,0,1,1,1,1785541706
2026-07-31T23:48:45Z,1182,20,6,0,0,0,1,1,1,1785541720
2026-07-31T23:48:45Z,1183,5,1,38,2,0,1,1,1,1785541702
2026-07-31T23:48:45Z,1184,11,8,5,5,0,1,1,1,1785541504
2026-07-31T23:48:45Z,1185,10,6,11,0,0,1,1,1,1785541277
2026-07-31T23:48:45Z,1186,9,5,10,0,0,1,1,1,1785540429
2026-07-31T23:48:45Z,1187,10,5,10,1,0,1,1,1,1785540644
2026-07-31T23:48:45Z,1188,10,5,5,0,0,1,1,1,1785540055
2026-07-31T23:48:45Z,1189,8,3,11,0,0,1,1,1,1785540192
2026-07-31T23:48:45Z,1190,9,4,12,0,0,1,1,1,1785541429
2026-07-31T23:48:45Z,1191,10,5,5,0,0,1,1,1,1785540058
2026-07-31T23:48:45Z,1192,11,7,9,1,0,1,1,1,1785539977
2026-07-31T23:48:45Z,1193,6,4,5,2,0,1,1,1,1785540832
2026-07-31T23:48:45Z,1197,9,6,7,1,0,1,1,1,1785540839
2026-07-31T23:48:45Z,1198,13,4,6,2,0,1,1,1,1785540501
2026-07-31T23:48:45Z,1199,3,0,16,0,0,1,1,1,1785540500
2026-07-31T23:48:45Z,1200,7,4,8,0,0,1,1,1,1785540960
2026-07-31T23:48:45Z,1201,9,4,6,0,0,1,1,1,1785540070
2026-07-31T23:48:45Z,1202,11,6,4,0,0,1,1,1,1785540355
2026-07-31T23:48:45Z,1203,12,5,3,0,0,1,1,1,1785541631
2026-07-31T23:48:45Z,1204,7,4,12,0,0,1,1,1,1785541673
2026-07-31T23:48:45Z,1206,10,5,11,0,0,1,1,1,1785541512
2026-07-31T23:48:45Z,1207,8,4,6,1,0,1,1,1,1785540388
2026-07-31T23:48:45Z,1208,10,4,9,0,0,1,1,1,1785540340
2026-07-31T23:48:45Z,1216,9,0,11,1,0,1,1,1,1785541132
2026-07-31T23:48:45Z,1218,2,0,19,0,0,1,1,1,1785541531
2026-07-31T23:48:45Z,1219,2,1,10,3,0,1,1,1,1785539991
2026-07-31T23:48:45Z,1220,16,6,3,0,0,1,1,1,1785541179
2026-07-31T23:48:45Z,1221,1,1,19,1,0,1,1,1,1785540885
2026-07-31T23:48:45Z,1222,27,2,2,0,0,1,1,1,1785541670
2026-07-31T23:48:45Z,1223,25,2,3,1,0,1,1,1,1785541586
2026-07-31T23:48:45Z,1226,0,0,3,0,0,0,1,1,1781868931
2026-07-31T23:48:45Z,1227,4,0,20,1,0,1,1,1,1785541517
2026-07-31T23:48:45Z,1228,1,1,27,1,0,1,1,1,1785541567
2026-07-31T23:48:45Z,1229,38,0,5,2,0,1,1,1,1785541663
2026-07-31T23:53:45Z,1,18,0,5,0,0,1,1,1,1785542012
2026-07-31T23:53:45Z,2,15,0,9,3,0,1,1,1,1785541404
2026-07-31T23:53:45Z,3,7,0,6,1,0,1,1,1,1785541997
2026-07-31T23:53:45Z,4,20,0,1,1,0,1,1,1,1785541377
2026-07-31T23:53:45Z,5,17,4,3,3,0,1,1,1,1785541677
2026-07-31T23:53:45Z,6,4,1,11,0,0,1,1,1,1785540275
2026-07-31T23:53:45Z,7,10,0,29,0,0,1,1,1,1785541985
2026-07-31T23:53:45Z,8,11,0,32,0,0,1,1,1,1785541851
2026-07-31T23:53:45Z,9,13,1,10,0,0,1,1,1,1785541997
2026-07-31T23:53:45Z,10,4,2,16,3,0,1,1,1,1785540889
2026-07-31T23:53:45Z,11,1,0,17,1,0,1,1,1,1785541734
2026-07-31T23:53:45Z,12,4,0,19,0,0,1,1,1,1785541526
2026-07-31T23:53:45Z,13,14,0,15,1,0,1,1,1,1785541411
2026-07-31T23:53:45Z,14,30,0,12,0,1,1,1,1,1785541964
2026-07-31T23:53:45Z,15,11,0,4,0,0,1,1,1,1785541988
2026-07-31T23:53:45Z,16,6,0,18,2,1,1,1,1,1785541957
2026-07-31T23:53:45Z,17,26,1,0,1,0,1,1,1,1785541575
2026-07-31T23:53:45Z,18,7,0,9,3,0,1,1,1,1785541997
2026-07-31T23:53:45Z,19,15,0,11,1,0,1,1,1,1785541955
2026-07-31T23:53:45Z,20,27,0,8,0,0,1,1,1,1785542011
2026-07-31T23:53:45Z,21,12,0,4,3,0,1,1,1,1785541937
2026-07-31T23:53:45Z,22,21,0,44,0,0,1,1,1,1785541732
2026-07-31T23:53:45Z,23,25,7,6,0,0,1,1,1,1785542008
2026-07-31T23:53:45Z,24,5,0,5,1,0,1,1,1,1785542016
2026-07-31T23:53:45Z,25,64,1,14,3,0,1,1,1,1785542012
2026-07-31T23:53:45Z,26,1,0,26,0,0,1,1,1,1785541644
2026-07-31T23:53:45Z,28,7,0,8,0,0,1,1,1,1785541986
2026-07-31T23:53:45Z,30,20,0,7,2,0,1,1,1,1785541437
2026-07-31T23:53:45Z,31,12,0,6,1,0,1,1,1,1785541863
2026-07-31T23:53:45Z,32,16,1,11,0,0,1,1,1,1785541999
2026-07-31T23:53:45Z,34,12,1,25,0,0,1,1,1,1785541770
2026-07-31T23:53:45Z,35,40,1,7,0,0,1,1,1,1785541904
2026-07-31T23:53:45Z,36,0,0,0,0,0,0,1,1,86400
2026-07-31T23:53:45Z,37,7,2,15,1,0,1,1,1,1785542019
2026-07-31T23:53:45Z,38,5,1,18,0,0,1,1,1,1785541645
2026-07-31T23:53:45Z,39,11,0,28,0,0,1,1,1,1785541258
2026-07-31T23:53:45Z,40,6,1,15,0,0,1,1,1,1785541934
2026-07-31T23:53:45Z,41,18,0,25,0,0,1,1,1,1785541807
2026-07-31T23:53:45Z,42,5,3,26,0,0,1,1,1,1785541983
2026-07-31T23:53:45Z,43,10,3,13,0,0,1,1,1,1785541896
2026-07-31T23:53:45Z,45,1,0,28,0,0,1,1,1,1785539388
2026-07-31T23:53:45Z,46,1,0,28,2,0,1,1,1,1785541855
2026-07-31T23:53:45Z,47,6,3,8,1,0,1,1,1,1785541367
2026-07-31T23:53:45Z,48,15,0,12,0,0,1,1,1,1785541695
2026-07-31T23:53:45Z,49,0,0,19,4,0,1,1,1,1785542018
2026-07-31T23:53:45Z,50,3,3,14,2,0,1,1,1,1785541971
2026-07-31T23:53:45Z,51,25,0,52,0,0,1,1,1,1785540619
2026-07-31T23:53:45Z,52,6,0,18,3,0,1,1,1,1785541919
2026-07-31T23:53:45Z,55,4,1,18,1,0,1,1,1,1785541874
2026-07-31T23:53:45Z,56,12,1,31,0,0,1,1,1,1785541965
2026-07-31T23:53:45Z,57,24,2,3,0,0,1,1,1,1785541444
2026-07-31T23:53:45Z,58,8,0,20,0,0,1,1,1,1785540566
2026-07-31T23:53:45Z,59,2,1,23,2,0,1,1,1,1785541963
2026-07-31T23:53:45Z,61,30,1,9,0,0,1,1,1,1785541945
2026-07-31T23:53:45Z,62,16,7,33,0,0,1,1,1,1785541906
2026-07-31T23:53:45Z,63,5,3,14,0,0,1,1,1,1785541375
2026-07-31T23:53:45Z,64,10,1,5,4,0,1,1,1,1785535815
2026-07-31T23:53:45Z,65,8,4,10,1,0,1,1,1,1785540492
2026-07-31T23:53:45Z,67,1,0,38,0,0,1,1,1,1785541977
2026-07-31T23:53:45Z,68,32,0,4,1,0,1,1,1,1785541344
2026-07-31T23:53:45Z,69,3,1,12,0,0,1,1,1,1785542011
2026-07-31T23:53:45Z,71,8,3,17,2,0,1,1,1,1785541887
2026-07-31T23:53:45Z,72,24,3,4,2,1,1,1,1,1785541853
2026-07-31T23:53:45Z,73,2,2,29,0,0,1,1,1,1785541961
2026-07-31T23:53:45Z,74,1,1,18,0,0,1,1,1,1785541449
2026-07-31T23:53:45Z,75,4,0,27,1,0,1,1,1,1785541598
2026-07-31T23:53:45Z,76,2,0,14,3,0,1,1,1,1785542019
2026-07-31T23:53:45Z,77,17,0,9,1,0,1,1,1,1785541887
2026-07-31T23:53:45Z,78,2,1,21,0,0,1,1,1,1785541417
2026-07-31T23:53:45Z,79,0,0,16,1,0,1,1,1,1785540916
2026-07-31T23:53:45Z,80,18,1,2,3,0,1,1,1,1785541892
2026-07-31T23:53:45Z,81,8,1,23,0,0,1,1,1,1785541838
2026-07-31T23:53:45Z,82,11,11,11,1,0,1,1,1,1785540997
2026-07-31T23:53:45Z,83,6,0,26,2,0,1,1,1,1785541963
2026-07-31T23:53:45Z,84,13,1,14,0,0,1,1,1,1785541893
2026-07-31T23:53:45Z,85,9,0,6,0,0,1,1,1,1785540942
2026-07-31T23:53:45Z,86,9,3,18,0,0,1,1,1,1785541929
2026-07-31T23:53:45Z,87,0,0,19,0,0,1,1,1,1785533075
2026-07-31T23:53:45Z,88,23,2,19,1,0,1,1,1,1785541874
2026-07-31T23:53:45Z,89,15,0,20,0,0,1,1,1,1785541944
2026-07-31T23:53:45Z,90,17,0,0,1,0,1,1,1,1785542022
2026-07-31T23:53:45Z,91,8,0,9,0,0,1,1,1,1785541681
2026-07-31T23:53:45Z,92,5,2,11,3,0,1,1,1,1785541888
2026-07-31T23:53:45Z,93,6,0,15,2,0,1,1,1,1785541798
2026-07-31T23:53:45Z,94,13,0,5,1,0,1,1,1,1785541957
2026-07-31T23:53:45Z,95,8,0,25,1,1,1,1,1,1785542013
2026-07-31T23:53:45Z,96,16,5,14,1,0,1,1,1,1785541615
2026-07-31T23:53:45Z,97,7,0,9,1,0,1,1,1,1785541923
2026-07-31T23:53:45Z,98,25,6,9,1,0,1,1,1,1785541979
2026-07-31T23:53:45Z,99,15,0,0,0,0,1,1,1,1785541430
2026-07-31T23:53:45Z,100,16,0,11,0,0,1,1,1,1785541670
2026-07-31T23:53:45Z,101,11,2,3,1,0,1,1,1,1785541682
2026-07-31T23:53:45Z,102,21,0,1,1,0,1,1,1,1785541555
2026-07-31T23:53:45Z,103,23,0,7,0,0,1,1,1,1785541958
2026-07-31T23:53:45Z,104,12,0,13,2,0,1,1,1,1785542020
2026-07-31T23:53:45Z,105,18,0,1,0,0,1,1,1,1785542019
2026-07-31T23:53:45Z,106,18,0,2,1,0,1,1,1,1785538929
2026-07-31T23:53:45Z,107,20,1,17,0,0,1,1,1,1785541747
2026-07-31T23:53:45Z,108,20,3,13,2,0,1,1,1,1785542017
2026-07-31T23:53:45Z,109,1,0,22,0,0,1,1,1,1785541923
2026-07-31T23:53:45Z,110,17,0,6,0,0,1,1,1,1785541778
2026-07-31T23:53:45Z,111,6,0,30,0,0,1,1,1,1785541906
2026-07-31T23:53:45Z,112,0,0,14,1,0,1,1,1,1785541960
2026-07-31T23:53:45Z,113,3,0,15,1,0,1,1,1,1785541911
2026-07-31T23:53:45Z,114,8,3,20,2,1,1,1,1,1785541962
2026-07-31T23:53:45Z,115,18,11,5,5,0,1,1,1,1785541337
2026-07-31T23:53:45Z,116,15,9,12,0,0,1,1,1,1785541693
2026-07-31T23:53:45Z,118,19,1,1,3,0,1,1,1,1785540956
2026-07-31T23:53:45Z,119,0,0,36,2,0,1,1,1,1785541866
2026-07-31T23:53:45Z,120,2,0,24,1,0,1,1,1,1785541745
2026-07-31T23:53:45Z,121,4,2,13,1,1,1,1,1,1785542015
2026-07-31T23:53:45Z,122,13,2,5,3,0,1,1,1,1785542022
2026-07-31T23:53:45Z,123,0,0,47,0,0,1,1,1,1785540865
2026-07-31T23:53:45Z,124,13,4,22,0,0,1,1,1,1785542021
2026-07-31T23:53:45Z,125,0,0,23,0,0,1,1,1,1785541803
2026-07-31T23:53:45Z,126,10,1,20,1,0,1,1,1,1785541337
2026-07-31T23:53:45Z,127,17,2,17,1,0,1,1,1,1785542018
2026-07-31T23:53:45Z,128,10,6,9,0,0,1,1,1,1785541876
2026-07-31T23:53:45Z,129,1,1,15,3,0,1,1,1,1785541869
2026-07-31T23:53:45Z,130,9,0,8,0,0,1,1,1,1785541786
2026-07-31T23:53:45Z,131,6,1,4,1,0,1,1,1,1785541598
2026-07-31T23:53:45Z,132,13,3,1,0,1,1,1,1,1785541006
2026-07-31T23:53:45Z,134,16,0,3,4,0,1,1,1,1785541921
2026-07-31T23:53:45Z,135,6,4,10,3,0,1,1,1,1785541249
2026-07-31T23:53:45Z,136,3,1,1,15,4,1,1,1,1785541936
2026-07-31T23:53:45Z,137,7,4,11,1,0,1,1,1,1785541667
2026-07-31T23:53:45Z,138,26,5,11,0,0,1,1,1,1785541958
2026-07-31T23:53:45Z,139,10,3,9,0,0,1,1,1,1785541732
2026-07-31T23:53:45Z,140,3,1,18,2,0,1,1,1,1785542019
2026-07-31T23:53:45Z,141,9,4,27,0,0,1,1,1,1785542000
2026-07-31T23:53:45Z,142,17,1,6,0,0,1,1,1,1785541918
2026-07-31T23:53:45Z,143,15,0,16,0,0,1,1,1,1785541814
2026-07-31T23:53:45Z,144,14,0,12,1,0,1,1,1,1785541789
2026-07-31T23:53:45Z,146,6,1,16,1,0,1,1,1,1785542020
2026-07-31T23:53:45Z,147,6,3,11,2,0,1,1,1,1785541976
2026-07-31T23:53:45Z,148,5,3,20,2,0,1,1,1,1785542018
2026-07-31T23:53:45Z,149,3,1,24,0,0,1,1,1,1785541876
2026-07-31T23:53:45Z,150,7,1,23,5,0,1,1,1,1785542021
2026-07-31T23:53:45Z,151,5,1,18,0,0,1,1,1,1785541608
2026-07-31T23:53:45Z,152,5,1,18,3,0,1,1,1,1785541953
2026-07-31T23:53:45Z,153,4,0,22,2,0,1,1,1,1785541812
2026-07-31T23:53:45Z,154,4,1,15,4,0,1,1,1,1785541956
2026-07-31T23:53:45Z,155,8,3,5,1,0,1,1,1,1785541916
2026-07-31T23:53:45Z,156,8,1,11,0,0,1,1,1,1785541956
2026-07-31T23:53:45Z,157,18,4,7,2,0,1,1,1,1785541996
2026-07-31T23:53:45Z,158,14,1,2,0,0,1,1,1,1785540896
2026-07-31T23:53:45Z,159,4,3,15,0,0,1,1,1,1785541535
2026-07-31T23:53:45Z,160,3,1,16,0,0,1,1,1,1785541943
2026-07-31T23:53:45Z,161,14,1,8,0,0,1,1,1,1785541913
2026-07-31T23:53:45Z,162,14,14,11,2,0,1,1,1,1785541852
2026-07-31T23:53:45Z,163,3,0,26,1,1,1,1,1,1785541976
2026-07-31T23:53:45Z,164,15,1,12,0,0,1,1,1,1785540925
2026-07-31T23:53:45Z,165,31,5,0,0,0,1,1,1,1785542017
2026-07-31T23:53:45Z,166,35,11,1,3,0,1,1,1,1785542017
2026-07-31T23:53:45Z,167,7,0,15,1,0,1,1,1,1785541470
2026-07-31T23:53:45Z,168,18,0,8,1,0,1,1,1,1785542002
2026-07-31T23:53:45Z,169,6,1,14,2,1,1,1,1,1785541997
2026-07-31T23:53:45Z,170,3,2,15,1,0,1,1,1,1785541838
2026-07-31T23:53:45Z,171,5,2,6,2,0,1,1,1,1785541836
2026-07-31T23:53:45Z,173,5,0,34,0,0,1,1,1,1785541801
2026-07-31T23:53:45Z,174,11,1,15,0,0,1,1,1,1785542004
2026-07-31T23:53:45Z,175,29,0,0,2,0,1,1,1,1785541645
2026-07-31T23:53:45Z,176,12,5,0,3,0,1,1,1,1785542015
2026-07-31T23:53:45Z,177,11,1,16,0,0,1,1,1,1785541982
2026-07-31T23:53:45Z,178,11,0,1,2,1,1,1,1,1785542015
2026-07-31T23:53:45Z,179,12,3,1,2,0,1,1,1,1785541854
2026-07-31T23:53:45Z,180,1,0,29,0,0,1,1,1,1785541666
2026-07-31T23:53:45Z,181,2,2,13,0,0,1,1,1,1785541726
2026-07-31T23:53:45Z,182,0,0,16,1,0,1,1,1,1785541740
2026-07-31T23:53:45Z,183,1,1,22,0,0,1,1,1,1785541613
2026-07-31T23:53:45Z,184,13,2,7,3,0,1,1,1,1785542014
2026-07-31T23:53:45Z,185,5,5,7,2,1,1,1,1,1785541971
2026-07-31T23:53:45Z,186,17,0,2,0,0,1,1,1,1785541903
2026-07-31T23:53:45Z,187,6,1,21,1,0,1,1,1,1785541292
2026-07-31T23:53:45Z,188,7,2,12,8,0,1,1,1,1785541990
2026-07-31T23:53:45Z,189,9,3,6,0,0,1,1,1,1785542000
2026-07-31T23:53:45Z,190,4,0,18,1,0,1,1,1,1785541752
2026-07-31T23:53:45Z,191,4,1,34,1,0,1,1,1,1785541805
2026-07-31T23:53:45Z,192,2,2,28,1,0,1,1,1,1785541107
2026-07-31T23:53:45Z,193,11,8,1,3,0,1,1,1,1785541931
2026-07-31T23:53:45Z,194,4,3,23,0,0,1,1,1,1785541892
2026-07-31T23:53:45Z,195,1,1,18,0,0,1,1,1,1785542009
2026-07-31T23:53:45Z,196,5,3,21,1,0,1,1,1,1785542021
2026-07-31T23:53:45Z,197,2,0,16,0,1,1,1,1,1785541780
2026-07-31T23:53:45Z,198,10,4,11,2,0,1,1,1,1785542010
2026-07-31T23:53:45Z,199,11,7,2,2,0,1,1,1,1785541952
2026-07-31T23:53:45Z,200,19,0,6,1,0,1,1,1,1785541650
2026-07-31T23:53:45Z,201,5,5,18,0,0,1,1,1,1785540696
2026-07-31T23:53:45Z,202,25,2,2,0,0,1,1,1,1785541885
2026-07-31T23:53:45Z,203,26,0,3,2,0,1,1,1,1785541949
2026-07-31T23:53:45Z,204,12,1,22,1,0,1,1,1,1785541963
2026-07-31T23:53:45Z,205,9,2,18,0,0,1,1,1,1785541842
2026-07-31T23:53:45Z,206,8,8,5,2,0,1,1,1,1785541922
2026-07-31T23:53:45Z,207,16,3,4,1,0,1,1,1,1785541929
2026-07-31T23:53:45Z,208,6,2,23,0,0,1,1,1,1785541665
2026-07-31T23:53:45Z,209,21,0,9,1,0,1,1,1,1785542018
2026-07-31T23:53:45Z,210,8,7,19,0,0,1,1,1,1785541985
2026-07-31T23:53:45Z,211,13,0,9,1,0,1,1,1,1785541591
2026-07-31T23:53:45Z,212,21,5,13,1,0,1,1,1,1785541734
2026-07-31T23:53:45Z,213,12,6,10,1,0,1,1,1,1785541855
2026-07-31T23:53:45Z,214,31,10,13,3,0,1,1,1,1785541999
2026-07-31T23:53:45Z,215,1,0,21,1,0,1,1,1,1785542009
2026-07-31T23:53:45Z,216,2,1,15,2,0,1,1,1,1785541865
2026-07-31T23:53:45Z,217,27,2,0,2,0,1,1,1,1785542019
2026-07-31T23:53:45Z,218,36,14,2,1,0,1,1,1,1785541989
2026-07-31T23:53:45Z,219,24,1,1,1,0,1,1,1,1785541788
2026-07-31T23:53:45Z,220,23,13,18,1,1,1,1,1,1785542016
2026-07-31T23:53:45Z,221,12,8,2,1,0,1,1,1,1785541850
2026-07-31T23:53:45Z,222,14,8,5,0,0,1,1,1,1785542002
2026-07-31T23:53:45Z,223,0,0,32,3,0,1,1,1,1785541960
2026-07-31T23:53:45Z,224,11,10,10,1,0,1,1,1,1785541816
2026-07-31T23:53:45Z,225,1,0,15,3,0,1,1,1,1785541567
2026-07-31T23:53:45Z,226,24,11,6,1,0,1,1,1,1785542013
2026-07-31T23:53:45Z,227,3,3,23,1,0,1,1,1,1785541564
2026-07-31T23:53:45Z,228,0,0,19,0,0,1,1,1,1785540971
2026-07-31T23:53:45Z,230,2,1,23,1,0,1,1,1,1785541990
2026-07-31T23:53:45Z,232,6,1,10,1,0,1,1,1,1785541982
2026-07-31T23:53:45Z,233,22,9,8,1,0,1,1,1,1785541334
2026-07-31T23:53:45Z,234,13,10,0,4,2,1,1,1,1785541716
2026-07-31T23:53:45Z,236,12,4,5,2,0,1,1,1,1785541744
2026-07-31T23:53:45Z,237,3,0,19,1,0,1,1,1,1785541830
2026-07-31T23:53:45Z,239,15,11,11,1,0,1,1,1,1785542012
2026-07-31T23:53:45Z,241,0,0,21,2,0,1,1,1,1785541789
2026-07-31T23:53:45Z,242,7,3,15,1,0,1,1,1,1785541729
2026-07-31T23:53:45Z,243,17,11,12,2,0,1,1,1,1785542018
2026-07-31T23:53:45Z,244,13,2,13,1,0,1,1,1,1785542007
2026-07-31T23:53:45Z,245,2,1,21,0,0,1,1,1,1785542006
2026-07-31T23:53:45Z,246,1,1,22,0,0,1,1,1,1785541947
2026-07-31T23:53:45Z,247,9,7,13,1,0,1,1,1,1785541827
2026-07-31T23:53:45Z,248,4,3,17,2,0,1,1,1,1785541664
2026-07-31T23:53:45Z,249,10,9,9,0,0,1,1,1,1785542017
2026-07-31T23:53:45Z,250,1,1,23,3,0,1,1,1,1785542010
2026-07-31T23:53:45Z,251,17,12,5,5,0,1,1,1,1785541928
2026-07-31T23:53:45Z,253,5,1,14,0,0,1,1,1,1785541875
2026-07-31T23:53:45Z,254,4,0,38,1,0,1,1,1,1785540976
2026-07-31T23:53:45Z,255,5,1,17,0,1,1,1,1,1785541739
2026-07-31T23:53:45Z,256,3,2,20,0,0,1,1,1,1785541422
2026-07-31T23:53:45Z,257,7,2,12,0,0,1,1,1,1785541602
2026-07-31T23:53:45Z,258,14,5,3,2,0,1,1,1,1785541839
2026-07-31T23:53:45Z,259,5,0,17,0,1,1,1,1,1785541740
2026-07-31T23:53:45Z,260,9,8,9,1,0,1,1,1,1785541603
2026-07-31T23:53:45Z,261,3,1,14,1,1,1,1,1,1785541902
2026-07-31T23:53:45Z,262,1,0,21,1,0,1,1,1,1785541756
2026-07-31T23:53:45Z,263,7,7,7,1,0,1,1,1,1785541836
2026-07-31T23:53:45Z,264,2,2,17,0,0,1,1,1,1785541716
2026-07-31T23:53:45Z,265,6,0,9,0,0,1,1,1,1785541194
2026-07-31T23:53:45Z,266,9,7,7,3,0,1,1,1,1785541211
2026-07-31T23:53:45Z,267,7,1,6,2,0,1,1,1,1785541990
2026-07-31T23:53:45Z,268,17,7,5,1,0,1,1,1,1785541132
2026-07-31T23:53:45Z,269,5,2,18,0,0,1,1,1,1785541820
2026-07-31T23:53:45Z,270,9,0,15,3,0,1,1,1,1785541637
2026-07-31T23:53:45Z,271,0,0,17,2,0,1,1,1,1785541545
2026-07-31T23:53:45Z,272,4,4,17,2,0,1,1,1,1785541892
2026-07-31T23:53:45Z,273,2,1,13,0,0,1,1,1,1785539650
2026-07-31T23:53:45Z,274,3,1,15,1,0,1,1,1,1785540581
2026-07-31T23:53:45Z,275,6,0,13,4,0,1,1,1,1785541916
2026-07-31T23:53:45Z,276,2,0,25,0,0,1,1,1,1785541389
2026-07-31T23:53:45Z,277,3,1,16,4,0,1,1,1,1785541944
2026-07-31T23:53:45Z,278,3,2,27,1,0,1,1,1,1785541854
2026-07-31T23:53:45Z,279,1,0,18,0,0,1,1,1,1785541697
2026-07-31T23:53:45Z,280,3,1,26,2,0,1,1,1,1785541833
2026-07-31T23:53:45Z,281,10,0,9,0,0,1,1,1,1785539893
2026-07-31T23:53:45Z,282,11,3,7,0,0,1,1,1,1785541984
2026-07-31T23:53:45Z,283,19,4,16,0,0,1,1,1,1785541886
2026-07-31T23:53:45Z,284,20,2,13,2,0,1,1,1,1785541620
2026-07-31T23:53:45Z,285,0,0,23,0,0,1,1,1,1785540975
2026-07-31T23:53:45Z,286,6,4,17,0,0,1,1,1,1785541546
2026-07-31T23:53:45Z,287,11,1,9,3,0,1,1,1,1785540479
2026-07-31T23:53:45Z,288,6,3,13,0,0,1,1,1,1785541926
2026-07-31T23:53:45Z,289,7,7,16,4,0,1,1,1,1785541555
2026-07-31T23:53:45Z,290,13,0,25,1,0,1,1,1,1785541735
2026-07-31T23:53:45Z,291,1,0,21,1,0,1,1,1,1785541862
2026-07-31T23:53:45Z,292,1,1,22,0,0,1,1,1,1785540969
2026-07-31T23:53:45Z,293,1,1,22,0,0,1,1,1,1785540770
2026-07-31T23:53:45Z,294,4,3,14,4,0,1,1,1,1785541855
2026-07-31T23:53:45Z,297,11,0,7,0,1,1,1,1,1785542003
2026-07-31T23:53:45Z,301,15,0,4,0,0,1,1,1,1785542003
2026-07-31T23:53:45Z,302,22,1,0,1,0,1,1,1,1785541970
2026-07-31T23:53:45Z,303,3,0,16,0,0,1,1,1,1785541933
2026-07-31T23:53:45Z,304,0,0,0,0,0,0,1,1,86400
2026-07-31T23:53:45Z,305,5,0,13,1,0,1,1,1,1785542020
2026-07-31T23:53:45Z,306,4,0,27,1,0,1,1,1,1785541778
2026-07-31T23:53:45Z,307,13,1,10,0,0,1,1,1,1785541619
2026-07-31T23:53:45Z,308,12,2,5,2,0,1,1,1,1785541967
2026-07-31T23:53:45Z,309,6,0,8,0,0,1,1,1,1785541526
2026-07-31T23:53:45Z,311,10,1,5,0,0,1,1,1,1785541869
2026-07-31T23:53:45Z,312,4,4,16,3,0,1,1,1,1785541864
2026-07-31T23:53:45Z,313,2,0,13,0,0,1,1,1,1785541850
2026-07-31T23:53:45Z,314,9,1,8,2,0,1,1,1,1785541217
2026-07-31T23:53:45Z,315,10,9,18,3,0,1,1,1,1785541389
2026-07-31T23:53:45Z,316,6,1,19,5,1,1,1,1,1785541975
2026-07-31T23:53:45Z,317,21,13,9,0,1,1,1,1,1785541899
2026-07-31T23:53:45Z,318,19,4,0,0,0,1,1,1,1785540544
2026-07-31T23:53:45Z,319,2,0,18,3,0,1,1,1,1785541933
2026-07-31T23:53:45Z,320,3,1,15,1,0,1,1,1,1785541857
2026-07-31T23:53:45Z,321,3,0,12,4,0,1,1,1,1785541802
2026-07-31T23:53:45Z,322,19,0,10,0,0,1,1,1,1785541460
2026-07-31T23:53:45Z,323,2,0,15,2,0,1,1,1,1785541595
2026-07-31T23:53:45Z,324,19,2,7,1,0,1,1,1,1785542021
2026-07-31T23:53:45Z,325,1,1,24,2,0,1,1,1,1785541599
2026-07-31T23:53:45Z,327,18,1,7,2,0,1,1,1,1785541982
2026-07-31T23:53:45Z,328,17,0,5,0,0,1,1,1,1785541999
2026-07-31T23:53:45Z,329,10,1,6,3,0,1,1,1,1785541182
2026-07-31T23:53:45Z,330,21,0,0,1,0,1,1,1,1785541775
2026-07-31T23:53:45Z,331,17,1,5,1,0,1,1,1,1785541905
2026-07-31T23:53:45Z,332,3,1,13,3,0,1,1,1,1785541782
2026-07-31T23:53:45Z,333,2,0,19,2,0,1,1,1,1785541933
2026-07-31T23:53:45Z,334,1,0,21,1,0,1,1,1,1785541973
2026-07-31T23:53:45Z,335,0,0,22,0,1,1,1,1,1785541933
2026-07-31T23:53:45Z,336,2,0,17,0,0,1,1,1,1785541981
2026-07-31T23:53:45Z,337,2,2,17,4,0,1,1,1,1785542008
2026-07-31T23:53:45Z,338,6,2,13,0,0,1,1,1,1785541968
2026-07-31T23:53:45Z,339,10,3,11,2,0,1,1,1,1785541889
2026-07-31T23:53:45Z,340,5,2,9,1,0,1,1,1,1785541361
2026-07-31T23:53:45Z,341,8,3,11,0,0,1,1,1,1785541048
2026-07-31T23:53:45Z,342,2,0,13,0,0,1,1,1,1785541734
2026-07-31T23:53:45Z,343,1,1,20,2,0,1,1,1,1785541863
2026-07-31T23:53:45Z,344,6,1,16,1,0,1,1,1,1785541765
2026-07-31T23:53:45Z,345,14,4,5,0,0,1,1,1,1785541693
2026-07-31T23:53:45Z,346,2,1,21,0,0,1,1,1,1785540405
2026-07-31T23:53:45Z,347,19,4,22,3,0,1,1,1,1785542011
2026-07-31T23:53:45Z,348,4,0,17,1,1,1,1,1,1785542001
2026-07-31T23:53:45Z,349,9,2,10,0,0,1,1,1,1785542020
2026-07-31T23:53:45Z,350,0,0,25,1,1,1,1,1,1785541089
2026-07-31T23:53:45Z,351,11,2,10,2,0,1,1,1,1785541970
2026-07-31T23:53:45Z,355,5,1,18,0,0,1,1,1,1785541356
2026-07-31T23:53:45Z,356,2,0,17,0,0,1,1,1,1785541490
2026-07-31T23:53:45Z,357,7,3,10,2,0,1,1,1,1785542011
2026-07-31T23:53:45Z,358,23,1,3,1,0,1,1,1,1785541993
2026-07-31T23:53:45Z,359,9,1,18,0,0,1,1,1,1785541267
2026-07-31T23:53:45Z,360,1,1,18,0,0,1,1,1,1785541067
2026-07-31T23:53:45Z,362,2,2,14,3,0,1,1,1,1785541763
2026-07-31T23:53:45Z,363,23,0,4,0,0,1,1,1,1785541978
2026-07-31T23:53:45Z,364,0,0,18,1,0,1,1,1,1785541323
2026-07-31T23:53:45Z,365,0,0,20,3,0,1,1,1,1785541630
2026-07-31T23:53:45Z,366,4,4,18,1,0,1,1,1,1785542001
2026-07-31T23:53:45Z,367,3,3,13,3,0,1,1,1,1785542017
2026-07-31T23:53:45Z,368,2,2,20,1,0,1,1,1,1785540248
2026-07-31T23:53:45Z,370,1,1,26,0,0,1,1,1,1785542017
2026-07-31T23:53:45Z,371,3,1,15,1,0,1,1,1,1785541447
2026-07-31T23:53:45Z,372,9,0,6,0,0,1,1,1,1785541559
2026-07-31T23:53:45Z,373,4,2,22,1,0,1,1,1,1785542021
2026-07-31T23:53:45Z,374,12,5,6,1,0,1,1,1,1785541928
2026-07-31T23:53:45Z,375,2,0,24,1,0,1,1,1,1785542019
2026-07-31T23:53:45Z,376,2,0,36,1,0,1,1,1,1785541938
2026-07-31T23:53:45Z,377,0,0,24,3,0,1,1,1,1785540801
2026-07-31T23:53:45Z,378,1,0,22,0,1,1,1,1,1785541926
2026-07-31T23:53:45Z,379,25,0,0,2,0,1,1,1,1785541585
2026-07-31T23:53:45Z,380,0,0,22,1,0,1,1,1,1785541439
2026-07-31T23:53:45Z,381,15,0,8,0,0,1,1,1,1785541942
2026-07-31T23:53:45Z,383,3,1,10,2,0,1,1,1,1785541608
2026-07-31T23:53:45Z,384,4,1,20,3,0,1,1,1,1785541273
2026-07-31T23:53:45Z,385,0,0,17,1,0,1,1,1,1785540743
2026-07-31T23:53:45Z,387,2,1,21,0,0,1,1,1,1785541565
2026-07-31T23:53:45Z,388,30,1,14,5,0,1,1,1,1785541904
2026-07-31T23:53:45Z,389,8,3,6,1,0,1,1,1,1785540211
2026-07-31T23:53:45Z,390,14,3,21,0,0,1,1,1,1785541612
2026-07-31T23:53:45Z,391,5,3,10,0,0,1,1,1,1785541643
2026-07-31T23:53:45Z,392,2,2,15,2,0,1,1,1,1785542006
2026-07-31T23:53:45Z,393,8,6,0,3,0,1,1,1,1785541561
2026-07-31T23:53:45Z,394,5,2,6,2,0,1,1,1,1785541768
2026-07-31T23:53:45Z,396,5,3,37,0,0,1,1,1,1785541415
2026-07-31T23:53:45Z,397,7,7,24,0,0,1,1,1,1785540670
2026-07-31T23:53:45Z,399,3,1,12,2,0,1,1,1,1785541674
2026-07-31T23:53:45Z,400,16,9,5,2,0,1,1,1,1785542015
2026-07-31T23:53:45Z,401,5,2,26,8,0,1,1,1,1785541923
2026-07-31T23:53:45Z,403,15,6,12,4,0,1,1,1,1785541876
2026-07-31T23:53:45Z,404,4,2,18,1,0,1,1,1,1785541887
2026-07-31T23:53:45Z,406,15,5,18,2,0,1,1,1,1785542021
2026-07-31T23:53:45Z,407,15,4,18,1,0,1,1,1,1785541403
2026-07-31T23:53:45Z,408,1,1,29,3,0,1,1,1,1785541963
2026-07-31T23:53:45Z,409,10,0,9,4,0,1,1,1,1785541947
2026-07-31T23:53:45Z,413,8,3,14,1,0,1,1,1,1785541708
2026-07-31T23:53:45Z,414,13,0,2,0,0,1,1,1,1785541819
2026-07-31T23:53:45Z,417,1,1,18,0,0,1,1,1,1785541724
2026-07-31T23:53:45Z,418,2,2,13,0,0,1,1,1,1785537921
2026-07-31T23:53:45Z,419,13,1,10,0,0,1,1,1,1785540686
2026-07-31T23:53:45Z,421,18,0,1,0,0,1,1,1,1785542021
2026-07-31T23:53:45Z,422,12,0,15,0,0,1,1,1,1785541796
2026-07-31T23:53:45Z,423,3,0,20,0,0,1,1,1,1785541364
2026-07-31T23:53:45Z,424,1,1,11,3,0,1,1,1,1785541765
2026-07-31T23:53:45Z,425,14,0,6,1,1,1,1,1,1785542003
2026-07-31T23:53:45Z,426,0,0,35,2,0,1,1,1,1785542019
2026-07-31T23:53:45Z,427,12,2,1,2,0,1,1,1,1785541914
2026-07-31T23:53:45Z,428,17,0,0,2,0,1,1,1,1785541901
2026-07-31T23:53:45Z,429,19,0,3,1,0,1,1,1,1785541692
2026-07-31T23:53:45Z,430,11,0,19,1,0,1,1,1,1785541996
2026-07-31T23:53:45Z,431,2,0,30,1,0,1,1,1,1785541748
2026-07-31T23:53:45Z,432,0,0,30,1,0,0,1,1,1785508564
2026-07-31T23:53:45Z,433,10,2,9,4,0,1,1,1,1785541334
2026-07-31T23:53:45Z,437,4,3,14,1,0,1,1,1,1785541972
2026-07-31T23:53:45Z,438,4,1,14,1,0,1,1,1,1785541847
2026-07-31T23:53:45Z,439,9,5,6,0,0,1,1,1,1785541861
2026-07-31T23:53:45Z,440,7,2,7,1,0,1,1,1,1785541879
2026-07-31T23:53:45Z,441,4,1,8,3,0,1,1,1,1785541710
2026-07-31T23:53:45Z,442,9,2,9,1,0,1,1,1,1785541112
2026-07-31T23:53:45Z,443,6,2,21,0,0,1,1,1,1785537918
2026-07-31T23:53:45Z,444,2,1,21,0,0,1,1,1,1785540370
2026-07-31T23:53:45Z,445,6,2,16,1,0,1,1,1,1785541766
2026-07-31T23:53:45Z,446,0,0,23,0,0,1,1,1,1785539316
2026-07-31T23:53:45Z,447,4,0,17,1,1,1,1,1,1785538957
2026-07-31T23:53:45Z,448,7,0,7,1,0,1,1,1,1785539001
2026-07-31T23:53:45Z,452,5,3,13,1,0,1,1,1,1785542015
2026-07-31T23:53:45Z,453,4,0,6,5,0,1,1,1,1785541778
2026-07-31T23:53:45Z,454,6,0,13,0,0,1,1,1,1785541310
2026-07-31T23:53:45Z,455,20,3,19,0,0,1,1,1,1785541337
2026-07-31T23:53:45Z,456,0,0,19,1,0,1,1,1,1785542012
2026-07-31T23:53:45Z,457,1,1,24,2,0,1,1,1,1785540522
2026-07-31T23:53:45Z,458,13,4,8,2,0,1,1,1,1785541893
2026-07-31T23:53:45Z,459,12,0,3,0,0,1,1,1,1785542004
2026-07-31T23:53:45Z,460,11,0,12,0,0,1,1,1,1785541993
2026-07-31T23:53:45Z,461,6,0,12,1,0,1,1,1,1785541664
2026-07-31T23:53:45Z,462,19,1,2,0,0,1,1,1,1785542021
2026-07-31T23:53:45Z,463,5,0,14,0,0,1,1,1,1785541904
2026-07-31T23:53:45Z,464,6,0,8,0,0,1,1,1,1785541103
2026-07-31T23:53:45Z,465,3,2,12,0,0,1,1,1,1785541846
2026-07-31T23:53:45Z,466,9,3,1,5,0,1,1,1,1785541749
2026-07-31T23:53:45Z,467,3,0,16,0,0,1,1,1,1785541721
2026-07-31T23:53:45Z,468,3,0,15,1,0,1,1,1,1785540114
2026-07-31T23:53:45Z,469,7,0,14,2,0,1,1,1,1785541844
2026-07-31T23:53:45Z,470,3,2,10,2,0,1,1,1,1785541822
2026-07-31T23:53:45Z,471,21,1,6,0,0,1,1,1,1785539859
2026-07-31T23:53:45Z,472,7,6,11,1,0,1,1,1,1785541876
2026-07-31T23:53:45Z,473,6,0,13,0,0,1,1,1,1785540318
2026-07-31T23:53:45Z,474,6,0,11,2,0,1,1,1,1785541387
2026-07-31T23:53:45Z,475,0,0,18,1,0,1,1,1,1785540875
2026-07-31T23:53:45Z,477,2,1,13,0,0,1,1,1,1785541870
2026-07-31T23:53:45Z,478,27,0,4,0,0,1,1,1,1785542012
2026-07-31T23:53:45Z,479,2,0,23,2,0,1,1,1,1785541102
2026-07-31T23:53:45Z,480,8,2,6,1,0,1,1,1,1785541428
2026-07-31T23:53:45Z,481,11,0,23,1,0,1,1,1,1785541920
2026-07-31T23:53:45Z,482,0,0,18,1,0,1,1,1,1785541825
2026-07-31T23:53:45Z,483,10,0,15,2,0,1,1,1,1785541923
2026-07-31T23:53:45Z,484,2,0,16,1,0,1,1,1,1785542021
2026-07-31T23:53:45Z,485,14,5,4,0,1,1,1,1,1785541872
2026-07-31T23:53:45Z,486,3,0,22,2,0,1,1,1,1785541823
2026-07-31T23:53:45Z,487,9,6,8,2,0,1,1,1,1785541963
2026-07-31T23:53:45Z,489,0,0,15,0,0,1,1,1,1785540962
2026-07-31T23:53:45Z,490,15,1,0,1,0,1,1,1,1785541903
2026-07-31T23:53:45Z,491,9,3,11,1,0,1,1,1,1785540979
2026-07-31T23:53:45Z,492,3,1,5,3,0,1,1,1,1785542021
2026-07-31T23:53:45Z,493,19,0,8,0,0,1,1,1,1785539181
2026-07-31T23:53:45Z,495,11,0,3,1,0,1,1,1,1785541517
2026-07-31T23:53:45Z,496,8,0,19,0,0,1,1,1,1785541754
2026-07-31T23:53:45Z,497,1,1,17,0,0,1,1,1,1785541994
2026-07-31T23:53:45Z,498,3,1,20,0,0,1,1,1,1785541940
2026-07-31T23:53:45Z,499,5,0,13,1,0,1,1,1,1785540984
2026-07-31T23:53:45Z,500,3,1,9,3,0,1,1,1,1785541508
2026-07-31T23:53:45Z,501,7,1,13,1,0,1,1,1,1785541847
2026-07-31T23:53:45Z,502,2,0,15,2,0,1,1,1,1785541401
2026-07-31T23:53:45Z,503,8,0,22,1,0,1,1,1,1785541881
2026-07-31T23:53:45Z,504,3,1,34,2,0,1,1,1,1785541995
2026-07-31T23:53:45Z,505,7,1,4,1,0,1,1,1,1785542018
2026-07-31T23:53:45Z,511,2,2,20,1,0,1,1,1,1785541130
2026-07-31T23:53:45Z,512,18,0,9,0,0,1,1,1,1785541042
2026-07-31T23:53:45Z,514,2,1,8,1,0,1,1,1,1785540167
2026-07-31T23:53:45Z,515,6,3,13,0,0,1,1,1,1785541483
2026-07-31T23:53:45Z,516,17,0,9,1,0,1,1,1,1785541891
2026-07-31T23:53:45Z,517,4,0,19,0,0,1,1,1,1785540436
2026-07-31T23:53:45Z,518,6,0,8,1,0,1,1,1,1785539094
2026-07-31T23:53:45Z,519,5,4,13,1,0,1,1,1,1785538253
2026-07-31T23:53:45Z,520,21,7,0,5,1,1,1,1,1785542020
2026-07-31T23:53:45Z,521,5,3,18,0,0,1,1,1,1785541442
2026-07-31T23:53:45Z,522,19,0,2,2,0,1,1,1,1785541983
2026-07-31T23:53:45Z,523,13,6,8,2,0,1,1,1,1785541787
2026-07-31T23:53:45Z,524,21,0,2,0,0,1,1,1,1785541788
2026-07-31T23:53:45Z,525,14,1,5,0,0,1,1,1,1785540923
2026-07-31T23:53:45Z,526,6,3,9,0,0,1,1,1,1785540450
2026-07-31T23:53:45Z,527,13,13,12,1,0,1,1,1,1785541958
2026-07-31T23:53:45Z,528,18,4,4,1,0,1,1,1,1785541823
2026-07-31T23:53:45Z,529,7,5,6,6,0,1,1,1,1785542022
2026-07-31T23:53:45Z,530,16,0,2,3,0,1,1,1,1785541773
2026-07-31T23:53:45Z,531,9,0,13,0,1,1,1,1,1785541994
2026-07-31T23:53:45Z,532,11,1,18,2,0,1,1,1,1785541465
2026-07-31T23:53:45Z,533,12,0,6,1,0,1,1,1,1785540654
2026-07-31T23:53:45Z,534,4,2,19,0,0,1,1,1,1785541843
2026-07-31T23:53:45Z,535,3,0,12,0,0,1,1,1,1785541390
2026-07-31T23:53:45Z,536,15,0,8,0,0,1,1,1,1785541959
2026-07-31T23:53:45Z,537,9,0,11,0,0,1,1,1,1785541985
2026-07-31T23:53:45Z,538,12,1,10,0,1,1,1,1,1785541651
2026-07-31T23:53:45Z,539,16,0,12,3,0,1,1,1,1785541991
2026-07-31T23:53:45Z,540,9,0,10,0,0,1,1,1,1785542009
2026-07-31T23:53:45Z,541,6,0,21,0,0,1,1,1,1785541979
2026-07-31T23:53:45Z,542,3,0,20,0,0,1,1,1,1785541324
2026-07-31T23:53:45Z,543,2,2,17,0,0,1,1,1,1785541606
2026-07-31T23:53:45Z,544,1,1,17,4,0,1,1,1,1785541944
2026-07-31T23:53:45Z,545,14,1,3,2,0,1,1,1,1785541979
2026-07-31T23:53:45Z,546,2,1,17,0,0,1,1,1,1785541456
2026-07-31T23:53:45Z,547,13,2,11,1,0,1,1,1,1785541974
2026-07-31T23:53:45Z,548,14,1,9,0,0,1,1,1,1785540532
2026-07-31T23:53:45Z,549,10,0,13,0,0,1,1,1,1785541942
2026-07-31T23:53:45Z,550,13,10,6,0,0,1,1,1,1785541601
2026-07-31T23:53:45Z,551,2,2,21,0,0,1,1,1,1785540311
2026-07-31T23:53:45Z,552,6,3,21,0,0,1,1,1,1785541415
2026-07-31T23:53:45Z,553,0,0,23,0,0,1,1,1,1785541552
2026-07-31T23:53:45Z,554,1,1,18,0,0,1,1,1,1785542018
2026-07-31T23:53:45Z,555,9,1,5,1,0,1,1,1,1785541941
2026-07-31T23:53:45Z,556,2,0,19,2,0,1,1,1,1785541984
2026-07-31T23:53:45Z,557,5,0,16,2,0,1,1,1,1785541894
2026-07-31T23:53:45Z,558,20,14,16,1,0,1,1,1,1785541946
2026-07-31T23:53:45Z,559,4,0,14,1,0,1,1,1,1785541604
2026-07-31T23:53:45Z,560,12,0,15,0,0,1,1,1,1785541365
2026-07-31T23:53:45Z,561,3,1,17,3,0,1,1,1,1785541727
2026-07-31T23:53:45Z,562,8,1,21,6,0,1,1,1,1785541731
2026-07-31T23:53:45Z,563,2,0,12,0,0,1,1,1,1785541614
2026-07-31T23:53:45Z,564,4,2,12,3,0,1,1,1,1785541772
2026-07-31T23:53:45Z,565,2,1,16,1,0,1,1,1,1785541607
2026-07-31T23:53:45Z,566,15,2,3,1,0,1,1,1,1785541993
2026-07-31T23:53:45Z,567,23,0,0,4,0,1,1,1,1785541780
2026-07-31T23:53:45Z,568,9,2,9,1,0,1,1,1,1785541787
2026-07-31T23:53:45Z,569,12,2,7,0,0,1,1,1,1785540009
2026-07-31T23:53:45Z,570,5,0,14,0,0,1,1,1,1785541979
2026-07-31T23:53:45Z,571,10,0,13,0,0,1,1,1,1785541851
2026-07-31T23:53:45Z,572,1,0,18,0,0,1,1,1,1785541914
2026-07-31T23:53:45Z,573,15,2,0,0,0,1,1,1,1785541553
2026-07-31T23:53:45Z,574,5,3,10,0,0,1,1,1,1785540551
2026-07-31T23:53:45Z,575,0,0,20,1,0,1,1,1,1785540398
2026-07-31T23:53:45Z,576,0,0,19,0,0,1,1,1,1785537344
2026-07-31T23:53:45Z,577,30,0,1,0,0,1,1,1,1785541431
2026-07-31T23:53:45Z,578,2,0,20,1,0,1,1,1,1785541653
2026-07-31T23:53:45Z,579,15,0,28,0,0,1,1,1,1785541519
2026-07-31T23:53:45Z,580,1,1,28,0,0,1,1,1,1785541963
2026-07-31T23:53:45Z,581,12,0,7,0,0,1,1,1,1785541557
2026-07-31T23:53:45Z,582,26,1,33,2,0,1,1,1,1785542009
2026-07-31T23:53:45Z,583,3,1,19,1,0,1,1,1,1785541510
2026-07-31T23:53:45Z,584,1,1,14,4,0,1,1,1,1785541311
2026-07-31T23:53:45Z,585,17,0,8,1,1,1,1,1,1785542018
2026-07-31T23:53:45Z,586,21,1,14,0,0,1,1,1,1785542012
2026-07-31T23:53:45Z,587,12,0,11,1,0,1,1,1,1785541641
2026-07-31T23:53:45Z,588,11,2,5,2,1,1,1,1,1785541962
2026-07-31T23:53:45Z,589,8,5,13,1,0,1,1,1,1785542020
2026-07-31T23:53:45Z,590,16,3,15,0,0,1,1,1,1785541938
2026-07-31T23:53:45Z,591,4,1,24,2,0,1,1,1,1785541722
2026-07-31T23:53:45Z,592,7,1,16,0,0,1,1,1,1785541804
2026-07-31T23:53:45Z,593,14,0,24,0,0,1,1,1,1785540593
2026-07-31T23:53:45Z,594,8,1,10,3,0,1,1,1,1785542021
2026-07-31T23:53:45Z,595,0,0,3,0,0,0,1,1,1784046673
2026-07-31T23:53:45Z,605,0,0,2,1,0,0,1,1,1783975843
2026-07-31T23:53:45Z,606,0,0,0,0,0,0,1,1,86400
2026-07-31T23:53:45Z,607,1,1,29,2,0,1,1,1,1785541744
2026-07-31T23:53:45Z,608,26,1,24,0,0,1,1,1,1785541939
2026-07-31T23:53:45Z,609,2,2,20,1,0,1,1,1,1785541850
2026-07-31T23:53:45Z,610,0,0,35,0,0,1,1,1,1785541213
2026-07-31T23:53:45Z,611,9,0,16,2,0,1,1,1,1785541656
2026-07-31T23:53:45Z,612,9,2,6,0,0,1,1,1,1785541140
2026-07-31T23:53:45Z,613,12,4,0,3,0,1,1,1,1785530289
2026-07-31T23:53:45Z,614,4,0,20,2,1,1,1,1,1785541429
2026-07-31T23:53:45Z,617,11,0,3,1,0,1,1,1,1785541274
2026-07-31T23:53:45Z,618,12,0,1,6,0,1,1,1,1785540570
2026-07-31T23:53:45Z,619,16,7,3,0,0,1,1,1,1785541832
2026-07-31T23:53:45Z,620,9,0,18,0,0,1,1,1,1785541640
2026-07-31T23:53:45Z,621,5,0,18,0,0,1,1,1,1785542019
2026-07-31T23:53:45Z,622,1,0,21,1,0,1,1,1,1785542021
2026-07-31T23:53:45Z,623,17,6,13,0,0,1,1,1,1785541976
2026-07-31T23:53:45Z,624,2,0,13,0,0,1,1,1,1785540388
2026-07-31T23:53:45Z,625,15,2,2,4,0,1,1,1,1785541903
2026-07-31T23:53:45Z,626,35,0,10,0,2,1,1,1,1785542015
2026-07-31T23:53:45Z,627,19,5,0,0,0,1,1,1,1785541963
2026-07-31T23:53:45Z,628,3,1,13,2,1,1,1,1,1785541472
2026-07-31T23:53:45Z,629,3,1,6,2,0,1,1,1,1785541999
2026-07-31T23:53:45Z,630,2,1,21,4,0,1,1,1,1785541797
2026-07-31T23:53:45Z,631,12,3,10,1,0,1,1,1,1785541977
2026-07-31T23:53:45Z,632,15,1,6,2,0,1,1,1,1785541423
2026-07-31T23:53:45Z,633,10,3,2,3,0,1,1,1,1785541632
2026-07-31T23:53:45Z,634,9,2,9,1,0,1,1,1,1785541958
2026-07-31T23:53:45Z,635,18,2,1,0,0,1,1,1,1785540365
2026-07-31T23:53:45Z,636,5,1,9,1,0,1,1,1,1785540643
2026-07-31T23:53:45Z,637,7,3,10,2,0,1,1,1,1785540637
2026-07-31T23:53:45Z,638,6,1,11,2,0,1,1,1,1785541579
2026-07-31T23:53:45Z,639,12,2,5,2,0,1,1,1,1785539600
2026-07-31T23:53:45Z,640,4,4,17,2,0,1,1,1,1785541863
2026-07-31T23:53:45Z,641,17,0,10,0,0,1,1,1,1785542015
2026-07-31T23:53:45Z,642,5,4,6,8,0,1,1,1,1785542022
2026-07-31T23:53:45Z,643,1,0,18,8,0,1,1,1,1785542019
2026-07-31T23:53:45Z,644,13,1,1,1,0,1,1,1,1785533615
2026-07-31T23:53:45Z,645,18,1,2,3,0,1,1,1,1785540861
2026-07-31T23:53:45Z,646,3,1,16,0,0,1,1,1,1785541967
2026-07-31T23:53:45Z,647,3,2,28,0,0,1,1,1,1785541770
2026-07-31T23:53:45Z,648,0,0,18,1,0,1,1,1,1785540303
2026-07-31T23:53:45Z,649,12,0,17,2,0,1,1,1,1785541703
2026-07-31T23:53:45Z,650,6,1,8,0,0,1,1,1,1785540994
2026-07-31T23:53:45Z,651,10,5,12,1,0,1,1,1,1785541356
2026-07-31T23:53:45Z,652,3,2,16,4,0,1,1,1,1785541846
2026-07-31T23:53:45Z,653,1,1,18,0,0,1,1,1,1785541876
2026-07-31T23:53:45Z,654,4,1,11,0,0,1,1,1,1785540379
2026-07-31T23:53:45Z,655,8,4,0,4,1,1,1,1,1785541777
2026-07-31T23:53:45Z,656,2,2,17,0,0,1,1,1,1785542020
2026-07-31T23:53:45Z,657,8,4,5,2,2,1,1,1,1785541806
2026-07-31T23:53:45Z,658,9,1,1,0,0,1,1,1,1785537787
2026-07-31T23:53:45Z,659,7,5,6,2,0,1,1,1,1785542019
2026-07-31T23:53:45Z,660,11,2,15,5,0,1,1,1,1785541837
2026-07-31T23:53:45Z,661,9,1,10,0,0,1,1,1,1785541309
2026-07-31T23:53:45Z,662,4,2,15,4,0,1,1,1,1785541555
2026-07-31T23:53:45Z,663,3,0,12,0,0,1,1,1,1785541557
2026-07-31T23:53:45Z,664,7,1,19,1,0,1,1,1,1785541942
2026-07-31T23:53:45Z,665,11,5,4,0,0,1,1,1,1785541814
2026-07-31T23:53:45Z,666,10,3,3,2,0,1,1,1,1785540293
2026-07-31T23:53:45Z,667,2,1,15,2,0,1,1,1,1785541891
2026-07-31T23:53:45Z,668,17,3,2,0,0,1,1,1,1785541940
2026-07-31T23:53:45Z,669,10,3,2,2,0,1,1,1,1785541919
2026-07-31T23:53:45Z,670,16,0,9,2,0,1,1,1,1785540571
2026-07-31T23:53:45Z,671,27,0,0,0,0,1,1,1,1785541260
2026-07-31T23:53:45Z,672,2,0,18,2,1,1,1,1,1785541233
2026-07-31T23:53:45Z,673,18,1,4,1,0,1,1,1,1785541982
2026-07-31T23:53:45Z,674,0,0,21,2,0,1,1,1,1785542005
2026-07-31T23:53:45Z,675,5,1,8,2,0,1,1,1,1785541713
2026-07-31T23:53:45Z,676,7,1,13,2,0,1,1,1,1785541785
2026-07-31T23:53:45Z,681,13,6,1,0,1,1,1,1,1785541986
2026-07-31T23:53:45Z,682,6,1,13,0,0,1,1,1,1785538950
2026-07-31T23:53:45Z,683,1,1,18,0,0,1,1,1,1785527602
2026-07-31T23:53:45Z,684,3,0,24,0,0,1,1,1,1785540780
2026-07-31T23:53:45Z,685,8,0,17,1,1,1,1,1,1785539631
2026-07-31T23:53:45Z,686,11,0,13,3,0,1,1,1,1785541850
2026-07-31T23:53:45Z,687,13,1,16,1,1,1,1,1,1785541877
2026-07-31T23:53:45Z,688,9,1,10,0,0,1,1,1,1785537082
2026-07-31T23:53:45Z,692,0,0,21,0,0,1,1,1,1785540260
2026-07-31T23:53:45Z,693,6,0,2,3,0,1,1,1,1785541495
2026-07-31T23:53:45Z,694,8,4,13,0,0,1,1,1,1785541573
2026-07-31T23:53:45Z,695,5,3,17,1,0,1,1,1,1785541660
2026-07-31T23:53:45Z,696,22,14,0,1,0,1,1,1,1785542016
2026-07-31T23:53:45Z,697,22,6,1,0,0,1,1,1,1785541599
2026-07-31T23:53:45Z,698,23,4,4,0,0,1,1,1,1785541998
2026-07-31T23:53:45Z,699,5,0,9,1,0,1,1,1,1785541895
2026-07-31T23:53:45Z,700,19,1,0,0,0,1,1,1,1785541865
2026-07-31T23:53:45Z,701,13,1,5,1,0,1,1,1,1785541529
2026-07-31T23:53:45Z,702,2,0,21,0,0,1,1,1,1785541822
2026-07-31T23:53:45Z,704,3,0,11,1,0,1,1,1,1785541896
2026-07-31T23:53:45Z,705,2,0,13,0,0,1,1,1,1785540329
2026-07-31T23:53:45Z,706,4,1,9,2,0,1,1,1,1785541457
2026-07-31T23:53:45Z,707,6,1,9,0,0,1,1,1,1785542018
2026-07-31T23:53:45Z,708,11,4,8,0,0,1,1,1,1785541874
2026-07-31T23:53:45Z,709,6,0,8,1,0,1,1,1,1785542014
2026-07-31T23:53:45Z,710,1,0,17,1,0,1,1,1,1785541555
2026-07-31T23:53:45Z,711,11,0,9,3,0,1,1,1,1785541663
2026-07-31T23:53:45Z,712,5,4,8,2,0,1,1,1,1785541487
2026-07-31T23:53:45Z,713,7,4,16,0,0,1,1,1,1785540823
2026-07-31T23:53:45Z,716,4,3,11,0,0,1,1,1,1785541810
2026-07-31T23:53:45Z,717,1,1,22,2,0,1,1,1,1785541953
2026-07-31T23:53:45Z,718,5,0,9,1,0,1,1,1,1785541678
2026-07-31T23:53:45Z,719,5,0,24,0,0,1,1,1,1785541142
2026-07-31T23:53:45Z,720,0,0,19,0,0,1,1,1,1785540258
2026-07-31T23:53:45Z,721,15,1,6,2,0,1,1,1,1785541639
2026-07-31T23:53:45Z,722,7,1,8,0,0,1,1,1,1785541853
2026-07-31T23:53:45Z,723,13,1,10,0,0,1,1,1,1785541036
2026-07-31T23:53:45Z,724,4,1,18,1,0,1,1,1,1785542014
2026-07-31T23:53:45Z,725,8,2,15,0,0,1,1,1,1785541958
2026-07-31T23:53:45Z,726,9,1,9,1,0,1,1,1,1785541681
2026-07-31T23:53:45Z,727,9,5,13,1,0,1,1,1,1785541124
2026-07-31T23:53:45Z,728,9,0,5,1,0,1,1,1,1785540626
2026-07-31T23:53:45Z,729,10,2,9,0,0,1,1,1,1785541836
2026-07-31T23:53:45Z,730,0,0,12,3,0,1,1,1,1785541161
2026-07-31T23:53:45Z,731,2,2,11,2,0,1,1,1,1785540311
2026-07-31T23:53:45Z,732,4,3,11,0,0,1,1,1,1785541320
2026-07-31T23:53:45Z,733,26,1,1,0,0,1,1,1,1785541759
2026-07-31T23:53:45Z,734,0,0,14,0,0,1,1,1,1785541197
2026-07-31T23:53:45Z,735,14,8,13,0,0,1,1,1,1785542012
2026-07-31T23:53:45Z,736,11,0,8,0,0,1,1,1,1785541337
2026-07-31T23:53:45Z,737,3,1,11,0,1,1,1,1,1785541199
2026-07-31T23:53:45Z,738,16,3,3,0,0,1,1,1,1785541394
2026-07-31T23:53:45Z,739,17,0,9,1,0,1,1,1,1785540522
2026-07-31T23:53:45Z,741,5,0,18,0,0,1,1,1,1785540640
2026-07-31T23:53:45Z,742,13,10,20,2,0,1,1,1,1785541926
2026-07-31T23:53:45Z,743,5,3,14,0,0,1,1,1,1785541293
2026-07-31T23:53:45Z,744,10,3,5,0,0,1,1,1,1785541574
2026-07-31T23:53:45Z,745,11,4,8,0,0,1,1,1,1785541036
2026-07-31T23:53:45Z,746,16,0,7,0,0,1,1,1,1785541890
2026-07-31T23:53:45Z,747,0,0,4,0,0,0,1,1,1783446606
2026-07-31T23:53:45Z,748,7,0,16,0,0,1,1,1,1785541908
2026-07-31T23:53:45Z,749,0,0,23,0,0,1,1,1,1785541825
2026-07-31T23:53:45Z,750,11,7,0,0,0,1,1,1,1785541964
2026-07-31T23:53:45Z,751,17,16,6,0,0,1,1,1,1785541687
2026-07-31T23:53:45Z,752,2,0,14,1,0,1,1,1,1785541641
2026-07-31T23:53:45Z,753,9,0,4,2,0,1,1,1,1785541964
2026-07-31T23:53:45Z,754,5,1,10,0,0,1,1,1,1785541522
2026-07-31T23:53:45Z,755,14,4,7,2,0,1,1,1,1785541782
2026-07-31T23:53:45Z,756,3,3,33,1,0,1,1,1,1785541258
2026-07-31T23:53:45Z,757,4,2,15,0,0,1,1,1,1785541858
2026-07-31T23:53:45Z,758,7,6,16,0,0,1,1,1,1785541987
2026-07-31T23:53:45Z,759,0,0,0,0,0,1,1,1,86400
2026-07-31T23:53:45Z,760,8,2,11,0,0,1,1,1,1785540991
2026-07-31T23:53:45Z,761,6,1,17,0,0,1,1,1,1785541291
2026-07-31T23:53:45Z,762,4,2,6,5,0,1,1,1,1785540356
2026-07-31T23:53:45Z,768,7,0,8,4,0,1,1,1,1785541481
2026-07-31T23:53:45Z,769,16,8,2,1,0,1,1,1,1785541898
2026-07-31T23:53:45Z,770,9,2,8,2,0,1,1,1,1785540889
2026-07-31T23:53:45Z,771,12,1,2,1,0,1,1,1,1785540288
2026-07-31T23:53:45Z,772,0,0,15,0,0,1,1,1,1785541760
2026-07-31T23:53:45Z,773,17,4,2,0,0,1,1,1,1785540749
2026-07-31T23:53:45Z,774,5,0,6,4,0,1,1,1,1785541996
2026-07-31T23:53:45Z,775,5,1,12,1,1,1,1,1,1785541846
2026-07-31T23:53:45Z,776,2,0,18,1,0,1,1,1,1785541115
2026-07-31T23:53:45Z,777,13,2,2,0,0,1,1,1,1785541880
2026-07-31T23:53:45Z,778,13,0,6,0,0,1,1,1,1785540736
2026-07-31T23:53:45Z,779,11,0,7,1,0,1,1,1,1785541826
2026-07-31T23:53:45Z,780,3,0,16,0,0,1,1,1,1785541948
2026-07-31T23:53:45Z,781,4,1,5,2,0,1,1,1,1785541405
2026-07-31T23:53:45Z,782,0,0,15,4,0,1,1,1,1785540529
2026-07-31T23:53:45Z,783,6,3,13,0,0,1,1,1,1785541570
2026-07-31T23:53:45Z,784,10,2,9,0,0,1,1,1,1785541753
2026-07-31T23:53:45Z,785,9,2,4,6,0,1,1,1,1785541853
2026-07-31T23:53:45Z,786,5,3,13,1,0,1,1,1,1785541470
2026-07-31T23:53:45Z,787,5,3,9,1,0,1,1,1,1785541019
2026-07-31T23:53:45Z,788,5,1,10,0,0,1,1,1,1785542016
2026-07-31T23:53:45Z,789,7,2,4,4,0,1,1,1,1785540438
2026-07-31T23:53:45Z,790,4,2,18,1,0,1,1,1,1785540974
2026-07-31T23:53:45Z,791,8,1,10,0,1,1,1,1,1785542017
2026-07-31T23:53:45Z,793,3,0,11,1,0,1,1,1,1785541515
2026-07-31T23:53:45Z,794,3,1,24,2,0,1,1,1,1785541246
2026-07-31T23:53:45Z,796,5,3,13,1,0,1,1,1,1785540463
2026-07-31T23:53:45Z,797,10,1,5,0,0,1,1,1,1785541002
2026-07-31T23:53:45Z,798,17,1,7,1,0,1,1,1,1785541041
2026-07-31T23:53:45Z,799,15,2,0,4,0,1,1,1,1785540426
2026-07-31T23:53:45Z,800,4,2,16,1,0,1,1,1,1785541893
2026-07-31T23:53:45Z,801,1,1,19,1,0,1,1,1,1785542021
2026-07-31T23:53:45Z,802,8,0,23,0,0,1,1,1,1785540716
2026-07-31T23:53:45Z,803,2,0,13,0,0,1,1,1,1785542018
2026-07-31T23:53:45Z,806,5,3,9,1,0,1,1,1,1785541584
2026-07-31T23:53:45Z,807,2,1,21,2,0,1,1,1,1785541264
2026-07-31T23:53:45Z,808,1,1,21,3,0,1,1,1,1785541044
2026-07-31T23:53:45Z,809,4,1,18,1,0,1,1,1,1785540472
2026-07-31T23:53:45Z,810,3,1,14,2,0,1,1,1,1785540837
2026-07-31T23:53:45Z,815,0,0,10,4,1,1,1,1,1785541881
2026-07-31T23:53:45Z,817,11,5,4,0,0,1,1,1,1785541563
2026-07-31T23:53:45Z,818,5,1,17,1,0,1,1,1,1785541113
2026-07-31T23:53:45Z,819,5,3,10,0,0,1,1,1,1785537833
2026-07-31T23:53:45Z,820,11,1,6,0,0,1,1,1,1785541429
2026-07-31T23:53:45Z,821,6,3,9,0,0,1,1,1,1785540530
2026-07-31T23:53:45Z,822,7,0,15,1,0,1,1,1,1785542017
2026-07-31T23:53:45Z,823,9,0,6,0,0,1,1,1,1785541850
2026-07-31T23:53:45Z,824,17,5,1,1,0,1,1,1,1785541719
2026-07-31T23:53:45Z,825,7,6,8,0,0,1,1,1,1785538987
2026-07-31T23:53:45Z,826,8,0,9,2,0,1,1,1,1785541439
2026-07-31T23:53:45Z,827,14,4,5,2,0,1,1,1,1785541399
2026-07-31T23:53:45Z,828,11,0,6,1,0,1,1,1,1785541615
2026-07-31T23:53:45Z,829,19,7,8,0,0,1,1,1,1785541769
2026-07-31T23:53:45Z,830,17,0,5,1,0,1,1,1,1785540942
2026-07-31T23:53:45Z,831,5,3,8,2,0,1,1,1,1785541776
2026-07-31T23:53:45Z,832,8,3,7,3,0,1,1,1,1785541999
2026-07-31T23:53:45Z,833,4,1,14,1,0,1,1,1,1785541716
2026-07-31T23:53:45Z,834,11,0,12,1,0,1,1,1,1785542008
2026-07-31T23:53:45Z,835,4,1,11,3,0,1,1,1,1785542014
2026-07-31T23:53:45Z,838,6,4,7,2,0,1,1,1,1785541977
2026-07-31T23:53:45Z,839,7,0,20,2,0,1,1,1,1785541748
2026-07-31T23:53:45Z,840,1,0,27,1,0,1,1,1,1785541366
2026-07-31T23:53:45Z,841,8,2,7,0,0,1,1,1,1785541759
2026-07-31T23:53:45Z,842,2,1,21,0,0,1,1,1,1785541713
2026-07-31T23:53:45Z,843,14,2,17,0,0,1,1,1,1785541970
2026-07-31T23:53:45Z,844,4,0,19,0,0,1,1,1,1785540210
2026-07-31T23:53:45Z,845,5,3,12,2,0,1,1,1,1785540236
2026-07-31T23:53:45Z,846,4,2,13,2,0,1,1,1,1785541839
2026-07-31T23:53:45Z,847,7,1,20,0,0,1,1,1,1785541116
2026-07-31T23:53:45Z,848,5,2,13,1,0,1,1,1,1785541497
2026-07-31T23:53:45Z,849,7,0,7,1,0,1,1,1,1785540992
2026-07-31T23:53:45Z,850,10,1,1,0,0,1,1,1,1785541901
2026-07-31T23:53:45Z,851,1,1,33,3,0,1,1,1,1785541849
2026-07-31T23:53:45Z,852,13,6,6,0,0,1,1,1,1785541721
2026-07-31T23:53:45Z,853,11,5,12,0,0,1,1,1,1785540908
2026-07-31T23:53:45Z,854,2,1,13,0,0,1,1,1,1785540840
2026-07-31T23:53:45Z,855,22,0,5,0,0,1,1,1,1785541609
2026-07-31T23:53:45Z,857,6,4,11,2,0,1,1,1,1785541925
2026-07-31T23:53:45Z,858,5,2,13,1,0,1,1,1,1785540813
2026-07-31T23:53:45Z,859,10,1,10,1,0,1,1,1,1785541030
2026-07-31T23:53:45Z,861,6,0,4,1,0,1,1,1,1785528609
2026-07-31T23:53:45Z,862,3,2,12,0,0,1,1,1,1785541804
2026-07-31T23:53:45Z,863,14,1,4,1,0,1,1,1,1785534680
2026-07-31T23:53:45Z,866,12,1,7,0,0,1,1,1,1785541586
2026-07-31T23:53:45Z,867,14,2,1,0,0,1,1,1,1785541406
2026-07-31T23:53:45Z,868,7,0,8,0,0,1,1,1,1785541668
2026-07-31T23:53:45Z,870,8,4,7,0,0,1,1,1,1785541898
2026-07-31T23:53:45Z,871,0,0,10,1,0,1,1,1,1785541209
2026-07-31T23:53:45Z,872,1,0,13,1,0,1,1,1,1785541802
2026-07-31T23:53:45Z,873,3,0,28,2,0,1,1,1,1785541135
2026-07-31T23:53:45Z,874,7,3,5,3,0,1,1,1,1785541934
2026-07-31T23:53:45Z,875,13,9,1,1,0,1,1,1,1785541118
2026-07-31T23:53:45Z,877,12,11,6,1,0,1,1,1,1785541511
2026-07-31T23:53:45Z,878,3,3,16,0,0,1,1,1,1785540263
2026-07-31T23:53:45Z,879,1,0,18,0,0,1,1,1,1785541113
2026-07-31T23:53:45Z,880,2,1,20,1,0,1,1,1,1785541562
2026-07-31T23:53:45Z,881,3,0,16,0,0,1,1,1,1785541946
2026-07-31T23:53:45Z,882,10,4,8,1,0,1,1,1,1785540148
2026-07-31T23:53:45Z,883,8,3,11,0,0,1,1,1,1785540308
2026-07-31T23:53:45Z,884,9,6,12,0,0,1,1,1,1785541541
2026-07-31T23:53:45Z,885,0,0,19,0,0,1,1,1,1785541747
2026-07-31T23:53:45Z,886,1,0,26,2,0,1,1,1,1785542017
2026-07-31T23:53:45Z,887,5,0,8,4,0,1,1,1,1785540655
2026-07-31T23:53:45Z,888,26,2,13,2,0,1,1,1,1785541997
2026-07-31T23:53:45Z,889,9,0,8,2,0,1,1,1,1785542003
2026-07-31T23:53:45Z,890,5,2,10,0,0,1,1,1,1785540679
2026-07-31T23:53:45Z,891,18,1,4,1,0,1,1,1,1785541294
2026-07-31T23:53:45Z,892,10,0,5,0,0,1,1,1,1785536903
2026-07-31T23:53:45Z,895,1,0,18,0,0,1,1,1,1785541250
2026-07-31T23:53:45Z,896,6,2,29,0,0,1,1,1,1785541874
2026-07-31T23:53:45Z,897,15,0,6,0,0,1,1,1,1785541982
2026-07-31T23:53:45Z,898,2,0,17,0,0,1,1,1,1785541649
2026-07-31T23:53:45Z,899,17,0,0,2,0,1,1,1,1785541987
2026-07-31T23:53:45Z,900,5,0,21,1,0,1,1,1,1785541793
2026-07-31T23:53:45Z,901,2,0,16,1,0,1,1,1,1785541753
2026-07-31T23:53:45Z,902,4,1,11,0,0,1,1,1,1785541544
2026-07-31T23:53:45Z,903,8,1,11,0,0,1,1,1,1785541155
2026-07-31T23:53:45Z,904,10,4,8,1,0,1,1,1,1785540241
2026-07-31T23:53:45Z,905,16,4,10,1,0,1,1,1,1785541868
2026-07-31T23:53:45Z,906,12,10,15,0,0,1,1,1,1785541681
2026-07-31T23:53:45Z,907,12,0,17,2,0,1,1,1,1785541744
2026-07-31T23:53:45Z,908,11,1,12,0,0,1,1,1,1785540943
2026-07-31T23:53:45Z,909,2,2,21,0,0,1,1,1,1785542018
2026-07-31T23:53:45Z,910,28,0,2,1,0,1,1,1,1785542017
2026-07-31T23:53:45Z,911,2,1,17,0,0,1,1,1,1785541582
2026-07-31T23:53:45Z,912,8,1,14,1,0,1,1,1,1785541832
2026-07-31T23:53:45Z,913,5,3,14,0,0,1,1,1,1785540768
2026-07-31T23:53:45Z,914,6,0,10,3,0,1,1,1,1785541907
2026-07-31T23:53:45Z,915,9,3,11,3,0,1,1,1,1785541955
2026-07-31T23:53:45Z,916,4,0,19,0,0,1,1,1,1785541825
2026-07-31T23:53:45Z,917,5,0,29,1,0,1,1,1,1785542012
2026-07-31T23:53:45Z,918,2,2,15,2,0,1,1,1,1785541961
2026-07-31T23:53:45Z,919,13,0,26,0,0,1,1,1,1785541966
2026-07-31T23:53:45Z,920,6,1,12,1,0,1,1,1,1785541739
2026-07-31T23:53:45Z,921,15,1,6,0,0,1,1,1,1785541755
2026-07-31T23:53:45Z,922,1,0,20,0,0,1,1,1,1785541975
2026-07-31T23:53:45Z,923,5,5,14,0,0,1,1,1,1785541974
2026-07-31T23:53:45Z,924,6,1,14,1,0,1,1,1,1785540944
2026-07-31T23:53:45Z,925,11,0,10,0,0,1,1,1,1785540458
2026-07-31T23:53:45Z,926,2,0,19,0,0,1,1,1,1785540524
2026-07-31T23:53:45Z,927,17,2,18,0,0,1,1,1,1785541214
2026-07-31T23:53:45Z,928,0,0,19,0,0,0,1,1,1785500252
2026-07-31T23:53:45Z,929,1,0,20,2,0,1,1,1,1785541494
2026-07-31T23:53:45Z,930,22,0,8,1,0,1,1,1,1785541976
2026-07-31T23:53:45Z,931,4,3,18,1,0,1,1,1,1785542000
2026-07-31T23:53:45Z,932,11,0,4,4,0,1,1,1,1785542014
2026-07-31T23:53:45Z,933,14,4,6,3,0,1,1,1,1785541609
2026-07-31T23:53:45Z,934,24,0,5,2,0,1,1,1,1785541933
2026-07-31T23:53:45Z,935,16,0,1,2,0,1,1,1,1785541317
2026-07-31T23:53:45Z,936,3,0,16,0,0,1,1,1,1785541835
2026-07-31T23:53:45Z,940,4,0,6,1,0,1,1,1,1785541645
2026-07-31T23:53:45Z,941,19,3,3,3,0,1,1,1,1785541945
2026-07-31T23:53:45Z,942,14,4,7,0,0,1,1,1,1785541255
2026-07-31T23:53:45Z,943,8,8,7,0,0,1,1,1,1785541880
2026-07-31T23:53:45Z,944,10,8,5,0,0,1,1,1,1785541733
2026-07-31T23:53:45Z,945,7,5,8,0,0,1,1,1,1785541257
2026-07-31T23:53:45Z,946,7,5,12,0,0,1,1,1,1785523835
2026-07-31T23:53:45Z,947,5,3,12,0,0,1,1,1,1785541755
2026-07-31T23:53:45Z,948,9,8,18,4,0,1,1,1,1785541808
2026-07-31T23:53:45Z,949,2,2,13,0,0,1,1,1,1785541851
2026-07-31T23:53:45Z,950,3,0,13,1,0,1,1,1,1785541771
2026-07-31T23:53:45Z,951,15,6,8,0,0,1,1,1,1785540924
2026-07-31T23:53:45Z,952,31,3,22,2,0,1,1,1,1785541969
2026-07-31T23:53:45Z,953,6,1,8,1,0,1,1,1,1785541840
2026-07-31T23:53:45Z,954,8,0,11,0,0,1,1,1,1785541904
2026-07-31T23:53:45Z,955,9,9,12,6,0,1,1,1,1785541278
2026-07-31T23:53:45Z,956,21,1,0,2,0,1,1,1,1785541847
2026-07-31T23:53:45Z,957,26,3,2,1,0,1,1,1,1785541919
2026-07-31T23:53:45Z,958,31,1,0,0,0,1,1,1,1785541671
2026-07-31T23:53:45Z,959,2,1,20,1,0,1,1,1,1785541998
2026-07-31T23:53:45Z,960,5,3,18,0,0,1,1,1,1785542011
2026-07-31T23:53:45Z,961,3,1,17,3,0,1,1,1,1785541546
2026-07-31T23:53:45Z,962,10,0,22,3,0,1,1,1,1785541148
2026-07-31T23:53:45Z,963,21,1,1,1,0,1,1,1,1785541931
2026-07-31T23:53:45Z,964,11,8,11,1,0,1,1,1,1785541981
2026-07-31T23:53:45Z,965,13,6,13,1,0,1,1,1,1785541786
2026-07-31T23:53:45Z,966,29,6,0,2,0,1,1,1,1785542005
2026-07-31T23:53:45Z,967,18,2,1,2,0,1,1,1,1785541944
2026-07-31T23:53:45Z,968,5,0,14,0,0,1,1,1,1785541776
2026-07-31T23:53:45Z,969,4,1,21,2,0,1,1,1,1785541719
2026-07-31T23:53:45Z,970,1,0,17,1,0,1,1,1,1785541941
2026-07-31T23:53:45Z,971,0,0,22,1,0,1,1,1,1785541002
2026-07-31T23:53:45Z,972,10,4,12,1,0,1,1,1,1785541776
2026-07-31T23:53:45Z,973,10,3,12,1,0,1,1,1,1785541914
2026-07-31T23:53:45Z,974,10,0,17,0,0,1,1,1,1785541839
2026-07-31T23:53:45Z,977,3,3,16,2,0,1,1,1,1785542013
2026-07-31T23:53:45Z,978,19,1,4,0,0,1,1,1,1785541119
2026-07-31T23:53:45Z,979,4,1,13,0,0,1,1,1,1785540792
2026-07-31T23:53:45Z,980,6,0,14,1,0,1,1,1,1785541481
2026-07-31T23:53:45Z,981,12,1,9,0,0,1,1,1,1785541829
2026-07-31T23:53:45Z,982,3,0,14,2,0,1,1,1,1785541816
2026-07-31T23:53:45Z,983,2,2,21,0,0,1,1,1,1785540474
2026-07-31T23:53:45Z,984,5,0,18,0,0,1,1,1,1785541652
2026-07-31T23:53:45Z,985,4,0,26,1,0,1,1,1,1785541817
2026-07-31T23:53:45Z,986,4,0,15,0,0,1,1,1,1785541818
2026-07-31T23:53:45Z,987,6,0,17,0,0,1,1,1,1785540590
2026-07-31T23:53:45Z,988,4,2,14,1,0,1,1,1,1785541994
2026-07-31T23:53:45Z,989,7,4,12,0,0,1,1,1,1785540973
2026-07-31T23:53:45Z,990,13,1,1,1,0,1,1,1,1785541974
2026-07-31T23:53:45Z,991,8,0,10,1,0,1,1,1,1785541738
2026-07-31T23:53:45Z,992,9,5,14,0,0,1,1,1,1785540807
2026-07-31T23:53:45Z,993,4,4,22,1,0,1,1,1,1785541093
2026-07-31T23:53:45Z,994,0,0,21,0,0,1,1,1,1785541918
2026-07-31T23:53:45Z,995,8,3,19,0,0,1,1,1,1785540346
2026-07-31T23:53:45Z,996,7,2,16,0,0,1,1,1,1785541913
2026-07-31T23:53:45Z,997,15,7,8,0,0,1,1,1,1785541889
2026-07-31T23:53:45Z,998,6,4,17,0,0,1,1,1,1785541682
2026-07-31T23:53:45Z,999,4,1,15,1,1,1,1,1,1785542014
2026-07-31T23:53:45Z,1000,0,0,21,0,0,1,1,1,1785540887
2026-07-31T23:53:45Z,1001,5,3,22,0,0,1,1,1,1785540428
2026-07-31T23:53:45Z,1002,1,0,29,1,0,1,1,1,1785540461
2026-07-31T23:53:45Z,1003,3,2,20,0,0,1,1,1,1785541801
2026-07-31T23:53:45Z,1004,8,2,15,0,0,1,1,1,1785541296
2026-07-31T23:53:45Z,1005,20,1,3,0,0,1,1,1,1785541992
2026-07-31T23:53:45Z,1006,8,4,11,0,0,1,1,1,1785541791
2026-07-31T23:53:45Z,1007,3,1,18,0,0,1,1,1,1785541437
2026-07-31T23:53:45Z,1008,8,7,15,0,0,1,1,1,1785540981
2026-07-31T23:53:45Z,1009,22,5,8,1,0,1,1,1,1785541086
2026-07-31T23:53:45Z,1010,7,2,20,0,0,1,1,1,1785541715
2026-07-31T23:53:45Z,1011,7,2,10,2,0,1,1,1,1785540347
2026-07-31T23:53:45Z,1012,5,3,16,2,0,1,1,1,1785541765
2026-07-31T23:53:45Z,1013,4,1,18,1,0,1,1,1,1785540512
2026-07-31T23:53:45Z,1014,8,3,14,1,0,1,1,1,1785541709
2026-07-31T23:53:45Z,1015,4,3,26,1,0,1,1,1,1785540838
2026-07-31T23:53:45Z,1016,10,5,21,0,0,1,1,1,1785541738
2026-07-31T23:53:45Z,1017,13,5,8,0,0,1,1,1,1785541155
2026-07-31T23:53:45Z,1018,6,2,16,0,0,1,1,1,1785541843
2026-07-31T23:53:45Z,1019,8,5,7,0,0,1,1,1,1785541693
2026-07-31T23:53:45Z,1020,19,5,2,0,0,1,1,1,1785541019
2026-07-31T23:53:45Z,1021,9,4,6,0,0,1,1,1,1785540681
2026-07-31T23:53:45Z,1022,14,0,13,0,0,1,1,1,1785541985
2026-07-31T23:53:45Z,1023,14,2,9,0,0,1,1,1,1785541602
2026-07-31T23:53:45Z,1024,3,1,16,0,0,1,1,1,1785540741
2026-07-31T23:53:45Z,1025,3,0,15,0,1,1,1,1,1785541975
2026-07-31T23:53:45Z,1026,10,8,19,2,0,1,1,1,1785541345
2026-07-31T23:53:45Z,1028,3,1,20,0,0,1,1,1,1785541939
2026-07-31T23:53:45Z,1029,11,9,4,0,0,1,1,1,1785540993
2026-07-31T23:53:45Z,1030,13,4,10,0,0,1,1,1,1785540819
2026-07-31T23:53:45Z,1031,9,1,10,0,0,1,1,1,1785541116
2026-07-31T23:53:45Z,1032,7,1,12,0,0,1,1,1,1785541786
2026-07-31T23:53:45Z,1033,10,6,9,0,0,1,1,1,1785540801
2026-07-31T23:53:45Z,1034,3,0,12,0,0,1,1,1,1785541761
2026-07-31T23:53:45Z,1035,1,0,17,1,0,1,1,1,1785541787
2026-07-31T23:53:45Z,1036,12,0,3,0,0,1,1,1,1785540839
2026-07-31T23:53:45Z,1037,3,2,16,0,0,1,1,1,1785542008
2026-07-31T23:53:45Z,1038,2,0,13,0,0,1,1,1,1785541787
2026-07-31T23:53:45Z,1039,6,0,13,0,0,1,1,1,1785541937
2026-07-31T23:53:45Z,1040,8,5,11,0,0,1,1,1,1785541845
2026-07-31T23:53:45Z,1041,11,2,8,0,0,1,1,1,1785541708
2026-07-31T23:53:45Z,1042,3,0,11,1,0,1,1,1,1785542005
2026-07-31T23:53:45Z,1043,8,3,11,0,0,1,1,1,1785541871
2026-07-31T23:53:45Z,1044,4,3,11,0,0,1,1,1,1785541504
2026-07-31T23:53:45Z,1045,7,0,12,0,0,1,1,1,1785541773
2026-07-31T23:53:45Z,1046,9,0,6,0,0,1,1,1,1785541137
2026-07-31T23:53:45Z,1047,4,2,17,0,0,1,1,1,1785540746
2026-07-31T23:53:45Z,1048,4,2,15,0,0,1,1,1,1785541749
2026-07-31T23:53:45Z,1049,2,1,19,0,0,1,1,1,1785541863
2026-07-31T23:53:45Z,1050,19,3,2,0,0,1,1,1,1785541151
2026-07-31T23:53:45Z,1051,8,4,13,0,0,1,1,1,1785541079
2026-07-31T23:53:45Z,1052,17,1,4,1,0,1,1,1,1785541655
2026-07-31T23:53:45Z,1053,2,1,13,0,0,1,1,1,1785541643
2026-07-31T23:53:45Z,1054,7,2,8,0,0,1,1,1,1785541890
2026-07-31T23:53:45Z,1055,8,0,11,0,0,1,1,1,1785541921
2026-07-31T23:53:45Z,1057,1,0,18,0,0,1,1,1,1785542019
2026-07-31T23:53:45Z,1058,4,0,52,0,0,1,1,1,1785541574
2026-07-31T23:53:45Z,1059,6,2,12,1,0,1,1,1,1785541763
2026-07-31T23:53:45Z,1060,17,1,19,1,0,1,1,1,1785541346
2026-07-31T23:53:45Z,1061,23,2,13,1,0,1,1,1,1785541961
2026-07-31T23:53:45Z,1062,14,0,3,0,0,1,1,1,1785540605
2026-07-31T23:53:45Z,1063,12,1,6,1,0,1,1,1,1785541830
2026-07-31T23:53:45Z,1064,6,0,16,1,0,1,1,1,1785541416
2026-07-31T23:53:45Z,1065,13,3,10,0,0,1,1,1,1785541039
2026-07-31T23:53:45Z,1066,12,3,11,0,0,1,1,1,1785540455
2026-07-31T23:53:45Z,1067,7,1,14,2,0,1,1,1,1785540732
2026-07-31T23:53:45Z,1068,6,2,14,3,0,1,1,1,1785540281
2026-07-31T23:53:45Z,1069,12,3,11,0,0,1,1,1,1785540270
2026-07-31T23:53:45Z,1070,12,2,11,0,0,1,1,1,1785540374
2026-07-31T23:53:45Z,1071,8,4,15,0,0,1,1,1,1785540412
2026-07-31T23:53:45Z,1072,11,1,11,1,0,1,1,1,1785540645
2026-07-31T23:53:45Z,1073,5,0,21,1,0,1,1,1,1785541569
2026-07-31T23:53:45Z,1074,24,1,28,1,0,1,1,1,1785541717
2026-07-31T23:53:45Z,1075,8,8,13,0,0,1,1,1,1785541124
2026-07-31T23:53:45Z,1076,13,10,8,0,0,1,1,1,1785541594
2026-07-31T23:53:45Z,1077,13,8,8,0,0,1,1,1,1785540927
2026-07-31T23:53:45Z,1078,9,8,12,0,0,1,1,1,1785541079
2026-07-31T23:53:45Z,1079,12,8,9,0,0,1,1,1,1785541697
2026-07-31T23:53:45Z,1080,12,9,7,2,0,1,1,1,1785541625
2026-07-31T23:53:45Z,1081,11,6,8,0,0,1,1,1,1785541656
2026-07-31T23:53:45Z,1082,11,9,11,1,0,1,1,1,1785541697
2026-07-31T23:53:45Z,1083,12,11,9,0,0,1,1,1,1785541968
2026-07-31T23:53:45Z,1084,9,7,12,0,0,1,1,1,1785541582
2026-07-31T23:53:45Z,1085,12,9,9,0,0,1,1,1,1785541308
2026-07-31T23:53:45Z,1086,10,9,10,1,0,1,1,1,1785542001
2026-07-31T23:53:45Z,1087,9,7,6,0,0,1,1,1,1785541053
2026-07-31T23:53:45Z,1088,8,7,7,0,0,1,1,1,1785541831
2026-07-31T23:53:45Z,1089,9,7,6,0,0,1,1,1,1785541463
2026-07-31T23:53:45Z,1090,8,7,7,0,0,1,1,1,1785541319
2026-07-31T23:53:45Z,1091,6,4,9,0,0,1,1,1,1785540960
2026-07-31T23:53:45Z,1092,8,7,7,0,0,1,1,1,1785540345
2026-07-31T23:53:45Z,1093,5,5,9,1,0,1,1,1,1785541020
2026-07-31T23:53:45Z,1094,10,9,9,0,0,1,1,1,1785541782
2026-07-31T23:53:45Z,1095,10,8,5,0,0,1,1,1,1785541750
2026-07-31T23:53:45Z,1096,13,8,6,0,0,1,1,1,1785541576
2026-07-31T23:53:45Z,1097,8,8,7,0,0,1,1,1,1785540530
2026-07-31T23:53:45Z,1098,10,7,9,0,0,1,1,1,1785541390
2026-07-31T23:53:45Z,1099,7,6,8,0,0,1,1,1,1785541616
2026-07-31T23:53:45Z,1100,6,4,23,0,0,1,1,1,1785532207
2026-07-31T23:53:45Z,1101,8,3,13,0,0,1,1,1,1785541549
2026-07-31T23:53:45Z,1102,9,4,4,0,0,1,1,1,1785540734
2026-07-31T23:53:45Z,1103,11,5,10,0,0,1,1,1,1785503681
2026-07-31T23:53:45Z,1104,11,6,10,0,0,1,1,1,1785541301
2026-07-31T23:53:45Z,1105,8,4,5,0,0,1,1,1,1785540615
2026-07-31T23:53:45Z,1106,10,5,11,0,0,1,1,1,1785541641
2026-07-31T23:53:45Z,1107,8,4,7,0,0,1,1,1,1785541874
2026-07-31T23:53:45Z,1108,8,4,16,2,1,1,1,1,1785540678
2026-07-31T23:53:45Z,1109,7,3,8,0,0,1,1,1,1785541812
2026-07-31T23:53:45Z,1110,11,3,10,0,0,1,1,1,1785541163
2026-07-31T23:53:45Z,1111,12,3,8,1,0,1,1,1,1785541345
2026-07-31T23:53:45Z,1112,30,4,23,0,0,1,1,1,1785541786
2026-07-31T23:53:45Z,1113,0,0,21,0,0,1,1,1,1785541071
2026-07-31T23:53:45Z,1115,16,2,3,4,0,1,1,1,1785540671
2026-07-31T23:53:45Z,1116,7,1,12,0,0,1,1,1,1785542011
2026-07-31T23:53:45Z,1117,5,0,17,1,0,1,1,1,1785541814
2026-07-31T23:53:45Z,1118,16,2,4,1,0,1,1,1,1785541994
2026-07-31T23:53:45Z,1119,8,2,9,0,0,1,1,1,1785541985
2026-07-31T23:53:45Z,1120,6,0,12,1,0,1,1,1,1785541897
2026-07-31T23:53:45Z,1121,10,1,10,1,0,1,1,1,1785541799
2026-07-31T23:53:45Z,1122,8,3,12,1,0,1,1,1,1785541872
2026-07-31T23:53:45Z,1123,14,7,7,2,0,1,1,1,1785541922
2026-07-31T23:53:45Z,1124,5,1,9,1,0,1,1,1,1785541751
2026-07-31T23:53:45Z,1125,17,1,6,0,0,1,1,1,1785540373
2026-07-31T23:53:45Z,1126,4,1,17,0,0,1,1,1,1785541647
2026-07-31T23:53:45Z,1127,1,0,18,0,0,1,1,1,1785541946
2026-07-31T23:53:45Z,1128,3,0,12,0,0,1,1,1,1785541767
2026-07-31T23:53:45Z,1129,0,0,19,2,0,1,1,1,1785541942
2026-07-31T23:53:45Z,1130,15,0,0,0,0,1,1,1,1785540484
2026-07-31T23:53:45Z,1131,2,0,46,1,0,1,1,1,1785541290
2026-07-31T23:53:45Z,1132,10,1,10,1,0,1,1,1,1785541943
2026-07-31T23:53:45Z,1133,0,0,19,2,0,1,1,1,1785541625
2026-07-31T23:53:45Z,1134,12,6,7,0,0,1,1,1,1785540505
2026-07-31T23:53:45Z,1135,12,6,9,0,0,1,1,1,1785541447
2026-07-31T23:53:45Z,1136,13,1,10,0,0,1,1,1,1785541220
2026-07-31T23:53:45Z,1137,10,1,5,0,0,1,1,1,1785541685
2026-07-31T23:53:45Z,1138,5,0,14,0,0,1,1,1,1785541890
2026-07-31T23:53:45Z,1139,11,3,9,1,0,1,1,1,1785541597
2026-07-31T23:53:45Z,1140,1,0,19,3,0,1,1,1,1785541781
2026-07-31T23:53:45Z,1141,18,2,0,3,0,1,1,1,1785541714
2026-07-31T23:53:45Z,1142,2,0,19,0,0,1,1,1,1785541429
2026-07-31T23:53:45Z,1143,25,2,2,2,0,1,1,1,1785541747
2026-07-31T23:53:45Z,1144,8,0,12,1,0,1,1,1,1785540898
2026-07-31T23:53:45Z,1145,11,5,9,1,0,1,1,1,1785540406
2026-07-31T23:53:45Z,1146,6,1,9,4,0,1,1,1,1785541971
2026-07-31T23:53:45Z,1147,19,1,0,0,0,1,1,1,1785541727
2026-07-31T23:53:45Z,1148,2,1,29,0,0,1,1,1,1785542012
2026-07-31T23:53:45Z,1149,2,1,18,5,0,1,1,1,1785542009
2026-07-31T23:53:45Z,1150,0,0,19,0,0,1,1,1,1785541812
2026-07-31T23:53:45Z,1151,8,0,13,0,0,1,1,1,1785540655
2026-07-31T23:53:45Z,1152,7,1,22,0,0,1,1,1,1785541857
2026-07-31T23:53:45Z,1153,21,4,1,1,0,1,1,1,1785540729
2026-07-31T23:53:45Z,1154,6,1,13,0,0,1,1,1,1785541193
2026-07-31T23:53:45Z,1155,6,5,11,4,0,1,1,1,1785542002
2026-07-31T23:53:45Z,1158,3,1,16,0,0,1,1,1,1785541691
2026-07-31T23:53:45Z,1159,13,2,6,0,0,1,1,1,1785541151
2026-07-31T23:53:45Z,1160,6,2,13,0,0,1,1,1,1785540904
2026-07-31T23:53:45Z,1161,3,0,15,1,0,1,1,1,1785540375
2026-07-31T23:53:45Z,1162,4,0,15,0,0,1,1,1,1785540633
2026-07-31T23:53:45Z,1163,2,1,16,1,0,1,1,1,1785541813
2026-07-31T23:53:45Z,1164,5,1,14,0,0,1,1,1,1785541868
2026-07-31T23:53:45Z,1165,1,0,20,0,0,1,1,1,1785540803
2026-07-31T23:53:45Z,1166,13,3,7,1,0,1,1,1,1785540358
2026-07-31T23:53:45Z,1167,4,0,11,0,0,1,1,1,1785541531
2026-07-31T23:53:45Z,1168,2,0,19,2,0,1,1,1,1785540848
2026-07-31T23:53:45Z,1169,3,0,15,1,0,1,1,1,1785541715
2026-07-31T23:53:45Z,1170,6,1,15,0,0,1,1,1,1785541454
2026-07-31T23:53:45Z,1171,7,7,16,0,0,1,1,1,1785541828
2026-07-31T23:53:45Z,1172,6,0,7,2,0,1,1,1,1785541869
2026-07-31T23:53:45Z,1173,13,4,6,0,0,1,1,1,1785541975
2026-07-31T23:53:45Z,1174,4,0,11,0,0,1,1,1,1785541609
2026-07-31T23:53:45Z,1175,4,2,15,0,0,1,1,1,1785535612
2026-07-31T23:53:45Z,1176,8,2,13,0,0,1,1,1,1785541207
2026-07-31T23:53:45Z,1177,2,1,19,0,0,1,1,1,1785541157
2026-07-31T23:53:45Z,1178,5,2,10,0,0,1,1,1,1785541523
2026-07-31T23:53:45Z,1181,10,1,4,1,0,1,1,1,1785541770
2026-07-31T23:53:45Z,1182,20,6,0,0,0,1,1,1,1785541961
2026-07-31T23:53:45Z,1183,2,0,41,2,0,1,1,1,1785542005
2026-07-31T23:53:45Z,1184,11,8,5,5,0,1,1,1,1785541504
2026-07-31T23:53:45Z,1185,10,6,11,0,0,1,1,1,1785541277
2026-07-31T23:53:45Z,1186,9,5,10,0,0,1,1,1,1785540429
2026-07-31T23:53:45Z,1187,10,5,10,1,0,1,1,1,1785540644
2026-07-31T23:53:45Z,1188,10,5,5,0,0,1,1,1,1785541872
2026-07-31T23:53:45Z,1189,8,3,11,0,0,1,1,1,1785542008
2026-07-31T23:53:45Z,1190,9,4,12,0,0,1,1,1,1785541429
2026-07-31T23:53:45Z,1191,10,5,5,0,0,1,1,1,1785541872
2026-07-31T23:53:45Z,1192,11,7,9,1,0,1,1,1,1785541794
2026-07-31T23:53:45Z,1193,6,4,5,2,0,1,1,1,1785540832
2026-07-31T23:53:45Z,1197,9,6,7,1,0,1,1,1,1785540839
2026-07-31T23:53:45Z,1198,13,4,6,2,0,1,1,1,1785540501
2026-07-31T23:53:45Z,1199,3,0,16,0,0,1,1,1,1785540500
2026-07-31T23:53:45Z,1200,7,4,8,0,0,1,1,1,1785541913
2026-07-31T23:53:45Z,1201,9,4,6,0,0,1,1,1,1785541884
2026-07-31T23:53:45Z,1202,11,6,4,0,0,1,1,1,1785541984
2026-07-31T23:53:45Z,1203,12,5,3,0,0,1,1,1,1785541893
2026-07-31T23:53:45Z,1204,7,4,12,0,0,1,1,1,1785541673
2026-07-31T23:53:45Z,1206,10,5,11,0,0,1,1,1,1785541512
2026-07-31T23:53:45Z,1207,8,4,6,1,0,1,1,1,1785540388
2026-07-31T23:53:45Z,1208,10,4,9,0,0,1,1,1,1785540340
2026-07-31T23:53:45Z,1216,9,0,11,1,0,1,1,1,1785541132
2026-07-31T23:53:45Z,1218,2,0,19,0,0,1,1,1,1785541531
2026-07-31T23:53:45Z,1219,2,1,10,3,0,1,1,1,1785541809
2026-07-31T23:53:45Z,1220,16,6,3,0,0,1,1,1,1785541179
2026-07-31T23:53:45Z,1221,1,1,19,1,0,1,1,1,1785540885
2026-07-31T23:53:45Z,1222,29,2,0,0,0,1,1,1,1785541968
2026-07-31T23:53:45Z,1223,23,2,5,1,0,1,1,1,1785541999
2026-07-31T23:53:45Z,1226,0,0,3,0,0,0,1,1,1781868931
2026-07-31T23:53:45Z,1227,4,0,20,1,0,1,1,1,1785541517
2026-07-31T23:53:45Z,1228,1,1,27,1,0,1,1,1,1785541567
2026-07-31T23:53:45Z,1229,39,0,5,1,0,1,1,1,1785541970
2026-07-31T23:58:45Z,1,20,1,3,0,0,1,1,1,1785542322
2026-07-31T23:58:45Z,2,16,0,8,3,0,1,1,1,1785542309
2026-07-31T23:58:45Z,3,6,0,7,1,0,1,1,1,1785542055
2026-07-31T23:58:45Z,4,20,0,1,1,0,1,1,1,1785541377
2026-07-31T23:58:45Z,5,17,4,3,3,0,1,1,1,1785541677
2026-07-31T23:58:45Z,6,4,1,11,0,0,1,1,1,1785540275
2026-07-31T23:58:45Z,7,10,1,29,0,0,1,1,1,1785542291
2026-07-31T23:58:45Z,8,11,0,32,0,0,1,1,1,1785541851
2026-07-31T23:58:45Z,9,11,1,12,0,0,1,1,1,1785542188
2026-07-31T23:58:45Z,10,5,2,15,3,0,1,1,1,1785542162
2026-07-31T23:58:45Z,11,3,2,15,1,0,1,1,1,1785542302
2026-07-31T23:58:45Z,12,5,1,18,0,0,1,1,1,1785542024
2026-07-31T23:58:45Z,13,17,0,12,1,0,1,1,1,1785542279
2026-07-31T23:58:45Z,14,33,0,9,0,1,1,1,1,1785542160
2026-07-31T23:58:45Z,15,11,0,4,0,0,1,1,1,1785541988
2026-07-31T23:58:45Z,16,7,0,17,2,1,1,1,1,1785542145
2026-07-31T23:58:45Z,17,25,1,1,1,0,1,1,1,1785542208
2026-07-31T23:58:45Z,18,6,0,10,2,0,1,1,1,1785542111
2026-07-31T23:58:45Z,19,13,0,13,1,0,1,1,1,1785542293
2026-07-31T23:58:45Z,20,29,0,6,0,0,1,1,1,1785542164
2026-07-31T23:58:45Z,21,13,0,3,3,0,1,1,1,1785542041
2026-07-31T23:58:45Z,22,20,0,45,0,0,1,1,1,1785542321
2026-07-31T23:58:45Z,23,25,7,6,0,0,1,1,1,1785542008
2026-07-31T23:58:45Z,24,5,0,5,1,0,1,1,1,1785542316
2026-07-31T23:58:45Z,25,56,1,22,3,0,1,1,1,1785542274
2026-07-31T23:58:45Z,26,1,0,26,0,0,1,1,1,1785541644
2026-07-31T23:58:45Z,28,8,0,7,0,0,1,1,1,1785542280
2026-07-31T23:58:45Z,30,20,0,7,2,0,1,1,1,1785541437
2026-07-31T23:58:45Z,31,14,0,4,1,0,1,1,1,1785542178
2026-07-31T23:58:45Z,32,16,1,11,0,0,1,1,1,1785541999
2026-07-31T23:58:45Z,34,12,1,25,0,0,1,1,1,1785541770
2026-07-31T23:58:45Z,35,39,0,8,0,0,1,1,1,1785542277
2026-07-31T23:58:45Z,36,0,0,0,0,0,0,1,1,86400
2026-07-31T23:58:45Z,37,8,2,14,1,0,1,1,1,1785542251
2026-07-31T23:58:45Z,38,8,2,15,0,0,1,1,1,1785542125
2026-07-31T23:58:45Z,39,13,0,26,0,0,1,1,1,1785542103
2026-07-31T23:58:45Z,40,5,0,16,0,0,1,1,1,1785542220
2026-07-31T23:58:45Z,41,18,0,25,0,0,1,1,1,1785541807
2026-07-31T23:58:45Z,42,5,3,26,0,0,1,1,1,1785541983
2026-07-31T23:58:45Z,43,11,3,12,0,0,1,1,1,1785542212
2026-07-31T23:58:45Z,45,1,0,28,0,0,1,1,1,1785539388
2026-07-31T23:58:45Z,46,1,0,28,2,0,1,1,1,1785541855
2026-07-31T23:58:45Z,47,6,3,8,1,0,1,1,1,1785541367
2026-07-31T23:58:45Z,48,13,0,14,0,0,1,1,1,1785542125
2026-07-31T23:58:45Z,49,0,0,19,4,0,1,1,1,1785542319
2026-07-31T23:58:45Z,50,3,3,14,2,0,1,1,1,1785541971
2026-07-31T23:58:45Z,51,24,0,53,0,0,1,1,1,1785542090
2026-07-31T23:58:45Z,52,5,1,19,3,0,1,1,1,1785542289
2026-07-31T23:58:45Z,55,2,1,20,1,0,1,1,1,1785542242
2026-07-31T23:58:45Z,56,11,1,32,0,0,1,1,1,1785542233
2026-07-31T23:58:45Z,57,23,2,4,0,0,1,1,1,1785542297
2026-07-31T23:58:45Z,58,9,0,19,0,0,1,1,1,1785542167
2026-07-31T23:58:45Z,59,2,1,23,2,0,1,1,1,1785542278
2026-07-31T23:58:45Z,61,28,0,11,0,0,1,1,1,1785542204
2026-07-31T23:58:45Z,62,16,7,33,0,0,1,1,1,1785541906
2026-07-31T23:58:45Z,63,5,3,14,0,0,1,1,1,1785541375
2026-07-31T23:58:45Z,64,10,1,5,4,0,1,1,1,1785535815
2026-07-31T23:58:45Z,65,8,4,10,1,0,1,1,1,1785540492
2026-07-31T23:58:45Z,67,2,0,37,0,0,1,1,1,1785542125
2026-07-31T23:58:45Z,68,32,0,4,1,0,1,1,1,1785541344
2026-07-31T23:58:45Z,69,2,1,13,0,0,1,1,1,1785542160
2026-07-31T23:58:45Z,71,7,3,18,2,0,1,1,1,1785542092
2026-07-31T23:58:45Z,72,24,3,4,2,1,1,1,1,1785541853
2026-07-31T23:58:45Z,73,1,0,30,0,0,1,1,1,1785542277
2026-07-31T23:58:45Z,74,1,1,18,0,0,1,1,1,1785541449
2026-07-31T23:58:45Z,75,4,0,27,1,0,1,1,1,1785541598
2026-07-31T23:58:45Z,76,4,0,14,1,0,1,1,1,1785542320
2026-07-31T23:58:45Z,77,18,0,8,1,0,1,1,1,1785542172
2026-07-31T23:58:45Z,78,1,1,22,0,0,1,1,1,1785542104
2026-07-31T23:58:45Z,79,0,0,16,1,0,1,1,1,1785540916
2026-07-31T23:58:45Z,80,18,1,2,3,0,1,1,1,1785542239
2026-07-31T23:58:45Z,81,8,1,23,0,0,1,1,1,1785542274
2026-07-31T23:58:45Z,82,11,11,11,1,0,1,1,1,1785540997
2026-07-31T23:58:45Z,83,4,0,29,1,0,1,1,1,1785542113
2026-07-31T23:58:45Z,84,17,3,10,0,0,1,1,1,1785542244
2026-07-31T23:58:45Z,85,10,0,5,0,0,1,1,1,1785542282
2026-07-31T23:58:45Z,86,9,3,18,0,0,1,1,1,1785541929
2026-07-31T23:58:45Z,87,0,0,19,0,0,1,1,1,1785533075
2026-07-31T23:58:45Z,88,23,2,19,1,0,1,1,1,1785541874
2026-07-31T23:58:45Z,89,15,0,20,0,0,1,1,1,1785541944
2026-07-31T23:58:45Z,90,16,0,1,1,0,1,1,1,1785542306
2026-07-31T23:58:45Z,91,10,0,7,0,0,1,1,1,1785542304
2026-07-31T23:58:45Z,92,7,2,9,3,0,1,1,1,1785542203
2026-07-31T23:58:45Z,93,6,0,15,2,0,1,1,1,1785542237
2026-07-31T23:58:45Z,94,12,0,6,1,0,1,1,1,1785542248
2026-07-31T23:58:45Z,95,8,1,25,1,1,1,1,1,1785542313
2026-07-31T23:58:45Z,96,18,4,12,1,0,1,1,1,1785542232
2026-07-31T23:58:45Z,97,7,0,9,1,0,1,1,1,1785542308
2026-07-31T23:58:45Z,98,24,5,10,1,0,1,1,1,1785542305
2026-07-31T23:58:45Z,99,15,0,0,0,0,1,1,1,1785541430
2026-07-31T23:58:45Z,100,16,0,11,0,0,1,1,1,1785541670
2026-07-31T23:58:45Z,101,9,2,5,1,0,1,1,1,1785542229
2026-07-31T23:58:45Z,102,20,0,2,1,0,1,1,1,1785542273
2026-07-31T23:58:45Z,103,22,0,8,0,0,1,1,1,1785542317
2026-07-31T23:58:45Z,104,10,0,15,2,0,1,1,1,1785542317
2026-07-31T23:58:45Z,105,18,0,1,0,0,1,1,1,1785542019
2026-07-31T23:58:45Z,106,18,0,2,1,0,1,1,1,1785538929
2026-07-31T23:58:45Z,107,22,1,15,0,0,1,1,1,1785542292
2026-07-31T23:58:45Z,108,22,3,11,2,0,1,1,1,1785542320
2026-07-31T23:58:45Z,109,2,0,21,0,0,1,1,1,1785542259
2026-07-31T23:58:45Z,110,18,0,5,0,0,1,1,1,1785542085
2026-07-31T23:58:45Z,111,6,0,30,0,0,1,1,1,1785541906
2026-07-31T23:58:45Z,112,0,0,14,1,0,1,1,1,1785541960
2026-07-31T23:58:45Z,113,3,0,15,1,0,1,1,1,1785542317
2026-07-31T23:58:45Z,114,8,3,20,2,1,1,1,1,1785542278
2026-07-31T23:58:45Z,115,17,10,6,5,0,1,1,1,1785542253
2026-07-31T23:58:45Z,116,15,9,12,0,0,1,1,1,1785541693
2026-07-31T23:58:45Z,118,19,1,1,3,0,1,1,1,1785540956
2026-07-31T23:58:45Z,119,0,0,36,2,0,1,1,1,1785541866
2026-07-31T23:58:45Z,120,2,0,24,1,0,1,1,1,1785541745
2026-07-31T23:58:45Z,121,4,2,13,1,1,1,1,1,1785542316
2026-07-31T23:58:45Z,122,15,2,3,3,0,1,1,1,1785542300
2026-07-31T23:58:45Z,123,10,0,37,0,0,1,1,1,1785542317
2026-07-31T23:58:45Z,124,12,4,23,0,0,1,1,1,1785542027
2026-07-31T23:58:45Z,125,0,0,23,0,0,1,1,1,1785541803
2026-07-31T23:58:45Z,126,11,2,20,0,0,1,1,1,1785542190
2026-07-31T23:58:45Z,127,18,2,16,1,0,1,1,1,1785542145
2026-07-31T23:58:45Z,128,11,6,8,0,0,1,1,1,1785542201
2026-07-31T23:58:45Z,129,1,1,15,3,0,1,1,1,1785542102
2026-07-31T23:58:45Z,130,9,0,8,0,0,1,1,1,1785541786
2026-07-31T23:58:45Z,131,6,1,4,1,0,1,1,1,1785541598
2026-07-31T23:58:45Z,132,12,3,2,0,1,1,1,1,1785542067
2026-07-31T23:58:45Z,134,16,0,3,4,0,1,1,1,1785542052
2026-07-31T23:58:45Z,135,7,4,10,2,0,1,1,1,1785542231
2026-07-31T23:58:45Z,136,3,1,1,15,4,1,1,1,1785542253
2026-07-31T23:58:45Z,137,7,4,12,0,0,1,1,1,1785542303
2026-07-31T23:58:45Z,138,30,5,7,0,0,1,1,1,1785542270
2026-07-31T23:58:45Z,139,9,3,10,0,0,1,1,1,1785542224
2026-07-31T23:58:45Z,140,3,1,18,2,0,1,1,1,1785542322
2026-07-31T23:58:45Z,141,7,4,29,0,0,1,1,1,1785542168
2026-07-31T23:58:45Z,142,18,1,5,0,0,1,1,1,1785542315
2026-07-31T23:58:45Z,143,15,0,16,0,0,1,1,1,1785542099
2026-07-31T23:58:45Z,144,12,0,14,1,0,1,1,1,1785542064
2026-07-31T23:58:45Z,146,6,1,16,1,0,1,1,1,1785542238
2026-07-31T23:58:45Z,147,4,3,13,2,0,1,1,1,1785542218
2026-07-31T23:58:45Z,148,6,3,19,2,0,1,1,1,1785542248
2026-07-31T23:58:45Z,149,3,1,24,0,0,1,1,1,1785541876
2026-07-31T23:58:45Z,150,5,0,26,4,0,1,1,1,1785542311
2026-07-31T23:58:45Z,151,1,1,22,0,0,1,1,1,1785542320
2026-07-31T23:58:45Z,152,1,1,22,3,0,1,1,1,1785542287
2026-07-31T23:58:45Z,153,3,0,23,2,0,1,1,1,1785542247
2026-07-31T23:58:45Z,154,4,1,15,4,0,1,1,1,1785542271
2026-07-31T23:58:45Z,155,6,3,7,1,0,1,1,1,1785542230
2026-07-31T23:58:45Z,156,8,1,11,0,0,1,1,1,1785541956
2026-07-31T23:58:45Z,157,19,4,6,2,0,1,1,1,1785542187
2026-07-31T23:58:45Z,158,15,1,1,0,0,1,1,1,1785542184
2026-07-31T23:58:45Z,159,4,3,15,0,0,1,1,1,1785541535
2026-07-31T23:58:45Z,160,3,1,16,0,0,1,1,1,1785541943
2026-07-31T23:58:45Z,161,15,1,7,0,0,1,1,1,1785542250
2026-07-31T23:58:45Z,162,15,15,10,2,0,1,1,1,1785542145
2026-07-31T23:58:45Z,163,1,0,29,0,1,1,1,1,1785542314
2026-07-31T23:58:45Z,164,16,1,11,0,0,1,1,1,1785542098
2026-07-31T23:58:45Z,165,30,5,1,0,0,1,1,1,1785542305
2026-07-31T23:58:45Z,166,35,11,1,3,0,1,1,1,1785542322
2026-07-31T23:58:45Z,167,7,0,15,1,0,1,1,1,1785541470
2026-07-31T23:58:45Z,168,17,0,9,1,0,1,1,1,1785542317
2026-07-31T23:58:45Z,169,6,0,14,2,1,1,1,1,1785542253
2026-07-31T23:58:45Z,170,4,3,14,1,0,1,1,1,1785542133
2026-07-31T23:58:45Z,171,6,3,5,2,0,1,1,1,1785542221
2026-07-31T23:58:45Z,173,6,0,33,0,0,1,1,1,1785542303
2026-07-31T23:58:45Z,174,10,0,16,0,0,1,1,1,1785542227
2026-07-31T23:58:45Z,175,29,0,0,2,0,1,1,1,1785541645
2026-07-31T23:58:45Z,176,12,5,0,3,0,1,1,1,1785542257
2026-07-31T23:58:45Z,177,11,1,16,0,0,1,1,1,1785541982
2026-07-31T23:58:45Z,178,11,0,1,2,1,1,1,1,1785542321
2026-07-31T23:58:45Z,179,13,4,0,2,0,1,1,1,1785542286
2026-07-31T23:58:45Z,180,1,0,29,0,0,1,1,1,1785541666
2026-07-31T23:58:45Z,181,4,2,11,0,0,1,1,1,1785542050
2026-07-31T23:58:45Z,182,0,0,16,1,0,1,1,1,1785542226
2026-07-31T23:58:45Z,183,4,1,19,0,0,1,1,1,1785542055
2026-07-31T23:58:45Z,184,18,3,1,4,0,1,1,1,1785542267
2026-07-31T23:58:45Z,185,6,5,6,2,1,1,1,1,1785542252
2026-07-31T23:58:45Z,186,18,0,1,0,0,1,1,1,1785542041
2026-07-31T23:58:45Z,187,6,1,21,1,0,1,1,1,1785541292
2026-07-31T23:58:45Z,188,7,1,12,8,0,1,1,1,1785542296
2026-07-31T23:58:45Z,189,9,3,6,0,0,1,1,1,1785542000
2026-07-31T23:58:45Z,190,3,0,19,1,0,1,1,1,1785542263
2026-07-31T23:58:45Z,191,4,1,34,1,0,1,1,1,1785541805
2026-07-31T23:58:45Z,192,2,2,28,1,0,1,1,1,1785541107
2026-07-31T23:58:45Z,193,11,8,1,3,0,1,1,1,1785542209
2026-07-31T23:58:45Z,194,5,4,22,0,0,1,1,1,1785542090
2026-07-31T23:58:45Z,195,1,1,18,0,0,1,1,1,1785542009
2026-07-31T23:58:45Z,196,8,6,18,1,0,1,1,1,1785542030
2026-07-31T23:58:45Z,197,3,1,15,0,1,1,1,1,1785542321
2026-07-31T23:58:45Z,198,9,3,11,3,0,1,1,1,1785542030
2026-07-31T23:58:45Z,199,10,8,3,2,0,1,1,1,1785542311
2026-07-31T23:58:45Z,200,20,0,5,1,0,1,1,1,1785542077
2026-07-31T23:58:45Z,201,5,5,18,0,0,1,1,1,1785540696
2026-07-31T23:58:45Z,202,26,2,1,0,0,1,1,1,1785542219
2026-07-31T23:58:45Z,203,26,0,3,2,0,1,1,1,1785541949
2026-07-31T23:58:45Z,204,12,1,22,1,0,1,1,1,1785541963
2026-07-31T23:58:45Z,205,10,3,17,0,0,1,1,1,1785542050
2026-07-31T23:58:45Z,206,7,7,6,2,0,1,1,1,1785542238
2026-07-31T23:58:45Z,207,11,2,7,3,0,1,1,1,1785542301
2026-07-31T23:58:45Z,208,6,2,23,0,0,1,1,1,1785541665
2026-07-31T23:58:45Z,209,22,0,8,1,0,1,1,1,1785542311
2026-07-31T23:58:45Z,210,7,7,20,0,0,1,1,1,1785542045
2026-07-31T23:58:45Z,211,12,0,10,1,0,1,1,1,1785542210
2026-07-31T23:58:45Z,212,21,5,13,1,0,1,1,1,1785542029
2026-07-31T23:58:45Z,213,12,6,10,1,0,1,1,1,1785542170
2026-07-31T23:58:45Z,214,32,10,13,2,0,1,1,1,1785542282
2026-07-31T23:58:45Z,215,1,0,21,1,0,1,1,1,1785542148
2026-07-31T23:58:45Z,216,2,1,15,2,0,1,1,1,1785541865
2026-07-31T23:58:45Z,217,27,2,1,1,0,1,1,1,1785542205
2026-07-31T23:58:45Z,218,33,12,4,2,0,1,1,1,1785542314
2026-07-31T23:58:45Z,219,24,1,1,1,0,1,1,1,1785541788
2026-07-31T23:58:45Z,220,21,13,20,1,1,1,1,1,1785542235
2026-07-31T23:58:45Z,221,11,8,3,1,0,1,1,1,1785542121
2026-07-31T23:58:45Z,222,16,8,3,0,0,1,1,1,1785542178
2026-07-31T23:58:45Z,223,1,1,32,2,0,1,1,1,1785542275
2026-07-31T23:58:45Z,224,10,10,11,1,0,1,1,1,1785542234
2026-07-31T23:58:45Z,225,1,0,15,3,0,1,1,1,1785541567
2026-07-31T23:58:45Z,226,23,10,5,3,0,1,1,1,1785542178
2026-07-31T23:58:45Z,227,3,3,23,1,0,1,1,1,1785541564
2026-07-31T23:58:45Z,228,0,0,19,0,0,1,1,1,1785540971
2026-07-31T23:58:45Z,230,1,1,24,1,0,1,1,1,1785542257
2026-07-31T23:58:45Z,232,6,1,10,1,0,1,1,1,1785541982
2026-07-31T23:58:45Z,233,21,9,9,1,0,1,1,1,1785542267
2026-07-31T23:58:45Z,234,13,10,0,4,2,1,1,1,1785541716
2026-07-31T23:58:45Z,236,12,4,5,2,0,1,1,1,1785541744
2026-07-31T23:58:45Z,237,3,0,19,1,0,1,1,1,1785541830
2026-07-31T23:58:45Z,239,14,11,12,1,0,1,1,1,1785542322
2026-07-31T23:58:45Z,241,0,0,21,2,0,1,1,1,1785541789
2026-07-31T23:58:45Z,242,4,1,18,1,0,1,1,1,1785542182
2026-07-31T23:58:45Z,243,13,11,16,2,0,1,1,1,1785542195
2026-07-31T23:58:45Z,244,13,2,12,2,0,1,1,1,1785542322
2026-07-31T23:58:45Z,245,1,0,22,0,0,1,1,1,1785542039
2026-07-31T23:58:45Z,246,1,1,22,0,0,1,1,1,1785541947
2026-07-31T23:58:45Z,247,7,7,15,1,0,1,1,1,1785542295
2026-07-31T23:58:45Z,248,5,3,16,2,0,1,1,1,1785542138
2026-07-31T23:58:45Z,249,11,10,8,0,0,1,1,1,1785542039
2026-07-31T23:58:45Z,250,2,1,22,3,0,1,1,1,1785542148
2026-07-31T23:58:45Z,251,20,12,2,5,0,1,1,1,1785542296
2026-07-31T23:58:45Z,253,2,1,16,1,0,1,1,1,1785542240
2026-07-31T23:58:45Z,254,5,0,37,1,0,1,1,1,1785542217
2026-07-31T23:58:45Z,255,4,0,18,0,1,1,1,1,1785542293
2026-07-31T23:58:45Z,256,3,2,20,0,0,1,1,1,1785541422
2026-07-31T23:58:45Z,257,4,2,15,0,0,1,1,1,1785542226
2026-07-31T23:58:45Z,258,16,5,1,2,0,1,1,1,1785542314
2026-07-31T23:58:45Z,259,6,0,16,0,1,1,1,1,1785542206
2026-07-31T23:58:45Z,260,10,7,8,1,0,1,1,1,1785542318
2026-07-31T23:58:45Z,261,4,1,14,0,1,1,1,1,1785542175
2026-07-31T23:58:45Z,262,1,0,21,1,0,1,1,1,1785542071
2026-07-31T23:58:45Z,263,6,6,8,1,0,1,1,1,1785542050
2026-07-31T23:58:45Z,264,1,1,17,1,0,1,1,1,1785542160
2026-07-31T23:58:45Z,265,5,0,10,0,0,1,1,1,1785542213
2026-07-31T23:58:45Z,266,9,7,7,3,0,1,1,1,1785541211
2026-07-31T23:58:45Z,267,7,1,6,2,0,1,1,1,1785541990
2026-07-31T23:58:45Z,268,17,7,5,1,0,1,1,1,1785541132
2026-07-31T23:58:45Z,269,5,2,18,0,0,1,1,1,1785542136
2026-07-31T23:58:45Z,270,10,0,14,3,0,1,1,1,1785542294
2026-07-31T23:58:45Z,271,0,0,17,2,0,1,1,1,1785541545
2026-07-31T23:58:45Z,272,4,4,17,2,0,1,1,1,1785542100
2026-07-31T23:58:45Z,273,2,1,13,0,0,1,1,1,1785539650
2026-07-31T23:58:45Z,274,3,1,15,1,0,1,1,1,1785540581
2026-07-31T23:58:45Z,275,6,0,13,4,0,1,1,1,1785542197
2026-07-31T23:58:45Z,276,2,0,25,0,0,1,1,1,1785541389
2026-07-31T23:58:45Z,277,5,2,14,4,0,1,1,1,1785542320
2026-07-31T23:58:45Z,278,1,1,30,0,0,1,1,1,1785542302
2026-07-31T23:58:45Z,279,4,3,15,0,0,1,1,1,1785542321
2026-07-31T23:58:45Z,280,3,1,26,2,0,1,1,1,1785542104
2026-07-31T23:58:45Z,281,10,0,9,0,0,1,1,1,1785539893
2026-07-31T23:58:45Z,282,11,3,7,0,0,1,1,1,1785541984
2026-07-31T23:58:45Z,283,23,5,12,0,0,1,1,1,1785542316
2026-07-31T23:58:45Z,284,20,2,13,2,0,1,1,1,1785541620
2026-07-31T23:58:45Z,285,0,0,23,0,0,1,1,1,1785540975
2026-07-31T23:58:45Z,286,7,4,16,0,0,1,1,1,1785542266
2026-07-31T23:58:45Z,287,11,1,9,3,0,1,1,1,1785540479
2026-07-31T23:58:45Z,288,2,2,16,1,0,1,1,1,1785542135
2026-07-31T23:58:45Z,289,8,7,15,4,0,1,1,1,1785542149
2026-07-31T23:58:45Z,290,13,0,25,1,0,1,1,1,1785541735
2026-07-31T23:58:45Z,291,3,0,19,1,0,1,1,1,1785542271
2026-07-31T23:58:45Z,292,1,1,22,0,0,1,1,1,1785540969
2026-07-31T23:58:45Z,293,1,1,22,0,0,1,1,1,1785540770
2026-07-31T23:58:45Z,294,4,3,15,3,0,1,1,1,1785542286
2026-07-31T23:58:45Z,297,11,0,7,0,1,1,1,1,1785542003
2026-07-31T23:58:45Z,301,15,0,4,0,0,1,1,1,1785542003
2026-07-31T23:58:45Z,302,22,1,0,1,0,1,1,1,1785541970
2026-07-31T23:58:45Z,303,4,0,15,0,0,1,1,1,1785542320
2026-07-31T23:58:45Z,304,0,0,0,0,0,0,1,1,86400
2026-07-31T23:58:45Z,305,6,0,12,1,0,1,1,1,1785542314
2026-07-31T23:58:45Z,306,4,0,27,1,0,1,1,1,1785541778
2026-07-31T23:58:45Z,307,16,1,7,0,0,1,1,1,1785542287
2026-07-31T23:58:45Z,308,11,2,6,2,0,1,1,1,1785542043
2026-07-31T23:58:45Z,309,5,0,9,0,0,1,1,1,1785542221
2026-07-31T23:58:45Z,311,12,2,3,0,0,1,1,1,1785542307
2026-07-31T23:58:45Z,312,4,4,16,3,0,1,1,1,1785542179
2026-07-31T23:58:45Z,313,2,0,13,0,0,1,1,1,1785541850
2026-07-31T23:58:45Z,314,9,1,8,2,0,1,1,1,1785541217
2026-07-31T23:58:45Z,315,10,9,18,3,0,1,1,1,1785541389
2026-07-31T23:58:45Z,316,4,1,21,5,1,1,1,1,1785542257
2026-07-31T23:58:45Z,317,21,13,9,0,1,1,1,1,1785542039
2026-07-31T23:58:45Z,318,19,4,0,0,0,1,1,1,1785540544
2026-07-31T23:58:45Z,319,2,0,18,3,0,1,1,1,1785541933
2026-07-31T23:58:45Z,320,1,1,17,1,0,1,1,1,1785542256
2026-07-31T23:58:45Z,321,3,0,12,4,0,1,1,1,1785542117
2026-07-31T23:58:45Z,322,18,0,11,0,0,1,1,1,1785542305
2026-07-31T23:58:45Z,323,3,0,14,2,0,1,1,1,1785542310
2026-07-31T23:58:45Z,324,20,2,6,1,0,1,1,1,1785542316
2026-07-31T23:58:45Z,325,1,1,24,2,0,1,1,1,1785541599
2026-07-31T23:58:45Z,327,15,1,10,2,0,1,1,1,1785542312
2026-07-31T23:58:45Z,328,19,0,3,0,0,1,1,1,1785542246
2026-07-31T23:58:45Z,329,10,1,6,3,0,1,1,1,1785541182
2026-07-31T23:58:45Z,330,21,0,0,1,0,1,1,1,1785541775
2026-07-31T23:58:45Z,331,18,1,4,1,0,1,1,1,1785542147
2026-07-31T23:58:45Z,332,3,1,13,3,0,1,1,1,1785541782
2026-07-31T23:58:45Z,333,3,1,18,2,0,1,1,1,1785542048
2026-07-31T23:58:45Z,334,1,0,21,1,0,1,1,1,1785541973
2026-07-31T23:58:45Z,335,0,0,22,0,1,1,1,1,1785541933
2026-07-31T23:58:45Z,336,2,0,17,0,0,1,1,1,1785541981
2026-07-31T23:58:45Z,337,1,1,18,4,0,1,1,1,1785542061
2026-07-31T23:58:45Z,338,5,2,14,0,0,1,1,1,1785542200
2026-07-31T23:58:45Z,339,14,7,7,2,0,1,1,1,1785542298
2026-07-31T23:58:45Z,340,5,2,9,1,0,1,1,1,1785541361
2026-07-31T23:58:45Z,341,5,3,13,1,0,1,1,1,1785542269
2026-07-31T23:58:45Z,342,3,0,12,0,0,1,1,1,1785542124
2026-07-31T23:58:45Z,343,1,1,20,2,0,1,1,1,1785541863
2026-07-31T23:58:45Z,344,6,1,16,1,0,1,1,1,1785541765
2026-07-31T23:58:45Z,345,14,4,5,0,0,1,1,1,1785541693
2026-07-31T23:58:45Z,346,2,1,21,0,0,1,1,1,1785540405
2026-07-31T23:58:45Z,347,20,3,21,3,0,1,1,1,1785542321
2026-07-31T23:58:45Z,348,4,0,17,1,1,1,1,1,1785542316
2026-07-31T23:58:45Z,349,9,2,10,0,0,1,1,1,1785542020
2026-07-31T23:58:45Z,350,0,0,25,1,1,1,1,1,1785541089
2026-07-31T23:58:45Z,351,10,1,11,2,0,1,1,1,1785542285
2026-07-31T23:58:45Z,355,4,1,19,0,0,1,1,1,1785542234
2026-07-31T23:58:45Z,356,2,0,17,0,0,1,1,1,1785541490
2026-07-31T23:58:45Z,357,9,3,8,2,0,1,1,1,1785542249
2026-07-31T23:58:45Z,358,23,1,3,1,0,1,1,1,1785541993
2026-07-31T23:58:45Z,359,9,1,18,0,0,1,1,1,1785541267
2026-07-31T23:58:45Z,360,1,1,18,0,0,1,1,1,1785541067
2026-07-31T23:58:45Z,362,2,2,14,3,0,1,1,1,1785541763
2026-07-31T23:58:45Z,363,23,0,4,0,0,1,1,1,1785541978
2026-07-31T23:58:45Z,364,0,0,18,1,0,1,1,1,1785541323
2026-07-31T23:58:45Z,365,0,0,20,3,0,1,1,1,1785541630
2026-07-31T23:58:45Z,366,2,2,20,1,0,1,1,1,1785542317
2026-07-31T23:58:45Z,367,4,3,13,2,0,1,1,1,1785542037
2026-07-31T23:58:45Z,368,2,2,20,1,0,1,1,1,1785540248
2026-07-31T23:58:45Z,370,2,1,25,0,0,1,1,1,1785542160
2026-07-31T23:58:45Z,371,3,1,15,1,0,1,1,1,1785541447
2026-07-31T23:58:45Z,372,8,0,7,0,0,1,1,1,1785542252
2026-07-31T23:58:45Z,373,3,1,23,1,0,1,1,1,1785542026
2026-07-31T23:58:45Z,374,13,5,5,1,0,1,1,1,1785542041
2026-07-31T23:58:45Z,375,1,0,25,1,0,1,1,1,1785542306
2026-07-31T23:58:45Z,376,1,1,37,1,0,1,1,1,1785542277
2026-07-31T23:58:45Z,377,0,0,24,3,0,1,1,1,1785540801
2026-07-31T23:58:45Z,378,2,0,21,0,1,1,1,1,1785542241
2026-07-31T23:58:45Z,379,25,0,0,2,0,1,1,1,1785541585
2026-07-31T23:58:45Z,380,0,0,22,1,0,1,1,1,1785541439
2026-07-31T23:58:45Z,381,15,0,8,0,0,1,1,1,1785541942
2026-07-31T23:58:45Z,383,3,1,10,2,0,1,1,1,1785541608
2026-07-31T23:58:45Z,384,5,1,19,3,0,1,1,1,1785542132
2026-07-31T23:58:45Z,385,0,0,17,1,0,1,1,1,1785540743
2026-07-31T23:58:45Z,387,2,1,21,0,0,1,1,1,1785541565
2026-07-31T23:58:45Z,388,28,1,16,5,0,1,1,1,1785542149
2026-07-31T23:58:45Z,389,8,3,6,1,0,1,1,1,1785540211
2026-07-31T23:58:45Z,390,16,3,19,0,0,1,1,1,1785542158
2026-07-31T23:58:45Z,391,5,3,10,0,0,1,1,1,1785541643
2026-07-31T23:58:45Z,392,2,2,15,2,0,1,1,1,1785542220
2026-07-31T23:58:45Z,393,8,6,0,3,0,1,1,1,1785541561
2026-07-31T23:58:45Z,394,6,2,5,2,0,1,1,1,1785542249
2026-07-31T23:58:45Z,396,6,3,36,0,0,1,1,1,1785542033
2026-07-31T23:58:45Z,397,7,7,24,0,0,1,1,1,1785540670
2026-07-31T23:58:45Z,399,3,1,12,2,0,1,1,1,1785542263
2026-07-31T23:58:45Z,400,16,9,5,2,0,1,1,1,1785542015
2026-07-31T23:58:45Z,401,4,0,27,8,0,1,1,1,1785542165
2026-07-31T23:58:45Z,403,14,5,13,4,0,1,1,1,1785542130
2026-07-31T23:58:45Z,404,6,2,16,1,0,1,1,1,1785542134
2026-07-31T23:58:45Z,406,12,5,21,2,0,1,1,1,1785542290
2026-07-31T23:58:45Z,407,14,3,19,1,0,1,1,1,1785542306
2026-07-31T23:58:45Z,408,1,1,29,3,0,1,1,1,1785541963
2026-07-31T23:58:45Z,409,9,0,10,4,0,1,1,1,1785542207
2026-07-31T23:58:45Z,413,10,5,12,1,0,1,1,1,1785542281
2026-07-31T23:58:45Z,414,13,0,2,0,0,1,1,1,1785541819
2026-07-31T23:58:45Z,417,2,2,17,0,0,1,1,1,1785542112
2026-07-31T23:58:45Z,418,2,2,13,0,0,1,1,1,1785537921
2026-07-31T23:58:45Z,419,13,1,10,0,0,1,1,1,1785540686
2026-07-31T23:58:45Z,421,17,0,2,0,0,1,1,1,1785542091
2026-07-31T23:58:45Z,422,11,0,16,0,0,1,1,1,1785542047
2026-07-31T23:58:45Z,423,3,0,20,0,0,1,1,1,1785541364
2026-07-31T23:58:45Z,424,1,1,11,3,0,1,1,1,1785542104
2026-07-31T23:58:45Z,425,14,0,7,0,1,1,1,1,1785542128
2026-07-31T23:58:45Z,426,1,1,34,2,0,1,1,1,1785542177
2026-07-31T23:58:45Z,427,12,2,1,2,0,1,1,1,1785542235
2026-07-31T23:58:45Z,428,17,0,0,2,0,1,1,1,1785542288
2026-07-31T23:58:45Z,429,20,0,1,2,0,1,1,1,1785542318
2026-07-31T23:58:45Z,430,11,0,19,1,0,1,1,1,1785541996
2026-07-31T23:58:45Z,431,3,0,29,1,0,1,1,1,1785542266
2026-07-31T23:58:45Z,432,0,0,30,1,0,0,1,1,1785508564
2026-07-31T23:58:45Z,433,10,2,9,4,0,1,1,1,1785541334
2026-07-31T23:58:45Z,437,2,2,16,1,0,1,1,1,1785542214
2026-07-31T23:58:45Z,438,4,1,14,1,0,1,1,1,1785542162
2026-07-31T23:58:45Z,439,9,5,6,0,0,1,1,1,1785541861
2026-07-31T23:58:45Z,440,6,2,8,1,0,1,1,1,1785542321
2026-07-31T23:58:45Z,441,5,1,7,3,0,1,1,1,1785542213
2026-07-31T23:58:45Z,442,9,2,9,1,0,1,1,1,1785541112
2026-07-31T23:58:45Z,443,6,2,21,0,0,1,1,1,1785537918
2026-07-31T23:58:45Z,444,2,1,21,0,0,1,1,1,1785540370
2026-07-31T23:58:45Z,445,6,2,16,1,0,1,1,1,1785542081
2026-07-31T23:58:45Z,446,0,0,23,0,0,1,1,1,1785539316
2026-07-31T23:58:45Z,447,4,0,17,1,1,1,1,1,1785538957
2026-07-31T23:58:45Z,448,7,0,7,1,0,1,1,1,1785539001
2026-07-31T23:58:45Z,452,5,4,12,2,0,1,1,1,1785542156
2026-07-31T23:58:45Z,453,4,0,6,5,0,1,1,1,1785542096
2026-07-31T23:58:45Z,454,6,0,13,0,0,1,1,1,1785541310
2026-07-31T23:58:45Z,455,20,3,19,0,0,1,1,1,1785541337
2026-07-31T23:58:45Z,456,0,0,19,1,0,1,1,1,1785542012
2026-07-31T23:58:45Z,457,2,1,23,2,0,1,1,1,1785542313
2026-07-31T23:58:45Z,458,14,4,7,2,0,1,1,1,1785542213
2026-07-31T23:58:45Z,459,12,0,3,0,0,1,1,1,1785542004
2026-07-31T23:58:45Z,460,12,0,11,0,0,1,1,1,1785542173
2026-07-31T23:58:45Z,461,6,0,12,1,0,1,1,1,1785541664
2026-07-31T23:58:45Z,462,21,1,0,0,0,1,1,1,1785542100
2026-07-31T23:58:45Z,463,5,0,14,0,0,1,1,1,1785541904
2026-07-31T23:58:45Z,464,6,0,8,0,0,1,1,1,1785542280
2026-07-31T23:58:45Z,465,4,2,11,0,0,1,1,1,1785542258
2026-07-31T23:58:45Z,466,9,3,1,5,0,1,1,1,1785541749
2026-07-31T23:58:45Z,467,3,0,16,0,0,1,1,1,1785541721
2026-07-31T23:58:45Z,468,3,0,15,1,0,1,1,1,1785540114
2026-07-31T23:58:45Z,469,8,0,14,1,0,1,1,1,1785542289
2026-07-31T23:58:45Z,470,4,2,9,2,0,1,1,1,1785542309
2026-07-31T23:58:45Z,471,21,1,6,0,0,1,1,1,1785539859
2026-07-31T23:58:45Z,472,6,5,12,1,0,1,1,1,1785542264
2026-07-31T23:58:45Z,473,7,0,11,1,0,1,1,1,1785542302
2026-07-31T23:58:45Z,474,7,0,11,1,0,1,1,1,1785542181
2026-07-31T23:58:45Z,475,0,0,18,1,0,1,1,1,1785540875
2026-07-31T23:58:45Z,477,2,1,13,0,0,1,1,1,1785541870
2026-07-31T23:58:45Z,478,28,1,3,0,0,1,1,1,1785542318
2026-07-31T23:58:45Z,479,3,0,22,2,0,1,1,1,1785542039
2026-07-31T23:58:45Z,480,8,2,6,1,0,1,1,1,1785541428
2026-07-31T23:58:45Z,481,11,0,23,1,0,1,1,1,1785542235
2026-07-31T23:58:45Z,482,0,0,18,1,0,1,1,1,1785541825
2026-07-31T23:58:45Z,483,11,0,14,2,0,1,1,1,1785542318
2026-07-31T23:58:45Z,484,2,0,16,1,0,1,1,1,1785542022
2026-07-31T23:58:45Z,485,14,5,4,0,1,1,1,1,1785542188
2026-07-31T23:58:45Z,486,3,0,22,2,0,1,1,1,1785542138
2026-07-31T23:58:45Z,487,9,6,8,2,0,1,1,1,1785541963
2026-07-31T23:58:45Z,489,0,0,15,0,0,1,1,1,1785540962
2026-07-31T23:58:45Z,490,14,1,1,1,0,1,1,1,1785542066
2026-07-31T23:58:45Z,491,9,3,11,1,0,1,1,1,1785540979
2026-07-31T23:58:45Z,492,2,1,6,3,0,1,1,1,1785542322
2026-07-31T23:58:45Z,493,19,0,8,0,0,1,1,1,1785539181
2026-07-31T23:58:45Z,495,10,0,4,1,0,1,1,1,1785542201
2026-07-31T23:58:45Z,496,8,0,19,0,0,1,1,1,1785541754
2026-07-31T23:58:45Z,497,1,1,17,0,0,1,1,1,1785541994
2026-07-31T23:58:45Z,498,3,1,20,0,0,1,1,1,1785542095
2026-07-31T23:58:45Z,499,5,0,13,1,0,1,1,1,1785540984
2026-07-31T23:58:45Z,500,2,1,10,3,0,1,1,1,1785542243
2026-07-31T23:58:45Z,501,7,1,13,1,0,1,1,1,1785541847
2026-07-31T23:58:45Z,502,2,0,15,2,0,1,1,1,1785541401
2026-07-31T23:58:45Z,503,7,0,23,1,0,1,1,1,1785542194
2026-07-31T23:58:45Z,504,2,2,37,0,0,1,1,1,1785542310
2026-07-31T23:58:45Z,505,6,1,5,1,0,1,1,1,1785542074
2026-07-31T23:58:45Z,511,3,2,19,1,0,1,1,1,1785542302
2026-07-31T23:58:45Z,512,18,0,9,0,0,1,1,1,1785542271
2026-07-31T23:58:45Z,514,2,1,8,1,0,1,1,1,1785540167
2026-07-31T23:58:45Z,515,6,3,13,0,0,1,1,1,1785541483
2026-07-31T23:58:45Z,516,19,0,8,0,0,1,1,1,1785542186
2026-07-31T23:58:45Z,517,4,0,19,0,0,1,1,1,1785540436
2026-07-31T23:58:45Z,518,6,0,8,1,0,1,1,1,1785539094
2026-07-31T23:58:45Z,519,5,4,13,1,0,1,1,1,1785538253
2026-07-31T23:58:45Z,520,21,7,1,4,1,1,1,1,1785542318
2026-07-31T23:58:45Z,521,3,3,20,0,0,1,1,1,1785542303
2026-07-31T23:58:45Z,522,19,0,2,2,0,1,1,1,1785542287
2026-07-31T23:58:45Z,523,13,6,8,2,0,1,1,1,1785541787
2026-07-31T23:58:45Z,524,21,0,2,0,0,1,1,1,1785541788
2026-07-31T23:58:45Z,525,15,1,4,0,0,1,1,1,1785542219
2026-07-31T23:58:45Z,526,6,3,9,0,0,1,1,1,1785540450
2026-07-31T23:58:45Z,527,13,13,12,1,0,1,1,1,1785542237
2026-07-31T23:58:45Z,528,18,4,4,1,0,1,1,1,1785542222
2026-07-31T23:58:45Z,529,7,5,6,6,0,1,1,1,1785542320
2026-07-31T23:58:45Z,530,17,0,1,3,0,1,1,1,1785542314
2026-07-31T23:58:45Z,531,1,0,21,0,1,1,1,1,1785542304
2026-07-31T23:58:45Z,532,11,1,18,2,0,1,1,1,1785541465
2026-07-31T23:58:45Z,533,12,0,6,1,0,1,1,1,1785540654
2026-07-31T23:58:45Z,534,5,2,18,0,0,1,1,1,1785542172
2026-07-31T23:58:45Z,535,3,0,12,0,0,1,1,1,1785541390
2026-07-31T23:58:45Z,536,15,0,8,0,0,1,1,1,1785541959
2026-07-31T23:58:45Z,537,19,0,1,0,0,1,1,1,1785542303
2026-07-31T23:58:45Z,538,12,1,10,0,1,1,1,1,1785542278
2026-07-31T23:58:45Z,539,16,0,12,3,0,1,1,1,1785541991
2026-07-31T23:58:45Z,540,19,0,0,0,0,1,1,1,1785542255
2026-07-31T23:58:45Z,541,6,0,21,0,0,1,1,1,1785542154
2026-07-31T23:58:45Z,542,3,0,20,0,0,1,1,1,1785541324
2026-07-31T23:58:45Z,543,3,3,16,0,0,1,1,1,1785542225
2026-07-31T23:58:45Z,544,1,1,17,4,0,1,1,1,1785541944
2026-07-31T23:58:45Z,545,15,1,2,2,0,1,1,1,1785542179
2026-07-31T23:58:45Z,546,2,1,17,0,0,1,1,1,1785541456
2026-07-31T23:58:45Z,547,14,2,10,1,0,1,1,1,1785542143
2026-07-31T23:58:45Z,548,13,1,10,0,0,1,1,1,1785542186
2026-07-31T23:58:45Z,549,10,0,13,0,0,1,1,1,1785541942
2026-07-31T23:58:45Z,550,12,10,7,0,0,1,1,1,1785542133
2026-07-31T23:58:45Z,551,2,2,21,0,0,1,1,1,1785540311
2026-07-31T23:58:45Z,552,6,3,21,0,0,1,1,1,1785541415
2026-07-31T23:58:45Z,553,0,0,23,0,0,1,1,1,1785541552
2026-07-31T23:58:45Z,554,2,1,17,0,0,1,1,1,1785542087
2026-07-31T23:58:45Z,555,9,1,5,1,0,1,1,1,1785541941
2026-07-31T23:58:45Z,556,2,0,19,2,0,1,1,1,1785542299
2026-07-31T23:58:45Z,557,6,0,15,2,0,1,1,1,1785542288
2026-07-31T23:58:45Z,558,19,13,17,1,0,1,1,1,1785542281
2026-07-31T23:58:45Z,559,4,0,14,1,0,1,1,1,1785541604
2026-07-31T23:58:45Z,560,13,0,14,0,0,1,1,1,1785542064
2026-07-31T23:58:45Z,561,3,1,17,3,0,1,1,1,1785541727
2026-07-31T23:58:45Z,562,8,1,21,7,0,1,1,1,1785542279
2026-07-31T23:58:45Z,563,2,0,12,0,0,1,1,1,1785541614
2026-07-31T23:58:45Z,564,4,2,12,3,0,1,1,1,1785541772
2026-07-31T23:58:45Z,565,2,1,16,1,0,1,1,1,1785541607
2026-07-31T23:58:45Z,566,17,2,1,1,0,1,1,1,1785542228
2026-07-31T23:58:45Z,567,24,1,0,3,0,1,1,1,1785542302
2026-07-31T23:58:45Z,568,8,2,11,0,0,1,1,1,1785542315
2026-07-31T23:58:45Z,569,12,2,7,0,0,1,1,1,1785540009
2026-07-31T23:58:45Z,570,5,0,14,0,0,1,1,1,1785542300
2026-07-31T23:58:45Z,571,10,0,13,0,0,1,1,1,1785541851
2026-07-31T23:58:45Z,572,1,0,18,0,0,1,1,1,1785541914
2026-07-31T23:58:45Z,573,15,2,0,0,0,1,1,1,1785541553
2026-07-31T23:58:45Z,574,5,3,10,0,0,1,1,1,1785540551
2026-07-31T23:58:45Z,575,0,0,20,1,0,1,1,1,1785540398
2026-07-31T23:58:45Z,576,0,0,19,0,0,1,1,1,1785537344
2026-07-31T23:58:45Z,577,31,0,0,0,0,1,1,1,1785542186
2026-07-31T23:58:45Z,578,1,0,21,1,0,1,1,1,1785542254
2026-07-31T23:58:45Z,579,15,0,28,0,0,1,1,1,1785542248
2026-07-31T23:58:45Z,580,1,1,28,0,0,1,1,1,1785541963
2026-07-31T23:58:45Z,581,14,0,5,0,0,1,1,1,1785542270
2026-07-31T23:58:45Z,582,27,0,32,2,0,1,1,1,1785542306
2026-07-31T23:58:45Z,583,3,1,19,1,0,1,1,1,1785541510
2026-07-31T23:58:45Z,584,1,1,14,4,0,1,1,1,1785541311
2026-07-31T23:58:45Z,585,21,0,4,1,1,1,1,1,1785542170
2026-07-31T23:58:45Z,586,21,1,14,0,0,1,1,1,1785542012
2026-07-31T23:58:45Z,587,12,0,11,1,0,1,1,1,1785541641
2026-07-31T23:58:45Z,588,11,2,5,2,1,1,1,1,1785542135
2026-07-31T23:58:45Z,589,7,4,14,1,0,1,1,1,1785542256
2026-07-31T23:58:45Z,590,16,3,15,0,0,1,1,1,1785541938
2026-07-31T23:58:45Z,591,4,1,24,2,0,1,1,1,1785541722
2026-07-31T23:58:45Z,592,6,1,17,0,0,1,1,1,1785542210
2026-07-31T23:58:45Z,593,14,0,24,0,0,1,1,1,1785540593
2026-07-31T23:58:45Z,594,7,0,11,3,0,1,1,1,1785542140
2026-07-31T23:58:45Z,595,0,0,3,0,0,0,1,1,1784046673
2026-07-31T23:58:45Z,605,0,0,2,1,0,0,1,1,1783975843
2026-07-31T23:58:45Z,606,0,0,0,0,0,0,1,1,86400
2026-07-31T23:58:45Z,607,3,2,27,2,0,1,1,1,1785542289
2026-07-31T23:58:45Z,608,25,0,25,0,0,1,1,1,1785542241
2026-07-31T23:58:45Z,609,3,2,20,0,0,1,1,1,1785542318
2026-07-31T23:58:45Z,610,0,0,35,0,0,1,1,1,1785541213
2026-07-31T23:58:45Z,611,7,0,18,2,0,1,1,1,1785542304
2026-07-31T23:58:45Z,612,9,2,6,0,0,1,1,1,1785541140
2026-07-31T23:58:45Z,613,12,4,0,3,0,1,1,1,1785530289
2026-07-31T23:58:45Z,614,5,1,19,2,1,1,1,1,1785542066
2026-07-31T23:58:45Z,617,11,0,3,1,0,1,1,1,1785541274
2026-07-31T23:58:45Z,618,12,0,1,6,0,1,1,1,1785540570
2026-07-31T23:58:45Z,619,16,7,3,0,0,1,1,1,1785541832
2026-07-31T23:58:45Z,620,9,0,18,0,0,1,1,1,1785541640
2026-07-31T23:58:45Z,621,3,0,20,0,0,1,1,1,1785542304
2026-07-31T23:58:45Z,622,1,0,21,1,0,1,1,1,1785542321
2026-07-31T23:58:45Z,623,16,6,14,0,0,1,1,1,1785542074
2026-07-31T23:58:45Z,624,2,0,13,0,0,1,1,1,1785540388
2026-07-31T23:58:45Z,625,15,2,2,4,0,1,1,1,1785541903
2026-07-31T23:58:45Z,626,36,0,9,0,2,1,1,1,1785542231
2026-07-31T23:58:45Z,627,19,5,0,0,0,1,1,1,1785542279
2026-07-31T23:58:45Z,628,1,0,14,3,1,1,1,1,1785542161
2026-07-31T23:58:45Z,629,4,2,5,2,0,1,1,1,1785542314
2026-07-31T23:58:45Z,630,2,1,21,4,0,1,1,1,1785542112
2026-07-31T23:58:45Z,631,11,2,11,1,0,1,1,1,1785542076
2026-07-31T23:58:45Z,632,16,1,5,2,0,1,1,1,1785542185
2026-07-31T23:58:45Z,633,10,3,2,3,0,1,1,1,1785541632
2026-07-31T23:58:45Z,634,9,2,9,1,0,1,1,1,1785541958
2026-07-31T23:58:45Z,635,18,2,1,0,0,1,1,1,1785540365
2026-07-31T23:58:45Z,636,7,2,8,0,0,1,1,1,1785542131
2026-07-31T23:58:45Z,637,7,3,10,2,0,1,1,1,1785540637
2026-07-31T23:58:45Z,638,6,1,11,2,0,1,1,1,1785541579
2026-07-31T23:58:45Z,639,12,2,5,2,0,1,1,1,1785539600
2026-07-31T23:58:45Z,640,5,4,16,2,0,1,1,1,1785542178
2026-07-31T23:58:45Z,641,15,0,12,0,0,1,1,1,1785542240
2026-07-31T23:58:45Z,642,5,4,6,8,0,1,1,1,1785542322
2026-07-31T23:58:45Z,643,1,0,18,8,0,1,1,1,1785542321
2026-07-31T23:58:45Z,644,13,1,1,1,0,1,1,1,1785542320
2026-07-31T23:58:45Z,645,18,1,2,3,0,1,1,1,1785540861
2026-07-31T23:58:45Z,646,3,1,16,0,0,1,1,1,1785542232
2026-07-31T23:58:45Z,647,4,2,27,0,0,1,1,1,1785542185
2026-07-31T23:58:45Z,648,0,0,18,1,0,1,1,1,1785540303
2026-07-31T23:58:45Z,649,12,0,17,2,0,1,1,1,1785541703
2026-07-31T23:58:45Z,650,6,1,8,0,0,1,1,1,1785540994
2026-07-31T23:58:45Z,651,10,5,12,1,0,1,1,1,1785541356
2026-07-31T23:58:45Z,652,4,3,15,4,0,1,1,1,1785542307
2026-07-31T23:58:45Z,653,2,1,17,0,0,1,1,1,1785542053
2026-07-31T23:58:45Z,654,4,1,11,0,0,1,1,1,1785540379
2026-07-31T23:58:45Z,655,8,4,0,4,1,1,1,1,1785542095
2026-07-31T23:58:45Z,656,1,1,18,0,0,1,1,1,1785542026
2026-07-31T23:58:45Z,657,8,4,5,2,2,1,1,1,1785542121
2026-07-31T23:58:45Z,658,9,1,1,0,0,1,1,1,1785537787
2026-07-31T23:58:45Z,659,6,4,7,2,0,1,1,1,1785542088
2026-07-31T23:58:45Z,660,10,2,16,5,0,1,1,1,1785542225
2026-07-31T23:58:45Z,661,9,1,10,0,0,1,1,1,1785541309
2026-07-31T23:58:45Z,662,4,2,15,4,0,1,1,1,1785541555
2026-07-31T23:58:45Z,663,2,0,13,0,0,1,1,1,1785542197
2026-07-31T23:58:45Z,664,6,1,20,1,0,1,1,1,1785542089
2026-07-31T23:58:45Z,665,9,5,6,0,0,1,1,1,1785542229
2026-07-31T23:58:45Z,666,10,3,3,2,0,1,1,1,1785540293
2026-07-31T23:58:45Z,667,5,1,12,2,0,1,1,1,1785542282
2026-07-31T23:58:45Z,668,16,1,2,1,0,1,1,1,1785542261
2026-07-31T23:58:45Z,669,11,3,1,2,0,1,1,1,1785542172
2026-07-31T23:58:45Z,670,17,0,8,2,0,1,1,1,1785542113
2026-07-31T23:58:45Z,671,27,0,0,0,0,1,1,1,1785541260
2026-07-31T23:58:45Z,672,3,0,17,2,1,1,1,1,1785542181
2026-07-31T23:58:45Z,673,18,1,4,1,0,1,1,1,1785542287
2026-07-31T23:58:45Z,674,3,0,18,2,0,1,1,1,1785542235
2026-07-31T23:58:45Z,675,4,1,9,2,0,1,1,1,1785542190
2026-07-31T23:58:45Z,676,7,1,13,2,0,1,1,1,1785541785
2026-07-31T23:58:45Z,681,13,6,1,0,1,1,1,1,1785541986
2026-07-31T23:58:45Z,682,6,1,13,0,0,1,1,1,1785538950
2026-07-31T23:58:45Z,683,1,1,18,0,0,1,1,1,1785527602
2026-07-31T23:58:45Z,684,3,0,24,0,0,1,1,1,1785540780
2026-07-31T23:58:45Z,685,8,0,17,1,1,1,1,1,1785539631
2026-07-31T23:58:45Z,686,11,0,13,3,0,1,1,1,1785542165
2026-07-31T23:58:45Z,687,13,1,16,1,1,1,1,1,1785542193
2026-07-31T23:58:45Z,688,9,1,10,0,0,1,1,1,1785537082
2026-07-31T23:58:45Z,692,0,0,21,0,0,1,1,1,1785542075
2026-07-31T23:58:45Z,693,5,0,3,3,0,1,1,1,1785542273
2026-07-31T23:58:45Z,694,8,4,13,0,0,1,1,1,1785541573
2026-07-31T23:58:45Z,695,5,3,17,1,0,1,1,1,1785541660
2026-07-31T23:58:45Z,696,22,14,0,1,0,1,1,1,1785542056
2026-07-31T23:58:45Z,697,20,5,2,1,0,1,1,1,1785542276
2026-07-31T23:58:45Z,698,22,3,5,0,0,1,1,1,1785542279
2026-07-31T23:58:45Z,699,5,0,9,1,0,1,1,1,1785541895
2026-07-31T23:58:45Z,700,18,1,1,0,0,1,1,1,1785542172
2026-07-31T23:58:45Z,701,13,1,5,1,0,1,1,1,1785541529
2026-07-31T23:58:45Z,702,2,0,21,0,0,1,1,1,1785542096
2026-07-31T23:58:45Z,704,3,0,11,1,0,1,1,1,1785541896
2026-07-31T23:58:45Z,705,2,0,13,0,0,1,1,1,1785542143
2026-07-31T23:58:45Z,706,4,1,9,2,0,1,1,1,1785541457
2026-07-31T23:58:45Z,707,5,1,10,0,0,1,1,1,1785542024
2026-07-31T23:58:45Z,708,11,4,8,0,0,1,1,1,1785542322
2026-07-31T23:58:45Z,709,5,0,8,2,0,1,1,1,1785542147
2026-07-31T23:58:45Z,710,1,0,17,1,0,1,1,1,1785541555
2026-07-31T23:58:45Z,711,12,1,8,3,0,1,1,1,1785542066
2026-07-31T23:58:45Z,712,5,4,8,2,0,1,1,1,1785541487
2026-07-31T23:58:45Z,713,7,4,16,0,0,1,1,1,1785540823
2026-07-31T23:58:45Z,716,4,3,11,0,0,1,1,1,1785541810
2026-07-31T23:58:45Z,717,1,1,22,2,0,1,1,1,1785541953
2026-07-31T23:58:45Z,718,5,0,9,1,0,1,1,1,1785541678
2026-07-31T23:58:45Z,719,5,0,24,0,0,1,1,1,1785541142
2026-07-31T23:58:45Z,720,0,0,19,0,0,1,1,1,1785542072
2026-07-31T23:58:45Z,721,15,1,6,2,0,1,1,1,1785541639
2026-07-31T23:58:45Z,722,7,1,8,0,0,1,1,1,1785541853
2026-07-31T23:58:45Z,723,13,1,10,0,0,1,1,1,1785542092
2026-07-31T23:58:45Z,724,4,1,18,1,0,1,1,1,1785542014
2026-07-31T23:58:45Z,725,8,2,15,0,0,1,1,1,1785541958
2026-07-31T23:58:45Z,726,12,1,6,1,0,1,1,1,1785542281
2026-07-31T23:58:45Z,727,9,5,13,1,0,1,1,1,1785541124
2026-07-31T23:58:45Z,728,9,0,5,1,0,1,1,1,1785540626
2026-07-31T23:58:45Z,729,10,2,9,0,0,1,1,1,1785541836
2026-07-31T23:58:45Z,730,0,0,12,3,0,1,1,1,1785541161
2026-07-31T23:58:45Z,731,2,2,11,2,0,1,1,1,1785542126
2026-07-31T23:58:45Z,732,4,3,11,0,0,1,1,1,1785541320
2026-07-31T23:58:45Z,733,26,1,1,0,0,1,1,1,1785542233
2026-07-31T23:58:45Z,734,0,0,14,0,0,1,1,1,1785541197
2026-07-31T23:58:45Z,735,13,8,14,0,0,1,1,1,1785542071
2026-07-31T23:58:45Z,736,12,1,7,0,0,1,1,1,1785542046
2026-07-31T23:58:45Z,737,3,1,11,0,1,1,1,1,1785541199
2026-07-31T23:58:45Z,738,16,3,3,0,0,1,1,1,1785541394
2026-07-31T23:58:45Z,739,17,0,9,1,0,1,1,1,1785540522
2026-07-31T23:58:45Z,741,5,0,18,0,0,1,1,1,1785540640
2026-07-31T23:58:45Z,742,13,10,20,2,0,1,1,1,1785541926
2026-07-31T23:58:45Z,743,4,2,15,0,0,1,1,1,1785542100
2026-07-31T23:58:45Z,744,10,3,5,0,0,1,1,1,1785542297
2026-07-31T23:58:45Z,745,12,4,7,0,0,1,1,1,1785542220
2026-07-31T23:58:45Z,746,18,0,5,0,0,1,1,1,1785542233
2026-07-31T23:58:45Z,747,0,0,4,0,0,0,1,1,1783446606
2026-07-31T23:58:45Z,748,7,0,16,0,0,1,1,1,1785541908
2026-07-31T23:58:45Z,749,0,0,23,0,0,1,1,1,1785541825
2026-07-31T23:58:45Z,750,11,7,0,0,0,1,1,1,1785541964
2026-07-31T23:58:45Z,751,12,12,11,0,0,1,1,1,1785542118
2026-07-31T23:58:45Z,752,2,0,14,1,0,1,1,1,1785541641
2026-07-31T23:58:45Z,753,9,0,4,2,0,1,1,1,1785541964
2026-07-31T23:58:45Z,754,5,1,10,0,0,1,1,1,1785541522
2026-07-31T23:58:45Z,755,14,4,7,2,0,1,1,1,1785541782
2026-07-31T23:58:45Z,756,3,3,33,1,0,1,1,1,1785541258
2026-07-31T23:58:45Z,757,6,3,13,0,0,1,1,1,1785542230
2026-07-31T23:58:45Z,758,7,6,16,0,0,1,1,1,1785541987
2026-07-31T23:58:45Z,759,0,0,0,0,0,1,1,1,86400
2026-07-31T23:58:45Z,760,8,2,11,0,0,1,1,1,1785540991
2026-07-31T23:58:45Z,761,7,2,16,0,0,1,1,1,1785542232
2026-07-31T23:58:45Z,762,4,2,6,5,0,1,1,1,1785542192
2026-07-31T23:58:45Z,768,7,0,8,4,0,1,1,1,1785541481
2026-07-31T23:58:45Z,769,15,8,3,1,0,1,1,1,1785542241
2026-07-31T23:58:45Z,770,9,2,8,2,0,1,1,1,1785540889
2026-07-31T23:58:45Z,771,12,1,2,1,0,1,1,1,1785542105
2026-07-31T23:58:45Z,772,0,0,15,0,0,1,1,1,1785541760
2026-07-31T23:58:45Z,773,17,4,2,0,0,1,1,1,1785540749
2026-07-31T23:58:45Z,774,4,0,7,4,0,1,1,1,1785542071
2026-07-31T23:58:45Z,775,4,1,12,2,1,1,1,1,1785542240
2026-07-31T23:58:45Z,776,2,0,18,1,0,1,1,1,1785541115
2026-07-31T23:58:45Z,777,12,1,3,0,0,1,1,1,1785542254
2026-07-31T23:58:45Z,778,13,0,6,0,0,1,1,1,1785540736
2026-07-31T23:58:45Z,779,11,0,7,1,0,1,1,1,1785541826
2026-07-31T23:58:45Z,780,1,0,18,0,0,1,1,1,1785542291
2026-07-31T23:58:45Z,781,4,1,5,2,0,1,1,1,1785541405
2026-07-31T23:58:45Z,782,0,0,15,4,0,1,1,1,1785540529
2026-07-31T23:58:45Z,783,6,3,13,0,0,1,1,1,1785541570
2026-07-31T23:58:45Z,784,8,2,11,0,0,1,1,1,1785542187
2026-07-31T23:58:45Z,785,9,2,4,6,0,1,1,1,1785541853
2026-07-31T23:58:45Z,786,5,3,13,1,0,1,1,1,1785541470
2026-07-31T23:58:45Z,787,5,3,9,1,0,1,1,1,1785541019
2026-07-31T23:58:45Z,788,5,1,10,0,0,1,1,1,1785542054
2026-07-31T23:58:45Z,789,7,2,4,4,0,1,1,1,1785542251
2026-07-31T23:58:45Z,790,3,1,19,1,0,1,1,1,1785542319
2026-07-31T23:58:45Z,791,8,1,10,0,1,1,1,1,1785542017
2026-07-31T23:58:45Z,793,3,0,11,1,0,1,1,1,1785541515
2026-07-31T23:58:45Z,794,3,1,24,2,0,1,1,1,1785541246
2026-07-31T23:58:45Z,796,5,3,13,1,0,1,1,1,1785542280
2026-07-31T23:58:45Z,797,9,1,6,0,0,1,1,1,1785542038
2026-07-31T23:58:45Z,798,16,1,8,1,0,1,1,1,1785542259
2026-07-31T23:58:45Z,799,13,2,2,4,0,1,1,1,1785542241
2026-07-31T23:58:45Z,800,4,2,16,1,0,1,1,1,1785541893
2026-07-31T23:58:45Z,801,1,1,19,1,0,1,1,1,1785542030
2026-07-31T23:58:45Z,802,8,0,23,0,0,1,1,1,1785540716
2026-07-31T23:58:45Z,803,2,0,13,0,0,1,1,1,1785542018
2026-07-31T23:58:45Z,806,5,3,9,1,0,1,1,1,1785541584
2026-07-31T23:58:45Z,807,2,2,21,2,0,1,1,1,1785542272
2026-07-31T23:58:45Z,808,1,1,21,3,0,1,1,1,1785541044
2026-07-31T23:58:45Z,809,4,1,18,1,0,1,1,1,1785542290
2026-07-31T23:58:45Z,810,3,1,14,2,0,1,1,1,1785540837
2026-07-31T23:58:45Z,815,0,0,10,4,1,1,1,1,1785541881
2026-07-31T23:58:45Z,817,11,5,4,0,0,1,1,1,1785541563
2026-07-31T23:58:45Z,818,5,1,17,1,0,1,1,1,1785541113
2026-07-31T23:58:45Z,819,5,3,10,0,0,1,1,1,1785537833
2026-07-31T23:58:45Z,820,11,1,6,0,0,1,1,1,1785542232
2026-07-31T23:58:45Z,821,6,3,9,0,0,1,1,1,1785540530
2026-07-31T23:58:45Z,822,8,0,14,1,0,1,1,1,1785542075
2026-07-31T23:58:45Z,823,11,0,4,0,0,1,1,1,1785542161
2026-07-31T23:58:45Z,824,13,5,5,1,0,1,1,1,1785542297
2026-07-31T23:58:45Z,825,7,6,8,0,0,1,1,1,1785538987
2026-07-31T23:58:45Z,826,8,0,9,2,0,1,1,1,1785541439
2026-07-31T23:58:45Z,827,14,4,5,2,0,1,1,1,1785541399
2026-07-31T23:58:45Z,828,11,0,6,1,0,1,1,1,1785541615
2026-07-31T23:58:45Z,829,19,7,8,0,0,1,1,1,1785541769
2026-07-31T23:58:45Z,830,17,0,5,1,0,1,1,1,1785540942
2026-07-31T23:58:45Z,831,6,3,7,2,0,1,1,1,1785542279
2026-07-31T23:58:45Z,832,8,3,7,3,0,1,1,1,1785542134
2026-07-31T23:58:45Z,833,4,1,14,1,0,1,1,1,1785541716
2026-07-31T23:58:45Z,834,12,0,11,1,0,1,1,1,1785542114
2026-07-31T23:58:45Z,835,2,1,13,3,0,1,1,1,1785542049
2026-07-31T23:58:45Z,838,6,4,7,2,0,1,1,1,1785541977
2026-07-31T23:58:45Z,839,11,0,16,2,0,1,1,1,1785542207
2026-07-31T23:58:45Z,840,2,0,26,1,0,1,1,1,1785542312
2026-07-31T23:58:45Z,841,8,2,7,0,0,1,1,1,1785541759
2026-07-31T23:58:45Z,842,2,1,21,0,0,1,1,1,1785541713
2026-07-31T23:58:45Z,843,15,2,16,0,0,1,1,1,1785542167
2026-07-31T23:58:45Z,844,4,0,19,0,0,1,1,1,1785542029
2026-07-31T23:58:45Z,845,5,3,12,2,0,1,1,1,1785542052
2026-07-31T23:58:45Z,846,4,2,13,2,0,1,1,1,1785541839
2026-07-31T23:58:45Z,847,7,1,20,0,0,1,1,1,1785541116
2026-07-31T23:58:45Z,848,3,2,15,1,0,1,1,1,1785542305
2026-07-31T23:58:45Z,849,7,0,7,1,0,1,1,1,1785540992
2026-07-31T23:58:45Z,850,10,1,1,0,0,1,1,1,1785541901
2026-07-31T23:58:45Z,851,1,1,33,3,0,1,1,1,1785541849
2026-07-31T23:58:45Z,852,13,6,6,0,0,1,1,1,1785541721
2026-07-31T23:58:45Z,853,11,5,12,0,0,1,1,1,1785540908
2026-07-31T23:58:45Z,854,2,1,13,0,0,1,1,1,1785540840
2026-07-31T23:58:45Z,855,22,0,5,0,0,1,1,1,1785541609
2026-07-31T23:58:45Z,857,6,4,11,2,0,1,1,1,1785541925
2026-07-31T23:58:45Z,858,5,2,13,1,0,1,1,1,1785540813
2026-07-31T23:58:45Z,859,10,1,10,1,0,1,1,1,1785542122
2026-07-31T23:58:45Z,861,7,0,3,1,0,1,1,1,1785542284
2026-07-31T23:58:45Z,862,3,2,12,0,0,1,1,1,1785541804
2026-07-31T23:58:45Z,863,14,1,4,1,0,1,1,1,1785534680
2026-07-31T23:58:45Z,866,11,1,8,0,0,1,1,1,1785542203
2026-07-31T23:58:45Z,867,14,2,1,0,0,1,1,1,1785541406
2026-07-31T23:58:45Z,868,7,0,8,0,0,1,1,1,1785541668
2026-07-31T23:58:45Z,870,8,4,7,0,0,1,1,1,1785541898
2026-07-31T23:58:45Z,871,0,0,10,1,0,1,1,1,1785541209
2026-07-31T23:58:45Z,872,1,0,13,1,0,1,1,1,1785541802
2026-07-31T23:58:45Z,873,4,0,28,1,0,1,1,1,1785542035
2026-07-31T23:58:45Z,874,8,3,4,3,0,1,1,1,1785542106
2026-07-31T23:58:45Z,875,12,8,1,2,0,1,1,1,1785542039
2026-07-31T23:58:45Z,877,12,11,6,1,0,1,1,1,1785541511
2026-07-31T23:58:45Z,878,3,3,16,0,0,1,1,1,1785542080
2026-07-31T23:58:45Z,879,1,0,18,0,0,1,1,1,1785541113
2026-07-31T23:58:45Z,880,2,1,20,1,0,1,1,1,1785542041
2026-07-31T23:58:45Z,881,3,0,16,0,0,1,1,1,1785541946
2026-07-31T23:58:45Z,882,10,4,8,1,0,1,1,1,1785540148
2026-07-31T23:58:45Z,883,8,3,11,0,0,1,1,1,1785540308
2026-07-31T23:58:45Z,884,9,6,12,0,0,1,1,1,1785541541
2026-07-31T23:58:45Z,885,0,0,19,0,0,1,1,1,1785541747
2026-07-31T23:58:45Z,886,2,0,25,2,0,1,1,1,1785542119
2026-07-31T23:58:45Z,887,6,0,7,4,0,1,1,1,1785542159
2026-07-31T23:58:45Z,888,26,2,13,2,0,1,1,1,1785542225
2026-07-31T23:58:45Z,889,8,0,9,2,0,1,1,1,1785542295
2026-07-31T23:58:45Z,890,5,2,10,0,0,1,1,1,1785540679
2026-07-31T23:58:45Z,891,18,1,4,1,0,1,1,1,1785541294
2026-07-31T23:58:45Z,892,10,0,5,0,0,1,1,1,1785536903
2026-07-31T23:58:45Z,895,1,0,18,0,0,1,1,1,1785541250
2026-07-31T23:58:45Z,896,6,2,29,0,0,1,1,1,1785541874
2026-07-31T23:58:45Z,897,15,0,6,0,0,1,1,1,1785541982
2026-07-31T23:58:45Z,898,2,0,17,0,0,1,1,1,1785541649
2026-07-31T23:58:45Z,899,17,0,0,2,0,1,1,1,1785541987
2026-07-31T23:58:45Z,900,2,0,24,1,0,1,1,1,1785542253
2026-07-31T23:58:45Z,901,2,0,16,1,0,1,1,1,1785541753
2026-07-31T23:58:45Z,902,3,1,12,0,0,1,1,1,1785542111
2026-07-31T23:58:45Z,903,8,1,11,0,0,1,1,1,1785541155
2026-07-31T23:58:45Z,904,10,4,8,1,0,1,1,1,1785542056
2026-07-31T23:58:45Z,905,16,4,10,1,0,1,1,1,1785541868
2026-07-31T23:58:45Z,906,13,11,14,0,0,1,1,1,1785542200
2026-07-31T23:58:45Z,907,12,0,17,2,0,1,1,1,1785541744
2026-07-31T23:58:45Z,908,11,1,12,0,0,1,1,1,1785542079
2026-07-31T23:58:45Z,909,4,3,19,0,0,1,1,1,1785542321
2026-07-31T23:58:45Z,910,30,0,0,1,0,1,1,1,1785542105
2026-07-31T23:58:45Z,911,2,1,17,0,0,1,1,1,1785541582
2026-07-31T23:58:45Z,912,7,0,15,1,0,1,1,1,1785542203
2026-07-31T23:58:45Z,913,5,3,14,0,0,1,1,1,1785540768
2026-07-31T23:58:45Z,914,7,1,9,3,0,1,1,1,1785542167
2026-07-31T23:58:45Z,915,8,3,12,3,0,1,1,1,1785542295
2026-07-31T23:58:45Z,916,0,0,23,0,0,1,1,1,1785542321
2026-07-31T23:58:45Z,917,5,0,29,1,0,1,1,1,1785542012
2026-07-31T23:58:45Z,918,2,2,15,2,0,1,1,1,1785542268
2026-07-31T23:58:45Z,919,16,1,23,0,0,1,1,1,1785542320
2026-07-31T23:58:45Z,920,6,1,12,1,0,1,1,1,1785541739
2026-07-31T23:58:45Z,921,15,1,6,0,0,1,1,1,1785541755
2026-07-31T23:58:45Z,922,0,0,21,0,0,1,1,1,1785542214
2026-07-31T23:58:45Z,923,5,5,14,0,0,1,1,1,1785541974
2026-07-31T23:58:45Z,924,6,1,14,1,0,1,1,1,1785540944
2026-07-31T23:58:45Z,925,11,0,10,0,0,1,1,1,1785542275
2026-07-31T23:58:45Z,926,2,0,19,0,0,1,1,1,1785540524
2026-07-31T23:58:45Z,927,16,2,19,0,0,1,1,1,1785542319
2026-07-31T23:58:45Z,928,0,0,19,0,0,0,1,1,1785500252
2026-07-31T23:58:45Z,929,1,0,20,2,0,1,1,1,1785541494
2026-07-31T23:58:45Z,930,22,0,8,1,0,1,1,1,1785542321
2026-07-31T23:58:45Z,931,6,3,16,1,0,1,1,1,1785542314
2026-07-31T23:58:45Z,932,10,0,5,4,0,1,1,1,1785542239
2026-07-31T23:58:45Z,933,12,2,8,3,0,1,1,1,1785542199
2026-07-31T23:58:45Z,934,25,0,4,2,0,1,1,1,1785542108
2026-07-31T23:58:45Z,935,17,0,0,2,0,1,1,1,1785542313
2026-07-31T23:58:45Z,936,3,0,16,0,0,1,1,1,1785541835
2026-07-31T23:58:45Z,940,4,0,6,1,0,1,1,1,1785541645
2026-07-31T23:58:45Z,941,19,3,3,3,0,1,1,1,1785541945
2026-07-31T23:58:45Z,942,14,4,7,0,0,1,1,1,1785541255
2026-07-31T23:58:45Z,943,8,8,7,0,0,1,1,1,1785541880
2026-07-31T23:58:45Z,944,10,8,5,0,0,1,1,1,1785541733
2026-07-31T23:58:45Z,945,7,5,8,0,0,1,1,1,1785541257
2026-07-31T23:58:45Z,946,7,5,12,0,0,1,1,1,1785523835
2026-07-31T23:58:45Z,947,4,3,13,0,0,1,1,1,1785542281
2026-07-31T23:58:45Z,948,8,7,19,4,0,1,1,1,1785542235
2026-07-31T23:58:45Z,949,2,2,13,0,0,1,1,1,1785541851
2026-07-31T23:58:45Z,950,1,0,15,1,0,1,1,1,1785542062
2026-07-31T23:58:45Z,951,15,6,8,0,0,1,1,1,1785542061
2026-07-31T23:58:45Z,952,31,3,22,2,0,1,1,1,1785541969
2026-07-31T23:58:45Z,953,5,0,9,1,0,1,1,1,1785542073
2026-07-31T23:58:45Z,954,8,0,11,0,0,1,1,1,1785541904
2026-07-31T23:58:45Z,955,9,9,12,6,0,1,1,1,1785541278
2026-07-31T23:58:45Z,956,20,0,1,2,0,1,1,1,1785542129
2026-07-31T23:58:45Z,957,27,3,1,1,0,1,1,1,1785542282
2026-07-31T23:58:45Z,958,31,1,0,0,0,1,1,1,1785541671
2026-07-31T23:58:45Z,959,2,1,20,1,0,1,1,1,1785541998
2026-07-31T23:58:45Z,960,5,2,18,0,0,1,1,1,1785542211
2026-07-31T23:58:45Z,961,3,1,17,3,0,1,1,1,1785541546
2026-07-31T23:58:45Z,962,10,0,22,3,0,1,1,1,1785541148
2026-07-31T23:58:45Z,963,22,1,0,1,0,1,1,1,1785542103
2026-07-31T23:58:45Z,964,10,8,12,1,0,1,1,1,1785542299
2026-07-31T23:58:45Z,965,13,6,13,1,0,1,1,1,1785542167
2026-07-31T23:58:45Z,966,29,6,0,2,0,1,1,1,1785542005
2026-07-31T23:58:45Z,967,18,2,1,2,0,1,1,1,1785542227
2026-07-31T23:58:45Z,968,5,0,14,0,0,1,1,1,1785541776
2026-07-31T23:58:45Z,969,5,1,20,2,0,1,1,1,1785542178
2026-07-31T23:58:45Z,970,2,0,16,1,0,1,1,1,1785542118
2026-07-31T23:58:45Z,971,2,0,20,1,0,1,1,1,1785542137
2026-07-31T23:58:45Z,972,10,4,12,1,0,1,1,1,1785541776
2026-07-31T23:58:45Z,973,9,3,13,1,0,1,1,1,1785542132
2026-07-31T23:58:45Z,974,8,0,19,0,0,1,1,1,1785542188
2026-07-31T23:58:45Z,977,3,3,16,2,0,1,1,1,1785542013
2026-07-31T23:58:45Z,978,19,1,4,0,0,1,1,1,1785541119
2026-07-31T23:58:45Z,979,1,1,16,0,0,1,1,1,1785542183
2026-07-31T23:58:45Z,980,6,0,14,1,0,1,1,1,1785541481
2026-07-31T23:58:45Z,981,14,1,7,0,0,1,1,1,1785542294
2026-07-31T23:58:45Z,982,3,0,14,2,0,1,1,1,1785541816
2026-07-31T23:58:45Z,983,2,2,21,0,0,1,1,1,1785542292
2026-07-31T23:58:45Z,984,5,0,18,0,0,1,1,1,1785541652
2026-07-31T23:58:45Z,985,6,0,24,1,0,1,1,1,1785542201
2026-07-31T23:58:45Z,986,4,0,15,0,0,1,1,1,1785541818
2026-07-31T23:58:45Z,987,6,0,17,0,0,1,1,1,1785540590
2026-07-31T23:58:45Z,988,4,2,14,1,0,1,1,1,1785541994
2026-07-31T23:58:45Z,989,7,4,12,0,0,1,1,1,1785540973
2026-07-31T23:58:45Z,990,13,1,1,1,0,1,1,1,1785541974
2026-07-31T23:58:45Z,991,8,0,10,1,0,1,1,1,1785541738
2026-07-31T23:58:45Z,992,9,5,14,0,0,1,1,1,1785540807
2026-07-31T23:58:45Z,993,4,3,21,2,0,1,1,1,1785542203
2026-07-31T23:58:45Z,994,0,0,21,0,0,1,1,1,1785541918
2026-07-31T23:58:45Z,995,8,3,19,0,0,1,1,1,1785542086
2026-07-31T23:58:45Z,996,7,2,16,0,0,1,1,1,1785541913
2026-07-31T23:58:45Z,997,15,7,8,0,0,1,1,1,1785542197
2026-07-31T23:58:45Z,998,6,4,17,0,0,1,1,1,1785542169
2026-07-31T23:58:45Z,999,4,1,15,1,1,1,1,1,1785542014
2026-07-31T23:58:45Z,1000,0,0,21,0,0,1,1,1,1785540887
2026-07-31T23:58:45Z,1001,5,3,22,0,0,1,1,1,1785542247
2026-07-31T23:58:45Z,1002,1,0,29,1,0,1,1,1,1785542280
2026-07-31T23:58:45Z,1003,3,2,20,0,0,1,1,1,1785541801
2026-07-31T23:58:45Z,1004,8,2,15,0,0,1,1,1,1785541296
2026-07-31T23:58:45Z,1005,20,1,3,0,0,1,1,1,1785541992
2026-07-31T23:58:45Z,1006,8,4,11,0,0,1,1,1,1785541791
2026-07-31T23:58:45Z,1007,3,1,18,0,0,1,1,1,1785541437
2026-07-31T23:58:45Z,1008,8,7,15,0,0,1,1,1,1785540981
2026-07-31T23:58:45Z,1009,22,5,8,1,0,1,1,1,1785541086
2026-07-31T23:58:45Z,1010,7,2,20,0,0,1,1,1,1785541715
2026-07-31T23:58:45Z,1011,7,2,10,2,0,1,1,1,1785542163
2026-07-31T23:58:45Z,1012,5,3,16,2,0,1,1,1,1785541765
2026-07-31T23:58:45Z,1013,4,1,18,1,0,1,1,1,1785542169
2026-07-31T23:58:45Z,1014,8,3,14,1,0,1,1,1,1785542293
2026-07-31T23:58:45Z,1015,4,3,26,1,0,1,1,1,1785540838
2026-07-31T23:58:45Z,1016,10,5,21,0,0,1,1,1,1785541738
2026-07-31T23:58:45Z,1017,13,5,8,0,0,1,1,1,1785541155
2026-07-31T23:58:45Z,1018,6,2,16,0,0,1,1,1,1785541843
2026-07-31T23:58:45Z,1019,8,5,7,0,0,1,1,1,1785541693
2026-07-31T23:58:45Z,1020,19,5,2,0,0,1,1,1,1785541019
2026-07-31T23:58:45Z,1021,9,4,6,0,0,1,1,1,1785540681
2026-07-31T23:58:45Z,1022,14,0,13,0,0,1,1,1,1785541985
2026-07-31T23:58:45Z,1023,14,2,9,0,0,1,1,1,1785541602
2026-07-31T23:58:45Z,1024,3,1,16,0,0,1,1,1,1785540741
2026-07-31T23:58:45Z,1025,3,0,15,0,1,1,1,1,1785541975
2026-07-31T23:58:45Z,1026,10,8,19,2,0,1,1,1,1785541345
2026-07-31T23:58:45Z,1028,3,1,20,0,0,1,1,1,1785541939
2026-07-31T23:58:45Z,1029,11,9,4,0,0,1,1,1,1785540993
2026-07-31T23:58:45Z,1030,13,4,10,0,0,1,1,1,1785540819
2026-07-31T23:58:45Z,1031,10,1,9,0,0,1,1,1,1785542114
2026-07-31T23:58:45Z,1032,7,1,12,0,0,1,1,1,1785541786
2026-07-31T23:58:45Z,1033,10,6,9,0,0,1,1,1,1785540801
2026-07-31T23:58:45Z,1034,3,0,12,0,0,1,1,1,1785541761
2026-07-31T23:58:45Z,1035,1,0,17,1,0,1,1,1,1785541787
2026-07-31T23:58:45Z,1036,12,0,3,0,0,1,1,1,1785540839
2026-07-31T23:58:45Z,1037,3,1,15,1,0,1,1,1,1785542220
2026-07-31T23:58:45Z,1038,2,0,13,0,0,1,1,1,1785541787
2026-07-31T23:58:45Z,1039,6,0,13,0,0,1,1,1,1785541937
2026-07-31T23:58:45Z,1040,8,5,11,0,0,1,1,1,1785541845
2026-07-31T23:58:45Z,1041,11,2,8,0,0,1,1,1,1785541708
2026-07-31T23:58:45Z,1042,3,0,11,1,0,1,1,1,1785542005
2026-07-31T23:58:45Z,1043,8,3,11,0,0,1,1,1,1785541871
2026-07-31T23:58:45Z,1044,4,3,11,0,0,1,1,1,1785541504
2026-07-31T23:58:45Z,1045,7,0,12,0,0,1,1,1,1785541773
2026-07-31T23:58:45Z,1046,9,0,6,0,0,1,1,1,1785541137
2026-07-31T23:58:45Z,1047,4,2,17,0,0,1,1,1,1785540746
2026-07-31T23:58:45Z,1048,4,2,15,0,0,1,1,1,1785541749
2026-07-31T23:58:45Z,1049,2,1,19,0,0,1,1,1,1785541863
2026-07-31T23:58:45Z,1050,19,3,2,0,0,1,1,1,1785541151
2026-07-31T23:58:45Z,1051,8,4,13,0,0,1,1,1,1785541079
2026-07-31T23:58:45Z,1052,17,1,4,1,0,1,1,1,1785541655
2026-07-31T23:58:45Z,1053,2,1,13,0,0,1,1,1,1785541643
2026-07-31T23:58:45Z,1054,7,2,8,0,0,1,1,1,1785541890
2026-07-31T23:58:45Z,1055,8,0,11,0,0,1,1,1,1785541921
2026-07-31T23:58:45Z,1057,2,0,17,0,0,1,1,1,1785542023
2026-07-31T23:58:45Z,1058,2,0,54,0,0,1,1,1,1785542321
2026-07-31T23:58:45Z,1059,6,2,12,1,0,1,1,1,1785541763
2026-07-31T23:58:45Z,1060,16,0,19,2,0,1,1,1,1785542234
2026-07-31T23:58:45Z,1061,25,3,12,0,0,1,1,1,1785542304
2026-07-31T23:58:45Z,1062,14,0,3,0,0,1,1,1,1785542227
2026-07-31T23:58:45Z,1063,12,1,6,1,0,1,1,1,1785541830
2026-07-31T23:58:45Z,1064,6,0,16,1,0,1,1,1,1785542207
2026-07-31T23:58:45Z,1065,13,3,10,0,0,1,1,1,1785541039
2026-07-31T23:58:45Z,1066,12,3,11,0,0,1,1,1,1785542272
2026-07-31T23:58:45Z,1067,7,1,14,2,0,1,1,1,1785540732
2026-07-31T23:58:45Z,1068,6,2,14,3,0,1,1,1,1785542100
2026-07-31T23:58:45Z,1069,12,3,11,0,0,1,1,1,1785542087
2026-07-31T23:58:45Z,1070,12,2,11,0,0,1,1,1,1785542191
2026-07-31T23:58:45Z,1071,8,4,15,0,0,1,1,1,1785542229
2026-07-31T23:58:45Z,1072,11,1,11,1,0,1,1,1,1785540645
2026-07-31T23:58:45Z,1073,5,0,21,1,0,1,1,1,1785541569
2026-07-31T23:58:45Z,1074,25,1,27,1,0,1,1,1,1785542290
2026-07-31T23:58:45Z,1075,8,8,13,0,0,1,1,1,1785541124
2026-07-31T23:58:45Z,1076,13,10,8,0,0,1,1,1,1785541594
2026-07-31T23:58:45Z,1077,13,8,8,0,0,1,1,1,1785540927
2026-07-31T23:58:45Z,1078,9,8,12,0,0,1,1,1,1785541079
2026-07-31T23:58:45Z,1079,12,8,9,0,0,1,1,1,1785541697
2026-07-31T23:58:45Z,1080,12,9,7,2,0,1,1,1,1785541625
2026-07-31T23:58:45Z,1081,11,6,8,0,0,1,1,1,1785542308
2026-07-31T23:58:45Z,1082,11,9,11,1,0,1,1,1,1785541697
2026-07-31T23:58:45Z,1083,12,11,9,0,0,1,1,1,1785541968
2026-07-31T23:58:45Z,1084,9,7,12,0,0,1,1,1,1785541582
2026-07-31T23:58:45Z,1085,12,9,9,0,0,1,1,1,1785541308
2026-07-31T23:58:45Z,1086,10,9,10,1,0,1,1,1,1785542001
2026-07-31T23:58:45Z,1087,9,7,6,0,0,1,1,1,1785541053
2026-07-31T23:58:45Z,1088,8,7,7,0,0,1,1,1,1785541831
2026-07-31T23:58:45Z,1089,9,7,6,0,0,1,1,1,1785541463
2026-07-31T23:58:45Z,1090,8,7,7,0,0,1,1,1,1785542281
2026-07-31T23:58:45Z,1091,6,4,9,0,0,1,1,1,1785540960
2026-07-31T23:58:45Z,1092,8,7,7,0,0,1,1,1,1785542159
2026-07-31T23:58:45Z,1093,5,5,9,1,0,1,1,1,1785541020
2026-07-31T23:58:45Z,1094,10,9,9,0,0,1,1,1,1785541782
2026-07-31T23:58:45Z,1095,10,8,5,0,0,1,1,1,1785541750
2026-07-31T23:58:45Z,1096,13,8,6,0,0,1,1,1,1785542162
2026-07-31T23:58:45Z,1097,8,8,7,0,0,1,1,1,1785540530
2026-07-31T23:58:45Z,1098,10,7,9,0,0,1,1,1,1785541390
2026-07-31T23:58:45Z,1099,7,6,8,0,0,1,1,1,1785541616
2026-07-31T23:58:45Z,1100,6,4,23,0,0,1,1,1,1785532207
2026-07-31T23:58:45Z,1101,8,3,13,0,0,1,1,1,1785541549
2026-07-31T23:58:45Z,1102,9,4,4,0,0,1,1,1,1785540734
2026-07-31T23:58:45Z,1103,12,6,9,0,0,1,1,1,1785542174
2026-07-31T23:58:45Z,1104,11,6,10,0,0,1,1,1,1785541301
2026-07-31T23:58:45Z,1105,8,4,5,0,0,1,1,1,1785540615
2026-07-31T23:58:45Z,1106,10,5,11,0,0,1,1,1,1785541641
2026-07-31T23:58:45Z,1107,8,4,7,0,0,1,1,1,1785541874
2026-07-31T23:58:45Z,1108,8,4,16,2,1,1,1,1,1785540678
2026-07-31T23:58:45Z,1109,7,3,8,0,0,1,1,1,1785541812
2026-07-31T23:58:45Z,1110,11,3,10,0,0,1,1,1,1785541163
2026-07-31T23:58:45Z,1111,12,3,8,1,0,1,1,1,1785541345
2026-07-31T23:58:45Z,1112,30,4,23,0,0,1,1,1,1785542221
2026-07-31T23:58:45Z,1113,0,0,21,0,0,1,1,1,1785541071
2026-07-31T23:58:45Z,1115,16,2,3,4,0,1,1,1,1785540671
2026-07-31T23:58:45Z,1116,7,1,12,0,0,1,1,1,1785542011
2026-07-31T23:58:45Z,1117,6,0,16,1,0,1,1,1,1785542247
2026-07-31T23:58:45Z,1118,16,2,4,1,0,1,1,1,1785541994
2026-07-31T23:58:45Z,1119,8,2,9,0,0,1,1,1,1785541985
2026-07-31T23:58:45Z,1120,6,0,12,1,0,1,1,1,1785541897
2026-07-31T23:58:45Z,1121,11,1,9,1,0,1,1,1,1785542300
2026-07-31T23:58:45Z,1122,7,3,13,1,0,1,1,1,1785542239
2026-07-31T23:58:45Z,1123,13,8,8,2,0,1,1,1,1785542251
2026-07-31T23:58:45Z,1124,5,1,9,1,0,1,1,1,1785541751
2026-07-31T23:58:45Z,1125,17,1,6,0,0,1,1,1,1785542190
2026-07-31T23:58:45Z,1126,4,1,17,0,0,1,1,1,1785541647
2026-07-31T23:58:45Z,1127,1,0,18,0,0,1,1,1,1785542125
2026-07-31T23:58:45Z,1128,3,0,12,0,0,1,1,1,1785541767
2026-07-31T23:58:45Z,1129,0,0,19,2,0,1,1,1,1785541942
2026-07-31T23:58:45Z,1130,15,0,0,0,0,1,1,1,1785542298
2026-07-31T23:58:45Z,1131,2,0,46,1,0,1,1,1,1785541290
2026-07-31T23:58:45Z,1132,10,1,10,1,0,1,1,1,1785541943
2026-07-31T23:58:45Z,1133,0,0,19,2,0,1,1,1,1785541625
2026-07-31T23:58:45Z,1134,12,6,7,0,0,1,1,1,1785542321
2026-07-31T23:58:45Z,1135,12,6,9,0,0,1,1,1,1785541447
2026-07-31T23:58:45Z,1136,12,0,10,1,0,1,1,1,1785542144
2026-07-31T23:58:45Z,1137,9,1,6,0,0,1,1,1,1785542255
2026-07-31T23:58:45Z,1138,5,0,14,0,0,1,1,1,1785541890
2026-07-31T23:58:45Z,1139,10,3,10,1,0,1,1,1,1785542048
2026-07-31T23:58:45Z,1140,0,0,20,3,0,1,1,1,1785542222
2026-07-31T23:58:45Z,1141,18,2,0,3,0,1,1,1,1785541714
2026-07-31T23:58:45Z,1142,2,0,19,0,0,1,1,1,1785541429
2026-07-31T23:58:45Z,1143,24,0,4,1,0,1,1,1,1785542228
2026-07-31T23:58:45Z,1144,8,0,12,1,0,1,1,1,1785540898
2026-07-31T23:58:45Z,1145,11,5,9,1,0,1,1,1,1785542223
2026-07-31T23:58:45Z,1146,7,1,8,4,0,1,1,1,1785542173
2026-07-31T23:58:45Z,1147,18,1,1,0,0,1,1,1,1785542059
2026-07-31T23:58:45Z,1148,2,1,29,0,0,1,1,1,1785542012
2026-07-31T23:58:45Z,1149,2,1,18,5,0,1,1,1,1785542009
2026-07-31T23:58:45Z,1150,0,0,19,0,0,1,1,1,1785541812
2026-07-31T23:58:45Z,1151,8,0,13,0,0,1,1,1,1785540655
2026-07-31T23:58:45Z,1152,7,1,22,0,0,1,1,1,1785541857
2026-07-31T23:58:45Z,1153,20,3,2,1,0,1,1,1,1785542160
2026-07-31T23:58:45Z,1154,6,1,13,0,0,1,1,1,1785541193
2026-07-31T23:58:45Z,1155,6,5,11,4,0,1,1,1,1785542002
2026-07-31T23:58:45Z,1158,3,1,16,0,0,1,1,1,1785541691
2026-07-31T23:58:45Z,1159,14,2,5,0,0,1,1,1,1785542094
2026-07-31T23:58:45Z,1160,6,2,13,0,0,1,1,1,1785540904
2026-07-31T23:58:45Z,1161,3,0,15,1,0,1,1,1,1785542192
2026-07-31T23:58:45Z,1162,4,0,15,0,0,1,1,1,1785540633
2026-07-31T23:58:45Z,1163,2,1,16,1,0,1,1,1,1785541813
2026-07-31T23:58:45Z,1164,5,1,14,0,0,1,1,1,1785541868
2026-07-31T23:58:45Z,1165,1,0,20,0,0,1,1,1,1785540803
2026-07-31T23:58:45Z,1166,13,3,7,1,0,1,1,1,1785542161
2026-07-31T23:58:45Z,1167,4,0,11,0,0,1,1,1,1785541531
2026-07-31T23:58:45Z,1168,3,0,18,2,0,1,1,1,1785542319
2026-07-31T23:58:45Z,1169,3,0,15,1,0,1,1,1,1785541715
2026-07-31T23:58:45Z,1170,5,1,16,0,0,1,1,1,1785542317
2026-07-31T23:58:45Z,1171,7,7,16,0,0,1,1,1,1785541828
2026-07-31T23:58:45Z,1172,6,0,7,2,0,1,1,1,1785541869
2026-07-31T23:58:45Z,1173,13,4,6,0,0,1,1,1,1785541975
2026-07-31T23:58:45Z,1174,4,0,11,0,0,1,1,1,1785541609
2026-07-31T23:58:45Z,1175,4,2,15,0,0,1,1,1,1785535612
2026-07-31T23:58:45Z,1176,8,2,13,0,0,1,1,1,1785541207
2026-07-31T23:58:45Z,1177,2,1,19,0,0,1,1,1,1785541157
2026-07-31T23:58:45Z,1178,5,2,10,0,0,1,1,1,1785541523
2026-07-31T23:58:45Z,1181,9,1,6,0,0,1,1,1,1785542084
2026-07-31T23:58:45Z,1182,16,7,4,0,0,1,1,1,1785542239
2026-07-31T23:58:45Z,1183,2,0,41,2,0,1,1,1,1785542005
2026-07-31T23:58:45Z,1184,13,8,3,5,0,1,1,1,1785542292
2026-07-31T23:58:45Z,1185,10,6,11,0,0,1,1,1,1785541277
2026-07-31T23:58:45Z,1186,9,5,10,0,0,1,1,1,1785542245
2026-07-31T23:58:45Z,1187,10,5,10,1,0,1,1,1,1785540644
2026-07-31T23:58:45Z,1188,10,5,5,0,0,1,1,1,1785541872
2026-07-31T23:58:45Z,1189,8,3,11,0,0,1,1,1,1785542008
2026-07-31T23:58:45Z,1190,9,4,12,0,0,1,1,1,1785541429
2026-07-31T23:58:45Z,1191,10,5,5,0,0,1,1,1,1785541872
2026-07-31T23:58:45Z,1192,11,7,9,1,0,1,1,1,1785541794
2026-07-31T23:58:45Z,1193,6,4,5,2,0,1,1,1,1785540832
2026-07-31T23:58:45Z,1197,9,6,7,1,0,1,1,1,1785542135
2026-07-31T23:58:45Z,1198,13,4,6,2,0,1,1,1,1785542319
2026-07-31T23:58:45Z,1199,3,0,16,0,0,1,1,1,1785542316
2026-07-31T23:58:45Z,1200,7,4,8,0,0,1,1,1,1785541913
2026-07-31T23:58:45Z,1201,9,4,6,0,0,1,1,1,1785541884
2026-07-31T23:58:45Z,1202,11,6,4,0,0,1,1,1,1785541984
2026-07-31T23:58:45Z,1203,12,5,3,0,0,1,1,1,1785541893
2026-07-31T23:58:45Z,1204,8,4,11,0,0,1,1,1,1785542051
2026-07-31T23:58:45Z,1206,10,5,11,0,0,1,1,1,1785541512
2026-07-31T23:58:45Z,1207,8,4,6,1,0,1,1,1,1785542201
2026-07-31T23:58:45Z,1208,10,4,9,0,0,1,1,1,1785542156
2026-07-31T23:58:45Z,1216,9,0,11,1,0,1,1,1,1785541132
2026-07-31T23:58:45Z,1218,2,0,19,0,0,1,1,1,1785541531
2026-07-31T23:58:45Z,1219,2,1,10,3,0,1,1,1,1785541809
2026-07-31T23:58:45Z,1220,17,6,2,0,0,1,1,1,1785542314
2026-07-31T23:58:45Z,1221,1,1,19,1,0,1,1,1,1785540885
2026-07-31T23:58:45Z,1222,29,2,0,0,0,1,1,1,1785541968
2026-07-31T23:58:45Z,1223,23,2,5,1,0,1,1,1,1785541999
2026-07-31T23:58:45Z,1226,0,0,3,0,0,0,1,1,1781868931
2026-07-31T23:58:45Z,1227,4,0,20,1,0,1,1,1,1785541517
2026-07-31T23:58:45Z,1228,1,0,27,1,0,1,1,1,1785542322
2026-07-31T23:58:45Z,1229,39,0,5,1,0,1,1,1,1785542277
